0volume,0demand,0up_spill,0ww_inflow,0catch_inflow,0evap,0ds_spill,0treat_cap,1volume,1demand,1up_spill,1ww_inflow,1catch_inflow,1evap,1ds_spill,1treat_cap,2volume,2s_area,2demand,2up_spill,2ww_inflow,2catch_inflow,2evap,2ds_spill,2treat_cap,2valloc_0,2talloc_0,2valloc_1,2talloc_1,3volume,3demand,3up_spill,3ww_inflow,3catch_inflow,3evap,3ds_spill,3treat_cap,3valloc_0,3talloc_0,3valloc_1,3talloc_1,3valloc_2,3talloc_2,4demand,4up_spill,4ww_inflow,4catch_inflow,4ds_spill,4treat_cap,11volume,11s_area,11demand,11up_spill,11ww_inflow,11catch_inflow,11evap,11ds_spill,11treat_cap
72.29,2.09704,0,0,4.35192,0.310704,1.94418,3.6288,61.308,0,0,0,1.86808,0.17385,1.69423,0.66528,12.849,1,0.372733,1.94418,0,121.885,3.5638,119.893,0.84672,12.849,0.84672,3695.15,0,18.483,0,2.46062,0,10.2775,1.05485,11.6833,0.42336,0,0,18.483,0.42336,442.007,0,1.12031,0,0,3.58093,2.46062,1.028160,1,0,133.271,0,0,0,133.271,0
72.29,2.09778,0,0,4.5918,0.310704,2.18331,3.6288,61.308,0.0711063,0,0,2.2643,0.17385,2.01935,0.66528,12.849,1,0.372865,2.18331,0,92.6346,3.5638,90.8813,0.84672,12.849,0.84672,3695.15,0,18.483,0.021437,2.88947,1.32838,12.9707,1.05485,16.1123,0.42336,0,0,18.483,0.42336,442.007,0,1.02816,0,0,3.91763,2.88947,1.028160,1,0,109.013,0,0,0,109.013,0
72.29,2.09853,0,0,4.78729,0.310704,2.37806,3.6288,61.308,0.0714114,0,0,2.20428,0.17385,1.95902,0.66528,12.849,1,0.372997,2.37806,0,64.4179,3.5638,62.8592,0.84672,12.849,0.84672,3695.15,0,18.483,0.0215289,3.26519,1.32885,11.7443,1.05485,15.2619,0.42336,0,0,18.483,0.42336,442.007,0,1.02816,0,0,4.29335,3.26519,1.028160,1,0,80.0801,0,0,0,80.0801,0
72.29,2.09927,0,0,6.96965,0.317689,4.5527,3.6288,61.308,0.0717166,0,0,2.1282,0.182589,1.87389,0.66528,12.849,1,0.373129,4.5527,0,140.162,3.62757,140.714,0.84672,12.849,0.84672,3695.15,0,18.483,0.021621,3.3057,1.32933,16.942,1.07711,20.4783,0.42336,0,0,18.483,0.42336,442.007,0,1.02816,0,0,4.33386,3.3057,1.028160,1,0,163.066,0,0,0,163.066,0
72.29,2.30484,0,0,6.71336,0.353223,4.05529,3.6288,61.308,0.173377,0,0,2.1758,0.197691,1.80473,0.66528,12.849,1,0.409669,4.05529,0,129.967,4.20246,129.41,0.84672,12.849,0.84672,3695.15,0,18.483,0.0522692,3.09775,1.3298,13.2406,1.21429,16.4016,0.42336,0,0,18.483,0.42336,442.007,0,1.02816,0,0,4.12591,3.09775,1.028160,1,0,147.617,0,0,0,147.617,0
72.29,2.30566,0,0,5.67062,0.348964,3.016,3.6288,61.308,0.173718,0,0,1.98975,0.182013,1.63402,0.66528,12.849,1,0.409814,3.016,0,109.071,4.37094,107.307,0.84672,12.849,0.84672,3695.15,0,18.483,0.0523721,2.30413,1.47739,14.2331,1.24418,16.7181,0.42336,0,0,18.483,0.42336,442.007,0,1.02816,0,0,3.33229,2.30413,1.028160,1,0,125.659,0,0,0,125.659,0
72.29,2.30648,0,0,5.16959,0.355583,2.50753,3.6288,61.308,0.174059,0,0,2.29027,0.169516,1.9467,0.66528,12.849,1,0.409959,2.50753,0,112.838,3.9513,110.985,0.84672,12.849,0.84672,3695.15,0,18.483,0.052475,2.93257,1.47791,11.6664,1.10371,14.9207,0.42336,0,0,18.483,0.42336,442.007,0,1.02816,0,0,3.96073,2.93257,1.028160,1,0,127.852,0,0,0,127.852,0
72.29,2.30729,0,0,4.98506,0.360546,2.31722,3.6288,61.308,0.174401,0,0,2.34505,0.160144,2.01051,0.66528,12.849,1,0.410104,2.31722,0,126.527,3.63657,124.797,0.84672,12.849,0.84672,3695.15,0,18.483,0.0525779,2.97305,1.47844,13.567,0.998368,16.9676,0.42336,0,0,18.483,0.42336,442.007,0,1.02816,0,0,4.00121,2.97305,1.028160,1,0,143.775,0,0,0,143.775,0
72.29,2.01554,0,0,6.25763,0.337513,3.90458,3.6288,61.308,0.0385301,0,0,2.82188,0.165702,2.61764,0.66528,12.849,1,0.358248,3.90458,0,128.852,3.73083,128.667,0.84672,12.849,0.84672,3695.15,0,18.483,0.011616,3.37506,1.47896,16.9693,0.948794,20.8629,0.42336,0,0,18.483,0.42336,442.007,0,1.02816,0,0,4.40322,3.37506,1.028160,1,0,152.148,0,0,0,152.148,0
72.29,2.01626,0,0,6.96669,0.320239,4.6302,3.6288,61.308,0.0388235,0,0,2.63841,0.16987,2.42972,0.66528,12.849,1,0.358374,4.6302,0,124.876,3.80152,125.346,0.84672,12.849,0.84672,3695.15,0,18.483,0.0117044,4.24659,1.27795,17.7314,0.911613,22.3326,0.42336,0,0,18.483,0.42336,442.007,0,1.02816,0,0,5.27475,4.24659,1.028160,1,0,150.108,0,0,0,150.108,0
72.29,2.01697,0,0,9.04539,0.320239,6.70818,3.6288,61.308,0.039117,0,0,2.86993,0.16987,2.66094,0.66528,12.849,1,0.358501,6.70818,0,146.187,3.80152,148.735,0.84672,12.849,0.84672,3695.15,0,18.483,0.0117929,4.89465,1.2784,22.9801,0.911613,28.2297,0.42336,0,0,18.483,0.42336,442.007,0,1.02816,0,0,5.92281,4.89465,1.028160,1,0,179.626,0,0,0,179.626,0
72.29,2.01768,0,0,8.57226,0.318873,6.23571,3.6288,61.308,0.0394105,0,0,2.7365,0.158416,2.53868,0.66528,12.849,1,0.358628,6.23571,0,161.504,3.62222,163.759,0.84672,12.849,0.84672,3695.15,0,18.483,0.0118814,4.79517,1.27885,20.6029,0.880903,25.7842,0.42336,0,0,18.483,0.42336,442.007,0,1.02816,0,0,5.82333,4.79517,1.028160,1,0,192.082,0,0,0,192.082,0
72.29,2.0184,0,0,13.0675,0.320978,10.7281,3.6288,61.308,0.0397041,0,0,3.8496,0.183488,3.62641,0.66528,12.849,1,0.358755,10.7281,0,262.278,4.37028,268.278,0.84672,12.849,0.84672,3695.15,0,18.483,0.0119699,5.51692,1.27931,34.0654,1.04491,39.8047,0.42336,0,0,18.483,0.42336,442.007,0,1.02816,0,0,6.54508,5.51692,1.028160,1,0,311.709,0,0,0,311.709,0
72.29,2.09289,0,0,5.39128,0.316715,2.98168,3.6288,61.308,0.0733794,0,0,2.37222,0.160369,2.13848,0.66528,12.849,1,0.371995,2.98168,0,77.0109,4.2063,75.4143,0.84672,12.849,0.84672,3695.15,0,18.483,0.0221223,2.36262,1.27976,12.6298,0.88841,15.3616,0.42336,0,0,18.483,0.42336,442.007,0,1.02816,0,0,3.39078,2.36262,1.028160,1,0,92.9144,0,0,0,92.9144,0
72.29,2.09363,0,0,5.6231,0.316715,3.21276,3.6288,61.308,0.0736849,0,0,2.57345,0.160369,2.3394,0.66528,12.849,1,0.372127,3.21276,0,129.809,4.2063,128.443,0.84672,12.849,0.84672,3695.15,0,18.483,0.0222144,2.57875,1.33006,13.0841,0.88841,16.0823,0.42336,0,0,18.483,0.42336,442.007,0,1.02816,0,0,3.60691,2.57875,1.028160,1,0,146.865,0,0,0,146.865,0
72.29,2.09437,0,0,5.97292,0.316715,3.56183,3.6288,61.308,0.0739906,0,0,3.38158,0.160369,3.14722,0.66528,12.849,1,0.372258,3.56183,0,93.2835,4.2063,92.2668,0.84672,12.849,0.84672,3695.15,0,18.483,0.0223065,3.53986,1.33053,13.1617,0.88841,17.1214,0.42336,0,0,18.483,0.42336,442.007,0,1.02816,0,0,4.56802,3.53986,1.028160,1,0,112.535,0,0,0,112.535,0
72.29,2.09511,0,0,5.10221,0.260536,2.74656,3.6288,61.308,0.0742963,0,0,2.31505,0.186528,2.05423,0.66528,12.849,1,0.37239,2.74656,0,62.1085,4.43694,60.0457,0.84672,12.849,0.84672,3695.15,0,18.483,0.0223987,2.97365,1.331,11.6117,0.902181,14.9918,0.42336,0,0,18.483,0.42336,442.007,0,1.02816,0,0,4.00181,2.97365,1.028160,1,0,77.0917,0,0,0,77.0917,0
72.29,2.06697,0,0,3.69923,0.228186,1.40408,3.6288,61.308,0.0616186,0,0,1.23456,0.213836,0.959106,0.66528,12.849,1,0.367387,1.40408,0,61.3005,3.84915,58.4881,0.84672,12.849,0.84672,3695.15,0,18.483,0.0185766,1.33102,1.33147,7.25492,0.945231,8.9536,0.42336,0,0,18.483,0.42336,442.007,0,1.02816,0,0,2.35918,1.33102,1.028160,1,0,68.4008,0,0,0,68.4008,0
72.29,2.0677,0,0,3.22474,0.229816,0.927229,3.6288,61.308,0.06192,0,0,1.28047,0.215118,1.00344,0.66528,12.849,1,0.367517,0.927229,0,58.603,3.72236,55.4404,0.84672,12.849,0.84672,3695.15,0,18.483,0.0186675,1.37767,1.31251,6.9622,0.950684,8.68303,0.42336,0,0,18.483,0.42336,442.007,0,1.02816,0,0,2.40583,1.37767,1.028160,1,0,65.1269,0,0,0,65.1269,0
72.29,2.06843,0,0,3.36804,0.229816,1.0698,3.6288,61.308,0.0622213,0,0,1.09685,0.215118,0.819509,0.66528,12.849,1,0.367647,1.0698,0,58.1219,3.72236,55.1017,0.84672,12.849,0.84672,3695.15,0,18.483,0.0187583,0.969365,1.31298,8.16921,0.950684,9.48211,0.42336,0,0,18.483,0.42336,442.007,0,1.02816,0,0,1.99752,0.969365,1.028160,1,0,65.4033,0,0,0,65.4033,0
72.29,2.06916,0,0,3.29136,0.193324,1.02888,3.6288,61.308,0.0625228,0,0,1.0696,0.232921,0.774154,0.66528,12.849,1,0.367777,1.02888,0,57.7864,5.1259,53.3216,0.84672,12.849,0.84672,3695.15,0,18.483,0.0188492,1.05871,1.31344,7.38046,1.00602,8.72775,0.42336,0,0,18.483,0.42336,442.007,0,1.02816,0,0,2.08687,1.05871,1.028160,1,0,62.8235,0,0,0,62.8235,0
72.29,2.16808,0,0,2.77581,0.142489,0.465238,3.6288,61.308,0.108932,0,0,1.00801,0.240335,0.658744,0.66528,12.849,1,0.38536,0.465238,0,43.2514,5.17601,38.1553,0.84672,12.849,0.84672,3695.15,0,18.483,0.0328406,1.03017,1.31391,6.28714,1.0987,7.49967,0.42336,0,0,18.483,0.42336,442.007,0,1.02816,0,0,2.05833,1.03017,1.028160,1,0,46.3137,0,0,0,46.3137,0
72.29,2.16885,0,0,2.79918,0.136099,0.494232,3.6288,61.308,0.10925,0,0,0.901938,0.22989,0.562799,0.66528,12.849,1,0.385496,0.494232,0,47.4707,4.65245,42.927,0.84672,12.849,0.84672,3695.15,0,18.483,0.0329365,0.931383,1.3824,5.56119,1.09167,6.75037,0.42336,0,0,18.483,0.42336,442.007,0,1.02816,0,0,1.95954,0.931383,1.028160,1,0,50.2401,0,0,0,50.2401,0
72.0896,2.16961,0,0,2.4538,0.121702,0.36288,3.6288,61.308,0.109568,0,0,0.840249,0.239333,0.491348,0.66528,12.849,1,0.385633,0.36288,0,42.4123,4.75954,37.63,0.84672,12.849,0.84672,3695.15,0,18.483,0.0330323,0.798794,1.38289,5.39553,1.11903,6.42515,0.42336,0,0,18.483,0.42336,442.007,0,1.02816,0,0,1.82695,0.798794,1.028160,1,0,44.5465,0,0,0,44.5465,0
71.7932,2.16947,0,0,2.32153,0.0855783,0.36288,3.6288,61.308,0.109886,0,0,0.807849,0.262941,0.435021,0.66528,12.849,1,0.386679,0.36288,0,38.7704,5.02729,33.7193,0.84672,12.849,0.84672,3695.15,0,18.483,0.0331282,0.710597,1.38338,5.19061,1.18744,6.06402,0.42336,0,0,18.483,0.42336,442.007,0,1.02816,0,0,1.73876,0.710597,1.028160,1,0,40.2184,0,0,0,40.2184,0
71.5158,2.16888,0,0,2.34662,0.0922143,0.36288,3.6288,61.308,0.110204,0,0,0.8241,0.2652,0.448696,0.66528,12.849,1,0.38817,0.36288,0,40.4949,5.08212,35.3875,0.84672,12.849,0.84672,3695.15,0,18.483,0.0332241,0.636587,1.38387,5.47306,1.19392,6.26637,0.42336,0,0,18.483,0.42336,442.007,0,1.02816,0,0,1.66475,0.636587,1.028160,1,0,42.1026,0,0,0,42.1026,0
71.9946,2.14895,0,0,3.10245,0.111871,0.36288,3.6288,61.308,0.135909,0,0,1.08876,0.308226,0.644627,0.66528,12.849,1,0.386095,0.36288,0,50.3748,5.44272,44.9089,0.84672,12.849,0.84672,3695.15,0,18.483,0.0409735,0.826304,1.38436,5.59922,1.33043,6.43848,0.42336,0,0,18.483,0.42336,442.007,0,1.02816,0,0,1.85446,0.826304,1.028160,1,0,51.992,0,0,0,51.992,0
72.29,2.15189,0,0,2.94471,0.103836,0.393576,3.6288,61.308,0.136236,0,0,1.05838,0.320015,0.602132,0.66528,12.849,1,0.384052,0.393576,0,46.6847,5.45538,41.2388,0.84672,12.849,0.84672,3695.15,0,18.483,0.0410722,0.761677,1.40608,5.55104,1.36948,6.30825,0.42336,0,0,18.483,0.42336,442.007,0,1.02816,0,0,1.78984,0.761677,1.028160,1,0,48.1492,0,0,0,48.1492,0
72.29,2.15399,0,0,2.75023,0.104069,0.492178,3.6288,61.308,0.136563,0,0,0.926787,0.320015,0.470209,0.66528,12.849,1,0.382855,0.492178,0,42.9882,5.45538,37.6422,0.84672,12.849,0.84672,3695.15,0,18.483,0.0411709,0.692012,1.40658,5.26163,1.36948,5.94957,0.42336,0,0,18.483,0.42336,442.007,0,1.02816,0,0,1.72017,0.692012,1.028160,1,0,44.062,0,0,0,44.062,0
72.262,2.15475,0,0,2.59368,0.104069,0.36288,3.6288,61.308,0.136891,0,0,0.864389,0.320015,0.407483,0.66528,12.849,1,0.38299,0.36288,0,41.1639,5.45538,35.6884,0.84672,12.849,0.84672,3695.15,0,18.483,0.0412696,0.59476,1.40708,4.98624,1.36948,5.57732,0.42336,0,0,18.483,0.42336,442.007,0,1.02816,0,0,1.62292,0.59476,1.028160,1,0,41.6732,0,0,0,41.6732,0
72.0048,2.20568,0,0,2.3971,0.0857221,0.36288,3.6288,61.308,0.159875,0,0,0.864847,0.325386,0.379585,0.66528,12.849,1,0.392196,0.36288,0,38.6202,5.98053,32.6103,0.84672,12.849,0.84672,3695.15,0,18.483,0.0481989,0.383556,1.40758,3.66806,1.38763,4.02336,0.42336,0,0,18.483,0.42336,442.007,0,1.02816,0,0,1.41172,0.383556,1.028160,1,0,37.0133,0,0,0,37.0133,0
71.5395,2.20528,0,0,2.18111,0.0782392,0.36288,3.6288,61.308,0.160211,0,0,0.807961,0.327535,0.320215,0.66528,12.849,1,0.393523,0.36288,0,36.9431,6.19059,30.7219,0.84672,12.849,0.84672,3695.15,0,18.483,0.0483001,0.302175,1.44196,3.05072,1.39489,3.35167,0.42336,0,0,18.483,0.42336,442.007,0,1.02816,0,0,1.33034,0.302175,1.028160,1,0,34.3937,0,0,0,34.3937,0
70.8677,2.20388,0,0,1.96899,0.0740311,0.36288,3.6288,61.308,0.160547,0,0,0.769789,0.337077,0.272166,0.66528,12.849,1,0.395833,0.36288,0,34.318,6.16214,28.1229,0.84672,12.849,0.84672,3695.15,0,18.483,0.0484013,0.377171,1.44247,3.40444,1.45363,3.72204,0.42336,0,0,18.483,0.42336,442.007,0,1.02816,0,0,1.40533,0.377171,1.028160,1,0,32.1171,0,0,0,32.1171,0
70.8101,2.20148,0,0,2.58761,0.0808416,0.36288,3.6288,61.308,0.160883,0,0,1.1011,0.351867,0.588349,0.66528,12.849,1,0.39915,0.36288,0,33.7711,5.82928,27.9055,0.84672,12.849,0.84672,3695.15,0,18.483,0.0485025,0.725553,1.44298,5.61649,1.54821,6.18831,0.42336,0,0,18.483,0.42336,442.007,0,1.02816,0,0,1.75371,0.725553,1.028160,1,0,34.6822,0,0,0,34.6822,0
70.8525,2.34905,0,0,2.83626,0.0819474,0.36288,3.6288,61.308,0.243114,0,0,1.07456,0.340484,0.490959,0.66528,12.849,1,0.426252,0.36288,0,46.892,5.82405,41.0045,0.84672,12.849,0.84672,3695.15,0,18.483,0.0732934,0.508136,1.44349,6.35514,1.5298,6.70367,0.42336,0,0,18.483,0.42336,442.007,0,1.02816,0,0,1.5363,0.508136,1.028160,1,0,48.1992,0,0,0,48.1992,0
69.747,2.35009,0,0,1.6753,0.0678626,0.36288,3.6288,61.308,0.385366,0,0,0.714563,0.321091,0.00810559,0.66528,12.849,1,0.426186,0.36288,0,26.195,6.07267,20.059,0.84672,12.849,0.84672,3695.15,0,18.483,0.116179,0.227405,1.5589,3.36986,1.53607,3.50392,0.42336,0,0,18.483,0.42336,442.007,0,0.843497,0,0,1.0709,0.227405,1.028160,1,0,23.5711,0,0,0,23.5711,0
68.7555,2.34522,0,0,1.78395,0.0672871,0.36288,3.6288,61.308,0.243844,0,0,0.87893,0.321091,0.313995,0.66528,12.849,1,0.432043,0.36288,0,33.334,6.07267,27.1921,0.84672,12.849,0.84672,3695.15,0,18.483,0.0735134,0.291738,1.55945,3.764,1.53607,4.00561,0.42336,0,0,18.483,0.42336,442.007,0,1.02816,0,0,1.3199,0.291738,1.028160,1,0,31.5118,0,0,0,31.5118,0
67.4527,2.34079,0,0,1.46765,0.066771,0.36288,3.6288,61.1289,0.498162,0,0,0.64012,0.321091,0,0.66528,12.849,1,0.437447,0.36288,0,30.5392,6.07267,24.392,0.84672,12.849,0.84672,3695.15,0,18.483,0.150185,0.204422,1.56001,3.08287,1.53607,3.16105,0.42336,0,0,18.483,0.42336,442.007,0,0.697645,0,0,0.902068,0.204422,1.028160,1,0,27.553,0,0,0,27.553,0
66.5182,2.33452,0,0,1.82894,0.0660927,0.36288,3.6288,61.308,0.244408,0,0,1.10887,0.320728,0.364598,0.66528,12.849,1,0.444701,0.36288,0,29.7683,6.07267,23.6138,0.84672,12.849,0.84672,3695.15,0,18.483,0.0738994,0.754497,1.56056,4.80825,1.53607,5.51333,0.42336,0,0,18.483,0.42336,442.007,0,1.02816,0,0,1.78266,0.754497,1.028160,1,0,29.4918,0,0,0,29.4918,0
64.6466,2.25901,0,0,0.819721,0.0694025,0.36288,3.6288,61.1202,0.597283,0,0,0.631855,0.222413,0,0.66528,12.849,1,0.436363,0.36288,0,24.2209,5.45087,18.6966,0.84672,12.849,0.84672,3695.15,0,18.483,0.180067,0.204422,1.56111,3.21257,1.4345,3.36353,0.42336,0,0,18.483,0.42336,442.007,0,0.504785,0,0,0.709207,0.204422,1.028160,1,0,22.0601,0,0,0,22.0601,0
62.4529,2.24927,0,0,0.486839,0.0683718,0.36288,3.6288,60.4981,0.831628,0,0,0.431738,0.222149,0,0.66528,12.849,1,0.447059,0.36288,0,16.8385,5.45087,11.3035,0.84672,12.849,0.84672,3695.15,0,18.483,0.251488,0.216518,1.49569,2.08829,1.4345,2.11451,0.42336,0,0,18.483,0.42336,442.007,0,0.199473,0,0,0.415991,0.216518,1.028160,1,0,13.418,0,0,0,13.418,0
60.418,2.23703,0,0,0.672282,0.107269,0.36288,3.6288,60.088,0.78095,0,0,0.592366,0.221512,0,0.66528,12.849,1,0.460245,0.36288,0,17.7226,5.17615,12.4491,0.84672,12.849,0.84672,3695.15,0,18.483,0.238591,0.216518,1.49622,2.803,1.38321,2.89393,0.42336,0,0,18.483,0.42336,442.007,0,0.263499,0,0,0.480018,0.216518,1.028160,1,0,15.343,0,0,0,15.343,0
59.4303,2.22504,0,0,1.77403,0.173797,0.36288,3.6288,60.5705,0.295152,0,0,1.01809,0.24042,0,0.66528,12.849,1,0.473195,0.36288,0,30.4279,4.79115,25.5265,0.84672,12.849,0.84672,3695.15,0,18.483,0.0907885,0.216518,1.49675,5.72897,1.26556,6.08589,0.42336,0,0,18.483,0.42336,442.007,0,0.897553,0,0,1.11407,0.216518,1.028160,1,0,31.6123,0,0,0,31.6123,0
57.6291,2.16202,0,0,0.870592,0.146939,0.36288,3.6288,60.4919,0.471773,0,0,0.599449,0.206297,0,0.66528,12.849,1,0.467435,0.36288,0,20.6936,4.26831,16.3207,0.84672,12.849,0.84672,3695.15,0,18.483,0.143961,0.216518,1.49728,3.8187,1.03384,4.3547,0.42336,0,0,18.483,0.42336,442.007,0,0.609138,0,0,0.825657,0.216518,1.028160,1,0,20.6754,0,0,0,20.6754,0
56.302,2.15083,0,0,1.3976,0.210938,0.36288,3.6288,60.5767,0.349874,0,0,0.604573,0.169899,0,0.66528,12.849,1,0.479551,0.36288,0,30.3796,3.97353,26.2894,0.84672,12.849,0.84672,3695.15,0,18.483,0.106902,0.216518,1.4391,5.39745,0.984057,5.96211,0.42336,0,0,18.483,0.42336,442.007,0,0.768528,0,0,0.985046,0.216518,1.028160,1,0,32.2515,0,0,0,32.2515,0
54.718,2.14239,0,0,1.16302,0.241817,0.36288,3.6288,60.2228,0.611119,0,0,0.423156,0.165924,0,0.66528,12.849,1,0.488926,0.36288,0,24.6818,4.01247,20.5433,0.84672,12.849,0.84672,3695.15,0,18.483,0.186463,0.292723,1.4396,4.50637,1.03366,5.01858,0.42336,0,0,18.483,0.42336,442.007,0,0.428155,0,0,0.720878,0.292723,1.028160,1,0,25.5619,0,0,0,25.5619,0
53.736,2.13168,0,0,1.75066,0.238019,0.36288,3.6288,60.9305,0.151509,0,0,1.02473,0.165551,0,0.66528,12.849,1,0.500565,0.36288,0,38.4877,4.01247,34.3376,0.84672,12.849,0.84672,3695.15,0,18.483,0.0464998,1.05536,1.44011,9.13756,1.03366,10.5529,0.42336,0,0,18.483,0.42336,442.007,0,1.02816,0,0,2.08352,1.05536,1.028160,1,0,44.8905,0,0,0,44.8905,0
55.7491,1.965,0,0,4.5826,0.241624,0.36288,3.6288,61.308,0.0577235,0,0,2.32503,0.17576,1.71406,0.66528,12.849,1,0.469858,0.36288,0,117.882,4.12281,113.652,0.84672,12.849,0.84672,3695.15,0,18.483,0.0175102,2.55569,1.44062,14.6746,1.06391,17.5895,0.42336,0,0,18.483,0.42336,442.007,0,1.02816,0,0,3.58385,2.55569,1.028160,1,0,132.955,0,0,0,132.955,0
56.3807,1.97949,0,0,3.23565,0.261772,0.36288,3.6288,61.308,0.0581054,0,0,1.4581,0.199896,1.20009,0.66528,12.849,1,0.456231,0.36288,0,99.1207,4.39866,94.6287,0.84672,12.849,0.84672,3695.15,0,18.483,0.0175175,1.23761,1.30878,12.0391,1.13954,13.4284,0.42336,0,0,18.483,0.42336,442.007,0,1.02816,0,0,2.26577,1.23761,1.028160,1,0,109.257,0,0,0,109.257,0
56.5942,1.98435,0,0,2.8242,0.26342,0.36288,3.6288,61.308,0.0584045,0,0,1.40269,0.199896,1.14439,0.66528,12.849,1,0.452228,0.36288,0,91.292,4.39866,86.804,0.84672,12.849,0.84672,3695.15,0,18.483,0.0176076,1.23406,1.30924,8.6254,1.13954,10.0115,0.42336,0,0,18.483,0.42336,442.007,0,1.02816,0,0,2.26222,1.23406,1.028160,1,0,97.9599,0,0,0,97.9599,0
58.0572,1.98644,0,0,4.06547,0.253202,0.36288,3.6288,61.308,0.0587037,0,0,1.47561,0.190595,1.22631,0.66528,12.849,1,0.450997,0.36288,0,98.5962,4.07709,94.431,0.84672,12.849,0.84672,3695.15,0,18.483,0.0176979,1.24321,1.3097,11.5385,1.09937,12.9743,0.42336,0,0,18.483,0.42336,442.007,0,1.02816,0,0,2.27137,1.24321,1.028160,1,0,108.632,0,0,0,108.632,0
59.0672,1.99645,0,0,3.60056,0.231215,0.36288,3.6288,61.308,0.0590029,0,0,1.43682,0.198973,1.17885,0.66528,12.849,1,0.441847,0.36288,0,144.022,3.47006,140.473,0.84672,12.849,0.84672,3695.15,0,18.483,0.0177881,1.24733,1.31016,10.0494,0.832851,11.7562,0.42336,0,0,18.483,0.42336,442.007,0,1.02816,0,0,2.27549,1.24733,1.028160,1,0,153.408,0,0,0,153.408,0
59.847,2.06611,0,0,3.44504,0.236224,0.36288,3.6288,61.308,0.0867575,0,0,1.00265,0.171887,0.744001,0.66528,12.849,1,0.449445,0.36288,0,54.7488,3.26733,51.3949,0.84672,12.849,0.84672,3695.15,0,18.483,0.0261555,0.695952,1.31062,4.82326,0.8184,5.98528,0.42336,0,0,18.483,0.42336,442.007,0,1.02816,0,0,1.72411,0.695952,1.028160,1,0,58.1242,0,0,0,58.1242,0
60.1646,2.07164,0,0,2.99193,0.239777,0.36288,3.6288,61.308,0.234235,0,0,0.895666,0.167991,0.49344,0.66528,12.849,1,0.444775,0.36288,0,61.0126,3.28188,57.6488,0.84672,12.849,0.84672,3695.15,0,18.483,0.0706166,0.503194,1.35301,4.43365,0.840672,5.37856,0.42336,0,0,18.483,0.42336,442.007,0,0.836611,0,0,1.3398,0.503194,1.028160,1,0,63.5208,0,0,0,63.5208,0
62.9857,2.07428,0,0,5.49869,0.240507,0.36288,3.6288,61.308,0.0873566,0,0,1.61952,0.167991,1.36417,0.66528,12.849,1,0.442992,0.36288,0,102.479,3.28188,99.1171,0.84672,12.849,0.84672,3695.15,0,18.483,0.0263361,0.676996,1.35347,5.05251,0.840672,6.21597,0.42336,0,0,18.483,0.42336,442.007,0,1.02816,0,0,1.70516,0.676996,1.028160,1,0,106.697,0,0,0,106.697,0
66.1326,2.09147,0,0,5.84753,0.246219,0.36288,3.6288,61.308,0.0876563,0,0,2.21828,0.167991,1.96263,0.66528,12.849,1,0.426658,0.36288,0,96.3948,3.28188,93.0491,0.84672,12.849,0.84672,3695.15,0,18.483,0.0264264,1.38381,1.35393,5.92919,0.840672,7.79983,0.42336,0,0,18.483,0.42336,442.007,0,1.02816,0,0,2.41197,1.38381,1.028160,1,0,102.812,0,0,0,102.812,0
69.5596,2.31492,0,0,6.38808,0.283315,0.36288,3.6288,61.308,0.191184,0,0,2.58851,0.173116,2.22421,0.66528,12.849,1,0.449769,0.36288,0,137.413,3.35077,133.975,0.84672,12.849,0.84672,3695.15,0,18.483,0.0576379,2.44813,1.35439,7.73055,0.799067,10.6764,0.42336,0,0,18.483,0.42336,442.007,0,1.02816,0,0,3.47629,2.44813,1.028160,1,0,146.876,0,0,0,146.876,0
72.29,2.33442,0,0,6.56289,0.297409,1.20065,3.6288,61.308,0.19152,0,0,1.8658,0.197288,1.47699,0.66528,12.849,1,0.431213,1.20065,0,96.1044,3.18496,93.6889,0.84672,12.849,0.84672,3695.15,0,18.483,0.0577389,2.11941,1.5047,6.63719,0.800515,9.40304,0.42336,0,0,18.483,0.42336,442.007,0,1.02816,0,0,3.14757,2.11941,1.028160,1,0,104.569,0,0,0,104.569,0
72.29,2.34905,0,0,6.81546,0.303701,4.1627,3.6288,61.308,0.191855,0,0,1.79582,0.197288,1.40667,0.66528,12.849,1,0.417526,4.1627,0,93.4019,3.18496,93.9621,0.84672,12.849,0.84672,3695.15,0,18.483,0.0578399,1.79592,1.50521,5.34406,0.800515,7.78683,0.42336,0,0,18.483,0.42336,442.007,0,1.02816,0,0,2.82408,1.79592,1.028160,1,0,103.156,0,0,0,103.156,0
72.29,2.34985,0,0,5.78318,0.292006,3.14132,3.6288,61.308,0.19219,0,0,2.05063,0.216693,1.64175,0.66528,12.849,1,0.417669,3.14132,0,85.9144,3.77259,84.8655,0.84672,12.849,0.84672,3695.15,0,18.483,0.057941,2.00115,1.50573,6.08096,0.992518,8.53738,0.42336,0,0,18.483,0.42336,442.007,0,1.02816,0,0,3.02931,2.00115,1.028160,1,0,95.0446,0,0,0,95.0446,0
72.29,2.0527,0,0,7.97256,0.283654,5.63621,3.6288,61.308,0.0538024,0,0,2.09613,0.223804,1.81853,0.66528,12.849,1,0.364851,5.63621,0,100.313,4.16594,101.418,0.84672,12.849,0.84672,3695.15,0,18.483,0.0162202,2.37274,1.50624,9.18371,1.14308,11.9034,0.42336,0,0,18.483,0.42336,442.007,0,1.02816,0,0,3.4009,2.37274,1.028160,1,0,115.14,0,0,0,115.14,0
72.29,2.0534,0,0,8.07443,0.324606,5.69642,3.6288,61.308,0.0540905,0,0,2.27506,0.217389,2.00358,0.66528,12.849,1,0.364976,5.69642,0,137.538,3.65347,139.216,0.84672,12.849,0.84672,3695.15,0,18.483,0.0163071,3.1951,1.3015,8.82248,0.972665,12.3301,0.42336,0,0,18.483,0.42336,442.007,0,1.02816,0,0,4.22326,3.1951,1.028160,1,0,153.55,0,0,0,153.55,0
72.29,2.0541,0,0,6.88366,0.324606,4.50496,3.6288,61.308,0.0543787,0,0,1.88234,0.217389,1.61058,0.66528,12.849,1,0.3651,4.50496,0,82.3247,3.65347,82.8111,0.84672,12.849,0.84672,3695.15,0,18.483,0.016394,2.50743,1.30195,7.17664,0.972665,9.99696,0.42336,0,0,18.483,0.42336,442.007,0,1.02816,0,0,3.53559,2.50743,1.028160,1,0,94.4186,0,0,0,94.4186,0
72.29,2.0548,0,0,7.44025,0.324606,5.06084,3.6288,61.308,0.0546669,0,0,2.02885,0.217389,1.7568,0.66528,12.849,1,0.365225,5.06084,0,96.4014,3.65347,97.4436,0.84672,12.849,0.84672,3695.15,0,18.483,0.0164809,3.00893,1.30239,8.77789,0.972665,12.1001,0.42336,0,0,18.483,0.42336,442.007,0,1.02816,0,0,4.03709,3.00893,1.028160,1,0,111.3,0,0,0,111.3,0
72.29,2.0555,0,0,6.58333,0.324606,4.20323,3.6288,61.308,0.0549552,0,0,1.72432,0.217389,1.45198,0.66528,12.849,1,0.36535,4.20323,0,129.019,3.65347,129.204,0.84672,12.849,0.84672,3695.15,0,18.483,0.0165678,2.56539,1.30284,6.72399,0.972665,9.60299,0.42336,0,0,18.483,0.42336,442.007,0,1.02816,0,0,3.59355,2.56539,1.028160,1,0,140.259,0,0,0,140.259,0
72.29,2.13133,0,0,5.08323,0.248648,2.70325,3.6288,61.308,0.0892383,0,0,1.53154,0.246043,1.19626,0.66528,12.849,1,0.378828,2.70325,0,65.2061,5.22984,62.3007,0.84672,12.849,0.84672,3695.15,0,18.483,0.0269034,0.868683,1.30328,4.28773,1.29357,5.13922,0.42336,0,0,18.483,0.42336,442.007,0,1.02816,0,0,1.89684,0.868683,1.028160,1,0,68.6361,0,0,0,68.6361,0
72.29,2.13206,0,0,4.24457,0.248648,1.86387,3.6288,61.308,0.0895384,0,0,1.16541,0.246043,0.829825,0.66528,12.849,1,0.378957,1.86387,0,54.4375,5.22984,50.6926,0.84672,12.849,0.84672,3695.15,0,18.483,0.0269938,0.627886,1.35449,3.39893,1.29357,4.06074,0.42336,0,0,18.483,0.42336,442.007,0,1.02816,0,0,1.65605,0.627886,1.028160,1,0,55.5832,0,0,0,55.5832,0
72.29,2.13279,0,0,6.39328,0.248648,4.01185,3.6288,61.308,0.0898384,0,0,1.91176,0.246043,1.57587,0.66528,12.849,1,0.379087,4.01185,0,80.1984,5.22984,78.6013,0.84672,12.849,0.84672,3695.15,0,18.483,0.0270843,1.64983,1.35495,6.20914,1.29357,7.89327,0.42336,0,0,18.483,0.42336,442.007,0,1.02816,0,0,2.67799,1.64983,1.028160,1,0,88.0704,0,0,0,88.0704,0
72.29,2.13351,0,0,5.2292,0.209705,2.88598,3.6288,61.308,0.0901386,0,0,1.49354,0.26766,1.13574,0.66528,12.849,1,0.379216,2.88598,0,74.5053,5.27619,71.7359,0.84672,12.849,0.84672,3695.15,0,18.483,0.0271748,1.2347,1.35542,4.73028,1.34946,5.94375,0.42336,0,0,18.483,0.42336,442.007,0,1.02816,0,0,2.26286,1.2347,1.028160,1,0,78.8154,0,0,0,78.8154,0
72.29,2.10483,0,0,4.42506,0.180061,2.14018,3.6288,61.308,0.0772176,0,0,1.10871,0.245506,0.785987,0.66528,12.849,1,0.374117,2.14018,0,61.825,4.28395,59.3071,0.84672,12.849,0.84672,3695.15,0,18.483,0.0232794,0.775509,1.35588,3.43319,1.22916,4.31214,0.42336,0,0,18.483,0.42336,442.007,0,1.02816,0,0,1.80367,0.775509,1.028160,1,0,64.4052,0,0,0,64.4052,0
72.29,2.10554,0,0,4.05756,0.169649,1.78237,3.6288,61.308,0.0775134,0,0,1.20905,0.23501,0.896524,0.66528,12.849,1,0.374245,1.78237,0,56.4154,4.08502,53.7385,0.84672,12.849,0.84672,3695.15,0,18.483,0.0233686,1.01028,1.33655,3.56813,1.17323,4.71836,0.42336,0,0,18.483,0.42336,442.007,0,1.02816,0,0,2.03844,1.01028,1.028160,1,0,59.3534,0,0,0,59.3534,0
72.29,2.10626,0,0,3.66075,0.169649,1.38484,3.6288,61.308,0.0778093,0,0,1.09404,0.23501,0.781221,0.66528,12.849,1,0.374372,1.38484,0,52.1156,4.08502,49.0411,0.84672,12.849,0.84672,3695.15,0,18.483,0.0234578,0.701577,1.33701,3.36797,1.17323,4.20986,0.42336,0,0,18.483,0.42336,442.007,0,1.02816,0,0,1.72974,0.701577,1.028160,1,0,54.0321,0,0,0,54.0321,0
72.29,2.10698,0,0,4.29141,0.157485,2.02695,3.6288,61.308,0.0781053,0,0,1.02309,0.240944,0.704039,0.66528,12.849,1,0.3745,2.02695,0,56.5403,4.55288,53.6399,0.84672,12.849,0.84672,3695.15,0,18.483,0.023547,0.697896,1.33747,4.4749,1.19168,5.29503,0.42336,0,0,18.483,0.42336,442.007,0,1.02816,0,0,1.72606,0.697896,1.028160,1,0,59.639,0,0,0,59.639,0
72.29,2.20768,0,0,3.59834,0.118091,1.27256,3.6288,61.308,0.125351,0,0,1.02878,0.249868,0.653563,0.66528,12.849,1,0.392399,1.27256,0,47.2253,5.35938,42.7461,0.84672,12.849,0.84672,3695.15,0,18.483,0.0377907,0.759326,1.33792,3.49729,1.20304,4.35371,0.42336,0,0,18.483,0.42336,442.007,0,1.02816,0,0,1.78749,0.759326,1.028160,1,0,47.7533,0,0,0,47.7533,0
72.29,2.20843,0,0,3.57731,0.0956331,1.27325,3.6288,61.308,0.125663,0,0,1.07809,0.235085,0.717342,0.66528,12.849,1,0.392533,1.27325,0,47.0208,4.45158,43.4499,0.84672,12.849,0.84672,3695.15,0,18.483,0.0378847,0.797282,1.40766,3.41186,1.11615,4.46276,0.42336,0,0,18.483,0.42336,442.007,0,1.02816,0,0,1.82544,0.797282,1.028160,1,0,48.63,0,0,0,48.63,0
72.29,2.20919,0,0,3.4805,0.0956331,1.17568,3.6288,61.308,0.125976,0,0,0.998637,0.235085,0.637576,0.66528,12.849,1,0.392666,1.17568,0,43.7162,4.45158,40.0476,0.84672,12.849,0.84672,3695.15,0,18.483,0.0379789,0.622227,1.40814,3.14234,1.11615,4.01857,0.42336,0,0,18.483,0.42336,442.007,0,1.02816,0,0,1.65039,0.622227,1.028160,1,0,44.7037,0,0,0,44.7037,0
72.29,2.20994,0,0,3.05109,0.0812373,0.759908,3.6288,61.308,0.126288,0,0,0.930329,0.244528,0.559513,0.66528,12.849,1,0.3928,0.759908,0,39.0579,4.55868,34.8663,0.84672,12.849,0.84672,3695.15,0,18.483,0.038073,0.510572,1.40862,3.04874,1.14351,3.78634,0.42336,0,0,18.483,0.42336,442.007,0,1.02816,0,0,1.53873,0.510572,1.028160,1,0,39.2122,0,0,0,39.2122,0
72.29,2.21069,0,0,2.88662,0.045248,0.630673,3.6288,61.308,0.1266,0,0,0.894473,0.268137,0.499736,0.66528,12.849,1,0.392934,0.630673,0,35.704,4.82643,31.1153,0.84672,12.849,0.84672,3695.15,0,18.483,0.0381672,0.436285,1.4091,2.93296,1.21193,3.52825,0.42336,0,0,18.483,0.42336,442.007,0,1.02816,0,0,1.46445,0.436285,1.028160,1,0,35.1433,0,0,0,35.1433,0
71.9113,2.19164,0,0,2.25418,0.0783984,0.36288,3.6288,61.308,0.152761,0,0,0.851515,0.281045,0.417709,0.66528,12.849,1,0.389548,0.36288,0,27.3427,5.22491,22.0911,0.84672,12.849,0.84672,3695.15,0,18.483,0.0460541,0.558507,1.40958,2.54691,1.2307,3.23824,0.42336,0,0,18.483,0.42336,442.007,0,1.02816,0,0,1.58667,0.558507,1.028160,1,0,25.747,0,0,0,25.747,0
71.3511,2.19065,0,0,2.07153,0.0781731,0.36288,3.6288,61.308,0.153083,0,0,0.827029,0.281045,0.392902,0.66528,12.849,1,0.391422,0.36288,0,26.9108,5.22491,21.6574,0.84672,12.849,0.84672,3695.15,0,18.483,0.046151,0.559181,1.43168,2.56824,1.2307,3.28225,0.42336,0,0,18.483,0.42336,442.007,0,1.02816,0,0,1.58734,0.559181,1.028160,1,0,25.3325,0,0,0,25.3325,0
70.6072,2.18879,0,0,1.88558,0.0778399,0.36288,3.6288,61.308,0.153404,0,0,0.773522,0.281045,0.339073,0.66528,12.849,1,0.39416,0.36288,0,25.8343,5.22491,20.5781,0.84672,12.849,0.84672,3695.15,0,18.483,0.0462479,0.347172,1.43216,2.41264,1.2307,2.91503,0.42336,0,0,18.483,0.42336,442.007,0,1.02816,0,0,1.37533,0.347172,1.028160,1,0,23.8322,0,0,0,23.8322,0
69.7288,2.18602,0,0,1.73386,0.0632989,0.36288,3.6288,61.308,0.153725,0,0,0.73853,0.313952,0.270853,0.66528,12.849,1,0.397809,0.36288,0,22.9029,5.64835,17.2196,0.84672,12.849,0.84672,3695.15,0,18.483,0.0463448,0.340312,1.43265,2.32146,1.38527,2.66282,0.42336,0,0,18.483,0.42336,442.007,0,1.02816,0,0,1.36847,0.340312,1.028160,1,0,20.1533,0,0,0,20.1533,0
68.8248,2.23347,0,0,1.73798,0.0456783,0.36288,3.6288,61.308,0.177115,0,0,0.706529,0.338329,0.191085,0.66528,12.849,1,0.411563,0.36288,0,19.8291,6.09218,13.6882,0.84672,12.849,0.84672,3695.15,0,18.483,0.0533963,0.350525,1.43314,2.20718,1.51512,2.42233,0.42336,0,0,18.483,0.42336,442.007,0,1.02816,0,0,1.37868,0.350525,1.028160,1,0,16.3016,0,0,0,16.3016,0
67.8433,2.22967,0,0,1.65748,0.0464592,0.36288,3.6288,61.308,0.177445,0,0,0.594174,0.323705,0.0930239,0.66528,12.849,1,0.416261,0.36288,0,24.9448,6.00159,18.8898,0.84672,12.849,0.84672,3695.15,0,18.483,0.0534956,0.419498,1.46813,2.34632,1.45795,2.7225,0.42336,0,0,18.483,0.42336,442.007,0,1.02816,0,0,1.44766,0.419498,1.028160,1,0,21.7054,0,0,0,21.7054,0
66.7609,2.22537,0,0,1.55199,0.0461038,0.36288,3.6288,61.308,0.177774,0,0,0.552561,0.323705,0.0510815,0.66528,12.849,1,0.421468,0.36288,0,20.0284,6.00159,13.9682,0.84672,12.849,0.84672,3695.15,0,18.483,0.053595,0.392662,1.46863,2.11503,1.45795,2.46477,0.42336,0,0,18.483,0.42336,442.007,0,1.02816,0,0,1.42082,0.392662,1.028160,1,0,16.4841,0,0,0,16.4841,0
65.5449,2.22039,0,0,1.41305,0.045712,0.36288,3.6288,61.2898,0.219117,0,0,0.524583,0.323705,0,0.66528,12.849,1,0.427343,0.36288,0,18.253,6.00159,12.187,0.84672,12.849,0.84672,3695.15,0,18.483,0.066059,0.227405,1.46913,1.97285,1.45795,2.14537,0.42336,0,0,18.483,0.42336,442.007,0,0.974782,0,0,1.20219,0.227405,1.028160,1,0,14.3324,0,0,0,14.3324,0
64.39,2.36242,0,0,1.60658,0.036251,0.36288,3.6288,61.308,0.261793,0,0,0.638407,0.320324,0.0380507,0.66528,12.849,1,0.463112,0.36288,0,19.2102,6.18651,12.9234,0.84672,12.849,0.84672,3695.15,0,18.483,0.0789483,0.645408,1.46963,2.84714,1.49791,3.38531,0.42336,0,0,18.483,0.42336,442.007,0,1.02816,0,0,1.67357,0.645408,1.028160,1,0,16.3468,0,0,0,16.3468,0
62.8495,2.35629,0,0,1.22698,0.0483116,0.36288,3.6288,61.2003,0.262169,0,0,0.498088,0.343629,0,0.66528,12.849,1,0.470197,0.36288,0,18.4577,6.30557,12.0448,0.84672,12.849,0.84672,3695.15,0,18.483,0.0790382,0.241462,1.58712,1.66615,1.47955,1.93614,0.42336,0,0,18.483,0.42336,442.007,0,1.02816,0,0,1.26962,0.241462,1.028160,1,0,13.981,0,0,0,13.981,0
61.1914,2.34752,0,0,1.10006,0.0477108,0.36288,3.6288,61.0111,0.297286,0,0,0.451509,0.343395,0,0.66528,12.849,1,0.47993,0.36288,0,16.4774,6.30557,10.0548,0.84672,12.849,0.84672,3695.15,0,18.483,0.0897827,0.204422,1.58766,1.62474,1.47955,1.84749,0.42336,0,0,18.483,0.42336,442.007,0,0.982765,0,0,1.18719,0.204422,1.028160,1,0,11.9023,0,0,0,11.9023,0
59.7605,2.33757,0,0,1.31664,0.0470643,0.36288,3.6288,60.8906,0.26259,0,0,0.485042,0.342984,0,0.66528,12.849,1,0.490844,0.36288,0,17.0531,6.30557,10.6196,0.84672,12.849,0.84672,3695.15,0,18.483,0.0795502,0.261153,1.5882,1.78216,1.47955,2.0724,0.42336,0,0,18.483,0.42336,442.007,0,1.02816,0,0,1.28931,0.261153,1.028160,1,0,12.692,0,0,0,12.692,0
59.2508,2.32869,0,0,2.25134,0.069493,0.36288,3.6288,60.9134,0.262827,0,0,0.622996,0.337373,0,0.66528,12.849,1,0.500687,0.36288,0,28.3402,6.15714,22.0453,0.84672,12.849,0.84672,3695.15,0,18.483,0.0797797,0.473662,1.58874,1.97271,1.46135,2.49398,0.42336,0,0,18.483,0.42336,442.007,0,1.02816,0,0,1.50182,0.473662,1.028160,1,0,24.5393,0,0,0,24.5393,0
58.1365,2.25498,0,0,1.62492,0.121432,0.36288,3.6288,60.8864,0.212591,0,0,0.496715,0.311101,0,0.66528,12.849,1,0.489009,0.36288,0,11.705,4.8529,6.72601,0.84672,12.849,0.84672,3695.15,0,18.483,0.0645066,0.205312,1.58928,1.10247,1.31433,1.51822,0.42336,0,0,18.483,0.42336,442.007,0,1.02816,0,0,1.23347,0.205312,1.028160,1,0,8.24423,0,0,0,8.24423,0
56.8819,2.24806,0,0,1.50217,0.145806,0.36288,3.6288,60.9469,0.21291,0,0,0.587378,0.313959,0,0.66528,12.849,1,0.496855,0.36288,0,9.54461,4.69581,4.71482,0.84672,12.849,0.84672,3695.15,0,18.483,0.064632,0.400032,1.52266,1.19719,1.34601,1.70925,0.42336,0,0,18.483,0.42336,442.007,0,1.02816,0,0,1.42819,0.400032,1.028160,1,0,6.42407,0,0,0,6.42407,0
55.5734,2.23989,0,0,1.4383,0.144025,0.36288,3.6288,60.9956,0.2133,0,0,0.576112,0.31408,0,0.66528,12.849,1,0.505966,0.36288,0,12.726,4.69581,7.88713,0.84672,12.849,0.84672,3695.15,0,18.483,0.0646862,0.361135,1.52318,1.19687,1.34601,1.67049,0.42336,0,0,18.483,0.42336,442.007,0,1.02816,0,0,1.38929,0.361135,1.028160,1,0,9.55763,0,0,0,9.55763,0
54.4861,2.23097,0,0,1.64877,0.142167,0.36288,3.6288,61.2618,0.213681,0,0,0.793971,0.314177,0,0.66528,12.849,1,0.515818,0.36288,0,28.6083,4.69581,23.7596,0.84672,12.849,0.84672,3695.15,0,18.483,0.0647499,0.709309,1.5237,1.6172,1.34601,2.43945,0.42336,0,0,18.483,0.42336,442.007,0,1.02816,0,0,1.73747,0.709309,1.028160,1,0,26.199,0,0,0,26.199,0
53.2682,2.16596,0,0,1.47441,0.163543,0.36288,3.6288,61.308,0.16804,0,0,0.600175,0.244,0.141895,0.66528,12.849,1,0.51078,0.36288,0,29.7099,4.37694,25.1851,0.84672,12.849,0.84672,3695.15,0,18.483,0.0506986,0.467199,1.52422,1.67024,1.15144,2.45952,0.42336,0,0,18.483,0.42336,442.007,0,1.02816,0,0,1.49536,0.467199,1.028160,1,0,27.7865,0,0,0,27.7865,0
53.4421,2.15729,0,0,2.88579,0.191716,0.36288,3.6288,61.308,0.168395,0,0,0.865541,0.149769,0.547376,0.66528,12.849,1,0.520367,0.36288,0,43.9374,3.95178,39.8282,0.84672,12.849,0.84672,3695.15,0,18.483,0.0507675,1.47298,1.46498,2.81032,0.892024,4.80549,0.42336,0,0,18.483,0.42336,442.007,0,1.02816,0,0,2.50114,1.47298,1.028160,1,0,45.181,0,0,0,45.181,0
56.4666,2.15939,0,0,5.73889,0.192057,0.36288,3.6288,61.308,0.168722,0,0,1.60845,0.149769,1.28996,0.66528,12.849,1,0.519178,0.36288,0,64.7994,3.95178,60.6913,0.84672,12.849,0.84672,3695.15,0,18.483,0.0508658,2.91886,1.46547,5.74736,0.892024,9.18881,0.42336,0,0,18.483,0.42336,442.007,0,1.02816,0,0,3.94702,2.91886,1.028160,1,0,71.1701,0,0,0,71.1701,0
58.0121,2.18278,0,0,4.28915,0.197984,0.36288,3.6288,61.308,0.169048,0,0,1.69178,0.149769,1.37296,0.66528,12.849,1,0.496693,0.36288,0,45.51,3.95178,41.4244,0.84672,12.849,0.84672,3695.15,0,18.483,0.0509641,3.31353,1.46597,4.48247,0.892024,8.31898,0.42336,0,0,18.483,0.42336,442.007,0,1.02816,0,0,4.34169,3.31353,1.028160,1,0,51.1163,0,0,0,51.1163,0
59.7253,2.0291,0,0,4.32491,0.219769,0.36288,3.6288,61.308,0.0730086,0,0,1.34188,0.174587,1.09428,0.66528,12.849,1,0.449422,0.36288,0,56.1139,4.0697,51.9577,0.84672,12.849,0.84672,3695.15,0,18.483,0.0220105,2.05173,1.46647,5.89524,0.948378,8.44306,0.42336,0,0,18.483,0.42336,442.007,0,1.02816,0,0,3.07989,2.05173,1.028160,1,0,61.4951,0,0,0,61.4951,0
63.3567,2.0404,0,0,6.22849,0.193807,0.36288,3.6288,61.308,0.0733022,0,0,1.78559,0.236568,1.47572,0.66528,12.849,1,0.438962,0.36288,0,104.377,3.54182,100.759,0.84672,12.849,0.84672,3695.15,0,18.483,0.022099,3.04404,1.33224,8.08998,0.98217,11.462,0.42336,0,0,18.483,0.42336,442.007,0,1.02816,0,0,4.0722,3.04404,1.028160,1,0,113.697,0,0,0,113.697,0
67.8032,2.06202,0,0,7.11642,0.245015,0.36288,3.6288,61.308,0.0735957,0,0,1.97586,0.225701,1.67656,0.66528,12.849,1,0.418187,0.36288,0,159.211,3.52863,155.627,0.84672,12.849,0.84672,3695.15,0,18.483,0.0221875,3.20374,1.3327,8.28749,0.967149,11.8346,0.42336,0,0,18.483,0.42336,442.007,0,1.02816,0,0,4.2319,3.20374,1.028160,1,0,169.138,0,0,0,169.138,0
71.6723,2.08579,0,0,6.57166,0.253883,0.36288,3.6288,61.308,0.0738895,0,0,1.87627,0.225701,1.57668,0.66528,12.849,1,0.395266,0.36288,0,121.175,3.52863,117.614,0.84672,12.849,0.84672,3695.15,0,18.483,0.022276,2.94598,1.33315,7.94837,0.967149,11.2381,0.42336,0,0,18.483,0.42336,442.007,0,1.02816,0,0,3.97414,2.94598,1.028160,1,0,130.429,0,0,0,130.429,0
72.29,2.1046,0,0,8.34699,0.261131,5.36356,3.6288,61.308,0.0741832,0,0,1.81495,0.231088,1.50968,0.66528,12.849,1,0.3773,5.36356,0,136.426,3.69401,137.718,0.84672,12.849,0.84672,3695.15,0,18.483,0.0223646,3.03304,1.3336,7.8421,1.01849,11.1679,0.42336,0,0,18.483,0.42336,442.007,0,1.02816,0,0,4.0612,3.03304,1.028160,1,0,150.395,0,0,0,150.395,0
72.29,2.17407,0,0,8.07185,0.301353,5.59642,3.6288,61.308,0.102423,0,0,1.69373,0.25545,1.33586,0.66528,12.849,1,0.386425,5.59642,0,111.3,3.94855,112.561,0.84672,12.849,0.84672,3695.15,0,18.483,0.0308781,3.38655,1.33406,11.2076,1.1545,14.7429,0.42336,0,0,18.483,0.42336,442.007,0,1.02816,0,0,4.41471,3.38655,1.028160,1,0,128.64,0,0,0,128.64,0
72.29,2.17479,0,0,10.5649,0.318077,8.07201,3.6288,61.308,0.102716,0,0,2.19501,0.252267,1.84003,0.66528,12.849,1,0.386552,8.07201,0,161.894,3.65347,165.926,0.84672,12.849,0.84672,3695.15,0,18.483,0.0309666,7.49408,1.37718,13.0678,1.08569,20.8224,0.42336,0,0,18.483,0.42336,442.007,0,1.02816,0,0,8.52224,7.49408,1.028160,1,0,188.588,0,0,0,188.588,0
72.29,2.1755,0,0,5.65436,0.318077,3.16078,3.6288,61.308,0.103009,0,0,1.64587,0.252267,1.29059,0.66528,12.849,1,0.386679,3.16078,0,115.466,3.65347,114.586,0.84672,12.849,0.84672,3695.15,0,18.483,0.031055,4.43854,1.37763,11.5549,1.08569,16.2543,0.42336,0,0,18.483,0.42336,442.007,0,1.02816,0,0,5.4667,4.43854,1.028160,1,0,132.131,0,0,0,132.131,0
72.29,2.17622,0,0,7.99076,0.318077,5.49647,3.6288,61.308,0.103303,0,0,2.97203,0.252267,2.61646,0.66528,12.849,1,0.386806,5.49647,0,137.324,3.65347,138.78,0.84672,12.849,0.84672,3695.15,0,18.483,0.0311435,5.90781,1.37809,15.4208,1.08569,21.5898,0.42336,0,0,18.483,0.42336,442.007,0,1.02816,0,0,6.93597,5.90781,1.028160,1,0,162.987,0,0,0,162.987,0
72.29,2.38927,0,0,6.21495,0.35441,3.47127,3.6288,61.308,0.208664,0,0,2.10669,0.223116,1.67491,0.66528,12.849,1,0.424674,3.47127,0,191.044,3.73872,190.352,0.84672,12.849,0.84672,3695.15,0,18.483,0.0629075,4.83297,1.37854,10.9375,1.12654,15.9596,0.42336,0,0,18.483,0.42336,442.007,0,1.02816,0,0,5.86113,4.83297,1.028160,1,0,207.987,0,0,0,207.987,0
72.29,2.39005,0,0,7.32612,0.362989,4.57307,3.6288,61.308,0.208992,0,0,2.2738,0.192178,1.87263,0.66528,12.849,1,0.424814,4.57307,0,147.592,3.99368,147.747,0.84672,12.849,0.84672,3695.15,0,18.483,0.0630065,4.78209,1.53151,14.6851,0.941881,19.9938,0.42336,0,0,18.483,0.42336,442.007,0,1.02816,0,0,5.81025,4.78209,1.028160,1,0,169.613,0,0,0,169.613,0
72.29,2.39084,0,0,7.28499,0.362989,4.53116,3.6288,61.308,0.20932,0,0,2.36159,0.192178,1.96009,0.66528,12.849,1,0.424953,4.53116,0,164.675,3.99368,164.787,0.84672,12.849,0.84672,3695.15,0,18.483,0.0631054,4.30301,1.53201,17.1837,0.941881,22.0137,0.42336,0,0,18.483,0.42336,442.007,0,1.02816,0,0,5.33117,4.30301,1.028160,1,0,188.761,0,0,0,188.761,0
72.29,2.39162,0,0,8.86473,0.362989,6.11011,3.6288,61.308,0.209649,0,0,2.46554,0.192178,2.06371,0.66528,12.849,1,0.425093,6.11011,0,217.469,3.99368,219.16,0.84672,12.849,0.84672,3695.15,0,18.483,0.0632045,4.72846,1.53251,23.4891,0.941881,28.745,0.42336,0,0,18.483,0.42336,442.007,0,1.02816,0,0,5.75662,4.72846,1.028160,1,0,249.969,0,0,0,249.969,0
72.29,2.08916,0,0,6.56416,0.362028,4.11298,3.6288,61.308,0.0687903,0,0,2.20717,0.159574,1.97881,0.66528,12.849,1,0.371332,4.11298,0,180.101,3.65536,180.187,0.84672,12.849,0.84672,3695.15,0,18.483,0.0207387,4.16807,1.53302,16.5037,0.826509,21.3575,0.42336,0,0,18.483,0.42336,442.007,0,1.02816,0,0,5.19623,4.16807,1.028160,1,0,203.523,0,0,0,203.523,0
72.0901,2.08984,0,0,2.58525,0.332458,0.36288,3.6288,61.308,0.0690724,0,0,0.96774,0.133128,0.76554,0.66528,12.849,1,0.371454,0.36288,0,72.017,4.3302,67.6782,0.84672,12.849,0.84672,3695.15,0,18.483,0.0208238,1.51129,1.32462,8.70229,1.02986,10.4875,0.42336,0,0,18.483,0.42336,442.007,0,1.02816,0,0,2.53945,1.51129,1.028160,1,0,78.9313,0,0,0,78.9313,0
71.6924,2.08966,0,0,2.38423,0.32936,0.36288,3.6288,61.308,0.0693546,0,0,1.01669,0.138661,0.80867,0.66528,12.849,1,0.37245,0.36288,0,83.1462,4.46124,78.6754,0.84672,12.849,0.84672,3695.15,0,18.483,0.0209089,1.64993,1.32506,9.02638,1.07086,10.9096,0.42336,0,0,18.483,0.42336,442.007,0,1.02816,0,0,2.67809,1.64993,1.028160,1,0,90.3936,0,0,0,90.3936,0
72.29,2.08859,0,0,7.64393,0.328365,4.62938,3.6288,61.308,0.0696369,0,0,2.73495,0.138661,2.52665,0.66528,12.849,1,0.374325,4.62938,0,118.219,4.46124,118.012,0.84672,12.849,0.84672,3695.15,0,18.483,0.020994,4.75757,1.32549,22.0841,1.07086,27.0753,0.42336,0,0,18.483,0.42336,442.007,0,1.02816,0,0,5.78573,4.75757,1.028160,1,0,147.614,0,0,0,147.614,0
72.29,2.0919,0,0,7.77075,0.331036,5.34781,3.6288,61.308,0.0699193,0,0,3.49847,0.161859,3.26669,0.66528,12.849,1,0.37182,5.34781,0,232.525,4.43995,233.061,0.84672,12.849,0.84672,3695.15,0,18.483,0.0210791,5.41277,1.32593,27.2886,1.04642,32.9598,0.42336,0,0,18.483,0.42336,442.007,0,1.02816,0,0,6.44093,5.41277,1.028160,1,0,269.287,0,0,0,269.287,0
72.29,2.16905,0,0,4.37192,0.308016,1.89485,3.6288,61.308,0.104798,0,0,1.67965,0.148233,1.42662,0.66528,12.849,1,0.385532,1.89485,0,123.527,4.71048,120.326,0.84672,12.849,0.84672,3695.15,0,18.483,0.0315943,2.47175,1.32636,13.1586,0.995744,15.9294,0.42336,0,0,18.483,0.42336,442.007,0,1.02816,0,0,3.49991,2.47175,1.028160,1,0,137.682,0,0,0,137.682,0
72.29,2.16976,0,0,4.29546,0.317883,1.80782,3.6288,61.308,0.105092,0,0,1.99023,0.159464,1.72568,0.66528,12.849,1,0.385659,1.80782,0,101.186,4.22069,98.3871,0.84672,12.849,0.84672,3695.15,0,18.483,0.0316829,2.75702,1.37846,12.8705,0.991847,15.9824,0.42336,0,0,18.483,0.42336,442.007,0,1.02816,0,0,3.78518,2.75702,1.028160,1,0,116.095,0,0,0,116.095,0
72.29,2.17047,0,0,5.7601,0.317883,3.27174,3.6288,61.308,0.105386,0,0,2.77956,0.159464,2.51471,0.66528,12.849,1,0.385785,3.27174,0,138.653,4.22069,137.318,0.84672,12.849,0.84672,3695.15,0,18.483,0.0317715,5.00547,1.37891,18.5695,0.991847,23.9303,0.42336,0,0,18.483,0.42336,442.007,0,1.02816,0,0,6.03363,5.00547,1.028160,1,0,163.763,0,0,0,163.763,0
72.29,2.17119,0,0,4.19252,0.317883,1.70345,3.6288,61.308,0.10568,0,0,2.20527,0.159464,1.94012,0.66528,12.849,1,0.385912,1.70345,0,98.0623,4.22069,95.1591,0.84672,12.849,0.84672,3695.15,0,18.483,0.0318601,2.99707,1.37937,14.3356,0.991847,17.6883,0.42336,0,0,18.483,0.42336,442.007,0,1.02816,0,0,4.02523,2.99707,1.028160,1,0,114.788,0,0,0,114.788,0
72.29,2.14197,0,0,3.40659,0.295343,0.96928,3.6288,61.308,0.0925192,0,0,1.44345,0.209519,1.14141,0.66528,12.849,1,0.380718,0.96928,0,74.9356,4.98503,70.5391,0.84672,12.849,0.84672,3695.15,0,18.483,0.0278925,2.34355,1.37982,9.46754,1.1259,12.0371,0.42336,0,0,18.483,0.42336,442.007,0,1.02816,0,0,3.37171,2.34355,1.028160,1,0,83.7177,0,0,0,83.7177,0
72.29,2.14267,0,0,3.18656,0.223453,0.82044,3.6288,61.308,0.092809,0,0,1.15519,0.230082,0.832302,0.66528,12.849,1,0.380843,0.82044,0,75.5741,4.65498,71.3587,0.84672,12.849,0.84672,3695.15,0,18.483,0.0279798,2.06135,1.36014,7.52008,1.12249,9.7911,0.42336,0,0,18.483,0.42336,442.007,0,1.02816,0,0,3.08951,2.06135,1.028160,1,0,81.9821,0,0,0,81.9821,0
72.29,2.14337,0,0,2.87295,0.201459,0.528116,3.6288,61.308,0.0930988,0,0,1.29537,0.223291,0.978979,0.66528,12.849,1,0.380968,0.528116,0,64.0448,4.29366,59.8983,0.84672,12.849,0.84672,3695.15,0,18.483,0.0280672,1.73167,1.36058,7.17621,1.08091,9.15949,0.42336,0,0,18.483,0.42336,442.007,0,1.02816,0,0,2.75983,1.73167,1.028160,1,0,70.0367,0,0,0,70.0367,0
72.29,2.14407,0,0,2.74673,0.201459,0.401191,3.6288,61.308,0.0933886,0,0,1.13261,0.223291,0.815929,0.66528,12.849,1,0.381093,0.401191,0,55.5872,4.29366,51.3136,0.84672,12.849,0.84672,3695.15,0,18.483,0.0281546,1.4858,1.36103,6.7036,1.08091,8.44137,0.42336,0,0,18.483,0.42336,442.007,0,1.02816,0,0,2.51396,1.4858,1.028160,1,0,60.5709,0,0,0,60.5709,0
71.9755,2.24652,0,0,2.50729,0.212375,0.36288,3.6288,61.308,0.141454,0,0,1.07492,0.212259,0.721206,0.66528,12.849,1,0.399302,0.36288,0,53.5949,4.16906,49.3894,0.84672,12.849,0.84672,3695.15,0,18.483,0.0426454,1.3863,1.36148,6.34885,1.05756,7.99643,0.42336,0,0,18.483,0.42336,442.007,0,1.02816,0,0,2.41446,1.3863,1.028160,1,0,58.107,0,0,0,58.107,0
71.6299,2.24578,0,0,2.43759,0.174574,0.36288,3.6288,61.308,0.14176,0,0,0.91641,0.276838,0.497812,0.66528,12.849,1,0.400914,0.36288,0,50.0904,4.69503,45.3573,0.84672,12.849,0.84672,3695.15,0,18.483,0.0427375,1.07011,1.43242,5.4406,1.21962,6.68077,0.42336,0,0,18.483,0.42336,442.007,0,1.02816,0,0,2.09827,1.07011,1.028160,1,0,52.5359,0,0,0,52.5359,0
71.122,2.24487,0,0,2.25611,0.156226,0.36288,3.6288,61.308,0.142066,0,0,0.847783,0.272004,0.433713,0.66528,12.849,1,0.402686,0.36288,0,47.6728,4.7355,42.8975,0.84672,12.849,0.84672,3695.15,0,18.483,0.0428297,0.892443,1.43289,5.04036,1.20521,6.11765,0.42336,0,0,18.483,0.42336,442.007,0,1.02816,0,0,1.9206,0.892443,1.028160,1,0,49.4489,0,0,0,49.4489,0
70.5091,2.24317,0,0,2.14872,0.155621,0.36288,3.6288,61.308,0.142372,0,0,0.855239,0.272004,0.440864,0.66528,12.849,1,0.405255,0.36288,0,40.0487,4.7355,35.2709,0.84672,12.849,0.84672,3695.15,0,18.483,0.0429219,1.11944,1.43336,4.61359,1.20521,5.91825,0.42336,0,0,18.483,0.42336,442.007,0,1.02816,0,0,2.1476,1.11944,1.028160,1,0,41.63,0,0,0,41.63,0
69.8035,2.24093,0,0,2.04898,0.150717,0.36288,3.6288,61.308,0.142678,0,0,0.79907,0.277898,0.378494,0.66528,12.849,1,0.408369,0.36288,0,37.9993,4.74183,33.212,0.84672,12.849,0.84672,3695.15,0,18.483,0.0430141,1.01334,1.43383,4.2711,1.22474,5.45051,0.42336,0,0,18.483,0.42336,442.007,0,1.02816,0,0,2.0415,1.01334,1.028160,1,0,39.041,0,0,0,39.041,0
69.0673,2.21813,0,0,1.96698,0.122172,0.36288,3.6288,61.308,0.169285,0,0,0.929146,0.280244,0.479616,0.66528,12.849,1,0.4083,0.36288,0,39.5496,5.3469,34.1573,0.84672,12.849,0.84672,3695.15,0,18.483,0.0510357,1.38258,1.4343,5.51099,1.27274,7.0041,0.42336,0,0,18.483,0.42336,442.007,0,1.02816,0,0,2.41074,1.38258,1.028160,1,0,41.641,0,0,0,41.641,0
68.2142,2.21519,0,0,1.84594,0.12101,0.36288,3.6288,61.308,0.1696,0,0,0.906768,0.274741,0.462428,0.66528,12.849,1,0.412104,0.36288,0,39.8688,5.44141,34.3782,0.84672,12.849,0.84672,3695.15,0,18.483,0.0511306,1.2983,1.45677,5.94918,1.26121,7.39191,0.42336,0,0,18.483,0.42336,442.007,0,1.02816,0,0,2.32646,1.2983,1.028160,1,0,42.2325,0,0,0,42.2325,0
67.2004,2.21158,0,0,1.68085,0.120207,0.36288,3.6288,61.308,0.169914,0,0,0.897618,0.274741,0.452963,0.66528,12.849,1,0.416578,0.36288,0,39.5607,5.44141,34.0656,0.84672,12.849,0.84672,3695.15,0,18.483,0.0512254,1.30161,1.45725,5.72584,1.26121,7.17226,0.42336,0,0,18.483,0.42336,442.007,0,1.02816,0,0,2.32977,1.30161,1.028160,1,0,41.6909,0,0,0,41.6909,0
66.032,2.20702,0,0,1.52078,0.119252,0.36288,3.6288,61.308,0.170229,0,0,0.833017,0.274741,0.388047,0.66528,12.849,1,0.421992,0.36288,0,35.5258,5.44141,30.0253,0.84672,12.849,0.84672,3695.15,0,18.483,0.0513203,1.01263,1.45772,5.49159,1.26121,6.64941,0.42336,0,0,18.483,0.42336,442.007,0,1.02816,0,0,2.04079,1.01263,1.028160,1,0,37.0627,0,0,0,37.0627,0
64.7425,2.25287,0,0,1.4154,0.0891222,0.36288,3.6288,61.308,0.194015,0,0,0.753987,0.327675,0.232296,0.66528,12.849,1,0.438381,0.36288,0,31.8349,5.89574,25.8636,0.84672,12.849,0.84672,3695.15,0,18.483,0.0584914,0.822597,1.4582,4.79344,1.48051,5.53524,0.42336,0,0,18.483,0.42336,442.007,0,1.02816,0,0,1.85076,0.822597,1.028160,1,0,31.6312,0,0,0,31.6312,0
63.6536,2.24632,0,0,1.60163,0.0813106,0.36288,3.6288,61.308,0.194338,0,0,0.919417,0.321472,0.403607,0.66528,12.849,1,0.445812,0.36288,0,39.1906,5.51345,33.5942,0.84672,12.849,0.84672,3695.15,0,18.483,0.0585886,0.908902,1.49378,4.83197,1.41225,5.76382,0.42336,0,0,18.483,0.42336,442.007,0,1.02816,0,0,1.93706,0.908902,1.028160,1,0,39.7617,0,0,0,39.7617,0
62.4438,2.24071,0,0,1.47437,0.080598,0.36288,3.6288,61.308,0.194661,0,0,0.779449,0.321472,0.263317,0.66528,12.849,1,0.452306,0.36288,0,32.1913,5.51345,26.5884,0.84672,12.849,0.84672,3695.15,0,18.483,0.0586859,1.02635,1.49427,4.67206,1.41225,5.72175,0.42336,0,0,18.483,0.42336,442.007,0,1.02816,0,0,2.05451,1.02635,1.028160,1,0,32.5735,0,0,0,32.5735,0
61.117,2.23418,0,0,1.35003,0.0798062,0.36288,3.6288,61.308,0.194984,0,0,0.721924,0.321472,0.205468,0.66528,12.849,1,0.459724,0.36288,0,30.5975,5.51345,24.9872,0.84672,12.849,0.84672,3695.15,0,18.483,0.0587832,0.728075,1.49476,4.1067,1.41225,4.8585,0.42336,0,0,18.483,0.42336,442.007,0,1.02816,0,0,1.75624,0.728075,1.028160,1,0,30.0512,0,0,0,30.0512,0
59.7352,2.37537,0,0,1.42638,0.0699672,0.36288,3.6288,61.308,0.280137,0,0,0.828766,0.326652,0.221978,0.66528,12.849,1,0.499388,0.36288,0,30.0089,5.66299,24.2094,0.84672,12.849,0.84672,3695.15,0,18.483,0.084455,1.07935,1.49525,5.43262,1.44213,6.48065,0.42336,0,0,18.483,0.42336,442.007,0,1.02816,0,0,2.10751,1.07935,1.028160,1,0,30.912,0,0,0,30.912,0
57.9292,2.36664,0,0,1.0029,0.0792861,0.36288,3.6288,61.308,0.280487,0,0,0.727747,0.319308,0.127952,0.66528,12.849,1,0.509062,0.36288,0,24.617,5.79359,18.6772,0.84672,12.849,0.84672,3695.15,0,18.483,0.0845607,0.948534,1.61477,4.41545,1.55503,5.33917,0.42336,0,0,18.483,0.42336,442.007,0,1.02816,0,0,1.97669,0.948534,1.028160,1,0,24.1444,0,0,0,24.1444,0
56.0233,2.35442,0,0,0.889315,0.0779134,0.36288,3.6288,61.308,0.280838,0,0,0.655189,0.319308,0.0550423,0.66528,12.849,1,0.522222,0.36288,0,21.8773,5.79359,15.9243,0.84672,12.849,0.84672,3695.15,0,18.483,0.0846665,0.827902,1.6153,4.28534,1.55503,5.08884,0.42336,0,0,18.483,0.42336,442.007,0,1.02816,0,0,1.85606,0.827902,1.028160,1,0,21.0682,0,0,0,21.0682,0
54.2395,2.34074,0,0,0.996183,0.0764646,0.36288,3.6288,61.308,0.281189,0,0,0.672106,0.319308,0.0716085,0.66528,12.849,1,0.53685,0.36288,0,21.7461,5.79359,15.7785,0.84672,12.849,0.84672,3695.15,0,18.483,0.0847723,0.879604,1.61583,4.59302,1.55503,5.44865,0.42336,0,0,18.483,0.42336,442.007,0,1.02816,0,0,1.90776,0.879604,1.028160,1,0,21.2988,0,0,0,21.2988,0
53.0511,2.32722,0,0,1.5943,0.0925495,0.36288,3.6288,61.308,0.28154,0,0,0.826019,0.315017,0.229461,0.66528,12.849,1,0.551305,0.36288,0,36.127,5.67484,30.2638,0.84672,12.849,0.84672,3695.15,0,18.483,0.0848781,1.28958,1.61636,5.00679,1.54047,6.28739,0.42336,0,0,18.483,0.42336,442.007,0,1.02816,0,0,2.31774,1.28958,1.028160,1,0,36.7806,0,0,0,36.7806,0
52.419,2.24731,0,0,2.11171,0.133629,0.36288,3.6288,61.308,0.230318,0,0,1.05597,0.26478,0.560874,0.66528,12.849,1,0.544301,0.36288,0,38.2328,5.30403,32.7473,0.84672,12.849,0.84672,3695.15,0,18.483,0.0694358,1.27097,1.61689,7.11392,1.39865,8.53369,0.42336,0,0,18.483,0.42336,442.007,0,1.02816,0,0,2.29913,1.27097,1.028160,1,0,41.8419,0,0,0,41.8419,0
51.7571,2.24278,0,0,2.09104,0.147293,0.36288,3.6288,61.308,0.230652,0,0,1.06555,0.247281,0.587621,0.66528,12.849,1,0.549752,0.36288,0,35.1724,5.13786,29.8477,0.84672,12.849,0.84672,3695.15,0,18.483,0.0695366,1.37678,1.54909,7.49002,1.34702,8.99934,0.42336,0,0,18.483,0.42336,442.007,0,1.02816,0,0,2.40494,1.37678,1.028160,1,0,39.4346,0,0,0,39.4346,0
50.7294,2.23788,0,0,1.7194,0.146287,0.36288,3.6288,61.308,0.230987,0,0,1.48932,0.247281,1.01105,0.66528,12.849,1,0.555566,0.36288,0,34.1442,5.13786,28.8136,0.84672,12.849,0.84672,3695.15,0,18.483,0.0696374,3.07486,1.5496,8.45666,1.34702,11.6645,0.42336,0,0,18.483,0.42336,442.007,0,1.02816,0,0,4.10302,3.07486,1.028160,1,0,41.4891,0,0,0,41.4891,0
49.4189,2.22963,0,0,1.4267,0.144727,0.36288,3.6288,61.308,0.231321,0,0,0.801023,0.247281,0.322421,0.66528,12.849,1,0.564731,0.36288,0,32.7151,5.13786,27.3754,0.84672,12.849,0.84672,3695.15,0,18.483,0.0697382,1.09598,1.55011,6.29804,1.34702,7.52737,0.42336,0,0,18.483,0.42336,442.007,0,1.02816,0,0,2.12414,1.09598,1.028160,1,0,35.2252,0,0,0,35.2252,0
48.0995,2.16116,0,0,1.39222,0.187539,0.36288,3.6288,61.308,0.18465,0,0,0.734117,0.215591,0.333877,0.66528,12.849,1,0.561906,0.36288,0,27.345,4.42842,22.7175,0.84672,12.849,0.84672,3695.15,0,18.483,0.0556678,0.919253,1.55062,5.63061,1.16001,6.88481,0.42336,0,0,18.483,0.42336,442.007,0,1.02816,0,0,1.94741,0.919253,1.028160,1,0,29.9362,0,0,0,29.9362,0
46.2693,2.1497,0,0,0.922432,0.24013,0.36288,3.6288,61.308,0.242187,0,0,0.500202,0.189431,0.0685847,0.66528,12.849,1,0.574257,0.36288,0,17.1012,3.38152,13.5083,0.84672,12.849,0.84672,3695.15,0,18.483,0.073014,0.216518,1.49033,3.70948,0.919629,4.42368,0.42336,0,0,18.483,0.42336,442.007,0,0.953692,0,0,1.17021,0.216518,1.028160,1,0,18.0005,0,0,0,18.0005,0
45.6362,2.13262,0,0,2.09776,0.23534,0.36288,3.6288,61.308,0.185288,0,0,0.710911,0.189431,0.336192,0.66528,12.849,1,0.59223,0.36288,0,33.4035,3.38152,29.7927,0.84672,12.849,0.84672,3695.15,0,18.483,0.0558603,0.501751,1.49082,6.43611,0.919629,7.45319,0.42336,0,0,18.483,0.42336,442.007,0,1.02816,0,0,1.52991,0.501751,1.028160,1,0,37.582,0,0,0,37.582,0
46.2401,2.12691,0,0,3.32736,0.233682,0.36288,3.6288,61.308,0.185608,0,0,1.48835,0.189431,1.11331,0.66528,12.849,1,0.598837,0.36288,0,45.4487,3.38152,41.8313,0.84672,12.849,0.84672,3695.15,0,18.483,0.0559566,1.59339,1.4913,10.3629,0.919629,12.472,0.42336,0,0,18.483,0.42336,442.007,0,1.02816,0,0,2.62155,1.59339,1.028160,1,0,55.4166,0,0,0,55.4166,0
45.8067,1.97303,0,0,2.13777,0.235263,0.36288,3.6288,61.308,0.087899,0,0,1.1097,0.189431,0.832369,0.66528,12.849,1,0.548258,0.36288,0,31.2587,3.38152,27.6918,0.84672,12.849,0.84672,3695.15,0,18.483,0.0264996,1.2457,1.49179,10.2243,0.919629,12.0157,0.42336,0,0,18.483,0.42336,442.007,0,1.02816,0,0,2.27386,1.2457,1.028160,1,0,40.5399,0,0,0,40.5399,0
44.1052,1.96962,0,0,0.874152,0.243102,0.36288,3.6288,61.308,0.0881864,0,0,0.583241,0.22282,0.272235,0.66528,12.849,1,0.552489,0.36288,0,29.4816,4.59669,24.6953,0.84672,12.849,0.84672,3695.15,0,18.483,0.0265862,0.725544,1.35523,7.36603,0.996439,8.42378,0.42336,0,0,18.483,0.42336,442.007,0,1.02816,0,0,1.7537,0.725544,1.028160,1,0,33.3913,0,0,0,33.3913,0
42.611,1.95376,0,0,1.06096,0.238477,0.36288,3.6288,61.308,0.0884739,0,0,0.677141,0.22282,0.365847,0.66528,12.849,1,0.569181,0.36288,0,34.16,4.59669,29.357,0.84672,12.849,0.84672,3695.15,0,18.483,0.0266729,0.978048,1.35567,8.14208,0.996439,9.45269,0.42336,0,0,18.483,0.42336,442.007,0,1.02816,0,0,2.00621,0.978048,1.028160,1,0,39.1755,0,0,0,39.1755,0
42.2393,1.93906,0,0,2.16457,0.234417,0.36288,3.6288,61.308,0.0887614,0,0,0.822336,0.22282,0.510755,0.66528,12.849,1,0.584707,0.36288,0,31.6697,4.59669,26.8511,0.84672,12.849,0.84672,3695.15,0,18.483,0.0267596,1.20204,1.35612,9.62988,0.996439,11.1648,0.42336,0,0,18.483,0.42336,442.007,0,1.02816,0,0,2.2302,1.20204,1.028160,1,0,38.5267,0,0,0,38.5267,0
43.7552,1.93575,0,0,4.03475,0.220167,0.36288,3.6288,61.308,0.0890491,0,0,1.09133,0.230027,0.772251,0.66528,12.849,1,0.588845,0.36288,0,31.7786,4.98405,26.5686,0.84672,12.849,0.84672,3695.15,0,18.483,0.0268463,1.66756,1.35656,11.3222,1.32637,12.9931,0.42336,0,0,18.483,0.42336,442.007,0,1.02816,0,0,2.69572,1.66756,1.028160,1,0,40.334,0,0,0,40.334,0
44.139,2.0133,0,0,2.99277,0.2328,0.36288,3.6288,61.308,0.117762,0,0,1.10222,0.225358,0.759097,0.66528,12.849,1,0.591217,0.36288,0,73.6904,4.75687,68.7052,0.84672,12.849,0.84672,3695.15,0,18.483,0.0355028,1.2983,1.35701,7.84798,1.28155,9.18623,0.42336,0,0,18.483,0.42336,442.007,0,1.02816,0,0,2.32646,1.2983,1.028160,1,0,78.6505,0,0,0,78.6505,0
46.3819,2.01791,0,0,4.8658,0.242078,0.36288,3.6288,61.308,0.118049,0,0,1.65974,0.209534,1.33216,0.66528,12.849,1,0.587421,0.36288,0,91.336,4.21884,86.8926,0.84672,12.849,0.84672,3695.15,0,18.483,0.0355892,1.98231,1.40085,8.25371,1.136,10.4653,0.42336,0,0,18.483,0.42336,442.007,0,1.02816,0,0,3.01047,1.98231,1.028160,1,0,98.6901,0,0,0,98.6901,0
56.3249,2.0408,0,0,12.582,0.235351,0.36288,3.6288,61.308,0.118336,0,0,3.29047,0.197132,2.975,0.66528,12.849,1,0.565355,0.36288,0,183.326,3.79008,179.334,0.84672,12.849,0.84672,3695.15,0,18.483,0.0356757,4.00575,1.4013,16.3446,1.08243,20.6336,0.42336,0,0,18.483,0.42336,442.007,0,1.02816,0,0,5.03391,4.00575,1.028160,1,0,202.942,0,0,0,202.942,0
59.7978,2.12274,0,0,6.21967,0.261169,0.36288,3.6288,61.308,0.118623,0,0,2.69673,0.197132,2.38097,0.66528,12.849,1,0.484245,0.36288,0,112.274,3.79008,108.363,0.84672,12.849,0.84672,3695.15,0,18.483,0.0357622,3.47282,1.40174,11.8336,1.08243,15.59,0.42336,0,0,18.483,0.42336,442.007,0,1.02816,0,0,4.50098,3.47282,1.028160,1,0,126.334,0,0,0,126.334,0
62.34,2.35593,0,0,5.53459,0.273593,0.36288,3.6288,61.308,0.225778,0,0,2.97753,0.190676,2.56108,0.66528,12.849,1,0.50623,0.36288,0,108.103,3.64994,104.31,0.84672,12.849,0.84672,3695.15,0,18.483,0.068067,3.94913,1.40218,10.5545,1.03516,14.8026,0.42336,0,0,18.483,0.42336,442.007,0,1.02816,0,0,4.97729,3.94913,1.028160,1,0,121.673,0,0,0,121.673,0
63.5362,2.3738,0,0,4.23361,0.300651,0.36288,3.6288,61.308,0.226099,0,0,1.80914,0.151939,1.4311,0.66528,12.849,1,0.489268,0.36288,0,73.2179,2.80906,70.2825,0.84672,12.849,0.84672,3695.15,0,18.483,0.0681637,1.6842,1.55775,6.6792,0.751554,9.10144,0.42336,0,0,18.483,0.42336,442.007,0,1.02816,0,0,2.71236,1.6842,1.028160,1,0,80.815,0,0,0,80.815,0
64.0909,2.38221,0,0,3.59239,0.292685,0.36288,3.6288,61.308,0.22642,0,0,2.06584,0.171343,1.66808,0.66528,12.849,1,0.481758,0.36288,0,67.3468,3.39669,63.8312,0.84672,12.849,0.84672,3695.15,0,18.483,0.0682605,1.88133,1.55824,7.60009,0.943558,10.0278,0.42336,0,0,18.483,0.42336,442.007,0,1.02816,0,0,2.90949,1.88133,1.028160,1,0,75.5272,0,0,0,75.5272,0
65.355,2.38644,0,0,4.28249,0.269015,0.36288,3.6288,61.308,0.22674,0,0,1.89982,0.176706,1.49638,0.66528,12.849,1,0.478436,0.36288,0,70.2337,3.98484,66.1333,0.84672,12.849,0.84672,3695.15,0,18.483,0.0683572,1.9946,1.55873,9.0612,1.13322,11.413,0.42336,0,0,18.483,0.42336,442.007,0,1.02816,0,0,3.02276,1.9946,1.028160,1,0,79.0426,0,0,0,79.0426,0
67.0646,2.09136,0,0,4.42022,0.256443,0.36288,3.6288,61.308,0.0834625,0,0,2.72258,0.188437,2.45068,0.66528,12.849,1,0.411168,0.36288,0,87.4472,3.55898,83.8399,0.84672,12.849,0.84672,3695.15,0,18.483,0.0251621,2.75896,1.55923,12.0126,0.887975,15.4177,0.42336,0,0,18.483,0.42336,442.007,0,1.02816,0,0,3.78712,2.75896,1.028160,1,0,101.708,0,0,0,101.708,0
69.5708,2.10082,0,0,5.29545,0.325525,0.36288,3.6288,61.308,0.0837382,0,0,2.86918,0.181996,2.60345,0.66528,12.849,1,0.402499,0.36288,0,102.241,3.79018,98.4108,0.84672,12.849,0.84672,3695.15,0,18.483,0.0252452,2.6538,1.34725,9.25042,0.938186,12.288,0.42336,0,0,18.483,0.42336,442.007,0,1.02816,0,0,3.68196,2.6538,1.028160,1,0,113.302,0,0,0,113.302,0
71.1245,2.11372,0,0,4.36229,0.331971,0.36288,3.6288,61.308,0.0840141,0,0,2.04285,0.181996,1.77684,0.66528,12.849,1,0.390383,0.36288,0,87.569,3.79018,83.7513,0.84672,12.849,0.84672,3695.15,0,18.483,0.0253284,1.74322,1.34768,7.81758,0.938186,9.94496,0.42336,0,0,18.483,0.42336,442.007,0,1.02816,0,0,2.77138,1.74322,1.028160,1,0,95.4731,0,0,0,95.4731,0
72.29,2.12162,0,0,4.70585,0.335967,1.08277,3.6288,61.308,0.0842899,0,0,2.4292,0.181996,2.16291,0.66528,12.849,1,0.383281,1.08277,0,99.1872,3.79018,96.0965,0.84672,12.849,0.84672,3695.15,0,18.483,0.0254115,1.85573,1.3481,6.35702,0.938186,8.59726,0.42336,0,0,18.483,0.42336,442.007,0,1.02816,0,0,2.88389,1.85573,1.028160,1,0,106.857,0,0,0,106.857,0
72.29,2.12753,0,0,7.33156,0.336233,4.86779,3.6288,61.308,0.0845659,0,0,3.77161,0.159088,3.52796,0.66528,12.849,1,0.378153,4.86779,0,183.379,3.43156,184.437,0.84672,12.849,0.84672,3695.15,0,18.483,0.0254947,4.50728,1.34853,13.4023,0.876766,18.3558,0.42336,0,0,18.483,0.42336,442.007,0,1.02816,0,0,5.53544,4.50728,1.028160,1,0,206.321,0,0,0,206.321,0
72.29,2.20597,0,0,5.46759,0.301962,2.95966,3.6288,61.308,0.120027,0,0,2.0087,0.139161,1.74951,0.66528,12.849,1,0.392094,2.95966,0,115.134,2.97039,114.731,0.84672,12.849,0.84672,3695.15,0,18.483,0.0361855,1.69322,1.34896,7.3618,0.764425,9.60337,0.42336,0,0,18.483,0.42336,442.007,0,1.02816,0,0,2.72138,1.69322,1.028160,1,0,126.084,0,0,0,126.084,0
72.29,2.20666,0,0,3.80393,0.28044,1.31683,3.6288,61.308,0.120314,0,0,1.5375,0.184707,1.23248,0.66528,12.849,1,0.392217,1.31683,0,114.613,3.93015,111.608,0.84672,12.849,0.84672,3695.15,0,18.483,0.0362721,1.18183,1.40192,7.47147,1.02048,8.99846,0.42336,0,0,18.483,0.42336,442.007,0,1.02816,0,0,2.20999,1.18183,1.028160,1,0,121.838,0,0,0,121.838,0
72.29,2.20736,0,0,2.96138,0.28044,0.473579,3.6288,61.308,0.120602,0,0,1.54281,0.184707,1.2375,0.66528,12.849,1,0.392341,0.473579,0,80.0695,3.93015,76.2206,0.84672,12.849,0.84672,3695.15,0,18.483,0.0363587,1.33789,1.40236,5.24521,1.02048,6.92862,0.42336,0,0,18.483,0.42336,442.007,0,1.02816,0,0,2.36605,1.33789,1.028160,1,0,84.3867,0,0,0,84.3867,0
72.1942,2.20805,0,0,2.75555,0.28044,0.36288,3.6288,61.308,0.120889,0,0,1.66939,0.184707,1.36379,0.66528,12.849,1,0.392465,0.36288,0,68.2957,3.93015,64.336,0.84672,12.849,0.84672,3695.15,0,18.483,0.0364453,1.25004,1.40281,6.81848,1.02048,8.4144,0.42336,0,0,18.483,0.42336,442.007,0,1.02816,0,0,2.2782,1.25004,1.028160,1,0,74.1142,0,0,0,74.1142,0
72.29,2.17787,0,0,3.08079,0.247438,0.559651,3.6288,61.308,0.107493,0,0,1.91518,0.18552,1.62216,0.66528,12.849,1,0.387614,0.559651,0,80.0876,3.71076,76.5489,0.84672,12.849,0.84672,3695.15,0,18.483,0.0324069,1.85602,1.40325,7.81994,0.997312,10.0495,0.42336,0,0,18.483,0.42336,442.007,0,1.02816,0,0,2.88418,1.85602,1.028160,1,0,88.2205,0,0,0,88.2205,0
72.29,2.179,0,0,3.10797,0.200124,0.728852,3.6288,61.308,0.107777,0,0,1.28612,0.202205,0.976135,0.66528,12.849,1,0.3873,0.728852,0,67.7341,3.92364,64.1521,0.84672,12.849,0.84672,3695.15,0,18.483,0.0324922,1.31927,1.38322,6.27282,1.06537,7.87744,0.42336,0,0,18.483,0.42336,442.007,0,1.02816,0,0,2.34743,1.31927,1.028160,1,0,73.0056,0,0,0,73.0056,0
72.1999,2.17968,0,0,2.65263,0.200124,0.36288,3.6288,61.308,0.10806,0,0,1.21498,0.202205,0.904718,0.66528,12.849,1,0.387422,0.36288,0,59.396,3.92364,55.4478,0.84672,12.849,0.84672,3695.15,0,18.483,0.0325776,1.07261,1.38365,5.33539,1.06537,6.69371,0.42336,0,0,18.483,0.42336,442.007,0,1.02816,0,0,2.10077,1.07261,1.028160,1,0,63.0463,0,0,0,63.0463,0
71.8169,2.17996,0,0,2.35983,0.199987,0.36288,3.6288,61.308,0.108343,0,0,1.08715,0.202205,0.776606,0.66528,12.849,1,0.387955,0.36288,0,50.929,3.92364,46.9803,0.84672,12.849,0.84672,3695.15,0,18.483,0.032663,0.809836,1.38409,4.56204,1.06537,5.65793,0.42336,0,0,18.483,0.42336,442.007,0,1.02816,0,0,1.838,0.809836,1.028160,1,0,53.4148,0,0,0,53.4148,0
71.1489,2.28225,0,0,2.16355,0.186489,0.36288,3.6288,61.308,0.157211,0,0,0.983647,0.185138,0.641298,0.66528,12.849,1,0.408325,0.36288,0,46.7279,3.56976,43.1127,0.84672,12.849,0.84672,3695.15,0,18.483,0.0473955,0.676512,1.38452,4.26329,0.975615,5.30131,0.42336,0,0,18.483,0.42336,442.007,0,1.02816,0,0,1.70467,0.676512,1.028160,1,0,49.0553,0,0,0,49.0553,0
70.5877,2.27972,0,0,2.23164,0.150183,0.36288,3.6288,61.308,0.157509,0,0,0.991475,0.236986,0.596979,0.66528,12.849,1,0.411703,0.36288,0,40.6617,4.69928,35.9136,0.84672,12.849,0.84672,3695.15,0,18.483,0.0474855,0.686811,1.45665,4.27736,1.10816,5.26517,0.42336,0,0,18.483,0.42336,442.007,0,1.02816,0,0,1.71497,0.686811,1.028160,1,0,41.7757,0,0,0,41.7757,0
69.916,2.27767,0,0,2.11833,0.149538,0.36288,3.6288,61.308,0.157808,0,0,0.904876,0.236986,0.510081,0.66528,12.849,1,0.414602,0.36288,0,36.8482,4.69928,32.0972,0.84672,12.849,0.84672,3695.15,0,18.483,0.0475756,0.501552,1.45711,4.01476,1.10816,4.81768,0.42336,0,0,18.483,0.42336,442.007,0,1.02816,0,0,1.52971,0.501552,1.028160,1,0,37.425,0,0,0,37.425,0
69.085,2.27503,0,0,1.92032,0.113423,0.36288,3.6288,61.308,0.158107,0,0,0.863819,0.260595,0.445117,0.66528,12.849,1,0.418099,0.36288,0,32.4904,4.96703,27.4681,0.84672,12.849,0.84672,3695.15,0,18.483,0.0476657,0.45157,1.45757,3.91046,1.17657,4.59536,0.42336,0,0,18.483,0.42336,442.007,0,1.02816,0,0,1.47973,0.45157,1.028160,1,0,32.5086,0,0,0,32.5086,0
68.1666,2.2715,0,0,1.81466,0.0986488,0.36288,3.6288,61.308,0.158406,0,0,0.825172,0.270038,0.396728,0.66528,12.849,1,0.422473,0.36288,0,31.4459,5.07412,26.3122,0.84672,12.849,0.84672,3695.15,0,18.483,0.0477558,0.351372,1.45803,3.89961,1.20394,4.45732,0.42336,0,0,18.483,0.42336,442.007,0,1.02816,0,0,1.37953,0.351372,1.028160,1,0,31.1662,0,0,0,31.1662,0
67.1615,2.24712,0,0,1.70849,0.103569,0.36288,3.6288,61.308,0.18545,0,0,0.765366,0.227814,0.352102,0.66528,12.849,1,0.423569,0.36288,0,33.6582,4.75125,28.8462,0.84672,12.849,0.84672,3695.15,0,18.483,0.0559089,0.478509,1.45849,3.73585,1.14053,4.4764,0.42336,0,0,18.483,0.42336,442.007,0,1.02816,0,0,1.50667,0.478509,1.028160,1,0,33.6747,0,0,0,33.6747,0
66.0347,2.2425,0,0,1.58353,0.104985,0.36288,3.6288,61.308,0.185757,0,0,0.732853,0.210924,0.336172,0.66528,12.849,1,0.429025,0.36288,0,34.4028,4.6221,29.7145,0.84672,12.849,0.84672,3695.15,0,18.483,0.0560016,0.550187,1.48132,3.65391,1.11517,4.51424,0.42336,0,0,18.483,0.42336,442.007,0,1.02816,0,0,1.57835,0.550187,1.028160,1,0,34.5649,0,0,0,34.5649,0
64.7682,2.23708,0,0,1.43757,0.104051,0.36288,3.6288,61.308,0.186065,0,0,0.692297,0.210924,0.295309,0.66528,12.849,1,0.43529,0.36288,0,33.3804,4.6221,28.6859,0.84672,12.849,0.84672,3695.15,0,18.483,0.0560943,0.395366,1.48178,3.43463,1.11517,4.14052,0.42336,0,0,18.483,0.42336,442.007,0,1.02816,0,0,1.42353,0.395366,1.028160,1,0,33.1217,0,0,0,33.1217,0
63.397,2.23068,0,0,1.31634,0.0940235,0.36288,3.6288,61.308,0.186372,0,0,0.658904,0.232862,0.239669,0.66528,12.849,1,0.442532,0.36288,0,29.4373,4.9044,24.4532,0.84672,12.849,0.84672,3695.15,0,18.483,0.0561871,0.33696,1.48225,3.33553,1.21822,3.88034,0.42336,0,0,18.483,0.42336,442.007,0,1.02816,0,0,1.36512,0.33696,1.028160,1,0,28.5732,0,0,0,28.5732,0
62.0596,2.27531,0,0,1.36876,0.0679801,0.36288,3.6288,61.308,0.210545,0,0,0.652636,0.287284,0.154807,0.66528,12.849,1,0.46115,0.36288,0,28.0362,5.60922,22.3287,0.84672,12.849,0.84672,3695.15,0,18.483,0.0634748,0.330722,1.48272,3.18363,1.47154,3.46206,0.42336,0,0,18.483,0.42336,442.007,0,1.02816,0,0,1.35888,0.330722,1.028160,1,0,25.9456,0,0,0,25.9456,0
60.9505,2.26779,0,0,1.58193,0.0602959,0.36288,3.6288,61.308,0.210861,0,0,0.737182,0.286224,0.240097,0.66528,12.849,1,0.469531,0.36288,0,30.3355,5.6069,24.6219,0.84672,12.849,0.84672,3695.15,0,18.483,0.0635698,0.404758,1.51888,3.16947,1.4608,3.56873,0.42336,0,0,18.483,0.42336,442.007,0,1.02816,0,0,1.43292,0.404758,1.028160,1,0,28.4308,0,0,0,28.4308,0
59.6667,2.26145,0,0,1.4002,0.0597458,0.36288,3.6288,61.308,0.211176,0,0,0.691908,0.286224,0.194508,0.66528,12.849,1,0.476737,0.36288,0,28.6362,5.6069,22.9155,0.84672,12.849,0.84672,3695.15,0,18.483,0.0636649,0.331551,1.51936,3.17123,1.4608,3.49767,0.42336,0,0,18.483,0.42336,442.007,0,1.02816,0,0,1.35971,0.331551,1.028160,1,0,26.6077,0,0,0,26.6077,0
58.2712,2.25372,0,0,1.28019,0.0590635,0.36288,3.6288,61.308,0.213623,0,0,0.668373,0.286224,0.168527,0.66528,12.849,1,0.48533,0.36288,0,26.8925,5.6069,21.1632,0.84672,12.849,0.84672,3695.15,0,18.483,0.0644025,0.227405,1.51983,3.0215,1.4608,3.24354,0.42336,0,0,18.483,0.42336,442.007,0,1.02539,0,0,1.25279,0.227405,1.028160,1,0,24.5752,0,0,0,24.5752,0
56.5684,2.39483,0,0,1.09856,0.0436522,0.36288,3.6288,61.308,0.309596,0,0,0.665643,0.292586,0.063461,0.66528,12.849,1,0.528069,0.36288,0,25.6521,5.8662,19.6207,0.84672,12.849,0.84672,3695.15,0,18.483,0.0933362,0.227405,1.52031,3.00233,1.47608,3.18064,0.42336,0,0,18.483,0.42336,442.007,0,1.01314,0,0,1.24055,0.227405,1.028160,1,0,22.8648,0,0,0,22.8648,0
55.0387,2.38263,0,0,1.2609,0.0450335,0.36288,3.6288,61.308,0.298401,0,0,0.641745,0.319432,0.0239122,0.66528,12.849,1,0.541193,0.36288,0,21.6054,6.31302,15.1141,0.84672,12.849,0.84672,3695.15,0,18.483,0.0899612,0.25996,1.64181,4.22226,1.54635,4.48772,0.42336,0,0,18.483,0.42336,442.007,0,1.02816,0,0,1.28812,0.25996,1.028160,1,0,19.6257,0,0,0,19.6257,0
53.6515,2.37118,0,0,1.38981,0.0429604,0.36288,3.6288,61.308,0.298743,0,0,0.702894,0.312522,0.0916289,0.66528,12.849,1,0.553561,0.36288,0,22.6857,6.4009,16.0941,0.84672,12.849,0.84672,3695.15,0,18.483,0.0900645,0.467234,1.64233,3.96869,1.586,4.40218,0.42336,0,0,18.483,0.42336,442.007,0,1.02816,0,0,1.49539,0.467234,1.028160,1,0,20.5879,0,0,0,20.5879,0
52.0304,2.36038,0,0,1.1445,0.0423621,0.36288,3.6288,61.308,0.299086,0,0,0.611774,0.312522,0.000165966,0.66528,12.849,1,0.565286,0.36288,0,28.1629,6.4009,21.5596,0.84672,12.849,0.84672,3695.15,0,18.483,0.0901679,0.293181,1.64285,3.54069,1.586,3.80054,0.42336,0,0,18.483,0.42336,442.007,0,1.02816,0,0,1.32134,0.293181,1.028160,1,0,25.3603,0,0,0,25.3603,0
50.545,2.34699,0,0,1.26611,0.0416629,0.36288,3.6288,61.308,0.299429,0,0,0.840386,0.312522,0.228435,0.66528,12.849,1,0.579593,0.36288,0,24.1459,6.4009,17.5282,0.84672,12.849,0.84672,3695.15,0,18.483,0.0902713,0.701559,1.64336,4.23118,1.586,4.89983,0.42336,0,0,18.483,0.42336,442.007,0,1.02816,0,0,1.72972,0.701559,1.028160,1,0,22.6565,0,0,0,22.6565,0
49.0877,2.26293,0,0,1.24014,0.071594,0.36288,3.6288,61.308,0.247339,0,0,0.677148,0.29504,0.134769,0.66528,12.849,1,0.575257,0.36288,0,27.7429,6.42868,21.1018,0.84672,12.849,0.84672,3695.15,0,18.483,0.0745672,0.442385,1.64388,3.81523,1.52438,4.30254,0.42336,0,0,18.483,0.42336,442.007,0,1.02816,0,0,1.47055,0.442385,1.028160,1,0,25.5391,0,0,0,25.5391,0
48.5737,2.2501,0,0,2.19199,0.0930706,0.36288,3.6288,61.308,0.247666,0,0,1.051,0.281928,0.521407,0.66528,12.849,1,0.588977,0.36288,0,23.6173,6.44952,16.9417,0.84672,12.849,0.84672,3695.15,0,18.483,0.0746657,1.20824,1.57494,4.52805,1.47817,5.7584,0.42336,0,0,18.483,0.42336,442.007,0,1.02816,0,0,2.2364,1.20824,1.028160,1,0,23.2215,0,0,0,23.2215,0
47.074,2.24588,0,0,1.20169,0.0925546,0.36288,3.6288,61.308,0.247992,0,0,0.679833,0.281928,0.149912,0.66528,12.849,1,0.594093,0.36288,0,29.8915,6.44952,23.2108,0.84672,12.849,0.84672,3695.15,0,18.483,0.0747642,0.506416,1.57543,2.81935,1.47817,3.34827,0.42336,0,0,18.483,0.42336,442.007,0,1.02816,0,0,1.53458,0.506416,1.028160,1,0,26.709,0,0,0,26.709,0
45.5033,2.23171,0,0,1.11491,0.0910495,0.36288,3.6288,61.308,0.298328,0,0,0.690123,0.281928,0.109866,0.66528,12.849,1,0.609153,0.36288,0,17.7547,6.44952,11.0589,0.84672,12.849,0.84672,3695.15,0,18.483,0.0899392,0.216518,1.57593,2.13057,1.47817,2.35491,0.42336,0,0,18.483,0.42336,442.007,0,0.963075,0,0,1.17959,0.216518,1.028160,1,0,13.5237,0,0,0,13.5237,0
45.8737,2.15877,0,0,3.05511,0.163082,0.36288,3.6288,61.308,0.200858,0,0,1.04286,0.279849,0.56215,0.66528,12.849,1,0.609582,0.36288,0,30.3319,5.58317,24.5021,0.84672,12.849,0.84672,3695.15,0,18.483,0.0605543,1.69347,1.57643,6.5604,1.30763,8.46211,0.42336,0,0,18.483,0.42336,442.007,0,1.02816,0,0,2.72163,1.69347,1.028160,1,0,33.5263,0,0,0,33.5263,0
46.6581,2.16329,0,0,3.49447,0.183911,0.36288,3.6288,61.308,0.20117,0,0,2.01239,0.225942,1.58527,0.66528,12.849,1,0.605928,0.36288,0,65.9396,3.62743,62.0691,0.84672,12.849,0.84672,3695.15,0,18.483,0.0606483,3.14098,1.51511,12.0696,0.981386,15.6836,0.42336,0,0,18.483,0.42336,442.007,0,1.02816,0,0,4.16914,3.14098,1.028160,1,0,79.338,0,0,0,79.338,0
46.8252,2.17196,0,0,2.8875,0.185522,0.36288,3.6288,61.308,0.201482,0,0,0.930234,0.225942,0.50281,0.66528,12.849,1,0.598129,0.36288,0,47.8477,3.62743,43.985,0.84672,12.849,0.84672,3695.15,0,18.483,0.0607424,0.820091,1.51559,5.32201,0.981386,6.61556,0.42336,0,0,18.483,0.42336,442.007,0,1.02816,0,0,1.84825,0.820091,1.028160,1,0,51.1034,0,0,0,51.1034,0
48.3989,2.17432,0,0,4.31017,0.199293,0.36288,3.6288,61.308,0.201794,0,0,1.83275,0.245267,1.38569,0.66528,12.849,1,0.596642,0.36288,0,73.6324,4.04067,69.358,0.84672,12.849,0.84672,3695.15,0,18.483,0.0608364,2.0677,1.51607,11.7887,1.09792,14.2137,0.42336,0,0,18.483,0.42336,442.007,0,1.02816,0,0,3.09586,2.0677,1.028160,1,0,84.9574,0,0,0,84.9574,0
50.3712,2.02538,0,0,4.58158,0.220975,0.36288,3.6288,61.308,0.102453,0,0,1.768,0.271034,1.39452,0.66528,12.849,1,0.537702,0.36288,0,84.0544,4.59165,79.2879,0.84672,12.849,0.84672,3695.15,0,18.483,0.0308873,2.96121,1.51654,11.5934,1.25331,14.787,0.42336,0,0,18.483,0.42336,442.007,0,1.02816,0,0,3.98937,2.96121,1.028160,1,0,95.4694,0,0,0,95.4694,0
54.9228,2.0428,0,0,7.18083,0.223594,0.36288,3.6288,61.308,0.102734,0,0,3.19014,0.216178,2.87123,0.66528,12.849,1,0.521091,0.36288,0,91.1701,4.07793,86.934,0.84672,12.849,0.84672,3695.15,0,18.483,0.030972,3.54828,1.3777,13.5991,0.937254,17.5568,0.42336,0,0,18.483,0.42336,442.007,0,1.02816,0,0,4.57644,3.54828,1.028160,1,0,107.362,0,0,0,107.362,0
56.1194,2.07845,0,0,3.87195,0.233948,0.36288,3.6288,61.308,0.103015,0,0,2.55178,0.207036,2.24173,0.66528,12.849,1,0.486247,0.36288,0,79.5779,3.99231,75.4622,0.84672,12.849,0.84672,3695.15,0,18.483,0.0310567,2.72868,1.37813,7.54963,0.884579,10.7408,0.42336,0,0,18.483,0.42336,442.007,0,1.02816,0,0,3.75684,2.72868,1.028160,1,0,88.4447,0,0,0,88.4447,0
57.1397,2.08755,0,0,3.7074,0.236762,0.36288,3.6288,61.308,0.103296,0,0,2.44124,0.207036,2.13091,0.66528,12.849,1,0.477961,0.36288,0,74.6401,3.99231,70.5327,0.84672,12.849,0.84672,3695.15,0,18.483,0.0311414,2.75964,1.37856,7.66126,0.884579,10.8837,0.42336,0,0,18.483,0.42336,442.007,0,1.02816,0,0,3.7878,2.75964,1.028160,1,0,83.5474,0,0,0,83.5474,0
58.1256,2.09517,0,0,3.68046,0.236508,0.36288,3.6288,61.308,0.103577,0,0,2.30258,0.230291,1.96871,0.66528,12.849,1,0.471142,0.36288,0,85.6708,4.56052,81.002,0.84672,12.849,0.84672,3695.15,0,18.483,0.0312261,2.17922,1.379,8.47921,1.14273,10.8635,0.42336,0,0,18.483,0.42336,442.007,0,1.02816,0,0,3.20738,2.17922,1.028160,1,0,93.8342,0,0,0,93.8342,0
59.7034,2.16822,0,0,4.35074,0.24176,0.36288,3.6288,61.308,0.132753,0,0,1.92465,0.24051,1.55138,0.66528,12.849,1,0.479299,0.36288,0,73.8798,4.91746,68.8459,0.84672,12.849,0.84672,3695.15,0,18.483,0.0400221,2.83882,1.37943,8.79034,1.33496,11.6336,0.42336,0,0,18.483,0.42336,442.007,0,1.02816,0,0,3.86698,2.83882,1.028160,1,0,82.0309,0,0,0,82.0309,0
63.4447,2.17931,0,0,6.5378,0.254316,0.36288,3.6288,61.308,0.133033,0,0,1.66175,0.212793,1.31592,0.66528,12.849,1,0.469017,0.36288,0,134.181,4.38323,129.692,0.84672,12.849,0.84672,3695.15,0,18.483,0.0401065,3.48336,1.42399,14.16,1.13232,17.8949,0.42336,0,0,18.483,0.42336,442.007,0,1.02816,0,0,4.51152,3.48336,1.028160,1,0,148.902,0,0,0,148.902,0
65.8604,2.20298,0,0,5.24403,0.262488,0.36288,3.6288,61.308,0.133313,0,0,1.15102,0.212793,0.804915,0.66528,12.849,1,0.446153,0.36288,0,90.2604,4.38323,85.7939,0.84672,12.849,0.84672,3695.15,0,18.483,0.0401908,2.96882,1.42442,9.30139,1.13232,12.5221,0.42336,0,0,18.483,0.42336,442.007,0,1.02816,0,0,3.99698,2.96882,1.028160,1,0,99.1209,0,0,0,99.1209,0
67.6497,2.21734,0,0,4.63927,0.269805,0.36288,3.6288,61.308,0.133593,0,0,1.01938,0.19617,0.689619,0.66528,12.849,1,0.432591,0.36288,0,78.8694,4.1252,74.6745,0.84672,12.849,0.84672,3695.15,0,18.483,0.0402752,2.41955,1.42485,8.40819,1.06337,11.1489,0.42336,0,0,18.483,0.42336,442.007,0,1.02816,0,0,3.44771,2.41955,1.028160,1,0,86.513,0,0,0,86.513,0
70.2143,2.44491,0,0,5.64902,0.276577,0.36288,3.6288,61.308,0.2425,0,0,1.09924,0.174005,0.682736,0.66528,12.849,1,0.464373,0.36288,0,83.3293,3.78116,79.4467,0.84672,12.849,0.84672,3695.15,0,18.483,0.0731083,3.25082,1.42528,9.45829,0.971442,13.0898,0.42336,0,0,18.483,0.42336,442.007,0,1.02816,0,0,4.27898,3.25082,1.028160,1,0,93.2193,0,0,0,93.2193,0
72.29,2.45999,0,0,5.52906,0.335555,0.657822,3.6288,61.308,0.242813,0,0,1.09242,0.17234,0.677272,0.66528,12.849,1,0.450171,0.657822,0,99.9821,2.88309,97.3066,0.84672,12.849,0.84672,3695.15,0,18.483,0.0732027,3.0468,1.58339,11.8173,0.877732,15.4965,0.42336,0,0,18.483,0.42336,442.007,0,1.02816,0,0,4.07496,3.0468,1.028160,1,0,113.48,0,0,0,113.48,0
72.29,2.47172,0,0,5.65531,0.340924,2.84267,3.6288,61.308,0.243126,0,0,1.03793,0.17234,0.622466,0.66528,12.849,1,0.439329,2.84267,0,94.4188,2.88309,93.939,0.84672,12.849,0.84672,3695.15,0,18.483,0.0732971,2.70893,1.58387,8.75586,0.877732,12.0976,0.42336,0,0,18.483,0.42336,442.007,0,1.02816,0,0,3.73709,2.70893,1.028160,1,0,106.659,0,0,0,106.659,0
72.29,2.47247,0,0,4.91308,0.335729,2.10488,3.6288,61.308,0.243439,0,0,1.11186,0.183405,0.68502,0.66528,12.849,1,0.439462,2.10488,0,86.5339,3.14517,85.0542,0.84672,12.849,0.84672,3695.15,0,18.483,0.0733915,2.7971,1.58436,9.41293,0.959724,12.7613,0.42336,0,0,18.483,0.42336,442.007,0,1.02816,0,0,3.82526,2.7971,1.028160,1,0,98.5005,0,0,0,98.5005,0
72.29,2.15972,0,0,5.80262,0.31491,3.32799,3.6288,61.308,0.0977967,0,0,1.14713,0.194712,0.854625,0.66528,12.849,1,0.383874,3.32799,0,87.8152,4.18116,86.5782,0.84672,12.849,0.84672,3695.15,0,18.483,0.0294835,3.21423,1.58484,10.8101,1.33282,14.2469,0.42336,0,0,18.483,0.42336,442.007,0,1.02816,0,0,4.24239,3.21423,1.028160,1,0,101.68,0,0,0,101.68,0
71.8527,2.16037,0,0,2.40519,0.319246,0.36288,3.6288,61.308,0.0980657,0,0,0.789463,0.167782,0.523615,0.66528,12.849,1,0.38399,0.36288,0,57.0492,3.91114,53.117,0.84672,12.849,0.84672,3695.15,0,18.483,0.0295646,1.24526,1.36936,6.47464,1.07613,7.98357,0.42336,0,0,18.483,0.42336,442.007,0,1.02816,0,0,2.27342,1.24526,1.028160,1,0,61.6242,0,0,0,61.6242,0
72.29,2.15905,0,0,4.30538,0.318186,1.39083,3.6288,61.308,0.0983349,0,0,1.5096,0.167782,1.24348,0.66528,12.849,1,0.38609,1.39083,0,53.1119,3.91114,50.2055,0.84672,12.849,0.84672,3695.15,0,18.483,0.0296458,2.61383,1.36978,9.82067,1.07613,12.6985,0.42336,0,0,18.483,0.42336,442.007,0,1.02816,0,0,3.64199,2.61383,1.028160,1,0,64.1475,0,0,0,64.1475,0
72.29,2.16168,0,0,7.53962,0.319246,5.05869,3.6288,61.308,0.098604,0,0,2.52587,0.167782,2.25948,0.66528,12.849,1,0.384223,5.05869,0,118.523,3.91114,119.286,0.84672,12.849,0.84672,3695.15,0,18.483,0.0297269,4.44289,1.37019,19.2224,1.07613,23.9297,0.42336,0,0,18.483,0.42336,442.007,0,1.02816,0,0,5.47105,4.44289,1.028160,1,0,145.475,0,0,0,145.475,0
72.29,2.16234,0,0,7.6617,0.321595,5.17777,3.6288,61.308,0.0988733,0,0,2.05448,0.214177,1.74143,0.66528,12.849,1,0.384339,5.17777,0,195.199,3.86857,196.124,0.84672,12.849,0.84672,3695.15,0,18.483,0.0298081,3.69084,1.37061,15.9295,1.02725,19.9339,0.42336,0,0,18.483,0.42336,442.007,0,1.02816,0,0,4.719,3.69084,1.028160,1,0,217.799,0,0,0,217.799,0
72.29,2.24203,0,0,5.33052,0.29562,2.79287,3.6288,61.308,0.134903,0,0,1.66272,0.192583,1.33524,0.66528,12.849,1,0.398503,2.79287,0,112.556,3.56304,111.387,0.84672,12.849,0.84672,3695.15,0,18.483,0.0406702,2.65642,1.37102,12.9581,1.06995,15.8749,0.42336,0,0,18.483,0.42336,442.007,0,1.02816,0,0,3.68458,2.65642,1.028160,1,0,128.597,0,0,0,128.597,0
72.29,2.2427,0,0,4.26453,0.275845,1.74598,3.6288,61.308,0.135183,0,0,1.58776,0.170588,1.28199,0.66528,12.849,1,0.398624,1.74598,0,81.4994,3.33921,79.5075,0.84672,12.849,0.84672,3695.15,0,18.483,0.0407547,2.07167,1.42484,8.33233,1.10808,10.68,0.42336,0,0,18.483,0.42336,442.007,0,1.02816,0,0,3.09983,2.07167,1.028160,1,0,91.4695,0,0,0,91.4695,0
72.29,2.24338,0,0,4.10929,0.240133,1.62577,3.6288,61.308,0.135463,0,0,1.52432,0.189619,1.19924,0.66528,12.849,1,0.398745,1.62577,0,72.6667,3.57189,70.3219,0.84672,12.849,0.84672,3695.15,0,18.483,0.0408392,1.86778,1.42527,8.19184,1.15388,10.2902,0.42336,0,0,18.483,0.42336,442.007,0,1.02816,0,0,2.89594,1.86778,1.028160,1,0,81.8113,0,0,0,81.8113,0
72.29,2.24406,0,0,3.35539,0.212137,0.899186,3.6288,61.308,0.135744,0,0,1.26845,0.257673,0.87503,0.66528,12.849,1,0.398865,0.899186,0,62.5441,5.2485,57.7959,0.84672,12.849,0.84672,3695.15,0,18.483,0.0409237,1.47429,1.4257,6.89818,1.35349,8.40376,0.42336,0,0,18.483,0.42336,442.007,0,1.02816,0,0,2.50245,1.47429,1.028160,1,0,67.0747,0,0,0,67.0747,0
72.29,2.21381,0,0,3.55531,0.175441,1.16606,3.6288,61.308,0.122118,0,0,1.18294,0.258267,0.802551,0.66528,12.849,1,0.393487,1.16606,0,71.8036,4.9398,67.6364,0.84672,12.849,0.84672,3695.15,0,18.483,0.0368159,1.40492,1.42613,6.5385,1.31045,8.0223,0.42336,0,0,18.483,0.42336,442.007,0,1.02816,0,0,2.43308,1.40492,1.028160,1,0,76.4612,0,0,0,76.4612,0
72.29,2.21448,0,0,3.8415,0.16189,1.46513,3.6288,61.308,0.122395,0,0,1.13972,0.22974,0.787586,0.66528,12.849,1,0.393606,1.46513,0,69.9719,3.93057,67.1129,0.84672,12.849,0.84672,3695.15,0,18.483,0.0368992,1.49276,1.40576,6.11188,1.18312,7.79037,0.42336,0,0,18.483,0.42336,442.007,0,1.02816,0,0,2.52092,1.49276,1.028160,1,0,75.6908,0,0,0,75.6908,0
72.29,2.21515,0,0,3.44849,0.16189,1.07146,3.6288,61.308,0.122671,0,0,1.20229,0.22974,0.84988,0.66528,12.849,1,0.393726,1.07146,0,64.7006,3.93057,61.4478,0.84672,12.849,0.84672,3695.15,0,18.483,0.0369825,1.55955,1.40618,6.13854,1.18312,7.88417,0.42336,0,0,18.483,0.42336,442.007,0,1.02816,0,0,2.58771,1.55955,1.028160,1,0,70.1818,0,0,0,70.1818,0
72.29,2.21582,0,0,3.74973,0.16189,1.37203,3.6288,61.308,0.122947,0,0,1.03635,0.22974,0.683664,0.66528,12.849,1,0.393845,1.37203,0,66.7552,3.93057,63.8028,0.84672,12.849,0.84672,3695.15,0,18.483,0.0370658,1.1838,1.40661,7.52213,1.18312,8.89235,0.42336,0,0,18.483,0.42336,442.007,0,1.02816,0,0,2.21196,1.1838,1.028160,1,0,73.3789,0,0,0,73.3789,0
72.29,2.32163,0,0,3.38338,0.119315,0.942434,3.6288,61.308,0.172597,0,0,1.01447,0.25051,0.591367,0.66528,12.849,1,0.412652,0.942434,0,60.5386,5.56805,55.5003,0.84672,12.849,0.84672,3695.15,0,18.483,0.0520341,1.27901,1.40703,6.33095,1.24768,7.71728,0.42336,0,0,18.483,0.42336,442.007,0,1.02816,0,0,2.30717,1.27901,1.028160,1,0,63.809,0,0,0,63.809,0
72.2271,2.32233,0,0,2.76587,0.143523,0.36288,3.6288,61.308,0.172888,0,0,0.8863,0.234929,0.478483,0.66528,12.849,1,0.412777,0.36288,0,41.7195,4.82221,36.8474,0.84672,12.849,0.84672,3695.15,0,18.483,0.052122,1.02459,1.48031,4.90095,1.06938,6.28434,0.42336,0,0,18.483,0.42336,442.007,0,1.02816,0,0,2.05275,1.02459,1.028160,1,0,43.6102,0,0,0,43.6102,0
72.0676,2.32273,0,0,2.67359,0.147487,0.36288,3.6288,61.308,0.17318,0,0,0.801887,0.232332,0.396375,0.66528,12.849,1,0.413207,0.36288,0,39.1109,4.69791,34.3627,0.84672,12.849,0.84672,3695.15,0,18.483,0.0522099,0.784719,1.48076,4.3588,1.03967,5.5324,0.42336,0,0,18.483,0.42336,442.007,0,1.02816,0,0,1.81288,0.784719,1.028160,1,0,40.2915,0,0,0,40.2915,0
71.6206,2.32266,0,0,2.36425,0.125751,0.36288,3.6288,61.308,0.173471,0,0,0.752639,0.246497,0.332671,0.66528,12.849,1,0.414109,0.36288,0,34.767,4.85856,29.8572,0.84672,12.849,0.84672,3695.15,0,18.483,0.0522978,0.682344,1.48121,4.25654,1.08071,5.28708,0.42336,0,0,18.483,0.42336,442.007,0,1.02816,0,0,1.7105,0.682344,1.028160,1,0,35.477,0,0,0,35.477,0
71.0778,2.32117,0,0,2.23792,0.0966773,0.36288,3.6288,61.308,0.173763,0,0,0.722123,0.265384,0.282976,0.66528,12.849,1,0.416427,0.36288,0,32.1589,5.07276,27.0326,0.84672,12.849,0.84672,3695.15,0,18.483,0.0523857,0.59178,1.48166,4.14382,1.13544,5.02943,0.42336,0,0,18.483,0.42336,442.007,0,1.02816,0,0,1.61994,0.59178,1.028160,1,0,32.345,0,0,0,32.345,0
70.0554,2.29841,0,0,1.74478,0.105849,0.36288,3.6288,61.308,0.201232,0,0,0.618916,0.267796,0.149888,0.66528,12.849,1,0.415492,0.36288,0,24.7004,5.0907,19.5571,0.84672,12.849,0.84672,3695.15,0,18.483,0.060667,0.342827,1.4821,3.27207,1.17989,3.85644,0.42336,0,0,18.483,0.42336,442.007,0,1.02816,0,0,1.37099,0.342827,1.028160,1,0,23.5634,0,0,0,23.5634,0
68.6981,2.29398,0,0,1.41167,0.112144,0.36288,3.6288,61.2692,0.29906,0,0,0.529869,0.269604,0,0.66528,12.849,1,0.420743,0.36288,0,19.2911,5.10416,14.1291,0.84672,12.849,0.84672,3695.15,0,18.483,0.0901599,0.261274,1.50528,2.5353,1.21323,2.99847,0.42336,0,0,18.483,0.42336,442.007,0,0.90123,0,0,1.1625,0.261274,1.028160,1,0,17.1276,0,0,0,17.1276,0
67.2272,2.28767,0,0,1.29066,0.110969,0.36288,3.6288,61.2339,0.282921,0,0,0.517151,0.269538,0,0.66528,12.849,1,0.427875,0.36288,0,19.0189,5.10416,13.8497,0.84672,12.849,0.84672,3695.15,0,18.483,0.0853484,0.261274,1.50574,2.50414,1.21323,2.97258,0.42336,0,0,18.483,0.42336,442.007,0,0.922571,0,0,1.18384,0.261274,1.028160,1,0,16.8223,0,0,0,16.8223,0
65.6537,2.2805,0,0,1.17957,0.109696,0.36288,3.6288,61.0326,0.415401,0,0,0.483615,0.269478,0,0.66528,12.849,1,0.435866,0.36288,0,17.8889,5.10416,12.7118,0.84672,12.849,0.84672,3695.15,0,18.483,0.125386,0.261274,1.5062,2.38289,1.21323,2.81175,0.42336,0,0,18.483,0.42336,442.007,0,0.750444,0,0,1.01172,0.261274,1.028160,1,0,15.5236,0,0,0,15.5236,0
63.993,2.32548,0,0,1.11825,0.0906189,0.36288,3.6288,60.7409,0.444516,0,0,0.458378,0.305576,0,0.66528,12.849,1,0.455117,0.36288,0,16.6148,5.5327,10.9899,0.84672,12.849,0.84672,3695.15,0,18.483,0.134616,0.261274,1.50665,2.28935,1.39379,2.52887,0.42336,0,0,18.483,0.42336,442.007,0,0.744051,0,0,1.00532,0.261274,1.028160,1,0,13.5187,0,0,0,13.5187,0
62.5003,2.31635,0,0,1.26471,0.0782082,0.36288,3.6288,60.4838,0.415465,0,0,0.452086,0.293726,0,0.66528,12.849,1,0.465094,0.36288,0,17.4922,5.13986,12.2501,0.84672,12.849,0.84672,3695.15,0,18.483,0.126423,0.261274,1.54338,2.32357,1.39519,2.60661,0.42336,0,0,18.483,0.42336,442.007,0,0.781695,0,0,1.04297,0.261274,1.028160,1,0,14.8567,0,0,0,14.8567,0
60.8899,2.30783,0,0,1.13758,0.0772629,0.36288,3.6288,60.1997,0.414937,0,0,0.424052,0.293247,0,0.66528,12.849,1,0.474451,0.36288,0,16.4856,5.13986,11.2341,0.84672,12.849,0.84672,3695.15,0,18.483,0.126799,0.227405,1.54384,2.37206,1.39519,2.62132,0.42336,0,0,18.483,0.42336,442.007,0,0.782248,0,0,1.00965,0.227405,1.028160,1,0,13.8554,0,0,0,13.8554,0
59.1879,2.29816,0,0,1.03526,0.076243,0.36288,3.6288,59.826,0.487757,0,0,0.406812,0.292717,0,0.66528,12.849,1,0.484959,0.36288,0,15.4841,5.13986,10.2222,0.84672,12.849,0.84672,3695.15,0,18.483,0.149755,0.227405,1.54431,2.20521,1.39519,2.43198,0.42336,0,0,18.483,0.42336,442.007,0,0.686871,0,0,0.914276,0.227405,1.028160,1,0,12.6541,0,0,0,12.6541,0
57.2196,2.44016,0,0,0.895821,0.0610763,0.36288,3.6288,59.35,0.582143,0,0,0.405106,0.299021,0,0.66528,12.849,1,0.529731,0.36288,0,14.7736,5.38167,9.2251,0.84672,12.849,0.84672,3695.15,0,18.483,0.179851,0.227405,1.54478,2.23465,1.42523,2.40175,0.42336,0,0,18.483,0.42336,442.007,0,0.676849,0,0,0.904254,0.227405,1.028160,1,0,11.6268,0,0,0,11.6268,0
54.9731,2.42602,0,0,0.636051,0.0935912,0.36288,3.6288,58.6257,0.729604,0,0,0.296199,0.2909,0,0.66528,12.849,1,0.544776,0.36288,0,10.3161,5.35498,4.77919,0.84672,12.849,0.84672,3695.15,0,18.483,0.227216,0.227405,1.66821,1.81786,1.41146,2.0748,0.42336,0,0,18.483,0.42336,442.007,0,0.482458,0,0,0.709862,0.227405,1.028160,1,0,6.85399,0,0,0,6.85399,0
52.6137,2.4087,0,0,0.513545,0.10138,0.36288,3.6288,57.7732,0.791212,0,0,0.230169,0.291395,0,0.66528,12.2964,1,0.562991,0.36288,0,8.02967,5.39207,3.20544,0.84672,12.2964,0.84672,3694.94,0,18.483,0.249447,0.204422,1.66871,1.6547,1.45934,1.81905,0.42336,0,0,18.483,0.42336,442.007,0,0.399055,0,0,0.603477,0.204422,1.028160,1,0,5.02449,0,0,0,5.02449,0
50.3002,2.40947,0,0,0.557806,0.0989771,0.36288,3.6288,56.931,0.785356,0,0,0.232899,0.289798,0,0.66528,11.7425,1,0.56312,0.36288,0,7.67422,5.39207,3.20544,0.84672,11.7425,0.84672,3694.37,0,18.483,0.251254,0.204422,1.66922,1.75755,1.45934,1.9206,0.42336,0,0,18.483,0.42336,442.007,0,0.403539,0,0,0.607961,0.204422,1.028160,1,0,5.12604,0,0,0,5.12604,0
48.279,2.41071,0,0,0.86157,0.109179,0.36288,3.6288,56.2343,0.691675,0,0,0.280137,0.285091,0,0.66528,12.849,1,0.562775,0.36288,0,12.3952,5.30301,5.00083,0.84672,12.849,0.84672,3695.15,0,18.483,0.224557,0.204422,1.66972,1.85739,1.44841,2.05857,0.42336,0,0,18.483,0.42336,442.007,0,0.524353,0,0,0.728775,0.204422,1.028160,1,0,7.0594,0,0,0,7.0594,0
46.72,2.2775,0,0,1.20408,0.122668,0.36288,3.6288,55.6917,0.661133,0,0,0.376143,0.25761,0,0.66528,12.849,1,0.606135,0.36288,0,11.6564,5.3659,6.04724,0.84672,12.849,0.84672,3695.15,0,18.483,0.2173,0.204422,1.67023,2.03185,1.42078,2.26842,0.42336,0,0,18.483,0.42336,442.007,0,0.493252,0,0,0.697675,0.204422,1.028160,1,0,8.31566,0,0,0,8.31566,0
44.7777,2.26232,0,0,0.811849,0.128947,0.36288,3.6288,55.4713,0.489595,0,0,0.500818,0.231625,0,0.66528,12.4863,1,0.622186,0.36288,0,8.53191,5.42986,3.20544,0.84672,12.4863,0.84672,3695.15,0,18.483,0.162487,0.216518,1.60016,1.89762,1.40576,2.14605,0.42336,0,0,18.483,0.42336,442.007,0,0.720018,0,0,0.936536,0.216518,1.028160,1,0,5.35149,0,0,0,5.35149,0
42.7488,2.25623,0,0,0.716325,0.126176,0.36288,3.6288,54.7798,0.75087,0,0,0.290652,0.231291,0,0.66528,12.3239,1,0.629151,0.36288,0,8.73919,5.42986,3.20544,0.84672,12.3239,0.84672,3695.15,0,18.483,0.250189,0.216518,1.60064,1.45757,1.40576,1.61878,0.42336,0,0,18.483,0.42336,442.007,0,0.371456,0,0,0.587974,0.216518,1.028160,1,0,4.82422,0,0,0,4.82422,0
40.6142,2.24038,0,0,0.591952,0.12328,0.36288,3.6288,54.0081,0.797538,0,0,0.256058,0.230241,0,0.66528,11.6884,1,0.645872,0.36288,0,8.0689,5.42986,3.20544,0.84672,11.6884,0.84672,3694.94,0,18.483,0.269093,0.216518,1.60113,1.34984,1.40576,1.49263,0.42336,0,0,18.483,0.42336,442.007,0,0.306299,0,0,0.522818,0.216518,1.028160,1,0,4.69807,0,0,0,4.69807,0
38.975,2.184,0,0,1.10035,0.19262,0.36288,3.6288,53.5989,0.650761,0,0,0.398361,0.156761,0,0.66528,12.849,1,0.628539,0.36288,0,14.2469,4.39172,8.21507,0.84672,12.849,0.84672,3695.15,0,18.483,0.222708,0.216518,1.60161,2.34365,1.08127,2.8578,0.42336,0,0,18.483,0.42336,442.007,0,0.436689,0,0,0.653207,0.216518,1.028160,1,0,11.0729,0,0,0,11.0729,0
37.565,2.11585,0,0,1.17967,0.110921,0.36288,3.6288,53.8927,0.209983,0,0,0.722236,0.218533,0,0.66528,12.849,1,0.697539,0.36288,0,15.3084,3.78126,11.1924,0.84672,12.849,0.84672,3695.15,0,18.483,0.0724104,0.340554,1.5393,3.10944,0.930171,3.98671,0.42336,0,0,18.483,0.42336,442.007,0,1.02816,0,0,1.36871,0.340554,1.028160,1,0,15.1791,0,0,0,15.1791,0
36.5857,2.09698,0,0,1.68538,0.204894,0.36288,3.6288,54.0919,0.222854,0,0,0.627477,0.205396,0,0.66528,12.849,1,0.717264,0.36288,0,23.5069,3.91755,19.235,0.84672,12.849,0.84672,3695.15,0,18.483,0.0764297,0.292723,1.53976,3.30968,1.10379,3.96195,0.42336,0,0,18.483,0.42336,442.007,0,1.01167,0,0,1.30439,0.292723,1.028160,1,0,23.197,0,0,0,23.197,0
35.3303,2.0834,0,0,1.39345,0.202533,0.36288,3.6288,54.2158,0.211065,0,0,0.540669,0.205668,0,0.66528,12.849,1,0.731695,0.36288,0,18.8521,3.91755,14.5658,0.84672,12.849,0.84672,3695.15,0,18.483,0.0721203,0.387789,1.54023,3.21035,1.10379,3.96246,0.42336,0,0,18.483,0.42336,442.007,0,1.02816,0,0,1.41595,0.387789,1.028160,1,0,18.5282,0,0,0,18.5282,0
36.4017,1.90944,0,0,3.54317,0.199507,0.36288,3.6288,55.6277,0.113222,0,0,1.73098,0.205836,0,0.66528,12.849,1,0.694429,0.36288,0,52.5961,3.91755,48.347,0.84672,12.849,0.84672,3695.15,0,18.483,0.0385993,3.28045,1.54069,7.50275,1.10379,11.1815,0.42336,0,0,18.483,0.42336,442.007,0,1.02816,0,0,4.30861,3.28045,1.028160,1,0,59.5285,0,0,0,59.5285,0
39.0024,1.92513,0,0,5.07229,0.183547,0.36288,3.6288,56.9652,0.114225,0,0,1.62211,0.170445,0,0.66528,12.849,1,0.679529,0.36288,0,67.0848,3.78488,62.9833,0.84672,12.849,0.84672,3695.15,0,18.483,0.0379528,1.86988,1.39962,6.96243,1.01894,9.17504,0.42336,0,0,18.483,0.42336,442.007,0,1.02816,0,0,2.89804,1.86988,1.028160,1,0,72.1584,0,0,0,72.1584,0
40.7352,1.9598,0,0,4.23704,0.181594,0.36288,3.6288,57.6715,0.115167,0,0,0.978411,0.156883,0,0.66528,12.849,1,0.64564,0.36288,0,64.0263,3.7318,60.0117,0.84672,12.849,0.84672,3695.15,0,18.483,0.0373674,1.43584,1.40004,6.90928,0.985,8.72279,0.42336,0,0,18.483,0.42336,442.007,0,1.02816,0,0,2.464,1.43584,1.028160,1,0,68.7345,0,0,0,68.7345,0
42.3157,1.98128,0,0,4.11149,0.186789,0.36288,3.6288,58.3065,0.115784,0,0,0.931909,0.181153,0,0.66528,12.849,1,0.624951,0.36288,0,56.5013,4.09311,52.1461,0.84672,12.849,0.84672,3695.15,0,18.483,0.0371074,1.37235,1.40046,5.99155,1.1275,7.59976,0.42336,0,0,18.483,0.42336,442.007,0,1.02816,0,0,2.40051,1.37235,1.028160,1,0,59.7459,0,0,0,59.7459,0
45.7205,1.99979,0,0,5.98079,0.21336,0.36288,3.6288,58.9845,0.116362,0,0,1.00299,0.208674,0,0.66528,12.849,1,0.607228,0.36288,0,72.6932,4.58019,67.8687,0.84672,12.849,0.84672,3695.15,0,18.483,0.0368864,1.69182,1.40089,7.83029,1.24772,9.63838,0.42336,0,0,18.483,0.42336,442.007,0,1.02816,0,0,2.71998,1.69182,1.028160,1,0,77.5071,0,0,0,77.5071,0
49.8412,2.09946,0,0,6.82328,0.240233,0.36288,3.6288,59.8636,0.146044,0,0,1.22792,0.202768,0,0.66528,12.849,1,0.59002,0.36288,0,98.7967,4.43555,94.134,0.84672,12.849,0.84672,3695.15,0,18.483,0.0457635,2.07331,1.40131,9.10708,1.16274,11.3732,0.42336,0,0,18.483,0.42336,442.007,0,1.02816,0,0,3.10147,2.07331,1.028160,1,0,105.507,0,0,0,105.507,0
54.8859,2.13887,0,0,7.81972,0.273256,0.36288,3.6288,61.018,0.146829,0,0,1.51241,0.211133,0,0.66528,12.849,1,0.551397,0.36288,0,175.389,4.59987,170.6,0.84672,12.849,0.84672,3695.15,0,18.483,0.0453337,2.15426,1.44656,9.70393,1.14808,12.1113,0.42336,0,0,18.483,0.42336,442.007,0,1.02816,0,0,3.18242,2.15426,1.028160,1,0,182.711,0,0,0,182.711,0
59.6963,2.18057,0,0,7.62407,0.270201,0.36288,3.6288,61.308,0.14776,0,0,1.53357,0.197215,0.898622,0.66528,12.849,1,0.510479,0.36288,0,114.108,4.06392,109.896,0.84672,12.849,0.84672,3695.15,0,18.483,0.0447579,2.14551,1.44698,9.07554,1.08113,11.5421,0.42336,0,0,18.483,0.42336,442.007,0,1.02816,0,0,3.17367,2.14551,1.028160,1,0,122.337,0,0,0,122.337,0
64.6637,2.21506,0,0,7.82857,0.28327,0.36288,3.6288,61.308,0.148195,0,0,2.14822,0.197577,1.80244,0.66528,12.849,1,0.476768,0.36288,0,127.972,4.06392,123.794,0.84672,12.849,0.84672,3695.15,0,18.483,0.0446775,3.04985,1.4474,11.4477,1.08113,14.8191,0.42336,0,0,18.483,0.42336,442.007,0,1.02816,0,0,4.07801,3.04985,1.028160,1,0,140.416,0,0,0,140.416,0
68.8889,2.46536,0,0,7.34876,0.295292,0.36288,3.6288,61.308,0.258811,0,0,1.17446,0.197577,0.718073,0.66528,12.849,1,0.48988,0.36288,0,131.473,4.06392,127.282,0.84672,12.849,0.84672,3695.15,0,18.483,0.0780258,1.36459,1.44782,9.81115,1.08113,11.4644,0.42336,0,0,18.483,0.42336,442.007,0,1.02816,0,0,2.39275,1.36459,1.028160,1,0,139.465,0,0,0,139.465,0
72.29,2.49141,0,0,13.4607,0.295368,7.27286,3.6288,61.308,0.259116,0,0,2.13316,0.200006,1.67404,0.66528,12.849,1,0.464692,7.27286,0,274.929,3.57522,278.162,0.84672,12.849,0.84672,3695.15,0,18.483,0.0781177,5.80008,1.60841,13.2187,1.02524,19.5238,0.42336,0,0,18.483,0.42336,442.007,0,1.02816,0,0,6.82824,5.80008,1.028160,1,0,299.36,0,0,0,299.36,0
72.29,2.5107,0,0,8.45657,0.301486,5.64438,3.6288,61.308,0.259421,0,0,1.58315,0.20041,1.12332,0.66528,12.849,1,0.446259,5.64438,0,183.935,3.49377,185.64,0.84672,12.849,0.84672,3695.15,0,18.483,0.0782097,3.06864,1.60888,7.84892,1.01592,11.4323,0.42336,0,0,18.483,0.42336,442.007,0,1.02816,0,0,4.0968,3.06864,1.028160,1,0,198.195,0,0,0,198.195,0
72.29,2.51143,0,0,6.11128,0.301486,3.29836,3.6288,61.308,0.259726,0,0,1.19868,0.20041,0.738543,0.66528,12.849,1,0.446388,3.29836,0,118.121,3.49377,117.479,0.84672,12.849,0.84672,3695.15,0,18.483,0.0783017,2.13882,1.60934,5.68757,1.01592,8.34152,0.42336,0,0,18.483,0.42336,442.007,0,1.02816,0,0,3.16698,2.13882,1.028160,1,0,126.559,0,0,0,126.559,0
72.29,2.19373,0,0,5.35801,0.304509,2.85977,3.6288,61.308,0.111777,0,0,1.19234,0.182901,0.897659,0.66528,12.849,1,0.389919,2.85977,0,100.864,3.19131,100.143,0.84672,12.849,0.84672,3695.15,0,18.483,0.0336984,2.58518,1.60981,5.52863,0.929192,8.76074,0.42336,0,0,18.483,0.42336,442.007,0,1.02816,0,0,3.61334,2.58518,1.028160,1,0,109.801,0,0,0,109.801,0
72.29,2.19437,0,0,7.07936,0.321742,4.56325,3.6288,61.308,0.112039,0,0,1.4861,0.215273,1.15878,0.66528,12.849,1,0.390032,4.56325,0,133.499,3.75152,133.921,0.84672,12.849,0.84672,3695.15,0,18.483,0.0337774,2.37193,1.39093,7.90627,0.992002,10.6433,0.42336,0,0,18.483,0.42336,442.007,0,1.02816,0,0,3.40009,2.37193,1.028160,1,0,145.723,0,0,0,145.723,0
72.29,2.19501,0,0,7.90499,0.324237,5.38575,3.6288,61.308,0.112302,0,0,2.89236,0.222857,2.5572,0.66528,12.849,1,0.390146,5.38575,0,162.905,3.88269,164.018,0.84672,12.849,0.84672,3695.15,0,18.483,0.0338564,4.22342,1.39133,11.7747,1.01331,16.3423,0.42336,0,0,18.483,0.42336,442.007,0,1.02816,0,0,5.25158,4.22342,1.028160,1,0,182.917,0,0,0,182.917,0
72.29,2.19564,0,0,6.51803,0.324237,3.99815,3.6288,61.308,0.112564,0,0,1.69934,0.222857,1.36392,0.66528,12.849,1,0.390259,3.99815,0,122.979,3.88269,122.704,0.84672,12.849,0.84672,3695.15,0,18.483,0.0339355,2.83795,1.39174,8.4564,1.01331,11.6388,0.42336,0,0,18.483,0.42336,442.007,0,1.02816,0,0,3.86611,2.83795,1.028160,1,0,135.707,0,0,0,135.707,0
72.29,2.19628,0,0,5.90274,0.324237,3.38223,3.6288,61.308,0.112826,0,0,2.62576,0.222857,2.29007,0.66528,12.849,1,0.390373,3.38223,0,131.188,3.88269,130.297,0.84672,12.849,0.84672,3695.15,0,18.483,0.0340146,5.53696,1.39214,14.3139,1.01331,20.1957,0.42336,0,0,18.483,0.42336,442.007,0,1.02816,0,0,6.56512,5.53696,1.028160,1,0,152.783,0,0,0,152.783,0
72.29,2.27719,0,0,6.29743,0.333956,3.68628,3.6288,61.308,0.14941,0,0,2.01728,0.197545,1.67032,0.66528,12.849,1,0.404754,3.68628,0,125.924,3.86614,125.339,0.84672,12.849,0.84672,3695.15,0,18.483,0.0450437,3.62904,1.39254,11.5816,1.02044,15.5377,0.42336,0,0,18.483,0.42336,442.007,0,1.02816,0,0,4.6572,3.62904,1.028160,1,0,142.547,0,0,0,142.547,0
72.29,2.27785,0,0,7.87596,0.331029,5.26708,3.6288,61.308,0.149683,0,0,2.23951,0.188215,1.90162,0.66528,12.849,1,0.404871,5.26708,0,92.5171,3.89666,93.4827,0.84672,12.849,0.84672,3695.15,0,18.483,0.0451261,2.44788,1.44719,8.02405,1.06591,10.8081,0.42336,0,0,18.483,0.42336,442.007,0,1.02816,0,0,3.47604,2.44788,1.028160,1,0,106.192,0,0,0,106.192,0
72.29,2.27852,0,0,6.90919,0.331029,4.29965,3.6288,61.308,0.149956,0,0,3.42992,0.188215,3.09175,0.66528,12.849,1,0.404989,4.29965,0,101.815,3.89666,101.813,0.84672,12.849,0.84672,3695.15,0,18.483,0.0452084,3.76059,1.44761,10.9581,1.06591,15.0552,0.42336,0,0,18.483,0.42336,442.007,0,1.02816,0,0,4.78875,3.76059,1.028160,1,0,119.96,0,0,0,119.96,0
72.29,2.27918,0,0,5.56585,0.331029,2.95564,3.6288,61.308,0.150229,0,0,2.98792,0.188215,2.64948,0.66528,12.849,1,0.405107,2.95564,0,122.788,3.89666,121.442,0.84672,12.849,0.84672,3695.15,0,18.483,0.0452907,4.40961,1.44803,8.81358,1.06591,13.56,0.42336,0,0,18.483,0.42336,442.007,0,1.02816,0,0,5.43777,4.40961,1.028160,1,0,137.652,0,0,0,137.652,0
72.29,2.24842,0,0,4.75398,0.306929,2.19863,3.6288,61.308,0.136379,0,0,2.14151,0.158034,1.8471,0.66528,12.849,1,0.399639,2.19863,0,95.2845,2.99736,94.0861,0.84672,12.849,0.84672,3695.15,0,18.483,0.0411152,2.63481,1.44845,7.61728,0.942463,10.717,0.42336,0,0,18.483,0.42336,442.007,0,1.02816,0,0,3.66297,2.63481,1.028160,1,0,106.65,0,0,0,106.65,0
72.29,2.24907,0,0,5.40346,0.243279,2.91112,3.6288,61.308,0.136648,0,0,2.18252,0.19815,1.84773,0.66528,12.849,1,0.399755,2.91112,0,103.442,3.64497,102.309,0.84672,12.849,0.84672,3695.15,0,18.483,0.0411964,2.95061,1.42773,9.53783,1.04719,12.8278,0.42336,0,0,18.483,0.42336,442.007,0,1.02816,0,0,3.97877,2.95061,1.028160,1,0,116.984,0,0,0,116.984,0
72.29,2.24972,0,0,4.33058,0.243279,1.83758,3.6288,61.308,0.136917,0,0,1.63833,0.19815,1.30326,0.66528,12.849,1,0.399871,1.83758,0,72.7825,3.64497,70.5752,0.84672,12.849,0.84672,3695.15,0,18.483,0.0412775,2.0014,1.42815,5.07904,1.04719,7.42012,0.42336,0,0,18.483,0.42336,442.007,0,1.02816,0,0,3.02956,2.0014,1.028160,1,0,79.2986,0,0,0,79.2986,0
72.29,2.25038,0,0,3.79222,0.243279,1.29856,3.6288,61.308,0.137187,0,0,1.55472,0.19815,1.21938,0.66528,12.849,1,0.399988,1.29856,0,64.0761,3.64497,61.3297,0.84672,12.849,0.84672,3695.15,0,18.483,0.0413587,1.64176,1.42856,4.73581,1.04719,6.71758,0.42336,0,0,18.483,0.42336,442.007,0,1.02816,0,0,2.66992,1.64176,1.028160,1,0,69.2667,0,0,0,69.2667,0
72.29,2.35781,0,0,3.40883,0.243279,0.807734,3.6288,61.308,0.187599,0,0,1.37755,0.19815,0.991804,0.66528,12.849,1,0.419083,0.807734,0,55.3676,3.64497,52.1113,0.84672,12.849,0.84672,3695.15,0,18.483,0.0565568,1.34136,1.42898,4.14395,1.04719,5.81054,0.42336,0,0,18.483,0.42336,442.007,0,1.02816,0,0,2.36952,1.34136,1.028160,1,0,58.9137,0,0,0,58.9137,0
72.29,2.3585,0,0,3.47921,0.211485,0.909224,3.6288,61.308,0.187883,0,0,1.60648,0.167883,1.25071,0.66528,12.849,1,0.419205,0.909224,0,52.4813,3.96638,49.005,0.84672,12.849,0.84672,3695.15,0,18.483,0.0566424,1.69915,1.50338,4.51906,0.927822,6.73712,0.42336,0,0,18.483,0.42336,442.007,0,1.02816,0,0,2.72731,1.69915,1.028160,1,0,56.9928,0,0,0,56.9928,0
72.29,2.35918,0,0,3.27849,0.138305,0.781004,3.6288,61.308,0.188167,0,0,1.4553,0.187395,1.07974,0.66528,12.849,1,0.419327,0.781004,0,49.1903,4.57748,44.9745,0.84672,12.849,0.84672,3695.15,0,18.483,0.056728,1.49145,1.50382,4.29227,0.985815,6.24499,0.42336,0,0,18.483,0.42336,442.007,0,1.02816,0,0,2.51961,1.49145,1.028160,1,0,52.2992,0,0,0,52.2992,0
72.29,2.35987,0,0,2.98167,0.138305,0.4835,3.6288,61.308,0.188451,0,0,1.17524,0.187395,0.799393,0.66528,12.849,1,0.419449,0.4835,0,44.7774,4.57748,40.264,0.84672,12.849,0.84672,3695.15,0,18.483,0.0568137,1.1044,1.50425,3.83744,0.985815,5.40346,0.42336,0,0,18.483,0.42336,442.007,0,1.02816,0,0,2.13256,1.1044,1.028160,1,0,46.4668,0,0,0,46.4668,0
72.29,2.36055,0,0,2.90678,0.144124,0.402103,3.6288,61.308,0.188735,0,0,0.960932,0.199918,0.57228,0.66528,12.849,1,0.41957,0.402103,0,40.5901,4.79606,35.7766,0.84672,12.849,0.84672,3695.15,0,18.483,0.0568993,0.996417,1.50469,3.68042,1.02905,5.09557,0.42336,0,0,18.483,0.42336,442.007,0,1.02816,0,0,2.02458,0.996417,1.028160,1,0,41.4444,0,0,0,41.4444,0
72.29,2.34009,0,0,2.91593,0.131011,0.444829,3.6288,61.308,0.216618,0,0,1.01898,0.247743,0.554623,0.66528,12.849,1,0.415933,0.444829,0,44.3004,5.47251,38.8568,0.84672,12.849,0.84672,3695.15,0,18.483,0.0653056,1.03545,1.50513,4.33167,1.21475,5.59219,0.42336,0,0,18.483,0.42336,442.007,0,1.02816,0,0,2.06361,1.03545,1.028160,1,0,45.0036,0,0,0,45.0036,0
72.29,2.34077,0,0,2.92333,0.135053,0.447503,3.6288,61.308,0.21691,0,0,1.16878,0.196999,0.754867,0.66528,12.849,1,0.416054,0.447503,0,51.7065,4.44591,47.2921,0.84672,12.849,0.84672,3695.15,0,18.483,0.0653937,1.14949,1.52865,5.2081,1.06061,6.76023,0.42336,0,0,18.483,0.42336,442.007,0,1.02816,0,0,2.17765,1.14949,1.028160,1,0,54.8071,0,0,0,54.8071,0
72.104,2.34145,0,0,2.65335,0.135053,0.36288,3.6288,61.308,0.217203,0,0,1.0965,0.196999,0.682301,0.66528,12.849,1,0.416175,0.36288,0,46.0746,4.44591,41.5754,0.84672,12.849,0.84672,3695.15,0,18.483,0.0654818,0.903908,1.52909,5.03813,1.06061,6.34504,0.42336,0,0,18.483,0.42336,442.007,0,1.02816,0,0,1.93207,0.903908,1.028160,1,0,48.6027,0,0,0,48.6027,0
71.8156,2.34122,0,0,2.51732,0.101588,0.36288,3.6288,61.308,0.217495,0,0,1.02856,0.273782,0.53728,0.66528,12.849,1,0.417207,0.36288,0,41.4439,5.43396,35.9556,0.84672,12.849,0.84672,3695.15,0,18.483,0.0655699,0.911477,1.52954,4.7747,1.42127,5.72887,0.42336,0,0,18.483,0.42336,442.007,0,1.02816,0,0,1.93964,0.911477,1.028160,1,0,42.2218,0,0,0,42.2218,0
71.1888,2.3951,0,0,2.23254,0.101365,0.36288,3.6288,61.308,0.242413,0,0,0.966626,0.273782,0.450431,0.66528,12.849,1,0.428523,0.36288,0,38.8763,5.43396,33.3767,0.84672,12.849,0.84672,3695.15,0,18.483,0.0730822,0.88573,1.52998,4.59372,1.42127,5.51507,0.42336,0,0,18.483,0.42336,442.007,0,1.02816,0,0,1.91389,0.88573,1.028160,1,0,39.3422,0,0,0,39.3422,0
71.2219,2.3926,0,0,2.87412,0.0855336,0.36288,3.6288,61.308,0.242713,0,0,1.19545,0.312811,0.639924,0.66528,12.849,1,0.431844,0.36288,0,42.1891,5.84451,36.2756,0.84672,12.849,0.84672,3695.15,0,18.483,0.0731725,1.15413,1.56725,4.39556,1.52721,5.51656,0.42336,0,0,18.483,0.42336,442.007,0,1.02816,0,0,2.18229,1.15413,1.028160,1,0,42.4321,0,0,0,42.4321,0
70.924,2.39346,0,0,2.54396,0.0855553,0.36288,3.6288,61.308,0.243012,0,0,1.12203,0.312811,0.56621,0.66528,12.849,1,0.431799,0.36288,0,39.8259,5.84451,33.9125,0.84672,12.849,0.84672,3695.15,0,18.483,0.0732629,1.04264,1.56771,4.39803,1.52721,5.40791,0.42336,0,0,18.483,0.42336,442.007,0,1.02816,0,0,2.0708,1.04264,1.028160,1,0,39.8866,0,0,0,39.8866,0
70.409,2.39262,0,0,2.32592,0.0853603,0.36288,3.6288,61.308,0.243312,0,0,1.08384,0.312811,0.527721,0.66528,12.849,1,0.433461,0.36288,0,37.4009,5.84451,31.4858,0.84672,12.849,0.84672,3695.15,0,18.483,0.0733532,0.879837,1.56816,4.19037,1.52721,5.03781,0.42336,0,0,18.483,0.42336,442.007,0,1.02816,0,0,1.908,0.879837,1.028160,1,0,37.0514,0,0,0,37.0514,0
69.4229,2.55029,0,0,1.99592,0.0688561,0.36288,3.6288,61.308,0.332601,0,0,1.07941,0.319173,0.427638,0.66528,12.849,1,0.465405,0.36288,0,35.6754,6.10381,29.4691,0.84672,12.849,0.84672,3695.15,0,18.483,0.100272,0.861175,1.56862,4.16378,1.54248,4.95082,0.42336,0,0,18.483,0.42336,442.007,0,1.02816,0,0,1.88933,0.861175,1.028160,1,0,34.8475,0,0,0,34.8475,0
68.4815,2.54545,0,0,2.04266,0.0757447,0.36288,3.6288,61.308,0.332927,0,0,1.00504,0.31724,0.354872,0.66528,12.849,1,0.47112,0.36288,0,35.8227,6.14738,29.567,0.84672,12.849,0.84672,3695.15,0,18.483,0.10037,0.809836,1.69394,5.05333,1.46088,5.99585,0.42336,0,0,18.483,0.42336,442.007,0,1.02816,0,0,1.838,0.809836,1.028160,1,0,35.9178,0,0,0,35.9178,0
67.6426,2.54073,0,0,2.13743,0.072699,0.36288,3.6288,61.308,0.333253,0,0,0.922294,0.304359,0.284682,0.66528,12.849,1,0.476711,0.36288,0,38.481,6.2686,32.0986,0.84672,12.849,0.84672,3695.15,0,18.483,0.100468,0.864544,1.69443,4.61734,1.50093,5.57491,0.42336,0,0,18.483,0.42336,442.007,0,1.02816,0,0,1.8927,0.864544,1.028160,1,0,37.9582,0,0,0,37.9582,0
66.9471,2.5365,0,0,2.27606,0.0722225,0.36288,3.6288,61.308,0.333578,0,0,1.13447,0.304359,0.496529,0.66528,12.849,1,0.481819,0.36288,0,48.9683,6.2686,42.5808,0.84672,12.849,0.84672,3695.15,0,18.483,0.100566,1.30461,1.69492,5.15738,1.50093,6.55541,0.42336,0,0,18.483,0.42336,442.007,0,1.02816,0,0,2.33277,1.30461,1.028160,1,0,49.6327,0,0,0,49.6327,0
65.8519,2.53304,0,0,1.87251,0.0718274,0.36288,3.6288,61.308,0.333904,0,0,0.826217,0.304359,0.187954,0.66528,12.849,1,0.48616,0.36288,0,44.8628,6.2686,38.4709,0.84672,12.849,0.84672,3695.15,0,18.483,0.100665,0.566171,1.69541,4.22411,1.50093,4.8841,0.42336,0,0,18.483,0.42336,442.007,0,1.02816,0,0,1.59433,0.566171,1.028160,1,0,43.5429,0,0,0,43.5429,0
65.607,2.4499,0,0,2.65051,0.0825931,0.36288,3.6288,61.308,0.280139,0,0,1.52793,0.295133,0.95266,0.66528,12.849,1,0.478024,0.36288,0,40.8212,6.03818,34.6679,0.84672,12.849,0.84672,3695.15,0,18.483,0.0844557,2.14701,1.6959,6.21056,1.44909,8.51993,0.42336,0,0,18.483,0.42336,442.007,0,1.02816,0,0,3.17517,2.14701,1.028160,1,0,44.1405,0,0,0,44.1405,0
64.8846,2.44912,0,0,2.20047,0.110846,0.36288,3.6288,61.308,0.280449,0,0,1.63934,0.272068,1.08682,0.66528,12.849,1,0.479655,0.36288,0,28.5873,5.4621,23.0084,0.84672,12.849,0.84672,3695.15,0,18.483,0.0845492,2.04924,1.62474,4.56783,1.31946,6.83779,0.42336,0,0,18.483,0.42336,442.007,0,1.02816,0,0,3.0774,2.04924,1.028160,1,0,30.933,0,0,0,30.933,0
63.9078,2.44537,0,0,1.9416,0.110206,0.36288,3.6288,61.308,0.28076,0,0,0.951411,0.272068,0.398583,0.66528,12.849,1,0.484253,0.36288,0,29.2818,5.4621,23.6984,0.84672,12.849,0.84672,3695.15,0,18.483,0.0846428,0.9039,1.62521,3.50852,1.31946,4.63352,0.42336,0,0,18.483,0.42336,442.007,0,1.02816,0,0,1.93206,0.9039,1.028160,1,0,28.7305,0,0,0,28.7305,0
62.6001,2.43992,0,0,1.60445,0.10934,0.36288,3.6288,61.308,0.28107,0,0,0.838175,0.272068,0.285037,0.66528,12.849,1,0.490558,0.36288,0,27.0359,5.4621,21.4461,0.84672,12.849,0.84672,3695.15,0,18.483,0.0847364,0.689783,1.62568,3.24916,1.31946,4.16042,0.42336,0,0,18.483,0.42336,442.007,0,1.02816,0,0,1.71794,0.689783,1.028160,1,0,25.8915,0,0,0,25.8915,0
62.6512,2.36929,0,0,2.98244,0.199103,0.36288,3.6288,61.308,0.232087,0,0,1.30397,0.196262,0.875626,0.66528,12.849,1,0.48631,0.36288,0,47.7366,4.42395,43.1892,0.84672,12.849,0.84672,3695.15,0,18.483,0.0699691,1.11819,1.62615,5.6414,0.994975,7.3208,0.42336,0,0,18.483,0.42336,442.007,0,1.02816,0,0,2.14635,1.11819,1.028160,1,0,51.3856,0,0,0,51.3856,0
61.6172,2.37031,0,0,1.91407,0.214938,0.36288,3.6288,61.308,0.232383,0,0,0.937008,0.226924,0.477701,0.66528,12.849,1,0.486121,0.36288,0,36.4852,3.79482,32.5671,0.84672,12.849,0.84672,3695.15,0,18.483,0.0700584,0.454766,1.56286,4.88452,0.920281,5.91181,0.42336,0,0,18.483,0.42336,442.007,0,1.02816,0,0,1.48293,0.454766,1.028160,1,0,38.9566,0,0,0,38.9566,0
60.2878,2.36424,0,0,1.68992,0.292157,0.36288,3.6288,61.2251,0.376027,0,0,0.52069,0.227554,0,0.66528,12.849,1,0.493014,0.36288,0,30.452,3.85004,26.4719,0.84672,12.849,0.84672,3695.15,0,18.483,0.113364,0.216518,1.56332,2.96883,1.04521,3.5901,0.42336,0,0,18.483,0.42336,442.007,0,0.841596,0,0,1.05811,0.216518,1.028160,1,0,30.062,0,0,0,30.062,0
59.0201,2.35596,0,0,1.74009,0.288943,0.36288,3.6288,61.308,0.232903,0,0,0.759431,0.227435,0.216201,0.66528,12.849,1,0.502121,0.36288,0,30.8958,3.85004,26.9065,0.84672,12.849,0.84672,3695.15,0,18.483,0.0703102,1.06308,1.56377,4.08513,1.04521,5.59646,0.42336,0,0,18.483,0.42336,442.007,0,1.02816,0,0,2.09124,1.06308,1.028160,1,0,32.7192,0,0,0,32.7192,0
61.0779,2.17097,0,0,4.87705,0.28545,0.36288,3.6288,61.308,0.130489,0,0,2.27381,0.227554,1.91576,0.66528,12.849,1,0.472632,0.36288,0,95.6981,3.85004,91.7383,0.84672,12.849,0.84672,3695.15,0,18.483,0.0393395,3.21618,1.56422,8.48061,1.04521,12.1765,0.42336,0,0,18.483,0.42336,442.007,0,1.02816,0,0,4.24434,3.21618,1.028160,1,0,105.831,0,0,0,105.831,0
61.8321,2.18476,0,0,3.58061,0.278792,0.36288,3.6288,61.308,0.130756,0,0,1.4097,0.207535,1.07141,0.66528,12.849,1,0.45961,0.36288,0,57.0735,3.90151,53.0753,0.84672,12.849,0.84672,3695.15,0,18.483,0.0394199,1.13436,1.42098,5.20796,0.925614,6.79827,0.42336,0,0,18.483,0.42336,442.007,0,1.02816,0,0,2.16252,1.13436,1.028160,1,0,60.9449,0,0,0,60.9449,0
63.5331,2.19004,0,0,4.52541,0.271431,0.36288,3.6288,61.308,0.131023,0,0,1.43497,0.192521,1.11143,0.66528,12.849,1,0.4551,0.36288,0,83.0709,3.94012,79.0386,0.84672,12.849,0.84672,3695.15,0,18.483,0.0395004,1.3955,1.42139,5.77778,0.835917,7.71924,0.42336,0,0,18.483,0.42336,442.007,0,1.02816,0,0,2.42366,1.3955,1.028160,1,0,87.8693,0,0,0,87.8693,0
65.3419,2.20081,0,0,4.64767,0.275236,0.36288,3.6288,61.308,0.13129,0,0,1.40422,0.192521,1.08041,0.66528,12.849,1,0.445094,0.36288,0,74.0811,3.94012,70.0587,0.84672,12.849,0.84672,3695.15,0,18.483,0.0395809,1.4415,1.4218,5.46775,0.835917,7.45556,0.42336,0,0,18.483,0.42336,442.007,0,1.02816,0,0,2.46966,1.4415,1.028160,1,0,78.5947,0,0,0,78.5947,0
69.0834,2.21175,0,0,6.58105,0.264915,0.36288,3.6288,61.308,0.131556,0,0,2.68239,0.210493,2.34034,0.66528,12.849,1,0.434924,0.36288,0,160.658,4.25209,156.334,0.84672,12.849,0.84672,3695.15,0,18.483,0.0396613,2.71574,1.42221,9.78826,0.962709,12.9238,0.42336,0,0,18.483,0.42336,442.007,0,1.02816,0,0,3.7439,2.71574,1.028160,1,0,171.598,0,0,0,171.598,0
72.29,2.23161,0,0,6.63257,0.241314,0.95302,3.6288,61.308,0.131556,0,0,3.1936,0.241333,2.82071,0.66528,12.849,1,0.415063,0.95302,0,127.529,4.77655,123.29,0.84672,12.849,0.84672,3695.15,0,18.483,0.0396613,3.2258,1.42263,10.8305,1.21748,14.2217,0.42336,0,0,18.483,0.42336,442.007,0,1.02816,0,0,4.25396,3.2258,1.028160,1,0,140.333,0,0,0,140.333,0
72.29,2.3183,0,0,6.80176,0.28088,4.20259,3.6288,61.308,0.161623,0,0,1.51947,0.156802,1.20105,0.66528,12.849,1,0.41206,4.20259,0,88.5358,3.24377,89.0826,0.84672,12.849,0.84672,3695.15,0,18.483,0.0487257,2.46217,1.42263,6.69423,0.844231,9.68606,0.42336,0,0,18.483,0.42336,442.007,0,1.02816,0,0,3.49033,2.46217,1.028160,1,0,99.9697,0,0,0,99.9697,0
72.29,2.31894,0,0,5.49127,0.28088,2.89145,3.6288,61.308,0.161888,0,0,1.11271,0.156802,0.794021,0.66528,12.849,1,0.412174,2.89145,0,91.6885,3.24377,90.9241,0.84672,12.849,0.84672,3695.15,0,18.483,0.0488057,1.44761,1.46854,5.53402,0.844231,7.55712,0.42336,0,0,18.483,0.42336,442.007,0,1.02816,0,0,2.47577,1.44761,1.028160,1,0,99.2752,0,0,0,99.2752,0
72.29,2.31959,0,0,3.78483,0.296976,1.16827,3.6288,61.308,0.162153,0,0,1.04217,0.158978,0.721043,0.66528,12.849,1,0.412289,1.16827,0,71.0329,3.15608,68.6328,0.84672,12.849,0.84672,3695.15,0,18.483,0.0488857,1.3017,1.46895,4.97317,0.887968,6.80697,0.42336,0,0,18.483,0.42336,442.007,0,1.02816,0,0,2.32986,1.3017,1.028160,1,0,76.1608,0,0,0,76.1608,0
72.29,2.32024,0,0,3.76459,0.337216,1.10714,3.6288,61.308,0.162419,0,0,1.02612,0.164418,0.699284,0.66528,12.849,1,0.412404,1.10714,0,102.719,2.93685,100.477,0.84672,12.849,0.84672,3695.15,0,18.483,0.0489657,1.27445,1.46936,5.87918,0.997308,7.57672,0.42336,0,0,18.483,0.42336,442.007,0,1.02816,0,0,2.30261,1.27445,1.028160,1,0,108.753,0,0,0,108.753,0
72.29,2.54726,0,0,8.22212,0.335778,5.33908,3.6288,61.308,0.274699,0,0,1.62443,0.148488,1.20125,0.66528,12.849,1,0.452755,5.33908,0,203.057,3.21967,204.724,0.84672,12.849,0.84672,3695.15,0,18.483,0.0828156,2.79371,1.46977,10.6724,0.976115,13.8769,0.42336,0,0,18.483,0.42336,442.007,0,1.02816,0,0,3.82187,2.79371,1.028160,1,0,219.802,0,0,0,219.802,0
72.29,2.54797,0,0,8.71465,0.335203,5.83148,3.6288,61.308,0.274996,0,0,1.5601,0.142116,1.14299,0.66528,12.849,1,0.452882,5.83148,0,251.299,3.3328,253.345,0.84672,12.849,0.84672,3695.15,0,18.483,0.0829051,3.57334,1.63277,11.556,0.967638,15.7116,0.42336,0,0,18.483,0.42336,442.007,0,1.02816,0,0,4.6015,3.57334,1.028160,1,0,270.199,0,0,0,270.199,0
72.29,2.54868,0,0,7.391,0.338226,4.5041,3.6288,61.308,0.275292,0,0,1.27673,0.124606,0.876834,0.66528,12.849,1,0.453008,4.5041,0,183.854,3.03035,184.875,0.84672,12.849,0.84672,3695.15,0,18.483,0.0829945,2.197,1.63323,8.60449,0.880911,11.4708,0.42336,0,0,18.483,0.42336,442.007,0,1.02816,0,0,3.22516,2.197,1.028160,1,0,197.222,0,0,0,197.222,0
72.29,2.54939,0,0,6.55041,0.340493,3.66053,3.6288,61.308,0.275589,0,0,0.905446,0.111474,0.518383,0.66528,12.849,1,0.453134,3.66053,0,147.537,2.8035,147.941,0.84672,12.849,0.84672,3695.15,0,18.483,0.083084,2.11784,1.63368,7.13712,0.815866,9.9897,0.42336,0,0,18.483,0.42336,442.007,0,1.02816,0,0,3.146,2.11784,1.028160,1,0,158.449,0,0,0,158.449,0
72.29,2.22685,0,0,6.54359,0.358125,3.95861,3.6288,61.308,0.125393,0,0,2.28426,0.126169,2.0327,0.66528,12.849,1,0.395806,3.95861,0,126.56,3.28628,126.836,0.84672,12.849,0.84672,3695.15,0,18.483,0.0378033,3.42208,1.63414,10.2072,0.866693,14.3589,0.42336,0,0,18.483,0.42336,442.007,0,1.02816,0,0,4.45024,3.42208,1.028160,1,0,143.228,0,0,0,143.228,0
72.29,2.22747,0,0,6.06181,0.365177,3.46915,3.6288,61.308,0.125648,0,0,2.22361,0.132047,1.96591,0.66528,12.849,1,0.395917,3.46915,0,131.683,3.47938,131.277,0.84672,12.849,0.84672,3695.15,0,18.483,0.0378802,2.71064,1.41193,9.13162,0.887024,12.3293,0.42336,0,0,18.483,0.42336,442.007,0,1.02816,0,0,3.7388,2.71064,1.028160,1,0,145.572,0,0,0,145.572,0
72.29,2.2281,0,0,4.25307,0.365177,1.6598,3.6288,61.308,0.125903,0,0,1.68484,0.132047,1.42689,0.66528,12.849,1,0.396027,1.6598,0,128.221,3.47938,126.005,0.84672,12.849,0.84672,3695.15,0,18.483,0.0379571,2.20733,1.41232,8.24679,0.887024,10.9415,0.42336,0,0,18.483,0.42336,442.007,0,1.02816,0,0,3.23549,2.20733,1.028160,1,0,138.374,0,0,0,138.374,0
72.29,2.22872,0,0,4.3411,0.308536,1.80385,3.6288,61.308,0.126158,0,0,1.28063,0.101965,1.05251,0.66528,12.849,1,0.396137,1.80385,0,111.563,3.04341,109.927,0.84672,12.849,0.84672,3695.15,0,18.483,0.038034,1.63693,1.41272,7.51369,0.824397,9.7009,0.42336,0,0,18.483,0.42336,442.007,0,1.02816,0,0,2.66509,1.63693,1.028160,1,0,120.681,0,0,0,120.681,0
72.29,2.22934,0,0,4.68735,0.290741,2.16727,3.6288,61.308,0.126414,0,0,1.76434,0.112024,1.5259,0.66528,12.849,1,0.396248,2.16727,0,113.498,3.1962,112.072,0.84672,12.849,0.84672,3695.15,0,18.483,0.0381109,2.47605,1.41311,7.99528,0.859524,10.9868,0.42336,0,0,18.483,0.42336,442.007,0,1.02816,0,0,3.50421,2.47605,1.028160,1,0,124.585,0,0,0,124.585,0
72.29,2.31144,0,0,5.96198,0.302892,3.34765,3.6288,61.308,0.163536,0,0,3.79353,0.167251,3.46274,0.66528,12.849,1,0.41084,3.34765,0,111.465,4.01415,110.387,0.84672,12.849,0.84672,3695.15,0,18.483,0.0493025,3.85655,1.4135,8.1845,1.00997,12.3953,0.42336,0,0,18.483,0.42336,442.007,0,1.02816,0,0,4.88471,3.85655,1.028160,1,0,126.245,0,0,0,126.245,0
72.29,2.31208,0,0,5.30404,0.302892,2.68907,3.6288,61.308,0.163802,0,0,5.17784,0.167251,4.84679,0.66528,12.849,1,0.410954,2.68907,0,124.229,4.01415,122.492,0.84672,12.849,0.84672,3695.15,0,18.483,0.0493826,5.60397,1.46895,11.4788,1.00997,17.4923,0.42336,0,0,18.483,0.42336,442.007,0,1.02816,0,0,6.63213,5.60397,1.028160,1,0,144.832,0,0,0,144.832,0
72.29,2.31272,0,0,4.16606,0.302892,1.55045,3.6288,61.308,0.164067,0,0,4.31206,0.167251,3.98074,0.66528,12.849,1,0.411069,1.55045,0,145.281,4.01415,142.406,0.84672,12.849,0.84672,3695.15,0,18.483,0.0494626,5.80503,1.46936,8.46806,1.00997,14.683,0.42336,0,0,18.483,0.42336,442.007,0,1.02816,0,0,6.83319,5.80503,1.028160,1,0,161.07,0,0,0,161.07,0
72.29,2.31337,0,0,3.20795,0.276403,0.618176,3.6288,61.308,0.164333,0,0,3.02422,0.129718,2.73017,0.66528,12.849,1,0.411183,0.618176,0,102.566,2.84655,99.9267,0.84672,12.849,0.84672,3695.15,0,18.483,0.0495427,4.02895,1.46977,6.56994,0.86445,11.1547,0.42336,0,0,18.483,0.42336,442.007,0,1.02816,0,0,5.05711,4.02895,1.028160,1,0,113.812,0,0,0,113.812,0
72.29,2.28212,0,0,3.80154,0.219314,1.30011,3.6288,61.308,0.150264,0,0,3.35369,0.175698,3.02772,0.66528,12.849,1,0.405629,1.30011,0,92.7262,3.84434,89.7764,0.84672,12.849,0.84672,3695.15,0,18.483,0.0453012,6.37511,1.47018,8.74627,0.982419,15.5638,0.42336,0,0,18.483,0.42336,442.007,0,1.02816,0,0,7.40327,6.37511,1.028160,1,0,108.368,0,0,0,108.368,0
72.29,2.28275,0,0,3.1214,0.210967,0.627678,3.6288,61.308,0.150525,0,0,1.52475,0.181177,1.19305,0.66528,12.849,1,0.405742,0.627678,0,77.7133,3.9523,73.983,0.84672,12.849,0.84672,3695.15,0,18.483,0.0453801,2.46562,1.44913,5.23492,1.00233,8.10197,0.42336,0,0,18.483,0.42336,442.007,0,1.02816,0,0,3.49378,2.46562,1.028160,1,0,83.278,0,0,0,83.278,0
72.1638,2.28339,0,0,2.73101,0.210967,0.36288,3.6288,61.308,0.150787,0,0,1.48205,0.181177,1.15009,0.66528,12.849,1,0.405855,0.36288,0,72.2503,3.9523,68.255,0.84672,12.849,0.84672,3695.15,0,18.483,0.045459,2.27499,1.44954,4.55998,1.00233,7.23671,0.42336,0,0,18.483,0.42336,442.007,0,1.02816,0,0,3.30315,2.27499,1.028160,1,0,76.6418,0,0,0,76.6418,0
72.29,2.28342,0,0,3.27363,0.210765,0.653214,3.6288,61.308,0.151049,0,0,1.56832,0.181177,1.2361,0.66528,12.849,1,0.406571,0.653214,0,77.0602,3.9523,73.3545,0.84672,12.849,0.84672,3695.15,0,18.483,0.045538,2.41548,1.44994,5.66874,1.00233,8.48628,0.42336,0,0,18.483,0.42336,442.007,0,1.02816,0,0,3.44364,2.41548,1.028160,1,0,83.0769,0,0,0,83.0769,0
71.8772,2.39304,0,0,2.53612,0.193019,0.36288,3.6288,61.308,0.202203,0,0,1.41329,0.185821,1.02526,0.66528,12.849,1,0.425344,0.36288,0,62.7226,4.16077,58.4994,0.84672,12.849,0.84672,3695.15,0,18.483,0.0609597,2.15928,1.45034,5.07792,1.00629,7.62029,0.42336,0,0,18.483,0.42336,442.007,0,1.02816,0,0,3.18744,2.15928,1.028160,1,0,67.1449,0,0,0,67.1449,0
71.3159,2.39163,0,0,2.3687,0.175465,0.36288,3.6288,61.308,0.202479,0,0,1.12805,0.178932,0.746636,0.66528,12.849,1,0.427536,0.36288,0,54.7255,4.04695,50.6139,0.84672,12.849,0.84672,3695.15,0,18.483,0.0610429,1.9536,1.52584,4.47186,1.027,6.86325,0.42336,0,0,18.483,0.42336,442.007,0,1.02816,0,0,2.98176,1.9536,1.028160,1,0,58.2238,0,0,0,58.2238,0
70.5121,2.38944,0,0,2.07716,0.128691,0.36288,3.6288,61.308,0.202755,0,0,1.05215,0.179168,0.67023,0.66528,12.849,1,0.430506,0.36288,0,46.652,4.06298,42.5214,0.84672,12.849,0.84672,3695.15,0,18.483,0.0611262,1.97176,1.52627,4.1516,0.980598,6.6079,0.42336,0,0,18.483,0.42336,442.007,0,1.02816,0,0,2.99992,1.97176,1.028160,1,0,49.7996,0,0,0,49.7996,0
69.6873,2.38596,0,0,2.05198,0.1279,0.36288,3.6288,61.308,0.203031,0,0,1.13461,0.179168,0.752413,0.66528,12.849,1,0.434779,0.36288,0,45.2614,4.06298,41.1265,0.84672,12.849,0.84672,3695.15,0,18.483,0.0612095,1.9168,1.52669,4.49837,0.980598,6.90006,0.42336,0,0,18.483,0.42336,442.007,0,1.02816,0,0,2.94496,1.9168,1.028160,1,0,48.779,0,0,0,48.779,0
68.9709,2.38227,0,0,2.15313,0.124332,0.36288,3.6288,61.308,0.203308,0,0,1.09102,0.181063,0.706654,0.66528,12.849,1,0.439246,0.36288,0,45.3051,4.09196,41.1368,0.84672,12.849,0.84672,3695.15,0,18.483,0.0612928,1.59255,1.52711,4.04601,0.994447,6.10993,0.42336,0,0,18.483,0.42336,442.007,0,1.02816,0,0,2.62071,1.59255,1.028160,1,0,47.9534,0,0,0,47.9534,0
68.7024,2.35778,0,0,2.5689,0.11679,0.36288,3.6288,61.308,0.231594,0,0,1.13178,0.185799,0.714386,0.66528,12.849,1,0.439245,0.36288,0,50.509,4.1644,46.2682,0.84672,12.849,0.84672,3695.15,0,18.483,0.0698205,1.09585,1.52754,3.99323,1.02907,5.51773,0.42336,0,0,18.483,0.42336,442.007,0,1.02816,0,0,2.12401,1.09585,1.028160,1,0,52.5004,0,0,0,52.5004,0
68.1976,2.35699,0,0,2.33166,0.116546,0.36288,3.6288,61.308,0.231878,0,0,1.06179,0.185799,0.644109,0.66528,12.849,1,0.440814,0.36288,0,45.0077,4.1644,40.7653,0.84672,12.849,0.84672,3695.15,0,18.483,0.0699061,0.856328,1.55139,3.8629,1.02907,5.17164,0.42336,0,0,18.483,0.42336,442.007,0,1.02816,0,0,1.88449,0.856328,1.028160,1,0,46.5811,0,0,0,46.5811,0
67.6082,2.3549,0,0,2.21213,0.0838016,0.36288,3.6288,61.308,0.232163,0,0,0.995967,0.262583,0.501222,0.66528,12.849,1,0.443683,0.36288,0,40.4842,5.15245,35.2509,0.84672,12.849,0.84672,3695.15,0,18.483,0.0699919,0.86368,1.55182,3.66092,1.38973,4.61671,0.42336,0,0,18.483,0.42336,442.007,0,1.02816,0,0,1.89184,0.86368,1.028160,1,0,40.3689,0,0,0,40.3689,0
66.7715,2.3523,0,0,1.96187,0.0834148,0.36288,3.6288,61.308,0.232447,0,0,0.936032,0.262583,0.441002,0.66528,12.849,1,0.447058,0.36288,0,37.976,5.15245,32.7394,0.84672,12.849,0.84672,3695.15,0,18.483,0.0700776,0.838572,1.55226,3.52216,1.38973,4.45318,0.42336,0,0,18.483,0.42336,442.007,0,1.02816,0,0,1.86673,0.838572,1.028160,1,0,37.6335,0,0,0,37.6335,0
65.9517,2.40306,0,0,2.0205,0.0743075,0.36288,3.6288,61.308,0.257722,0,0,0.860872,0.305181,0.297969,0.66528,12.849,1,0.462427,0.36288,0,35.3354,5.90954,29.3264,0.84672,12.849,0.84672,3695.15,0,18.483,0.0776975,0.669159,1.55269,3.41231,1.5047,4.05175,0.42336,0,0,18.483,0.42336,442.007,0,1.02816,0,0,1.69732,0.669159,1.028160,1,0,33.6761,0,0,0,33.6761,0
65.1539,2.39892,0,0,2.03643,0.072408,0.36288,3.6288,61.308,0.258013,0,0,0.790914,0.312281,0.22062,0.66528,12.849,1,0.467368,0.36288,0,45.8482,6.03572,39.708,0.84672,12.849,0.84672,3695.15,0,18.483,0.0777853,0.834512,1.59049,3.75127,1.52387,4.57463,0.42336,0,0,18.483,0.42336,442.007,0,1.02816,0,0,1.86267,0.834512,1.028160,1,0,44.5033,0,0,0,44.5033,0
64.2311,2.3948,0,0,1.90684,0.0719475,0.36288,3.6288,61.308,0.258305,0,0,0.735506,0.312281,0.16492,0.66528,12.849,1,0.472279,0.36288,0,36.8122,6.03572,30.6671,0.84672,12.849,0.84672,3695.15,0,18.483,0.0778732,0.799978,1.59094,3.38147,1.52387,4.17065,0.42336,0,0,18.483,0.42336,442.007,0,1.02816,0,0,1.82814,0.799978,1.028160,1,0,35.0026,0,0,0,35.0026,0
63.1431,2.38981,0,0,1.73612,0.0714149,0.36288,3.6288,61.308,0.258596,0,0,0.698285,0.312281,0.127408,0.66528,12.849,1,0.478066,0.36288,0,33.5495,6.03572,27.3986,0.84672,12.849,0.84672,3695.15,0,18.483,0.077961,0.518668,1.59138,3.15415,1.52387,3.66237,0.42336,0,0,18.483,0.42336,442.007,0,1.02816,0,0,1.54683,0.518668,1.028160,1,0,31.1883,0,0,0,31.1883,0
62.1522,2.54283,0,0,1.97473,0.0599419,0.36288,3.6288,61.308,0.349192,0,0,0.79145,0.329047,0.11321,0.66528,12.849,1,0.51744,0.36288,0,34.8339,6.15431,28.525,0.84672,12.849,0.84672,3695.15,0,18.483,0.105274,0.937388,1.59182,4.70175,1.51948,5.60621,0.42336,0,0,18.483,0.42336,442.007,0,1.02816,0,0,1.96555,0.937388,1.028160,1,0,34.2444,0,0,0,34.2444,0
60.9955,2.53669,0,0,1.80856,0.0657294,0.36288,3.6288,61.2638,0.349509,0,0,0.618127,0.312784,0,0.66528,12.849,1,0.524422,0.36288,0,32.3105,5.94468,26.2043,0.84672,12.849,0.84672,3695.15,0,18.483,0.105369,0.479278,1.71897,3.49451,1.46023,4.12715,0.42336,0,0,18.483,0.42336,442.007,0,1.02816,0,0,1.50744,0.479278,1.028160,1,0,30.3314,0,0,0,30.3314,0
60.0231,2.52918,0,0,1.98481,0.0651045,0.36288,3.6288,61.308,0.349767,0,0,0.763299,0.312697,0.0566688,0.66528,12.849,1,0.532785,0.36288,0,41.5538,5.94468,35.4392,0.84672,12.849,0.84672,3695.15,0,18.483,0.105523,0.844655,1.71945,3.81209,1.46023,4.81044,0.42336,0,0,18.483,0.42336,442.007,0,1.02816,0,0,1.87282,0.844655,1.028160,1,0,40.3063,0,0,0,40.3063,0
58.6674,2.52277,0,0,1.59449,0.064557,0.36288,3.6288,61.1972,0.350143,0,0,0.552084,0.312784,0,0.66528,12.849,1,0.540044,0.36288,0,40.6046,5.94468,34.4828,0.84672,12.849,0.84672,3695.15,0,18.483,0.10556,0.272048,1.71993,3.06025,1.46023,3.48643,0.42336,0,0,18.483,0.42336,442.007,0,1.02816,0,0,1.30021,0.272048,1.028160,1,0,37.9692,0,0,0,37.9692,0
57.7124,2.51324,0,0,1.98668,0.0655403,0.36288,3.6288,61.308,0.350312,0,0,0.990211,0.316169,0.212887,0.66528,12.849,1,0.550434,0.36288,0,38.9597,5.84394,32.9282,0.84672,12.849,0.84672,3695.15,0,18.483,0.105803,1.51803,1.7204,4.60326,1.46181,6.27409,0.42336,0,0,18.483,0.42336,442.007,0,1.02816,0,0,2.54619,1.51803,1.028160,1,0,39.4151,0,0,0,39.4151,0
56.5662,2.43001,0,0,1.72239,0.0757533,0.36288,3.6288,61.308,0.295889,0,0,1.33596,0.338027,0.702044,0.66528,12.849,1,0.541013,0.36288,0,54.1744,5.2395,48.7568,0.84672,12.849,0.84672,3695.15,0,18.483,0.089204,1.81766,1.72088,4.35681,1.47124,6.33491,0.42336,0,0,18.483,0.42336,442.007,0,1.02816,0,0,2.84582,1.81766,1.028160,1,0,55.7938,0,0,0,55.7938,0
55.0664,2.42175,0,0,1.35969,0.0749044,0.36288,3.6288,61.308,0.296191,0,0,0.92499,0.338027,0.290772,0.66528,12.849,1,0.550099,0.36288,0,42.6356,5.2395,37.2089,0.84672,12.849,0.84672,3695.15,0,18.483,0.0892949,1.31313,1.64865,4.07311,1.47124,5.47436,0.42336,0,0,18.483,0.42336,442.007,0,1.02816,0,0,2.34129,1.31313,1.028160,1,0,42.974,0,0,0,42.974,0
53.7396,2.41027,0,0,1.55235,0.105933,0.36288,3.6288,61.308,0.296493,0,0,0.884952,0.311912,0.276547,0.66528,12.849,1,0.562404,0.36288,0,35.6474,4.9079,30.54,0.84672,12.849,0.84672,3695.15,0,18.483,0.0893859,1.214,1.64911,5.01358,1.28671,6.50059,0.42336,0,0,18.483,0.42336,442.007,0,1.02816,0,0,2.24216,1.214,1.028160,1,0,37.3171,0,0,0,37.3171,0
56.6525,2.39973,0,0,5.75134,0.07585,0.36288,3.6288,61.308,0.296795,0,0,1.84274,0.31756,1.22838,0.66528,12.849,1,0.573769,0.36288,0,60.8115,5.2773,55.3233,0.84672,12.849,0.84672,3695.15,0,18.483,0.089477,3.36277,1.64956,12.7297,1.23237,16.4202,0.42336,0,0,18.483,0.42336,442.007,0,1.02816,0,0,4.39093,3.36277,1.028160,1,0,72.9719,0,0,0,72.9719,0
58.605,2.36182,0,0,4.83869,0.161512,0.36288,3.6288,61.308,0.24708,0,0,1.48404,0.244883,0.992078,0.66528,12.849,1,0.53567,0.36288,0,120.719,4.37715,116.169,0.84672,12.849,0.84672,3695.15,0,18.483,0.074489,2.07408,1.65002,8.86085,0.920187,11.5903,0.42336,0,0,18.483,0.42336,442.007,0,1.02816,0,0,3.10224,2.07408,1.028160,1,0,128.751,0,0,0,128.751,0
60.061,2.37712,0,0,4.36758,0.171556,0.36288,3.6288,61.308,0.247368,0,0,1.55993,0.2493,1.06327,0.66528,12.849,1,0.521177,0.36288,0,105.575,4.38165,101.035,0.84672,12.849,0.84672,3695.15,0,18.483,0.0745759,2.28285,1.58579,8.89635,0.90876,11.7817,0.42336,0,0,18.483,0.42336,442.007,0,1.02816,0,0,3.31101,2.28285,1.028160,1,0,113.88,0,0,0,113.88,0
62.5386,2.38819,0,0,5.40264,0.173977,0.36288,3.6288,61.308,0.247656,0,0,1.60016,0.2493,1.10321,0.66528,12.849,1,0.510911,0.36288,0,52.9718,4.38165,48.4422,0.84672,12.849,0.84672,3695.15,0,18.483,0.0746628,2.25603,1.58623,9.94343,0.90876,12.8023,0.42336,0,0,18.483,0.42336,442.007,0,1.02816,0,0,3.28419,2.25603,1.028160,1,0,62.3476,0,0,0,62.3476,0
64.7858,2.40565,0,0,5.23466,0.21897,0.36288,3.6288,61.308,0.247944,0,0,1.30396,0.242801,0.813213,0.66528,12.849,1,0.494257,0.36288,0,76.3976,4.43385,71.8324,0.84672,12.849,0.84672,3695.15,0,18.483,0.0747497,1.31554,1.58667,5.91143,0.962689,7.7762,0.42336,0,0,18.483,0.42336,442.007,0,1.02816,0,0,2.3437,1.31554,1.028160,1,0,80.4218,0,0,0,80.4218,0
66.7313,2.23833,0,0,4.78138,0.234649,0.36288,3.6288,61.308,0.143946,0,0,1.73461,0.22364,1.36702,0.66528,12.849,1,0.443928,0.36288,0,92.8679,4.16613,88.6207,0.84672,12.849,0.84672,3695.15,0,18.483,0.0433966,1.76404,1.58711,8.43297,0.972463,10.7683,0.42336,0,0,18.483,0.42336,442.007,0,1.02816,0,0,2.7922,1.76404,1.028160,1,0,100.756,0,0,0,100.756,0
72.29,2.2498,0,0,10.7476,0.255953,2.68315,3.6288,61.308,0.144206,0,0,2.68732,0.185949,2.35716,0.66528,12.849,1,0.433196,2.68315,0,232.356,3.59415,231.012,0.84672,12.849,0.84672,3695.15,0,18.483,0.0434748,3.8927,1.44175,18.1183,0.758999,22.6503,0.42336,0,0,18.483,0.42336,442.007,0,1.02816,0,0,4.92086,3.8927,1.028160,1,0,256.02,0,0,0,256.02,0
72.29,2.27872,0,0,8.64026,0.267224,6.09432,3.6288,61.308,0.144465,0,0,3.883,0.185949,3.55258,0.66528,12.849,1,0.405025,6.09432,0,212.247,3.59415,214.342,0.84672,12.849,0.84672,3695.15,0,18.483,0.043553,4.47745,1.44215,17.3272,0.758999,22.4442,0.42336,0,0,18.483,0.42336,442.007,0,1.02816,0,0,5.50561,4.47745,1.028160,1,0,240.339,0,0,0,240.339,0
72.29,2.27935,0,0,7.33044,0.271855,4.77923,3.6288,61.308,0.144725,0,0,1.77624,0.242192,1.38932,0.66528,12.849,1,0.405138,4.77923,0,135.651,4.43719,135.588,0.84672,12.849,0.84672,3695.15,0,18.483,0.0436312,2.89882,1.44255,13.126,1.09151,16.3322,0.42336,0,0,18.483,0.42336,442.007,0,1.02816,0,0,3.92698,2.89882,1.028160,1,0,153.31,0,0,0,153.31,0
72.29,2.27998,0,0,13.9653,0.271855,11.4134,3.6288,61.308,0.144984,0,0,3.39034,0.242192,3.00316,0.66528,12.849,1,0.40525,11.4134,0,213.881,4.43719,220.452,0.84672,12.849,0.84672,3695.15,0,18.483,0.0437095,7.26342,1.44295,23.1786,1.09151,30.7498,0.42336,0,0,18.483,0.42336,442.007,0,1.02816,0,0,8.29158,7.26342,1.028160,1,0,254.205,0,0,0,254.205,0
72.29,2.35205,0,0,7.63821,0.296521,4.98964,3.6288,61.308,0.175477,0,0,1.64808,0.194947,1.27766,0.66528,12.849,1,0.418059,4.98964,0,211.043,3.55887,212.056,0.84672,12.849,0.84672,3695.15,0,18.483,0.0529024,2.03307,1.44335,11.6806,1.12552,13.9786,0.42336,0,0,18.483,0.42336,442.007,0,1.02816,0,0,3.06123,2.03307,1.028160,1,0,227.312,0,0,0,227.312,0
72.29,2.35267,0,0,4.40024,0.296521,1.75104,3.6288,61.308,0.175735,0,0,1.74815,0.194947,1.37747,0.66528,12.849,1,0.41817,1.75104,0,119.87,3.55887,117.645,0.84672,12.849,0.84672,3695.15,0,18.483,0.0529801,2.20168,1.48992,10.4657,1.12552,12.9788,0.42336,0,0,18.483,0.42336,442.007,0,1.02816,0,0,3.22984,2.20168,1.028160,1,0,132.001,0,0,0,132.001,0
72.29,2.3533,0,0,4.0135,0.291661,1.36854,3.6288,61.308,0.175992,0,0,1.58963,0.196186,1.21745,0.66528,12.849,1,0.418282,1.36854,0,122.557,3.64251,119.864,0.84672,12.849,0.84672,3695.15,0,18.483,0.0530577,1.93239,1.49032,8.4799,1.10151,10.748,0.42336,0,0,18.483,0.42336,442.007,0,1.02816,0,0,2.96055,1.93239,1.028160,1,0,131.83,0,0,0,131.83,0
72.29,2.35393,0,0,4.65053,0.30322,1.99338,3.6288,61.308,0.17625,0,0,1.60623,0.204372,1.22561,0.66528,12.849,1,0.418393,1.99338,0,122.039,4.03282,119.581,0.84672,12.849,0.84672,3695.15,0,18.483,0.0531353,2.12777,1.49071,10.2089,1.03341,12.7408,0.42336,0,0,18.483,0.42336,442.007,0,1.02816,0,0,3.15593,2.12777,1.028160,1,0,133.548,0,0,0,133.548,0
72.29,2.58421,0,0,4.89429,0.324857,1.98522,3.6288,61.308,0.290147,0,0,1.46853,0.17837,1.00002,0.66528,12.849,1,0.459325,1.98522,0,137.338,4.08518,134.779,0.84672,12.849,0.84672,3695.15,0,18.483,0.0874729,1.77708,1.49111,9.30943,1.02387,11.4663,0.42336,0,0,18.483,0.42336,442.007,0,1.02816,0,0,2.80524,1.77708,1.028160,1,0,147.245,0,0,0,147.245,0
72.29,2.5849,0,0,4.51202,0.328868,1.59824,3.6288,61.308,0.290435,0,0,1.52349,0.158569,1.07449,0.66528,12.849,1,0.459447,1.59824,0,140.706,4.1579,137.687,0.84672,12.849,0.84672,3695.15,0,18.483,0.0875597,1.52689,1.65647,8.92477,0.993912,11.0267,0.42336,0,0,18.483,0.42336,442.007,0,1.02816,0,0,2.55505,1.52689,1.028160,1,0,149.788,0,0,0,149.788,0
72.29,2.58559,0,0,5.13238,0.328868,2.21792,3.6288,61.308,0.290723,0,0,1.63089,0.158569,1.18159,0.66528,12.849,1,0.45957,2.21792,0,167.469,4.1579,165.07,0.84672,12.849,0.84672,3695.15,0,18.483,0.0876466,1.85247,1.65691,13.5528,0.993912,15.9806,0.42336,0,0,18.483,0.42336,442.007,0,1.02816,0,0,2.88063,1.85247,1.028160,1,0,182.232,0,0,0,182.232,0
72.29,2.58628,0,0,5.99119,0.330522,3.07439,3.6288,61.308,0.291011,0,0,1.60561,0.155445,1.15915,0.66528,12.849,1,0.459692,3.07439,0,213.538,4.05299,212.1,0.84672,12.849,0.84672,3695.15,0,18.483,0.0877334,1.88419,1.65735,11.5627,0.958796,14.0578,0.42336,0,0,18.483,0.42336,442.007,0,1.02816,0,0,2.91235,1.88419,1.028160,1,0,227.317,0,0,0,227.317,0
72.29,2.25906,0,0,5.93245,0.338305,3.33509,3.6288,61.308,0.13863,0,0,2.37198,0.167233,2.06612,0.66528,12.849,1,0.40153,3.33509,0,186.393,3.90406,185.423,0.84672,12.849,0.84672,3695.15,0,18.483,0.041794,3.9686,1.65779,10.4455,0.910115,15.12,0.42336,0,0,18.483,0.42336,442.007,0,1.02816,0,0,4.99676,3.9686,1.028160,1,0,202.609,0,0,0,202.609,0
72.29,2.25966,0,0,6.28965,0.336697,3.6933,3.6288,61.308,0.138878,0,0,2.48835,0.190132,2.15934,0.66528,12.849,1,0.401637,3.6933,0,177.478,4.26447,176.505,0.84672,12.849,0.84672,3695.15,0,18.483,0.0418686,3.78738,1.43235,10.7851,1.03162,14.9313,0.42336,0,0,18.483,0.42336,442.007,0,1.02816,0,0,4.81554,3.78738,1.028160,1,0,193.596,0,0,0,193.596,0
72.29,2.26026,0,0,6.52509,0.336697,3.92813,3.6288,61.308,0.139126,0,0,2.29717,0.190132,1.96791,0.66528,12.849,1,0.401744,3.92813,0,186.603,4.26447,185.865,0.84672,12.849,0.84672,3695.15,0,18.483,0.0419432,3.98816,1.43273,12.1796,1.03162,16.527,0.42336,0,0,18.483,0.42336,442.007,0,1.02816,0,0,5.01632,3.98816,1.028160,1,0,204.36,0,0,0,204.36,0
72.29,2.26086,0,0,5.99937,0.268728,3.46977,3.6288,61.308,0.139373,0,0,2.00604,0.154034,1.71263,0.66528,12.849,1,0.401851,3.46977,0,186.477,3.7413,185.804,0.84672,12.849,0.84672,3695.15,0,18.483,0.0420179,3.73687,1.43311,11.4422,0.956471,15.6137,0.42336,0,0,18.483,0.42336,442.007,0,1.02816,0,0,4.76503,3.73687,1.028160,1,0,203.13,0,0,0,203.13,0
72.29,2.26147,0,0,5.23241,0.333471,2.63747,3.6288,61.308,0.139621,0,0,1.81142,0.164366,1.50743,0.66528,12.849,1,0.401958,2.63747,0,147.469,4.35825,145.347,0.84672,12.849,0.84672,3695.15,0,18.483,0.0420926,3.09626,1.43349,9.27988,1.0301,12.7374,0.42336,0,0,18.483,0.42336,442.007,0,1.02816,0,0,4.12442,3.09626,1.028160,1,0,159.591,0,0,0,159.591,0
72.29,2.34472,0,0,6.70719,0.334254,4.02822,3.6288,61.308,0.177267,0,0,3.33518,0.184042,2.97387,0.66528,12.849,1,0.416756,4.02822,0,159.538,4.69035,158.46,0.84672,12.849,0.84672,3695.15,0,18.483,0.053442,6.55304,1.43387,14.9597,1.02358,21.8696,0.42336,0,0,18.483,0.42336,442.007,0,1.02816,0,0,7.5812,6.55304,1.028160,1,0,183.303,0,0,0,183.303,0
72.29,2.34534,0,0,4.71897,0.334254,2.03937,3.6288,61.308,0.177524,0,0,1.3407,0.184042,0.979136,0.66528,12.849,1,0.416867,2.03937,0,140.683,4.69035,137.615,0.84672,12.849,0.84672,3695.15,0,18.483,0.0535197,3.01364,1.4901,6.72382,1.02358,10.1505,0.42336,0,0,18.483,0.42336,442.007,0,1.02816,0,0,4.0418,3.01364,1.028160,1,0,148.744,0,0,0,148.744,0
72.29,2.34597,0,0,4.24462,0.334254,1.56439,3.6288,61.308,0.177782,0,0,1.08827,0.184042,0.726444,0.66528,12.849,1,0.416978,1.56439,0,114.859,4.69035,111.316,0.84672,12.849,0.84672,3695.15,0,18.483,0.0535974,2.35215,1.4905,5.63618,1.02358,8.40165,0.42336,0,0,18.483,0.42336,442.007,0,1.02816,0,0,3.38031,2.35215,1.028160,1,0,120.444,0,0,0,120.444,0
72.29,2.34659,0,0,3.88061,0.275827,1.25819,3.6288,61.308,0.17804,0,0,0.953441,0.222397,0.553005,0.66528,12.849,1,0.417089,1.25819,0,119.495,5.44614,114.89,0.84672,12.849,0.84672,3695.15,0,18.483,0.0536751,1.79487,1.4909,5.0278,1.16299,7.0969,0.42336,0,0,18.483,0.42336,442.007,0,1.02816,0,0,2.82303,1.79487,1.028160,1,0,122.54,0,0,0,122.54,0
72.29,2.31487,0,0,4.70972,0.248109,2.14675,3.6288,61.308,0.163757,0,0,1.92214,0.21338,1.545,0.66528,12.849,1,0.41145,2.14675,0,125.708,4.24914,123.194,0.84672,12.849,0.84672,3695.15,0,18.483,0.0493692,3.66292,1.49129,9.84646,1.06222,13.8891,0.42336,0,0,18.483,0.42336,442.007,0,1.02816,0,0,4.69108,3.66292,1.028160,1,0,138.628,0,0,0,138.628,0
72.29,2.31548,0,0,3.73969,0.24349,1.18071,3.6288,61.308,0.164011,0,0,1.48187,0.211877,1.10598,0.66528,12.849,1,0.41156,1.18071,0,85.142,4.04964,81.8615,0.84672,12.849,0.84672,3695.15,0,18.483,0.0494457,2.52971,1.46993,5.43574,1.04543,8.34052,0.42336,0,0,18.483,0.42336,442.007,0,1.02816,0,0,3.55787,2.52971,1.028160,1,0,91.308,0,0,0,91.308,0
72.29,2.3161,0,0,3.23402,0.24349,0.674431,3.6288,61.308,0.164265,0,0,1.41312,0.211877,1.03698,0.66528,12.849,1,0.411669,0.674431,0,75.4212,4.04964,71.6343,0.84672,12.849,0.84672,3695.15,0,18.483,0.0495223,2.17751,1.47032,4.75575,1.04543,7.30864,0.42336,0,0,18.483,0.42336,442.007,0,1.02816,0,0,3.20567,2.17751,1.028160,1,0,79.9799,0,0,0,79.9799,0
72.2519,2.31672,0,0,2.88502,0.24349,0.36288,3.6288,61.308,0.164519,0,0,1.25478,0.211877,0.878382,0.66528,12.849,1,0.411779,0.36288,0,64.7775,4.04964,60.679,0.84672,12.849,0.84672,3695.15,0,18.483,0.049599,1.76641,1.47071,4.12986,1.04543,6.27196,0.42336,0,0,18.483,0.42336,442.007,0,1.02816,0,0,2.79457,1.76641,1.028160,1,0,67.8293,0,0,0,67.8293,0
72.0959,2.42707,0,0,2.86446,0.230512,0.36288,3.6288,61.308,0.216393,0,0,1.12728,0.221662,0.689223,0.66528,12.849,1,0.43162,0.36288,0,72.4455,4.24065,68.1361,0.84672,12.849,0.84672,3695.15,0,18.483,0.0652378,1.56919,1.4711,4.08302,1.03861,6.01947,0.42336,0,0,18.483,0.42336,442.007,0,1.02816,0,0,2.59735,1.56919,1.028160,1,0,74.8448,0,0,0,74.8448,0
71.6232,2.42692,0,0,2.51736,0.200315,0.36288,3.6288,61.308,0.216661,0,0,1.05102,0.255,0.57936,0.66528,12.849,1,0.432528,0.36288,0,64.8071,4.88991,59.8475,0.84672,12.849,0.84672,3695.15,0,18.483,0.0653186,1.44819,1.54766,3.97126,1.15004,5.75175,0.42336,0,0,18.483,0.42336,442.007,0,1.02816,0,0,2.47635,1.44819,1.028160,1,0,66.1786,0,0,0,66.1786,0
71.0287,2.42515,0,0,2.33634,0.142798,0.36288,3.6288,61.308,0.216929,0,0,0.965278,0.272545,0.475804,0.66528,12.849,1,0.435065,0.36288,0,49.5608,5.18826,44.3003,0.84672,12.849,0.84672,3695.15,0,18.483,0.0653994,1.11459,1.54808,3.78615,1.27681,5.10661,0.42336,0,0,18.483,0.42336,442.007,0,1.02816,0,0,2.14275,1.11459,1.028160,1,0,49.8827,0,0,0,49.8827,0
70.3446,2.42271,0,0,2.24367,0.142151,0.36288,3.6288,61.308,0.217198,0,0,0.955143,0.272545,0.465401,0.66528,12.849,1,0.438265,0.36288,0,46.001,5.18826,40.7374,0.84672,12.849,0.84672,3695.15,0,18.483,0.0654802,1.12214,1.54849,3.63348,1.27681,4.96182,0.42336,0,0,18.483,0.42336,442.007,0,1.02816,0,0,2.1503,1.12214,1.028160,1,0,46.1646,0,0,0,46.1646,0
69.577,2.41975,0,0,2.15256,0.137568,0.36288,3.6288,61.308,0.217466,0,0,0.925888,0.269516,0.438907,0.66528,12.849,1,0.441986,0.36288,0,43.9812,5.1627,38.7394,0.84672,12.849,0.84672,3695.15,0,18.483,0.0655611,1.23504,1.5489,3.67036,1.27577,5.11296,0.42336,0,0,18.483,0.42336,442.007,0,1.02816,0,0,2.2632,1.23504,1.028160,1,0,44.2913,0,0,0,44.2913,0
68.9173,2.39463,0,0,2.21168,0.113864,0.36288,3.6288,61.308,0.246143,0,0,0.7668,0.25134,0.269317,0.66528,12.849,1,0.442225,0.36288,0,42.2321,5.00934,37.1435,0.84672,12.849,0.84672,3695.15,0,18.483,0.0742066,0.796245,1.54931,5.15452,1.26955,6.15632,0.42336,0,0,18.483,0.42336,442.007,0,1.02816,0,0,1.82441,0.796245,1.028160,1,0,43.5691,0,0,0,43.5691,0
68.1205,2.3917,0,0,2.07103,0.113282,0.36288,3.6288,61.308,0.246419,0,0,0.728957,0.25134,0.231198,0.66528,12.849,1,0.445911,0.36288,0,42.1769,5.00934,37.0846,0.84672,12.849,0.84672,3695.15,0,18.483,0.0742897,0.686146,1.57349,5.29712,1.26955,6.21291,0.42336,0,0,18.483,0.42336,442.007,0,1.02816,0,0,1.71431,0.686146,1.028160,1,0,43.5287,0,0,0,43.5287,0
67.1406,2.38795,0,0,1.88351,0.112579,0.36288,3.6288,61.308,0.246694,0,0,0.71083,0.25134,0.212795,0.66528,12.849,1,0.450419,0.36288,0,41.3514,5.00934,36.2545,0.84672,12.849,0.84672,3695.15,0,18.483,0.0743729,0.663941,1.5739,5.0756,1.26955,5.96952,0.42336,0,0,18.483,0.42336,442.007,0,1.02816,0,0,1.6921,0.663941,1.028160,1,0,42.4368,0,0,0,42.4368,0
65.9925,2.38307,0,0,1.70957,0.111715,0.36288,3.6288,61.308,0.24697,0,0,0.66687,0.25134,0.168559,0.66528,12.849,1,0.456059,0.36288,0,36.8475,5.00934,31.745,0.84672,12.849,0.84672,3695.15,0,18.483,0.0744561,0.473118,1.57432,4.90997,1.26955,5.61341,0.42336,0,0,18.483,0.42336,442.007,0,1.02816,0,0,1.50128,0.473118,1.028160,1,0,37.527,0,0,0,37.527,0
64.6704,2.43253,0,0,1.55152,0.0782087,0.36288,3.6288,61.308,0.272592,0,0,0.625099,0.312603,0.0399042,0.66528,12.849,1,0.473624,0.36288,0,31.3527,5.92667,25.3152,0.84672,12.849,0.84672,3695.15,0,18.483,0.0821803,0.494113,1.57474,4.03241,1.4739,4.54518,0.42336,0,0,18.483,0.42336,442.007,0,1.02816,0,0,1.52227,0.494113,1.028160,1,0,29.9003,0,0,0,29.9003,0
63.3013,2.4251,0,0,1.49605,0.0770831,0.36288,3.6288,61.2766,0.272875,0,0,0.547822,0.306395,0,0.66528,12.849,1,0.48183,0.36288,0,38.7716,5.89837,32.7542,0.84672,12.849,0.84672,3695.15,0,18.483,0.0822656,0.600419,1.61307,4.08338,1.41138,4.80322,0.42336,0,0,18.483,0.42336,442.007,0,1.02816,0,0,1.62858,0.600419,1.028160,1,0,37.5575,0,0,0,37.5575,0
61.846,2.41708,0,0,1.40084,0.0762333,0.36288,3.6288,61.2065,0.273125,0,0,0.509453,0.306334,0,0.66528,12.849,1,0.490623,0.36288,0,31.1298,5.89837,25.1037,0.84672,12.849,0.84672,3695.15,0,18.483,0.0823833,0.570231,1.6135,3.68085,1.41138,4.37081,0.42336,0,0,18.483,0.42336,442.007,0,1.02816,0,0,1.59839,0.570231,1.028160,1,0,29.4745,0,0,0,29.4745,0
60.275,2.40816,0,0,1.27542,0.0753298,0.36288,3.6288,61.1107,0.273335,0,0,0.483661,0.306198,0,0.66528,12.849,1,0.500315,0.36288,0,28.3707,5.89837,22.3349,0.84672,12.849,0.84672,3695.15,0,18.483,0.0825411,0.324259,1.61393,3.43341,1.41138,3.87767,0.42336,0,0,18.483,0.42336,442.007,0,1.02816,0,0,1.35242,0.324259,1.028160,1,0,26.2126,0,0,0,26.2126,0
58.7117,2.55821,0,0,1.42609,0.0683768,0.36288,3.6288,61.0038,0.365032,0,0,0.563707,0.305559,0,0.66528,12.849,1,0.545341,0.36288,0,29.8214,6.16077,23.4782,0.84672,12.849,0.84672,3695.15,0,18.483,0.110404,0.792582,1.61436,4.96375,1.47456,5.78572,0.42336,0,0,18.483,0.42336,442.007,0,1.02816,0,0,1.82074,0.792582,1.028160,1,0,29.2639,0,0,0,29.2639,0
57.2382,2.54697,0,0,1.5124,0.0760403,0.36288,3.6288,60.9018,0.36519,0,0,0.573727,0.31051,0,0.66528,12.849,1,0.557403,0.36288,0,35.849,6.43829,29.2162,0.84672,12.849,0.84672,3695.15,0,18.483,0.110646,0.812765,1.74328,4.61221,1.54183,5.51578,0.42336,0,0,18.483,0.42336,442.007,0,1.02816,0,0,1.84092,0.812765,1.028160,1,0,34.732,0,0,0,34.732,0
55.4636,2.53593,0,0,1.19917,0.0749554,0.36288,3.6288,60.6568,0.365355,0,0,0.43063,0.310309,0,0.66528,12.849,1,0.569273,0.36288,0,39.3638,6.43829,32.7191,0.84672,12.849,0.84672,3695.15,0,18.483,0.110881,0.354456,1.74375,3.70328,1.54183,4.14877,0.42336,0,0,18.483,0.42336,442.007,0,1.02816,0,0,1.38262,0.354456,1.028160,1,0,36.8678,0,0,0,36.8678,0
53.9628,2.52181,0,0,1.45754,0.0736488,0.36288,3.6288,60.674,0.365318,0,0,0.692342,0.309827,0,0.66528,12.849,1,0.584217,0.36288,0,34.3132,6.43829,27.6535,0.84672,12.849,0.84672,3695.15,0,18.483,0.111318,1.26414,1.74421,5.33598,1.54183,6.69119,0.42336,0,0,18.483,0.42336,442.007,0,1.02816,0,0,2.2923,1.26414,1.028160,1,0,34.3447,0,0,0,34.3447,0
52.1881,2.50935,0,0,1.17444,0.0768758,0.36288,3.6288,60.5159,0.365649,0,0,0.489941,0.282393,0,0.66528,12.849,1,0.597499,0.36288,0,29.5274,5.6989,23.5938,0.84672,12.849,0.84672,3695.15,0,18.483,0.111387,0.634452,1.74467,5.34991,1.25401,6.36364,0.42336,0,0,18.483,0.42336,442.007,0,1.02816,0,0,1.66261,0.634452,1.028160,1,0,29.9575,0,0,0,29.9575,0
50.6644,2.41763,0,0,1.32464,0.067836,0.36288,3.6288,60.6396,0.310241,0,0,0.66456,0.230609,0,0.66528,12.849,1,0.595233,0.36288,0,52.8807,5.58831,47.06,0.84672,12.849,0.84672,3695.15,0,18.483,0.094755,1.85047,1.74514,6.18348,1.35921,8.32513,0.42336,0,0,18.483,0.42336,442.007,0,1.02816,0,0,2.87863,1.85047,1.028160,1,0,55.3852,0,0,0,55.3852,0
48.9169,2.40399,0,0,1.08615,0.0667677,0.36288,3.6288,60.705,0.310681,0,0,0.606843,0.23079,0,0.66528,12.849,1,0.609675,0.36288,0,30.6776,5.58831,24.8425,0.84672,12.849,0.84672,3695.15,0,18.483,0.0946959,0.956586,1.67187,4.4187,1.35921,5.59325,0.42336,0,0,18.483,0.42336,442.007,0,1.02816,0,0,1.98475,0.956586,1.028160,1,0,30.4358,0,0,0,30.4358,0
48.7109,2.38737,0,0,2.67231,0.12807,0.36288,3.6288,61.1224,0.311052,0,0,0.965235,0.236782,0,0.66528,12.849,1,0.627091,0.36288,0,40.844,5.12511,35.4547,0.84672,12.849,0.84672,3695.15,0,18.483,0.0947067,3.43378,1.67231,11.4932,1.25965,15.2449,0.42336,0,0,18.483,0.42336,442.007,0,1.02816,0,0,4.46194,3.43378,1.028160,1,0,50.6996,0,0,0,50.6996,0
48.1862,2.38591,0,0,2.38517,0.16113,0.36288,3.6288,61.308,0.311841,0,0,1.08495,0.25135,0.336122,0.66528,12.849,1,0.629357,0.36288,0,68.7309,4.92859,63.5359,0.84672,12.849,0.84672,3695.15,0,18.483,0.0942986,2.39801,1.67276,8.61261,1.19027,11.3988,0.42336,0,0,18.483,0.42336,442.007,0,1.02816,0,0,3.42617,2.39801,1.028160,1,0,75.2708,0,0,0,75.2708,0
48.5059,2.31962,0,0,3.19744,0.195196,0.36288,3.6288,61.308,0.261634,0,0,0.81934,0.234011,0.323695,0.66528,12.849,1,0.618534,0.36288,0,55.0733,4.25905,50.5586,0.84672,12.849,0.84672,3695.15,0,18.483,0.078877,1.19786,1.6732,8.82852,0.994226,10.6265,0.42336,0,0,18.483,0.42336,442.007,0,1.02816,0,0,2.22602,1.19786,1.028160,1,0,61.5088,0,0,0,61.5088,0
49.0879,2.32346,0,0,3.4905,0.222203,0.36288,3.6288,61.308,0.261914,0,0,1.97541,0.220784,1.49271,0.66528,12.849,1,0.615474,0.36288,0,81.9743,3.7569,77.9648,0.84672,12.849,0.84672,3695.15,0,18.483,0.0789613,3.32654,1.60805,15.2845,0.847193,19.293,0.42336,0,0,18.483,0.42336,442.007,0,1.02816,0,0,4.3547,3.32654,1.028160,1,0,98.7505,0,0,0,98.7505,0
49.3778,2.32986,0,0,3.2063,0.223607,0.36288,3.6288,61.308,0.262194,0,0,1.01288,0.220784,0.529906,0.66528,12.849,1,0.609854,0.36288,0,62.1006,3.7569,58.0967,0.84672,12.849,0.84672,3695.15,0,18.483,0.0790456,0.890948,1.60847,8.93462,0.847193,10.5078,0.42336,0,0,18.483,0.42336,442.007,0,1.02816,0,0,1.91911,0.890948,1.028160,1,0,69.1344,0,0,0,69.1344,0
50.9008,2.33332,0,0,4.46189,0.242714,0.36288,3.6288,61.308,0.262473,0,0,1.8213,0.246551,1.31228,0.66528,12.849,1,0.607173,0.36288,0,93.0127,4.30788,88.4605,0.84672,12.849,0.84672,3695.15,0,18.483,0.0791299,2.40181,1.6089,14.763,1.00258,17.692,0.42336,0,0,18.483,0.42336,442.007,0,1.02816,0,0,3.42997,2.40181,1.028160,1,0,107.465,0,0,0,107.465,0
52.0439,2.17159,0,0,3.93993,0.262378,0.36288,3.6288,61.308,0.157008,0,0,1.40835,0.247059,1.00429,0.66528,12.849,1,0.548179,0.36288,0,89.0771,4.63645,84.2553,0.84672,12.849,0.84672,3695.15,0,18.483,0.0473345,2.55195,1.60933,13.7587,1.14948,16.7231,0.42336,0,0,18.483,0.42336,442.007,0,1.02816,0,0,3.58011,2.55195,1.028160,1,0,101.983,0,0,0,101.983,0
51.4327,2.18182,0,0,2.20334,0.269809,0.36288,3.6288,61.308,0.15726,0,0,0.878265,0.200014,0.520991,0.66528,12.849,1,0.538666,0.36288,0,44.1082,4.4248,39.5076,0.84672,12.849,0.84672,3695.15,0,18.483,0.0474104,2.23704,1.46192,9.41959,1.2254,11.8457,0.42336,0,0,18.483,0.42336,442.007,0,1.02816,0,0,3.2652,2.23704,1.028160,1,0,51.8744,0,0,0,51.8744,0
51.9266,2.17728,0,0,3.30219,0.268102,0.36288,3.6288,61.308,0.157512,0,0,1.37163,0.200014,1.01411,0.66528,12.849,1,0.543932,0.36288,0,70.8529,4.4248,66.2471,0.84672,12.849,0.84672,3695.15,0,18.483,0.0474863,4.89186,1.4623,14.4027,1.2254,19.484,0.42336,0,0,18.483,0.42336,442.007,0,1.02816,0,0,5.92002,4.89186,1.028160,1,0,86.7452,0,0,0,86.7452,0
57.4144,2.18201,0,0,8.30216,0.269482,0.36288,3.6288,61.308,0.157764,0,0,3.79211,0.200014,3.43434,0.66528,12.849,1,0.539928,0.36288,0,186.683,4.4248,182.081,0.84672,12.849,0.84672,3695.15,0,18.483,0.0475622,3.94602,1.46269,28.8329,1.2254,32.9686,0.42336,0,0,18.483,0.42336,442.007,0,1.02816,0,0,4.97418,3.94602,1.028160,1,0,218.484,0,0,0,218.484,0
69.9057,2.22477,0,0,15.3493,0.270324,0.36288,3.6288,61.308,0.158015,0,0,8.54841,0.187613,8.20278,0.66528,12.849,1,0.49789,0.36288,0,320.82,3.99604,316.689,0.84672,12.849,0.84672,3695.15,0,18.483,0.0476381,4.45151,1.46308,32.2987,1.17184,36.9938,0.42336,0,0,18.483,0.42336,442.007,0,1.02816,0,0,5.47967,4.45151,1.028160,1,0,361.886,0,0,0,361.886,0
69.5601,2.37259,0,0,2.68719,0.297352,0.36288,3.6288,61.308,0.188922,0,0,1.36024,0.175598,0.995719,0.66528,12.849,1,0.436093,0.36288,0,62.6834,2.88235,59.7278,0.84672,12.849,0.84672,3695.15,0,18.483,0.0569557,1.87661,1.46347,10.4738,0.887183,12.8697,0.42336,0,0,18.483,0.42336,442.007,0,1.02816,0,0,2.90477,1.87661,1.028160,1,0,73.5932,0,0,0,73.5932,0
69.4373,2.37136,0,0,2.91536,0.303959,0.36288,3.6288,61.308,0.189171,0,0,1.80264,0.171183,1.44229,0.66528,12.849,1,0.438033,0.36288,0,99.216,2.77631,96.3645,0.84672,12.849,0.84672,3695.15,0,18.483,0.0570309,1.48186,1.51067,10.139,0.87833,12.1962,0.42336,0,0,18.483,0.42336,442.007,0,1.02816,0,0,2.51002,1.48186,1.028160,1,0,110.003,0,0,0,110.003,0
68.9601,2.37131,0,0,2.56069,0.303669,0.36288,3.6288,61.308,0.189421,0,0,2.26031,0.171183,1.89971,0.66528,12.849,1,0.438799,0.36288,0,78.8357,2.77631,75.9835,0.84672,12.849,0.84672,3695.15,0,18.483,0.0571062,2.43847,1.51105,11.2229,0.87833,14.237,0.42336,0,0,18.483,0.42336,442.007,0,1.02816,0,0,3.46663,2.43847,1.028160,1,0,92.1202,0,0,0,92.1202,0
69.9429,2.36936,0,0,4.02773,0.312721,0.36288,3.6288,61.308,0.18967,0,0,3.73161,0.166229,3.37571,0.66528,12.849,1,0.441471,0.36288,0,130.865,2.84993,127.936,0.84672,12.849,0.84672,3695.15,0,18.483,0.0571814,4.07636,1.51144,14.1264,0.862067,18.795,0.42336,0,0,18.483,0.42336,442.007,0,1.02816,0,0,5.10452,4.07636,1.028160,1,0,150.107,0,0,0,150.107,0
70.5272,2.60688,0,0,3.87496,0.320847,0.36288,3.6288,61.308,0.305137,0,0,4.07268,0.151281,3.61626,0.66528,12.849,1,0.478901,0.36288,0,148.604,3.41598,145.072,0.84672,12.849,0.84672,3695.15,0,18.483,0.0919921,3.42131,1.51182,11.7966,0.902104,15.7357,0.42336,0,0,18.483,0.42336,442.007,0,1.02816,0,0,4.44947,3.42131,1.028160,1,0,164.424,0,0,0,164.424,0
71.1559,2.6109,0,0,3.89813,0.295642,0.36288,3.6288,61.308,0.305416,0,0,2.67747,0.147863,2.22419,0.66528,12.849,1,0.475666,0.36288,0,143.509,3.92532,139.471,0.84672,12.849,0.84672,3695.15,0,18.483,0.0920762,2.89628,1.67945,14.6706,1.0097,18.1446,0.42336,0,0,18.483,0.42336,442.007,0,1.02816,0,0,3.92444,2.89628,1.028160,1,0,159.839,0,0,0,159.839,0
71.5281,2.61512,0,0,3.68303,0.332908,0.36288,3.6288,61.308,0.305695,0,0,2.10112,0.129021,1.6664,0.66528,12.849,1,0.472226,0.36288,0,132.063,4.03475,127.919,0.84672,12.849,0.84672,3695.15,0,18.483,0.0921603,2.30377,1.67988,10.9707,0.961781,13.9004,0.42336,0,0,18.483,0.42336,442.007,0,1.02816,0,0,3.33193,2.30377,1.028160,1,0,143.486,0,0,0,143.486,0
72.29,2.61787,0,0,5.94431,0.383571,2.18094,3.6288,61.308,0.305974,0,0,2.11295,0.16949,1.63748,0.66528,12.849,1,0.470264,2.18094,0,183.308,3.94642,181.072,0.84672,12.849,0.84672,3695.15,0,18.483,0.0922445,2.70465,1.68031,13.46,1.01456,16.7381,0.42336,0,0,18.483,0.42336,442.007,0,1.02816,0,0,3.73281,2.70465,1.028160,1,0,199.448,0,0,0,199.448,0
71.6992,2.2903,0,0,2.42871,0.366323,0.36288,3.6288,61.308,0.151473,0,0,1.54653,0.163651,1.2314,0.66528,12.849,1,0.407083,0.36288,0,104.821,4.11018,100.667,0.84672,12.849,0.84672,3695.15,0,18.483,0.0456658,1.23341,1.68074,8.33596,1.05671,10.1477,0.42336,0,0,18.483,0.42336,442.007,0,1.02816,0,0,2.26157,1.23341,1.028160,1,0,112.046,0,0,0,112.046,0
70.6283,2.28804,0,0,1.91881,0.338827,0.36288,3.6288,61.308,0.151713,0,0,1.40092,0.155865,1.09334,0.66528,12.849,1,0.410032,0.36288,0,62.6081,4.32852,58.2324,0.84672,12.849,0.84672,3695.15,0,18.483,0.0457382,1.38738,1.45216,6.13708,1.11292,7.81796,0.42336,0,0,18.483,0.42336,442.007,0,1.02816,0,0,2.41554,1.38738,1.028160,1,0,67.1437,0,0,0,67.1437,0
72.29,2.28336,0,0,5.74904,0.336061,1.46789,3.6288,61.308,0.151953,0,0,3.45015,0.155865,3.14233,0.66528,12.849,1,0.415398,1.46789,0,76.0889,4.32852,72.8128,0.84672,12.849,0.84672,3695.15,0,18.483,0.0458105,3.84169,1.45253,13.0533,1.11292,17.1887,0.42336,0,0,18.483,0.42336,442.007,0,1.02816,0,0,4.86985,3.84169,1.028160,1,0,93.1439,0,0,0,93.1439,0
72.29,2.29205,0,0,6.05995,0.341136,3.42676,3.6288,61.308,0.152193,0,0,4.78173,0.17133,4.45821,0.66528,12.849,1,0.407394,3.42676,0,159.487,4.31433,158.193,0.84672,12.849,0.84672,3695.15,0,18.483,0.0458828,4.74264,1.4529,19.2795,1.09662,24.3325,0.42336,0,0,18.483,0.42336,442.007,0,1.02816,0,0,5.7708,4.74264,1.028160,1,0,186.983,0,0,0,186.983,0
72.29,2.29263,0,0,5.88672,0.343094,3.25099,3.6288,61.308,0.152433,0,0,2.79043,0.209992,2.428,0.66528,12.849,1,0.407498,3.25099,0,187.173,4.27886,185.737,0.84672,12.849,0.84672,3695.15,0,18.483,0.0459551,3.265,1.45327,13.2385,1.05589,16.8549,0.42336,0,0,18.483,0.42336,442.007,0,1.02816,0,0,4.29316,3.265,1.028160,1,0,205.02,0,0,0,205.02,0
72.29,2.37701,0,0,11.7122,0.305766,9.02944,3.6288,61.308,0.190586,0,0,4.97385,0.193999,4.58926,0.66528,12.849,1,0.422495,9.02944,0,258.168,4.39845,262.376,0.84672,12.849,0.84672,3695.15,0,18.483,0.0574575,5.71386,1.45364,25.5906,1.08871,31.6119,0.42336,0,0,18.483,0.42336,442.007,0,1.02816,0,0,6.74202,5.71386,1.028160,1,0,298.577,0,0,0,298.577,0
72.29,2.37761,0,0,7.42643,0.305766,4.74305,3.6288,61.308,0.190836,0,0,3.07951,0.193999,2.69468,0.66528,12.849,1,0.422602,4.74305,0,158.452,4.39845,158.374,0.84672,12.849,0.84672,3695.15,0,18.483,0.0575328,3.57796,1.51062,17.9116,1.08871,21.8539,0.42336,0,0,18.483,0.42336,442.007,0,1.02816,0,0,4.60612,3.57796,1.028160,1,0,182.922,0,0,0,182.922,0
72.29,2.37822,0,0,6.01107,0.305766,3.32709,3.6288,61.308,0.191086,0,0,2.54766,0.193999,2.16257,0.66528,12.849,1,0.42271,3.32709,0,109.919,4.39845,108.425,0.84672,12.849,0.84672,3695.15,0,18.483,0.0576081,3.21304,1.51101,14.9657,1.08871,18.5434,0.42336,0,0,18.483,0.42336,442.007,0,1.02816,0,0,4.2412,3.21304,1.028160,1,0,129.131,0,0,0,129.131,0
72.29,2.37882,0,0,5.25392,0.305766,2.56933,3.6288,61.308,0.191335,0,0,2.32219,0.193999,1.93686,0.66528,12.849,1,0.422818,2.56933,0,94.1,4.39845,91.848,0.84672,12.849,0.84672,3695.15,0,18.483,0.0576834,2.97148,1.51139,13.4107,1.08871,16.7471,0.42336,0,0,18.483,0.42336,442.007,0,1.02816,0,0,3.99964,2.97148,1.028160,1,0,110.532,0,0,0,110.532,0
72.29,2.34663,0,0,5.71251,0.252238,3.11364,3.6288,61.308,0.176845,0,0,3.17246,0.199378,2.79624,0.66528,12.849,1,0.417096,3.11364,0,99.805,4.14525,98.3563,0.84672,12.849,0.84672,3695.15,0,18.483,0.0533149,3.64125,1.51178,16.0702,1.07423,20.0957,0.42336,0,0,18.483,0.42336,442.007,0,1.02816,0,0,4.66941,3.64125,1.028160,1,0,121.248,0,0,0,121.248,0
72.29,2.34723,0,0,5.06938,0.230827,2.49132,3.6288,61.308,0.177091,0,0,2.25912,0.20153,1.8805,0.66528,12.849,1,0.417203,2.49132,0,126.934,4.04397,124.964,0.84672,12.849,0.84672,3695.15,0,18.483,0.0533891,2.57107,1.4901,11.3976,1.06844,14.337,0.42336,0,0,18.483,0.42336,442.007,0,1.02816,0,0,3.59923,2.57107,1.028160,1,0,141.181,0,0,0,141.181,0
72.29,2.34783,0,0,4.29181,0.230827,1.71315,3.6288,61.308,0.177338,0,0,1.8561,0.20153,1.47723,0.66528,12.849,1,0.417309,1.71315,0,89.6435,4.04397,86.8953,0.84672,12.849,0.84672,3695.15,0,18.483,0.0534634,2.78047,1.49048,11.3098,1.06844,14.4589,0.42336,0,0,18.483,0.42336,442.007,0,1.02816,0,0,3.80863,2.78047,1.028160,1,0,102.831,0,0,0,102.831,0
72.29,2.34843,0,0,4.08992,0.230827,1.51066,3.6288,61.308,0.177584,0,0,1.54263,0.20153,1.16352,0.66528,12.849,1,0.417415,1.51066,0,69.5036,4.04397,66.5529,0.84672,12.849,0.84672,3695.15,0,18.483,0.0535376,1.9051,1.49086,9.68743,1.06844,11.9614,0.42336,0,0,18.483,0.42336,442.007,0,1.02816,0,0,2.93326,1.9051,1.028160,1,0,79.6778,0,0,0,79.6778,0
72.29,2.46046,0,0,3.553,0.162775,0.929771,3.6288,61.308,0.230156,0,0,1.46841,0.224031,1.01422,0.66528,12.849,1,0.437327,0.929771,0,67.3704,4.3311,63.5317,0.84672,12.849,0.84672,3695.15,0,18.483,0.0693869,1.67321,1.49124,9.33042,1.17406,11.2514,0.42336,0,0,18.483,0.42336,442.007,0,1.02816,0,0,2.70137,1.67321,1.028160,1,0,75.7974,0,0,0,75.7974,0
72.29,2.46108,0,0,3.31361,0.146987,0.705545,3.6288,61.308,0.230415,0,0,1.50498,0.24532,1.02924,0.66528,12.849,1,0.437439,0.705545,0,74.2513,4.34732,70.1721,0.84672,12.849,0.84672,3695.15,0,18.483,0.0694651,1.43351,1.56883,9.00357,1.18918,10.7473,0.42336,0,0,18.483,0.42336,442.007,0,1.02816,0,0,2.46167,1.43351,1.028160,1,0,81.9486,0,0,0,81.9486,0
72.29,2.46171,0,0,3.13731,0.146987,0.528619,3.6288,61.308,0.230675,0,0,1.52254,0.24532,1.04655,0.66528,12.849,1,0.43755,0.528619,0,62.9548,4.34732,58.6985,0.84672,12.849,0.84672,3695.15,0,18.483,0.0695434,1.72869,1.56923,8.18165,1.18918,10.2208,0.42336,0,0,18.483,0.42336,442.007,0,1.02816,0,0,2.75685,1.72869,1.028160,1,0,69.9659,0,0,0,69.9659,0
72.29,2.46233,0,0,3.00977,0.146987,0.400449,3.6288,61.308,0.230935,0,0,1.43667,0.24532,0.960413,0.66528,12.849,1,0.437661,0.400449,0,58.8743,4.34732,54.4898,0.84672,12.849,0.84672,3695.15,0,18.483,0.0696217,1.61806,1.56963,7.64485,1.18918,9.57373,0.42336,0,0,18.483,0.42336,442.007,0,1.02816,0,0,2.64622,1.61806,1.028160,1,0,65.024,0,0,0,65.024,0
72.1828,2.46296,0,0,2.83598,0.117364,0.36288,3.6288,61.308,0.231195,0,0,1.33258,0.286583,0.814804,0.66528,12.849,1,0.437773,0.36288,0,56.1067,4.39162,51.6402,0.84672,12.849,0.84672,3695.15,0,18.483,0.0697001,1.52166,1.57003,7.70299,1.32588,9.3991,0.42336,0,0,18.483,0.42336,442.007,0,1.02816,0,0,2.54982,1.52166,1.028160,1,0,61.8541,0,0,0,61.8541,0
71.6487,2.44098,0,0,2.36647,0.0967055,0.36288,3.6288,61.308,0.26025,0,0,0.817327,0.300133,0.256943,0.66528,12.849,1,0.434509,0.36288,0,43.3385,5.66296,37.6039,0.84672,12.849,0.84672,3695.15,0,18.483,0.0784597,1.01015,1.57043,6.45417,1.41904,7.53724,0.42336,0,0,18.483,0.42336,442.007,0,1.02816,0,0,2.03831,1.01015,1.028160,1,0,45.3981,0,0,0,45.3981,0
70.9046,2.43885,0,0,2.15399,0.0963132,0.36288,3.6288,61.308,0.260517,0,0,0.784097,0.300133,0.223446,0.66528,12.849,1,0.437367,0.36288,0,39.1232,5.66296,33.3858,0.84672,12.849,0.84672,3695.15,0,18.483,0.0785402,0.866929,1.59491,5.85071,1.41904,6.81497,0.42336,0,0,18.483,0.42336,442.007,0,1.02816,0,0,1.89509,0.866929,1.028160,1,0,40.4242,0,0,0,40.4242,0
70.0148,2.43558,0,0,2.00439,0.0957668,0.36288,3.6288,61.308,0.260785,0,0,0.730287,0.300133,0.169369,0.66528,12.849,1,0.441365,0.36288,0,35.5974,5.66296,29.856,0.84672,12.849,0.84672,3695.15,0,18.483,0.0786208,0.689861,1.59532,5.73126,1.41904,6.51877,0.42336,0,0,18.483,0.42336,442.007,0,1.02816,0,0,1.71802,0.689861,1.028160,1,0,36.5441,0,0,0,36.5441,0
69.0767,2.43146,0,0,1.95136,0.0951134,0.36288,3.6288,61.308,0.261052,0,0,0.695287,0.300133,0.134101,0.66528,12.849,1,0.446218,0.36288,0,31.8537,5.66296,26.1074,0.84672,12.849,0.84672,3695.15,0,18.483,0.0787014,0.560961,1.59572,5.67186,1.41904,6.33079,0.42336,0,0,18.483,0.42336,442.007,0,1.02816,0,0,1.58912,0.560961,1.028160,1,0,32.5723,0,0,0,32.5723,0
67.9903,2.48361,0,0,1.8392,0.0790871,0.36288,3.6288,61.308,0.287009,0,0,0.690949,0.321329,0.0826112,0.66528,12.849,1,0.461978,0.36288,0,31.4342,5.87613,25.459,0.84672,12.849,0.84672,3695.15,0,18.483,0.0865268,0.762955,1.59613,5.37566,1.46075,6.18746,0.42336,0,0,18.483,0.42336,442.007,0,1.02816,0,0,1.79112,0.762955,1.028160,1,0,31.7291,0,0,0,31.7291,0
66.84,2.47803,0,0,1.76636,0.0758033,0.36288,3.6288,61.308,0.287283,0,0,0.70162,0.329452,0.084885,0.66528,12.849,1,0.468306,0.36288,0,30.6508,5.96956,24.5758,0.84672,12.849,0.84672,3695.15,0,18.483,0.0866094,1.04017,1.63495,5.28243,1.45268,6.41826,0.42336,0,0,18.483,0.42336,442.007,0,1.02816,0,0,2.06833,1.04017,1.028160,1,0,31.079,0,0,0,31.079,0
65.4943,2.4719,0,0,1.56424,0.0751193,0.36288,3.6288,61.308,0.287557,0,0,0.658869,0.329452,0.0418602,0.66528,12.849,1,0.475187,0.36288,0,28.8789,5.96956,22.797,0.84672,12.849,0.84672,3695.15,0,18.483,0.086692,0.897316,1.63537,5.231,1.45268,6.22431,0.42336,0,0,18.483,0.42336,442.007,0,1.02816,0,0,1.92548,0.897316,1.028160,1,0,29.0632,0,0,0,29.0632,0
64.0136,2.46437,0,0,1.42092,0.0743192,0.36288,3.6288,61.308,0.287831,0,0,0.641028,0.329452,0.0237445,0.66528,12.849,1,0.483472,0.36288,0,27.1847,5.96956,21.0946,0.84672,12.849,0.84672,3695.15,0,18.483,0.0867746,0.77296,1.63579,5.04428,1.45268,5.91357,0.42336,0,0,18.483,0.42336,442.007,0,1.02816,0,0,1.80112,0.77296,1.028160,1,0,27.0319,0,0,0,27.0319,0
62.2938,2.61968,0,0,1.32197,0.0592174,0.36288,3.6288,61.2442,0.380925,0,0,0.654938,0.3378,0,0.66528,12.849,1,0.52583,0.36288,0,25.357,6.27509,18.919,0.84672,12.849,0.84672,3695.15,0,18.483,0.11484,0.823159,1.6362,4.91874,1.48976,5.7735,0.42336,0,0,18.483,0.42336,442.007,0,1.02816,0,0,1.85132,0.823159,1.028160,1,0,24.6925,0,0,0,24.6925,0
60.3598,2.60831,0,0,1.11751,0.0803529,0.36288,3.6288,60.8776,0.436861,0,0,0.413508,0.343212,0,0.66528,12.849,1,0.538001,0.36288,0,23.5469,6.29307,17.0787,0.84672,12.849,0.84672,3695.15,0,18.483,0.131841,0.227405,1.76685,2.9745,1.60532,3.2316,0.42336,0,0,18.483,0.42336,442.007,0,0.95561,0,0,1.18301,0.227405,1.028160,1,0,20.3103,0,0,0,20.3103,0
58.4644,2.59476,0,0,1.14132,0.079077,0.36288,3.6288,60.6287,0.380897,0,0,0.474331,0.342417,0,0.66528,12.849,1,0.552355,0.36288,0,20.3974,6.29307,13.9149,0.84672,12.849,0.84672,3695.15,0,18.483,0.115644,0.22191,1.7673,3.08897,1.60532,3.35722,0.42336,0,0,18.483,0.42336,442.007,0,1.02816,0,0,1.25007,0.22191,1.028160,1,0,17.2721,0,0,0,17.2721,0
56.5936,2.58073,0,0,1.15157,0.0787859,0.36288,3.6288,60.3908,0.38083,0,0,0.477928,0.335011,0,0.66528,12.849,1,0.567179,0.36288,0,20.6964,6.10823,14.3839,0.84672,12.849,0.84672,3695.15,0,18.483,0.116098,0.527325,1.76775,3.95099,1.53337,4.59661,0.42336,0,0,18.483,0.42336,442.007,0,1.02816,0,0,1.55549,0.527325,1.028160,1,0,18.9805,0,0,0,18.9805,0
54.6777,2.5661,0,0,1.09712,0.0840287,0.36288,3.6288,60.1354,0.380777,0,0,0.418773,0.293377,0,0.66528,12.849,1,0.582608,0.36288,0,13.4334,4.99916,8.2145,0.84672,12.849,0.84672,3695.15,0,18.483,0.116539,0.221936,1.7682,4.28679,1.10164,5.05874,0.42336,0,0,18.483,0.42336,442.007,0,1.02816,0,0,1.2501,0.221936,1.028160,1,0,13.2732,0,0,0,13.2732,0
53.5295,2.47241,0,0,1.81297,0.125852,0.36288,3.6288,60.4979,0.324539,0,0,0.954625,0.267582,0,0.66528,12.849,1,0.581005,0.36288,0,33.8793,5.16804,28.4931,0.84672,12.849,0.84672,3695.15,0,18.483,0.099749,0.359398,1.76865,5.68089,1.34619,6.363,0.42336,0,0,18.483,0.42336,442.007,0,1.02816,0,0,1.38756,0.359398,1.028160,1,0,34.8561,0,0,0,34.8561,0
52.3653,2.46299,0,0,1.78333,0.121661,0.36288,3.6288,61.308,0.325279,0,0,1.55235,0.27198,0.144964,0.66528,12.849,1,0.591205,0.36288,0,32.6654,5.26061,27.1765,0.84672,12.849,0.84672,3695.15,0,18.483,0.0993776,1.36031,1.69437,6.86568,1.40907,8.41191,0.42336,0,0,18.483,0.42336,442.007,0,1.02816,0,0,2.38847,1.36031,1.028160,1,0,35.7334,0,0,0,35.7334,0
51.0027,2.45306,0,0,1.57354,0.120217,0.36288,3.6288,61.308,0.326572,0,0,0.900919,0.27338,0.300966,0.66528,12.849,1,0.601912,0.36288,0,33.4592,5.26061,27.9595,0.84672,12.849,0.84672,3695.15,0,18.483,0.0984542,0.47139,1.6948,5.27355,1.40907,5.93222,0.42336,0,0,18.483,0.42336,442.007,0,1.02816,0,0,1.49955,0.47139,1.028160,1,0,34.1927,0,0,0,34.1927,0
49.3808,2.44083,0,0,1.3003,0.118527,0.36288,3.6288,61.308,0.326856,0,0,0.793705,0.27338,0.193469,0.66528,12.849,1,0.614913,0.36288,0,30.8928,5.26061,25.3802,0.84672,12.849,0.84672,3695.15,0,18.483,0.0985398,0.305217,1.69523,4.88371,1.40907,5.37655,0.42336,0,0,18.483,0.42336,442.007,0,1.02816,0,0,1.33338,0.305217,1.028160,1,0,30.9502,0,0,0,30.9502,0
48.0443,2.36277,0,0,1.55905,0.169919,0.36288,3.6288,61.308,0.27574,0,0,0.775656,0.177601,0.322314,0.66528,12.849,1,0.614798,0.36288,0,41.3018,4.05136,36.9985,0.84672,12.849,0.84672,3695.15,0,18.483,0.0831296,0.348598,1.69566,4.99211,1.07772,5.87552,0.42336,0,0,18.483,0.42336,442.007,0,1.02816,0,0,1.37676,0.348598,1.028160,1,0,43.1963,0,0,0,43.1963,0
46.808,2.34987,0,0,1.63182,0.155357,0.36288,3.6288,61.308,0.276011,0,0,0.801729,0.216224,0.309494,0.66528,12.849,1,0.628451,0.36288,0,35.5469,3.75364,31.5276,0.84672,12.849,0.84672,3695.15,0,18.483,0.0832113,0.320043,1.62962,4.4497,0.973783,5.34236,0.42336,0,0,18.483,0.42336,442.007,0,1.02816,0,0,1.3482,0.320043,1.028160,1,0,37.1795,0,0,0,37.1795,0
45.6524,2.33744,0,0,1.73399,0.189226,0.36288,3.6288,61.308,0.276282,0,0,0.722308,0.165993,0.280033,0.66528,12.849,1,0.641638,0.36288,0,47.7268,3.20681,44.2412,0.84672,12.849,0.84672,3695.15,0,18.483,0.083293,0.357558,1.63003,4.75235,0.803612,5.85303,0.42336,0,0,18.483,0.42336,442.007,0,1.02816,0,0,1.38572,0.357558,1.028160,1,0,50.3743,0,0,0,50.3743,0
45.265,2.32536,0,0,2.48759,0.186808,0.36288,3.6288,61.308,0.276553,0,0,1.21205,0.165993,0.769508,0.66528,12.849,1,0.654478,0.36288,0,56.8426,3.20681,53.3442,0.84672,12.849,0.84672,3695.15,0,18.483,0.0833747,0.54572,1.63044,6.82554,0.803612,8.11472,0.42336,0,0,18.483,0.42336,442.007,0,1.02816,0,0,1.57388,0.54572,1.028160,1,0,62.2284,0,0,0,62.2284,0
44.5185,2.14674,0,0,1.95089,0.18771,0.36288,3.6288,61.308,0.169666,0,0,1.39161,0.169835,1.05211,0.66528,12.849,1,0.609378,0.36288,0,78.9387,3.32406,75.3681,0.84672,12.849,0.84672,3695.15,0,18.483,0.0511505,0.508309,1.63086,7.53477,0.837373,8.78541,0.42336,0,0,18.483,0.42336,442.007,0,1.02816,0,0,1.53647,0.508309,1.028160,1,0,85.2056,0,0,0,85.2056,0
43.2874,2.13936,0,0,1.46743,0.196325,0.36288,3.6288,61.308,0.358532,0,0,0.596834,0.192891,0.045411,0.66528,12.849,1,0.617464,0.36288,0,58.9969,4.02759,54.7147,0.84672,12.849,0.84672,3695.15,0,18.483,0.10809,0.292723,1.48146,7.23884,1.03994,7.86499,0.42336,0,0,18.483,0.42336,442.007,0,0.782672,0,0,1.07539,0.292723,1.028160,1,0,62.6251,0,0,0,62.6251,0
44.5103,2.12635,0,0,3.90575,0.193583,0.36288,3.6288,61.2236,0.275243,0,0,0.383746,0.192891,0,0.66528,12.849,1,0.631166,0.36288,0,66.7129,4.02759,62.417,0.84672,12.849,0.84672,3695.15,0,18.483,0.0829796,0.412474,1.48183,8.76352,1.03994,9.53491,0.42336,0,0,18.483,0.42336,442.007,0,0.891389,0,0,1.30386,0.412474,1.028160,1,0,71.9519,0,0,0,71.9519,0
45.0182,2.14036,0,0,3.20747,0.196307,0.36288,3.6288,61.1582,0.336587,0,0,0.463919,0.192788,0,0.66528,12.849,1,0.617866,0.36288,0,88.1652,4.02759,83.8826,0.84672,12.849,0.84672,3695.15,0,18.483,0.101613,0.412474,1.48221,6.68916,1.03994,7.44229,0.42336,0,0,18.483,0.42336,442.007,0,0.811728,0,0,1.2242,0.412474,1.028160,1,0,91.3249,0,0,0,91.3249,0
46.4653,2.14632,0,0,4.15365,0.197438,0.36288,3.6288,61.308,0.170545,0,0,1.53165,0.192708,1.01855,0.66528,12.849,1,0.612599,0.36288,0,123.355,4.02759,119.078,0.84672,12.849,0.84672,3695.15,0,18.483,0.0515414,1.98094,1.48259,9.94918,1.03994,12.3212,0.42336,0,0,18.483,0.42336,442.007,0,1.02816,0,0,3.0091,1.98094,1.028160,1,0,132.417,0,0,0,132.417,0
54.1757,2.22953,0,0,10.5256,0.222753,0.36288,3.6288,61.308,0.201948,0,0,2.72955,0.206227,2.32137,0.66528,12.849,1,0.616529,0.36288,0,173.769,3.71859,169.797,0.84672,12.849,0.84672,3695.15,0,18.483,0.0608829,3.10819,1.48296,17.5003,1.12197,20.9086,0.42336,0,0,18.483,0.42336,442.007,0,1.02816,0,0,4.13635,3.10819,1.028160,1,0,193.027,0,0,0,193.027,0
57.0741,2.30101,0,0,5.81357,0.251288,0.36288,3.6288,61.308,0.20219,0,0,1.87739,0.211561,1.46364,0.66528,12.849,1,0.545737,0.36288,0,141.537,3.59499,137.759,0.84672,12.849,0.84672,3695.15,0,18.483,0.0609557,2.12947,1.53077,10.8388,1.15479,13.2833,0.42336,0,0,18.483,0.42336,442.007,0,1.02816,0,0,3.15763,2.12947,1.028160,1,0,152.506,0,0,0,152.506,0
59.6501,2.3242,0,0,5.52174,0.258664,0.36288,3.6288,61.308,0.202431,0,0,3.49502,0.211561,3.08103,0.66528,12.849,1,0.523243,0.36288,0,120.955,3.59499,117.199,0.84672,12.849,0.84672,3695.15,0,18.483,0.0610285,4.78379,1.53114,14.9922,1.15479,20.0913,0.42336,0,0,18.483,0.42336,442.007,0,1.02816,0,0,5.81195,4.78379,1.028160,1,0,140.372,0,0,0,140.372,0
61.95,2.34336,0,0,5.2642,0.25798,0.36288,3.6288,61.308,0.202673,0,0,2.36369,0.218015,1.943,0.66528,12.849,1,0.504774,0.36288,0,98.1046,3.96858,93.9941,0.84672,12.849,0.84672,3695.15,0,18.483,0.0611013,2.97481,1.53152,12.7894,1.0651,16.1696,0.42336,0,0,18.483,0.42336,442.007,0,1.02816,0,0,4.00297,2.97481,1.028160,1,0,112.107,0,0,0,112.107,0
64.8324,2.58959,0,0,6.13463,0.299787,0.36288,3.6288,61.308,0.319659,0,0,2.56302,0.208475,2.03489,0.66528,12.849,1,0.537105,0.36288,0,153.06,3.9065,148.979,0.84672,12.849,0.84672,3695.15,0,18.483,0.0963701,3.05325,1.53189,12.7702,1.04153,16.2174,0.42336,0,0,18.483,0.42336,442.007,0,1.02816,0,0,4.08141,3.05325,1.028160,1,0,167.232,0,0,0,167.232,0
67.4795,2.61016,0,0,5.94766,0.327502,0.36288,3.6288,61.308,0.319929,0,0,1.89956,0.176201,1.40343,0.66528,12.849,1,0.517301,0.36288,0,150.998,3.6119,147.232,0.84672,12.849,0.84672,3695.15,0,18.483,0.0964515,2.43212,1.70172,10.7426,0.912646,13.8674,0.42336,0,0,18.483,0.42336,442.007,0,1.02816,0,0,3.46028,2.43212,1.028160,1,0,162.502,0,0,0,162.502,0
72.29,2.62784,0,0,8.55982,0.334475,0.787048,3.6288,61.308,0.320199,0,0,2.71051,0.176201,2.21411,0.66528,12.849,1,0.500376,0.787048,0,195.96,3.6119,192.635,0.84672,12.849,0.84672,3695.15,0,18.483,0.0965329,4.11563,1.70214,17.9756,0.912646,22.7842,0.42336,0,0,18.483,0.42336,442.007,0,1.02816,0,0,5.14379,4.11563,1.028160,1,0,217.633,0,0,0,217.633,0
72.29,2.65676,0,0,9.13084,0.330137,6.14394,3.6288,61.308,0.320469,0,0,3.64624,0.207468,3.11831,0.66528,12.849,1,0.472219,6.14394,0,205.997,4.42182,207.247,0.84672,12.849,0.84672,3695.15,0,18.483,0.0966144,5.59719,1.70255,24.5299,1.15253,30.5805,0.42336,0,0,18.483,0.42336,442.007,0,1.02816,0,0,6.62535,5.59719,1.028160,1,0,240.946,0,0,0,240.946,0
72.29,2.32056,0,0,7.8389,0.330388,5.18795,3.6288,61.308,0.163914,0,0,2.73123,0.168906,2.3984,0.66528,12.849,1,0.412462,5.18795,0,192.085,3.90936,192.951,0.84672,12.849,0.84672,3695.15,0,18.483,0.0494164,4.45635,1.70297,19.4346,0.871642,24.6728,0.42336,0,0,18.483,0.42336,442.007,0,1.02816,0,0,5.48451,4.45635,1.028160,1,0,220.023,0,0,0,220.023,0
72.29,2.32113,0,0,6.05642,0.313428,3.42186,3.6288,61.308,0.164146,0,0,2.41578,0.184439,2.06719,0.66528,12.849,1,0.412563,3.42186,0,102.597,4.23854,101.367,0.84672,12.849,0.84672,3695.15,0,18.483,0.0494863,3.09607,1.47134,10.8065,0.875776,14.4486,0.42336,0,0,18.483,0.42336,442.007,0,1.02816,0,0,4.12423,3.09607,1.028160,1,0,117.883,0,0,0,117.883,0
72.29,2.32169,0,0,5.2775,0.313428,2.64238,3.6288,61.308,0.164378,0,0,2.57777,0.184439,2.22895,0.66528,12.849,1,0.412663,2.64238,0,90.7805,4.23854,88.7717,0.84672,12.849,0.84672,3695.15,0,18.483,0.0495563,2.81083,1.4717,9.30468,0.875776,12.6619,0.42336,0,0,18.483,0.42336,442.007,0,1.02816,0,0,3.83899,2.81083,1.028160,1,0,103.662,0,0,0,103.662,0
72.29,2.32226,0,0,8.84703,0.312745,6.21203,3.6288,61.308,0.16461,0,0,3.73141,0.178712,3.38809,0.66528,12.849,1,0.412764,6.21203,0,184.623,4.14888,186.273,0.84672,12.849,0.84672,3695.15,0,18.483,0.0496263,5.7959,1.47206,15.4084,0.860421,21.7663,0.42336,0,0,18.483,0.42336,442.007,0,1.02816,0,0,6.82406,5.7959,1.028160,1,0,211.428,0,0,0,211.428,0
72.29,2.32282,0,0,8.96659,0.308648,6.33512,3.6288,61.308,0.164842,0,0,3.58096,0.144349,3.27177,0.66528,12.849,1,0.412864,6.33512,0,184.912,3.61095,187.224,0.84672,12.849,0.84672,3695.15,0,18.483,0.0496963,5.208,1.47242,16.343,0.768291,22.2054,0.42336,0,0,18.483,0.42336,442.007,0,1.02816,0,0,6.23616,5.208,1.028160,1,0,212.701,0,0,0,212.701,0
72.29,2.40828,0,0,7.54116,0.333007,4.79988,3.6288,61.308,0.203487,0,0,4.2765,0.179566,3.89345,0.66528,12.849,1,0.428053,4.79988,0,189.625,4.23654,189.76,0.84672,12.849,0.84672,3695.15,0,18.483,0.0613467,5.29473,1.47278,17.8616,0.813494,23.7542,0.42336,0,0,18.483,0.42336,442.007,0,1.02816,0,0,6.32289,5.29473,1.028160,1,0,217.408,0,0,0,217.408,0
72.29,2.40886,0,0,8.54729,0.337066,5.80136,3.6288,61.308,0.203728,0,0,4.19133,0.185435,3.80217,0.66528,12.849,1,0.428157,5.80136,0,188.234,4.34081,189.267,0.84672,12.849,0.84672,3695.15,0,18.483,0.0614195,4.20603,1.5305,17.1547,0.821028,22.0088,0.42336,0,0,18.483,0.42336,442.007,0,1.02816,0,0,5.23419,4.20603,1.028160,1,0,215.078,0,0,0,215.078,0
72.29,2.40945,0,0,6.91692,0.329522,4.17795,3.6288,61.308,0.20397,0,0,3.67386,0.184603,3.28529,0.66528,12.849,1,0.428261,4.17795,0,138.366,4.39023,137.726,0.84672,12.849,0.84672,3695.15,0,18.483,0.0614924,4.46769,1.53087,12.4994,0.824242,17.6122,0.42336,0,0,18.483,0.42336,442.007,0,1.02816,0,0,5.49585,4.46769,1.028160,1,0,158.623,0,0,0,158.623,0
72.29,2.41004,0,0,5.50235,0.284254,2.80806,3.6288,61.308,0.204212,0,0,2.57128,0.179608,2.18746,0.66528,12.849,1,0.428366,2.80806,0,127.925,4.68678,125.618,0.84672,12.849,0.84672,3695.15,0,18.483,0.0615653,2.52922,1.53124,8.86982,0.843525,12.0252,0.42336,0,0,18.483,0.42336,442.007,0,1.02816,0,0,3.55738,2.52922,1.028160,1,0,139.83,0,0,0,139.83,0
72.29,2.3774,0,0,5.13416,0.282185,2.47457,3.6288,61.308,0.18952,0,0,2.41351,0.183764,2.04022,0.66528,12.849,1,0.422564,2.47457,0,117.053,4.36554,114.739,0.84672,12.849,0.84672,3695.15,0,18.483,0.057136,2.84558,1.53161,9.71525,0.924942,13.1104,0.42336,0,0,18.483,0.42336,442.007,0,1.02816,0,0,3.87374,2.84558,1.028160,1,0,129.89,0,0,0,129.89,0
72.29,2.37798,0,0,5.16806,0.280634,2.50945,3.6288,61.308,0.189758,0,0,2.30875,0.186881,1.93212,0.66528,12.849,1,0.422667,2.50945,0,105.306,4.12461,103.268,0.84672,12.849,0.84672,3695.15,0,18.483,0.0572078,2.93115,1.50964,10.3876,0.986005,13.7852,0.42336,0,0,18.483,0.42336,442.007,0,1.02816,0,0,3.95931,2.93115,1.028160,1,0,118.986,0,0,0,118.986,0
72.29,2.37855,0,0,4.75432,0.280634,2.09513,3.6288,61.308,0.189996,0,0,2.16204,0.186881,1.78516,0.66528,12.849,1,0.42277,2.09513,0,96.6764,4.12461,94.2242,0.84672,12.849,0.84672,3695.15,0,18.483,0.0572797,2.73219,1.51,8.89747,0.986005,12.0964,0.42336,0,0,18.483,0.42336,442.007,0,1.02816,0,0,3.76035,2.73219,1.028160,1,0,108.106,0,0,0,108.106,0
72.29,2.37913,0,0,4.3732,0.246599,1.74747,3.6288,61.308,0.190235,0,0,2.01907,0.214694,1.61414,0.66528,12.849,1,0.422873,1.74747,0,85.3917,4.39638,82.3199,0.84672,12.849,0.84672,3695.15,0,18.483,0.0573515,2.62501,1.51037,8.6781,0.986898,11.7692,0.42336,0,0,18.483,0.42336,442.007,0,1.02816,0,0,3.65317,2.62501,1.028160,1,0,95.7033,0,0,0,95.7033,0
72.29,2.4926,0,0,4.31743,0.226408,1.59843,3.6288,61.308,0.243482,0,0,1.94905,0.232682,1.47288,0.66528,12.849,1,0.44304,1.59843,0,80.8436,4.46113,77.5379,0.84672,12.849,0.84672,3695.15,0,18.483,0.0734044,2.46815,1.51074,9.29681,0.996144,12.2062,0.42336,0,0,18.483,0.42336,442.007,0,1.02816,0,0,3.49631,2.46815,1.028160,1,0,91.2169,0,0,0,91.2169,0
72.29,2.4932,0,0,4.00252,0.187302,1.32202,3.6288,61.308,0.243733,0,0,1.72862,0.236074,1.24882,0.66528,12.849,1,0.443148,1.32202,0,76.4234,4.82392,72.4783,0.84672,12.849,0.84672,3695.15,0,18.483,0.0734802,2.41892,1.58932,7.75129,1.07954,10.6065,0.42336,0,0,18.483,0.42336,442.007,0,1.02816,0,0,3.44708,2.41892,1.028160,1,0,84.3337,0,0,0,84.3337,0
72.29,2.49381,0,0,3.7782,0.15305,1.13134,3.6288,61.308,0.243984,0,0,1.61457,0.2466,1.12399,0.66528,12.849,1,0.443255,1.13134,0,64.6981,5.00293,60.3832,0.84672,12.849,0.84672,3695.15,0,18.483,0.0735559,2.10442,1.58971,7.52682,1.1556,9.99179,0.42336,0,0,18.483,0.42336,442.007,0,1.02816,0,0,3.13258,2.10442,1.028160,1,0,71.499,0,0,0,71.499,0
72.29,2.49441,0,0,3.72656,0.15305,1.0791,3.6288,61.308,0.244236,0,0,1.61933,0.2466,1.12849,0.66528,12.849,1,0.443363,1.0791,0,61.2236,5.00293,56.8564,0.84672,12.849,0.84672,3695.15,0,18.483,0.0736317,2.23728,1.59009,7.16593,1.1556,9.76407,0.42336,0,0,18.483,0.42336,442.007,0,1.02816,0,0,3.26544,2.23728,1.028160,1,0,67.7489,0,0,0,67.7489,0
72.29,2.49502,0,0,3.34276,0.167801,0.679943,3.6288,61.308,0.244487,0,0,1.54412,0.24265,1.05699,0.66528,12.849,1,0.443471,0.679943,0,57.8184,4.74909,53.3057,0.84672,12.849,0.84672,3695.15,0,18.483,0.0737074,2.25555,1.59048,6.59992,1.16539,9.20685,0.42336,0,0,18.483,0.42336,442.007,0,1.02816,0,0,3.28371,2.25555,1.028160,1,0,63.5696,0,0,0,63.5696,0
72.29,2.47327,0,0,3.47926,0.134663,0.871321,3.6288,61.308,0.273909,0,0,1.67397,0.261829,1.13823,0.66528,12.849,1,0.439606,0.871321,0,61.9993,5.148,57.2831,0.84672,12.849,0.84672,3695.15,0,18.483,0.0825774,1.73892,1.59087,8.09689,1.2156,10.1285,0.42336,0,0,18.483,0.42336,442.007,0,1.02816,0,0,2.76708,1.73892,1.028160,1,0,68.5498,0,0,0,68.5498,0
72.29,2.47388,0,0,3.35356,0.125862,0.753818,3.6288,61.308,0.274167,0,0,1.68624,0.265903,1.14617,0.66528,12.849,1,0.439713,0.753818,0,60.3365,5.2709,55.3797,0.84672,12.849,0.84672,3695.15,0,18.483,0.0826553,1.70899,1.61565,8.07745,1.22179,10.0977,0.42336,0,0,18.483,0.42336,442.007,0,1.02816,0,0,2.73715,1.70899,1.028160,1,0,66.6235,0,0,0,66.6235,0
72.29,2.47448,0,0,3.17663,0.125862,0.576296,3.6288,61.308,0.274426,0,0,1.63944,0.265903,1.09911,0.66528,12.849,1,0.43982,0.576296,0,58.8114,5.2709,53.6769,0.84672,12.849,0.84672,3695.15,0,18.483,0.0827333,1.51531,1.61604,7.44034,1.22179,9.26717,0.42336,0,0,18.483,0.42336,442.007,0,1.02816,0,0,2.54347,1.51531,1.028160,1,0,64.0432,0,0,0,64.0432,0
72.29,2.47508,0,0,3.02303,0.111509,0.436445,3.6288,61.308,0.274684,0,0,1.57741,0.28922,1.01351,0.66528,12.849,1,0.439926,0.436445,0,56.4134,5.59665,50.8133,0.84672,12.849,0.84672,3695.15,0,18.483,0.0828112,1.48795,1.61644,7.14943,1.33204,8.83896,0.42336,0,0,18.483,0.42336,442.007,0,1.02816,0,0,2.51611,1.48795,1.028160,1,0,60.6657,0,0,0,60.6657,0
72.29,2.53346,0,0,3.23206,0.0972914,0.601312,3.6288,61.308,0.300965,0,0,1.5715,0.31598,0.954549,0.66528,12.849,1,0.450303,0.601312,0,54.0886,6.04885,48.1907,0.84672,12.849,0.84672,3695.15,0,18.483,0.0907344,1.68832,1.61683,7.13163,1.49279,8.85325,0.42336,0,0,18.483,0.42336,442.007,0,1.02816,0,0,2.71648,1.68832,1.028160,1,0,57.9985,0,0,0,57.9985,0
72.29,2.53407,0,0,3.58474,0.0900531,0.960619,3.6288,61.308,0.30123,0,0,1.60918,0.336715,0.971238,0.66528,12.849,1,0.450412,0.960619,0,52.6311,6.04706,47.0942,0.84672,12.849,0.84672,3695.15,0,18.483,0.0908143,1.91519,1.65614,7.39126,1.57467,9.29711,0.42336,0,0,18.483,0.42336,442.007,0,1.02816,0,0,2.94335,1.91519,1.028160,1,0,57.3626,0,0,0,57.3626,0
72.29,2.53469,0,0,3.12583,0.0900531,0.50109,3.6288,61.308,0.301495,0,0,1.51747,0.336715,0.879259,0.66528,12.849,1,0.450522,0.50109,0,49.8641,6.04706,43.8676,0.84672,12.849,0.84672,3695.15,0,18.483,0.0908942,1.64186,1.65654,7.06251,1.57467,8.69534,0.42336,0,0,18.483,0.42336,442.007,0,1.02816,0,0,2.67002,1.64186,1.028160,1,0,53.4422,0,0,0,53.4422,0
72.1894,2.5353,0,0,2.88274,0.0851515,0.36288,3.6288,61.308,0.301761,0,0,1.49139,0.339305,0.850328,0.66528,12.849,1,0.450631,0.36288,0,47.0423,6.12183,40.8327,0.84672,12.849,0.84672,3695.15,0,18.483,0.0909741,1.52389,1.65694,6.99823,1.58961,8.49847,0.42336,0,0,18.483,0.42336,442.007,0,1.02816,0,0,2.55205,1.52389,1.028160,1,0,50.1815,0,0,0,50.1815,0
71.3981,2.70471,0,0,2.3522,0.0759476,0.36288,3.6288,61.308,0.396044,0,0,1.48499,0.338375,0.750572,0.66528,12.849,1,0.481412,0.36288,0,44.4806,6.28406,38.078,0.84672,12.849,0.84672,3695.15,0,18.483,0.119398,1.52487,1.65735,6.73073,1.53069,8.26287,0.42336,0,0,18.483,0.42336,442.007,0,1.02816,0,0,2.55303,1.52487,1.028160,1,0,47.0915,0,0,0,47.0915,0
71.0477,2.70085,0,0,2.78743,0.0740598,0.36288,3.6288,61.308,0.396332,0,0,1.2688,0.338445,0.534024,0.66528,12.849,1,0.486052,0.36288,0,36.5544,6.08422,30.347,0.84672,12.849,0.84672,3695.15,0,18.483,0.119485,1.33608,1.78967,6.80329,1.48868,8.32087,0.42336,0,0,18.483,0.42336,442.007,0,1.02816,0,0,2.36424,1.33608,1.028160,1,0,39.2019,0,0,0,39.2019,0
70.9706,2.69947,0,0,3.05907,0.0738616,0.36288,3.6288,61.308,0.39662,0,0,1.56677,0.338445,0.831704,0.66528,12.849,1,0.488201,0.36288,0,47.0119,6.08422,40.8023,0.84672,12.849,0.84672,3695.15,0,18.483,0.119572,1.90917,1.7901,7.42176,1.48868,9.51278,0.42336,0,0,18.483,0.42336,442.007,0,1.02816,0,0,2.93733,1.90917,1.028160,1,0,51.1468,0,0,0,51.1468,0
70.2917,2.69968,0,0,2.45753,0.0738179,0.36288,3.6288,61.308,0.396908,0,0,1.13322,0.338445,0.397869,0.66528,12.849,1,0.488769,0.36288,0,45.938,6.08422,39.7279,0.84672,12.849,0.84672,3695.15,0,18.483,0.119659,1.01109,1.79054,5.95793,1.48868,7.15121,0.42336,0,0,18.483,0.42336,442.007,0,1.02816,0,0,2.03925,1.01109,1.028160,1,0,47.277,0,0,0,47.277,0
70.2196,2.69634,0,0,3.06056,0.0734339,0.36288,3.6288,61.308,0.397197,0,0,1.93689,0.338445,1.20125,0.66528,12.849,1,0.492879,0.36288,0,41.9558,6.08422,35.7415,0.84672,12.849,0.84672,3695.15,0,18.483,0.119746,2.82935,1.79097,9.21214,1.48868,12.224,0.42336,0,0,18.483,0.42336,442.007,0,1.02816,0,0,3.85751,2.82935,1.028160,1,0,49.1668,0,0,0,49.1668,0
70.2482,2.61429,0,0,3.05312,0.0473206,0.36288,3.6288,61.308,0.34035,0,0,1.35285,0.313204,0.699298,0.66528,12.849,1,0.478372,0.36288,0,35.9847,5.54927,30.32,0.84672,12.849,0.84672,3695.15,0,18.483,0.102608,2.02135,1.79141,7.98094,1.27966,10.4114,0.42336,0,0,18.483,0.42336,442.007,0,1.02816,0,0,3.04951,2.02135,1.028160,1,0,41.4307,0,0,0,41.4307,0
70.9319,2.61509,0,0,3.76271,0.10105,0.36288,3.6288,61.308,0.340625,0,0,1.75851,0.281421,1.13646,0.66528,12.849,1,0.478323,0.36288,0,33.5131,4.78495,28.6127,0.84672,12.849,0.84672,3695.15,0,18.483,0.102691,2.95217,1.71615,10.185,1.11664,13.634,0.42336,0,0,18.483,0.42336,442.007,0,1.02816,0,0,3.98033,2.95217,1.028160,1,0,43.3832,0,0,0,43.3832,0
71.3702,2.61963,0,0,3.52848,0.107684,0.36288,3.6288,61.308,0.340899,0,0,1.89109,0.283433,1.26676,0.66528,12.849,1,0.474535,0.36288,0,39.8722,4.8175,34.9431,0.84672,12.849,0.84672,3695.15,0,18.483,0.102773,3.00715,1.71657,10.7254,1.13528,14.2111,0.42336,0,0,18.483,0.42336,442.007,0,1.02816,0,0,4.03531,3.00715,1.028160,1,0,50.4209,0,0,0,50.4209,0
72.2026,2.62274,0,0,3.92604,0.108046,0.36288,3.6288,61.308,0.341174,0,0,2.12428,0.283433,1.49968,0.66528,12.849,1,0.47218,0.36288,0,60.1156,4.8175,55.1888,0.84672,12.849,0.84672,3695.15,0,18.483,0.102856,3.54553,1.71698,12.3739,1.13528,16.3983,0.42336,0,0,18.483,0.42336,442.007,0,1.02816,0,0,4.57369,3.54553,1.028160,1,0,73.0868,0,0,0,73.0868,0
72.29,2.56011,0,0,3.37776,0.0951431,0.635087,3.6288,61.308,0.289391,0,0,2.30163,0.26442,1.74782,0.66528,12.849,1,0.455591,0.635087,0,108.121,4.45652,103.844,0.84672,12.849,0.84672,3695.15,0,18.483,0.0872448,2.98867,1.7174,13.628,1.07721,17.1696,0.42336,0,0,18.483,0.42336,442.007,0,1.02816,0,0,4.01683,2.98867,1.028160,1,0,122.761,0,0,0,122.761,0
70.8888,2.5612,0,0,1.62258,0.0996583,0.36288,3.6288,61.308,0.289653,0,0,1.04541,0.212799,0.542953,0.66528,12.849,1,0.455234,0.36288,0,29.4559,3.59298,25.7706,0.84672,12.849,0.84672,3695.15,0,18.483,0.0873238,1.08018,1.65049,7.98206,0.98165,9.64376,0.42336,0,0,18.483,0.42336,442.007,0,1.02816,0,0,2.10834,1.08018,1.028160,1,0,35.9573,0,0,0,35.9573,0
69.7641,2.5542,0,0,1.98602,0.193701,0.36288,3.6288,61.308,0.289915,0,0,0.756406,0.202585,0.263907,0.66528,12.849,1,0.462964,0.36288,0,37.8152,3.69033,34.0248,0.84672,12.849,0.84672,3695.15,0,18.483,0.0874028,0.611358,1.65089,7.23894,1.10566,8.30812,0.42336,0,0,18.483,0.42336,442.007,0,1.02816,0,0,1.63952,0.611358,1.028160,1,0,42.5968,0,0,0,42.5968,0
68.7056,2.54852,0,0,2.04497,0.192031,0.36288,3.6288,61.308,0.290177,0,0,1.10322,0.202585,0.610463,0.66528,12.849,1,0.469381,0.36288,0,38.3667,3.69033,34.5699,0.84672,12.849,0.84672,3695.15,0,18.483,0.0874818,2.21213,1.65129,9.96071,1.10566,12.631,0.42336,0,0,18.483,0.42336,442.007,0,1.02816,0,0,3.24029,2.21213,1.028160,1,0,47.8113,0,0,0,47.8113,0
71.5322,2.35152,0,0,5.73142,0.190458,0.36288,3.6288,61.308,0.181913,0,0,3.30318,0.202585,2.91868,0.66528,12.849,1,0.439771,0.36288,0,118.836,3.69033,115.069,0.84672,12.849,0.84672,3695.15,0,18.483,0.0548427,5.54835,1.65169,20.6783,1.10566,26.7178,0.42336,0,0,18.483,0.42336,442.007,0,1.02816,0,0,6.57651,5.54835,1.028160,1,0,144.706,0,0,0,144.706,0
69.7409,2.36683,0,0,1.20785,0.269375,0.36288,3.6288,61.308,0.182149,0,0,0.843246,0.143642,0.517455,0.66528,12.849,1,0.425143,0.36288,0,38.6388,4.12429,34.4522,0.84672,12.849,0.84672,3695.15,0,18.483,0.0549138,0.820938,1.50036,5.70531,0.844476,7.12722,0.42336,0,0,18.483,0.42336,442.007,0,1.02816,0,0,1.8491,0.820938,1.028160,1,0,42.0969,0,0,0,42.0969,0
68.7727,2.35818,0,0,2.01978,0.26699,0.36288,3.6288,61.308,0.182385,0,0,1.3811,0.159712,1.039,0.66528,12.849,1,0.434469,0.36288,0,65.1055,4.36517,60.6688,0.84672,12.849,0.84672,3695.15,0,18.483,0.054985,1.68857,1.50073,8.27026,0.939478,10.4651,0.42336,0,0,18.483,0.42336,442.007,0,1.02816,0,0,2.71673,1.68857,1.028160,1,0,72.1728,0,0,0,72.1728,0
67.6741,2.3536,0,0,1.87724,0.259293,0.36288,3.6288,61.308,0.182621,0,0,1.13348,0.205567,0.745294,0.66528,12.849,1,0.439729,0.36288,0,59.8298,4.8022,54.9507,0.84672,12.849,0.84672,3695.15,0,18.483,0.0550561,0.904815,1.50109,8.15158,1.09872,9.40371,0.42336,0,0,18.483,0.42336,442.007,0,1.02816,0,0,1.93298,0.904815,1.028160,1,0,65.0997,0,0,0,65.0997,0
67.4015,2.34817,0,0,2.67161,0.233223,0.36288,3.6288,61.308,0.182857,0,0,1.85223,0.173089,1.49629,0.66528,12.849,1,0.445836,0.36288,0,84.4266,3.85297,80.4907,0.84672,12.849,0.84672,3695.15,0,18.483,0.0551272,2.61103,1.50145,12.9992,0.784701,16.2719,0.42336,0,0,18.483,0.42336,442.007,0,1.02816,0,0,3.63919,2.61103,1.028160,1,0,98.2589,0,0,0,98.2589,0
67.0674,2.42074,0,0,2.6759,0.226385,0.36288,3.6288,61.308,0.214551,0,0,1.13295,0.175143,0.743258,0.66528,12.849,1,0.461475,0.36288,0,54.2739,3.82825,50.347,0.84672,12.849,0.84672,3695.15,0,18.483,0.0646823,1.16751,1.50182,8.73957,0.853745,10.4905,0.42336,0,0,18.483,0.42336,442.007,0,1.02816,0,0,2.19567,1.16751,1.028160,1,0,61.5808,0,0,0,61.5808,0
69.135,2.41937,0,0,5.07093,0.221047,0.36288,3.6288,61.308,0.214784,0,0,1.23704,0.176683,0.845573,0.66528,12.849,1,0.463512,0.36288,0,85.5135,3.80972,81.6032,0.84672,12.849,0.84672,3695.15,0,18.483,0.0647527,1.48215,1.55022,10.2028,0.905527,12.2649,0.42336,0,0,18.483,0.42336,442.007,0,1.02816,0,0,2.51031,1.48215,1.028160,1,0,94.7137,0,0,0,94.7137,0
72.29,2.43163,0,0,7.12908,0.224658,1.3178,3.6288,61.308,0.215018,0,0,2.51637,0.176683,2.12466,0.66528,12.849,1,0.451927,1.3178,0,138.115,3.80972,135.171,0.84672,12.849,0.84672,3695.15,0,18.483,0.0648232,3.88373,1.55058,17.6196,0.905527,22.0836,0.42336,0,0,18.483,0.42336,442.007,0,1.02816,0,0,4.91189,3.88373,1.028160,1,0,159.379,0,0,0,159.379,0
72.29,2.44895,0,0,9.84692,0.290078,7.1079,3.6288,61.308,0.215252,0,0,2.55125,0.205555,2.13044,0.66528,12.849,1,0.435282,7.1079,0,223.021,4.35845,225.335,0.84672,12.849,0.84672,3695.15,0,18.483,0.0648937,5.95749,1.55094,20.4745,1.04633,26.8717,0.42336,0,0,18.483,0.42336,442.007,0,1.02816,0,0,6.98565,5.95749,1.028160,1,0,254.337,0,0,0,254.337,0
72.29,2.68844,0,0,7.7341,0.299051,4.74661,3.6288,61.308,0.333709,0,0,2.7786,0.201759,2.24313,0.66528,12.849,1,0.477849,4.74661,0,229.495,4.33697,229.427,0.84672,12.849,0.84672,3695.15,0,18.483,0.100606,6.27997,1.5513,16.0596,1.05516,22.7351,0.42336,0,0,18.483,0.42336,442.007,0,1.02816,0,0,7.30813,6.27997,1.028160,1,0,254.405,0,0,0,254.405,0
72.29,2.68906,0,0,8.18597,0.29298,5.20393,3.6288,61.308,0.33397,0,0,3.00531,0.150107,2.52123,0.66528,12.849,1,0.47796,5.20393,0,213.714,3.65935,214.78,0.84672,12.849,0.84672,3695.15,0,18.483,0.100685,4.98609,1.72327,15.2143,0.967339,20.8557,0.42336,0,0,18.483,0.42336,442.007,0,1.02816,0,0,6.01425,4.98609,1.028160,1,0,238.157,0,0,0,238.157,0
72.29,2.68969,0,0,6.7621,0.29298,3.77943,3.6288,61.308,0.334232,0,0,2.5444,0.150107,2.06006,0.66528,12.849,1,0.478071,3.77943,0,149.583,3.65935,149.225,0.84672,12.849,0.84672,3695.15,0,18.483,0.100764,3.87,1.72367,12.1182,0.967339,16.6438,0.42336,0,0,18.483,0.42336,442.007,0,1.02816,0,0,4.89816,3.87,1.028160,1,0,167.929,0,0,0,167.929,0
72.29,2.69031,0,0,6.49788,0.268551,3.53902,3.6288,61.308,0.334493,0,0,2.6312,0.183922,2.11278,0.66528,12.849,1,0.478183,3.53902,0,141.848,3.72453,141.184,0.84672,12.849,0.84672,3695.15,0,18.483,0.100842,4.17214,1.72407,15.8614,1.02467,20.6321,0.42336,0,0,18.483,0.42336,442.007,0,1.02816,0,0,5.2003,4.17214,1.028160,1,0,163.929,0,0,0,163.929,0
72.29,2.34984,0,0,8.24544,0.271411,5.62418,3.6288,61.308,0.175951,0,0,3.04893,0.192887,2.68009,0.66528,12.849,1,0.417667,5.62418,0,156.522,3.60498,158.124,0.84672,12.849,0.84672,3695.15,0,18.483,0.0530452,5.61657,1.72447,24.541,1.01288,30.8161,0.42336,0,0,18.483,0.42336,442.007,0,1.02816,0,0,6.64473,5.61657,1.028160,1,0,191.62,0,0,0,191.62,0
72.29,2.35039,0,0,5.36733,0.347198,2.66974,3.6288,61.308,0.176175,0,0,2.18146,0.165516,1.83977,0.66528,12.849,1,0.417764,2.66974,0,139.131,2.73126,138.652,0.84672,12.849,0.84672,3695.15,0,18.483,0.0531129,4.37774,1.48991,15.699,0.804563,20.7089,0.42336,0,0,18.483,0.42336,442.007,0,1.02816,0,0,5.4059,4.37774,1.028160,1,0,161.2,0,0,0,161.2,0
72.29,2.35094,0,0,7.21388,0.33587,4.52707,3.6288,61.308,0.1764,0,0,2.33045,0.1595,1.99455,0.66528,12.849,1,0.417861,4.52707,0,160.408,2.64407,161.873,0.84672,12.849,0.84672,3695.15,0,18.483,0.0531807,3.76403,1.49026,17.3048,0.792037,21.7139,0.42336,0,0,18.483,0.42336,442.007,0,1.02816,0,0,4.79219,3.76403,1.028160,1,0,185.581,0,0,0,185.581,0
72.29,2.35148,0,0,5.92628,0.315226,3.25957,3.6288,61.308,0.176625,0,0,2.62373,0.190959,2.25615,0.66528,12.849,1,0.417959,3.25957,0,142.091,3.72383,141.209,0.84672,12.849,0.84672,3695.15,0,18.483,0.0532484,5.73197,1.4906,16.612,1.02358,22.7577,0.42336,0,0,18.483,0.42336,442.007,0,1.02816,0,0,6.76013,5.73197,1.028160,1,0,166.222,0,0,0,166.222,0
72.29,2.35203,0,0,8.51403,0.318859,5.84314,3.6288,61.308,0.17685,0,0,3.24469,0.17077,2.89707,0.66528,12.849,1,0.418056,5.84314,0,119.388,3.94548,120.867,0.84672,12.849,0.84672,3695.15,0,18.483,0.0533162,4.17814,1.49095,15.7128,0.951798,20.3768,0.42336,0,0,18.483,0.42336,442.007,0,1.02816,0,0,5.2063,4.17814,1.028160,1,0,144.141,0,0,0,144.141,0
72.29,2.43854,0,0,5.52122,0.339723,2.74296,3.6288,61.308,0.215969,0,0,3.12394,0.168134,2.73984,0.66528,12.849,1,0.433431,2.74296,0,109.061,3.70053,107.67,0.84672,12.849,0.84672,3695.15,0,18.483,0.0651099,4.50864,1.4913,11.7203,0.897167,16.758,0.42336,0,0,18.483,0.42336,442.007,0,1.02816,0,0,5.5368,4.50864,1.028160,1,0,127.168,0,0,0,127.168,0
72.29,2.4391,0,0,5.48579,0.348068,2.69861,3.6288,61.308,0.216203,0,0,2.91577,0.16708,2.53248,0.66528,12.849,1,0.433532,2.69861,0,119.752,3.60255,118.415,0.84672,12.849,0.84672,3695.15,0,18.483,0.0651804,4.12437,1.54972,10.1923,0.875314,14.9259,0.42336,0,0,18.483,0.42336,442.007,0,1.02816,0,0,5.15253,4.12437,1.028160,1,0,135.873,0,0,0,135.873,0
72.29,2.43967,0,0,3.86821,0.348068,1.08047,3.6288,61.308,0.216437,0,0,1.49577,0.16708,1.11226,0.66528,12.849,1,0.433633,1.08047,0,81.9305,3.60255,78.9748,0.84672,12.849,0.84672,3695.15,0,18.483,0.0652509,2.32918,1.55009,7.88538,0.875314,10.8241,0.42336,0,0,18.483,0.42336,442.007,0,1.02816,0,0,3.35734,2.32918,1.028160,1,0,90.9112,0,0,0,90.9112,0
72.29,2.44024,0,0,3.49193,0.33914,0.712547,3.6288,61.308,0.216671,0,0,1.63874,0.171838,1.25023,0.66528,12.849,1,0.433734,0.712547,0,89.2737,3.66072,85.8918,0.84672,12.849,0.84672,3695.15,0,18.483,0.0653215,2.43162,1.55045,8.25111,0.886764,11.2811,0.42336,0,0,18.483,0.42336,442.007,0,1.02816,0,0,3.45978,2.43162,1.028160,1,0,98.4231,0,0,0,98.4231,0
72.29,2.40716,0,0,3.61621,0.285987,0.92306,3.6288,61.308,0.201785,0,0,1.46591,0.203797,1.06033,0.66528,12.849,1,0.427855,0.92306,0,80.0194,3.82434,76.6902,0.84672,12.849,0.84672,3695.15,0,18.483,0.0608336,2.36378,1.55081,8.14553,0.973107,11.0262,0.42336,0,0,18.483,0.42336,442.007,0,1.02816,0,0,3.39194,2.36378,1.028160,1,0,88.7767,0,0,0,88.7767,0
72.29,2.40772,0,0,3.56553,0.286539,0.871266,3.6288,61.308,0.202015,0,0,1.25311,0.208348,0.842748,0.66528,12.849,1,0.427955,0.871266,0,74.3973,3.57714,71.2635,0.84672,12.849,0.84672,3695.15,0,18.483,0.0609031,2.2265,1.52854,7.92452,0.996629,10.622,0.42336,0,0,18.483,0.42336,442.007,0,1.02816,0,0,3.25466,2.2265,1.028160,1,0,82.7283,0,0,0,82.7283,0
72.29,2.40828,0,0,3.63863,0.286539,0.943809,3.6288,61.308,0.202246,0,0,1.07849,0.208348,0.667894,0.66528,12.849,1,0.428054,0.943809,0,71.82,3.57714,68.7586,0.84672,12.849,0.84672,3695.15,0,18.483,0.0609726,1.65207,1.52889,7.83786,0.996629,9.96123,0.42336,0,0,18.483,0.42336,442.007,0,1.02816,0,0,2.68023,1.65207,1.028160,1,0,79.3877,0,0,0,79.3877,0
72.29,2.40884,0,0,3.72163,0.256128,1.05666,3.6288,61.308,0.202476,0,0,1.05467,0.223184,0.629007,0.66528,12.849,1,0.428154,1.05666,0,74.4293,4.74677,70.311,0.84672,12.849,0.84672,3695.15,0,18.483,0.0610421,1.77029,1.52925,9.74739,1.04274,11.9431,0.42336,0,0,18.483,0.42336,442.007,0,1.02816,0,0,2.79845,1.77029,1.028160,1,0,82.8832,0,0,0,82.8832,0
72.205,2.5237,0,0,2.99985,0.198295,0.36288,3.6288,61.308,0.256378,0,0,1.00107,0.243154,0.501542,0.66528,12.849,1,0.448568,0.36288,0,48.3073,5.4533,42.7683,0.84672,12.849,0.84672,3695.15,0,18.483,0.0772922,1.5849,1.5296,7.36232,1.1626,9.23693,0.42336,0,0,18.483,0.42336,442.007,0,1.02816,0,0,2.61306,1.5849,1.028160,1,0,52.5068,0,0,0,52.5068,0
71.9147,2.52384,0,0,2.79505,0.198616,0.36288,3.6288,61.308,0.256621,0,0,0.867551,0.227196,0.383734,0.66528,12.849,1,0.449121,0.36288,0,51.0216,4.99937,45.936,0.84672,12.849,0.84672,3695.15,0,18.483,0.0773655,1.29159,1.60915,7.1515,0.972366,9.00252,0.42336,0,0,18.483,0.42336,442.007,0,1.02816,0,0,2.31975,1.29159,1.028160,1,0,55.3223,0,0,0,55.3223,0
71.5149,2.52288,0,0,2.68415,0.198178,0.36288,3.6288,61.308,0.256864,0,0,0.858453,0.227196,0.374393,0.66528,12.849,1,0.450764,0.36288,0,47.3567,4.99937,42.2695,0.84672,12.849,0.84672,3695.15,0,18.483,0.0774388,1.29978,1.60953,6.8631,0.972366,8.7226,0.42336,0,0,18.483,0.42336,442.007,0,1.02816,0,0,2.32794,1.29978,1.028160,1,0,51.3664,0,0,0,51.3664,0
70.9756,2.52133,0,0,2.54737,0.202464,0.36288,3.6288,61.308,0.257107,0,0,0.844862,0.225879,0.361876,0.66528,12.849,1,0.453005,0.36288,0,45.3638,4.91475,40.3589,0.84672,12.849,0.84672,3695.15,0,18.483,0.0775122,1.48982,1.6099,6.42453,0.97563,8.47111,0.42336,0,0,18.483,0.42336,442.007,0,1.02816,0,0,2.51798,1.48982,1.028160,1,0,49.1919,0,0,0,49.1919,0
70.2385,2.51901,0,0,2.36459,0.21984,0.36288,3.6288,61.308,0.257351,0,0,0.812039,0.222129,0.332559,0.66528,12.849,1,0.456026,0.36288,0,41.9886,4.43911,37.4563,0.84672,12.849,0.84672,3695.15,0,18.483,0.0775856,1.40567,1.61027,5.97586,1.00474,7.90948,0.42336,0,0,18.483,0.42336,442.007,0,1.02816,0,0,2.43383,1.40567,1.028160,1,0,45.6984,0,0,0,45.6984,0
69.3641,2.49301,0,0,2.11934,0.137764,0.36288,3.6288,61.308,0.287127,0,0,0.825206,0.226746,0.311333,0.66528,12.849,1,0.456057,0.36288,0,37.7708,4.57797,33.0997,0.84672,12.849,0.84672,3695.15,0,18.483,0.0865623,1.05069,1.61065,4.67612,0.982663,6.26824,0.42336,0,0,18.483,0.42336,442.007,0,1.02816,0,0,2.07885,1.05069,1.028160,1,0,39.6792,0,0,0,39.6792,0
68.366,2.48874,0,0,1.97962,0.126114,0.36288,3.6288,61.308,0.287377,0,0,0.80987,0.226404,0.29609,0.66528,12.849,1,0.461014,0.36288,0,34.9243,4.66517,30.161,0.84672,12.849,0.84672,3695.15,0,18.483,0.0866378,0.923668,1.63572,4.24084,0.987732,5.72586,0.42336,0,0,18.483,0.42336,442.007,0,1.02816,0,0,1.95183,0.923668,1.028160,1,0,36.1829,0,0,0,36.1829,0
67.1635,2.48365,0,0,1.7415,0.0974871,0.36288,3.6288,61.308,0.287627,0,0,0.766359,0.270358,0.208374,0.66528,12.849,1,0.466788,0.36288,0,33.0425,5.45228,27.4863,0.84672,12.849,0.84672,3695.15,0,18.483,0.0867132,0.678456,1.6361,4.07023,1.25853,5.03956,0.42336,0,0,18.483,0.42336,442.007,0,1.02816,0,0,1.70662,0.678456,1.028160,1,0,32.7342,0,0,0,32.7342,0
65.8941,2.47721,0,0,1.66771,0.0970649,0.36288,3.6288,61.308,0.287878,0,0,0.744431,0.263659,0.192894,0.66528,12.849,1,0.473914,0.36288,0,30.303,5.79128,24.4007,0.84672,12.849,0.84672,3695.15,0,18.483,0.0867887,0.813344,1.63648,4.01989,1.38427,4.99866,0.42336,0,0,18.483,0.42336,442.007,0,1.02816,0,0,1.8415,0.813344,1.028160,1,0,29.5922,0,0,0,29.5922,0
64.5717,2.52779,0,0,1.66016,0.0918637,0.36288,3.6288,61.308,0.314472,0,0,0.696738,0.282326,0.0999402,0.66528,12.849,1,0.492907,0.36288,0,29.6929,5.74904,23.8139,0.84672,12.849,0.84672,3695.15,0,18.483,0.0948065,0.732983,1.63686,3.96031,1.41873,4.81662,0.42336,0,0,18.483,0.42336,442.007,0,1.02816,0,0,1.76114,0.732983,1.028160,1,0,28.7304,0,0,0,28.7304,0
63.3921,2.51996,0,0,1.78368,0.0804352,0.36288,3.6288,61.308,0.314729,0,0,0.65499,0.328992,0.0112692,0.66528,12.849,1,0.501442,0.36288,0,30.7499,5.64343,24.9679,0.84672,12.849,0.84672,3695.15,0,18.483,0.0948838,0.52577,1.67664,3.67435,1.5049,4.27698,0.42336,0,0,18.483,0.42336,442.007,0,1.02816,0,0,1.55393,0.52577,1.028160,1,0,29.2562,0,0,0,29.2562,0
62.0685,2.51279,0,0,1.63171,0.0796705,0.36288,3.6288,61.2796,0.314986,0,0,0.615621,0.328992,0,0.66528,12.849,1,0.509319,0.36288,0,28.9118,5.64343,23.1219,0.84672,12.849,0.84672,3695.15,0,18.483,0.0949612,0.496567,1.67703,3.73998,1.5049,4.31372,0.42336,0,0,18.483,0.42336,442.007,0,1.02816,0,0,1.52473,0.496567,1.028160,1,0,27.4356,0,0,0,27.4356,0
60.5998,2.50437,0,0,1.47742,0.0788124,0.36288,3.6288,61.2237,0.315209,0,0,0.58818,0.328933,0,0.66528,12.849,1,0.518438,0.36288,0,27.2292,5.64343,21.4302,0.84672,12.849,0.84672,3695.15,0,18.483,0.0950724,0.341133,1.67742,3.47737,1.5049,3.89595,0.42336,0,0,18.483,0.42336,442.007,0,1.02816,0,0,1.36929,0.341133,1.028160,1,0,25.3262,0,0,0,25.3262,0
58.8034,2.66118,0,0,1.29206,0.0644606,0.36288,3.6288,61.0606,0.410546,0,0,0.584011,0.336582,0,0.66528,12.849,1,0.564252,0.36288,0,25.9282,5.86776,19.8591,0.84672,12.849,0.84672,3695.15,0,18.483,0.123941,0.319283,1.67781,3.51457,1.54972,3.83801,0.42336,0,0,18.483,0.42336,442.007,0,1.02816,0,0,1.34744,0.319283,1.028160,1,0,23.6971,0,0,0,23.6971,0
56.8667,2.64765,0,0,1.12389,0.0500083,0.36288,3.6288,60.8695,0.410571,0,0,0.555647,0.336158,0,0.66528,12.849,1,0.578533,0.36288,0,23.4706,5.36887,17.8861,0.84672,12.849,0.84672,3695.15,0,18.483,0.12428,0.454905,1.81175,3.14875,1.55713,3.734,0.42336,0,0,18.483,0.42336,442.007,0,1.02816,0,0,1.48306,0.454905,1.028160,1,0,21.6201,0,0,0,21.6201,0
54.8294,2.63219,0,0,1.00333,0.0456,0.36288,3.6288,60.6169,0.41055,0,0,0.495799,0.337848,0,0.66528,12.849,1,0.594742,0.36288,0,20.8427,5.30271,15.3081,0.84672,12.849,0.84672,3695.15,0,18.483,0.124663,0.396939,1.81217,3.04122,1.58307,3.54259,0.42336,0,0,18.483,0.42336,442.007,0,1.02816,0,0,1.4251,0.396939,1.028160,1,0,18.8507,0,0,0,18.8507,0
52.8967,2.6149,0,0,1.0898,0.0446841,0.36288,3.6288,60.3708,0.41043,0,0,0.501678,0.337307,0,0.66528,12.849,1,0.612788,0.36288,0,19.9201,5.30271,14.3675,0.84672,12.849,0.84672,3695.15,0,18.483,0.125146,0.407531,1.81259,3.23026,1.58307,3.74217,0.42336,0,0,18.483,0.42336,442.007,0,1.02816,0,0,1.43569,0.407531,1.028160,1,0,18.1097,0,0,0,18.1097,0
51.5629,2.59749,0,0,1.68327,0.056717,0.36288,3.6288,60.2304,0.410318,0,0,0.603428,0.333581,0,0.66528,12.849,1,0.630948,0.36288,0,32.1741,5.21366,26.6924,0.84672,12.849,0.84672,3695.15,0,18.483,0.125622,0.692816,1.81301,3.41376,1.57215,4.22182,0.42336,0,0,18.483,0.42336,442.007,0,1.02816,0,0,1.72098,0.692816,1.028160,1,0,30.9142,0,0,0,30.9142,0
50.7115,2.50615,0,0,2.06003,0.042438,0.36288,3.6288,60.1745,0.352773,0,0,0.624072,0.327136,0,0.66528,12.849,1,0.624509,0.36288,0,25.0009,5.38757,19.3517,0.84672,12.849,0.84672,3695.15,0,18.483,0.108256,0.719816,1.81343,3.44072,1.50225,4.36346,0.42336,0,0,18.483,0.42336,442.007,0,1.02816,0,0,1.74798,0.719816,1.028160,1,0,23.7151,0,0,0,23.7151,0
49.4569,2.49836,0,0,1.69301,0.0863452,0.36288,3.6288,60.1187,0.352961,0,0,0.583223,0.28609,0,0.66528,12.849,1,0.633022,0.36288,0,18.3812,4.49222,13.6188,0.84672,12.849,0.84672,3695.15,0,18.483,0.108414,0.994637,1.73723,3.36701,1.21551,4.77495,0.42336,0,0,18.483,0.42336,442.007,0,1.02816,0,0,2.0228,0.994637,1.028160,1,0,18.3938,0,0,0,18.3938,0
48.2122,2.48619,0,0,1.69715,0.0927464,0.36288,3.6288,60.129,0.353148,0,0,0.652448,0.288984,0,0.66528,12.849,1,0.645918,0.36288,0,20.9621,4.54104,16.138,0.84672,12.849,0.84672,3695.15,0,18.483,0.108573,1.03074,1.73764,3.68634,1.24347,5.10268,0.42336,0,0,18.483,0.42336,442.007,0,1.02816,0,0,2.0589,1.03074,1.028160,1,0,21.2407,0,0,0,21.2407,0
47.1066,2.4736,0,0,1.82241,0.0915064,0.36288,3.6288,60.1727,0.353427,0,0,0.686146,0.289003,0,0.66528,12.849,1,0.659237,0.36288,0,30.7939,4.54104,25.9565,0.84672,12.849,0.84672,3695.15,0,18.483,0.10864,1.18094,1.73804,4.03777,1.24347,5.60465,0.42336,0,0,18.483,0.42336,442.007,0,1.02816,0,0,2.2091,1.18094,1.028160,1,0,31.5612,0,0,0,31.5612,0
46.1522,2.39842,0,0,1.90715,0.100239,0.36288,3.6288,60.6594,0.301287,0,0,1.0602,0.272236,0,0.66528,12.849,1,0.654202,0.36288,0,66.4814,4.46433,61.7258,0.84672,12.849,0.84672,3695.15,0,18.483,0.0925449,1.96359,1.73844,5.56356,1.19761,7.97543,0.42336,0,0,18.483,0.42336,442.007,0,1.02816,0,0,2.99175,1.96359,1.028160,1,0,69.7012,0,0,0,69.7012,0
45.7443,2.38839,0,0,2.50085,0.157571,0.36288,3.6288,60.8563,0.302109,0,0,0.670733,0.171681,0,0.66528,12.849,1,0.664938,0.36288,0,43.9231,4.00407,39.617,0.84672,12.849,0.84672,3695.15,0,18.483,0.0920529,0.464158,1.67069,4.01344,0.922427,5.13381,0.42336,0,0,18.483,0.42336,442.007,0,1.02816,0,0,1.49232,0.464158,1.028160,1,0,44.7508,0,0,0,44.7508,0
47.9069,2.38431,0,0,5.06668,0.156855,0.36288,3.6288,61.308,0.30259,0,0,1.46035,0.171896,0.534203,0.66528,12.849,1,0.669724,0.36288,0,69.577,4.00407,65.2661,0.84672,12.849,0.84672,3695.15,0,18.483,0.0919013,2.25839,1.67108,8.43461,0.922427,11.3498,0.42336,0,0,18.483,0.42336,442.007,0,1.02816,0,0,3.28655,2.25839,1.028160,1,0,77.15,0,0,0,77.15,0
48.3396,2.40871,0,0,3.36499,0.16065,0.36288,3.6288,61.308,0.303364,0,0,1.41024,0.172388,0.934486,0.66528,12.849,1,0.646035,0.36288,0,42.8232,4.00407,38.536,0.84672,12.849,0.84672,3695.15,0,18.483,0.0914576,2.35905,1.67147,6.28223,0.922427,9.29886,0.42336,0,0,18.483,0.42336,442.007,0,1.02816,0,0,3.38721,2.35905,1.028160,1,0,48.7693,0,0,0,48.7693,0
50.4677,2.23205,0,0,4.92731,0.204345,0.36288,3.6288,61.308,0.193768,0,0,1.11426,0.189634,0.730855,0.66528,12.849,1,0.593293,0.36288,0,83.5491,4.29402,79.0246,0.84672,12.849,0.84672,3695.15,0,18.483,0.0584169,1.57117,1.67185,11.549,0.99012,13.7434,0.42336,0,0,18.483,0.42336,442.007,0,1.02816,0,0,2.59933,1.57117,1.028160,1,0,93.4989,0,0,0,93.4989,0
53.9552,2.25251,0,0,6.35206,0.249101,0.36288,3.6288,61.308,0.193997,0,0,2.19877,0.190193,1.81458,0.66528,12.849,1,0.573486,0.36288,0,115.405,4.60026,110.594,0.84672,12.849,0.84672,3695.15,0,18.483,0.0584857,3.57654,1.51866,14.47,1.13371,18.373,0.42336,0,0,18.483,0.42336,442.007,0,1.02816,0,0,4.6047,3.57654,1.028160,1,0,130.782,0,0,0,130.782,0
56.7424,2.28298,0,0,5.69513,0.262127,0.36288,3.6288,61.308,0.194225,0,0,2.01542,0.189136,1.63206,0.66528,12.849,1,0.543673,0.36288,0,80.5075,4.63197,75.6948,0.84672,12.849,0.84672,3695.15,0,18.483,0.0585545,3.21938,1.51902,10.337,1.15313,13.8637,0.42336,0,0,18.483,0.42336,442.007,0,1.02816,0,0,4.24754,3.21938,1.028160,1,0,91.1905,0,0,0,91.1905,0
63.0963,2.30529,0,0,9.27366,0.251556,0.36288,3.6288,61.308,0.194453,0,0,2.30327,0.173634,1.93518,0.66528,12.849,1,0.52202,0.36288,0,124.258,4.09602,120.003,0.84672,12.849,0.84672,3695.15,0,18.483,0.0586234,3.32206,1.51937,15.1711,1.08617,18.8678,0.42336,0,0,18.483,0.42336,442.007,0,1.02816,0,0,4.35022,3.32206,1.028160,1,0,140.806,0,0,0,140.806,0
66.5996,2.34951,0,0,6.45729,0.241642,0.36288,3.6288,61.308,0.194682,0,0,1.94896,0.193091,1.56119,0.66528,12.849,1,0.478456,0.36288,0,133.645,3.56957,129.96,0.84672,12.849,0.84672,3695.15,0,18.483,0.0586922,3.17695,1.51972,11.2548,0.743283,15.1495,0.42336,0,0,18.483,0.42336,442.007,0,1.02816,0,0,4.20511,3.17695,1.028160,1,0,146.671,0,0,0,146.671,0
72.29,2.44543,0,0,8.81827,0.242816,0.439608,3.6288,61.308,0.226751,0,0,2.05434,0.213412,1.61418,0.66528,12.849,1,0.471794,0.439608,0,175.978,3.98714,171.958,0.84672,12.849,0.84672,3695.15,0,18.483,0.0683603,3.47966,1.52007,14.8415,0.890754,18.8822,0.42336,0,0,18.483,0.42336,442.007,0,1.02816,0,0,4.50782,3.47966,1.028160,1,0,192.455,0,0,0,192.455,0
72.29,2.47751,0,0,6.35888,0.260742,3.62063,3.6288,61.308,0.226977,0,0,1.64793,0.21333,1.20763,0.66528,12.849,1,0.440359,3.62063,0,138.288,3.96374,137.505,0.84672,12.849,0.84672,3695.15,0,18.483,0.0684286,2.53022,1.56905,11.6904,0.934595,14.7866,0.42336,0,0,18.483,0.42336,442.007,0,1.02816,0,0,3.55838,2.53022,1.028160,1,0,153.499,0,0,0,153.499,0
72.29,2.47806,0,0,7.46073,0.254518,4.72815,3.6288,61.308,0.227204,0,0,1.40413,0.177289,0.999637,0.66528,12.849,1,0.440457,4.72815,0,161.343,3.17992,162.451,0.84672,12.849,0.84672,3695.15,0,18.483,0.0684969,2.21047,1.5694,12.1293,0.712701,15.1279,0.42336,0,0,18.483,0.42336,442.007,0,1.02816,0,0,3.23863,2.21047,1.028160,1,0,178.579,0,0,0,178.579,0
72.29,2.47861,0,0,5.50228,0.254518,2.76915,3.6288,61.308,0.22743,0,0,1.36509,0.177289,0.960375,0.66528,12.849,1,0.440555,2.76915,0,110.245,3.17992,109.393,0.84672,12.849,0.84672,3695.15,0,18.483,0.0685651,2.27615,1.56975,9.36576,0.712701,12.4304,0.42336,0,0,18.483,0.42336,442.007,0,1.02816,0,0,3.30431,2.27615,1.028160,1,0,122.784,0,0,0,122.784,0
72.29,2.72098,0,0,8.50167,0.254518,5.52617,3.6288,61.308,0.347311,0,0,1.59674,0.177289,1.07214,0.66528,12.849,1,0.483633,5.52617,0,142.498,3.17992,144.36,0.84672,12.849,0.84672,3695.15,0,18.483,0.104706,2.61969,1.57009,12.7248,0.712701,16.0972,0.42336,0,0,18.483,0.42336,442.007,0,1.02816,0,0,3.64785,2.61969,1.028160,1,0,161.53,0,0,0,161.53,0
72.29,2.72158,0,0,6.57488,0.28348,3.56982,3.6288,61.308,0.347564,0,0,2.17973,0.193697,1.63847,0.66528,12.849,1,0.483741,3.56982,0,208.84,3.48234,208.444,0.84672,12.849,0.84672,3695.15,0,18.483,0.104783,4.19628,1.74413,16.4584,0.875081,21.419,0.42336,0,0,18.483,0.42336,442.007,0,1.02816,0,0,5.22444,4.19628,1.028160,1,0,231.501,0,0,0,231.501,0
72.29,2.72219,0,0,13.2561,0.282154,10.2518,3.6288,61.308,0.347817,0,0,3.16768,0.162672,2.65719,0.66528,12.849,1,0.483849,10.2518,0,171.907,3.08175,178.593,0.84672,12.849,0.84672,3695.15,0,18.483,0.104859,6.62344,1.74452,28.1679,0.790543,35.6404,0.42336,0,0,18.483,0.42336,442.007,0,1.02816,0,0,7.6516,6.62344,1.028160,1,0,216.89,0,0,0,216.89,0
72.29,2.7228,0,0,6.18837,0.282154,3.18342,3.6288,61.308,0.34807,0,0,1.83718,0.162672,1.32643,0.66528,12.849,1,0.483956,3.18342,0,314.762,3.08175,314.38,0.84672,12.849,0.84672,3695.15,0,18.483,0.104936,3.59698,1.74491,16.6661,0.790543,21.1125,0.42336,0,0,18.483,0.42336,442.007,0,1.02816,0,0,4.62514,3.59698,1.028160,1,0,336.819,0,0,0,336.819,0
72.29,2.37819,0,0,4.36928,0.284323,1.70677,3.6288,61.308,0.187604,0,0,1.34352,0.178745,0.977171,0.66528,12.849,1,0.422706,1.70677,0,141.833,3.2743,139.842,0.84672,12.849,0.84672,3695.15,0,18.483,0.0565583,2.72291,1.74529,11.397,0.823827,14.9848,0.42336,0,0,18.483,0.42336,442.007,0,1.02816,0,0,3.75107,2.72291,1.028160,1,0,155.804,0,0,0,155.804,0
71.7854,2.37872,0,0,2.55941,0.322425,0.36288,3.6288,61.308,0.187821,0,0,1.10961,0.143221,0.778567,0.66528,12.849,1,0.4228,0.36288,0,96.2029,3.75882,92.3842,0.84672,12.849,0.84672,3695.15,0,18.483,0.0566239,1.93138,1.50788,9.69607,0.912525,12.1662,0.42336,0,0,18.483,0.42336,442.007,0,1.02816,0,0,2.95954,1.93138,1.028160,1,0,105.329,0,0,0,105.329,0
71.5381,2.37673,0,0,2.79695,0.304609,0.36288,3.6288,61.308,0.188039,0,0,1.06352,0.169287,0.706198,0.66528,12.849,1,0.425415,0.36288,0,96.9909,4.2903,92.6381,0.84672,12.849,0.84672,3695.15,0,18.483,0.0566895,1.82535,1.50822,9.63688,1.11186,11.8019,0.42336,0,0,18.483,0.42336,442.007,0,1.02816,0,0,2.85351,1.82535,1.028160,1,0,105.146,0,0,0,105.146,0
71.0772,2.37601,0,0,2.57946,0.301453,0.36288,3.6288,61.308,0.188256,0,0,1.1173,0.174819,0.754223,0.66528,12.849,1,0.426757,0.36288,0,111.978,4.42134,107.493,0.84672,12.849,0.84672,3695.15,0,18.483,0.0567551,1.98113,1.50856,9.99579,1.15286,12.2759,0.42336,0,0,18.483,0.42336,442.007,0,1.02816,0,0,3.00929,1.98113,1.028160,1,0,120.523,0,0,0,120.523,0
72.29,2.3742,0,0,8.26968,0.300392,4.38232,3.6288,61.308,0.188474,0,0,3.00567,0.174819,2.64238,0.66528,12.849,1,0.429196,4.38232,0,159.211,4.42134,158.743,0.84672,12.849,0.84672,3695.15,0,18.483,0.0568208,5.47308,1.50889,24.4562,1.15286,30.2285,0.42336,0,0,18.483,0.42336,442.007,0,1.02816,0,0,6.50124,5.47308,1.028160,1,0,191.614,0,0,0,191.614,0
72.29,2.46783,0,0,6.44822,0.299346,3.68105,3.6288,61.308,0.228054,0,0,3.21161,0.166513,2.81704,0.66528,12.849,1,0.438638,3.68105,0,180.706,4.8417,179.106,0.84672,12.849,0.84672,3695.15,0,18.483,0.0687532,5.37826,1.50923,23.8764,1.22466,29.4705,0.42336,0,0,18.483,0.42336,442.007,0,1.02816,0,0,6.40642,5.37826,1.028160,1,0,211.394,0,0,0,211.394,0
72.29,2.46838,0,0,4.299,0.296469,1.53415,3.6288,61.308,0.22828,0,0,2.17607,0.160283,1.78751,0.66528,12.849,1,0.438736,1.53415,0,112.283,5.15697,108.221,0.84672,12.849,0.84672,3695.15,0,18.483,0.0688215,3.53999,1.56834,12.8635,1.27852,16.6245,0.42336,0,0,18.483,0.42336,442.007,0,1.02816,0,0,4.56815,3.53999,1.028160,1,0,126.633,0,0,0,126.633,0
72.29,2.46893,0,0,3.1387,0.296469,0.373298,3.6288,61.308,0.228507,0,0,1.41852,0.160283,1.02973,0.66528,12.849,1,0.438834,0.373298,0,90.2102,5.15697,84.9877,0.84672,12.849,0.84672,3695.15,0,18.483,0.0688897,2.94395,1.56869,12.1742,1.27852,15.3394,0.42336,0,0,18.483,0.42336,442.007,0,1.02816,0,0,3.97211,2.94395,1.028160,1,0,101.357,0,0,0,101.357,0
71.9212,2.46948,0,0,2.76004,0.296469,0.36288,3.6288,61.308,0.228733,0,0,1.28075,0.160283,0.891734,0.66528,12.849,1,0.438931,0.36288,0,79.1433,5.15697,73.9102,0.84672,12.849,0.84672,3695.15,0,18.483,0.0689581,1.92328,1.56904,13.3851,1.27852,15.5299,0.42336,0,0,18.483,0.42336,442.007,0,1.02816,0,0,2.95144,1.92328,1.028160,1,0,90.3319,0,0,0,90.3319,0
71.4435,2.4341,0,0,2.60085,0.281548,0.36288,3.6288,61.308,0.213659,0,0,1.05669,0.198654,0.644377,0.66528,12.849,1,0.434862,0.36288,0,72.8162,5.84202,66.9022,0.84672,12.849,0.84672,3695.15,0,18.483,0.0644134,2.17718,1.56939,11.1578,1.34675,13.4932,0.42336,0,0,18.483,0.42336,442.007,0,1.02816,0,0,3.20534,2.17718,1.028160,1,0,81.0398,0,0,0,81.0398,0
71.2611,2.43218,0,0,2.83718,0.22452,0.36288,3.6288,61.308,0.213882,0,0,0.824187,0.219703,0.390602,0.66528,12.849,1,0.437423,0.36288,0,70.3884,5.02127,65.2925,0.84672,12.849,0.84672,3695.15,0,18.483,0.0644807,1.68394,1.54684,6.91243,1.287,8.79173,0.42336,0,0,18.483,0.42336,442.007,0,1.02816,0,0,2.7121,1.68394,1.028160,1,0,74.4749,0,0,0,74.4749,0
70.8275,2.43177,0,0,2.57435,0.213296,0.36288,3.6288,61.308,0.214105,0,0,0.890646,0.216307,0.460233,0.66528,12.849,1,0.438469,0.36288,0,58.5891,4.8406,53.6729,0.84672,12.849,0.84672,3695.15,0,18.483,0.064548,1.4253,1.54718,6.4838,1.26621,8.12552,0.42336,0,0,18.483,0.42336,442.007,0,1.02816,0,0,2.45346,1.4253,1.028160,1,0,62.2586,0,0,0,62.2586,0
70.3107,2.43004,0,0,2.48873,0.212589,0.36288,3.6288,61.308,0.214329,0,0,0.789765,0.216307,0.359129,0.66528,12.849,1,0.440839,0.36288,0,51.763,4.8406,46.8445,0.84672,12.849,0.84672,3695.15,0,18.483,0.0646154,1.20304,1.54753,6.16086,1.26621,7.5806,0.42336,0,0,18.483,0.42336,442.007,0,1.02816,0,0,2.2312,1.20304,1.028160,1,0,54.7842,0,0,0,54.7842,0
69.3711,2.54301,0,0,2.19424,0.228048,0.36288,3.6288,61.308,0.268863,0,0,0.757909,0.175491,0.313555,0.66528,12.849,1,0.464724,0.36288,0,49.6651,4.50562,45.0577,0.84672,12.849,0.84672,3695.15,0,18.483,0.0810563,1.14299,1.54787,5.9528,1.16958,7.39304,0.42336,0,0,18.483,0.42336,442.007,0,1.02816,0,0,2.17115,1.14299,1.028160,1,0,52.7643,0,0,0,52.7643,0
68.4906,2.53826,0,0,2.19944,0.178781,0.36288,3.6288,61.308,0.269099,0,0,0.68707,0.211029,0.206942,0.66528,12.849,1,0.47014,0.36288,0,51.1007,5.82354,45.1699,0.84672,12.849,0.84672,3695.15,0,18.483,0.0811273,1.02166,1.62835,5.15521,1.2679,6.4562,0.42336,0,0,18.483,0.42336,442.007,0,1.02816,0,0,2.04982,1.02166,1.028160,1,0,51.833,0,0,0,51.833,0
67.5377,2.53374,0,0,2.11137,0.167669,0.36288,3.6288,61.308,0.269334,0,0,0.657763,0.222054,0.166375,0.66528,12.849,1,0.475335,0.36288,0,47.8605,6.08506,41.663,0.84672,12.849,0.84672,3695.15,0,18.483,0.0811983,0.929422,1.62872,4.89256,1.29637,6.07313,0.42336,0,0,18.483,0.42336,442.007,0,1.02816,0,0,1.95758,0.929422,1.028160,1,0,47.9025,0,0,0,47.9025,0
66.4846,2.52866,0,0,1.99358,0.15505,0.36288,3.6288,61.308,0.26957,0,0,0.624938,0.231509,0.123859,0.66528,12.849,1,0.481077,0.36288,0,44.7319,5.92306,38.6906,0.84672,12.849,0.84672,3695.15,0,18.483,0.0812693,0.78872,1.62908,4.65229,1.3152,5.67361,0.42336,0,0,18.483,0.42336,442.007,0,1.02816,0,0,1.81688,0.78872,1.028160,1,0,44.4881,0,0,0,44.4881,0
65.294,2.52284,0,0,1.82063,0.125576,0.36288,3.6288,61.308,0.269805,0,0,0.593223,0.255149,0.0682693,0.66528,12.849,1,0.487571,0.36288,0,41.6941,5.51806,36.0514,0.84672,12.849,0.84672,3695.15,0,18.483,0.0813404,0.759439,1.62944,4.66705,1.36228,5.6123,0.42336,0,0,18.483,0.42336,442.007,0,1.02816,0,0,1.7876,0.759439,1.028160,1,0,41.732,0,0,0,41.732,0
63.9198,2.49343,0,0,1.6034,0.121251,0.36288,3.6288,61.2928,0.299925,0,0,0.537551,0.252816,0,0.66528,12.849,1,0.490675,0.36288,0,38.0664,5.31557,32.623,0.84672,12.849,0.84672,3695.15,0,18.483,0.0904206,0.565531,1.6298,3.89236,1.35314,4.64414,0.42336,0,0,18.483,0.42336,442.007,0,1.02816,0,0,1.59369,0.565531,1.028160,1,0,37.2671,0,0,0,37.2671,0
62.3789,2.4852,0,0,1.42479,0.117588,0.36288,3.6288,61.2445,0.30015,0,0,0.502889,0.251043,0,0.66528,12.849,1,0.49957,0.36288,0,35.0641,5.16369,29.7637,0.84672,12.849,0.84672,3695.15,0,18.483,0.0905109,0.401622,1.65516,3.37825,1.34628,3.99824,0.42336,0,0,18.483,0.42336,442.007,0,1.02816,0,0,1.42978,0.401622,1.028160,1,0,33.7619,0,0,0,33.7619,0
60.8432,2.47552,0,0,1.41883,0.11612,0.36288,3.6288,61.1957,0.300337,0,0,0.502521,0.250966,0,0.66528,12.849,1,0.509916,0.36288,0,33.1234,5.16369,27.8127,0.84672,12.849,0.84672,3695.15,0,18.483,0.0906389,0.494752,1.65553,3.6394,1.34628,4.35276,0.42336,0,0,18.483,0.42336,442.007,0,1.02816,0,0,1.52291,0.494752,1.028160,1,0,32.1655,0,0,0,32.1655,0
59.2669,2.46544,0,0,1.36227,0.110289,0.36288,3.6288,61.1197,0.300524,0,0,0.483113,0.258656,0,0.66528,12.849,1,0.520657,0.36288,0,31.0915,5.27228,25.6614,0.84672,12.849,0.84672,3695.15,0,18.483,0.0907675,0.510011,1.6559,3.68895,1.38303,4.38106,0.42336,0,0,18.483,0.42336,442.007,0,1.02816,0,0,1.53817,0.510011,1.028160,1,0,30.0425,0,0,0,30.0425,0
57.5042,2.51189,0,0,1.19451,0.0823895,0.36288,3.6288,60.9137,0.342051,0,0,0.443021,0.306958,0,0.66528,12.849,1,0.544576,0.36288,0,28.9291,5.91468,22.8328,0.84672,12.849,0.84672,3695.15,0,18.483,0.103438,0.261274,1.65626,3.38361,1.60808,3.58963,0.42336,0,0,18.483,0.42336,442.007,0,1.00897,0,0,1.27024,0.261274,1.028160,1,0,26.4224,0,0,0,26.4224,0
55.881,2.49881,0,0,1.31598,0.0775071,0.36288,3.6288,60.6218,0.436781,0,0,0.47194,0.326991,0,0.66528,12.849,1,0.558344,0.36288,0,35.1314,5.38545,29.5504,0.84672,12.849,0.84672,3695.15,0,18.483,0.132532,0.261274,1.6965,2.96377,1.45934,3.32967,0.42336,0,0,18.483,0.42336,442.007,0,0.88547,0,0,1.14674,0.261274,1.028160,1,0,32.8801,0,0,0,32.8801,0
54.1535,2.48617,0,0,1.19782,0.0762745,0.36288,3.6288,60.2672,0.41755,0,0,0.389254,0.326386,0,0.66528,12.849,1,0.571658,0.36288,0,28.2966,5.38545,22.7024,0.84672,12.849,0.84672,3695.15,0,18.483,0.127307,0.261274,1.69688,2.75401,1.45934,3.12551,0.42336,0,0,18.483,0.42336,442.007,0,0.91025,0,0,1.17152,0.261274,1.028160,1,0,25.8279,0,0,0,25.8279,0
52.3331,2.47198,0,0,1.08943,0.0749627,0.36288,3.6288,59.773,0.531046,0,0,0.36251,0.325651,0,0.66528,12.849,1,0.586527,0.36288,0,26.3787,5.38545,20.7696,0.84672,12.849,0.84672,3695.15,0,18.483,0.162863,0.227405,1.69725,2.45437,1.45934,2.75683,0.42336,0,0,18.483,0.42336,442.007,0,0.761521,0,0,0.988926,0.227405,1.028160,1,0,23.5264,0,0,0,23.5264,0
50.4692,2.62018,0,0,1.18638,0.0673088,0.36288,3.6288,59.4486,0.429454,0,0,0.427896,0.322844,0,0.66528,12.849,1,0.643316,0.36288,0,26.5035,5.49358,20.7295,0.84672,12.849,0.84672,3695.15,0,18.483,0.132796,0.227405,1.69763,3.47032,1.48525,3.77731,0.42336,0,0,18.483,0.42336,442.007,0,1.01884,0,0,1.24624,0.227405,1.028160,1,0,24.5068,0,0,0,24.5068,0
48.4998,2.60182,0,0,1.06029,0.0649484,0.36288,3.6288,58.9662,0.523135,0,0,0.368493,0.327678,0,0.66528,12.849,1,0.662401,0.36288,0,22.6833,5.79582,16.5879,0.84672,12.849,0.84672,3695.15,0,18.483,0.162647,0.227405,1.83313,2.63275,1.5546,2.97605,0.42336,0,0,18.483,0.42336,442.007,0,0.895657,0,0,1.12306,0.227405,1.028160,1,0,19.564,0,0,0,19.564,0
46.6111,2.58113,0,0,1.12189,0.0665644,0.36288,3.6288,58.6314,0.421509,0,0,0.426905,0.340263,0,0.66528,12.849,1,0.683817,0.36288,0,27.0319,5.86656,20.8444,0.84672,12.849,0.84672,3695.15,0,18.483,0.132122,0.264082,1.83354,2.5967,1.56199,3.00021,0.42336,0,0,18.483,0.42336,442.007,0,1.02816,0,0,1.29224,0.264082,1.028160,1,0,23.8446,0,0,0,23.8446,0
44.5094,2.55998,0,0,0.886326,0.0652,0.36288,3.6288,57.949,0.654466,0,0,0.311621,0.339531,0,0.66528,12.849,1,0.705694,0.36288,0,27.8961,5.86656,21.6868,0.84672,12.849,0.84672,3695.15,0,18.483,0.206314,0.204422,1.83394,2.05754,1.56199,2.3276,0.42336,0,0,18.483,0.42336,442.007,0,0.721362,0,0,0.925785,0.204422,1.028160,1,0,24.0144,0,0,0,24.0144,0
42.6459,2.53469,0,0,1.09774,0.0636817,0.36288,3.6288,57.7091,0.420283,0,0,0.518432,0.338042,0,0.66528,12.849,1,0.731715,0.36288,0,24.7222,5.86656,18.4868,0.84672,12.849,0.84672,3695.15,0,18.483,0.134051,0.623056,1.83435,3.09188,1.56199,3.85325,0.42336,0,0,18.483,0.42336,442.007,0,1.02816,0,0,1.65122,0.623056,1.028160,1,0,22.34,0,0,0,22.34,0
40.5801,2.43407,0,0,0.79596,0.0647987,0.36288,3.6288,57.4217,0.362444,0,0,0.370718,0.295666,0,0.66528,12.849,1,0.733374,0.36288,0,19.9351,4.91853,14.646,0.84672,12.849,0.84672,3695.15,0,18.483,0.116083,0.570551,1.83476,2.8168,1.28315,3.82287,0.42336,0,0,18.483,0.42336,442.007,0,1.02816,0,0,1.59871,0.570551,1.028160,1,0,18.4689,0,0,0,18.4689,0
38.4004,2.40625,0,0,0.651572,0.0620897,0.36288,3.6288,57.0878,0.362258,0,0,0.299143,0.270802,0,0.66528,12.849,1,0.761898,0.36288,0,16.5938,4.5171,11.6777,0.84672,12.849,0.84672,3695.15,0,18.483,0.116604,0.635921,1.75765,2.39172,1.24716,3.42152,0.42336,0,0,18.483,0.42336,442.007,0,1.02816,0,0,1.66408,0.635921,1.028160,1,0,15.0992,0,0,0,15.0992,0
36.2365,2.37437,0,0,0.633809,0.060528,0.36288,3.6288,56.7323,0.361996,0,0,0.276743,0.270216,0,0.66528,12.849,1,0.794478,0.36288,0,15.1582,4.5171,10.2095,0.84672,12.849,0.84672,3695.15,0,18.483,0.117201,0.493517,1.75804,2.35011,1.24716,3.23729,0.42336,0,0,18.483,0.42336,442.007,0,1.02816,0,0,1.52168,0.493517,1.028160,1,0,13.4468,0,0,0,13.4468,0
34.6526,2.33987,0,0,1.27415,0.155263,0.36288,3.6288,56.7976,0.361695,0,0,0.593534,0.166533,0,0.66528,12.849,1,0.829688,0.36288,0,41.2144,3.06369,37.6839,0.84672,12.849,0.84672,3695.15,0,18.483,0.117838,1.15897,1.75843,5.92134,0.79288,7.92802,0.42336,0,0,18.483,0.42336,442.007,0,1.02816,0,0,2.18713,1.15897,1.028160,1,0,45.612,0,0,0,45.612,0
33.8926,2.25297,0,0,2.00813,0.152323,0.36288,3.6288,56.8541,0.309701,0,0,0.532784,0.166604,0,0.66528,12.849,1,0.83539,0.36288,0,46.6513,3.06369,43.1151,0.84672,12.849,0.84672,3695.15,0,18.483,0.100782,1.53099,1.75882,3.8466,0.79288,6.24274,0.42336,0,0,18.483,0.42336,442.007,0,1.02816,0,0,2.55915,1.53099,1.028160,1,0,49.3579,0,0,0,49.3579,0
32.1261,2.24233,0,0,0.996071,0.157322,0.36288,3.6288,56.4474,0.482505,0,0,0.272906,0.197115,0,0.66528,12.849,1,0.84672,0.36288,0,16.8768,3.4356,12.9573,0.84672,12.849,0.84672,3695.15,0,18.483,0.15686,0.216518,1.69025,2.44502,0.824832,3.3701,0.42336,0,0,18.483,0.42336,442.007,0,0.799597,0,0,1.01612,0.216518,1.028160,1,0,16.3274,0,0,0,16.3274,0
30.8656,2.24302,0,0,1.49935,0.153905,0.36288,3.6288,56.602,0.309711,0,0,0.660873,0.196594,0,0.66528,12.849,1,0.84672,0.36288,0,26.3174,3.4356,22.398,0.84672,12.849,0.84672,3695.15,0,18.483,0.101411,1.90871,1.69063,4.95772,0.824832,7.63081,0.42336,0,0,18.483,0.42336,442.007,0,1.02816,0,0,2.93687,1.90871,1.028160,1,0,30.0288,0,0,0,30.0288,0
31.7375,2.2437,0,0,3.62988,0.151452,0.36288,3.6288,57.5756,0.310161,0,0,1.48058,0.196792,0,0.66528,12.849,1,0.84672,0.36288,0,68.9678,3.4356,65.0483,0.84672,12.849,0.84672,3695.15,0,18.483,0.101281,3.59301,1.69101,7.50004,0.824832,11.8579,0.42336,0,0,18.483,0.42336,442.007,0,1.02816,0,0,4.62117,3.59301,1.028160,1,0,76.9063,0,0,0,76.9063,0
31.2775,2.0346,0,0,2.12274,0.185264,0.36288,3.6288,58.0202,0.202212,0,0,0.81248,0.16563,0,0.66528,12.849,1,0.823713,0.36288,0,38.9102,2.87961,35.5697,0.84672,12.849,0.84672,3695.15,0,18.483,0.0649143,1.08566,1.69138,4.54315,0.576931,6.67834,0.42336,0,0,18.483,0.42336,442.007,0,1.02816,0,0,2.11382,1.08566,1.028160,1,0,42.248,0,0,0,42.248,0
31.5688,2.02646,0,0,2.86229,0.18161,0.36288,3.6288,59.1092,0.202807,0,0,1.48046,0.188655,0,0.66528,12.849,1,0.832484,0.36288,0,49.3524,4.19745,44.6853,0.84672,12.849,0.84672,3695.15,0,18.483,0.0646065,2.0896,1.53639,6.61457,1.00096,9.17498,0.42336,0,0,18.483,0.42336,442.007,0,1.02816,0,0,3.11776,2.0896,1.028160,1,0,53.8603,0,0,0,53.8603,0
32.655,2.03237,0,0,3.67144,0.189986,0.36288,3.6288,60.2215,0.203933,0,0,1.51128,0.195105,0,0.66528,12.849,1,0.827208,0.36288,0,54.3619,4.61128,49.2863,0.84672,12.849,0.84672,3695.15,0,18.483,0.0637683,3.5885,1.53673,11.5141,1.1656,15.41,0.42336,0,0,18.483,0.42336,442.007,0,1.02816,0,0,4.61666,3.5885,1.028160,1,0,64.6963,0,0,0,64.6963,0
32.6499,2.05258,0,0,2.60295,0.192598,0.36288,3.6288,60.3903,0.205055,0,0,0.570399,0.196497,0,0.66528,12.849,1,0.807641,0.36288,0,45.7232,4.61128,40.6672,0.84672,12.849,0.84672,3695.15,0,18.483,0.0629348,1.4215,1.53707,6.07473,1.1656,7.80476,0.42336,0,0,18.483,0.42336,442.007,0,1.02816,0,0,2.44966,1.4215,1.028160,1,0,48.4719,0,0,0,48.4719,0
32.7079,2.05294,0,0,2.66039,0.18663,0.36288,3.6288,60.5862,0.20541,0,0,0.632875,0.23159,0,0.66528,12.849,1,0.807911,0.36288,0,40.83,4.74074,35.6443,0.84672,12.849,0.84672,3695.15,0,18.483,0.0628675,1.0525,1.53741,4.71431,1.26549,5.97586,0.42336,0,0,18.483,0.42336,442.007,0,1.02816,0,0,2.08066,1.0525,1.028160,1,0,41.6201,0,0,0,41.6201,0
32.8989,2.05397,0,0,2.79062,0.182691,0.36288,3.6288,60.7718,0.205565,0,0,0.630353,0.23923,0,0.66528,12.849,1,0.806884,0.36288,0,58.4953,4.4888,53.5625,0.84672,12.849,0.84672,3695.15,0,18.483,0.0627117,0.949692,1.53775,5.89503,1.26131,7.05845,0.42336,0,0,18.483,0.42336,442.007,0,1.02816,0,0,1.97785,0.949692,1.028160,1,0,60.621,0,0,0,60.621,0
32.4766,2.12225,0,0,2.25072,0.187936,0.36288,3.6288,61.0995,0.238078,0,0,0.736009,0.17017,0,0.66528,12.849,1,0.828865,0.36288,0,74.7913,3.152,71.1733,0.84672,12.849,0.84672,3695.15,0,18.483,0.0724086,1.25588,1.53775,7.23235,0.994401,8.95916,0.42336,0,0,18.483,0.42336,442.007,0,1.02816,0,0,2.28404,1.25588,1.028160,1,0,80.1325,0,0,0,80.1325,0
33.418,2.11498,0,0,3.60616,0.186948,0.36288,3.6288,61.308,0.238595,0,0,1.12849,0.170524,0.510893,0.66528,12.849,1,0.836767,0.36288,0,88.5756,3.152,84.9497,0.84672,12.849,0.84672,3695.15,0,18.483,0.0721765,1.64152,1.58728,7.57737,0.994401,9.73959,0.42336,0,0,18.483,0.42336,442.007,0,1.02816,0,0,2.66968,1.64152,1.028160,1,0,95.2002,0,0,0,95.2002,0
38.5755,2.13246,0,0,7.84202,0.18915,0.36288,3.6288,61.308,0.239002,0,0,1.63589,0.170749,1.22614,0.66528,12.849,1,0.819916,0.36288,0,99.2114,3.152,95.6024,0.84672,12.849,0.84672,3695.15,0,18.483,0.0720539,2.84368,1.58762,9.22709,0.994401,12.5919,0.42336,0,0,18.483,0.42336,442.007,0,1.02816,0,0,3.87184,2.84368,1.028160,1,0,109.42,0,0,0,109.42,0
44.632,2.21516,0,0,8.8166,0.182044,0.36288,3.6288,61.308,0.239221,0,0,1.94816,0.160293,1.54864,0.66528,12.849,1,0.737841,0.36288,0,128.991,3.0331,125.583,0.84672,12.849,0.84672,3695.15,0,18.483,0.0721199,2.91075,1.58795,14.8312,0.984026,18.2737,0.42336,0,0,18.483,0.42336,442.007,0,1.02816,0,0,3.93891,2.91075,1.028160,1,0,145.405,0,0,0,145.405,0
52.4598,2.51708,0,0,10.9253,0.217498,0.36288,3.6288,61.308,0.36048,0,0,1.56911,0.159097,1.04953,0.66528,12.849,1,0.724636,0.36288,0,141.043,3.46166,137.219,0.84672,12.849,0.84672,3695.15,0,18.483,0.108677,3.49425,1.58829,19.7103,1.02241,23.6617,0.42336,0,0,18.483,0.42336,442.007,0,1.02816,0,0,4.52241,3.49425,1.028160,1,0,161.931,0,0,0,161.931,0
55.1555,2.60449,0,0,5.90876,0.245709,0.36288,3.6288,61.308,0.360725,0,0,1.34377,0.161221,0.821825,0.66528,12.849,1,0.637918,0.36288,0,105.04,3.5595,101.205,0.84672,12.849,0.84672,3695.15,0,18.483,0.10875,2.05028,1.76432,10.9841,1.03111,13.6589,0.42336,0,0,18.483,0.42336,442.007,0,1.02816,0,0,3.07844,2.05028,1.028160,1,0,115.686,0,0,0,115.686,0
56.0653,2.63034,0,0,4.15553,0.252536,0.36288,3.6288,61.308,0.496855,0,0,0.878334,0.161221,0.220258,0.66528,12.849,1,0.612762,0.36288,0,61.4447,3.5595,57.6353,0.84672,12.849,0.84672,3695.15,0,18.483,0.149791,0.608429,1.7647,6.12904,1.03111,7.32127,0.42336,0,0,18.483,0.42336,442.007,0,0.851308,0,0,1.45974,0.608429,1.028160,1,0,65.1768,0,0,0,65.1768,0
56.2628,2.63899,0,0,3.45426,0.25484,0.36288,3.6288,61.2159,0.691047,0,0,0.76013,0.161221,0,0.66528,12.849,1,0.604801,0.36288,0,43.1447,3.5595,39.3433,0.84672,12.849,0.84672,3695.15,0,18.483,0.208335,0.608429,1.76508,5.0024,1.03111,6.13646,0.42336,0,0,18.483,0.42336,442.007,0,0.59889,0,0,1.20732,0.608429,1.028160,1,0,45.4797,0,0,0,45.4797,0
55.8762,2.30648,0,0,2.55901,0.276321,0.36288,3.6288,61.308,0.237067,0,0,0.756829,0.152556,0.275069,0.66528,12.849,1,0.526741,0.36288,0,51.7787,4.34664,47.2682,0.84672,12.849,0.84672,3695.15,0,18.483,0.0715779,0.608429,1.76545,5.53087,0.994638,6.83853,0.42336,0,0,18.483,0.42336,442.007,0,0.978359,0,0,1.58679,0.608429,1.028160,1,0,54.3818,0,0,0,54.3818,0
55.1712,2.304,0,0,2.24066,0.278744,0.36288,3.6288,61.308,0.199095,0,0,0.811443,0.151216,0.461132,0.66528,12.849,1,0.529817,0.36288,0,61.6601,4.47783,57.0154,0.84672,12.849,0.84672,3695.15,0,18.483,0.0600227,0.732482,1.52528,5.8976,0.988559,7.10679,0.42336,0,0,18.483,0.42336,442.007,0,1.02816,0,0,1.76064,0.732482,1.028160,1,0,64.5833,0,0,0,64.5833,0
59.416,2.299,0,0,7.18349,0.276788,0.36288,3.6288,61.308,0.199305,0,0,2.18281,0.151216,1.83229,0.66528,12.849,1,0.535422,0.36288,0,87.6696,4.47783,83.0193,0.84672,12.849,0.84672,3695.15,0,18.483,0.0600861,2.77556,1.52561,14.4292,0.988559,17.6818,0.42336,0,0,18.483,0.42336,442.007,0,1.02816,0,0,3.80372,2.77556,1.028160,1,0,102.533,0,0,0,102.533,0
63.7353,2.33095,0,0,7.30275,0.289627,0.36288,3.6288,61.308,0.199516,0,0,2.79225,0.174413,2.41832,0.66528,12.849,1,0.504079,0.36288,0,172.438,4.45654,167.84,0.84672,12.849,0.84672,3695.15,0,18.483,0.0601495,3.20626,1.52593,17.8298,0.964118,21.5377,0.42336,0,0,18.483,0.42336,442.007,0,1.02816,0,0,4.23442,3.20626,1.028160,1,0,191.796,0,0,0,191.796,0
67.0592,2.35988,0,0,6.34522,0.298588,0.36288,3.6288,61.308,0.199726,0,0,1.54488,0.191219,1.15394,0.66528,12.849,1,0.47575,0.36288,0,153.573,4.39621,149.063,0.84672,12.849,0.84672,3695.15,0,18.483,0.060213,1.8214,1.52626,11.442,0.943197,13.7863,0.42336,0,0,18.483,0.42336,442.007,0,1.02816,0,0,2.84956,1.8214,1.028160,1,0,164.004,0,0,0,164.004,0
68.2724,2.46714,0,0,4.34528,0.30206,0.36288,3.6288,61.308,0.239751,0,0,1.62003,0.172388,1.2079,0.66528,12.849,1,0.472721,0.36288,0,95.3044,4.35362,90.8409,0.84672,12.849,0.84672,3695.15,0,18.483,0.0722796,1.98272,1.52658,9.78463,0.958754,12.2629,0.42336,0,0,18.483,0.42336,442.007,0,1.02816,0,0,3.01088,1.98272,1.028160,1,0,104.312,0,0,0,104.312,0
68.2336,2.47474,0,0,3.10373,0.304956,0.36288,3.6288,61.308,0.23997,0,0,1.22892,0.172388,0.816561,0.66528,12.849,1,0.465751,0.36288,0,66.077,4.35362,61.6205,0.84672,12.849,0.84672,3695.15,0,18.483,0.0723456,0.893618,1.58636,7.42228,0.958754,8.87116,0.42336,0,0,18.483,0.42336,442.007,0,1.02816,0,0,1.92178,0.893618,1.028160,1,0,71.3082,0,0,0,71.3082,0
67.7839,2.47504,0,0,2.66106,0.272788,0.36288,3.6288,61.308,0.240189,0,0,0.996546,0.18198,0.574378,0.66528,12.849,1,0.466073,0.36288,0,56.0119,4.36367,51.5451,0.84672,12.849,0.84672,3695.15,0,18.483,0.0724116,0.665868,1.5867,5.93198,0.971818,7.14032,0.42336,0,0,18.483,0.42336,442.007,0,1.02816,0,0,1.69403,0.665868,1.028160,1,0,59.2597,0,0,0,59.2597,0
67.1797,2.47297,0,0,2.52588,0.294275,0.36288,3.6288,61.308,0.240408,0,0,0.910423,0.188702,0.481313,0.66528,12.849,1,0.468772,0.36288,0,53.5824,4.58258,48.894,0.84672,12.849,0.84672,3695.15,0,18.483,0.0724777,0.56751,1.58704,5.52112,0.974373,6.62882,0.42336,0,0,18.483,0.42336,442.007,0,1.02816,0,0,1.59567,0.56751,1.028160,1,0,56.0041,0,0,0,56.0041,0
67.0777,2.43591,0,0,2.91435,0.21756,0.36288,3.6288,61.308,0.22515,0,0,1.13717,0.205413,0.706608,0.66528,12.849,1,0.4659,0.36288,0,67.4171,3.81119,63.5028,0.84672,12.849,0.84672,3695.15,0,18.483,0.0678779,0.872873,1.58737,5.29966,1.04608,6.64595,0.42336,0,0,18.483,0.42336,442.007,0,1.02816,0,0,1.90103,0.872873,1.028160,1,0,70.8554,0,0,0,70.8554,0
66.6909,2.43583,0,0,2.62935,0.217385,0.36288,3.6288,61.308,0.225366,0,0,1.02901,0.205413,0.598228,0.66528,12.849,1,0.466594,0.36288,0,62.2797,3.81119,58.3648,0.84672,12.849,0.84672,3695.15,0,18.483,0.0679429,0.584988,1.56455,5.00237,1.04608,6.03789,0.42336,0,0,18.483,0.42336,442.007,0,1.02816,0,0,1.61315,0.584988,1.028160,1,0,65.0009,0,0,0,65.0009,0
66.7712,2.43408,0,0,3.08231,0.205073,0.36288,3.6288,61.308,0.225582,0,0,0.96228,0.211347,0.525351,0.66528,12.849,1,0.468963,0.36288,0,67.5683,4.27903,63.1831,0.84672,12.849,0.84672,3695.15,0,18.483,0.068008,0.581576,1.56488,6.64652,1.06452,7.66045,0.42336,0,0,18.483,0.42336,442.007,0,1.02816,0,0,1.60974,0.581576,1.028160,1,0,71.3689,0,0,0,71.3689,0
66.2767,2.43507,0,0,2.46858,0.165128,0.36288,3.6288,61.308,0.225798,0,0,0.935755,0.229692,0.480265,0.66528,12.849,1,0.468589,0.36288,0,51.245,5.50833,45.631,0.84672,12.849,0.84672,3695.15,0,18.483,0.0680731,0.58504,1.56522,5.10723,1.13599,6.05343,0.42336,0,0,18.483,0.42336,442.007,0,1.02816,0,0,1.6132,0.58504,1.028160,1,0,52.1647,0,0,0,52.1647,0
65.5599,2.54806,0,0,2.33463,0.140478,0.36288,3.6288,61.308,0.280945,0,0,0.890413,0.238735,0.370732,0.66528,12.849,1,0.49399,0.36288,0,45.6114,5.14641,40.3339,0.84672,12.849,0.84672,3695.15,0,18.483,0.0846986,0.55175,1.56555,5.08223,1.10609,6.00874,0.42336,0,0,18.483,0.42336,442.007,0,1.02816,0,0,1.57991,0.55175,1.028160,1,0,46.7134,0,0,0,46.7134,0
64.7647,2.54409,0,0,2.23755,0.125797,0.36288,3.6288,61.308,0.281172,0,0,0.827194,0.243756,0.302265,0.66528,12.849,1,0.498612,0.36288,0,42.9292,5.02551,37.768,0.84672,12.849,0.84672,3695.15,0,18.483,0.0847673,0.459639,1.64693,5.05899,1.10428,5.97652,0.42336,0,0,18.483,0.42336,442.007,0,1.02816,0,0,1.4878,0.459639,1.028160,1,0,44.0468,0,0,0,44.0468,0
63.9405,2.53952,0,0,2.20325,0.124997,0.36288,3.6288,61.308,0.2814,0,0,0.828446,0.243756,0.30329,0.66528,12.849,1,0.503828,0.36288,0,40.3673,5.02551,35.2008,0.84672,12.849,0.84672,3695.15,0,18.483,0.0848359,0.489473,1.64728,4.84114,1.10428,5.78878,0.42336,0,0,18.483,0.42336,442.007,0,1.02816,0,0,1.51763,0.489473,1.028160,1,0,41.2929,0,0,0,41.2929,0
62.8795,2.53465,0,0,1.96986,0.133379,0.36288,3.6288,61.308,0.281628,0,0,0.796833,0.241123,0.274082,0.66528,12.849,1,0.509343,0.36288,0,38.2692,4.85628,33.2665,0.84672,12.849,0.84672,3695.15,0,18.483,0.0849046,0.557116,1.64763,4.47371,1.11081,5.48274,0.42336,0,0,18.483,0.42336,442.007,0,1.02816,0,0,1.58528,0.557116,1.028160,1,0,39.0233,0,0,0,39.0233,0
61.8362,2.52805,0,0,1.9802,0.132591,0.36288,3.6288,61.308,0.281856,0,0,0.845925,0.241113,0.322957,0.66528,12.849,1,0.51659,0.36288,0,35.0141,4.70689,30.1535,0.84672,12.849,0.84672,3695.15,0,18.483,0.0849732,0.597205,1.64798,4.73116,1.10322,5.78815,0.42336,0,0,18.483,0.42336,442.007,0,1.02816,0,0,1.62537,0.597205,1.028160,1,0,36.2646,0,0,0,36.2646,0
60.842,2.49879,0,0,1.96928,0.101753,0.36288,3.6288,61.308,0.312306,0,0,0.908081,0.249878,0.345897,0.66528,12.849,1,0.519225,0.36288,0,34.1156,5.07181,28.8875,0.84672,12.849,0.84672,3695.15,0,18.483,0.0941535,0.73967,1.64833,5.32169,1.07135,6.54419,0.42336,0,0,18.483,0.42336,442.007,0,1.02816,0,0,1.76783,0.73967,1.028160,1,0,35.7776,0,0,0,35.7776,0
59.6785,2.49231,0,0,1.79253,0.100919,0.36288,3.6288,61.308,0.312541,0,0,0.849312,0.249878,0.286893,0.66528,12.849,1,0.526342,0.36288,0,32.7509,5.07181,27.5156,0.84672,12.849,0.84672,3695.15,0,18.483,0.0942241,0.503565,1.67396,4.99923,1.07135,6.01119,0.42336,0,0,18.483,0.42336,442.007,0,1.02816,0,0,1.53173,0.503565,1.028160,1,0,33.8137,0,0,0,33.8137,0
58.3925,2.48439,0,0,1.64828,0.0869643,0.36288,3.6288,61.308,0.312775,0,0,0.81089,0.282785,0.21533,0.66528,12.849,1,0.534899,0.36288,0,29.0346,5.49527,23.3673,0.84672,12.849,0.84672,3695.15,0,18.483,0.0942947,0.495927,1.67432,4.81035,1.22591,5.66038,0.42336,0,0,18.483,0.42336,442.007,0,1.02816,0,0,1.52409,0.495927,1.028160,1,0,29.2431,0,0,0,29.2431,0
57.0346,2.47526,0,0,1.54909,0.0688992,0.36288,3.6288,61.308,0.313009,0,0,0.756467,0.326662,0.116796,0.66528,12.849,1,0.544671,0.36288,0,25.7748,6.05986,19.5332,0.84672,12.849,0.84672,3695.15,0,18.483,0.0943654,0.467666,1.67467,4.63084,1.432,5.24681,0.42336,0,0,18.483,0.42336,442.007,0,1.02816,0,0,1.49583,0.467666,1.028160,1,0,24.8968,0,0,0,24.8968,0
56.0451,2.52274,0,0,1.96751,0.0713655,0.36288,3.6288,61.308,0.340202,0,0,0.873763,0.325853,0.207708,0.66528,12.849,1,0.568334,0.36288,0,32.3863,6.17894,26.0019,0.84672,12.849,0.84672,3695.15,0,18.483,0.102563,0.814692,1.67503,5.27418,1.47939,6.18195,0.42336,0,0,18.483,0.42336,442.007,0,1.02816,0,0,1.84285,0.814692,1.028160,1,0,32.3915,0,0,0,32.3915,0
54.8963,2.51511,0,0,1.79986,0.0706704,0.36288,3.6288,61.308,0.340442,0,0,0.821249,0.325853,0.154954,0.66528,12.849,1,0.576619,0.36288,0,30.4503,6.17894,24.0576,0.84672,12.849,0.84672,3695.15,0,18.483,0.102636,0.780088,1.7157,5.36839,1.47939,6.28215,0.42336,0,0,18.483,0.42336,442.007,0,1.02816,0,0,1.80825,0.780088,1.028160,1,0,30.4947,0,0,0,30.4947,0
53.5873,2.50586,0,0,1.62967,0.0698635,0.36288,3.6288,61.308,0.340682,0,0,0.784659,0.325853,0.118124,0.66528,12.849,1,0.586521,0.36288,0,28.6784,6.17894,22.2758,0.84672,12.849,0.84672,3695.15,0,18.483,0.102708,0.595737,1.71607,4.99145,1.47939,5.72116,0.42336,0,0,18.483,0.42336,442.007,0,1.02816,0,0,1.6239,0.595737,1.028160,1,0,28.1151,0,0,0,28.1151,0
52.0984,2.49484,0,0,1.4252,0.0564335,0.36288,3.6288,61.308,0.340922,0,0,0.779112,0.333623,0.104567,0.66528,12.849,1,0.598204,0.36288,0,27.3081,6.40326,20.6695,0.84672,12.849,0.84672,3695.15,0,18.483,0.102781,0.569825,1.71643,5.04483,1.52421,5.7041,0.42336,0,0,18.483,0.42336,442.007,0,1.02816,0,0,1.59799,0.569825,1.028160,1,0,26.4782,0,0,0,26.4782,0
50.5406,2.64739,0,0,1.51872,0.0662417,0.36288,3.6288,61.308,0.438551,0,0,0.788918,0.316757,0.0336109,0.66528,12.849,1,0.652924,0.36288,0,25.7466,6.35195,19.1046,0.84672,12.849,0.84672,3695.15,0,18.483,0.132213,0.793601,1.7168,5.56376,1.50893,6.43302,0.42336,0,0,18.483,0.42336,442.007,0,1.02816,0,0,1.82176,0.793601,1.028160,1,0,25.5712,0,0,0,25.5712,0
49.3747,2.6319,0,0,1.89651,0.0676248,0.36288,3.6288,61.308,0.438812,0,0,0.936472,0.313631,0.18403,0.66528,12.849,1,0.669112,0.36288,0,28.9985,6.38988,22.3024,0.84672,12.849,0.84672,3695.15,0,18.483,0.132292,1.3013,1.85381,6.14258,1.60864,7.55676,0.42336,0,0,18.483,0.42336,442.007,0,1.02816,0,0,2.32946,1.3013,1.028160,1,0,30.0432,0,0,0,30.0432,0
47.8467,2.61992,0,0,1.52164,0.066795,0.36288,3.6288,61.2917,0.439073,0,0,0.73637,0.313631,0,0.66528,12.849,1,0.681794,0.36288,0,34.1085,6.38988,27.3997,0.84672,12.849,0.84672,3695.15,0,18.483,0.132371,0.840491,1.8542,5.10259,1.60864,6.05627,0.42336,0,0,18.483,0.42336,442.007,0,1.02816,0,0,1.86865,0.840491,1.028160,1,0,33.456,0,0,0,33.456,0
46.617,2.60331,0,0,1.8021,0.0656978,0.36288,3.6288,61.308,0.439306,0,0,1.12405,0.313598,0.354809,0.66528,12.849,1,0.699106,0.36288,0,29.2763,6.38988,22.5502,0.84672,12.849,0.84672,3695.15,0,18.483,0.132476,1.78285,1.8546,6.90023,1.60864,8.79656,0.42336,0,0,18.483,0.42336,442.007,0,1.02816,0,0,2.81101,1.78285,1.028160,1,0,31.7016,0,0,0,31.7016,0
45.0776,2.5894,0,0,1.47938,0.0664203,0.36288,3.6288,61.308,0.439595,0,0,0.879595,0.287852,0.152148,0.66528,12.849,1,0.713716,0.36288,0,29.2861,5.95075,22.9845,0.84672,12.849,0.84672,3695.15,0,18.483,0.132528,1.14865,1.85499,7.05093,1.50777,8.41427,0.42336,0,0,18.483,0.42336,442.007,0,1.02816,0,0,2.17681,1.14865,1.028160,1,0,31.5509,0,0,0,31.5509,0
45.2117,2.49254,0,0,3.05523,0.0657855,0.36288,3.6288,61.308,0.380682,0,0,1.77314,0.247538,1.14492,0.66528,12.849,1,0.710477,0.36288,0,34.1771,5.4999,28.3296,0.84672,12.849,0.84672,3695.15,0,18.483,0.114767,2.79437,1.85538,12.4662,1.50746,15.4938,0.42336,0,0,18.483,0.42336,442.007,0,1.02816,0,0,3.82253,2.79437,1.028160,1,0,44.9683,0,0,0,44.9683,0
43.788,2.49471,0,0,1.49985,0.0658848,0.36288,3.6288,61.308,0.380931,0,0,1.08713,0.247538,0.458659,0.66528,12.849,1,0.708988,0.36288,0,34.4339,5.4999,28.5879,0.84672,12.849,0.84672,3695.15,0,18.483,0.114842,1.28025,1.77739,7.14789,1.50746,8.58323,0.42336,0,0,18.483,0.42336,442.007,0,1.02816,0,0,2.30841,1.28025,1.028160,1,0,37.6298,0,0,0,37.6298,0
42.4255,2.47741,0,0,1.54255,0.0648292,0.36288,3.6288,61.308,0.38118,0,0,1.18097,0.247538,0.55225,0.66528,12.849,1,0.726963,0.36288,0,22.4561,5.4999,16.5921,0.84672,12.849,0.84672,3695.15,0,18.483,0.114917,0.938935,1.77776,5.79797,1.50746,6.89229,0.42336,0,0,18.483,0.42336,442.007,0,1.02816,0,0,1.96709,0.938935,1.028160,1,0,24.0366,0,0,0,24.0366,0
43.7654,2.46002,0,0,4.31033,0.147459,0.36288,3.6288,61.308,0.381428,0,0,2.19796,0.259135,1.55739,0.66528,12.849,1,0.745042,0.36288,0,36.5685,4.84821,31.3381,0.84672,12.849,0.84672,3695.15,0,18.483,0.114992,4.10283,1.77814,17.8821,1.35962,22.2885,0.42336,0,0,18.483,0.42336,442.007,0,1.02816,0,0,5.13099,4.10283,1.028160,1,0,55.184,0,0,0,55.184,0
43.1102,2.41416,0,0,2.32749,0.205661,0.36288,3.6288,61.308,0.327769,0,0,1.24055,0.21831,0.69447,0.66528,12.849,1,0.708768,0.36288,0,44.6384,4.68754,39.605,0.84672,12.849,0.84672,3695.15,0,18.483,0.098815,1.68318,1.77852,11.784,1.28136,13.8655,0.42336,0,0,18.483,0.42336,442.007,0,1.02816,0,0,2.71134,1.68318,1.028160,1,0,54.1649,0,0,0,54.1649,0
42.4358,2.40637,0,0,2.30727,0.212429,0.36288,3.6288,61.308,0.328006,0,0,2.02385,0.210126,1.48572,0.66528,12.849,1,0.717219,0.36288,0,38.9162,4.6621,33.8998,0.84672,12.849,0.84672,3695.15,0,18.483,0.0988865,2.54467,1.70917,12.7302,1.27184,15.6133,0.42336,0,0,18.483,0.42336,442.007,0,1.02816,0,0,3.57283,2.54467,1.028160,1,0,50.9988,0,0,0,50.9988,0
41.4655,2.39813,0,0,2.0172,0.226473,0.36288,3.6288,61.308,0.328243,0,0,1.98781,0.216275,1.4433,0.66528,12.849,1,0.726122,0.36288,0,39.4013,4.18822,34.8499,0.84672,12.849,0.84672,3695.15,0,18.483,0.0989581,2.25285,1.70953,13.3967,1.17104,16.089,0.42336,0,0,18.483,0.42336,442.007,0,1.02816,0,0,3.28101,2.25285,1.028160,1,0,52.3822,0,0,0,52.3822,0
42.3167,2.38567,0,0,3.83526,0.235559,0.36288,3.6288,61.308,0.328481,0,0,2.14608,0.220886,1.59671,0.66528,12.849,1,0.739251,0.36288,0,67.4482,3.83282,63.239,0.84672,12.849,0.84672,3695.15,0,18.483,0.0990297,3.70595,1.7099,18.5871,1.09545,22.8084,0.42336,0,0,18.483,0.42336,442.007,0,1.02816,0,0,4.73411,3.70595,1.028160,1,0,87.6441,0,0,0,87.6441,0
44.7389,2.21702,0,0,5.23479,0.232678,0.36288,3.6288,61.308,0.216347,0,0,1.58271,0.2168,1.14956,0.66528,12.849,1,0.673173,0.36288,0,74.9053,4.18754,70.4075,0.84672,12.849,0.84672,3695.15,0,18.483,0.0652239,2.93928,1.71026,18.5954,1.15013,22.0295,0.42336,0,0,18.483,0.42336,442.007,0,1.02816,0,0,3.96744,2.93928,1.028160,1,0,93.5866,0,0,0,93.5866,0
46.8642,2.24581,0,0,4.96915,0.235196,0.36288,3.6288,61.308,0.216561,0,0,1.76967,0.213736,1.33937,0.66528,12.849,1,0.644995,0.36288,0,73.3674,4.45357,68.6317,0.84672,12.849,0.84672,3695.15,0,18.483,0.0652883,2.77334,1.55352,15.1572,1.19114,18.2277,0.42336,0,0,18.483,0.42336,442.007,0,1.02816,0,0,3.8015,2.77334,1.028160,1,0,88.1988,0,0,0,88.1988,0
50.97,2.26924,0,0,6.9788,0.240851,0.36288,3.6288,61.308,0.216775,0,0,3.1118,0.213736,2.68129,0.66528,12.849,1,0.622171,0.36288,0,119.24,4.45357,114.527,0.84672,12.849,0.84672,3695.15,0,18.483,0.0653527,4.09181,1.55385,32.5323,1.19114,36.9214,0.42336,0,0,18.483,0.42336,442.007,0,1.02816,0,0,5.11997,4.09181,1.028160,1,0,154.13,0,0,0,154.13,0
54.0496,2.30976,0,0,5.98022,0.227994,0.36288,3.6288,61.308,0.216988,0,0,4.32832,0.192034,3.9193,0.66528,12.849,1,0.582267,0.36288,0,104.07,3.70324,100.147,0.84672,12.849,0.84672,3695.15,0,18.483,0.0654172,5.21091,1.55418,23.918,1.0974,29.5203,0.42336,0,0,18.483,0.42336,442.007,0,1.02816,0,0,6.23907,5.21091,1.028160,1,0,133.587,0,0,0,133.587,0
57.897,2.33706,0,0,6.78454,0.237148,0.36288,3.6288,61.308,0.217202,0,0,2.5421,0.197791,2.1271,0.66528,12.849,1,0.555581,0.36288,0,95.5276,3.78132,91.5536,0.84672,12.849,0.84672,3695.15,0,18.483,0.0654816,3.92284,1.55451,19.0356,1.10824,23.3392,0.42336,0,0,18.483,0.42336,442.007,0,1.02816,0,0,4.951,3.92284,1.028160,1,0,117.02,0,0,0,117.02,0
64.8016,2.44194,0,0,9.96408,0.254721,0.36288,3.6288,61.308,0.249984,0,0,6.00956,0.226531,5.53304,0.66528,12.849,1,0.541937,0.36288,0,146.424,4.18854,142.056,0.84672,12.849,0.84672,3695.15,0,18.483,0.0753647,7.35294,1.55484,31.0116,1.12916,38.7149,0.42336,0,0,18.483,0.42336,442.007,0,1.02816,0,0,8.3811,7.35294,1.028160,1,0,186.304,0,0,0,186.304,0
69.3325,2.49064,0,0,7.63629,0.251817,0.36288,3.6288,61.308,0.250196,0,0,1.8182,0.191696,1.37631,0.66528,12.849,1,0.493849,0.36288,0,110.826,3.82116,106.874,0.84672,12.849,0.84672,3695.15,0,18.483,0.0754284,4.38606,1.6049,18.5869,0.864392,23.638,0.42336,0,0,18.483,0.42336,442.007,0,1.02816,0,0,5.41422,4.38606,1.028160,1,0,131.888,0,0,0,131.888,0
72.29,2.51838,0,0,6.57517,0.260996,0.838315,3.6288,61.308,0.250407,0,0,1.63432,0.191696,1.19221,0.66528,12.849,1,0.466716,0.838315,0,95.6388,3.82116,92.1892,0.84672,12.849,0.84672,3695.15,0,18.483,0.0754921,3.87801,1.60523,16.9777,0.864392,21.521,0.42336,0,0,18.483,0.42336,442.007,0,1.02816,0,0,4.90617,3.87801,1.028160,1,0,114.902,0,0,0,114.902,0
72.29,2.5351,0,0,5.98723,0.266987,3.18514,3.6288,61.308,0.250618,0,0,1.51555,0.191696,1.07324,0.66528,12.849,1,0.450595,3.18514,0,86.4899,3.82116,85.4032,0.84672,12.849,0.84672,3695.15,0,18.483,0.0755558,3.52363,1.60555,16.1605,0.864392,20.3498,0.42336,0,0,18.483,0.42336,442.007,0,1.02816,0,0,4.55179,3.52363,1.028160,1,0,106.826,0,0,0,106.826,0
72.29,2.78294,0,0,8.36297,0.300479,5.27955,3.6288,61.308,0.373208,0,0,1.79892,0.199608,1.2261,0.66528,12.849,1,0.494646,5.27955,0,91.5348,3.78554,92.5341,0.84672,12.849,0.84672,3695.15,0,18.483,0.112514,2.5487,1.60588,12.777,0.965406,15.8537,0.42336,0,0,18.483,0.42336,442.007,0,1.02816,0,0,3.57686,2.5487,1.028160,1,0,109.614,0,0,0,109.614,0
72.29,2.7835,0,0,5.132,0.313876,2.03462,3.6288,61.308,0.373445,0,0,2.2007,0.202772,1.62449,0.66528,12.849,1,0.494746,2.03462,0,89.7273,3.77128,87.4958,0.84672,12.849,0.84672,3695.15,0,18.483,0.112585,1.41325,1.78384,10.5483,1.00581,12.627,0.42336,0,0,18.483,0.42336,442.007,0,1.02816,0,0,2.44141,1.41325,1.028160,1,0,101.747,0,0,0,101.747,0
72.29,2.78407,0,0,6.38694,0.313876,3.28899,3.6288,61.308,0.373681,0,0,2.3545,0.202772,1.77804,0.66528,12.849,1,0.494847,3.28899,0,130.712,3.77128,129.735,0.84672,12.849,0.84672,3695.15,0,18.483,0.112657,4.08396,1.78421,16.8174,1.00581,21.5671,0.42336,0,0,18.483,0.42336,442.007,0,1.02816,0,0,5.11212,4.08396,1.028160,1,0,153.08,0,0,0,153.08,0
72.29,2.78463,0,0,6.03457,0.350024,2.89992,3.6288,61.308,0.373917,0,0,1.84766,0.183931,1.28982,0.66528,12.849,1,0.494947,2.89992,0,120.286,3.88071,118.81,0.84672,12.849,0.84672,3695.15,0,18.483,0.112728,3.31212,1.78457,12.5763,0.957896,16.6024,0.42336,0,0,18.483,0.42336,442.007,0,1.02816,0,0,4.34028,3.31212,1.028160,1,0,136.703,0,0,0,136.703,0
72.29,2.43216,0,0,4.30549,0.334625,1.53871,3.6288,61.308,0.209787,0,0,1.35981,0.174509,0.975511,0.66528,12.849,1,0.432297,1.53871,0,87.0595,2.93447,85.2314,0.84672,12.849,0.84672,3695.15,0,18.483,0.063246,2.4166,1.78493,7.82304,0.852565,11.1088,0.42336,0,0,18.483,0.42336,442.007,0,1.02816,0,0,3.44476,2.4166,1.028160,1,0,97.3157,0,0,0,97.3157,0
72.29,2.43265,0,0,4.73019,0.308463,1.98908,3.6288,61.308,0.20999,0,0,1.2909,0.154552,0.92636,0.66528,12.849,1,0.432385,1.98908,0,75.8052,2.5913,74.7706,0.84672,12.849,0.84672,3695.15,0,18.483,0.0633072,1.54415,1.5421,6.01853,0.78932,8.25215,0.42336,0,0,18.483,0.42336,442.007,0,1.02816,0,0,2.57231,1.54415,1.028160,1,0,83.9491,0,0,0,83.9491,0
72.29,2.43315,0,0,5.36611,0.295353,2.63762,3.6288,61.308,0.210193,0,0,1.88203,0.151318,1.52051,0.66528,12.849,1,0.432473,2.63762,0,117.579,2.62628,117.158,0.84672,12.849,0.84672,3695.15,0,18.483,0.0633684,2.99227,1.54241,9.659,0.796866,13.3334,0.42336,0,0,18.483,0.42336,442.007,0,1.02816,0,0,4.02043,2.99227,1.028160,1,0,132.012,0,0,0,132.012,0
72.29,2.43364,0,0,6.23494,0.295985,3.50532,3.6288,61.308,0.210396,0,0,1.88768,0.174027,1.50325,0.66528,12.849,1,0.432561,3.50532,0,163.746,3.44652,163.372,0.84672,12.849,0.84672,3695.15,0,18.483,0.0634297,2.98303,1.54273,12.5944,0.929817,16.1269,0.42336,0,0,18.483,0.42336,442.007,0,1.02816,0,0,4.01119,2.98303,1.028160,1,0,181.003,0,0,0,181.003,0
72.29,2.43413,0,0,4.68652,0.249587,2.0028,3.6288,61.308,0.210599,0,0,1.60936,0.176313,1.22245,0.66528,12.849,1,0.432649,2.0028,0,117.44,3.88623,115.124,0.84672,12.849,0.84672,3695.15,0,18.483,0.0634909,1.84306,1.54304,7.81885,1.0384,10.1031,0.42336,0,0,18.483,0.42336,442.007,0,1.02816,0,0,2.87122,1.84306,1.028160,1,0,126.449,0,0,0,126.449,0
72.29,2.52358,0,0,3.56537,0.237171,0.804619,3.6288,61.308,0.251053,0,0,1.04601,0.2053,0.589657,0.66528,12.849,1,0.448548,0.804619,0,74.9892,3.94391,71.4013,0.84672,12.849,0.84672,3695.15,0,18.483,0.075687,1.21225,1.54335,5.54181,1.10759,7.11414,0.42336,0,0,18.483,0.42336,442.007,0,1.02816,0,0,2.24041,1.21225,1.028160,1,0,79.1051,0,0,0,79.1051,0
72.0755,2.5241,0,0,2.89183,0.219315,0.36288,3.6288,61.308,0.251265,0,0,0.873132,0.214816,0.407052,0.66528,12.849,1,0.448639,0.36288,0,54.9496,4.06024,50.8036,0.84672,12.849,0.84672,3695.15,0,18.483,0.0757507,0.843722,1.60377,4.60855,1.13049,5.8498,0.42336,0,0,18.483,0.42336,442.007,0,1.02816,0,0,1.87188,0.843722,1.028160,1,0,57.0605,0,0,0,57.0605,0
71.926,2.52348,0,0,2.93692,0.200105,0.36288,3.6288,61.308,0.251476,0,0,0.995725,0.234125,0.510124,0.66528,12.849,1,0.449863,0.36288,0,67.8968,4.67964,63.1302,0.84672,12.849,0.84672,3695.15,0,18.483,0.0758144,1.08597,1.6041,6.81413,1.30727,8.12111,0.42336,0,0,18.483,0.42336,442.007,0,1.02816,0,0,2.11413,1.08597,1.028160,1,0,71.7614,0,0,0,71.7614,0
72.1117,2.52319,0,0,3.24988,0.1781,0.36288,3.6288,61.308,0.251688,0,0,1.19216,0.254313,0.686164,0.66528,12.849,1,0.450748,0.36288,0,95.3312,5.34834,89.895,0.84672,12.849,0.84672,3695.15,0,18.483,0.0758782,1.90917,1.60442,7.18546,1.48042,9.14276,0.42336,0,0,18.483,0.42336,442.007,0,1.02816,0,0,2.93733,1.90917,1.028160,1,0,99.7239,0,0,0,99.7239,0
72.0904,2.4899,0,0,3.01601,0.184549,0.36288,3.6288,61.308,0.236253,0,0,0.961675,0.182265,0.543157,0.66528,12.849,1,0.443654,0.36288,0,51.1958,3.81864,47.2964,0.84672,12.849,0.84672,3695.15,0,18.483,0.0712251,1.21279,1.60475,7.53365,1.16225,9.11771,0.42336,0,0,18.483,0.42336,442.007,0,1.02816,0,0,2.24095,1.21279,1.028160,1,0,56.9573,0,0,0,56.9573,0
71.9405,2.49029,0,0,2.84335,0.140118,0.36288,3.6288,61.308,0.236461,0,0,0.9612,0.210485,0.514254,0.66528,12.849,1,0.443856,0.36288,0,64.4722,4.43548,59.9557,0.84672,12.849,0.84672,3695.15,0,18.483,0.0712879,1.60162,1.58166,6.10049,1.29899,7.91349,0.42336,0,0,18.483,0.42336,442.007,0,1.02816,0,0,2.62978,1.60162,1.028160,1,0,68.3835,0,0,0,68.3835,0
71.4334,2.49001,0,0,2.45783,0.111944,0.36288,3.6288,61.308,0.23667,0,0,0.771025,0.223564,0.310791,0.66528,12.849,1,0.444731,0.36288,0,50.4855,4.55081,45.8529,0.84672,12.849,0.84672,3695.15,0,18.483,0.0713507,1.15118,1.58198,4.74199,1.30588,6.09793,0.42336,0,0,18.483,0.42336,442.007,0,1.02816,0,0,2.17934,1.15118,1.028160,1,0,52.2616,0,0,0,52.2616,0
70.5613,2.48784,0,0,2.09003,0.111512,0.36288,3.6288,61.308,0.236878,0,0,0.723246,0.223564,0.262803,0.66528,12.849,1,0.447497,0.36288,0,42.5326,4.55081,37.8971,0.84672,12.849,0.84672,3695.15,0,18.483,0.0714135,1.08848,1.5823,3.93149,1.30588,5.22498,0.42336,0,0,18.483,0.42336,442.007,0,1.02816,0,0,2.11664,1.08848,1.028160,1,0,43.3849,0,0,0,43.3849,0
69.7991,2.60148,0,0,2.30704,0.104798,0.36288,3.6288,61.308,0.292616,0,0,0.84818,0.209841,0.345723,0.66528,12.849,1,0.473722,0.36288,0,41.868,4.17899,37.5781,0.84672,12.849,0.84672,3695.15,0,18.483,0.0882173,1.26182,1.58262,4.88714,1.14823,6.49514,0.42336,0,0,18.483,0.42336,442.007,0,1.02816,0,0,2.28998,1.26182,1.028160,1,0,44.419,0,0,0,44.419,0
69.0271,2.59764,0,0,2.28819,0.0997312,0.36288,3.6288,61.308,0.292836,0,0,0.838486,0.199548,0.346102,0.66528,12.849,1,0.478188,0.36288,0,42.1309,3.90012,38.1155,0.84672,12.849,0.84672,3695.15,0,18.483,0.0882835,1.28777,1.66488,5.31522,1.02999,7.14959,0.42336,0,0,18.483,0.42336,442.007,0,1.02816,0,0,2.31593,1.28777,1.028160,1,0,45.6112,0,0,0,45.6112,0
68.0835,2.59366,0,0,2.10288,0.089871,0.36288,3.6288,61.308,0.293056,0,0,0.816117,0.209426,0.313636,0.66528,12.849,1,0.482795,0.36288,0,38.6027,4.09575,34.387,0.84672,12.849,0.84672,3695.15,0,18.483,0.0883497,1.26646,1.66522,5.16536,1.08338,6.92531,0.42336,0,0,18.483,0.42336,442.007,0,1.02816,0,0,2.29462,1.26646,1.028160,1,0,41.6259,0,0,0,41.6259,0
67.0632,2.58855,0,0,1.99732,0.0662195,0.36288,3.6288,61.308,0.293275,0,0,0.728706,0.234121,0.20131,0.66528,12.849,1,0.488522,0.36288,0,38.1846,4.58483,33.4741,0.84672,12.849,0.84672,3695.15,0,18.483,0.088416,1.0119,1.66556,4.87439,1.21684,6.24659,0.42336,0,0,18.483,0.42336,442.007,0,1.02816,0,0,2.04006,1.0119,1.028160,1,0,39.922,0,0,0,39.922,0
65.7399,2.58284,0,0,1.69738,0.0749529,0.36288,3.6288,61.308,0.293495,0,0,0.636132,0.227815,0.114822,0.66528,12.849,1,0.49486,0.36288,0,32.7631,4.48993,28.1411,0.84672,12.849,0.84672,3695.15,0,18.483,0.0884823,0.758765,1.6659,3.92864,1.18213,5.08269,0.42336,0,0,18.483,0.42336,442.007,0,1.02816,0,0,1.78692,0.758765,1.028160,1,0,33.3387,0,0,0,33.3387,0
63.9766,2.55197,0,0,1.24858,0.0970847,0.36288,3.6288,61.1809,0.412519,0,0,0.497505,0.212049,0,0.66528,12.849,1,0.498787,0.36288,0,25.0836,4.25271,20.6949,0.84672,12.849,0.84672,3695.15,0,18.483,0.124365,0.30119,1.66623,2.22557,1.09534,2.97329,0.42336,0,0,18.483,0.42336,442.007,0,0.9133,0,0,1.21449,0.30119,1.028160,1,0,23.6682,0,0,0,23.6682,0
62.1066,2.54103,0,0,1.12966,0.0957178,0.36288,3.6288,60.9332,0.49758,0,0,0.461704,0.211879,0,0.66528,12.849,1,0.510339,0.36288,0,22.5253,4.25271,18.1251,0.84672,12.849,0.84672,3695.15,0,18.483,0.150321,0.261274,1.69212,2.13451,1.09534,2.84225,0.42336,0,0,18.483,0.42336,442.007,0,0.802578,0,0,1.06385,0.261274,1.028160,1,0,20.9673,0,0,0,20.9673,0
60.2233,2.52882,0,0,1.07626,0.0679102,0.36288,3.6288,60.5995,0.493346,0,0,0.436855,0.277205,0,0.66528,12.849,1,0.523177,0.36288,0,20.4061,5.09961,15.1462,0.84672,12.849,0.84672,3695.15,0,18.483,0.149648,0.261274,1.69247,2.02231,1.40447,2.42193,0.42336,0,0,18.483,0.42336,442.007,0,0.80778,0,0,1.06905,0.261274,1.028160,1,0,17.5682,0,0,0,17.5682,0
58.2375,2.51584,0,0,0.95548,0.062527,0.36288,3.6288,60.2051,0.515338,0,0,0.408472,0.287539,0,0.66528,12.849,1,0.53677,0.36288,0,18.6636,5.24076,13.249,0.84672,12.849,0.84672,3695.15,0,18.483,0.157179,0.261274,1.69281,1.95566,1.45599,2.29657,0.42336,0,0,18.483,0.42336,442.007,0,0.77855,0,0,1.03982,0.261274,1.028160,1,0,15.5455,0,0,0,15.5455,0
56.3389,2.55973,0,0,1.0804,0.0563342,0.36288,3.6288,59.728,0.559864,0,0,0.385703,0.302929,0,0.66528,12.849,1,0.564756,0.36288,0,19.3312,5.59986,13.5295,0.84672,12.849,0.84672,3695.15,0,18.483,0.171879,0.261274,1.69315,2.08954,1.55493,2.31716,0.42336,0,0,18.483,0.42336,442.007,0,0.755084,0,0,1.01636,0.261274,1.028160,1,0,15.8467,0,0,0,15.8467,0
54.3562,2.54475,0,0,0.979335,0.0544747,0.36288,3.6288,59.1644,0.628954,0,0,0.370076,0.304686,0,0.66528,12.849,1,0.580371,0.36288,0,18.573,5.65971,12.6958,0.84672,12.849,0.84672,3695.15,0,18.483,0.194632,0.261274,1.73425,2.03252,1.57141,2.262,0.42336,0,0,18.483,0.42336,442.007,0,0.663543,0,0,0.924817,0.261274,1.028160,1,0,14.9578,0,0,0,14.9578,0
52.3191,2.52814,0,0,0.903182,0.0492014,0.36288,3.6288,58.5889,0.63311,0,0,0.363718,0.306145,0,0.66528,12.849,1,0.597615,0.36288,0,17.522,5.73449,11.5528,0.84672,12.849,0.84672,3695.15,0,18.483,0.197784,0.227405,1.7346,2.01402,1.58635,2.19189,0.42336,0,0,18.483,0.42336,442.007,0,0.656536,0,0,0.883941,0.227405,1.028160,1,0,13.7447,0,0,0,13.7447,0
50.1427,2.50997,0,0,0.736949,0.0405084,0.36288,3.6288,58.0153,0.6316,0,0,0.362155,0.304102,0,0.66528,12.849,1,0.616421,0.36288,0,16.5679,5.89671,10.4176,0.84672,12.849,0.84672,3695.15,0,18.483,0.19925,0.227405,1.73496,1.93704,1.52743,2.17273,0.42336,0,0,18.483,0.42336,442.007,0,0.656882,0,0,0.884287,0.227405,1.028160,1,0,12.5904,0,0,0,12.5904,0
47.7815,2.65542,0,0,0.714709,0.0576645,0.36288,3.6288,57.2047,0.798949,0,0,0.308666,0.320381,0,0.66528,12.849,1,0.680447,0.36288,0,15.0311,5.94082,8.7727,0.84672,12.849,0.84672,3695.15,0,18.483,0.254536,0.227405,1.73531,1.91682,1.47619,2.14881,0.42336,0,0,18.483,0.42336,442.007,0,0.562663,0,0,0.790067,0.227405,1.028160,1,0,10.9215,0,0,0,10.9215,0
45.5239,2.62945,0,0,0.796668,0.0618981,0.36288,3.6288,56.3369,0.8008,0,0,0.289294,0.356226,0,0.66528,12.849,1,0.70709,0.36288,0,14.7435,6.32688,8.07238,0.84672,12.849,0.84672,3695.15,0,18.483,0.258741,0.227405,1.87378,1.70084,1.52196,2.02132,0.42336,0,0,18.483,0.42336,442.007,0,0.556934,0,0,0.784339,0.227405,1.028160,1,0,10.0937,0,0,0,10.0937,0
43.1971,2.60263,0,0,0.699114,0.0603696,0.36288,3.6288,55.4548,0.807037,0,0,0.279093,0.354219,0,0.66528,12.849,1,0.734586,0.36288,0,18.7415,6.32688,12.043,0.84672,12.849,0.84672,3695.15,0,18.483,0.264772,0.204422,1.87416,1.63329,1.52196,1.92513,0.42336,0,0,18.483,0.42336,442.007,0,0.544994,0,0,0.749416,0.204422,1.028160,1,0,13.9681,0,0,0,13.9681,0
40.9168,2.57266,0,0,0.714018,0.0587943,0.36288,3.6288,54.6505,0.772274,0,0,0.320152,0.35218,0,0.66528,12.849,1,0.765238,0.36288,0,16.2349,6.32688,9.50567,0.84672,12.849,0.84672,3695.15,0,18.483,0.257398,0.204422,1.87454,1.69612,1.52196,1.99572,0.42336,0,0,18.483,0.42336,442.007,0,0.587459,0,0,0.791881,0.204422,1.028160,1,0,11.5014,0,0,0,11.5014,0
38.6866,2.54072,0,0,0.729078,0.0557393,0.36288,3.6288,53.916,0.67724,0,0,0.298507,0.355798,0,0.66528,12.849,1,0.797854,0.36288,0,15.7682,6.26171,9.07149,0.84672,12.849,0.84672,3695.15,0,18.483,0.229045,0.204422,1.87492,2.01696,1.51032,2.35694,0.42336,0,0,18.483,0.42336,442.007,0,0.711174,0,0,0.915596,0.204422,1.028160,1,0,11.4284,0,0,0,11.4284,0
36.4217,2.43022,0,0,0.613463,0.0852784,0.36288,3.6288,52.7004,1.01492,0,0,0.149023,0.349636,0,0.66528,12.849,1,0.807149,0.36288,0,9.21335,4.91657,3.85252,0.84672,12.849,0.84672,3695.15,0,18.483,0.347926,0.204422,1.8753,0.995967,1.19752,1.53024,0.42336,0,0,18.483,0.42336,442.007,0,0.177102,0,0,0.381524,0.204422,1.028160,1,0,5.38276,0,0,0,5.38276,0
34.1972,2.3936,0,0,0.67754,0.145544,0.36288,3.6288,51.6481,0.949399,0,0,0.199091,0.301994,0,0.66528,12.849,1,0.844424,0.36288,0,8.71249,3.72582,4.50512,0.84672,12.849,0.84672,3695.15,0,18.483,0.332971,0.216518,1.79645,1.26386,0.920199,2.02365,0.42336,0,0,18.483,0.42336,442.007,0,0.25789,0,0,0.474409,0.216518,1.028160,1,0,6.52878,0,0,0,6.52878,0
31.9318,2.39196,0,0,0.63536,0.145898,0.36288,3.6288,50.6211,0.939807,0,0,0.2141,0.30133,0,0.66528,12.849,1,0.84672,0.36288,0,10.3658,3.75837,6.12354,0.84672,12.849,0.84672,3695.15,0,18.483,0.336323,0.216518,1.79681,1.33092,0.938838,2.06909,0.42336,0,0,18.483,0.42336,442.007,0,0.264442,0,0,0.48096,0.216518,1.028160,1,0,8.19263,0,0,0,8.19263,0
29.7414,2.39261,0,0,0.706951,0.141849,0.36288,3.6288,49.6747,0.888026,0,0,0.240502,0.298827,0,0.66528,12.849,1,0.84672,0.36288,0,15.6284,3.75837,11.3862,0.84672,12.849,0.84672,3695.15,0,18.483,0.32424,0.216518,1.79717,1.53549,0.938838,2.28611,0.42336,0,0,18.483,0.42336,442.007,0,0.328619,0,0,0.545137,0.216518,1.028160,1,0,13.6723,0,0,0,13.6723,0
27.9317,2.30957,0,0,0.963412,0.100621,0.36288,3.6288,48.9677,0.752134,0,0,0.269783,0.224706,0,0.66528,12.849,1,0.84672,0.36288,0,17.8306,4.31869,13.0281,0.84672,12.849,0.84672,3695.15,0,18.483,0.279854,0.216518,1.79754,1.68628,0.893076,2.5274,0.42336,0,0,18.483,0.42336,442.007,0,0.438299,0,0,0.654817,0.216518,1.028160,1,0,15.5555,0,0,0,15.5555,0
26.8079,2.31021,0,0,1.69349,0.144214,0.36288,3.6288,48.2551,0.75147,0,0,0.224372,0.185486,0,0.66528,12.849,1,0.84672,0.36288,0,19.7752,4.64017,14.6512,0.84672,12.849,0.84672,3695.15,0,18.483,0.283645,0.216518,1.72743,1.70493,0.998783,2.36645,0.42336,0,0,18.483,0.42336,442.007,0,0.43547,0,0,0.651988,0.216518,1.028160,1,0,17.0177,0,0,0,17.0177,0
25.3776,2.31085,0,0,1.40925,0.165833,0.36288,3.6288,47.3013,0.930189,0,0,0.157042,0.180673,0,0.66528,12.849,1,0.84672,0.36288,0,16.0663,4.67911,10.9034,0.84672,12.849,0.84672,3695.15,0,18.483,0.356287,0.292723,1.72778,1.42344,1.04839,2.03927,0.42336,0,0,18.483,0.42336,442.007,0,0.184407,0,0,0.47713,0.292723,1.028160,1,0,12.9427,0,0,0,12.9427,0
24.662,2.31149,0,0,2.12129,0.162514,0.36288,3.6288,47.1838,0.318548,0,0,0.380303,0.17924,0,0.66528,12.849,1,0.84672,0.36288,0,25.0534,4.67911,19.8905,0.84672,12.849,0.84672,3695.15,0,18.483,0.124473,0.350888,1.72813,2.88632,1.04839,3.79248,0.42336,0,0,18.483,0.42336,442.007,0,1.02816,0,0,1.37905,0.350888,1.028160,1,0,23.6829,0,0,0,23.6829,0
26.6027,2.07424,0,0,4.53966,0.161848,0.36288,3.6288,47.5591,0.212337,0,0,0.763097,0.175429,0,0.66528,12.849,1,0.84672,0.36288,0,59.1644,4.20619,54.4744,0.84672,12.849,0.84672,3695.15,0,18.483,0.0831774,1.43607,1.72848,4.73102,0.960535,6.85186,0.42336,0,0,18.483,0.42336,442.007,0,1.02816,0,0,2.46423,1.43607,1.028160,1,0,61.3262,0,0,0,61.3262,0
26.1181,2.07483,0,0,2.11336,0.160317,0.36288,3.6288,47.4553,0.252904,0,0,0.311173,0.162039,0,0.66528,12.849,1,0.84672,0.36288,0,28.7023,3.74836,24.47,0.84672,12.849,0.84672,3695.15,0,18.483,0.0982867,0.292723,1.57006,3.91631,0.897368,4.78344,0.42336,0,0,18.483,0.42336,442.007,0,0.972752,0,0,1.26547,0.292723,1.028160,1,0,29.2535,0,0,0,29.2535,0
26.1727,2.07542,0,0,2.65518,0.16224,0.36288,3.6288,47.0225,0.557482,0,0,0.276846,0.152183,0,0.66528,12.849,1,0.84672,0.36288,0,36.8519,3.75344,32.6147,0.84672,12.849,0.84672,3695.15,0,18.483,0.217129,0.412474,1.57038,3.44264,0.928948,4.27941,0.42336,0,0,18.483,0.42336,442.007,0,0.549599,0,0,0.962073,0.412474,1.028160,1,0,36.8941,0,0,0,36.8941,0
26.8656,2.07601,0,0,3.29418,0.162365,0.36288,3.6288,46.7011,0.66961,0,0,0.499867,0.151632,0,0.66528,12.849,1,0.84672,0.36288,0,45.7671,3.75344,41.5298,0.84672,12.849,0.84672,3695.15,0,18.483,0.263201,0.412474,1.57069,3.27821,0.928948,4.06923,0.42336,0,0,18.483,0.42336,442.007,0,0.391668,0,0,0.804142,0.412474,1.028160,1,0,45.5991,0,0,0,45.5991,0
27.3574,2.07661,0,0,3.09519,0.163954,0.36288,3.6288,47.0357,0.333835,0,0,0.819574,0.151218,0,0.66528,12.849,1,0.84672,0.36288,0,43.097,3.75344,38.8597,0.84672,12.849,0.84672,3695.15,0,18.483,0.132123,0.412474,1.57101,4.38763,0.928948,5.31005,0.42336,0,0,18.483,0.42336,442.007,0,0.85879,0,0,1.27126,0.412474,1.028160,1,0,44.1698,0,0,0,44.1698,0
31.426,2.16878,0,0,6.7786,0.178274,0.36288,3.6288,47.8003,0.243864,0,0,1.21446,0.205946,0,0.66528,12.849,1,0.84672,0.36288,0,156.279,4.22866,151.566,0.84672,12.849,0.84672,3695.15,0,18.483,0.0958282,1.13948,1.57133,7.22192,1.09059,8.74631,0.42336,0,0,18.483,0.42336,442.007,0,1.02816,0,0,2.16764,1.13948,1.028160,1,0,160.312,0,0,0,160.312,0
34.2171,2.16937,0,0,5.51075,0.187443,0.36288,3.6288,48.3869,0.245161,0,0,1.03354,0.201779,0,0.66528,12.849,1,0.84672,0.36288,0,89.6841,4.26972,84.9305,0.84672,12.849,0.84672,3695.15,0,18.483,0.0947966,1.27113,1.62191,5.57659,1.09985,7.27498,0.42336,0,0,18.483,0.42336,442.007,0,1.02816,0,0,2.29929,1.27113,1.028160,1,0,92.2055,0,0,0,92.2055,0
37.018,2.19312,0,0,5.55101,0.194078,0.36288,3.6288,49.1755,0.246184,0,0,1.23751,0.202767,0,0.66528,12.849,1,0.823548,0.36288,0,149.45,4.26972,144.719,0.84672,12.849,0.84672,3695.15,0,18.483,0.0940382,1.16828,1.62222,6.57573,1.09985,8.17235,0.42336,0,0,18.483,0.42336,442.007,0,1.02816,0,0,2.19644,1.16828,1.028160,1,0,152.892,0,0,0,152.892,0
38.6671,2.23981,0,0,4.45254,0.200735,0.36288,3.6288,49.5811,0.247473,0,0,0.857157,0.204095,0,0.66528,12.849,1,0.777441,0.36288,0,100.532,4.26972,95.8473,0.84672,12.849,0.84672,3695.15,0,18.483,0.0930146,0.917801,1.62254,4.3194,1.09985,5.66688,0.42336,0,0,18.483,0.42336,442.007,0,1.02816,0,0,1.94596,0.917801,1.028160,1,0,101.514,0,0,0,101.514,0
39.674,2.48607,0,0,4.05677,0.200958,0.36288,3.6288,50.5396,0.365467,0,0,1.50422,0.18025,0,0.66528,12.849,1,0.826117,0.36288,0,95.974,3.5823,91.9284,0.84672,12.849,0.84672,3695.15,0,18.483,0.13624,0.811529,1.62285,5.77595,0.997906,7.07619,0.42336,0,0,18.483,0.42336,442.007,0,1.02816,0,0,1.83969,0.811529,1.028160,1,0,99.0046,0,0,0,99.0046,0
42.8024,2.50239,0,0,6.19415,0.200504,0.36288,3.6288,51.4607,0.367576,0,0,1.45181,0.163129,0,0.66528,12.849,1,0.810437,0.36288,0,152.085,3.06673,148.57,0.84672,12.849,0.84672,3695.15,0,18.483,0.134427,1.57368,1.80268,8.31401,0.921449,10.6345,0.42336,0,0,18.483,0.42336,442.007,0,1.02816,0,0,2.60184,1.57368,1.028160,1,0,159.205,0,0,0,159.205,0
45.2965,2.54845,0,0,5.65019,0.244686,0.36288,3.6288,52.3451,0.369564,0,0,1.40363,0.149631,0,0.66528,12.849,1,0.765027,0.36288,0,129.869,3.17917,126.287,0.84672,12.849,0.84672,3695.15,0,18.483,0.132735,1.8045,1.80303,7.11593,0.874227,9.7165,0.42336,0,0,18.483,0.42336,442.007,0,1.02816,0,0,2.83266,1.8045,1.028160,1,0,136.004,0,0,0,136.004,0
51.175,2.58176,0,0,9.10423,0.281097,0.36288,3.6288,53.0135,0.371441,0,0,1.22571,0.185895,0,0.66528,12.849,1,0.732353,0.36288,0,189.13,3.08784,185.673,0.84672,12.849,0.84672,3695.15,0,18.483,0.131155,1.42645,1.80338,8.23444,0.926312,10.4068,0.42336,0,0,18.483,0.42336,442.007,0,1.02816,0,0,2.45461,1.42645,1.028160,1,0,196.08,0,0,0,196.08,0
51.8346,2.31367,0,0,3.62152,0.285368,0.36288,3.6288,53.6836,0.258264,0,0,1.07654,0.148144,0,0.66528,12.849,1,0.580916,0.36288,0,124.018,2.62152,121.178,0.84672,12.849,0.84672,3695.15,0,18.483,0.0900431,0.608429,1.80373,6.89098,0.835968,8.37712,0.42336,0,0,18.483,0.42336,442.007,0,0.966574,0,0,1.575,0.608429,1.028160,1,0,129.555,0,0,0,129.555,0
53.764,2.32005,0,0,4.88887,0.276568,0.36288,3.6288,54.6068,0.213477,0,0,1.25638,0.11972,0,0.66528,12.849,1,0.575104,0.36288,0,104.947,2.27178,102.463,0.84672,12.849,0.84672,3695.15,0,18.483,0.0734991,0.853174,1.55832,8.9227,0.768209,10.4925,0.42336,0,0,18.483,0.42336,442.007,0,1.02816,0,0,1.88133,0.853174,1.028160,1,0,112.956,0,0,0,112.956,0
54.9707,2.33716,0,0,4.18886,0.282103,0.36288,3.6288,55.2066,0.274351,0,0,0.994637,0.120477,0,0.66528,12.849,1,0.558554,0.36288,0,100.818,2.27178,98.3501,0.84672,12.849,0.84672,3695.15,0,18.483,0.0928606,0.558835,1.55863,8.3643,0.768209,9.62069,0.42336,0,0,18.483,0.42336,442.007,0,0.94818,0,0,1.50701,0.558835,1.028160,1,0,107.971,0,0,0,107.971,0
56.1586,2.34755,0,0,4.15859,0.260289,0.36288,3.6288,55.9411,0.215378,0,0,1.07101,0.121196,0,0.66528,12.849,1,0.548722,0.36288,0,114.133,2.45991,111.487,0.84672,12.849,0.84672,3695.15,0,18.483,0.0721077,0.900133,1.55893,7.28991,0.827363,8.8495,0.42336,0,0,18.483,0.42336,442.007,0,1.02816,0,0,1.92829,0.900133,1.028160,1,0,120.336,0,0,0,120.336,0
57.4924,2.35745,0,0,4.31941,0.26526,0.36288,3.6288,56.7846,0.216281,0,0,1.20538,0.145503,0,0.66528,12.849,1,0.539381,0.36288,0,86.6471,3.34458,83.126,0.84672,12.849,0.84672,3695.15,0,18.483,0.0714594,0.72887,1.55923,7.52935,0.960624,8.78536,0.42336,0,0,18.483,0.42336,442.007,0,1.02816,0,0,1.75703,0.72887,1.028160,1,0,91.9114,0,0,0,91.9114,0
57.6712,2.45466,0,0,3.25785,0.261486,0.36288,3.6288,56.9603,0.591267,0,0,0.917188,0.150289,0,0.66528,12.849,1,0.548594,0.36288,0,55.1559,2.33226,52.638,0.84672,12.849,0.84672,3695.15,0,18.483,0.192453,0.558835,1.55953,4.11557,0.789266,5.25222,0.42336,0,0,18.483,0.42336,442.007,0,0.585369,0,0,1.1442,0.558835,1.028160,1,0,57.8902,0,0,0,57.8902,0
58.0282,2.45653,0,0,3.43829,0.261944,0.36288,3.6288,57.1504,0.563448,0,0,0.904012,0.150461,0,0.66528,12.849,1,0.547308,0.36288,0,71.2131,2.33226,68.6964,0.84672,12.849,0.84672,3695.15,0,18.483,0.182833,0.528595,1.62057,3.99183,0.789266,5.16889,0.42336,0,0,18.483,0.42336,442.007,0,0.623074,0,0,1.15167,0.528595,1.028160,1,0,73.8653,0,0,0,73.8653,0
57.7286,2.45976,0,0,2.78589,0.262859,0.36288,3.6288,57.151,0.578875,0,0,0.730184,0.150647,0,0.66528,12.849,1,0.544658,0.36288,0,49.4791,2.33226,46.9651,0.84672,12.849,0.84672,3695.15,0,18.483,0.187214,0.528595,1.62088,3.21849,0.789266,4.39148,0.42336,0,0,18.483,0.42336,442.007,0,0.60353,0,0,1.13213,0.528595,1.028160,1,0,51.3566,0,0,0,51.3566,0
57.5288,2.45793,0,0,2.876,0.25496,0.36288,3.6288,57.1606,0.484027,0,0,0.626956,0.133419,0,0.66528,12.849,1,0.547075,0.36288,0,49.2705,1.98153,47.1048,0.84672,12.849,0.84672,3695.15,0,18.483,0.156537,0.528595,1.6212,2.77576,0.740119,4.0289,0.42336,0,0,18.483,0.42336,442.007,0,0.72932,0,0,1.25791,0.528595,1.028160,1,0,51.1337,0,0,0,51.1337,0
57.3065,2.42299,0,0,2.76003,0.196424,0.36288,3.6288,57.5512,0.373267,0,0,0.912583,0.148702,0,0.66528,12.849,1,0.541172,0.36288,0,55.4415,3.09661,52.1666,0.84672,12.849,0.84672,3695.15,0,18.483,0.120697,0.528595,1.62151,3.29618,0.910666,4.41492,0.42336,0,0,18.483,0.42336,442.007,0,0.855611,0,0,1.38421,0.528595,1.028160,1,0,56.5815,0,0,0,56.5815,0
56.7617,2.42174,0,0,2.44539,0.205556,0.36288,3.6288,57.8225,0.41399,0,0,0.866428,0.181104,0,0.66528,12.849,1,0.542991,0.36288,0,49.032,3.70893,45.143,0.84672,12.849,0.84672,3695.15,0,18.483,0.132956,0.528595,1.59816,3.16424,0.985671,4.17238,0.42336,0,0,18.483,0.42336,442.007,0,0.802889,0,0,1.33148,0.528595,1.028160,1,0,49.3153,0,0,0,49.3153,0
56.1021,2.41796,0,0,2.25164,0.13044,0.36288,3.6288,57.9666,0.399897,0,0,0.763811,0.219796,0,0.66528,12.849,1,0.547347,0.36288,0,44.8253,4.05489,40.5859,0.84672,12.849,0.84672,3695.15,0,18.483,0.127827,0.402797,1.59847,2.94922,1.00633,3.81634,0.42336,0,0,18.483,0.42336,442.007,0,0.822373,0,0,1.22517,0.402797,1.028160,1,0,44.4023,0,0,0,44.4023,0
55.3924,2.41319,0,0,2.19596,0.129591,0.36288,3.6288,58.3187,0.281682,0,0,0.853805,0.220001,0,0.66528,12.849,1,0.55269,0.36288,0,43.4195,4.05489,39.1748,0.84672,12.849,0.84672,3695.15,0,18.483,0.0898158,0.402797,1.59878,3.49088,1.00633,4.39631,0.42336,0,0,18.483,0.42336,442.007,0,0.97886,0,0,1.38166,0.402797,1.028160,1,0,43.5712,0,0,0,43.5712,0
54.548,2.52213,0,0,2.16146,0.120878,0.36288,3.6288,58.6086,0.303513,0,0,0.805706,0.212319,0,0.66528,12.849,1,0.585041,0.36288,0,42.7113,3.95769,38.5315,0.84672,12.849,0.84672,3695.15,0,18.483,0.0961926,0.402797,1.59909,2.91756,0.985928,3.83733,0.42336,0,0,18.483,0.42336,442.007,0,1.02394,0,0,1.42673,0.402797,1.028160,1,0,42.3688,0,0,0,42.3688,0
53.6354,2.51529,0,0,2.07514,0.109546,0.36288,3.6288,58.8956,0.300872,0,0,0.789653,0.201786,0,0.66528,12.849,1,0.592486,0.36288,0,39.7437,3.82809,35.686,0.84672,12.849,0.84672,3695.15,0,18.483,0.094884,0.645227,1.68219,2.65732,0.958726,3.93112,0.42336,0,0,18.483,0.42336,442.007,0,1.02816,0,0,1.67339,0.645227,1.028160,1,0,39.6171,0,0,0,39.6171,0
52.449,2.50764,0,0,1.79263,0.108538,0.36288,3.6288,59.0798,0.301434,0,0,0.687822,0.202159,0,0.66528,12.849,1,0.600735,0.36288,0,35.8493,3.82809,31.7833,0.84672,12.849,0.84672,3695.15,0,18.483,0.0945978,0.495668,1.68251,2.42174,0.958726,3.5466,0.42336,0,0,18.483,0.42336,442.007,0,1.02816,0,0,1.52383,0.495668,1.028160,1,0,35.3299,0,0,0,35.3299,0
51.073,2.49721,0,0,1.59134,0.107226,0.36288,3.6288,59.1672,0.301868,0,0,0.591601,0.202398,0,0.66528,12.849,1,0.611768,0.36288,0,33.9243,3.82809,29.8473,0.84672,12.849,0.84672,3695.15,0,18.483,0.0944388,0.389819,1.68284,2.39471,0.958726,3.41421,0.42336,0,0,18.483,0.42336,442.007,0,1.02816,0,0,1.41798,0.389819,1.028160,1,0,33.2615,0,0,0,33.2615,0
49.6825,2.48452,0,0,1.55748,0.100579,0.36288,3.6288,59.2783,0.302184,0,0,0.62337,0.210052,0,0.66528,12.849,1,0.625058,0.36288,0,32.561,3.98803,28.3107,0.84672,12.849,0.84672,3695.15,0,18.483,0.0943982,0.437149,1.68317,2.54778,0.990267,3.58343,0.42336,0,0,18.483,0.42336,442.007,0,1.02816,0,0,1.46531,0.437149,1.028160,1,0,31.8942,0,0,0,31.8942,0
48.8171,2.44897,0,0,2.04238,0.0959701,0.36288,3.6288,59.548,0.333153,0,0,0.824239,0.221351,0,0.66528,12.849,1,0.633357,0.36288,0,38.7517,4.263,34.2182,0.84672,12.849,0.84672,3695.15,0,18.483,0.103877,0.60626,1.68349,3.84769,0.992662,5.04091,0.42336,0,0,18.483,0.42336,442.007,0,1.02816,0,0,1.63442,0.60626,1.028160,1,0,39.2591,0,0,0,39.2591,0
47.8734,2.44055,0,0,1.94322,0.0834638,0.36288,3.6288,59.7742,0.333729,0,0,0.804635,0.244791,0,0.66528,12.849,1,0.64237,0.36288,0,36.526,4.58875,31.6578,0.84672,12.849,0.84672,3695.15,0,18.483,0.103585,0.583995,1.70963,3.74032,1.10291,4.82745,0.42336,0,0,18.483,0.42336,442.007,0,1.02816,0,0,1.61215,0.583995,1.028160,1,0,36.4852,0,0,0,36.4852,0
46.6934,2.43104,0,0,1.68152,0.067609,0.36288,3.6288,59.9263,0.334244,0,0,0.757063,0.270626,0,0.66528,12.849,1,0.652479,0.36288,0,34.0762,5.2943,28.4923,0.84672,12.849,0.84672,3695.15,0,18.483,0.103353,0.47253,1.70996,3.73563,1.3505,4.46427,0.42336,0,0,18.483,0.42336,442.007,0,1.02816,0,0,1.50069,0.47253,1.028160,1,0,32.9565,0,0,0,32.9565,0
45.4936,2.41857,0,0,1.64869,0.0669815,0.36288,3.6288,60.073,0.334662,0,0,0.748259,0.266904,0,0.66528,12.849,1,0.665538,0.36288,0,31.4938,5.4977,25.6935,0.84672,12.849,0.84672,3695.15,0,18.483,0.103219,0.563691,1.71029,3.68282,1.42594,4.42764,0.42336,0,0,18.483,0.42336,442.007,0,1.02816,0,0,1.59185,0.563691,1.028160,1,0,30.1211,0,0,0,30.1211,0
44.2001,2.46149,0,0,1.59514,0.0643091,0.36288,3.6288,60.0679,0.362471,0,0,0.652928,0.295646,0,0.66528,12.849,1,0.695211,0.36288,0,27.6019,5.77212,21.4974,0.84672,12.849,0.84672,3695.15,0,18.483,0.111524,0.331569,1.71063,2.98274,1.46286,3.45056,0.42336,0,0,18.483,0.42336,442.007,0,1.02816,0,0,1.35973,0.331569,1.028160,1,0,24.948,0,0,0,24.948,0
42.9126,2.4462,0,0,1.58422,0.062673,0.36288,3.6288,59.9607,0.362686,0,0,0.562523,0.307032,0,0.66528,12.849,1,0.711111,0.36288,0,34.8061,5.88189,28.5759,0.84672,12.849,0.84672,3695.15,0,18.483,0.111599,0.343017,1.75213,2.92445,1.47762,3.43038,0.42336,0,0,18.483,0.42336,442.007,0,1.02816,0,0,1.37118,0.343017,1.028160,1,0,32.0063,0,0,0,32.0063,0
41.5411,2.43025,0,0,1.48341,0.0617544,0.36288,3.6288,59.8142,0.362756,0,0,0.523125,0.306822,0,0.66528,12.849,1,0.727671,0.36288,0,27.9459,5.88189,21.6992,0.84672,12.849,0.84672,3695.15,0,18.483,0.11182,0.317598,1.75247,2.63616,1.47762,3.11678,0.42336,0,0,18.483,0.42336,442.007,0,1.02816,0,0,1.34576,0.317598,1.028160,1,0,24.816,0,0,0,24.816,0
40.0557,2.41237,0,0,1.35058,0.0607759,0.36288,3.6288,59.5522,0.452072,0,0,0.49664,0.306536,0,0.66528,12.849,1,0.746164,0.36288,0,25.4689,5.88189,19.2037,0.84672,12.849,0.84672,3695.15,0,18.483,0.139693,0.227405,1.75281,2.45894,1.47762,2.82183,0.42336,0,0,18.483,0.42336,442.007,0,0.911261,0,0,1.13867,0.227405,1.028160,1,0,22.0256,0,0,0,22.0256,0
38.7273,2.55162,0,0,1.64157,0.0554506,0.36288,3.6288,59.3834,0.461387,0,0,0.598164,0.305656,0,0.66528,12.849,1,0.818505,0.36288,0,28.7683,5.97522,22.3374,0.84672,12.849,0.84672,3695.15,0,18.483,0.143199,0.514261,1.75315,3.86389,1.51407,4.47403,0.42336,0,0,18.483,0.42336,442.007,0,1.02816,0,0,1.54242,0.514261,1.028160,1,0,26.8115,0,0,0,26.8115,0
37.4871,2.53103,0,0,1.7043,0.0505845,0.36288,3.6288,59.0976,0.461317,0,0,0.495111,0.319587,0,0.66528,12.849,1,0.839749,0.36288,0,35.3238,6.09179,28.7551,0.84672,12.849,0.84672,3695.15,0,18.483,0.143584,0.244581,1.89302,3.17509,1.56679,3.60231,0.42336,0,0,18.483,0.42336,442.007,0,1.02816,0,0,1.27274,0.244581,1.028160,1,0,32.3574,0,0,0,32.3574,0
36.3645,2.52471,0,0,1.81482,0.0498564,0.36288,3.6288,58.9265,0.461029,0,0,0.609004,0.319002,0,0.66528,12.849,1,0.84672,0.36288,0,44.9506,6.09179,38.375,0.84672,12.849,0.84672,3695.15,0,18.483,0.144189,0.540493,1.89339,3.54645,1.56679,4.26935,0.42336,0,0,18.483,0.42336,442.007,0,1.02816,0,0,1.56865,0.540493,1.028160,1,0,42.6444,0,0,0,42.6444,0
34.9201,2.52536,0,0,1.49304,0.0491973,0.36288,3.6288,58.4683,0.583119,0,0,0.443534,0.318652,0,0.66528,12.849,1,0.84672,0.36288,0,41.1819,6.09179,34.6062,0.84672,12.849,0.84672,3695.15,0,18.483,0.182902,0.204422,1.89375,2.90469,1.56679,3.25317,0.42336,0,0,18.483,0.42336,442.007,0,0.867672,0,0,1.07209,0.204422,1.028160,1,0,37.8594,0,0,0,37.8594,0
33.8434,2.52601,0,0,1.86059,0.0483493,0.36288,3.6288,58.4586,0.46033,0,0,0.76833,0.317715,0,0.66528,12.849,1,0.84672,0.36288,0,40.1426,6.09179,33.5669,0.84672,12.849,0.84672,3695.15,0,18.483,0.145519,1.09048,1.89412,4.53034,1.56679,5.80263,0.42336,0,0,18.483,0.42336,442.007,0,1.02816,0,0,2.11864,1.09048,1.028160,1,0,39.3696,0,0,0,39.3696,0
32.9138,2.42374,0,0,1.86577,0.00873613,0.36288,3.6288,58.0354,0.43311,0,0,0.346958,0.336986,0,0.66528,12.849,1,0.84672,0.36288,0,23.7809,5.85189,17.4452,0.84672,12.849,0.84672,3695.15,0,18.483,0.136938,0.204422,1.89449,1.70519,1.5966,2.07056,0.42336,0,0,18.483,0.42336,442.007,0,0.985643,0,0,1.19006,0.204422,1.028160,1,0,19.5157,0,0,0,19.5157,0
31.9992,2.42437,0,0,1.95143,0.0788374,0.36288,3.6288,57.8015,0.400334,0,0,0.442771,0.276408,0,0.66528,12.849,1,0.84672,0.36288,0,22.1183,4.32684,17.3076,0.84672,12.849,0.84672,3695.15,0,18.483,0.127497,0.40392,1.81481,2.05292,1.22899,2.91516,0.42336,0,0,18.483,0.42336,442.007,0,1.02816,0,0,1.43208,0.40392,1.028160,1,0,20.2228,0,0,0,20.2228,0
31.0834,2.425,0,0,1.95623,0.0840923,0.36288,3.6288,57.6177,0.400171,0,0,0.495315,0.278942,0,0.66528,12.849,1,0.84672,0.36288,0,25.2238,4.37567,20.3643,0.84672,12.849,0.84672,3695.15,0,18.483,0.127961,0.429494,1.81516,2.24762,1.25695,3.10737,0.42336,0,0,18.483,0.42336,442.007,0,1.02816,0,0,1.45765,0.429494,1.028160,1,0,23.4717,0,0,0,23.4717,0
30.3124,2.42564,0,0,2.10061,0.0831228,0.36288,3.6288,57.4599,0.400089,0,0,0.520891,0.27861,0,0.66528,12.849,1,0.84672,0.36288,0,37.0545,4.37567,32.1949,0.84672,12.849,0.84672,3695.15,0,18.483,0.128343,0.53581,1.81551,2.46188,1.25695,3.42791,0.42336,0,0,18.483,0.42336,442.007,0,1.02816,0,0,1.56397,0.53581,1.028160,1,0,35.6229,0,0,0,35.6229,0
29.6111,2.34172,0,0,2.11589,0.112544,0.36288,3.6288,57.4801,0.345852,0,0,0.620774,0.254643,0,0.66528,12.849,1,0.84672,0.36288,0,47.3469,4.76788,42.0951,0.84672,12.849,0.84672,3695.15,0,18.483,0.111249,0.725622,1.81586,2.98887,1.24476,4.17435,0.42336,0,0,18.483,0.42336,442.007,0,1.02816,0,0,1.75378,0.725622,1.028160,1,0,46.2695,0,0,0,46.2695,0
29.8005,2.34234,0,0,3.02853,0.133979,0.36288,3.6288,57.5515,0.346099,0,0,0.654349,0.236912,0,0.66528,12.849,1,0.84672,0.36288,0,32.2903,5.06205,26.7444,0.84672,12.849,0.84672,3695.15,0,18.483,0.11129,0.613699,1.74503,2.60303,1.23562,3.61485,0.42336,0,0,18.483,0.42336,442.007,0,1.02816,0,0,1.64186,0.613699,1.028160,1,0,30.3592,0,0,0,30.3592,0
30.6426,2.34295,0,0,3.68228,0.134321,0.36288,3.6288,57.7703,0.34642,0,0,0.802259,0.237021,0,0.66528,12.849,1,0.84672,0.36288,0,78.627,5.06205,73.0811,0.84672,12.849,0.84672,3695.15,0,18.483,0.111255,1.52628,1.74536,5.38317,1.23562,7.30794,0.42336,0,0,18.483,0.42336,442.007,0,1.02816,0,0,2.55444,1.52628,1.028160,1,0,80.3891,0,0,0,80.3891,0
30.9046,2.34357,0,0,3.07002,0.101617,0.36288,3.6288,57.7934,0.346957,0,0,0.606843,0.236805,0,0.66528,12.849,1,0.84672,0.36288,0,62.0446,4.94393,56.6169,0.84672,12.849,0.84672,3695.15,0,18.483,0.111005,1.4176,1.7457,4.64213,1.18541,6.50902,0.42336,0,0,18.483,0.42336,442.007,0,1.02816,0,0,2.44576,1.4176,1.028160,1,0,63.1259,0,0,0,63.1259,0
32.2446,2.10387,0,0,3.94453,0.137732,0.36288,3.6288,58.1108,0.234082,0,0,0.764945,0.213483,0,0.66528,12.849,1,0.84672,0.36288,0,58.9971,4.52083,53.9924,0.84672,12.849,0.84672,3695.15,0,18.483,0.0748623,1.54364,1.74604,7.45913,1.06116,9.61278,0.42336,0,0,18.483,0.42336,442.007,0,1.02816,0,0,2.5718,1.54364,1.028160,1,0,63.6052,0,0,0,63.6052,0
32.4147,2.11026,0,0,2.83983,0.196624,0.36288,3.6288,58.4605,0.234589,0,0,0.791251,0.206939,0,0.66528,12.849,1,0.840906,0.36288,0,73.6936,3.91839,69.2972,0.84672,12.849,0.84672,3695.15,0,18.483,0.0746144,1.16455,1.58599,6.04435,0.988016,7.73226,0.42336,0,0,18.483,0.42336,442.007,0,1.02816,0,0,2.19271,1.16455,1.028160,1,0,77.0294,0,0,0,77.0294,0
32.3633,2.11382,0,0,2.6224,0.197044,0.36288,3.6288,58.7693,0.235124,0,0,0.751369,0.207406,0,0.66528,12.849,1,0.837909,0.36288,0,56.0872,3.91839,51.6938,0.84672,12.849,0.84672,3695.15,0,18.483,0.0743373,1.03101,1.58629,5.79692,0.988016,7.35187,0.42336,0,0,18.483,0.42336,442.007,0,1.02816,0,0,2.05917,1.03101,1.028160,1,0,59.0457,0,0,0,59.0457,0
33.0214,2.11328,0,0,3.33088,0.196603,0.36288,3.6288,59.0474,0.235618,0,0,0.726814,0.213119,0,0.66528,12.849,1,0.839022,0.36288,0,63.1462,4.08376,58.5863,0.84672,12.849,0.84672,3695.15,0,18.483,0.074102,1.07613,1.5866,5.7195,1.03936,7.26877,0.42336,0,0,18.483,0.42336,442.007,0,1.02816,0,0,2.10429,1.07613,1.028160,1,0,65.8551,0,0,0,65.8551,0
34.0135,2.12573,0,0,3.67699,0.196327,0.36288,3.6288,59.2977,0.23608,0,0,0.731748,0.245357,0,0.66528,12.849,1,0.827144,0.36288,0,64.8213,5.07602,59.2811,0.84672,12.849,0.84672,3695.15,0,18.483,0.0738978,1.35804,1.58691,6.10259,1.3474,7.62625,0.42336,0,0,18.483,0.42336,442.007,0,1.02816,0,0,2.3862,1.35804,1.028160,1,0,66.9073,0,0,0,66.9073,0
37.4885,2.2108,0,0,6.22481,0.176182,0.36288,3.6288,60.5804,0.269502,0,0,1.79502,0.242803,0,0.66528,12.849,1,0.835155,0.36288,0,145.657,4.19659,140.989,0.84672,12.849,0.84672,3695.15,0,18.483,0.0840034,1.88971,1.58721,14.1309,1.13593,16.3879,0.42336,0,0,18.483,0.42336,442.007,0,1.02816,0,0,2.91787,1.88971,1.028160,1,0,157.376,0,0,0,157.376,0
39.5955,2.26887,0,0,4.91638,0.177582,0.36288,3.6288,61.308,0.27106,0,0,1.49553,0.230245,0.266656,0.66528,12.849,1,0.777645,0.36288,0,88.0044,4.14582,83.4439,0.84672,12.849,0.84672,3695.15,0,18.483,0.0827,1.37476,1.63829,10.6977,1.12229,12.5058,0.42336,0,0,18.483,0.42336,442.007,0,1.02816,0,0,2.40292,1.37476,1.028160,1,0,96.2163,0,0,0,96.2163,0
41.6506,2.30054,0,0,4.90055,0.181988,0.36288,3.6288,61.308,0.272009,0,0,1.72713,0.231309,1.22381,0.66528,12.849,1,0.746539,0.36288,0,114.541,4.14582,110.012,0.84672,12.849,0.84672,3695.15,0,18.483,0.0820048,1.55519,1.63859,11.9552,1.12229,13.9447,0.42336,0,0,18.483,0.42336,442.007,0,1.02816,0,0,2.58335,1.55519,1.028160,1,0,125.18,0,0,0,125.18,0
42.5908,2.32912,0,0,3.81858,0.186461,0.36288,3.6288,61.308,0.272205,0,0,1.1987,0.231309,0.695182,0.66528,12.849,1,0.71852,0.36288,0,90.5947,4.14582,86.0933,0.84672,12.849,0.84672,3695.15,0,18.483,0.0820637,1.02805,1.63889,7.84547,1.12229,9.30805,0.42336,0,0,18.483,0.42336,442.007,0,1.02816,0,0,2.05621,1.02805,1.028160,1,0,96.0965,0,0,0,96.0965,0
42.9222,2.57014,0,0,3.45959,0.195166,0.36288,3.6288,61.308,0.397315,0,0,1.09682,0.226895,0.472605,0.66528,12.849,1,0.775372,0.36288,0,66.5885,3.88883,62.2872,0.84672,12.849,0.84672,3695.15,0,18.483,0.119782,0.638907,1.63919,7.09811,1.08183,8.1746,0.42336,0,0,18.483,0.42336,442.007,0,1.02816,0,0,1.66707,0.638907,1.028160,1,0,70.9344,0,0,0,70.9344,0
42.9042,2.57522,0,0,3.12498,0.204816,0.36288,3.6288,61.308,0.632892,0,0,1.24911,0.221009,0.395207,0.66528,12.849,1,0.770907,0.36288,0,71.8325,3.54616,67.8783,0.84672,12.849,0.84672,3695.15,0,18.483,0.190803,0.503194,1.82081,6.69177,1.02787,7.79711,0.42336,0,0,18.483,0.42336,442.007,0,0.721846,0,0,1.22504,0.503194,1.028160,1,0,76.0706,0,0,0,76.0706,0
44.107,2.57544,0,0,4.34588,0.204774,0.36288,3.6288,61.308,0.397752,0,0,1.88136,0.221009,1.2626,0.66528,12.849,1,0.771297,0.36288,0,78.0685,3.54616,74.1139,0.84672,12.849,0.84672,3695.15,0,18.483,0.119914,1.27098,1.82115,6.65499,1.02787,8.59933,0.42336,0,0,18.483,0.42336,442.007,0,1.02816,0,0,2.29914,1.27098,1.028160,1,0,83.9758,0,0,0,83.9758,0
43.7266,2.59221,0,0,2.7823,0.20762,0.36288,3.6288,61.308,0.609875,0,0,0.946354,0.221009,0.115469,0.66528,12.849,1,0.755147,0.36288,0,53.3371,3.54616,49.3987,0.84672,12.849,0.84672,3695.15,0,18.483,0.183864,0.608429,1.82148,5.07871,1.02787,6.29689,0.42336,0,0,18.483,0.42336,442.007,0,0.752371,0,0,1.3608,0.608429,1.028160,1,0,55.8111,0,0,0,55.8111,0
44.545,2.25961,0,0,3.64525,0.204387,0.36288,3.6288,61.308,0.329988,0,0,1.0746,0.20884,0.535775,0.66528,12.849,1,0.663984,0.36288,0,74.4674,3.551,70.6153,0.84672,12.849,0.84672,3695.15,0,18.483,0.099484,0.608429,1.82182,8.30751,1.01717,9.6211,0.42336,0,0,18.483,0.42336,442.007,0,0.898586,0,0,1.50701,0.608429,1.028160,1,0,80.7722,0,0,0,80.7722,0
46.3791,2.2695,0,0,4.68466,0.218174,0.36288,3.6288,61.308,0.230617,0,0,1.2018,0.187036,0.784145,0.66528,12.849,1,0.654637,0.36288,0,103.063,3.52139,99.25,0.84672,12.849,0.84672,3695.15,0,18.483,0.0695258,0.717664,1.57394,8.61614,0.964486,9.87373,0.42336,0,0,18.483,0.42336,442.007,0,1.02816,0,0,1.74582,0.717664,1.028160,1,0,109.908,0,0,0,109.908,0
47.5855,2.29019,0,0,4.0822,0.222712,0.36288,3.6288,61.308,0.230804,0,0,1.28239,0.187036,0.864551,0.66528,12.849,1,0.634481,0.36288,0,91.1926,3.52139,87.3996,0.84672,12.849,0.84672,3695.15,0,18.483,0.0695824,0.596912,1.57423,7.41887,0.964486,8.55595,0.42336,0,0,18.483,0.42336,442.007,0,1.02816,0,0,1.62507,0.596912,1.028160,1,0,96.8201,0,0,0,96.8201,0
51.5375,2.30328,0,0,6.84331,0.225151,0.36288,3.6288,61.308,0.230992,0,0,1.85632,0.181309,1.44402,0.66528,12.849,1,0.62193,0.36288,0,185.465,3.43173,181.774,0.84672,12.849,0.84672,3695.15,0,18.483,0.069639,1.86052,1.57452,12.2853,0.949131,14.7015,0.42336,0,0,18.483,0.42336,442.007,0,1.02816,0,0,2.88868,1.86052,1.028160,1,0,197.919,0,0,0,197.919,0
55.5371,2.34188,0,0,6.93578,0.231442,0.36288,3.6288,61.308,0.23118,0,0,1.78147,0.146947,1.40335,0.66528,12.849,1,0.583864,0.36288,0,185.755,2.8938,182.64,0.84672,12.849,0.84672,3695.15,0,18.483,0.0696956,1.61167,1.57481,13.0305,0.857001,15.2903,0.42336,0,0,18.483,0.42336,442.007,0,1.02816,0,0,2.63983,1.61167,1.028160,1,0,199.334,0,0,0,199.334,0
58.7383,2.4633,0,0,6.2339,0.206509,0.36288,3.6288,61.308,0.272446,0,0,1.62116,0.158843,1.18987,0.66528,12.849,1,0.569907,0.36288,0,177.269,3.92143,173.14,0.84672,12.849,0.84672,3695.15,0,18.483,0.0821364,1.35278,1.5751,13.4025,1.08001,15.1683,0.42336,0,0,18.483,0.42336,442.007,0,1.02816,0,0,2.38094,1.35278,1.028160,1,0,189.498,0,0,0,189.498,0
60.3294,2.48924,0,0,4.65632,0.213113,0.36288,3.6288,61.308,0.272642,0,0,1.24908,0.158843,0.817601,0.66528,12.849,1,0.544522,0.36288,0,118.322,3.92143,114.219,0.84672,12.849,0.84672,3695.15,0,18.483,0.0821954,0.957226,1.63673,10.4694,1.08001,11.9012,0.42336,0,0,18.483,0.42336,442.007,0,1.02816,0,0,1.98539,0.957226,1.028160,1,0,126.938,0,0,0,126.938,0
61.2735,2.50154,0,0,4.02497,0.21639,0.36288,3.6288,61.308,0.272837,0,0,1.1393,0.158843,0.707625,0.66528,12.849,1,0.532781,0.36288,0,102.454,3.92143,98.3627,0.84672,12.849,0.84672,3695.15,0,18.483,0.0822543,0.89265,1.63703,9.30779,1.08001,10.6752,0.42336,0,0,18.483,0.42336,442.007,0,1.02816,0,0,1.92081,0.89265,1.028160,1,0,109.745,0,0,0,109.745,0
62.3424,2.50879,0,0,4.13569,0.195189,0.36288,3.6288,61.308,0.273032,0,0,1.09371,0.144629,0.67605,0.66528,12.849,1,0.526091,0.36288,0,92.4402,3.3707,88.9063,0.84672,12.849,0.84672,3695.15,0,18.483,0.0823132,0.712584,1.63733,9.87181,1.072,11.0674,0.42336,0,0,18.483,0.42336,442.007,0,1.02816,0,0,1.74074,0.712584,1.028160,1,0,100.65,0,0,0,100.65,0
63.1064,2.48204,0,0,3.78815,0.179206,0.36288,3.6288,61.308,0.257262,0,0,1.19365,0.176969,0.759419,0.66528,12.849,1,0.511559,0.36288,0,95.2292,3.71257,91.368,0.84672,12.849,0.84672,3695.15,0,18.483,0.0775587,0.632318,1.63763,8.00885,1.07263,9.12861,0.42336,0,0,18.483,0.42336,442.007,0,1.02816,0,0,1.66048,0.632318,1.028160,1,0,101.256,0,0,0,101.256,0
63.3156,2.48765,0,0,3.21539,0.155653,0.36288,3.6288,61.308,0.257454,0,0,1.06655,0.202906,0.606187,0.66528,12.849,1,0.506506,0.36288,0,80.8108,4.09238,76.5748,0.84672,12.849,0.84672,3695.15,0,18.483,0.0776168,0.537823,1.61404,6.64425,1.08072,7.63777,0.42336,0,0,18.483,0.42336,442.007,0,1.02816,0,0,1.56598,0.537823,1.028160,1,0,84.8187,0,0,0,84.8187,0
63.3179,2.4895,0,0,3.01058,0.155919,0.36288,3.6288,61.308,0.257647,0,0,1.0699,0.202906,0.609346,0.66528,12.849,1,0.505208,0.36288,0,74.3645,4.09238,70.1298,0.84672,12.849,0.84672,3695.15,0,18.483,0.0776749,0.492523,1.61434,6.29108,1.08072,7.23954,0.42336,0,0,18.483,0.42336,442.007,0,1.02816,0,0,1.52068,0.492523,1.028160,1,0,77.9787,0,0,0,77.9787,0
63.1908,2.48997,0,0,2.88174,0.155922,0.36288,3.6288,61.308,0.25784,0,0,1.32815,0.202906,0.867403,0.66528,12.849,1,0.505286,0.36288,0,70.8748,4.09238,66.64,0.84672,12.849,0.84672,3695.15,0,18.483,0.077733,0.817681,1.61463,7.54332,1.08072,8.81719,0.42336,0,0,18.483,0.42336,442.007,0,1.02816,0,0,1.84584,0.817681,1.028160,1,0,76.3246,0,0,0,76.3246,0
62.5824,2.60768,0,0,2.54583,0.18368,0.36288,3.6288,61.308,0.314694,0,0,1.01821,0.159572,0.54394,0.66528,12.849,1,0.530237,0.36288,0,57.5184,3.67906,53.672,0.84672,12.849,0.84672,3695.15,0,18.483,0.0948734,0.423671,1.61493,6.10223,0.927888,7.11807,0.42336,0,0,18.483,0.42336,442.007,0,1.02816,0,0,1.45183,0.423671,1.028160,1,0,61.334,0,0,0,61.334,0
61.5719,2.60388,0,0,2.10207,0.1458,0.36288,3.6288,61.308,0.480225,0,0,0.762057,0.210916,0.0709156,0.66528,12.849,1,0.534612,0.36288,0,40.7863,4.1055,36.5091,0.84672,12.849,0.84672,3695.15,0,18.483,0.144777,0.402797,1.69883,4.65182,1.08654,5.52213,0.42336,0,0,18.483,0.42336,442.007,0,0.812989,0,0,1.21579,0.402797,1.028160,1,0,42.1021,0,0,0,42.1021,0
60.4571,2.5971,0,0,1.97577,0.130609,0.36288,3.6288,61.308,0.400035,0,0,0.793619,0.214486,0.179098,0.66528,12.849,1,0.54197,0.36288,0,37.5685,4.21386,33.1756,0.84672,12.849,0.84672,3695.15,0,18.483,0.120602,0.30119,1.69915,4.72779,1.06648,5.54104,0.42336,0,0,18.483,0.42336,442.007,0,0.91762,0,0,1.21881,0.30119,1.028160,1,0,38.8957,0,0,0,38.8957,0
59.2741,2.58934,0,0,1.89859,0.129406,0.36288,3.6288,61.308,0.446841,0,0,0.808479,0.214486,0.147152,0.66528,12.849,1,0.550314,0.36288,0,35.4163,4.21386,31.015,0.84672,12.849,0.84672,3695.15,0,18.483,0.134713,0.30119,1.69946,4.71425,1.06648,5.51371,0.42336,0,0,18.483,0.42336,442.007,0,0.856967,0,0,1.15816,0.30119,1.028160,1,0,36.6759,0,0,0,36.6759,0
57.9814,2.58078,0,0,1.779,0.127971,0.36288,3.6288,61.308,0.507655,0,0,0.752414,0.214486,0.0302737,0.66528,12.849,1,0.559443,0.36288,0,33.1783,4.21386,28.7679,0.84672,12.849,0.84672,3695.15,0,18.483,0.153047,0.30119,1.69977,4.37091,1.06648,5.15234,0.42336,0,0,18.483,0.42336,442.007,0,0.778084,0,0,1.07927,0.30119,1.028160,1,0,33.9505,0,0,0,33.9505,0
56.9874,2.54802,0,0,2.0046,0.0877437,0.36288,3.6288,61.308,0.346881,0,0,0.751352,0.234978,0.169493,0.66528,12.849,1,0.564655,0.36288,0,39.2724,4.84858,34.2221,0.84672,12.849,0.84672,3695.15,0,18.483,0.104577,0.57532,1.70008,4.08695,1.17848,5.0793,0.42336,0,0,18.483,0.42336,442.007,0,1.02816,0,0,1.60348,0.57532,1.028160,1,0,39.4709,0,0,0,39.4709,0
55.8299,2.54045,0,0,1.83276,0.0868931,0.36288,3.6288,61.308,0.34709,0,0,0.73332,0.234978,0.151252,0.66528,12.849,1,0.572797,0.36288,0,38.718,4.84858,33.6595,0.84672,12.849,0.84672,3695.15,0,18.483,0.10464,0.604765,1.72647,4.03671,1.17848,5.08483,0.42336,0,0,18.483,0.42336,442.007,0,1.02816,0,0,1.63293,0.604765,1.028160,1,0,38.8956,0,0,0,38.8956,0
54.5249,2.53126,0,0,1.67503,0.0859027,0.36288,3.6288,61.308,0.347299,0,0,0.685765,0.234978,0.103488,0.66528,12.849,1,0.582558,0.36288,0,36.4177,4.84858,31.3494,0.84672,12.849,0.84672,3695.15,0,18.483,0.104703,0.367356,1.72679,3.84126,1.17848,4.65222,0.42336,0,0,18.483,0.42336,442.007,0,1.02816,0,0,1.39552,0.367356,1.028160,1,0,36.1051,0,0,0,36.1051,0
53.1134,2.52044,0,0,1.54022,0.0684312,0.36288,3.6288,61.308,0.347508,0,0,0.649866,0.278854,0.0235037,0.66528,12.849,1,0.593951,0.36288,0,32.6062,5.41318,26.9619,0.84672,12.849,0.84672,3695.15,0,18.483,0.104766,0.36828,1.7271,3.65742,1.38457,4.26347,0.42336,0,0,18.483,0.42336,442.007,0,1.02816,0,0,1.39644,0.36828,1.028160,1,0,31.2489,0,0,0,31.2489,0
51.6927,2.56673,0,0,1.57251,0.0635682,0.36288,3.6288,61.2917,0.375518,0,0,0.665817,0.30661,0,0.66528,12.849,1,0.620933,0.36288,0,29.7983,5.64368,23.8966,0.84672,12.849,0.84672,3695.15,0,18.483,0.11321,0.545599,1.72742,3.48205,1.5018,4.14006,0.42336,0,0,18.483,0.42336,442.007,0,1.02816,0,0,1.57376,0.545599,1.028160,1,0,28.0367,0,0,0,28.0367,0
50.1481,2.55353,0,0,1.44052,0.0687065,0.36288,3.6288,61.3078,0.375709,0,0,0.694561,0.302716,0,0.66528,12.849,1,0.634718,0.36288,0,29.115,5.49895,23.3442,0.84672,12.849,0.84672,3695.15,0,18.483,0.113298,0.611548,1.76932,3.41084,1.47379,4.20461,0.42336,0,0,18.483,0.42336,442.007,0,1.02816,0,0,1.63971,0.611548,1.028160,1,0,27.5488,0,0,0,27.5488,0
48.5057,2.53843,0,0,1.32647,0.0676041,0.36288,3.6288,61.308,0.375946,0,0,0.68053,0.302747,0.00166138,0.66528,12.849,1,0.650399,0.36288,0,27.4595,5.49895,21.673,0.84672,12.849,0.84672,3695.15,0,18.483,0.11334,0.527204,1.76964,3.3763,1.47379,4.08602,0.42336,0,0,18.483,0.42336,442.007,0,1.02816,0,0,1.55536,0.527204,1.028160,1,0,25.7607,0,0,0,25.7607,0
46.6708,2.52149,0,0,1.10127,0.0518248,0.36288,3.6288,61.301,0.376161,0,0,0.676832,0.307701,0,0.66528,12.849,1,0.667933,0.36288,0,26.0405,5.79324,19.9422,0.84672,12.849,0.84672,3695.15,0,18.483,0.113404,0.517735,1.76997,3.21545,1.45952,3.93022,0.42336,0,0,18.483,0.42336,442.007,0,1.02816,0,0,1.54589,0.517735,1.028160,1,0,23.8725,0,0,0,23.8725,0
44.5284,2.66841,0,0,0.949061,0.06012,0.36288,3.6288,61.131,0.476782,0,0,0.608341,0.301529,0,0.66528,12.849,1,0.734643,0.36288,0,23.1635,5.66207,17.1297,0.84672,12.849,0.84672,3695.15,0,18.483,0.143756,0.458015,1.77029,3.17526,1.39646,3.86335,0.42336,0,0,18.483,0.42336,442.007,0,1.02816,0,0,1.48618,0.458015,1.028160,1,0,20.993,0,0,0,20.993,0
42.1641,2.64146,0,0,0.697067,0.0570212,0.36288,3.6288,60.8138,0.476708,0,0,0.483069,0.323519,0,0.66528,12.849,1,0.762213,0.36288,0,14.332,5.90614,8.02655,0.84672,12.849,0.84672,3695.15,0,18.483,0.144133,0.356158,1.91152,3.28038,1.55294,3.85099,0.42336,0,0,18.483,0.42336,442.007,0,1.02816,0,0,1.38432,0.356158,1.028160,1,0,11.8775,0,0,0,11.8775,0
39.8937,2.60919,0,0,0.75714,0.0554922,0.36288,3.6288,60.5034,0.476364,0,0,0.488798,0.32287,0,0.66528,12.849,1,0.795117,0.36288,0,13.6977,5.90614,7.3593,0.84672,12.849,0.84672,3695.15,0,18.483,0.14478,0.366466,1.91187,3.48428,1.55294,4.06489,0.42336,0,0,18.483,0.42336,442.007,0,1.02816,0,0,1.39463,0.366466,1.028160,1,0,11.4242,0,0,0,11.4242,0
38.0597,2.57543,0,0,1.16947,0.0651923,0.36288,3.6288,60.2963,0.476027,0,0,0.587946,0.319033,0,0.66528,12.849,1,0.829497,0.36288,0,22.1239,5.81709,15.8402,0.84672,12.849,0.84672,3695.15,0,18.483,0.14542,0.643585,1.91222,3.68223,1.54202,4.5506,0.42336,0,0,18.483,0.42336,442.007,0,1.02816,0,0,1.67174,0.643585,1.028160,1,0,20.3908,0,0,0,20.3908,0
36.6556,2.55883,0,0,1.58718,0.0695863,0.36288,3.6288,60.254,0.475876,0,0,0.743308,0.309708,0,0.66528,12.849,1,0.84672,0.36288,0,27.0263,5.8893,20.6531,0.84672,12.849,0.84672,3695.15,0,18.483,0.145873,0.689576,1.91257,3.97691,1.52487,4.90831,0.42336,0,0,18.483,0.42336,442.007,0,1.02816,0,0,1.71774,0.689576,1.028160,1,0,25.5614,0,0,0,25.5614,0
35.2032,2.45553,0,0,1.40705,0.0410193,0.36288,3.6288,60.2403,0.41527,0,0,0.750157,0.348568,0,0.66528,12.849,1,0.84672,0.36288,0,20.7855,5.74593,14.5557,0.84672,12.849,0.84672,3695.15,0,18.483,0.127384,0.464028,1.91292,4.43934,1.51436,5.17455,0.42336,0,0,18.483,0.42336,442.007,0,1.02816,0,0,1.49219,0.464028,1.028160,1,0,19.7303,0,0,0,19.7303,0
33.7446,2.45614,0,0,1.47746,0.117065,0.36288,3.6288,60.4896,0.415468,0,0,0.947791,0.283077,0,0.66528,12.849,1,0.84672,0.36288,0,17.8535,3.90296,13.4667,0.84672,12.849,0.84672,3695.15,0,18.483,0.127474,0.727082,1.83245,5.42049,1.06836,6.7842,0.42336,0,0,18.483,0.42336,442.007,0,1.02816,0,0,1.75524,0.727082,1.028160,1,0,20.2509,0,0,0,20.2509,0
32.4019,2.45675,0,0,1.60037,0.123382,0.36288,3.6288,60.9172,0.416092,0,0,1.13126,0.28753,0,0.66528,12.849,1,0.84672,0.36288,0,19.5902,3.96805,15.1383,0.84672,12.849,0.84672,3695.15,0,18.483,0.12714,0.800297,1.83279,6.21332,1.10564,7.61363,0.42336,0,0,18.483,0.42336,442.007,0,1.02816,0,0,1.82846,0.800297,1.028160,1,0,22.7519,0,0,0,22.7519,0
31.0895,2.45735,0,0,1.62916,0.121341,0.36288,3.6288,61.308,0.416998,0,0,1.15665,0.288311,0.0605559,0.66528,12.849,1,0.84672,0.36288,0,27.8516,3.96805,23.3997,0.84672,12.849,0.84672,3695.15,0,18.483,0.126522,0.924618,1.83313,6.69237,1.10564,8.21796,0.42336,0,0,18.483,0.42336,442.007,0,1.02816,0,0,1.95278,0.924618,1.028160,1,0,31.6782,0,0,0,31.6782,0
29.9643,2.37259,0,0,1.73131,0.121082,0.36288,3.6288,61.308,0.362267,0,0,1.46428,0.269115,0.8329,0.66528,12.849,1,0.84672,0.36288,0,43.5038,4.24787,38.7721,0.84672,12.849,0.84672,3695.15,0,18.483,0.109215,1.1678,1.83346,7.93276,1.06682,9.75799,0.42336,0,0,18.483,0.42336,442.007,0,1.02816,0,0,2.19596,1.1678,1.028160,1,0,49.363,0,0,0,49.363,0
28.3586,2.37318,0,0,1.252,0.121564,0.36288,3.6288,60.9466,0.722119,0,0,0.603245,0.242567,0,0.66528,12.849,1,0.84672,0.36288,0,30.0974,4.62094,24.9927,0.84672,12.849,0.84672,3695.15,0,18.483,0.217703,0.216518,1.76192,5.20374,1.01508,5.9494,0.42336,0,0,18.483,0.42336,442.007,0,0.560097,0,0,0.776615,0.216518,1.028160,1,0,30.9421,0,0,0,30.9421,0
28.07,2.37378,0,0,2.567,0.118948,0.36288,3.6288,61.308,0.362193,0,0,1.33196,0.242013,0.366313,0.66528,12.849,1,0.84672,0.36288,0,46.4906,4.62094,41.3858,0.84672,12.849,0.84672,3695.15,0,18.483,0.109841,0.892115,1.76225,7.44017,1.01508,8.96961,0.42336,0,0,18.483,0.42336,442.007,0,1.02816,0,0,1.92027,0.892115,1.028160,1,0,50.7218,0,0,0,50.7218,0
30.3405,2.37437,0,0,5.12625,0.118478,0.36288,3.6288,61.308,0.362902,0,0,2.56327,0.242567,1.9578,0.66528,12.849,1,0.84672,0.36288,0,85.7004,4.62094,80.5956,0.84672,12.849,0.84672,3695.15,0,18.483,0.109407,3.13563,1.76257,11.9702,1.01508,15.7439,0.42336,0,0,18.483,0.42336,442.007,0,1.02816,0,0,4.16379,3.13563,1.028160,1,0,98.2974,0,0,0,98.2974,0
32.2779,2.13233,0,0,4.58384,0.151239,0.36288,3.6288,61.308,0.247288,0,0,2.49813,0.249283,2.00156,0.66528,12.849,1,0.84672,0.36288,0,51.6879,4.16831,47.0357,0.84672,12.849,0.84672,3695.15,0,18.483,0.0745519,1.95559,1.76289,8.55515,0.903746,11.2953,0.42336,0,0,18.483,0.42336,442.007,0,1.02816,0,0,2.98375,1.95559,1.028160,1,0,60.3326,0,0,0,60.3326,0
34.7849,2.13288,0,0,5.18637,0.183669,0.36288,3.6288,61.308,0.247479,0,0,5.00815,0.236116,4.52456,0.66528,12.849,1,0.84672,0.36288,0,82.6693,4.48526,77.7002,0.84672,12.849,0.84672,3695.15,0,18.483,0.0746093,2.62175,1.60128,9.05679,1.16004,12.0452,0.42336,0,0,18.483,0.42336,442.007,0,1.02816,0,0,3.64991,2.62175,1.028160,1,0,94.2699,0,0,0,94.2699,0
37.0385,2.17626,0,0,4.98447,0.191646,0.36288,3.6288,61.308,0.247669,0,0,4.52022,0.240698,4.03186,0.66528,12.849,1,0.803879,0.36288,0,61.1189,4.63249,56.0454,0.84672,12.849,0.84672,3695.15,0,18.483,0.0746668,2.18316,1.60158,8.81876,1.19035,11.3385,0.42336,0,0,18.483,0.42336,442.007,0,1.02816,0,0,3.21132,2.18316,1.028160,1,0,71.4158,0,0,0,71.4158,0
40.9202,2.21299,0,0,6.65438,0.196899,0.36288,3.6288,61.308,0.24786,0,0,6.58409,0.240698,6.09554,0.66528,12.849,1,0.767705,0.36288,0,123.689,4.63249,118.652,0.84672,12.849,0.84672,3695.15,0,18.483,0.0747242,3.49364,1.60187,14.7684,1.19035,18.5988,0.42336,0,0,18.483,0.42336,442.007,0,1.02816,0,0,4.5218,3.49364,1.028160,1,0,143.346,0,0,0,143.346,0
47.8156,2.26882,0,0,9.73318,0.206064,0.36288,3.6288,61.308,0.24805,0,0,7.27684,0.240698,6.78809,0.66528,12.849,1,0.712414,0.36288,0,180.846,4.63249,175.864,0.84672,12.849,0.84672,3695.15,0,18.483,0.0747817,4.18859,1.60217,18.8519,1.19035,23.3775,0.42336,0,0,18.483,0.42336,442.007,0,1.02816,0,0,5.21675,4.18859,1.028160,1,0,206.029,0,0,0,206.029,0
55.5235,2.42385,0,0,10.7125,0.217851,0.36288,3.6288,61.308,0.281806,0,0,6.28309,0.228426,5.77286,0.66528,12.849,1,0.651336,0.36288,0,212.161,3.88305,207.99,0.84672,12.849,0.84672,3695.15,0,18.483,0.0849582,6.60086,1.60246,25.3999,1.01131,32.5069,0.42336,0,0,18.483,0.42336,442.007,0,1.02816,0,0,7.62902,6.60086,1.028160,1,0,246.27,0,0,0,246.27,0
59.449,2.49771,0,0,7.01739,0.231282,0.36288,3.6288,61.308,0.281993,0,0,2.32705,0.195269,1.84978,0.66528,12.849,1,0.578009,0.36288,0,149.43,3.19841,146.016,0.84672,12.849,0.84672,3695.15,0,18.483,0.0850146,3.59626,1.65401,13.9287,0.748647,18.3453,0.42336,0,0,18.483,0.42336,442.007,0,1.02816,0,0,4.62442,3.59626,1.028160,1,0,166.211,0,0,0,166.211,0
63.0164,2.52953,0,0,6.70014,0.240353,0.36288,3.6288,61.308,0.28218,0,0,2.27267,0.195269,1.79522,0.66528,12.849,1,0.546721,0.36288,0,144.094,3.19841,140.712,0.84672,12.849,0.84672,3695.15,0,18.483,0.0850709,2.79602,1.6543,11.6529,0.748647,15.2695,0.42336,0,0,18.483,0.42336,442.007,0,1.02816,0,0,3.82418,2.79602,1.028160,1,0,157.777,0,0,0,157.777,0
65.3536,2.55569,0,0,5.50366,0.247817,0.36288,3.6288,61.308,0.282367,0,0,2.25609,0.195269,1.77845,0.66528,12.849,1,0.521103,0.36288,0,78.1402,3.19841,74.7835,0.84672,12.849,0.84672,3695.15,0,18.483,0.0851273,2.96593,1.65458,9.93678,0.748647,13.7235,0.42336,0,0,18.483,0.42336,442.007,0,1.02816,0,0,3.99409,2.96593,1.028160,1,0,90.2855,0,0,0,90.2855,0
67.4067,2.82255,0,0,5.50256,0.264066,0.36288,3.6288,61.308,0.408663,0,0,2.18801,0.18203,1.59732,0.66528,12.849,1,0.554934,0.36288,0,94.2633,3.07619,90.995,0.84672,12.849,0.84672,3695.15,0,18.483,0.123203,2.88254,1.65487,10.6541,0.746256,14.3221,0.42336,0,0,18.483,0.42336,442.007,0,1.02816,0,0,3.9107,2.88254,1.028160,1,0,106.914,0,0,0,106.914,0
67.485,2.83724,0,0,3.57608,0.297686,0.36288,3.6288,61.308,0.408872,0,0,1.26096,0.148934,0.703151,0.66528,12.849,1,0.540832,0.36288,0,83.687,2.77064,80.7385,0.84672,12.849,0.84672,3695.15,0,18.483,0.123266,1.43949,1.83822,5.35128,0.740278,7.76544,0.42336,0,0,18.483,0.42336,442.007,0,1.02816,0,0,2.46765,1.43949,1.028160,1,0,89.207,0,0,0,89.207,0
67.0317,2.83826,0,0,3.03443,0.286601,0.36288,3.6288,61.308,0.409081,0,0,1.43987,0.168339,0.862454,0.66528,12.849,1,0.540399,0.36288,0,76.9763,3.35826,73.4406,0.84672,12.849,0.84672,3695.15,0,18.483,0.123329,1.61883,1.83854,6.08926,0.932282,8.49102,0.42336,0,0,18.483,0.42336,442.007,0,1.02816,0,0,2.64699,1.61883,1.028160,1,0,82.794,0,0,0,82.794,0
67.1905,2.83569,0,0,3.61738,0.259994,0.36288,3.6288,61.308,0.40929,0,0,1.32415,0.173702,0.741158,0.66528,12.849,1,0.543561,0.36288,0,80.2768,3.94641,76.1497,0.84672,12.849,0.84672,3695.15,0,18.483,0.123392,1.72189,1.83886,7.25967,1.12195,9.57509,0.42336,0,0,18.483,0.42336,442.007,0,1.02816,0,0,2.75005,1.72189,1.028160,1,0,86.466,0,0,0,86.466,0
67.774,2.47762,0,0,3.67189,0.247811,0.36288,3.6288,61.308,0.240141,0,0,1.72288,0.18276,1.29998,0.66528,12.849,1,0.473802,0.36288,0,88.3362,3.65964,84.5657,0.84672,12.849,0.84672,3695.15,0,18.483,0.0723972,2.54809,1.83918,6.88925,0.90536,10.2988,0.42336,0,0,18.483,0.42336,442.007,0,1.02816,0,0,3.57625,2.54809,1.028160,1,0,96.1644,0,0,0,96.1644,0
70.8233,2.48148,0,0,6.17768,0.284061,0.36288,3.6288,61.308,0.240321,0,0,1.92059,0.173395,1.50687,0.66528,12.849,1,0.470454,0.36288,0,88.007,4.10372,83.7958,0.84672,12.849,0.84672,3695.15,0,18.483,0.0724514,3.31481,1.58892,9.71459,0.997933,13.5479,0.42336,0,0,18.483,0.42336,442.007,0,1.02816,0,0,4.34297,3.31481,1.028160,1,0,98.8506,0,0,0,98.8506,0
72.29,2.49906,0,0,4.86539,0.290867,0.608759,3.6288,61.308,0.2405,0,0,1.07947,0.173395,0.665578,0.66528,12.849,1,0.453389,0.608759,0,72.684,4.10372,68.7357,0.84672,12.849,0.84672,3695.15,0,18.483,0.0725055,1.94317,1.5892,5.32188,0.997933,7.78381,0.42336,0,0,18.483,0.42336,442.007,0,1.02816,0,0,2.97133,1.94317,1.028160,1,0,77.185,0,0,0,77.185,0
72.29,2.50731,0,0,4.2397,0.29414,1.43825,3.6288,61.308,0.24068,0,0,1.15188,0.173395,0.737801,0.66528,12.849,1,0.445656,1.43825,0,64.3118,4.10372,61.2007,0.84672,12.849,0.84672,3695.15,0,18.483,0.0725597,1.73768,1.58947,4.58229,0.997933,6.83895,0.42336,0,0,18.483,0.42336,442.007,0,1.02816,0,0,2.76584,1.73768,1.028160,1,0,68.7775,0,0,0,68.7775,0
72.29,2.50775,0,0,7.10726,0.293457,4.30606,3.6288,61.308,0.24086,0,0,1.66737,0.167668,1.25885,0.66528,12.849,1,0.445733,4.30606,0,130.795,4.01406,130.641,0.84672,12.849,0.84672,3695.15,0,18.483,0.0726139,3.88834,1.58975,7.58807,0.982578,12.011,0.42336,0,0,18.483,0.42336,442.007,0,1.02816,0,0,4.9165,3.88834,1.028160,1,0,143.911,0,0,0,143.911,0
72.29,2.59983,0,0,4.156,0.30474,1.25143,3.6288,61.308,0.282507,0,0,0.842072,0.185857,0.373708,0.66528,12.849,1,0.4621,1.25143,0,69.6908,4.42176,66.0584,0.84672,12.849,0.84672,3695.15,0,18.483,0.0851696,1.15478,1.59003,4.74562,1.09958,6.30567,0.42336,0,0,18.483,0.42336,442.007,0,1.02816,0,0,2.18294,1.15478,1.028160,1,0,72.7378,0,0,0,72.7378,0
72.29,2.60028,0,0,5.69274,0.307303,2.78515,3.6288,61.308,0.282694,0,0,1.27374,0.194615,0.796434,0.66528,12.849,1,0.462181,2.78515,0,93.0001,4.57937,90.7437,0.84672,12.849,0.84672,3695.15,0,18.483,0.0852259,2.34204,1.65223,6.99308,1.13444,9.76768,0.42336,0,0,18.483,0.42336,442.007,0,1.02816,0,0,3.3702,2.34204,1.028160,1,0,101.308,0,0,0,101.308,0
72.29,2.60074,0,0,4.0621,0.266745,1.19462,3.6288,61.308,0.282881,0,0,0.834996,0.217525,0.33459,0.66528,12.849,1,0.462261,1.19462,0,79.1139,4.53255,75.3137,0.84672,12.849,0.84672,3695.15,0,18.483,0.0852823,1.32538,1.65252,4.47267,1.19537,6.1699,0.42336,0,0,18.483,0.42336,442.007,0,1.02816,0,0,2.35354,1.32538,1.028160,1,0,81.8182,0,0,0,81.8182,0
72.29,2.60119,0,0,3.39606,0.233498,0.561368,3.6288,61.308,0.283068,0,0,0.666991,0.23697,0.146953,0.66528,12.849,1,0.462342,0.561368,0,69.7429,4.3344,65.5076,0.84672,12.849,0.84672,3695.15,0,18.483,0.0853387,0.834892,1.6528,3.52111,1.24991,4.67356,0.42336,0,0,18.483,0.42336,442.007,0,1.02816,0,0,1.86305,0.834892,1.028160,1,0,70.3281,0,0,0,70.3281,0
72.29,2.56579,0,0,3.46486,0.224103,0.674967,3.6288,61.308,0.267138,0,0,0.964898,0.234996,0.462764,0.66528,12.849,1,0.456049,0.674967,0,64.2678,4.2924,60.1943,0.84672,12.849,0.84672,3695.15,0,18.483,0.0805362,1.19463,1.65309,4.33569,1.25242,5.85045,0.42336,0,0,18.483,0.42336,442.007,0,1.02816,0,0,2.22279,1.19463,1.028160,1,0,66.5075,0,0,0,66.5075,0
72.29,2.56623,0,0,3.36438,0.217057,0.581091,3.6288,61.308,0.267322,0,0,1.12023,0.233516,0.61939,0.66528,12.849,1,0.456128,0.581091,0,56.3121,4.2609,52.1762,0.84672,12.849,0.84672,3695.15,0,18.483,0.0805918,1.21789,1.62926,4.37899,1.25431,5.89125,0.42336,0,0,18.483,0.42336,442.007,0,1.02816,0,0,2.24605,1.21789,1.028160,1,0,58.6868,0,0,0,58.6868,0
72.1749,2.56668,0,0,3.03156,0.217057,0.36288,3.6288,61.308,0.267507,0,0,0.992779,0.233516,0.491757,0.66528,12.849,1,0.456208,0.36288,0,49.1562,4.2609,44.8019,0.84672,12.849,0.84672,3695.15,0,18.483,0.0806473,0.990265,1.62955,3.95446,1.25431,5.23931,0.42336,0,0,18.483,0.42336,442.007,0,1.02816,0,0,2.01842,0.990265,1.028160,1,0,50.533,0,0,0,50.533,0
71.8448,2.56651,0,0,2.78592,0.186648,0.36288,3.6288,61.308,0.267691,0,0,0.935764,0.193694,0.474379,0.66528,12.849,1,0.456905,0.36288,0,47.1498,3.43518,43.6206,0.84672,12.849,0.84672,3695.15,0,18.483,0.0807029,0.898223,1.62983,3.57855,1.04488,4.98102,0.42336,0,0,18.483,0.42336,442.007,0,1.02816,0,0,1.92638,0.898223,1.028160,1,0,49.076,0,0,0,49.076,0
71.4137,2.68686,0,0,2.79678,0.178138,0.36288,3.6288,61.308,0.325069,0,0,1.02439,0.208489,0.490834,0.66528,12.849,1,0.480528,0.36288,0,43.9486,3.65384,40.1771,0.84672,12.849,0.84672,3695.15,0,18.483,0.0980012,1.34913,1.63011,4.00851,1.08244,5.80731,0.42336,0,0,18.483,0.42336,442.007,0,1.02816,0,0,2.37729,1.34913,1.028160,1,0,46.4752,0,0,0,46.4752,0
70.9523,2.68487,0,0,2.71581,0.129459,0.36288,3.6288,61.308,0.325264,0,0,1.01923,0.297263,0.396709,0.66528,12.849,1,0.483071,0.36288,0,47.5776,4.96577,42.4917,0.84672,12.849,0.84672,3695.15,0,18.483,0.0980598,1.01853,1.71479,3.62592,1.30778,4.9534,0.42336,0,0,18.483,0.42336,442.007,0,1.02816,0,0,2.04669,1.01853,1.028160,1,0,47.8418,0,0,0,47.8418,0
70.2196,2.68268,0,0,2.44183,0.129003,0.36288,3.6288,61.308,0.325458,0,0,0.953562,0.297263,0.330842,0.66528,12.849,1,0.485815,0.36288,0,43.8707,4.96577,38.782,0.84672,12.849,0.84672,3695.15,0,18.483,0.0981184,0.863559,1.71509,3.36493,1.30778,4.53767,0.42336,0,0,18.483,0.42336,442.007,0,1.02816,0,0,1.89172,0.863559,1.028160,1,0,43.6505,0,0,0,43.6505,0
69.4202,2.67886,0,0,2.37062,0.128278,0.36288,3.6288,61.308,0.325652,0,0,0.877124,0.297263,0.254209,0.66528,12.849,1,0.490186,0.36288,0,41.0126,4.96577,35.9195,0.84672,12.849,0.84672,3695.15,0,18.483,0.0981769,0.666179,1.71539,3.09062,1.30778,4.06623,0.42336,0,0,18.483,0.42336,442.007,0,1.02816,0,0,1.69434,0.666179,1.028160,1,0,40.24,0,0,0,40.24,0
68.3727,2.67456,0,0,2.09634,0.106363,0.36288,3.6288,61.308,0.325847,0,0,0.823288,0.311428,0.186014,0.66528,12.849,1,0.495035,0.36288,0,36.4573,5.12642,31.1987,0.84672,12.849,0.84672,3695.15,0,18.483,0.0982356,0.570499,1.71569,3.01811,1.34883,3.85723,0.42336,0,0,18.483,0.42336,442.007,0,1.02816,0,0,1.59866,0.570499,1.028160,1,0,35.2419,0,0,0,35.2419,0
67.2616,2.64474,0,0,1.99474,0.0982823,0.36288,3.6288,61.1878,0.432832,0,0,0.613863,0.301254,0,0.66528,12.849,1,0.497015,0.36288,0,31.5304,5.50967,25.8866,0.84672,12.849,0.84672,3695.15,0,18.483,0.130489,0.30119,1.71598,2.81142,1.31235,3.38576,0.42336,0,0,18.483,0.42336,442.007,0,0.930122,0,0,1.23131,0.30119,1.028160,1,0,29.2723,0,0,0,29.2723,0
66.078,2.63831,0,0,1.89477,0.0771086,0.36288,3.6288,60.9449,0.466232,0,0,0.553901,0.330545,0,0.66528,12.849,1,0.503997,0.36288,0,29.9576,5.57476,24.2418,0.84672,12.849,0.84672,3695.15,0,18.483,0.140835,0.261274,1.7426,2.90042,1.41106,3.3524,0.42336,0,0,18.483,0.42336,442.007,0,0.886637,0,0,1.14791,0.261274,1.028160,1,0,27.5942,0,0,0,27.5942,0
64.8105,2.63121,0,0,1.80294,0.0763887,0.36288,3.6288,60.6322,0.497908,0,0,0.515264,0.330037,0,0.66528,12.849,1,0.511643,0.36288,0,27.1564,5.57476,21.4329,0.84672,12.849,0.84672,3695.15,0,18.483,0.151003,0.261274,1.7429,2.76172,1.41106,3.20384,0.42336,0,0,18.483,0.42336,442.007,0,0.845053,0,0,1.10633,0.261274,1.028160,1,0,24.6367,0,0,0,24.6367,0
63.4129,2.62331,0,0,1.66418,0.0756177,0.36288,3.6288,60.2239,0.539716,0,0,0.460782,0.329383,0,0.66528,12.849,1,0.520085,0.36288,0,25.698,5.57476,19.966,0.84672,12.849,0.84672,3695.15,0,18.483,0.164526,0.261274,1.74321,2.58323,1.41106,3.01213,0.42336,0,0,18.483,0.42336,442.007,0,0.789981,0,0,1.05125,0.261274,1.028160,1,0,22.9781,0,0,0,22.9781,0
61.7331,2.67525,0,0,1.42827,0.0699528,0.36288,3.6288,59.5667,0.709922,0,0,0.378079,0.325365,0,0.66528,12.849,1,0.542071,0.36288,0,21.825,5.69865,15.9471,0.84672,12.849,0.84672,3695.15,0,18.483,0.217878,0.261274,1.74351,2.26176,1.44348,2.60518,0.42336,0,0,18.483,0.42336,442.007,0,0.603202,0,0,0.864475,0.261274,1.028160,1,0,18.5523,0,0,0,18.5523,0
60.0218,2.6635,0,0,1.37778,0.0626649,0.36288,3.6288,58.933,0.721861,0,0,0.407937,0.319803,0,0.66528,12.849,1,0.554376,0.36288,0,24.5295,5.86383,18.4742,0.84672,12.849,0.84672,3695.15,0,18.483,0.223987,0.261274,1.78578,2.31272,1.48672,2.64906,0.42336,0,0,18.483,0.42336,442.007,0,0.58542,0,0,0.846694,0.261274,1.028160,1,0,21.1232,0,0,0,21.1232,0
58.2003,2.65095,0,0,1.25411,0.0617591,0.36288,3.6288,58.2704,0.680524,0,0,0.336463,0.318507,0,0.66528,12.849,1,0.567494,0.36288,0,19.7571,5.86383,13.6886,0.84672,12.849,0.84672,3695.15,0,18.483,0.213431,0.227405,1.78609,2.14904,1.48672,2.46237,0.42336,0,0,18.483,0.42336,442.007,0,0.63758,0,0,0.864985,0.227405,1.028160,1,0,16.151,0,0,0,16.151,0
56.2805,2.63686,0,0,1.14061,0.0606835,0.36288,3.6288,57.4853,0.781244,0,0,0.313347,0.317153,0,0.66528,12.849,1,0.582144,0.36288,0,18.4181,5.86383,12.3351,0.84672,12.849,0.84672,3695.15,0,18.483,0.247806,0.227405,1.7864,1.91523,1.48672,2.1945,0.42336,0,0,18.483,0.42336,442.007,0,0.502753,0,0,0.730158,0.227405,1.028160,1,0,14.5296,0,0,0,14.5296,0
54.3105,2.7962,0,0,1.2421,0.0530224,0.36288,3.6288,56.8065,0.734922,0,0,0.369865,0.313791,0,0.66528,12.849,1,0.638381,0.36288,0,18.5052,5.97197,12.2578,0.84672,12.849,0.84672,3695.15,0,18.483,0.236296,0.227405,1.78671,2.70798,1.51263,2.97317,0.42336,0,0,18.483,0.42336,442.007,0,0.692755,0,0,0.92016,0.227405,1.028160,1,0,15.2309,0,0,0,15.2309,0
52.346,2.77796,0,0,1.22906,0.0527676,0.36288,3.6288,55.7145,1.00976,0,0,0.246447,0.328701,0,0.66528,12.849,1,0.657221,0.36288,0,17.4837,5.73498,11.4544,0.84672,12.849,0.84672,3695.15,0,18.483,0.328543,0.227405,1.92923,2.00934,1.50012,2.33731,0.42336,0,0,18.483,0.42336,442.007,0,0.325963,0,0,0.553368,0.227405,1.028160,1,0,13.7917,0,0,0,13.7917,0
50.5502,2.75864,0,0,1.37335,0.0476027,0.36288,3.6288,54.8069,0.881602,0,0,0.302845,0.328864,0,0.66528,12.849,1,0.677143,0.36288,0,22.2478,5.80976,16.1238,0.84672,12.849,0.84672,3695.15,0,18.483,0.292467,0.204422,1.92956,2.13279,1.51506,2.45925,0.42336,0,0,18.483,0.42336,442.007,0,0.490484,0,0,0.694907,0.204422,1.028160,1,0,18.5831,0,0,0,18.5831,0
48.4856,2.73993,0,0,1.08499,0.0467206,0.36288,3.6288,53.6755,1.02556,0,0,0.221064,0.326908,0,0.66528,12.849,1,0.696444,0.36288,0,22.9592,5.80976,16.8158,0.84672,12.849,0.84672,3695.15,0,18.483,0.345859,0.204422,1.9299,1.68997,1.51506,1.96337,0.42336,0,0,18.483,0.42336,442.007,0,0.293421,0,0,0.497844,0.204422,1.028160,1,0,18.7792,0,0,0,18.7792,0
46.7039,2.71696,0,0,1.3438,0.0457016,0.36288,3.6288,52.9887,0.730169,0,0,0.367775,0.324404,0,0.66528,12.849,1,0.720012,0.36288,0,20.347,5.80976,14.1801,0.84672,12.849,0.84672,3695.15,0,18.483,0.251432,0.204422,1.93024,2.53951,1.51506,2.90768,0.42336,0,0,18.483,0.42336,442.007,0,0.683533,0,0,0.887955,0.204422,1.028160,1,0,17.0878,0,0,0,17.0878,0
45.2696,2.61364,0,0,1.57869,0.0364543,0.36288,3.6288,52.5217,0.594313,0,0,0.385071,0.257676,0,0.66528,12.849,1,0.719054,0.36288,0,30.5377,5.48261,24.699,0.84672,12.849,0.84672,3695.15,0,18.483,0.207303,0.204422,1.93057,2.45664,1.46682,2.91751,0.42336,0,0,18.483,0.42336,442.007,0,0.783677,0,0,0.988099,0.204422,1.028160,1,0,27.6165,0,0,0,27.6165,0
43.2907,2.59634,0,0,1.0129,0.0325833,0.36288,3.6288,51.7692,0.819248,0,0,0.297514,0.230829,0,0.66528,12.849,1,0.736927,0.36288,0,26.4144,5.35175,20.6886,0.84672,12.849,0.84672,3695.15,0,18.483,0.288303,0.216518,1.84934,1.66478,1.44752,1.99482,0.42336,0,0,18.483,0.42336,442.007,0,0.478018,0,0,0.694537,0.216518,1.028160,1,0,22.6834,0,0,0,22.6834,0
41.4714,2.57081,0,0,1.14626,0.0318581,0.36288,3.6288,51.0421,0.846405,0,0,0.348749,0.229434,0,0.66528,12.849,1,0.763037,0.36288,0,21.2044,5.35175,15.4525,0.84672,12.849,0.84672,3695.15,0,18.483,0.302189,0.216518,1.84967,1.85381,1.44752,2.17028,0.42336,0,0,18.483,0.42336,442.007,0,0.437251,0,0,0.653769,0.216518,1.028160,1,0,17.6228,0,0,0,17.6228,0
41.7255,2.5457,0,0,3.2892,0.12651,0.36288,3.6288,51.0319,0.409629,0,0,0.641002,0.241535,0,0.66528,12.849,1,0.788729,0.36288,0,35.1861,4.60581,30.1544,0.84672,12.849,0.84672,3695.15,0,18.483,0.148332,0.660364,1.84999,4.13825,1.27555,5.22472,0.42336,0,0,18.483,0.42336,442.007,0,1.02816,0,0,1.68852,0.660364,1.028160,1,0,35.3791,0,0,0,35.3791,0
40.6448,2.48395,0,0,1.895,0.128864,0.36288,3.6288,50.5239,0.654825,0,0,0.364958,0.218199,0,0.66528,12.849,1,0.76491,0.36288,0,38.9637,4.20084,34.3609,0.84672,12.849,0.84672,3695.15,0,18.483,0.237168,0.216518,1.85031,2.11378,1.13035,2.81309,0.42336,0,0,18.483,0.42336,442.007,0,0.621415,0,0,0.837933,0.216518,1.028160,1,0,37.1739,0,0,0,37.1739,0
40.5993,2.46893,0,0,2.93588,0.149644,0.36288,3.6288,50.4299,0.361125,0,0,0.413754,0.146632,0,0.66528,12.849,1,0.780499,0.36288,0,33.3345,2.97287,29.944,0.84672,12.849,0.84672,3695.15,0,18.483,0.132109,0.216518,1.77809,2.68221,0.759786,3.78493,0.42336,0,0,18.483,0.42336,442.007,0,1.02044,0,0,1.23695,0.216518,1.028160,1,0,33.7289,0,0,0,33.7289,0
40.349,2.46869,0,0,2.73088,0.149563,0.36288,3.6288,50.657,0.393965,0,0,0.767624,0.146519,0,0.66528,12.849,1,0.7813,0.36288,0,53.8295,2.97287,50.4382,0.84672,12.849,0.84672,3695.15,0,18.483,0.144392,0.292723,1.7784,3.72345,0.759786,4.8904,0.42336,0,0,18.483,0.42336,442.007,0,0.975577,0,0,1.2683,0.292723,1.028160,1,0,55.3286,0,0,0,55.3286,0
40.0238,2.46545,0,0,2.66334,0.160192,0.36288,3.6288,51.046,0.356106,0,0,0.892788,0.147652,0,0.66528,12.849,1,0.785112,0.36288,0,54.2971,3.18233,50.6926,0.84672,12.849,0.84672,3695.15,0,18.483,0.129931,0.583865,1.77871,3.76094,0.80768,5.18591,0.42336,0,0,18.483,0.42336,442.007,0,1.02816,0,0,1.61203,0.583865,1.028160,1,0,55.8785,0,0,0,55.8785,0
41.4921,2.2757,0,0,4.31327,0.206393,0.36288,3.6288,51.6483,0.245343,0,0,0.991682,0.14405,0,0.66528,12.849,1,0.730576,0.36288,0,69.9901,4.19909,65.4234,0.84672,12.849,0.84672,3695.15,0,18.483,0.0888351,0.874843,1.77902,6.46275,1.1487,7.87909,0.42336,0,0,18.483,0.42336,442.007,0,1.02816,0,0,1.903,0.874843,1.028160,1,0,73.3024,0,0,0,73.3024,0
40.1651,2.29584,0,0,1.53924,0.20755,0.36288,3.6288,50.8905,0.780595,0,0,0.169728,0.146985,0,0.66528,12.849,1,0.71096,0.36288,0,21.6673,4.01174,17.3075,0.84672,12.849,0.84672,3695.15,0,18.483,0.279346,0.292723,1.61592,2.60353,0.978262,3.25456,0.42336,0,0,18.483,0.42336,442.007,0,0.302635,0,0,0.595358,0.292723,1.028160,1,0,20.5621,0,0,0,20.5621,0
40.1067,2.27844,0,0,2.78725,0.204315,0.36288,3.6288,50.4752,0.595151,0,0,0.325949,0.146084,0,0.66528,12.849,1,0.728883,0.36288,0,38.1022,4.01174,33.7245,0.84672,12.849,0.84672,3695.15,0,18.483,0.216154,0.412474,1.6162,4.18332,0.978262,5.01758,0.42336,0,0,18.483,0.42336,442.007,0,0.551509,0,0,0.963982,0.412474,1.028160,1,0,38.7421,0,0,0,38.7421,0
40.5142,2.27803,0,0,3.25449,0.206112,0.36288,3.6288,50.2228,0.51201,0,0,0.434993,0.175394,0,0.66528,12.849,1,0.729814,0.36288,0,50.5793,4.49347,45.7188,0.84672,12.849,0.84672,3695.15,0,18.483,0.187488,0.412474,1.61648,4.85769,1.16827,5.53089,0.42336,0,0,18.483,0.42336,442.007,0,0.663552,0,0,1.07603,0.412474,1.028160,1,0,51.2497,0,0,0,51.2497,0
41.308,2.284,0,0,3.6354,0.194698,0.36288,3.6288,49.9876,0.511956,0,0,0.472321,0.195511,0,0.66528,12.849,1,0.724367,0.36288,0,54.9399,4.37126,50.2071,0.84672,12.849,0.84672,3695.15,0,18.483,0.18841,0.412474,1.61676,5.46824,1.12042,6.18864,0.42336,0,0,18.483,0.42336,442.007,0,0.662921,0,0,1.07539,0.412474,1.028160,1,0,56.3958,0,0,0,56.3958,0
43.9098,2.3669,0,0,5.52623,0.194677,0.36288,3.6288,50.2018,0.277018,0,0,0.677951,0.186779,0,0.66528,12.849,1,0.736234,0.36288,0,72.0607,3.70226,67.9851,0.84672,12.849,0.84672,3695.15,0,18.483,0.102428,0.467018,1.61704,7.93515,0.994874,8.92191,0.42336,0,0,18.483,0.42336,442.007,0,1.02816,0,0,1.49518,0.467018,1.028160,1,0,76.907,0,0,0,76.907,0
45.4716,2.40105,0,0,4.53358,0.207847,0.36288,3.6288,50.6852,0.277507,0,0,0.958945,0.198053,0,0.66528,12.849,1,0.702602,0.36288,0,83.1886,3.67363,79.1752,0.84672,12.849,0.84672,3695.15,0,18.483,0.102171,0.881332,1.66904,7.30128,1.05216,8.69732,0.42336,0,0,18.483,0.42336,442.007,0,1.02816,0,0,1.90949,0.881332,1.028160,1,0,87.8726,0,0,0,87.8726,0
46.1224,2.42026,0,0,3.64554,0.211555,0.36288,3.6288,51.1148,0.278391,0,0,0.906831,0.198836,0,0.66528,12.849,1,0.683899,0.36288,0,46.0643,3.67363,42.0697,0.84672,12.849,0.84672,3695.15,0,18.483,0.101519,0.831367,1.66932,5.46534,1.05216,6.81235,0.42336,0,0,18.483,0.42336,442.007,0,1.02816,0,0,1.85953,0.831367,1.028160,1,0,48.882,0,0,0,48.882,0
45.8337,2.42821,0,0,2.74026,0.237912,0.36288,3.6288,50.7666,0.686337,0,0,0.519211,0.181033,0,0.66528,12.849,1,0.676463,0.36288,0,47.8429,3.60753,43.9218,0.84672,12.849,0.84672,3695.15,0,18.483,0.248178,0.503194,1.66959,6.0521,0.99987,6.97684,0.42336,0,0,18.483,0.42336,442.007,0,0.473787,0,0,0.976981,0.503194,1.028160,1,0,50.8986,0,0,0,50.8986,0
46.1533,2.66184,0,0,3.61128,0.266927,0.36288,3.6288,51.0163,0.400262,0,0,0.809652,0.159702,0,0.66528,12.849,1,0.746219,0.36288,0,79.3074,3.62105,75.303,0.84672,12.849,0.84672,3695.15,0,18.483,0.145726,0.616749,1.66987,9.82817,0.949799,11.0193,0.42336,0,0,18.483,0.42336,442.007,0,1.02816,0,0,1.64491,0.616749,1.028160,1,0,86.3223,0,0,0,86.3223,0
48.093,2.66632,0,0,5.21752,0.248637,0.36288,3.6288,51.3173,0.400976,0,0,0.88471,0.182741,0,0.66528,12.849,1,0.742299,0.36288,0,82.9319,4.23098,78.3215,0.84672,12.849,0.84672,3695.15,0,18.483,0.145272,0.876398,1.85486,9.76199,1.06773,11.2802,0.42336,0,0,18.483,0.42336,442.007,0,1.02816,0,0,1.90456,0.876398,1.028160,1,0,89.6018,0,0,0,89.6018,0
47.1569,2.69039,0,0,2.36637,0.249166,0.36288,3.6288,50.9809,0.706772,0,0,0.555469,0.185111,0,0.66528,12.849,1,0.718792,0.36288,0,40.8758,4.21848,36.3014,0.84672,12.849,0.84672,3695.15,0,18.483,0.254559,0.503194,1.85516,5.81511,1.05936,6.85954,0.42336,0,0,18.483,0.42336,442.007,0,0.613336,0,0,1.11653,0.503194,1.028160,1,0,43.1609,0,0,0,43.1609,0
46.6542,2.67962,0,0,2.75768,0.217868,0.36288,3.6288,50.656,0.694234,0,0,0.565514,0.196114,0,0.66528,12.849,1,0.730125,0.36288,0,43.9085,4.14351,39.3977,0.84672,12.849,0.84672,3695.15,0,18.483,0.251693,0.608429,1.85547,7.26402,1.00915,8.46707,0.42336,0,0,18.483,0.42336,442.007,0,0.629001,0,0,1.23743,0.608429,1.028160,1,0,47.8648,0,0,0,47.8648,0
46.1145,2.33496,0,0,2.38102,0.22295,0.36288,3.6288,50.9224,0.419268,0,0,0.873919,0.188253,0,0.66528,12.849,1,0.643069,0.36288,0,48.2285,4.11324,43.8351,0.84672,12.849,0.84672,3695.15,0,18.483,0.152979,0.608429,1.85577,6.50417,0.981499,7.83389,0.42336,0,0,18.483,0.42336,442.007,0,0.780538,0,0,1.38897,0.608429,1.028160,1,0,51.6689,0,0,0,51.6689,0
46.4213,2.32946,0,0,3.24812,0.248917,0.36288,3.6288,50.9712,0.407442,0,0,0.626449,0.170254,0,0.66528,12.849,1,0.649063,0.36288,0,61.506,4.58682,56.633,0.84672,12.849,0.84672,3695.15,0,18.483,0.147887,0.608429,1.60324,6.69522,1.02055,7.73846,0.42336,0,0,18.483,0.42336,442.007,0,0.797679,0,0,1.40611,0.608429,1.028160,1,0,64.3715,0,0,0,64.3715,0
46.4932,2.3332,0,0,3.01362,0.245673,0.36288,3.6288,51.1097,0.344505,0,0,0.663612,0.180624,0,0.66528,12.849,1,0.645809,0.36288,0,74.3645,4.8489,69.2327,0.84672,12.849,0.84672,3695.15,0,18.483,0.124923,0.608429,1.60351,6.99391,1.10254,7.97838,0.42336,0,0,18.483,0.42336,442.007,0,0.883803,0,0,1.49223,0.608429,1.028160,1,0,77.211,0,0,0,77.211,0
52.5794,2.33437,0,0,9.02933,0.245869,0.36288,3.6288,52.3243,0.238899,0,0,1.63431,0.180828,0,0.66528,12.849,1,0.645133,0.36288,0,90.3762,4.8489,85.2451,0.84672,12.849,0.84672,3695.15,0,18.483,0.0863941,1.98025,1.60377,14.8756,1.10254,17.2707,0.42336,0,0,18.483,0.42336,442.007,0,1.02816,0,0,3.00841,1.98025,1.028160,1,0,102.516,0,0,0,102.516,0
59.0763,2.39477,0,0,9.51756,0.263048,0.36288,3.6288,54.1516,0.240546,0,0,2.26505,0.197169,0,0.66528,12.849,1,0.585219,0.36288,0,189.433,4.83471,184.376,0.84672,12.849,0.84672,3695.15,0,18.483,0.0849704,2.53691,1.60404,21.9713,1.08624,24.941,0.42336,0,0,18.483,0.42336,442.007,0,1.02816,0,0,3.56507,2.53691,1.028160,1,0,209.317,0,0,0,209.317,0
61.5757,2.53749,0,0,5.64255,0.24274,0.36288,3.6288,55.1682,0.283447,0,0,1.52775,0.22767,0,0.66528,12.849,1,0.551899,0.36288,0,129.087,5.43036,123.467,0.84672,12.849,0.84672,3695.15,0,18.483,0.0967459,1.34051,1.6043,9.8426,1.20348,11.4872,0.42336,0,0,18.483,0.42336,442.007,0,1.02816,0,0,2.36867,1.34051,1.028160,1,0,134.955,0,0,0,134.955,0
61.8839,2.55644,0,0,3.45953,0.232002,0.36288,3.6288,55.9126,0.284956,0,0,1.25479,0.225487,0,0.66528,12.849,1,0.533453,0.36288,0,61.3781,5.68281,55.5247,0.84672,12.849,0.84672,3695.15,0,18.483,0.0954687,0.607686,1.66704,5.46663,1.26667,6.37922,0.42336,0,0,18.483,0.42336,442.007,0,1.02816,0,0,1.63585,0.607686,1.028160,1,0,61.904,0,0,0,61.904,0
61.274,2.55906,0,0,2.54458,0.232592,0.36288,3.6288,56.1111,0.418922,0,0,0.844059,0.226591,0,0.66528,12.849,1,0.53134,0.36288,0,48.5772,5.68281,42.7259,0.84672,12.849,0.84672,3695.15,0,18.483,0.138483,0.528595,1.66732,5.058,1.26667,5.84876,0.42336,0,0,18.483,0.42336,442.007,0,0.851411,0,0,1.38001,0.528595,1.028160,1,0,48.5747,0,0,0,48.5747,0
60.3425,2.55511,0,0,2.21797,0.231424,0.36288,3.6288,55.9517,0.679218,0,0,0.746643,0.226885,0,0.66528,12.849,1,0.535801,0.36288,0,42.5659,5.68281,36.7102,0.84672,12.849,0.84672,3695.15,0,18.483,0.223734,0.528595,1.66759,5.4386,1.26667,6.14438,0.42336,0,0,18.483,0.42336,442.007,0,0.506097,0,0,1.03469,0.528595,1.028160,1,0,42.8546,0,0,0,42.8546,0
59.2739,2.51359,0,0,2.00431,0.196456,0.36288,3.6288,55.7518,0.625467,0,0,0.633021,0.207375,0,0.66528,12.849,1,0.535229,0.36288,0,44.2414,5.2042,38.8648,0.84672,12.849,0.84672,3695.15,0,18.483,0.206616,0.528595,1.66787,4.73323,1.21587,5.50721,0.42336,0,0,18.483,0.42336,442.007,0,0.556036,0,0,1.08463,0.528595,1.028160,1,0,44.372,0,0,0,44.372,0
57.9769,2.50607,0,0,1.76738,0.195444,0.36288,3.6288,55.3903,0.769329,0,0,0.588493,0.180738,0,0.66528,12.849,1,0.543249,0.36288,0,40.0353,4.3215,35.5335,0.84672,12.849,0.84672,3695.15,0,18.483,0.25505,0.528595,1.64381,3.29718,1.13722,4.07731,0.42336,0,0,18.483,0.42336,442.007,0,0.363969,0,0,0.892564,0.528595,1.028160,1,0,39.6108,0,0,0,39.6108,0
56.5517,2.49653,0,0,1.58969,0.155428,0.36288,3.6288,54.8501,0.816074,0,0,0.48811,0.212205,0,0.66528,12.849,1,0.553288,0.36288,0,35.9148,4.64757,31.0769,0.84672,12.849,0.84672,3695.15,0,18.483,0.272313,0.528595,1.64408,3.02004,1.16071,3.7597,0.42336,0,0,18.483,0.42336,442.007,0,0.300188,0,0,0.828783,0.528595,1.028160,1,0,34.8366,0,0,0,34.8366,0
55.1189,2.48558,0,0,1.53195,0.116336,0.36288,3.6288,54.4363,0.694163,0,0,0.510601,0.230271,0,0.66528,12.849,1,0.564743,0.36288,0,34.3961,4.82055,29.3737,0.84672,12.849,0.84672,3695.15,0,18.483,0.233914,0.402797,1.64435,3.20683,1.17103,3.84903,0.42336,0,0,18.483,0.42336,442.007,0,0.460728,0,0,0.863525,0.402797,1.028160,1,0,33.2227,0,0,0,33.2227,0
53.469,2.59144,0,0,1.41908,0.114688,0.36288,3.6288,53.8917,0.788801,0,0,0.473923,0.229642,0,0.66528,12.849,1,0.604103,0.36288,0,31.3852,4.82055,26.3235,0.84672,12.849,0.84672,3695.15,0,18.483,0.267825,0.402797,1.64462,3.14733,1.17103,3.75589,0.42336,0,0,18.483,0.42336,442.007,0,0.407506,0,0,0.810302,0.402797,1.028160,1,0,30.0793,0,0,0,30.0793,0
51.7285,2.57684,0,0,1.31708,0.117808,0.36288,3.6288,53.3092,0.778827,0,0,0.431053,0.234748,0,0.66528,12.849,1,0.619234,0.36288,0,27.2099,4.98971,21.9638,0.84672,12.849,0.84672,3695.15,0,18.483,0.267111,0.402797,1.73003,2.46105,1.1537,3.17307,0.42336,0,0,18.483,0.42336,442.007,0,0.418435,0,0,0.821232,0.402797,1.028160,1,0,25.1369,0,0,0,25.1369,0
49.9396,2.56057,0,0,1.25021,0.115716,0.36288,3.6288,52.6262,0.842715,0,0,0.393407,0.233681,0,0.66528,12.849,1,0.636028,0.36288,0,24.6579,4.98971,19.395,0.84672,12.849,0.84672,3695.15,0,18.483,0.29218,0.402797,1.73032,2.30995,1.1537,2.99718,0.42336,0,0,18.483,0.42336,442.007,0,0.32972,0,0,0.732516,0.402797,1.028160,1,0,22.3922,0,0,0,22.3922,0
48.0831,2.54287,0,0,1.13335,0.0840826,0.36288,3.6288,51.9645,0.78259,0,0,0.375559,0.254684,0,0.66528,12.849,1,0.654257,0.36288,0,21.7419,5.25745,16.193,0.84672,12.849,0.84672,3695.15,0,18.483,0.274856,0.30119,1.7306,2.24995,1.22211,2.78478,0.42336,0,0,18.483,0.42336,442.007,0,0.407411,0,0,0.708601,0.30119,1.028160,1,0,18.9778,0,0,0,18.9778,0
46.197,2.52335,0,0,1.07098,0.0708583,0.36288,3.6288,51.2455,0.815583,0,0,0.358754,0.262196,0,0.66528,12.849,1,0.674302,0.36288,0,21.043,5.36456,15.367,0.84672,12.849,0.84672,3695.15,0,18.483,0.290091,0.30119,1.73089,2.24369,1.24947,2.7362,0.42336,0,0,18.483,0.42336,442.007,0,0.359424,0,0,0.660614,0.30119,1.028160,1,0,18.1032,0,0,0,18.1032,0
44.7049,2.47981,0,0,1.42367,0.0730938,0.36288,3.6288,50.6893,0.69782,0,0,0.37611,0.234525,0,0.66528,12.849,1,0.689723,0.36288,0,24.0405,5.0701,18.6436,0.84672,12.849,0.84672,3695.15,0,18.483,0.251687,0.30119,1.73117,2.03465,1.27571,2.53962,0.42336,0,0,18.483,0.42336,442.007,0,0.557142,0,0,0.858332,0.30119,1.028160,1,0,21.1832,0,0,0,21.1832,0
43.3079,2.46234,0,0,1.50164,0.0733323,0.36288,3.6288,50.1537,0.67975,0,0,0.367279,0.223053,0,0.66528,12.849,1,0.707721,0.36288,0,25.4215,4.95232,20.1243,0.84672,12.849,0.84672,3695.15,0,18.483,0.24786,0.30119,1.75801,2.05636,1.28621,2.58149,0.42336,0,0,18.483,0.42336,442.007,0,0.579286,0,0,0.880476,0.30119,1.028160,1,0,22.7058,0,0,0,22.7058,0
41.7954,2.44514,0,0,1.36764,0.0721728,0.36288,3.6288,49.6543,0.639051,0,0,0.361692,0.22208,0,0.66528,12.849,1,0.725445,0.36288,0,24.8304,4.95232,19.5155,0.84672,12.849,0.84672,3695.15,0,18.483,0.235507,0.261274,1.7583,1.98359,1.28621,2.48144,0.42336,0,0,18.483,0.42336,442.007,0,0.632586,0,0,0.89386,0.261274,1.028160,1,0,21.997,0,0,0,21.997,0
40.1687,2.42545,0,0,1.23257,0.0709173,0.36288,3.6288,49.0495,0.720453,0,0,0.336817,0.221172,0,0.66528,12.849,1,0.745648,0.36288,0,23.0142,4.95232,17.6791,0.84672,12.849,0.84672,3695.15,0,18.483,0.268177,0.261274,1.75859,1.88862,1.28621,2.35409,0.42336,0,0,18.483,0.42336,442.007,0,0.518763,0,0,0.780037,0.261274,1.028160,1,0,20.0332,0,0,0,20.0332,0
38.52,2.45905,0,0,1.22758,0.0543603,0.36288,3.6288,48.408,0.73476,0,0,0.357804,0.264487,0,0.66528,12.849,1,0.786591,0.36288,0,22.2714,5.52413,16.3236,0.84672,12.849,0.84672,3695.15,0,18.483,0.276875,0.261274,1.75888,1.85551,1.47062,2.12817,0.42336,0,0,18.483,0.42336,442.007,0,0.532846,0,0,0.79412,0.261274,1.028160,1,0,18.4517,0,0,0,18.4517,0
37.0686,2.43421,0,0,1.3977,0.0520086,0.36288,3.6288,47.9292,0.658214,0,0,0.447875,0.268532,0,0.66528,12.849,1,0.811971,0.36288,0,23.767,5.47155,17.8464,0.84672,12.849,0.84672,3695.15,0,18.483,0.251317,0.261274,1.8015,2.01919,1.39065,2.43999,0.42336,0,0,18.483,0.42336,442.007,0,0.635204,0,0,0.896478,0.261274,1.028160,1,0,20.2863,0,0,0,20.2863,0
35.4813,2.411,0,0,1.23774,0.0511304,0.36288,3.6288,47.381,0.701275,0,0,0.420581,0.267464,0,0.66528,12.849,1,0.835718,0.36288,0,22.3929,5.47155,16.4485,0.84672,12.849,0.84672,3695.15,0,18.483,0.270434,0.261274,1.8018,1.99953,1.39065,2.40152,0.42336,0,0,18.483,0.42336,442.007,0,0.573281,0,0,0.834555,0.261274,1.028160,1,0,18.85,0,0,0,18.85,0
33.7921,2.40053,0,0,1.12437,0.05017,0.36288,3.6288,46.8103,0.713621,0,0,0.409184,0.266241,0,0.66528,12.849,1,0.84672,0.36288,0,21.0792,5.47155,15.1238,0.84672,12.849,0.84672,3695.15,0,18.483,0.278378,0.227405,1.80209,1.92815,1.39065,2.28861,0.42336,0,0,18.483,0.42336,442.007,0,0.553245,0,0,0.78065,0.227405,1.028160,1,0,17.4124,0,0,0,17.4124,0
31.7262,2.61797,0,0,0.952301,0.0374149,0.36288,3.6288,46.1357,0.811578,0,0,0.406962,0.270059,0,0.66528,12.849,1,0.84672,0.36288,0,20.089,5.74834,13.8568,0.84672,12.849,0.84672,3695.15,0,18.483,0.32045,0.227405,1.80239,1.89207,1.39115,2.21027,0.42336,0,0,18.483,0.42336,442.007,0,0.546532,0,0,0.773937,0.227405,1.028160,1,0,16.067,0,0,0,16.067,0
29.5235,2.61854,0,0,0.854971,0.0761941,0.36288,3.6288,45.4857,0.80334,0,0,0.411832,0.258477,0,0.66528,12.849,1,0.84672,0.36288,0,17.7443,5.51757,11.7429,0.84672,12.849,0.84672,3695.15,0,18.483,0.321836,0.227405,1.94614,1.71041,1.29227,2.26984,0.42336,0,0,18.483,0.42336,442.007,0,0.55366,0,0,0.781065,0.227405,1.028160,1,0,14.0127,0,0,0,14.0127,0
27.3163,2.55338,0,0,0.788253,0.0792379,0.36288,3.6288,44.8104,0.812032,0,0,0.393602,0.256847,0,0.66528,12.849,1,0.84672,0.36288,0,17.6418,5.50483,11.6532,0.84672,12.849,0.84672,3695.15,0,18.483,0.329967,0.227405,1.94646,1.65836,1.29311,2.20915,0.42336,0,0,18.483,0.42336,442.007,0,0.505267,0,0,0.732672,0.227405,1.028160,1,0,13.8623,0,0,0,13.8623,0
25.2731,2.55394,0,0,0.950512,0.0768799,0.36288,3.6288,44.207,0.751394,0,0,0.403207,0.255232,0,0.66528,12.849,1,0.84672,0.36288,0,17.5528,5.50483,11.5641,0.84672,12.849,0.84672,3695.15,0,18.483,0.309928,0.204422,1.90986,2.39306,1.29311,2.9043,0.42336,0,0,18.483,0.42336,442.007,0,0.586215,0,0,0.790638,0.204422,1.028160,1,0,14.4684,0,0,0,14.4684,0
23.1812,2.48874,0,0,0.834408,0.0746971,0.36288,3.6288,43.6133,0.744074,0,0,0.404192,0.253788,0,0.66528,12.849,1,0.84672,0.36288,0,16.563,5.50483,10.5743,0.84672,12.849,0.84672,3695.15,0,18.483,0.311098,0.204422,1.91017,1.75917,1.29311,2.26956,0.42336,0,0,18.483,0.42336,442.007,0,0.560779,0,0,0.765202,0.204422,1.028160,1,0,12.8439,0,0,0,12.8439,0
21.6717,2.45126,0,0,1.37912,0.0744674,0.36288,3.6288,43.7485,0.388585,0,0,0.76057,0.236808,0,0.66528,12.849,1,0.84672,0.36288,0,21.3962,5.28409,15.6282,0.84672,12.849,0.84672,3695.15,0,18.483,0.164679,0.204422,1.87355,3.15712,1.27918,3.79123,0.42336,0,0,18.483,0.42336,442.007,0,1.01552,0,0,1.21994,0.204422,1.028160,1,0,19.4195,0,0,0,19.4195,0
20.5104,2.45181,0,0,1.72276,0.0693692,0.36288,3.6288,43.9262,0.382777,0,0,0.785817,0.225303,0,0.66528,12.849,1,0.84672,0.36288,0,33.5373,5.07969,27.9738,0.84672,12.849,0.84672,3695.15,0,18.483,0.161717,0.204422,1.83008,3.59041,1.27635,4.18686,0.42336,0,0,18.483,0.42336,442.007,0,1.02455,0,0,1.22897,0.204422,1.028160,1,0,32.1606,0,0,0,32.1606,0
19.5758,2.19723,0,0,1.69383,0.0682757,0.36288,3.6288,44.0633,0.341672,0,0,0.704411,0.225682,0,0.66528,12.849,1,0.84672,0.36288,0,30.7511,5.07969,25.1875,0.84672,12.849,0.84672,3695.15,0,18.483,0.143767,0.216518,1.83039,3.34613,1.27635,3.97293,0.42336,0,0,18.483,0.42336,442.007,0,0.962505,0,0,1.17902,0.216518,1.028160,1,0,29.1605,0,0,0,29.1605,0
18.4841,2.19773,0,0,1.59277,0.12392,0.36288,3.6288,44.3323,0.295902,0,0,0.736171,0.171254,0,0.66528,12.849,1,0.84672,0.36288,0,39.1138,4.79289,33.8371,0.84672,12.849,0.84672,3695.15,0,18.483,0.12412,0.228087,1.68912,3.99432,1.09169,4.69572,0.42336,0,0,18.483,0.42336,442.007,0,1.02816,0,0,1.25625,0.228087,1.028160,1,0,38.5328,0,0,0,38.5328,0
17.7862,2.11957,0,0,1.9377,0.153098,0.36288,3.6288,44.647,0.249569,0,0,0.715651,0.151344,0,0.66528,12.849,1,0.84672,0.36288,0,42.1851,4.94527,36.756,0.84672,12.849,0.84672,3695.15,0,18.483,0.10405,0.275348,1.6894,5.7234,1.0256,6.55849,0.42336,0,0,18.483,0.42336,442.007,0,1.02816,0,0,1.30351,0.275348,1.028160,1,0,43.3145,0,0,0,43.3145,0
16.8923,2.30655,0,0,1.91906,0.143556,0.36288,3.6288,44.7722,0.311687,0,0,0.645595,0.208697,0,0.66528,12.849,1,0.84672,0.36288,0,32.6906,3.44957,28.7572,0.84672,12.849,0.84672,3695.15,0,18.483,0.129032,0.342135,1.62345,6.05419,0.885802,7.00493,0.42336,0,0,18.483,0.42336,442.007,0,1.02816,0,0,1.3703,0.342135,1.028160,1,0,35.7621,0,0,0,35.7621,0
15.9025,2.30707,0,0,1.82186,0.141718,0.36288,3.6288,44.3421,0.665877,0,0,0.444681,0.208942,0,0.66528,12.849,1,0.84672,0.36288,0,29.8581,3.44957,25.9247,0.84672,12.849,0.84672,3695.15,0,18.483,0.274889,0.216518,1.72578,5.41732,0.885802,6.19893,0.42336,0,0,18.483,0.42336,442.007,0,0.528354,0,0,0.744873,0.216518,1.028160,1,0,32.1236,0,0,0,32.1236,0
16.7658,2.36977,0,0,3.73543,0.139427,0.36288,3.6288,44.784,0.331847,0,0,0.981865,0.2081,0,0.66528,12.849,1,0.84672,0.36288,0,46.1208,3.44957,42.1874,0.84672,12.849,0.84672,3695.15,0,18.483,0.138323,0.813637,1.72606,7.74559,0.885802,9.26116,0.42336,0,0,18.483,0.42336,442.007,0,1.02816,0,0,1.8418,0.813637,1.028160,1,0,51.4486,0,0,0,51.4486,0
21.6506,2.07051,0,0,7.45958,0.141457,0.36288,3.6288,46.2566,0.207988,0,0,1.88952,0.208965,0,0.66528,12.849,1,0.84672,0.36288,0,85.0191,3.44957,81.0857,0.84672,12.849,0.84672,3695.15,0,18.483,0.0858396,2.96541,1.76038,12.4615,0.885802,16.2156,0.42336,0,0,18.483,0.42336,442.007,0,1.02816,0,0,3.99357,2.96541,1.028160,1,0,97.3013,0,0,0,97.3013,0
24.18,2.18603,0,0,5.23714,0.158781,0.36288,3.6288,47.9074,0.247345,0,0,2.07616,0.178049,0,0.66528,12.849,1,0.84672,0.36288,0,93.6666,3.99578,89.187,0.84672,12.849,0.84672,3695.15,0,18.483,0.0988328,2.54759,1.56806,12.8951,1.05392,15.858,0.42336,0,0,18.483,0.42336,442.007,0,1.02816,0,0,3.57575,2.54759,1.028160,1,0,105.045,0,0,0,105.045,0
26.049,2.18653,0,0,4.58413,0.1657,0.36288,3.6288,49.0782,0.249965,0,0,1.59573,0.174889,0,0.66528,12.849,1,0.84672,0.36288,0,96.6972,4.08681,92.1265,0.84672,12.849,0.84672,3695.15,0,18.483,0.0964384,1.50641,1.63015,8.85056,1.08194,10.8087,0.42336,0,0,18.483,0.42336,442.007,0,1.02816,0,0,2.53457,1.50641,1.028160,1,0,102.935,0,0,0,102.935,0
27.9596,2.18703,0,0,4.63067,0.170199,0.36288,3.6288,50.6031,0.251801,0,0,1.9533,0.176597,0,0.66528,12.849,1,0.84672,0.36288,0,136.882,4.08681,132.311,0.84672,12.849,0.84672,3695.15,0,18.483,0.0948289,1.85303,1.63042,10.5071,1.08194,12.8138,0.42336,0,0,18.483,0.42336,442.007,0,1.02816,0,0,2.88119,1.85303,1.028160,1,0,145.125,0,0,0,145.125,0
32.2364,2.18753,0,0,7.00201,0.174799,0.36288,3.6288,52.5458,0.25406,0,0,2.37558,0.178821,0,0.66528,12.849,1,0.84672,0.36288,0,157.25,4.08681,152.679,0.84672,12.849,0.84672,3695.15,0,18.483,0.0927964,2.13396,1.63069,16.4849,1.08194,19.0749,0.42336,0,0,18.483,0.42336,442.007,0,1.02816,0,0,3.16212,2.13396,1.028160,1,0,171.754,0,0,0,171.754,0
35.2702,2.18753,0,0,5.78341,0.199169,0.36288,3.6288,54.2901,0.256598,0,0,2.18307,0.182195,0,0.66528,12.849,1,0.84672,0.36288,0,127.762,4.00478,123.274,0.84672,12.849,0.84672,3695.15,0,18.483,0.0902583,2.55628,1.63096,13.0131,1.16802,15.9421,0.42336,0,0,18.483,0.42336,442.007,0,1.02816,0,0,3.58444,2.55628,1.028160,1,0,139.216,0,0,0,139.216,0
40.98,2.29407,0,0,8.59308,0.22637,0.36288,3.6288,58.2457,0.292098,0,0,4.43303,0.185367,0,0.66528,12.849,1,0.835735,0.36288,0,175.844,3.8954,171.476,0.84672,12.849,0.84672,3695.15,0,18.483,0.0994444,6.54267,1.63096,28.4791,1.28278,35.2705,0.42336,0,0,18.483,0.42336,442.007,0,1.02816,0,0,7.57083,6.54267,1.028160,1,0,206.746,0,0,0,206.746,0
45.4274,2.38309,0,0,7.43558,0.242144,0.36288,3.6288,61.308,0.297392,0,0,4.36496,0.190217,0.815016,0.66528,12.849,1,0.747203,0.36288,0,154.811,3.8954,150.531,0.84672,12.849,0.84672,3695.15,0,18.483,0.094371,3.456,1.68339,18.0122,1.28278,21.7744,0.42336,0,0,18.483,0.42336,442.007,0,1.02816,0,0,4.48416,3.456,1.028160,1,0,173.12,0,0,0,173.12,0
50.0439,2.4405,0,0,7.67388,0.254009,0.36288,3.6288,61.308,0.301184,0,0,2.31854,0.168118,1.84924,0.66528,12.849,1,0.690286,0.36288,0,138.725,3.56157,134.836,0.84672,12.849,0.84672,3695.15,0,18.483,0.0908003,2.48959,1.68365,13.9379,1.21234,16.808,0.42336,0,0,18.483,0.42336,442.007,0,1.02816,0,0,3.51775,2.48959,1.028160,1,0,153.493,0,0,0,153.493,0
52.9436,2.49155,0,0,6.02084,0.266796,0.36288,3.6288,61.308,0.301354,0,0,2.75941,0.157777,2.30028,0.66528,12.849,1,0.639717,0.36288,0,141.278,3.42804,137.573,0.84672,12.849,0.84672,3695.15,0,18.483,0.0908515,2.61611,1.68391,12.7392,1.18416,15.7642,0.42336,0,0,18.483,0.42336,442.007,0,1.02816,0,0,3.64427,2.61611,1.028160,1,0,155.637,0,0,0,155.637,0
55.9719,2.76595,0,0,6.45527,0.298117,0.36288,3.6288,61.308,0.429863,0,0,2.69163,0.168955,2.09281,0.66528,12.849,1,0.671274,0.36288,0,169.157,4.02959,164.819,0.84672,12.849,0.84672,3695.15,0,18.483,0.129594,3.10017,1.68417,19.1211,1.08166,22.6942,0.42336,0,0,18.483,0.42336,442.007,0,1.02816,0,0,4.12833,3.10017,1.028160,1,0,189.606,0,0,0,189.606,0
59.4402,2.79592,0,0,6.92952,0.302424,0.36288,3.6288,61.308,0.430053,0,0,3.04816,0.164891,2.45321,0.66528,12.849,1,0.641836,0.36288,0,155.368,4.13296,150.956,0.84672,12.849,0.84672,3695.15,0,18.483,0.129651,3.21322,1.87073,17.5961,1.05471,21.4957,0.42336,0,0,18.483,0.42336,442.007,0,1.02816,0,0,4.24138,3.21322,1.028160,1,0,174.905,0,0,0,174.905,0
68.6233,2.82715,0,0,12.6854,0.31226,0.36288,3.6288,61.308,0.430242,0,0,4.20316,0.149378,3.62354,0.66528,12.849,1,0.611137,0.36288,0,227.695,3.93267,223.514,0.84672,12.849,0.84672,3695.15,0,18.483,0.129709,5.06141,1.87102,32.8833,1.01244,38.6736,0.42336,0,0,18.483,0.42336,442.007,0,1.02816,0,0,6.08957,5.06141,1.028160,1,0,265.811,0,0,0,265.811,0
69.9964,2.89649,0,0,4.96917,0.336719,0.36288,3.6288,61.308,0.430432,0,0,1.96165,0.149378,1.38184,0.66528,12.849,1,0.542337,0.36288,0,187.485,3.93267,183.373,0.84672,12.849,0.84672,3695.15,0,18.483,0.129766,2.14396,1.87131,13.6316,1.01244,16.5046,0.42336,0,0,18.483,0.42336,442.007,0,1.02816,0,0,3.17212,2.14396,1.028160,1,0,201.26,0,0,0,201.26,0
71.582,2.53758,0,0,4.80555,0.31944,0.36288,3.6288,61.308,0.258282,0,0,2.07339,0.197706,1.61741,0.66528,12.849,1,0.465815,0.36288,0,96.768,4.55018,92.1149,0.84672,12.849,0.84672,3695.15,0,18.483,0.0778663,2.19662,1.8716,11.915,0.956363,14.949,0.42336,0,0,18.483,0.42336,442.007,0,1.02816,0,0,3.22478,2.19662,1.028160,1,0,108.681,0,0,0,108.681,0
72.29,2.54673,0,0,4.20784,0.323352,0.629815,3.6288,61.308,0.258445,0,0,2.30903,0.197706,1.85288,0.66528,12.849,1,0.457138,0.629815,0,88.9963,4.55018,84.6188,0.84672,12.849,0.84672,3695.15,0,18.483,0.0779155,2.06077,1.6169,10.559,0.956363,13.2024,0.42336,0,0,18.483,0.42336,442.007,0,1.02816,0,0,3.08893,2.06077,1.028160,1,0,99.6741,0,0,0,99.6741,0
72.29,2.55092,0,0,7.65124,0.323732,4.77658,3.6288,61.308,0.258608,0,0,3.4716,0.186251,3.02674,0.66528,12.849,1,0.453408,4.77658,0,189.878,4.37087,189.83,0.84672,12.849,0.84672,3695.15,0,18.483,0.0779646,4.64754,1.61715,19.8317,0.925653,25.0927,0.42336,0,0,18.483,0.42336,442.007,0,1.02816,0,0,5.6757,4.64754,1.028160,1,0,217.95,0,0,0,217.95,0
72.29,2.55132,0,0,7.1621,0.320318,4.29046,3.6288,61.308,0.258771,0,0,3.17466,0.157616,2.75828,0.66528,12.849,1,0.453478,4.29046,0,181.821,3.92259,181.735,0.84672,12.849,0.84672,3695.15,0,18.483,0.0780138,4.25327,1.6174,17.2204,0.848877,22.1642,0.42336,0,0,18.483,0.42336,442.007,0,1.02816,0,0,5.28143,4.25327,1.028160,1,0,206.658,0,0,0,206.658,0
72.29,2.55172,0,0,5.54001,0.291801,2.69649,3.6288,61.308,0.258934,0,0,1.80088,0.200504,1.34144,0.66528,12.849,1,0.453549,2.69649,0,167.354,4.65177,164.945,0.84672,12.849,0.84672,3695.15,0,18.483,0.0780629,2.39458,1.61766,11.5619,1.01819,14.4779,0.42336,0,0,18.483,0.42336,442.007,0,1.02816,0,0,3.42274,2.39458,1.028160,1,0,180.765,0,0,0,180.765,0
72.29,2.64536,0,0,5.37056,0.257648,2.46755,3.6288,61.308,0.301291,0,0,1.2687,0.195614,0.771792,0.66528,12.849,1,0.470193,2.46755,0,129.084,5.21952,125.862,0.84672,12.849,0.84672,3695.15,0,18.483,0.0908325,1.75046,1.61791,10.7208,1.03426,12.9641,0.42336,0,0,18.483,0.42336,442.007,0,1.02816,0,0,2.77862,1.75046,1.028160,1,0,139.598,0,0,0,139.598,0
72.29,2.64578,0,0,7.3802,0.251767,4.48266,3.6288,61.308,0.301461,0,0,2.14977,0.193914,1.6544,0.66528,12.849,1,0.470267,4.48266,0,161.541,5.21682,160.337,0.84672,12.849,0.84672,3695.15,0,18.483,0.0908837,2.69289,1.68117,16.2656,1.02684,19.5219,0.42336,0,0,18.483,0.42336,442.007,0,1.02816,0,0,3.72105,2.69289,1.028160,1,0,181.513,0,0,0,181.513,0
72.29,2.64619,0,0,7.38098,0.251767,4.48303,3.6288,61.308,0.30163,0,0,2.4475,0.193914,1.95196,0.66528,12.849,1,0.47034,4.48303,0,174.167,5.21682,172.963,0.84672,12.849,0.84672,3695.15,0,18.483,0.0909349,3.07659,1.68143,17.7717,1.02684,21.4119,0.42336,0,0,18.483,0.42336,442.007,0,1.02816,0,0,4.10475,3.07659,1.028160,1,0,196.327,0,0,0,196.327,0
72.29,2.6466,0,0,5.39462,0.224757,2.52326,3.6288,61.308,0.3018,0,0,1.74697,0.203329,1.24184,0.66528,12.849,1,0.470413,2.52326,0,148.486,4.95447,145.585,0.84672,12.849,0.84672,3695.15,0,18.483,0.0909861,2.01843,1.68169,12.3884,1.0595,14.938,0.42336,0,0,18.483,0.42336,442.007,0,1.02816,0,0,3.04659,2.01843,1.028160,1,0,161.764,0,0,0,161.764,0
72.29,2.61053,0,0,3.9153,0.157233,1.14754,3.6288,61.308,0.285572,0,0,1.0954,0.226869,0.582955,0.66528,12.849,1,0.464001,1.14754,0,70.8342,4.29859,67.2191,0.84672,12.849,0.84672,3695.15,0,18.483,0.0860937,0.846573,1.68195,6.75648,1.14115,8.05776,0.42336,0,0,18.483,0.42336,442.007,0,1.02816,0,0,1.87473,0.846573,1.028160,1,0,75.8598,0,0,0,75.8598,0
72.29,2.61093,0,0,3.45323,0.157233,0.685061,3.6288,61.308,0.285739,0,0,1.19079,0.226869,0.678182,0.66528,12.849,1,0.464074,0.685061,0,66.0191,4.29859,61.9415,0.84672,12.849,0.84672,3695.15,0,18.483,0.0861441,0.993488,1.65767,6.9781,1.14115,8.40196,0.42336,0,0,18.483,0.42336,442.007,0,1.02816,0,0,2.02165,0.993488,1.028160,1,0,71.0216,0,0,0,71.0216,0
72.29,2.61134,0,0,3.524,0.157233,0.755425,3.6288,61.308,0.285907,0,0,1.02484,0.226869,0.512067,0.66528,12.849,1,0.464146,0.755425,0,63.733,4.29859,59.7256,0.84672,12.849,0.84672,3695.15,0,18.483,0.0861945,0.636682,1.65793,6.90172,1.14115,7.96899,0.42336,0,0,18.483,0.42336,442.007,0,1.02816,0,0,1.66484,0.636682,1.028160,1,0,68.2067,0,0,0,68.2067,0
72.29,2.61175,0,0,3.60437,0.126822,0.865808,3.6288,61.308,0.286074,0,0,1.00221,0.241705,0.474427,0.66528,12.849,1,0.464218,0.865808,0,66.0476,5.46822,60.981,0.84672,12.849,0.84672,3695.15,0,18.483,0.0862449,0.710113,1.65819,8.58323,1.18726,9.67803,0.42336,0,0,18.483,0.42336,442.007,0,1.02816,0,0,1.73827,0.710113,1.028160,1,0,71.1334,0,0,0,71.1334,0
72.29,2.73606,0,0,3.2438,0.105414,0.402324,3.6288,61.308,0.344428,0,0,0.945285,0.232531,0.368326,0.66528,12.849,1,0.486315,0.402324,0,65.2551,5.20113,59.9699,0.84672,12.849,0.84672,3695.15,0,18.483,0.103837,0.583183,1.65845,5.87527,1.11886,6.8942,0.42336,0,0,18.483,0.42336,442.007,0,1.02816,0,0,1.61134,0.583183,1.028160,1,0,67.2325,0,0,0,67.2325,0
72.2442,2.73649,0,0,3.11752,0.0639141,0.36288,3.6288,61.308,0.34653,0,0,0.875076,0.242294,0.286253,0.66528,12.849,1,0.48639,0.36288,0,56.1994,5.28748,50.7884,0.84672,12.849,0.84672,3695.15,0,18.483,0.104471,0.402797,1.74456,5.57939,1.19312,6.42915,0.42336,0,0,18.483,0.42336,442.007,0,1.02565,0,0,1.42845,0.402797,1.028160,1,0,57.5038,0,0,0,57.5038,0
72.1505,2.73665,0,0,3.06973,0.0638919,0.36288,3.6288,61.308,0.344781,0,0,0.876398,0.242294,0.289323,0.66528,12.849,1,0.486727,0.36288,0,52.8454,5.28748,47.4341,0.84672,12.849,0.84672,3695.15,0,18.483,0.103944,0.428959,1.74483,5.33914,1.19312,6.21586,0.42336,0,0,18.483,0.42336,442.007,0,1.02816,0,0,1.45712,0.428959,1.028160,1,0,53.9393,0,0,0,53.9393,0
71.722,2.73654,0,0,2.74453,0.0736694,0.36288,3.6288,61.308,0.344957,0,0,0.842944,0.239661,0.258326,0.66528,12.849,1,0.48734,0.36288,0,50.0989,5.11826,44.8562,0.84672,12.849,0.84672,3695.15,0,18.483,0.103997,0.493897,1.7451,4.93392,1.19965,5.86927,0.42336,0,0,18.483,0.42336,442.007,0,1.02816,0,0,1.52206,0.493897,1.028160,1,0,50.9837,0,0,0,50.9837,0
70.9951,2.7345,0,0,2.44858,0.0780726,0.36288,3.6288,61.308,0.345134,0,0,0.879673,0.26112,0.273419,0.66528,12.849,1,0.489885,0.36288,0,45.3054,5.08236,40.096,0.84672,12.849,0.84672,3695.15,0,18.483,0.10405,0.460253,1.74537,4.48005,1.25547,5.32615,0.42336,0,0,18.483,0.42336,442.007,0,1.02816,0,0,1.48841,0.460253,1.028160,1,0,45.6956,0,0,0,45.6956,0
70.0966,2.70622,0,0,2.23341,0.0628468,0.36288,3.6288,61.308,0.377316,0,0,0.887052,0.282153,0.227583,0.66528,12.849,1,0.489783,0.36288,0,44.3413,5.37274,38.8417,0.84672,12.849,0.84672,3695.15,0,18.483,0.113752,0.396602,1.74565,4.43849,1.28509,5.18189,0.42336,0,0,18.483,0.42336,442.007,0,1.02816,0,0,1.42476,0.396602,1.028160,1,0,44.2512,0,0,0,44.2512,0
69.0346,2.70133,0,0,2.06465,0.062414,0.36288,3.6288,61.308,0.377497,0,0,0.857589,0.282153,0.197939,0.66528,12.849,1,0.495165,0.36288,0,44.0735,5.37274,38.5685,0.84672,12.849,0.84672,3695.15,0,18.483,0.113807,0.372505,1.77269,4.5006,1.28509,5.24689,0.42336,0,0,18.483,0.42336,442.007,0,1.02816,0,0,1.40066,0.372505,1.028160,1,0,44.0133,0,0,0,44.0133,0
67.7889,2.69533,0,0,1.87436,0.0619026,0.36288,3.6288,61.308,0.397793,0,0,0.810156,0.282153,0.130209,0.66528,12.849,1,0.501665,0.36288,0,42.7637,5.37274,37.2521,0.84672,12.849,0.84672,3695.15,0,18.483,0.119926,0.261274,1.77296,4.23052,1.28509,4.85974,0.42336,0,0,18.483,0.42336,442.007,0,1.00198,0,0,1.26325,0.261274,1.028160,1,0,42.2421,0,0,0,42.2421,0
66.3962,2.688,0,0,1.71695,0.0587524,0.36288,3.6288,61.2947,0.480699,0,0,0.763508,0.296106,0,0.66528,12.849,1,0.509495,0.36288,0,37.1044,5.54016,31.4176,0.84672,12.849,0.84672,3695.15,0,18.483,0.14492,0.261274,1.77324,3.98091,1.34715,4.52335,0.42336,0,0,18.483,0.42336,442.007,0,0.894318,0,0,1.15559,0.261274,1.028160,1,0,35.941,0,0,0,35.941,0
65.0182,2.74199,0,0,1.77193,0.0450488,0.36288,3.6288,61.2433,0.578036,0,0,0.856328,0.329663,0,0.66528,12.849,1,0.530631,0.36288,0,33.2036,5.78439,27.2515,0.84672,12.849,0.84672,3695.15,0,18.483,0.174303,0.261274,1.77351,3.45445,1.49377,3.82117,0.42336,0,0,18.483,0.42336,442.007,0,0.80498,0,0,1.06625,0.261274,1.028160,1,0,31.0726,0,0,0,31.0726,0
63.6667,2.73303,0,0,1.78411,0.0396504,0.36288,3.6288,61.2427,0.48026,0,0,0.813672,0.333997,0,0.66528,12.849,1,0.540105,0.36288,0,43.4929,5.82236,37.4933,0.84672,12.849,0.84672,3695.15,0,18.483,0.144941,0.261274,1.81647,3.80255,1.51626,4.2191,0.42336,0,0,18.483,0.42336,442.007,0,0.93236,0,0,1.19363,0.261274,1.028160,1,0,41.7124,0,0,0,41.7124,0
62.2113,2.72391,0,0,1.67057,0.0392201,0.36288,3.6288,61.194,0.471432,0,0,0.756674,0.333995,0,0.66528,12.849,1,0.54973,0.36288,0,34.9205,5.82236,28.9113,0.84672,12.849,0.84672,3695.15,0,18.483,0.142278,0.227405,1.81676,3.4277,1.51626,3.81333,0.42336,0,0,18.483,0.42336,442.007,0,0.944093,0,0,1.1715,0.227405,1.028160,1,0,32.7246,0,0,0,32.7246,0
60.617,2.71367,0,0,1.52099,0.0387566,0.36288,3.6288,60.9685,0.609986,0,0,0.718364,0.333892,0,0.66528,12.849,1,0.560476,0.36288,0,31.8254,5.82236,25.8054,0.84672,12.849,0.84672,3695.15,0,18.483,0.18424,0.227405,1.81704,3.19728,1.51626,3.54123,0.42336,0,0,18.483,0.42336,442.007,0,0.763819,0,0,0.991224,0.227405,1.028160,1,0,29.3466,0,0,0,29.3466,0
58.7647,2.88238,0,0,1.44624,0.0532957,0.36288,3.6288,61.0282,0.509754,0,0,0.875344,0.305823,0,0.66528,12.849,1,0.610979,0.36288,0,30.0617,5.88881,23.9248,0.84672,12.849,0.84672,3695.15,0,18.483,0.154535,0.48702,1.81732,3.96155,1.51833,4.59302,0.42336,0,0,18.483,0.42336,442.007,0,1.02816,0,0,1.51518,0.48702,1.028160,1,0,28.5178,0,0,0,28.5178,0
56.6338,2.86702,0,0,1.15732,0.0582911,0.36288,3.6288,60.9781,0.510072,0,0,0.754825,0.294898,0,0.66528,12.849,1,0.626879,0.36288,0,26.6749,5.91538,20.4955,0.84672,12.849,0.84672,3695.15,0,18.483,0.15448,0.341081,1.96224,3.49143,1.51917,4.12111,0.42336,0,0,18.483,0.42336,442.007,0,1.02816,0,0,1.36924,0.341081,1.028160,1,0,24.6166,0,0,0,24.6166,0
54.5471,2.84824,0,0,1.18149,0.057089,0.36288,3.6288,60.896,0.510176,0,0,0.7229,0.294804,0,0.66528,12.849,1,0.646205,0.36288,0,24.6102,5.91538,18.4115,0.84672,12.849,0.84672,3695.15,0,18.483,0.154639,0.285336,1.96255,3.57935,1.51917,4.15343,0.42336,0,0,18.483,0.42336,442.007,0,1.02816,0,0,1.3135,0.285336,1.028160,1,0,22.5649,0,0,0,22.5649,0
53.056,2.82867,0,0,1.76074,0.0602854,0.36288,3.6288,60.9481,0.510218,0,0,0.855835,0.293581,0,0.66528,12.849,1,0.666316,0.36288,0,31.6796,5.8857,25.4905,0.84672,12.849,0.84672,3695.15,0,18.483,0.15486,0.554239,1.96285,3.92285,1.51552,4.76955,0.42336,0,0,18.483,0.42336,442.007,0,1.02816,0,0,1.5824,0.554239,1.028160,1,0,30.26,0,0,0,30.26,0
51.4819,2.81403,0,0,1.67898,0.0761838,0.36288,3.6288,61.0678,0.510521,0,0,0.8985,0.268275,0,0.66528,12.849,1,0.681497,0.36288,0,34.743,5.6508,28.7736,0.84672,12.849,0.84672,3695.15,0,18.483,0.15482,0.592963,1.96316,3.96283,1.45849,4.90564,0.42336,0,0,18.483,0.42336,442.007,0,1.02816,0,0,1.62112,0.592963,1.028160,1,0,33.6792,0,0,0,33.6792,0
49.1903,2.71243,0,0,0.846841,0.0630953,0.36288,3.6288,60.9532,0.448396,0,0,0.576963,0.243151,0,0.66528,12.849,1,0.676976,0.36288,0,17.9645,5.57508,12.0753,0.84672,12.849,0.84672,3695.15,0,18.483,0.135713,0.204716,1.96346,3.1168,1.41157,3.73769,0.42336,0,0,18.483,0.42336,442.007,0,1.02816,0,0,1.23288,0.204716,1.028160,1,0,15.813,0,0,0,15.813,0
46.9018,2.68784,0,0,0.823764,0.0615879,0.36288,3.6288,60.7055,0.53841,0,0,0.533751,0.242974,0,0.66528,12.849,1,0.70209,0.36288,0,16.41,5.57508,10.4957,0.84672,12.849,0.84672,3695.15,0,18.483,0.163264,0.216518,1.88081,3.06258,1.41157,3.58507,0.42336,0,0,18.483,0.42336,442.007,0,0.910846,0,0,1.12736,0.216518,1.028160,1,0,14.0808,0,0,0,14.0808,0
45.3646,2.66136,0,0,1.656,0.168972,0.36288,3.6288,61.2653,0.44816,0,0,1.14477,0.136869,0,0.66528,12.849,1,0.729095,0.36288,0,44.6189,4.12167,40.1311,0.84672,12.849,0.84672,3695.15,0,18.483,0.136451,0.59222,1.88111,7.71644,0.957286,9.09603,0.42336,0,0,18.483,0.42336,442.007,0,1.02816,0,0,1.62038,0.59222,1.028160,1,0,49.2271,0,0,0,49.2271,0
44.8031,2.64252,0,0,2.61001,0.166103,0.36288,3.6288,61.308,0.44931,0,0,1.02757,0.137355,0.39819,0.66528,12.849,1,0.748464,0.36288,0,50.5037,4.12167,45.9965,0.84672,12.849,0.84672,3695.15,0,18.483,0.135551,0.867845,1.8814,5.01278,0.957286,6.66919,0.42336,0,0,18.483,0.42336,442.007,0,1.02816,0,0,1.896,0.867845,1.028160,1,0,53.0639,0,0,0,53.0639,0
43.057,2.56755,0,0,1.38433,0.199939,0.36288,3.6288,61.308,0.392542,0,0,0.738941,0.190598,0.155801,0.66528,12.849,1,0.736345,0.36288,0,24.5605,3.43045,20.7566,0.84672,12.849,0.84672,3695.15,0,18.483,0.118343,0.968449,1.88169,4.07095,0.909983,5.89277,0.42336,0,0,18.483,0.42336,442.007,0,1.02816,0,0,1.99661,0.968449,1.028160,1,0,26.8051,0,0,0,26.8051,0
43.1014,2.54495,0,0,3.14822,0.195992,0.36288,3.6288,61.308,0.392726,0,0,1.05021,0.190598,0.466888,0.66528,12.849,1,0.75946,0.36288,0,47.9733,3.43045,44.1463,0.84672,12.849,0.84672,3695.15,0,18.483,0.118398,1.58216,1.80822,7.06323,0.909983,9.42523,0.42336,0,0,18.483,0.42336,442.007,0,1.02816,0,0,2.61032,1.58216,1.028160,1,0,54.0384,0,0,0,54.0384,0
44.99,2.54595,0,0,4.99352,0.196092,0.36288,3.6288,61.308,0.39291,0,0,2.1987,0.190598,1.61519,0.66528,12.849,1,0.758975,0.36288,0,65.2726,3.43045,61.4461,0.84672,12.849,0.84672,3695.15,0,18.483,0.118454,3.44461,1.8085,11.3727,0.909983,15.5973,0.42336,0,0,18.483,0.42336,442.007,0,1.02816,0,0,4.47277,3.44461,1.028160,1,0,78.6586,0,0,0,78.6586,0
45.0639,2.57113,0,0,3.20825,0.200361,0.36288,3.6288,61.308,0.393094,0,0,1.63933,0.190598,1.05564,0.66528,12.849,1,0.734307,0.36288,0,44.8933,3.43045,41.0914,0.84672,12.849,0.84672,3695.15,0,18.483,0.118509,2.85145,1.80878,11.2208,0.909983,14.8525,0.42336,0,0,18.483,0.42336,442.007,0,1.02816,0,0,3.87961,2.85145,1.028160,1,0,56.9995,0,0,0,56.9995,0
45.1336,2.37873,0,0,3.05258,0.241292,0.36288,3.6288,61.308,0.274422,0,0,1.56701,0.219644,1.07295,0.66528,12.849,1,0.678244,0.36288,0,42.9997,4.13143,38.5529,0.84672,12.849,0.84672,3695.15,0,18.483,0.082732,2.02125,1.80906,7.65055,1.02917,10.369,0.42336,0,0,18.483,0.42336,442.007,0,1.02816,0,0,3.04941,2.02125,1.028160,1,0,49.9948,0,0,0,49.9948,0
46.768,2.37992,0,0,4.61181,0.234593,0.36288,3.6288,61.308,0.274587,0,0,1.40991,0.221604,0.913719,0.66528,12.849,1,0.677534,0.36288,0,100.919,4.24946,96.3547,0.84672,12.849,0.84672,3695.15,0,18.483,0.0827819,2.6992,1.64317,8.58522,1.03893,11.8059,0.42336,0,0,18.483,0.42336,442.007,0,1.02816,0,0,3.72736,2.6992,1.028160,1,0,109.074,0,0,0,109.074,0
49.5844,2.39886,0,0,5.81712,0.238912,0.36288,3.6288,61.308,0.274752,0,0,2.08621,0.221604,1.58986,0.66528,12.849,1,0.659062,0.36288,0,94.3581,4.24946,89.8125,0.84672,12.849,0.84672,3695.15,0,18.483,0.0828317,3.14408,1.64343,10.0565,1.03893,13.7223,0.42336,0,0,18.483,0.42336,442.007,0,1.02816,0,0,4.17224,3.14408,1.028160,1,0,105.125,0,0,0,105.125,0
50.1501,2.42897,0,0,3.61167,0.25419,0.36288,3.6288,61.308,0.274918,0,0,1.1985,0.183779,0.739801,0.66528,12.849,1,0.629428,0.36288,0,100.216,3.83696,96.1123,0.84672,12.849,0.84672,3695.15,0,18.483,0.0828815,1.93616,1.64368,8.03339,0.927089,10.6033,0.42336,0,0,18.483,0.42336,442.007,0,1.02816,0,0,2.96432,1.93616,1.028160,1,0,107.455,0,0,0,107.455,0
50.3719,2.435,0,0,3.2701,0.250366,0.36288,3.6288,61.308,0.275083,0,0,1.0113,0.173018,0.563202,0.66528,12.849,1,0.623874,0.36288,0,60.6291,3.70336,56.6648,0.84672,12.849,0.84672,3695.15,0,18.483,0.0829314,1.57257,1.64394,7.65461,0.853411,9.93477,0.42336,0,0,18.483,0.42336,442.007,0,1.02816,0,0,2.60073,1.57257,1.028160,1,0,67.1627,0,0,0,67.1627,0
51.8571,2.51392,0,0,4.59162,0.22964,0.36288,3.6288,61.308,0.309687,0,0,1.45608,0.183941,0.962455,0.66528,12.849,1,0.641257,0.36288,0,92.3737,3.78189,88.3134,0.84672,12.849,0.84672,3695.15,0,18.483,0.0933636,2.33817,1.64419,7.93826,0.781061,11.0462,0.42336,0,0,18.483,0.42336,442.007,0,1.02816,0,0,3.36633,2.33817,1.028160,1,0,100.322,0,0,0,100.322,0
52.9074,2.52901,0,0,4.17537,0.233232,0.36288,3.6288,61.308,0.309848,0,0,1.32458,0.183941,0.830793,0.66528,12.849,1,0.62663,0.36288,0,83.5635,3.78189,79.5178,0.84672,12.849,0.84672,3695.15,0,18.483,0.0934122,2.04151,1.69703,7.3008,0.781061,10.1649,0.42336,0,0,18.483,0.42336,442.007,0,1.02816,0,0,3.06967,2.04151,1.028160,1,0,90.5135,0,0,0,90.5135,0
53.857,2.53939,0,0,4.09764,0.245749,0.36288,3.6288,61.308,0.310009,0,0,1.34574,0.185115,0.850617,0.66528,12.849,1,0.616712,0.36288,0,81.2557,3.84927,77.1526,0.84672,12.849,0.84672,3695.15,0,18.483,0.0934607,2.09318,1.69728,7.59724,0.818761,10.4755,0.42336,0,0,18.483,0.42336,442.007,0,1.02816,0,0,3.12134,2.09318,1.028160,1,0,88.4787,0,0,0,88.4787,0
54.7279,2.54854,0,0,4.09509,0.312738,0.36288,3.6288,61.308,0.31017,0,0,1.25008,0.201351,0.738558,0.66528,12.849,1,0.608021,0.36288,0,80.5991,4.49889,75.8551,0.84672,12.849,0.84672,3695.15,0,18.483,0.0935092,2.02046,1.69753,7.56804,1.1985,9.99402,0.42336,0,0,18.483,0.42336,442.007,0,1.02816,0,0,3.04862,2.02046,1.028160,1,0,86.5876,0,0,0,86.5876,0
56.6117,2.80613,0,0,5.34572,0.292882,0.36288,3.6288,61.308,0.439705,0,0,1.27866,0.161211,0.677743,0.66528,12.849,1,0.658822,0.36288,0,186.881,3.63432,182.95,0.84672,12.849,0.84672,3695.15,0,18.483,0.132561,1.62372,1.69778,7.69048,0.933773,9.94565,0.42336,0,0,18.483,0.42336,442.007,0,1.02816,0,0,2.65188,1.62372,1.028160,1,0,193.574,0,0,0,193.574,0
59.0346,2.82441,0,0,5.90383,0.293649,0.36288,3.6288,61.308,0.439885,0,0,1.34396,0.15248,0.751596,0.66528,12.849,1,0.641048,0.36288,0,98.3413,3.43571,94.6275,0.84672,12.849,0.84672,3695.15,0,18.483,0.132616,1.42185,1.88582,6.64693,0.855534,8.96646,0.42336,0,0,18.483,0.42336,442.007,0,1.02816,0,0,2.45001,1.42185,1.028160,1,0,104.346,0,0,0,104.346,0
60.4728,2.84643,0,0,4.96116,0.313665,0.36288,3.6288,61.308,0.440065,0,0,1.33866,0.144943,0.753648,0.66528,12.849,1,0.619532,0.36288,0,89.8258,3.47947,86.0896,0.84672,12.849,0.84672,3695.15,0,18.483,0.13267,1.44722,1.8861,6.41357,0.836367,8.77784,0.42336,0,0,18.483,0.42336,442.007,0,1.02816,0,0,2.47538,1.44722,1.028160,1,0,95.6211,0,0,0,95.6211,0
62.5472,2.85901,0,0,5.64711,0.350865,0.36288,3.6288,61.308,0.440245,0,0,1.89508,0.126101,1.32873,0.66528,12.849,1,0.607469,0.36288,0,78.1479,3.5889,74.3144,0.84672,12.849,0.84672,3695.15,0,18.483,0.132724,4.77846,1.88637,12.1276,0.788451,17.8712,0.42336,0,0,18.483,0.42336,442.007,0,1.02816,0,0,5.80662,4.77846,1.028160,1,0,93.5144,0,0,0,93.5144,0
67.666,2.51157,0,0,8.30127,0.307993,0.36288,3.6288,61.308,0.266701,0,0,2.85996,0.13661,2.45665,0.66528,12.849,1,0.515949,0.36288,0,147.836,2.82012,144.863,0.84672,12.849,0.84672,3695.15,0,18.483,0.0804044,3.92241,1.88665,15.8382,0.73498,20.8318,0.42336,0,0,18.483,0.42336,442.007,0,1.02816,0,0,4.95057,3.92241,1.028160,1,0,168.152,0,0,0,168.152,0
70.0583,2.54474,0,0,5.61229,0.312411,0.36288,3.6288,61.308,0.266856,0,0,2.01825,0.138361,1.61304,0.66528,12.849,1,0.483218,0.36288,0,146.248,2.69199,143.435,0.84672,12.849,0.84672,3695.15,0,18.483,0.0804511,2.55984,1.62989,12.803,0.726068,16.1862,0.42336,0,0,18.483,0.42336,442.007,0,1.02816,0,0,3.588,2.55984,1.028160,1,0,161.234,0,0,0,161.234,0
72.29,2.55906,0,0,6.8285,0.292753,1.74494,3.6288,61.308,0.26701,0,0,2.20421,0.13247,1.80473,0.66528,12.849,1,0.469343,1.74494,0,166.679,2.69886,165.255,0.84672,12.849,0.84672,3695.15,0,18.483,0.0804977,3.03948,1.63013,11.7555,0.74312,15.6015,0.42336,0,0,18.483,0.42336,442.007,0,1.02816,0,0,4.06764,3.03948,1.028160,1,0,182.662,0,0,0,182.662,0
72.29,2.57174,0,0,6.352,0.298349,3.48191,3.6288,61.308,0.267165,0,0,2.45816,0.16518,2.02581,0.66528,12.849,1,0.457107,3.48191,0,134.87,3.93741,133.958,0.84672,12.849,0.84672,3695.15,0,18.483,0.0805443,3.69033,1.63036,12.5808,0.957578,16.8634,0.42336,0,0,18.483,0.42336,442.007,0,1.02816,0,0,4.71849,3.69033,1.028160,1,0,152.847,0,0,0,152.847,0
72.29,2.57212,0,0,7.44042,0.291387,4.57692,3.6288,61.308,0.26732,0,0,2.93443,0.153591,2.51352,0.66528,12.849,1,0.457174,4.57692,0,122.736,3.75694,123.099,0.84672,12.849,0.84672,3695.15,0,18.483,0.0805909,2.55267,1.6306,10.4263,0.915456,13.6135,0.42336,0,0,18.483,0.42336,442.007,0,1.02816,0,0,3.58083,2.55267,1.028160,1,0,139.226,0,0,0,139.226,0
72.29,2.66649,0,0,8.22908,0.285994,5.2766,3.6288,61.308,0.310005,0,0,7.24153,0.166893,6.76463,0.66528,12.849,1,0.473948,5.2766,0,130.066,3.55792,131.31,0.84672,12.849,0.84672,3695.15,0,18.483,0.0934595,5.98789,1.63084,12.5984,0.971659,19.152,0.42336,0,0,18.483,0.42336,442.007,0,1.02816,0,0,7.01605,5.98789,1.028160,1,0,157.227,0,0,0,157.227,0
72.29,2.66688,0,0,6.85642,0.285994,3.90355,3.6288,61.308,0.310166,0,0,7.30711,0.166893,6.83005,0.66528,12.849,1,0.474017,3.90355,0,160.09,3.55792,159.961,0.84672,12.849,0.84672,3695.15,0,18.483,0.0935081,7.30861,1.69459,13.9647,0.971659,21.9028,0.42336,0,0,18.483,0.42336,442.007,0,1.02816,0,0,8.33677,7.30861,1.028160,1,0,188.694,0,0,0,188.694,0
72.29,2.66727,0,0,4.89612,0.277321,1.95154,3.6288,61.308,0.310327,0,0,4.86216,0.143192,4.40864,0.66528,12.849,1,0.474086,1.95154,0,128.77,2.91042,127.337,0.84672,12.849,0.84672,3695.15,0,18.483,0.0935566,5.05481,1.69484,9.21214,0.881078,14.9872,0.42336,0,0,18.483,0.42336,442.007,0,1.02816,0,0,6.08297,5.05481,1.028160,1,0,146.733,0,0,0,146.733,0
72.29,2.66766,0,0,4.57231,0.221083,1.68357,3.6288,61.308,0.310488,0,0,3.93687,0.164724,3.46166,0.66528,12.849,1,0.474156,1.68357,0,106.066,2.79247,104.482,0.84672,12.849,0.84672,3695.15,0,18.483,0.0936051,4.63122,1.69509,8.35661,0.930244,13.6591,0.42336,0,0,18.483,0.42336,442.007,0,1.02816,0,0,5.65938,4.63122,1.028160,1,0,121.603,0,0,0,121.603,0
72.29,2.63127,0,0,5.66999,0.209034,2.82968,3.6288,61.308,0.29412,0,0,3.19709,0.207234,2.69574,0.66528,12.849,1,0.467689,2.82968,0,122.55,3.69736,121.214,0.84672,12.849,0.84672,3695.15,0,18.483,0.0886708,4.55212,1.69533,7.74161,0.95188,12.9485,0.42336,0,0,18.483,0.42336,442.007,0,1.02816,0,0,5.58028,4.55212,1.028160,1,0,136.859,0,0,0,136.859,0
72.29,2.63166,0,0,4.42685,0.209034,1.58616,3.6288,61.308,0.294279,0,0,2.36711,0.207234,1.8656,0.66528,12.849,1,0.467758,1.58616,0,98.3612,3.69736,95.7822,0.84672,12.849,0.84672,3695.15,0,18.483,0.0887186,4.19345,1.67085,7.05171,0.95188,11.8754,0.42336,0,0,18.483,0.42336,442.007,0,1.02816,0,0,5.22161,4.19345,1.028160,1,0,109.523,0,0,0,109.523,0
72.29,2.63204,0,0,4.09535,0.209034,1.25427,3.6288,61.308,0.294438,0,0,1.89838,0.207234,1.39671,0.66528,12.849,1,0.467826,1.25427,0,69.647,3.69736,66.7361,0.84672,12.849,0.84672,3695.15,0,18.483,0.0887664,2.99349,1.67109,5.94352,0.95188,9.56745,0.42336,0,0,18.483,0.42336,442.007,0,1.02816,0,0,4.02165,2.99349,1.028160,1,0,77.7003,0,0,0,77.7003,0
72.29,2.63243,0,0,3.5917,0.164937,0.794334,3.6288,61.308,0.294596,0,0,1.761,0.217224,1.24919,0.66528,12.849,1,0.467894,0.794334,0,62.6028,3.89783,59.0315,0.84672,12.849,0.84672,3695.15,0,18.483,0.0888142,2.70366,1.67134,5.64235,1.023,8.90553,0.42336,0,0,18.483,0.42336,442.007,0,1.02816,0,0,3.73182,2.70366,1.028160,1,0,69.1862,0,0,0,69.1862,0
72.29,2.75771,0,0,3.4309,0.129516,0.543677,3.6288,61.308,0.353402,0,0,1.52083,0.234888,0.93254,0.66528,12.849,1,0.490162,0.543677,0,58.4161,4.55277,53.9168,0.84672,12.849,0.84672,3695.15,0,18.483,0.106543,2.18992,1.67158,5.40772,1.15766,8.00501,0.42336,0,0,18.483,0.42336,442.007,0,1.02816,0,0,3.21808,2.18992,1.028160,1,0,62.8544,0,0,0,62.8544,0
72.29,2.75811,0,0,3.39554,0.128577,0.50885,3.6288,61.308,0.353569,0,0,1.41841,0.238957,0.825885,0.66528,12.849,1,0.490233,0.50885,0,52.8147,4.75461,48.0787,0.84672,12.849,0.84672,3695.15,0,18.483,0.106593,2.01188,1.75836,5.20982,1.19019,7.68327,0.42336,0,0,18.483,0.42336,442.007,0,1.02816,0,0,3.04004,2.01188,1.028160,1,0,56.5878,0,0,0,56.5878,0
72.29,2.75851,0,0,3.28073,0.128577,0.393638,3.6288,61.308,0.353737,0,0,1.44685,0.238957,0.85416,0.66528,12.849,1,0.490305,0.393638,0,50.355,4.75461,45.5038,0.84672,12.849,0.84672,3695.15,0,18.483,0.106644,2.34302,1.75862,4.9832,1.19019,7.788,0.42336,0,0,18.483,0.42336,442.007,0,1.02816,0,0,3.37118,2.34302,1.028160,1,0,54.1459,0,0,0,54.1459,0
72.0263,2.75892,0,0,3.01121,0.153163,0.36288,3.6288,61.308,0.353904,0,0,1.35625,0.232373,0.76997,0.66528,12.849,1,0.490377,0.36288,0,47.3466,4.33153,42.8876,0.84672,12.849,0.84672,3695.15,0,18.483,0.106694,2.19249,1.75887,4.54443,1.20651,7.18259,0.42336,0,0,18.483,0.42336,442.007,0,1.02816,0,0,3.22065,2.19249,1.028160,1,0,50.8401,0,0,0,50.8401,0
71.4941,2.7578,0,0,2.71498,0.126417,0.36288,3.6288,61.308,0.354071,0,0,1.40676,0.251102,0.801583,0.66528,12.849,1,0.491972,0.36288,0,46.0056,4.70391,41.1726,0.84672,12.849,0.84672,3695.15,0,18.483,0.106745,2.05953,1.75913,4.97771,1.24716,7.44247,0.42336,0,0,18.483,0.42336,442.007,0,1.02816,0,0,3.08769,2.05953,1.028160,1,0,49.4166,0,0,0,49.4166,0
70.6767,2.73042,0,0,2.38829,0.112469,0.36288,3.6288,61.308,0.386495,0,0,1.38337,0.283794,0.713078,0.66528,12.849,1,0.490714,0.36288,0,45.7875,5.30178,40.3579,0.84672,12.849,0.84672,3695.15,0,18.483,0.11652,1.64712,1.75939,5.48446,1.32633,7.44811,0.42336,0,0,18.483,0.42336,442.007,0,1.02816,0,0,2.67528,1.64712,1.028160,1,0,48.5191,0,0,0,48.5191,0
69.7555,2.72602,0,0,2.26695,0.0992276,0.36288,3.6288,61.308,0.386667,0,0,1.33665,0.301478,0.648506,0.66528,12.849,1,0.495589,0.36288,0,42.7721,5.32077,37.3187,0.84672,12.849,0.84672,3695.15,0,18.483,0.116572,1.55568,1.78663,5.52572,1.38492,7.36654,0.42336,0,0,18.483,0.42336,442.007,0,1.02816,0,0,2.58384,1.55568,1.028160,1,0,45.3337,0,0,0,45.3337,0
68.7009,2.72089,0,0,2.12768,0.0985254,0.36288,3.6288,61.308,0.386839,0,0,1.17632,0.301478,0.488001,0.66528,12.849,1,0.501189,0.36288,0,39.0814,5.32077,33.6223,0.84672,12.849,0.84672,3695.15,0,18.483,0.116624,1.4601,1.78689,5.24404,1.38492,6.98949,0.42336,0,0,18.483,0.42336,442.007,0,1.02816,0,0,2.48826,1.4601,1.028160,1,0,41.0998,0,0,0,41.0998,0
67.5182,2.7148,0,0,1.99273,0.0977216,0.36288,3.6288,61.308,0.387012,0,0,1.09676,0.301478,0.408272,0.66528,12.849,1,0.507745,0.36288,0,37.3986,5.32077,31.933,0.84672,12.849,0.84672,3695.15,0,18.483,0.116675,1.32284,1.78715,4.96353,1.38492,6.57193,0.42336,0,0,18.483,0.42336,442.007,0,1.02816,0,0,2.351,1.32284,1.028160,1,0,38.9132,0,0,0,38.9132,0
66.4796,2.77092,0,0,2.17948,0.0842848,0.36288,3.6288,61.308,0.415949,0,0,1.14735,0.328135,0.403266,0.66528,12.849,1,0.527318,0.36288,0,38.0963,6.03918,31.8926,0.84672,12.849,0.84672,3695.15,0,18.483,0.125399,1.59159,1.78741,5.20099,1.5087,6.94589,0.42336,0,0,18.483,0.42336,442.007,0,1.02816,0,0,2.61975,1.59159,1.028160,1,0,39.2418,0,0,0,39.2418,0
65.2625,2.76442,0,0,1.9938,0.0835957,0.36288,3.6288,61.308,0.416125,0,0,1.07838,0.328135,0.334116,0.66528,12.849,1,0.5343,0.36288,0,35.8192,6.03918,29.6086,0.84672,12.849,0.84672,3695.15,0,18.483,0.125452,1.54239,1.83069,5.29387,1.5087,7.0328,0.42336,0,0,18.483,0.42336,442.007,0,1.02816,0,0,2.57055,1.54239,1.028160,1,0,36.9755,0,0,0,36.9755,0
63.8656,2.7565,0,0,1.80525,0.0827881,0.36288,3.6288,61.308,0.416301,0,0,1.03032,0.328135,0.285884,0.66528,12.849,1,0.542704,0.36288,0,33.7345,6.03918,27.5155,0.84672,12.849,0.84672,3695.15,0,18.483,0.125506,1.28035,1.83096,4.92216,1.5087,6.39927,0.42336,0,0,18.483,0.42336,442.007,0,1.02816,0,0,2.30851,1.28035,1.028160,1,0,34.2007,0,0,0,34.2007,0
62.2664,2.74702,0,0,1.57877,0.068097,0.36288,3.6288,61.308,0.416478,0,0,1.02302,0.335905,0.270637,0.66528,12.849,1,0.552667,0.36288,0,32.1227,6.26351,25.6694,0.84672,12.849,0.84672,3695.15,0,18.483,0.125559,1.24349,1.83123,4.97482,1.55352,6.37046,0.42336,0,0,18.483,0.42336,442.007,0,1.02816,0,0,2.27165,1.24349,1.028160,1,0,32.3105,0,0,0,32.3105,0
60.6626,2.91835,0,0,1.7544,0.0769042,0.36288,3.6288,61.308,0.520541,0,0,0.965494,0.319221,0.125732,0.66528,12.849,1,0.602218,0.36288,0,29.1187,5.95893,22.9204,0.84672,12.849,0.84672,3695.15,0,18.483,0.156932,1.12107,1.83149,5.15144,1.5079,6.43917,0.42336,0,0,18.483,0.42336,442.007,0,1.02816,0,0,2.14923,1.12107,1.028160,1,0,29.4853,0,0,0,29.4853,0
59.458,2.90564,0,0,2.13691,0.0729768,0.36288,3.6288,61.308,0.520733,0,0,0.981806,0.308548,0.152526,0.66528,12.849,1,0.615446,0.36288,0,29.2524,5.8653,23.1345,0.84672,12.849,0.84672,3695.15,0,18.483,0.156989,1.31895,1.97753,4.72732,1.60404,6.26276,0.42336,0,0,18.483,0.42336,442.007,0,1.02816,0,0,2.34711,1.31895,1.028160,1,0,29.5498,0,0,0,29.5498,0
58.0024,2.89581,0,0,1.87522,0.0721716,0.36288,3.6288,61.308,0.520924,0,0,0.947195,0.308548,0.117722,0.66528,12.849,1,0.62579,0.36288,0,37.185,5.8653,31.0568,0.84672,12.849,0.84672,3695.15,0,18.483,0.157047,1.2144,1.97782,4.53959,1.60404,5.97072,0.42336,0,0,18.483,0.42336,442.007,0,1.02816,0,0,2.24256,1.2144,1.028160,1,0,37.1452,0,0,0,37.1452,0
56.6001,2.88337,0,0,1.91518,0.0711616,0.36288,3.6288,61.308,0.521116,0,0,1.08652,0.308548,0.256859,0.66528,12.849,1,0.638741,0.36288,0,32.2115,5.8653,26.0703,0.84672,12.849,0.84672,3695.15,0,18.483,0.157105,1.34151,1.97811,4.71423,1.60404,6.2727,0.42336,0,0,18.483,0.42336,442.007,0,1.02816,0,0,2.36967,1.34151,1.028160,1,0,32.5999,0,0,0,32.5999,0
55.238,2.8709,0,0,1.94449,0.0728434,0.36288,3.6288,61.308,0.521308,0,0,1.16808,0.297996,0.348781,0.66528,12.849,1,0.651732,0.36288,0,38.8248,5.7891,32.7468,0.84672,12.849,0.84672,3695.15,0,18.483,0.157163,1.90973,1.97839,6.37018,1.56036,8.54077,0.42336,0,0,18.483,0.42336,442.007,0,1.02816,0,0,2.93789,1.90973,1.028160,1,0,41.6364,0,0,0,41.6364,0
55.0307,2.77107,0,0,3.005,0.0784098,0.36288,3.6288,61.308,0.458398,0,0,1.94533,0.271618,1.21531,0.66528,12.849,1,0.644582,0.36288,0,36.2054,5.5986,30.3251,0.84672,12.849,0.84672,3695.15,0,18.483,0.138197,2.96612,1.97868,10.3494,1.45116,13.7049,0.42336,0,0,18.483,0.42336,442.007,0,1.02816,0,0,3.99428,2.96612,1.028160,1,0,45.2453,0,0,0,45.2453,0
53.7319,2.7695,0,0,1.91189,0.0782469,0.36288,3.6288,61.308,0.45858,0,0,1.36809,0.271618,0.637894,0.66528,12.849,1,0.646646,0.36288,0,55.2603,5.5986,49.3779,0.84672,12.849,0.84672,3695.15,0,18.483,0.138252,2.18554,1.89538,7.09559,1.45116,9.5871,0.42336,0,0,18.483,0.42336,442.007,0,1.02816,0,0,3.2137,2.18554,1.028160,1,0,59.6029,0,0,0,59.6029,0
52.1022,2.75729,0,0,1.56769,0.0772265,0.36288,3.6288,61.308,0.458763,0,0,1.24929,0.271618,0.518911,0.66528,12.849,1,0.659356,0.36288,0,32.058,5.5986,26.163,0.84672,12.849,0.84672,3695.15,0,18.483,0.138307,1.18762,1.89565,5.07055,1.45116,6.56436,0.42336,0,0,18.483,0.42336,442.007,0,1.02816,0,0,2.21578,1.18762,1.028160,1,0,33.2462,0,0,0,33.2462,0
52.7146,2.74115,0,0,3.85703,0.140614,0.36288,3.6288,61.308,0.458945,0,0,1.98716,0.277537,1.25068,0.66528,12.849,1,0.675998,0.36288,0,42.682,5.1354,37.2335,0.84672,12.849,0.84672,3695.15,0,18.483,0.138362,3.95311,1.89593,13.1887,1.3516,17.5478,0.42336,0,0,18.483,0.42336,442.007,0,1.02816,0,0,4.98127,3.95311,1.028160,1,0,56.032,0,0,0,56.032,0
52.8583,2.67688,0,0,3.35216,0.168695,0.36288,3.6288,61.308,0.401656,0,0,1.9429,0.231487,1.30976,0.66528,12.849,1,0.65248,0.36288,0,56.4062,4.61677,51.4998,0.84672,12.849,0.84672,3695.15,0,18.483,0.12109,2.49298,1.89621,11.508,1.09234,14.6838,0.42336,0,0,18.483,0.42336,442.007,0,1.02816,0,0,3.52114,2.49298,1.028160,1,0,67.4933,0,0,0,67.4933,0
54.5601,2.6787,0,0,4.91101,0.167678,0.36288,3.6288,61.308,0.40183,0,0,2.43498,0.221486,1.81166,0.66528,12.849,1,0.651148,0.36288,0,96.838,4.56309,91.9866,0.84672,12.849,0.84672,3695.15,0,18.483,0.121143,2.91844,1.82215,14.5714,1.0607,18.1301,0.42336,0,0,18.483,0.42336,442.007,0,1.02816,0,0,3.9466,2.91844,1.028160,1,0,111.928,0,0,0,111.928,0
55.6049,2.69553,0,0,4.27807,0.174822,0.36288,3.6288,61.308,0.402004,0,0,2.40802,0.210745,1.79527,0.66528,12.849,1,0.634803,0.36288,0,82.6278,4.56816,77.7877,0.84672,12.849,0.84672,3695.15,0,18.483,0.121195,2.80947,1.82242,16.099,1.09228,19.5174,0.42336,0,0,18.483,0.42336,442.007,0,1.02816,0,0,3.83763,2.80947,1.028160,1,0,99.1004,0,0,0,99.1004,0
56.0986,2.70562,0,0,3.77773,0.215528,0.36288,3.6288,61.308,0.402178,0,0,1.84605,0.197307,1.24656,0.66528,12.849,1,0.625205,0.36288,0,72.3762,4.65493,67.4589,0.84672,12.849,0.84672,3695.15,0,18.483,0.121248,2.09727,1.82268,12.7372,1.11294,15.4229,0.42336,0,0,18.483,0.42336,442.007,0,1.02816,0,0,3.12543,2.09727,1.028160,1,0,84.1284,0,0,0,84.1284,0
63.1254,2.50636,0,0,10.1424,0.246374,0.36288,3.6288,61.308,0.282585,0,0,11.1022,0.207521,10.6121,0.66528,12.849,1,0.574064,0.36288,0,131.132,4.45017,126.471,0.84672,12.849,0.84672,3695.15,0,18.483,0.0851931,6.87298,1.82295,40.1395,1.08783,47.6624,0.42336,0,0,18.483,0.42336,442.007,0,1.02816,0,0,7.90114,6.87298,1.028160,1,0,184.745,0,0,0,184.745,0
69.8443,2.55983,0,0,9.91112,0.269524,0.36288,3.6288,61.308,0.282742,0,0,10.4259,0.207636,9.93551,0.66528,12.849,1,0.521046,0.36288,0,196.03,4.25492,191.616,0.84672,12.849,0.84672,3695.15,0,18.483,0.0852404,6.11842,1.65577,36.1501,1.10178,42.7373,0.42336,0,0,18.483,0.42336,442.007,0,1.02816,0,0,7.14658,6.11842,1.028160,1,0,244.289,0,0,0,244.289,0
72.29,2.60254,0,0,11.0899,0.284292,5.7573,3.6288,61.308,0.282899,0,0,11.0067,0.207636,10.5161,0.66528,12.849,1,0.47878,5.7573,0,200.335,4.25492,201.358,0.84672,12.849,0.84672,3695.15,0,18.483,0.0852876,6.71872,1.65601,37.8941,1.10178,45.0818,0.42336,0,0,18.483,0.42336,442.007,0,1.02816,0,0,7.74688,6.71872,1.028160,1,0,256.956,0,0,0,256.956,0
72.29,2.61668,0,0,10.569,0.289667,7.66262,3.6288,61.308,0.283055,0,0,10.0186,0.207636,9.52791,0.66528,12.849,1,0.465095,7.66262,0,194.303,4.25492,197.246,0.84672,12.849,0.84672,3695.15,0,18.483,0.0853349,5.53487,1.65626,27.0701,1.10178,33.0741,0.42336,0,0,18.483,0.42336,442.007,0,1.02816,0,0,6.56303,5.53487,1.028160,1,0,239.848,0,0,0,239.848,0
72.29,2.61706,0,0,8.13732,0.294196,5.22607,3.6288,61.308,0.283212,0,0,8.06277,0.219013,7.56054,0.66528,12.849,1,0.465162,5.22607,0,167.219,4.1808,167.799,0.84672,12.849,0.84672,3695.15,0,18.483,0.0853822,4.66686,1.6565,22.7577,1.05163,27.944,0.42336,0,0,18.483,0.42336,442.007,0,1.02816,0,0,5.69502,4.66686,1.028160,1,0,203.303,0,0,0,203.303,0
72.29,2.69943,0,0,6.24509,0.280168,3.26549,3.6288,61.308,0.31807,0,0,2.39552,0.266335,1.81111,0.66528,12.849,1,0.479803,3.26549,0,176.834,4.56675,175.053,0.84672,12.849,0.84672,3695.15,0,18.483,0.0958909,2.90191,1.65674,17.145,1.10717,20.5005,0.42336,0,0,18.483,0.42336,442.007,0,1.02816,0,0,3.93007,2.90191,1.028160,1,0,197.365,0,0,0,197.365,0
72.29,2.6998,0,0,6.89066,0.265001,3.92586,3.6288,61.308,0.318221,0,0,3.05318,0.284306,2.45065,0.66528,12.849,1,0.479868,3.92586,0,149.522,4.87872,148.089,0.84672,12.849,0.84672,3695.15,0,18.483,0.0959367,3.85406,1.70997,19.7565,1.23396,23.9906,0.42336,0,0,18.483,0.42336,442.007,0,1.02816,0,0,4.88222,3.85406,1.028160,1,0,174.531,0,0,0,174.531,0
72.29,2.70017,0,0,16.4493,0.265001,13.4841,3.6288,61.308,0.318373,0,0,5.71888,0.284306,5.1162,0.66528,12.849,1,0.479934,13.4841,0,392.081,4.87872,400.207,0.84672,12.849,0.84672,3695.15,0,18.483,0.0959825,4.63343,1.7102,38.6693,1.23396,43.683,0.42336,0,0,18.483,0.42336,442.007,0,1.02816,0,0,5.66159,4.63343,1.028160,1,0,449.006,0,0,0,449.006,0
72.29,2.70054,0,0,8.0943,0.265001,5.12876,3.6288,61.308,0.318525,0,0,3.0647,0.284306,2.46187,0.66528,12.849,1,0.48,5.12876,0,266.537,4.87872,266.307,0.84672,12.849,0.84672,3695.15,0,18.483,0.0960283,2.87373,1.71044,22.8887,1.23396,26.1429,0.42336,0,0,18.483,0.42336,442.007,0,1.02816,0,0,3.90189,2.87373,1.028160,1,0,294.912,0,0,0,294.912,0
72.29,2.96435,0,0,7.30503,0.251588,4.0891,3.6288,61.308,0.449033,0,0,2.43204,0.259772,1.72323,0.66528,12.849,1,0.52689,4.0891,0,169.067,4.71605,167.913,0.84672,12.849,0.84672,3695.15,0,18.483,0.135374,2.5217,1.71067,17.4485,1.12188,20.4236,0.42336,0,0,18.483,0.42336,442.007,0,1.02816,0,0,3.54986,2.5217,1.028160,1,0,190.06,0,0,0,190.06,0
72.29,2.96475,0,0,6.22724,0.246222,3.01626,3.6288,61.308,0.449203,0,0,2.29351,0.249959,1.59435,0.66528,12.849,1,0.526962,3.01626,0,162.723,4.65097,160.561,0.84672,12.849,0.84672,3695.15,0,18.483,0.135425,2.17572,1.90013,16.2885,1.07705,19.1518,0.42336,0,0,18.483,0.42336,442.007,0,1.02816,0,0,3.20388,2.17572,1.028160,1,0,181.308,0,0,0,181.308,0
72.29,2.96516,0,0,7.15852,0.246222,3.94714,3.6288,61.308,0.449373,0,0,2.33824,0.249959,1.63891,0.66528,12.849,1,0.527035,3.94714,0,213.518,4.65097,212.287,0.84672,12.849,0.84672,3695.15,0,18.483,0.135476,2.30046,1.90039,15.607,1.07705,18.5953,0.42336,0,0,18.483,0.42336,442.007,0,1.02816,0,0,3.32862,2.30046,1.028160,1,0,232.521,0,0,0,232.521,0
72.29,2.96557,0,0,4.98652,0.286745,1.73421,3.6288,61.308,0.449543,0,0,1.73786,0.243738,1.04458,0.66528,12.849,1,0.527107,1.73421,0,136.231,4.80803,132.63,0.84672,12.849,0.84672,3695.15,0,18.483,0.135527,1.62284,1.90065,12.4926,1.06329,14.8173,0.42336,0,0,18.483,0.42336,442.007,0,1.02816,0,0,2.651,1.62284,1.028160,1,0,148.492,0,0,0,148.492,0
72.29,2.59002,0,0,7.62363,0.320143,4.71347,3.6288,61.308,0.274677,0,0,3.36338,0.219846,2.86886,0.66528,12.849,1,0.460356,4.71347,0,233.173,4.22648,233.2,0.84672,12.849,0.84672,3695.15,0,18.483,0.0828091,4.83871,1.90091,21.7752,1.0033,27.4287,0.42336,0,0,18.483,0.42336,442.007,0,1.02816,0,0,5.86687,4.83871,1.028160,1,0,263.497,0,0,0,263.497,0
72.29,2.59037,0,0,7.42375,0.330801,4.50257,3.6288,61.308,0.274823,0,0,3.24031,0.210705,2.75478,0.66528,12.849,1,0.460419,4.50257,0,174.698,3.98339,174.757,0.84672,12.849,0.84672,3695.15,0,18.483,0.0828531,4.19808,1.64219,17.8771,0.980218,22.6543,0.42336,0,0,18.483,0.42336,442.007,0,1.02816,0,0,5.22624,4.19808,1.028160,1,0,200.166,0,0,0,200.166,0
72.29,2.59073,0,0,7.01568,0.330801,4.09415,3.6288,61.308,0.274969,0,0,2.84107,0.210705,2.3554,0.66528,12.849,1,0.460482,4.09415,0,181.369,3.98339,181.019,0.84672,12.849,0.84672,3695.15,0,18.483,0.0828971,3.43045,1.64242,17.3645,0.980218,21.3743,0.42336,0,0,18.483,0.42336,442.007,0,1.02816,0,0,4.45861,3.43045,1.028160,1,0,204.749,0,0,0,204.749,0
72.29,2.59108,0,0,7.2265,0.296816,4.3386,3.6288,61.308,0.275115,0,0,2.57346,0.192656,2.10569,0.66528,12.849,1,0.460545,4.3386,0,198.881,3.7218,199.037,0.84672,12.849,0.84672,3695.15,0,18.483,0.0829411,3.60861,1.64264,18.0549,0.942642,22.2806,0.42336,0,0,18.483,0.42336,442.007,0,1.02816,0,0,4.63677,3.60861,1.028160,1,0,223.423,0,0,0,223.423,0
72.29,2.59144,0,0,6.99944,0.287901,4.1201,3.6288,61.308,0.275261,0,0,2.48955,0.168864,2.04542,0.66528,12.849,1,0.460608,4.1201,0,201.94,3.8481,201.752,0.84672,12.849,0.84672,3695.15,0,18.483,0.0829851,3.56734,1.64287,18.7446,0.963943,22.9078,0.42336,0,0,18.483,0.42336,442.007,0,1.02816,0,0,4.5955,3.56734,1.028160,1,0,226.705,0,0,0,226.705,0
72.29,2.68649,0,0,5.15577,0.302954,2.16633,3.6288,61.308,0.318257,0,0,2.32845,0.156481,1.85372,0.66528,12.849,1,0.477503,2.16633,0,170.506,4.38701,167.808,0.84672,12.849,0.84672,3695.15,0,18.483,0.0959473,3.29739,1.64309,21.8107,1.05521,25.6001,0.42336,0,0,18.483,0.42336,442.007,0,1.02816,0,0,4.32555,3.29739,1.028160,1,0,195.262,0,0,0,195.262,0
72.29,2.68686,0,0,3.85104,0.302954,0.861226,3.6288,61.308,0.318408,0,0,1.79405,0.156481,1.31916,0.66528,12.849,1,0.477569,0.861226,0,113.808,4.38701,109.804,0.84672,12.849,0.84672,3695.15,0,18.483,0.0959931,2.57875,1.7073,17.0374,1.05521,20.1722,0.42336,0,0,18.483,0.42336,442.007,0,1.02816,0,0,3.60691,2.57875,1.028160,1,0,131.296,0,0,0,131.296,0
72.2658,2.68723,0,0,3.32888,0.302954,0.36288,3.6288,61.308,0.31856,0,0,1.63637,0.156481,1.16133,0.66528,12.849,1,0.477634,0.36288,0,98.5444,4.38701,94.0426,0.84672,12.849,0.84672,3695.15,0,18.483,0.0960389,2.46144,1.70754,15.147,1.05521,18.1648,0.42336,0,0,18.483,0.42336,442.007,0,1.02816,0,0,3.4896,2.46144,1.028160,1,0,113.369,0,0,0,113.369,0
72.29,2.68746,0,0,3.42045,0.277906,0.430901,3.6288,61.308,0.318712,0,0,1.5709,0.142267,1.10992,0.66528,12.849,1,0.477835,0.430901,0,88.9125,3.83626,85.0293,0.84672,12.849,0.84672,3695.15,0,18.483,0.0960847,2.1343,1.70777,16.065,1.0472,18.7638,0.42336,0,0,18.483,0.42336,442.007,0,1.02816,0,0,3.16246,2.1343,1.028160,1,0,104.903,0,0,0,104.903,0
72.29,2.65092,0,0,3.55621,0.234456,0.670835,3.6288,61.308,0.302213,0,0,1.12558,0.191278,0.632085,0.66528,12.849,1,0.47118,0.670835,0,95.3649,4.18309,91.3814,0.84672,12.849,0.84672,3695.15,0,18.483,0.0911104,1.30959,1.708,11.0051,1.09629,12.8353,0.42336,0,0,18.483,0.42336,442.007,0,1.02816,0,0,2.33775,1.30959,1.028160,1,0,104.849,0,0,0,104.849,0
72.0766,2.65128,0,0,3.03521,0.234456,0.36288,3.6288,61.308,0.302362,0,0,1.06332,0.191278,0.569684,0.66528,12.849,1,0.471245,0.36288,0,83.624,4.18309,79.3325,0.84672,12.849,0.84672,3695.15,0,18.483,0.0911555,1.06396,1.68332,9.36058,1.09629,10.9204,0.42336,0,0,18.483,0.42336,442.007,0,1.02816,0,0,2.09212,1.06396,1.028160,1,0,90.8226,0,0,0,90.8226,0
71.5294,2.65046,0,0,2.70018,0.234076,0.36288,3.6288,61.308,0.302512,0,0,0.951463,0.191278,0.457672,0.66528,12.849,1,0.472494,0.36288,0,71.7051,4.18309,67.4124,0.84672,12.849,0.84672,3695.15,0,18.483,0.0912006,0.802259,1.68355,8.00392,1.09629,9.30224,0.42336,0,0,18.483,0.42336,442.007,0,1.02816,0,0,1.83042,0.802259,1.028160,1,0,77.1723,0,0,0,77.1723,0
70.7741,2.64776,0,0,2.47558,0.220215,0.36288,3.6288,61.308,0.302662,0,0,0.860864,0.174212,0.38399,0.66528,12.849,1,0.475623,0.36288,0,65.7884,3.82921,61.8465,0.84672,12.849,0.84672,3695.15,0,18.483,0.0912458,0.669488,1.68378,7.47956,1.00653,8.73505,0.42336,0,0,18.483,0.42336,442.007,0,1.02816,0,0,1.69765,0.669488,1.028160,1,0,70.9655,0,0,0,70.9655,0
69.9042,2.76924,0,0,2.47278,0.210493,0.36288,3.6288,61.308,0.361894,0,0,0.848889,0.186641,0.300354,0.66528,12.849,1,0.502754,0.36288,0,74.2098,4.09507,69.9749,0.84672,12.849,0.84672,3695.15,0,18.483,0.109103,0.541581,1.68401,6.80737,0.951262,7.9726,0.42336,0,0,18.483,0.42336,442.007,0,1.02816,0,0,1.56974,0.541581,1.028160,1,0,78.2478,0,0,0,78.2478,0
69.0746,2.76433,0,0,2.43463,0.137043,0.36288,3.6288,61.308,0.464472,0,0,0.797723,0.237592,0.0956586,0.66528,12.849,1,0.508108,0.36288,0,62.4338,5.06604,57.2226,0.84672,12.849,0.84672,3695.15,0,18.483,0.140028,0.402797,1.77142,6.40829,1.17704,7.26544,0.42336,0,0,18.483,0.42336,442.007,0,0.894862,0,0,1.29766,0.402797,1.028160,1,0,64.5837,0,0,0,64.5837,0
68.1452,2.75956,0,0,2.32921,0.136165,0.36288,3.6288,61.308,0.423338,0,0,0.762117,0.237592,0.101187,0.66528,12.849,1,0.513324,0.36288,0,57.5116,5.06604,52.2951,0.84672,12.849,0.84672,3695.15,0,18.483,0.127627,0.30119,1.77166,6.19747,1.17704,6.96566,0.42336,0,0,18.483,0.42336,442.007,0,0.948603,0,0,1.24979,0.30119,1.028160,1,0,59.3619,0,0,0,59.3619,0
67.1234,2.75405,0,0,2.23029,0.135181,0.36288,3.6288,61.308,0.362368,0,0,0.774783,0.237592,0.174824,0.66528,12.849,1,0.519285,0.36288,0,54.8718,5.06604,49.6493,0.84672,12.849,0.84672,3695.15,0,18.483,0.109246,0.373058,1.77191,5.90081,1.17704,6.75949,0.42336,0,0,18.483,0.42336,442.007,0,1.02816,0,0,1.40122,0.373058,1.028160,1,0,56.5836,0,0,0,56.5836,0
65.8104,2.74779,0,0,1.94572,0.148005,0.36288,3.6288,61.308,0.405112,0,0,0.66497,0.217748,0.0421092,0.66528,12.849,1,0.525992,0.36288,0,48.2954,4.60578,43.5265,0.84672,12.849,0.84672,3695.15,0,18.483,0.122132,0.30119,1.77215,5.05586,1.15265,5.85442,0.42336,0,0,18.483,0.42336,442.007,0,0.972734,0,0,1.27392,0.30119,1.028160,1,0,49.423,0,0,0,49.423,0
64.1816,2.71485,0,0,1.56426,0.115421,0.36288,3.6288,61.0859,0.543332,0,0,0.507799,0.186576,0,0.66528,12.849,1,0.530055,0.36288,0,37.4716,4.63974,32.6647,0.84672,12.849,0.84672,3695.15,0,18.483,0.163803,0.30119,1.77239,3.95567,1.04597,4.81948,0.42336,0,0,18.483,0.42336,442.007,0,0.835341,0,0,1.13653,0.30119,1.028160,1,0,37.4842,0,0,0,37.4842,0
62.4205,2.70401,0,0,1.4198,0.113921,0.36288,3.6288,60.7652,0.61078,0,0,0.476395,0.186314,0,0.66528,12.849,1,0.541337,0.36288,0,33.3903,4.63974,28.5721,0.84672,12.849,0.84672,3695.15,0,18.483,0.184806,0.261274,1.79981,3.82658,1.04597,4.65689,0.42336,0,0,18.483,0.42336,442.007,0,0.747101,0,0,1.00837,0.261274,1.028160,1,0,33.229,0,0,0,33.229,0
60.6315,2.69172,0,0,1.34702,0.0814722,0.36288,3.6288,60.3424,0.60718,0,0,0.446868,0.262456,0,0.66528,12.849,1,0.554079,0.36288,0,30.0343,5.62779,24.2153,0.84672,12.849,0.84672,3695.15,0,18.483,0.184686,0.261274,1.80006,3.62648,1.40663,4.0965,0.42336,0,0,18.483,0.42336,442.007,0,0.751032,0,0,1.01231,0.261274,1.028160,1,0,28.3118,0,0,0,28.3118,0
58.7044,2.67859,0,0,1.19464,0.0802767,0.36288,3.6288,59.884,0.616643,0,0,0.419971,0.261752,0,0.66528,12.849,1,0.567647,0.36288,0,28.1736,5.62779,22.341,0.84672,12.849,0.84672,3695.15,0,18.483,0.188879,0.261274,1.80031,3.48902,1.40663,3.9551,0.42336,0,0,18.483,0.42336,442.007,0,0.737588,0,0,0.998862,0.261274,1.028160,1,0,26.2961,0,0,0,26.2961,0
56.747,2.72584,0,0,1.22202,0.0906491,0.36288,3.6288,59.4402,0.636574,0,0,0.478062,0.285319,0,0.66528,12.849,1,0.596621,0.36288,0,28.2542,5.5863,22.4341,0.84672,12.849,0.84672,3695.15,0,18.483,0.196477,0.261274,1.80055,3.28323,1.41475,3.73382,0.42336,0,0,18.483,0.42336,442.007,0,0.747982,0,0,1.00926,0.261274,1.028160,1,0,26.168,0,0,0,26.168,0
54.7484,2.70943,0,0,1.16452,0.0908625,0.36288,3.6288,59.0047,0.620864,0,0,0.473914,0.288555,0,0.66528,12.849,1,0.613485,0.36288,0,26.7983,5.57939,20.9684,0.84672,12.849,0.84672,3695.15,0,18.483,0.193058,0.261274,1.84413,3.36795,1.41611,3.86419,0.42336,0,0,18.483,0.42336,442.007,0,0.767327,0,0,1.0286,0.261274,1.028160,1,0,24.8325,0,0,0,24.8325,0
52.6344,2.69166,0,0,1.02965,0.08907,0.36288,3.6288,58.4877,0.675314,0,0,0.446136,0.287751,0,0.66528,12.849,1,0.63171,0.36288,0,25.3147,5.57939,19.4665,0.84672,12.849,0.84672,3695.15,0,18.483,0.21154,0.227405,1.84439,3.15956,1.41611,3.60371,0.42336,0,0,18.483,0.42336,442.007,0,0.694613,0,0,0.922018,0.227405,1.028160,1,0,23.0702,0,0,0,23.0702,0
50.4514,2.67163,0,0,0.93045,0.0789138,0.36288,3.6288,57.9426,0.694942,0,0,0.441728,0.291885,0,0.66528,12.849,1,0.652192,0.36288,0,23.9966,5.72894,17.9784,0.84672,12.849,0.84672,3695.15,0,18.483,0.219612,0.227405,1.84464,3.15255,1.44599,3.559,0.42336,0,0,18.483,0.42336,442.007,0,0.667129,0,0,0.894534,0.227405,1.028160,1,0,21.5374,0,0,0,21.5374,0
47.9644,2.82645,0,0,0.783501,0.0812626,0.36288,3.6288,57.2211,0.837822,0,0,0.420755,0.304458,0,0.66528,12.849,1,0.719842,0.36288,0,21.415,5.94162,15.1164,0.84672,12.849,0.84672,3695.15,0,18.483,0.267255,0.227405,1.84489,2.99835,1.46194,3.34145,0.42336,0,0,18.483,0.42336,442.007,0,0.613017,0,0,0.840421,0.227405,1.028160,1,0,18.4579,0,0,0,18.4579,0
45.6113,2.79739,0,0,0.895121,0.0879262,0.36288,3.6288,56.5754,0.788557,0,0,0.469612,0.326727,0,0.66528,12.849,1,0.749384,0.36288,0,21.7537,6.1277,15.2395,0.84672,12.849,0.84672,3695.15,0,18.483,0.254712,0.227405,1.99197,3.05149,1.5916,3.42456,0.42336,0,0,18.483,0.42336,442.007,0,0.67506,0,0,0.902465,0.227405,1.028160,1,0,18.6641,0,0,0,18.6641,0
43.1133,2.76761,0,0,0.718191,0.0856677,0.36288,3.6288,55.7156,0.903786,0,0,0.369268,0.325358,0,0.66528,12.849,1,0.779654,0.36288,0,25.587,6.1277,19.0425,0.84672,12.849,0.84672,3695.15,0,18.483,0.295264,0.204422,1.99225,2.53485,1.5916,2.84465,0.42336,0,0,18.483,0.42336,442.007,0,0.519515,0,0,0.723937,0.204422,1.028160,1,0,21.8872,0,0,0,21.8872,0
40.7845,2.73318,0,0,0.850573,0.0832701,0.36288,3.6288,55.3293,0.626405,0,0,0.563675,0.323535,0,0.66528,12.849,1,0.814567,0.36288,0,21.962,6.1277,15.3826,0.84672,12.849,0.84672,3695.15,0,18.483,0.207803,0.204422,1.99252,3.42789,1.5916,3.82542,0.42336,0,0,18.483,0.42336,442.007,0,0.884593,0,0,1.08902,0.204422,1.028160,1,0,19.2081,0,0,0,19.2081,0
38.4182,2.70151,0,0,0.779363,0.0812882,0.36288,3.6288,54.9586,0.60231,0,0,0.547724,0.316107,0,0.66528,12.849,1,0.84672,0.36288,0,22.9433,5.82837,16.6311,0.84672,12.849,0.84672,3695.15,0,18.483,0.201205,0.204422,1.99279,4.47624,1.44704,5.0252,0.42336,0,0,18.483,0.42336,442.007,0,0.91552,0,0,1.11994,0.204422,1.028160,1,0,21.6563,0,0,0,21.6563,0
36.7628,2.59372,0,0,1.36897,0.0677726,0.36288,3.6288,55.3084,0.455276,0,0,1.17349,0.36843,0,0.66528,12.849,1,0.84672,0.36288,0,26.2119,6.62025,19.1078,0.84672,12.849,0.84672,3695.15,0,18.483,0.153113,1.32782,1.99307,11.2738,1.58706,12.8545,0.42336,0,0,18.483,0.42336,442.007,0,1.02816,0,0,2.35598,1.32782,1.028160,1,0,31.9623,0,0,0,31.9623,0
35.2437,2.5942,0,0,1.55358,0.115658,0.36288,3.6288,55.6614,0.45617,0,0,1.13194,0.322805,0,0.66528,12.849,1,0.84672,0.36288,0,22.1123,6.23374,15.3947,0.84672,12.849,0.84672,3695.15,0,18.483,0.152443,1.17551,1.90914,8.5015,1.45431,9.97939,0.42336,0,0,18.483,0.42336,442.007,0,1.02816,0,0,2.20367,1.17551,1.028160,1,0,25.3741,0,0,0,25.3741,0
34.2278,2.59467,0,0,2.05525,0.113572,0.36288,3.6288,56.3533,0.457064,0,0,1.47258,0.323554,0,0.66528,12.849,1,0.84672,0.36288,0,32.1891,6.23374,25.4715,0.84672,12.849,0.84672,3695.15,0,18.483,0.151773,2.02136,1.9094,12.2046,1.45431,14.5293,0.42336,0,0,18.483,0.42336,442.007,0,1.02816,0,0,3.04952,2.02136,1.028160,1,0,40.0008,0,0,0,40.0008,0
33.8323,2.59514,0,0,2.67468,0.112176,0.36288,3.6288,57.6534,0.458636,0,0,2.08372,0.325022,0,0.66528,12.849,1,0.84672,0.36288,0,63.0283,6.23374,56.3107,0.84672,12.849,0.84672,3695.15,0,18.483,0.150425,3.2447,1.90966,14.4934,1.45431,18.0431,0.42336,0,0,18.483,0.42336,442.007,0,1.02816,0,0,4.27286,3.2447,1.028160,1,0,74.3537,0,0,0,74.3537,0
34.1905,2.50669,0,0,3.36132,0.133562,0.36288,3.6288,58.4716,0.404325,0,0,1.48395,0.261356,0,0.66528,12.849,1,0.84672,0.36288,0,64.2287,4.5794,59.1655,0.84672,12.849,0.84672,3695.15,0,18.483,0.129622,2.15183,1.90992,12.5123,1.10455,15.3398,0.42336,0,0,18.483,0.42336,442.007,0,1.02816,0,0,3.17999,2.15183,1.028160,1,0,74.5053,0,0,0,74.5053,0
35.8562,2.50714,0,0,4.67866,0.142961,0.36288,3.6288,59.7428,0.405866,0,0,1.91305,0.23603,0,0.66528,12.849,1,0.84672,0.36288,0,77.1666,3.91765,72.7651,0.84672,12.849,0.84672,3695.15,0,18.483,0.128295,2.55141,1.83531,12.673,0.964649,15.9668,0.42336,0,0,18.483,0.42336,442.007,0,1.02816,0,0,3.57957,2.55141,1.028160,1,0,88.7319,0,0,0,88.7319,0
36.6198,2.5076,0,0,3.77999,0.145878,0.36288,3.6288,60.9941,0.408114,0,0,1.8974,0.237961,0,0.66528,12.849,1,0.84672,0.36288,0,80.5455,3.91765,76.144,0.84672,12.849,0.84672,3695.15,0,18.483,0.126261,1.87224,1.83556,12.4982,0.964649,15.1151,0.42336,0,0,18.483,0.42336,442.007,0,1.02816,0,0,2.9004,1.87224,1.028160,1,0,91.2591,0,0,0,91.2591,0
38.1799,2.50806,0,0,4.57822,0.147216,0.36288,3.6288,61.308,0.410266,0,0,1.50949,0.239862,0.545498,0.66528,12.849,1,0.84672,0.36288,0,71.3883,3.91765,66.9868,0.84672,12.849,0.84672,3695.15,0,18.483,0.124323,2.11056,1.83581,12.3862,0.964649,15.2436,0.42336,0,0,18.483,0.42336,442.007,0,1.02816,0,0,3.13872,2.11056,1.028160,1,0,82.7759,0,0,0,82.7759,0
38.7837,2.32133,0,0,3.45005,0.161955,0.36288,3.6288,61.308,0.290291,0,0,1.398,0.231408,0.876296,0.66528,12.849,1,0.781219,0.36288,0,71.0707,3.84336,66.809,0.84672,12.849,0.84672,3695.15,0,18.483,0.0875164,1.77552,1.83607,12.5761,0.96005,15.1401,0.42336,0,0,18.483,0.42336,442.007,0,1.02816,0,0,2.80368,1.77552,1.028160,1,0,82.8255,0,0,0,82.8255,0
39.9931,2.33079,0,0,4.0823,0.179219,0.36288,3.6288,61.308,0.290439,0,0,0.704524,0.219499,0.194585,0.66528,12.849,1,0.772188,0.36288,0,61.3045,3.7443,57.1509,0.84672,12.849,0.84672,3695.15,0,18.483,0.087561,1.21178,1.66767,10.2892,0.953917,12.1272,0.42336,0,0,18.483,0.42336,442.007,0,1.02816,0,0,2.23994,1.21178,1.028160,1,0,69.4727,0,0,0,69.4727,0
40.4512,2.34879,0,0,3.35143,0.18175,0.36288,3.6288,61.308,0.290587,0,0,1.45241,0.219499,0.942324,0.66528,12.849,1,0.754618,0.36288,0,76.0337,3.7443,71.8977,0.84672,12.849,0.84672,3695.15,0,18.483,0.0876056,1.71833,1.6679,7.69244,0.953917,10.0371,0.42336,0,0,18.483,0.42336,442.007,0,1.02816,0,0,2.74649,1.71833,1.028160,1,0,82.8772,0,0,0,82.8772,0
41.7754,2.35559,0,0,4.22542,0.182745,0.36288,3.6288,61.308,0.290735,0,0,4.54496,0.219499,4.03473,0.66528,12.849,1,0.748236,0.36288,0,96.2366,3.7443,92.107,0.84672,12.849,0.84672,3695.15,0,18.483,0.0876501,5.59288,1.66813,13.6685,0.953917,19.8879,0.42336,0,0,18.483,0.42336,442.007,0,1.02816,0,0,6.62104,5.59288,1.028160,1,0,116.03,0,0,0,116.03,0
41.4993,2.37406,0,0,2.69109,0.230194,0.36288,3.6288,61.308,0.290883,0,0,1.408,0.214079,0.903039,0.66528,12.849,1,0.730197,0.36288,0,40.4184,4.6221,35.429,0.84672,12.849,0.84672,3695.15,0,18.483,0.0876947,2.13118,1.66835,6.07934,1.32294,8.46823,0.42336,0,0,18.483,0.42336,442.007,0,1.02816,0,0,3.15934,2.13118,1.028160,1,0,44.8003,0,0,0,44.8003,0
46.1896,2.44493,0,0,7.67367,0.175598,0.36288,3.6288,61.308,0.325979,0,0,4.08881,0.231368,3.53146,0.66528,12.849,1,0.756997,0.36288,0,145.755,3.97068,141.39,0.84672,12.849,0.84672,3695.15,0,18.483,0.0982755,5.02052,1.66858,18.3876,0.94544,24.033,0.42336,0,0,18.483,0.42336,442.007,0,1.02816,0,0,6.04868,5.02052,1.028160,1,0,168.955,0,0,0,168.955,0
49.0702,2.50539,0,0,5.93415,0.185271,0.36288,3.6288,61.308,0.326122,0,0,3.42015,0.231368,2.86266,0.66528,12.849,1,0.696947,0.36288,0,120.917,3.97068,116.612,0.84672,12.849,0.84672,3695.15,0,18.483,0.0983186,4.63556,1.72218,15.8951,0.94544,21.2091,0.42336,0,0,18.483,0.42336,442.007,0,1.02816,0,0,5.66372,4.63556,1.028160,1,0,140.684,0,0,0,140.684,0
51.0661,2.53813,0,0,5.08816,0.191213,0.36288,3.6288,61.308,0.326265,0,0,2.79477,0.231368,2.23714,0.66528,12.849,1,0.664609,0.36288,0,98.7708,3.97719,94.4918,0.84672,12.849,0.84672,3695.15,0,18.483,0.0983616,3.79455,1.7224,14.3534,0.94544,18.8265,0.42336,0,0,18.483,0.42336,442.007,0,1.02816,0,0,4.82271,3.79455,1.028160,1,0,115.555,0,0,0,115.555,0
54.4705,2.55922,0,0,6.52893,0.202419,0.36288,3.6288,61.308,0.326408,0,0,3.48527,0.228714,2.93015,0.66528,12.849,1,0.643937,0.36288,0,90.6129,3.98923,86.3426,0.84672,12.849,0.84672,3695.15,0,18.483,0.0984047,4.85972,1.72262,17.2123,0.962328,22.7339,0.42336,0,0,18.483,0.42336,442.007,0,1.02816,0,0,5.88788,4.85972,1.028160,1,0,112.007,0,0,0,112.007,0
55.6371,2.84494,0,0,4.62095,0.246555,0.36288,3.6288,61.308,0.457832,0,0,2.90489,0.197145,2.24991,0.66528,12.849,1,0.67109,0.36288,0,109.874,3.98794,105.578,0.84672,12.849,0.84672,3695.15,0,18.483,0.138026,5.10215,1.72284,13.5478,0.984911,19.2498,0.42336,0,0,18.483,0.42336,442.007,0,1.02816,0,0,6.13031,5.10215,1.028160,1,0,127.078,0,0,0,127.078,0
56.16,2.85674,0,0,3.98638,0.243902,0.36288,3.6288,61.308,0.457992,0,0,2.72919,0.185408,2.08579,0.66528,12.849,1,0.659743,0.36288,0,81.4666,3.90348,77.2662,0.84672,12.849,0.84672,3695.15,0,18.483,0.138074,3.74353,1.91362,11.9175,0.92585,16.5107,0.42336,0,0,18.483,0.42336,442.007,0,1.02816,0,0,4.77169,3.74353,1.028160,1,0,95.8627,0,0,0,95.8627,0
59.5975,2.8621,0,0,6.90238,0.23991,0.36288,3.6288,61.308,0.458151,0,0,3.39505,0.187468,2.74943,0.66528,12.849,1,0.654828,0.36288,0,119.248,3.89099,115.065,0.84672,12.849,0.84672,3695.15,0,18.483,0.138122,5.29491,1.91387,15.1994,0.917482,21.3526,0.42336,0,0,18.483,0.42336,442.007,0,1.02816,0,0,6.32307,5.29491,1.028160,1,0,139.167,0,0,0,139.167,0
61.8588,2.89354,0,0,5.75003,0.232286,0.36288,3.6288,61.308,0.458311,0,0,3.52388,0.243655,2.82191,0.66528,12.849,1,0.623837,0.36288,0,143.451,3.53647,139.653,0.84672,12.849,0.84672,3695.15,0,18.483,0.138171,5.38809,1.91411,16.6277,1.04054,22.7512,0.42336,0,0,18.483,0.42336,442.007,0,1.02816,0,0,6.41625,5.38809,1.028160,1,0,165.226,0,0,0,165.226,0
64.0659,2.54358,0,0,5.36076,0.24723,0.36288,3.6288,61.308,0.282199,0,0,2.85275,0.221937,2.34861,0.66528,12.849,1,0.52834,0.36288,0,106.837,3.64234,103.029,0.84672,12.849,0.84672,3695.15,0,18.483,0.0850767,3.93513,1.91436,12.7843,1.09308,17.4556,0.42336,0,0,18.483,0.42336,442.007,0,1.02816,0,0,4.96329,3.93513,1.028160,1,0,122.833,0,0,0,122.833,0
66.1414,2.55907,0,0,5.25493,0.257429,0.36288,3.6288,61.308,0.282336,0,0,2.6493,0.200169,2.1668,0.66528,12.849,1,0.513245,0.36288,0,149.562,3.75669,145.655,0.84672,12.849,0.84672,3695.15,0,18.483,0.085118,4.26207,1.65379,9.80424,1.11083,14.5242,0.42336,0,0,18.483,0.42336,442.007,0,1.02816,0,0,5.29023,4.26207,1.028160,1,0,162.346,0,0,0,162.346,0
67.7687,2.57288,0,0,4.82481,0.261752,0.36288,3.6288,61.308,0.282473,0,0,2.25242,0.200169,1.76978,0.66528,12.849,1,0.499823,0.36288,0,66.7024,3.75669,62.8087,0.84672,12.849,0.84672,3695.15,0,18.483,0.0851593,3.43594,1.654,8.33198,1.11083,12.2259,0.42336,0,0,18.483,0.42336,442.007,0,1.02816,0,0,4.4641,3.43594,1.028160,1,0,76.8044,0,0,0,76.8044,0
69.4502,2.5833,0,0,4.89281,0.265143,0.36288,3.6288,61.308,0.28261,0,0,2.36825,0.200169,1.88547,0.66528,12.849,1,0.489796,0.36288,0,111.216,3.75669,107.333,0.84672,12.849,0.84672,3695.15,0,18.483,0.0852007,3.99707,1.65421,9.86532,1.11083,14.3206,0.42336,0,0,18.483,0.42336,442.007,0,1.02816,0,0,5.02523,3.99707,1.028160,1,0,123.539,0,0,0,123.539,0
71.0644,2.59364,0,0,4.84099,0.270276,0.36288,3.6288,61.308,0.282747,0,0,2.49574,0.1929,2.02009,0.66528,12.849,1,0.479851,0.36288,0,140.241,3.8126,136.311,0.84672,12.849,0.84672,3695.15,0,18.483,0.085242,4.31403,1.65443,9.94982,1.11494,14.7181,0.42336,0,0,18.483,0.42336,442.007,0,1.02816,0,0,5.34219,4.31403,1.028160,1,0,153.05,0,0,0,153.05,0
72.29,2.69832,0,0,4.86356,0.283561,0.656055,3.6288,61.308,0.326035,0,0,2.13372,0.149282,1.6584,0.66528,12.849,1,0.487878,0.656055,0,145.727,4.14802,141.747,0.84672,12.849,0.84672,3695.15,0,18.483,0.0982922,4.01261,1.65464,12.771,1.13963,17.2004,0.42336,0,0,18.483,0.42336,442.007,0,1.02816,0,0,5.04077,4.01261,1.028160,1,0,160.605,0,0,0,160.605,0
72.29,2.70569,0,0,4.23422,0.286223,1.24231,3.6288,61.308,0.326177,0,0,1.61001,0.149282,1.13455,0.66528,12.849,1,0.480916,1.24231,0,99.8948,4.14802,96.5082,0.84672,12.849,0.84672,3695.15,0,18.483,0.0983353,2.9267,1.71929,8.53615,1.13963,11.9442,0.42336,0,0,18.483,0.42336,442.007,0,1.02816,0,0,3.95486,2.9267,1.028160,1,0,109.587,0,0,0,109.587,0
72.29,2.70604,0,0,3.94516,0.236142,1.00298,3.6288,61.308,0.32632,0,0,1.42193,0.182157,0.913451,0.66528,12.849,1,0.480978,1.00298,0,107.339,4.79585,103.065,0.84672,12.849,0.84672,3695.15,0,18.483,0.0983783,2.34834,1.71951,7.68623,1.25912,10.3966,0.42336,0,0,18.483,0.42336,442.007,0,1.02816,0,0,3.3765,2.34834,1.028160,1,0,114.375,0,0,0,114.375,0
72.29,2.70638,0,0,3.31496,0.227795,0.380783,3.6288,61.308,0.326463,0,0,1.3489,0.187636,0.834804,0.66528,12.849,1,0.481039,0.380783,0,73.3602,4.90381,68.3561,0.84672,12.849,0.84672,3695.15,0,18.483,0.0984213,2.01389,1.71972,6.83122,1.27904,9.18737,0.42336,0,0,18.483,0.42336,442.007,0,1.02816,0,0,3.04205,2.01389,1.028160,1,0,78.3783,0,0,0,78.3783,0
72.29,2.66942,0,0,3.44898,0.206901,0.57266,3.6288,61.308,0.309838,0,0,1.22933,0.22081,0.698686,0.66528,12.849,1,0.47447,0.57266,0,89.5088,5.03863,84.5683,0.84672,12.849,0.84672,3695.15,0,18.483,0.0934092,2.11222,1.71994,7.27065,1.30095,9.70845,0.42336,0,0,18.483,0.42336,442.007,0,1.02816,0,0,3.14038,2.11222,1.028160,1,0,94.9755,0,0,0,94.9755,0
72.29,2.66976,0,0,3.25248,0.203419,0.379301,3.6288,61.308,0.309979,0,0,1.31806,0.226339,0.781741,0.66528,12.849,1,0.47453,0.379301,0,81.7197,5.0611,76.5634,0.84672,12.849,0.84672,3695.15,0,18.483,0.0934516,1.88647,1.69507,6.97853,1.3046,9.16201,0.42336,0,0,18.483,0.42336,442.007,0,1.02816,0,0,2.91463,1.88647,1.028160,1,0,86.5071,0,0,0,86.5071,0
72.1979,2.67011,0,0,3.14431,0.203419,0.36288,3.6288,61.308,0.310119,0,0,1.16878,0.226339,0.632318,0.66528,12.849,1,0.474591,0.36288,0,72.1976,5.0611,67.0248,0.84672,12.849,0.84672,3695.15,0,18.483,0.093494,1.62241,1.69529,6.63085,1.3046,8.55046,0.42336,0,0,18.483,0.42336,442.007,0,1.02816,0,0,2.65057,1.62241,1.028160,1,0,76.2075,0,0,0,76.2075,0
71.7175,2.66993,0,0,2.77225,0.219816,0.36288,3.6288,61.308,0.31026,0,0,1.12164,0.185523,0.625853,0.66528,12.849,1,0.475166,0.36288,0,69.2712,4.72613,64.4328,0.84672,12.849,0.84672,3695.15,0,18.483,0.0935364,1.55108,1.6955,6.40691,1.20797,8.35198,0.42336,0,0,18.483,0.42336,442.007,0,1.02816,0,0,2.57924,1.55108,1.028160,1,0,73.4106,0,0,0,73.4106,0
71.1605,2.79412,0,0,2.79225,0.192279,0.36288,3.6288,61.308,0.369894,0,0,1.40724,0.157533,0.879814,0.66528,12.849,1,0.500597,0.36288,0,67.4352,4.2615,63.036,0.84672,12.849,0.84672,3695.15,0,18.483,0.111515,2.22338,1.69572,7.12316,1.10708,9.82367,0.42336,0,0,18.483,0.42336,442.007,0,1.02816,0,0,3.25154,2.22338,1.028160,1,0,73.7395,0,0,0,73.7395,0
70.5088,2.79115,0,0,2.64189,0.139559,0.36288,3.6288,61.308,0.370042,0,0,1.36165,0.161028,0.830577,0.66528,12.849,1,0.503981,0.36288,0,60.2241,3.97698,56.106,0.84672,12.849,0.84672,3695.15,0,18.483,0.111559,1.8677,1.78372,6.19505,1.0692,8.66571,0.42336,0,0,18.483,0.42336,442.007,0,1.02816,0,0,2.89586,1.8677,1.028160,1,0,65.6023,0,0,0,65.6023,0
69.648,2.78757,0,0,2.42847,0.138863,0.36288,3.6288,61.308,0.37019,0,0,1.0977,0.161028,0.566485,0.66528,12.849,1,0.507986,0.36288,0,55.217,3.97698,51.0949,0.84672,12.849,0.84672,3695.15,0,18.483,0.111604,1.44214,1.78395,5.61343,1.0692,7.65872,0.42336,0,0,18.483,0.42336,442.007,0,1.02816,0,0,2.4703,1.44214,1.028160,1,0,59.3201,0,0,0,59.3201,0
68.7328,2.78262,0,0,2.3726,0.142201,0.36288,3.6288,61.308,0.370338,0,0,0.910552,0.187608,0.352606,0.66528,12.849,1,0.513352,0.36288,0,50.1143,4.43342,45.5304,0.84672,12.849,0.84672,3695.15,0,18.483,0.111649,1.32926,1.78418,5.40263,1.16166,7.24275,0.42336,0,0,18.483,0.42336,442.007,0,1.02816,0,0,2.35742,1.32926,1.028160,1,0,53.1258,0,0,0,53.1258,0
67.6672,2.77722,0,0,2.19443,0.119959,0.36288,3.6288,61.308,0.370487,0,0,0.886689,0.258628,0.257574,0.66528,12.849,1,0.519177,0.36288,0,46.9527,5.55667,41.2397,0.84672,12.849,0.84672,3695.15,0,18.483,0.111694,1.32873,1.78441,5.08913,1.38332,6.70725,0.42336,0,0,18.483,0.42336,442.007,0,1.02816,0,0,2.35689,1.32873,1.028160,1,0,48.2046,0,0,0,48.2046,0
66.7851,2.74589,0,0,2.30418,0.0775461,0.36288,3.6288,61.308,0.403354,0,0,1.0419,0.253793,0.38475,0.66528,12.849,1,0.521404,0.36288,0,42.0404,5.04493,36.837,0.84672,12.849,0.84672,3695.15,0,18.483,0.121602,1.27034,1.78463,4.02247,1.20076,5.75509,0.42336,0,0,18.483,0.42336,442.007,0,1.02816,0,0,2.2985,1.27034,1.028160,1,0,42.9768,0,0,0,42.9768,0
65.7624,2.74046,0,0,2.15767,0.0770082,0.36288,3.6288,61.308,0.403507,0,0,0.990481,0.253793,0.333181,0.66528,12.849,1,0.527247,0.36288,0,41.9854,5.04493,36.7761,0.84672,12.849,0.84672,3695.15,0,18.483,0.121648,1.13163,1.81223,4.13376,1.20076,5.75521,0.42336,0,0,18.483,0.42336,442.007,0,1.02816,0,0,2.15979,1.13163,1.028160,1,0,42.8645,0,0,0,42.8645,0
64.5515,2.73395,0,0,1.96228,0.0763846,0.36288,3.6288,61.308,0.403659,0,0,0.965831,0.253793,0.308378,0.66528,12.849,1,0.534174,0.36288,0,41.1637,5.04493,35.9475,0.84672,12.849,0.84672,3695.15,0,18.483,0.121694,1.10366,1.81246,3.96088,1.20076,5.55454,0.42336,0,0,18.483,0.42336,442.007,0,1.02816,0,0,2.13182,1.10366,1.028160,1,0,41.8104,0,0,0,41.8104,0
63.168,2.72594,0,0,1.78107,0.0756462,0.36288,3.6288,61.308,0.403812,0,0,0.906103,0.253793,0.248497,0.66528,12.849,1,0.542601,0.36288,0,36.6802,5.04493,31.4555,0.84672,12.849,0.84672,3695.15,0,18.483,0.12174,0.86324,1.81269,3.83162,1.20076,5.18506,0.42336,0,0,18.483,0.42336,442.007,0,1.02816,0,0,1.8914,0.86324,1.028160,1,0,36.8891,0,0,0,36.8891,0
61.7823,2.77981,0,0,1.80503,0.0480561,0.36288,3.6288,61.308,0.43314,0,0,0.92537,0.311655,0.180575,0.66528,12.849,1,0.565441,0.36288,0,37.4681,5.63038,31.6352,0.84672,12.849,0.84672,3695.15,0,18.483,0.130582,0.808082,1.81292,3.2158,1.45627,4.24996,0.42336,0,0,18.483,0.42336,442.007,0,1.02816,0,0,1.83624,0.808082,1.028160,1,0,36.0657,0,0,0,36.0657,0
60.3431,2.76967,0,0,1.74252,0.0492016,0.36288,3.6288,61.308,0.433296,0,0,0.804583,0.304086,0.0672007,0.66528,12.849,1,0.576014,0.36288,0,36.0182,5.46935,30.3357,0.84672,12.849,0.84672,3695.15,0,18.483,0.130629,0.823729,1.85679,3.14405,1.41421,4.27973,0.42336,0,0,18.483,0.42336,442.007,0,1.02816,0,0,1.85189,0.823729,1.028160,1,0,34.6826,0,0,0,34.6826,0
58.8035,2.75869,0,0,1.63062,0.0486177,0.36288,3.6288,61.308,0.433452,0,0,0.744742,0.304086,0.00720376,0.66528,12.849,1,0.587415,0.36288,0,32.5153,5.46935,26.8214,0.84672,12.849,0.84672,3695.15,0,18.483,0.130676,0.744267,1.85703,2.80603,1.41421,3.86244,0.42336,0,0,18.483,0.42336,442.007,0,1.02816,0,0,1.77243,0.744267,1.028160,1,0,30.691,0,0,0,30.691,0
57.1433,2.74642,0,0,1.49699,0.0479061,0.36288,3.6288,61.3069,0.433609,0,0,0.736586,0.304086,0,0.66528,12.849,1,0.600113,0.36288,0,29.7229,5.46935,24.0163,0.84672,12.849,0.84672,3695.15,0,18.483,0.130723,0.598683,1.85726,2.74439,1.41421,3.65541,0.42336,0,0,18.483,0.42336,442.007,0,1.02816,0,0,1.62684,0.598683,1.028160,1,0,27.6717,0,0,0,27.6717,0
55.5049,2.91503,0,0,1.67209,0.0325784,0.36288,3.6288,61.308,0.539123,0,0,0.866151,0.289027,0.0368926,0.66528,12.849,1,0.655462,0.36288,0,29.4153,5.64189,23.4808,0.84672,12.849,0.84672,3695.15,0,18.483,0.162537,1.10759,1.8575,3.82017,1.49412,5.1286,0.42336,0,0,18.483,0.42336,442.007,0,1.02816,0,0,2.13575,1.10759,1.028160,1,0,28.6463,0,0,0,28.6463,0
53.3838,2.89969,0,0,1.16813,0.0267042,0.36288,3.6288,61.2014,0.539295,0,0,0.705732,0.273054,0,0.66528,12.849,1,0.671258,0.36288,0,23.8646,5.57802,17.9782,0.84672,12.849,0.84672,3695.15,0,18.483,0.162586,0.892071,2.00557,2.58842,1.56484,3.75864,0.42336,0,0,18.483,0.42336,442.007,0,1.02816,0,0,1.92023,0.892071,1.028160,1,0,21.7369,0,0,0,21.7369,0
51.3087,2.87856,0,0,1.19254,0.0261382,0.36288,3.6288,61.0651,0.539247,0,0,0.675873,0.27287,0,0.66528,12.849,1,0.692844,0.36288,0,22.0175,5.57802,16.1095,0.84672,12.849,0.84672,3695.15,0,18.483,0.162854,0.813897,2.00583,2.65361,1.56484,3.74564,0.42336,0,0,18.483,0.42336,442.007,0,1.02816,0,0,1.84206,0.813897,1.028160,1,0,19.8551,0,0,0,19.8551,0
49.8367,2.85652,0,0,1.77718,0.029815,0.36288,3.6288,61.0546,0.539138,0,0,0.800176,0.271563,0,0.66528,12.849,1,0.715344,0.36288,0,28.3423,5.54833,22.4415,0.84672,12.849,0.84672,3695.15,0,18.483,0.163185,1.19103,2.00608,2.90825,1.5612,4.38098,0.42336,0,0,18.483,0.42336,442.007,0,1.02816,0,0,2.21919,1.19103,1.028160,1,0,26.8225,0,0,0,26.8225,0
49.1202,2.84008,0,0,2.53479,0.0483071,0.36288,3.6288,61.2871,0.539286,0,0,1.03406,0.262321,0,0.66528,12.849,1,0.732236,0.36288,0,41.5754,5.48479,35.7213,0.84672,12.849,0.84672,3695.15,0,18.483,0.163258,1.29667,2.00634,3.18424,1.5378,4.78618,0.42336,0,0,18.483,0.42336,442.007,0,1.02816,0,0,2.32483,1.29667,1.028160,1,0,40.5074,0,0,0,40.5074,0
47.6566,2.74557,0,0,1.6308,-0.014045,0.36288,3.6288,61.308,0.475946,0,0,0.757261,0.213328,0.0470558,0.66528,12.849,1,0.718194,0.36288,0,44.8802,5.04367,39.4812,0.84672,12.849,0.84672,3695.15,0,18.483,0.143536,1.83528,2.00659,3.03172,1.39769,5.33237,0.42336,0,0,18.483,0.42336,442.007,0,1.02816,0,0,2.86344,1.83528,1.028160,1,0,44.8607,0,0,0,44.8607,0
45.9162,2.72855,0,0,1.3372,-0.0138234,0.36288,3.6288,61.308,0.476146,0,0,0.691508,0.213356,0.00200608,0.66528,12.849,1,0.735661,0.36288,0,26.0365,5.04367,20.62,0.84672,12.849,0.84672,3695.15,0,18.483,0.143547,0.946106,1.92208,2.16648,1.39769,3.49343,0.42336,0,0,18.483,0.42336,442.007,0,1.02816,0,0,1.97427,0.946106,1.028160,1,0,24.1154,0,0,0,24.1154,0
46.0892,2.70711,0,0,3.28997,0.0469465,0.36288,3.6288,61.308,0.476308,0,0,1.09992,0.219274,0.404334,0.66528,12.849,1,0.757545,0.36288,0,34.6649,4.58048,29.6897,0.84672,12.849,0.84672,3695.15,0,18.483,0.143596,3.41022,1.92232,5.63511,1.29812,9.52593,0.42336,0,0,18.483,0.42336,442.007,0,1.02816,0,0,4.43838,3.41022,1.028160,1,0,39.62,0,0,0,39.62,0
45.8737,2.70968,0,0,2.93642,0.0794376,0.36288,3.6288,61.308,0.476469,0,0,1.23633,0.233232,0.526631,0.66528,12.849,1,0.755418,0.36288,0,58.3324,4.38396,53.5559,0.84672,12.849,0.84672,3695.15,0,18.483,0.143645,2.37984,1.92257,4.22279,1.22874,7.15282,0.42336,0,0,18.483,0.42336,442.007,0,1.02816,0,0,3.408,2.37984,1.028160,1,0,61.2354,0,0,0,61.2354,0
44.9422,2.63731,0,0,2.17243,0.103679,0.36288,3.6288,61.308,0.418354,0,0,0.893955,0.245091,0.23051,0.66528,12.849,1,0.738699,0.36288,0,42.6722,3.87972,38.4166,0.84672,12.849,0.84672,3695.15,0,18.483,0.126124,1.98707,1.92282,4.26481,1.00315,7.04542,0.42336,0,0,18.483,0.42336,442.007,0,1.02816,0,0,3.01523,1.98707,1.028160,1,0,45.6926,0,0,0,45.6926,0
43.236,2.62574,0,0,1.4031,0.120734,0.36288,3.6288,61.308,0.418508,0,0,0.68135,0.253986,0.00885514,0.66528,12.849,1,0.750701,0.36288,0,40.4884,3.50154,36.5991,0.84672,12.849,0.84672,3695.15,0,18.483,0.126171,0.460944,1.84769,4.4151,0.833961,5.7636,0.42336,0,0,18.483,0.42336,442.007,0,1.02816,0,0,1.4891,0.460944,1.028160,1,0,42.3715,0,0,0,42.3715,0
43.216,2.60324,0,0,3.0646,0.118408,0.36288,3.6288,61.308,0.418662,0,0,1.18311,0.253986,0.510465,0.66528,12.849,1,0.773638,0.36288,0,57.1339,3.50154,53.2216,0.84672,12.849,0.84672,3695.15,0,18.483,0.126217,1.89271,1.84792,6.31652,0.833961,9.09698,0.42336,0,0,18.483,0.42336,442.007,0,1.02816,0,0,2.92087,1.89271,1.028160,1,0,62.829,0,0,0,62.829,0
46.6538,2.6033,0,0,6.52234,0.118381,0.36288,3.6288,61.308,0.418817,0,0,2.45228,0.253986,1.77948,0.66528,12.849,1,0.774012,0.36288,0,124.859,3.50154,120.947,0.84672,12.849,0.84672,3695.15,0,18.483,0.126264,5.95282,1.84816,10.2535,0.833961,17.0943,0.42336,0,0,18.483,0.42336,442.007,0,1.02816,0,0,6.98098,5.95282,1.028160,1,0,139.82,0,0,0,139.82,0
47.524,2.4489,0,0,3.83332,0.15138,0.36288,3.6288,61.308,0.297535,0,0,1.49859,0.236986,0.96407,0.66528,12.849,1,0.674455,0.36288,0,62.9993,3.41622,59.2715,0.84672,12.849,0.84672,3695.15,0,18.483,0.0897001,2.91351,1.84839,5.12586,0.808087,8.98998,0.42336,0,0,18.483,0.42336,442.007,0,1.02816,0,0,3.94167,2.91351,1.028160,1,0,69.2256,0,0,0,69.2256,0
46.8373,2.45894,0,0,2.32042,0.185331,0.36288,3.6288,61.308,0.297674,0,0,1.39872,0.178295,0.922752,0.66528,12.849,1,0.664819,0.36288,0,67.285,3.63279,63.3502,0.84672,12.849,0.84672,3695.15,0,18.483,0.089742,1.96339,1.67885,4.55424,0.891888,7.21485,0.42336,0,0,18.483,0.42336,442.007,0,1.02816,0,0,2.99155,1.96339,1.028160,1,0,71.4878,0,0,0,71.4878,0
46.4606,2.4516,0,0,2.62386,0.186031,0.36288,3.6288,61.308,0.297813,0,0,1.44692,0.210434,0.938676,0.66528,12.849,1,0.672554,0.36288,0,51.7838,4.11453,47.3595,0.84672,12.849,0.84672,3695.15,0,18.483,0.0897839,2.11523,1.67907,3.95706,1.08189,6.57968,0.42336,0,0,18.483,0.42336,442.007,0,1.02816,0,0,3.14339,2.11523,1.028160,1,0,54.8779,0,0,0,54.8779,0
46.3482,2.44764,0,0,2.91252,0.214443,0.36288,3.6288,61.308,0.297952,0,0,1.38772,0.228483,0.861288,0.66528,12.849,1,0.676912,0.36288,0,79.1044,4.48251,74.3078,0.84672,12.849,0.84672,3695.15,0,18.483,0.0898258,2.19204,1.67928,5.21401,1.13716,7.85834,0.42336,0,0,18.483,0.42336,442.007,0,1.02816,0,0,3.2202,2.19204,1.028160,1,0,83.0275,0,0,0,83.0275,0
51.2831,2.44667,0,0,7.95359,0.209076,0.36288,3.6288,61.308,0.29809,0,0,2.68962,0.210558,2.18097,0.66528,12.849,1,0.678284,0.36288,0,105.989,3.94923,101.725,0.84672,12.849,0.84672,3695.15,0,18.483,0.0898677,3.81412,1.67949,10.217,1.03531,14.5854,0.42336,0,0,18.483,0.42336,442.007,0,1.02816,0,0,4.84228,3.81412,1.028160,1,0,118.491,0,0,0,118.491,0
52.2889,2.57746,0,0,4.15808,0.212004,0.36288,3.6288,61.308,0.333411,0,0,1.25356,0.170647,0.749502,0.66528,12.849,1,0.645784,0.36288,0,76.3302,3.83493,72.2123,0.84672,12.849,0.84672,3695.15,0,18.483,0.100516,2.28014,1.67971,7.79685,0.932957,10.7232,0.42336,0,0,18.483,0.42336,442.007,0,1.02816,0,0,3.3083,2.28014,1.028160,1,0,83.6851,0,0,0,83.6851,0
51.2478,2.58774,0,0,2.1235,0.213944,0.36288,3.6288,61.308,0.333545,0,0,0.781263,0.165029,0.28269,0.66528,12.849,1,0.635889,0.36288,0,36.9179,3.85161,32.7932,0.84672,12.849,0.84672,3695.15,0,18.483,0.100556,0.937639,1.73364,4.12746,0.920362,5.77782,0.42336,0,0,18.483,0.42336,442.007,0,1.02816,0,0,1.9658,0.937639,1.028160,1,0,38.8537,0,0,0,38.8537,0
52.7918,2.57772,0,0,4.69626,0.211644,0.36288,3.6288,61.308,0.333678,0,0,1.69181,0.165029,1.1931,0.66528,12.849,1,0.646294,0.36288,0,97.0211,3.85161,92.8861,0.84672,12.849,0.84672,3695.15,0,18.483,0.100597,2.53683,1.73385,9.4682,0.920362,12.7179,0.42336,0,0,18.483,0.42336,442.007,0,1.02816,0,0,3.56499,2.53683,1.028160,1,0,106.797,0,0,0,106.797,0
55.7276,2.59323,0,0,6.10699,0.215055,0.36288,3.6288,61.308,0.333812,0,0,3.06233,0.165029,2.56349,0.66528,12.849,1,0.631166,0.36288,0,144.857,3.85161,140.737,0.84672,12.849,0.84672,3695.15,0,18.483,0.100637,5.73409,1.73406,13.9581,0.920362,20.4052,0.42336,0,0,18.483,0.42336,442.007,0,1.02816,0,0,6.76225,5.73409,1.028160,1,0,163.705,0,0,0,163.705,0
59.2138,2.87617,0,0,6.98918,0.263976,0.36288,3.6288,61.308,0.466097,0,0,2.58982,0.18685,1.93688,0.66528,12.849,1,0.663152,0.36288,0,172.784,4.00908,168.475,0.84672,12.849,0.84672,3695.15,0,18.483,0.140518,7.47611,1.73426,13.9375,0.972114,22.0353,0.42336,0,0,18.483,0.42336,442.007,0,1.02816,0,0,8.50427,7.47611,1.028160,1,0,192.447,0,0,0,192.447,0
60.3066,2.90859,0,0,4.61212,0.247865,0.36288,3.6288,61.308,0.466247,0,0,1.79739,0.171033,1.16011,0.66528,12.849,1,0.631146,0.36288,0,113.953,3.36546,110.319,0.84672,12.849,0.84672,3695.15,0,18.483,0.140563,5.35537,1.9263,10.1867,0.822088,16.5057,0.42336,0,0,18.483,0.42336,442.007,0,1.02816,0,0,6.38353,5.35537,1.028160,1,0,127.985,0,0,0,127.985,0
60.4401,2.91837,0,0,3.66527,0.250475,0.36288,3.6288,61.308,0.466397,0,0,1.40436,0.171033,0.766934,0.66528,12.849,1,0.621792,0.36288,0,76.4001,3.36546,72.7757,0.84672,12.849,0.84672,3695.15,0,18.483,0.140608,1.74321,1.92653,7.88469,0.822088,10.5917,0.42336,0,0,18.483,0.42336,442.007,0,1.02816,0,0,2.77137,1.74321,1.028160,1,0,84.1344,0,0,0,84.1344,0
63.2585,2.91985,0,0,6.34642,0.245268,0.36288,3.6288,61.308,0.466546,0,0,1.74699,0.173092,1.10735,0.66528,12.849,1,0.620733,0.36288,0,111.831,3.35296,108.22,0.84672,12.849,0.84672,3695.15,0,18.483,0.140653,2.6442,1.92675,10.0559,0.813719,13.6725,0.42336,0,0,18.483,0.42336,442.007,0,1.02816,0,0,3.67236,2.6442,1.028160,1,0,123,0,0,0,123,0
66.4369,2.57012,0,0,6.37731,0.265915,0.36288,3.6288,61.308,0.289262,0,0,2.923,0.195317,2.43842,0.66528,12.849,1,0.52204,0.36288,0,159.108,3.0965,155.853,0.84672,12.849,0.84672,3695.15,0,18.483,0.0872062,3.60812,1.92698,16.8525,0.894663,21.4057,0.42336,0,0,18.483,0.42336,442.007,0,1.02816,0,0,4.63628,3.60812,1.028160,1,0,179.697,0,0,0,179.697,0
69.3718,2.59136,0,0,6.19669,0.307528,0.36288,3.6288,61.308,0.289391,0,0,4.12326,0.164975,3.66889,0.66528,12.849,1,0.501172,0.36288,0,145.259,3.24156,141.879,0.84672,12.849,0.84672,3695.15,0,18.483,0.0872449,3.95424,1.66469,20.176,0.863631,24.8441,0.42336,0,0,18.483,0.42336,442.007,0,1.02816,0,0,4.9824,3.95424,1.028160,1,0,170.392,0,0,0,170.392,0
71.466,2.60956,0,0,5.38124,0.314695,0.36288,3.6288,61.308,0.289519,0,0,3.66702,0.164975,3.21253,0.66528,12.849,1,0.48334,0.36288,0,120.719,3.24156,117.357,0.84672,12.849,0.84672,3695.15,0,18.483,0.0872837,3.67095,1.66488,17.8647,0.863631,22.2496,0.42336,0,0,18.483,0.42336,442.007,0,1.02816,0,0,4.69911,3.67095,1.028160,1,0,142.819,0,0,0,142.819,0
72.29,2.62187,0,0,6.26501,0.319808,2.49929,3.6288,61.308,0.289648,0,0,3.74268,0.164975,3.28806,0.66528,12.849,1,0.471391,2.49929,0,135.598,3.24156,134.384,0.84672,12.849,0.84672,3695.15,0,18.483,0.0873224,4.29339,1.66508,21.6908,0.863631,26.6983,0.42336,0,0,18.483,0.42336,442.007,0,1.02816,0,0,5.32155,4.29339,1.028160,1,0,164.371,0,0,0,164.371,0
72.29,2.62675,0,0,7.1165,0.321137,4.16862,3.6288,61.308,0.289776,0,0,3.9796,0.159248,3.53058,0.66528,12.849,1,0.466884,4.16862,0,161.102,3.1519,161.652,0.84672,12.849,0.84672,3695.15,0,18.483,0.0873611,4.42168,1.66528,21.728,0.848276,26.8793,0.42336,0,0,18.483,0.42336,442.007,0,1.02816,0,0,5.44984,4.42168,1.028160,1,0,192.062,0,0,0,192.062,0
72.29,2.72305,0,0,4.27879,0.341961,1.21378,3.6288,61.308,0.333338,0,0,2.19632,0.224496,1.63849,0.66528,12.849,1,0.484001,1.21378,0,103.952,3.60612,101.076,0.84672,12.849,0.84672,3695.15,0,18.483,0.100494,2.74283,1.66548,11.5696,1.06912,14.8083,0.42336,0,0,18.483,0.42336,442.007,0,1.02816,0,0,3.77099,2.74283,1.028160,1,0,117.523,0,0,0,117.523,0
72.29,2.72337,0,0,4.83659,0.341961,1.77125,3.6288,61.308,0.333471,0,0,2.77341,0.224496,2.21545,0.66528,12.849,1,0.484059,1.77125,0,110.471,3.60612,108.152,0.84672,12.849,0.84672,3695.15,0,18.483,0.100534,3.35317,1.73054,12.0026,1.06912,15.9167,0.42336,0,0,18.483,0.42336,442.007,0,1.02816,0,0,4.38133,3.35317,1.028160,1,0,126.284,0,0,0,126.284,0
72.29,2.7237,0,0,4.86526,0.341961,1.79961,3.6288,61.308,0.333605,0,0,3.0929,0.224496,2.5348,0.66528,12.849,1,0.484116,1.79961,0,93.9436,3.60612,91.6529,0.84672,12.849,0.84672,3695.15,0,18.483,0.100575,3.86751,1.73074,10.6822,1.06912,15.1108,0.42336,0,0,18.483,0.42336,442.007,0,1.02816,0,0,4.89567,3.86751,1.028160,1,0,109.299,0,0,0,109.299,0
72.29,2.72402,0,0,7.11017,0.33467,4.05148,3.6288,61.308,0.333739,0,0,4.27291,0.186066,3.75311,0.66528,12.849,1,0.484174,4.05148,0,168.617,3.30147,168.882,0.84672,12.849,0.84672,3695.15,0,18.483,0.100615,4.72459,1.73095,22.8314,1.05282,28.1335,0.42336,0,0,18.483,0.42336,442.007,0,1.02816,0,0,5.75275,4.72459,1.028160,1,0,200.769,0,0,0,200.769,0
72.29,2.6868,0,0,4.63533,0.29644,1.65209,3.6288,61.308,0.316996,0,0,2.4736,0.182077,1.97453,0.66528,12.849,1,0.477558,1.65209,0,137.845,3.70511,135.315,0.84672,12.849,0.84672,3695.15,0,18.483,0.0955671,2.85736,1.73115,11.8104,1.0841,15.2193,0.42336,0,0,18.483,0.42336,442.007,0,1.02816,0,0,3.88552,2.85736,1.028160,1,0,152.508,0,0,0,152.508,0
72.29,2.68712,0,0,3.99354,0.258674,1.04775,3.6288,61.308,0.317127,0,0,1.59596,0.209714,1.06912,0.66528,12.849,1,0.477614,1.04775,0,102.322,4.10686,98.7851,0.84672,12.849,0.84672,3695.15,0,18.483,0.0956069,2.49013,1.7061,9.6546,1.11074,12.6445,0.42336,0,0,18.483,0.42336,442.007,0,1.02816,0,0,3.51829,2.49013,1.028160,1,0,112.499,0,0,0,112.499,0
72.29,2.68744,0,0,3.73915,0.258674,0.793041,3.6288,61.308,0.317259,0,0,1.60097,0.209714,1.074,0.66528,12.849,1,0.477671,0.793041,0,94.1561,4.10686,90.3646,0.84672,12.849,0.84672,3695.15,0,18.483,0.0956466,2.38831,1.70631,9.14147,1.11074,12.0297,0.42336,0,0,18.483,0.42336,442.007,0,1.02816,0,0,3.41647,2.38831,1.028160,1,0,103.468,0,0,0,103.468,0
72.29,2.68776,0,0,3.57914,0.258674,0.632708,3.6288,61.308,0.317391,0,0,1.98743,0.209714,1.46033,0.66528,12.849,1,0.477728,0.632708,0,89.7385,4.10686,85.7866,0.84672,12.849,0.84672,3695.15,0,18.483,0.0956863,3.11887,1.70651,10.9608,1.11074,14.5797,0.42336,0,0,18.483,0.42336,442.007,0,1.02816,0,0,4.14703,3.11887,1.028160,1,0,101.827,0,0,0,101.827,0
72.0069,2.81559,0,0,3.18007,0.284695,0.36288,3.6288,61.308,0.377401,0,0,1.56652,0.147927,1.04119,0.66528,12.849,1,0.50045,0.36288,0,72.8119,3.69865,68.9756,0.84672,12.849,0.84672,3695.15,0,18.483,0.113778,2.23781,1.70671,8.83017,0.917393,11.7435,0.42336,0,0,18.483,0.42336,442.007,0,1.02816,0,0,3.26597,2.23781,1.028160,1,0,81.7604,0,0,0,81.7604,0
71.5293,2.81425,0,0,2.92526,0.225741,0.36288,3.6288,61.308,0.37754,0,0,1.57441,0.173329,1.02354,0.66528,12.849,1,0.502179,0.36288,0,59.5748,4.45422,54.9813,0.84672,12.849,0.84672,3695.15,0,18.483,0.11382,2.43116,1.79527,8.12652,1.05444,11.1847,0.42336,0,0,18.483,0.42336,442.007,0,1.02816,0,0,3.45932,2.43116,1.028160,1,0,67.1895,0,0,0,67.1895,0
70.8521,2.81175,0,0,2.65934,0.161943,0.36288,3.6288,61.308,0.377679,0,0,1.33593,0.195858,0.762398,0.66528,12.849,1,0.505082,0.36288,0,56.407,4.7565,51.5083,0.84672,12.849,0.84672,3695.15,0,18.483,0.113862,2.04948,1.79548,7.2703,1.11525,9.88614,0.42336,0,0,18.483,0.42336,442.007,0,1.02816,0,0,3.07764,2.04948,1.028160,1,0,62.1569,0,0,0,62.1569,0
69.9646,2.80799,0,0,2.44452,0.161106,0.36288,3.6288,61.308,0.377818,0,0,1.07698,0.195858,0.503309,0.66528,12.849,1,0.509229,0.36288,0,51.7174,4.7565,46.8146,0.84672,12.849,0.84672,3695.15,0,18.483,0.113904,1.59718,1.79569,6.58757,1.11525,8.75129,0.42336,0,0,18.483,0.42336,442.007,0,1.02816,0,0,2.62534,1.59718,1.028160,1,0,56.0691,0,0,0,56.0691,0
69.0228,2.80287,0,0,2.38826,0.164277,0.36288,3.6288,61.308,0.377957,0,0,0.893367,0.222438,0.292973,0.66528,12.849,1,0.514747,0.36288,0,46.9381,5.21294,41.5733,0.84672,12.849,0.84672,3695.15,0,18.483,0.113946,1.47722,1.79591,6.34038,1.20771,8.29185,0.42336,0,0,18.483,0.42336,442.007,0,1.02816,0,0,2.50538,1.47722,1.028160,1,0,50.1581,0,0,0,50.1581,0
67.7655,2.77223,0,0,2.01161,0.133788,0.36288,3.6288,61.308,0.411025,0,0,0.850306,0.248994,0.190286,0.66528,12.849,1,0.516066,0.36288,0,38.4409,4.80574,33.482,0.84672,12.849,0.84672,3695.15,0,18.483,0.123915,0.820048,1.79612,4.49495,1.19331,5.79389,0.42336,0,0,18.483,0.42336,442.007,0,1.02816,0,0,1.84821,0.820048,1.028160,1,0,39.4662,0,0,0,39.4662,0
66.3812,2.76451,0,0,1.87549,0.132479,0.36288,3.6288,61.308,0.411168,0,0,0.817007,0.248994,0.156845,0.66528,12.849,1,0.524177,0.36288,0,37.9324,4.80574,32.9654,0.84672,12.849,0.84672,3695.15,0,18.483,0.123958,0.745563,1.82388,4.59303,1.19331,5.8452,0.42336,0,0,18.483,0.42336,442.007,0,1.02816,0,0,1.77372,0.745563,1.028160,1,0,38.9675,0,0,0,38.9675,0
64.8305,2.75568,0,0,1.69893,0.131038,0.36288,3.6288,61.308,0.411311,0,0,0.780728,0.248994,0.120422,0.66528,12.849,1,0.5334,0.36288,0,37.2778,4.80574,32.3015,0.84672,12.849,0.84672,3695.15,0,18.483,0.124001,0.657418,1.82409,4.33905,1.19331,5.50325,0.42336,0,0,18.483,0.42336,442.007,0,1.02816,0,0,1.68558,0.657418,1.028160,1,0,37.9252,0,0,0,37.9252,0
63.1442,2.74536,0,0,1.54688,0.124933,0.36288,3.6288,61.308,0.411454,0,0,0.738357,0.259964,0.0669397,0.66528,12.849,1,0.544112,0.36288,0,32.8155,4.94689,27.6874,0.84672,12.849,0.84672,3695.15,0,18.483,0.124044,0.496411,1.82431,4.21139,1.24484,5.16323,0.42336,0,0,18.483,0.42336,442.007,0,1.02816,0,0,1.52457,0.496411,1.028160,1,0,32.9175,0,0,0,32.9175,0
61.3391,2.7974,0,0,1.45822,0.10308,0.36288,3.6288,61.2341,0.440958,0,0,0.697395,0.330304,0,0.66528,12.849,1,0.569234,0.36288,0,31.4204,5.81011,25.4039,0.84672,12.849,0.84672,3695.15,0,18.483,0.132939,0.548484,1.82453,3.79175,1.5187,4.51313,0.42336,0,0,18.483,0.42336,442.007,0,1.02816,0,0,1.57664,0.548484,1.028160,1,0,29.9171,0,0,0,29.9171,0
59.4558,2.78388,0,0,1.3698,0.106307,0.36288,3.6288,61.0931,0.440982,0,0,0.633537,0.333544,0,0.66528,12.849,1,0.583154,0.36288,0,31.3522,5.82236,25.3096,0.84672,12.849,0.84672,3695.15,0,18.483,0.133107,0.361575,1.86866,3.18151,1.49224,3.78639,0.42336,0,0,18.483,0.42336,442.007,0,1.02816,0,0,1.38974,0.361575,1.028160,1,0,29.096,0,0,0,29.096,0
57.4769,2.76903,0,0,1.25753,0.104543,0.36288,3.6288,60.935,0.451518,0,0,0.626588,0.333246,0,0.66528,12.849,1,0.598414,0.36288,0,28.6597,5.82236,22.6019,0.84672,12.849,0.84672,3695.15,0,18.483,0.136602,0.261274,1.86888,3.11164,1.49224,3.61296,0.42336,0,0,18.483,0.42336,442.007,0,1.01432,0,0,1.27559,0.261274,1.028160,1,0,26.2148,0,0,0,26.2148,0
55.7832,2.75251,0,0,1.51082,0.0891412,0.36288,3.6288,60.9392,0.440773,0,0,0.76299,0.317976,0,0.66528,12.849,1,0.615326,0.36288,0,30.0133,6.03057,23.7303,0.84672,12.849,0.84672,3695.15,0,18.483,0.133697,0.700479,1.8691,4.64617,1.55106,5.531,0.42336,0,0,18.483,0.42336,442.007,0,1.02816,0,0,1.72864,0.700479,1.028160,1,0,29.2613,0,0,0,29.2613,0
53.8904,2.92049,0,0,1.48221,0.0915715,0.36288,3.6288,60.8276,0.546808,0,0,0.744623,0.30938,0,0.66528,12.849,1,0.672701,0.36288,0,29.8211,5.95884,23.5525,0.84672,12.849,0.84672,3695.15,0,18.483,0.165848,0.653054,1.86932,3.67824,1.54806,4.48671,0.42336,0,0,18.483,0.42336,442.007,0,1.02816,0,0,1.68121,0.653054,1.028160,1,0,28.0392,0,0,0,28.0392,0
51.6355,2.90176,0,0,1.10757,0.0979,0.36288,3.6288,60.4212,0.611322,0,0,0.574811,0.369925,0,0.66528,12.849,1,0.691861,0.36288,0,21.3913,5.90005,15.1622,0.84672,12.849,0.84672,3695.15,0,18.483,0.185755,0.227405,2.01832,3.02981,1.52688,3.56289,0.42336,0,0,18.483,0.42336,442.007,0,0.943946,0,0,1.17135,0.227405,1.028160,1,0,18.7251,0,0,0,18.7251,0
49.3391,2.87791,0,0,1.04003,0.0956578,0.36288,3.6288,60.0671,0.546036,0,0,0.560912,0.368972,0,0.66528,12.849,1,0.71614,0.36288,0,21.8347,5.90005,15.5813,0.84672,12.849,0.84672,3695.15,0,18.483,0.167034,0.40265,2.01856,2.79288,1.52688,3.52017,0.42336,0,0,18.483,0.42336,442.007,0,1.02816,0,0,1.43081,0.40265,1.028160,1,0,19.1015,0,0,0,19.1015,0
47.0375,2.8518,0,0,1.00651,0.0933729,0.36288,3.6288,59.7093,0.545442,0,0,0.555806,0.368141,0,0.66528,12.849,1,0.742673,0.36288,0,20.4121,5.90005,14.1322,0.84672,12.849,0.84672,3695.15,0,18.483,0.167836,0.380601,2.0188,2.78202,1.52688,3.4867,0.42336,0,0,18.483,0.42336,442.007,0,1.02816,0,0,1.40876,0.380601,1.028160,1,0,17.6189,0,0,0,17.6189,0
44.7645,2.82359,0,0,1.00456,0.0910617,0.36288,3.6288,59.3226,0.544832,0,0,0.525442,0.367302,0,0.66528,12.849,1,0.771307,0.36288,0,19.5182,5.90005,13.2097,0.84672,12.849,0.84672,3695.15,0,18.483,0.168652,0.350611,2.01904,2.83645,1.52688,3.51057,0.42336,0,0,18.483,0.42336,442.007,0,1.02816,0,0,1.37877,0.350611,1.028160,1,0,16.7203,0,0,0,16.7203,0
42.6557,2.70826,0,0,1.04816,0.0858702,0.36288,3.6288,58.9968,0.480252,0,0,0.540164,0.385759,0,0.66528,12.849,1,0.777367,0.36288,0,16.8057,5.67751,10.7137,0.84672,12.849,0.84672,3695.15,0,18.483,0.149631,0.334696,2.01928,2.59594,1.47484,3.32544,0.42336,0,0,18.483,0.42336,442.007,0,1.02816,0,0,1.36286,0.334696,1.028160,1,0,14.0391,0,0,0,14.0391,0
40.6929,2.67905,0,0,1.20893,0.129761,0.36288,3.6288,58.9087,0.479773,0,0,0.75593,0.364259,0,0.66528,12.849,1,0.806999,0.36288,0,16.0837,4.99601,10.6436,0.84672,12.849,0.84672,3695.15,0,18.483,0.150307,0.756138,1.93421,3.48479,1.33313,4.6917,0.42336,0,0,18.483,0.42336,442.007,0,1.02816,0,0,1.7843,0.756138,1.028160,1,0,15.3353,0,0,0,15.3353,0
38.6853,2.64978,0,0,1.13409,0.129086,0.36288,3.6288,58.8319,0.479752,0,0,0.767992,0.365044,0,0.66528,12.849,1,0.836681,0.36288,0,19.7967,5.01228,14.3106,0.84672,12.849,0.84672,3695.15,0,18.483,0.150526,0.703063,1.93444,3.52588,1.34245,4.67041,0.42336,0,0,18.483,0.42336,442.007,0,1.02816,0,0,1.73122,0.703063,1.028160,1,0,18.981,0,0,0,18.981,0
36.8294,2.64016,0,0,1.27322,0.126087,0.36288,3.6288,58.9437,0.479753,0,0,0.956448,0.364864,0,0.66528,12.849,1,0.84672,0.36288,0,31.849,5.01228,26.3529,0.84672,12.849,0.84672,3695.15,0,18.483,0.150722,1.03928,1.93467,4.48869,1.34245,5.96947,0.42336,0,0,18.483,0.42336,442.007,0,1.02816,0,0,2.06744,1.03928,1.028160,1,0,32.3224,0,0,0,32.3224,0
35.7876,2.55048,0,0,2.01652,0.144913,0.36288,3.6288,59.4071,0.422017,0,0,1.18647,0.301107,0,0.66528,12.849,1,0.84672,0.36288,0,70.0134,4.85437,64.6752,0.84672,12.849,0.84672,3695.15,0,18.483,0.132332,1.33051,1.9349,5.73827,1.19822,7.67313,0.42336,0,0,18.483,0.42336,442.007,0,1.02816,0,0,2.35867,1.33051,1.028160,1,0,72.3483,0,0,0,72.3483,0
36.6,2.55089,0,0,3.89761,0.171491,0.36288,3.6288,60.401,0.422948,0,0,1.63325,0.21639,0,0.66528,12.849,1,0.84672,0.36288,0,89.2038,4.64383,84.0761,0.84672,12.849,0.84672,3695.15,0,18.483,0.13159,2.2494,1.85928,8.25612,1.00592,11.2273,0.42336,0,0,18.483,0.42336,442.007,0,1.02816,0,0,3.27756,2.2494,1.028160,1,0,95.3034,0,0,0,95.3034,0
38.0348,2.55129,0,0,4.52215,0.173164,0.36288,3.6288,61.308,0.42475,0,0,2.35936,0.217767,0.809822,0.66528,12.849,1,0.84672,0.36288,0,103.998,4.64383,98.8703,0.84672,12.849,0.84672,3695.15,0,18.483,0.129976,3.03721,1.8595,9.9868,1.00592,13.7476,0.42336,0,0,18.483,0.42336,442.007,0,1.02816,0,0,4.06537,3.03721,1.028160,1,0,113.428,0,0,0,113.428,0
39.0196,2.5517,0,0,4.09191,0.192468,0.36288,3.6288,61.308,0.426372,0,0,1.79849,0.190153,1.18197,0.66528,12.849,1,0.84672,0.36288,0,94.2365,4.67757,89.0751,0.84672,12.849,0.84672,3695.15,0,18.483,0.128542,2.64046,1.85973,9.96356,1.08609,13.2491,0.42336,0,0,18.483,0.42336,442.007,0,1.02816,0,0,3.66862,2.64046,1.028160,1,0,103.506,0,0,0,103.506,0
39.1639,2.3643,0,0,3.10065,0.22919,0.36288,3.6288,61.308,0.304323,0,0,1.35215,0.201563,0.846263,0.66528,12.849,1,0.778553,0.36288,0,69.9166,4.64638,64.8546,0.84672,12.849,0.84672,3695.15,0,18.483,0.0917465,1.44564,1.85995,6.33112,0.995755,8.5492,0.42336,0,0,18.483,0.42336,442.007,0,1.02816,0,0,2.4738,1.44564,1.028160,1,0,74.25,0,0,0,74.25,0
38.9639,2.36674,0,0,2.74383,0.214202,0.36288,3.6288,61.308,0.304453,0,0,0.702542,0.181514,0.216575,0.66528,12.849,1,0.776486,0.36288,0,59.4162,3.77716,55.2255,0.84672,12.849,0.84672,3695.15,0,18.483,0.0917857,0.968198,1.68933,4.75816,0.883574,6.44033,0.42336,0,0,18.483,0.42336,442.007,0,1.02816,0,0,1.99636,0.968198,1.028160,1,0,61.8824,0,0,0,61.8824,0
39.303,2.36402,0,0,3.27968,0.213708,0.36288,3.6288,61.308,0.304583,0,0,0.930442,0.181514,0.444344,0.66528,12.849,1,0.779575,0.36288,0,62.4942,3.77716,58.3004,0.84672,12.849,0.84672,3695.15,0,18.483,0.0918249,1.63418,1.68953,5.6774,0.883574,8.02571,0.42336,0,0,18.483,0.42336,442.007,0,1.02816,0,0,2.66234,1.63418,1.028160,1,0,66.7704,0,0,0,66.7704,0
39.6823,2.36937,0,0,3.32607,0.214547,0.36288,3.6288,61.308,0.304713,0,0,1.15236,0.181514,0.666133,0.66528,12.849,1,0.774599,0.36288,0,76,3.77716,71.8111,0.84672,12.849,0.84672,3695.15,0,18.483,0.0918642,1.99985,1.68973,6.74696,0.883574,9.4611,0.42336,0,0,18.483,0.42336,442.007,0,1.02816,0,0,3.02801,1.99985,1.028160,1,0,81.9384,0,0,0,81.9384,0
41.8151,2.37525,0,0,5.09779,0.226864,0.36288,3.6288,61.308,0.304843,0,0,1.37074,0.165732,0.90017,0.66528,12.849,1,0.769098,0.36288,0,80.1965,3.98831,75.802,0.84672,12.849,0.84672,3695.15,0,18.483,0.0919034,2.19066,1.68993,8.43924,0.916679,11.3113,0.42336,0,0,18.483,0.42336,442.007,0,1.02816,0,0,3.21882,2.19066,1.028160,1,0,88.0134,0,0,0,88.0134,0
44.8577,2.48089,0,0,6.10103,0.214651,0.36288,3.6288,61.308,0.340373,0,0,1.48012,0.236205,0.90354,0.66528,12.849,1,0.762331,0.36288,0,92.7289,4.87876,87.4507,0.84672,12.849,0.84672,3695.15,0,18.483,0.102615,2.40071,1.69013,8.09003,1.30754,10.7707,0.42336,0,0,18.483,0.42336,442.007,0,1.02816,0,0,3.42887,2.40071,1.028160,1,0,99.1249,0,0,0,99.1249,0
46.5172,2.52136,0,0,4.75454,0.210846,0.36288,3.6288,61.308,0.340498,0,0,0.881036,0.250521,0.290017,0.66528,12.849,1,0.722217,0.36288,0,131.406,4.79819,126.249,0.84672,12.849,0.84672,3695.15,0,18.483,0.102653,1.97567,1.74439,6.30448,1.32607,8.59581,0.42336,0,0,18.483,0.42336,442.007,0,1.02816,0,0,3.00383,1.97567,1.028160,1,0,135.134,0,0,0,135.134,0
50.0377,2.54183,0,0,6.64004,0.2148,0.36288,3.6288,61.308,0.340623,0,0,1.28536,0.250521,0.694212,0.66528,12.849,1,0.702106,0.36288,0,89.1829,4.79819,84.0455,0.84672,12.849,0.84672,3695.15,0,18.483,0.10269,2.72239,1.74458,7.54179,1.32607,10.58,0.42336,0,0,18.483,0.42336,442.007,0,1.02816,0,0,3.75055,2.72239,1.028160,1,0,95.3198,0,0,0,95.3198,0
57.965,2.58142,0,0,11.0948,0.223174,0.36288,3.6288,61.308,0.340748,0,0,2.23893,0.250521,1.64766,0.66528,12.849,1,0.662874,0.36288,0,263.669,4.79819,258.57,0.84672,12.849,0.84672,3695.15,0,18.483,0.102728,4.86577,1.74477,11.3612,1.32607,16.5429,0.42336,0,0,18.483,0.42336,442.007,0,1.02816,0,0,5.89393,4.86577,1.028160,1,0,276.761,0,0,0,276.761,0
64.4993,2.91497,0,0,10.0721,0.25993,0.36288,3.6288,61.308,0.473838,0,0,1.38694,0.238118,0.674988,0.66528,12.849,1,0.646157,0.36288,0,226.946,4.37797,222.285,0.84672,12.849,0.84672,3695.15,0,18.483,0.142852,2.9363,1.74497,8.60406,1.23519,11.9073,0.42336,0,0,18.483,0.42336,442.007,0,1.02816,0,0,3.96446,2.9363,1.028160,1,0,234.867,0,0,0,234.867,0
65.686,2.96989,0,0,4.82357,0.304186,0.36288,3.6288,61.308,0.473978,0,0,1.04854,0.231673,0.342891,0.66528,12.849,1,0.591636,0.36288,0,102.416,4.67019,97.517,0.84672,12.849,0.84672,3695.15,0,18.483,0.142894,1.91238,1.93817,6.72046,1.36948,9.05863,0.42336,0,0,18.483,0.42336,442.007,0,1.02816,0,0,2.94054,1.91238,1.028160,1,0,106.919,0,0,0,106.919,0
67.5202,2.97916,0,0,5.47295,0.296627,0.36288,3.6288,61.308,0.474118,0,0,1.0168,0.236795,0.305886,0.66528,12.849,1,0.582761,0.36288,0,90.2932,4.48443,85.5889,0.84672,12.849,0.84672,3695.15,0,18.483,0.142936,1.8904,1.93838,5.98074,1.26804,8.39854,0.42336,0,0,18.483,0.42336,442.007,0,1.02816,0,0,2.91856,1.8904,1.028160,1,0,94.2933,0,0,0,94.2933,0
70.225,2.99279,0,0,6.3348,0.274416,0.36288,3.6288,61.308,0.474257,0,0,0.978013,0.2496,0.254156,0.66528,12.849,1,0.569523,0.36288,0,132.206,4.02003,127.979,0.84672,12.849,0.84672,3695.15,0,18.483,0.142978,1.73871,1.9386,6.15508,1.01443,8.67497,0.42336,0,0,18.483,0.42336,442.007,0,1.02816,0,0,2.76687,1.73871,1.028160,1,0,136.908,0,0,0,136.908,0
72.29,2.62992,0,0,6.70287,0.280565,1.72734,3.6288,61.308,0.295876,0,0,1.80693,0.234716,1.27633,0.66528,12.849,1,0.481193,1.72734,0,139.841,3.92028,137.167,0.84672,12.849,0.84672,3695.15,0,18.483,0.0892001,3.52665,1.93881,9.87753,0.985555,14.2682,0.42336,0,0,18.483,0.42336,442.007,0,1.02816,0,0,4.55481,3.52665,1.028160,1,0,152.711,0,0,0,152.711,0
72.29,2.64188,0,0,4.55643,0.28581,1.62875,3.6288,61.308,0.295996,0,0,1.38556,0.197507,0.892059,0.66528,12.849,1,0.469574,1.62875,0,114.314,3.67091,111.802,0.84672,12.849,0.84672,3695.15,0,18.483,0.0892363,2.73224,1.67489,7.47235,0.913379,10.8769,0.42336,0,0,18.483,0.42336,442.007,0,1.02816,0,0,3.7604,2.73224,1.028160,1,0,123.571,0,0,0,123.571,0
72.29,2.64217,0,0,6.94354,0.28581,4.01556,3.6288,61.308,0.296116,0,0,1.64611,0.197507,1.15249,0.66528,12.849,1,0.469626,4.01556,0,105.827,3.67091,105.702,0.84672,12.849,0.84672,3695.15,0,18.483,0.0892724,3.66203,1.67507,10.9852,0.913379,15.3197,0.42336,0,0,18.483,0.42336,442.007,0,1.02816,0,0,4.69019,3.66203,1.028160,1,0,122.174,0,0,0,122.174,0
72.29,2.64246,0,0,6.54279,0.286051,3.61427,3.6288,61.308,0.296236,0,0,2.4397,0.214346,1.92912,0.66528,12.849,1,0.469678,3.61427,0,155.741,3.72948,155.156,0.84672,12.849,0.84672,3695.15,0,18.483,0.0893086,6.14988,1.67526,10.2954,0.950436,17.0808,0.42336,0,0,18.483,0.42336,442.007,0,1.02816,0,0,7.17804,6.14988,1.028160,1,0,174.166,0,0,0,174.166,0
72.29,2.64275,0,0,7.88986,0.277735,4.96937,3.6288,61.308,0.296356,0,0,2.19186,0.222462,1.67305,0.66528,12.849,1,0.46973,4.96937,0,149.518,3.70802,150.309,0.84672,12.849,0.84672,3695.15,0,18.483,0.0893448,4.69372,1.67544,11.449,0.968834,16.76,0.42336,0,0,18.483,0.42336,442.007,0,1.02816,0,0,5.72188,4.69372,1.028160,1,0,168.742,0,0,0,168.742,0
72.29,2.73962,0,0,8.1445,0.293486,5.11139,3.6288,61.308,0.340173,0,0,2.50714,0.177857,1.98911,0.66528,12.849,1,0.486946,5.11139,0,184.611,3.3153,185.92,0.84672,12.849,0.84672,3695.15,0,18.483,0.102555,4.52591,1.67563,11.8809,0.741594,17.2383,0.42336,0,0,18.483,0.42336,442.007,0,1.02816,0,0,5.55407,4.52591,1.028160,1,0,205.147,0,0,0,205.147,0
72.29,2.73992,0,0,6.3785,0.263472,3.37511,3.6288,61.308,0.340298,0,0,2.34181,0.163668,1.83785,0.66528,12.849,1,0.487,3.37511,0,116.782,3.61158,116.058,0.84672,12.849,0.84672,3695.15,0,18.483,0.102592,2.92724,1.74107,7.3974,0.773236,11.1899,0.42336,0,0,18.483,0.42336,442.007,0,1.02816,0,0,3.9554,2.92724,1.028160,1,0,129.086,0,0,0,129.086,0
72.29,2.74022,0,0,5.88494,0.263472,2.88124,3.6288,61.308,0.340423,0,0,1.79053,0.163668,1.28644,0.66528,12.849,1,0.487054,2.88124,0,104.848,3.61158,103.631,0.84672,12.849,0.84672,3695.15,0,18.483,0.10263,2.43796,1.74126,6.10315,0.773236,9.4065,0.42336,0,0,18.483,0.42336,442.007,0,1.02816,0,0,3.46612,2.43796,1.028160,1,0,114.324,0,0,0,114.324,0
72.29,2.74052,0,0,7.71756,0.263472,4.71356,3.6288,61.308,0.340547,0,0,1.78267,0.163668,1.27845,0.66528,12.849,1,0.487108,4.71356,0,109.284,3.61158,109.899,0.84672,12.849,0.84672,3695.15,0,18.483,0.102668,3.22924,1.74145,13.4462,0.773236,17.541,0.42336,0,0,18.483,0.42336,442.007,0,1.02816,0,0,4.2574,3.22924,1.028160,1,0,128.718,0,0,0,128.718,0
72.29,2.70305,0,0,5.7844,0.271302,2.81005,3.6288,61.308,0.323693,0,0,1.34764,0.155492,0.868456,0.66528,12.849,1,0.480447,2.81005,0,120.64,3.18611,119.784,0.84672,12.849,0.84672,3695.15,0,18.483,0.0975863,1.98728,1.74164,7.49436,0.719229,10.4065,0.42336,0,0,18.483,0.42336,442.007,0,1.02816,0,0,3.01544,1.98728,1.028160,1,0,131.059,0,0,0,131.059,0
72.29,2.70335,0,0,4.46926,0.202127,1.56378,3.6288,61.308,0.323816,0,0,0.766826,0.211797,0.231212,0.66528,12.849,1,0.4805,1.56378,0,88.0114,4.20619,84.8884,0.84672,12.849,0.84672,3695.15,0,18.483,0.0976234,1.03038,1.71642,4.59781,0.923188,6.3238,0.42336,0,0,18.483,0.42336,442.007,0,1.02816,0,0,2.05854,1.03038,1.028160,1,0,91.4435,0,0,0,91.4435,0
72.29,2.70365,0,0,4.237,0.202127,1.33122,3.6288,61.308,0.323939,0,0,0.736422,0.211797,0.200685,0.66528,12.849,1,0.480553,1.33122,0,82.5491,4.20619,79.1936,0.84672,12.849,0.84672,3695.15,0,18.483,0.0976605,0.958504,1.71661,4.31313,0.923188,5.9674,0.42336,0,0,18.483,0.42336,442.007,0,1.02816,0,0,1.98666,0.958504,1.028160,1,0,85.3617,0,0,0,85.3617,0
72.29,2.70395,0,0,3.92761,0.202127,1.02153,3.6288,61.308,0.324062,0,0,0.851688,0.211797,0.315829,0.66528,12.849,1,0.480606,1.02153,0,75.3235,4.20619,71.6582,0.84672,12.849,0.84672,3695.15,0,18.483,0.0976976,1.23303,1.7168,4.72402,0.923188,6.65297,0.42336,0,0,18.483,0.42336,442.007,0,1.02816,0,0,2.26119,1.23303,1.028160,1,0,78.627,0,0,0,78.627,0
72.29,2.83253,0,0,3.6989,0.215108,0.651262,3.6288,61.308,0.384424,0,0,0.802734,0.189819,0.228491,0.66528,12.849,1,0.50346,0.651262,0,69.4984,4.02195,65.6243,0.84672,12.849,0.84672,3695.15,0,18.483,0.115895,1.1085,1.71699,4.49174,0.828364,6.37298,0.42336,0,0,18.483,0.42336,442.007,0,1.02816,0,0,2.13666,1.1085,1.028160,1,0,72.2257,0,0,0,72.2257,0
72.29,2.83284,0,0,3.48011,0.148474,0.4988,3.6288,61.308,0.384553,0,0,0.659457,0.241977,0.0329259,0.66528,12.849,1,0.503516,0.4988,0,55.1104,4.82388,50.2818,0.84672,12.849,0.84672,3695.15,0,18.483,0.115934,0.658973,1.80607,3.33403,0.986355,4.69678,0.42336,0,0,18.483,0.42336,442.007,0,1.02816,0,0,1.68713,0.658973,1.028160,1,0,55.0115,0,0,0,55.0115,0
72.2764,2.83315,0,0,3.31946,0.137057,0.36288,3.6288,61.3001,0.384683,0,0,0.622296,0.245486,0,0.66528,12.849,1,0.503571,0.36288,0,50.3032,4.88355,45.279,0.84672,12.849,0.84672,3695.15,0,18.483,0.115973,0.556848,1.80627,3.22308,1.01171,4.45852,0.42336,0,0,18.483,0.42336,442.007,0,1.02816,0,0,1.58501,0.556848,1.028160,1,0,49.7375,0,0,0,49.7375,0
72.1503,2.83338,0,0,3.20722,0.137043,0.36288,3.6288,61.3046,0.384801,0,0,0.634772,0.245474,0,0.66528,12.849,1,0.503708,0.36288,0,47.9607,4.88355,42.9364,0.84672,12.849,0.84672,3695.15,0,18.483,0.116024,0.729518,1.80647,3.08287,1.01171,4.49112,0.42336,0,0,18.483,0.42336,442.007,0,1.02816,0,0,1.75768,0.729518,1.028160,1,0,47.4275,0,0,0,47.4275,0
71.7367,2.83295,0,0,2.94375,0.161471,0.36288,3.6288,61.2758,0.384938,0,0,0.595038,0.238897,0,0.66528,12.849,1,0.504511,0.36288,0,45.095,4.46048,40.4929,0.84672,12.849,0.84672,3695.15,0,18.483,0.116057,0.651024,1.80667,2.81144,1.02803,4.12504,0.42336,0,0,18.483,0.42336,442.007,0,1.02816,0,0,1.67918,0.651024,1.028160,1,0,44.6179,0,0,0,44.6179,0
70.9027,2.80544,0,0,2.45508,0.120752,0.36288,3.6288,61.308,0.418148,0,0,0.750959,0.260708,0.0399295,0.66528,12.849,1,0.502492,0.36288,0,52.1192,5.3591,46.6205,0.84672,12.849,0.84672,3695.15,0,18.483,0.126128,0.553133,1.80686,3.24367,1.19071,4.28683,0.42336,0,0,18.483,0.42336,442.007,0,1.02816,0,0,1.58129,0.553133,1.028160,1,0,50.9472,0,0,0,50.9472,0
69.9144,2.80075,0,0,2.26187,0.0865837,0.36288,3.6288,61.3034,0.418332,0,0,0.713906,0.300211,0,0.66528,12.849,1,0.507552,0.36288,0,51.4107,5.57505,45.691,0.84672,12.849,0.84672,3695.15,0,18.483,0.126118,0.478086,1.83477,3.30898,1.3339,4.16182,0.42336,0,0,18.483,0.42336,442.007,0,1.02816,0,0,1.50625,0.478086,1.028160,1,0,49.8528,0,0,0,49.8528,0
68.8247,2.795,0,0,2.14991,0.0817726,0.36288,3.6288,61.272,0.418458,0,0,0.69317,0.306096,0,0.66528,12.849,1,0.513669,0.36288,0,47.2546,5.58138,41.5224,0.84672,12.849,0.84672,3695.15,0,18.483,0.126165,0.426488,1.83497,3.20613,1.35343,3.988,0.42336,0,0,18.483,0.42336,442.007,0,1.02816,0,0,1.45465,0.426488,1.028160,1,0,45.5104,0,0,0,45.5104,0
67.5943,2.78845,0,0,2.00209,0.081084,0.36288,3.6288,61.1523,0.418542,0,0,0.604903,0.306036,0,0.66528,12.849,1,0.520581,0.36288,0,43.9214,5.58138,38.1823,0.84672,12.849,0.84672,3695.15,0,18.483,0.126255,0.364306,1.83518,3.03708,1.35343,3.75688,0.42336,0,0,18.483,0.42336,442.007,0,1.02816,0,0,1.39247,0.364306,1.028160,1,0,41.9392,0,0,0,41.9392,0
66.2223,2.84569,0,0,1.90814,0.0715993,0.36288,3.6288,60.9575,0.458984,0,0,0.579365,0.315222,0,0.66528,12.849,1,0.540937,0.36288,0,40.7327,5.76534,34.7893,0.84672,12.849,0.84672,3695.15,0,18.483,0.138726,0.261274,1.83538,2.7736,1.40718,3.32435,0.42336,0,0,18.483,0.42336,442.007,0,1.01386,0,0,1.27513,0.261274,1.028160,1,0,38.1136,0,0,0,38.1136,0
64.8209,2.83662,0,0,1.85742,0.0593419,0.36288,3.6288,60.7255,0.496179,0,0,0.591608,0.327375,0,0.66528,12.849,1,0.550384,0.36288,0,37.6334,6.01062,31.4353,0.84672,12.849,0.84672,3695.15,0,18.483,0.150447,0.261274,1.87975,2.67668,1.47884,3.18842,0.42336,0,0,18.483,0.42336,442.007,0,0.965123,0,0,1.2264,0.261274,1.028160,1,0,34.6237,0,0,0,34.6237,0
63.192,2.827,0,0,1.61963,0.0586805,0.36288,3.6288,60.3733,0.583191,0,0,0.557884,0.326894,0,0.66528,12.849,1,0.560377,0.36288,0,35.6548,6.01062,29.4467,0.84672,12.849,0.84672,3695.15,0,18.483,0.177506,0.261274,1.87996,2.55763,1.47884,3.04251,0.42336,0,0,18.483,0.42336,442.007,0,0.85123,0,0,1.1125,0.261274,1.028160,1,0,32.4892,0,0,0,32.4892,0
61.4541,2.81531,0,0,1.49369,0.0533486,0.36288,3.6288,59.9986,0.594229,0,0,0.548301,0.328738,0,0.66528,12.849,1,0.572444,0.36288,0,33.6373,6.08539,27.3424,0.84672,12.849,0.84672,3695.15,0,18.483,0.18192,0.227405,1.88017,2.53435,1.49378,2.96621,0.42336,0,0,18.483,0.42336,442.007,0,0.835955,0,0,1.06336,0.227405,1.028160,1,0,30.3086,0,0,0,30.3086,0
59.2764,2.98938,0,0,1.21878,0.0442005,0.36288,3.6288,59.5183,0.699306,0,0,0.545946,0.327033,0,0.66528,12.849,1,0.625027,0.36288,0,31.8055,6.24762,25.2957,0.84672,12.849,0.84672,3695.15,0,18.483,0.215426,0.227405,1.88038,2.43751,1.43486,2.895,0.42336,0,0,18.483,0.42336,442.007,0,0.836361,0,0,1.06377,0.227405,1.028160,1,0,28.1907,0,0,0,28.1907,0
57.4107,2.97083,0,0,1.50857,0.0406313,0.36288,3.6288,58.9374,0.751251,0,0,0.488507,0.318144,0,0.66528,12.849,1,0.64397,0.36288,0,27.097,6.21651,20.5994,0.84672,12.849,0.84672,3695.15,0,18.483,0.233296,0.227405,2.03023,2.8745,1.46687,3.43198,0.42336,0,0,18.483,0.42336,442.007,0,0.76674,0,0,0.994144,0.227405,1.028160,1,0,24.0314,0,0,0,24.0314,0
55.7438,2.95406,0,0,1.68566,0.0355694,0.36288,3.6288,58.6621,0.556051,0,0,0.600303,0.319513,0,0.66528,12.849,1,0.661144,0.36288,0,34.4803,6.29128,27.8908,0.84672,12.849,0.84672,3695.15,0,18.483,0.17438,0.227405,2.03046,3.05112,1.48181,3.6528,0.42336,0,0,18.483,0.42336,442.007,0,1.02105,0,0,1.24845,0.227405,1.028160,1,0,31.5436,0,0,0,31.5436,0
53.7394,2.93832,0,0,1.33174,0.034988,0.36288,3.6288,57.974,0.807323,0,0,0.438193,0.318949,0,0.66528,12.849,1,0.677285,0.36288,0,35.5827,6.29128,28.977,0.84672,12.849,0.84672,3695.15,0,18.483,0.254368,0.204422,2.03068,2.41761,1.48181,2.91654,0.42336,0,0,18.483,0.42336,442.007,0,0.689982,0,0,0.894404,0.204422,1.028160,1,0,31.8936,0,0,0,31.8936,0
52.0733,2.91825,0,0,1.64938,0.0342888,0.36288,3.6288,57.8367,0.548755,0,0,0.729013,0.317538,0,0.66528,12.849,1,0.697749,0.36288,0,31.5344,6.29128,24.9082,0.84672,12.849,0.84672,3695.15,0,18.483,0.174951,0.567104,2.03091,3.63294,1.48181,4.57419,0.42336,0,0,18.483,0.42336,442.007,0,1.02816,0,0,1.59526,0.567104,1.028160,1,0,29.4824,0,0,0,29.4824,0
50.5635,2.81216,0,0,1.69077,0.0255662,0.36288,3.6288,57.7224,0.484703,0,0,0.66073,0.290409,0,0.66528,12.849,1,0.693896,0.36288,0,55.859,6.41713,49.1108,0.84672,12.849,0.84672,3695.15,0,18.483,0.154897,0.325918,2.03113,4.70889,1.52246,5.38857,0.42336,0,0,18.483,0.42336,442.007,0,1.02816,0,0,1.35408,0.325918,1.028160,1,0,54.4994,0,0,0,54.4994,0
51.1032,2.79595,0,0,3.7205,0.0219611,0.36288,3.6288,58.174,0.48461,0,0,1.21573,0.279464,0,0.66528,12.849,1,0.710496,0.36288,0,62.8162,6.46748,56.0011,0.84672,12.849,0.84672,3695.15,0,18.483,0.155175,1.80725,1.94555,8.67169,1.53873,10.7306,0.42336,0,0,18.483,0.42336,442.007,0,1.02816,0,0,2.83541,1.80725,1.028160,1,0,66.7317,0,0,0,66.7317,0
49.7424,2.80225,0,0,1.82643,0.0220856,0.36288,3.6288,58.1534,0.485664,0,0,0.745373,0.28028,0,0.66528,12.849,1,0.704578,0.36288,0,63.2878,6.46748,56.4787,0.84672,12.849,0.84672,3695.15,0,18.483,0.154305,0.684124,1.94576,4.9723,1.53873,5.90916,0.42336,0,0,18.483,0.42336,442.007,0,1.02816,0,0,1.71228,0.684124,1.028160,1,0,62.3878,0,0,0,62.3878,0
48.4489,2.78724,0,0,1.87844,0.0217715,0.36288,3.6288,58.1972,0.485762,0,0,0.809715,0.280243,0,0.66528,12.849,1,0.719975,0.36288,0,41.2731,6.46748,34.4485,0.84672,12.849,0.84672,3695.15,0,18.483,0.15439,0.430946,1.94598,4.03317,1.53873,4.71697,0.42336,0,0,18.483,0.42336,442.007,0,1.02816,0,0,1.45911,0.430946,1.028160,1,0,39.1655,0,0,0,39.1655,0
49.5635,2.70074,0,0,4.27945,0.10126,0.36288,3.6288,58.5662,0.427726,0,0,1.05607,0.259307,0,0.66528,12.849,1,0.716256,0.36288,0,55.8853,5.21701,50.3149,0.84672,12.849,0.84672,3695.15,0,18.483,0.135843,1.90547,1.94619,10.4184,1.29618,12.838,0.42336,0,0,18.483,0.42336,442.007,0,1.02816,0,0,2.93363,1.90547,1.028160,1,0,63.153,0,0,0,63.153,0
48.9279,2.71383,0,0,2.52505,0.0839754,0.36288,3.6288,58.7639,0.428511,0,0,0.813128,0.186905,0,0.66528,12.849,1,0.703542,0.36288,0,42.6724,3.71207,38.6196,0.84672,12.849,0.84672,3695.15,0,18.483,0.135234,0.886559,1.87012,5.96906,1.03828,7.55222,0.42336,0,0,18.483,0.42336,442.007,0,1.02816,0,0,1.91472,0.886559,1.028160,1,0,46.1718,0,0,0,46.1718,0
49.7798,2.70689,0,0,4.00512,0.0834033,0.36288,3.6288,59.8501,0.42899,0,0,1.70233,0.187143,0,0.66528,12.849,1,0.71086,0.36288,0,58.0592,3.71207,53.9991,0.84672,12.849,0.84672,3695.15,0,18.483,0.13493,2.2527,1.87032,9.6107,1.03828,12.5605,0.42336,0,0,18.483,0.42336,442.007,0,1.02816,0,0,3.28086,2.2527,1.028160,1,0,66.5596,0,0,0,66.5596,0
49.1891,2.71686,0,0,2.57322,0.0841683,0.36288,3.6288,60.4999,0.430996,0,0,1.26924,0.188449,0,0.66528,12.849,1,0.701267,0.36288,0,39.932,3.71207,35.8816,0.84672,12.849,0.84672,3695.15,0,18.483,0.133101,1.81761,1.87053,9.48257,1.03828,11.9993,0.42336,0,0,18.483,0.42336,442.007,0,1.02816,0,0,2.84577,1.81761,1.028160,1,0,47.8809,0,0,0,47.8809,0
51.2123,2.50635,0,0,5.03672,0.144304,0.36288,3.6288,61.308,0.309702,0,0,1.45543,0.213252,0.124375,0.66528,12.849,1,0.6547,0.36288,0,100.753,4.11799,96.343,0.84672,12.849,0.84672,3695.15,0,18.483,0.0946154,1.98182,1.87073,12.0102,1.13305,14.6351,0.42336,0,0,18.483,0.42336,442.007,0,1.02816,0,0,3.00998,1.98182,1.028160,1,0,111.102,0,0,0,111.102,0
50.7925,2.52731,0,0,2.67023,0.199842,0.36288,3.6288,61.308,0.310782,0,0,1.02463,0.202874,0.510979,0.66528,12.849,1,0.634093,0.36288,0,59.34,3.31968,55.7491,0.84672,12.849,0.84672,3695.15,0,18.483,0.0936938,1.19101,1.69911,5.91862,0.836569,7.87847,0.42336,0,0,18.483,0.42336,442.007,0,1.02816,0,0,2.21917,1.19101,1.028160,1,0,64.1385,0,0,0,64.1385,0
50.3766,2.5234,0,0,2.66933,0.198966,0.36288,3.6288,61.308,0.310903,0,0,1.41003,0.202874,0.896254,0.66528,12.849,1,0.638346,0.36288,0,62.529,3.31968,58.9338,0.84672,12.849,0.84672,3695.15,0,18.483,0.0937304,2.00035,1.6993,7.29264,0.836569,10.062,0.42336,0,0,18.483,0.42336,442.007,0,1.02816,0,0,3.02851,2.00035,1.028160,1,0,69.8921,0,0,0,69.8921,0
50.2412,2.51948,0,0,2.9451,0.198098,0.36288,3.6288,61.308,0.311025,0,0,1.60287,0.202874,1.08897,0.66528,12.849,1,0.642617,0.36288,0,76.2592,3.31968,72.6598,0.84672,12.849,0.84672,3695.15,0,18.483,0.093767,2.16507,1.69949,7.83009,0.836569,10.7643,0.42336,0,0,18.483,0.42336,442.007,0,1.02816,0,0,3.19323,2.16507,1.028160,1,0,84.5131,0,0,0,84.5131,0
53.1659,2.51838,0,0,6.01992,0.213978,0.36288,3.6288,61.308,0.311146,0,0,2.70052,0.189792,2.19958,0.66528,12.849,1,0.644066,0.36288,0,92.6433,3.71697,88.6451,0.84672,12.849,0.84672,3695.15,0,18.483,0.0938036,3.11225,1.69968,12.2032,0.923623,15.9977,0.42336,0,0,18.483,0.42336,442.007,0,1.02816,0,0,4.14041,3.11225,1.028160,1,0,106.842,0,0,0,106.842,0
55.7688,2.54692,0,0,5.76527,0.252609,0.36288,3.6288,61.308,0.311146,0,0,1.91693,0.22342,1.38236,0.66528,12.849,1,0.615532,0.36288,0,134.319,4.67732,129.389,0.84672,12.849,0.84672,3695.15,0,18.483,0.0938036,2.23124,1.69986,12.2395,1.19482,14.882,0.42336,0,0,18.483,0.42336,442.007,0,1.02816,0,0,3.2594,2.23124,1.028160,1,0,145.654,0,0,0,145.654,0
59.5976,2.65107,0,0,7.12201,0.27923,0.36288,3.6288,61.308,0.346871,0,0,1.92095,0.214542,1.35954,0.66528,12.849,1,0.6108,0.36288,0,195.297,4.61522,190.434,0.84672,12.849,0.84672,3695.15,0,18.483,0.104574,2.34311,1.69986,12.4834,1.16643,15.2554,0.42336,0,0,18.483,0.42336,442.007,0,1.02816,0,0,3.37127,2.34311,1.028160,1,0,207.049,0,0,0,207.049,0
63.42,2.68362,0,0,7.14404,0.275092,0.36288,3.6288,61.308,0.346987,0,0,1.98727,0.20214,1.43814,0.66528,12.849,1,0.578578,0.36288,0,117.89,4.18646,113.488,0.84672,12.849,0.84672,3695.15,0,18.483,0.104609,2.38448,1.75442,11.5627,1.11286,14.4842,0.42336,0,0,18.483,0.42336,442.007,0,1.02816,0,0,3.41264,2.38448,1.028160,1,0,129.41,0,0,0,129.41,0
67.7161,2.71289,0,0,7.65596,0.284163,0.36288,3.6288,61.308,0.347103,0,0,2.64883,0.20214,2.09959,0.66528,12.849,1,0.549637,0.36288,0,138.054,4.18646,133.681,0.84672,12.849,0.84672,3695.15,0,18.483,0.104644,3.10804,1.7546,15.2032,1.11286,18.8483,0.42336,0,0,18.483,0.42336,442.007,0,1.02816,0,0,4.1362,3.10804,1.028160,1,0,154.629,0,0,0,154.629,0
70.353,2.74248,0,0,6.04037,0.29808,0.36288,3.6288,61.308,0.347219,0,0,1.51938,0.204459,0.967701,0.66528,12.849,1,0.520381,0.36288,0,141.576,4.17852,137.24,0.84672,12.849,0.84672,3695.15,0,18.483,0.104679,1.45712,1.75477,11.7335,1.13788,13.7028,0.42336,0,0,18.483,0.42336,442.007,0,1.02816,0,0,2.48528,1.45712,1.028160,1,0,151.91,0,0,0,151.91,0
71.66,3.02839,0,0,5.02699,0.328675,0.36288,3.6288,61.308,0.481061,0,0,1.82508,0.218369,1.12565,0.66528,12.849,1,0.553093,0.36288,0,112.622,4.13091,108.3,0.84672,12.849,0.84672,3695.15,0,18.483,0.145029,1.36336,1.75495,9.72648,1.288,11.4118,0.42336,0,0,18.483,0.42336,442.007,0,1.02816,0,0,2.39152,1.36336,1.028160,1,0,120.838,0,0,0,120.838,0
72.29,3.03725,0,0,4.42646,0.331983,0.427275,3.6288,61.308,0.48119,0,0,1.77842,0.218369,1.07886,0.66528,12.849,1,0.544594,0.427275,0,114.618,4.13091,110.37,0.84672,12.849,0.84672,3695.15,0,18.483,0.145068,1.21194,1.94924,8.61814,1.288,10.3463,0.42336,0,0,18.483,0.42336,442.007,0,1.02816,0,0,2.2401,1.21194,1.028160,1,0,121.795,0,0,0,121.795,0
72.29,3.04159,0,0,5.14461,0.317045,1.78597,3.6288,61.308,0.48132,0,0,1.75027,0.226052,1.0429,0.66528,12.849,1,0.54062,1.78597,0,105.182,3.85227,102.576,0.84672,12.849,0.84672,3695.15,0,18.483,0.145107,1.25269,1.94944,8.33043,1.13583,10.2516,0.42336,0,0,18.483,0.42336,442.007,0,1.02816,0,0,2.28085,1.25269,1.028160,1,0,113.87,0,0,0,113.87,0
72.29,3.0419,0,0,5.99698,0.294141,2.66094,3.6288,61.308,0.48145,0,0,1.83426,0.235336,1.11748,0.66528,12.849,1,0.540675,2.66094,0,166.929,3.43434,165.615,0.84672,12.849,0.84672,3695.15,0,18.483,0.145146,1.34187,1.94964,8.92875,0.935224,11.1399,0.42336,0,0,18.483,0.42336,442.007,0,1.02816,0,0,2.37003,1.34187,1.028160,1,0,177.872,0,0,0,177.872,0
72.29,2.65659,0,0,4.65926,0.288982,1.71368,3.6288,61.308,0.302045,0,0,2.25197,0.229579,1.72035,0.66528,12.849,1,0.472189,1.71368,0,144.715,3.15588,142.8,0.84672,12.849,0.84672,3695.15,0,18.483,0.0910598,2.27877,1.94984,7.7093,0.948918,10.8979,0.42336,0,0,18.483,0.42336,442.007,0,1.02816,0,0,3.30693,2.27877,1.028160,1,0,155.419,0,0,0,155.419,0
72.29,2.65686,0,0,4.25159,0.288982,1.30574,3.6288,61.308,0.302156,0,0,2.02193,0.229579,1.4902,0.66528,12.849,1,0.472237,1.30574,0,108.929,3.15588,106.606,0.84672,12.849,0.84672,3695.15,0,18.483,0.0910934,1.70737,1.6844,6.55482,0.948918,8.90658,0.42336,0,0,18.483,0.42336,442.007,0,1.02816,0,0,2.73553,1.70737,1.028160,1,0,117.003,0,0,0,117.003,0
72.29,2.65713,0,0,5.69827,0.288982,2.75215,3.6288,61.308,0.302268,0,0,2.93458,0.229579,2.40274,0.66528,12.849,1,0.472286,2.75215,0,125.532,3.15588,124.656,0.84672,12.849,0.84672,3695.15,0,18.483,0.091127,2.92375,1.68457,11.0823,0.948918,14.6505,0.42336,0,0,18.483,0.42336,442.007,0,1.02816,0,0,3.95191,2.92375,1.028160,1,0,141.71,0,0,0,141.71,0
72.29,2.65741,0,0,6.58195,0.316203,3.60834,3.6288,61.308,0.302379,0,0,3.17851,0.242633,2.6335,0.66528,12.849,1,0.472334,3.60834,0,199.124,3.90267,198.358,0.84672,12.849,0.84672,3695.15,0,18.483,0.0911605,5.32526,1.68475,15.9436,0.976344,21.8861,0.42336,0,0,18.483,0.42336,442.007,0,1.02816,0,0,6.35342,5.32526,1.028160,1,0,222.877,0,0,0,222.877,0
72.29,2.65768,0,0,4.32058,0.314234,1.34867,3.6288,61.308,0.30249,0,0,2.48185,0.200786,1.97857,0.66528,12.849,1,0.472382,1.34867,0,131.074,4.13502,127.815,0.84672,12.849,0.84672,3695.15,0,18.483,0.0911942,3.44387,1.68492,13.0569,0.976787,17.1177,0.42336,0,0,18.483,0.42336,442.007,0,1.02816,0,0,4.47203,3.44387,1.028160,1,0,146.912,0,0,0,146.912,0
72.29,2.75506,0,0,3.48061,0.308894,0.416649,3.6288,61.308,0.346545,0,0,2.38073,0.183662,1.85053,0.66528,12.849,1,0.489692,0.416649,0,99.3583,4.1853,95.0999,0.84672,12.849,0.84672,3695.15,0,18.483,0.104476,2.88098,1.68509,11.9151,0.976305,15.4004,0.42336,0,0,18.483,0.42336,442.007,0,1.02816,0,0,3.90914,2.88098,1.028160,1,0,112.351,0,0,0,112.351,0
71.5234,2.75534,0,0,2.66052,0.308894,0.36288,3.6288,61.308,0.346661,0,0,1.81047,0.183662,1.28015,0.66528,12.849,1,0.489742,0.36288,0,74.1709,4.1853,69.8588,0.84672,12.849,0.84672,3695.15,0,18.483,0.104511,1.81721,1.75088,8.73426,0.976305,11.2215,0.42336,0,0,18.483,0.42336,442.007,0,1.02816,0,0,2.84537,1.81721,1.028160,1,0,82.3605,0,0,0,82.3605,0
70.507,2.75118,0,0,2.37324,0.275563,0.36288,3.6288,61.308,0.346777,0,0,1.52766,0.199052,0.981835,0.66528,12.849,1,0.494242,0.36288,0,65.7564,4.34858,61.2765,0.84672,12.849,0.84672,3695.15,0,18.483,0.104546,1.5645,1.75106,7.71906,0.990942,9.93913,0.42336,0,0,18.483,0.42336,442.007,0,1.02816,0,0,2.59266,1.5645,1.028160,1,0,72.1975,0,0,0,72.1975,0
69.51,2.74543,0,0,2.37784,0.26653,0.36288,3.6288,61.308,0.346893,0,0,1.22743,0.208098,0.672442,0.66528,12.849,1,0.500319,0.36288,0,58.0858,5.0734,52.8749,0.84672,12.849,0.84672,3695.15,0,18.483,0.104581,1.26199,1.75124,7.22805,1.05753,9.07917,0.42336,0,0,18.483,0.42336,442.007,0,1.02816,0,0,2.29015,1.26199,1.028160,1,0,62.6265,0,0,0,62.6265,0
68.8181,2.70189,0,0,2.57189,0.198988,0.36288,3.6288,61.308,0.329935,0,0,1.00737,0.205172,0.472265,0.66528,12.849,1,0.499448,0.36288,0,62.412,5.17401,57.1014,0.84672,12.849,0.84672,3695.15,0,18.483,0.099468,1.0342,1.75142,7.01231,1.09405,8.60441,0.42336,0,0,18.483,0.42336,442.007,0,1.02816,0,0,2.06236,1.0342,1.028160,1,0,66.1781,0,0,0,66.1781,0
67.912,2.69794,0,0,2.30977,0.155093,0.36288,3.6288,61.308,0.330049,0,0,1.1152,0.191589,0.593561,0.66528,12.849,1,0.50373,0.36288,0,55.1585,4.45137,50.5662,0.84672,12.849,0.84672,3695.15,0,18.483,0.0995025,0.771327,1.72604,6.59586,1.01089,7.98284,0.42336,0,0,18.483,0.42336,442.007,0,1.02816,0,0,1.79949,0.771327,1.028160,1,0,59.1426,0,0,0,59.1426,0
66.8917,2.69256,0,0,2.1891,0.153997,0.36288,3.6288,61.308,0.330163,0,0,1.01723,0.191589,0.495478,0.66528,12.849,1,0.509434,0.36288,0,47.0368,4.45137,42.4389,0.84672,12.849,0.84672,3695.15,0,18.483,0.0995369,0.641045,1.72622,6.05276,1.01089,7.3096,0.42336,0,0,18.483,0.42336,442.007,0,1.02816,0,0,1.6692,0.641045,1.028160,1,0,50.244,0,0,0,50.244,0
65.7431,2.68631,0,0,2.05738,0.156732,0.36288,3.6288,61.308,0.330278,0,0,0.966306,0.181385,0.454644,0.66528,12.849,1,0.516005,0.36288,0,45.0005,4.36763,40.4797,0.84672,12.849,0.84672,3695.15,0,18.483,0.0995713,0.550558,1.7264,5.98183,0.986735,7.17248,0.42336,0,0,18.483,0.42336,442.007,0,1.02816,0,0,1.57872,0.550558,1.028160,1,0,48.1069,0,0,0,48.1069,0
64.5178,2.80613,0,0,2.11821,0.174565,0.36288,3.6288,61.308,0.390966,0,0,0.941337,0.229822,0.320549,0.66528,12.849,1,0.548438,0.36288,0,48.3989,4.71447,43.4988,0.84672,12.849,0.84672,3695.15,0,18.483,0.117867,0.494027,1.72657,5.41407,1.09469,6.42211,0.42336,0,0,18.483,0.42336,442.007,0,1.02816,0,0,1.52219,0.494027,1.028160,1,0,50.2415,0,0,0,50.2415,0
63.0846,2.79773,0,0,1.85622,0.128785,0.36288,3.6288,61.308,0.391086,0,0,0.749218,0.223075,0.135056,0.66528,12.849,1,0.557181,0.36288,0,41.8959,4.52445,37.1771,0.84672,12.849,0.84672,3695.15,0,18.483,0.117904,0.467934,1.81613,4.9468,1.05747,6.05549,0.42336,0,0,18.483,0.42336,442.007,0,1.02816,0,0,1.49609,0.467934,1.028160,1,0,43.3677,0,0,0,43.3677,0
61.5903,2.7875,0,0,1.77633,0.120217,0.36288,3.6288,61.308,0.391207,0,0,0.787761,0.22486,0.171694,0.66528,12.849,1,0.567755,0.36288,0,39.3639,4.57863,34.5804,0.84672,12.849,0.84672,3695.15,0,18.483,0.11794,0.459544,1.81631,5.15355,1.04744,6.26403,0.42336,0,0,18.483,0.42336,442.007,0,1.02816,0,0,1.4877,0.459544,1.028160,1,0,41.0161,0,0,0,41.0161,0
60.0293,2.77639,0,0,1.69697,0.118752,0.36288,3.6288,61.308,0.391327,0,0,0.791078,0.22486,0.174891,0.66528,12.849,1,0.579211,0.36288,0,36.9846,4.57863,32.1896,0.84672,12.849,0.84672,3695.15,0,18.483,0.117976,0.394019,1.8165,4.95551,1.04744,6.00061,0.42336,0,0,18.483,0.42336,442.007,0,1.02816,0,0,1.42218,0.394019,1.028160,1,0,38.3651,0,0,0,38.3651,0
58.7341,2.76426,0,0,1.93857,0.106597,0.36288,3.6288,61.308,0.391448,0,0,0.842124,0.215476,0.2352,0.66528,12.849,1,0.591678,0.36288,0,39.7244,4.42713,35.0685,0.84672,12.849,0.84672,3695.15,0,18.483,0.118013,0.777393,1.81668,4.66106,1.0152,6.12193,0.42336,0,0,18.483,0.42336,442.007,0,1.02816,0,0,1.80555,0.777393,1.028160,1,0,41.4256,0,0,0,41.4256,0
57.4814,2.72917,0,0,1.94049,0.101095,0.36288,3.6288,61.308,0.424877,0,0,0.809594,0.211722,0.172994,0.66528,12.849,1,0.597049,0.36288,0,40.0513,4.36653,35.4506,0.84672,12.849,0.84672,3695.15,0,18.483,0.128091,0.617656,1.81687,4.34587,1.00231,5.64999,0.42336,0,0,18.483,0.42336,442.007,0,1.02816,0,0,1.64582,0.617656,1.028160,1,0,41.2736,0,0,0,41.2736,0
56.0969,2.71882,0,0,1.78434,0.087237,0.36288,3.6288,61.308,0.425001,0,0,0.77296,0.244629,0.10333,0.66528,12.849,1,0.607745,0.36288,0,35.5067,4.78998,30.4718,0.84672,12.849,0.84672,3695.15,0,18.483,0.128128,0.60944,1.84491,4.18166,1.15687,5.35102,0.42336,0,0,18.483,0.42336,442.007,0,1.02816,0,0,1.6376,0.60944,1.028160,1,0,35.9262,0,0,0,35.9262,0
54.6346,2.70689,0,0,1.67696,0.0694386,0.36288,3.6288,61.308,0.425125,0,0,0.721069,0.288506,0.00743766,0.66528,12.849,1,0.620013,0.36288,0,31.5203,5.35458,25.9086,0.84672,12.849,0.84672,3695.15,0,18.483,0.128166,0.579105,1.8451,4.02563,1.36296,4.9587,0.42336,0,0,18.483,0.42336,442.007,0,1.02816,0,0,1.60726,0.579105,1.028160,1,0,30.8747,0,0,0,30.8747,0
53.1129,2.69373,0,0,1.60209,0.067154,0.36288,3.6288,61.308,0.425249,0,0,0.731661,0.295357,0.0110553,0.66528,12.849,1,0.633512,0.36288,0,31.7709,5.39118,26.1091,0.84672,12.849,0.84672,3695.15,0,18.483,0.128203,0.523385,1.84529,3.9692,1.38128,4.82839,0.42336,0,0,18.483,0.42336,442.007,0,1.02816,0,0,1.55155,0.523385,1.028160,1,0,30.9486,0,0,0,30.9486,0
51.6333,2.74192,0,0,1.68811,0.062983,0.36288,3.6288,61.308,0.455071,0,0,0.801153,0.312484,0.033597,0.66528,12.849,1,0.66332,0.36288,0,31.121,5.48268,25.3379,0.84672,12.849,0.84672,3695.15,0,18.483,0.137194,0.597836,1.84548,3.98815,1.42706,4.86721,0.42336,0,0,18.483,0.42336,442.007,0,1.02816,0,0,1.626,0.597836,1.028160,1,0,30.2387,0,0,0,30.2387,0
50.0807,2.72697,0,0,1.59929,0.0620289,0.36288,3.6288,61.2964,0.455198,0,0,0.756112,0.312484,0,0.66528,12.849,1,0.678611,0.36288,0,29.1233,5.48268,23.3249,0.84672,12.849,0.84672,3695.15,0,18.483,0.137232,0.599815,1.89008,3.41781,1.42706,4.34342,0.42336,0,0,18.483,0.42336,442.007,0,1.02816,0,0,1.62797,0.599815,1.028160,1,0,27.6683,0,0,0,27.6683,0
48.5248,2.71051,0,0,1.57853,0.0610278,0.36288,3.6288,61.2362,0.455305,0,0,0.707538,0.312462,0,0.66528,12.849,1,0.695424,0.36288,0,31.119,5.48268,25.3038,0.84672,12.849,0.84672,3695.15,0,18.483,0.13729,0.5569,1.89027,3.80378,1.42706,4.6866,0.42336,0,0,18.483,0.42336,442.007,0,1.02816,0,0,1.58506,0.5569,1.028160,1,0,29.9904,0,0,0,29.9904,0
46.7954,2.69315,0,0,1.38662,0.0600184,0.36288,3.6288,61.1067,0.455328,0,0,0.638127,0.312343,0,0.66528,12.849,1,0.713126,0.36288,0,26.6169,5.48268,20.784,0.84672,12.849,0.84672,3695.15,0,18.483,0.137432,0.433702,1.89047,3.47008,1.42706,4.22976,0.42336,0,0,18.483,0.42336,442.007,0,1.02816,0,0,1.46186,0.433702,1.028160,1,0,25.0137,0,0,0,25.0137,0
45.2659,2.85125,0,0,1.73846,0.0537759,0.36288,3.6288,60.9445,0.562388,0,0,0.748354,0.348171,0,0.66528,12.849,1,0.782891,0.36288,0,30.7345,6.1915,24.123,0.84672,12.849,0.84672,3695.15,0,18.483,0.170106,0.584107,1.89066,4.29255,1.54507,5.05214,0.42336,0,0,18.483,0.42336,442.007,0,1.02816,0,0,1.61227,0.584107,1.028160,1,0,29.1751,0,0,0,29.1751,0
44.0225,2.83093,0,0,2.0069,0.0564784,0.36288,3.6288,60.9764,0.562179,0,0,0.944922,0.350807,0,0.66528,12.849,1,0.803577,0.36288,0,40.5524,6.2224,33.8893,0.84672,12.849,0.84672,3695.15,0,18.483,0.170495,0.970583,2.04132,4.89103,1.54731,6.18512,0.42336,0,0,18.483,0.42336,442.007,0,1.02816,0,0,1.99874,0.970583,1.028160,1,0,40.0745,0,0,0,40.0745,0
42.4026,2.81365,0,0,1.61228,0.0556885,0.36288,3.6288,60.7466,0.562385,0,0,0.683459,0.350878,0,0.66528,12.849,1,0.82123,0.36288,0,39.6262,6.2224,32.9455,0.84672,12.849,0.84672,3695.15,0,18.483,0.170469,0.359476,2.04153,3.9264,1.54731,4.60963,0.42336,0,0,18.483,0.42336,442.007,0,1.02816,0,0,1.38764,0.359476,1.028160,1,0,37.5551,0,0,0,37.5551,0
41.2031,2.78986,0,0,2.0079,0.0546595,0.36288,3.6288,61.0023,0.562028,0,0,1.16815,0.350367,0,0.66528,12.849,1,0.845394,0.36288,0,36.191,6.2224,29.4861,0.84672,12.849,0.84672,3695.15,0,18.483,0.171005,1.59672,2.04174,6.07103,1.54731,7.99117,0.42336,0,0,18.483,0.42336,442.007,0,1.02816,0,0,2.62488,1.59672,1.028160,1,0,37.4772,0,0,0,37.4772,0
39.3132,2.7889,0,0,1.31313,0.0512694,0.36288,3.6288,60.772,0.562716,0,0,0.676234,0.343884,0,0.66528,12.849,1,0.84672,0.36288,0,26.6263,5.7068,20.4357,0.84672,12.849,0.84672,3695.15,0,18.483,0.170496,0.714079,2.04194,5.68759,1.43626,6.83686,0.42336,0,0,18.483,0.42336,442.007,0,1.02816,0,0,1.74224,0.714079,1.028160,1,0,27.2725,0,0,0,27.2725,0
37.496,2.67833,0,0,1.29076,0.0667066,0.36288,3.6288,60.4945,0.497368,0,0,0.561421,0.341519,0,0.66528,12.849,1,0.84672,0.36288,0,18.9266,5.8014,12.6414,0.84672,12.849,0.84672,3695.15,0,18.483,0.151268,0.676244,2.04215,5.8788,1.54791,6.89802,0.42336,0,0,18.483,0.42336,442.007,0,1.02816,0,0,1.7044,0.676244,1.028160,1,0,19.5394,0,0,0,19.5394,0
36.1288,2.61183,0,0,1.70121,0.0936612,0.36288,3.6288,60.2987,0.472605,0,0,0.590241,0.313456,0,0.66528,12.849,1,0.84672,0.36288,0,19.1409,5.58054,13.0765,0.84672,12.849,0.84672,3695.15,0,18.483,0.144396,0.796582,1.95609,4.72836,1.47205,5.86458,0.42336,0,0,18.483,0.42336,442.007,0,1.02816,0,0,1.82474,0.796582,1.028160,1,0,18.9411,0,0,0,18.9411,0
35.4225,2.67905,0,0,2.42776,0.0921535,0.36288,3.6288,60.4603,0.496721,0,0,0.971445,0.313066,0,0.66528,12.849,1,0.84672,0.36288,0,35.4046,5.58054,29.3402,0.84672,12.849,0.84672,3695.15,0,18.483,0.152257,2.05275,1.91918,8.86421,1.47205,11.2118,0.42336,0,0,18.483,0.42336,442.007,0,1.02816,0,0,3.08091,2.05275,1.028160,1,0,40.552,0,0,0,40.552,0
34.5287,2.67941,0,0,2.24878,0.100293,0.36288,3.6288,60.499,0.497164,0,0,0.836594,0.300791,0,0.66528,12.849,1,0.84672,0.36288,0,47.2378,5.41987,41.3341,0.84672,12.849,0.84672,3695.15,0,18.483,0.151985,1.66165,1.95649,6.42375,1.4147,8.47521,0.42336,0,0,18.483,0.42336,442.007,0,1.02816,0,0,2.68981,1.66165,1.028160,1,0,49.8093,0,0,0,49.8093,0
32.8389,2.58867,0,0,1.41394,0.152142,0.36288,3.6288,60.277,0.544504,0,0,0.547745,0.225261,0,0.66528,12.849,1,0.84672,0.36288,0,36.0685,4.45589,31.1288,0.84672,12.849,0.84672,3695.15,0,18.483,0.166351,0.216518,1.95669,6.5951,1.07056,7.5314,0.42336,0,0,18.483,0.42336,442.007,0,0.889445,0,0,1.10596,0.216518,1.028160,1,0,38.6602,0,0,0,38.6602,0
32.8263,2.58902,0,0,3.08828,0.149005,0.36288,3.6288,60.5652,0.437997,0,0,0.951145,0.224943,0,0.66528,12.849,1,0.84672,0.36288,0,50.8975,4.45589,45.9577,0.84672,12.849,0.84672,3695.15,0,18.483,0.134305,1.14118,1.88018,9.4354,1.07056,11.2519,0.42336,0,0,18.483,0.42336,442.007,0,1.02816,0,0,2.16934,1.14118,1.028160,1,0,57.2096,0,0,0,57.2096,0
36.2978,2.58937,0,0,6.57267,0.148982,0.36288,3.6288,61.308,0.438612,0,0,1.97147,0.225356,0.564669,0.66528,12.849,1,0.84672,0.36288,0,111.229,4.45589,106.289,0.84672,12.849,0.84672,3695.15,0,18.483,0.133854,4.15658,1.88038,15.3163,1.07056,20.1488,0.42336,0,0,18.483,0.42336,442.007,0,1.02816,0,0,5.18474,4.15658,1.028160,1,0,127.003,0,0,0,127.003,0
38.665,2.58972,0,0,5.49481,0.17499,0.36288,3.6288,61.308,0.439983,0,0,1.59826,0.235671,0.922607,0.66528,12.849,1,0.84672,0.36288,0,58.8664,4.21024,54.1723,0.84672,12.849,0.84672,3695.15,0,18.483,0.132645,2.61888,1.88057,10.8401,0.98571,14.2212,0.42336,0,0,18.483,0.42336,442.007,0,1.02816,0,0,3.64704,2.61888,1.028160,1,0,69.3161,0,0,0,69.3161,0
38.7307,2.38529,0,0,3.01806,0.204176,0.36288,3.6288,61.308,0.316549,0,0,1.68728,0.23409,1.13664,0.66528,12.849,1,0.792672,0.36288,0,63.1899,4.28306,58.4771,0.84672,12.849,0.84672,3695.15,0,18.483,0.0954325,2.62896,1.88076,6.79298,0.985163,10.2221,0.42336,0,0,18.483,0.42336,442.007,0,1.02816,0,0,3.65712,2.62896,1.028160,1,0,69.8358,0,0,0,69.8358,0
41.6306,2.38655,0,0,5.85516,0.205858,0.36288,3.6288,61.308,0.316662,0,0,1.40868,0.232669,0.859351,0.66528,12.849,1,0.791743,0.36288,0,92.5636,4.32589,87.8088,0.84672,12.849,0.84672,3695.15,0,18.483,0.0954665,2.63509,1.7082,7.28401,0.995678,10.5362,0.42336,0,0,18.483,0.42336,442.007,0,1.02816,0,0,3.66325,2.63509,1.028160,1,0,99.2044,0,0,0,99.2044,0
44.4078,2.42894,0,0,5.78201,0.212984,0.36288,3.6288,61.308,0.316775,0,0,1.99808,0.232669,1.44863,0.66528,12.849,1,0.749676,0.36288,0,135.689,4.32589,130.977,0.84672,12.849,0.84672,3695.15,0,18.483,0.0955005,2.61798,1.70838,7.73669,0.995678,10.9719,0.42336,0,0,18.483,0.42336,442.007,0,1.02816,0,0,3.64614,2.61798,1.028160,1,0,143.397,0,0,0,143.397,0
44.6355,2.46555,0,0,3.28647,0.230284,0.36288,3.6288,61.308,0.316887,0,0,0.935487,0.179715,0.438885,0.66528,12.849,1,0.713386,0.36288,0,59.8247,3.74839,55.7258,0.84672,12.849,0.84672,3695.15,0,18.483,0.0955345,1.33998,1.70855,6.08751,0.839096,8.20141,0.42336,0,0,18.483,0.42336,442.007,0,1.02816,0,0,2.36814,1.33998,1.028160,1,0,64.3661,0,0,0,64.3661,0
46.9984,2.46863,0,0,5.40438,0.20998,0.36288,3.6288,61.308,0.317,0,0,1.09406,0.204127,0.57293,0.66528,12.849,1,0.710632,0.36288,0,75.5108,4.26364,70.8994,0.84672,12.849,0.84672,3695.15,0,18.483,0.0955685,1.92007,1.70873,11.3514,0.968546,13.9161,0.42336,0,0,18.483,0.42336,442.007,0,1.02816,0,0,2.94823,1.92007,1.028160,1,0,85.3885,0,0,0,85.3885,0
61.0923,2.57515,0,0,17.2189,0.186988,0.36288,3.6288,61.308,0.352906,0,0,3.50468,0.236676,2.9151,0.66528,12.849,1,0.704027,0.36288,0,297.518,4.95064,292.226,0.84672,12.849,0.84672,3695.15,0,18.483,0.106393,7.1481,1.7089,31.2743,1.14115,38.8838,0.42336,0,0,18.483,0.42336,442.007,0,1.02816,0,0,8.17626,7.1481,1.028160,1,0,334.025,0,0,0,334.025,0
72.29,2.7096,0,0,15.3518,0.215629,1.22889,3.6288,61.308,0.353013,0,0,4.99374,0.236676,4.40405,0.66528,12.849,1,0.569886,1.22889,0,386.791,4.95064,382.5,0.84672,12.849,0.84672,3695.15,0,18.483,0.106425,7.94828,1.76373,32.6939,1.14115,41.1584,0.42336,0,0,18.483,0.42336,442.007,0,1.02816,0,0,8.97644,7.94828,1.028160,1,0,428.062,0,0,0,428.062,0
72.29,2.78481,0,0,8.93082,0.242115,5.90389,3.6288,61.308,0.35312,0,0,2.52891,0.225772,1.95002,0.66528,12.849,1,0.49498,5.90389,0,195.643,4.85341,196.199,0.84672,12.849,0.84672,3695.15,0,18.483,0.106458,4.25615,1.76389,20.3541,1.1123,25.1554,0.42336,0,0,18.483,0.42336,442.007,0,1.02816,0,0,5.28431,4.25615,1.028160,1,0,223.304,0,0,0,223.304,0
72.29,2.78508,0,0,11.0525,0.280897,7.98649,3.6288,61.308,0.353227,0,0,2.54584,0.160353,2.03226,0.66528,12.849,1,0.495026,7.98649,0,137.157,4.27003,140.379,0.84672,12.849,0.84672,3695.15,0,18.483,0.10649,3.746,1.76406,24.1455,0.939218,28.6099,0.42336,0,0,18.483,0.42336,442.007,0,1.02816,0,0,4.77416,3.746,1.028160,1,0,171.021,0,0,0,171.021,0
72.29,3.05701,0,0,11.0287,0.217368,7.75432,3.6288,61.308,0.487765,0,0,3.87845,0.218756,3.17193,0.66528,12.849,1,0.543361,7.75432,0,215.114,3.66435,218.661,0.84672,12.849,0.84672,3695.15,0,18.483,0.14705,5.98576,1.76422,23.2359,1.11166,29.7272,0.42336,0,0,18.483,0.42336,442.007,0,1.02816,0,0,7.01392,5.98576,1.028160,1,0,251.56,0,0,0,251.56,0
72.29,3.0573,0,0,20.1893,0.216706,16.9153,3.6288,61.308,0.487885,0,0,5.348,0.203244,4.65688,0.66528,12.849,1,0.543412,16.9153,0,315.255,3.46406,328.163,0.84672,12.849,0.84672,3695.15,0,18.483,0.147086,9.04193,1.95952,43.4233,1.06939,53.2082,0.42336,0,0,18.483,0.42336,442.007,0,1.02816,0,0,10.0701,9.04193,1.028160,1,0,386.028,0,0,0,386.028,0
72.29,3.05758,0,0,7.90871,0.216706,4.63442,3.6288,61.308,0.488005,0,0,2.49598,0.203244,1.80474,0.66528,12.849,1,0.543462,4.63442,0,259.582,3.46406,260.209,0.84672,12.849,0.84672,3695.15,0,18.483,0.147123,4.21747,1.95971,18.0007,1.06939,22.9614,0.42336,0,0,18.483,0.42336,442.007,0,1.02816,0,0,5.24563,4.21747,1.028160,1,0,284.975,0,0,0,284.975,0
72.29,3.05787,0,0,6.28799,0.225382,3.00474,3.6288,61.308,0.488124,0,0,2.32537,0.267537,1.56971,0.66528,12.849,1,0.543513,3.00474,0,161.587,4.23428,159.814,0.84672,12.849,0.84672,3695.15,0,18.483,0.147159,3.91006,1.95989,15.9932,1.20252,20.5135,0.42336,0,0,18.483,0.42336,442.007,0,1.02816,0,0,4.93822,3.91006,1.028160,1,0,181.897,0,0,0,181.897,0
72.29,2.67052,0,0,5.69105,0.31827,2.70226,3.6288,61.308,0.307768,0,0,2.29069,0.173379,1.80954,0.66528,12.849,1,0.474664,2.70226,0,113.054,2.30874,112.973,0.84672,12.849,0.84672,3695.15,0,18.483,0.0927853,2.43452,1.96008,13.4793,0.873222,16.9079,0.42336,0,0,18.483,0.42336,442.007,0,1.02816,0,0,3.46268,2.43452,1.028160,1,0,131.691,0,0,0,131.691,0
72.29,2.67077,0,0,8.10035,0.31827,5.11131,3.6288,61.308,0.307871,0,0,3.53778,0.173379,3.05653,0.66528,12.849,1,0.474709,5.11131,0,170.398,2.30874,172.726,0.84672,12.849,0.84672,3695.15,0,18.483,0.0928164,4.73218,1.69323,23.7494,0.873222,29.2087,0.42336,0,0,18.483,0.42336,442.007,0,1.02816,0,0,5.76034,4.73218,1.028160,1,0,204.991,0,0,0,204.991,0
72.29,2.67102,0,0,7.19894,0.321402,4.20652,3.6288,61.308,0.307974,0,0,3.63961,0.211624,3.12001,0.66528,12.849,1,0.474753,4.20652,0,159.238,3.39151,159.578,0.84672,12.849,0.84672,3695.15,0,18.483,0.0928474,5.15047,1.69339,24.5144,1.03997,30.2254,0.42336,0,0,18.483,0.42336,442.007,0,1.02816,0,0,6.17863,5.15047,1.028160,1,0,192.923,0,0,0,192.923,0
72.29,2.67127,0,0,5.5593,0.322655,2.56537,3.6288,61.308,0.308077,0,0,2.33689,0.226922,1.80189,0.66528,12.849,1,0.474798,2.56537,0,136.968,3.82462,135.234,0.84672,12.849,0.84672,3695.15,0,18.483,0.0928784,2.76921,1.69355,13.7669,1.10667,17.0301,0.42336,0,0,18.483,0.42336,442.007,0,1.02816,0,0,3.79737,2.76921,1.028160,1,0,154.066,0,0,0,154.066,0
72.29,2.67152,0,0,7.23858,0.354385,4.21268,3.6288,61.308,0.30818,0,0,5.11375,0.195708,4.60986,0.66528,12.849,1,0.474842,4.21268,0,143.499,3.07918,144.158,0.84672,12.849,0.84672,3695.15,0,18.483,0.0929094,5.30043,1.69371,25.3599,1.02406,31.237,0.42336,0,0,18.483,0.42336,442.007,0,1.02816,0,0,6.32859,5.30043,1.028160,1,0,180.005,0,0,0,180.005,0
72.29,2.76939,0,0,7.4444,0.378182,4.29683,3.6288,61.308,0.352455,0,0,3.9805,0.172297,3.45575,0.66528,12.849,1,0.492238,4.29683,0,168.728,2.5201,170.012,0.84672,12.849,0.84672,3695.15,0,18.483,0.106257,4.53261,1.69387,22.717,0.962095,27.8751,0.42336,0,0,18.483,0.42336,442.007,0,1.02816,0,0,5.56077,4.53261,1.028160,1,0,201.343,0,0,0,201.343,0
72.29,2.76965,0,0,6.43771,0.351399,3.31666,3.6288,61.308,0.352562,0,0,3.15502,0.18657,2.61589,0.66528,12.849,1,0.492284,3.31666,0,160.252,2.69462,160.382,0.84672,12.849,0.84672,3695.15,0,18.483,0.10629,3.71384,1.75999,22.1073,0.996446,26.4783,0.42336,0,0,18.483,0.42336,442.007,0,1.02816,0,0,4.742,3.71384,1.028160,1,0,189.476,0,0,0,189.476,0
72.29,2.76991,0,0,5.96399,0.315687,2.8784,3.6288,61.308,0.352669,0,0,3.55595,0.2056,2.99768,0.66528,12.849,1,0.49233,2.8784,0,116.402,2.92729,115.861,0.84672,12.849,0.84672,3695.15,0,18.483,0.106322,4.24945,1.76015,21.1681,1.04225,26.0291,0.42336,0,0,18.483,0.42336,442.007,0,1.02816,0,0,5.27761,4.24945,1.028160,1,0,144.888,0,0,0,144.888,0
72.29,2.77017,0,0,5.01311,0.301664,1.94128,3.6288,61.308,0.352776,0,0,2.62469,0.208971,2.06295,0.66528,12.849,1,0.492376,1.94128,0,94.9795,3.09796,93.3305,0.84672,12.849,0.84672,3695.15,0,18.483,0.106354,3.43205,1.76032,15.5889,1.03143,19.6435,0.42336,0,0,18.483,0.42336,442.007,0,1.02816,0,0,4.46021,3.43205,1.028160,1,0,115.037,0,0,0,115.037,0
72.29,2.73224,0,0,6.07968,0.266609,3.08083,3.6288,61.308,0.335721,0,0,2.85028,0.2174,2.29716,0.66528,12.849,1,0.485636,3.08083,0,128.82,3.52464,127.89,0.84672,12.849,0.84672,3695.15,0,18.483,0.101212,4.40017,1.76048,15.1854,1.00437,20.2405,0.42336,0,0,18.483,0.42336,442.007,0,1.02816,0,0,5.42833,4.40017,1.028160,1,0,150.428,0,0,0,150.428,0
72.29,2.7325,0,0,4.74674,0.266609,1.74763,3.6288,61.308,0.335826,0,0,2.11035,0.2174,1.55712,0.66528,12.849,1,0.485681,1.74763,0,103.394,3.52464,101.131,0.84672,12.849,0.84672,3695.15,0,18.483,0.101244,4.05123,1.73496,13.8325,1.00437,18.513,0.42336,0,0,18.483,0.42336,442.007,0,1.02816,0,0,5.07939,4.05123,1.028160,1,0,121.201,0,0,0,121.201,0
72.29,2.73276,0,0,4.39131,0.266609,1.39194,3.6288,61.308,0.335931,0,0,1.69246,0.2174,1.13912,0.66528,12.849,1,0.485727,1.39194,0,73.211,3.52464,70.5926,0.84672,12.849,0.84672,3695.15,0,18.483,0.101276,2.88395,1.73512,11.6586,1.00437,15.1721,0.42336,0,0,18.483,0.42336,442.007,0,1.02816,0,0,3.91211,2.88395,1.028160,1,0,86.9038,0,0,0,86.9038,0
72.29,2.73301,0,0,3.85124,0.222512,0.895714,3.6288,61.308,0.336037,0,0,1.56997,0.227389,1.00654,0.66528,12.849,1,0.485772,0.895714,0,65.8074,3.7251,62.4923,0.84672,12.849,0.84672,3695.15,0,18.483,0.101308,2.60202,1.73529,11.0677,1.0755,14.2282,0.42336,0,0,18.483,0.42336,442.007,0,1.02816,0,0,3.63018,2.60202,1.028160,1,0,77.727,0,0,0,77.727,0
72.29,2.86293,0,0,4.48508,0.194425,1.42773,3.6288,61.308,0.397027,0,0,1.92546,0.158003,1.37043,0.66528,12.849,1,0.508863,1.42773,0,88.0528,3.34858,85.6231,0.84672,12.849,0.84672,3695.15,0,18.483,0.119695,3.80753,1.73545,13.341,0.906269,17.858,0.42336,0,0,18.483,0.42336,442.007,0,1.02816,0,0,4.83569,3.80753,1.028160,1,0,104.852,0,0,0,104.852,0
72.29,2.86319,0,0,4.38979,0.195256,1.33134,3.6288,61.308,0.397138,0,0,1.86152,0.14519,1.31919,0.66528,12.849,1,0.508911,1.33134,0,85.5127,3.26077,83.0743,0.84672,12.849,0.84672,3695.15,0,18.483,0.119728,3.48608,1.82545,13.0596,0.869174,17.3823,0.42336,0,0,18.483,0.42336,442.007,0,1.02816,0,0,4.51424,3.48608,1.028160,1,0,101.776,0,0,0,101.776,0
72.29,2.86346,0,0,4.15279,0.163681,1.12565,3.6288,61.308,0.39725,0,0,1.76532,0.190176,1.17789,0.66528,12.849,1,0.508959,1.12565,0,78.4417,3.87197,75.1864,0.84672,12.849,0.84672,3695.15,0,18.483,0.119762,2.80783,1.82562,11.0372,1.03284,14.518,0.42336,0,0,18.483,0.42336,442.007,0,1.02816,0,0,3.83599,2.80783,1.028160,1,0,90.8823,0,0,0,90.8823,0
72.29,2.86373,0,0,3.85132,0.121582,0.866011,3.6288,61.308,0.397361,0,0,1.66842,0.250157,1.0209,0.66528,12.849,1,0.509006,0.866011,0,74.3541,4.68688,70.0242,0.84672,12.849,0.84672,3695.15,0,18.483,0.119796,2.62134,1.82579,10.3022,1.25105,13.3785,0.42336,0,0,18.483,0.42336,442.007,0,1.02816,0,0,3.6495,2.62134,1.028160,1,0,84.4237,0,0,0,84.4237,0
72.29,2.864,0,0,3.63927,0.123877,0.651397,3.6288,61.308,0.397472,0,0,1.7098,0.273368,1.03896,0.66528,12.849,1,0.509054,0.651397,0,61.1614,4.81079,56.493,0.84672,12.849,0.84672,3695.15,0,18.483,0.119829,2.2284,1.82596,9.51264,1.24476,12.2024,0.42336,0,0,18.483,0.42336,442.007,0,1.02816,0,0,3.25656,2.2284,1.028160,1,0,69.7344,0,0,0,69.7344,0
72.29,2.83861,0,0,3.50158,0.125598,0.537365,3.6288,61.308,0.431062,0,0,1.73985,0.290777,1.01802,0.66528,12.849,1,0.504542,0.537365,0,55.1054,4.90371,50.2345,0.84672,12.849,0.84672,3695.15,0,18.483,0.129956,1.84554,1.82613,8.80658,1.24005,11.1082,0.42336,0,0,18.483,0.42336,442.007,0,1.02816,0,0,2.8737,1.84554,1.028160,1,0,62.3608,0,0,0,62.3608,0
72.29,2.83888,0,0,3.33092,0.106457,0.385583,3.6288,61.308,0.431177,0,0,1.66455,0.321866,0.911505,0.66528,12.849,1,0.504589,0.385583,0,52.7189,5.33805,47.2619,0.84672,12.849,0.84672,3695.15,0,18.483,0.12999,1.81729,1.85431,8.38927,1.38704,10.5438,0.42336,0,0,18.483,0.42336,442.007,0,1.02816,0,0,2.84545,1.81729,1.028160,1,0,58.7172,0,0,0,58.7172,0
72.1082,2.83914,0,0,3.12607,0.105897,0.36288,3.6288,61.308,0.431291,0,0,1.62196,0.318676,0.871994,0.66528,12.849,1,0.504636,0.36288,0,50.8713,5.68943,45.0401,0.84672,12.849,0.84672,3695.15,0,18.483,0.130025,1.89715,1.85448,8.32619,1.43374,10.5141,0.42336,0,0,18.483,0.42336,442.007,0,1.02816,0,0,2.92531,1.89715,1.028160,1,0,56.4262,0,0,0,56.4262,0
71.7079,2.83833,0,0,2.90429,0.103354,0.36288,3.6288,61.308,0.431405,0,0,1.53709,0.321665,0.78402,0.66528,12.849,1,0.505764,0.36288,0,47.6323,5.75679,41.7326,0.84672,12.849,0.84672,3695.15,0,18.483,0.130059,1.70167,1.85465,7.58583,1.43494,9.57716,0.42336,0,0,18.483,0.42336,442.007,0,1.02816,0,0,2.72983,1.70167,1.028160,1,0,52.0938,0,0,0,52.0938,0
71.7593,2.90239,0,0,3.4054,0.0887017,0.36288,3.6288,61.308,0.461368,0,0,1.71681,0.339602,0.915841,0.66528,12.849,1,0.520066,0.36288,0,56.3884,6.16098,50.0703,0.84672,12.849,0.84672,3695.15,0,18.483,0.139092,1.92043,1.85483,8.10985,1.44211,10.3039,0.42336,0,0,18.483,0.42336,442.007,0,1.02816,0,0,2.94859,1.92043,1.028160,1,0,61.29,0,0,0,61.29,0
71.6322,2.90298,0,0,3.22746,0.0887365,0.36288,3.6288,61.308,0.461485,0,0,1.53592,0.339602,0.734828,0.66528,12.849,1,0.519799,0.36288,0,49.8236,6.16098,43.5057,0.84672,12.849,0.84672,3695.15,0,18.483,0.139128,2.20781,1.89964,8.4704,1.44211,10.9966,0.42336,0,0,18.483,0.42336,442.007,0,1.02816,0,0,3.23597,2.20781,1.028160,1,0,55.2371,0,0,0,55.2371,0
71.2953,2.90247,0,0,3.01711,0.0886505,0.36288,3.6288,61.308,0.461603,0,0,1.42106,0.339602,0.61986,0.66528,12.849,1,0.52063,0.36288,0,47.3749,6.16098,41.0562,0.84672,12.849,0.84672,3695.15,0,18.483,0.139163,1.92936,1.89982,7.43239,1.44211,9.6803,0.42336,0,0,18.483,0.42336,442.007,0,1.02816,0,0,2.95752,1.92936,1.028160,1,0,51.3564,0,0,0,51.3564,0
70.9199,2.90066,0,0,2.97656,0.0884228,0.36288,3.6288,61.308,0.46172,0,0,1.53746,0.339602,0.736141,0.66528,12.849,1,0.522763,0.36288,0,43.9594,6.16098,37.6385,0.84672,12.849,0.84672,3695.15,0,18.483,0.139198,2.1287,1.9,8.40542,1.44211,10.8528,0.42336,0,0,18.483,0.42336,442.007,0,1.02816,0,0,3.15686,2.1287,1.028160,1,0,49.2275,0,0,0,49.2275,0
70.6148,3.09217,0,0,3.20353,0.0535901,0.36288,3.6288,61.308,0.569614,0,0,1.43439,0.341907,0.522865,0.66528,12.849,1,0.560228,0.36288,0,43.5758,6.16722,37.2113,0.84672,12.849,0.84672,3695.15,0,18.483,0.171726,1.77498,1.90017,9.10561,1.48295,11.1261,0.42336,0,0,18.483,0.42336,442.007,0,1.02816,0,0,2.80314,1.77498,1.028160,1,0,48.8602,0,0,0,48.8602,0
70.4972,3.09041,0,0,3.38539,0.0496683,0.36288,3.6288,61.308,0.569742,0,0,1.47733,0.329431,0.578155,0.66528,12.849,1,0.562329,0.36288,0,45.3292,6.00705,39.1227,0.84672,12.849,0.84672,3695.15,0,18.483,0.171764,1.90901,2.05158,7.45917,1.47281,9.77518,0.42336,0,0,18.483,0.42336,442.007,0,1.02816,0,0,2.93717,1.90901,1.028160,1,0,49.4761,0,0,0,49.4761,0
69.7826,3.08991,0,0,2.78781,0.0496234,0.36288,3.6288,61.308,0.569869,0,0,1.28584,0.329431,0.38654,0.66528,12.849,1,0.563175,0.36288,0,56.2735,6.00705,50.0662,0.84672,12.849,0.84672,3695.15,0,18.483,0.171803,1.56714,2.05177,6.65482,1.47281,8.62911,0.42336,0,0,18.483,0.42336,442.007,0,1.02816,0,0,2.5953,1.56714,1.028160,1,0,59.0818,0,0,0,59.0818,0
69.3691,3.08533,0,0,3.08404,0.0493506,0.36288,3.6288,61.308,0.569996,0,0,1.76632,0.329431,0.866891,0.66528,12.849,1,0.568098,0.36288,0,48.2469,6.00705,42.0346,0.84672,12.849,0.84672,3695.15,0,18.483,0.171841,2.36931,2.05196,7.95253,1.47281,10.7292,0.42336,0,0,18.483,0.42336,442.007,0,1.02816,0,0,3.39747,2.36931,1.028160,1,0,53.6307,0,0,0,53.6307,0
70.2133,3.08276,0,0,4.33229,0.0424386,0.36288,3.6288,61.308,0.570124,0,0,2.11965,0.314377,1.23515,0.66528,12.849,1,0.571009,0.36288,0,48.8148,5.9828,42.6239,0.84672,12.849,0.84672,3695.15,0,18.483,0.17188,2.69451,2.05215,13.1853,1.50089,16.2592,0.42336,0,0,18.483,0.42336,442.007,0,1.02816,0,0,3.72267,2.69451,1.028160,1,0,60.1182,0,0,0,60.1182,0
69.212,2.99461,0,0,2.38982,0.0336521,0.36288,3.6288,61.308,0.504804,0,0,1.39121,0.294306,0.592103,0.66528,12.849,1,0.548012,0.36288,0,71.108,5.95045,64.9724,0.84672,12.849,0.84672,3695.15,0,18.483,0.152187,1.24705,2.05234,8.17249,1.53832,9.78137,0.42336,0,0,18.483,0.42336,442.007,0,1.02816,0,0,2.27521,1.24705,1.028160,1,0,75.3459,0,0,0,75.3459,0
67.7871,2.9882,0,0,1.95959,0.0333923,0.36288,3.6288,61.308,0.504925,0,0,1.27041,0.294306,0.471177,0.66528,12.849,1,0.554751,0.36288,0,41.2519,5.95045,35.1096,0.84672,12.849,0.84672,3695.15,0,18.483,0.152224,0.540544,1.96583,5.84007,1.53832,6.6559,0.42336,0,0,18.483,0.42336,442.007,0,1.02816,0,0,1.5687,0.540544,1.028160,1,0,42.2367,0,0,0,42.2367,0
69.1592,2.97868,0,0,4.82122,0.10756,0.36288,3.6288,61.308,0.505046,0,0,2.02072,0.300224,1.21545,0.66528,12.849,1,0.564606,0.36288,0,54.9233,5.48725,49.2343,0.84672,12.849,0.84672,3695.15,0,18.483,0.15226,2.49845,1.96602,15.1905,1.43876,18.064,0.42336,0,0,18.483,0.42336,442.007,0,1.02816,0,0,3.52661,2.49845,1.028160,1,0,68.5137,0,0,0,68.5137,0
69.9621,2.9884,0,0,4.30314,0.148985,0.36288,3.6288,61.308,0.505167,0,0,2.27134,0.314182,1.45199,0.66528,12.849,1,0.555211,0.36288,0,92.4224,5.29074,86.9394,0.84672,12.849,0.84672,3695.15,0,18.483,0.152297,1.67975,1.9662,11.3831,1.36938,13.5074,0.42336,0,0,18.483,0.42336,442.007,0,1.02816,0,0,2.70791,1.67975,1.028160,1,0,101.899,0,0,0,101.899,0
68.8161,2.91672,0,0,2.33517,0.201501,0.36288,3.6288,61.308,0.445693,0,0,1.64579,0.200534,0.999566,0.66528,12.849,1,0.535675,0.36288,0,41.1464,4.26846,36.7052,0.84672,12.849,0.84672,3695.15,0,18.483,0.134367,1.25302,1.96639,10.6323,0.991222,12.7261,0.42336,0,0,18.483,0.42336,442.007,0,1.02816,0,0,2.28118,1.25302,1.028160,1,0,50.4309,0,0,0,50.4309,0
67.0893,2.90948,0,0,1.74526,0.199717,0.36288,3.6288,61.308,0.445809,0,0,1.73105,0.200534,1.08471,0.66528,12.849,1,0.543243,0.36288,0,28.8976,4.26846,24.4488,0.84672,12.849,0.84672,3695.15,0,18.483,0.134401,1.48107,1.88949,8.29233,0.991222,10.5373,0.42336,0,0,18.483,0.42336,442.007,0,1.02816,0,0,2.50923,1.48107,1.028160,1,0,36.0707,0,0,0,36.0707,0
65.8545,2.89801,0,0,2.2641,0.238003,0.36288,3.6288,61.308,0.445924,0,0,1.30247,0.214331,0.642217,0.66528,12.849,1,0.55503,0.36288,0,38.6062,4.50042,33.9136,0.84672,12.849,0.84672,3695.15,0,18.483,0.134436,0.816538,1.88967,14.2828,1.04538,15.8092,0.42336,0,0,18.483,0.42336,442.007,0,1.02816,0,0,1.8447,0.816538,1.028160,1,0,50.365,0,0,0,50.365,0
67.4593,2.88958,0,0,5.1233,0.266111,0.36288,3.6288,61.308,0.44604,0,0,1.99046,0.224678,1.31974,0.66528,12.849,1,0.563791,0.36288,0,115.018,4.67439,110.143,0.84672,12.849,0.84672,3695.15,0,18.483,0.134471,2.57037,1.88984,12.583,1.08599,15.8228,0.42336,0,0,18.483,0.42336,442.007,0,1.02816,0,0,3.59853,2.57037,1.028160,1,0,127.286,0,0,0,127.286,0
68.082,2.68263,0,0,3.93432,0.26603,0.36288,3.6288,61.308,0.321989,0,0,1.9467,0.208525,1.41619,0.66528,12.849,1,0.510961,0.36288,0,88.5915,4.03723,84.4062,0.84672,12.849,0.84672,3695.15,0,18.483,0.0970724,1.91754,1.89002,16.1248,1.01963,18.8157,0.42336,0,0,18.483,0.42336,442.007,0,1.02816,0,0,2.9457,1.91754,1.028160,1,0,104.638,0,0,0,104.638,0
68.8269,2.68681,0,0,4.06896,0.274421,0.36288,3.6288,61.308,0.322093,0,0,2.06846,0.201439,1.54493,0.66528,12.849,1,0.507077,0.36288,0,105.583,3.78231,101.657,0.84672,12.849,0.84672,3695.15,0,18.483,0.0971038,1.77254,1.7166,13.6165,0.976468,16.032,0.42336,0,0,18.483,0.42336,442.007,0,1.02816,0,0,2.8007,1.77254,1.028160,1,0,119.234,0,0,0,119.234,0
69.5028,2.69169,0,0,4.00652,0.276023,0.36288,3.6288,61.308,0.322197,0,0,1.99985,0.201439,1.47621,0.66528,12.849,1,0.502499,0.36288,0,122.965,3.78231,119.043,0.84672,12.849,0.84672,3695.15,0,18.483,0.0971352,1.4438,1.71676,13.6101,0.976468,15.697,0.42336,0,0,18.483,0.42336,442.007,0,1.02816,0,0,2.47196,1.4438,1.028160,1,0,136.217,0,0,0,136.217,0
71.7676,2.69606,0,0,5.60119,0.277477,0.36288,3.6288,61.308,0.322301,0,0,2.649,0.201439,2.12526,0.66528,12.849,1,0.498422,0.36288,0,139.727,3.78231,135.809,0.84672,12.849,0.84672,3695.15,0,18.483,0.0971666,2.10086,1.71692,21.6502,0.976468,24.3943,0.42336,0,0,18.483,0.42336,442.007,0,1.02816,0,0,3.12902,2.10086,1.028160,1,0,162.329,0,0,0,162.329,0
72.29,2.70966,0,0,4.24127,0.27082,0.738401,3.6288,61.308,0.322405,0,0,2.3157,0.203365,1.78993,0.66528,12.849,1,0.485127,0.738401,0,152.072,3.89673,148.428,0.84672,12.849,0.84672,3695.15,0,18.483,0.097198,1.94834,1.71708,13.1453,0.94638,15.7672,0.42336,0,0,18.483,0.42336,442.007,0,1.02816,0,0,2.9765,1.94834,1.028160,1,0,165.985,0,0,0,165.985,0
72.29,2.79786,0,0,4.3697,0.242962,1.32887,3.6288,61.308,0.358476,0,0,1.69388,0.208182,1.12722,0.66528,12.849,1,0.497299,1.32887,0,95.3692,4.18278,92.018,0.84672,12.849,0.84672,3695.15,0,18.483,0.108073,2.09932,1.71724,10.1593,0.871157,12.9966,0.42336,0,0,18.483,0.42336,442.007,0,1.02816,0,0,3.12748,2.09932,1.028160,1,0,106.142,0,0,0,106.142,0
72.29,2.7981,0,0,3.72675,0.242962,0.685686,3.6288,61.308,0.358575,0,0,1.44501,0.208182,0.878249,0.66528,12.849,1,0.497342,0.685686,0,80.9438,4.18278,76.9494,0.84672,12.849,0.84672,3695.15,0,18.483,0.108102,1.66017,1.77233,9.2029,0.871157,11.6561,0.42336,0,0,18.483,0.42336,442.007,0,1.02816,0,0,2.68833,1.66017,1.028160,1,0,89.4838,0,0,0,89.4838,0
72.29,2.79834,0,0,3.47738,0.242962,0.43607,3.6288,61.308,0.358673,0,0,1.41707,0.208182,0.850218,0.66528,12.849,1,0.497384,0.43607,0,75.0358,4.18278,70.7917,0.84672,12.849,0.84672,3695.15,0,18.483,0.108132,1.61329,1.77248,9.11071,0.871157,11.5172,0.42336,0,0,18.483,0.42336,442.007,0,1.02816,0,0,2.64145,1.61329,1.028160,1,0,83.1591,0,0,0,83.1591,0
72.29,2.79858,0,0,3.68608,0.302001,0.585501,3.6288,61.308,0.358771,0,0,1.43682,0.214054,0.863998,0.66528,12.849,1,0.497427,0.585501,0,78.9385,4.51968,74.5069,0.84672,12.849,0.84672,3695.15,0,18.483,0.108162,1.65213,1.77263,9.41069,1.05966,11.6676,0.42336,0,0,18.483,0.42336,442.007,0,1.02816,0,0,2.68029,1.65213,1.028160,1,0,87.0385,0,0,0,87.0385,0
72.29,3.07181,0,0,4.07328,0.346965,0.654508,3.6288,61.308,0.493951,0,0,1.587,0.191333,0.901719,0.66528,12.849,1,0.545991,0.654508,0,78.4737,4.21314,74.369,0.84672,12.849,0.84672,3695.15,0,18.483,0.148915,2.56019,1.77278,8.877,0.883717,12.1773,0.42336,0,0,18.483,0.42336,442.007,0,1.02816,0,0,3.58835,2.56019,1.028160,1,0,87.4481,0,0,0,87.4481,0
71.4628,3.07207,0,0,2.95637,0.348631,0.36288,3.6288,61.308,0.494061,0,0,1.04886,0.183582,0.371218,0.66528,12.849,1,0.546038,0.36288,0,56.1788,4.04418,51.9515,0.84672,12.849,0.84672,3695.15,0,18.483,0.148948,1.60891,1.96901,9.14907,0.78212,11.7959,0.42336,0,0,18.483,0.42336,442.007,0,1.02816,0,0,2.63707,1.60891,1.028160,1,0,64.1186,0,0,0,64.1186,0
70.4896,3.06698,0,0,2.75339,0.296751,0.36288,3.6288,61.308,0.494171,0,0,1.1123,0.197924,0.420202,0.66528,12.849,1,0.551443,0.36288,0,67.612,4.13688,63.2865,0.84672,12.849,0.84672,3695.15,0,18.483,0.148982,1.86706,1.96918,8.593,0.880911,11.3993,0.42336,0,0,18.483,0.42336,442.007,0,1.02816,0,0,2.89522,1.86706,1.028160,1,0,75.1061,0,0,0,75.1061,0
69.7473,3.0608,0,0,2.96774,0.286325,0.36288,3.6288,61.308,0.494281,0,0,1.51762,0.200314,0.823021,0.66528,12.849,1,0.55793,0.36288,0,80.244,4.15233,75.8966,0.84672,12.849,0.84672,3695.15,0,18.483,0.149015,1.26761,1.96935,7.6172,0.897376,9.80776,0.42336,0,0,18.483,0.42336,442.007,0,1.02816,0,0,2.29577,1.26761,1.028160,1,0,86.5274,0,0,0,86.5274,0
70.0911,2.66868,0,0,3.69175,0.316416,0.36288,3.6288,61.308,0.313047,0,0,1.68902,0.201434,1.17454,0.66528,12.849,1,0.491629,0.36288,0,69.2324,2.90817,66.1955,0.84672,12.849,0.84672,3695.15,0,18.483,0.0943768,1.62022,1.96952,7.82603,0.795418,10.526,0.42336,0,0,18.483,0.42336,442.007,0,1.02816,0,0,2.64838,1.62022,1.028160,1,0,77.896,0,0,0,77.896,0
70.3992,2.67094,0,0,3.66447,0.32256,0.36288,3.6288,61.308,0.313142,0,0,1.91121,0.201621,1.39645,0.66528,12.849,1,0.489633,0.36288,0,67.9887,2.70081,65.1611,0.84672,12.849,0.84672,3695.15,0,18.483,0.0944052,1.96545,1.70137,7.10666,0.778425,9.90066,0.42336,0,0,18.483,0.42336,442.007,0,1.02816,0,0,2.99361,1.96545,1.028160,1,0,76.4582,0,0,0,76.4582,0
72.29,2.67298,0,0,5.9643,0.312161,1.08831,3.6288,61.308,0.313236,0,0,2.95164,0.195604,2.4428,0.66528,12.849,1,0.487863,1.08831,0,130.827,2.61361,128.814,0.84672,12.849,0.84672,3695.15,0,18.483,0.0944337,3.96818,1.70152,14.0962,0.7659,18.9055,0.42336,0,0,18.483,0.42336,442.007,0,1.02816,0,0,4.99634,3.96818,1.028160,1,0,150.162,0,0,0,150.162,0
72.29,2.68405,0,0,6.00484,0.315555,3.00524,3.6288,61.308,0.31333,0,0,3.1164,0.221095,2.58198,0.66528,12.849,1,0.477069,3.00524,0,167.431,3.55604,166.403,0.84672,12.849,0.84672,3695.15,0,18.483,0.0944621,4.34214,1.70166,20.8775,0.918922,25.9079,0.42336,0,0,18.483,0.42336,442.007,0,1.02816,0,0,5.3703,4.34214,1.028160,1,0,194.893,0,0,0,194.893,0
72.29,2.68428,0,0,4.55899,0.276674,1.59804,3.6288,61.308,0.313425,0,0,2.3562,0.211099,1.83167,0.66528,12.849,1,0.47711,1.59804,0,111.42,3.98088,108.56,0.84672,12.849,0.84672,3695.15,0,18.483,0.0944906,2.2837,1.70181,10.5996,1.03742,13.4532,0.42336,0,0,18.483,0.42336,442.007,0,1.02816,0,0,3.31186,2.2837,1.028160,1,0,123.845,0,0,0,123.845,0
72.29,2.78259,0,0,5.66231,0.266266,2.61345,3.6288,61.308,0.357901,0,0,4.10057,0.207079,3.53559,0.66528,12.849,1,0.494585,2.61345,0,113.072,4.1307,111.06,0.84672,12.849,0.84672,3695.15,0,18.483,0.107899,4.14565,1.70196,18.222,1.11449,22.8472,0.42336,0,0,18.483,0.42336,442.007,0,1.02816,0,0,5.17381,4.14565,1.028160,1,0,137.443,0,0,0,137.443,0
72.29,2.78283,0,0,5.24076,0.266266,2.19166,3.6288,61.308,0.358,0,0,2.91612,0.207079,2.35104,0.66528,12.849,1,0.494627,2.19166,0,213.869,4.1307,211.436,0.84672,12.849,0.84672,3695.15,0,18.483,0.107929,3.57445,1.76838,17.0892,1.11449,21.2096,0.42336,0,0,18.483,0.42336,442.007,0,1.02816,0,0,4.60261,3.57445,1.028160,1,0,234.996,0,0,0,234.996,0
72.29,2.78307,0,0,4.02953,0.266266,0.980197,3.6288,61.308,0.358098,0,0,1.652,0.207079,1.08683,0.66528,12.849,1,0.494669,0.980197,0,133.256,4.1307,129.611,0.84672,12.849,0.84672,3695.15,0,18.483,0.107959,1.89538,1.76853,9.19832,1.11449,11.6398,0.42336,0,0,18.483,0.42336,442.007,0,1.02816,0,0,2.92354,1.89538,1.028160,1,0,142.338,0,0,0,142.338,0
72.29,2.78331,0,0,3.83218,0.228607,0.820263,3.6288,61.308,0.358196,0,0,1.45436,0.223818,0.872348,0.66528,12.849,1,0.494712,0.820263,0,134.057,4.51887,129.863,0.84672,12.849,0.84672,3695.15,0,18.483,0.107988,1.71918,1.76868,8.79405,1.17347,11.0004,0.42336,0,0,18.483,0.42336,442.007,0,1.02816,0,0,2.74734,1.71918,1.028160,1,0,141.736,0,0,0,141.736,0
72.29,2.74518,0,0,3.62203,0.177936,0.69891,3.6288,61.308,0.341051,0,0,1.30572,0.209194,0.755475,0.66528,12.849,1,0.487935,0.69891,0,102.455,4.58052,98.0853,0.84672,12.849,0.84672,3695.15,0,18.483,0.102819,2.01045,1.76883,9.55048,1.10911,12.1178,0.42336,0,0,18.483,0.42336,442.007,0,1.02816,0,0,3.03861,2.01045,1.028160,1,0,110.959,0,0,0,110.959,0
72.29,2.74542,0,0,3.4151,0.177936,0.491748,3.6288,61.308,0.341147,0,0,1.18658,0.209194,0.636241,0.66528,12.849,1,0.487977,0.491748,0,89.8698,4.58052,85.2931,0.84672,12.849,0.84672,3695.15,0,18.483,0.102848,1.50601,1.74318,8.77807,1.10911,10.8153,0.42336,0,0,18.483,0.42336,442.007,0,1.02816,0,0,2.53417,1.50601,1.028160,1,0,96.7446,0,0,0,96.7446,0
72.1435,2.74565,0,0,3.12994,0.167946,0.36288,3.6288,61.308,0.341244,0,0,1.10761,0.215601,0.550769,0.66528,12.849,1,0.488018,0.36288,0,82.1189,4.72051,77.2732,0.84672,12.849,0.84672,3695.15,0,18.483,0.102878,1.43331,1.74333,7.47058,1.12874,9.41559,0.42336,0,0,18.483,0.42336,442.007,0,1.02816,0,0,2.46147,1.43331,1.028160,1,0,87.2396,0,0,0,87.2396,0
71.8171,2.74504,0,0,2.9283,0.1467,0.36288,3.6288,61.308,0.341341,0,0,1.0602,0.2381,0.480756,0.66528,12.849,1,0.488902,0.36288,0,71.8831,4.70818,67.0489,0.84672,12.849,0.84672,3695.15,0,18.483,0.102907,1.46273,1.74347,7.71733,1.0712,9.74943,0.42336,0,0,18.483,0.42336,442.007,0,1.02816,0,0,2.49089,1.46273,1.028160,1,0,77.2791,0,0,0,77.2791,0
71.068,2.87353,0,0,2.61766,0.130381,0.36288,3.6288,61.308,0.402609,0,0,0.925517,0.242418,0.28049,0.66528,12.849,1,0.514111,0.36288,0,61.1873,4.62689,56.4092,0.84672,12.849,0.84672,3695.15,0,18.483,0.121378,1.0771,1.74362,6.81869,1.1459,8.37213,0.42336,0,0,18.483,0.42336,442.007,0,1.02816,0,0,2.10526,1.0771,1.028160,1,0,65.0618,0,0,0,65.0618,0
70.1595,2.86919,0,0,2.4443,0.120725,0.36288,3.6288,61.308,0.402711,0,0,0.848655,0.245208,0.200737,0.66528,12.849,1,0.518745,0.36288,0,54.7798,4.65118,49.9727,0.84672,12.849,0.84672,3695.15,0,18.483,0.121408,0.970376,1.83403,6.32407,1.18747,7.8196,0.42336,0,0,18.483,0.42336,442.007,0,1.02816,0,0,1.99854,0.970376,1.028160,1,0,57.993,0,0,0,57.993,0
69.1747,2.86375,0,0,2.36166,0.119885,0.36288,3.6288,61.308,0.402813,0,0,0.865676,0.245208,0.217656,0.66528,12.849,1,0.524467,0.36288,0,52.2287,4.65118,47.4159,0.84672,12.849,0.84672,3695.15,0,18.483,0.121439,1.18806,1.83419,6.04891,1.18747,7.76225,0.42336,0,0,18.483,0.42336,442.007,0,1.02816,0,0,2.21622,1.18806,1.028160,1,0,55.3958,0,0,0,55.3958,0
67.9787,2.8577,0,0,2.16764,0.142979,0.36288,3.6288,61.308,0.402915,0,0,0.811477,0.238624,0.169939,0.66528,12.849,1,0.53081,0.36288,0,49.1082,4.22811,44.7122,0.84672,12.849,0.84672,3695.15,0,18.483,0.12147,1.08911,1.83435,5.51633,1.20379,7.11452,0.42336,0,0,18.483,0.42336,442.007,0,1.02816,0,0,2.11727,1.08911,1.028160,1,0,51.9966,0,0,0,51.9966,0
66.8951,2.85009,0,0,2.22693,0.0976173,0.36288,3.6288,61.308,0.403017,0,0,0.848007,0.253614,0.191377,0.66528,12.849,1,0.53871,0.36288,0,46.5882,4.58122,41.8311,0.84672,12.849,0.84672,3695.15,0,18.483,0.121501,1.08987,1.8345,5.08609,1.26199,6.62697,0.42336,0,0,18.483,0.42336,442.007,0,1.02816,0,0,2.11803,1.08987,1.028160,1,0,48.6495,0,0,0,48.6495,0
66.0312,2.81755,0,0,2.39232,0.075726,0.36288,3.6288,61.308,0.436754,0,0,0.890456,0.257741,0.195961,0.66528,12.849,1,0.541187,0.36288,0,46.467,5.1281,41.1606,0.84672,12.849,0.84672,3695.15,0,18.483,0.131672,0.921361,1.83466,4.77647,1.28645,6.11436,0.42336,0,0,18.483,0.42336,442.007,0,1.02816,0,0,1.94952,0.921361,1.028160,1,0,47.471,0,0,0,47.471,0
65.0117,2.81187,0,0,2.23043,0.0752085,0.36288,3.6288,61.308,0.436859,0,0,0.855602,0.257741,0.161002,0.66528,12.849,1,0.54716,0.36288,0,45.8526,5.1281,40.5402,0.84672,12.849,0.84672,3695.15,0,18.483,0.131703,0.842797,1.86295,4.88069,1.28645,6.16828,0.42336,0,0,18.483,0.42336,442.007,0,1.02816,0,0,1.87096,0.842797,1.028160,1,0,46.8695,0,0,0,46.8695,0
63.7898,2.80494,0,0,2.02046,0.0745977,0.36288,3.6288,61.308,0.436964,0,0,0.817586,0.257741,0.122881,0.66528,12.849,1,0.554372,0.36288,0,45.0612,5.1281,39.7416,0.84672,12.849,0.84672,3695.15,0,18.483,0.131735,0.749814,1.86311,4.61081,1.28645,5.80554,0.42336,0,0,18.483,0.42336,442.007,0,1.02816,0,0,1.77797,0.749814,1.028160,1,0,45.6701,0,0,0,45.6701,0
62.4008,2.79634,0,0,1.83965,0.0694124,0.36288,3.6288,61.308,0.437069,0,0,0.773202,0.26871,0.0674237,0.66528,12.849,1,0.563259,0.36288,0,39.6673,5.26925,34.1977,0.84672,12.849,0.84672,3695.15,0,18.483,0.131766,0.579995,1.86327,4.47515,1.33798,5.44867,0.42336,0,0,18.483,0.42336,442.007,0,1.02816,0,0,1.60815,0.579995,1.028160,1,0,39.7137,0,0,0,39.7137,0
61.0349,2.85121,0,0,1.91414,0.0659499,0.36288,3.6288,61.0865,0.46716,0,0,0.54343,0.297804,0,0.66528,12.849,1,0.587094,0.36288,0,35.0443,5.52846,29.2916,0.84672,12.849,0.84672,3695.15,0,18.483,0.140838,0.61433,1.86343,3.814,1.49137,4.65955,0.42336,0,0,18.483,0.42336,442.007,0,1.02816,0,0,1.64249,0.61433,1.028160,1,0,33.9511,0,0,0,33.9511,0
59.4613,2.84059,0,0,1.6951,0.0652109,0.36288,3.6288,60.8325,0.466875,0,0,0.510315,0.297387,0,0.66528,12.849,1,0.597999,0.36288,0,33.0182,5.52846,27.2546,0.84672,12.849,0.84672,3695.15,0,18.483,0.141263,0.500904,1.90843,3.77688,1.49137,4.55359,0.42336,0,0,18.483,0.42336,442.007,0,1.02816,0,0,1.52906,0.500904,1.028160,1,0,31.8082,0,0,0,31.8082,0
57.7461,2.82782,0,0,1.5398,0.0642942,0.36288,3.6288,60.5656,0.46653,0,0,0.496486,0.296908,0,0.66528,12.849,1,0.611065,0.36288,0,31.0812,5.52846,25.3045,0.84672,12.849,0.84672,3695.15,0,18.483,0.141748,0.40214,1.9086,3.64205,1.49137,4.31967,0.42336,0,0,18.483,0.42336,442.007,0,1.02816,0,0,1.4303,0.40214,1.028160,1,0,29.6242,0,0,0,29.6242,0
55.8262,2.81322,0,0,1.30416,0.0479357,0.36288,3.6288,60.2912,0.466159,0,0,0.493791,0.302038,0,0.66528,12.849,1,0.625965,0.36288,0,29.6209,5.80526,23.5525,0.84672,12.849,0.84672,3695.15,0,18.483,0.142259,0.389845,1.90876,3.57394,1.49187,4.23842,0.42336,0,0,18.483,0.42336,442.007,0,1.02816,0,0,1.41801,0.389845,1.028160,1,0,27.7909,0,0,0,27.7909,0
53.9748,2.98269,0,0,1.56741,0.0732302,0.36288,3.6288,59.963,0.573622,0,0,0.5345,0.288989,0,0.66528,12.849,1,0.686497,0.36288,0,31.214,5.27463,25.6157,0.84672,12.849,0.84672,3695.15,0,18.483,0.175851,0.601197,1.90892,3.66871,1.40754,4.59544,0.42336,0,0,18.483,0.42336,442.007,0,1.02816,0,0,1.62936,0.601197,1.028160,1,0,30.2112,0,0,0,30.2112,0
52.2857,2.96392,0,0,1.72159,0.0839176,0.36288,3.6288,59.643,0.573002,0,0,0.539854,0.286886,0,0.66528,12.849,1,0.705577,0.36288,0,32.958,4.99243,27.6228,0.84672,12.849,0.84672,3695.15,0,18.483,0.176622,0.641537,2.061,3.71061,1.42222,4.81431,0.42336,0,0,18.483,0.42336,442.007,0,1.02816,0,0,1.6697,0.641537,1.028160,1,0,32.4371,0,0,0,32.4371,0
50.857,2.94587,0,0,1.96256,0.0824792,0.36288,3.6288,59.3383,0.572395,0,0,0.554027,0.286301,0,0.66528,12.849,1,0.723937,0.36288,0,33.388,4.99243,28.0345,0.84672,12.849,0.84672,3695.15,0,18.483,0.177382,0.780995,2.06118,5.2392,1.42222,6.48177,0.42336,0,0,18.483,0.42336,442.007,0,1.02816,0,0,1.80916,0.780995,1.028160,1,0,34.5163,0,0,0,34.5163,0
49.4257,2.92989,0,0,1.94268,0.0812625,0.36288,3.6288,59.0445,0.571816,0,0,0.563752,0.285744,0,0.66528,12.849,1,0.740235,0.36288,0,30.8892,4.99243,25.5194,0.84672,12.849,0.84672,3695.15,0,18.483,0.178112,0.727108,2.06136,4.16004,1.42222,5.34817,0.42336,0,0,18.483,0.42336,442.007,0,1.02816,0,0,1.75527,0.727108,1.028160,1,0,30.8676,0,0,0,30.8676,0
47.5972,2.91313,0,0,1.53369,0.0861971,0.36288,3.6288,58.6512,0.571257,0,0,0.447895,0.269995,0,0.66528,12.849,1,0.757314,0.36288,0,30.1996,4.75937,25.0458,0.84672,12.849,0.84672,3695.15,0,18.483,0.178823,0.445975,2.06153,4.42612,1.32369,5.43111,0.42336,0,0,18.483,0.42336,442.007,0,1.02816,0,0,1.47414,0.445975,1.028160,1,0,30.4769,0,0,0,30.4769,0
45.9696,2.80227,0,0,1.61609,0.0785406,0.36288,3.6288,58.3414,0.505398,0,0,0.42662,0.230963,0,0.66528,12.849,1,0.756482,0.36288,0,42.0395,4.06014,37.5857,0.84672,12.849,0.84672,3695.15,0,18.483,0.159268,0.264799,2.06171,6.53067,1.10017,7.59774,0.42336,0,0,18.483,0.42336,442.007,0,1.02816,0,0,1.29296,0.264799,1.028160,1,0,45.1835,0,0,0,45.1835,0
44.557,2.78158,0,0,1.80899,0.0771395,0.36288,3.6288,58.0775,0.504866,0,0,0.471404,0.230503,0,0.66528,12.849,1,0.777481,0.36288,0,38.773,4.06014,34.2983,0.84672,12.849,0.84672,3695.15,0,18.483,0.159945,0.701646,1.97479,7.23972,1.10017,8.65604,0.42336,0,0,18.483,0.42336,442.007,0,1.02816,0,0,1.72981,0.701646,1.028160,1,0,42.9543,0,0,0,42.9543,0
44.8679,2.76268,0,0,3.51238,0.0759235,0.36288,3.6288,58.6407,0.504424,0,0,1.29772,0.230111,0,0.66528,12.849,1,0.796681,0.36288,0,67.9095,4.06014,63.4156,0.84672,12.849,0.84672,3695.15,0,18.483,0.160532,5.01967,1.97496,10.2661,1.10017,16,0.42336,0,0,18.483,0.42336,442.007,0,1.02816,0,0,6.04783,5.01967,1.028160,1,0,79.4156,0,0,0,79.4156,0
46.6084,2.76721,0,0,5.06156,0.190965,0.36288,3.6288,59.204,0.505706,0,0,1.18908,0.120075,0,0.66528,12.849,1,0.792457,0.36288,0,106.693,2.61582,103.647,0.84672,12.849,0.84672,3695.15,0,18.483,0.159394,3.88976,1.97513,9.95328,0.735962,14.9228,0.42336,0,0,18.483,0.42336,442.007,0,1.02816,0,0,4.91792,3.88976,1.028160,1,0,118.57,0,0,0,118.57,0
47.0509,2.71856,0,0,3.63382,0.10987,0.36288,3.6288,60.4022,0.447596,0,0,1.8797,0.233853,0,0.66528,12.849,1,0.749452,0.36288,0,101.74,3.6468,97.7069,0.84672,12.849,0.84672,3695.15,0,18.483,0.139736,3.23357,1.97529,12.0095,0.81434,16.2643,0.42336,0,0,18.483,0.42336,442.007,0,1.02816,0,0,4.26173,3.23357,1.028160,1,0,113.971,0,0,0,113.971,0
47.2842,2.72433,0,0,3.49213,0.171623,0.36288,3.6288,61.1096,0.449824,0,0,1.43607,0.278882,0,0.66528,12.849,1,0.743979,0.36288,0,83.117,4.82328,77.9126,0.84672,12.849,0.84672,3695.15,0,18.483,0.137646,1.50081,1.89803,10.0336,1.02278,12.272,0.42336,0,0,18.483,0.42336,442.007,0,1.02816,0,0,2.52897,1.50081,1.028160,1,0,90.1846,0,0,0,90.1846,0
47.5555,2.72745,0,0,3.54689,0.185214,0.36288,3.6288,61.308,0.451154,0,0,1.08521,0.283666,0.151968,0.66528,12.849,1,0.741156,0.36288,0,27.6433,4.98404,22.281,0.84672,12.849,0.84672,3695.15,0,18.483,0.136454,0.968518,1.8982,7.03477,1.05366,8.71138,0.42336,0,0,18.483,0.42336,442.007,0,1.02816,0,0,1.99668,0.968518,1.028160,1,0,31.1444,0,0,0,31.1444,0
47.8271,2.73101,0,0,3.55118,0.185767,0.36288,3.6288,61.308,0.451599,0,0,1.47379,0.284023,0.738172,0.66528,12.849,1,0.737889,0.36288,0,29.8757,4.98404,24.5167,0.84672,12.849,0.84672,3695.15,0,18.483,0.136147,2.18586,1.89836,8.40015,1.05366,11.2946,0.42336,0,0,18.483,0.42336,442.007,0,1.02816,0,0,3.21402,2.18586,1.028160,1,0,36.5494,0,0,0,36.5494,0
47.7666,2.5286,0,0,3.04029,0.209306,0.36288,3.6288,61.308,0.326981,0,0,1.177,0.245748,0.604273,0.66528,12.849,1,0.679323,0.36288,0,38.1369,4.43901,33.3814,0.84672,12.849,0.84672,3695.15,0,18.483,0.0985774,1.73491,1.89852,8.18217,1.10897,10.6081,0.42336,0,0,18.483,0.42336,442.007,0,1.02816,0,0,2.76307,1.73491,1.028160,1,0,44.5937,0,0,0,44.5937,0
46.9793,2.52814,0,0,2.34467,0.240898,0.36288,3.6288,61.308,0.327076,0,0,0.938995,0.204762,0.407157,0.66528,12.849,1,0.680059,0.36288,0,35.8282,3.73329,31.7777,0.84672,12.849,0.84672,3695.15,0,18.483,0.0986062,2.34369,1.72431,7.57697,0.945793,10.6006,0.42336,0,0,18.483,0.42336,442.007,0,1.02816,0,0,3.37185,2.34369,1.028160,1,0,42.7854,0,0,0,42.7854,0
46.9259,2.51941,0,0,3.05653,0.227689,0.36288,3.6288,61.308,0.327172,0,0,1.00531,0.188793,0.489342,0.66528,12.849,1,0.689066,0.36288,0,48.0981,3.95682,43.8151,0.84672,12.849,0.84672,3695.15,0,18.483,0.098635,3.28482,1.72445,9.81832,1.02421,13.7048,0.42336,0,0,18.483,0.42336,442.007,0,1.02816,0,0,4.31298,3.28482,1.028160,1,0,58.0092,0,0,0,58.0092,0
47.21,2.51901,0,0,3.39353,0.227555,0.36288,3.6288,61.308,0.327267,0,0,0.825232,0.188793,0.309172,0.66528,12.849,1,0.689741,0.36288,0,53.8538,3.95682,49.5701,0.84672,12.849,0.84672,3695.15,0,18.483,0.0986638,1.60534,1.7246,7.50967,1.02421,9.71674,0.42336,0,0,18.483,0.42336,442.007,0,1.02816,0,0,2.6335,1.60534,1.028160,1,0,59.596,0,0,0,59.596,0
49.2521,2.52248,0,0,5.15445,0.226981,0.36288,3.6288,61.308,0.327363,0,0,2.2169,0.194806,1.69473,0.66528,12.849,1,0.686537,0.36288,0,82.5831,4.02385,78.2356,0.84672,12.849,0.84672,3695.15,0,18.483,0.0986926,2.11916,1.72475,9.859,1.03498,12.5692,0.42336,0,0,18.483,0.42336,442.007,0,1.02816,0,0,3.14732,2.11916,1.028160,1,0,92.4996,0,0,0,92.4996,0
56.1168,2.625,0,0,10.0767,0.224181,0.36288,3.6288,61.308,0.363585,0,0,2.55258,0.230881,1.95811,0.66528,12.849,1,0.684818,0.36288,0,180.033,4.42606,175.285,0.84672,12.849,0.84672,3695.15,0,18.483,0.109613,2.66351,1.7249,16.5111,1.0996,19.6903,0.42336,0,0,18.483,0.42336,442.007,0,1.02816,0,0,3.69167,2.66351,1.028160,1,0,196.933,0,0,0,196.933,0
59.6421,2.69338,0,0,6.82217,0.240591,0.36288,3.6288,61.308,0.363675,0,0,1.44846,0.230881,0.853906,0.66528,12.849,1,0.6167,0.36288,0,138.485,4.42606,133.805,0.84672,12.849,0.84672,3695.15,0,18.483,0.10964,2.69003,1.78021,14.0784,1.0996,17.3394,0.42336,0,0,18.483,0.42336,442.007,0,1.02816,0,0,3.71819,2.69003,1.028160,1,0,151.999,0,0,0,151.999,0
62.6288,2.72358,0,0,6.32216,0.249015,0.36288,3.6288,61.308,0.363765,0,0,1.4401,0.230881,0.845453,0.66528,12.849,1,0.586755,0.36288,0,110.686,4.42606,106.036,0.84672,12.849,0.84672,3695.15,0,18.483,0.109667,2.34241,1.78035,13.3599,1.0996,16.2733,0.42336,0,0,18.483,0.42336,442.007,0,1.02816,0,0,3.37057,2.34241,1.028160,1,0,123.155,0,0,0,123.155,0
65.6758,2.74701,0,0,6.43092,0.274027,0.36288,3.6288,61.308,0.363854,0,0,0.952258,0.225525,0.362878,0.66528,12.849,1,0.563581,0.36288,0,108.613,4.48304,103.93,0.84672,12.849,0.84672,3695.15,0,18.483,0.109694,1.67751,1.78049,13.4886,1.19894,15.638,0.42336,0,0,18.483,0.42336,442.007,0,1.02816,0,0,2.70567,1.67751,1.028160,1,0,119.931,0,0,0,119.931,0
66.9087,3.03919,0,0,4.91534,0.280375,0.36288,3.6288,61.308,0.499622,0,0,1.65147,0.219422,0.932423,0.66528,12.849,1,0.594595,0.36288,0,125.185,4.61817,120.335,0.84672,12.849,0.84672,3695.15,0,18.483,0.150625,1.59918,1.78062,10.6504,1.11122,12.7683,0.42336,0,0,18.483,0.42336,442.007,0,1.02816,0,0,2.62734,1.59918,1.028160,1,0,134.036,0,0,0,134.036,0
69.7125,3.04861,0,0,6.48805,0.27269,0.36288,3.6288,61.308,0.499722,0,0,1.84607,0.219836,1.12652,0.66528,12.849,1,0.58545,0.36288,0,101.439,4.64184,96.5744,0.84672,12.849,0.84672,3695.15,0,18.483,0.150655,2.09332,1.97771,9.50426,1.02315,12.4015,0.42336,0,0,18.483,0.42336,442.007,0,1.02816,0,0,3.12148,2.09332,1.028160,1,0,110.102,0,0,0,110.102,0
70.6541,3.06873,0,0,4.64573,0.272526,0.36288,3.6288,61.308,0.499822,0,0,1.65329,0.219405,0.934063,0.66528,12.849,1,0.565611,0.36288,0,101.615,4.46975,96.9426,0.84672,12.849,0.84672,3695.15,0,18.483,0.150685,1.46082,1.97786,7.3108,0.991567,9.60722,0.42336,0,0,18.483,0.42336,442.007,0,1.02816,0,0,2.48898,1.46082,1.028160,1,0,107.484,0,0,0,107.484,0
71.6692,3.07535,0,0,4.77471,0.321392,0.36288,3.6288,61.308,0.499922,0,0,1.58337,0.196699,0.886745,0.66528,12.849,1,0.559276,0.36288,0,112.946,4.1707,108.578,0.84672,12.849,0.84672,3695.15,0,18.483,0.150715,1.57672,1.97802,11.5753,1.00049,13.9788,0.42336,0,0,18.483,0.42336,442.007,0,1.02816,0,0,2.60488,1.57672,1.028160,1,0,123.444,0,0,0,123.444,0
72.29,2.69161,0,0,6.14528,0.313847,2.51904,3.6288,61.308,0.317884,0,0,2.15457,0.206098,1.63059,0.66528,12.849,1,0.482556,2.51904,0,132.758,4.20303,130.591,0.84672,12.849,0.84672,3695.15,0,18.483,0.0958349,2.08138,1.97817,16.6616,1.03113,19.5942,0.42336,0,0,18.483,0.42336,442.007,0,1.02816,0,0,3.10954,2.08138,1.028160,1,0,151.816,0,0,0,151.816,0
72.29,2.69533,0,0,4.88906,0.311293,1.88244,3.6288,61.308,0.31797,0,0,2.0202,0.209858,1.49237,0.66528,12.849,1,0.479075,1.88244,0,103.353,4.21596,100.54,0.84672,12.849,0.84672,3695.15,0,18.483,0.0958608,1.60083,1.70883,11.218,1.04339,13.3884,0.42336,0,0,18.483,0.42336,442.007,0,1.02816,0,0,2.62899,1.60083,1.028160,1,0,115.421,0,0,0,115.421,0
72.29,2.69554,0,0,6.1085,0.311293,3.10166,3.6288,61.308,0.318056,0,0,2.65361,0.209858,2.1257,0.66528,12.849,1,0.479112,3.10166,0,137.008,4.21596,135.415,0.84672,12.849,0.84672,3695.15,0,18.483,0.0958867,2.34845,1.70897,12.7611,1.04339,15.6792,0.42336,0,0,18.483,0.42336,442.007,0,1.02816,0,0,3.37661,2.34845,1.028160,1,0,153.219,0,0,0,153.219,0
72.29,2.69575,0,0,8.21258,0.307878,5.20895,3.6288,61.308,0.318142,0,0,3.3213,0.181223,2.82194,0.66528,12.849,1,0.479149,5.20895,0,213.655,3.76769,214.617,0.84672,12.849,0.84672,3695.15,0,18.483,0.0959127,3.82182,1.7091,19.3053,0.966614,23.7737,0.42336,0,0,18.483,0.42336,442.007,0,1.02816,0,0,4.84998,3.82182,1.028160,1,0,241.213,0,0,0,241.213,0
72.29,2.69596,0,0,6.86355,0.318785,3.8488,3.6288,61.308,0.318228,0,0,2.9277,0.167014,2.44246,0.66528,12.849,1,0.479187,3.8488,0,198.412,3.33826,198.444,0.84672,12.849,0.84672,3695.15,0,18.483,0.0959386,3.67047,1.70923,15.6165,0.892641,20.0077,0.42336,0,0,18.483,0.42336,442.007,0,1.02816,0,0,4.69863,3.67047,1.028160,1,0,220.894,0,0,0,220.894,0
72.29,2.79468,0,0,7.86745,0.337627,4.73514,3.6288,61.308,0.362889,0,0,4.86985,0.157468,4.34949,0.66528,12.849,1,0.496734,4.73514,0,233.075,2.83203,234.482,0.84672,12.849,0.84672,3695.15,0,18.483,0.109403,5.6934,1.70936,22.286,0.807602,28.7718,0.42336,0,0,18.483,0.42336,442.007,0,1.02816,0,0,6.72156,5.6934,1.028160,1,0,267.603,0,0,0,267.603,0
72.29,2.7949,0,0,5.41961,0.308033,2.31668,3.6288,61.308,0.362978,0,0,3.25874,0.150819,2.74494,0.66528,12.849,1,0.496772,2.31668,0,152.84,3.12963,151.53,0.84672,12.849,0.84672,3695.15,0,18.483,0.10943,4.35472,1.77606,14.9404,0.865397,20.0963,0.42336,0,0,18.483,0.42336,442.007,0,1.02816,0,0,5.38288,4.35472,1.028160,1,0,174.371,0,0,0,174.371,0
72.29,2.79512,0,0,4.34718,0.308033,1.24403,3.6288,61.308,0.363068,0,0,3.01689,0.150819,2.503,0.66528,12.849,1,0.496811,1.24403,0,124.013,3.12963,121.63,0.84672,12.849,0.84672,3695.15,0,18.483,0.109457,3.80415,1.7762,12.8707,0.865397,17.4762,0.42336,0,0,18.483,0.42336,442.007,0,1.02816,0,0,4.83231,3.80415,1.028160,1,0,141.609,0,0,0,141.609,0
72.29,2.79533,0,0,4.0399,0.308033,0.936534,3.6288,61.308,0.363157,0,0,3.53658,0.150819,3.0226,0.66528,12.849,1,0.496849,0.936534,0,124.97,3.12963,122.28,0.84672,12.849,0.84672,3695.15,0,18.483,0.109484,3.84604,1.77634,16.2416,0.865397,20.8891,0.42336,0,0,18.483,0.42336,442.007,0,1.02816,0,0,4.8742,3.84604,1.028160,1,0,146.192,0,0,0,146.192,0
72.29,2.75702,0,0,3.91109,0.275063,0.879012,3.6288,61.308,0.345929,0,0,2.97219,0.163856,2.4624,0.66528,12.849,1,0.490039,0.879012,0,90.9835,2.91249,88.46,0.84672,12.849,0.84672,3695.15,0,18.483,0.10429,3.85844,1.77647,12.6256,1.00633,17.1499,0.42336,0,0,18.483,0.42336,442.007,0,1.02816,0,0,4.8866,3.85844,1.028160,1,0,108.072,0,0,0,108.072,0
72.2021,2.75723,0,0,3.30732,0.275063,0.36288,3.6288,61.308,0.346017,0,0,1.60014,0.163856,1.09026,0.66528,12.849,1,0.490077,0.36288,0,78.3251,2.91249,75.2854,0.84672,12.849,0.84672,3695.15,0,18.483,0.104316,1.68036,1.75069,8.24118,1.00633,10.5616,0.42336,0,0,18.483,0.42336,442.007,0,1.02816,0,0,2.70852,1.68036,1.028160,1,0,86.9372,0,0,0,86.9372,0
71.7872,2.75694,0,0,2.97971,0.274879,0.36288,3.6288,61.308,0.346105,0,0,1.5931,0.163856,1.08314,0.66528,12.849,1,0.490622,0.36288,0,73.294,2.91249,70.2538,0.84672,12.849,0.84672,3695.15,0,18.483,0.104343,1.56725,1.75083,7.42815,1.00633,9.63556,0.42336,0,0,18.483,0.42336,442.007,0,1.02816,0,0,2.59541,1.56725,1.028160,1,0,80.9725,0,0,0,80.9725,0
71.961,2.75475,0,0,3.5655,0.274013,0.36288,3.6288,61.308,0.346193,0,0,1.63952,0.163856,1.12947,0.66528,12.849,1,0.493066,0.36288,0,81.5841,2.91249,78.5414,0.84672,12.849,0.84672,3695.15,0,18.483,0.10437,1.68238,1.75097,9.70272,1.00633,12.0254,0.42336,0,0,18.483,0.42336,442.007,0,1.02816,0,0,2.71054,1.68238,1.028160,1,0,91.6962,0,0,0,91.6962,0
71.2799,2.88671,0,0,2.82088,0.252385,0.36288,3.6288,61.308,0.407714,0,0,1.50765,0.178325,0.921607,0.66528,12.849,1,0.515436,0.36288,0,59.9003,3.60588,56.1418,0.84672,12.849,0.84672,3695.15,0,18.483,0.122917,1.29587,1.7511,7.59594,1.01061,9.50938,0.42336,0,0,18.483,0.42336,442.007,0,1.02816,0,0,2.32403,1.29587,1.028160,1,0,66.5728,0,0,0,66.5728,0
70.255,2.88276,0,0,2.44621,0.225519,0.36288,3.6288,61.308,0.407807,0,0,1.09216,0.179006,0.505343,0.66528,12.849,1,0.51965,0.36288,0,45.9453,3.93353,41.855,0.84672,12.849,0.84672,3695.15,0,18.483,0.122945,1.0877,1.84188,6.43003,1.03949,8.19717,0.42336,0,0,18.483,0.42336,442.007,0,1.02816,0,0,2.11586,1.0877,1.028160,1,0,50.5575,0,0,0,50.5575,0
69.0566,2.87657,0,0,2.23458,0.193547,0.36288,3.6288,61.308,0.4079,0,0,1.08293,0.182655,0.492374,0.66528,12.849,1,0.526099,0.36288,0,41.0644,4.04723,36.8539,0.84672,12.849,0.84672,3695.15,0,18.483,0.122973,1.08716,1.84203,6.14201,1.00396,7.94426,0.42336,0,0,18.483,0.42336,442.007,0,1.02816,0,0,2.11532,1.08716,1.028160,1,0,45.2906,0,0,0,45.2906,0
67.8231,2.8691,0,0,2.19026,0.191759,0.36288,3.6288,61.308,0.407993,0,0,1.17126,0.182655,0.580607,0.66528,12.849,1,0.533839,0.36288,0,39.338,4.04723,35.1198,0.84672,12.849,0.84672,3695.15,0,18.483,0.123001,1.04723,1.84217,6.61811,1.00396,8.38054,0.42336,0,0,18.483,0.42336,442.007,0,1.02816,0,0,2.07539,1.04723,1.028160,1,0,44.081,0,0,0,44.081,0
66.574,2.86116,0,0,2.16131,0.186356,0.36288,3.6288,61.308,0.408086,0,0,1.03521,0.177169,0.449955,0.66528,12.849,1,0.542043,0.36288,0,40.4666,3.74119,36.5462,0.84672,12.849,0.84672,3695.15,0,18.483,0.123029,0.909144,1.84231,5.77174,0.991622,7.40854,0.42336,0,0,18.483,0.42336,442.007,0,1.02816,0,0,1.9373,0.909144,1.028160,1,0,44.4047,0,0,0,44.4047,0
65.5429,2.8273,0,0,2.31576,0.156698,0.36288,3.6288,61.308,0.441957,0,0,0.895562,0.180292,0.273314,0.66528,12.849,1,0.545679,0.36288,0,46.6996,3.36561,43.1512,0.84672,12.849,0.84672,3695.15,0,18.483,0.13324,0.622348,1.84246,5.51049,1.01606,6.82599,0.42336,0,0,18.483,0.42336,442.007,0,1.02816,0,0,1.65051,0.622348,1.028160,1,0,50.2505,0,0,0,50.2505,0
64.445,2.82034,0,0,2.19362,0.108279,0.36288,3.6288,61.308,0.442052,0,0,0.853908,0.222386,0.18947,0.66528,12.849,1,0.552899,0.36288,0,44.15,4.33933,39.6206,0.84672,12.849,0.84672,3695.15,0,18.483,0.133269,0.67392,1.87085,5.28151,1.1543,6.53872,0.42336,0,0,18.483,0.42336,442.007,0,1.02816,0,0,1.70208,0.67392,1.028160,1,0,46.3488,0,0,0,46.3488,0
63.2343,2.81271,0,0,2.07222,0.107329,0.36288,3.6288,61.308,0.442148,0,0,0.796487,0.222386,0.131953,0.66528,12.849,1,0.560796,0.36288,0,41.4704,4.33933,36.9332,0.84672,12.849,0.84672,3695.15,0,18.483,0.133298,0.620672,1.871,5.22738,1.1543,6.43145,0.42336,0,0,18.483,0.42336,442.007,0,1.02816,0,0,1.64883,0.620672,1.028160,1,0,43.4966,0,0,0,43.4966,0
62.0281,2.804,0,0,2.06699,0.10628,0.36288,3.6288,61.308,0.442243,0,0,0.733501,0.222386,0.0688721,0.66528,12.849,1,0.569764,0.36288,0,41.5024,4.33933,36.9562,0.84672,12.849,0.84672,3695.15,0,18.483,0.133327,0.533701,1.87114,4.97978,1.1543,6.09699,0.42336,0,0,18.483,0.42336,442.007,0,1.02816,0,0,1.56186,0.533701,1.028160,1,0,43.1221,0,0,0,43.1221,0
60.8834,2.86027,0,0,2.16687,0.0883928,0.36288,3.6288,61.308,0.472452,0,0,0.82722,0.26958,0.085188,0.66528,12.849,1,0.5925,0.36288,0,40.6854,5.34212,35.1137,0.84672,12.849,0.84672,3695.15,0,18.483,0.142434,0.618443,1.87129,4.33525,1.39743,5.28511,0.42336,0,0,18.483,0.42336,442.007,0,1.02816,0,0,1.6466,0.618443,1.028160,1,0,40.484,0,0,0,40.484,0
59.7348,2.8513,0,0,2.15031,0.0847795,0.36288,3.6288,61.308,0.47255,0,0,0.82817,0.277445,0.0781748,0.66528,12.849,1,0.601745,0.36288,0,38.4909,5.50925,32.7427,0.84672,12.849,0.84672,3695.15,0,18.483,0.142463,0.635558,1.91647,4.33126,1.43795,5.30287,0.42336,0,0,18.483,0.42336,442.007,0,1.02816,0,0,1.66372,0.635558,1.028160,1,0,38.1238,0,0,0,38.1238,0
58.316,2.84199,0,0,1.86997,0.0839129,0.36288,3.6288,61.308,0.472648,0,0,0.778291,0.277445,0.0281982,0.66528,12.849,1,0.611315,0.36288,0,36.4163,5.50925,30.6586,0.84672,12.849,0.84672,3695.15,0,18.483,0.142493,0.495098,1.91662,4.21497,1.43795,5.04624,0.42336,0,0,18.483,0.42336,442.007,0,1.02816,0,0,1.52326,0.495098,1.028160,1,0,35.7331,0,0,0,35.7331,0
56.7623,2.83003,0,0,1.72194,0.0827715,0.36288,3.6288,61.308,0.472745,0,0,0.762566,0.277445,0.0123754,0.66528,12.849,1,0.623551,0.36288,0,34.3457,5.50925,28.5758,0.84672,12.849,0.84672,3695.15,0,18.483,0.142522,0.416733,1.91676,4.1723,1.43795,4.92532,0.42336,0,0,18.483,0.42336,442.007,0,1.02816,0,0,1.44489,0.416733,1.028160,1,0,33.5135,0,0,0,33.5135,0
54.7843,3.00442,0,0,1.45259,0.0632537,0.36288,3.6288,61.1198,0.581568,0,0,0.701349,0.308017,0,0.66528,12.849,1,0.680095,0.36288,0,29.519,6.26914,22.9326,0.84672,12.849,0.84672,3695.15,0,18.483,0.17533,0.281232,1.91691,3.65076,1.56975,4.10383,0.42336,0,0,18.483,0.42336,442.007,0,1.02816,0,0,1.30939,0.281232,1.028160,1,0,27.0365,0,0,0,27.0365,0
52.9815,2.98476,0,0,1.61419,0.0693891,0.36288,3.6288,61.0073,0.58126,0,0,0.800677,0.331895,0,0.66528,12.849,1,0.700039,0.36288,0,30.7068,6.71811,23.6516,0.84672,12.849,0.84672,3695.15,0,18.483,0.175777,0.439292,2.06961,3.81671,1.67537,4.47447,0.42336,0,0,18.483,0.42336,442.007,0,1.02816,0,0,1.46745,0.439292,1.028160,1,0,28.126,0,0,0,28.126,0
50.8814,2.96582,0,0,1.29677,0.0681299,0.36288,3.6288,60.5095,0.745216,0,0,0.579131,0.331659,0,0.66528,12.849,1,0.719266,0.36288,0,30.0053,6.71811,22.9308,0.84672,12.849,0.84672,3695.15,0,18.483,0.225773,0.204422,2.06977,3.06396,1.67537,3.43702,0.42336,0,0,18.483,0.42336,442.007,0,0.814346,0,0,1.01877,0.204422,1.028160,1,0,26.3679,0,0,0,26.3679,0
49.1245,2.94234,0,0,1.61498,0.0666632,0.36288,3.6288,60.5887,0.580114,0,0,0.989845,0.330614,0,0.66528,12.849,1,0.743025,0.36288,0,27.4043,6.71811,20.306,0.84672,12.849,0.84672,3695.15,0,18.483,0.177199,0.898992,2.06993,4.73747,1.67537,5.85383,0.42336,0,0,18.483,0.42336,442.007,0,1.02816,0,0,1.92715,0.898992,1.028160,1,0,26.1598,0,0,0,26.1598,0
47.0606,2.92151,0,0,1.28865,0.0681247,0.36288,3.6288,60.3839,0.580398,0,0,0.683061,0.307394,0,0.66528,12.849,1,0.764149,0.36288,0,22.1993,5.85397,15.944,0.84672,12.849,0.84672,3695.15,0,18.483,0.177054,0.326125,2.0701,4.88068,1.30782,5.79203,0.42336,0,0,18.483,0.42336,442.007,0,1.02816,0,0,1.35429,0.326125,1.028160,1,0,21.7361,0,0,0,21.7361,0
45.4387,2.80706,0,0,1.60301,0.0550427,0.36288,3.6288,60.19,0.51426,0,0,0.720213,0.399909,0,0.66528,12.849,1,0.766415,0.36288,0,25.9576,7.08352,18.4705,0.84672,12.849,0.84672,3695.15,0,18.483,0.15741,0.838097,2.07026,7.50989,1.60198,8.65885,0.42336,0,0,18.483,0.42336,442.007,0,1.02816,0,0,1.86626,0.838097,1.028160,1,0,27.1294,0,0,0,27.1294,0
44.0288,2.78595,0,0,1.83968,0.100695,0.36288,3.6288,60.0166,0.513973,0,0,0.698933,0.358304,0,0.66528,12.849,1,0.787803,0.36288,0,22.2491,6.75224,15.072,0.84672,12.849,0.84672,3695.15,0,18.483,0.15783,0.765253,1.98296,5.47392,1.48819,6.57611,0.42336,0,0,18.483,0.42336,442.007,0,1.02816,0,0,1.79341,0.765253,1.028160,1,0,21.6481,0,0,0,21.6481,0
43.6633,2.76664,0,0,2.86316,0.0991009,0.36288,3.6288,60.3038,0.513725,0,0,1.15884,0.357908,0,0.66528,12.849,1,0.807393,0.36288,0,36.1676,6.75224,28.9708,0.84672,12.849,0.84672,3695.15,0,18.483,0.158209,2.06143,1.98311,9.7641,1.48819,12.1622,0.42336,0,0,18.483,0.42336,442.007,0,1.02816,0,0,3.08959,2.06143,1.028160,1,0,41.1331,0,0,0,41.1331,0
43.0738,2.76163,0,0,2.63362,0.0986878,0.36288,3.6288,60.4967,0.514403,0,0,1.06582,0.358564,0,0.66528,12.849,1,0.812677,0.36288,0,65.5298,6.75224,58.3278,0.84672,12.849,0.84672,3695.15,0,18.483,0.157663,1.77859,1.98327,8.25319,1.48819,10.3692,0.42336,0,0,18.483,0.42336,442.007,0,1.02816,0,0,2.80675,1.77859,1.028160,1,0,68.697,0,0,0,68.697,0
41.6379,2.68215,0,0,1.77831,0.169109,0.36288,3.6288,60.4448,0.454964,0,0,0.668229,0.265171,0,0.66528,12.849,1,0.800093,0.36288,0,49.5215,5.10633,43.9779,0.84672,12.849,0.84672,3695.15,0,18.483,0.139001,0.571605,1.98342,7.33956,1.17583,8.57976,0.42336,0,0,18.483,0.42336,442.007,0,1.02816,0,0,1.59977,0.571605,1.028160,1,0,52.5577,0,0,0,52.5577,0
40.1201,2.66128,0,0,1.68185,0.175504,0.36288,3.6288,60.4298,0.454968,0,0,0.675395,0.235459,0,0.66528,12.849,1,0.82124,0.36288,0,36.527,4.46617,31.6024,0.84672,12.849,0.84672,3695.15,0,18.483,0.139122,0.256738,1.90583,7.04197,1.04271,8.0227,0.42336,0,0,18.483,0.42336,442.007,0,1.02816,0,0,1.2849,0.256738,1.028160,1,0,39.6252,0,0,0,39.6252,0
39.5722,2.63795,0,0,2.62528,0.17238,0.36288,3.6288,60.5377,0.455038,0,0,0.798446,0.235436,0,0.66528,12.849,1,0.844838,0.36288,0,48.9487,4.46617,44.0006,0.84672,12.849,0.84672,3695.15,0,18.483,0.139178,0.55506,1.90597,9.33198,1.04271,10.6111,0.42336,0,0,18.483,0.42336,442.007,0,1.02816,0,0,1.58322,0.55506,1.028160,1,0,54.6117,0,0,0,54.6117,0
42.7678,2.63634,0,0,6.36606,0.171274,0.36288,3.6288,61.308,0.455325,0,0,1.97349,0.235598,0.512291,0.66528,12.849,1,0.84672,0.36288,0,111.992,4.46617,107.042,0.84672,12.849,0.84672,3695.15,0,18.483,0.139017,3.08628,1.90612,15.4721,1.04271,19.2828,0.42336,0,0,18.483,0.42336,442.007,0,1.02816,0,0,4.11444,3.08628,1.028160,1,0,126.837,0,0,0,126.837,0
43.2501,2.47685,0,0,3.52059,0.198568,0.36288,3.6288,61.308,0.331531,0,0,1.27351,0.234549,0.70743,0.66528,12.849,1,0.744138,0.36288,0,60.9446,4.55977,56.0035,0.84672,12.849,0.84672,3695.15,0,18.483,0.0999492,1.84792,1.90627,9.09334,1.06269,11.6849,0.42336,0,0,18.483,0.42336,442.007,0,1.02816,0,0,2.87608,1.84792,1.028160,1,0,68.3959,0,0,0,68.3959,0
45.8131,2.48344,0,0,5.63681,0.227484,0.36288,3.6288,61.308,0.331618,0,0,3.00196,0.231614,2.43873,0.66528,12.849,1,0.737798,0.36288,0,103.085,4.68457,98.0252,0.84672,12.849,0.84672,3695.15,0,18.483,0.0999754,5.50515,1.73133,16.1148,1.08933,22.162,0.42336,0,0,18.483,0.42336,442.007,0,1.02816,0,0,6.53331,5.50515,1.028160,1,0,122.626,0,0,0,122.626,0
48.3445,2.51587,0,0,5.64436,0.234194,0.36288,3.6288,61.308,0.331705,0,0,1.9029,0.231614,1.33958,0.66528,12.849,1,0.705617,0.36288,0,87.8929,4.68457,82.8656,0.84672,12.849,0.84672,3695.15,0,18.483,0.100002,3.23127,1.73147,12.9521,1.08933,16.7255,0.42336,0,0,18.483,0.42336,442.007,0,1.02816,0,0,4.25943,3.23127,1.028160,1,0,100.931,0,0,0,100.931,0
51.0029,2.54526,0,0,5.78651,0.219917,0.36288,3.6288,61.308,0.331792,0,0,1.29533,0.22124,0.742295,0.66528,12.849,1,0.67648,0.36288,0,63.4169,4.15327,58.95,0.84672,12.849,0.84672,3695.15,0,18.483,0.100028,2.50946,1.7316,10.6217,1.00127,13.7614,0.42336,0,0,18.483,0.42336,442.007,0,1.02816,0,0,3.53762,2.50946,1.028160,1,0,73.4538,0,0,0,73.4538,0
54.4182,2.57363,0,0,6.57802,0.226238,0.36288,3.6288,61.308,0.331879,0,0,2.96026,0.22124,2.40714,0.66528,12.849,1,0.648365,0.36288,0,67.619,4.15327,63.1802,0.84672,12.849,0.84672,3695.15,0,18.483,0.100054,3.17379,1.73173,12.4018,1.00127,16.206,0.42336,0,0,18.483,0.42336,442.007,0,1.02816,0,0,4.20195,3.17379,1.028160,1,0,81.7933,0,0,0,81.7933,0
65.7184,2.6884,0,0,14.5829,0.231465,0.36288,3.6288,61.308,0.368239,0,0,7.91441,0.207689,7.33848,0.66528,12.849,1,0.634774,0.36288,0,279.289,3.76499,275.252,0.84672,12.849,0.84672,3695.15,0,18.483,0.111016,6.121,1.73187,29.2181,1.06276,35.8972,0.42336,0,0,18.483,0.42336,442.007,0,1.02816,0,0,7.14916,6.121,1.028160,1,0,318.488,0,0,0,318.488,0
72.29,2.77989,0,0,13.9867,0.292106,4.34308,3.6288,61.308,0.36832,0,0,4.17506,0.209237,3.5975,0.66528,12.849,1,0.543513,4.34308,0,278.251,3.86295,278.188,0.84672,12.849,0.84672,3695.15,0,18.483,0.11104,11.027,1.78739,31.2593,1.15911,42.8036,0.42336,0,0,18.483,0.42336,442.007,0,1.02816,0,0,12.0551,11.027,1.028160,1,0,324.589,0,0,0,324.589,0
72.29,2.82204,0,0,8.77815,0.307435,5.64868,3.6288,61.308,0.3684,0,0,2.80017,0.209237,2.22253,0.66528,12.849,1,0.501596,5.64868,0,209.135,3.86295,210.419,0.84672,12.849,0.84672,3695.15,0,18.483,0.111065,5.81615,1.78752,18.0414,1.15911,24.3748,0.42336,0,0,18.483,0.42336,442.007,0,1.02816,0,0,6.84431,5.81615,1.028160,1,0,237.016,0,0,0,237.016,0
72.29,2.82224,0,0,7.08817,0.307435,3.9585,3.6288,61.308,0.368481,0,0,1.99993,0.209237,1.42221,0.66528,12.849,1,0.501631,3.9585,0,150.989,3.86295,150.583,0.84672,12.849,0.84672,3695.15,0,18.483,0.111089,3.21396,1.78764,11.0302,1.15911,14.7616,0.42336,0,0,18.483,0.42336,442.007,0,1.02816,0,0,4.24212,3.21396,1.028160,1,0,166.767,0,0,0,166.767,0
72.29,3.09773,0,0,7.7639,0.282632,4.38354,3.6288,61.308,0.504784,0,0,2.32092,0.169418,1.64672,0.66528,12.849,1,0.550598,4.38354,0,198.897,2.8782,199.852,0.84672,12.849,0.84672,3695.15,0,18.483,0.152181,3.62735,1.78777,11.6293,0.964521,15.9277,0.42336,0,0,18.483,0.42336,442.007,0,1.02816,0,0,4.65551,3.62735,1.028160,1,0,217.426,0,0,0,217.426,0
72.29,3.09794,0,0,8.06432,0.253841,4.71253,3.6288,61.308,0.504874,0,0,3.2744,0.153079,2.61645,0.66528,12.849,1,0.550636,4.71253,0,249.629,2.36502,251.426,0.84672,12.849,0.84672,3695.15,0,18.483,0.152208,5.07305,1.98562,15.8023,0.871266,21.8375,0.42336,0,0,18.483,0.42336,442.007,0,1.02816,0,0,6.10121,5.07305,1.028160,1,0,275.88,0,0,0,275.88,0
72.29,3.09816,0,0,6.71397,0.259832,3.35598,3.6288,61.308,0.504964,0,0,2.67889,0.167363,2.00657,0.66528,12.849,1,0.550674,3.35598,0,171.042,2.82393,171.023,0.84672,12.849,0.84672,3695.15,0,18.483,0.152235,4.54763,1.98576,12.0734,0.994688,17.4599,0.42336,0,0,18.483,0.42336,442.007,0,1.02816,0,0,5.57579,4.54763,1.028160,1,0,190.49,0,0,0,190.49,0
72.29,3.09838,0,0,8.47368,0.292989,5.08231,3.6288,61.308,0.505055,0,0,2.34585,0.164343,1.67645,0.66528,12.849,1,0.550713,5.08231,0,209.149,3.05393,210.627,0.84672,12.849,0.84672,3695.15,0,18.483,0.152263,3.60037,1.9859,12.1275,1.01627,16.5453,0.42336,0,0,18.483,0.42336,442.007,0,1.02816,0,0,4.62853,3.60037,1.028160,1,0,228.849,0,0,0,228.849,0
72.29,2.70583,0,0,11.5129,0.33195,8.47511,3.6288,61.308,0.322283,0,0,6.12881,0.172913,5.63361,0.66528,12.849,1,0.48094,8.47511,0,221.624,3.28835,226.33,0.84672,12.849,0.84672,3695.15,0,18.483,0.0971611,9.11521,1.98604,30.4774,0.979368,40.5021,0.42336,0,0,18.483,0.42336,442.007,0,1.02816,0,0,10.1434,9.11521,1.028160,1,0,272.465,0,0,0,272.465,0
72.29,2.70601,0,0,5.92098,0.36117,2.8538,3.6288,61.308,0.32236,0,0,2.73751,0.17934,2.23581,0.66528,12.849,1,0.480974,2.8538,0,149.036,3.46416,147.944,0.84672,12.849,0.84672,3695.15,0,18.483,0.0971845,4.02685,1.71562,13.8088,0.951689,18.5024,0.42336,0,0,18.483,0.42336,442.007,0,1.02816,0,0,5.05501,4.02685,1.028160,1,0,168.683,0,0,0,168.683,0
72.29,2.7062,0,0,4.08105,0.338514,1.03634,3.6288,61.308,0.322438,0,0,1.876,0.167307,1.38626,0.66528,12.849,1,0.481007,1.03634,0,119.88,3.28977,117.146,0.84672,12.849,0.84672,3695.15,0,18.483,0.0972079,3.16993,1.71574,12.3365,0.926638,16.1984,0.42336,0,0,18.483,0.42336,442.007,0,1.02816,0,0,4.19809,3.16993,1.028160,1,0,134.73,0,0,0,134.73,0
72.29,2.70639,0,0,5.75387,0.281873,2.7656,3.6288,61.308,0.322516,0,0,2.39277,0.137226,1.93303,0.66528,12.849,1,0.481041,2.7656,0,128.225,2.8538,127.656,0.84672,12.849,0.84672,3695.15,0,18.483,0.0972313,4.17918,1.71586,13.223,0.864011,18.1568,0.42336,0,0,18.483,0.42336,442.007,0,1.02816,0,0,5.20734,4.17918,1.028160,1,0,147.746,0,0,0,147.746,0
72.29,2.70658,0,0,6.65441,0.291083,3.65674,3.6288,61.308,0.322593,0,0,3.73804,0.138155,3.2773,0.66528,12.849,1,0.481074,3.65674,0,157.621,2.9649,157.832,0.84672,12.849,0.84672,3695.15,0,18.483,0.0972547,5.03352,1.71598,14.3947,0.87203,20.1749,0.42336,0,0,18.483,0.42336,442.007,0,1.02816,0,0,6.06168,5.03352,1.028160,1,0,181.284,0,0,0,181.284,0
72.29,2.80567,0,0,9.17361,0.346346,6.02159,3.6288,61.308,0.367421,0,0,2.62516,0.143728,2.11401,0.66528,12.849,1,0.498686,6.02159,0,209.115,3.63153,211.006,0.84672,12.849,0.84672,3695.15,0,18.483,0.110769,4.07554,1.7161,17.6964,0.920145,22.4571,0.42336,0,0,18.483,0.42336,442.007,0,1.02816,0,0,5.1037,4.07554,1.028160,1,0,235.577,0,0,0,235.577,0
72.29,2.80586,0,0,6.10551,0.346346,2.9533,3.6288,61.308,0.367502,0,0,2.09667,0.143728,1.58544,0.66528,12.849,1,0.498721,2.9533,0,129.533,3.63153,128.357,0.84672,12.849,0.84672,3695.15,0,18.483,0.110794,2.70758,1.78304,11.9041,0.920145,15.3638,0.42336,0,0,18.483,0.42336,442.007,0,1.02816,0,0,3.73574,2.70758,1.028160,1,0,145.306,0,0,0,145.306,0
72.29,2.80606,0,0,6.92902,0.346346,3.77662,3.6288,61.308,0.367583,0,0,2.27132,0.143728,1.76001,0.66528,12.849,1,0.498756,3.77662,0,109.712,3.63153,109.359,0.84672,12.849,0.84672,3695.15,0,18.483,0.110818,3.15401,1.78317,14.8642,0.920145,18.7704,0.42336,0,0,18.483,0.42336,442.007,0,1.02816,0,0,4.18217,3.15401,1.028160,1,0,129.889,0,0,0,129.889,0
72.29,2.80626,0,0,6.15498,0.357435,2.99129,3.6288,61.308,0.367663,0,0,2.17891,0.200175,1.61107,0.66528,12.849,1,0.498791,2.99129,0,103.728,4.8257,101.395,0.84672,12.849,0.84672,3695.15,0,18.483,0.110842,3.02881,1.78329,14.1251,1.0226,17.8038,0.42336,0,0,18.483,0.42336,442.007,0,1.02816,0,0,4.05697,3.02881,1.028160,1,0,120.81,0,0,0,120.81,0
72.29,2.76777,0,0,5.37783,0.268301,2.34176,3.6288,61.308,0.350359,0,0,1.50728,0.202196,0.954728,0.66528,12.849,1,0.49195,2.34176,0,99.1846,4.41589,96.6185,0.84672,12.849,0.84672,3695.15,0,18.483,0.105625,1.37106,1.78342,10.3004,0.986817,12.3625,0.42336,0,0,18.483,0.42336,442.007,0,1.02816,0,0,2.39922,1.37106,1.028160,1,0,109.936,0,0,0,109.936,0
72.29,2.76796,0,0,5.4626,0.266275,2.42836,3.6288,61.308,0.350438,0,0,1.67141,0.206495,1.11448,0.66528,12.849,1,0.491985,2.42836,0,100.876,4.55836,98.2543,0.84672,12.849,0.84672,3695.15,0,18.483,0.105649,2.54591,1.75752,10.6431,1.00511,13.8358,0.42336,0,0,18.483,0.42336,442.007,0,1.02816,0,0,3.57407,2.54591,1.028160,1,0,113.205,0,0,0,113.205,0
72.29,2.76816,0,0,5.13963,0.220606,2.15086,3.6288,61.308,0.350518,0,0,1.57207,0.22053,1.00103,0.66528,12.849,1,0.492019,2.15086,0,90.5576,4.79704,87.4194,0.84672,12.849,0.84672,3695.15,0,18.483,0.105673,2.51637,1.75764,9.39807,1.10652,12.4599,0.42336,0,0,18.483,0.42336,442.007,0,1.02816,0,0,3.54453,2.51637,1.028160,1,0,100.88,0,0,0,100.88,0
72.29,2.76835,0,0,4.48525,0.186354,1.53054,3.6288,61.308,0.350597,0,0,1.36618,0.231057,0.784528,0.66528,12.849,1,0.492053,1.53054,0,79.1519,4.97606,75.2143,0.84672,12.849,0.84672,3695.15,0,18.483,0.105697,2.12338,1.75777,8.70247,1.18258,11.2953,0.42336,0,0,18.483,0.42336,442.007,0,1.02816,0,0,3.15154,2.12338,1.028160,1,0,87.2942,0,0,0,87.2942,0
72.29,2.89987,0,0,4.14833,0.190724,1.05773,3.6288,61.308,0.412347,0,0,1.25525,0.229932,0.612975,0.66528,12.849,1,0.515431,1.05773,0,76.4355,4.89906,72.0787,0.84672,12.849,0.84672,3695.15,0,18.483,0.124314,1.84031,1.75789,8.50496,1.09406,10.8848,0.42336,0,0,18.483,0.42336,442.007,0,1.02816,0,0,2.86847,1.84031,1.028160,1,0,83.5765,0,0,0,83.5765,0
72.29,2.90008,0,0,4.06731,0.143269,1.02396,3.6288,61.308,0.412431,0,0,1.26958,0.244806,0.612342,0.66528,12.849,1,0.515467,1.02396,0,68.4003,5.07486,63.8339,0.84672,12.849,0.84672,3695.15,0,18.483,0.124339,1.49841,1.84901,8.18381,1.09436,10.3125,0.42336,0,0,18.483,0.42336,442.007,0,1.02816,0,0,2.52657,1.49841,1.028160,1,0,74.7588,0,0,0,74.7588,0
72.29,2.90028,0,0,3.89947,0.143269,0.855917,3.6288,61.308,0.412515,0,0,1.23859,0.244806,0.581266,0.66528,12.849,1,0.515503,0.855917,0,63.2889,5.07486,58.5544,0.84672,12.849,0.84672,3695.15,0,18.483,0.124364,1.49469,1.84914,7.90733,1.09436,10.0324,0.42336,0,0,18.483,0.42336,442.007,0,1.02816,0,0,2.52285,1.49469,1.028160,1,0,69.1681,0,0,0,69.1681,0
72.29,2.90048,0,0,3.72552,0.143269,0.681774,3.6288,61.308,0.412599,0,0,1.24343,0.244806,0.586029,0.66528,12.849,1,0.515539,0.681774,0,60.4715,5.07486,55.5629,0.84672,12.849,0.84672,3695.15,0,18.483,0.124389,1.71913,1.84927,7.53054,1.09436,9.88018,0.42336,0,0,18.483,0.42336,442.007,0,1.02816,0,0,2.74729,1.71913,1.028160,1,0,66.0291,0,0,0,66.0291,0
72.2106,2.90068,0,0,3.35406,0.169879,0.36288,3.6288,61.308,0.412683,0,0,1.14509,0.239146,0.493266,0.66528,12.849,1,0.515575,0.36288,0,54.6388,4.60709,49.879,0.84672,12.849,0.84672,3695.15,0,18.483,0.124415,1.48884,1.8494,6.68433,1.14347,8.75468,0.42336,0,0,18.483,0.42336,442.007,0,1.02816,0,0,2.517,1.48884,1.028160,1,0,59.1269,0,0,0,59.1269,0
71.5471,2.87443,0,0,2.69673,0.12294,0.36288,3.6288,61.308,0.446673,0,0,0.975188,0.260488,0.268026,0.66528,12.849,1,0.511469,0.36288,0,43.7891,5.35427,38.2862,0.84672,12.849,0.84672,3695.15,0,18.483,0.134662,0.732637,1.84952,5.62184,1.30104,6.7683,0.42336,0,0,18.483,0.42336,442.007,0,1.02816,0,0,1.7608,0.732637,1.028160,1,0,45.3225,0,0,0,45.3225,0
70.7282,2.87061,0,0,2.53691,0.122321,0.36288,3.6288,61.308,0.44676,0,0,0.919918,0.260488,0.21267,0.66528,12.849,1,0.515527,0.36288,0,43.4647,5.35427,37.9578,0.84672,12.849,0.84672,3695.15,0,18.483,0.134688,0.615928,1.87801,5.87573,1.30104,6.93394,0.42336,0,0,18.483,0.42336,442.007,0,1.02816,0,0,1.64409,0.615928,1.028160,1,0,45.1044,0,0,0,45.1044,0
69.688,2.86575,0,0,2.31002,0.121557,0.36288,3.6288,61.308,0.446846,0,0,0.910613,0.260488,0.203279,0.66528,12.849,1,0.520614,0.36288,0,43.1286,5.35427,37.6166,0.84672,12.849,0.84672,3695.15,0,18.483,0.134714,0.61827,1.87814,5.65508,1.30104,6.71574,0.42336,0,0,18.483,0.42336,442.007,0,1.02816,0,0,1.64643,0.61827,1.028160,1,0,44.5357,0,0,0,44.5357,0
68.4352,2.85939,0,0,2.09004,0.120586,0.36288,3.6288,61.308,0.446932,0,0,0.845096,0.260488,0.137675,0.66528,12.849,1,0.527212,0.36288,0,38.73,5.35427,33.2114,0.84672,12.849,0.84672,3695.15,0,18.483,0.13474,0.414046,1.87828,5.42373,1.30104,6.28027,0.42336,0,0,18.483,0.42336,442.007,0,1.02816,0,0,1.44221,0.414046,1.028160,1,0,39.6294,0,0,0,39.6294,0
66.8511,2.91801,0,0,1.79941,0.102676,0.36288,3.6288,61.199,0.547727,0,0,0.735985,0.29727,0,0.66528,12.849,1,0.547869,0.36288,0,29.2799,5.66979,23.4251,0.84672,12.849,0.84672,3695.15,0,18.483,0.165128,0.261274,1.87841,4.09037,1.46658,4.59833,0.42336,0,0,18.483,0.42336,442.007,0,0.936429,0,0,1.1977,0.261274,1.028160,1,0,28.0235,0,0,0,28.0235,0
65.2701,2.90733,0,0,1.79039,0.101181,0.36288,3.6288,61.1686,0.477137,0,0,0.743213,0.296421,0,0.66528,12.849,1,0.558798,0.36288,0,36.3481,5.59839,30.5538,0.84672,12.849,0.84672,3695.15,0,18.483,0.144102,0.326644,1.92374,4.17792,1.46067,4.82354,0.42336,0,0,18.483,0.42336,442.007,0,1.02816,0,0,1.3548,0.326644,1.028160,1,0,35.3774,0,0,0,35.3774,0
63.5808,2.89622,0,0,1.66979,0.0999151,0.36288,3.6288,61.0534,0.47717,0,0,0.65829,0.296364,0,0.66528,12.849,1,0.570147,0.36288,0,28.7549,5.59839,22.9492,0.84672,12.849,0.84672,3695.15,0,18.483,0.144184,0.309208,1.92388,3.81347,1.46067,4.44171,0.42336,0,0,18.483,0.42336,442.007,0,1.02816,0,0,1.33737,0.309208,1.028160,1,0,27.3909,0,0,0,27.3909,0
61.7544,2.88382,0,0,1.51884,0.0985624,0.36288,3.6288,60.8006,0.574928,0,0,0.618322,0.296148,0,0.66528,12.849,1,0.582789,0.36288,0,26.441,5.59839,20.6227,0.84672,12.849,0.84672,3695.15,0,18.483,0.174051,0.227405,1.92401,3.49015,1.46067,4.00684,0.42336,0,0,18.483,0.42336,442.007,0,0.900651,0,0,1.12806,0.227405,1.028160,1,0,24.6295,0,0,0,24.6295,0
59.774,3.06141,0,0,1.53092,0.0870743,0.36288,3.6288,60.6292,0.585601,0,0,0.716856,0.302677,0,0.66528,12.849,1,0.636976,0.36288,0,25.5568,5.73135,19.5513,0.84672,12.849,0.84672,3695.15,0,18.483,0.178019,0.406382,1.92415,4.64225,1.50516,5.28961,0.42336,0,0,18.483,0.42336,442.007,0,1.02816,0,0,1.43454,0.406382,1.028160,1,0,24.8409,0,0,0,24.8409,0
57.2976,3.04425,0,0,1.02278,0.0919876,0.36288,3.6288,60.1758,0.723878,0,0,0.572237,0.301784,0,0.66528,12.849,1,0.654392,0.36288,0,19.4367,5.54032,13.6049,0.84672,12.849,0.84672,3695.15,0,18.483,0.220676,0.227405,2.07741,3.50645,1.5118,4.07878,0.42336,0,0,18.483,0.42336,442.007,0,0.847351,0,0,1.07476,0.227405,1.028160,1,0,17.6837,0,0,0,17.6837,0
54.791,3.02136,0,0,0.967378,0.0898044,0.36288,3.6288,59.6271,0.77406,0,0,0.526305,0.300915,0,0.66528,12.849,1,0.677541,0.36288,0,17.4678,5.54032,11.6128,0.84672,12.849,0.84672,3695.15,0,18.483,0.237752,0.227405,2.07755,3.46667,1.5118,4.02207,0.42336,0,0,18.483,0.42336,442.007,0,0.780218,0,0,1.00762,0.227405,1.028160,1,0,15.6349,0,0,0,15.6349,0
52.6799,2.99646,0,0,1.3359,0.0875945,0.36288,3.6288,59.2589,0.651206,0,0,0.582866,0.299864,0,0.66528,12.849,1,0.702698,0.36288,0,18.7367,5.54032,12.8566,0.84672,12.849,0.84672,3695.15,0,18.483,0.201858,0.204422,2.0777,3.86456,1.5118,4.43302,0.42336,0,0,18.483,0.42336,442.007,0,0.93909,0,0,1.14351,0.204422,1.028160,1,0,17.2896,0,0,0,17.2896,0
51.1786,2.97403,0,0,1.94495,0.109404,0.36288,3.6288,59.1604,0.582452,0,0,0.775855,0.291883,0,0.66528,12.849,1,0.725387,0.36288,0,31.266,5.40041,25.5031,0.84672,12.849,0.84672,3695.15,0,18.483,0.181668,0.258336,2.07784,4.29764,1.48944,4.96271,0.42336,0,0,18.483,0.42336,442.007,0,1.02816,0,0,1.2865,0.258336,1.028160,1,0,30.4658,0,0,0,30.4658,0
49.5247,2.867,0,0,1.69177,0.115726,0.36288,3.6288,59.1135,0.516605,0,0,0.747611,0.27799,0,0.66528,12.849,1,0.719795,0.36288,0,28.2906,4.68016,23.2535,0.84672,12.849,0.84672,3695.15,0,18.483,0.161399,0.305994,2.07799,4.3958,1.41932,5.19907,0.42336,0,0,18.483,0.42336,442.007,0,1.02816,0,0,1.33415,0.305994,1.028160,1,0,28.4525,0,0,0,28.4525,0
47.7043,2.84811,0,0,1.50431,0.113727,0.36288,3.6288,59.4123,0.516598,0,0,1.09337,0.277906,0,0.66528,12.849,1,0.738932,0.36288,0,23.9994,4.68016,18.9432,0.84672,12.849,0.84672,3695.15,0,18.483,0.161525,1.17132,1.99035,5.05225,1.41932,6.63307,0.42336,0,0,18.483,0.42336,442.007,0,1.02816,0,0,2.19948,1.17132,1.028160,1,0,25.5763,0,0,0,25.5763,0
45.7309,2.82609,0,0,1.32703,0.111505,0.36288,3.6288,59.2322,0.517309,0,0,0.615578,0.278439,0,0.66528,12.849,1,0.761199,0.36288,0,24.8597,4.68016,19.7812,0.84672,12.849,0.84672,3695.15,0,18.483,0.160933,0.303636,1.99049,3.78874,1.41932,4.50261,0.42336,0,0,18.483,0.42336,442.007,0,1.02816,0,0,1.3318,0.303636,1.028160,1,0,24.2838,0,0,0,24.2838,0
43.5843,2.80065,0,0,1.12605,0.109096,0.36288,3.6288,58.9723,0.542866,0,0,0.561132,0.278118,0,0.66528,12.849,1,0.786897,0.36288,0,22.9711,4.68016,17.8669,0.84672,12.849,0.84672,3695.15,0,18.483,0.169398,0.216518,1.99062,3.60515,1.41932,4.22358,0.42336,0,0,18.483,0.42336,442.007,0,0.994257,0,0,1.21078,0.216518,1.028160,1,0,22.0905,0,0,0,22.0905,0
42.8757,2.69933,0,0,2.53262,0.178993,0.36288,3.6288,59.4384,0.456791,0,0,1.1576,0.234684,0,0.66528,12.849,1,0.795784,0.36288,0,35.9862,4.22369,31.3296,0.84672,12.849,0.84672,3695.15,0,18.483,0.143167,0.781367,1.99076,7.32138,1.09076,8.85959,0.42336,0,0,18.483,0.42336,442.007,0,1.02816,0,0,1.80953,0.781367,1.028160,1,0,40.1892,0,0,0,40.1892,0
41.4293,2.6894,0,0,1.78534,0.179455,0.36288,3.6288,59.7289,0.457734,0,0,1.00368,0.255499,0,0.66528,12.849,1,0.805959,0.36288,0,28.5037,4.60803,23.4526,0.84672,12.849,0.84672,3695.15,0,18.483,0.142337,1.10196,1.91287,4.1911,1.07148,5.99211,0.42336,0,0,18.483,0.42336,442.007,0,1.02816,0,0,2.13012,1.10196,1.028160,1,0,29.4447,0,0,0,29.4447,0
39.2656,2.66811,0,0,1.04372,0.176455,0.36288,3.6288,59.6698,0.458349,0,0,0.655223,0.255974,0,0.66528,12.849,1,0.827493,0.36288,0,14.1142,4.60803,9.04157,0.84672,12.849,0.84672,3695.15,0,18.483,0.141835,0.409225,1.913,2.98,1.07148,4.0889,0.42336,0,0,18.483,0.42336,442.007,0,1.02816,0,0,1.43738,0.409225,1.028160,1,0,13.1305,0,0,0,13.1305,0
37.7093,2.64912,0,0,1.62772,0.172016,0.36288,3.6288,59.9271,0.458329,0,0,0.971525,0.255877,0,0.66528,12.849,1,0.84672,0.36288,0,24.0549,4.60803,18.963,0.84672,12.849,0.84672,3695.15,0,18.483,0.141969,1.00775,1.91313,6.29082,1.07148,7.99825,0.42336,0,0,18.483,0.42336,442.007,0,1.02816,0,0,2.03591,1.00775,1.028160,1,0,26.9613,0,0,0,26.9613,0
36.7988,2.4112,0,0,2.06417,0.200575,0.36288,3.6288,60.4203,0.333857,0,0,1.06092,0.233843,0,0.66528,12.849,1,0.821589,0.36288,0,32.6987,4.18242,28.0576,0.84672,12.849,0.84672,3695.15,0,18.483,0.10297,0.932299,1.91327,5.28375,0.986719,7.03963,0.42336,0,0,18.483,0.42336,442.007,0,1.02816,0,0,1.96046,0.932299,1.028160,1,0,35.0972,0,0,0,35.0972,0
36.264,2.3963,0,0,2.42055,0.196173,0.36288,3.6288,60.7604,0.334579,0,0,0.886654,0.211988,0,0.66528,12.849,1,0.836714,0.36288,0,42.3461,4.11925,37.753,0.84672,12.849,0.84672,3695.15,0,18.483,0.10235,0.810674,1.73767,5.26132,0.920172,6.78715,0.42336,0,0,18.483,0.42336,442.007,0,1.02816,0,0,1.83883,0.810674,1.028160,1,0,44.5402,0,0,0,44.5402,0
35.8928,2.38736,0,0,2.57391,0.194927,0.36288,3.6288,61.0561,0.335097,0,0,0.843212,0.212446,0,0.66528,12.849,1,0.845884,0.36288,0,44.7538,4.11925,40.1516,0.84672,12.849,0.84672,3695.15,0,18.483,0.101935,0.641364,1.7378,4.01272,0.920172,5.36977,0.42336,0,0,18.483,0.42336,442.007,0,1.02816,0,0,1.66952,0.641364,1.028160,1,0,45.5213,0,0,0,45.5213,0
34.9351,2.38675,0,0,1.98637,0.19439,0.36288,3.6288,61.2562,0.335554,0,0,0.757866,0.22224,0,0.66528,12.849,1,0.84672,0.36288,0,38.1787,4.11201,33.5828,0.84672,12.849,0.84672,3695.15,0,18.483,0.101579,0.471744,1.73792,3.43226,0.91454,4.6258,0.42336,0,0,18.483,0.42336,442.007,0,1.02816,0,0,1.4999,0.471744,1.028160,1,0,38.2086,0,0,0,38.2086,0
35.1401,2.38697,0,0,3.13918,0.184359,0.36288,3.6288,61.308,0.335887,0,0,0.955342,0.236052,0.331554,0.66528,12.849,1,0.84672,0.36288,0,40.5947,3.32304,36.7878,0.84672,12.849,0.84672,3695.15,0,18.483,0.101348,1.08765,1.73804,5.10394,0.678222,7.15006,0.42336,0,0,18.483,0.42336,442.007,0,1.02816,0,0,2.11581,1.08765,1.028160,1,0,44.2694,0,0,0,44.2694,0
38.5029,2.4885,0,0,6.41571,0.201536,0.36288,3.6288,61.308,0.372436,0,0,1.60358,0.231883,0.999256,0.66528,12.849,1,0.84672,0.36288,0,73.765,4.14933,69.1318,0.84672,12.849,0.84672,3695.15,0,18.483,0.112281,2.61237,1.73816,12.4667,1.02683,15.6781,0.42336,0,0,18.483,0.42336,442.007,0,1.02816,0,0,3.64053,2.61237,1.028160,1,0,85.8092,0,0,0,85.8092,0
42.6877,2.50085,0,0,7.26114,0.212643,0.36288,3.6288,61.308,0.372508,0,0,2.08786,0.231175,1.48417,0.66528,12.849,1,0.834572,0.36288,0,135.156,4.28704,130.398,0.84672,12.849,0.84672,3695.15,0,18.483,0.112303,2.68809,1.79387,16.97,1.08493,20.2547,0.42336,0,0,18.483,0.42336,442.007,0,1.02816,0,0,3.71625,2.68809,1.028160,1,0,152.137,0,0,0,152.137,0
45.3618,2.56389,0,0,5.82423,0.223322,0.36288,3.6288,61.308,0.37258,0,0,1.44616,0.231175,0.842408,0.66528,12.849,1,0.771733,0.36288,0,90.9179,4.28704,86.222,0.84672,12.849,0.84672,3695.15,0,18.483,0.112325,2.26428,1.79398,11.1472,1.08493,14.0082,0.42336,0,0,18.483,0.42336,442.007,0,1.02816,0,0,3.29244,2.26428,1.028160,1,0,101.073,0,0,0,101.073,0
47.32,2.59951,0,0,5.15256,0.232009,0.36288,3.6288,61.308,0.372652,0,0,1.28077,0.214552,0.693564,0.66528,12.849,1,0.736326,0.36288,0,79.4422,4.02901,75.0397,0.84672,12.849,0.84672,3695.15,0,18.483,0.112346,1.81183,1.79409,10.0768,1.01599,12.5544,0.42336,0,0,18.483,0.42336,442.007,0,1.02816,0,0,2.83999,1.81183,1.028160,1,0,88.2877,0,0,0,88.2877,0
48.6462,2.87954,0,0,4.81127,0.24261,0.36288,3.6288,61.308,0.509435,0,0,1.28815,0.208205,0.570515,0.66528,12.849,1,0.781894,0.36288,0,74.939,3.76471,70.7553,0.84672,12.849,0.84672,3695.15,0,18.483,0.153583,2.13993,1.7942,11.1345,0.949337,13.9657,0.42336,0,0,18.483,0.42336,442.007,0,1.02816,0,0,3.16809,2.13993,1.028160,1,0,85.2915,0,0,0,85.2915,0
50.1529,2.89658,0,0,5.01649,0.250322,0.36288,3.6288,61.308,0.509515,0,0,1.55182,0.229295,0.813011,0.66528,12.849,1,0.765078,0.36288,0,88.547,3.87103,84.2738,0.84672,12.849,0.84672,3695.15,0,18.483,0.153607,2.41432,1.99276,14.7886,0.983044,18.059,0.42336,0,0,18.483,0.42336,442.007,0,1.02816,0,0,3.44248,2.41432,1.028160,1,0,103.146,0,0,0,103.146,0
54.8076,2.91506,0,0,8.18706,0.254391,0.36288,3.6288,61.308,0.509596,0,0,1.99778,0.229295,1.25889,0.66528,12.849,1,0.746827,0.36288,0,147.804,3.87103,143.549,0.84672,12.849,0.84672,3695.15,0,18.483,0.153632,2.92237,1.99288,15.5945,0.983044,19.3731,0.42336,0,0,18.483,0.42336,442.007,0,1.02816,0,0,3.95053,2.92237,1.028160,1,0,164.181,0,0,0,164.181,0
56.6925,2.96662,0,0,5.48123,0.266892,0.36288,3.6288,61.308,0.509676,0,0,1.87504,0.229295,1.13607,0.66528,12.849,1,0.695489,0.36288,0,115.392,3.87103,111.189,0.84672,12.849,0.84672,3695.15,0,18.483,0.153656,2.58146,1.993,16.3872,0.983044,19.825,0.42336,0,0,18.483,0.42336,442.007,0,1.02816,0,0,3.60962,2.58146,1.028160,1,0,132.15,0,0,0,132.15,0
60.2996,2.60721,0,0,6.849,0.271813,0.36288,3.6288,61.308,0.326243,0,0,1.72335,0.211517,1.18559,0.66528,12.849,1,0.590907,0.36288,0,100.662,3.69652,96.7375,0.84672,12.849,0.84672,3695.15,0,18.483,0.0983551,2.57646,1.99313,18.03,0.93203,21.5691,0.42336,0,0,18.483,0.42336,442.007,0,1.02816,0,0,3.60462,2.57646,1.028160,1,0,119.492,0,0,0,119.492,0
67.6245,2.63651,0,0,10.6056,0.281299,0.36288,3.6288,61.308,0.326312,0,0,3.00675,0.187813,2.49262,0.66528,12.849,1,0.561803,0.36288,0,223.026,3.46385,219.363,0.84672,12.849,0.84672,3695.15,0,18.483,0.0983759,4.84126,1.72173,24.1198,0.864011,29.7204,0.42336,0,0,18.483,0.42336,442.007,0,1.02816,0,0,5.86942,4.84126,1.028160,1,0,251.576,0,0,0,251.576,0
72.29,2.68781,0,0,8.73228,0.298502,1.08045,3.6288,61.308,0.326382,0,0,1.95796,0.187813,1.44377,0.66528,12.849,1,0.510698,1.08045,0,232.847,3.46385,229.953,0.84672,12.849,0.84672,3695.15,0,18.483,0.0983968,3.83202,1.72183,19.9716,0.864011,24.5631,0.42336,0,0,18.483,0.42336,442.007,0,1.02816,0,0,4.86018,3.83202,1.028160,1,0,255.96,0,0,0,255.96,0
72.29,2.71596,0,0,6.67767,0.298747,3.66295,3.6288,61.308,0.326451,0,0,1.36294,0.195672,0.84082,0.66528,12.849,1,0.482742,3.66295,0,175.069,3.54283,174.706,0.84672,12.849,0.84672,3695.15,0,18.483,0.0984176,1.88535,1.72194,14.1922,0.89372,16.8074,0.42336,0,0,18.483,0.42336,442.007,0,1.02816,0,0,2.91351,1.88535,1.028160,1,0,192.354,0,0,0,192.354,0
72.29,2.71613,0,0,5.61766,0.204897,2.69663,3.6288,61.308,0.32652,0,0,1.08961,0.236175,0.526913,0.66528,12.849,1,0.482772,2.69663,0,134.063,4.31438,131.962,0.84672,12.849,0.84672,3695.15,0,18.483,0.0984384,1.06396,1.72205,10.0958,1.12977,11.6536,0.42336,0,0,18.483,0.42336,442.007,0,1.02816,0,0,2.09212,1.06396,1.028160,1,0,144.143,0,0,0,144.143,0
72.29,2.81555,0,0,5.85901,0.32129,2.72217,3.6288,61.308,0.371497,0,0,1.45543,0.179133,0.904795,0.66528,12.849,1,0.500442,2.72217,0,97.4765,3.66461,96.0336,0.84672,12.849,0.84672,3695.15,0,18.483,0.111998,1.93673,1.72215,13.3497,0.891981,16.0046,0.42336,0,0,18.483,0.42336,442.007,0,1.02816,0,0,2.96489,1.93673,1.028160,1,0,112.943,0,0,0,112.943,0
72.29,2.81572,0,0,5.3687,0.315124,2.23785,3.6288,61.308,0.371569,0,0,1.45289,0.212451,0.868875,0.66528,12.849,1,0.500473,2.23785,0,98.0666,4.40507,95.3989,0.84672,12.849,0.84672,3695.15,0,18.483,0.11202,1.60274,1.78932,11.9601,1.09382,14.1463,0.42336,0,0,18.483,0.42336,442.007,0,1.02816,0,0,2.6309,1.60274,1.028160,1,0,110.414,0,0,0,110.414,0
72.29,2.8159,0,0,8.09762,0.315124,4.9666,3.6288,61.308,0.371641,0,0,2.18176,0.212451,1.59766,0.66528,12.849,1,0.500504,4.9666,0,109.782,4.40507,109.843,0.84672,12.849,0.84672,3695.15,0,18.483,0.112041,2.64912,1.78943,13.4691,1.09382,16.7018,0.42336,0,0,18.483,0.42336,442.007,0,1.02816,0,0,3.67728,2.64912,1.028160,1,0,128.143,0,0,0,128.143,0
72.29,2.81607,0,0,7.76847,0.315124,4.63727,3.6288,61.308,0.371712,0,0,2.44025,0.212451,1.85608,0.66528,12.849,1,0.500535,4.63727,0,115.688,4.40507,115.42,0.84672,12.849,0.84672,3695.15,0,18.483,0.112063,3.15045,1.78954,18.9898,1.09382,22.7239,0.42336,0,0,18.483,0.42336,442.007,0,1.02816,0,0,4.17861,3.15045,1.028160,1,0,140,0,0,0,140,0
72.29,2.77743,0,0,5.64497,0.294994,2.57255,3.6288,61.308,0.354338,0,0,1.49211,0.19378,0.943993,0.66528,12.849,1,0.493667,2.57255,0,87.6432,4.11316,85.6089,0.84672,12.849,0.84672,3695.15,0,18.483,0.106825,1.19256,1.78965,12.7308,1.07936,14.5268,0.42336,0,0,18.483,0.42336,442.007,0,1.02816,0,0,2.22072,1.19256,1.028160,1,0,101.08,0,0,0,101.08,0
72.144,2.7776,0,0,3.28484,0.290344,0.36288,3.6288,61.308,0.354409,0,0,1.01802,0.204245,0.459363,0.66528,12.849,1,0.493698,0.36288,0,49.1639,4.13858,44.8945,0.84672,12.849,0.84672,3695.15,0,18.483,0.106846,0.646903,1.76365,8.15363,1.08118,9.37616,0.42336,0,0,18.483,0.42336,442.007,0,1.02816,0,0,1.67506,0.646903,1.028160,1,0,54.7301,0,0,0,54.7301,0
72.29,2.77693,0,0,4.79531,0.290022,1.58238,3.6288,61.308,0.35448,0,0,1.19127,0.204245,0.632541,0.66528,12.849,1,0.494576,1.58238,0,57.9486,4.13858,54.8978,0.84672,12.849,0.84672,3695.15,0,18.483,0.106868,0.844353,1.76376,7.34253,1.08118,8.7626,0.42336,0,0,18.483,0.42336,442.007,0,1.02816,0,0,1.87251,0.844353,1.028160,1,0,64.2929,0,0,0,64.2929,0
72.29,2.77795,0,0,3.57788,0.252288,0.547642,3.6288,61.308,0.354551,0,0,1.08964,0.213171,0.521921,0.66528,12.849,1,0.493759,0.547642,0,56.2394,4.40947,51.8838,0.84672,12.849,0.84672,3695.15,0,18.483,0.106889,0.65696,1.76387,6.53846,1.03103,7.82137,0.42336,0,0,18.483,0.42336,442.007,0,1.02816,0,0,1.68512,0.65696,1.028160,1,0,60.2271,0,0,0,60.2271,0
71.8736,2.9099,0,0,3.08241,0.226059,0.36288,3.6288,61.308,0.416505,0,0,0.970929,0.217053,0.33737,0.66528,12.849,1,0.517213,0.36288,0,44.7771,4.56736,40.0554,0.84672,12.849,0.84672,3695.15,0,18.483,0.125567,0.496653,1.76398,6.02777,1.05428,7.10856,0.42336,0,0,18.483,0.42336,442.007,0,1.02816,0,0,1.52481,0.496653,1.028160,1,0,47.5014,0,0,0,47.5014,0
71.5347,2.90754,0,0,3.12949,0.197915,0.36288,3.6288,61.308,0.41658,0,0,0.99722,0.217833,0.362807,0.66528,12.849,1,0.519788,0.36288,0,42.3446,4.69119,37.4965,0.84672,12.849,0.84672,3695.15,0,18.483,0.12559,0.610088,1.8554,5.9842,1.16253,7.16157,0.42336,0,0,18.483,0.42336,442.007,0,1.02816,0,0,1.63825,0.610088,1.028160,1,0,45.0209,0,0,0,45.0209,0
71.1385,2.90563,0,0,3.06967,0.197404,0.36288,3.6288,61.308,0.416655,0,0,0.92308,0.217833,0.288592,0.66528,12.849,1,0.521907,0.36288,0,39.7611,4.69119,34.9109,0.84672,12.849,0.84672,3695.15,0,18.483,0.125612,0.443526,1.85552,5.52293,1.16253,6.53383,0.42336,0,0,18.483,0.42336,442.007,0,1.02816,0,0,1.47169,0.443526,1.028160,1,0,41.7333,0,0,0,41.7333,0
70.3613,2.90335,0,0,2.67871,0.189672,0.36288,3.6288,61.308,0.416729,0,0,0.857995,0.222555,0.218711,0.66528,12.849,1,0.524402,0.36288,0,35.5382,4.74474,30.632,0.84672,12.849,0.84672,3695.15,0,18.483,0.125635,0.346343,1.85563,5.34177,1.17621,6.2419,0.42336,0,0,18.483,0.42336,442.007,0,1.02816,0,0,1.3745,0.346343,1.028160,1,0,37.0926,0,0,0,37.0926,0
69.4765,2.89863,0,0,2.52269,0.145987,0.36288,3.6288,61.308,0.430002,0,0,0.82226,0.250885,0.141373,0.66528,12.849,1,0.529333,0.36288,0,31.8677,5.06604,26.6352,0.84672,12.849,0.84672,3695.15,0,18.483,0.129636,0.30119,1.85575,5.05204,1.2583,5.82104,0.42336,0,0,18.483,0.42336,442.007,0,1.01098,0,0,1.31217,0.30119,1.028160,1,0,32.5976,0,0,0,32.5976,0
69.4468,2.86721,0,0,3.33784,0.13745,0.36288,3.6288,61.308,0.450902,0,0,1.10365,0.248298,0.404448,0.66528,12.849,1,0.530263,0.36288,0,49.3866,4.99075,44.2284,0.84672,12.849,0.84672,3695.15,0,18.483,0.135937,1.5134,1.85586,5.65015,1.20108,7.68239,0.42336,0,0,18.483,0.42336,442.007,0,1.02816,0,0,2.54156,1.5134,1.028160,1,0,52.3153,0,0,0,52.3153,0
69.1913,2.8672,0,0,3.112,0.137419,0.36288,3.6288,61.308,0.450978,0,0,1.06045,0.248298,0.361171,0.66528,12.849,1,0.530487,0.36288,0,48.7334,4.99075,43.575,0.84672,12.849,0.84672,3695.15,0,18.483,0.13596,1.41097,1.88443,5.77342,1.20108,7.73178,0.42336,0,0,18.483,0.42336,442.007,0,1.02816,0,0,2.43913,1.41097,1.028160,1,0,51.668,0,0,0,51.668,0
68.6446,2.86572,0,0,2.81902,0.137146,0.36288,3.6288,61.308,0.451055,0,0,1.01333,0.248298,0.31398,0.66528,12.849,1,0.532172,0.36288,0,47.8925,4.99075,42.7324,0.84672,12.849,0.84672,3695.15,0,18.483,0.135983,1.28977,1.88455,5.45418,1.20108,7.29144,0.42336,0,0,18.483,0.42336,442.007,0,1.02816,0,0,2.31793,1.28977,1.028160,1,0,50.3378,0,0,0,50.3378,0
67.8542,2.86233,0,0,2.56676,0.131935,0.36288,3.6288,61.308,0.451132,0,0,0.958323,0.259267,0.247924,0.66528,12.849,1,0.535775,0.36288,0,42.1596,5.1319,36.8548,0.84672,12.849,0.84672,3695.15,0,18.483,0.136006,1.06836,1.88467,5.29371,1.25261,6.85813,0.42336,0,0,18.483,0.42336,442.007,0,1.02816,0,0,2.09652,1.06836,1.028160,1,0,43.9608,0,0,0,43.9608,0
66.7072,2.92394,0,0,2.24328,0.103439,0.36288,3.6288,61.308,0.481538,0,0,0.824662,0.311181,0.0319435,0.66528,12.849,1,0.553683,0.36288,0,34.8458,5.70377,28.9512,0.84672,12.849,0.84672,3695.15,0,18.483,0.145173,0.844318,1.88478,4.0617,1.47001,5.17561,0.42336,0,0,18.483,0.42336,442.007,0,1.02816,0,0,1.87248,0.844318,1.028160,1,0,34.1588,0,0,0,34.1588,0
65.7577,2.91614,0,0,2.43201,0.102446,0.36288,3.6288,61.308,0.481617,0,0,1.00733,0.300755,0.224957,0.66528,12.849,1,0.5617,0.36288,0,42.8432,5.49749,37.1469,0.84672,12.849,0.84672,3695.15,0,18.483,0.145197,0.964241,1.93026,3.8276,1.40122,5.17568,0.42336,0,0,18.483,0.42336,442.007,0,1.02816,0,0,1.9924,0.964241,1.028160,1,0,42.5475,0,0,0,42.5475,0
64.5973,2.90953,0,0,2.21368,0.101675,0.36288,3.6288,61.308,0.481695,0,0,0.830857,0.300755,0.0484068,0.66528,12.849,1,0.56852,0.36288,0,34.5076,5.49749,28.8045,0.84672,12.849,0.84672,3695.15,0,18.483,0.14522,1.00728,1.93038,3.55672,1.40122,4.94793,0.42336,0,0,18.483,0.42336,442.007,0,1.02816,0,0,2.03544,1.00728,1.028160,1,0,33.8009,0,0,0,33.8009,0
63.2459,2.9012,0,0,2.01334,0.100733,0.36288,3.6288,61.2993,0.481774,0,0,0.773781,0.300755,0,0.66528,12.849,1,0.577074,0.36288,0,32.1689,5.49749,26.4572,0.84672,12.849,0.84672,3695.15,0,18.483,0.145244,0.690016,1.9305,3.16972,1.40122,4.24377,0.42336,0,0,18.483,0.42336,442.007,0,1.02816,0,0,1.71818,0.690016,1.028160,1,0,30.701,0,0,0,30.701,0
61.8271,3.08421,0,0,2.12092,0.0926039,0.36288,3.6288,61.308,0.591334,0,0,0.913671,0.306277,0.0073124,0.66528,12.849,1,0.626587,0.36288,0,33.0032,5.61128,27.1283,0.84672,12.849,0.84672,3695.15,0,18.483,0.178299,1.16065,1.93062,4.15164,1.44563,5.61897,0.42336,0,0,18.483,0.42336,442.007,0,1.02816,0,0,2.18881,1.16065,1.028160,1,0,32.7546,0,0,0,32.7546,0
59.9302,3.0725,0,0,1.65148,0.11299,0.36288,3.6288,61.2731,0.591439,0,0,0.859801,0.303272,0,0.66528,12.849,1,0.638531,0.36288,0,33.4136,5.24716,27.8907,0.84672,12.849,0.84672,3695.15,0,18.483,0.178306,1.09524,2.08438,2.59889,1.50294,4.09726,0.42336,0,0,18.483,0.42336,442.007,0,1.02816,0,0,2.1234,1.09524,1.028160,1,0,31.988,0,0,0,31.988,0
57.8808,3.05604,0,0,1.48068,0.111173,0.36288,3.6288,61.1578,0.591446,0,0,0.779388,0.303205,0,0.66528,12.849,1,0.655214,0.36288,0,29.8286,5.24716,24.2891,0.84672,12.849,0.84672,3695.15,0,18.483,0.178409,0.95739,2.08451,2.5343,1.50294,3.89485,0.42336,0,0,18.483,0.42336,442.007,0,1.02816,0,0,1.98555,0.95739,1.028160,1,0,28.1839,0,0,0,28.1839,0
56.1439,3.03725,0,0,1.77221,0.108992,0.36288,3.6288,61.1008,0.591273,0,0,0.837268,0.302984,0,0.66528,12.849,1,0.67424,0.36288,0,30.8708,5.24716,25.3123,0.84672,12.849,0.84672,3695.15,0,18.483,0.178694,1.1282,2.08464,2.77982,1.50294,4.31103,0.42336,0,0,18.483,0.42336,442.007,0,1.02816,0,0,2.15636,1.1282,1.028160,1,0,29.6233,0,0,0,29.6233,0
55.6615,3.02046,0,0,3.03029,0.129364,0.36288,3.6288,61.2875,0.591231,0,0,1.0754,0.297518,0,0.66528,12.849,1,0.691257,0.36288,0,51.303,5.09874,45.8759,0.84672,12.849,0.84672,3695.15,0,18.483,0.178847,1.48359,2.08477,3.07704,1.48474,4.98181,0.42336,0,0,18.483,0.42336,442.007,0,1.02816,0,0,2.51175,1.48359,1.028160,1,0,50.8577,0,0,0,50.8577,0
56.1699,2.92376,0,0,3.89098,0.0959125,0.36288,3.6288,61.308,0.525257,0,0,1.29012,0.289833,0.454527,0.66528,12.849,1,0.674927,0.36288,0,49.8107,4.81548,44.6832,0.84672,12.849,0.84672,3695.15,0,18.483,0.158406,2.90715,2.08489,4.54562,1.4761,7.90315,0.42336,0,0,18.483,0.42336,442.007,0,1.02816,0,0,3.93531,2.90715,1.028160,1,0,53.0409,0,0,0,53.0409,0
54.4008,2.92892,0,0,1.61466,0.0919255,0.36288,3.6288,61.181,0.525379,0,0,0.688349,0.289978,0,0.66528,12.849,1,0.669997,0.36288,0,40.8422,4.73361,35.8015,0.84672,12.849,0.84672,3695.15,0,18.483,0.15839,1.10189,1.99695,2.34022,1.47648,3.80419,0.42336,0,0,18.483,0.42336,442.007,0,1.02816,0,0,2.13005,1.10189,1.028160,1,0,39.6057,0,0,0,39.6057,0
52.8634,2.91147,0,0,1.82721,0.0903112,0.36288,3.6288,61.1729,0.525208,0,0,0.806891,0.289746,0,0.66528,12.849,1,0.687664,0.36288,0,32.7863,4.73361,27.7279,0.84672,12.849,0.84672,3695.15,0,18.483,0.158667,0.976882,1.99707,2.60598,1.47648,3.94479,0.42336,0,0,18.483,0.42336,442.007,0,1.02816,0,0,2.00504,0.976882,1.028160,1,0,31.6727,0,0,0,31.6727,0
54.6511,2.89556,0,0,5.24313,0.196947,0.36288,3.6288,61.308,0.525273,0,0,1.48307,0.304155,0.518575,0.66528,12.849,1,0.703796,0.36288,0,54.405,3.98768,50.0764,0.84672,12.849,0.84672,3695.15,0,18.483,0.158708,4.15041,1.9972,5.81717,1.30451,10.5016,0.42336,0,0,18.483,0.42336,442.007,0,1.02816,0,0,5.17857,4.15041,1.028160,1,0,61.0965,0,0,0,61.0965,0
53.424,2.8391,0,0,2.18034,0.205529,0.36288,3.6288,61.2787,0.465091,0,0,0.712948,0.277161,0,0.66528,12.849,1,0.667498,0.36288,0,50.3654,4.08362,45.9772,0.84672,12.849,0.84672,3695.15,0,18.483,0.140215,0.597031,1.99732,3.37178,1.18047,4.64544,0.42336,0,0,18.483,0.42336,442.007,0,1.02816,0,0,1.62519,0.597031,1.028160,1,0,50.6226,0,0,0,50.6226,0
51.2623,2.82691,0,0,1.24839,0.220295,0.36288,3.6288,60.5158,0.901043,0,0,0.371632,0.233526,0,0.66528,12.849,1,0.6799,0.36288,0,27.1648,4.09657,22.7512,0.84672,12.849,0.84672,3695.15,0,18.483,0.271774,0.216518,1.91915,3.60481,1.01106,4.45765,0.42336,0,0,18.483,0.42336,442.007,0,0.46075,0,0,0.677269,0.216518,1.028160,1,0,27.2088,0,0,0,27.2088,0
50.9795,2.80416,0,0,3.09973,0.215435,0.36288,3.6288,60.8052,0.46384,0,0,0.985681,0.232399,0,0.66528,12.849,1,0.702869,0.36288,0,44.8548,4.09657,40.4183,0.84672,12.849,0.84672,3695.15,0,18.483,0.141668,0.844076,1.91927,5.51435,1.01106,7.12497,0.42336,0,0,18.483,0.42336,442.007,0,1.02816,0,0,1.87224,0.844076,1.028160,1,0,47.5432,0,0,0,47.5432,0
51.9149,2.80122,0,0,4.31431,0.2148,0.36288,3.6288,61.308,0.464435,0,0,1.36695,0.232827,0.16689,0.66528,12.849,1,0.706026,0.36288,0,67.6996,4.09657,63.2599,0.84672,12.849,0.84672,3695.15,0,18.483,0.141175,2.3227,1.91939,7.4686,1.01106,10.5585,0.42336,0,0,18.483,0.42336,442.007,0,1.02816,0,0,3.35086,2.3227,1.028160,1,0,73.9852,0,0,0,73.9852,0
53.4581,2.59985,0,0,4.76155,0.25564,0.36288,3.6288,61.308,0.339302,0,0,1.36091,0.243679,0.777932,0.66528,12.849,1,0.643464,0.36288,0,43.6651,3.71186,39.6727,0.84672,12.849,0.84672,3695.15,0,18.483,0.102292,1.77065,1.91951,6.60637,0.861558,9.33267,0.42336,0,0,18.483,0.42336,442.007,0,1.02816,0,0,2.79881,1.77065,1.028160,1,0,49.7833,0,0,0,49.7833,0
56.1323,2.61498,0,0,5.899,0.246916,0.36288,3.6288,61.308,0.339371,0,0,1.86127,0.207191,1.31471,0.66528,12.849,1,0.628528,0.36288,0,76.4752,3.98276,72.2268,0.84672,12.849,0.84672,3695.15,0,18.483,0.102313,3.06236,1.74333,8.85826,0.85548,12.7062,0.42336,0,0,18.483,0.42336,442.007,0,1.02816,0,0,4.09052,3.06236,1.028160,1,0,86.2477,0,0,0,86.2477,0
56.7129,2.63951,0,0,3.83656,0.253652,0.36288,3.6288,61.308,0.339441,0,0,1.56557,0.207191,1.01894,0.66528,12.849,1,0.604199,0.36288,0,71.3016,3.98276,67.0775,0.84672,12.849,0.84672,3695.15,0,18.483,0.102334,2.60887,1.74344,5.5295,0.85548,8.92399,0.42336,0,0,18.483,0.42336,442.007,0,1.02816,0,0,3.63703,2.60887,1.028160,1,0,77.0205,0,0,0,77.0205,0
57.526,2.64472,0,0,4.07589,0.255114,0.36288,3.6288,61.308,0.339511,0,0,1.43271,0.207191,0.886009,0.66528,12.849,1,0.599194,0.36288,0,84.6124,3.98276,80.3933,0.84672,12.849,0.84672,3695.15,0,18.483,0.102355,2.29268,1.74354,6.27148,0.85548,9.34988,0.42336,0,0,18.483,0.42336,442.007,0,1.02816,0,0,3.32084,2.29268,1.028160,1,0,90.6292,0,0,0,90.6292,0
57.5774,2.65181,0,0,3.31703,0.250949,0.36288,3.6288,61.308,0.339581,0,0,1.42917,0.261452,0.828135,0.66528,12.849,1,0.592307,0.36288,0,75.2017,5.30859,69.6637,0.84672,12.849,0.84672,3695.15,0,18.483,0.102376,1.82278,1.74365,5.51448,1.45784,7.52069,0.42336,0,0,18.483,0.42336,442.007,0,1.02816,0,0,2.85094,1.82278,1.028160,1,0,78.0125,0,0,0,78.0125,0
60.7693,2.65224,0,0,6.45688,0.249881,0.36288,3.6288,61.308,0.339581,0,0,2.26488,0.214637,1.71066,0.66528,12.849,1,0.591874,0.36288,0,114.422,4.07401,110.119,0.84672,12.849,0.84672,3695.15,0,18.483,0.102376,2.61149,1.74376,13.8644,1.11959,16.9977,0.42336,0,0,18.483,0.42336,442.007,0,1.02816,0,0,3.63965,2.61149,1.028160,1,0,128.827,0,0,0,128.827,0
60.9923,2.76195,0,0,3.60492,0.257057,0.36288,3.6288,61.308,0.376173,0,0,1.29786,0.195911,0.725774,0.66528,12.849,1,0.583984,0.36288,0,100.284,3.58019,96.4832,0.84672,12.849,0.84672,3695.15,0,18.483,0.113408,1.91328,1.74376,10.1527,0.984294,12.712,0.42336,0,0,18.483,0.42336,442.007,0,1.02816,0,0,2.94144,1.91328,1.028160,1,0,109.921,0,0,0,109.921,0
60.5906,2.76387,0,0,2.98252,0.257533,0.36288,3.6288,61.308,0.376236,0,0,1.1289,0.195911,0.556755,0.66528,12.849,1,0.582252,0.36288,0,82.2234,3.58019,78.4239,0.84672,12.849,0.84672,3695.15,0,18.483,0.113427,1.50752,1.79963,7.94413,0.984294,10.1536,0.42336,0,0,18.483,0.42336,442.007,0,1.02816,0,0,2.53568,1.50752,1.028160,1,0,89.1342,0,0,0,89.1342,0
60.3654,2.76083,0,0,3.21574,0.317179,0.36288,3.6288,61.308,0.376299,0,0,1.4283,0.197394,0.854603,0.66528,12.849,1,0.585469,0.36288,0,75.5559,3.77549,71.5579,0.84672,12.849,0.84672,3695.15,0,18.483,0.113446,1.66418,1.79973,8.45778,1.05516,10.7531,0.42336,0,0,18.483,0.42336,442.007,0,1.02816,0,0,2.69234,1.66418,1.028160,1,0,83.1656,0,0,0,83.1656,0
60.3848,2.75918,0,0,3.44655,0.305126,0.36288,3.6288,61.308,0.376362,0,0,1.2574,0.185428,0.695606,0.66528,12.849,1,0.587301,0.36288,0,86.1831,3.55877,82.3999,0.84672,12.849,0.84672,3695.15,0,18.483,0.113465,1.45009,1.79983,8.54963,0.833713,10.8524,0.42336,0,0,18.483,0.42336,442.007,0,1.02816,0,0,2.47825,1.45009,1.028160,1,0,93.9479,0,0,0,93.9479,0
60.7227,3.02864,0,0,4.0029,0.273485,0.36288,3.6288,61.308,0.513571,0,0,1.54956,0.192564,0.843423,0.66528,12.849,1,0.644449,0.36288,0,99.2563,4.11758,94.8572,0.84672,12.849,0.84672,3695.15,0,18.483,0.15483,1.58581,1.79993,12.199,1.06186,14.368,0.42336,0,0,18.483,0.42336,442.007,0,1.02816,0,0,2.61397,1.58581,1.028160,1,0,110.069,0,0,0,110.069,0
60.7325,3.03176,0,0,3.67868,0.274256,0.36288,3.6288,61.308,0.513642,0,0,1.39622,0.192564,0.69001,0.66528,12.849,1,0.641524,0.36288,0,90.5973,4.11758,86.2011,0.84672,12.849,0.84672,3695.15,0,18.483,0.154852,1.61643,1.9991,11.3621,1.06186,13.7609,0.42336,0,0,18.483,0.42336,442.007,0,1.02816,0,0,2.64459,1.61643,1.028160,1,0,100.652,0,0,0,100.652,0
61.3778,3.03201,0,0,4.31446,0.274278,0.36288,3.6288,61.308,0.513712,0,0,1.47759,0.192564,0.771311,0.66528,12.849,1,0.641474,0.36288,0,108.288,4.11758,103.892,0.84672,12.849,0.84672,3695.15,0,18.483,0.154873,1.60917,1.99921,11.9707,1.06186,14.3624,0.42336,0,0,18.483,0.42336,442.007,0,1.02816,0,0,2.63733,1.60917,1.028160,1,0,119.025,0,0,0,119.025,0
62.6803,3.03775,0,0,4.98588,0.28276,0.36288,3.6288,61.308,0.513783,0,0,2.46228,0.197505,1.75099,0.66528,12.849,1,0.635931,0.36288,0,131.242,4.22845,126.74,0.84672,12.849,0.84672,3695.15,0,18.483,0.154894,2.84509,1.99932,15.067,1.03278,18.7238,0.42336,0,0,18.483,0.42336,442.007,0,1.02816,0,0,3.87325,2.84509,1.028160,1,0,147.215,0,0,0,147.215,0
65.8842,2.66242,0,0,6.53279,0.30352,0.36288,3.6288,61.308,0.329762,0,0,4.74367,0.209858,4.20405,0.66528,12.849,1,0.545776,0.36288,0,192.165,4.50565,187.476,0.84672,12.849,0.84672,3695.15,0,18.483,0.0994158,5.03133,1.99942,22.7089,0.960085,28.6801,0.42336,0,0,18.483,0.42336,442.007,0,1.02816,0,0,6.05949,5.03133,1.028160,1,0,220.36,0,0,0,220.36,0
69.1197,2.68477,0,0,6.59457,0.311479,0.36288,3.6288,61.308,0.329822,0,0,4.32117,0.209858,3.78149,0.66528,12.849,1,0.523595,0.36288,0,200.287,4.50565,195.621,0.84672,12.849,0.84672,3695.15,0,18.483,0.0994341,4.96873,1.72715,24.0881,0.960085,29.7244,0.42336,0,0,18.483,0.42336,442.007,0,1.02816,0,0,5.99689,4.96873,1.028160,1,0,229.127,0,0,0,229.127,0
72.0756,2.70559,0,0,6.28863,0.264238,0.36288,3.6288,61.308,0.329883,0,0,3.86615,0.179777,3.35649,0.66528,12.849,1,0.502955,0.36288,0,210.02,4.06968,205.81,0.84672,12.849,0.84672,3695.15,0,18.483,0.0994524,4.91573,1.72725,23.9878,0.897458,29.6339,0.42336,0,0,18.483,0.42336,442.007,0,1.02816,0,0,5.94389,4.91573,1.028160,1,0,238.801,0,0,0,238.801,0
72.29,2.72324,0,0,5.42542,0.312677,2.17512,3.6288,61.308,0.329943,0,0,3.20344,0.178946,2.69455,0.66528,12.849,1,0.485475,2.17512,0,175.224,4.4514,172.463,0.84672,12.849,0.84672,3695.15,0,18.483,0.0994706,3.73965,1.72734,18.2121,0.947187,22.6324,0.42336,0,0,18.483,0.42336,442.007,0,1.02816,0,0,4.76781,3.73965,1.028160,1,0,197.79,0,0,0,197.79,0
72.29,2.72461,0,0,3.84519,0.30226,0.81832,3.6288,61.308,0.330004,0,0,2.63864,0.210649,2.09799,0.66528,12.849,1,0.484279,0.81832,0,100.404,4.56712,96.1706,0.84672,12.849,0.84672,3695.15,0,18.483,0.0994889,2.81153,1.72743,12.0452,1.00895,15.4757,0.42336,0,0,18.483,0.42336,442.007,0,1.02816,0,0,3.83969,2.81153,1.028160,1,0,113.744,0,0,0,113.744,0
72.29,2.82431,0,0,4.14512,0.29863,1.02217,3.6288,61.308,0.375113,0,0,2.68544,0.215621,2.09471,0.66528,12.849,1,0.502,1.02217,0,132.993,4.57096,128.942,0.84672,12.849,0.84672,3695.15,0,18.483,0.113088,3.00066,1.72753,12.7221,1.01717,16.3201,0.42336,0,0,18.483,0.42336,442.007,0,1.02816,0,0,4.02882,3.00066,1.028160,1,0,147.357,0,0,0,147.357,0
72.29,2.82447,0,0,4.13305,0.29863,1.00995,3.6288,61.308,0.375176,0,0,2.59018,0.215621,1.99938,0.66528,12.849,1,0.502027,1.00995,0,136.626,4.57096,132.563,0.84672,12.849,0.84672,3695.15,0,18.483,0.113107,2.91571,1.79489,12.6862,1.01717,16.2665,0.42336,0,0,18.483,0.42336,442.007,0,1.02816,0,0,3.94387,2.91571,1.028160,1,0,150.829,0,0,0,150.829,0
72.29,2.82462,0,0,3.91344,0.275297,0.813529,3.6288,61.308,0.375239,0,0,2.3916,0.254409,1.76196,0.66528,12.849,1,0.502055,0.813529,0,148.834,5.70711,143.439,0.84672,12.849,0.84672,3695.15,0,18.483,0.113126,2.66312,1.79499,11.5151,1.19729,14.6628,0.42336,0,0,18.483,0.42336,442.007,0,1.02816,0,0,3.69128,2.66312,1.028160,1,0,159.864,0,0,0,159.864,0
72.29,2.82477,0,0,3.43491,0.216851,0.393287,3.6288,61.308,0.375302,0,0,1.94843,0.238319,1.33481,0.66528,12.849,1,0.502082,0.393287,0,114.093,4.81239,109.172,0.84672,12.849,0.84672,3695.15,0,18.483,0.113145,2.52375,1.79509,9.16134,1.17297,12.1941,0.42336,0,0,18.483,0.42336,442.007,0,1.02816,0,0,3.55191,2.52375,1.028160,1,0,122.701,0,0,0,122.701,0
72.0145,2.78599,0,0,3.08246,0.209131,0.36288,3.6288,61.308,0.357865,0,0,1.7197,0.231496,1.13034,0.66528,12.849,1,0.495189,0.36288,0,86.9581,4.49389,82.3319,0.84672,12.849,0.84672,3695.15,0,18.483,0.107888,2.3137,1.79518,8.29155,1.18549,11.1071,0.42336,0,0,18.483,0.42336,442.007,0,1.02816,0,0,3.34186,2.3137,1.028160,1,0,94.5693,0,0,0,94.5693,0
71.4082,2.78453,0,0,2.74981,0.208694,0.36288,3.6288,61.308,0.357927,0,0,1.527,0.231496,0.937576,0.66528,12.849,1,0.496823,0.36288,0,74.6885,4.49389,70.0606,0.84672,12.849,0.84672,3695.15,0,18.483,0.107907,1.88514,1.76909,7.2004,1.18549,9.56124,0.42336,0,0,18.483,0.42336,442.007,0,1.02816,0,0,2.9133,1.88514,1.028160,1,0,80.5595,0,0,0,80.5595,0
70.6074,2.78111,0,0,2.53378,0.190564,0.36288,3.6288,61.308,0.357989,0,0,1.39936,0.208741,0.83263,0.66528,12.849,1,0.500425,0.36288,0,69.6635,4.02205,65.5039,0.84672,12.849,0.84672,3695.15,0,18.483,0.107926,1.70805,1.76919,6.48432,1.06582,8.78781,0.42336,0,0,18.483,0.42336,442.007,0,1.02816,0,0,2.73621,1.70805,1.028160,1,0,75.1243,0,0,0,75.1243,0
69.6905,2.77646,0,0,2.39578,0.173356,0.36288,3.6288,61.308,0.358051,0,0,1.31968,0.20234,0.759291,0.66528,12.849,1,0.505254,0.36288,0,63.7867,3.843,59.8013,0.84672,12.849,0.84672,3695.15,0,18.483,0.107944,1.88704,1.76928,6.31169,0.996838,8.86323,0.42336,0,0,18.483,0.42336,442.007,0,1.02816,0,0,2.9152,1.88704,1.028160,1,0,69.4238,0,0,0,69.4238,0
68.5608,2.90244,0,0,2.28847,0.152805,0.36288,3.6288,61.308,0.420186,0,0,1.18301,0.266332,0.496497,0.66528,12.849,1,0.53513,0.36288,0,57.7079,4.89195,52.6437,0.84672,12.849,0.84672,3695.15,0,18.483,0.126677,1.7716,1.76938,6.25183,1.1215,8.54462,0.42336,0,0,18.483,0.42336,442.007,0,1.02816,0,0,2.79976,1.7716,1.028160,1,0,61.6848,0,0,0,61.6848,0
67.2128,2.89517,0,0,2.06156,0.151469,0.36288,3.6288,61.308,0.420251,0,0,1.10176,0.266332,0.415172,0.66528,12.849,1,0.542585,0.36288,0,53.6695,4.89195,48.5979,0.84672,12.849,0.84672,3695.15,0,18.483,0.126696,1.54883,1.86106,5.76556,1.1215,7.92725,0.42336,0,0,18.483,0.42336,442.007,0,1.02816,0,0,2.57699,1.54883,1.028160,1,0,56.9403,0,0,0,56.9403,0
65.8127,2.88619,0,0,1.99882,0.149874,0.36288,3.6288,61.308,0.420317,0,0,1.00755,0.266332,0.320905,0.66528,12.849,1,0.55175,0.36288,0,49.3404,4.89195,44.2596,0.84672,12.849,0.84672,3695.15,0,18.483,0.126716,1.26359,1.86116,5.36264,1.1215,7.23918,0.42336,0,0,18.483,0.42336,442.007,0,1.02816,0,0,2.29175,1.26359,1.028160,1,0,51.8197,0,0,0,51.8197,0
64.2314,2.87653,0,0,1.77891,0.120841,0.36288,3.6288,61.308,0.420382,0,0,0.956344,0.285219,0.250743,0.66528,12.849,1,0.561601,0.36288,0,43.65,5.10615,38.3451,0.84672,12.849,0.84672,3695.15,0,18.483,0.126736,1.16721,1.86126,5.21672,1.17623,6.94223,0.42336,0,0,18.483,0.42336,442.007,0,1.02816,0,0,2.19537,1.16721,1.028160,1,0,45.5381,0,0,0,45.5381,0
63.3245,2.86516,0,0,2.42243,0.101263,0.36288,3.6288,61.308,0.420448,0,0,0.854479,0.270246,0.163785,0.66528,12.849,1,0.573154,0.36288,0,40.2125,5.00625,34.9959,0.84672,12.849,0.84672,3695.15,0,18.483,0.126756,0.916548,1.86137,4.87483,1.31388,6.21211,0.42336,0,0,18.483,0.42336,442.007,0,1.02816,0,0,1.94471,0.916548,1.028160,1,0,41.3718,0,0,0,41.3718,0
62.3289,2.83289,0,0,2.30108,0.100888,0.36288,3.6288,61.308,0.454639,0,0,0.750177,0.265389,0.0301488,0.66528,12.849,1,0.574814,0.36288,0,52.7734,4.96282,47.5986,0.84672,12.849,0.84672,3695.15,0,18.483,0.137063,0.836231,1.86147,5.30094,1.32998,6.5316,0.42336,0,0,18.483,0.42336,442.007,0,1.02816,0,0,1.86439,0.836231,1.028160,1,0,54.1604,0,0,0,54.1604,0
61.0894,2.82543,0,0,2.04883,0.10007,0.36288,3.6288,61.2647,0.454706,0,0,0.676763,0.265389,0,0.66528,12.849,1,0.582458,0.36288,0,54.0998,4.96282,48.9174,0.84672,12.849,0.84672,3695.15,0,18.483,0.137084,0.715064,1.89011,5.29321,1.32998,6.43132,0.42336,0,0,18.483,0.42336,442.007,0,1.02816,0,0,1.74322,0.715064,1.028160,1,0,55.3487,0,0,0,55.3487,0
59.7287,2.81582,0,0,1.9171,0.0990518,0.36288,3.6288,61.1908,0.454699,0,0,0.646142,0.265316,0,0.66528,12.849,1,0.592255,0.36288,0,50.4992,4.96282,45.307,0.84672,12.849,0.84672,3695.15,0,18.483,0.137179,0.675484,1.89021,5.04987,1.32998,6.14841,0.42336,0,0,18.483,0.42336,442.007,0,1.02816,0,0,1.70364,0.675484,1.028160,1,0,51.4554,0,0,0,51.4554,0
58.307,2.80487,0,0,1.8359,0.0898742,0.36288,3.6288,61.0266,0.454639,0,0,0.576118,0.28565,0,0.66528,12.849,1,0.60339,0.36288,0,43.5773,5.28376,38.053,0.84672,12.849,0.84672,3695.15,0,18.483,0.137326,0.56992,1.89031,4.44521,1.437,5.33112,0.42336,0,0,18.483,0.42336,442.007,0,1.02816,0,0,1.59808,0.56992,1.028160,1,0,43.3841,0,0,0,43.3841,0
56.7881,2.85814,0,0,1.79019,0.0880927,0.36288,3.6288,60.7638,0.48481,0,0,0.516463,0.294499,0,0.66528,12.849,1,0.629844,0.36288,0,36.379,5.45832,30.6537,0.84672,12.849,0.84672,3695.15,0,18.483,0.146833,0.59171,1.89042,3.98977,1.49395,4.83111,0.42336,0,0,18.483,0.42336,442.007,0,1.02816,0,0,1.61987,0.59171,1.028160,1,0,35.4848,0,0,0,35.4848,0
55.0548,2.84456,0,0,1.56101,0.086792,0.36288,3.6288,60.4724,0.484392,0,0,0.487029,0.294009,0,0.66528,12.849,1,0.643617,0.36288,0,34.4663,5.45832,28.7273,0.84672,12.849,0.84672,3695.15,0,18.483,0.147341,0.441279,1.93601,3.8123,1.49395,4.5483,0.42336,0,0,18.483,0.42336,442.007,0,1.02816,0,0,1.46944,0.441279,1.028160,1,0,33.2756,0,0,0,33.2756,0
53.2222,2.82829,0,0,1.43962,0.0810755,0.36288,3.6288,60.1711,0.483917,0,0,0.478659,0.296042,0,0.66528,12.849,1,0.660081,0.36288,0,32.5159,5.5331,26.6856,0.84672,12.849,0.84672,3695.15,0,18.483,0.147906,0.37635,1.93612,3.77759,1.50889,4.43326,0.42336,0,0,18.483,0.42336,442.007,0,1.02816,0,0,1.40451,0.37635,1.028160,1,0,31.1188,0,0,0,31.1188,0
51.152,2.81013,0,0,1.17466,0.0718329,0.36288,3.6288,59.8697,0.483419,0,0,0.476604,0.294552,0,0.66528,12.849,1,0.678426,0.36288,0,30.7454,5.69532,24.7345,0.84672,12.849,0.84672,3695.15,0,18.483,0.148494,0.376894,1.93622,3.63325,1.44997,4.34791,0.42336,0,0,18.483,0.42336,442.007,0,1.02816,0,0,1.40505,0.376894,1.028160,1,0,29.0824,0,0,0,29.0824,0
49.1854,2.97456,0,0,1.44857,0.0777588,0.36288,3.6288,59.481,0.592132,0,0,0.535803,0.332433,0,0.66528,12.849,1,0.747186,0.36288,0,34.3424,6.04905,27.9091,0.84672,12.849,0.84672,3695.15,0,18.483,0.182803,0.581014,1.93633,3.62928,1.52908,4.43473,0.42336,0,0,18.483,0.42336,442.007,0,1.02816,0,0,1.60917,0.581014,1.028160,1,0,32.3438,0,0,0,32.3438,0
47.0822,2.95103,0,0,1.28685,0.0761588,0.36288,3.6288,59.0379,0.591295,0,0,0.479803,0.331608,0,0.66528,12.849,1,0.770915,0.36288,0,30.695,6.04905,24.2379,0.84672,12.849,0.84672,3695.15,0,18.483,0.183738,0.491089,2.09053,3.5443,1.52908,4.4131,0.42336,0,0,18.483,0.42336,442.007,0,1.02816,0,0,1.51925,0.491089,1.028160,1,0,28.651,0,0,0,28.651,0
45.1185,2.92413,0,0,1.39777,0.0744332,0.36288,3.6288,58.6024,0.590319,0,0,0.485493,0.330668,0,0.66528,12.849,1,0.798012,0.36288,0,29.3362,6.04905,22.852,0.84672,12.849,0.84672,3695.15,0,18.483,0.184811,0.502381,2.09064,3.7646,1.52908,4.64373,0.42336,0,0,18.483,0.42336,442.007,0,1.02816,0,0,1.53054,0.502381,1.028160,1,0,27.4957,0,0,0,27.4957,0
43.9327,2.89726,0,0,2.15895,0.0846885,0.36288,3.6288,58.2704,0.589349,0,0,0.583965,0.326582,0,0.66528,12.849,1,0.82509,0.36288,0,47.3825,5.96,40.9602,0.84672,12.849,0.84672,3695.15,0,18.483,0.185879,0.806527,2.09075,3.97848,1.51816,5.17172,0.42336,0,0,18.483,0.42336,442.007,0,1.02816,0,0,1.83469,0.806527,1.028160,1,0,46.132,0,0,0,46.132,0
43.096,2.88018,0,0,2.47112,0.0647088,0.36288,3.6288,57.9602,0.588619,0,0,0.600388,0.32196,0,0.66528,12.849,1,0.842367,0.36288,0,39.5004,5.96029,33.0606,0.84672,12.849,0.84672,3695.15,0,18.483,0.186706,1.2835,2.09087,4.53089,1.476,6.24255,0.42336,0,0,18.483,0.42336,442.007,0,1.02816,0,0,2.31166,1.2835,1.028160,1,0,39.3031,0,0,0,39.3031,0
42.1692,2.78024,0,0,2.33484,0.118487,0.36288,3.6288,57.8447,0.522139,0,0,0.678593,0.271969,0,0.66528,12.849,1,0.828923,0.36288,0,33.7899,4.73728,28.5866,0.84672,12.849,0.84672,3695.15,0,18.483,0.166506,1.94815,2.09098,5.32814,1.16212,8.03864,0.42336,0,0,18.483,0.42336,442.007,0,1.02816,0,0,2.97631,1.94815,1.028160,1,0,36.6252,0,0,0,36.6252,0
41.2563,2.76643,0,0,2.34055,0.12417,0.36288,3.6288,57.8072,0.521958,0,0,0.759128,0.274719,0,0.66528,12.849,1,0.842932,0.36288,0,38.5339,4.78611,33.2677,0.84672,12.849,0.84672,3695.15,0,18.483,0.16678,2.00129,2.00276,5.83346,1.19008,8.48065,0.42336,0,0,18.483,0.42336,442.007,0,1.02816,0,0,3.02945,2.00129,1.028160,1,0,41.7484,0,0,0,41.7484,0
40.5211,2.76283,0,0,2.51332,0.122849,0.36288,3.6288,57.8089,0.521946,0,0,0.798319,0.274652,0,0.66528,12.849,1,0.84672,0.36288,0,56.6071,4.78611,51.3372,0.84672,12.849,0.84672,3695.15,0,18.483,0.166885,2.22226,2.00287,6.38963,1.19008,9.25779,0.42336,0,0,18.483,0.42336,442.007,0,1.02816,0,0,3.25042,2.22226,1.028160,1,0,60.595,0,0,0,60.595,0
40.0756,2.76303,0,0,2.80009,0.119637,0.36288,3.6288,58.3294,0.52202,0,0,1.31172,0.269127,0,0.66528,12.849,1,0.84672,0.36288,0,112.346,4.85544,107.007,0.84672,12.849,0.84672,3695.15,0,18.483,0.166903,2.82158,2.00298,9.03727,1.17662,12.5183,0.42336,0,0,18.483,0.42336,442.007,0,1.02816,0,0,3.84974,2.82158,1.028160,1,0,119.525,0,0,0,119.525,0
40.4973,2.66997,0,0,3.60041,0.145849,0.36288,3.6288,59.3616,0.463226,0,0,1.70964,0.214226,0,0.66528,12.849,1,0.84672,0.36288,0,73.8765,4.42995,68.9627,0.84672,12.849,0.84672,3695.15,0,18.483,0.146783,1.91723,2.00309,7.56544,1.08797,10.251,0.42336,0,0,18.483,0.42336,442.007,0,1.02816,0,0,2.94539,1.91723,1.028160,1,0,79.2137,0,0,0,79.2137,0
41.6548,2.67016,0,0,4.3802,0.189713,0.36288,3.6288,60.0706,0.46524,0,0,1.33358,0.159359,0,0.66528,12.849,1,0.84672,0.36288,0,95.7061,3.63153,91.5908,0.84672,12.849,0.84672,3695.15,0,18.483,0.144858,2.6872,1.92468,9.16194,1.01464,12.6143,0.42336,0,0,18.483,0.42336,442.007,0,1.02816,0,0,3.71536,2.6872,1.028160,1,0,104.205,0,0,0,104.205,0
43.5925,2.68794,0,0,5.18081,0.192323,0.36288,3.6288,61.0512,0.466615,0,0,1.6073,0.160082,0,0.66528,12.849,1,0.829132,0.36288,0,116.109,3.63153,112.011,0.84672,12.849,0.84672,3695.15,0,18.483,0.143572,3.34229,1.92478,11.473,1.01464,15.5818,0.42336,0,0,18.483,0.42336,442.007,0,1.02816,0,0,4.37045,3.34229,1.028160,1,0,127.593,0,0,0,127.593,0
46.3274,2.71655,0,0,6.01102,0.196692,0.36288,3.6288,61.308,0.468453,0,0,2.32185,0.161082,1.43554,0.66528,12.849,1,0.800711,0.36288,0,135.364,3.63153,131.294,0.84672,12.849,0.84672,3695.15,0,18.483,0.141822,4.3928,1.92489,13.8781,1.01464,19.0393,0.42336,0,0,18.483,0.42336,442.007,0,1.02816,0,0,5.42096,4.3928,1.028160,1,0,151.769,0,0,0,151.769,0
49.0657,2.54632,0,0,5.8878,0.240295,0.36288,3.6288,61.308,0.342518,0,0,1.97938,0.203045,1.43382,0.66528,12.849,1,0.706228,0.36288,0,98.5971,4.02812,94.2256,0.84672,12.849,0.84672,3695.15,0,18.483,0.103262,3.14708,1.92499,10.3025,0.997335,14.274,0.42336,0,0,18.483,0.42336,442.007,0,1.02816,0,0,4.17524,3.14708,1.028160,1,0,109.933,0,0,0,109.933,0
51.675,2.57769,0,0,5.79749,0.247608,0.36288,3.6288,61.308,0.342579,0,0,1.91372,0.203045,1.36809,0.66528,12.849,1,0.67503,0.36288,0,114.828,4.02812,110.488,0.84672,12.849,0.84672,3695.15,0,18.483,0.10328,2.65697,1.74829,10.2977,0.997335,13.6023,0.42336,0,0,18.483,0.42336,442.007,0,1.02816,0,0,3.68513,2.65697,1.028160,1,0,125.458,0,0,0,125.458,0
56.5574,2.60513,0,0,8.10498,0.25452,0.36288,3.6288,61.308,0.34264,0,0,2.53493,0.203045,1.98925,0.66528,12.849,1,0.647767,0.36288,0,130.482,4.02812,126.169,0.84672,12.849,0.84672,3695.15,0,18.483,0.103298,3.63654,1.74839,16.381,0.997335,20.6653,0.42336,0,0,18.483,0.42336,442.007,0,1.02816,0,0,4.6647,3.63654,1.028160,1,0,148.824,0,0,0,148.824,0
58.8394,2.65084,0,0,5.56775,0.272014,0.36288,3.6288,61.308,0.342702,0,0,2.37304,0.201818,1.82852,0.66528,12.849,1,0.602232,0.36288,0,145.594,4.07898,141.276,0.84672,12.849,0.84672,3695.15,0,18.483,0.103317,3.02353,1.74848,9.77288,0.989363,13.4522,0.42336,0,0,18.483,0.42336,442.007,0,1.02816,0,0,4.05169,3.02353,1.028160,1,0,156.557,0,0,0,156.557,0
62.5377,2.67016,0,0,7.00472,0.273418,0.36288,3.6288,61.308,0.342763,0,0,3.36528,0.206602,2.81592,0.66528,12.849,1,0.583093,0.36288,0,195.448,4.15497,191.073,0.84672,12.849,0.84672,3695.15,0,18.483,0.103335,3.17427,1.74858,12.4257,0.921282,16.3239,0.42336,0,0,18.483,0.42336,442.007,0,1.02816,0,0,4.20243,3.17427,1.028160,1,0,210.213,0,0,0,210.213,0
68.8138,2.78345,0,0,9.70937,0.286912,0.36288,3.6288,61.308,0.379449,0,0,2.40562,0.217039,1.80913,0.66528,12.849,1,0.571888,0.36288,0,242.362,4.06704,238.085,0.84672,12.849,0.84672,3695.15,0,18.483,0.114395,6.42841,1.74867,16.7758,0.98868,23.8498,0.42336,0,0,18.483,0.42336,442.007,0,1.02816,0,0,7.45657,6.42841,1.028160,1,0,263.744,0,0,0,263.744,0
71.7733,2.82753,0,0,6.4568,0.306907,0.36288,3.6288,61.308,0.379503,0,0,1.79023,0.21726,1.19346,0.66528,12.849,1,0.52796,0.36288,0,201.648,4.08104,197.402,0.84672,12.849,0.84672,3695.15,0,18.483,0.114412,3.85019,1.80469,10.7011,1.00244,15.2391,0.42336,0,0,18.483,0.42336,442.007,0,1.02816,0,0,4.87835,3.85019,1.028160,1,0,213.835,0,0,0,213.835,0
72.29,2.84613,0,0,5.19451,0.313985,1.5177,3.6288,61.308,0.379557,0,0,1.2156,0.21726,0.618779,0.66528,12.849,1,0.50952,1.5177,0,136.38,4.08104,133.307,0.84672,12.849,0.84672,3695.15,0,18.483,0.114428,1.80397,1.80477,6.11891,1.00244,8.61078,0.42336,0,0,18.483,0.42336,442.007,0,1.02816,0,0,2.83213,1.80397,1.028160,1,0,142.537,0,0,0,142.537,0
72.29,2.84935,0,0,6.12939,0.330505,2.94953,3.6288,61.308,0.379612,0,0,1.73836,0.188672,1.17008,0.66528,12.849,1,0.506451,2.94953,0,164.821,3.67634,163.588,0.84672,12.849,0.84672,3695.15,0,18.483,0.114444,2.24281,1.80486,8.92003,0.910204,11.943,0.42336,0,0,18.483,0.42336,442.007,0,1.02816,0,0,3.27097,2.24281,1.028160,1,0,176.701,0,0,0,176.701,0
72.29,3.12742,0,0,10.2704,0.29994,6.84301,3.6288,61.308,0.517193,0,0,3.89064,0.179458,3.19398,0.66528,12.849,1,0.555875,6.84301,0,268.714,3.95272,271.049,0.84672,12.849,0.84672,3695.15,0,18.483,0.155922,4.71035,1.80494,21.6806,0.988967,27.051,0.42336,0,0,18.483,0.42336,442.007,0,1.02816,0,0,5.73851,4.71035,1.028160,1,0,301.294,0,0,0,301.294,0
72.29,3.12756,0,0,8.2404,0.29994,4.8129,3.6288,61.308,0.517254,0,0,3.47663,0.179458,2.77992,0.66528,12.849,1,0.555901,4.8129,0,201.369,3.95272,201.673,0.84672,12.849,0.84672,3695.15,0,18.483,0.155941,4.56248,2.00465,18.1252,0.988967,23.5474,0.42336,0,0,18.483,0.42336,442.007,0,1.02816,0,0,5.59064,4.56248,1.028160,1,0,228.001,0,0,0,228.001,0
72.29,3.12771,0,0,7.73021,0.295438,4.30706,3.6288,61.308,0.517315,0,0,3.48477,0.155363,2.81209,0.66528,12.849,1,0.555926,4.30706,0,190.791,3.47565,191.067,0.84672,12.849,0.84672,3695.15,0,18.483,0.155959,4.85825,2.00475,18.4247,0.833973,24.2978,0.42336,0,0,18.483,0.42336,442.007,0,1.02816,0,0,5.88641,4.85825,1.028160,1,0,218.176,0,0,0,218.176,0
72.29,3.12785,0,0,6.20235,0.277403,2.7971,3.6288,61.308,0.517375,0,0,3.09549,0.174626,2.40349,0.66528,12.849,1,0.555952,2.7971,0,149.678,3.66774,148.252,0.84672,12.849,0.84672,3695.15,0,18.483,0.155977,3.90749,2.00484,14.4975,0.845609,19.4082,0.42336,0,0,18.483,0.42336,442.007,0,1.02816,0,0,4.93565,3.90749,1.028160,1,0,170.064,0,0,0,170.064,0
72.29,2.7315,0,0,3.7624,0.316064,0.714831,3.6288,61.308,0.332839,0,0,1.48558,0.192007,0.960733,0.66528,12.849,1,0.485504,0.714831,0,94.7989,4.03683,90.9914,0.84672,12.849,0.84672,3695.15,0,18.483,0.100344,1.63224,2.00493,9.84891,0.963753,12.422,0.42336,0,0,18.483,0.42336,442.007,0,1.02816,0,0,2.6604,1.63224,1.028160,1,0,104.374,0,0,0,104.374,0
72.29,2.73163,0,0,4.05873,0.316064,1.01103,3.6288,61.308,0.332891,0,0,1.76653,0.192007,1.24163,0.66528,12.849,1,0.485527,1.01103,0,107.374,4.03683,103.863,0.84672,12.849,0.84672,3695.15,0,18.483,0.100359,1.74025,1.7319,8.00885,0.963753,10.4169,0.42336,0,0,18.483,0.42336,442.007,0,1.02816,0,0,2.76841,1.74025,1.028160,1,0,115.522,0,0,0,115.522,0
72.29,2.73176,0,0,6.32331,0.313333,3.27821,3.6288,61.308,0.332943,0,0,2.74275,0.169098,2.24071,0.66528,12.849,1,0.485549,3.27821,0,198.517,3.67821,197.631,0.84672,12.849,0.84672,3695.15,0,18.483,0.100375,4.28559,1.73198,16.8846,0.902333,21.8995,0.42336,0,0,18.483,0.42336,442.007,0,1.02816,0,0,5.31375,4.28559,1.028160,1,0,221.772,0,0,0,221.772,0
72.29,2.73189,0,0,5.67044,0.311284,2.62727,3.6288,61.308,0.332995,0,0,2.02954,0.151917,1.54463,0.66528,12.849,1,0.485572,2.62727,0,198.723,3.40925,197.456,0.84672,12.849,0.84672,3695.15,0,18.483,0.100391,3.34993,1.73206,11.0983,0.856268,15.2236,0.42336,0,0,18.483,0.42336,442.007,0,1.02816,0,0,4.37809,3.34993,1.028160,1,0,214.224,0,0,0,214.224,0
72.29,2.73201,0,0,4.29329,0.352076,1.2092,3.6288,61.308,0.333048,0,0,2.57365,0.160743,2.07986,0.66528,12.849,1,0.485595,1.2092,0,173.874,3.55625,171.041,0.84672,12.849,0.84672,3695.15,0,18.483,0.100406,2.50832,1.73214,13.5892,0.961164,16.7681,0.42336,0,0,18.483,0.42336,442.007,0,1.02816,0,0,3.53648,2.50832,1.028160,1,0,189.889,0,0,0,189.889,0
72.29,2.83197,0,0,3.59885,0.368393,0.398485,3.6288,61.308,0.37827,0,0,2.74114,0.164273,2.1986,0.66528,12.849,1,0.503361,0.398485,0,91.3473,3.61504,87.6273,0.84672,12.849,0.84672,3695.15,0,18.483,0.11404,2.75318,1.73222,10.9049,1.00312,14.2731,0.42336,0,0,18.483,0.42336,442.007,0,1.02816,0,0,3.78134,2.75318,1.028160,1,0,104.099,0,0,0,104.099,0
72.29,2.8321,0,0,3.94833,0.326259,0.789976,3.6288,61.308,0.378324,0,0,2.99761,0.183892,2.4354,0.66528,12.849,1,0.503384,0.789976,0,80.2502,3.78803,76.7488,0.84672,12.849,0.84672,3695.15,0,18.483,0.114056,3.64962,1.79976,10.6073,1.01345,14.9292,0.42336,0,0,18.483,0.42336,442.007,0,1.02816,0,0,4.67778,3.64962,1.028160,1,0,94.1134,0,0,0,94.1134,0
71.4449,2.83223,0,0,2.62005,0.27008,0.36288,3.6288,61.308,0.378378,0,0,1.77761,0.210051,1.18918,0.66528,12.849,1,0.503407,0.36288,0,53.6098,4.01867,49.4506,0.84672,12.849,0.84672,3695.15,0,18.483,0.114073,1.79876,1.79984,7.86612,1.02722,10.3234,0.42336,0,0,18.483,0.42336,442.007,0,1.02816,0,0,2.82692,1.79876,1.028160,1,0,60.9632,0,0,0,60.9632,0
70.3821,2.82731,0,0,2.4065,0.279076,0.36288,3.6288,61.308,0.378433,0,0,1.41765,0.209463,0.829755,0.66528,12.849,1,0.508478,0.36288,0,54.6864,3.94567,50.5951,0.84672,12.849,0.84672,3695.15,0,18.483,0.114089,1.56935,1.79992,5.74547,1.04832,7.95233,0.42336,0,0,18.483,0.42336,442.007,0,1.02816,0,0,2.59751,1.56935,1.028160,1,0,59.3772,0,0,0,59.3772,0
69.1301,2.78207,0,0,2.18394,0.290999,0.36288,3.6288,61.308,0.36094,0,0,1.43434,0.20868,0.864724,0.66528,12.849,1,0.507897,0.36288,0,57.375,3.84835,53.3816,0.84672,12.849,0.84672,3695.15,0,18.483,0.108815,1.88465,1.80001,7.32961,1.07645,9.82899,0.42336,0,0,18.483,0.42336,442.007,0,1.02816,0,0,2.91281,1.88465,1.028160,1,0,64.0753,0,0,0,64.0753,0
68.5826,2.77444,0,0,2.87804,0.288194,0.36288,3.6288,61.308,0.360993,0,0,1.60157,0.20868,1.0319,0.66528,12.849,1,0.515678,0.36288,0,63.3358,3.84835,59.3346,0.84672,12.849,0.84672,3695.15,0,18.483,0.108832,2.04899,1.77383,6.37798,1.07645,9.01552,0.42336,0,0,18.483,0.42336,442.007,0,1.02816,0,0,3.07715,2.04899,1.028160,1,0,69.382,0,0,0,69.382,0
67.7864,2.77111,0,0,2.59521,0.257379,0.36288,3.6288,61.308,0.361047,0,0,1.56135,0.21582,0.984484,0.66528,12.849,1,0.519169,0.36288,0,68.8299,4.06508,64.6085,0.84672,12.849,0.84672,3695.15,0,18.483,0.108848,1.95728,1.77391,6.01127,1.03634,8.59728,0.42336,0,0,18.483,0.42336,442.007,0,1.02816,0,0,2.98544,1.95728,1.028160,1,0,74.1903,0,0,0,74.1903,0
66.3689,2.76611,0,0,1.94515,0.233726,0.36288,3.6288,61.308,0.3611,0,0,1.35013,0.221175,0.767854,0.66528,12.849,1,0.524319,0.36288,0,51.805,4.22761,47.416,0.84672,12.849,0.84672,3695.15,0,18.483,0.108864,1.56207,1.77399,5.36003,1.00625,7.58098,0.42336,0,0,18.483,0.42336,442.007,0,1.02816,0,0,2.59023,1.56207,1.028160,1,0,55.7648,0,0,0,55.7648,0
65.0082,2.88763,0,0,2.10309,0.213205,0.36288,3.6288,61.308,0.423391,0,0,1.22001,0.255877,0.540743,0.66528,12.849,1,0.559045,0.36288,0,55.4507,4.60037,50.6541,0.84672,12.849,0.84672,3695.15,0,18.483,0.127643,1.59573,1.77408,5.0087,1.11324,7.13762,0.42336,0,0,18.483,0.42336,442.007,0,1.02816,0,0,2.62389,1.59573,1.028160,1,0,58.3325,0,0,0,58.3325,0
63.5955,2.878,0,0,2.03907,0.210901,0.36288,3.6288,61.308,0.423447,0,0,1.11568,0.255877,0.436359,0.66528,12.849,1,0.568841,0.36288,0,50.9778,4.60037,46.1715,0.84672,12.849,0.84672,3695.15,0,18.483,0.12766,1.30529,1.86599,4.65867,1.11324,6.58905,0.42336,0,0,18.483,0.42336,442.007,0,1.02816,0,0,2.33345,1.30529,1.028160,1,0,53.1969,0,0,0,53.1969,0
61.9982,2.86762,0,0,1.81473,0.181615,0.36288,3.6288,61.308,0.423504,0,0,1.05899,0.274764,0.36072,0.66528,12.849,1,0.57938,0.36288,0,45.0986,4.81457,40.0675,0.84672,12.849,0.84672,3695.15,0,18.483,0.127677,1.20715,1.86608,4.53191,1.16797,6.3095,0.42336,0,0,18.483,0.42336,442.007,0,1.02816,0,0,2.23531,1.20715,1.028160,1,0,46.7377,0,0,0,46.7377,0
60.3387,2.85538,0,0,1.71812,0.15935,0.36288,3.6288,61.308,0.42356,0,0,1.01486,0.288929,0.302374,0.66528,12.849,1,0.591773,0.36288,0,42.9719,4.97521,37.7678,0.84672,12.849,0.84672,3695.15,0,18.483,0.127694,1.07515,1.86617,4.48189,1.20902,6.08649,0.42336,0,0,18.483,0.42336,442.007,0,1.02816,0,0,2.10331,1.07515,1.028160,1,0,44.1567,0,0,0,44.1567,0
59.0161,2.8421,0,0,2.0089,0.126513,0.36288,3.6288,61.308,0.423617,0,0,1.01277,0.260473,0.328682,0.66528,12.849,1,0.605219,0.36288,0,37.797,4.96704,32.5876,0.84672,12.849,0.84672,3695.15,0,18.483,0.127711,1.07882,1.86625,5.04609,1.18598,6.67747,0.42336,0,0,18.483,0.42336,442.007,0,1.02816,0,0,2.10698,1.07882,1.028160,1,0,39.5938,0,0,0,39.5938,0
57.7088,2.80573,0,0,1.97412,0.112812,0.36288,3.6288,61.308,0.457888,0,0,1.00583,0.249091,0.298856,0.66528,12.849,1,0.610866,0.36288,0,35.8326,4.96377,30.6208,0.84672,12.849,0.84672,3695.15,0,18.483,0.138043,1.11001,1.86634,4.97602,1.17677,6.63755,0.42336,0,0,18.483,0.42336,442.007,0,1.02816,0,0,2.13817,1.11001,1.028160,1,0,37.5572,0,0,0,37.5572,0
56.2261,2.79455,0,0,1.78614,0.111388,0.36288,3.6288,61.308,0.457945,0,0,0.93344,0.249091,0.226403,0.66528,12.849,1,0.622213,0.36288,0,32.1779,4.96377,26.9548,0.84672,12.849,0.84672,3695.15,0,18.483,0.13806,0.844776,1.89504,4.77245,1.17677,6.19744,0.42336,0,0,18.483,0.42336,442.007,0,1.02816,0,0,1.87294,0.844776,1.028160,1,0,33.3786,0,0,0,33.3786,0
54.6988,2.78132,0,0,1.70168,0.0848192,0.36288,3.6288,61.308,0.458003,0,0,0.883198,0.314905,0.110289,0.66528,12.849,1,0.635598,0.36288,0,29.1508,5.81067,23.0674,0.84672,12.849,0.84672,3695.15,0,18.483,0.138078,0.853926,1.89513,4.5216,1.4859,5.64667,0.42336,0,0,18.483,0.42336,442.007,0,1.02816,0,0,1.88209,0.853926,1.028160,1,0,28.8243,0,0,0,28.8243,0
53.017,2.76708,0,0,1.52987,0.0816976,0.36288,3.6288,61.308,0.458061,0,0,0.803745,0.325833,0.0198501,0.66528,12.849,1,0.65,0.36288,0,27.5907,5.93295,21.3706,0.84672,12.849,0.84672,3695.15,0,18.483,0.138095,0.724153,1.89522,4.31457,1.52244,5.27341,0.42336,0,0,18.483,0.42336,442.007,0,1.02816,0,0,1.75231,0.724153,1.028160,1,0,26.6639,0,0,0,26.6639,0
51.2866,2.8148,0,0,1.53322,0.085867,0.36288,3.6288,61.19,0.488618,0,0,0.696324,0.32573,0,0.66528,12.849,1,0.682185,0.36288,0,27.7868,5.88578,21.5817,0.84672,12.849,0.84672,3695.15,0,18.483,0.147307,0.573955,1.89531,3.78307,1.48499,4.62004,0.42336,0,0,18.483,0.42336,442.007,0,1.02816,0,0,1.60212,0.573955,1.028160,1,0,26.2017,0,0,0,26.2017,0
49.4373,2.79653,0,0,1.39446,0.0843444,0.36288,3.6288,61.0245,0.488459,0,0,0.648475,0.325487,0,0.66528,12.849,1,0.700623,0.36288,0,25.9034,5.88578,19.6799,0.84672,12.849,0.84672,3695.15,0,18.483,0.147544,0.324233,1.94101,3.37147,1.48499,4.00419,0.42336,0,0,18.483,0.42336,442.007,0,1.02816,0,0,1.35239,0.324233,1.028160,1,0,23.6841,0,0,0,23.6841,0
47.7405,2.77585,0,0,1.51854,0.0766326,0.36288,3.6288,60.9784,0.488211,0,0,0.765444,0.323349,0,0.66528,12.849,1,0.721458,0.36288,0,26.026,5.99391,19.6735,0.84672,12.849,0.84672,3695.15,0,18.483,0.147869,0.676123,1.9411,4.76706,1.51089,5.72552,0.42336,0,0,18.483,0.42336,442.007,0,1.02816,0,0,1.70428,0.676123,1.028160,1,0,25.399,0,0,0,25.399,0
46.0578,2.75578,0,0,1.50279,0.0668412,0.36288,3.6288,60.9228,0.488185,0,0,0.726952,0.294382,0,0.66528,12.849,1,0.741697,0.36288,0,25.7867,6.11929,19.2886,0.84672,12.849,0.84672,3695.15,0,18.483,0.147972,0.687468,1.94119,4.22558,1.56177,5.1445,0.42336,0,0,18.483,0.42336,442.007,0,1.02816,0,0,1.71563,0.687468,1.028160,1,0,24.4331,0,0,0,24.4331,0
43.9322,2.91736,0,0,1.22406,0.0694419,0.36288,3.6288,60.6428,0.598083,0,0,0.648207,0.33011,0,0.66528,12.849,1,0.813871,0.36288,0,23.7692,6.20893,17.1093,0.84672,12.849,0.84672,3695.15,0,18.483,0.181449,0.586621,1.94128,2.86428,1.53398,3.67675,0.42336,0,0,18.483,0.42336,442.007,0,1.02816,0,0,1.61478,0.586621,1.028160,1,0,20.7861,0,0,0,20.7861,0
41.6365,2.88702,0,0,1.02266,0.0684198,0.36288,3.6288,60.2797,0.597505,0,0,0.569941,0.335486,0,0.66528,12.849,1,0.844378,0.36288,0,20.6809,6.22387,13.9755,0.84672,12.849,0.84672,3695.15,0,18.483,0.182111,0.488609,2.09585,2.62392,1.52935,3.49692,0.42336,0,0,18.483,0.42336,442.007,0,1.02816,0,0,1.51677,0.488609,1.028160,1,0,17.4724,0,0,0,17.4724,0
39.411,2.88486,0,0,1.08886,0.0666262,0.36288,3.6288,59.9136,0.59673,0,0,0.565282,0.334712,0,0.66528,12.849,1,0.84672,0.36288,0,19.3188,6.22387,12.6111,0.84672,12.849,0.84672,3695.15,0,18.483,0.18297,0.465178,2.09595,2.76548,1.52935,3.61429,0.42336,0,0,18.483,0.42336,442.007,0,1.02816,0,0,1.49334,0.465178,1.028160,1,0,16.2254,0,0,0,16.2254,0
37.7251,2.88503,0,0,1.63434,0.0723048,0.36288,3.6288,59.6589,0.59594,0,0,0.673082,0.331806,0,0.66528,12.849,1,0.84672,0.36288,0,28.5275,6.16451,21.8791,0.84672,12.849,0.84672,3695.15,0,18.483,0.183844,0.760268,2.09605,2.9389,1.52207,4.08931,0.42336,0,0,18.483,0.42336,442.007,0,1.02816,0,0,1.78843,0.760268,1.028160,1,0,25.9684,0,0,0,25.9684,0
36.1499,2.8852,0,0,1.72346,0.0505998,0.36288,3.6288,59.4926,0.595405,0,0,0.748786,0.319708,0,0.66528,12.849,1,0.84672,0.36288,0,30.1331,6.35334,23.2959,0.84672,12.849,0.84672,3695.15,0,18.483,0.184463,0.92156,2.09615,4.21634,1.54475,5.50483,0.42336,0,0,18.483,0.42336,442.007,0,1.02816,0,0,1.94972,0.92156,1.028160,1,0,28.8008,0,0,0,28.8008,0
34.2996,2.77151,0,0,1.34035,0.0562374,0.36288,3.6288,59.3496,0.5287,0,0,0.666248,0.280577,0,0.66528,12.849,1,0.84672,0.36288,0,22.7207,6.33021,15.9066,0.84672,12.849,0.84672,3695.15,0,18.483,0.164255,0.819193,2.09624,3.91819,1.48058,5.18879,0.42336,0,0,18.483,0.42336,442.007,0,1.02816,0,0,1.84735,0.819193,1.028160,1,0,21.0954,0,0,0,21.0954,0
33.1067,2.77167,0,0,2.01023,0.0686351,0.36288,3.6288,59.3212,0.52846,0,0,0.766791,0.26669,0,0.66528,12.849,1,0.84672,0.36288,0,27.6704,6.21978,20.9668,0.84672,12.849,0.84672,3695.15,0,18.483,0.164576,1.27046,2.00779,4.16757,1.44265,5.83859,0.42336,0,0,18.483,0.42336,442.007,0,1.02816,0,0,2.29862,1.27046,1.028160,1,0,26.8054,0,0,0,26.8054,0
32.6185,2.77184,0,0,2.71412,0.0676334,0.36288,3.6288,59.7652,0.52846,0,0,1.2391,0.266641,0,0.66528,12.849,1,0.84672,0.36288,0,55.2178,6.21978,48.5142,0.84672,12.849,0.84672,3695.15,0,18.483,0.164655,2.70932,2.00788,6.56487,1.44265,9.67477,0.42336,0,0,18.483,0.42336,442.007,0,1.02816,0,0,3.73748,2.70932,1.028160,1,0,58.189,0,0,0,58.189,0
31.6398,2.77201,0,0,2.24719,0.0909776,0.36288,3.6288,59.8641,0.529456,0,0,0.873971,0.245601,0,0.66528,12.849,1,0.84672,0.36288,0,49.5266,5.87919,43.1635,0.84672,12.849,0.84672,3695.15,0,18.483,0.16374,1.46506,2.00798,4.12204,1.37426,6.05708,0.42336,0,0,18.483,0.42336,442.007,0,1.02816,0,0,2.49322,1.46506,1.028160,1,0,49.2206,0,0,0,49.2206,0
30.3925,2.67869,0,0,1.90934,0.115096,0.36288,3.6288,59.8482,0.469206,0,0,0.638768,0.185463,0,0.66528,12.849,1,0.84672,0.36288,0,29.3668,4.0956,24.7874,0.84672,12.849,0.84672,3695.15,0,18.483,0.144867,0.345133,2.00807,3.69078,0.981344,4.91778,0.42336,0,0,18.483,0.42336,442.007,0,1.02816,0,0,1.37329,0.345133,1.028160,1,0,29.7052,0,0,0,29.7052,0
28.9012,2.67886,0,0,1.70126,0.150817,0.36288,3.6288,59.4501,0.655121,0,0,0.436355,0.179372,0,0.66528,12.849,1,0.84672,0.36288,0,25.846,4.15401,21.2081,0.84672,12.849,0.84672,3695.15,0,18.483,0.202322,0.216518,1.92945,3.08419,1.05575,3.97208,0.42336,0,0,18.483,0.42336,442.007,0,0.784866,0,0,1.00138,0.216518,1.028160,1,0,25.1802,0,0,0,25.1802,0
27.9558,2.67902,0,0,2.24434,0.14782,0.36288,3.6288,59.7955,0.468552,0,0,0.992944,0.178917,0,0.66528,12.849,1,0.84672,0.36288,0,34.5802,4.15401,29.9424,0.84672,12.849,0.84672,3695.15,0,18.483,0.145673,1.52508,1.92954,5.48208,1.05575,7.73528,0.42336,0,0,18.483,0.42336,442.007,0,1.02816,0,0,2.55324,1.52508,1.028160,1,0,37.6776,0,0,0,37.6776,0
30.8412,2.67918,0,0,6.07341,0.14592,0.36288,3.6288,61.308,0.469253,0,0,2.30793,0.179312,0.146904,0.66528,12.849,1,0.84672,0.36288,0,103.283,4.15401,98.6456,0.84672,12.849,0.84672,3695.15,0,18.483,0.145048,3.58483,1.92963,9.55469,1.05575,13.8684,0.42336,0,0,18.483,0.42336,442.007,0,1.02816,0,0,4.61299,3.58483,1.028160,1,0,112.661,0,0,0,112.661,0
32.5287,2.41379,0,0,4.63142,0.167274,0.36288,3.6288,61.308,0.345292,0,0,0.788186,0.198906,0.243987,0.66528,12.849,1,0.84672,0.36288,0,58.653,3.88743,54.2817,0.84672,12.849,0.84672,3695.15,0,18.483,0.104098,1.59068,1.92972,8.60806,0.929526,11.0948,0.42336,0,0,18.483,0.42336,442.007,0,1.02816,0,0,2.61884,1.59068,1.028160,1,0,65.6205,0,0,0,65.6205,0
38.0666,2.41395,0,0,8.48831,0.173548,0.36288,3.6288,61.2315,0.345345,0,0,0.470721,0.201883,0,0.66528,12.849,1,0.84672,0.36288,0,76.0342,3.843,71.7074,0.84672,12.849,0.84672,3695.15,0,18.483,0.104114,1.07193,1.75258,6.94177,0.908489,8.75368,0.42336,0,0,18.483,0.42336,442.007,0,1.02816,0,0,2.10009,1.07193,1.028160,1,0,80.4611,0,0,0,80.4611,0
42.4942,2.43792,0,0,7.41399,0.185567,0.36288,3.6288,61.308,0.345298,0,0,2.33816,0.201786,1.71457,0.66528,12.849,1,0.822896,0.36288,0,95.7718,3.843,91.4688,0.84672,12.849,0.84672,3695.15,0,18.483,0.10423,4.74441,1.75266,9.49933,0.908489,14.9837,0.42336,0,0,18.483,0.42336,442.007,0,1.02816,0,0,5.77257,4.74441,1.028160,1,0,108.167,0,0,0,108.167,0
46.5527,2.50387,0,0,7.13355,0.208283,0.36288,3.6288,61.308,0.34545,0,0,1.26635,0.200335,0.720563,0.66528,12.849,1,0.757097,0.36288,0,87.7901,4.0938,83.3021,0.84672,12.849,0.84672,3695.15,0,18.483,0.104146,2.38473,1.75274,6.36274,1.01392,9.38213,0.42336,0,0,18.483,0.42336,442.007,0,1.02816,0,0,3.41289,2.38473,1.028160,1,0,93.4048,0,0,0,93.4048,0
49.2284,2.55572,0,0,5.82225,0.22805,0.36288,3.6288,61.308,0.345503,0,0,1.27721,0.201511,0.7302,0.66528,12.849,1,0.705402,0.36288,0,70.2172,4.39856,65.4761,0.84672,12.849,0.84672,3695.15,0,18.483,0.104162,2.17798,1.75282,6.78961,1.12625,9.49,0.42336,0,0,18.483,0.42336,442.007,0,1.02816,0,0,3.20614,2.17798,1.028160,1,0,75.6963,0,0,0,75.6963,0
52.5727,2.66725,0,0,6.57679,0.202327,0.36288,3.6288,61.308,0.382269,0,0,1.81227,0.208241,1.22176,0.66528,12.849,1,0.696175,0.36288,0,102.028,3.96889,97.7258,0.84672,12.849,0.84672,3695.15,0,18.483,0.115246,2.22909,1.7529,9.34252,0.924574,12.2847,0.42336,0,0,18.483,0.42336,442.007,0,1.02816,0,0,3.25725,2.22909,1.028160,1,0,111.232,0,0,0,111.232,0
55.0162,2.70295,0,0,5.71885,0.209547,0.36288,3.6288,61.308,0.382314,0,0,1.61044,0.208241,1.01989,0.66528,12.849,1,0.660612,0.36288,0,87.9889,3.96889,83.7223,0.84672,12.849,0.84672,3695.15,0,18.483,0.115259,1.87529,1.80904,8.49709,0.924574,11.1416,0.42336,0,0,18.483,0.42336,442.007,0,1.02816,0,0,2.90345,1.87529,1.028160,1,0,95.8838,0,0,0,95.8838,0
57.2854,2.72684,0,0,5.57373,0.214818,0.36288,3.6288,61.308,0.38236,0,0,1.6537,0.208241,1.0631,0.66528,12.849,1,0.636852,0.36288,0,85.1221,3.96889,80.8793,0.84672,12.849,0.84672,3695.15,0,18.483,0.115273,1.96452,1.80911,8.80131,0.924574,11.5351,0.42336,0,0,18.483,0.42336,442.007,0,1.02816,0,0,2.99268,1.96452,1.028160,1,0,93.4775,0,0,0,93.4775,0
59.6688,2.74755,0,0,5.78938,0.29555,0.36288,3.6288,61.308,0.382406,0,0,1.53807,0.222588,0.933073,0.66528,12.849,1,0.61627,0.36288,0,88.007,4.60411,83.1495,0.84672,12.849,0.84672,3695.15,0,18.483,0.115287,1.80956,1.80918,8.82645,1.29083,11.0391,0.42336,0,0,18.483,0.42336,442.007,0,1.02816,0,0,2.83772,1.80956,1.028160,1,0,95.1217,0,0,0,95.1217,0
61.4225,3.03789,0,0,5.4169,0.262385,0.36288,3.6288,61.308,0.520306,0,0,1.81651,0.21229,1.08391,0.66528,12.849,1,0.654175,0.36288,0,105.57,4.19475,101.084,0.84672,12.849,0.84672,3695.15,0,18.483,0.156861,3.12339,1.80925,12.2654,1.14088,15.9003,0.42336,0,0,18.483,0.42336,442.007,0,1.02816,0,0,4.15155,3.12339,1.028160,1,0,118.069,0,0,0,118.069,0
61.3991,3.05345,0,0,3.65936,0.266451,0.36288,3.6288,61.308,0.520357,0,0,1.44847,0.21229,0.715823,0.66528,12.849,1,0.638753,0.36288,0,56.8452,4.19475,52.3745,0.84672,12.849,0.84672,3695.15,0,18.483,0.156876,1.69231,2.00943,6.95157,1.14088,9.35556,0.42336,0,0,18.483,0.42336,442.007,0,1.02816,0,0,2.72047,1.69231,1.028160,1,0,62.4459,0,0,0,62.4459,0
61.3175,3.05337,0,0,3.60109,0.266399,0.36288,3.6288,61.308,0.520408,0,0,1.30755,0.21229,0.574854,0.66528,12.849,1,0.63898,0.36288,0,54.7133,4.19475,50.2425,0.84672,12.849,0.84672,3695.15,0,18.483,0.156891,0.950927,2.00951,5.9706,1.14088,7.63327,0.42336,0,0,18.483,0.42336,442.007,0,1.02816,0,0,1.97909,0.950927,1.028160,1,0,58.4506,0,0,0,58.4506,0
63.4027,3.05279,0,0,5.76708,0.26622,0.36288,3.6288,61.308,0.520459,0,0,2.06473,0.21229,1.33198,0.66528,12.849,1,0.639707,0.36288,0,141.201,4.19475,136.729,0.84672,12.849,0.84672,3695.15,0,18.483,0.156907,1.72368,2.00958,17.8196,1.14088,20.2551,0.42336,0,0,18.483,0.42336,442.007,0,1.02816,0,0,2.75184,1.72368,1.028160,1,0,158.316,0,0,0,158.316,0
65.9505,2.68121,0,0,5.87174,0.279866,0.36288,3.6288,61.308,0.335478,0,0,2.73543,0.200012,2.19994,0.66528,12.849,1,0.543365,0.36288,0,114.607,3.73112,110.695,0.84672,12.849,0.84672,3695.15,0,18.483,0.101139,2.54709,2.00966,15.806,0.899899,19.3617,0.42336,0,0,18.483,0.42336,442.007,0,1.02816,0,0,3.57525,2.54709,1.028160,1,0,132.257,0,0,0,132.257,0
67.5919,2.69888,0,0,4.99296,0.289828,0.36288,3.6288,61.308,0.335522,0,0,2.63666,0.211583,2.08956,0.66528,12.849,1,0.525817,0.36288,0,146.77,4.09153,142.516,0.84672,12.849,0.84672,3695.15,0,18.483,0.101152,3.12498,1.73597,13.6862,0.959433,17.4866,0.42336,0,0,18.483,0.42336,442.007,0,1.02816,0,0,4.15314,3.12498,1.028160,1,0,162.092,0,0,0,162.092,0
69.0157,2.70971,0,0,4.79,0.29362,0.36288,3.6288,61.308,0.335566,0,0,2.36892,0.211583,1.82177,0.66528,12.849,1,0.515108,0.36288,0,55.741,4.09153,51.4972,0.84672,12.849,0.84672,3695.15,0,18.483,0.101166,2.72011,1.73604,12.8467,0.959433,16.2423,0.42336,0,0,18.483,0.42336,442.007,0,1.02816,0,0,3.74827,2.72011,1.028160,1,0,69.5612,0,0,0,69.5612,0
70.3118,2.71878,0,0,4.67472,0.296909,0.36288,3.6288,61.308,0.33561,0,0,2.27928,0.211583,1.73208,0.66528,12.849,1,0.506169,0.36288,0,117.176,4.09153,112.942,0.84672,12.849,0.84672,3695.15,0,18.483,0.101179,2.61817,1.73611,13.1361,0.959433,16.4297,0.42336,0,0,18.483,0.42336,442.007,0,1.02816,0,0,3.64633,2.61817,1.028160,1,0,131.103,0,0,0,131.103,0
71.5112,2.72677,0,0,4.59772,0.308678,0.36288,3.6288,61.308,0.335653,0,0,1.97813,0.20372,1.43875,0.66528,12.849,1,0.498299,0.36288,0,115.554,4.33748,111.081,0.84672,12.849,0.84672,3695.15,0,18.483,0.101192,2.6687,1.73617,10.1345,0.984383,13.4538,0.42336,0,0,18.483,0.42336,442.007,0,1.02816,0,0,3.69686,2.6687,1.028160,1,0,125.974,0,0,0,125.974,0
72.29,2.83386,0,0,4.9998,0.318171,1.06897,3.6288,61.308,0.380972,0,0,2.04109,0.197823,1.46229,0.66528,12.849,1,0.509182,1.06897,0,106.57,4.52193,102.608,0.84672,12.849,0.84672,3695.15,0,18.483,0.114854,3.38908,1.73624,9.19331,1.0031,13.2007,0.42336,0,0,18.483,0.42336,442.007,0,1.02816,0,0,4.41724,3.38908,1.028160,1,0,117.271,0,0,0,117.271,0
72.278,2.83863,0,0,3.50955,0.320063,0.36288,3.6288,61.308,0.381017,0,0,1.52677,0.197823,0.947934,0.66528,12.849,1,0.504544,0.36288,0,72.5302,4.52193,67.8666,0.84672,12.849,0.84672,3695.15,0,18.483,0.114868,1.81421,1.80392,6.95416,1.0031,9.45433,0.42336,0,0,18.483,0.42336,442.007,0,1.02816,0,0,2.84237,1.81421,1.028160,1,0,78.2689,0,0,0,78.2689,0
71.8375,2.83867,0,0,3.04846,0.287401,0.36288,3.6288,61.308,0.381063,0,0,1.25839,0.209348,0.66798,0.66528,12.849,1,0.504635,0.36288,0,62.3552,4.58305,57.6304,0.84672,12.849,0.84672,3695.15,0,18.483,0.114882,1.51938,1.80399,5.70637,1.01668,7.89817,0.42336,0,0,18.483,0.42336,442.007,0,1.02816,0,0,2.54754,1.51938,1.028160,1,0,66.1966,0,0,0,66.1966,0
71.541,2.83615,0,0,3.20864,0.306074,0.36288,3.6288,61.308,0.381108,0,0,1.23005,0.197911,0.651032,0.66528,12.849,1,0.50728,0.36288,0,63.2937,4.6382,58.5111,0.84672,12.849,0.84672,3695.15,0,18.483,0.114896,1.7509,1.80406,5.92734,0.99803,8.36938,0.42336,0,0,18.483,0.42336,442.007,0,1.02816,0,0,2.77906,1.7509,1.028160,1,0,67.5315,0,0,0,67.5315,0
71.2977,2.79541,0,0,3.201,0.286001,0.36288,3.6288,61.308,0.363567,0,0,1.27861,0.17477,0.740271,0.66528,12.849,1,0.502065,0.36288,0,56.9399,4.17819,52.6226,0.84672,12.849,0.84672,3695.15,0,18.483,0.109607,1.61061,1.80413,6.04276,0.990764,8.35713,0.42336,0,0,18.483,0.42336,442.007,0,1.02816,0,0,2.63877,1.61061,1.028160,1,0,61.72,0,0,0,61.72,0
70.6893,2.79407,0,0,2.83374,0.285196,0.36288,3.6288,61.308,0.363612,0,0,1.10646,0.201803,0.541041,0.66528,12.849,1,0.503536,0.36288,0,50.0376,4.48437,45.4126,0.84672,12.849,0.84672,3695.15,0,18.483,0.109621,1.41032,1.77788,5.45855,1.01707,7.52006,0.42336,0,0,18.483,0.42336,442.007,0,1.02816,0,0,2.43848,1.41032,1.028160,1,0,53.4737,0,0,0,53.4737,0
69.9461,2.79051,0,0,2.62467,0.214499,0.36288,3.6288,61.308,0.363657,0,0,1.00826,0.234501,0.410104,0.66528,12.849,1,0.507223,0.36288,0,45.9163,4.77267,40.9993,0.84672,12.849,0.84672,3695.15,0,18.483,0.109634,1.22763,1.77795,5.14989,1.03429,7.01155,0.42336,0,0,18.483,0.42336,442.007,0,1.02816,0,0,2.25579,1.22763,1.028160,1,0,48.421,0,0,0,48.421,0
69.1484,2.78607,0,0,2.56455,0.213274,0.36288,3.6288,61.308,0.363701,0,0,1.13157,0.234501,0.53337,0.66528,12.849,1,0.511796,0.36288,0,44.5786,4.77267,39.657,0.84672,12.849,0.84672,3695.15,0,18.483,0.109648,1.54694,1.77802,6.13065,1.03429,8.31167,0.42336,0,0,18.483,0.42336,442.007,0,1.02816,0,0,2.5751,1.54694,1.028160,1,0,48.5021,0,0,0,48.5021,0
67.9833,2.91313,0,0,2.32278,0.211887,0.36288,3.6288,61.308,0.426124,0,0,0.953761,0.2293,0.298338,0.66528,12.849,1,0.54131,0.36288,0,39.1504,4.70526,34.2667,0.84672,12.849,0.84672,3695.15,0,18.483,0.128467,1.24482,1.77809,4.77676,1.00983,6.66136,0.42336,0,0,18.483,0.42336,442.007,0,1.02816,0,0,2.27298,1.24482,1.028160,1,0,41.2264,0,0,0,41.2264,0
66.7097,2.90544,0,0,2.20468,0.209956,0.36288,3.6288,61.308,0.426171,0,0,0.876779,0.228433,0.222175,0.66528,12.849,1,0.549134,0.36288,0,35.308,4.69403,30.4277,0.84672,12.849,0.84672,3695.15,0,18.483,0.128481,1.02311,1.87019,4.44968,1.00576,6.20874,0.42336,0,0,18.483,0.42336,442.007,0,1.02816,0,0,2.05127,1.02311,1.028160,1,0,36.8586,0,0,0,36.8586,0
65.2753,2.89676,0,0,1.99861,0.173392,0.36288,3.6288,61.308,0.426218,0,0,0.837017,0.252041,0.158758,0.66528,12.849,1,0.557947,0.36288,0,31.1323,4.96177,25.9754,0.84672,12.849,0.84672,3695.15,0,18.483,0.128495,0.956076,1.87027,4.33408,1.07417,5.95776,0.42336,0,0,18.483,0.42336,442.007,0,1.02816,0,0,1.98424,0.956076,1.028160,1,0,32.0919,0,0,0,32.0919,0
63.7566,2.88663,0,0,1.88862,0.157791,0.36288,3.6288,61.308,0.426265,0,0,0.799563,0.261485,0.111813,0.66528,12.849,1,0.568213,0.36288,0,30.1315,5.06888,24.8573,0.84672,12.849,0.84672,3695.15,0,18.483,0.12851,0.821699,1.87034,4.32205,1.10153,5.78404,0.42336,0,0,18.483,0.42336,442.007,0,1.02816,0,0,1.84986,0.821699,1.028160,1,0,30.7531,0,0,0,30.7531,0
62.2155,2.87547,0,0,1.82897,0.131685,0.36288,3.6288,61.308,0.426313,0,0,0.687036,0.245557,0.0151654,0.66528,12.849,1,0.5795,0.36288,0,29.7862,5.17801,24.3916,0.84672,12.849,0.84672,3695.15,0,18.483,0.128524,0.672356,1.87041,4.05785,1.14657,5.32553,0.42336,0,0,18.483,0.42336,442.007,0,1.02816,0,0,1.70052,0.672356,1.028160,1,0,29.7323,0,0,0,29.7323,0
60.6783,2.83804,0,0,1.77582,0.112126,0.36288,3.6288,61.2141,0.46065,0,0,0.600351,0.233612,0,0.66528,12.849,1,0.586123,0.36288,0,29.6066,5.25987,24.1235,0.84672,12.849,0.84672,3695.15,0,18.483,0.138876,0.525658,1.87049,3.8225,1.18035,4.89941,0.42336,0,0,18.483,0.42336,442.007,0,1.02816,0,0,1.55382,0.525658,1.028160,1,0,29.0229,0,0,0,29.0229,0
59.0108,2.8259,0,0,1.63192,0.11071,0.36288,3.6288,61.1032,0.460535,0,0,0.583092,0.233473,0,0.66528,12.849,1,0.598401,0.36288,0,29.139,5.25987,23.6436,0.84672,12.849,0.84672,3695.15,0,18.483,0.139054,0.526332,1.89924,3.85451,1.18035,4.96067,0.42336,0,0,18.483,0.42336,442.007,0,1.02816,0,0,1.55449,0.526332,1.028160,1,0,28.6043,0,0,0,28.6043,0
57.2122,2.81212,0,0,1.48546,0.109003,0.36288,3.6288,60.9548,0.46039,0,0,0.545364,0.23331,0,0.66528,12.849,1,0.612311,0.36288,0,27.9735,5.25987,22.4642,0.84672,12.849,0.84672,3695.15,0,18.483,0.139263,0.318678,1.89931,3.62095,1.18035,4.51932,0.42336,0,0,18.483,0.42336,442.007,0,1.02816,0,0,1.34684,0.318678,1.028160,1,0,26.9835,0,0,0,26.9835,0
55.3564,2.79651,0,0,1.39933,0.0957629,0.36288,3.6288,60.7608,0.460179,0,0,0.530829,0.264649,0,0.66528,12.849,1,0.628054,0.36288,0,25.7035,5.64804,19.7903,0.84672,12.849,0.84672,3695.15,0,18.483,0.139537,0.349194,1.89939,3.54659,1.32235,4.33328,0.42336,0,0,18.483,0.42336,442.007,0,1.02816,0,0,1.37735,0.349194,1.028160,1,0,24.1235,0,0,0,24.1235,0
53.6736,2.8444,0,0,1.60941,0.0848963,0.36288,3.6288,60.5497,0.490387,0,0,0.579637,0.300403,0,0.66528,12.849,1,0.660225,0.36288,0,28.6645,6.00096,22.3662,0.84672,12.849,0.84672,3695.15,0,18.483,0.149172,0.624819,1.89946,3.8177,1.45303,4.73977,0.42336,0,0,18.483,0.42336,442.007,0,1.02816,0,0,1.65298,0.624819,1.028160,1,0,27.106,0,0,0,27.106,0
51.9404,2.82781,0,0,1.54092,0.0834666,0.36288,3.6288,60.3263,0.490038,0,0,0.566626,0.300001,0,0.66528,12.849,1,0.676952,0.36288,0,26.8233,6.00096,20.5083,0.84672,12.849,0.84672,3695.15,0,18.483,0.149586,0.658152,1.94525,3.92371,1.45303,4.92449,0.42336,0,0,18.483,0.42336,442.007,0,1.02816,0,0,1.68631,0.658152,1.028160,1,0,25.4328,0,0,0,25.4328,0
50.0294,2.80981,0,0,1.34366,0.081994,0.36288,3.6288,60.0714,0.489663,0,0,0.534326,0.299575,0,0.66528,12.849,1,0.695089,0.36288,0,25.413,6.00096,19.0798,0.84672,12.849,0.84672,3695.15,0,18.483,0.150025,0.501552,1.94532,3.74918,1.45303,4.593,0.42336,0,0,18.483,0.42336,442.007,0,1.02816,0,0,1.52971,0.501552,1.028160,1,0,23.6728,0,0,0,23.6728,0
48.0405,2.78879,0,0,1.23917,0.0763509,0.36288,3.6288,59.8056,0.489226,0,0,0.525144,0.301659,0,0.66528,12.849,1,0.716242,0.36288,0,23.9748,6.07574,17.5457,0.84672,12.849,0.84672,3695.15,0,18.483,0.150527,0.433944,1.9454,3.71505,1.46797,4.47589,0.42336,0,0,18.483,0.42336,442.007,0,1.02816,0,0,1.4621,0.433944,1.028160,1,0,22.0216,0,0,0,22.0216,0
46.0168,2.9502,0,0,1.33719,0.0478555,0.36288,3.6288,59.5373,0.598467,0,0,0.66592,0.335768,0,0.66528,12.849,1,0.789065,0.36288,0,22.5592,6.57689,15.5561,0.84672,12.849,0.84672,3695.15,0,18.483,0.184957,0.663828,1.94547,5.51091,1.55528,6.37997,0.42336,0,0,18.483,0.42336,442.007,0,1.02816,0,0,1.69199,0.663828,1.028160,1,0,21.9361,0,0,0,21.9361,0
44.4477,2.92318,0,0,1.76251,0.045519,0.36288,3.6288,59.314,0.597885,0,0,0.717474,0.34287,0,0.66528,12.849,1,0.816224,0.36288,0,31.387,6.59788,24.3357,0.84672,12.849,0.84672,3695.15,0,18.483,0.18561,0.935755,2.10037,6.38569,1.55435,7.68185,0.42336,0,0,18.483,0.42336,442.007,0,1.02816,0,0,1.96392,0.935755,1.028160,1,0,32.0176,0,0,0,32.0176,0
42.7583,2.90094,0,0,1.61915,0.0447224,0.36288,3.6288,58.9133,0.597406,0,0,0.539023,0.342381,0,0.66528,12.849,1,0.838609,0.36288,0,26.7894,6.59788,19.7158,0.84672,12.849,0.84672,3695.15,0,18.483,0.186159,0.61973,2.10045,4.25947,1.55435,5.23914,0.42336,0,0,18.483,0.42336,442.007,0,1.02816,0,0,1.64789,0.61973,1.028160,1,0,24.955,0,0,0,24.955,0
40.5194,2.89298,0,0,1.11032,0.0933569,0.36288,3.6288,58.4484,0.596495,0,0,0.453406,0.321776,0,0.66528,12.849,1,0.84672,0.36288,0,18.4405,6.38151,11.5752,0.84672,12.849,0.84672,3695.15,0,18.483,0.18714,0.458231,2.10053,3.24623,1.49679,4.12106,0.42336,0,0,18.483,0.42336,442.007,0,1.02816,0,0,1.48639,0.458231,1.028160,1,0,15.6962,0,0,0,15.6962,0
38.2581,2.89312,0,0,1.09867,0.103968,0.36288,3.6288,57.9947,0.595418,0,0,0.463287,0.321582,0,0.66528,12.849,1,0.84672,0.36288,0,21.3653,6.15511,14.7263,0.84672,12.849,0.84672,3695.15,0,18.483,0.188288,0.434704,2.10061,3.90682,1.48195,4.77189,0.42336,0,0,18.483,0.42336,442.007,0,1.02816,0,0,1.46286,0.434704,1.028160,1,0,19.4982,0,0,0,19.4982,0
36.2321,2.77916,0,0,1.22717,0.1111,0.36288,3.6288,57.5893,0.528244,0,0,0.44331,0.320408,0,0.66528,12.849,1,0.84672,0.36288,0,20.1245,5.7514,13.8893,0.84672,12.849,0.84672,3695.15,0,18.483,0.168352,0.329668,2.10069,5.01961,1.45632,5.8253,0.42336,0,0,18.483,0.42336,442.007,0,1.02816,0,0,1.35783,0.329668,1.028160,1,0,19.7146,0,0,0,19.7146,0
34.4367,2.7793,0,0,1.49008,0.143385,0.36288,3.6288,57.2255,0.527398,0,0,0.449423,0.285876,0,0.66528,12.849,1,0.84672,0.36288,0,18.2696,5.47533,12.3105,0.84672,12.849,0.84672,3695.15,0,18.483,0.169265,0.352287,2.01204,3.71373,1.3615,4.54729,0.42336,0,0,18.483,0.42336,442.007,0,1.02816,0,0,1.38045,0.352287,1.028160,1,0,16.8577,0,0,0,16.8577,0
33.4446,2.77944,0,0,2.29052,0.140308,0.36288,3.6288,57.1728,0.526635,0,0,0.759097,0.285203,0,0.66528,12.849,1,0.84672,0.36288,0,33.9005,5.47533,27.9413,0.84672,12.849,0.84672,3695.15,0,18.483,0.170095,1.37809,2.01211,7.17947,1.3615,9.03808,0.42336,0,0,18.483,0.42336,442.007,0,1.02816,0,0,2.40625,1.37809,1.028160,1,0,36.9794,0,0,0,36.9794,0
32.0709,2.77958,0,0,1.90739,0.138607,0.36288,3.6288,56.9642,0.526567,0,0,0.603142,0.285105,0,0.66528,12.849,1,0.84672,0.36288,0,50.3041,5.47533,44.3449,0.84672,12.849,0.84672,3695.15,0,18.483,0.17023,0.872303,2.01219,5.05469,1.3615,6.40745,0.42336,0,0,18.483,0.42336,442.007,0,1.02816,0,0,1.90046,0.872303,1.028160,1,0,50.7523,0,0,0,50.7523,0
30.1158,2.68604,0,0,1.2536,0.159748,0.36288,3.6288,56.8435,0.466222,0,0,0.533177,0.187651,0,0.66528,12.849,1,0.84672,0.36288,0,35.6263,3.77905,31.3634,0.84672,12.849,0.84672,3695.15,0,18.483,0.151274,0.220761,2.01227,6.67072,1.07985,7.67263,0.42336,0,0,18.483,0.42336,442.007,0,1.02816,0,0,1.24892,0.220761,1.028160,1,0,39.036,0,0,0,39.036,0
28.8678,2.68618,0,0,1.9568,0.155749,0.36288,3.6288,56.8203,0.466028,0,0,0.630307,0.187504,0,0.66528,12.849,1,0.84672,0.36288,0,47.7416,3.77905,43.4787,0.84672,12.849,0.84672,3695.15,0,18.483,0.151532,0.510745,1.93347,8.83993,1.07985,10.0528,0.42336,0,0,18.483,0.42336,442.007,0,1.02816,0,0,1.5389,0.510745,1.028160,1,0,53.5315,0,0,0,53.5315,0
30.4105,2.68632,0,0,4.74506,0.153149,0.36288,3.6288,57.7247,0.46603,0,0,1.55794,0.187475,0,0.66528,12.849,1,0.84672,0.36288,0,109.23,3.77905,104.967,0.84672,12.849,0.84672,3695.15,0,18.483,0.151594,2.97115,1.93355,14.6562,1.07985,18.3295,0.42336,0,0,18.483,0.42336,442.007,0,1.02816,0,0,3.99931,2.97115,1.028160,1,0,123.297,0,0,0,123.297,0
30.8877,2.68645,0,0,3.69646,0.17,0.36288,3.6288,58.1948,0.467877,0,0,1.13326,0.195361,0,0.66528,12.849,1,0.84672,0.36288,0,62.6671,3.59482,58.5885,0.84672,12.849,0.84672,3695.15,0,18.483,0.149811,1.65363,1.93362,8.72718,1.01621,11.1484,0.42336,0,0,18.483,0.42336,442.007,0,1.02816,0,0,2.68179,1.65363,1.028160,1,0,69.7369,0,0,0,69.7369,0
32.7501,2.42049,0,0,4.84324,0.197406,0.36288,3.6288,59.759,0.343369,0,0,2.08405,0.176428,0,0.66528,12.849,1,0.84672,0.36288,0,124.887,3.30313,121.1,0.84672,12.849,0.84672,3695.15,0,18.483,0.109056,1.66888,1.9337,19.0064,1.04047,21.4595,0.42336,0,0,18.483,0.42336,442.007,0,1.02816,0,0,2.69704,1.66888,1.028160,1,0,142.559,0,0,0,142.559,0
35.9118,2.42062,0,0,6.14174,0.196586,0.36288,3.6288,61.308,0.345594,0,0,2.47495,0.227013,0.353348,0.66528,12.849,1,0.84672,0.36288,0,153.339,4.06619,148.789,0.84672,12.849,0.84672,3695.15,0,18.483,0.106889,1.41819,1.75618,14.7904,1.12885,16.729,0.42336,0,0,18.483,0.42336,442.007,0,1.02816,0,0,2.44635,1.41819,1.028160,1,0,165.872,0,0,0,165.872,0
37.5217,2.42075,0,0,4.59632,0.20281,0.36288,3.6288,61.308,0.347713,0,0,2.19734,0.239418,1.61021,0.66528,12.849,1,0.84672,0.36288,0,143.881,4.19643,139.201,0.84672,12.849,0.84672,3695.15,0,18.483,0.104828,2.59668,1.75624,13.6601,1.13631,16.7719,0.42336,0,0,18.483,0.42336,442.007,0,1.02816,0,0,3.62484,2.59668,1.028160,1,0,157.583,0,0,0,157.583,0
39.1005,2.43407,0,0,4.58249,0.206727,0.36288,3.6288,61.308,0.347757,0,0,2.49112,0.239418,1.90394,0.66528,12.849,1,0.833527,0.36288,0,115.866,4.19643,111.199,0.84672,12.849,0.84672,3695.15,0,18.483,0.104841,5.52109,1.75631,21.0435,1.13631,27.0797,0.42336,0,0,18.483,0.42336,442.007,0,1.02816,0,0,6.54925,5.52109,1.028160,1,0,140.182,0,0,0,140.182,0
41.0651,2.45949,0,0,4.99286,0.205886,0.36288,3.6288,61.308,0.347801,0,0,2.31463,0.242598,1.72423,0.66528,12.849,1,0.808227,0.36288,0,128.767,4.40796,123.914,0.84672,12.849,0.84672,3695.15,0,18.483,0.104854,5.03607,1.75638,20.0519,1.20978,25.5297,0.42336,0,0,18.483,0.42336,442.007,0,1.02816,0,0,6.06423,5.03607,1.028160,1,0,151.168,0,0,0,151.168,0
43.8279,2.56701,0,0,5.89144,0.198715,0.36288,3.6288,61.308,0.384632,0,0,1.98139,0.250548,1.34621,0.66528,12.849,1,0.803201,0.36288,0,192.708,4.93679,187.331,0.84672,12.849,0.84672,3695.15,0,18.483,0.115958,3.55384,1.75645,17.6145,1.39345,21.4153,0.42336,0,0,18.483,0.42336,442.007,0,1.02816,0,0,4.582,3.55384,1.028160,1,0,210.093,0,0,0,210.093,0
53.0554,2.60624,0,0,12.4019,0.205197,0.36288,3.6288,61.308,0.384669,0,0,5.04617,0.250548,4.41096,0.66528,12.849,1,0.764071,0.36288,0,244.961,4.93679,239.623,0.84672,12.849,0.84672,3695.15,0,18.483,0.115969,8.63811,1.81269,33.4709,1.39345,42.4123,0.42336,0,0,18.483,0.42336,442.007,0,1.02816,0,0,9.66627,8.63811,1.028160,1,0,286.447,0,0,0,286.447,0
61.9456,2.71331,0,0,12.1967,0.230378,0.36288,3.6288,61.308,0.384706,0,0,3.43403,0.245284,2.80404,0.66528,12.849,1,0.657111,0.36288,0,449.364,4.64905,444.421,0.84672,12.849,0.84672,3695.15,0,18.483,0.11598,5.64297,1.81275,26.1519,1.31599,32.1756,0.42336,0,0,18.483,0.42336,442.007,0,1.02816,0,0,6.67113,5.64297,1.028160,1,0,479.4,0,0,0,479.4,0
72.29,2.7915,0,0,13.9356,0.222727,0.577023,3.6288,61.308,0.384742,0,0,3.22916,0.195959,2.64846,0.66528,12.849,1,0.579024,0.577023,0,406.563,3.4452,403.116,0.84672,12.849,0.84672,3695.15,0,18.483,0.115991,5.90573,1.8128,27.6888,1.11586,34.1755,0.42336,0,0,18.483,0.42336,442.007,0,1.02816,0,0,6.93389,5.90573,1.028160,1,0,439.94,0,0,0,439.94,0
72.29,3.14109,0,0,8.57425,0.292016,5.14114,3.6288,61.308,0.522907,0,0,3.2831,0.168688,2.59151,0.66528,12.849,1,0.558305,5.14114,0,232.56,3.6813,233.462,0.84672,12.849,0.84672,3695.15,0,18.483,0.157645,4.73715,1.81286,18.8467,1.10277,24.1363,0.42336,0,0,18.483,0.42336,442.007,0,1.02816,0,0,5.76531,4.73715,1.028160,1,0,260.19,0,0,0,260.19,0
72.29,3.14119,0,0,15.4925,0.299535,12.0517,3.6288,61.308,0.522949,0,0,4.8242,0.151553,4.14969,0.66528,12.849,1,0.558322,12.0517,0,311.213,3.57525,319.131,0.84672,12.849,0.84672,3695.15,0,18.483,0.157657,7.47962,2.01342,35.3374,1.06608,43.6067,0.42336,0,0,18.483,0.42336,442.007,0,1.02816,0,0,8.50778,7.47962,1.028160,1,0,366.887,0,0,0,366.887,0
72.29,3.14128,0,0,6.06881,0.299535,2.62798,3.6288,61.308,0.522989,0,0,2.25151,0.151553,1.57697,0.66528,12.849,1,0.55834,2.62798,0,256.253,3.57525,254.747,0.84672,12.849,0.84672,3695.15,0,18.483,0.15767,3.40367,2.01348,14.6489,1.06608,18.8423,0.42336,0,0,18.483,0.42336,442.007,0,1.02816,0,0,4.43183,3.40367,1.028160,1,0,275.167,0,0,0,275.167,0
72.29,3.14138,0,0,4.82515,0.308212,1.37555,3.6288,61.308,0.52303,0,0,2.0976,0.215846,1.35873,0.66528,12.849,1,0.558357,1.37555,0,159.513,4.34547,155.984,0.84672,12.849,0.84672,3695.15,0,18.483,0.157682,3.14392,2.01354,13.0152,1.19921,16.8158,0.42336,0,0,18.483,0.42336,442.007,0,1.02816,0,0,4.17208,3.14392,1.028160,1,0,174.159,0,0,0,174.159,0
72.29,2.74328,0,0,6.52123,0.31478,3.46317,3.6288,61.308,0.337678,0,0,2.23776,0.172332,1.72775,0.66528,12.849,1,0.487597,3.46317,0,174.218,3.34209,173.851,0.84672,12.849,0.84672,3695.15,0,18.483,0.101803,2.56115,2.01361,11.1847,0.862936,14.7948,0.42336,0,0,18.483,0.42336,442.007,0,1.02816,0,0,3.58931,2.56115,1.028160,1,0,190.374,0,0,0,190.374,0
72.29,2.74336,0,0,5.75748,0.309079,2.70504,3.6288,61.308,0.337714,0,0,1.97233,0.160862,1.47376,0.66528,12.849,1,0.487612,2.70504,0,137.985,3.10905,137.093,0.84672,12.849,0.84672,3695.15,0,18.483,0.101813,1.86364,1.73937,8.89721,0.788369,11.61,0.42336,0,0,18.483,0.42336,442.007,0,1.02816,0,0,2.8918,1.86364,1.028160,1,0,150.177,0,0,0,150.177,0
72.29,2.74345,0,0,5.23086,0.309079,2.17834,3.6288,61.308,0.337749,0,0,1.74854,0.160862,1.24993,0.66528,12.849,1,0.487627,2.17834,0,123.644,3.10905,122.225,0.84672,12.849,0.84672,3695.15,0,18.483,0.101824,2.14298,1.73942,8.32801,0.788369,11.3202,0.42336,0,0,18.483,0.42336,442.007,0,1.02816,0,0,3.17114,2.14298,1.028160,1,0,134.795,0,0,0,134.795,0
72.29,2.74354,0,0,7.69376,0.309079,4.64114,3.6288,61.308,0.337784,0,0,2.13617,0.160862,1.63753,0.66528,12.849,1,0.487643,4.64114,0,168.061,3.10905,169.105,0.84672,12.849,0.84672,3695.15,0,18.483,0.101834,2.50152,1.73947,11.7394,0.788369,15.0902,0.42336,0,0,18.483,0.42336,442.007,0,1.02816,0,0,3.52968,2.50152,1.028160,1,0,185.833,0,0,0,185.833,0
72.29,2.74362,0,0,6.43671,0.281495,3.41159,3.6288,61.308,0.337819,0,0,1.87454,0.173716,1.36301,0.66528,12.849,1,0.487658,3.41159,0,142.622,3.50926,142.037,0.84672,12.849,0.84672,3695.15,0,18.483,0.101845,2.00784,1.73953,10.0712,0.831027,12.8857,0.42336,0,0,18.483,0.42336,442.007,0,1.02816,0,0,3.036,2.00784,1.028160,1,0,156.286,0,0,0,156.286,0
72.29,2.84396,0,0,4.96777,0.24631,1.8775,3.6288,61.308,0.383216,0,0,1.81961,0.204218,1.23218,0.66528,12.849,1,0.505492,1.8775,0,130.103,4.25208,127.223,0.84672,12.849,0.84672,3695.15,0,18.483,0.115531,1.44481,1.73958,8.92417,0.923731,11.0693,0.42336,0,0,18.483,0.42336,442.007,0,1.02816,0,0,2.47297,1.44481,1.028160,1,0,139.524,0,0,0,139.524,0
72.29,2.84404,0,0,4.00023,0.24631,0.90987,3.6288,61.308,0.383252,0,0,1.56279,0.204218,0.975324,0.66528,12.849,1,0.505507,0.90987,0,91.9097,4.25208,88.062,0.84672,12.849,0.84672,3695.15,0,18.483,0.115542,1.20427,1.80737,7.73556,0.923731,9.70794,0.42336,0,0,18.483,0.42336,442.007,0,1.02816,0,0,2.23243,1.20427,1.028160,1,0,98.7453,0,0,0,98.7453,0
72.232,2.84413,0,0,3.38944,0.24044,0.36288,3.6288,61.308,0.383289,0,0,1.34443,0.161011,0.800127,0.66528,12.849,1,0.505523,0.36288,0,71.3578,3.54069,67.6744,0.84672,12.849,0.84672,3695.15,0,18.483,0.115553,0.985954,1.80743,6.72339,0.941291,8.45993,0.42336,0,0,18.483,0.42336,442.007,0,1.02816,0,0,2.01411,0.985954,1.028160,1,0,76.9345,0,0,0,76.9345,0
72.0439,2.84388,0,0,3.23085,0.212171,0.36288,3.6288,61.308,0.383326,0,0,1.23613,0.18283,0.669977,0.66528,12.849,1,0.505884,0.36288,0,64.7247,3.67857,60.9032,0.84672,12.849,0.84672,3695.15,0,18.483,0.115564,0.894084,1.80749,5.91754,1.0259,7.47765,0.42336,0,0,18.483,0.42336,442.007,0,1.02816,0,0,1.92224,0.894084,1.028160,1,0,69.0508,0,0,0,69.0508,0
72.29,2.80366,0,0,3.87325,0.176744,0.646749,3.6288,61.308,0.365742,0,0,1.30181,0.218813,0.71725,0.66528,12.849,1,0.500032,0.646749,0,86.7983,3.4335,83.5115,0.84672,12.849,0.84672,3695.15,0,18.483,0.110263,1.3354,1.80754,6.75328,1.01701,8.76896,0.42336,0,0,18.483,0.42336,442.007,0,1.02816,0,0,2.36356,1.3354,1.028160,1,0,92.9977,0,0,0,92.9977,0
72.29,2.8052,0,0,3.63015,0.177074,0.647876,3.6288,61.308,0.365778,0,0,1.11401,0.218813,0.529415,0.66528,12.849,1,0.498603,0.647876,0,82.1578,3.4335,78.8735,0.84672,12.849,0.84672,3695.15,0,18.483,0.110274,0.893428,1.78123,6.39291,1.01701,7.94029,0.42336,0,0,18.483,0.42336,442.007,0,1.02816,0,0,1.92159,0.893428,1.028160,1,0,87.3432,0,0,0,87.3432,0
72.29,2.80528,0,0,4.29735,0.152746,1.33932,3.6288,61.308,0.365814,0,0,1.10689,0.230682,0.510391,0.66528,12.849,1,0.498618,1.33932,0,86.9115,4.3692,83.383,0.84672,12.849,0.84672,3695.15,0,18.483,0.110285,0.991138,1.78129,8.41769,1.0539,10.0259,0.42336,0,0,18.483,0.42336,442.007,0,1.02816,0,0,2.0193,0.991138,1.028160,1,0,93.9193,0,0,0,93.9193,0
72.2867,2.80537,0,0,3.26523,0.100246,0.36288,3.6288,61.308,0.365851,0,0,1.04458,0.250111,0.428623,0.66528,12.849,1,0.498634,0.36288,0,59.4515,5.24998,54.0658,0.84672,12.849,0.84672,3695.15,0,18.483,0.110296,0.892063,1.78134,6.27074,1.15762,7.67622,0.42336,0,0,18.483,0.42336,442.007,0,1.02816,0,0,1.92022,0.892063,1.028160,1,0,62.1706,0,0,0,62.1706,0
72.29,2.93852,0,0,3.58256,0.113682,0.527085,3.6288,61.308,0.42838,0,0,1.152,0.221689,0.501929,0.66528,12.849,1,0.522324,0.527085,0,70.4578,4.38069,66.0819,0.84672,12.849,0.84672,3695.15,0,18.483,0.129147,0.832334,1.7814,7.03685,1.04086,8.48057,0.42336,0,0,18.483,0.42336,442.007,0,1.02816,0,0,1.86049,0.832334,1.028160,1,0,75.0644,0,0,0,75.0644,0
72.29,2.93863,0,0,3.46143,0.137329,0.385463,3.6288,61.308,0.428418,0,0,1.12712,0.204706,0.493999,0.66528,12.849,1,0.52232,0.385463,0,72.7263,3.9375,68.652,0.84672,12.849,0.84672,3695.15,0,18.483,0.129158,0.824092,1.87366,7.11668,0.953591,8.73169,0.42336,0,0,18.483,0.42336,442.007,0,1.02816,0,0,1.85225,0.824092,1.028160,1,0,77.8777,0,0,0,77.8777,0
71.925,2.93873,0,0,3.07394,0.137329,0.36288,3.6288,61.308,0.428456,0,0,1.09877,0.204706,0.465605,0.66528,12.849,1,0.522336,0.36288,0,61.8413,3.9375,57.7444,0.84672,12.849,0.84672,3695.15,0,18.483,0.12917,0.9248,1.87372,7.03261,0.953591,8.74838,0.42336,0,0,18.483,0.42336,442.007,0,1.02816,0,0,1.95296,0.9248,1.028160,1,0,66.9583,0,0,0,66.9583,0
71.4011,2.93657,0,0,2.85822,0.0826478,0.36288,3.6288,61.308,0.428494,0,0,1.06671,0.242449,0.395768,0.66528,12.849,1,0.524602,0.36288,0,58.0578,4.54377,53.3523,0.84672,12.849,0.84672,3695.15,0,18.483,0.129181,0.972613,1.87378,6.49983,1.10362,8.11342,0.42336,0,0,18.483,0.42336,442.007,0,1.02816,0,0,2.00077,0.972613,1.028160,1,0,61.8615,0,0,0,61.8615,0
70.745,2.9334,0,0,2.72598,0.0857881,0.36288,3.6288,61.308,0.428532,0,0,0.995596,0.244814,0.32225,0.66528,12.849,1,0.52788,0.36288,0,51.1083,4.57054,46.3727,0.84672,12.849,0.84672,3695.15,0,18.483,0.129193,0.476418,1.87384,4.9965,1.13745,6.08012,0.42336,0,0,18.483,0.42336,442.007,0,1.02816,0,0,1.50458,0.476418,1.028160,1,0,52.7751,0,0,0,52.7751,0
70.138,2.90311,0,0,2.74889,0.0899614,0.36288,3.6288,61.308,0.462922,0,0,0.992088,0.247966,0.2812,0.66528,12.849,1,0.527275,0.36288,0,41.6073,4.60625,36.8367,0.84672,12.849,0.84672,3695.15,0,18.483,0.139561,0.394779,1.8739,4.11108,1.18255,5.05764,0.42336,0,0,18.483,0.42336,442.007,0,1.02816,0,0,1.42294,0.394779,1.028160,1,0,42.1755,0,0,0,42.1755,0
69.2995,2.89934,0,0,2.51326,0.0895421,0.36288,3.6288,61.308,0.462961,0,0,0.968285,0.247966,0.257357,0.66528,12.849,1,0.531148,0.36288,0,41.02,4.60625,36.2455,0.84672,12.849,0.84672,3695.15,0,18.483,0.139573,0.420906,1.90269,4.06053,1.18255,5.062,0.42336,0,0,18.483,0.42336,442.007,0,1.02816,0,0,1.44907,0.420906,1.028160,1,0,41.5649,0,0,0,41.5649,0
68.2505,2.89401,0,0,2.29694,0.0889629,0.36288,3.6288,61.308,0.502228,0,0,0.905481,0.247966,0.155286,0.66528,12.849,1,0.536587,0.36288,0,38.5829,4.60625,33.8029,0.84672,12.849,0.84672,3695.15,0,18.483,0.151411,0.261274,1.90275,3.86394,1.18255,4.69399,0.42336,0,0,18.483,0.42336,442.007,0,0.977106,0,0,1.23838,0.261274,1.028160,1,0,38.6522,0,0,0,38.6522,0
67.0428,2.88716,0,0,2.11208,0.0697796,0.36288,3.6288,61.308,0.501637,0,0,0.858073,0.291842,0.0645939,0.66528,12.849,1,0.543544,0.36288,0,34.5449,5.17084,29.1934,0.84672,12.849,0.84672,3695.15,0,18.483,0.151232,0.261274,1.90281,3.67901,1.38864,4.30321,0.42336,0,0,18.483,0.42336,442.007,0,0.977927,0,0,1.2392,0.261274,1.028160,1,0,33.5612,0,0,0,33.5612,0
66.3379,2.94623,0,0,2.67443,0.0702829,0.36288,3.6288,61.308,0.550067,0,0,0.907779,0.299153,0.0585588,0.66528,12.849,1,0.564655,0.36288,0,39.3493,5.42871,33.7188,0.84672,12.849,0.84672,3695.15,0,18.483,0.165833,0.261274,1.90287,3.84858,1.47749,4.3694,0.42336,0,0,18.483,0.42336,442.007,0,0.954798,0,0,1.21607,0.261274,1.028160,1,0,38.1468,0,0,0,38.1468,0
65.5244,2.94129,0,0,2.56065,0.0698913,0.36288,3.6288,61.308,0.53124,0,0,0.88738,0.299153,0.0569866,0.66528,12.849,1,0.5697,0.36288,0,36.8219,5.42871,31.1863,0.84672,12.849,0.84672,3695.15,0,18.483,0.160157,0.261274,1.94872,3.95546,1.47749,4.52781,0.42336,0,0,18.483,0.42336,442.007,0,0.979353,0,0,1.24063,0.261274,1.028160,1,0,35.7711,0,0,0,35.7711,0
64.3895,2.93547,0,0,2.23284,0.0694396,0.36288,3.6288,61.2258,0.619806,0,0,0.836793,0.299153,0,0.66528,12.849,1,0.57563,0.36288,0,34.8861,5.42871,29.2446,0.84672,12.849,0.84672,3695.15,0,18.483,0.186858,0.261274,1.94878,3.77952,1.47749,4.32524,0.42336,0,0,18.483,0.42336,442.007,0,0.864138,0,0,1.12541,0.261274,1.028160,1,0,33.5698,0,0,0,33.5698,0
63.0945,2.9271,0,0,2.05921,0.0642017,0.36288,3.6288,61.1148,0.631825,0,0,0.822424,0.301587,0,0.66528,12.849,1,0.584107,0.36288,0,32.9118,5.50349,27.1871,0.84672,12.849,0.84672,3695.15,0,18.483,0.190737,0.227405,1.94884,3.74513,1.49243,4.23821,0.42336,0,0,18.483,0.42336,442.007,0,0.848293,0,0,1.0757,0.227405,1.028160,1,0,31.4253,0,0,0,31.4253,0
61.8604,3.11206,0,0,2.30163,0.0607888,0.36288,3.6288,61.1291,0.63631,0,0,0.972562,0.322015,0,0.66528,12.849,1,0.633762,0.36288,0,41.7669,5.95215,35.5439,0.84672,12.849,0.84672,3695.15,0,18.483,0.19244,0.227405,1.9489,5.0351,1.45243,5.56654,0.42336,0,0,18.483,0.42336,442.007,0,0.986014,0,0,1.21342,0.227405,1.028160,1,0,41.1104,0,0,0,41.1104,0
60.9642,3.10169,0,0,2.64029,0.0719207,0.36288,3.6288,60.9905,0.667794,0,0,0.860898,0.331642,0,0.66528,12.849,1,0.644251,0.36288,0,46.3613,6.05241,40.0275,0.84672,12.849,0.84672,3695.15,0,18.483,0.201914,0.227405,2.10405,4.31935,1.4072,5.0417,0.42336,0,0,18.483,0.42336,442.007,0,0.945112,0,0,1.17252,0.227405,1.028160,1,0,45.0692,0,0,0,45.0692,0
59.2046,3.09397,0,0,1.80548,0.108273,0.36288,3.6288,60.514,0.825692,0,0,0.668943,0.319751,0,0.66528,12.849,1,0.652094,0.36288,0,32.9187,5.8997,26.7298,0.84672,12.849,0.84672,3695.15,0,18.483,0.250223,0.227405,2.10412,3.05665,1.37295,3.765,0.42336,0,0,18.483,0.42336,442.007,0,0.738962,0,0,0.966367,0.227405,1.028160,1,0,30.4947,0,0,0,30.4947,0
57.2171,3.07814,0,0,1.6028,0.149211,0.36288,3.6288,60.1075,0.776858,0,0,0.671432,0.301078,0,0.66528,12.849,1,0.66804,0.36288,0,29.8102,5.8296,23.6755,0.84672,12.849,0.84672,3695.15,0,18.483,0.237278,0.204422,2.10419,2.82881,1.32558,3.57457,0.42336,0,0,18.483,0.42336,442.007,0,0.800798,0,0,1.00522,0.204422,1.028160,1,0,27.2501,0,0,0,27.2501,0
55.4994,3.05928,0,0,1.85471,0.150292,0.36288,3.6288,59.8176,0.731671,0,0,0.732033,0.290305,0,0.66528,12.849,1,0.68701,0.36288,0,31.0796,5.57715,25.1784,0.84672,12.849,0.84672,3695.15,0,18.483,0.224988,0.204422,2.10425,2.72534,1.27735,3.53168,0.42336,0,0,18.483,0.42336,442.007,0,0.858332,0,0,1.06275,0.204422,1.028160,1,0,28.71,0,0,0,28.71,0
54.9347,2.94929,0,0,2.90493,0.157436,0.36288,3.6288,60.4106,0.534426,0,0,1.39222,0.264825,0,0.66528,12.849,1,0.682809,0.36288,0,35.4249,4.94602,30.159,0.84672,12.849,0.84672,3695.15,0,18.483,0.165132,0.514158,2.10432,3.88972,1.15677,5.18629,0.42336,0,0,18.483,0.42336,442.007,0,1.02816,0,0,1.54232,0.514158,1.028160,1,0,35.3453,0,0,0,35.3453,0
54.1249,2.9437,0,0,2.65329,0.156548,0.36288,3.6288,60.6615,0.535708,0,0,1.05249,0.265827,0,0.66528,12.849,1,0.688519,0.36288,0,39.8769,4.94602,34.6052,0.84672,12.849,0.84672,3695.15,0,18.483,0.163903,0.271322,2.01549,3.20691,1.15677,4.17305,0.42336,0,0,18.483,0.42336,442.007,0,1.02816,0,0,1.29948,0.271322,1.028160,1,0,38.7783,0,0,0,38.7783,0
53.008,2.93546,0,0,2.35063,0.16915,0.36288,3.6288,60.9023,0.536269,0,0,1.03277,0.25573,0,0.66528,12.849,1,0.696866,0.36288,0,42.3664,4.77801,37.2544,0.84672,12.849,0.84672,3695.15,0,18.483,0.163396,0.236226,2.01555,3.28145,1.11318,4.25666,0.42336,0,0,18.483,0.42336,442.007,0,1.02816,0,0,1.26439,0.236226,1.028160,1,0,41.5111,0,0,0,41.5111,0
51.9349,2.92374,0,0,2.49635,0.282882,0.36288,3.6288,61.1878,0.536806,0,0,0.996132,0.173789,0,0.66528,12.849,1,0.708706,0.36288,0,47.9715,4.87647,42.7492,0.84672,12.849,0.84672,3695.15,0,18.483,0.162913,0.264142,2.01562,3.99138,0.918227,5.19,0.42336,0,0,18.483,0.42336,442.007,0,1.02816,0,0,1.2923,0.264142,1.028160,1,0,47.9392,0,0,0,47.9392,0
50.3571,2.83686,0,0,1.79219,0.170237,0.36288,3.6288,61.1572,0.538316,0,0,0.682154,0.174492,0,0.66528,12.849,1,0.701857,0.36288,0,28.8375,4.55423,23.9443,0.84672,12.849,0.84672,3695.15,0,18.483,0.162609,0.216518,2.01568,3.72507,0.957647,4.83701,0.42336,0,0,18.483,0.42336,442.007,0,0.947506,0,0,1.16402,0.216518,1.028160,1,0,28.7813,0,0,0,28.7813,0
48.8294,2.81943,0,0,1.89548,0.240869,0.36288,3.6288,60.739,0.72438,0,0,0.469336,0.163148,0,0.66528,12.849,1,0.7194,0.36288,0,30.7189,4.58336,25.779,0.84672,12.849,0.84672,3695.15,0,18.483,0.218923,0.216518,1.93673,2.53752,1.10705,3.36481,0.42336,0,0,18.483,0.42336,442.007,0,0.70518,0,0,0.921698,0.216518,1.028160,1,0,29.1438,0,0,0,29.1438,0
47.0386,2.8017,0,0,1.61075,0.236976,0.36288,3.6288,60.5394,0.563607,0,0,0.526729,0.162717,0,0.66528,12.849,1,0.737242,0.36288,0,25.1113,4.58336,20.1536,0.84672,12.849,0.84672,3695.15,0,18.483,0.171507,0.216518,1.93679,2.82045,1.10705,3.69521,0.42336,0,0,18.483,0.42336,442.007,0,0.913421,0,0,1.12994,0.216518,1.028160,1,0,23.8488,0,0,0,23.8488,0
48.6248,2.77974,0,0,4.96126,0.232386,0.36288,3.6288,61.308,0.475311,0,0,1.6856,0.162511,0.279162,0.66528,12.849,1,0.759311,0.36288,0,87.0004,4.58336,82.0206,0.84672,12.849,0.84672,3695.15,0,18.483,0.145115,2.58553,1.93685,6.70658,1.10705,9.9768,0.42336,0,0,18.483,0.42336,442.007,0,1.02816,0,0,3.61369,2.58553,1.028160,1,0,92.2766,0,0,0,92.2766,0
51.5346,2.58859,0,0,6.05499,0.193694,0.36288,3.6288,61.308,0.349508,0,0,2.08898,0.189466,1.55001,0.66528,12.849,1,0.68403,0.36288,0,85.0876,3.80468,80.9618,0.84672,12.849,0.84672,3695.15,0,18.483,0.105369,1.65232,1.93692,8.52358,0.943965,11.0635,0.42336,0,0,18.483,0.42336,442.007,0,1.02816,0,0,2.68048,1.65232,1.028160,1,0,93.5752,0,0,0,93.5752,0
54,2.61959,0,0,5.7047,0.256843,0.36288,3.6288,61.308,0.349544,0,0,1.74766,0.170845,1.22728,0.66528,12.849,1,0.653136,0.36288,0,47.1054,3.62639,43.1887,0.84672,12.849,0.84672,3695.15,0,18.483,0.10538,1.47603,1.75908,7.94068,0.85385,10.2166,0.42336,0,0,18.483,0.42336,442.007,0,1.02816,0,0,2.50419,1.47603,1.028160,1,0,54.6326,0,0,0,54.6326,0
58.1281,2.64376,0,0,7.39817,0.263432,0.36288,3.6288,61.308,0.349579,0,0,2.52919,0.170845,2.00876,0.66528,12.849,1,0.629068,0.36288,0,86.2773,3.62639,82.3847,0.84672,12.849,0.84672,3695.15,0,18.483,0.10539,1.64618,1.75914,10.5132,0.85385,12.9592,0.42336,0,0,18.483,0.42336,442.007,0,1.02816,0,0,2.67434,1.64618,1.028160,1,0,97.3527,0,0,0,97.3527,0
63.2203,2.68043,0,0,8.40992,0.274465,0.36288,3.6288,61.308,0.349615,0,0,3.02657,0.170845,2.50611,0.66528,12.849,1,0.592499,0.36288,0,80.5404,3.62639,76.6843,0.84672,12.849,0.84672,3695.15,0,18.483,0.105401,2.14685,1.75919,11.6738,0.85385,14.6206,0.42336,0,0,18.483,0.42336,442.007,0,1.02816,0,0,3.17501,2.14685,1.028160,1,0,93.811,0,0,0,93.811,0
69.3679,2.72018,0,0,9.48995,0.259273,0.36288,3.6288,61.308,0.34965,0,0,4.01608,0.209373,3.45706,0.66528,12.849,1,0.552854,0.36288,0,158.382,4.24316,153.949,0.84672,12.849,0.84672,3695.15,0,18.483,0.105412,2.99984,1.75925,16.599,1.11071,20.142,0.42336,0,0,18.483,0.42336,442.007,0,1.02816,0,0,4.028,2.99984,1.028160,1,0,177.548,0,0,0,177.548,0
72.164,2.84811,0,0,6.31161,0.304537,0.36288,3.6288,61.308,0.386532,0,0,1.81158,0.188938,1.23611,0.66528,12.849,1,0.527554,0.36288,0,128.667,3.5762,124.926,0.84672,12.849,0.84672,3695.15,0,18.483,0.116531,1.94303,1.7593,7.76805,0.876808,10.477,0.42336,0,0,18.483,0.42336,442.007,0,1.02816,0,0,2.97119,1.94303,1.028160,1,0,136.639,0,0,0,136.639,0
72.29,2.86552,0,0,3.69848,0.311144,0.395777,3.6288,61.308,0.38656,0,0,1.24233,0.188938,0.666831,0.66528,12.849,1,0.510215,0.395777,0,70.6184,3.5762,66.9278,0.84672,12.849,0.84672,3695.15,0,18.483,0.116539,0.971801,1.81562,5.87173,0.876808,7.6658,0.42336,0,0,18.483,0.42336,442.007,0,1.02816,0,0,1.99996,0.971801,1.028160,1,0,75.2604,0,0,0,75.2604,0
71.4676,2.86635,0,0,2.7346,0.327732,0.36288,3.6288,61.308,0.386588,0,0,1.04537,0.189267,0.469517,0.66528,12.849,1,0.509472,0.36288,0,51.3571,3.53159,47.6789,0.84672,12.849,0.84672,3695.15,0,18.483,0.116548,0.718684,1.81566,4.89961,0.907216,6.4102,0.42336,0,0,18.483,0.42336,442.007,0,1.02816,0,0,1.74684,0.718684,1.028160,1,0,54.5586,0,0,0,54.5586,0
71.1731,2.86145,0,0,3.29596,0.366156,0.36288,3.6288,61.308,0.386615,0,0,1.21193,0.190089,0.635228,0.66528,12.849,1,0.514453,0.36288,0,71.0907,3.42006,67.5191,0.84672,12.849,0.84672,3695.15,0,18.483,0.116556,1.105,1.81571,5.52265,0.983234,7.34357,0.42336,0,0,18.483,0.42336,442.007,0,1.02816,0,0,2.13316,1.105,1.028160,1,0,75.4979,0,0,0,75.4979,0
71.3289,3.13864,0,0,4.02035,0.363023,0.36288,3.6288,61.308,0.524991,0,0,1.14412,0.16655,0.452577,0.66528,12.849,1,0.566624,0.36288,0,81.4147,2.64531,78.5657,0.84672,12.849,0.84672,3695.15,0,18.483,0.158273,0.990732,1.81575,4.96866,0.7938,6.82307,0.42336,0,0,18.483,0.42336,442.007,0,1.02816,0,0,2.01889,0.990732,1.028160,1,0,85.8413,0,0,0,85.8413,0
71.242,3.13976,0,0,3.77825,0.362532,0.36288,3.6288,61.308,0.525022,0,0,1.09509,0.157134,0.412939,0.66528,12.849,1,0.565588,0.36288,0,82.1465,2.33541,79.6084,0.84672,12.849,0.84672,3695.15,0,18.483,0.158282,0.950003,2.01661,4.56845,0.718026,6.65876,0.42336,0,0,18.483,0.42336,442.007,0,1.02816,0,0,1.97816,0.950003,1.028160,1,0,86.6801,0,0,0,86.6801,0
71.1853,3.13925,0,0,3.78834,0.342945,0.36288,3.6288,61.308,0.525053,0,0,1.20399,0.182152,0.496788,0.66528,12.849,1,0.566186,0.36288,0,79.8224,3.31205,76.307,0.84672,12.849,0.84672,3695.15,0,18.483,0.158292,1.08442,2.01666,5.0896,1.04806,6.98432,0.42336,0,0,18.483,0.42336,442.007,0,1.02816,0,0,2.11258,1.08442,1.028160,1,0,83.7881,0,0,0,83.7881,0
71.4467,3.13894,0,0,4.07643,0.313184,0.36288,3.6288,61.308,0.525084,0,0,1.18352,0.187023,0.471417,0.66528,12.849,1,0.566582,0.36288,0,84.9787,3.32542,81.4496,0.84672,12.849,0.84672,3695.15,0,18.483,0.158301,1.27534,2.01671,5.8937,0.998247,8.0292,0.42336,0,0,18.483,0.42336,442.007,0,1.02816,0,0,2.3035,1.27534,1.028160,1,0,89.9502,0,0,0,89.9502,0
72.29,2.74266,0,0,4.33585,0.295144,0.454742,3.6288,61.308,0.339433,0,0,1.43862,0.186014,0.913173,0.66528,12.849,1,0.493241,0.454742,0,71.9021,3.26016,68.6034,0.84672,12.849,0.84672,3695.15,0,18.483,0.102332,0.892201,2.01675,5.48545,0.973158,7.31892,0.42336,0,0,18.483,0.42336,442.007,0,1.02816,0,0,1.92036,0.892201,1.028160,1,0,76.8355,0,0,0,76.8355,0
72.29,2.74761,0,0,4.32712,0.296144,1.28336,3.6288,61.308,0.33946,0,0,1.81779,0.182537,1.29579,0.66528,12.849,1,0.488367,1.28336,0,99.1734,3.34551,96.6229,0.84672,12.849,0.84672,3695.15,0,18.483,0.10234,1.78133,1.74207,6.08653,1.02399,8.4836,0.42336,0,0,18.483,0.42336,442.007,0,1.02816,0,0,2.80949,1.78133,1.028160,1,0,106.402,0,0,0,106.402,0
72.29,2.74768,0,0,4.0101,0.312448,0.949976,3.6288,61.308,0.339486,0,0,1.18054,0.160882,0.680166,0.66528,12.849,1,0.488379,0.949976,0,67.467,3.0972,64.8314,0.84672,12.849,0.84672,3695.15,0,18.483,0.102348,0.750177,1.74211,4.25045,0.954977,5.68541,0.42336,0,0,18.483,0.42336,442.007,0,1.02816,0,0,1.77834,0.750177,1.028160,1,0,71.197,0,0,0,71.197,0
72.29,2.74774,0,0,4.11732,0.351667,1.01791,3.6288,61.308,0.339513,0,0,1.15023,0.115074,0.695639,0.66528,12.849,1,0.48839,1.01791,0,61.2022,2.66154,59.0702,0.84672,12.849,0.84672,3695.15,0,18.483,0.102356,0.78891,1.74215,3.89876,0.832905,5.49456,0.42336,0,0,18.483,0.42336,442.007,0,1.02816,0,0,1.81707,0.78891,1.028160,1,0,65.2604,0,0,0,65.2604,0
72.29,2.74781,0,0,4.20773,0.332393,1.12753,3.6288,61.308,0.33954,0,0,1.17363,0.164279,0.669813,0.66528,12.849,1,0.488402,1.12753,0,88.554,3.68985,85.5032,0.84672,12.849,0.84672,3695.15,0,18.483,0.102364,0.925932,1.7422,4.73698,1.09299,6.20975,0.42336,0,0,18.483,0.42336,442.007,0,1.02816,0,0,1.95409,0.925932,1.028160,1,0,92.3828,0,0,0,92.3828,0
72.29,2.84827,0,0,4.27546,0.30733,1.11986,3.6288,61.308,0.384996,0,0,1.10743,0.162351,0.560085,0.66528,12.849,1,0.506259,1.11986,0,108.76,3.4839,105.89,0.84672,12.849,0.84672,3695.15,0,18.483,0.116068,0.879906,1.74224,5.65286,0.986331,7.1726,0.42336,0,0,18.483,0.42336,442.007,0,1.02816,0,0,1.90807,0.879906,1.028160,1,0,113.623,0,0,0,113.623,0
72.29,2.84834,0,0,3.566,0.30733,0.410327,3.6288,61.308,0.385024,0,0,1.15417,0.162351,0.606791,0.66528,12.849,1,0.506271,0.410327,0,74.9321,3.4839,71.3523,0.84672,12.849,0.84672,3695.15,0,18.483,0.116076,1.0131,1.81012,3.94981,0.986331,5.67062,0.42336,0,0,18.483,0.42336,442.007,0,1.02816,0,0,2.04126,1.0131,1.028160,1,0,77.6297,0,0,0,77.6297,0
72.088,2.84841,0,0,3.3212,0.311903,0.36288,3.6288,61.308,0.385052,0,0,1.31282,0.15794,0.769831,0.66528,12.849,1,0.506283,0.36288,0,66.0476,3.37577,62.5284,0.84672,12.849,0.84672,3695.15,0,18.483,0.116085,1.07598,1.81016,5.38936,0.965771,7.19365,0.42336,0,0,18.483,0.42336,442.007,0,1.02816,0,0,2.10414,1.07598,1.028160,1,0,70.4919,0,0,0,70.4919,0
71.5932,2.84727,0,0,3.00415,0.288818,0.36288,3.6288,61.308,0.385079,0,0,1.54515,0.164348,0.995724,0.66528,12.849,1,0.507499,0.36288,0,63.1498,3.37477,59.6305,0.84672,12.849,0.84672,3695.15,0,18.483,0.116093,1.43472,1.8102,4.51299,0.961905,6.67992,0.42336,0,0,18.483,0.42336,442.007,0,1.02816,0,0,2.46288,1.43472,1.028160,1,0,67.3061,0,0,0,67.3061,0
70.6954,2.80516,0,0,2.5198,0.24951,0.36288,3.6288,61.308,0.367461,0,0,1.1198,0.1886,0.563743,0.66528,12.849,1,0.503449,0.36288,0,59.7229,3.72855,55.8538,0.84672,12.849,0.84672,3695.15,0,18.483,0.110781,1.48417,1.81025,4.18725,1.09088,6.28,0.42336,0,0,18.483,0.42336,442.007,0,1.02816,0,0,2.51233,1.48417,1.028160,1,0,62.6975,0,0,0,62.6975,0
70.6055,2.79982,0,0,3.3206,0.247801,0.36288,3.6288,61.308,0.367488,0,0,1.25035,0.1886,0.694266,0.66528,12.849,1,0.508871,0.36288,0,65.928,3.72855,62.0535,0.84672,12.849,0.84672,3695.15,0,18.483,0.11079,1.62593,1.78388,3.64363,1.09088,5.85176,0.42336,0,0,18.483,0.42336,442.007,0,1.02816,0,0,2.65409,1.62593,1.028160,1,0,68.5995,0,0,0,68.5995,0
70.22,2.79933,0,0,2.99429,0.217574,0.36288,3.6288,61.308,0.367515,0,0,1.21895,0.195741,0.655692,0.66528,12.849,1,0.509431,0.36288,0,71.647,3.94527,67.5552,0.84672,12.849,0.84672,3695.15,0,18.483,0.110798,1.54684,1.78392,3.43408,1.05076,5.60328,0.42336,0,0,18.483,0.42336,442.007,0,1.02816,0,0,2.575,1.54684,1.028160,1,0,73.8142,0,0,0,73.8142,0
69.1099,2.79704,0,0,2.24427,0.194455,0.36288,3.6288,61.308,0.367543,0,0,1.05405,0.201096,0.485415,0.66528,12.849,1,0.511807,0.36288,0,53.9247,4.10781,49.668,0.84672,12.849,0.84672,3695.15,0,18.483,0.110806,1.20595,1.78396,3.06206,1.02067,4.92049,0.42336,0,0,18.483,0.42336,442.007,0,1.02816,0,0,2.23411,1.20595,1.028160,1,0,55.0739,0,0,0,55.0739,0
67.7442,2.92253,0,0,2.09716,0.177473,0.36288,3.6288,61.308,0.430154,0,0,0.888546,0.204655,0.253737,0.66528,12.849,1,0.54336,0.36288,0,46.9393,3.97401,42.7848,0.84672,12.849,0.84672,3695.15,0,18.483,0.129682,1.05897,1.78401,2.75732,1.03724,4.43337,0.42336,0,0,18.483,0.42336,442.007,0,1.02816,0,0,2.08713,1.05897,1.028160,1,0,47.4719,0,0,0,47.4719,0
66.3382,2.91339,0,0,2.0345,0.164222,0.36288,3.6288,61.308,0.430183,0,0,0.846132,0.207325,0.208625,0.66528,12.849,1,0.55258,0.36288,0,41.7804,3.87366,37.7171,0.84672,12.849,0.84672,3695.15,0,18.483,0.129691,1.02848,1.87639,2.72517,1.04966,4.45069,0.42336,0,0,18.483,0.42336,442.007,0,1.02816,0,0,2.05664,1.02848,1.028160,1,0,42.3764,0,0,0,42.3764,0
64.8804,2.90365,0,0,1.97112,0.162407,0.36288,3.6288,61.308,0.430212,0,0,0.886645,0.207325,0.249109,0.66528,12.849,1,0.562405,0.36288,0,39.6437,3.87366,35.5705,0.84672,12.849,0.84672,3695.15,0,18.483,0.129699,0.953649,1.87644,2.82887,1.04966,4.47959,0.42336,0,0,18.483,0.42336,442.007,0,1.02816,0,0,1.98181,0.953649,1.028160,1,0,40.2992,0,0,0,40.2992,0
63.3098,2.89317,0,0,1.84596,0.160526,0.36288,3.6288,61.308,0.43024,0,0,0.817923,0.207325,0.180358,0.66528,12.849,1,0.572966,0.36288,0,37.1575,3.87366,33.0738,0.84672,12.849,0.84672,3695.15,0,18.483,0.129708,0.773842,1.87648,2.56315,1.04966,4.0341,0.42336,0,0,18.483,0.42336,442.007,0,1.02816,0,0,1.802,0.773842,1.028160,1,0,37.2882,0,0,0,37.2882,0
61.7874,2.88142,0,0,1.8391,0.117213,0.36288,3.6288,61.308,0.430269,0,0,0.808929,0.249384,0.129276,0.66528,12.849,1,0.584796,0.36288,0,35.6638,4.74658,30.6953,0.84672,12.849,0.84672,3695.15,0,18.483,0.129717,0.930174,1.87653,2.67802,1.18564,4.16936,0.42336,0,0,18.483,0.42336,442.007,0,1.02816,0,0,1.95833,0.930174,1.028160,1,0,34.994,0,0,0,34.994,0
60.4965,2.84386,0,0,2.02563,0.109839,0.36288,3.6288,61.308,0.464699,0,0,0.869694,0.266134,0.138861,0.66528,12.849,1,0.591394,0.36288,0,37.1269,4.88408,32.0144,0.84672,12.849,0.84672,3695.15,0,18.483,0.140096,0.926389,1.87657,3.19272,1.23529,4.62029,0.42336,0,0,18.483,0.42336,442.007,0,1.02816,0,0,1.95455,0.926389,1.028160,1,0,36.7735,0,0,0,36.7735,0
59.08,2.83351,0,0,1.88857,0.10867,0.36288,3.6288,61.308,0.464729,0,0,0.835644,0.266134,0.104781,0.66528,12.849,1,0.601817,0.36288,0,36.6358,4.88408,31.5128,0.84672,12.849,0.84672,3695.15,0,18.483,0.140105,0.847619,1.90539,3.26239,1.23529,4.64,0.42336,0,0,18.483,0.42336,442.007,0,1.02816,0,0,1.87578,0.847619,1.028160,1,0,36.2576,0,0,0,36.2576,0
57.4989,2.82173,0,0,1.71077,0.107229,0.36288,3.6288,61.308,0.464758,0,0,0.798509,0.266134,0.0676169,0.66528,12.849,1,0.613683,0.36288,0,36.0037,4.88408,30.8689,0.84672,12.849,0.84672,3695.15,0,18.483,0.140114,0.75441,1.90543,3.082,1.23529,4.36644,0.42336,0,0,18.483,0.42336,442.007,0,1.02816,0,0,1.78257,0.75441,1.028160,1,0,35.3029,0,0,0,35.3029,0
55.7843,2.808,0,0,1.55767,0.101381,0.36288,3.6288,61.308,0.464788,0,0,0.755188,0.277103,0.0132974,0.66528,12.849,1,0.627491,0.36288,0,31.6938,5.02523,26.4039,0.84672,12.849,0.84672,3695.15,0,18.483,0.140123,0.584142,1.90548,2.99132,1.28681,4.05401,0.42336,0,0,18.483,0.42336,442.007,0,1.02816,0,0,1.6123,0.584142,1.028160,1,0,30.4712,0,0,0,30.4712,0
54.1631,2.85756,0,0,1.67235,0.0731091,0.36288,3.6288,61.308,0.495479,0,0,0.929232,0.330458,0.103295,0.66528,12.849,1,0.658192,0.36288,0,32.5886,5.94845,26.3449,0.84672,12.849,0.84672,3695.15,0,18.483,0.149376,0.740673,1.90552,2.67441,1.5554,3.61582,0.42336,0,0,18.483,0.42336,442.007,0,1.02816,0,0,1.76883,0.740673,1.028160,1,0,30.064,0,0,0,30.064,0
52.5229,2.8417,0,0,1.63605,0.0716452,0.36288,3.6288,61.308,0.49551,0,0,0.854202,0.328381,0.0303116,0.66528,12.849,1,0.674132,0.36288,0,31.9717,5.96117,25.6993,0.84672,12.849,0.84672,3695.15,0,18.483,0.149385,0.845044,1.95142,2.77775,1.54865,3.87619,0.42336,0,0,18.483,0.42336,442.007,0,1.02816,0,0,1.8732,0.845044,1.028160,1,0,29.6058,0,0,0,29.6058,0
50.7957,2.82486,0,0,1.53098,0.070455,0.36288,3.6288,61.2748,0.49554,0,0,0.790672,0.328381,0,0.66528,12.849,1,0.691062,0.36288,0,28.8624,5.96117,22.5731,0.84672,12.849,0.84672,3695.15,0,18.483,0.149394,0.764649,1.95147,2.47913,1.54865,3.49721,0.42336,0,0,18.483,0.42336,442.007,0,1.02816,0,0,1.79281,0.764649,1.028160,1,0,26.0703,0,0,0,26.0703,0
48.963,2.80617,0,0,1.40552,0.0692016,0.36288,3.6288,61.2329,0.495508,0,0,0.781998,0.328312,0,0.66528,12.849,1,0.709833,0.36288,0,26.3837,5.96117,20.0756,0.84672,12.849,0.84672,3695.15,0,18.483,0.149466,0.617406,1.95152,2.42468,1.54865,3.29549,0.42336,0,0,18.483,0.42336,442.007,0,1.02816,0,0,1.64557,0.617406,1.028160,1,0,23.3711,0,0,0,23.3711,0
47.3043,2.9712,0,0,1.73536,0.0600006,0.36288,3.6288,61.1657,0.606113,0,0,0.874886,0.335961,0,0.66528,12.849,1,0.77971,0.36288,0,27.8765,6.21132,21.2484,0.84672,12.849,0.84672,3695.15,0,18.483,0.182954,0.878118,1.95156,3.52243,1.59332,4.57583,0.42336,0,0,18.483,0.42336,442.007,0,1.02816,0,0,1.90628,0.878118,1.028160,1,0,25.8242,0,0,0,25.8242,0
45.8697,2.94977,0,0,1.94054,0.062495,0.36288,3.6288,61.0691,0.605991,0,0,0.859628,0.350325,0,0.66528,12.849,1,0.801229,0.36288,0,31.3046,6.29254,24.5737,0.84672,12.849,0.84672,3695.15,0,18.483,0.183118,0.621553,2.10691,3.09004,1.59244,4.04295,0.42336,0,0,18.483,0.42336,442.007,0,1.02816,0,0,1.64971,0.621553,1.028160,1,0,28.6167,0,0,0,28.6167,0
44.072,2.93026,0,0,1.55696,0.0615092,0.36288,3.6288,60.7891,0.605802,0,0,0.67595,0.350111,0,0.66528,12.849,1,0.820824,0.36288,0,36.821,6.29254,30.0705,0.84672,12.849,0.84672,3695.15,0,18.483,0.18335,0.295194,2.10696,2.56688,1.59244,3.19324,0.42336,0,0,18.483,0.42336,442.007,0,1.02816,0,0,1.32335,0.295194,1.028160,1,0,33.2638,0,0,0,33.2638,0
42.5883,2.90445,0,0,1.84395,0.0602739,0.36288,3.6288,60.8662,0.605187,0,0,1.03182,0.34949,0,0.66528,12.849,1,0.84672,0.36288,0,31.6044,6.29254,24.828,0.84672,12.849,0.84672,3695.15,0,18.483,0.184008,0.962574,2.10701,3.47119,1.59244,4.76432,0.42336,0,0,18.483,0.42336,442.007,0,1.02816,0,0,1.99073,0.962574,1.028160,1,0,29.5924,0,0,0,29.5924,0
40.7755,2.90454,0,0,1.51484,0.0602615,0.36288,3.6288,60.7216,0.605399,0,0,0.794699,0.333929,0,0.66528,12.849,1,0.84672,0.36288,0,31.0214,5.87139,24.6662,0.84672,12.849,0.84672,3695.15,0,18.483,0.183839,0.575009,2.10706,3.47579,1.43364,4.54038,0.42336,0,0,18.483,0.42336,442.007,0,1.02816,0,0,1.60317,0.575009,1.028160,1,0,29.2066,0,0,0,29.2066,0
39.1357,2.79017,0,0,1.56503,0.0517854,0.36288,3.6288,60.7076,0.538057,0,0,0.859516,0.335483,0,0.66528,12.849,1,0.84672,0.36288,0,27.5098,5.93229,21.0937,0.84672,12.849,0.84672,3695.15,0,18.483,0.163779,0.465903,2.10711,3.21462,1.48819,4.13566,0.42336,0,0,18.483,0.42336,442.007,0,1.02816,0,0,1.49406,0.465903,1.028160,1,0,25.2294,0,0,0,25.2294,0
37.6572,2.79026,0,0,1.77606,0.101368,0.36288,3.6288,60.7113,0.538059,0,0,0.829077,0.287331,0,0.66528,12.849,1,0.84672,0.36288,0,23.2075,5.54578,17.1778,0.84672,12.849,0.84672,3695.15,0,18.483,0.163817,0.369291,2.01815,2.42413,1.35544,3.29232,0.42336,0,0,18.483,0.42336,442.007,0,1.02816,0,0,1.39745,0.369291,1.028160,1,0,20.4702,0,0,0,20.4702,0
36.7539,2.79034,0,0,2.34957,0.099637,0.36288,3.6288,60.9644,0.538098,0,0,1.07858,0.287337,0,0.66528,12.849,1,0.84672,0.36288,0,33.7834,5.54578,27.7538,0.84672,12.849,0.84672,3695.15,0,18.483,0.163819,0.905714,2.0182,3.48003,1.35544,4.88468,0.42336,0,0,18.483,0.42336,442.007,0,1.02816,0,0,1.93387,0.905714,1.028160,1,0,32.6385,0,0,0,32.6385,0
36.5598,2.79043,0,0,3.05772,0.0985793,0.36288,3.6288,61.308,0.538651,0,0,1.52621,0.287799,0.356184,0.66528,12.849,1,0.84672,0.36288,0,66.1481,5.54578,60.1185,0.84672,12.849,0.84672,3695.15,0,18.483,0.163307,1.68149,2.01824,4.13267,1.35544,6.31366,0.42336,0,0,18.483,0.42336,442.007,0,1.02816,0,0,2.70965,1.68149,1.028160,1,0,66.7883,0,0,0,66.7883,0
35.2468,2.69656,0,0,1.88902,0.142587,0.36288,3.6288,61.308,0.478221,0,0,0.778092,0.249904,0.0499663,0.66528,12.849,1,0.84672,0.36288,0,44.0506,5.05896,38.5078,0.84672,12.849,0.84672,3695.15,0,18.483,0.144173,0.402589,2.01829,4.24309,1.23084,5.28895,0.42336,0,0,18.483,0.42336,442.007,0,1.02816,0,0,1.43075,0.402589,1.028160,1,0,43.8467,0,0,0,43.8467,0
33.8163,2.69664,0,0,1.78685,0.157776,0.36288,3.6288,61.308,0.478251,0,0,1.25364,0.234496,0.540891,0.66528,12.849,1,0.84672,0.36288,0,43.3689,4.86423,38.0208,0.84672,12.849,0.84672,3695.15,0,18.483,0.144182,0.770774,1.93923,4.25118,1.18101,5.636,0.42336,0,0,18.483,0.42336,442.007,0,1.02816,0,0,1.79893,0.770774,1.028160,1,0,44.1977,0,0,0,44.1977,0
32.0824,2.69672,0,0,1.49137,0.165675,0.36288,3.6288,61.308,0.478281,0,0,0.9849,0.239107,0.267511,0.66528,12.849,1,0.84672,0.36288,0,38.1936,4.50882,33.2009,0.84672,12.849,0.84672,3695.15,0,18.483,0.144191,0.479157,1.93927,5.54958,1.10541,6.71841,0.42336,0,0,18.483,0.42336,442.007,0,1.02816,0,0,1.50732,0.479157,1.028160,1,0,40.1868,0,0,0,40.1868,0
31.7672,2.69681,0,0,2.92048,0.176008,0.36288,3.6288,61.308,0.478311,0,0,1.61634,0.245256,0.89277,0.66528,12.849,1,0.84672,0.36288,0,71.2117,4.03494,66.693,0.84672,12.849,0.84672,3695.15,0,18.483,0.1442,1.40263,1.93932,7.42452,1.00462,9.61765,0.42336,0,0,18.483,0.42336,442.007,0,1.02816,0,0,2.43079,1.40263,1.028160,1,0,77.2034,0,0,0,77.2034,0
32.239,2.43002,0,0,3.44631,0.18164,0.36288,3.6288,61.308,0.350941,0,0,0.907419,0.208681,0.347798,0.66528,12.849,1,0.84672,0.36288,0,53.9694,4.04273,49.4428,0.84672,12.849,0.84672,3695.15,0,18.483,0.105801,0.60715,1.93937,5.90365,0.9431,7.40127,0.42336,0,0,18.483,0.42336,442.007,0,1.02816,0,0,1.63531,0.60715,1.028160,1,0,57.1919,0,0,0,57.1919,0
32.7715,2.43009,0,0,3.5167,0.191211,0.36288,3.6288,61.308,0.350967,0,0,1.88493,0.159914,1.37405,0.66528,12.849,1,0.84672,0.36288,0,67.2154,4.05311,62.6785,0.84672,12.849,0.84672,3695.15,0,18.483,0.105809,1.11738,1.7613,7.28777,0.861077,9.19956,0.42336,0,0,18.483,0.42336,442.007,0,1.02816,0,0,2.14554,1.11738,1.028160,1,0,73.2521,0,0,0,73.2521,0
33.0021,2.43017,0,0,3.21881,0.195155,0.36288,3.6288,61.308,0.350994,0,0,2.01348,0.208122,1.45437,0.66528,12.849,1,0.84672,0.36288,0,66.8383,4.77572,61.5788,0.84672,12.849,0.84672,3695.15,0,18.483,0.105817,0.607608,1.76134,8.34166,1.14608,9.4587,0.42336,0,0,18.483,0.42336,442.007,0,1.02816,0,0,1.63577,0.607608,1.028160,1,0,72.4919,0,0,0,72.4919,0
34.4363,2.43025,0,0,4.40434,0.176953,0.36288,3.6288,61.308,0.351021,0,0,2.93131,0.206526,2.37376,0.66528,12.849,1,0.84672,0.36288,0,85.504,4.09423,80.926,0.84672,12.849,0.84672,3695.15,0,18.483,0.105825,1.45162,1.76138,9.48647,0.891158,11.7025,0.42336,0,0,18.483,0.42336,442.007,0,1.02816,0,0,2.47978,1.45162,1.028160,1,0,95.0022,0,0,0,95.0022,0
36.5104,2.43033,0,0,5.04369,0.176435,0.36288,3.6288,61.308,0.351048,0,0,2.76553,0.189361,2.22513,0.66528,12.849,1,0.84672,0.36288,0,93.5159,3.78179,89.2503,0.84672,12.849,0.84672,3695.15,0,18.483,0.105833,1.74706,1.76142,14.2404,0.801302,16.8417,0.42336,0,0,18.483,0.42336,442.007,0,1.02816,0,0,2.77522,1.74706,1.028160,1,0,108.317,0,0,0,108.317,0
37.8791,2.53305,0,0,4.45242,0.187817,0.36288,3.6288,61.308,0.387966,0,0,2.8147,0.229986,2.19675,0.66528,12.849,1,0.84672,0.36288,0,118.197,4.51532,113.198,0.84672,12.849,0.84672,3695.15,0,18.483,0.116963,1.92675,1.76146,8.71741,1.19647,11.0922,0.42336,0,0,18.483,0.42336,442.007,0,1.02816,0,0,2.95491,1.92675,1.028160,1,0,126.487,0,0,0,126.487,0
43.284,2.52375,0,0,8.48241,0.190879,0.36288,3.6288,61.308,0.387985,0,0,5.37247,0.229986,4.7545,0.66528,12.849,1,0.856083,0.36288,0,186.364,4.51532,181.355,0.84672,12.849,0.84672,3695.15,0,18.483,0.116969,5.21097,1.81783,15.3936,1.19647,21.109,0.42336,0,0,18.483,0.42336,442.007,0,1.02816,0,0,6.23913,5.21097,1.028160,1,0,207.219,0,0,0,207.219,0
48.4968,2.60622,0,0,8.38526,0.203325,0.36288,3.6288,61.308,0.388004,0,0,4.52263,0.229986,3.90464,0.66528,12.849,1,0.773665,0.36288,0,170.719,4.51532,165.793,0.84672,12.849,0.84672,3695.15,0,18.483,0.116975,4.50423,1.81786,14.8884,1.19647,19.8971,0.42336,0,0,18.483,0.42336,442.007,0,1.02816,0,0,5.53239,4.50423,1.028160,1,0,189.594,0,0,0,189.594,0
53.5188,2.672,0,0,8.27237,0.215518,0.36288,3.6288,61.308,0.388023,0,0,4.13036,0.229986,3.51235,0.66528,12.849,1,0.707935,0.36288,0,180.572,4.51532,175.711,0.84672,12.849,0.84672,3695.15,0,18.483,0.11698,5.18454,1.81789,14.8114,1.19647,20.5004,0.42336,0,0,18.483,0.42336,442.007,0,1.02816,0,0,6.2127,5.18454,1.028160,1,0,199.724,0,0,0,199.724,0
56.5192,2.99146,0,0,6.56302,0.208249,0.36288,3.6288,61.308,0.526554,0,0,4.14425,0.263815,3.35388,0.66528,12.849,1,0.718203,0.36288,0,174.992,4.49239,170.144,0.84672,12.849,0.84672,3695.15,0,18.483,0.158744,4.09906,1.81792,11.819,1.29583,16.2814,0.42336,0,0,18.483,0.42336,442.007,0,1.02816,0,0,5.12722,4.09906,1.028160,1,0,189.78,0,0,0,189.78,0
59.1817,3.02258,0,0,6.25726,0.209305,0.36288,3.6288,61.308,0.526575,0,0,3.19029,0.214738,2.44898,0.66528,12.849,1,0.687149,0.36288,0,154.348,3.80814,150.216,0.84672,12.849,0.84672,3695.15,0,18.483,0.158751,4.77078,2.01901,11.3256,1.11593,16.8407,0.42336,0,0,18.483,0.42336,442.007,0,1.02816,0,0,5.79894,4.77078,1.028160,1,0,169.506,0,0,0,169.506,0
63.2536,3.04803,0,0,7.73531,0.252507,0.36288,3.6288,61.308,0.526596,0,0,4.74216,0.267174,3.94839,0.66528,12.849,1,0.66176,0.36288,0,161.282,4.19073,156.792,0.84672,12.849,0.84672,3695.15,0,18.483,0.158757,5.7666,2.01904,15.3818,1.24947,21.7592,0.42336,0,0,18.483,0.42336,442.007,0,1.02816,0,0,6.79476,5.7666,1.028160,1,0,182.5,0,0,0,182.5,0
69.8725,3.08348,0,0,10.3334,0.26803,0.36288,3.6288,61.308,0.526617,0,0,8.15452,0.275914,7.35199,0.66528,12.849,1,0.626363,0.36288,0,292.087,4.2545,287.569,0.84672,12.849,0.84672,3695.15,0,18.483,0.158763,7.58601,2.01907,25.52,1.27173,33.6946,0.42336,0,0,18.483,0.42336,442.007,0,1.02816,0,0,8.61417,7.58601,1.028160,1,0,328.616,0,0,0,328.616,0
72.29,2.73644,0,0,8.18286,0.317578,2.71138,3.6288,61.308,0.340741,0,0,5.31972,0.241446,4.73753,0.66528,12.849,1,0.50321,2.71138,0,227.588,3.69199,226.104,0.84672,12.849,0.84672,3695.15,0,18.483,0.102726,7.42088,2.01911,17.7214,1.05059,26.0081,0.42336,0,0,18.483,0.42336,442.007,0,1.02816,0,0,8.44904,7.42088,1.028160,1,0,256.85,0,0,0,256.85,0
72.29,2.75077,0,0,5.24845,0.350326,2.14735,3.6288,61.308,0.34076,0,0,2.72078,0.215595,2.16443,0.66528,12.849,1,0.488929,2.14735,0,122.975,3.27012,121.363,0.84672,12.849,0.84672,3695.15,0,18.483,0.102731,3.66333,1.74409,9.01774,0.884742,13.4377,0.42336,0,0,18.483,0.42336,442.007,0,1.02816,0,0,4.69149,3.66333,1.028160,1,0,136.965,0,0,0,136.965,0
72.29,2.75082,0,0,5.41403,0.350326,2.31289,3.6288,61.308,0.340778,0,0,2.77907,0.215595,2.2227,0.66528,12.849,1,0.488937,2.31289,0,116.268,3.27012,114.822,0.84672,12.849,0.84672,3695.15,0,18.483,0.102737,3.36352,1.74412,10.1723,0.884742,14.2925,0.42336,0,0,18.483,0.42336,442.007,0,1.02816,0,0,4.39168,3.36352,1.028160,1,0,131.337,0,0,0,131.337,0
72.29,2.75086,0,0,7.15811,0.350326,4.05692,3.6288,61.308,0.340796,0,0,4.09826,0.215595,3.54187,0.66528,12.849,1,0.488945,4.05692,0,173.081,3.27012,173.379,0.84672,12.849,0.84672,3695.15,0,18.483,0.102742,5.78803,1.74415,15.4005,0.884742,21.9452,0.42336,0,0,18.483,0.42336,442.007,0,1.02816,0,0,6.81619,5.78803,1.028160,1,0,198.866,0,0,0,198.866,0
72.29,2.75091,0,0,8.00643,0.348919,4.9066,3.6288,61.308,0.340814,0,0,5.79762,0.231805,5.225,0.66528,12.849,1,0.488953,4.9066,0,194.829,3.90929,195.337,0.84672,12.849,0.84672,3695.15,0,18.483,0.102748,7.54367,1.74417,20.9978,0.962817,29.2201,0.42336,0,0,18.483,0.42336,442.007,0,1.02816,0,0,8.57183,7.54367,1.028160,1,0,229.782,0,0,0,229.782,0
72.29,2.85146,0,0,6.18925,0.327321,3.01046,3.6288,61.308,0.386313,0,0,8.38045,0.168435,7.82571,0.66528,12.849,1,0.506826,3.01046,0,152.213,3.19662,151.52,0.84672,12.849,0.84672,3695.15,0,18.483,0.116465,7.52623,1.7442,15.8418,0.730932,24.2648,0.42336,0,0,18.483,0.42336,442.007,0,1.02816,0,0,8.55439,7.52623,1.028160,1,0,183.611,0,0,0,183.611,0
72.29,2.85151,0,0,5.35423,0.327321,2.17539,3.6288,61.308,0.386332,0,0,7.22036,0.168435,6.6656,0.66528,12.849,1,0.506834,2.17539,0,119.318,3.19662,117.789,0.84672,12.849,0.84672,3695.15,0,18.483,0.11647,6.40223,1.81215,13.2645,0.730932,20.6314,0.42336,0,0,18.483,0.42336,442.007,0,1.02816,0,0,7.43039,6.40223,1.028160,1,0,145.087,0,0,0,145.087,0
72.29,2.85155,0,0,5.28435,0.311892,2.12091,3.6288,61.308,0.38635,0,0,7.11253,0.170446,6.55574,0.66528,12.849,1,0.506842,2.12091,0,129.545,3.07346,128.085,0.84672,12.849,0.84672,3695.15,0,18.483,0.116476,8.37829,1.81217,11.9563,0.779314,21.251,0.42336,0,0,18.483,0.42336,442.007,0,1.02816,0,0,9.40645,8.37829,1.028160,1,0,155.892,0,0,0,155.892,0
72.29,2.8516,0,0,5.40836,0.291319,2.26544,3.6288,61.308,0.386369,0,0,6.28789,0.173127,5.72839,0.66528,12.849,1,0.50685,2.26544,0,134.738,2.90924,133.588,0.84672,12.849,0.84672,3695.15,0,18.483,0.116482,6.19112,1.8122,13.5893,0.843824,20.6324,0.42336,0,0,18.483,0.42336,442.007,0,1.02816,0,0,7.21928,6.19112,1.028160,1,0,159.948,0,0,0,159.948,0
72.29,2.81234,0,0,4.24402,0.258362,1.17332,3.6288,61.308,0.368723,0,0,2.85304,0.16546,2.31886,0.66528,12.849,1,0.499873,1.17332,0,78.0316,3.35246,75.3525,0.84672,12.849,0.84672,3695.15,0,18.483,0.111162,3.17581,1.81223,8.78481,0.856539,12.8052,0.42336,0,0,18.483,0.42336,442.007,0,1.02816,0,0,4.20397,3.17581,1.028160,1,0,90.4766,0,0,0,90.4766,0
72.29,2.81239,0,0,3.74776,0.215433,0.719935,3.6288,61.308,0.368741,0,0,2.70488,0.186761,2.14938,0.66528,12.849,1,0.499881,0.719935,0,85.2949,3.60329,81.9117,0.84672,12.849,0.84672,3695.15,0,18.483,0.111167,2.82483,1.78582,7.16187,0.883457,10.7779,0.42336,0,0,18.483,0.42336,442.007,0,1.02816,0,0,3.85299,2.82483,1.028160,1,0,94.839,0,0,0,94.839,0
72.29,2.81243,0,0,3.41983,0.202593,0.404807,3.6288,61.308,0.36876,0,0,2.40093,0.202333,1.82984,0.66528,12.849,1,0.499889,0.404807,0,64.5209,4.01741,60.4084,0.84672,12.849,0.84672,3695.15,0,18.483,0.111173,2.47327,1.78585,6.07386,0.913624,9.30818,0.42336,0,0,18.483,0.42336,442.007,0,1.02816,0,0,3.50143,2.47327,1.028160,1,0,71.5465,0,0,0,71.5465,0
72.2024,2.81248,0,0,3.29031,0.202593,0.36288,3.6288,61.308,0.368778,0,0,2.27375,0.202333,1.70264,0.66528,12.849,1,0.499897,0.36288,0,57.7042,4.01741,53.5498,0.84672,12.849,0.84672,3695.15,0,18.483,0.111178,2.33838,1.78588,5.94797,0.913624,9.04743,0.42336,0,0,18.483,0.42336,442.007,0,1.02816,0,0,3.36654,2.33838,1.028160,1,0,64.2999,0,0,0,64.2999,0
72.0673,2.9454,0,0,3.35314,0.179885,0.36288,3.6288,61.308,0.431447,0,0,2.03291,0.192183,1.40928,0.66528,12.849,1,0.524158,0.36288,0,52.619,4.04072,48.417,0.84672,12.849,0.84672,3695.15,0,18.483,0.130072,1.93822,1.78591,5.32512,0.897892,8.02128,0.42336,0,0,18.483,0.42336,442.007,0,1.02816,0,0,2.96638,1.93822,1.028160,1,0,57.8476,0,0,0,57.8476,0
71.8429,2.94462,0,0,3.23273,0.149633,0.36288,3.6288,61.308,0.431467,0,0,1.724,0.178649,1.11388,0.66528,12.849,1,0.525,0.36288,0,56.6019,4.07179,52.368,0.84672,12.849,0.84672,3695.15,0,18.483,0.130078,1.53748,1.87838,4.67051,0.876917,7.07937,0.42336,0,0,18.483,0.42336,442.007,0,1.02816,0,0,2.56564,1.53748,1.028160,1,0,60.5613,0,0,0,60.5613,0
71.2082,2.94327,0,0,2.82081,0.149378,0.36288,3.6288,61.308,0.431486,0,0,1.58515,0.178649,0.97502,0.66528,12.849,1,0.5264,0.36288,0,53.3862,4.07179,49.1509,0.84672,12.849,0.84672,3695.15,0,18.483,0.130084,1.6044,1.87841,4.79086,0.876917,7.26667,0.42336,0,0,18.483,0.42336,442.007,0,1.02816,0,0,2.63256,1.6044,1.028160,1,0,57.3926,0,0,0,57.3926,0
70.3268,2.93934,0,0,2.56942,0.148656,0.36288,3.6288,61.308,0.431506,0,0,1.4286,0.178649,0.818443,0.66528,12.849,1,0.530383,0.36288,0,48.8683,4.07179,44.629,0.84672,12.849,0.84672,3695.15,0,18.483,0.130089,1.3921,1.87844,4.55723,0.876917,6.82077,0.42336,0,0,18.483,0.42336,442.007,0,1.02816,0,0,2.42026,1.3921,1.028160,1,0,52.2682,0,0,0,52.2682,0
69.3625,2.93377,0,0,2.44835,0.115916,0.36288,3.6288,61.308,0.431525,0,0,1.35865,0.22031,0.706813,0.66528,12.849,1,0.536012,0.36288,0,47.0288,4.83696,42.0187,0.84672,12.849,0.84672,3695.15,0,18.483,0.130095,1.15603,1.87847,4.35179,1.08207,6.17413,0.42336,0,0,18.483,0.42336,442.007,0,1.02816,0,0,2.18419,1.15603,1.028160,1,0,48.8997,0,0,0,48.8997,0
68.4578,2.90131,0,0,2.45994,0.100435,0.36288,3.6288,61.308,0.465981,0,0,1.72835,0.292313,0.97006,0.66528,12.849,1,0.53745,0.36288,0,43.8972,5.35137,38.3713,0.84672,12.849,0.84672,3695.15,0,18.483,0.140483,1.46115,1.8785,4.47866,1.28951,6.38831,0.42336,0,0,18.483,0.42336,442.007,0,1.02816,0,0,2.48931,1.46115,1.028160,1,0,45.7297,0,0,0,45.7297,0
67.443,2.89538,0,0,2.33488,0.0915128,0.36288,3.6288,61.308,0.466001,0,0,1.68013,0.304102,0.910022,0.66528,12.849,1,0.543439,0.36288,0,40.6814,5.36403,35.1368,0.84672,12.849,0.84672,3695.15,0,18.483,0.140489,1.37443,1.90733,4.44013,1.32857,6.25283,0.42336,0,0,18.483,0.42336,442.007,0,1.02816,0,0,2.40259,1.37443,1.028160,1,0,42.2997,0,0,0,42.2997,0
66.2814,2.88855,0,0,2.18067,0.090787,0.36288,3.6288,61.308,0.466022,0,0,1.47122,0.304102,0.701095,0.66528,12.849,1,0.550317,0.36288,0,37.4604,5.36403,31.9089,0.84672,12.849,0.84672,3695.15,0,18.483,0.140495,1.28092,1.90736,4.20864,1.32857,5.92787,0.42336,0,0,18.483,0.42336,442.007,0,1.02816,0,0,2.30908,1.28092,1.028160,1,0,38.5379,0,0,0,38.5379,0
65.0046,2.88052,0,0,2.05655,0.0899563,0.36288,3.6288,61.308,0.466042,0,0,1.37215,0.304102,0.602009,0.66528,12.849,1,0.558404,0.36288,0,35.8709,5.36403,30.3113,0.84672,12.849,0.84672,3695.15,0,18.483,0.140501,1.15034,1.9074,3.98836,1.32857,5.57703,0.42336,0,0,18.483,0.42336,442.007,0,1.02816,0,0,2.1785,1.15034,1.028160,1,0,36.4903,0,0,0,36.4903,0
63.6786,2.93842,0,0,2.05235,0.0770326,0.36288,3.6288,61.308,0.496754,0,0,1.58969,0.325821,0.767116,0.66528,12.849,1,0.580817,0.36288,0,37.2264,5.87726,31.1312,0.84672,12.849,0.84672,3695.15,0,18.483,0.14976,0.892166,1.90743,3.43919,1.43156,4.65746,0.42336,0,0,18.483,0.42336,442.007,0,1.02816,0,0,1.92033,0.892166,1.028160,1,0,36.5558,0,0,0,36.5558,0
62.2677,2.92841,0,0,1.95186,0.0714591,0.36288,3.6288,61.308,0.496775,0,0,1.39985,0.334508,0.56857,0.66528,12.849,1,0.59089,0.36288,0,36.355,6.08255,30.0445,0.84672,12.849,0.84672,3695.15,0,18.483,0.149767,0.915615,1.95336,3.41542,1.47276,4.66187,0.42336,0,0,18.483,0.42336,442.007,0,1.02816,0,0,1.94378,0.915615,1.028160,1,0,35.2749,0,0,0,35.2749,0
60.7434,2.91735,0,0,1.8265,0.0706406,0.36288,3.6288,61.308,0.496795,0,0,1.29577,0.334508,0.464463,0.66528,12.849,1,0.601998,0.36288,0,32.8196,6.08255,26.4979,0.84672,12.849,0.84672,3695.15,0,18.483,0.149773,0.832205,1.95339,3.04822,1.47276,4.21128,0.42336,0,0,18.483,0.42336,442.007,0,1.02816,0,0,1.86036,0.832205,1.028160,1,0,31.1736,0,0,0,31.1736,0
59.0826,2.90493,0,0,1.67681,0.0697563,0.36288,3.6288,61.308,0.496816,0,0,1.28152,0.334508,0.450195,0.66528,12.849,1,0.614478,0.36288,0,30.0011,6.08255,23.667,0.84672,12.849,0.84672,3695.15,0,18.483,0.149779,0.679398,1.95342,2.98127,1.47276,3.99155,0.42336,0,0,18.483,0.42336,442.007,0,1.02816,0,0,1.70756,0.679398,1.028160,1,0,28.1087,0,0,0,28.1087,0
57.4759,3.08385,0,0,1.90534,0.0652702,0.36288,3.6288,61.308,0.607627,0,0,1.50889,0.317904,0.583359,0.66528,12.849,1,0.670662,0.36288,0,29.5371,6.15342,23.0758,0.84672,12.849,0.84672,3695.15,0,18.483,0.183186,1.18222,1.95345,4.08393,1.46106,5.57536,0.42336,0,0,18.483,0.42336,442.007,0,1.02816,0,0,2.21038,1.18222,1.028160,1,0,29.2346,0,0,0,29.2346,0
55.3763,3.06858,0,0,1.41877,0.0868992,0.36288,3.6288,61.308,0.60765,0,0,1.31498,0.298061,0.409272,0.66528,12.849,1,0.685995,0.36288,0,25.9033,5.83537,19.7448,0.84672,12.849,0.84672,3695.15,0,18.483,0.183193,0.910596,2.10893,2.5634,1.30273,4.09701,0.42336,0,0,18.483,0.42336,442.007,0,1.02816,0,0,1.93876,0.910596,1.028160,1,0,24.2511,0,0,0,24.2511,0
53.2547,3.04752,0,0,1.37388,0.0851111,0.36288,3.6288,61.308,0.607672,0,0,1.26738,0.298061,0.361652,0.66528,12.849,1,0.707117,0.36288,0,25.6744,5.83537,19.4948,0.84672,12.849,0.84672,3695.15,0,18.483,0.1832,0.858306,2.10897,2.59002,1.30273,4.07137,0.42336,0,0,18.483,0.42336,442.007,0,1.02816,0,0,1.88647,0.858306,1.028160,1,0,23.9278,0,0,0,23.9278,0
51.4871,3.02487,0,0,1.7034,0.0833044,0.36288,3.6288,61.308,0.607694,0,0,1.35674,0.298061,0.450984,0.66528,12.849,1,0.729824,0.36288,0,25.1419,5.83537,18.9396,0.84672,12.849,0.84672,3695.15,0,18.483,0.183206,1.07395,2.109,3.79903,1.30273,5.49605,0.42336,0,0,18.483,0.42336,442.007,0,1.02816,0,0,2.10211,1.07395,1.028160,1,0,24.8866,0,0,0,24.8866,0
49.3246,3.00487,0,0,1.28917,0.0838884,0.36288,3.6288,61.308,0.607717,0,0,1.21154,0.298101,0.305718,0.66528,12.849,1,0.749888,0.36288,0,23.8055,5.84647,17.572,0.84672,12.849,0.84672,3695.15,0,18.483,0.183213,0.863067,2.10904,2.51326,1.30055,4.00159,0.42336,0,0,18.483,0.42336,442.007,0,1.02816,0,0,1.89123,0.863067,1.028160,1,0,21.8794,0,0,0,21.8794,0
47.1703,2.88795,0,0,1.20271,0.10621,0.36288,3.6288,61.308,0.540488,0,0,1.17119,0.296208,0.334491,0.66528,12.849,1,0.752306,0.36288,0,19.6972,5.16967,14.1381,0.84672,12.849,0.84672,3695.15,0,18.483,0.162945,0.901981,2.10907,3.58601,1.10094,5.33318,0.42336,0,0,18.483,0.42336,442.007,0,1.02816,0,0,1.93014,0.901981,1.028160,1,0,19.8058,0,0,0,19.8058,0
44.8365,2.86099,0,0,0.993868,0.103749,0.36288,3.6288,61.308,0.540509,0,0,1.03179,0.296208,0.195072,0.66528,12.849,1,0.779322,0.36288,0,18.1864,5.16967,12.6003,0.84672,12.849,0.84672,3695.15,0,18.483,0.162952,0.688081,2.02001,3.32091,1.10094,4.76512,0.42336,0,0,18.483,0.42336,442.007,0,1.02816,0,0,1.71624,0.688081,1.028160,1,0,17.5605,0,0,0,17.5605,0
43.3145,2.8295,0,0,1.84745,0.177096,0.36288,3.6288,61.308,0.540531,0,0,1.60519,0.220401,0.844259,0.66528,12.849,1,0.810863,0.36288,0,32.1112,4.13153,27.5317,0.84672,12.849,0.84672,3695.15,0,18.483,0.162958,1.11609,2.02004,5.76594,0.776446,7.96267,0.42336,0,0,18.483,0.42336,442.007,0,1.02816,0,0,2.14425,1.11609,1.028160,1,0,36.3386,0,0,0,36.3386,0
43.6199,2.80757,0,0,3.67981,0.203932,0.36288,3.6288,61.308,0.540552,0,0,2.44468,0.190079,1.71405,0.66528,12.849,1,0.832851,0.36288,0,64.3572,3.71627,60.171,0.84672,12.849,0.84672,3695.15,0,18.483,0.162964,1.94353,2.02008,8.23796,0.64665,11.392,0.42336,0,0,18.483,0.42336,442.007,0,1.02816,0,0,2.97169,1.94353,1.028160,1,0,73.277,0,0,0,73.277,0
42.7777,2.73948,0,0,2.47995,0.219804,0.36288,3.6288,61.308,0.479354,0,0,1.96968,0.211861,1.27846,0.66528,12.849,1,0.806961,0.36288,0,51.0783,3.65561,46.9786,0.84672,12.849,0.84672,3695.15,0,18.483,0.144515,2.1845,2.02011,8.06103,0.806768,11.3144,0.42336,0,0,18.483,0.42336,442.007,0,1.02816,0,0,3.21266,2.1845,1.028160,1,0,59.5714,0,0,0,59.5714,0
41.4313,2.72731,0,0,1.97276,0.22894,0.36288,3.6288,61.308,0.479374,0,0,1.19378,0.228197,0.486209,0.66528,12.849,1,0.819192,0.36288,0,43.9231,3.61011,39.8567,0.84672,12.849,0.84672,3695.15,0,18.483,0.144521,0.833466,1.94096,7.74206,0.926856,9.44511,0.42336,0,0,18.483,0.42336,442.007,0,1.02816,0,0,1.86163,0.833466,1.028160,1,0,49.788,0,0,0,49.788,0
41.0165,2.70703,0,0,2.88046,0.225373,0.36288,3.6288,61.308,0.479394,0,0,1.22419,0.228197,0.516601,0.66528,12.849,1,0.839525,0.36288,0,57.9612,3.61011,53.8744,0.84672,12.849,0.84672,3695.15,0,18.483,0.144527,0.473075,1.94099,7.64718,0.926856,8.98986,0.42336,0,0,18.483,0.42336,442.007,0,1.02816,0,0,1.50123,0.473075,1.028160,1,0,63.3809,0,0,0,63.3809,0
40.5383,2.70061,0,0,2.83472,0.249405,0.36288,3.6288,61.308,0.479415,0,0,1.96103,0.266848,1.21477,0.66528,12.849,1,0.846004,0.36288,0,54.3846,4.43658,49.4649,0.84672,12.849,0.84672,3695.15,0,18.483,0.144533,2.01689,1.94102,11.3726,1.15993,14.026,0.42336,0,0,18.483,0.42336,442.007,0,1.02816,0,0,3.04505,2.01689,1.028160,1,0,64.7057,0,0,0,64.7057,0
41.2579,2.49025,0,0,3.81812,0.245434,0.36288,3.6288,61.308,0.351925,0,0,2.18563,0.257872,1.57584,0.66528,12.849,1,0.789309,0.36288,0,86.7378,4.56862,81.7428,0.84672,12.849,0.84672,3695.15,0,18.483,0.106098,2.0453,1.94105,10.0204,1.18106,12.7196,0.42336,0,0,18.483,0.42336,442.007,0,1.02816,0,0,3.07346,2.0453,1.028160,1,0,96.0382,0,0,0,96.0382,0
42.2145,2.50079,0,0,4.05084,0.230569,0.36288,3.6288,61.308,0.351943,0,0,3.12954,0.219328,2.55827,0.66528,12.849,1,0.778825,0.36288,0,74.1992,4.55438,69.2289,0.84672,12.849,0.84672,3695.15,0,18.483,0.106103,4.24754,1.76282,17.336,1.13677,22.1035,0.42336,0,0,18.483,0.42336,442.007,0,1.02816,0,0,5.2757,4.24754,1.028160,1,0,93.8906,0,0,0,93.8906,0
42.3558,2.51436,0,0,3.25172,0.233167,0.36288,3.6288,61.308,0.351962,0,0,1.16736,0.219328,0.596075,0.66528,12.849,1,0.765307,0.36288,0,63.1854,4.55438,58.2286,0.84672,12.849,0.84672,3695.15,0,18.483,0.106109,2.08053,1.76284,8.36481,1.13677,10.9653,0.42336,0,0,18.483,0.42336,442.007,0,1.02816,0,0,3.10869,2.08053,1.028160,1,0,69.7899,0,0,0,69.7899,0
42.2359,2.51636,0,0,2.98884,0.229539,0.36288,3.6288,61.308,0.35198,0,0,1.08016,0.240379,0.487797,0.66528,12.849,1,0.76336,0.36288,0,54.6975,4.63204,49.665,0.84672,12.849,0.84672,3695.15,0,18.483,0.106114,1.22959,1.76287,7.8749,1.19671,9.56455,0.42336,0,0,18.483,0.42336,442.007,0,1.02816,0,0,2.25775,1.22959,1.028160,1,0,59.7173,0,0,0,59.7173,0
42.0333,2.51474,0,0,2.89894,0.223877,0.36288,3.6288,61.308,0.351998,0,0,0.89376,0.268447,0.273314,0.66528,12.849,1,0.765034,0.36288,0,72.2656,4.73561,67.1278,0.84672,12.849,0.84672,3695.15,0,18.483,0.10612,0.849537,1.7629,6.60941,1.27662,7.83911,0.42336,0,0,18.483,0.42336,442.007,0,1.02816,0,0,1.8777,0.849537,1.028160,1,0,75.2402,0,0,0,75.2402,0
44.6842,2.51192,0,0,5.75046,0.224756,0.36288,3.6288,61.308,0.351998,0,0,2.19866,0.219279,1.62739,0.66528,12.849,1,0.767858,0.36288,0,95.4729,3.79583,91.2721,0.84672,12.849,0.84672,3695.15,0,18.483,0.10612,2.18194,1.76293,14.244,1.04052,17.0422,0.42336,0,0,18.483,0.42336,442.007,0,1.02816,0,0,3.2101,2.18194,1.028160,1,0,109.942,0,0,0,109.942,0
48.6274,2.62713,0,0,7.16513,0.231952,0.36288,3.6288,61.308,0.388938,0,0,3.41533,0.211085,2.81531,0.66528,12.849,1,0.755434,0.36288,0,172.758,3.63919,168.726,0.84672,12.849,0.84672,3695.15,0,18.483,0.117256,4.82593,1.76293,21.8729,1.00117,27.3433,0.42336,0,0,18.483,0.42336,442.007,0,1.02816,0,0,5.85409,4.82593,1.028160,1,0,198.885,0,0,0,198.885,0
51.089,2.67561,0,0,5.74241,0.242307,0.36288,3.6288,61.308,0.388948,0,0,3.99842,0.211085,3.39839,0.66528,12.849,1,0.706986,0.36288,0,154.908,3.63919,150.925,0.84672,12.849,0.84672,3695.15,0,18.483,0.117259,2.68193,1.81933,14.4065,1.00117,17.7893,0.42336,0,0,18.483,0.42336,442.007,0,1.02816,0,0,3.71009,2.68193,1.028160,1,0,172.113,0,0,0,172.113,0
54.2743,2.70285,0,0,6.49924,0.24818,0.36288,3.6288,61.308,0.388958,0,0,2.34051,0.195572,1.75598,0.66528,12.849,1,0.679773,0.36288,0,150.243,3.4389,146.487,0.84672,12.849,0.84672,3695.15,0,18.483,0.117262,2.01214,1.81935,10.4935,0.958897,13.2489,0.42336,0,0,18.483,0.42336,442.007,0,1.02816,0,0,3.0403,2.01214,1.028160,1,0,161.492,0,0,0,161.492,0
56.5417,2.73513,0,0,5.63827,0.272857,0.36288,3.6288,61.308,0.388969,0,0,2.28865,0.200896,1.69878,0.66528,12.849,1,0.64752,0.36288,0,113.453,3.63377,109.534,0.84672,12.849,0.84672,3695.15,0,18.483,0.117265,2.08755,1.81937,11.3928,1.02083,14.1616,0.42336,0,0,18.483,0.42336,442.007,0,1.02816,0,0,3.11571,2.08755,1.028160,1,0,125.395,0,0,0,125.395,0
59.2809,3.02516,0,0,6.42972,0.302533,0.36288,3.6288,61.308,0.527601,0,0,2.7271,0.235572,1.96392,0.66528,12.849,1,0.687461,0.36288,0,112.931,4.24967,108.357,0.84672,12.849,0.84672,3695.15,0,18.483,0.15906,2.63892,1.81938,16.9948,1.17856,20.1155,0.42336,0,0,18.483,0.42336,442.007,0,1.02816,0,0,3.66708,2.63892,1.028160,1,0,130.436,0,0,0,130.436,0
63.1067,3.05129,0,0,7.55515,0.315197,0.36288,3.6288,61.308,0.527612,0,0,2.91453,0.2262,2.16072,0.66528,12.849,1,0.66136,0.36288,0,126.475,3.93494,122.241,0.84672,12.849,0.84672,3695.15,0,18.483,0.159063,3.08211,2.02062,14.6524,1.07321,18.5229,0.42336,0,0,18.483,0.42336,442.007,0,1.02816,0,0,4.11027,3.08211,1.028160,1,0,142.925,0,0,0,142.925,0
65.766,3.08463,0,0,6.43876,0.331908,0.36288,3.6288,61.308,0.527623,0,0,3.46225,0.213704,2.72092,0.66528,12.849,1,0.628054,0.36288,0,140.689,3.5153,136.909,0.84672,12.849,0.84672,3695.15,0,18.483,0.159067,4.08229,2.02063,17.2777,0.932752,22.2888,0.42336,0,0,18.483,0.42336,442.007,0,1.02816,0,0,5.11045,4.08229,1.028160,1,0,161.919,0,0,0,161.919,0
68.0971,3.1059,0,0,6.12575,0.325945,0.36288,3.6288,61.308,0.527635,0,0,3.29884,0.211275,2.55993,0.66528,12.849,1,0.606813,0.36288,0,124.909,3.44784,121.218,0.84672,12.849,0.84672,3695.15,0,18.483,0.15907,2.89527,2.02065,15.6544,0.962282,19.449,0.42336,0,0,18.483,0.42336,442.007,0,1.02816,0,0,3.92343,2.89527,1.028160,1,0,143.226,0,0,0,143.226,0
71.5472,2.72749,0,0,6.85463,0.314134,0.36288,3.6288,61.308,0.341607,0,0,3.13622,0.208037,2.58657,0.66528,12.849,1,0.514641,0.36288,0,119.896,3.3579,116.386,0.84672,12.849,0.84672,3695.15,0,18.483,0.102987,2.61916,2.02067,15.5383,1.00166,19.0734,0.42336,0,0,18.483,0.42336,442.007,0,1.02816,0,0,3.64732,2.61916,1.028160,1,0,138.046,0,0,0,138.046,0
72.29,2.74855,0,0,8.60604,0.322628,4.79205,3.6288,61.308,0.341617,0,0,4.4948,0.208037,3.94514,0.66528,12.849,1,0.493606,4.79205,0,174.451,3.3579,175.392,0.84672,12.849,0.84672,3695.15,0,18.483,0.10299,4.02863,1.74542,20.9637,1.00166,25.6331,0.42336,0,0,18.483,0.42336,442.007,0,1.02816,0,0,5.05679,4.02863,1.028160,1,0,204.97,0,0,0,204.97,0
72.29,2.75288,0,0,10.7238,0.326336,7.64458,3.6288,61.308,0.341626,0,0,6.60887,0.230985,6.03626,0.66528,12.849,1,0.489304,7.64458,0,200.505,4.00757,203.653,0.84672,12.849,0.84672,3695.15,0,18.483,0.102993,7.07784,1.74544,34.5875,1.1017,42.2061,0.42336,0,0,18.483,0.42336,442.007,0,1.02816,0,0,8.106,7.07784,1.028160,1,0,251.895,0,0,0,251.895,0
72.29,2.75291,0,0,7.15176,0.328841,4.07001,3.6288,61.308,0.341636,0,0,3.55133,0.261581,2.94811,0.66528,12.849,1,0.489308,4.07001,0,161.519,4.87379,160.226,0.84672,12.849,0.84672,3695.15,0,18.483,0.102996,3.42148,1.74545,19.6686,1.2351,23.4975,0.42336,0,0,18.483,0.42336,442.007,0,1.02816,0,0,4.44964,3.42148,1.028160,1,0,186.671,0,0,0,186.671,0
72.29,2.75293,0,0,12.198,0.219192,9.22583,3.6288,61.308,0.341646,0,0,5.32977,0.183373,4.80475,0.66528,12.849,1,0.489312,9.22583,0,261.364,4.52697,265.574,0.84672,12.849,0.84672,3695.15,0,18.483,0.102999,4.54617,1.74547,25.8883,1.07404,31.0029,0.42336,0,0,18.483,0.42336,442.007,0,1.02816,0,0,5.57433,4.54617,1.028160,1,0,301.382,0,0,0,301.382,0
72.29,2.85354,0,0,7.59612,0.219192,4.52338,3.6288,61.308,0.387169,0,0,3.4245,0.183373,2.85396,0.66528,12.849,1,0.507195,4.52338,0,157.919,4.52697,157.409,0.84672,12.849,0.84672,3695.15,0,18.483,0.116723,2.78429,1.74548,17.4722,1.07404,20.8112,0.42336,0,0,18.483,0.42336,442.007,0,1.02816,0,0,3.81245,2.78429,1.028160,1,0,181.074,0,0,0,181.074,0
72.29,2.85356,0,0,6.34019,0.219192,3.26743,3.6288,61.308,0.387179,0,0,2.93358,0.183373,2.36303,0.66528,12.849,1,0.507199,3.26743,0,113.913,4.52697,112.146,0.84672,12.849,0.84672,3695.15,0,18.483,0.116726,2.62256,1.81347,15.4952,1.07404,18.7405,0.42336,0,0,18.483,0.42336,442.007,0,1.02816,0,0,3.65072,2.62256,1.028160,1,0,133.25,0,0,0,133.25,0
72.29,2.85359,0,0,5.59978,0.219192,2.527,3.6288,61.308,0.38719,0,0,2.66784,0.183373,2.09728,0.66528,12.849,1,0.507204,2.527,0,96.8639,4.52697,94.3567,0.84672,12.849,0.84672,3695.15,0,18.483,0.116729,2.36549,1.81348,14.0556,1.07404,17.0438,0.42336,0,0,18.483,0.42336,442.007,0,1.02816,0,0,3.39365,2.36549,1.028160,1,0,113.498,0,0,0,113.498,0
72.29,2.85361,0,0,5.28027,0.138728,2.28793,3.6288,61.308,0.3872,0,0,1.76638,0.190248,1.18893,0.66528,12.849,1,0.507208,2.28793,0,101.176,4.21431,98.7425,0.84672,12.849,0.84672,3695.15,0,18.483,0.116732,1.43131,1.8135,9.86558,1.13625,11.8574,0.42336,0,0,18.483,0.42336,442.007,0,1.02816,0,0,2.45947,1.43131,1.028160,1,0,111.789,0,0,0,111.789,0
72.29,2.81431,0,0,5.07292,0.11529,2.14332,3.6288,61.308,0.369532,0,0,1.35214,0.197973,0.784637,0.66528,12.849,1,0.500222,2.14332,0,100.924,4.282,98.2849,0.84672,12.849,0.84672,3695.15,0,18.483,0.111406,1.05429,1.81351,7.97083,1.16394,9.56328,0.42336,0,0,18.483,0.42336,442.007,0,1.02816,0,0,2.08245,1.05429,1.028160,1,0,108.633,0,0,0,108.633,0
72.29,2.81433,0,0,4.69352,0.11529,1.7639,3.6288,61.308,0.369542,0,0,1.47049,0.197973,0.902978,0.66528,12.849,1,0.500226,1.7639,0,91.8035,4.282,88.7851,0.84672,12.849,0.84672,3695.15,0,18.483,0.111409,1.24755,1.78707,8.22744,1.16394,9.98671,0.42336,0,0,18.483,0.42336,442.007,0,1.02816,0,0,2.27571,1.24755,1.028160,1,0,99.6748,0,0,0,99.6748,0
72.29,2.81436,0,0,4.44105,0.126149,1.50055,3.6288,61.308,0.369552,0,0,1.58163,0.174692,1.03739,0.66528,12.849,1,0.50023,1.50055,0,85.936,4.06066,82.8757,0.84672,12.849,0.84672,3695.15,0,18.483,0.111412,1.33291,1.78709,8.92745,1.08183,10.8542,0.42336,0,0,18.483,0.42336,442.007,0,1.02816,0,0,2.36107,1.33291,1.028160,1,0,94.7673,0,0,0,94.7673,0
72.29,2.81438,0,0,4.22603,0.081386,1.33027,3.6288,61.308,0.369562,0,0,1.27446,0.141752,0.763147,0.66528,12.849,1,0.500235,1.33027,0,76.2048,3.8596,73.1752,0.84672,12.849,0.84672,3695.15,0,18.483,0.111415,1.02871,1.7871,7.46652,0.948239,9.22268,0.42336,0,0,18.483,0.42336,442.007,0,1.02816,0,0,2.05687,1.02871,1.028160,1,0,83.1611,0,0,0,83.1611,0
72.29,2.94791,0,0,4.1016,0.0678851,1.0858,3.6288,61.308,0.432264,0,0,1.23517,0.145774,0.657128,0.66528,12.849,1,0.523969,1.0858,0,67.9493,3.94684,64.5643,0.84672,12.849,0.84672,3695.15,0,18.483,0.130318,1.01099,1.78712,6.98553,0.967856,8.68546,0.42336,0,0,18.483,0.42336,442.007,0,1.02816,0,0,2.03915,1.01099,1.028160,1,0,73.9069,0,0,0,73.9069,0
72.29,2.94794,0,0,3.88687,0.0678851,0.871047,3.6288,61.308,0.432274,0,0,1.02716,0.145774,0.44911,0.66528,12.849,1,0.523973,0.871047,0,62.8275,3.94684,59.2277,0.84672,12.849,0.84672,3695.15,0,18.483,0.130321,0.714537,1.87964,6.53564,0.967856,8.03164,0.42336,0,0,18.483,0.42336,442.007,0,1.02816,0,0,1.7427,0.714537,1.028160,1,0,67.7085,0,0,0,67.7085,0
72.29,2.94796,0,0,3.67279,0.0468355,0.67799,3.6288,61.308,0.432285,0,0,0.978955,0.175764,0.370906,0.66528,12.849,1,0.523978,0.67799,0,56.909,4.3543,52.7087,0.84672,12.849,0.84672,3695.15,0,18.483,0.130324,0.46319,1.87965,5.48014,1.07696,6.6157,0.42336,0,0,18.483,0.42336,442.007,0,1.02816,0,0,1.49135,0.46319,1.028160,1,0,59.6953,0,0,0,59.6953,0
72.29,2.94799,0,0,3.39946,-0.00578851,0.457262,3.6288,61.308,0.432295,0,0,0.925456,0.250741,0.242421,0.66528,12.849,1,0.523982,0.457262,0,54.6325,5.37295,49.1929,0.84672,12.849,0.84672,3695.15,0,18.483,0.130327,0.371477,1.87967,5.07177,1.34973,5.84285,0.42336,0,0,18.483,0.42336,442.007,0,1.02816,0,0,1.39964,0.371477,1.028160,1,0,55.2781,0,0,0,55.2781,0
71.233,2.94801,0,0,2.30856,0.0546751,0.36288,3.6288,61.308,0.432306,0,0,0.732076,0.270836,0.0289339,0.66528,12.849,1,0.523987,0.36288,0,40.8753,5.36004,35.3542,0.84672,12.849,0.84672,3695.15,0,18.483,0.130331,0.364435,1.87969,4.06115,1.3077,4.86724,0.42336,0,0,18.483,0.42336,442.007,0,1.02816,0,0,1.3926,0.364435,1.028160,1,0,40.2503,0,0,0,40.2503,0
70.0848,2.9151,0,0,2.18404,0.0542366,0.36288,3.6288,61.2323,0.499609,0,0,0.694742,0.270836,0,0.66528,12.849,1,0.525826,0.36288,0,41.0074,5.36004,35.4844,0.84672,12.849,0.84672,3695.15,0,18.483,0.150621,0.30119,1.8797,4.32264,1.3077,5.04521,0.42336,0,0,18.483,0.42336,442.007,0,0.985427,0,0,1.28662,0.30119,1.028160,1,0,40.5296,0,0,0,40.5296,0
68.7495,2.90785,0,0,1.98914,0.0537602,0.36288,3.6288,61.1791,0.466651,0,0,0.684176,0.270707,0,0.66528,12.849,1,0.533111,0.36288,0,40.0538,5.36004,34.5236,0.84672,12.849,0.84672,3695.15,0,18.483,0.140859,0.278009,1.90854,4.16962,1.3077,4.90761,0.42336,0,0,18.483,0.42336,442.007,0,1.02816,0,0,1.30617,0.278009,1.028160,1,0,39.4312,0,0,0,39.4312,0
67.2269,2.89915,0,0,1.79271,0.0532063,0.36288,3.6288,60.9642,0.581446,0,0,0.637114,0.270616,0,0.66528,12.849,1,0.54184,0.36288,0,37.1239,5.36004,31.5849,0.84672,12.849,0.84672,3695.15,0,18.483,0.175662,0.261274,1.90855,3.96999,1.3077,4.65646,0.42336,0,0,18.483,0.42336,442.007,0,0.878576,0,0,1.13985,0.261274,1.028160,1,0,36.2414,0,0,0,36.2414,0
65.8183,2.88887,0,0,1.88046,0.0373611,0.36288,3.6288,60.6253,0.635394,0,0,0.605925,0.30942,0,0.66528,12.849,1,0.552147,0.36288,0,35.1533,5.61459,29.3495,0.84672,12.849,0.84672,3695.15,0,18.483,0.192637,0.261274,1.90857,3.50738,1.44413,4.04046,0.42336,0,0,18.483,0.42336,442.007,0,0.807667,0,0,1.06894,0.261274,1.028160,1,0,33.3899,0,0,0,33.3899,0
64.4315,2.9462,0,0,1.95591,0.0335839,0.36288,3.6288,60.2645,0.640711,0,0,0.598901,0.318959,0,0.66528,12.849,1,0.575155,0.36288,0,34.0249,5.55849,28.2542,0.84672,12.849,0.84672,3695.15,0,18.483,0.195335,0.261274,1.90859,3.45048,1.45629,3.96871,0.42336,0,0,18.483,0.42336,442.007,0,0.839635,0,0,1.10091,0.261274,1.028160,1,0,32.2229,0,0,0,32.2229,0
62.8051,2.93591,0,0,1.70554,0.0332123,0.36288,3.6288,59.793,0.718075,0,0,0.564761,0.318228,0,0.66528,12.849,1,0.585481,0.36288,0,32.2361,5.55849,26.455,0.84672,12.849,0.84672,3695.15,0,18.483,0.220232,0.261274,1.95453,3.297,1.45629,3.83628,0.42336,0,0,18.483,0.42336,442.007,0,0.737389,0,0,0.998663,0.261274,1.028160,1,0,30.2913,0,0,0,30.2913,0
61.0635,2.92334,0,0,1.5729,0.0282278,0.36288,3.6288,59.3036,0.724586,0,0,0.555063,0.319839,0,0.66528,12.849,1,0.598073,0.36288,0,30.4119,5.63326,24.5435,0.84672,12.849,0.84672,3695.15,0,18.483,0.223982,0.227405,1.95455,3.267,1.47123,3.75374,0.42336,0,0,18.483,0.42336,442.007,0,0.727142,0,0,0.954547,0.227405,1.028160,1,0,28.2972,0,0,0,28.2972,0
59.0725,2.90928,0,0,1.30455,0.0234039,0.36288,3.6288,58.8168,0.716529,0,0,0.545101,0.315374,0,0.66528,12.849,1,0.612171,0.36288,0,27.9189,5.78245,21.8871,0.84672,12.849,0.84672,3695.15,0,18.483,0.223319,0.227405,1.95457,3.17613,1.43693,3.69786,0.42336,0,0,18.483,0.42336,442.007,0,0.735877,0,0,0.963282,0.227405,1.028160,1,0,25.585,0,0,0,25.585,0
56.899,3.08552,0,0,1.32835,0.0535,0.36288,3.6288,58.1802,0.800639,0,0,0.456737,0.292666,0,0.66528,12.849,1,0.671139,0.36288,0,22.8252,5.58968,16.9273,0.84672,12.849,0.84672,3695.15,0,18.483,0.251598,0.227405,1.95458,2.8459,1.52522,3.25107,0.42336,0,0,18.483,0.42336,442.007,0,0.767776,0,0,0.995181,0.227405,1.028160,1,0,20.1784,0,0,0,20.1784,0
54.8336,3.06463,0,0,1.41451,0.052378,0.36288,3.6288,57.8276,0.622946,0,0,0.561808,0.291469,0,0.66528,12.849,1,0.69206,0.36288,0,29.0459,5.58968,23.127,0.84672,12.849,0.84672,3695.15,0,18.483,0.197901,0.227405,2.11014,3.17877,1.52522,3.79319,0.42336,0,0,18.483,0.42336,442.007,0,0.999181,0,0,1.22659,0.227405,1.028160,1,0,26.9202,0,0,0,26.9202,0
52.5395,3.04354,0,0,1.1637,0.0513118,0.36288,3.6288,57.0471,0.898858,0,0,0.409156,0.290806,0,0.66528,12.849,1,0.713185,0.36288,0,26.6108,5.58968,20.6708,0.84672,12.849,0.84672,3695.15,0,18.483,0.287295,0.204422,2.11016,2.60354,1.52522,3.1056,0.42336,0,0,18.483,0.42336,442.007,0,0.633891,0,0,0.838313,0.204422,1.028160,1,0,23.7764,0,0,0,23.7764,0
50.5582,3.01855,0,0,1.45019,0.0501276,0.36288,3.6288,56.8685,0.598114,0,0,0.708786,0.289339,0,0.66528,12.849,1,0.738212,0.36288,0,25.9388,5.58968,19.9738,0.84672,12.849,0.84672,3695.15,0,18.483,0.193786,0.628465,2.11018,4.06067,1.52522,5.0803,0.42336,0,0,18.483,0.42336,442.007,0,1.02816,0,0,1.65662,0.628465,1.028160,1,0,25.0541,0,0,0,25.0541,0
48.986,2.9955,0,0,1.90547,0.119226,0.36288,3.6288,56.493,0.639607,0,0,0.525661,0.26154,0,0.66528,12.849,1,0.761286,0.36288,0,35.3411,5.08506,29.8576,0.84672,12.849,0.84672,3695.15,0,18.483,0.207881,0.204422,2.11019,3.4129,1.32695,4.19269,0.42336,0,0,18.483,0.42336,442.007,0,0.972588,0,0,1.17701,0.204422,1.028160,1,0,34.0503,0,0,0,34.0503,0
47.4913,2.88537,0,0,1.88102,0.127542,0.36288,3.6288,56.4674,0.530721,0,0,0.769265,0.264134,0,0.66528,12.849,1,0.75683,0.36288,0,32.5177,5.21661,26.9071,0.84672,12.849,0.84672,3695.15,0,18.483,0.173638,0.916367,2.11021,3.84243,1.37785,5.31752,0.42336,0,0,18.483,0.42336,442.007,0,1.02816,0,0,1.94453,0.916367,1.028160,1,0,32.2246,0,0,0,32.2246,0
45.796,2.86664,0,0,1.65974,0.125484,0.36288,3.6288,56.1011,0.548638,0,0,0.44645,0.26409,0,0.66528,12.849,1,0.775585,0.36288,0,33.3076,5.21661,27.6783,0.84672,12.849,0.84672,3695.15,0,18.483,0.179581,0.216518,2.02109,2.9514,1.37785,3.63157,0.42336,0,0,18.483,0.42336,442.007,0,1.00431,0,0,1.22083,0.216518,1.028160,1,0,31.3099,0,0,0,31.3099,0
43.8373,2.84425,0,0,1.37153,0.12315,0.36288,3.6288,55.5814,0.64954,0,0,0.393314,0.26346,0,0.66528,12.849,1,0.798011,0.36288,0,30.753,5.21661,25.1012,0.84672,12.849,0.84672,3695.15,0,18.483,0.213997,0.216518,2.02111,2.73325,1.37785,3.37902,0.42336,0,0,18.483,0.42336,442.007,0,0.869011,0,0,1.08553,0.216518,1.028160,1,0,28.4802,0,0,0,28.4802,0
43.5866,2.8167,0,0,3.0907,0.161748,0.36288,3.6288,55.6372,0.528617,0,0,0.805757,0.221387,0,0.66528,12.849,1,0.825593,0.36288,0,67.2221,4.19016,62.5692,0.84672,12.849,0.84672,3695.15,0,18.483,0.175786,1.03023,2.02113,5.1353,1.04179,6.96909,0.42336,0,0,18.483,0.42336,442.007,0,1.02816,0,0,2.05839,1.03023,1.028160,1,0,69.5383,0,0,0,69.5383,0
44.4797,2.74039,0,0,4.14254,0.146244,0.36288,3.6288,56.4287,0.468923,0,0,1.49521,0.23476,0,0.66528,12.849,1,0.807845,0.36288,0,102.908,3.7905,98.6721,0.84672,12.849,0.84672,3695.15,0,18.483,0.155779,3.07409,2.02114,9.19351,0.896561,13.2364,0.42336,0,0,18.483,0.42336,442.007,0,1.02816,0,0,4.10225,3.07409,1.028160,1,0,111.909,0,0,0,111.909,0
46.2172,2.75299,0,0,5.00111,0.147741,0.36288,3.6288,57.2239,0.47058,0,0,1.5018,0.235978,0,0.66528,12.849,1,0.795267,0.36288,0,53.2771,3.7905,49.0542,0.84672,12.849,0.84672,3695.15,0,18.483,0.154137,2.8175,1.94194,10.3097,0.896561,14.0184,0.42336,0,0,18.483,0.42336,442.007,0,1.02816,0,0,3.84566,2.8175,1.028160,1,0,63.0726,0,0,0,63.0726,0
48.1717,2.77641,0,0,5.27476,0.180916,0.36288,3.6288,57.8226,0.472209,0,0,1.30134,0.230508,0,0.66528,12.849,1,0.77188,0.36288,0,65.0055,3.8122,60.7843,0.84672,12.849,0.84672,3695.15,0,18.483,0.152521,1.89996,1.94196,6.27578,0.918518,9.04666,0.42336,0,0,18.483,0.42336,442.007,0,1.02816,0,0,2.92812,1.89996,1.028160,1,0,69.8309,0,0,0,69.8309,0
49.4604,2.80116,0,0,4.64412,0.191396,0.36288,3.6288,58.3653,0.473417,0,0,1.25498,0.238803,0,0.66528,12.849,1,0.747163,0.36288,0,76.9038,4.03093,72.4886,0.84672,12.849,0.84672,3695.15,0,18.483,0.151328,2.0174,1.94197,6.90086,1.11038,9.59853,0.42336,0,0,18.483,0.42336,442.007,0,1.02816,0,0,3.04556,2.0174,1.028160,1,0,82.0871,0,0,0,82.0871,0
52.9233,2.60451,0,0,6.64112,0.210854,0.36288,3.6288,59.679,0.348398,0,0,1.8904,0.228373,0,0.66528,12.849,1,0.676609,0.36288,0,82.8213,4.19276,78.3148,0.84672,12.849,0.84672,3695.15,0,18.483,0.11033,4.077,1.94199,11.0411,1.05048,15.8992,0.42336,0,0,18.483,0.42336,442.007,0,1.02816,0,0,5.10516,4.077,1.028160,1,0,94.2141,0,0,0,94.2141,0
56.8917,2.64016,0,0,7.19012,0.21862,0.36288,3.6288,60.867,0.350262,0,0,1.76859,0.230305,0,0.66528,12.849,1,0.640992,0.36288,0,127.249,4.19276,122.778,0.84672,12.849,0.84672,3695.15,0,18.483,0.108479,3.62322,1.76365,12.617,1.05048,16.8449,0.42336,0,0,18.483,0.42336,442.007,0,1.02816,0,0,4.65138,3.62322,1.028160,1,0,139.623,0,0,0,139.623,0
59.7429,2.67665,0,0,6.12497,0.234276,0.36288,3.6288,61.308,0.351896,0,0,1.45167,0.201877,0.456867,0.66528,12.849,1,0.604523,0.36288,0,176.277,3.86276,172.172,0.84672,12.849,0.84672,3695.15,0,18.483,0.106858,2.70343,1.76367,7.4595,0.961005,10.8587,0.42336,0,0,18.483,0.42336,442.007,0,1.02816,0,0,3.73159,2.70343,1.028160,1,0,183.488,0,0,0,183.488,0
62.8862,2.70042,0,0,6.43749,0.230918,0.36288,3.6288,61.308,0.352497,0,0,1.49511,0.204192,0.938421,0.66528,12.849,1,0.580784,0.36288,0,120.347,3.7318,116.397,0.84672,12.849,0.84672,3695.15,0,18.483,0.10627,3.02009,1.76368,7.57881,1.05072,11.2056,0.42336,0,0,18.483,0.42336,442.007,0,1.02816,0,0,4.04825,3.02009,1.028160,1,0,128.541,0,0,0,128.541,0
63.4044,2.72455,0,0,3.86543,0.259752,0.36288,3.6288,61.308,0.352506,0,0,0.993228,0.216725,0.423997,0.66528,12.849,1,0.556684,0.36288,0,72.0206,4.53221,67.2946,0.84672,12.849,0.84672,3695.15,0,18.483,0.106273,1.70879,1.7637,7.33787,1.25481,9.44927,0.42336,0,0,18.483,0.42336,442.007,0,1.02816,0,0,2.73695,1.70879,1.028160,1,0,77.1679,0,0,0,77.1679,0
64.0168,2.81382,0,0,4.05899,0.269925,0.36288,3.6288,61.308,0.389454,0,0,1.17322,0.221738,0.562025,0.66528,12.849,1,0.570225,0.36288,0,133.758,4.85236,128.699,0.84672,12.849,0.84672,3695.15,0,18.483,0.117412,1.91182,1.76371,10.4622,1.33645,12.6839,0.42336,0,0,18.483,0.42336,442.007,0,1.02816,0,0,2.93998,1.91182,1.028160,1,0,141.945,0,0,0,141.945,0
65.9996,2.81837,0,0,5.43529,0.271269,0.36288,3.6288,61.308,0.389456,0,0,1.64286,0.221738,1.03167,0.66528,12.849,1,0.565682,0.36288,0,98.8848,4.85236,93.8296,0.84672,12.849,0.84672,3695.15,0,18.483,0.117412,2.55722,1.82013,12.3272,1.33645,15.2507,0.42336,0,0,18.483,0.42336,442.007,0,1.02816,0,0,3.58538,2.55722,1.028160,1,0,110.112,0,0,0,110.112,0
71.7274,2.83259,0,0,9.19891,0.275624,0.36288,3.6288,61.308,0.389457,0,0,2.87087,0.221738,2.25968,0.66528,12.849,1,0.551458,0.36288,0,283.097,4.85236,278.056,0.84672,12.849,0.84672,3695.15,0,18.483,0.117413,4.53119,1.82013,18.2296,1.33645,23.1271,0.42336,0,0,18.483,0.42336,442.007,0,1.02816,0,0,5.55935,4.53119,1.028160,1,0,303.442,0,0,0,303.442,0
72.29,2.86994,0,0,9.25819,0.30275,5.52288,3.6288,61.308,0.389458,0,0,2.04293,0.181564,1.47191,0.66528,12.849,1,0.514112,5.52288,0,262.379,3.94337,263.444,0.84672,12.849,0.84672,3695.15,0,18.483,0.117413,3.07848,1.82014,15.0612,1.06472,18.7777,0.42336,0,0,18.483,0.42336,442.007,0,1.02816,0,0,4.10664,3.07848,1.028160,1,0,283.694,0,0,0,283.694,0
72.29,3.1536,0,0,6.35882,0.357154,2.84807,3.6288,61.308,0.528138,0,0,1.85867,0.162003,1.16853,0.66528,12.849,1,0.560529,2.84807,0,207.581,4.01373,205.855,0.84672,12.849,0.84672,3695.15,0,18.483,0.159222,2.14292,1.82014,13.0284,0.958645,15.8736,0.42336,0,0,18.483,0.42336,442.007,0,1.02816,0,0,3.17108,2.14292,1.028160,1,0,222.897,0,0,0,222.897,0
72.29,3.15361,0,0,5.35218,0.347383,1.85119,3.6288,61.308,0.52814,0,0,1.64478,0.175529,0.941111,0.66528,12.849,1,0.56053,1.85119,0,157.711,4.0398,154.962,0.84672,12.849,0.84672,3695.15,0,18.483,0.159222,1.54463,2.02144,11.0234,0.981577,13.4487,0.42336,0,0,18.483,0.42336,442.007,0,1.02816,0,0,2.57279,1.54463,1.028160,1,0,169.352,0,0,0,169.352,0
72.29,3.15361,0,0,7.05088,0.322954,3.57432,3.6288,61.308,0.528141,0,0,2.38949,0.209344,1.652,0.66528,12.849,1,0.56053,3.57432,0,190.335,4.10498,189.244,0.84672,12.849,0.84672,3695.15,0,18.483,0.159223,3.02225,2.02144,24.4378,1.03891,28.2834,0.42336,0,0,18.483,0.42336,442.007,0,1.02816,0,0,4.05041,3.02225,1.028160,1,0,219.179,0,0,0,219.179,0
72.29,3.15361,0,0,6.31782,0.337327,2.82688,3.6288,61.308,0.528143,0,0,1.59987,0.188708,0.883018,0.66528,12.849,1,0.560531,2.82688,0,157.441,3.78182,155.925,0.84672,12.849,0.84672,3695.15,0,18.483,0.159223,2.30832,2.02144,18.0881,0.939455,21.3192,0.42336,0,0,18.483,0.42336,442.007,0,1.02816,0,0,3.33648,2.30832,1.028160,1,0,178.127,0,0,0,178.127,0
72.29,2.75388,0,0,4.91124,0.373262,1.78411,3.6288,61.308,0.342035,0,0,1.93343,0.137119,1.45428,0.66528,12.849,1,0.489481,1.78411,0,136.562,2.97391,134.883,0.84672,12.849,0.84672,3695.15,0,18.483,0.103116,2.98519,2.02145,14.3278,0.690829,18.5405,0.42336,0,0,18.483,0.42336,442.007,0,1.02816,0,0,4.01335,2.98519,1.028160,1,0,154.878,0,0,0,154.878,0
72.29,2.75388,0,0,6.37667,0.373262,3.24953,3.6288,61.308,0.342036,0,0,2.10309,0.137119,1.62393,0.66528,12.849,1,0.489481,3.24953,0,159.868,2.97391,159.654,0.84672,12.849,0.84672,3695.15,0,18.483,0.103116,3.47826,1.74609,18.5692,0.690829,22.9996,0.42336,0,0,18.483,0.42336,442.007,0,1.02816,0,0,4.50642,3.47826,1.028160,1,0,184.277,0,0,0,184.277,0
72.29,2.75388,0,0,6.04305,0.371896,2.91727,3.6288,61.308,0.342038,0,0,2.00532,0.125664,1.53762,0.66528,12.849,1,0.489482,2.91727,0,176.619,2.79461,176.252,0.84672,12.849,0.84672,3695.15,0,18.483,0.103117,3.4026,1.74609,16.6482,0.660119,21.0336,0.42336,0,0,18.483,0.42336,442.007,0,1.02816,0,0,4.43076,3.4026,1.028160,1,0,198.823,0,0,0,198.823,0
72.29,2.75389,0,0,10.0061,0.374711,6.87754,3.6288,61.308,0.342039,0,0,2.96993,0.15459,2.4733,0.66528,12.849,1,0.489482,6.87754,0,306.298,3.57,309.116,0.84672,12.849,0.84672,3695.15,0,18.483,0.103117,4.42669,1.74609,29.2954,0.850209,34.5148,0.42336,0,0,18.483,0.42336,442.007,0,1.02816,0,0,5.45485,4.42669,1.028160,1,0,346.105,0,0,0,346.105,0
72.29,2.75389,0,0,9.62591,0.289104,6.58292,3.6288,61.308,0.34204,0,0,3.60609,0.167969,3.09608,0.66528,12.849,1,0.489483,6.58292,0,238.207,3.88656,240.414,0.84672,12.849,0.84672,3695.15,0,18.483,0.103118,5.25845,1.74609,28.3225,0.876323,34.3476,0.42336,0,0,18.483,0.42336,442.007,0,1.02816,0,0,6.28661,5.25845,1.028160,1,0,277.858,0,0,0,277.858,0
72.29,2.85451,0,0,8.2741,0.281741,5.13784,3.6288,61.308,0.387571,0,0,2.7621,0.17175,2.20278,0.66528,12.849,1,0.507368,5.13784,0,198.108,3.86988,198.869,0.84672,12.849,0.84672,3695.15,0,18.483,0.116844,3.78999,1.74609,22.6886,0.86719,27.2407,0.42336,0,0,18.483,0.42336,442.007,0,1.02816,0,0,4.81815,3.78999,1.028160,1,0,228.312,0,0,0,228.312,0
72.29,2.85452,0,0,6.65038,0.251563,3.5443,3.6288,61.308,0.387573,0,0,1.99438,0.168421,1.43839,0.66528,12.849,1,0.507369,3.5443,0,158.856,4.06758,157.825,0.84672,12.849,0.84672,3695.15,0,18.483,0.116845,2.73713,1.81408,15.2117,0.880046,18.766,0.42336,0,0,18.483,0.42336,442.007,0,1.02816,0,0,3.76529,2.73713,1.028160,1,0,178.03,0,0,0,178.03,0
72.29,2.85452,0,0,5.71664,0.228929,2.63319,3.6288,61.308,0.387574,0,0,1.68366,0.165923,1.13016,0.66528,12.849,1,0.507369,2.63319,0,150.41,4.21586,148.32,0.84672,12.849,0.84672,3695.15,0,18.483,0.116845,1.80703,1.81409,12.8498,0.889687,15.4644,0.42336,0,0,18.483,0.42336,442.007,0,1.02816,0,0,2.83519,1.80703,1.028160,1,0,164.915,0,0,0,164.915,0
72.29,2.85452,0,0,5.2727,0.200654,2.21752,3.6288,61.308,0.387575,0,0,1.63583,0.193275,1.05498,0.66528,12.849,1,0.50737,2.21752,0,131.147,4.43935,128.417,0.84672,12.849,0.84672,3695.15,0,18.483,0.116845,1.72949,1.81409,11.4502,0.969598,13.9073,0.42336,0,0,18.483,0.42336,442.007,0,1.02816,0,0,2.75765,1.72949,1.028160,1,0,143.38,0,0,0,143.38,0
72.29,2.81518,0,0,5.12831,0.179447,2.13368,3.6288,61.308,0.369893,0,0,1.61484,0.21379,1.03116,0.66528,12.849,1,0.500378,2.13368,0,129.223,4.60698,126.25,0.84672,12.849,0.84672,3695.15,0,18.483,0.111515,1.83441,1.81409,10.7213,1.02953,13.2287,0.42336,0,0,18.483,0.42336,442.007,0,1.02816,0,0,2.86257,1.83441,1.028160,1,0,140.51,0,0,0,140.51,0
72.29,2.81519,0,0,4.86505,0.179447,1.87042,3.6288,61.308,0.369895,0,0,1.49494,0.21379,0.91126,0.66528,12.849,1,0.500378,1.87042,0,116.508,4.60698,113.271,0.84672,12.849,0.84672,3695.15,0,18.483,0.111515,1.6752,1.78763,10.1614,1.02953,12.4832,0.42336,0,0,18.483,0.42336,442.007,0,1.02816,0,0,2.70336,1.6752,1.028160,1,0,126.665,0,0,0,126.665,0
72.29,2.81519,0,0,4.52085,0.187456,1.51821,3.6288,61.308,0.369896,0,0,1.48648,0.205909,0.910673,0.66528,12.849,1,0.500379,1.51821,0,109.728,4.08906,106.657,0.84672,12.849,0.84672,3695.15,0,18.483,0.111515,1.63778,1.78763,9.47437,0.883294,11.905,0.42336,0,0,18.483,0.42336,442.007,0,1.02816,0,0,2.66594,1.63778,1.028160,1,0,119.472,0,0,0,119.472,0
72.29,2.81519,0,0,4.29066,0.152305,1.32316,3.6288,61.308,0.369897,0,0,1.45371,0.21944,0.864377,0.66528,12.849,1,0.500379,1.32316,0,99.1829,4.09985,95.9058,0.84672,12.849,0.84672,3695.15,0,18.483,0.111516,1.56769,1.78763,8.80312,0.856307,11.1906,0.42336,0,0,18.483,0.42336,442.007,0,1.02816,0,0,2.59585,1.56769,1.028160,1,0,107.961,0,0,0,107.961,0
72.29,2.94874,0,0,3.63114,0.100976,0.581424,3.6288,61.308,0.432609,0,0,1.21074,0.23343,0.544702,0.66528,12.849,1,0.524117,0.581424,0,72.3038,5.25787,67.1033,0.84672,12.849,0.84672,3695.15,0,18.483,0.130422,0.959895,1.78763,7.7334,1.17063,9.17989,0.42336,0,0,18.483,0.42336,442.007,0,1.02816,0,0,1.98806,0.959895,1.028160,1,0,76.8279,0,0,0,76.8279,0
72.29,2.94875,0,0,3.4739,0.100976,0.424181,3.6288,61.308,0.43261,0,0,1.15671,0.23343,0.490666,0.66528,12.849,1,0.524117,0.424181,0,66.6032,5.25787,61.2454,0.84672,12.849,0.84672,3695.15,0,18.483,0.130422,0.886576,1.88017,7.47904,1.17063,8.94474,0.42336,0,0,18.483,0.42336,442.007,0,1.02816,0,0,1.91474,0.886576,1.028160,1,0,70.6808,0,0,0,70.6808,0
72.2038,2.94875,0,0,3.32636,0.100976,0.36288,3.6288,61.308,0.432611,0,0,1.17591,0.23343,0.509871,0.66528,12.849,1,0.524118,0.36288,0,63.546,5.25787,58.1269,0.84672,12.849,0.84672,3695.15,0,18.483,0.130423,1.11856,1.88017,7.12083,1.17063,8.81851,0.42336,0,0,18.483,0.42336,442.007,0,1.02816,0,0,2.14672,1.11856,1.028160,1,0,67.4553,0,0,0,67.4553,0
71.8263,2.94822,0,0,3.06404,0.130393,0.36288,3.6288,61.308,0.432613,0,0,1.10195,0.225529,0.443812,0.66528,12.849,1,0.52465,0.36288,0,59.4039,4.75019,54.4919,0.84672,12.849,0.84672,3695.15,0,18.483,0.130423,1.0126,1.88017,6.52052,1.19021,8.09266,0.42336,0,0,18.483,0.42336,442.007,0,1.02816,0,0,2.04076,1.0126,1.028160,1,0,63.0284,0,0,0,63.0284,0
72.0714,2.94589,0,0,3.65131,0.0974008,0.36288,3.6288,61.308,0.432614,0,0,1.28438,0.257381,0.594384,0.66528,12.849,1,0.526989,0.36288,0,68.7504,5.08995,63.4963,0.84672,12.849,0.84672,3695.15,0,18.483,0.130424,0.948534,1.88017,6.20198,1.22716,7.6731,0.42336,0,0,18.483,0.42336,442.007,0,1.02816,0,0,1.97669,0.948534,1.028160,1,0,71.7638,0,0,0,71.7638,0
72.29,2.92101,0,0,3.57291,0.0666742,0.366658,3.6288,61.308,0.467082,0,0,1.24467,0.297295,0.480293,0.66528,12.849,1,0.520762,0.366658,0,67.2814,5.19761,61.9297,0.84672,12.849,0.84672,3695.15,0,18.483,0.140815,0.867404,1.88018,6.36765,1.34669,7.62772,0.42336,0,0,18.483,0.42336,442.007,0,1.02816,0,0,1.89556,0.867404,1.028160,1,0,70.0377,0,0,0,70.0377,0
72.29,2.92235,0,0,3.39972,0.066785,0.410582,3.6288,61.308,0.467084,0,0,1.15784,0.297295,0.393459,0.66528,12.849,1,0.519426,0.410582,0,60.9911,5.19761,55.6846,0.84672,12.849,0.84672,3695.15,0,18.483,0.140815,0.798725,1.90901,6.06315,1.34669,7.28337,0.42336,0,0,18.483,0.42336,442.007,0,1.02816,0,0,1.82688,0.798725,1.028160,1,0,63.3614,0,0,0,63.3614,0
72.076,2.92236,0,0,3.13807,0.066785,0.36288,3.6288,61.308,0.467085,0,0,1.03543,0.297295,0.271046,0.66528,12.849,1,0.519427,0.36288,0,57.7154,5.19761,52.3612,0.84672,12.849,0.84672,3695.15,0,18.483,0.140816,0.70778,1.90901,5.6713,1.34669,6.80058,0.42336,0,0,18.483,0.42336,442.007,0,1.02816,0,0,1.73594,0.70778,1.028160,1,0,59.4328,0,0,0,59.4328,0
71.5579,2.92105,0,0,2.83225,0.0664709,0.36288,3.6288,61.308,0.467087,0,0,0.861918,0.308568,0.0862636,0.66528,12.849,1,0.520736,0.36288,0,49.9,5.3975,44.3446,0.84672,12.849,0.84672,3695.15,0,18.483,0.140816,0.441323,1.90901,4.72354,1.38395,5.54911,0.42336,0,0,18.483,0.42336,442.007,0,1.02816,0,0,1.46948,0.441323,1.028160,1,0,49.98,0,0,0,49.98,0
71.0961,2.98595,0,0,2.95296,0.065936,0.36288,3.6288,61.308,0.497805,0,0,0.942529,0.323598,0.121125,0.66528,12.849,1,0.536161,0.36288,0,56.0835,5.66402,50.2462,0.84672,12.849,0.84672,3695.15,0,18.483,0.150077,0.454516,1.90901,4.30435,1.43363,5.08417,0.42336,0,0,18.483,0.42336,442.007,0,1.02816,0,0,1.48268,0.454516,1.028160,1,0,55.4515,0,0,0,55.4515,0
70.4028,2.98301,0,0,2.71833,0.0657036,0.36288,3.6288,61.2856,0.497807,0,0,0.799053,0.323598,0,0.66528,12.849,1,0.539111,0.36288,0,46.0666,5.66402,40.2263,0.84672,12.849,0.84672,3695.15,0,18.483,0.150078,0.544424,1.95495,4.16191,1.43363,5.07757,0.42336,0,0,18.483,0.42336,442.007,0,1.02816,0,0,1.57258,0.544424,1.028160,1,0,45.3039,0,0,0,45.3039,0
69.4851,2.97852,0,0,2.48906,0.0653549,0.36288,3.6288,61.2044,0.497766,0,0,0.740094,0.323552,0,0.66528,12.849,1,0.543601,0.36288,0,43.7861,5.66402,37.9413,0.84672,12.849,0.84672,3695.15,0,18.483,0.15012,0.31612,1.95496,3.65826,1.43363,4.34559,0.42336,0,0,18.483,0.42336,442.007,0,1.02816,0,0,1.34428,0.31612,1.028160,1,0,42.2869,0,0,0,42.2869,0
68.7244,2.97247,0,0,2.62987,0.0553001,0.36288,3.6288,61.2279,0.497615,0,0,0.849614,0.328563,0,0.66528,12.849,1,0.54966,0.36288,0,42.944,5.81356,36.9437,0.84672,12.849,0.84672,3695.15,0,18.483,0.150274,0.58498,1.95496,4.83941,1.46351,5.76556,0.42336,0,0,18.483,0.42336,442.007,0,1.02816,0,0,1.61314,0.58498,1.028160,1,0,42.7092,0,0,0,42.7092,0
66.8907,3.16552,0,0,1.76563,0.0709355,0.36288,3.6288,60.9764,0.608501,0,0,0.669012,0.311999,0,0.66528,12.849,1,0.591839,0.36288,0,29.8123,5.46703,24.1163,0.84672,12.849,0.84672,3695.15,0,18.483,0.18369,0.453514,1.95496,3.64645,1.46474,4.40649,0.42336,0,0,18.483,0.42336,442.007,0,1.02816,0,0,1.48167,0.453514,1.028160,1,0,28.5228,0,0,0,28.5228,0
65.2238,3.15191,0,0,1.91782,0.0699211,0.36288,3.6288,60.7339,0.607922,0,0,0.676935,0.311503,0,0.66528,12.849,1,0.60545,0.36288,0,28.4928,5.46703,22.7832,0.84672,12.849,0.84672,3695.15,0,18.483,0.184272,0.464512,2.11053,3.8731,1.46474,4.79913,0.42336,0,0,18.483,0.42336,442.007,0,1.02816,0,0,1.49267,0.464512,1.028160,1,0,27.5823,0,0,0,27.5823,0
64.6006,3.13899,0,0,2.9622,0.0834518,0.36288,3.6288,60.6329,0.607359,0,0,0.814242,0.307818,0,0.66528,12.849,1,0.618377,0.36288,0,46.0202,5.37798,40.3867,0.84672,12.849,0.84672,3695.15,0,18.483,0.184836,0.761141,2.11053,4.09315,1.45382,5.32617,0.42336,0,0,18.483,0.42336,442.007,0,1.02816,0,0,1.7893,0.761141,1.028160,1,0,45.7129,0,0,0,45.7129,0
65.0333,3.13402,0,0,4.02023,0.0906185,0.36288,3.6288,60.7565,0.607125,0,0,1.0294,0.298697,0,0.66528,12.849,1,0.623353,0.36288,0,56.218,5.45019,50.5073,0.84672,12.849,0.84672,3695.15,0,18.483,0.185073,0.810346,2.11054,4.42071,1.43668,5.71984,0.42336,0,0,18.483,0.42336,442.007,0,1.02816,0,0,1.83851,0.810346,1.028160,1,0,56.2272,0,0,0,56.2272,0
64.572,3.13749,0,0,3.10537,0.0663548,0.36288,3.6288,60.7472,0.607415,0,0,0.877402,0.279289,0,0.66528,12.849,1,0.619891,0.36288,0,33.9767,5.59437,28.1253,0.84672,12.849,0.84672,3695.15,0,18.483,0.184784,0.986515,2.11054,3.86549,1.44426,5.3335,0.42336,0,0,18.483,0.42336,442.007,0,1.02816,0,0,2.01468,0.986515,1.028160,1,0,33.4588,0,0,0,33.4588,0
62.9198,3.03818,0,0,1.80706,0.0581676,0.36288,3.6288,60.4923,0.540242,0,0,0.55752,0.27216,0,0.66528,12.849,1,0.604559,0.36288,0,39.4927,5.62149,33.6296,0.84672,12.849,0.84672,3695.15,0,18.483,0.164374,0.481602,2.11054,2.48224,1.44771,3.4623,0.42336,0,0,18.483,0.42336,442.007,0,1.02816,0,0,1.50976,0.481602,1.028160,1,0,37.0919,0,0,0,37.0919,0
60.9563,3.025,0,0,1.48173,0.057393,0.36288,3.6288,60.034,0.69577,0,0,0.509111,0.27172,0,0.66528,12.849,1,0.617742,0.36288,0,22.911,5.62149,17.0347,0.84672,12.849,0.84672,3695.15,0,18.483,0.212588,0.216518,2.02139,1.77382,1.44771,2.35143,0.42336,0,0,18.483,0.42336,442.007,0,0.82442,0,0,1.04094,0.216518,1.028160,1,0,19.3861,0,0,0,19.3861,0
61.1033,3.00857,0,0,3.64547,0.127008,0.36288,3.6288,60.0282,0.538752,0,0,0.809799,0.276799,0,0.66528,12.849,1,0.634178,0.36288,0,30.5036,5.15829,25.074,0.84672,12.849,0.84672,3695.15,0,18.483,0.165869,1.31202,2.02139,4.61382,1.34814,6.43322,0.42336,0,0,18.483,0.42336,442.007,0,1.02816,0,0,2.34018,1.31202,1.028160,1,0,31.5072,0,0,0,31.5072,0
60.643,3.00983,0,0,3.04687,0.134498,0.36288,3.6288,60.1229,0.538741,0,0,0.910362,0.276979,0,0.66528,12.849,1,0.632918,0.36288,0,45.8902,4.74323,40.877,0.84672,12.849,0.84672,3695.15,0,18.483,0.165881,0.734512,2.0214,3.70462,1.16916,5.12549,0.42336,0,0,18.483,0.42336,442.007,0,1.02816,0,0,1.76267,0.734512,1.028160,1,0,46.0025,0,0,0,46.0025,0
59.0761,2.92822,0,0,1.90518,0.180932,0.36288,3.6288,59.851,0.542019,0,0,0.498912,0.228795,0,0.66528,12.849,1,0.620431,0.36288,0,25.9916,4.33314,21.4009,0.84672,12.849,0.84672,3695.15,0,18.483,0.166628,0.216518,2.0214,3.12741,1.06877,4.12994,0.42336,0,0,18.483,0.42336,442.007,0,0.944412,0,0,1.16093,0.216518,1.028160,1,0,25.5309,0,0,0,25.5309,0
57.1954,2.91471,0,0,1.57517,0.178308,0.36288,3.6288,59.575,0.477455,0,0,0.429888,0.228398,0,0.66528,12.849,1,0.633947,0.36288,0,20.8449,4.33314,16.2407,0.84672,12.849,0.84672,3695.15,0,18.483,0.147446,0.23207,1.94217,3.03357,1.06877,3.9916,0.42336,0,0,18.483,0.42336,442.007,0,1.02816,0,0,1.26023,0.23207,1.028160,1,0,20.2323,0,0,0,20.2323,0
57.765,2.89769,0,0,4.00531,0.175072,0.36288,3.6288,60.2464,0.476935,0,0,1.37631,0.227996,0,0.66528,12.849,1,0.65097,0.36288,0,58.1555,4.33314,53.5343,0.84672,12.849,0.84672,3695.15,0,18.483,0.147968,2.80658,1.94217,7.0896,1.06877,10.6216,0.42336,0,0,18.483,0.42336,442.007,0,1.02816,0,0,3.83474,2.80658,1.028160,1,0,64.1559,0,0,0,64.1559,0
59.0162,2.90295,0,0,4.71322,0.196236,0.36288,3.6288,61.308,0.478198,0,0,1.77522,0.213417,0.0219695,0.66528,12.849,1,0.645719,0.36288,0,69.3867,4.11549,64.9884,0.84672,12.849,0.84672,3695.15,0,18.483,0.146707,1.47337,1.94218,7.18267,1.00711,9.4444,0.42336,0,0,18.483,0.42336,442.007,0,1.02816,0,0,2.50153,1.47337,1.028160,1,0,74.4548,0,0,0,74.4548,0
60.4844,2.69472,0,0,4.77091,0.245152,0.36288,3.6288,61.308,0.35257,0,0,0.867609,0.21779,0.297249,0.66528,12.849,1,0.586694,0.36288,0,68.9532,4.2358,64.4936,0.84672,12.849,0.84672,3695.15,0,18.483,0.106292,1.68495,1.94218,9.01178,1.1412,11.3914,0.42336,0,0,18.483,0.42336,442.007,0,1.02816,0,0,2.71311,1.68495,1.028160,1,0,76.1823,0,0,0,76.1823,0
61.098,2.70647,0,0,3.93154,0.248575,0.36288,3.6288,61.308,0.352571,0,0,1.08632,0.21779,0.515963,0.66528,12.849,1,0.574949,0.36288,0,56.0929,4.2358,51.645,0.84672,12.849,0.84672,3695.15,0,18.483,0.106292,1.08194,1.76381,9.13023,1.1412,10.7285,0.42336,0,0,18.483,0.42336,442.007,0,1.02816,0,0,2.1101,1.08194,1.028160,1,0,62.8894,0,0,0,62.8894,0
64.8017,2.71124,0,0,7.02769,0.249846,0.36288,3.6288,61.308,0.352572,0,0,1.94278,0.21779,1.37242,0.66528,12.849,1,0.570179,0.36288,0,141.904,4.2358,137.461,0.84672,12.849,0.84672,3695.15,0,18.483,0.106293,1.8427,1.76381,11.0873,1.1412,13.4463,0.42336,0,0,18.483,0.42336,442.007,0,1.02816,0,0,2.87086,1.8427,1.028160,1,0,152.28,0,0,0,152.28,0
67.4148,2.73844,0,0,5.9599,0.245414,0.36288,3.6288,61.308,0.352574,0,0,1.80614,0.222202,1.23136,0.66528,12.849,1,0.542984,0.36288,0,130.03,3.59824,126.252,0.84672,12.849,0.84672,3695.15,0,18.483,0.106293,3.00644,1.76381,11.4445,1.06242,15.046,0.42336,0,0,18.483,0.42336,442.007,0,1.02816,0,0,4.0346,3.00644,1.028160,1,0,142.529,0,0,0,142.529,0
68.9521,2.75612,0,0,4.92496,0.268697,0.36288,3.6288,61.308,0.352575,0,0,1.42284,0.234115,0.836146,0.66528,12.849,1,0.525306,0.36288,0,70.1148,4.20575,65.7466,0.84672,12.849,0.84672,3695.15,0,18.483,0.106293,2.13029,1.76382,6.78188,1.24182,9.32787,0.42336,0,0,18.483,0.42336,442.007,0,1.02816,0,0,3.15845,2.13029,1.028160,1,0,75.9107,0,0,0,75.9107,0
67.9897,2.85264,0,0,2.54038,0.287273,0.36288,3.6288,61.308,0.389516,0,0,1.06969,0.242498,0.437679,0.66528,12.849,1,0.53158,0.36288,0,39.7048,4.74107,34.795,0.84672,12.849,0.84672,3695.15,0,18.483,0.11743,0.926346,1.76382,3.57952,1.38622,4.76603,0.42336,0,0,18.483,0.42336,442.007,0,1.02816,0,0,1.95451,0.926346,1.028160,1,0,39.9987,0,0,0,39.9987,0
66.203,2.84629,0,0,1.7076,0.28512,0.36288,3.6288,61.308,0.389509,0,0,0.959273,0.242498,0.327267,0.66528,12.849,1,0.537906,0.36288,0,35.4985,4.74107,30.5824,0.84672,12.849,0.84672,3695.15,0,18.483,0.117428,0.705309,1.82023,3.70443,1.38622,4.72631,0.42336,0,0,18.483,0.42336,442.007,0,1.02816,0,0,1.73347,0.705309,1.028160,1,0,35.636,0,0,0,35.636,0
64.0708,2.83412,0,0,1.34596,0.281125,0.36288,3.6288,61.308,0.445299,0,0,0.783579,0.242498,0.0957823,0.66528,12.849,1,0.55006,0.36288,0,31.9766,4.74107,27.0483,0.84672,12.849,0.84672,3695.15,0,18.483,0.134248,0.503194,1.82022,3.10376,1.38622,3.9067,0.42336,0,0,18.483,0.42336,442.007,0,0.955541,0,0,1.45873,0.503194,1.028160,1,0,31.0508,0,0,0,31.0508,0
62.0889,2.81885,0,0,1.47095,0.271173,0.36288,3.6288,61.308,0.439131,0,0,0.847411,0.241124,0.167156,0.66528,12.849,1,0.565303,0.36288,0,31.4906,4.59767,26.6906,0.84672,12.849,0.84672,3695.15,0,18.483,0.132388,0.503194,1.8202,3.01728,1.31615,3.89214,0.42336,0,0,18.483,0.42336,442.007,0,0.963559,0,0,1.46675,0.503194,1.028160,1,0,30.7498,0,0,0,30.7498,0
60.6061,3.07737,0,0,2.23043,0.272969,0.36288,3.6288,61.308,0.528169,0,0,1.114,0.241569,0.344261,0.66528,12.849,1,0.636847,0.36288,0,37.361,3.91643,33.1706,0.84672,12.849,0.84672,3695.15,0,18.483,0.159231,0.624655,1.82019,3.64933,1.10277,4.83217,0.42336,0,0,18.483,0.42336,442.007,0,1.02816,0,0,1.65281,0.624655,1.028160,1,0,38.347,0,0,0,38.347,0
59.1099,3.0645,0,0,2.19912,0.267919,0.36288,3.6288,61.308,0.52816,0,0,1.03393,0.230447,0.275324,0.66528,12.849,1,0.649699,0.36288,0,37.2813,4.00691,32.9875,0.84672,12.849,0.84672,3695.15,0,18.483,0.159229,0.878507,2.02149,3.94343,1.12294,5.56126,0.42336,0,0,18.483,0.42336,442.007,0,1.02816,0,0,1.90667,0.878507,1.028160,1,0,38.8241,0,0,0,38.8241,0
58.291,3.05097,0,0,2.85914,0.264201,0.36288,3.6288,61.308,0.528152,0,0,1.19259,0.230447,0.433989,0.66528,12.849,1,0.663203,0.36288,0,50.575,4.00691,46.2678,0.84672,12.849,0.84672,3695.15,0,18.483,0.159226,1.10879,2.02147,4.70787,1.12294,6.55596,0.42336,0,0,18.483,0.42336,442.007,0,1.02816,0,0,2.13695,1.10879,1.028160,1,0,53.2577,0,0,0,53.2577,0
57.6627,3.04331,0,0,3.04296,0.265049,0.36288,3.6288,61.308,0.528144,0,0,1.22696,0.226509,0.472305,0.66528,12.849,1,0.670833,0.36288,0,54.3543,3.90708,50.1393,0.84672,12.849,0.84672,3695.15,0,18.483,0.159224,0.885773,2.02146,4.68895,1.09547,6.3415,0.42336,0,0,18.483,0.42336,442.007,0,1.02816,0,0,1.91393,0.885773,1.028160,1,0,56.9531,0,0,0,56.9531,0
57.6014,2.65232,0,0,3.22486,0.270992,0.36288,3.6288,61.308,0.342028,0,0,1.0938,0.187615,0.564156,0.66528,12.849,1,0.591017,0.36288,0,75.1412,3.46653,71.4465,0.84672,12.849,0.84672,3695.15,0,18.483,0.103114,0.80949,2.02145,6.56064,0.835191,8.45327,0.42336,0,0,18.483,0.42336,442.007,0,1.02816,0,0,1.83765,0.80949,1.028160,1,0,80.464,0,0,0,80.464,0
56.7225,2.65179,0,0,2.4049,0.269174,0.36288,3.6288,61.308,0.452069,0,0,0.860008,0.185071,0.222869,0.66528,12.849,1,0.591528,0.36288,0,49.0087,3.49293,45.2871,0.84672,12.849,0.84672,3695.15,0,18.483,0.136289,0.608429,1.74607,4.42169,0.819289,5.82062,0.42336,0,0,18.483,0.42336,442.007,0,0.884935,0,0,1.49336,0.608429,1.028160,1,0,51.3306,0,0,0,51.3306,0
56.4792,2.6443,0,0,3.03074,0.266858,0.36288,3.6288,61.308,0.342013,0,0,0.953813,0.185071,0.426729,0.66528,12.849,1,0.598997,0.36288,0,70.99,3.49293,67.261,0.84672,12.849,0.84672,3695.15,0,18.483,0.103109,0.702406,1.74606,4.23952,0.819289,5.76559,0.42336,0,0,18.483,0.42336,442.007,0,1.02816,0,0,1.73057,0.702406,1.028160,1,0,73.4533,0,0,0,73.4533,0
56.4538,2.64218,0,0,3.23558,0.255848,0.36288,3.6288,61.308,0.342006,0,0,1.11138,0.182411,0.586963,0.66528,12.849,1,0.601095,0.36288,0,61.9297,3.61197,58.0795,0.84672,12.849,0.84672,3695.15,0,18.483,0.103107,0.717984,1.74605,4.60061,0.842407,6.11913,0.42336,0,0,18.483,0.42336,442.007,0,1.02816,0,0,1.74614,0.717984,1.028160,1,0,64.7856,0,0,0,64.7856,0
56.0799,2.64194,0,0,2.90187,0.270982,0.36288,3.6288,61.308,0.341999,0,0,1.22317,0.174431,0.706743,0.66528,12.849,1,0.601311,0.36288,0,66.2551,3.72042,62.2962,0.84672,12.849,0.84672,3695.15,0,18.483,0.103105,1.17159,1.74604,5.58251,0.791211,7.60583,0.42336,0,0,18.483,0.42336,442.007,0,1.02816,0,0,2.19975,1.17159,1.028160,1,0,70.6088,0,0,0,70.6088,0
55.6217,2.73508,0,0,2.92609,0.286363,0.36288,3.6288,61.308,0.38752,0,0,1.27322,0.173898,0.711807,0.66528,12.849,1,0.626659,0.36288,0,65.0266,3.64476,61.1181,0.84672,12.849,0.84672,3695.15,0,18.483,0.116829,1.30233,1.74603,5.7255,0.747614,7.90942,0.42336,0,0,18.483,0.42336,442.007,0,1.02816,0,0,2.33049,1.30233,1.028160,1,0,69.7393,0,0,0,69.7393,0
54.8989,2.73087,0,0,2.65607,0.285059,0.36288,3.6288,61.308,0.387512,0,0,1.1124,0.173898,0.550989,0.66528,12.849,1,0.630849,0.36288,0,73.1155,3.64476,69.2027,0.84672,12.849,0.84672,3695.15,0,18.483,0.116826,1.07226,1.81401,5.06454,0.747614,7.08637,0.42336,0,0,18.483,0.42336,442.007,0,1.02816,0,0,2.10042,1.07226,1.028160,1,0,76.8401,0,0,0,76.8401,0
53.9233,2.72412,0,0,2.39439,0.283003,0.36288,3.6288,61.308,0.387505,0,0,0.899398,0.173898,0.337995,0.66528,12.849,1,0.637575,0.36288,0,53.6284,3.64476,49.7089,0.84672,12.849,0.84672,3695.15,0,18.483,0.116824,1.50097,1.81399,4.22761,0.747614,6.67813,0.42336,0,0,18.483,0.42336,442.007,0,1.02816,0,0,2.52913,1.50097,1.028160,1,0,56.7251,0,0,0,56.7251,0
53.175,2.71479,0,0,2.57454,0.245257,0.36288,3.6288,61.308,0.387498,0,0,0.920912,0.13891,0.394504,0.66528,12.849,1,0.646887,0.36288,0,60.7856,3.23847,57.2631,0.84672,12.849,0.84672,3695.15,0,18.483,0.116822,1.42251,1.81398,3.41798,0.756332,5.78132,0.42336,0,0,18.483,0.42336,442.007,0,1.02816,0,0,2.45067,1.42251,1.028160,1,0,63.4389,0,0,0,63.4389,0
51.9739,2.67012,0,0,2.05297,0.220992,0.36288,3.6288,61.308,0.369808,0,0,0.885557,0.175751,0.339998,0.66528,12.849,1,0.645198,0.36288,0,47.5759,4.20318,43.0904,0.84672,12.849,0.84672,3695.15,0,18.483,0.111489,0.716774,1.81397,2.65512,0.981254,4.09312,0.42336,0,0,18.483,0.42336,442.007,0,1.02816,0,0,1.74493,0.716774,1.028160,1,0,47.5235,0,0,0,47.5235,0
50.5523,2.65815,0,0,1.81742,0.218046,0.36288,3.6288,61.308,0.369801,0,0,0.766325,0.202783,0.193741,0.66528,12.849,1,0.657148,0.36288,0,41.8087,4.50936,37.0051,0.84672,12.849,0.84672,3695.15,0,18.483,0.111487,0.584323,1.7875,2.3984,1.00756,3.65117,0.42336,0,0,18.483,0.42336,442.007,0,1.02816,0,0,1.61248,0.584323,1.028160,1,0,40.85,0,0,0,40.85,0
49.0724,2.6434,0,0,1.68334,0.156934,0.36288,3.6288,61.308,0.369794,0,0,0.698302,0.235481,0.0930269,0.66528,12.849,1,0.671879,0.36288,0,38.3652,4.79766,33.2586,0.84672,12.849,0.84672,3695.15,0,18.483,0.111485,0.46351,1.78749,2.2628,1.02478,3.37753,0.42336,0,0,18.483,0.42336,442.007,0,1.02816,0,0,1.49167,0.46351,1.028160,1,0,36.7291,0,0,0,36.7291,0
47.5725,2.62732,0,0,1.64477,0.154486,0.36288,3.6288,61.308,0.369787,0,0,0.783734,0.235481,0.178466,0.66528,12.849,1,0.687933,0.36288,0,37.2475,4.79766,32.1248,0.84672,12.849,0.84672,3695.15,0,18.483,0.111482,0.674654,1.78748,2.69373,1.02478,4.0196,0.42336,0,0,18.483,0.42336,442.007,0,1.02816,0,0,1.70281,0.674654,1.028160,1,0,36.3228,0,0,0,36.3228,0
45.8289,2.73405,0,0,1.49721,0.143827,0.36288,3.6288,61.308,0.432483,0,0,0.695028,0.224388,0.0381572,0.66528,12.849,1,0.738449,0.36288,0,37.271,4.7436,32.1518,0.84672,12.849,0.84672,3695.15,0,18.483,0.130384,0.566663,1.78746,2.25408,1.01672,3.4611,0.42336,0,0,18.483,0.42336,442.007,0,1.02816,0,0,1.59482,0.566663,1.028160,1,0,35.6511,0,0,0,35.6511,0
44.0046,2.71209,0,0,1.36767,0.117049,0.36288,3.6288,61.308,0.432475,0,0,0.689144,0.228037,0.0286319,0.66528,12.849,1,0.760386,0.36288,0,33.3116,4.8573,28.0568,0.84672,12.849,0.84672,3695.15,0,18.483,0.130382,0.566266,1.87997,2.15313,0.981196,3.48779,0.42336,0,0,18.483,0.42336,442.007,0,1.02816,0,0,1.59443,0.566266,1.028160,1,0,31.5732,0,0,0,31.5732,0
42.1799,2.68768,0,0,1.34056,0.114662,0.36288,3.6288,61.308,0.432468,0,0,0.745373,0.228037,0.0848686,0.66528,12.849,1,0.784781,0.36288,0,31.9113,4.8573,26.6321,0.84672,12.849,0.84672,3695.15,0,18.483,0.130379,0.536172,1.87996,2.32006,0.981196,3.62462,0.42336,0,0,18.483,0.42336,442.007,0,1.02816,0,0,1.56433,0.536172,1.028160,1,0,30.3416,0,0,0,30.3416,0
40.2943,2.66164,0,0,1.25118,0.112275,0.36288,3.6288,61.308,0.43246,0,0,0.681169,0.228037,0.0206725,0.66528,12.849,1,0.810798,0.36288,0,29.8311,4.8573,24.5259,0.84672,12.849,0.84672,3695.15,0,18.483,0.130377,0.423913,1.87995,2.05445,0.981196,3.24674,0.42336,0,0,18.483,0.42336,442.007,0,1.02816,0,0,1.45207,0.423913,1.028160,1,0,27.7933,0,0,0,27.7933,0
38.4613,2.63285,0,0,1.24961,0.0868765,0.36288,3.6288,61.1984,0.432452,0,0,0.596858,0.273983,0,0.66528,12.849,1,0.839561,0.36288,0,23.1324,5.19435,17.4614,0.84672,12.849,0.84672,3695.15,0,18.483,0.130375,0.342014,1.87994,2.61111,1.13857,3.56412,0.42336,0,0,18.483,0.42336,442.007,0,1.02816,0,0,1.37017,0.342014,1.028160,1,0,21.0255,0,0,0,21.0255,0
36.6416,2.57953,0,0,1.19879,0.0760612,0.36288,3.6288,60.9377,0.512314,0,0,0.543704,0.292159,0,0.66528,12.849,1,0.86176,0.36288,0,21.2319,5.32917,15.4039,0.84672,12.849,0.84672,3695.15,0,18.483,0.154728,0.30119,1.87993,3.03,1.20152,3.85488,0.42336,0,0,18.483,0.42336,442.007,0,0.968786,0,0,1.26998,0.30119,1.028160,1,0,19.2588,0,0,0,19.2588,0
34.7483,2.54783,0,0,1.09181,0.0744499,0.36288,3.6288,60.715,0.466368,0,0,0.535432,0.291677,0,0.66528,12.849,1,0.89344,0.36288,0,20.7382,5.32917,14.8784,0.84672,12.849,0.84672,3695.15,0,18.483,0.141454,0.261274,1.90874,2.92275,1.20152,3.74979,0.42336,0,0,18.483,0.42336,442.007,0,1.028,0,0,1.28927,0.261274,1.028160,1,0,18.6282,0,0,0,18.6282,0
32.7843,2.51228,0,0,0.983984,0.0727733,0.36288,3.6288,60.3306,0.591818,0,0,0.498609,0.291266,0,0.66528,12.849,1,0.928974,0.36288,0,19.2213,5.32917,13.3261,0.84672,12.849,0.84672,3695.15,0,18.483,0.180163,0.261274,1.90873,2.78283,1.20152,3.57115,0.42336,0,0,18.483,0.42336,442.007,0,0.863827,0,0,1.1251,0.261274,1.028160,1,0,16.8972,0,0,0,16.8972,0
30.826,2.47228,0,0,0.938192,0.0613152,0.36288,3.6288,59.8716,0.613286,0,0,0.480152,0.325842,0,0.66528,12.849,1,0.968949,0.36288,0,17.6381,5.83749,11.1946,0.84672,12.849,0.84672,3695.15,0,18.483,0.187888,0.261274,1.90872,2.69565,1.38392,3.29383,0.42336,0,0,18.483,0.42336,442.007,0,0.834624,0,0,1.0959,0.261274,1.028160,1,0,14.4884,0,0,0,14.4884,0
28.9576,2.4855,0,0,1.02845,0.0484528,0.36288,3.6288,59.5569,0.574357,0,0,0.584779,0.325131,0,0.66528,12.849,1,1.03601,0.36288,0,16.9091,5.854,10.3819,0.84672,12.849,0.84672,3695.15,0,18.483,0.17731,0.261274,1.9087,2.93057,1.43386,3.48938,0.42336,0,0,18.483,0.42336,442.007,0,0.924091,0,0,1.18536,0.261274,1.028160,1,0,13.8713,0,0,0,13.8713,0
27.2397,2.34666,0,0,1.0355,0.0439354,0.36288,3.6288,59.338,0.445703,0,0,0.555648,0.328872,0,0.66528,12.849,1,1.04125,0.36288,0,22.1489,5.89197,15.5786,0.84672,12.849,0.84672,3695.15,0,18.483,0.13832,0.298806,1.95462,3.22588,1.45635,3.88464,0.42336,0,0,18.483,0.42336,442.007,0,1.02816,0,0,1.32697,0.298806,1.028160,1,0,19.4632,0,0,0,19.4632,0
25.5015,2.30203,0,0,0.969598,0.0429099,0.36288,3.6288,59.081,0.445306,0,0,0.516733,0.328412,0,0.66528,12.849,1,1.08587,0.36288,0,17.7835,5.89197,11.1686,0.84672,12.849,0.84672,3695.15,0,18.483,0.138707,0.274199,1.88047,2.90789,1.45635,3.4675,0.42336,0,0,18.483,0.42336,442.007,0,1.02816,0,0,1.30236,0.274199,1.028160,1,0,14.6361,0,0,0,14.6361,0
23.6823,2.29721,0,0,0.882775,0.0418724,0.36288,3.6288,58.6576,0.58606,0,0,0.49057,0.327871,0,0.66528,12.849,1,1.15746,0.36288,0,16.2073,5.89197,9.52071,0.84672,12.849,0.84672,3695.15,0,18.483,0.183344,0.227405,1.88046,2.7124,1.45635,3.18057,0.42336,0,0,18.483,0.42336,442.007,0,0.874541,0,0,1.10195,0.227405,1.028160,1,0,12.7013,0,0,0,12.7013,0
21.9476,2.38912,0,0,1.05046,0.0331104,0.36288,3.6288,58.1899,0.686133,0,0,0.528298,0.309892,0,0.66528,12.849,1,1.29624,0.36288,0,19.2387,5.85885,12.4465,0.84672,12.849,0.84672,3695.15,0,18.483,0.2162,0.227405,1.91752,2.9449,1.44931,3.42431,0.42336,0,0,18.483,0.42336,442.007,0,0.883138,0,0,1.11054,0.227405,1.028160,1,0,15.8708,0,0,0,15.8708,0
20.428,2.32449,0,0,1.19883,0.0310836,0.36288,3.6288,57.9546,0.574743,0,0,0.645539,0.30612,0,0.66528,12.849,1,1.36085,0.36288,0,25.189,5.85333,18.3377,0.84672,12.849,0.84672,3695.15,0,18.483,0.182557,0.238965,2.07009,3.23558,1.44814,3.91393,0.42336,0,0,18.483,0.42336,442.007,0,1.02816,0,0,1.26713,0.238965,1.028160,1,0,22.2516,0,0,0,22.2516,0
18.9104,2.08738,0,0,0.963084,0.0304448,0.36288,3.6288,57.3788,0.737035,0,0,0.466913,0.305655,0,0.66528,12.849,1,1.31294,0.36288,0,24.6136,5.85333,17.8102,0.84672,12.849,0.84672,3695.15,0,18.483,0.235057,0.204422,2.07008,2.59743,1.44814,3.18873,0.42336,0,0,18.483,0.42336,442.007,0,0.675285,0,0,0.879708,0.204422,1.028160,1,0,20.999,0,0,0,20.999,0
17.6925,2.02463,0,0,1.19942,0.0298069,0.36288,3.6288,57.404,0.468342,0,0,0.798034,0.304519,0,0.66528,12.849,1,1.37567,0.36288,0,22.4799,5.85333,15.6138,0.84672,12.849,0.84672,3695.15,0,18.483,0.150864,0.635904,1.90998,4.01615,1.44814,4.96303,0.42336,0,0,18.483,0.42336,442.007,0,1.02816,0,0,1.66406,0.635904,1.028160,1,0,20.5768,0,0,0,20.5768,0
16.3027,1.96976,0,0,0.989349,0.046482,0.36288,3.6288,57.1426,0.527859,0,0,0.550629,0.284108,0,0.66528,12.849,1,1.43052,0.36288,0,23.473,5.18406,17.2213,0.84672,12.849,0.84672,3695.15,0,18.483,0.169961,0.204422,1.90997,3.49485,1.19161,4.24767,0.42336,0,0,18.483,0.42336,442.007,0,0.949536,0,0,1.15396,0.204422,1.028160,1,0,21.4689,0,0,0,21.4689,0
15.2538,1.84353,0,0,1.21329,0.0558125,0.36288,3.6288,56.9996,0.434008,0,0,0.58284,0.291803,0,0.66528,12.849,1,1.45298,0.36288,0,24.3921,5.32907,17.9729,0.84672,12.849,0.84672,3695.15,0,18.483,0.140382,0.204422,1.90996,3.4283,1.25105,4.15125,0.42336,0,0,18.483,0.42336,442.007,0,0.993695,0,0,1.19812,0.204422,1.028160,1,0,22.1242,0,0,0,22.1242,0
14.0556,1.78929,0,0,1.00869,0.0546416,0.36288,3.6288,57.1236,0.407709,0,0,0.823199,0.291532,0,0.66528,12.849,1,1.50721,0.36288,0,22.5323,5.32907,16.059,0.84672,12.849,0.84672,3695.15,0,18.483,0.132206,1.08343,1.82927,3.88708,1.25105,5.41653,0.42336,0,0,18.483,0.42336,442.007,0,1.02816,0,0,2.11159,1.08343,1.028160,1,0,21.4755,0,0,0,21.4755,0
12.6644,1.83041,0,0,0.855282,0.0532694,0.36288,3.6288,56.6992,0.57957,0,0,0.446922,0.291767,0,0.66528,12.849,1,1.67328,0.36288,0,22.5006,5.32907,15.8612,0.84672,12.849,0.84672,3695.15,0,18.483,0.187527,0.216518,1.82926,2.8751,1.25105,3.4823,0.42336,0,0,18.483,0.42336,442.007,0,0.899536,0,0,1.11605,0.216518,1.028160,1,0,19.3435,0,0,0,19.3435,0
11.5346,1.6363,0,0,0.939807,0.070373,0.36288,3.6288,56.3286,0.527489,0,0,0.424056,0.267111,0,0.66528,12.849,1,1.66015,0.36288,0,21.2173,5.00792,14.9121,0.84672,12.849,0.84672,3695.15,0,18.483,0.171953,0.216518,1.94423,2.98458,1.17032,3.80305,0.42336,0,0,18.483,0.42336,442.007,0,0.868614,0,0,1.08513,0.216518,1.028160,1,0,18.7152,0,0,0,18.7152,0
10.4016,1.51909,0,0,0.860622,0.111622,0.36288,3.6288,55.6503,0.732368,0,0,0.280536,0.226492,0,0.66528,12.849,1,1.69219,0.36288,0,17.6014,4.53442,11.7377,0.84672,12.849,0.84672,3695.15,0,18.483,0.24031,0.216518,1.82923,3.07797,1.14025,3.74317,0.42336,0,0,18.483,0.42336,442.007,0,0.523221,0,0,0.73974,0.216518,1.028160,1,0,15.4808,0,0,0,15.4808,0
9.70766,1.51782,0,0,1.29546,0.108747,0.36288,3.6288,55.7531,0.351115,0,0,0.679345,0.225489,0,0.66528,12.849,1,1.69344,0.36288,0,27.447,4.53442,21.582,0.84672,12.849,0.84672,3695.15,0,18.483,0.116615,1.10988,1.75753,6.24122,1.14025,7.85176,0.42336,0,0,18.483,0.42336,442.007,0,1.02816,0,0,2.13804,1.10988,1.028160,1,0,29.4338,0,0,0,29.4338,0
10.8564,1.5178,0,0,3.13627,0.106872,0.36288,3.6288,56.6981,0.35127,0,0,1.52195,0.225641,0,0.66528,12.849,1,1.69344,0.36288,0,71.9291,4.53442,66.0641,0.84672,12.849,0.84672,3695.15,0,18.483,0.116451,2.33604,1.75751,9.44165,1.14025,12.2785,0.42336,0,0,18.483,0.42336,442.007,0,1.02816,0,0,3.3642,2.33604,1.028160,1,0,78.3426,0,0,0,78.3426,0
10.6769,1.51778,0,0,1.83409,0.132935,0.36288,3.6288,56.9858,0.352726,0,0,0.835194,0.194812,0,0.66528,12.849,1,1.69344,0.36288,0,40.5802,3.97843,35.2712,0.84672,12.849,0.84672,3695.15,0,18.483,0.114985,0.510719,1.7575,5.71931,0.89235,6.9802,0.42336,0,0,18.483,0.42336,442.007,0,1.02816,0,0,1.53888,0.510719,1.028160,1,0,42.2514,0,0,0,42.2514,0
12.8055,1.3476,0,0,3.98209,0.142961,0.36288,3.6288,58.5339,0.239702,0,0,2.01644,0.228621,0,0.66528,12.849,1,1.62176,0.36288,0,51.6599,4.45937,45.9416,0.84672,12.849,0.84672,3695.15,0,18.483,0.0777459,2.08581,1.75749,9.46241,1.05431,12.1737,0.42336,0,0,18.483,0.42336,442.007,0,1.02816,0,0,3.11397,2.08581,1.028160,1,0,58.1153,0,0,0,58.1153,0
13.5036,1.48215,0,0,2.69838,0.155312,0.36288,3.6288,59.2279,0.241258,0,0,1.16713,0.23183,0,0.66528,12.849,1,1.48719,0.36288,0,61.5031,4.49379,55.8851,0.84672,12.849,0.84672,3695.15,0,18.483,0.0761812,1.17363,1.59607,6.50136,1.08844,8.10645,0.42336,0,0,18.483,0.42336,442.007,0,1.02816,0,0,2.20179,1.17363,1.028160,1,0,63.9915,0,0,0,63.9915,0
14.3468,1.52154,0,0,2.88535,0.157707,0.36288,3.6288,60.0491,0.241932,0,0,1.29594,0.232866,0,0.66528,12.849,1,1.44778,0.36288,0,62.8974,4.49379,57.3187,0.84672,12.849,0.84672,3695.15,0,18.483,0.0754988,1.34456,1.59606,6.77781,1.08844,8.5545,0.42336,0,0,18.483,0.42336,442.007,0,1.02816,0,0,2.37272,1.34456,1.028160,1,0,65.8732,0,0,0,65.8732,0
16.204,1.56642,0,0,3.94279,0.156273,0.36288,3.6288,61.308,0.242715,0,0,2.31888,0.215714,0.601512,0.66528,12.849,1,1.40288,0.36288,0,104.691,3.84165,99.8094,0.84672,12.849,0.84672,3695.15,0,18.483,0.0747074,1.15936,1.59605,10.5832,0.941695,12.3222,0.42336,0,0,18.483,0.42336,442.007,0,1.02816,0,0,2.18752,1.15936,1.028160,1,0,112.733,0,0,0,112.733,0
18.832,1.65609,0,0,4.79998,0.153026,0.36288,3.6288,61.308,0.243888,0,0,1.84433,0.230799,1.36964,0.66528,12.849,1,1.3132,0.36288,0,98.6714,4.14448,93.5766,0.84672,12.849,0.84672,3695.15,0,18.483,0.0735267,0.811996,1.59604,9.65416,0.999947,10.9887,0.42336,0,0,18.483,0.42336,442.007,0,1.02816,0,0,1.84016,0.811996,1.028160,1,0,105.935,0,0,0,105.935,0
20.2209,1.82029,0,0,3.72554,0.153495,0.36288,3.6288,61.308,0.346654,0,0,0.965995,0.218926,0.400415,0.66528,12.849,1,1.24198,0.36288,0,94.4905,3.53357,90.0778,0.84672,12.849,0.84672,3695.15,0,18.483,0.104508,0.412474,1.59603,8.02336,0.841759,9.0856,0.42336,0,0,18.483,0.42336,442.007,0,0.937907,0,0,1.35038,0.412474,1.028160,1,0,99.5638,0,0,0,99.5638,0
25.2504,1.87243,0,0,7.42133,0.156505,0.36288,3.6288,61.308,0.277293,0,0,1.72843,0.218926,1.23221,0.66528,12.849,1,1.1898,0.36288,0,108.559,3.53357,104.199,0.84672,12.849,0.84672,3695.15,0,18.483,0.0835975,3.06704,1.64706,13.3396,0.841759,17.1284,0.42336,0,0,18.483,0.42336,442.007,0,1.02816,0,0,4.0952,3.06704,1.028160,1,0,122.559,0,0,0,122.559,0
28.5901,2.02947,0,0,5.90914,0.177099,0.36288,3.6288,61.308,0.277278,0,0,1.29295,0.2145,0.801172,0.66528,12.849,1,1.03272,0.36288,0,109.576,3.84556,105.061,0.84672,12.849,0.84672,3695.15,0,18.483,0.0835932,2.6229,1.64704,8.99122,0.92686,12.2507,0.42336,0,0,18.483,0.42336,442.007,0,1.02816,0,0,3.65106,2.6229,1.028160,1,0,118.112,0,0,0,118.112,0
31.1906,2.11267,0,0,5.26554,0.18943,0.36288,3.6288,61.308,0.277263,0,0,1.47626,0.212729,0.986272,0.66528,12.849,1,0.94948,0.36288,0,116.98,3.97037,112.423,0.84672,12.849,0.84672,3695.15,0,18.483,0.0835888,1.88851,1.64702,8.83112,0.9609,11.3222,0.42336,0,0,18.483,0.42336,442.007,0,1.02816,0,0,2.91667,1.88851,1.028160,1,0,124.731,0,0,0,124.731,0
35.8071,2.52986,0,0,7.72744,0.218207,0.36288,3.6288,61.308,0.477709,0,0,1.50317,0.17204,0.853421,0.66528,12.849,1,1.04218,0.36288,0,138.665,3.01035,134.975,0.84672,12.849,0.84672,3695.15,0,18.483,0.144019,2.91404,1.647,14.8057,0.807986,18.4147,0.42336,0,0,18.483,0.42336,442.007,0,1.02816,0,0,3.9422,2.91404,1.028160,1,0,154.244,0,0,0,154.244,0
39.8477,2.62871,0,0,7.26317,0.231019,0.36288,3.6288,61.308,0.477692,0,0,2.21876,0.17204,1.56903,0.66528,12.849,1,0.943282,0.36288,0,105.323,3.01035,101.733,0.84672,12.849,0.84672,3695.15,0,18.483,0.144013,3.28325,1.9441,10.4863,0.807986,14.7616,0.42336,0,0,18.483,0.42336,442.007,0,1.02816,0,0,4.31141,3.28325,1.028160,1,0,118.063,0,0,0,118.063,0
42.3203,2.80749,0,0,5.87568,0.232746,0.36288,3.6288,61.308,0.527656,0,0,1.83065,0.199703,1.10329,0.66528,12.849,1,0.905283,0.36288,0,131.96,3.66555,127.752,0.84672,12.849,0.84672,3695.15,0,18.483,0.159077,2.82135,1.94408,11.0231,1.01297,14.6165,0.42336,0,0,18.483,0.42336,442.007,0,1.02816,0,0,3.84951,2.82135,1.028160,1,0,143.471,0,0,0,143.471,0
43.735,2.84802,0,0,4.86098,0.235287,0.36288,3.6288,61.308,0.527638,0,0,1.42855,0.193461,0.707447,0.66528,12.849,1,0.864699,0.36288,0,96.9296,3.47016,92.9576,0.84672,12.849,0.84672,3695.15,0,18.483,0.159071,2.14085,2.0207,7.63361,0.911093,10.725,0.42336,0,0,18.483,0.42336,442.007,0,1.02816,0,0,3.16901,2.14085,1.028160,1,0,104.39,0,0,0,104.39,0
45.644,2.45834,0,0,4.97037,0.240211,0.36288,3.6288,61.308,0.320123,0,0,1.51079,0.166629,1.02404,0.66528,12.849,1,0.72224,0.36288,0,101.133,3.38986,97.3837,0.84672,12.849,0.84672,3695.15,0,18.483,0.09651,1.77091,2.02067,11.1833,1.0383,13.84,0.42336,0,0,18.483,0.42336,442.007,0,1.02816,0,0,2.79907,1.77091,1.028160,1,0,112.248,0,0,0,112.248,0
46.7768,2.48188,0,0,4.2265,0.248876,0.36288,3.6288,61.308,0.320108,0,0,1.45624,0.178199,0.95793,0.66528,12.849,1,0.69866,0.36288,0,129.515,3.75028,125.429,0.84672,12.849,0.84672,3695.15,0,18.483,0.0965055,2.22333,1.71229,9.68354,1.09784,12.4248,0.42336,0,0,18.483,0.42336,442.007,0,1.02816,0,0,3.25149,2.22333,1.028160,1,0,138.812,0,0,0,138.812,0
47.6733,2.54335,0,0,4.05468,0.252033,0.36288,3.6288,61.308,0.341554,0,0,1.30836,0.178199,0.788602,0.66528,12.849,1,0.698627,0.36288,0,49.188,3.75028,45.102,0.84672,12.849,0.84672,3695.15,0,18.483,0.102971,1.90636,1.71226,9.08945,1.09784,11.5073,0.42336,0,0,18.483,0.42336,442.007,0,1.02816,0,0,2.93452,1.90636,1.028160,1,0,57.3979,0,0,0,57.3979,0
48.4592,2.55367,0,0,3.95705,0.254532,0.36288,3.6288,61.308,0.341539,0,0,1.25887,0.178199,0.739127,0.66528,12.849,1,0.68827,0.36288,0,103.401,3.75028,99.325,0.84672,12.849,0.84672,3695.15,0,18.483,0.102966,1.82654,1.74534,9.29422,1.09784,11.6653,0.42336,0,0,18.483,0.42336,442.007,0,1.02816,0,0,2.8547,1.82654,1.028160,1,0,111.729,0,0,0,111.729,0
49.9267,2.56246,0,0,4.66058,0.267812,0.36288,3.6288,61.308,0.341524,0,0,2.70577,0.153941,2.21031,0.66528,12.849,1,0.679437,0.36288,0,157.079,3.54983,153.212,0.84672,12.849,0.84672,3695.15,0,18.483,0.102962,4.20858,1.74532,14.3632,1.06911,19.145,0.42336,0,0,18.483,0.42336,442.007,0,1.02816,0,0,5.23674,4.20858,1.028160,1,0,174.568,0,0,0,174.568,0
52.8289,2.67251,0,0,6.21814,0.280516,0.36288,3.6288,61.308,0.387016,0,0,2.13439,0.135747,1.61163,0.66528,12.849,1,0.68779,0.36288,0,170.794,3.39948,167.069,0.84672,12.849,0.84672,3695.15,0,18.483,0.116677,4.58629,1.7453,13.8363,1.04757,19.0036,0.42336,0,0,18.483,0.42336,442.007,0,1.02816,0,0,5.61445,4.58629,1.028160,1,0,187.685,0,0,0,187.685,0
54.4104,2.70286,0,0,4.93637,0.289131,0.36288,3.6288,61.308,0.387,0,0,1.59786,0.135747,1.07512,0.66528,12.849,1,0.657388,0.36288,0,143.012,3.39948,139.318,0.84672,12.849,0.84672,3695.15,0,18.483,0.116672,3.33972,1.81323,11.5106,1.04757,15.4993,0.42336,0,0,18.483,0.42336,442.007,0,1.02816,0,0,4.36788,3.33972,1.028160,1,0,155.892,0,0,0,155.892,0
55.3628,2.71828,0,0,4.24218,0.208648,0.36288,3.6288,61.308,0.386984,0,0,1.47036,0.164523,0.918848,0.66528,12.849,1,0.641922,0.36288,0,133.021,3.42963,129.313,0.84672,12.849,0.84672,3695.15,0,18.483,0.116667,2.79967,1.8132,10.2065,1.08677,13.616,0.42336,0,0,18.483,0.42336,442.007,0,1.02816,0,0,3.82783,2.79967,1.028160,1,0,143.848,0,0,0,143.848,0
56.485,2.72721,0,0,4.40999,0.197665,0.36288,3.6288,61.308,0.386968,0,0,1.55102,0.174286,0.989764,0.66528,12.849,1,0.632951,0.36288,0,129.941,3.62149,126.05,0.84672,12.849,0.84672,3695.15,0,18.483,0.116662,3.41175,1.81318,13.9919,1.10158,17.9986,0.42336,0,0,18.483,0.42336,442.007,0,1.02816,0,0,4.43991,3.41175,1.028160,1,0,145.038,0,0,0,145.038,0
57.4513,2.69969,0,0,4.23217,0.203277,0.36288,3.6288,61.308,0.369278,0,0,1.23899,0.186704,0.683011,0.66528,12.849,1,0.614115,0.36288,0,112.384,4.0886,108.044,0.84672,12.849,0.84672,3695.15,0,18.483,0.111329,2.8219,1.81316,10.2843,1.12226,13.6857,0.42336,0,0,18.483,0.42336,442.007,0,1.02816,0,0,3.85006,2.8219,1.028160,1,0,122.413,0,0,0,122.413,0
57.6329,2.70809,0,0,3.45781,0.205221,0.36288,3.6288,61.308,0.369263,0,0,1.06254,0.186704,0.506572,0.66528,12.849,1,0.605666,0.36288,0,84.8811,4.0886,80.5497,0.84672,12.849,0.84672,3695.15,0,18.483,0.111324,2.26585,1.78668,6.91295,1.12226,9.73189,0.42336,0,0,18.483,0.42336,442.007,0,1.02816,0,0,3.29401,2.26585,1.028160,1,0,90.7882,0,0,0,90.7882,0
57.4065,2.70962,0,0,3.0517,0.205586,0.36288,3.6288,61.308,0.369247,0,0,0.994248,0.186704,0.438297,0.66528,12.849,1,0.604097,0.36288,0,73.9869,4.0886,69.6571,0.84672,12.849,0.84672,3695.15,0,18.483,0.11132,1.85393,1.78666,6.10872,1.12226,8.51572,0.42336,0,0,18.483,0.42336,442.007,0,1.02816,0,0,2.88209,1.85393,1.028160,1,0,78.6111,0,0,0,78.6111,0
56.8807,2.70763,0,0,2.74979,0.205131,0.36288,3.6288,61.308,0.369231,0,0,0.881124,0.186704,0.325189,0.66528,12.849,1,0.606035,0.36288,0,64.5831,4.0886,60.2514,0.84672,12.849,0.84672,3695.15,0,18.483,0.111315,1.56184,1.78663,5.5165,1.12226,7.63139,0.42336,0,0,18.483,0.42336,442.007,0,1.02816,0,0,2.59,1.56184,1.028160,1,0,68.208,0,0,0,68.208,0
56.4142,2.83125,0,0,2.89164,0.16399,0.36288,3.6288,61.308,0.431888,0,0,0.973434,0.154604,0.386942,0.66528,12.849,1,0.639562,0.36288,0,69.9365,3.73916,65.9206,0.84672,12.849,0.84672,3695.15,0,18.483,0.130205,1.9004,1.78661,7.37875,1.0055,9.93005,0.42336,0,0,18.483,0.42336,442.007,0,1.02816,0,0,2.92856,1.9004,1.028160,1,0,76.2376,0,0,0,76.2376,0
55.9135,2.8269,0,0,2.85009,0.160998,0.36288,3.6288,61.308,0.431872,0,0,0.9753,0.155891,0.387537,0.66528,12.849,1,0.643861,0.36288,0,64.1166,3.81853,60.0171,0.84672,12.849,0.84672,3695.15,0,18.483,0.1302,1.91598,1.87906,7.708,1.02095,10.3519,0.42336,0,0,18.483,0.42336,442.007,0,1.02816,0,0,2.94414,1.91598,1.028160,1,0,70.7565,0,0,0,70.7565,0
55.2648,2.82218,0,0,2.69654,0.1602,0.36288,3.6288,61.308,0.431855,0,0,0.871119,0.155891,0.283373,0.66528,12.849,1,0.64854,0.36288,0,59.3171,3.81853,55.2129,0.84672,12.849,0.84672,3695.15,0,18.483,0.130195,1.5401,1.87903,7.23591,1.02095,9.5039,0.42336,0,0,18.483,0.42336,442.007,0,1.02816,0,0,2.56826,1.5401,1.028160,1,0,65.0001,0,0,0,65.0001,0
54.5051,2.81596,0,0,2.55096,0.131842,0.36288,3.6288,61.308,0.431839,0,0,0.826105,0.200877,0.193389,0.66528,12.849,1,0.654708,0.36288,0,54.4112,4.42972,49.6896,0.84672,12.849,0.84672,3695.15,0,18.483,0.13019,1.15421,1.87901,6.11537,1.18461,7.8338,0.42336,0,0,18.483,0.42336,442.007,0,1.02816,0,0,2.18237,1.15421,1.028160,1,0,57.7168,0,0,0,57.7168,0
53.9321,2.80854,0,0,2.70216,0.103678,0.36288,3.6288,61.308,0.431822,0,0,0.795692,0.221358,0.142513,0.66528,12.849,1,0.662084,0.36288,0,53.1725,4.84035,48.033,0.84672,12.849,0.84672,3695.15,0,18.483,0.130185,0.970263,1.87898,5.72501,1.30409,7.13998,0.42336,0,0,18.483,0.42336,442.007,0,1.02816,0,0,1.99842,0.970263,1.028160,1,0,55.3155,0,0,0,55.3155,0
53.4579,2.77772,0,0,2.75962,0.0932415,0.36288,3.6288,61.308,0.466249,0,0,0.789921,0.198996,0.124675,0.66528,12.849,1,0.661774,0.36288,0,48.9943,4.59322,44.1022,0.84672,12.849,0.84672,3695.15,0,18.483,0.140564,0.758506,1.87896,5.56998,1.2467,6.82018,0.42336,0,0,18.483,0.42336,442.007,0,1.02816,0,0,1.78667,0.758506,1.028160,1,0,51.0471,0,0,0,51.0471,0
52.8016,2.77295,0,0,2.57227,0.0927361,0.36288,3.6288,61.308,0.466232,0,0,0.79113,0.198996,0.125902,0.66528,12.849,1,0.666498,0.36288,0,45.2625,4.59322,40.3656,0.84672,12.849,0.84672,3695.15,0,18.483,0.140559,0.828697,1.90774,5.10285,1.2467,6.45203,0.42336,0,0,18.483,0.42336,442.007,0,1.02816,0,0,1.85686,0.828697,1.028160,1,0,46.9435,0,0,0,46.9435,0
51.9732,2.76625,0,0,2.39287,0.0921152,0.36288,3.6288,61.308,0.466215,0,0,0.779172,0.198996,0.113961,0.66528,12.849,1,0.673152,0.36288,0,42.1489,4.59322,37.2454,0.84672,12.849,0.84672,3695.15,0,18.483,0.140553,0.813689,1.90772,4.98519,1.2467,6.31933,0.42336,0,0,18.483,0.42336,442.007,0,1.02816,0,0,1.84185,0.813689,1.028160,1,0,43.6787,0,0,0,43.6787,0
51.1137,2.75761,0,0,2.34485,0.083947,0.36288,3.6288,61.3078,0.466198,0,0,0.721509,0.255556,0,0.66528,12.849,1,0.681745,0.36288,0,39.1071,5.30808,33.4802,0.84672,12.849,0.84672,3695.15,0,18.483,0.140548,0.686776,1.90769,4.78556,1.3988,5.84068,0.42336,0,0,18.483,0.42336,442.007,0,1.02816,0,0,1.71494,0.686776,1.028160,1,0,39.3209,0,0,0,39.3209,0
50.4606,2.81255,0,0,2.59233,0.0699411,0.36288,3.6288,61.308,0.496876,0,0,0.861831,0.306946,0.0577649,0.66528,12.849,1,0.707022,0.36288,0,47.7865,5.97156,41.4708,0.84672,12.849,0.84672,3695.15,0,18.483,0.149798,0.70937,1.90766,5.07432,1.44149,6.10006,0.42336,0,0,18.483,0.42336,442.007,0,1.02816,0,0,1.73753,0.70937,1.028160,1,0,47.6287,0,0,0,47.6287,0
49.6094,2.80522,0,0,2.38637,0.0694637,0.36288,3.6288,61.2348,0.496859,0,0,0.730633,0.306946,0,0.66528,12.849,1,0.714305,0.36288,0,39.2518,5.97156,32.9288,0.84672,12.849,0.84672,3695.15,0,18.483,0.149792,0.814735,1.95354,4.90638,1.44149,6.08338,0.42336,0,0,18.483,0.42336,442.007,0,1.02816,0,0,1.84289,0.814735,1.028160,1,0,39.0122,0,0,0,39.0122,0
48.5673,2.79545,0,0,2.18508,0.0688415,0.36288,3.6288,61.108,0.496704,0,0,0.676728,0.306804,0,0.66528,12.849,1,0.72403,0.36288,0,37.3085,5.97156,30.9758,0.84672,12.849,0.84672,3695.15,0,18.483,0.149924,0.547206,1.95352,4.31265,1.44149,5.22196,0.42336,0,0,18.483,0.42336,442.007,0,1.02816,0,0,1.57537,0.547206,1.028160,1,0,36.1977,0,0,0,36.1977,0
47.6699,2.78312,0,0,2.30869,0.0601608,0.36288,3.6288,61.0767,0.496447,0,0,0.776874,0.311732,0,0.66528,12.849,1,0.736305,0.36288,0,36.5908,6.12111,30.0963,0.84672,12.849,0.84672,3695.15,0,18.483,0.150158,0.862272,1.95349,5.70504,1.47137,6.89928,0.42336,0,0,18.483,0.42336,442.007,0,1.02816,0,0,1.89043,0.862272,1.028160,1,0,36.9956,0,0,0,36.9956,0
46.6626,2.95731,0,0,2.36534,0.0524419,0.36288,3.6288,60.8195,0.607062,0,0,0.666933,0.317109,0,0.66528,12.849,1,0.797117,0.36288,0,31.7214,6.24295,25.0442,0.84672,12.849,0.84672,3695.15,0,18.483,0.183709,0.468901,1.95346,4.6314,1.57979,5.29027,0.42336,0,0,18.483,0.42336,442.007,0,1.02816,0,0,1.49706,0.468901,1.028160,1,0,30.3345,0,0,0,30.3345,0
45.9702,2.94378,0,0,2.66052,0.0461984,0.36288,3.6288,60.6473,0.606447,0,0,0.770956,0.3367,0,0.66528,12.849,1,0.810598,0.36288,0,38.367,6.36279,31.5565,0.84672,12.849,0.84672,3695.15,0,18.483,0.184299,0.639714,2.10888,4.42463,1.62532,5.36361,0.42336,0,0,18.483,0.42336,442.007,0,1.02816,0,0,1.66787,0.639714,1.028160,1,0,36.9201,0,0,0,36.9201,0
44.7292,2.9342,0,0,2.1019,0.0458442,0.36288,3.6288,60.2212,0.652539,0,0,0.562772,0.336333,0,0.66528,12.849,1,0.820128,0.36288,0,39.5936,6.36279,32.7735,0.84672,12.849,0.84672,3695.15,0,18.483,0.198869,0.227405,2.10886,3.50595,1.62532,4.01802,0.42336,0,0,18.483,0.42336,442.007,0,0.967473,0,0,1.19488,0.227405,1.028160,1,0,36.7916,0,0,0,36.7916,0
44.0079,2.91648,0,0,2.60325,0.0452093,0.36288,3.6288,60.217,0.605008,0,0,0.936252,0.335423,0,0.66528,12.849,1,0.837793,0.36288,0,35.0888,6.36279,28.2511,0.84672,12.849,0.84672,3695.15,0,18.483,0.185688,1.10303,2.10883,5.2684,1.62532,6.66924,0.42336,0,0,18.483,0.42336,442.007,0,1.02816,0,0,2.13119,1.10303,1.028160,1,0,34.9203,0,0,0,34.9203,0
43.1889,2.90581,0,0,2.47074,0.0210872,0.36288,3.6288,59.9078,0.604979,0,0,0.637232,0.341516,0,0.66528,12.849,1,0.848411,0.36288,0,40.0804,5.94882,33.6461,0.84672,12.849,0.84672,3695.15,0,18.483,0.185692,0.501924,2.1088,5.16793,1.56434,6.02862,0.42336,0,0,18.483,0.42336,442.007,0,1.02816,0,0,1.53008,0.501924,1.028160,1,0,39.6747,0,0,0,39.6747,0
42.8803,2.80509,0,0,2.90042,0.0409657,0.36288,3.6288,59.6377,0.53735,0,0,0.596666,0.329357,0,0.66528,12.849,1,0.834535,0.36288,0,48.2401,4.98735,42.7811,0.84672,12.849,0.84672,3695.15,0,18.483,0.165786,0.523178,2.10877,5.18577,1.49491,6.15702,0.42336,0,0,18.483,0.42336,442.007,0,1.02816,0,0,1.55134,0.523178,1.028160,1,0,48.9381,0,0,0,48.9381,0
42.8883,2.80043,0,0,3.26797,0.0966456,0.36288,3.6288,59.6405,0.536759,0,0,0.835756,0.296207,0,0.66528,12.849,1,0.839144,0.36288,0,46.5163,4.13091,41.9091,0.84672,12.849,0.84672,3695.15,0,18.483,0.166353,0.993885,2.01967,6.92544,1.30789,8.46474,0.42336,0,0,18.483,0.42336,442.007,0,1.02816,0,0,2.02205,0.993885,1.028160,1,0,50.3739,0,0,0,50.3739,0
42.6916,2.80052,0,0,3.06564,0.09899,0.36288,3.6288,59.6557,0.536747,0,0,0.849096,0.297208,0,0.66528,12.849,1,0.839012,0.36288,0,57.2544,4.14718,52.6311,0.84672,12.849,0.84672,3695.15,0,18.483,0.166342,0.933716,2.01964,7.00704,1.31721,8.47684,0.42336,0,0,18.483,0.42336,442.007,0,1.02816,0,0,1.96188,0.933716,1.028160,1,0,61.108,0,0,0,61.108,0
42.8742,2.79751,0,0,3.44175,0.0987649,0.36288,3.6288,59.8791,0.536761,0,0,1.05747,0.297237,0,0.66528,12.849,1,0.841972,0.36288,0,92.111,4.14718,87.4848,0.84672,12.849,0.84672,3695.15,0,18.483,0.166304,1.31473,2.01961,8.92045,1.31721,10.7713,0.42336,0,0,18.483,0.42336,442.007,0,1.02816,0,0,2.34289,1.31473,1.028160,1,0,98.256,0,0,0,98.256,0
40.6145,2.72789,0,0,1.01314,0.182121,0.36288,3.6288,59.254,0.845888,0,0,0.468856,0.248067,0,0.66528,12.849,1,0.817523,0.36288,0,26.1847,4.30479,21.4253,0.84672,12.849,0.84672,3695.15,0,18.483,0.261102,0.216518,2.01958,4.96171,0.976496,5.96021,0.42336,0,0,18.483,0.42336,442.007,0,0.54456,0,0,0.761079,0.216518,1.028160,1,0,27.3855,0,0,0,27.3855,0
38.5744,2.6933,0,0,1.19352,0.177364,0.36288,3.6288,58.3534,1.01224,0,0,0.358672,0.247078,0,0.66528,12.849,1,0.852066,0.36288,0,30.3205,4.30479,25.5265,0.84672,12.849,0.84672,3695.15,0,18.483,0.315747,0.216518,1.9404,5.15691,0.976496,6.02159,0.42336,0,0,18.483,0.42336,442.007,0,0.323539,0,0,0.540057,0.216518,1.028160,1,0,31.5481,0,0,0,31.5481,0
38.9144,2.65946,0,0,3.53548,0.173183,0.36288,3.6288,58.8146,0.473399,0,0,1.18025,0.245652,0,0.66528,12.849,1,0.885857,0.36288,0,56.9947,4.30479,52.1669,0.84672,12.849,0.84672,3695.15,0,18.483,0.149946,0.881427,1.94037,9.08293,0.976496,10.7783,0.42336,0,0,18.483,0.42336,442.007,0,1.02816,0,0,1.90959,0.881427,1.028160,1,0,62.9452,0,0,0,62.9452,0
