0volume,0demand,0up_spill,0ww_inflow,0catch_inflow,0evap,0ds_spill,0treat_cap,1volume,1demand,1up_spill,1ww_inflow,1catch_inflow,1evap,1ds_spill,1treat_cap,2volume,2s_area,2demand,2up_spill,2ww_inflow,2catch_inflow,2evap,2ds_spill,2treat_cap,2valloc_0,2talloc_0,2valloc_1,2talloc_1,3volume,3demand,3up_spill,3ww_inflow,3catch_inflow,3evap,3ds_spill,3treat_cap,3valloc_0,3talloc_0,3valloc_1,3talloc_1,3valloc_2,3talloc_2,4demand,4up_spill,4ww_inflow,4catch_inflow,4ds_spill,4treat_cap,11volume,11s_area,11demand,11up_spill,11ww_inflow,11catch_inflow,11evap,11ds_spill,11treat_cap
72.29,2.09704,0,0,3.40305,0.24588,1.06013,3.6288,61.308,0,0,0,1.09846,0.217357,0.881107,0.66528,12.849,1,0.372733,1.06013,0,42.52,3.54028,39.6671,0.84672,12.849,0.84672,3695.15,0,18.483,0,1.20716,0,7.02337,0.985489,7.24504,0.42336,0,0,18.483,0.42336,442.007,0,1.12031,0,0,2.32747,1.20716,1.028160,1,0,47.7933,0,0,0,47.7933,0
72.29,2.09786,0,0,5.08074,0.24588,2.737,3.6288,61.308,0.07114,0,0,1.05151,0.217357,0.763017,0.66528,12.849,1,0.37288,2.737,0,68.9769,3.54028,67.8008,0.84672,12.849,0.84672,3695.15,0,18.483,0.0214471,1.2088,1.32838,9.21767,0.985489,10.7479,0.42336,0,0,18.483,0.42336,442.007,0,1.02816,0,0,2.23696,1.2088,1.028160,1,0,79.3117,0,0,0,79.3117,0
72.29,2.09869,0,0,4.58355,0.24588,2.23898,3.6288,61.308,0.0714788,0,0,1.09101,0.217357,0.802172,0.66528,12.849,1,0.373026,2.23898,0,60.8346,3.54028,59.1603,0.84672,12.849,0.84672,3695.15,0,18.483,0.0215493,1.29377,1.32891,9.11451,0.985489,10.7301,0.42336,0,0,18.483,0.42336,442.007,0,1.02816,0,0,2.32193,1.29377,1.028160,1,0,70.6926,0,0,0,70.6926,0
72.29,2.09952,0,0,3.87481,0.244936,1.53035,3.6288,61.308,0.0718178,0,0,1.00384,0.211796,0.720225,0.66528,12.849,1,0.373173,1.53035,0,49.996,3.58552,47.5676,0.84672,12.849,0.84672,3695.15,0,18.483,0.0216515,1.07902,1.32943,7.94949,0.995573,9.34071,0.42336,0,0,18.483,0.42336,442.007,0,1.02816,0,0,2.10718,1.07902,1.028160,1,0,57.6286,0,0,0,57.6286,0
72.29,2.3052,0,0,3.64772,0.260283,1.08223,3.6288,61.308,0.173527,0,0,0.877997,0.205031,0.499438,0.66528,12.849,1,0.409733,1.08223,0,53.4028,3.30428,50.771,0.84672,12.849,0.84672,3695.15,0,18.483,0.0523147,0.889341,1.32995,7.42245,0.883531,8.7059,0.42336,0,0,18.483,0.42336,442.007,0,1.02816,0,0,1.9175,0.889341,1.028160,1,0,59.9764,0,0,0,59.9764,0
72.29,2.30611,0,0,3.76719,0.304404,1.15667,3.6288,61.308,0.173906,0,0,0.847515,0.208648,0.464961,0.66528,12.849,1,0.409894,1.15667,0,50.107,3.5364,47.3174,0.84672,12.849,0.84672,3695.15,0,18.483,0.0524289,1.30154,1.47762,7.78032,0.952423,9.55463,0.42336,0,0,18.483,0.42336,442.007,0,1.02816,0,0,2.3297,1.30154,1.028160,1,0,57.337,0,0,0,57.337,0
72.29,2.30702,0,0,4.80987,0.304404,2.19845,3.6288,61.308,0.174285,0,0,0.899726,0.208648,0.516793,0.66528,12.849,1,0.410055,2.19845,0,71.9023,3.5364,70.1543,0.84672,12.849,0.84672,3695.15,0,18.483,0.0525432,1.57683,1.4782,8.68545,0.952423,10.7355,0.42336,0,0,18.483,0.42336,442.007,0,1.02816,0,0,2.60499,1.57683,1.028160,1,0,81.4066,0,0,0,81.4066,0
72.29,2.30793,0,0,4.96788,0.304404,2.35555,3.6288,61.308,0.174665,0,0,0.952646,0.208648,0.569334,0.66528,12.849,1,0.410216,2.35555,0,78.1099,3.5364,76.5189,0.84672,12.849,0.84672,3695.15,0,18.483,0.0526575,1.73365,1.47878,9.27107,0.952423,11.4784,0.42336,0,0,18.483,0.42336,442.007,0,1.02816,0,0,2.76181,1.73365,1.028160,1,0,88.5666,0,0,0,88.5666,0
72.29,2.01617,0,0,3.13572,0.305705,0.813845,3.6288,61.308,0.0387891,0,0,0.936144,0.230179,0.667176,0.66528,12.849,1,0.35836,0.813845,0,47.8967,3.76811,44.5841,0.84672,12.849,0.84672,3695.15,0,18.483,0.0116941,1.30456,1.47937,7.34797,1.09514,9.02507,0.42336,0,0,18.483,0.42336,442.007,0,1.02816,0,0,2.33272,1.30456,1.028160,1,0,54.2763,0,0,0,54.2763,0
72.0347,2.01697,0,0,2.42376,0.29922,0.36288,3.6288,61.308,0.0391149,0,0,0.934053,0.224376,0.670562,0.66528,12.849,1,0.3585,0.36288,0,41.1218,3.87948,37.2467,0.84672,12.849,0.84672,3695.15,0,18.483,0.0117923,1.07068,1.27835,6.86169,1.09532,8.1036,0.42336,0,0,18.483,0.42336,442.007,0,1.02816,0,0,2.09884,1.07068,1.028160,1,0,46.0209,0,0,0,46.0209,0
72.29,2.01668,0,0,2.97518,0.330835,0.372364,3.6288,61.308,0.0394408,0,0,1.0812,0.18069,0.861071,0.66528,12.849,1,0.35972,0.372364,0,52.19,3.88374,48.3189,0.84672,12.849,0.84672,3695.15,0,18.483,0.0118905,1.6298,1.27885,8.13689,1.01144,10.0222,0.42336,0,0,18.483,0.42336,442.007,0,1.02816,0,0,2.65796,1.6298,1.028160,1,0,59.2022,0,0,0,59.2022,0
71.94,2.01855,0,0,2.36295,0.331478,0.36288,3.6288,61.308,0.0397668,0,0,0.883043,0.18069,0.662586,0.66528,12.849,1,0.358782,0.36288,0,40.1495,3.88374,36.2698,0.84672,12.849,0.84672,3695.15,0,18.483,0.0119888,1.16027,1.27935,6.62398,1.01144,8.04017,0.42336,0,0,18.483,0.42336,442.007,0,1.02816,0,0,2.18843,1.16027,1.028160,1,0,44.9726,0,0,0,44.9726,0
72.29,2.01786,0,0,3.10017,0.325792,0.406559,3.6288,61.308,0.0400929,0,0,0.809404,0.176552,0.592758,0.66528,12.849,1,0.360405,0.406559,0,56.5475,4.03893,52.5547,0.84672,12.849,0.84672,3695.15,0,18.483,0.0120871,1.06193,1.27986,7.15433,1.03281,8.45122,0.42336,0,0,18.483,0.42336,442.007,0,1.02816,0,0,2.09009,1.06193,1.028160,1,0,61.5987,0,0,0,61.5987,0
71.3615,2.09395,0,0,1.82607,0.297752,0.36288,3.6288,61.308,0.0738175,0,0,0.610464,0.15173,0.384917,0.66528,12.849,1,0.372184,0.36288,0,33.7074,4.97007,28.728,0.84672,12.849,0.84672,3695.15,0,18.483,0.0222543,0.60391,1.28036,5.02916,1.16106,5.73011,0.42336,0,0,18.483,0.42336,442.007,0,1.02816,0,0,1.63207,0.60391,1.028160,1,0,34.8431,0,0,0,34.8431,0
71.3627,2.09067,0,0,2.75045,0.295654,0.36288,3.6288,61.308,0.0741568,0,0,1.00141,0.15173,0.775524,0.66528,12.849,1,0.376435,0.36288,0,49.6586,4.97007,44.6749,0.84672,12.849,0.84672,3695.15,0,18.483,0.0223566,1.61108,1.33073,9.18726,1.16106,10.9457,0.42336,0,0,18.483,0.42336,442.007,0,1.02816,0,0,2.63924,1.61108,1.028160,1,0,56.3961,0,0,0,56.3961,0
70.901,2.09149,0,0,2.24966,0.256988,0.36288,3.6288,61.308,0.0744963,0,0,0.782339,0.173347,0.534496,0.66528,12.849,1,0.376578,0.36288,0,46.1339,5.01642,41.1038,0.84672,12.849,0.84672,3695.15,0,18.483,0.022459,1.20194,1.33126,6.99908,1.21696,8.29286,0.42336,0,0,18.483,0.42336,442.007,0,1.02816,0,0,2.2301,1.20194,1.028160,1,0,49.9311,0,0,0,49.9311,0
69.9646,2.09024,0,0,1.74708,0.23042,0.36288,3.6288,61.308,0.0748357,0,0,0.565963,0.189327,0.3018,0.66528,12.849,1,0.378802,0.36288,0,39.7616,4.66693,35.0788,0.84672,12.849,0.84672,3695.15,0,18.483,0.0225613,0.569964,1.33178,4.97307,1.26509,5.58717,0.42336,0,0,18.483,0.42336,442.007,0,1.02816,0,0,1.59812,0.569964,1.028160,1,0,40.9677,0,0,0,40.9677,0
69.2032,2.05801,0,0,1.85514,0.195654,0.36288,3.6288,61.308,0.0621833,0,0,0.644445,0.149759,0.432503,0.66528,12.849,1,0.377954,0.36288,0,37.5628,4.20506,33.3427,0.84672,12.849,0.84672,3695.15,0,18.483,0.0187469,0.625916,1.3323,4.37651,1.1866,5.12938,0.42336,0,0,18.483,0.42336,442.007,0,1.02816,0,0,1.65408,0.625916,1.028160,1,0,38.9046,0,0,0,38.9046,0
68.042,2.05531,0,0,1.47811,0.221041,0.36288,3.6288,61.308,0.251878,0,0,0.596199,0.168851,0.17547,0.66528,12.849,1,0.381611,0.36288,0,28.3693,4.47254,23.878,0.84672,12.849,0.84672,3695.15,0,18.483,0.0759355,0.528595,1.31338,3.652,1.21411,4.20393,0.42336,0,0,18.483,0.42336,442.007,0,0.781713,0,0,1.31031,0.528595,1.028160,1,0,28.2574,0,0,0,28.2574,0
66.8103,2.05064,0,0,1.33955,0.157816,0.36288,3.6288,61.308,0.235111,0,0,0.493429,0.205038,0.0532796,0.66528,12.849,1,0.387241,0.36288,0,25.6519,4.80855,20.819,0.84672,12.849,0.84672,3695.15,0,18.483,0.0708808,0.402797,1.3139,3.35438,1.23618,3.76402,0.42336,0,0,18.483,0.42336,442.007,0,0.803969,0,0,1.20677,0.402797,1.028160,1,0,24.6363,0,0,0,24.6363,0
65.5733,2.04545,0,0,1.30079,0.129371,0.36288,3.6288,61.308,0.168615,0,0,0.533459,0.218117,0.146726,0.66528,12.849,1,0.393383,0.36288,0,24.7413,4.92387,19.787,0.84672,12.849,0.84672,3695.15,0,18.483,0.0508337,0.402797,1.31441,3.71217,1.24306,4.13548,0.42336,0,0,18.483,0.42336,442.007,0,0.890948,0,0,1.29374,0.402797,1.028160,1,0,24.0692,0,0,0,24.0692,0
64.1665,2.13682,0,0,1.22389,0.13102,0.36288,3.6288,61.308,0.199634,0,0,0.52652,0.215533,0.111353,0.66528,12.849,1,0.418707,0.36288,0,24.016,4.8808,19.0794,0.84672,12.849,0.84672,3695.15,0,18.483,0.0601852,0.402797,1.31493,3.59509,1.197,4.05563,0.42336,0,0,18.483,0.42336,442.007,0,0.911071,0,0,1.31387,0.402797,1.028160,1,0,23.2464,0,0,0,23.2464,0
62.8128,2.13001,0,0,1.27253,0.133391,0.36288,3.6288,61.308,0.178989,0,0,0.548687,0.212086,0.157611,0.66528,12.849,1,0.426523,0.36288,0,24.6284,4.82338,19.7414,0.84672,12.849,0.84672,3695.15,0,18.483,0.0539613,0.402797,1.38354,3.44906,1.13558,4.04586,0.42336,0,0,18.483,0.42336,442.007,0,0.938399,0,0,1.3412,0.402797,1.028160,1,0,23.9448,0,0,0,23.9448,0
61.3119,2.12321,0,0,1.11045,0.125251,0.36288,3.6288,61.308,0.169311,0,0,0.509992,0.216808,0.123872,0.66528,12.849,1,0.434325,0.36288,0,22.0128,4.87693,17.0644,0.84672,12.849,0.84672,3695.15,0,18.483,0.0510436,0.30119,1.38408,3.33593,1.14926,3.8209,0.42336,0,0,18.483,0.42336,442.007,0,0.951454,0,0,1.25264,0.30119,1.028160,1,0,21.0092,0,0,0,21.0092,0
59.7954,2.11525,0,0,1.04577,0.0841226,0.36288,3.6288,61.308,0.213333,0,0,0.488748,0.245138,0.0302759,0.66528,12.849,1,0.443289,0.36288,0,19.7393,5.19824,14.4606,0.84672,12.849,0.84672,3695.15,0,18.483,0.0643153,0.30119,1.38462,3.155,1.23135,3.54515,0.42336,0,0,18.483,0.42336,442.007,0,0.89462,0,0,1.19581,0.30119,1.028160,1,0,18.0361,0,0,0,18.0361,0
58.2541,2.10682,0,0,1.01374,0.085346,0.36288,3.6288,61.2911,0.261903,0,0,0.490142,0.24513,0,0.66528,12.849,1,0.45272,0.36288,0,20.3617,5.1567,15.1152,0.84672,12.849,0.84672,3695.15,0,18.483,0.0789579,0.30119,1.38517,3.33869,1.20693,3.73915,0.42336,0,0,18.483,0.42336,442.007,0,0.831868,0,0,1.13306,0.30119,1.028160,1,0,18.8543,0,0,0,18.8543,0
56.9202,2.07904,0,0,1.20588,0.0978609,0.36288,3.6288,61.308,0.136837,0,0,0.632927,0.245053,0.234146,0.66528,12.849,1,0.458571,0.36288,0,22.6112,4.90749,17.608,0.84672,12.849,0.84672,3695.15,0,18.483,0.0412647,0.320129,1.38571,3.34914,1.06042,3.95329,0.42336,0,0,18.483,0.42336,442.007,0,1.02816,0,0,1.34829,0.320129,1.028160,1,0,21.7955,0,0,0,21.7955,0
55.5571,2.07109,0,0,1.16752,0.0965913,0.36288,3.6288,61.308,0.137209,0,0,0.600248,0.245079,0.217959,0.66528,12.849,1,0.467522,0.36288,0,21.2275,4.90749,16.2154,0.84672,12.849,0.84672,3695.15,0,18.483,0.0413656,0.318107,1.40751,3.39974,1.06042,4.02357,0.42336,0,0,18.483,0.42336,442.007,0,1.02816,0,0,1.34627,0.318107,1.028160,1,0,20.4569,0,0,0,20.4569,0
54.1055,2.06258,0,0,1.04013,0.0663193,0.36288,3.6288,61.308,0.196139,0,0,0.582151,0.298146,0.0878669,0.66528,12.849,1,0.477024,0.36288,0,20.1411,5.73538,14.2915,0.84672,12.849,0.84672,3695.15,0,18.483,0.0591314,0.261274,1.40806,3.30629,1.34282,3.57367,0.42336,0,0,18.483,0.42336,442.007,0,0.951938,0,0,1.21321,0.261274,1.028160,1,0,17.9531,0,0,0,17.9531,0
52.5992,2.05304,0,0,0.975525,0.065886,0.36288,3.6288,61.308,0.150736,0,0,0.551528,0.290107,0.110686,0.66528,12.849,1,0.487558,0.36288,0,18.4396,6.14218,12.1727,0.84672,12.849,0.84672,3695.15,0,18.483,0.0454435,0.261274,1.40861,3.23841,1.49371,3.36914,0.42336,0,0,18.483,0.42336,442.007,0,1.0115,0,0,1.27278,0.261274,1.028160,1,0,15.6525,0,0,0,15.6525,0
51.0395,2.09029,0,0,0.96692,0.0734017,0.36288,3.6288,61.308,0.212107,0,0,0.555626,0.297766,0.0457528,0.66528,12.849,1,0.510619,0.36288,0,18.191,5.82786,12.2154,0.84672,12.849,0.84672,3695.15,0,18.483,0.0639457,0.261274,1.40916,3.15071,1.42169,3.33551,0.42336,0,0,18.483,0.42336,442.007,0,0.961623,0,0,1.2229,0.261274,1.028160,1,0,15.5967,0,0,0,15.5967,0
49.4634,2.07864,0,0,0.940939,0.0755774,0.36288,3.6288,61.308,0.231779,0,0,0.538814,0.30083,0.00620541,0.66528,12.849,1,0.52329,0.36288,0,16.9507,5.70213,11.0882,0.84672,12.849,0.84672,3695.15,0,18.483,0.0698761,0.261274,1.44364,3.04243,1.39288,3.28459,0.42336,0,0,18.483,0.42336,442.007,0,0.936507,0,0,1.19778,0.261274,1.028160,1,0,14.379,0,0,0,14.379,0
47.7928,2.06621,0,0,0.832844,0.0743312,0.36288,3.6288,61.2598,0.253136,0,0,0.505728,0.30083,0,0.66528,12.849,1,0.536736,0.36288,0,16.0013,5.70213,10.1253,0.84672,12.849,0.84672,3695.15,0,18.483,0.0763149,0.227405,1.44421,3.04415,1.39288,3.24657,0.42336,0,0,18.483,0.42336,442.007,0,0.909196,0,0,1.1366,0.227405,1.028160,1,0,13.3719,0,0,0,13.3719,0
46.0661,2.05223,0,0,0.761443,0.0729975,0.36288,3.6288,61.1254,0.322113,0,0,0.488523,0.300738,0,0.66528,12.849,1,0.551738,0.36288,0,15.0269,5.70213,9.13596,0.84672,12.849,0.84672,3695.15,0,18.483,0.0971865,0.227405,1.44477,2.90043,1.39288,3.08254,0.42336,0,0,18.483,0.42336,442.007,0,0.819832,0,0,1.04724,0.227405,1.028160,1,0,12.2185,0,0,0,12.2185,0
44.1433,2.17289,0,0,0.684412,0.0714804,0.36288,3.6288,60.8381,0.442806,0,0,0.467735,0.312302,0,0.66528,12.849,1,0.606074,0.36288,0,14.1354,6.00899,7.88321,0.84672,12.849,0.84672,3695.15,0,18.483,0.133895,0.227405,1.44534,2.77541,1.43961,2.87465,0.42336,0,0,18.483,0.42336,442.007,0,0.769643,0,0,0.997047,0.227405,1.028160,1,0,10.7579,0,0,0,10.7579,0
42.3516,2.15329,0,0,0.833613,0.109157,0.36288,3.6288,60.7785,0.297864,0,0,0.552441,0.314114,0,0.66528,12.849,1,0.626768,0.36288,0,17.6185,5.99098,11.3636,0.84672,12.849,0.84672,3695.15,0,18.483,0.0904932,0.227405,1.56096,3.06046,1.39956,3.35877,0.42336,0,0,18.483,0.42336,442.007,0,0.958513,0,0,1.18592,0.227405,1.028160,1,0,14.7224,0,0,0,14.7224,0
40.4066,2.13378,0,0,0.658584,0.10693,0.36288,3.6288,60.3293,0.538465,0,0,0.403257,0.313995,0,0.66528,12.849,1,0.647365,0.36288,0,18.1818,5.99098,11.9063,0.84672,12.849,0.84672,3695.15,0,18.483,0.163749,0.204422,1.56157,2.42501,1.39956,2.6277,0.42336,0,0,18.483,0.42336,442.007,0,0.645183,0,0,0.849606,0.204422,1.028160,1,0,14.534,0,0,0,14.534,0
38.6439,2.11096,0,0,0.815659,0.104511,0.36288,3.6288,60.4423,0.244774,0,0,0.670882,0.313101,0,0.66528,12.849,1,0.671271,0.36288,0,16.1132,5.99098,9.81379,0.84672,12.849,0.84672,3695.15,0,18.483,0.0749912,0.487201,1.56219,3.64407,1.39956,4.2189,0.42336,0,0,18.483,0.42336,442.007,0,1.02816,0,0,1.51536,0.487201,1.028160,1,0,14.0327,0,0,0,14.0327,0
36.7331,2.0888,0,0,0.647879,0.106952,0.36288,3.6288,60.2319,0.395775,0,0,0.464378,0.279041,0,0.66528,12.849,1,0.694521,0.36288,0,13.0116,5.06676,7.61318,0.84672,12.849,0.84672,3695.15,0,18.483,0.121026,0.204422,1.5628,3.56683,1.03979,4.17323,0.42336,0,0,18.483,0.42336,442.007,0,0.831652,0,0,1.03607,0.204422,1.028160,1,0,11.7864,0,0,0,11.7864,0
35.7978,1.9999,0,0,1.55913,0.131714,0.36288,3.6288,60.6661,0.195824,0,0,0.941328,0.311279,0,0.66528,12.849,1,0.699553,0.36288,0,33.3862,5.66517,27.3843,0.84672,12.849,0.84672,3695.15,0,18.483,0.0600915,0.666161,1.56341,6.18449,1.26499,7.08898,0.42336,0,0,18.483,0.42336,442.007,0,1.02816,0,0,1.69432,0.666161,1.028160,1,0,34.4733,0,0,0,34.4733,0
34.7742,1.98723,0,0,1.45679,0.13025,0.36288,3.6288,61.308,0.196539,0,0,1.40734,0.312139,0.25677,0.66528,12.849,1,0.713283,0.36288,0,28.622,5.66517,22.6064,0.84672,12.849,0.84672,3695.15,0,18.483,0.0598792,1.78922,1.49796,7.13434,1.26499,9.09665,0.42336,0,0,18.483,0.42336,442.007,0,1.02816,0,0,2.81738,1.78922,1.028160,1,0,31.9598,0,0,0,31.9598,0
33.5954,1.97267,0,0,1.28542,0.128649,0.36288,3.6288,61.308,0.197407,0,0,0.816756,0.313411,0.305938,0.66528,12.849,1,0.728898,0.36288,0,29.3175,5.66517,23.2863,0.84672,12.849,0.84672,3695.15,0,18.483,0.0595139,0.740647,1.49854,5.47992,1.26499,6.39461,0.42336,0,0,18.483,0.42336,442.007,0,1.02816,0,0,1.76881,0.740647,1.028160,1,0,29.9869,0,0,0,29.9869,0
32.213,1.95494,0,0,1.06221,0.126804,0.36288,3.6288,61.308,0.197794,0,0,0.719539,0.313411,0.208335,0.66528,12.849,1,0.74769,0.36288,0,27.0689,5.66517,21.0189,0.84672,12.849,0.84672,3695.15,0,18.483,0.0596304,0.544614,1.49913,5.07482,1.26499,5.79395,0.42336,0,0,18.483,0.42336,442.007,0,1.02816,0,0,1.57277,0.544614,1.028160,1,0,27.0212,0,0,0,27.0212,0
31.4711,1.88283,0,0,1.6443,0.140469,0.36288,3.6288,61.308,0.152714,0,0,0.664922,0.247587,0.264621,0.66528,12.849,1,0.751015,0.36288,0,27.523,4.47249,22.6624,0.84672,12.849,0.84672,3695.15,0,18.483,0.04604,0.504472,1.49971,5.01538,0.987923,5.98561,0.42336,0,0,18.483,0.42336,442.007,0,1.02816,0,0,1.53263,0.504472,1.028160,1,0,28.9126,0,0,0,28.9126,0
30.731,1.87099,0,0,1.64418,0.150455,0.36288,3.6288,61.2192,0.291717,0,0,0.424129,0.221175,0,0.66528,12.849,1,0.763885,0.36288,0,24.2904,3.9754,19.914,0.84672,12.849,0.84672,3695.15,0,18.483,0.0879463,0.216518,1.4415,3.81762,0.937099,4.45059,0.42336,0,0,18.483,0.42336,442.007,0,0.847731,0,0,1.06425,0.216518,1.028160,1,0,24.3646,0,0,0,24.3646,0
30.2795,1.85874,0,0,1.91913,0.149019,0.36288,3.6288,61.308,0.153401,0,0,0.831709,0.221051,0.368493,0.66528,12.849,1,0.777162,0.36288,0,28.2737,3.9754,23.884,0.84672,12.849,0.84672,3695.15,0,18.483,0.0463139,1.43315,1.44206,6.0613,0.937099,7.9531,0.42336,0,0,18.483,0.42336,442.007,0,1.02816,0,0,2.46131,1.43315,1.028160,1,0,32.2056,0,0,0,32.2056,0
33.0388,1.85133,0,0,5.12165,0.148127,0.36288,3.6288,61.308,0.153821,0,0,2.0368,0.221175,1.66181,0.66528,12.849,1,0.785605,0.36288,0,83.0936,3.9754,78.6954,0.84672,12.849,0.84672,3695.15,0,18.483,0.0463736,3.57696,1.44262,11.4435,0.937099,15.4796,0.42336,0,0,18.483,0.42336,442.007,0,1.02816,0,0,4.60512,3.57696,1.028160,1,0,95.8369,0,0,0,95.8369,0
33.465,1.75627,0,0,2.73554,0.190153,0.36288,3.6288,61.308,0.0593499,0,0,0.902536,0.183481,0.659705,0.66528,12.849,1,0.683025,0.36288,0,42.387,3.53649,38.5303,0.84672,12.849,0.84672,3695.15,0,18.483,0.0178927,0.355856,1.44319,5.27856,0.831904,6.2278,0.42336,0,0,18.483,0.42336,442.007,0,1.02816,0,0,1.38402,0.355856,1.028160,1,0,45.4178,0,0,0,45.4178,0
33.9734,1.76325,0,0,2.83694,0.202493,0.36288,3.6288,61.308,0.059682,0,0,1.02757,0.171472,0.796419,0.66528,12.849,1,0.677003,0.36288,0,43.377,3.58187,39.481,0.84672,12.849,0.84672,3695.15,0,18.483,0.0179928,1.08501,1.31116,4.94804,0.892594,6.43362,0.42336,0,0,18.483,0.42336,442.007,0,1.02816,0,0,2.11317,1.08501,1.028160,1,0,46.7111,0,0,0,46.7111,0
35.724,1.77129,0,0,4.08993,0.205119,0.36288,3.6288,61.308,0.0600143,0,0,1.52441,0.195576,1.26882,0.66528,12.849,1,0.669915,0.36288,0,64.0851,3.94317,59.8349,0.84672,12.849,0.84672,3695.15,0,18.483,0.018093,1.68721,1.31167,7.0119,1.0351,8.95759,0.42336,0,0,18.483,0.42336,442.007,0,1.02816,0,0,2.71537,1.68721,1.028160,1,0,70.0613,0,0,0,70.0613,0
37.517,1.79613,0,0,4.15363,0.201624,0.36288,3.6288,61.308,0.0603465,0,0,1.49431,0.229568,1.20439,0.66528,12.849,1,0.646023,0.36288,0,63.8296,4.10058,59.4458,0.84672,12.849,0.84672,3695.15,0,18.483,0.0181931,1.27311,1.31218,7.2531,1.0908,8.7294,0.42336,0,0,18.483,0.42336,442.007,0,1.02816,0,0,2.30127,1.27311,1.028160,1,0,69.3796,0,0,0,69.3796,0
40.3978,1.81984,0,0,5.25538,0.191832,0.36288,3.6288,61.308,0.0606788,0,0,1.92449,0.200919,1.66289,0.66528,12.849,1,0.623269,0.36288,0,85.9023,3.31055,82.3314,0.84672,12.849,0.84672,3695.15,0,18.483,0.0182933,2.63082,1.3127,11.1857,0.83282,14.2781,0.42336,0,0,18.483,0.42336,442.007,0,1.02816,0,0,3.65898,2.63082,1.028160,1,0,98.2724,0,0,0,98.2724,0
42.9433,1.91236,0,0,5.05577,0.235064,0.36288,3.6288,61.308,0.0885206,0,0,2.14862,0.242729,1.81737,0.66528,12.849,1,0.60825,0.36288,0,73.3945,4.60147,68.5476,0.84672,12.849,0.84672,3695.15,0,18.483,0.026687,1.85166,1.31321,10.842,1.20831,12.7719,0.42336,0,0,18.483,0.42336,442.007,0,1.02816,0,0,2.87982,1.85166,1.028160,1,0,83.1369,0,0,0,83.1369,0
43.8465,1.94085,0,0,3.45042,0.243492,0.36288,3.6288,61.308,0.0888533,0,0,1.32255,0.256075,0.977622,0.66528,12.849,1,0.580719,0.36288,0,69.0188,5.0484,63.7526,0.84672,12.849,0.84672,3695.15,0,18.483,0.0267873,0.780589,1.35573,6.80265,1.31876,7.59342,0.42336,0,0,18.483,0.42336,442.007,0,1.02816,0,0,1.80875,0.780589,1.028160,1,0,72.3236,0,0,0,72.3236,0
44.1802,1.95084,0,0,2.89345,0.246032,0.36288,3.6288,61.308,0.279707,0,0,0.981521,0.256075,0.445739,0.66528,12.849,1,0.571684,0.36288,0,80.3935,5.0484,75.1363,0.84672,12.849,0.84672,3695.15,0,18.483,0.0843256,0.503194,1.35624,6.61706,1.31876,7.07342,0.42336,0,0,18.483,0.42336,442.007,0,0.780201,0,0,1.28339,0.503194,1.028160,1,0,82.6554,0,0,0,82.6554,0
43.7907,1.95492,0,0,2.17636,0.248066,0.36288,3.6288,61.308,0.458526,0,0,0.792824,0.254321,0.0799772,0.66528,12.849,1,0.568554,0.36288,0,69.8763,4.95249,64.7182,0.84672,12.849,0.84672,3695.15,0,18.483,0.138235,0.503194,1.35676,4.81397,1.29294,5.24274,0.42336,0,0,18.483,0.42336,442.007,0,0.547906,0,0,1.0511,0.503194,1.028160,1,0,70.0409,0,0,0,70.0409,0
43.7934,2.14212,0,0,2.75357,0.245868,0.36288,3.6288,61.308,0.323964,0,0,0.893488,0.22047,0.349054,0.66528,12.849,1,0.628538,0.36288,0,67.3923,3.74343,63.3833,0.84672,12.849,0.84672,3695.15,0,18.483,0.097668,0.503194,1.35727,5.00778,0.964743,5.80583,0.42336,0,0,18.483,0.42336,442.007,0,0.858107,0,0,1.3613,0.503194,1.028160,1,0,69.5381,0,0,0,69.5381,0
44.4345,2.14296,0,0,3.38262,0.235686,0.36288,3.6288,61.308,0.193675,0,0,1.2267,0.189372,0.843652,0.66528,12.849,1,0.628746,0.36288,0,83.8028,2.89863,80.6383,0.84672,12.849,0.84672,3695.15,0,18.483,0.0583887,0.979992,1.50795,6.21461,0.733703,7.91045,0.42336,0,0,18.483,0.42336,442.007,0,1.02816,0,0,2.00815,0.979992,1.028160,1,0,89.3924,0,0,0,89.3924,0
44.7878,2.15081,0,0,3.09241,0.225388,0.36288,3.6288,61.308,0.194047,0,0,1.31346,0.211583,0.907831,0.66528,12.849,1,0.621945,0.36288,0,79.1709,3.68076,75.2311,0.84672,12.849,0.84672,3695.15,0,18.483,0.0585009,1.07078,1.50852,7.19401,0.994723,8.72009,0.42336,0,0,18.483,0.42336,442.007,0,1.02816,0,0,2.09894,1.07078,1.028160,1,0,84.859,0,0,0,84.859,0
45.5607,2.15544,0,0,3.49567,0.204418,0.36288,3.6288,61.308,0.19442,0,0,1.23877,0.2167,0.827649,0.66528,12.849,1,0.618366,0.36288,0,83.7527,3.98152,79.5157,0.84672,12.849,0.84672,3695.15,0,18.483,0.0586132,1.16925,1.50909,8.20921,1.06465,9.76429,0.42336,0,0,18.483,0.42336,442.007,0,1.02816,0,0,2.19741,1.16925,1.028160,1,0,90.1076,0,0,0,90.1076,0
47.7669,1.89008,0,0,4.68108,0.221909,0.36288,3.6288,61.308,0.0557491,0,0,3.20285,0.228872,2.91823,0.66528,12.849,1,0.53304,0.36288,0,133.763,3.53549,130.057,0.84672,12.849,0.84672,3695.15,0,18.483,0.0168071,3.09522,1.50966,11.8024,0.889085,15.5014,0.42336,0,0,18.483,0.42336,442.007,0,1.02816,0,0,4.12338,3.09522,1.028160,1,0,148.477,0,0,0,148.477,0
51.3287,1.91021,0,0,6.10723,0.272373,0.36288,3.6288,61.308,0.056069,0,0,4.92541,0.231443,4.6379,0.66528,12.849,1,0.513834,0.36288,0,181.675,3.43612,178.088,0.84672,12.849,0.84672,3695.15,0,18.483,0.0169035,3.68833,1.30451,15.5781,0.925524,19.6285,0.42336,0,0,18.483,0.42336,442.007,0,1.02816,0,0,4.71649,3.68833,1.028160,1,0,202.354,0,0,0,202.354,0
54.9083,1.93946,0,0,6.16491,0.282932,0.36288,3.6288,61.308,0.056389,0,0,4.48673,0.231443,4.19889,0.66528,12.849,1,0.4855,0.36288,0,189.354,3.43612,185.795,0.84672,12.849,0.84672,3695.15,0,18.483,0.017,3.63959,1.305,16.5243,0.925524,20.5263,0.42336,0,0,18.483,0.42336,442.007,0,1.02816,0,0,4.66775,3.63959,1.028160,1,0,210.521,0,0,0,210.521,0
58.2139,1.96585,0,0,5.87896,0.244653,0.36288,3.6288,61.308,0.056709,0,0,4.01428,0.201361,3.75621,0.66528,12.849,1,0.460025,0.36288,0,198.559,3.00015,195.462,0.84672,12.849,0.84672,3695.15,0,18.483,0.0170965,3.59834,1.30549,16.4555,0.862897,20.4793,0.42336,0,0,18.483,0.42336,442.007,0,1.02816,0,0,4.6265,3.59834,1.028160,1,0,219.698,0,0,0,219.698,0
60.6444,1.988,0,0,5.07193,0.29059,0.36288,3.6288,61.308,0.0570292,0,0,3.32619,0.20053,3.06863,0.66528,12.849,1,0.438792,0.36288,0,165.661,3.38187,162.203,0.84672,12.849,0.84672,3695.15,0,18.483,0.017193,2.68294,1.30599,12.4934,0.912626,15.5525,0.42336,0,0,18.483,0.42336,442.007,0,1.02816,0,0,3.7111,2.68294,1.028160,1,0,180.824,0,0,0,180.824,0
64.5461,2.07646,0,0,6.66297,0.321902,0.36288,3.6288,61.308,0.0914289,0,0,4.78928,0.197406,4.50045,0.66528,12.849,1,0.43995,0.36288,0,164.315,4.00061,160.237,0.84672,12.849,0.84672,3695.15,0,18.483,0.0275638,4.60131,1.30648,17.2994,0.919221,22.2604,0.42336,0,0,18.483,0.42336,442.007,0,1.02816,0,0,5.62947,4.60131,1.028160,1,0,186.998,0,0,0,186.998,0
66.9849,2.09944,0,0,5.23345,0.332356,0.36288,3.6288,61.308,0.091762,0,0,3.98847,0.197406,3.69931,0.66528,12.849,1,0.417928,0.36288,0,192.16,4.00061,188.104,0.84672,12.849,0.84672,3695.15,0,18.483,0.0276642,4.77183,1.35787,12.762,0.919221,17.9448,0.42336,0,0,18.483,0.42336,442.007,0,1.02816,0,0,5.79999,4.77183,1.028160,1,0,209.748,0,0,0,209.748,0
68.2254,2.113,0,0,4.02984,0.313467,0.36288,3.6288,61.308,0.0920953,0,0,2.79729,0.159872,2.54532,0.66528,12.849,1,0.405315,0.36288,0,135.662,2.833,132.786,0.84672,12.849,0.84672,3695.15,0,18.483,0.0277647,3.26432,1.35838,9.90153,0.773701,13.7228,0.42336,0,0,18.483,0.42336,442.007,0,1.02816,0,0,4.29248,3.26432,1.028160,1,0,149.054,0,0,0,149.054,0
69.2814,2.12,0,0,3.79948,0.260575,0.36288,3.6288,61.308,0.0924286,0,0,2.56027,0.211176,2.25666,0.66528,12.849,1,0.399264,0.36288,0,120.194,3.38163,116.776,0.84672,12.849,0.84672,3695.15,0,18.483,0.0278652,3.05046,1.35889,7.99209,0.957368,11.4162,0.42336,0,0,18.483,0.42336,442.007,0,1.02816,0,0,4.07862,3.05046,1.028160,1,0,130.448,0,0,0,130.448,0
69.7121,2.09664,0,0,3.14451,0.254266,0.36288,3.6288,61.308,0.0795059,0,0,1.71444,0.211168,1.42377,0.66528,12.849,1,0.388845,0.36288,0,93.5358,3.84393,89.6659,0.84672,12.849,0.84672,3695.15,0,18.483,0.0239693,3.43202,1.35941,6.50735,0.996493,10.2783,0.42336,0,0,18.483,0.42336,442.007,0,1.02816,0,0,4.46018,3.43202,1.028160,1,0,101.368,0,0,0,101.368,0
69.578,2.09946,0,0,2.57995,0.251719,0.36288,3.6288,61.308,0.0798345,0,0,1.2058,0.211165,0.914799,0.66528,12.849,1,0.386962,0.36288,0,73.1177,4.02885,69.0648,0.84672,12.849,0.84672,3695.15,0,18.483,0.0240683,1.64298,1.34008,5.43494,1.01214,7.38179,0.42336,0,0,18.483,0.42336,442.007,0,1.02816,0,0,2.67114,1.64298,1.028160,1,0,77.3614,0,0,0,77.3614,0
69.1473,2.09962,0,0,2.28322,0.251458,0.36288,3.6288,61.308,0.080163,0,0,1.06743,0.211165,0.776101,0.66528,12.849,1,0.387738,0.36288,0,68.8979,4.02885,64.8442,0.84672,12.849,0.84672,3695.15,0,18.483,0.0241674,1.10114,1.34059,5.17622,1.01214,6.58163,0.42336,0,0,18.483,0.42336,442.007,0,1.02816,0,0,2.1293,1.10114,1.028160,1,0,72.202,0,0,0,72.202,0
69.1275,2.09838,0,0,2.69209,0.250619,0.36288,3.6288,61.308,0.0804917,0,0,1.20892,0.211165,0.917261,0.66528,12.849,1,0.389923,0.36288,0,77.8706,4.02885,73.8147,0.84672,12.849,0.84672,3695.15,0,18.483,0.0242665,1.1803,1.34109,6.07606,1.01214,7.56105,0.42336,0,0,18.483,0.42336,442.007,0,1.02816,0,0,2.20846,1.1803,1.028160,1,0,82.293,0,0,0,82.293,0
68.6075,2.19865,0,0,2.21028,0.168721,0.36288,3.6288,61.308,0.127901,0,0,1.01387,0.258951,0.627017,0.66528,12.849,1,0.408672,0.36288,0,62.6353,4.69761,57.8919,0.84672,12.849,0.84672,3695.15,0,18.483,0.0385594,1.23147,1.3416,5.15868,1.14101,6.55218,0.42336,0,0,18.483,0.42336,442.007,0,1.02816,0,0,2.25963,1.23147,1.028160,1,0,65.0711,0,0,0,65.0711,0
67.9628,2.19687,0,0,2.10875,0.193674,0.36288,3.6288,61.308,0.128248,0,0,0.982627,0.287848,0.566532,0.66528,12.849,1,0.411436,0.36288,0,56.7772,4.99363,51.735,0.84672,12.849,0.84672,3695.15,0,18.483,0.0386639,1.06451,1.41158,5.25465,1.21217,6.4799,0.42336,0,0,18.483,0.42336,442.007,0,1.02816,0,0,2.09267,1.06451,1.028160,1,0,58.7814,0,0,0,58.7814,0
67.2314,2.19442,0,0,1.9711,0.145203,0.36288,3.6288,61.308,0.128595,0,0,0.950357,0.284935,0.536827,0.66528,12.849,1,0.414875,0.36288,0,54.7647,5.11752,49.5952,0.84672,12.849,0.84672,3695.15,0,18.483,0.0387684,0.845744,1.41211,5.05711,1.20525,6.07095,0.42336,0,0,18.483,0.42336,442.007,0,1.02816,0,0,1.8739,0.845744,1.028160,1,0,56.203,0,0,0,56.203,0
66.3733,2.19146,0,0,1.83192,0.135725,0.36288,3.6288,61.308,0.128941,0,0,0.893869,0.282518,0.48241,0.66528,12.849,1,0.418822,0.36288,0,51.3151,5.13776,46.1214,0.84672,12.849,0.84672,3695.15,0,18.483,0.0388729,0.74126,1.41264,4.64772,1.19804,5.56471,0.42336,0,0,18.483,0.42336,442.007,0,1.02816,0,0,1.76942,0.74126,1.028160,1,0,52.1685,0,0,0,52.1685,0
65.4389,2.18774,0,0,1.75105,0.134806,0.36288,3.6288,61.308,0.129288,0,0,0.893981,0.282518,0.482175,0.66528,12.849,1,0.423519,0.36288,0,43.436,5.13776,38.2376,0.84672,12.849,0.84672,3695.15,0,18.483,0.0389775,0.92321,1.41318,4.29745,1.19804,5.39682,0.42336,0,0,18.483,0.42336,442.007,0,1.02816,0,0,1.95137,0.92321,1.028160,1,0,44.1166,0,0,0,44.1166,0
65.0536,2.16396,0,0,2.24098,0.0994338,0.36288,3.6288,61.308,0.242201,0,0,0.616754,0.277424,0.0971294,0.66528,12.849,1,0.424895,0.36288,0,50.7632,4.96556,45.7356,0.84672,12.849,0.84672,3695.15,0,18.483,0.0730182,0.30119,1.41371,3.1185,1.1941,3.56628,0.42336,0,0,18.483,0.42336,442.007,0,0.915399,0,0,1.21659,0.30119,1.028160,1,0,49.399,0,0,0,49.399,0
64.5477,2.16267,0,0,2.11872,0.0991272,0.36288,3.6288,61.308,0.265454,0,0,0.607318,0.277424,0.0644394,0.66528,12.849,1,0.427158,0.36288,0,48.977,4.96556,43.9471,0.84672,12.849,0.84672,3695.15,0,18.483,0.0800286,0.261274,1.43593,2.86132,1.1941,3.28439,0.42336,0,0,18.483,0.42336,442.007,0,0.8856,0,0,1.14687,0.261274,1.028160,1,0,47.296,0,0,0,47.296,0
63.95,2.16069,0,0,2.02016,0.0942214,0.36288,3.6288,61.308,0.2763,0,0,0.587072,0.285196,0.0255751,0.66528,12.849,1,0.430113,0.36288,0,47.1559,5.07414,42.0145,0.84672,12.849,0.84672,3695.15,0,18.483,0.0832984,0.261274,1.43647,2.73531,1.23085,3.1189,0.42336,0,0,18.483,0.42336,442.007,0,0.871949,0,0,1.13322,0.261274,1.028160,1,0,45.159,0,0,0,45.159,0
63.2639,2.15816,0,0,1.90915,0.0742637,0.36288,3.6288,61.2949,0.259662,0,0,0.563277,0.316683,0,0.66528,12.849,1,0.433623,0.36288,0,44.4242,5.74029,38.6132,0.84672,12.849,0.84672,3695.15,0,18.483,0.0782824,0.261274,1.43701,2.69069,1.41503,2.89566,0.42336,0,0,18.483,0.42336,442.007,0,0.894067,0,0,1.15534,0.261274,1.028160,1,0,41.5088,0,0,0,41.5088,0
62.4141,2.20536,0,0,1.79474,0.0763013,0.36288,3.6288,61.1842,0.310508,0,0,0.501806,0.302027,0,0.66528,12.849,1,0.447912,0.36288,0,40.9912,5.52855,35.3776,0.84672,12.849,0.84672,3695.15,0,18.483,0.0936313,0.261274,1.43755,2.65932,1.41484,2.84967,0.42336,0,0,18.483,0.42336,442.007,0,0.858453,0,0,1.11973,0.261274,1.028160,1,0,38.2273,0,0,0,38.2273,0
61.359,2.20113,0,0,1.58239,0.0734958,0.36288,3.6288,60.9427,0.375015,0,0,0.432916,0.299363,0,0.66528,12.849,1,0.453141,0.36288,0,35.1722,5.36151,29.7205,0.84672,12.849,0.84672,3695.15,0,18.483,0.113288,0.261274,1.4727,2.63683,1.43513,2.82239,0.42336,0,0,18.483,0.42336,442.007,0,0.774766,0,0,1.03604,0.261274,1.028160,1,0,32.5429,0,0,0,32.5429,0
60.1745,2.19552,0,0,1.44678,0.0728598,0.36288,3.6288,60.6505,0.411558,0,0,0.418186,0.298906,0,0.66528,12.849,1,0.459757,0.36288,0,33.0307,5.36151,27.5723,0.84672,12.849,0.84672,3695.15,0,18.483,0.124819,0.227405,1.47326,2.51235,1.43513,2.65306,0.42336,0,0,18.483,0.42336,442.007,0,0.727168,0,0,0.954573,0.227405,1.028160,1,0,30.2254,0,0,0,30.2254,0
58.807,2.18888,0,0,1.24151,0.057243,0.36288,3.6288,60.3436,0.418627,0,0,0.416474,0.304688,0,0.66528,12.849,1,0.46739,0.36288,0,31.5067,5.62082,25.7814,0.84672,12.849,0.84672,3695.15,0,18.483,0.127575,0.227405,1.47381,2.49639,1.4504,2.61963,0.42336,0,0,18.483,0.42336,442.007,0,0.71782,0,0,0.945225,0.227405,1.028160,1,0,28.401,0,0,0,28.401,0
57.1406,2.32643,0,0,1.09795,0.0750402,0.36288,3.6288,59.8834,0.553102,0,0,0.388225,0.295348,0,0.66528,12.849,1,0.508313,0.36288,0,28.9151,5.45586,23.3138,0.84672,12.849,0.84672,3695.15,0,18.483,0.169413,0.227405,1.47437,2.37488,1.33883,2.56841,0.42336,0,0,18.483,0.42336,442.007,0,0.650851,0,0,0.878256,0.227405,1.028160,1,0,25.8822,0,0,0,25.8822,0
55.5018,2.3152,0,0,1.13703,0.097723,0.36288,3.6288,59.1594,0.719414,0,0,0.322669,0.327255,0,0.66528,12.849,1,0.520611,0.36288,0,26.6342,5.81081,20.6656,0.84672,12.849,0.84672,3695.15,0,18.483,0.222047,0.227405,1.59229,1.74079,1.48607,1.85237,0.42336,0,0,18.483,0.42336,442.007,0,0.432423,0,0,0.659828,0.227405,1.028160,1,0,22.518,0,0,0,22.518,0
53.987,2.30359,0,0,1.24784,0.0961485,0.36288,3.6288,58.6537,0.578358,0,0,0.398447,0.325743,0,0.66528,12.849,1,0.533294,0.36288,0,34.2535,5.81081,28.2722,0.84672,12.849,0.84672,3695.15,0,18.483,0.180695,0.204422,1.59289,1.89898,1.48607,2.02953,0.42336,0,0,18.483,0.42336,442.007,0,0.615349,0,0,0.819772,0.204422,1.028160,1,0,30.3018,0,0,0,30.3018,0
52.2395,2.29236,0,0,1.00246,0.094693,0.36288,3.6288,57.8491,0.768154,0,0,0.288192,0.324688,0,0.66528,12.849,1,0.545586,0.36288,0,33.4712,5.81081,27.4777,0.84672,12.849,0.84672,3695.15,0,18.483,0.242061,0.204422,1.59349,1.52445,1.48607,1.59423,0.42336,0,0,18.483,0.42336,442.007,0,0.364705,0,0,0.569127,0.204422,1.028160,1,0,29.0719,0,0,0,29.0719,0
50.7535,2.27857,0,0,1.24845,0.093014,0.36288,3.6288,57.6372,0.381414,0,0,0.492574,0.323008,0,0.66528,12.849,1,0.560445,0.36288,0,30.5696,5.81081,24.5612,0.84672,12.849,0.84672,3695.15,0,18.483,0.121863,0.204422,1.59409,2.35712,1.48607,2.5477,0.42336,0,0,18.483,0.42336,442.007,0,0.872161,0,0,1.07658,0.204422,1.028160,1,0,27.1089,0,0,0,27.1089,0
49.4693,2.19719,0,0,1.39687,0.121029,0.36288,3.6288,57.2248,0.499775,0,0,0.379981,0.292691,0,0.66528,12.849,1,0.55625,0.36288,0,38.5017,5.54737,32.761,0.84672,12.849,0.84672,3695.15,0,18.483,0.160267,0.204422,1.5947,2.58144,1.3965,2.82379,0.42336,0,0,18.483,0.42336,442.007,0,0.649711,0,0,0.854133,0.204422,1.028160,1,0,35.5848,0,0,0,35.5848,0
48.0803,2.18655,0,0,1.28469,0.124239,0.36288,3.6288,57.2875,0.213219,0,0,0.562925,0.286944,0,0.66528,12.849,1,0.567926,0.36288,0,34.1112,5.50347,28.4027,0.84672,12.849,0.84672,3695.15,0,18.483,0.0688674,0.439741,1.52791,3.05385,1.38158,3.57106,0.42336,0,0,18.483,0.42336,442.007,0,1.02816,0,0,1.4679,0.439741,1.028160,1,0,31.9738,0,0,0,31.9738,0
46.554,2.17442,0,0,1.13332,0.122386,0.36288,3.6288,56.8347,0.482719,0,0,0.316928,0.287061,0,0.66528,12.849,1,0.581092,0.36288,0,35.334,5.50347,29.6123,0.84672,12.849,0.84672,3695.15,0,18.483,0.155742,0.216518,1.52848,2.29014,1.38158,2.49782,0.42336,0,0,18.483,0.42336,442.007,0,0.672278,0,0,0.888797,0.216518,1.028160,1,0,32.1101,0,0,0,32.1101,0
44.8721,2.1603,0,0,0.961684,0.120349,0.36288,3.6288,56.2943,0.543095,0,0,0.288896,0.286218,0,0.66528,12.849,1,0.596248,0.36288,0,32.6494,5.50347,26.9126,0.84672,12.849,0.84672,3695.15,0,18.483,0.176618,0.216518,1.52906,2.17916,1.38158,2.36655,0.42336,0,0,18.483,0.42336,442.007,0,0.59152,0,0,0.808039,0.216518,1.028160,1,0,29.2791,0,0,0,29.2791,0
43.8144,2.08836,0,0,1.59256,0.199036,0.36288,3.6288,56.4136,0.168042,0,0,0.476177,0.188772,0,0.66528,12.849,1,0.597995,0.36288,0,52.9267,4.29738,48.3942,0.84672,12.849,0.84672,3695.15,0,18.483,0.0551729,0.217806,1.52964,2.67294,1.0298,3.33541,0.42336,0,0,18.483,0.42336,442.007,0,1.02816,0,0,1.24597,0.217806,1.028160,1,0,51.7297,0,0,0,51.7297,0
44.2427,2.07798,0,0,3.06728,0.198087,0.36288,3.6288,56.9714,0.168485,0,0,0.889315,0.163078,0,0.66528,12.849,1,0.609386,0.36288,0,71.2333,4.14267,66.8442,0.84672,12.849,0.84672,3695.15,0,18.483,0.0552012,1.00285,1.47023,4.11768,1.01505,5.52051,0.42336,0,0,18.483,0.42336,442.007,0,1.02816,0,0,2.03101,1.00285,1.028160,1,0,72.3647,0,0,0,72.3647,0
44.4742,2.08333,0,0,2.87675,0.199057,0.36288,3.6288,57.3002,0.169249,0,0,0.661764,0.163672,0,0.66528,12.849,1,0.605042,0.36288,0,68.2335,4.14267,63.8487,0.84672,12.849,0.84672,3695.15,0,18.483,0.0549086,0.823763,1.47079,5.55194,1.01505,6.77654,0.42336,0,0,18.483,0.42336,442.007,0,1.02816,0,0,1.85192,0.823763,1.028160,1,0,70.6252,0,0,0,70.6252,0
44.5701,2.08656,0,0,2.74492,0.199582,0.36288,3.6288,58.1485,0.169843,0,0,1.18216,0.164021,0,0.66528,12.849,1,0.602826,0.36288,0,82.4826,4.14267,78.1,0.84672,12.849,0.84672,3695.15,0,18.483,0.0547853,1.25138,1.47134,6.1695,1.01505,7.82238,0.42336,0,0,18.483,0.42336,442.007,0,1.02816,0,0,2.27954,1.25138,1.028160,1,0,85.9224,0,0,0,85.9224,0
44.7926,1.93108,0,0,2.71998,0.203528,0.36288,3.6288,58.8807,0.0752845,0,0,0.969849,0.162413,0,0.66528,12.849,1,0.556705,0.36288,0,67.5175,4.09018,63.2335,0.84672,12.849,0.84672,3695.15,0,18.483,0.0239298,1.44262,1.4719,7.6166,0.994661,9.51253,0.42336,0,0,18.483,0.42336,442.007,0,1.02816,0,0,2.47078,1.44262,1.028160,1,0,72.7461,0,0,0,72.7461,0
46.4855,1.93395,0,0,4.21616,0.226474,0.36288,3.6288,59.9866,0.0758338,0,0,1.32978,0.148041,0,0.66528,12.849,1,0.554764,0.36288,0,206.524,3.77528,202.556,0.84672,12.849,0.84672,3695.15,0,18.483,0.0238047,1.82663,1.33722,10.106,0.872325,12.3738,0.42336,0,0,18.483,0.42336,442.007,0,1.02816,0,0,2.85479,1.82663,1.028160,1,0,214.93,0,0,0,214.93,0
47.8797,1.95051,0,0,3.93843,0.23081,0.36288,3.6288,61.308,0.0764938,0,0,2.25666,0.149092,0.709635,0.66528,12.849,1,0.539139,0.36288,0,231.275,3.77528,227.323,0.84672,12.849,0.84672,3695.15,0,18.483,0.0235692,2.6858,1.33772,11.2805,0.872325,14.4081,0.42336,0,0,18.483,0.42336,442.007,0,1.02816,0,0,3.71396,2.6858,1.028160,1,0,242.441,0,0,0,242.441,0
48.5434,1.96363,0,0,3.22721,0.23703,0.36288,3.6288,61.308,0.0772102,0,0,0.933085,0.190522,0.665354,0.66528,12.849,1,0.52696,0.36288,0,144.531,4.37745,139.989,0.84672,12.849,0.84672,3695.15,0,18.483,0.0232772,1.5086,1.33823,8.18251,1.10983,9.89623,0.42336,0,0,18.483,0.42336,442.007,0,1.02816,0,0,2.53676,1.5086,1.028160,1,0,150.551,0,0,0,150.551,0
51.7484,1.97007,0,0,5.77778,0.239817,0.36288,3.6288,61.308,0.0775364,0,0,1.73964,0.206591,1.45551,0.66528,12.849,1,0.521459,0.36288,0,205.201,4.61832,200.424,0.84672,12.849,0.84672,3695.15,0,18.483,0.0233755,3.97777,1.33873,13.246,1.20483,17.3343,0.42336,0,0,18.483,0.42336,442.007,0,1.02816,0,0,5.00593,3.97777,1.028160,1,0,219.214,0,0,0,219.214,0
53.0394,2.05922,0,0,3.95365,0.240582,0.36288,3.6288,61.308,0.105917,0,0,1.15067,0.244003,0.800747,0.66528,12.849,1,0.5113,0.36288,0,131.757,4.98372,126.625,0.84672,12.849,0.84672,3695.15,0,18.483,0.0319315,2.35352,1.33923,7.74985,1.32859,10.0821,0.42336,0,0,18.483,0.42336,442.007,0,1.02816,0,0,3.38168,2.35352,1.028160,1,0,137.508,0,0,0,137.508,0
54.9344,2.06999,0,0,4.56867,0.240761,0.36288,3.6288,61.308,0.106242,0,0,1.42071,0.258967,1.0555,0.66528,12.849,1,0.501465,0.36288,0,111.23,5.12988,105.962,0.84672,12.849,0.84672,3695.15,0,18.483,0.0320297,3.08364,1.38257,7.91744,1.3781,10.9735,0.42336,0,0,18.483,0.42336,442.007,0,1.02816,0,0,4.1118,3.08364,1.028160,1,0,117.991,0,0,0,117.991,0
63.0066,2.08477,0,0,10.7653,0.245435,0.36288,3.6288,61.308,0.106568,0,0,2.68278,0.258967,2.31724,0.66528,12.849,1,0.487622,0.36288,0,322.669,5.12988,317.415,0.84672,12.849,0.84672,3695.15,0,18.483,0.032128,3.402,1.38308,16.0138,1.3781,19.3887,0.42336,0,0,18.483,0.42336,442.007,0,1.02816,0,0,4.43016,3.402,1.028160,1,0,339.121,0,0,0,339.121,0
65.1228,2.13744,0,0,4.88106,0.264517,0.36288,3.6288,61.308,0.106894,0,0,1.2043,0.258967,0.838442,0.66528,12.849,1,0.43589,0.36288,0,161.349,5.12988,156.147,0.84672,12.849,0.84672,3695.15,0,18.483,0.0322263,1.93297,1.38358,7.43006,1.3781,9.33629,0.42336,0,0,18.483,0.42336,442.007,0,1.02816,0,0,2.96113,1.93297,1.028160,1,0,166.321,0,0,0,166.321,0
66.4401,2.35976,0,0,4.30885,0.268894,0.36288,3.6288,61.308,0.212714,0,0,1.1345,0.236128,0.685659,0.66528,12.849,1,0.465591,0.36288,0,106.385,4.64871,101.634,0.84672,12.849,0.84672,3695.15,0,18.483,0.0641285,1.61222,1.38408,6.31285,1.22998,8.01505,0.42336,0,0,18.483,0.42336,442.007,0,1.02816,0,0,2.64038,1.61222,1.028160,1,0,110.334,0,0,0,110.334,0
70.47,2.36836,0,0,7.05199,0.290808,0.36288,3.6288,61.308,0.213078,0,0,2.05209,0.226896,1.61211,0.66528,12.849,1,0.458022,0.36288,0,208.087,3.84888,204.143,0.84672,12.849,0.84672,3695.15,0,18.483,0.0642383,2.98862,1.53772,11.1606,1.10686,14.5159,0.42336,0,0,18.483,0.42336,442.007,0,1.02816,0,0,4.01678,2.98862,1.028160,1,0,220.271,0,0,0,220.271,0
72.29,2.39138,0,0,6.2511,0.300859,1.7389,3.6288,61.308,0.213443,0,0,1.83492,0.222518,1.39896,0.66528,12.849,1,0.436027,1.7389,0,185.299,3.77327,182.829,0.84672,12.849,0.84672,3695.15,0,18.483,0.0643482,2.60276,1.53827,10.5941,1.08518,13.5856,0.42336,0,0,18.483,0.42336,442.007,0,1.02816,0,0,3.63092,2.60276,1.028160,1,0,197.814,0,0,0,197.814,0
72.29,2.40157,0,0,6.15673,0.309606,3.44555,3.6288,61.308,0.213807,0,0,1.64097,0.196254,1.23091,0.66528,12.849,1,0.426862,3.44555,0,162.934,3.31958,162.633,0.84672,12.849,0.84672,3695.15,0,18.483,0.0644582,2.70186,1.53883,9.94179,0.955086,13.1629,0.42336,0,0,18.483,0.42336,442.007,0,1.02816,0,0,3.73002,2.70186,1.028160,1,0,177.027,0,0,0,177.027,0
72.29,2.09792,0,0,4.56153,0.306558,2.15705,3.6288,61.308,0.072393,0,0,1.06979,0.189053,0.808342,0.66528,12.849,1,0.37289,2.15705,0,107.753,3.46585,106.071,0.84672,12.849,0.84672,3695.15,0,18.483,0.0218249,1.64237,1.53939,6.89583,0.975052,9.08071,0.42336,0,0,18.483,0.42336,442.007,0,1.02816,0,0,2.67053,1.64237,1.028160,1,0,115.96,0,0,0,115.96,0
72.29,2.09868,0,0,4.18077,0.298938,1.78315,3.6288,61.308,0.0727062,0,0,1.34256,0.171049,1.09881,0.66528,12.849,1,0.373025,1.78315,0,97.8013,3.83155,95.3799,0.84672,12.849,0.84672,3695.15,0,18.483,0.0219193,1.78579,1.33018,10.2978,1.02497,12.3668,0.42336,0,0,18.483,0.42336,442.007,0,1.02816,0,0,2.81395,1.78579,1.028160,1,0,108.846,0,0,0,108.846,0
72.29,2.09945,0,0,3.43851,0.298938,1.04013,3.6288,61.308,0.0730197,0,0,1.30196,0.171049,1.05789,0.66528,12.849,1,0.373161,1.04013,0,85.4643,3.83155,82.2997,0.84672,12.849,0.84672,3695.15,0,18.483,0.0220138,1.42241,1.33066,8.30762,1.02497,10.0137,0.42336,0,0,18.483,0.42336,442.007,0,1.02816,0,0,2.45057,1.42241,1.028160,1,0,93.3713,0,0,0,93.3713,0
72.29,2.10021,0,0,5.29858,0.298938,2.89944,3.6288,61.308,0.0733331,0,0,1.86296,0.171049,1.61857,0.66528,12.849,1,0.373296,2.89944,0,155.788,3.83155,154.482,0.84672,12.849,0.84672,3695.15,0,18.483,0.0221083,2.93425,1.33115,11.6221,1.02497,14.8404,0.42336,0,0,18.483,0.42336,442.007,0,1.02816,0,0,3.96241,2.93425,1.028160,1,0,170.941,0,0,0,170.941,0
72.29,2.10097,0,0,5.76722,0.294158,3.37209,3.6288,61.308,0.0736467,0,0,1.85707,0.130959,1.65247,0.66528,12.849,1,0.373432,3.37209,0,174.734,3.20397,174.529,0.84672,12.849,0.84672,3695.15,0,18.483,0.0222028,3.03283,1.33163,13.4931,0.917482,16.9179,0.42336,0,0,18.483,0.42336,442.007,0,1.02816,0,0,4.06099,3.03283,1.028160,1,0,193.1,0,0,0,193.1,0
72.29,2.17853,0,0,3.93329,0.27477,1.47999,3.6288,61.308,0.108708,0,0,1.26293,0.18357,0.970648,0.66528,12.849,1,0.387217,1.47999,0,99.5121,3.76611,96.8387,0.84672,12.849,0.84672,3695.15,0,18.483,0.032773,1.49938,1.33211,7.33209,0.938558,9.19225,0.42336,0,0,18.483,0.42336,442.007,0,1.02816,0,0,2.52754,1.49938,1.028160,1,0,107.002,0,0,0,107.002,0
72.29,2.17932,0,0,5.19235,0.271539,2.74149,3.6288,61.308,0.109034,0,0,1.69197,0.192339,1.3906,0.66528,12.849,1,0.387357,2.74149,0,125.101,3.8598,123.595,0.84672,12.849,0.84672,3695.15,0,18.483,0.0328714,2.46514,1.38448,10.2027,0.942071,13.0774,0.42336,0,0,18.483,0.42336,442.007,0,1.02816,0,0,3.4933,2.46514,1.028160,1,0,138.063,0,0,0,138.063,0
72.29,2.18011,0,0,3.96478,0.271539,1.51313,3.6288,61.308,0.109361,0,0,1.42404,0.192339,1.12234,0.66528,12.849,1,0.387498,1.51313,0,93.2394,3.8598,90.5053,0.84672,12.849,0.84672,3695.15,0,18.483,0.0329698,1.50861,1.38499,8.21249,0.942071,10.1311,0.42336,0,0,18.483,0.42336,442.007,0,1.02816,0,0,2.53677,1.50861,1.028160,1,0,101.759,0,0,0,101.759,0
72.29,2.1809,0,0,3.22165,0.271539,0.769209,3.6288,61.308,0.109687,0,0,1.12096,0.192339,0.818936,0.66528,12.849,1,0.387639,0.769209,0,74.4716,3.8598,70.9934,0.84672,12.849,0.84672,3695.15,0,18.483,0.0330682,1.04943,1.38549,6.26833,0.942071,7.72811,0.42336,0,0,18.483,0.42336,442.007,0,1.02816,0,0,2.07759,1.04943,1.028160,1,0,79.5404,0,0,0,79.5404,0
72.29,2.15162,0,0,3.0356,0.198376,0.685604,3.6288,61.308,0.0964984,0,0,1.01076,0.23767,0.67659,0.66528,12.849,1,0.382435,0.685604,0,69.374,4.19314,65.484,0.84672,12.849,0.84672,3695.15,0,18.483,0.0290921,0.916211,1.38599,5.07793,1.04664,6.3044,0.42336,0,0,18.483,0.42336,442.007,0,1.02816,0,0,1.94437,0.916211,1.028160,1,0,72.465,0,0,0,72.465,0
72.29,2.1524,0,0,2.80246,0.200616,0.449442,3.6288,61.308,0.0968201,0,0,1.02851,0.251501,0.680193,0.66528,12.849,1,0.382573,0.449442,0,65.2588,4.33619,60.9895,0.84672,12.849,0.84672,3695.15,0,18.483,0.0291891,0.924497,1.36627,4.59589,1.10129,5.75618,0.42336,0,0,18.483,0.42336,442.007,0,1.02816,0,0,1.95266,0.924497,1.028160,1,0,67.4258,0,0,0,67.4258,0
72.0636,2.15318,0,0,2.49026,0.200616,0.36288,3.6288,61.308,0.0971419,0,0,1.11553,0.251501,0.766885,0.66528,12.849,1,0.382712,0.36288,0,60.6131,4.33619,56.257,0.84672,12.849,0.84672,3695.15,0,18.483,0.0292861,1.055,1.36677,4.7153,1.10129,6.00649,0.42336,0,0,18.483,0.42336,442.007,0,1.02816,0,0,2.08316,1.055,1.028160,1,0,63.0304,0,0,0,63.0304,0
71.9484,2.15295,0,0,2.60092,0.200271,0.36288,3.6288,61.308,0.0974637,0,0,0.955549,0.251501,0.606585,0.66528,12.849,1,0.383872,0.36288,0,60.115,4.33619,55.7578,0.84672,12.849,0.84672,3695.15,0,18.483,0.0293832,0.701473,1.36726,5.53278,1.10129,6.47084,0.42336,0,0,18.483,0.42336,442.007,0,1.02816,0,0,1.72963,0.701473,1.028160,1,0,62.8352,0,0,0,62.8352,0
71.7735,2.25535,0,0,2.613,0.169665,0.36288,3.6288,61.308,0.145784,0,0,0.92543,0.26328,0.516367,0.66528,12.849,1,0.402774,0.36288,0,63.4216,5.38014,58.0015,0.84672,12.849,0.84672,3695.15,0,18.483,0.0439506,0.747576,1.36776,4.92962,1.13022,5.87079,0.42336,0,0,18.483,0.42336,442.007,0,1.02816,0,0,1.77574,0.747576,1.028160,1,0,64.3887,0,0,0,64.3887,0
71.1528,2.25533,0,0,2.15425,0.15673,0.36288,3.6288,61.308,0.146123,0,0,0.834719,0.250869,0.437727,0.66528,12.849,1,0.403753,0.36288,0,63.0038,5.09397,57.869,0.84672,12.849,0.84672,3695.15,0,18.483,0.0440529,0.546601,1.43908,3.35526,1.04556,4.25132,0.42336,0,0,18.483,0.42336,442.007,0,1.02816,0,0,1.57476,0.546601,1.028160,1,0,62.558,0,0,0,62.558,0
70.2941,2.25316,0,0,1.84543,0.0880786,0.36288,3.6288,61.308,0.146463,0,0,0.786145,0.271923,0.36776,0.66528,12.849,1,0.406884,0.36288,0,40.7654,5.45199,35.2694,0.84672,12.849,0.84672,3695.15,0,18.483,0.0441553,0.366016,1.4396,3.02917,1.19768,3.59294,0.42336,0,0,18.483,0.42336,442.007,0,1.02816,0,0,1.39418,0.366016,1.028160,1,0,39.2301,0,0,0,39.2301,0
69.3655,2.24978,0,0,1.76024,0.0762557,0.36288,3.6288,61.308,0.161825,0,0,0.74183,0.275432,0.304573,0.66528,12.849,1,0.411235,0.36288,0,37.2095,5.51166,31.6495,0.84672,12.849,0.84672,3695.15,0,18.483,0.0487868,0.30119,1.44012,2.92836,1.22304,3.39784,0.42336,0,0,18.483,0.42336,442.007,0,1.00861,0,0,1.3098,0.30119,1.028160,1,0,35.3519,0,0,0,35.3519,0
68.3816,2.24595,0,0,1.70071,0.0757101,0.36288,3.6288,61.308,0.147142,0,0,0.756717,0.275432,0.334143,0.66528,12.849,1,0.416031,0.36288,0,35.4766,5.51166,29.9118,0.84672,12.849,0.84672,3695.15,0,18.483,0.0443601,0.42431,1.44064,2.80098,1.22304,3.39853,0.42336,0,0,18.483,0.42336,442.007,0,1.02816,0,0,1.45247,0.42431,1.028160,1,0,33.6445,0,0,0,33.6445,0
67.6232,2.22164,0,0,1.9215,0.0953896,0.36288,3.6288,61.308,0.17391,0,0,0.803382,0.255498,0.373973,0.66528,12.849,1,0.41745,0.36288,0,47.3291,4.86951,42.405,0.84672,12.849,0.84672,3695.15,0,18.483,0.05243,0.565419,1.44117,3.17282,1.15252,3.97446,0.42336,0,0,18.483,0.42336,442.007,0,1.02816,0,0,1.59358,0.565419,1.028160,1,0,46.7534,0,0,0,46.7534,0
66.9113,2.21851,0,0,1.96761,0.0981801,0.36288,3.6288,61.308,0.17426,0,0,0.784616,0.252176,0.35818,0.66528,12.849,1,0.421537,0.36288,0,46.8935,4.76249,42.0724,0.84672,12.849,0.84672,3695.15,0,18.483,0.0525354,0.628983,1.46379,3.43824,1.14077,4.33771,0.42336,0,0,18.483,0.42336,442.007,0,1.02816,0,0,1.65714,0.628983,1.028160,1,0,46.7683,0,0,0,46.7683,0
66.1211,2.21555,0,0,1.87211,0.0838637,0.36288,3.6288,61.308,0.174609,0,0,0.765936,0.275493,0.315834,0.66528,12.849,1,0.425454,0.36288,0,44.2,5.08824,39.0492,0.84672,12.849,0.84672,3695.15,0,18.483,0.0526408,0.606424,1.46432,3.3423,1.25102,4.10939,0.42336,0,0,18.483,0.42336,442.007,0,1.02816,0,0,1.63458,0.606424,1.028160,1,0,43.4744,0,0,0,43.4744,0
65.1006,2.2121,0,0,1.61997,0.0654913,0.36288,3.6288,61.308,0.174959,0,0,0.720671,0.301223,0.244489,0.66528,12.849,1,0.429866,0.36288,0,41.2355,5.79378,35.3748,0.84672,12.849,0.84672,3695.15,0,18.483,0.0527461,0.493422,1.46485,3.33811,1.49861,3.74503,0.42336,0,0,18.483,0.42336,442.007,0,1.02816,0,0,1.52158,0.493422,1.028160,1,0,39.3643,0,0,0,39.3643,0
64.0867,2.25878,0,0,1.67272,0.0649414,0.36288,3.6288,61.308,0.198896,0,0,0.796824,0.305052,0.292876,0.66528,12.849,1,0.445819,0.36288,0,36.8539,5.7895,30.9815,0.84672,12.849,0.84672,3695.15,0,18.483,0.0599627,0.427006,1.46539,3.13771,1.51542,3.45472,0.42336,0,0,18.483,0.42336,442.007,0,1.02816,0,0,1.45517,0.427006,1.028160,1,0,34.7291,0,0,0,34.7291,0
63.2041,2.25372,0,0,1.79802,0.0640034,0.36288,3.6288,61.308,0.199254,0,0,0.873357,0.315516,0.358587,0.66528,12.849,1,0.451858,0.36288,0,49.6873,5.5126,44.0858,0.84672,12.849,0.84672,3695.15,0,18.483,0.0600707,0.459492,1.50119,3.31159,1.43725,3.77496,0.42336,0,0,18.483,0.42336,442.007,0,1.02816,0,0,1.48765,0.459492,1.028160,1,0,48.2193,0,0,0,48.2193,0
62.2053,2.24929,0,0,1.6769,0.0635463,0.36288,3.6288,61.308,0.199613,0,0,0.773565,0.315516,0.258437,0.66528,12.849,1,0.457267,0.36288,0,39.3069,5.5126,33.6999,0.84672,12.849,0.84672,3695.15,0,18.483,0.0601788,0.440338,1.50174,3.02271,1.43725,3.46736,0.42336,0,0,18.483,0.42336,442.007,0,1.02816,0,0,1.4685,0.440338,1.028160,1,0,37.4257,0,0,0,37.4257,0
61.0607,2.24402,0,0,1.52531,0.063029,0.36288,3.6288,61.308,0.212943,0,0,0.726624,0.315516,0.198165,0.66528,12.849,1,0.463521,0.36288,0,36.1441,5.5126,30.5308,0.84672,12.849,0.84672,3695.15,0,18.483,0.0641976,0.227405,1.50228,2.76643,1.43725,2.99467,0.42336,0,0,18.483,0.42336,442.007,0,1.01128,0,0,1.23868,0.227405,1.028160,1,0,33.7237,0,0,0,33.7237,0
59.9832,2.3871,0,0,1.72573,0.0532583,0.36288,3.6288,61.308,0.285592,0,0,0.883405,0.309325,0.288488,0.66528,12.849,1,0.502317,0.36288,0,37.1697,5.6541,31.3762,0.84672,12.849,0.84672,3695.15,0,18.483,0.0860998,0.64724,1.50283,4.05574,1.47413,4.64558,0.42336,0,0,18.483,0.42336,442.007,0,1.02816,0,0,1.6754,0.64724,1.028160,1,0,36.3102,0,0,0,36.3102,0
58.9013,2.38053,0,0,1.72191,0.060318,0.36288,3.6288,61.308,0.285982,0,0,0.895329,0.278635,0.330712,0.66528,12.849,1,0.509933,0.36288,0,44.587,5.03664,39.4033,0.84672,12.849,0.84672,3695.15,0,18.483,0.0862172,0.5562,1.623,3.66419,1.41154,4.34563,0.42336,0,0,18.483,0.42336,442.007,0,1.02816,0,0,1.58436,0.5562,1.028160,1,0,44.0796,0,0,0,44.0796,0
58.1814,2.3737,0,0,2.07635,0.0596938,0.36288,3.6288,61.308,0.286372,0,0,0.917179,0.278635,0.352173,0.66528,12.849,1,0.517809,0.36288,0,44.362,5.03664,39.1704,0.84672,12.849,0.84672,3695.15,0,18.483,0.0863346,0.681523,1.62359,5.28753,1.41154,6.09477,0.42336,0,0,18.483,0.42336,442.007,0,1.02816,0,0,1.70968,0.681523,1.028160,1,0,45.6174,0,0,0,45.6174,0
57.2127,2.36931,0,0,1.82272,0.0592785,0.36288,3.6288,61.308,0.286761,0,0,0.919426,0.278635,0.35403,0.66528,12.849,1,0.523246,0.36288,0,41.8603,5.03664,36.6633,0.84672,12.849,0.84672,3695.15,0,18.483,0.0864521,0.626512,1.62418,3.88693,1.41154,4.63962,0.42336,0,0,18.483,0.42336,442.007,0,1.02816,0,0,1.65467,0.626512,1.028160,1,0,41.6569,0,0,0,41.6569,0
55.8668,2.36293,0,0,1.45188,0.0720032,0.36288,3.6288,61.308,0.287151,0,0,0.798137,0.278878,0.232109,0.66528,12.849,1,0.530673,0.36288,0,39.9012,5.10324,34.6301,0.84672,12.849,0.84672,3695.15,0,18.483,0.0865696,0.480004,1.62477,3.45387,1.3985,4.07357,0.42336,0,0,18.483,0.42336,442.007,0,1.02816,0,0,1.50816,0.480004,1.028160,1,0,38.9358,0,0,0,38.9358,0
54.19,2.28158,0,0,1.06729,0.0996064,0.36288,3.6288,61.0812,0.511026,0,0,0.50444,0.220184,0,0.66528,12.849,1,0.524749,0.36288,0,23.5882,4.35428,19.072,0.84672,12.849,0.84672,3695.15,0,18.483,0.154063,0.204422,1.62535,2.89705,1.14311,3.42965,0.42336,0,0,18.483,0.42336,442.007,0,0.669824,0,0,0.874246,0.204422,1.028160,1,0,22.5017,0,0,0,22.5017,0
52.2854,2.26928,0,0,0.841951,0.114416,0.36288,3.6288,60.8927,0.53387,0,0,0.540295,0.194908,0,0.66528,12.849,1,0.538069,0.36288,0,22.2725,4.00869,18.0886,0.84672,12.849,0.84672,3695.15,0,18.483,0.161547,0.216518,1.55726,3.62965,1.03673,4.20515,0.42336,0,0,18.483,0.42336,442.007,0,0.639979,0,0,0.856497,0.216518,1.028160,1,0,22.2937,0,0,0,22.2937,0
50.3715,2.25436,0,0,0.815547,0.11221,0.36288,3.6288,60.7071,0.532012,0,0,0.540995,0.194676,0,0.66528,12.849,1,0.554003,0.36288,0,21.3638,4.00869,17.164,0.84672,12.849,0.84672,3695.15,0,18.483,0.161484,0.216518,1.55782,3.32331,1.03673,3.89943,0.42336,0,0,18.483,0.42336,442.007,0,0.642384,0,0,0.858902,0.216518,1.028160,1,0,21.0634,0,0,0,21.0634,0
48.4432,2.2384,0,0,0.782983,0.109992,0.36288,3.6288,60.5938,0.471789,0,0,0.552941,0.194447,0,0.66528,12.849,1,0.570981,0.36288,0,20.3577,4.00869,16.1409,0.84672,12.849,0.84672,3695.15,0,18.483,0.143642,0.216518,1.55839,3.28631,1.03673,3.88084,0.42336,0,0,18.483,0.42336,442.007,0,0.720932,0,0,0.93745,0.216518,1.028160,1,0,20.0217,0,0,0,20.0217,0
46.9377,2.16386,0,0,1.17779,0.156552,0.36288,3.6288,60.7291,0.299106,0,0,0.623275,0.188811,0,0.66528,12.849,1,0.573938,0.36288,0,29.1152,4.06599,24.8381,0.84672,12.849,0.84672,3695.15,0,18.483,0.0912367,0.216518,1.55895,4.63265,1.05698,5.2599,0.42336,0,0,18.483,0.42336,442.007,0,0.884995,0,0,1.10151,0.216518,1.028160,1,0,30.098,0,0,0,30.098,0
45.7756,2.15018,0,0,1.51834,0.167304,0.36288,3.6288,60.2744,0.60474,0,0,0.339493,0.189468,0,0.66528,12.849,1,0.588603,0.36288,0,29.0714,4.07295,24.7727,0.84672,12.849,0.84672,3695.15,0,18.483,0.184054,0.216518,1.49839,3.28165,0.933974,3.87853,0.42336,0,0,18.483,0.42336,442.007,0,0.487006,0,0,0.703524,0.216518,1.028160,1,0,28.6512,0,0,0,28.6512,0
44.6717,2.13929,0,0,1.56342,0.165157,0.36288,3.6288,60.3908,0.189876,0,0,0.495155,0.188922,0,0.66528,12.849,1,0.600487,0.36288,0,29.4951,4.07295,25.1846,0.84672,12.849,0.84672,3695.15,0,18.483,0.058225,0.362266,1.49893,4.51557,0.933974,5.38456,0.42336,0,0,18.483,0.42336,442.007,0,1.02816,0,0,1.39043,0.362266,1.028160,1,0,30.5692,0,0,0,30.5692,0
46.3991,2.12853,0,0,4.38189,0.163118,0.36288,3.6288,61.308,0.190315,0,0,1.48255,0.189062,0.185936,0.66528,12.849,1,0.612233,0.36288,0,91.3589,4.07295,87.0366,0.84672,12.849,0.84672,3695.15,0,18.483,0.0582472,1.79384,1.49947,9.37425,0.933974,11.6753,0.42336,0,0,18.483,0.42336,442.007,0,1.02816,0,0,2.822,1.79384,1.028160,1,0,98.8979,0,0,0,98.8979,0
46.6692,1.98545,0,0,2.82062,0.202181,0.36288,3.6288,61.308,0.341784,0,0,0.89545,0.158839,0.394826,0.66528,12.849,1,0.549818,0.36288,0,56.9112,3.63765,53.0867,0.84672,12.849,0.84672,3695.15,0,18.483,0.10304,0.292723,1.50002,5.57511,0.810668,6.45414,0.42336,0,0,18.483,0.42336,442.007,0,0.704071,0,0,0.996794,0.292723,1.028160,1,0,59.9356,0,0,0,59.9356,0
47.9697,1.98867,0,0,3.86488,0.212814,0.36288,3.6288,61.308,0.0930869,0,0,1.42766,0.185124,1.14945,0.66528,12.849,1,0.547521,0.36288,0,71.0265,4.01646,66.8254,0.84672,12.849,0.84672,3695.15,0,18.483,0.0280636,1.02574,1.36275,7.3501,1.0144,8.69613,0.42336,0,0,18.483,0.42336,442.007,0,1.02816,0,0,2.0539,1.02574,1.028160,1,0,76.671,0,0,0,76.671,0
48.5699,2.0011,0,0,3.18,0.215878,0.36288,3.6288,61.308,0.0934062,0,0,1.44437,0.185124,1.16584,0.66528,12.849,1,0.536007,0.36288,0,58.0896,4.01646,53.9,0.84672,12.849,0.84672,3695.15,0,18.483,0.0281599,0.950642,1.36324,7.35238,1.0144,8.6237,0.42336,0,0,18.483,0.42336,442.007,0,1.02816,0,0,1.9788,0.950642,1.028160,1,0,63.6895,0,0,0,63.6895,0
48.8313,2.00706,0,0,2.84869,0.217293,0.36288,3.6288,61.308,0.0937255,0,0,0.974131,0.185124,0.695282,0.66528,12.849,1,0.530961,0.36288,0,48.1752,4.01646,43.9906,0.84672,12.849,0.84672,3695.15,0,18.483,0.0282562,0.77862,1.36373,7.11501,1.0144,8.21471,0.42336,0,0,18.483,0.42336,442.007,0,1.02816,0,0,1.80678,0.77862,1.028160,1,0,52.9006,0,0,0,52.9006,0
48.7383,2.01004,0,0,2.49463,0.214695,0.36288,3.6288,61.308,0.134062,0,0,0.502435,0.170424,0.197948,0.66528,12.849,1,0.528902,0.36288,0,45.7308,3.71811,41.8467,0.84672,12.849,0.84672,3695.15,0,18.483,0.0404168,0.412474,1.36422,4.97365,0.918425,5.79151,0.42336,0,0,18.483,0.42336,442.007,0,0.976078,0,0,1.38855,0.412474,1.028160,1,0,47.8362,0,0,0,47.8362,0
54.015,2.07291,0,0,7.92926,0.216852,0.36288,3.6288,61.308,0.122952,0,0,1.61397,0.197693,1.29332,0.66528,12.849,1,0.546487,0.36288,0,146.963,4.01068,142.769,0.84672,12.849,0.84672,3695.15,0,18.483,0.0370672,1.26744,1.36472,12.3288,1.04098,13.8829,0.42336,0,0,18.483,0.42336,442.007,0,1.02816,0,0,2.2956,1.26744,1.028160,1,0,157.945,0,0,0,157.945,0
57.9905,2.11678,0,0,6.68665,0.231438,0.36288,3.6288,61.308,0.12327,0,0,1.14844,0.219981,0.805186,0.66528,12.849,1,0.503536,0.36288,0,140.479,4.26741,136.071,0.84672,12.849,0.84672,3695.15,0,18.483,0.0371632,1.71849,1.40886,11.7501,1.1449,13.6953,0.42336,0,0,18.483,0.42336,442.007,0,1.02816,0,0,2.74665,1.71849,1.028160,1,0,150.571,0,0,0,150.571,0
61.3758,2.14579,0,0,6.13477,0.240771,0.36288,3.6288,61.308,0.123589,0,0,1.10324,0.219981,0.759672,0.66528,12.849,1,0.475443,0.36288,0,117.66,4.26741,113.28,0.84672,12.849,0.84672,3695.15,0,18.483,0.0372592,1.50828,1.40935,11.1374,1.1449,12.8729,0.42336,0,0,18.483,0.42336,442.007,0,1.02816,0,0,2.53644,1.50828,1.028160,1,0,126.912,0,0,0,126.912,0
64.0011,2.16823,0,0,5.41088,0.254533,0.36288,3.6288,61.308,0.123907,0,0,0.725596,0.218196,0.383493,0.66528,12.849,1,0.453917,0.36288,0,95.7856,4.2864,91.4082,0.84672,12.849,0.84672,3695.15,0,18.483,0.0373553,0.950849,1.40985,10.3607,1.17801,11.506,0.42336,0,0,18.483,0.42336,442.007,0,1.02816,0,0,1.97901,0.950849,1.028160,1,0,103.298,0,0,0,103.298,0
67.7126,2.39756,0,0,6.76662,0.294664,0.36288,3.6288,61.308,0.231719,0,0,0.860034,0.211131,0.417184,0.66528,12.849,1,0.48134,0.36288,0,141.774,4.41453,137.241,0.84672,12.849,0.84672,3695.15,0,18.483,0.0698581,1.21444,1.41034,12.2419,1.35091,13.4459,0.42336,0,0,18.483,0.42336,442.007,0,1.02816,0,0,2.2426,1.21444,1.028160,1,0,151.104,0,0,0,151.104,0
72.1346,2.42058,0,0,7.49079,0.285307,0.36288,3.6288,61.308,0.232075,0,0,0.967291,0.233007,0.502209,0.66528,12.849,1,0.459325,0.36288,0,146.099,4.49967,141.503,0.84672,12.849,0.84672,3695.15,0,18.483,0.0699655,1.71728,1.56686,9.01765,1.19628,11.0356,0.42336,0,0,18.483,0.42336,442.007,0,1.02816,0,0,2.74544,1.71728,1.028160,1,0,153.041,0,0,0,153.041,0
72.29,2.44534,0,0,7.71388,0.295224,4.81794,3.6288,61.308,0.232431,0,0,1.06053,0.233007,0.595096,0.66528,12.849,1,0.435576,4.81794,0,132.465,4.49967,132.348,0.84672,12.849,0.84672,3695.15,0,18.483,0.0700729,1.55698,1.56741,9.29992,1.19628,11.158,0.42336,0,0,18.483,0.42336,442.007,0,1.02816,0,0,2.58514,1.55698,1.028160,1,0,144.101,0,0,0,144.101,0
72.29,2.44698,0,0,7.19271,0.295572,4.45016,3.6288,61.308,0.232788,0,0,0.985936,0.233007,0.520142,0.66528,12.849,1,0.434933,4.45016,0,123.17,4.49967,122.686,0.84672,12.849,0.84672,3695.15,0,18.483,0.0701804,1.36593,1.56795,7.52959,1.19628,9.19702,0.42336,0,0,18.483,0.42336,442.007,0,1.02816,0,0,2.39409,1.36593,1.028160,1,0,132.403,0,0,0,132.403,0
72.29,2.13756,0,0,7.8897,0.270954,5.48119,3.6288,61.308,0.0886864,0,0,1.07588,0.244052,0.743141,0.66528,12.849,1,0.379935,5.48119,0,133.185,4.04304,134.243,0.84672,12.849,0.84672,3695.15,0,18.483,0.026737,1.57069,1.5685,8.19141,0.972393,10.3315,0.42336,0,0,18.483,0.42336,442.007,0,1.02816,0,0,2.59885,1.57069,1.028160,1,0,145.318,0,0,0,145.318,0
72.29,2.1383,0,0,7.57037,0.304564,5.1275,3.6288,61.308,0.0889926,0,0,1.47284,0.234468,1.14938,0.66528,12.849,1,0.380067,5.1275,0,183.908,4.0086,184.646,0.84672,12.849,0.84672,3695.15,0,18.483,0.0268293,2.27616,1.35531,11.314,1.04016,13.8785,0.42336,0,0,18.483,0.42336,442.007,0,1.02816,0,0,3.30432,2.27616,1.028160,1,0,199.674,0,0,0,199.674,0
72.29,2.13905,0,0,7.80451,0.324825,5.34064,3.6288,61.308,0.0892989,0,0,1.93169,0.231357,1.61103,0.66528,12.849,1,0.3802,5.34064,0,165.523,4.08713,166.397,0.84672,12.849,0.84672,3695.15,0,18.483,0.0269216,3.09377,1.35578,14.694,1.03328,18.0833,0.42336,0,0,18.483,0.42336,442.007,0,1.02816,0,0,4.12193,3.09377,1.028160,1,0,186.091,0,0,0,186.091,0
72.29,2.13979,0,0,8.60579,0.324825,6.14117,3.6288,61.308,0.0896053,0,0,2.06599,0.231357,1.74503,0.66528,12.849,1,0.380332,6.14117,0,168.495,4.08713,170.168,0.84672,12.849,0.84672,3695.15,0,18.483,0.027014,3.16297,1.35626,15.5718,1.03328,19.0307,0.42336,0,0,18.483,0.42336,442.007,0,1.02816,0,0,4.19113,3.16297,1.028160,1,0,190.944,0,0,0,190.944,0
72.29,2.14054,0,0,6.94872,0.324825,4.48336,3.6288,61.308,0.0899118,0,0,1.37938,0.231357,1.05811,0.66528,12.849,1,0.380465,4.48336,0,138.212,4.08713,138.228,0.84672,12.849,0.84672,3695.15,0,18.483,0.0271064,2.17157,1.35673,11.2657,1.03328,13.7336,0.42336,0,0,18.483,0.42336,442.007,0,1.02816,0,0,3.19973,2.17157,1.028160,1,0,153.02,0,0,0,153.02,0
72.29,2.21952,0,0,9.59187,0.342039,7.03031,3.6288,61.308,0.12562,0,0,2.55947,0.15235,2.2815,0.66528,12.849,1,0.394503,7.03031,0,220.074,3.37257,223.337,0.84672,12.849,0.84672,3695.15,0,18.483,0.0378715,3.85459,1.3572,19.3921,0.708481,23.8576,0.42336,0,0,18.483,0.42336,442.007,0,1.02816,0,0,4.88275,3.85459,1.028160,1,0,249.476,0,0,0,249.476,0
72.29,2.2203,0,0,10.7875,0.340414,8.22676,3.6288,61.308,0.125939,0,0,2.6947,0.142946,2.42582,0.66528,12.849,1,0.394641,8.22676,0,246.583,3.12921,251.286,0.84672,12.849,0.84672,3695.15,0,18.483,0.0379677,4.19024,1.41054,19.4551,0.629641,24.3883,0.42336,0,0,18.483,0.42336,442.007,0,1.02816,0,0,5.2184,4.19024,1.028160,1,0,278.1,0,0,0,278.1,0
72.29,2.22107,0,0,8.46962,0.340414,5.90814,3.6288,61.308,0.126258,0,0,2.13911,0.142946,1.8699,0.66528,12.849,1,0.394778,5.90814,0,243.05,3.12921,245.434,0.84672,12.849,0.84672,3695.15,0,18.483,0.0380639,3.22318,1.41103,16.3551,0.629641,20.3216,0.42336,0,0,18.483,0.42336,442.007,0,1.02816,0,0,4.25134,3.22318,1.028160,1,0,267.626,0,0,0,267.626,0
72.29,2.22184,0,0,7.5098,0.26486,5.0231,3.6288,61.308,0.126577,0,0,2.02637,0.145448,1.75435,0.66528,12.849,1,0.394916,5.0231,0,182.736,2.42854,184.936,0.84672,12.849,0.84672,3695.15,0,18.483,0.0381601,3.0143,1.41152,13.3256,0.649309,17.0639,0.42336,0,0,18.483,0.42336,442.007,0,1.02816,0,0,4.04246,3.0143,1.028160,1,0,203.754,0,0,0,203.754,0
72.29,2.19198,0,0,6.74853,0.256575,4.29997,3.6288,61.308,0.113127,0,0,1.70821,0.153428,1.44165,0.66528,12.849,1,0.389608,4.29997,0,166.688,3.03298,167.565,0.84672,12.849,0.84672,3695.15,0,18.483,0.0341053,2.43528,1.41201,12.2234,0.748053,15.2886,0.42336,0,0,18.483,0.42336,442.007,0,1.02816,0,0,3.46344,2.43528,1.028160,1,0,184.296,0,0,0,184.296,0
72.29,2.19275,0,0,6.53014,0.24515,4.09224,3.6288,61.308,0.113442,0,0,1.52037,0.168933,1.238,0.66528,12.849,1,0.389744,4.09224,0,168.422,3.73989,168.385,0.84672,12.849,0.84672,3695.15,0,18.483,0.0342001,2.49507,1.3919,12.8616,0.866864,15.8475,0.42336,0,0,18.483,0.42336,442.007,0,1.02816,0,0,3.52323,2.49507,1.028160,1,0,185.47,0,0,0,185.47,0
72.29,2.19351,0,0,5.8311,0.24515,3.39244,3.6288,61.308,0.113756,0,0,1.45222,0.168933,1.16953,0.66528,12.849,1,0.38988,3.39244,0,150.522,3.73989,149.784,0.84672,12.849,0.84672,3695.15,0,18.483,0.0342949,2.40283,1.39238,11.6772,0.866864,14.5713,0.42336,0,0,18.483,0.42336,442.007,0,1.02816,0,0,3.43099,2.40283,1.028160,1,0,165.525,0,0,0,165.525,0
72.29,2.19427,0,0,5.62022,0.24515,3.18079,3.6288,61.308,0.114071,0,0,1.3621,0.168933,1.07909,0.66528,12.849,1,0.390015,3.18079,0,149.325,3.73989,148.376,0.84672,12.849,0.84672,3695.15,0,18.483,0.0343898,2.41392,1.39287,10.7823,0.866864,13.6878,0.42336,0,0,18.483,0.42336,442.007,0,1.02816,0,0,3.44208,2.41392,1.028160,1,0,163.143,0,0,0,163.143,0
72.29,2.29916,0,0,5.12829,0.24515,2.58398,3.6288,61.308,0.163281,0,0,1.14565,0.168933,0.813433,0.66528,12.849,1,0.408659,2.58398,0,131.515,3.73989,129.951,0.84672,12.849,0.84672,3695.15,0,18.483,0.0492255,2.20768,1.39335,9.75067,0.866864,12.4356,0.42336,0,0,18.483,0.42336,442.007,0,1.02816,0,0,3.23584,2.20768,1.028160,1,0,143.2,0,0,0,143.2,0
72.29,2.29996,0,0,4.73449,0.212058,2.22247,3.6288,61.308,0.163613,0,0,0.999458,0.182272,0.653573,0.66528,12.849,1,0.408801,2.22247,0,99.6883,4.12049,97.3815,0.84672,12.849,0.84672,3695.15,0,18.483,0.0493255,1.61247,1.46598,7.50427,0.982524,9.55087,0.42336,0,0,18.483,0.42336,442.007,0,1.02816,0,0,2.64063,1.61247,1.028160,1,0,107.586,0,0,0,107.586,0
72.29,2.30076,0,0,4.44464,0.1279,2.01598,3.6288,61.308,0.163944,0,0,0.964233,0.192783,0.607505,0.66528,12.849,1,0.408943,2.01598,0,90.8479,4.35257,88.1023,0.84672,12.849,0.84672,3695.15,0,18.483,0.0494256,1.36807,1.46649,6.79234,0.99163,8.58585,0.42336,0,0,18.483,0.42336,442.007,0,1.02816,0,0,2.39623,1.36807,1.028160,1,0,97.2957,0,0,0,97.2957,0
72.29,2.30156,0,0,4.0859,0.1279,1.65644,3.6288,61.308,0.164276,0,0,0.938511,0.192783,0.581452,0.66528,12.849,1,0.409085,1.65644,0,82.1759,4.35257,79.0707,0.84672,12.849,0.84672,3695.15,0,18.483,0.0495256,1.20913,1.467,6.55992,0.99163,8.1949,0.42336,0,0,18.483,0.42336,442.007,0,1.02816,0,0,2.23729,1.20913,1.028160,1,0,87.847,0,0,0,87.847,0
72.29,2.30236,0,0,3.88871,0.1279,1.45844,3.6288,61.308,0.164608,0,0,0.907157,0.192783,0.549765,0.66528,12.849,1,0.409228,1.45844,0,77.4706,4.35257,74.1672,0.84672,12.849,0.84672,3695.15,0,18.483,0.0496257,1.12283,1.46752,6.40043,0.99163,7.94951,0.42336,0,0,18.483,0.42336,442.007,0,1.02816,0,0,2.15099,1.12283,1.028160,1,0,82.6665,0,0,0,82.6665,0
72.29,2.28254,0,0,3.32503,0.134905,0.907585,3.6288,61.308,0.191861,0,0,0.863171,0.203082,0.468228,0.66528,12.849,1,0.405704,0.907585,0,66.8667,3.97847,63.3901,0.84672,12.849,0.84672,3695.15,0,18.483,0.0578417,0.841916,1.46803,5.36052,1.01443,6.59818,0.42336,0,0,18.483,0.42336,442.007,0,1.02816,0,0,1.87008,0.841916,1.028160,1,0,70.4565,0,0,0,70.4565,0
72.29,2.28333,0,0,2.94668,0.137707,0.525643,3.6288,61.308,0.192202,0,0,0.798803,0.207202,0.399399,0.66528,12.849,1,0.405845,0.525643,0,61.3357,3.82882,57.6267,0.84672,12.849,0.84672,3695.15,0,18.483,0.0579447,0.481715,1.49105,4.68977,1.02355,5.58103,0.42336,0,0,18.483,0.42336,442.007,0,1.02816,0,0,1.50987,0.481715,1.028160,1,0,63.6071,0,0,0,63.6071,0
72.2291,2.28412,0,0,2.70957,0.123426,0.36288,3.6288,61.308,0.192544,0,0,0.762661,0.240109,0.330009,0.66528,12.849,1,0.405986,0.36288,0,54.3763,4.25227,50.0809,0.84672,12.849,0.84672,3695.15,0,18.483,0.0580477,0.474172,1.49157,4.51258,1.17812,5.24215,0.42336,0,0,18.483,0.42336,442.007,0,1.02816,0,0,1.50233,0.474172,1.028160,1,0,55.653,0,0,0,55.653,0
72.0238,2.28463,0,0,2.54653,0.104337,0.36288,3.6288,61.308,0.192885,0,0,0.711469,0.283985,0.234599,0.66528,12.849,1,0.406417,0.36288,0,48.2712,4.81688,43.4108,0.84672,12.849,0.84672,3695.15,0,18.483,0.0581506,0.446316,1.49209,4.34418,1.38421,4.84023,0.42336,0,0,18.483,0.42336,442.007,0,1.02816,0,0,1.47448,0.446316,1.028160,1,0,48.4857,0,0,0,48.4857,0
71.4971,2.33775,0,0,2.2756,0.101669,0.36288,3.6288,61.308,0.217253,0,0,0.637026,0.289306,0.130468,0.66528,12.849,1,0.417053,0.36288,0,45.4489,5.12627,40.2685,0.84672,12.849,0.84672,3695.15,0,18.483,0.0654968,0.318323,1.49261,3.80131,1.40358,4.14317,0.42336,0,0,18.483,0.42336,442.007,0,1.02816,0,0,1.34648,0.318323,1.028160,1,0,44.5421,0,0,0,44.5421,0
71.2385,2.33596,0,0,2.5352,0.0950228,0.36288,3.6288,61.308,0.217603,0,0,0.734732,0.302608,0.214521,0.66528,12.849,1,0.419804,0.36288,0,53.2463,5.89974,47.2897,0.84672,12.849,0.84672,3695.15,0,18.483,0.0656024,0.322358,1.52906,3.44018,1.452,3.77399,0.42336,0,0,18.483,0.42336,442.007,0,1.02816,0,0,1.35052,0.322358,1.028160,1,0,51.2782,0,0,0,51.2782,0
70.8058,2.33548,0,0,2.36058,0.0948352,0.36288,3.6288,61.308,0.217953,0,0,0.637433,0.302608,0.116872,0.66528,12.849,1,0.421241,0.36288,0,45.0853,5.89974,39.1272,0.84672,12.849,0.84672,3695.15,0,18.483,0.065708,0.431698,1.52959,3.47191,1.452,3.91549,0.42336,0,0,18.483,0.42336,442.007,0,1.02816,0,0,1.45986,0.431698,1.028160,1,0,43.1596,0,0,0,43.1596,0
70.1968,2.33411,0,0,2.18249,0.0945214,0.36288,3.6288,61.308,0.218303,0,0,0.591116,0.302608,0.0702049,0.66528,12.849,1,0.423567,0.36288,0,43.2327,5.89974,37.2723,0.84672,12.849,0.84672,3695.15,0,18.483,0.0658136,0.254042,1.53012,3.0188,1.452,3.28515,0.42336,0,0,18.483,0.42336,442.007,0,1.02816,0,0,1.2822,0.254042,1.028160,1,0,40.6277,0,0,0,40.6277,0
69.4881,2.48755,0,0,2.23098,0.0892565,0.36288,3.6288,61.308,0.305494,0,0,0.656454,0.305198,0.0457625,0.66528,12.849,1,0.455327,0.36288,0,41.1187,5.97451,35.0517,0.84672,12.849,0.84672,3695.15,0,18.483,0.0920996,0.427067,1.53065,3.73402,1.46694,4.1327,0.42336,0,0,18.483,0.42336,442.007,0,1.02816,0,0,1.45523,0.427067,1.028160,1,0,39.2302,0,0,0,39.2302,0
68.5543,2.48449,0,0,1.99862,0.0850189,0.36288,3.6288,61.097,0.373575,0,0,0.498745,0.336185,0,0.66528,12.849,1,0.459406,0.36288,0,33.3941,6.58095,26.7166,0.84672,12.849,0.84672,3695.15,0,18.483,0.112625,0.227405,1.65303,3.47037,1.51241,3.72577,0.42336,0,0,18.483,0.42336,442.007,0,0.940049,0,0,1.16745,0.227405,1.028160,1,0,30.4424,0,0,0,30.4424,0
67.782,2.48008,0,0,2.15365,0.0829906,0.36288,3.6288,61.0088,0.30601,0,0,0.55917,0.341326,0,0.66528,12.849,1,0.464837,0.36288,0,38.3804,6.69449,31.584,0.84672,12.849,0.84672,3695.15,0,18.483,0.092574,0.336433,1.65361,3.35519,1.52248,3.73017,0.42336,0,0,18.483,0.42336,442.007,0,1.02816,0,0,1.36459,0.336433,1.028160,1,0,35.3142,0,0,0,35.3142,0
66.5678,2.47649,0,0,1.7076,0.0824901,0.36288,3.6288,60.6217,0.465692,0,0,0.419704,0.341135,0,0.66528,12.849,1,0.469452,0.36288,0,42.1433,6.69449,35.3423,0.84672,12.849,0.84672,3695.15,0,18.483,0.141084,0.204422,1.65418,2.69398,1.52248,2.88902,0.42336,0,0,18.483,0.42336,442.007,0,0.820463,0,0,1.02489,0.204422,1.028160,1,0,38.2313,0,0,0,38.2313,0
65.7285,2.47017,0,0,2.07552,0.0817032,0.36288,3.6288,60.65,0.306214,0,0,0.674774,0.340299,0,0.66528,12.849,1,0.476796,0.36288,0,36.7361,6.69449,29.9277,0.84672,12.849,0.84672,3695.15,0,18.483,0.0933618,0.671026,1.65476,3.88167,1.52248,4.59161,0.42336,0,0,18.483,0.42336,442.007,0,1.02816,0,0,1.69919,0.671026,1.028160,1,0,34.5193,0,0,0,34.5193,0
64.2975,2.3907,0,0,1.42874,0.106186,0.36288,3.6288,60.6809,0.253959,0,0,0.640874,0.355956,0,0.66528,12.849,1,0.467347,0.36288,0,39.325,6.69503,32.5256,0.84672,12.849,0.84672,3695.15,0,18.483,0.0773937,0.452598,1.65533,2.86419,1.51407,3.38065,0.42336,0,0,18.483,0.42336,442.007,0,1.02816,0,0,1.48076,0.452598,1.028160,1,0,35.9062,0,0,0,35.9062,0
62.46,2.38285,0,0,1.03173,0.123528,0.36288,3.6288,60.5349,0.254351,0,0,0.476083,0.367725,0,0.66528,12.849,1,0.476182,0.36288,0,36.0383,6.69543,29.2296,0.84672,12.849,0.84672,3695.15,0,18.483,0.0774737,0.306521,1.58596,1.7137,1.50775,2.02095,0.42336,0,0,18.483,0.42336,442.007,0,1.02816,0,0,1.33468,0.306521,1.028160,1,0,31.2505,0,0,0,31.2505,0
60.551,2.37206,0,0,0.989194,0.163195,0.36288,3.6288,60.3562,0.283303,0,0,0.442299,0.337695,0,0.66528,12.849,1,0.48797,0.36288,0,27.0899,6.24887,20.7159,0.84672,12.849,0.84672,3695.15,0,18.483,0.0865003,0.216518,1.58651,2.35895,1.35906,2.71642,0.42336,0,0,18.483,0.42336,442.007,0,0.990654,0,0,1.20717,0.216518,1.028160,1,0,23.4323,0,0,0,23.4323,0
60.4457,2.36019,0,0,2.71321,0.0954558,0.36288,3.6288,60.4336,0.254755,0,0,0.712072,0.379909,0,0.66528,12.849,1,0.500834,0.36288,0,31.6464,7.09779,24.4107,0.84672,12.849,0.84672,3695.15,0,18.483,0.0780142,0.927158,1.58706,4.7467,1.38234,5.80056,0.42336,0,0,18.483,0.42336,442.007,0,1.02816,0,0,1.95532,0.927158,1.028160,1,0,30.2112,0,0,0,30.2112,0
62.1044,2.29932,0,0,4.51879,0.197916,0.36288,3.6288,61.039,0.207226,0,0,1.0734,0.26078,0,0.66528,12.849,1,0.488767,0.36288,0,73.2705,5.70507,67.4395,0.84672,12.849,0.84672,3695.15,0,18.483,0.0633779,1.60683,1.58761,5.85048,1.00844,7.9731,0.42336,0,0,18.483,0.42336,442.007,0,1.02816,0,0,2.63499,1.60683,1.028160,1,0,75.4126,0,0,0,75.4126,0
60.7906,2.31093,0,0,1.59767,0.23771,0.36288,3.6288,61.2301,0.208055,0,0,0.644297,0.245165,0,0.66528,12.849,1,0.478117,0.36288,0,51.1228,5.00451,46.003,0.84672,12.849,0.84672,3695.15,0,18.483,0.0630002,0.495487,1.52591,2.15868,1.14748,2.9696,0.42336,0,0,18.483,0.42336,442.007,0,1.02816,0,0,1.52365,0.495487,1.028160,1,0,48.9726,0,0,0,48.9726,0
60.0279,2.3032,0,0,2.13372,0.230315,0.36288,3.6288,61.308,0.208552,0,0,0.768004,0.243477,0.238077,0.66528,12.849,1,0.486816,0.36288,0,34.6499,4.95651,29.5695,0.84672,12.849,0.84672,3695.15,0,18.483,0.0629538,0.780676,1.52644,2.83097,1.15821,3.91692,0.42336,0,0,18.483,0.42336,442.007,0,1.02816,0,0,1.80884,0.780676,1.028160,1,0,33.7245,0,0,0,33.7245,0
65.8308,2.2989,0,0,8.68191,0.217155,0.36288,3.6288,61.308,0.20896,0,0,1.36395,0.211716,0.943269,0.66528,12.849,1,0.492082,0.36288,0,107.664,4.2478,103.287,0.84672,12.849,0.84672,3695.15,0,18.483,0.0629968,1.91292,1.52697,6.79574,1.11493,9.05771,0.42336,0,0,18.483,0.42336,442.007,0,1.02816,0,0,2.94108,1.91292,1.028160,1,0,113.288,0,0,0,113.288,0
67.6016,2.16008,0,0,4.54546,0.251746,0.36288,3.6288,61.308,0.10893,0,0,1.07643,0.185092,0.782409,0.66528,12.849,1,0.421609,0.36288,0,80.9819,3.68686,77.2363,0.84672,12.849,0.84672,3695.15,0,18.483,0.03284,1.2521,1.5275,5.39776,0.971361,7.17316,0.42336,0,0,18.483,0.42336,442.007,0,1.02816,0,0,2.28026,1.2521,1.028160,1,0,85.1918,0,0,0,85.1918,0
68.2886,2.17011,0,0,3.46661,0.246666,0.36288,3.6288,61.308,0.109242,0,0,0.729067,0.181883,0.437941,0.66528,12.849,1,0.412472,0.36288,0,60.7711,3.84121,56.8803,0.84672,12.849,0.84672,3695.15,0,18.483,0.032934,1.04414,1.3877,3.07715,0.869007,4.60705,0.42336,0,0,18.483,0.42336,442.007,0,1.02816,0,0,2.0723,1.04414,1.028160,1,0,61.9253,0,0,0,61.9253,0
68.7266,2.17436,0,0,3.2218,0.246552,0.36288,3.6288,61.308,0.109554,0,0,0.710989,0.181348,0.420087,0.66528,12.849,1,0.409122,0.36288,0,73.2681,3.86694,69.3549,0.84672,12.849,0.84672,3695.15,0,18.483,0.0330281,0.963127,1.38818,3.22875,0.851948,4.69508,0.42336,0,0,18.483,0.42336,442.007,0,1.02816,0,0,1.99129,0.963127,1.028160,1,0,74.4701,0,0,0,74.4701,0
70.4822,2.17731,0,0,4.55455,0.258717,0.36288,3.6288,61.308,0.109866,0,0,0.891142,0.23638,0.544896,0.66528,12.849,1,0.407066,0.36288,0,57.2702,4.71132,52.5147,0.84672,12.849,0.84672,3695.15,0,18.483,0.0331221,1.57769,1.38866,3.4917,1.16701,5.25792,0.42336,0,0,18.483,0.42336,442.007,0,1.02816,0,0,2.60585,1.57769,1.028160,1,0,58.3175,0,0,0,58.3175,0
71.9668,2.18664,0,0,4.33383,0.299664,0.36288,3.6288,61.308,0.110178,0,0,0.918579,0.226013,0.582388,0.66528,12.849,1,0.398628,0.36288,0,99.6529,4.61214,95.005,0.84672,12.849,0.84672,3695.15,0,18.483,0.0332162,1.84786,1.38914,5.3015,1.04894,7.45635,0.42336,0,0,18.483,0.42336,442.007,0,1.02816,0,0,2.87602,1.84786,1.028160,1,0,103.044,0,0,0,103.044,0
72.29,2.26311,0,0,10.5443,0.273925,7.6841,3.6288,61.308,0.139599,0,0,1.34683,0.215589,0.991639,0.66528,12.849,1,0.404056,7.6841,0,99.4201,4.12642,102.574,0.84672,12.849,0.84672,3695.15,0,18.483,0.0420858,1.91818,1.38962,7.227,1.00756,9.48515,0.42336,0,0,18.483,0.42336,442.007,0,1.02816,0,0,2.94634,1.91818,1.028160,1,0,113.05,0,0,0,113.05,0
72.29,2.2654,0,0,3.55622,0.255889,1.03494,3.6288,61.308,0.139909,0,0,0.863905,0.186442,0.537554,0.66528,12.849,1,0.402657,1.03494,0,79.2685,3.60727,76.2936,0.84672,12.849,0.84672,3695.15,0,18.483,0.0421795,1.60599,1.43455,4.41151,0.849856,6.56001,0.42336,0,0,18.483,0.42336,442.007,0,1.02816,0,0,2.63415,1.60599,1.028160,1,0,83.3911,0,0,0,83.3911,0
72.29,2.26616,0,0,3.56019,0.255889,1.03815,3.6288,61.308,0.14022,0,0,0.699998,0.186442,0.373336,0.66528,12.849,1,0.402792,1.03815,0,84.7014,3.60727,81.7295,0.84672,12.849,0.84672,3695.15,0,18.483,0.0422733,1.26816,1.43503,4.3355,0.849856,6.14657,0.42336,0,0,18.483,0.42336,442.007,0,1.02816,0,0,2.29632,1.26816,1.028160,1,0,88.2494,0,0,0,88.2494,0
72.29,2.26691,0,0,3.58698,0.255889,1.06418,3.6288,61.308,0.140531,0,0,0.787758,0.186442,0.460785,0.66528,12.849,1,0.402927,1.06418,0,75.8324,3.60727,72.8864,0.84672,12.849,0.84672,3695.15,0,18.483,0.042367,3.76881,1.43551,5.31296,0.849856,9.62506,0.42336,0,0,18.483,0.42336,442.007,0,1.02816,0,0,4.79697,3.76881,1.028160,1,0,82.9722,0,0,0,82.9722,0
72.29,2.48885,0,0,6.1165,0.255889,3.37176,3.6288,61.308,0.250289,0,0,0.942097,0.186442,0.505367,0.66528,12.849,1,0.442375,3.37176,0,104.119,3.60727,103.441,0.84672,12.849,0.84672,3695.15,0,18.483,0.0754564,4.70082,1.43599,5.7206,0.849856,10.9321,0.42336,0,0,18.483,0.42336,442.007,0,1.02816,0,0,5.72898,4.70082,1.028160,1,0,114.878,0,0,0,114.878,0
72.2571,2.48969,0,0,3.12856,0.308859,0.36288,3.6288,61.308,0.250636,0,0,0.513132,0.187192,0.0753043,0.66528,12.849,1,0.442523,0.36288,0,52.4382,3.10254,49.256,0.84672,12.849,0.84672,3695.15,0,18.483,0.0755612,1.23287,1.59534,2.89488,0.957585,4.68994,0.42336,0,0,18.483,0.42336,442.007,0,1.02816,0,0,2.26103,1.23287,1.028160,1,0,54.0213,0,0,0,54.0213,0
72.29,2.49035,0,0,3.51264,0.308782,0.680644,3.6288,61.308,0.250984,0,0,0.508105,0.187192,0.069929,0.66528,12.849,1,0.442842,0.680644,0,62.3302,3.10254,59.4654,0.84672,12.849,0.84672,3695.15,0,18.483,0.075666,1.40637,1.59587,3.16104,0.957585,5.13003,0.42336,0,0,18.483,0.42336,442.007,0,1.02816,0,0,2.43453,1.40637,1.028160,1,0,64.6654,0,0,0,64.6654,0
72.2506,2.49135,0,0,3.12112,0.306262,0.36288,3.6288,61.308,0.251332,0,0,0.540085,0.192724,0.0960286,0.66528,12.849,1,0.442818,0.36288,0,46.0746,3.23358,42.7611,0.84672,12.849,0.84672,3695.15,0,18.483,0.0757709,1.06598,1.59641,3.32993,0.998581,4.91796,0.42336,0,0,18.483,0.42336,442.007,0,1.02816,0,0,2.09414,1.06598,1.028160,1,0,47.7751,0,0,0,47.7751,0
72.29,2.1761,0,0,5.21497,0.279379,2.72012,3.6288,61.308,0.104605,0,0,0.799096,0.210656,0.483836,0.66528,12.849,1,0.386997,2.72012,0,102.06,4.17822,100.215,0.84672,12.849,0.84672,3695.15,0,18.483,0.0315359,1.80641,1.59694,6.64261,1.14914,8.86528,0.42336,0,0,18.483,0.42336,442.007,0,1.02816,0,0,2.83457,1.80641,1.028160,1,0,109.564,0,0,0,109.564,0
72.29,2.17701,0,0,3.52039,0.311618,1.03176,3.6288,61.308,0.104903,0,0,0.712368,0.202746,0.404719,0.66528,12.849,1,0.386947,1.03176,0,63.4758,3.60087,60.5198,0.84672,12.849,0.84672,3695.15,0,18.483,0.031626,1.44008,1.37986,4.51835,1.03195,6.27472,0.42336,0,0,18.483,0.42336,442.007,0,1.02816,0,0,2.46824,1.44008,1.028160,1,0,67.1992,0,0,0,67.1992,0
72.29,2.17774,0,0,5.18733,0.311618,2.69797,3.6288,61.308,0.105202,0,0,1.28006,0.202746,0.972112,0.66528,12.849,1,0.387076,2.69797,0,92.5724,3.60087,91.2824,0.84672,12.849,0.84672,3695.15,0,18.483,0.0317161,2.11845,1.38032,7.90685,1.03195,10.342,0.42336,0,0,18.483,0.42336,442.007,0,1.02816,0,0,3.14661,2.11845,1.028160,1,0,102.597,0,0,0,102.597,0
72.29,2.17846,0,0,4.81566,0.311618,2.32558,3.6288,61.308,0.105501,0,0,0.809706,0.202746,0.50146,0.66528,12.849,1,0.387205,2.32558,0,111.148,3.60087,109.485,0.84672,12.849,0.84672,3695.15,0,18.483,0.0318062,1.8246,1.38079,5.679,1.03195,7.82063,0.42336,0,0,18.483,0.42336,442.007,0,1.02816,0,0,2.85276,1.8246,1.028160,1,0,117.807,0,0,0,117.807,0
72.29,2.17919,0,0,3.87218,0.352379,1.34061,3.6288,61.308,0.1058,0,0,0.685299,0.148608,0.430891,0.66528,12.849,1,0.387335,1.34061,0,75.5231,2.9801,73.4963,0.84672,12.849,0.84672,3695.15,0,18.483,0.0318964,1.28619,1.38125,4.54697,0.859419,6.3231,0.42336,0,0,18.483,0.42336,442.007,0,1.02816,0,0,2.31435,1.28619,1.028160,1,0,80.2503,0,0,0,80.2503,0
72.29,2.25957,0,0,5.09352,0.339278,2.49468,3.6288,61.308,0.142139,0,0,0.754583,0.152882,0.459562,0.66528,12.849,1,0.401621,2.49468,0,81.5124,3.38465,80.2208,0.84672,12.849,0.84672,3695.15,0,18.483,0.0428518,1.55067,1.38171,4.98976,0.920063,6.95923,0.42336,0,0,18.483,0.42336,442.007,0,1.02816,0,0,2.57883,1.55067,1.028160,1,0,87.6396,0,0,0,87.6396,0
72.29,2.26032,0,0,4.15735,0.317224,1.57981,3.6288,61.308,0.14245,0,0,0.844739,0.172329,0.52996,0.66528,12.849,1,0.401755,1.57981,0,73.3234,3.87429,70.6271,0.84672,12.849,0.84672,3695.15,0,18.483,0.0429456,1.8175,1.43599,4.4517,1.01731,6.64494,0.42336,0,0,18.483,0.42336,442.007,0,1.02816,0,0,2.84566,1.8175,1.028160,1,0,77.802,0,0,0,77.802,0
72.29,2.26108,0,0,4.50859,0.317224,1.93029,3.6288,61.308,0.142762,0,0,0.719847,0.172329,0.404756,0.66528,12.849,1,0.401889,1.93029,0,79.3601,3.87429,77.0142,0.84672,12.849,0.84672,3695.15,0,18.483,0.0430395,1.75856,1.43647,4.24565,1.01731,6.38033,0.42336,0,0,18.483,0.42336,442.007,0,1.02816,0,0,2.78672,1.75856,1.028160,1,0,83.7993,0,0,0,83.7993,0
72.29,2.26183,0,0,3.6519,0.289796,1.10028,3.6288,61.308,0.143073,0,0,0.545156,0.201931,0.200153,0.66528,12.849,1,0.402023,1.10028,0,61.6186,4.25652,58.0603,0.84672,12.849,0.84672,3695.15,0,18.483,0.0431333,1.19534,1.43695,3.42627,1.12424,4.89118,0.42336,0,0,18.483,0.42336,442.007,0,1.02816,0,0,2.2235,1.19534,1.028160,1,0,63.1516,0,0,0,63.1516,0
72.29,2.2314,0,0,3.19769,0.258195,0.708094,3.6288,61.308,0.129368,0,0,0.552688,0.238841,0.184479,0.66528,12.849,1,0.396615,0.708094,0,55.3295,4.63017,51.0108,0.84672,12.849,0.84672,3695.15,0,18.483,0.0390016,1.05915,1.43743,3.3256,1.21734,4.56584,0.42336,0,0,18.483,0.42336,442.007,0,1.02816,0,0,2.08731,1.05915,1.028160,1,0,55.7612,0,0,0,55.7612,0
72.29,2.23215,0,0,3.21759,0.270616,0.714826,3.6288,61.308,0.129675,0,0,0.648287,0.232444,0.286168,0.66528,12.849,1,0.396747,0.714826,0,55.822,4.2902,51.8499,0.84672,12.849,0.84672,3695.15,0,18.483,0.0390941,1.29927,1.41693,3.31353,1.09365,4.89697,0.42336,0,0,18.483,0.42336,442.007,0,1.02816,0,0,2.32743,1.29927,1.028160,1,0,57.033,0,0,0,57.033,0
71.9786,2.23289,0,0,2.55503,0.270616,0.36288,3.6288,61.308,0.129982,0,0,0.527677,0.232444,0.165251,0.66528,12.849,1,0.396879,0.36288,0,46.9983,4.2902,42.6741,0.84672,12.849,0.84672,3695.15,0,18.483,0.0391865,0.931893,1.4174,2.74155,1.09365,3.958,0.42336,0,0,18.483,0.42336,442.007,0,1.02816,0,0,1.96005,0.931893,1.028160,1,0,46.7974,0,0,0,46.7974,0
71.3747,2.23218,0,0,2.26113,0.269977,0.36288,3.6288,61.308,0.130288,0,0,0.467124,0.232444,0.104391,0.66528,12.849,1,0.398469,0.36288,0,44.2856,4.2902,39.9598,0.84672,12.849,0.84672,3695.15,0,18.483,0.0392791,0.534289,1.41787,2.61103,1.09365,3.43026,0.42336,0,0,18.483,0.42336,442.007,0,1.02816,0,0,1.56245,0.534289,1.028160,1,0,43.4945,0,0,0,43.4945,0
71.0733,2.33585,0,0,2.66604,0.268737,0.36288,3.6288,61.308,0.180367,0,0,0.529034,0.232444,0.116222,0.66528,12.849,1,0.420504,0.36288,0,50.0525,4.2902,45.7047,0.84672,12.849,0.84672,3695.15,0,18.483,0.0543767,0.592358,1.41835,3.06494,1.09365,3.92761,0.42336,0,0,18.483,0.42336,442.007,0,1.02816,0,0,1.62052,0.592358,1.028160,1,0,49.7485,0,0,0,49.7485,0
70.4726,2.33512,0,0,2.27598,0.178702,0.36288,3.6288,61.308,0.180691,0,0,0.491452,0.258799,0.0519618,0.66528,12.849,1,0.422155,0.36288,0,37.8351,4.60454,33.1713,0.84672,12.849,0.84672,3695.15,0,18.483,0.0544743,0.623946,1.49226,2.47776,1.20138,3.33812,0.42336,0,0,18.483,0.42336,442.007,0,1.02816,0,0,1.65211,0.623946,1.028160,1,0,36.5613,0,0,0,36.5613,0
69.6236,2.33285,0,0,2.02489,0.178142,0.36288,3.6288,61.308,0.181015,0,0,0.46486,0.256123,0.0277225,0.66528,12.849,1,0.42534,0.36288,0,34.6513,4.56498,30.0239,0.84672,12.849,0.84672,3695.15,0,18.483,0.0545719,0.600506,1.49276,2.29814,1.19937,3.13746,0.42336,0,0,18.483,0.42336,442.007,0,1.02816,0,0,1.62867,0.600506,1.028160,1,0,33.1891,0,0,0,33.1891,0
68.7246,2.32925,0,0,1.97008,0.176979,0.36288,3.6288,61.3011,0.181338,0,0,0.430604,0.256123,0,0.66528,12.849,1,0.429862,0.36288,0,32.2161,4.56498,27.5842,0.84672,12.849,0.84672,3695.15,0,18.483,0.0546695,0.444321,1.49326,2.11659,1.19937,2.80013,0.42336,0,0,18.483,0.42336,442.007,0,1.02816,0,0,1.47248,0.444321,1.028160,1,0,30.3843,0,0,0,30.3843,0
67.6017,2.32529,0,0,1.72702,0.16174,0.36288,3.6288,61.2551,0.181658,0,0,0.401147,0.265555,0,0.66528,12.849,1,0.434745,0.36288,0,28.7834,4.67208,24.0394,0.84672,12.849,0.84672,3695.15,0,18.483,0.0547719,0.344693,1.49375,2.05356,1.22674,2.61049,0.42336,0,0,18.483,0.42336,442.007,0,1.02816,0,0,1.37285,0.344693,1.028160,1,0,26.6499,0,0,0,26.6499,0
66.3477,2.29922,0,0,1.53128,0.123206,0.36288,3.6288,61.1766,0.209345,0,0,0.418662,0.287812,0,0.66528,12.849,1,0.43701,0.36288,0,26.3924,5.04075,21.2776,0.84672,12.849,0.84672,3695.15,0,18.483,0.0631675,0.528163,1.49425,2.18913,1.29524,2.85313,0.42336,0,0,18.483,0.42336,442.007,0,1.02816,0,0,1.55632,0.528163,1.028160,1,0,24.1307,0,0,0,24.1307,0
64.9815,2.29306,0,0,1.40994,0.120204,0.36288,3.6288,61.1005,0.209616,0,0,0.420298,0.286719,0,0.66528,12.849,1,0.444078,0.36288,0,26.7221,5.11644,21.5244,0.84672,12.849,0.84672,3695.15,0,18.483,0.0633304,0.583468,1.51767,2.40127,1.29531,3.14377,0.42336,0,0,18.483,0.42336,442.007,0,1.02816,0,0,1.61163,0.583468,1.028160,1,0,24.6682,0,0,0,24.6682,0
63.5027,2.28603,0,0,1.28909,0.118899,0.36288,3.6288,61.0143,0.209889,0,0,0.410211,0.286581,0,0.66528,12.849,1,0.452024,0.36288,0,26.3448,5.11644,21.1392,0.84672,12.849,0.84672,3695.15,0,18.483,0.0634916,0.61306,1.51817,2.37175,1.29531,3.14418,0.42336,0,0,18.483,0.42336,442.007,0,1.02816,0,0,1.64122,0.61306,1.028160,1,0,24.2834,0,0,0,24.2834,0
61.9225,2.27803,0,0,1.17812,0.117486,0.36288,3.6288,60.9013,0.210153,0,0,0.383609,0.286425,0,0.66528,12.849,1,0.460932,0.36288,0,24.7796,5.11644,19.5651,0.84672,12.849,0.84672,3695.15,0,18.483,0.0636613,0.374449,1.51868,2.25691,1.29531,2.79106,0.42336,0,0,18.483,0.42336,442.007,0,1.02816,0,0,1.40261,0.374449,1.028160,1,0,22.3562,0,0,0,22.3562,0
60.2826,2.322,0,0,1.14405,0.0989936,0.36288,3.6288,60.726,0.23481,0,0,0.382201,0.322752,0,0.66528,12.849,1,0.481818,0.36288,0,22.9995,5.61712,17.2634,0.84672,12.849,0.84672,3695.15,0,18.483,0.0712627,0.400861,1.51919,2.20049,1.4732,2.57607,0.42336,0,0,18.483,0.42336,442.007,0,1.02816,0,0,1.42902,0.400861,1.028160,1,0,19.8395,0,0,0,19.8395,0
58.8527,2.31197,0,0,1.33288,0.0879876,0.36288,3.6288,60.6146,0.234993,0,0,0.435501,0.311842,0,0.66528,12.849,1,0.492786,0.36288,0,24.4198,5.65708,18.6328,0.84672,12.849,0.84672,3695.15,0,18.483,0.0715242,0.51522,1.55626,2.39357,1.45858,2.93496,0.42336,0,0,18.483,0.42336,442.007,0,1.02816,0,0,1.54338,0.51522,1.028160,1,0,21.5677,0,0,0,21.5677,0
57.3069,2.30291,0,0,1.20684,0.0867876,0.36288,3.6288,60.4839,0.235233,0,0,0.416102,0.311621,0,0.66528,12.849,1,0.502782,0.36288,0,22.9986,5.65708,17.2017,0.84672,12.849,0.84672,3695.15,0,18.483,0.0717288,0.357895,1.55678,2.22551,1.45858,2.60988,0.42336,0,0,18.483,0.42336,442.007,0,1.02816,0,0,1.38605,0.357895,1.028160,1,0,19.8115,0,0,0,19.8115,0
55.6344,2.29259,0,0,1.05542,0.0725044,0.36288,3.6288,60.3425,0.235455,0,0,0.41315,0.319092,0,0.66528,12.849,1,0.51403,0.36288,0,21.8998,5.88141,15.8672,0.84672,12.849,0.84672,3695.15,0,18.483,0.0719516,0.335785,1.5573,2.24933,1.5034,2.56707,0.42336,0,0,18.483,0.42336,442.007,0,1.02816,0,0,1.36395,0.335785,1.028160,1,0,18.4343,0,0,0,18.4343,0
53.6509,2.43312,0,0,0.891415,0.0789273,0.36288,3.6288,60.1139,0.32372,0,0,0.401363,0.306185,0,0.66528,12.849,1,0.56194,0.36288,0,20.5482,5.77952,14.5696,0.84672,12.849,0.84672,3695.15,0,18.483,0.0991561,0.313062,1.55782,2.14748,1.35517,2.56404,0.42336,0,0,18.483,0.42336,442.007,0,1.02816,0,0,1.34122,0.313062,1.028160,1,0,17.1336,0,0,0,17.1336,0
51.7944,2.41717,0,0,1.00492,0.081377,0.36288,3.6288,59.8151,0.329577,0,0,0.352687,0.321892,0,0.66528,12.849,1,0.578894,0.36288,0,17.9093,6.12054,11.5727,0.84672,12.849,0.84672,3695.15,0,18.483,0.101334,0.227405,1.68235,2.62872,1.46511,2.97202,0.42336,0,0,18.483,0.42336,442.007,0,1.02061,0,0,1.24801,0.227405,1.028160,1,0,14.5447,0,0,0,14.5447,0
50.1285,2.40134,0,0,1.17406,0.0756823,0.36288,3.6288,59.5626,0.323791,0,0,0.402584,0.331319,0,0.66528,12.849,1,0.595717,0.36288,0,19.7824,6.36163,13.1879,0.84672,12.849,0.84672,3695.15,0,18.483,0.100052,0.429131,1.68291,2.74782,1.53001,3.2298,0.42336,0,0,18.483,0.42336,442.007,0,1.02816,0,0,1.45729,0.429131,1.028160,1,0,16.4177,0,0,0,16.4177,0
48.2469,2.38638,0,0,0.941993,0.0743739,0.36288,3.6288,59.1761,0.372347,0,0,0.316564,0.330786,0,0.66528,12.849,1,0.611679,0.36288,0,23.2683,6.36163,16.6579,0.84672,12.849,0.84672,3695.15,0,18.483,0.115544,0.204422,1.68347,2.28259,1.53001,2.52493,0.42336,0,0,18.483,0.42336,442.007,0,0.964596,0,0,1.16902,0.204422,1.028160,1,0,19.1828,0,0,0,19.1828,0
46.5584,2.36833,0,0,1.11563,0.0728864,0.36288,3.6288,59.0056,0.323704,0,0,0.483226,0.329968,0,0.66528,12.849,1,0.630727,0.36288,0,19.9719,6.36163,13.3424,0.84672,12.849,0.84672,3695.15,0,18.483,0.101106,0.730374,1.68403,3.08676,1.53001,3.87005,0.42336,0,0,18.483,0.42336,442.007,0,1.02816,0,0,1.75853,0.730374,1.028160,1,0,17.2124,0,0,0,17.2124,0
45.0156,2.27944,0,0,1.16337,0.0639199,0.36288,3.6288,58.8618,0.270599,0,0,0.462676,0.335898,0,0.66528,12.849,1,0.629071,0.36288,0,25.9661,6.59879,19.1011,0.84672,12.849,0.84672,3695.15,0,18.483,0.0847627,0.857244,1.68459,4.05706,1.61856,4.89556,0.42336,0,0,18.483,0.42336,442.007,0,1.02816,0,0,1.8854,0.857244,1.028160,1,0,23.9966,0,0,0,23.9966,0
43.8564,2.26342,0,0,1.54316,0.0760355,0.36288,3.6288,58.9254,0.270792,0,0,0.658014,0.323586,0,0.66528,12.849,1,0.64606,0.36288,0,29.1413,6.74934,22.1088,0.84672,12.849,0.84672,3695.15,0,18.483,0.0850304,1.62363,1.61396,5.32401,1.67974,6.79683,0.42336,0,0,18.483,0.42336,442.007,0,1.02816,0,0,2.65179,1.62363,1.028160,1,0,28.9057,0,0,0,28.9057,0
43.1708,2.25097,0,0,2.03385,0.105576,0.36288,3.6288,59.0495,0.271212,0,0,0.691801,0.296531,0,0.66528,12.849,1,0.659486,0.36288,0,29.471,6.52848,22.646,0.84672,12.849,0.84672,3695.15,0,18.483,0.0850705,1.81084,1.6145,4.28211,1.60388,6.0185,0.42336,0,0,18.483,0.42336,442.007,0,1.02816,0,0,2.839,1.81084,1.028160,1,0,28.6645,0,0,0,28.6645,0
43.362,2.24364,0,0,2.90247,0.104749,0.36288,3.6288,59.6196,0.271699,0,0,1.13858,0.296767,0,0.66528,12.849,1,0.667779,0.36288,0,54.5127,6.52848,47.6793,0.84672,12.849,0.84672,3695.15,0,18.483,0.0850442,3.76516,1.61504,8.02766,1.60388,11.7189,0.42336,0,0,18.483,0.42336,442.007,0,1.02816,0,0,4.79332,3.76516,1.028160,1,0,59.3983,0,0,0,59.3983,0
43.1276,2.18862,0,0,2.43574,0.118658,0.36288,3.6288,59.9727,0.224015,0,0,0.869409,0.292241,0,0.66528,12.849,1,0.648532,0.36288,0,72.9747,6.51548,66.1736,0.84672,12.849,0.84672,3695.15,0,18.483,0.0694482,2.60207,1.61558,5.29228,1.60972,7.83076,0.42336,0,0,18.483,0.42336,442.007,0,1.02816,0,0,3.63023,2.60207,1.028160,1,0,74.0044,0,0,0,74.0044,0
41.4324,2.18664,0,0,1.02494,0.170552,0.36288,3.6288,60.034,0.224664,0,0,0.454524,0.168644,0,0.66528,12.849,1,0.651464,0.36288,0,19.6695,3.79271,15.5882,0.84672,12.849,0.84672,3695.15,0,18.483,0.0692392,0.50021,1.55277,3.12503,0.956662,4.15211,0.42336,0,0,18.483,0.42336,442.007,0,1.02816,0,0,1.52837,0.50021,1.028160,1,0,19.7403,0,0,0,19.7403,0
40.9456,2.16701,0,0,2.21028,0.167221,0.36288,3.6288,60.1307,0.225054,0,0,0.490458,0.16871,0,0.66528,12.849,1,0.672032,0.36288,0,37.1578,3.79271,33.0559,0.84672,12.849,0.84672,3695.15,0,18.483,0.0692888,0.414789,1.55329,5.16264,0.956662,6.10477,0.42336,0,0,18.483,0.42336,442.007,0,1.02816,0,0,1.44295,0.414789,1.028160,1,0,39.1607,0,0,0,39.1607,0
42.7006,2.16165,0,0,4.44576,0.166264,0.36288,3.6288,60.9827,0.225476,0,0,1.24635,0.168813,0,0.66528,12.849,1,0.678339,0.36288,0,61.1011,3.79271,56.993,0.84672,12.849,0.84672,3695.15,0,18.483,0.069307,2.35212,1.5538,8.92279,0.956662,11.8027,0.42336,0,0,18.483,0.42336,442.007,0,1.02816,0,0,3.38028,2.35212,1.028160,1,0,68.7957,0,0,0,68.7957,0
42.874,2.01934,0,0,2.72537,0.169713,0.36288,3.6288,61.308,0.124546,0,0,1.03533,0.16973,0.415768,0.66528,12.849,1,0.607638,0.36288,0,36.4641,3.79271,32.4266,0.84672,12.849,0.84672,3695.15,0,18.483,0.037748,2.06536,1.55432,8.96445,0.956662,11.5897,0.42336,0,0,18.483,0.42336,442.007,0,1.02816,0,0,3.09352,2.06536,1.028160,1,0,44.4321,0,0,0,44.4321,0
42.5607,2.0219,0,0,2.27015,0.198649,0.36288,3.6288,61.308,0.125004,0,0,0.722748,0.192405,0.40534,0.66528,12.849,1,0.605948,0.36288,0,46.5495,4.0838,42.2226,0.84672,12.849,0.84672,3695.15,0,18.483,0.0376858,0.953951,1.41204,5.95541,1.04812,7.2356,0.42336,0,0,18.483,0.42336,442.007,0,1.02816,0,0,1.98211,0.953951,1.028160,1,0,49.8635,0,0,0,49.8635,0
42.6024,2.01915,0,0,2.62179,0.198059,0.36288,3.6288,61.308,0.125308,0,0,0.871966,0.196506,0.550152,0.66528,12.849,1,0.609577,0.36288,0,62.3137,4.11904,57.9479,0.84672,12.849,0.84672,3695.15,0,18.483,0.0377775,1.32402,1.41251,6.24519,1.06575,7.87819,0.42336,0,0,18.483,0.42336,442.007,0,1.02816,0,0,2.35218,1.32402,1.028160,1,0,66.3763,0,0,0,66.3763,0
42.3553,2.02028,0,0,2.33421,0.198155,0.36288,3.6288,61.308,0.125612,0,0,0.78389,0.196506,0.461772,0.66528,12.849,1,0.609321,0.36288,0,53.3455,4.11904,48.98,0.84672,12.849,0.84672,3695.15,0,18.483,0.0378693,0.91679,1.41298,4.69616,1.06575,5.92231,0.42336,0,0,18.483,0.42336,442.007,0,1.02816,0,0,1.94495,0.91679,1.028160,1,0,55.3641,0,0,0,55.3641,0
42.2505,2.01822,0,0,2.47072,0.194445,0.36288,3.6288,61.308,0.125917,0,0,0.794474,0.21575,0.452808,0.66528,12.849,1,0.612252,0.36288,0,46.195,3.77057,42.175,0.84672,12.849,0.84672,3695.15,0,18.483,0.037961,1.01967,1.41345,4.88621,0.956425,6.32494,0.42336,0,0,18.483,0.42336,442.007,0,1.02816,0,0,2.04783,1.01967,1.028160,1,0,48.9528,0,0,0,48.9528,0
43.0072,2.08092,0,0,3.38435,0.18384,0.36288,3.6288,61.308,0.155838,0,0,1.16523,0.23719,0.772206,0.66528,12.849,1,0.632838,0.36288,0,63.9954,3.96174,59.7637,0.84672,12.849,0.84672,3695.15,0,18.483,0.0469817,1.82406,1.41392,6.77676,0.999055,8.9687,0.42336,0,0,18.483,0.42336,442.007,0,1.02816,0,0,2.85222,1.82406,1.028160,1,0,69.5046,0,0,0,69.5046,0
44.644,2.09016,0,0,4.26178,0.171942,0.36288,3.6288,61.308,0.156141,0,0,1.10285,0.281537,0.665174,0.66528,12.849,1,0.624465,0.36288,0,83.0468,5.55901,77.2262,0.84672,12.849,0.84672,3695.15,0,18.483,0.047073,1.36376,1.45961,6.49321,1.43719,7.83232,0.42336,0,0,18.483,0.42336,442.007,0,1.02816,0,0,2.39192,1.36376,1.028160,1,0,85.7237,0,0,0,85.7237,0
46.1287,2.10862,0,0,4.13135,0.17519,0.36288,3.6288,61.308,0.156444,0,0,1.27455,0.281537,0.836566,0.66528,12.849,1,0.606881,0.36288,0,83.5237,5.55901,77.7207,0.84672,12.849,0.84672,3695.15,0,18.483,0.0471644,1.69158,1.46008,6.33673,1.43719,8.00404,0.42336,0,0,18.483,0.42336,442.007,0,1.02816,0,0,2.71974,1.69158,1.028160,1,0,86.5613,0,0,0,86.5613,0
46.4721,2.12457,0,0,3.04254,0.211675,0.36288,3.6288,61.308,0.156747,0,0,0.871232,0.267145,0.44734,0.66528,12.849,1,0.591793,0.36288,0,59.5776,4.9192,54.4295,0.84672,12.849,0.84672,3695.15,0,18.483,0.0472557,0.893048,1.46055,3.85655,1.25569,4.9072,0.42336,0,0,18.483,0.42336,442.007,0,1.02816,0,0,1.92121,0.893048,1.028160,1,0,59.7841,0,0,0,59.7841,0
46.5984,2.33631,0,0,3.08292,0.257374,0.36288,3.6288,61.308,0.268402,0,0,0.784452,0.247955,0.268094,0.66528,12.849,1,0.645962,0.36288,0,66.1455,4.06612,61.7963,0.84672,12.849,0.84672,3695.15,0,18.483,0.0809173,0.899891,1.46102,3.85035,1.01369,5.11664,0.42336,0,0,18.483,0.42336,442.007,0,1.02816,0,0,1.92805,0.899891,1.028160,1,0,67.181,0,0,0,67.181,0
46.8705,2.33843,0,0,3.19925,0.225895,0.36288,3.6288,61.308,0.28713,0,0,0.762844,0.254883,0.220831,0.66528,12.849,1,0.644795,0.36288,0,82.1448,4.06379,77.7991,0.84672,12.849,0.84672,3695.15,0,18.483,0.0865632,0.503194,1.62312,4.73285,1.13361,5.639,0.42336,0,0,18.483,0.42336,442.007,0,1.00423,0,0,1.50742,0.503194,1.028160,1,0,83.6589,0,0,0,83.6589,0
47.9693,2.34211,0,0,4.02506,0.221254,0.36288,3.6288,61.308,0.26908,0,0,1.10633,0.256038,0.581217,0.66528,12.849,1,0.642063,0.36288,0,101.774,4.0634,97.4314,0.84672,12.849,0.84672,3695.15,0,18.483,0.0811215,1.74034,1.62364,6.36691,1.15359,8.49617,0.42336,0,0,18.483,0.42336,442.007,0,1.02816,0,0,2.7685,1.74034,1.028160,1,0,106.509,0,0,0,106.509,0
49.6405,2.35447,0,0,4.61779,0.229311,0.36288,3.6288,61.308,0.269418,0,0,1.30048,0.2527,0.778366,0.66528,12.849,1,0.630665,0.36288,0,108.377,4.06232,104.047,0.84672,12.849,0.84672,3695.15,0,18.483,0.0812237,1.64475,1.62416,6.90064,1.15723,8.93109,0.42336,0,0,18.483,0.42336,442.007,0,1.02816,0,0,2.67291,1.64475,1.028160,1,0,113.756,0,0,0,113.756,0
51.3907,2.07141,0,0,4.45089,0.266304,0.36288,3.6288,61.308,0.12013,0,0,1.46019,0.232675,1.10739,0.66528,12.849,1,0.536167,0.36288,0,94.2546,4.05583,90.0255,0.84672,12.849,0.84672,3695.15,0,18.483,0.0362165,1.93929,1.62468,8.51982,1.17908,10.8685,0.42336,0,0,18.483,0.42336,442.007,0,1.02816,0,0,2.96745,1.93929,1.028160,1,0,102.001,0,0,0,102.001,0
51.4266,2.08669,0,0,2.73751,0.25205,0.36288,3.6288,61.308,0.120421,0,0,1.11427,0.16743,0.826415,0.66528,12.849,1,0.521726,0.36288,0,72.9734,3.44851,69.3661,0.84672,12.849,0.84672,3695.15,0,18.483,0.0363043,1.0425,1.40381,6.49643,0.837315,8.06913,0.42336,0,0,18.483,0.42336,442.007,0,1.02816,0,0,2.07066,1.0425,1.028160,1,0,78.2616,0,0,0,78.2616,0
52.7557,2.08765,0,0,4.02852,0.248943,0.36288,3.6288,61.308,0.120712,0,0,1.52131,0.156555,1.24404,0.66528,12.849,1,0.521601,0.36288,0,88.0469,3.34729,84.5409,0.84672,12.849,0.84672,3695.15,0,18.483,0.0363921,2.47065,1.40426,7.42789,0.780354,10.486,0.42336,0,0,18.483,0.42336,442.007,0,1.02816,0,0,3.49881,2.47065,1.028160,1,0,96.2709,0,0,0,96.2709,0
53.6367,2.09889,0,0,3.59516,0.252389,0.36288,3.6288,61.308,0.121004,0,0,1.02149,0.156555,0.743931,0.66528,12.849,1,0.511198,0.36288,0,71.6297,3.34729,68.1341,0.84672,12.849,0.84672,3695.15,0,18.483,0.0364799,1.26864,1.40471,5.46106,0.780354,7.31757,0.42336,0,0,18.483,0.42336,442.007,0,1.02816,0,0,2.2968,1.26864,1.028160,1,0,76.1956,0,0,0,76.1956,0
53.4339,2.10633,0,0,2.5211,0.254674,0.36288,3.6288,61.308,0.121295,0,0,0.807062,0.156555,0.529212,0.66528,12.849,1,0.504585,0.36288,0,72.4153,3.34729,68.9263,0.84672,12.849,0.84672,3695.15,0,18.483,0.0365677,0.794837,1.40516,4.62536,0.780354,6.00844,0.42336,0,0,18.483,0.42336,442.007,0,1.02816,0,0,1.823,0.794837,1.028160,1,0,75.4639,0,0,0,75.4639,0
52.6431,2.18239,0,0,2.00535,0.250862,0.36288,3.6288,61.308,0.158249,0,0,0.718921,0.155403,0.405269,0.66528,12.849,1,0.524789,0.36288,0,56.854,3.2155,53.4766,0.84672,12.849,0.84672,3695.15,0,18.483,0.0477086,0.590458,1.40561,4.70877,0.754019,5.90311,0.42336,0,0,18.483,0.42336,442.007,0,1.02816,0,0,1.61862,0.590458,1.028160,1,0,59.785,0,0,0,59.785,0
52.2871,2.17675,0,0,2.45036,0.266766,0.36288,3.6288,61.308,0.158552,0,0,0.991976,0.167905,0.665519,0.66528,12.849,1,0.531296,0.36288,0,70.4851,3.24324,67.0735,0.84672,12.849,0.84672,3695.15,0,18.483,0.0478,0.946305,1.46081,5.74314,0.74813,7.35432,0.42336,0,0,18.483,0.42336,442.007,0,1.02816,0,0,1.97446,0.946305,1.028160,1,0,75.0933,0,0,0,75.0933,0
51.4561,2.17454,0,0,1.97222,0.265789,0.36288,3.6288,61.308,0.158856,0,0,0.825276,0.167905,0.498515,0.66528,12.849,1,0.534371,0.36288,0,53.681,3.24324,50.2663,0.84672,12.849,0.84672,3695.15,0,18.483,0.0478914,0.816947,1.46127,4.69358,0.74813,6.17577,0.42336,0,0,18.483,0.42336,442.007,0,1.02816,0,0,1.84511,0.816947,1.028160,1,0,56.9406,0,0,0,56.9406,0
50.6076,2.16833,0,0,1.94291,0.260162,0.36288,3.6288,61.308,0.159159,0,0,0.685575,0.159058,0.367358,0.66528,12.849,1,0.541449,0.36288,0,50.118,3.06788,46.8715,0.84672,12.849,0.84672,3695.15,0,18.483,0.0479829,1.15872,1.46174,3.99584,0.723557,5.84475,0.42336,0,0,18.483,0.42336,442.007,0,1.02816,0,0,2.18688,1.15872,1.028160,1,0,53.0836,0,0,0,53.0836,0
49.9305,2.13199,0,0,2.04916,0.231402,0.36288,3.6288,61.308,0.145205,0,0,0.648485,0.124726,0.378555,0.66528,12.849,1,0.541299,0.36288,0,48.5902,2.36635,46.0455,0.84672,12.849,0.84672,3695.15,0,18.483,0.0437759,0.997704,1.46221,3.33024,0.625046,5.12132,0.42336,0,0,18.483,0.42336,442.007,0,1.02816,0,0,2.02586,0.997704,1.028160,1,0,51.5453,0,0,0,51.5453,0
49.2788,2.12683,0,0,2.02862,0.190689,0.36288,3.6288,61.308,0.145503,0,0,0.692817,0.237206,0.310108,0.66528,12.849,1,0.547312,0.36288,0,40.7763,4.47037,36.1215,0.84672,12.849,0.84672,3695.15,0,18.483,0.043866,0.882153,1.44134,3.97172,0.918623,5.33272,0.42336,0,0,18.483,0.42336,442.007,0,1.02816,0,0,1.91031,0.882153,1.028160,1,0,41.7643,0,0,0,41.7643,0
48.2024,2.12176,0,0,1.59762,0.18937,0.36288,3.6288,61.308,0.197822,0,0,0.524784,0.237206,0.0897558,0.66528,12.849,1,0.553231,0.36288,0,33.8288,4.47037,29.1681,0.84672,12.849,0.84672,3695.15,0,18.483,0.059639,0.528595,1.4418,3.13002,0.918623,4.12215,0.42336,0,0,18.483,0.42336,442.007,0,0.960457,0,0,1.48905,0.528595,1.028160,1,0,33.38,0,0,0,33.38,0
46.9431,2.11268,0,0,1.40347,0.187176,0.36288,3.6288,61.308,0.186331,0,0,0.505646,0.237206,0.0821085,0.66528,12.849,1,0.563165,0.36288,0,31.4383,4.47037,26.7676,0.84672,12.849,0.84672,3695.15,0,18.483,0.0561747,0.402797,1.44226,3.07168,0.918623,3.94193,0.42336,0,0,18.483,0.42336,442.007,0,0.975802,0,0,1.3786,0.402797,1.028160,1,0,30.7917,0,0,0,30.7917,0
45.786,2.20118,0,0,1.59154,0.18461,0.36288,3.6288,61.2847,0.313966,0,0,0.527825,0.237206,0,0.66528,12.849,1,0.602495,0.36288,0,35.253,4.47037,30.543,0.84672,12.849,0.84672,3695.15,0,18.483,0.0946537,0.402797,1.44272,3.55339,0.918623,4.38563,0.42336,0,0,18.483,0.42336,442.007,0,0.875966,0,0,1.27876,0.402797,1.028160,1,0,34.9287,0,0,0,34.9287,0
44.637,2.18999,0,0,1.54203,0.138152,0.36288,3.6288,61.308,0.258872,0,0,0.548658,0.231634,0.0348041,0.66528,12.849,1,0.614581,0.36288,0,33.4341,4.68801,28.4944,0.84672,12.849,0.84672,3695.15,0,18.483,0.078074,0.402797,1.51788,3.39584,0.969812,4.26863,0.42336,0,0,18.483,0.42336,442.007,0,0.94805,0,0,1.35085,0.402797,1.028160,1,0,32.7978,0,0,0,32.7978,0
43.4795,2.1784,0,0,1.51693,0.13316,0.36288,3.6288,61.308,0.197657,0,0,0.549184,0.220972,0.130555,0.66528,12.849,1,0.627066,0.36288,0,32.3046,4.66473,27.3757,0.84672,12.849,0.84672,3695.15,0,18.483,0.0595893,0.41377,1.51837,3.33692,0.966334,4.24313,0.42336,0,0,18.483,0.42336,442.007,0,1.02816,0,0,1.44193,0.41377,1.028160,1,0,31.7494,0,0,0,31.7494,0
42.1597,2.16621,0,0,1.32977,0.120434,0.36288,3.6288,61.308,0.197973,0,0,0.511615,0.230415,0.0832269,0.66528,12.849,1,0.640156,0.36288,0,28.8624,4.77183,23.8132,0.84672,12.849,0.84672,3695.15,0,18.483,0.0596844,0.316189,1.51885,3.23754,0.993698,4.01919,0.42336,0,0,18.483,0.42336,442.007,0,1.02816,0,0,1.34435,0.316189,1.028160,1,0,27.9157,0,0,0,27.9157,0
40.8118,2.15154,0,0,1.25808,0.0915757,0.36288,3.6288,61.308,0.23664,0,0,0.491892,0.254024,0.00122915,0.66528,12.849,1,0.655723,0.36288,0,26.3841,5.03958,21.0516,0.84672,12.849,0.84672,3695.15,0,18.483,0.0713416,0.30119,1.51934,3.11456,1.06211,3.80164,0.42336,0,0,18.483,0.42336,442.007,0,0.978247,0,0,1.27944,0.30119,1.028160,1,0,24.8545,0,0,0,24.8545,0
39.4714,2.11662,0,0,1.22367,0.0845517,0.36288,3.6288,61.163,0.390825,0,0,0.508514,0.262707,0,0.66528,12.849,1,0.666387,0.36288,0,25.1811,5.11801,19.7596,0.84672,12.849,0.84672,3695.15,0,18.483,0.117825,0.30119,1.51982,2.70661,1.1086,3.30119,0.42336,0,0,18.483,0.42336,442.007,0,0.81426,0,0,1.11545,0.30119,1.028160,1,0,23.0608,0,0,0,23.0608,0
38.1678,2.10022,0,0,1.23534,0.0758941,0.36288,3.6288,60.8845,0.53372,0,0,0.529266,0.274034,0,0.66528,12.849,1,0.683677,0.36288,0,24.3028,5.22259,18.7594,0.84672,12.849,0.84672,3695.15,0,18.483,0.161286,0.30119,1.54362,1.9102,1.1706,2.42312,0.42336,0,0,18.483,0.42336,442.007,0,0.628327,0,0,0.929517,0.30119,1.028160,1,0,21.1825,0,0,0,21.1825,0
36.782,2.08341,0,0,1.13525,0.0747557,0.36288,3.6288,60.6224,0.502559,0,0,0.514054,0.273551,0,0.66528,12.849,1,0.701371,0.36288,0,23.919,5.22259,18.3579,0.84672,12.849,0.84672,3695.15,0,18.483,0.152564,0.261274,1.54411,1.9262,1.1706,2.40842,0.42336,0,0,18.483,0.42336,442.007,0,0.668632,0,0,0.929906,0.261274,1.028160,1,0,20.7663,0,0,0,20.7663,0
35.3144,2.06449,0,0,1.03336,0.0735455,0.36288,3.6288,60.2326,0.597557,0,0,0.480796,0.273097,0,0.66528,12.849,1,0.721185,0.36288,0,22.9621,5.22259,17.3812,0.84672,12.849,0.84672,3695.15,0,18.483,0.182188,0.261274,1.5446,1.80948,1.1706,2.26256,0.42336,0,0,18.483,0.42336,442.007,0,0.544432,0,0,0.805706,0.261274,1.028160,1,0,19.6438,0,0,0,19.6438,0
33.7485,2.09085,0,0,0.950201,0.0623687,0.36288,3.6288,59.7617,0.62482,0,0,0.459036,0.305104,0,0.66528,12.849,1,0.760746,0.36288,0,20.3565,5.64605,14.3126,0.84672,12.849,0.84672,3695.15,0,18.483,0.191733,0.261274,1.54509,1.74109,1.32517,2.03056,0.42336,0,0,18.483,0.42336,442.007,0,0.540415,0,0,0.801688,0.261274,1.028160,1,0,16.3432,0,0,0,16.3432,0
32.2414,2.06594,0,0,0.977841,0.0561424,0.36288,3.6288,59.1665,0.694627,0,0,0.428688,0.329265,0,0.66528,12.849,1,0.786562,0.36288,0,22.0004,5.85963,15.7171,0.84672,12.849,0.84672,3695.15,0,18.483,0.214833,0.261274,1.58278,1.78001,1.49428,1.91496,0.42336,0,0,18.483,0.42336,442.007,0,0.447941,0,0,0.709214,0.261274,1.028160,1,0,17.632,0,0,0,17.632,0
30.7099,2.0403,0,0,0.926752,0.0551001,0.36288,3.6288,58.5814,0.640623,0,0,0.383518,0.328014,0,0.66528,12.849,1,0.813112,0.36288,0,19.439,5.85963,13.1292,0.84672,12.849,0.84672,3695.15,0,18.483,0.200124,0.261274,1.58329,1.85916,1.49428,2.00932,0.42336,0,0,18.483,0.42336,442.007,0,0.517087,0,0,0.77836,0.261274,1.028160,1,0,15.1385,0,0,0,15.1385,0
29.1469,2.01236,0,0,0.86635,0.0540316,0.36288,3.6288,57.9448,0.664607,0,0,0.35484,0.326784,0,0.66528,12.849,1,0.841969,0.36288,0,18.4837,5.85963,12.145,0.84672,12.849,0.84672,3695.15,0,18.483,0.20969,0.227405,1.58379,1.63134,1.49428,1.73857,0.42336,0,0,18.483,0.42336,442.007,0,0.48397,0,0,0.711374,0.227405,1.028160,1,0,13.8836,0,0,0,13.8836,0
27.3867,2.19921,0,0,0.854712,0.052911,0.36288,3.6288,57.2877,0.715528,0,0,0.383905,0.325446,0,0.66528,12.849,1,0.84672,0.36288,0,17.1513,5.85963,10.8078,0.84672,12.849,0.84672,3695.15,0,18.483,0.228236,0.227405,1.5843,1.84486,1.49428,1.93405,0.42336,0,0,18.483,0.42336,442.007,0,0.531915,0,0,0.759319,0.227405,1.028160,1,0,12.7418,0,0,0,12.7418,0
25.5927,2.20018,0,0,0.803036,0.0339161,0.36288,3.6288,56.617,0.7424,0,0,0.376175,0.304572,0,0.66528,12.849,1,0.84672,0.36288,0,17.5879,5.7499,11.3542,0.84672,12.849,0.84672,3695.15,0,18.483,0.239524,0.227405,1.71092,1.9964,1.52935,2.16585,0.42336,0,0,18.483,0.42336,442.007,0,0.494225,0,0,0.72163,0.227405,1.028160,1,0,13.52,0,0,0,13.52,0
23.7034,2.20115,0,0,0.702734,0.0280718,0.36288,3.6288,55.8549,0.80723,0,0,0.336887,0.291747,0,0.66528,12.849,1,0.84672,0.36288,0,15.7415,5.47837,9.77926,0.84672,12.849,0.84672,3695.15,0,18.483,0.263526,0.227405,1.71146,1.62264,1.51031,1.78767,0.42336,0,0,18.483,0.42336,442.007,0,0.405864,0,0,0.633269,0.227405,1.028160,1,0,11.5669,0,0,0,11.5669,0
22.0815,2.20212,0,0,0.970445,0.0273167,0.36288,3.6288,55.2142,0.723449,0,0,0.373094,0.290299,0,0.66528,12.849,1,0.84672,0.36288,0,16.8849,5.47837,10.9227,0.84672,12.849,0.84672,3695.15,0,18.483,0.239397,0.204422,1.71201,1.80887,1.51031,1.97559,0.42336,0,0,18.483,0.42336,442.007,0,0.514244,0,0,0.718667,0.204422,1.028160,1,0,12.8983,0,0,0,12.8983,0
20.8854,2.20309,0,0,1.41289,0.0430121,0.36288,3.6288,54.7745,0.654394,0,0,0.49663,0.281995,0,0.66528,12.849,1,0.84672,0.36288,0,28.1758,5.33846,22.3535,0.84672,12.849,0.84672,3695.15,0,18.483,0.219059,0.204422,1.71255,2.01159,1.48795,2.22156,0.42336,0,0,18.483,0.42336,442.007,0,0.604109,0,0,0.808531,0.204422,1.028160,1,0,24.5751,0,0,0,24.5751,0
19.6318,2.01499,0,0,1.15106,0.0267437,0.36288,3.6288,54.3955,0.563322,0,0,0.457864,0.27347,0,0.66528,12.849,1,0.84672,0.36288,0,28.7222,5.32836,22.91,0.84672,12.849,0.84672,3695.15,0,18.483,0.190086,0.204422,1.7131,1.5819,1.44062,1.86871,0.42336,0,0,18.483,0.42336,442.007,0,0.60785,0,0,0.812272,0.204422,1.028160,1,0,24.7787,0,0,0,24.7787,0
18.0854,2.0159,0,0,0.833907,0.00159873,0.36288,3.6288,54.5442,0.248944,0,0,0.667184,0.269527,0,0.66528,12.849,1,0.84672,0.36288,0,14.9393,4.80449,9.65093,0.84672,12.849,0.84672,3695.15,0,18.483,0.0845883,0.640077,1.58799,1.80911,1.33916,2.61343,0.42336,0,0,18.483,0.42336,442.007,0,1.02816,0,0,1.66824,0.640077,1.028160,1,0,12.2644,0,0,0,12.2644,0
16.348,2.06484,0,0,0.691943,0.00156422,0.36288,3.6288,54.0822,0.551104,0,0,0.358844,0.269792,0,0.66528,12.849,1,0.84672,0.36288,0,14.3138,4.80449,9.02548,0.84672,12.849,0.84672,3695.15,0,18.483,0.186748,0.216518,1.5885,1.34731,1.33916,1.62642,0.42336,0,0,18.483,0.42336,442.007,0,0.647119,0,0,0.863637,0.216518,1.028160,1,0,10.6519,0,0,0,10.6519,0
14.8815,2.06577,0,0,0.995198,0.0330526,0.36288,3.6288,53.8294,0.468593,0,0,0.441393,0.225562,0,0.66528,12.849,1,0.84672,0.36288,0,16.7058,4.18159,12.0404,0.84672,12.849,0.84672,3695.15,0,18.483,0.160145,0.216518,1.61566,1.48256,1.14447,2.01012,0.42336,0,0,18.483,0.42336,442.007,0,0.756674,0,0,0.973192,0.216518,1.028160,1,0,14.0505,0,0,0,14.0505,0
14.8856,1.99144,0,0,2.43133,0.0728914,0.36288,3.6288,54.3502,0.218802,0,0,0.906975,0.167406,0,0.66528,12.849,1,0.84672,0.36288,0,50.3811,3.35108,46.5462,0.84672,12.849,0.84672,3695.15,0,18.483,0.0751285,0.521934,1.61617,3.94891,0.884878,5.12701,0.42336,0,0,18.483,0.42336,442.007,0,1.02816,0,0,1.55009,0.521934,1.028160,1,0,51.6732,0,0,0,51.6732,0
13.6083,2.03917,0,0,1.19928,0.0745069,0.36288,3.6288,54.4995,0.235933,0,0,0.577581,0.192335,0,0.66528,12.849,1,0.84672,0.36288,0,20.8775,3.7847,16.609,0.84672,12.849,0.84672,3695.15,0,18.483,0.0802342,0.419891,1.55332,1.73441,1.05428,2.57311,0.42336,0,0,18.483,0.42336,442.007,0,1.02816,0,0,1.44805,0.419891,1.028160,1,0,19.1821,0,0,0,19.1821,0
13.4761,2.04009,0,0,2.34349,0.0727577,0.36288,3.6288,54.6924,0.236417,0,0,0.625871,0.196587,0,0.66528,12.849,1,0.84672,0.36288,0,32.8402,3.85697,28.4994,0.84672,12.849,0.84672,3695.15,0,18.483,0.0801785,0.350317,1.57944,2.78727,1.08251,3.55434,0.42336,0,0,18.483,0.42336,442.007,0,1.02816,0,0,1.37848,0.350317,1.028160,1,0,32.0537,0,0,0,32.0537,0
15.7134,2.04101,0,0,4.71369,0.0725488,0.36288,3.6288,55.849,0.236948,0,0,1.59044,0.196837,0,0.66528,12.849,1,0.84672,0.36288,0,54.0005,3.85697,49.6597,0.84672,12.849,0.84672,3695.15,0,18.483,0.0800754,2.20109,1.57995,4.81742,1.08251,7.43587,0.42336,0,0,18.483,0.42336,442.007,0,1.02816,0,0,3.22925,2.20109,1.028160,1,0,57.0956,0,0,0,57.0956,0
16.3396,1.82438,0,0,2.8896,0.0760825,0.36288,3.6288,56.8349,0.136963,0,0,1.32119,0.19834,0,0.66528,12.849,1,0.84672,0.36288,0,32.2271,3.85697,27.8863,0.84672,12.849,0.84672,3695.15,0,18.483,0.0453272,1.92716,1.58045,4.83989,1.08251,7.21966,0.42336,0,0,18.483,0.42336,442.007,0,1.02816,0,0,2.95532,1.92716,1.028160,1,0,35.106,0,0,0,35.106,0
17.5953,1.82523,0,0,3.56829,0.124525,0.36288,3.6288,57.7075,0.137847,0,0,1.2229,0.212441,0,0.66528,12.849,1,0.84672,0.36288,0,54.7345,4.20455,50.0461,0.84672,12.849,0.84672,3695.15,0,18.483,0.0448285,0.951964,1.43576,5.83038,1.11457,7.0587,0.42336,0,0,18.483,0.42336,442.007,0,1.02816,0,0,1.98012,0.951964,1.028160,1,0,57.1048,0,0,0,57.1048,0
18.6406,1.78271,0,0,3.33365,0.142752,0.36288,3.6288,59.6162,0.123766,0,0,2.24401,0.21152,0,0.66528,12.849,1,0.84672,0.36288,0,51.1764,4.26226,46.4303,0.84672,12.849,0.84672,3695.15,0,18.483,0.0396407,1.33591,1.43622,8.45381,1.09124,10.0951,0.42336,0,0,18.483,0.42336,442.007,0,1.02816,0,0,2.36407,1.33591,1.028160,1,0,56.5254,0,0,0,56.5254,0
22.6377,1.78355,0,0,6.2885,0.144896,0.36288,3.6288,61.308,0.125024,0,0,3.86098,0.214131,1.83008,0.66528,12.849,1,0.84672,0.36288,0,137.1,4.26226,132.353,0.84672,12.849,0.84672,3695.15,0,18.483,0.0387617,2.42044,1.41336,10.5055,1.09124,13.2094,0.42336,0,0,18.483,0.42336,442.007,0,1.02816,0,0,3.4486,2.42044,1.028160,1,0,147.393,0,0,0,147.393,0
26.0908,1.82779,0,0,5.78809,0.144339,0.36288,3.6288,61.308,0.141249,0,0,3.11713,0.221593,2.75429,0.66528,12.849,1,0.84672,0.36288,0,119.302,3.51845,115.3,0.84672,12.849,0.84672,3695.15,0,18.483,0.0425835,3.61929,1.41381,10.1783,0.999319,14.1695,0.42336,0,0,18.483,0.42336,442.007,0,1.02816,0,0,4.64745,3.61929,1.028160,1,0,132.223,0,0,0,132.223,0
28.2154,1.82779,0,0,4.46591,0.150683,0.36288,3.6288,61.308,0.141249,0,0,1.80454,0.214942,1.44835,0.66528,12.849,1,0.84672,0.36288,0,86.2812,3.5256,82.2718,0.84672,12.849,0.84672,3695.15,0,18.483,0.0425835,1.61398,1.43759,8.56673,0.987942,10.5878,0.42336,0,0,18.483,0.42336,442.007,0,1.02816,0,0,2.64214,1.61398,1.028160,1,0,94.3079,0,0,0,94.3079,0
27.94,1.91243,0,0,2.14948,0.14951,0.36288,3.6288,61.308,0.313831,0,0,0.783043,0.175034,0.294179,0.66528,12.849,1,0.84672,0.36288,0,32.1157,3.56853,28.0634,0.84672,12.849,0.84672,3695.15,0,18.483,0.094613,0.412474,1.43759,2.6835,0.919683,3.51926,0.42336,0,0,18.483,0.42336,442.007,0,0.843126,0,0,1.2556,0.412474,1.028160,1,0,31.8768,0,0,0,31.8768,0
29.7645,1.91327,0,0,4.24959,0.148945,0.36288,3.6288,61.308,0.171953,0,0,1.55836,0.175034,1.21138,0.66528,12.849,1,0.84672,0.36288,0,83.1839,3.56853,79.1316,0.84672,12.849,0.84672,3695.15,0,18.483,0.05184,1.2104,1.48403,5.93952,0.919683,7.66243,0.42336,0,0,18.483,0.42336,442.007,0,1.02816,0,0,2.23856,1.2104,1.028160,1,0,88.0054,0,0,0,88.0054,0
33.2951,1.92838,0,0,5.97449,0.152689,0.36288,3.6288,61.308,0.172248,0,0,3.16996,0.175034,2.82268,0.66528,12.849,1,0.832459,0.36288,0,134.353,3.56853,130.315,0.84672,12.849,0.84672,3695.15,0,18.483,0.0519288,3.35203,1.48448,10.2572,0.919683,14.1221,0.42336,0,0,18.483,0.42336,442.007,0,1.02816,0,0,4.38019,3.35203,1.028160,1,0,147.26,0,0,0,147.26,0
38.9914,1.99268,0,0,8.25215,0.200272,0.36288,3.6288,61.308,0.172542,0,0,3.21387,0.203905,2.83742,0.66528,12.849,1,0.769002,0.36288,0,216.948,4.11726,212.424,0.84672,12.849,0.84672,3695.15,0,18.483,0.0520177,5.20128,1.48494,11.9191,1.06049,17.4928,0.42336,0,0,18.483,0.42336,442.007,0,1.02816,0,0,6.22944,5.20128,1.028160,1,0,232.755,0,0,0,232.755,0
42.2469,2.28048,0,0,6.08831,0.189464,0.36288,3.6288,61.308,0.286046,0,0,2.88935,0.185939,2.41736,0.66528,12.849,1,0.751498,0.36288,0,266.44,3.45549,262.596,0.84672,12.849,0.84672,3695.15,0,18.483,0.0862364,3.46728,1.48539,9.61366,0.992468,13.4876,0.42336,0,0,18.483,0.42336,442.007,0,1.02816,0,0,4.49544,3.46728,1.028160,1,0,278.501,0,0,0,278.501,0
43.368,2.3256,0,0,3.99311,0.183476,0.36288,3.6288,61.308,0.286375,0,0,1.95856,0.176828,1.49536,0.66528,12.849,1,0.70731,0.36288,0,88.8296,3.1542,85.3309,0.84672,12.849,0.84672,3695.15,0,18.483,0.0863357,1.88986,1.65017,5.96673,0.955874,8.46456,0.42336,0,0,18.483,0.42336,442.007,0,1.02816,0,0,2.91802,1.88986,1.028160,1,0,95.2909,0,0,0,95.2909,0
44.1431,2.34042,0,0,3.66422,0.185871,0.36288,3.6288,61.308,0.286705,0,0,2.15749,0.176828,1.69396,0.66528,12.849,1,0.693416,0.36288,0,81.686,3.1542,78.2013,0.84672,12.849,0.84672,3695.15,0,18.483,0.0864351,2.23569,1.65068,6.32924,0.955874,9.1733,0.42336,0,0,18.483,0.42336,442.007,0,1.02816,0,0,3.26385,2.23569,1.028160,1,0,89.0685,0,0,0,89.0685,0
44.5141,2.35057,0,0,3.30538,0.220862,0.36288,3.6288,61.308,0.287034,0,0,1.90574,0.154218,1.46449,0.66528,12.849,1,0.684196,0.36288,0,75.6138,3.28551,72.007,0.84672,12.849,0.84672,3695.15,0,18.483,0.0865344,1.85184,1.65119,6.07798,0.898374,8.5961,0.42336,0,0,18.483,0.42336,442.007,0,1.02816,0,0,2.88,1.85184,1.028160,1,0,82.0676,0,0,0,82.0676,0
48.9907,2.05712,0,0,7.1434,0.246867,0.36288,3.6288,61.308,0.135251,0,0,7.30586,0.190734,6.97988,0.66528,12.849,1,0.593786,0.36288,0,151.625,3.41067,147.984,0.84672,12.849,0.84672,3695.15,0,18.483,0.040775,9.05665,1.65169,19.7299,0.910973,29.4865,0.42336,0,0,18.483,0.42336,442.007,0,1.02816,0,0,10.0848,9.05665,1.028160,1,0,184.45,0,0,0,184.45,0
52.8592,2.10074,0,0,6.59971,0.267596,0.36288,3.6288,61.308,0.135534,0,0,6.08471,0.206848,5.74233,0.66528,12.849,1,0.550971,0.36288,0,266.135,3.45198,262.495,0.84672,12.849,0.84672,3695.15,0,18.483,0.0408604,6.55202,1.42713,14.877,0.919846,21.8954,0.42336,0,0,18.483,0.42336,442.007,0,1.02816,0,0,7.58018,6.55202,1.028160,1,0,290.133,0,0,0,290.133,0
56.3238,2.13383,0,0,6.24006,0.278676,0.36288,3.6288,61.308,0.135817,0,0,4.89105,0.206848,4.54839,0.66528,12.849,1,0.518692,0.36288,0,270.827,3.45198,267.219,0.84672,12.849,0.84672,3695.15,0,18.483,0.0409458,5.51218,1.42757,12.3075,0.919846,18.2865,0.42336,0,0,18.483,0.42336,442.007,0,1.02816,0,0,6.54034,5.51218,1.028160,1,0,290.054,0,0,0,290.054,0
58.1331,2.16047,0,0,4.59309,0.260489,0.36288,3.6288,61.308,0.1361,0,0,3.33522,0.230425,2.9687,0.66528,12.849,1,0.492863,0.36288,0,191.299,3.68895,187.48,0.84672,12.849,0.84672,3695.15,0,18.483,0.0410312,3.15451,1.42801,9.21802,1.00897,12.7505,0.42336,0,0,18.483,0.42336,442.007,0,1.02816,0,0,4.18267,3.15451,1.028160,1,0,203.199,0,0,0,203.199,0
60.0229,2.1737,0,0,4.62368,0.197302,0.36288,3.6288,61.308,0.136384,0,0,3.67447,0.2361,3.30199,0.66528,12.849,1,0.480447,0.36288,0,184.27,4.18827,179.965,0.84672,12.849,0.84672,3695.15,0,18.483,0.0411166,3.46046,1.42844,9.84416,1.13086,13.5611,0.42336,0,0,18.483,0.42336,442.007,0,1.02816,0,0,4.48862,3.46046,1.028160,1,0,196.828,0,0,0,196.828,0
61.9741,2.26673,0,0,4.85899,0.278178,0.36288,3.6288,61.308,0.173936,0,0,4.0165,0.206176,3.63639,0.66528,12.849,1,0.485236,0.36288,0,205.019,4.16118,200.735,0.84672,12.849,0.84672,3695.15,0,18.483,0.052438,4.79885,1.42888,11.2064,1.01098,16.3707,0.42336,0,0,18.483,0.42336,442.007,0,1.02816,0,0,5.82701,4.79885,1.028160,1,0,220.742,0,0,0,220.742,0
63.9288,2.28008,0,0,4.89053,0.292815,0.36288,3.6288,61.308,0.174231,0,0,3.6958,0.208043,3.31353,0.66528,12.849,1,0.472726,0.36288,0,195.305,4.25387,190.942,0.84672,12.849,0.84672,3695.15,0,18.483,0.0525269,4.1598,1.48497,10.2972,1.02345,14.866,0.42336,0,0,18.483,0.42336,442.007,0,1.02816,0,0,5.18796,4.1598,1.028160,1,0,209.121,0,0,0,209.121,0
67.8522,2.29282,0,0,6.87664,0.297527,0.36288,3.6288,61.308,0.174526,0,0,5.66108,0.208043,5.27851,0.66528,12.849,1,0.460832,0.36288,0,201.19,4.25387,196.838,0.84672,12.849,0.84672,3695.15,0,18.483,0.0526158,8.13967,1.48543,18.5866,1.02345,27.1357,0.42336,0,0,18.483,0.42336,442.007,0,1.02816,0,0,9.16783,8.13967,1.028160,1,0,229.253,0,0,0,229.253,0
69.9296,2.31593,0,0,5.03726,0.281102,0.36288,3.6288,61.308,0.174821,0,0,4.69049,0.222316,4.29335,0.66528,12.849,1,0.438562,0.36288,0,247.481,4.42838,242.977,0.84672,12.849,0.84672,3695.15,0,18.483,0.0527047,5.27754,1.48588,11.7832,1.0578,17.4361,0.42336,0,0,18.483,0.42336,442.007,0,1.02816,0,0,6.3057,5.27754,1.028160,1,0,264.706,0,0,0,264.706,0
70.2361,2.29557,0,0,3.24706,0.28208,0.36288,3.6288,61.308,0.160623,0,0,1.35242,0.205434,0.986362,0.66528,12.849,1,0.421792,0.36288,0,103.057,4.63775,98.3604,0.84672,12.849,0.84672,3695.15,0,18.483,0.0484244,1.21911,1.48633,5.53845,1.03323,7.16224,0.42336,0,0,18.483,0.42336,442.007,0,1.02816,0,0,2.24727,1.21911,1.028160,1,0,106.509,0,0,0,106.509,0
70.6468,2.29783,0,0,3.35414,0.282748,0.36288,3.6288,61.308,0.160914,0,0,1.57492,0.205434,1.20857,0.66528,12.849,1,0.420365,0.36288,0,104.588,4.63775,99.8928,0.84672,12.849,0.84672,3695.15,0,18.483,0.048512,2.64821,1.4651,5.89405,1.03323,8.92563,0.42336,0,0,18.483,0.42336,442.007,0,1.02816,0,0,3.67637,2.64821,1.028160,1,0,110.027,0,0,0,110.027,0
70.9006,2.3006,0,0,3.15585,0.238543,0.36288,3.6288,61.308,0.161205,0,0,1.4813,0.21947,1.10063,0.66528,12.849,1,0.418425,0.36288,0,93.8909,4.87642,88.9589,0.84672,12.849,0.84672,3695.15,0,18.483,0.0485997,2.61782,1.46555,5.20458,1.13464,8.10471,0.42336,0,0,18.483,0.42336,442.007,0,1.02816,0,0,3.64598,2.61782,1.028160,1,0,98.1642,0,0,0,98.1642,0
70.7841,2.30257,0,0,2.75404,0.205118,0.36288,3.6288,61.308,0.161496,0,0,1.28732,0.229997,0.895824,0.66528,12.849,1,0.417284,0.36288,0,82.0644,5.05543,76.9546,0.84672,12.849,0.84672,3695.15,0,18.483,0.0486873,2.2136,1.466,4.81929,1.2107,7.2395,0.42336,0,0,18.483,0.42336,442.007,0,1.02816,0,0,3.24176,2.2136,1.028160,1,0,85.0899,0,0,0,85.0899,0
70.3052,2.41192,0,0,2.48701,0.19111,0.36288,3.6288,61.308,0.213245,0,0,1.06603,0.247522,0.605263,0.66528,12.849,1,0.437822,0.36288,0,74.5191,5.20837,69.2358,0.84672,12.849,0.84672,3695.15,0,18.483,0.0642885,1.55966,1.46644,4.56049,1.18156,6.34075,0.42336,0,0,18.483,0.42336,442.007,0,1.02816,0,0,2.58782,1.55966,1.028160,1,0,76.1818,0,0,0,76.1818,0
69.6722,2.41014,0,0,2.32014,0.180077,0.36288,3.6288,61.308,0.213551,0,0,1.00781,0.260665,0.533596,0.66528,12.849,1,0.440478,0.36288,0,66.2057,5.32308,60.805,0.84672,12.849,0.84672,3695.15,0,18.483,0.064381,1.26791,1.54282,4.22501,1.1597,5.81166,0.42336,0,0,18.483,0.42336,442.007,0,1.02816,0,0,2.29607,1.26791,1.028160,1,0,67.1503,0,0,0,67.1503,0
68.9522,2.4075,0,0,2.22953,0.179199,0.36288,3.6288,61.308,0.213858,0,0,0.975465,0.260665,0.500941,0.66528,12.849,1,0.443992,0.36288,0,62.9464,5.32308,57.5422,0.84672,12.849,0.84672,3695.15,0,18.483,0.0644734,1.22494,1.54329,3.70468,1.1597,5.24873,0.42336,0,0,18.483,0.42336,442.007,0,1.02816,0,0,2.2531,1.22494,1.028160,1,0,63.2918,0,0,0,63.2918,0
68.1525,2.40432,0,0,2.14566,0.1782,0.36288,3.6288,61.308,0.214165,0,0,0.934779,0.260665,0.459949,0.66528,12.849,1,0.448037,0.36288,0,59.0955,5.32308,53.6873,0.84672,12.849,0.84672,3695.15,0,18.483,0.0645659,1.3682,1.54376,3.12104,1.1597,4.80873,0.42336,0,0,18.483,0.42336,442.007,0,1.02816,0,0,2.39636,1.3682,1.028160,1,0,58.956,0,0,0,58.956,0
67.5209,2.40063,0,0,2.271,0.139061,0.36288,3.6288,61.308,0.214472,0,0,0.888978,0.294827,0.379679,0.66528,12.849,1,0.452599,0.36288,0,52.4928,5.47305,46.9301,0.84672,12.849,0.84672,3695.15,0,18.483,0.0646584,1.17797,1.54424,3.18368,1.27566,4.56556,0.42336,0,0,18.483,0.42336,442.007,0,1.02816,0,0,2.20613,1.17797,1.028160,1,0,51.8753,0,0,0,51.8753,0
67.1578,2.37633,0,0,2.48525,0.109069,0.36288,3.6288,61.308,0.243104,0,0,0.764191,0.278736,0.24235,0.66528,12.849,1,0.452208,0.36288,0,44.8713,5.3655,39.4165,0.84672,12.849,0.84672,3695.15,0,18.483,0.0732905,0.895199,1.54471,3.83503,1.32585,4.87579,0.42336,0,0,18.483,0.42336,442.007,0,1.02816,0,0,1.92336,0.895199,1.028160,1,0,44.5346,0,0,0,44.5346,0
66.5193,2.37501,0,0,2.2081,0.108757,0.36288,3.6288,61.308,0.24342,0,0,0.670205,0.278736,0.148049,0.66528,12.849,1,0.454399,0.36288,0,60.7141,5.3655,55.257,0.84672,12.849,0.84672,3695.15,0,18.483,0.0733856,0.825517,1.56887,4.37687,1.32585,5.37202,0.42336,0,0,18.483,0.42336,442.007,0,1.02816,0,0,1.85368,0.825517,1.028160,1,0,60.7771,0,0,0,60.7771,0
65.6862,2.37207,0,0,2.01003,0.108209,0.36288,3.6288,61.308,0.243735,0,0,0.634156,0.278736,0.111684,0.66528,12.849,1,0.458195,0.36288,0,54.6357,5.3655,49.1749,0.84672,12.849,0.84672,3695.15,0,18.483,0.0734808,0.723401,1.56935,4.09321,1.32585,4.98663,0.42336,0,0,18.483,0.42336,442.007,0,1.02816,0,0,1.75156,0.723401,1.028160,1,0,54.2732,0,0,0,54.2732,0
64.7131,2.36794,0,0,1.86519,0.107494,0.36288,3.6288,61.308,0.244051,0,0,0.585648,0.278736,0.0628603,0.66528,12.849,1,0.463197,0.36288,0,51.7094,5.3655,46.2435,0.84672,12.849,0.84672,3695.15,0,18.483,0.073576,0.636008,1.56983,3.9147,1.32585,4.72111,0.42336,0,0,18.483,0.42336,442.007,0,1.02816,0,0,1.66417,0.636008,1.028160,1,0,51.0275,0,0,0,51.0275,0
63.7466,2.41799,0,0,1.90217,0.0877525,0.36288,3.6288,61.308,0.269642,0,0,0.721892,0.313039,0.139211,0.66528,12.849,1,0.4801,0.36288,0,51.0676,5.69143,45.2589,0.84672,12.849,0.84672,3695.15,0,18.483,0.0812911,0.577947,1.57031,3.28815,1.46831,3.88681,0.42336,0,0,18.483,0.42336,442.007,0,1.02816,0,0,1.60611,0.577947,1.028160,1,0,49.2849,0,0,0,49.2849,0
62.6277,2.41267,0,0,1.74582,0.0891626,0.36288,3.6288,61.308,0.269966,0,0,0.622045,0.309689,0.0423904,0.66528,12.849,1,0.486307,0.36288,0,41.572,5.61908,35.8295,0.84672,12.849,0.84672,3695.15,0,18.483,0.0813886,0.649037,1.60859,3.15432,1.44918,3.88138,0.42336,0,0,18.483,0.42336,442.007,0,1.02816,0,0,1.6772,0.649037,1.028160,1,0,39.7532,0,0,0,39.7532,0
61.3844,2.40619,0,0,1.61411,0.0883531,0.36288,3.6288,61.3049,0.270289,0,0,0.576852,0.309689,0,0.66528,12.849,1,0.493666,0.36288,0,39.8638,5.61908,34.1139,0.84672,12.849,0.84672,3695.15,0,18.483,0.0814862,0.444934,1.60908,2.74266,1.44918,3.26601,0.42336,0,0,18.483,0.42336,442.007,0,1.02816,0,0,1.47309,0.444934,1.028160,1,0,37.3799,0,0,0,37.3799,0
60.1899,2.39866,0,0,1.64996,0.0829588,0.36288,3.6288,61.308,0.27061,0,0,0.640621,0.312272,0.054613,0.66528,12.849,1,0.502088,0.36288,0,37.9144,5.69385,32.0813,0.84672,12.849,0.84672,3695.15,0,18.483,0.081587,0.643706,1.60957,3.39245,1.46411,4.10003,0.42336,0,0,18.483,0.42336,442.007,0,1.02816,0,0,1.67187,0.643706,1.028160,1,0,36.236,0,0,0,36.236,0
58.6425,2.55087,0,0,1.45254,0.0861478,0.36288,3.6288,61.2568,0.362278,0,0,0.611489,0.300406,0,0.66528,12.849,1,0.544546,0.36288,0,32.99,5.49082,27.3175,0.84672,12.849,0.84672,3695.15,0,18.483,0.109219,0.594994,1.61006,3.28831,1.51987,3.86428,0.42336,0,0,18.483,0.42336,442.007,0,1.02816,0,0,1.62315,0.594994,1.028160,1,0,31.1818,0,0,0,31.1818,0
56.7207,2.53986,0,0,1.0813,0.100377,0.36288,3.6288,61.0945,0.36256,0,0,0.518885,0.318658,0,0.66528,12.849,1,0.556502,0.36288,0,25.9829,5.08631,20.703,0.84672,12.849,0.84672,3695.15,0,18.483,0.109395,0.349168,1.73872,2.42689,1.53734,2.86804,0.42336,0,0,18.483,0.42336,442.007,0,1.02816,0,0,1.37733,0.349168,1.028160,1,0,23.571,0,0,0,23.571,0
55.341,2.52526,0,0,1.61141,0.102977,0.36288,3.6288,61.0288,0.362688,0,0,0.614297,0.31726,0,0.66528,12.849,1,0.57205,0.36288,0,33.4467,5.05662,28.1809,0.84672,12.849,0.84672,3695.15,0,18.483,0.109725,0.631135,1.73925,2.65979,1.5337,3.38675,0.42336,0,0,18.483,0.42336,442.007,0,1.02816,0,0,1.65929,0.631135,1.028160,1,0,31.5677,0,0,0,31.5677,0
54.6403,2.51445,0,0,2.29834,0.121629,0.36288,3.6288,61.1518,0.362949,0,0,0.793878,0.307905,0,0.66528,12.849,1,0.583802,0.36288,0,49.063,4.99308,43.849,0.84672,12.849,0.84672,3695.15,0,18.483,0.109922,0.710122,1.73978,2.91219,1.51031,3.74186,0.42336,0,0,18.483,0.42336,442.007,0,1.02816,0,0,1.73828,0.710122,1.028160,1,0,47.5909,0,0,0,47.5909,0
53.0173,2.50916,0,0,1.36276,0.113759,0.36288,3.6288,61.0856,0.363471,0,0,0.591284,0.294059,0,0.66528,12.849,1,0.590043,0.36288,0,49.5938,5.01615,44.3505,0.84672,12.849,0.84672,3695.15,0,18.483,0.109858,0.417053,1.74031,2.08967,1.49956,2.63761,0.42336,0,0,18.483,0.42336,442.007,0,1.02816,0,0,1.44521,0.417053,1.028160,1,0,46.9881,0,0,0,46.9881,0
52.4907,2.41924,0,0,2.37597,0.120461,0.36288,3.6288,61.2484,0.308252,0,0,0.702855,0.231845,0,0.66528,12.849,1,0.586315,0.36288,0,54.2708,4.23801,49.8093,0.84672,12.849,0.84672,3695.15,0,18.483,0.0932695,0.399384,1.74084,4.65853,1.44749,5.258,0.42336,0,0,18.483,0.42336,442.007,0,1.02816,0,0,1.42754,0.399384,1.028160,1,0,55.0673,0,0,0,55.0673,0
50.6605,2.41525,0,0,1.06777,0.119811,0.36288,3.6288,60.7601,0.6675,0,0,0.411305,0.232084,0,0.66528,12.849,1,0.591221,0.36288,0,46.6055,4.23801,42.1392,0.84672,12.849,0.84672,3695.15,0,18.483,0.201432,0.216518,1.66781,2.51835,1.44749,2.75376,0.42336,0,0,18.483,0.42336,442.007,0,0.561185,0,0,0.777704,0.216518,1.028160,1,0,44.893,0,0,0,44.893,0
48.9895,2.39895,0,0,1.20834,0.117552,0.36288,3.6288,60.3092,0.701599,0,0,0.482134,0.231367,0,0.66528,12.849,1,0.608444,0.36288,0,37.4122,4.23801,32.9287,0.84672,12.849,0.84672,3695.15,0,18.483,0.213424,0.216518,1.66832,2.80428,1.44749,3.0282,0.42336,0,0,18.483,0.42336,442.007,0,0.515532,0,0,0.73205,0.216518,1.028160,1,0,35.9569,0,0,0,35.9569,0
49.4914,2.38323,0,0,3.46728,0.21922,0.36288,3.6288,60.642,0.308335,0,0,0.886165,0.245051,0,0.66528,12.849,1,0.625076,0.36288,0,62.0816,3.49208,58.3273,0.84672,12.849,0.84672,3695.15,0,18.483,0.0944955,0.862548,1.66883,6.26,1.27552,7.42136,0.42336,0,0,18.483,0.42336,442.007,0,1.02816,0,0,1.89071,0.862548,1.028160,1,0,65.7487,0,0,0,65.7487,0
50.3155,2.32728,0,0,3.72286,0.208666,0.36288,3.6288,60.9354,0.258591,0,0,0.752579,0.200661,0,0.66528,12.849,1,0.60421,0.36288,0,82.9086,4.05117,78.6161,0.84672,12.849,0.84672,3695.15,0,18.483,0.0788157,0.268367,1.66934,3.94374,1.03285,4.76978,0.42336,0,0,18.483,0.42336,442.007,0,1.02816,0,0,1.29653,0.268367,1.028160,1,0,83.3859,0,0,0,83.3859,0
51.244,2.33587,0,0,3.83618,0.208884,0.36288,3.6288,61.2747,0.259202,0,0,0.779414,0.180868,0,0.66528,12.849,1,0.59651,0.36288,0,68.3241,4.24032,63.8501,0.84672,12.849,0.84672,3695.15,0,18.483,0.0786215,0.57685,1.6044,4.46032,0.934572,5.62838,0.42336,0,0,18.483,0.42336,442.007,0,1.02816,0,0,1.60501,0.57685,1.028160,1,0,69.4785,0,0,0,69.4785,0
53.9578,2.34523,0,0,5.63281,0.210928,0.36288,3.6288,61.308,0.259857,0,0,1.27885,0.181257,0.804432,0.66528,12.849,1,0.588047,0.36288,0,104.642,4.24032,100.177,0.84672,12.849,0.84672,3695.15,0,18.483,0.0783836,1.09107,1.60489,5.68324,0.934572,7.36624,0.42336,0,0,18.483,0.42336,442.007,0,1.02816,0,0,2.11923,1.09107,1.028160,1,0,108.348,0,0,0,108.348,0
55.9551,2.36984,0,0,4.95319,0.223187,0.36288,3.6288,61.308,0.260209,0,0,1.09805,0.165183,0.672656,0.66528,12.849,1,0.564332,0.36288,0,91.0233,4.24792,86.5739,0.84672,12.849,0.84672,3695.15,0,18.483,0.0784474,0.998965,1.60538,6.33055,0.981941,7.8745,0.42336,0,0,18.483,0.42336,442.007,0,1.02816,0,0,2.02713,0.998965,1.028160,1,0,95.121,0,0,0,95.121,0
56.4466,2.20719,0,0,3.3124,0.250808,0.36288,3.6288,61.308,0.155008,0,0,0.789061,0.174935,0.459118,0.66528,12.849,1,0.506838,0.36288,0,71.3059,4.15373,67.0082,0.84672,12.849,0.84672,3695.15,0,18.483,0.0467315,0.550437,1.60587,4.28383,1.02043,5.37298,0.42336,0,0,18.483,0.42336,442.007,0,1.02816,0,0,1.5786,0.550437,1.028160,1,0,72.8403,0,0,0,72.8403,0
55.6979,2.21145,0,0,2.06395,0.238332,0.36288,3.6288,61.308,0.155296,0,0,1.11372,0.20093,0.757496,0.66528,12.849,1,0.503396,0.36288,0,87.3401,3.92815,83.2714,0.84672,12.849,0.84672,3695.15,0,18.483,0.0468183,1.14591,1.45883,3.82762,1.05553,5.33001,0.42336,0,0,18.483,0.42336,442.007,0,1.02816,0,0,2.17407,1.14591,1.028160,1,0,89.359,0,0,0,89.359,0
58.5846,2.20663,0,0,5.69276,0.236565,0.36288,3.6288,61.308,0.155584,0,0,1.4148,0.20093,1.05829,0.66528,12.849,1,0.509049,0.36288,0,86.7266,3.92815,82.6523,0.84672,12.849,0.84672,3695.15,0,18.483,0.0469052,1.58051,1.45927,4.88084,1.05553,6.81818,0.42336,0,0,18.483,0.42336,442.007,0,1.02816,0,0,2.60867,1.58051,1.028160,1,0,90.5287,0,0,0,90.5287,0
59.096,2.22788,0,0,3.34727,0.245019,0.36288,3.6288,61.308,0.155872,0,0,1.0532,0.198583,0.698743,0.66528,12.849,1,0.488627,0.36288,0,158.698,3.95079,154.621,0.84672,12.849,0.84672,3695.15,0,18.483,0.0469921,1.05179,1.45972,4.29564,1.03627,5.72388,0.42336,0,0,18.483,0.42336,442.007,0,1.02816,0,0,2.07995,1.05179,1.028160,1,0,161.044,0,0,0,161.044,0
59.1486,2.23203,0,0,2.90362,0.256143,0.36288,3.6288,61.308,0.156161,0,0,1.04396,0.184503,0.703299,0.66528,12.849,1,0.485301,0.36288,0,96.4941,4.0866,92.2851,0.84672,12.849,0.84672,3695.15,0,18.483,0.047079,1.07088,1.46016,4.37862,0.920715,5.94188,0.42336,0,0,18.483,0.42336,442.007,0,1.02816,0,0,2.09904,1.07088,1.028160,1,0,98.9303,0,0,0,98.9303,0
61.2264,2.303,0,0,4.98509,0.241381,0.36288,3.6288,61.308,0.472696,0,0,0.971041,0.18416,0.314185,0.66528,12.849,1,0.500287,0.36288,0,83.7821,3.28713,80.3575,0.84672,12.849,0.84672,3695.15,0,18.483,0.142507,0.412474,1.46061,3.81725,0.90156,4.64626,0.42336,0,0,18.483,0.42336,442.007,0,0.656389,0,0,1.06886,0.412474,1.028160,1,0,85.318,0,0,0,85.318,0
62.2671,2.31772,0,0,3.96721,0.245951,0.36288,3.6288,61.1597,0.665767,0,0,0.70162,0.18416,0,0.66528,12.849,1,0.486397,0.36288,0,86.4009,3.28713,82.9902,0.84672,12.849,0.84672,3695.15,0,18.483,0.200714,0.503194,1.50777,2.80787,0.90156,3.71656,0.42336,0,0,18.483,0.42336,442.007,0,0.405484,0,0,0.908677,0.503194,1.028160,1,0,86.7068,0,0,0,86.7068,0
66.0701,2.32513,0,0,6.73907,0.248071,0.36288,3.6288,61.308,0.18751,0,0,1.2875,0.183988,0.767693,0.66528,12.849,1,0.479798,0.36288,0,95.523,3.28713,92.1189,0.84672,12.849,0.84672,3695.15,0,18.483,0.0566672,1.86907,1.50821,5.25758,0.90156,7.67663,0.42336,0,0,18.483,0.42336,442.007,0,1.02816,0,0,2.89723,1.86907,1.028160,1,0,100.563,0,0,0,100.563,0
70.2852,2.34894,0,0,7.19435,0.267416,0.36288,3.6288,61.308,0.187901,0,0,0.9943,0.180619,0.625779,0.66528,12.849,1,0.456811,0.36288,0,103.546,3.53673,99.9154,0.84672,12.849,0.84672,3695.15,0,18.483,0.0566481,1.65186,1.50865,3.56032,0.969641,5.69454,0.42336,0,0,18.483,0.42336,442.007,0,1.02816,0,0,2.68002,1.65186,1.028160,1,0,106.236,0,0,0,106.236,0
72.29,2.60423,0,0,5.42824,0.272609,0.546585,3.6288,61.308,0.303201,0,0,0.816739,0.167983,0.345556,0.66528,12.849,1,0.476086,0.546585,0,97.0246,3.46521,93.6299,0.84672,12.849,0.84672,3695.15,0,18.483,0.0914083,0.819124,1.50909,3.35437,0.93607,4.65511,0.42336,0,0,18.483,0.42336,442.007,0,1.02816,0,0,1.84728,0.819124,1.028160,1,0,98.6306,0,0,0,98.6306,0
72.29,2.61621,0,0,4.37007,0.267092,1.48677,3.6288,61.308,0.303521,0,0,1.35124,0.160498,0.887217,0.66528,12.849,1,0.465012,1.48677,0,83.6853,3.27117,81.4359,0.84672,12.849,0.84672,3695.15,0,18.483,0.0915047,0.809153,1.67648,5.47018,0.872597,6.99172,0.42336,0,0,18.483,0.42336,442.007,0,1.02816,0,0,1.83731,0.809153,1.028160,1,0,89.3148,0,0,0,89.3148,0
72.29,2.61698,0,0,5.86099,0.267092,2.97692,3.6288,61.308,0.30384,0,0,0.980243,0.160498,0.515905,0.66528,12.849,1,0.465148,2.97692,0,133.147,3.27117,132.387,0.84672,12.849,0.84672,3695.15,0,18.483,0.0916011,1.33886,1.67697,5.70071,0.872597,7.75235,0.42336,0,0,18.483,0.42336,442.007,0,1.02816,0,0,2.36702,1.33886,1.028160,1,0,140.656,0,0,0,140.656,0
72.29,2.61774,0,0,5.32853,0.327855,2.38293,3.6288,61.308,0.30416,0,0,1.02412,0.147835,0.572121,0.66528,12.849,1,0.465284,2.38293,0,113.46,3.38663,111.991,0.84672,12.849,0.84672,3695.15,0,18.483,0.0916976,2.00235,1.67746,5.43733,0.82607,8.19938,0.42336,0,0,18.483,0.42336,442.007,0,1.02816,0,0,3.03051,2.00235,1.028160,1,0,120.762,0,0,0,120.762,0
72.29,2.28659,0,0,7.38061,0.313891,4.78012,3.6288,61.308,0.14995,0,0,0.636096,0.196461,0.289685,0.66528,12.849,1,0.406425,4.78012,0,94.7726,3.80552,95.3408,0.84672,12.849,0.84672,3695.15,0,18.483,0.0452067,0.616481,1.67796,4.09261,1.01975,5.32209,0.42336,0,0,18.483,0.42336,442.007,0,1.02816,0,0,1.64464,0.616481,1.028160,1,0,100.953,0,0,0,100.953,0
72.29,2.28726,0,0,3.61314,0.284377,1.0415,3.6288,61.308,0.150225,0,0,1.24617,0.207212,0.888729,0.66528,12.849,1,0.406544,1.0415,0,80.1328,4.19045,76.5773,0.84672,12.849,0.84672,3695.15,0,18.483,0.0452896,0.619324,1.44981,5.15938,1.12647,6.05675,0.42336,0,0,18.483,0.42336,442.007,0,1.02816,0,0,1.64748,0.619324,1.028160,1,0,83.5228,0,0,0,83.5228,0
72.29,2.28793,0,0,3.38227,0.284377,0.809966,3.6288,61.308,0.390167,0,0,0.756002,0.207212,0.158622,0.66528,12.849,1,0.406662,0.809966,0,62.4939,4.19045,58.7068,0.84672,12.849,0.84672,3695.15,0,18.483,0.117627,0.558835,1.45023,3.78057,1.12647,4.54553,0.42336,0,0,18.483,0.42336,442.007,0,0.716239,0,0,1.27507,0.558835,1.028160,1,0,63.4109,0,0,0,63.4109,0
72.29,2.2886,0,0,3.1908,0.284377,0.617818,3.6288,61.2578,0.422042,0,0,0.579058,0.207212,0,0.66528,12.849,1,0.406781,0.617818,0,45.6818,4.19045,41.7023,0.84672,12.849,0.84672,3695.15,0,18.483,0.127236,0.558835,1.45065,5.1939,1.12647,5.94968,0.42336,0,0,18.483,0.42336,442.007,0,0.675112,0,0,1.23395,0.558835,1.028160,1,0,47.652,0,0,0,47.652,0
72.29,2.28927,0,0,4.30992,0.273842,1.74681,3.6288,61.308,0.151021,0,0,1.06871,0.1806,0.68689,0.66528,12.849,1,0.4069,1.74681,0,77.5855,4.37334,74.552,0.84672,12.849,0.84672,3695.15,0,18.483,0.0455669,0.858816,1.45108,8.16467,1.02993,9.39907,0.42336,0,0,18.483,0.42336,442.007,0,1.02816,0,0,1.88698,0.858816,1.028160,1,0,84.638,0,0,0,84.638,0
72.29,2.37361,0,0,3.204,0.241266,0.589123,3.6288,61.2861,0.532613,0,0,0.758497,0.247757,0,0.66528,12.849,1,0.421891,0.589123,0,56.8413,5.79831,51.2102,0.84672,12.849,0.84672,3695.15,0,18.483,0.160571,0.558835,1.4515,2.82944,1.33555,3.34366,0.42336,0,0,18.483,0.42336,442.007,0,0.581196,0,0,1.14003,0.558835,1.028160,1,0,54.5538,0,0,0,54.5538,0
72.1959,2.3743,0,0,2.88433,0.241266,0.36288,3.6288,61.2357,0.537249,0,0,0.734521,0.247723,0,0.66528,12.849,1,0.422014,0.36288,0,46.5764,5.79831,40.719,0.84672,12.849,0.84672,3695.15,0,18.483,0.162026,0.528595,1.50846,2.68026,1.33555,3.21974,0.42336,0,0,18.483,0.42336,442.007,0,0.575476,0,0,1.10407,0.528595,1.028160,1,0,43.9387,0,0,0,43.9387,0
72.0874,2.37453,0,0,2.86486,0.235955,0.36288,3.6288,61.308,0.505258,0,0,0.879803,0.248314,0.053907,0.66528,12.849,1,0.422605,0.36288,0,44.4366,5.75726,38.6197,0.84672,12.849,0.84672,3695.15,0,18.483,0.152504,0.528595,1.5089,2.85935,1.35168,3.39266,0.42336,0,0,18.483,0.42336,442.007,0,0.617363,0,0,1.14596,0.528595,1.028160,1,0,42.0662,0,0,0,42.0662,0
72.0096,2.37468,0,0,2.85263,0.192845,0.36288,3.6288,61.2551,0.545129,0,0,0.741442,0.249249,0,0.66528,12.849,1,0.423268,0.36288,0,46.758,5.60282,41.0948,0.84672,12.849,0.84672,3695.15,0,18.483,0.164344,0.528595,1.50934,2.69502,1.49879,3.06983,0.42336,0,0,18.483,0.42336,442.007,0,0.566024,0,0,1.09462,0.528595,1.028160,1,0,44.1646,0,0,0,44.1646,0
71.9809,2.34225,0,0,2.82137,0.144974,0.36288,3.6288,61.308,0.402103,0,0,0.798103,0.239394,0.10367,0.66528,12.849,1,0.417939,0.36288,0,47.9363,4.40575,43.4755,0.84672,12.849,0.84672,3695.15,0,18.483,0.12133,0.528595,1.50978,2.63441,1.35647,3.195,0.42336,0,0,18.483,0.42336,442.007,0,0.733277,0,0,1.26187,0.528595,1.028160,1,0,46.7741,0,0,0,46.7741,0
72.1156,2.3428,0,0,2.98012,0.139672,0.36288,3.6288,61.308,0.297191,0,0,1.04797,0.238556,0.512225,0.66528,12.849,1,0.418203,0.36288,0,49.1837,4.18583,44.9426,0.84672,12.849,0.84672,3695.15,0,18.483,0.0895964,0.528595,1.48819,2.95017,1.32156,3.55581,0.42336,0,0,18.483,0.42336,442.007,0,0.87029,0,0,1.39889,0.528595,1.028160,1,0,49.0106,0,0,0,49.0106,0
71.7922,2.34415,0,0,2.52346,0.139815,0.36288,3.6288,61.308,0.261186,0,0,0.81203,0.238556,0.312288,0.66528,12.849,1,0.417662,0.36288,0,43.1663,4.18583,38.9257,0.84672,12.849,0.84672,3695.15,0,18.483,0.0787418,0.402797,1.48863,2.73659,1.32156,3.22772,0.42336,0,0,18.483,0.42336,442.007,0,0.917516,0,0,1.32031,0.402797,1.028160,1,0,42.4657,0,0,0,42.4657,0
71.3295,2.34323,0,0,2.3269,0.08349,0.36288,3.6288,61.308,0.297576,0,0,0.766342,0.292593,0.176173,0.66528,12.849,1,0.41938,0.36288,0,39.2287,5.79711,33.3751,0.84672,12.849,0.84672,3695.15,0,18.483,0.0897125,0.402797,1.48906,2.68424,1.46283,3.02356,0.42336,0,0,18.483,0.42336,442.007,0,0.870523,0,0,1.27332,0.402797,1.028160,1,0,36.5748,0,0,0,36.5748,0
70.5296,2.45269,0,0,2.09138,0.0757303,0.36288,3.6288,61.308,0.392579,0,0,0.703754,0.282961,0.0282148,0.66528,12.849,1,0.441817,0.36288,0,34.5256,6.1505,28.2962,0.84672,12.849,0.84672,3695.15,0,18.483,0.118354,0.402797,1.4895,2.41212,1.40859,2.77748,0.42336,0,0,18.483,0.42336,442.007,0,0.81527,0,0,1.21807,0.402797,1.028160,1,0,31.1019,0,0,0,31.1019,0
69.5398,2.44917,0,0,1.90856,0.0862822,0.36288,3.6288,61.2138,0.450758,0,0,0.632413,0.27586,0,0.66528,12.849,1,0.446186,0.36288,0,30.1585,5.93114,24.1441,0.84672,12.849,0.84672,3695.15,0,18.483,0.135894,0.402797,1.56706,1.93405,1.35802,2.40999,0.42336,0,0,18.483,0.42336,442.007,0,0.739938,0,0,1.14274,0.402797,1.028160,1,0,26.5541,0,0,0,26.5541,0
68.4692,2.44452,0,0,1.82236,0.0856254,0.36288,3.6288,61.1506,0.39304,0,0,0.605496,0.275696,0,0.66528,12.849,1,0.451678,0.36288,0,28.9966,5.93114,22.9767,0.84672,12.849,0.84672,3695.15,0,18.483,0.118675,0.30119,1.56751,1.77457,1.35802,2.16658,0.42336,0,0,18.483,0.42336,442.007,0,0.815262,0,0,1.11645,0.30119,1.028160,1,0,25.1433,0,0,0,25.1433,0
67.2955,2.43929,0,0,1.71344,0.084915,0.36288,3.6288,61.0125,0.443428,0,0,0.580976,0.275586,0,0.66528,12.849,1,0.457759,0.36288,0,26.8906,5.93114,20.8646,0.84672,12.849,0.84672,3695.15,0,18.483,0.134028,0.30119,1.56797,1.71796,1.35802,2.09507,0.42336,0,0,18.483,0.42336,442.007,0,0.749909,0,0,1.0511,0.30119,1.028160,1,0,22.9597,0,0,0,22.9597,0
66.0414,2.43329,0,0,1.60857,0.0665166,0.36288,3.6288,60.8675,0.446105,0,0,0.582669,0.281595,0,0.66528,12.849,1,0.464598,0.36288,0,24.8784,5.52352,19.2531,0.84672,12.849,0.84672,3695.15,0,18.483,0.135142,0.30119,1.56843,1.70866,1.34234,2.1008,0.42336,0,0,18.483,0.42336,442.007,0,0.746505,0,0,1.0477,0.30119,1.028160,1,0,21.3539,0,0,0,21.3539,0
64.6434,2.40488,0,0,1.44886,0.0791639,0.36288,3.6288,61.1306,0.258826,0,0,0.741779,0.219796,0,0.66528,12.849,1,0.467893,0.36288,0,22.1982,4.77886,17.3144,0.84672,12.849,0.84672,3695.15,0,18.483,0.0785951,0.36574,1.56889,2.2296,1.05053,3.03509,0.42336,0,0,18.483,0.42336,442.007,0,1.02816,0,0,1.3939,0.36574,1.028160,1,0,20.3494,0,0,0,20.3494,0
63.1971,2.39714,0,0,1.37852,0.0647627,0.36288,3.6288,61.308,0.259392,0,0,0.724127,0.243453,0.043924,0.66528,12.849,1,0.476474,0.36288,0,20.9232,5.10462,15.705,0.84672,12.849,0.84672,3695.15,0,18.483,0.0784279,0.34674,1.59341,2.16738,1.16078,2.86831,0.42336,0,0,18.483,0.42336,442.007,0,1.02816,0,0,1.3749,0.34674,1.028160,1,0,18.6173,0,0,0,18.6173,0
61.5917,2.38877,0,0,1.19286,0.0465755,0.36288,3.6288,61.308,0.267242,0,0,0.68135,0.269457,0.144652,0.66528,12.849,1,0.485677,0.36288,0,19.5199,5.81016,13.587,0.84672,12.849,0.84672,3695.15,0,18.483,0.0805674,0.261274,1.59387,2.16466,1.40837,2.53086,0.42336,0,0,18.483,0.42336,442.007,0,1.01857,0,0,1.27984,0.261274,1.028160,1,0,16.2625,0,0,0,16.2625,0
59.9732,2.379,0,0,1.16957,0.0462499,0.36288,3.6288,61.308,0.260179,0,0,0.673436,0.265437,0.14782,0.66528,12.849,1,0.496296,0.36288,0,18.0408,6.01356,11.8938,0.84672,12.849,0.84672,3695.15,0,18.483,0.0784383,0.329435,1.59434,2.13405,1.48382,2.49557,0.42336,0,0,18.483,0.42336,442.007,0,1.02816,0,0,1.35759,0.329435,1.028160,1,0,14.5372,0,0,0,14.5372,0
58.3671,2.42394,0,0,1.22752,0.0467601,0.36288,3.6288,61.308,0.292136,0,0,0.653314,0.278093,0.0830846,0.66528,12.849,1,0.519318,0.36288,0,19.3267,5.72788,13.4424,0.84672,12.849,0.84672,3695.15,0,18.483,0.0880726,0.261274,1.5948,2.23415,1.44372,2.55843,0.42336,0,0,18.483,0.42336,442.007,0,1.02038,0,0,1.28165,0.261274,1.028160,1,0,16.0839,0,0,0,16.0839,0
56.7938,2.41293,0,0,1.24896,0.0464933,0.36288,3.6288,61.308,0.288812,0,0,0.658385,0.283155,0.0864181,0.66528,12.849,1,0.531184,0.36288,0,18.9619,5.61362,13.1799,0.84672,12.849,0.84672,3695.15,0,18.483,0.0870705,0.261274,1.63366,2.29898,1.42768,2.67916,0.42336,0,0,18.483,0.42336,442.007,0,1.02511,0,0,1.28638,0.261274,1.028160,1,0,15.9455,0,0,0,15.9455,0
55.0895,2.40163,0,0,1.10603,0.0457826,0.36288,3.6288,61.308,0.331374,0,0,0.618279,0.283155,0.00374992,0.66528,12.849,1,0.543343,0.36288,0,17.8657,5.61362,12.0716,0.84672,12.849,0.84672,3695.15,0,18.483,0.099902,0.227405,1.63413,2.27661,1.42768,2.61056,0.42336,0,0,18.483,0.42336,442.007,0,0.970125,0,0,1.19753,0.227405,1.028160,1,0,14.6859,0,0,0,14.6859,0
53.2976,2.38869,0,0,1.00471,0.0450129,0.36288,3.6288,61.2353,0.391111,0,0,0.601518,0.283155,0,0.66528,12.849,1,0.557136,0.36288,0,16.8177,5.61362,11.0098,0.84672,12.849,0.84672,3695.15,0,18.483,0.117911,0.227405,1.63461,2.19534,1.42768,2.51176,0.42336,0,0,18.483,0.42336,442.007,0,0.892788,0,0,1.12019,0.227405,1.028160,1,0,13.5216,0,0,0,13.5216,0
51.3279,2.53286,0,0,0.962833,0.0368636,0.36288,3.6288,61.0111,0.507619,0,0,0.575033,0.291538,0,0.66528,12.849,1,0.610623,0.36288,0,16.2091,5.82637,10.135,0.84672,12.849,0.84672,3695.15,0,18.483,0.153218,0.227405,1.63509,2.45747,1.48976,2.67699,0.42336,0,0,18.483,0.42336,442.007,0,0.862108,0,0,1.08951,0.227405,1.028160,1,0,12.8119,0,0,0,12.8119,0
49.5289,2.51485,0,0,1.12786,0.0491325,0.36288,3.6288,60.6698,0.528449,0,0,0.483883,0.296742,0,0.66528,12.849,1,0.629548,0.36288,0,17.0264,5.77364,10.9861,0.84672,12.849,0.84672,3695.15,0,18.483,0.160091,0.227405,1.76572,2.5687,1.59206,2.80967,0.42336,0,0,18.483,0.42336,442.007,0,0.834849,0,0,1.06225,0.227405,1.028160,1,0,13.7958,0,0,0,13.7958,0
47.8213,2.49743,0,0,1.20099,0.0482107,0.36288,3.6288,60.589,0.379928,0,0,0.595198,0.296101,0,0.66528,12.849,1,0.647894,0.36288,0,21.6665,5.77364,15.6079,0.84672,12.849,0.84672,3695.15,0,18.483,0.115745,0.281077,1.76623,2.86912,1.59206,3.20862,0.42336,0,0,18.483,0.42336,442.007,0,1.02816,0,0,1.30924,0.281077,1.028160,1,0,18.8165,0,0,0,18.8165,0
45.9193,2.47992,0,0,0.988053,0.0473274,0.36288,3.6288,60.0875,0.638988,0,0,0.433472,0.295949,0,0.66528,12.849,1,0.666322,0.36288,0,19.8501,5.77364,13.773,0.84672,12.849,0.84672,3695.15,0,18.483,0.194927,0.204422,1.76675,2.34994,1.59206,2.53412,0.42336,0,0,18.483,0.42336,442.007,0,0.690362,0,0,0.894784,0.204422,1.028160,1,0,16.3071,0,0,0,16.3071,0
44.2823,2.45907,0,0,1.2313,0.0463432,0.36288,3.6288,60.1637,0.37975,0,0,0.750915,0.295006,0,0.66528,12.849,1,0.688089,0.36288,0,19.349,5.77364,13.2502,0.84672,12.849,0.84672,3695.15,0,18.483,0.116812,0.74012,1.76726,3.66511,1.59206,4.46362,0.42336,0,0,18.483,0.42336,442.007,0,1.02816,0,0,1.76828,0.74012,1.028160,1,0,17.7138,0,0,0,17.7138,0
42.5962,2.36561,0,0,1.12515,0.0827399,0.36288,3.6288,60.1371,0.378331,0,0,0.534215,0.1825,0,0.66528,12.849,1,0.686409,0.36288,0,15.5148,3.20531,11.9859,0.84672,12.849,0.84672,3695.15,0,18.483,0.116228,0.204422,1.76778,2.83207,1.02722,3.66082,0.42336,0,0,18.483,0.42336,442.007,0,0.957226,0,0,1.16165,0.204422,1.028160,1,0,15.6467,0,0,0,15.6467,0
41.135,2.34542,0,0,1.33205,0.0849962,0.36288,3.6288,60.544,0.324357,0,0,0.912738,0.181404,0,0.66528,12.849,1,0.707489,0.36288,0,18.4053,3.17562,14.885,0.84672,12.849,0.84672,3695.15,0,18.483,0.0996904,0.739575,1.6936,4.05714,1.02358,5.36704,0.42336,0,0,18.483,0.42336,442.007,0,1.02816,0,0,1.76774,0.739575,1.028160,1,0,20.2521,0,0,0,20.2521,0
39.6575,2.32695,0,0,1.2959,0.083556,0.36288,3.6288,60.8184,0.325195,0,0,0.781436,0.181874,0,0.66528,12.849,1,0.726851,0.36288,0,17.953,3.17562,14.4134,0.84672,12.849,0.84672,3695.15,0,18.483,0.099276,0.658213,1.69409,3.31469,1.02358,4.54414,0.42336,0,0,18.483,0.42336,442.007,0,1.02816,0,0,1.68637,0.658213,1.028160,1,0,18.9575,0,0,0,18.9575,0
38.1856,2.30717,0,0,1.28031,0.0821063,0.36288,3.6288,61.2823,0.325863,0,0,0.971974,0.182191,0,0.66528,12.849,1,0.747522,0.36288,0,17.5445,3.17562,13.9842,0.84672,12.849,0.84672,3695.15,0,18.483,0.0990312,1.09965,1.69458,4.15952,1.02358,5.83114,0.42336,0,0,18.483,0.42336,442.007,0,1.02816,0,0,2.12781,1.09965,1.028160,1,0,19.8153,0,0,0,19.8153,0
36.9748,2.22722,0,0,1.53271,0.153485,0.36288,3.6288,61.308,0.275386,0,0,0.864298,0.165566,0.397676,0.66528,12.849,1,0.749431,0.36288,0,24.4523,3.48978,20.576,0.84672,12.849,0.84672,3695.15,0,18.483,0.0830574,1.09618,1.69508,4.98436,0.913752,6.77881,0.42336,0,0,18.483,0.42336,442.007,0,1.02816,0,0,2.12434,1.09618,1.028160,1,0,27.7525,0,0,0,27.7525,0
36.8003,2.20965,0,0,2.55566,0.157558,0.36288,3.6288,61.308,0.275723,0,0,0.93763,0.159871,0.502036,0.66528,12.849,1,0.767869,0.36288,0,42.4862,3.65726,38.424,0.84672,12.849,0.84672,3695.15,0,18.483,0.0831243,1.10386,1.62911,6.78999,0.744571,8.69528,0.42336,0,0,18.483,0.42336,442.007,0,1.02816,0,0,2.13202,1.10386,1.028160,1,0,47.6213,0,0,0,47.6213,0
39.0592,2.20759,0,0,4.98658,0.157232,0.36288,3.6288,61.308,0.276033,0,0,1.68617,0.159871,1.25027,0.66528,12.849,1,0.770791,0.36288,0,59.8335,3.65726,55.7683,0.84672,12.849,0.84672,3695.15,0,18.483,0.0832179,1.82145,1.62959,13.1649,0.744571,15.7882,0.42336,0,0,18.483,0.42336,442.007,0,1.02816,0,0,2.84961,1.82145,1.028160,1,0,72.8068,0,0,0,72.8068,0
40.3443,2.24179,0,0,4.0512,0.161449,0.36288,3.6288,61.308,0.276344,0,0,2.05948,0.159871,1.62327,0.66528,12.849,1,0.737463,0.36288,0,54.1078,3.65726,50.076,0.84672,12.849,0.84672,3695.15,0,18.483,0.0833116,3.49694,1.63006,11.9659,0.744571,16.265,0.42336,0,0,18.483,0.42336,442.007,0,1.02816,0,0,4.5251,3.49694,1.028160,1,0,67.9643,0,0,0,67.9643,0
41.5567,2.09004,0,0,3.83793,0.17262,0.36288,3.6288,61.308,0.169513,0,0,1.26071,0.188646,0.902549,0.66528,12.849,1,0.665643,0.36288,0,58.2948,3.73489,54.2571,0.84672,12.849,0.84672,3695.15,0,18.483,0.0511045,2.16654,1.63054,17.1541,0.833557,20.0665,0.42336,0,0,18.483,0.42336,442.007,0,1.02816,0,0,3.1947,2.16654,1.028160,1,0,75.2262,0,0,0,75.2262,0
46.3654,2.10549,0,0,7.44651,0.169405,0.36288,3.6288,61.308,0.169793,0,0,0.960776,0.248512,0.54247,0.66528,12.849,1,0.651,0.36288,0,94.411,3.72603,90.3969,0.84672,12.849,0.84672,3695.15,0,18.483,0.0511888,2.1993,1.48122,18.5595,1.00864,21.1802,0.42336,0,0,18.483,0.42336,442.007,0,1.02816,0,0,3.22746,2.1993,1.028160,1,0,112.12,0,0,0,112.12,0
50.4557,2.15898,0,0,6.79113,0.178966,0.36288,3.6288,61.308,0.170072,0,0,4.94176,0.248512,4.52318,0.66528,12.849,1,0.598307,0.36288,0,123.982,3.72603,120.021,0.84672,12.849,0.84672,3695.15,0,18.483,0.0512731,7.832,1.48165,25.6279,1.00864,33.8816,0.42336,0,0,18.483,0.42336,442.007,0,1.02816,0,0,8.86016,7.832,1.028160,1,0,158.426,0,0,0,158.426,0
53.7028,2.19828,0,0,6.01635,0.208121,0.36288,3.6288,61.308,0.170352,0,0,2.21896,0.246189,1.80242,0.66528,12.849,1,0.559812,0.36288,0,92.1345,4.10223,87.8354,0.84672,12.849,0.84672,3695.15,0,18.483,0.0513574,4.04167,1.48208,16.5889,1.16679,20.8945,0.42336,0,0,18.483,0.42336,442.007,0,1.02816,0,0,5.06983,4.04167,1.028160,1,0,110.532,0,0,0,110.532,0
54.8083,2.22624,0,0,3.93893,0.244246,0.36288,3.6288,61.308,0.170632,0,0,1.34031,0.243092,0.926582,0.66528,12.849,1,0.532653,0.36288,0,47.7092,4.60383,42.9356,0.84672,12.849,0.84672,3695.15,0,18.483,0.0514417,2.65965,1.48252,11.2705,1.37766,13.9836,0.42336,0,0,18.483,0.42336,442.007,0,1.02816,0,0,3.68781,2.65965,1.028160,1,0,57.8458,0,0,0,57.8458,0
54.9162,2.30561,0,0,2.97653,0.200208,0.36288,3.6288,61.308,0.201974,0,0,0.911961,0.186785,0.523201,0.66528,12.849,1,0.540517,0.36288,0,47.8928,3.16554,44.5496,0.84672,12.849,0.84672,3695.15,0,18.483,0.0608906,2.36887,1.48295,9.70547,0.863355,12.633,0.42336,0,0,18.483,0.42336,442.007,0,1.02816,0,0,3.39703,2.36887,1.028160,1,0,57.7059,0,0,0,57.7059,0
54.0508,2.30712,0,0,1.9972,0.192619,0.36288,3.6288,61.308,0.202251,0,0,0.838469,0.177401,0.458817,0.66528,12.849,1,0.539807,0.36288,0,41.7849,2.92583,38.6822,0.84672,12.849,0.84672,3695.15,0,18.483,0.0609741,2.27818,1.53081,6.96957,0.777637,9.93994,0.42336,0,0,18.483,0.42336,442.007,0,1.02816,0,0,3.30634,2.27818,1.028160,1,0,49.081,0,0,0,49.081,0
56.5451,2.30078,0,0,5.34893,0.190943,0.36288,3.6288,61.308,0.202528,0,0,2.39808,0.177401,2.01815,0.66528,12.849,1,0.546943,0.36288,0,128.185,2.92583,125.075,0.84672,12.849,0.84672,3695.15,0,18.483,0.0610577,6.57295,1.53124,17.5951,0.777637,24.8606,0.42336,0,0,18.483,0.42336,442.007,0,1.02816,0,0,7.60111,6.57295,1.028160,1,0,151.954,0,0,0,151.954,0
58.6732,2.32108,0,0,5.01657,0.204524,0.36288,3.6288,61.308,0.202805,0,0,2.59084,0.182213,2.20582,0.66528,12.849,1,0.527431,0.36288,0,119.041,3.01728,115.859,0.84672,12.849,0.84672,3695.15,0,18.483,0.0611412,8.42046,1.53167,15.2893,0.801105,24.3792,0.42336,0,0,18.483,0.42336,442.007,0,1.02816,0,0,9.44862,8.42046,1.028160,1,0,142.444,0,0,0,142.444,0
62.0239,2.56542,0,0,6.53252,0.253488,0.36288,3.6288,61.308,0.319847,0,0,3.22174,0.190458,2.71143,0.66528,12.849,1,0.561808,0.36288,0,219.913,3.86072,215.853,0.84672,12.849,0.84672,3695.15,0,18.483,0.0964268,12.8074,1.53209,23.6779,1.01149,36.9095,0.42336,0,0,18.483,0.42336,442.007,0,1.02816,0,0,13.8356,12.8074,1.028160,1,0,255.474,0,0,0,255.474,0
63.5584,2.59128,0,0,4.73754,0.248888,0.36288,3.6288,61.308,0.320157,0,0,2.15109,0.162956,1.66798,0.66528,12.849,1,0.536816,0.36288,0,112.781,4.25366,108.353,0.84672,12.849,0.84672,3695.15,0,18.483,0.0965202,6.7087,1.70201,15.052,1.10428,22.2619,0.42336,0,0,18.483,0.42336,442.007,0,1.02816,0,0,7.73686,6.7087,1.028160,1,0,132.283,0,0,0,132.283,0
63.9539,2.60279,0,0,3.6184,0.257238,0.36288,3.6288,61.308,0.320467,0,0,2.01422,0.149799,1.54395,0.66528,12.849,1,0.526182,0.36288,0,122.766,4.07884,118.524,0.84672,12.849,0.84672,3695.15,0,18.483,0.0966136,5.91598,1.70249,12.5517,1.06706,19.0065,0.42336,0,0,18.483,0.42336,442.007,0,1.02816,0,0,6.94414,5.91598,1.028160,1,0,139.074,0,0,0,139.074,0
65.5089,2.60623,0,0,4.79526,0.271123,0.36288,3.6288,61.308,0.320777,0,0,2.16797,0.116905,1.73028,0.66528,12.849,1,0.523618,0.36288,0,155.699,3.64182,151.896,0.84672,12.849,0.84672,3695.15,0,18.483,0.0967071,6.60044,1.70296,14.1528,0.974023,21.3855,0.42336,0,0,18.483,0.42336,442.007,0,1.02816,0,0,7.6286,6.60044,1.028160,1,0,175.012,0,0,0,175.012,0
68.4579,2.28558,0,0,5.88483,0.28737,0.36288,3.6288,61.308,0.164212,0,0,2.62627,0.123663,2.3384,0.66528,12.849,1,0.448297,0.36288,0,144.84,3.93806,140.817,0.84672,12.849,0.84672,3695.15,0,18.483,0.0495064,7.52026,1.70344,18.0707,1.02208,26.2228,0.42336,0,0,18.483,0.42336,442.007,0,1.02816,0,0,8.54842,7.52026,1.028160,1,0,169.378,0,0,0,169.378,0
70.6787,2.30249,0,0,5.19781,0.311661,0.36288,3.6288,61.308,0.164479,0,0,2.409,0.132673,2.11184,0.66528,12.849,1,0.432158,0.36288,0,160.064,4.33303,155.661,0.84672,12.849,0.84672,3695.15,0,18.483,0.0495867,5.23681,1.4718,12.6471,1.08615,18.22,0.42336,0,0,18.483,0.42336,442.007,0,1.02816,0,0,6.26497,5.23681,1.028160,1,0,175.993,0,0,0,175.993,0
72.29,2.31462,0,0,5.59968,0.29469,1.37906,3.6288,61.308,0.164745,0,0,2.33353,0.120641,2.04814,0.66528,12.849,1,0.420786,1.37906,0,172.568,4.15865,169.367,0.84672,12.849,0.84672,3695.15,0,18.483,0.049667,6.35308,1.47222,15.6083,1.0611,22.3229,0.42336,0,0,18.483,0.42336,442.007,0,1.02816,0,0,7.38124,6.35308,1.028160,1,0,193.738,0,0,0,193.738,0
72.29,2.32323,0,0,4.97486,0.274243,2.37738,3.6288,61.308,0.165011,0,0,1.99932,0.0961599,1.73815,0.66528,12.849,1,0.412937,2.37738,0,155.364,4.00073,153.328,0.84672,12.849,0.84672,3695.15,0,18.483,0.0497473,5.35672,1.47263,13.92,1.03587,19.6637,0.42336,0,0,18.483,0.42336,442.007,0,1.02816,0,0,6.38488,5.35672,1.028160,1,0,174.73,0,0,0,174.73,0
72.29,2.32388,0,0,4.28332,0.317637,1.6418,3.6288,61.308,0.165278,0,0,1.72263,0.103628,1.45373,0.66528,12.849,1,0.413052,1.6418,0,137.245,4.37147,134.102,0.84672,12.849,0.84672,3695.15,0,18.483,0.0498276,3.89654,1.47304,10.3648,1.08572,14.5988,0.42336,0,0,18.483,0.42336,442.007,0,1.02816,0,0,4.9247,3.89654,1.028160,1,0,150.155,0,0,0,150.155,0
72.1832,2.40946,0,0,3.00031,0.334794,0.36288,3.6288,61.308,0.203975,0,0,1.25709,0.0686993,0.984411,0.66528,12.849,1,0.428264,0.36288,0,98.0277,3.19713,94.7652,0.84672,12.849,0.84672,3695.15,0,18.483,0.0614941,2.8587,1.47345,8.87639,0.893402,12.2536,0.42336,0,0,18.483,0.42336,442.007,0,1.02816,0,0,3.88686,2.8587,1.028160,1,0,108.003,0,0,0,108.003,0
72.29,2.4096,0,0,3.49929,0.325976,0.656885,3.6288,61.308,0.204253,0,0,1.33364,0.105947,1.02344,0.66528,12.849,1,0.428921,0.656885,0,113.267,4.08125,109.414,0.84672,12.849,0.84672,3695.15,0,18.483,0.0615777,2.75512,1.53125,9.54962,1.1105,12.6639,0.42336,0,0,18.483,0.42336,442.007,0,1.02816,0,0,3.78328,2.75512,1.028160,1,0,123.101,0,0,0,123.101,0
72.29,2.41081,0,0,3.90535,0.32624,1.1683,3.6288,61.308,0.20453,0,0,1.68324,0.105947,1.37277,0.66528,12.849,1,0.428503,1.1683,0,120.293,4.08125,116.952,0.84672,12.849,0.84672,3695.15,0,18.483,0.0616613,3.47429,1.53168,9.84096,1.1105,13.6748,0.42336,0,0,18.483,0.42336,442.007,0,1.02816,0,0,4.50245,3.47429,1.028160,1,0,131.999,0,0,0,131.999,0
72.29,2.41148,0,0,4.87694,0.32624,2.13922,3.6288,61.308,0.204808,0,0,2.04009,0.105947,1.72934,0.66528,12.849,1,0.428622,2.13922,0,102.953,4.08125,100.583,0.84672,12.849,0.84672,3695.15,0,18.483,0.0617449,4.69931,1.5321,12.9785,1.1105,18.0377,0.42336,0,0,18.483,0.42336,442.007,0,1.02816,0,0,5.72747,4.69931,1.028160,1,0,120.35,0,0,0,120.35,0
72.29,2.37891,0,0,4.02737,0.291072,1.35739,3.6288,61.308,0.190142,0,0,1.84645,0.146691,1.50962,0.66528,12.849,1,0.422833,1.35739,0,123.733,4.00279,120.664,0.84672,12.849,0.84672,3695.15,0,18.483,0.0573236,3.93068,1.53253,12.2037,1.16465,16.4449,0.42336,0,0,18.483,0.42336,442.007,0,1.02816,0,0,4.95884,3.93068,1.028160,1,0,138.619,0,0,0,138.619,0
72.29,2.37957,0,0,3.23275,0.277005,0.576176,3.6288,61.308,0.190416,0,0,1.43232,0.162988,1.07892,0.66528,12.849,1,0.422951,0.576176,0,83.6119,3.97142,79.7937,0.84672,12.849,0.84672,3695.15,0,18.483,0.057406,3.13364,1.51059,8.95968,1.1863,12.3602,0.42336,0,0,18.483,0.42336,442.007,0,1.02816,0,0,4.1618,3.13364,1.028160,1,0,93.2328,0,0,0,93.2328,0
72.1229,2.38023,0,0,2.85306,0.277005,0.36288,3.6288,61.308,0.190689,0,0,1.34029,0.162988,0.986612,0.66528,12.849,1,0.423069,0.36288,0,72.8784,3.97142,68.8468,0.84672,12.849,0.84672,3695.15,0,18.483,0.0574885,2.61319,1.51102,7.91735,1.1863,10.7978,0.42336,0,0,18.483,0.42336,442.007,0,1.02816,0,0,3.64135,2.61319,1.028160,1,0,80.6312,0,0,0,80.6312,0
71.6741,2.38007,0,0,2.57081,0.276653,0.36288,3.6288,61.308,0.190962,0,0,1.1878,0.162988,0.833851,0.66528,12.849,1,0.424019,0.36288,0,63.618,3.97142,59.5855,0.84672,12.849,0.84672,3695.15,0,18.483,0.0575709,2.24415,1.51144,7.14977,1.1863,9.66148,0.42336,0,0,18.483,0.42336,442.007,0,1.02816,0,0,3.27231,2.24415,1.028160,1,0,70.0808,0,0,0,70.0808,0
71.0467,2.49131,0,0,2.45424,0.227515,0.36288,3.6288,61.308,0.244286,0,0,1.11613,0.132715,0.739131,0.66528,12.849,1,0.446615,0.36288,0,63.6276,3.26948,60.2743,0.84672,12.849,0.84672,3695.15,0,18.483,0.0736469,2.28577,1.51186,6.77462,0.984127,9.51448,0.42336,0,0,18.483,0.42336,442.007,0,1.02816,0,0,3.31393,2.28577,1.028160,1,0,70.528,0,0,0,70.528,0
70.4733,2.48866,0,0,2.45958,0.181419,0.36288,3.6288,61.308,0.244575,0,0,1.23709,0.156588,0.83593,0.66528,12.849,1,0.450081,0.36288,0,62.222,3.57893,58.5559,0.84672,12.849,0.84672,3695.15,0,18.483,0.0737338,2.51586,1.59056,7.69573,1.00225,10.7262,0.42336,0,0,18.483,0.42336,442.007,0,1.02816,0,0,3.54402,2.51586,1.028160,1,0,70.118,0,0,0,70.118,0
69.7758,2.48625,0,0,2.33226,0.180622,0.36288,3.6288,61.308,0.244863,0,0,1.02817,0.156588,0.626718,0.66528,12.849,1,0.453305,0.36288,0,57.0021,3.57893,53.3327,0.84672,12.849,0.84672,3695.15,0,18.483,0.0738208,1.97674,1.591,7.11435,1.00225,9.60601,0.42336,0,0,18.483,0.42336,442.007,0,1.02816,0,0,3.0049,1.97674,1.028160,1,0,63.5654,0,0,0,63.5654,0
68.9513,2.48312,0,0,2.19082,0.169329,0.36288,3.6288,61.308,0.245151,0,0,0.983215,0.171583,0.56648,0.66528,12.849,1,0.457259,0.36288,0,51.6807,3.78266,47.8036,0.84672,12.849,0.84672,3695.15,0,18.483,0.0739077,1.56654,1.59144,6.03538,1.05681,8.06264,0.42336,0,0,18.483,0.42336,442.007,0,1.02816,0,0,2.5947,1.56654,1.028160,1,0,56.4328,0,0,0,56.4328,0
68.0469,2.4792,0,0,2.04438,0.1067,0.36288,3.6288,61.308,0.24544,0,0,0.929724,0.261554,0.42273,0.66528,12.849,1,0.461996,0.36288,0,49.7363,5.00504,44.6322,0.84672,12.849,0.84672,3695.15,0,18.483,0.0739947,1.3736,1.59189,5.55307,1.38413,7.06043,0.42336,0,0,18.483,0.42336,442.007,0,1.02816,0,0,2.40176,1.3736,1.028160,1,0,52.1153,0,0,0,52.1153,0
67.0539,2.45256,0,0,1.94473,0.122269,0.36288,3.6288,61.308,0.274927,0,0,0.611381,0.216189,0.120265,0.66528,12.849,1,0.463107,0.36288,0,38.3218,4.73445,33.4871,0.84672,12.849,0.84672,3695.15,0,18.483,0.0828843,0.838918,1.59233,3.31645,1.17397,4.49084,0.42336,0,0,18.483,0.42336,442.007,0,1.02816,0,0,1.86708,0.838918,1.028160,1,0,38.0982,0,0,0,38.0982,0
65.8934,2.44749,0,0,1.77119,0.121317,0.36288,3.6288,61.308,0.275223,0,0,0.602077,0.216189,0.110664,0.66528,12.849,1,0.468992,0.36288,0,37.4308,4.73445,32.5903,0.84672,12.849,0.84672,3695.15,0,18.483,0.0829738,0.867275,1.6172,3.19904,1.17397,4.42657,0.42336,0,0,18.483,0.42336,442.007,0,1.02816,0,0,1.89543,0.867275,1.028160,1,0,37.1275,0,0,0,37.1275,0
64.5654,2.44126,0,0,1.59628,0.120204,0.36288,3.6288,61.308,0.27552,0,0,0.560682,0.216189,0.0689732,0.66528,12.849,1,0.476037,0.36288,0,34.6927,4.73445,29.8451,0.84672,12.849,0.84672,3695.15,0,18.483,0.0830632,0.625942,1.61765,3.0459,1.17397,4.03246,0.42336,0,0,18.483,0.42336,442.007,0,1.02816,0,0,1.6541,0.625942,1.028160,1,0,33.9465,0,0,0,33.9465,0
63.1986,2.43377,0,0,1.52645,0.0965252,0.36288,3.6288,61.2912,0.275817,0,0,0.530065,0.271034,0,0.66528,12.849,1,0.484338,0.36288,0,31.2774,5.4402,25.7157,0.84672,12.849,0.84672,3695.15,0,18.483,0.0831527,0.605016,1.6181,2.89392,1.43158,3.6023,0.42336,0,0,18.483,0.42336,442.007,0,1.02816,0,0,1.63318,0.605016,1.028160,1,0,29.318,0,0,0,29.318,0
61.6283,2.48235,0,0,1.36535,0.0904503,0.36288,3.6288,61.1244,0.302146,0,0,0.438455,0.303141,0,0.66528,12.849,1,0.50469,0.36288,0,25.7877,5.90892,19.737,0.84672,12.849,0.84672,3695.15,0,18.483,0.0911152,0.278009,1.61855,2.46059,1.51558,2.75045,0.42336,0,0,18.483,0.42336,442.007,0,1.02816,0,0,1.30617,0.278009,1.028160,1,0,22.4874,0,0,0,22.4874,0
60.0774,2.4724,0,0,1.3765,0.0921449,0.36288,3.6288,60.9131,0.302259,0,0,0.401403,0.310463,0,0.66528,12.849,1,0.515475,0.36288,0,33.0156,6.04873,26.8143,0.84672,12.849,0.84672,3695.15,0,18.483,0.0913981,0.313338,1.65796,2.48463,1.50129,2.86324,0.42336,0,0,18.483,0.42336,442.007,0,1.02816,0,0,1.3415,0.313338,1.028160,1,0,29.6775,0,0,0,29.6775,0
58.4452,2.46212,0,0,1.28378,0.0909399,0.36288,3.6288,60.6562,0.302319,0,0,0.355536,0.310048,0,0.66528,12.849,1,0.526584,0.36288,0,26.1184,6.04873,19.9059,0.84672,12.849,0.84672,3695.15,0,18.483,0.0917335,0.296058,1.65842,2.26787,1.50129,2.62933,0.42336,0,0,18.483,0.42336,442.007,0,1.02816,0,0,1.32422,0.296058,1.028160,1,0,22.5353,0,0,0,22.5353,0
56.7098,2.45075,0,0,1.16774,0.0895215,0.36288,3.6288,60.2721,0.408551,0,0,0.333959,0.309543,0,0.66528,12.849,1,0.538789,0.36288,0,24.0168,6.04873,17.7921,0.84672,12.849,0.84672,3695.15,0,18.483,0.124492,0.227405,1.65889,2.0756,1.50129,2.33611,0.42336,0,0,18.483,0.42336,442.007,0,0.889566,0,0,1.11697,0.227405,1.028160,1,0,20.1283,0,0,0,20.1283,0
54.9362,2.60081,0,0,1.27318,0.0831672,0.36288,3.6288,59.9481,0.395941,0,0,0.380446,0.308489,0,0.66528,12.849,1,0.589277,0.36288,0,23.5577,6.19972,17.1316,0.84672,12.849,0.84672,3695.15,0,18.483,0.121419,0.387158,1.65935,2.86232,1.53294,3.25447,0.42336,0,0,18.483,0.42336,442.007,0,1.02816,0,0,1.41532,0.387158,1.028160,1,0,20.3861,0,0,0,20.3861,0
52.8527,2.58611,0,0,0.963749,0.0982274,0.36288,3.6288,59.0816,0.752247,0,0,0.204296,0.318554,0,0.66528,12.849,1,0.604864,0.36288,0,16.6599,6.34872,10.0692,0.84672,12.849,0.84672,3695.15,0,18.483,0.23193,0.227405,1.79189,1.43749,1.54147,1.68338,0.42336,0,0,18.483,0.42336,442.007,0,0.561773,0,0,0.789178,0.227405,1.028160,1,0,11.7526,0,0,0,11.7526,0
50.8522,2.56764,0,0,1.02625,0.0961706,0.36288,3.6288,58.4234,0.592721,0,0,0.251294,0.316794,0,0.66528,12.849,1,0.624219,0.36288,0,21.2003,6.34872,14.5903,0.84672,12.849,0.84672,3695.15,0,18.483,0.185426,0.204422,1.79239,1.60563,1.54147,1.87555,0.42336,0,0,18.483,0.42336,442.007,0,0.768234,0,0,0.972657,0.204422,1.028160,1,0,16.4658,0,0,0,16.4658,0
48.6907,2.54875,0,0,0.844284,0.0941958,0.36288,3.6288,57.4656,0.825359,0,0,0.183013,0.315457,0,0.66528,12.849,1,0.644,0.36288,0,19.4229,6.34872,12.7931,0.84672,12.849,0.84672,3695.15,0,18.483,0.261113,0.204422,1.79289,1.31509,1.54147,1.50982,0.42336,0,0,18.483,0.42336,442.007,0,0.460339,0,0,0.664762,0.204422,1.028160,1,0,14.3029,0,0,0,14.3029,0
46.7611,2.52683,0,0,1.05212,0.0920541,0.36288,3.6288,57.0763,0.392757,0,0,0.317032,0.313511,0,0.66528,12.849,1,0.666806,0.36288,0,18.9327,6.34872,12.28,0.84672,12.849,0.84672,3695.15,0,18.483,0.126325,0.285526,1.79339,2.0511,1.54147,2.46222,0.42336,0,0,18.483,0.42336,442.007,0,1.02816,0,0,1.31369,0.285526,1.028160,1,0,14.7422,0,0,0,14.7422,0
45.0267,2.42948,0,0,1.13822,0.0802251,0.36288,3.6288,56.7919,0.336182,0,0,0.419309,0.367593,0,0.66528,12.849,1,0.667574,0.36288,0,32.2187,6.52612,25.3879,0.84672,12.849,0.84672,3695.15,0,18.483,0.108866,0.642721,1.79389,2.38683,1.55962,3.15496,0.42336,0,0,18.483,0.42336,442.007,0,1.02816,0,0,1.67088,0.642721,1.028160,1,0,28.5429,0,0,0,28.5429,0
43.3561,2.41015,0,0,1.217,0.114604,0.36288,3.6288,56.5313,0.33608,0,0,0.425853,0.350338,0,0.66528,12.849,1,0.68777,0.36288,0,27.7951,6.49527,20.975,0.84672,12.849,0.84672,3695.15,0,18.483,0.109378,0.592652,1.71859,2.08057,1.55177,2.73067,0.42336,0,0,18.483,0.42336,442.007,0,1.02816,0,0,1.62081,0.592652,1.028160,1,0,23.7056,0,0,0,23.7056,0
42.3004,2.39037,0,0,1.82524,0.127627,0.36288,3.6288,56.3491,0.336009,0,0,0.490124,0.336359,0,0.66528,12.849,1,0.708411,0.36288,0,33.8506,6.38484,27.1202,0.84672,12.849,0.84672,3695.15,0,18.483,0.109859,0.988589,1.71907,2.21301,1.51384,3.29696,0.42336,0,0,18.483,0.42336,442.007,0,1.02816,0,0,2.01675,0.988589,1.028160,1,0,30.4172,0,0,0,30.4172,0
41.8984,2.37747,0,0,2.46437,0.126079,0.36288,3.6288,56.4691,0.33605,0,0,0.792023,0.33596,0,0.66528,12.849,1,0.722171,0.36288,0,67.5487,6.38484,60.8046,0.84672,12.849,0.84672,3695.15,0,18.483,0.110227,2.25096,1.71955,3.48596,1.51384,5.8324,0.42336,0,0,18.483,0.42336,442.007,0,1.02816,0,0,3.27912,2.25096,1.028160,1,0,66.637,0,0,0,66.637,0
42.1078,2.31153,0,0,3.03131,0.147424,0.36288,3.6288,56.5905,0.285412,0,0,0.69575,0.28893,0,0.66528,12.849,1,0.70888,0.36288,0,67.7324,5.23972,62.1467,0.84672,12.849,0.84672,3695.15,0,18.483,0.0934186,1.35594,1.72002,3.71176,1.25312,5.44118,0.42336,0,0,18.483,0.42336,442.007,0,1.02816,0,0,2.3841,1.35594,1.028160,1,0,67.5879,0,0,0,67.5879,0
42.6185,2.31488,0,0,3.36552,0.177104,0.36288,3.6288,57.629,0.285858,0,0,1.55037,0.226053,0,0.66528,12.849,1,0.706374,0.36288,0,70.584,3.71291,66.5276,0.84672,12.849,0.84672,3695.15,0,18.483,0.0933639,3.92796,1.65307,6.92384,0.9055,11.506,0.42336,0,0,18.483,0.42336,442.007,0,1.02816,0,0,4.95612,3.92796,1.028160,1,0,78.0336,0,0,0,78.0336,0
42.8469,2.32203,0,0,3.0915,0.178159,0.36288,3.6288,57.9089,0.287428,0,0,0.794934,0.227582,0,0.66528,12.849,1,0.700066,0.36288,0,53.4707,3.71291,49.4206,0.84672,12.849,0.84672,3695.15,0,18.483,0.0921852,1.15602,1.65353,4.04738,0.9055,5.85925,0.42336,0,0,18.483,0.42336,442.007,0,1.02816,0,0,2.18418,1.15602,1.028160,1,0,55.2799,0,0,0,55.2799,0
44.2649,2.32555,0,0,4.30215,0.195747,0.36288,3.6288,58.797,0.288063,0,0,1.42944,0.253208,0,0.66528,12.849,1,0.697389,0.36288,0,80.0885,4.26389,75.4901,0.84672,12.849,0.84672,3695.15,0,18.483,0.0919421,2.87553,1.65399,6.68756,1.06088,10.0643,0.42336,0,0,18.483,0.42336,442.007,0,1.02816,0,0,3.90369,2.87553,1.028160,1,0,85.5543,0,0,0,85.5543,0
46.7092,2.16702,0,0,5.17601,0.201767,0.36288,3.6288,59.613,0.181772,0,0,1.26814,0.270444,0,0.66528,12.849,1,0.629032,0.36288,0,97.1832,4.55335,92.3636,0.84672,12.849,0.84672,3695.15,0,18.483,0.0571403,3.33547,1.65445,7.25114,1.14316,11.0408,0.42336,0,0,18.483,0.42336,442.007,0,1.02816,0,0,4.36363,3.33547,1.028160,1,0,103.404,0,0,0,103.404,0
50.6558,2.19345,0,0,6.69825,0.195347,0.36288,3.6288,60.0664,0.182638,0,0,0.874048,0.238017,0,0.66528,12.849,1,0.603383,0.36288,0,101.513,3.79318,97.4794,0.84672,12.849,0.84672,3695.15,0,18.483,0.0566268,2.11909,1.50292,9.85452,0.91756,12.5023,0.42336,0,0,18.483,0.42336,442.007,0,1.02816,0,0,3.14725,2.11909,1.028160,1,0,109.982,0,0,0,109.982,0
55.4709,2.23156,0,0,7.6534,0.243846,0.36288,3.6288,60.6224,0.183234,0,0,0.967188,0.227926,0,0.66528,12.849,1,0.566043,0.36288,0,154.843,3.78,150.859,0.84672,12.849,0.84672,3695.15,0,18.483,0.0563829,2.24251,1.50334,10.0951,0.902539,12.882,0.42336,0,0,18.483,0.42336,442.007,0,1.02816,0,0,3.27067,2.24251,1.028160,1,0,163.741,0,0,0,163.741,0
59.6471,2.27209,0,0,7.06735,0.256177,0.36288,3.6288,61.1282,0.1839,0,0,0.918449,0.228733,0,0.66528,12.849,1,0.526295,0.36288,0,117.849,3.78,113.905,0.84672,12.849,0.84672,3695.15,0,18.483,0.0560689,2.04331,1.50376,9.68181,0.902539,12.2703,0.42336,0,0,18.483,0.42336,442.007,0,1.02816,0,0,3.07147,2.04331,1.028160,1,0,126.176,0,0,0,126.176,0
65.6914,2.30305,0,0,8.97664,0.266447,0.36288,3.6288,61.308,0.184527,0,0,0.888434,0.234848,0.289266,0.66528,12.849,1,0.496115,0.36288,0,132.681,3.94537,128.602,0.84672,12.849,0.84672,3695.15,0,18.483,0.0557945,2.11058,1.50417,9.55256,0.953878,12.1576,0.42336,0,0,18.483,0.42336,442.007,0,1.02816,0,0,3.13874,2.11058,1.028160,1,0,141.049,0,0,0,141.049,0
68.725,2.41523,0,0,6.07279,0.261113,0.36288,3.6288,61.308,0.21644,0,0,1.44368,0.239152,0.988092,0.66528,12.849,1,0.472409,0.36288,0,109.98,4.25502,105.616,0.84672,12.849,0.84672,3695.15,0,18.483,0.0652517,2.23134,1.50459,8.54081,1.02236,11.1891,0.42336,0,0,18.483,0.42336,442.007,0,1.02816,0,0,3.2595,2.23134,1.028160,1,0,117.793,0,0,0,117.793,0
70.6059,2.43344,0,0,4.96067,0.283396,0.36288,3.6288,61.308,0.216708,0,0,1.57245,0.250237,1.1055,0.66528,12.849,1,0.454963,0.36288,0,111.662,4.46198,107.108,0.84672,12.849,0.84672,3695.15,0,18.483,0.0653325,1.94355,1.55313,7.59197,1.07626,9.94706,0.42336,0,0,18.483,0.42336,442.007,0,1.02816,0,0,2.97171,1.94355,1.028160,1,0,118.161,0,0,0,118.161,0
72.29,2.44435,0,0,4.884,0.287553,0.468017,3.6288,61.308,0.216976,0,0,1.69452,0.250237,1.22731,0.66528,12.849,1,0.444827,0.468017,0,110.026,4.46198,105.587,0.84672,12.849,0.84672,3695.15,0,18.483,0.0654134,2.03197,1.55355,8.48845,1.07626,10.9323,0.42336,0,0,18.483,0.42336,442.007,0,1.02816,0,0,3.06013,2.03197,1.028160,1,0,117.747,0,0,0,117.747,0
72.29,2.4538,0,0,4.69013,0.291275,1.94505,3.6288,61.308,0.217244,0,0,1.76624,0.250237,1.29876,0.66528,12.849,1,0.436144,1.94505,0,98.8908,4.46198,95.9378,0.84672,12.849,0.84672,3695.15,0,18.483,0.0654943,2.24571,1.55396,8.20714,1.07626,10.865,0.42336,0,0,18.483,0.42336,442.007,0,1.02816,0,0,3.27387,2.24571,1.028160,1,0,108.102,0,0,0,108.102,0
72.29,2.69385,0,0,5.18937,0.257906,2.23761,3.6288,61.308,0.335974,0,0,1.45321,0.268786,0.848454,0.66528,12.849,1,0.478812,2.23761,0,124.477,4.59212,121.644,0.84672,12.849,0.84672,3695.15,0,18.483,0.101289,1.88095,1.55438,9.81608,1.29717,11.8529,0.42336,0,0,18.483,0.42336,442.007,0,1.02816,0,0,2.90911,1.88095,1.028160,1,0,134.345,0,0,0,134.345,0
72.0659,2.69457,0,0,3.13975,0.306381,0.36288,3.6288,61.308,0.336273,0,0,1.88327,0.234421,1.31258,0.66528,12.849,1,0.47894,0.36288,0,81.8389,4.4981,77.2248,0.84672,12.849,0.84672,3695.15,0,18.483,0.101379,2.60011,1.72674,8.37052,1.32137,11.2746,0.42336,0,0,18.483,0.42336,442.007,0,1.02816,0,0,3.62827,2.60011,1.028160,1,0,89.812,0,0,0,89.812,0
72.29,2.69402,0,0,4.58755,0.30586,1.36359,3.6288,61.308,0.336573,0,0,2.08513,0.234421,1.51414,0.66528,12.849,1,0.480331,1.36359,0,87.8437,4.4981,84.2289,0.84672,12.849,0.84672,3695.15,0,18.483,0.101469,3.3692,1.7272,11.6734,1.32137,15.347,0.42336,0,0,18.483,0.42336,442.007,0,1.02816,0,0,4.39736,3.3692,1.028160,1,0,101.09,0,0,0,101.09,0
72.29,2.69601,0,0,3.95795,0.321422,0.940521,3.6288,61.308,0.336873,0,0,1.48212,0.225802,0.919447,0.66528,12.849,1,0.479195,0.940521,0,99.862,4.75091,95.5724,0.84672,12.849,0.84672,3695.15,0,18.483,0.10156,2.13515,1.72766,8.66506,1.39299,11.0333,0.42336,0,0,18.483,0.42336,442.007,0,1.02816,0,0,3.16331,2.13515,1.028160,1,0,107.525,0,0,0,107.525,0
72.29,2.3549,0,0,4.95365,0.330075,2.26868,3.6288,61.308,0.178027,0,0,3.03408,0.204622,2.65143,0.66528,12.849,1,0.418565,2.26868,0,104.204,4.7202,101.333,0.84672,12.849,0.84672,3695.15,0,18.483,0.0536713,3.43184,1.72812,9.88813,1.25623,13.7382,0.42336,0,0,18.483,0.42336,442.007,0,1.02816,0,0,4.46,3.43184,1.028160,1,0,117.723,0,0,0,117.723,0
72.29,2.35552,0,0,6.19847,0.315564,3.52738,3.6288,61.308,0.178285,0,0,5.19041,0.178649,4.83348,0.66528,12.849,1,0.418677,3.52738,0,98.2247,4.03861,97.2948,0.84672,12.849,0.84672,3695.15,0,18.483,0.053749,5.04169,1.49311,13.6253,0.999237,19.1071,0.42336,0,0,18.483,0.42336,442.007,0,1.02816,0,0,6.06985,5.04169,1.028160,1,0,121.235,0,0,0,121.235,0
72.29,2.35615,0,0,5.94469,0.315564,3.27298,3.6288,61.308,0.178543,0,0,6.07178,0.178649,5.71459,0.66528,12.849,1,0.418788,3.27298,0,97.3745,4.03861,96.1901,0.84672,12.849,0.84672,3695.15,0,18.483,0.0538267,4.97126,1.49351,10.5545,0.999237,15.9662,0.42336,0,0,18.483,0.42336,442.007,0,1.02816,0,0,5.99942,4.97126,1.028160,1,0,117.871,0,0,0,117.871,0
72.29,2.35678,0,0,10.2335,0.313515,7.56318,3.6288,61.308,0.178801,0,0,9.38313,0.161468,9.04286,0.66528,12.849,1,0.418899,7.56318,0,203.548,3.76965,206.923,0.84672,12.849,0.84672,3695.15,0,18.483,0.0539044,10.5837,1.49391,24.8939,0.953172,35.9644,0.42336,0,0,18.483,0.42336,442.007,0,1.02816,0,0,11.6118,10.5837,1.028160,1,0,251.93,0,0,0,251.93,0
72.29,2.35741,0,0,9.18095,0.310783,6.51276,3.6288,61.308,0.179059,0,0,7.49402,0.138559,7.17641,0.66528,12.849,1,0.419011,6.51276,0,194.45,3.41103,197.133,0.84672,12.849,0.84672,3695.15,0,18.483,0.0539822,8.96469,1.49431,16.1338,0.891752,25.6471,0.42336,0,0,18.483,0.42336,442.007,0,1.02816,0,0,9.99285,8.96469,1.028160,1,0,229.956,0,0,0,229.956,0
72.29,2.44419,0,0,4.64824,0.275383,1.92867,3.6288,61.308,0.218301,0,0,4.94054,0.176113,4.54613,0.66528,12.849,1,0.434436,1.92867,0,105.472,4.47258,102.494,0.84672,12.849,0.84672,3695.15,0,18.483,0.065813,5.09137,1.4947,10.3748,1.02953,15.8656,0.42336,0,0,18.483,0.42336,442.007,0,1.02816,0,0,6.11953,5.09137,1.028160,1,0,122.905,0,0,0,122.905,0
72.29,2.44484,0,0,4.3071,0.28624,1.57602,3.6288,61.308,0.21857,0,0,5.59265,0.204759,5.16933,0.66528,12.849,1,0.434552,1.57602,0,92.6424,4.00197,89.7819,0.84672,12.849,0.84672,3695.15,0,18.483,0.0658939,5.31967,1.55332,10.0443,1.05143,15.8,0.42336,0,0,18.483,0.42336,442.007,0,1.02816,0,0,6.34783,5.31967,1.028160,1,0,110.751,0,0,0,110.751,0
72.29,2.44549,0,0,6.38923,0.28624,3.6575,3.6288,61.308,0.218838,0,0,8.18303,0.204759,7.75943,0.66528,12.849,1,0.434667,3.6575,0,141.786,4.00197,141.007,0.84672,12.849,0.84672,3695.15,0,18.483,0.0659748,9.37414,1.55373,15.7452,1.05143,25.5557,0.42336,0,0,18.483,0.42336,442.007,0,1.02816,0,0,10.4023,9.37414,1.028160,1,0,174.322,0,0,0,174.322,0
72.29,2.44614,0,0,4.87864,0.28624,2.14625,3.6288,61.308,0.219106,0,0,6.88712,0.204759,6.46325,0.66528,12.849,1,0.434783,2.14625,0,105.672,4.00197,103.382,0.84672,12.849,0.84672,3695.15,0,18.483,0.0660557,6.52588,1.55414,12.6738,1.05143,19.6363,0.42336,0,0,18.483,0.42336,442.007,0,1.02816,0,0,7.55404,6.52588,1.028160,1,0,129.481,0,0,0,129.481,0
72.29,2.41307,0,0,4.18177,0.25452,1.51418,3.6288,61.308,0.204217,0,0,4.16161,0.226639,3.73075,0.66528,12.849,1,0.428905,1.51418,0,88.5617,4.03227,85.6147,0.84672,12.849,0.84672,3695.15,0,18.483,0.061567,4.99408,1.55456,8.60855,1.01159,14.084,0.42336,0,0,18.483,0.42336,442.007,0,1.02816,0,0,6.02224,4.99408,1.028160,1,0,103.43,0,0,0,103.43,0
72.29,2.41371,0,0,3.63685,0.23073,0.992411,3.6288,61.308,0.204482,0,0,2.38506,0.243049,1.93753,0.66528,12.849,1,0.429019,0.992411,0,72.1155,4.05499,68.6239,0.84672,12.849,0.84672,3695.15,0,18.483,0.0616467,3.66313,1.53229,6.43537,0.981712,10.5874,0.42336,0,0,18.483,0.42336,442.007,0,1.02816,0,0,4.69129,3.66313,1.028160,1,0,81.1488,0,0,0,81.1488,0
72.2345,2.41435,0,0,2.95244,0.23073,0.36288,3.6288,61.308,0.204746,0,0,2.11318,0.243049,1.66538,0.66528,12.849,1,0.429133,0.36288,0,61.4015,4.05499,57.2802,0.84672,12.849,0.84672,3695.15,0,18.483,0.0617265,3.25522,1.53269,5.53218,0.981712,9.27665,0.42336,0,0,18.483,0.42336,442.007,0,1.02816,0,0,4.28338,3.25522,1.028160,1,0,68.2222,0,0,0,68.2222,0
71.8597,2.41472,0,0,2.63347,0.230633,0.36288,3.6288,61.308,0.205011,0,0,1.7943,0.243049,1.34624,0.66528,12.849,1,0.429527,0.36288,0,58.5636,4.05499,54.442,0.84672,12.849,0.84672,3695.15,0,18.483,0.0618062,2.1604,1.5331,5.20182,0.981712,7.8518,0.42336,0,0,18.483,0.42336,442.007,0,1.02816,0,0,3.18856,2.1604,1.028160,1,0,63.64,0,0,0,63.64,0
71.9403,2.52794,0,0,3.19202,0.220578,0.36288,3.6288,61.308,0.259085,0,0,2.03598,0.243098,1.5338,0.66528,12.849,1,0.452013,0.36288,0,65.6748,4.09485,61.4908,0.84672,12.849,0.84672,3695.15,0,18.483,0.0781084,2.3457,1.53351,6.11246,0.976969,8.9366,0.42336,0,0,18.483,0.42336,442.007,0,1.02816,0,0,3.37386,2.3457,1.028160,1,0,71.9612,0,0,0,71.9612,0
71.6338,2.52905,0,0,2.74965,0.164282,0.36288,3.6288,61.308,0.259364,0,0,1.76513,0.243392,1.26238,0.66528,12.849,1,0.451704,0.36288,0,53.0963,4.33398,48.6735,0.84672,12.849,0.84672,3695.15,0,18.483,0.0781925,2.46208,1.61332,5.05003,0.94851,8.09872,0.42336,0,0,18.483,0.42336,442.007,0,1.02816,0,0,3.49024,2.46208,1.028160,1,0,58.0346,0,0,0,58.0346,0
71.189,2.52808,0,0,2.61004,0.163899,0.36288,3.6288,61.308,0.259643,0,0,1.61097,0.243392,1.10794,0.66528,12.849,1,0.453463,0.36288,0,48.1168,4.33398,43.6922,0.84672,12.849,0.84672,3695.15,0,18.483,0.0782766,2.08507,1.61374,4.73999,0.94851,7.41202,0.42336,0,0,18.483,0.42336,442.007,0,1.02816,0,0,3.11323,2.08507,1.028160,1,0,52.2122,0,0,0,52.2122,0
70.5382,2.52635,0,0,2.36608,0.127653,0.36288,3.6288,61.308,0.259922,0,0,1.53787,0.267001,1.01095,0.66528,12.849,1,0.455985,0.36288,0,42.4263,4.60173,37.7315,0.84672,12.849,0.84672,3695.15,0,18.483,0.0783607,1.98335,1.61417,4.61685,1.01692,7.11909,0.42336,0,0,18.483,0.42336,442.007,0,1.02816,0,0,3.01151,1.98335,1.028160,1,0,45.8615,0,0,0,45.8615,0
69.7749,2.52346,0,0,2.23587,0.112813,0.36288,3.6288,61.308,0.260201,0,0,1.46908,0.276444,0.932431,0.66528,12.849,1,0.459666,0.36288,0,41.0625,4.70883,36.2568,0.84672,12.849,0.84672,3695.15,0,18.483,0.0784449,1.77939,1.6146,4.60402,1.04429,6.87529,0.42336,0,0,18.483,0.42336,442.007,0,1.02816,0,0,2.80755,1.77939,1.028160,1,0,44.0646,0,0,0,44.0646,0
69.7694,2.49732,0,0,2.95206,0.0973002,0.36288,3.6288,61.308,0.290094,0,0,1.61326,0.261863,1.0613,0.66528,12.849,1,0.459879,0.36288,0,56.3228,4.55745,51.6683,0.84672,12.849,0.84672,3695.15,0,18.483,0.087457,2.49849,1.61503,7.42376,1.0539,10.3959,0.42336,0,0,18.483,0.42336,442.007,0,1.02816,0,0,3.52665,2.49849,1.028160,1,0,63.1255,0,0,0,63.1255,0
69.6782,2.49795,0,0,2.86438,0.0948211,0.36288,3.6288,61.308,0.290381,0,0,1.59452,0.259433,1.04471,0.66528,12.849,1,0.460032,0.36288,0,58.3207,4.53222,53.6913,0.84672,12.849,0.84672,3695.15,0,18.483,0.0875435,2.59655,1.64023,8.00245,1.05551,11.0962,0.42336,0,0,18.483,0.42336,442.007,0,1.02816,0,0,3.62471,2.59655,1.028160,1,0,65.8322,0,0,0,65.8322,0
69.3228,2.4981,0,0,2.60038,0.0947542,0.36288,3.6288,61.308,0.290669,0,0,1.50633,0.259433,0.95623,0.66528,12.849,1,0.460663,0.36288,0,56.5874,4.53222,51.9574,0.84672,12.849,0.84672,3695.15,0,18.483,0.0876301,2.24098,1.64067,7.52216,1.05551,10.2607,0.42336,0,0,18.483,0.42336,442.007,0,1.02816,0,0,3.26914,2.24098,1.028160,1,0,63.1743,0,0,0,63.1743,0
68.759,2.49678,0,0,2.38105,0.0851864,0.36288,3.6288,61.308,0.290956,0,0,1.43364,0.281371,0.861317,0.66528,12.849,1,0.462778,0.36288,0,49.9032,4.81452,44.9888,0.84672,12.849,0.84672,3695.15,0,18.483,0.0877167,2.10684,1.6411,7.30512,1.15855,9.80679,0.42336,0,0,18.483,0.42336,442.007,0,1.02816,0,0,3.135,2.10684,1.028160,1,0,55.6569,0,0,0,55.6569,0
68.0736,2.55245,0,0,2.29395,0.0639918,0.36288,3.6288,61.308,0.317664,0,0,1.31114,0.322809,0.670665,0.66528,12.849,1,0.476977,0.36288,0,44.5414,5.51167,38.9157,0.84672,12.849,0.84672,3695.15,0,18.483,0.0957685,2.06201,1.64154,7.10942,1.39644,9.32076,0.42336,0,0,18.483,0.42336,442.007,0,1.02816,0,0,3.09017,2.06201,1.028160,1,0,48.9071,0,0,0,48.9071,0
67.1548,2.54909,0,0,2.0599,0.0667588,0.36288,3.6288,61.308,0.317958,0,0,1.13689,0.304932,0.513995,0.66528,12.849,1,0.481144,0.36288,0,40.0269,5.50021,34.4084,0.84672,12.849,0.84672,3695.15,0,18.483,0.0958572,1.91966,1.68149,6.36757,1.37014,8.50272,0.42336,0,0,18.483,0.42336,442.007,0,1.02816,0,0,2.94782,1.91966,1.028160,1,0,43.4251,0,0,0,43.4251,0
66.1638,2.54424,0,0,1.98236,0.066278,0.36288,3.6288,61.308,0.318252,0,0,1.0767,0.304932,0.453515,0.66528,12.849,1,0.4868,0.36288,0,38.7147,5.50021,33.0906,0.84672,12.849,0.84672,3695.15,0,18.483,0.095946,1.9359,1.68194,5.95854,1.37014,8.1103,0.42336,0,0,18.483,0.42336,442.007,0,1.02816,0,0,2.96406,1.9359,1.028160,1,0,41.6544,0,0,0,41.6544,0
65.1166,2.53881,0,0,1.92024,0.0657594,0.36288,3.6288,61.308,0.318547,0,0,0.992356,0.304932,0.368877,0.66528,12.849,1,0.493036,0.36288,0,40.1443,5.50021,34.5139,0.84672,12.849,0.84672,3695.15,0,18.483,0.0960348,1.82219,1.68238,6.2761,1.37014,8.3145,0.42336,0,0,18.483,0.42336,442.007,0,1.02816,0,0,2.85035,1.82219,1.028160,1,0,43.1973,0,0,0,43.1973,0
63.6838,2.70202,0,0,1.69275,0.0605773,0.36288,3.6288,61.308,0.414307,0,0,0.904634,0.307522,0.182804,0.66528,12.849,1,0.53317,0.36288,0,34.377,5.57499,28.6317,0.84672,12.849,0.84672,3695.15,0,18.483,0.124904,1.62388,1.68283,5.74345,1.38508,7.54018,0.42336,0,0,18.483,0.42336,442.007,0,1.02816,0,0,2.65204,1.62388,1.028160,1,0,36.3547,0,0,0,36.3547,0
62.8692,2.69275,0,0,2.31391,0.0728904,0.36288,3.6288,61.308,0.414627,0,0,1.02873,0.300013,0.314091,0.66528,12.849,1,0.543296,0.36288,0,34.6753,5.82161,28.6733,0.84672,12.849,0.84672,3695.15,0,18.483,0.125001,1.79061,1.81723,6.17404,1.33327,8.3236,0.42336,0,0,18.483,0.42336,442.007,0,1.02816,0,0,2.81877,1.79061,1.028160,1,0,37.311,0,0,0,37.311,0
62.3364,2.68762,0,0,2.58555,0.0678588,0.36288,3.6288,61.308,0.414947,0,0,1.26415,0.302603,0.546603,0.66528,12.849,1,0.549287,0.36288,0,44.1238,5.89638,38.041,0.84672,12.849,0.84672,3695.15,0,18.483,0.125097,2.51165,1.81771,6.55342,1.34821,9.40947,0.42336,0,0,18.483,0.42336,442.007,0,1.02816,0,0,3.53981,2.51165,1.028160,1,0,47.9971,0,0,0,47.9971,0
61.2642,2.68444,0,0,2.04267,0.0675634,0.36288,3.6288,61.308,0.415267,0,0,0.922787,0.302603,0.204917,0.66528,12.849,1,0.553326,0.36288,0,45.5344,5.89638,39.4476,0.84672,12.849,0.84672,3695.15,0,18.483,0.125194,1.50779,1.81819,5.19266,1.34821,7.04524,0.42336,0,0,18.483,0.42336,442.007,0,1.02816,0,0,2.53595,1.50779,1.028160,1,0,46.6978,0,0,0,46.6978,0
60.6871,2.67715,0,0,2.52989,0.0669688,0.36288,3.6288,61.308,0.415587,0,0,1.53519,0.302603,0.817,0.66528,12.849,1,0.56148,0.36288,0,40.3539,5.89638,34.2589,0.84672,12.849,0.84672,3695.15,0,18.483,0.12529,3.49494,1.81867,7.80308,1.34821,11.6432,0.42336,0,0,18.483,0.42336,442.007,0,1.02816,0,0,4.5231,3.49494,1.028160,1,0,46.7191,0,0,0,46.7191,0
60.3392,2.59188,0,0,2.68949,0.0826145,0.36288,3.6288,61.308,0.357886,0,0,1.1994,0.269529,0.571981,0.66528,12.849,1,0.548766,0.36288,0,50.8835,6.01128,44.6863,0.84672,12.849,0.84672,3695.15,0,18.483,0.107895,1.99144,1.81916,7.48181,1.43063,9.75388,0.42336,0,0,18.483,0.42336,442.007,0,1.02816,0,0,3.0196,1.99144,1.028160,1,0,55.0122,0,0,0,55.0122,0
61.5429,2.58996,0,0,4.24523,0.0887431,0.36288,3.6288,61.308,0.358191,0,0,1.76468,0.2563,1.15019,0.66528,12.849,1,0.551521,0.36288,0,40.2308,6.05724,33.9849,0.84672,12.849,0.84672,3695.15,0,18.483,0.107987,3.82998,1.74278,10.5309,1.4636,14.5321,0.42336,0,0,18.483,0.42336,442.007,0,1.02816,0,0,4.85814,3.82998,1.028160,1,0,49.6671,0,0,0,49.6671,0
61.1918,2.59957,0,0,2.70099,0.0896344,0.36288,3.6288,61.308,0.358496,0,0,1.24105,0.2563,0.626254,0.66528,12.849,1,0.542742,0.36288,0,61.4048,6.05724,55.1677,0.84672,12.849,0.84672,3695.15,0,18.483,0.108078,2.88058,1.74324,7.2201,1.4636,10.2722,0.42336,0,0,18.483,0.42336,442.007,0,1.02816,0,0,3.90874,2.88058,1.028160,1,0,66.0662,0,0,0,66.0662,0
60.3566,2.59769,0,0,2.21473,0.0893745,0.36288,3.6288,61.308,0.358801,0,0,1.13329,0.2563,0.518191,0.66528,12.849,1,0.54546,0.36288,0,35.6225,6.05724,29.3826,0.84672,12.849,0.84672,3695.15,0,18.483,0.10817,1.66684,1.7437,5.15947,1.4636,6.99824,0.42336,0,0,18.483,0.42336,442.007,0,1.02816,0,0,2.695,1.66684,1.028160,1,0,36.8991,0,0,0,36.8991,0
60.1849,2.52519,0,0,2.88388,0.167472,0.36288,3.6288,61.308,0.306236,0,0,1.5801,0.238589,1.03528,0.66528,12.849,1,0.537575,0.36288,0,53.4549,5.23878,48.0414,0.84672,12.849,0.84672,3695.15,0,18.483,0.0923232,2.23917,1.74416,8.04889,1.29379,10.6461,0.42336,0,0,18.483,0.42336,442.007,0,1.02816,0,0,3.26733,2.23917,1.028160,1,0,59.7228,0,0,0,59.7228,0
60.8431,2.5246,0,0,3.77161,0.225952,0.36288,3.6288,61.308,0.306526,0,0,1.62143,0.193474,1.12143,0.66528,12.849,1,0.538981,0.36288,0,64.3792,4.15411,60.049,0.84672,12.849,0.84672,3695.15,0,18.483,0.0924109,1.88251,1.67625,10.066,1.0488,12.4836,0.42336,0,0,18.483,0.42336,442.007,0,1.02816,0,0,2.91067,1.88251,1.028160,1,0,73.654,0,0,0,73.654,0
61.4123,2.53008,0,0,3.68939,0.227228,0.36288,3.6288,61.308,0.306818,0,0,1.43185,0.193474,0.931555,0.66528,12.849,1,0.534309,0.36288,0,63.5267,4.15411,59.2012,0.84672,12.849,0.84672,3695.15,0,18.483,0.0924987,1.8487,1.67669,12.7489,1.0488,15.133,0.42336,0,0,18.483,0.42336,442.007,0,1.02816,0,0,2.87686,1.8487,1.028160,1,0,75.2658,0,0,0,75.2658,0
62.1833,2.53485,0,0,3.89703,0.228303,0.36288,3.6288,61.308,0.307109,0,0,2.71879,0.193474,2.21821,0.66528,12.849,1,0.530354,0.36288,0,71.3612,4.15411,67.0396,0.84672,12.849,0.84672,3695.15,0,18.483,0.0925864,2.93874,1.67713,11.3054,1.0488,14.7799,0.42336,0,0,18.483,0.42336,442.007,0,1.02816,0,0,3.9669,2.93874,1.028160,1,0,84.0378,0,0,0,84.0378,0
62.4792,2.34961,0,0,3.25262,0.244182,0.36288,3.6288,61.308,0.19717,0,0,2.136,0.198086,1.74074,0.66528,12.849,1,0.485502,0.36288,0,62.8456,3.79871,58.9243,0.84672,12.849,0.84672,3695.15,0,18.483,0.0594424,2.29567,1.67758,14.7582,0.9732,17.6989,0.42336,0,0,18.483,0.42336,442.007,0,1.02816,0,0,3.32383,2.29567,1.028160,1,0,78.3639,0,0,0,78.3639,0
62.4506,2.35214,0,0,2.91756,0.231155,0.36288,3.6288,61.308,0.197432,0,0,1.54336,0.2153,1.13063,0.66528,12.849,1,0.483723,0.36288,0,44.2816,4.45452,39.7062,0.84672,12.849,0.84672,3695.15,0,18.483,0.0595214,1.67955,1.52392,8.72312,1.02459,10.8425,0.42336,0,0,18.483,0.42336,442.007,0,1.02816,0,0,2.70771,1.67955,1.028160,1,0,51.6793,0,0,0,51.6793,0
64.7451,2.35258,0,0,5.24105,0.231101,0.36288,3.6288,61.308,0.197694,0,0,2.40471,0.2153,1.99172,0.66528,12.849,1,0.484035,0.36288,0,115.879,4.45452,111.303,0.84672,12.849,0.84672,3695.15,0,18.483,0.0596004,2.47918,1.52432,10.1939,1.02459,13.1132,0.42336,0,0,18.483,0.42336,442.007,0,1.02816,0,0,3.50734,2.47918,1.028160,1,0,126.408,0,0,0,126.408,0
66.5385,2.36752,0,0,4.75927,0.235449,0.36288,3.6288,61.308,0.197956,0,0,1.79965,0.2153,1.3864,0.66528,12.849,1,0.469847,0.36288,0,71.1198,4.45452,66.5583,0.84672,12.849,0.84672,3695.15,0,18.483,0.0596793,2.29095,1.52472,9.53027,1.02459,12.2617,0.42336,0,0,18.483,0.42336,442.007,0,1.02816,0,0,3.31911,2.29095,1.028160,1,0,80.2064,0,0,0,80.2064,0
66.9881,2.37877,0,0,3.47609,0.284901,0.36288,3.6288,61.308,0.198218,0,0,0.834823,0.220059,0.416545,0.66528,12.849,1,0.459355,0.36288,0,81.7286,3.95764,77.6745,0.84672,12.849,0.84672,3695.15,0,18.483,0.0597584,1.14253,1.52513,7.01387,0.920331,8.70143,0.42336,0,0,18.483,0.42336,442.007,0,1.02816,0,0,2.17069,1.14253,1.028160,1,0,86.7925,0,0,0,86.7925,0
67.1766,2.45659,0,0,3.31134,0.303372,0.36288,3.6288,61.308,0.230435,0,0,1.43405,0.174668,1.02895,0.66528,12.849,1,0.471199,0.36288,0,102.85,3.50738,99.234,0.84672,12.849,0.84672,3695.15,0,18.483,0.0694709,2.41238,1.52553,11.992,0.792849,15.0676,0.42336,0,0,18.483,0.42336,442.007,0,1.02816,0,0,3.44054,2.41238,1.028160,1,0,115.331,0,0,0,115.331,0
66.6767,2.45832,0,0,2.62438,0.30305,0.36288,3.6288,61.308,0.230694,0,0,1.81703,0.139197,1.44714,0.66528,12.849,1,0.470209,0.36288,0,77.8152,3.31874,74.3891,0.84672,12.849,0.84672,3695.15,0,18.483,0.0695492,3.183,1.57473,12.3713,0.728514,16.3309,0.42336,0,0,18.483,0.42336,442.007,0,1.02816,0,0,4.21116,3.183,1.028160,1,0,92.1672,0,0,0,92.1672,0
65.9351,2.45599,0,0,2.3791,0.301854,0.36288,3.6288,61.308,0.230954,0,0,1.52437,0.139197,1.15422,0.66528,12.849,1,0.473285,0.36288,0,53.0934,3.31874,49.6643,0.84672,12.849,0.84672,3695.15,0,18.483,0.0696275,2.38925,1.57513,10.3461,0.728514,13.5124,0.42336,0,0,18.483,0.42336,442.007,0,1.02816,0,0,3.41741,2.38925,1.028160,1,0,64.3309,0,0,0,64.3309,0
65.7699,2.45216,0,0,2.9649,0.314984,0.36288,3.6288,61.308,0.231214,0,0,1.81917,0.131766,1.45619,0.66528,12.849,1,0.477861,0.36288,0,83.6511,3.42916,80.107,0.84672,12.849,0.84672,3695.15,0,18.483,0.0697058,3.09565,1.57553,12.8548,0.704119,16.7521,0.42336,0,0,18.483,0.42336,442.007,0,1.02816,0,0,4.12381,3.09565,1.028160,1,0,98.3153,0,0,0,98.3153,0
66.2681,2.69092,0,0,3.87481,0.322861,0.36288,3.6288,61.308,0.351576,0,0,1.66911,0.144435,1.1731,0.66528,12.849,1,0.525706,0.36288,0,87.7071,3.54872,83.9956,0.84672,12.849,0.84672,3695.15,0,18.483,0.105992,2.94207,1.57593,14.9154,0.834186,18.4932,0.42336,0,0,18.483,0.42336,442.007,0,1.02816,0,0,3.97023,2.94207,1.028160,1,0,103.662,0,0,0,103.662,0
69.911,2.69492,0,0,7.02732,0.326571,0.36288,3.6288,61.308,0.351866,0,0,4.33531,0.121377,3.86207,0.66528,12.849,1,0.522529,0.36288,0,188.615,3.62071,184.834,0.84672,12.849,0.84672,3695.15,0,18.483,0.10608,7.71064,1.75067,36.1104,0.856241,44.6094,0.42336,0,0,18.483,0.42336,442.007,0,1.02816,0,0,8.7388,7.71064,1.028160,1,0,233.306,0,0,0,233.306,0
70.8162,2.71861,0,0,4.32272,0.33603,0.36288,3.6288,61.308,0.352157,0,0,3.54929,0.121377,3.07575,0.66528,12.849,1,0.499655,0.36288,0,99.0697,3.62071,95.3122,0.84672,12.849,0.84672,3695.15,0,18.483,0.106167,4.62372,1.75112,19.3221,0.856241,24.7345,0.42336,0,0,18.483,0.42336,442.007,0,1.02816,0,0,5.65188,4.62372,1.028160,1,0,123.122,0,0,0,123.122,0
70.8846,2.72471,0,0,3.4943,0.33838,0.36288,3.6288,61.308,0.352447,0,0,2.65855,0.121377,2.18473,0.66528,12.849,1,0.494375,0.36288,0,70.7348,3.62071,66.9826,0.84672,12.849,0.84672,3695.15,0,18.483,0.106255,2.36633,1.75156,13.4636,0.856241,16.619,0.42336,0,0,18.483,0.42336,442.007,0,1.02816,0,0,3.39449,2.36633,1.028160,1,0,85.7864,0,0,0,85.7864,0
71.3271,2.38029,0,0,3.51324,0.327564,0.36288,3.6288,61.308,0.191394,0,0,2.6268,0.142691,2.29272,0.66528,12.849,1,0.431467,0.36288,0,66.9592,3.72416,63.1665,0.84672,12.849,0.84672,3695.15,0,18.483,0.0577011,2.29185,1.75201,13.8497,0.904324,16.9316,0.42336,0,0,18.483,0.42336,442.007,0,1.02816,0,0,3.32001,2.29185,1.028160,1,0,82.3908,0,0,0,82.3908,0
72.29,2.38317,0,0,5.41515,0.33039,1.73867,3.6288,61.308,0.191644,0,0,3.99574,0.175891,3.62821,0.66528,12.849,1,0.429308,1.73867,0,157.988,4.16231,155.136,0.84672,12.849,0.84672,3695.15,0,18.483,0.0577763,4.8437,1.51373,20.6709,1.0323,25.9383,0.42336,0,0,18.483,0.42336,442.007,0,1.02816,0,0,5.87186,4.8437,1.028160,1,0,184.702,0,0,0,184.702,0
72.29,2.38863,0,0,5.87789,0.332822,3.15644,3.6288,61.308,0.191893,0,0,3.74375,0.175891,3.37596,0.66528,12.849,1,0.424561,3.15644,0,166.478,4.16231,165.048,0.84672,12.849,0.84672,3695.15,0,18.483,0.0578516,5.41668,1.51412,25.59,1.0323,31.4307,0.42336,0,0,18.483,0.42336,442.007,0,1.02816,0,0,6.44484,5.41668,1.028160,1,0,199.854,0,0,0,199.854,0
72.29,2.38924,0,0,5.26066,0.264373,2.60705,3.6288,61.308,0.192143,0,0,3.20417,0.135643,2.87638,0.66528,12.849,1,0.424669,2.60705,0,159.23,3.64463,157.768,0.84672,12.849,0.84672,3695.15,0,18.483,0.0579268,4.7302,1.5145,22.7158,0.957088,27.9455,0.42336,0,0,18.483,0.42336,442.007,0,1.02816,0,0,5.75836,4.7302,1.028160,1,0,188.59,0,0,0,188.59,0
72.29,2.38984,0,0,4.4748,0.329465,1.75549,3.6288,61.308,0.192393,0,0,2.73438,0.146845,2.39514,0.66528,12.849,1,0.424776,1.75549,0,136.819,4.20073,133.949,0.84672,12.849,0.84672,3695.15,0,18.483,0.0580021,3.47952,1.51489,17.0675,1.03187,20.9721,0.42336,0,0,18.483,0.42336,442.007,0,1.02816,0,0,4.50768,3.47952,1.028160,1,0,157.316,0,0,0,157.316,0
72.29,2.47779,0,0,4.54973,0.335271,1.73667,3.6288,61.308,0.232163,0,0,3.84749,0.194624,3.4207,0.66528,12.849,1,0.440409,1.73667,0,130.887,4.14314,128.04,0.84672,12.849,0.84672,3695.15,0,18.483,0.069992,3.34746,1.51527,18.7115,1.19935,22.3049,0.42336,0,0,18.483,0.42336,442.007,0,1.02816,0,0,4.37562,3.34746,1.028160,1,0,153.766,0,0,0,153.766,0
72.29,2.47842,0,0,5.0024,0.337594,2.18638,3.6288,61.308,0.232423,0,0,5.30665,0.213736,4.86049,0.66528,12.849,1,0.440521,2.18638,0,142.455,4.12009,140.081,0.84672,12.849,0.84672,3695.15,0,18.483,0.0700703,5.2954,1.57467,29.4965,1.26635,35.0302,0.42336,0,0,18.483,0.42336,442.007,0,1.02816,0,0,6.32356,5.2954,1.028160,1,0,179.972,0,0,0,179.972,0
72.29,2.47905,0,0,5.1912,0.337594,2.37455,3.6288,61.308,0.232683,0,0,4.06499,0.213736,3.61857,0.66528,12.849,1,0.440633,2.37455,0,147.486,4.12009,145.299,0.84672,12.849,0.84672,3695.15,0,18.483,0.0701486,5.58671,1.57507,19.6801,1.26635,25.5054,0.42336,0,0,18.483,0.42336,442.007,0,1.02816,0,0,6.61487,5.58671,1.028160,1,0,174.423,0,0,0,174.423,0
72.29,2.47968,0,0,3.6488,0.337594,0.831526,3.6288,61.308,0.232942,0,0,3.59988,0.213736,3.1532,0.66528,12.849,1,0.440745,0.831526,0,114.512,4.12009,110.783,0.84672,12.849,0.84672,3695.15,0,18.483,0.070227,4.60504,1.57547,14.3455,1.26635,19.1895,0.42336,0,0,18.483,0.42336,442.007,0,1.02816,0,0,5.6332,4.60504,1.028160,1,0,133.125,0,0,0,133.125,0
72.29,2.44613,0,0,3.24483,0.28383,0.514873,3.6288,61.308,0.217837,0,0,2.55888,0.233562,2.10748,0.66528,12.849,1,0.43478,0.514873,0,89.2192,4.44806,84.8513,0.84672,12.849,0.84672,3695.15,0,18.483,0.0656731,3.22286,1.57587,11.8721,1.28499,15.3201,0.42336,0,0,18.483,0.42336,442.007,0,1.02816,0,0,4.25102,3.22286,1.028160,1,0,102.279,0,0,0,102.279,0
72.0128,2.44675,0,0,2.8071,0.274641,0.36288,3.6288,61.308,0.218093,0,0,1.74334,0.226692,1.29856,0.66528,12.849,1,0.434891,0.36288,0,70.8281,4.47814,66.278,0.84672,12.849,0.84672,3695.15,0,18.483,0.0657503,2.0298,1.55328,10.554,1.22969,12.8416,0.42336,0,0,18.483,0.42336,442.007,0,1.02816,0,0,3.05796,2.0298,1.028160,1,0,80.4182,0,0,0,80.4182,0
71.4272,2.44595,0,0,2.49726,0.274063,0.36288,3.6288,61.308,0.218349,0,0,1.55993,0.226692,1.11489,0.66528,12.849,1,0.436422,0.36288,0,60.7325,4.47814,56.1809,0.84672,12.849,0.84672,3695.15,0,18.483,0.0658275,1.64727,1.55367,9.02413,1.22969,10.9296,0.42336,0,0,18.483,0.42336,442.007,0,1.02816,0,0,2.67543,1.64727,1.028160,1,0,68.2253,0,0,0,68.2253,0
70.6504,2.44354,0,0,2.28955,0.259965,0.36288,3.6288,61.308,0.218606,0,0,1.41142,0.209626,0.983191,0.66528,12.849,1,0.439566,0.36288,0,55.7226,4.12426,51.5216,0.84672,12.849,0.84672,3695.15,0,18.483,0.0659047,1.4532,1.55407,8.43316,1.13994,10.2346,0.42336,0,0,18.483,0.42336,442.007,0,1.02816,0,0,2.48136,1.4532,1.028160,1,0,62.7394,0,0,0,62.7394,0
69.6472,2.55582,0,0,2.15689,0.241354,0.36288,3.6288,61.308,0.273406,0,0,1.3494,0.18687,0.889119,0.66528,12.849,1,0.46482,0.36288,0,52.177,3.65243,48.4226,0.84672,12.849,0.84672,3695.15,0,18.483,0.0824258,1.57311,1.55446,7.91649,1.02027,9.94137,0.42336,0,0,18.483,0.42336,442.007,0,1.02816,0,0,2.60127,1.57311,1.028160,1,0,59.2531,0,0,0,59.2531,0
68.6182,2.55081,0,0,2.04734,0.162648,0.36288,3.6288,61.308,0.273676,0,0,1.17563,0.252599,0.649353,0.66528,12.849,1,0.470591,0.36288,0,50.9581,4.78034,46.0701,0.84672,12.849,0.84672,3695.15,0,18.483,0.0825072,1.21332,1.63534,6.80538,1.2542,8.31733,0.42336,0,0,18.483,0.42336,442.007,0,1.02816,0,0,2.24148,1.21332,1.028160,1,0,55.0367,0,0,0,55.0367,0
67.3574,2.54551,0,0,1.80891,0.161352,0.36288,3.6288,61.308,0.273946,0,0,1.09823,0.252599,0.571685,0.66528,12.849,1,0.476656,0.36288,0,46.8877,4.78034,41.9936,0.84672,12.849,0.84672,3695.15,0,18.483,0.0825886,1.02619,1.63575,6.06723,1.2542,7.39239,0.42336,0,0,18.483,0.42336,442.007,0,1.02816,0,0,2.05435,1.02619,1.028160,1,0,49.9577,0,0,0,49.9577,0
66.0277,2.53867,0,0,1.7316,0.159764,0.36288,3.6288,61.308,0.274216,0,0,1.02612,0.252599,0.499306,0.66528,12.849,1,0.484272,0.36288,0,44.0765,4.78034,39.1748,0.84672,12.849,0.84672,3695.15,0,18.483,0.0826701,0.845363,1.63617,5.61235,1.2542,6.75702,0.42336,0,0,18.483,0.42336,442.007,0,1.02816,0,0,1.87352,0.845363,1.028160,1,0,46.4311,0,0,0,46.4311,0
64.5166,2.53114,0,0,1.54103,0.158089,0.36288,3.6288,61.308,0.274486,0,0,0.941458,0.252599,0.414372,0.66528,12.849,1,0.492561,0.36288,0,39.7476,4.78034,34.8376,0.84672,12.849,0.84672,3695.15,0,18.483,0.0827515,0.679631,1.63659,5.40844,1.2542,6.3877,0.42336,0,0,18.483,0.42336,442.007,0,1.02816,0,0,1.70779,0.679631,1.028160,1,0,41.6397,0,0,0,41.6397,0
63.1724,2.49957,0,0,1.64142,0.123124,0.36288,3.6288,61.308,0.304773,0,0,1.01578,0.245045,0.465961,0.66528,12.849,1,0.49781,0.36288,0,37.4367,4.75169,32.5501,0.84672,12.849,0.84672,3695.15,0,18.483,0.0918823,0.772096,1.637,4.66484,1.18059,5.80146,0.42336,0,0,18.483,0.42336,442.007,0,1.02816,0,0,1.80026,0.772096,1.028160,1,0,38.8175,0,0,0,38.8175,0
61.8767,2.4914,0,0,1.68604,0.127469,0.36288,3.6288,61.308,0.305051,0,0,1.01826,0.228802,0.484405,0.66528,12.849,1,0.506741,0.36288,0,36.2167,4.59029,31.4826,0.84672,12.849,0.84672,3695.15,0,18.483,0.091966,0.849735,1.66252,4.70391,1.11284,6.01137,0.42336,0,0,18.483,0.42336,442.007,0,1.02816,0,0,1.8779,0.849735,1.028160,1,0,37.9783,0,0,0,37.9783,0
60.5216,2.48325,0,0,1.60834,0.11731,0.36288,3.6288,61.308,0.305329,0,0,0.994067,0.244347,0.444391,0.66528,12.849,1,0.515659,0.36288,0,34.0567,4.80745,29.0965,0.84672,12.849,0.84672,3695.15,0,18.483,0.0920499,0.861451,1.66294,4.71149,1.18633,5.9575,0.42336,0,0,18.483,0.42336,442.007,0,1.02816,0,0,1.88961,0.861451,1.028160,1,0,35.4984,0,0,0,35.4984,0
58.9974,2.47435,0,0,1.40751,0.0944973,0.36288,3.6288,61.308,0.305607,0,0,0.939203,0.279189,0.354407,0.66528,12.849,1,0.525316,0.36288,0,32.0018,5.55378,26.2856,0.84672,12.849,0.84672,3695.15,0,18.483,0.0921337,0.677618,1.66337,4.58484,1.44553,5.38817,0.42336,0,0,18.483,0.42336,442.007,0,1.02816,0,0,1.70578,0.677618,1.028160,1,0,32.0281,0,0,0,32.0281,0
57.2944,2.52133,0,0,1.27436,0.093159,0.36288,3.6288,61.308,0.332663,0,0,0.832153,0.288561,0.210929,0.66528,12.849,1,0.549119,0.36288,0,27.943,5.89539,21.8613,0.84672,12.849,0.84672,3695.15,0,18.483,0.100291,0.594,1.66379,4.11425,1.54113,4.73062,0.42336,0,0,18.483,0.42336,442.007,0,1.02816,0,0,1.62216,0.594,1.028160,1,0,26.8029,0,0,0,26.8029,0
55.5742,2.50864,0,0,1.24203,0.0907404,0.36288,3.6288,61.308,0.332948,0,0,0.854358,0.325387,0.196023,0.66528,12.849,1,0.562594,0.36288,0,31.0243,6.07141,24.7532,0.84672,12.849,0.84672,3695.15,0,18.483,0.100376,0.406011,1.70426,3.54868,1.52865,4.02993,0.42336,0,0,18.483,0.42336,442.007,0,1.02816,0,0,1.43417,0.406011,1.028160,1,0,28.9792,0,0,0,28.9792,0
53.7834,2.49513,0,0,1.15648,0.089208,0.36288,3.6288,61.308,0.333233,0,0,0.741208,0.325387,0.0825882,0.66528,12.849,1,0.576885,0.36288,0,26.2691,6.07141,19.9836,0.84672,12.849,0.84672,3695.15,0,18.483,0.100462,0.522115,1.70469,3.5814,1.52865,4.1791,0.42336,0,0,18.483,0.42336,442.007,0,1.02816,0,0,1.55028,0.522115,1.028160,1,0,24.2453,0,0,0,24.2453,0
51.9219,2.48025,0,0,1.06925,0.0876127,0.36288,3.6288,61.308,0.333518,0,0,0.687364,0.325387,0.0284587,0.66528,12.849,1,0.592539,0.36288,0,25.1898,6.07141,18.8888,0.84672,12.849,0.84672,3695.15,0,18.483,0.100548,0.333461,1.70512,3.11399,1.52865,3.52338,0.42336,0,0,18.483,0.42336,442.007,0,1.02816,0,0,1.36162,0.333461,1.028160,1,0,22.4406,0,0,0,22.4406,0
49.9418,2.6284,0,0,1.09301,0.0818553,0.36288,3.6288,61.308,0.430557,0,0,0.763361,0.327977,0.00482697,0.66528,12.849,1,0.650444,0.36288,0,23.958,6.14619,17.5243,0.84672,12.849,0.84672,3695.15,0,18.483,0.129803,0.517199,1.70556,3.85176,1.54359,4.40113,0.42336,0,0,18.483,0.42336,442.007,0,1.02816,0,0,1.54536,0.517199,1.028160,1,0,21.9302,0,0,0,21.9302,0
47.8143,2.60855,0,0,0.934252,0.090332,0.36288,3.6288,61.2252,0.430867,0,0,0.701611,0.35353,0,0.66528,12.849,1,0.671126,0.36288,0,19.1824,6.4881,12.3861,0.84672,12.849,0.84672,3695.15,0,18.483,0.129897,0.428985,1.84175,3.50279,1.47377,4.16985,0.42336,0,0,18.483,0.42336,442.007,0,1.02816,0,0,1.45714,0.428985,1.028160,1,0,16.5559,0,0,0,16.5559,0
45.7743,2.58567,0,0,1.00238,0.0938609,0.36288,3.6288,61.2825,0.431042,0,0,0.843359,0.355012,0,0.66528,12.849,1,0.694839,0.36288,0,23.048,6.47031,16.2457,0.84672,12.849,0.84672,3695.15,0,18.483,0.130125,0.750972,1.84221,3.61775,1.44719,4.63362,0.42336,0,0,18.483,0.42336,442.007,0,1.02816,0,0,1.77913,0.750972,1.028160,1,0,20.8793,0,0,0,20.8793,0
43.5494,2.56214,0,0,0.791899,0.0917672,0.36288,3.6288,61.1116,0.431445,0,0,0.615623,0.355141,0,0.66528,12.849,1,0.719201,0.36288,0,23.7849,6.47031,16.9583,0.84672,12.849,0.84672,3695.15,0,18.483,0.130125,0.246421,1.84268,2.86659,1.44719,3.37837,0.42336,0,0,18.483,0.42336,442.007,0,1.02816,0,0,1.27458,0.246421,1.028160,1,0,20.3366,0,0,0,20.3366,0
41.5434,2.53441,0,0,0.980787,0.0894839,0.36288,3.6288,61.308,0.431475,0,0,1.02418,0.354757,0.0415074,0.66528,12.849,1,0.747763,0.36288,0,21.0787,6.47031,14.2236,0.84672,12.849,0.84672,3695.15,0,18.483,0.130498,1.24521,1.84315,4.30765,1.44719,5.81833,0.42336,0,0,18.483,0.42336,442.007,0,1.02816,0,0,2.27337,1.24521,1.028160,1,0,20.0834,0,0,0,20.0834,0
39.6145,2.43096,0,0,0.947117,0.0821358,0.36288,3.6288,61.308,0.373306,0,0,0.818234,0.345742,0.0991864,0.66528,12.849,1,0.751874,0.36288,0,32.5097,6.3256,25.7951,0.84672,12.849,0.84672,3695.15,0,18.483,0.112543,1.41516,1.84362,5.9958,1.39614,7.7459,0.42336,0,0,18.483,0.42336,442.007,0,1.02816,0,0,2.44332,1.41516,1.028160,1,0,33.6402,0,0,0,33.6402,0
37.9533,2.40393,0,0,1.20217,0.0965832,0.36288,3.6288,61.308,0.373601,0,0,0.894344,0.330013,0.19073,0.66528,12.849,1,0.779715,0.36288,0,33.8011,6.37491,27.0093,0.84672,12.849,0.84672,3695.15,0,18.483,0.112632,2.06049,1.76619,7.63943,1.42687,9.92661,0.42336,0,0,18.483,0.42336,442.007,0,1.02816,0,0,3.08865,2.06049,1.028160,1,0,37.1267,0,0,0,37.1267,0
36.6726,2.37903,0,0,1.58444,0.123244,0.36288,3.6288,61.308,0.373896,0,0,0.940248,0.30241,0.263943,0.66528,12.849,1,0.805415,0.36288,0,34.1836,6.15405,27.587,0.84672,12.849,0.84672,3695.15,0,18.483,0.112721,2.27857,1.76663,6.14431,1.35101,8.72578,0.42336,0,0,18.483,0.42336,442.007,0,1.02816,0,0,3.30673,2.27857,1.028160,1,0,36.5767,0,0,0,36.5767,0
36.0907,2.3588,0,0,2.26113,0.121395,0.36288,3.6288,61.308,0.374191,0,0,1.5475,0.30241,0.870901,0.66528,12.849,1,0.826455,0.36288,0,63.2291,6.15405,56.6115,0.84672,12.849,0.84672,3695.15,0,18.483,0.11281,4.55484,1.76708,11.5187,1.35101,16.3768,0.42336,0,0,18.483,0.42336,442.007,0,1.02816,0,0,5.583,4.55484,1.028160,1,0,73.8591,0,0,0,73.8591,0
35.0195,2.28887,0,0,1.70535,0.124737,0.36288,3.6288,61.308,0.320908,0,0,1.18661,0.289337,0.576364,0.66528,12.849,1,0.814885,0.36288,0,79.6561,5.91075,73.2934,0.84672,12.849,0.84672,3695.15,0,18.483,0.0967467,3.04344,1.76753,7.78689,1.32175,11.1794,0.42336,0,0,18.483,0.42336,442.007,0,1.02816,0,0,4.0716,3.04344,1.028160,1,0,85.0491,0,0,0,85.0491,0
33.5899,2.27122,0,0,1.37518,0.170752,0.36288,3.6288,61.308,0.32119,0,0,1.1154,0.214807,0.579401,0.66528,12.849,1,0.833331,0.36288,0,31.4822,4.50003,26.5117,0.84672,12.849,0.84672,3695.15,0,18.483,0.0968316,1.61748,1.69868,8.58367,1.14889,10.6541,0.42336,0,0,18.483,0.42336,442.007,0,1.02816,0,0,2.64564,1.61748,1.028160,1,0,37.7452,0,0,0,37.7452,0
33.0405,2.25861,0,0,2.29601,0.223911,0.36288,3.6288,61.308,0.321472,0,0,1.96123,0.224582,1.41517,0.66528,12.849,1,0.84672,0.36288,0,49.7928,4.62273,44.6862,0.84672,12.849,0.84672,3695.15,0,18.483,0.0969166,2.28011,1.69911,8.72795,1.15555,11.4547,0.42336,0,0,18.483,0.42336,442.007,0,1.02816,0,0,3.30827,2.28011,1.028160,1,0,57.5561,0,0,0,57.5561,0
33.5516,2.2594,0,0,3.35581,0.222393,0.36288,3.6288,61.308,0.321753,0,0,2.40041,0.224582,1.85407,0.66528,12.849,1,0.84672,0.36288,0,100.123,4.62273,95.0167,0.84672,12.849,0.84672,3695.15,0,18.483,0.0970015,3.93674,1.69954,18.3686,1.15555,22.7523,0.42336,0,0,18.483,0.42336,442.007,0,1.02816,0,0,4.9649,3.93674,1.028160,1,0,119.623,0,0,0,119.623,0
34.0604,2.07737,0,0,3.16106,0.211971,0.36288,3.6288,61.308,0.210335,0,0,1.83837,0.224394,1.40364,0.66528,12.849,1,0.795554,0.36288,0,100.005,4.58336,94.9894,0.84672,12.849,0.84672,3695.15,0,18.483,0.0634115,4.05862,1.69997,16.3025,1.13881,20.8588,0.42336,0,0,18.483,0.42336,442.007,0,1.02816,0,0,5.08678,4.05862,1.028160,1,0,117.252,0,0,0,117.252,0
39.4777,2.08653,0,0,8.06185,0.195174,0.36288,3.6288,61.308,0.210589,0,0,8.25647,0.193676,7.85221,0.66528,12.849,1,0.787124,0.36288,0,178.101,4.37258,173.304,0.84672,12.849,0.84672,3695.15,0,18.483,0.0634879,12.5262,1.54424,27.8191,1.0396,40.7864,0.42336,0,0,18.483,0.42336,442.007,0,1.02816,0,0,13.5543,12.5262,1.028160,1,0,221.942,0,0,0,221.942,0
43.9464,2.16857,0,0,7.21774,0.217626,0.36288,3.6288,61.308,0.210843,0,0,7.27868,0.188745,6.87909,0.66528,12.849,1,0.705813,0.36288,0,146.857,4.37682,142.137,0.84672,12.849,0.84672,3695.15,0,18.483,0.0635643,9.37872,1.54463,22.1863,1.0398,32.0063,0.42336,0,0,18.483,0.42336,442.007,0,1.02816,0,0,10.4069,9.37872,1.028160,1,0,181.022,0,0,0,181.022,0
47.8061,2.22466,0,0,6.67656,0.229286,0.36288,3.6288,61.308,0.211096,0,0,8.77643,0.188745,8.37658,0.66528,12.849,1,0.650445,0.36288,0,146.596,4.37682,141.931,0.84672,12.849,0.84672,3695.15,0,18.483,0.0636408,12.4013,1.54502,30.9029,1.0398,43.7458,0.42336,0,0,18.483,0.42336,442.007,0,1.02816,0,0,13.4295,12.4013,1.028160,1,0,194.054,0,0,0,194.054,0
49.8308,2.26663,0,0,4.89204,0.237801,0.36288,3.6288,61.308,0.21135,0,0,3.70094,0.181395,3.30819,0.66528,12.849,1,0.609209,0.36288,0,100.605,4.22765,96.1311,0.84672,12.849,0.84672,3695.15,0,18.483,0.0637173,8.25388,1.54541,15.9519,0.991816,24.6957,0.42336,0,0,18.483,0.42336,442.007,0,1.02816,0,0,9.28204,8.25388,1.028160,1,0,124.135,0,0,0,124.135,0
53.267,2.35851,0,0,6.39591,0.238369,0.36288,3.6288,61.308,0.243983,0,0,3.42403,0.206722,2.97333,0.66528,12.849,1,0.608148,0.36288,0,181.57,4.63107,176.693,0.84672,12.849,0.84672,3695.15,0,18.483,0.0735554,6.48556,1.5458,22.9923,1.12271,29.8274,0.42336,0,0,18.483,0.42336,442.007,0,1.02816,0,0,7.51372,6.48556,1.028160,1,0,209.494,0,0,0,209.494,0
57.5918,2.3907,0,0,7.32197,0.243558,0.36288,3.6288,61.308,0.244234,0,0,5.33814,0.253558,4.84035,0.66528,12.849,1,0.576682,0.36288,0,232.546,5.43417,226.898,0.84672,12.849,0.84672,3695.15,0,18.483,0.0736312,5.79256,1.59564,26.9786,1.38255,32.9106,0.42336,0,0,18.483,0.42336,442.007,0,1.02816,0,0,6.82072,5.79256,1.028160,1,0,264.649,0,0,0,264.649,0
65.9982,2.4267,0,0,11.4503,0.254325,0.36288,3.6288,61.308,0.244486,0,0,7.83168,0.253558,7.33364,0.66528,12.849,1,0.541407,0.36288,0,274.402,5.43417,268.789,0.84672,12.849,0.84672,3695.15,0,18.483,0.073707,7.38302,1.59603,33.6353,1.38255,41.158,0.42336,0,0,18.483,0.42336,442.007,0,1.02816,0,0,8.41118,7.38302,1.028160,1,0,317.281,0,0,0,317.281,0
72.29,2.48502,0,0,9.44197,0.258196,0.406991,3.6288,61.308,0.244737,0,0,8.30434,0.260208,7.79939,0.66528,12.849,1,0.483802,0.406991,0,445.268,5.2266,439.965,0.84672,12.849,0.84672,3695.15,0,18.483,0.0737829,7.81739,1.59641,36.9835,1.23019,45.0933,0.42336,0,0,18.483,0.42336,442.007,0,1.02816,0,0,8.84555,7.81739,1.028160,1,0,492.858,0,0,0,492.858,0
72.29,2.76732,0,0,6.45399,0.307003,3.37967,3.6288,61.308,0.366681,0,0,6.44384,0.248416,5.82874,0.66528,12.849,1,0.49187,3.37967,0,313.061,4.51858,311.43,0.84672,12.849,0.84672,3695.15,0,18.483,0.110546,7.14571,1.5968,26.0448,1.0522,33.6245,0.42336,0,0,18.483,0.42336,442.007,0,1.02816,0,0,8.17387,7.14571,1.028160,1,0,350.883,0,0,0,350.883,0
72.29,2.76799,0,0,10.7139,0.316864,7.629,3.6288,61.308,0.366962,0,0,11.9815,0.255979,11.3586,0.66528,12.849,1,0.49199,7.629,0,492.153,4.41158,494.878,0.84672,12.849,0.84672,3695.15,0,18.483,0.110631,10.7863,1.77383,45.9481,1.28235,57.1152,0.42336,0,0,18.483,0.42336,442.007,0,1.02816,0,0,11.8144,10.7863,1.028160,1,0,563.352,0,0,0,563.352,0
72.29,2.76867,0,0,8.22753,0.316864,5.142,3.6288,61.308,0.367243,0,0,7.23151,0.255979,6.60829,0.66528,12.849,1,0.492109,5.142,0,344.163,4.41158,344.401,0.84672,12.849,0.84672,3695.15,0,18.483,0.110716,6.76668,1.77427,33.7973,1.28235,40.9452,0.42336,0,0,18.483,0.42336,442.007,0,1.02816,0,0,7.79484,6.76668,1.028160,1,0,391.955,0,0,0,391.955,0
72.29,2.76934,0,0,9.20609,0.320808,6.11595,3.6288,61.308,0.367525,0,0,7.29354,0.245437,6.68058,0.66528,12.849,1,0.492229,6.11595,0,331.329,4.39802,332.555,0.84672,12.849,0.84672,3695.15,0,18.483,0.1108,7.14925,1.7747,35.0157,1.22326,42.6056,0.42336,0,0,18.483,0.42336,442.007,0,1.02816,0,0,8.17741,7.14925,1.028160,1,0,381.841,0,0,0,381.841,0
72.29,2.41889,0,0,13.5346,0.330669,10.785,3.6288,61.308,0.204335,0,0,15.0109,0.219081,14.5875,0.66528,12.849,1,0.42994,10.785,0,421.046,4.36412,427.037,0.84672,12.849,0.84672,3695.15,0,18.483,0.0616024,13.6417,1.77513,55.0198,1.07553,69.2995,0.42336,0,0,18.483,0.42336,442.007,0,1.02816,0,0,14.6699,13.6417,1.028160,1,0,510.924,0,0,0,510.924,0
72.29,2.41948,0,0,5.80783,0.31581,3.07254,3.6288,61.308,0.204577,0,0,3.22709,0.242538,2.77998,0.66528,12.849,1,0.430045,3.07254,0,187.624,3.48974,186.776,0.84672,12.849,0.84672,3695.15,0,18.483,0.0616753,3.50215,1.53369,13.5104,0.920071,17.5645,0.42336,0,0,18.483,0.42336,442.007,0,1.02816,0,0,4.53031,3.50215,1.028160,1,0,207.121,0,0,0,207.121,0
72.29,2.42007,0,0,5.19038,0.324913,2.44539,3.6288,61.308,0.204818,0,0,3.7364,0.209607,3.32198,0.66528,12.849,1,0.430149,2.44539,0,240.939,2.95208,240.003,0.84672,12.849,0.84672,3695.15,0,18.483,0.0617481,3.25754,1.53406,11.4749,0.762205,15.4425,0.42336,0,0,18.483,0.42336,442.007,0,1.02816,0,0,4.2857,3.25754,1.028160,1,0,258.767,0,0,0,258.767,0
72.29,2.42066,0,0,5.86602,0.324913,3.12044,3.6288,61.308,0.20506,0,0,3.76185,0.209607,3.34718,0.66528,12.849,1,0.430254,3.12044,0,188.932,2.95208,188.67,0.84672,12.849,0.84672,3695.15,0,18.483,0.061821,5.19956,1.53444,13.307,0.762205,19.217,0.42336,0,0,18.483,0.42336,442.007,0,1.02816,0,0,6.22772,5.19956,1.028160,1,0,211.234,0,0,0,211.234,0
72.29,2.42125,0,0,10.8661,0.324913,8.11994,3.6288,61.308,0.205302,0,0,6.94092,0.209607,6.52601,0.66528,12.849,1,0.430358,8.11994,0,205.553,2.95208,210.291,0.84672,12.849,0.84672,3695.15,0,18.483,0.0618939,6.54152,1.53481,19.0142,0.762205,26.2664,0.42336,0,0,18.483,0.42336,442.007,0,1.02816,0,0,7.56968,6.54152,1.028160,1,0,243.083,0,0,0,243.083,0
72.29,2.51032,0,0,8.19409,0.315903,5.36786,3.6288,61.308,0.245583,0,0,5.60297,0.163909,5.19348,0.66528,12.849,1,0.446191,5.36786,0,221.226,2.67393,223.474,0.84672,12.849,0.84672,3695.15,0,18.483,0.0740378,7.51442,1.53518,18.119,0.671367,26.4232,0.42336,0,0,18.483,0.42336,442.007,0,1.02816,0,0,8.54258,7.51442,1.028160,1,0,255.091,0,0,0,255.091,0
72.29,2.51093,0,0,6.89418,0.287031,4.09622,3.6288,61.308,0.245835,0,0,4.60604,0.184594,4.17562,0.66528,12.849,1,0.446299,4.09622,0,202.016,2.94714,202.719,0.84672,12.849,0.84672,3695.15,0,18.483,0.0741137,8.32213,1.59535,17.5065,0.742262,26.6076,0.42336,0,0,18.483,0.42336,442.007,0,1.02816,0,0,9.35029,8.32213,1.028160,1,0,233.502,0,0,0,233.502,0
72.29,2.51154,0,0,5.52992,0.287031,2.73135,3.6288,61.308,0.246086,0,0,4.26419,0.184594,3.83351,0.66528,12.849,1,0.446408,2.73135,0,163.914,2.94714,163.252,0.84672,12.849,0.84672,3695.15,0,18.483,0.0741896,7.36586,1.59573,15.081,0.742262,23.2262,0.42336,0,0,18.483,0.42336,442.007,0,1.02816,0,0,8.39402,7.36586,1.028160,1,0,190.311,0,0,0,190.311,0
72.29,2.51215,0,0,5.13905,0.287031,2.33986,3.6288,61.308,0.246338,0,0,4.99875,0.184594,4.56782,0.66528,12.849,1,0.446516,2.33986,0,165.181,2.94714,164.127,0.84672,12.849,0.84672,3695.15,0,18.483,0.0742654,7.43835,1.59612,19.031,0.742262,27.2489,0.42336,0,0,18.483,0.42336,442.007,0,1.02816,0,0,8.46651,7.43835,1.028160,1,0,195.944,0,0,0,195.944,0
72.29,2.47813,0,0,4.8723,0.243645,2.15053,3.6288,61.308,0.231023,0,0,3.91866,0.208494,3.47915,0.66528,12.849,1,0.440469,2.15053,0,126.087,3.1457,124.651,0.84672,12.849,0.84672,3695.15,0,18.483,0.0696484,6.90924,1.59651,14.0937,0.80185,21.7279,0.42336,0,0,18.483,0.42336,442.007,0,1.02816,0,0,7.9374,6.90924,1.028160,1,0,149.858,0,0,0,149.858,0
72.29,2.47873,0,0,4.25892,0.230809,1.54937,3.6288,61.308,0.231271,0,0,2.75971,0.190004,2.33844,0.66528,12.849,1,0.440576,1.54937,0,98.1927,3.8219,95.4796,0.84672,12.849,0.84672,3695.15,0,18.483,0.0697232,5.14914,1.5736,10.4517,0.968182,16.1366,0.42336,0,0,18.483,0.42336,442.007,0,1.02816,0,0,6.1773,5.14914,1.028160,1,0,113.955,0,0,0,113.955,0
72.29,2.47933,0,0,3.93822,0.230809,1.22807,3.6288,61.308,0.231519,0,0,2.56246,0.190004,2.14094,0.66528,12.849,1,0.440683,1.22807,0,99.0593,3.8219,96.0248,0.84672,12.849,0.84672,3695.15,0,18.483,0.069798,4.84098,1.57398,10.5674,0.968182,15.9444,0.42336,0,0,18.483,0.42336,442.007,0,1.02816,0,0,5.86914,4.84098,1.028160,1,0,114.11,0,0,0,114.11,0
72.29,2.47994,0,0,3.61645,0.230809,0.905707,3.6288,61.308,0.231767,0,0,2.32756,0.190004,1.90579,0.66528,12.849,1,0.44079,0.905707,0,87.5068,3.8219,84.1498,0.84672,12.849,0.84672,3695.15,0,18.483,0.0698728,4.53895,1.57437,9.50011,0.968182,14.5754,0.42336,0,0,18.483,0.42336,442.007,0,1.02816,0,0,5.56711,4.53895,1.028160,1,0,100.631,0,0,0,100.631,0
72.29,2.59821,0,0,3.30928,0.21608,0.494995,3.6288,61.308,0.287271,0,0,2.01372,0.194319,1.53213,0.66528,12.849,1,0.461812,0.494995,0,81.4424,3.87427,77.6013,0.84672,12.849,0.84672,3695.15,0,18.483,0.0866058,3.5895,1.57475,8.63153,0.942354,12.7668,0.42336,0,0,18.483,0.42336,442.007,0,1.02816,0,0,4.61766,3.5895,1.028160,1,0,91.9002,0,0,0,91.9002,0
72.29,2.59884,0,0,3.64578,0.152686,0.894253,3.6288,61.308,0.287532,0,0,2.10432,0.230212,1.58657,0.66528,12.849,1,0.461924,0.894253,0,92.3556,4.48627,88.3016,0.84672,12.849,0.84672,3695.15,0,18.483,0.0866846,3.49052,1.65666,9.69114,0.989165,13.7625,0.42336,0,0,18.483,0.42336,442.007,0,1.02816,0,0,4.51868,3.49052,1.028160,1,0,103.651,0,0,0,103.651,0
72.29,2.59947,0,0,3.34669,0.128252,0.618965,3.6288,61.308,0.287794,0,0,2.03974,0.232519,1.51943,0.66528,12.849,1,0.462036,0.618965,0,77.8982,4.12808,73.9271,0.84672,12.849,0.84672,3695.15,0,18.483,0.0867635,3.15648,1.65706,8.97972,0.916966,12.7895,0.42336,0,0,18.483,0.42336,442.007,0,1.02816,0,0,4.18464,3.15648,1.028160,1,0,88.2361,0,0,0,88.2361,0
72.29,2.6001,0,0,3.17158,0.128252,0.443227,3.6288,61.308,0.288055,0,0,1.92901,0.232519,1.40843,0.66528,12.849,1,0.462148,0.443227,0,75.7797,4.12808,71.6327,0.84672,12.849,0.84672,3695.15,0,18.483,0.0868423,2.96109,1.65747,8.28282,0.916966,11.8976,0.42336,0,0,18.483,0.42336,442.007,0,1.02816,0,0,3.98925,2.96109,1.028160,1,0,84.9387,0,0,0,84.9387,0
72.2232,2.60073,0,0,3.02509,0.128252,0.36288,3.6288,61.308,0.288317,0,0,1.80644,0.232519,1.28561,0.66528,12.849,1,0.46226,0.36288,0,71.3007,4.12808,67.0733,0.84672,12.849,0.84672,3695.15,0,18.483,0.0869212,2.77341,1.65787,8.1508,0.916966,11.5782,0.42336,0,0,18.483,0.42336,442.007,0,1.02816,0,0,3.80157,2.77341,1.028160,1,0,79.9371,0,0,0,79.9371,0
71.9969,2.5777,0,0,2.83605,0.121793,0.36288,3.6288,61.308,0.318985,0,0,1.58366,0.238053,1.02662,0.66528,12.849,1,0.458591,0.36288,0,66.5385,4.47709,61.9656,0.84672,12.849,0.84672,3695.15,0,18.483,0.0961668,2.40326,1.65827,7.19124,0.982935,10.1737,0.42336,0,0,18.483,0.42336,442.007,0,1.02816,0,0,3.43142,2.40326,1.028160,1,0,73.1659,0,0,0,73.1659,0
71.5851,2.57711,0,0,2.62812,0.0999075,0.36288,3.6288,61.308,0.319254,0,0,1.37019,0.265782,0.785156,0.66528,12.849,1,0.459926,0.36288,0,58.6175,4.76418,53.7562,0.84672,12.849,0.84672,3695.15,0,18.483,0.096248,2.11027,1.6841,6.52018,1.11052,9.10778,0.42336,0,0,18.483,0.42336,442.007,0,1.02816,0,0,3.13843,2.11027,1.028160,1,0,63.6492,0,0,0,63.6492,0
71.0544,2.57549,0,0,2.49464,0.0869677,0.36288,3.6288,61.308,0.319523,0,0,1.32391,0.283466,0.720918,0.66528,12.849,1,0.462281,0.36288,0,54.7572,4.78317,49.8746,0.84672,12.849,0.84672,3695.15,0,18.483,0.0963291,2.00299,1.68451,6.56913,1.1691,8.9912,0.42336,0,0,18.483,0.42336,442.007,0,1.02816,0,0,3.03115,2.00299,1.028160,1,0,59.5868,0,0,0,59.5868,0
70.3731,2.57319,0,0,2.34137,0.0866156,0.36288,3.6288,61.308,0.319792,0,0,1.16512,0.283466,0.561863,0.66528,12.849,1,0.465318,0.36288,0,50.0321,4.78317,45.1465,0.84672,12.849,0.84672,3695.15,0,18.483,0.0964103,1.89087,1.68492,6.23434,1.1691,8.54462,0.42336,0,0,18.483,0.42336,442.007,0,1.02816,0,0,2.91903,1.89087,1.028160,1,0,54.253,0,0,0,54.253,0
69.5396,2.62998,0,0,2.24467,0.0853121,0.36288,3.6288,61.308,0.347186,0,0,1.06912,0.285496,0.436439,0.66528,12.849,1,0.480192,0.36288,0,48.0103,4.91678,42.9762,0.84672,12.849,0.84672,3695.15,0,18.483,0.104669,1.72777,1.68533,5.76184,1.21896,7.85131,0.42336,0,0,18.483,0.42336,442.007,0,1.02816,0,0,2.75593,1.72777,1.028160,1,0,51.264,0,0,0,51.264,0
68.7808,2.62576,0,0,2.30954,0.0796885,0.36288,3.6288,61.308,0.347462,0,0,0.937561,0.29768,0.292418,0.66528,12.849,1,0.485168,0.36288,0,45.9497,5.71841,40.109,0.84672,12.849,0.84672,3695.15,0,18.483,0.104752,1.53487,1.72631,4.80181,1.51811,6.44013,0.42336,0,0,18.483,0.42336,442.007,0,1.02816,0,0,2.56303,1.53487,1.028160,1,0,46.8415,0,0,0,46.8415,0
67.8284,2.62189,0,0,2.11158,0.0792199,0.36288,3.6288,61.308,0.347738,0,0,0.905662,0.29768,0.260243,0.66528,12.849,1,0.489797,0.36288,0,43.1518,5.71841,37.3065,0.84672,12.849,0.84672,3695.15,0,18.483,0.104835,1.33335,1.72673,4.57509,1.51811,6.01222,0.42336,0,0,18.483,0.42336,442.007,0,1.02816,0,0,2.36151,1.33335,1.028160,1,0,43.5789,0,0,0,43.5789,0
66.598,2.61674,0,0,1.81201,0.0627857,0.36288,3.6288,61.308,0.348014,0,0,0.901956,0.304043,0.249899,0.66528,12.849,1,0.495699,0.36288,0,41.161,5.97771,35.0505,0.84672,12.849,0.84672,3695.15,0,18.483,0.104919,1.31025,1.72714,4.54605,1.53338,5.94514,0.42336,0,0,18.483,0.42336,442.007,0,1.02816,0,0,2.33841,1.31025,1.028160,1,0,41.2456,0,0,0,41.2456,0
64.9484,2.78399,0,0,1.5694,0.0721882,0.36288,3.6288,61.308,0.446292,0,0,0.851178,0.292753,0.112134,0.66528,12.849,1,0.537125,0.36288,0,38.1885,5.84083,32.1734,0.84672,12.849,0.84672,3695.15,0,18.483,0.134547,1.24691,1.72756,4.37054,1.4147,5.79577,0.42336,0,0,18.483,0.42336,442.007,0,1.02816,0,0,2.27507,1.24691,1.028160,1,0,38.0813,0,0,0,38.0813,0
63.0439,2.77327,0,0,1.29334,0.0616338,0.36288,3.6288,61.308,0.446592,0,0,0.774913,0.315489,0.0128324,0.66528,12.849,1,0.548647,0.36288,0,31.0922,5.94681,24.9597,0.84672,12.849,0.84672,3695.15,0,18.483,0.134637,1.30798,1.86549,3.81112,1.49656,5.35339,0.42336,0,0,18.483,0.42336,442.007,0,1.02816,0,0,2.33614,1.30798,1.028160,1,0,30.3259,0,0,0,30.3259,0
60.9897,2.76017,0,0,1.1257,0.0569054,0.36288,3.6288,61.2436,0.446891,0,0,0.707054,0.324584,0,0.66528,12.849,1,0.562551,0.36288,0,26.6935,5.9892,20.5046,0.84672,12.849,0.84672,3695.15,0,18.483,0.134728,1.21871,1.86594,3.54178,1.5293,4.9624,0.42336,0,0,18.483,0.42336,442.007,0,1.02816,0,0,2.24687,1.21871,1.028160,1,0,25.467,0,0,0,25.467,0
59.173,2.74518,0,0,1.34733,0.0559515,0.36288,3.6288,61.2316,0.447082,0,0,0.75956,0.324451,0,0.66528,12.849,1,0.578342,0.36288,0,27.626,5.9892,21.4213,0.84672,12.849,0.84672,3695.15,0,18.483,0.134927,1.41199,1.86639,3.8849,1.5293,5.49906,0.42336,0,0,18.483,0.42336,442.007,0,1.02816,0,0,2.44015,1.41199,1.028160,1,0,26.9204,0,0,0,26.9204,0
58.3047,2.73126,0,0,2.3038,0.077918,0.36288,3.6288,61.308,0.447362,0,0,0.975577,0.319066,0.132755,0.66528,12.849,1,0.593074,0.36288,0,45.9109,5.84078,39.8399,0.84672,12.849,0.84672,3695.15,0,18.483,0.135038,1.81416,1.86685,4.30027,1.5111,6.33514,0.42336,0,0,18.483,0.42336,442.007,0,1.02816,0,0,2.84232,1.81416,1.028160,1,0,46.3078,0,0,0,46.3078,0
57.5857,2.64155,0,0,2.37301,0.0875955,0.36288,3.6288,61.308,0.388236,0,0,0.966609,0.303414,0.274958,0.66528,12.849,1,0.582136,0.36288,0,47.703,5.82616,41.6576,0.84672,12.849,0.84672,3695.15,0,18.483,0.117045,1.78007,1.8673,3.65046,1.42367,5.75711,0.42336,0,0,18.483,0.42336,442.007,0,1.02816,0,0,2.80823,1.78007,1.028160,1,0,47.6896,0,0,0,47.6896,0
56.716,2.63625,0,0,2.23836,0.108982,0.36288,3.6288,61.308,0.388522,0,0,0.815789,0.293921,0.133347,0.66528,12.849,1,0.588221,0.36288,0,37.4495,5.5294,31.6947,0.84672,12.849,0.84672,3695.15,0,18.483,0.117131,1.70796,1.78885,3.03654,1.32164,5.09458,0.42336,0,0,18.483,0.42336,442.007,0,1.02816,0,0,2.73612,1.70796,1.028160,1,0,36.9227,0,0,0,36.9227,0
55.4986,2.62953,0,0,1.88306,0.108054,0.36288,3.6288,61.308,0.388807,0,0,1.15722,0.293921,0.474496,0.66528,12.849,1,0.59572,0.36288,0,33.9614,5.5294,28.1992,0.84672,12.849,0.84672,3695.15,0,18.483,0.117217,3.7167,1.78929,3.42761,1.32164,7.49475,0.42336,0,0,18.483,0.42336,442.007,0,1.02816,0,0,4.74486,3.7167,1.028160,1,0,36.1684,0,0,0,36.1684,0
54.0206,2.61955,0,0,1.61127,0.106755,0.36288,3.6288,61.2641,0.389093,0,0,0.639158,0.293921,0,0.66528,12.849,1,0.606478,0.36288,0,33.928,5.5294,28.155,0.84672,12.849,0.84672,3695.15,0,18.483,0.117303,1.6164,1.78972,2.55098,1.32164,4.51816,0.42336,0,0,18.483,0.42336,442.007,0,1.02816,0,0,2.64456,1.6164,1.028160,1,0,32.6731,0,0,0,32.6731,0
52.6774,2.53944,0,0,1.68106,0.121952,0.36288,3.6288,61.2657,0.335061,0,0,0.615325,0.278682,0,0.66528,12.849,1,0.604015,0.36288,0,32.6114,5.32178,27.0485,0.84672,12.849,0.84672,3695.15,0,18.483,0.101086,1.53541,1.79016,2.56712,1.25674,4.53486,0.42336,0,0,18.483,0.42336,442.007,0,1.02816,0,0,2.56357,1.53541,1.028160,1,0,31.5834,0,0,0,31.5834,0
51.4457,2.52767,0,0,1.83986,0.181018,0.36288,3.6288,61.308,0.335335,0,0,0.921473,0.250026,0.293839,0.66528,12.849,1,0.616546,0.36288,0,42.2484,4.24358,37.7511,0.84672,12.849,0.84672,3695.15,0,18.483,0.101166,1.41009,1.72041,4.35877,1.1096,6.2785,0.42336,0,0,18.483,0.42336,442.007,0,1.02816,0,0,2.43825,1.41009,1.028160,1,0,44.3235,0,0,0,44.3235,0
49.8613,2.51647,0,0,1.47362,0.178725,0.36288,3.6288,61.308,0.335662,0,0,0.628929,0.250092,0.0431749,0.66528,12.849,1,0.628509,0.36288,0,35.5822,4.24358,31.073,0.84672,12.849,0.84672,3695.15,0,18.483,0.101194,0.281526,1.72082,3.70844,1.1096,4.5,0.42336,0,0,18.483,0.42336,442.007,0,1.02816,0,0,1.30969,0.281526,1.028160,1,0,35.6162,0,0,0,35.6162,0
50.0197,2.5012,0,0,3.19823,0.175775,0.36288,3.6288,61.308,0.335934,0,0,1.31282,0.250092,0.726795,0.66528,12.849,1,0.644546,0.36288,0,53.2411,4.24358,48.7158,0.84672,12.849,0.84672,3695.15,0,18.483,0.101277,1.90466,1.72124,5.36301,1.1096,7.77804,0.42336,0,0,18.483,0.42336,442.007,0,1.02816,0,0,2.93282,1.90466,1.028160,1,0,57.2207,0,0,0,57.2207,0
53.7009,2.31489,0,0,6.53505,0.17607,0.36288,3.6288,61.308,0.223084,0,0,2.54057,0.250092,2.0674,0.66528,12.849,1,0.594646,0.36288,0,106.65,4.24358,102.174,0.84672,12.849,0.84672,3695.15,0,18.483,0.0672549,5.3776,1.72166,8.61072,1.1096,14.5331,0.42336,0,0,18.483,0.42336,442.007,0,1.02816,0,0,6.40576,5.3776,1.028160,1,0,118.775,0,0,0,118.775,0
53.073,2.34835,0,0,2.31598,0.232608,0.36288,3.6288,61.308,0.223329,0,0,1.36781,0.181452,0.963026,0.66528,12.849,1,0.56189,0.36288,0,44.5774,3.93975,40.4386,0.84672,12.849,0.84672,3695.15,0,18.483,0.0673289,2.46118,1.56392,5.13297,0.977497,8.11325,0.42336,0,0,18.483,0.42336,442.007,0,1.02816,0,0,3.48934,2.46118,1.028160,1,0,49.5149,0,0,0,49.5149,0
53.1698,2.34357,0,0,3.05465,0.251429,0.36288,3.6288,61.308,0.223575,0,0,1.88483,0.16203,1.49923,0.66528,12.849,1,0.567379,0.36288,0,70.3106,3.93865,66.1674,0.84672,12.849,0.84672,3695.15,0,18.483,0.0674029,3.69721,1.5643,7.49703,0.972156,11.719,0.42336,0,0,18.483,0.42336,442.007,0,1.02816,0,0,4.72537,3.69721,1.028160,1,0,79.3856,0,0,0,79.3856,0
52.8883,2.34497,0,0,2.6777,0.251381,0.36288,3.6288,61.308,0.223821,0,0,1.46259,0.219748,1.01902,0.66528,12.849,1,0.566684,0.36288,0,61.1389,4.65533,56.2798,0.84672,12.849,0.84672,3695.15,0,18.483,0.0674769,2.08748,1.56468,7.35736,1.23494,9.7071,0.42336,0,0,18.483,0.42336,442.007,0,1.02816,0,0,3.11564,2.08748,1.028160,1,0,67.0059,0,0,0,67.0059,0
53.8828,2.34311,0,0,3.92618,0.22569,0.36288,3.6288,61.308,0.224066,0,0,2.80629,0.183443,2.39878,0.66528,12.849,1,0.569249,0.36288,0,87.7522,3.5469,83.9989,0.84672,12.849,0.84672,3695.15,0,18.483,0.0675509,5.1031,1.56506,11.2238,0.864881,16.9595,0.42336,0,0,18.483,0.42336,442.007,0,1.02816,0,0,6.13126,5.1031,1.028160,1,0,103.357,0,0,0,103.357,0
56.1576,2.35159,0,0,5.22851,0.239182,0.36288,3.6288,61.308,0.224066,0,0,2.86521,0.19263,2.44851,0.66528,12.849,1,0.560765,0.36288,0,113.219,3.73902,109.283,0.84672,12.849,0.84672,3695.15,0,18.483,0.0675509,4.41691,1.56544,12.4633,0.915565,17.4625,0.42336,0,0,18.483,0.42336,442.007,0,1.02816,0,0,5.44507,4.41691,1.028160,1,0,129.194,0,0,0,129.194,0
61.3497,2.4449,0,0,8.27317,0.273326,0.36288,3.6288,61.308,0.257102,0,0,2.66425,0.2156,2.19155,0.66528,12.849,1,0.5594,0.36288,0,179.468,4.21932,175.053,0.84672,12.849,0.84672,3695.15,0,18.483,0.0775106,3.17378,1.56544,10.2819,1.04227,13.9013,0.42336,0,0,18.483,0.42336,442.007,0,1.02816,0,0,4.20194,3.17378,1.028160,1,0,191.145,0,0,0,191.145,0
64.0706,2.48462,0,0,5.85549,0.287064,0.36288,3.6288,61.308,0.257345,0,0,1.76818,0.2156,1.29523,0.66528,12.849,1,0.520376,0.36288,0,144.895,4.21932,140.518,0.84672,12.849,0.84672,3695.15,0,18.483,0.0775838,3.41198,1.61588,9.52603,1.04227,13.434,0.42336,0,0,18.483,0.42336,442.007,0,1.02816,0,0,4.44014,3.41198,1.028160,1,0,155.247,0,0,0,155.247,0
66.0458,2.50361,0,0,5.13523,0.293527,0.36288,3.6288,61.308,0.257588,0,0,1.57228,0.2156,1.09909,0.66528,12.849,1,0.502085,0.36288,0,110.945,4.21932,106.586,0.84672,12.849,0.84672,3695.15,0,18.483,0.0776571,2.6372,1.61626,8.33674,1.04227,11.4703,0.42336,0,0,18.483,0.42336,442.007,0,1.02816,0,0,3.66536,2.6372,1.028160,1,0,119.155,0,0,0,119.155,0
68.4882,2.51677,0,0,5.64567,0.323667,0.36288,3.6288,61.308,0.257831,0,0,1.2555,0.20846,0.789213,0.66528,12.849,1,0.489629,0.36288,0,120.831,4.29528,116.409,0.84672,12.849,0.84672,3695.15,0,18.483,0.0777304,2.26087,1.61663,10.0581,1.17473,12.6831,0.42336,0,0,18.483,0.42336,442.007,0,1.02816,0,0,3.28903,2.26087,1.028160,1,0,129.882,0,0,0,129.882,0
70.6408,2.77903,0,0,5.58484,0.290266,0.36288,3.6288,61.308,0.381305,0,0,2.04623,0.221527,1.4434,0.66528,12.849,1,0.521371,0.36288,0,87.95,3.91836,83.8732,0.84672,12.849,0.84672,3695.15,0,18.483,0.114955,2.36294,1.61701,11.2666,1.06568,14.0659,0.42336,0,0,18.483,0.42336,442.007,0,1.02816,0,0,3.3911,2.36294,1.028160,1,0,99.3824,0,0,0,99.3824,0
72.29,2.79312,0,0,5.82031,0.285123,1.09291,3.6288,61.308,0.381577,0,0,2.05023,0.224598,1.44405,0.66528,12.849,1,0.508046,1.09291,0,136.713,3.84605,133.452,0.84672,12.849,0.84672,3695.15,0,18.483,0.115037,2.33609,1.79626,11.185,1.03094,14.1714,0.42336,0,0,18.483,0.42336,442.007,0,1.02816,0,0,3.36425,2.33609,1.028160,1,0,149.068,0,0,0,149.068,0
72.29,2.80361,0,0,5.61692,0.288736,2.52457,3.6288,61.308,0.381849,0,0,1.57112,0.224598,0.964677,0.66528,12.849,1,0.49832,2.52457,0,138.969,3.84605,137.149,0.84672,12.849,0.84672,3695.15,0,18.483,0.115119,1.74975,1.79668,10.4618,1.03094,12.8622,0.42336,0,0,18.483,0.42336,442.007,0,1.02816,0,0,2.77791,1.74975,1.028160,1,0,150.976,0,0,0,150.976,0
72.29,2.80426,0,0,4.54706,0.321447,1.42135,3.6288,61.308,0.382121,0,0,1.06146,0.2073,0.472038,0.66528,12.849,1,0.498436,1.42135,0,78.4331,3.79025,75.5657,0.84672,12.849,0.84672,3695.15,0,18.483,0.115201,1.89285,1.7971,9.54651,0.92717,12.1941,0.42336,0,0,18.483,0.42336,442.007,0,1.02816,0,0,2.92101,1.89285,1.028160,1,0,88.2319,0,0,0,88.2319,0
72.29,2.44937,0,0,4.23043,0.31188,1.46918,3.6288,61.308,0.216862,0,0,1.29971,0.174879,0.907965,0.66528,12.849,1,0.435357,1.46918,0,118.858,3.1234,116.768,0.84672,12.849,0.84672,3695.15,0,18.483,0.0653792,1.55923,1.79751,10.8727,0.804097,13.3599,0.42336,0,0,18.483,0.42336,442.007,0,1.02816,0,0,2.58739,1.55923,1.028160,1,0,131.036,0,0,0,131.036,0
72.29,2.44994,0,0,5.65231,0.309377,2.893,3.6288,61.308,0.217096,0,0,1.41591,0.169956,1.02886,0.66528,12.849,1,0.435458,2.893,0,104.469,3.01382,103.913,0.84672,12.849,0.84672,3695.15,0,18.483,0.0654496,1.64148,1.55301,11.6741,0.786468,14.0167,0.42336,0,0,18.483,0.42336,442.007,0,1.02816,0,0,2.66964,1.64148,1.028160,1,0,118.958,0,0,0,118.958,0
72.29,2.45051,0,0,4.84295,0.309377,2.08307,3.6288,61.308,0.21733,0,0,1.12094,0.169956,0.73365,0.66528,12.849,1,0.435559,2.08307,0,100.359,3.01382,98.9925,0.84672,12.849,0.84672,3695.15,0,18.483,0.06552,1.11031,1.55337,10.9434,0.786468,12.7551,0.42336,0,0,18.483,0.42336,442.007,0,1.02816,0,0,2.13847,1.11031,1.028160,1,0,112.481,0,0,0,112.481,0
72.29,2.45108,0,0,4.80798,0.280083,2.07682,3.6288,61.308,0.217563,0,0,1.20701,0.170207,0.819238,0.66528,12.849,1,0.43566,2.07682,0,113.614,3.20195,112.053,0.84672,12.849,0.84672,3695.15,0,18.483,0.0655905,1.7081,1.55373,9.53787,0.845621,11.8885,0.42336,0,0,18.483,0.42336,442.007,0,1.02816,0,0,2.73626,1.7081,1.028160,1,0,124.761,0,0,0,124.761,0
72.29,2.45164,0,0,4.1606,0.29925,1.40971,3.6288,61.308,0.217797,0,0,1.21954,0.202696,0.799043,0.66528,12.849,1,0.435761,1.40971,0,82.4005,4.1033,79.2712,0.84672,12.849,0.84672,3695.15,0,18.483,0.065661,1.32414,1.5541,9.57459,0.993776,11.3934,0.42336,0,0,18.483,0.42336,442.007,0,1.02816,0,0,2.3523,1.32414,1.028160,1,0,91.4636,0,0,0,91.4636,0
72.29,2.54181,0,0,4.36411,0.318428,1.50387,3.6288,61.308,0.258573,0,0,1.05407,0.201605,0.593894,0.66528,12.849,1,0.451788,1.50387,0,126.187,3.88237,123.357,0.84672,12.849,0.84672,3695.15,0,18.483,0.0779539,0.88338,1.55446,8.46677,0.926394,9.90026,0.42336,0,0,18.483,0.42336,442.007,0,1.02816,0,0,1.91154,0.88338,1.028160,1,0,133.851,0,0,0,133.851,0
72.29,2.5424,0,0,4.63558,0.318428,1.77476,3.6288,61.308,0.258816,0,0,1.38509,0.201605,0.924666,0.66528,12.849,1,0.451892,1.77476,0,90.682,3.88237,88.1225,0.84672,12.849,0.84672,3695.15,0,18.483,0.0780272,1.39277,1.61536,8.51714,0.926394,10.5208,0.42336,0,0,18.483,0.42336,442.007,0,1.02816,0,0,2.42093,1.39277,1.028160,1,0,99.568,0,0,0,99.568,0
72.29,2.54299,0,0,3.95987,0.262249,1.15463,3.6288,61.308,0.259059,0,0,0.94824,0.227763,0.461418,0.66528,12.849,1,0.451997,1.15463,0,60.3755,4.11302,56.9651,0.84672,12.849,0.84672,3695.15,0,18.483,0.0781006,1.09269,1.61573,7.51404,0.940165,9.20419,0.42336,0,0,18.483,0.42336,442.007,0,1.02816,0,0,2.12085,1.09269,1.028160,1,0,66.6307,0,0,0,66.6307,0
72.2806,2.54358,0,0,3.12111,0.224029,0.36288,3.6288,61.308,0.259302,0,0,0.824515,0.242042,0.32317,0.66528,12.849,1,0.452102,0.36288,0,54.3925,4.33553,49.9678,0.84672,12.849,0.84672,3695.15,0,18.483,0.0781739,0.599625,1.61611,6.07775,0.962903,7.2524,0.42336,0,0,18.483,0.42336,442.007,0,1.02816,0,0,1.62778,0.599625,1.028160,1,0,57.5433,0,0,0,57.5433,0
72.29,2.50906,0,0,3.47072,0.247497,0.704795,3.6288,61.308,0.243785,0,0,1.22049,0.210003,0.766699,0.66528,12.849,1,0.446023,0.704795,0,86.4752,4.6327,82.1012,0.84672,12.849,0.84672,3695.15,0,18.483,0.0734958,0.754367,1.61648,7.39394,1.03736,8.65393,0.42336,0,0,18.483,0.42336,442.007,0,1.02816,0,0,1.78253,0.754367,1.028160,1,0,91.5219,0,0,0,91.5219,0
72.29,2.50969,0,0,3.52671,0.247514,0.769509,3.6288,61.308,0.244025,0,0,1.18593,0.210003,0.731899,0.66528,12.849,1,0.446078,0.769509,0,79.9641,4.6327,75.6548,0.84672,12.849,0.84672,3695.15,0,18.483,0.073568,0.70105,1.59327,7.45468,1.03736,8.63807,0.42336,0,0,18.483,0.42336,442.007,0,1.02816,0,0,1.72921,0.70105,1.028160,1,0,85.0248,0,0,0,85.0248,0
72.2156,2.51027,0,0,2.97641,0.177624,0.36288,3.6288,61.308,0.244264,0,0,1.04356,0.244466,0.554826,0.66528,12.849,1,0.446181,0.36288,0,73.5143,4.52155,68.9094,0.84672,12.849,0.84672,3695.15,0,18.483,0.0736403,0.999233,1.59364,6.27934,0.975945,7.82262,0.42336,0,0,18.483,0.42336,442.007,0,1.02816,0,0,2.02739,0.999233,1.028160,1,0,77.2869,0,0,0,77.2869,0
71.6998,2.51046,0,0,2.52336,0.165882,0.36288,3.6288,61.308,0.244504,0,0,0.979016,0.25021,0.484301,0.66528,12.849,1,0.446675,0.36288,0,48.4471,4.50303,43.8602,0.84672,12.849,0.84672,3695.15,0,18.483,0.0737126,0.883034,1.59401,5.84186,0.965709,7.27948,0.42336,0,0,18.483,0.42336,442.007,0,1.02816,0,0,1.91119,0.883034,1.028160,1,0,51.624,0,0,0,51.624,0
71.2383,2.6273,0,0,2.71935,0.190658,0.36288,3.6288,61.308,0.300687,0,0,1.19114,0.236465,0.653993,0.66528,12.849,1,0.470827,0.36288,0,57.0964,4.68753,52.3009,0.84672,12.849,0.84672,3695.15,0,18.483,0.0906506,0.854582,1.59438,6.23252,0.996994,7.59384,0.42336,0,0,18.483,0.42336,442.007,0,1.02816,0,0,1.88274,0.854582,1.028160,1,0,60.5488,0,0,0,60.5488,0
70.6818,2.62533,0,0,2.60782,0.176081,0.36288,3.6288,61.308,0.30094,0,0,0.9537,0.215373,0.437387,0.66528,12.849,1,0.473521,0.36288,0,58.1207,4.30575,53.7043,0.84672,12.849,0.84672,3695.15,0,18.483,0.0907268,0.774965,1.67729,6.14103,1.00697,7.49559,0.42336,0,0,18.483,0.42336,442.007,0,1.02816,0,0,1.80312,0.774965,1.028160,1,0,61.6373,0,0,0,61.6373,0
69.9333,2.62278,0,0,2.38222,0.145028,0.36288,3.6288,61.308,0.301193,0,0,0.945657,0.219022,0.425441,0.66528,12.849,1,0.476786,0.36288,0,51.9462,4.41945,47.4128,0.84672,12.849,0.84672,3695.15,0,18.483,0.090803,0.774515,1.67768,5.86609,0.971442,7.25605,0.42336,0,0,18.483,0.42336,442.007,0,1.02816,0,0,1.80268,0.774515,1.028160,1,0,55.0943,0,0,0,55.0943,0
69.1422,2.61908,0,0,2.33496,0.144194,0.36288,3.6288,61.308,0.301446,0,0,1.02277,0.219022,0.5023,0.66528,12.849,1,0.481208,0.36288,0,49.7625,4.41945,45.2247,0.84672,12.849,0.84672,3695.15,0,18.483,0.0908793,0.740483,1.67807,6.32093,0.971442,7.67716,0.42336,0,0,18.483,0.42336,442.007,0,1.02816,0,0,1.76864,0.740483,1.028160,1,0,53.4042,0,0,0,53.4042,0
68.366,2.61504,0,0,2.328,0.126215,0.36288,3.6288,61.308,0.301699,0,0,0.861538,0.229329,0.33051,0.66528,12.849,1,0.485965,0.36288,0,46.6541,4.67852,41.8525,0.84672,12.849,0.84672,3695.15,0,18.483,0.0909555,0.661781,1.67846,5.443,1.03622,6.65607,0.42336,0,0,18.483,0.42336,442.007,0,1.02816,0,0,1.68994,0.661781,1.028160,1,0,48.8391,0,0,0,48.8391,0
67.6347,2.58762,0,0,2.32198,0.102795,0.36288,3.6288,61.308,0.332735,0,0,0.734867,0.243071,0.159061,0.66528,12.849,1,0.486327,0.36288,0,44.7146,5.02394,39.5672,0.84672,12.849,0.84672,3695.15,0,18.483,0.100312,0.618417,1.67885,5.68643,1.12259,6.7608,0.42336,0,0,18.483,0.42336,442.007,0,1.02816,0,0,1.64658,0.618417,1.028160,1,0,46.4871,0,0,0,46.4871,0
66.7001,2.58379,0,0,2.11431,0.102207,0.36288,3.6288,61.308,0.332995,0,0,0.727419,0.243071,0.151353,0.66528,12.849,1,0.49086,0.36288,0,44.3689,5.02394,39.217,0.84672,12.849,0.84672,3695.15,0,18.483,0.100391,0.620767,1.70499,5.47289,1.12259,6.57566,0.42336,0,0,18.483,0.42336,442.007,0,1.02816,0,0,1.64893,0.620767,1.028160,1,0,45.944,0,0,0,45.944,0
65.5702,2.57863,0,0,1.91298,0.101456,0.36288,3.6288,61.308,0.333255,0,0,0.675095,0.243071,0.098769,0.66528,12.849,1,0.496742,0.36288,0,39.8437,5.02394,34.6859,0.84672,12.849,0.84672,3695.15,0,18.483,0.100469,0.416215,1.70538,5.24899,1.12259,6.14753,0.42336,0,0,18.483,0.42336,442.007,0,1.02816,0,0,1.44437,0.416215,1.028160,1,0,40.9322,0,0,0,40.9322,0
64.3843,2.57206,0,0,1.82253,0.073445,0.36288,3.6288,61.3043,0.333516,0,0,0.638747,0.308885,0,0.66528,12.849,1,0.504016,0.36288,0,36.0952,5.87084,30.0833,0.84672,12.849,0.84672,3695.15,0,18.483,0.100548,0.423308,1.70578,4.9731,1.43172,5.56991,0.42336,0,0,18.483,0.42336,442.007,0,1.02816,0,0,1.45147,0.423308,1.028160,1,0,35.6532,0,0,0,35.6532,0
63.0467,2.62478,0,0,1.73734,0.0872449,0.36288,3.6288,61.0566,0.437082,0,0,0.496424,0.307041,0,0.66528,12.849,1,0.52382,0.36288,0,36.1982,5.72901,30.3083,0.84672,12.849,0.84672,3695.15,0,18.483,0.131778,0.261274,1.70617,4.0265,1.509,4.35316,0.42336,0,0,18.483,0.42336,442.007,0,0.929439,0,0,1.19071,0.261274,1.028160,1,0,34.6614,0,0,0,34.6614,0
61.6072,2.61615,0,0,1.62575,0.086303,0.36288,3.6288,60.7334,0.476155,0,0,0.45951,0.30656,0,0.66528,12.849,1,0.533175,0.36288,0,32.6779,5.72901,26.7786,0.84672,12.849,0.84672,3695.15,0,18.483,0.144141,0.261274,1.74763,3.5936,1.509,3.94936,0.42336,0,0,18.483,0.42336,442.007,0,0.878351,0,0,1.13962,0.261274,1.028160,1,0,30.728,0,0,0,30.728,0
60.0451,2.60645,0,0,1.49252,0.0852892,0.36288,3.6288,60.3603,0.521639,0,0,0.454463,0.305933,0,0.66528,12.849,1,0.54361,0.36288,0,29.8714,5.72901,23.9617,0.84672,12.849,0.84672,3695.15,0,18.483,0.15875,0.227405,1.74804,3.51469,1.509,3.82238,0.42336,0,0,18.483,0.42336,442.007,0,0.818605,0,0,1.04601,0.227405,1.028160,1,0,27.7841,0,0,0,27.7841,0
58.8095,2.5954,0,0,1.79312,0.0704105,0.36288,3.6288,60.2627,0.360724,0,0,0.553395,0.290327,0,0.66528,12.849,1,0.555388,0.36288,0,31.2822,5.93723,25.1525,0.84672,12.849,0.84672,3695.15,0,18.483,0.110458,0.389353,1.74844,5.24799,1.56782,5.70751,0.42336,0,0,18.483,0.42336,442.007,0,1.02816,0,0,1.41751,0.389353,1.028160,1,0,30.86,0,0,0,30.86,0
57.1877,2.75916,0,0,1.5707,0.0704293,0.36288,3.6288,59.8764,0.531298,0,0,0.44178,0.29676,0,0.66528,12.849,1,0.602835,0.36288,0,33.2788,5.80485,27.234,0.84672,12.849,0.84672,3695.15,0,18.483,0.162953,0.227405,1.74885,3.77829,1.52907,4.06252,0.42336,0,0,18.483,0.42336,442.007,0,0.934554,0,0,1.16196,0.227405,1.028160,1,0,31.2965,0,0,0,31.2965,0
55.4339,2.74583,0,0,1.42671,0.0718025,0.36288,3.6288,59.352,0.598078,0,0,0.386407,0.312692,0,0.66528,12.849,1,0.616937,0.36288,0,33.862,5.68659,27.9213,0.84672,12.849,0.84672,3695.15,0,18.483,0.184618,0.227405,1.88845,3.63823,1.48653,4.08293,0.42336,0,0,18.483,0.42336,442.007,0,0.846487,0,0,1.07389,0.227405,1.028160,1,0,32.0043,0,0,0,32.0043,0
53.7264,2.73062,0,0,1.45652,0.0705649,0.36288,3.6288,58.7975,0.612927,0,0,0.37006,0.311646,0,0.66528,12.849,1,0.632929,0.36288,0,31.2409,5.68659,25.2842,0.84672,12.849,0.84672,3695.15,0,18.483,0.190874,0.204422,1.88889,3.72984,1.48653,4.14575,0.42336,0,0,18.483,0.42336,442.007,0,0.825759,0,0,1.03018,0.204422,1.028160,1,0,29.43,0,0,0,29.43,0
52.7454,2.71502,0,0,2.17059,0.0736972,0.36288,3.6288,58.4683,0.457852,0,0,0.438115,0.309484,0,0.66528,12.849,1,0.649313,0.36288,0,40.2152,5.6569,34.2719,0.84672,12.849,0.84672,3695.15,0,18.483,0.143926,0.212924,1.88933,4.08779,1.48289,4.56322,0.42336,0,0,18.483,0.42336,442.007,0,1.02816,0,0,1.24108,0.212924,1.028160,1,0,38.8351,0,0,0,38.8351,0
52.141,2.70593,0,0,2.55154,0.087069,0.36288,3.6288,58.2243,0.462801,0,0,0.525007,0.306208,0,0.66528,12.849,1,0.659177,0.36288,0,47.3367,5.55034,41.4901,0.84672,12.849,0.84672,3695.15,0,18.483,0.146301,0.204422,1.88976,3.93479,1.43806,4.44461,0.42336,0,0,18.483,0.42336,442.007,0,1.02121,0,0,1.22564,0.204422,1.028160,1,0,45.9347,0,0,0,45.9347,0
50.2443,2.61803,0,0,1.14895,0.0647901,0.36288,3.6288,58.1392,0.397795,0,0,0.630852,0.318167,0,0.66528,12.849,1,0.645156,0.36288,0,22.3054,5.59556,16.4275,0.84672,12.849,0.84672,3695.15,0,18.483,0.126278,0.928722,1.8902,2.46401,1.38239,3.77426,0.42336,0,0,18.483,0.42336,442.007,0,1.02816,0,0,1.95688,0.928722,1.028160,1,0,20.2018,0,0,0,20.2018,0
48.2018,2.59924,0,0,0.98312,0.0635194,0.36288,3.6288,57.6548,0.514791,0,0,0.348437,0.317992,0,0.66528,12.849,1,0.664705,0.36288,0,22.2835,5.59556,16.3861,0.84672,12.849,0.84672,3695.15,0,18.483,0.163657,0.216518,1.81078,1.83381,1.38239,2.31506,0.42336,0,0,18.483,0.42336,442.007,0,0.874143,0,0,1.09066,0.216518,1.028160,1,0,18.7012,0,0,0,18.7012,0
46.2091,2.5776,0,0,1.02571,0.0779229,0.36288,3.6288,57.1488,0.539316,0,0,0.335437,0.302187,0,0.66528,12.849,1,0.687103,0.36288,0,21.4187,5.38792,15.7066,0.84672,12.849,0.84672,3695.15,0,18.483,0.172894,0.216518,1.8112,1.84542,1.31749,2.38274,0.42336,0,0,18.483,0.42336,442.007,0,0.840741,0,0,1.05726,0.216518,1.028160,1,0,18.0893,0,0,0,18.0893,0
46.0979,2.55501,0,0,2.97555,0.168861,0.36288,3.6288,57.3298,0.396814,0,0,0.790435,0.212622,0,0.66528,12.849,1,0.710451,0.36288,0,64.557,4.14214,60.0673,0.84672,12.849,0.84672,3695.15,0,18.483,0.128337,0.601154,1.81162,4.84706,0.928106,6.20338,0.42336,0,0,18.483,0.42336,442.007,0,1.02816,0,0,1.62931,0.601154,1.028160,1,0,66.2707,0,0,0,66.2707,0
46.1094,2.48827,0,0,3.06196,0.199303,0.36288,3.6288,57.5643,0.343335,0,0,0.783683,0.205801,0,0.66528,12.849,1,0.693564,0.36288,0,67.8214,4.07446,63.4163,0.84672,12.849,0.84672,3695.15,0,18.483,0.110691,0.95955,1.81203,4.16787,1.07163,5.75713,0.42336,0,0,18.483,0.42336,442.007,0,1.02816,0,0,1.98771,0.95955,1.028160,1,0,69.1734,0,0,0,69.1734,0
45.8529,2.48899,0,0,2.7998,0.204438,0.36288,3.6288,57.6105,0.343936,0,0,0.595016,0.204934,0,0.66528,12.849,1,0.693589,0.36288,0,63.5152,4.06319,59.1213,0.84672,12.849,0.84672,3695.15,0,18.483,0.110433,0.780106,1.74141,5.57973,1.09556,6.89526,0.42336,0,0,18.483,0.42336,442.007,0,1.02816,0,0,1.80827,0.780106,1.028160,1,0,66.0166,0,0,0,66.0166,0
45.4711,2.48653,0,0,2.6715,0.203854,0.36288,3.6288,58.1241,0.344263,0,0,1.06293,0.204995,0,0.66528,12.849,1,0.696781,0.36288,0,76.7742,4.06319,72.3771,0.84672,12.849,0.84672,3695.15,0,18.483,0.110449,1.19765,1.74182,6.20026,1.09556,7.93373,0.42336,0,0,18.483,0.42336,442.007,0,1.02816,0,0,2.22581,1.19765,1.028160,1,0,80.3108,0,0,0,80.3108,0
45.1244,2.48254,0,0,2.7058,0.207047,0.36288,3.6288,58.4323,0.345264,0,0,0.860596,0.207183,0,0.66528,12.849,1,0.701505,0.36288,0,58.6285,3.94471,54.3452,0.84672,12.849,0.84672,3695.15,0,18.483,0.109791,1.43724,1.74222,7.68845,1.07036,9.68776,0.42336,0,0,18.483,0.42336,442.007,0,1.02816,0,0,2.4654,1.43724,1.028160,1,0,64.033,0,0,0,64.033,0
45.5904,2.29223,0,0,3.36312,0.242031,0.36288,3.6288,59.2247,0.232756,0,0,1.24113,0.215914,0,0.66528,12.849,1,0.652703,0.36288,0,82.5777,3.76849,78.5193,0.84672,12.849,0.84672,3695.15,0,18.483,0.0736241,1.30845,1.74262,7.33455,0.999311,9.31269,0.42336,0,0,18.483,0.42336,442.007,0,1.02816,0,0,2.33661,1.30845,1.028160,1,0,87.832,0,0,0,87.832,0
46.6972,2.29797,0,0,4.01961,0.25198,0.36288,3.6288,59.6551,0.233742,0,0,0.880536,0.21646,0,0.66528,12.849,1,0.647649,0.36288,0,85.1861,4.16945,80.7319,0.84672,12.849,0.84672,3695.15,0,18.483,0.0729468,1.20788,1.58295,10.9971,1.05942,12.6555,0.42336,0,0,18.483,0.42336,442.007,0,1.02816,0,0,2.23604,1.20788,1.028160,1,0,93.3874,0,0,0,93.3874,0
49.1159,2.31054,0,0,5.34724,0.255105,0.36288,3.6288,60.3218,0.234379,0,0,1.11814,0.217057,0,0.66528,12.849,1,0.635758,0.36288,0,190.41,4.16945,185.968,0.84672,12.849,0.84672,3695.15,0,18.483,0.072618,1.77513,1.58331,11.5633,1.05942,13.7898,0.42336,0,0,18.483,0.42336,442.007,0,1.02816,0,0,2.80329,1.77513,1.028160,1,0,199.757,0,0,0,199.757,0
52.2068,2.33589,0,0,6.05158,0.261936,0.36288,3.6288,61.1093,0.23523,0,0,1.24072,0.217982,0,0.66528,12.849,1,0.611083,0.36288,0,124.813,4.16945,120.395,0.84672,12.849,0.84672,3695.15,0,18.483,0.0720761,1.63198,1.58368,12.0054,1.05942,14.0895,0.42336,0,0,18.483,0.42336,442.007,0,1.02816,0,0,2.66014,1.63198,1.028160,1,0,134.484,0,0,0,134.484,0
54.2507,2.36547,0,0,5.0383,0.266048,0.36288,3.6288,61.308,0.236181,0,0,1.33914,0.217616,0.686634,0.66528,12.849,1,0.582185,0.36288,0,128.636,4.1016,124.315,0.84672,12.849,0.84672,3695.15,0,18.483,0.0714347,1.67997,1.58405,10.5584,1.05863,12.6924,0.42336,0,0,18.483,0.42336,442.007,0,1.02816,0,0,2.70813,1.67997,1.028160,1,0,137.694,0,0,0,137.694,0
54.7075,2.45842,0,0,3.52203,0.243847,0.36288,3.6288,61.308,0.269783,0,0,1.55136,0.20913,1.07244,0.66528,12.849,1,0.582265,0.36288,0,99.341,3.69453,95.4271,0.84672,12.849,0.84672,3695.15,0,18.483,0.0813337,1.99219,1.58441,9.187,1.0539,11.6284,0.42336,0,0,18.483,0.42336,442.007,0,1.02816,0,0,3.02035,1.99219,1.028160,1,0,108.128,0,0,0,108.128,0
55.6156,2.46291,0,0,3.9788,0.244974,0.36288,3.6288,61.308,0.270018,0,0,1.84309,0.20913,1.36395,0.66528,12.849,1,0.578455,0.36288,0,75.3924,3.69453,71.4823,0.84672,12.849,0.84672,3695.15,0,18.483,0.0814045,2.74773,1.63545,11.4729,1.0539,14.7208,0.42336,0,0,18.483,0.42336,442.007,0,1.02816,0,0,3.77589,2.74773,1.028160,1,0,87.567,0,0,0,87.567,0
58.0298,2.47112,0,0,5.4954,0.247215,0.36288,3.6288,61.308,0.270253,0,0,1.59921,0.20913,1.11983,0.66528,12.849,1,0.57091,0.36288,0,125.637,3.69453,121.734,0.84672,12.849,0.84672,3695.15,0,18.483,0.0814752,2.49451,1.63582,13.4638,1.0539,16.4588,0.42336,0,0,18.483,0.42336,442.007,0,1.02816,0,0,3.52267,2.49451,1.028160,1,0,139.313,0,0,0,139.313,0
61.5419,2.49112,0,0,6.66172,0.295592,0.36288,3.6288,61.308,0.270488,0,0,2.35419,0.24214,1.84157,0.66528,12.849,1,0.551586,0.36288,0,208.976,4.08544,204.702,0.84672,12.849,0.84672,3695.15,0,18.483,0.081546,3.52134,1.63618,14.5767,1.14764,18.505,0.42336,0,0,18.483,0.42336,442.007,0,1.02816,0,0,4.5495,3.52134,1.028160,1,0,225.048,0,0,0,225.048,0
64.1502,2.76329,0,0,6.03131,0.296829,0.36288,3.6288,61.308,0.39544,0,0,3.30852,0.212438,2.70064,0.66528,12.849,1,0.576933,0.36288,0,149.546,4.25881,145.073,0.84672,12.849,0.84672,3695.15,0,18.483,0.119216,4.76751,1.63654,19.5245,1.26072,24.5486,0.42336,0,0,18.483,0.42336,442.007,0,1.02816,0,0,5.79567,4.76751,1.028160,1,0,172.323,0,0,0,172.323,0
65.2429,2.78345,0,0,4.53914,0.300114,0.36288,3.6288,61.308,0.395702,0,0,2.88558,0.209007,2.28087,0.66528,12.849,1,0.557513,0.36288,0,96.6082,4.34479,92.0687,0.84672,12.849,0.84672,3695.15,0,18.483,0.119295,3.74879,1.81794,15.5118,1.32457,19.6347,0.42336,0,0,18.483,0.42336,442.007,0,1.02816,0,0,4.77695,3.74879,1.028160,1,0,113.984,0,0,0,113.984,0
67.2677,2.79187,0,0,5.48237,0.302766,0.36288,3.6288,61.308,0.395965,0,0,2.19776,0.209007,1.59279,0.66528,12.849,1,0.549834,0.36288,0,124.445,4.34479,119.914,0.84672,12.849,0.84672,3695.15,0,18.483,0.119375,3.1997,1.81834,15.3617,1.32457,18.9358,0.42336,0,0,18.483,0.42336,442.007,0,1.02816,0,0,4.22786,3.1997,1.028160,1,0,140.442,0,0,0,140.442,0
68.1822,2.80639,0,0,4.42226,0.33855,0.36288,3.6288,61.308,0.396227,0,0,1.95669,0.190021,1.37044,0.66528,12.849,1,0.536056,0.36288,0,118.278,4.88394,113.221,0.84672,12.849,0.84672,3695.15,0,18.483,0.119454,2.54144,1.81874,12.0851,1.45292,14.8729,0.42336,0,0,18.483,0.42336,442.007,0,1.02816,0,0,3.5696,2.54144,1.028160,1,0,129.464,0,0,0,129.464,0
69.3125,2.45649,0,0,4.23962,0.289972,0.36288,3.6288,61.308,0.228969,0,0,1.65529,0.167011,1.25931,0.66528,12.849,1,0.462927,0.36288,0,108.408,4.70364,103.604,0.84672,12.849,0.84672,3695.15,0,18.483,0.0690291,2.27545,1.81915,11.1481,1.09686,14.0768,0.42336,0,0,18.483,0.42336,442.007,0,1.02816,0,0,3.30361,2.27545,1.028160,1,0,118.94,0,0,0,118.94,0
69.8445,2.4634,0,0,3.63715,0.278811,0.36288,3.6288,61.308,0.229194,0,0,1.51185,0.133166,1.14949,0.66528,12.849,1,0.45666,0.36288,0,91.2859,4.56897,86.6232,0.84672,12.849,0.84672,3695.15,0,18.483,0.069097,2.43506,1.57169,10.4821,0.958563,13.4612,0.42336,0,0,18.483,0.42336,442.007,0,1.02816,0,0,3.46322,2.43506,1.028160,1,0,101.234,0,0,0,101.234,0
70.9839,2.46688,0,0,4.24906,0.279963,0.36288,3.6288,61.308,0.22942,0,0,1.40584,0.133166,1.04325,0.66528,12.849,1,0.453822,0.36288,0,108.475,4.56897,103.815,0.84672,12.849,0.84672,3695.15,0,18.483,0.069165,1.93723,1.57204,10.1915,0.958563,12.673,0.42336,0,0,18.483,0.42336,442.007,0,1.02816,0,0,2.96539,1.93723,1.028160,1,0,117.532,0,0,0,117.532,0
71.3498,2.4736,0,0,3.48727,0.284799,0.36288,3.6288,61.308,0.229646,0,0,1.28844,0.136364,0.92243,0.66528,12.849,1,0.447753,0.36288,0,87.194,4.47646,82.6327,0.84672,12.849,0.84672,3695.15,0,18.483,0.069233,1.52737,1.57238,8.81297,0.958412,10.8851,0.42336,0,0,18.483,0.42336,442.007,0,1.02816,0,0,2.55553,1.52737,1.028160,1,0,94.4402,0,0,0,94.4402,0
72.29,2.47609,0,0,4.55696,0.282018,0.858695,3.6288,61.308,0.229871,0,0,2.08054,0.15874,1.69193,0.66528,12.849,1,0.445906,0.858695,0,122.291,4.21781,118.486,0.84672,12.849,0.84672,3695.15,0,18.483,0.0693011,2.31469,1.57273,11.9664,0.960656,14.8239,0.42336,0,0,18.483,0.42336,442.007,0,1.02816,0,0,3.34285,2.31469,1.028160,1,0,135.001,0,0,0,135.001,0
72.29,2.57224,0,0,7.40911,0.239122,4.59775,3.6288,61.308,0.271124,0,0,2.50029,0.166705,2.06247,0.66528,12.849,1,0.457196,4.59775,0,208.004,4.95873,207.186,0.84672,12.849,0.84672,3695.15,0,18.483,0.0817379,3.11068,1.57308,15.6184,0.968535,19.2518,0.42336,0,0,18.483,0.42336,442.007,0,1.02816,0,0,4.13884,3.11068,1.028160,1,0,228.5,0,0,0,228.5,0
72.29,2.57281,0,0,4.53777,0.239122,1.72584,3.6288,61.308,0.271359,0,0,1.67107,0.166705,1.23301,0.66528,12.849,1,0.457297,1.72584,0,119.937,4.95873,116.247,0.84672,12.849,0.84672,3695.15,0,18.483,0.0818086,1.91909,1.63469,10.8327,0.968535,13.3361,0.42336,0,0,18.483,0.42336,442.007,0,1.02816,0,0,2.94725,1.91909,1.028160,1,0,130.816,0,0,0,130.816,0
72.29,2.57337,0,0,3.82608,0.239122,1.01358,3.6288,61.308,0.271594,0,0,1.46284,0.166705,1.02454,0.66528,12.849,1,0.457398,1.01358,0,91.5227,4.95873,87.1201,0.84672,12.849,0.84672,3695.15,0,18.483,0.0818794,1.75943,1.63505,9.8699,0.968535,12.214,0.42336,0,0,18.483,0.42336,442.007,0,1.02816,0,0,2.78759,1.75943,1.028160,1,0,100.359,0,0,0,100.359,0
72.29,2.57394,0,0,3.42084,0.239122,0.607769,3.6288,61.308,0.271828,0,0,1.3348,0.166705,0.896269,0.66528,12.849,1,0.457499,0.607769,0,77.7868,4.95873,72.9783,0.84672,12.849,0.84672,3695.15,0,18.483,0.0819502,1.56123,1.63542,8.9983,0.968535,11.1445,0.42336,0,0,18.483,0.42336,442.007,0,1.02816,0,0,2.58939,1.56123,1.028160,1,0,85.0191,0,0,0,85.0191,0
72.29,2.53903,0,0,3.46857,0.149591,0.77995,3.6288,61.308,0.256114,0,0,1.13956,0.210774,0.672667,0.66528,12.849,1,0.451293,0.77995,0,87.7634,4.99313,83.0989,0.84672,12.849,0.84672,3695.15,0,18.483,0.0772128,1.18803,1.63578,7.09698,1.09798,8.7456,0.42336,0,0,18.483,0.42336,442.007,0,1.02816,0,0,2.21619,1.18803,1.028160,1,0,92.5172,0,0,0,92.5172,0
72.29,2.53959,0,0,3.14724,0.138595,0.469055,3.6288,61.308,0.256346,0,0,1.23144,0.207378,0.767718,0.66528,12.849,1,0.451393,0.469055,0,73.0512,4.81246,68.2564,0.84672,12.849,0.84672,3695.15,0,18.483,0.0772826,0.976683,1.61227,6.65712,1.07719,8.0916,0.42336,0,0,18.483,0.42336,442.007,0,1.02816,0,0,2.00484,0.976683,1.028160,1,0,77.1157,0,0,0,77.1157,0
72.29,2.54015,0,0,3.04258,0.138595,0.363837,3.6288,61.308,0.256577,0,0,1.09197,0.207378,0.628011,0.66528,12.849,1,0.451493,0.363837,0,64.5399,4.81246,59.6398,0.84672,12.849,0.84672,3695.15,0,18.483,0.0773523,0.795053,1.61263,6.32547,1.07719,7.57861,0.42336,0,0,18.483,0.42336,442.007,0,1.02816,0,0,1.82321,0.795053,1.028160,1,0,67.8464,0,0,0,67.8464,0
71.9138,2.54071,0,0,2.68256,0.155145,0.36288,3.6288,61.308,0.256809,0,0,1.04793,0.166563,0.624557,0.66528,12.849,1,0.451593,0.36288,0,61.924,4.47749,57.3578,0.84672,12.849,0.84672,3695.15,0,18.483,0.0774221,0.745986,1.61298,6.11191,0.980556,7.4129,0.42336,0,0,18.483,0.42336,442.007,0,1.02816,0,0,1.77415,0.745986,1.028160,1,0,65.3953,0,0,0,65.3953,0
71.2178,2.65973,0,0,2.46054,0.133933,0.36288,3.6288,61.308,0.313648,0,0,1.02331,0.186879,0.522786,0.66528,12.849,1,0.475219,0.36288,0,59.4338,4.61415,54.7073,0.84672,12.849,0.84672,3695.15,0,18.483,0.094558,0.814363,1.61334,5.96693,0.94834,7.35174,0.42336,0,0,18.483,0.42336,442.007,0,1.02816,0,0,1.84252,0.814363,1.028160,1,0,62.5818,0,0,0,62.5818,0
70.4136,2.65638,0,0,2.32349,0.108495,0.36288,3.6288,61.308,0.313892,0,0,0.872355,0.225075,0.333388,0.66528,12.849,1,0.47926,0.36288,0,54.3445,4.90507,49.323,0.84672,12.849,0.84672,3695.15,0,18.483,0.0946316,0.490778,1.69723,5.20252,0.978533,6.31736,0.42336,0,0,18.483,0.42336,442.007,0,1.02816,0,0,1.51894,0.490778,1.028160,1,0,55.9738,0,0,0,55.9738,0
69.4907,2.65234,0,0,2.20506,0.112675,0.36288,3.6288,61.308,0.314136,0,0,0.858557,0.223758,0.320663,0.66528,12.849,1,0.483996,0.36288,0,52.0577,4.82046,47.1162,0.84672,12.849,0.84672,3695.15,0,18.483,0.0947051,0.614788,1.6976,4.86998,0.981798,6.10587,0.42336,0,0,18.483,0.42336,442.007,0,1.02816,0,0,1.64295,0.614788,1.028160,1,0,53.5427,0,0,0,53.5427,0
68.3973,2.6475,0,0,2.04686,0.129878,0.36288,3.6288,61.308,0.31438,0,0,0.82518,0.220008,0.290792,0.66528,12.849,1,0.489529,0.36288,0,48.1844,4.34482,43.7129,0.84672,12.849,0.84672,3695.15,0,18.483,0.0947787,0.559872,1.69798,4.52991,1.0109,5.68207,0.42336,0,0,18.483,0.42336,442.007,0,1.02816,0,0,1.58803,0.559872,1.028160,1,0,49.6858,0,0,0,49.6858,0
67.3694,2.64149,0,0,2.04477,0.0683162,0.36288,3.6288,61.308,0.314625,0,0,0.886956,0.246679,0.325653,0.66528,12.849,1,0.496226,0.36288,0,45.7853,4.7374,40.9146,0.84672,12.849,0.84672,3695.15,0,18.483,0.0948523,0.567864,1.69835,4.78509,1.07891,5.87755,0.42336,0,0,18.483,0.42336,442.007,0,1.02816,0,0,1.59602,0.567864,1.028160,1,0,47.1178,0,0,0,47.1178,0
66.549,2.61211,0,0,2.2328,0.0782477,0.36288,3.6288,61.308,0.346016,0,0,1.03619,0.251094,0.439077,0.66528,12.849,1,0.498194,0.36288,0,44.4804,5.23803,39.1071,0.84672,12.849,0.84672,3695.15,0,18.483,0.104316,0.704946,1.69873,5.55219,1.1061,6.74544,0.42336,0,0,18.483,0.42336,442.007,0,1.02816,0,0,1.73311,0.704946,1.028160,1,0,46.2916,0,0,0,46.2916,0
65.7237,2.60754,0,0,2.22286,0.0777417,0.36288,3.6288,61.308,0.346267,0,0,0.996909,0.251094,0.399548,0.66528,12.849,1,0.503453,0.36288,0,41.9706,5.23803,36.592,0.84672,12.849,0.84672,3695.15,0,18.483,0.104392,0.745459,1.72515,5.87903,1.1061,7.13915,0.42336,0,0,18.483,0.42336,442.007,0,1.02816,0,0,1.77362,0.745459,1.028160,1,0,44.1307,0,0,0,44.1307,0
64.8093,2.60283,0,0,2.11495,0.0635954,0.36288,3.6288,61.308,0.346518,0,0,0.973192,0.274411,0.352263,0.66528,12.849,1,0.508853,0.36288,0,39.56,5.56379,33.8502,0.84672,12.849,0.84672,3695.15,0,18.483,0.104468,0.721284,1.72554,5.71494,1.21635,6.84094,0.42336,0,0,18.483,0.42336,442.007,0,1.02816,0,0,1.74944,0.721284,1.028160,1,0,41.0434,0,0,0,41.0434,0
63.6337,2.59741,0,0,1.83011,0.0454693,0.36288,3.6288,61.308,0.346769,0,0,0.915667,0.300141,0.268757,0.66528,12.849,1,0.514958,0.36288,0,36.9067,6.26932,30.4853,0.84672,12.849,0.84672,3695.15,0,18.483,0.104543,0.60035,1.72592,5.70776,1.46394,6.46554,0.42336,0,0,18.483,0.42336,442.007,0,1.02816,0,0,1.62851,0.60035,1.028160,1,0,37.2196,0,0,0,37.2196,0
62.2675,2.65051,0,0,1.69669,0.0494763,0.36288,3.6288,61.308,0.374804,0,0,0.84729,0.319595,0.152891,0.66528,12.849,1,0.535195,0.36288,0,33.9211,5.89583,27.8529,0.84672,12.849,0.84672,3695.15,0,18.483,0.112995,0.378899,1.7263,4.31686,1.46264,4.84642,0.42336,0,0,18.483,0.42336,442.007,0,1.02816,0,0,1.40706,0.378899,1.028160,1,0,32.8522,0,0,0,32.8522,0
60.7514,2.64136,0,0,1.5378,0.0496111,0.36288,3.6288,61.2865,0.478325,0,0,0.780373,0.323507,0,0.66528,12.849,1,0.545049,0.36288,0,32.194,5.79967,26.2122,0.84672,12.849,0.84672,3695.15,0,18.483,0.144204,0.261274,1.76823,3.63188,1.44985,4.06732,0.42336,0,0,18.483,0.42336,442.007,0,0.893765,0,0,1.15504,0.261274,1.028160,1,0,30.2795,0,0,0,30.2795,0
59.3426,2.63072,0,0,1.6248,0.0400499,0.36288,3.6288,61.308,0.375288,0,0,0.895856,0.328642,0.170466,0.66528,12.849,1,0.5564,0.36288,0,31.5747,5.94923,25.432,0.84672,12.849,0.84672,3695.15,0,18.483,0.113181,0.357903,1.76862,4.80449,1.47973,5.3381,0.42336,0,0,18.483,0.42336,442.007,0,1.02816,0,0,1.38606,0.357903,1.028160,1,0,30.9405,0,0,0,30.9405,0
57.9616,2.62044,0,0,1.6389,0.0365999,0.36288,3.6288,61.308,0.375576,0,0,0.877712,0.290184,0.211951,0.66528,12.849,1,0.567383,0.36288,0,30.8008,5.95842,24.6379,0.84672,12.849,0.84672,3695.15,0,18.483,0.113228,0.391997,1.76901,4.69968,1.5117,5.23576,0.42336,0,0,18.483,0.42336,442.007,0,1.02816,0,0,1.42016,0.391997,1.028160,1,0,30.0856,0,0,0,30.0856,0
56.4572,2.78425,0,0,1.6981,0.0553263,0.36288,3.6288,61.308,0.476206,0,0,1.04846,0.291397,0.28086,0.66528,12.849,1,0.617217,0.36288,0,31.4435,5.73917,25.45,0.84672,12.849,0.84672,3695.15,0,18.483,0.143566,0.652994,1.7694,4.96758,1.38406,5.86234,0.42336,0,0,18.483,0.42336,442.007,0,1.02816,0,0,1.68115,0.652994,1.028160,1,0,31.5932,0,0,0,31.5932,0
54.5011,2.77147,0,0,1.26375,0.0854776,0.36288,3.6288,61.308,0.476486,0,0,0.885548,0.289561,0.119501,0.66528,12.849,1,0.630754,0.36288,0,22.825,5.34713,17.21,0.84672,12.849,0.84672,3695.15,0,18.483,0.14365,0.36726,1.91063,4.51296,1.19397,5.45323,0.42336,0,0,18.483,0.42336,442.007,0,1.02816,0,0,1.39542,0.36726,1.028160,1,0,22.7827,0,0,0,22.7827,0
52.6361,2.75376,0,0,1.33546,0.0838225,0.36288,3.6288,61.308,0.476766,0,0,0.997091,0.289561,0.230764,0.66528,12.849,1,0.649217,0.36288,0,25.4692,5.34713,19.8357,0.84672,12.849,0.84672,3695.15,0,18.483,0.143734,0.46446,1.91105,4.78089,1.19397,5.8187,0.42336,0,0,18.483,0.42336,442.007,0,1.02816,0,0,1.49262,0.46446,1.028160,1,0,25.8852,0,0,0,25.8852,0
50.7306,2.73587,0,0,1.27551,0.0822445,0.36288,3.6288,61.308,0.477046,0,0,0.815642,0.289561,0.0490354,0.66528,12.849,1,0.667854,0.36288,0,23.1231,5.34713,17.471,0.84672,12.849,0.84672,3695.15,0,18.483,0.143819,0.298685,1.91147,3.92362,1.19397,4.796,0.42336,0,0,18.483,0.42336,442.007,0,1.02816,0,0,1.32684,0.298685,1.028160,1,0,22.3161,0,0,0,22.3161,0
49.0249,2.71646,0,0,1.47426,0.100707,0.36288,3.6288,61.2642,0.509834,0,0,0.745557,0.279568,0,0.66528,12.849,1,0.688021,0.36288,0,21.8011,4.93967,16.5363,0.84672,12.849,0.84672,3695.15,0,18.483,0.153704,0.204422,1.91189,4.33591,1.10503,5.19349,0.42336,0,0,18.483,0.42336,442.007,0,0.985851,0,0,1.19027,0.204422,1.028160,1,0,21.7298,0,0,0,21.7298,0
46.5766,2.61576,0,0,0.695587,0.165164,0.36288,3.6288,60.1837,1.1153,0,0,0.300489,0.265685,0,0.66528,12.849,1,0.685569,0.36288,0,13.7305,4.43405,8.97378,0.84672,12.849,0.84672,3695.15,0,18.483,0.336478,0.204422,1.91232,3.53882,0.936474,4.38261,0.42336,0,0,18.483,0.42336,442.007,0,0.1186,0,0,0.323022,0.204422,1.028160,1,0,13.3564,0,0,0,13.3564,0
44.2989,2.58809,0,0,0.834045,0.1608,0.36288,3.6288,59.2963,1.01232,0,0,0.388849,0.26387,0,0.66528,12.849,1,0.713971,0.36288,0,20.3475,4.43405,15.5624,0.84672,12.849,0.84672,3695.15,0,18.483,0.310895,0.216518,1.83194,3.7085,0.936474,4.50959,0.42336,0,0,18.483,0.42336,442.007,0,0.247504,0,0,0.464022,0.216518,1.028160,1,0,20.072,0,0,0,20.072,0
42.0568,2.5602,0,0,0.837674,0.15674,0.36288,3.6288,58.3982,1.0047,0,0,0.368951,0.262379,0,0.66528,12.849,1,0.742592,0.36288,0,17.5845,4.43405,12.7707,0.84672,12.849,0.84672,3695.15,0,18.483,0.313172,0.216518,1.83235,4.21235,0.936474,5.01157,0.42336,0,0,18.483,0.42336,442.007,0,0.253195,0,0,0.469714,0.216518,1.028160,1,0,17.7823,0,0,0,17.7823,0
41.1973,2.53043,0,0,2.1866,0.152744,0.36288,3.6288,58.8866,0.412652,0,0,1.16194,0.26087,0,0.66528,12.849,1,0.773087,0.36288,0,38.6202,4.43405,33.7759,0.84672,12.849,0.84672,3695.15,0,18.483,0.130604,0.87147,1.83275,6.03819,0.936474,7.67533,0.42336,0,0,18.483,0.42336,442.007,0,1.02816,0,0,1.89963,0.87147,1.028160,1,0,41.4513,0,0,0,41.4513,0
40.5664,2.45363,0,0,2.41147,0.225887,0.36288,3.6288,59.3964,0.3587,0,0,1.10337,0.234842,0,0.66528,12.849,1,0.765261,0.36288,0,64.6006,3.53043,60.6678,0.84672,12.849,0.84672,3695.15,0,18.483,0.112587,0.418893,1.83316,10.7912,0.984631,11.946,0.42336,0,0,18.483,0.42336,442.007,0,1.02816,0,0,1.44705,0.418893,1.028160,1,0,72.6138,0,0,0,72.6138,0
39.1189,2.44513,0,0,1.56345,0.202896,0.36288,3.6288,59.5327,0.35969,0,0,0.772794,0.276828,0,0.66528,12.849,1,0.774471,0.36288,0,49.2371,3.843,44.9825,0.84672,12.849,0.84672,3695.15,0,18.483,0.111928,0.4191,1.76169,5.9151,1.17386,6.8101,0.42336,0,0,18.483,0.42336,442.007,0,1.02816,0,0,1.44726,0.4191,1.028160,1,0,51.7926,0,0,0,51.7926,0
37.0465,2.4241,0,0,0.913991,0.199481,0.36288,3.6288,59.1373,0.622858,0,0,0.504503,0.27707,0,0.66528,12.849,1,0.796218,0.36288,0,24.3809,3.843,20.1045,0.84672,12.849,0.84672,3695.15,0,18.483,0.193377,0.292723,1.76208,4.20581,1.17386,4.89337,0.42336,0,0,18.483,0.42336,442.007,0,0.683873,0,0,0.976596,0.292723,1.028160,1,0,24.9979,0,0,0,24.9979,0
35.5228,2.39155,0,0,1.42543,0.194704,0.36288,3.6288,59.2491,0.35982,0,0,0.748045,0.276369,0,0.66528,12.849,1,0.829473,0.36288,0,41.5521,3.843,37.2425,0.84672,12.849,0.84672,3695.15,0,18.483,0.11246,0.355113,1.76247,8.87859,1.17386,9.70986,0.42336,0,0,18.483,0.42336,442.007,0,1.02816,0,0,1.38327,0.355113,1.028160,1,0,46.9524,0,0,0,46.9524,0
34.4462,2.18776,0,0,1.68147,0.207347,0.36288,3.6288,59.585,0.245332,0,0,0.819694,0.238452,0,0.66528,12.849,1,0.79134,0.36288,0,53.7578,3.57372,49.7556,0.84672,12.849,0.84672,3695.15,0,18.483,0.0765322,0.348408,1.76286,7.4857,1.04575,8.47468,0.42336,0,0,18.483,0.42336,442.007,0,1.02816,0,0,1.37657,0.348408,1.028160,1,0,58.2303,0,0,0,58.2303,0
33.6537,2.17023,0,0,1.92733,0.186778,0.36288,3.6288,60.0681,0.245888,0,0,0.933785,0.204807,0,0.66528,12.849,1,0.80953,0.36288,0,61.6551,3.71511,57.4934,0.84672,12.849,0.84672,3695.15,0,18.483,0.0762734,0.466439,1.60131,7.5708,0.947614,8.61466,0.42336,0,0,18.483,0.42336,442.007,0,1.02816,0,0,1.4946,0.466439,1.028160,1,0,66.108,0,0,0,66.108,0
32.9659,2.15691,0,0,2.01703,0.18497,0.36288,3.6288,61.0813,0.246585,0,0,1.46521,0.205439,0,0.66528,12.849,1,0.823509,0.36288,0,70.9644,3.71511,66.7886,0.84672,12.849,0.84672,3695.15,0,18.483,0.0758744,1.22571,1.60167,10.2772,0.947614,12.0811,0.42336,0,0,18.483,0.42336,442.007,0,1.02816,0,0,2.25387,1.22571,1.028160,1,0,78.8697,0,0,0,78.8697,0
32.263,2.14502,0,0,1.98834,0.183401,0.36288,3.6288,61.308,0.24778,0,0,1.31465,0.206766,0.633426,0.66528,12.849,1,0.836055,0.36288,0,79.6798,3.71511,75.4915,0.84672,12.849,0.84672,3695.15,0,18.483,0.0749775,0.851792,1.60202,9.13369,0.947614,10.5649,0.42336,0,0,18.483,0.42336,442.007,0,1.02816,0,0,1.87995,0.851792,1.028160,1,0,86.6899,0,0,0,86.6899,0
34.7009,2.13501,0,0,5.13613,0.200351,0.36288,3.6288,61.308,0.248222,0,0,2.82297,0.19938,2.37537,0.66528,12.849,1,0.84672,0.36288,0,119.608,4.4847,114.639,0.84672,12.849,0.84672,3695.15,0,18.483,0.0748335,2.09109,1.60237,18.84,1.14256,21.3161,0.42336,0,0,18.483,0.42336,442.007,0,1.02816,0,0,3.11925,2.09109,1.028160,1,0,138.331,0,0,0,138.331,0
38.5138,2.24465,0,0,6.64011,0.219626,0.36288,3.6288,61.308,0.282022,0,0,2.17268,0.150353,1.74031,0.66528,12.849,1,0.831148,0.36288,0,165.225,3.00993,161.747,0.84672,12.849,0.84672,3695.15,0,18.483,0.0850235,1.39443,1.60273,15.8471,0.674363,18.0848,0.42336,0,0,18.483,0.42336,442.007,0,1.02816,0,0,2.42259,1.39443,1.028160,1,0,181.572,0,0,0,181.572,0
40.364,2.30684,0,0,4.74976,0.229822,0.36288,3.6288,61.308,0.282248,0,0,2.12456,0.150353,1.69196,0.66528,12.849,1,0.76961,0.36288,0,120.921,3.00993,117.504,0.84672,12.849,0.84672,3695.15,0,18.483,0.0850916,1.46515,1.65434,11.8045,0.674363,14.1645,0.42336,0,0,18.483,0.42336,442.007,0,1.02816,0,0,2.49331,1.46515,1.028160,1,0,133.361,0,0,0,133.361,0
43.3822,2.33409,0,0,5.94996,0.234837,0.36288,3.6288,61.308,0.282474,0,0,2.28585,0.150353,1.85302,0.66528,12.849,1,0.743007,0.36288,0,112.32,3.00993,108.93,0.84672,12.849,0.84672,3695.15,0,18.483,0.0851598,1.54418,1.65469,13.4659,0.674363,15.9052,0.42336,0,0,18.483,0.42336,442.007,0,1.02816,0,0,2.57234,1.54418,1.028160,1,0,126.688,0,0,0,126.688,0
50.5327,2.37447,0,0,10.1311,0.243274,0.36288,3.6288,61.308,0.282701,0,0,2.95761,0.150353,2.52456,0.66528,12.849,1,0.703275,0.36288,0,202.243,3.00993,198.893,0.84672,12.849,0.84672,3695.15,0,18.483,0.0852279,2.2609,1.65504,20.3622,0.674363,23.5186,0.42336,0,0,18.483,0.42336,442.007,0,1.02816,0,0,3.28906,2.2609,1.028160,1,0,224.936,0,0,0,224.936,0
56.8745,2.69372,0,0,9.68751,0.289085,0.36288,3.6288,61.308,0.409079,0,0,3.42339,0.136148,2.87817,0.66528,12.849,1,0.684936,0.36288,0,253.751,3.62849,249.8,0.84672,12.849,0.84672,3695.15,0,18.483,0.123328,3.15146,1.65539,22.7705,0.887168,26.5668,0.42336,0,0,18.483,0.42336,442.007,0,1.02816,0,0,4.17962,3.15146,1.028160,1,0,279.245,0,0,0,279.245,0
71.913,2.7566,0,0,18.4646,0.306612,0.36288,3.6288,61.308,0.409332,0,0,5.83133,0.111517,5.31049,0.66528,12.849,1,0.622767,0.36288,0,290.987,3.36294,287.364,0.84672,12.849,0.84672,3695.15,0,18.483,0.123405,6.03376,1.83885,44.1329,0.877297,51.0049,0.42336,0,0,18.483,0.42336,442.007,0,1.02816,0,0,7.06192,6.03376,1.028160,1,0,343.679,0,0,0,343.679,0
72.29,2.8677,0,0,7.31307,0.347695,3.7207,3.6288,61.308,0.409585,0,0,2.80112,0.111517,2.28002,0.66528,12.849,1,0.512384,3.7207,0,342.451,3.36294,342.296,0.84672,12.849,0.84672,3695.15,0,18.483,0.123481,2.73116,1.83924,19.2993,0.877297,22.869,0.42336,0,0,18.483,0.42336,442.007,0,1.02816,0,0,3.75932,2.73116,1.028160,1,0,367.445,0,0,0,367.445,0
72.29,2.87057,0,0,5.62111,0.3552,2.39534,3.6288,61.308,0.409838,0,0,2.3492,0.159737,1.77962,0.66528,12.849,1,0.510222,2.39534,0,180.012,3.94061,177.956,0.84672,12.849,0.84672,3695.15,0,18.483,0.123557,2.28455,1.83963,16.115,0.977148,19.1385,0.42336,0,0,18.483,0.42336,442.007,0,1.02816,0,0,3.31271,2.28455,1.028160,1,0,198.874,0,0,0,198.874,0
72.29,2.50724,0,0,7.28965,0.345503,4.43691,3.6288,61.308,0.240649,0,0,3.95196,0.233423,3.47789,0.66528,12.849,1,0.445642,4.43691,0,203.931,4.53191,203.39,0.84672,12.849,0.84672,3695.15,0,18.483,0.0725504,3.15722,1.84002,23.5406,1.1366,27.3287,0.42336,0,0,18.483,0.42336,442.007,0,1.02816,0,0,4.18538,3.15722,1.028160,1,0,234.197,0,0,0,234.197,0
72.29,2.50776,0,0,8.9462,0.331724,6.10671,3.6288,61.308,0.240866,0,0,4.23382,0.240468,3.75248,0.66528,12.849,1,0.445736,6.10671,0,215.213,4.39771,216.476,0.84672,12.849,0.84672,3695.15,0,18.483,0.0726159,3.10694,1.5897,23.6323,1.15634,27.1,0.42336,0,0,18.483,0.42336,442.007,0,1.02816,0,0,4.1351,3.10694,1.028160,1,0,247.329,0,0,0,247.329,0
72.29,2.50829,0,0,8.82014,0.331724,5.98013,3.6288,61.308,0.241084,0,0,4.42854,0.240468,3.94699,0.66528,12.849,1,0.44583,5.98013,0,214.475,4.39771,215.612,0.84672,12.849,0.84672,3695.15,0,18.483,0.0726814,3.41987,1.59004,24.179,1.15634,27.9599,0.42336,0,0,18.483,0.42336,442.007,0,1.02816,0,0,4.44803,3.41987,1.028160,1,0,247.519,0,0,0,247.519,0
72.29,2.50882,0,0,6.77013,0.290291,3.97102,3.6288,61.308,0.241301,0,0,3.39784,0.231159,2.92538,0.66528,12.849,1,0.445924,3.97102,0,150.236,4.81436,148.947,0.84672,12.849,0.84672,3695.15,0,18.483,0.0727469,2.54296,1.59037,20.5781,1.23725,23.4015,0.42336,0,0,18.483,0.42336,442.007,0,1.02816,0,0,3.57112,2.54296,1.028160,1,0,175.273,0,0,0,175.273,0
72.29,2.50935,0,0,5.97711,0.28945,3.17831,3.6288,61.308,0.241518,0,0,3.01563,0.233403,2.54071,0.66528,12.849,1,0.446018,3.17831,0,134.512,4.83393,132.41,0.84672,12.849,0.84672,3695.15,0,18.483,0.0728124,2.07413,1.59071,16.0174,1.24293,18.3665,0.42336,0,0,18.483,0.42336,442.007,0,1.02816,0,0,3.10229,2.07413,1.028160,1,0,153.317,0,0,0,153.317,0
72.29,2.60158,0,0,7.31373,0.284404,4.42774,3.6288,61.308,0.283231,0,0,2.88624,0.246868,2.35614,0.66528,12.849,1,0.462412,4.42774,0,140.331,4.95138,139.345,0.84672,12.849,0.84672,3695.15,0,18.483,0.0853878,1.7622,1.59104,10.8589,1.27705,12.8497,0.42336,0,0,18.483,0.42336,442.007,0,1.02816,0,0,2.79036,1.7622,1.028160,1,0,154.551,0,0,0,154.551,0
72.29,2.60213,0,0,7.4068,0.284404,4.52027,3.6288,61.308,0.283457,0,0,2.82975,0.246868,2.29942,0.66528,12.849,1,0.462509,4.52027,0,159.315,4.95138,158.421,0.84672,12.849,0.84672,3695.15,0,18.483,0.085456,1.82626,1.65334,13.4885,1.27705,15.6056,0.42336,0,0,18.483,0.42336,442.007,0,1.02816,0,0,2.85442,1.82626,1.028160,1,0,176.326,0,0,0,176.326,0
72.29,2.60268,0,0,8.6311,0.259432,5.76899,3.6288,61.308,0.283683,0,0,3.2988,0.271343,2.74378,0.66528,12.849,1,0.462607,5.76899,0,176.346,5.29446,176.358,0.84672,12.849,0.84672,3695.15,0,18.483,0.0855241,2.2551,1.65369,18.3049,1.37472,20.7534,0.42336,0,0,18.483,0.42336,442.007,0,1.02816,0,0,3.28326,2.2551,1.028160,1,0,199.855,0,0,0,199.855,0
72.29,2.60323,0,0,5.27627,0.240704,2.43233,3.6288,61.308,0.283909,0,0,2.30556,0.2897,1.73195,0.66528,12.849,1,0.462704,2.43233,0,115.487,5.55177,111.904,0.84672,12.849,0.84672,3695.15,0,18.483,0.0855923,1.35688,1.65404,8.77107,1.44798,10.2484,0.42336,0,0,18.483,0.42336,442.007,0,1.02816,0,0,2.38504,1.35688,1.028160,1,0,123.885,0,0,0,123.885,0
72.29,2.56789,0,0,5.01982,0.211939,2.23999,3.6288,61.308,0.268005,0,0,1.46074,0.239958,0.952775,0.66528,12.849,1,0.456423,2.23999,0,94.0058,4.52703,91.2623,0.84672,12.849,0.84672,3695.15,0,18.483,0.0807977,1.04649,1.65439,7.43092,1.23249,8.81851,0.42336,0,0,18.483,0.42336,442.007,0,1.02816,0,0,2.07465,1.04649,1.028160,1,0,101.034,0,0,0,101.034,0
72.29,2.56843,0,0,4.54643,0.207145,1.77085,3.6288,61.308,0.268228,0,0,1.31499,0.231668,0.815095,0.66528,12.849,1,0.456519,1.77085,0,82.8801,4.35624,79.8382,0.84672,12.849,0.84672,3695.15,0,18.483,0.0808649,0.817672,1.6306,7.06406,1.19657,8.2349,0.42336,0,0,18.483,0.42336,442.007,0,1.02816,0,0,1.84583,0.817672,1.028160,1,0,88.8881,0,0,0,88.8881,0
72.29,2.56897,0,0,4.07373,0.207145,1.29761,3.6288,61.308,0.268451,0,0,1.16195,0.231668,0.661831,0.66528,12.849,1,0.456615,1.29761,0,71.1366,4.35624,67.6213,0.84672,12.849,0.84672,3695.15,0,18.483,0.0809321,0.590605,1.63094,6.15403,1.19657,7.09807,0.42336,0,0,18.483,0.42336,442.007,0,1.02816,0,0,1.61876,0.590605,1.028160,1,0,75.3812,0,0,0,75.3812,0
72.29,2.56951,0,0,3.7667,0.185541,1.01165,3.6288,61.308,0.268674,0,0,1.08114,0.203224,0.609243,0.66528,12.849,1,0.456712,1.01165,0,67.5639,3.76644,64.3524,0.84672,12.849,0.84672,3695.15,0,18.483,0.0809992,0.508576,1.63129,5.54756,1.04698,6.55944,0.42336,0,0,18.483,0.42336,442.007,0,1.02816,0,0,1.53674,0.508576,1.028160,1,0,71.5211,0,0,0,71.5211,0
72.29,2.69197,0,0,3.6095,0.169529,0.748,3.6288,61.308,0.326146,0,0,1.009,0.214773,0.468078,0.66528,12.849,1,0.478477,0.748,0,61.8932,4.09676,58.066,0.84672,12.849,0.84672,3695.15,0,18.483,0.0983258,0.483149,1.63163,5.03614,1.01542,6.03718,0.42336,0,0,18.483,0.42336,442.007,0,1.02816,0,0,1.51131,0.483149,1.028160,1,0,64.5713,0,0,0,64.5713,0
72.29,2.69254,0,0,3.68918,0.159702,0.836946,3.6288,61.308,0.428217,0,0,0.936455,0.245342,0.262896,0.66528,12.849,1,0.478578,0.836946,0,57.3375,4.85173,52.8441,0.84672,12.849,0.84672,3695.15,0,18.483,0.129098,0.402797,1.71645,4.29699,1.05312,5.23402,0.42336,0,0,18.483,0.42336,442.007,0,0.895622,0,0,1.29842,0.402797,1.028160,1,0,58.341,0,0,0,58.341,0
72.29,2.6931,0,0,3.23401,0.145306,0.395603,3.6288,61.308,0.417877,0,0,0.872381,0.254785,0.199719,0.66528,12.849,1,0.478679,0.395603,0,51.228,4.95884,46.1861,0.84672,12.849,0.84672,3695.15,0,18.483,0.125981,0.30119,1.71681,4.16902,1.08048,4.98055,0.42336,0,0,18.483,0.42336,442.007,0,0.909386,0,0,1.21058,0.30119,1.028160,1,0,51.3664,0,0,0,51.3664,0
72.1838,2.69367,0,0,3.05968,0.109315,0.36288,3.6288,61.308,0.463016,0,0,0.838754,0.278393,0.0973448,0.66528,12.849,1,0.47878,0.36288,0,46.8292,5.22659,41.4867,0.84672,12.849,0.84672,3695.15,0,18.483,0.139589,0.30119,1.71717,4.01066,1.14889,4.74054,0.42336,0,0,18.483,0.42336,442.007,0,0.850945,0,0,1.15214,0.30119,1.028160,1,0,46.3246,0,0,0,46.3246,0
71.8099,2.69364,0,0,2.79177,0.109125,0.36288,3.6288,61.3042,0.503673,0,0,0.774317,0.274473,0,0.66528,12.849,1,0.479478,0.36288,0,46.1221,5.18269,40.8228,0.84672,12.849,0.84672,3695.15,0,18.483,0.151846,0.30119,1.71753,4.06844,1.14724,4.78807,0.42336,0,0,18.483,0.42336,442.007,0,0.798336,0,0,1.09953,0.30119,1.028160,1,0,45.6109,0,0,0,45.6109,0
70.7014,2.66798,0,0,2.03053,0.108208,0.36288,3.6288,61.2827,0.417174,0,0,0.646695,0.250943,0,0.66528,12.849,1,0.477383,0.36288,0,42.6574,4.91936,37.6236,0.84672,12.849,0.84672,3695.15,0,18.483,0.125776,0.30119,1.71789,3.25391,1.13732,4.0099,0.42336,0,0,18.483,0.42336,442.007,0,0.952206,0,0,1.2534,0.30119,1.028160,1,0,41.6335,0,0,0,41.6335,0
69.4084,2.6622,0,0,1.83938,0.107294,0.36288,3.6288,61.2152,0.434567,0,0,0.617966,0.250909,0,0.66528,12.849,1,0.483819,0.36288,0,41.9212,4.91936,36.8809,0.84672,12.849,0.84672,3695.15,0,18.483,0.131066,0.261274,1.7446,3.074,1.13732,3.81149,0.42336,0,0,18.483,0.42336,442.007,0,0.929837,0,0,1.19111,0.261274,1.028160,1,0,40.6924,0,0,0,40.6924,0
67.9636,2.65516,0,0,1.67477,0.101572,0.36288,3.6288,61.0158,0.522085,0,0,0.584423,0.261765,0,0.66528,12.849,1,0.491527,0.36288,0,36.9031,5.06051,31.7139,0.84672,12.849,0.84672,3695.15,0,18.483,0.157635,0.261274,1.74497,2.98354,1.18884,3.6433,0.42336,0,0,18.483,0.42336,442.007,0,0.816065,0,0,1.07734,0.261274,1.028160,1,0,35.3572,0,0,0,35.3572,0
66.471,2.64693,0,0,1.59001,0.0728093,0.36288,3.6288,60.7255,0.510611,0,0,0.547453,0.327127,0,0.66528,12.849,1,0.50042,0.36288,0,33.284,5.90741,27.2391,0.84672,12.849,0.84672,3695.15,0,18.483,0.154675,0.261274,1.74533,2.84503,1.49797,3.19899,0.42336,0,0,18.483,0.42336,442.007,0,0.830814,0,0,1.09209,0.261274,1.028160,1,0,30.4381,0,0,0,30.4381,0
64.711,2.69963,0,0,1.38755,0.0850064,0.36288,3.6288,60.2988,0.657112,0,0,0.554906,0.324506,0,0.66528,12.849,1,0.521845,0.36288,0,28.2109,5.86113,22.1908,0.84672,12.849,0.84672,3695.15,0,18.483,0.200005,0.261274,1.7457,2.65454,1.48924,2.97227,0.42336,0,0,18.483,0.42336,442.007,0,0.675864,0,0,0.937138,0.261274,1.028160,1,0,25.1631,0,0,0,25.1631,0
62.9888,2.68836,0,0,1.41801,0.0889658,0.36288,3.6288,59.9798,0.582574,0,0,0.586353,0.322821,0,0.66528,12.849,1,0.533799,0.36288,0,37.3675,5.84262,31.3539,0.84672,12.849,0.84672,3695.15,0,18.483,0.178573,0.261274,1.78809,2.90959,1.48575,3.29463,0.42336,0,0,18.483,0.42336,442.007,0,0.772157,0,0,1.03343,0.261274,1.028160,1,0,34.6486,0,0,0,34.6486,0
61.1839,2.6768,0,0,1.32251,0.0877323,0.36288,3.6288,59.6106,0.566369,0,0,0.519355,0.322166,0,0.66528,12.849,1,0.546036,0.36288,0,29.5612,5.84262,23.5355,0.84672,12.849,0.84672,3695.15,0,18.483,0.174529,0.227405,1.78846,2.65577,1.48575,3.01136,0.42336,0,0,18.483,0.42336,442.007,0,0.792729,0,0,1.02013,0.227405,1.028160,1,0,26.5468,0,0,0,26.5468,0
59.2735,2.66405,0,0,1.20295,0.0864396,0.36288,3.6288,59.0894,0.687667,0,0,0.487834,0.321408,0,0.66528,12.849,1,0.559466,0.36288,0,27.1826,5.84262,21.1434,0.84672,12.849,0.84672,3695.15,0,18.483,0.21322,0.227405,1.78884,2.43061,1.48575,2.74789,0.42336,0,0,18.483,0.42336,442.007,0,0.633061,0,0,0.860466,0.227405,1.028160,1,0,23.8913,0,0,0,23.8913,0
57.3371,2.82675,0,0,1.33079,0.0775594,0.36288,3.6288,58.7086,0.608193,0,0,0.559528,0.332111,0,0.66528,12.849,1,0.612768,0.36288,0,26.6244,6.02925,20.3453,0.84672,12.849,0.84672,3695.15,0,18.483,0.190241,0.227405,1.78921,3.36425,1.52395,3.66668,0.42336,0,0,18.483,0.42336,442.007,0,0.867931,0,0,1.09534,0.227405,1.028160,1,0,24.012,0,0,0,24.012,0
55.3773,2.81044,0,0,1.30173,0.088248,0.36288,3.6288,58.0819,0.761702,0,0,0.477864,0.342829,0,0.66528,12.849,1,0.629807,0.36288,0,23.3914,5.9724,17.1521,0.84672,12.849,0.84672,3695.15,0,18.483,0.239804,0.227405,1.932,2.66831,1.51487,3.07304,0.42336,0,0,18.483,0.42336,442.007,0,0.665211,0,0,0.892616,0.227405,1.028160,1,0,20.2251,0,0,0,20.2251,0
53.2772,2.79293,0,0,1.14234,0.0865508,0.36288,3.6288,57.4288,0.772727,0,0,0.461018,0.341448,0,0.66528,12.849,1,0.648035,0.36288,0,29.7346,5.9724,23.477,0.84672,12.849,0.84672,3695.15,0,18.483,0.245899,0.204422,1.93241,2.56233,1.51487,2.93839,0.42336,0,0,18.483,0.42336,442.007,0,0.648441,0,0,0.852863,0.204422,1.028160,1,0,26.4154,0,0,0,26.4154,0
51.2234,2.77293,0,0,1.16667,0.0847321,0.36288,3.6288,56.8833,0.734312,0,0,0.528831,0.340009,0,0.66528,12.849,1,0.668756,0.36288,0,25.7576,5.9724,19.4793,0.84672,12.849,0.84672,3695.15,0,18.483,0.236333,0.204422,1.93281,2.66092,1.51487,3.04695,0.42336,0,0,18.483,0.42336,442.007,0,0.696773,0,0,0.901195,0.204422,1.028160,1,0,22.5262,0,0,0,22.5262,0
49.2015,2.75208,0,0,1.17715,0.0840063,0.36288,3.6288,56.5173,0.566689,0,0,0.532839,0.332105,0,0.66528,12.849,1,0.690338,0.36288,0,26.1351,5.78755,20.0201,0.84672,12.849,0.84672,3695.15,0,18.483,0.184133,0.204422,1.93322,3.40348,1.44292,3.91407,0.42336,0,0,18.483,0.42336,442.007,0,0.916946,0,0,1.12137,0.204422,1.028160,1,0,23.9342,0,0,0,23.9342,0
48.4048,2.64686,0,0,2.26373,0.0507635,0.36288,3.6288,57.0263,0.421767,0,0,1.20019,0.269396,0,0.66528,12.849,1,0.691228,0.36288,0,44.4719,5.57193,38.5716,0.84672,12.849,0.84672,3695.15,0,18.483,0.137931,1.8084,1.93363,7.1614,1.36234,9.40315,0.42336,0,0,18.483,0.42336,442.007,0,1.02816,0,0,2.83656,1.8084,1.028160,1,0,47.9748,0,0,0,47.9748,0
46.6976,2.63842,0,0,1.34446,0.0503278,0.36288,3.6288,57.1532,0.422949,0,0,0.820083,0.27029,0,0.66528,12.849,1,0.700366,0.36288,0,30.9174,5.57193,25.008,0.84672,12.849,0.84672,3695.15,0,18.483,0.137083,0.635653,1.85234,4.65523,1.36234,5.6438,0.42336,0,0,18.483,0.42336,442.007,0,1.02816,0,0,1.66381,0.635653,1.028160,1,0,30.6518,0,0,0,30.6518,0
45.4887,2.61889,0,0,1.85657,0.0836709,0.36288,3.6288,57.5842,0.423431,0,0,1.12519,0.270746,0,0.66528,12.849,1,0.720597,0.36288,0,32.5406,5.29722,26.8856,0.84672,12.849,0.84672,3695.15,0,18.483,0.136935,0.891734,1.85273,6.24855,1.31105,7.54503,0.42336,0,0,18.483,0.42336,442.007,0,1.02816,0,0,1.91989,0.891734,1.028160,1,0,34.4307,0,0,0,34.4307,0
47.2793,2.60451,0,0,4.89906,0.141137,0.36288,3.6288,58.8029,0.42446,0,0,1.93384,0.290678,0,0.66528,12.849,1,0.735684,0.36288,0,55.8687,4.91221,50.5836,0.84672,12.849,0.84672,3695.15,0,18.483,0.13624,3.42768,1.85312,12.7711,1.1934,16.7223,0.42336,0,0,18.483,0.42336,442.007,0,1.02816,0,0,4.45584,3.42768,1.028160,1,0,67.3059,0,0,0,67.3059,0
48.6263,2.55911,0,0,4.39313,0.12416,0.36288,3.6288,60.0793,0.37123,0,0,1.90312,0.255486,0,0.66528,12.849,1,0.695484,0.36288,0,57.8108,4.80224,52.676,0.84672,12.849,0.84672,3695.15,0,18.483,0.116686,2.62767,1.85351,9.87734,1.22738,13.0145,0.42336,0,0,18.483,0.42336,442.007,0,1.02816,0,0,3.65583,2.62767,1.028160,1,0,65.6905,0,0,0,65.6905,0
53.0052,2.57489,0,0,7.49987,0.183149,0.36288,3.6288,61.308,0.37337,0,0,3.18122,0.148277,1.43087,0.66528,12.849,1,0.680388,0.36288,0,102.15,3.61315,98.2192,0.84672,12.849,0.84672,3695.15,0,18.483,0.114865,3.84088,1.78123,16.3679,0.808122,21.067,0.42336,0,0,18.483,0.42336,442.007,0,1.02816,0,0,4.86904,3.84088,1.028160,1,0,120.717,0,0,0,120.717,0
62.5892,2.62068,0,0,12.7594,0.191773,0.36288,3.6288,61.308,0.375383,0,0,3.66654,0.149437,3.14172,0.66528,12.849,1,0.635279,0.36288,0,184.385,3.61315,180.499,0.84672,12.849,0.84672,3695.15,0,18.483,0.11317,4.10883,1.7816,22.715,0.808122,27.6841,0.42336,0,0,18.483,0.42336,442.007,0,1.02816,0,0,5.13699,4.10883,1.028160,1,0,211.325,0,0,0,211.325,0
68.4008,2.70196,0,0,9.08643,0.210051,0.36288,3.6288,61.308,0.375628,0,0,3.07594,0.149437,2.55087,0.66528,12.849,1,0.554687,0.36288,0,148.435,3.61315,144.63,0.84672,12.849,0.84672,3695.15,0,18.483,0.113244,3.96109,1.78198,18.0968,0.808122,22.9185,0.42336,0,0,18.483,0.42336,442.007,0,1.02816,0,0,4.98925,3.96109,1.028160,1,0,170.1,0,0,0,170.1,0
72.29,2.53569,0,0,9.18432,0.240697,2.51873,3.6288,61.308,0.258766,0,0,3.6632,0.152377,3.25205,0.66528,12.849,1,0.476326,2.51873,0,121.74,3.69497,120.088,0.84672,12.849,0.84672,3695.15,0,18.483,0.0780122,4.52847,1.78235,19.8756,0.851245,25.2572,0.42336,0,0,18.483,0.42336,442.007,0,1.02816,0,0,5.55663,4.52847,1.028160,1,0,148.597,0,0,0,148.597,0
72.29,2.55798,0,0,7.15148,0.301205,4.29229,3.6288,61.308,0.258986,0,0,4.57281,0.159726,4.1541,0.66528,12.849,1,0.454662,4.29229,0,93.0312,3.89949,92.9693,0.84672,12.849,0.84672,3695.15,0,18.483,0.0780786,5.14944,1.619,17.6792,0.959052,23.4105,0.42336,0,0,18.483,0.42336,442.007,0,1.02816,0,0,6.1776,5.14944,1.028160,1,0,120.534,0,0,0,120.534,0
72.29,2.55852,0,0,13.7459,0.301205,10.8862,3.6288,61.308,0.259207,0,0,6.89838,0.159726,6.47945,0.66528,12.849,1,0.454758,10.8862,0,247.26,3.89949,253.792,0.84672,12.849,0.84672,3695.15,0,18.483,0.0781451,7.96055,1.61934,27.2703,0.959052,35.813,0.42336,0,0,18.483,0.42336,442.007,0,1.02816,0,0,8.98871,7.96055,1.028160,1,0,296.085,0,0,0,296.085,0
72.29,2.55906,0,0,10.2457,0.302528,7.38416,3.6288,61.308,0.259427,0,0,7.87108,0.175796,7.43586,0.66528,12.849,1,0.454853,7.38416,0,184.232,4.14036,187.021,0.84672,12.849,0.84672,3695.15,0,18.483,0.0782116,7.67312,1.61968,22.0717,1.05405,30.2323,0.42336,0,0,18.483,0.42336,442.007,0,1.02816,0,0,8.70128,7.67312,1.028160,1,0,224.689,0,0,0,224.689,0
72.29,2.5596,0,0,12.4242,0.305836,9.5588,3.6288,61.308,0.259648,0,0,5.48636,0.215969,5.01074,0.66528,12.849,1,0.454949,9.5588,0,171.095,4.74253,175.457,0.84672,12.849,0.84672,3695.15,0,18.483,0.0782781,7.93273,1.62002,23.2656,1.29156,31.4485,0.42336,0,0,18.483,0.42336,442.007,0,1.02816,0,0,8.96089,7.93273,1.028160,1,0,211.916,0,0,0,211.916,0
72.29,2.64032,0,0,10.8931,0.28156,7.97126,3.6288,61.308,0.293808,0,0,4.22827,0.244543,3.68992,0.66528,12.849,1,0.469297,7.97126,0,196.494,4.6196,199.377,0.84672,12.849,0.84672,3695.15,0,18.483,0.0885767,6.78479,1.62036,21.86,1.07057,29.106,0.42336,0,0,18.483,0.42336,442.007,0,1.02816,0,0,7.81295,6.78479,1.028160,1,0,232.173,0,0,0,232.173,0
72.29,2.64085,0,0,8.4653,0.277514,5.54693,3.6288,61.308,0.294025,0,0,3.93968,0.249305,3.39635,0.66528,12.849,1,0.469391,5.54693,0,233.848,4.5991,234.326,0.84672,12.849,0.84672,3695.15,0,18.483,0.0886421,6.78412,1.67253,22.1468,1.03374,29.4811,0.42336,0,0,18.483,0.42336,442.007,0,1.02816,0,0,7.81228,6.78412,1.028160,1,0,267.204,0,0,0,267.204,0
72.29,2.64138,0,0,5.50612,0.304228,2.56051,3.6288,61.308,0.294242,0,0,2.3796,0.242165,1.8432,0.66528,12.849,1,0.469485,2.56051,0,131.885,4.67506,129.301,0.84672,12.849,0.84672,3695.15,0,18.483,0.0887076,3.92299,1.67286,14.1578,1.16619,18.4988,0.42336,0,0,18.483,0.42336,442.007,0,1.02816,0,0,4.95115,3.92299,1.028160,1,0,149.643,0,0,0,149.643,0
72.29,2.64191,0,0,9.46052,0.251912,6.5667,3.6288,61.308,0.294459,0,0,2.97105,0.276517,2.40008,0.66528,12.849,1,0.469579,6.5667,0,158.604,4.82136,159.879,0.84672,12.849,0.84672,3695.15,0,18.483,0.088773,5.12669,1.6732,15.6435,1.28457,21.07,0.42336,0,0,18.483,0.42336,442.007,0,1.02816,0,0,6.15485,5.12669,1.028160,1,0,183.35,0,0,0,183.35,0
72.29,2.90017,0,0,6.78707,0.255813,3.63108,3.6288,61.308,0.422211,0,0,2.64738,0.25016,1.97501,0.66528,12.849,1,0.515484,3.63108,0,172.724,4.47531,171.364,0.84672,12.849,0.84672,3695.15,0,18.483,0.127287,4.56602,1.67353,17.5234,1.13505,22.5006,0.42336,0,0,18.483,0.42336,442.007,0,1.02816,0,0,5.59418,4.56602,1.028160,1,0,195.84,0,0,0,195.84,0
72.29,2.90075,0,0,4.67099,0.283551,1.48669,3.6288,61.308,0.422453,0,0,2.38863,0.246172,1.72001,0.66528,12.849,1,0.515587,1.48669,0,146.602,4.58997,142.983,0.84672,12.849,0.84672,3695.15,0,18.483,0.12736,4.32423,1.85899,13.6148,1.1662,18.5045,0.42336,0,0,18.483,0.42336,442.007,0,1.02816,0,0,5.35239,4.32423,1.028160,1,0,163.207,0,0,0,163.207,0
72.29,2.90134,0,0,4.81008,0.283551,1.62519,3.6288,61.308,0.422696,0,0,2.61891,0.246172,1.95004,0.66528,12.849,1,0.51569,1.62519,0,132.922,4.58997,129.442,0.84672,12.849,0.84672,3695.15,0,18.483,0.127433,4.0117,1.85936,14.041,1.1662,18.6184,0.42336,0,0,18.483,0.42336,442.007,0,1.02816,0,0,5.03986,4.0117,1.028160,1,0,150.01,0,0,0,150.01,0
72.29,2.90192,0,0,4.48509,0.283551,1.29963,3.6288,61.308,0.422939,0,0,2.4347,0.246172,1.76559,0.66528,12.849,1,0.515794,1.29963,0,123.595,4.58997,119.789,0.84672,12.849,0.84672,3695.15,0,18.483,0.127507,3.63924,1.85974,11.3683,1.1662,15.5735,0.42336,0,0,18.483,0.42336,442.007,0,1.02816,0,0,4.6674,3.63924,1.028160,1,0,137.128,0,0,0,137.128,0
72.29,2.53459,0,0,5.53082,0.282351,2.71388,3.6288,61.308,0.251892,0,0,3.14218,0.214041,2.67624,0.66528,12.849,1,0.450504,2.71388,0,141.806,3.90421,140.165,0.84672,12.849,0.84672,3695.15,0,18.483,0.0759399,4.49925,1.86011,13.9747,0.929584,19.3285,0.42336,0,0,18.483,0.42336,442.007,0,1.02816,0,0,5.52741,4.49925,1.028160,1,0,162.17,0,0,0,162.17,0
72.29,2.53509,0,0,5.98968,0.306469,3.14812,3.6288,61.308,0.252101,0,0,3.72218,0.15925,3.31083,0.66528,12.849,1,0.450594,3.14812,0,148.914,3.42332,148.188,0.84672,12.849,0.84672,3695.15,0,18.483,0.0760027,4.62294,1.60705,15.5354,0.850807,20.8386,0.42336,0,0,18.483,0.42336,442.007,0,1.02816,0,0,5.6511,4.62294,1.028160,1,0,172.337,0,0,0,172.337,0
72.29,2.5356,0,0,5.6499,0.306469,2.80783,3.6288,61.308,0.252309,0,0,3.34343,0.15925,2.93187,0.66528,12.849,1,0.450684,2.80783,0,136.605,3.42332,135.539,0.84672,12.849,0.84672,3695.15,0,18.483,0.0760656,5.42004,1.60737,15.7969,0.850807,21.8974,0.42336,0,0,18.483,0.42336,442.007,0,1.02816,0,0,6.4482,5.42004,1.028160,1,0,160.368,0,0,0,160.368,0
72.29,2.53611,0,0,8.24835,0.306469,5.40577,3.6288,61.308,0.252518,0,0,4.10188,0.15925,3.69012,0.66528,12.849,1,0.450774,5.40577,0,196.823,3.42332,198.354,0.84672,12.849,0.84672,3695.15,0,18.483,0.0761285,5.97534,1.60769,20.3185,0.850807,26.9746,0.42336,0,0,18.483,0.42336,442.007,0,1.02816,0,0,7.0035,5.97534,1.028160,1,0,229.019,0,0,0,229.019,0
72.29,2.53662,0,0,8.05067,0.305724,5.20833,3.6288,61.308,0.252726,0,0,3.93081,0.155283,3.5228,0.66528,12.849,1,0.450864,5.20833,0,197.879,3.49947,199.137,0.84672,12.849,0.84672,3695.15,0,18.483,0.0761913,5.84198,1.60801,22.5496,0.888402,29.035,0.42336,0,0,18.483,0.42336,442.007,0,1.02816,0,0,6.87014,5.84198,1.028160,1,0,231.695,0,0,0,231.695,0
72.29,2.62982,0,0,7.85022,0.333366,4.88703,3.6288,61.308,0.294881,0,0,3.92303,0.144491,3.48366,0.66528,12.849,1,0.467431,4.88703,0,152.641,3.25923,153.802,0.84672,12.849,0.84672,3695.15,0,18.483,0.0889,4.67443,1.60833,20.8095,0.756084,26.2473,0.42336,0,0,18.483,0.42336,442.007,0,1.02816,0,0,5.70259,4.67443,1.028160,1,0,183.532,0,0,0,183.532,0
72.29,2.63035,0,0,9.4843,0.311677,6.54227,3.6288,61.308,0.295098,0,0,5.0015,0.158113,4.54829,0.66528,12.849,1,0.467525,6.54227,0,175.2,3.93208,177.343,0.84672,12.849,0.84672,3695.15,0,18.483,0.0889654,5.37949,1.67129,19.7584,0.901335,25.8189,0.42336,0,0,18.483,0.42336,442.007,0,1.02816,0,0,6.40765,5.37949,1.028160,1,0,207.71,0,0,0,207.71,0
72.29,2.63088,0,0,6.7952,0.29392,3.8704,3.6288,61.308,0.295315,0,0,3.47298,0.154124,3.02354,0.66528,12.849,1,0.467618,3.8704,0,130.365,4.11065,129.657,0.84672,12.849,0.84672,3695.15,0,18.483,0.0890308,4.31744,1.67163,14.8904,0.936012,19.8545,0.42336,0,0,18.483,0.42336,442.007,0,1.02816,0,0,5.3456,4.31744,1.028160,1,0,152.535,0,0,0,152.535,0
72.29,2.6314,0,0,5.84292,0.29392,2.9176,3.6288,61.308,0.295532,0,0,3.52112,0.154124,3.07146,0.66528,12.849,1,0.467712,2.9176,0,109.693,4.11065,108.033,0.84672,12.849,0.84672,3695.15,0,18.483,0.0890963,3.90736,1.67196,13.8915,0.936012,18.4457,0.42336,0,0,18.483,0.42336,442.007,0,1.02816,0,0,4.93552,3.90736,1.028160,1,0,129.55,0,0,0,129.55,0
72.29,2.59565,0,0,5.7697,0.265581,2.90846,3.6288,61.308,0.279445,0,0,2.61183,0.198758,2.13363,0.66528,12.849,1,0.461358,2.90846,0,111.005,4.32282,109.129,0.84672,12.849,0.84672,3695.15,0,18.483,0.0842463,3.32979,1.67229,16.1951,0.997242,20.1157,0.42336,0,0,18.483,0.42336,442.007,0,1.02816,0,0,4.35795,3.32979,1.028160,1,0,131.379,0,0,0,131.379,0
72.29,2.59617,0,0,5.37459,0.254245,2.52417,3.6288,61.308,0.279658,0,0,1.94225,0.216612,1.44598,0.66528,12.849,1,0.46145,2.52417,0,107.272,4.40769,104.927,0.84672,12.849,0.84672,3695.15,0,18.483,0.0843108,2.44147,1.64823,10.8186,1.02173,13.8022,0.42336,0,0,18.483,0.42336,442.007,0,1.02816,0,0,3.46963,2.44147,1.028160,1,0,120.175,0,0,0,120.175,0
72.29,2.59669,0,0,5.04678,0.254245,2.19584,3.6288,61.308,0.279872,0,0,1.7873,0.216612,1.29082,0.66528,12.849,1,0.461543,2.19584,0,96.031,4.40769,93.3576,0.84672,12.849,0.84672,3695.15,0,18.483,0.0843753,1.87188,1.64856,9.98698,1.02173,12.4013,0.42336,0,0,18.483,0.42336,442.007,0,1.02816,0,0,2.90004,1.87188,1.028160,1,0,107.05,0,0,0,107.05,0
72.29,2.59721,0,0,4.61302,0.234265,1.78154,3.6288,61.308,0.280086,0,0,1.65936,0.229425,1.14984,0.66528,12.849,1,0.461635,1.78154,0,87.6735,4.68768,84.3058,0.84672,12.849,0.84672,3695.15,0,18.483,0.0844398,1.77771,1.64889,8.53001,1.06099,10.8112,0.42336,0,0,18.483,0.42336,442.007,0,1.02816,0,0,2.80587,1.77771,1.028160,1,0,96.2668,0,0,0,96.2668,0
72.29,2.72096,0,0,4.31315,0.21388,1.37831,3.6288,61.308,0.338166,0,0,1.54471,0.22085,0.985695,0.66528,12.849,1,0.48363,1.37831,0,78.5696,4.21922,75.245,0.84672,12.849,0.84672,3695.15,0,18.483,0.10195,1.74093,1.64922,8.39532,0.94931,10.7342,0.42336,0,0,18.483,0.42336,442.007,0,1.02816,0,0,2.76909,1.74093,1.028160,1,0,86.9649,0,0,0,86.9649,0
72.29,2.7215,0,0,4.34245,0.174456,1.44649,3.6288,61.308,0.338392,0,0,1.5643,0.165821,1.06008,0.66528,12.849,1,0.483727,1.44649,0,77.4835,3.78399,74.6623,0.84672,12.849,0.84672,3695.15,0,18.483,0.102018,1.8634,1.73493,7.96859,0.936094,10.5288,0.42336,0,0,18.483,0.42336,442.007,0,1.02816,0,0,2.89156,1.8634,1.028160,1,0,86.2512,0,0,0,86.2512,0
72.29,2.72205,0,0,4.16801,0.174456,1.27151,3.6288,61.308,0.338617,0,0,1.35618,0.165821,0.851739,0.66528,12.849,1,0.483824,1.27151,0,69.5995,3.78399,66.6032,0.84672,12.849,0.84672,3695.15,0,18.483,0.102086,1.56051,1.73528,7.55231,0.936094,9.80992,0.42336,0,0,18.483,0.42336,442.007,0,1.02816,0,0,2.58867,1.56051,1.028160,1,0,77.2649,0,0,0,77.2649,0
72.29,2.72259,0,0,3.89438,0.174456,0.997327,3.6288,61.308,0.338843,0,0,1.2954,0.165821,0.790739,0.66528,12.849,1,0.48392,0.997327,0,63.7801,3.78399,60.5096,0.84672,12.849,0.84672,3695.15,0,18.483,0.102154,1.22768,1.73562,6.85454,0.936094,8.7796,0.42336,0,0,18.483,0.42336,442.007,0,1.02816,0,0,2.25584,1.22768,1.028160,1,0,70.0799,0,0,0,70.0799,0
72.29,2.72314,0,0,3.68571,0.121832,0.840742,3.6288,61.308,0.339069,0,0,1.21799,0.240798,0.638123,0.66528,12.849,1,0.484017,0.840742,0,60.265,4.80264,55.8191,0.84672,12.849,0.84672,3695.15,0,18.483,0.102222,0.962107,1.73597,5.94309,1.20886,7.33009,0.42336,0,0,18.483,0.42336,442.007,0,1.02816,0,0,1.99027,0.962107,1.028160,1,0,63.7873,0,0,0,63.7873,0
71.7719,2.69929,0,0,2.64368,0.0995698,0.36288,3.6288,61.308,0.37113,0,0,1.04204,0.294076,0.37683,0.66528,12.849,1,0.479778,0.36288,0,39.2787,5.49045,33.6714,0.84672,12.849,0.84672,3695.15,0,18.483,0.111887,0.820575,1.73632,5.09509,1.3362,6.20389,0.42336,0,0,18.483,0.42336,442.007,0,1.02816,0,0,1.84874,0.820575,1.028160,1,0,40.2521,0,0,0,40.2521,0
71.1141,2.69689,0,0,2.50107,0.0991784,0.36288,3.6288,61.308,0.371362,0,0,0.988891,0.294076,0.323453,0.66528,12.849,1,0.482812,0.36288,0,39.4057,5.49045,33.7953,0.84672,12.849,0.84672,3695.15,0,18.483,0.111957,0.679916,1.76329,5.42314,1.3362,6.41819,0.42336,0,0,18.483,0.42336,442.007,0,1.02816,0,0,1.70808,0.679916,1.028160,1,0,40.5369,0,0,0,40.5369,0
70.2367,2.69364,0,0,2.27788,0.0986814,0.36288,3.6288,61.308,0.371594,0,0,0.973858,0.294076,0.308187,0.66528,12.849,1,0.486692,0.36288,0,38.4893,5.49045,32.875,0.84672,12.849,0.84672,3695.15,0,18.483,0.112027,0.705862,1.76365,5.23118,1.3362,6.25246,0.42336,0,0,18.483,0.42336,442.007,0,1.02816,0,0,1.73402,0.705862,1.028160,1,0,39.4357,0,0,0,39.4357,0
69.1397,2.68904,0,0,2.05295,0.0980186,0.36288,3.6288,61.308,0.371827,0,0,0.90688,0.294076,0.240978,0.66528,12.849,1,0.491929,0.36288,0,35.6738,5.49045,30.0543,0.84672,12.849,0.84672,3695.15,0,18.483,0.112097,0.485058,1.764,4.98074,1.3362,5.7815,0.42336,0,0,18.483,0.42336,442.007,0,1.02816,0,0,1.51322,0.485058,1.028160,1,0,36.0768,0,0,0,36.0768,0
67.8123,2.74561,0,0,1.85683,0.0757613,0.36288,3.6288,61.308,0.421007,0,0,0.762929,0.327179,0.0147431,0.66528,12.849,1,0.510247,0.36288,0,30.0298,5.8839,23.9985,0.84672,12.849,0.84672,3695.15,0,18.483,0.126924,0.261274,1.76435,4.08759,1.50139,4.4849,0.42336,0,0,18.483,0.42336,442.007,0,1.00141,0,0,1.26268,0.261274,1.028160,1,0,28.4982,0,0,0,28.4982,0
66.707,2.73776,0,0,2.06247,0.067122,0.36288,3.6288,61.308,0.400692,0,0,0.941959,0.33281,0.208456,0.66528,12.849,1,0.518748,0.36288,0,37.1912,5.93198,31.1034,0.84672,12.849,0.84672,3695.15,0,18.483,0.1208,0.428743,1.80717,4.33671,1.53511,4.91671,0.42336,0,0,18.483,0.42336,442.007,0,1.02816,0,0,1.4569,0.428743,1.028160,1,0,36.2285,0,0,0,36.2285,0
65.4238,2.7311,0,0,1.87733,0.0665393,0.36288,3.6288,61.308,0.40093,0,0,0.776935,0.33281,0.0431945,0.66528,12.849,1,0.52606,0.36288,0,29.9556,5.93198,23.8604,0.84672,12.849,0.84672,3695.15,0,18.483,0.120871,0.460184,1.80753,4.02977,1.53511,4.6415,0.42336,0,0,18.483,0.42336,442.007,0,1.02816,0,0,1.48834,0.460184,1.028160,1,0,28.5451,0,0,0,28.5451,0
63.9795,2.72302,0,0,1.70742,0.0658628,0.36288,3.6288,61.2976,0.401168,0,0,0.723531,0.33281,0,0.66528,12.849,1,0.534791,0.36288,0,27.9253,5.93198,21.8215,0.84672,12.849,0.84672,3695.15,0,18.483,0.120943,0.228217,1.80789,3.59133,1.53511,3.97138,0.42336,0,0,18.483,0.42336,442.007,0,1.02816,0,0,1.25638,0.228217,1.028160,1,0,25.7928,0,0,0,25.7928,0
62.5402,2.89473,0,0,1.87634,0.0580508,0.36288,3.6288,61.3043,0.503961,0,0,0.842003,0.331266,0,0.66528,12.849,1,0.581349,0.36288,0,28.2782,5.9859,22.0738,0.84672,12.849,0.84672,3695.15,0,18.483,0.151959,0.515134,1.80825,4.97508,1.53563,5.61088,0.42336,0,0,18.483,0.42336,442.007,0,1.02816,0,0,1.54329,0.515134,1.028160,1,0,27.6847,0,0,0,27.6847,0
61.2021,2.88421,0,0,1.95631,0.0473347,0.36288,3.6288,61.2262,0.504232,0,0,0.730166,0.304015,0,0.66528,12.849,1,0.592567,0.36288,0,29.3996,5.78603,23.3839,0.84672,12.849,0.84672,3695.15,0,18.483,0.152024,0.261222,1.95254,3.92302,1.43412,4.55063,0.42336,0,0,18.483,0.42336,442.007,0,1.02816,0,0,1.28938,0.261222,1.028160,1,0,27.9345,0,0,0,27.9345,0
60.0652,2.87408,0,0,2.14696,0.0468157,0.36288,3.6288,61.308,0.504342,0,0,0.901662,0.303865,0.0117038,0.66528,12.849,1,0.603395,0.36288,0,37.8102,5.78603,31.7837,0.84672,12.849,0.84672,3695.15,0,18.483,0.152251,0.573756,1.95293,4.27954,1.43412,5.21985,0.42336,0,0,18.483,0.42336,442.007,0,1.02816,0,0,1.60192,0.573756,1.028160,1,0,37.0152,0,0,0,37.0152,0
58.5155,2.86524,0,0,1.72478,0.0463613,0.36288,3.6288,61.0588,0.597312,0,0,0.652147,0.304022,0,0.66528,12.849,1,0.612925,0.36288,0,36.9467,5.78603,30.9106,0.84672,12.849,0.84672,3695.15,0,18.483,0.180076,0.204422,1.95332,3.4355,1.43412,3.97904,0.42336,0,0,18.483,0.42336,442.007,0,0.907701,0,0,1.11212,0.204422,1.028160,1,0,34.8897,0,0,0,34.8897,0
57.4025,2.8525,0,0,2.14803,0.0456746,0.36288,3.6288,61.308,0.504538,0,0,1.11465,0.303543,0.0573791,0.66528,12.849,1,0.62636,0.36288,0,33.7438,5.78603,27.6943,0.84672,12.849,0.84672,3695.15,0,18.483,0.152728,1.07558,1.95371,5.31192,1.43412,6.75437,0.42336,0,0,18.483,0.42336,442.007,0,1.02816,0,0,2.10374,1.07558,1.028160,1,0,34.506,0,0,0,34.506,0
57.0377,2.7564,0,0,2.75638,0.00192359,0.36288,3.6288,61.308,0.442953,0,0,0.881548,0.34821,0.090385,0.66528,12.849,1,0.616993,0.36288,0,29.9055,5.81785,23.8336,0.84672,12.849,0.84672,3695.15,0,18.483,0.13354,0.617872,1.9541,5.10168,1.39196,6.14815,0.42336,0,0,18.483,0.42336,442.007,0,1.02816,0,0,1.64603,0.617872,1.028160,1,0,30.0721,0,0,0,30.0721,0
56.9485,2.75373,0,0,3.10865,0.0812262,0.36288,3.6288,61.308,0.443199,0,0,1.15855,0.298984,0.416363,0.66528,12.849,1,0.620338,0.36288,0,27.657,4.40412,22.9954,0.84672,12.849,0.84672,3695.15,0,18.483,0.133615,1.01769,1.87193,6.32674,1.04431,8.03842,0.42336,0,0,18.483,0.42336,442.007,0,1.02816,0,0,2.04585,1.01769,1.028160,1,0,31.4502,0,0,0,31.4502,0
56.8591,2.75348,0,0,3.11626,0.0892956,0.36288,3.6288,61.308,0.443445,0,0,1.29603,0.302003,0.550587,0.66528,12.849,1,0.621254,0.36288,0,31.5402,4.45294,26.8289,0.84672,12.849,0.84672,3695.15,0,18.483,0.133689,1.05421,1.8723,6.92677,1.07227,8.64733,0.42336,0,0,18.483,0.42336,442.007,0,1.02816,0,0,2.08237,1.05421,1.028160,1,0,36.0268,0,0,0,36.0268,0
57,2.75324,0,0,3.34625,0.0892169,0.36288,3.6288,61.308,0.443691,0,0,1.36296,0.302003,0.617266,0.66528,12.849,1,0.622175,0.36288,0,46.3335,4.45294,41.6212,0.84672,12.849,0.84672,3695.15,0,18.483,0.133763,1.20611,1.87268,7.58704,1.07227,9.45979,0.42336,0,0,18.483,0.42336,442.007,0,1.02816,0,0,2.23427,1.20611,1.028160,1,0,51.6983,0,0,0,51.6983,0
56.6212,2.68387,0,0,2.7952,0.127298,0.36288,3.6288,61.308,0.387165,0,0,1.73881,0.290066,1.06158,0.66528,12.849,1,0.605001,0.36288,0,71.6601,4.59393,66.824,0.84672,12.849,0.84672,3695.15,0,18.483,0.116722,1.42553,1.87305,8.75061,1.08765,10.8448,0.42336,0,0,18.483,0.42336,442.007,0,1.02816,0,0,2.45369,1.42553,1.028160,1,0,78.7304,0,0,0,78.7304,0
55.4782,2.68111,0,0,2.0783,0.177245,0.36288,3.6288,61.308,0.3874,0,0,1.40367,0.274152,0.74212,0.66528,12.849,1,0.608422,0.36288,0,34.4102,4.78191,29.3827,0.84672,12.849,0.84672,3695.15,0,18.483,0.116792,0.896322,1.79999,6.24372,1.10816,7.71508,0.42336,0,0,18.483,0.42336,442.007,0,1.02816,0,0,1.92448,0.896322,1.028160,1,0,37.8399,0,0,0,37.8399,0
53.6769,2.67146,0,0,1.40819,0.175243,0.36288,3.6288,61.308,0.387635,0,0,1.20739,0.274152,0.545602,0.66528,12.849,1,0.618723,0.36288,0,36.3918,4.78191,31.354,0.84672,12.849,0.84672,3695.15,0,18.483,0.116863,0.630789,1.80035,3.97107,1.10816,5.17718,0.42336,0,0,18.483,0.42336,442.007,0,1.02816,0,0,1.65895,0.630789,1.028160,1,0,37.0768,0,0,0,37.0768,0
53.3629,2.65524,0,0,2.8673,0.163081,0.36288,3.6288,61.308,0.38787,0,0,1.61081,0.27018,0.952757,0.66528,12.849,1,0.635603,0.36288,0,29.212,4.68591,24.2534,0.84672,12.849,0.84672,3695.15,0,18.483,0.116934,1.15093,1.80071,7.00904,1.12963,8.71411,0.42336,0,0,18.483,0.42336,442.007,0,1.02816,0,0,2.17909,1.15093,1.028160,1,0,33.9203,0,0,0,33.9203,0
58.4667,2.45297,0,0,8.08689,0.167322,0.36288,3.6288,61.308,0.269769,0,0,2.81552,0.239852,2.3059,0.66528,12.849,1,0.59064,0.36288,0,77.4903,3.96142,73.3011,0.84672,12.849,0.84672,3695.15,0,18.483,0.0813294,2.85416,1.80107,15.351,1.0381,18.8868,0.42336,0,0,18.483,0.42336,442.007,0,1.02816,0,0,3.88232,2.85416,1.028160,1,0,94.4938,0,0,0,94.4938,0
58.76,2.49574,0,0,3.39029,0.238339,0.36288,3.6288,61.308,0.269981,0,0,1.09826,0.235739,0.592537,0.66528,12.849,1,0.54848,0.36288,0,36.6382,4.00959,32.443,0.84672,12.849,0.84672,3695.15,0,18.483,0.0813932,1.26375,1.63599,7.29839,0.983847,9.13288,0.42336,0,0,18.483,0.42336,442.007,0,1.02816,0,0,2.29191,1.26375,1.028160,1,0,42.1684,0,0,0,42.1684,0
59.8699,2.49849,0,0,4.21692,0.245608,0.36288,3.6288,61.308,0.270192,0,0,1.02127,0.219628,0.531454,0.66528,12.849,1,0.546342,0.36288,0,46.5099,4.0172,42.3092,0.84672,12.849,0.84672,3695.15,0,18.483,0.0814569,0.879181,1.63631,6.70504,1.03122,8.10786,0.42336,0,0,18.483,0.42336,442.007,0,1.02816,0,0,1.90734,0.879181,1.028160,1,0,50.9486,0,0,0,50.9486,0
61.732,2.50733,0,0,4.9805,0.248247,0.36288,3.6288,61.308,0.270404,0,0,1.54416,0.219628,1.05413,0.66528,12.849,1,0.53811,0.36288,0,54.898,4.0172,50.7055,0.84672,12.849,0.84672,3695.15,0,18.483,0.0815208,0.452676,1.63664,6.16524,1.03122,7.14182,0.42336,0,0,18.483,0.42336,442.007,0,1.02816,0,0,1.48084,0.452676,1.028160,1,0,58.9015,0,0,0,58.9015,0
63.6006,2.52126,0,0,5.00496,0.252251,0.36288,3.6288,61.308,0.270615,0,0,3.15384,0.219628,2.6636,0.66528,12.849,1,0.52478,0.36288,0,55.3556,4.0172,51.1765,0.84672,12.849,0.84672,3695.15,0,18.483,0.0815845,1.37612,1.63697,8.58937,1.03122,10.4897,0.42336,0,0,18.483,0.42336,442.007,0,1.02816,0,0,2.40428,1.37612,1.028160,1,0,64.3298,0,0,0,64.3298,0
65.4295,2.61398,0,0,5.04339,0.237566,0.36288,3.6288,61.308,0.305121,0,0,1.27193,0.234391,0.732417,0.66528,12.849,1,0.528094,0.36288,0,84.6596,4.12417,80.3703,0.84672,12.849,0.84672,3695.15,0,18.483,0.0919873,2.27728,1.63729,6.31971,0.964087,9.17821,0.42336,0,0,18.483,0.42336,442.007,0,1.02816,0,0,3.30544,2.27728,1.028160,1,0,90.2809,0,0,0,90.2809,0
68.7463,2.62682,0,0,6.55474,0.248283,0.36288,3.6288,61.308,0.305329,0,0,1.30511,0.255229,0.744549,0.66528,12.849,1,0.515853,0.36288,0,110.124,4.48697,105.484,0.84672,12.849,0.84672,3695.15,0,18.483,0.0920499,3.06509,1.68999,6.40941,1.03706,10.0354,0.42336,0,0,18.483,0.42336,442.007,0,1.02816,0,0,4.09325,3.06509,1.028160,1,0,116.264,0,0,0,116.264,0
71.8146,2.64829,0,0,6.33442,0.254874,0.36288,3.6288,61.308,0.305537,0,0,1.4226,0.255229,0.861837,0.66528,12.849,1,0.494978,0.36288,0,106.299,4.48697,101.68,0.84672,12.849,0.84672,3695.15,0,18.483,0.0921125,3.22306,1.69031,7.32128,1.03706,11.1055,0.42336,0,0,18.483,0.42336,442.007,0,1.02816,0,0,4.25122,3.22306,1.028160,1,0,113.647,0,0,0,113.647,0
72.29,2.66674,0,0,6.09181,0.260972,2.68874,3.6288,61.308,0.305744,0,0,1.39648,0.255229,0.83551,0.66528,12.849,1,0.47713,2.68874,0,93.8805,4.48697,91.6052,0.84672,12.849,0.84672,3695.15,0,18.483,0.0921751,3.3518,1.69063,6.9673,1.03706,10.8805,0.42336,0,0,18.483,0.42336,442.007,0,1.02816,0,0,4.37996,3.3518,1.028160,1,0,103.321,0,0,0,103.321,0
72.29,2.93032,0,0,7.82382,0.220811,4.67269,3.6288,61.308,0.434812,0,0,1.06,0.281818,0.343368,0.66528,12.849,1,0.520842,4.67269,0,131.191,4.52429,130.818,0.84672,12.849,0.84672,3695.15,0,18.483,0.131086,2.6149,1.69095,7.86435,1.23665,10.8025,0.42336,0,0,18.483,0.42336,442.007,0,1.02816,0,0,3.64306,2.6149,1.028160,1,0,141.964,0,0,0,141.964,0
72.29,2.93088,0,0,4.1803,0.276899,0.972523,3.6288,61.308,0.435044,0,0,0.862013,0.266996,0.159973,0.66528,12.849,1,0.520941,0.972523,0,85.4047,4.32726,81.529,0.84672,12.849,0.84672,3695.15,0,18.483,0.131156,1.26964,1.87832,6.02067,1.16579,7.87168,0.42336,0,0,18.483,0.42336,442.007,0,1.02816,0,0,2.2978,1.26964,1.028160,1,0,89.5606,0,0,0,89.5606,0
72.29,2.93143,0,0,3.98227,0.276899,0.773939,3.6288,61.308,0.435276,0,0,1.04173,0.266996,0.339461,0.66528,12.849,1,0.52104,0.773939,0,86.6436,4.32726,82.5693,0.84672,12.849,0.84672,3695.15,0,18.483,0.131226,1.47728,1.87867,5.95471,1.16579,8.01365,0.42336,0,0,18.483,0.42336,442.007,0,1.02816,0,0,2.50544,1.47728,1.028160,1,0,90.9224,0,0,0,90.9224,0
72.29,2.93199,0,0,4.99506,0.276899,1.78617,3.6288,61.308,0.435508,0,0,1.56077,0.266996,0.858269,0.66528,12.849,1,0.521139,1.78617,0,99.2468,4.32726,96.1846,0.84672,12.849,0.84672,3695.15,0,18.483,0.131296,3.18149,1.87903,8.79733,1.16579,12.5608,0.42336,0,0,18.483,0.42336,442.007,0,1.02816,0,0,4.20965,3.18149,1.028160,1,0,109.604,0,0,0,109.604,0
72.29,2.56083,0,0,5.6781,0.285178,2.83209,3.6288,61.308,0.262678,0,0,1.67372,0.251465,1.15958,0.66528,12.849,1,0.455167,2.83209,0,116.256,4.06008,114.572,0.84672,12.849,0.84672,3695.15,0,18.483,0.0791915,2.92118,1.87939,9.56197,1.08121,13.2021,0.42336,0,0,18.483,0.42336,442.007,0,1.02816,0,0,3.94934,2.92118,1.028160,1,0,128.934,0,0,0,128.934,0
72.29,2.56131,0,0,5.72558,0.3177,2.84657,3.6288,61.308,0.262877,0,0,1.68345,0.246649,1.17393,0.66528,12.849,1,0.455254,2.84657,0,139.978,3.48186,138.888,0.84672,12.849,0.84672,3695.15,0,18.483,0.0792517,2.20208,1.62368,9.56845,0.942634,12.3723,0.42336,0,0,18.483,0.42336,442.007,0,1.02816,0,0,3.23024,2.20208,1.028160,1,0,152.434,0,0,0,152.434,0
72.29,2.5618,0,0,5.17083,0.323578,2.28546,3.6288,61.308,0.263077,0,0,1.96531,0.250371,1.45186,0.66528,12.849,1,0.45534,2.28546,0,125.593,3.49619,123.927,0.84672,12.849,0.84672,3695.15,0,18.483,0.0793118,2.59428,1.62399,10.6521,0.956906,13.8341,0.42336,0,0,18.483,0.42336,442.007,0,1.02816,0,0,3.62244,2.59428,1.028160,1,0,139.213,0,0,0,139.213,0
72.29,2.56228,0,0,5.5721,0.323578,2.68624,3.6288,61.308,0.263276,0,0,2.63645,0.250371,2.12281,0.66528,12.849,1,0.455426,2.68624,0,130.318,3.49619,129.053,0.84672,12.849,0.84672,3695.15,0,18.483,0.079372,3.25277,1.6243,12.5753,0.956906,16.4161,0.42336,0,0,18.483,0.42336,442.007,0,1.02816,0,0,4.28093,3.25277,1.028160,1,0,147.592,0,0,0,147.592,0
72.29,2.56277,0,0,5.04742,0.300921,2.18373,3.6288,61.308,0.263476,0,0,2.13682,0.238338,1.635,0.66528,12.849,1,0.455512,2.18373,0,143.201,3.32179,141.608,0.84672,12.849,0.84672,3695.15,0,18.483,0.0794321,2.67557,1.6246,10.7863,0.931855,14.0751,0.42336,0,0,18.483,0.42336,442.007,0,1.02816,0,0,3.70373,2.67557,1.028160,1,0,157.318,0,0,0,157.318,0
72.29,2.65691,0,0,4.47457,0.281403,1.53626,3.6288,61.308,0.306053,0,0,2.45683,0.221176,1.9296,0.66528,12.849,1,0.472245,1.53626,0,150.155,3.4105,147.809,0.84672,12.849,0.84672,3695.15,0,18.483,0.0922682,3.06265,1.62491,11.2088,0.996532,14.8075,0.42336,0,0,18.483,0.42336,442.007,0,1.02816,0,0,4.09081,3.06265,1.028160,1,0,164.546,0,0,0,164.546,0
72.29,2.65741,0,0,7.12376,0.294817,4.17153,3.6288,61.308,0.306261,0,0,3.7399,0.224978,3.20866,0.66528,12.849,1,0.472335,4.17153,0,167.887,3.98192,167.605,0.84672,12.849,0.84672,3695.15,0,18.483,0.0923308,4.21712,1.6885,16.7021,1.00299,21.5124,0.42336,0,0,18.483,0.42336,442.007,0,1.02816,0,0,5.24528,4.21712,1.028160,1,0,192.326,0,0,0,192.326,0
72.29,2.65791,0,0,4.75714,0.294817,1.80441,3.6288,61.308,0.306468,0,0,2.30671,0.224978,1.77526,0.66528,12.849,1,0.472424,1.80441,0,148.195,3.98192,145.545,0.84672,12.849,0.84672,3695.15,0,18.483,0.0923934,2.69373,1.68882,9.62522,1.00299,12.9124,0.42336,0,0,18.483,0.42336,442.007,0,1.02816,0,0,3.72189,2.69373,1.028160,1,0,160.233,0,0,0,160.233,0
72.29,2.65842,0,0,3.74808,0.294817,0.794841,3.6288,61.308,0.306676,0,0,1.1219,0.224978,0.590241,0.66528,12.849,1,0.472514,0.794841,0,153.05,3.98192,149.39,0.84672,12.849,0.84672,3695.15,0,18.483,0.092456,1.46284,1.68914,6.40709,1.00299,8.46363,0.42336,0,0,18.483,0.42336,442.007,0,1.02816,0,0,2.491,1.46284,1.028160,1,0,158.444,0,0,0,158.444,0
72.29,2.62227,0,0,3.57305,0.267129,0.683643,3.6288,61.308,0.290412,0,0,0.99906,0.231154,0.477494,0.66528,12.849,1,0.466089,0.683643,0,116.426,4.28203,112.361,0.84672,12.849,0.84672,3695.15,0,18.483,0.0875528,1.36638,1.68946,6.06287,1.05141,7.97975,0.42336,0,0,18.483,0.42336,442.007,0,1.02816,0,0,2.39454,1.36638,1.028160,1,0,120.818,0,0,0,120.818,0
72.276,2.62277,0,0,3.21804,0.246363,0.36288,3.6288,61.308,0.290617,0,0,0.991267,0.235787,0.464864,0.66528,12.849,1,0.466178,0.36288,0,83.3985,4.50712,78.788,0.84672,12.849,0.84672,3695.15,0,18.483,0.0876145,1.29619,1.66513,6.00181,1.08773,7.78779,0.42336,0,0,18.483,0.42336,442.007,0,1.02816,0,0,2.32435,1.29619,1.028160,1,0,87.0407,0,0,0,87.0407,0
71.9064,2.62319,0,0,2.86283,0.246337,0.36288,3.6288,61.308,0.290821,0,0,0.886974,0.235787,0.360366,0.66528,12.849,1,0.466343,0.36288,0,71.5116,4.50712,66.901,0.84672,12.849,0.84672,3695.15,0,18.483,0.0876762,1.00544,1.66545,5.13181,1.08773,6.62729,0.42336,0,0,18.483,0.42336,442.007,0,1.02816,0,0,2.0336,1.00544,1.028160,1,0,73.8886,0,0,0,73.8886,0
71.3139,2.62165,0,0,2.62471,0.232721,0.36288,3.6288,61.308,0.291026,0,0,0.802535,0.21872,0.292789,0.66528,12.849,1,0.468465,0.36288,0,65.6122,4.15324,61.3533,0.84672,12.849,0.84672,3695.15,0,18.483,0.0877379,0.857943,1.66576,4.79574,0.997976,6.23374,0.42336,0,0,18.483,0.42336,442.007,0,1.02816,0,0,1.8861,0.857943,1.028160,1,0,67.8799,0,0,0,67.8799,0
70.4131,2.74308,0,0,2.41283,0.2077,0.36288,3.6288,61.308,0.349688,0,0,0.738766,0.203023,0.186055,0.66528,12.849,1,0.494236,0.36288,0,60.6884,3.77992,56.7771,0.84672,12.849,0.84672,3695.15,0,18.483,0.105423,0.942019,1.66608,4.52315,0.892326,6.1335,0.42336,0,0,18.483,0.42336,442.007,0,1.02816,0,0,1.97018,0.942019,1.028160,1,0,63.0967,0,0,0,63.0967,0
69.7286,2.73825,0,0,2.58232,0.165657,0.36288,3.6288,61.308,0.349903,0,0,0.758238,0.245374,0.162961,0.66528,12.849,1,0.499677,0.36288,0,53.1167,4.37105,48.6089,0.84672,12.849,0.84672,3695.15,0,18.483,0.105488,1.22138,1.75265,4.37311,0.976468,6.26519,0.42336,0,0,18.483,0.42336,442.007,0,1.02816,0,0,2.24954,1.22138,1.028160,1,0,55.037,0,0,0,55.037,0
68.8016,2.73463,0,0,2.33525,0.164784,0.36288,3.6288,61.308,0.350119,0,0,0.729321,0.245374,0.133828,0.66528,12.849,1,0.503914,0.36288,0,51.0902,4.37105,46.5781,0.84672,12.849,0.84672,3695.15,0,18.483,0.105553,0.633079,1.75298,4.17536,0.976468,5.47939,0.42336,0,0,18.483,0.42336,442.007,0,1.02816,0,0,1.66124,0.633079,1.028160,1,0,52.1914,0,0,0,52.1914,0
67.6225,2.72942,0,0,2.07684,0.163602,0.36288,3.6288,61.308,0.350335,0,0,0.650124,0.245374,0.0544149,0.66528,12.849,1,0.509732,0.36288,0,44.6557,4.37105,40.1378,0.84672,12.849,0.84672,3695.15,0,18.483,0.105618,0.41783,1.75331,3.93879,0.976468,5.02785,0.42336,0,0,18.483,0.42336,442.007,0,1.02816,0,0,1.44599,0.41783,1.028160,1,0,45.22,0,0,0,45.22,0
66.2743,2.72247,0,0,1.8842,0.147091,0.36288,3.6288,61.308,0.350551,0,0,0.650345,0.256158,0.0436363,0.66528,12.849,1,0.517299,0.36288,0,39.642,4.54426,34.9433,0.84672,12.849,0.84672,3695.15,0,18.483,0.105683,0.583839,1.75364,3.85176,1.01934,5.06422,0.42336,0,0,18.483,0.42336,442.007,0,1.02816,0,0,1.612,0.583839,1.028160,1,0,40.0511,0,0,0,40.0511,0
65.5321,2.68986,0,0,2.44893,0.138312,0.36288,3.6288,61.308,0.382926,0,0,0.702959,0.229535,0.0904977,0.66528,12.849,1,0.5215,0.36288,0,54.401,4.68729,49.5551,0.84672,12.849,0.84672,3695.15,0,18.483,0.115444,1.15647,1.75398,3.62937,1.09556,5.32881,0.42336,0,0,18.483,0.42336,442.007,0,1.02816,0,0,2.18463,1.15647,1.028160,1,0,54.9744,0,0,0,54.9744,0
64.7629,2.68543,0,0,2.38468,0.105624,0.36288,3.6288,61.308,0.383148,0,0,0.698855,0.235133,0.0805738,0.66528,12.849,1,0.526537,0.36288,0,53.0199,4.75115,48.1051,0.84672,12.849,0.84672,3695.15,0,18.483,0.115511,1.07922,1.78121,3.5428,1.12373,5.16398,0.42336,0,0,18.483,0.42336,442.007,0,1.02816,0,0,2.10738,1.07922,1.028160,1,0,53.3496,0,0,0,53.3496,0
63.8372,2.68072,0,0,2.22281,0.104911,0.36288,3.6288,61.308,0.38337,0,0,0.699918,0.235133,0.0814145,0.66528,12.849,1,0.531857,0.36288,0,48.9812,4.75115,44.0611,0.84672,12.849,0.84672,3695.15,0,18.483,0.115578,1.16199,1.78154,3.24568,1.12373,4.9499,0.42336,0,0,18.483,0.42336,442.007,0,1.02816,0,0,2.19015,1.16199,1.028160,1,0,49.0924,0,0,0,49.0924,0
62.7631,2.67481,0,0,2.06778,0.10413,0.36288,3.6288,61.308,0.383592,0,0,0.689334,0.235133,0.0706084,0.66528,12.849,1,0.538379,0.36288,0,45.6121,4.75115,40.6855,0.84672,12.849,0.84672,3695.15,0,18.483,0.115645,1.14431,1.78188,3.17082,1.12373,4.85763,0.42336,0,0,18.483,0.42336,442.007,0,1.02816,0,0,2.17247,1.14431,1.028160,1,0,45.6137,0,0,0,45.6137,0
61.6044,2.72992,0,0,2.02976,0.0957508,0.36288,3.6288,61.2375,0.412497,0,0,0.622185,0.280192,0,0.66528,12.849,1,0.558875,0.36288,0,41.2004,5.3646,35.6398,0.84672,12.849,0.84672,3695.15,0,18.483,0.124359,1.01453,1.78222,3.00201,1.33337,4.34102,0.42336,0,0,18.483,0.42336,442.007,0,1.02816,0,0,2.04269,1.01453,1.028160,1,0,39.9808,0,0,0,39.9808,0
60.234,2.72174,0,0,1.80682,0.0925223,0.36288,3.6288,61.1203,0.412614,0,0,0.571542,0.276155,0,0.66528,12.849,1,0.567681,0.36288,0,37.3956,5.37684,31.814,0.84672,12.849,0.84672,3695.15,0,18.483,0.124537,0.811201,1.82545,2.89648,1.41959,3.98901,0.42336,0,0,18.483,0.42336,442.007,0,1.02816,0,0,1.83936,0.811201,1.028160,1,0,35.803,0,0,0,35.803,0
58.7094,2.71161,0,0,1.64131,0.0914672,0.36288,3.6288,60.9877,0.412658,0,0,0.55605,0.27595,0,0.66528,12.849,1,0.578434,0.36288,0,35.2019,5.37684,29.6095,0.84672,12.849,0.84672,3695.15,0,18.483,0.124789,0.692392,1.8258,2.79307,1.41959,3.76688,0.42336,0,0,18.483,0.42336,442.007,0,1.02816,0,0,1.72055,0.692392,1.028160,1,0,33.3764,0,0,0,33.3764,0
56.9622,2.69979,0,0,1.39013,0.074695,0.36288,3.6288,60.8467,0.412678,0,0,0.553036,0.281365,0,0.66528,12.849,1,0.59087,0.36288,0,33.5481,5.65364,27.6665,0.84672,12.849,0.84672,3695.15,0,18.483,0.125067,0.677609,1.82614,2.74084,1.42009,3.69944,0.42336,0,0,18.483,0.42336,442.007,0,1.02816,0,0,1.70577,0.677609,1.028160,1,0,31.3659,0,0,0,31.3659,0
54.8696,2.86487,0,0,1.21858,0.0833837,0.36288,3.6288,60.575,0.516109,0,0,0.51496,0.270559,0,0.66528,12.849,1,0.64623,0.36288,0,30.9379,5.49927,25.1553,0.84672,12.849,0.84672,3695.15,0,18.483,0.156775,0.624836,1.82649,2.64666,1.31618,3.62503,0.42336,0,0,18.483,0.42336,442.007,0,1.02816,0,0,1.653,0.624836,1.028160,1,0,28.7803,0,0,0,28.7803,0
52.2266,2.84544,0,0,0.649944,0.0846569,0.36288,3.6288,60.1457,0.537219,0,0,0.400899,0.292958,0,0.66528,12.849,1,0.666325,0.36288,0,16.0468,5.65415,10.0892,0.84672,12.849,0.84672,3695.15,0,18.483,0.163919,0.227405,1.97221,1.98308,1.4517,2.56707,0.42336,0,0,18.483,0.42336,442.007,0,1.00023,0,0,1.22763,0.227405,1.028160,1,0,12.6563,0,0,0,12.6563,0
49.6259,2.81891,0,0,0.663517,0.0824067,0.36288,3.6288,59.6803,0.55721,0,0,0.383941,0.29216,0,0.66528,12.849,1,0.693519,0.36288,0,14.8047,5.65415,8.81994,0.84672,12.849,0.84672,3695.15,0,18.483,0.171233,0.204422,1.97258,2.03301,1.4517,2.58708,0.42336,0,0,18.483,0.42336,442.007,0,0.973244,0,0,1.17767,0.204422,1.028160,1,0,11.407,0,0,0,11.407,0
47.3769,2.79057,0,0,0.988822,0.0843488,0.36288,3.6288,59.3301,0.514506,0,0,0.454547,0.290232,0,0.66528,12.849,1,0.722525,0.36288,0,19.0576,5.62446,13.0735,0.84672,12.849,0.84672,3695.15,0,18.483,0.159343,0.390606,1.97295,2.22813,1.44806,2.98428,0.42336,0,0,18.483,0.42336,442.007,0,1.02816,0,0,1.41877,0.390606,1.028160,1,0,16.0578,0,0,0,16.0578,0
45.5595,2.76411,0,0,1.41033,0.100768,0.36288,3.6288,59.123,0.514035,0,0,0.587415,0.280459,0,0.66528,12.849,1,0.749648,0.36288,0,27.9555,5.56092,22.0078,0.84672,12.849,0.84672,3695.15,0,18.483,0.160136,0.458145,1.97333,2.43957,1.42467,3.28624,0.42336,0,0,18.483,0.42336,442.007,0,1.02816,0,0,1.4863,0.458145,1.028160,1,0,25.294,0,0,0,25.294,0
43.6652,2.65766,0,0,1.23831,0.112025,0.36288,3.6288,59.0393,0.451442,0,0,0.641192,0.273489,0,0.66528,12.849,1,0.749531,0.36288,0,40.5807,5.6554,34.5386,0.84672,12.849,0.84672,3695.15,0,18.483,0.141129,0.248124,1.9737,2.9583,1.44104,3.59795,0.42336,0,0,18.483,0.42336,442.007,0,1.02816,0,0,1.27628,0.248124,1.028160,1,0,38.1366,0,0,0,38.1366,0
42.4422,2.63303,0,0,1.89069,0.117852,0.36288,3.6288,59.2811,0.451523,0,0,0.965541,0.272178,0,0.66528,12.849,1,0.774801,0.36288,0,30.737,5.63209,24.693,0.84672,12.849,0.84672,3695.15,0,18.483,0.141355,0.946875,1.89068,4.62295,1.44841,5.87074,0.42336,0,0,18.483,0.42336,442.007,0,1.02816,0,0,1.97503,0.946875,1.028160,1,0,30.5637,0,0,0,30.5637,0
40.5496,2.61639,0,0,1.20294,0.116201,0.36288,3.6288,59.2354,0.452196,0,0,0.679034,0.2726,0,0.66528,12.849,1,0.79209,0.36288,0,46.9136,5.63209,40.8523,0.84672,12.849,0.84672,3695.15,0,18.483,0.140988,0.560909,1.89104,3.1695,1.44841,4.03205,0.42336,0,0,18.483,0.42336,442.007,0,1.02816,0,0,1.58907,0.560909,1.028160,1,0,44.8844,0,0,0,44.8844,0
38.4707,2.58881,0,0,0.986377,0.113646,0.36288,3.6288,59.017,0.565955,0,0,0.620072,0.27252,0,0.66528,12.849,1,0.820318,0.36288,0,27.2162,5.63209,21.1266,0.84672,12.849,0.84672,3695.15,0,18.483,0.176593,0.216518,1.8914,2.26495,1.44841,2.74786,0.42336,0,0,18.483,0.42336,442.007,0,0.879103,0,0,1.09562,0.216518,1.028160,1,0,23.8745,0,0,0,23.8745,0
36.5716,2.49003,0,0,1.11015,0.156352,0.36288,3.6288,59.1429,0.395354,0,0,0.794051,0.27274,0,0.66528,12.849,1,0.831657,0.36288,0,32.4314,5.16055,26.8021,0.84672,12.849,0.84672,3695.15,0,18.483,0.123817,0.334221,1.89176,3.49378,1.31629,4.27966,0.42336,0,0,18.483,0.42336,442.007,0,1.02816,0,0,1.36238,0.334221,1.028160,1,0,31.0818,0,0,0,31.0818,0
34.4536,2.42168,0,0,0.823859,0.157263,0.36288,3.6288,59.3511,0.376644,0,0,0.858444,0.273638,0,0.66528,12.849,1,0.84672,0.36288,0,26.5949,4.94319,21.1678,0.84672,12.849,0.84672,3695.15,0,18.483,0.117707,0.226912,1.81795,3.03628,1.16549,3.79794,0.42336,0,0,18.483,0.42336,442.007,0,1.02816,0,0,1.25507,0.226912,1.028160,1,0,24.9658,0,0,0,24.9658,0
32.175,2.47622,0,0,0.713776,0.153298,0.36288,3.6288,59.4691,0.440915,0,0,0.832905,0.274003,0,0.66528,12.849,1,0.84672,0.36288,0,18.3564,4.94319,12.9293,0.84672,12.849,0.84672,3695.15,0,18.483,0.137309,0.292723,1.78879,2.65758,1.16549,3.43629,0.42336,0,0,18.483,0.42336,442.007,0,0.969693,0,0,1.26242,0.292723,1.028160,1,0,16.3656,0,0,0,16.3656,0
31.5522,2.42292,0,0,2.29446,0.131408,0.36288,3.6288,60.0461,0.377576,0,0,1.21906,0.264397,0,0.66528,12.849,1,0.84672,0.36288,0,34.4506,4.70319,29.2636,0.84672,12.849,0.84672,3695.15,0,18.483,0.117351,0.724706,1.81864,5.66353,1.21915,6.87037,0.42336,0,0,18.483,0.42336,442.007,0,1.02816,0,0,1.75287,0.724706,1.028160,1,0,36.134,0,0,0,36.134,0
31.8958,2.17725,0,0,3.03623,0.152563,0.36288,3.6288,61.308,0.261655,0,0,1.74249,0.215214,0.00376556,0.66528,12.849,1,0.84672,0.36288,0,54.0781,3.62555,49.9687,0.84672,12.849,0.84672,3695.15,0,18.483,0.080541,1.34792,1.78947,9.93854,0.989374,12.006,0.42336,0,0,18.483,0.42336,442.007,0,1.02816,0,0,2.37608,1.34792,1.028160,1,0,61.9785,0,0,0,61.9785,0
33.7576,2.17782,0,0,4.56062,0.158089,0.36288,3.6288,61.308,0.263128,0,0,2.11101,0.20883,1.63905,0.66528,12.849,1,0.84672,0.36288,0,67.8136,4.11348,63.2163,0.84672,12.849,0.84672,3695.15,0,18.483,0.0793273,1.35511,1.62543,11.1322,1.09058,12.9428,0.42336,0,0,18.483,0.42336,442.007,0,1.02816,0,0,2.38327,1.35511,1.028160,1,0,77.7982,0,0,0,77.7982,0
36.6184,2.19112,0,0,5.5766,0.161799,0.36288,3.6288,61.308,0.263327,0,0,3.47358,0.20883,3.00143,0.66528,12.849,1,0.833995,0.36288,0,91.3887,4.11348,86.8041,0.84672,12.849,0.84672,3695.15,0,18.483,0.0793873,3.27559,1.62574,13.4627,1.09058,17.194,0.42336,0,0,18.483,0.42336,442.007,0,1.02816,0,0,4.30375,3.27559,1.028160,1,0,107,0,0,0,107,0
37.4541,2.23977,0,0,3.61822,0.179896,0.36288,3.6288,61.308,0.263527,0,0,3.13969,0.222619,2.65354,0.66528,12.849,1,0.785912,0.36288,0,63.6685,4.21268,59.0328,0.84672,12.849,0.84672,3695.15,0,18.483,0.0794474,2.70548,1.62604,11.1387,1.11009,14.2807,0.42336,0,0,18.483,0.42336,442.007,0,1.02816,0,0,3.73364,2.70548,1.028160,1,0,75.967,0,0,0,75.967,0
39.8267,2.25325,0,0,5.17782,0.189023,0.36288,3.6288,61.308,0.263726,0,0,3.50715,0.253761,2.98966,0.66528,12.849,1,0.773002,0.36288,0,84.5683,4.80848,79.3497,0.84672,12.849,0.84672,3695.15,0,18.483,0.0795074,3.09804,1.62635,12.8218,1.23184,16.2349,0.42336,0,0,18.483,0.42336,442.007,0,1.02816,0,0,4.1262,3.09804,1.028160,1,0,98.5743,0,0,0,98.5743,0
40.2656,2.39912,0,0,3.41321,0.212338,0.36288,3.6288,61.308,0.315942,0,0,1.82525,0.219706,1.2896,0.66528,12.849,1,0.774009,0.36288,0,79.9908,4.57808,75.0016,0.84672,12.849,0.84672,3695.15,0,18.483,0.0952495,1.06193,1.62666,7.42643,1.14969,8.87007,0.42336,0,0,18.483,0.42336,442.007,0,1.02816,0,0,2.09009,1.06193,1.028160,1,0,85.1613,0,0,0,85.1613,0
46.9409,2.40594,0,0,9.65012,0.205986,0.36288,3.6288,61.308,0.31614,0,0,3.33707,0.172463,2.84847,0.66528,12.849,1,0.767751,0.36288,0,138.351,3.65495,134.291,0.84672,12.849,0.84672,3695.15,0,18.483,0.0953092,2.15739,1.70669,16.5004,0.994346,19.2748,0.42336,0,0,18.483,0.42336,442.007,0,1.02816,0,0,3.18555,2.15739,1.028160,1,0,156.414,0,0,0,156.414,0
49.8445,2.4921,0,0,5.9809,0.222373,0.36288,3.6288,61.308,0.316338,0,0,2.16111,0.172463,1.67231,0.66528,12.849,1,0.682157,0.36288,0,137.343,3.65495,133.369,0.84672,12.849,0.84672,3695.15,0,18.483,0.0953689,1.29861,1.70699,9.99752,0.994346,11.9134,0.42336,0,0,18.483,0.42336,442.007,0,1.02816,0,0,2.32677,1.29861,1.028160,1,0,146.955,0,0,0,146.955,0
51.7403,2.52415,0,0,5.01242,0.229493,0.36288,3.6288,61.308,0.316536,0,0,3.80181,0.172463,3.31281,0.66528,12.849,1,0.65068,0.36288,0,103.016,3.65495,99.0737,0.84672,12.849,0.84672,3695.15,0,18.483,0.0954287,2.94577,1.7073,13.1082,0.994346,16.6715,0.42336,0,0,18.483,0.42336,442.007,0,1.02816,0,0,3.97393,2.94577,1.028160,1,0,119.058,0,0,0,119.058,0
54.3902,2.79181,0,0,6.03062,0.226057,0.36288,3.6288,61.308,0.446862,0,0,2.54697,0.17407,1.92604,0.66528,12.849,1,0.693308,0.36288,0,105.634,3.92841,101.376,0.84672,12.849,0.84672,3695.15,0,18.483,0.134719,1.73594,1.7076,13.089,0.925198,15.4726,0.42336,0,0,18.483,0.42336,442.007,0,1.02816,0,0,2.7641,1.73594,1.028160,1,0,118.774,0,0,0,118.774,0
64.705,2.81964,0,0,13.7675,0.270241,0.36288,3.6288,61.308,0.447084,0,0,4.93792,0.158184,4.33266,0.66528,12.849,1,0.666104,0.36288,0,231.34,3.81276,227.224,0.84672,12.849,0.84672,3695.15,0,18.483,0.134786,4.2053,1.8968,24.2271,1.0147,29.1797,0.42336,0,0,18.483,0.42336,442.007,0,1.02816,0,0,5.23346,4.2053,1.028160,1,0,260.737,0,0,0,260.737,0
70.8158,2.90875,0,0,9.67939,0.296914,0.36288,3.6288,61.308,0.447305,0,0,6.35216,0.158184,5.74667,0.66528,12.849,1,0.577615,0.36288,0,210.927,3.81276,206.899,0.84672,12.849,0.84672,3695.15,0,18.483,0.134853,5.59785,1.89714,23.51,1.0147,29.8554,0.42336,0,0,18.483,0.42336,442.007,0,1.02816,0,0,6.62601,5.59785,1.028160,1,0,242.501,0,0,0,242.501,0
72.29,2.95147,0,0,11.7013,0.30669,6.96897,3.6288,61.308,0.447527,0,0,6.67657,0.164947,6.06409,0.66528,12.849,1,0.535522,6.96897,0,238.678,3.82579,241.286,0.84672,12.849,0.84672,3695.15,0,18.483,0.134919,6.4921,1.89748,21.7373,1.02616,28.9658,0.42336,0,0,18.483,0.42336,442.007,0,1.02816,0,0,7.52026,6.4921,1.028160,1,0,276.316,0,0,0,276.316,0
72.29,2.58591,0,0,9.47143,0.293859,6.59166,3.6288,61.308,0.27299,0,0,7.08929,0.186034,6.63027,0.66528,12.849,1,0.459626,6.59166,0,343.901,3.66992,346.363,0.84672,12.849,0.84672,3695.15,0,18.483,0.0823005,6.4068,1.89782,22.287,1.03964,29.4696,0.42336,0,0,18.483,0.42336,442.007,0,1.02816,0,0,7.43496,6.4068,1.028160,1,0,382.463,0,0,0,382.463,0
72.29,2.58637,0,0,6.29173,0.311346,3.39401,3.6288,61.308,0.27318,0,0,3.07291,0.167375,2.63236,0.66528,12.849,1,0.459709,3.39401,0,129.724,3.66313,128.996,0.84672,12.849,0.84672,3695.15,0,18.483,0.0823579,2.56173,1.63959,8.14493,0.996955,11.2669,0.42336,0,0,18.483,0.42336,442.007,0,1.02816,0,0,3.58989,2.56173,1.028160,1,0,142.895,0,0,0,142.895,0
72.29,2.58684,0,0,5.54179,0.311346,2.64361,3.6288,61.308,0.273371,0,0,2.29161,0.167375,1.85087,0.66528,12.849,1,0.459791,2.64361,0,99.7851,3.66313,98.3058,0.84672,12.849,0.84672,3695.15,0,18.483,0.0824152,1.79176,1.63988,7.46695,0.996955,9.81922,0.42336,0,0,18.483,0.42336,442.007,0,1.02816,0,0,2.81992,1.79176,1.028160,1,0,109.976,0,0,0,109.976,0
72.29,2.5873,0,0,7.40984,0.311346,4.51119,3.6288,61.308,0.273561,0,0,3.44922,0.167375,3.00828,0.66528,12.849,1,0.459873,4.51119,0,139.844,3.66313,140.233,0.84672,12.849,0.84672,3695.15,0,18.483,0.0824726,2.80522,1.64017,11.4046,0.996955,14.7706,0.42336,0,0,18.483,0.42336,442.007,0,1.02816,0,0,3.83338,2.80522,1.028160,1,0,158.012,0,0,0,158.012,0
72.29,2.58776,0,0,9.40464,0.312598,6.50428,3.6288,61.308,0.273751,0,0,5.24461,0.182673,4.78819,0.66528,12.849,1,0.459955,6.50428,0,176.733,4.09624,178.681,0.84672,12.849,0.84672,3695.15,0,18.483,0.08253,5.46905,1.64047,18.1157,1.06365,24.079,0.42336,0,0,18.483,0.42336,442.007,0,1.02816,0,0,6.49721,5.46905,1.028160,1,0,207.548,0,0,0,207.548,0
72.29,2.6828,0,0,5.67442,0.330104,2.66152,3.6288,61.308,0.316733,0,0,2.67154,0.21109,2.14372,0.66528,12.849,1,0.476847,2.66152,0,94.1604,4.76614,91.579,0.84672,12.849,0.84672,3695.15,0,18.483,0.0954878,2.24973,1.64076,8.8649,1.18182,11.4781,0.42336,0,0,18.483,0.42336,442.007,0,1.02816,0,0,3.27789,2.24973,1.028160,1,0,105.201,0,0,0,105.201,0
72.29,2.68328,0,0,6.7492,0.335854,3.73007,3.6288,61.308,0.316931,0,0,2.75137,0.207159,2.22728,0.66528,12.849,1,0.476932,3.73007,0,84.8016,4.601,83.4537,0.84672,12.849,0.84672,3695.15,0,18.483,0.0955475,2.1736,1.70495,9.39488,1.16239,12.0155,0.42336,0,0,18.483,0.42336,442.007,0,1.02816,0,0,3.20176,2.1736,1.028160,1,0,97.6965,0,0,0,97.6965,0
72.29,2.68376,0,0,7.54462,0.30907,4.5518,3.6288,61.308,0.317129,0,0,4.45912,0.221432,3.92056,0.66528,12.849,1,0.477017,4.5518,0,114.779,4.77551,114.078,0.84672,12.849,0.84672,3695.15,0,18.483,0.0956073,4.63848,1.70526,11.7039,1.19674,16.7553,0.42336,0,0,18.483,0.42336,442.007,0,1.02816,0,0,5.66664,4.63848,1.028160,1,0,134.754,0,0,0,134.754,0
72.29,2.68424,0,0,5.11343,0.290448,2.13874,3.6288,61.308,0.317327,0,0,2.32995,0.233948,1.77867,0.66528,12.849,1,0.477103,2.13874,0,89.7368,4.27469,87.1237,0.84672,12.849,0.84672,3695.15,0,18.483,0.095667,1.98355,1.70557,6.86984,1.23847,9.22482,0.42336,0,0,18.483,0.42336,442.007,0,1.02816,0,0,3.01171,1.98355,1.028160,1,0,98.1272,0,0,0,98.1272,0
72.29,2.64771,0,0,4.53691,0.276642,1.61255,3.6288,61.308,0.300894,0,0,1.85747,0.233246,1.32333,0.66528,12.849,1,0.470611,1.61255,0,72.4282,3.96439,69.6057,0.84672,12.849,0.84672,3695.15,0,18.483,0.0907128,1.68528,1.70587,5.59844,1.2179,7.68099,0.42336,0,0,18.483,0.42336,442.007,0,1.02816,0,0,2.71344,1.68528,1.028160,1,0,78.61,0,0,0,78.61,0
72.29,2.64819,0,0,3.76504,0.2961,0.820748,3.6288,61.308,0.301089,0,0,1.44406,0.211556,0.931419,0.66528,12.849,1,0.470695,0.820748,0,55.3705,3.44221,52.2783,0.84672,12.849,0.84672,3695.15,0,18.483,0.0907716,1.6513,1.68129,4.8263,1.13794,6.93018,0.42336,0,0,18.483,0.42336,442.007,0,1.02816,0,0,2.67946,1.6513,1.028160,1,0,60.1399,0,0,0,60.1399,0
72.29,2.64866,0,0,3.84222,0.2961,0.897455,3.6288,61.308,0.301284,0,0,1.24281,0.211556,0.729972,0.66528,12.849,1,0.47078,0.897455,0,53.4527,3.44221,50.4372,0.84672,12.849,0.84672,3695.15,0,18.483,0.0908304,1.17838,1.68159,4.77348,1.13794,6.40468,0.42336,0,0,18.483,0.42336,442.007,0,1.02816,0,0,2.20654,1.17838,1.028160,1,0,57.5719,0,0,0,57.5719,0
72.29,2.64914,0,0,3.92986,0.265689,1.01504,3.6288,61.308,0.301479,0,0,1.21537,0.226392,0.6875,0.66528,12.849,1,0.470864,1.01504,0,55.3946,4.61184,51.3269,0.84672,12.849,0.84672,3695.15,0,18.483,0.0908893,1.27571,1.68189,5.93644,1.18405,7.6191,0.42336,0,0,18.483,0.42336,442.007,0,1.02816,0,0,2.30387,1.27571,1.028160,1,0,59.6335,0,0,0,59.6335,0
72.1117,2.7753,0,0,3.16771,0.207855,0.36288,3.6288,61.308,0.360696,0,0,1.15362,0.246362,0.546563,0.66528,12.849,1,0.493288,0.36288,0,35.953,5.31837,30.5042,0.84672,12.849,0.84672,3695.15,0,18.483,0.108742,1.12309,1.68219,4.48395,1.30391,5.87658,0.42336,0,0,18.483,0.42336,442.007,0,1.02816,0,0,2.15125,1.12309,1.028160,1,0,36.9274,0,0,0,36.9274,0
71.9157,2.77476,0,0,3.18423,0.242556,0.36288,3.6288,61.308,0.360902,0,0,1.24153,0.20438,0.676252,0.66528,12.849,1,0.494412,0.36288,0,44.0218,4.51695,39.3734,0.84672,12.849,0.84672,3695.15,0,18.483,0.108804,0.747248,1.76958,4.3001,1.12811,5.58001,0.42336,0,0,18.483,0.42336,442.007,0,1.02816,0,0,1.77541,0.747248,1.028160,1,0,45.6296,0,0,0,45.6296,0
71.813,2.77411,0,0,3.20164,0.167365,0.36288,3.6288,61.308,0.361108,0,0,1.33351,0.222337,0.750062,0.66528,12.849,1,0.495644,0.36288,0,45.9215,4.81105,40.9777,0.84672,12.849,0.84672,3695.15,0,18.483,0.108866,1.09293,1.76989,4.94581,1.17997,6.5198,0.42336,0,0,18.483,0.42336,442.007,0,1.02816,0,0,2.12109,1.09293,1.028160,1,0,48.2476,0,0,0,48.2476,0
71.3673,2.77401,0,0,2.82687,0.135676,0.36288,3.6288,61.308,0.361314,0,0,1.09244,0.233601,0.497527,0.66528,12.849,1,0.496334,0.36288,0,41.8673,4.96219,36.7716,0.84672,12.849,0.84672,3695.15,0,18.483,0.108928,0.76845,1.77021,4.16655,1.21038,5.38591,0.42336,0,0,18.483,0.42336,442.007,0,1.02816,0,0,1.79661,0.76845,1.028160,1,0,42.6551,0,0,0,42.6551,0
70.7636,2.77188,0,0,2.6663,0.135216,0.36288,3.6288,61.308,0.36152,0,0,0.872433,0.233601,0.277312,0.66528,12.849,1,0.49905,0.36288,0,38.6805,4.96219,33.5821,0.84672,12.849,0.84672,3695.15,0,18.483,0.10899,0.563414,1.77053,3.91306,1.21038,4.92763,0.42336,0,0,18.483,0.42336,442.007,0,1.02816,0,0,1.59157,0.563414,1.028160,1,0,38.7871,0,0,0,38.7871,0
70.156,2.74397,0,0,2.62988,0.13064,0.36288,3.6288,61.308,0.394194,0,0,0.714277,0.22165,0.098434,0.66528,12.849,1,0.49824,0.36288,0,36.0698,4.9712,30.9633,0.84672,12.849,0.84672,3695.15,0,18.483,0.118841,0.423334,1.77084,3.00642,1.16993,3.91182,0.42336,0,0,18.483,0.42336,442.007,0,1.02816,0,0,1.45149,0.423334,1.028160,1,0,34.9735,0,0,0,34.9735,0
69.3141,2.74081,0,0,2.39028,0.128457,0.36288,3.6288,61.308,0.394405,0,0,0.682586,0.216869,0.0713113,0.66528,12.849,1,0.501977,0.36288,0,35.2265,4.97479,30.1126,0.84672,12.849,0.84672,3695.15,0,18.483,0.118904,0.407255,1.79832,2.59051,1.15375,3.52343,0.42336,0,0,18.483,0.42336,442.007,0,1.02816,0,0,1.43542,0.407255,1.028160,1,0,33.7073,0,0,0,33.7073,0
68.2417,2.73616,0,0,2.15426,0.127623,0.36288,3.6288,61.3039,0.422884,0,0,0.635628,0.216869,0,0.66528,12.849,1,0.507211,0.36288,0,32.6497,4.97479,27.5306,0.84672,12.849,0.84672,3695.15,0,18.483,0.12749,0.261274,1.79864,2.4665,1.15375,3.24517,0.42336,0,0,18.483,0.42336,442.007,0,0.991371,0,0,1.25264,0.261274,1.028160,1,0,30.7757,0,0,0,30.7757,0
67.1054,2.72994,0,0,2.05999,0.103491,0.36288,3.6288,61.1978,0.435258,0,0,0.600924,0.271707,0,0.66528,12.849,1,0.514011,0.36288,0,29.4355,5.68055,23.6039,0.84672,12.849,0.84672,3695.15,0,18.483,0.131229,0.261274,1.79896,2.34343,1.41137,2.86107,0.42336,0,0,18.483,0.42336,442.007,0,0.975534,0,0,1.23681,0.261274,1.028160,1,0,26.4649,0,0,0,26.4649,0
65.6458,2.78667,0,0,1.78529,0.0953972,0.36288,3.6288,60.8299,0.582152,0,0,0.510509,0.296334,0,0.66528,12.849,1,0.533578,0.36288,0,25.5493,5.94791,19.4307,0.84672,12.849,0.84672,3695.15,0,18.483,0.175822,0.261274,1.79928,2.12537,1.51093,2.49917,0.42336,0,0,18.483,0.42336,442.007,0,0.82201,0,0,1.08328,0.261274,1.028160,1,0,21.9299,0,0,0,21.9299,0
64.2783,2.77725,0,0,1.87185,0.0991729,0.36288,3.6288,60.335,0.688638,0,0,0.49663,0.302841,0,0.66528,12.849,1,0.543597,0.36288,0,30.2092,5.91055,24.118,0.84672,12.849,0.84672,3695.15,0,18.483,0.209241,0.261274,1.84291,2.00219,1.50224,2.3949,0.42336,0,0,18.483,0.42336,442.007,0,0.682387,0,0,0.943661,0.261274,1.028160,1,0,26.5129,0,0,0,26.5129,0
62.7724,2.76811,0,0,1.72313,0.0980893,0.36288,3.6288,59.8104,0.643724,0,0,0.421028,0.301891,0,0.66528,12.849,1,0.553334,0.36288,0,24.8135,5.91055,18.7125,0.84672,12.849,0.84672,3695.15,0,18.483,0.197198,0.261274,1.84324,1.93592,1.50224,2.341,0.42336,0,0,18.483,0.42336,442.007,0,0.739627,0,0,1.0009,0.261274,1.028160,1,0,21.0535,0,0,0,21.0535,0
61.1328,2.75758,0,0,1.57779,0.0968959,0.36288,3.6288,59.1717,0.727756,0,0,0.389962,0.300884,0,0.66528,12.849,1,0.564454,0.36288,0,23.5851,5.91055,17.473,0.84672,12.849,0.84672,3695.15,0,18.483,0.224896,0.227405,1.84357,1.70166,1.50224,2.0455,0.42336,0,0,18.483,0.42336,442.007,0,0.62818,0,0,0.855585,0.227405,1.028160,1,0,19.5185,0,0,0,19.5185,0
59.4214,2.92892,0,0,1.66704,0.0866252,0.36288,3.6288,58.6152,0.699455,0,0,0.447665,0.304767,0,0.66528,12.849,1,0.615607,0.36288,0,23.1314,6.06011,16.8186,0.84672,12.849,0.84672,3695.15,0,18.483,0.218483,0.227405,1.8439,2.25108,1.53212,2.57179,0.42336,0,0,18.483,0.42336,442.007,0,0.799304,0,0,1.02671,0.227405,1.028160,1,0,19.3904,0,0,0,19.3904,0
57.1648,2.91487,0,0,1.10204,0.0808778,0.36288,3.6288,57.8346,0.832369,0,0,0.360765,0.308965,0,0.66528,12.849,1,0.630297,0.36288,0,19.5365,5.77491,13.4942,0.84672,12.849,0.84672,3695.15,0,18.483,0.262469,0.227405,1.99099,1.72108,1.50586,2.17114,0.42336,0,0,18.483,0.42336,442.007,0,0.622711,0,0,0.850116,0.227405,1.028160,1,0,15.6653,0,0,0,15.6653,0
54.9032,2.89507,0,0,1.07093,0.0745581,0.36288,3.6288,57.0108,0.852407,0,0,0.345656,0.3171,0,0.66528,12.849,1,0.650728,0.36288,0,18.1513,5.80062,12.0628,0.84672,12.849,0.84672,3695.15,0,18.483,0.272416,0.227405,1.99134,1.65514,1.5111,2.09037,0.42336,0,0,18.483,0.42336,442.007,0,0.593032,0,0,0.820437,0.227405,1.028160,1,0,14.1532,0,0,0,14.1532,0
53.1922,2.87386,0,0,1.60742,0.0816797,0.36288,3.6288,56.3991,0.709888,0,0,0.411576,0.313324,0,0.66528,12.849,1,0.67257,0.36288,0,26.8034,5.74125,20.7525,0.84672,12.849,0.84672,3695.15,0,18.483,0.230147,0.204422,1.9917,1.75893,1.50381,2.22109,0.42336,0,0,18.483,0.42336,442.007,0,0.778127,0,0,0.982549,0.204422,1.028160,1,0,22.9736,0,0,0,22.9736,0
52.1423,2.85695,0,0,2.26339,0.0935006,0.36288,3.6288,55.951,0.673126,0,0,0.528269,0.303261,0,0.66528,12.849,1,0.690118,0.36288,0,34.9853,5.74559,28.9124,0.84672,12.849,0.84672,3695.15,0,18.483,0.220595,0.204422,1.99205,1.93662,1.48355,2.42896,0.42336,0,0,18.483,0.42336,442.007,0,0.824748,0,0,1.02917,0.204422,1.028160,1,0,31.3414,0,0,0,31.3414,0
49.9635,2.75946,0,0,1.00741,0.0638975,0.36288,3.6288,55.2816,0.68469,0,0,0.308996,0.293738,0,0.66528,12.849,1,0.679992,0.36288,0,22.881,5.3927,17.1712,0.84672,12.849,0.84672,3695.15,0,18.483,0.226182,0.204422,1.99241,1.08095,1.40122,1.65038,0.42336,0,0,18.483,0.42336,442.007,0,0.725207,0,0,0.929629,0.204422,1.028160,1,0,18.8215,0,0,0,18.8215,0
47.4404,2.73637,0,0,0.622178,0.0460306,0.36288,3.6288,54.4148,0.783175,0,0,0.204393,0.288024,0,0.66528,12.849,1,0.703705,0.36288,0,10.6814,5.0421,5.29845,0.84672,12.849,0.84672,3695.15,0,18.483,0.261849,0.204422,1.90859,0.78427,1.34063,1.2948,0.42336,0,0,18.483,0.42336,442.007,0,0.591348,0,0,0.79577,0.204422,1.028160,1,0,6.59325,0,0,0,6.59325,0
45.0254,2.7074,0,0,0.731377,0.0760929,0.36288,3.6288,53.5907,0.774301,0,0,0.207661,0.257382,0,0.66528,12.849,1,0.733286,0.36288,0,10.7594,4.62684,5.76215,0.84672,12.849,0.84672,3695.15,0,18.483,0.263006,0.216518,1.90893,0.819037,1.21083,1.47065,0.42336,0,0,18.483,0.42336,442.007,0,0.599357,0,0,0.815875,0.216518,1.028160,1,0,7.23279,0,0,0,7.23279,0
43.8956,2.67728,0,0,2.0606,0.150252,0.36288,3.6288,53.4584,0.452673,0,0,0.504125,0.183815,0,0.66528,12.849,1,0.764022,0.36288,0,34.378,3.58869,30.3882,0.84672,12.849,0.84672,3695.15,0,18.483,0.156123,0.310548,1.90927,2.18001,0.886345,3.35736,0.42336,0,0,18.483,0.42336,442.007,0,1.02816,0,0,1.33871,0.310548,1.028160,1,0,33.7456,0,0,0,33.7456,0
42.0853,2.59376,0,0,1.29116,0.144727,0.36288,3.6288,53.0883,0.493463,0,0,0.309175,0.185827,0,0.66528,12.849,1,0.75924,0.36288,0,23.3218,3.58632,19.3391,0.84672,12.849,0.84672,3695.15,0,18.483,0.170613,0.216518,1.90961,1.1618,0.899841,2.21748,0.42336,0,0,18.483,0.42336,442.007,0,0.897843,0,0,1.11436,0.216518,1.028160,1,0,21.5566,0,0,0,21.5566,0
39.9939,2.5692,0,0,0.961131,0.120514,0.36288,3.6288,52.3494,0.769877,0,0,0.229468,0.198475,0,0.66528,12.849,1,0.784399,0.36288,0,11.9311,3.5721,7.93753,0.84672,12.849,0.84672,3695.15,0,18.483,0.268037,0.216518,1.83509,1.2698,0.980816,2.07256,0.42336,0,0,18.483,0.42336,442.007,0,0.524284,0,0,0.740802,0.216518,1.028160,1,0,10.0101,0,0,0,10.0101,0
38.4216,2.53861,0,0,1.44674,0.117573,0.36288,3.6288,52.3129,0.394893,0,0,0.555689,0.197303,0,0.66528,12.849,1,0.81559,0.36288,0,18.6051,3.5721,14.5803,0.84672,12.849,0.84672,3695.15,0,18.483,0.139425,1.11297,1.83542,2.57479,0.980816,4.40294,0.42336,0,0,18.483,0.42336,442.007,0,1.02816,0,0,2.14113,1.11297,1.028160,1,0,18.9832,0,0,0,18.9832,0
38.9317,2.51405,0,0,3.50252,0.115448,0.36288,3.6288,52.9655,0.395027,0,0,1.24492,0.197245,0,0.66528,12.849,1,0.840752,0.36288,0,48.7586,3.5721,44.7087,0.84672,12.849,0.84672,3695.15,0,18.483,0.139569,2.34091,1.83575,3.8951,0.980816,6.95138,0.42336,0,0,18.483,0.42336,442.007,0,1.02816,0,0,3.36907,2.34091,1.028160,1,0,51.66,0,0,0,51.66,0
38.1331,2.33279,0,0,2.04826,0.151162,0.36288,3.6288,53.2017,0.280122,0,0,0.683152,0.166873,0,0.66528,12.849,1,0.769912,0.36288,0,27.5078,3.01611,24.0846,0.84672,12.849,0.84672,3695.15,0,18.483,0.0977521,0.512948,1.83608,2.35949,0.732915,3.87784,0.42336,0,0,18.483,0.42336,442.007,0,1.02816,0,0,1.54111,0.512948,1.028160,1,0,27.9625,0,0,0,27.9625,0
38.0523,2.28348,0,0,2.73125,0.165772,0.36288,3.6288,53.8948,0.263694,0,0,1.15698,0.200132,0,0.66528,12.849,1,0.76942,0.36288,0,36.4234,3.87873,32.1381,0.84672,12.849,0.84672,3695.15,0,18.483,0.091611,1.24284,1.66775,4.12842,0.993267,5.95412,0.42336,0,0,18.483,0.42336,442.007,0,1.02816,0,0,2.271,1.24284,1.028160,1,0,38.0922,0,0,0,38.0922,0
39.6972,2.28266,0,0,4.46377,0.173245,0.36288,3.6288,54.393,0.264755,0,0,0.965088,0.202163,0,0.66528,12.849,1,0.77078,0.36288,0,95.0269,3.97677,90.6422,0.84672,12.849,0.84672,3695.15,0,18.483,0.0907967,1.65135,1.64098,4.63822,1.0438,6.79595,0.42336,0,0,18.483,0.42336,442.007,0,1.02816,0,0,2.67951,1.65135,1.028160,1,0,97.4382,0,0,0,97.4382,0
42.443,2.34526,0,0,5.63049,0.176578,0.36288,3.6288,55.3356,0.282599,0,0,1.42802,0.20283,0,0.66528,12.849,1,0.759102,0.36288,0,88.8489,3.97677,84.4759,0.84672,12.849,0.84672,3695.15,0,18.483,0.0960285,1.97119,1.64127,5.43302,1.0438,7.90566,0.42336,0,0,18.483,0.42336,442.007,0,1.02816,0,0,2.99935,1.97119,1.028160,1,0,92.3816,0,0,0,92.3816,0
43.0029,2.38338,0,0,3.49574,0.189623,0.36288,3.6288,55.7043,0.284014,0,0,0.820394,0.167698,0,0.66528,12.849,1,0.721534,0.36288,0,94.3655,3.56427,90.4426,0.84672,12.849,0.84672,3695.15,0,18.483,0.0948652,1.10283,1.66864,4.33999,0.931952,6.08464,0.42336,0,0,18.483,0.42336,442.007,0,1.02816,0,0,2.13099,1.10283,1.028160,1,0,96.5272,0,0,0,96.5272,0
44.0045,2.39062,0,0,3.93862,0.183531,0.36288,3.6288,56.0193,0.284485,0,0,0.77306,0.173599,0,0.66528,12.849,1,0.714302,0.36288,0,66.5896,3.46456,62.7736,0.84672,12.849,0.84672,3695.15,0,18.483,0.0943938,0.763767,1.66894,5.36394,0.905543,6.79671,0.42336,0,0,18.483,0.42336,442.007,0,1.02816,0,0,1.79193,0.763767,1.028160,1,0,69.5703,0,0,0,69.5703,0
45.5993,2.43869,0,0,4.58531,0.188874,0.36288,3.6288,56.4458,0.301555,0,0,0.949545,0.221416,0,0.66528,12.849,1,0.71208,0.36288,0,86.6877,4.00876,82.3297,0.84672,12.849,0.84672,3695.15,0,18.483,0.0994952,0.778542,1.66894,6.27132,1.07258,7.54672,0.42336,0,0,18.483,0.42336,442.007,0,1.02816,0,0,1.8067,0.778542,1.028160,1,0,89.8765,0,0,0,89.8765,0
47.5079,2.45853,0,0,4.93529,0.205315,0.36288,3.6288,56.8273,0.302304,0,0,0.921318,0.237541,0,0.66528,12.849,1,0.692767,0.36288,0,88.7293,4.35162,84.0478,0.84672,12.849,0.84672,3695.15,0,18.483,0.0989883,0.77684,1.69466,6.13459,1.17954,7.32757,0.42336,0,0,18.483,0.42336,442.007,0,1.02816,0,0,1.805,0.77684,1.028160,1,0,91.3754,0,0,0,91.3754,0
49.3012,2.52178,0,0,4.88771,0.209706,0.36288,3.6288,57.2271,0.320782,0,0,0.958686,0.238132,0,0.66528,12.849,1,0.682041,0.36288,0,87.9716,4.35162,83.3008,0.84672,12.849,0.84672,3695.15,0,18.483,0.104334,0.780244,1.69495,6.95909,1.17954,8.15041,0.42336,0,0,18.483,0.42336,442.007,0,1.02816,0,0,1.8084,0.780244,1.028160,1,0,91.4512,0,0,0,91.4512,0
50.8076,2.54189,0,0,4.61729,0.206167,0.36288,3.6288,57.6665,0.321518,0,0,1.00528,0.244369,0,0.66528,12.849,1,0.662473,0.36288,0,72.8767,4.38157,68.1955,0.84672,12.849,0.84672,3695.15,0,18.483,0.103843,0.949985,1.7232,6.79087,1.21726,8.14295,0.42336,0,0,18.483,0.42336,442.007,0,1.02816,0,0,1.97815,0.949985,1.028160,1,0,76.3385,0,0,0,76.3385,0
55.8214,2.8075,0,0,8.4094,0.225216,0.36288,3.6288,58.4873,0.451747,0,0,1.51629,0.243712,0,0.66528,12.849,1,0.710003,0.36288,0,156.678,4.37913,151.952,0.84672,12.849,0.84672,3695.15,0,18.483,0.144792,1.99912,1.72349,10.1056,1.14131,12.5421,0.42336,0,0,18.483,0.42336,442.007,0,1.02816,0,0,3.02728,1.99912,1.028160,1,0,164.494,0,0,0,164.494,0
62.7388,2.85982,0,0,10.3772,0.237055,0.36288,3.6288,59.7579,0.453499,0,0,1.96913,0.245007,0,0.66528,12.849,1,0.658275,0.36288,0,195.142,4.37913,190.468,0.84672,12.849,0.84672,3695.15,0,18.483,0.143314,2.19396,1.91442,14.2679,1.14131,17.0917,0.42336,0,0,18.483,0.42336,442.007,0,1.02816,0,0,3.22212,2.19396,1.028160,1,0,207.559,0,0,0,207.559,0
67.9981,2.92056,0,0,8.79872,0.255933,0.36288,3.6288,60.6666,0.456036,0,0,1.59365,0.228895,0,0.66528,12.849,1,0.598134,0.36288,0,195.583,4.19424,191.153,0.84672,12.849,0.84672,3695.15,0,18.483,0.141051,1.77654,1.91474,17.2648,1.09229,19.7227,0.42336,0,0,18.483,0.42336,442.007,0,1.02816,0,0,2.8047,1.77654,1.028160,1,0,210.876,0,0,0,210.876,0
70.6772,2.95997,0,0,6.27736,0.275439,0.36288,3.6288,61.2641,0.457866,0,0,1.23999,0.184672,0,0.66528,12.849,1,0.559318,0.36288,0,180.41,3.73201,176.482,0.84672,12.849,0.84672,3695.15,0,18.483,0.139496,0.964172,1.91507,11.7343,0.96973,13.5043,0.42336,0,0,18.483,0.42336,442.007,0,1.02816,0,0,1.99233,0.964172,1.028160,1,0,189.986,0,0,0,189.986,0
70.4018,2.60088,0,0,2.9865,0.298187,0.36288,3.6288,61.308,0.282776,0,0,0.830091,0.2197,0.283699,0.66528,12.849,1,0.472835,0.36288,0,58.5723,4.03064,54.4317,0.84672,12.849,0.84672,3695.15,0,18.483,0.0853118,0.925206,1.91539,5.15762,1.07184,6.84107,0.42336,0,0,18.483,0.42336,442.007,0,1.02816,0,0,1.95337,0.925206,1.028160,1,0,61.5565,0,0,0,61.5565,0
71.101,2.59975,0,0,3.95941,0.297557,0.36288,3.6288,61.308,0.283004,0,0,1.94057,0.219762,1.4378,0.66528,12.849,1,0.474479,0.36288,0,114.994,4.03064,110.852,0.84672,12.849,0.84672,3695.15,0,18.483,0.0853195,1.38417,1.65475,9.66367,1.07184,11.5454,0.42336,0,0,18.483,0.42336,442.007,0,1.02816,0,0,2.41233,1.38417,1.028160,1,0,123.835,0,0,0,123.835,0
70.693,2.60414,0,0,2.85816,0.299158,0.36288,3.6288,61.308,0.283185,0,0,0.847091,0.219762,0.344145,0.66528,12.849,1,0.470607,0.36288,0,58.9228,4.03064,54.7845,0.84672,12.849,0.84672,3695.15,0,18.483,0.0853741,0.845459,1.65503,5.16332,1.07184,6.50661,0.42336,0,0,18.483,0.42336,442.007,0,1.02816,0,0,1.87362,0.845459,1.028160,1,0,61.6352,0,0,0,61.6352,0
70.7483,2.60228,0,0,3.31652,0.296062,0.36288,3.6288,61.308,0.283366,0,0,1.21772,0.203588,0.73077,0.66528,12.849,1,0.472985,0.36288,0,79.9388,4.00724,75.8215,0.84672,12.849,0.84672,3695.15,0,18.483,0.0854287,1.45342,1.65531,13.4445,1.00863,15.4592,0.42336,0,0,18.483,0.42336,442.007,0,1.02816,0,0,2.48158,1.45342,1.028160,1,0,92.0114,0,0,0,92.0114,0
72.0099,2.60303,0,0,4.50094,0.27334,0.36288,3.6288,61.308,0.283547,0,0,1.42795,0.196472,0.94793,0.66528,12.849,1,0.472752,0.36288,0,78.6366,4.43881,74.0879,0.84672,12.849,0.84672,3695.15,0,18.483,0.0854833,2.54047,1.65559,10.2513,1.02647,13.3355,0.42336,0,0,18.483,0.42336,442.007,0,1.02816,0,0,3.56863,2.54047,1.028160,1,0,88.3713,0,0,0,88.3713,0
71.5488,2.70589,0,0,2.86849,0.260869,0.36288,3.6288,61.308,0.326913,0,0,1.39442,0.207309,0.860197,0.66528,12.849,1,0.482821,0.36288,0,59.1424,4.7859,54.2365,0.84672,12.849,0.84672,3695.15,0,18.483,0.098557,0.678516,1.65587,5.9049,1.10305,7.03768,0.42336,0,0,18.483,0.42336,442.007,0,1.02816,0,0,1.70668,0.678516,1.028160,1,0,62.1344,0,0,0,62.1344,0
70.7202,2.7037,0,0,2.49798,0.259954,0.36288,3.6288,61.308,0.450938,0,0,1.10519,0.207309,0.446947,0.66528,12.849,1,0.485541,0.36288,0,53.5943,4.7859,48.6857,0.84672,12.849,0.84672,3695.15,0,18.483,0.135948,0.528595,1.72064,3.97681,1.10305,4.98704,0.42336,0,0,18.483,0.42336,442.007,0,0.866989,0,0,1.39558,0.528595,1.028160,1,0,54.1197,0,0,0,54.1197,0
69.7567,2.69934,0,0,2.34821,0.249489,0.36288,3.6288,61.308,0.543708,0,0,0.964233,0.212066,0.208458,0.66528,12.849,1,0.490438,0.36288,0,42.7089,4.84407,37.7373,0.84672,12.849,0.84672,3695.15,0,18.483,0.163916,0.528595,1.72093,3.55332,1.1145,4.52442,0.42336,0,0,18.483,0.42336,442.007,0,0.746496,0,0,1.27509,0.528595,1.028160,1,0,42.4702,0,0,0,42.4702,0
68.7903,2.69408,0,0,2.28327,0.192734,0.36288,3.6288,61.308,0.486367,0,0,0.99538,0.245805,0.263209,0.66528,12.849,1,0.496242,0.36288,0,43.6931,5.1774,38.3823,0.84672,12.849,0.84672,3695.15,0,18.483,0.146629,0.528595,1.72122,3.39787,1.1855,4.31556,0.42336,0,0,18.483,0.42336,442.007,0,0.82137,0,0,1.34997,0.528595,1.028160,1,0,42.9611,0,0,0,42.9611,0
67.831,2.6516,0,0,2.24054,0.185409,0.36288,3.6288,61.308,0.310883,0,0,0.880088,0.258785,0.310419,0.66528,12.849,1,0.495279,0.36288,0,43.6361,5.13818,38.3656,0.84672,12.849,0.84672,3695.15,0,18.483,0.0937244,0.534298,1.72151,3.78448,1.19122,4.75534,0.42336,0,0,18.483,0.42336,442.007,0,1.02816,0,0,1.56246,0.534298,1.028160,1,0,43.4313,0,0,0,43.4313,0
66.4397,2.64616,0,0,1.80183,0.184022,0.36288,3.6288,61.2917,0.483885,0,0,0.726391,0.258785,0,0.66528,12.849,1,0.501253,0.36288,0,34.7697,5.13818,29.4931,0.84672,12.849,0.84672,3695.15,0,18.483,0.145881,0.528595,1.69668,2.87243,1.19122,3.7606,0.42336,0,0,18.483,0.42336,442.007,0,0.803244,0,0,1.33184,0.528595,1.028160,1,0,33.2537,0,0,0,33.2537,0
64.8264,2.63781,0,0,1.53387,0.146488,0.36288,3.6288,61.1079,0.566833,0,0,0.639178,0.256172,0,0.66528,12.849,1,0.510134,0.36288,0,28.1389,5.20248,22.7892,0.84672,12.849,0.84672,3695.15,0,18.483,0.170933,0.402797,1.69697,2.58698,1.1644,3.35141,0.42336,0,0,18.483,0.42336,442.007,0,0.695485,0,0,1.09828,0.402797,1.028160,1,0,26.1406,0,0,0,26.1406,0
63.0799,2.62766,0,0,1.34191,0.0978521,0.36288,3.6288,60.7945,0.643394,0,0,0.582434,0.252429,0,0.66528,12.849,1,0.520818,0.36288,0,26.3343,5.28822,20.8881,0.84672,12.849,0.84672,3695.15,0,18.483,0.194604,0.402797,1.69725,2.25766,1.12865,3.03446,0.42336,0,0,18.483,0.42336,442.007,0,0.595495,0,0,0.998291,0.402797,1.028160,1,0,23.9226,0,0,0,23.9226,0
61.3665,2.74022,0,0,1.50118,0.111526,0.36288,3.6288,60.7429,0.463478,0,0,0.665885,0.254001,0,0.66528,12.849,1,0.558166,0.36288,0,32.6312,5.01777,27.4182,0.84672,12.849,0.84672,3695.15,0,18.483,0.140909,0.402797,1.69754,2.80821,1.06805,3.69958,0.42336,0,0,18.483,0.42336,442.007,0,0.906863,0,0,1.30966,0.402797,1.028160,1,0,31.1177,0,0,0,31.1177,0
59.5658,2.72779,0,0,1.40237,0.11244,0.36288,3.6288,60.6442,0.488648,0,0,0.64419,0.254264,0,0.66528,12.849,1,0.571149,0.36288,0,31.6493,4.9727,26.4683,0.84672,12.849,0.84672,3695.15,0,18.483,0.148687,0.402797,1.78571,2.72297,1.05795,3.70484,0.42336,0,0,18.483,0.42336,442.007,0,0.874169,0,0,1.27697,0.402797,1.028160,1,0,30.1731,0,0,0,30.1731,0
57.7379,2.71405,0,0,1.35969,0.110666,0.36288,3.6288,60.4601,0.519118,0,0,0.589104,0.254104,0,0.66528,12.849,1,0.58545,0.36288,0,29.0963,4.9727,23.9011,0.84672,12.849,0.84672,3695.15,0,18.483,0.158216,0.30119,1.78601,2.53268,1.05795,3.40371,0.42336,0,0,18.483,0.42336,442.007,0,0.834425,0,0,1.13562,0.30119,1.028160,1,0,27.3048,0,0,0,27.3048,0
55.8025,2.69934,0,0,1.21009,0.083188,0.36288,3.6288,60.1911,0.555518,0,0,0.559164,0.272593,0,0.66528,12.849,1,0.600712,0.36288,0,25.7407,5.18689,20.316,0.84672,12.849,0.84672,3695.15,0,18.483,0.169825,0.30119,1.78631,2.46376,1.11268,3.26875,0.42336,0,0,18.483,0.42336,442.007,0,0.786672,0,0,1.08786,0.30119,1.028160,1,0,23.5847,0,0,0,23.5847,0
54.3685,2.68286,0,0,1.67884,0.0670994,0.36288,3.6288,60.3841,0.370377,0,0,0.841088,0.277774,0,0.66528,12.849,1,0.617751,0.36288,0,31.0746,5.4628,25.3569,0.84672,12.849,0.84672,3695.15,0,18.483,0.113732,0.495513,1.78661,3.71478,1.18908,4.69409,0.42336,0,0,18.483,0.42336,442.007,0,1.02816,0,0,1.52367,0.495513,1.028160,1,0,30.051,0,0,0,30.051,0
53.2755,2.64622,0,0,1.97084,0.0547841,0.36288,3.6288,60.6685,0.403497,0,0,0.983223,0.295235,0,0.66528,12.849,1,0.625384,0.36288,0,34.6603,5.57457,28.8232,0.84672,12.849,0.84672,3695.15,0,18.483,0.123507,0.780132,1.78691,4.47906,1.2937,5.6289,0.42336,0,0,18.483,0.42336,442.007,0,1.02816,0,0,1.80829,0.780132,1.028160,1,0,34.4521,0,0,0,34.4521,0
52.1036,2.63632,0,0,1.87073,0.0434117,0.36288,3.6288,60.901,0.404142,0,0,0.950011,0.313382,0,0.66528,12.849,1,0.635829,0.36288,0,32.3777,5.59356,26.5112,0.84672,12.849,0.84672,3695.15,0,18.483,0.123124,0.71833,1.81462,4.51277,1.35229,5.5703,0.42336,0,0,18.483,0.42336,442.007,0,1.02816,0,0,1.74649,0.71833,1.028160,1,0,32.0815,0,0,0,32.0815,0
50.8284,2.62529,0,0,1.75579,0.0428917,0.36288,3.6288,61.0185,0.404704,0,0,0.836058,0.313844,0,0.66528,12.849,1,0.64741,0.36288,0,29.5838,5.59356,23.7057,0.84672,12.849,0.84672,3695.15,0,18.483,0.122825,0.653737,1.81492,4.28273,1.35229,5.27628,0.42336,0,0,18.483,0.42336,442.007,0,1.02816,0,0,1.6819,0.653737,1.028160,1,0,28.982,0,0,0,28.982,0
49.4828,2.61277,0,0,1.67201,0.0419603,0.36288,3.6288,61.0784,0.405087,0,0,0.776952,0.312061,0,0.66528,12.849,1,0.660487,0.36288,0,28.4494,5.55018,22.6016,0.84672,12.849,0.84672,3695.15,0,18.483,0.122704,0.550748,1.81523,4.08716,1.35811,4.97232,0.42336,0,0,18.483,0.42336,442.007,0,1.02816,0,0,1.57891,0.550748,1.028160,1,0,27.5739,0,0,0,27.5739,0
48.1095,2.6596,0,0,1.68841,0.0392057,0.36288,3.6288,61.0723,0.434573,0,0,0.728594,0.300077,0,0.66528,12.849,1,0.690609,0.36288,0,27.7061,5.2899,22.0884,0.84672,12.849,0.84672,3695.15,0,18.483,0.131507,0.477084,1.81554,4.33056,1.39307,5.0986,0.42336,0,0,18.483,0.42336,442.007,0,1.02816,0,0,1.50524,0.477084,1.028160,1,0,27.187,0,0,0,27.187,0
46.5358,2.64449,0,0,1.47226,0.0386276,0.36288,3.6288,61.0245,0.43477,0,0,0.687061,0.300066,0,0.66528,12.849,1,0.706286,0.36288,0,26.2494,5.2899,20.6161,0.84672,12.849,0.84672,3695.15,0,18.483,0.131579,0.337306,1.85954,4.13792,1.39307,4.81012,0.42336,0,0,18.483,0.42336,442.007,0,1.02816,0,0,1.36547,0.337306,1.028160,1,0,25.4263,0,0,0,25.4263,0
44.8703,2.62622,0,0,1.35778,0.0340957,0.36288,3.6288,60.9623,0.434897,0,0,0.675251,0.302561,0,0.66528,12.849,1,0.725125,0.36288,0,24.7641,5.36468,19.0372,0.84672,12.849,0.84672,3695.15,0,18.483,0.131721,0.276947,1.85985,4.10025,1.40801,4.69732,0.42336,0,0,18.483,0.42336,442.007,0,1.02816,0,0,1.30511,0.276947,1.028160,1,0,23.7345,0,0,0,23.7345,0
43.0255,2.56345,0,0,1.10788,0.0263803,0.36288,3.6288,60.918,0.415139,0,0,0.672348,0.301514,0,0.66528,12.849,1,0.734065,0.36288,0,23.4155,5.5269,17.5174,0.84672,12.849,0.84672,3695.15,0,18.483,0.125865,0.277448,1.86017,3.9436,1.34908,4.60626,0.42336,0,0,18.483,0.42336,442.007,0,1.02816,0,0,1.30561,0.277448,1.028160,1,0,22.1237,0,0,0,22.1237,0
41.2214,2.70925,0,0,1.30803,0.0400564,0.36288,3.6288,60.9072,0.518939,0,0,0.777159,0.269017,0,0.66528,12.849,1,0.809082,0.36288,0,28.2639,4.91721,22.9005,0.84672,12.849,0.84672,3695.15,0,18.483,0.15745,0.656035,1.83029,4.14579,1.31092,5.16375,0.42336,0,0,18.483,0.42336,442.007,0,1.02816,0,0,1.6842,0.656035,1.028160,1,0,28.0643,0,0,0,28.0643,0
39.5164,2.68271,0,0,1.3856,0.0449888,0.36288,3.6288,60.9542,0.519138,0,0,0.810769,0.244629,0,0.66528,12.849,1,0.836219,0.36288,0,28.0438,4.4079,23.1626,0.84672,12.849,0.84672,3695.15,0,18.483,0.157538,0.275797,1.97627,4.19608,1.33571,4.9549,0.42336,0,0,18.483,0.42336,442.007,0,1.02816,0,0,1.30396,0.275797,1.028160,1,0,28.1175,0,0,0,28.1175,0
37.812,2.6728,0,0,1.37538,0.0440917,0.36288,3.6288,60.9873,0.519452,0,0,0.797204,0.244702,0,0.66528,12.849,1,0.84672,0.36288,0,27.8069,4.4079,22.9152,0.84672,12.849,0.84672,3695.15,0,18.483,0.157512,0.527507,1.9766,4.15722,1.33571,5.16811,0.42336,0,0,18.483,0.42336,442.007,0,1.02816,0,0,1.55567,0.527507,1.028160,1,0,28.0833,0,0,0,28.0833,0
36.1149,2.61533,0,0,1.32437,0.0432274,0.36288,3.6288,61.0196,0.49815,0,0,0.775198,0.244753,0,0.66528,12.849,1,0.84672,0.36288,0,26.5143,4.4079,21.6225,0.84672,12.849,0.84672,3695.15,0,18.483,0.150971,0.439214,1.97694,4.00264,1.33571,4.93211,0.42336,0,0,18.483,0.42336,442.007,0,1.02816,0,0,1.46737,0.439214,1.028160,1,0,26.5546,0,0,0,26.5546,0
34.6329,2.61591,0,0,1.5782,0.0814443,0.36288,3.6288,61.1774,0.498428,0,0,0.866416,0.210097,0,0.66528,12.849,1,0.84672,0.36288,0,24.0546,4.00359,19.5672,0.84672,12.849,0.84672,3695.15,0,18.483,0.150975,1.1268,1.94466,4.87502,1.14972,6.64578,0.42336,0,0,18.483,0.42336,442.007,0,1.02816,0,0,2.15496,1.1268,1.028160,1,0,26.213,0,0,0,26.213,0
33.0879,2.51083,0,0,1.45176,0.123017,0.36288,3.6288,61.308,0.436947,0,0,0.82506,0.166487,0.0910756,0.66528,12.849,1,0.84672,0.36288,0,23.326,3.53378,19.3084,0.84672,12.849,0.84672,3695.15,0,18.483,0.132011,0.987673,1.94498,5.16659,0.910228,7.05701,0.42336,0,0,18.483,0.42336,442.007,0,1.02816,0,0,2.01583,0.987673,1.028160,1,0,26.4565,0,0,0,26.4565,0
31.9067,2.5114,0,0,1.81378,0.120701,0.36288,3.6288,61.308,0.437369,0,0,0.93973,0.166625,0.335735,0.66528,12.849,1,0.84672,0.36288,0,45.0723,3.53378,41.0547,0.84672,12.849,0.84672,3695.15,0,18.483,0.131857,1.05157,1.86314,5.62354,0.910228,7.49617,0.42336,0,0,18.483,0.42336,442.007,0,1.02816,0,0,2.07973,1.05157,1.028160,1,0,48.8866,0,0,0,48.8866,0
30.169,2.56829,0,0,1.31241,0.11893,0.36288,3.6288,61.308,0.458164,0,0,0.795727,0.166625,0.170938,0.66528,12.849,1,0.84672,0.36288,0,21.3876,3.53378,17.37,0.84672,12.849,0.84672,3695.15,0,18.483,0.138126,1.02089,1.86345,4.41344,0.910228,6.24942,0.42336,0,0,18.483,0.42336,442.007,0,1.02816,0,0,2.04905,1.02089,1.028160,1,0,23.7904,0,0,0,23.7904,0
28.4218,2.56887,0,0,1.30079,0.116275,0.36288,3.6288,61.308,0.458375,0,0,0.863222,0.166625,0.238223,0.66528,12.849,1,0.84672,0.36288,0,16.5427,3.53378,12.5251,0.84672,12.849,0.84672,3695.15,0,18.483,0.13819,0.97607,1.89502,4.26672,0.910228,6.08939,0.42336,0,0,18.483,0.42336,442.007,0,1.02816,0,0,2.00423,0.97607,1.028160,1,0,18.8528,0,0,0,18.8528,0
26.5725,2.4263,0,0,1.09369,0.153808,0.36288,3.6288,60.702,0.774726,0,0,0.368931,0.200244,0,0.66528,12.849,1,0.84672,0.36288,0,13.5499,3.99787,9.06814,0.84672,12.849,0.84672,3695.15,0,18.483,0.233563,0.216518,1.89534,3.90297,0.944109,4.83716,0.42336,0,0,18.483,0.42336,442.007,0,0.516372,0,0,0.732891,0.216518,1.028160,1,0,13.9053,0,0,0,13.9053,0
25.6764,2.42685,0,0,2.04356,0.149916,0.36288,3.6288,61.1283,0.380807,0,0,1.0066,0.199477,0,0.66528,12.849,1,0.84672,0.36288,0,26.9954,3.99787,22.5137,0.84672,12.849,0.84672,3695.15,0,18.483,0.115951,1.21678,1.79132,8.61054,0.944109,10.5586,0.42336,0,0,18.483,0.42336,442.007,0,1.02816,0,0,2.24494,1.21678,1.028160,1,0,33.0723,0,0,0,33.0723,0
26.647,2.26267,0,0,3.75112,0.154976,0.36288,3.6288,61.308,0.322703,0,0,1.82264,0.192194,1.12802,0.66528,12.849,1,0.84672,0.36288,0,51.9029,3.88905,47.53,0.84672,12.849,0.84672,3695.15,0,18.483,0.0975739,1.18289,1.79162,11.269,0.913282,13.2326,0.42336,0,0,18.483,0.42336,442.007,0,1.02816,0,0,2.21105,1.18289,1.028160,1,0,61.8907,0,0,0,61.8907,0
26.1081,2.26319,0,0,2.26078,0.173614,0.36288,3.6288,61.308,0.368714,0,0,1.04973,0.174259,0.506761,0.66528,12.849,1,0.84672,0.36288,0,30.2116,3.51048,26.2173,0.84672,12.849,0.84672,3695.15,0,18.483,0.111159,0.292723,1.70176,7.06746,0.685503,8.26528,0.42336,0,0,18.483,0.42336,442.007,0,0.968808,0,0,1.26153,0.292723,1.028160,1,0,34.9893,0,0,0,34.9893,0
26.3772,2.02946,0,0,2.84273,0.181266,0.36288,3.6288,61.308,0.211471,0,0,0.951221,0.220371,0.519379,0.66528,12.849,1,0.84672,0.36288,0,36.9662,4.26336,32.219,0.84672,12.849,0.84672,3695.15,0,18.483,0.0637539,0.803269,1.70205,9.29941,1.10242,10.6386,0.42336,0,0,18.483,0.42336,442.007,0,1.02816,0,0,1.83143,0.803269,1.028160,1,0,43.3769,0,0,0,43.3769,0
27.9102,2.02995,0,0,4.11487,0.189017,0.36288,3.6288,61.308,0.21164,0,0,1.27258,0.245202,0.815734,0.66528,12.849,1,0.84672,0.36288,0,67.8849,4.4751,62.926,0.84672,12.849,0.84672,3695.15,0,18.483,0.0638048,1.41946,1.54599,12.1053,1.23782,13.7692,0.42336,0,0,18.483,0.42336,442.007,0,1.02816,0,0,2.44762,1.41946,1.028160,1,0,77.5109,0,0,0,77.5109,0
28.7988,2.03043,0,0,3.47496,0.193097,0.36288,3.6288,61.308,0.211809,0,0,0.915996,0.245202,0.458984,0.66528,12.849,1,0.84672,0.36288,0,46.717,4.4751,41.7581,0.84672,12.849,0.84672,3695.15,0,18.483,0.0638557,0.628534,1.54625,11.9115,1.23782,12.7846,0.42336,0,0,18.483,0.42336,442.007,0,1.02816,0,0,1.65669,0.628534,1.028160,1,0,55.0017,0,0,0,55.0017,0
29.7706,2.03092,0,0,3.55391,0.188251,0.36288,3.6288,61.308,0.211978,0,0,1.04248,0.225295,0.605204,0.66528,12.849,1,0.84672,0.36288,0,47.4587,4.05381,42.921,0.84672,12.849,0.84672,3695.15,0,18.483,0.0639065,0.85396,1.54651,12.4854,1.12537,13.6966,0.42336,0,0,18.483,0.42336,442.007,0,1.02816,0,0,1.88212,0.85396,1.028160,1,0,57.2228,0,0,0,57.2228,0
32.4952,2.23471,0,0,5.50198,0.179836,0.36288,3.6288,61.308,0.282937,0,0,2.25618,0.177006,1.79624,0.66528,12.849,1,0.84672,0.36288,0,83.7022,3.11414,80.1043,0.84672,12.849,0.84672,3695.15,0,18.483,0.0852993,1.66362,1.54677,13.4197,0.898917,15.6459,0.42336,0,0,18.483,0.42336,442.007,0,1.02816,0,0,2.69178,1.66362,1.028160,1,0,97.5464,0,0,0,97.5464,0
34.27,2.27934,0,0,4.62237,0.205359,0.36288,3.6288,61.308,0.299537,0,0,3.74369,0.180706,3.26344,0.66528,12.849,1,0.84672,0.36288,0,109.747,3.39801,105.865,0.84672,12.849,0.84672,3695.15,0,18.483,0.0903037,2.80282,1.65632,13.0082,1.03556,16.3415,0.42336,0,0,18.483,0.42336,442.007,0,1.02816,0,0,3.83098,2.80282,1.028160,1,0,125.47,0,0,0,125.47,0
36.6096,2.27983,0,0,5.19229,0.209919,0.36288,3.6288,61.308,0.29971,0,0,5.40038,0.180706,4.91996,0.66528,12.849,1,0.84672,0.36288,0,100.728,3.39801,96.8465,0.84672,12.849,0.84672,3695.15,0,18.483,0.0903558,4.07054,1.68137,19.7339,1.03556,24.3599,0.42336,0,0,18.483,0.42336,442.007,0,1.02816,0,0,5.0987,4.07054,1.028160,1,0,126.126,0,0,0,126.126,0
40.1,2.31466,0,0,6.38388,0.21593,0.36288,3.6288,61.308,0.299883,0,0,4.16782,0.180706,3.68724,0.66528,12.849,1,0.812385,0.36288,0,67.9921,3.39801,64.1446,0.84672,12.849,0.84672,3695.15,0,18.483,0.090408,3.39704,1.68164,15.3158,1.03556,19.2685,0.42336,0,0,18.483,0.42336,442.007,0,1.02816,0,0,4.4252,3.39704,1.028160,1,0,87.1003,0,0,0,87.1003,0
46.0523,2.44804,0,0,9.00832,0.245195,0.36288,3.6288,61.308,0.336619,0,0,4.74895,0.208622,4.20371,0.66528,12.849,1,0.78441,0.36288,0,182.216,3.63921,178.155,0.84672,12.849,0.84672,3695.15,0,18.483,0.101483,4.11921,1.6819,24.5208,1.10907,29.1114,0.42336,0,0,18.483,0.42336,442.007,0,1.02816,0,0,5.14737,4.11921,1.028160,1,0,211.47,0,0,0,211.47,0
50.2589,2.77426,0,0,7.59672,0.252917,0.36288,3.6288,61.308,0.469285,0,0,7.08031,0.230704,6.38032,0.66528,12.849,1,0.774043,0.36288,0,175.779,4.24297,171.125,0.84672,12.849,0.84672,3695.15,0,18.483,0.141479,4.88576,1.7386,23.4384,1.2067,28.7146,0.42336,0,0,18.483,0.42336,442.007,0,1.02816,0,0,5.91392,4.88576,1.028160,1,0,206.22,0,0,0,206.22,0
55.3319,2.8263,0,0,8.52258,0.26044,0.36288,3.6288,61.308,0.469484,0,0,8.77859,0.237056,8.07204,0.66528,12.849,1,0.722561,0.36288,0,234.832,4.32558,230.146,0.84672,12.849,0.84672,3695.15,0,18.483,0.141539,7.04955,1.93118,32.7895,1.22736,40.4013,0.42336,0,0,18.483,0.42336,442.007,0,1.02816,0,0,8.07771,7.04955,1.028160,1,0,278.62,0,0,0,278.62,0
59.3042,2.88052,0,0,7.49339,0.277645,0.36288,3.6288,61.308,0.469684,0,0,7.4482,0.215169,6.76334,0.66528,12.849,1,0.668906,0.36288,0,176.626,3.9475,172.372,0.84672,12.849,0.84672,3695.15,0,18.483,0.141599,5.12931,1.93149,27.008,1.11895,32.8083,0.42336,0,0,18.483,0.42336,442.007,0,1.02816,0,0,6.15747,5.12931,1.028160,1,0,211.944,0,0,0,211.944,0
61.8379,2.91781,0,0,6.10439,0.290046,0.36288,3.6288,61.308,0.469884,0,0,4.45976,0.206414,3.78346,0.66528,12.849,1,0.63218,0.36288,0,131.062,3.79627,126.996,0.84672,12.849,0.84672,3695.15,0,18.483,0.14166,3.73245,1.9318,16.9887,1.07559,21.4357,0.42336,0,0,18.483,0.42336,442.007,0,1.02816,0,0,4.76061,3.73245,1.028160,1,0,152.215,0,0,0,152.215,0
63.873,2.56709,0,0,5.27354,0.308447,0.36288,3.6288,61.308,0.292172,0,0,3.9066,0.236778,3.37765,0.66528,12.849,1,0.533404,0.36288,0,139.831,4.31656,135.344,0.84672,12.849,0.84672,3695.15,0,18.483,0.0880835,3.27915,1.9321,14.0284,1.03965,18.1119,0.42336,0,0,18.483,0.42336,442.007,0,1.02816,0,0,4.30731,3.27915,1.028160,1,0,156.833,0,0,0,156.833,0
67.3732,2.58165,0,0,6.76038,0.31563,0.36288,3.6288,61.308,0.292344,0,0,6.04426,0.241839,5.51008,0.66528,12.849,1,0.519337,0.36288,0,164.298,4.40328,159.738,0.84672,12.849,0.84672,3695.15,0,18.483,0.0881353,5.02826,1.66918,20.3659,1.03366,25.9416,0.42336,0,0,18.483,0.42336,442.007,0,1.02816,0,0,6.05642,5.02826,1.028160,1,0,191.19,0,0,0,191.19,0
69.1224,2.60472,0,0,5.04141,0.324585,0.36288,3.6288,61.308,0.292516,0,0,4.05851,0.241839,3.52416,0.66528,12.849,1,0.496757,0.36288,0,142.238,4.40328,137.701,0.84672,12.849,0.84672,3695.15,0,18.483,0.088187,3.40668,1.66944,13.8762,1.03366,17.8305,0.42336,0,0,18.483,0.42336,442.007,0,1.02816,0,0,4.43484,3.40668,1.028160,1,0,159.055,0,0,0,159.055,0
70.9729,2.61574,0,0,5.16701,0.337958,0.36288,3.6288,61.308,0.292688,0,0,3.57273,0.218054,3.06199,0.66528,12.849,1,0.486233,0.36288,0,140.052,4.35779,135.571,0.84672,12.849,0.84672,3695.15,0,18.483,0.0882388,3.11429,1.6697,13.0177,0.978933,16.7345,0.42336,0,0,18.483,0.42336,442.007,0,1.02816,0,0,4.14245,3.11429,1.028160,1,0,155.367,0,0,0,155.367,0
71.7916,2.62689,0,0,4.12943,0.320933,0.36288,3.6288,61.308,0.292859,0,0,3.18776,0.191137,2.70377,0.66528,12.849,1,0.475575,0.36288,0,112.787,4.26776,108.406,0.84672,12.849,0.84672,3695.15,0,18.483,0.0882906,2.49614,1.66997,10.8507,0.920816,14.0077,0.42336,0,0,18.483,0.42336,442.007,0,1.02816,0,0,3.5243,2.49614,1.028160,1,0,125.118,0,0,0,125.118,0
72.29,2.72807,0,0,5.36528,0.279949,1.85886,3.6288,61.308,0.336589,0,0,4.0295,0.194931,3.49798,0.66528,12.849,1,0.48826,1.85886,0,141.738,4.48287,138.626,0.84672,12.849,0.84672,3695.15,0,18.483,0.101474,3.71793,1.67023,14.4641,0.971714,18.7791,0.42336,0,0,18.483,0.42336,442.007,0,1.02816,0,0,4.74609,3.71793,1.028160,1,0,160.903,0,0,0,160.903,0
72.29,2.73136,0,0,4.22117,0.281012,1.20879,3.6288,61.308,0.336768,0,0,3.59196,0.194931,3.06026,0.66528,12.849,1,0.485479,1.20879,0,109.144,4.48287,105.384,0.84672,12.849,0.84672,3695.15,0,18.483,0.101528,2.72783,1.73555,12.0735,0.971714,15.4637,0.42336,0,0,18.483,0.42336,442.007,0,1.02816,0,0,3.75599,2.72783,1.028160,1,0,123.908,0,0,0,123.908,0
72.2649,2.7318,0,0,3.35054,0.281012,0.36288,3.6288,61.308,0.336947,0,0,2.8082,0.194931,2.27632,0.66528,12.849,1,0.485556,0.36288,0,84.9027,4.48287,80.2971,0.84672,12.849,0.84672,3695.15,0,18.483,0.101582,1.90655,1.73582,9.1228,0.971714,11.6919,0.42336,0,0,18.483,0.42336,442.007,0,1.02816,0,0,2.93471,1.90655,1.028160,1,0,94.2653,0,0,0,94.2653,0
72.1965,2.73209,0,0,3.2623,0.235729,0.36288,3.6288,61.308,0.337126,0,0,2.46151,0.211427,1.91296,0.66528,12.849,1,0.485777,0.36288,0,82.9025,4.51317,78.2665,0.84672,12.849,0.84672,3695.15,0,18.483,0.101636,1.84679,1.7361,10.0932,1.00015,12.5743,0.42336,0,0,18.483,0.42336,442.007,0,1.02816,0,0,2.87495,1.84679,1.028160,1,0,92.7537,0,0,0,92.7537,0
72.29,2.69447,0,0,3.76454,0.186248,0.790278,3.6288,61.308,0.320376,0,0,2.26673,0.202671,1.74368,0.66528,12.849,1,0.479543,0.790278,0,81.1806,3.55204,77.9393,0.84672,12.849,0.84672,3695.15,0,18.483,0.0965862,2.76909,1.73637,10.1761,1.06833,13.5166,0.42336,0,0,18.483,0.42336,442.007,0,1.02816,0,0,3.79725,2.76909,1.028160,1,0,93.1996,0,0,0,93.1996,0
72.1864,2.69543,0,0,3.14105,0.18638,0.36288,3.6288,61.308,0.320552,0,0,2.05451,0.202671,1.53128,0.66528,12.849,1,0.479092,0.36288,0,65.6493,3.55204,61.9811,0.84672,12.849,0.84672,3695.15,0,18.483,0.0966393,2.24226,1.71131,8.08756,1.06833,10.8762,0.42336,0,0,18.483,0.42336,442.007,0,1.02816,0,0,3.27042,2.24226,1.028160,1,0,74.3885,0,0,0,74.3885,0
71.727,2.69527,0,0,2.78499,0.186234,0.36288,3.6288,61.308,0.320728,0,0,1.86614,0.202671,1.34274,0.66528,12.849,1,0.479752,0.36288,0,56.8819,3.55204,53.213,0.84672,12.849,0.84672,3695.15,0,18.483,0.0966924,1.8275,1.71158,6.99382,1.06833,9.36788,0.42336,0,0,18.483,0.42336,442.007,0,1.02816,0,0,2.85566,1.8275,1.028160,1,0,63.9236,0,0,0,63.9236,0
71.0132,2.69309,0,0,2.52348,0.181282,0.36288,3.6288,61.308,0.320904,0,0,1.67317,0.196982,1.15528,0.66528,12.849,1,0.482434,0.36288,0,50.1166,3.43408,46.5629,0.84672,12.849,0.84672,3695.15,0,18.483,0.0967455,1.56814,1.71185,6.39691,1.03841,8.54175,0.42336,0,0,18.483,0.42336,442.007,0,1.02816,0,0,2.5963,1.56814,1.028160,1,0,56.26,0,0,0,56.26,0
70.2086,2.81699,0,0,2.533,0.157734,0.36288,3.6288,61.308,0.381151,0,0,1.55132,0.190639,0.97953,0.66528,12.849,1,0.509701,0.36288,0,49.0919,3.99799,44.9471,0.84672,12.849,0.84672,3695.15,0,18.483,0.114909,1.31748,1.71213,6.46974,1.02161,8.36283,0.42336,0,0,18.483,0.42336,442.007,0,1.02816,0,0,2.34564,1.31748,1.028160,1,0,54.2894,0,0,0,54.2894,0
69.5136,2.8125,0,0,2.59737,0.116944,0.36288,3.6288,61.308,0.381337,0,0,1.74401,0.204367,1.15831,0.66528,12.849,1,0.51472,0.36288,0,50.0561,4.61613,45.2881,0.84672,12.849,0.84672,3695.15,0,18.483,0.114965,1.8589,1.80103,7.59663,1.09848,10.0431,0.42336,0,0,18.483,0.42336,442.007,0,1.02816,0,0,2.88706,1.8589,1.028160,1,0,56.4896,0,0,0,56.4896,0
68.6491,2.8086,0,0,2.36126,0.0543087,0.36288,3.6288,61.308,0.381522,0,0,1.47986,0.226896,0.871441,0.66528,12.849,1,0.519146,0.36288,0,47.395,4.91841,42.3203,0.84672,12.849,0.84672,3695.15,0,18.483,0.115021,1.54035,1.80132,6.79614,1.1593,8.86349,0.42336,0,0,18.483,0.42336,442.007,0,1.02816,0,0,2.56851,1.54035,1.028160,1,0,52.0552,0,0,0,52.0552,0
67.5993,2.80354,0,0,2.17052,0.0539448,0.36288,3.6288,61.308,0.381708,0,0,1.19302,0.226896,0.584416,0.66528,12.849,1,0.524736,0.36288,0,43.4548,4.91841,38.3745,0.84672,12.849,0.84672,3695.15,0,18.483,0.115077,1.16289,1.80161,6.15825,1.1593,7.84837,0.42336,0,0,18.483,0.42336,442.007,0,1.02816,0,0,2.19105,1.16289,1.028160,1,0,46.8073,0,0,0,46.8073,0
66.6289,2.79713,0,0,2.25353,0.0638827,0.36288,3.6288,61.308,0.381894,0,0,0.974868,0.251009,0.341965,0.66528,12.849,1,0.531668,0.36288,0,39.1189,5.02398,33.9261,0.84672,12.849,0.84672,3695.15,0,18.483,0.115133,0.973771,1.80189,5.58446,1.23027,7.01472,0.42336,0,0,18.483,0.42336,442.007,0,1.02816,0,0,2.00193,0.973771,1.028160,1,0,41.2828,0,0,0,41.2828,0
65.7794,2.76609,0,0,2.35658,0.0771291,0.36288,3.6288,61.308,0.415122,0,0,0.892028,0.28316,0.193746,0.66528,12.849,1,0.533424,0.36288,0,38.0288,5.16474,32.6935,0.84672,12.849,0.84672,3695.15,0,18.483,0.12515,0.722572,1.80218,5.12456,1.3249,6.19926,0.42336,0,0,18.483,0.42336,442.007,0,1.02816,0,0,1.75073,0.722572,1.028160,1,0,39.0865,0,0,0,39.0865,0
64.7577,2.76076,0,0,2.17852,0.0766096,0.36288,3.6288,61.308,0.415313,0,0,0.862393,0.28316,0.16392,0.66528,12.849,1,0.539272,0.36288,0,37.799,5.16474,32.4579,0.84672,12.849,0.84672,3695.15,0,18.483,0.125208,0.692937,1.8301,5.19629,1.3249,6.26922,0.42336,0,0,18.483,0.42336,442.007,0,1.02816,0,0,1.7211,0.692937,1.028160,1,0,38.8911,0,0,0,38.8911,0
63.5424,2.7541,0,0,1.97773,0.0759849,0.36288,3.6288,61.308,0.415504,0,0,0.814692,0.28316,0.116028,0.66528,12.849,1,0.546459,0.36288,0,36.6757,5.16474,31.3274,0.84672,12.849,0.84672,3695.15,0,18.483,0.125265,0.524111,1.83039,4.88446,1.3249,5.7888,0.42336,0,0,18.483,0.42336,442.007,0,1.02816,0,0,1.55227,0.524111,1.028160,1,0,37.2322,0,0,0,37.2322,0
62.1783,2.74584,0,0,1.81091,0.0663532,0.36288,3.6288,61.308,0.415695,0,0,0.77538,0.305098,0.0545862,0.66528,12.849,1,0.55524,0.36288,0,32.3433,5.44704,26.7039,0.84672,12.849,0.84672,3695.15,0,18.483,0.125323,0.460408,1.83068,4.74353,1.42794,5.48135,0.42336,0,0,18.483,0.42336,442.007,0,1.02816,0,0,1.48857,0.460408,1.028160,1,0,32.2399,0,0,0,32.2399,0
60.5867,2.80003,0,0,1.63017,0.0588052,0.36288,3.6288,61.1637,0.529125,0,0,0.697842,0.312996,0,0.66528,12.849,1,0.578621,0.36288,0,25.301,5.69063,19.3947,0.84672,12.849,0.84672,3695.15,0,18.483,0.159519,0.261274,1.83097,4.09971,1.40596,4.62648,0.42336,0,0,18.483,0.42336,442.007,0,0.919132,0,0,1.18041,0.261274,1.028160,1,0,24.0211,0,0,0,24.0211,0
59.0239,2.78794,0,0,1.64135,0.0533054,0.36288,3.6288,61.0643,0.445305,0,0,0.663077,0.317149,0,0.66528,12.849,1,0.591255,0.36288,0,33.1414,5.72859,27.1844,0.84672,12.849,0.84672,3695.15,0,18.483,0.134566,0.293267,1.87533,4.51284,1.42844,5.11842,0.42336,0,0,18.483,0.42336,442.007,0,1.02816,0,0,1.32143,0.293267,1.028160,1,0,32.3029,0,0,0,32.3029,0
57.3699,2.77552,0,0,1.53691,0.0525304,0.36288,3.6288,60.9187,0.445332,0,0,0.616628,0.31695,0,0.66528,12.849,1,0.604207,0.36288,0,26.6094,5.72859,20.6395,0.84672,12.849,0.84672,3695.15,0,18.483,0.134793,0.268756,1.87563,4.06796,1.42844,4.64911,0.42336,0,0,18.483,0.42336,442.007,0,1.02816,0,0,1.29692,0.268756,1.028160,1,0,25.2886,0,0,0,25.2886,0
55.5929,2.76173,0,0,1.39929,0.0516917,0.36288,3.6288,60.6208,0.566667,0,0,0.585419,0.316657,0,0.66528,12.849,1,0.618537,0.36288,0,24.2508,5.72859,18.2666,0.84672,12.849,0.84672,3695.15,0,18.483,0.171929,0.227405,1.87592,3.79451,1.42844,4.29746,0.42336,0,0,18.483,0.42336,442.007,0,0.869944,0,0,1.09735,0.227405,1.028160,1,0,22.5641,0,0,0,22.5641,0
53.8892,2.9295,0,0,1.64654,0.0578561,0.36288,3.6288,60.3981,0.551114,0,0,0.641596,0.313208,0,0.66528,12.849,1,0.677086,0.36288,0,23.9924,5.9761,17.7021,0.84672,12.849,0.84672,3695.15,0,18.483,0.168032,0.406356,1.87622,4.96743,1.43026,5.65171,0.42336,0,0,18.483,0.42336,442.007,0,1.02816,0,0,1.43452,0.406356,1.028160,1,0,23.3538,0,0,0,23.3538,0
52.3165,2.91268,0,0,1.77224,0.0694006,0.36288,3.6288,60.1746,0.550851,0,0,0.633519,0.306123,0,0.66528,12.849,1,0.69448,0.36288,0,25.6169,6.03088,19.2544,0.84672,12.849,0.84672,3695.15,0,18.483,0.168571,0.348088,2.02584,4.22939,1.40549,5.02927,0.42336,0,0,18.483,0.42336,442.007,0,1.02816,0,0,1.37625,0.348088,1.028160,1,0,24.2837,0,0,0,24.2837,0
50.4109,2.89638,0,0,1.42192,0.068292,0.36288,3.6288,59.7181,0.648964,0,0,0.498156,0.305688,0,0.66528,12.849,1,0.711354,0.36288,0,30.1311,6.03088,23.7517,0.84672,12.849,0.84672,3695.15,0,18.483,0.199333,0.204422,2.02616,3.51333,1.40549,4.13909,0.42336,0,0,18.483,0.42336,442.007,0,0.899562,0,0,1.10398,0.204422,1.028160,1,0,27.8908,0,0,0,27.8908,0
48.7897,2.8754,0,0,1.68401,0.0669488,0.36288,3.6288,59.6239,0.549809,0,0,0.760415,0.3048,0,0.66528,12.849,1,0.732899,0.36288,0,25.8622,6.03088,19.4613,0.84672,12.849,0.84672,3695.15,0,18.483,0.170168,0.63256,2.02649,4.75108,1.40549,5.83448,0.42336,0,0,18.483,0.42336,442.007,0,1.02816,0,0,1.66072,0.63256,1.028160,1,0,25.2958,0,0,0,25.2958,0
46.726,2.85658,0,0,1.23149,0.0757203,0.36288,3.6288,59.2926,0.549815,0,0,0.525842,0.30737,0,0.66528,12.849,1,0.752294,0.36288,0,23.145,6.04959,16.706,0.84672,12.849,0.84672,3695.15,0,18.483,0.170439,0.253143,2.02681,4.52633,1.37312,5.26272,0.42336,0,0,18.483,0.42336,442.007,0,1.02816,0,0,1.2813,0.253143,1.028160,1,0,21.9687,0,0,0,21.9687,0
44.4198,2.70006,0,0,0.859447,0.102645,0.36288,3.6288,58.7807,0.585525,0,0,0.404215,0.330598,0,0.66528,12.849,1,0.742478,0.36288,0,13.3732,6.6881,6.30547,0.84672,12.849,0.84672,3695.15,0,18.483,0.182523,0.204422,2.02713,4.09158,1.52509,4.61552,0.42336,0,0,18.483,0.42336,442.007,0,0.869495,0,0,1.07392,0.204422,1.028160,1,0,10.921,0,0,0,10.921,0
42.1825,2.71463,0,0,0.986334,0.14613,0.36288,3.6288,58.238,0.646161,0,0,0.392272,0.288771,0,0.66528,12.849,1,0.785241,0.36288,0,11.4626,6.3568,4.68344,0.84672,12.849,0.84672,3695.15,0,18.483,0.203179,0.216518,1.9103,2.98231,1.4113,3.49465,0.42336,0,0,18.483,0.42336,442.007,0,0.815478,0,0,1.032,0.216518,1.028160,1,0,8.17808,0,0,0,8.17808,0
40.5292,2.68313,0,0,1.53507,0.142418,0.36288,3.6288,58.1172,0.483479,0,0,0.650391,0.287765,0,0.66528,12.849,1,0.817295,0.36288,0,18.6335,6.3568,11.8222,0.84672,12.849,0.84672,3695.15,0,18.483,0.153442,0.749693,1.94211,5.31975,1.4113,6.44682,0.42336,0,0,18.483,0.42336,442.007,0,1.02816,0,0,1.77785,0.749693,1.028160,1,0,18.2691,0,0,0,18.2691,0
38.7804,2.65824,0,0,1.41202,0.139674,0.36288,3.6288,57.9444,0.483437,0,0,0.598184,0.28754,0,0.66528,12.849,1,0.842743,0.36288,0,33.7611,6.3568,26.9245,0.84672,12.849,0.84672,3695.15,0,18.483,0.153748,0.586958,1.94242,4.49652,1.4113,5.46085,0.42336,0,0,18.483,0.42336,442.007,0,1.02816,0,0,1.61512,0.586958,1.028160,1,0,32.3853,0,0,0,32.3853,0
36.9606,2.56436,0,0,1.24372,0.13627,0.36288,3.6288,57.4937,0.600526,0,0,0.377452,0.227595,0,0.66528,12.849,1,0.84672,0.36288,0,18.0077,4.22003,13.3038,0.84672,12.849,0.84672,3695.15,0,18.483,0.191555,0.216518,1.94273,3.33843,1.05007,4.25605,0.42336,0,0,18.483,0.42336,442.007,0,0.796893,0,0,1.01341,0.216518,1.028160,1,0,17.5598,0,0,0,17.5598,0
34.982,2.50954,0,0,1.02707,0.1333,0.36288,3.6288,57.0674,0.530402,0,0,0.321123,0.217024,0,0.66528,12.849,1,0.84672,0.36288,0,12.9095,3.86389,8.56172,0.84672,12.849,0.84672,3695.15,0,18.483,0.170513,0.216518,1.86688,3.29131,0.989863,4.21433,0.42336,0,0,18.483,0.42336,442.007,0,0.862523,0,0,1.07904,0.216518,1.028160,1,0,12.7761,0,0,0,12.7761,0
34.5904,2.51007,0,0,2.61155,0.130175,0.36288,3.6288,57.4745,0.404512,0,0,1.02809,0.216424,0,0.66528,12.849,1,0.84672,0.36288,0,36.0163,3.86389,31.6685,0.84672,12.849,0.84672,3695.15,0,18.483,0.131013,2.25521,1.83687,7.69185,0.989863,10.6631,0.42336,0,0,18.483,0.42336,442.007,0,1.02816,0,0,3.28337,2.25521,1.028160,1,0,42.3316,0,0,0,42.3316,0
34.6448,2.5106,0,0,3.07313,0.145185,0.36288,3.6288,58.1935,0.405401,0,0,1.32606,0.201714,0,0.66528,12.849,1,0.84672,0.36288,0,42.9717,3.64625,38.8416,0.84672,12.849,0.84672,3695.15,0,18.483,0.130371,1.1137,1.83717,7.79292,0.92821,9.6852,0.42336,0,0,18.483,0.42336,442.007,0,1.02816,0,0,2.14186,1.1137,1.028160,1,0,48.5268,0,0,0,48.5268,0
34.9785,2.26495,0,0,3.13636,0.174884,0.36288,3.6288,58.6469,0.287568,0,0,0.953264,0.212328,0,0.66528,12.849,1,0.84002,0.36288,0,39.9503,4.05332,35.4199,0.84672,12.849,0.84672,3695.15,0,18.483,0.0913353,1.40009,1.83746,6.23454,0.999163,8.38158,0.42336,0,0,18.483,0.42336,442.007,0,1.02816,0,0,2.42825,1.40009,1.028160,1,0,43.8015,0,0,0,43.8015,0
36.1283,2.27117,0,0,3.9649,0.181006,0.36288,3.6288,59.4779,0.288274,0,0,1.35601,0.236696,0,0.66528,12.849,1,0.834292,0.36288,0,66.3773,4.64667,61.2592,0.84672,12.849,0.84672,3695.15,0,18.483,0.0908518,2.83197,1.66897,10.8099,1.18671,14.0332,0.42336,0,0,18.483,0.42336,442.007,0,1.02816,0,0,3.86013,2.83197,1.028160,1,0,75.2925,0,0,0,75.2925,0
35.7693,2.29112,0,0,2.47477,0.179782,0.36288,3.6288,59.598,0.289413,0,0,0.630526,0.220994,0,0.66528,12.849,1,0.814834,0.36288,0,39.7646,4.33422,34.9785,0.84672,12.849,0.84672,3695.15,0,18.483,0.0899362,1.0753,1.66923,5.68128,1.09686,7.23902,0.42336,0,0,18.483,0.42336,442.007,0,1.02816,0,0,2.10346,1.0753,1.028160,1,0,42.2175,0,0,0,42.2175,0
35.2259,2.28547,0,0,2.27462,0.169677,0.36288,3.6288,59.714,0.289721,0,0,0.584379,0.178715,0,0.66528,12.849,1,0.820981,0.36288,0,40.4292,3.5531,36.418,0.84672,12.849,0.84672,3695.15,0,18.483,0.0898506,0.594467,1.6695,5.28442,0.872217,6.58632,0.42336,0,0,18.483,0.42336,442.007,0,1.02816,0,0,1.62263,0.594467,1.028160,1,0,43.0044,0,0,0,43.0044,0
34.1716,2.27655,0,0,1.75987,0.174745,0.36288,3.6288,60.2534,0.290025,0,0,1.01587,0.186382,0,0.66528,12.849,1,0.830393,0.36288,0,37.5062,3.71424,33.3244,0.84672,12.849,0.84672,3695.15,0,18.483,0.0897701,0.624439,1.66976,5.57766,0.938504,6.84358,0.42336,0,0,18.483,0.42336,442.007,0,1.02816,0,0,1.6526,0.624439,1.028160,1,0,40.168,0,0,0,40.168,0
33.9883,2.30518,0,0,2.69381,0.209096,0.36288,3.6288,61.308,0.307298,0,0,1.87067,0.232385,0.276409,0.66528,12.849,1,0.84672,0.36288,0,48.0141,4.68111,42.8492,0.84672,12.849,0.84672,3695.15,0,18.483,0.094265,2.07435,1.67003,20.4084,1.33623,22.7223,0.42336,0,0,18.483,0.42336,442.007,0,1.02816,0,0,3.10251,2.07435,1.028160,1,0,65.8478,0,0,0,65.8478,0
40.2358,2.30565,0,0,9.12464,0.208626,0.36288,3.6288,61.308,0.308707,0,0,3.49895,0.233944,2.9563,0.66528,12.849,1,0.84672,0.36288,0,146.975,4.68111,141.81,0.84672,12.849,0.84672,3695.15,0,18.483,0.0930684,5.34975,1.69527,17.2066,1.33623,22.8224,0.42336,0,0,18.483,0.42336,442.007,0,1.02816,0,0,6.37791,5.34975,1.028160,1,0,167.589,0,0,0,167.589,0
43.5814,2.42978,0,0,6.36822,0.229914,0.36288,3.6288,61.308,0.3273,0,0,3.57397,0.225172,3.0215,0.66528,12.849,1,0.775933,0.36288,0,198.832,4.20156,194.218,0.84672,12.849,0.84672,3695.15,0,18.483,0.0986736,5.18468,1.69552,12.8225,1.20713,18.3969,0.42336,0,0,18.483,0.42336,442.007,0,1.02816,0,0,6.21284,5.18468,1.028160,1,0,215.636,0,0,0,215.636,0
44.3424,2.47615,0,0,3.84129,0.241261,0.36288,3.6288,61.308,0.327466,0,0,2.49307,0.221663,1.94394,0.66528,12.849,1,0.730038,0.36288,0,81.8096,4.00974,77.4327,0.84672,12.849,0.84672,3695.15,0,18.483,0.0987237,3.32629,1.72421,9.38053,1.15549,13.1768,0.42336,0,0,18.483,0.42336,442.007,0,1.02816,0,0,4.35445,3.32629,1.028160,1,0,92.5534,0,0,0,92.5534,0
44.5375,2.77375,0,0,3.55615,0.224385,0.36288,3.6288,61.308,0.479644,0,0,2.12477,0.244965,1.40017,0.66528,12.849,1,0.803742,0.36288,0,69.9876,4.16116,65.3856,0.84672,12.849,0.84672,3695.15,0,18.483,0.144602,1.84512,1.72447,8.21569,1.09302,10.5477,0.42336,0,0,18.483,0.42336,442.007,0,1.02816,0,0,2.87328,1.84512,1.028160,1,0,77.3334,0,0,0,77.3334,0
45.0032,2.77689,0,0,3.82268,0.217274,0.36288,3.6288,61.308,0.479832,0,0,2.4175,0.254286,1.68338,0.66528,12.849,1,0.801128,0.36288,0,73.2413,4.22173,68.5813,0.84672,12.849,0.84672,3695.15,0,18.483,0.144659,1.86443,1.94707,9.96468,1.06803,12.5635,0.42336,0,0,18.483,0.42336,442.007,0,1.02816,0,0,2.89259,1.86443,1.028160,1,0,82.8282,0,0,0,82.8282,0
45.6396,2.73858,0,0,3.97713,0.23921,0.36288,3.6288,61.308,0.459412,0,0,2.81122,0.240936,2.11087,0.66528,12.849,1,0.781901,0.36288,0,76.3932,4.21741,71.7567,0.84672,12.849,0.84672,3695.15,0,18.483,0.138503,2.42591,1.94736,11.1358,1.0826,14.2879,0.42336,0,0,18.483,0.42336,442.007,0,1.02816,0,0,3.45407,2.42591,1.028160,1,0,88.1555,0,0,0,88.1555,0
46.6316,2.7475,0,0,4.35897,0.256631,0.36288,3.6288,61.308,0.459598,0,0,2.91144,0.230923,2.22092,0.66528,12.849,1,0.773507,0.36288,0,67.3526,4.21418,62.7278,0.84672,12.849,0.84672,3695.15,0,18.483,0.138558,3.04405,1.91604,11.8498,1.09352,15.5779,0.42336,0,0,18.483,0.42336,442.007,0,1.02816,0,0,4.07221,3.04405,1.028160,1,0,80.5266,0,0,0,80.5266,0
48.4402,2.37109,0,0,4.78437,0.241769,0.36288,3.6288,61.308,0.265622,0,0,2.13437,0.260332,1.60842,0.66528,12.849,1,0.653337,0.36288,0,84.6737,4.3644,80.0189,0.84672,12.849,0.84672,3695.15,0,18.483,0.080079,2.56971,1.91633,11.3651,1.02159,14.7495,0.42336,0,0,18.483,0.42336,442.007,0,1.02816,0,0,3.59787,2.56971,1.028160,1,0,96.3768,0,0,0,96.3768,0
49.8818,2.47092,0,0,4.51478,0.239386,0.36288,3.6288,61.308,0.301192,0,0,1.71559,0.272095,1.14231,0.66528,12.849,1,0.655422,0.36288,0,90.3139,4.42449,85.5969,0.84672,12.849,0.84672,3695.15,0,18.483,0.0908027,2.26152,1.62822,10.754,0.992825,13.5601,0.42336,0,0,18.483,0.42336,442.007,0,1.02816,0,0,3.28968,2.26152,1.028160,1,0,100.299,0,0,0,100.299,0
51.3802,2.48635,0,0,4.59068,0.243123,0.36288,3.6288,61.308,0.301354,0,0,1.50916,0.272095,0.935708,0.66528,12.849,1,0.640455,0.36288,0,92.1698,4.42449,87.4677,0.84672,12.849,0.84672,3695.15,0,18.483,0.0908516,2.42133,1.68309,9.54107,0.992825,12.5618,0.42336,0,0,18.483,0.42336,442.007,0,1.02816,0,0,3.44949,2.42133,1.028160,1,0,100.965,0,0,0,100.965,0
52.4547,2.50166,0,0,4.18602,0.24698,0.36288,3.6288,61.308,0.301516,0,0,1.7277,0.272095,1.15409,0.66528,12.849,1,0.625608,0.36288,0,83.6741,4.42449,78.9869,0.84672,12.849,0.84672,3695.15,0,18.483,0.0909004,2.44125,1.68334,11.9022,0.992825,14.9431,0.42336,0,0,18.483,0.42336,442.007,0,1.02816,0,0,3.46941,2.44125,1.028160,1,0,95.084,0,0,0,95.084,0
55.2586,2.51233,0,0,5.95163,0.272453,0.36288,3.6288,61.308,0.301678,0,0,2.32068,0.211408,1.80759,0.66528,12.849,1,0.615405,0.36288,0,119.023,3.83403,114.936,0.84672,12.849,0.84672,3695.15,0,18.483,0.0909493,2.56027,1.68359,13.7708,0.765279,17.1584,0.42336,0,0,18.483,0.42336,442.007,0,1.02816,0,0,3.58843,2.56027,1.028160,1,0,133.902,0,0,0,133.902,0
55.9738,2.63077,0,0,4.00332,0.294451,0.36288,3.6288,61.308,0.345753,0,0,1.74552,0.202119,1.19765,0.66528,12.849,1,0.61172,0.36288,0,68.5289,3.9501,64.33,0.84672,12.849,0.84672,3695.15,0,18.483,0.104237,2.0593,1.68384,7.51706,0.779213,10.3767,0.42336,0,0,18.483,0.42336,442.007,0,1.02816,0,0,3.08746,2.0593,1.028160,1,0,75.9044,0,0,0,75.9044,0
55.6848,2.63752,0,0,3.00795,0.296561,0.36288,3.6288,61.308,0.345922,0,0,1.36128,0.202119,0.813235,0.66528,12.849,1,0.605453,0.36288,0,44.0829,3.9501,39.8902,0.84672,12.849,0.84672,3695.15,0,18.483,0.104288,1.32077,1.74966,6.78646,0.779213,8.97339,0.42336,0,0,18.483,0.42336,442.007,0,1.02816,0,0,2.34893,1.32077,1.028160,1,0,49.6769,0,0,0,49.6769,0
55.1063,2.63536,0,0,2.68678,0.267039,0.36288,3.6288,61.308,0.34609,0,0,1.20741,0.191932,0.669383,0.66528,12.849,1,0.608097,0.36288,0,45.6308,3.40812,41.9774,0.84672,12.849,0.84672,3695.15,0,18.483,0.104339,1.11011,1.74992,6.43166,0.716846,8.47051,0.42336,0,0,18.483,0.42336,442.007,0,1.02816,0,0,2.13827,1.11011,1.028160,1,0,51.1173,0,0,0,51.1173,0
54.7099,2.63057,0,0,2.82452,0.227494,0.36288,3.6288,61.308,0.346259,0,0,1.23511,0.178349,0.710497,0.66528,12.849,1,0.613364,0.36288,0,47.2612,2.68548,44.3253,0.84672,12.849,0.84672,3695.15,0,18.483,0.104389,1.0797,1.75018,6.45665,0.63369,8.54845,0.42336,0,0,18.483,0.42336,442.007,0,1.02816,0,0,2.10786,1.0797,1.028160,1,0,53.5842,0,0,0,53.5842,0
54.2636,2.59115,0,0,2.73827,0.230561,0.36288,3.6288,61.308,0.329362,0,0,1.34803,0.174275,0.844393,0.66528,12.849,1,0.60855,0.36288,0,49.9806,4.18419,45.5507,0.84672,12.849,0.84672,3695.15,0,18.483,0.0992955,0.941233,1.75044,6.27745,0.967386,7.90245,0.42336,0,0,18.483,0.42336,442.007,0,1.02816,0,0,1.96939,0.941233,1.028160,1,0,54.2976,0,0,0,54.2976,0
53.3038,2.58749,0,0,2.25586,0.265266,0.36288,3.6288,61.308,0.329529,0,0,1.21887,0.195204,0.694138,0.66528,12.849,1,0.612688,0.36288,0,40.1905,4.47048,35.4702,0.84672,12.849,0.84672,3695.15,0,18.483,0.0993455,0.636725,1.72516,5.44399,0.99652,6.71001,0.42336,0,0,18.483,0.42336,442.007,0,1.02816,0,0,1.66488,0.636725,1.028160,1,0,42.8744,0,0,0,42.8744,0
52.2517,2.57898,0,0,2.06906,0.179284,0.36288,3.6288,61.308,0.329695,0,0,1.04378,0.240982,0.473105,0.66528,12.849,1,0.62167,0.36288,0,36.6911,4.8741,31.5583,0.84672,12.849,0.84672,3695.15,0,18.483,0.0993956,0.502995,1.72542,5.07368,1.02062,6.18207,0.42336,0,0,18.483,0.42336,442.007,0,1.02816,0,0,1.53115,0.502995,1.028160,1,0,38.2134,0,0,0,38.2134,0
51.1549,2.56932,0,0,2.0128,0.177356,0.36288,3.6288,61.308,0.329861,0,0,1.15132,0.240982,0.58048,0.66528,12.849,1,0.631811,0.36288,0,35.4606,4.8741,30.3176,0.84672,12.849,0.84672,3695.15,0,18.483,0.0994458,0.671069,1.72567,5.8826,1.02062,7.15928,0.42336,0,0,18.483,0.42336,442.007,0,1.02816,0,0,1.69923,0.671069,1.028160,1,0,38.0574,0,0,0,38.0574,0
49.7573,2.68026,0,0,1.81743,0.171931,0.36288,3.6288,61.308,0.390581,0,0,0.997021,0.249429,0.357011,0.66528,12.849,1,0.673222,0.36288,0,30.4652,5.09118,25.0636,0.84672,12.849,0.84672,3695.15,0,18.483,0.117752,0.512369,1.72593,4.89257,1.07249,5.94063,0.42336,0,0,18.483,0.42336,442.007,0,1.02816,0,0,1.54053,0.512369,1.028160,1,0,31.3613,0,0,0,31.3613,0
48.2289,2.66562,0,0,1.66697,0.166896,0.36288,3.6288,61.308,0.390757,0,0,0.952309,0.255764,0.305788,0.66528,12.849,1,0.688353,0.36288,0,27.9548,5.25399,22.3753,0.84672,12.849,0.84672,3695.15,0,18.483,0.117804,0.466318,1.81554,4.51075,1.1114,5.5634,0.42336,0,0,18.483,0.42336,442.007,0,1.02816,0,0,1.49448,0.466318,1.028160,1,0,28.2445,0,0,0,28.2445,0
46.6693,2.64879,0,0,1.61624,0.164169,0.36288,3.6288,61.308,0.391158,0,0,0.870877,0.255764,0.223955,0.66528,12.849,1,0.705683,0.36288,0,25.6998,5.25399,20.103,0.84672,12.849,0.84672,3695.15,0,18.483,0.117925,0.30119,1.81581,4.1955,1.1114,5.08317,0.42336,0,0,18.483,0.42336,442.007,0,1.02787,0,0,1.32906,0.30119,1.028160,1,0,25.4101,0,0,0,25.4101,0
44.9755,2.63069,0,0,1.4384,0.138618,0.36288,3.6288,61.308,0.434278,0,0,0.826606,0.274651,0.117677,0.66528,12.849,1,0.724282,0.36288,0,22.7358,5.46819,16.9062,0.84672,12.849,0.84672,3695.15,0,18.483,0.130925,0.30119,1.81608,4.08132,1.16612,4.90154,0.42336,0,0,18.483,0.42336,442.007,0,0.971974,0,0,1.27316,0.30119,1.028160,1,0,21.9254,0,0,0,21.9254,0
43.4804,2.60986,0,0,1.59089,0.113208,0.36288,3.6288,61.308,0.391283,0,0,0.887527,0.283214,0.21303,0.66528,12.849,1,0.745608,0.36288,0,24.9105,5.49129,19.0365,0.84672,12.849,0.84672,3695.15,0,18.483,0.117963,0.472764,1.81634,4.10422,1.23921,5.03616,0.42336,0,0,18.483,0.42336,442.007,0,1.02816,0,0,1.50092,0.472764,1.028160,1,0,24.2857,0,0,0,24.2857,0
42.5412,2.56726,0,0,2.08735,0.0964101,0.36288,3.6288,61.308,0.424764,0,0,1.08076,0.269208,0.386788,0.66528,12.849,1,0.758655,0.36288,0,32.2069,5.14741,26.6637,0.84672,12.849,0.84672,3695.15,0,18.483,0.128057,1.11123,1.81661,4.42243,1.3193,5.90292,0.42336,0,0,18.483,0.42336,442.007,0,1.02816,0,0,2.13939,1.11123,1.028160,1,0,32.9534,0,0,0,32.9534,0
41.4828,2.55477,0,0,1.9546,0.0953708,0.36288,3.6288,61.308,0.424944,0,0,1.02744,0.269208,0.333291,0.66528,12.849,1,0.771634,0.36288,0,32.1648,5.14741,26.6086,0.84672,12.849,0.84672,3695.15,0,18.483,0.128111,0.982109,1.84474,4.54479,1.3193,5.92422,0.42336,0,0,18.483,0.42336,442.007,0,1.02816,0,0,2.01027,0.982109,1.028160,1,0,32.8662,0,0,0,32.8662,0
40.2632,2.54012,0,0,1.77762,0.0941995,0.36288,3.6288,61.308,0.425125,0,0,1.00189,0.269208,0.307553,0.66528,12.849,1,0.786782,0.36288,0,31.5352,5.14741,25.9639,0.84672,12.849,0.84672,3695.15,0,18.483,0.128166,0.956085,1.84502,4.35472,1.3193,5.70835,0.42336,0,0,18.483,0.42336,442.007,0,1.02816,0,0,1.98425,0.956085,1.028160,1,0,31.9798,0,0,0,31.9798,0
38.8985,2.52242,0,0,1.61345,0.0928499,0.36288,3.6288,61.308,0.425305,0,0,0.93992,0.269208,0.245407,0.66528,12.849,1,0.804968,0.36288,0,28.1006,5.14741,22.5111,0.84672,12.849,0.84672,3695.15,0,18.483,0.12822,0.732309,1.84529,4.21262,1.3193,5.3427,0.42336,0,0,18.483,0.42336,442.007,0,1.02816,0,0,1.76047,0.732309,1.028160,1,0,28.0992,0,0,0,28.0992,0
37.538,2.55995,0,0,1.63928,0.0769866,0.36288,3.6288,61.308,0.455186,0,0,1.00895,0.316348,0.237419,0.66528,12.849,1,0.845604,0.36288,0,31.0778,6.03664,24.5585,0.84672,12.849,0.84672,3695.15,0,18.483,0.137229,0.585775,1.84556,3.6938,1.50387,4.48404,0.42336,0,0,18.483,0.42336,442.007,0,1.02816,0,0,1.61393,0.585775,1.028160,1,0,29.2799,0,0,0,29.2799,0
36.137,2.45514,0,0,1.49437,0.0773633,0.36288,3.6288,61.308,0.414954,0,0,0.838573,0.311408,0.112211,0.66528,12.849,1,0.840377,0.36288,0,24.9743,6.02017,18.4766,0.84672,12.849,0.84672,3695.15,0,18.483,0.125099,0.631109,1.89026,3.45288,1.47452,4.37462,0.42336,0,0,18.483,0.42336,442.007,0,1.02816,0,0,1.65927,0.631109,1.028160,1,0,22.9634,0,0,0,22.9634,0
34.6171,2.44929,0,0,1.36833,0.0760877,0.36288,3.6288,61.308,0.415132,0,0,0.776719,0.311408,0.0501786,0.66528,12.849,1,0.84672,0.36288,0,23.7378,6.02017,17.2338,0.84672,12.849,0.84672,3695.15,0,18.483,0.125153,0.390234,1.82918,3.03504,1.47452,3.65478,0.42336,0,0,18.483,0.42336,442.007,0,1.02816,0,0,1.41839,0.390234,1.028160,1,0,20.9387,0,0,0,20.9387,0
33.3481,2.28391,0,0,1.44574,0.0679688,0.36288,3.6288,61.308,0.354667,0,0,0.891657,0.316588,0.220402,0.66528,12.849,1,0.84672,0.36288,0,23.2812,6.16973,16.6276,0.84672,12.849,0.84672,3695.15,0,18.483,0.106924,0.673911,1.82945,4.01498,1.5044,4.90702,0.42336,0,0,18.483,0.42336,442.007,0,1.02816,0,0,1.70207,0.673911,1.028160,1,0,21.755,0,0,0,21.755,0
31.5729,2.49349,0,0,1.15404,0.0728097,0.36288,3.6288,61.308,0.453402,0,0,0.757586,0.28173,0.022454,0.66528,12.849,1,0.84672,0.36288,0,18.7107,6.10148,12.1254,0.84672,12.849,0.84672,3695.15,0,18.483,0.136691,0.546644,1.73766,3.65124,1.48035,4.31851,0.42336,0,0,18.483,0.42336,442.007,0,1.02816,0,0,1.5748,0.546644,1.028160,1,0,16.4663,0,0,0,16.4663,0
29.3849,2.49399,0,0,0.747334,0.078525,0.36288,3.6288,61.1306,0.453587,0,0,0.565354,0.28918,0,0.66528,12.849,1,0.84672,0.36288,0,13.0455,6.07299,6.48871,0.84672,12.849,0.84672,3695.15,0,18.483,0.136746,0.289898,1.87622,2.98595,1.42059,3.59473,0.42336,0,0,18.483,0.42336,442.007,0,1.02816,0,0,1.31806,0.289898,1.028160,1,0,10.0834,0,0,0,10.0834,0
27.6342,2.49448,0,0,1.19604,0.0893756,0.36288,3.6288,61.0874,0.453466,0,0,0.694812,0.28457,0,0.66528,12.849,1,0.84672,0.36288,0,21.6726,5.95425,15.2345,0.84672,12.849,0.84672,3695.15,0,18.483,0.137107,0.573126,1.8765,3.25495,1.40603,4.16143,0.42336,0,0,18.483,0.42336,442.007,0,1.02816,0,0,1.60129,0.573126,1.028160,1,0,19.3959,0,0,0,19.3959,0
26.1878,2.49498,0,0,1.4991,0.0875765,0.36288,3.6288,61.2054,0.453576,0,0,0.847316,0.275681,0,0.66528,12.849,1,0.84672,0.36288,0,25.8466,6.09434,19.2685,0.84672,12.849,0.84672,3695.15,0,18.483,0.137237,0.543767,1.87677,3.1923,1.39201,4.08359,0.42336,0,0,18.483,0.42336,442.007,0,1.02816,0,0,1.57193,0.543767,1.028160,1,0,23.3521,0,0,0,23.3521,0
25.0174,2.49547,0,0,1.77172,0.0838253,0.36288,3.6288,61.308,0.453964,0,0,1.06089,0.2683,0.236046,0.66528,12.849,1,0.84672,0.36288,0,22.4041,6.01557,15.9047,0.84672,12.849,0.84672,3695.15,0,18.483,0.137089,1.28832,1.87705,3.96081,1.3556,5.63349,0.42336,0,0,18.483,0.42336,442.007,0,1.02816,0,0,2.31648,1.28832,1.028160,1,0,21.7743,0,0,0,21.7743,0
24.3598,2.39398,0,0,2.17887,0.0795793,0.36288,3.6288,61.308,0.394455,0,0,1.58697,0.228529,0.963985,0.66528,12.849,1,0.84672,0.36288,0,36.5341,5.31384,30.7364,0.84672,12.849,0.84672,3695.15,0,18.483,0.118919,1.86066,1.87733,5.87267,1.14025,8.35149,0.42336,0,0,18.483,0.42336,442.007,0,1.02816,0,0,2.88882,1.86066,1.028160,1,0,40.0519,0,0,0,40.0519,0
23.9121,2.39446,0,0,2.3885,0.0788282,0.36288,3.6288,61.308,0.394631,0,0,1.80335,0.228529,1.18019,0.66528,12.849,1,0.84672,0.36288,0,43.2476,5.31384,37.4499,0.84672,12.849,0.84672,3695.15,0,18.483,0.118972,1.94723,1.7983,6.10674,1.14025,8.59305,0.42336,0,0,18.483,0.42336,442.007,0,1.02816,0,0,2.97539,1.94723,1.028160,1,0,47.2232,0,0,0,47.2232,0
23.4974,2.39494,0,0,2.42143,0.0783168,0.36288,3.6288,61.308,0.394806,0,0,1.49119,0.228529,0.867859,0.66528,12.849,1,0.84672,0.36288,0,42.5724,5.31384,36.7747,0.84672,12.849,0.84672,3695.15,0,18.483,0.119025,1.73582,1.79856,5.51172,1.14025,7.78682,0.42336,0,0,18.483,0.42336,442.007,0,1.02816,0,0,2.76398,1.73582,1.028160,1,0,45.4294,0,0,0,45.4294,0
22.7203,2.39542,0,0,2.09171,0.110518,0.36288,3.6288,61.308,0.394982,0,0,1.50401,0.193642,0.915384,0.66528,12.849,1,0.84672,0.36288,0,50.1297,4.99422,44.6517,0.84672,12.849,0.84672,3695.15,0,18.483,0.119078,1.70004,1.79883,6.27107,1.02057,8.63029,0.42336,0,0,18.483,0.42336,442.007,0,1.02816,0,0,2.7282,1.70004,1.028160,1,0,54.1973,0,0,0,54.1973,0
23.0855,2.47949,0,0,3.34943,0.141838,0.36288,3.6288,61.308,0.400529,0,0,2.11758,0.201707,1.51534,0.66528,12.849,1,0.84672,0.36288,0,68.0621,4.23846,63.3398,0.84672,12.849,0.84672,3695.15,0,18.483,0.120751,2.38385,1.7991,9.29825,0.92717,12.4333,0.42336,0,0,18.483,0.42336,442.007,0,1.02816,0,0,3.41201,2.38385,1.028160,1,0,77.2884,0,0,0,77.2884,0
23.9704,2.47999,0,0,3.85884,0.131053,0.36288,3.6288,61.308,0.400706,0,0,2.38946,0.229499,1.75926,0.66528,12.849,1,0.84672,0.36288,0,131.853,3.76236,127.607,0.84672,12.849,0.84672,3695.15,0,18.483,0.120804,2.58189,1.82043,11.9604,0.932915,15.309,0.42336,0,0,18.483,0.42336,442.007,0,1.02816,0,0,3.61005,2.58189,1.028160,1,0,144.675,0,0,0,144.675,0
23.5472,2.31307,0,0,2.38546,0.132728,0.36288,3.6288,61.308,0.340964,0,0,1.42498,0.229499,0.854515,0.66528,12.849,1,0.84672,0.36288,0,48.0829,3.76236,43.8367,0.84672,12.849,0.84672,3695.15,0,18.483,0.102793,1.1242,1.8207,8.18217,0.932915,10.0914,0.42336,0,0,18.483,0.42336,442.007,0,1.02816,0,0,2.15236,1.1242,1.028160,1,0,54.7826,0,0,0,54.7826,0
24.2335,2.31354,0,0,3.55193,0.18928,0.36288,3.6288,61.308,0.341132,0,0,2.71343,0.207766,2.16453,0.66528,12.849,1,0.84672,0.36288,0,65.2116,3.73599,60.9918,0.84672,12.849,0.84672,3695.15,0,18.483,0.102844,2.76387,1.72935,9.79318,0.902872,13.2807,0.42336,0,0,18.483,0.42336,442.007,0,1.02816,0,0,3.79203,2.76387,1.028160,1,0,76.437,0,0,0,76.437,0
25.0089,2.07597,0,0,3.41431,0.199969,0.36288,3.6288,61.308,0.227665,0,0,2.92719,0.230366,2.46916,0.66528,12.849,1,0.84672,0.36288,0,72.1224,4.16503,67.4735,0.84672,12.849,0.84672,3695.15,0,18.483,0.0686359,3.07525,1.72961,12.3686,1.04506,16.0598,0.42336,0,0,18.483,0.42336,442.007,0,1.02816,0,0,4.10341,3.07525,1.028160,1,0,86.0024,0,0,0,86.0024,0
25.7268,2.07641,0,0,3.35816,0.201042,0.36288,3.6288,61.308,0.227816,0,0,2.45238,0.26533,1.95923,0.66528,12.849,1,0.84672,0.36288,0,53.515,4.74295,48.2882,0.84672,12.849,0.84672,3695.15,0,18.483,0.0686814,2.5267,1.57099,9.80847,1.24132,12.5962,0.42336,0,0,18.483,0.42336,442.007,0,1.02816,0,0,3.55486,2.5267,1.028160,1,0,62.8436,0,0,0,62.8436,0
26.6058,2.07684,0,0,3.5219,0.203114,0.36288,3.6288,61.308,0.227967,0,0,3.31005,0.26533,2.81676,0.66528,12.849,1,0.84672,0.36288,0,64.5108,4.74295,59.284,0.84672,12.849,0.84672,3695.15,0,18.483,0.0687269,4.0926,1.57122,14.2087,1.24132,18.5624,0.42336,0,0,18.483,0.42336,442.007,0,1.02816,0,0,5.12076,4.0926,1.028160,1,0,80.6632,0,0,0,80.6632,0
26.1616,2.07727,0,0,2.19827,0.202336,0.36288,3.6288,61.308,0.228118,0,0,1.53914,0.248165,1.06286,0.66528,12.849,1,0.84672,0.36288,0,38.6468,4.43051,33.7325,0.84672,12.849,0.84672,3695.15,0,18.483,0.0687724,1.76225,1.57146,7.46756,1.15147,9.58103,0.42336,0,0,18.483,0.42336,442.007,0,1.02816,0,0,2.79041,1.76225,1.028160,1,0,44.3763,0,0,0,44.3763,0
25.5487,2.07771,0,0,2.02048,0.192841,0.36288,3.6288,61.308,0.228269,0,0,1.4265,0.205252,0.992978,0.66528,12.849,1,0.84672,0.36288,0,39.2927,3.64938,35.1595,0.84672,12.849,0.84672,3695.15,0,18.483,0.0688179,1.12437,1.57169,6.94592,0.926829,8.64634,0.42336,0,0,18.483,0.42336,442.007,0,1.02816,0,0,2.15253,1.12437,1.028160,1,0,44.7988,0,0,0,44.7988,0
24.2217,2.16975,0,0,1.35817,0.152522,0.36288,3.6288,61.308,0.261343,0,0,1.04392,0.191841,0.590741,0.66528,12.849,1,0.84672,0.36288,0,35.5906,3.40347,31.7033,0.84672,12.849,0.84672,3695.15,0,18.483,0.0787891,0.879924,1.57192,4.39871,0.961579,5.81019,0.42336,0,0,18.483,0.42336,442.007,0,1.02816,0,0,1.90808,0.879924,1.028160,1,0,38.1042,0,0,0,38.1042,0
24.1961,2.17017,0,0,2.65706,0.149638,0.36288,3.6288,61.308,0.261489,0,0,1.20536,0.191841,0.752028,0.66528,12.849,1,0.84672,0.36288,0,53.8679,3.40347,49.9806,0.84672,12.849,0.84672,3695.15,0,18.483,0.078833,1.10766,1.62243,7.60056,0.961579,9.29024,0.42336,0,0,18.483,0.42336,442.007,0,1.02816,0,0,2.13582,1.10766,1.028160,1,0,60.0228,0,0,0,60.0228,0
25.1896,2.17059,0,0,3.71186,0.18487,0.36288,3.6288,61.308,0.261634,0,0,1.16513,0.197713,0.705782,0.66528,12.849,1,0.84672,0.36288,0,83.2723,3.74037,79.0481,0.84672,12.849,0.84672,3695.15,0,18.483,0.0788769,1.03519,1.62265,7.73077,1.15008,9.15966,0.42336,0,0,18.483,0.42336,442.007,0,1.02816,0,0,2.06335,1.03519,1.028160,1,0,88.9136,0,0,0,88.9136,0
24.7833,2.171,0,0,2.32941,0.201856,0.36288,3.6288,61.308,0.26178,0,0,1.1309,0.200062,0.669056,0.66528,12.849,1,0.84672,0.36288,0,66.2212,3.87513,61.8622,0.84672,12.849,0.84672,3695.15,0,18.483,0.0789209,0.999311,1.62288,5.62162,1.22548,6.9394,0.42336,0,0,18.483,0.42336,442.007,0,1.02816,0,0,2.02747,0.999311,1.028160,1,0,69.4707,0,0,0,69.4707,0
23.8365,2.4658,0,0,2.06118,0.179243,0.36288,3.6288,61.308,0.385609,0,0,1.70462,0.183045,1.13597,0.66528,12.849,1,0.84672,0.36288,0,48.5101,3.77685,44.2494,0.84672,12.849,0.84672,3695.15,0,18.483,0.116253,2.51306,1.6231,6.76789,1.15813,9.62967,0.42336,0,0,18.483,0.42336,442.007,0,1.02816,0,0,3.54122,2.51306,1.028160,1,0,55.015,0,0,0,55.015,0
22.5639,2.46626,0,0,1.71748,0.160938,0.36288,3.6288,61.308,0.385772,0,0,1.01179,0.170283,0.455732,0.66528,12.849,1,0.84672,0.36288,0,38.7549,3.70314,34.5679,0.84672,12.849,0.84672,3695.15,0,18.483,0.116302,1.42015,1.80286,6.41224,1.10762,8.41133,0.42336,0,0,18.483,0.42336,442.007,0,1.02816,0,0,2.44831,1.42015,1.028160,1,0,43.435,0,0,0,43.435,0
21.7247,2.46672,0,0,2.14847,0.158112,0.36288,3.6288,61.308,0.385935,0,0,1.04302,0.170283,0.486803,0.66528,12.849,1,0.84672,0.36288,0,49.9894,3.70314,45.8024,0.84672,12.849,0.84672,3695.15,0,18.483,0.116351,1.15864,1.80311,5.89585,1.10762,7.63363,0.42336,0,0,18.483,0.42336,442.007,0,1.02816,0,0,2.1868,1.15864,1.028160,1,0,53.9229,0,0,0,53.9229,0
20.4947,2.46718,0,0,1.73907,0.138921,0.36288,3.6288,61.308,0.386098,0,0,0.985772,0.180582,0.419093,0.66528,12.849,1,0.84672,0.36288,0,38.7355,3.64067,34.6109,0.84672,12.849,0.84672,3695.15,0,18.483,0.1164,0.797368,1.80336,5.33757,1.06578,6.75612,0.42336,0,0,18.483,0.42336,442.007,0,1.02816,0,0,1.82553,0.797368,1.028160,1,0,41.7862,0,0,0,41.7862,0
21.1811,1.6392,0,0,2.85016,0.161746,0.36288,3.6288,61.308,0.533921,0,0,1.43675,0.123458,0.779367,0.66528,12.849,1,0.84672,0.36288,0,73.4904,3.44265,69.5639,0.84672,12.849,0.84672,3695.15,0,18.483,0.160965,1.59071,1.80361,7.51645,0.861438,9.88836,0.42336,0,0,18.483,0.42336,442.007,0,1.02816,0,0,2.61887,1.59071,1.028160,1,0,80.2316,0,0,0,80.2316,0
23.3175,1.44313,0,0,4.10562,0.163225,0.36288,3.6288,61.308,0.66528,0,0,1.77835,0.134864,0.97821,0.66528,12.849,1,0.84672,0.36288,0,89.1657,3.30729,85.3745,0.84672,12.849,0.84672,3695.15,0,18.483,0.226267,2.55632,1.79709,10.46,0.830836,13.7563,0.42336,0,0,18.483,0.42336,442.007,0,1.02816,0,0,3.58448,2.55632,1.028160,1,0,100.109,0,0,0,100.109,0
24.5516,1.47658,0,0,3.24163,0.167999,0.36288,3.6288,61.308,0.66528,0,0,0.988615,0.134864,0.188471,0.66528,12.849,1,0.813665,0.36288,0,74.1908,3.30729,70.4327,0.84672,12.849,0.84672,3695.15,0,18.483,0.226449,1.33664,1.91228,6.33881,0.830836,8.53044,0.42336,0,0,18.483,0.42336,442.007,0,1.02816,0,0,2.3648,1.33664,1.028160,1,0,79.1517,0,0,0,79.1517,0
25.3524,1.50369,0,0,2.83843,0.17105,0.36288,3.6288,61.308,0.66528,0,0,1.10097,0.134864,0.300826,0.66528,12.849,1,0.786952,0.36288,0,68.2327,3.30729,64.5013,0.84672,12.849,0.84672,3695.15,0,18.483,0.226631,1.23701,1.9125,5.61747,0.830836,7.70951,0.42336,0,0,18.483,0.42336,442.007,0,1.02816,0,0,2.26517,1.23701,1.028160,1,0,72.5117,0,0,0,72.5117,0
28.0926,1.52046,0,0,4.79872,0.175241,0.36288,3.6288,61.308,0.66528,0,0,1.63592,0.136272,0.834371,0.66528,12.849,1,0.770591,0.36288,0,133.062,3.32154,129.333,0.84672,12.849,0.84672,3695.15,0,18.483,0.226813,2.98302,1.91271,9.66485,0.818121,13.5157,0.42336,0,0,18.483,0.42336,442.007,0,1.02816,0,0,4.01118,2.98302,1.028160,1,0,143.683,0,0,0,143.683,0
28.3361,1.64492,0,0,2.45023,0.19891,0.36288,3.6288,61.308,0.66528,0,0,1.40333,0.184814,0.553241,0.66528,12.849,1,0.752353,0.36288,0,58.8832,4.03463,54.4591,0.84672,12.849,0.84672,3695.15,0,18.483,0.279909,1.10369,1.91293,6.69833,0.849312,8.58573,0.42336,0,0,18.483,0.42336,442.007,0,1.02816,0,0,2.13185,1.10369,1.028160,1,0,63.598,0,0,0,63.598,0
28.3343,1.66345,0,0,2.22413,0.199575,0.36288,3.6288,61.308,0.66528,0,0,1.22606,0.184814,0.375966,0.66528,12.849,1,0.754292,0.36288,0,66.2078,4.03463,61.7818,0.84672,12.849,0.84672,3695.15,0,18.483,0.260043,0.893229,1.97386,5.92491,0.849312,7.68264,0.42336,0,0,18.483,0.42336,442.007,0,1.02816,0,0,1.92139,0.893229,1.028160,1,0,69.8404,0,0,0,69.8404,0
28.113,1.66385,0,0,2.005,0.199571,0.36288,3.6288,61.308,0.66528,0,0,0.99131,0.184814,0.141217,0.66528,12.849,1,0.754518,0.36288,0,48.5618,4.03463,44.1355,0.84672,12.849,0.84672,3695.15,0,18.483,0.260026,1.28539,1.96235,4.94584,0.849312,7.08424,0.42336,0,0,18.483,0.42336,442.007,0,1.02816,0,0,2.31355,1.28539,1.028160,1,0,51.361,0,0,0,51.361,0
27.8855,1.6602,0,0,1.97929,0.183726,0.36288,3.6288,61.308,0.66528,0,0,0.870143,0.131734,0.0731287,0.66528,12.849,1,0.75879,0.36288,0,49.4806,2.98244,46.1022,0.84672,12.849,0.84672,3695.15,0,18.483,0.260009,1.09331,1.96245,3.77292,0.701871,5.86681,0.42336,0,0,18.483,0.42336,442.007,0,1.02816,0,0,2.12147,1.09331,1.028160,1,0,52.0422,0,0,0,52.0422,0
27.6986,1.62804,0,0,1.96989,0.165868,0.36288,3.6288,61.308,0.66528,0,0,0.891622,0.185989,0.0403531,0.66528,12.849,1,0.750165,0.36288,0,51.2876,3.96699,46.9334,0.84672,12.849,0.84672,3695.15,0,18.483,0.23943,0.978074,1.96255,4.36494,0.876905,6.18923,0.42336,0,0,18.483,0.42336,442.007,0,1.02816,0,0,2.00623,0.978074,1.028160,1,0,53.1629,0,0,0,53.1629,0
27.2626,1.61074,0,0,1.7006,0.162988,0.36288,3.6288,61.308,0.66528,0,0,0.89716,0.196506,0.0353745,0.66528,12.849,1,0.747202,0.36288,0,46.4676,4.16031,41.923,0.84672,12.849,0.84672,3695.15,0,18.483,0.260291,0.955489,1.93901,5.63308,0.910173,7.35712,0.42336,0,0,18.483,0.42336,442.007,0,1.02816,0,0,1.98365,0.955489,1.028160,1,0,49.3155,0,0,0,49.3155,0
27.3759,1.6029,0,0,2.24109,0.162006,0.36288,3.6288,61.308,0.66528,0,0,1.00176,0.196506,0.13997,0.66528,12.849,1,0.755455,0.36288,0,51.2966,4.16031,46.7437,0.84672,12.849,0.84672,3695.15,0,18.483,0.260478,1.06741,1.95133,4.9017,0.910173,6.74979,0.42336,0,0,18.483,0.42336,442.007,0,1.02816,0,0,2.09557,1.06741,1.028160,1,0,53.6335,0,0,0,53.6335,0
27.2853,1.60531,0,0,2.02085,0.143224,0.36288,3.6288,61.308,0.66528,0,0,0.976605,0.203646,0.107679,0.66528,12.849,1,0.753458,0.36288,0,55.7455,4.37703,50.9779,0.84672,12.849,0.84672,3695.15,0,18.483,0.260665,1.00495,1.95155,4.61981,0.870055,6.44559,0.42336,0,0,18.483,0.42336,442.007,0,1.02816,0,0,2.03311,1.00495,1.028160,1,0,57.5312,0,0,0,57.5312,0
26.6203,1.69947,0,0,1.51853,0.121256,0.36288,3.6288,61.2651,0.66528,0,0,0.832075,0.20969,0,0.66528,12.849,1,0.800304,0.36288,0,38.292,4.33392,33.5206,0.84672,12.849,0.84672,3695.15,0,18.483,0.333812,0.766074,1.95177,4.06008,0.932445,5.51167,0.42336,0,0,18.483,0.42336,442.007,0,1.02816,0,0,1.79423,0.766074,1.028160,1,0,39.0323,0,0,0,39.0323,0
25.8787,1.73937,0,0,1.47089,0.110189,0.36288,3.6288,61.1961,0.66528,0,0,0.806855,0.210551,0,0.66528,12.849,1,0.839555,0.36288,0,31.4923,4.05972,26.9559,0.84672,12.849,0.84672,3695.15,0,18.483,0.255291,0.635645,2.03471,3.99998,1.05575,5.3593,0.42336,0,0,18.483,0.42336,442.007,0,1.02816,0,0,1.6638,0.635645,1.028160,1,0,32.3152,0,0,0,32.3152,0
25.0694,1.73285,0,0,1.39544,0.109043,0.36288,3.6288,61.1045,0.66528,0,0,0.784071,0.210459,0,0.66528,12.849,1,0.84672,0.36288,0,29.5784,4.05972,25.0349,0.84672,12.849,0.84672,3695.15,0,18.483,0.255273,0.564823,1.98888,3.69821,1.05575,4.94088,0.42336,0,0,18.483,0.42336,442.007,0,1.02816,0,0,1.59298,0.564823,1.028160,1,0,29.9758,0,0,0,29.9758,0
24.1745,1.73349,0,0,1.3033,0.101777,0.36288,3.6288,60.9575,0.66528,0,0,0.737104,0.218745,0,0.66528,12.849,1,0.84672,0.36288,0,27.501,4.25447,22.7627,0.84672,12.849,0.84672,3695.15,0,18.483,0.255256,0.475701,1.98899,3.58655,1.0834,4.71258,0.42336,0,0,18.483,0.42336,442.007,0,1.02816,0,0,1.50386,0.475701,1.028160,1,0,27.4753,0,0,0,27.4753,0
23.2093,1.73414,0,0,1.20031,0.0684695,0.36288,3.6288,60.7184,0.66528,0,0,0.692487,0.266346,0,0.66528,12.849,1,0.84672,0.36288,0,25.302,5.30639,19.5118,0.84672,12.849,0.84672,3695.15,0,18.483,0.255239,0.475874,1.98909,3.43037,1.232,4.4081,0.42336,0,0,18.483,0.42336,442.007,0,1.02816,0,0,1.50403,0.475874,1.028160,1,0,23.9199,0,0,0,23.9199,0
21.9742,1.70696,0,0,0.923676,0.088933,0.36288,3.6288,60.3549,0.711297,0,0,0.598141,0.250388,0,0.66528,12.849,1,0.84672,0.36288,0,19.6794,4.60709,14.5885,0.84672,12.849,0.84672,3695.15,0,18.483,0.295349,0.30119,1.9892,3.4289,1.12832,4.29562,0.42336,0,0,18.483,0.42336,442.007,0,0.982143,0,0,1.28333,0.30119,1.028160,1,0,18.8841,0,0,0,18.8841,0
20.1313,2.23261,0,0,0.840033,0.0874725,0.36288,3.6288,60.3374,0.350872,0,0,0.583268,0.24981,0,0.66528,12.849,1,0.84672,0.36288,0,19.2942,4.60709,14.2033,0.84672,12.849,0.84672,3695.15,0,18.483,0.107451,0.261274,2.0151,3.28549,1.12832,4.32609,0.42336,0,0,18.483,0.42336,442.007,0,1.00545,0,0,1.26672,0.261274,1.028160,1,0,18.5294,0,0,0,18.5294,0
18.6937,1.75192,0,0,0.762454,0.0852932,0.36288,3.6288,59.8062,0.828657,0,0,0.547198,0.249782,0,0.66528,12.849,1,0.84672,0.36288,0,17.1928,4.60709,12.1019,0.84672,12.849,0.84672,3695.15,0,18.483,0.25384,0.261274,1.70797,3.17828,1.12832,3.76536,0.42336,0,0,18.483,0.42336,442.007,0,0.862592,0,0,1.12387,0.261274,1.028160,1,0,15.8673,0,0,0,15.8673,0
17.2365,1.75256,0,0,0.723367,0.0651392,0.36288,3.6288,59.1709,0.823561,0,0,0.513283,0.324993,0,0.66528,12.849,1,0.84672,0.36288,0,15.4646,5.59514,9.38559,0.84672,12.849,0.84672,3695.15,0,18.483,0.25452,0.261274,1.98976,3.01209,1.48898,3.51962,0.42336,0,0,18.483,0.42336,442.007,0,0.866989,0,0,1.12826,0.261274,1.028160,1,0,12.9052,0,0,0,12.9052,0
15.6638,1.82511,0,0,0.677963,0.0626627,0.36288,3.6288,58.4443,0.918959,0,0,0.506683,0.314334,0,0.66528,12.849,1,0.84672,0.36288,0,13.6729,5.89026,7.29879,0.84672,12.849,0.84672,3695.15,0,18.483,0.287395,0.261274,1.98987,2.99468,1.48702,3.47141,0.42336,0,0,18.483,0.42336,442.007,0,0.774481,0,0,1.03575,0.261274,1.028160,1,0,10.7702,0,0,0,10.7702,0
14.09,1.8647,0,0,0.714381,0.0605991,0.36288,3.6288,57.9233,0.749658,0,0,0.537741,0.309152,0,0.66528,12.849,1,0.84672,0.36288,0,18.4419,6.00831,11.9498,0.84672,12.849,0.84672,3695.15,0,18.483,0.24844,0.261274,2.03109,3.41546,1.48624,3.97315,0.42336,0,0,18.483,0.42336,442.007,0,0.943782,0,0,1.20506,0.261274,1.028160,1,0,15.9229,0,0,0,15.9229,0
12.4694,1.86537,0,0,0.666265,0.0586171,0.36288,3.6288,57.3601,0.731316,0,0,0.476298,0.308115,0,0.66528,12.849,1,0.84672,0.36288,0,14.5892,6.00831,8.09709,0.84672,12.849,0.84672,3695.15,0,18.483,0.248422,0.227405,2.00842,3.11751,1.48624,3.61868,0.42336,0,0,18.483,0.42336,442.007,0,0.962124,0,0,1.18953,0.227405,1.028160,1,0,11.7158,0,0,0,11.7158,0
10.7899,1.86603,0,0,0.606033,0.0565763,0.36288,3.6288,56.6188,0.881758,0,0,0.447392,0.306994,0,0.66528,12.849,1,0.84672,0.36288,0,13.4153,6.00831,6.92318,0.84672,12.849,0.84672,3695.15,0,18.483,0.284127,0.227405,2.00853,2.8532,1.48624,3.31877,0.42336,0,0,18.483,0.42336,442.007,0,0.775958,0,0,1.00336,0.227405,1.028160,1,0,10.242,0,0,0,10.242,0
9.00382,2.07735,0,0,0.704062,0.049936,0.36288,3.6288,56.1794,0.66528,0,0,0.533979,0.308034,0,0.66528,12.849,1,0.84672,0.36288,0,13.6374,6.08838,7.06516,0.84672,12.849,0.84672,3695.15,0,18.483,0.377614,0.270441,2.00864,4.01134,1.51004,4.40276,0.42336,0,0,18.483,0.42336,442.007,0,1.02816,0,0,1.2986,0.270441,1.028160,1,0,11.4679,0,0,0,11.4679,0
7.1755,2.21868,0,0,0.805637,0.0523972,0.36288,3.6288,55.6251,0.787095,0,0,0.528653,0.29588,0,0.66528,12.849,1,0.84672,0.36288,0,13.6492,5.76513,7.40024,0.84672,12.849,0.84672,3695.15,0,18.483,0.258954,0.227405,2.14807,3.55127,1.46499,4.2028,0.42336,0,0,18.483,0.42336,442.007,0,0.884365,0,0,1.11177,0.227405,1.028160,1,0,11.603,0,0,0,11.603,0
5.20707,2.21939,0,0,0.663422,0.0495831,0.36288,3.6288,54.9254,0.865034,0,0,0.460126,0.294809,0,0.66528,12.849,1,0.84672,0.36288,0,16.9447,5.76513,10.6957,0.84672,12.849,0.84672,3695.15,0,18.483,0.287432,0.204422,2.06589,3.1683,1.46499,3.68619,0.42336,0,0,18.483,0.42336,442.007,0,0.777928,0,0,0.982351,0.204422,1.028160,1,0,14.3819,0,0,0,14.3819,0
3.01198,2.51958,0,0,0.733925,0.0465533,0.36288,3.6288,54.813,0.450976,0,0,0.632073,0.293456,0,0.66528,12.849,1,0.84672,0.36288,0,14.5276,5.76513,8.27867,0.84672,12.849,0.84672,3695.15,0,18.483,0.151758,0.257826,2.06601,3.78613,1.46499,4.49322,0.42336,0,0,18.483,0.42336,442.007,0,1.02816,0,0,1.28599,0.257826,1.028160,1,0,12.7719,0,0,0,12.7719,0
1.06597,2.22081,0,0,0.68164,0.0439499,0.36288,3.6288,54.3301,0.710936,0,0,0.50803,0.280016,0,0.66528,12.849,1,0.84672,0.36288,0,13.9379,5.39544,8.05859,0.84672,12.849,0.84672,3695.15,0,18.483,0.239728,0.204422,1.89087,4.30162,1.32108,4.83611,0.42336,0,0,18.483,0.42336,442.007,0,0.97969,0,0,1.18411,0.204422,1.028160,1,0,12.8947,0,0,0,12.8947,0
0.417161,1.06597,0,0,0.846703,0.0666614,0.36288,3.6288,54.0129,0.656083,0,0,0.594286,0.255397,0,0.66528,12.849,1,0.84672,0.36288,0,13.1343,4.83126,7.81917,0.84672,12.849,0.84672,3695.15,0,18.483,0.223198,0.204422,2.06625,4.19925,1.32767,4.91905,0.42336,0,0,18.483,0.42336,442.007,0,0.972562,0,0,1.17698,0.204422,1.028160,1,0,12.7382,0,0,0,12.7382,0
0.325114,0.417161,0,0,0.752864,0.0648693,0.36288,3.6288,53.9619,0.66528,0,0,0.869139,0.254862,0,0.66528,12.849,1,0.84672,0.36288,0,11.1421,4.83126,5.82696,0.84672,12.849,0.84672,3695.15,0,18.483,0.243794,0.912237,1.98647,4.82633,1.32767,6.15357,0.42336,0,0,18.483,0.42336,442.007,0,1.02816,0,0,1.9404,0.912237,1.028160,1,0,11.9805,0,0,0,11.9805,0
0.236663,0.325114,0,0,0.664158,0.0646151,0.36288,3.6288,53.4674,0.729101,0,0,0.489328,0.254775,0,0.66528,12.849,1,0.84672,0.36288,0,11.5415,4.83126,6.22638,0.84672,12.849,0.84672,3695.15,0,18.483,0.249731,0.216518,2.03657,3.61932,1.32767,4.295,0.42336,0,0,18.483,0.42336,442.007,0,0.958383,0,0,1.1749,0.216518,1.028160,1,0,10.5214,0,0,0,10.5214,0
0.136319,0.236663,0,0,0.56357,0.0643707,0.36288,3.6288,52.8529,0.806708,0,0,0.446047,0.253819,0,0.66528,12.849,1,0.84672,0.36288,0,10.6646,4.83126,5.34951,0.84672,12.849,0.84672,3695.15,0,18.483,0.278869,0.216518,2.03668,3.44395,1.32767,4.09061,0.42336,0,0,18.483,0.42336,442.007,0,0.851619,0,0,1.06814,0.216518,1.028160,1,0,9.44012,0,0,0,9.44012,0
0.628091,0.136319,0,0,1.06918,0.0782115,0.36288,3.6288,52.3822,0.760853,0,0,0.507712,0.217536,0,0.66528,12.849,1,0.84672,0.36288,0,13.2128,4.13409,8.59488,0.84672,12.849,0.84672,3695.15,0,18.483,0.266075,0.216518,2.03679,4.64582,1.00817,5.62489,0.42336,0,0,18.483,0.42336,442.007,0,0.838763,0,0,1.05528,0.216518,1.028160,1,0,14.2198,0,0,0,14.2198,0
0.931123,0.628091,0,0,1.39558,0.101573,0.36288,3.6288,51.606,0.943363,0,0,0.397605,0.230409,0,0.66528,12.849,1,0.84672,0.36288,0,16.2237,4.44014,11.2997,0.84672,12.849,0.84672,3695.15,0,18.483,0.332865,0.216518,1.96586,4.47441,1.1259,5.19802,0.42336,0,0,18.483,0.42336,442.007,0,0.667233,0,0,0.883751,0.216518,1.028160,1,0,16.4977,0,0,0,16.4977,0
0.720174,0.931123,0,0,1.18593,0.102872,0.36288,3.6288,50.9745,0.848744,0,0,0.446226,0.228971,0,0.66528,12.849,1,0.84672,0.36288,0,13.2621,4.44014,8.33808,0.84672,12.849,0.84672,3695.15,0,18.483,0.303983,0.292723,2.0115,4.97324,1.1259,5.84757,0.42336,0,0,18.483,0.42336,442.007,0,0.790716,0,0,1.08344,0.292723,1.028160,1,0,14.1856,0,0,0,14.1856,0
3.18793,0.720174,0,0,3.65278,0.101968,0.36288,3.6288,51.5095,0.66528,0,0,1.42799,0.227801,0,0.66528,12.849,1,0.84672,0.36288,0,45.9475,4.44014,41.0235,0.84672,12.849,0.84672,3695.15,0,18.483,0.249984,2.4368,2.01161,11.8257,1.1259,14.8983,0.42336,0,0,18.483,0.42336,442.007,0,1.02816,0,0,3.46496,2.4368,1.028160,1,0,55.9218,0,0,0,55.9218,0
3.64678,1.63684,0,0,2.57709,0.118515,0.36288,3.6288,51.915,0.563927,0,0,1.18371,0.214291,0,0.66528,12.849,1,0.84672,0.36288,0,34.8821,4.19722,30.201,0.84672,12.849,0.84672,3695.15,0,18.483,0.202352,0.918786,2.01172,9.09738,1.05092,10.7746,0.42336,0,0,18.483,0.42336,442.007,0,1.02816,0,0,1.94695,0.918786,1.028160,1,0,40.9756,0,0,0,40.9756,0
2.90808,1.49281,0,0,1.22745,0.110468,0.36288,3.6288,51.4849,0.66528,0,0,0.443045,0.207855,0,0.66528,12.849,1,0.84672,0.36288,0,29.5764,4.22106,24.8715,0.84672,12.849,0.84672,3695.15,0,18.483,0.245625,0.348399,1.8518,5.70013,0.997052,6.65765,0.42336,0,0,18.483,0.42336,442.007,0,1.02816,0,0,1.37656,0.348399,1.028160,1,0,31.5292,0,0,0,31.5292,0
2.46857,1.49321,0,0,1.52672,0.110139,0.36288,3.6288,50.8173,0.887531,0,0,0.411989,0.19207,0,0.66528,12.849,1,0.84672,0.36288,0,37.5449,4.22866,32.8324,0.84672,12.849,0.84672,3695.15,0,18.483,0.318623,0.412474,1.93655,5.2367,1.04442,6.22268,0.42336,0,0,18.483,0.42336,442.007,0,0.733095,0,0,1.14557,0.412474,1.028160,1,0,39.0551,0,0,0,39.0551,0
2.30697,1.49362,0,0,1.80318,0.108275,0.36288,3.6288,50.1767,1.07243,0,0,0.622928,0.191032,0,0.66528,12.849,1,0.84672,0.36288,0,44.3165,4.22866,39.604,0.84672,12.849,0.84672,3695.15,0,18.483,0.390059,0.412474,1.93677,4.81512,1.04442,5.72989,0.42336,0,0,18.483,0.42336,442.007,0,0.476945,0,0,0.889419,0.412474,1.028160,1,0,45.3339,0,0,0,45.3339,0
2.15452,1.49403,0,0,1.81205,0.10759,0.36288,3.6288,50.5937,0.66528,0,0,1.27229,0.190035,0,0.66528,12.849,1,0.84672,0.36288,0,44.6864,4.22866,39.9739,0.84672,12.849,0.84672,3695.15,0,18.483,0.246178,0.415878,1.93699,6.70854,1.04442,7.7708,0.42336,0,0,18.483,0.42336,442.007,0,1.02816,0,0,1.44404,0.415878,1.028160,1,0,47.7447,0,0,0,47.7447,0
4.59119,1.58671,0,0,4.49704,0.110791,0.36288,3.6288,53.9063,0.66528,0,0,4.15856,0.180691,0,0.66528,12.849,1,0.84672,0.36288,0,76.1655,3.69127,71.9904,0.84672,12.849,0.84672,3695.15,0,18.483,0.289521,4.28896,1.93721,12.9943,1.03464,17.8963,0.42336,0,0,18.483,0.42336,442.007,0,1.02816,0,0,5.31712,4.28896,1.028160,1,0,89.8867,0,0,0,89.8867,0
8.87163,1.61762,0,0,6.38312,0.122182,0.36288,3.6288,55.1488,0.66528,0,0,2.09167,0.183844,0,0.66528,12.849,1,0.84672,0.36288,0,106.11,3.60171,102.025,0.84672,12.849,0.84672,3695.15,0,18.483,0.259182,4.85442,1.98806,18.8339,1.03301,24.3842,0.42336,0,0,18.483,0.42336,442.007,0,1.02816,0,0,5.88258,4.85442,1.028160,1,0,126.409,0,0,0,126.409,0
13.6277,1.6182,0,0,6.87694,0.139832,0.36288,3.6288,58.2478,0.66528,0,0,3.9496,0.185359,0,0.66528,12.849,1,0.84672,0.36288,0,179.246,3.60171,175.161,0.84672,12.849,0.84672,3695.15,0,18.483,0.259167,9.23893,1.97041,27.5194,1.03301,37.4365,0.42336,0,0,18.483,0.42336,442.007,0,1.02816,0,0,10.2671,9.23893,1.028160,1,0,212.597,0,0,0,212.597,0
16.8662,2.19268,0,0,5.95086,0.156768,0.36288,3.6288,61.308,0.266097,0,0,3.88897,0.189138,0.373527,0.66528,12.849,1,0.84672,0.36288,0,157.805,3.60171,153.72,0.84672,12.849,0.84672,3695.15,0,18.483,0.0844371,5.05302,1.97051,17.4053,1.03301,23.3114,0.42336,0,0,18.483,0.42336,442.007,0,1.02816,0,0,6.08118,5.05302,1.028160,1,0,177.405,0,0,0,177.405,0
19.6613,2.48957,0,0,5.81723,0.169666,0.36288,3.6288,61.308,0.394043,0,0,2.73874,0.176956,2.16774,0.66528,12.849,1,0.84672,0.36288,0,136.026,3.60304,131.94,0.84672,12.849,0.84672,3695.15,0,18.483,0.118795,4.31861,1.63476,12.0865,0.979702,16.9414,0.42336,0,0,18.483,0.42336,442.007,0,1.02816,0,0,5.34677,4.31861,1.028160,1,0,151.049,0,0,0,151.049,0
20.7629,2.09293,0,0,3.7381,0.180629,0.36288,3.6288,61.308,0.66528,0,0,2.58616,0.17987,1.74101,0.66528,12.849,1,0.84672,0.36288,0,77.7289,3.91639,73.3287,0.84672,12.849,0.84672,3695.15,0,18.483,0.244825,1.8188,1.8158,13.3454,0.974376,15.7608,0.42336,0,0,18.483,0.42336,442.007,0,1.02816,0,0,2.84696,1.8188,1.028160,1,0,90.8305,0,0,0,90.8305,0
22.1599,2.09358,0,0,4.0368,0.183406,0.36288,3.6288,61.308,0.66528,0,0,2.48181,0.17987,1.63666,0.66528,12.849,1,0.84672,0.36288,0,96.7153,3.91639,92.3151,0.84672,12.849,0.84672,3695.15,0,18.483,0.244807,2.01792,2.04839,14.2775,0.974376,17.1246,0.42336,0,0,18.483,0.42336,442.007,0,1.02816,0,0,3.04608,2.01792,1.028160,1,0,111.076,0,0,0,111.076,0
22.1808,2.49086,0,0,3.0616,0.186927,0.36288,3.6288,61.308,0.394501,0,0,2.02151,0.17987,1.44714,0.66528,12.849,1,0.84672,0.36288,0,73.4668,3.91639,69.0665,0.84672,12.849,0.84672,3695.15,0,18.483,0.118933,1.21071,2.0485,12.9728,0.974376,15.1387,0.42336,0,0,18.483,0.42336,442.007,0,1.02816,0,0,2.23887,1.21071,1.028160,1,0,85.6524,0,0,0,85.6524,0
25.6695,2.06817,0,0,6.10437,0.184666,0.36288,3.6288,61.308,0.227392,0,0,3.48906,0.214994,3.04667,0.66528,12.849,1,0.84672,0.36288,0,106.719,4.47781,101.757,0.84672,12.849,0.84672,3695.15,0,18.483,0.0685536,3.31423,1.8165,15.2008,1.1463,19.1167,0.42336,0,0,18.483,0.42336,442.007,0,1.02816,0,0,4.34239,3.31423,1.028160,1,0,123.92,0,0,0,123.92,0
27.4383,2.06855,0,0,4.39817,0.197945,0.36288,3.6288,61.308,0.227523,0,0,2.4567,0.196823,2.03235,0.66528,12.849,1,0.84672,0.36288,0,86.3412,4.28568,81.5717,0.84672,12.849,0.84672,3695.15,0,18.483,0.0685931,1.68279,1.56926,10.1134,1.02536,12.2715,0.42336,0,0,18.483,0.42336,442.007,0,1.02816,0,0,2.71095,1.68279,1.028160,1,0,95.8755,0,0,0,95.8755,0
29.2406,1.57384,0,0,3.94191,0.20284,0.36288,3.6288,61.308,0.66528,0,0,2.08117,0.18115,1.23474,0.66528,12.849,1,0.737009,0.36288,0,76.6515,4.15401,72.1234,0.84672,12.849,0.84672,3695.15,0,18.483,0.235807,1.27647,1.56946,9.08029,0.961824,10.7286,0.42336,0,0,18.483,0.42336,442.007,0,1.02816,0,0,2.30463,1.27647,1.028160,1,0,84.0867,0,0,0,84.0867,0
31.6309,1.60566,0,0,4.56678,0.207911,0.36288,3.6288,61.308,0.66528,0,0,2.08445,0.18115,1.23802,0.66528,12.849,1,0.705563,0.36288,0,90.188,4.15401,85.6913,0.84672,12.849,0.84672,3695.15,0,18.483,0.235977,1.17017,1.92359,9.14708,0.961824,11.043,0.42336,0,0,18.483,0.42336,442.007,0,1.02816,0,0,2.19833,1.17017,1.028160,1,0,97.9723,0,0,0,97.9723,0
32.9294,2.07393,0,0,3.95457,0.219337,0.36288,3.6288,61.308,0.227916,0,0,1.90401,0.190745,1.48534,0.66528,12.849,1,0.842465,0.36288,0,76.9703,3.87649,72.6142,0.84672,12.849,0.84672,3695.15,0,18.483,0.0687117,0.883509,1.92379,7.80771,0.96137,9.58493,0.42336,0,0,18.483,0.42336,442.007,0,1.02816,0,0,1.91167,0.883509,1.028160,1,0,83.6845,0,0,0,83.6845,0
33.6496,2.17663,0,0,3.4328,0.173069,0.36288,3.6288,61.308,0.587904,0,0,1.479,0.238882,0.652209,0.66528,12.849,1,0.84672,0.36288,0,55.7861,5.2667,50.0355,0.84672,12.849,0.84672,3695.15,0,18.483,0.17724,0.558835,1.57006,6.98658,1.24312,7.69512,0.42336,0,0,18.483,0.42336,442.007,0,0.613103,0,0,1.17194,0.558835,1.028160,1,0,58.3829,0,0,0,58.3829,0
33.0558,2.18818,0,0,2.13192,0.17462,0.36288,3.6288,61.308,0.614661,0,0,1.4262,0.238882,0.572652,0.66528,12.849,1,0.835552,0.36288,0,43.3057,5.2667,37.5663,0.84672,12.849,0.84672,3695.15,0,18.483,0.185307,0.558835,1.63141,4.73653,1.24312,5.49836,0.42336,0,0,18.483,0.42336,442.007,0,0.578457,0,0,1.13729,0.558835,1.028160,1,0,43.6373,0,0,0,43.6373,0
32.7923,2.17766,0,0,2.45036,0.173342,0.36288,3.6288,61.308,0.654138,0,0,1.18994,0.238882,0.296915,0.66528,12.849,1,0.846469,0.36288,0,43.4199,5.2667,37.6696,0.84672,12.849,0.84672,3695.15,0,18.483,0.197208,0.528595,1.63162,5.40264,1.24312,6.12253,0.42336,0,0,18.483,0.42336,442.007,0,0.527256,0,0,1.05585,0.528595,1.028160,1,0,44.0891,0,0,0,44.0891,0
33.171,2.17779,0,0,3.08018,0.160779,0.36288,3.6288,61.308,0.269401,0,0,2.0604,0.248398,1.5426,0.66528,12.849,1,0.84672,0.36288,0,64.4014,5.38304,58.5346,0.84672,12.849,0.84672,3695.15,0,18.483,0.0812186,0.882844,1.63183,8.19029,1.26602,9.35773,0.42336,0,0,18.483,0.42336,442.007,0,1.02816,0,0,1.911,0.882844,1.028160,1,0,69.4349,0,0,0,69.4349,0
33.1424,2.15029,0,0,2.6255,0.140977,0.36288,3.6288,61.308,0.253627,0,0,1.49858,0.244228,1.00073,0.66528,12.849,1,0.832927,0.36288,0,57.3879,4.73444,52.1834,0.84672,12.849,0.84672,3695.15,0,18.483,0.076463,0.718122,1.63204,7.42269,1.24372,8.45267,0.42336,0,0,18.483,0.42336,442.007,0,1.02816,0,0,1.74628,0.718122,1.028160,1,0,61.6368,0,0,0,61.6368,0
32.8097,2.15004,0,0,2.32496,0.144754,0.36288,3.6288,61.308,0.253762,0,0,1.36306,0.233044,0.876258,0.66528,12.849,1,0.833553,0.36288,0,47.7617,4.35866,42.9324,0.84672,12.849,0.84672,3695.15,0,18.483,0.0765035,0.620412,1.60844,6.89921,1.2119,7.83966,0.42336,0,0,18.483,0.42336,442.007,0,1.02816,0,0,1.64857,0.620412,1.028160,1,0,51.6483,0,0,0,51.6483,0
32.1626,2.14425,0,0,1.97921,0.119177,0.36288,3.6288,61.308,0.405469,0,0,1.19939,0.230457,0.563461,0.66528,12.849,1,0.839735,0.36288,0,38.6533,4.42296,33.7535,0.84672,12.849,0.84672,3695.15,0,18.483,0.12224,0.528595,1.60865,6.21353,1.18508,7.04345,0.42336,0,0,18.483,0.42336,442.007,0,0.830891,0,0,1.35949,0.528595,1.028160,1,0,41.3604,0,0,0,41.3604,0
31.3084,2.13765,0,0,1.73152,0.0851789,0.36288,3.6288,61.308,0.40405,0,0,1.09291,0.227008,0.46185,0.66528,12.849,1,0.84672,0.36288,0,36.1743,4.5087,31.1818,0.84672,12.849,0.84672,3695.15,0,18.483,0.121812,0.402797,1.60885,5.42257,1.14933,6.16308,0.42336,0,0,18.483,0.42336,442.007,0,0.832913,0,0,1.23571,0.402797,1.028160,1,0,37.8067,0,0,0,37.8067,0
30.2541,2.27962,0,0,1.67567,0.0874152,0.36288,3.6288,61.308,0.374402,0,0,1.11222,0.233752,0.504065,0.66528,12.849,1,0.84672,0.36288,0,35.0857,4.51242,30.0895,0.84672,12.849,0.84672,3695.15,0,18.483,0.112874,0.402797,1.60906,5.30512,1.13538,6.06872,0.42336,0,0,18.483,0.42336,442.007,0,0.945147,0,0,1.34794,0.402797,1.028160,1,0,36.6623,0,0,0,36.6623,0
29.3774,2.28002,0,0,1.86017,0.0939786,0.36288,3.6288,61.308,0.31076,0,0,1.27438,0.250612,0.713011,0.66528,12.849,1,0.84672,0.36288,0,38.6719,4.52172,33.6664,0.84672,12.849,0.84672,3695.15,0,18.483,0.0936871,0.736759,1.69257,5.89315,1.1005,7.12829,0.42336,0,0,18.483,0.42336,442.007,0,1.02816,0,0,1.76492,0.736759,1.028160,1,0,41.5077,0,0,0,41.5077,0
28.8701,1.81728,0,0,1.7657,0.0928786,0.36288,3.6288,61.308,0.66528,0,0,1.16307,0.250612,0.247182,0.66528,12.849,1,0.794835,0.36288,0,35.0451,4.52172,30.0915,0.84672,12.849,0.84672,3695.15,0,18.483,0.254382,0.5461,1.69278,5.53141,1.1005,6.41541,0.42336,0,0,18.483,0.42336,442.007,0,1.02816,0,0,1.57426,0.5461,1.028160,1,0,36.754,0,0,0,36.754,0
28.2306,1.80803,0,0,1.60065,0.0692701,0.36288,3.6288,61.308,0.66528,0,0,1.11032,0.27422,0.170817,0.66528,12.849,1,0.804687,0.36288,0,30.9005,4.78947,25.6693,0.84672,12.849,0.84672,3695.15,0,18.483,0.254365,0.494666,1.9944,5.38772,1.16891,6.45351,0.42336,0,0,18.483,0.42336,442.007,0,1.02816,0,0,1.52283,0.494666,1.028160,1,0,32.2936,0,0,0,32.2936,0
27.0395,2.28123,0,0,1.51257,0.0595586,0.36288,3.6288,61.308,0.311185,0,0,1.06063,0.283664,0.465781,0.66528,12.849,1,0.84672,0.36288,0,29.9072,4.89657,24.5268,0.84672,12.849,0.84672,3695.15,0,18.483,0.0938153,0.391548,1.9945,5.37275,1.19628,6.4687,0.42336,0,0,18.483,0.42336,442.007,0,1.02816,0,0,1.41971,0.391548,1.028160,1,0,31.4613,0,0,0,31.4613,0
26.1929,2.25361,0,0,1.83116,0.0612378,0.36288,3.6288,61.308,0.342374,0,0,1.30235,0.237024,0.722953,0.66528,12.849,1,0.84672,0.36288,0,30.2946,4.9959,24.8149,0.84672,12.849,0.84672,3695.15,0,18.483,0.103218,0.40055,1.69344,4.8026,1.17266,5.6207,0.42336,0,0,18.483,0.42336,442.007,0,1.02816,0,0,1.42871,0.40055,1.028160,1,0,31.1585,0,0,0,31.1585,0
25.1808,2.25401,0,0,1.66536,0.0605146,0.36288,3.6288,61.308,0.34252,0,0,1.26994,0.237024,0.690398,0.66528,12.849,1,0.84672,0.36288,0,29.7016,4.9959,24.2219,0.84672,12.849,0.84672,3695.15,0,18.483,0.103262,0.382044,1.71962,4.60176,1.17266,5.4275,0.42336,0,0,18.483,0.42336,442.007,0,1.02816,0,0,1.4102,0.382044,1.028160,1,0,30.3398,0,0,0,30.3398,0
24.0155,2.25441,0,0,1.51156,0.0596501,0.36288,3.6288,61.308,0.372061,0,0,1.1914,0.237024,0.58231,0.66528,12.849,1,0.84672,0.36288,0,26.4667,4.9959,20.9869,0.84672,12.849,0.84672,3695.15,0,18.483,0.112168,0.261274,1.71984,4.45158,1.17266,5.14786,0.42336,0,0,18.483,0.42336,442.007,0,0.989902,0,0,1.25118,0.261274,1.028160,1,0,26.7171,0,0,0,26.7171,0
22.793,2.25481,0,0,1.43407,0.0387921,0.36288,3.6288,61.308,0.368456,0,0,1.11756,0.313807,0.435294,0.66528,12.849,1,0.84672,0.36288,0,23.8067,5.98395,17.3389,0.84672,12.849,0.84672,3695.15,0,18.483,0.111081,0.261274,1.72007,4.21882,1.53332,4.55575,0.42336,0,0,18.483,0.42336,442.007,0,0.994784,0,0,1.25606,0.261274,1.028160,1,0,22.3299,0,0,0,22.3299,0
21.6463,2.3276,0,0,1.58484,0.0411402,0.36288,3.6288,61.308,0.370642,0,0,1.26043,0.310037,0.579751,0.66528,12.849,1,0.84672,0.36288,0,26.0651,5.78883,19.7924,0.84672,12.849,0.84672,3695.15,0,18.483,0.11174,0.271849,1.72029,4.60692,1.50145,4.98587,0.42336,0,0,18.483,0.42336,442.007,0,1.02816,0,0,1.30001,0.271849,1.028160,1,0,25.358,0,0,0,25.358,0
20.6658,2.32801,0,0,1.75321,0.0427337,0.36288,3.6288,61.308,0.370791,0,0,1.39086,0.307209,0.712859,0.66528,12.849,1,0.84672,0.36288,0,26.7538,5.64249,20.6275,0.84672,12.849,0.84672,3695.15,0,18.483,0.111785,0.332519,1.76191,4.93135,1.47754,5.43646,0.42336,0,0,18.483,0.42336,442.007,0,1.02816,0,0,1.36068,0.332519,1.028160,1,0,26.7768,0,0,0,26.7768,0
19.9142,1.89842,0,0,1.5518,0.0421648,0.36288,3.6288,61.308,0.66528,0,0,1.30543,0.307209,0.332946,0.66528,12.849,1,0.84672,0.36288,0,25.2552,5.64249,19.1288,0.84672,12.849,0.84672,3695.15,0,18.483,0.247493,0.263019,1.76214,4.9341,1.47754,5.23422,0.42336,0,0,18.483,0.42336,442.007,0,1.02816,0,0,1.29118,0.263019,1.028160,1,0,24.696,0,0,0,24.696,0
18.5996,2.32883,0,0,1.41881,0.0417286,0.36288,3.6288,61.308,0.421729,0,0,1.26103,0.307209,0.532096,0.66528,12.849,1,0.84672,0.36288,0,23.7175,5.64249,17.5912,0.84672,12.849,0.84672,3695.15,0,18.483,0.127142,0.227405,2.014,4.70116,1.47754,5.33789,0.42336,0,0,18.483,0.42336,442.007,0,0.962254,0,0,1.18966,0.227405,1.028160,1,0,23.4611,0,0,0,23.4611,0
16.9121,2.54135,0,0,1.2502,0.0333764,0.36288,3.6288,61.308,0.572316,0,0,1.24695,0.318077,0.356558,0.66528,12.849,1,0.84672,0.36288,0,22.7184,5.86704,16.3675,0.84672,12.849,0.84672,3695.15,0,18.483,0.172541,0.227405,1.76259,4.70741,1.48975,5.03512,0.42336,0,0,18.483,0.42336,442.007,0,0.896581,0,0,1.12399,0.227405,1.028160,1,0,21.7592,0,0,0,21.7592,0
15.2177,2.54178,0,0,1.26306,0.0528799,0.36288,3.6288,61.308,0.841873,0,0,1.16387,0.31985,0.00214583,0.66528,12.849,1,0.84672,0.36288,0,21.2431,5.47638,15.2829,0.84672,12.849,0.84672,3695.15,0,18.483,0.253806,0.227405,1.9031,4.96727,1.35758,5.48639,0.42336,0,0,18.483,0.42336,442.007,0,0.54597,0,0,0.773375,0.227405,1.028160,1,0,20.7714,0,0,0,20.7714,0
13.4479,2.54222,0,0,1.18831,0.0530133,0.36288,3.6288,61.308,0.53737,0,0,1.1505,0.307262,0.30587,0.66528,12.849,1,0.84672,0.36288,0,20.0273,5.59052,13.953,0.84672,12.849,0.84672,3695.15,0,18.483,0.162005,0.227405,1.90334,5.43096,1.39899,6.00071,0.42336,0,0,18.483,0.42336,442.007,0,0.942486,0,0,1.16989,0.227405,1.028160,1,0,20.2596,0,0,0,20.2596,0
11.6116,2.54266,0,0,1.12036,0.0510453,0.36288,3.6288,61.308,0.471704,0,0,1.10252,0.307262,0.32355,0.66528,12.849,1,0.84672,0.36288,0,20.3144,5.59052,14.24,0.84672,12.849,0.84672,3695.15,0,18.483,0.142208,0.21079,1.90359,5.0718,1.39899,5.64498,0.42336,0,0,18.483,0.42336,442.007,0,1.02816,0,0,1.23895,0.21079,1.028160,1,0,20.2085,0,0,0,20.2085,0
9.75328,2.54309,0,0,1.09661,0.0490034,0.36288,3.6288,61.308,0.475477,0,0,1.10418,0.307262,0.321444,0.66528,12.849,1,0.84672,0.36288,0,19.2633,5.59052,13.189,0.84672,12.849,0.84672,3695.15,0,18.483,0.143346,0.204422,1.90383,5.08845,1.39899,5.65437,0.42336,0,0,18.483,0.42336,442.007,0,1.02346,0,0,1.22788,0.204422,1.028160,1,0,19.1648,0,0,0,19.1648,0
8.00086,2.44009,0,0,1.0999,0.0493495,0.36288,3.6288,61.308,0.551999,0,0,1.50066,0.274268,0.674397,0.66528,12.849,1,0.84672,0.36288,0,20.1925,5.11154,14.5972,0.84672,12.849,0.84672,3695.15,0,18.483,0.166415,0.204422,1.90408,4.77154,1.24158,5.47205,0.42336,0,0,18.483,0.42336,442.007,0,0.845052,0,0,1.04947,0.204422,1.028160,1,0,20.7436,0,0,0,20.7436,0
6.30589,2.44051,0,0,1.15568,0.047252,0.36288,3.6288,61.308,0.579133,0,0,1.71869,0.268769,0.870793,0.66528,12.849,1,0.84672,0.36288,0,24.8436,5.0317,19.3281,0.84672,12.849,0.84672,3695.15,0,18.483,0.174596,0.204422,1.82388,4.74926,1.21535,5.38762,0.42336,0,0,18.483,0.42336,442.007,0,0.80994,0,0,1.01436,0.204422,1.028160,1,0,25.5865,0,0,0,25.5865,0
4.62887,2.44093,0,0,1.17162,0.0448279,0.36288,3.6288,61.308,0.643974,0,0,1.4212,0.268769,0.508459,0.66528,12.849,1,0.84672,0.36288,0,24.4558,5.0317,18.9402,0.84672,12.849,0.84672,3695.15,0,18.483,0.194144,0.216518,1.82412,4.28655,1.21535,4.91769,0.42336,0,0,18.483,0.42336,442.007,0,0.725751,0,0,0.94227,0.216518,1.028160,1,0,24.3664,0,0,0,24.3664,0
2.77248,2.44136,0,0,1.01209,0.0642376,0.36288,3.6288,61.308,0.653489,0,0,1.43342,0.233881,0.546049,0.66528,12.849,1,0.84672,0.36288,0,28.797,4.71209,23.6011,0.84672,12.849,0.84672,3695.15,0,18.483,0.197012,0.216518,1.82435,4.87711,1.09567,5.62529,0.42336,0,0,18.483,0.42336,442.007,0,0.713569,0,0,0.930087,0.216518,1.028160,1,0,29.7724,0,0,0,29.7724,0
1.71446,1.98487,0,0,1.37795,0.0882278,0.36288,3.6288,61.308,0.642422,0,0,1.48237,0.162731,0.67722,0.66528,12.849,1,0.84672,0.36288,0,34.3285,4.49956,29.3451,0.84672,12.849,0.84672,3695.15,0,18.483,0.193676,0.742789,1.82459,5.94468,1.01172,7.30666,0.42336,0,0,18.483,0.42336,442.007,0,1.02816,0,0,1.77095,0.742789,1.028160,1,0,37.329,0,0,0,37.329,0
1.3937,1.71446,0,0,1.82087,0.0642931,0.36288,3.6288,61.308,0.66528,0,0,1.37953,0.232367,0.481884,0.66528,12.849,1,0.84672,0.36288,0,51.0212,4.04002,46.4973,0.84672,12.849,0.84672,3695.15,0,18.483,0.249118,1.43145,1.97097,7.73176,1.11709,9.76797,0.42336,0,0,18.483,0.42336,442.007,0,1.02816,0,0,2.45961,1.43145,1.028160,1,0,56.7472,0,0,0,56.7472,0
2.0123,1.3937,0,0,2.45792,0.0827395,0.36288,3.6288,61.308,0.66528,0,0,1.6368,0.195092,0.776424,0.66528,12.849,1,0.84672,0.36288,0,53.642,3.43571,49.7224,0.84672,12.849,0.84672,3695.15,0,18.483,0.249101,1.40472,2.0169,9.45708,0.908299,11.7213,0.42336,0,0,18.483,0.42336,442.007,0,1.02816,0,0,2.43288,1.40472,1.028160,1,0,62.2201,0,0,0,62.2201,0
2.90261,1.90842,0,0,3.24644,0.0848318,0.36288,3.6288,61.308,0.66528,0,0,2.06162,0.195092,1.20124,0.66528,12.849,1,0.84672,0.36288,0,58.7533,3.43571,54.8338,0.84672,12.849,0.84672,3695.15,0,18.483,0.249084,1.92108,2.017,11.3819,0.908299,14.1626,0.42336,0,0,18.483,0.42336,442.007,0,1.02816,0,0,2.94924,1.92108,1.028160,1,0,70.1976,0,0,0,70.1976,0
3.67295,1.66765,0,0,2.88417,0.0832988,0.36288,3.6288,61.308,0.587312,0,0,3.02185,0.197843,2.23669,0.66528,12.849,1,0.84672,0.36288,0,97.1429,3.52723,93.1318,0.84672,12.849,0.84672,3695.15,0,18.483,0.177062,1.64348,2.01711,14.5623,0.928571,17.1172,0.42336,0,0,18.483,0.42336,442.007,0,1.02816,0,0,2.67164,1.64348,1.028160,1,0,112.486,0,0,0,112.486,0
3.92603,1.51267,0,0,2.22943,0.100803,0.36288,3.6288,61.308,0.66528,0,0,2.7809,0.188997,1.92662,0.66528,12.849,1,0.84672,0.36288,0,58.9762,4.04565,54.4467,0.84672,12.849,0.84672,3695.15,0,18.483,0.254627,0.681419,1.8561,13.5302,1.01516,14.798,0.42336,0,0,18.483,0.42336,442.007,0,1.02816,0,0,1.70958,0.681419,1.028160,1,0,71.1713,0,0,0,71.1713,0
7.88283,1.51305,0,0,5.9345,0.101757,0.36288,3.6288,61.308,0.66528,0,0,6.3689,0.188997,5.51462,0.66528,12.849,1,0.84672,0.36288,0,106.314,4.04565,101.785,0.84672,12.849,0.84672,3695.15,0,18.483,0.2548,2.25381,1.94723,20.6372,1.01516,23.5683,0.42336,0,0,18.483,0.42336,442.007,0,1.02816,0,0,3.28197,2.25381,1.028160,1,0,130.868,0,0,0,130.868,0
12.018,2.11823,0,0,6.7321,0.115833,0.36288,3.6288,61.308,0.242381,0,0,4.41762,0.188997,3.98625,0.66528,12.849,1,0.84672,0.36288,0,165.881,4.04565,161.352,0.84672,12.849,0.84672,3695.15,0,18.483,0.0730724,1.40925,1.94743,18.9022,1.01516,21.1706,0.42336,0,0,18.483,0.42336,442.007,0,1.02816,0,0,2.43741,1.40925,1.028160,1,0,186.508,0,0,0,186.508,0
14.0876,1.51382,0,0,4.07988,0.133577,0.36288,3.6288,61.308,0.66528,0,0,4.14646,0.177263,3.30391,0.66528,12.849,1,0.84672,0.36288,0,95.9895,4.15882,91.3469,0.84672,12.849,0.84672,3695.15,0,18.483,0.255146,1.34816,1.59371,17.9423,0.91886,19.7102,0.42336,0,0,18.483,0.42336,442.007,0,1.02816,0,0,2.37632,1.34816,1.028160,1,0,114.361,0,0,0,114.361,0
17.5577,2.21189,0,0,6.19485,0.149922,0.36288,3.6288,61.308,0.27603,0,0,2.9245,0.194583,2.45389,0.66528,12.849,1,0.84672,0.36288,0,103.113,4.13877,98.4906,0.84672,12.849,0.84672,3695.15,0,18.483,0.083217,2.41939,1.94784,17.4572,1.03028,20.7109,0.42336,0,0,18.483,0.42336,442.007,0,1.02816,0,0,3.44755,2.41939,1.028160,1,0,121.655,0,0,0,121.655,0
23.0913,2.21226,0,0,8.27211,0.163375,0.36288,3.6288,61.308,0.276158,0,0,4.17057,0.203388,3.69103,0.66528,12.849,1,0.84672,0.36288,0,182.936,4.11264,178.34,0.84672,12.849,0.84672,3695.15,0,18.483,0.0832554,6.41657,1.64509,31.8592,1.09026,38.7474,0.42336,0,0,18.483,0.42336,442.007,0,1.02816,0,0,7.44473,6.41657,1.028160,1,0,220.778,0,0,0,220.778,0
27.0669,2.21262,0,0,6.72745,0.176372,0.36288,3.6288,61.308,0.276285,0,0,4.81019,0.203388,4.33052,0.66528,12.849,1,0.84672,0.36288,0,161.539,4.11264,156.943,0.84672,12.849,0.84672,3695.15,0,18.483,0.0832938,3.31094,1.64529,19.4778,1.09026,23.2605,0.42336,0,0,18.483,0.42336,442.007,0,1.02816,0,0,4.3391,3.31094,1.028160,1,0,184.534,0,0,0,184.534,0
31.5012,2.21299,0,0,7.19626,0.186122,0.36288,3.6288,61.308,0.276413,0,0,2.52813,0.182705,2.06902,0.66528,12.849,1,0.84672,0.36288,0,150.697,3.84558,146.368,0.84672,12.849,0.84672,3695.15,0,18.483,0.0833323,2.55924,1.64549,14.7985,1.0339,17.886,0.42336,0,0,18.483,0.42336,442.007,0,1.02816,0,0,3.5874,2.55924,1.028160,1,0,166.323,0,0,0,166.323,0
38.3431,2.68976,0,0,10.094,0.199442,0.36288,3.6288,61.308,0.46509,0,0,3.38413,0.171543,2.7475,0.66528,12.849,1,0.84672,0.36288,0,208.436,3.5924,204.359,0.84672,12.849,0.84672,3695.15,0,18.483,0.140214,4.31523,1.64568,22.2192,0.988043,27.0519,0.42336,0,0,18.483,0.42336,442.007,0,1.02816,0,0,5.34339,4.31523,1.028160,1,0,234.159,0,0,0,234.159,0
45.6677,2.7495,0,0,10.6599,0.222946,0.36288,3.6288,61.308,0.486292,0,0,4.30828,0.18242,3.63956,0.66528,12.849,1,0.84672,0.36288,0,256.134,3.46017,252.19,0.84672,12.849,0.84672,3695.15,0,18.483,0.146606,4.75591,1.92475,24.1687,0.979077,29.7236,0.42336,0,0,18.483,0.42336,442.007,0,1.02816,0,0,5.78407,4.75591,1.028160,1,0,285.553,0,0,0,285.553,0
49.1078,2.80691,0,0,6.85256,0.242676,0.36288,3.6288,61.308,0.486445,0,0,2.85486,0.18242,2.186,0.66528,12.849,1,0.789747,0.36288,0,140.786,3.46017,136.899,0.84672,12.849,0.84672,3695.15,0,18.483,0.146652,2.56214,1.95727,15.083,0.979077,18.4767,0.42336,0,0,18.483,0.42336,442.007,0,1.02816,0,0,3.5903,2.56214,1.028160,1,0,157.562,0,0,0,157.562,0
51.191,2.89812,0,0,5.59751,0.253251,0.36288,3.6288,61.308,0.507655,0,0,2.80435,0.173665,2.12303,0.66528,12.849,1,0.758291,0.36288,0,110.55,3.30894,106.845,0.84672,12.849,0.84672,3695.15,0,18.483,0.153047,3.01176,1.9575,13.5002,0.935713,17.3807,0.42336,0,0,18.483,0.42336,442.007,0,1.02816,0,0,4.03992,3.01176,1.028160,1,0,126.349,0,0,0,126.349,0
54.8162,2.55261,0,0,6.79751,0.256863,0.36288,3.6288,61.308,0.324572,0,0,2.67717,0.168683,2.18392,0.66528,12.849,1,0.640709,0.36288,0,120.824,3.09319,117.453,0.84672,12.849,0.84672,3695.15,0,18.483,0.0978511,2.75562,1.99003,13.6109,0.864706,17.3939,0.42336,0,0,18.483,0.42336,442.007,0,1.02816,0,0,3.78378,2.75562,1.028160,1,0,137.031,0,0,0,137.031,0
60.7013,2.58725,0,0,9.11796,0.282707,0.36288,3.6288,61.308,0.324705,0,0,3.21535,0.188033,2.70261,0.66528,12.849,1,0.606455,0.36288,0,177.446,3.31622,173.886,0.84672,12.849,0.84672,3695.15,0,18.483,0.0978913,3.85117,1.71915,19.3774,0.969486,23.8804,0.42336,0,0,18.483,0.42336,442.007,0,1.02816,0,0,4.87933,3.85117,1.028160,1,0,200.469,0,0,0,200.469,0
65.6161,2.63609,0,0,8.21301,0.299309,0.36288,3.6288,61.308,0.324838,0,0,3.16801,0.188033,2.65514,0.66528,12.849,1,0.557996,0.36288,0,161.302,3.31622,157.791,0.84672,12.849,0.84672,3695.15,0,18.483,0.0979314,3.6888,1.71935,20.7041,0.969486,25.0449,0.42336,0,0,18.483,0.42336,442.007,0,1.02816,0,0,4.71696,3.6888,1.028160,1,0,185.491,0,0,0,185.491,0
71.3043,2.67136,0,0,9.03407,0.311547,0.36288,3.6288,61.308,0.324971,0,0,2.96009,0.188033,2.44709,0.66528,12.849,1,0.523108,0.36288,0,164.316,3.31622,160.839,0.84672,12.849,0.84672,3695.15,0,18.483,0.0979716,3.99286,1.71956,19.3677,0.969486,24.0126,0.42336,0,0,18.483,0.42336,442.007,0,1.02816,0,0,5.02102,3.99286,1.028160,1,0,187.299,0,0,0,187.299,0
72.29,2.70704,0,0,10.4388,0.32571,6.42035,3.6288,61.308,0.325104,0,0,4.50212,0.188033,3.98899,0.66528,12.849,1,0.487807,6.42035,0,205.251,3.31622,207.867,0.84672,12.849,0.84672,3695.15,0,18.483,0.0980117,4.59415,1.71977,29.3283,0.969486,34.5747,0.42336,0,0,18.483,0.42336,442.007,0,1.02816,0,0,5.62231,4.59415,1.028160,1,0,246.431,0,0,0,246.431,0
72.29,2.81214,0,0,8.14052,0.32947,4.99891,3.6288,61.308,0.370091,0,0,5.08741,0.18714,4.53018,0.66528,12.849,1,0.499837,4.99891,0,155.981,3.87876,156.601,0.84672,12.849,0.84672,3695.15,0,18.483,0.111574,3.71806,1.71997,23.7483,0.954833,28.12,0.42336,0,0,18.483,0.42336,442.007,0,1.02816,0,0,4.74622,3.71806,1.028160,1,0,189.251,0,0,0,189.251,0
72.29,2.81248,0,0,9.97669,0.334553,6.82966,3.6288,61.308,0.37023,0,0,4.68217,0.180122,4.13182,0.66528,12.849,1,0.499897,6.82966,0,162.937,3.77601,165.491,0.84672,12.849,0.84672,3695.15,0,18.483,0.111616,4.77702,1.78716,26.7957,0.924302,32.3239,0.42336,0,0,18.483,0.42336,442.007,0,1.02816,0,0,5.80518,4.77702,1.028160,1,0,201.947,0,0,0,201.947,0
72.29,2.81281,0,0,8.29233,0.334553,5.14496,3.6288,61.308,0.370368,0,0,3.1624,0.180122,2.61191,0.66528,12.849,1,0.499956,5.14496,0,135.383,3.77601,136.252,0.84672,12.849,0.84672,3695.15,0,18.483,0.111658,3.29133,1.78737,20.1352,0.924302,24.1779,0.42336,0,0,18.483,0.42336,442.007,0,1.02816,0,0,4.31949,3.29133,1.028160,1,0,163.042,0,0,0,163.042,0
72.29,2.81315,0,0,6.7811,0.268367,3.69959,3.6288,61.308,0.370507,0,0,2.82201,0.199305,2.25219,0.66528,12.849,1,0.500016,3.69959,0,119.107,3.79611,118.51,0.84672,12.849,0.84672,3695.15,0,18.483,0.1117,2.55131,1.78758,17.1508,0.950432,20.4276,0.42336,0,0,18.483,0.42336,442.007,0,1.02816,0,0,3.57947,2.55131,1.028160,1,0,141.19,0,0,0,141.19,0
72.29,2.77471,0,0,7.15583,0.239314,4.14181,3.6288,61.308,0.353217,0,0,2.70034,0.213194,2.13393,0.66528,12.849,1,0.493183,4.14181,0,122.941,4.08041,122.509,0.84672,12.849,0.84672,3695.15,0,18.483,0.106487,2.58439,1.7878,17.4039,0.991719,20.6779,0.42336,0,0,18.483,0.42336,442.007,0,1.02816,0,0,3.61255,2.58439,1.028160,1,0,145.321,0,0,0,145.321,0
72.29,2.77504,0,0,5.82285,0.254755,2.79306,3.6288,61.308,0.353353,0,0,1.83743,0.21282,1.27126,0.66528,12.849,1,0.493242,2.79306,0,130.427,4.28232,128.444,0.84672,12.849,0.84672,3695.15,0,18.483,0.106528,1.87791,1.76193,12.8469,1.00799,15.3722,0.42336,0,0,18.483,0.42336,442.007,0,1.02816,0,0,2.90607,1.87791,1.028160,1,0,145.088,0,0,0,145.088,0
72.29,2.77537,0,0,5.18109,0.254755,2.15096,3.6288,61.308,0.35349,0,0,1.49739,0.21282,0.93108,0.66528,12.849,1,0.493301,2.15096,0,88.8468,4.28232,86.2222,0.84672,12.849,0.84672,3695.15,0,18.483,0.106569,1.79583,1.76214,12.2304,1.00799,14.6739,0.42336,0,0,18.483,0.42336,442.007,0,1.02816,0,0,2.82399,1.79583,1.028160,1,0,101.827,0,0,0,101.827,0
72.29,2.7757,0,0,4.80705,0.254755,1.77659,3.6288,61.308,0.353626,0,0,1.3379,0.21282,0.771449,0.66528,12.849,1,0.49336,1.77659,0,72.0766,4.28232,69.0775,0.84672,12.849,0.84672,3695.15,0,18.483,0.10661,1.29941,1.76235,10.813,1.00799,12.7602,0.42336,0,0,18.483,0.42336,442.007,0,1.02816,0,0,2.32757,1.29941,1.028160,1,0,82.6092,0,0,0,82.6092,0
72.29,2.90772,0,0,4.27162,0.17421,1.18969,3.6288,61.308,0.415601,0,0,1.26812,0.229863,0.622655,0.66528,12.849,1,0.516825,1.18969,0,68.8634,4.70388,64.8324,0.84672,12.849,0.84672,3695.15,0,18.483,0.125294,1.13386,1.76256,10.531,1.12288,12.1793,0.42336,0,0,18.483,0.42336,442.007,0,1.02816,0,0,2.16202,1.13386,1.028160,1,0,77.6343,0,0,0,77.6343,0
72.29,2.90807,0,0,4.70661,0.153964,1.64458,3.6288,61.308,0.415745,0,0,1.47122,0.227228,0.828247,0.66528,12.849,1,0.516887,1.64458,0,72.7963,5.12841,68.7956,0.84672,12.849,0.84672,3695.15,0,18.483,0.125338,1.11377,1.85401,10.9319,1.06542,12.709,0.42336,0,0,18.483,0.42336,442.007,0,1.02816,0,0,2.14193,1.11377,1.028160,1,0,82.3328,0,0,0,82.3328,0
72.29,2.90842,0,0,4.51991,0.153964,1.45753,3.6288,61.308,0.415888,0,0,1.45578,0.227228,0.812663,0.66528,12.849,1,0.516949,1.45753,0,67.5674,5.12841,63.3796,0.84672,12.849,0.84672,3695.15,0,18.483,0.125381,1.12133,1.85423,10.4913,1.06542,12.276,0.42336,0,0,18.483,0.42336,442.007,0,1.02816,0,0,2.14949,1.12133,1.028160,1,0,76.4683,0,0,0,76.4683,0
72.29,2.90876,0,0,4.28954,0.158881,1.2219,3.6288,61.308,0.416032,0,0,1.43275,0.225911,0.790802,0.66528,12.849,1,0.517011,1.2219,0,64.724,5.04379,60.3851,0.84672,12.849,0.84672,3695.15,0,18.483,0.125425,1.29681,1.85445,9.82048,1.06869,11.7776,0.42336,0,0,18.483,0.42336,442.007,0,1.02816,0,0,2.32497,1.29681,1.028160,1,0,72.9535,0,0,0,72.9535,0
72.29,2.90911,0,0,3.98177,0.177274,0.895386,3.6288,61.308,0.416177,0,0,1.37707,0.222161,0.738732,0.66528,12.849,1,0.517072,0.895386,0,59.9083,4.56816,55.7184,0.84672,12.849,0.84672,3695.15,0,18.483,0.125468,1.2191,1.85468,9.13481,1.09779,10.9853,0.42336,0,0,18.483,0.42336,442.007,0,1.02816,0,0,2.24726,1.2191,1.028160,1,0,67.4425,0,0,0,67.4425,0
72.29,2.8834,0,0,3.7919,0.122456,0.786042,3.6288,61.308,0.450328,0,0,1.71668,0.217096,1.04926,0.66528,12.849,1,0.512502,0.786042,0,70.8559,4.83597,66.2934,0.84672,12.849,0.84672,3695.15,0,18.483,0.135764,1.98471,1.8549,9.87077,1.17216,12.4024,0.42336,0,0,18.483,0.42336,442.007,0,1.02816,0,0,3.01287,1.98471,1.028160,1,0,79.7451,0,0,0,79.7451,0
72.29,2.88374,0,0,3.52207,0.0985731,0.539753,3.6288,61.308,0.450476,0,0,1.75706,0.221786,1.08479,0.66528,12.849,1,0.512564,0.539753,0,67.2287,4.92334,62.3326,0.84672,12.849,0.84672,3695.15,0,18.483,0.135808,1.91503,1.88356,9.6946,1.19725,12.1601,0.42336,0,0,18.483,0.42336,442.007,0,1.02816,0,0,2.94319,1.91503,1.028160,1,0,75.5775,0,0,0,75.5775,0
72.2353,2.88409,0,0,3.29075,0.0985065,0.36288,3.6288,61.308,0.450624,0,0,1.76238,0.221786,1.08997,0.66528,12.849,1,0.512625,0.36288,0,62.2744,4.92334,57.2014,0.84672,12.849,0.84672,3695.15,0,18.483,0.135853,2.05674,1.88379,8.96262,1.19725,11.57,0.42336,0,0,18.483,0.42336,442.007,0,1.02816,0,0,3.0849,2.05674,1.028160,1,0,69.8614,0,0,0,69.8614,0
71.9835,2.8841,0,0,3.09276,0.097586,0.36288,3.6288,61.308,0.450772,0,0,1.72327,0.228642,1.04386,0.66528,12.849,1,0.513016,0.36288,0,57.9239,5.00967,52.764,0.84672,12.849,0.84672,3695.15,0,18.483,0.135898,2.00314,1.88401,8.7461,1.21796,11.2794,0.42336,0,0,18.483,0.42336,442.007,0,1.02816,0,0,3.0313,2.00314,1.028160,1,0,65.0873,0,0,0,65.0873,0
71.7326,2.95021,0,0,3.15128,0.0890189,0.36288,3.6288,61.308,0.481243,0,0,1.71314,0.277698,0.954199,0.66528,12.849,1,0.52661,0.36288,0,51.827,5.64039,46.0229,0.84672,12.849,0.84672,3695.15,0,18.483,0.145084,1.7716,1.88424,7.9348,1.3683,10.0772,0.42336,0,0,18.483,0.42336,442.007,0,1.02816,0,0,2.79976,1.7716,1.028160,1,0,57.0544,0,0,0,57.0544,0
71.2768,2.949,0,0,2.94074,0.0847065,0.36288,3.6288,61.308,0.481395,0,0,1.38331,0.288254,0.613659,0.66528,12.849,1,0.528235,0.36288,0,60.6486,5.79075,54.6925,0.84672,12.849,0.84672,3695.15,0,18.483,0.14513,1.55999,1.92981,7.29657,1.40307,9.23817,0.42336,0,0,18.483,0.42336,442.007,0,1.02816,0,0,2.58815,1.55999,1.028160,1,0,64.5443,0,0,0,64.5443,0
70.6366,2.94649,0,0,2.75358,0.0844123,0.36288,3.6288,61.308,0.481546,0,0,1.28644,0.288254,0.516635,0.66528,12.849,1,0.53116,0.36288,0,48.695,5.79075,42.736,0.84672,12.849,0.84672,3695.15,0,18.483,0.145176,1.51201,1.93004,6.57729,1.40307,8.47109,0.42336,0,0,18.483,0.42336,442.007,0,1.02816,0,0,2.54017,1.51201,1.028160,1,0,51.7237,0,0,0,51.7237,0
69.754,2.94276,0,0,2.50704,0.083999,0.36288,3.6288,61.308,0.481698,0,0,1.22128,0.288254,0.451329,0.66528,12.849,1,0.535297,0.36288,0,44.3791,5.79075,38.4159,0.84672,12.849,0.84672,3695.15,0,18.483,0.145221,1.12113,1.93027,6.13513,1.40307,7.63824,0.42336,0,0,18.483,0.42336,442.007,0,1.02816,0,0,2.14929,1.12113,1.028160,1,0,46.5055,0,0,0,46.5055,0
69.1299,3.13357,0,0,2.9434,0.0710728,0.36288,3.6288,61.308,0.59135,0,0,1.52569,0.277673,0.656663,0.66528,12.849,1,0.577218,0.36288,0,46.3905,5.9656,40.2105,0.84672,12.849,0.84672,3695.15,0,18.483,0.178279,2.0867,1.9305,9.31945,1.45091,11.7075,0.42336,0,0,18.483,0.42336,442.007,0,1.02816,0,0,3.11486,2.0867,1.028160,1,0,52.5747,0,0,0,52.5747,0
67.6885,3.12955,0,0,2.105,0.0539825,0.36288,3.6288,61.308,0.591515,0,0,1.37384,0.316501,0.465821,0.66528,12.849,1,0.581682,0.36288,0,43.7669,6.33518,37.2129,0.84672,12.849,0.84672,3695.15,0,18.483,0.178329,2.03807,2.08437,7.55551,1.64062,9.85901,0.42336,0,0,18.483,0.42336,442.007,0,1.02816,0,0,3.06623,2.03807,1.028160,1,0,47.5377,0,0,0,47.5377,0
66.5106,3.11951,0,0,2.35793,0.0533776,0.36288,3.6288,61.308,0.59168,0,0,1.40931,0.316501,0.501132,0.66528,12.849,1,0.592163,0.36288,0,43.5045,6.33518,36.94,0.84672,12.849,0.84672,3695.15,0,18.483,0.178378,2.12349,2.08462,8.0981,1.64062,10.4872,0.42336,0,0,18.483,0.42336,442.007,0,1.02816,0,0,3.15165,2.12349,1.028160,1,0,47.9284,0,0,0,47.9284,0
66.738,3.11109,0,0,3.77372,0.0723515,0.36288,3.6288,61.308,0.591845,0,0,1.73203,0.31221,0.827971,0.66528,12.849,1,0.601024,0.36288,0,72.2742,6.21643,65.8196,0.84672,12.849,0.84672,3695.15,0,18.483,0.178428,2.80077,2.08487,8.82757,1.62605,11.9087,0.42336,0,0,18.483,0.42336,442.007,0,1.02816,0,0,3.82893,2.80077,1.028160,1,0,78.5563,0,0,0,78.5563,0
67.9188,3.11318,0,0,4.72983,0.0729622,0.36288,3.6288,61.308,0.59201,0,0,2.11217,0.303387,1.21677,0.66528,12.849,1,0.599378,0.36288,0,86.1952,6.35652,79.6022,0.84672,12.849,0.84672,3695.15,0,18.483,0.178478,2.73057,2.08512,8.65788,1.61203,11.6831,0.42336,0,0,18.483,0.42336,442.007,0,1.02816,0,0,3.75873,2.73057,1.028160,1,0,92.502,0,0,0,92.502,0
66.4122,3.02705,0,0,1.97329,0.0899248,0.36288,3.6288,61.308,0.525673,0,0,1.26018,0.285753,0.448752,0.66528,12.849,1,0.572663,0.36288,0,54.4663,5.59236,48.6642,0.84672,12.849,0.84672,3695.15,0,18.483,0.158479,1.50136,2.08537,6.50946,1.52164,8.41608,0.42336,0,0,18.483,0.42336,442.007,0,1.02816,0,0,2.52952,1.50136,1.028160,1,0,57.529,0,0,0,57.529,0
66.3192,3.01653,0,0,3.38262,0.0962374,0.36288,3.6288,61.308,0.52583,0,0,1.91009,0.279074,1.10518,0.66528,12.849,1,0.583618,0.36288,0,44.4229,5.27142,38.9307,0.84672,12.849,0.84672,3695.15,0,18.483,0.158526,3.29584,1.99752,10.865,1.48569,14.5141,0.42336,0,0,18.483,0.42336,442.007,0,1.02816,0,0,4.324,3.29584,1.028160,1,0,54.5501,0,0,0,54.5501,0
64.5045,3.0162,0,0,1.66053,0.0961663,0.36288,3.6288,61.308,0.525987,0,0,1.17108,0.279074,0.366022,0.66528,12.849,1,0.584373,0.36288,0,44.7569,5.27142,39.264,0.84672,12.849,0.84672,3695.15,0,18.483,0.158573,1.58305,1.99776,6.22998,1.48569,8.16651,0.42336,0,0,18.483,0.42336,442.007,0,1.02816,0,0,2.61121,1.58305,1.028160,1,0,47.7966,0,0,0,47.7966,0
62.7518,3.00285,0,0,1.70784,0.0947793,0.36288,3.6288,61.308,0.526144,0,0,1.27219,0.279074,0.466971,0.66528,12.849,1,0.598154,0.36288,0,29.1883,5.27142,23.6816,0.84672,12.849,0.84672,3695.15,0,18.483,0.158621,1.19696,1.998,5.05324,1.48569,6.60389,0.42336,0,0,18.483,0.42336,442.007,0,1.02816,0,0,2.22512,1.19696,1.028160,1,0,30.7525,0,0,0,30.7525,0
63.1949,2.91212,0,0,3.92206,0.204006,0.36288,3.6288,61.308,0.465738,0,0,1.82328,0.275057,1.08249,0.66528,12.849,1,0.596282,0.36288,0,49.925,4.75401,44.9376,0.84672,12.849,0.84672,3695.15,0,18.483,0.14041,3.89273,1.99823,13.5163,1.28801,17.9789,0.42336,0,0,18.483,0.42336,442.007,0,1.02816,0,0,4.92089,3.89273,1.028160,1,0,63.999,0,0,0,63.999,0
61.0492,2.91594,0,0,1.36387,0.230695,0.36288,3.6288,61.308,0.465888,0,0,1.1877,0.244303,0.477507,0.66528,12.849,1,0.592879,0.36288,0,41.4305,5.08169,36.1188,0.84672,12.849,0.84672,3695.15,0,18.483,0.140455,1.60203,1.92014,5.16602,1.14229,7.40545,0.42336,0,0,18.483,0.42336,442.007,0,1.02816,0,0,2.63019,1.60203,1.028160,1,0,44.0018,0,0,0,44.0018,0
61.62,2.89907,0,0,4.04006,0.207315,0.36288,3.6288,61.308,0.466038,0,0,1.94719,0.23636,1.24479,0.66528,12.849,1,0.610166,0.36288,0,54.1763,4.88968,49.0394,0.84672,12.849,0.84672,3695.15,0,18.483,0.1405,3.06566,1.92037,12.0226,1.18522,15.683,0.42336,0,0,18.483,0.42336,442.007,0,1.02816,0,0,4.09382,3.06566,1.028160,1,0,65.9671,0,0,0,65.9671,0
64.5955,2.9041,0,0,6.4709,0.228468,0.36288,3.6288,61.308,0.466188,0,0,2.83548,0.190468,2.17882,0.66528,12.849,1,0.605562,0.36288,0,118.559,3.90428,114.412,0.84672,12.849,0.84672,3695.15,0,18.483,0.140545,4.59898,1.9206,23.3651,1.00206,28.742,0.42336,0,0,18.483,0.42336,442.007,0,1.02816,0,0,5.62714,4.59898,1.028160,1,0,145.333,0,0,0,145.333,0
64.8823,2.70722,0,0,3.59694,0.240014,0.36288,3.6288,61.308,0.340144,0,0,1.90101,0.183812,1.37705,0.66528,12.849,1,0.538506,0.36288,0,73.6232,3.76404,69.6835,0.84672,12.849,0.84672,3695.15,0,18.483,0.102546,2.65902,1.92083,11.3771,0.966171,14.8882,0.42336,0,0,18.483,0.42336,442.007,0,1.02816,0,0,3.68718,2.65902,1.028160,1,0,85.9488,0,0,0,85.9488,0
68.2837,2.70953,0,0,6.76878,0.29496,0.36288,3.6288,61.308,0.340278,0,0,3.79845,0.226254,3.23192,0.66528,12.849,1,0.536583,0.36288,0,120.622,4.21366,116.235,0.84672,12.849,0.84672,3695.15,0,18.483,0.102586,1.24537,1.74463,12.9061,1.13857,14.6549,0.42336,0,0,18.483,0.42336,442.007,0,1.02816,0,0,2.27353,1.24537,1.028160,1,0,134.122,0,0,0,134.122,0
70.061,2.73235,0,0,5.17133,0.29878,0.36288,3.6288,61.308,0.340413,0,0,3.36164,0.246574,2.77466,0.66528,12.849,1,0.514149,0.36288,0,113.285,4.47416,108.66,0.84672,12.849,0.84672,3695.15,0,18.483,0.102627,2.44024,1.74484,11.45,1.15348,14.379,0.42336,0,0,18.483,0.42336,442.007,0,1.02816,0,0,3.4684,2.44024,1.028160,1,0,125.813,0,0,0,125.813,0
71.5688,2.7437,0,0,4.91731,0.302936,0.36288,3.6288,61.308,0.340548,0,0,3.6885,0.246574,3.10138,0.66528,12.849,1,0.503187,0.36288,0,89.3013,4.47416,84.6869,0.84672,12.849,0.84672,3695.15,0,18.483,0.102668,5.01536,1.74504,16.5573,1.15348,22.0615,0.42336,0,0,18.483,0.42336,442.007,0,1.02816,0,0,6.04352,5.01536,1.028160,1,0,109.85,0,0,0,109.85,0
72.29,2.75302,0,0,4.90495,0.306461,1.12429,3.6288,61.308,0.340683,0,0,3.45934,0.246574,2.87209,0.66528,12.849,1,0.494259,1.12429,0,99.1535,4.47416,95.3094,0.84672,12.849,0.84672,3695.15,0,18.483,0.102708,4.98722,1.74525,15.3901,1.15348,20.8664,0.42336,0,0,18.483,0.42336,442.007,0,1.02816,0,0,6.01538,4.98722,1.028160,1,0,119.048,0,0,0,119.048,0
72.29,2.7572,0,0,4.56743,0.281981,1.52825,3.6288,61.308,0.340683,0,0,2.34803,0.223479,1.78387,0.66528,12.849,1,0.490072,1.52825,0,77.3369,3.88129,74.4938,0.84672,12.849,0.84672,3695.15,0,18.483,0.102708,2.53181,1.74546,10.7611,0.933466,14.0022,0.42336,0,0,18.483,0.42336,442.007,0,1.02816,0,0,3.55997,2.53181,1.028160,1,0,90.2799,0,0,0,90.2799,0
72.29,2.84391,0,0,4.93615,0.262356,1.82989,3.6288,61.308,0.377376,0,0,2.00559,0.206157,1.42205,0.66528,12.849,1,0.505483,1.82989,0,73.805,3.43665,71.6928,0.84672,12.849,0.84672,3695.15,0,18.483,0.11377,3.22859,1.74546,11.984,0.768454,16.0758,0.42336,0,0,18.483,0.42336,442.007,0,1.02816,0,0,4.25675,3.22859,1.028160,1,0,89.1907,0,0,0,89.1907,0
72.29,2.84422,0,0,6.44454,0.262356,3.33797,3.6288,61.308,0.377505,0,0,2.55722,0.206157,1.97355,0.66528,12.849,1,0.505539,3.33797,0,125.547,3.43665,124.943,0.84672,12.849,0.84672,3695.15,0,18.483,0.113809,4.6336,1.80149,14.5549,0.768454,20.1078,0.42336,0,0,18.483,0.42336,442.007,0,1.02816,0,0,5.66176,4.6336,1.028160,1,0,147.024,0,0,0,147.024,0
72.29,2.84453,0,0,4.44434,0.262356,1.33745,3.6288,61.308,0.377634,0,0,1.57447,0.206157,0.990676,0.66528,12.849,1,0.505594,1.33745,0,98.2368,3.43665,95.632,0.84672,12.849,0.84672,3695.15,0,18.483,0.113848,2.44921,1.80169,10.3611,0.768454,13.7297,0.42336,0,0,18.483,0.42336,442.007,0,1.02816,0,0,3.47737,2.44921,1.028160,1,0,110.352,0,0,0,110.352,0
72.29,2.84485,0,0,4.8411,0.294965,1.70128,3.6288,61.308,0.377762,0,0,1.67143,0.244939,1.04872,0.66528,12.849,1,0.50565,1.70128,0,104.462,4.14165,101.516,0.84672,12.849,0.84672,3695.15,0,18.483,0.113887,2.54263,1.80189,11.7929,1.12777,14.8958,0.42336,0,0,18.483,0.42336,442.007,0,1.02816,0,0,3.57079,2.54263,1.028160,1,0,117.46,0,0,0,117.46,0
72.29,3.12267,0,0,5.11389,0.283279,1.70794,3.6288,61.308,0.51521,0,0,1.46229,0.131795,0.81529,0.66528,12.849,1,0.555031,1.70794,0,129.139,2.64863,127.643,0.84672,12.849,0.84672,3695.15,0,18.483,0.155324,1.66062,1.80209,10.2093,0.714032,12.8026,0.42336,0,0,18.483,0.42336,442.007,0,1.02816,0,0,2.68878,1.66062,1.028160,1,0,141.261,0,0,0,141.261,0
72.29,3.12302,0,0,4.52898,0.283279,1.12268,3.6288,61.308,0.515354,0,0,1.09398,0.131795,0.446831,0.66528,12.849,1,0.555093,1.12268,0,80.0755,2.64863,77.9945,0.84672,12.849,0.84672,3695.15,0,18.483,0.155368,0.761677,2.00161,9.24826,0.714032,11.1421,0.42336,0,0,18.483,0.42336,442.007,0,1.02816,0,0,1.78984,0.761677,1.028160,1,0,89.5835,0,0,0,89.5835,0
72.29,3.12336,0,0,7.31307,0.278084,3.91162,3.6288,61.308,0.515498,0,0,1.89303,0.14286,1.23467,0.66528,12.849,1,0.555154,3.91162,0,127.251,2.9107,127.697,0.84672,12.849,0.84672,3695.15,0,18.483,0.155411,2.50789,2.00183,11.4606,0.796024,15.0189,0.42336,0,0,18.483,0.42336,442.007,0,1.02816,0,0,3.53605,2.50789,1.028160,1,0,143.95,0,0,0,143.95,0
72.29,3.12371,0,0,8.06725,0.271033,4.67251,3.6288,61.308,0.515642,0,0,2.3141,0.162191,1.63627,0.66528,12.849,1,0.555215,4.67251,0,124.337,3.40702,125.048,0.84672,12.849,0.84672,3695.15,0,18.483,0.155455,4.01082,2.00205,14.6308,0.977485,19.5107,0.42336,0,0,18.483,0.42336,442.007,0,1.02816,0,0,5.03898,4.01082,1.028160,1,0,146.195,0,0,0,146.195,0
72.29,2.72806,0,0,4.17342,0.306644,1.13872,3.6288,61.308,0.331422,0,0,2.02422,0.112192,1.58061,0.66528,12.849,1,0.484892,1.13872,0,143.352,2.45374,141.552,0.84672,12.849,0.84672,3695.15,0,18.483,0.0999162,3.5337,2.00228,10.972,0.836379,15.5717,0.42336,0,0,18.483,0.42336,442.007,0,1.02816,0,0,4.56186,3.5337,1.028160,1,0,158.705,0,0,0,158.705,0
72.29,2.72836,0,0,5.02598,0.306644,1.99098,3.6288,61.308,0.331545,0,0,1.94767,0.112192,1.50393,0.66528,12.849,1,0.484945,1.99098,0,149.242,2.45374,148.294,0.84672,12.849,0.84672,3695.15,0,18.483,0.0999535,2.81817,1.72971,13.5278,0.836379,17.1394,0.42336,0,0,18.483,0.42336,442.007,0,1.02816,0,0,3.84633,2.81817,1.028160,1,0,166.938,0,0,0,166.938,0
72.29,2.72866,0,0,4.49826,0.270712,1.49889,3.6288,61.308,0.331669,0,0,1.90896,0.124726,1.45257,0.66528,12.849,1,0.484998,1.49889,0,155.133,3.00439,153.142,0.84672,12.849,0.84672,3695.15,0,18.483,0.0999908,3.65203,1.72991,11.1379,0.979737,15.4401,0.42336,0,0,18.483,0.42336,442.007,0,1.02816,0,0,4.68019,3.65203,1.028160,1,0,170.035,0,0,0,170.035,0
72.29,2.72896,0,0,5.56007,0.279034,2.55208,3.6288,61.308,0.331793,0,0,2.33087,0.122837,1.87624,0.66528,12.849,1,0.485052,2.55208,0,118.768,3.67576,117.159,0.84672,12.849,0.84672,3695.15,0,18.483,0.100028,2.98645,1.7301,12.0892,1.00468,15.701,0.42336,0,0,18.483,0.42336,442.007,0,1.02816,0,0,4.01461,2.98645,1.028160,1,0,134.737,0,0,0,134.737,0
72.29,2.72926,0,0,7.92126,0.275457,4.91655,3.6288,61.308,0.331916,0,0,4.20337,0.119744,3.75171,0.66528,12.849,1,0.485105,4.91655,0,186.316,4.13951,186.608,0.84672,12.849,0.84672,3695.15,0,18.483,0.100065,4.7881,1.73029,20.1264,1.19811,25.3467,0.42336,0,0,18.483,0.42336,442.007,0,1.02816,0,0,5.81626,4.7881,1.028160,1,0,215.707,0,0,0,215.707,0
72.29,2.82929,0,0,6.80384,0.275414,3.69913,3.6288,61.308,0.377167,0,0,1.97909,0.142314,1.45961,0.66528,12.849,1,0.502886,3.69913,0,201.569,4.30826,200.457,0.84672,12.849,0.84672,3695.15,0,18.483,0.113708,2.83449,1.73048,14.8449,1.2611,18.0351,0.42336,0,0,18.483,0.42336,442.007,0,1.02816,0,0,3.86265,2.83449,1.028160,1,0,219.951,0,0,0,219.951,0
72.29,2.82961,0,0,4.16849,0.275414,1.06347,3.6288,61.308,0.377296,0,0,1.38258,0.142314,0.862971,0.66528,12.849,1,0.502941,1.06347,0,115.526,4.30826,111.779,0.84672,12.849,0.84672,3695.15,0,18.483,0.113746,1.82568,1.79806,10.5108,1.2611,12.7597,0.42336,0,0,18.483,0.42336,442.007,0,1.02816,0,0,2.85384,1.82568,1.028160,1,0,125.401,0,0,0,125.401,0
72.29,2.82992,0,0,3.52395,0.275414,0.418621,3.6288,61.308,0.377425,0,0,1.23377,0.142314,0.714027,0.66528,12.849,1,0.502997,0.418621,0,92.791,4.30826,88.3984,0.84672,12.849,0.84672,3695.15,0,18.483,0.113785,1.70654,1.79826,9.48542,1.2611,11.6153,0.42336,0,0,18.483,0.42336,442.007,0,1.02816,0,0,2.7347,1.70654,1.028160,1,0,100.728,0,0,0,100.728,0
72.2876,2.83023,0,0,3.4346,0.243896,0.36288,3.6288,61.308,0.377554,0,0,1.11389,0.174014,0.562327,0.66528,12.849,1,0.503052,0.36288,0,83.8045,4.21024,79.4541,0.84672,12.849,0.84672,3695.15,0,18.483,0.113824,1.47988,1.79845,7.97196,1.24971,9.88675,0.42336,0,0,18.483,0.42336,442.007,0,1.02816,0,0,2.50804,1.47988,1.028160,1,0,89.9032,0,0,0,89.9032,0
72.29,2.79152,0,0,3.40699,0.201869,0.411191,3.6288,61.308,0.360148,0,0,1.06977,0.21628,0.493342,0.66528,12.849,1,0.496188,0.411191,0,83.643,4.07956,79.4784,0.84672,12.849,0.84672,3695.15,0,18.483,0.108577,1.38492,1.79865,6.75467,1.23453,8.59513,0.42336,0,0,18.483,0.42336,442.007,0,1.02816,0,0,2.41308,1.38492,1.028160,1,0,88.5669,0,0,0,88.5669,0
71.9383,2.79184,0,0,3.00491,0.201872,0.36288,3.6288,61.308,0.360275,0,0,1.16293,0.21628,0.586372,0.66528,12.849,1,0.496228,0.36288,0,77.9587,4.07956,73.7458,0.84672,12.849,0.84672,3695.15,0,18.483,0.108615,1.57399,1.77261,6.97637,1.23453,8.97982,0.42336,0,0,18.483,0.42336,442.007,0,1.02816,0,0,2.60215,1.57399,1.028160,1,0,83.312,0,0,0,83.312,0
71.6505,2.79009,0,0,3.06652,0.201334,0.36288,3.6288,61.308,0.360402,0,0,1.00087,0.21628,0.424185,0.66528,12.849,1,0.498341,0.36288,0,75.2587,4.07956,71.0437,0.84672,12.849,0.84672,3695.15,0,18.483,0.108653,1.11473,1.7728,6.90008,1.23453,8.44443,0.42336,0,0,18.483,0.42336,442.007,0,1.02816,0,0,2.14289,1.11473,1.028160,1,0,79.9123,0,0,0,79.9123,0
71.4648,2.7887,0,0,3.13645,0.17063,0.36288,3.6288,61.308,0.360528,0,0,0.978765,0.231116,0.387121,0.66528,12.849,1,0.500094,0.36288,0,77.9924,5.24919,72.606,0.84672,12.849,0.84672,3695.15,0,18.483,0.108691,1.20925,1.773,8.58099,1.28064,10.1739,0.42336,0,0,18.483,0.42336,442.007,0,1.02816,0,0,2.23741,1.20925,1.028160,1,0,83.167,0,0,0,83.167,0
70.7511,2.92015,0,0,2.6965,0.127143,0.36288,3.6288,61.308,0.422865,0,0,0.903165,0.285932,0.194367,0.66528,12.849,1,0.525029,0.36288,0,69.2695,5.08258,64.0247,0.84672,12.849,0.84672,3695.15,0,18.483,0.127485,1.00412,1.7732,7.20967,1.42497,8.43453,0.42336,0,0,18.483,0.42336,442.007,0,1.02816,0,0,2.03228,1.00412,1.028160,1,0,72.6536,0,0,0,72.6536,0
70.0902,2.91599,0,0,2.72667,0.108681,0.36288,3.6288,61.308,0.422999,0,0,0.875699,0.281098,0.171601,0.66528,12.849,1,0.529569,0.36288,0,65.2018,5.12306,59.912,0.84672,12.849,0.84672,3695.15,0,18.483,0.127525,0.969503,1.86518,5.31808,1.41057,6.61467,0.42336,0,0,18.483,0.42336,442.007,0,1.02816,0,0,1.99766,0.969503,1.028160,1,0,66.6983,0,0,0,66.6983,0
69.2929,2.91209,0,0,2.58582,0.10813,0.36288,3.6288,61.308,0.423133,0,0,0.84532,0.281098,0.141089,0.66528,12.849,1,0.533848,0.36288,0,62.0455,5.12306,56.7515,0.84672,12.849,0.84672,3695.15,0,18.483,0.127565,0.936334,1.86539,5.17754,1.41057,6.44113,0.42336,0,0,18.483,0.42336,442.007,0,1.02816,0,0,1.96449,0.936334,1.028160,1,0,63.3337,0,0,0,63.3337,0
68.3414,2.90723,0,0,2.42601,0.107465,0.36288,3.6288,61.308,0.423267,0,0,0.813897,0.281098,0.109532,0.66528,12.849,1,0.539089,0.36288,0,57.1337,5.12306,51.8345,0.84672,12.849,0.84672,3695.15,0,18.483,0.127606,0.79742,1.8656,4.97118,1.41057,6.09602,0.42336,0,0,18.483,0.42336,442.007,0,1.02816,0,0,1.82558,0.79742,1.028160,1,0,58.04,0,0,0,58.04,0
67.2411,2.90124,0,0,2.25455,0.0907269,0.36288,3.6288,61.308,0.423401,0,0,1.00284,0.296756,0.282688,0.66528,12.849,1,0.545467,0.36288,0,48.7928,4.99983,43.6103,0.84672,12.849,0.84672,3695.15,0,18.483,0.127646,1.01223,1.8658,4.21098,1.31732,5.64405,0.42336,0,0,18.483,0.42336,442.007,0,1.02816,0,0,2.04039,1.01223,1.028160,1,0,49.5371,0,0,0,49.5371,0
66.0814,2.86814,0,0,2.16295,0.0915638,0.36288,3.6288,61.308,0.457745,0,0,1.09711,0.2964,0.342962,0.66528,12.849,1,0.548069,0.36288,0,44.2186,5.06394,38.9694,0.84672,12.849,0.84672,3695.15,0,18.483,0.138,1.27372,1.86601,4.25826,1.26684,5.99315,0.42336,0,0,18.483,0.42336,442.007,0,1.02816,0,0,2.30188,1.27372,1.028160,1,0,45.3056,0,0,0,45.3056,0
64.8708,2.8604,0,0,2.10336,0.090726,0.36288,3.6288,61.308,0.457882,0,0,1.03805,0.2964,0.28377,0.66528,12.849,1,0.556182,0.36288,0,41.5297,5.06394,36.2725,0.84672,12.849,0.84672,3695.15,0,18.483,0.138041,1.27212,1.89483,4.3875,1.26684,6.14956,0.42336,0,0,18.483,0.42336,442.007,0,1.02816,0,0,2.30028,1.27212,1.028160,1,0,42.7058,0,0,0,42.7058,0
63.5113,2.85205,0,0,1.9182,0.0627606,0.36288,3.6288,61.308,0.45802,0,0,1.01071,0.343034,0.209653,0.66528,12.849,1,0.564908,0.36288,0,39.4936,5.71545,33.5761,0.84672,12.849,0.84672,3695.15,0,18.483,0.138083,1.08395,1.89504,4.22871,1.48733,5.58228,0.42336,0,0,18.483,0.42336,442.007,0,1.02816,0,0,2.11211,1.08395,1.028160,1,0,39.3681,0,0,0,39.3681,0
62.0224,2.84231,0,0,1.77423,0.057924,0.36288,3.6288,61.308,0.458158,0,0,0.961321,0.334251,0.168912,0.66528,12.849,1,0.575029,0.36288,0,36.7141,6.05887,30.4431,0.84672,12.849,0.84672,3695.15,0,18.483,0.138124,1.08676,1.89524,3.84216,1.62527,5.06076,0.42336,0,0,18.483,0.42336,442.007,0,1.02816,0,0,2.11492,1.08676,1.028160,1,0,35.6728,0,0,0,35.6728,0
60.5342,2.89726,0,0,1.82828,0.0563403,0.36288,3.6288,61.308,0.488798,0,0,0.962911,0.316309,0.157804,0.66528,12.849,1,0.600217,0.36288,0,34.8098,5.45947,29.113,0.84672,12.849,0.84672,3695.15,0,18.483,0.147362,1.00051,1.89545,2.96757,1.43814,4.27803,0.42336,0,0,18.483,0.42336,442.007,0,1.02816,0,0,2.02867,1.00051,1.028160,1,0,33.5488,0,0,0,33.5488,0
58.8493,2.88541,0,0,1.61907,0.0556503,0.36288,3.6288,61.308,0.488939,0,0,0.904228,0.316309,0.0989806,0.66528,12.849,1,0.612457,0.36288,0,32.7972,5.45947,27.0881,0.84672,12.849,0.84672,3695.15,0,18.483,0.147404,0.860423,1.94128,2.93868,1.43814,4.15484,0.42336,0,0,18.483,0.42336,442.007,0,1.02816,0,0,1.88858,0.860423,1.028160,1,0,31.3419,0,0,0,31.3419,0
57.0311,2.87133,0,0,1.47074,0.0547728,0.36288,3.6288,61.308,0.48908,0,0,0.879742,0.316309,0.0743538,0.66528,12.849,1,0.626918,0.36288,0,30.8732,5.45947,25.1497,0.84672,12.849,0.84672,3695.15,0,18.483,0.147447,0.738426,1.94149,2.8338,1.43814,3.92813,0.42336,0,0,18.483,0.42336,442.007,0,1.02816,0,0,1.76659,0.738426,1.028160,1,0,29.1522,0,0,0,29.1522,0
55.0199,2.85533,0,0,1.24566,0.0386182,0.36288,3.6288,61.308,0.489221,0,0,0.874964,0.321967,0.0637767,0.66528,12.849,1,0.643302,0.36288,0,29.4227,5.73627,23.406,0.84672,12.849,0.84672,3695.15,0,18.483,0.147489,0.723246,1.94171,2.78079,1.43864,3.85961,0.42336,0,0,18.483,0.42336,442.007,0,1.02816,0,0,1.75141,0.723246,1.028160,1,0,27.3294,0,0,0,27.3294,0
52.4601,3.02603,0,0,0.880476,0.0514093,0.36288,3.6288,61.1601,0.599509,0,0,0.762765,0.311124,0,0.66528,12.849,1,0.706679,0.36288,0,21.0037,5.88394,14.7759,0.84672,12.849,0.84672,3695.15,0,18.483,0.180739,0.533321,1.94192,1.89982,1.57205,2.62228,0.42336,0,0,18.483,0.42336,442.007,0,1.02816,0,0,1.56148,0.533321,1.028160,1,0,17.3982,0,0,0,17.3982,0
49.9442,2.99866,0,0,0.89634,0.0507037,0.36288,3.6288,60.9966,0.599326,0,0,0.746565,0.31079,0,0.66528,12.849,1,0.734459,0.36288,0,19.0697,5.93428,12.7638,0.84672,12.849,0.84672,3695.15,0,18.483,0.18112,0.489957,2.09668,1.86512,1.6116,2.65904,0.42336,0,0,18.483,0.42336,442.007,0,1.02816,0,0,1.51812,0.489957,1.028160,1,0,15.4229,0,0,0,15.4229,0
47.8994,2.96956,0,0,1.34536,0.0577305,0.36288,3.6288,60.9781,0.599107,0,0,0.888926,0.308327,0,0.66528,12.849,1,0.76397,0.36288,0,28.1597,5.87491,21.8837,0.84672,12.849,0.84672,3695.15,0,18.483,0.181539,0.789929,2.09692,1.98209,1.60432,3.08307,0.42336,0,0,18.483,0.42336,442.007,0,1.02816,0,0,1.81809,0.789929,1.028160,1,0,24.9668,0,0,0,24.9668,0
46.4655,2.89639,0,0,1.8944,0.068978,0.36288,3.6288,61.2431,0.576691,0,0,1.14097,0.29921,0,0.66528,12.849,1,0.776957,0.36288,0,36.7556,5.87925,30.4623,0.84672,12.849,0.84672,3695.15,0,18.483,0.1748,0.876208,2.09715,2.18233,1.58405,3.39683,0.42336,0,0,18.483,0.42336,442.007,0,1.02816,0,0,1.90437,0.876208,1.028160,1,0,33.8591,0,0,0,33.8591,0
44.612,2.83046,0,0,1.3998,0.0599323,0.36288,3.6288,61.308,0.55487,0,0,1.24861,0.257201,0.371684,0.66528,12.849,1,0.7827,0.36288,0,60.515,5.53242,54.5628,0.84672,12.849,0.84672,3695.15,0,18.483,0.167458,1.39916,2.06334,2.47336,1.50487,4.26353,0.42336,0,0,18.483,0.42336,442.007,0,1.02816,0,0,2.42732,1.39916,1.028160,1,0,59.198,0,0,0,59.198,0
42.5503,2.71992,0,0,1.07817,0.0571289,0.36288,3.6288,61.308,0.490434,0,0,1.27333,0.227512,0.555383,0.66528,12.849,1,0.783381,0.36288,0,47.0693,5.18637,41.4624,0.84672,12.849,0.84672,3695.15,0,18.483,0.147855,0.936118,2.02953,2.44827,1.44665,3.81941,0.42336,0,0,18.483,0.42336,442.007,0,1.02816,0,0,1.96428,0.936118,1.028160,1,0,45.8372,0,0,0,45.8372,0
40.7258,2.73619,0,0,1.35032,0.0757318,0.36288,3.6288,61.308,0.512052,0,0,1.61128,0.224912,0.874319,0.66528,12.849,1,0.826254,0.36288,0,44.9067,5.0059,39.4375,0.84672,12.849,0.84672,3695.15,0,18.483,0.154372,1.02447,1.94402,2.99519,1.41949,4.38982,0.42336,0,0,18.483,0.42336,442.007,0,1.02816,0,0,2.05263,1.02447,1.028160,1,0,44.7016,0,0,0,44.7016,0
41.2731,2.71612,0,0,3.76834,0.142077,0.36288,3.6288,61.308,0.512195,0,0,2.85575,0.247388,2.09617,0.66528,12.849,1,0.84672,0.36288,0,73.471,4.52666,68.4605,0.84672,12.849,0.84672,3695.15,0,18.483,0.154415,4.01539,1.97684,6.45289,1.2777,11.013,0.42336,0,0,18.483,0.42336,442.007,0,1.02816,0,0,5.04355,4.01539,1.028160,1,0,81.5697,0,0,0,81.5697,0
40.1832,2.71729,0,0,2.13779,0.14749,0.36288,3.6288,61.308,0.512339,0,0,1.67223,0.238691,0.921199,0.66528,12.849,1,0.84594,0.36288,0,66.5915,4.47669,61.6318,0.84672,12.849,0.84672,3695.15,0,18.483,0.154459,1.2804,1.97706,3.1308,1.21269,5.02111,0.42336,0,0,18.483,0.42336,442.007,0,1.02816,0,0,2.30856,1.2804,1.028160,1,0,67.5741,0,0,0,67.5741,0
39.4499,2.63045,0,0,2.43228,0.1722,0.36288,3.6288,61.308,0.452555,0,0,1.66071,0.186512,1.02164,0.66528,12.849,1,0.841116,0.36288,0,78.2188,4.1769,73.5636,0.84672,12.849,0.84672,3695.15,0,18.483,0.136435,1.14703,1.97727,4.68515,0.822577,6.85044,0.42336,0,0,18.483,0.42336,442.007,0,1.02816,0,0,2.17519,1.14703,1.028160,1,0,81.4357,0,0,0,81.4357,0
38.8407,2.6825,0,0,2.60693,0.170726,0.36288,3.6288,61.308,0.47319,0,0,1.62199,0.186512,0.962286,0.66528,12.849,1,0.84672,0.36288,0,85.5056,4.1769,80.8448,0.84672,12.849,0.84672,3695.15,0,18.483,0.142656,1.39557,1.89998,5.32506,0.822577,7.65537,0.42336,0,0,18.483,0.42336,442.007,0,1.02816,0,0,2.42373,1.39557,1.028160,1,0,89.4625,0,0,0,89.4625,0
38.6917,2.68289,0,0,3.06624,0.169529,0.36288,3.6288,61.308,0.473329,0,0,2.65268,0.186512,1.99284,0.66528,12.849,1,0.84672,0.36288,0,100.793,4.1769,96.1318,0.84672,12.849,0.84672,3695.15,0,18.483,0.142698,2.18702,1.93154,6.60395,0.822577,9.75723,0.42336,0,0,18.483,0.42336,442.007,0,1.02816,0,0,3.21518,2.18702,1.028160,1,0,107.882,0,0,0,107.882,0
38.5034,2.68328,0,0,3.0342,0.176312,0.36288,3.6288,61.308,0.473469,0,0,2.14196,0.165029,1.50346,0.66528,12.849,1,0.84672,0.36288,0,100.993,4.18704,96.3221,0.84672,12.849,0.84672,3695.15,0,18.483,0.14274,1.98628,1.93175,7.39938,0.885736,10.2889,0.42336,0,0,18.483,0.42336,442.007,0,1.02816,0,0,3.01444,1.98628,1.028160,1,0,108.114,0,0,0,108.114,0
38.7671,2.40797,0,0,3.21607,0.181542,0.36288,3.6288,61.308,0.328238,0,0,2.09664,0.185429,1.58298,0.66528,12.849,1,0.803565,0.36288,0,99.5501,3.86848,95.2409,0.84672,12.849,0.84672,3695.15,0,18.483,0.0989565,1.29217,1.93196,6.16607,1.00931,8.28194,0.42336,0,0,18.483,0.42336,442.007,0,1.02816,0,0,2.32033,1.29217,1.028160,1,0,105.106,0,0,0,105.106,0
41.0097,2.41234,0,0,5.20003,0.182153,0.36288,3.6288,61.308,0.328361,0,0,1.91187,0.191514,1.39199,0.66528,12.849,1,0.799549,0.36288,0,88.8114,3.81412,84.5606,0.84672,12.849,0.84672,3695.15,0,18.483,0.0989937,1.71813,1.72625,7.20939,1.02201,9.53277,0.42336,0,0,18.483,0.42336,442.007,0,1.02816,0,0,2.74629,1.71813,1.028160,1,0,95.4854,0,0,0,95.4854,0
41.2656,2.4459,0,0,3.25166,0.187007,0.36288,3.6288,61.308,0.328485,0,0,1.67981,0.191514,1.15982,0.66528,12.849,1,0.76634,0.36288,0,90.6336,3.81412,86.416,0.84672,12.849,0.84672,3695.15,0,18.483,0.0990308,2.12754,1.72644,6.88017,1.02201,9.61311,0.42336,0,0,18.483,0.42336,442.007,0,1.02816,0,0,3.1557,2.12754,1.028160,1,0,97.1889,0,0,0,97.1889,0
41.6953,2.4498,0,0,3.4299,0.187572,0.36288,3.6288,61.308,0.328608,0,0,1.49907,0.191514,0.978944,0.66528,12.849,1,0.762801,0.36288,0,76.4623,3.81412,72.2482,0.84672,12.849,0.84672,3695.15,0,18.483,0.099068,1.65372,1.72663,8.52575,1.02201,10.785,0.42336,0,0,18.483,0.42336,442.007,0,1.02816,0,0,2.68188,1.65372,1.028160,1,0,84.0122,0,0,0,84.0122,0
45.4672,2.41556,0,0,6.75791,0.207569,0.36288,3.6288,61.308,0.310278,0,0,2.71036,0.193282,2.2068,0.66528,12.849,1,0.744391,0.36288,0,99.8387,3.36415,96.093,0.84672,12.849,0.84672,3695.15,0,18.483,0.0935419,2.62763,1.72682,12.8427,0.931743,16.1718,0.42336,0,0,18.483,0.42336,442.007,0,1.02816,0,0,3.65579,2.62763,1.028160,1,0,114.472,0,0,0,114.472,0
48.0715,2.54116,0,0,5.7672,0.258837,0.36288,3.6288,61.308,0.345974,0,0,2.55855,0.188777,2.0238,0.66528,12.849,1,0.718131,0.36288,0,186.341,3.75595,182.23,0.84672,12.849,0.84672,3695.15,0,18.483,0.104303,2.26916,1.69852,10.4709,0.933947,13.4003,0.42336,0,0,18.483,0.42336,442.007,0,1.02816,0,0,3.29732,2.26916,1.028160,1,0,197.654,0,0,0,197.654,0
48.9579,2.6584,0,0,4.17413,0.266401,0.36288,3.6288,61.308,0.384196,0,0,3.53592,0.188777,2.96295,0.66528,12.849,1,0.710561,0.36288,0,108.991,3.75595,104.887,0.84672,12.849,0.84672,3695.15,0,18.483,0.115827,3.12521,1.75303,12.5767,0.933947,16.4052,0.42336,0,0,18.483,0.42336,442.007,0,1.02816,0,0,4.15337,3.12521,1.028160,1,0,124.256,0,0,0,124.256,0
49.3673,2.66886,0,0,3.70214,0.261096,0.36288,3.6288,61.308,0.384315,0,0,2.69099,0.191255,2.11542,0.66528,12.849,1,0.700441,0.36288,0,104.713,3.92323,100.453,0.84672,12.849,0.84672,3695.15,0,18.483,0.115863,2.18619,1.81202,9.73642,0.88591,12.7328,0.42336,0,0,18.483,0.42336,442.007,0,1.02816,0,0,3.21435,2.18619,1.028160,1,0,115.301,0,0,0,115.301,0
50.4896,2.67374,0,0,4.44118,0.282251,0.36288,3.6288,61.308,0.384434,0,0,2.94831,0.198367,2.36551,0.66528,12.849,1,0.695904,0.36288,0,117.287,4.2076,112.747,0.84672,12.849,0.84672,3695.15,0,18.483,0.115898,2.65329,1.8122,11.2533,0.85704,14.7458,0.42336,0,0,18.483,0.42336,442.007,0,1.02816,0,0,3.68145,2.65329,1.028160,1,0,129.858,0,0,0,129.858,0
51.2707,2.94836,0,0,4.31816,0.225826,0.36288,3.6288,61.308,0.522655,0,0,3.22337,0.164702,2.53601,0.66528,12.849,1,0.750323,0.36288,0,106.259,2.90084,102.971,0.84672,12.849,0.84672,3695.15,0,18.483,0.157569,2.2391,1.81238,16.356,0.797798,19.4522,0.42336,0,0,18.483,0.42336,442.007,0,1.02816,0,0,3.26726,2.2391,1.028160,1,0,124.959,0,0,0,124.959,0
53.697,2.9578,0,0,5.98672,0.239694,0.36288,3.6288,61.308,0.522788,0,0,2.17684,0.157165,1.49689,0.66528,12.849,1,0.741258,0.36288,0,150.028,2.9446,146.705,0.84672,12.849,0.84672,3695.15,0,18.483,0.157609,2.0574,2.01303,12.8328,0.778631,15.967,0.42336,0,0,18.483,0.42336,442.007,0,1.02816,0,0,3.08556,2.0574,1.028160,1,0,164.168,0,0,0,164.168,0
58.8638,2.98513,0,0,8.8087,0.293852,0.36288,3.6288,61.308,0.522921,0,0,2.44745,0.165756,1.75878,0.66528,12.849,1,0.714303,0.36288,0,145.313,2.97855,141.983,0.84672,12.849,0.84672,3695.15,0,18.483,0.157649,4.1849,2.01323,16.7333,0.771827,22.0019,0.42336,0,0,18.483,0.42336,442.007,0,1.02816,0,0,5.21306,4.1849,1.028160,1,0,165.743,0,0,0,165.743,0
60.5516,3.0369,0,0,5.41046,0.322961,0.36288,3.6288,61.308,0.523054,0,0,1.97016,0.186329,1.26078,0.66528,12.849,1,0.662905,0.36288,0,159.159,2.92194,155.937,0.84672,12.849,0.84672,3695.15,0,18.483,0.157689,1.46605,2.01344,13.5924,0.802661,16.1116,0.42336,0,0,18.483,0.42336,442.007,0,1.02816,0,0,2.49421,1.46605,1.028160,1,0,173.31,0,0,0,173.31,0
64.5236,2.66553,0,0,7.35299,0.35256,0.36288,3.6288,61.308,0.337778,0,0,4.54899,0.139315,4.07189,0.66528,12.849,1,0.565625,0.36288,0,184.15,2.41101,181.537,0.84672,12.849,0.84672,3695.15,0,18.483,0.101832,6.48895,2.01364,20.0138,0.816925,27.5976,0.42336,0,0,18.483,0.42336,442.007,0,1.02816,0,0,7.51711,6.48895,1.028160,1,0,213.206,0,0,0,213.206,0
67.725,2.69484,0,0,6.62342,0.364224,0.36288,3.6288,61.308,0.337892,0,0,4.48204,0.139315,4.00484,0.66528,12.849,1,0.536642,0.36288,0,167.399,2.41101,164.814,0.84672,12.849,0.84672,3695.15,0,18.483,0.101867,6.23891,1.73952,21.384,0.816925,28.4436,0.42336,0,0,18.483,0.42336,442.007,0,1.02816,0,0,7.26707,6.23891,1.028160,1,0,197.263,0,0,0,197.263,0
71.5575,2.71644,0,0,7.28542,0.373626,0.36288,3.6288,61.308,0.338006,0,0,4.18789,0.139315,3.71057,0.66528,12.849,1,0.515372,0.36288,0,170.524,2.41101,167.961,0.84672,12.849,0.84672,3695.15,0,18.483,0.101901,6.7074,1.73969,20.0037,0.816925,27.5319,0.42336,0,0,18.483,0.42336,442.007,0,1.02816,0,0,7.73556,6.7074,1.028160,1,0,199.203,0,0,0,199.203,0
72.29,2.74012,0,0,8.41847,0.38488,4.56099,3.6288,61.308,0.33812,0,0,6.36943,0.139315,5.89199,0.66528,12.849,1,0.492021,4.56099,0,213.008,2.41101,214.666,0.84672,12.849,0.84672,3695.15,0,18.483,0.101936,7.63361,1.73987,30.2915,0.816925,38.7461,0.42336,0,0,18.483,0.42336,442.007,0,1.02816,0,0,8.66177,7.63361,1.028160,1,0,259.304,0,0,0,259.304,0
72.29,2.74463,0,0,5.29393,0.353757,2.19554,3.6288,61.308,0.338235,0,0,3.65712,0.182442,3.13645,0.66528,12.849,1,0.487837,2.19554,0,102.963,3.44263,101.228,0.84672,12.849,0.84672,3695.15,0,18.483,0.10197,3.8105,1.74005,15.9842,1.00838,20.4244,0.42336,0,0,18.483,0.42336,442.007,0,1.02816,0,0,4.83866,3.8105,1.028160,1,0,124.789,0,0,0,124.789,0
72.29,2.8452,0,0,4.25163,0.350696,1.05573,3.6288,61.308,0.38373,0,0,2.85604,0.183876,2.28843,0.66528,12.849,1,0.505713,1.05573,0,143.573,3.33207,140.791,0.84672,12.849,0.84672,3695.15,0,18.483,0.115686,2.87378,1.74022,12.1525,1.02557,15.6253,0.42336,0,0,18.483,0.42336,442.007,0,1.02816,0,0,3.90194,2.87378,1.028160,1,0,158.705,0,0,0,158.705,0
72.29,2.84549,0,0,4.19674,0.350696,1.00056,3.6288,61.308,0.383849,0,0,3.01806,0.183876,2.45034,0.66528,12.849,1,0.505764,1.00056,0,92.7832,3.33207,89.946,0.84672,12.849,0.84672,3695.15,0,18.483,0.115722,3.22344,1.80817,12.0861,1.02557,15.9764,0.42336,0,0,18.483,0.42336,442.007,0,1.02816,0,0,4.2516,3.22344,1.028160,1,0,108.373,0,0,0,108.373,0
72.29,2.84578,0,0,4.60427,0.308561,1.44993,3.6288,61.308,0.383968,0,0,3.30043,0.203495,2.71297,0.66528,12.849,1,0.505816,1.44993,0,81.5106,3.50505,78.9497,0.84672,12.849,0.84672,3695.15,0,18.483,0.115758,4.23134,1.80835,11.7564,1.03589,16.6444,0.42336,0,0,18.483,0.42336,442.007,0,1.02816,0,0,5.2595,4.23134,1.028160,1,0,98.3071,0,0,0,98.3071,0
72.1815,2.84607,0,0,3.34813,0.24768,0.36288,3.6288,61.308,0.384087,0,0,1.81083,0.230952,1.19579,0.66528,12.849,1,0.505867,0.36288,0,64.9467,3.9018,60.9019,0.84672,12.849,0.84672,3695.15,0,18.483,0.115794,2.19589,1.80853,8.9329,1.07228,11.7492,0.42336,0,0,18.483,0.42336,442.007,0,1.02816,0,0,3.22405,2.19589,1.028160,1,0,73.847,0,0,0,73.847,0
72.2449,2.80649,0,0,3.4685,0.235729,0.36288,3.6288,61.308,0.366573,0,0,1.4503,0.234196,0.849533,0.66528,12.849,1,0.499582,0.36288,0,84.5735,4.31708,80.1197,0.84672,12.849,0.84672,3695.15,0,18.483,0.110514,2.05237,1.80872,7.66316,1.12881,10.2849,0.42336,0,0,18.483,0.42336,442.007,0,1.02816,0,0,3.08053,2.05237,1.028160,1,0,91.2542,0,0,0,91.2542,0
71.9144,2.80715,0,0,3.07531,0.235843,0.36288,3.6288,61.308,0.36669,0,0,1.31733,0.234196,0.716446,0.66528,12.849,1,0.49926,0.36288,0,73.2793,4.31708,68.8258,0.84672,12.849,0.84672,3695.15,0,18.483,0.110549,1.66167,1.78251,6.62679,1.12881,8.83161,0.42336,0,0,18.483,0.42336,442.007,0,1.02816,0,0,2.68983,1.66167,1.028160,1,0,78.3739,0,0,0,78.3739,0
71.3016,2.80548,0,0,2.78654,0.230943,0.36288,3.6288,61.308,0.366807,0,0,1.18112,0.228507,0.585809,0.66528,12.849,1,0.501258,0.36288,0,64.5659,4.19912,60.2284,0.84672,12.849,0.84672,3695.15,0,18.483,0.110584,1.41739,1.78269,6.0612,1.09889,8.05181,0.42336,0,0,18.483,0.42336,442.007,0,1.02816,0,0,2.44555,1.41739,1.028160,1,0,68.866,0,0,0,68.866,0
70.4866,2.80212,0,0,2.55418,0.204135,0.36288,3.6288,61.308,0.366924,0,0,1.11627,0.194374,0.554972,0.66528,12.849,1,0.504959,0.36288,0,62.1638,3.49135,58.5304,0.84672,12.849,0.84672,3695.15,0,18.483,0.110619,1.29838,1.78287,5.51896,0.919384,7.57021,0.42336,0,0,18.483,0.42336,442.007,0,1.02816,0,0,2.32654,1.29838,1.028160,1,0,66.6556,0,0,0,66.6556,0
69.9949,2.93016,0,0,2.94683,0.145511,0.36288,3.6288,61.308,0.429597,0,0,1.18861,0.255781,0.503235,0.66528,12.849,1,0.534139,0.36288,0,61.2304,4.63651,56.4226,0.84672,12.849,0.84672,3695.15,0,18.483,0.129514,1.61209,1.78305,6.04495,1.24373,8.06686,0.42336,0,0,18.483,0.42336,442.007,0,1.02816,0,0,2.64025,1.61209,1.028160,1,0,64.9927,0,0,0,64.9927,0
69.388,2.92729,0,0,2.81215,0.128842,0.36288,3.6288,61.308,0.42972,0,0,1.16895,0.288224,0.451005,0.66528,12.849,1,0.537364,0.36288,0,59.6684,4.87362,54.6203,0.84672,12.849,0.84672,3695.15,0,18.483,0.129551,1.41794,1.87554,5.90864,1.36806,7.70449,0.42336,0,0,18.483,0.42336,442.007,0,1.02816,0,0,2.4461,1.41794,1.028160,1,0,62.7758,0,0,0,62.7758,0
68.6341,2.92362,0,0,2.6168,0.0842803,0.36288,3.6288,61.308,0.429844,0,0,1.08538,0.276139,0.3794,0.66528,12.849,1,0.541384,0.36288,0,57.5835,4.97479,52.4302,0.84672,12.849,0.84672,3695.15,0,18.483,0.129588,1.11389,1.87573,5.56267,1.33204,7.09065,0.42336,0,0,18.483,0.42336,442.007,0,1.02816,0,0,2.14205,1.11389,1.028160,1,0,59.9003,0,0,0,59.9003,0
67.7269,2.91891,0,0,2.4584,0.0837873,0.36288,3.6288,61.308,0.429967,0,0,1.07527,0.276139,0.36916,0.66528,12.849,1,0.546449,0.36288,0,50.5299,4.97479,45.3716,0.84672,12.849,0.84672,3695.15,0,18.483,0.129626,1.28731,1.87592,5.06544,1.33204,6.767,0.42336,0,0,18.483,0.42336,442.007,0,1.02816,0,0,2.31547,1.28731,1.028160,1,0,52.5077,0,0,0,52.5077,0
66.6275,2.91305,0,0,2.2632,0.0866407,0.36288,3.6288,61.308,0.430091,0,0,0.890378,0.278501,0.181786,0.66528,12.849,1,0.552657,0.36288,0,46.8679,5.03041,41.6477,0.84672,12.849,0.84672,3695.15,0,18.483,0.129663,1.15595,1.87611,5.30129,1.34592,6.85776,0.42336,0,0,18.483,0.42336,442.007,0,1.02816,0,0,2.18411,1.15595,1.028160,1,0,48.6873,0,0,0,48.6873,0
65.4111,2.87967,0,0,2.11462,0.0884546,0.36288,3.6288,61.3036,0.464613,0,0,0.740448,0.280273,0,0.66528,12.849,1,0.55534,0.36288,0,47.5196,5.07213,42.255,0.84672,12.849,0.84672,3695.15,0,18.483,0.140071,0.934347,1.8763,5.75422,1.35633,7.06846,0.42336,0,0,18.483,0.42336,442.007,0,1.02816,0,0,1.96251,0.934347,1.028160,1,0,49.3234,0,0,0,49.3234,0
64.0442,2.87133,0,0,1.95485,0.0876016,0.36288,3.6288,61.2744,0.464732,0,0,0.715841,0.280266,0,0.66528,12.849,1,0.564029,0.36288,0,47.2324,5.07213,41.9591,0.84672,12.849,0.84672,3695.15,0,18.483,0.140117,0.901135,1.90526,5.83481,1.35633,7.14475,0.42336,0,0,18.483,0.42336,442.007,0,1.02816,0,0,1.92929,0.901135,1.028160,1,0,49.1038,0,0,0,49.1038,0
62.5077,2.8616,0,0,1.77467,0.0866429,0.36288,3.6288,61.2056,0.464808,0,0,0.676261,0.280214,0,0.66528,12.849,1,0.574114,0.36288,0,45.8286,5.07213,40.5453,0.84672,12.849,0.84672,3695.15,0,18.483,0.140206,0.711893,1.90545,5.48465,1.35633,6.60546,0.42336,0,0,18.483,0.42336,442.007,0,1.02816,0,0,1.74005,0.711893,1.028160,1,0,47.1507,0,0,0,47.1507,0
60.9113,2.85018,0,0,1.6953,0.0786474,0.36288,3.6288,61.1216,0.464814,0,0,0.681445,0.300685,0,0.66528,12.849,1,0.585879,0.36288,0,41.1018,5.34434,35.5344,0.84672,12.849,0.84672,3695.15,0,18.483,0.140365,0.661893,1.90564,5.2616,1.43108,6.25769,0.42336,0,0,18.483,0.42336,442.007,0,1.02816,0,0,1.69005,0.661893,1.028160,1,0,41.7921,0,0,0,41.7921,0
59.397,2.90401,0,0,1.81971,0.0670967,0.36288,3.6288,60.9159,0.495441,0,0,0.637044,0.347322,0,0.66528,12.849,1,0.61259,0.36288,0,48.9521,5.98952,42.7129,0.84672,12.849,0.84672,3695.15,0,18.483,0.14982,0.640544,1.90584,4.78907,1.51887,5.66677,0.42336,0,0,18.483,0.42336,442.007,0,1.02816,0,0,1.6687,0.640544,1.028160,1,0,48.3796,0,0,0,48.3796,0
57.7804,2.89147,0,0,1.70389,0.0661804,0.36288,3.6288,60.6662,0.495182,0,0,0.592423,0.34687,0,0.66528,12.849,1,0.625493,0.36288,0,39.3037,5.98952,33.0516,0.84672,12.849,0.84672,3695.15,0,18.483,0.150247,0.609604,1.9519,4.31698,1.51887,5.20937,0.42336,0,0,18.483,0.42336,442.007,0,1.02816,0,0,1.63776,0.609604,1.028160,1,0,38.2609,0,0,0,38.2609,0
56.0262,2.87744,0,0,1.55133,0.0651513,0.36288,3.6288,60.3875,0.494838,0,0,0.56243,0.346321,0,0.66528,12.849,1,0.639875,0.36288,0,35.8201,5.98952,29.5536,0.84672,12.849,0.84672,3695.15,0,18.483,0.150761,0.357584,1.95209,4.02678,1.51887,4.66683,0.42336,0,0,18.483,0.42336,442.007,0,1.02816,0,0,1.38574,0.357584,1.028160,1,0,34.2205,0,0,0,34.2205,0
54.5702,2.86143,0,0,1.82133,0.0530492,0.36288,3.6288,60.2605,0.494435,0,0,0.702605,0.335189,0,0.66528,12.849,1,0.656238,0.36288,0,37.4437,6.16437,30.986,0.84672,12.849,0.84672,3695.15,0,18.483,0.151333,0.980147,1.95229,6.11673,1.56671,7.33112,0.42336,0,0,18.483,0.42336,442.007,0,1.02816,0,0,2.00831,0.980147,1.028160,1,0,38.3171,0,0,0,38.3171,0
53.0763,2.98843,0,0,1.8938,0.0363761,0.36288,3.6288,60.0094,0.582043,0,0,0.70022,0.369261,0,0.66528,12.849,1,0.70365,0.36288,0,41.1867,6.01431,34.8316,0.84672,12.849,0.84672,3695.15,0,18.483,0.178523,0.345401,1.95249,4.18441,1.58113,4.72265,0.42336,0,0,18.483,0.42336,442.007,0,1.02816,0,0,1.37356,0.345401,1.028160,1,0,39.5543,0,0,0,39.5543,0
51.5599,2.97279,0,0,1.8669,0.0477035,0.36288,3.6288,59.7666,0.58161,0,0,0.700315,0.361469,0,0.66528,12.849,1,0.719668,0.36288,0,39.9339,5.92493,33.6522,0.84672,12.849,0.84672,3695.15,0,18.483,0.179137,0.397751,2.07387,4.3135,1.60671,4.99927,0.42336,0,0,18.483,0.42336,442.007,0,1.02816,0,0,1.42591,0.397751,1.028160,1,0,38.6515,0,0,0,38.6515,0
49.897,3.0049,0,0,1.74776,0.0428789,0.36288,3.6288,59.4886,0.603733,0,0,0.689144,0.363475,0,0.66528,12.849,1,0.748838,0.36288,0,40.2445,5.9997,33.8589,0.84672,12.849,0.84672,3695.15,0,18.483,0.186706,0.85244,2.07408,4.10143,1.62165,5.21958,0.42336,0,0,18.483,0.42336,442.007,0,1.02816,0,0,1.8806,0.85244,1.028160,1,0,39.0784,0,0,0,39.0784,0
48.2331,2.93692,0,0,1.67807,0.0421371,0.36288,3.6288,59.2243,0.58069,0,0,0.679208,0.362829,0,0.66528,12.849,1,0.756287,0.36288,0,37.9556,5.9997,31.5625,0.84672,12.849,0.84672,3695.15,0,18.483,0.180419,0.818631,2.1085,4.04273,1.62165,5.1678,0.42336,0,0,18.483,0.42336,442.007,0,1.02816,0,0,1.84679,0.818631,1.028160,1,0,36.7303,0,0,0,36.7303,0
46.719,2.91661,0,0,1.82771,0.0622803,0.36288,3.6288,59.1049,0.580214,0,0,0.784132,0.323334,0,0.66528,12.849,1,0.776967,0.36288,0,43.4961,5.24487,37.8371,0.84672,12.849,0.84672,3695.15,0,18.483,0.181076,0.918648,2.0745,5.02459,1.50899,6.32767,0.42336,0,0,18.483,0.42336,442.007,0,1.02816,0,0,1.94681,0.918648,1.028160,1,0,44.1648,0,0,0,44.1648,0
45.8429,2.76243,0,0,2.33783,0.0886495,0.36288,3.6288,59.3907,0.493073,0,0,1.05024,0.271284,0,0.66528,12.849,1,0.759743,0.36288,0,46.0364,4.23843,41.4011,0.84672,12.849,0.84672,3695.15,0,18.483,0.154192,1.39387,2.07471,6.26483,1.35878,8.22043,0.42336,0,0,18.483,0.42336,442.007,0,1.02816,0,0,2.42203,1.39387,1.028160,1,0,49.6216,0,0,0,49.6216,0
44.5171,2.79751,0,0,1.92234,0.08779,0.36288,3.6288,60.0717,0.515201,0,0,1.46792,0.271781,0,0.66528,12.849,1,0.784096,0.36288,0,44.6906,4.23843,40.0309,0.84672,12.849,0.84672,3695.15,0,18.483,0.160336,3.10401,1.95449,7.07349,1.35878,10.6129,0.42336,0,0,18.483,0.42336,442.007,0,1.02816,0,0,4.13217,3.10401,1.028160,1,0,50.6438,0,0,0,50.6438,0
42.8831,2.77967,0,0,1.59508,0.0864892,0.36288,3.6288,60.0715,0.516723,0,0,0.789515,0.272965,0,0.66528,12.849,1,0.802299,0.36288,0,42.8199,4.23843,38.1421,0.84672,12.849,0.84672,3695.15,0,18.483,0.158986,1.11105,1.98747,5.26782,1.35878,6.84857,0.42336,0,0,18.483,0.42336,442.007,0,1.02816,0,0,2.13921,1.11105,1.028160,1,0,44.9906,0,0,0,44.9906,0
41.9285,2.75643,0,0,2.29416,0.129487,0.36288,3.6288,60.298,0.516854,0,0,0.971145,0.227837,0,0.66528,12.849,1,0.825904,0.36288,0,49.9751,3.61554,45.8965,0.84672,12.849,0.84672,3695.15,0,18.483,0.159027,1.38243,1.98767,5.79665,1.16409,7.84364,0.42336,0,0,18.483,0.42336,442.007,0,1.02816,0,0,2.41059,1.38243,1.028160,1,0,53.7401,0,0,0,53.7401,0
41.5162,2.67147,0,0,2.82715,0.205098,0.36288,3.6288,60.7848,0.457429,0,0,1.19701,0.252769,0,0.66528,12.849,1,0.818674,0.36288,0,45.195,5.30166,39.4375,0.84672,12.849,0.84672,3695.15,0,18.483,0.140215,1.52006,1.98787,6.90159,1.10026,9.16905,0.42336,0,0,18.483,0.42336,442.007,0,1.02816,0,0,2.54822,1.52006,1.028160,1,0,48.6066,0,0,0,48.6066,0
41.3706,2.7095,0,0,3.13089,0.20411,0.36288,3.6288,61.308,0.478982,0,0,1.35351,0.253552,0.0977452,0.66528,12.849,1,0.838573,0.36288,0,61.2912,5.30166,55.5139,0.84672,12.849,0.84672,3695.15,0,18.483,0.145646,1.5737,1.91015,6.2541,1.10026,8.49204,0.42336,0,0,18.483,0.42336,442.007,0,1.02816,0,0,2.60186,1.5737,1.028160,1,0,64.1036,0,0,0,64.1036,0
40.5929,2.66359,0,0,2.45257,0.203761,0.36288,3.6288,61.308,0.459456,0,0,1.14034,0.254393,0.426492,0.66528,12.849,1,0.827265,0.36288,0,50.1699,5.30166,44.4038,0.84672,12.849,0.84672,3695.15,0,18.483,0.138516,1.23905,1.94185,4.57246,1.10026,6.5146,0.42336,0,0,18.483,0.42336,442.007,0,1.02816,0,0,2.26721,1.23905,1.028160,1,0,51.3449,0,0,0,51.3449,0
44.6066,2.70207,0,0,7.26496,0.186301,0.36288,3.6288,61.308,0.480194,0,0,1.86954,0.246451,1.14289,0.66528,12.849,1,0.84672,0.36288,0,65.606,5.10966,60.0125,0.84672,12.849,0.84672,3695.15,0,18.483,0.144768,2.50069,1.91054,10.6414,1.14318,13.7646,0.42336,0,0,18.483,0.42336,442.007,0,1.02816,0,0,3.52885,2.50069,1.028160,1,0,74.9201,0,0,0,74.9201,0
52.4483,2.54792,0,0,10.9562,0.203663,0.36288,3.6288,61.308,0.352724,0,0,2.8126,0.202353,2.25752,0.66528,12.849,1,0.733933,0.36288,0,123.078,4.48463,118.222,0.84672,12.849,0.84672,3695.15,0,18.483,0.106338,2.93542,1.94225,15.3767,1.08053,19.0675,0.42336,0,0,18.483,0.42336,442.007,0,1.02816,0,0,3.96358,2.93542,1.028160,1,0,139.547,0,0,0,139.547,0
59.4271,2.63633,0,0,10.2012,0.223304,0.36288,3.6288,61.308,0.352839,0,0,4.34874,0.196415,3.79948,0.66528,12.849,1,0.645859,0.36288,0,83.5889,4.48854,78.8174,0.84672,12.849,0.84672,3695.15,0,18.483,0.106373,3.47759,1.76405,14.116,1.09284,18.1585,0.42336,0,0,18.483,0.42336,442.007,0,1.02816,0,0,4.50575,3.47759,1.028160,1,0,100.775,0,0,0,100.775,0
62.6667,2.69897,0,0,6.55819,0.256731,0.36288,3.6288,61.308,0.352955,0,0,1.52727,0.198318,0.975993,0.66528,12.849,1,0.583556,0.36288,0,80.1086,4.28979,75.5981,0.84672,12.849,0.84672,3695.15,0,18.483,0.106408,1.42004,1.76423,8.70212,1.05114,10.7288,0.42336,0,0,18.483,0.42336,442.007,0,1.02816,0,0,2.4482,1.42004,1.028160,1,0,87.303,0,0,0,87.303,0
66.0652,2.72428,0,0,6.79432,0.308642,0.36288,3.6288,61.308,0.353071,0,0,1.31208,0.203078,0.755931,0.66528,12.849,1,0.558578,0.36288,0,102.886,3.79292,98.8974,0.84672,12.849,0.84672,3695.15,0,18.483,0.106443,1.52042,1.7644,8.95182,0.94688,11.1833,0.42336,0,0,18.483,0.42336,442.007,0,1.02816,0,0,2.54858,1.52042,1.028160,1,0,110.837,0,0,0,110.837,0
69.9492,2.74861,0,0,7.29874,0.303227,0.36288,3.6288,61.308,0.353186,0,0,1.86774,0.193552,1.32101,0.66528,12.849,1,0.534576,0.36288,0,126.381,3.6134,122.596,0.84672,12.849,0.84672,3695.15,0,18.483,0.106478,2.27861,1.76458,10.654,0.92651,13.6642,0.42336,0,0,18.483,0.42336,442.007,0,1.02816,0,0,3.30677,2.27861,1.028160,1,0,137.581,0,0,0,137.581,0
72.29,2.86085,0,0,6.40607,0.276521,0.92791,3.6288,61.308,0.390264,0,0,3.58317,0.169737,3.02317,0.66528,12.849,1,0.525512,0.92791,0,139.934,3.16459,137.172,0.84672,12.849,0.84672,3695.15,0,18.483,0.117656,3.8046,1.76476,17.2528,0.875586,21.8289,0.42336,0,0,18.483,0.42336,442.007,0,1.02816,0,0,4.83276,3.8046,1.028160,1,0,162.024,0,0,0,162.024,0
72.29,2.87557,0,0,4.75978,0.281521,1.60269,3.6288,61.308,0.390373,0,0,3.19557,0.169737,2.63546,0.66528,12.849,1,0.511111,1.60269,0,99.5691,3.16459,97.4961,0.84672,12.849,0.84672,3695.15,0,18.483,0.117689,3.36335,1.82138,13.3739,0.875586,17.5653,0.42336,0,0,18.483,0.42336,442.007,0,1.02816,0,0,4.39151,3.36335,1.028160,1,0,117.697,0,0,0,117.697,0
72.29,2.87583,0,0,7.88677,0.281521,4.72942,3.6288,61.308,0.390482,0,0,4.32413,0.169737,3.76391,0.66528,12.849,1,0.511158,4.72942,0,137.511,3.16459,138.564,0.84672,12.849,0.84672,3695.15,0,18.483,0.117722,4.63584,1.82155,19.3596,0.875586,24.8237,0.42336,0,0,18.483,0.42336,442.007,0,1.02816,0,0,5.664,4.63584,1.028160,1,0,167.152,0,0,0,167.152,0
72.29,2.8761,0,0,11.509,0.295877,8.33702,3.6288,61.308,0.390591,0,0,5.02471,0.172552,4.46157,0.66528,12.849,1,0.511205,8.33702,0,224.704,3.51466,229.015,0.84672,12.849,0.84672,3695.15,0,18.483,0.117755,5.71774,1.82172,27.9439,0.958338,34.4073,0.42336,0,0,18.483,0.42336,442.007,0,1.02816,0,0,6.7459,5.71774,1.028160,1,0,267.884,0,0,0,267.884,0
72.29,3.15692,0,0,8.15227,0.321351,4.674,3.6288,61.308,0.529525,0,0,3.42152,0.149365,2.74263,0.66528,12.849,1,0.561119,4.674,0,197.705,4.02534,197.792,0.84672,12.849,0.84672,3695.15,0,18.483,0.15964,3.84168,1.82189,21.4776,0.900427,26.0811,0.42336,0,0,18.483,0.42336,442.007,0,1.02816,0,0,4.86984,3.84168,1.028160,1,0,226.616,0,0,0,226.616,0
72.29,3.15721,0,0,6.63673,0.319615,3.1599,3.6288,61.308,0.529647,0,0,2.90122,0.144328,2.22724,0.66528,12.849,1,0.561171,3.1599,0,167.12,3.96459,165.754,0.84672,12.849,0.84672,3695.15,0,18.483,0.159677,2.85153,2.02357,18.357,0.856295,22.2161,0.42336,0,0,18.483,0.42336,442.007,0,1.02816,0,0,3.87969,2.85153,1.028160,1,0,190.198,0,0,0,190.198,0
72.29,3.1575,0,0,9.45086,0.31442,5.97894,3.6288,61.308,0.529769,0,0,4.55153,0.155393,3.86636,0.66528,12.849,1,0.561222,5.97894,0,232.271,4.22667,233.462,0.84672,12.849,0.84672,3695.15,0,18.483,0.159714,4.92862,2.02375,31.3018,0.938287,37.1561,0.42336,0,0,18.483,0.42336,442.007,0,1.02816,0,0,5.95678,4.92862,1.028160,1,0,274.484,0,0,0,274.484,0
72.29,3.1578,0,0,9.65321,0.304951,6.19047,3.6288,61.308,0.529891,0,0,5.21386,0.16067,4.5233,0.66528,12.849,1,0.561274,6.19047,0,217.09,4.55981,218.16,0.84672,12.849,0.84672,3695.15,0,18.483,0.15975,5.87059,2.02394,39.2647,1.002,45.9974,0.42336,0,0,18.483,0.42336,442.007,0,1.02816,0,0,6.89875,5.87059,1.028160,1,0,268.68,0,0,0,268.68,0
72.29,2.75778,0,0,5.41257,0.299759,2.35503,3.6288,61.308,0.34364,0,0,3.20747,0.121928,2.7419,0.66528,12.849,1,0.490175,2.35503,0,131.648,4.27673,129.236,0.84672,12.849,0.84672,3695.15,0,18.483,0.1036,3.49154,2.02413,20.5491,0.865362,25.0958,0.42336,0,0,18.483,0.42336,442.007,0,1.02816,0,0,4.5197,3.49154,1.028160,1,0,157.074,0,0,0,157.074,0
72.29,2.75804,0,0,4.25158,0.298112,1.19543,3.6288,61.308,0.343745,0,0,1.77075,0.120445,1.30656,0.66528,12.849,1,0.49022,1.19543,0,90.8669,4.30112,87.271,0.84672,12.849,0.84672,3695.15,0,18.483,0.103631,2.04712,1.74856,13.0627,0.873983,15.8808,0.42336,0,0,18.483,0.42336,442.007,0,1.02816,0,0,3.07528,2.04712,1.028160,1,0,104.458,0,0,0,104.458,0
72.29,2.75829,0,0,3.49675,0.298112,0.440344,3.6288,61.308,0.343849,0,0,1.71721,0.120445,1.25291,0.66528,12.849,1,0.490265,0.440344,0,79.4025,4.30112,75.0514,0.84672,12.849,0.84672,3695.15,0,18.483,0.103663,1.65,1.74872,10.5381,0.873983,12.9592,0.42336,0,0,18.483,0.42336,442.007,0,1.02816,0,0,2.67816,1.65,1.028160,1,0,89.2635,0,0,0,89.2635,0
72.29,2.75855,0,0,5.38841,0.298112,2.33175,3.6288,61.308,0.343954,0,0,2.4571,0.120445,1.9927,0.66528,12.849,1,0.49031,2.33175,0,144.742,4.30112,142.282,0.84672,12.849,0.84672,3695.15,0,18.483,0.103695,3.3022,1.74888,14.7428,0.873983,18.8162,0.42336,0,0,18.483,0.42336,442.007,0,1.02816,0,0,4.33036,3.3022,1.028160,1,0,163.091,0,0,0,163.091,0
72.29,2.7588,0,0,7.03733,0.30365,3.97488,3.6288,61.308,0.344059,0,0,2.59552,0.119617,2.13184,0.66528,12.849,1,0.490356,3.97488,0,140.613,3.65319,140.445,0.84672,12.849,0.84672,3695.15,0,18.483,0.103726,3.55307,1.74905,22.383,0.855845,26.7256,0.42336,0,0,18.483,0.42336,442.007,0,1.02816,0,0,4.58123,3.55307,1.028160,1,0,169.302,0,0,0,169.302,0
72.29,2.85986,0,0,6.50688,0.317409,3.3296,3.6288,61.308,0.389779,0,0,1.89086,0.171965,1.32911,0.66528,12.849,1,0.508319,3.3296,0,193.298,3.62607,192.494,0.84672,12.849,0.84672,3695.15,0,18.483,0.11751,2.43257,1.74921,18.6551,0.974974,21.7443,0.42336,0,0,18.483,0.42336,442.007,0,1.02816,0,0,3.46073,2.43257,1.028160,1,0,215.567,0,0,0,215.567,0
72.29,2.86013,0,0,4.33057,0.317409,1.15303,3.6288,61.308,0.389888,0,0,1.51019,0.171965,0.948333,0.66528,12.849,1,0.508366,1.15303,0,119.736,3.62607,116.754,0.84672,12.849,0.84672,3695.15,0,18.483,0.117542,1.50497,1.81749,12.549,0.974974,14.7789,0.42336,0,0,18.483,0.42336,442.007,0,1.02816,0,0,2.53313,1.50497,1.028160,1,0,132.482,0,0,0,132.482,0
72.29,2.86039,0,0,4.91472,0.317409,1.73691,3.6288,61.308,0.389997,0,0,1.63599,0.171965,1.07403,0.66528,12.849,1,0.508413,1.73691,0,101.415,3.62607,99.017,0.84672,12.849,0.84672,3695.15,0,18.483,0.117575,1.80768,1.81765,15.6696,0.974974,18.2024,0.42336,0,0,18.483,0.42336,442.007,0,1.02816,0,0,2.83584,1.80768,1.028160,1,0,118.293,0,0,0,118.293,0
72.29,2.86066,0,0,4.39201,0.317875,1.21347,3.6288,61.308,0.390106,0,0,1.63693,0.228106,1.01872,0.66528,12.849,1,0.50846,1.21347,0,97.7797,4.74735,93.7374,0.84672,12.849,0.84672,3695.15,0,18.483,0.117608,1.81172,1.81782,15.9092,1.08597,18.3351,0.42336,0,0,18.483,0.42336,442.007,0,1.02816,0,0,2.83988,1.81172,1.028160,1,0,113.091,0,0,0,113.091,0
72.29,2.82149,0,0,4.6963,0.254131,1.62068,3.6288,61.308,0.372492,0,0,1.59001,0.226274,0.991244,0.66528,12.849,1,0.501499,1.62068,0,94.2503,4.31004,91.0594,0.84672,12.849,0.84672,3695.15,0,18.483,0.112298,1.93636,1.81799,12.5237,1.13721,15.0285,0.42336,0,0,18.483,0.42336,442.007,0,1.02816,0,0,2.96452,1.93636,1.028160,1,0,107.079,0,0,0,107.079,0
72.29,2.82175,0,0,4.08866,0.254131,1.01278,3.6288,61.308,0.372599,0,0,1.52729,0.226274,0.928419,0.66528,12.849,1,0.501545,1.01278,0,83.7138,4.31004,79.915,0.84672,12.849,0.84672,3695.15,0,18.483,0.11233,1.61249,1.79163,11.7152,1.13721,13.8698,0.42336,0,0,18.483,0.42336,442.007,0,1.02816,0,0,2.64065,1.61249,1.028160,1,0,94.7133,0,0,0,94.7133,0
72.29,2.82201,0,0,3.66357,0.254131,0.587423,3.6288,61.308,0.372707,0,0,1.34955,0.226274,0.75057,0.66528,12.849,1,0.501591,0.587423,0,71.8511,4.31004,67.6269,0.84672,12.849,0.84672,3695.15,0,18.483,0.112363,1.28766,1.7918,10.206,1.13721,12.0359,0.42336,0,0,18.483,0.42336,442.007,0,1.02816,0,0,2.31582,1.28766,1.028160,1,0,80.4134,0,0,0,80.4134,0
72.2598,2.82227,0,0,3.38748,0.232527,0.36288,3.6288,61.308,0.372814,0,0,1.25569,0.19783,0.685041,0.66528,12.849,1,0.501638,0.36288,0,68.243,3.72024,64.384,0.84672,12.849,0.84672,3695.15,0,18.483,0.112395,1.17031,1.79196,9.2003,0.987616,11.0626,0.42336,0,0,18.483,0.42336,442.007,0,1.02816,0,0,2.19847,1.17031,1.028160,1,0,76.1317,0,0,0,76.1317,0
72.2314,2.95624,0,0,3.5168,0.226041,0.36288,3.6288,61.308,0.435795,0,0,1.32157,0.217997,0.667782,0.66528,12.849,1,0.525669,0.36288,0,66.8131,4.18875,62.4616,0.84672,12.849,0.84672,3695.15,0,18.483,0.131383,1.1261,1.79213,8.88201,1.06003,10.6088,0.42336,0,0,18.483,0.42336,442.007,0,1.02816,0,0,2.15426,1.1261,1.028160,1,0,73.7382,0,0,0,73.7382,0
72.0019,2.95634,0,0,3.27723,0.18753,0.36288,3.6288,61.308,0.435908,0,0,1.09423,0.219989,0.438333,0.66528,12.849,1,0.525893,0.36288,0,60.3623,4.16451,56.0348,0.84672,12.849,0.84672,3695.15,0,18.483,0.131417,1.13698,1.88507,8.26805,1.0885,10.0702,0.42336,0,0,18.483,0.42336,442.007,0,1.02816,0,0,2.16514,1.13698,1.028160,1,0,66.5433,0,0,0,66.5433,0
71.5922,2.95519,0,0,3.08032,0.172014,0.36288,3.6288,61.308,0.436022,0,0,1.13956,0.223559,0.479984,0.66528,12.849,1,0.527364,0.36288,0,55.6003,4.27287,51.1629,0.84672,12.849,0.84672,3695.15,0,18.483,0.131451,1.14237,1.88524,8.40309,1.06844,10.2308,0.42336,0,0,18.483,0.42336,442.007,0,1.02816,0,0,2.17053,1.14237,1.028160,1,0,61.8737,0,0,0,61.8737,0
71.0649,2.9529,0,0,2.95998,0.171478,0.36288,3.6288,61.308,0.436135,0,0,1.1609,0.223559,0.501203,0.66528,12.849,1,0.529972,0.36288,0,52.4154,4.27287,47.9755,0.84672,12.849,0.84672,3695.15,0,18.483,0.131485,1.03434,1.88542,8.37907,1.06844,10.0989,0.42336,0,0,18.483,0.42336,442.007,0,1.02816,0,0,2.0625,1.03434,1.028160,1,0,58.5756,0,0,0,58.5756,0
70.2593,2.94985,0,0,2.66592,0.158756,0.36288,3.6288,61.308,0.436248,0,0,1.08384,0.222182,0.425415,0.66528,12.849,1,0.533352,0.36288,0,47.253,4.2847,42.7978,0.84672,12.849,0.84672,3695.15,0,18.483,0.131519,0.963714,1.88559,7.4177,1.04091,9.09457,0.42336,0,0,18.483,0.42336,442.007,0,1.02816,0,0,1.99187,0.963714,1.028160,1,0,52.3178,0,0,0,52.3178,0
69.1727,2.91857,0,0,2.33663,0.141832,0.36288,3.6288,61.308,0.470934,0,0,1.02621,0.220345,0.334928,0.66528,12.849,1,0.533747,0.36288,0,43.0987,4.30049,38.6274,0.84672,12.849,0.84672,3695.15,0,18.483,0.141976,0.848172,1.88576,6.6846,1.00421,8.27235,0.42336,0,0,18.483,0.42336,442.007,0,1.02816,0,0,1.87633,0.848172,1.028160,1,0,47.2347,0,0,0,47.2347,0
67.8895,2.91177,0,0,2.12751,0.135997,0.36288,3.6288,61.308,0.47105,0,0,0.970505,0.231314,0.268141,0.66528,12.849,1,0.540869,0.36288,0,37.9395,4.44164,33.3199,0.84672,12.849,0.84672,3695.15,0,18.483,0.142011,0.668943,1.91485,6.48778,1.05573,7.87383,0.42336,0,0,18.483,0.42336,442.007,0,1.02816,0,0,1.6971,0.668943,1.028160,1,0,41.4619,0,0,0,41.4619,0
66.536,2.90344,0,0,2.01986,0.107033,0.36288,3.6288,61.308,0.471167,0,0,0.909127,0.297129,0.140831,0.66528,12.849,1,0.549515,0.36288,0,34.2188,5.28854,28.7436,0.84672,12.849,0.84672,3695.15,0,18.483,0.142046,0.692194,1.91503,6.18676,1.36487,7.28707,0.42336,0,0,18.483,0.42336,442.007,0,1.02816,0,0,1.72035,0.692194,1.028160,1,0,36.1715,0,0,0,36.1715,0
64.9656,2.89434,0,0,1.79267,0.105895,0.36288,3.6288,61.308,0.471283,0,0,0.856976,0.297129,0.0885639,0.66528,12.849,1,0.558936,0.36288,0,32.2765,5.28854,26.7919,0.84672,12.849,0.84672,3695.15,0,18.483,0.142081,0.664079,1.91521,5.93033,1.36487,7.00267,0.42336,0,0,18.483,0.42336,442.007,0,1.02816,0,0,1.69224,0.664079,1.028160,1,0,33.8832,0,0,0,33.8832,0
63.6302,2.95062,0,0,2.08255,0.104435,0.36288,3.6288,61.308,0.502222,0,0,1.03755,0.319099,0.21623,0.66528,12.849,1,0.583578,0.36288,0,39.1623,5.66958,33.272,0.84672,12.849,0.84672,3695.15,0,18.483,0.151409,0.577437,1.91539,5.68585,1.46268,6.56458,0.42336,0,0,18.483,0.42336,442.007,0,1.02816,0,0,1.6056,0.577437,1.028160,1,0,40.0528,0,0,0,40.0528,0
62.1189,2.9407,0,0,1.89559,0.103314,0.36288,3.6288,61.308,0.502342,0,0,0.855783,0.319099,0.0343426,0.66528,12.849,1,0.593822,0.36288,0,31.5427,5.66958,25.6422,0.84672,12.849,0.84672,3695.15,0,18.483,0.151445,0.612101,1.96166,5.28345,1.46268,6.24308,0.42336,0,0,18.483,0.42336,442.007,0,1.02816,0,0,1.64026,0.612101,1.028160,1,0,31.9196,0,0,0,31.9196,0
60.449,2.929,0,0,1.72404,0.102046,0.36288,3.6288,61.2834,0.502461,0,0,0.796997,0.319099,0,0.66528,12.849,1,0.605849,0.36288,0,29.4049,5.66958,23.4924,0.84672,12.849,0.84672,3695.15,0,18.483,0.151481,0.356443,1.96184,4.70858,1.46268,5.4127,0.42336,0,0,18.483,0.42336,442.007,0,1.02816,0,0,1.3846,0.356443,1.028160,1,0,28.9051,0,0,0,28.9051,0
58.9543,2.91547,0,0,1.87745,0.0938494,0.36288,3.6288,61.308,0.502534,0,0,0.94074,0.317249,0.0963938,0.66528,12.849,1,0.619709,0.36288,0,29.5441,5.77771,23.5096,0.84672,12.849,0.84672,3695.15,0,18.483,0.151564,0.716723,1.96202,6.6576,1.48859,7.69619,0.42336,0,0,18.483,0.42336,442.007,0,1.02816,0,0,1.74488,0.716723,1.028160,1,0,31.3022,0,0,0,31.3022,0
57.4303,3.0967,0,0,2.02639,0.0908166,0.36288,3.6288,61.2914,0.613995,0,0,0.91184,0.314427,0,0.66528,12.849,1,0.674922,0.36288,0,27.7939,6.11964,21.3622,0.84672,12.849,0.84672,3695.15,0,18.483,0.185106,0.740638,1.9622,6.54382,1.55235,7.50921,0.42336,0,0,18.483,0.42336,442.007,0,1.02816,0,0,1.7688,0.740638,1.028160,1,0,28.8715,0,0,0,28.8715,0
56.2528,3.08235,0,0,2.36293,0.0951734,0.36288,3.6288,61.308,0.614087,0,0,1.06965,0.333938,0.105042,0.66528,12.849,1,0.689621,0.36288,0,32.1392,6.28205,25.5304,0.84672,12.849,0.84672,3695.15,0,18.483,0.185184,1.00856,2.11854,7.14688,1.56201,8.52678,0.42336,0,0,18.483,0.42336,442.007,0,1.02816,0,0,2.03672,1.00856,1.028160,1,0,34.1622,0,0,0,34.1622,0
54.5985,3.07088,0,0,1.87355,0.0940747,0.36288,3.6288,61.1626,0.614255,0,0,0.802863,0.333973,0,0.66528,12.849,1,0.701437,0.36288,0,35.2902,6.28205,28.6696,0.84672,12.849,0.84672,3695.15,0,18.483,0.185184,0.501517,2.11874,5.73845,1.56201,6.61151,0.42336,0,0,18.483,0.42336,442.007,0,1.02816,0,0,1.52968,0.501517,1.028160,1,0,35.2811,0,0,0,35.2811,0
53.4159,3.0044,0,0,2.27723,0.092531,0.36288,3.6288,61.308,0.59127,0,0,1.29079,0.333666,0.220491,0.66528,12.849,1,0.707045,0.36288,0,30.762,6.28205,24.1358,0.84672,12.849,0.84672,3695.15,0,18.483,0.178678,1.50796,2.11894,8.26834,1.56201,10.1545,0.42336,0,0,18.483,0.42336,442.007,0,1.02816,0,0,2.53612,1.50796,1.028160,1,0,34.5109,0,0,0,34.5109,0
51.922,2.99206,0,0,1.93031,0.0692899,0.36288,3.6288,61.308,0.591723,0,0,0.925923,0.331567,0.00263277,0.66528,12.849,1,0.719729,0.36288,0,27.2802,6.03272,20.8906,0.84672,12.849,0.84672,3695.15,0,18.483,0.178391,0.997376,2.08474,8.37492,1.44085,9.8378,0.42336,0,0,18.483,0.42336,442.007,0,1.02816,0,0,2.02554,0.997376,1.028160,1,0,30.7311,0,0,0,30.7311,0
50.704,2.88494,0,0,2.11304,0.0832562,0.36288,3.6288,61.308,0.525364,0,0,0.956854,0.308871,0.122619,0.66528,12.849,1,0.713929,0.36288,0,22.5901,5.11316,17.1259,0.84672,12.849,0.84672,3695.15,0,18.483,0.158386,1.32353,2.08494,8.6838,1.23673,10.6972,0.42336,0,0,18.483,0.42336,442.007,0,1.02816,0,0,2.35169,1.32353,1.028160,1,0,27.9457,0,0,0,27.9457,0
49.7443,2.87152,0,0,2.40518,0.130421,0.36288,3.6288,61.308,0.525486,0,0,1.38366,0.289936,0.56824,0.66528,12.849,1,0.727679,0.36288,0,22.2521,4.59102,17.2962,0.84672,12.849,0.84672,3695.15,0,18.483,0.158422,2.16206,1.99705,12.1176,1.14001,14.9783,0.42336,0,0,18.483,0.42336,442.007,0,1.02816,0,0,3.19022,2.16206,1.028160,1,0,32.8428,0,0,0,32.8428,0
48.634,2.90782,0,0,2.28952,0.129107,0.36288,3.6288,61.308,0.547308,0,0,1.34632,0.289936,0.509076,0.66528,12.849,1,0.751092,0.36288,0,28.3255,4.59102,23.3463,0.84672,12.849,0.84672,3695.15,0,18.483,0.165001,1.96343,1.99723,11.9968,1.14001,14.6525,0.42336,0,0,18.483,0.42336,442.007,0,1.02816,0,0,2.99159,1.96343,1.028160,1,0,38.5079,0,0,0,38.5079,0
47.8226,2.89452,0,0,2.5736,0.127576,0.36288,3.6288,61.308,0.547431,0,0,1.76799,0.289936,0.930619,0.66528,12.849,1,0.764726,0.36288,0,56.166,4.59102,51.1732,0.84672,12.849,0.84672,3695.15,0,18.483,0.165038,2.63778,2.03037,15.934,1.14001,19.2971,0.42336,0,0,18.483,0.42336,442.007,0,1.02816,0,0,3.66594,2.63778,1.028160,1,0,71.4009,0,0,0,71.4009,0
46.1839,2.81005,0,0,1.72163,0.187464,0.36288,3.6288,61.308,0.486014,0,0,1.50164,0.22313,0.792497,0.66528,12.849,1,0.755004,0.36288,0,51.9547,4.04121,47.5213,0.84672,12.849,0.84672,3695.15,0,18.483,0.146522,1.67425,2.03055,13.7041,1.01387,16.2485,0.42336,0,0,18.483,0.42336,442.007,0,1.02816,0,0,2.70241,1.67425,1.028160,1,0,64.5623,0,0,0,64.5623,0
44.3625,2.74408,0,0,1.47965,0.194091,0.36288,3.6288,61.308,0.465424,0,0,0.926148,0.211995,0.248728,0.66528,12.849,1,0.763442,0.36288,0,39.8314,3.94958,35.4812,0.84672,12.849,0.84672,3695.15,0,18.483,0.140315,0.274985,1.95114,11.7501,0.992852,12.843,0.42336,0,0,18.483,0.42336,442.007,0,1.02816,0,0,1.30315,0.274985,1.028160,1,0,48.573,0,0,0,48.573,0
44.1232,2.72003,0,0,3.03381,0.190155,0.36288,3.6288,61.308,0.46554,0,0,2.04492,0.211995,1.36739,0.66528,12.849,1,0.78782,0.36288,0,61.5254,3.94958,57.1508,0.84672,12.849,0.84672,3695.15,0,18.483,0.14035,2.19402,1.91966,16.8001,0.992852,19.7806,0.42336,0,0,18.483,0.42336,442.007,0,1.02816,0,0,3.22218,2.19402,1.028160,1,0,78.2988,0,0,0,78.2988,0
46.9122,2.71697,0,0,6.05843,0.189638,0.36288,3.6288,61.308,0.465656,0,0,3.9353,0.211995,3.25764,0.66528,12.849,1,0.791201,0.36288,0,113.416,3.94958,109.039,0.84672,12.849,0.84672,3695.15,0,18.483,0.140385,5.95858,1.91984,27.0287,0.992852,33.7739,0.42336,0,0,18.483,0.42336,442.007,0,1.02816,0,0,6.98674,5.95858,1.028160,1,0,146.07,0,0,0,146.07,0
48.0506,2.58874,0,0,4.33468,0.244581,0.36288,3.6288,61.308,0.358267,0,0,3.80628,0.194754,3.25326,0.66528,12.849,1,0.709042,0.36288,0,89.841,3.97903,85.5158,0.84672,12.849,0.84672,3695.15,0,18.483,0.10801,3.3752,1.92001,21.7102,0.872613,26.0248,0.42336,0,0,18.483,0.42336,442.007,0,1.02816,0,0,4.40336,3.3752,1.028160,1,0,114.794,0,0,0,114.794,0
50.1818,2.60223,0,0,5.36147,0.265205,0.36288,3.6288,61.308,0.358373,0,0,5.09889,0.173727,4.56679,0.66528,12.849,1,0.695851,0.36288,0,119.343,4.21606,114.794,0.84672,12.849,0.84672,3695.15,0,18.483,0.108042,3.93625,1.77261,25.2698,0.856675,30.014,0.42336,0,0,18.483,0.42336,442.007,0,1.02816,0,0,4.96441,3.93625,1.028160,1,0,149.374,0,0,0,149.374,0
52.1315,2.626,0,0,5.20995,0.271349,0.36288,3.6288,61.308,0.358479,0,0,6.23515,0.173727,5.70294,0.66528,12.849,1,0.672385,0.36288,0,135.768,4.21606,131.243,0.84672,12.849,0.84672,3695.15,0,18.483,0.108074,4.88523,1.77277,31.6062,0.856675,37.2995,0.42336,0,0,18.483,0.42336,442.007,0,1.02816,0,0,5.91339,4.88523,1.028160,1,0,174.245,0,0,0,174.245,0
53.3997,2.64642,0,0,4.55722,0.279706,0.36288,3.6288,61.308,0.358585,0,0,4.32013,0.213901,3.74764,0.66528,12.849,1,0.652271,0.36288,0,105.197,4.81824,100.09,0.84672,12.849,0.84672,3695.15,0,18.483,0.108106,3.22827,1.77293,23.1158,1.09418,26.9147,0.42336,0,0,18.483,0.42336,442.007,0,1.02816,0,0,4.25643,3.22827,1.028160,1,0,130.752,0,0,0,130.752,0
56.4891,2.65915,0,0,6.37185,0.260435,0.36288,3.6288,61.308,0.358692,0,0,6.25834,0.243649,5.656,0.66528,12.849,1,0.639843,0.36288,0,141.205,4.72247,136.206,0.84672,12.849,0.84672,3695.15,0,18.483,0.108138,5.0856,1.7731,30.7033,1.368,36.0858,0.42336,0,0,18.483,0.42336,442.007,0,1.02816,0,0,6.11376,5.0856,1.028160,1,0,177.948,0,0,0,177.948,0
61.0252,2.7721,0,0,7.95379,0.282709,0.36288,3.6288,61.308,0.395937,0,0,3.35153,0.205922,2.74967,0.66528,12.849,1,0.630542,0.36288,0,175.186,3.06421,171.854,0.84672,12.849,0.84672,3695.15,0,18.483,0.119366,4.70131,1.77326,24.7641,1.07526,30.0441,0.42336,0,0,18.483,0.42336,442.007,0,1.02816,0,0,5.72947,4.70131,1.028160,1,0,204.648,0,0,0,204.648,0
65.3489,2.81106,0,0,7.79276,0.295149,0.36288,3.6288,61.308,0.396037,0,0,3.16334,0.205922,2.56138,0.66528,12.849,1,0.591874,0.36288,0,195.786,3.06421,192.493,0.84672,12.849,0.84672,3695.15,0,18.483,0.119396,4.73853,1.83014,23.2204,1.07526,28.5944,0.42336,0,0,18.483,0.42336,442.007,0,1.02816,0,0,5.76669,4.73853,1.028160,1,0,223.648,0,0,0,223.648,0
72.29,2.84402,0,0,11.2552,0.305737,1.16437,3.6288,61.308,0.396136,0,0,3.00387,0.205922,2.40181,0.66528,12.849,1,0.559196,1.16437,0,218.721,3.06421,216.262,0.84672,12.849,0.84672,3695.15,0,18.483,0.119426,4.86901,1.83029,26.2837,1.07526,31.7883,0.42336,0,0,18.483,0.42336,442.007,0,1.02816,0,0,5.89717,4.86901,1.028160,1,0,250.452,0,0,0,250.452,0
72.29,2.88985,0,0,11.5384,0.313138,8.33538,3.6288,61.308,0.396236,0,0,4.45951,0.239159,3.82411,0.66528,12.849,1,0.513649,8.33538,0,354.352,3.8051,358.369,0.84672,12.849,0.84672,3695.15,0,18.483,0.119456,6.20128,1.83044,31.8934,1.13409,38.6715,0.42336,0,0,18.483,0.42336,442.007,0,1.02816,0,0,7.22944,6.20128,1.028160,1,0,400.865,0,0,0,400.865,0
72.29,3.17199,0,0,10.9084,0.264282,7.47216,3.6288,61.308,0.535822,0,0,3.64217,0.206053,2.9003,0.66528,12.849,1,0.563797,7.47216,0,238.024,3.061,241.872,0.84672,12.849,0.84672,3695.15,0,18.483,0.161538,4.7144,1.8306,25.489,0.90231,30.9702,0.42336,0,0,18.483,0.42336,442.007,0,1.02816,0,0,5.74256,4.7144,1.028160,1,0,275.742,0,0,0,275.742,0
72.29,3.17225,0,0,10.988,0.275836,7.53992,3.6288,61.308,0.535933,0,0,2.99799,0.203747,2.25831,0.66528,12.849,1,0.563844,7.53992,0,248.796,3.5426,252.229,0.84672,12.849,0.84672,3695.15,0,18.483,0.161572,4.48669,2.03322,24.7585,0.999183,30.1177,0.42336,0,0,18.483,0.42336,442.007,0,1.02816,0,0,5.51485,4.48669,1.028160,1,0,284.605,0,0,0,284.605,0
72.29,3.17252,0,0,5.63128,0.275836,2.18293,3.6288,61.308,0.536044,0,0,1.89269,0.203747,1.1529,0.66528,12.849,1,0.563891,2.18293,0,126.666,3.5426,124.742,0.84672,12.849,0.84672,3695.15,0,18.483,0.161605,1.82081,2.03339,12.8112,0.999183,15.5046,0.42336,0,0,18.483,0.42336,442.007,0,1.02816,0,0,2.84897,1.82081,1.028160,1,0,141.4,0,0,0,141.4,0
72.29,3.17278,0,0,4.51825,0.275836,1.06963,3.6288,61.308,0.536156,0,0,1.6913,0.203747,0.951395,0.66528,12.849,1,0.563938,1.06963,0,94.9199,3.5426,91.883,0.84672,12.849,0.84672,3695.15,0,18.483,0.161639,1.74734,2.03356,10.7104,0.999183,13.3305,0.42336,0,0,18.483,0.42336,442.007,0,1.02816,0,0,2.7755,1.74734,1.028160,1,0,106.165,0,0,0,106.165,0
72.29,2.77085,0,0,7.25149,0.318843,4.1618,3.6288,61.308,0.349011,0,0,3.00008,0.192659,2.45842,0.66528,12.849,1,0.492497,4.1618,0,171.839,3.82832,171.68,0.84672,12.849,0.84672,3695.15,0,18.483,0.105219,5.16049,2.03373,16.1917,0.992868,22.2878,0.42336,0,0,18.483,0.42336,442.007,0,1.02816,0,0,6.18865,5.16049,1.028160,1,0,196.426,0,0,0,196.426,0
72.29,2.77108,0,0,7.65202,0.333929,4.54701,3.6288,61.308,0.349106,0,0,3.10549,0.20048,2.55591,0.66528,12.849,1,0.492538,4.54701,0,181.697,4.15432,181.597,0.84672,12.849,0.84672,3695.15,0,18.483,0.105248,4.60923,1.75684,16.6997,1.05105,21.9095,0.42336,0,0,18.483,0.42336,442.007,0,1.02816,0,0,5.63739,4.60923,1.028160,1,0,206.062,0,0,0,206.062,0
72.29,2.77131,0,0,7.93852,0.333929,4.83328,3.6288,61.308,0.349202,0,0,2.8669,0.20048,2.31722,0.66528,12.849,1,0.492579,4.83328,0,191.036,4.15432,191.223,0.84672,12.849,0.84672,3695.15,0,18.483,0.105277,4.84424,1.75699,18.8594,1.05105,24.3043,0.42336,0,0,18.483,0.42336,442.007,0,1.02816,0,0,5.8724,4.84424,1.028160,1,0,217.844,0,0,0,217.844,0
72.29,2.77154,0,0,7.29907,0.26596,4.26157,3.6288,61.308,0.349297,0,0,2.50354,0.164382,1.98986,0.66528,12.849,1,0.492621,4.26157,0,190.909,3.63116,191.046,0.84672,12.849,0.84672,3695.15,0,18.483,0.105305,4.55012,1.75714,17.7174,0.975898,22.9434,0.42336,0,0,18.483,0.42336,442.007,0,1.02816,0,0,5.57828,4.55012,1.028160,1,0,215.98,0,0,0,215.98,0
72.29,2.77178,0,0,6.75972,0.321298,3.66665,3.6288,61.308,0.349393,0,0,2.31697,0.175358,1.79222,0.66528,12.849,1,0.492662,3.66665,0,178.617,4.20389,177.587,0.84672,12.849,0.84672,3695.15,0,18.483,0.105334,3.5857,1.75729,15.5136,1.0392,19.7121,0.42336,0,0,18.483,0.42336,442.007,0,1.02816,0,0,4.61386,3.5857,1.028160,1,0,199.092,0,0,0,199.092,0
72.29,2.87329,0,0,5.92301,0.298112,2.7516,3.6288,61.308,0.395317,0,0,2.28449,0.185167,1.704,0.66528,12.849,1,0.510706,2.7516,0,162.867,4.23171,160.876,0.84672,12.849,0.84672,3695.15,0,18.483,0.119179,3.08966,1.75743,15.0404,1.01065,18.7577,0.42336,0,0,18.483,0.42336,442.007,0,1.02816,0,0,4.11782,3.08966,1.028160,1,0,181.337,0,0,0,181.337,0
72.29,2.87353,0,0,4.99403,0.298112,1.82239,3.6288,61.308,0.395416,0,0,1.99981,0.185167,1.41922,0.66528,12.849,1,0.510748,1.82239,0,124.28,4.23171,121.36,0.84672,12.849,0.84672,3695.15,0,18.483,0.119209,2.86661,1.82602,13.7036,1.01065,17.2664,0.42336,0,0,18.483,0.42336,442.007,0,1.02816,0,0,3.89477,2.86661,1.028160,1,0,140.046,0,0,0,140.046,0
72.29,2.87377,0,0,4.46508,0.298112,1.2932,3.6288,61.308,0.395516,0,0,1.82478,0.185167,1.24409,0.66528,12.849,1,0.510791,1.2932,0,105.629,4.23171,102.18,0.84672,12.849,0.84672,3695.15,0,18.483,0.119239,2.58965,1.82617,12.4936,1.01065,15.7795,0.42336,0,0,18.483,0.42336,442.007,0,1.02816,0,0,3.61781,2.58965,1.028160,1,0,119.204,0,0,0,119.204,0
72.29,2.87401,0,0,5.17658,0.254368,2.0482,3.6288,61.308,0.395615,0,0,1.88595,0.160294,1.33004,0.66528,12.849,1,0.510834,2.0482,0,112.546,3.26792,110.816,0.84672,12.849,0.84672,3695.15,0,18.483,0.119269,2.64281,1.82632,13.5398,0.996629,16.8931,0.42336,0,0,18.483,0.42336,442.007,0,1.02816,0,0,3.67097,2.64281,1.028160,1,0,129.039,0,0,0,129.039,0
72.29,2.83464,0,0,4.99166,0.201987,1.95503,3.6288,61.308,0.377909,0,0,1.97555,0.203731,1.39391,0.66528,12.849,1,0.503836,1.95503,0,111.833,4.41493,108.869,0.84672,12.849,0.84672,3695.15,0,18.483,0.113931,2.82913,1.82648,13.537,1.12251,16.9562,0.42336,0,0,18.483,0.42336,442.007,0,1.02816,0,0,3.85729,2.82913,1.028160,1,0,127.219,0,0,0,127.219,0
72.29,2.83488,0,0,4.71159,0.201987,1.67473,3.6288,61.308,0.378007,0,0,1.80606,0.203731,1.22432,0.66528,12.849,1,0.503878,1.67473,0,103.032,4.41493,99.7879,0.84672,12.849,0.84672,3695.15,0,18.483,0.113961,2.14587,1.79998,12.0004,1.12251,14.7098,0.42336,0,0,18.483,0.42336,442.007,0,1.02816,0,0,3.17403,2.14587,1.028160,1,0,115.722,0,0,0,115.722,0
72.29,2.83511,0,0,4.35983,0.201987,1.32273,3.6288,61.308,0.378105,0,0,1.6949,0.203731,1.11306,0.66528,12.849,1,0.50392,1.32273,0,94.5527,4.41493,90.9566,0.84672,12.849,0.84672,3695.15,0,18.483,0.11399,1.91558,1.80013,10.5438,1.12251,13.023,0.42336,0,0,18.483,0.42336,442.007,0,1.02816,0,0,2.94374,1.91558,1.028160,1,0,105.093,0,0,0,105.093,0
72.29,2.83535,0,0,4.00254,0.171466,0.995723,3.6288,61.308,0.378203,0,0,1.56881,0.227794,0.962811,0.66528,12.849,1,0.503962,0.995723,0,83.573,4.68876,79.376,0.84672,12.849,0.84672,3695.15,0,18.483,0.11402,1.81925,1.80028,9.87612,1.13299,12.2486,0.42336,0,0,18.483,0.42336,442.007,0,1.02816,0,0,2.84741,1.81925,1.028160,1,0,92.5874,0,0,0,92.5874,0
72.29,2.9701,0,0,3.88693,0.149834,0.766993,3.6288,61.308,0.441465,0,0,1.4371,0.233907,0.761728,0.66528,12.849,1,0.527913,0.766993,0,74.558,4.61697,70.1801,0.84672,12.849,0.84672,3695.15,0,18.483,0.133092,1.56709,1.80043,9.31496,1.10816,11.4412,0.42336,0,0,18.483,0.42336,442.007,0,1.02816,0,0,2.59525,1.56709,1.028160,1,0,82.3831,0,0,0,82.3831,0
72.29,2.97035,0,0,3.79528,0.129166,0.695759,3.6288,61.308,0.441568,0,0,1.32835,0.236852,0.649928,0.66528,12.849,1,0.527957,0.695759,0,70.1248,4.77928,65.5133,0.84672,12.849,0.84672,3695.15,0,18.483,0.133123,1.317,1.89379,8.38071,1.14775,10.3106,0.42336,0,0,18.483,0.42336,442.007,0,1.02816,0,0,2.34516,1.317,1.028160,1,0,76.4739,0,0,0,76.4739,0
72.29,2.9706,0,0,3.63409,0.129166,0.534322,3.6288,61.308,0.441671,0,0,1.3504,0.236852,0.671874,0.66528,12.849,1,0.528002,0.534322,0,66.9073,4.77928,62.1343,0.84672,12.849,0.84672,3695.15,0,18.483,0.133154,1.60114,1.89395,7.97939,1.14775,10.1936,0.42336,0,0,18.483,0.42336,442.007,0,1.02816,0,0,2.6293,1.60114,1.028160,1,0,72.9998,0,0,0,72.9998,0
72.1451,2.97085,0,0,3.34748,0.158669,0.36288,3.6288,61.308,0.441774,0,0,1.26547,0.228952,0.594749,0.66528,12.849,1,0.528046,0.36288,0,62.5457,4.2716,58.1089,0.84672,12.849,0.84672,3695.15,0,18.483,0.133185,1.47135,1.8941,7.30668,1.16734,9.37161,0.42336,0,0,18.483,0.42336,442.007,0,1.02816,0,0,2.49951,1.47135,1.028160,1,0,68.0752,0,0,0,68.0752,0
71.8466,2.9702,0,0,3.13342,0.098815,0.36288,3.6288,61.308,0.441877,0,0,1.21932,0.252748,0.524694,0.66528,12.849,1,0.52899,0.36288,0,57.1425,4.57554,52.4009,0.84672,12.849,0.84672,3695.15,0,18.483,0.133216,1.41452,1.89426,6.77887,1.22309,8.73135,0.42336,0,0,18.483,0.42336,442.007,0,1.02816,0,0,2.44268,1.41452,1.028160,1,0,61.6569,0,0,0,61.6569,0
71.3531,2.94199,0,0,2.90386,0.0925001,0.36288,3.6288,61.308,0.476711,0,0,1.06661,0.257419,0.332477,0.66528,12.849,1,0.526144,0.36288,0,51.7532,5.09817,46.4917,0.84672,12.849,0.84672,3695.15,0,18.483,0.143718,1.05137,1.89442,5.74088,1.22103,7.32193,0.42336,0,0,18.483,0.42336,442.007,0,1.02816,0,0,2.07953,1.05137,1.028160,1,0,54.1461,0,0,0,54.1461,0
70.6663,2.93916,0,0,2.70738,0.0921525,0.36288,3.6288,61.308,0.476817,0,0,1.02485,0.257419,0.290614,0.66528,12.849,1,0.529272,0.36288,0,51.0687,5.09817,45.8041,0.84672,12.849,0.84672,3695.15,0,18.483,0.14375,0.967568,1.92363,5.86619,1.22103,7.39261,0.42336,0,0,18.483,0.42336,442.007,0,1.02816,0,0,1.99573,0.967568,1.028160,1,0,53.4874,0,0,0,53.4874,0
69.7292,2.93505,0,0,2.4525,0.0916689,0.36288,3.6288,61.308,0.476924,0,0,0.979327,0.257419,0.244984,0.66528,12.849,1,0.53367,0.36288,0,50.1875,5.09817,44.9186,0.84672,12.849,0.84672,3695.15,0,18.483,0.143782,0.868381,1.92379,5.5418,1.22103,6.96916,0.42336,0,0,18.483,0.42336,442.007,0,1.02816,0,0,1.89654,0.868381,1.028160,1,0,52.1327,0,0,0,52.1327,0
68.5837,2.92924,0,0,2.23302,0.0863413,0.36288,3.6288,61.308,0.47703,0,0,0.926165,0.268388,0.180747,0.66528,12.849,1,0.539771,0.36288,0,44.1799,5.23932,38.7637,0.84672,12.849,0.84672,3695.15,0,18.483,0.143814,0.687226,1.92395,5.37875,1.27255,6.57357,0.42336,0,0,18.483,0.42336,442.007,0,1.02816,0,0,1.71539,0.687226,1.028160,1,0,45.518,0,0,0,45.518,0
67.2425,2.99008,0,0,2.08246,0.070765,0.36288,3.6288,61.308,0.508099,0,0,0.924195,0.312552,0.103544,0.66528,12.849,1,0.560185,0.36288,0,35.512,5.94429,29.3704,0.84672,12.849,0.84672,3695.15,0,18.483,0.15318,0.562239,1.92411,4.45039,1.45471,5.32884,0.42336,0,0,18.483,0.42336,442.007,0,1.02816,0,0,1.5904,0.562239,1.028160,1,0,34.8027,0,0,0,34.8027,0
65.8939,2.98095,0,0,2.06743,0.0721591,0.36288,3.6288,61.308,0.508208,0,0,0.854237,0.308944,0.0370852,0.66528,12.849,1,0.569614,0.36288,0,44.758,5.92064,38.6306,0.84672,12.849,0.84672,3695.15,0,18.483,0.153213,0.657124,1.97058,4.72246,1.43355,5.7634,0.42336,0,0,18.483,0.42336,442.007,0,1.02816,0,0,1.68528,0.657124,1.028160,1,0,44.4311,0,0,0,44.4311,0
64.4241,2.97144,0,0,1.93585,0.0713914,0.36288,3.6288,61.2851,0.508316,0,0,0.794405,0.308944,0,0.66528,12.849,1,0.579417,0.36288,0,35.9362,5.92064,29.799,0.84672,12.849,0.84672,3695.15,0,18.483,0.153246,0.625899,1.97075,4.25691,1.43355,5.26676,0.42336,0,0,18.483,0.42336,442.007,0,1.02816,0,0,1.65406,0.625899,1.028160,1,0,35.0658,0,0,0,35.0658,0
62.7925,2.96067,0,0,1.76253,0.0705546,0.36288,3.6288,61.2221,0.508381,0,0,0.754194,0.308899,0,0.66528,12.849,1,0.590488,0.36288,0,32.7511,5.92064,26.6029,0.84672,12.849,0.84672,3695.15,0,18.483,0.153323,0.371356,1.97091,3.97075,1.43355,4.72614,0.42336,0,0,18.483,0.42336,442.007,0,1.02816,0,0,1.39952,0.371356,1.028160,1,0,31.329,0,0,0,31.329,0
61.2388,3.14508,0,0,2.0266,0.0722803,0.36288,3.6288,61.1741,0.62013,0,0,0.877807,0.30566,0,0.66528,12.849,1,0.643566,0.36288,0,31.4823,6.14138,25.0603,0.84672,12.849,0.84672,3695.15,0,18.483,0.187218,0.958867,1.97108,5.72287,1.50975,6.95584,0.42336,0,0,18.483,0.42336,442.007,0,1.02816,0,0,1.98703,0.958867,1.028160,1,0,32.0161,0,0,0,32.0161,0
59.6965,3.13184,0,0,2.04824,0.0958095,0.36288,3.6288,61.0796,0.620135,0,0,0.814959,0.289337,0,0.66528,12.849,1,0.657117,0.36288,0,28.8747,6.08675,22.4937,0.84672,12.849,0.84672,3695.15,0,18.483,0.187366,0.913706,2.1281,4.8341,1.54164,6.14691,0.42336,0,0,18.483,0.42336,442.007,0,1.02816,0,0,1.94187,0.913706,1.028160,1,0,28.6406,0,0,0,28.6406,0
57.8077,3.11813,0,0,1.6867,0.0945163,0.36288,3.6288,60.8797,0.620031,0,0,0.709327,0.289164,0,0.66528,12.849,1,0.671143,0.36288,0,35.8462,6.08675,29.4512,0.84672,12.849,0.84672,3695.15,0,18.483,0.187625,0.687675,2.12828,4.31279,1.54164,5.39948,0.42336,0,0,18.483,0.42336,442.007,0,1.02816,0,0,1.71583,0.687675,1.028160,1,0,34.8507,0,0,0,34.8507,0
56.1175,3.10045,0,0,1.86592,0.0928041,0.36288,3.6288,60.9456,0.619676,0,0,0.974398,0.288798,0,0.66528,12.849,1,0.689142,0.36288,0,30.7333,6.08675,24.3203,0.84672,12.849,0.84672,3695.15,0,18.483,0.188133,1.21801,2.12846,5.15379,1.54164,6.77049,0.42336,0,0,18.483,0.42336,442.007,0,1.02816,0,0,2.24617,1.21801,1.028160,1,0,31.0907,0,0,0,31.0907,0
54.298,3.08382,0,0,1.72413,0.0969504,0.36288,3.6288,60.8566,0.61995,0,0,0.807477,0.276542,0,0.66528,12.849,1,0.70609,0.36288,0,29.2158,5.77636,23.0962,0.84672,12.849,0.84672,3695.15,0,18.483,0.188013,1.13728,2.12864,5.86119,1.43903,7.50006,0.42336,0,0,18.483,0.42336,442.007,0,1.02816,0,0,2.16544,1.13728,1.028160,1,0,30.5963,0,0,0,30.5963,0
52.1528,2.97143,0,0,1.31019,0.121048,0.36288,3.6288,60.8407,0.552088,0,0,0.786491,0.250292,0,0.66528,12.849,1,0.703155,0.36288,0,19.5119,5.208,13.9636,0.84672,12.849,0.84672,3695.15,0,18.483,0.167677,1.09795,2.12882,5.33682,1.3271,7.06881,0.42336,0,0,18.483,0.42336,442.007,0,1.02816,0,0,2.12611,1.09795,1.028160,1,0,21.0324,0,0,0,21.0324,0
49.8348,2.94847,0,0,1.11176,0.118421,0.36288,3.6288,60.7552,0.552167,0,0,0.716921,0.250267,0,0.66528,12.849,1,0.726421,0.36288,0,18.0294,5.208,12.4579,0.84672,12.849,0.84672,3695.15,0,18.483,0.167745,0.904772,2.03906,5.07823,1.3271,6.52722,0.42336,0,0,18.483,0.42336,442.007,0,1.02816,0,0,1.93293,0.904772,1.028160,1,0,18.9851,0,0,0,18.9851,0
48.7085,2.92185,0,0,2.37044,0.211949,0.36288,3.6288,61.308,0.552098,0,0,1.31148,0.159481,0.0471043,0.66528,12.849,1,0.753347,0.36288,0,39.6881,3.96222,35.3354,0.84672,12.849,0.84672,3695.15,0,18.483,0.16796,1.56665,2.03924,11.2519,0.937712,13.7521,0.42336,0,0,18.483,0.42336,442.007,0,1.02816,0,0,2.59481,1.56665,1.028160,1,0,49.1346,0,0,0,49.1346,0
49.1931,2.90831,0,0,3.98098,0.225271,0.36288,3.6288,61.308,0.553374,0,0,1.55091,0.144879,0.852652,0.66528,12.849,1,0.767195,0.36288,0,60.2507,3.75459,56.0918,0.84672,12.849,0.84672,3695.15,0,18.483,0.16683,2.2811,2.03941,10.192,0.872814,13.4729,0.42336,0,0,18.483,0.42336,442.007,0,1.02816,0,0,3.30926,2.2811,1.028160,1,0,70.4173,0,0,0,70.4173,0
48.3746,2.83926,0,0,2.57905,0.195389,0.36288,3.6288,61.308,0.491673,0,0,0.860484,0.209192,0.159618,0.66528,12.849,1,0.741601,0.36288,0,43.1134,4.15235,38.5824,0.84672,12.849,0.84672,3695.15,0,18.483,0.148229,1.37478,2.03958,7.06634,1.00613,9.32634,0.42336,0,0,18.483,0.42336,442.007,0,1.02816,0,0,2.40294,1.37478,1.028160,1,0,48.0683,0,0,0,48.0683,0
48.5707,2.82958,0,0,3.62667,0.238125,0.36288,3.6288,61.308,0.491781,0,0,1.01828,0.173663,0.352841,0.66528,12.849,1,0.751579,0.36288,0,45.0374,3.50563,41.1431,0.84672,12.849,0.84672,3695.15,0,18.483,0.148261,1.31538,1.9598,9.01429,0.794184,11.347,0.42336,0,0,18.483,0.42336,442.007,0,1.02816,0,0,2.34354,1.31538,1.028160,1,0,52.8429,0,0,0,52.8429,0
49.9732,2.83222,0,0,4.83628,0.238632,0.36288,3.6288,61.308,0.491888,0,0,1.13953,0.173663,0.473979,0.66528,12.849,1,0.749242,0.36288,0,54.6763,3.50563,50.7843,0.84672,12.849,0.84672,3695.15,0,18.483,0.148293,1.82298,1.95996,10.5794,0.794184,13.4199,0.42336,0,0,18.483,0.42336,442.007,0,1.02816,0,0,2.85114,1.82298,1.028160,1,0,64.6781,0,0,0,64.6781,0
50.9644,2.84919,0,0,4.44553,0.24225,0.36288,3.6288,61.308,0.491995,0,0,1.89061,0.173663,1.22496,0.66528,12.849,1,0.732576,0.36288,0,96.3369,3.50563,92.4615,0.84672,12.849,0.84672,3695.15,0,18.483,0.148326,1.79869,1.96013,14.214,0.794184,17.0303,0.42336,0,0,18.483,0.42336,442.007,0,1.02816,0,0,2.82685,1.79869,1.028160,1,0,110.717,0,0,0,110.717,0
52.0886,2.64535,0,0,4.3827,0.25026,0.36288,3.6288,61.308,0.36332,0,0,1.95337,0.189294,1.40076,0.66528,12.849,1,0.666938,0.36288,0,73.2684,3.97692,68.9874,0.84672,12.849,0.84672,3695.15,0,18.483,0.109533,2.17636,1.96029,12.4864,0.967103,15.5464,0.42336,0,0,18.483,0.42336,442.007,0,1.02816,0,0,3.20452,2.17636,1.028160,1,0,85.9346,0,0,0,85.9346,0
53.9537,2.65712,0,0,5.14565,0.260584,0.36288,3.6288,61.308,0.363417,0,0,1.55475,0.210137,0.981197,0.66528,12.849,1,0.655447,0.36288,0,61.8407,4.6053,56.9428,0.84672,12.849,0.84672,3695.15,0,18.483,0.109562,2.3905,1.78041,15.5643,1.19766,18.428,0.42336,0,0,18.483,0.42336,442.007,0,1.02816,0,0,3.41866,2.3905,1.028160,1,0,76.352,0,0,0,76.352,0
54.6866,2.67564,0,0,4.03698,0.265612,0.36288,3.6288,61.308,0.363514,0,0,0.627864,0.210137,0.0542141,0.66528,12.849,1,0.637201,0.36288,0,53.8203,4.6053,48.9407,0.84672,12.849,0.84672,3695.15,0,18.483,0.109591,0.948836,1.78056,8.58962,1.19766,10.0118,0.42336,0,0,18.483,0.42336,442.007,0,1.02816,0,0,1.977,0.948836,1.028160,1,0,59.0066,0,0,0,59.0066,0
55.1859,2.68278,0,0,3.80651,0.261475,0.36288,3.6288,61.308,0.36361,0,0,0.605998,0.238205,0.00418219,0.66528,12.849,1,0.630339,0.36288,0,47.0386,4.70886,42.0623,0.84672,12.849,0.84672,3695.15,0,18.483,0.10962,0.4975,1.7807,6.9013,1.27757,7.79231,0.42336,0,0,18.483,0.42336,442.007,0,1.02816,0,0,1.52566,0.4975,1.028160,1,0,49.8587,0,0,0,49.8587,0
56.0828,2.68764,0,0,4.20553,0.258183,0.36288,3.6288,61.3036,0.363707,0,0,0.618536,0.259257,0,0.66528,12.849,1,0.625765,0.36288,0,69.3828,4.78653,64.3334,0.84672,12.849,0.84672,3695.15,0,18.483,0.109649,0.470543,1.78085,8.93092,1.33751,9.73516,0.42336,0,0,18.483,0.42336,442.007,0,1.02816,0,0,1.4987,0.470543,1.028160,1,0,74.0686,0,0,0,74.0686,0
58.8477,2.78045,0,0,6.1583,0.250047,0.36288,3.6288,61.308,0.401098,0,0,2.28202,0.219664,1.65683,0.66528,12.849,1,0.637023,0.36288,0,88.0191,3.26592,84.4791,0.84672,12.849,0.84672,3695.15,0,18.483,0.120931,3.32605,1.781,12.3351,0.944897,16.3763,0.42336,0,0,18.483,0.42336,442.007,0,1.02816,0,0,4.35421,3.32605,1.028160,1,0,102.512,0,0,0,102.512,0
59.1645,2.80523,0,0,3.74185,0.256916,0.36288,3.6288,61.308,0.401195,0,0,1.24654,0.21967,0.625679,0.66528,12.849,1,0.612503,0.36288,0,65.0398,3.26592,61.5242,0.84672,12.849,0.84672,3695.15,0,18.483,0.120951,1.75354,1.83811,14.9659,0.944897,17.4917,0.42336,0,0,18.483,0.42336,442.007,0,1.02816,0,0,2.7817,1.75354,1.028160,1,0,79.6416,0,0,0,79.6416,0
62.5505,2.80813,0,0,6.82108,0.264059,0.36288,3.6288,61.308,0.401284,0,0,3.94565,0.192692,3.35167,0.66528,12.849,1,0.609854,0.36288,0,110.884,3.0879,107.549,0.84672,12.849,0.84672,3695.15,0,18.483,0.120978,4.09803,1.83825,12.5653,0.902407,17.4782,0.42336,0,0,18.483,0.42336,442.007,0,1.02816,0,0,5.12619,4.09803,1.028160,1,0,128.379,0,0,0,128.379,0
64.5298,2.83573,0,0,5.45856,0.280696,0.36288,3.6288,61.308,0.401374,0,0,2.08599,0.156722,1.52789,0.66528,12.849,1,0.582511,0.36288,0,118.854,2.85054,115.784,0.84672,12.849,0.84672,3695.15,0,18.483,0.121005,2.29681,1.83839,11.0511,0.845753,14.2195,0.42336,0,0,18.483,0.42336,442.007,0,1.02816,0,0,3.32497,2.29681,1.028160,1,0,131.532,0,0,0,131.532,0
65.6505,3.12891,0,0,4.88329,0.270747,0.36288,3.6288,61.308,0.541554,0,0,2.35755,0.170636,1.64536,0.66528,12.849,1,0.623021,0.36288,0,83.8068,3.14457,80.4021,0.84672,12.849,0.84672,3695.15,0,18.483,0.163266,1.88009,1.83853,10.5818,0.826466,13.3106,0.42336,0,0,18.483,0.42336,442.007,0,1.02816,0,0,2.90825,1.88009,1.028160,1,0,95.3581,0,0,0,95.3581,0
65.9751,3.13804,0,0,4.117,0.291505,0.36288,3.6288,61.308,0.541654,0,0,1.77993,0.179335,1.05894,0.66528,12.849,1,0.614172,0.36288,0,62.3578,3.89298,58.2135,0.84672,12.849,0.84672,3695.15,0,18.483,0.163297,1.37708,2.04201,9.68898,0.983832,11.9609,0.42336,0,0,18.483,0.42336,442.007,0,1.02816,0,0,2.40524,1.37708,1.028160,1,0,71.2334,0,0,0,71.2334,0
67.4357,3.14081,0,0,5.25652,0.292261,0.36288,3.6288,61.308,0.541755,0,0,1.88959,0.179335,1.1685,0.66528,12.849,1,0.611689,0.36288,0,89.481,3.89298,85.3392,0.84672,12.849,0.84672,3695.15,0,18.483,0.163327,1.66126,2.04217,10.8162,0.983832,13.3724,0.42336,0,0,18.483,0.42336,442.007,0,1.02816,0,0,2.68942,1.66126,1.028160,1,0,99.8802,0,0,0,99.8802,0
69.0541,3.15218,0,0,5.4292,0.295663,0.36288,3.6288,61.308,0.541855,0,0,2.00071,0.179335,1.27952,0.66528,12.849,1,0.600607,0.36288,0,97.2095,3.89298,93.0788,0.84672,12.849,0.84672,3695.15,0,18.483,0.163357,1.82319,2.04232,11.5454,0.983832,14.2637,0.42336,0,0,18.483,0.42336,442.007,0,1.02816,0,0,2.85135,1.82319,1.028160,1,0,108.622,0,0,0,108.622,0
71.6074,2.76319,0,0,5.9848,0.305467,0.36288,3.6288,61.308,0.353896,0,0,2.60987,0.171989,2.08398,0.66528,12.849,1,0.51415,0.36288,0,93.6628,4.01352,89.498,0.84672,12.849,0.84672,3695.15,0,18.483,0.106692,2.17488,2.04247,13.1165,0.979857,16.2473,0.42336,0,0,18.483,0.42336,442.007,0,1.02816,0,0,3.20304,2.17488,1.028160,1,0,107.829,0,0,0,107.829,0
72.29,2.77894,0,0,5.75376,0.31615,1.97608,3.6288,61.308,0.353982,0,0,1.69187,0.16648,1.17141,0.66528,12.849,1,0.498644,1.97608,0,90.6993,4.10393,88.0728,0.84672,12.849,0.84672,3695.15,0,18.483,0.106718,1.69441,1.76438,9.12799,0.976876,11.5032,0.42336,0,0,18.483,0.42336,442.007,0,1.02816,0,0,2.72257,1.69441,1.028160,1,0,100.747,0,0,0,100.747,0
72.29,2.78315,0,0,4.70318,0.317796,1.60223,3.6288,61.308,0.354068,0,0,1.41431,0.16648,0.893759,0.66528,12.849,1,0.494684,1.60223,0,78.764,4.10393,75.7676,0.84672,12.849,0.84672,3695.15,0,18.483,0.106744,1.1231,1.76451,6.93095,0.976876,8.73494,0.42336,0,0,18.483,0.42336,442.007,0,1.02816,0,0,2.15126,1.1231,1.028160,1,0,85.3963,0,0,0,85.3963,0
72.29,2.78336,0,0,5.8762,0.317796,2.77505,3.6288,61.308,0.354154,0,0,1.85776,0.16648,1.33712,0.66528,12.849,1,0.494721,2.77505,0,104.412,4.10393,102.588,0.84672,12.849,0.84672,3695.15,0,18.483,0.10677,1.73486,1.76465,7.88441,0.976876,10.3003,0.42336,0,0,18.483,0.42336,442.007,0,1.02816,0,0,2.76302,1.73486,1.028160,1,0,114.226,0,0,0,114.226,0
72.29,2.78357,0,0,7.4984,0.314657,4.40017,3.6288,61.308,0.35424,0,0,2.15551,0.138697,1.66257,0.66528,12.849,1,0.494758,4.40017,0,155.583,3.70389,155.785,0.84672,12.849,0.84672,3695.15,0,18.483,0.106796,2.7642,1.76478,11.8568,0.903307,15.3757,0.42336,0,0,18.483,0.42336,442.007,0,1.02816,0,0,3.79236,2.7642,1.028160,1,0,172.823,0,0,0,172.823,0
72.29,2.88549,0,0,4.71306,0.314948,1.51262,3.6288,61.308,0.40035,0,0,1.19953,0.132357,0.666827,0.66528,12.849,1,0.512874,1.51262,0,88.0425,3.81402,85.2282,0.84672,12.849,0.84672,3695.15,0,18.483,0.120697,1.7753,1.76491,9.16773,0.891833,11.6954,0.42336,0,0,18.483,0.42336,442.007,0,1.02816,0,0,2.80346,1.7753,1.028160,1,0,97.5904,0,0,0,97.5904,0
72.29,2.88571,0,0,5.93303,0.314948,2.73237,3.6288,61.308,0.40044,0,0,2.01421,0.132357,1.48141,0.66528,12.849,1,0.512913,2.73237,0,97.6778,3.81402,96.0832,0.84672,12.849,0.84672,3695.15,0,18.483,0.120724,2.23875,1.83377,9.90827,0.891833,12.9682,0.42336,0,0,18.483,0.42336,442.007,0,1.02816,0,0,3.26691,2.23875,1.028160,1,0,110.533,0,0,0,110.533,0
72.29,2.88593,0,0,4.16522,0.314948,0.964349,3.6288,61.308,0.400529,0,0,1.18848,0.132357,0.655597,0.66528,12.849,1,0.512951,0.964349,0,73.3527,3.81402,69.9901,0.84672,12.849,0.84672,3695.15,0,18.483,0.120751,1.24759,1.83391,7.95234,0.891833,10.0213,0.42336,0,0,18.483,0.42336,442.007,0,1.02816,0,0,2.27575,1.24759,1.028160,1,0,80.667,0,0,0,80.667,0
72.29,2.88614,0,0,3.69129,0.297093,0.508057,3.6288,61.308,0.400619,0,0,0.949571,0.141872,0.407079,0.66528,12.849,1,0.51299,0.508057,0,74.4034,3.93036,70.4681,0.84672,12.849,0.84672,3695.15,0,18.483,0.120778,0.981288,1.83405,7.80149,0.914734,9.58131,0.42336,0,0,18.483,0.42336,442.007,0,1.02816,0,0,2.00945,0.981288,1.028160,1,0,80.4565,0,0,0,80.4565,0
72.1683,2.84658,0,0,3.36378,0.275981,0.36288,3.6288,61.308,0.382828,0,0,1.04573,0.144351,0.518555,0.66528,12.849,1,0.505958,0.36288,0,62.7249,3.6218,58.9601,0.84672,12.849,0.84672,3695.15,0,18.483,0.115414,0.667898,1.83419,5.57864,1.03609,6.92922,0.42336,0,0,18.483,0.42336,442.007,0,1.02816,0,0,1.69606,0.667898,1.028160,1,0,66.4078,0,0,0,66.4078,0
71.7325,2.84607,0,0,3.00478,0.231622,0.36288,3.6288,61.308,0.403204,0,0,0.845476,0.171027,0.271244,0.66528,12.849,1,0.50672,0.36288,0,55.498,3.8082,51.546,0.84672,12.849,0.84672,3695.15,0,18.483,0.121557,0.528595,1.80756,4.78418,1.06621,5.93258,0.42336,0,0,18.483,0.42336,442.007,0,1.00176,0,0,1.53035,0.528595,1.028160,1,0,57.7498,0,0,0,57.7498,0
71.2327,2.84367,0,0,2.89564,0.1889,0.36288,3.6288,61.308,0.383005,0,0,0.884425,0.190646,0.310774,0.66528,12.849,1,0.509369,0.36288,0,53.1509,3.98118,49.0233,0.84672,12.849,0.84672,3695.15,0,18.483,0.115467,0.566317,1.8077,5.08015,1.07654,6.26216,0.42336,0,0,18.483,0.42336,442.007,0,1.02816,0,0,1.59448,0.566317,1.028160,1,0,55.5962,0,0,0,55.5962,0
70.5232,2.84086,0,0,2.68234,0.18818,0.36288,3.6288,61.308,0.383093,0,0,0.820895,0.190646,0.247156,0.66528,12.849,1,0.512436,0.36288,0,48.4986,3.98118,44.3678,0.84672,12.849,0.84672,3695.15,0,18.483,0.115494,0.468046,1.80784,4.98585,1.07654,6.0697,0.42336,0,0,18.483,0.42336,442.007,0,1.02816,0,0,1.49621,0.468046,1.028160,1,0,50.6847,0,0,0,50.6847,0
69.7408,2.97128,0,0,2.74572,0.193936,0.36288,3.6288,61.308,0.531829,0,0,0.893385,0.197466,0.164089,0.66528,12.849,1,0.541353,0.36288,0,46.8169,3.954,42.6844,0.84672,12.849,0.84672,3695.15,0,18.483,0.160335,0.402797,1.80797,4.3176,1.10771,5.26032,0.42336,0,0,18.483,0.42336,442.007,0,0.917248,0,0,1.32005,0.402797,1.028160,1,0,48.1088,0,0,0,48.1088,0
68.5756,2.96637,0,0,2.31356,0.149503,0.36288,3.6288,61.1781,0.648178,0,0,0.737286,0.219055,0,0.66528,12.849,1,0.546522,0.36288,0,35.5891,4.29702,31.1084,0.84672,12.849,0.84672,3695.15,0,18.483,0.195411,0.402797,1.9017,3.56542,1.07906,4.59544,0.42336,0,0,18.483,0.42336,442.007,0,0.765945,0,0,1.16874,0.402797,1.028160,1,0,35.7039,0,0,0,35.7039,0
67.3514,2.95877,0,0,2.24566,0.148156,0.36288,3.6288,61.0839,0.65825,0,0,0.782974,0.218875,0,0.66528,12.849,1,0.554385,0.36288,0,33.9218,4.29702,29.4332,0.84672,12.849,0.84672,3695.15,0,18.483,0.198869,0.402797,1.90184,3.79288,1.07906,4.81959,0.42336,0,0,18.483,0.42336,442.007,0,0.752535,0,0,1.15533,0.402797,1.028160,1,0,34.2528,0,0,0,34.2528,0
66.0217,2.95053,0,0,2.13045,0.14674,0.36288,3.6288,61.0082,0.617846,0,0,0.760864,0.218744,0,0.66528,12.849,1,0.562889,0.36288,0,31.8603,4.29702,27.3632,0.84672,12.849,0.84672,3695.15,0,18.483,0.18695,0.30119,1.90198,3.50671,1.07906,4.44387,0.42336,0,0,18.483,0.42336,442.007,0,0.80498,0,0,1.10617,0.30119,1.028160,1,0,31.8071,0,0,0,31.8071,0
64.4999,2.94126,0,0,1.92289,0.140549,0.36288,3.6288,60.825,0.667434,0,0,0.705076,0.220835,0,0.66528,12.849,1,0.572422,0.36288,0,29.2494,4.37424,24.6656,0.84672,12.849,0.84672,3695.15,0,18.483,0.202205,0.30119,1.90213,3.29546,1.07948,4.21709,0.42336,0,0,18.483,0.42336,442.007,0,0.740258,0,0,1.04145,0.30119,1.028160,1,0,28.8827,0,0,0,28.8827,0
62.548,2.90398,0,0,1.4262,0.11127,0.36288,3.6288,60.5642,0.640198,0,0,0.613183,0.233737,0,0.66528,12.849,1,0.5785,0.36288,0,25.2179,4.83756,20.1647,0.84672,12.849,0.84672,3695.15,0,18.483,0.194538,0.30119,1.90227,2.55936,1.082,3.48628,0.42336,0,0,18.483,0.42336,442.007,0,0.82067,0,0,1.12186,0.30119,1.028160,1,0,23.651,0,0,0,23.651,0
60.485,2.88922,0,0,1.29864,0.109519,0.36288,3.6288,60.2994,0.638427,0,0,0.606989,0.233351,0,0.66528,12.849,1,0.593521,0.36288,0,25.0229,4.83756,19.9547,0.84672,12.849,0.84672,3695.15,0,18.483,0.194835,0.30119,1.93158,2.46325,1.082,3.41919,0.42336,0,0,18.483,0.42336,442.007,0,0.822269,0,0,1.12346,0.30119,1.028160,1,0,23.3739,0,0,0,23.3739,0
58.3167,2.87274,0,0,1.17498,0.107668,0.36288,3.6288,59.9158,0.71397,0,0,0.563314,0.232958,0,0.66528,12.849,1,0.610264,0.36288,0,22.4707,4.83756,17.3858,0.84672,12.849,0.84672,3695.15,0,18.483,0.218846,0.261274,1.93173,2.36249,1.082,3.25465,0.42336,0,0,18.483,0.42336,442.007,0,0.72284,0,0,0.984113,0.261274,1.028160,1,0,20.6404,0,0,0,20.6404,0
56.1389,2.85436,0,0,1.11943,0.0799922,0.36288,3.6288,59.4419,0.709323,0,0,0.532994,0.297625,0,0.66528,12.849,1,0.628905,0.36288,0,20.3569,5.68446,14.4064,0.84672,12.849,0.84672,3695.15,0,18.483,0.218814,0.261274,1.93187,2.2383,1.39113,2.8215,0.42336,0,0,18.483,0.42336,442.007,0,0.727644,0,0,0.988917,0.261274,1.028160,1,0,17.2279,0,0,0,17.2279,0
53.8049,2.90088,0,0,1.00478,0.0750038,0.36288,3.6288,58.875,0.819075,0,0,0.573373,0.321216,0,0.66528,12.849,1,0.663949,0.36288,0,20.4936,6.23316,13.9593,0.84672,12.849,0.84672,3695.15,0,18.483,0.254685,0.261274,1.93202,2.0955,1.52904,2.50507,0.42336,0,0,18.483,0.42336,442.007,0,0.622607,0,0,0.883881,0.261274,1.028160,1,0,16.4644,0,0,0,16.4644,0
51.3925,2.87784,0,0,0.901904,0.0736018,0.36288,3.6288,58.243,0.802978,0,0,0.496492,0.325492,0,0.66528,12.849,1,0.68725,0.36288,0,17.1711,6.39618,10.4506,0.84672,12.849,0.84672,3695.15,0,18.483,0.252084,0.261274,1.97866,2.05763,1.56359,2.4819,0.42336,0,0,18.483,0.42336,442.007,0,0.641434,0,0,0.902707,0.261274,1.028160,1,0,12.9325,0,0,0,12.9325,0
48.995,2.80597,0,0,0.843117,0.0717968,0.36288,3.6288,57.5391,0.839068,0,0,0.459368,0.324172,0,0.66528,12.849,1,0.701539,0.36288,0,16.3273,6.39618,9.59243,0.84672,12.849,0.84672,3695.15,0,18.483,0.266272,0.261274,1.97881,1.8055,1.56359,2.21572,0.42336,0,0,18.483,0.42336,442.007,0,0.563751,0,0,0.825025,0.261274,1.028160,1,0,11.8082,0,0,0,11.8082,0
46.6149,2.77898,0,0,0.831799,0.0699993,0.36288,3.6288,56.9444,0.768982,0,0,0.496995,0.322701,0,0.66528,12.849,1,0.728791,0.36288,0,15.1502,6.39618,8.38815,0.84672,12.849,0.84672,3695.15,0,18.483,0.247016,0.227405,1.94685,2.04182,1.56359,2.40547,0.42336,0,0,18.483,0.42336,442.007,0,0.653219,0,0,0.880623,0.227405,1.028160,1,0,10.7936,0,0,0,10.7936,0
44.2101,2.88529,0,0,0.903044,0.0596649,0.36288,3.6288,56.3285,0.823502,0,0,0.520613,0.313046,0,0.66528,12.849,1,0.795305,0.36288,0,15.5866,6.64692,8.5073,0.84672,12.849,0.84672,3695.15,0,18.483,0.267292,0.227405,1.94699,2.70947,1.59938,3.01719,0.42336,0,0,18.483,0.42336,442.007,0,0.692366,0,0,0.919771,0.227405,1.028160,1,0,11.5245,0,0,0,11.5245,0
41.926,2.70849,0,0,0.845277,0.0580258,0.36288,3.6288,55.6474,0.81655,0,0,0.470972,0.335494,0,0.66528,12.849,1,0.787181,0.36288,0,16.1727,6.92349,8.82491,0.84672,12.849,0.84672,3695.15,0,18.483,0.267934,0.227405,2.06741,2.35099,1.5737,2.80418,0.42336,0,0,18.483,0.42336,442.007,0,0.609085,0,0,0.83649,0.227405,1.028160,1,0,11.6291,0,0,0,11.6291,0
39.7309,2.67587,0,0,0.900107,0.0565171,0.36288,3.6288,55.2245,0.668183,0,0,0.579315,0.334003,0,0.66528,12.849,1,0.820068,0.36288,0,20.5802,6.92349,13.1995,0.84672,12.849,0.84672,3695.15,0,18.483,0.221933,0.227405,1.96354,2.62596,1.5737,3.02128,0.42336,0,0,18.483,0.42336,442.007,0,0.80358,0,0,1.03099,0.227405,1.028160,1,0,16.2208,0,0,0,16.2208,0
37.2187,2.8347,0,0,0.740526,0.0550695,0.36288,3.6288,54.3518,0.961542,0,0,0.421908,0.333077,0,0.66528,12.849,1,0.84672,0.36288,0,18.8547,6.92349,11.4474,0.84672,12.849,0.84672,3695.15,0,18.483,0.321817,0.204422,1.96369,2.15077,1.5737,2.42337,0.42336,0,0,18.483,0.42336,442.007,0,0.500204,0,0,0.704627,0.204422,1.028160,1,0,13.8708,0,0,0,13.8708,0
35.0755,2.64974,0,0,0.922812,0.0534824,0.36288,3.6288,54.2547,0.496836,0,0,0.73086,0.331166,0,0.66528,12.849,1,0.84672,0.36288,0,18.379,6.92349,10.9717,0.84672,12.849,0.84672,3695.15,0,18.483,0.168955,0.36428,2.06788,3.35448,1.5737,4.04399,0.42336,0,0,18.483,0.42336,442.007,0,1.02816,0,0,1.39244,0.36428,1.028160,1,0,15.0157,0,0,0,15.0157,0
32.8151,2.54331,0,0,0.729328,0.0835119,0.36288,3.6288,54.0566,0.477024,0,0,0.592575,0.313652,0,0.66528,12.849,1,0.84672,0.36288,0,23.7447,6.22577,17.0351,0.84672,12.849,0.84672,3695.15,0,18.483,0.162508,0.204422,1.96398,2.40361,1.46439,2.94512,0.42336,0,0,18.483,0.42336,442.007,0,0.973037,0,0,1.17746,0.204422,1.028160,1,0,19.9802,0,0,0,19.9802,0
30.4032,2.54357,0,0,0.575751,0.081224,0.36288,3.6288,53.5214,0.632226,0,0,0.410289,0.313241,0,0.66528,12.849,1,0.84672,0.36288,0,18.687,6.22577,11.9774,0.84672,12.849,0.84672,3695.15,0,18.483,0.21617,0.204422,1.88116,2.24712,1.46439,2.65214,0.42336,0,0,18.483,0.42336,442.007,0,0.764294,0,0,0.968717,0.204422,1.028160,1,0,14.6296,0,0,0,14.6296,0
27.8711,2.72345,0,0,0.657322,0.103004,0.36288,3.6288,52.8931,0.7337,0,0,0.392527,0.287184,0,0.66528,12.849,1,0.84672,0.36288,0,15.6241,5.89416,9.24606,0.84672,12.849,0.84672,3695.15,0,18.483,0.253375,0.216518,1.8813,2.76595,1.27986,3.33054,0.42336,0,0,18.483,0.42336,442.007,0,0.711184,0,0,0.927703,0.216518,1.028160,1,0,12.5766,0,0,0,12.5766,0
27.3212,2.54408,0,0,2.43533,0.0783452,0.36288,3.6288,52.986,0.433345,0,0,0.817371,0.291088,0,0.66528,12.849,1,0.84672,0.36288,0,26.6532,6.26356,19.9058,0.84672,12.849,0.84672,3695.15,0,18.483,0.151428,0.788581,1.98113,7.02285,1.22553,8.4156,0.42336,0,0,18.483,0.42336,442.007,0,1.02816,0,0,1.81674,0.788581,1.028160,1,0,28.3214,0,0,0,28.3214,0
27.496,2.45673,0,0,3.12181,0.12733,0.36288,3.6288,53.2267,0.378609,0,0,0.810435,0.191081,0,0.66528,12.849,1,0.84672,0.36288,0,43.5192,4.44094,38.5945,0.84672,12.849,0.84672,3695.15,0,18.483,0.132069,0.49839,1.88159,6.59594,0.963799,7.88005,0.42336,0,0,18.483,0.42336,442.007,0,1.02816,0,0,1.52655,0.49839,1.028160,1,0,46.4745,0,0,0,46.4745,0
27.7068,2.45698,0,0,3.15995,0.129354,0.36288,3.6288,53.8145,0.379138,0,0,1.1426,0.175669,0,0.66528,12.849,1,0.84672,0.36288,0,37.6121,3.75753,33.3707,0.84672,12.849,0.84672,3695.15,0,18.483,0.131656,1.0826,1.80797,6.07594,0.980218,7.85464,0.42336,0,0,18.483,0.42336,442.007,0,1.02816,0,0,2.11076,1.0826,1.028160,1,0,41.2254,0,0,0,41.2254,0
27.0225,2.45723,0,0,2.27901,0.14313,0.36288,3.6288,54.0084,0.380295,0,0,0.757269,0.183066,0,0.66528,12.849,1,0.84672,0.36288,0,33.6364,3.87351,29.279,0.84672,12.849,0.84672,3695.15,0,18.483,0.130615,0.444822,1.80811,6.18181,1.0073,7.29683,0.42336,0,0,18.483,0.42336,442.007,0,1.02816,0,0,1.47298,0.444822,1.028160,1,0,36.5759,0,0,0,36.5759,0
31.2636,2.45748,0,0,7.23636,0.174954,0.36288,3.6288,54.5759,0.38073,0,0,1.1479,0.199755,0,0.66528,12.849,1,0.84672,0.36288,0,112.462,4.16346,107.815,0.84672,12.849,0.84672,3695.15,0,18.483,0.130295,1.44367,1.80825,10.0294,1.07499,12.076,0.42336,0,0,18.483,0.42336,442.007,0,1.02816,0,0,2.47183,1.44367,1.028160,1,0,119.891,0,0,0,119.891,0
34.2479,2.42471,0,0,5.93554,0.163607,0.36288,3.6288,54.7614,0.339396,0,0,0.726892,0.201972,0,0.66528,12.849,1,0.84672,0.36288,0,83.5991,3.93345,79.1818,0.84672,12.849,0.84672,3695.15,0,18.483,0.114942,1.02609,1.80838,7.25957,1.01791,8.96118,0.42336,0,0,18.483,0.42336,442.007,0,1.02816,0,0,2.05425,1.02609,1.028160,1,0,88.143,0,0,0,88.143,0
36.1926,2.42496,0,0,4.8883,0.155844,0.36288,3.6288,55.3022,0.33977,0,0,1.06553,0.184938,0,0.66528,12.849,1,0.84672,0.36288,0,55.4603,3.59026,51.3862,0.84672,12.849,0.84672,3695.15,0,18.483,0.114679,1.68419,1.75844,6.67151,0.893631,9.10584,0.42336,0,0,18.483,0.42336,442.007,0,1.02816,0,0,2.71235,1.68419,1.028160,1,0,60.4921,0,0,0,60.4921,0
39.0373,2.4252,0,0,5.82483,0.192035,0.36288,3.6288,56.0548,0.340694,0,0,1.26315,0.169831,0,0.66528,12.849,1,0.84672,0.36288,0,76.425,3.76415,72.177,0.84672,12.849,0.84672,3695.15,0,18.483,0.113866,1.58325,1.75858,7.7728,0.907429,10.0933,0.42336,0,0,18.483,0.42336,442.007,0,1.02816,0,0,2.61141,1.58325,1.028160,1,0,82.2704,0,0,0,82.2704,0
41.9556,2.50247,0,0,5.98224,0.198567,0.36288,3.6288,56.7599,0.360322,0,0,1.23609,0.170671,0,0.66528,12.849,1,0.823679,0.36288,0,68.1558,3.76415,63.9308,0.84672,12.849,0.84672,3695.15,0,18.483,0.118809,1.6328,1.75871,7.35566,0.907429,9.72093,0.42336,0,0,18.483,0.42336,442.007,0,1.02816,0,0,2.66096,1.6328,1.028160,1,0,73.6518,0,0,0,73.6518,0
47.3228,2.54652,0,0,8.47074,0.194127,0.36288,3.6288,58.5707,0.361521,0,0,2.36122,0.188913,0,0.66528,12.849,1,0.779877,0.36288,0,147.807,4.07612,143.314,0.84672,12.849,0.84672,3695.15,0,18.483,0.117724,3.00576,1.78785,13.1681,1.03422,16.8098,0.42336,0,0,18.483,0.42336,442.007,0,1.02816,0,0,4.03392,3.00576,1.028160,1,0,160.124,0,0,0,160.124,0
47.4858,2.69823,0,0,3.41713,0.193079,0.36288,3.6288,58.8066,0.40142,0,0,0.814971,0.177617,0,0.66528,12.849,1,0.732618,0.36288,0,47.7965,3.82455,43.6022,0.84672,12.849,0.84672,3695.15,0,18.483,0.126675,0.938079,1.78799,5.04471,1.00858,6.63552,0.42336,0,0,18.483,0.42336,442.007,0,1.02816,0,0,1.96624,0.938079,1.028160,1,0,50.2377,0,0,0,50.2377,0
48.9581,2.70039,0,0,4.73185,0.196259,0.36288,3.6288,59.2495,0.401886,0,0,1.01302,0.16826,0,0.66528,12.849,1,0.730688,0.36288,0,78.7387,3.65263,74.7182,0.84672,12.849,0.84672,3695.15,0,18.483,0.126313,1.44441,1.8453,8.22808,0.951472,10.44,0.42336,0,0,18.483,0.42336,442.007,0,1.02816,0,0,2.47257,1.44441,1.028160,1,0,85.1582,0,0,0,85.1582,0
52.969,2.71797,0,0,7.29125,0.19943,0.36288,3.6288,61.0064,0.402685,0,0,2.32826,0.168738,0,0.66528,12.849,1,0.71333,0.36288,0,141.934,3.65263,137.931,0.84672,12.849,0.84672,3695.15,0,18.483,0.125618,4.26439,1.84543,15.0575,0.951472,20.0903,0.42336,0,0,18.483,0.42336,442.007,0,1.02816,0,0,5.29255,4.26439,1.028160,1,0,158.022,0,0,0,158.022,0
59.0692,2.76163,0,0,9.47482,0.250204,0.36288,3.6288,61.308,0.405541,0,0,2.17541,0.194651,1.27357,0.66528,12.849,1,0.669904,0.36288,0,202.454,4.10991,198.037,0.84672,12.849,0.84672,3695.15,0,18.483,0.122866,5.87647,1.84555,16.4356,1.06881,22.966,0.42336,0,0,18.483,0.42336,442.007,0,1.02816,0,0,6.90463,5.87647,1.028160,1,0,222.277,0,0,0,222.277,0
62.587,3.09356,0,0,7.24252,0.26824,0.36288,3.6288,61.308,0.546719,0,0,1.75704,0.193964,1.01636,0.66528,12.849,1,0.672926,0.36288,0,201.469,4.10215,197.057,0.84672,12.849,0.84672,3695.15,0,18.483,0.164824,3.76213,1.84567,10.605,1.06554,14.9825,0.42336,0,0,18.483,0.42336,442.007,0,1.02816,0,0,4.79029,3.76213,1.028160,1,0,213.056,0,0,0,213.056,0
62.2061,3.12515,0,0,3.36233,0.255227,0.36288,3.6288,61.308,0.546808,0,0,1.56991,0.17972,0.843385,0.66528,12.849,1,0.641588,0.36288,0,82.5682,3.84793,78.4415,0.84672,12.849,0.84672,3695.15,0,18.483,0.164851,1.02764,2.04993,5.94359,0.998612,7.8577,0.42336,0,0,18.483,0.42336,442.007,0,1.02816,0,0,2.0558,1.02764,1.028160,1,0,87.1426,0,0,0,87.1426,0
62.6512,3.1221,0,0,4.18453,0.254431,0.36288,3.6288,61.308,0.546898,0,0,1.67962,0.17972,0.953007,0.66528,12.849,1,0.644887,0.36288,0,120.283,3.84793,116.153,0.84672,12.849,0.84672,3695.15,0,18.483,0.164877,3.2765,2.05007,9.47609,0.998612,13.6392,0.42336,0,0,18.483,0.42336,442.007,0,1.02816,0,0,4.30466,3.2765,1.028160,1,0,130.745,0,0,0,130.745,0
62.827,3.12611,0,0,3.9537,0.288865,0.36288,3.6288,61.308,0.546987,0,0,1.31806,0.160879,0.610192,0.66528,12.849,1,0.641128,0.36288,0,110.689,3.95736,106.453,0.84672,12.849,0.84672,3695.15,0,18.483,0.164904,2.62653,2.05021,7.08636,0.950696,10.6475,0.42336,0,0,18.483,0.42336,442.007,0,1.02816,0,0,3.65469,2.62653,1.028160,1,0,117.711,0,0,0,117.711,0
66.2215,2.73134,0,0,6.81002,0.321303,0.36288,3.6288,61.308,0.358294,0,0,1.86091,0.202107,1.30051,0.66528,12.849,1,0.558598,0.36288,0,156.526,3.6417,152.688,0.84672,12.849,0.84672,3695.15,0,18.483,0.108018,3.82506,2.05035,9.95898,0.970918,14.7554,0.42336,0,0,18.483,0.42336,442.007,0,1.02816,0,0,4.85322,3.82506,1.028160,1,0,168.744,0,0,0,168.744,0
68.1168,2.75551,0,0,5.32418,0.310498,0.36288,3.6288,61.308,0.358371,0,0,2.33572,0.20312,1.77423,0.66528,12.849,1,0.534653,0.36288,0,144.414,3.33858,140.904,0.84672,12.849,0.84672,3695.15,0,18.483,0.108041,2.82288,1.77116,9.72173,0.927508,13.2802,0.42336,0,0,18.483,0.42336,442.007,0,1.02816,0,0,3.85104,2.82288,1.028160,1,0,155.958,0,0,0,155.958,0
69.5078,2.76821,0,0,4.83722,0.315178,0.36288,3.6288,61.308,0.358447,0,0,2.07069,0.20312,1.50912,0.66528,12.849,1,0.522172,0.36288,0,129.405,3.33858,125.907,0.84672,12.849,0.84672,3695.15,0,18.483,0.108064,3.1949,1.77128,9.09991,0.927508,13.0305,0.42336,0,0,18.483,0.42336,442.007,0,1.02816,0,0,4.22306,3.1949,1.028160,1,0,140.447,0,0,0,140.447,0
72.29,2.77721,0,0,7.1146,0.318613,1.23654,3.6288,61.308,0.358524,0,0,2.52977,0.20312,1.96813,0.66528,12.849,1,0.513387,1.23654,0,175.891,3.33858,173.276,0.84672,12.849,0.84672,3695.15,0,18.483,0.108087,3.67235,1.7714,12.8274,0.927508,17.2355,0.42336,0,0,18.483,0.42336,442.007,0,1.02816,0,0,4.70051,3.67235,1.028160,1,0,192.48,0,0,0,192.48,0
72.29,2.79418,0,0,5.94365,0.324533,2.82495,3.6288,61.308,0.358601,0,0,2.24569,0.196658,1.69043,0.66528,12.849,1,0.496644,2.82495,0,163.483,3.32958,162.482,0.84672,12.849,0.84672,3695.15,0,18.483,0.10811,3.33449,1.77152,11.8362,0.942335,15.8918,0.42336,0,0,18.483,0.42336,442.007,0,1.02816,0,0,4.36265,3.33449,1.028160,1,0,180.064,0,0,0,180.064,0
72.29,2.89646,0,0,6.68916,0.311838,3.48086,3.6288,61.308,0.404876,0,0,3.01301,0.171509,2.43662,0.66528,12.849,1,0.514824,3.48086,0,129.518,3.75806,128.726,0.84672,12.849,0.84672,3695.15,0,18.483,0.122061,3.12328,1.77164,13.6681,0.98769,17.4533,0.42336,0,0,18.483,0.42336,442.007,0,1.02816,0,0,4.15144,3.12328,1.028160,1,0,148.616,0,0,0,148.616,0
72.29,2.89666,0,0,6.22192,0.311838,3.01343,3.6288,61.308,0.404956,0,0,3.52967,0.171509,2.95321,0.66528,12.849,1,0.514859,3.01343,0,146.968,3.75806,145.709,0.84672,12.849,0.84672,3695.15,0,18.483,0.122085,3.20871,1.84074,19.9064,0.98769,23.8461,0.42336,0,0,18.483,0.42336,442.007,0,1.02816,0,0,4.23687,3.20871,1.028160,1,0,172.508,0,0,0,172.508,0
72.29,2.89685,0,0,4.47975,0.308947,1.27396,3.6288,61.308,0.405036,0,0,2.6123,0.163609,2.04365,0.66528,12.849,1,0.514893,1.27396,0,154.34,3.54222,151.557,0.84672,12.849,0.84672,3695.15,0,18.483,0.122109,3.62916,1.84087,12.8845,0.957496,17.2749,0.42336,0,0,18.483,0.42336,442.007,0,1.02816,0,0,4.65732,3.62916,1.028160,1,0,170.875,0,0,0,170.875,0
72.29,2.89704,0,0,3.84078,0.264172,0.679567,3.6288,61.308,0.405116,0,0,1.99144,0.145811,1.44052,0.66528,12.849,1,0.514927,0.679567,0,112.011,2.62944,109.546,0.84672,12.849,0.84672,3695.15,0,18.483,0.122133,2.53498,1.84099,10.5712,0.883263,13.9418,0.42336,0,0,18.483,0.42336,442.007,0,1.02816,0,0,3.56314,2.53498,1.028160,1,0,124.928,0,0,0,124.928,0
72.2846,2.85731,0,0,3.43718,0.222411,0.36288,3.6288,61.308,0.387248,0,0,1.52277,0.193918,0.941608,0.66528,12.849,1,0.507864,0.36288,0,88.8546,3.64218,85.0675,0.84672,12.849,0.84672,3695.15,0,18.483,0.116747,2.14797,1.84111,8.06838,1.0584,10.8823,0.42336,0,0,18.483,0.42336,442.007,0,1.02816,0,0,3.17613,2.14797,1.028160,1,0,96.8914,0,0,0,96.8914,0
71.8995,2.85746,0,0,3.05558,0.220326,0.36288,3.6288,61.308,0.387326,0,0,1.46007,0.197373,0.875365,0.66528,12.849,1,0.507931,0.36288,0,78.3942,3.84342,74.4057,0.84672,12.849,0.84672,3695.15,0,18.483,0.11677,1.95659,1.81438,7.89428,1.07143,10.477,0.42336,0,0,18.483,0.42336,442.007,0,1.02816,0,0,2.98475,1.95659,1.028160,1,0,85.7581,0,0,0,85.7581,0
71.5798,2.85535,0,0,3.11822,0.219682,0.36288,3.6288,61.308,0.387405,0,0,1.2566,0.197373,0.671823,0.66528,12.849,1,0.510273,0.36288,0,75.6804,3.84342,71.6895,0.84672,12.849,0.84672,3695.15,0,18.483,0.116794,1.42978,1.8145,7.8078,1.07143,9.86385,0.42336,0,0,18.483,0.42336,442.007,0,1.02816,0,0,2.45794,1.42978,1.028160,1,0,82.2252,0,0,0,82.2252,0
71.3638,2.85361,0,0,3.18934,0.188901,0.36288,3.6288,61.308,0.387483,0,0,1.22883,0.21221,0.62914,0.66528,12.849,1,0.512239,0.36288,0,78.4279,5.01305,73.2655,0.84672,12.849,0.84672,3695.15,0,18.483,0.116818,1.53821,1.81462,9.71024,1.11754,11.8287,0.42336,0,0,18.483,0.42336,442.007,0,1.02816,0,0,2.56637,1.53821,1.028160,1,0,85.7233,0,0,0,85.7233,0
70.4853,2.98779,0,0,2.62227,0.150035,0.36288,3.6288,61.308,0.451227,0,0,1.15499,0.221627,0.482133,0.66528,12.849,1,0.537951,0.36288,0,53.9044,5.12398,48.6054,0.84672,12.849,0.84672,3695.15,0,18.483,0.136035,1.42234,1.81474,7.04238,1.15627,8.98715,0.42336,0,0,18.483,0.42336,442.007,0,1.02816,0,0,2.4505,1.42234,1.028160,1,0,58.0747,0,0,0,58.0747,0
69.6893,2.98232,0,0,2.71126,0.162109,0.36288,3.6288,61.308,0.45131,0,0,1.12942,0.205772,0.472339,0.66528,12.849,1,0.543657,0.36288,0,56.1863,3.81402,52.1915,0.84672,12.849,0.84672,3695.15,0,18.483,0.13606,1.31635,1.9088,6.46678,1.0295,8.52636,0.42336,0,0,18.483,0.42336,442.007,0,1.02816,0,0,2.34451,1.31635,1.028160,1,0,61.1902,0,0,0,61.1902,0
68.7781,2.97728,0,0,2.59011,0.161116,0.36288,3.6288,61.308,0.451393,0,0,1.1342,0.205772,0.477034,0.66528,12.849,1,0.548938,0.36288,0,52.7897,3.81402,48.7896,0.84672,12.849,0.84672,3695.15,0,18.483,0.136085,1.21307,1.90893,6.21829,1.0295,8.1747,0.42336,0,0,18.483,0.42336,442.007,0,1.02816,0,0,2.24123,1.21307,1.028160,1,0,57.4414,0,0,0,57.4414,0
67.7054,2.97135,0,0,2.42151,0.159979,0.36288,3.6288,61.308,0.451476,0,0,1.05583,0.205772,0.398578,0.66528,12.849,1,0.555102,0.36288,0,49.2687,3.81402,45.2625,0.84672,12.849,0.84672,3695.15,0,18.483,0.13611,1.09307,1.90905,5.89022,1.0295,7.72674,0.42336,0,0,18.483,0.42336,442.007,0,1.02816,0,0,2.12123,1.09307,1.028160,1,0,53.3878,0,0,0,53.3878,0
66.5805,2.96416,0,0,2.2936,0.0915091,0.36288,3.6288,61.308,0.451559,0,0,1.00939,0.264704,0.293123,0.66528,12.849,1,0.562532,0.36288,0,46.6147,5.17723,41.2378,0.84672,12.849,0.84672,3695.15,0,18.483,0.136135,1.15156,1.90918,5.62404,1.22304,7.32561,0.42336,0,0,18.483,0.42336,442.007,0,1.02816,0,0,2.17972,1.15156,1.028160,1,0,48.8565,0,0,0,48.8565,0
66.4215,2.92991,0,0,3.22863,0.0947519,0.36288,3.6288,61.308,0.486645,0,0,1.27157,0.269331,0.515599,0.66528,12.849,1,0.565427,0.36288,0,51.2527,5.27709,45.773,0.84672,12.849,0.84672,3695.15,0,18.483,0.146713,1.69997,1.90931,5.87379,1.31254,8.02382,0.42336,0,0,18.483,0.42336,442.007,0,1.02816,0,0,2.72813,1.69997,1.028160,1,0,54.3124,0,0,0,54.3124,0
66.0895,2.92897,0,0,3.05446,0.0946324,0.36288,3.6288,61.308,0.48673,0,0,1.20673,0.269331,0.450671,0.66528,12.849,1,0.566598,0.36288,0,51.4181,5.27709,45.9373,0.84672,12.849,0.84672,3695.15,0,18.483,0.146738,1.4924,1.93871,6.25191,1.31254,8.22375,0.42336,0,0,18.483,0.42336,442.007,0,1.02816,0,0,2.52056,1.4924,1.028160,1,0,54.6117,0,0,0,54.6117,0
65.4874,2.92678,0,0,2.78188,0.0943829,0.36288,3.6288,61.308,0.486815,0,0,1.18837,0.269331,0.432225,0.66528,12.849,1,0.569019,0.36288,0,50.2228,5.27709,44.7395,0.84672,12.849,0.84672,3695.15,0,18.483,0.146764,1.53069,1.93884,6.03071,1.31254,8.04094,0.42336,0,0,18.483,0.42336,442.007,0,1.02816,0,0,2.55885,1.53069,1.028160,1,0,53.2127,0,0,0,53.2127,0
64.6151,2.9226,0,0,2.50718,0.0939304,0.36288,3.6288,61.308,0.4869,0,0,1.10663,0.269331,0.350397,0.66528,12.849,1,0.573432,0.36288,0,46.5489,5.27709,41.0612,0.84672,12.849,0.84672,3695.15,0,18.483,0.14679,1.20486,1.93897,5.74195,1.31254,7.42646,0.42336,0,0,18.483,0.42336,442.007,0,1.02816,0,0,2.23302,1.20486,1.028160,1,0,48.8381,0,0,0,48.8381,0
63.2773,2.9844,0,0,2.09069,0.0811839,0.36288,3.6288,61.308,0.518189,0,0,0.835272,0.303463,0.0136202,0.66528,12.849,1,0.593461,0.36288,0,36.3285,5.83452,30.2634,0.84672,12.849,0.84672,3695.15,0,18.483,0.156223,0.70041,1.9391,4.39668,1.46862,5.41134,0.42336,0,0,18.483,0.42336,442.007,0,1.02816,0,0,1.72857,0.70041,1.028160,1,0,35.6884,0,0,0,35.6884,0
62.0211,2.97417,0,0,2.15995,0.0790984,0.36288,3.6288,61.308,0.518277,0,0,0.922009,0.309865,0.0938671,0.66528,12.849,1,0.603931,0.36288,0,41.7252,6.00558,35.4786,0.84672,12.849,0.84672,3695.15,0,18.483,0.156249,0.82506,1.9859,4.33966,1.49553,5.49885,0.42336,0,0,18.483,0.42336,442.007,0,1.02816,0,0,1.85322,0.82506,1.028160,1,0,41.0713,0,0,0,41.0713,0
60.5818,2.96424,0,0,1.96603,0.0782891,0.36288,3.6288,61.2402,0.518364,0,0,0.760467,0.309865,0,0.66528,12.849,1,0.614105,0.36288,0,33.6074,6.00558,27.3505,0.84672,12.849,0.84672,3695.15,0,18.483,0.156275,0.86508,1.98603,4.03255,1.49553,5.23186,0.42336,0,0,18.483,0.42336,442.007,0,1.02816,0,0,1.89324,0.86508,1.028160,1,0,32.5824,0,0,0,32.5824,0
58.9772,2.9524,0,0,1.7881,0.0773618,0.36288,3.6288,61.1204,0.518318,0,0,0.708221,0.309733,0,0.66528,12.849,1,0.626184,0.36288,0,31.3296,6.00558,25.0607,0.84672,12.849,0.84672,3695.15,0,18.483,0.156434,0.569998,1.98616,3.59379,1.49553,4.49799,0.42336,0,0,18.483,0.42336,442.007,0,1.02816,0,0,1.59816,0.569998,1.028160,1,0,29.5587,0,0,0,29.5587,0
57.3344,3.13486,0,0,1.9223,0.0673903,0.36288,3.6288,61.0213,0.630749,0,0,0.84558,0.313942,0,0.66528,12.849,1,0.682973,0.36288,0,31.7004,6.12095,25.2594,0.84672,12.849,0.84672,3695.15,0,18.483,0.190741,1.0301,1.9863,4.86055,1.52833,6.15788,0.42336,0,0,18.483,0.42336,442.007,0,1.02816,0,0,2.05826,1.0301,1.028160,1,0,31.4173,0,0,0,31.4173,0
55.5043,3.11908,0,0,1.72671,0.0748726,0.36288,3.6288,60.9353,0.630606,0,0,0.848794,0.304198,0,0.66528,12.849,1,0.699006,0.36288,0,29.6482,5.76628,23.5458,0.84672,12.849,0.84672,3695.15,0,18.483,0.191007,1.10028,2.1445,4.00585,1.51599,5.54364,0.42336,0,0,18.483,0.42336,442.007,0,1.02816,0,0,2.12844,1.10028,1.028160,1,0,29.0895,0,0,0,29.0895,0
53.5154,3.10057,0,0,1.54813,0.0735279,0.36288,3.6288,60.7702,0.630494,0,0,0.769418,0.304032,0,0.66528,12.849,1,0.71777,0.36288,0,26.4674,5.76628,20.3463,0.84672,12.849,0.84672,3695.15,0,18.483,0.191243,0.962081,2.14464,3.90632,1.51599,5.30581,0.42336,0,0,18.483,0.42336,442.007,0,1.02816,0,0,1.99024,0.962081,1.028160,1,0,25.6521,0,0,0,25.6521,0
51.9041,3.0293,0,0,1.85293,0.0720665,0.36288,3.6288,60.6858,0.607171,0,0,0.826554,0.303714,0,0.66528,12.849,1,0.727332,0.36288,0,27.3919,5.76628,21.2612,0.84672,12.849,0.84672,3695.15,0,18.483,0.184669,1.1333,2.14479,4.28475,1.51599,5.86218,0.42336,0,0,18.483,0.42336,442.007,0,1.02816,0,0,2.16146,1.1333,1.028160,1,0,27.1234,0,0,0,27.1234,0
51.606,3.0114,0,0,3.16831,0.0921659,0.36288,3.6288,60.8422,0.607068,0,0,1.06164,0.298209,0,0.66528,12.849,1,0.745481,0.36288,0,45.522,5.61786,39.5215,0.84672,12.849,0.84672,3695.15,0,18.483,0.184894,1.48954,2.11013,4.74287,1.49778,6.65986,0.42336,0,0,18.483,0.42336,442.007,0,1.02816,0,0,2.5177,1.48954,1.028160,1,0,46.1814,0,0,0,46.1814,0
51.1617,2.96448,0,0,2.9491,0.0659751,0.36288,3.6288,61.308,0.562272,0,0,1.50412,0.30466,0.171396,0.66528,12.849,1,0.738104,0.36288,0,38.9556,5.75152,32.8289,0.84672,12.849,0.84672,3695.15,0,18.483,0.17081,3.40483,2.11027,9.72857,1.46567,13.6072,0.42336,0,0,18.483,0.42336,442.007,0,1.02816,0,0,4.43299,3.40483,1.028160,1,0,46.6074,0,0,0,46.6074,0
51.1712,2.95955,0,0,3.42319,0.0912929,0.36288,3.6288,61.308,0.56336,0,0,1.56168,0.283883,0.714437,0.66528,12.849,1,0.743276,0.36288,0,39.7116,5.54589,33.7853,0.84672,12.849,0.84672,3695.15,0,18.483,0.169841,3.95749,2.0546,8.37311,1.39576,12.8196,0.42336,0,0,18.483,0.42336,442.007,0,1.02816,0,0,4.98565,3.95749,1.028160,1,0,47.3194,0,0,0,47.3194,0
52.6423,2.95986,0,0,4.88513,0.091302,0.36288,3.6288,61.308,0.56345,0,0,2.57026,0.283883,1.72293,0.66528,12.849,1,0.743216,0.36288,0,73.4549,5.54589,67.5287,0.84672,12.849,0.84672,3695.15,0,18.483,0.169868,7.38964,2.05474,15.6969,1.39576,23.5756,0.42336,0,0,18.483,0.42336,442.007,0,1.02816,0,0,8.4178,7.38964,1.028160,1,0,92.8273,0,0,0,92.8273,0
53.2944,2.97675,0,0,4.09961,0.107837,0.36288,3.6288,61.308,0.563541,0,0,1.9626,0.278212,1.12085,0.66528,12.849,1,0.72657,0.36288,0,98.331,5.53289,92.4344,0.84672,12.849,0.84672,3695.15,0,18.483,0.169895,5.34704,2.05487,10.3482,1.4016,16.1786,0.42336,0,0,18.483,0.42336,442.007,0,1.02816,0,0,6.3752,5.34704,1.028160,1,0,109.734,0,0,0,109.734,0
55.5015,2.90703,0,0,5.67528,0.19826,0.36288,3.6288,61.308,0.501351,0,0,1.83418,0.229884,1.10294,0.66528,12.849,1,0.700869,0.36288,0,79.0728,4.90077,73.8341,0.84672,12.849,0.84672,3695.15,0,18.483,0.151146,3.87971,2.05501,10.4364,1.24127,14.9787,0.42336,0,0,18.483,0.42336,442.007,0,1.02816,0,0,4.90787,3.87971,1.028160,1,0,89.9158,0,0,0,89.9158,0
62.0069,2.92986,0,0,9.99852,0.200414,0.36288,3.6288,61.308,0.501437,0,0,3.25816,0.210817,2.54591,0.66528,12.849,1,0.678283,0.36288,0,116.822,4.16199,112.345,0.84672,12.849,0.84672,3695.15,0,18.483,0.151172,4.96632,1.9746,15.5375,0.980789,21.3464,0.42336,0,0,18.483,0.42336,442.007,0,1.02816,0,0,5.99448,4.96632,1.028160,1,0,136.237,0,0,0,136.237,0
67.3278,2.989,0,0,8.88581,0.213019,0.36288,3.6288,61.308,0.501523,0,0,2.89128,0.210817,2.17894,0.66528,12.849,1,0.619378,0.36288,0,137.621,4.16199,133.202,0.84672,12.849,0.84672,3695.15,0,18.483,0.151198,4.54994,1.97473,13.1359,0.980789,18.5286,0.42336,0,0,18.483,0.42336,442.007,0,1.02816,0,0,5.5781,4.54994,1.028160,1,0,153.91,0,0,0,153.91,0
71.0686,3.03031,0,0,7.36767,0.233659,0.36288,3.6288,61.308,0.50161,0,0,2.11485,0.203368,1.40987,0.66528,12.849,1,0.578312,0.36288,0,123.593,4.29892,119.078,0.84672,12.849,0.84672,3695.15,0,18.483,0.151224,3.46959,1.97486,13.6783,0.978821,17.9927,0.42336,0,0,18.483,0.42336,442.007,0,1.02816,0,0,4.49775,3.46959,1.028160,1,0,138.481,0,0,0,138.481,0
72.29,2.82612,0,0,7.9882,0.256885,3.68382,3.6288,61.308,0.37195,0,0,2.45299,0.193926,1.88712,0.66528,12.849,1,0.510954,3.68382,0,121.818,4.31961,120.671,0.84672,12.849,0.84672,3695.15,0,18.483,0.112135,3.78337,1.97499,12.2788,0.956351,16.9687,0.42336,0,0,18.483,0.42336,442.007,0,1.02816,0,0,4.81153,3.78337,1.028160,1,0,139.527,0,0,0,139.527,0
72.29,2.83364,0,0,9.83146,0.292441,6.70538,3.6288,61.308,0.372027,0,0,3.52273,0.229068,2.92163,0.66528,12.849,1,0.503658,6.70538,0,164.965,4.03697,167.13,0.84672,12.849,0.84672,3695.15,0,18.483,0.112158,4.52299,1.79373,14.1853,1.0315,19.3584,0.42336,0,0,18.483,0.42336,442.007,0,1.02816,0,0,5.55115,4.52299,1.028160,1,0,189.41,0,0,0,189.41,0
72.29,2.83383,0,0,10.2242,0.303745,7.08666,3.6288,61.308,0.372105,0,0,5.25421,0.241951,4.64015,0.66528,12.849,1,0.503692,7.08666,0,139.87,4.31246,142.14,0.84672,12.849,0.84672,3695.15,0,18.483,0.112181,6.31237,1.79385,18.8453,1.10919,25.7301,0.42336,0,0,18.483,0.42336,442.007,0,1.02816,0,0,7.34053,6.31237,1.028160,1,0,172.51,0,0,0,172.51,0
72.29,2.83402,0,0,8.45035,0.303745,5.31259,3.6288,61.308,0.372182,0,0,3.64189,0.241951,3.02776,0.66528,12.849,1,0.503725,5.31259,0,135.741,4.31246,136.238,0.84672,12.849,0.84672,3695.15,0,18.483,0.112205,4.71243,1.79397,16.276,1.11052,21.5597,0.42336,0,0,18.483,0.42336,442.007,0,1.02816,0,0,5.74059,4.71243,1.028160,1,0,160.825,0,0,0,160.825,0
72.29,2.83421,0,0,11.3517,0.286319,8.23114,3.6288,61.308,0.37226,0,0,6.39802,0.235299,5.79046,0.66528,12.849,1,0.503759,8.23114,0,177.259,4.3749,180.612,0.84672,12.849,0.84672,3695.15,0,18.483,0.112228,5.89071,1.79409,22.0941,1.093,28.5737,0.42336,0,0,18.483,0.42336,442.007,0,1.02816,0,0,6.91887,5.89071,1.028160,1,0,214.976,0,0,0,214.976,0
72.29,2.83421,0,0,8.69841,0.290889,5.57332,3.6288,61.308,0.37226,0,0,2.92436,0.254547,2.29756,0.66528,12.849,1,0.503759,5.57332,0,201.568,4.70696,201.93,0.84672,12.849,0.84672,3695.15,0,18.483,0.112228,2.51441,1.79421,18.0119,1.2534,20.9549,0.42336,0,0,18.483,0.42336,442.007,0,1.02816,0,0,3.54257,2.51441,1.028160,1,0,225.183,0,0,0,225.183,0
71.7021,2.92318,0,0,3.00412,0.306003,0.36288,3.6288,61.308,0.409915,0,0,1.15039,0.264393,0.476082,0.66528,12.849,1,0.519573,0.36288,0,96.673,5.00483,91.5114,0.84672,12.849,0.84672,3695.15,0,18.483,0.12358,0.475563,1.79421,7.39107,1.35071,8.18655,0.42336,0,0,18.483,0.42336,442.007,0,1.02816,0,0,1.50372,0.475563,1.028160,1,0,100.174,0,0,0,100.174,0
70.2853,2.91974,0,0,2.1705,0.304638,0.36288,3.6288,61.308,0.409985,0,0,1.43245,0.264393,0.758073,0.66528,12.849,1,0.523216,0.36288,0,78.7994,5.00483,73.6342,0.84672,12.849,0.84672,3695.15,0,18.483,0.123602,0.793567,1.85171,5.13694,1.35071,6.3079,0.42336,0,0,18.483,0.42336,442.007,0,1.02816,0,0,1.82173,0.793567,1.028160,1,0,80.7002,0,0,0,80.7002,0
72.29,2.91099,0,0,8.34952,0.277598,3.15624,3.6288,61.308,0.410056,0,0,3.82606,0.249941,3.16606,0.66528,12.849,1,0.532164,3.15624,0,245.094,4.15064,243.568,0.84672,12.849,0.84672,3695.15,0,18.483,0.123623,4.05493,1.85181,21.7501,1.17572,26.3575,0.42336,0,0,18.483,0.42336,442.007,0,1.02816,0,0,5.08309,4.05493,1.028160,1,0,273.091,0,0,0,273.091,0
72.29,2.92369,0,0,3.95139,0.272503,0.755199,3.6288,61.308,0.410126,0,0,1.99388,0.234887,1.34887,0.66528,12.849,1,0.519664,0.755199,0,123.295,4.20029,119.33,0.84672,12.849,0.84672,3695.15,0,18.483,0.123644,1.57741,1.85192,8.64577,1.13446,10.817,0.42336,0,0,18.483,0.42336,442.007,0,1.02816,0,0,2.60557,1.57741,1.028160,1,0,131.496,0,0,0,131.496,0
72.29,3.20905,0,0,5.27999,0.287602,1.78334,3.6288,61.308,0.551312,0,0,2.50771,0.20409,1.75231,0.66528,12.849,1,0.570384,1.78334,0,181.466,4.60226,178.077,0.84672,12.849,0.84672,3695.15,0,18.483,0.166208,2.35468,1.85203,15.1979,1.15745,18.081,0.42336,0,0,18.483,0.42336,442.007,0,1.02816,0,0,3.38284,2.35468,1.028160,1,0,197.91,0,0,0,197.91,0
71.7403,3.20923,0,0,3.30999,0.287602,0.36288,3.6288,61.308,0.551391,0,0,1.6018,0.20409,0.846315,0.66528,12.849,1,0.570417,0.36288,0,123.167,4.60226,118.357,0.84672,12.849,0.84672,3695.15,0,18.483,0.166232,1.05727,2.05698,9.24376,1.15745,11.0343,0.42336,0,0,18.483,0.42336,442.007,0,1.02816,0,0,2.08543,1.05727,1.028160,1,0,130.238,0,0,0,130.238,0
71.7119,3.20571,0,0,3.82661,0.286403,0.36288,3.6288,61.308,0.551469,0,0,1.39337,0.20409,0.637814,0.66528,12.849,1,0.574158,0.36288,0,98.9695,4.60226,94.1559,0.84672,12.849,0.84672,3695.15,0,18.483,0.166256,0.765063,2.0571,6.86923,1.15745,8.36769,0.42336,0,0,18.483,0.42336,442.007,0,1.02816,0,0,1.79322,0.765063,1.028160,1,0,103.161,0,0,0,103.161,0
71.8637,3.20571,0,0,4.03011,0.309667,0.36288,3.6288,61.308,0.551548,0,0,1.67613,0.179613,0.944965,0.66528,12.849,1,0.574384,0.36288,0,115.096,4.23257,110.652,0.84672,12.849,0.84672,3695.15,0,18.483,0.166279,1.57013,2.05722,7.93372,1.03523,10.3596,0.42336,0,0,18.483,0.42336,442.007,0,1.02816,0,0,2.59829,1.57013,1.028160,1,0,121.956,0,0,0,121.956,0
72.29,2.80043,0,0,6.48689,0.348957,2.91125,3.6288,61.308,0.362201,0,0,2.00895,0.164472,1.48227,0.66528,12.849,1,0.500707,2.91125,0,153.426,3.92018,151.916,0.84672,12.849,0.84672,3695.15,0,18.483,0.109196,2.58103,2.05734,9.43281,0.859936,13.102,0.42336,0,0,18.483,0.42336,442.007,0,1.02816,0,0,3.60919,2.58103,1.028160,1,0,166.5,0,0,0,166.5,0
72.29,2.8031,0,0,4.56656,0.350089,1.41337,3.6288,61.308,0.362268,0,0,1.42507,0.164472,0.898333,0.66528,12.849,1,0.498229,1.41337,0,136.396,3.92018,133.391,0.84672,12.849,0.84672,3695.15,0,18.483,0.109216,2.08805,1.77719,9.06526,0.859936,11.9614,0.42336,0,0,18.483,0.42336,442.007,0,1.02816,0,0,3.11621,2.08805,1.028160,1,0,146.251,0,0,0,146.251,0
72.29,2.80326,0,0,5.54898,0.270792,2.47493,3.6288,61.308,0.362336,0,0,1.51705,0.122358,1.03236,0.66528,12.849,1,0.498259,2.47493,0,129.075,3.30981,127.742,0.84672,12.849,0.84672,3695.15,0,18.483,0.109236,2.30818,1.77729,9.08798,0.772258,12.292,0.42336,0,0,18.483,0.42336,442.007,0,1.02816,0,0,3.33634,2.30818,1.028160,1,0,141.066,0,0,0,141.066,0
72.29,2.80343,0,0,6.01,0.270792,2.93578,3.6288,61.308,0.362403,0,0,1.9645,0.122358,1.47974,0.66528,12.849,1,0.498288,2.93578,0,156.331,3.30981,155.459,0.84672,12.849,0.84672,3695.15,0,18.483,0.109256,2.87599,1.7774,9.26631,0.772258,13.0382,0.42336,0,0,18.483,0.42336,442.007,0,1.02816,0,0,3.90415,2.87599,1.028160,1,0,169.977,0,0,0,169.977,0
72.29,2.80359,0,0,6.96897,0.318387,3.847,3.6288,61.308,0.36247,0,0,2.69615,0.162711,2.17097,0.66528,12.849,1,0.498317,3.847,0,186.524,3.74433,186.128,0.84672,12.849,0.84672,3695.15,0,18.483,0.109277,4.36323,1.7775,14.5024,0.858659,19.6752,0.42336,0,0,18.483,0.42336,442.007,0,1.02816,0,0,5.39139,4.36323,1.028160,1,0,207.974,0,0,0,207.974,0
72.29,2.9062,0,0,6.50681,0.326319,3.27429,3.6288,61.308,0.408891,0,0,2.33486,0.169437,1.75653,0.66528,12.849,1,0.516554,3.27429,0,189.481,3.81675,188.422,0.84672,12.849,0.84672,3695.15,0,18.483,0.123272,4.06756,1.77761,14.1567,0.873059,19.0056,0.42336,0,0,18.483,0.42336,442.007,0,1.02816,0,0,5.09572,4.06756,1.028160,1,0,209.184,0,0,0,209.184,0
72.29,2.90637,0,0,5.72711,0.31123,2.50951,3.6288,61.308,0.408962,0,0,1.76321,0.167772,1.18647,0.66528,12.849,1,0.516584,2.50951,0,141.464,3.9156,139.542,0.84672,12.849,0.84672,3695.15,0,18.483,0.123293,3.19515,1.84693,8.89799,0.879487,12.9373,0.42336,0,0,18.483,0.42336,442.007,0,1.02816,0,0,4.22331,3.19515,1.028160,1,0,153.666,0,0,0,153.666,0
72.29,2.90654,0,0,4.57068,0.273507,1.39064,3.6288,61.308,0.409031,0,0,1.33896,0.163609,0.766317,0.66528,12.849,1,0.516615,1.39064,0,133.399,4.16273,130.11,0.84672,12.849,0.84672,3695.15,0,18.483,0.123314,1.97877,1.84704,6.91114,0.895556,9.71807,0.42336,0,0,18.483,0.42336,442.007,0,1.02816,0,0,3.00693,1.97877,1.028160,1,0,140.595,0,0,0,140.595,0
72.29,2.90671,0,0,4.22099,0.265423,1.04886,3.6288,61.308,0.409101,0,0,1.60292,0.17751,1.01631,0.66528,12.849,1,0.516645,1.04886,0,117.578,3.94288,114.168,0.84672,12.849,0.84672,3695.15,0,18.483,0.123335,1.96934,1.84714,7.89437,0.947552,10.64,0.42336,0,0,18.483,0.42336,442.007,0,1.02816,0,0,2.9975,1.96934,1.028160,1,0,125.824,0,0,0,125.824,0
72.29,2.86681,0,0,4.05133,0.25936,0.92516,3.6288,61.308,0.391164,0,0,1.78895,0.187936,1.20985,0.66528,12.849,1,0.509554,0.92516,0,107.165,3.778,103.802,0.84672,12.849,0.84672,3695.15,0,18.483,0.117927,2.26879,1.84725,8.43566,0.986549,11.4472,0.42336,0,0,18.483,0.42336,442.007,0,1.02816,0,0,3.29695,2.26879,1.028160,1,0,116.459,0,0,0,116.459,0
72.29,2.86698,0,0,3.68061,0.25445,0.559177,3.6288,61.308,0.391233,0,0,1.51498,0.189375,0.934373,0.66528,12.849,1,0.509584,0.559177,0,99.4118,3.79547,95.666,0.84672,12.849,0.84672,3695.15,0,18.483,0.117948,1.71316,1.82041,7.70636,0.97794,10.144,0.42336,0,0,18.483,0.42336,442.007,0,1.02816,0,0,2.74132,1.71316,1.028160,1,0,106.744,0,0,0,106.744,0
72.29,2.86715,0,0,3.66047,0.217381,0.575939,3.6288,61.308,0.391302,0,0,1.47588,0.199791,0.884784,0.66528,12.849,1,0.509613,0.575939,0,98.3785,3.95441,94.4904,0.84672,12.849,0.84672,3695.15,0,18.483,0.117969,1.83003,1.82052,7.69141,0.916256,10.3077,0.42336,0,0,18.483,0.42336,442.007,0,1.02816,0,0,2.85819,1.83003,1.028160,1,0,105.683,0,0,0,105.683,0
72.2663,2.86731,0,0,3.38205,0.175515,0.36288,3.6288,61.308,0.391371,0,0,1.42477,0.208649,0.82475,0.66528,12.849,1,0.509643,0.36288,0,86.9607,4.21135,82.6026,0.84672,12.849,0.84672,3695.15,0,18.483,0.11799,1.65567,1.82062,6.82871,0.852037,9.33498,0.42336,0,0,18.483,0.42336,442.007,0,1.02816,0,0,2.68383,1.65567,1.028160,1,0,92.7624,0,0,0,92.7624,0
71.7066,3.00336,0,0,3.0048,0.198287,0.36288,3.6288,61.308,0.455314,0,0,1.41483,0.19754,0.761981,0.66528,12.849,1,0.533999,0.36288,0,73.8374,3.80257,69.8637,0.84672,12.849,0.84672,3695.15,0,18.483,0.137267,1.49442,1.82073,7.18813,0.827793,9.53822,0.42336,0,0,18.483,0.42336,442.007,0,1.02816,0,0,2.52258,1.49442,1.028160,1,0,80.1639,0,0,0,80.1639,0
70.9939,3,0,0,2.84758,0.197445,0.36288,3.6288,61.308,0.455387,0,0,1.33804,0.19754,0.685116,0.66528,12.849,1,0.537565,0.36288,0,71.8312,3.80257,67.854,0.84672,12.849,0.84672,3695.15,0,18.483,0.137289,1.37665,1.91509,6.63008,0.827793,8.95673,0.42336,0,0,18.483,0.42336,442.007,0,1.02816,0,0,2.40481,1.37665,1.028160,1,0,77.4958,0,0,0,77.4958,0
70.1551,2.9956,0,0,2.71605,0.196372,0.36288,3.6288,61.308,0.45546,0,0,1.25302,0.19754,0.600025,0.66528,12.849,1,0.542166,0.36288,0,67.5838,3.80257,63.6019,0.84672,12.849,0.84672,3695.15,0,18.483,0.137311,1.2635,1.9152,6.52458,0.827793,8.73817,0.42336,0,0,18.483,0.42336,442.007,0,1.02816,0,0,2.29166,1.2635,1.028160,1,0,72.9401,0,0,0,72.9401,0
69.2549,2.9903,0,0,2.62913,0.176123,0.36288,3.6288,61.308,0.455532,0,0,1.17977,0.232089,0.492145,0.66528,12.849,1,0.547677,0.36288,0,70.3296,4.4407,65.7041,0.84672,12.849,0.84672,3695.15,0,18.483,0.137333,1.13404,1.91531,6.02482,0.976313,7.96052,0.42336,0,0,18.483,0.42336,442.007,0,1.02816,0,0,2.1622,1.13404,1.028160,1,0,74.1568,0,0,0,74.1568,0
68.0175,2.98447,0,0,2.22315,0.113262,0.36288,3.6288,61.2587,0.455605,0,0,0.660921,0.25458,0,0.66528,12.849,1,0.553714,0.36288,0,44.9574,5.2848,39.4817,0.84672,12.849,0.84672,3695.15,0,18.483,0.137355,0.302668,1.91542,3.7753,1.23242,4.62361,0.42336,0,0,18.483,0.42336,442.007,0,1.02816,0,0,1.33083,0.302668,1.028160,1,0,44.1054,0,0,0,44.1054,0
66.65,2.94951,0,0,2.04722,0.102319,0.36288,3.6288,60.8957,0.660952,0,0,0.550758,0.252799,0,0.66528,12.849,1,0.557185,0.36288,0,41.2982,5.25861,35.8453,0.84672,12.849,0.84672,3695.15,0,18.483,0.199423,0.30119,1.91553,3.66157,1.2388,4.44008,0.42336,0,0,18.483,0.42336,442.007,0,0.806544,0,0,1.10773,0.30119,1.028160,1,0,40.2854,0,0,0,40.2854,0
65.1103,2.9401,0,0,1.86451,0.101222,0.36288,3.6288,60.5693,0.616587,0,0,0.542379,0.252219,0,0.66528,12.849,1,0.566802,0.36288,0,40.3381,5.25861,34.8756,0.84672,12.849,0.84672,3695.15,0,18.483,0.187146,0.261274,1.94502,3.53194,1.2388,4.31228,0.42336,0,0,18.483,0.42336,442.007,0,0.863283,0,0,1.12456,0.261274,1.028160,1,0,39.1878,0,0,0,39.1878,0
63.3987,2.92908,0,0,1.6804,0.0999865,0.36288,3.6288,60.0971,0.725594,0,0,0.505077,0.251697,0,0.66528,12.849,1,0.57803,0.36288,0,37.3872,5.25861,31.9134,0.84672,12.849,0.84672,3695.15,0,18.483,0.221418,0.261274,1.94513,3.36287,1.2388,4.10906,0.42336,0,0,18.483,0.42336,442.007,0,0.720101,0,0,0.981374,0.261274,1.028160,1,0,36.0225,0,0,0,36.0225,0
61.5533,2.91627,0,0,1.51565,0.0819748,0.36288,3.6288,59.4404,0.789999,0,0,0.425814,0.292536,0,0.66528,12.849,1,0.59104,0.36288,0,31.6895,5.79556,25.6658,0.84672,12.849,0.84672,3695.15,0,18.483,0.242966,0.261274,1.94524,2.92931,1.42632,3.46654,0.42336,0,0,18.483,0.42336,442.007,0,0.634245,0,0,0.895519,0.261274,1.028160,1,0,29.1323,0,0,0,29.1323,0
59.7721,2.9695,0,0,1.63054,0.0792961,0.36288,3.6288,58.8793,0.738546,0,0,0.473381,0.295955,0,0.66528,12.849,1,0.619872,0.36288,0,35.9554,5.8528,29.8457,0.84672,12.849,0.84672,3695.15,0,18.483,0.229651,0.261274,1.94536,3.00733,1.43592,3.5484,0.42336,0,0,18.483,0.42336,442.007,0,0.739852,0,0,1.00113,0.261274,1.028160,1,0,33.394,0,0,0,33.394,0
57.8777,2.95447,0,0,1.50099,0.0780792,0.36288,3.6288,58.2949,0.690755,0,0,0.401318,0.294892,0,0.66528,12.849,1,0.635112,0.36288,0,29.5335,5.8528,23.4085,0.84672,12.849,0.84672,3695.15,0,18.483,0.216837,0.261274,1.99229,2.90782,1.43592,3.50863,0.42336,0,0,18.483,0.42336,442.007,0,0.800556,0,0,1.06183,0.261274,1.028160,1,0,26.9171,0,0,0,26.9171,0
55.8749,2.93763,0,0,1.3744,0.0766615,0.36288,3.6288,57.5923,0.780503,0,0,0.371705,0.293786,0,0.66528,12.849,1,0.652162,0.36288,0,28.0714,5.8528,21.9293,0.84672,12.849,0.84672,3695.15,0,18.483,0.247466,0.227405,1.9924,2.55594,1.43592,3.09236,0.42336,0,0,18.483,0.42336,442.007,0,0.680279,0,0,0.907684,0.227405,1.028160,1,0,25.0216,0,0,0,25.0216,0
53.9787,2.9188,0,0,1.45214,0.0666289,0.36288,3.6288,57.0807,0.640857,0,0,0.426711,0.297514,0,0.66528,12.849,1,0.671207,0.36288,0,27.5314,6.00236,21.2207,0.84672,12.849,0.84672,3695.15,0,18.483,0.205669,0.227405,1.99252,3.38118,1.4658,3.92964,0.42336,0,0,18.483,0.42336,442.007,0,0.861823,0,0,1.08923,0.227405,1.028160,1,0,25.1503,0,0,0,25.1503,0
52.16,3.04339,0,0,1.67175,0.0842362,0.36288,3.6288,56.404,0.82343,0,0,0.429283,0.282558,0,0.66528,12.849,1,0.724444,0.36288,0,30.8403,5.31079,25.1679,0.84672,12.849,0.84672,3695.15,0,18.483,0.266631,0.227405,1.99264,3.08807,1.27578,3.76571,0.42336,0,0,18.483,0.42336,442.007,0,0.735368,0,0,0.962772,0.227405,1.028160,1,0,28.9337,0,0,0,28.9337,0
50.2201,3.0233,0,0,1.52899,0.0826815,0.36288,3.6288,55.6633,0.866614,0,0,0.407198,0.281316,0,0.66528,12.849,1,0.744755,0.36288,0,30.7747,5.31079,25.0821,0.84672,12.849,0.84672,3695.15,0,18.483,0.283981,0.227405,2.11642,3.02198,1.27578,3.80605,0.42336,0,0,18.483,0.42336,442.007,0,0.67494,0,0,0.902344,0.227405,1.028160,1,0,28.8881,0,0,0,28.8881,0
48.6194,3.00057,0,0,1.84372,0.0810233,0.36288,3.6288,55.0074,0.793021,0,0,0.417134,0.279956,0,0.66528,12.849,1,0.767707,0.36288,0,30.6195,5.31079,24.9038,0.84672,12.849,0.84672,3695.15,0,18.483,0.263323,0.204422,2.11654,4.36081,1.27578,5.14267,0.42336,0,0,18.483,0.42336,442.007,0,0.769297,0,0,0.973719,0.204422,1.028160,1,0,30.0465,0,0,0,30.0465,0
46.8146,2.98075,0,0,1.61849,0.0796476,0.36288,3.6288,54.3326,0.8142,0,0,0.418153,0.278753,0,0.66528,12.849,1,0.787746,0.36288,0,28.8928,5.31079,23.1571,0.84672,12.849,0.84672,3695.15,0,18.483,0.273579,0.204422,2.11667,3.20569,1.27578,3.97742,0.42336,0,0,18.483,0.42336,442.007,0,0.737968,0,0,0.942391,0.204422,1.028160,1,0,27.1345,0,0,0,27.1345,0
45.6093,3.00587,0,0,2.24995,0.0864588,0.36288,3.6288,53.9925,0.617685,0,0,0.565396,0.287774,0,0.66528,12.849,1,0.825009,0.36288,0,35.5905,5.43027,29.6981,0.84672,12.849,0.84672,3695.15,0,18.483,0.210126,0.293043,2.11679,3.74055,1.17245,4.76781,0.42336,0,0,18.483,0.42336,442.007,0,1.02816,0,0,1.3212,0.293043,1.028160,1,0,34.4659,0,0,0,34.4659,0
44.3971,2.85081,0,0,2.08734,0.0858649,0.36288,3.6288,54.0508,0.528893,0,0,0.878344,0.291168,0,0.66528,12.849,1,0.803128,0.36288,0,36.0384,5.46252,30.1356,0.84672,12.849,0.84672,3695.15,0,18.483,0.181053,1.42768,2.15183,4.61487,1.13416,6.87916,0.42336,0,0,18.483,0.42336,442.007,0,1.02816,0,0,2.45584,1.42768,1.028160,1,0,37.0148,0,0,0,37.0148,0
42.9016,2.83397,0,0,1.78606,0.0846987,0.36288,3.6288,53.7156,0.529114,0,0,0.485133,0.29128,0,0.66528,12.849,1,0.820183,0.36288,0,36.0031,5.46252,30.0832,0.84672,12.849,0.84672,3695.15,0,18.483,0.180934,0.34058,2.02761,3.4346,1.13416,4.48769,0.42336,0,0,18.483,0.42336,442.007,0,1.02816,0,0,1.36874,0.34058,1.028160,1,0,34.5709,0,0,0,34.5709,0
41.4919,2.81214,0,0,1.86342,0.0981302,0.36288,3.6288,53.3781,0.528349,0,0,0.467034,0.276158,0,0.66528,12.849,1,0.842233,0.36288,0,34.6058,5.25489,28.8715,0.84672,12.849,0.84672,3695.15,0,18.483,0.1818,0.298659,2.02773,3.45633,1.06927,4.53165,0.42336,0,0,18.483,0.42336,442.007,0,1.02816,0,0,1.32682,0.298659,1.028160,1,0,33.4032,0,0,0,33.4032,0
41.8441,2.83648,0,0,3.73302,0.181442,0.36288,3.6288,53.6514,0.54887,0,0,1.03293,0.21075,0,0.66528,12.849,1,0.878387,0.36288,0,99.9855,4.05414,95.4159,0.84672,12.849,0.84672,3695.15,0,18.483,0.190055,0.979387,2.02785,8.75134,0.800546,10.768,0.42336,0,0,18.483,0.42336,442.007,0,1.02816,0,0,2.00755,0.979387,1.028160,1,0,106.184,0,0,0,106.184,0
41.7975,2.76888,0,0,3.26023,0.17502,0.36288,3.6288,53.8452,0.489192,0,0,0.948508,0.265549,0,0.66528,12.849,1,0.850235,0.36288,0,48.7161,4.16671,44.0621,0.84672,12.849,0.84672,3695.15,0,18.483,0.168528,1.1267,2.06142,6.77955,1.10221,8.69692,0.42336,0,0,18.483,0.42336,442.007,0,1.02816,0,0,2.15486,1.1267,1.028160,1,0,52.759,0,0,0,52.759,0
42.0274,2.76831,0,0,3.53599,0.174925,0.36288,3.6288,54.299,0.489717,0,0,1.20947,0.265954,0,0.66528,12.849,1,0.851009,0.36288,0,46.7623,4.16671,42.1074,0.84672,12.849,0.84672,3695.15,0,18.483,0.168101,2.33123,1.98073,7.64381,1.10221,10.6855,0.42336,0,0,18.483,0.42336,442.007,0,1.02816,0,0,3.35939,2.33123,1.028160,1,0,52.7929,0,0,0,52.7929,0
42.1564,2.77204,0,0,3.43928,0.175396,0.36288,3.6288,54.644,0.490838,0,0,1.10266,0.266754,0,0.66528,12.849,1,0.847493,0.36288,0,57.4619,4.16671,52.8105,0.84672,12.849,0.84672,3695.15,0,18.483,0.167078,1.47871,1.98085,8.02094,1.10221,10.2112,0.42336,0,0,18.483,0.42336,442.007,0,1.02816,0,0,2.50687,1.47871,1.028160,1,0,63.0218,0,0,0,63.0218,0
42.5454,2.77419,0,0,3.69755,0.171408,0.36288,3.6288,54.8694,0.4917,0,0,0.931306,0.214218,0,0.66528,12.849,1,0.845556,0.36288,0,54.8505,3.76863,50.5992,0.84672,12.849,0.84672,3695.15,0,18.483,0.166315,1.04561,1.98096,7.02812,0.918751,8.96963,0.42336,0,0,18.483,0.42336,442.007,0,1.02816,0,0,2.07377,1.04561,1.028160,1,0,59.5688,0,0,0,59.5688,0
42.685,2.5709,0,0,3.28312,0.20976,0.36288,3.6288,55.8655,0.365584,0,0,1.536,0.174347,0,0.66528,12.849,1,0.776429,0.36288,0,94.1682,3.76362,89.9911,0.84672,12.849,0.84672,3695.15,0,18.483,0.123149,1.45418,1.98108,9.98812,0.959705,12.3405,0.42336,0,0,18.483,0.42336,442.007,0,1.02816,0,0,2.48234,1.45418,1.028160,1,0,102.332,0,0,0,102.332,0
45.3743,2.573,0,0,5.83524,0.210099,0.36288,3.6288,58.5886,0.367301,0,0,3.26592,0.175492,0,0.66528,12.849,1,0.774523,0.36288,0,123.451,3.76362,119.276,0.84672,12.849,0.84672,3695.15,0,18.483,0.121521,3.00736,1.79924,16.0125,0.959705,19.7379,0.42336,0,0,18.483,0.42336,442.007,0,1.02816,0,0,4.03552,3.00736,1.028160,1,0,139.014,0,0,0,139.014,0
48.7048,2.60893,0,0,6.51901,0.216644,0.36288,3.6288,59.9702,0.371661,0,0,1.93183,0.17862,0,0.66528,12.849,1,0.738792,0.36288,0,150.174,3.76362,146.035,0.84672,12.849,0.84672,3695.15,0,18.483,0.117248,2.14244,1.79935,10.5141,0.959705,13.3789,0.42336,0,0,18.483,0.42336,442.007,0,1.02816,0,0,3.1706,2.14244,1.028160,1,0,159.414,0,0,0,159.414,0
51.8376,2.64906,0,0,6.36947,0.22475,0.36288,3.6288,61.308,0.373794,0,0,2.12048,0.180208,0.228654,0.66528,12.849,1,0.698858,0.36288,0,87.6944,3.76362,83.5948,0.84672,12.849,0.84672,3695.15,0,18.483,0.115204,2.74534,1.79945,11.8468,0.959705,15.3167,0.42336,0,0,18.483,0.42336,442.007,0,1.02816,0,0,3.7735,2.74534,1.028160,1,0,99.1402,0,0,0,99.1402,0
59.155,2.68306,0,0,10.5841,0.220813,0.36288,3.6288,61.308,0.375793,0,0,8.41611,0.20813,7.83219,0.66528,12.849,1,0.665051,0.36288,0,173.446,4.31814,168.826,0.84672,12.849,0.84672,3695.15,0,18.483,0.113293,3.43527,1.79956,21.0832,1.08881,25.1159,0.42336,0,0,18.483,0.42336,442.007,0,1.02816,0,0,4.46343,3.43527,1.028160,1,0,201.774,0,0,0,201.774,0
65.5819,2.83697,0,0,9.87975,0.253,0.36288,3.6288,61.308,0.413553,0,0,4.29487,0.211905,3.66942,0.66528,12.849,1,0.616216,0.36288,0,263.502,4.2102,259.038,0.84672,12.849,0.84672,3695.15,0,18.483,0.124677,9.28878,1.79966,29.8509,1.10646,39.7082,0.42336,0,0,18.483,0.42336,442.007,0,1.02816,0,0,10.3169,9.28878,1.028160,1,0,302.416,0,0,0,302.416,0
71.0436,2.88761,0,0,8.99459,0.282396,0.36288,3.6288,61.308,0.413614,0,0,3.92888,0.212568,3.30269,0.66528,12.849,1,0.56575,0.36288,0,217.642,4.25218,213.187,0.84672,12.849,0.84672,3695.15,0,18.483,0.124695,8.08687,1.85732,24.1935,1.14775,32.8652,0.42336,0,0,18.483,0.42336,442.007,0,1.02816,0,0,9.11503,8.08687,1.028160,1,0,249.355,0,0,0,249.355,0
72.29,2.92459,0,0,6.11454,0.294727,1.64877,3.6288,61.308,0.413674,0,0,2.36523,0.212568,1.73898,0.66528,12.849,1,0.528944,1.64877,0,148.678,4.25218,145.546,0.84672,12.849,0.84672,3695.15,0,18.483,0.124714,3.7592,1.85741,11.6799,1.14775,16.0241,0.42336,0,0,18.483,0.42336,442.007,0,1.02816,0,0,4.78736,3.7592,1.028160,1,0,163.309,0,0,0,163.309,0
72.29,2.93248,0,0,5.42852,0.306367,2.18967,3.6288,61.308,0.413734,0,0,2.05946,0.206297,1.43942,0.66528,12.849,1,0.521226,2.18967,0,127.85,4.18017,125.339,0.84672,12.849,0.84672,3695.15,0,18.483,0.124732,2.52482,1.85751,9.49761,1.11437,12.6408,0.42336,0,0,18.483,0.42336,442.007,0,1.02816,0,0,3.55298,2.52482,1.028160,1,0,139.419,0,0,0,139.419,0
72.29,3.21867,0,0,6.05731,0.318569,2.52007,3.6288,61.308,0.555335,0,0,2.69469,0.222777,1.91657,0.66528,12.849,1,0.572094,2.52007,0,101.27,4.64961,98.5687,0.84672,12.849,0.84672,3695.15,0,18.483,0.167421,2.49547,1.8576,10.4115,1.12484,13.4723,0.42336,0,0,18.483,0.42336,442.007,0,1.02816,0,0,3.52363,2.49547,1.028160,1,0,113.958,0,0,0,113.958,0
72.29,3.21883,0,0,7.43783,0.318569,3.90043,3.6288,61.308,0.555402,0,0,2.89539,0.222777,2.11721,0.66528,12.849,1,0.572123,3.90043,0,138.542,4.64961,137.221,0.84672,12.849,0.84672,3695.15,0,18.483,0.167441,2.9626,2.06315,10.4184,1.12484,14.1518,0.42336,0,0,18.483,0.42336,442.007,0,1.02816,0,0,3.99076,2.9626,1.028160,1,0,153.49,0,0,0,153.49,0
72.29,3.21899,0,0,6.70564,0.328496,3.15815,3.6288,61.308,0.55547,0,0,3.78588,0.204033,3.02637,0.66528,12.849,1,0.572152,3.15815,0,150.726,4.02015,149.292,0.84672,12.849,0.84672,3695.15,0,18.483,0.167462,4.27715,2.06325,11.141,0.914152,16.3998,0.42336,0,0,18.483,0.42336,442.007,0,1.02816,0,0,5.30531,4.27715,1.028160,1,0,168.718,0,0,0,168.718,0
72.29,3.21915,0,0,5.97821,0.329037,2.43002,3.6288,61.308,0.555537,0,0,3.20037,0.197289,2.44754,0.66528,12.849,1,0.57218,2.43002,0,130.105,3.86634,128.097,0.84672,12.849,0.84672,3695.15,0,18.483,0.167482,2.93547,2.06335,10.3036,0.87354,14.2614,0.42336,0,0,18.483,0.42336,442.007,0,1.02816,0,0,3.96363,2.93547,1.028160,1,0,144.806,0,0,0,144.806,0
72.29,2.81125,0,0,5.46946,0.322356,2.33585,3.6288,61.308,0.365618,0,0,4.13515,0.175569,3.59396,0.66528,12.849,1,0.499678,2.33585,0,144.202,3.57294,142.466,0.84672,12.849,0.84672,3695.15,0,18.483,0.110226,2.58879,2.06346,13.3385,0.840563,17.04,0.42336,0,0,18.483,0.42336,442.007,0,1.02816,0,0,3.61695,2.58879,1.028160,1,0,163.1,0,0,0,163.1,0
72.29,2.81139,0,0,4.96918,0.322356,1.83544,3.6288,61.308,0.365676,0,0,3.66593,0.175569,3.12469,0.66528,12.849,1,0.499703,1.83544,0,129.215,3.57294,126.977,0.84672,12.849,0.84672,3695.15,0,18.483,0.110243,2.9382,1.78246,12.4852,0.840563,16.2551,0.42336,0,0,18.483,0.42336,442.007,0,1.02816,0,0,3.96636,2.9382,1.028160,1,0,146.357,0,0,0,146.357,0
72.29,2.81153,0,0,7.30896,0.322356,4.17507,3.6288,61.308,0.365734,0,0,4.47867,0.175569,3.93737,0.66528,12.849,1,0.499728,4.17507,0,175.633,3.57294,175.735,0.84672,12.849,0.84672,3695.15,0,18.483,0.110261,3.3866,1.78255,17.5993,0.840563,21.8177,0.42336,0,0,18.483,0.42336,442.007,0,1.02816,0,0,4.41476,3.3866,1.028160,1,0,201.49,0,0,0,201.49,0
72.29,2.81167,0,0,6.10584,0.321405,2.97277,3.6288,61.308,0.365792,0,0,3.97575,0.169107,3.44085,0.66528,12.849,1,0.499753,2.97277,0,163.242,3.56394,162.152,0.84672,12.849,0.84672,3695.15,0,18.483,0.110278,3.06929,1.78264,16.2392,0.855391,20.1255,0.42336,0,0,18.483,0.42336,442.007,0,1.02816,0,0,4.09745,3.06929,1.028160,1,0,185.718,0,0,0,185.718,0
72.29,2.81181,0,0,7.14736,0.325407,4.01014,3.6288,61.308,0.36585,0,0,3.99249,0.190982,3.43566,0.66528,12.849,1,0.499778,4.01014,0,175.616,4.14233,174.984,0.84672,12.849,0.84672,3695.15,0,18.483,0.110296,2.62753,1.78273,17.4701,0.945157,20.8249,0.42336,0,0,18.483,0.42336,442.007,0,1.02816,0,0,3.65569,2.62753,1.028160,1,0,199.244,0,0,0,199.244,0
72.29,2.91469,0,0,6.8687,0.326047,3.62795,3.6288,61.308,0.412397,0,0,4.32759,0.190159,3.72503,0.66528,12.849,1,0.518065,3.62795,0,136.814,4.13164,135.793,0.84672,12.849,0.84672,3695.15,0,18.483,0.124329,3.38904,1.78282,16.4637,0.923242,20.588,0.42336,0,0,18.483,0.42336,442.007,0,1.02816,0,0,4.4172,3.38904,1.028160,1,0,160.106,0,0,0,160.106,0
72.29,2.91484,0,0,5.24475,0.326047,2.00386,3.6288,61.308,0.412458,0,0,3.64228,0.190159,3.03966,0.66528,12.849,1,0.518091,2.00386,0,101.968,4.13164,99.3225,0.84672,12.849,0.84672,3695.15,0,18.483,0.124347,2.17953,1.85233,13.2519,0.923242,16.2362,0.42336,0,0,18.483,0.42336,442.007,0,1.02816,0,0,3.20769,2.17953,1.028160,1,0,118.598,0,0,0,118.598,0
72.29,2.91499,0,0,4.26167,0.326047,1.02064,3.6288,61.308,0.412518,0,0,2.86712,0.190159,2.26445,0.66528,12.849,1,0.518117,1.02064,0,81.4424,4.13164,77.8132,0.84672,12.849,0.84672,3695.15,0,18.483,0.124365,1.59892,1.85242,10.1148,0.923242,12.5186,0.42336,0,0,18.483,0.42336,442.007,0,1.02816,0,0,2.62708,1.59892,1.028160,1,0,92.5963,0,0,0,92.5963,0
72.29,2.91513,0,0,4.55318,0.270645,1.3674,3.6288,61.308,0.412578,0,0,2.80662,0.212006,2.18203,0.66528,12.849,1,0.518143,1.3674,0,79.6928,4.25717,76.2849,0.84672,12.849,0.84672,3695.15,0,18.483,0.124383,1.83512,1.85252,9.44015,0.954996,12.0484,0.42336,0,0,18.483,0.42336,442.007,0,1.02816,0,0,2.86328,1.83512,1.028160,1,0,90.5153,0,0,0,90.5153,0
72.29,2.8751,0,0,4.33167,0.271855,1.18472,3.6288,61.308,0.394579,0,0,2.53443,0.209735,1.93012,0.66528,12.849,1,0.511027,1.18472,0,75.6605,4.16273,72.1714,0.84672,12.849,0.84672,3695.15,0,18.483,0.118957,1.88012,1.85261,8.42668,0.964405,11.076,0.42336,0,0,18.483,0.42336,442.007,0,1.02816,0,0,2.90828,1.88012,1.028160,1,0,85.1776,0,0,0,85.1776,0
72.29,2.87524,0,0,3.65911,0.271855,0.51201,3.6288,61.308,0.394638,0,0,2.33513,0.209735,1.73076,0.66528,12.849,1,0.511053,0.51201,0,66.3293,4.16273,62.1675,0.84672,12.849,0.84672,3695.15,0,18.483,0.118975,1.58121,1.82567,7.67137,0.964405,9.99487,0.42336,0,0,18.483,0.42336,442.007,0,1.02816,0,0,2.60937,1.58121,1.028160,1,0,73.8931,0,0,0,73.8931,0
72.1202,2.87539,0,0,3.3403,0.271855,0.36288,3.6288,61.308,0.394698,0,0,2.01004,0.209735,1.40561,0.66528,12.849,1,0.511078,0.36288,0,65.6934,4.16273,61.3825,0.84672,12.849,0.84672,3695.15,0,18.483,0.118993,0.994213,1.82577,7.83121,0.964405,9.56779,0.42336,0,0,18.483,0.42336,442.007,0,1.02816,0,0,2.02237,0.994213,1.028160,1,0,72.3559,0,0,0,72.3559,0
72.29,2.87451,0,0,4.17162,0.232193,0.895091,3.6288,61.308,0.394757,0,0,2.43196,0.22791,1.80929,0.66528,12.849,1,0.512126,0.895091,0,71.3163,4.39916,67.3001,0.84672,12.849,0.84672,3695.15,0,18.483,0.119011,1.29014,1.82586,7.92236,1.01573,9.90362,0.42336,0,0,18.483,0.42336,442.007,0,1.02816,0,0,2.3183,1.29014,1.028160,1,0,79.013,0,0,0,79.013,0
72.2036,3.01209,0,0,3.46564,0.177092,0.36288,3.6288,61.308,0.458874,0,0,1.88538,0.216725,1.20978,0.66528,12.849,1,0.535376,0.36288,0,65.7271,4.80102,60.7536,0.84672,12.849,0.84672,3695.15,0,18.483,0.13834,1.6844,1.82595,7.02899,1.09428,9.30672,0.42336,0,0,18.483,0.42336,442.007,0,1.02816,0,0,2.71256,1.6844,1.028160,1,0,71.2701,0,0,0,71.2701,0
72.0703,3.0117,0,0,3.41828,0.176976,0.36288,3.6288,61.308,0.458936,0,0,1.89092,0.216725,1.21525,0.66528,12.849,1,0.535947,0.36288,0,62.1968,4.80102,57.2227,0.84672,12.849,0.84672,3695.15,0,18.483,0.138359,1.79946,1.92056,6.69177,1.09428,9.17915,0.42336,0,0,18.483,0.42336,442.007,0,1.02816,0,0,2.82762,1.79946,1.028160,1,0,67.6171,0,0,0,67.6171,0
71.5711,3.01101,0,0,3.06622,0.191524,0.36288,3.6288,61.308,0.458999,0,0,1.80307,0.212774,1.1313,0.66528,12.849,1,0.536815,0.36288,0,58.7375,4.54718,54.0164,0.84672,12.849,0.84672,3695.15,0,18.483,0.138378,1.81527,1.92066,6.16341,1.10407,8.65689,0.42336,0,0,18.483,0.42336,442.007,0,1.02816,0,0,2.84343,1.81527,1.028160,1,0,63.8046,0,0,0,63.8046,0
70.9499,3.00798,0,0,2.92685,0.177211,0.36288,3.6288,61.308,0.459061,0,0,1.78391,0.21996,1.10489,0.66528,12.849,1,0.540016,0.36288,0,54.5495,4.30488,50.0675,0.84672,12.849,0.84672,3695.15,0,18.483,0.138397,1.86446,1.92075,5.90083,1.14569,8.40195,0.42336,0,0,18.483,0.42336,442.007,0,1.02816,0,0,2.89262,1.86446,1.028160,1,0,59.5743,0,0,0,59.5743,0
70.9208,3.00413,0,0,3.45439,0.116485,0.36288,3.6288,61.308,0.459124,0,0,1.94678,0.260998,1.22666,0.66528,12.849,1,0.544047,0.36288,0,51.1279,4.97362,45.9731,0.84672,12.849,0.84672,3695.15,0,18.483,0.138416,2.21552,1.92085,5.73826,1.24637,8.48985,0.42336,0,0,18.483,0.42336,442.007,0,1.02816,0,0,3.24368,2.21552,1.028160,1,0,55.6896,0,0,0,55.6896,0
71.061,2.97719,0,0,3.59038,0.110101,0.36288,3.6288,61.308,0.494402,0,0,1.93344,0.270772,1.16827,0.66528,12.849,1,0.539389,0.36288,0,51.226,5.18984,45.8596,0.84672,12.849,0.84672,3695.15,0,18.483,0.149051,2.20481,1.92094,5.7323,1.2714,8.4376,0.42336,0,0,18.483,0.42336,442.007,0,1.02816,0,0,3.23297,2.20481,1.028160,1,0,55.4655,0,0,0,55.4655,0
70.9091,2.97824,0,0,3.29945,0.11022,0.36288,3.6288,61.308,0.494467,0,0,1.87788,0.270772,1.11264,0.66528,12.849,1,0.538514,0.36288,0,50.4171,5.18984,45.0516,0.84672,12.849,0.84672,3695.15,0,18.483,0.149071,2.20617,1.95049,5.78032,1.2714,8.51651,0.42336,0,0,18.483,0.42336,442.007,0,1.02816,0,0,3.23433,2.20617,1.028160,1,0,54.6808,0,0,0,54.6808,0
70.462,2.97741,0,0,3.00331,0.110091,0.36288,3.6288,61.308,0.494531,0,0,1.75637,0.270772,0.991062,0.66528,12.849,1,0.539518,0.36288,0,48.4002,5.18984,43.0337,0.84672,12.849,0.84672,3695.15,0,18.483,0.14909,1.77419,1.95059,5.43008,1.2714,7.73438,0.42336,0,0,18.483,0.42336,442.007,0,1.02816,0,0,2.80235,1.77419,1.028160,1,0,51.7591,0,0,0,51.7591,0
69.9355,2.97466,0,0,2.90803,0.0970624,0.36288,3.6288,61.308,0.494596,0,0,1.71437,0.304949,0.914821,0.66528,12.849,1,0.54244,0.36288,0,46.9378,5.56808,41.1901,0.84672,12.849,0.84672,3695.15,0,18.483,0.14911,1.78294,1.95069,5.15466,1.39761,7.34157,0.42336,0,0,18.483,0.42336,442.007,0,1.02816,0,0,2.8111,1.78294,1.028160,1,0,49.4465,0,0,0,49.4465,0
69.4882,3.04071,0,0,3.03785,0.0815339,0.36288,3.6288,61.308,0.526051,0,0,1.75816,0.352001,0.88011,0.66528,12.849,1,0.558659,0.36288,0,44.8091,6.01965,38.5937,0.84672,12.849,0.84672,3695.15,0,18.483,0.158593,2.35147,1.95079,4.95138,1.5328,7.56224,0.42336,0,0,18.483,0.42336,442.007,0,1.02816,0,0,3.37963,2.35147,1.028160,1,0,47.036,0,0,0,47.036,0
68.8149,3.03783,0,0,2.80867,0.0812522,0.36288,3.6288,61.308,0.526117,0,0,1.63044,0.352001,0.752319,0.66528,12.849,1,0.561722,0.36288,0,42.9678,6.01965,36.7493,0.84672,12.849,0.84672,3695.15,0,18.483,0.158613,1.94018,1.99783,4.3052,1.5328,6.5518,0.42336,0,0,18.483,0.42336,442.007,0,1.02816,0,0,2.96834,1.94018,1.028160,1,0,44.0534,0,0,0,44.0534,0
68.2137,3.03335,0,0,2.8711,0.0760564,0.36288,3.6288,61.308,0.526183,0,0,1.81067,0.354591,0.929894,0.66528,12.849,1,0.566381,0.36288,0,40.8668,6.09443,34.5688,0.84672,12.849,0.84672,3695.15,0,18.483,0.158633,2.34071,1.99793,5.32513,1.54774,7.95741,0.42336,0,0,18.483,0.42336,442.007,0,1.02816,0,0,3.36887,2.34071,1.028160,1,0,43.4561,0,0,0,43.4561,0
67.7475,3.0293,0,0,2.99149,0.0655303,0.36288,3.6288,61.308,0.526249,0,0,1.85632,0.325659,1.00441,0.66528,12.849,1,0.57061,0.36288,0,40.929,6.21981,34.5014,0.84672,12.849,0.84672,3695.15,0,18.483,0.158652,2.55798,1.99803,5.81293,1.59862,8.61168,0.42336,0,0,18.483,0.42336,442.007,0,1.02816,0,0,3.58614,2.55798,1.028160,1,0,44.1175,0,0,0,44.1175,0
66.5791,3.22825,0,0,2.51613,0.0933895,0.36288,3.6288,61.308,0.639644,0,0,1.41446,0.341375,0.433444,0.66528,12.849,1,0.612271,0.36288,0,33.7364,6.41149,27.0755,0.84672,12.849,0.84672,3695.15,0,18.483,0.192838,1.57347,1.99813,3.97683,1.54788,5.80771,0.42336,0,0,18.483,0.42336,442.007,0,1.02816,0,0,2.60163,1.57347,1.028160,1,0,33.3167,0,0,0,33.3167,0
65.652,3.21941,0,0,2.74732,0.0921112,0.36288,3.6288,61.308,0.639715,0,0,1.6484,0.347748,0.660936,0.66528,12.849,1,0.621308,0.36288,0,39.714,6.52512,32.9305,0.84672,12.849,0.84672,3695.15,0,18.483,0.19286,2.01689,2.15725,3.96103,1.55503,6.38728,0.42336,0,0,18.483,0.42336,442.007,0,1.02816,0,0,3.04505,2.01689,1.028160,1,0,39.9787,0,0,0,39.9787,0
64.1638,3.21223,0,0,2.17833,0.0914339,0.36288,3.6288,61.308,0.639787,0,0,1.23725,0.347748,0.249713,0.66528,12.849,1,0.628677,0.36288,0,43.6076,6.52512,36.8167,0.84672,12.849,0.84672,3695.15,0,18.483,0.192882,1.25883,2.15735,3.18042,1.55503,4.84869,0.42336,0,0,18.483,0.42336,442.007,0,1.02816,0,0,2.28699,1.25883,1.028160,1,0,41.9151,0,0,0,41.9151,0
63.158,3.20024,0,0,2.64768,0.0903467,0.36288,3.6288,61.308,0.639859,0,0,1.98919,0.347748,1.00158,0.66528,12.849,1,0.640858,0.36288,0,38.0125,6.52512,31.2094,0.84672,12.849,0.84672,3695.15,0,18.483,0.192903,2.76358,2.15746,4.58255,1.55503,7.75566,0.42336,0,0,18.483,0.42336,442.007,0,1.02816,0,0,3.79174,2.76358,1.028160,1,0,39.9666,0,0,0,39.9666,0
61.196,3.19192,0,0,1.69695,0.104237,0.36288,3.6288,61.308,0.63993,0,0,1.58081,0.360244,0.580635,0.66528,12.849,1,0.649371,0.36288,0,36.2843,6.54826,29.4495,0.84672,12.849,0.84672,3695.15,0,18.483,0.192925,1.24788,2.15757,4.37724,1.55234,6.03743,0.42336,0,0,18.483,0.42336,442.007,0,1.02816,0,0,2.27604,1.24788,1.028160,1,0,36.0676,0,0,0,36.0676,0
59.1473,3.078,0,0,1.52583,0.13365,0.36288,3.6288,61.308,0.571199,0,0,1.77141,0.343748,0.856461,0.66528,12.849,1,0.646273,0.36288,0,26.7922,6.13171,20.3771,0.84672,12.849,0.84672,3695.15,0,18.483,0.172204,0.940931,2.15768,4.91323,1.38647,6.45317,0.42336,0,0,18.483,0.42336,442.007,0,1.02816,0,0,1.96909,0.940931,1.028160,1,0,27.6867,0,0,0,27.6867,0
57.4013,3.05977,0,0,1.85272,0.175997,0.36288,3.6288,61.308,0.571267,0,0,1.79584,0.309244,0.91533,0.66528,12.849,1,0.664696,0.36288,0,24.3229,5.85564,18.1654,0.84672,12.849,0.84672,3695.15,0,18.483,0.172224,0.973737,2.06664,3.63503,1.29164,5.21154,0.42336,0,0,18.483,0.42336,442.007,0,1.02816,0,0,2.0019,0.973737,1.028160,1,0,24.2923,0,0,0,24.2923,0
56.67,3.0434,0,0,2.84797,0.173034,0.36288,3.6288,61.308,0.571335,0,0,3.03325,0.309244,2.15267,0.66528,12.849,1,0.68125,0.36288,0,45.1323,5.85564,38.9583,0.84672,12.849,0.84672,3695.15,0,18.483,0.172245,2.46129,2.06674,7.0274,1.29164,10.0916,0.42336,0,0,18.483,0.42336,442.007,0,1.02816,0,0,3.48945,2.46129,1.028160,1,0,51.2026,0,0,0,51.2026,0
55.3363,3.03639,0,0,2.24944,0.183844,0.36288,3.6288,61.308,0.571403,0,0,2.30122,0.30202,1.4278,0.66528,12.849,1,0.688451,0.36288,0,65.341,5.72994,59.2854,0.84672,12.849,0.84672,3695.15,0,18.483,0.172265,1.70776,2.06685,4.8379,1.26866,7.17158,0.42336,0,0,18.483,0.42336,442.007,0,1.02816,0,0,2.73592,1.70776,1.028160,1,0,67.8848,0,0,0,67.8848,0
52.8479,2.94498,0,0,1.07226,0.252773,0.36288,3.6288,61.308,0.508831,0,0,1.30765,0.258678,0.540138,0.66528,12.849,1,0.683819,0.36288,0,49.5406,4.97574,44.244,0.84672,12.849,0.84672,3695.15,0,18.483,0.153401,1.19832,2.06695,3.55056,1.13074,5.53168,0.42336,0,0,18.483,0.42336,442.007,0,1.02816,0,0,2.22648,1.19832,1.028160,1,0,50.3158,0,0,0,50.3158,0
50.5174,2.91922,0,0,1.198,0.246477,0.36288,3.6288,61.308,0.508896,0,0,1.47409,0.258678,0.706514,0.66528,12.849,1,0.709755,0.36288,0,30.3691,4.97574,25.0465,0.84672,12.849,0.84672,3695.15,0,18.483,0.153421,1.52201,1.98603,3.80229,1.13074,6.02618,0.42336,0,0,18.483,0.42336,442.007,0,1.02816,0,0,2.55017,1.52201,1.028160,1,0,31.7792,0,0,0,31.7792,0
51.9867,2.89326,0,0,4.94597,0.220462,0.36288,3.6288,61.308,0.508961,0,0,2.56787,0.231467,1.82744,0.66528,12.849,1,0.735897,0.36288,0,88.1544,4.35927,83.4221,0.84672,12.849,0.84672,3695.15,0,18.483,0.15344,3.09365,1.98613,10.7928,1.13408,14.5851,0.42336,0,0,18.483,0.42336,442.007,0,1.02816,0,0,4.12181,3.09365,1.028160,1,0,99.8346,0,0,0,99.8346,0
51.4196,2.91009,0,0,2.95606,0.250241,0.36288,3.6288,61.308,0.509026,0,0,2.22232,0.198188,1.51511,0.66528,12.849,1,0.719255,0.36288,0,87.8031,3.6581,83.7887,0.84672,12.849,0.84672,3695.15,0,18.483,0.15346,2.42146,1.98623,9.19322,0.954624,12.4928,0.42336,0,0,18.483,0.42336,442.007,0,1.02816,0,0,3.44962,2.42146,1.028160,1,0,97.7966,0,0,0,97.7966,0
50.1928,2.68519,0,0,2.06038,0.239113,0.36288,3.6288,61.308,0.378602,0,0,1.07565,0.18211,0.514933,0.66528,12.849,1,0.67099,0.36288,0,56.6817,3.88706,52.4865,0.84672,12.849,0.84672,3695.15,0,18.483,0.11414,0.82607,1.98633,4.73316,0.928424,6.503,0.42336,0,0,18.483,0.42336,442.007,0,1.02816,0,0,1.85423,0.82607,1.028160,1,0,59.5045,0,0,0,59.5045,0
48.8492,2.67227,0,0,1.92605,0.234468,0.36288,3.6288,61.308,0.378661,0,0,0.957087,0.179431,0.398996,0.66528,12.849,1,0.684082,0.36288,0,68.5937,3.92522,64.3472,0.84672,12.849,0.84672,3695.15,0,18.483,0.114158,0.571847,1.804,4.83055,0.924057,6.16818,0.42336,0,0,18.483,0.42336,442.007,0,1.02816,0,0,1.60001,0.571847,1.028160,1,0,70.9144,0,0,0,70.9144,0
48.3111,2.6575,0,0,2.7228,0.240548,0.36288,3.6288,61.308,0.378719,0,0,1.19959,0.234463,0.586412,0.66528,12.849,1,0.699014,0.36288,0,53.6166,4.76959,48.5109,0.84672,12.849,0.84672,3695.15,0,18.483,0.114176,1.06565,1.80409,5.2238,1.23912,6.74025,0.42336,0,0,18.483,0.42336,442.007,0,1.02816,0,0,2.09381,1.06565,1.028160,1,0,55.8376,0,0,0,55.8376,0
47.6179,2.65149,0,0,2.59084,0.269678,0.36288,3.6288,61.308,0.378778,0,0,1.23654,0.224095,0.633666,0.66528,12.849,1,0.705199,0.36288,0,93.2947,4.67041,88.282,0.84672,12.849,0.84672,3695.15,0,18.483,0.114193,1.28273,1.80418,7.93144,1.12104,9.78311,0.42336,0,0,18.483,0.42336,442.007,0,1.02816,0,0,2.31089,1.28273,1.028160,1,0,98.6988,0,0,0,98.6988,0
52.128,2.64353,0,0,7.78291,0.2664,0.36288,3.6288,61.308,0.378837,0,0,2.80868,0.209251,2.2206,0.66528,12.849,1,0.71332,0.36288,0,130.669,4.19476,126.124,0.84672,12.849,0.84672,3695.15,0,18.483,0.114211,2.45955,1.80427,13.5829,1.0417,16.6908,0.42336,0,0,18.483,0.42336,442.007,0,1.02816,0,0,3.48771,2.45955,1.028160,1,0,145.035,0,0,0,145.035,0
58.953,2.77754,0,0,10.2706,0.305214,0.36288,3.6288,61.308,0.416685,0,0,3.99902,0.214261,3.36807,0.66528,12.849,1,0.684635,0.36288,0,192.401,4.41809,187.661,0.84672,12.849,0.84672,3695.15,0,18.483,0.125621,2.85255,1.80436,11.0971,1.04304,14.5854,0.42336,0,0,18.483,0.42336,442.007,0,1.02816,0,0,3.88071,2.85255,1.028160,1,0,205.614,0,0,0,205.614,0
61.637,2.84274,0,0,6.21638,0.326757,0.36288,3.6288,61.308,0.416736,0,0,1.70315,0.214261,1.07215,0.66528,12.849,1,0.619584,0.36288,0,140.407,4.41809,135.732,0.84672,12.849,0.84672,3695.15,0,18.483,0.125637,2.32833,1.86215,8.4354,1.04304,11.4572,0.42336,0,0,18.483,0.42336,442.007,0,1.02816,0,0,3.35649,2.32833,1.028160,1,0,148.261,0,0,0,148.261,0
63.7774,2.86518,0,0,5.70323,0.334706,0.36288,3.6288,61.308,0.416786,0,0,1.63611,0.214261,1.00507,0.66528,12.849,1,0.597283,0.36288,0,117.6,4.41809,112.947,0.84672,12.849,0.84672,3695.15,0,18.483,0.125652,2.07145,1.86223,7.99572,1.04304,10.7607,0.42336,0,0,18.483,0.42336,442.007,0,1.02816,0,0,3.09961,2.07145,1.028160,1,0,124.713,0,0,0,124.713,0
65.216,2.88199,0,0,5.03033,0.346867,0.36288,3.6288,61.308,0.416837,0,0,1.07606,0.212476,0.446747,0.66528,12.849,1,0.580623,0.36288,0,95.7355,4.43707,91.0807,0.84672,12.849,0.84672,3695.15,0,18.483,0.125667,1.39025,1.86231,7.43802,1.07615,9.48877,0.42336,0,0,18.483,0.42336,442.007,0,1.02816,0,0,2.41841,1.39025,1.028160,1,0,101.016,0,0,0,101.016,0
68.817,3.17497,0,0,7.48211,0.343265,0.36288,3.6288,61.308,0.558791,0,0,1.83943,0.240612,1.04003,0.66528,12.849,1,0.625539,0.36288,0,141.215,4.4225,136.53,0.84672,12.849,0.84672,3695.15,0,18.483,0.168463,1.80303,1.86239,9.69918,1.15131,12.0448,0.42336,0,0,18.483,0.42336,442.007,0,1.02816,0,0,2.83119,1.80303,1.028160,1,0,149.614,0,0,0,149.614,0
70.0505,3.20268,0,0,5.15219,0.353176,0.36288,3.6288,61.308,0.558848,0,0,1.43545,0.240612,0.635989,0.66528,12.849,1,0.597981,0.36288,0,85.9317,4.4225,81.2741,0.84672,12.849,0.84672,3695.15,0,18.483,0.16848,1.5483,2.06845,7.13396,1.15131,9.43092,0.42336,0,0,18.483,0.42336,442.007,0,1.02816,0,0,2.57646,1.5483,1.028160,1,0,91.341,0,0,0,91.341,0
72.0897,3.21171,0,0,5.93865,0.324851,0.36288,3.6288,61.308,0.558904,0,0,1.53134,0.168119,0.804313,0.66528,12.849,1,0.589108,0.36288,0,90.5653,3.79197,86.5471,0.84672,12.849,0.84672,3695.15,0,18.483,0.168497,1.68231,2.06853,7.82317,0.896724,10.5088,0.42336,0,0,18.483,0.42336,442.007,0,1.02816,0,0,2.71047,1.68231,1.028160,1,0,97.8603,0,0,0,97.8603,0
72.29,3.22599,0,0,6.09494,0.329965,2.33866,3.6288,61.308,0.558961,0,0,1.8408,0.168119,1.11372,0.66528,12.849,1,0.574989,2.33866,0,102.769,3.79197,100.741,0.84672,12.849,0.84672,3695.15,0,18.483,0.168514,2.02741,2.06862,9.72726,0.896724,12.7581,0.42336,0,0,18.483,0.42336,442.007,0,1.02816,0,0,3.05557,2.02741,1.028160,1,0,114.613,0,0,0,114.613,0
72.29,2.81838,0,0,5.77791,0.350696,2.60884,3.6288,61.308,0.368549,0,0,1.85998,0.232482,1.25895,0.66528,12.849,1,0.500945,2.60884,0,104.714,3.9438,102.878,0.84672,12.849,0.84672,3695.15,0,18.483,0.111109,1.82553,2.06871,10.2567,1.02866,13.0112,0.42336,0,0,18.483,0.42336,442.007,0,1.02816,0,0,2.85369,1.82553,1.028160,1,0,117.148,0,0,0,117.148,0
72.29,2.8185,0,0,5.57005,0.350696,2.40086,3.6288,61.308,0.368598,0,0,2.21165,0.232482,1.61057,0.66528,12.849,1,0.500966,2.40086,0,116.233,3.9438,114.189,0.84672,12.849,0.84672,3695.15,0,18.483,0.111124,2.12441,1.78698,11.2705,1.02866,14.0421,0.42336,0,0,18.483,0.42336,442.007,0,1.02816,0,0,3.15257,2.12441,1.028160,1,0,129.842,0,0,0,129.842,0
72.29,2.81861,0,0,5.50393,0.305383,2.37993,3.6288,61.308,0.368647,0,0,2.122,0.208417,1.54494,0.66528,12.849,1,0.500987,2.37993,0,124.445,3.59502,122.729,0.84672,12.849,0.84672,3695.15,0,18.483,0.111139,2.18735,1.78706,10.7794,0.978561,13.6641,0.42336,0,0,18.483,0.42336,442.007,0,1.02816,0,0,3.21551,2.18735,1.028160,1,0,137.938,0,0,0,137.938,0
72.29,2.81873,0,0,7.43195,0.285611,4.3276,3.6288,61.308,0.368695,0,0,4.14723,0.221476,3.55705,0.66528,12.849,1,0.501008,4.3276,0,132.812,4.06641,132.573,0.84672,12.849,0.84672,3695.15,0,18.483,0.111153,3.72195,1.78713,15.6179,1.03226,19.9836,0.42336,0,0,18.483,0.42336,442.007,0,1.02816,0,0,4.75011,3.72195,1.028160,1,0,156.113,0,0,0,156.113,0
72.29,2.81885,0,0,8.08631,0.312528,4.95494,3.6288,61.308,0.368744,0,0,4.22661,0.211072,3.64679,0.66528,12.849,1,0.501029,4.95494,0,105.296,4.00788,105.742,0.84672,12.849,0.84672,3695.15,0,18.483,0.111168,3.41334,1.78721,18.6673,0.969226,22.7875,0.42336,0,0,18.483,0.42336,442.007,0,1.02816,0,0,4.4415,3.41334,1.028160,1,0,132.176,0,0,0,132.176,0
72.29,2.92197,0,0,5.28088,0.329984,2.02893,3.6288,61.308,0.415398,0,0,2.18696,0.205257,1.5663,0.66528,12.849,1,0.519358,2.02893,0,89.7307,3.76047,87.4798,0.84672,12.849,0.84672,3695.15,0,18.483,0.125233,1.70592,1.78728,10.2542,0.938811,12.6834,0.42336,0,0,18.483,0.42336,442.007,0,1.02816,0,0,2.73408,1.70592,1.028160,1,0,101.729,0,0,0,101.729,0
72.29,2.92209,0,0,5.10748,0.329984,1.8554,3.6288,61.308,0.415448,0,0,2.21212,0.205257,1.59141,0.66528,12.849,1,0.519379,1.8554,0,142.497,3.76047,140.072,0.84672,12.849,0.84672,3695.15,0,18.483,0.125248,1.77308,1.85695,10.2215,0.938811,12.7874,0.42336,0,0,18.483,0.42336,442.007,0,1.02816,0,0,2.80124,1.77308,1.028160,1,0,154.451,0,0,0,154.451,0
72.29,2.92221,0,0,5.04153,0.329984,1.78934,3.6288,61.308,0.415499,0,0,2.33761,0.205257,1.71686,0.66528,12.849,1,0.519401,1.78934,0,92.0877,3.76047,89.5972,0.84672,12.849,0.84672,3695.15,0,18.483,0.125264,2.02409,1.85703,10.1657,0.938811,12.9827,0.42336,0,0,18.483,0.42336,442.007,0,1.02816,0,0,3.05225,2.02409,1.028160,1,0,104.297,0,0,0,104.297,0
72.29,2.92234,0,0,5.63058,0.294176,2.41406,3.6288,61.308,0.415549,0,0,2.47509,0.215996,1.84355,0.66528,12.849,1,0.519423,2.41406,0,87.6842,3.97587,85.603,0.84672,12.849,0.84672,3695.15,0,18.483,0.125279,2.811,1.85711,10.4558,0.969928,14.0287,0.42336,0,0,18.483,0.42336,442.007,0,1.02816,0,0,3.83916,2.811,1.028160,1,0,101.475,0,0,0,101.475,0
72.29,2.88218,0,0,4.01637,0.253815,0.880379,3.6288,61.308,0.397496,0,0,1.26833,0.219954,0.650884,0.66528,12.849,1,0.512286,0.880379,0,73.4607,4.31256,69.5163,0.84672,12.849,0.84672,3695.15,0,18.483,0.119836,1.40042,1.85719,7.2722,1.03567,9.3743,0.42336,0,0,18.483,0.42336,442.007,0,1.02816,0,0,2.42858,1.40042,1.028160,1,0,79.5415,0,0,0,79.5415,0
72.2877,2.8823,0,0,3.49672,0.253815,0.36288,3.6288,61.308,0.397546,0,0,1.21831,0.219954,0.600809,0.66528,12.849,1,0.512307,0.36288,0,65.2484,4.31256,60.7864,0.84672,12.849,0.84672,3695.15,0,18.483,0.119851,1.13512,1.83017,6.8027,1.03567,8.61247,0.42336,0,0,18.483,0.42336,442.007,0,1.02816,0,0,2.16328,1.13512,1.028160,1,0,69.9997,0,0,0,69.9997,0
71.9218,2.88241,0,0,3.13316,0.25381,0.36288,3.6288,61.308,0.397596,0,0,1.07652,0.219954,0.458968,0.66528,12.849,1,0.512342,0.36288,0,56.002,4.31256,51.54,0.84672,12.849,0.84672,3695.15,0,18.483,0.119866,0.868994,1.83025,5.9263,1.03567,7.47,0.42336,0,0,18.483,0.42336,442.007,0,1.02816,0,0,1.89715,0.868994,1.028160,1,0,59.4689,0,0,0,59.4689,0
71.3441,2.88032,0,0,2.89704,0.231562,0.36288,3.6288,61.308,0.397645,0,0,1.00166,0.19151,0.412505,0.66528,12.849,1,0.514576,0.36288,0,53.191,3.72276,49.3165,0.84672,12.849,0.84672,3695.15,0,18.483,0.119881,0.772874,1.83032,5.34234,0.886081,6.93957,0.42336,0,0,18.483,0.42336,442.007,0,1.02816,0,0,1.80103,0.772874,1.028160,1,0,56.6686,0,0,0,56.6686,0
71.0471,3.01338,0,0,3.28398,0.204645,0.36288,3.6288,61.308,0.461908,0,0,0.949847,0.213036,0.274903,0.66528,12.849,1,0.542707,0.36288,0,55.2223,4.15254,50.8899,0.84672,12.849,0.84672,3695.15,0,18.483,0.139255,0.882965,1.8304,5.3247,0.995658,6.90315,0.42336,0,0,18.483,0.42336,442.007,0,1.02816,0,0,1.91112,0.882965,1.028160,1,0,58.068,0,0,0,58.068,0
70.5747,3.01158,0,0,3.06788,0.165847,0.36288,3.6288,61.308,0.46196,0,0,0.934122,0.222777,0.249385,0.66528,12.849,1,0.54465,0.36288,0,49.7833,4.39614,45.2054,0.84672,12.849,0.84672,3695.15,0,18.483,0.139271,0.912012,1.92523,5.03258,0.982446,6.7481,0.42336,0,0,18.483,0.42336,442.007,0,1.02816,0,0,1.94017,0.912012,1.028160,1,0,52.2029,0,0,0,52.2029,0
70.0674,3.00863,0,0,3.02943,0.165247,0.36288,3.6288,61.308,0.462013,0,0,1.01462,0.222777,0.329831,0.66528,12.849,1,0.547758,0.36288,0,48.1429,4.39614,43.5618,0.84672,12.849,0.84672,3695.15,0,18.483,0.139287,0.871249,1.92531,5.5176,0.982446,7.19242,0.42336,0,0,18.483,0.42336,442.007,0,1.02816,0,0,1.89941,0.871249,1.028160,1,0,51.0841,0,0,0,51.0841,0
69.3678,3.0054,0,0,2.83329,0.164602,0.36288,3.6288,61.308,0.462066,0,0,0.936204,0.222777,0.251362,0.66528,12.849,1,0.551132,0.36288,0,45.0344,4.39614,40.45,0.84672,12.849,0.84672,3695.15,0,18.483,0.139302,0.79291,1.92539,4.84468,0.982446,6.44123,0.42336,0,0,18.483,0.42336,442.007,0,1.02816,0,0,1.82107,0.79291,1.028160,1,0,47.1426,0,0,0,47.1426,0
68.2385,3.00084,0,0,2.38285,0.148429,0.36288,3.6288,61.308,0.462118,0,0,0.958772,0.241618,0.255036,0.66528,12.849,1,0.555845,0.36288,0,39.4702,4.9284,34.3488,0.84672,12.849,0.84672,3695.15,0,18.483,0.139318,0.812868,1.92547,4.60051,1.12091,6.07863,0.42336,0,0,18.483,0.42336,442.007,0,1.02816,0,0,1.84103,0.812868,1.028160,1,0,40.6825,0,0,0,40.6825,0
66.8606,2.96641,0,0,2.08719,0.135765,0.36288,3.6288,61.308,0.49747,0,0,0.958634,0.255748,0.205415,0.66528,12.849,1,0.558562,0.36288,0,37.5443,5.32759,32.0211,0.84672,12.849,0.84672,3695.15,0,18.483,0.149976,0.843212,1.92555,4.43798,1.22475,5.83201,0.42336,0,0,18.483,0.42336,442.007,0,1.02816,0,0,1.87137,0.843212,1.028160,1,0,38.0585,0,0,0,38.0585,0
65.3246,2.95688,0,0,1.91806,0.1343,0.36288,3.6288,61.308,0.497524,0,0,0.931081,0.255748,0.177808,0.66528,12.849,1,0.568241,0.36288,0,36.9515,5.32759,31.4185,0.84672,12.849,0.84672,3695.15,0,18.483,0.149993,0.844016,1.95515,4.47513,1.22475,5.89956,0.42336,0,0,18.483,0.42336,442.007,0,1.02816,0,0,1.87218,0.844016,1.028160,1,0,37.4959,0,0,0,37.4959,0
63.6292,2.94584,0,0,1.74592,0.132668,0.36288,3.6288,61.308,0.497578,0,0,0.870852,0.255748,0.117525,0.66528,12.849,1,0.579431,0.36288,0,35.4733,5.32759,29.9292,0.84672,12.849,0.84672,3695.15,0,18.483,0.150009,0.59394,1.95524,4.20399,1.22475,5.37841,0.42336,0,0,18.483,0.42336,442.007,0,1.02816,0,0,1.6221,0.59394,1.028160,1,0,35.4251,0,0,0,35.4251,0
61.9027,2.93312,0,0,1.68797,0.118491,0.36288,3.6288,61.308,0.497632,0,0,0.852353,0.286415,0.0683057,0.66528,12.849,1,0.592301,0.36288,0,32.5368,5.71062,26.5967,0.84672,12.849,0.84672,3695.15,0,18.483,0.150025,0.648994,1.95532,4.06922,1.36142,5.16209,0.42336,0,0,18.483,0.42336,442.007,0,1.02816,0,0,1.67715,0.648994,1.028160,1,0,31.8271,0,0,0,31.8271,0
60.4794,2.9877,0,0,2.0323,0.105014,0.36288,3.6288,61.308,0.529152,0,0,0.989842,0.316849,0.143841,0.66528,12.849,1,0.62015,0.36288,0,35.8498,6.03267,29.5598,0.84672,12.849,0.84672,3695.15,0,18.483,0.159527,1.0503,1.9554,4.44988,1.46012,5.83592,0.42336,0,0,18.483,0.42336,442.007,0,1.02816,0,0,2.07846,1.0503,1.028160,1,0,35.5396,0,0,0,35.5396,0
58.8961,2.97578,0,0,1.85916,0.103783,0.36288,3.6288,61.308,0.529207,0,0,0.930329,0.316849,0.0842729,0.66528,12.849,1,0.632213,0.36288,0,33.7069,6.03267,27.4049,0.84672,12.849,0.84672,3695.15,0,18.483,0.159544,1.01126,2.00254,4.52935,1.46012,5.92348,0.42336,0,0,18.483,0.42336,442.007,0,1.02816,0,0,2.03942,1.01126,1.028160,1,0,33.4126,0,0,0,33.4126,0
57.1524,2.96196,0,0,1.68335,0.102239,0.36288,3.6288,61.308,0.529262,0,0,0.888892,0.316849,0.0427802,0.66528,12.849,1,0.646192,0.36288,0,31.7453,6.03267,25.4293,0.84672,12.849,0.84672,3695.15,0,18.483,0.159561,0.803356,2.00262,4.21132,1.46012,5.39761,0.42336,0,0,18.483,0.42336,442.007,0,1.02816,0,0,1.83152,0.803356,1.028160,1,0,30.8697,0,0,0,30.8697,0
55.2281,2.94598,0,0,1.47215,0.0875513,0.36288,3.6288,61.308,0.529317,0,0,0.882593,0.324619,0.0286563,0.66528,12.849,1,0.662316,0.36288,0,30.2284,6.257,23.672,0.84672,12.849,0.84672,3695.15,0,18.483,0.159577,0.774127,2.00271,4.25638,1.50494,5.3687,0.42336,0,0,18.483,0.42336,442.007,0,1.02816,0,0,1.80229,0.774127,1.028160,1,0,29.0693,0,0,0,29.0693,0
53.5191,3.07222,0,0,1.81531,0.0891516,0.36288,3.6288,61.308,0.619712,0,0,1.02516,0.325014,0.0804363,0.66528,12.849,1,0.714762,0.36288,0,30.8015,6.17632,24.2733,0.84672,12.849,0.84672,3695.15,0,18.483,0.186829,0.859982,2.00279,4.86138,1.49639,6.04093,0.42336,0,0,18.483,0.42336,442.007,0,1.02816,0,0,1.88814,0.859982,1.028160,1,0,30.3947,0,0,0,30.3947,0
52.2417,3.05394,0,0,2.21942,0.0800927,0.36288,3.6288,61.308,0.619771,0,0,1.26232,0.333876,0.308674,0.66528,12.849,1,0.733197,0.36288,0,35.8343,6.2895,29.1745,0.84672,12.849,0.84672,3695.15,0,18.483,0.186847,1.26359,2.12717,5.02756,1.57318,6.6583,0.42336,0,0,18.483,0.42336,442.007,0,1.02816,0,0,2.29175,1.26359,1.028160,1,0,36.1415,0,0,0,36.1415,0
50.5407,3.03968,0,0,1.7807,0.0790496,0.36288,3.6288,61.308,0.61983,0,0,0.992615,0.333876,0.0389087,0.66528,12.849,1,0.747618,0.36288,0,42.1487,6.2895,35.4744,0.84672,12.849,0.84672,3695.15,0,18.483,0.186865,0.810225,2.12726,4.17633,1.57318,5.35376,0.42336,0,0,18.483,0.42336,442.007,0,1.02816,0,0,1.83838,0.810225,1.028160,1,0,40.8671,0,0,0,40.8671,0
49.1894,3.01974,0,0,2.10892,0.0776607,0.36288,3.6288,61.308,0.619889,0,0,1.51517,0.333876,0.561405,0.66528,12.849,1,0.767711,0.36288,0,36.1774,6.2895,29.4831,0.84672,12.849,0.84672,3695.15,0,18.483,0.186883,1.73732,2.12735,5.6476,1.57318,7.75221,0.42336,0,0,18.483,0.42336,442.007,0,1.02816,0,0,2.76548,1.73732,1.028160,1,0,37.7967,0,0,0,37.7967,0
47.6177,3.05268,0,0,1.9277,0.0838144,0.36288,3.6288,61.308,0.643205,0,0,1.14003,0.315442,0.181384,0.66528,12.849,1,0.797406,0.36288,0,42.2563,5.93702,35.8847,0.84672,12.849,0.84672,3695.15,0,18.483,0.193912,1.02319,2.12744,5.98929,1.54014,7.40586,0.42336,0,0,18.483,0.42336,442.007,0,1.02816,0,0,2.05135,1.02319,1.028160,1,0,43.472,0,0,0,43.472,0
46.4072,2.93957,0,0,2.18384,0.0919111,0.36288,3.6288,61.308,0.574305,0,0,1.31631,0.290862,0.451146,0.66528,12.849,1,0.793204,0.36288,0,40.5028,5.46703,34.6055,0.84672,12.849,0.84672,3695.15,0,18.483,0.17314,1.33163,2.16262,7.09385,1.4961,8.91887,0.42336,0,0,18.483,0.42336,442.007,0,1.02816,0,0,2.35979,1.33163,1.028160,1,0,43.9755,0,0,0,43.9755,0
45.1326,2.87605,0,0,2.05505,0.0906919,0.36288,3.6288,61.308,0.552223,0,0,1.34406,0.290862,0.500971,0.66528,12.849,1,0.796307,0.36288,0,53.7894,5.46703,47.8889,0.84672,12.849,0.84672,3695.15,0,18.483,0.166483,1.71054,2.07135,6.59686,1.4961,8.71617,0.42336,0,0,18.483,0.42336,442.007,0,1.02816,0,0,2.7387,1.71054,1.028160,1,0,57.106,0,0,0,57.106,0
42.995,2.90582,0,0,1.22051,0.0894082,0.36288,3.6288,61.308,0.574419,0,0,0.918371,0.290862,0.0530899,0.66528,12.849,1,0.82727,0.36288,0,37.395,5.46703,31.4636,0.84672,12.849,0.84672,3695.15,0,18.483,0.173175,0.578249,2.03783,4.28822,1.4961,5.23503,0.42336,0,0,18.483,0.42336,442.007,0,1.02816,0,0,1.60641,0.578249,1.028160,1,0,36.7517,0,0,0,36.7517,0
41.3232,2.87427,0,0,1.68541,0.120126,0.36288,3.6288,61.308,0.574476,0,0,1.26006,0.291102,0.394479,0.66528,12.849,1,0.858972,0.36288,0,39.3581,5.19232,33.6697,0.84672,12.849,0.84672,3695.15,0,18.483,0.173192,0.825509,2.07153,5.75588,1.4448,7.03492,0.42336,0,0,18.483,0.42336,442.007,0,1.02816,0,0,1.85367,0.825509,1.028160,1,0,41.0991,0,0,0,41.0991,0
39.4624,2.77432,0,0,1.44082,0.164396,0.36288,3.6288,61.308,0.511752,0,0,0.79736,0.152352,0.133256,0.66528,12.849,1,0.862644,0.36288,0,48.9135,4.10491,44.3088,0.84672,12.849,0.84672,3695.15,0,18.483,0.154282,0.796591,2.07162,4.57542,1.0759,6.21345,0.42336,0,0,18.483,0.42336,442.007,0,1.02816,0,0,1.82475,0.796591,1.028160,1,0,50.6555,0,0,0,50.6555,0
38.306,2.74374,0,0,2.13332,0.183112,0.36288,3.6288,61.308,0.511806,0,0,0.943885,0.197396,0.234683,0.66528,12.849,1,0.893367,0.36288,0,41.8047,3.94674,37.3275,0.84672,12.849,0.84672,3695.15,0,18.483,0.154298,0.644916,1.9905,5.14297,0.973165,6.65092,0.42336,0,0,18.483,0.42336,442.007,0,1.02816,0,0,1.67308,0.644916,1.028160,1,0,44.2131,0,0,0,44.2131,0
37.344,2.72366,0,0,2.32703,0.202415,0.36288,3.6288,61.308,0.511861,0,0,0.829094,0.163909,0.153324,0.66528,12.849,1,0.913601,0.36288,0,59.7282,3.58218,55.5953,0.84672,12.849,0.84672,3695.15,0,18.483,0.154315,0.780805,1.99058,5.64131,0.859718,7.39866,0.42336,0,0,18.483,0.42336,442.007,0,1.02816,0,0,1.80897,0.780805,1.028160,1,0,63.1473,0,0,0,63.1473,0
36.7788,2.66235,0,0,2.66009,0.200144,0.36288,3.6288,61.308,0.490789,0,0,1.49243,0.163909,0.837732,0.66528,12.849,1,0.916039,0.36288,0,79.0756,3.58218,74.9403,0.84672,12.849,0.84672,3695.15,0,18.483,0.147962,0.905973,1.99067,7.755,0.859718,9.64396,0.42336,0,0,18.483,0.42336,442.007,0,1.02816,0,0,1.93413,0.905973,1.028160,1,0,85.422,0,0,0,85.422,0
35.9323,2.4523,0,0,2.18398,0.215234,0.36288,3.6288,61.308,0.362187,0,0,1.06233,0.187835,0.512309,0.66528,12.849,1,0.856735,0.36288,0,66.7316,3.73812,62.4997,0.84672,12.849,0.84672,3695.15,0,18.483,0.109191,0.649685,1.95845,6.01747,0.877903,7.63851,0.42336,0,0,18.483,0.42336,442.007,0,1.02816,0,0,1.67784,0.649685,1.028160,1,0,70.6505,0,0,0,70.6505,0
35.3979,2.39733,0,0,2.4605,0.234685,0.36288,3.6288,61.308,0.34323,0,0,0.937181,0.189757,0.404194,0.66528,12.849,1,0.857259,0.36288,0,76.4416,3.88164,72.0656,0.84672,12.849,0.84672,3695.15,0,18.483,0.103476,0.521925,1.77866,5.93508,0.891616,7.24057,0.42336,0,0,18.483,0.42336,442.007,0,1.02816,0,0,1.55009,0.521925,1.028160,1,0,79.7104,0,0,0,79.7104,0
35.061,2.26779,0,0,2.52695,0.233181,0.36288,3.6288,61.308,0.286258,0,0,0.917093,0.189757,0.441078,0.66528,12.849,1,0.823179,0.36288,0,68.1714,3.88164,63.8295,0.84672,12.849,0.84672,3695.15,0,18.483,0.0863003,0.551318,1.74939,5.61661,0.891616,6.93941,0.42336,0,0,18.483,0.42336,442.007,0,1.02816,0,0,1.57948,0.551318,1.028160,1,0,71.21,0,0,0,71.21,0
35.6726,2.38194,0,0,3.57816,0.221755,0.36288,3.6288,61.308,0.343325,0,0,1.75186,0.207729,1.20081,0.66528,12.849,1,0.872923,0.36288,0,147.838,4.19361,143.135,0.84672,12.849,0.84672,3695.15,0,18.483,0.103505,1.36629,1.66144,10.0547,1.01841,11.9605,0.42336,0,0,18.483,0.42336,442.007,0,1.02816,0,0,2.39445,1.36629,1.028160,1,0,156.296,0,0,0,156.296,0
36.2405,2.39304,0,0,3.51588,0.19204,0.36288,3.6288,61.308,0.343372,0,0,1.70891,0.241498,1.12404,0.66528,12.849,1,0.861956,0.36288,0,112.243,4.93309,106.811,0.84672,12.849,0.84672,3695.15,0,18.483,0.103519,2.19742,1.74954,9.98715,1.25943,12.5712,0.42336,0,0,18.483,0.42336,442.007,0,1.02816,0,0,3.22558,2.19742,1.028160,1,0,120.506,0,0,0,120.506,0
39.2034,2.35369,0,0,5.87591,0.196475,0.36288,3.6288,61.308,0.321192,0,0,1.98404,0.197891,1.46495,0.66528,12.849,1,0.834497,0.36288,0,126.773,3.82506,122.476,0.84672,12.849,0.84672,3695.15,0,18.483,0.0968324,4.19319,1.74961,12.0349,1.00376,16.8771,0.42336,0,0,18.483,0.42336,442.007,0,1.02816,0,0,5.22135,4.19319,1.028160,1,0,140.818,0,0,0,140.818,0
41.6756,2.6133,0,0,5.66087,0.212496,0.36288,3.6288,61.308,0.419351,0,0,2.16535,0.194674,1.55132,0.66528,12.849,1,0.856517,0.36288,0,170.478,3.79754,166.187,0.84672,12.849,0.84672,3695.15,0,18.483,0.126425,4.38252,1.71479,14.034,1.02418,18.9807,0.42336,0,0,18.483,0.42336,442.007,0,1.02816,0,0,5.41068,4.38252,1.028160,1,0,186.719,0,0,0,186.719,0
44.505,2.65223,0,0,6.06331,0.218767,0.36288,3.6288,61.308,0.419391,0,0,2.58346,0.194674,1.96939,0.66528,12.849,1,0.817709,0.36288,0,184.18,3.79754,179.927,0.84672,12.849,0.84672,3695.15,0,18.483,0.126437,5.47562,1.86627,16.8069,1.02418,22.9981,0.42336,0,0,18.483,0.42336,442.007,0,1.02816,0,0,6.50378,5.47562,1.028160,1,0,204.895,0,0,0,204.895,0
47.5515,2.64897,0,0,6.28439,0.226022,0.36288,3.6288,61.308,0.399807,0,0,1.88941,0.194674,1.29493,0.66528,12.849,1,0.764781,0.36288,0,192.301,3.79754,188.102,0.84672,12.849,0.84672,3695.15,0,18.483,0.120533,4.04368,1.86633,13.9484,1.02418,18.7137,0.42336,0,0,18.483,0.42336,442.007,0,1.02816,0,0,5.07184,4.04368,1.028160,1,0,208.111,0,0,0,208.111,0
52.4982,2.99843,0,0,8.50211,0.194154,0.36288,3.6288,61.308,0.561681,0,0,2.06042,0.182312,1.31642,0.66528,12.849,1,0.810213,0.36288,0,182.04,3.1766,178.416,0.84672,12.849,0.84672,3695.15,0,18.483,0.169334,4.59208,1.83611,14.2218,0.768896,19.7117,0.42336,0,0,18.483,0.42336,442.007,0,1.02816,0,0,5.62024,4.59208,1.028160,1,0,199.444,0,0,0,199.444,0
58.3597,3.01021,0,0,9.46052,0.225837,0.36288,3.6288,61.308,0.539792,0,0,2.04023,0.186822,1.31362,0.66528,12.849,1,0.736754,0.36288,0,227.053,3.88994,222.789,0.84672,12.849,0.84672,3695.15,0,18.483,0.162735,5.56476,2.07288,14.1261,0.919438,20.6815,0.42336,0,0,18.483,0.42336,442.007,0,1.02816,0,0,6.59292,5.56476,1.028160,1,0,244.784,0,0,0,244.784,0
59.4843,3.12162,0,0,4.84852,0.239474,0.36288,3.6288,61.308,0.561772,0,0,1.28803,0.186822,0.53944,0.66528,12.849,1,0.687283,0.36288,0,115.596,3.88994,111.382,0.84672,12.849,0.84672,3695.15,0,18.483,0.169362,2.37771,2.03931,7.30953,0.919438,10.6377,0.42336,0,0,18.483,0.42336,442.007,0,1.02816,0,0,3.40587,2.37771,1.028160,1,0,122.559,0,0,0,122.559,0
59.6371,3.13241,0,0,3.89014,0.242091,0.36288,3.6288,61.308,0.561817,0,0,1.15099,0.186822,0.402347,0.66528,12.849,1,0.676621,0.36288,0,86.6255,3.88994,82.4218,0.84672,12.849,0.84672,3695.15,0,18.483,0.169375,2.2899,2.07302,6.11079,0.919438,9.38489,0.42336,0,0,18.483,0.42336,442.007,0,1.02816,0,0,3.31806,2.2899,1.028160,1,0,92.2091,0,0,0,92.2091,0
62.2812,2.73669,0,0,6.01887,0.275105,0.36288,3.6288,61.308,0.370993,0,0,2.06709,0.17302,1.52308,0.66528,12.849,1,0.58963,0.36288,0,126.437,3.20871,123.001,0.84672,12.849,0.84672,3695.15,0,18.483,0.111846,3.29045,2.07309,13.9147,0.811402,18.355,0.42336,0,0,18.483,0.42336,442.007,0,1.02816,0,0,4.31861,3.29045,1.028160,1,0,142.88,0,0,0,142.88,0
65.5894,2.75754,0,0,6.71479,0.286191,0.36288,3.6288,61.308,0.371032,0,0,2.06836,0.175826,1.52151,0.66528,12.849,1,0.568897,0.36288,0,133.466,3.18339,130.076,0.84672,12.849,0.84672,3695.15,0,18.483,0.111858,4.01454,1.79075,17.1956,0.818691,22.0703,0.42336,0,0,18.483,0.42336,442.007,0,1.02816,0,0,5.0427,4.01454,1.028160,1,0,153.668,0,0,0,153.668,0
71.0978,2.78163,0,0,8.94689,0.293965,0.36288,3.6288,61.308,0.371071,0,0,2.45427,0.175826,1.90737,0.66528,12.849,1,0.544922,0.36288,0,187.097,3.18339,183.732,0.84672,12.849,0.84672,3695.15,0,18.483,0.11187,4.33888,1.79081,19.5921,0.818691,24.7912,0.42336,0,0,18.483,0.42336,442.007,0,1.02816,0,0,5.36704,4.33888,1.028160,1,0,210.431,0,0,0,210.431,0
72.29,2.81748,0,0,9.93064,0.306377,5.61463,3.6288,61.308,0.37111,0,0,2.58243,0.174356,2.03696,0.66528,12.849,1,0.509182,5.61463,0,222.708,3.3447,224.469,0.84672,12.849,0.84672,3695.15,0,18.483,0.111881,4.50756,1.79087,26.0189,0.879056,31.3264,0.42336,0,0,18.483,0.42336,442.007,0,1.02816,0,0,5.53572,4.50756,1.028160,1,0,257.832,0,0,0,257.832,0
72.29,2.8247,0,0,10.1778,0.311595,7.04147,3.6288,61.308,0.371149,0,0,3.25587,0.193855,2.69087,0.66528,12.849,1,0.502069,7.04147,0,263.264,3.7827,266.021,0.84672,12.849,0.84672,3695.15,0,18.483,0.111893,5.81282,1.79093,23.2792,0.995278,29.7758,0.42336,0,0,18.483,0.42336,442.007,0,1.02816,0,0,6.84098,5.81282,1.028160,1,0,298.488,0,0,0,298.488,0
72.29,2.92801,0,0,7.19445,0.325985,3.94046,3.6288,61.308,0.41789,0,0,2.0371,0.1977,1.42151,0.66528,12.849,1,0.520431,3.94046,0,213.512,3.64812,213.284,0.84672,12.849,0.84672,3695.15,0,18.483,0.125985,3.72384,1.79099,18.526,0.991249,22.9236,0.42336,0,0,18.483,0.42336,442.007,0,1.02816,0,0,4.752,3.72384,1.028160,1,0,237.629,0,0,0,237.629,0
72.29,2.92811,0,0,5.82219,0.318441,2.57564,3.6288,61.308,0.417931,0,0,1.78559,0.196868,1.1708,0.66528,12.849,1,0.520449,2.57564,0,156.946,3.69755,155.304,0.84672,12.849,0.84672,3695.15,0,18.483,0.125997,3.96137,1.86079,13.4985,0.994463,18.2002,0.42336,0,0,18.483,0.42336,442.007,0,1.02816,0,0,4.98953,3.96137,1.028160,1,0,174.675,0,0,0,174.675,0
72.29,2.92821,0,0,4.63145,0.273173,1.43007,3.6288,61.308,0.417971,0,0,1.24971,0.191873,0.639863,0.66528,12.849,1,0.520467,1.43007,0,145.104,3.9941,142.02,0.84672,12.849,0.84672,3695.15,0,18.483,0.126009,2.20147,1.86085,9.57899,1.01375,12.5016,0.42336,0,0,18.483,0.42336,442.007,0,1.02816,0,0,3.22963,2.20147,1.028160,1,0,155.161,0,0,0,155.161,0
72.29,2.92831,0,0,4.17646,0.26601,0.98214,3.6288,61.308,0.418012,0,0,1.19442,0.195031,0.581376,0.66528,12.849,1,0.520484,0.98214,0,119.99,4.03109,116.42,0.84672,12.849,0.84672,3695.15,0,18.483,0.126021,1.95395,1.86092,9.59334,1.01785,12.2643,0.42336,0,0,18.483,0.42336,442.007,0,1.02816,0,0,2.98211,1.95395,1.028160,1,0,129.266,0,0,0,129.266,0
72.29,2.88804,0,0,4.8467,0.223032,1.73563,3.6288,61.308,0.399912,0,0,1.59193,0.213982,0.978034,0.66528,12.849,1,0.513328,1.73563,0,118.022,4.25302,114.991,0.84672,12.849,0.84672,3695.15,0,18.483,0.120565,3.91364,1.86098,13.5239,1.04249,18.1355,0.42336,0,0,18.483,0.42336,442.007,0,1.02816,0,0,4.9418,3.91364,1.028160,1,0,134.104,0,0,0,134.104,0
72.29,2.88814,0,0,4.31253,0.223032,1.20136,3.6288,61.308,0.399952,0,0,1.45651,0.213982,0.842571,0.66528,12.849,1,0.513345,1.20136,0,124.281,4.25302,120.716,0.84672,12.849,0.84672,3695.15,0,18.483,0.120577,3.01155,1.83389,10.7317,1.04249,14.414,0.42336,0,0,18.483,0.42336,442.007,0,1.02816,0,0,4.03971,3.01155,1.028160,1,0,135.973,0,0,0,135.973,0
72.29,2.88824,0,0,4.06617,0.223032,0.954895,3.6288,61.308,0.399992,0,0,1.32361,0.213982,0.709639,0.66528,12.849,1,0.513362,0.954895,0,109.015,4.25302,105.204,0.84672,12.849,0.84672,3695.15,0,18.483,0.120589,2.34093,1.83396,9.86386,1.04249,12.8757,0.42336,0,0,18.483,0.42336,442.007,0,1.02816,0,0,3.36909,2.34093,1.028160,1,0,118.789,0,0,0,118.789,0
72.29,2.88833,0,0,3.72664,0.213043,0.625262,3.6288,61.308,0.400032,0,0,1.23551,0.220389,0.61509,0.66528,12.849,1,0.51338,0.625262,0,99.6123,4.39302,95.3312,0.84672,12.849,0.84672,3695.15,0,18.483,0.120601,2.24428,1.83402,8.39454,1.06212,11.2901,0.42336,0,0,18.483,0.42336,442.007,0,1.02816,0,0,3.27244,2.24428,1.028160,1,0,107.236,0,0,0,107.236,0
72.29,3.02545,0,0,3.76309,0.155078,0.582562,3.6288,61.308,0.464413,0,0,1.41083,0.194421,0.752,0.66528,12.849,1,0.537751,0.582562,0,94.8802,3.88689,91.0381,0.84672,12.849,0.84672,3695.15,0,18.483,0.14001,3.13712,1.83408,10.2393,0.973542,14.0969,0.42336,0,0,18.483,0.42336,442.007,0,1.02816,0,0,4.16528,3.13712,1.028160,1,0,105.887,0,0,0,105.887,0
72.29,3.02555,0,0,3.69463,0.146802,0.522274,3.6288,61.308,0.464456,0,0,1.24116,0.172377,0.604329,0.66528,12.849,1,0.537769,0.522274,0,87.2847,3.54732,83.7219,0.84672,12.849,0.84672,3695.15,0,18.483,0.140023,2.96194,1.92908,10.1597,0.931909,13.9788,0.42336,0,0,18.483,0.42336,442.007,0,1.02816,0,0,3.9901,2.96194,1.028160,1,0,98.305,0,0,0,98.305,0
72.2067,3.02565,0,0,3.45208,0.146802,0.36288,3.6288,61.308,0.464498,0,0,1.18553,0.172377,0.548654,0.66528,12.849,1,0.537787,0.36288,0,79.9857,3.54732,76.2634,0.84672,12.849,0.84672,3695.15,0,18.483,0.140036,2.44892,1.92914,9.22078,0.931909,12.5269,0.42336,0,0,18.483,0.42336,442.007,0,1.02816,0,0,3.47708,2.44892,1.028160,1,0,89.339,0,0,0,89.339,0
71.9916,3.02523,0,0,3.2671,0.0941174,0.36288,3.6288,61.308,0.46454,0,0,1.11472,0.247353,0.402822,0.66528,12.849,1,0.538332,0.36288,0,75.5758,4.56597,70.8344,0.84672,12.849,0.84672,3695.15,0,18.483,0.140049,2.03956,1.92921,7.99459,1.20468,10.6186,0.42336,0,0,18.483,0.42336,442.007,0,1.02816,0,0,3.06772,2.03956,1.028160,1,0,81.8558,0,0,0,81.8558,0
71.9121,3.02397,0,0,3.39655,0.0892545,0.36288,3.6288,61.308,0.464582,0,0,1.11436,0.252734,0.397044,0.66528,12.849,1,0.539715,0.36288,0,66.6793,4.82034,61.6821,0.84672,12.849,0.84672,3695.15,0,18.483,0.140061,1.99808,1.92927,7.74472,1.21172,10.3203,0.42336,0,0,18.483,0.42336,442.007,0,1.02816,0,0,3.02624,1.99808,1.028160,1,0,72.3994,0,0,0,72.3994,0
72.1486,2.99648,0,0,3.70684,0.110912,0.36288,3.6288,61.308,0.499994,0,0,1.16264,0.219922,0.442726,0.66528,12.849,1,0.535401,0.36288,0,58.4193,4.61622,53.6305,0.84672,12.849,0.84672,3695.15,0,18.483,0.150737,2.1292,1.92934,7.71414,1.07564,10.5463,0.42336,0,0,18.483,0.42336,442.007,0,1.02816,0,0,3.15736,2.1292,1.028160,1,0,64.6196,0,0,0,64.6196,0
72.29,2.99807,0,0,3.62357,0.111111,0.373016,3.6288,61.308,0.500037,0,0,1.10486,0.219922,0.384898,0.66528,12.849,1,0.533929,0.373016,0,54.7362,4.61622,49.9591,0.84672,12.849,0.84672,3695.15,0,18.483,0.15075,2.10415,1.95899,7.71975,1.07564,10.5565,0.42336,0,0,18.483,0.42336,442.007,0,1.02816,0,0,3.13231,2.10415,1.028160,1,0,60.9005,0,0,0,60.9005,0
72.1946,2.99906,0,0,3.35667,0.0901253,0.36288,3.6288,61.308,0.50008,0,0,1.07808,0.236717,0.341284,0.66528,12.849,1,0.53306,0.36288,0,51.1917,4.80672,46.2148,0.84672,12.849,0.84672,3695.15,0,18.483,0.150763,2.07696,1.95905,7.47222,1.22141,10.1361,0.42336,0,0,18.483,0.42336,442.007,0,1.02816,0,0,3.10512,2.07696,1.028160,1,0,56.6922,0,0,0,56.6922,0
71.8492,2.99856,0,0,3.09769,0.081624,0.36288,3.6288,61.308,0.500124,0,0,1.05392,0.243435,0.310366,0.66528,12.849,1,0.533676,0.36288,0,47.8221,4.88292,42.7684,0.84672,12.849,0.84672,3695.15,0,18.483,0.150776,2.10584,1.95912,7.25103,1.27971,9.8855,0.42336,0,0,18.483,0.42336,442.007,0,1.02816,0,0,3.134,2.10584,1.028160,1,0,52.9643,0,0,0,52.9643,0
71.4748,3.06642,0,0,3.13868,0.083835,0.36288,3.6288,61.1501,0.531693,0,0,0.655828,0.282057,0,0.66528,12.849,1,0.548377,0.36288,0,44.077,5.56721,38.3243,0.84672,12.849,0.84672,3695.15,0,18.483,0.160294,1.69125,1.95918,6.29269,1.4592,8.32363,0.42336,0,0,18.483,0.42336,442.007,0,1.02816,0,0,2.71941,1.69125,1.028160,1,0,46.648,0,0,0,46.648,0
70.9693,3.06409,0,0,3.00513,0.083596,0.36288,3.6288,60.978,0.53142,0,0,0.641097,0.281775,0,0.66528,12.849,1,0.55083,0.36288,0,41.2459,5.56721,35.4907,0.84672,12.849,0.84672,3695.15,0,18.483,0.160625,1.74613,2.0064,6.46739,1.4592,8.60008,0.42336,0,0,18.483,0.42336,442.007,0,1.02816,0,0,2.77429,1.74613,1.028160,1,0,44.0908,0,0,0,44.0908,0
70.0827,3.06087,0,0,2.62043,0.0832734,0.36288,3.6288,60.7699,0.531116,0,0,0.604548,0.281469,0,0.66528,12.849,1,0.554171,0.36288,0,39.0777,5.56721,33.3192,0.84672,12.849,0.84672,3695.15,0,18.483,0.160986,1.48847,2.00647,6.17971,1.4592,8.05446,0.42336,0,0,18.483,0.42336,442.007,0,1.02816,0,0,2.51663,1.48847,1.028160,1,0,41.3736,0,0,0,41.3736,0
69.0036,3.05505,0,0,2.41665,0.0778883,0.36288,3.6288,60.5497,0.530738,0,0,0.594159,0.283679,0,0.66528,12.849,1,0.560114,0.36288,0,36.8661,5.64198,31.0269,0.84672,12.849,0.84672,3695.15,0,18.483,0.161422,1.37727,2.00653,6.12347,1.47414,7.87171,0.42336,0,0,18.483,0.42336,442.007,0,1.02816,0,0,2.40543,1.37727,1.028160,1,0,38.8986,0,0,0,38.8986,0
68.0153,3.25131,0,0,2.68586,0.0599646,0.36288,3.6288,60.2355,0.64381,0,0,0.634761,0.305177,0,0.66528,12.849,1,0.60542,0.36288,0,37.4281,5.98025,31.2054,0.84672,12.849,0.84672,3695.15,0,18.483,0.196525,1.68227,2.0066,6.11448,1.5746,8.03222,0.42336,0,0,18.483,0.42336,442.007,0,1.02816,0,0,2.71043,1.68227,1.028160,1,0,39.2376,0,0,0,39.2376,0
67.817,3.24402,0,0,3.46975,0.0611252,0.36288,3.6288,60.0406,0.643074,0,0,0.763372,0.315105,0,0.66528,12.849,1,0.61284,0.36288,0,43.4263,5.9977,37.1786,0.84672,12.849,0.84672,3695.15,0,18.483,0.197325,2.33785,2.16635,6.24512,1.63472,8.91728,0.42336,0,0,18.483,0.42336,442.007,0,1.02816,0,0,3.36601,2.33785,1.028160,1,0,46.0959,0,0,0,46.0959,0
66.9344,3.24263,0,0,2.7839,0.0610301,0.36288,3.6288,59.6836,0.642633,0,0,0.60026,0.314715,0,0.66528,12.849,1,0.614367,0.36288,0,51.0787,5.9977,44.8295,0.84672,12.849,0.84672,3695.15,0,18.483,0.197829,1.67199,2.16642,5.18776,1.63472,7.19362,0.42336,0,0,18.483,0.42336,442.007,0,1.02816,0,0,2.70015,1.67199,1.028160,1,0,52.0232,0,0,0,52.0232,0
66.572,3.23594,0,0,3.29704,0.0606071,0.36288,3.6288,59.6441,0.641777,0,0,0.916273,0.313999,0,0.66528,12.849,1,0.621184,0.36288,0,43.8422,5.9977,37.5862,0.84672,12.849,0.84672,3695.15,0,18.483,0.198748,3.03365,2.1665,7.01542,1.63472,10.3821,0.42336,0,0,18.483,0.42336,442.007,0,1.02816,0,0,4.06181,3.03365,1.028160,1,0,47.9683,0,0,0,47.9683,0
66.002,3.23321,0,0,3.09003,0.0638725,0.36288,3.6288,59.4317,0.641725,0,0,0.7269,0.297555,0,0.66528,12.849,1,0.62404,0.36288,0,51.5175,5.54769,45.7086,0.84672,12.849,0.84672,3695.15,0,18.483,0.198863,2.35697,2.16657,7.59586,1.53829,10.3822,0.42336,0,0,18.483,0.42336,442.007,0,1.02816,0,0,3.38513,2.35697,1.028160,1,0,56.0909,0,0,0,56.0909,0
67.058,3.1303,0,0,4.61709,0.0679149,0.36288,3.6288,59.54,0.572644,0,0,0.961088,0.28014,0,0.66528,12.849,1,0.609393,0.36288,0,54.912,5.06961,49.5959,0.84672,12.849,0.84672,3695.15,0,18.483,0.17809,3.68675,2.16664,10.2359,1.54905,14.3621,0.42336,0,0,18.483,0.42336,442.007,0,1.02816,0,0,4.71491,3.68675,1.028160,1,0,63.9581,0,0,0,63.9581,0
67.8329,3.13846,0,0,4.34467,0.0684863,0.36288,3.6288,59.6681,0.572937,0,0,0.98134,0.280334,0,0.66528,12.849,1,0.60136,0.36288,0,72.9252,5.06961,67.6171,0.84672,12.849,0.84672,3695.15,0,18.483,0.177857,4.44387,2.07519,9.51886,1.54905,14.311,0.42336,0,0,18.483,0.42336,442.007,0,1.02816,0,0,5.47203,4.44387,1.028160,1,0,81.9282,0,0,0,81.9282,0
66.8371,3.14434,0,0,2.58037,0.0689056,0.36288,3.6288,59.4847,0.573274,0,0,0.670533,0.280564,0,0.66528,12.849,1,0.595605,0.36288,0,50.6987,5.06961,45.3963,0.84672,12.849,0.84672,3695.15,0,18.483,0.17758,2.18149,2.07526,6.18763,1.54905,8.71775,0.42336,0,0,18.483,0.42336,442.007,0,1.02816,0,0,3.20965,2.18149,1.028160,1,0,54.1141,0,0,0,54.1141,0
66.7906,3.137,0,0,3.56325,0.109913,0.36288,3.6288,59.5514,0.572902,0,0,0.920004,0.280472,0,0.66528,12.849,1,0.603068,0.36288,0,53.3595,4.7949,48.3244,0.84672,12.849,0.84672,3695.15,0,18.483,0.178011,2.67552,2.07533,8.30533,1.49776,11.3804,0.42336,0,0,18.483,0.42336,442.007,0,1.02816,0,0,3.70368,2.67552,1.028160,1,0,59.7048,0,0,0,59.7048,0
67.8619,3.05572,0,0,4.71432,0.224426,0.36288,3.6288,60.0174,0.510631,0,0,1.2332,0.256509,0,0.66528,12.849,1,0.587852,0.36288,0,65.8432,4.85153,60.7667,0.84672,12.849,0.84672,3695.15,0,18.483,0.158485,3.33755,2.0754,8.8109,1.15949,12.9059,0.42336,0,0,18.483,0.42336,442.007,0,1.02816,0,0,4.36571,3.33755,1.028160,1,0,73.6726,0,0,0,73.6726,0
66.799,3.06363,0,0,2.59706,0.233491,0.36288,3.6288,60.3182,0.511615,0,0,1.0624,0.250002,0,0.66528,12.849,1,0.580069,0.36288,0,54.2826,4.92513,49.1403,0.84672,12.849,0.84672,3695.15,0,18.483,0.157557,1.96079,1.99412,6.052,1.12273,8.72663,0.42336,0,0,18.483,0.42336,442.007,0,1.02816,0,0,2.98895,1.96079,1.028160,1,0,57.8669,0,0,0,57.8669,0
70.8618,3.05599,0,0,7.69299,0.211274,0.36288,3.6288,61.3051,0.51226,0,0,1.74174,0.242588,0,0.66528,12.849,1,0.58783,0.36288,0,70.9829,4.73313,66.0248,0.84672,12.849,0.84672,3695.15,0,18.483,0.156969,3.62404,1.99419,14.0846,1.16565,18.3802,0.42336,0,0,18.483,0.42336,442.007,0,1.02816,0,0,4.6522,3.62404,1.028160,1,0,84.405,0,0,0,84.405,0
72.29,3.08462,0,0,12.3218,0.239781,7.56924,3.6288,61.308,0.514246,0,0,2.53632,0.19822,1.82096,0.66528,12.849,1,0.559319,7.56924,0,155.334,3.74772,158.596,0.84672,12.849,0.84672,3695.15,0,18.483,0.155041,5.3666,1.99426,27.3721,0.9825,33.5954,0.42336,0,0,18.483,0.42336,442.007,0,1.02816,0,0,6.39476,5.3666,1.028160,1,0,194.013,0,0,0,194.013,0
72.29,2.86109,0,0,5.98822,0.276015,2.85112,3.6288,61.308,0.383284,0,0,1.2495,0.216588,0.64963,0.66528,12.849,1,0.508537,2.85112,0,59.2122,4.05389,57.5009,0.84672,12.849,0.84672,3695.15,0,18.483,0.115552,2.24882,1.99432,12.7229,1.05914,15.7914,0.42336,0,0,18.483,0.42336,442.007,0,1.02816,0,0,3.27698,2.24882,1.028160,1,0,73.9419,0,0,0,73.9419,0
72.29,2.86119,0,0,4.45979,0.296495,1.30211,3.6288,61.308,0.383323,0,0,0.898962,0.235353,0.280286,0.66528,12.849,1,0.508554,1.30211,0,54.0091,4.38869,50.4139,0.84672,12.849,0.84672,3695.15,0,18.483,0.115563,1.46157,1.81122,11.1588,1.14354,13.1725,0.42336,0,0,18.483,0.42336,442.007,0,1.02816,0,0,2.48973,1.46157,1.028160,1,0,63.8667,0,0,0,63.8667,0
72.29,2.86128,0,0,10.4526,0.296495,7.29481,3.6288,61.308,0.383363,0,0,2.49105,0.235353,1.87233,0.66528,12.849,1,0.508571,7.29481,0,114.434,4.38869,116.832,0.84672,12.849,0.84672,3695.15,0,18.483,0.115575,5.296,1.81129,15.5959,1.14354,21.4441,0.42336,0,0,18.483,0.42336,442.007,0,1.02816,0,0,6.32416,5.296,1.028160,1,0,140.148,0,0,0,140.148,0
72.29,2.86138,0,0,8.94642,0.28537,5.79967,3.6288,61.308,0.383402,0,0,0.85981,0.230907,0.245501,0.66528,12.849,1,0.508588,5.79967,0,67.9895,4.16098,69.1196,0.84672,12.849,0.84672,3695.15,0,18.483,0.115587,1.95273,1.81135,11.2952,1.1058,13.8378,0.42336,0,0,18.483,0.42336,442.007,0,1.02816,0,0,2.98089,1.95273,1.028160,1,0,83.2029,0,0,0,83.2029,0
72.29,2.86147,0,0,7.05527,0.270341,3.92345,3.6288,61.308,0.383442,0,0,1.44257,0.227101,0.832026,0.66528,12.849,1,0.508605,3.92345,0,59.5943,4.02381,58.9854,0.84672,12.849,0.84672,3695.15,0,18.483,0.115599,2.26416,1.81141,9.82359,1.08511,12.6985,0.42336,0,0,18.483,0.42336,442.007,0,1.02816,0,0,3.29232,2.26416,1.028160,1,0,72.5158,0,0,0,72.5158,0
72.29,2.9512,0,0,4.95627,0.269166,1.7359,3.6288,61.308,0.42142,0,0,1.40459,0.239836,0.743332,0.66528,12.849,1,0.524554,1.7359,0,106.177,5.02236,102.366,0.84672,12.849,0.84672,3695.15,0,18.483,0.127049,2.06287,1.81147,9.53277,1.2629,12.0172,0.42336,0,0,18.483,0.42336,442.007,0,1.02816,0,0,3.09103,2.06287,1.028160,1,0,115.126,0,0,0,115.126,0
72.29,2.95128,0,0,3.72796,0.270591,0.506091,3.6288,61.308,0.42145,0,0,1.13456,0.238081,0.47503,0.66528,12.849,1,0.524567,0.506091,0,92.2864,4.92645,87.3415,0.84672,12.849,0.84672,3695.15,0,18.483,0.127058,1.50337,1.86946,6.93517,1.23708,8.94387,0.42336,0,0,18.483,0.42336,442.007,0,1.02816,0,0,2.53153,1.50337,1.028160,1,0,96.7604,0,0,0,96.7604,0
72.29,2.95135,0,0,3.63696,0.272738,0.412873,3.6288,61.308,0.421481,0,0,0.991224,0.202983,0.36676,0.66528,12.849,1,0.524581,0.412873,0,74.9494,4.11712,70.7206,0.84672,12.849,0.84672,3695.15,0,18.483,0.127067,1.14483,1.86951,5.15621,1.07,6.97347,0.42336,0,0,18.483,0.42336,442.007,0,1.02816,0,0,2.17299,1.14483,1.028160,1,0,78.0608,0,0,0,78.0608,0
71.4857,2.95143,0,0,2.7912,0.281179,0.36288,3.6288,61.308,0.421512,0,0,1.18696,0.172141,0.59331,0.66528,12.849,1,0.524594,0.36288,0,63.5992,3.75564,59.6819,0.84672,12.849,0.84672,3695.15,0,18.483,0.127077,1.28462,1.86956,5.15665,1.11751,7.06624,0.42336,0,0,18.483,0.42336,442.007,0,1.02816,0,0,2.31278,1.28462,1.028160,1,0,67.3414,0,0,0,67.3414,0
70.9914,3.2339,0,0,3.34409,0.241597,0.36288,3.6288,61.308,0.563994,0,0,1.1971,0.187851,0.445254,0.66528,12.849,1,0.581268,0.36288,0,68.2865,3.52131,64.5468,0.84672,12.849,0.84672,3695.15,0,18.483,0.170032,0.946495,1.8696,6.74607,0.958971,8.43316,0.42336,0,0,18.483,0.42336,442.007,0,1.02816,0,0,1.97465,0.946495,1.028160,1,0,73.4252,0,0,0,73.4252,0
69.9516,3.23055,0,0,2.81932,0.265724,0.36288,3.6288,61.308,0.564028,0,0,0.95421,0.185958,0.204224,0.66528,12.849,1,0.584709,0.36288,0,51.1174,3.97944,46.9161,0.84672,12.849,0.84672,3695.15,0,18.483,0.170042,0.651836,2.07643,5.79124,1.02088,7.32857,0.42336,0,0,18.483,0.42336,442.007,0,1.02816,0,0,1.68,0.651836,1.028160,1,0,54.4489,0,0,0,54.4489,0
69.5926,3.22329,0,0,3.49383,0.266652,0.36288,3.6288,61.308,0.564063,0,0,1.11253,0.186329,0.362137,0.66528,12.849,1,0.592067,0.36288,0,74.7069,4.04565,70.432,0.84672,12.849,0.84672,3695.15,0,18.483,0.170052,0.973287,2.07648,6.59724,1.04746,8.42949,0.42336,0,0,18.483,0.42336,442.007,0,1.02816,0,0,2.00145,0.973287,1.028160,1,0,79.2237,0,0,0,79.2237,0
69.6658,3.22079,0,0,3.92274,0.265912,0.36288,3.6288,61.308,0.564097,0,0,1.10162,0.186329,0.351191,0.66528,12.849,1,0.594661,0.36288,0,88.8002,4.04565,84.5228,0.84672,12.849,0.84672,3695.15,0,18.483,0.170063,1.12688,2.07653,7.20369,1.04746,9.18957,0.42336,0,0,18.483,0.42336,442.007,0,1.02816,0,0,2.15504,1.12688,1.028160,1,0,94.0635,0,0,0,94.0635,0
68.6163,2.81307,0,0,2.42084,0.294381,0.36288,3.6288,61.308,0.567174,0,0,0.866091,0.170542,0.128376,0.66528,12.849,1,0.518836,0.36288,0,42.1849,3.48107,38.5479,0.84672,12.849,0.84672,3695.15,0,18.483,0.17099,0.608429,2.07658,4.96029,0.994917,6.4794,0.42336,0,0,18.483,0.42336,442.007,0,0.775371,0,0,1.3838,0.608429,1.028160,1,0,45.1556,0,0,0,45.1556,0
68.464,2.80646,0,0,3.29524,0.278182,0.36288,3.6288,61.308,0.372971,0,0,1.13696,0.179945,0.584048,0.66528,12.849,1,0.525534,0.36288,0,72.563,4.14746,68.2529,0.84672,12.849,0.84672,3695.15,0,18.483,0.112442,0.608481,1.79376,8.19627,1.10806,9.378,0.42336,0,0,18.483,0.42336,442.007,0,1.02816,0,0,1.63664,0.608481,1.028160,1,0,78.215,0,0,0,78.215,0
67.4769,2.80554,0,0,2.4574,0.276036,0.36288,3.6288,61.308,0.608565,0,0,0.893946,0.177401,0.107981,0.66528,12.849,1,0.526531,0.36288,0,47.3267,4.17386,42.9892,0.84672,12.849,0.84672,3695.15,0,18.483,0.183469,0.608429,1.7938,5.52409,1.09216,6.65069,0.42336,0,0,18.483,0.42336,442.007,0,0.721578,0,0,1.33001,0.608429,1.028160,1,0,49.7479,0,0,0,49.7479,0
67.1379,2.79915,0,0,3.09689,0.273907,0.36288,3.6288,61.308,0.408155,0,0,0.991449,0.177401,0.405893,0.66528,12.849,1,0.533015,0.36288,0,68.555,4.17386,64.211,0.84672,12.849,0.84672,3695.15,0,18.483,0.12305,0.558835,1.79385,5.29653,1.09216,6.434,0.42336,0,0,18.483,0.42336,442.007,0,0.982446,0,0,1.54128,0.558835,1.028160,1,0,71.0509,0,0,0,71.0509,0
67.0986,2.79696,0,0,3.39745,0.27693,0.36288,3.6288,61.308,0.379539,0,0,1.03081,0.177641,0.473633,0.66528,12.849,1,0.535288,0.36288,0,61.2328,3.94459,57.1158,0.84672,12.849,0.84672,3695.15,0,18.483,0.114422,0.558835,1.79389,6.32244,1.07251,7.48824,0.42336,0,0,18.483,0.42336,442.007,0,1.01973,0,0,1.57856,0.558835,1.028160,1,0,65.0777,0,0,0,65.0777,0
66.8955,2.89895,0,0,3.34494,0.286226,0.36288,3.6288,61.308,0.419867,0,0,0.940438,0.178242,0.342329,0.66528,12.849,1,0.555133,0.36288,0,82.2658,3.37145,78.7021,0.84672,12.849,0.84672,3695.15,0,18.483,0.126581,0.967697,1.79394,6.66662,1.02339,8.27829,0.42336,0,0,18.483,0.42336,442.007,0,1.02816,0,0,1.99586,0.967697,1.028160,1,0,87.3227,0,0,0,87.3227,0
66.3525,2.89761,0,0,3.00331,0.285766,0.36288,3.6288,61.308,0.419898,0,0,1.22731,0.178242,0.629172,0.66528,12.849,1,0.556561,0.36288,0,72.8879,3.37145,69.3228,0.84672,12.849,0.84672,3695.15,0,18.483,0.12659,1.00458,1.86384,7.43291,1.02339,9.15134,0.42336,0,0,18.483,0.42336,442.007,0,1.02816,0,0,2.03274,1.00458,1.028160,1,0,79.1033,0,0,0,79.1033,0
65.8169,2.89387,0,0,3.00567,0.284539,0.36288,3.6288,61.308,0.419929,0,0,1.16092,0.178242,0.562752,0.66528,12.849,1,0.560391,0.36288,0,80.3235,3.37145,76.7545,0.84672,12.849,0.84672,3695.15,0,18.483,0.126599,1.22832,1.86389,7.58144,1.02339,9.52366,0.42336,0,0,18.483,0.42336,442.007,0,1.02816,0,0,2.25648,1.22832,1.028160,1,0,86.8409,0,0,0,86.8409,0
64.9928,2.89013,0,0,2.69483,0.265941,0.36288,3.6288,61.308,0.441674,0,0,0.73853,0.197976,0.0988791,0.66528,12.849,1,0.564221,0.36288,0,62.5228,3.62626,58.6952,0.84672,12.849,0.84672,3695.15,0,18.483,0.133155,0.528595,1.86393,4.53203,1.09468,5.69673,0.42336,0,0,18.483,0.42336,442.007,0,0.999899,0,0,1.52849,0.528595,1.028160,1,0,64.4908,0,0,0,64.4908,0
63.6933,2.84448,0,0,2.13207,0.224189,0.36288,3.6288,61.308,0.40182,0,0,1.0012,0.201433,0.39795,0.66528,12.849,1,0.56235,0.36288,0,54.2171,4.12325,49.8944,0.84672,12.849,0.84672,3695.15,0,18.483,0.12114,0.960984,1.86398,7.09709,1.15014,8.65077,0.42336,0,0,18.483,0.42336,442.007,0,1.02816,0,0,1.98914,0.960984,1.028160,1,0,58.9431,0,0,0,58.9431,0
62.7587,2.835,0,0,2.48517,0.221849,0.36288,3.6288,61.308,0.401851,0,0,1.06905,0.201433,0.465769,0.66528,12.849,1,0.571912,0.36288,0,55.9871,4.12325,51.6548,0.84672,12.849,0.84672,3695.15,0,18.483,0.121149,0.957355,1.83683,6.08536,1.15014,7.60826,0.42336,0,0,18.483,0.42336,442.007,0,1.02816,0,0,1.98552,0.957355,1.028160,1,0,59.7289,0,0,0,59.7289,0
62.1524,2.828,0,0,2.78351,0.198984,0.36288,3.6288,61.308,0.401881,0,0,1.09992,0.206789,0.491246,0.66528,12.849,1,0.578996,0.36288,0,67.2404,4.28578,62.7385,0.84672,12.849,0.84672,3695.15,0,18.483,0.121158,1.04636,1.83688,5.86645,1.12005,7.50848,0.42336,0,0,18.483,0.42336,442.007,0,1.02816,0,0,2.07452,1.04636,1.028160,1,0,70.7382,0,0,0,70.7382,0
60.7019,2.82339,0,0,1.90568,0.169894,0.36288,3.6288,61.308,0.401911,0,0,0.955774,0.213929,0.339934,0.66528,12.849,1,0.583691,0.36288,0,49.4653,4.50251,44.742,0.84672,12.849,0.84672,3695.15,0,18.483,0.121167,0.751974,1.83693,5.27047,1.07993,6.65827,0.42336,0,0,18.483,0.42336,442.007,0,1.02816,0,0,1.78013,0.751974,1.028160,1,0,51.7402,0,0,0,51.7402,0
59.0476,2.94535,0,0,1.82908,0.175187,0.36288,3.6288,61.308,0.466384,0,0,1.01275,0.22199,0.324381,0.66528,12.849,1,0.623453,0.36288,0,44.6094,4.7467,39.6021,0.84672,12.849,0.84672,3695.15,0,18.483,0.140604,0.830701,1.83697,5.24108,1.04593,6.72222,0.42336,0,0,18.483,0.42336,442.007,0,1.02816,0,0,1.85886,0.830701,1.028160,1,0,46.6487,0,0,0,46.6487,0
57.4608,2.93108,0,0,1.87749,0.170245,0.36288,3.6288,61.308,0.466416,0,0,0.880632,0.215856,0.19836,0.66528,12.849,1,0.637814,0.36288,0,44.1879,4.57195,39.341,0.84672,12.849,0.84672,3695.15,0,18.483,0.140614,0.794042,1.93211,5.13937,1.02877,6.69613,0.42336,0,0,18.483,0.42336,442.007,0,1.02816,0,0,1.8222,0.794042,1.028160,1,0,46.2355,0,0,0,46.2355,0
55.701,2.91676,0,0,1.6464,0.12663,0.36288,3.6288,61.308,0.466448,0,0,0.821388,0.216093,0.138847,0.66528,12.849,1,0.652225,0.36288,0,37.6692,4.58797,32.7919,0.84672,12.849,0.84672,3695.15,0,18.483,0.140624,0.805136,1.93216,4.77128,0.982364,6.38559,0.42336,0,0,18.483,0.42336,442.007,0,1.02816,0,0,1.8333,0.805136,1.028160,1,0,39.3163,0,0,0,39.3163,0
53.94,2.90008,0,0,1.62645,0.124446,0.36288,3.6288,61.308,0.46648,0,0,0.885764,0.216093,0.203192,0.66528,12.849,1,0.668986,0.36288,0,36.5464,4.58797,31.6523,0.84672,12.849,0.84672,3695.15,0,18.483,0.140633,0.771578,1.93221,5.1698,0.982364,6.75059,0.42336,0,0,18.483,0.42336,442.007,0,1.02816,0,0,1.79974,0.771578,1.028160,1,0,38.6061,0,0,0,38.6061,0
52.1428,2.83574,0,0,1.51445,0.11307,0.36288,3.6288,61.308,0.446122,0,0,0.752102,0.2121,0.0938794,0.66528,12.849,1,0.6755,0.36288,0,32.6118,4.77068,27.5285,0.84672,12.849,0.84672,3695.15,0,18.483,0.134496,0.613526,1.93226,4.09656,1.0331,5.47474,0.42336,0,0,18.483,0.42336,442.007,0,1.02816,0,0,1.64169,0.613526,1.028160,1,0,33.0971,0,0,0,33.0971,0
50.304,2.79191,0,0,1.40443,0.0884495,0.36288,3.6288,61.1491,0.481002,0,0,0.524224,0.202119,0,0.66528,12.849,1,0.68798,0.36288,0,27.2717,5.22742,21.7192,0.84672,12.849,0.84672,3695.15,0,18.483,0.145011,0.341133,1.90095,2.82284,1.15995,3.75997,0.42336,0,0,18.483,0.42336,442.007,0,1.02816,0,0,1.36929,0.341133,1.028160,1,0,25.4792,0,0,0,25.4792,0
48.3207,2.81767,0,0,1.28405,0.0867678,0.36288,3.6288,60.9571,0.501697,0,0,0.511642,0.201916,0,0.66528,12.849,1,0.719708,0.36288,0,26.8867,5.22742,21.3025,0.84672,12.849,0.84672,3695.15,0,18.483,0.151644,0.366276,1.93014,2.78815,1.15995,3.77297,0.42336,0,0,18.483,0.42336,442.007,0,1.02816,0,0,1.39444,0.366276,1.028160,1,0,25.0754,0,0,0,25.0754,0
46.2974,2.74906,0,0,1.17354,0.0849433,0.36288,3.6288,60.6785,0.555428,0,0,0.478464,0.201671,0,0.66528,12.849,1,0.731004,0.36288,0,25.2893,5.22742,19.6937,0.84672,12.849,0.84672,3695.15,0,18.483,0.168413,0.261274,1.96203,2.65313,1.15995,3.54807,0.42336,0,0,18.483,0.42336,442.007,0,0.930416,0,0,1.19169,0.261274,1.028160,1,0,23.2418,0,0,0,23.2418,0
44.2214,2.72412,0,0,1.07908,0.0680815,0.36288,3.6288,60.3326,0.554259,0,0,0.453408,0.245016,0,0.66528,12.849,1,0.75603,0.36288,0,22.6426,5.79203,16.4574,0.84672,12.849,0.84672,3695.15,0,18.483,0.16883,0.261274,1.93024,2.52617,1.36604,3.18282,0.42336,0,0,18.483,0.42336,442.007,0,0.931211,0,0,1.19248,0.261274,1.028160,1,0,19.6402,0,0,0,19.6402,0
42.2082,2.7141,0,0,1.13072,0.0669451,0.36288,3.6288,59.8896,0.567309,0,0,0.389289,0.264964,0,0.66528,12.849,1,0.788612,0.36288,0,19.6408,5.60339,13.6117,0.84672,12.849,0.84672,3695.15,0,18.483,0.173796,0.261274,1.93029,2.31542,1.45286,2.88033,0.42336,0,0,18.483,0.42336,442.007,0,0.925707,0,0,1.18698,0.261274,1.028160,1,0,16.492,0,0,0,16.492,0
40.092,2.68534,0,0,0.999285,0.0672709,0.36288,3.6288,59.3399,0.651549,0,0,0.364011,0.262187,0,0.66528,12.849,1,0.817469,0.36288,0,18.5157,5.50137,12.5597,0.84672,12.849,0.84672,3695.15,0,18.483,0.20108,0.261274,1.94419,2.16562,1.44157,2.72844,0.42336,0,0,18.483,0.42336,442.007,0,0.814225,0,0,1.0755,0.261274,1.028160,1,0,15.2882,0,0,0,15.2882,0
37.9209,2.65273,0,0,0.90301,0.0584268,0.36288,3.6288,58.7593,0.674609,0,0,0.360416,0.266383,0,0.66528,12.849,1,0.850167,0.36288,0,17.5516,5.65092,11.4133,0.84672,12.849,0.84672,3695.15,0,18.483,0.210125,0.261274,1.94424,2.16082,1.47145,2.68476,0.42336,0,0,18.483,0.42336,442.007,0,0.782162,0,0,1.04344,0.261274,1.028160,1,0,14.0981,0,0,0,14.0981,0
35.758,2.48479,0,0,0.741563,0.0568328,0.36288,3.6288,58.2587,0.594643,0,0,0.35265,0.258689,0,0.66528,12.849,1,0.841939,0.36288,0,16.5116,5.68109,10.3515,0.84672,12.849,0.84672,3695.15,0,18.483,0.187047,0.227405,1.94429,2.0676,1.36787,2.68437,0.42336,0,0,18.483,0.42336,442.007,0,0.801377,0,0,1.02878,0.227405,1.028160,1,0,13.0359,0,0,0,13.0359,0
33.3759,2.61084,0,0,0.645729,0.0540943,0.36288,3.6288,57.5594,0.726139,0,0,0.301399,0.274543,0,0.66528,12.849,1,0.93816,0.36288,0,14.8019,5.6683,8.55829,0.84672,12.849,0.84672,3695.15,0,18.483,0.230373,0.227405,1.84651,1.9481,1.40282,2.38882,0.42336,0,0,18.483,0.42336,442.007,0,0.762895,0,0,0.9903,0.227405,1.028160,1,0,10.9471,0,0,0,10.9471,0
30.9764,2.56256,0,0,0.573108,0.0472073,0.36288,3.6288,56.7531,0.765052,0,0,0.258523,0.29974,0,0.66528,12.849,1,0.98653,0.36288,0,12.4574,5.72765,6.10612,0.84672,12.849,0.84672,3695.15,0,18.483,0.245667,0.227405,1.9935,1.79667,1.48903,2.28287,0.42336,0,0,18.483,0.42336,442.007,0,0.708731,0,0,0.936135,0.227405,1.028160,1,0,8.38899,0,0,0,8.38899,0
28.745,2.50861,0,0,0.685956,0.0458033,0.36288,3.6288,56.031,0.70171,0,0,0.277724,0.298175,0,0.66528,12.849,1,1.04057,0.36288,0,12.8926,5.72765,6.48727,0.84672,12.849,0.84672,3695.15,0,18.483,0.228529,0.227405,1.99355,1.97073,1.48903,2.47412,0.42336,0,0,18.483,0.42336,442.007,0,0.789255,0,0,1.01666,0.227405,1.028160,1,0,8.96139,0,0,0,8.96139,0
27.0415,2.45285,0,0,1.1729,0.06067,0.36288,3.6288,55.5398,0.556246,0,0,0.35671,0.291589,0,0.66528,12.849,1,1.09642,0.36288,0,21.4259,5.57922,15.1131,0.84672,12.849,0.84672,3695.15,0,18.483,0.18349,0.204422,1.9936,2.18144,1.47083,2.72514,0.42336,0,0,18.483,0.42336,442.007,0,0.979802,0,0,1.18422,0.204422,1.028160,1,0,17.8383,0,0,0,17.8383,0
25.3516,2.40609,0,0,1.13051,0.0514869,0.36288,3.6288,55.0247,0.602113,0,0,0.370693,0.283727,0,0.66528,12.849,1,1.14327,0.36288,0,25.3322,5.8193,18.7325,0.84672,12.849,0.84672,3695.15,0,18.483,0.200376,0.204422,1.99365,1.86796,1.44713,2.41852,0.42336,0,0,18.483,0.42336,442.007,0,0.917093,0,0,1.12152,0.204422,1.028160,1,0,21.1511,0,0,0,21.1511,0
23.7991,2.2837,0,0,1.12458,0.0304341,0.36288,3.6288,54.7141,0.455666,0,0,0.436512,0.291395,0,0.66528,12.849,1,1.15745,0.36288,0,15.6043,6.01199,8.79771,0.84672,12.849,0.84672,3695.15,0,18.483,0.15306,0.414305,1.9937,1.82814,1.3703,2.71278,0.42336,0,0,18.483,0.42336,442.007,0,1.02816,0,0,1.44247,0.414305,1.028160,1,0,11.5105,0,0,0,11.5105,0
22.0205,2.23473,0,0,0.848742,0.0297592,0.36288,3.6288,54.3132,0.455048,0,0,0.344904,0.2908,0,0.66528,12.849,1,1.20651,0.36288,0,23.0798,6.01199,16.2242,0.84672,12.849,0.84672,3695.15,0,18.483,0.15372,0.354568,1.90953,1.4186,1.3703,2.15868,0.42336,0,0,18.483,0.42336,442.007,0,1.02816,0,0,1.38273,0.354568,1.028160,1,0,18.3828,0,0,0,18.3828,0
20.0213,2.17324,0,0,0.565977,0.0290393,0.36288,3.6288,53.5493,0.736303,0,0,0.262462,0.290031,0,0.66528,12.849,1,1.26809,0.36288,0,14.4782,6.01199,7.56103,0.84672,12.849,0.84672,3695.15,0,18.483,0.250567,0.216518,1.90958,0.957398,1.3703,1.46263,0.42336,0,0,18.483,0.42336,442.007,0,0.6501,0,0,0.866618,0.216518,1.028160,1,0,9.02366,0,0,0,9.02366,0
18.6108,2.09617,0,0,1.11077,0.0622528,0.36288,3.6288,53.1966,0.452624,0,0,0.391285,0.291386,0,0.66528,12.849,1,1.34525,0.36288,0,16.9429,5.64303,10.3175,0.84672,12.849,0.84672,3695.15,0,18.483,0.156227,0.26949,1.90963,1.49907,1.29487,2.22709,0.42336,0,0,18.483,0.42336,442.007,0,1.02816,0,0,1.29765,0.26949,1.028160,1,0,12.5446,0,0,0,12.5446,0
17.5922,1.98331,0,0,1.42845,0.100884,0.36288,3.6288,53.0902,0.395988,0,0,0.54419,0.254594,0,0.66528,12.849,1,1.36929,0.36288,0,18.5103,4.04037,13.4636,0.84672,12.849,0.84672,3695.15,0,18.483,0.137585,1.0451,1.90968,2.544,0.978425,4.38276,0.42336,0,0,18.483,0.42336,442.007,0,1.02816,0,0,2.07326,1.0451,1.028160,1,0,17.8463,0,0,0,17.8463,0
17.0468,1.93754,0,0,1.85751,0.102455,0.36288,3.6288,53.0301,0.395813,0,0,0.569387,0.233637,0,0.66528,12.849,1,1.41514,0.36288,0,41.6999,3.51561,37.132,0.84672,12.849,0.84672,3695.15,0,18.483,0.1378,0.707348,1.83487,2.29344,0.889252,3.80861,0.42336,0,0,18.483,0.42336,442.007,0,1.02816,0,0,1.73551,0.707348,1.028160,1,0,40.9407,0,0,0,40.9407,0
18.3645,1.91178,0,0,3.69398,0.101652,0.36288,3.6288,53.459,0.395726,0,0,1.05811,0.233525,0,0.66528,12.849,1,1.441,0.36288,0,61.4994,3.51561,56.9057,0.84672,12.849,0.84672,3695.15,0,18.483,0.137926,1.71064,1.83492,4.69036,0.889252,7.20875,0.42336,0,0,18.483,0.42336,442.007,0,1.02816,0,0,2.7388,1.71064,1.028160,1,0,64.1145,0,0,0,64.1145,0
18.6862,1.97266,0,0,2.76083,0.103592,0.36288,3.6288,53.941,0.396578,0,0,1.11294,0.234326,0,0.66528,12.849,1,1.3802,0.36288,0,43.1917,3.51561,38.6588,0.84672,12.849,0.84672,3695.15,0,18.483,0.137114,1.98446,1.83497,3.65808,0.889252,6.45114,0.42336,0,0,18.483,0.42336,442.007,0,1.02816,0,0,3.01262,1.98446,1.028160,1,0,45.1099,0,0,0,45.1099,0
19.6237,1.61532,0,0,3.0496,0.133841,0.36288,3.6288,53.8342,0.559503,0,0,0.694096,0.241389,0,0.66528,12.849,1,1.11073,0.36288,0,44.5563,4.10545,39.703,0.84672,12.849,0.84672,3695.15,0,18.483,0.191715,0.999268,1.83501,4.6954,1.03937,6.2986,0.42336,0,0,18.483,0.42336,442.007,0,1.02816,0,0,2.02743,0.999268,1.028160,1,0,46.0016,0,0,0,46.0016,0
23.11,1.87368,0,0,5.88474,0.161882,0.36288,3.6288,54.2001,0.280556,0,0,0.888206,0.241808,0,0.66528,12.849,1,1.22683,0.36288,0,48.1975,4.75661,42.5769,0.84672,12.849,0.84672,3695.15,0,18.483,0.0963239,1.42943,1.88561,4.92763,1.20793,6.93842,0.42336,0,0,18.483,0.42336,442.007,0,1.02816,0,0,2.45759,1.42943,1.028160,1,0,49.5153,0,0,0,49.5153,0
24.4467,1.99267,0,0,3.86195,0.169761,0.36288,3.6288,54.2653,0.281068,0,0,0.58873,0.242395,0,0.66528,12.849,1,1.10791,0.36288,0,36.2977,4.75661,30.796,0.84672,12.849,0.84672,3695.15,0,18.483,0.0958481,0.793083,1.66657,5.2158,1.20793,6.37167,0.42336,0,0,18.483,0.42336,442.007,0,1.02816,0,0,1.82124,0.793083,1.028160,1,0,37.1677,0,0,0,37.1677,0
25.0378,2.03243,0,0,3.14829,0.161819,0.36288,3.6288,54.0773,0.437313,0,0,0.43436,0.185096,0,0.66528,12.849,1,1.06823,0.36288,0,29.2975,3.66303,24.9291,0.84672,12.849,0.84672,3695.15,0,18.483,0.148951,0.412474,1.66661,3.17987,0.893437,4.21656,0.42336,0,0,18.483,0.42336,442.007,0,0.818847,0,0,1.23132,0.412474,1.028160,1,0,29.1456,0,0,0,29.1456,0
24.8772,2.04915,0,0,2.41462,0.163203,0.36288,3.6288,53.9184,0.560657,0,0,0.586651,0.184866,0,0.66528,12.849,1,1.05159,0.36288,0,28.0631,3.66303,23.7113,0.84672,12.849,0.84672,3695.15,0,18.483,0.191626,0.412474,1.66665,3.09494,0.893437,4.08901,0.42336,0,0,18.483,0.42336,442.007,0,0.652864,0,0,1.06534,0.412474,1.028160,1,0,27.8003,0,0,0,27.8003,0
28.8088,2.10877,0,0,6.56886,0.165622,0.36288,3.6288,55.0974,0.314607,0,0,1.70037,0.206825,0,0.66528,12.849,1,1.08918,0.36288,0,138.427,4.84533,132.855,0.84672,12.849,0.84672,3695.15,0,18.483,0.107846,4.8436,1.6667,12.6072,1.33745,17.6722,0.42336,0,0,18.483,0.42336,442.007,0,1.02816,0,0,5.87176,4.8436,1.028160,1,0,150.527,0,0,0,150.527,0
32.2695,2.21161,0,0,6.21014,0.174988,0.36288,3.6288,56.163,0.316353,0,0,1.59045,0.208442,0,0.66528,12.849,1,0.986398,0.36288,0,141.787,4.84533,136.318,0.84672,12.849,0.84672,3695.15,0,18.483,0.106124,3.41415,1.72004,12.1706,1.33745,15.8612,0.42336,0,0,18.483,0.42336,442.007,0,1.02816,0,0,4.44231,3.41415,1.028160,1,0,152.179,0,0,0,152.179,0
35.1904,2.2873,0,0,5.75428,0.183132,0.36288,3.6288,56.9522,0.317887,0,0,1.31698,0.209904,0,0.66528,12.849,1,0.910755,0.36288,0,117.739,4.84533,112.346,0.84672,12.849,0.84672,3695.15,0,18.483,0.104615,3.40155,1.72007,9.97237,1.33745,13.6519,0.42336,0,0,18.483,0.42336,442.007,0,1.02816,0,0,4.42971,3.40155,1.028160,1,0,125.998,0,0,0,125.998,0
38.5937,2.34272,0,0,6.2964,0.187525,0.36288,3.6288,58.2264,0.319,0,0,1.80818,0.215018,0,0.66528,12.849,1,0.855393,0.36288,0,128.758,4.80173,123.464,0.84672,12.849,0.84672,3695.15,0,18.483,0.103527,5.45491,1.7201,14.305,1.33397,20.0425,0.42336,0,0,18.483,0.42336,442.007,0,1.02816,0,0,6.48307,5.45491,1.028160,1,0,143.507,0,0,0,143.507,0
40.0054,2.63338,0,0,4.61525,0.207315,0.36288,3.6288,59.3238,0.450213,0,0,1.73234,0.184703,0,0.66528,12.849,1,0.876731,0.36288,0,101.653,3.81998,97.3192,0.84672,12.849,0.84672,3695.15,0,18.483,0.142913,3.61407,1.72013,10.4085,1.04751,14.5523,0.42336,0,0,18.483,0.42336,442.007,0,1.02816,0,0,4.64223,3.61407,1.028160,1,0,111.872,0,0,0,111.872,0
40.2814,2.65684,0,0,3.52677,0.230977,0.36288,3.6288,60.3995,0.45225,0,0,1.6713,0.143342,0,0.66528,12.849,1,0.85333,0.36288,0,100.664,3.27988,96.8934,0.84672,12.849,0.84672,3695.15,0,18.483,0.140904,3.31125,1.9104,12.5859,0.848334,16.8183,0.42336,0,0,18.483,0.42336,442.007,0,1.02816,0,0,4.33941,3.31125,1.028160,1,0,113.712,0,0,0,113.712,0
40.8135,2.66132,0,0,3.78797,0.231739,0.36288,3.6288,61.1859,0.454193,0,0,1.38497,0.14433,0,0.66528,12.849,1,0.84891,0.36288,0,78.3225,3.27988,74.5565,0.84672,12.849,0.84672,3695.15,0,18.483,0.138989,2.27176,1.91043,12.2469,0.848334,15.4417,0.42336,0,0,18.483,0.42336,442.007,0,1.02816,0,0,3.29992,2.27176,1.028160,1,0,89.9983,0,0,0,89.9983,0
40.6451,2.66979,0,0,3.09747,0.233209,0.36288,3.6288,61.308,0.455586,0,0,1.51196,0.145051,0.789255,0.66528,12.849,1,0.840508,0.36288,0,87.5241,3.27988,83.7665,0.84672,12.849,0.84672,3695.15,0,18.483,0.137623,2.67189,1.91047,11.9609,0.848334,15.5573,0.42336,0,0,18.483,0.42336,442.007,0,1.02816,0,0,3.70005,2.67189,1.028160,1,0,100.113,0,0,0,100.113,0
43.6392,2.3291,0,0,5.91267,0.226605,0.36288,3.6288,61.308,0.279921,0,0,2.33782,0.122103,1.9358,0.66528,12.849,1,0.736292,0.36288,0,93.0947,3.11729,89.604,0.84672,12.849,0.84672,3695.15,0,18.483,0.0843899,4.21428,1.9105,12.7449,0.834788,17.9505,0.42336,0,0,18.483,0.42336,442.007,0,1.02816,0,0,5.24244,4.21428,1.028160,1,0,109.49,0,0,0,109.49,0
44.673,2.36817,0,0,4.00515,0.240306,0.36288,3.6288,61.308,0.279939,0,0,2.00568,0.0757604,1.64998,0.66528,12.849,1,0.697278,0.36288,0,62.9471,2.30738,60.3053,0.84672,12.849,0.84672,3695.15,0,18.483,0.0843955,2.09297,1.65028,7.39904,0.6094,10.4485,0.42336,0,0,18.483,0.42336,442.007,0,1.02816,0,0,3.12113,2.09297,1.028160,1,0,72.4038,0,0,0,72.4038,0
48.2138,2.38074,0,0,6.51884,0.234394,0.36288,3.6288,61.308,0.279958,0,0,3.09753,0.0697442,2.74782,0.66528,12.849,1,0.684758,0.36288,0,121.124,2.22018,118.582,0.84672,12.849,0.84672,3695.15,0,18.483,0.084401,4.18103,1.65031,14.676,0.596874,19.8261,0.42336,0,0,18.483,0.42336,442.007,0,1.02816,0,0,5.20919,4.18103,1.028160,1,0,141.156,0,0,0,141.156,0
51.537,2.63422,0,0,6.56319,0.242867,0.36288,3.6288,61.308,0.374454,0,0,3.27043,0.0952348,2.80074,0.66528,12.849,1,0.702021,0.36288,0,155.014,3.1626,151.512,0.84672,12.849,0.84672,3695.15,0,18.483,0.11289,4.57085,1.65033,21.7362,0.749897,27.0946,0.42336,0,0,18.483,0.42336,442.007,0,1.02816,0,0,5.59901,4.57085,1.028160,1,0,181.407,0,0,0,181.407,0
53.2682,2.6705,0,0,4.99211,0.227502,0.36288,3.6288,61.308,0.374474,0,0,2.98223,0.0961407,2.51161,0.66528,12.849,1,0.665799,0.36288,0,111.9,3.48995,108.107,0.84672,12.849,0.84672,3695.15,0,18.483,0.112896,2.73085,1.79609,11.5061,0.807,15.1132,0.42336,0,0,18.483,0.42336,442.007,0,1.02816,0,0,3.75901,2.73085,1.028160,1,0,125.732,0,0,0,125.732,0
54.1364,2.78619,0,0,4.2773,0.26009,0.36288,3.6288,61.308,0.421329,0,0,3.15129,0.14812,2.58184,0.66528,12.849,1,0.672067,0.36288,0,58.9261,3.37082,55.2461,0.84672,12.849,0.84672,3695.15,0,18.483,0.127021,2.25411,1.79612,10.4382,0.74506,13.6164,0.42336,0,0,18.483,0.42336,442.007,0,1.02816,0,0,3.28227,2.25411,1.028160,1,0,71.4443,0,0,0,71.4443,0
55.2303,2.79495,0,0,4.51421,0.262398,0.36288,3.6288,61.308,0.42135,0,0,3.10601,0.14812,2.53654,0.66528,12.849,1,0.663368,0.36288,0,76.0812,3.37082,72.4099,0.84672,12.849,0.84672,3695.15,0,18.483,0.127028,2.27551,1.86609,10.1243,0.74506,13.3938,0.42336,0,0,18.483,0.42336,442.007,0,1.02816,0,0,3.30367,2.27551,1.028160,1,0,88.3403,0,0,0,88.3403,0
55.4542,2.80566,0,0,3.65766,0.265306,0.36288,3.6288,61.308,0.421371,0,0,2.50874,0.14812,1.93925,0.66528,12.849,1,0.652719,0.36288,0,52.8618,3.37082,49.2011,0.84672,12.849,0.84672,3695.15,0,18.483,0.127034,2.21948,1.86612,8.16299,0.74506,11.3765,0.42336,0,0,18.483,0.42336,442.007,0,1.02816,0,0,3.24764,2.21948,1.028160,1,0,62.5169,0,0,0,62.5169,0
55.8004,2.80785,0,0,3.77594,0.258929,0.36288,3.6288,61.308,0.421392,0,0,2.15407,0.130427,1.60225,0.66528,12.849,1,0.650592,0.36288,0,52.6386,3.02009,49.3308,0.84672,12.849,0.84672,3695.15,0,18.483,0.12704,2.58031,1.86615,7.04013,0.695913,10.6636,0.42336,0,0,18.483,0.42336,442.007,0,1.02816,0,0,3.60847,2.58031,1.028160,1,0,61.5967,0,0,0,61.5967,0
55.0537,2.77243,0,0,2.65092,0.262367,0.36288,3.6288,61.308,0.403222,0,0,1.38082,0.178849,0.798749,0.66528,12.849,1,0.6384,0.36288,0,45.9949,4.01211,41.7072,0.84672,12.849,0.84672,3695.15,0,18.483,0.121562,1.48255,1.86619,5.22148,0.844837,7.60382,0.42336,0,0,18.483,0.42336,442.007,0,1.02816,0,0,2.51071,1.48255,1.028160,1,0,50.1098,0,0,0,50.1098,0
54.0458,2.76546,0,0,2.34178,0.22128,0.36288,3.6288,61.308,0.403242,0,0,1.27074,0.21718,0.650315,0.66528,12.849,1,0.645432,0.36288,0,41.2406,4.5254,36.4327,0.84672,12.849,0.84672,3695.15,0,18.483,0.121569,1.32735,1.83899,5.17848,0.902185,7.32107,0.42336,0,0,18.483,0.42336,442.007,0,1.02816,0,0,2.35551,1.32735,1.028160,1,0,44.4041,0,0,0,44.4041,0
52.9649,2.75578,0,0,2.25679,0.219042,0.36288,3.6288,61.308,0.403263,0,0,1.27006,0.21718,0.64962,0.66528,12.849,1,0.655167,0.36288,0,39.4304,4.5254,34.6127,0.84672,12.849,0.84672,3695.15,0,18.483,0.121575,1.41003,1.83903,5.69029,0.902185,7.91558,0.42336,0,0,18.483,0.42336,442.007,0,1.02816,0,0,2.43819,1.41003,1.028160,1,0,43.1779,0,0,0,43.1779,0
51.9245,2.74507,0,0,2.28399,0.216443,0.36288,3.6288,61.308,0.403283,0,0,1.34093,0.213689,0.723956,0.66528,12.849,1,0.665939,0.36288,0,39.4233,4.42238,34.6978,0.84672,12.849,0.84672,3695.15,0,18.483,0.121581,1.16525,1.83906,5.02458,0.906777,7.00053,0.42336,0,0,18.483,0.42336,442.007,0,1.02816,0,0,2.19341,1.16525,1.028160,1,0,42.4223,0,0,0,42.4223,0
50.6371,2.86413,0,0,2.12416,0.184563,0.36288,3.6288,61.308,0.46782,0,0,1.13337,0.208715,0.456834,0.66528,12.849,1,0.708745,0.36288,0,37.4797,4.33728,32.7966,0.84672,12.849,0.84672,3695.15,0,18.483,0.141037,1.27491,1.83909,4.77725,0.972211,6.77801,0.42336,0,0,18.483,0.42336,442.007,0,1.02816,0,0,2.30307,1.27491,1.028160,1,0,40.0314,0,0,0,40.0314,0
49.3891,2.84981,0,0,2.13873,0.174051,0.36288,3.6288,61.308,0.467842,0,0,1.16434,0.221684,0.474809,0.66528,12.849,1,0.72313,0.36288,0,36.4648,4.79514,31.3094,0.84672,12.849,0.84672,3695.15,0,18.483,0.141044,1.2766,1.93432,4.52415,1.06953,6.5245,0.42336,0,0,18.483,0.42336,442.007,0,1.02816,0,0,2.30476,1.2766,1.028160,1,0,38.3087,0,0,0,38.3087,0
47.9057,2.83536,0,0,1.87485,0.160042,0.36288,3.6288,61.308,0.467863,0,0,1.08468,0.231128,0.385692,0.66528,12.849,1,0.737643,0.36288,0,32.5792,4.90224,27.3022,0.84672,12.849,0.84672,3695.15,0,18.483,0.14105,1.12066,1.93435,4.38939,1.09689,6.20646,0.42336,0,0,18.483,0.42336,442.007,0,1.02816,0,0,2.14882,1.12066,1.028160,1,0,33.8943,0,0,0,33.8943,0
46.3705,2.8174,0,0,1.77378,0.128646,0.36288,3.6288,61.308,0.467885,0,0,1.04287,0.254736,0.320253,0.66528,12.849,1,0.755667,0.36288,0,29.7817,5.16999,24.219,0.84672,12.849,0.84672,3695.15,0,18.483,0.141057,1.01691,1.93438,4.22266,1.1653,5.8676,0.42336,0,0,18.483,0.42336,442.007,0,1.02816,0,0,2.04507,1.01691,1.028160,1,0,30.4068,0,0,0,30.4068,0
45.0577,2.57085,0,0,1.74379,0.122885,0.36288,3.6288,61.308,0.365846,0,0,0.994049,0.255116,0.373087,0.66528,12.849,1,0.712367,0.36288,0,30.5491,5.0772,25.1225,0.84672,12.849,0.84672,3695.15,0,18.483,0.110295,0.910691,1.93442,4.43709,1.17802,5.99388,0.42336,0,0,18.483,0.42336,442.007,0,1.02816,0,0,1.93885,0.910691,1.028160,1,0,31.4894,0,0,0,31.4894,0
44.0128,2.666,0,0,2.08374,0.0997863,0.36288,3.6288,61.308,0.461415,0,0,0.996278,0.257398,0.277466,0.66528,12.849,1,0.760257,0.36288,0,34.8318,4.52046,29.914,0.84672,12.849,0.84672,3695.15,0,18.483,0.139106,0.977314,1.7775,4.41809,1.25434,5.77946,0.42336,0,0,18.483,0.42336,442.007,0,1.02816,0,0,2.00547,0.977314,1.028160,1,0,35.9709,0,0,0,35.9709,0
42.806,2.69655,0,0,1.95124,0.0986108,0.36288,3.6288,61.308,0.482425,0,0,0.947125,0.257398,0.207303,0.66528,12.849,1,0.787227,0.36288,0,34.7864,4.52046,29.8416,0.84672,12.849,0.84672,3695.15,0,18.483,0.14544,0.856276,1.9004,4.54032,1.25434,5.89722,0.42336,0,0,18.483,0.42336,442.007,0,1.02816,0,0,1.88444,0.856276,1.028160,1,0,35.9461,0,0,0,35.9461,0
41.4409,2.67953,0,0,1.77457,0.0972532,0.36288,3.6288,61.308,0.482447,0,0,0.923564,0.257398,0.18372,0.66528,12.849,1,0.80431,0.36288,0,34.1054,4.52046,29.1436,0.84672,12.849,0.84672,3695.15,0,18.483,0.145447,0.831868,1.93231,4.35042,1.25434,5.71481,0.42336,0,0,18.483,0.42336,442.007,0,1.02816,0,0,1.86003,0.831868,1.028160,1,0,35.0421,0,0,0,35.0421,0
39.9336,2.65935,0,0,1.61067,0.0957174,0.36288,3.6288,61.308,0.482468,0,0,0.866454,0.257398,0.126587,0.66528,12.849,1,0.824549,0.36288,0,30.3907,4.52046,25.4086,0.84672,12.849,0.84672,3695.15,0,18.483,0.145454,0.622097,1.93234,4.20847,1.25434,5.36311,0.42336,0,0,18.483,0.42336,442.007,0,1.02816,0,0,1.65026,0.622097,1.028160,1,0,30.8983,0,0,0,30.8983,0
38.5068,2.69737,0,0,1.70701,0.0735592,0.36288,3.6288,61.308,0.513584,0,0,1.00499,0.322647,0.168756,0.66528,12.849,1,0.867903,0.36288,0,29.3939,5.67156,23.2173,0.84672,12.849,0.84672,3695.15,0,18.483,0.154834,0.772209,1.93237,4.30893,1.51487,5.34381,0.42336,0,0,18.483,0.42336,442.007,0,1.02816,0,0,1.80037,0.772209,1.028160,1,0,28.7299,0,0,0,28.7299,0
37.1865,2.62921,0,0,1.74572,0.0738945,0.36288,3.6288,61.308,0.492104,0,0,0.950918,0.318033,0.140781,0.66528,12.849,1,0.877317,0.36288,0,38.4421,5.73678,32.1909,0.84672,12.849,0.84672,3695.15,0,18.483,0.148358,0.953476,1.97891,4.7978,1.47482,6.107,0.42336,0,0,18.483,0.42336,442.007,0,1.02816,0,0,1.98164,0.953476,1.028160,1,0,38.4387,0,0,0,38.4387,0
35.9105,2.47498,0,0,1.63462,0.0727593,0.36288,3.6288,61.308,0.427617,0,0,0.88433,0.318033,0.138679,0.66528,12.849,1,0.855174,0.36288,0,30.8653,5.73678,24.6362,0.84672,12.849,0.84672,3695.15,0,18.483,0.128917,0.916764,1.9463,4.32483,1.47482,5.58415,0.42336,0,0,18.483,0.42336,442.007,0,1.02816,0,0,1.94492,0.916764,1.028160,1,0,30.359,0,0,0,30.359,0
34.5116,2.45264,0,0,1.48827,0.0716621,0.36288,3.6288,61.308,0.427638,0,0,0.83954,0.318033,0.0938686,0.66528,12.849,1,0.877569,0.36288,0,28.1296,5.73678,21.8781,0.84672,12.849,0.84672,3695.15,0,18.483,0.128923,0.617458,1.84841,4.0341,1.47482,4.89622,0.42336,0,0,18.483,0.42336,442.007,0,1.02816,0,0,1.64562,0.617458,1.028160,1,0,26.8682,0,0,0,26.8682,0
33.1269,2.58883,0,0,1.63823,0.0712572,0.36288,3.6288,61.308,0.532494,0,0,0.989816,0.316714,0.140607,0.66528,12.849,1,0.963847,0.36288,0,27.3414,5.82834,20.9121,0.84672,12.849,0.84672,3695.15,0,18.483,0.160535,1.11181,1.84844,6.10006,1.50622,7.39355,0.42336,0,0,18.483,0.42336,442.007,0,1.02816,0,0,2.13997,1.11181,1.028160,1,0,28.4462,0,0,0,28.4462,0
31.4335,2.55985,0,0,1.30735,0.0780718,0.36288,3.6288,61.2125,0.532517,0,0,0.765824,0.328783,0,0.66528,12.849,1,0.992894,0.36288,0,22.6284,5.94048,16.0579,0.84672,12.849,0.84672,3695.15,0,18.483,0.160542,0.486622,1.99556,4.52927,1.54631,5.3046,0.42336,0,0,18.483,0.42336,442.007,0,1.02816,0,0,1.51478,0.486622,1.028160,1,0,21.3625,0,0,0,21.3625,0
29.8643,2.52192,0,0,1.39213,0.0764306,0.36288,3.6288,61.2936,0.532348,0,0,0.941993,0.328584,0,0.66528,12.849,1,1.03088,0.36288,0,28.7954,5.94048,22.1869,0.84672,12.849,0.84672,3695.15,0,18.483,0.160741,0.838832,1.9956,5.05903,1.54631,6.18641,0.42336,0,0,18.483,0.42336,442.007,0,1.02816,0,0,1.86699,0.838832,1.028160,1,0,28.3733,0,0,0,28.3733,0
28.0878,2.48409,0,0,1.1453,0.0748667,0.36288,3.6288,61.1183,0.532534,0,0,0.686051,0.328753,0,0.66528,12.849,1,1.06877,0.36288,0,26.3811,5.94048,19.7347,0.84672,12.849,0.84672,3695.15,0,18.483,0.160585,0.247838,1.99563,4.14355,1.54631,4.68012,0.42336,0,0,18.483,0.42336,442.007,0,1.02816,0,0,1.276,0.247838,1.028160,1,0,24.4149,0,0,0,24.4149,0
26.6413,2.43775,0,0,1.42725,0.0730817,0.36288,3.6288,61.308,0.532203,0,0,1.18842,0.328388,0.138182,0.66528,12.849,1,1.11517,0.36288,0,25.7153,5.94048,19.0225,0.84672,12.849,0.84672,3695.15,0,18.483,0.160945,1.4934,1.99567,6.46261,1.54631,8.24442,0.42336,0,0,18.483,0.42336,442.007,0,1.02816,0,0,2.52156,1.4934,1.028160,1,0,27.4051,0,0,0,27.4051,0
24.9259,2.32382,0,0,1.0668,0.0955316,0.36288,3.6288,61.308,0.534475,0,0,0.925543,0.312222,0.0788455,0.66528,12.849,1,1.12077,0.36288,0,28.9303,5.3152,22.8572,0.84672,12.849,0.84672,3695.15,0,18.483,0.161132,0.204422,1.9957,5.63017,1.54435,6.12481,0.42336,0,0,18.483,0.42336,442.007,0,0.942909,0,0,1.14733,0.204422,1.028160,1,0,29.0608,0,0,0,29.0608,0
24.323,2.27296,0,0,2.12617,0.0932329,0.36288,3.6288,61.308,0.468994,0,0,1.53429,0.312222,0.753075,0.66528,12.849,1,1.17168,0.36288,0,31.0716,5.3152,24.9476,0.84672,12.849,0.84672,3695.15,0,18.483,0.141391,1.19594,1.91143,9.20995,1.54435,10.6316,0.42336,0,0,18.483,0.42336,442.007,0,1.02816,0,0,2.2241,1.19594,1.028160,1,0,36.3322,0,0,0,36.3322,0
22.5692,2.25399,0,0,0.955506,0.092425,0.36288,3.6288,61.308,0.494395,0,0,0.89786,0.312222,0.0912433,0.66528,12.849,1,1.19071,0.36288,0,26.683,5.3152,20.54,0.84672,12.849,0.84672,3695.15,0,18.483,0.149049,0.216518,1.91147,4.97878,1.54435,5.41337,0.42336,0,0,18.483,0.42336,442.007,0,0.995129,0,0,1.21165,0.216518,1.028160,1,0,26.0446,0,0,0,26.0446,0
21.0024,2.19507,0,0,1.08129,0.0901678,0.36288,3.6288,61.308,0.549059,0,0,1.05247,0.312222,0.191192,0.66528,12.849,1,1.24969,0.36288,0,21.4199,5.3152,15.2179,0.84672,12.849,0.84672,3695.15,0,18.483,0.165529,0.216518,1.9115,5.54408,1.54435,5.96222,0.42336,0,0,18.483,0.42336,442.007,0,0.924013,0,0,1.14053,0.216518,1.028160,1,0,21.3713,0,0,0,21.3713,0
20.3402,2.08206,0,0,1.92833,0.145578,0.36288,3.6288,61.308,0.41113,0,0,1.21201,0.256639,0.544238,0.66528,12.849,1,1.27378,0.36288,0,28.7196,4.38609,23.4226,0.84672,12.849,0.84672,3695.15,0,18.483,0.123947,0.762756,1.91153,7.03621,1.12624,8.46031,0.42336,0,0,18.483,0.42336,442.007,0,1.02816,0,0,1.79092,0.762756,1.028160,1,0,32.4272,0,0,0,32.4272,0
19.8415,2.05668,0,0,2.04799,0.127088,0.36288,3.6288,61.308,0.411151,0,0,2.03551,0.209564,1.4148,0.66528,12.849,1,1.29921,0.36288,0,30.9218,4.33493,25.6505,0.84672,12.849,0.84672,3695.15,0,18.483,0.123953,1.66806,1.83664,8.40966,0.944652,10.8457,0.42336,0,0,18.483,0.42336,442.007,0,1.02816,0,0,2.69622,1.66806,1.028160,1,0,37.9111,0,0,0,37.9111,0
18.5772,2.03689,0,0,1.26763,0.132214,0.36288,3.6288,61.308,0.411172,0,0,1.36309,0.213013,0.73891,0.66528,12.849,1,1.31905,0.36288,0,25.7129,4.39291,20.3638,0.84672,12.849,0.84672,3695.15,0,18.483,0.123959,1.15919,1.83667,8.32893,0.958191,10.2426,0.42336,0,0,18.483,0.42336,442.007,0,1.02816,0,0,2.18735,1.15919,1.028160,1,0,31.3454,0,0,0,31.3454,0
19.8047,1.98386,0,0,3.73949,0.165264,0.36288,3.6288,61.308,0.411192,0,0,1.85141,0.233708,1.20651,0.66528,12.849,1,1.37215,0.36288,0,74.2604,4.74086,68.5102,0.84672,12.849,0.84672,3695.15,0,18.483,0.123965,1.47702,1.8367,12.0634,1.03942,14.2138,0.42336,0,0,18.483,0.42336,442.007,0,1.02816,0,0,2.50518,1.47702,1.028160,1,0,83.9305,0,0,0,83.9305,0
20.2761,1.88218,0,0,2.88364,0.167165,0.36288,3.6288,61.308,0.290556,0,0,1.14328,0.224658,0.62807,0.66528,12.849,1,1.22113,0.36288,0,65.8447,4.54163,60.4449,0.84672,12.849,0.84672,3695.15,0,18.483,0.0875961,1.53071,1.83673,8.02292,0.991478,10.3113,0.42336,0,0,18.483,0.42336,442.007,0,1.02816,0,0,2.55887,1.53071,1.028160,1,0,71.3842,0,0,0,71.3842,0
19.1176,1.89959,0,0,1.2698,0.165814,0.36288,3.6288,61.308,0.290574,0,0,1.10856,0.202033,0.615956,0.66528,12.849,1,1.20377,0.36288,0,58.6675,4.04355,53.7831,0.84672,12.849,0.84672,3695.15,0,18.483,0.0876017,0.358042,1.66808,5.51467,0.871619,6.58157,0.42336,0,0,18.483,0.42336,442.007,0,1.02816,0,0,1.3862,0.358042,1.028160,1,0,60.9806,0,0,0,60.9806,0
18.041,1.856,0,0,1.30539,0.163156,0.36288,3.6288,61.308,0.290593,0,0,1.57144,0.202033,1.07882,0.66528,12.849,1,1.24742,0.36288,0,64.4159,4.04355,59.4878,0.84672,12.849,0.84672,3695.15,0,18.483,0.0876074,0.884805,1.66811,7.05262,0.871619,8.6463,0.42336,0,0,18.483,0.42336,442.007,0,1.02816,0,0,1.91297,0.884805,1.028160,1,0,69.2129,0,0,0,69.2129,0
17.0419,1.81255,0,0,1.33704,0.160686,0.36288,3.6288,61.308,0.290612,0,0,1.61426,0.202033,1.12162,0.66528,12.849,1,1.29092,0.36288,0,76.3707,4.04355,71.3991,0.84672,12.849,0.84672,3695.15,0,18.483,0.087613,0.804721,1.66813,6.86111,0.871619,8.37473,0.42336,0,0,18.483,0.42336,442.007,0,1.02816,0,0,1.83288,0.804721,1.028160,1,0,80.8955,0,0,0,80.8955,0
18.216,1.45953,0,0,3.16773,0.171231,0.36288,3.6288,61.308,0.66528,0,0,3.12846,0.191651,2.27153,0.66528,12.849,1,1.10043,0.36288,0,104.292,4.62699,98.9272,0.84672,12.849,0.84672,3695.15,0,18.483,0.256537,1.7119,1.66816,12.6415,1.01262,14.7524,0.42336,0,0,18.483,0.42336,442.007,0,1.02816,0,0,2.74006,1.7119,1.028160,1,0,115.951,0,0,0,115.951,0
21.1944,1.50113,0,0,5.00728,0.164891,0.36288,3.6288,61.308,0.66528,0,0,1.19311,0.256633,0.271193,0.66528,12.849,1,1.05885,0.36288,0,99.9752,4.53696,94.7422,0.84672,12.849,0.84672,3695.15,0,18.483,0.25651,1.29756,1.98629,9.26752,1.40725,10.8876,0.42336,0,0,18.483,0.42336,442.007,0,1.02816,0,0,2.32572,1.29756,1.028160,1,0,105.901,0,0,0,105.901,0
24.4804,1.65432,0,0,5.47309,0.169825,0.36288,3.6288,61.2868,0.66528,0,0,0.90663,0.262583,0,0.66528,12.849,1,1.00293,0.36288,0,90.3485,4.40202,85.3064,0.84672,12.849,0.84672,3695.15,0,18.483,0.302005,1.04149,1.98627,8.38495,1.43358,9.67713,0.42336,0,0,18.483,0.42336,442.007,0,1.02816,0,0,2.06965,1.04149,1.028160,1,0,94.9835,0,0,0,94.9835,0
27.8488,2.09908,0,0,6.00809,0.177751,0.36288,3.6288,61.308,0.32557,0,0,0.806976,0.262547,0.197625,0.66528,12.849,1,1.10174,0.36288,0,115.181,4.40202,110.04,0.84672,12.849,0.84672,3695.15,0,18.483,0.0981862,0.816869,2.03965,8.85444,1.43358,10.1792,0.42336,0,0,18.483,0.42336,442.007,0,1.02816,0,0,1.84503,0.816869,1.028160,1,0,120.417,0,0,0,120.417,0
31.1269,2.19029,0,0,6.01514,0.183882,0.36288,3.6288,61.308,0.325607,0,0,0.837415,0.260174,0.251634,0.66528,12.849,1,1.01057,0.36288,0,98.0873,4.25965,93.18,0.84672,12.849,0.84672,3695.15,0,18.483,0.0981632,0.913922,1.72159,8.56328,1.40441,9.69621,0.42336,0,0,18.483,0.42336,442.007,0,1.02816,0,0,1.94208,0.913922,1.028160,1,0,103.128,0,0,0,103.128,0
36.6914,2.26564,0,0,8.3807,0.187704,0.36288,3.6288,61.308,0.325617,0,0,1.42144,0.22364,0.872187,0.66528,12.849,1,0.935243,0.36288,0,110.29,3.57124,106.147,0.84672,12.849,0.84672,3695.15,0,18.483,0.0981663,1.95485,1.7216,12.923,1.14049,15.3608,0.42336,0,0,18.483,0.42336,442.007,0,1.02816,0,0,2.98301,1.95485,1.028160,1,0,122.38,0,0,0,122.38,0
45.2442,2.60194,0,0,11.7349,0.217242,0.36288,3.6288,61.308,0.456801,0,0,1.93123,0.194197,1.28023,0.66528,12.849,1,0.911179,0.36288,0,126.988,3.79229,122.648,0.84672,12.849,0.84672,3695.15,0,18.483,0.137715,4.6549,1.72162,17.2642,1.02192,22.4811,0.42336,0,0,18.483,0.42336,442.007,0,1.02816,0,0,5.68306,4.6549,1.028160,1,0,146.409,0,0,0,146.409,0
51.2029,2.73612,0,0,9.29759,0.239966,0.36288,3.6288,61.308,0.456812,0,0,1.52099,0.194197,0.869985,0.66528,12.849,1,0.777036,0.36288,0,160.674,3.79229,156.467,0.84672,12.849,0.84672,3695.15,0,18.483,0.137719,2.6728,1.91204,15.8326,1.02192,19.2578,0.42336,0,0,18.483,0.42336,442.007,0,1.02816,0,0,3.70096,2.6728,1.028160,1,0,176.595,0,0,0,176.595,0
54.3164,3.00682,0,0,6.74237,0.259144,0.36288,3.6288,61.308,0.544899,0,0,1.12854,0.172311,0.41133,0.66528,12.849,1,0.75454,0.36288,0,103.957,3.41421,100.151,0.84672,12.849,0.84672,3695.15,0,18.483,0.164275,0.845009,1.91206,8.72536,0.913515,10.4046,0.42336,0,0,18.483,0.42336,442.007,0,1.02816,0,0,1.87317,0.845009,1.028160,1,0,110.967,0,0,0,110.967,0
56.2016,3.04182,0,0,5.52817,0.238206,0.36288,3.6288,60.8347,0.885286,0,0,0.59424,0.18222,0,0.66528,12.849,1,0.719569,0.36288,0,66.5523,3.80955,62.386,0.84672,12.849,0.84672,3695.15,0,18.483,0.266894,0.608429,2.04714,8.33406,0.842015,9.88072,0.42336,0,0,18.483,0.42336,442.007,0,0.58517,0,0,1.1936,0.608429,1.028160,1,0,72.2668,0,0,0,72.2668,0
59.1269,2.71753,0,0,6.26166,0.255976,0.36288,3.6288,61.2157,0.37468,0,0,0.882939,0.127289,0,0.66528,12.849,1,0.621291,0.36288,0,68.5967,3.26424,65.074,0.84672,12.849,0.84672,3695.15,0,18.483,0.113836,1.80629,2.04716,13.7022,0.638608,16.8032,0.42336,0,0,18.483,0.42336,442.007,0,1.02816,0,0,2.83445,1.80629,1.028160,1,0,81.8772,0,0,0,81.8772,0
61.7869,2.74281,0,0,6.02905,0.263407,0.36288,3.6288,61.308,0.375235,0,0,0.910457,0.127596,0.315331,0.66528,12.849,1,0.596046,0.36288,0,101.612,3.26424,98.115,0.84672,12.849,0.84672,3695.15,0,18.483,0.113296,0.914708,1.79748,10.4426,0.638608,12.4028,0.42336,0,0,18.483,0.42336,442.007,0,1.02816,0,0,1.94287,0.914708,1.028160,1,0,110.833,0,0,0,110.833,0
62.6685,2.76408,0,0,4.27826,0.269696,0.36288,3.6288,61.308,0.375377,0,0,1.53662,0.127671,1.03358,0.66528,12.849,1,0.574808,0.36288,0,82.6044,3.26424,79.1283,0.84672,12.849,0.84672,3695.15,0,18.483,0.113168,0.856613,1.7975,7.59179,0.638608,9.49413,0.42336,0,0,18.483,0.42336,442.007,0,1.02816,0,0,1.88477,0.856613,1.028160,1,0,89.656,0,0,0,89.656,0
65.4684,2.77081,0,0,6.18352,0.2499,0.36288,3.6288,61.308,0.375388,0,0,1.94086,0.13183,1.43365,0.66528,12.849,1,0.568103,0.36288,0,108.52,3.32532,104.99,0.84672,12.849,0.84672,3695.15,0,18.483,0.113171,1.27168,1.79751,10.1453,0.648637,12.4526,0.42336,0,0,18.483,0.42336,442.007,0,1.02816,0,0,2.29984,1.27168,1.028160,1,0,118.876,0,0,0,118.876,0
65.8487,2.79115,0,0,3.84779,0.313447,0.36288,3.6288,61.308,0.53191,0,0,0.901022,0.0881473,0.280965,0.66528,12.849,1,0.547798,0.36288,0,48.9074,2.77562,45.9469,0.84672,12.849,0.84672,3695.15,0,18.483,0.160359,0.558835,1.79753,5.04126,0.509596,6.72767,0.42336,0,0,18.483,0.42336,442.007,0,0.824463,0,0,1.3833,0.558835,1.028160,1,0,52.9555,0,0,0,52.9555,0
67.9007,2.8959,0,0,5.62226,0.311499,0.36288,3.6288,61.308,0.422281,0,0,1.20626,0.102283,0.681692,0.66528,12.849,1,0.565074,0.36288,0,93.3158,3.01434,90.0993,0.84672,12.849,0.84672,3695.15,0,18.483,0.127308,1.0367,1.79755,7.27756,0.651812,9.33269,0.42336,0,0,18.483,0.42336,442.007,0,1.02816,0,0,2.06486,1.0367,1.028160,1,0,100.114,0,0,0,100.114,0
68.0081,2.91029,0,0,3.69716,0.316598,0.36288,3.6288,61.308,0.422292,0,0,1.03982,0.102283,0.515249,0.66528,12.849,1,0.55072,0.36288,0,50.538,3.01434,47.3359,0.84672,12.849,0.84672,3695.15,0,18.483,0.127312,0.541149,1.86756,5.92396,0.651812,7.55354,0.42336,0,0,18.483,0.42336,442.007,0,1.02816,0,0,1.56931,0.541149,1.028160,1,0,55.4047,0,0,0,55.4047,0
69.5008,2.91105,0,0,5.08352,0.316865,0.36288,3.6288,61.308,0.422303,0,0,1.83835,0.102283,1.31376,0.66528,12.849,1,0.549994,0.36288,0,100.234,3.01434,97.0329,0.84672,12.849,0.84672,3695.15,0,18.483,0.127315,1.879,1.86757,10.5378,0.651812,13.5052,0.42336,0,0,18.483,0.42336,442.007,0,1.02816,0,0,2.90716,1.879,1.028160,1,0,111.852,0,0,0,111.852,0
69.373,2.92104,0,0,3.45259,0.296521,0.36288,3.6288,61.308,0.422314,0,0,0.986049,0.143922,0.419812,0.66528,12.849,1,0.540029,0.36288,0,72.0973,3.40727,68.5129,0.84672,12.849,0.84672,3695.15,0,18.483,0.127318,1.3368,1.86759,5.80079,0.78677,8.09109,0.42336,0,0,18.483,0.42336,442.007,0,1.02816,0,0,2.36496,1.3368,1.028160,1,0,77.0238,0,0,0,77.0238,0
69.3291,2.87998,0,0,3.48557,0.286616,0.36288,3.6288,61.308,0.40412,0,0,0.94036,0.160578,0.375662,0.66528,12.849,1,0.533419,0.36288,0,68.3666,3.56444,64.6316,0.84672,12.849,0.84672,3695.15,0,18.483,0.121833,1.61562,1.86761,5.3711,0.840754,7.89174,0.42336,0,0,18.483,0.42336,442.007,0,1.02816,0,0,2.64378,1.61562,1.028160,1,0,72.899,0,0,0,72.899,0
69.1433,2.87972,0,0,3.34059,0.283723,0.36288,3.6288,61.308,0.404131,0,0,0.925741,0.159545,0.362065,0.66528,12.849,1,0.533709,0.36288,0,75.6112,3.5143,71.9261,0.84672,12.849,0.84672,3695.15,0,18.483,0.121837,1.66845,1.84038,6.25234,0.835382,8.80396,0.42336,0,0,18.483,0.42336,442.007,0,1.02816,0,0,2.69661,1.66845,1.028160,1,0,81.0921,0,0,0,81.0921,0
68.8056,2.87854,0,0,3.15744,0.253712,0.36288,3.6288,61.308,0.404142,0,0,0.890758,0.162487,0.324129,0.66528,12.849,1,0.534923,0.36288,0,65.7746,3.35505,62.2475,0.84672,12.849,0.84672,3695.15,0,18.483,0.12184,1.58356,1.8404,5.61738,0.837555,8.08194,0.42336,0,0,18.483,0.42336,442.007,0,1.02816,0,0,2.61172,1.58356,1.028160,1,0,70.6536,0,0,0,70.6536,0
68.2188,2.87635,0,0,2.841,0.188561,0.36288,3.6288,61.308,0.404153,0,0,0.879828,0.214337,0.261338,0.66528,12.849,1,0.53714,0.36288,0,61.2075,4.22511,56.8081,0.84672,12.849,0.84672,3695.15,0,18.483,0.121843,1.50445,1.84041,4.96402,1.06119,7.12585,0.42336,0,0,18.483,0.42336,442.007,0,1.02816,0,0,2.53261,1.50445,1.028160,1,0,64.1953,0,0,0,64.1953,0
67.4289,3.00876,0,0,2.79961,0.217951,0.36288,3.6288,61.308,0.468727,0,0,0.84507,0.196396,0.179947,0.66528,12.849,1,0.566698,0.36288,0,54.7412,3.96833,50.5691,0.84672,12.849,0.84672,3695.15,0,18.483,0.141311,1.56292,1.84043,4.87902,1.11797,7.02308,0.42336,0,0,18.483,0.42336,442.007,0,1.02816,0,0,2.59108,1.56292,1.028160,1,0,57.7721,0,0,0,57.7721,0
66.3615,3.00321,0,0,2.46308,0.16439,0.36288,3.6288,61.308,0.468738,0,0,0.720075,0.194926,0.0564107,0.66528,12.849,1,0.57228,0.36288,0,47.2757,3.9355,43.1308,0.84672,12.849,0.84672,3695.15,0,18.483,0.141314,1.56347,1.93571,4.48935,1.06613,6.78109,0.42336,0,0,18.483,0.42336,442.007,0,1.02816,0,0,2.59163,1.56347,1.028160,1,0,49.9683,0,0,0,49.9683,0
65.2309,2.99552,0,0,2.3908,0.163008,0.36288,3.6288,61.308,0.46875,0,0,0.7647,0.194926,0.101025,0.66528,12.849,1,0.579997,0.36288,0,45.0609,3.9355,40.9083,0.84672,12.849,0.84672,3695.15,0,18.483,0.141318,1.53376,1.93573,4.77575,1.06613,7.03779,0.42336,0,0,18.483,0.42336,442.007,0,1.02816,0,0,2.56192,1.53376,1.028160,1,0,48.0471,0,0,0,48.0471,0
63.9874,2.98715,0,0,2.26815,0.161544,0.36288,3.6288,61.308,0.468762,0,0,0.743118,0.194926,0.0794303,0.66528,12.849,1,0.588401,0.36288,0,42.3226,3.9355,38.1616,0.84672,12.849,0.84672,3695.15,0,18.483,0.141321,1.4247,1.93575,4.41545,1.06613,6.56844,0.42336,0,0,18.483,0.42336,442.007,0,1.02816,0,0,2.45286,1.4247,1.028160,1,0,44.8095,0,0,0,44.8095,0
63.1273,2.97766,0,0,2.64173,0.161339,0.36288,3.6288,61.308,0.468773,0,0,0.871629,0.252015,0.150841,0.66528,12.849,1,0.597929,0.36288,0,44.3798,4.88789,39.2569,0.84672,12.849,0.84672,3695.15,0,18.483,0.141325,0.737303,1.93577,5.59683,1.22039,6.90818,0.42336,0,0,18.483,0.42336,442.007,0,1.02816,0,0,1.76546,0.737303,1.028160,1,0,46.3159,0,0,0,46.3159,0
62.1989,2.94431,0,0,2.47698,0.098191,0.36288,3.6288,61.308,0.504271,0,0,0.874221,0.276921,0.0930295,0.66528,12.849,1,0.599288,0.36288,0,41.3891,5.08022,36.0725,0.84672,12.849,0.84672,3695.15,0,18.483,0.152027,0.698535,1.93578,5.59727,1.27751,6.80205,0.42336,0,0,18.483,0.42336,442.007,0,1.02816,0,0,1.7267,0.698535,1.028160,1,0,42.9676,0,0,0,42.9676,0
61.0988,2.93692,0,0,2.29722,0.0975091,0.36288,3.6288,61.308,0.504283,0,0,0.86254,0.276921,0.0813362,0.66528,12.849,1,0.606707,0.36288,0,37.9591,5.08022,32.635,0.84672,12.849,0.84672,3695.15,0,18.483,0.15203,0.688375,1.96548,5.10649,1.27751,6.3308,0.42336,0,0,18.483,0.42336,442.007,0,1.02816,0,0,1.71653,0.688375,1.028160,1,0,39.0472,0,0,0,39.0472,0
59.8596,2.92792,0,0,2.14816,0.0965668,0.36288,3.6288,61.308,0.504295,0,0,0.870324,0.276921,0.089109,0.66528,12.849,1,0.615738,0.36288,0,35.4063,5.08022,30.0732,0.84672,12.849,0.84672,3695.15,0,18.483,0.152034,0.750842,1.9655,5.00374,1.27751,6.29054,0.42336,0,0,18.483,0.42336,442.007,0,1.02816,0,0,1.779,0.750842,1.028160,1,0,36.4529,0,0,0,36.4529,0
58.9073,2.91745,0,0,2.41894,0.0909449,0.36288,3.6288,61.2944,0.504307,0,0,0.809905,0.319234,0,0.66528,12.849,1,0.626238,0.36288,0,39.31,5.78184,33.2648,0.84672,12.849,0.84672,3695.15,0,18.483,0.152037,0.822519,1.96552,5.42591,1.43071,6.6312,0.42336,0,0,18.483,0.42336,442.007,0,1.02816,0,0,1.85068,0.822519,1.028160,1,0,39.896,0,0,0,39.896,0
58.0824,2.97706,0,0,2.60319,0.0880944,0.36288,3.6288,61.2121,0.535918,0,0,0.792547,0.33894,0,0.66528,12.849,1,0.649365,0.36288,0,40.3695,6.15699,33.9261,0.84672,12.849,0.84672,3695.15,0,18.483,0.161603,0.95523,1.96554,5.8768,1.50936,7.1266,0.42336,0,0,18.483,0.42336,442.007,0,1.02816,0,0,1.98339,0.95523,1.028160,1,0,41.0527,0,0,0,41.0527,0
56.9667,2.96954,0,0,2.30413,0.0873922,0.36288,3.6288,61.0814,0.535764,0,0,0.743887,0.338764,0,0.66528,12.849,1,0.656922,0.36288,0,38.1083,6.15699,31.6572,0.84672,12.849,0.84672,3695.15,0,18.483,0.161774,0.8539,2.01285,5.88007,1.50936,7.0757,0.42336,0,0,18.483,0.42336,442.007,0,1.02816,0,0,1.88206,0.8539,1.028160,1,0,38.7329,0,0,0,38.7329,0
55.665,2.95907,0,0,2.10666,0.0864423,0.36288,3.6288,60.926,0.53551,0,0,0.718597,0.338484,0,0.66528,12.849,1,0.667426,0.36288,0,35.7879,6.15699,29.3264,0.84672,12.849,0.84672,3695.15,0,18.483,0.162043,0.705914,2.01287,5.60246,1.50936,6.64985,0.42336,0,0,18.483,0.42336,442.007,0,1.02816,0,0,1.73407,0.705914,1.028160,1,0,35.9762,0,0,0,35.9762,0
54.1718,2.94642,0,0,1.88703,0.0709632,0.36288,3.6288,60.7448,0.535205,0,0,0.693969,0.340006,0,0.66528,12.849,1,0.680113,0.36288,0,34.1963,6.32397,27.5551,0.84672,12.849,0.84672,3695.15,0,18.483,0.162364,0.642695,2.01289,5.76535,1.51519,6.74338,0.42336,0,0,18.483,0.42336,442.007,0,1.02816,0,0,1.67086,0.642695,1.028160,1,0,34.2984,0,0,0,34.2984,0
52.7681,3.12706,0,0,2.13502,0.0487778,0.36288,3.6288,60.3139,0.648764,0,0,0.537376,0.319511,0,0.66528,12.849,1,0.741707,0.36288,0,35.4713,6.15657,28.9359,0.84672,12.849,0.84672,3695.15,0,18.483,0.197401,0.475606,2.01291,5.4747,1.44445,6.32137,0.42336,0,0,18.483,0.42336,442.007,0,1.02816,0,0,1.50377,0.475606,1.028160,1,0,35.2572,0,0,0,35.2572,0
51.589,3.11122,0,0,2.34309,0.0480843,0.36288,3.6288,60.0111,0.647697,0,0,0.663575,0.318637,0,0.66528,12.849,1,0.757581,0.36288,0,45.6186,6.15657,39.0673,0.84672,12.849,0.84672,3695.15,0,18.483,0.198485,0.840136,2.17311,5.9722,1.44445,7.34252,0.42336,0,0,18.483,0.42336,442.007,0,1.02816,0,0,1.8683,0.840136,1.028160,1,0,46.4098,0,0,0,46.4098,0
49.9635,3.09739,0,0,1.88234,0.0475018,0.36288,3.6288,59.5261,0.646945,0,0,0.479957,0.318023,0,0.66528,12.849,1,0.77145,0.36288,0,44.5766,6.15657,38.0115,0.84672,12.849,0.84672,3695.15,0,18.483,0.199254,0.268911,2.17313,4.79436,1.44445,5.5927,0.42336,0,0,18.483,0.42336,442.007,0,1.02816,0,0,1.29707,0.268911,1.028160,1,0,43.6042,0,0,0,43.6042,0
48.8207,3.07745,0,0,2.34424,0.0466988,0.36288,3.6288,59.3837,0.645719,0,0,0.820332,0.31704,0,0.66528,12.849,1,0.791421,0.36288,0,40.7122,6.15657,34.1271,0.84672,12.849,0.84672,3695.15,0,18.483,0.200497,1.42541,2.17315,7.41296,1.44445,9.36658,0.42336,0,0,18.483,0.42336,442.007,0,1.02816,0,0,2.45357,1.42541,1.028160,1,0,43.4937,0,0,0,43.4937,0
47.0079,3.06281,0,0,1.60649,-0.00635338,0.36288,3.6288,58.8968,0.645366,0,0,0.485492,0.326978,0,0.66528,12.849,1,0.806094,0.36288,0,27.5021,6.20319,20.8557,0.84672,12.849,0.84672,3695.15,0,18.483,0.200868,0.325097,2.17317,5.61292,1.44123,6.46909,0.42336,0,0,18.483,0.42336,442.007,0,1.02816,0,0,1.35326,0.325097,1.028160,1,0,27.3248,0,0,0,27.3248,0
45.4101,2.94572,0,0,1.74346,0.0326501,0.36288,3.6288,58.4714,0.595377,0,0,0.456798,0.286885,0,0.66528,12.849,1,0.805175,0.36288,0,21.5629,5.87967,15.241,0.84672,12.849,0.84672,3695.15,0,18.483,0.186841,0.204422,2.17319,4.34658,1.32691,5.21044,0.42336,0,0,18.483,0.42336,442.007,0,1.00201,0,0,1.20643,0.204422,1.028160,1,0,20.4514,0,0,0,20.4514,0
44.4186,2.92367,0,0,2.33485,0.0398443,0.36288,3.6288,58.1793,0.574485,0,0,0.561782,0.279324,0,0.66528,12.849,1,0.827265,0.36288,0,28.6125,5.82445,22.3236,0.84672,12.849,0.84672,3695.15,0,18.483,0.181597,0.568961,2.08141,5.34238,1.30794,6.50321,0.42336,0,0,18.483,0.42336,442.007,0,1.02816,0,0,1.59712,0.568961,1.028160,1,0,28.8269,0,0,0,28.8269,0
44.0478,2.90937,0,0,2.9409,0.0394007,0.36288,3.6288,58.169,0.573806,0,0,0.842251,0.278799,0,0.66528,12.849,1,0.841597,0.36288,0,58.2357,5.82445,51.9325,0.84672,12.849,0.84672,3695.15,0,18.483,0.182292,1.36812,2.08143,7.37937,1.30794,9.33868,0.42336,0,0,18.483,0.42336,442.007,0,1.02816,0,0,2.39628,1.36812,1.028160,1,0,61.2712,0,0,0,61.2712,0
43.0793,2.90391,0,0,2.40147,0.103147,0.36288,3.6288,57.968,0.573794,0,0,0.634457,0.261644,0,0.66528,12.849,1,0.847088,0.36288,0,43.9366,5.46113,37.9913,0.84672,12.849,0.84672,3695.15,0,18.483,0.182321,0.749356,2.08145,4.83642,1.26247,6.22244,0.42336,0,0,18.483,0.42336,442.007,0,1.02816,0,0,1.77752,0.749356,1.028160,1,0,44.2138,0,0,0,44.2138,0
42.1762,2.81463,0,0,2.42888,0.154473,0.36288,3.6288,57.8969,0.511079,0,0,0.691468,0.251439,0,0.66528,12.849,1,0.839503,0.36288,0,38.5528,5.00703,33.0691,0.84672,12.849,0.84672,3695.15,0,18.483,0.162957,0.910708,2.08147,6.43746,1.18821,8.07847,0.42336,0,0,18.483,0.42336,442.007,0,1.02816,0,0,1.93887,0.910708,1.028160,1,0,41.1476,0,0,0,41.1476,0
41.3276,2.80088,0,0,2.46802,0.152865,0.36288,3.6288,57.8751,0.51094,0,0,0.740413,0.251324,0,0.66528,12.849,1,0.85329,0.36288,0,52.3827,5.00703,46.8852,0.84672,12.849,0.84672,3695.15,0,18.483,0.163112,0.852051,1.9999,5.37313,1.18821,6.87376,0.42336,0,0,18.483,0.42336,442.007,0,1.02816,0,0,1.88021,0.852051,1.028160,1,0,53.759,0,0,0,53.759,0
40.4763,2.78754,0,0,2.45043,0.151353,0.36288,3.6288,57.8934,0.510905,0,0,0.780512,0.251288,0,0.66528,12.849,1,0.866663,0.36288,0,32.4267,5.00703,26.9159,0.84672,12.849,0.84672,3695.15,0,18.483,0.163163,1.01799,1.99992,5.2995,1.18821,6.96604,0.42336,0,0,18.483,0.42336,442.007,0,1.02816,0,0,2.04615,1.01799,1.028160,1,0,33.8819,0,0,0,33.8819,0
44.6572,2.77373,0,0,7.45057,0.133066,0.36288,3.6288,58.3178,0.510956,0,0,1.1623,0.22696,0,0.66528,12.849,1,0.880508,0.36288,0,77.6841,4.56448,72.6019,0.84672,12.849,0.84672,3695.15,0,18.483,0.163127,1.5922,1.99994,11.5049,1.1858,13.7481,0.42336,0,0,18.483,0.42336,442.007,0,1.02816,0,0,2.62036,1.5922,1.028160,1,0,86.3501,0,0,0,86.3501,0
51.7472,2.62406,0,0,10.2541,0.177112,0.36288,3.6288,59.5279,0.382033,0,0,1.74134,0.149214,0,0.66528,12.849,1,0.755008,0.36288,0,159.227,3.58921,155.245,0.84672,12.849,0.84672,3695.15,0,18.483,0.12108,1.68936,1.99996,16.6304,0.79576,19.4029,0.42336,0,0,18.483,0.42336,442.007,0,1.02816,0,0,2.71752,1.68936,1.028160,1,0,174.648,0,0,0,174.648,0
55.3694,2.70695,0,0,6.88323,0.191288,0.36288,3.6288,60.0052,0.383922,0,0,1.01162,0.150377,0,0.66528,12.849,1,0.672144,0.36288,0,120.251,3.58921,116.352,0.84672,12.849,0.84672,3695.15,0,18.483,0.119205,1.30793,1.8163,15.2028,0.79576,17.412,0.42336,0,0,18.483,0.42336,442.007,0,1.02816,0,0,2.33609,1.30793,1.028160,1,0,133.764,0,0,0,133.764,0
58.4623,2.74266,0,0,6.41315,0.21471,0.36288,3.6288,61.1622,0.384657,0,0,1.71072,0.169094,0,0.66528,12.849,1,0.636462,0.36288,0,143.01,3.76549,138.971,0.84672,12.849,0.84672,3695.15,0,18.483,0.118483,2.04468,1.81631,17.5497,0.854331,20.4378,0.42336,0,0,18.483,0.42336,442.007,0,1.02816,0,0,3.07284,2.04468,1.028160,1,0,159.409,0,0,0,159.409,0
66.7647,2.77029,0,0,11.6988,0.263178,0.36288,3.6288,61.308,0.386389,0,0,3.31642,0.216322,2.56791,0.66528,12.849,1,0.608863,0.36288,0,192.454,4.20619,188.002,0.84672,12.849,0.84672,3695.15,0,18.483,0.116766,2.13,1.81633,18.2684,1.00076,21.0972,0.42336,0,0,18.483,0.42336,442.007,0,1.02816,0,0,3.15816,2.13,1.028160,1,0,211.667,0,0,0,211.667,0
69.5318,2.83382,0,0,6.23354,0.269814,0.36288,3.6288,61.308,0.386614,0,0,1.89055,0.184011,1.31993,0.66528,12.849,1,0.545373,0.36288,0,130.493,4.05768,126.253,0.84672,12.849,0.84672,3695.15,0,18.483,0.116555,1.90701,1.81635,17.1736,0.975754,19.8046,0.42336,0,0,18.483,0.42336,442.007,0,1.02816,0,0,2.93517,1.90701,1.028160,1,0,147.378,0,0,0,147.378,0
70.2278,2.9415,0,0,4.26199,0.261563,0.36288,3.6288,61.308,0.424665,0,0,1.27615,0.154751,0.69673,0.66528,12.849,1,0.543569,0.36288,0,103.596,3.82683,99.5887,0.84672,12.849,0.84672,3695.15,0,18.483,0.128027,1.67233,1.81636,12.5626,0.842194,15.081,0.42336,0,0,18.483,0.42336,442.007,0,1.02816,0,0,2.70049,1.67233,1.028160,1,0,115.366,0,0,0,115.366,0
70.2908,2.94606,0,0,3.6349,0.262974,0.36288,3.6288,61.308,0.424666,0,0,1.08864,0.154751,0.509223,0.66528,12.849,1,0.539016,0.36288,0,87.9258,3.82683,83.9229,0.84672,12.849,0.84672,3695.15,0,18.483,0.128027,1.29311,1.87447,11.38,0.842194,13.5774,0.42336,0,0,18.483,0.42336,442.007,0,1.02816,0,0,2.32127,1.29311,1.028160,1,0,98.0094,0,0,0,98.0094,0
70.11,2.94647,0,0,3.39166,0.263101,0.36288,3.6288,61.308,0.424668,0,0,1.0676,0.154751,0.488183,0.66528,12.849,1,0.538608,0.36288,0,81.508,3.82683,77.5055,0.84672,12.849,0.84672,3695.15,0,18.483,0.128028,1.25264,1.87447,11.2658,0.842194,13.4227,0.42336,0,0,18.483,0.42336,442.007,0,1.02816,0,0,2.2808,1.25264,1.028160,1,0,91.4163,0,0,0,91.4163,0
69.7529,2.9453,0,0,3.24652,0.295394,0.36288,3.6288,61.308,0.424669,0,0,1.05115,0.171237,0.455245,0.66528,12.849,1,0.539782,0.36288,0,75.3551,3.95982,71.2184,0.84672,12.849,0.84672,3695.15,0,18.483,0.128028,1.00768,1.87447,10.7847,0.967568,12.5713,0.42336,0,0,18.483,0.42336,442.007,0,1.02816,0,0,2.03584,1.00768,1.028160,1,0,84.2449,0,0,0,84.2449,0
68.2062,3.23002,0,0,2.34039,0.294248,0.36288,3.6288,61.2408,0.781492,0,0,0.90066,0.186374,0,0.66528,12.849,1,0.594993,0.36288,0,57.9888,4.00429,53.7524,0.84672,12.849,0.84672,3695.15,0,18.483,0.235602,0.503194,1.87447,8.17707,0.9161,9.40303,0.42336,0,0,18.483,0.42336,442.007,0,0.749641,0,0,1.25283,0.503194,1.028160,1,0,63.1555,0,0,0,63.1555,0
66.9246,3.21867,0,0,2.60778,0.307804,0.36288,3.6288,61.308,0.572583,0,0,0.877513,0.185303,0.052421,0.66528,12.849,1,0.606348,0.36288,0,61.1836,4.30595,56.6342,0.84672,12.849,0.84672,3695.15,0,18.483,0.172811,0.503194,2.08179,8.79284,1.01429,10.1907,0.42336,0,0,18.483,0.42336,442.007,0,1.02134,0,0,1.52454,0.503194,1.028160,1,0,66.8774,0,0,0,66.8774,0
66.5057,3.20893,0,0,3.45759,0.304715,0.36288,3.6288,61.308,0.567493,0,0,0.838331,0.185381,0.0854565,0.66528,12.849,1,0.61609,0.36288,0,85.6868,4.30595,81.1276,0.84672,12.849,0.84672,3695.15,0,18.483,0.171086,0.669496,2.08179,9.91768,1.01429,11.4836,0.42336,0,0,18.483,0.42336,442.007,0,1.02816,0,0,1.69766,0.669496,1.028160,1,0,92.6967,0,0,0,92.6967,0
66.4463,3.20568,0,0,3.80765,0.29845,0.36288,3.6288,61.308,0.576364,0,0,0.890081,0.175652,0.138065,0.66528,12.849,1,0.619343,0.36288,0,96.1494,3.95546,91.9375,0.84672,12.849,0.84672,3695.15,0,18.483,0.173761,0.608429,2.08179,10.0447,1.00083,11.5603,0.42336,0,0,18.483,0.42336,442.007,0,1.01662,0,0,1.62505,0.608429,1.028160,1,0,103.636,0,0,0,103.636,0
68.0596,2.79894,0,0,5.06857,0.293471,0.36288,3.6288,61.308,0.375831,0,0,0.631282,0.215621,0.0398296,0.66528,12.849,1,0.541243,0.36288,0,133.043,3.84945,129.015,0.84672,12.849,0.84672,3695.15,0,18.483,0.113305,0.670723,2.08179,9.95173,1.10031,11.4906,0.42336,0,0,18.483,0.42336,442.007,0,1.02816,0,0,1.69888,0.670723,1.028160,1,0,140.546,0,0,0,140.546,0
69.546,2.80974,0,0,4.97362,0.314544,0.36288,3.6288,61.308,0.375832,0,0,1.69404,0.222677,1.09553,0.66528,12.849,1,0.530452,0.36288,0,175.321,3.75504,171.399,0.84672,12.849,0.84672,3695.15,0,18.483,0.113305,1.63198,1.79821,15.2122,1.00283,17.5263,0.42336,0,0,18.483,0.42336,442.007,0,1.02816,0,0,2.66014,1.63198,1.028160,1,0,190.02,0,0,0,190.02,0
70.4963,2.81931,0,0,4.45514,0.322666,0.36288,3.6288,61.308,0.375834,0,0,1.05653,0.206211,0.474489,0.66528,12.849,1,0.520883,0.36288,0,155.689,3.48621,152.045,0.84672,12.849,0.84672,3695.15,0,18.483,0.113305,1.15044,1.79822,10.8323,0.923894,12.7438,0.42336,0,0,18.483,0.42336,442.007,0,1.02816,0,0,2.1786,1.15044,1.028160,1,0,165.263,0,0,0,165.263,0
72.29,2.82525,0,0,6.67493,0.325042,1.73096,3.6288,61.308,0.375835,0,0,1.89603,0.206211,1.31398,0.66528,12.849,1,0.514944,1.73096,0,148.081,3.48621,145.811,0.84672,12.849,0.84672,3695.15,0,18.483,0.113306,2.76704,1.79822,15.6894,0.923894,19.2174,0.42336,0,0,18.483,0.42336,442.007,0,1.02816,0,0,3.7952,2.76704,1.028160,1,0,166.342,0,0,0,166.342,0
72.29,2.83611,0,0,7.44122,0.302349,4.30276,3.6288,61.308,0.375837,0,0,1.73908,0.236641,1.1266,0.66528,12.849,1,0.504096,4.30276,0,208.04,4.13982,207.699,0.84672,12.849,0.84672,3695.15,0,18.483,0.113306,2.10136,1.79822,20.8977,1.11846,23.5656,0.42336,0,0,18.483,0.42336,442.007,0,1.02816,0,0,3.12952,2.10136,1.028160,1,0,232.391,0,0,0,232.391,0
72.29,2.93973,0,0,4.62871,0.299061,1.38991,3.6288,61.1021,0.513397,0,0,0.496259,0.188724,0,0.66528,12.849,1,0.522515,1.38991,0,165.385,4.00565,162.247,0.84672,12.849,0.84672,3695.15,0,18.483,0.154778,0.558835,1.79822,11.4458,1.06328,12.5848,0.42336,0,0,18.483,0.42336,442.007,0,0.910155,0,0,1.46899,0.558835,1.028160,1,0,174.832,0,0,0,174.832,0
72.29,2.93974,0,0,4.57764,0.299061,1.33885,3.6288,61.308,0.422399,0,0,1.43471,0.188478,0.61797,0.66528,12.849,1,0.522516,1.33885,0,155.351,4.00565,152.161,0.84672,12.849,0.84672,3695.15,0,18.483,0.127773,1.8023,1.86824,13.6476,1.06328,16.1271,0.42336,0,0,18.483,0.42336,442.007,0,1.02816,0,0,2.83046,1.8023,1.028160,1,0,168.906,0,0,0,168.906,0
72.29,2.93974,0,0,3.66407,0.299061,0.425266,3.6288,61.308,0.42273,0,0,0.801325,0.188724,0.189872,0.66528,12.849,1,0.522517,0.425266,0,144.838,4.00565,140.735,0.84672,12.849,0.84672,3695.15,0,18.483,0.127444,0.906258,1.86825,10.3632,1.06328,11.947,0.42336,0,0,18.483,0.42336,442.007,0,1.02816,0,0,1.93442,0.906258,1.028160,1,0,152.872,0,0,0,152.872,0
72.29,2.93974,0,0,3.79889,0.257353,0.601789,3.6288,61.308,0.422731,0,0,0.832273,0.193671,0.215871,0.66528,12.849,1,0.522517,0.601789,0,119.455,4.02865,115.506,0.84672,12.849,0.84672,3695.15,0,18.483,0.127444,0.832455,1.86825,10.0176,1.0681,11.5227,0.42336,0,0,18.483,0.42336,442.007,0,1.02816,0,0,1.86062,0.832455,1.028160,1,0,127.244,0,0,0,127.244,0
72.29,2.89923,0,0,3.82031,0.241697,0.679386,3.6288,61.308,0.404522,0,0,1.02674,0.189056,0.433166,0.66528,12.849,1,0.515316,0.679386,0,109.393,3.94412,105.613,0.84672,12.849,0.84672,3695.15,0,18.483,0.121954,0.884693,1.86825,9.8598,1.05168,11.4391,0.42336,0,0,18.483,0.42336,442.007,0,1.02816,0,0,1.91285,0.884693,1.028160,1,0,117.485,0,0,0,117.485,0
72.29,2.89924,0,0,3.51448,0.241697,0.373552,3.6288,61.308,0.404523,0,0,0.961511,0.189056,0.367932,0.66528,12.849,1,0.515317,0.373552,0,100.428,3.94412,96.342,0.84672,12.849,0.84672,3695.15,0,18.483,0.121955,0.788573,1.841,8.44525,1.05168,9.90119,0.42336,0,0,18.483,0.42336,442.007,0,1.02816,0,0,1.81673,0.788573,1.028160,1,0,106.611,0,0,0,106.611,0
72.053,2.89924,0,0,3.23274,0.207662,0.36288,3.6288,61.308,0.404525,0,0,0.897938,0.216869,0.276545,0.66528,12.849,1,0.515318,0.36288,0,88.7043,4.21589,84.336,0.84672,12.849,0.84672,3695.15,0,18.483,0.121955,0.736776,1.841,8.23712,1.05257,9.64037,0.42336,0,0,18.483,0.42336,442.007,0,1.02816,0,0,1.76494,0.736776,1.028160,1,0,94.2529,0,0,0,94.2529,0
71.7264,2.8978,0,0,3.11921,0.185117,0.36288,3.6288,61.308,0.404526,0,0,0.907364,0.224316,0.278522,0.66528,12.849,1,0.516757,0.36288,0,78.0909,4.1502,73.7868,0.84672,12.849,0.84672,3695.15,0,18.483,0.121956,0.704065,1.841,8.88589,1.04522,10.2638,0.42336,0,0,18.483,0.42336,442.007,0,1.02816,0,0,1.73222,0.704065,1.028160,1,0,84.3291,0,0,0,84.3291,0
70.7003,3.03318,0,0,2.54915,0.179117,0.36288,3.6288,61.308,0.46911,0,0,0.746099,0.150428,0.126561,0.66528,12.849,1,0.543361,0.36288,0,63.123,3.49167,59.4508,0.84672,12.849,0.84672,3695.15,0,18.483,0.141426,0.727903,1.841,6.8796,0.927644,8.37944,0.42336,0,0,18.483,0.42336,442.007,0,1.02816,0,0,1.75606,0.727903,1.028160,1,0,67.9568,0,0,0,67.9568,0
69.545,3.02651,0,0,2.41181,0.177717,0.36288,3.6288,61.308,0.469111,0,0,0.666395,0.150428,0.0468551,0.66528,12.849,1,0.550035,0.36288,0,58.3994,3.49167,54.7206,0.84672,12.849,0.84672,3695.15,0,18.483,0.141427,0.503695,1.9363,6.4584,0.927644,7.82932,0.42336,0,0,18.483,0.42336,442.007,0,1.02816,0,0,1.53185,0.503695,1.028160,1,0,62.5968,0,0,0,62.5968,0
68.2997,3.0188,0,0,2.2816,0.145223,0.36288,3.6288,61.2542,0.490356,0,0,0.631956,0.195414,0,0.66528,12.849,1,0.557748,0.36288,0,53.5685,4.10286,49.2708,0.84672,12.849,0.84672,3695.15,0,18.483,0.147832,0.30119,1.9363,5.45818,1.09131,6.45654,0.42336,0,0,18.483,0.42336,442.007,0,1.00051,0,0,1.3017,0.30119,1.028160,1,0,55.7273,0,0,0,55.7273,0
66.9396,3.01025,0,0,2.11596,0.102997,0.36288,3.6288,61.0573,0.538876,0,0,0.597263,0.255308,0,0.66528,12.849,1,0.566308,0.36288,0,50.7774,4.91778,45.6562,0.84672,12.849,0.84672,3695.15,0,18.483,0.162602,0.30119,1.93631,5.09476,1.30952,5.86013,0.42336,0,0,18.483,0.42336,442.007,0,0.937224,0,0,1.23841,0.30119,1.028160,1,0,51.5163,0,0,0,51.5163,0
65.8245,3.0006,0,0,2.34969,0.101301,0.36288,3.6288,60.8205,0.569448,0,0,0.585676,0.253015,0,0.66528,12.849,1,0.575962,0.36288,0,48.836,4.97052,43.6524,0.84672,12.849,0.84672,3695.15,0,18.483,0.172381,0.30119,1.93631,4.50401,1.23765,5.33147,0.42336,0,0,18.483,0.42336,442.007,0,0.896875,0,0,1.19807,0.30119,1.028160,1,0,48.9839,0,0,0,48.9839,0
64.7553,2.96564,0,0,2.35961,0.100309,0.36288,3.6288,60.6204,0.540308,0,0,0.592585,0.252306,0,0.66528,12.849,1,0.578895,0.36288,0,46.5371,4.97931,41.3418,0.84672,12.849,0.84672,3695.15,0,18.483,0.164197,0.30119,1.93631,4.73168,1.22567,5.57931,0.42336,0,0,18.483,0.42336,442.007,0,0.980398,0,0,1.28159,0.30119,1.028160,1,0,46.9211,0,0,0,46.9211,0
63.6299,2.95766,0,0,2.29458,0.0994531,0.36288,3.6288,60.4192,0.51,0,0,0.560698,0.251986,0,0.66528,12.849,1,0.586871,0.36288,0,43.7073,4.97931,38.504,0.84672,12.849,0.84672,3695.15,0,18.483,0.155497,0.261274,1.966,4.8753,1.22567,5.72141,0.42336,0,0,18.483,0.42336,442.007,0,1.01941,0,0,1.28068,0.261274,1.028160,1,0,44.2254,0,0,0,44.2254,0
62.3388,2.94903,0,0,2.09261,0.0717318,0.36288,3.6288,60.0772,0.589824,0,0,0.545925,0.298036,0,0.66528,12.849,1,0.595508,0.36288,0,41.5643,5.63082,35.7008,0.84672,12.849,0.84672,3695.15,0,18.483,0.180435,0.261274,1.966,4.69884,1.44617,5.29951,0.42336,0,0,18.483,0.42336,442.007,0,0.914648,0,0,1.17592,0.261274,1.028160,1,0,41.0003,0,0,0,41.0003,0
60.8052,2.93881,0,0,1.83565,0.0675886,0.36288,3.6288,59.4838,0.747344,0,0,0.463721,0.309843,0,0.66528,12.849,1,0.605734,0.36288,0,42.1723,6.12238,35.807,0.84672,12.849,0.84672,3695.15,0,18.483,0.229923,0.261274,1.96601,4.02771,1.57425,4.45081,0.42336,0,0,18.483,0.42336,442.007,0,0.707642,0,0,0.968916,0.261274,1.028160,1,0,40.2578,0,0,0,40.2578,0
58.9954,2.99449,0,0,1.61482,0.0672196,0.36288,3.6288,58.5559,0.972519,0,0,0.371968,0.327331,0,0.66528,12.849,1,0.632779,0.36288,0,30.7469,6.00023,24.4768,0.84672,12.849,0.84672,3695.15,0,18.483,0.302184,0.261274,1.96601,3.01481,1.46132,3.47858,0.42336,0,0,18.483,0.42336,442.007,0,0.45138,0,0,0.712653,0.261274,1.028160,1,0,27.9554,0,0,0,27.9554,0
57.0809,2.97856,0,0,1.493,0.0661039,0.36288,3.6288,57.5406,1.0348,0,0,0.344946,0.325389,0,0.66528,12.849,1,0.648719,0.36288,0,29.4835,6.00023,23.1974,0.84672,12.849,0.84672,3695.15,0,18.483,0.326631,0.261274,2.01332,2.62134,1.46132,3.10799,0.42336,0,0,18.483,0.42336,442.007,0,0.364658,0,0,0.625932,0.261274,1.028160,1,0,26.3054,0,0,0,26.3054,0
55.2228,2.9608,0,0,1.52618,0.0605636,0.36288,3.6288,56.657,0.94088,0,0,0.383076,0.325792,0,0.66528,12.849,1,0.666481,0.36288,0,28.0418,6.075,21.6632,0.84672,12.849,0.84672,3695.15,0,18.483,0.302226,0.227405,2.01332,3.2424,1.47626,3.70465,0.42336,0,0,18.483,0.42336,442.007,0,0.482981,0,0,0.710386,0.227405,1.028160,1,0,25.3679,0,0,0,25.3679,0
53.4571,2.94261,0,0,1.59017,0.0503794,0.36288,3.6288,55.8512,0.902777,0,0,0.392736,0.295846,0,0.66528,12.849,1,0.684674,0.36288,0,28.0845,6.20038,21.5623,0.84672,12.849,0.84672,3695.15,0,18.483,0.294509,0.227405,2.01333,3.53935,1.52713,3.95844,0.42336,0,0,18.483,0.42336,442.007,0,0.528803,0,0,0.756207,0.227405,1.028160,1,0,25.5208,0,0,0,25.5208,0
50.6046,3.11969,0,0,0.716455,0.0864261,0.36288,3.6288,54.5494,1.23013,0,0,0.211016,0.282597,0,0.66528,12.849,1,0.749851,0.36288,0,14.726,5.55156,8.78748,0.84672,12.849,0.84672,3695.15,0,18.483,0.407091,0.227405,2.01333,2.13938,1.32794,2.64509,0.42336,0,0,18.483,0.42336,442.007,0,0.237478,0,0,0.464883,0.227405,1.028160,1,0,11.4326,0,0,0,11.4326,0
48.1353,3.08598,0,0,1.0677,0.0881104,0.36288,3.6288,53.3683,1.15179,0,0,0.249822,0.279162,0,0.66528,12.849,1,0.783561,0.36288,0,18.9562,5.52188,13.0137,0.84672,12.849,0.84672,3695.15,0,18.483,0.39026,0.227405,2.17355,2.34469,1.3243,3.03108,0.42336,0,0,18.483,0.42336,442.007,0,0.332655,0,0,0.560059,0.227405,1.028160,1,0,16.0448,0,0,0,16.0448,0
46.1366,3.05426,0,0,1.52286,0.104418,0.36288,3.6288,52.3146,1.1085,0,0,0.322848,0.268046,0,0.66528,12.849,1,0.815289,0.36288,0,27.8069,5.45834,21.8961,0.84672,12.849,0.84672,3695.15,0,18.483,0.383906,0.204422,2.17355,2.5672,1.30091,3.26036,0.42336,0,0,18.483,0.42336,442.007,0,0.382297,0,0,0.586719,0.204422,1.028160,1,0,25.1565,0,0,0,25.1565,0
43.7252,2.97753,0,0,1.02336,0.0944044,0.36288,3.6288,51.1977,1.10894,0,0,0.254291,0.262276,0,0.66528,12.849,1,0.829238,0.36288,0,28.0549,5.61109,21.9774,0.84672,12.849,0.84672,3695.15,0,18.483,0.391795,0.204422,2.17355,1.76206,1.29884,2.44939,0.42336,0,0,18.483,0.42336,442.007,0,0.343549,0,0,0.547971,0.204422,1.028160,1,0,24.4268,0,0,0,24.4268,0
42.6036,2.94218,0,0,2.30438,0.120865,0.36288,3.6288,50.7784,0.699823,0,0,0.52152,0.240942,0,0.66528,12.849,1,0.864585,0.36288,0,31.7528,5.16012,26.091,0.84672,12.849,0.84672,3695.15,0,18.483,0.252645,0.204422,2.13828,3.79885,1.23391,4.65501,0.42336,0,0,18.483,0.42336,442.007,0,0.891821,0,0,1.09624,0.204422,1.028160,1,0,30.746,0,0,0,30.746,0
40.8251,2.88223,0,0,1.59735,0.130763,0.36288,3.6288,50.6082,0.554513,0,0,0.61682,0.232556,0,0.66528,12.849,1,0.869265,0.36288,0,30.2279,4.97973,24.7418,0.84672,12.849,0.84672,3695.15,0,18.483,0.201839,0.491988,2.13829,3.66553,1.20793,4.88603,0.42336,0,0,18.483,0.42336,442.007,0,1.02816,0,0,1.52015,0.491988,1.028160,1,0,29.6278,0,0,0,29.6278,0
38.8898,2.85343,0,0,1.40912,0.128066,0.36288,3.6288,49.9317,0.791532,0,0,0.347271,0.232234,0,0.66528,12.849,1,0.89807,0.36288,0,31.3114,4.97973,25.7965,0.84672,12.849,0.84672,3695.15,0,18.483,0.289081,0.216518,2.08174,2.74886,1.20793,3.55011,0.42336,0,0,18.483,0.42336,442.007,0,0.703901,0,0,0.920419,0.216518,1.028160,1,0,29.3466,0,0,0,29.3466,0
36.7776,2.81985,0,0,1.19572,0.125193,0.36288,3.6288,49.1676,0.849702,0,0,0.316555,0.230953,0,0.66528,12.849,1,0.931663,0.36288,0,28.9325,4.97973,23.384,0.84672,12.849,0.84672,3695.15,0,18.483,0.314531,0.216518,2.08175,2.61567,1.20793,3.39148,0.42336,0,0,18.483,0.42336,442.007,0,0.620283,0,0,0.836801,0.216518,1.028160,1,0,26.7755,0,0,0,26.7755,0
35.3838,2.7802,0,0,1.95141,0.202195,0.36288,3.6288,48.8084,0.694415,0,0,0.509598,0.174397,0,0.66528,12.849,1,0.971317,0.36288,0,48.7406,3.82062,44.3115,0.84672,12.849,0.84672,3695.15,0,18.483,0.261043,0.216518,2.08175,4.21737,0.869601,5.385,0.42336,0,0,18.483,0.42336,442.007,0,0.82906,0,0,1.04558,0.216518,1.028160,1,0,49.6965,0,0,0,49.6965,0
33.2338,2.68104,0,0,1.09914,0.205139,0.36288,3.6288,48.5834,0.574319,0,0,0.580011,0.230672,0,0.66528,12.849,1,0.973572,0.36288,0,36.7449,3.82966,32.3045,0.84672,12.849,0.84672,3695.15,0,18.483,0.217486,0.216518,2.08175,4.19431,0.932344,5.34275,0.42336,0,0,18.483,0.42336,442.007,0,0.910609,0,0,1.12713,0.216518,1.028160,1,0,37.6473,0,0,0,37.6473,0
31.3304,2.63562,0,0,1.29483,0.199813,0.36288,3.6288,47.9862,0.810696,0,0,0.443711,0.230242,0,0.66528,12.849,1,1.01899,0.36288,0,42.5487,3.82966,38.0629,0.84672,12.849,0.84672,3695.15,0,18.483,0.30842,0.216518,2.00016,4.35927,0.932344,5.33518,0.42336,0,0,18.483,0.42336,442.007,0,0.583301,0,0,0.799819,0.216518,1.028160,1,0,43.3981,0,0,0,43.3981,0
32.0163,2.59172,0,0,3.83562,0.195098,0.36288,3.6288,48.7304,0.486769,0,0,1.46007,0.229102,0,0.66528,12.849,1,1.0629,0.36288,0,79.9813,3.82966,75.4516,0.84672,12.849,0.84672,3695.15,0,18.483,0.18749,1.79985,2.00016,7.67819,0.932344,10.3584,0.42336,0,0,18.483,0.42336,442.007,0,1.02816,0,0,2.82801,1.79985,1.028160,1,0,85.8099,0,0,0,85.8099,0
31.9014,2.56565,0,0,3.01512,0.201438,0.36288,3.6288,49.1576,0.468817,0,0,1.12872,0.232637,0,0.66528,12.849,1,1.02966,0.36288,0,90.3454,3.76825,85.9103,0.84672,12.849,0.84672,3695.15,0,18.483,0.177818,1.53133,2.00016,7.33722,0.911132,9.77976,0.42336,0,0,18.483,0.42336,442.007,0,1.02816,0,0,2.55949,1.53133,1.028160,1,0,95.6901,0,0,0,95.6901,0
31.4316,2.40908,0,0,2.50243,0.200284,0.36288,3.6288,49.3827,0.365743,0,0,0.79314,0.202306,0,0.66528,12.849,1,0.97031,0.36288,0,85.0046,3.94632,80.4509,0.84672,12.849,0.84672,3695.15,0,18.483,0.137517,0.622728,1.96771,5.46063,0.960846,6.9527,0.42336,0,0,18.483,0.42336,442.007,0,1.02816,0,0,1.65089,0.622728,1.028160,1,0,87.4036,0,0,0,87.4036,0
33.3044,2.35986,0,0,4.79463,0.199098,0.36288,3.6288,49.6271,0.348118,0,0,0.795203,0.202682,0,0.66528,12.849,1,0.964693,0.36288,0,79.9514,3.94632,75.4032,0.84672,12.849,0.84672,3695.15,0,18.483,0.130294,0.781298,1.81647,6.4604,0.960846,7.96704,0.42336,0,0,18.483,0.42336,442.007,0,1.02816,0,0,1.80946,0.781298,1.028160,1,0,83.3703,0,0,0,83.3703,0
35.0728,2.35944,0,0,4.69583,0.205124,0.36288,3.6288,50.0327,0.33048,0,0,0.93213,0.196123,0,0.66528,12.849,1,0.910283,0.36288,0,146.857,3.86382,142.445,0.84672,12.849,0.84672,3695.15,0,18.483,0.123083,0.733597,1.787,6.60924,0.938477,8.06827,0.42336,0,0,18.483,0.42336,442.007,0,1.02816,0,0,1.76176,0.733597,1.028160,1,0,150.514,0,0,0,150.514,0
34.6211,2.39303,0,0,2.52177,0.217579,0.36288,3.6288,49.7523,0.560999,0,0,0.43552,0.154838,0,0.66528,12.849,1,0.876693,0.36288,0,55.373,3.36882,51.4903,0.84672,12.849,0.84672,3695.15,0,18.483,0.207243,0.412474,1.75753,5.16402,0.804264,6.32251,0.42336,0,0,18.483,0.42336,442.007,0,0.713483,0,0,1.12596,0.412474,1.028160,1,0,57.8129,0,0,0,57.8129,0
33.8073,2.26471,0,0,2.03759,0.223792,0.36288,3.6288,49.3322,0.659087,0,0,0.433027,0.194115,0,0.66528,12.849,1,0.840507,0.36288,0,45.1342,4.08318,40.5733,0.84672,12.849,0.84672,3695.15,0,18.483,0.244851,0.412474,1.75753,4.14583,1.13319,4.93779,0.42336,0,0,18.483,0.42336,442.007,0,0.503237,0,0,0.91571,0.412474,1.028160,1,0,45.5111,0,0,0,45.5111,0
40.0448,2.32053,0,0,9.14803,0.227071,0.36288,3.6288,49.9765,0.30881,0,0,1.17619,0.223066,0,0.66528,12.849,1,0.881955,0.36288,0,160.289,4.61895,155.151,0.84672,12.849,0.84672,3695.15,0,18.483,0.1157,0.56832,1.6691,13.7208,1.37989,14.4626,0.42336,0,0,18.483,0.42336,442.007,0,1.02816,0,0,1.59648,0.56832,1.028160,1,0,169.614,0,0,0,169.614,0
42.6285,2.59579,0,0,5.78686,0.244535,0.36288,3.6288,50.5588,0.384803,0,0,1.19141,0.224251,0,0.66528,12.849,1,0.832898,0.36288,0,104.602,4.61895,99.5129,0.84672,12.849,0.84672,3695.15,0,18.483,0.142313,0.539404,1.72248,8.51057,1.37989,9.25025,0.42336,0,0,18.483,0.42336,442.007,0,1.02816,0,0,1.56756,0.539404,1.028160,1,0,108.763,0,0,0,108.763,0
42.8536,2.63456,0,0,3.47465,0.252084,0.36288,3.6288,51.3128,0.385996,0,0,1.36528,0.225321,0,0.66528,12.849,1,0.794104,0.36288,0,72.2416,4.61895,67.1915,0.84672,12.849,0.84672,3695.15,0,18.483,0.14111,0.682551,1.84414,4.61527,1.37989,5.62096,0.42336,0,0,18.483,0.42336,442.007,0,1.02816,0,0,1.71071,0.682551,1.028160,1,0,72.8124,0,0,0,72.8124,0
50.4929,2.59424,0,0,10.8427,0.246321,0.36288,3.6288,53.2801,0.368652,0,0,2.55541,0.219483,0,0.66528,12.849,1,0.777844,0.36288,0,185.933,4.21062,181.307,0.84672,12.849,0.84672,3695.15,0,18.483,0.13279,2.3185,1.84413,17.3141,1.27051,20.0735,0.42336,0,0,18.483,0.42336,442.007,0,1.02816,0,0,3.34666,2.3185,1.028160,1,0,201.381,0,0,0,201.381,0
53.8416,2.95022,0,0,6.9575,0.295679,0.36288,3.6288,54.7736,0.505812,0,0,2.2263,0.226925,0,0.66528,12.849,1,0.750747,0.36288,0,174.377,4.7503,169.239,0.84672,12.849,0.84672,3695.15,0,18.483,0.175467,1.67841,1.8137,19.4928,1.22668,21.5828,0.42336,0,0,18.483,0.42336,442.007,0,1.02816,0,0,2.70657,1.67841,1.028160,1,0,190.821,0,0,0,190.821,0
56.5354,3.03801,0,0,6.40077,0.306095,0.36288,3.6288,56.1518,0.530817,0,0,2.13837,0.229348,0,0.66528,12.849,1,0.725004,0.36288,0,128.879,4.7503,123.766,0.84672,12.849,0.84672,3695.15,0,18.483,0.179121,1.2959,2.01427,14.6832,1.22668,16.5875,0.42336,0,0,18.483,0.42336,442.007,0,1.02816,0,0,2.32406,1.2959,1.028160,1,0,140.354,0,0,0,140.354,0
58.3774,3.11671,0,0,5.63611,0.314474,0.36288,3.6288,57.4484,0.555685,0,0,2.08371,0.231433,0,0.66528,12.849,1,0.708346,0.36288,0,131.163,4.7503,126.067,0.84672,12.849,0.84672,3695.15,0,18.483,0.18291,1.14876,2.04804,13.0101,1.22668,14.7973,0.42336,0,0,18.483,0.42336,442.007,0,1.02816,0,0,2.17692,1.14876,1.028160,1,0,140.865,0,0,0,140.865,0
61.4227,3.13501,0,0,6.85498,0.311869,0.36288,3.6288,59.0357,0.558799,0,0,2.38134,0.235296,0,0.66528,12.849,1,0.690022,0.36288,0,122.419,4.48137,117.611,0.84672,12.849,0.84672,3695.15,0,18.483,0.179784,1.5591,2.08181,14.0745,1.07197,16.4636,0.42336,0,0,18.483,0.42336,442.007,0,1.02816,0,0,2.58726,1.5591,1.028160,1,0,134.074,0,0,0,134.074,0
65.3954,2.76231,0,0,7.438,0.340048,0.36288,3.6288,60.9224,0.372501,0,0,2.47317,0.213907,0,0.66528,12.849,1,0.577848,0.36288,0,109.984,4.16808,105.601,0.84672,12.849,0.84672,3695.15,0,18.483,0.116623,2.98976,2.0818,18.7263,0.853822,22.8274,0.42336,0,0,18.483,0.42336,442.007,0,1.02816,0,0,4.01792,2.98976,1.028160,1,0,128.428,0,0,0,128.428,0
67.8035,2.79163,0,0,5.91383,0.35122,0.36288,3.6288,61.308,0.375264,0,0,1.87618,0.216496,0.898848,0.66528,12.849,1,0.548505,0.36288,0,125.099,4.16808,120.746,0.84672,12.849,0.84672,3695.15,0,18.483,0.11385,1.73544,1.7982,13.7919,0.853822,16.3579,0.42336,0,0,18.483,0.42336,442.007,0,1.02816,0,0,2.7636,1.73544,1.028160,1,0,138.002,0,0,0,138.002,0
68.2925,2.80799,0,0,4.0069,0.347049,0.36288,3.6288,61.308,0.375807,0,0,1.2965,0.211008,0.709686,0.66528,12.849,1,0.532124,0.36288,0,100.916,4.08088,96.6659,0.84672,12.849,0.84672,3695.15,0,18.483,0.113297,1.25986,1.79819,12.4552,0.841297,14.5586,0.42336,0,0,18.483,0.42336,442.007,0,1.02816,0,0,2.28802,1.25986,1.028160,1,0,111.934,0,0,0,111.934,0
70.2833,2.81118,0,0,5.44731,0.282475,0.36288,3.6288,61.308,0.375799,0,0,1.5454,0.17491,0.994693,0.66528,12.849,1,0.528914,0.36288,0,103.242,3.55771,99.5182,0.84672,12.849,0.84672,3695.15,0,18.483,0.113295,1.68498,1.79818,13.3491,0.766144,15.9528,0.42336,0,0,18.483,0.42336,442.007,0,1.02816,0,0,2.71314,1.68498,1.028160,1,0,116.466,0,0,0,116.466,0
70.8412,2.82383,0,0,4.0176,0.272992,0.36288,3.6288,61.308,0.375791,0,0,1.43724,0.173717,0.88773,0.66528,12.849,1,0.516244,0.36288,0,81.0899,4.28552,76.651,0.84672,12.849,0.84672,3695.15,0,18.483,0.113293,1.16666,1.79816,10.0869,0.798263,12.1402,0.42336,0,0,18.483,0.42336,442.007,0,1.02816,0,0,2.19482,1.16666,1.028160,1,0,89.6789,0,0,0,89.6789,0
72.29,2.93055,0,0,6.47622,0.268589,1.82827,3.6288,61.308,0.42267,0,0,2.261,0.173239,1.66509,0.66528,12.849,1,0.531536,1.82827,0,127.652,4.57663,124.372,0.84672,12.849,0.84672,3695.15,0,18.483,0.127426,2.57187,1.79815,15.6632,0.811111,19.0947,0.42336,0,0,18.483,0.42336,442.007,0,1.02816,0,0,3.60003,2.57187,1.028160,1,0,145.132,0,0,0,145.132,0
72.29,2.93958,0,0,5.09528,0.271574,1.88413,3.6288,61.308,0.422662,0,0,2.0155,0.173239,1.4196,0.66528,12.849,1,0.522487,1.88413,0,98.2956,4.57663,95.0806,0.84672,12.849,0.84672,3695.15,0,18.483,0.127423,1.82083,1.86815,13.0744,0.811111,15.8248,0.42336,0,0,18.483,0.42336,442.007,0,1.02816,0,0,2.84899,1.82083,1.028160,1,0,112.325,0,0,0,112.325,0
72.29,2.93956,0,0,4.04434,0.271574,0.833211,3.6288,61.308,0.422653,0,0,1.57572,0.173239,0.979827,0.66528,12.849,1,0.522484,0.833211,0,76.4631,4.57663,72.1972,0.84672,12.849,0.84672,3695.15,0,18.483,0.127421,1.19788,1.86814,9.87889,0.811111,12.0064,0.42336,0,0,18.483,0.42336,442.007,0,1.02816,0,0,2.22604,1.19788,1.028160,1,0,85.1834,0,0,0,85.1834,0
72.29,2.93954,0,0,3.68779,0.201945,0.546313,3.6288,61.308,0.422645,0,0,1.37699,0.19608,0.758266,0.66528,12.849,1,0.52248,0.546313,0,68.7511,4.4457,64.3292,0.84672,12.849,0.84672,3695.15,0,18.483,0.127418,1.12784,1.86813,7.92089,0.833573,9.95587,0.42336,0,0,18.483,0.42336,442.007,0,1.02816,0,0,2.156,1.12784,1.028160,1,0,75.0433,0,0,0,75.0433,0
72.1393,2.899,0,0,3.29643,0.185256,0.36288,3.6288,61.308,0.404427,0,0,1.49768,0.199644,0.893612,0.66528,12.849,1,0.515276,0.36288,0,61.6988,4.1285,57.418,0.84672,12.849,0.84672,3695.15,0,18.483,0.121926,1.37994,1.86812,6.71929,0.831815,9.01361,0.42336,0,0,18.483,0.42336,442.007,0,1.02816,0,0,2.4081,1.37994,1.028160,1,0,67.3252,0,0,0,67.3252,0
71.6674,2.89807,0,0,2.97411,0.185044,0.36288,3.6288,61.308,0.404419,0,0,1.28083,0.199644,0.676765,0.66528,12.849,1,0.516186,0.36288,0,59.9701,4.1285,55.6883,0.84672,12.849,0.84672,3695.15,0,18.483,0.121923,0.793575,1.84085,6.84653,0.831815,8.52722,0.42336,0,0,18.483,0.42336,442.007,0,1.02816,0,0,1.82174,0.793575,1.028160,1,0,64.8922,0,0,0,64.8922,0
71.9338,2.89517,0,0,3.68269,0.158263,0.36288,3.6288,61.308,0.404411,0,0,1.53651,0.211761,0.920339,0.66528,12.849,1,0.519065,0.36288,0,66.4211,4.28611,61.9788,0.84672,12.849,0.84672,3695.15,0,18.483,0.121921,0.961502,1.84084,6.95854,0.866033,8.77293,0.42336,0,0,18.483,0.42336,442.007,0,1.02816,0,0,1.98966,0.961502,1.028160,1,0,71.6721,0,0,0,71.6721,0
71.445,2.89678,0,0,2.86406,0.0931574,0.36288,3.6288,61.308,0.404403,0,0,1.15824,0.242053,0.511779,0.66528,12.849,1,0.51743,0.36288,0,55.2562,4.68016,50.4215,0.84672,12.849,0.84672,3695.15,0,18.483,0.121919,1.11263,1.84083,5.99462,0.951581,7.87458,0.42336,0,0,18.483,0.42336,442.007,0,1.02816,0,0,2.14079,1.11263,1.028160,1,0,58.8078,0,0,0,58.8078,0
70.4211,3.03103,0,0,2.48808,0.118148,0.36288,3.6288,61.308,0.46897,0,0,1.0843,0.215584,0.399749,0.66528,12.849,1,0.545114,0.36288,0,41.5382,4.81677,36.5392,0.84672,12.849,0.84672,3695.15,0,18.483,0.141384,0.487763,1.84082,4.58228,1.06292,5.70655,0.42336,0,0,18.483,0.42336,442.007,0,1.02816,0,0,1.51592,0.487763,1.028160,1,0,42.6455,0,0,0,42.6455,0
69.329,3.02431,0,0,2.41237,0.117225,0.36288,3.6288,61.308,0.532612,0,0,0.991596,0.215584,0.243399,0.66528,12.849,1,0.551814,0.36288,0,38.1876,4.81677,33.1819,0.84672,12.849,0.84672,3695.15,0,18.483,0.160571,0.402797,1.93609,4.26205,1.06292,5.37744,0.42336,0,0,18.483,0.42336,442.007,0,0.94532,0,0,1.34812,0.402797,1.028160,1,0,38.8027,0,0,0,38.8027,0
68.008,3.01695,0,0,2.14695,0.0880932,0.36288,3.6288,61.308,0.49809,0,0,0.941181,0.234471,0.208621,0.66528,12.849,1,0.559143,0.36288,0,33.7834,5.03097,28.5561,0.84672,12.849,0.84672,3695.15,0,18.483,0.150163,0.30119,1.93607,4.14607,1.11765,5.11552,0.42336,0,0,18.483,0.42336,442.007,0,0.990239,0,0,1.29143,0.30119,1.028160,1,0,33.8803,0,0,0,33.8803,0
66.6037,3.0078,0,0,2.03266,0.0662968,0.36288,3.6288,61.308,0.55668,0,0,0.901973,0.248636,0.0966568,0.66528,12.849,1,0.568274,0.36288,0,32.1904,5.19162,26.7934,0.84672,12.849,0.84672,3695.15,0,18.483,0.167827,0.30119,1.93606,4.10033,1.1587,5.01105,0.42336,0,0,18.483,0.42336,442.007,0,0.913974,0,0,1.21516,0.30119,1.028160,1,0,31.9011,0,0,0,31.9011,0
65.372,2.99773,0,0,2.22085,0.0919271,0.36288,3.6288,61.308,0.468936,0,0,1.00431,0.258089,0.27728,0.66528,12.849,1,0.578314,0.36288,0,40.2354,5.33292,34.687,0.84672,12.849,0.84672,3695.15,0,18.483,0.141374,0.585481,1.93605,5.0367,1.1961,6.22075,0.42336,0,0,18.483,0.42336,442.007,0,1.02816,0,0,1.61364,0.585481,1.028160,1,0,41.185,0,0,0,41.185,0
64.1981,2.96184,0,0,2.2242,0.0733998,0.36288,3.6288,61.308,0.504418,0,0,0.978644,0.303133,0.171093,0.66528,12.849,1,0.582156,0.36288,0,41.9003,5.43375,36.2473,0.84672,12.849,0.84672,3695.15,0,18.483,0.152071,0.704385,1.93603,5.43272,1.34775,6.57332,0.42336,0,0,18.483,0.42336,442.007,0,1.02816,0,0,1.73254,0.704385,1.028160,1,0,42.9917,0,0,0,42.9917,0
62.9243,2.95295,0,0,2.11469,0.0727098,0.36288,3.6288,61.308,0.504409,0,0,0.930813,0.303133,0.123271,0.66528,12.849,1,0.591022,0.36288,0,38.165,5.43375,32.5031,0.84672,12.849,0.84672,3695.15,0,18.483,0.152068,0.644907,1.9657,5.19021,1.34775,6.30101,0.42336,0,0,18.483,0.42336,442.007,0,1.02816,0,0,1.67307,0.644907,1.028160,1,0,38.9273,0,0,0,38.9273,0
61.5054,2.943,0,0,1.95895,0.071961,0.36288,3.6288,61.308,0.5044,0,0,0.821474,0.303133,0.0139407,0.66528,12.849,1,0.600953,0.36288,0,35.8432,5.43375,30.1714,0.84672,12.849,0.84672,3695.15,0,18.483,0.152066,0.565955,1.96569,4.89427,1.34775,5.92611,0.42336,0,0,18.483,0.42336,442.007,0,1.02816,0,0,1.59411,0.565955,1.028160,1,0,36.1114,0,0,0,36.1114,0
59.9435,2.93151,0,0,1.79989,0.0673326,0.36288,3.6288,61.2318,0.504392,0,0,0.742288,0.314099,0,0.66528,12.849,1,0.612417,0.36288,0,33.9359,5.5431,28.1433,0.84672,12.849,0.84672,3695.15,0,18.483,0.152063,0.384091,1.96568,4.51551,1.38345,5.32977,0.42336,0,0,18.483,0.42336,442.007,0,1.02816,0,0,1.41225,0.384091,1.028160,1,0,33.4731,0,0,0,33.4731,0
58.1408,2.98646,0,0,1.60369,0.057075,0.36288,3.6288,60.9347,0.603386,0,0,0.647672,0.341349,0,0.66528,12.849,1,0.640152,0.36288,0,30.6354,5.81648,24.5416,0.84672,12.849,0.84672,3695.15,0,18.483,0.182134,0.261274,1.96566,3.76382,1.4727,4.33592,0.42336,0,0,18.483,0.42336,442.007,0,0.940248,0,0,1.20152,0.261274,1.028160,1,0,28.8775,0,0,0,28.8775,0
56.2102,2.97018,0,0,1.45855,0.0560905,0.36288,3.6288,60.4508,0.74639,0,0,0.603176,0.340708,0,0.66528,12.849,1,0.656404,0.36288,0,28.559,5.81648,22.449,0.84672,12.849,0.84672,3695.15,0,18.483,0.226398,0.261274,2.01295,3.35432,1.4727,3.92944,0.42336,0,0,18.483,0.42336,442.007,0,0.752967,0,0,1.01424,0.261274,1.028160,1,0,26.3784,0,0,0,26.3784,0
54.4354,2.95181,0,0,1.58834,0.0485133,0.36288,3.6288,60.2907,0.534239,0,0,0.711964,0.337873,0,0.66528,12.849,1,0.674749,0.36288,0,28.6941,5.92461,22.4577,0.84672,12.849,0.84672,3695.15,0,18.483,0.163345,0.249981,2.01294,4.74279,1.49861,5.34375,0.42336,0,0,18.483,0.42336,442.007,0,1.02816,0,0,1.27814,0.249981,1.028160,1,0,27.8014,0,0,0,27.8014,0
52.6717,2.93399,0,0,1.57188,0.0386536,0.36288,3.6288,60.1242,0.533898,0,0,0.676192,0.308782,0,0.66528,12.849,1,0.692544,0.36288,0,28.4301,6.04999,22.0504,0.84672,12.849,0.84672,3695.15,0,18.483,0.163674,0.258491,2.01293,4.20406,1.54949,4.76232,0.42336,0,0,18.483,0.42336,442.007,0,1.02816,0,0,1.28665,0.258491,1.028160,1,0,26.8128,0,0,0,26.8128,0
50.4473,3.11003,0,0,1.30955,0.061084,0.36288,3.6288,59.5037,0.834336,0,0,0.538817,0.324976,0,0.66528,12.849,1,0.758677,0.36288,0,20.0407,5.74995,13.8949,0.84672,12.849,0.84672,3695.15,0,18.483,0.256487,0.227405,2.01291,3.41924,1.4263,3.97677,0.42336,0,0,18.483,0.42336,442.007,0,0.783475,0,0,1.01088,0.227405,1.028160,1,0,17.8717,0,0,0,17.8717,0
48.3263,3.08335,0,0,1.38406,0.0587434,0.36288,3.6288,59.0933,0.700783,0,0,0.61979,0.329422,0,0.66528,12.849,1,0.785334,0.36288,0,21.5101,5.78718,15.3004,0.84672,12.849,0.84672,3695.15,0,18.483,0.217677,0.227405,2.17308,3.41851,1.4232,4.17812,0.42336,0,0,18.483,0.42336,442.007,0,0.955826,0,0,1.18323,0.227405,1.028160,1,0,19.4785,0,0,0,19.4785,0
45.9474,3.0561,0,0,1.09743,0.0574249,0.36288,3.6288,58.3234,0.906503,0,0,0.465198,0.328557,0,0.66528,12.849,1,0.812556,0.36288,0,23.6189,5.78718,17.3821,0.84672,12.849,0.84672,3695.15,0,18.483,0.283533,0.204422,2.17306,2.7448,1.4232,3.41555,0.42336,0,0,18.483,0.42336,442.007,0,0.684236,0,0,0.888659,0.204422,1.028160,1,0,20.7976,0,0,0,20.7976,0
43.8883,2.97415,0,0,1.33386,0.0559395,0.36288,3.6288,58.125,0.619396,0,0,0.747918,0.326936,0,0.66528,12.849,1,0.831708,0.36288,0,20.5883,5.78718,14.3323,0.84672,12.849,0.84672,3695.15,0,18.483,0.19629,0.445193,2.17305,3.95493,1.4232,4.95368,0.42336,0,0,18.483,0.42336,442.007,0,1.02816,0,0,1.47335,0.445193,1.028160,1,0,19.286,0,0,0,19.286,0
41.7529,2.94394,0,0,1.27071,0.0993,0.36288,3.6288,57.6646,0.698331,0,0,0.550974,0.313013,0,0.66528,12.849,1,0.861887,0.36288,0,23.1413,5.4819,17.1604,0.84672,12.849,0.84672,3695.15,0,18.483,0.22206,0.204422,2.13777,3.4029,1.38274,4.14029,0.42336,0,0,18.483,0.42336,442.007,0,0.923443,0,0,1.12787,0.204422,1.028160,1,0,21.3007,0,0,0,21.3007,0
40.0037,2.86796,0,0,1.61119,0.129545,0.36288,3.6288,57.4094,0.587634,0,0,0.634356,0.301985,0,0.66528,12.849,1,0.882585,0.36288,0,22.902,5.25294,17.1293,0.84672,12.849,0.84672,3695.15,0,18.483,0.188352,0.204422,2.13776,3.20827,1.35239,4.00971,0.42336,0,0,18.483,0.42336,442.007,0,1.00807,0,0,1.21249,0.204422,1.028160,1,0,21.139,0,0,0,21.139,0
38.0146,2.83873,0,0,1.33947,0.126892,0.36288,3.6288,57.4321,0.571795,0,0,0.895978,0.301487,0,0.66528,12.849,1,0.911788,0.36288,0,21.1557,5.25294,15.3539,0.84672,12.849,0.84672,3695.15,0,18.483,0.18409,1.10883,2.08121,3.63757,1.35239,5.29113,0.42336,0,0,18.483,0.42336,442.007,0,1.02816,0,0,2.13699,1.10883,1.028160,1,0,20.645,0,0,0,20.645,0
35.906,2.75757,0,0,1.13579,0.123993,0.36288,3.6288,56.9799,0.63711,0,0,0.486439,0.301531,0,0.66528,12.849,1,0.932063,0.36288,0,21.1261,5.25294,15.304,0.84672,12.849,0.84672,3695.15,0,18.483,0.205037,0.216518,2.0812,2.69057,1.35239,3.43085,0.42336,0,0,18.483,0.42336,442.007,0,0.912937,0,0,1.12946,0.216518,1.028160,1,0,18.7348,0,0,0,18.7348,0
33.8943,2.76206,0,0,1.25494,0.141694,0.36288,3.6288,56.5744,0.642667,0,0,0.511987,0.274774,0,0.66528,12.849,1,0.988408,0.36288,0,20.6224,4.8423,15.1546,0.84672,12.849,0.84672,3695.15,0,18.483,0.208467,0.216518,2.04742,2.83783,1.23905,3.65425,0.42336,0,0,18.483,0.42336,442.007,0,0.932887,0,0,1.14941,0.216518,1.028160,1,0,18.8088,0,0,0,18.8088,0
32.1577,2.64925,0,0,1.44181,0.166266,0.36288,3.6288,56.2054,0.702702,0,0,0.555874,0.222174,0,0.66528,12.849,1,1.00431,0.36288,0,26.249,3.83187,21.7757,0.84672,12.849,0.84672,3695.15,0,18.483,0.229574,0.216518,2.08117,3.07586,1.01328,4.13069,0.42336,0,0,18.483,0.42336,442.007,0,0.769651,0,0,0.98617,0.216518,1.028160,1,0,25.9064,0,0,0,25.9064,0
30.2468,2.61048,0,0,1.22524,0.162716,0.36288,3.6288,56.0737,0.533882,0,0,0.623843,0.22164,0,0.66528,12.849,1,1.04305,0.36288,0,21.4574,3.83187,16.9454,0.84672,12.849,0.84672,3695.15,0,18.483,0.175566,0.216518,1.99959,3.41879,1.01328,4.44604,0.42336,0,0,18.483,0.42336,442.007,0,0.992468,0,0,1.20899,0.216518,1.028160,1,0,21.3914,0,0,0,21.3914,0
30.9348,2.56422,0,0,3.77379,0.158747,0.36288,3.6288,57.342,0.506719,0,0,1.99641,0.221449,0,0.66528,12.849,1,1.08929,0.36288,0,74.3413,3.83187,69.783,0.84672,12.849,0.84672,3695.15,0,18.483,0.167025,2.83836,1.99957,8.12944,1.01328,11.7871,0.42336,0,0,18.483,0.42336,442.007,0,1.02816,0,0,3.86652,2.83836,1.028160,1,0,81.5701,0,0,0,81.5701,0
30.9065,2.58132,0,0,3.09853,0.182602,0.36288,3.6288,58.3346,0.509504,0,0,1.70256,0.200381,0,0.66528,12.849,1,1.07217,0.36288,0,60.3018,3.5054,56.0871,0.84672,12.849,0.84672,3695.15,0,18.483,0.164228,0.659794,1.99956,6.1471,0.920805,7.72142,0.42336,0,0,18.483,0.42336,442.007,0,1.02816,0,0,1.68795,0.659794,1.028160,1,0,63.8085,0,0,0,63.8085,0
32.1246,2.38626,0,0,4.15874,0.191487,0.36288,3.6288,59.0518,0.381801,0,0,1.29823,0.199223,0,0.66528,12.849,1,0.992057,0.36288,0,49.0861,3.6002,44.8567,0.84672,12.849,0.84672,3695.15,0,18.483,0.120972,1.24883,1.99955,8.16939,0.89063,10.4062,0.42336,0,0,18.483,0.42336,442.007,0,1.02816,0,0,2.27699,1.24883,1.028160,1,0,55.2629,0,0,0,55.2629,0
33.699,2.37395,0,0,4.50217,0.190942,0.36288,3.6288,59.8096,0.363992,0,0,1.32668,0.20488,0,0.66528,12.849,1,0.949518,0.36288,0,66.5079,3.68855,62.2327,0.84672,12.849,0.84672,3695.15,0,18.483,0.113928,1.00088,1.8159,7.46683,0.906152,9.26352,0.42336,0,0,18.483,0.42336,442.007,0,1.02816,0,0,2.02904,1.00088,1.028160,1,0,71.4962,0,0,0,71.4962,0
34.1551,2.36637,0,0,3.38,0.194721,0.36288,3.6288,60.3433,0.346109,0,0,1.08564,0.205876,0,0.66528,12.849,1,0.902265,0.36288,0,70.2319,3.68855,66.004,0.84672,12.849,0.84672,3695.15,0,18.483,0.106958,1.86885,1.78642,6.87702,0.906152,9.51917,0.42336,0,0,18.483,0.42336,442.007,0,1.02816,0,0,2.89701,1.86885,1.028160,1,0,75.5231,0,0,0,75.5231,0
33.4577,2.3751,0,0,2.23641,0.195815,0.36288,3.6288,60.4086,0.354875,0,0,0.626727,0.206577,0,0.66528,12.849,1,0.893505,0.36288,0,38.8829,3.68855,34.6638,0.84672,12.849,0.84672,3695.15,0,18.483,0.108697,0.412474,1.75694,5.75014,0.906152,6.90471,0.42336,0,0,18.483,0.42336,442.007,0,1.01765,0,0,1.43012,0.412474,1.028160,1,0,41.5685,0,0,0,41.5685,0
32.7063,2.24281,0,0,2.06703,0.212717,0.36288,3.6288,60.6135,0.28984,0,0,0.709106,0.214346,0,0.66528,12.849,1,0.861322,0.36288,0,54.3192,3.86619,49.9546,0.84672,12.849,0.84672,3695.15,0,18.483,0.0886815,0.599219,1.75693,7.94817,1.02276,9.19287,0.42336,0,0,18.483,0.42336,442.007,0,1.02816,0,0,1.62738,0.599219,1.028160,1,0,59.1475,0,0,0,59.1475,0
31.6592,2.29839,0,0,1.83505,0.220909,0.36288,3.6288,61.1139,0.324914,0,0,1.00782,0.182531,0,0.66528,12.849,1,0.902947,0.36288,0,80.8194,3.37722,76.9021,0.84672,12.849,0.84672,3695.15,0,18.483,0.0990766,0.845294,1.66852,7.62402,0.959677,9.07908,0.42336,0,0,18.483,0.42336,442.007,0,1.02816,0,0,1.87345,0.845294,1.028160,1,0,85.9812,0,0,0,85.9812,0
31.3499,2.27712,0,0,2.54876,0.218023,0.36288,3.6288,61.308,0.32552,0,0,1.56364,0.18311,0.860882,0.66528,12.849,1,0.924177,0.36288,0,93.1573,3.37722,89.2188,0.84672,12.849,0.84672,3695.15,0,18.483,0.0984488,1.13503,1.72186,7.16057,0.959677,8.95934,0.42336,0,0,18.483,0.42336,442.007,0,1.02816,0,0,2.16319,1.13503,1.028160,1,0,99.039,0,0,0,99.039,0
34.1839,2.27062,0,0,5.68471,0.21717,0.36288,3.6288,61.308,0.325743,0,0,2.07001,0.183335,1.56093,0.66528,12.849,1,0.93063,0.36288,0,102.851,3.37722,98.9065,0.84672,12.849,0.84672,3695.15,0,18.483,0.0982044,1.9921,1.72184,11.3246,0.959677,13.9807,0.42336,0,0,18.483,0.42336,442.007,0,1.02816,0,0,3.02026,1.9921,1.028160,1,0,114.448,0,0,0,114.448,0
39.6656,2.32666,0,0,8.36581,0.194662,0.36288,3.6288,61.308,0.325727,0,0,2.59575,0.165909,2.10411,0.66528,12.849,1,0.87454,0.36288,0,164.017,3.17907,160.327,0.84672,12.849,0.84672,3695.15,0,18.483,0.0981994,2.60312,1.72181,16.2922,0.942385,19.5765,0.42336,0,0,18.483,0.42336,442.007,0,1.02816,0,0,3.63128,2.60312,1.028160,1,0,182.007,0,0,0,182.007,0
42.2306,2.65375,0,0,5.81612,0.234427,0.36288,3.6288,61.308,0.456894,0,0,2.53205,0.194401,1.88075,0.66528,12.849,1,0.859638,0.36288,0,155.055,3.61148,150.947,0.84672,12.849,0.84672,3695.15,0,18.483,0.137743,3.00155,1.72179,15.5548,0.92634,19.214,0.42336,0,0,18.483,0.42336,442.007,0,1.02816,0,0,4.02971,3.00155,1.028160,1,0,172.042,0,0,0,172.042,0
45.7727,2.69374,0,0,6.84029,0.241627,0.36288,3.6288,61.308,0.456876,0,0,3.10637,0.194401,2.4551,0.66528,12.849,1,0.819592,0.36288,0,235.743,3.61148,231.675,0.84672,12.849,0.84672,3695.15,0,18.483,0.137738,4.49257,1.91218,22.4678,0.92634,27.8085,0.42336,0,0,18.483,0.42336,442.007,0,1.02816,0,0,5.52073,4.49257,1.028160,1,0,261.939,0,0,0,261.939,0
47.8703,2.74322,0,0,5.4571,0.253368,0.36288,3.6288,61.308,0.456857,0,0,2.45649,0.181269,1.81836,0.66528,12.849,1,0.770059,0.36288,0,174.936,3.38463,171.144,0.84672,12.849,0.84672,3695.15,0,18.483,0.137732,2.68089,1.91215,15.3845,0.861294,18.9785,0.42336,0,0,18.483,0.42336,442.007,0,1.02816,0,0,3.70905,2.68089,1.028160,1,0,191.941,0,0,0,191.941,0
49.8001,2.96544,0,0,5.5199,0.261734,0.36288,3.6288,61.308,0.544915,0,0,2.05838,0.163759,1.34971,0.66528,12.849,1,0.795963,0.36288,0,149.63,3.08217,146.115,0.84672,12.849,0.84672,3695.15,0,18.483,0.16428,3.31725,1.91213,16.0481,0.774567,20.3386,0.42336,0,0,18.483,0.42336,442.007,0,1.02816,0,0,4.34541,3.31725,1.028160,1,0,167.803,0,0,0,167.803,0
54.5677,2.65399,0,0,8.04661,0.262206,0.36288,3.6288,61.308,0.375331,0,0,3.59201,0.204267,3.01241,0.66528,12.849,1,0.68476,0.36288,0,270.269,3.68918,266.258,0.84672,12.849,0.84672,3695.15,0,18.483,0.113154,4.15809,2.04717,26.7788,0.922753,31.9482,0.42336,0,0,18.483,0.42336,442.007,0,1.02816,0,0,5.18625,4.15809,1.028160,1,0,301.218,0,0,0,301.218,0
60.1596,2.70238,0,0,8.93264,0.275453,0.36288,3.6288,61.308,0.375314,0,0,2.6404,0.204267,2.06082,0.66528,12.849,1,0.636327,0.36288,0,205.673,3.68918,201.711,0.84672,12.849,0.84672,3695.15,0,18.483,0.113149,5.25059,1.79744,28.0154,0.922753,34.0275,0.42336,0,0,18.483,0.42336,442.007,0,1.02816,0,0,6.27875,5.25059,1.028160,1,0,237.799,0,0,0,237.799,0
72.29,2.75108,0,0,16.343,0.290991,1.17051,3.6288,61.308,0.375297,0,0,5.71754,0.204267,5.13797,0.66528,12.849,1,0.58758,1.17051,0,224.529,3.68918,221.423,0.84672,12.849,0.84672,3695.15,0,18.483,0.113144,7.38677,1.79742,41.0889,0.922753,49.2372,0.42336,0,0,18.483,0.42336,442.007,0,1.02816,0,0,8.41493,7.38677,1.028160,1,0,275.798,0,0,0,275.798,0
72.29,2.83475,0,0,9.99095,0.322143,6.83406,3.6288,61.308,0.37528,0,0,2.826,0.136138,2.31458,0.66528,12.849,1,0.503855,6.83406,0,202.278,3.3766,205.232,0.84672,12.849,0.84672,3695.15,0,18.483,0.113139,3.98299,1.79739,27.2684,0.810106,32.1255,0.42336,0,0,18.483,0.42336,442.007,0,1.02816,0,0,5.01115,3.98299,1.028160,1,0,239.672,0,0,0,239.672,0
72.29,2.83471,0,0,8.99018,0.324638,5.83083,3.6288,61.308,0.375263,0,0,3.4373,0.174702,2.88734,0.66528,12.849,1,0.503848,5.83083,0,219.436,4.23753,220.526,0.84672,12.849,0.84672,3695.15,0,18.483,0.113133,5.98793,1.79736,19.7265,0.903086,26.4956,0.42336,0,0,18.483,0.42336,442.007,0,1.02816,0,0,7.01609,5.98793,1.028160,1,0,249.908,0,0,0,249.908,0
72.29,2.93824,0,0,8.5549,0.318736,5.29792,3.6288,61.308,0.422111,0,0,4.38471,0.219944,3.74266,0.66528,12.849,1,0.52225,5.29792,0,165.664,4.15947,166.28,0.84672,12.849,0.84672,3695.15,0,18.483,0.127257,7.84158,1.79734,20.8784,0.893627,29.4964,0.42336,0,0,18.483,0.42336,442.007,0,1.02816,0,0,8.86974,7.84158,1.028160,1,0,199.52,0,0,0,199.52,0
72.29,2.9382,0,0,7.21812,0.318736,3.96118,3.6288,61.308,0.422093,0,0,3.93548,0.219944,3.29344,0.66528,12.849,1,0.522242,3.96118,0,115.36,4.15947,114.64,0.84672,12.849,0.84672,3695.15,0,18.483,0.127252,7.17241,1.86729,21.2574,0.893627,29.2762,0.42336,0,0,18.483,0.42336,442.007,0,1.02816,0,0,8.20057,7.17241,1.028160,1,0,147.21,0,0,0,147.21,0
72.29,2.93815,0,0,8.08212,0.318736,4.82523,3.6288,61.308,0.422075,0,0,4.0836,0.219944,3.44158,0.66528,12.849,1,0.522235,4.82523,0,174.149,4.15947,174.292,0.84672,12.849,0.84672,3695.15,0,18.483,0.127246,7.60078,1.86727,23.6145,0.893627,32.0617,0.42336,0,0,18.483,0.42336,442.007,0,1.02816,0,0,8.62894,7.60078,1.028160,1,0,209.795,0,0,0,209.795,0
72.29,2.93811,0,0,6.96807,0.293945,3.73602,3.6288,61.308,0.422057,0,0,3.40076,0.219708,2.759,0.66528,12.849,1,0.522227,3.73602,0,167.206,4.28211,166.137,0.84672,12.849,0.84672,3695.15,0,18.483,0.127241,6.55672,1.86724,21.4361,0.918608,28.8142,0.42336,0,0,18.483,0.42336,442.007,0,1.02816,0,0,7.58488,6.55672,1.028160,1,0,197.71,0,0,0,197.71,0
72.29,2.89757,0,0,5.8322,0.231969,2.70266,3.6288,61.308,0.403839,0,0,2.43036,0.219119,1.80741,0.66528,12.849,1,0.515022,2.70266,0,127.215,4.58871,124.814,0.84672,12.849,0.84672,3695.15,0,18.483,0.121748,5.06966,1.86721,14.8503,0.98106,20.6843,0.42336,0,0,18.483,0.42336,442.007,0,1.02816,0,0,6.09782,5.06966,1.028160,1,0,147.306,0,0,0,147.306,0
72.29,2.89753,0,0,5.38833,0.231969,2.25883,3.6288,61.308,0.403821,0,0,2.21102,0.219119,1.58808,0.66528,12.849,1,0.515014,2.25883,0,119.769,4.58871,116.925,0.84672,12.849,0.84672,3695.15,0,18.483,0.121743,3.91622,1.83995,12.7237,0.98106,17.3771,0.42336,0,0,18.483,0.42336,442.007,0,1.02816,0,0,4.94438,3.91622,1.028160,1,0,135.89,0,0,0,135.89,0
72.29,2.89749,0,0,5.01555,0.231969,1.88609,3.6288,61.308,0.403804,0,0,2.07516,0.219119,1.45223,0.66528,12.849,1,0.515007,1.88609,0,109.065,4.58871,105.848,0.84672,12.849,0.84672,3695.15,0,18.483,0.121738,3.4078,1.83992,11.3832,0.98106,15.5281,0.42336,0,0,18.483,0.42336,442.007,0,1.02816,0,0,4.43596,3.4078,1.028160,1,0,122.828,0,0,0,122.828,0
72.29,2.89745,0,0,4.58716,0.204962,1.48475,3.6288,61.308,0.403786,0,0,1.90779,0.239432,1.26457,0.66528,12.849,1,0.514999,1.48475,0,98.0847,4.86459,94.1899,0.84672,12.849,0.84672,3695.15,0,18.483,0.121733,3.21467,1.83989,10.295,1.00114,14.2267,0.42336,0,0,18.483,0.42336,442.007,0,1.02816,0,0,4.24283,3.21467,1.028160,1,0,109.681,0,0,0,109.681,0
72.29,3.03485,0,0,4.04028,0.172972,0.832459,3.6288,61.308,0.46831,0,0,1.58645,0.244121,0.87402,0.66528,12.849,1,0.539421,0.832459,0,79.9667,4.84477,75.4149,0.84672,12.849,0.84672,3695.15,0,18.483,0.141185,2.77006,1.83986,9.27703,1.07812,12.6676,0.42336,0,0,18.483,0.42336,442.007,0,1.02816,0,0,3.79822,2.77006,1.028160,1,0,88.9566,0,0,0,88.9566,0
72.29,3.0348,0,0,3.75979,0.140598,0.584389,3.6288,61.308,0.468291,0,0,1.43326,0.252101,0.712871,0.66528,12.849,1,0.539413,0.584389,0,69.8993,5.02908,64.9152,0.84672,12.849,0.84672,3695.15,0,18.483,0.141179,2.28303,1.93507,8.77038,1.16465,11.6827,0.42336,0,0,18.483,0.42336,442.007,0,1.02816,0,0,3.31119,2.28303,1.028160,1,0,77.3108,0,0,0,77.3108,0
72.29,3.03476,0,0,3.7084,0.140598,0.533043,3.6288,61.308,0.468273,0,0,1.43747,0.252101,0.717097,0.66528,12.849,1,0.539405,0.533043,0,66.1427,5.02908,61.1072,0.84672,12.849,0.84672,3695.15,0,18.483,0.141174,2.42347,1.93504,8.34978,1.16465,11.4025,0.42336,0,0,18.483,0.42336,442.007,0,1.02816,0,0,3.45163,2.42347,1.028160,1,0,73.2268,0,0,0,73.2268,0
72.0635,3.03472,0,0,3.32647,0.15535,0.36288,3.6288,61.308,0.468255,0,0,1.37072,0.248151,0.654314,0.66528,12.849,1,0.539398,0.36288,0,62.4663,4.77523,57.5146,0.84672,12.849,0.84672,3695.15,0,18.483,0.141168,2.44278,1.93501,7.69029,1.17444,10.7525,0.42336,0,0,18.483,0.42336,442.007,0,1.02816,0,0,3.47094,2.44278,1.028160,1,0,68.9214,0,0,0,68.9214,0
71.6677,3.03323,0,0,3.14354,0.143212,0.36288,3.6288,61.308,0.468236,0,0,1.01182,0.254712,0.288873,0.66528,12.849,1,0.540828,0.36288,0,54.4262,4.58336,49.6649,0.84672,12.849,0.84672,3695.15,0,18.483,0.141163,1.6953,1.93499,6.64967,1.25542,8.88337,0.42336,0,0,18.483,0.42336,442.007,0,1.02816,0,0,2.72346,1.6953,1.028160,1,0,58.8372,0,0,0,58.8372,0
71.211,3.00351,0,0,3.0289,0.119224,0.36288,3.6288,61.2715,0.503688,0,0,0.730763,0.263584,0,0.66528,12.849,1,0.538487,0.36288,0,51.9203,4.69329,47.0514,0.84672,12.849,0.84672,3695.15,0,18.483,0.151851,1.01965,1.93496,6.29223,1.30637,7.78861,0.42336,0,0,18.483,0.42336,442.007,0,1.02816,0,0,2.04781,1.01965,1.028160,1,0,54.84,0,0,0,54.84,0
70.5288,3.00054,0,0,2.80002,0.118809,0.36288,3.6288,61.2109,0.503599,0,0,0.706493,0.263523,0,0.66528,12.849,1,0.541404,0.36288,0,51.6065,4.69329,46.7347,0.84672,12.849,0.84672,3695.15,0,18.483,0.151914,0.985003,1.9646,6.38038,1.30637,7.8717,0.42336,0,0,18.483,0.42336,442.007,0,1.02816,0,0,2.01316,0.985003,1.028160,1,0,54.6064,0,0,0,54.6064,0
69.5936,2.99607,0,0,2.54196,0.118189,0.36288,3.6288,61.1114,0.503465,0,0,0.667405,0.263422,0,0.66528,12.849,1,0.545826,0.36288,0,50.0728,4.69329,45.1965,0.84672,12.849,0.84672,3695.15,0,18.483,0.152024,0.78751,1.96457,5.99745,1.30637,7.29113,0.42336,0,0,18.483,0.42336,442.007,0,1.02816,0,0,1.81567,0.78751,1.028160,1,0,52.4877,0,0,0,52.4877,0
68.4131,2.98983,0,0,2.28147,0.109303,0.36288,3.6288,60.9364,0.503256,0,0,0.609605,0.281341,0,0.66528,12.849,1,0.55201,0.36288,0,42.6681,4.98582,37.4932,0.84672,12.849,0.84672,3695.15,0,18.483,0.152209,0.630046,1.96454,5.63505,1.38612,6.69131,0.42336,0,0,18.483,0.42336,442.007,0,1.02816,0,0,1.65821,0.630046,1.028160,1,0,44.1845,0,0,0,44.1845,0
67.0546,3.05136,0,0,2.14863,0.092871,0.36288,3.6288,60.6758,0.534467,0,0,0.586714,0.312814,0,0.66528,12.849,1,0.573091,0.36288,0,41.9396,5.75295,35.9764,0.84672,12.849,0.84672,3695.15,0,18.483,0.162113,0.564926,1.96451,4.97653,1.50395,5.8399,0.42336,0,0,18.483,0.42336,442.007,0,1.02816,0,0,1.59309,0.564926,1.028160,1,0,41.8163,0,0,0,41.8163,0
65.5946,3.04157,0,0,2.03636,0.0918847,0.36288,3.6288,60.3545,0.533914,0,0,0.524896,0.312297,0,0.66528,12.849,1,0.582825,0.36288,0,37.0574,5.75295,31.0845,0.84672,12.849,0.84672,3695.15,0,18.483,0.16264,0.720204,2.01176,5.19784,1.50395,6.26321,0.42336,0,0,18.483,0.42336,442.007,0,1.02816,0,0,1.74836,0.720204,1.028160,1,0,37.3477,0,0,0,37.3477,0
64.0139,3.03068,0,0,1.90364,0.0908248,0.36288,3.6288,59.9953,0.533232,0,0,0.485645,0.31166,0,0.66528,12.849,1,0.593664,0.36288,0,35.2363,5.75295,29.2525,0.84672,12.849,0.84672,3695.15,0,18.483,0.163297,0.569756,2.01173,4.56092,1.50395,5.47515,0.42336,0,0,18.483,0.42336,442.007,0,1.02816,0,0,1.59792,0.569756,1.028160,1,0,34.7277,0,0,0,34.7277,0
62.421,3.01842,0,0,1.87804,0.0896771,0.36288,3.6288,59.6773,0.532465,0,0,0.525423,0.310948,0,0.66528,12.849,1,0.605864,0.36288,0,32.6958,5.75295,26.6999,0.84672,12.849,0.84672,3695.15,0,18.483,0.164039,0.677462,2.0117,5.15789,1.50395,6.17906,0.42336,0,0,18.483,0.42336,442.007,0,1.02816,0,0,1.70562,0.677462,1.028160,1,0,32.879,0,0,0,32.879,0
60.3276,3.20629,0,0,1.55103,0.0752484,0.36288,3.6288,58.9116,0.808283,0,0,0.377512,0.33491,0,0.66528,12.849,1,0.659996,0.36288,0,25.185,6.2721,18.6158,0.84672,12.849,0.84672,3695.15,0,18.483,0.250338,0.227405,2.01167,4.49905,1.59859,4.88919,0.42336,0,0,18.483,0.42336,442.007,0,0.814501,0,0,1.04191,0.227405,1.028160,1,0,23.505,0,0,0,23.505,0
58.2123,3.18736,0,0,1.51614,0.0812161,0.36288,3.6288,58.0173,0.927072,0,0,0.368703,0.335918,0,0.66528,12.849,1,0.678867,0.36288,0,25.4027,6.27039,18.8163,0.84672,12.849,0.84672,3695.15,0,18.483,0.290861,0.227405,2.17172,3.71069,1.59462,4.22433,0.42336,0,0,18.483,0.42336,442.007,0,0.655163,0,0,0.882567,0.227405,1.028160,1,0,23.0407,0,0,0,23.0407,0
55.8048,3.16711,0,0,1.20213,0.07958,0.36288,3.6288,56.8698,1.09028,0,0,0.276743,0.33399,0,0.66528,12.849,1,0.699065,0.36288,0,27.8933,6.27039,21.2867,0.84672,12.849,0.84672,3695.15,0,18.483,0.347339,0.227405,2.17168,2.97941,1.59462,3.43654,0.42336,0,0,18.483,0.42336,442.007,0,0.435449,0,0,0.662854,0.227405,1.028160,1,0,24.7233,0,0,0,24.7233,0
53.6828,3.14255,0,0,1.46114,0.0777159,0.36288,3.6288,56.2447,0.738475,0,0,0.444927,0.331515,0,0.66528,12.849,1,0.723568,0.36288,0,24.3143,6.27039,17.6832,0.84672,12.849,0.84672,3695.15,0,18.483,0.240009,0.204422,2.17165,4.29294,1.59462,4.83439,0.42336,0,0,18.483,0.42336,442.007,0,0.894556,0,0,1.09898,0.204422,1.028160,1,0,22.5176,0,0,0,22.5176,0
51.1975,3.11942,0,0,1.07218,0.0751507,0.36288,3.6288,55.2404,1.00815,0,0,0.302093,0.298299,0,0.66528,12.849,1,0.746635,0.36288,0,27.464,5.8587,21.2215,0.84672,12.849,0.84672,3695.15,0,18.483,0.331295,0.204422,2.17162,3.50491,1.51419,4.03547,0.42336,0,0,18.483,0.42336,442.007,0,0.533572,0,0,0.737994,0.204422,1.028160,1,0,25.257,0,0,0,25.257,0
49.6318,2.99611,0,0,1.86282,0.0695953,0.36288,3.6288,54.8243,0.608432,0,0,0.461925,0.2696,0,0.66528,12.849,1,0.751932,0.36288,0,27.0907,5.74109,20.9606,0.84672,12.849,0.84672,3695.15,0,18.483,0.203577,0.204422,2.17159,4.33488,1.57484,4.93248,0.42336,0,0,18.483,0.42336,442.007,0,0.970859,0,0,1.17528,0.204422,1.028160,1,0,25.8931,0,0,0,25.8931,0
47.2444,2.97722,0,0,1.02122,0.0684574,0.36288,3.6288,53.9711,0.883102,0,0,0.298799,0.268863,0,0.66528,12.849,1,0.770764,0.36288,0,34.2876,5.74109,28.1386,0.84672,12.849,0.84672,3695.15,0,18.483,0.297722,0.204422,2.07983,2.69908,1.57484,3.11077,0.42336,0,0,18.483,0.42336,442.007,0,0.602018,0,0,0.80644,0.204422,1.028160,1,0,31.2494,0,0,0,31.2494,0
44.8157,2.94656,0,0,0.947471,0.0667063,0.36288,3.6288,52.9795,1.02754,0,0,0.303315,0.26735,0,0.66528,12.849,1,0.801372,0.36288,0,20.3658,5.74109,14.1862,0.84672,12.849,0.84672,3695.15,0,18.483,0.351891,0.216518,2.0798,2.0397,1.57484,2.40928,0.42336,0,0,18.483,0.42336,442.007,0,0.403389,0,0,0.619907,0.216518,1.028160,1,0,16.5955,0,0,0,16.5955,0
43.9094,2.91277,0,0,2.50709,0.137787,0.36288,3.6288,52.691,0.559453,0,0,0.544546,0.273583,0,0.66528,12.849,1,0.835112,0.36288,0,30.3564,5.18364,24.7005,0.84672,12.849,0.84672,3695.15,0,18.483,0.195177,0.548286,2.07977,5.95863,1.45114,6.94036,0.42336,0,0,18.483,0.42336,442.007,0,1.02816,0,0,1.57645,0.548286,1.028160,1,0,31.6409,0,0,0,31.6409,0
41.921,2.82449,0,0,1.36086,0.161845,0.36288,3.6288,52.1099,0.727987,0,0,0.387055,0.240199,0,0.66528,12.849,1,0.826517,0.36288,0,21.2343,5.23278,15.5379,0.84672,12.849,0.84672,3695.15,0,18.483,0.255364,0.216518,2.07974,1.9697,1.16864,2.84195,0.42336,0,0,18.483,0.42336,442.007,0,0.717388,0,0,0.933906,0.216518,1.028160,1,0,18.3798,0,0,0,18.3798,0
40.4601,2.79444,0,0,1.85453,0.158169,0.36288,3.6288,51.8293,0.548926,0,0,0.507457,0.239079,0,0.66528,12.849,1,0.856511,0.36288,0,32.8863,5.23278,27.1599,0.84672,12.849,0.84672,3695.15,0,18.483,0.1947,0.216518,1.99819,3.9064,1.16864,4.75777,0.42336,0,0,18.483,0.42336,442.007,0,0.957087,0,0,1.17361,0.216518,1.028160,1,0,31.9176,0,0,0,31.9176,0
40.0613,2.77093,0,0,2.92056,0.185489,0.36288,3.6288,51.833,0.495741,0,0,0.726625,0.227183,0,0.66528,12.849,1,0.879971,0.36288,0,46.4613,4.87533,41.0688,0.84672,12.849,0.84672,3695.15,0,18.483,0.176787,0.432449,1.99816,3.63137,1.11673,4.76846,0.42336,0,0,18.483,0.42336,442.007,0,1.02816,0,0,1.46061,0.432449,1.028160,1,0,45.8373,0,0,0,45.8373,0
