0st_vol,0capacity,0net_inf,0st_rof,0lt_rof,0rest_demand,0unrest_demand,0unfulf_demand,0wastewater,0treat_capacity,0agg_price,0res_price,0gross_rev,0drought_cost,0cont_contrib,0debt_serv,0infra_npv,1st_vol,1capacity,1net_inf,1st_rof,1lt_rof,1rest_demand,1unrest_demand,1unfulf_demand,1wastewater,1treat_capacity,1agg_price,1res_price,1gross_rev,1drought_cost,1cont_contrib,1debt_serv,1infra_npv
85.139,85.139,5.2858,0,0,2.46977,2.46977,0,0,4.47552,4.43944e+06,3.03805e+06,1.09644e+07,0,0,0,0,80.8192,79.791,3.8522,0,0,1.12031,1.12031,0,0,2.1168,9.22605e+06,4.06077e+06,1.0336e+07,0,0,0,0
84.725,85.139,2.54616,0,0,2.47031,2.47031,0,0.462835,4.47552,4.43944e+06,3.03805e+06,1.09668e+07,0,0,0,0,80.8192,79.791,2.99943,0,0,1.12055,1.12055,0,0.865549,2.1168,9.22605e+06,4.06077e+06,1.03382e+07,0,0,0,0
85.139,85.139,6.92789,0,0,2.47084,2.47084,0,0.462935,4.47552,4.43944e+06,3.03805e+06,1.09691e+07,0,0,0,0,80.8192,79.791,6.77944,0,0,1.12079,1.12079,0,0.865735,2.1168,9.22605e+06,4.06077e+06,1.03405e+07,0,0,0,0
85.139,85.139,6.30432,0,0,2.47137,2.47137,0,0.463035,4.47552,4.43944e+06,3.03805e+06,1.09715e+07,0,0,0,0,80.8192,79.791,8.68065,0,0,1.12103,1.12103,0,0.865922,2.1168,9.22605e+06,4.06077e+06,1.03427e+07,0,0,0,0
85.139,85.139,4.09166,0,0,2.71301,2.71301,0,0.463135,4.47552,4.43944e+06,3.03805e+06,1.20442e+07,0,0,0,0,80.8192,79.791,5.19211,0,0,1.25311,1.25311,0,0.866109,2.1168,9.22605e+06,4.06077e+06,1.15613e+07,0,0,0,0
84.9921,85.139,3.09746,0,0,2.71359,2.71359,0,0.508418,4.47552,4.43944e+06,3.03805e+06,1.20468e+07,0,0,0,0,80.8192,79.791,3.72537,0,0,1.25338,1.25338,0,0.968154,2.1168,9.22605e+06,4.06077e+06,1.15638e+07,0,0,0,0
85.139,85.139,3.7889,0,0,2.71418,2.71418,0,0.508528,4.47552,4.43944e+06,3.03805e+06,1.20494e+07,0,0,0,0,80.8192,79.791,4.09047,0,0,1.25365,1.25365,0,0.968363,2.1168,9.22605e+06,4.06077e+06,1.15663e+07,0,0,0,0
85.139,85.139,4.29374,0,0,2.71477,2.71477,0,0.508637,4.47552,4.43944e+06,3.03805e+06,1.2052e+07,0,0,0,0,80.8192,79.791,4.57297,0,0,1.25392,1.25392,0,0.968572,2.1168,9.22605e+06,4.06077e+06,1.15688e+07,0,0,0,0
85.139,85.139,4.01255,0,0,2.37116,2.37116,0,0.508747,4.47552,4.43944e+06,3.03805e+06,1.05266e+07,0,0,0,0,80.8192,79.791,5.06248,0,0,1.07711,1.07711,0,0.968781,2.1168,9.22605e+06,4.06077e+06,9.9375e+06,0,0,0,0
85.139,85.139,4.04278,0,0,2.37168,2.37168,0,0.444356,4.47552,4.43944e+06,3.03805e+06,1.05289e+07,0,0,0,0,80.8192,79.791,5.09829,0,0,1.07735,1.07735,0,0.832177,2.1168,9.22605e+06,4.06077e+06,9.93964e+06,0,0,0,0
85.139,85.139,3.62067,0,0,2.37219,2.37219,0,0.444452,4.47552,4.43944e+06,3.03805e+06,1.05312e+07,0,0,0,0,80.8192,79.791,4.34681,0,0,1.07758,1.07758,0,0.832357,2.1168,9.22605e+06,4.06077e+06,9.94179e+06,0,0,0,0
85.139,85.139,4.19975,0,0,2.3727,2.3727,0,0.444548,4.47552,4.43944e+06,3.03805e+06,1.05334e+07,0,0,0,0,80.8192,79.791,4.22591,0,0,1.07781,1.07781,0,0.832536,2.1168,9.22605e+06,4.06077e+06,9.94393e+06,0,0,0,0
85.139,85.139,4.35115,0,0,2.37321,2.37321,0,0.444644,4.47552,4.43944e+06,3.03805e+06,1.05357e+07,0,0,0,0,80.8192,79.791,4.07033,0,0,1.07804,1.07804,0,0.832716,2.1168,9.22605e+06,4.06077e+06,9.94608e+06,0,0,0,0
85.139,85.139,5.82493,0,0,2.46045,2.46045,0,0.44474,4.47552,4.43944e+06,3.03805e+06,1.0923e+07,0,0,0,0,80.8192,79.791,5.80524,0,0,1.12164,1.12164,0,0.832896,2.1168,9.22605e+06,4.06077e+06,1.03483e+07,0,0,0,0
85.139,85.139,4.57422,0,0,2.46099,2.46099,0,0.461089,4.47552,4.43944e+06,3.03805e+06,1.09254e+07,0,0,0,0,80.8192,79.791,5.13014,0,0,1.12188,1.12188,0,0.866581,2.1168,9.22605e+06,4.06077e+06,1.03506e+07,0,0,0,0
85.139,85.139,3.82032,0,0,2.46152,2.46152,0,0.461189,4.47552,4.43944e+06,3.03805e+06,1.09277e+07,0,0,0,0,80.8192,79.791,4.54153,0,0,1.12213,1.12213,0,0.866768,2.1168,9.22605e+06,4.06077e+06,1.03528e+07,0,0,0,0
85.139,85.139,3.40225,0,0,2.46205,2.46205,0,0.461288,4.47552,4.43944e+06,3.03805e+06,1.09301e+07,0,0,0,0,80.8192,79.791,4.16366,0,0,1.12237,1.12237,0,0.866955,2.1168,9.22605e+06,4.06077e+06,1.0355e+07,0,0,0,0
85.139,85.139,3.52185,0,0,2.42864,2.42864,0,0.461388,4.47552,4.43944e+06,3.03805e+06,1.07818e+07,0,0,0,0,80.8192,79.791,4.29282,0,0,1.10575,1.10575,0,0.867143,2.1168,9.22605e+06,4.06077e+06,1.02017e+07,0,0,0,0
85.139,85.139,3.30623,0,0,2.42916,2.42916,0,0.455127,4.47552,4.43944e+06,3.03805e+06,1.07841e+07,0,0,0,0,80.8192,79.791,3.81246,0,0,1.10599,1.10599,0,0.854305,2.1168,9.22605e+06,4.06077e+06,1.02039e+07,0,0,0,0
85.139,85.139,2.97251,0,0,2.42969,2.42969,0,0.455225,4.47552,4.43944e+06,3.03805e+06,1.07864e+07,0,0,0,0,80.8192,79.791,3.42308,0,0,1.10623,1.10623,0,0.85449,2.1168,9.22605e+06,4.06077e+06,1.02061e+07,0,0,0,0
85.1245,85.139,2.84534,0,0,2.43021,2.43021,0,0.455323,4.47552,4.43944e+06,3.03805e+06,1.07888e+07,0,0,0,0,80.8192,79.791,3.28118,0,0,1.10647,1.10647,0,0.854674,2.1168,9.22605e+06,4.06077e+06,1.02083e+07,0,0,0,0
85.0281,85.139,2.82786,0,0,2.54604,2.54604,0,0.455422,4.47552,4.43944e+06,3.03805e+06,1.1303e+07,0,0,0,0,80.8192,79.791,3.52165,0,0,1.16654,1.16654,0,0.854859,2.1168,9.22605e+06,4.06077e+06,1.07626e+07,0,0,0,0
84.8235,85.139,2.7085,0,0,2.54659,2.54659,0,0.477129,4.47552,4.43944e+06,3.03805e+06,1.13054e+07,0,0,0,0,80.8192,79.791,3.79104,0,0,1.1668,1.1668,0,0.901271,2.1168,9.22605e+06,4.06077e+06,1.07649e+07,0,0,0,0
84.5716,85.139,2.64851,0,0,2.54714,2.54714,0,0.477232,4.47552,4.43944e+06,3.03805e+06,1.13079e+07,0,0,0,0,80.8192,79.791,3.44095,0,0,1.16705,1.16705,0,0.901466,2.1168,9.22605e+06,4.06077e+06,1.07672e+07,0,0,0,0
84.014,85.139,2.31507,0,0,2.54769,2.54769,0,0.477335,4.47552,4.43944e+06,3.03805e+06,1.13103e+07,0,0,0,0,80.8192,79.791,3.2168,0,0,1.1673,1.1673,0,0.901661,2.1168,9.22605e+06,4.06077e+06,1.07696e+07,0,0,0,0
83.3145,85.139,2.11148,0,0,2.54824,2.54824,0,0.477438,4.47552,4.43944e+06,3.03805e+06,1.13128e+07,0,0,0,0,80.8192,79.791,3.01827,0,0,1.16755,1.16755,0,0.901855,2.1168,9.22605e+06,4.06077e+06,1.07719e+07,0,0,0,0
82.3331,85.139,1.77854,0,0,2.52597,2.52597,0,0.477541,4.47552,4.43944e+06,3.03805e+06,1.12139e+07,0,0,0,0,80.8192,79.791,2.53731,0,0,1.20073,1.20073,0,0.90205,2.1168,9.22605e+06,4.06077e+06,1.1078e+07,0,0,0,0
81.2795,85.139,1.68638,0,0,2.52651,2.52651,0,0.473366,4.47552,4.43944e+06,3.03805e+06,1.12163e+07,0,0,0,0,80.8192,79.791,2.45438,0,0,1.20098,1.20098,0,0.92768,2.1168,9.22605e+06,4.06077e+06,1.10803e+07,0,0,0,0
80.1239,85.139,1.57022,0,0,2.52706,2.52706,0,0.473468,4.47552,4.43944e+06,3.03805e+06,1.12187e+07,0,0,0,0,80.8192,79.791,2.29117,0,0,1.20124,1.20124,0,0.927881,2.1168,9.22605e+06,4.06077e+06,1.10827e+07,0,0,0,0
78.8954,85.139,1.48572,0,0,2.5276,2.5276,0,0.473571,4.47552,4.43944e+06,3.03805e+06,1.12211e+07,0,0,0,0,80.8192,79.791,2.15934,0,0,1.2015,1.2015,0,0.928081,2.1168,9.22605e+06,4.06077e+06,1.10851e+07,0,0,0,0
77.7679,85.139,1.60519,0,0,2.58715,2.58715,0,0.473673,4.47552,4.43944e+06,3.03805e+06,1.14855e+07,0,0,0,0,80.8192,79.791,2.2821,0,0,1.23113,1.23113,0,0.928281,2.1168,9.22605e+06,4.06077e+06,1.13585e+07,0,0,0,0
76.587,85.139,1.53447,0,0,2.58771,2.58771,0,0.484832,4.47552,4.43944e+06,3.03805e+06,1.1488e+07,0,0,0,0,80.8192,79.791,2.30608,0,0,1.23139,1.23139,0,0.95117,2.1168,9.22605e+06,4.06077e+06,1.13609e+07,0,0,0,0
75.2776,85.139,1.39311,0,0,2.58827,2.58827,0,0.484937,4.47552,4.43944e+06,3.03805e+06,1.14905e+07,0,0,0,0,80.8192,79.791,2.10372,0,0,1.23166,1.23166,0,0.951375,2.1168,9.22605e+06,4.06077e+06,1.13634e+07,0,0,0,0
73.8273,85.139,1.22585,0,0,2.58883,2.58883,0,0.485042,4.47552,4.43944e+06,3.03805e+06,1.14929e+07,0,0,0,0,80.8192,79.791,2.07729,0,0,1.23193,1.23193,0,0.951581,2.1168,9.22605e+06,4.06077e+06,1.13658e+07,0,0,0,0
71.9567,85.139,0.937856,0,0,2.76232,2.76232,0,0.485146,4.47552,4.43944e+06,3.03805e+06,1.22631e+07,0,0,0,0,80.5663,79.791,1.87663,0,0,1.33828,1.33828,0,0.951786,2.1168,9.22605e+06,4.06077e+06,1.2347e+07,0,0,0,0
69.8747,85.139,0.7017,0,0,2.76292,2.76292,0,0.517659,4.47552,4.43944e+06,3.03805e+06,1.22658e+07,0,0,0,0,80.4343,79.791,1.52082,0,0,1.33857,1.33857,0,1.03395,2.1168,9.22605e+06,4.06077e+06,1.23497e+07,0,0,0,0
68.1477,85.139,1.08767,0,0,2.76351,2.76351,0,0.517771,4.47552,4.43944e+06,3.03805e+06,1.22684e+07,0,0,0,0,80.3384,79.791,1.81249,0,0,1.33886,1.33886,0,1.03418,2.1168,9.22605e+06,4.06077e+06,1.23524e+07,0,0,0,0
66.7848,85.139,1.46418,0,0,2.76411,2.76411,0,0.517883,4.47552,4.43944e+06,3.03805e+06,1.22711e+07,0,0,0,0,80.3571,79.791,1.96159,0,0,1.33915,1.33915,0,1.0344,2.1168,9.22605e+06,4.06077e+06,1.2355e+07,0,0,0,0
65.5383,85.139,1.54645,0,0,2.76471,2.76471,0,0.517995,4.47552,4.43944e+06,3.03805e+06,1.22737e+07,0,0,0,0,80.4658,79.791,2.5918,0,0,1.33944,1.33944,0,1.03462,2.1168,9.22605e+06,4.06077e+06,1.23577e+07,0,0,0,0
64.57,85.139,1.79537,0,0,2.68093,2.68093,0,0.518106,4.47552,4.43944e+06,3.03805e+06,1.19018e+07,0,0,0,0,80.7429,79.791,2.51415,0,0,1.27527,1.27527,0,1.03485,2.1168,9.22605e+06,4.06077e+06,1.17657e+07,0,0,0,0
63.3272,85.139,1.50332,0,0,2.68151,2.68151,0,0.502407,4.47552,4.43944e+06,3.03805e+06,1.19044e+07,0,0,0,0,80.8192,79.791,4.10044,0,0,1.27554,1.27554,0,0.98527,2.1168,9.22605e+06,4.06077e+06,1.17682e+07,0,0,0,0
61.8838,85.139,1.29085,0,0,2.68209,2.68209,0,0.502516,4.47552,4.43944e+06,3.03805e+06,1.1907e+07,0,0,0,0,80.8192,79.791,2.21288,0,0,1.27582,1.27582,0,0.985483,2.1168,9.22605e+06,4.06077e+06,1.17707e+07,0,0,0,0
60.6305,85.139,1.49942,0.01,0,2.68267,2.68267,0,0.502624,4.47552,4.43944e+06,3.03805e+06,1.19095e+07,0,0,0,0,80.8192,79.791,2.26582,0,0,1.27609,1.27609,0,0.985696,2.1168,9.22605e+06,4.06077e+06,1.17733e+07,0,0,0,0
60.5833,85.139,2.82987,0.01,0,2.61394,2.61394,0,0.502733,4.47552,4.43944e+06,3.03805e+06,1.16044e+07,0,0,0,0,80.8192,79.791,4.99558,0,0,1.21764,1.21764,0,0.985909,2.1168,9.22605e+06,4.06077e+06,1.1234e+07,0,0,0,0
59.6819,85.139,1.8842,0.01,0,2.6145,2.6145,0,0.489852,4.47552,4.43944e+06,3.03805e+06,1.16069e+07,0,0,0,0,80.8192,79.791,2.86479,0,0,1.21791,1.21791,0,0.94075,2.1168,9.22605e+06,4.06077e+06,1.12365e+07,0,0,0,0
59.5893,85.139,2.73035,0,0,2.61507,2.61507,0,0.489958,4.47552,4.43944e+06,3.03805e+06,1.16094e+07,0,0,0,0,80.8192,79.791,2.4958,0,0,1.21817,1.21817,0,0.940954,2.1168,9.22605e+06,4.06077e+06,1.12389e+07,0,0,0,0
59.4303,85.139,2.67806,0.01,0,2.61563,2.61563,0,0.490064,4.47552,4.43944e+06,3.03805e+06,1.16119e+07,0,0,0,0,80.8192,79.791,4.66473,0,0,1.21843,1.21843,0,0.941157,2.1168,9.22605e+06,4.06077e+06,1.12413e+07,0,0,0,0
60.8797,85.139,4.27954,0.01,0,2.41917,2.41917,0,0.490169,4.47552,4.43944e+06,3.03805e+06,1.07397e+07,0,0,0,0,80.8192,79.791,4.7486,0,0,1.09628,1.09628,0,0.941361,2.1168,9.22605e+06,4.06077e+06,1.01143e+07,0,0,0,0
61.4242,85.139,3.30564,0,0,2.41969,2.41969,0,0.453352,4.47552,4.43944e+06,3.03805e+06,1.07421e+07,0,0,0,0,80.8192,79.791,5.37624,0,0,1.09652,1.09652,0,0.846987,2.1168,9.22605e+06,4.06077e+06,1.01165e+07,0,0,0,0
60.914,85.139,2.13369,0,0,2.42021,2.42021,0,0.45345,4.47552,4.43944e+06,3.03805e+06,1.07444e+07,0,0,0,0,80.8192,79.791,2.98089,0,0,1.09676,1.09676,0,0.84717,2.1168,9.22605e+06,4.06077e+06,1.01187e+07,0,0,0,0
60.8031,85.139,2.54822,0,0,2.42074,2.42074,0,0.453548,4.47552,4.43944e+06,3.03805e+06,1.07467e+07,0,0,0,0,80.8192,79.791,3.39119,0,0,1.09699,1.09699,0,0.847353,2.1168,9.22605e+06,4.06077e+06,1.01209e+07,0,0,0,0
60.7552,85.139,2.72264,0,0,2.42126,2.42126,0,0.453646,4.47552,4.43944e+06,3.03805e+06,1.0749e+07,0,0,0,0,80.8192,79.791,3.71398,0,0,1.09723,1.09723,0,0.847536,2.1168,9.22605e+06,4.06077e+06,1.01231e+07,0,0,0,0
62.2384,85.139,4.33589,0,0,2.49764,2.49764,0,0.453744,4.47552,4.43944e+06,3.03805e+06,1.10881e+07,0,0,0,0,80.8192,79.791,6.33458,0,0,1.13295,1.13295,0,0.847719,2.1168,9.22605e+06,4.06077e+06,1.04526e+07,0,0,0,0
64.0858,85.139,4.7936,0,0,2.49817,2.49817,0,0.468059,4.47552,4.43944e+06,3.03805e+06,1.10905e+07,0,0,0,0,80.8192,79.791,5.79225,0,0,1.13319,1.13319,0,0.875317,2.1168,9.22605e+06,4.06077e+06,1.04548e+07,0,0,0,0
65.8261,85.139,4.69532,0,0,2.49869,2.49869,0,0.468157,4.47552,4.43944e+06,3.03805e+06,1.10928e+07,0,0,0,0,80.8192,79.791,5.75334,0,0,1.13342,1.13342,0,0.8755,2.1168,9.22605e+06,4.06077e+06,1.0457e+07,0,0,0,0
67.8674,85.139,4.98179,0,0,2.49922,2.49922,0,0.468255,4.47552,4.43944e+06,3.03805e+06,1.10951e+07,0,0,0,0,80.8192,79.791,6.6002,0,0,1.13366,1.13366,0,0.875683,2.1168,9.22605e+06,4.06077e+06,1.04592e+07,0,0,0,0
70.2264,85.139,5.56063,0,0,2.74356,2.74356,0,0.468353,4.47552,4.43944e+06,3.03805e+06,1.21798e+07,0,0,0,0,80.8192,79.791,7.71141,0,0,1.26722,1.26722,0,0.875867,2.1168,9.22605e+06,4.06077e+06,1.16915e+07,0,0,0,0
72.2949,85.139,5.29457,0,0,2.74413,2.74413,0,0.514143,4.47552,4.43944e+06,3.03805e+06,1.21824e+07,0,0,0,0,80.8192,79.791,4.83302,0,0,1.26749,1.26749,0,0.979055,2.1168,9.22605e+06,4.06077e+06,1.16939e+07,0,0,0,0
74.107,85.139,5.06374,0,0,2.74471,2.74471,0,0.51425,4.47552,4.43944e+06,3.03805e+06,1.2185e+07,0,0,0,0,80.8192,79.791,5.42299,0,0,1.26775,1.26775,0,0.97926,2.1168,9.22605e+06,4.06077e+06,1.16963e+07,0,0,0,0
77.1062,85.139,6.31587,0,0,2.74528,2.74528,0,0.514358,4.47552,4.43944e+06,3.03805e+06,1.21875e+07,0,0,0,0,80.8192,79.791,8.725,0,0,1.26802,1.26802,0,0.979466,2.1168,9.22605e+06,4.06077e+06,1.16988e+07,0,0,0,0
80.314,85.139,6.22745,0,0,2.3978,2.3978,0,0.514466,4.47552,4.43944e+06,3.03805e+06,1.06449e+07,0,0,0,0,80.8192,79.791,7.23824,0,0,1.08921,1.08921,0,0.979671,2.1168,9.22605e+06,4.06077e+06,1.00491e+07,0,0,0,0
84.9939,85.139,7.63888,0,0,2.39831,2.39831,0,0.449348,4.47552,4.43944e+06,3.03805e+06,1.06471e+07,0,0,0,0,80.8192,79.791,6.05312,0,0,1.08944,1.08944,0,0.841526,2.1168,9.22605e+06,4.06077e+06,1.00512e+07,0,0,0,0
85.139,85.139,12.1868,0,0,2.39881,2.39881,0,0.449442,4.47552,4.43944e+06,3.03805e+06,1.06494e+07,0,0,0,0,80.8192,79.791,12.74,0,0,1.08967,1.08967,0,0.841703,2.1168,9.22605e+06,4.06077e+06,1.00534e+07,0,0,0,0
85.139,85.139,6.42968,0,0,2.39931,2.39931,0,0.449537,4.47552,4.43944e+06,3.03805e+06,1.06516e+07,0,0,0,0,80.8192,79.791,5.27829,0,0,1.0899,1.0899,0,0.841879,2.1168,9.22605e+06,4.06077e+06,1.00555e+07,0,0,0,0
85.139,85.139,5.52191,0,0,2.39981,2.39981,0,0.449631,4.47552,4.43944e+06,3.03805e+06,1.06538e+07,0,0,0,0,80.8192,79.791,4.50665,0,0,1.09013,1.09013,0,0.842056,2.1168,9.22605e+06,4.06077e+06,1.00576e+07,0,0,0,0
85.139,85.139,6.16595,0,0,2.48802,2.48802,0,0.449725,4.47552,4.43944e+06,3.03805e+06,1.10454e+07,0,0,0,0,80.8192,79.791,5.08202,0,0,1.13421,1.13421,0,0.842232,2.1168,9.22605e+06,4.06077e+06,1.04643e+07,0,0,0,0
85.139,85.139,8.27608,0,0,2.48854,2.48854,0,0.466255,4.47552,4.43944e+06,3.03805e+06,1.10477e+07,0,0,0,0,80.8192,79.791,7.65044,0,0,1.13445,1.13445,0,0.87629,2.1168,9.22605e+06,4.06077e+06,1.04665e+07,0,0,0,0
85.139,85.139,6.01637,0,0,2.48906,2.48906,0,0.466352,4.47552,4.43944e+06,3.03805e+06,1.105e+07,0,0,0,0,80.8192,79.791,5.51025,0,0,1.13468,1.13468,0,0.876473,2.1168,9.22605e+06,4.06077e+06,1.04687e+07,0,0,0,0
85.139,85.139,5.09841,0,0,2.48958,2.48958,0,0.46645,4.47552,4.43944e+06,3.03805e+06,1.10523e+07,0,0,0,0,80.8192,79.791,4.57782,0,0,1.13492,1.13492,0,0.876657,2.1168,9.22605e+06,4.06077e+06,1.04708e+07,0,0,0,0
85.139,85.139,4.35518,0,0,2.45579,2.45579,0,0.466548,4.47552,4.43944e+06,3.03805e+06,1.09023e+07,0,0,0,0,80.8192,79.791,3.47256,0,0,1.11811,1.11811,0,0.876841,2.1168,9.22605e+06,4.06077e+06,1.03158e+07,0,0,0,0
85.139,85.139,3.83281,0,0,2.4563,2.4563,0,0.460214,4.47552,4.43944e+06,3.03805e+06,1.09046e+07,0,0,0,0,80.8192,79.791,2.87204,0,0,1.11835,1.11835,0,0.863854,2.1168,9.22605e+06,4.06077e+06,1.03179e+07,0,0,0,0
85.139,85.139,3.73554,0,0,2.45682,2.45682,0,0.460311,4.47552,4.43944e+06,3.03805e+06,1.09069e+07,0,0,0,0,80.8192,79.791,3.13995,0,0,1.11858,1.11858,0,0.864036,2.1168,9.22605e+06,4.06077e+06,1.03201e+07,0,0,0,0
85.139,85.139,3.48903,0,0,2.45733,2.45733,0,0.460407,4.47552,4.43944e+06,3.03805e+06,1.09092e+07,0,0,0,0,80.8192,79.791,2.89989,0,0,1.11882,1.11882,0,0.864217,2.1168,9.22605e+06,4.06077e+06,1.03223e+07,0,0,0,0
85.139,85.139,3.60699,0,0,2.57444,2.57444,0,0.460504,4.47552,4.43944e+06,3.03805e+06,1.14291e+07,0,0,0,0,80.8192,79.791,2.67513,0,0,1.17955,1.17955,0,0.864398,2.1168,9.22605e+06,4.06077e+06,1.08826e+07,0,0,0,0
85.139,85.139,3.19462,0,0,2.57498,2.57498,0,0.48245,4.47552,4.43944e+06,3.03805e+06,1.14314e+07,0,0,0,0,80.8192,79.791,2.39363,0,0,1.1798,1.1798,0,0.911323,2.1168,9.22605e+06,4.06077e+06,1.08849e+07,0,0,0,0
85.139,85.139,2.91564,0,0,2.57552,2.57552,0,0.482551,4.47552,4.43944e+06,3.03805e+06,1.14338e+07,0,0,0,0,80.8192,79.791,2.38102,0,0,1.18005,1.18005,0,0.911514,2.1168,9.22605e+06,4.06077e+06,1.08872e+07,0,0,0,0
85.139,85.139,2.85517,0,0,2.57606,2.57606,0,0.482652,4.47552,4.43944e+06,3.03805e+06,1.14362e+07,0,0,0,0,80.8192,79.791,2.4256,0,0,1.1803,1.1803,0,0.911705,2.1168,9.22605e+06,4.06077e+06,1.08895e+07,0,0,0,0
85.0105,85.139,2.66501,0,0,2.5766,2.5766,0,0.482753,4.47552,4.43944e+06,3.03805e+06,1.14386e+07,0,0,0,0,80.8192,79.791,2.23395,0,0,1.18054,1.18054,0,0.911896,2.1168,9.22605e+06,4.06077e+06,1.08917e+07,0,0,0,0
84.235,85.139,1.97335,0,0,2.55406,2.55406,0,0.482855,4.47552,4.43944e+06,3.03805e+06,1.13386e+07,0,0,0,0,80.8192,79.791,2.1456,0,0,1.21408,1.21408,0,0.912087,2.1168,9.22605e+06,4.06077e+06,1.12011e+07,0,0,0,0
83.3208,85.139,1.83022,0,0,2.55459,2.55459,0,0.47863,4.47552,4.43944e+06,3.03805e+06,1.13409e+07,0,0,0,0,80.7154,79.791,2.10062,0,0,1.21433,1.21433,0,0.937997,2.1168,9.22605e+06,4.06077e+06,1.12035e+07,0,0,0,0
82.2505,85.139,1.66687,0,0,2.55513,2.55513,0,0.478731,4.47552,4.43944e+06,3.03805e+06,1.13433e+07,0,0,0,0,80.6667,79.791,1.92775,0,0,1.21459,1.21459,0,0.938193,2.1168,9.22605e+06,4.06077e+06,1.12058e+07,0,0,0,0
81.0617,85.139,1.52347,0,0,2.55566,2.55566,0,0.478831,4.47552,4.43944e+06,3.03805e+06,1.13457e+07,0,0,0,0,80.6626,79.791,1.84507,0,0,1.21484,1.21484,0,0.93839,2.1168,9.22605e+06,4.06077e+06,1.12082e+07,0,0,0,0
79.8777,85.139,1.55247,0,0,2.61586,2.61586,0,0.478931,4.47552,4.43944e+06,3.03805e+06,1.16129e+07,0,0,0,0,80.6818,79.791,1.82889,0,0,1.24479,1.24479,0,0.938587,2.1168,9.22605e+06,4.06077e+06,1.14845e+07,0,0,0,0
78.6875,85.139,1.54191,0,0,2.61641,2.61641,0,0.490212,4.47552,4.43944e+06,3.03805e+06,1.16154e+07,0,0,0,0,80.6788,79.791,1.8551,0,0,1.24505,1.24505,0,0.961724,2.1168,9.22605e+06,4.06077e+06,1.14869e+07,0,0,0,0
77.3568,85.139,1.39014,0,0,2.61695,2.61695,0,0.490314,4.47552,4.43944e+06,3.03805e+06,1.16178e+07,0,0,0,0,80.5735,79.791,1.78157,0,0,1.24531,1.24531,0,0.961925,2.1168,9.22605e+06,4.06077e+06,1.14893e+07,0,0,0,0
75.9153,85.139,1.26715,0,0,2.6175,2.6175,0,0.490417,4.47552,4.43944e+06,3.03805e+06,1.16202e+07,0,0,0,0,80.5035,79.791,1.64661,0,0,1.24557,1.24557,0,0.962127,2.1168,9.22605e+06,4.06077e+06,1.14917e+07,0,0,0,0
74.233,85.139,1.14472,0,0,2.7929,2.7929,0,0.49052,4.47552,4.43944e+06,3.03805e+06,1.23989e+07,0,0,0,0,80.5154,79.791,1.66732,0,0,1.35309,1.35309,0,0.962329,2.1168,9.22605e+06,4.06077e+06,1.24837e+07,0,0,0,0
72.5987,85.139,1.18954,0,0,2.79349,2.79349,0,0.52339,4.47552,4.43944e+06,3.03805e+06,1.24015e+07,0,0,0,0,80.4699,79.791,1.79261,0,0,1.35338,1.35338,0,1.0454,2.1168,9.22605e+06,4.06077e+06,1.24863e+07,0,0,0,0
71.0492,85.139,1.27948,0,0,2.79407,2.79407,0,0.523499,4.47552,4.43944e+06,3.03805e+06,1.24041e+07,0,0,0,0,80.3204,79.791,2.19831,0,0,1.35366,1.35366,0,1.04562,2.1168,9.22605e+06,4.06077e+06,1.2489e+07,0,0,0,0
69.2984,85.139,1.05997,0,0,2.79466,2.79466,0,0.523609,4.47552,4.43944e+06,3.03805e+06,1.24067e+07,0,0,0,0,80.2627,79.791,1.54245,0,0,1.35395,1.35395,0,1.04584,2.1168,9.22605e+06,4.06077e+06,1.24916e+07,0,0,0,0
67.8047,85.139,1.30138,0,0,2.79524,2.79524,0,0.523719,4.47552,4.43944e+06,3.03805e+06,1.24093e+07,0,0,0,0,80.4787,79.791,2.90838,0,0,1.35423,1.35423,0,1.04606,2.1168,9.22605e+06,4.06077e+06,1.24942e+07,0,0,0,0
66.2356,85.139,1.14474,0.01,0,2.71053,2.71053,0,0.523829,4.47552,4.43944e+06,3.03805e+06,1.20332e+07,0,0,0,0,80.3883,79.791,1.95965,0,0,1.28934,1.28934,0,1.04628,2.1168,9.22605e+06,4.06077e+06,1.18955e+07,0,0,0,0
64.6828,85.139,1.17587,0,0,2.7111,2.7111,0,0.507953,4.47552,4.43944e+06,3.03805e+06,1.20357e+07,0,0,0,0,80.3906,79.791,1.75199,0,0,1.28961,1.28961,0,0.996146,2.1168,9.22605e+06,4.06077e+06,1.1898e+07,0,0,0,0
63.6866,85.139,1.74745,0,0,2.71166,2.71166,0,0.508059,4.47552,4.43944e+06,3.03805e+06,1.20383e+07,0,0,0,0,80.4615,79.791,2.11585,0,0,1.28988,1.28988,0,0.996355,2.1168,9.22605e+06,4.06077e+06,1.19005e+07,0,0,0,0
63.2873,85.139,2.40424,0.01,0,2.71223,2.71223,0,0.508166,4.47552,4.43944e+06,3.03805e+06,1.20408e+07,0,0,0,0,80.8192,79.791,3.42931,0,0,1.29015,1.29015,0,0.996564,2.1168,9.22605e+06,4.06077e+06,1.1903e+07,0,0,0,0
62.2807,85.139,1.7792,0.01,0,2.64272,2.64272,0,0.508273,4.47552,4.43944e+06,3.03805e+06,1.17322e+07,0,0,0,0,80.8192,79.791,2.51113,0,0,1.23105,1.23105,0,0.996773,2.1168,9.22605e+06,4.06077e+06,1.13578e+07,0,0,0,0
61.664,85.139,2.16904,0.01,0,2.64328,2.64328,0,0.495247,4.47552,4.43944e+06,3.03805e+06,1.17347e+07,0,0,0,0,80.8192,79.791,2.22576,0,0,1.23131,1.23131,0,0.951111,2.1168,9.22605e+06,4.06077e+06,1.13601e+07,0,0,0,0
62.1951,85.139,3.35618,0.01,0,2.64383,2.64383,0,0.49535,4.47552,4.43944e+06,3.03805e+06,1.17371e+07,0,0,0,0,80.8192,79.791,2.72724,0,0,1.23157,1.23157,0,0.951311,2.1168,9.22605e+06,4.06077e+06,1.13625e+07,0,0,0,0
67.2464,85.139,8.11374,0,0,2.64439,2.64439,0,0.495454,4.47552,4.43944e+06,3.03805e+06,1.17396e+07,0,0,0,0,80.8192,79.791,6.82948,0,0,1.23183,1.23183,0,0.95151,2.1168,9.22605e+06,4.06077e+06,1.13649e+07,0,0,0,0
69.4305,85.139,4.98128,0.01,0,2.44575,2.44575,0,0.495558,4.47552,4.43944e+06,3.03805e+06,1.08577e+07,0,0,0,0,80.8192,79.791,4.3635,0,0,1.10833,1.10833,0,0.95171,2.1168,9.22605e+06,4.06077e+06,1.02255e+07,0,0,0,0
69.4755,85.139,2.83503,0,0,2.44626,2.44626,0,0.458333,4.47552,4.43944e+06,3.03805e+06,1.086e+07,0,0,0,0,80.8192,79.791,3.06874,0,0,1.10856,1.10856,0,0.856293,2.1168,9.22605e+06,4.06077e+06,1.02276e+07,0,0,0,0
69.9504,85.139,3.2879,0,0,2.44678,2.44678,0,0.458429,4.47552,4.43944e+06,3.03805e+06,1.08623e+07,0,0,0,0,80.8192,79.791,3.79754,0,0,1.10879,1.10879,0,0.856473,2.1168,9.22605e+06,4.06077e+06,1.02298e+07,0,0,0,0
71.8768,85.139,5.04455,0,0,2.44729,2.44729,0,0.458526,4.47552,4.43944e+06,3.03805e+06,1.08646e+07,0,0,0,0,80.8192,79.791,6.24115,0,0,1.10902,1.10902,0,0.856653,2.1168,9.22605e+06,4.06077e+06,1.02319e+07,0,0,0,0
73.2414,85.139,4.26016,0,0,2.4478,2.4478,0,0.458622,4.47552,4.43944e+06,3.03805e+06,1.08669e+07,0,0,0,0,80.8192,79.791,4.86428,0,0,1.10926,1.10926,0,0.856833,2.1168,9.22605e+06,4.06077e+06,1.02341e+07,0,0,0,0
77.1995,85.139,7.03173,0,0,2.52501,2.52501,0,0.458718,4.47552,4.43944e+06,3.03805e+06,1.12096e+07,0,0,0,0,80.8192,79.791,4.21504,0,0,1.14536,1.14536,0,0.857012,2.1168,9.22605e+06,4.06077e+06,1.05672e+07,0,0,0,0
85.139,85.139,14.7105,0,0,2.52552,2.52552,0,0.473187,4.47552,4.43944e+06,3.03805e+06,1.12119e+07,0,0,0,0,80.8192,79.791,9.61893,0,0,1.14559,1.14559,0,0.884906,2.1168,9.22605e+06,4.06077e+06,1.05693e+07,0,0,0,0
85.139,85.139,13.5765,0,0,2.52603,2.52603,0,0.473283,4.47552,4.43944e+06,3.03805e+06,1.12142e+07,0,0,0,0,80.8192,79.791,10.2765,0,0,1.14583,1.14583,0,0.885086,2.1168,9.22605e+06,4.06077e+06,1.05715e+07,0,0,0,0
85.139,85.139,10.6345,0,0,2.52655,2.52655,0,0.473379,4.47552,4.43944e+06,3.03805e+06,1.12164e+07,0,0,0,0,80.8192,79.791,8.58428,0,0,1.14606,1.14606,0,0.885266,2.1168,9.22605e+06,4.06077e+06,1.05736e+07,0,0,0,0
85.139,85.139,9.59464,0,0,2.77354,2.77354,0,0.473475,4.47552,4.43944e+06,3.03805e+06,1.2313e+07,0,0,0,0,80.8192,79.791,7.41506,0,0,1.28107,1.28107,0,0.885445,2.1168,9.22605e+06,4.06077e+06,1.18192e+07,0,0,0,0
85.139,85.139,8.4218,0,0,2.77411,2.77411,0,0.519762,4.47552,4.43944e+06,3.03805e+06,1.23155e+07,0,0,0,0,80.8192,79.791,7.6966,0,0,1.28133,1.28133,0,0.989756,2.1168,9.22605e+06,4.06077e+06,1.18216e+07,0,0,0,0
85.139,85.139,9.61037,0,0,2.77467,2.77467,0,0.519867,4.47552,4.43944e+06,3.03805e+06,1.2318e+07,0,0,0,0,80.8192,79.791,6.88934,0,0,1.28159,1.28159,0,0.989957,2.1168,9.22605e+06,4.06077e+06,1.1824e+07,0,0,0,0
85.139,85.139,11.3297,0,0,2.77523,2.77523,0,0.519973,4.47552,4.43944e+06,3.03805e+06,1.23205e+07,0,0,0,0,80.8192,79.791,7.24362,0,0,1.28185,1.28185,0,0.990158,2.1168,9.22605e+06,4.06077e+06,1.18264e+07,0,0,0,0
85.139,85.139,11.318,0,0,2.42395,2.42395,0,0.520079,4.47552,4.43944e+06,3.03805e+06,1.0761e+07,0,0,0,0,80.8192,79.791,8.27989,0,0,1.10109,1.10109,0,0.990359,2.1168,9.22605e+06,4.06077e+06,1.01587e+07,0,0,0,0
85.139,85.139,13.3203,0,0,2.42444,2.42444,0,0.454247,4.47552,4.43944e+06,3.03805e+06,1.07631e+07,0,0,0,0,80.8192,79.791,9.51366,0,0,1.10131,1.10131,0,0.850702,2.1168,9.22605e+06,4.06077e+06,1.01608e+07,0,0,0,0
85.139,85.139,11.8088,0,0,2.42493,2.42493,0,0.45434,4.47552,4.43944e+06,3.03805e+06,1.07653e+07,0,0,0,0,80.8192,79.791,7.4477,0,0,1.10154,1.10154,0,0.850874,2.1168,9.22605e+06,4.06077e+06,1.01628e+07,0,0,0,0
85.139,85.139,12.2594,0,0,2.42542,2.42542,0,0.454432,4.47552,4.43944e+06,3.03805e+06,1.07675e+07,0,0,0,0,80.8192,79.791,7.50145,0,0,1.10176,1.10176,0,0.851047,2.1168,9.22605e+06,4.06077e+06,1.01649e+07,0,0,0,0
85.139,85.139,11.3235,0,0,2.42592,2.42592,0,0.454524,4.47552,4.43944e+06,3.03805e+06,1.07697e+07,0,0,0,0,80.8192,79.791,6.92463,0,0,1.10198,1.10198,0,0.85122,2.1168,9.22605e+06,4.06077e+06,1.0167e+07,0,0,0,0
85.139,85.139,9.4701,0,0,2.51506,2.51506,0,0.454617,4.47552,4.43944e+06,3.03805e+06,1.11655e+07,0,0,0,0,80.8192,79.791,6.70589,0,0,1.14654,1.14654,0,0.851393,2.1168,9.22605e+06,4.06077e+06,1.0578e+07,0,0,0,0
85.139,85.139,9.06667,0,0,2.51557,2.51557,0,0.471323,4.47552,4.43944e+06,3.03805e+06,1.11677e+07,0,0,0,0,80.8192,79.791,8.21764,0,0,1.14677,1.14677,0,0.885815,2.1168,9.22605e+06,4.06077e+06,1.05802e+07,0,0,0,0
85.139,85.139,8.40445,0,0,2.51609,2.51609,0,0.471419,4.47552,4.43944e+06,3.03805e+06,1.117e+07,0,0,0,0,80.8192,79.791,7.91988,0,0,1.147,1.147,0,0.885995,2.1168,9.22605e+06,4.06077e+06,1.05823e+07,0,0,0,0
85.139,85.139,7.33516,0,0,2.5166,2.5166,0,0.471514,4.47552,4.43944e+06,3.03805e+06,1.11723e+07,0,0,0,0,80.8192,79.791,6.20202,0,0,1.14724,1.14724,0,0.886175,2.1168,9.22605e+06,4.06077e+06,1.05845e+07,0,0,0,0
85.139,85.139,6.29666,0,0,2.48242,2.48242,0,0.47161,4.47552,4.43944e+06,3.03805e+06,1.10205e+07,0,0,0,0,80.8192,79.791,5.56262,0,0,1.13024,1.13024,0,0.886355,2.1168,9.22605e+06,4.06077e+06,1.04276e+07,0,0,0,0
85.139,85.139,6.20028,0,0,2.48292,2.48292,0,0.465205,4.47552,4.43944e+06,3.03805e+06,1.10228e+07,0,0,0,0,80.8192,79.791,5.50633,0,0,1.13047,1.13047,0,0.873222,2.1168,9.22605e+06,4.06077e+06,1.04298e+07,0,0,0,0
85.139,85.139,5.69383,0,0,2.48342,2.48342,0,0.465299,4.47552,4.43944e+06,3.03805e+06,1.1025e+07,0,0,0,0,80.8192,79.791,5.23577,0,0,1.1307,1.1307,0,0.873399,2.1168,9.22605e+06,4.06077e+06,1.04319e+07,0,0,0,0
85.139,85.139,5.25223,0,0,2.48393,2.48393,0,0.465394,4.47552,4.43944e+06,3.03805e+06,1.10272e+07,0,0,0,0,80.8192,79.791,5.03956,0,0,1.13093,1.13093,0,0.873577,2.1168,9.22605e+06,4.06077e+06,1.0434e+07,0,0,0,0
85.139,85.139,5.17162,0,0,2.60229,2.60229,0,0.465488,4.47552,4.43944e+06,3.03805e+06,1.15527e+07,0,0,0,0,80.8192,79.791,5.15897,0,0,1.19231,1.19231,0,0.873754,2.1168,9.22605e+06,4.06077e+06,1.10003e+07,0,0,0,0
85.139,85.139,4.65571,0,0,2.60282,2.60282,0,0.487669,4.47552,4.43944e+06,3.03805e+06,1.1555e+07,0,0,0,0,80.8192,79.791,4.90579,0,0,1.19255,1.19255,0,0.921181,2.1168,9.22605e+06,4.06077e+06,1.10026e+07,0,0,0,0
85.139,85.139,4.30558,0,0,2.60334,2.60334,0,0.487768,4.47552,4.43944e+06,3.03805e+06,1.15574e+07,0,0,0,0,80.8192,79.791,4.08611,0,0,1.1928,1.1928,0,0.921368,2.1168,9.22605e+06,4.06077e+06,1.10048e+07,0,0,0,0
85.139,85.139,3.87867,0,0,2.60387,2.60387,0,0.487867,4.47552,4.43944e+06,3.03805e+06,1.15597e+07,0,0,0,0,80.8192,79.791,3.58636,0,0,1.19304,1.19304,0,0.921555,2.1168,9.22605e+06,4.06077e+06,1.1007e+07,0,0,0,0
85.139,85.139,3.47069,0,0,2.6044,2.6044,0,0.487966,4.47552,4.43944e+06,3.03805e+06,1.15621e+07,0,0,0,0,80.8192,79.791,3.74693,0,0,1.19328,1.19328,0,0.921742,2.1168,9.22605e+06,4.06077e+06,1.10093e+07,0,0,0,0
85.139,85.139,3.87218,0,0,2.5816,2.5816,0,0.488065,4.47552,4.43944e+06,3.03805e+06,1.14608e+07,0,0,0,0,80.8192,79.791,3.70711,0,0,1.22717,1.22717,0,0.92193,2.1168,9.22605e+06,4.06077e+06,1.13219e+07,0,0,0,0
85.139,85.139,3.682,0,0,2.58212,2.58212,0,0.483792,4.47552,4.43944e+06,3.03805e+06,1.14632e+07,0,0,0,0,80.8192,79.791,3.55817,0,0,1.22742,1.22742,0,0.948112,2.1168,9.22605e+06,4.06077e+06,1.13242e+07,0,0,0,0
85.139,85.139,3.35347,0,0,2.58265,2.58265,0,0.48389,4.47552,4.43944e+06,3.03805e+06,1.14655e+07,0,0,0,0,80.8192,79.791,3.27819,0,0,1.22767,1.22767,0,0.948305,2.1168,9.22605e+06,4.06077e+06,1.13265e+07,0,0,0,0
85.139,85.139,3.06494,0,0,2.58317,2.58317,0,0.483988,4.47552,4.43944e+06,3.03805e+06,1.14678e+07,0,0,0,0,80.8192,79.791,3.1385,0,0,1.22792,1.22792,0,0.948498,2.1168,9.22605e+06,4.06077e+06,1.13288e+07,0,0,0,0
85.1327,85.139,2.82048,0,0,2.644,2.644,0,0.484087,4.47552,4.43944e+06,3.03805e+06,1.17379e+07,0,0,0,0,80.8192,79.791,2.72405,0,0,1.25818,1.25818,0,0.94869,2.1168,9.22605e+06,4.06077e+06,1.1608e+07,0,0,0,0
85.139,85.139,2.98285,0,0,2.64453,2.64453,0,0.495485,4.47552,4.43944e+06,3.03805e+06,1.17402e+07,0,0,0,0,80.8192,79.791,2.86287,0,0,1.25844,1.25844,0,0.972069,2.1168,9.22605e+06,4.06077e+06,1.16104e+07,0,0,0,0
85.0433,85.139,2.73086,0,0,2.64507,2.64507,0,0.495586,4.47552,4.43944e+06,3.03805e+06,1.17426e+07,0,0,0,0,80.8192,79.791,2.78137,0,0,1.25869,1.25869,0,0.972267,2.1168,9.22605e+06,4.06077e+06,1.16127e+07,0,0,0,0
84.7279,85.139,2.50485,0,0,2.64561,2.64561,0,0.495686,4.47552,4.43944e+06,3.03805e+06,1.1745e+07,0,0,0,0,80.8192,79.791,2.44931,0,0,1.25895,1.25895,0,0.972465,2.1168,9.22605e+06,4.06077e+06,1.16151e+07,0,0,0,0
84.4085,85.139,2.63759,0,0,2.82287,2.82287,0,0.495787,4.47552,4.43944e+06,3.03805e+06,1.2532e+07,0,0,0,0,80.4861,79.791,2.92011,0,0,1.36761,1.36761,0,0.972662,2.1168,9.22605e+06,4.06077e+06,1.26177e+07,0,0,0,0
82.6599,85.139,1.16215,0,0,2.82345,2.82345,0,0.529006,4.47552,4.43944e+06,3.03805e+06,1.25345e+07,0,0,0,0,80.2179,79.791,1.59452,0,0,1.36789,1.36789,0,1.05662,2.1168,9.22605e+06,4.06077e+06,1.26202e+07,0,0,0,0
81.0162,85.139,1.2546,0,0,2.82402,2.82402,0,0.529114,4.47552,4.43944e+06,3.03805e+06,1.25371e+07,0,0,0,0,80.1345,79.791,1.61705,0,0,1.36817,1.36817,0,1.05683,2.1168,9.22605e+06,4.06077e+06,1.26228e+07,0,0,0,0
80.0197,85.139,1.9418,0,0,2.82459,2.82459,0,0.529221,4.47552,4.43944e+06,3.03805e+06,1.25396e+07,0,0,0,0,80.1492,79.791,1.91746,0,0,1.36845,1.36845,0,1.05705,2.1168,9.22605e+06,4.06077e+06,1.26254e+07,0,0,0,0
79.6822,85.139,2.62296,0,0,2.82517,2.82517,0,0.529329,4.47552,4.43944e+06,3.03805e+06,1.25421e+07,0,0,0,0,80.0562,79.791,2.12874,0,0,1.36873,1.36873,0,1.05726,2.1168,9.22605e+06,4.06077e+06,1.26279e+07,0,0,0,0
78.3884,85.139,1.61745,0,0,2.73952,2.73952,0,0.529436,4.47552,4.43944e+06,3.03805e+06,1.21619e+07,0,0,0,0,80.3792,79.791,1.75862,0,0,1.30314,1.30314,0,1.05748,2.1168,9.22605e+06,4.06077e+06,1.20228e+07,0,0,0,0
78.6421,85.139,3.16207,0,0,2.74008,2.74008,0,0.513387,4.47552,4.43944e+06,3.03805e+06,1.21644e+07,0,0,0,0,80.5459,79.791,3.19975,0,0,1.3034,1.3034,0,1.0068,2.1168,9.22605e+06,4.06077e+06,1.20252e+07,0,0,0,0
77.3507,85.139,1.62016,0,0,2.74064,2.74064,0,0.513491,4.47552,4.43944e+06,3.03805e+06,1.21669e+07,0,0,0,0,80.4023,79.791,1.93574,0,0,1.30367,1.30367,0,1.00701,2.1168,9.22605e+06,4.06077e+06,1.20277e+07,0,0,0,0
76.11,85.139,1.61648,0,0,2.7412,2.7412,0,0.513596,4.47552,4.43944e+06,3.03805e+06,1.21694e+07,0,0,0,0,80.8192,79.791,1.83072,0,0,1.30393,1.30393,0,1.00721,2.1168,9.22605e+06,4.06077e+06,1.20301e+07,0,0,0,0
76.8599,85.139,3.68745,0,0,2.67093,2.67093,0,0.5137,4.47552,4.43944e+06,3.03805e+06,1.18574e+07,0,0,0,0,80.2494,79.791,3.28734,0,0,1.24419,1.24419,0,1.00742,2.1168,9.22605e+06,4.06077e+06,1.1479e+07,0,0,0,0
75.5105,85.139,1.57575,0,0,2.67147,2.67147,0,0.500532,4.47552,4.43944e+06,3.03805e+06,1.18598e+07,0,0,0,0,80.4095,79.791,1.21427,0,0,1.24444,1.24444,0,0.961261,2.1168,9.22605e+06,4.06077e+06,1.14813e+07,0,0,0,0
74.421,85.139,1.83897,0,0,2.67201,2.67201,0,0.500633,4.47552,4.43944e+06,3.03805e+06,1.18622e+07,0,0,0,0,80.8192,79.791,2.57484,0,0,1.2447,1.2447,0,0.961456,2.1168,9.22605e+06,4.06077e+06,1.14836e+07,0,0,0,0
76.2483,85.139,4.93377,0,0,2.67256,2.67256,0,0.500735,4.47552,4.43944e+06,3.03805e+06,1.18646e+07,0,0,0,0,80.8192,79.791,5.29925,0,0,1.24495,1.24495,0,0.961652,2.1168,9.22605e+06,4.06077e+06,1.1486e+07,0,0,0,0
76.2389,85.139,2.86325,0,0,2.47178,2.47178,0,0.500837,4.47552,4.43944e+06,3.03805e+06,1.09733e+07,0,0,0,0,80.3738,79.791,2.78758,0,0,1.12013,1.12013,0,0.961847,2.1168,9.22605e+06,4.06077e+06,1.03343e+07,0,0,0,0
78.6413,85.139,5.31196,0,0,2.47229,2.47229,0,0.463212,4.47552,4.43944e+06,3.03805e+06,1.09756e+07,0,0,0,0,80.5501,79.791,1.55097,0,0,1.12035,1.12035,0,0.865409,2.1168,9.22605e+06,4.06077e+06,1.03364e+07,0,0,0,0
81.2981,85.139,5.67304,0,0,2.47279,2.47279,0,0.463307,4.47552,4.43944e+06,3.03805e+06,1.09778e+07,0,0,0,0,80.608,79.791,4.0139,0,0,1.12058,1.12058,0,0.865585,2.1168,9.22605e+06,4.06077e+06,1.03385e+07,0,0,0,0
82.9439,85.139,4.58395,0,0,2.47329,2.47329,0,0.463401,4.47552,4.43944e+06,3.03805e+06,1.098e+07,0,0,0,0,80.2726,79.791,2.05043,0,0,1.12081,1.12081,0,0.865761,2.1168,9.22605e+06,4.06077e+06,1.03406e+07,0,0,0,0
83.0462,85.139,2.99892,0,0,2.4738,2.4738,0,0.463495,4.47552,4.43944e+06,3.03805e+06,1.09823e+07,0,0,0,0,80.4576,79.791,1.44575,0,0,1.12104,1.12104,0,0.865937,2.1168,9.22605e+06,4.06077e+06,1.03427e+07,0,0,0,0
85.0019,85.139,5.10703,0,0,2.5518,2.5518,0,0.463589,4.47552,4.43944e+06,3.03805e+06,1.13286e+07,0,0,0,0,80.8192,79.791,4.17462,0,0,1.15752,1.15752,0,0.866113,2.1168,9.22605e+06,4.06077e+06,1.06793e+07,0,0,0,0
85.139,85.139,6.41143,0,0,2.5523,2.5523,0,0.478208,4.47552,4.43944e+06,3.03805e+06,1.13308e+07,0,0,0,0,80.8192,79.791,5.3712,0,0,1.15774,1.15774,0,0.894297,2.1168,9.22605e+06,4.06077e+06,1.06814e+07,0,0,0,0
85.139,85.139,5.4161,0,0,2.55281,2.55281,0,0.478302,4.47552,4.43944e+06,3.03805e+06,1.1333e+07,0,0,0,0,80.8192,79.791,4.08821,0,0,1.15797,1.15797,0,0.894473,2.1168,9.22605e+06,4.06077e+06,1.06835e+07,0,0,0,0
85.139,85.139,6.70885,0,0,2.55331,2.55331,0,0.478396,4.47552,4.43944e+06,3.03805e+06,1.13352e+07,0,0,0,0,80.8192,79.791,4.43651,0,0,1.1582,1.1582,0,0.894648,2.1168,9.22605e+06,4.06077e+06,1.06856e+07,0,0,0,0
85.139,85.139,4.87314,0,0,2.8029,2.8029,0,0.47849,4.47552,4.43944e+06,3.03805e+06,1.24433e+07,0,0,0,0,80.8192,79.791,4.21906,0,0,1.29463,1.29463,0,0.894824,2.1168,9.22605e+06,4.06077e+06,1.19443e+07,0,0,0,0
85.139,85.139,5.05987,0,0,2.80345,2.80345,0,0.525264,4.47552,4.43944e+06,3.03805e+06,1.24457e+07,0,0,0,0,80.8192,79.791,4.84221,0,0,1.29489,1.29489,0,1.00023,2.1168,9.22605e+06,4.06077e+06,1.19467e+07,0,0,0,0
85.139,85.139,5.51011,0,0,2.804,2.804,0,0.525367,4.47552,4.43944e+06,3.03805e+06,1.24482e+07,0,0,0,0,80.8192,79.791,5.02345,0,0,1.29514,1.29514,0,1.00043,2.1168,9.22605e+06,4.06077e+06,1.1949e+07,0,0,0,0
85.139,85.139,4.1794,0,0,2.80455,2.80455,0,0.52547,4.47552,4.43944e+06,3.03805e+06,1.24506e+07,0,0,0,0,80.8192,79.791,3.86663,0,0,1.29539,1.29539,0,1.00063,2.1168,9.22605e+06,4.06077e+06,1.19514e+07,0,0,0,0
85.139,85.139,8.63407,0,0,2.44954,2.44954,0,0.525573,4.47552,4.43944e+06,3.03805e+06,1.08746e+07,0,0,0,0,80.8192,79.791,7.94482,0,0,1.11271,1.11271,0,1.00082,2.1168,9.22605e+06,4.06077e+06,1.0266e+07,0,0,0,0
85.139,85.139,7.71479,0,0,2.45002,2.45002,0,0.459044,4.47552,4.43944e+06,3.03805e+06,1.08767e+07,0,0,0,0,80.8192,79.791,6.58589,0,0,1.11293,1.11293,0,0.859684,2.1168,9.22605e+06,4.06077e+06,1.0268e+07,0,0,0,0
85.139,85.139,7.41025,0,0,2.4505,2.4505,0,0.459134,4.47552,4.43944e+06,3.03805e+06,1.08788e+07,0,0,0,0,80.8192,79.791,6.70839,0,0,1.11315,1.11315,0,0.859852,2.1168,9.22605e+06,4.06077e+06,1.027e+07,0,0,0,0
85.139,85.139,12.8826,0,0,2.45098,2.45098,0,0.459224,4.47552,4.43944e+06,3.03805e+06,1.0881e+07,0,0,0,0,80.8192,79.791,12.3363,0,0,1.11337,1.11337,0,0.860021,2.1168,9.22605e+06,4.06077e+06,1.0272e+07,0,0,0,0
85.139,85.139,11.5991,0,0,2.45146,2.45146,0,0.459314,4.47552,4.43944e+06,3.03805e+06,1.08831e+07,0,0,0,0,80.8192,79.791,10.1288,0,0,1.11359,1.11359,0,0.86019,2.1168,9.22605e+06,4.06077e+06,1.0274e+07,0,0,0,0
85.139,85.139,5.96019,0,0,2.54153,2.54153,0,0.459404,4.47552,4.43944e+06,3.03805e+06,1.1283e+07,0,0,0,0,80.8192,79.791,6.45721,0,0,1.1586,1.1586,0,0.860359,2.1168,9.22605e+06,4.06077e+06,1.06893e+07,0,0,0,0
85.139,85.139,5.40148,0,0,2.54203,2.54203,0,0.476283,4.47552,4.43944e+06,3.03805e+06,1.12852e+07,0,0,0,0,80.8192,79.791,6.59415,0,0,1.15883,1.15883,0,0.895138,2.1168,9.22605e+06,4.06077e+06,1.06914e+07,0,0,0,0
85.139,85.139,4.60602,0,0,2.54253,2.54253,0,0.476377,4.47552,4.43944e+06,3.03805e+06,1.12874e+07,0,0,0,0,80.8192,79.791,5.22786,0,0,1.15906,1.15906,0,0.895314,2.1168,9.22605e+06,4.06077e+06,1.06935e+07,0,0,0,0
85.139,85.139,3.35268,0,0,2.54303,2.54303,0,0.47647,4.47552,4.43944e+06,3.03805e+06,1.12896e+07,0,0,0,0,80.8192,79.791,4.23648,0,0,1.15929,1.15929,0,0.895489,2.1168,9.22605e+06,4.06077e+06,1.06956e+07,0,0,0,0
85.139,85.139,3.2612,0,0,2.50847,2.50847,0,0.476564,4.47552,4.43944e+06,3.03805e+06,1.11362e+07,0,0,0,0,80.7589,79.791,3.63388,0,0,1.1421,1.1421,0,0.895665,2.1168,9.22605e+06,4.06077e+06,1.05371e+07,0,0,0,0
85.0176,85.139,2.78899,0,0,2.50897,2.50897,0,0.470088,4.47552,4.43944e+06,3.03805e+06,1.11384e+07,0,0,0,0,80.7711,79.791,2.70371,0,0,1.14233,1.14233,0,0.882389,2.1168,9.22605e+06,4.06077e+06,1.05392e+07,0,0,0,0
84.594,85.139,2.46804,0,0,2.50946,2.50946,0,0.47018,4.47552,4.43944e+06,3.03805e+06,1.11406e+07,0,0,0,0,80.6675,79.791,2.43501,0,0,1.14255,1.14255,0,0.882562,2.1168,9.22605e+06,4.06077e+06,1.05412e+07,0,0,0,0
84.0704,85.139,2.28482,0,0,2.50995,2.50995,0,0.470273,4.47552,4.43944e+06,3.03805e+06,1.11428e+07,0,0,0,0,80.8192,79.791,2.24372,0,0,1.14278,1.14278,0,0.882735,2.1168,9.22605e+06,4.06077e+06,1.05433e+07,0,0,0,0
83.399,85.139,2.23174,0,0,2.62953,2.62953,0,0.470365,4.47552,4.43944e+06,3.03805e+06,1.16736e+07,0,0,0,0,80.7754,79.791,2.55418,0,0,1.2048,1.2048,0,0.882909,2.1168,9.22605e+06,4.06077e+06,1.11155e+07,0,0,0,0
82.6721,85.139,2.14186,0,0,2.63005,2.63005,0,0.492775,4.47552,4.43944e+06,3.03805e+06,1.16759e+07,0,0,0,0,80.7235,79.791,2.29619,0,0,1.20503,1.20503,0,0.930826,2.1168,9.22605e+06,4.06077e+06,1.11177e+07,0,0,0,0
81.8875,85.139,2.07102,0,0,2.63057,2.63057,0,0.492872,4.47552,4.43944e+06,3.03805e+06,1.16782e+07,0,0,0,0,80.6716,79.791,2.06716,0,0,1.20527,1.20527,0,0.931009,2.1168,9.22605e+06,4.06077e+06,1.11199e+07,0,0,0,0
80.9191,85.139,1.84259,0,0,2.63108,2.63108,0,0.492968,4.47552,4.43944e+06,3.03805e+06,1.16805e+07,0,0,0,0,80.6018,79.791,1.9761,0,0,1.20551,1.20551,0,0.931192,2.1168,9.22605e+06,4.06077e+06,1.11221e+07,0,0,0,0
79.8839,85.139,1.74508,0,0,2.6316,2.6316,0,0.493065,4.47552,4.43944e+06,3.03805e+06,1.16828e+07,0,0,0,0,80.8192,79.791,1.87721,0,0,1.20574,1.20574,0,0.931375,2.1168,9.22605e+06,4.06077e+06,1.11243e+07,0,0,0,0
79.4523,85.139,2.3593,0,0,2.60854,2.60854,0,0.493162,4.47552,4.43944e+06,3.03805e+06,1.15805e+07,0,0,0,0,80.8192,79.791,2.62991,0,0,1.23998,1.23998,0,0.931558,2.1168,9.22605e+06,4.06077e+06,1.14401e+07,0,0,0,0
79.1124,85.139,2.45216,0,0,2.60906,2.60906,0,0.488841,4.47552,4.43944e+06,3.03805e+06,1.15827e+07,0,0,0,0,80.8192,79.791,2.8323,0,0,1.24022,1.24022,0,0.958008,2.1168,9.22605e+06,4.06077e+06,1.14424e+07,0,0,0,0
78.6128,85.139,2.27917,0,0,2.60957,2.60957,0,0.488937,4.47552,4.43944e+06,3.03805e+06,1.1585e+07,0,0,0,0,80.8192,79.791,2.60035,0,0,1.24047,1.24047,0,0.958196,2.1168,9.22605e+06,4.06077e+06,1.14446e+07,0,0,0,0
78.0589,85.139,2.20951,0,0,2.61008,2.61008,0,0.489033,4.47552,4.43944e+06,3.03805e+06,1.15873e+07,0,0,0,0,80.8192,79.791,2.43659,0,0,1.24071,1.24071,0,0.958384,2.1168,9.22605e+06,4.06077e+06,1.14469e+07,0,0,0,0
77.5468,85.139,2.26878,0,0,2.67152,2.67152,0,0.489129,4.47552,4.43944e+06,3.03805e+06,1.186e+07,0,0,0,0,80.8192,79.791,2.57011,0,0,1.27128,1.27128,0,0.958572,2.1168,9.22605e+06,4.06077e+06,1.17289e+07,0,0,0,0
77.0279,85.139,2.27432,0,0,2.67205,2.67205,0,0.500643,4.47552,4.43944e+06,3.03805e+06,1.18624e+07,0,0,0,0,80.8192,79.791,2.60835,0,0,1.27153,1.27153,0,0.982189,2.1168,9.22605e+06,4.06077e+06,1.17312e+07,0,0,0,0
76.3749,85.139,2.11302,0,0,2.67257,2.67257,0,0.500741,4.47552,4.43944e+06,3.03805e+06,1.18647e+07,0,0,0,0,80.8192,79.791,2.50553,0,0,1.27178,1.27178,0,0.982382,2.1168,9.22605e+06,4.06077e+06,1.17335e+07,0,0,0,0
75.5455,85.139,1.92392,0,0,2.6731,2.6731,0,0.50084,4.47552,4.43944e+06,3.03805e+06,1.1867e+07,0,0,0,0,80.8192,79.791,2.20978,0,0,1.27203,1.27203,0,0.982575,2.1168,9.22605e+06,4.06077e+06,1.17358e+07,0,0,0,0
74.9037,85.139,2.24709,0,0,2.85218,2.85218,0,0.500938,4.47552,4.43944e+06,3.03805e+06,1.26621e+07,0,0,0,0,80.8192,79.791,3.07092,0,0,1.38181,1.38181,0,0.982768,2.1168,9.22605e+06,4.06077e+06,1.27487e+07,0,0,0,0
73.8502,85.139,1.81282,0,0,2.85274,2.85274,0,0.534499,4.47552,4.43944e+06,3.03805e+06,1.26646e+07,0,0,0,0,80.8192,79.791,2.34258,0,0,1.38209,1.38209,0,1.06759,2.1168,9.22605e+06,4.06077e+06,1.27512e+07,0,0,0,0
72.8875,85.139,1.90219,0,0,2.8533,2.8533,0,0.534604,4.47552,4.43944e+06,3.03805e+06,1.26671e+07,0,0,0,0,80.8192,79.791,2.6146,0,0,1.38236,1.38236,0,1.0678,2.1168,9.22605e+06,4.06077e+06,1.27537e+07,0,0,0,0
71.5727,85.139,1.55898,0,0,2.85386,2.85386,0,0.534709,4.47552,4.43944e+06,3.03805e+06,1.26695e+07,0,0,0,0,80.8125,79.791,2.08865,0,0,1.38263,1.38263,0,1.06801,2.1168,9.22605e+06,4.06077e+06,1.27562e+07,0,0,0,0
70.5357,85.139,1.81271,0,0,2.85442,2.85442,0,0.534814,4.47552,4.43944e+06,3.03805e+06,1.2672e+07,0,0,0,0,80.8192,79.791,3.13977,0,0,1.3829,1.3829,0,1.06822,2.1168,9.22605e+06,4.06077e+06,1.27587e+07,0,0,0,0
70.6482,85.139,2.98375,0,0,2.76788,2.76788,0,0.534919,4.47552,4.43944e+06,3.03805e+06,1.22878e+07,0,0,0,0,80.8192,79.791,4.21455,0,0,1.31662,1.31662,0,1.06843,2.1168,9.22605e+06,4.06077e+06,1.21472e+07,0,0,0,0
70.8136,85.139,3.06321,0,0,2.76842,2.76842,0,0.5187,4.47552,4.43944e+06,3.03805e+06,1.22902e+07,0,0,0,0,80.8192,79.791,4.24436,0,0,1.31688,1.31688,0,1.01722,2.1168,9.22605e+06,4.06077e+06,1.21496e+07,0,0,0,0
70.6082,85.139,2.67829,0,0,2.76897,2.76897,0,0.518802,4.47552,4.43944e+06,3.03805e+06,1.22926e+07,0,0,0,0,80.8192,79.791,3.87023,0,0,1.31714,1.31714,0,1.01742,2.1168,9.22605e+06,4.06077e+06,1.2152e+07,0,0,0,0
71.4833,85.139,3.79891,0,0,2.76951,2.76951,0,0.518904,4.47552,4.43944e+06,3.03805e+06,1.22951e+07,0,0,0,0,80.8192,79.791,5.17626,0,0,1.3174,1.3174,0,1.01762,2.1168,9.22605e+06,4.06077e+06,1.21544e+07,0,0,0,0
74.0765,85.139,5.60297,0,0,2.6985,2.6985,0,0.519006,4.47552,4.43944e+06,3.03805e+06,1.19798e+07,0,0,0,0,80.8192,79.791,6.18241,0,0,1.25703,1.25703,0,1.01782,2.1168,9.22605e+06,4.06077e+06,1.15974e+07,0,0,0,0
76.5906,85.139,5.60656,0,0,2.69903,2.69903,0,0.505698,4.47552,4.43944e+06,3.03805e+06,1.19822e+07,0,0,0,0,80.8192,79.791,6.31627,0,0,1.25728,1.25728,0,0.971183,2.1168,9.22605e+06,4.06077e+06,1.15997e+07,0,0,0,0
77.9707,85.139,4.46452,0,0,2.69956,2.69956,0,0.505798,4.47552,4.43944e+06,3.03805e+06,1.19845e+07,0,0,0,0,80.8192,79.791,4.15738,0,0,1.25753,1.25753,0,0.971374,2.1168,9.22605e+06,4.06077e+06,1.1602e+07,0,0,0,0
79.843,85.139,5.05165,0,0,2.70009,2.70009,0,0.505897,4.47552,4.43944e+06,3.03805e+06,1.19869e+07,0,0,0,0,80.8192,79.791,5.03739,0,0,1.25777,1.25777,0,0.971565,2.1168,9.22605e+06,4.06077e+06,1.16043e+07,0,0,0,0
84.7738,85.139,8.05962,0,0,2.49723,2.49723,0,0.505997,4.47552,4.43944e+06,3.03805e+06,1.10863e+07,0,0,0,0,80.8192,79.791,8.5378,0,0,1.13166,1.13166,0,0.971756,2.1168,9.22605e+06,4.06077e+06,1.04407e+07,0,0,0,0
85.139,85.139,15.4393,0,0,2.49772,2.49772,0,0.467981,4.47552,4.43944e+06,3.03805e+06,1.10885e+07,0,0,0,0,80.8192,79.791,14.7495,0,0,1.13188,1.13188,0,0.874319,2.1168,9.22605e+06,4.06077e+06,1.04428e+07,0,0,0,0
85.139,85.139,10.9098,0,0,2.49821,2.49821,0,0.468073,4.47552,4.43944e+06,3.03805e+06,1.10907e+07,0,0,0,0,80.8192,79.791,9.21378,0,0,1.1321,1.1321,0,0.87449,2.1168,9.22605e+06,4.06077e+06,1.04448e+07,0,0,0,0
85.139,85.139,9.43933,0,0,2.49871,2.49871,0,0.468165,4.47552,4.43944e+06,3.03805e+06,1.10928e+07,0,0,0,0,80.8192,79.791,11.3467,0,0,1.13233,1.13233,0,0.874662,2.1168,9.22605e+06,4.06077e+06,1.04469e+07,0,0,0,0
85.139,85.139,11.6903,0,0,2.4992,2.4992,0,0.468257,4.47552,4.43944e+06,3.03805e+06,1.1095e+07,0,0,0,0,80.8192,79.791,16.5174,0,0,1.13255,1.13255,0,0.874834,2.1168,9.22605e+06,4.06077e+06,1.04489e+07,0,0,0,0
85.139,85.139,12.9389,0,0,2.57799,2.57799,0,0.468349,4.47552,4.43944e+06,3.03805e+06,1.14448e+07,0,0,0,0,80.8192,79.791,11.1023,0,0,1.16939,1.16939,0,0.875006,2.1168,9.22605e+06,4.06077e+06,1.07889e+07,0,0,0,0
85.139,85.139,4.54736,0,0,2.57848,2.57848,0,0.483115,4.47552,4.43944e+06,3.03805e+06,1.1447e+07,0,0,0,0,80.8192,79.791,3.73114,0,0,1.16962,1.16962,0,0.903474,2.1168,9.22605e+06,4.06077e+06,1.07909e+07,0,0,0,0
85.139,85.139,4.87624,0,0,2.57897,2.57897,0,0.483207,4.47552,4.43944e+06,3.03805e+06,1.14492e+07,0,0,0,0,80.8192,79.791,3.67841,0,0,1.16984,1.16984,0,0.903645,2.1168,9.22605e+06,4.06077e+06,1.0793e+07,0,0,0,0
85.139,85.139,4.82961,0,0,2.57946,2.57946,0,0.483298,4.47552,4.43944e+06,3.03805e+06,1.14513e+07,0,0,0,0,80.8192,79.791,3.78448,0,0,1.17006,1.17006,0,0.903817,2.1168,9.22605e+06,4.06077e+06,1.0795e+07,0,0,0,0
85.139,85.139,4.52179,0,0,2.83159,2.83159,0,0.48339,4.47552,4.43944e+06,3.03805e+06,1.25706e+07,0,0,0,0,80.8192,79.791,4.02813,0,0,1.30788,1.30788,0,0.903988,2.1168,9.22605e+06,4.06077e+06,1.20666e+07,0,0,0,0
85.139,85.139,4.1117,0,0,2.83212,2.83212,0,0.530639,4.47552,4.43944e+06,3.03805e+06,1.2573e+07,0,0,0,0,80.375,79.791,2.99727,0,0,1.30813,1.30813,0,1.01047,2.1168,9.22605e+06,4.06077e+06,1.20689e+07,0,0,0,0
85.002,85.139,3.26251,0,0,2.83266,2.83266,0,0.53074,4.47552,4.43944e+06,3.03805e+06,1.25754e+07,0,0,0,0,80.8018,79.791,2.221,0,0,1.30838,1.30838,0,1.01066,2.1168,9.22605e+06,4.06077e+06,1.20712e+07,0,0,0,0
85.139,85.139,6.20406,0,0,2.8332,2.8332,0,0.530841,4.47552,4.43944e+06,3.03805e+06,1.25778e+07,0,0,0,0,80.8192,79.791,4.24511,0,0,1.30863,1.30863,0,1.01085,2.1168,9.22605e+06,4.06077e+06,1.20734e+07,0,0,0,0
85.139,85.139,7.23881,0,0,2.47454,2.47454,0,0.530941,4.47552,4.43944e+06,3.03805e+06,1.09856e+07,0,0,0,0,80.8192,79.791,6.50359,0,0,1.12407,1.12407,0,1.01104,2.1168,9.22605e+06,4.06077e+06,1.03708e+07,0,0,0,0
85.139,85.139,6.58156,0,0,2.47501,2.47501,0,0.463729,4.47552,4.43944e+06,3.03805e+06,1.09877e+07,0,0,0,0,80.8192,79.791,7.95368,0,0,1.12429,1.12429,0,0.868459,2.1168,9.22605e+06,4.06077e+06,1.03727e+07,0,0,0,0
85.139,85.139,5.4566,0,0,2.47548,2.47548,0,0.463817,4.47552,4.43944e+06,3.03805e+06,1.09897e+07,0,0,0,0,80.8192,79.791,7.03918,0,0,1.1245,1.1245,0,0.868623,2.1168,9.22605e+06,4.06077e+06,1.03747e+07,0,0,0,0
85.139,85.139,5.13583,0,0,2.47595,2.47595,0,0.463905,4.47552,4.43944e+06,3.03805e+06,1.09918e+07,0,0,0,0,80.8192,79.791,7.25137,0,0,1.12471,1.12471,0,0.868788,2.1168,9.22605e+06,4.06077e+06,1.03767e+07,0,0,0,0
85.139,85.139,7.49035,0,0,2.47642,2.47642,0,0.463993,4.47552,4.43944e+06,3.03805e+06,1.09939e+07,0,0,0,0,80.8192,79.791,8.36255,0,0,1.12493,1.12493,0,0.868953,2.1168,9.22605e+06,4.06077e+06,1.03786e+07,0,0,0,0
85.139,85.139,7.57184,0,0,2.56739,2.56739,0,0.464081,4.47552,4.43944e+06,3.03805e+06,1.13978e+07,0,0,0,0,80.8192,79.791,9.99013,0,0,1.17039,1.17039,0,0.869118,2.1168,9.22605e+06,4.06077e+06,1.07981e+07,0,0,0,0
85.139,85.139,7.93899,0,0,2.56788,2.56788,0,0.481129,4.47552,4.43944e+06,3.03805e+06,1.13999e+07,0,0,0,0,80.8192,79.791,10.164,0,0,1.17061,1.17061,0,0.904244,2.1168,9.22605e+06,4.06077e+06,1.08001e+07,0,0,0,0
85.139,85.139,6.8926,0,0,2.56836,2.56836,0,0.48122,4.47552,4.43944e+06,3.03805e+06,1.14021e+07,0,0,0,0,80.8192,79.791,7.96106,0,0,1.17084,1.17084,0,0.904416,2.1168,9.22605e+06,4.06077e+06,1.08022e+07,0,0,0,0
85.139,85.139,5.57782,0,0,2.56885,2.56885,0,0.481311,4.47552,4.43944e+06,3.03805e+06,1.14042e+07,0,0,0,0,80.8192,79.791,5.844,0,0,1.17106,1.17106,0,0.904587,2.1168,9.22605e+06,4.06077e+06,1.08042e+07,0,0,0,0
85.139,85.139,5.42914,0,0,2.53393,2.53393,0,0.481403,4.47552,4.43944e+06,3.03805e+06,1.12492e+07,0,0,0,0,80.8192,79.791,5.98346,0,0,1.15369,1.15369,0,0.904759,2.1168,9.22605e+06,4.06077e+06,1.0644e+07,0,0,0,0
85.139,85.139,5.29348,0,0,2.53441,2.53441,0,0.474858,4.47552,4.43944e+06,3.03805e+06,1.12513e+07,0,0,0,0,80.8192,79.791,6.09728,0,0,1.15391,1.15391,0,0.891342,2.1168,9.22605e+06,4.06077e+06,1.0646e+07,0,0,0,0
85.139,85.139,4.41726,0,0,2.53489,2.53489,0,0.474948,4.47552,4.43944e+06,3.03805e+06,1.12535e+07,0,0,0,0,80.8192,79.791,5.96615,0,0,1.15413,1.15413,0,0.891511,2.1168,9.22605e+06,4.06077e+06,1.06481e+07,0,0,0,0
85.139,85.139,4.15202,0,0,2.53537,2.53537,0,0.475038,4.47552,4.43944e+06,3.03805e+06,1.12556e+07,0,0,0,0,80.8192,79.791,4.72554,0,0,1.15435,1.15435,0,0.89168,2.1168,9.22605e+06,4.06077e+06,1.06501e+07,0,0,0,0
85.139,85.139,3.54767,0,0,2.65614,2.65614,0,0.475128,4.47552,4.43944e+06,3.03805e+06,1.17918e+07,0,0,0,0,80.8192,79.791,4.33061,0,0,1.21699,1.21699,0,0.891849,2.1168,9.22605e+06,4.06077e+06,1.1228e+07,0,0,0,0
85.139,85.139,3.61591,0,0,2.65665,2.65665,0,0.497761,4.47552,4.43944e+06,3.03805e+06,1.1794e+07,0,0,0,0,80.8192,79.791,4.86804,0,0,1.21722,1.21722,0,0.940245,2.1168,9.22605e+06,4.06077e+06,1.12301e+07,0,0,0,0
85.139,85.139,3.41684,0,0,2.65715,2.65715,0,0.497856,4.47552,4.43944e+06,3.03805e+06,1.17963e+07,0,0,0,0,80.8192,79.791,4.18996,0,0,1.21745,1.21745,0,0.940424,2.1168,9.22605e+06,4.06077e+06,1.12323e+07,0,0,0,0
85.139,85.139,3.11405,0,0,2.65766,2.65766,0,0.49795,4.47552,4.43944e+06,3.03805e+06,1.17985e+07,0,0,0,0,80.8192,79.791,3.36101,0,0,1.21768,1.21768,0,0.940602,2.1168,9.22605e+06,4.06077e+06,1.12344e+07,0,0,0,0
84.9593,85.139,2.73722,0,0,2.65816,2.65816,0,0.498045,4.47552,4.43944e+06,3.03805e+06,1.18007e+07,0,0,0,0,80.8192,79.791,3.43362,0,0,1.21791,1.21791,0,0.940781,2.1168,9.22605e+06,4.06077e+06,1.12365e+07,0,0,0,0
84.614,85.139,2.52557,0,0,2.63485,2.63485,0,0.498139,4.47552,4.43944e+06,3.03805e+06,1.16973e+07,0,0,0,0,80.6335,79.791,2.69413,0,0,1.25248,1.25248,0,0.940959,2.1168,9.22605e+06,4.06077e+06,1.15555e+07,0,0,0,0
84.0923,85.139,2.34684,0,0,2.63535,2.63535,0,0.493771,4.47552,4.43944e+06,3.03805e+06,1.16995e+07,0,0,0,0,80.5882,79.791,1.88961,0,0,1.25272,1.25272,0,0.967669,2.1168,9.22605e+06,4.06077e+06,1.15577e+07,0,0,0,0
83.3972,85.139,2.14385,0,0,2.63585,2.63585,0,0.493865,4.47552,4.43944e+06,3.03805e+06,1.17017e+07,0,0,0,0,80.5697,79.791,1.80938,0,0,1.25296,1.25296,0,0.967853,2.1168,9.22605e+06,4.06077e+06,1.15599e+07,0,0,0,0
82.6167,85.139,2.01678,0,0,2.63635,2.63635,0,0.493959,4.47552,4.43944e+06,3.03805e+06,1.17039e+07,0,0,0,0,80.4332,79.791,1.7438,0,0,1.2532,1.2532,0,0.968037,2.1168,9.22605e+06,4.06077e+06,1.15621e+07,0,0,0,0
81.5502,85.139,1.7713,0,0,2.69839,2.69839,0,0.494052,4.47552,4.43944e+06,3.03805e+06,1.19793e+07,0,0,0,0,80.2104,79.791,1.6415,0,0,1.28406,1.28406,0,0.96822,2.1168,9.22605e+06,4.06077e+06,1.18468e+07,0,0,0,0
80.4229,85.139,1.705,0,0,2.6989,2.6989,0,0.505679,4.47552,4.43944e+06,3.03805e+06,1.19816e+07,0,0,0,0,80.0964,79.791,1.59803,0,0,1.28431,1.28431,0,0.992068,2.1168,9.22605e+06,4.06077e+06,1.18491e+07,0,0,0,0
79.2185,85.139,1.60883,0,0,2.69942,2.69942,0,0.505775,4.47552,4.43944e+06,3.03805e+06,1.19839e+07,0,0,0,0,79.8073,79.791,1.6457,0,0,1.28455,1.28455,0,0.992256,2.1168,9.22605e+06,4.06077e+06,1.18513e+07,0,0,0,0
77.9226,85.139,1.50553,0,0,2.69993,2.69993,0,0.505871,4.47552,4.43944e+06,3.03805e+06,1.19862e+07,0,0,0,0,79.573,79.791,1.50478,0,0,1.2848,1.2848,0,0.992444,2.1168,9.22605e+06,4.06077e+06,1.18536e+07,0,0,0,0
76.4648,85.139,1.47984,0,0,2.88079,2.88079,0,0.505967,4.47552,4.43944e+06,3.03805e+06,1.27891e+07,0,0,0,0,79.0411,79.791,1.61892,0,0,1.39568,1.39568,0,0.992633,2.1168,9.22605e+06,4.06077e+06,1.28766e+07,0,0,0,0
74.9513,85.139,1.40902,0,0,2.88134,2.88134,0,0.53986,4.47552,4.43944e+06,3.03805e+06,1.27915e+07,0,0,0,0,78.52,79.791,1.32343,0,0,1.39594,1.39594,0,1.0783,2.1168,9.22605e+06,4.06077e+06,1.2879e+07,0,0,0,0
73.4796,85.139,1.45222,0,0,2.88189,2.88189,0,0.539963,4.47552,4.43944e+06,3.03805e+06,1.27939e+07,0,0,0,0,77.8502,79.791,1.33471,0,0,1.39621,1.39621,0,1.0785,2.1168,9.22605e+06,4.06077e+06,1.28815e+07,0,0,0,0
71.7478,85.139,1.19644,0,0,2.88243,2.88243,0,0.540065,4.47552,4.43944e+06,3.03805e+06,1.27964e+07,0,0,0,0,77.467,79.791,1.06678,0,0,1.39647,1.39647,0,1.07871,2.1168,9.22605e+06,4.06077e+06,1.28839e+07,0,0,0,0
70.2316,85.139,1.3849,0,0,2.88298,2.88298,0,0.540168,4.47552,4.43944e+06,3.03805e+06,1.27988e+07,0,0,0,0,76.9685,79.791,1.60015,0,0,1.39674,1.39674,0,1.07891,2.1168,9.22605e+06,4.06077e+06,1.28864e+07,0,0,0,0
68.8756,85.139,1.44391,0,0,2.79555,2.79555,0,0.54027,4.47552,4.43944e+06,3.03805e+06,1.24107e+07,0,0,0,0,76.36,79.791,1.23699,0,0,1.32978,1.32978,0,1.07912,2.1168,9.22605e+06,4.06077e+06,1.22687e+07,0,0,0,0
67.6822,85.139,1.6296,0,0,2.79608,2.79608,0,0.523886,4.47552,4.43944e+06,3.03805e+06,1.2413e+07,0,0,0,0,76.0068,79.791,1.18138,0,0,1.33004,1.33004,0,1.02739,2.1168,9.22605e+06,4.06077e+06,1.2271e+07,0,0,0,0
66.6306,85.139,1.82169,0.01,0,2.79661,2.79661,0,0.523985,4.47552,4.43944e+06,3.03805e+06,1.24154e+07,0,0,0,0,75.7394,79.791,1.57578,0,0,1.33029,1.33029,0,1.02759,2.1168,9.22605e+06,4.06077e+06,1.22733e+07,0,0,0,0
65.4784,85.139,1.73399,0.01,0,2.79714,2.79714,0,0.524085,4.47552,4.43944e+06,3.03805e+06,1.24177e+07,0,0,0,0,75.6721,79.791,1.55546,0,0,1.33054,1.33054,0,1.02778,2.1168,9.22605e+06,4.06077e+06,1.22757e+07,0,0,0,0
64.5951,85.139,1.99799,0.01,0,2.7254,2.7254,0,0.524184,4.47552,4.43944e+06,3.03805e+06,1.20992e+07,0,0,0,0,75.7746,79.791,1.89149,0,0,1.26957,1.26957,0,1.02798,2.1168,9.22605e+06,4.06077e+06,1.17131e+07,0,0,0,0
63.3124,85.139,1.61263,0.01,0,2.72592,2.72592,0,0.51074,4.47552,4.43944e+06,3.03805e+06,1.21015e+07,0,0,0,0,75.2945,79.791,1.90951,0,0,1.26981,1.26981,0,0.980866,2.1168,9.22605e+06,4.06077e+06,1.17153e+07,0,0,0,0
61.9683,85.139,1.52615,0.01,0,2.72644,2.72644,0,0.510837,4.47552,4.43944e+06,3.03805e+06,1.21038e+07,0,0,0,0,75.4591,79.791,1.17059,0,0,1.27005,1.27005,0,0.981052,2.1168,9.22605e+06,4.06077e+06,1.17175e+07,0,0,0,0
62.1139,85.139,3.06762,0.01,0,2.72695,2.72695,0,0.510934,4.47552,4.43944e+06,3.03805e+06,1.21061e+07,0,0,0,0,75.9439,79.791,2.66085,0,0,1.27029,1.27029,0,0.981238,2.1168,9.22605e+06,4.06077e+06,1.17197e+07,0,0,0,0
65.2913,85.139,6.0971,0.01,0,2.52206,2.52206,0,0.511031,4.47552,4.43944e+06,3.03805e+06,1.11965e+07,0,0,0,0,77.3438,79.791,5.45557,0,0,1.14291,1.14291,0,0.981425,2.1168,9.22605e+06,4.06077e+06,1.05445e+07,0,0,0,0
67.7207,85.139,5.41661,0.01,0,2.52254,2.52254,0,0.472634,4.47552,4.43944e+06,3.03805e+06,1.11987e+07,0,0,0,0,78.0624,79.791,3.11721,0,0,1.14313,1.14313,0,0.883012,2.1168,9.22605e+06,4.06077e+06,1.05465e+07,0,0,0,0
73.5962,85.139,8.8529,0.01,0,2.52302,2.52302,0,0.472724,4.47552,4.43944e+06,3.03805e+06,1.12008e+07,0,0,0,0,79.5202,79.791,4.51085,0,0,1.14334,1.14334,0,0.883179,2.1168,9.22605e+06,4.06077e+06,1.05485e+07,0,0,0,0
77.2346,85.139,6.80981,0,0,2.5235,2.5235,0,0.472814,4.47552,4.43944e+06,3.03805e+06,1.12029e+07,0,0,0,0,80.3392,79.791,3.39373,0,0,1.14356,1.14356,0,0.883347,2.1168,9.22605e+06,4.06077e+06,1.05505e+07,0,0,0,0
78.1715,85.139,3.85551,0,0,2.52398,2.52398,0,0.472904,4.47552,4.43944e+06,3.03805e+06,1.1205e+07,0,0,0,0,80.7115,79.791,2.08434,0,0,1.14378,1.14378,0,0.883515,2.1168,9.22605e+06,4.06077e+06,1.05525e+07,0,0,0,0
79.6551,85.139,4.46479,0,0,2.60353,2.60353,0,0.472993,4.47552,4.43944e+06,3.03805e+06,1.15582e+07,0,0,0,0,80.8192,79.791,2.29018,0,0,1.18098,1.18098,0,0.883682,2.1168,9.22605e+06,4.06077e+06,1.08958e+07,0,0,0,0
80.7016,85.139,4.01971,0,0,2.60401,2.60401,0,0.487902,4.47552,4.43944e+06,3.03805e+06,1.15603e+07,0,0,0,0,80.8192,79.791,2.58136,0,0,1.1812,1.1812,0,0.912426,2.1168,9.22605e+06,4.06077e+06,1.08978e+07,0,0,0,0
81.014,85.139,3.32246,0,0,2.60449,2.60449,0,0.487992,4.47552,4.43944e+06,3.03805e+06,1.15625e+07,0,0,0,0,80.8192,79.791,3.18034,0,0,1.18141,1.18141,0,0.912593,2.1168,9.22605e+06,4.06077e+06,1.08998e+07,0,0,0,0
80.4278,85.139,2.45654,0,0,2.60496,2.60496,0,0.488081,4.47552,4.43944e+06,3.03805e+06,1.15646e+07,0,0,0,0,80.7119,79.791,2.4653,0,0,1.18163,1.18163,0,0.91276,2.1168,9.22605e+06,4.06077e+06,1.09018e+07,0,0,0,0
79.6145,85.139,2.38003,0,0,2.85957,2.85957,0,0.48817,4.47552,4.43944e+06,3.03805e+06,1.26949e+07,0,0,0,0,80.8192,79.791,2.23421,0,0,1.32081,1.32081,0,0.912927,2.1168,9.22605e+06,4.06077e+06,1.21858e+07,0,0,0,0
79.5831,85.139,3.13102,0,0,2.86009,2.86009,0,0.535883,4.47552,4.43944e+06,3.03805e+06,1.26972e+07,0,0,0,0,80.8192,79.791,3.42387,0,0,1.32105,1.32105,0,1.02045,2.1168,9.22605e+06,4.06077e+06,1.21881e+07,0,0,0,0
81.4225,85.139,5.1064,0,0,2.86062,2.86062,0,0.535981,4.47552,4.43944e+06,3.03805e+06,1.26995e+07,0,0,0,0,80.8192,79.791,4.33805,0,0,1.32129,1.32129,0,1.02064,2.1168,9.22605e+06,4.06077e+06,1.21903e+07,0,0,0,0
83.5742,85.139,5.59461,0,0,2.86114,2.86114,0,0.536079,4.47552,4.43944e+06,3.03805e+06,1.27018e+07,0,0,0,0,80.8192,79.791,5.44096,0,0,1.32153,1.32153,0,1.02083,2.1168,9.22605e+06,4.06077e+06,1.21925e+07,0,0,0,0
85.139,85.139,5.48291,0,0,2.49893,2.49893,0,0.536177,4.47552,4.43944e+06,3.03805e+06,1.10938e+07,0,0,0,0,80.8192,79.791,4.68968,0,0,1.13515,1.13515,0,1.02101,2.1168,9.22605e+06,4.06077e+06,1.0473e+07,0,0,0,0
85.139,85.139,4.41551,0,0,2.49939,2.49939,0,0.468299,4.47552,4.43944e+06,3.03805e+06,1.10959e+07,0,0,0,0,80.8192,79.791,3.87068,0,0,1.13536,1.13536,0,0.877017,2.1168,9.22605e+06,4.06077e+06,1.04749e+07,0,0,0,0
85.139,85.139,7.02369,0,0,2.49984,2.49984,0,0.468385,4.47552,4.43944e+06,3.03805e+06,1.10979e+07,0,0,0,0,80.8192,79.791,6.10278,0,0,1.13557,1.13557,0,0.877178,2.1168,9.22605e+06,4.06077e+06,1.04768e+07,0,0,0,0
85.139,85.139,6.24228,0,0,2.5003,2.5003,0,0.468471,4.47552,4.43944e+06,3.03805e+06,1.10999e+07,0,0,0,0,80.8192,79.791,4.06285,0,0,1.13577,1.13577,0,0.877338,2.1168,9.22605e+06,4.06077e+06,1.04787e+07,0,0,0,0
85.139,85.139,4.45961,0,0,2.50076,2.50076,0,0.468556,4.47552,4.43944e+06,3.03805e+06,1.1102e+07,0,0,0,0,80.8192,79.791,3.23641,0,0,1.13598,1.13598,0,0.877499,2.1168,9.22605e+06,4.06077e+06,1.04806e+07,0,0,0,0
85.139,85.139,4.06477,0,0,2.5926,2.5926,0,0.468642,4.47552,4.43944e+06,3.03805e+06,1.15097e+07,0,0,0,0,80.8192,79.791,3.27394,0,0,1.18189,1.18189,0,0.877659,2.1168,9.22605e+06,4.06077e+06,1.09041e+07,0,0,0,0
85.139,85.139,7.49886,0,0,2.59308,2.59308,0,0.485854,4.47552,4.43944e+06,3.03805e+06,1.15118e+07,0,0,0,0,80.8192,79.791,7.34833,0,0,1.1821,1.1821,0,0.913125,2.1168,9.22605e+06,4.06077e+06,1.09061e+07,0,0,0,0
85.139,85.139,5.28719,0,0,2.59355,2.59355,0,0.485943,4.47552,4.43944e+06,3.03805e+06,1.15139e+07,0,0,0,0,80.8192,79.791,4.88955,0,0,1.18232,1.18232,0,0.913292,2.1168,9.22605e+06,4.06077e+06,1.09081e+07,0,0,0,0
85.139,85.139,4.73022,0,0,2.59403,2.59403,0,0.486032,4.47552,4.43944e+06,3.03805e+06,1.1516e+07,0,0,0,0,80.8192,79.791,4.22071,0,0,1.18254,1.18254,0,0.913459,2.1168,9.22605e+06,4.06077e+06,1.09101e+07,0,0,0,0
85.139,85.139,4.39437,0,0,2.55874,2.55874,0,0.486121,4.47552,4.43944e+06,3.03805e+06,1.13594e+07,0,0,0,0,80.8192,79.791,5.00805,0,0,1.16499,1.16499,0,0.913627,2.1168,9.22605e+06,4.06077e+06,1.07483e+07,0,0,0,0
85.139,85.139,3.58879,0,0,2.55921,2.55921,0,0.479509,4.47552,4.43944e+06,3.03805e+06,1.13615e+07,0,0,0,0,80.8192,79.791,4.6798,0,0,1.1652,1.1652,0,0.900072,2.1168,9.22605e+06,4.06077e+06,1.07502e+07,0,0,0,0
85.139,85.139,3.09972,0,0,2.55968,2.55968,0,0.479596,4.47552,4.43944e+06,3.03805e+06,1.13635e+07,0,0,0,0,80.8192,79.791,4.22269,0,0,1.16542,1.16542,0,0.900236,2.1168,9.22605e+06,4.06077e+06,1.07522e+07,0,0,0,0
85.139,85.139,3.16627,0,0,2.56015,2.56015,0,0.479684,4.47552,4.43944e+06,3.03805e+06,1.13656e+07,0,0,0,0,80.8192,79.791,3.53332,0,0,1.16563,1.16563,0,0.900401,2.1168,9.22605e+06,4.06077e+06,1.07542e+07,0,0,0,0
85.139,85.139,3.20885,0,0,2.68209,2.68209,0,0.479772,4.47552,4.43944e+06,3.03805e+06,1.19069e+07,0,0,0,0,80.8192,79.791,3.83526,0,0,1.22888,1.22888,0,0.900566,2.1168,9.22605e+06,4.06077e+06,1.13377e+07,0,0,0,0
84.5895,85.139,2.42934,0,0,2.68258,2.68258,0,0.502623,4.47552,4.43944e+06,3.03805e+06,1.19091e+07,0,0,0,0,80.8192,79.791,3.17312,0,0,1.2291,1.2291,0,0.949429,2.1168,9.22605e+06,4.06077e+06,1.13397e+07,0,0,0,0
83.7226,85.139,2.07978,0,0,2.68307,2.68307,0,0.502715,4.47552,4.43944e+06,3.03805e+06,1.19113e+07,0,0,0,0,80.8192,79.791,3.01755,0,0,1.22933,1.22933,0,0.949603,2.1168,9.22605e+06,4.06077e+06,1.13418e+07,0,0,0,0
82.8001,85.139,2.01243,0,0,2.68356,2.68356,0,0.502807,4.47552,4.43944e+06,3.03805e+06,1.19135e+07,0,0,0,0,80.8192,79.791,2.98334,0,0,1.22955,1.22955,0,0.949777,2.1168,9.22605e+06,4.06077e+06,1.13439e+07,0,0,0,0
81.7629,85.139,1.88473,0,0,2.68405,2.68405,0,0.502899,4.47552,4.43944e+06,3.03805e+06,1.19157e+07,0,0,0,0,80.8192,79.791,2.72273,0,0,1.22978,1.22978,0,0.949951,2.1168,9.22605e+06,4.06077e+06,1.1346e+07,0,0,0,0
81.1807,85.139,2.27414,0,0,2.6605,2.6605,0,0.502991,4.47552,4.43944e+06,3.03805e+06,1.18111e+07,0,0,0,0,80.8192,79.791,3.1991,0,0,1.26468,1.26468,0,0.950124,2.1168,9.22605e+06,4.06077e+06,1.1668e+07,0,0,0,0
81.1818,85.139,2.8546,0,0,2.66099,2.66099,0,0.498577,4.47552,4.43944e+06,3.03805e+06,1.18133e+07,0,0,0,0,80.8192,79.791,3.64552,0,0,1.26491,1.26491,0,0.977088,2.1168,9.22605e+06,4.06077e+06,1.16701e+07,0,0,0,0
80.999,85.139,2.6693,0,0,2.66147,2.66147,0,0.498669,4.47552,4.43944e+06,3.03805e+06,1.18154e+07,0,0,0,0,80.8192,79.791,3.51169,0,0,1.26514,1.26514,0,0.977267,2.1168,9.22605e+06,4.06077e+06,1.16722e+07,0,0,0,0
80.579,85.139,2.42894,0,0,2.66196,2.66196,0,0.49876,4.47552,4.43944e+06,3.03805e+06,1.18176e+07,0,0,0,0,80.8192,79.791,3.34152,0,0,1.26537,1.26537,0,0.977446,2.1168,9.22605e+06,4.06077e+06,1.16744e+07,0,0,0,0
79.9087,85.139,2.20736,0,0,2.72458,2.72458,0,0.498851,4.47552,4.43944e+06,3.03805e+06,1.20956e+07,0,0,0,0,80.8192,79.791,3.07511,0,0,1.29653,1.29653,0,0.977625,2.1168,9.22605e+06,4.06077e+06,1.19618e+07,0,0,0,0
79.3155,85.139,2.27154,0,0,2.72508,2.72508,0,0.510587,4.47552,4.43944e+06,3.03805e+06,1.20978e+07,0,0,0,0,80.8192,79.791,2.90889,0,0,1.29677,1.29677,0,1.0017,2.1168,9.22605e+06,4.06077e+06,1.1964e+07,0,0,0,0
78.582,85.139,2.09848,0,0,2.72558,2.72558,0,0.510681,4.47552,4.43944e+06,3.03805e+06,1.21e+07,0,0,0,0,80.8192,79.791,2.77417,0,0,1.297,1.297,0,1.00188,2.1168,9.22605e+06,4.06077e+06,1.19662e+07,0,0,0,0
77.6731,85.139,1.90989,0,0,2.72608,2.72608,0,0.510774,4.47552,4.43944e+06,3.03805e+06,1.21023e+07,0,0,0,0,80.8192,79.791,2.42195,0,0,1.29724,1.29724,0,1.00206,2.1168,9.22605e+06,4.06077e+06,1.19684e+07,0,0,0,0
76.8644,85.139,2.15023,0,0,2.90868,2.90868,0,0.510868,4.47552,4.43944e+06,3.03805e+06,1.29129e+07,0,0,0,0,80.8192,79.791,3.19559,0,0,1.40918,1.40918,0,1.00225,2.1168,9.22605e+06,4.06077e+06,1.30012e+07,0,0,0,0
75.7713,85.139,1.84427,0,0,2.90921,2.90921,0,0.545086,4.47552,4.43944e+06,3.03805e+06,1.29152e+07,0,0,0,0,80.8192,79.791,3.00022,0,0,1.40944,1.40944,0,1.08874,2.1168,9.22605e+06,4.06077e+06,1.30036e+07,0,0,0,0
74.3726,85.139,1.52626,0,0,2.90974,2.90974,0,0.545186,4.47552,4.43944e+06,3.03805e+06,1.29176e+07,0,0,0,0,80.8192,79.791,2.70005,0,0,1.4097,1.4097,0,1.08894,2.1168,9.22605e+06,4.06077e+06,1.3006e+07,0,0,0,0
73.0817,85.139,1.62447,0,0,2.91028,2.91028,0,0.545286,4.47552,4.43944e+06,3.03805e+06,1.292e+07,0,0,0,0,80.8192,79.791,2.88775,0,0,1.40996,1.40996,0,1.08914,2.1168,9.22605e+06,4.06077e+06,1.30084e+07,0,0,0,0
71.9975,85.139,1.8185,0,0,2.91081,2.91081,0,0.545386,4.47552,4.43944e+06,3.03805e+06,1.29223e+07,0,0,0,0,80.8192,79.791,2.87484,0,0,1.41022,1.41022,0,1.08933,2.1168,9.22605e+06,4.06077e+06,1.30107e+07,0,0,0,0
70.398,85.139,1.21617,0,0,2.82251,2.82251,0,0.545485,4.47552,4.43944e+06,3.03805e+06,1.25304e+07,0,0,0,0,80.6598,79.791,2.43776,0,0,1.34261,1.34261,0,1.08953,2.1168,9.22605e+06,4.06077e+06,1.2387e+07,0,0,0,0
68.4056,85.139,0.830588,0,0,2.82303,2.82303,0,0.528939,4.47552,4.43944e+06,3.03805e+06,1.25327e+07,0,0,0,0,80.5632,79.791,1.54838,0,0,1.34286,1.34286,0,1.0373,2.1168,9.22605e+06,4.06077e+06,1.23893e+07,0,0,0,0
66.6864,85.139,1.11174,0,0,2.82355,2.82355,0,0.529036,4.47552,4.43944e+06,3.03805e+06,1.2535e+07,0,0,0,0,80.5285,79.791,2.00507,0,0,1.3431,1.3431,0,1.03749,2.1168,9.22605e+06,4.06077e+06,1.23915e+07,0,0,0,0
65.2543,85.139,1.4502,0.01,0,2.82406,2.82406,0,0.529133,4.47552,4.43944e+06,3.03805e+06,1.25373e+07,0,0,0,0,80.738,79.791,2.99651,0,0,1.34335,1.34335,0,1.03768,2.1168,9.22605e+06,4.06077e+06,1.23938e+07,0,0,0,0
63.7473,85.139,1.33604,0.01,0,2.75162,2.75162,0,0.52923,4.47552,4.43944e+06,3.03805e+06,1.22156e+07,0,0,0,0,80.6686,79.791,1.99699,0,0,1.28178,1.28178,0,1.03787,2.1168,9.22605e+06,4.06077e+06,1.18257e+07,0,0,0,0
61.7978,85.139,0.883904,0.01,0,2.75212,2.75212,0,0.515653,4.47552,4.43944e+06,3.03805e+06,1.22179e+07,0,0,0,0,80.8192,79.791,1.81041,0,0,1.28201,1.28201,0,0.990301,2.1168,9.22605e+06,4.06077e+06,1.18279e+07,0,0,0,0
60.5713,85.139,1.63352,0.01,0,2.75262,2.75262,0,0.515747,4.47552,4.43944e+06,3.03805e+06,1.22201e+07,0,0,0,0,80.8192,79.791,4.05591,0,0,1.28225,1.28225,0,0.990482,2.1168,9.22605e+06,4.06077e+06,1.18301e+07,0,0,0,0
58.7786,85.139,0.999197,0.01,0,2.75313,2.75313,0,0.515842,4.47552,4.43944e+06,3.03805e+06,1.22223e+07,0,0,0,0,80.8192,79.791,3.61397,0,0,1.28248,1.28248,0,0.990664,2.1168,9.22605e+06,4.06077e+06,1.18322e+07,0,0,0,0
57.7656,85.139,1.75689,0.02,0,2.54625,2.54625,0,0.515936,4.47552,4.43944e+06,3.03805e+06,1.13039e+07,0,0,0,0,80.8192,79.791,3.4291,0,0,1.15387,1.15387,0,0.990845,2.1168,9.22605e+06,4.06077e+06,1.06457e+07,0,0,0,0
57.8961,85.139,2.96487,0.02,0,2.54672,2.54672,0,0.477168,4.47552,4.43944e+06,3.03805e+06,1.1306e+07,0,0,0,0,80.8192,79.791,4.47569,0,0,1.15408,1.15408,0,0.891481,2.1168,9.22605e+06,4.06077e+06,1.06476e+07,0,0,0,0
57.1414,85.139,1.95772,0.02,0,2.54719,2.54719,0,0.477255,4.47552,4.43944e+06,3.03805e+06,1.13081e+07,0,0,0,0,80.8192,79.791,4.37554,0,0,1.15429,1.15429,0,0.891645,2.1168,9.22605e+06,4.06077e+06,1.06496e+07,0,0,0,0
56.6248,85.139,2.211,0.02,0,2.54765,2.54765,0,0.477343,4.47552,4.43944e+06,3.03805e+06,1.13101e+07,0,0,0,0,80.8192,79.791,4.2792,0,0,1.15451,1.15451,0,0.891808,2.1168,9.22605e+06,4.06077e+06,1.06515e+07,0,0,0,0
55.6736,85.139,1.73949,0.02,0,2.54812,2.54812,0,0.47743,4.47552,4.43944e+06,3.03805e+06,1.13122e+07,0,0,0,0,80.8192,79.791,3.74331,0,0,1.15472,1.15472,0,0.891971,2.1168,9.22605e+06,4.06077e+06,1.06535e+07,0,0,0,0
55.9808,85.139,3.00156,0.02,0,2.54812,2.54812,0,0.477518,4.47552,4.43944e+06,3.03805e+06,1.13122e+07,0,0,0,0,80.8192,79.791,5.1287,0,0,1.15472,1.15472,0,0.892135,2.1168,9.22605e+06,4.06077e+06,1.06535e+07,0,0,0,0
59.394,85.139,6.31137,0.01,0,2.62842,2.62842,0,0.477518,4.47552,4.43944e+06,3.03805e+06,1.16687e+07,0,0,0,0,80.8192,79.791,5.78055,0,0,1.19227,1.19227,0,0.892135,2.1168,9.22605e+06,4.06077e+06,1.09999e+07,0,0,0,0
61.9814,85.139,5.48587,0.01,0,2.62888,2.62888,0,0.492566,4.47552,4.43944e+06,3.03805e+06,1.16708e+07,0,0,0,0,80.8192,79.791,5.15289,0,0,1.19248,1.19248,0,0.921147,2.1168,9.22605e+06,4.06077e+06,1.10019e+07,0,0,0,0
64.4062,85.139,5.34472,0,0,2.62935,2.62935,0,0.492653,4.47552,4.43944e+06,3.03805e+06,1.16728e+07,0,0,0,0,80.8192,79.791,5.30524,0,0,1.19269,1.19269,0,0.92131,2.1168,9.22605e+06,4.06077e+06,1.10038e+07,0,0,0,0
66.9299,85.139,5.55032,0,0,2.62981,2.62981,0,0.492739,4.47552,4.43944e+06,3.03805e+06,1.16749e+07,0,0,0,0,80.8192,79.791,5.01175,0,0,1.1929,1.1929,0,0.921472,2.1168,9.22605e+06,4.06077e+06,1.10058e+07,0,0,0,0
71.6536,85.139,8.00569,0,0,2.88682,2.88682,0,0.492826,4.47552,4.43944e+06,3.03805e+06,1.28159e+07,0,0,0,0,80.8192,79.791,6.20249,0,0,1.33339,1.33339,0,0.921634,2.1168,9.22605e+06,4.06077e+06,1.2302e+07,0,0,0,0
75.2247,85.139,6.83314,0,0,2.88733,2.88733,0,0.540991,4.47552,4.43944e+06,3.03805e+06,1.28181e+07,0,0,0,0,80.8192,79.791,4.55132,0,0,1.33363,1.33363,0,1.03018,2.1168,9.22605e+06,4.06077e+06,1.23041e+07,0,0,0,0
77.3104,85.139,5.33147,0,0,2.88784,2.88784,0,0.541086,4.47552,4.43944e+06,3.03805e+06,1.28204e+07,0,0,0,0,80.8192,79.791,3.57514,0,0,1.33386,1.33386,0,1.03036,2.1168,9.22605e+06,4.06077e+06,1.23063e+07,0,0,0,0
79.4186,85.139,5.4344,0,0,2.88835,2.88835,0,0.541181,4.47552,4.43944e+06,3.03805e+06,1.28226e+07,0,0,0,0,80.8192,79.791,3.95008,0,0,1.3341,1.3341,0,1.03054,2.1168,9.22605e+06,4.06077e+06,1.23085e+07,0,0,0,0
82.1041,85.139,5.76166,0,0,2.52268,2.52268,0,0.541277,4.47552,4.43944e+06,3.03805e+06,1.11993e+07,0,0,0,0,80.8192,79.791,7.98317,0,0,1.14594,1.14594,0,1.03073,2.1168,9.22605e+06,4.06077e+06,1.05725e+07,0,0,0,0
85.139,85.139,9.19975,0,0,2.52312,2.52312,0,0.47275,4.47552,4.43944e+06,3.03805e+06,1.12012e+07,0,0,0,0,80.8192,79.791,11.5156,0,0,1.14614,1.14614,0,0.885353,2.1168,9.22605e+06,4.06077e+06,1.05744e+07,0,0,0,0
85.139,85.139,7.50802,0,0,2.52357,2.52357,0,0.472833,4.47552,4.43944e+06,3.03805e+06,1.12032e+07,0,0,0,0,80.8192,79.791,7.52386,0,0,1.14634,1.14634,0,0.885509,2.1168,9.22605e+06,4.06077e+06,1.05762e+07,0,0,0,0
85.139,85.139,5.34871,0,0,2.52401,2.52401,0,0.472917,4.47552,4.43944e+06,3.03805e+06,1.12052e+07,0,0,0,0,80.8192,79.791,6.17588,0,0,1.14655,1.14655,0,0.885665,2.1168,9.22605e+06,4.06077e+06,1.05781e+07,0,0,0,0
85.139,85.139,6.23831,0,0,2.52446,2.52446,0,0.473,4.47552,4.43944e+06,3.03805e+06,1.12072e+07,0,0,0,0,80.8192,79.791,5.4191,0,0,1.14675,1.14675,0,0.885821,2.1168,9.22605e+06,4.06077e+06,1.058e+07,0,0,0,0
85.139,85.139,7.62809,0,0,2.61716,2.61716,0,0.473083,4.47552,4.43944e+06,3.03805e+06,1.16187e+07,0,0,0,0,80.8192,79.791,7.92478,0,0,1.19308,1.19308,0,0.885977,2.1168,9.22605e+06,4.06077e+06,1.10074e+07,0,0,0,0
85.139,85.139,5.83876,0,0,2.61762,2.61762,0,0.490455,4.47552,4.43944e+06,3.03805e+06,1.16208e+07,0,0,0,0,80.8192,79.791,5.29862,0,0,1.19329,1.19329,0,0.921773,2.1168,9.22605e+06,4.06077e+06,1.10093e+07,0,0,0,0
85.139,85.139,5.57106,0,0,2.61808,2.61808,0,0.490542,4.47552,4.43944e+06,3.03805e+06,1.16228e+07,0,0,0,0,80.8192,79.791,6.41737,0,0,1.1935,1.1935,0,0.921935,2.1168,9.22605e+06,4.06077e+06,1.10113e+07,0,0,0,0
85.139,85.139,6.13838,0,0,2.61854,2.61854,0,0.490628,4.47552,4.43944e+06,3.03805e+06,1.16249e+07,0,0,0,0,80.8192,79.791,5.43238,0,0,1.19371,1.19371,0,0.922098,2.1168,9.22605e+06,4.06077e+06,1.10132e+07,0,0,0,0
85.139,85.139,5.25065,0,0,2.58291,2.58291,0,0.490715,4.47552,4.43944e+06,3.03805e+06,1.14667e+07,0,0,0,0,80.8192,79.791,4.67167,0,0,1.17599,1.17599,0,0.922261,2.1168,9.22605e+06,4.06077e+06,1.08498e+07,0,0,0,0
85.139,85.139,4.59921,0,0,2.58336,2.58336,0,0.484037,4.47552,4.43944e+06,3.03805e+06,1.14687e+07,0,0,0,0,80.8192,79.791,4.22501,0,0,1.1762,1.1762,0,0.908571,2.1168,9.22605e+06,4.06077e+06,1.08517e+07,0,0,0,0
85.139,85.139,4.12561,0,0,2.58382,2.58382,0,0.484122,4.47552,4.43944e+06,3.03805e+06,1.14707e+07,0,0,0,0,80.8192,79.791,3.74431,0,0,1.17641,1.17641,0,0.908732,2.1168,9.22605e+06,4.06077e+06,1.08536e+07,0,0,0,0
85.139,85.139,3.81599,0,0,2.58427,2.58427,0,0.484208,4.47552,4.43944e+06,3.03805e+06,1.14727e+07,0,0,0,0,80.8192,79.791,3.53797,0,0,1.17661,1.17661,0,0.908892,2.1168,9.22605e+06,4.06077e+06,1.08555e+07,0,0,0,0
85.139,85.139,3.43204,0,0,2.70734,2.70734,0,0.484293,4.47552,4.43944e+06,3.03805e+06,1.20191e+07,0,0,0,0,80.8192,79.791,3.374,0,0,1.24045,1.24045,0,0.909052,2.1168,9.22605e+06,4.06077e+06,1.14444e+07,0,0,0,0
85.139,85.139,3.28731,0,0,2.70782,2.70782,0,0.507356,4.47552,4.43944e+06,3.03805e+06,1.20212e+07,0,0,0,0,80.8192,79.791,2.90616,0,0,1.24067,1.24067,0,0.958369,2.1168,9.22605e+06,4.06077e+06,1.14464e+07,0,0,0,0
85.0755,85.139,2.87147,0,0,2.7083,2.7083,0,0.507445,4.47552,4.43944e+06,3.03805e+06,1.20233e+07,0,0,0,0,80.8192,79.791,2.71559,0,0,1.24088,1.24088,0,0.958538,2.1168,9.22605e+06,4.06077e+06,1.14485e+07,0,0,0,0
84.895,85.139,2.6988,0,0,2.70878,2.70878,0,0.507535,4.47552,4.43944e+06,3.03805e+06,1.20254e+07,0,0,0,0,80.8192,79.791,2.59428,0,0,1.2411,1.2411,0,0.958707,2.1168,9.22605e+06,4.06077e+06,1.14505e+07,0,0,0,0
84.2926,85.139,2.27556,0,0,2.70925,2.70925,0,0.507624,4.47552,4.43944e+06,3.03805e+06,1.20276e+07,0,0,0,0,80.7888,79.791,2.28454,0,0,1.24132,1.24132,0,0.958877,2.1168,9.22605e+06,4.06077e+06,1.14525e+07,0,0,0,0
83.0278,85.139,1.58545,0,0,2.68546,2.68546,0,0.507714,4.47552,4.43944e+06,3.03805e+06,1.19219e+07,0,0,0,0,80.8192,79.791,1.90992,0,0,1.27654,1.27654,0,0.959046,2.1168,9.22605e+06,4.06077e+06,1.17774e+07,0,0,0,0
81.7288,85.139,1.53858,0,0,2.68594,2.68594,0,0.503255,4.47552,4.43944e+06,3.03805e+06,1.1924e+07,0,0,0,0,80.7216,79.791,1.88508,0,0,1.27677,1.27677,0,0.986256,2.1168,9.22605e+06,4.06077e+06,1.17795e+07,0,0,0,0
80.3377,85.139,1.40668,0,0,2.68641,2.68641,0,0.503344,4.47552,4.43944e+06,3.03805e+06,1.19261e+07,0,0,0,0,80.647,79.791,1.76234,0,0,1.27699,1.27699,0,0.98643,2.1168,9.22605e+06,4.06077e+06,1.17816e+07,0,0,0,0
78.8309,85.139,1.27194,0,0,2.68688,2.68688,0,0.503433,4.47552,4.43944e+06,3.03805e+06,1.19282e+07,0,0,0,0,80.3697,79.791,1.76802,0,0,1.27722,1.27722,0,0.986604,2.1168,9.22605e+06,4.06077e+06,1.17837e+07,0,0,0,0
77.1674,85.139,1.16939,0,0,2.75007,2.75007,0,0.503522,4.47552,4.43944e+06,3.03805e+06,1.22088e+07,0,0,0,0,80.0398,79.791,1.55024,0,0,1.30866,1.30866,0,0.986778,2.1168,9.22605e+06,4.06077e+06,1.20737e+07,0,0,0,0
75.4351,85.139,1.07353,0,0,2.75056,2.75056,0,0.515364,4.47552,4.43944e+06,3.03805e+06,1.22109e+07,0,0,0,0,79.5502,79.791,1.49977,0,0,1.30889,1.30889,0,1.01107,2.1168,9.22605e+06,4.06077e+06,1.20759e+07,0,0,0,0
73.6231,85.139,0.97714,0,0,2.75104,2.75104,0,0.515455,4.47552,4.43944e+06,3.03805e+06,1.22131e+07,0,0,0,0,79.3787,79.791,1.30706,0,0,1.30912,1.30912,0,1.01125,2.1168,9.22605e+06,4.06077e+06,1.2078e+07,0,0,0,0
71.9529,85.139,1.09921,0,0,2.75153,2.75153,0,0.515546,4.47552,4.43944e+06,3.03805e+06,1.22152e+07,0,0,0,0,79.0771,79.791,1.72705,0,0,1.30935,1.30935,0,1.01143,2.1168,9.22605e+06,4.06077e+06,1.20801e+07,0,0,0,0
69.9874,85.139,0.942038,0,0,2.93581,2.93581,0,0.515637,4.47552,4.43944e+06,3.03805e+06,1.30333e+07,0,0,0,0,78.64,79.791,1.50613,0,0,1.42233,1.42233,0,1.0116,2.1168,9.22605e+06,4.06077e+06,1.31225e+07,0,0,0,0
67.9667,85.139,0.886249,0,0,2.93633,2.93633,0,0.550171,4.47552,4.43944e+06,3.03805e+06,1.30356e+07,0,0,0,0,78.0226,79.791,1.48059,0,0,1.42258,1.42258,0,1.09889,2.1168,9.22605e+06,4.06077e+06,1.31248e+07,0,0,0,0
65.7979,85.139,0.729274,0.01,0,2.93685,2.93685,0,0.550268,4.47552,4.43944e+06,3.03805e+06,1.30379e+07,0,0,0,0,77.7794,79.791,1.18434,0,0,1.42283,1.42283,0,1.09909,2.1168,9.22605e+06,4.06077e+06,1.31271e+07,0,0,0,0
63.773,85.139,0.845027,0.01,0,2.93737,2.93737,0,0.550365,4.47552,4.43944e+06,3.03805e+06,1.30402e+07,0,0,0,0,77.3524,79.791,1.77667,0,0,1.42308,1.42308,0,1.09928,2.1168,9.22605e+06,4.06077e+06,1.31294e+07,0,0,0,0
61.6362,85.139,0.711007,0.01,0,2.93788,2.93788,0,0.550462,4.47552,4.43944e+06,3.03805e+06,1.30425e+07,0,0,0,0,76.9256,79.791,1.43126,0,0,1.42334,1.42334,0,1.09947,2.1168,9.22605e+06,4.06077e+06,1.31318e+07,0,0,0,0
59.599,85.139,0.722335,0.01,0,2.84875,2.84875,0,0.550559,4.47552,4.43944e+06,3.03805e+06,1.26468e+07,0,0,0,0,76.6857,79.791,1.55556,0,0,1.35509,1.35509,0,1.09967,2.1168,9.22605e+06,4.06077e+06,1.25021e+07,0,0,0,0
57.7668,85.139,0.937507,0.01,0,2.84925,2.84925,0,0.533855,4.47552,4.43944e+06,3.03805e+06,1.26491e+07,0,0,0,0,76.6362,79.791,1.62473,0,0,1.35533,1.35533,0,1.04694,2.1168,9.22605e+06,4.06077e+06,1.25043e+07,0,0,0,0
56.3362,85.139,1.35816,0.02,0,2.84975,2.84975,0,0.53395,4.47552,4.43944e+06,3.03805e+06,1.26513e+07,0,0,0,0,76.8316,79.791,2.74294,0,0,1.35557,1.35557,0,1.04713,2.1168,9.22605e+06,4.06077e+06,1.25066e+07,0,0,0,0
54.7054,85.139,1.18406,0.02,0,2.85026,2.85026,0,0.534044,4.47552,4.43944e+06,3.03805e+06,1.26535e+07,0,0,0,0,76.8615,79.791,2.06371,0,0,1.35581,1.35581,0,1.04731,2.1168,9.22605e+06,4.06077e+06,1.25088e+07,0,0,0,0
53.7743,85.139,1.83873,0.02,0,2.77712,2.77712,0,0.534138,4.47552,4.43944e+06,3.03805e+06,1.23288e+07,0,0,0,0,77.2721,79.791,2.32878,0,0,1.29366,1.29366,0,1.0475,2.1168,9.22605e+06,4.06077e+06,1.19353e+07,0,0,0,0
53.1425,85.139,2.12713,0.02,0,2.77761,2.77761,0,0.520432,4.47552,4.43944e+06,3.03805e+06,1.2331e+07,0,0,0,0,78.3495,79.791,4.21407,0,0,1.29388,1.29388,0,0.999479,2.1168,9.22605e+06,4.06077e+06,1.19374e+07,0,0,0,0
51.9511,85.139,1.55936,0.02,0,2.7781,2.7781,0,0.520524,4.47552,4.43944e+06,3.03805e+06,1.23332e+07,0,0,0,0,78.9302,79.791,2.97663,0,0,1.29411,1.29411,0,0.999655,2.1168,9.22605e+06,4.06077e+06,1.19396e+07,0,0,0,0
53.8465,85.139,4.97334,0.02,0,2.77859,2.77859,0,0.520616,4.47552,4.43944e+06,3.03805e+06,1.23354e+07,0,0,0,0,79.9869,79.791,4.82421,0,0,1.29434,1.29434,0,0.999832,2.1168,9.22605e+06,4.06077e+06,1.19417e+07,0,0,0,0
54.9107,85.139,3.87687,0.02,0,2.56978,2.56978,0,0.520707,4.47552,4.43944e+06,3.03805e+06,1.14084e+07,0,0,0,0,80.6198,79.791,3.18151,0,0,1.16453,1.16453,0,1.00001,2.1168,9.22605e+06,4.06077e+06,1.07441e+07,0,0,0,0
56.9247,85.139,4.83208,0.02,0,2.57024,2.57024,0,0.481577,4.47552,4.43944e+06,3.03805e+06,1.14104e+07,0,0,0,0,80.8192,79.791,3.3941,0,0,1.16474,1.16474,0,0.899719,2.1168,9.22605e+06,4.06077e+06,1.0746e+07,0,0,0,0
57.6414,85.139,3.5684,0.02,0,2.57069,2.57069,0,0.481662,4.47552,4.43944e+06,3.03805e+06,1.14124e+07,0,0,0,0,80.8192,79.791,3.74396,0,0,1.16495,1.16495,0,0.899878,2.1168,9.22605e+06,4.06077e+06,1.07479e+07,0,0,0,0
58.053,85.139,3.20422,0.02,0,2.57114,2.57114,0,0.481747,4.47552,4.43944e+06,3.03805e+06,1.14144e+07,0,0,0,0,80.8192,79.791,2.99637,0,0,1.16515,1.16515,0,0.900037,2.1168,9.22605e+06,4.06077e+06,1.07497e+07,0,0,0,0
58.8751,85.139,3.67422,0.02,0,2.5716,2.5716,0,0.481832,4.47552,4.43944e+06,3.03805e+06,1.14164e+07,0,0,0,0,80.8192,79.791,4.02957,0,0,1.16536,1.16536,0,0.900196,2.1168,9.22605e+06,4.06077e+06,1.07516e+07,0,0,0,0
64.8044,85.139,9.17379,0.02,0,2.65262,2.65262,0,0.481917,4.47552,4.43944e+06,3.03805e+06,1.17761e+07,0,0,0,0,80.8192,79.791,3.6375,0,0,1.20325,1.20325,0,0.900355,2.1168,9.22605e+06,4.06077e+06,1.11012e+07,0,0,0,0
66.9158,85.139,5.18207,0,0,2.65307,2.65307,0,0.497101,4.47552,4.43944e+06,3.03805e+06,1.17781e+07,0,0,0,0,80.8192,79.791,2.92776,0,0,1.20345,1.20345,0,0.929628,2.1168,9.22605e+06,4.06077e+06,1.11031e+07,0,0,0,0
67.3611,85.139,3.45853,0,0,2.65352,2.65352,0,0.497185,4.47552,4.43944e+06,3.03805e+06,1.17801e+07,0,0,0,0,80.8192,79.791,3.08715,0,0,1.20365,1.20365,0,0.929786,2.1168,9.22605e+06,4.06077e+06,1.1105e+07,0,0,0,0
76.5598,85.139,12.716,0.01,0,2.65397,2.65397,0,0.497269,4.47552,4.43944e+06,3.03805e+06,1.17821e+07,0,0,0,0,80.8192,79.791,9.0691,0,0,1.20386,1.20386,0,0.929944,2.1168,9.22605e+06,4.06077e+06,1.11069e+07,0,0,0,0
80.5906,85.139,7.4957,0,0,2.91332,2.91332,0,0.497354,4.47552,4.43944e+06,3.03805e+06,1.29335e+07,0,0,0,0,80.8192,79.791,4.48133,0,0,1.34564,1.34564,0,0.930101,2.1168,9.22605e+06,4.06077e+06,1.24149e+07,0,0,0,0
82.6431,85.139,5.65952,0,0,2.91382,2.91382,0,0.545957,4.47552,4.43944e+06,3.03805e+06,1.29357e+07,0,0,0,0,80.8192,79.791,3.87617,0,0,1.34586,1.34586,0,1.03964,2.1168,9.22605e+06,4.06077e+06,1.2417e+07,0,0,0,0
84.1596,85.139,4.97474,0,0,2.91431,2.91431,0,0.54605,4.47552,4.43944e+06,3.03805e+06,1.29379e+07,0,0,0,0,80.8192,79.791,3.41359,0,0,1.34609,1.34609,0,1.03981,2.1168,9.22605e+06,4.06077e+06,1.24191e+07,0,0,0,0
85.139,85.139,5.46567,0,0,2.91481,2.91481,0,0.546142,4.47552,4.43944e+06,3.03805e+06,1.29401e+07,0,0,0,0,80.8192,79.791,3.54889,0,0,1.34632,1.34632,0,1.03999,2.1168,9.22605e+06,4.06077e+06,1.24212e+07,0,0,0,0
85.139,85.139,5.67417,0,0,2.54577,2.54577,0,0.546235,4.47552,4.43944e+06,3.03805e+06,1.13018e+07,0,0,0,0,80.8192,79.791,5.52098,0,0,1.15643,1.15643,0,1.04017,2.1168,9.22605e+06,4.06077e+06,1.06693e+07,0,0,0,0
85.139,85.139,7.25842,0,0,2.5462,2.5462,0,0.477077,4.47552,4.43944e+06,3.03805e+06,1.13037e+07,0,0,0,0,80.8192,79.791,6.55084,0,0,1.15662,1.15662,0,0.893456,2.1168,9.22605e+06,4.06077e+06,1.06711e+07,0,0,0,0
85.139,85.139,5.37223,0,0,2.54663,2.54663,0,0.477158,4.47552,4.43944e+06,3.03805e+06,1.13056e+07,0,0,0,0,80.8192,79.791,5.02059,0,0,1.15682,1.15682,0,0.893607,2.1168,9.22605e+06,4.06077e+06,1.06729e+07,0,0,0,0
85.139,85.139,6.94254,0,0,2.54706,2.54706,0,0.477239,4.47552,4.43944e+06,3.03805e+06,1.13075e+07,0,0,0,0,80.8192,79.791,5.60635,0,0,1.15702,1.15702,0,0.893759,2.1168,9.22605e+06,4.06077e+06,1.06747e+07,0,0,0,0
85.139,85.139,6.07883,0,0,2.5475,2.5475,0,0.47732,4.47552,4.43944e+06,3.03805e+06,1.13094e+07,0,0,0,0,80.8192,79.791,6.46358,0,0,1.15721,1.15721,0,0.893911,2.1168,9.22605e+06,4.06077e+06,1.06765e+07,0,0,0,0
85.139,85.139,6.74005,0,0,2.64102,2.64102,0,0.477401,4.47552,4.43944e+06,3.03805e+06,1.17247e+07,0,0,0,0,80.8192,79.791,5.80025,0,0,1.20396,1.20396,0,0.894062,2.1168,9.22605e+06,4.06077e+06,1.11078e+07,0,0,0,0
85.139,85.139,7.1615,0,0,2.64147,2.64147,0,0.494928,4.47552,4.43944e+06,3.03805e+06,1.17266e+07,0,0,0,0,80.8192,79.791,7.66434,0,0,1.20416,1.20416,0,0.930178,2.1168,9.22605e+06,4.06077e+06,1.11097e+07,0,0,0,0
85.139,85.139,6.07394,0,0,2.64192,2.64192,0,0.495012,4.47552,4.43944e+06,3.03805e+06,1.17286e+07,0,0,0,0,80.8192,79.791,6.18823,0,0,1.20437,1.20437,0,0.930336,2.1168,9.22605e+06,4.06077e+06,1.11116e+07,0,0,0,0
85.139,85.139,4.87725,0,0,2.64237,2.64237,0,0.495096,4.47552,4.43944e+06,3.03805e+06,1.17306e+07,0,0,0,0,80.8192,79.791,4.41338,0,0,1.20457,1.20457,0,0.930494,2.1168,9.22605e+06,4.06077e+06,1.11134e+07,0,0,0,0
85.139,85.139,4.3684,0,0,2.60639,2.60639,0,0.49518,4.47552,4.43944e+06,3.03805e+06,1.15709e+07,0,0,0,0,80.8192,79.791,3.48172,0,0,1.18668,1.18668,0,0.930652,2.1168,9.22605e+06,4.06077e+06,1.09484e+07,0,0,0,0
85.139,85.139,3.84289,0,0,2.60683,2.60683,0,0.488438,4.47552,4.43944e+06,3.03805e+06,1.15729e+07,0,0,0,0,80.8192,79.791,3.13418,0,0,1.18688,1.18688,0,0.916832,2.1168,9.22605e+06,4.06077e+06,1.09503e+07,0,0,0,0
85.139,85.139,3.43338,0,0,2.60728,2.60728,0,0.48852,4.47552,4.43944e+06,3.03805e+06,1.15748e+07,0,0,0,0,80.8192,79.791,2.75445,0,0,1.18709,1.18709,0,0.916987,2.1168,9.22605e+06,4.06077e+06,1.09521e+07,0,0,0,0
85.139,85.139,3.18032,0,0,2.60772,2.60772,0,0.488603,4.47552,4.43944e+06,3.03805e+06,1.15768e+07,0,0,0,0,80.8192,79.791,2.58742,0,0,1.18729,1.18729,0,0.917143,2.1168,9.22605e+06,4.06077e+06,1.0954e+07,0,0,0,0
85.0175,85.139,2.91485,0,0,2.73188,2.73188,0,0.488686,4.47552,4.43944e+06,3.03805e+06,1.2128e+07,0,0,0,0,80.7088,79.791,2.3991,0,0,1.25169,1.25169,0,0.917298,2.1168,9.22605e+06,4.06077e+06,1.15482e+07,0,0,0,0
84.734,85.139,2.70545,0,0,2.73235,2.73235,0,0.511955,4.47552,4.43944e+06,3.03805e+06,1.21301e+07,0,0,0,0,80.7624,79.791,2.15771,0,0,1.2519,1.2519,0,0.967056,2.1168,9.22605e+06,4.06077e+06,1.15501e+07,0,0,0,0
84.3722,85.139,2.61811,0,0,2.73281,2.73281,0,0.512042,4.47552,4.43944e+06,3.03805e+06,1.21321e+07,0,0,0,0,80.6469,79.791,2.14849,0,0,1.25212,1.25212,0,0.96722,2.1168,9.22605e+06,4.06077e+06,1.15521e+07,0,0,0,0
83.8553,85.139,2.45197,0,0,2.73327,2.73327,0,0.512129,4.47552,4.43944e+06,3.03805e+06,1.21342e+07,0,0,0,0,80.6699,79.791,1.96303,0,0,1.25233,1.25233,0,0.967385,2.1168,9.22605e+06,4.06077e+06,1.1554e+07,0,0,0,0
83.2231,85.139,2.29096,0,0,2.73374,2.73374,0,0.512215,4.47552,4.43944e+06,3.03805e+06,1.21362e+07,0,0,0,0,80.3905,79.791,1.9252,0,0,1.25254,1.25254,0,0.967549,2.1168,9.22605e+06,4.06077e+06,1.1556e+07,0,0,0,0
82.3718,85.139,2.02639,0,0,2.70971,2.70971,0,0.512302,4.47552,4.43944e+06,3.03805e+06,1.20296e+07,0,0,0,0,80.1265,79.791,1.5037,0,0,1.28807,1.28807,0,0.967713,2.1168,9.22605e+06,4.06077e+06,1.18838e+07,0,0,0,0
81.3791,85.139,1.86943,0,0,2.71017,2.71017,0,0.5078,4.47552,4.43944e+06,3.03805e+06,1.20316e+07,0,0,0,0,79.8926,79.791,1.47098,0,0,1.28829,1.28829,0,0.995162,2.1168,9.22605e+06,4.06077e+06,1.18858e+07,0,0,0,0
80.2775,85.139,1.74675,0,0,2.71063,2.71063,0,0.507886,4.47552,4.43944e+06,3.03805e+06,1.20337e+07,0,0,0,0,79.6147,79.791,1.51009,0,0,1.28851,1.28851,0,0.995331,2.1168,9.22605e+06,4.06077e+06,1.18878e+07,0,0,0,0
79.1417,85.139,1.6958,0,0,2.71109,2.71109,0,0.507972,4.47552,4.43944e+06,3.03805e+06,1.20357e+07,0,0,0,0,79.2694,79.791,1.44143,0,0,1.28873,1.28873,0,0.9955,2.1168,9.22605e+06,4.06077e+06,1.18898e+07,0,0,0,0
77.9586,85.139,1.68681,0,0,2.77483,2.77483,0,0.508059,4.47552,4.43944e+06,3.03805e+06,1.23187e+07,0,0,0,0,79.0682,79.791,1.56358,0,0,1.32044,1.32044,0,0.995669,2.1168,9.22605e+06,4.06077e+06,1.21824e+07,0,0,0,0
76.6598,85.139,1.54109,0,0,2.77531,2.77531,0,0.520004,4.47552,4.43944e+06,3.03805e+06,1.23208e+07,0,0,0,0,78.7519,79.791,1.548,0,0,1.32066,1.32066,0,1.02017,2.1168,9.22605e+06,4.06077e+06,1.21845e+07,0,0,0,0
75.2745,85.139,1.44211,0,0,2.77578,2.77578,0,0.520092,4.47552,4.43944e+06,3.03805e+06,1.23229e+07,0,0,0,0,78.4602,79.791,1.41829,0,0,1.32089,1.32089,0,1.02034,2.1168,9.22605e+06,4.06077e+06,1.21866e+07,0,0,0,0
73.88,85.139,1.4176,0,0,2.77625,2.77625,0,0.52018,4.47552,4.43944e+06,3.03805e+06,1.2325e+07,0,0,0,0,78.2476,79.791,1.52587,0,0,1.32111,1.32111,0,1.02052,2.1168,9.22605e+06,4.06077e+06,1.21886e+07,0,0,0,0
72.3996,85.139,1.46709,0,0,2.96216,2.96216,0,0.520269,4.47552,4.43944e+06,3.03805e+06,1.31503e+07,0,0,0,0,77.8275,79.791,1.61691,0,0,1.4351,1.4351,0,1.02069,2.1168,9.22605e+06,4.06077e+06,1.32403e+07,0,0,0,0
70.6495,85.139,1.19789,0,0,2.96267,2.96267,0,0.555109,4.47552,4.43944e+06,3.03805e+06,1.31526e+07,0,0,0,0,77.4903,79.791,1.40513,0,0,1.43534,1.43534,0,1.10876,2.1168,9.22605e+06,4.06077e+06,1.32425e+07,0,0,0,0
68.9625,85.139,1.24697,0,0,2.96317,2.96317,0,0.555204,4.47552,4.43944e+06,3.03805e+06,1.31548e+07,0,0,0,0,77.1056,79.791,1.48291,0,0,1.43558,1.43558,0,1.10894,2.1168,9.22605e+06,4.06077e+06,1.32448e+07,0,0,0,0
67.4767,85.139,1.43082,0,0,2.96367,2.96367,0,0.555298,4.47552,4.43944e+06,3.03805e+06,1.3157e+07,0,0,0,0,76.7212,79.791,1.50195,0,0,1.43583,1.43583,0,1.10913,2.1168,9.22605e+06,4.06077e+06,1.3247e+07,0,0,0,0
65.6388,85.139,1.0705,0.01,0,2.96417,2.96417,0,0.555392,4.47552,4.43944e+06,3.03805e+06,1.31593e+07,0,0,0,0,76.2814,79.791,1.35589,0,0,1.43607,1.43607,0,1.10932,2.1168,9.22605e+06,4.06077e+06,1.32493e+07,0,0,0,0
63.8609,85.139,1.03277,0.01,0,2.87422,2.87422,0,0.555486,4.47552,4.43944e+06,3.03805e+06,1.27599e+07,0,0,0,0,75.7961,79.791,1.35455,0,0,1.36721,1.36721,0,1.10951,2.1168,9.22605e+06,4.06077e+06,1.26139e+07,0,0,0,0
61.9294,85.139,0.858358,0.01,0,2.87471,2.87471,0,0.538629,4.47552,4.43944e+06,3.03805e+06,1.27621e+07,0,0,0,0,75.4548,79.791,1.20288,0,0,1.36744,1.36744,0,1.05631,2.1168,9.22605e+06,4.06077e+06,1.26161e+07,0,0,0,0
60.6345,85.139,1.59119,0.02,0,2.8752,2.8752,0,0.538721,4.47552,4.43944e+06,3.03805e+06,1.27643e+07,0,0,0,0,75.7275,79.791,1.66581,0,0,1.36767,1.36767,0,1.05648,2.1168,9.22605e+06,4.06077e+06,1.26182e+07,0,0,0,0
60.8191,85.139,3.1704,0.02,0,2.87569,2.87569,0,0.538812,4.47552,4.43944e+06,3.03805e+06,1.27664e+07,0,0,0,0,76.1145,79.791,2.40566,0,0,1.3679,1.3679,0,1.05666,2.1168,9.22605e+06,4.06077e+06,1.26204e+07,0,0,0,0
59.2733,85.139,1.26109,0.02,0,2.80188,2.80188,0,0.538903,4.47552,4.43944e+06,3.03805e+06,1.24387e+07,0,0,0,0,76.3349,79.791,1.71864,0,0,1.30519,1.30519,0,1.05684,2.1168,9.22605e+06,4.06077e+06,1.20417e+07,0,0,0,0
58.6258,85.139,2.17701,0.02,0,2.80235,2.80235,0,0.525071,4.47552,4.43944e+06,3.03805e+06,1.24409e+07,0,0,0,0,76.5529,79.791,2.04474,0,0,1.30541,1.30541,0,1.00839,2.1168,9.22605e+06,4.06077e+06,1.20438e+07,0,0,0,0
59.0241,85.139,3.2851,0.02,0,2.80283,2.80283,0,0.52516,4.47552,4.43944e+06,3.03805e+06,1.2443e+07,0,0,0,0,77.1531,79.791,2.7203,0,0,1.30563,1.30563,0,1.00856,2.1168,9.22605e+06,4.06077e+06,1.20458e+07,0,0,0,0
60.0986,85.139,4.14946,0.02,0,2.8033,2.8033,0,0.52525,4.47552,4.43944e+06,3.03805e+06,1.24451e+07,0,0,0,0,77.9862,79.791,3.96113,0,0,1.30585,1.30585,0,1.00873,2.1168,9.22605e+06,4.06077e+06,1.20479e+07,0,0,0,0
60.4266,85.139,3.15932,0.01,0,2.59262,2.59262,0,0.525339,4.47552,4.43944e+06,3.03805e+06,1.15098e+07,0,0,0,0,78.5322,79.791,3.19067,0,0,1.17488,1.17488,0,1.0089,2.1168,9.22605e+06,4.06077e+06,1.08395e+07,0,0,0,0
59.2625,85.139,1.59554,0.01,0,2.59306,2.59306,0,0.485857,4.47552,4.43944e+06,3.03805e+06,1.15117e+07,0,0,0,0,79.1357,79.791,3.67273,0,0,1.17508,1.17508,0,0.907716,2.1168,9.22605e+06,4.06077e+06,1.08414e+07,0,0,0,0
58.6337,85.139,2.15428,0.02,0,2.5935,2.5935,0,0.48594,4.47552,4.43944e+06,3.03805e+06,1.15137e+07,0,0,0,0,79.8441,79.791,4.32406,0,0,1.17528,1.17528,0,0.90787,2.1168,9.22605e+06,4.06077e+06,1.08432e+07,0,0,0,0
58.2247,85.139,2.38367,0.02,0,2.59394,2.59394,0,0.486022,4.47552,4.43944e+06,3.03805e+06,1.15156e+07,0,0,0,0,80.3965,79.791,2.8324,0,0,1.17548,1.17548,0,0.908024,2.1168,9.22605e+06,4.06077e+06,1.08451e+07,0,0,0,0
58.7166,85.139,3.34799,0.02,0,2.59438,2.59438,0,0.486105,4.47552,4.43944e+06,3.03805e+06,1.15176e+07,0,0,0,0,80.8192,79.791,4.84451,0,0,1.17568,1.17568,0,0.908178,2.1168,9.22605e+06,4.06077e+06,1.08469e+07,0,0,0,0
58.2717,85.139,2.38253,0.02,0,2.6761,2.6761,0,0.486187,4.47552,4.43944e+06,3.03805e+06,1.18804e+07,0,0,0,0,80.6905,79.791,2.8994,0,0,1.2139,1.2139,0,0.908332,2.1168,9.22605e+06,4.06077e+06,1.11995e+07,0,0,0,0
57.6674,85.139,2.20348,0.02,0,2.67654,2.67654,0,0.501502,4.47552,4.43944e+06,3.03805e+06,1.18823e+07,0,0,0,0,80.8192,79.791,2.18007,0,0,1.2141,1.2141,0,0.937859,2.1168,9.22605e+06,4.06077e+06,1.12013e+07,0,0,0,0
59.2673,85.139,4.42948,0.01,0,2.67698,2.67698,0,0.501584,4.47552,4.43944e+06,3.03805e+06,1.18843e+07,0,0,0,0,80.8192,79.791,3.061,0,0,1.2143,1.2143,0,0.938012,2.1168,9.22605e+06,4.06077e+06,1.12031e+07,0,0,0,0
62.5306,85.139,6.24255,0.02,0,2.67741,2.67741,0,0.501665,4.47552,4.43944e+06,3.03805e+06,1.18862e+07,0,0,0,0,80.8192,79.791,2.70487,0,0,1.21449,1.21449,0,0.938164,2.1168,9.22605e+06,4.06077e+06,1.1205e+07,0,0,0,0
64.369,85.139,5.04431,0.01,0,2.93904,2.93904,0,0.501747,4.47552,4.43944e+06,3.03805e+06,1.30477e+07,0,0,0,0,80.8192,79.791,2.81075,0,0,1.35751,1.35751,0,0.938317,2.1168,9.22605e+06,4.06077e+06,1.25245e+07,0,0,0,0
64.2812,85.139,3.03782,0.01,0,2.93952,2.93952,0,0.550776,4.47552,4.43944e+06,3.03805e+06,1.30498e+07,0,0,0,0,80.8192,79.791,2.65642,0,0,1.35773,1.35773,0,1.04881,2.1168,9.22605e+06,4.06077e+06,1.25265e+07,0,0,0,0
64.5477,85.139,3.41582,0.01,0,2.94,2.94,0,0.550866,4.47552,4.43944e+06,3.03805e+06,1.30519e+07,0,0,0,0,80.8192,79.791,3.13212,0,0,1.35795,1.35795,0,1.04898,2.1168,9.22605e+06,4.06077e+06,1.25286e+07,0,0,0,0
65.981,85.139,4.66349,0.01,0,2.94048,2.94048,0,0.550955,4.47552,4.43944e+06,3.03805e+06,1.30541e+07,0,0,0,0,80.8192,79.791,3.45597,0,0,1.35818,1.35818,0,1.04916,2.1168,9.22605e+06,4.06077e+06,1.25306e+07,0,0,0,0
67.0156,85.139,3.94827,0.01,0,2.56817,2.56817,0,0.551045,4.47552,4.43944e+06,3.03805e+06,1.14012e+07,0,0,0,0,80.8192,79.791,2.98494,0,0,1.1666,1.1666,0,1.04933,2.1168,9.22605e+06,4.06077e+06,1.07631e+07,0,0,0,0
67.9572,85.139,3.84489,0.01,0,2.56859,2.56859,0,0.481275,4.47552,4.43944e+06,3.03805e+06,1.14031e+07,0,0,0,0,80.8192,79.791,2.63766,0,0,1.16679,1.16679,0,0.901318,2.1168,9.22605e+06,4.06077e+06,1.07649e+07,0,0,0,0
69.4024,85.139,4.5191,0.01,0,2.56901,2.56901,0,0.481353,4.47552,4.43944e+06,3.03805e+06,1.14049e+07,0,0,0,0,80.8192,79.791,4.50482,0,0,1.16698,1.16698,0,0.901465,2.1168,9.22605e+06,4.06077e+06,1.07667e+07,0,0,0,0
70.5663,85.139,4.17674,0,0,2.56942,2.56942,0,0.481432,4.47552,4.43944e+06,3.03805e+06,1.14068e+07,0,0,0,0,80.8192,79.791,3.25557,0,0,1.16717,1.16717,0,0.901612,2.1168,9.22605e+06,4.06077e+06,1.07684e+07,0,0,0,0
71.4973,85.139,3.88346,0,0,2.56984,2.56984,0,0.48151,4.47552,4.43944e+06,3.03805e+06,1.14087e+07,0,0,0,0,80.8192,79.791,3.07867,0,0,1.16736,1.16736,0,0.901759,2.1168,9.22605e+06,4.06077e+06,1.07702e+07,0,0,0,0
72.8452,85.139,4.46815,0.01,0,2.66417,2.66417,0,0.481589,4.47552,4.43944e+06,3.03805e+06,1.18274e+07,0,0,0,0,80.8192,79.791,3.9329,0,0,1.21451,1.21451,0,0.901905,2.1168,9.22605e+06,4.06077e+06,1.12052e+07,0,0,0,0
75.3283,85.139,5.70263,0,0,2.66461,2.66461,0,0.499266,4.47552,4.43944e+06,3.03805e+06,1.18294e+07,0,0,0,0,80.8192,79.791,5.73267,0,0,1.21471,1.21471,0,0.938332,2.1168,9.22605e+06,4.06077e+06,1.1207e+07,0,0,0,0
76.2678,85.139,4.06533,0,0,2.66504,2.66504,0,0.499348,4.47552,4.43944e+06,3.03805e+06,1.18313e+07,0,0,0,0,80.8192,79.791,3.87003,0,0,1.21491,1.21491,0,0.938485,2.1168,9.22605e+06,4.06077e+06,1.12088e+07,0,0,0,0
76.6874,85.139,3.48299,0,0,2.66548,2.66548,0,0.499429,4.47552,4.43944e+06,3.03805e+06,1.18332e+07,0,0,0,0,80.8192,79.791,3.31411,0,0,1.21511,1.21511,0,0.938638,2.1168,9.22605e+06,4.06077e+06,1.12106e+07,0,0,0,0
76.8323,85.139,3.15199,0,0,2.62917,2.62917,0,0.49951,4.47552,4.43944e+06,3.03805e+06,1.1672e+07,0,0,0,0,80.8192,79.791,3.27208,0,0,1.19705,1.19705,0,0.938791,2.1168,9.22605e+06,4.06077e+06,1.10441e+07,0,0,0,0
76.873,85.139,3.00651,0,0,2.6296,2.6296,0,0.492706,4.47552,4.43944e+06,3.03805e+06,1.16739e+07,0,0,0,0,80.8192,79.791,2.96652,0,0,1.19725,1.19725,0,0.924844,2.1168,9.22605e+06,4.06077e+06,1.10459e+07,0,0,0,0
77.028,85.139,3.07844,0,0,2.63002,2.63002,0,0.492786,4.47552,4.43944e+06,3.03805e+06,1.16758e+07,0,0,0,0,80.8192,79.791,2.97876,0,0,1.19744,1.19744,0,0.924995,2.1168,9.22605e+06,4.06077e+06,1.10477e+07,0,0,0,0
76.7899,85.139,2.64116,0,0,2.63045,2.63045,0,0.492867,4.47552,4.43944e+06,3.03805e+06,1.16777e+07,0,0,0,0,80.8192,79.791,2.9129,0,0,1.19764,1.19764,0,0.925145,2.1168,9.22605e+06,4.06077e+06,1.10495e+07,0,0,0,0
76.3072,85.139,2.49979,0,0,2.75568,2.75568,0,0.492947,4.47552,4.43944e+06,3.03805e+06,1.22337e+07,0,0,0,0,80.8192,79.791,2.84658,0,0,1.2626,1.2626,0,0.925296,2.1168,9.22605e+06,4.06077e+06,1.16488e+07,0,0,0,0
75.8388,85.139,2.49637,0,0,2.75613,2.75613,0,0.516415,4.47552,4.43944e+06,3.03805e+06,1.22357e+07,0,0,0,0,80.8192,79.791,2.67392,0,0,1.2628,1.2628,0,0.975481,2.1168,9.22605e+06,4.06077e+06,1.16507e+07,0,0,0,0
75.124,85.139,2.18624,0,0,2.75658,2.75658,0,0.516499,4.47552,4.43944e+06,3.03805e+06,1.22377e+07,0,0,0,0,80.8192,79.791,2.47457,0,0,1.26301,1.26301,0,0.97564,2.1168,9.22605e+06,4.06077e+06,1.16526e+07,0,0,0,0
74.3317,85.139,2.09027,0,0,2.75703,2.75703,0,0.516583,4.47552,4.43944e+06,3.03805e+06,1.22397e+07,0,0,0,0,80.8192,79.791,2.50133,0,0,1.26321,1.26321,0,0.975799,2.1168,9.22605e+06,4.06077e+06,1.16545e+07,0,0,0,0
73.4561,85.139,1.99524,0,0,2.75748,2.75748,0,0.516667,4.47552,4.43944e+06,3.03805e+06,1.22417e+07,0,0,0,0,80.8192,79.791,2.42308,0,0,1.26342,1.26342,0,0.975958,2.1168,9.22605e+06,4.06077e+06,1.16564e+07,0,0,0,0
72.8979,85.139,2.291,0,0,2.73323,2.73323,0,0.516752,4.47552,4.43944e+06,3.03805e+06,1.2134e+07,0,0,0,0,80.8192,79.791,2.4288,0,0,1.29925,1.29925,0,0.976117,2.1168,9.22605e+06,4.06077e+06,1.19869e+07,0,0,0,0
72.2516,85.139,2.18403,0,0,2.73367,2.73367,0,0.512207,4.47552,4.43944e+06,3.03805e+06,1.2136e+07,0,0,0,0,80.8192,79.791,2.41734,0,0,1.29946,1.29946,0,1.0038,2.1168,9.22605e+06,4.06077e+06,1.19889e+07,0,0,0,0
71.3708,85.139,1.91767,0,0,2.73412,2.73412,0,0.51229,4.47552,4.43944e+06,3.03805e+06,1.21379e+07,0,0,0,0,80.8192,79.791,2.22735,0,0,1.29967,1.29967,0,1.00396,2.1168,9.22605e+06,4.06077e+06,1.19908e+07,0,0,0,0
70.4341,85.139,1.84829,0,0,2.73456,2.73456,0,0.512374,4.47552,4.43944e+06,3.03805e+06,1.21399e+07,0,0,0,0,80.7139,79.791,2.31088,0,0,1.29988,1.29988,0,1.00413,2.1168,9.22605e+06,4.06077e+06,1.19928e+07,0,0,0,0
69.3124,85.139,1.70083,0,0,2.79884,2.79884,0,0.512457,4.47552,4.43944e+06,3.03805e+06,1.24253e+07,0,0,0,0,80.8059,79.791,1.95257,0,0,1.33186,1.33186,0,1.00429,2.1168,9.22605e+06,4.06077e+06,1.22878e+07,0,0,0,0
68.4064,85.139,1.91979,0,0,2.7993,2.7993,0,0.524503,4.47552,4.43944e+06,3.03805e+06,1.24273e+07,0,0,0,0,80.8192,79.791,2.18576,0,0,1.33208,1.33208,0,1.029,2.1168,9.22605e+06,4.06077e+06,1.22898e+07,0,0,0,0
67.3627,85.139,1.75779,0,0,2.79975,2.79975,0,0.524588,4.47552,4.43944e+06,3.03805e+06,1.24293e+07,0,0,0,0,80.7207,79.791,2.13859,0,0,1.3323,1.3323,0,1.02917,2.1168,9.22605e+06,4.06077e+06,1.22918e+07,0,0,0,0
66.186,85.139,1.61227,0.01,0,2.80021,2.80021,0,0.524674,4.47552,4.43944e+06,3.03805e+06,1.24313e+07,0,0,0,0,80.8138,79.791,1.87882,0,0,1.33251,1.33251,0,1.02933,2.1168,9.22605e+06,4.06077e+06,1.22938e+07,0,0,0,0
65.0044,85.139,1.7419,0.01,0,2.98771,2.98771,0,0.524759,4.47552,4.43944e+06,3.03805e+06,1.32637e+07,0,0,0,0,80.6932,79.791,2.18541,0,0,1.44747,1.44747,0,1.0295,2.1168,9.22605e+06,4.06077e+06,1.33545e+07,0,0,0,0
64.0474,85.139,1.96325,0.01,0,2.9882,2.9882,0,0.559897,4.47552,4.43944e+06,3.03805e+06,1.32659e+07,0,0,0,0,80.6895,79.791,1.88616,0,0,1.44771,1.44771,0,1.11832,2.1168,9.22605e+06,4.06077e+06,1.33566e+07,0,0,0,0
63.2229,85.139,2.10432,0.01,0,2.98868,2.98868,0,0.559988,4.47552,4.43944e+06,3.03805e+06,1.32681e+07,0,0,0,0,80.5249,79.791,2.3106,0,0,1.44795,1.44795,0,1.1185,2.1168,9.22605e+06,4.06077e+06,1.33588e+07,0,0,0,0
62.0484,85.139,1.73909,0.01,0,2.98917,2.98917,0,0.560079,4.47552,4.43944e+06,3.03805e+06,1.32702e+07,0,0,0,0,80.4893,79.791,1.63131,0,0,1.44818,1.44818,0,1.11868,2.1168,9.22605e+06,4.06077e+06,1.3361e+07,0,0,0,0
61.2952,85.139,2.14626,0.01,0,2.98966,2.98966,0,0.560171,4.47552,4.43944e+06,3.03805e+06,1.32724e+07,0,0,0,0,80.8147,79.791,3.04088,0,0,1.44842,1.44842,0,1.11887,2.1168,9.22605e+06,4.06077e+06,1.33632e+07,0,0,0,0
60.9152,85.139,2.45329,0.01,0,2.89891,2.89891,0,0.560262,4.47552,4.43944e+06,3.03805e+06,1.28695e+07,0,0,0,0,80.8192,79.791,2.42191,0,0,1.37895,1.37895,0,1.11905,2.1168,9.22605e+06,4.06077e+06,1.27223e+07,0,0,0,0
60.9672,85.139,2.93169,0.01,0,2.89939,2.89939,0,0.543256,4.47552,4.43944e+06,3.03805e+06,1.28716e+07,0,0,0,0,80.8192,79.791,3.25741,0,0,1.37918,1.37918,0,1.06538,2.1168,9.22605e+06,4.06077e+06,1.27244e+07,0,0,0,0
60.8378,85.139,2.76714,0.02,0,2.89986,2.89986,0,0.543345,4.47552,4.43944e+06,3.03805e+06,1.28737e+07,0,0,0,0,80.8192,79.791,3.22204,0,0,1.3794,1.3794,0,1.06555,2.1168,9.22605e+06,4.06077e+06,1.27264e+07,0,0,0,0
61.0403,85.139,3.14125,0.02,0,2.90033,2.90033,0,0.543433,4.47552,4.43944e+06,3.03805e+06,1.28758e+07,0,0,0,0,80.8192,79.791,3.92305,0,0,1.37963,1.37963,0,1.06573,2.1168,9.22605e+06,4.06077e+06,1.27285e+07,0,0,0,0
60.858,85.139,2.8096,0.02,0,2.82587,2.82587,0,0.543522,4.47552,4.43944e+06,3.03805e+06,1.25453e+07,0,0,0,0,80.3666,79.791,3.61596,0,0,1.31637,1.31637,0,1.0659,2.1168,9.22605e+06,4.06077e+06,1.21449e+07,0,0,0,0
59.3473,85.139,1.42475,0.01,0,2.82633,2.82633,0,0.529568,4.47552,4.43944e+06,3.03805e+06,1.25473e+07,0,0,0,0,80.5343,79.791,1.46331,0,0,1.31658,1.31658,0,1.01702,2.1168,9.22605e+06,4.06077e+06,1.21468e+07,0,0,0,0
59.2585,85.139,2.87616,0.02,0,2.82679,2.82679,0,0.529654,4.47552,4.43944e+06,3.03805e+06,1.25494e+07,0,0,0,0,80.8192,79.791,3.32324,0,0,1.3168,1.3168,0,1.01719,2.1168,9.22605e+06,4.06077e+06,1.21488e+07,0,0,0,0
61.9007,85.139,5.72254,0.02,0,2.82725,2.82725,0,0.529741,4.47552,4.43944e+06,3.03805e+06,1.25514e+07,0,0,0,0,80.8192,79.791,6.80498,0,0,1.31701,1.31701,0,1.01736,2.1168,9.22605e+06,4.06077e+06,1.21508e+07,0,0,0,0
63.6017,85.139,4.56085,0.01,0,2.61475,2.61475,0,0.529827,4.47552,4.43944e+06,3.03805e+06,1.1608e+07,0,0,0,0,80.8192,79.791,5.15517,0,0,1.18491,1.18491,0,1.01752,2.1168,9.22605e+06,4.06077e+06,1.09321e+07,0,0,0,0
64.0014,85.139,3.3075,0.01,0,2.61518,2.61518,0,0.490005,4.47552,4.43944e+06,3.03805e+06,1.16099e+07,0,0,0,0,80.8192,79.791,7.70426,0,0,1.18511,1.18511,0,0.915464,2.1168,9.22605e+06,4.06077e+06,1.09339e+07,0,0,0,0
64.3032,85.139,3.19066,0.01,0,2.61561,2.61561,0,0.490085,4.47552,4.43944e+06,3.03805e+06,1.16118e+07,0,0,0,0,80.8192,79.791,7.39311,0,0,1.1853,1.1853,0,0.915614,2.1168,9.22605e+06,4.06077e+06,1.09356e+07,0,0,0,0
65.9406,85.139,4.60952,0.01,0,2.61603,2.61603,0,0.490165,4.47552,4.43944e+06,3.03805e+06,1.16137e+07,0,0,0,0,80.8192,79.791,8.23121,0,0,1.18549,1.18549,0,0.915763,2.1168,9.22605e+06,4.06077e+06,1.09374e+07,0,0,0,0
71.0437,85.139,8.17754,0.01,0,2.61646,2.61646,0,0.490245,4.47552,4.43944e+06,3.03805e+06,1.16156e+07,0,0,0,0,80.8192,79.791,11.387,0,0,1.18569,1.18569,0,0.915912,2.1168,9.22605e+06,4.06077e+06,1.09392e+07,0,0,0,0
77.9317,85.139,10.3117,0,0,2.69886,2.69886,0,0.490324,4.47552,4.43944e+06,3.03805e+06,1.19814e+07,0,0,0,0,80.8192,79.791,13.6375,0,0,1.22422,1.22422,0,0.916062,2.1168,9.22605e+06,4.06077e+06,1.12947e+07,0,0,0,0
79.6901,85.139,4.89575,0,0,2.69928,2.69928,0,0.505766,4.47552,4.43944e+06,3.03805e+06,1.19833e+07,0,0,0,0,80.8192,79.791,7.82632,0,0,1.22441,1.22441,0,0.945833,2.1168,9.22605e+06,4.06077e+06,1.12965e+07,0,0,0,0
81.5093,85.139,4.96136,0,0,2.6997,2.6997,0,0.505845,4.47552,4.43944e+06,3.03805e+06,1.19852e+07,0,0,0,0,80.8192,79.791,9.23647,0,0,1.2246,1.2246,0,0.945981,2.1168,9.22605e+06,4.06077e+06,1.12983e+07,0,0,0,0
85.139,85.139,7.0154,0,0,2.70012,2.70012,0,0.505924,4.47552,4.43944e+06,3.03805e+06,1.1987e+07,0,0,0,0,80.8192,79.791,10.0939,0,0,1.2248,1.2248,0,0.946129,2.1168,9.22605e+06,4.06077e+06,1.13e+07,0,0,0,0
85.139,85.139,7.2236,0,0,2.96395,2.96395,0,0.506003,4.47552,4.43944e+06,3.03805e+06,1.31583e+07,0,0,0,0,80.8192,79.791,9.5637,0,0,1.36902,1.36902,0,0.946277,2.1168,9.22605e+06,4.06077e+06,1.26306e+07,0,0,0,0
85.139,85.139,5.25444,0,0,2.96441,2.96441,0,0.555444,4.47552,4.43944e+06,3.03805e+06,1.31603e+07,0,0,0,0,80.8192,79.791,7.5462,0,0,1.36923,1.36923,0,1.0577,2.1168,9.22605e+06,4.06077e+06,1.26326e+07,0,0,0,0
85.139,85.139,5.0797,0,0,2.96488,2.96488,0,0.555531,4.47552,4.43944e+06,3.03805e+06,1.31624e+07,0,0,0,0,80.8192,79.791,8.79692,0,0,1.36945,1.36945,0,1.05787,2.1168,9.22605e+06,4.06077e+06,1.26346e+07,0,0,0,0
85.139,85.139,7.29262,0,0,2.96534,2.96534,0,0.555618,4.47552,4.43944e+06,3.03805e+06,1.31644e+07,0,0,0,0,80.8192,79.791,8.66374,0,0,1.36966,1.36966,0,1.05803,2.1168,9.22605e+06,4.06077e+06,1.26366e+07,0,0,0,0
85.139,85.139,6.548,0,0,2.58987,2.58987,0,0.555705,4.47552,4.43944e+06,3.03805e+06,1.14976e+07,0,0,0,0,80.8192,79.791,9.49896,0,0,1.17646,1.17646,0,1.0582,2.1168,9.22605e+06,4.06077e+06,1.08541e+07,0,0,0,0
85.139,85.139,6.20945,0,0,2.59027,2.59027,0,0.485342,4.47552,4.43944e+06,3.03805e+06,1.14994e+07,0,0,0,0,80.8192,79.791,5.41521,0,0,1.17664,1.17664,0,0.908934,2.1168,9.22605e+06,4.06077e+06,1.08558e+07,0,0,0,0
85.139,85.139,7.42854,0,0,2.59068,2.59068,0,0.485417,4.47552,4.43944e+06,3.03805e+06,1.15012e+07,0,0,0,0,80.8192,79.791,6.70743,0,0,1.17683,1.17683,0,0.909076,2.1168,9.22605e+06,4.06077e+06,1.08575e+07,0,0,0,0
85.139,85.139,10.8846,0,0,2.59108,2.59108,0,0.485493,4.47552,4.43944e+06,3.03805e+06,1.1503e+07,0,0,0,0,80.8192,79.791,12.4569,0,0,1.17701,1.17701,0,0.909218,2.1168,9.22605e+06,4.06077e+06,1.08592e+07,0,0,0,0
85.139,85.139,7.80823,0,0,2.59149,2.59149,0,0.485569,4.47552,4.43944e+06,3.03805e+06,1.15047e+07,0,0,0,0,80.8192,79.791,7.63808,0,0,1.1772,1.1772,0,0.90936,2.1168,9.22605e+06,4.06077e+06,1.08609e+07,0,0,0,0
85.139,85.139,4.26336,0,0,2.6866,2.6866,0,0.485645,4.47552,4.43944e+06,3.03805e+06,1.1927e+07,0,0,0,0,80.8192,79.791,4.45064,0,0,1.22473,1.22473,0,0.909502,2.1168,9.22605e+06,4.06077e+06,1.12995e+07,0,0,0,0
85.139,85.139,5.79823,0,0,2.68702,2.68702,0,0.503468,4.47552,4.43944e+06,3.03805e+06,1.19288e+07,0,0,0,0,80.8192,79.791,6.8319,0,0,1.22493,1.22493,0,0.946229,2.1168,9.22605e+06,4.06077e+06,1.13012e+07,0,0,0,0
85.139,85.139,4.77915,0,0,2.68744,2.68744,0,0.503547,4.47552,4.43944e+06,3.03805e+06,1.19307e+07,0,0,0,0,80.8192,79.791,5.57612,0,0,1.22512,1.22512,0,0.946377,2.1168,9.22605e+06,4.06077e+06,1.1303e+07,0,0,0,0
85.139,85.139,3.73758,0,0,2.68786,2.68786,0,0.503626,4.47552,4.43944e+06,3.03805e+06,1.19326e+07,0,0,0,0,80.8192,79.791,4.00568,0,0,1.22531,1.22531,0,0.946525,2.1168,9.22605e+06,4.06077e+06,1.13048e+07,0,0,0,0
85.139,85.139,3.89601,0,0,2.65123,2.65123,0,0.503704,4.47552,4.43944e+06,3.03805e+06,1.17699e+07,0,0,0,0,80.8192,79.791,4.49378,0,0,1.2071,1.2071,0,0.946673,2.1168,9.22605e+06,4.06077e+06,1.11367e+07,0,0,0,0
85.139,85.139,3.72736,0,0,2.65164,2.65164,0,0.49684,4.47552,4.43944e+06,3.03805e+06,1.17718e+07,0,0,0,0,80.8192,79.791,4.72902,0,0,1.20729,1.20729,0,0.932603,2.1168,9.22605e+06,4.06077e+06,1.11385e+07,0,0,0,0
85.139,85.139,3.3084,0,0,2.65205,2.65205,0,0.496917,4.47552,4.43944e+06,3.03805e+06,1.17736e+07,0,0,0,0,80.8192,79.791,4.16182,0,0,1.20747,1.20747,0,0.932749,2.1168,9.22605e+06,4.06077e+06,1.11402e+07,0,0,0,0
85.0817,85.139,3.03335,0,0,2.65247,2.65247,0,0.496995,4.47552,4.43944e+06,3.03805e+06,1.17755e+07,0,0,0,0,80.8192,79.791,3.8305,0,0,1.20766,1.20766,0,0.932895,2.1168,9.22605e+06,4.06077e+06,1.1142e+07,0,0,0,0
84.8267,85.139,2.92285,0,0,2.77873,2.77873,0,0.497073,4.47552,4.43944e+06,3.03805e+06,1.2336e+07,0,0,0,0,80.8192,79.791,3.85005,0,0,1.27315,1.27315,0,0.93304,2.1168,9.22605e+06,4.06077e+06,1.17462e+07,0,0,0,0
84.9583,85.139,3.22603,0,0,2.77916,2.77916,0,0.520734,4.47552,4.43944e+06,3.03805e+06,1.23379e+07,0,0,0,0,80.8192,79.791,4.0064,0,0,1.27335,1.27335,0,0.983639,2.1168,9.22605e+06,4.06077e+06,1.1748e+07,0,0,0,0
84.9733,85.139,3.06671,0,0,2.7796,2.7796,0,0.520815,4.47552,4.43944e+06,3.03805e+06,1.23398e+07,0,0,0,0,80.8192,79.791,3.71447,0,0,1.27355,1.27355,0,0.983793,2.1168,9.22605e+06,4.06077e+06,1.17499e+07,0,0,0,0
84.9095,85.139,2.97966,0,0,2.78003,2.78003,0,0.520897,4.47552,4.43944e+06,3.03805e+06,1.23418e+07,0,0,0,0,80.8192,79.791,3.89697,0,0,1.27375,1.27375,0,0.983947,2.1168,9.22605e+06,4.06077e+06,1.17517e+07,0,0,0,0
84.5673,85.139,2.71125,0,0,2.78047,2.78047,0,0.520978,4.47552,4.43944e+06,3.03805e+06,1.23437e+07,0,0,0,0,80.8192,79.791,3.72782,0,0,1.27395,1.27395,0,0.984101,2.1168,9.22605e+06,4.06077e+06,1.17535e+07,0,0,0,0
84.1724,85.139,2.56469,0,0,2.75599,2.75599,0,0.521059,4.47552,4.43944e+06,3.03805e+06,1.22351e+07,0,0,0,0,80.8192,79.791,3.15212,0,0,1.31007,1.31007,0,0.984255,2.1168,9.22605e+06,4.06077e+06,1.20868e+07,0,0,0,0
83.6757,85.139,2.44158,0,0,2.75643,2.75643,0,0.516473,4.47552,4.43944e+06,3.03805e+06,1.2237e+07,0,0,0,0,80.8192,79.791,3.16287,0,0,1.31027,1.31027,0,1.01216,2.1168,9.22605e+06,4.06077e+06,1.20887e+07,0,0,0,0
83.1457,85.139,2.39911,0,0,2.75686,2.75686,0,0.516554,4.47552,4.43944e+06,3.03805e+06,1.22389e+07,0,0,0,0,80.8192,79.791,3.16964,0,0,1.31048,1.31048,0,1.01232,2.1168,9.22605e+06,4.06077e+06,1.20906e+07,0,0,0,0
82.5263,85.139,2.28261,0,0,2.75729,2.75729,0,0.516635,4.47552,4.43944e+06,3.03805e+06,1.22408e+07,0,0,0,0,80.8192,79.791,3.06323,0,0,1.31068,1.31068,0,1.01248,2.1168,9.22605e+06,4.06077e+06,1.20924e+07,0,0,0,0
81.8074,85.139,2.2121,0,0,2.82208,2.82208,0,0.516716,4.47552,4.43944e+06,3.03805e+06,1.25284e+07,0,0,0,0,80.8192,79.791,2.93786,0,0,1.34292,1.34292,0,1.01263,2.1168,9.22605e+06,4.06077e+06,1.23899e+07,0,0,0,0
81.3684,85.139,2.48398,0,0,2.82252,2.82252,0,0.528858,4.47552,4.43944e+06,3.03805e+06,1.25304e+07,0,0,0,0,80.8192,79.791,2.99687,0,0,1.34313,1.34313,0,1.03754,2.1168,9.22605e+06,4.06077e+06,1.23918e+07,0,0,0,0
80.6264,85.139,2.17344,0,0,2.82296,2.82296,0,0.52894,4.47552,4.43944e+06,3.03805e+06,1.25324e+07,0,0,0,0,80.8192,79.791,2.75426,0,0,1.34334,1.34334,0,1.0377,2.1168,9.22605e+06,4.06077e+06,1.23937e+07,0,0,0,0
79.7316,85.139,2.00641,0,0,2.8234,2.8234,0,0.529023,4.47552,4.43944e+06,3.03805e+06,1.25343e+07,0,0,0,0,80.8192,79.791,2.65772,0,0,1.34355,1.34355,0,1.03787,2.1168,9.22605e+06,4.06077e+06,1.23957e+07,0,0,0,0
78.3396,85.139,1.64862,0,0,3.01244,3.01244,0,0.529106,4.47552,4.43944e+06,3.03805e+06,1.33735e+07,0,0,0,0,80.8192,79.791,2.64796,0,0,1.45945,1.45945,0,1.03803,2.1168,9.22605e+06,4.06077e+06,1.3465e+07,0,0,0,0
78.0148,85.139,2.68331,0,0,3.01291,3.01291,0,0.564531,4.47552,4.43944e+06,3.03805e+06,1.33756e+07,0,0,0,0,80.8192,79.791,2.97711,0,0,1.45968,1.45968,0,1.12757,2.1168,9.22605e+06,4.06077e+06,1.34671e+07,0,0,0,0
77.2356,85.139,2.25083,0,0,3.01338,3.01338,0,0.564619,4.47552,4.43944e+06,3.03805e+06,1.33777e+07,0,0,0,0,80.8004,79.791,2.6228,0,0,1.45991,1.45991,0,1.12775,2.1168,9.22605e+06,4.06077e+06,1.34692e+07,0,0,0,0
76.6872,85.139,2.45957,0,0,3.01385,3.01385,0,0.564707,4.47552,4.43944e+06,3.03805e+06,1.33798e+07,0,0,0,0,80.8192,79.791,3.45436,0,0,1.46014,1.46014,0,1.12793,2.1168,9.22605e+06,4.06077e+06,1.34713e+07,0,0,0,0
75.9721,85.139,2.28755,0,0,3.01432,3.01432,0,0.564796,4.47552,4.43944e+06,3.03805e+06,1.33819e+07,0,0,0,0,80.8192,79.791,3.12422,0,0,1.46037,1.46037,0,1.1281,2.1168,9.22605e+06,4.06077e+06,1.34734e+07,0,0,0,0
75.1091,85.139,2.06844,0,0,2.92281,2.92281,0,0.564884,4.47552,4.43944e+06,3.03805e+06,1.29756e+07,0,0,0,0,80.8192,79.791,2.62353,0,0,1.39032,1.39032,0,1.12828,2.1168,9.22605e+06,4.06077e+06,1.28272e+07,0,0,0,0
76.4776,85.139,4.32569,0.01,0,2.92327,2.92327,0,0.547734,4.47552,4.43944e+06,3.03805e+06,1.29776e+07,0,0,0,0,80.8192,79.791,4.90185,0,0,1.39054,1.39054,0,1.07416,2.1168,9.22605e+06,4.06077e+06,1.28292e+07,0,0,0,0
75.5378,85.139,2.00567,0.01,0,2.92372,2.92372,0,0.54782,4.47552,4.43944e+06,3.03805e+06,1.29797e+07,0,0,0,0,80.8192,79.791,2.7131,0,0,1.39076,1.39076,0,1.07433,2.1168,9.22605e+06,4.06077e+06,1.28312e+07,0,0,0,0
74.851,85.139,2.22714,0.01,0,2.92418,2.92418,0,0.547906,4.47552,4.43944e+06,3.03805e+06,1.29817e+07,0,0,0,0,80.8192,79.791,2.73455,0,0,1.39097,1.39097,0,1.0745,2.1168,9.22605e+06,4.06077e+06,1.28332e+07,0,0,0,0
78.0094,85.139,6.14656,0.01,0,2.84909,2.84909,0,0.547991,4.47552,4.43944e+06,3.03805e+06,1.26483e+07,0,0,0,0,80.8192,79.791,5.82595,0,0,1.32718,1.32718,0,1.07467,2.1168,9.22605e+06,4.06077e+06,1.22446e+07,0,0,0,0
80.3518,85.139,5.41053,0,0,2.84953,2.84953,0,0.533919,4.47552,4.43944e+06,3.03805e+06,1.26503e+07,0,0,0,0,80.8192,79.791,3.08938,0,0,1.32739,1.32739,0,1.02538,2.1168,9.22605e+06,4.06077e+06,1.22466e+07,0,0,0,0
84.4865,85.139,7.46309,0,0,2.84998,2.84998,0,0.534002,4.47552,4.43944e+06,3.03805e+06,1.26523e+07,0,0,0,0,80.8192,79.791,5.25999,0,0,1.3276,1.3276,0,1.02554,2.1168,9.22605e+06,4.06077e+06,1.22485e+07,0,0,0,0
85.139,85.139,8.77356,0,0,2.85042,2.85042,0,0.534086,4.47552,4.43944e+06,3.03805e+06,1.26543e+07,0,0,0,0,80.8192,79.791,4.77847,0,0,1.3278,1.3278,0,1.0257,2.1168,9.22605e+06,4.06077e+06,1.22504e+07,0,0,0,0
85.139,85.139,9.68298,0,0,2.63617,2.63617,0,0.53417,4.47552,4.43944e+06,3.03805e+06,1.17031e+07,0,0,0,0,80.8192,79.791,4.88388,0,0,1.19462,1.19462,0,1.02586,2.1168,9.22605e+06,4.06077e+06,1.10216e+07,0,0,0,0
85.139,85.139,7.95785,0,0,2.63658,2.63658,0,0.494018,4.47552,4.43944e+06,3.03805e+06,1.17049e+07,0,0,0,0,80.8192,79.791,6.66886,0,0,1.1948,1.1948,0,0.922962,2.1168,9.22605e+06,4.06077e+06,1.10233e+07,0,0,0,0
85.139,85.139,9.57414,0,0,2.63699,2.63699,0,0.494095,4.47552,4.43944e+06,3.03805e+06,1.17068e+07,0,0,0,0,80.8192,79.791,7.27876,0,0,1.19499,1.19499,0,0.923106,2.1168,9.22605e+06,4.06077e+06,1.10251e+07,0,0,0,0
85.139,85.139,15.7683,0,0,2.6374,2.6374,0,0.494172,4.47552,4.43944e+06,3.03805e+06,1.17086e+07,0,0,0,0,80.8192,79.791,9.02553,0,0,1.19518,1.19518,0,0.923251,2.1168,9.22605e+06,4.06077e+06,1.10268e+07,0,0,0,0
85.139,85.139,10.9786,0,0,2.63782,2.63782,0,0.49425,4.47552,4.43944e+06,3.03805e+06,1.17104e+07,0,0,0,0,80.8192,79.791,6.45546,0,0,1.19537,1.19537,0,0.923395,2.1168,9.22605e+06,4.06077e+06,1.10285e+07,0,0,0,0
85.139,85.139,7.19302,0,0,2.72087,2.72087,0,0.494327,4.47552,4.43944e+06,3.03805e+06,1.20791e+07,0,0,0,0,80.8192,79.791,6.49392,0,0,1.23421,1.23421,0,0.92354,2.1168,9.22605e+06,4.06077e+06,1.13869e+07,0,0,0,0
85.139,85.139,7.74895,0,0,2.72128,2.72128,0,0.509892,4.47552,4.43944e+06,3.03805e+06,1.2081e+07,0,0,0,0,80.8192,79.791,11.1653,0,0,1.23439,1.23439,0,0.953548,2.1168,9.22605e+06,4.06077e+06,1.13886e+07,0,0,0,0
85.139,85.139,7.24327,0,0,2.72169,2.72169,0,0.509968,4.47552,4.43944e+06,3.03805e+06,1.20828e+07,0,0,0,0,80.8192,79.791,7.60099,0,0,1.23458,1.23458,0,0.953691,2.1168,9.22605e+06,4.06077e+06,1.13903e+07,0,0,0,0
85.139,85.139,6.51353,0,0,2.7221,2.7221,0,0.510045,4.47552,4.43944e+06,3.03805e+06,1.20846e+07,0,0,0,0,80.8192,79.791,5.44086,0,0,1.23476,1.23476,0,0.953835,2.1168,9.22605e+06,4.06077e+06,1.1392e+07,0,0,0,0
85.139,85.139,5.77558,0,0,2.98805,2.98805,0,0.510121,4.47552,4.43944e+06,3.03805e+06,1.32653e+07,0,0,0,0,80.8192,79.791,6.96478,0,0,1.38015,1.38015,0,0.953978,2.1168,9.22605e+06,4.06077e+06,1.27333e+07,0,0,0,0
85.139,85.139,7.42566,0,0,2.9885,2.9885,0,0.559961,4.47552,4.43944e+06,3.03805e+06,1.32673e+07,0,0,0,0,80.8192,79.791,9.97914,0,0,1.38036,1.38036,0,1.06631,2.1168,9.22605e+06,4.06077e+06,1.27353e+07,0,0,0,0
85.139,85.139,5.35769,0,0,2.98895,2.98895,0,0.560045,4.47552,4.43944e+06,3.03805e+06,1.32693e+07,0,0,0,0,80.8192,79.791,6.86459,0,0,1.38057,1.38057,0,1.06647,2.1168,9.22605e+06,4.06077e+06,1.27372e+07,0,0,0,0
85.139,85.139,5.29311,0,0,2.9894,2.9894,0,0.560129,4.47552,4.43944e+06,3.03805e+06,1.32712e+07,0,0,0,0,80.8192,79.791,6.15862,0,0,1.38077,1.38077,0,1.06663,2.1168,9.22605e+06,4.06077e+06,1.27391e+07,0,0,0,0
85.139,85.139,5.4332,0,0,2.61087,2.61087,0,0.560213,4.47552,4.43944e+06,3.03805e+06,1.15908e+07,0,0,0,0,80.8192,79.791,6.78107,0,0,1.186,1.186,0,1.06679,2.1168,9.22605e+06,4.06077e+06,1.09421e+07,0,0,0,0
85.139,85.139,10.5615,0,0,2.61126,2.61126,0,0.489276,4.47552,4.43944e+06,3.03805e+06,1.15925e+07,0,0,0,0,80.8192,79.791,12.0377,0,0,1.18618,1.18618,0,0.916302,2.1168,9.22605e+06,4.06077e+06,1.09437e+07,0,0,0,0
85.139,85.139,9.09686,0,0,2.61165,2.61165,0,0.48935,4.47552,4.43944e+06,3.03805e+06,1.15942e+07,0,0,0,0,80.8192,79.791,9.29377,0,0,1.18635,1.18635,0,0.91644,2.1168,9.22605e+06,4.06077e+06,1.09454e+07,0,0,0,0
85.139,85.139,10.0789,0,0,2.61204,2.61204,0,0.489423,4.47552,4.43944e+06,3.03805e+06,1.1596e+07,0,0,0,0,80.8192,79.791,10.5097,0,0,1.18653,1.18653,0,0.916577,2.1168,9.22605e+06,4.06077e+06,1.0947e+07,0,0,0,0
85.139,85.139,8.86706,0,0,2.61243,2.61243,0,0.489497,4.47552,4.43944e+06,3.03805e+06,1.15977e+07,0,0,0,0,80.8192,79.791,9.00929,0,0,1.18671,1.18671,0,0.916715,2.1168,9.22605e+06,4.06077e+06,1.09487e+07,0,0,0,0
85.139,85.139,9.568,0,0,2.70829,2.70829,0,0.48957,4.47552,4.43944e+06,3.03805e+06,1.20233e+07,0,0,0,0,80.8192,79.791,9.57659,0,0,1.23462,1.23462,0,0.916853,2.1168,9.22605e+06,4.06077e+06,1.13907e+07,0,0,0,0
85.139,85.139,6.24893,0,0,2.7087,2.7087,0,0.507534,4.47552,4.43944e+06,3.03805e+06,1.20251e+07,0,0,0,0,80.8192,79.791,7.67456,0,0,1.23481,1.23481,0,0.953871,2.1168,9.22605e+06,4.06077e+06,1.13924e+07,0,0,0,0
85.139,85.139,5.22295,0,0,2.70911,2.70911,0,0.50761,4.47552,4.43944e+06,3.03805e+06,1.20269e+07,0,0,0,0,80.8192,79.791,7.08931,0,0,1.235,1.235,0,0.954014,2.1168,9.22605e+06,4.06077e+06,1.13941e+07,0,0,0,0
85.139,85.139,4.65045,0,0,2.70951,2.70951,0,0.507686,4.47552,4.43944e+06,3.03805e+06,1.20287e+07,0,0,0,0,80.8192,79.791,6.54545,0,0,1.23518,1.23518,0,0.954157,2.1168,9.22605e+06,4.06077e+06,1.13958e+07,0,0,0,0
85.139,85.139,5.38884,0,0,2.67257,2.67257,0,0.507763,4.47552,4.43944e+06,3.03805e+06,1.18647e+07,0,0,0,0,80.8192,79.791,7.08657,0,0,1.21681,1.21681,0,0.954301,2.1168,9.22605e+06,4.06077e+06,1.12264e+07,0,0,0,0
85.139,85.139,5.00172,0,0,2.67297,2.67297,0,0.50084,4.47552,4.43944e+06,3.03805e+06,1.18665e+07,0,0,0,0,80.8192,79.791,6.86377,0,0,1.217,1.217,0,0.940111,2.1168,9.22605e+06,4.06077e+06,1.12281e+07,0,0,0,0
85.139,85.139,4.71248,0,0,2.67337,2.67337,0,0.500915,4.47552,4.43944e+06,3.03805e+06,1.18683e+07,0,0,0,0,80.8192,79.791,5.84485,0,0,1.21718,1.21718,0,0.940252,2.1168,9.22605e+06,4.06077e+06,1.12298e+07,0,0,0,0
85.139,85.139,4.35797,0,0,2.67377,2.67377,0,0.50099,4.47552,4.43944e+06,3.03805e+06,1.187e+07,0,0,0,0,80.8192,79.791,5.41723,0,0,1.21736,1.21736,0,0.940393,2.1168,9.22605e+06,4.06077e+06,1.12315e+07,0,0,0,0
85.139,85.139,3.9898,0,0,2.80103,2.80103,0,0.501065,4.47552,4.43944e+06,3.03805e+06,1.2435e+07,0,0,0,0,80.8192,79.791,5.16341,0,0,1.28337,1.28337,0,0.940535,2.1168,9.22605e+06,4.06077e+06,1.18405e+07,0,0,0,0
85.139,85.139,4.59779,0,0,2.80145,2.80145,0,0.524913,4.47552,4.43944e+06,3.03805e+06,1.24369e+07,0,0,0,0,80.8192,79.791,6.05524,0,0,1.28357,1.28357,0,0.991534,2.1168,9.22605e+06,4.06077e+06,1.18422e+07,0,0,0,0
85.139,85.139,3.68595,0,0,2.80187,2.80187,0,0.524992,4.47552,4.43944e+06,3.03805e+06,1.24387e+07,0,0,0,0,80.8192,79.791,5.55571,0,0,1.28376,1.28376,0,0.991683,2.1168,9.22605e+06,4.06077e+06,1.1844e+07,0,0,0,0
85.139,85.139,3.74546,0,0,2.80229,2.80229,0,0.525071,4.47552,4.43944e+06,3.03805e+06,1.24406e+07,0,0,0,0,80.8192,79.791,5.21641,0,0,1.28395,1.28395,0,0.991832,2.1168,9.22605e+06,4.06077e+06,1.18458e+07,0,0,0,0
85.139,85.139,3.20947,0,0,2.80271,2.80271,0,0.525149,4.47552,4.43944e+06,3.03805e+06,1.24425e+07,0,0,0,0,80.8192,79.791,4.35368,0,0,1.28414,1.28414,0,0.99198,2.1168,9.22605e+06,4.06077e+06,1.18476e+07,0,0,0,0
85.139,85.139,3.31248,0,0,2.77803,2.77803,0,0.525228,4.47552,4.43944e+06,3.03805e+06,1.23329e+07,0,0,0,0,80.8192,79.791,3.06783,0,0,1.32054,1.32054,0,0.992129,2.1168,9.22605e+06,4.06077e+06,1.21834e+07,0,0,0,0
85.139,85.139,3.16676,0,0,2.77845,2.77845,0,0.520602,4.47552,4.43944e+06,3.03805e+06,1.23347e+07,0,0,0,0,80.8192,79.791,3.00517,0,0,1.32074,1.32074,0,1.02025,2.1168,9.22605e+06,4.06077e+06,1.21852e+07,0,0,0,0
85.1115,85.139,2.96058,0,0,2.77886,2.77886,0,0.520681,4.47552,4.43944e+06,3.03805e+06,1.23366e+07,0,0,0,0,80.8192,79.791,3.0888,0,0,1.32094,1.32094,0,1.0204,2.1168,9.22605e+06,4.06077e+06,1.21871e+07,0,0,0,0
84.963,85.139,2.82662,0,0,2.77928,2.77928,0,0.520759,4.47552,4.43944e+06,3.03805e+06,1.23384e+07,0,0,0,0,80.8192,79.791,2.99551,0,0,1.32114,1.32114,0,1.02056,2.1168,9.22605e+06,4.06077e+06,1.21889e+07,0,0,0,0
84.547,85.139,2.58693,0,0,2.84457,2.84457,0,0.520837,4.47552,4.43944e+06,3.03805e+06,1.26283e+07,0,0,0,0,80.8192,79.791,2.68172,0,0,1.35362,1.35362,0,1.02071,2.1168,9.22605e+06,4.06077e+06,1.24886e+07,0,0,0,0
84.1844,85.139,2.63342,0,0,2.845,2.845,0,0.533072,4.47552,4.43944e+06,3.03805e+06,1.26302e+07,0,0,0,0,80.8192,79.791,2.84465,0,0,1.35383,1.35383,0,1.04581,2.1168,9.22605e+06,4.06077e+06,1.24905e+07,0,0,0,0
83.6261,85.139,2.40949,0,0,2.84542,2.84542,0,0.533152,4.47552,4.43944e+06,3.03805e+06,1.26321e+07,0,0,0,0,80.8192,79.791,2.8343,0,0,1.35403,1.35403,0,1.04597,2.1168,9.22605e+06,4.06077e+06,1.24924e+07,0,0,0,0
82.8777,85.139,2.2105,0,0,2.84585,2.84585,0,0.533232,4.47552,4.43944e+06,3.03805e+06,1.2634e+07,0,0,0,0,80.8192,79.791,2.47419,0,0,1.35423,1.35423,0,1.04612,2.1168,9.22605e+06,4.06077e+06,1.24942e+07,0,0,0,0
82.1008,85.139,2.32676,0,0,3.03637,3.03637,0,0.533313,4.47552,4.43944e+06,3.03805e+06,1.34798e+07,0,0,0,0,80.8192,79.791,2.95742,0,0,1.47105,1.47105,0,1.04628,2.1168,9.22605e+06,4.06077e+06,1.3572e+07,0,0,0,0
81.2144,85.139,2.20862,0,0,3.03683,3.03683,0,0.569016,4.47552,4.43944e+06,3.03805e+06,1.34818e+07,0,0,0,0,80.7346,79.791,2.22283,0,0,1.47127,1.47127,0,1.13653,2.1168,9.22605e+06,4.06077e+06,1.3574e+07,0,0,0,0
80.4406,85.139,2.31841,0,0,3.03728,3.03728,0,0.569101,4.47552,4.43944e+06,3.03805e+06,1.34838e+07,0,0,0,0,80.6825,79.791,2.35846,0,0,1.47149,1.47149,0,1.1367,2.1168,9.22605e+06,4.06077e+06,1.35761e+07,0,0,0,0
79.2814,85.139,1.95481,0,0,3.03774,3.03774,0,0.569187,4.47552,4.43944e+06,3.03805e+06,1.34858e+07,0,0,0,0,80.5536,79.791,2.07724,0,0,1.47171,1.47171,0,1.13687,2.1168,9.22605e+06,4.06077e+06,1.35781e+07,0,0,0,0
78.3228,85.139,2.12879,0,0,3.03819,3.03819,0,0.569272,4.47552,4.43944e+06,3.03805e+06,1.34879e+07,0,0,0,0,80.6176,79.791,2.73916,0,0,1.47193,1.47193,0,1.13704,2.1168,9.22605e+06,4.06077e+06,1.35801e+07,0,0,0,0
77.3246,85.139,2.04271,0,0,2.94594,2.94594,0,0.569358,4.47552,4.43944e+06,3.03805e+06,1.30783e+07,0,0,0,0,80.5768,79.791,2.10238,0,0,1.40132,1.40132,0,1.13722,2.1168,9.22605e+06,4.06077e+06,1.29287e+07,0,0,0,0
76.5795,85.139,2.28099,0,0,2.94638,2.94638,0,0.552069,4.47552,4.43944e+06,3.03805e+06,1.30803e+07,0,0,0,0,80.6428,79.791,2.23582,0,0,1.40153,1.40153,0,1.08266,2.1168,9.22605e+06,4.06077e+06,1.29306e+07,0,0,0,0
75.3012,85.139,1.78431,0.01,0,2.94682,2.94682,0,0.552152,4.47552,4.43944e+06,3.03805e+06,1.30822e+07,0,0,0,0,80.1753,79.791,2.00223,0,0,1.40174,1.40174,0,1.08282,2.1168,9.22605e+06,4.06077e+06,1.29326e+07,0,0,0,0
73.4805,85.139,1.18479,0.01,0,2.94727,2.94727,0,0.552235,4.47552,4.43944e+06,3.03805e+06,1.30842e+07,0,0,0,0,79.8073,79.791,1.33057,0,0,1.40195,1.40195,0,1.08299,2.1168,9.22605e+06,4.06077e+06,1.29345e+07,0,0,0,0
72.03,85.139,1.53901,0.01,0,2.87156,2.87156,0,0.552318,4.47552,4.43944e+06,3.03805e+06,1.27481e+07,0,0,0,0,79.8561,79.791,1.6431,0,0,1.33765,1.33765,0,1.08315,2.1168,9.22605e+06,4.06077e+06,1.23412e+07,0,0,0,0
70.5834,85.139,1.56607,0.01,0,2.87199,2.87199,0,0.538131,4.47552,4.43944e+06,3.03805e+06,1.275e+07,0,0,0,0,80.0683,79.791,1.98008,0,0,1.33785,1.33785,0,1.03347,2.1168,9.22605e+06,4.06077e+06,1.23431e+07,0,0,0,0
68.7819,85.139,1.16547,0.01,0,2.87242,2.87242,0,0.538212,4.47552,4.43944e+06,3.03805e+06,1.27519e+07,0,0,0,0,79.9665,79.791,2.10624,0,0,1.33805,1.33805,0,1.03362,2.1168,9.22605e+06,4.06077e+06,1.23449e+07,0,0,0,0
67.283,85.139,1.51496,0.01,0,2.87286,2.87286,0,0.538292,4.47552,4.43944e+06,3.03805e+06,1.27539e+07,0,0,0,0,80.1026,79.791,1.65883,0,0,1.33825,1.33825,0,1.03378,2.1168,9.22605e+06,4.06077e+06,1.23468e+07,0,0,0,0
67.7283,85.139,3.5025,0.02,0,2.6569,2.6569,0,0.538373,4.47552,4.43944e+06,3.03805e+06,1.17951e+07,0,0,0,0,80.5192,79.791,2.8382,0,0,1.20401,1.20401,0,1.03394,2.1168,9.22605e+06,4.06077e+06,1.11083e+07,0,0,0,0
67.2388,85.139,2.4859,0.01,0,2.6573,2.6573,0,0.497902,4.47552,4.43944e+06,3.03805e+06,1.17969e+07,0,0,0,0,80.7467,79.791,2.43336,0,0,1.20419,1.20419,0,0.930219,2.1168,9.22605e+06,4.06077e+06,1.11099e+07,0,0,0,0
67.3719,85.139,3.11103,0.01,0,2.65769,2.65769,0,0.497977,4.47552,4.43944e+06,3.03805e+06,1.17987e+07,0,0,0,0,80.8192,79.791,2.59154,0,0,1.20437,1.20437,0,0.930359,2.1168,9.22605e+06,4.06077e+06,1.11116e+07,0,0,0,0
66.7259,85.139,2.30248,0.01,0,2.65809,2.65809,0,0.498052,4.47552,4.43944e+06,3.03805e+06,1.18004e+07,0,0,0,0,80.3483,79.791,2.23777,0,0,1.20455,1.20455,0,0.930499,2.1168,9.22605e+06,4.06077e+06,1.11133e+07,0,0,0,0
65.5973,85.139,1.73997,0.01,0,2.65849,2.65849,0,0.498127,4.47552,4.43944e+06,3.03805e+06,1.18022e+07,0,0,0,0,80.4252,79.791,1.41407,0,0,1.20474,1.20474,0,0.930639,2.1168,9.22605e+06,4.06077e+06,1.1115e+07,0,0,0,0
65.9656,85.139,3.3919,0.01,0,2.74218,2.74218,0,0.498202,4.47552,4.43944e+06,3.03805e+06,1.21737e+07,0,0,0,0,80.6158,79.791,2.32948,0,0,1.24387,1.24387,0,0.930779,2.1168,9.22605e+06,4.06077e+06,1.1476e+07,0,0,0,0
68.7675,85.139,6.01115,0.01,0,2.74258,2.74258,0,0.513885,4.47552,4.43944e+06,3.03805e+06,1.21755e+07,0,0,0,0,80.8005,79.791,3.16218,0,0,1.24405,1.24405,0,0.961017,2.1168,9.22605e+06,4.06077e+06,1.14777e+07,0,0,0,0
69.1419,85.139,3.40558,0,0,2.74297,2.74297,0,0.513959,4.47552,4.43944e+06,3.03805e+06,1.21773e+07,0,0,0,0,80.6962,79.791,2.32444,0,0,1.24423,1.24423,0,0.961155,2.1168,9.22605e+06,4.06077e+06,1.14794e+07,0,0,0,0
68.8122,85.139,2.69641,0,0,2.74337,2.74337,0,0.514033,4.47552,4.43944e+06,3.03805e+06,1.2179e+07,0,0,0,0,80.8192,79.791,2.12644,0,0,1.24441,1.24441,0,0.961294,2.1168,9.22605e+06,4.06077e+06,1.1481e+07,0,0,0,0
69.2841,85.139,3.82791,0,0,3.01139,3.01139,0,0.514108,4.47552,4.43944e+06,3.03805e+06,1.33689e+07,0,0,0,0,80.7598,79.791,2.6293,0,0,1.39093,1.39093,0,0.961433,2.1168,9.22605e+06,4.06077e+06,1.28328e+07,0,0,0,0
70.0882,85.139,4.09236,0,0,3.01182,3.01182,0,0.564334,4.47552,4.43944e+06,3.03805e+06,1.33708e+07,0,0,0,0,80.7632,79.791,2.03955,0,0,1.39113,1.39113,0,1.07463,2.1168,9.22605e+06,4.06077e+06,1.28346e+07,0,0,0,0
70.898,85.139,4.09339,0,0,3.01226,3.01226,0,0.564415,4.47552,4.43944e+06,3.03805e+06,1.33727e+07,0,0,0,0,80.7107,79.791,2.13924,0,0,1.39133,1.39133,0,1.07479,2.1168,9.22605e+06,4.06077e+06,1.28365e+07,0,0,0,0
72.0241,85.139,4.42636,0,0,3.01269,3.01269,0,0.564497,4.47552,4.43944e+06,3.03805e+06,1.33746e+07,0,0,0,0,80.8192,79.791,2.30615,0,0,1.39153,1.39153,0,1.07494,2.1168,9.22605e+06,4.06077e+06,1.28383e+07,0,0,0,0
74.8097,85.139,5.87597,0,0,2.63119,2.63119,0,0.564578,4.47552,4.43944e+06,3.03805e+06,1.1681e+07,0,0,0,0,80.8192,79.791,2.6821,0,0,1.19523,1.19523,0,1.0751,2.1168,9.22605e+06,4.06077e+06,1.10273e+07,0,0,0,0
80.7674,85.139,9.27997,0,0,2.63157,2.63157,0,0.493085,4.47552,4.43944e+06,3.03805e+06,1.16827e+07,0,0,0,0,80.8192,79.791,9.62933,0,0,1.1954,1.1954,0,0.923436,2.1168,9.22605e+06,4.06077e+06,1.10289e+07,0,0,0,0
84.0337,85.139,6.64369,0,0,2.63195,2.63195,0,0.493156,4.47552,4.43944e+06,3.03805e+06,1.16844e+07,0,0,0,0,80.8192,79.791,7.65429,0,0,1.19558,1.19558,0,0.923569,2.1168,9.22605e+06,4.06077e+06,1.10305e+07,0,0,0,0
85.139,85.139,5.93448,0,0,2.63233,2.63233,0,0.493228,4.47552,4.43944e+06,3.03805e+06,1.16861e+07,0,0,0,0,80.8192,79.791,5.55535,0,0,1.19575,1.19575,0,0.923702,2.1168,9.22605e+06,4.06077e+06,1.1032e+07,0,0,0,0
85.139,85.139,6.26476,0,0,2.63271,2.63271,0,0.493299,4.47552,4.43944e+06,3.03805e+06,1.16877e+07,0,0,0,0,80.8192,79.791,7.19071,0,0,1.19592,1.19592,0,0.923836,2.1168,9.22605e+06,4.06077e+06,1.10336e+07,0,0,0,0
85.139,85.139,7.19816,0,0,2.7293,2.7293,0,0.49337,4.47552,4.43944e+06,3.03805e+06,1.21165e+07,0,0,0,0,80.8192,79.791,8.22753,0,0,1.2442,1.2442,0,0.923969,2.1168,9.22605e+06,4.06077e+06,1.14791e+07,0,0,0,0
85.139,85.139,4.89424,0,0,2.72969,2.72969,0,0.51147,4.47552,4.43944e+06,3.03805e+06,1.21183e+07,0,0,0,0,80.8192,79.791,6.21361,0,0,1.24438,1.24438,0,0.961269,2.1168,9.22605e+06,4.06077e+06,1.14807e+07,0,0,0,0
85.139,85.139,4.5886,0,0,2.73008,2.73008,0,0.511544,4.47552,4.43944e+06,3.03805e+06,1.212e+07,0,0,0,0,80.8192,79.791,6.92674,0,0,1.24456,1.24456,0,0.961408,2.1168,9.22605e+06,4.06077e+06,1.14824e+07,0,0,0,0
85.139,85.139,4.76624,0,0,2.73048,2.73048,0,0.511618,4.47552,4.43944e+06,3.03805e+06,1.21218e+07,0,0,0,0,80.8192,79.791,4.9422,0,0,1.24474,1.24474,0,0.961546,2.1168,9.22605e+06,4.06077e+06,1.1484e+07,0,0,0,0
85.139,85.139,3.90004,0,0,2.69323,2.69323,0,0.511692,4.47552,4.43944e+06,3.03805e+06,1.19564e+07,0,0,0,0,80.8192,79.791,4.78741,0,0,1.22622,1.22622,0,0.961685,2.1168,9.22605e+06,4.06077e+06,1.13132e+07,0,0,0,0
84.8435,85.139,2.77485,0,0,2.69362,2.69362,0,0.504712,4.47552,4.43944e+06,3.03805e+06,1.19582e+07,0,0,0,0,80.8192,79.791,3.15591,0,0,1.2264,1.2264,0,0.94738,2.1168,9.22605e+06,4.06077e+06,1.13148e+07,0,0,0,0
84.2995,85.139,2.50637,0,0,2.69401,2.69401,0,0.504785,4.47552,4.43944e+06,3.03805e+06,1.19599e+07,0,0,0,0,80.8192,79.791,3.17984,0,0,1.22658,1.22658,0,0.947517,2.1168,9.22605e+06,4.06077e+06,1.13165e+07,0,0,0,0
84.8367,85.139,3.61324,0,0,2.6944,2.6944,0,0.504858,4.47552,4.43944e+06,3.03805e+06,1.19616e+07,0,0,0,0,80.8192,79.791,3.56538,0,0,1.22675,1.22675,0,0.947654,2.1168,9.22605e+06,4.06077e+06,1.13181e+07,0,0,0,0
84.4306,85.139,2.73882,0,0,2.82262,2.82262,0,0.504931,4.47552,4.43944e+06,3.03805e+06,1.25308e+07,0,0,0,0,80.8192,79.791,3.22441,0,0,1.29327,1.29327,0,0.94779,2.1168,9.22605e+06,4.06077e+06,1.19317e+07,0,0,0,0
83.5634,85.139,2.23027,0,0,2.82303,2.82303,0,0.528959,4.47552,4.43944e+06,3.03805e+06,1.25327e+07,0,0,0,0,80.8192,79.791,2.61334,0,0,1.29345,1.29345,0,0.999177,2.1168,9.22605e+06,4.06077e+06,1.19335e+07,0,0,0,0
82.491,85.139,1.94851,0,0,2.82344,2.82344,0,0.529036,4.47552,4.43944e+06,3.03805e+06,1.25345e+07,0,0,0,0,80.8192,79.791,2.45882,0,0,1.29364,1.29364,0,0.999321,2.1168,9.22605e+06,4.06077e+06,1.19352e+07,0,0,0,0
81.3712,85.139,1.88939,0,0,2.82384,2.82384,0,0.529112,4.47552,4.43944e+06,3.03805e+06,1.25363e+07,0,0,0,0,80.8192,79.791,2.48952,0,0,1.29383,1.29383,0,0.999465,2.1168,9.22605e+06,4.06077e+06,1.19369e+07,0,0,0,0
80.167,85.139,1.79148,0,0,2.82425,2.82425,0,0.529188,4.47552,4.43944e+06,3.03805e+06,1.25381e+07,0,0,0,0,80.8192,79.791,2.38965,0,0,1.29401,1.29401,0,0.99961,2.1168,9.22605e+06,4.06077e+06,1.19386e+07,0,0,0,0
79.3297,85.139,2.1171,0,0,2.79936,2.79936,0,0.529265,4.47552,4.43944e+06,3.03805e+06,1.24276e+07,0,0,0,0,80.8192,79.791,2.51185,0,0,1.33068,1.33068,0,0.999754,2.1168,9.22605e+06,4.06077e+06,1.2277e+07,0,0,0,0
78.7688,85.139,2.38356,0,0,2.79976,2.79976,0,0.5246,4.47552,4.43944e+06,3.03805e+06,1.24294e+07,0,0,0,0,80.8192,79.791,2.58604,0,0,1.33088,1.33088,0,1.02809,2.1168,9.22605e+06,4.06077e+06,1.22787e+07,0,0,0,0
78.0396,85.139,2.21118,0,0,2.80017,2.80017,0,0.524676,4.47552,4.43944e+06,3.03805e+06,1.24312e+07,0,0,0,0,80.8192,79.791,2.53525,0,0,1.33107,1.33107,0,1.02823,2.1168,9.22605e+06,4.06077e+06,1.22805e+07,0,0,0,0
77.1214,85.139,2.01427,0,0,2.80057,2.80057,0,0.524752,4.47552,4.43944e+06,3.03805e+06,1.2433e+07,0,0,0,0,80.8192,79.791,2.32234,0,0,1.33126,1.33126,0,1.02838,2.1168,9.22605e+06,4.06077e+06,1.22823e+07,0,0,0,0
75.994,85.139,1.8337,0,0,2.86635,2.86635,0,0.524827,4.47552,4.43944e+06,3.03805e+06,1.2725e+07,0,0,0,0,80.8192,79.791,2.15996,0,0,1.36399,1.36399,0,1.02853,2.1168,9.22605e+06,4.06077e+06,1.25842e+07,0,0,0,0
74.8306,85.139,1.77368,0,0,2.86676,2.86676,0,0.537153,4.47552,4.43944e+06,3.03805e+06,1.27268e+07,0,0,0,0,80.6756,79.791,1.98397,0,0,1.36418,1.36418,0,1.05382,2.1168,9.22605e+06,4.06077e+06,1.2586e+07,0,0,0,0
73.6037,85.139,1.69632,0,0,2.86717,2.86717,0,0.537231,4.47552,4.43944e+06,3.03805e+06,1.27286e+07,0,0,0,0,80.5227,79.791,2.00654,0,0,1.36438,1.36438,0,1.05397,2.1168,9.22605e+06,4.06077e+06,1.25878e+07,0,0,0,0
72.1789,85.139,1.48528,0,0,2.86759,2.86759,0,0.537308,4.47552,4.43944e+06,3.03805e+06,1.27305e+07,0,0,0,0,80.3461,79.791,1.84132,0,0,1.36458,1.36458,0,1.05412,2.1168,9.22605e+06,4.06077e+06,1.25897e+07,0,0,0,0
70.5024,85.139,1.3714,0,0,3.05954,3.05954,0,0.537386,4.47552,4.43944e+06,3.03805e+06,1.35826e+07,0,0,0,0,80.0704,79.791,1.77484,0,0,1.48228,1.48228,0,1.05427,2.1168,9.22605e+06,4.06077e+06,1.36756e+07,0,0,0,0
68.5991,85.139,1.15895,0,0,3.05998,3.05998,0,0.573358,4.47552,4.43944e+06,3.03805e+06,1.35846e+07,0,0,0,0,79.6935,79.791,1.73214,0,0,1.48249,1.48249,0,1.14521,2.1168,9.22605e+06,4.06077e+06,1.36775e+07,0,0,0,0
66.5838,85.139,1.05092,0,0,3.06043,3.06043,0,0.573441,4.47552,4.43944e+06,3.03805e+06,1.35866e+07,0,0,0,0,79.4061,79.791,1.58836,0,0,1.4827,1.4827,0,1.14537,2.1168,9.22605e+06,4.06077e+06,1.36795e+07,0,0,0,0
64.6558,85.139,1.11803,0.02,0,3.06087,3.06087,0,0.573524,4.47552,4.43944e+06,3.03805e+06,1.35885e+07,0,0,0,0,79.097,79.791,1.70752,0,0,1.48292,1.48292,0,1.14554,2.1168,9.22605e+06,4.06077e+06,1.36815e+07,0,0,0,0
62.8829,85.139,1.25024,0.02,0,3.06131,3.06131,0,0.573607,4.47552,4.43944e+06,3.03805e+06,1.35905e+07,0,0,0,0,78.6991,79.791,1.69354,0,0,1.48313,1.48313,0,1.1457,2.1168,9.22605e+06,4.06077e+06,1.36834e+07,0,0,0,0
61.0076,85.139,1.0728,0.02,0,2.96833,2.96833,0,0.573689,4.47552,4.43944e+06,3.03805e+06,1.31777e+07,0,0,0,0,78.4704,79.791,1.54248,0,0,1.41198,1.41198,0,1.14587,2.1168,9.22605e+06,4.06077e+06,1.3027e+07,0,0,0,0
59.2537,85.139,1.19432,0.02,0,2.96876,2.96876,0,0.556266,4.47552,4.43944e+06,3.03805e+06,1.31796e+07,0,0,0,0,78.3705,79.791,2.01448,0,0,1.41218,1.41218,0,1.09089,2.1168,9.22605e+06,4.06077e+06,1.30288e+07,0,0,0,0
57.7589,85.139,1.43595,0.02,0,2.96919,2.96919,0,0.556346,4.47552,4.43944e+06,3.03805e+06,1.31815e+07,0,0,0,0,78.3878,79.791,2.30938,0,0,1.41238,1.41238,0,1.09105,2.1168,9.22605e+06,4.06077e+06,1.30307e+07,0,0,0,0
56.2425,85.139,1.39939,0.02,0,2.96962,2.96962,0,0.556426,4.47552,4.43944e+06,3.03805e+06,1.31834e+07,0,0,0,0,78.2964,79.791,2.0474,0,0,1.41259,1.41259,0,1.09121,2.1168,9.22605e+06,4.06077e+06,1.30326e+07,0,0,0,0
54.5953,85.139,1.22059,0.02,0,2.89332,2.89332,0,0.556507,4.47552,4.43944e+06,3.03805e+06,1.28447e+07,0,0,0,0,77.6539,79.791,2.01529,0,0,1.34779,1.34779,0,1.09136,2.1168,9.22605e+06,4.06077e+06,1.24348e+07,0,0,0,0
52.7333,85.139,0.969368,0.02,0,2.89374,2.89374,0,0.542209,4.47552,4.43944e+06,3.03805e+06,1.28466e+07,0,0,0,0,77.5509,79.791,0.976847,0,0,1.34798,1.34798,0,1.0413,2.1168,9.22605e+06,4.06077e+06,1.24366e+07,0,0,0,0
50.9274,85.139,0.997558,0.02,0,2.89416,2.89416,0,0.542287,4.47552,4.43944e+06,3.03805e+06,1.28484e+07,0,0,0,0,77.4431,79.791,1.73859,0,0,1.34818,1.34818,0,1.04145,2.1168,9.22605e+06,4.06077e+06,1.24384e+07,0,0,0,0
50.8776,85.139,2.80754,0.02,0,2.89458,2.89458,0,0.542365,4.47552,4.43944e+06,3.03805e+06,1.28503e+07,0,0,0,0,77.6562,79.791,3.90511,0,0,1.34837,1.34837,0,1.0416,2.1168,9.22605e+06,4.06077e+06,1.24402e+07,0,0,0,0
50.0021,85.139,1.80469,0.02,0,2.67697,2.67697,0,0.542444,4.47552,4.43944e+06,3.03805e+06,1.18842e+07,0,0,0,0,78.0524,79.791,1.7318,0,0,1.21311,1.21311,0,1.04175,2.1168,9.22605e+06,4.06077e+06,1.11922e+07,0,0,0,0
48.9219,85.139,1.55573,0.02,0,2.67736,2.67736,0,0.501664,4.47552,4.43944e+06,3.03805e+06,1.18859e+07,0,0,0,0,77.9415,79.791,1.94116,0,0,1.21328,1.21328,0,0.937247,2.1168,9.22605e+06,4.06077e+06,1.11938e+07,0,0,0,0
48.337,85.139,2.04273,0.02,0,2.67774,2.67774,0,0.501736,4.47552,4.43944e+06,3.03805e+06,1.18877e+07,0,0,0,0,77.4952,79.791,1.38855,0,0,1.21346,1.21346,0,0.937382,2.1168,9.22605e+06,4.06077e+06,1.11954e+07,0,0,0,0
47.2988,85.139,1.59237,0.02,0,2.67813,2.67813,0,0.501809,4.47552,4.43944e+06,3.03805e+06,1.18894e+07,0,0,0,0,77.4374,79.791,1.34595,0,0,1.21363,1.21363,0,0.937518,2.1168,9.22605e+06,4.06077e+06,1.1197e+07,0,0,0,0
48.2929,85.139,3.71111,0.03,0,2.67852,2.67852,0,0.501881,4.47552,4.43944e+06,3.03805e+06,1.18911e+07,0,0,0,0,77.4249,79.791,3.34433,0,0,1.21381,1.21381,0,0.937653,2.1168,9.22605e+06,4.06077e+06,1.11987e+07,0,0,0,0
48.8904,85.139,3.26723,0.03,0,2.67852,2.67852,0,0.501954,4.47552,4.43944e+06,3.03805e+06,1.18911e+07,0,0,0,0,77.4021,79.791,1.63492,0,0,1.21381,1.21381,0,0.937789,2.1168,9.22605e+06,4.06077e+06,1.11987e+07,0,0,0,0
50.1211,85.139,4.03018,0.03,0,2.76282,2.76282,0,0.501954,4.47552,4.43944e+06,3.03805e+06,1.22654e+07,0,0,0,0,77.9044,79.791,3.00317,0,0,1.25323,1.25323,0,0.937789,2.1168,9.22605e+06,4.06077e+06,1.15624e+07,0,0,0,0
50.3958,85.139,3.13037,0.03,0,2.7632,2.7632,0,0.517752,4.47552,4.43944e+06,3.03805e+06,1.22671e+07,0,0,0,0,78.0784,79.791,2.40226,0,0,1.25341,1.25341,0,0.968249,2.1168,9.22605e+06,4.06077e+06,1.1564e+07,0,0,0,0
50.4935,85.139,2.90211,0.04,0,2.76358,2.76358,0,0.517824,4.47552,4.43944e+06,3.03805e+06,1.22688e+07,0,0,0,0,78.1905,79.791,2.22462,0,0,1.25358,1.25358,0,0.968383,2.1168,9.22605e+06,4.06077e+06,1.15656e+07,0,0,0,0
50.3106,85.139,2.67691,0.04,0,2.76397,2.76397,0,0.517896,4.47552,4.43944e+06,3.03805e+06,1.22705e+07,0,0,0,0,78.476,79.791,2.1367,0,0,1.25375,1.25375,0,0.968517,2.1168,9.22605e+06,4.06077e+06,1.15672e+07,0,0,0,0
51.2663,85.139,4.12776,0.04,0,3.03398,3.03398,0,0.517967,4.47552,4.43944e+06,3.03805e+06,1.34691e+07,0,0,0,0,79.0563,79.791,3.15509,0,0,1.40136,1.40136,0,0.968651,2.1168,9.22605e+06,4.06077e+06,1.29291e+07,0,0,0,0
52.7956,85.139,4.70784,0.02,0,3.0344,3.0344,0,0.568567,4.47552,4.43944e+06,3.03805e+06,1.3471e+07,0,0,0,0,79.5638,79.791,3.14816,0,0,1.40156,1.40156,0,1.08269,2.1168,9.22605e+06,4.06077e+06,1.29308e+07,0,0,0,0
54.4673,85.139,4.86759,0.02,0,3.03482,3.03482,0,0.568646,4.47552,4.43944e+06,3.03805e+06,1.34729e+07,0,0,0,0,80.0336,79.791,2.8628,0,0,1.40175,1.40175,0,1.08284,2.1168,9.22605e+06,4.06077e+06,1.29326e+07,0,0,0,0
55.4306,85.139,4.1527,0.02,0,3.03524,3.03524,0,0.568725,4.47552,4.43944e+06,3.03805e+06,1.34747e+07,0,0,0,0,80.6154,79.791,3.14981,0,0,1.40195,1.40195,0,1.08299,2.1168,9.22605e+06,4.06077e+06,1.29344e+07,0,0,0,0
56.6126,85.139,4.0498,0.03,0,2.65087,2.65087,0,0.568804,4.47552,4.43944e+06,3.03805e+06,1.17684e+07,0,0,0,0,80.8192,79.791,3.80204,0,0,1.20417,1.20417,0,1.08314,2.1168,9.22605e+06,4.06077e+06,1.11097e+07,0,0,0,0
58.1021,85.139,4.41299,0.03,0,2.65124,2.65124,0,0.496773,4.47552,4.43944e+06,3.03805e+06,1.177e+07,0,0,0,0,80.8192,79.791,4.17381,0,0,1.20434,1.20434,0,0.930342,2.1168,9.22605e+06,4.06077e+06,1.11113e+07,0,0,0,0
60.974,85.139,5.86432,0.03,0,2.6516,2.6516,0,0.496842,4.47552,4.43944e+06,3.03805e+06,1.17716e+07,0,0,0,0,80.8192,79.791,4.8848,0,0,1.2045,1.2045,0,0.930471,2.1168,9.22605e+06,4.06077e+06,1.11128e+07,0,0,0,0
63.0494,85.139,5.26889,0.02,0,2.65197,2.65197,0,0.49691,4.47552,4.43944e+06,3.03805e+06,1.17732e+07,0,0,0,0,80.8192,79.791,4.12976,0,0,1.20467,1.20467,0,0.9306,2.1168,9.22605e+06,4.06077e+06,1.11144e+07,0,0,0,0
65.585,85.139,5.56936,0.02,0,2.65234,2.65234,0,0.496979,4.47552,4.43944e+06,3.03805e+06,1.17749e+07,0,0,0,0,80.8192,79.791,3.58135,0,0,1.20484,1.20484,0,0.930728,2.1168,9.22605e+06,4.06077e+06,1.11159e+07,0,0,0,0
66.8752,85.139,4.42815,0.02,0,2.74963,2.74963,0,0.497048,4.47552,4.43944e+06,3.03805e+06,1.22068e+07,0,0,0,0,80.8192,79.791,3.23695,0,0,1.25347,1.25347,0,0.930857,2.1168,9.22605e+06,4.06077e+06,1.15646e+07,0,0,0,0
69.6877,85.139,6.0953,0.02,0,2.75001,2.75001,0,0.51528,4.47552,4.43944e+06,3.03805e+06,1.22085e+07,0,0,0,0,80.8192,79.791,4.8618,0,0,1.25364,1.25364,0,0.968429,2.1168,9.22605e+06,4.06077e+06,1.15662e+07,0,0,0,0
72.5107,85.139,6.13745,0.01,0,2.75039,2.75039,0,0.515352,4.47552,4.43944e+06,3.03805e+06,1.22102e+07,0,0,0,0,80.8192,79.791,5.61616,0,0,1.25382,1.25382,0,0.968563,2.1168,9.22605e+06,4.06077e+06,1.15678e+07,0,0,0,0
73.7796,85.139,4.48076,0,0,2.75077,2.75077,0,0.515423,4.47552,4.43944e+06,3.03805e+06,1.22119e+07,0,0,0,0,80.8192,79.791,3.81335,0,0,1.25399,1.25399,0,0.968698,2.1168,9.22605e+06,4.06077e+06,1.15694e+07,0,0,0,0
73.9603,85.139,3.19956,0,0,2.71323,2.71323,0,0.515494,4.47552,4.43944e+06,3.03805e+06,1.20452e+07,0,0,0,0,80.613,79.791,2.61681,0,0,1.23533,1.23533,0,0.968832,2.1168,9.22605e+06,4.06077e+06,1.13972e+07,0,0,0,0
73.5714,85.139,2.63207,0,0,2.71361,2.71361,0,0.50846,4.47552,4.43944e+06,3.03805e+06,1.20469e+07,0,0,0,0,80.6303,79.791,2.26532,0,0,1.2355,1.2355,0,0.954415,2.1168,9.22605e+06,4.06077e+06,1.13988e+07,0,0,0,0
73.0701,85.139,2.41342,0,0,2.71398,2.71398,0,0.50853,4.47552,4.43944e+06,3.03805e+06,1.20486e+07,0,0,0,0,80.7667,79.791,2.03748,0,0,1.23567,1.23567,0,0.954547,2.1168,9.22605e+06,4.06077e+06,1.14004e+07,0,0,0,0
72.5108,85.139,2.34692,0,0,2.71436,2.71436,0,0.508601,4.47552,4.43944e+06,3.03805e+06,1.20502e+07,0,0,0,0,80.7912,79.791,2.26414,0,0,1.23584,1.23584,0,0.954679,2.1168,9.22605e+06,4.06077e+06,1.14019e+07,0,0,0,0
71.8355,85.139,2.31818,0,0,2.84352,2.84352,0,0.508671,4.47552,4.43944e+06,3.03805e+06,1.26236e+07,0,0,0,0,80.7497,79.791,2.26893,0,0,1.30284,1.30284,0,0.954812,2.1168,9.22605e+06,4.06077e+06,1.20201e+07,0,0,0,0
71.0218,85.139,2.16416,0,0,2.84391,2.84391,0,0.532875,4.47552,4.43944e+06,3.03805e+06,1.26254e+07,0,0,0,0,80.7314,79.791,2.19904,0,0,1.30302,1.30302,0,1.00657,2.1168,9.22605e+06,4.06077e+06,1.20217e+07,0,0,0,0
70.128,85.139,2.06939,0,0,2.8443,2.8443,0,0.532949,4.47552,4.43944e+06,3.03805e+06,1.26271e+07,0,0,0,0,80.6216,79.791,2.02281,0,0,1.3032,1.3032,0,1.00671,2.1168,9.22605e+06,4.06077e+06,1.20234e+07,0,0,0,0
69.0275,85.139,1.84313,0,0,2.8447,2.8447,0,0.533022,4.47552,4.43944e+06,3.03805e+06,1.26288e+07,0,0,0,0,80.6822,79.791,1.85485,0,0,1.30338,1.30338,0,1.00685,2.1168,9.22605e+06,4.06077e+06,1.2025e+07,0,0,0,0
67.9977,85.139,1.85991,0,0,2.84509,2.84509,0,0.533096,4.47552,4.43944e+06,3.03805e+06,1.26306e+07,0,0,0,0,80.8032,79.791,1.9502,0,0,1.30356,1.30356,0,1.00699,2.1168,9.22605e+06,4.06077e+06,1.20267e+07,0,0,0,0
67.0301,85.139,1.90526,0,0,2.82,2.82,0,0.53317,4.47552,4.43944e+06,3.03805e+06,1.25192e+07,0,0,0,0,80.8192,79.791,2.1712,0,0,1.34049,1.34049,0,1.00713,2.1168,9.22605e+06,4.06077e+06,1.23675e+07,0,0,0,0
65.9035,85.139,1.73575,0,0,2.82039,2.82039,0,0.528468,4.47552,4.43944e+06,3.03805e+06,1.25209e+07,0,0,0,0,80.758,79.791,2.0658,0,0,1.34068,1.34068,0,1.03567,2.1168,9.22605e+06,4.06077e+06,1.23692e+07,0,0,0,0
64.6469,85.139,1.57662,0.01,0,2.82078,2.82078,0,0.528541,4.47552,4.43944e+06,3.03805e+06,1.25227e+07,0,0,0,0,80.7749,79.791,1.90076,0,0,1.34087,1.34087,0,1.03581,2.1168,9.22605e+06,4.06077e+06,1.23709e+07,0,0,0,0
63.3515,85.139,1.49157,0.01,0,2.82117,2.82117,0,0.528614,4.47552,4.43944e+06,3.03805e+06,1.25244e+07,0,0,0,0,80.7054,79.791,1.87709,0,0,1.34105,1.34105,0,1.03595,2.1168,9.22605e+06,4.06077e+06,1.23726e+07,0,0,0,0
61.9777,85.139,1.45754,0.01,0,2.88741,2.88741,0,0.528687,4.47552,4.43944e+06,3.03805e+06,1.28185e+07,0,0,0,0,80.573,79.791,1.84873,0,0,1.37401,1.37401,0,1.0361,2.1168,9.22605e+06,4.06077e+06,1.26767e+07,0,0,0,0
60.4799,85.139,1.31589,0.01,0,2.88781,2.88781,0,0.541101,4.47552,4.43944e+06,3.03805e+06,1.28203e+07,0,0,0,0,80.3239,79.791,1.77292,0,0,1.3742,1.3742,0,1.06156,2.1168,9.22605e+06,4.06077e+06,1.26785e+07,0,0,0,0
58.9077,85.139,1.21535,0.01,0,2.88821,2.88821,0,0.541176,4.47552,4.43944e+06,3.03805e+06,1.2822e+07,0,0,0,0,80.0569,79.791,1.61657,0,0,1.37439,1.37439,0,1.06171,2.1168,9.22605e+06,4.06077e+06,1.26802e+07,0,0,0,0
57.2724,85.139,1.11559,0.02,0,2.88861,2.88861,0,0.541251,4.47552,4.43944e+06,3.03805e+06,1.28238e+07,0,0,0,0,79.9097,79.791,1.56828,0,0,1.37458,1.37458,0,1.06186,2.1168,9.22605e+06,4.06077e+06,1.2682e+07,0,0,0,0
55.5175,85.139,1.12919,0.02,0,3.08196,3.08196,0,0.541326,4.47552,4.43944e+06,3.03805e+06,1.36821e+07,0,0,0,0,79.7313,79.791,1.71351,0,0,1.49313,1.49313,0,1.062,2.1168,9.22605e+06,4.06077e+06,1.37757e+07,0,0,0,0
53.9165,85.139,1.27057,0.02,0,3.08238,3.08238,0,0.577559,4.47552,4.43944e+06,3.03805e+06,1.3684e+07,0,0,0,0,79.6122,79.791,2.05044,0,0,1.49334,1.49334,0,1.1536,2.1168,9.22605e+06,4.06077e+06,1.37776e+07,0,0,0,0
52.1282,85.139,1.08199,0.02,0,3.08281,3.08281,0,0.577639,4.47552,4.43944e+06,3.03805e+06,1.36859e+07,0,0,0,0,79.4273,79.791,1.80577,0,0,1.49355,1.49355,0,1.15376,2.1168,9.22605e+06,4.06077e+06,1.37796e+07,0,0,0,0
50.4695,85.139,1.17056,0.02,0,3.08324,3.08324,0,0.577719,4.47552,4.43944e+06,3.03805e+06,1.36878e+07,0,0,0,0,79.4085,79.791,2.38386,0,0,1.49375,1.49375,0,1.15392,2.1168,9.22605e+06,4.06077e+06,1.37815e+07,0,0,0,0
49.3036,85.139,1.63826,0.03,0,3.08366,3.08366,0,0.577799,4.47552,4.43944e+06,3.03805e+06,1.36897e+07,0,0,0,0,79.4656,79.791,2.85512,0,0,1.49396,1.49396,0,1.15408,2.1168,9.22605e+06,4.06077e+06,1.37834e+07,0,0,0,0
47.7124,85.139,1.16876,0.03,0,2.98999,2.98999,0,0.577879,4.47552,4.43944e+06,3.03805e+06,1.32739e+07,0,0,0,0,79.2591,79.791,2.24794,0,0,1.42228,1.42228,0,1.15423,2.1168,9.22605e+06,4.06077e+06,1.3122e+07,0,0,0,0
45.8004,85.139,0.774429,0.03,0,2.99041,2.99041,0,0.560324,4.47552,4.43944e+06,3.03805e+06,1.32757e+07,0,0,0,0,79.14,79.791,1.47366,0,0,1.42247,1.42247,0,1.09885,2.1168,9.22605e+06,4.06077e+06,1.31238e+07,0,0,0,0
44.5523,85.139,1.45762,0.03,0,2.99082,2.99082,0,0.560402,4.47552,4.43944e+06,3.03805e+06,1.32776e+07,0,0,0,0,79.1535,79.791,2.20683,0,0,1.42267,1.42267,0,1.099,2.1168,9.22605e+06,4.06077e+06,1.31256e+07,0,0,0,0
44.1566,85.139,2.40849,0.02,0,2.99123,2.99123,0,0.56048,4.47552,4.43944e+06,3.03805e+06,1.32794e+07,0,0,0,0,79.4658,79.791,3.60622,0,0,1.42287,1.42287,0,1.09916,2.1168,9.22605e+06,4.06077e+06,1.31275e+07,0,0,0,0
42.7115,85.139,1.21149,0.02,0,2.91437,2.91437,0,0.560557,4.47552,4.43944e+06,3.03805e+06,1.29381e+07,0,0,0,0,79.5876,79.791,2.55324,0,0,1.35759,1.35759,0,1.09931,2.1168,9.22605e+06,4.06077e+06,1.25252e+07,0,0,0,0
41.6809,85.139,1.7134,0.02,0,2.91477,2.91477,0,0.546152,4.47552,4.43944e+06,3.03805e+06,1.29399e+07,0,0,0,0,79.9542,79.791,3.24836,0,0,1.35778,1.35778,0,1.04887,2.1168,9.22605e+06,4.06077e+06,1.25269e+07,0,0,0,0
41.8913,85.139,3.01149,0.03,0,2.91517,2.91517,0,0.546228,4.47552,4.43944e+06,3.03805e+06,1.29417e+07,0,0,0,0,80.6752,79.791,4.28713,0,0,1.35797,1.35797,0,1.04902,2.1168,9.22605e+06,4.06077e+06,1.25287e+07,0,0,0,0
42.4853,85.139,3.54485,0.03,0,2.91558,2.91558,0,0.546304,4.47552,4.43944e+06,3.03805e+06,1.29435e+07,0,0,0,0,80.8192,79.791,5.54909,0,0,1.35816,1.35816,0,1.04917,2.1168,9.22605e+06,4.06077e+06,1.25304e+07,0,0,0,0
42.3523,85.139,2.51611,0.04,0,2.69638,2.69638,0,0.546379,4.47552,4.43944e+06,3.03805e+06,1.19704e+07,0,0,0,0,80.8192,79.791,5.01151,0,0,1.2219,1.2219,0,1.04931,2.1168,9.22605e+06,4.06077e+06,1.12733e+07,0,0,0,0
41.7422,85.139,2.09122,0.04,0,2.69675,2.69675,0,0.505301,4.47552,4.43944e+06,3.03805e+06,1.1972e+07,0,0,0,0,80.8192,79.791,4.04536,0,0,1.22207,1.22207,0,0.944042,2.1168,9.22605e+06,4.06077e+06,1.12749e+07,0,0,0,0
44.2658,85.139,5.4579,0.04,0,2.69712,2.69712,0,0.505371,4.47552,4.43944e+06,3.03805e+06,1.19737e+07,0,0,0,0,80.8192,79.791,10.6604,0,0,1.22224,1.22224,0,0.944172,2.1168,9.22605e+06,4.06077e+06,1.12765e+07,0,0,0,0
47.2969,85.139,6.04984,0.03,0,2.6975,2.6975,0,0.505441,4.47552,4.43944e+06,3.03805e+06,1.19754e+07,0,0,0,0,80.8192,79.791,12.1118,0,0,1.22241,1.22241,0,0.944303,2.1168,9.22605e+06,4.06077e+06,1.1278e+07,0,0,0,0
49.349,85.139,5.12694,0.03,0,2.69787,2.69787,0,0.505511,4.47552,4.43944e+06,3.03805e+06,1.1977e+07,0,0,0,0,80.8192,79.791,7.73896,0,0,1.22258,1.22258,0,0.944434,2.1168,9.22605e+06,4.06077e+06,1.12796e+07,0,0,0,0
50.0067,85.139,3.59313,0.03,0,2.78277,2.78277,0,0.505581,4.47552,4.43944e+06,3.03805e+06,1.23539e+07,0,0,0,0,80.8192,79.791,5.25006,0,0,1.26228,1.26228,0,0.944565,2.1168,9.22605e+06,4.06077e+06,1.16459e+07,0,0,0,0
49.3365,85.139,2.18442,0.03,0,2.78314,2.78314,0,0.521491,4.47552,4.43944e+06,3.03805e+06,1.23556e+07,0,0,0,0,80.8192,79.791,5.61574,0,0,1.26245,1.26245,0,0.97524,2.1168,9.22605e+06,4.06077e+06,1.16474e+07,0,0,0,0
53.5745,85.139,7.45619,0.03,0,2.78351,2.78351,0,0.52156,4.47552,4.43944e+06,3.03805e+06,1.23572e+07,0,0,0,0,80.8192,79.791,15.2505,0,0,1.26262,1.26262,0,0.975369,2.1168,9.22605e+06,4.06077e+06,1.1649e+07,0,0,0,0
54.8223,85.139,4.27691,0.02,0,2.78387,2.78387,0,0.521629,4.47552,4.43944e+06,3.03805e+06,1.23588e+07,0,0,0,0,80.8192,79.791,9.49973,0,0,1.26279,1.26279,0,0.975498,2.1168,9.22605e+06,4.06077e+06,1.16505e+07,0,0,0,0
56.2092,85.139,4.64053,0.02,0,3.05581,3.05581,0,0.521698,4.47552,4.43944e+06,3.03805e+06,1.35661e+07,0,0,0,0,80.8192,79.791,9.08118,0,0,1.41145,1.41145,0,0.975628,2.1168,9.22605e+06,4.06077e+06,1.30221e+07,0,0,0,0
55.9571,85.139,2.99237,0.02,0,3.05622,3.05622,0,0.572659,4.47552,4.43944e+06,3.03805e+06,1.35679e+07,0,0,0,0,80.8192,79.791,8.32644,0,0,1.41164,1.41164,0,1.09049,2.1168,9.22605e+06,4.06077e+06,1.30238e+07,0,0,0,0
56.4788,85.139,3.91986,0.02,0,3.05662,3.05662,0,0.572735,4.47552,4.43944e+06,3.03805e+06,1.35697e+07,0,0,0,0,80.8192,79.791,9.8021,0,0,1.41182,1.41182,0,1.09063,2.1168,9.22605e+06,4.06077e+06,1.30256e+07,0,0,0,0
56.6499,85.139,3.54985,0.02,0,3.05703,3.05703,0,0.572811,4.47552,4.43944e+06,3.03805e+06,1.35715e+07,0,0,0,0,80.8192,79.791,10.173,0,0,1.41201,1.41201,0,1.09077,2.1168,9.22605e+06,4.06077e+06,1.30273e+07,0,0,0,0
60.6936,85.139,7.38523,0.03,0,2.66989,2.66989,0,0.572887,4.47552,4.43944e+06,3.03805e+06,1.18528e+07,0,0,0,0,80.8192,79.791,11.2347,0,0,1.21281,1.21281,0,1.09092,2.1168,9.22605e+06,4.06077e+06,1.11894e+07,0,0,0,0
63.3479,85.139,5.92513,0.01,0,2.67024,2.67024,0,0.500337,4.47552,4.43944e+06,3.03805e+06,1.18544e+07,0,0,0,0,80.8192,79.791,10.2719,0,0,1.21297,1.21297,0,0.937016,2.1168,9.22605e+06,4.06077e+06,1.11909e+07,0,0,0,0
65.2609,85.139,5.12551,0.01,0,2.67059,2.67059,0,0.500403,4.47552,4.43944e+06,3.03805e+06,1.18559e+07,0,0,0,0,80.8192,79.791,9.37096,0,0,1.21313,1.21313,0,0.93714,2.1168,9.22605e+06,4.06077e+06,1.11924e+07,0,0,0,0
67.9211,85.139,5.94914,0.02,0,2.67095,2.67095,0,0.500469,4.47552,4.43944e+06,3.03805e+06,1.18575e+07,0,0,0,0,80.8192,79.791,10.1704,0,0,1.21329,1.21329,0,0.937265,2.1168,9.22605e+06,4.06077e+06,1.11939e+07,0,0,0,0
72.0566,85.139,7.7014,0.02,0,2.6713,2.6713,0,0.500536,4.47552,4.43944e+06,3.03805e+06,1.18591e+07,0,0,0,0,80.8192,79.791,11.5859,0,0,1.21345,1.21345,0,0.937389,2.1168,9.22605e+06,4.06077e+06,1.11954e+07,0,0,0,0
74.9509,85.139,6.51775,0.01,0,2.76927,2.76927,0,0.500602,4.47552,4.43944e+06,3.03805e+06,1.2294e+07,0,0,0,0,80.8192,79.791,11.8746,0,0,1.26242,1.26242,0,0.937513,2.1168,9.22605e+06,4.06077e+06,1.16472e+07,0,0,0,0
76.1926,85.139,4.68981,0.01,0,2.76964,2.76964,0,0.518962,4.47552,4.43944e+06,3.03805e+06,1.22956e+07,0,0,0,0,80.8192,79.791,9.19773,0,0,1.26259,1.26259,0,0.975349,2.1168,9.22605e+06,4.06077e+06,1.16487e+07,0,0,0,0
76.8419,85.139,4.02263,0.01,0,2.77001,2.77001,0,0.519031,4.47552,4.43944e+06,3.03805e+06,1.22973e+07,0,0,0,0,80.8192,79.791,8.78745,0,0,1.26276,1.26276,0,0.975478,2.1168,9.22605e+06,4.06077e+06,1.16503e+07,0,0,0,0
77.1729,85.139,3.70136,0,0,2.77038,2.77038,0,0.5191,4.47552,4.43944e+06,3.03805e+06,1.22989e+07,0,0,0,0,80.8192,79.791,9.06806,0,0,1.26293,1.26293,0,0.975607,2.1168,9.22605e+06,4.06077e+06,1.16518e+07,0,0,0,0
77.946,85.139,3.98582,0,0,2.73256,2.73256,0,0.519168,4.47552,4.43944e+06,3.03805e+06,1.2131e+07,0,0,0,0,80.8192,79.791,7.55403,0,0,1.24413,1.24413,0,0.975737,2.1168,9.22605e+06,4.06077e+06,1.14784e+07,0,0,0,0
78.3953,85.139,3.65247,0,0,2.73292,2.73292,0,0.512081,4.47552,4.43944e+06,3.03805e+06,1.21326e+07,0,0,0,0,80.8192,79.791,6.41088,0,0,1.24429,1.24429,0,0.961212,2.1168,9.22605e+06,4.06077e+06,1.14799e+07,0,0,0,0
78.6358,85.139,3.40965,0,0,2.73328,2.73328,0,0.512149,4.47552,4.43944e+06,3.03805e+06,1.21342e+07,0,0,0,0,80.8192,79.791,5.69496,0,0,1.24446,1.24446,0,0.961339,2.1168,9.22605e+06,4.06077e+06,1.14814e+07,0,0,0,0
78.6224,85.139,3.10468,0,0,2.73364,2.73364,0,0.512217,4.47552,4.43944e+06,3.03805e+06,1.21358e+07,0,0,0,0,80.8192,79.791,5.3483,0,0,1.24462,1.24462,0,0.961467,2.1168,9.22605e+06,4.06077e+06,1.14829e+07,0,0,0,0
78.4181,85.139,2.96192,0,0,2.8637,2.8637,0,0.512285,4.47552,4.43944e+06,3.03805e+06,1.27132e+07,0,0,0,0,80.8192,79.791,5.57732,0,0,1.31209,1.31209,0,0.961595,2.1168,9.22605e+06,4.06077e+06,1.21054e+07,0,0,0,0
78.1193,85.139,2.80237,0,0,2.86408,2.86408,0,0.536657,4.47552,4.43944e+06,3.03805e+06,1.27149e+07,0,0,0,0,80.8192,79.791,5.05116,0,0,1.31226,1.31226,0,1.01372,2.1168,9.22605e+06,4.06077e+06,1.2107e+07,0,0,0,0
77.7832,85.139,2.74769,0,0,2.86446,2.86446,0,0.536728,4.47552,4.43944e+06,3.03805e+06,1.27166e+07,0,0,0,0,80.8192,79.791,5.102,0,0,1.31243,1.31243,0,1.01385,2.1168,9.22605e+06,4.06077e+06,1.21086e+07,0,0,0,0
77.1751,85.139,2.47002,0,0,2.86484,2.86484,0,0.5368,4.47552,4.43944e+06,3.03805e+06,1.27183e+07,0,0,0,0,80.8192,79.791,5.15295,0,0,1.31261,1.31261,0,1.01399,2.1168,9.22605e+06,4.06077e+06,1.21102e+07,0,0,0,0
76.5126,85.139,2.40085,0,0,2.86522,2.86522,0,0.536871,4.47552,4.43944e+06,3.03805e+06,1.272e+07,0,0,0,0,80.8192,79.791,4.85583,0,0,1.31278,1.31278,0,1.01412,2.1168,9.22605e+06,4.06077e+06,1.21118e+07,0,0,0,0
75.9618,85.139,2.44364,0,0,2.83993,2.83993,0,0.536942,4.47552,4.43944e+06,3.03805e+06,1.26077e+07,0,0,0,0,80.8192,79.791,4.29623,0,0,1.34997,1.34997,0,1.01426,2.1168,9.22605e+06,4.06077e+06,1.24549e+07,0,0,0,0
75.2607,85.139,2.28747,0,0,2.84031,2.84031,0,0.532204,4.47552,4.43944e+06,3.03805e+06,1.26094e+07,0,0,0,0,80.8192,79.791,4.13937,0,0,1.35015,1.35015,0,1.04299,2.1168,9.22605e+06,4.06077e+06,1.24566e+07,0,0,0,0
74.3647,85.139,2.08491,0,0,2.84069,2.84069,0,0.532274,4.47552,4.43944e+06,3.03805e+06,1.26111e+07,0,0,0,0,80.8192,79.791,3.93928,0,0,1.35033,1.35033,0,1.04313,2.1168,9.22605e+06,4.06077e+06,1.24582e+07,0,0,0,0
73.3073,85.139,1.8934,0,0,2.84107,2.84107,0,0.532345,4.47552,4.43944e+06,3.03805e+06,1.26127e+07,0,0,0,0,80.8192,79.791,3.63019,0,0,1.35051,1.35051,0,1.04326,2.1168,9.22605e+06,4.06077e+06,1.24599e+07,0,0,0,0
72.4909,85.139,2.17296,0,0,2.90776,2.90776,0,0.532416,4.47552,4.43944e+06,3.03805e+06,1.29088e+07,0,0,0,0,80.8192,79.791,3.88479,0,0,1.38369,1.38369,0,1.0434,2.1168,9.22605e+06,4.06077e+06,1.2766e+07,0,0,0,0
71.6924,85.139,2.17922,0,0,2.90814,2.90814,0,0.544913,4.47552,4.43944e+06,3.03805e+06,1.29105e+07,0,0,0,0,80.8192,79.791,3.92668,0,0,1.38388,1.38388,0,1.06904,2.1168,9.22605e+06,4.06077e+06,1.27677e+07,0,0,0,0
70.6336,85.139,1.90558,0,0,2.90853,2.90853,0,0.544986,4.47552,4.43944e+06,3.03805e+06,1.29122e+07,0,0,0,0,80.8192,79.791,3.63594,0,0,1.38406,1.38406,0,1.06918,2.1168,9.22605e+06,4.06077e+06,1.27694e+07,0,0,0,0
69.4427,85.139,1.75762,0,0,2.90891,2.90891,0,0.545058,4.47552,4.43944e+06,3.03805e+06,1.29139e+07,0,0,0,0,80.8192,79.791,3.49187,0,0,1.38424,1.38424,0,1.06932,2.1168,9.22605e+06,4.06077e+06,1.27711e+07,0,0,0,0
67.8894,85.139,1.54098,0,0,3.1036,3.1036,0,0.54513,4.47552,4.43944e+06,3.03805e+06,1.37782e+07,0,0,0,0,80.8192,79.791,3.57343,0,0,1.50362,1.50362,0,1.06947,2.1168,9.22605e+06,4.06077e+06,1.38725e+07,0,0,0,0
66.1973,85.139,1.41441,0.01,0,3.10401,3.10401,0,0.581615,4.47552,4.43944e+06,3.03805e+06,1.37801e+07,0,0,0,0,80.8192,79.791,3.50639,0,0,1.50382,1.50382,0,1.1617,2.1168,9.22605e+06,4.06077e+06,1.38743e+07,0,0,0,0
64.549,85.139,1.43273,0.02,0,3.10442,3.10442,0,0.581692,4.47552,4.43944e+06,3.03805e+06,1.37819e+07,0,0,0,0,80.8192,79.791,3.37253,0,0,1.50402,1.50402,0,1.16185,2.1168,9.22605e+06,4.06077e+06,1.38762e+07,0,0,0,0
63.5641,85.139,2.1137,0.02,0,3.10484,3.10484,0,0.581769,4.47552,4.43944e+06,3.03805e+06,1.37837e+07,0,0,0,0,80.8192,79.791,4.02455,0,0,1.50422,1.50422,0,1.16201,2.1168,9.22605e+06,4.06077e+06,1.3878e+07,0,0,0,0
63.3507,85.139,2.94706,0.02,0,3.10525,3.10525,0,0.581846,4.47552,4.43944e+06,3.03805e+06,1.37855e+07,0,0,0,0,80.8192,79.791,4.58871,0,0,1.50442,1.50442,0,1.16216,2.1168,9.22605e+06,4.06077e+06,1.38798e+07,0,0,0,0
62.8783,85.139,2.56652,0.02,0,3.0109,3.0109,0,0.581923,4.47552,4.43944e+06,3.03805e+06,1.33667e+07,0,0,0,0,80.8192,79.791,5.46028,0,0,1.43222,1.43222,0,1.16231,2.1168,9.22605e+06,4.06077e+06,1.32138e+07,0,0,0,0
62.3359,85.139,2.52283,0.02,0,3.0113,3.0113,0,0.564243,4.47552,4.43944e+06,3.03805e+06,1.33685e+07,0,0,0,0,80.8192,79.791,5.43336,0,0,1.43241,1.43241,0,1.10654,2.1168,9.22605e+06,4.06077e+06,1.32155e+07,0,0,0,0
62.0935,85.139,2.97102,0.02,0,3.0117,3.0117,0,0.564318,4.47552,4.43944e+06,3.03805e+06,1.33703e+07,0,0,0,0,80.8192,79.791,7.04687,0,0,1.4326,1.4326,0,1.10668,2.1168,9.22605e+06,4.06077e+06,1.32173e+07,0,0,0,0
61.8495,85.139,3.05155,0.02,0,3.0121,3.0121,0,0.564393,4.47552,4.43944e+06,3.03805e+06,1.3372e+07,0,0,0,0,80.8192,79.791,5.19786,0,0,1.4328,1.4328,0,1.10683,2.1168,9.22605e+06,4.06077e+06,1.3219e+07,0,0,0,0
63.2336,85.139,4.70125,0.02,0,2.93468,2.93468,0,0.564468,4.47552,4.43944e+06,3.03805e+06,1.30283e+07,0,0,0,0,80.8192,79.791,4.96115,0,0,1.36705,1.36705,0,1.10698,2.1168,9.22605e+06,4.06077e+06,1.26125e+07,0,0,0,0
67.384,85.139,7.54551,0.02,0,2.93507,2.93507,0,0.549959,4.47552,4.43944e+06,3.03805e+06,1.30301e+07,0,0,0,0,80.8192,79.791,8.39105,0,0,1.36724,1.36724,0,1.05619,2.1168,9.22605e+06,4.06077e+06,1.26142e+07,0,0,0,0
68.3719,85.139,4.24092,0.02,0,2.93546,2.93546,0,0.550032,4.47552,4.43944e+06,3.03805e+06,1.30318e+07,0,0,0,0,80.8192,79.791,4.50135,0,0,1.36742,1.36742,0,1.05633,2.1168,9.22605e+06,4.06077e+06,1.26159e+07,0,0,0,0
69.8018,85.139,4.69552,0.01,0,2.93585,2.93585,0,0.550105,4.47552,4.43944e+06,3.03805e+06,1.30335e+07,0,0,0,0,80.8192,79.791,5.29838,0,0,1.3676,1.3676,0,1.05647,2.1168,9.22605e+06,4.06077e+06,1.26175e+07,0,0,0,0
74.1845,85.139,7.75622,0.01,0,2.71511,2.71511,0,0.550178,4.47552,4.43944e+06,3.03805e+06,1.20535e+07,0,0,0,0,80.8192,79.791,12.0116,0,0,1.23039,1.23039,0,1.05661,2.1168,9.22605e+06,4.06077e+06,1.13516e+07,0,0,0,0
78.6841,85.139,8.05877,0.01,0,2.71547,2.71547,0,0.508811,4.47552,4.43944e+06,3.03805e+06,1.20551e+07,0,0,0,0,80.8192,79.791,10.8165,0,0,1.23055,1.23055,0,0.9506,2.1168,9.22605e+06,4.06077e+06,1.13532e+07,0,0,0,0
85.139,85.139,10.1464,0,0,2.71583,2.71583,0,0.508879,4.47552,4.43944e+06,3.03805e+06,1.20567e+07,0,0,0,0,80.8192,79.791,10.4162,0,0,1.23072,1.23072,0,0.950726,2.1168,9.22605e+06,4.06077e+06,1.13547e+07,0,0,0,0
85.139,85.139,9.6683,0,0,2.71619,2.71619,0,0.508946,4.47552,4.43944e+06,3.03805e+06,1.20583e+07,0,0,0,0,80.8192,79.791,15.8541,0,0,1.23088,1.23088,0,0.950852,2.1168,9.22605e+06,4.06077e+06,1.13562e+07,0,0,0,0
85.139,85.139,8.28787,0,0,2.71655,2.71655,0,0.509014,4.47552,4.43944e+06,3.03805e+06,1.20599e+07,0,0,0,0,80.8192,79.791,12.7745,0,0,1.23104,1.23104,0,0.950979,2.1168,9.22605e+06,4.06077e+06,1.13577e+07,0,0,0,0
84.9522,85.139,3.04042,0,0.02,2.80202,2.80202,0,0.509081,4.47552,4.43944e+06,3.03805e+06,1.24394e+07,0,0,0,0,80.8192,79.791,3.6595,0,0,1.27102,1.27102,0,0.951105,2.1168,9.22605e+06,4.06077e+06,1.17265e+07,0,0,0,0
85.139,85.139,5.30549,0,0.02,2.80237,2.80237,0,0.525098,4.47552,4.43944e+06,3.03805e+06,1.2441e+07,0,0,0,0,80.8192,79.791,4.8568,0,0,1.27118,1.27118,0,0.981986,2.1168,9.22605e+06,4.06077e+06,1.17279e+07,0,0,0,0
85.139,85.139,4.34239,0,0.02,2.80273,2.80273,0,0.525165,4.47552,4.43944e+06,3.03805e+06,1.24425e+07,0,0,0,0,80.8192,79.791,6.06097,0,0,1.27134,1.27134,0,0.982111,2.1168,9.22605e+06,4.06077e+06,1.17294e+07,0,0,0,0
85.139,85.139,7.91576,0,0.02,2.80309,2.80309,0,0.525232,4.47552,4.43944e+06,3.03805e+06,1.24441e+07,0,0,0,0,80.8192,79.791,9.74435,0,0,1.2715,1.2715,0,0.982236,2.1168,9.22605e+06,4.06077e+06,1.17309e+07,0,0,0,0
85.139,85.139,5.32902,0,0.02,3.07688,3.07688,0,0.525298,4.47552,4.43944e+06,3.03805e+06,1.36596e+07,0,0,0,0,80.8192,79.791,6.89883,0,0,1.42118,1.42118,0,0.98236,2.1168,9.22605e+06,4.06077e+06,1.31119e+07,0,0,0,0
85.139,85.139,3.7759,0,0.02,3.07727,3.07727,0,0.576608,4.47552,4.43944e+06,3.03805e+06,1.36614e+07,0,0,0,0,80.8192,79.791,5.33226,0,0,1.42136,1.42136,0,1.098,2.1168,9.22605e+06,4.06077e+06,1.31136e+07,0,0,0,0
84.6887,85.139,3.10455,0,0.02,3.07766,3.07766,0,0.576681,4.47552,4.43944e+06,3.03805e+06,1.36631e+07,0,0,0,0,80.8192,79.791,4.4253,0,0,1.42154,1.42154,0,1.09814,2.1168,9.22605e+06,4.06077e+06,1.31152e+07,0,0,0,0
84.3232,85.139,3.1878,0,0.02,3.07805,3.07805,0,0.576754,4.47552,4.43944e+06,3.03805e+06,1.36648e+07,0,0,0,0,80.8192,79.791,5.66308,0,0,1.42172,1.42172,0,1.09828,2.1168,9.22605e+06,4.06077e+06,1.31169e+07,0,0,0,0
83.8874,85.139,2.71205,0,0.02,2.68823,2.68823,0,0.576827,4.47552,4.43944e+06,3.03805e+06,1.19342e+07,0,0,0,0,80.8192,79.791,4.26377,0,0,1.22114,1.22114,0,1.09842,2.1168,9.22605e+06,4.06077e+06,1.12663e+07,0,0,0,0
83.3567,85.139,2.65991,0,0.02,2.68857,2.68857,0,0.503775,4.47552,4.43944e+06,3.03805e+06,1.19357e+07,0,0,0,0,80.8192,79.791,4.68462,0,0,1.2213,1.2213,0,0.943455,2.1168,9.22605e+06,4.06077e+06,1.12678e+07,0,0,0,0
85.139,85.139,8.12239,0,0.02,2.68891,2.68891,0,0.503839,4.47552,4.43944e+06,3.03805e+06,1.19373e+07,0,0,0,0,80.8192,79.791,10.792,0,0,1.22145,1.22145,0,0.943574,2.1168,9.22605e+06,4.06077e+06,1.12692e+07,0,0,0,0
85.139,85.139,8.56403,0,0.02,2.68926,2.68926,0,0.503903,4.47552,4.43944e+06,3.03805e+06,1.19388e+07,0,0,0,0,80.8192,79.791,12.5969,0,0,1.22161,1.22161,0,0.943694,2.1168,9.22605e+06,4.06077e+06,1.12706e+07,0,0,0,0
85.139,85.139,8.21954,0,0.02,2.6896,2.6896,0,0.503966,4.47552,4.43944e+06,3.03805e+06,1.19403e+07,0,0,0,0,80.8192,79.791,9.03093,0,0,1.22176,1.22176,0,0.943814,2.1168,9.22605e+06,4.06077e+06,1.1272e+07,0,0,0,0
85.139,85.139,5.60727,0,0.02,2.78822,2.78822,0,0.50403,4.47552,4.43944e+06,3.03805e+06,1.23781e+07,0,0,0,0,80.8192,79.791,8.77977,0,0,1.27106,1.27106,0,0.943934,2.1168,9.22605e+06,4.06077e+06,1.17269e+07,0,0,0,0
85.139,85.139,4.45554,0,0.02,2.78858,2.78858,0,0.522513,4.47552,4.43944e+06,3.03805e+06,1.23797e+07,0,0,0,0,80.8192,79.791,5.81494,0,0,1.27122,1.27122,0,0.982023,2.1168,9.22605e+06,4.06077e+06,1.17284e+07,0,0,0,0
85.139,85.139,4.23902,0,0.02,2.78893,2.78893,0,0.522579,4.47552,4.43944e+06,3.03805e+06,1.23813e+07,0,0,0,0,80.8192,79.791,5.03747,0,0,1.27138,1.27138,0,0.982147,2.1168,9.22605e+06,4.06077e+06,1.17299e+07,0,0,0,0
85.139,85.139,3.54844,0,0.02,2.78928,2.78928,0,0.522646,4.47552,4.43944e+06,3.03805e+06,1.23828e+07,0,0,0,0,80.8192,79.791,4.48427,0,0,1.27155,1.27155,0,0.982272,2.1168,9.22605e+06,4.06077e+06,1.17313e+07,0,0,0,0
85.139,85.139,3.9714,0,0.02,2.75119,2.75119,0,0.522712,4.47552,4.43944e+06,3.03805e+06,1.22137e+07,0,0,0,0,80.8192,79.791,5.21412,0,0,1.25261,1.25261,0,0.982397,2.1168,9.22605e+06,4.06077e+06,1.15566e+07,0,0,0,0
85.139,85.139,3.661,0,0.02,2.75154,2.75154,0,0.515573,4.47552,4.43944e+06,3.03805e+06,1.22153e+07,0,0,0,0,80.8192,79.791,4.77065,0,0,1.25277,1.25277,0,0.967767,2.1168,9.22605e+06,4.06077e+06,1.15581e+07,0,0,0,0
85.139,85.139,3.29146,0,0.02,2.75189,2.75189,0,0.515638,4.47552,4.43944e+06,3.03805e+06,1.22168e+07,0,0,0,0,80.8192,79.791,4.27215,0,0,1.25293,1.25293,0,0.96789,2.1168,9.22605e+06,4.06077e+06,1.15596e+07,0,0,0,0
85.0363,85.139,3.03397,0,0.02,2.75224,2.75224,0,0.515704,4.47552,4.43944e+06,3.03805e+06,1.22184e+07,0,0,0,0,80.8192,79.791,4.04877,0,0,1.25309,1.25309,0,0.968013,2.1168,9.22605e+06,4.06077e+06,1.15611e+07,0,0,0,0
84.8446,85.139,3.02392,0,0.02,2.88316,2.88316,0,0.515769,4.47552,4.43944e+06,3.03805e+06,1.27996e+07,0,0,0,0,80.8192,79.791,4.3727,0,0,1.321,1.321,0,0.968136,2.1168,9.22605e+06,4.06077e+06,1.21876e+07,0,0,0,0
84.6547,85.139,2.98972,0,0.02,2.88353,2.88353,0,0.540305,4.47552,4.43944e+06,3.03805e+06,1.28012e+07,0,0,0,0,80.8192,79.791,3.83126,0,0,1.32117,1.32117,0,1.02061,2.1168,9.22605e+06,4.06077e+06,1.21892e+07,0,0,0,0
84.1351,85.139,2.62412,0,0.02,2.88389,2.88389,0,0.540373,4.47552,4.43944e+06,3.03805e+06,1.28029e+07,0,0,0,0,80.8192,79.791,3.58007,0,0,1.32134,1.32134,0,1.02074,2.1168,9.22605e+06,4.06077e+06,1.21907e+07,0,0,0,0
83.5223,85.139,2.4771,0,0.02,2.88426,2.88426,0,0.540442,4.47552,4.43944e+06,3.03805e+06,1.28045e+07,0,0,0,0,80.8192,79.791,3.41933,0,0,1.32151,1.32151,0,1.02087,2.1168,9.22605e+06,4.06077e+06,1.21923e+07,0,0,0,0
82.7786,85.139,2.33138,0,0.02,2.88463,2.88463,0,0.54051,4.47552,4.43944e+06,3.03805e+06,1.28061e+07,0,0,0,0,80.8192,79.791,3.17395,0,0,1.32167,1.32167,0,1.021,2.1168,9.22605e+06,4.06077e+06,1.21938e+07,0,0,0,0
81.9178,85.139,2.12135,0,0.02,2.85915,2.85915,0,0.540579,4.47552,4.43944e+06,3.03805e+06,1.2693e+07,0,0,0,0,80.8192,79.791,2.74964,0,0,1.35911,1.35911,0,1.02113,2.1168,9.22605e+06,4.06077e+06,1.25392e+07,0,0,0,0
80.944,85.139,2.00256,0,0.02,2.85952,2.85952,0,0.535805,4.47552,4.43944e+06,3.03805e+06,1.26946e+07,0,0,0,0,80.8192,79.791,2.59238,0,0,1.35928,1.35928,0,1.05005,2.1168,9.22605e+06,4.06077e+06,1.25408e+07,0,0,0,0
79.8086,85.139,1.83432,0,0.02,2.85988,2.85988,0,0.535873,4.47552,4.43944e+06,3.03805e+06,1.26962e+07,0,0,0,0,80.8192,79.791,2.58155,0,0,1.35945,1.35945,0,1.05018,2.1168,9.22605e+06,4.06077e+06,1.25424e+07,0,0,0,0
78.5178,85.139,1.65874,0,0.02,2.86024,2.86024,0,0.535941,4.47552,4.43944e+06,3.03805e+06,1.26979e+07,0,0,0,0,80.8192,79.791,2.31033,0,0,1.35962,1.35962,0,1.05031,2.1168,9.22605e+06,4.06077e+06,1.2544e+07,0,0,0,0
77.1939,85.139,1.6317,0,0.02,2.92737,2.92737,0,0.536009,4.47552,4.43944e+06,3.03805e+06,1.29959e+07,0,0,0,0,80.791,79.791,2.00109,0,0,1.39302,1.39302,0,1.05045,2.1168,9.22605e+06,4.06077e+06,1.28521e+07,0,0,0,0
75.9685,85.139,1.75056,0,0.02,2.92774,2.92774,0,0.548588,4.47552,4.43944e+06,3.03805e+06,1.29975e+07,0,0,0,0,80.7703,79.791,2.21743,0,0,1.3932,1.3932,0,1.07625,2.1168,9.22605e+06,4.06077e+06,1.28537e+07,0,0,0,0
74.6421,85.139,1.61396,0,0.02,2.92811,2.92811,0,0.548658,4.47552,4.43944e+06,3.03805e+06,1.29992e+07,0,0,0,0,80.6777,79.791,2.11999,0,0,1.39338,1.39338,0,1.07639,2.1168,9.22605e+06,4.06077e+06,1.28554e+07,0,0,0,0
73.1881,85.139,1.46908,0.01,0.02,2.92848,2.92848,0,0.548728,4.47552,4.43944e+06,3.03805e+06,1.30008e+07,0,0,0,0,80.5614,79.791,1.8463,0,0,1.39355,1.39355,0,1.07652,2.1168,9.22605e+06,4.06077e+06,1.2857e+07,0,0,0,0
71.6108,85.139,1.47834,0.01,0.02,3.12446,3.12446,0,0.548797,4.47552,4.43944e+06,3.03805e+06,1.38708e+07,0,0,0,0,80.3428,79.791,2.28286,0,0,1.51373,1.51373,0,1.07666,2.1168,9.22605e+06,4.06077e+06,1.39657e+07,0,0,0,0
69.5965,85.139,1.00033,0.01,0.02,3.12486,3.12486,0,0.585524,4.47552,4.43944e+06,3.03805e+06,1.38726e+07,0,0,0,0,79.9508,79.791,1.69211,0,0,1.51392,1.51392,0,1.1695,2.1168,9.22605e+06,4.06077e+06,1.39675e+07,0,0,0,0
67.5479,85.139,0.942889,0.01,0.02,3.12525,3.12525,0,0.585598,4.47552,4.43944e+06,3.03805e+06,1.38744e+07,0,0,0,0,79.658,79.791,1.58464,0,0,1.51411,1.51411,0,1.16965,2.1168,9.22605e+06,4.06077e+06,1.39693e+07,0,0,0,0
65.8527,85.139,1.2831,0.02,0.02,3.12565,3.12565,0,0.585672,4.47552,4.43944e+06,3.03805e+06,1.38761e+07,0,0,0,0,79.3783,79.791,1.7862,0,0,1.5143,1.5143,0,1.1698,2.1168,9.22605e+06,4.06077e+06,1.3971e+07,0,0,0,0
64.7038,85.139,1.88216,0.02,0.02,3.12605,3.12605,0,0.585747,4.47552,4.43944e+06,3.03805e+06,1.38779e+07,0,0,0,0,79.2415,79.791,2.09195,0,0,1.51449,1.51449,0,1.16995,2.1168,9.22605e+06,4.06077e+06,1.39728e+07,0,0,0,0
63.6278,85.139,1.97031,0.02,0.02,3.03105,3.03105,0,0.585821,4.47552,4.43944e+06,3.03805e+06,1.34562e+07,0,0,0,0,79.3266,79.791,3.07234,0,0,1.44181,1.44181,0,1.1701,2.1168,9.22605e+06,4.06077e+06,1.33022e+07,0,0,0,0
62.2241,85.139,1.63088,0.02,0.02,3.03144,3.03144,0,0.568019,4.47552,4.43944e+06,3.03805e+06,1.34579e+07,0,0,0,0,79.56,79.791,3.37323,0,0,1.44199,1.44199,0,1.11394,2.1168,9.22605e+06,4.06077e+06,1.33039e+07,0,0,0,0
61.1253,85.139,1.95131,0.02,0.02,3.03182,3.03182,0,0.568091,4.47552,4.43944e+06,3.03805e+06,1.34596e+07,0,0,0,0,80.2186,79.791,4.77559,0,0,1.44218,1.44218,0,1.11408,2.1168,9.22605e+06,4.06077e+06,1.33056e+07,0,0,0,0
59.912,85.139,1.81079,0.02,0.02,3.03221,3.03221,0,0.568163,4.47552,4.43944e+06,3.03805e+06,1.34613e+07,0,0,0,0,80.6936,79.791,4.46526,0,0,1.44236,1.44236,0,1.11422,2.1168,9.22605e+06,4.06077e+06,1.33073e+07,0,0,0,0
59.1271,85.139,2.19614,0.02,0.02,2.95425,2.95425,0,0.568235,4.47552,4.43944e+06,3.03805e+06,1.31152e+07,0,0,0,0,80.8192,79.791,4.36879,0,0,1.37617,1.37617,0,1.11437,2.1168,9.22605e+06,4.06077e+06,1.26966e+07,0,0,0,0
58.8167,85.139,2.75874,0.02,0.02,2.95463,2.95463,0,0.553627,4.47552,4.43944e+06,3.03805e+06,1.31169e+07,0,0,0,0,80.8192,79.791,3.83656,0,0,1.37634,1.37634,0,1.06323,2.1168,9.22605e+06,4.06077e+06,1.26982e+07,0,0,0,0
58.5887,85.139,3.01274,0.02,0.02,2.955,2.955,0,0.553697,4.47552,4.43944e+06,3.03805e+06,1.31185e+07,0,0,0,0,80.8192,79.791,5.75459,0,0,1.37652,1.37652,0,1.06336,2.1168,9.22605e+06,4.06077e+06,1.26998e+07,0,0,0,0
58.6622,85.139,3.28316,0.02,0.02,2.95538,2.95538,0,0.553767,4.47552,4.43944e+06,3.03805e+06,1.31202e+07,0,0,0,0,80.8192,79.791,6.30162,0,0,1.37669,1.37669,0,1.0635,2.1168,9.22605e+06,4.06077e+06,1.27015e+07,0,0,0,0
60.6267,85.139,5.02649,0.02,0.02,2.73315,2.73315,0,0.553838,4.47552,4.43944e+06,3.03805e+06,1.21336e+07,0,0,0,0,80.8192,79.791,5.16883,0,0,1.23857,1.23857,0,1.06363,2.1168,9.22605e+06,4.06077e+06,1.14271e+07,0,0,0,0
61.4758,85.139,3.88343,0.02,0.02,2.7335,2.7335,0,0.512192,4.47552,4.43944e+06,3.03805e+06,1.21352e+07,0,0,0,0,80.8192,79.791,4.0214,0,0,1.23872,1.23872,0,0.956917,2.1168,9.22605e+06,4.06077e+06,1.14285e+07,0,0,0,0
64.6484,85.139,6.32655,0.02,0.02,2.73384,2.73384,0,0.512257,4.47552,4.43944e+06,3.03805e+06,1.21367e+07,0,0,0,0,80.8192,79.791,9.70675,0,0,1.23888,1.23888,0,0.957039,2.1168,9.22605e+06,4.06077e+06,1.143e+07,0,0,0,0
66.5868,85.139,5.18393,0.01,0.02,2.73419,2.73419,0,0.512323,4.47552,4.43944e+06,3.03805e+06,1.21383e+07,0,0,0,0,80.8192,79.791,5.88833,0,0,1.23904,1.23904,0,0.95716,2.1168,9.22605e+06,4.06077e+06,1.14314e+07,0,0,0,0
67.2231,85.139,3.83858,0.01,0.02,2.73454,2.73454,0,0.512388,4.47552,4.43944e+06,3.03805e+06,1.21398e+07,0,0,0,0,80.8192,79.791,4.29842,0,0,1.2392,1.2392,0,0.957282,2.1168,9.22605e+06,4.06077e+06,1.14329e+07,0,0,0,0
73.362,85.139,9.67528,0.01,0.02,2.82056,2.82056,0,0.512453,4.47552,4.43944e+06,3.03805e+06,1.25217e+07,0,0,0,0,80.8192,79.791,7.89328,0,0,1.27943,1.27943,0,0.957403,2.1168,9.22605e+06,4.06077e+06,1.1804e+07,0,0,0,0
81.435,85.139,12.3543,0,0.02,2.8209,2.8209,0,0.528573,4.47552,4.43944e+06,3.03805e+06,1.25232e+07,0,0,0,0,80.8192,79.791,14.2881,0,0,1.27958,1.27958,0,0.988484,2.1168,9.22605e+06,4.06077e+06,1.18055e+07,0,0,0,0
85.139,85.139,9.87735,0,0.02,2.82124,2.82124,0,0.528637,4.47552,4.43944e+06,3.03805e+06,1.25247e+07,0,0,0,0,80.8192,79.791,10.4636,0,0,1.27973,1.27973,0,0.988603,2.1168,9.22605e+06,4.06077e+06,1.18069e+07,0,0,0,0
85.139,85.139,7.67531,0,0.02,2.82158,2.82158,0,0.5287,4.47552,4.43944e+06,3.03805e+06,1.25262e+07,0,0,0,0,80.8192,79.791,6.40473,0,0,1.27989,1.27989,0,0.988723,2.1168,9.22605e+06,4.06077e+06,1.18083e+07,0,0,0,0
85.139,85.139,7.13669,0,0.02,3.09717,3.09717,0,0.528764,4.47552,4.43944e+06,3.03805e+06,1.37497e+07,0,0,0,0,80.8192,79.791,7.70838,0,0,1.43055,1.43055,0,0.988843,2.1168,9.22605e+06,4.06077e+06,1.31983e+07,0,0,0,0
85.139,85.139,5.88892,0,0.02,3.09754,3.09754,0,0.580409,4.47552,4.43944e+06,3.03805e+06,1.37513e+07,0,0,0,0,80.8192,79.791,7.05472,0,0,1.43072,1.43072,0,1.10524,2.1168,9.22605e+06,4.06077e+06,1.31999e+07,0,0,0,0
85.139,85.139,6.09426,0,0.02,3.09792,3.09792,0,0.580479,4.47552,4.43944e+06,3.03805e+06,1.3753e+07,0,0,0,0,80.8192,79.791,6.99196,0,0,1.4309,1.4309,0,1.10538,2.1168,9.22605e+06,4.06077e+06,1.32015e+07,0,0,0,0
85.139,85.139,7.53691,0,0.02,3.09829,3.09829,0,0.58055,4.47552,4.43944e+06,3.03805e+06,1.37547e+07,0,0,0,0,80.8192,79.791,7.69903,0,0,1.43107,1.43107,0,1.10551,2.1168,9.22605e+06,4.06077e+06,1.32031e+07,0,0,0,0
85.139,85.139,7.4535,0,0.02,2.70589,2.70589,0,0.58062,4.47552,4.43944e+06,3.03805e+06,1.20126e+07,0,0,0,0,80.8192,79.791,10.3123,0,0,1.22916,1.22916,0,1.10564,2.1168,9.22605e+06,4.06077e+06,1.13403e+07,0,0,0,0
85.139,85.139,10.2167,0,0.02,2.70622,2.70622,0,0.507084,4.47552,4.43944e+06,3.03805e+06,1.20141e+07,0,0,0,0,80.8192,79.791,15.2527,0,0,1.22931,1.22931,0,0.949652,2.1168,9.22605e+06,4.06077e+06,1.13417e+07,0,0,0,0
85.139,85.139,11.5041,0,0.02,2.70655,2.70655,0,0.507145,4.47552,4.43944e+06,3.03805e+06,1.20155e+07,0,0,0,0,80.8192,79.791,19.0945,0,0,1.22946,1.22946,0,0.949767,2.1168,9.22605e+06,4.06077e+06,1.13431e+07,0,0,0,0
85.139,85.139,9.62566,0,0.02,2.70687,2.70687,0,0.507207,4.47552,4.43944e+06,3.03805e+06,1.2017e+07,0,0,0,0,80.8192,79.791,13.4298,0,0,1.22961,1.22961,0,0.949882,2.1168,9.22605e+06,4.06077e+06,1.13445e+07,0,0,0,0
85.139,85.139,12.5832,0,0.02,2.7072,2.7072,0,0.507268,4.47552,4.43944e+06,3.03805e+06,1.20184e+07,0,0,0,0,80.8192,79.791,14.5263,0,0,1.22976,1.22976,0,0.949997,2.1168,9.22605e+06,4.06077e+06,1.13458e+07,0,0,0,0
85.139,85.139,9.02254,0,0.02,2.80646,2.80646,0,0.50733,4.47552,4.43944e+06,3.03805e+06,1.24591e+07,0,0,0,0,80.8192,79.791,7.94649,0,0,1.27937,1.27937,0,0.950112,2.1168,9.22605e+06,4.06077e+06,1.18036e+07,0,0,0,0
85.139,85.139,8.97869,0,0.02,2.8068,2.8068,0,0.52593,4.47552,4.43944e+06,3.03805e+06,1.24606e+07,0,0,0,0,80.8192,79.791,18.0186,0,0,1.27953,1.27953,0,0.988445,2.1168,9.22605e+06,4.06077e+06,1.1805e+07,0,0,0,0
85.139,85.139,7.05737,0,0.02,2.80714,2.80714,0,0.525994,4.47552,4.43944e+06,3.03805e+06,1.24621e+07,0,0,0,0,80.8192,79.791,9.32239,0,0,1.27968,1.27968,0,0.988564,2.1168,9.22605e+06,4.06077e+06,1.18064e+07,0,0,0,0
85.139,85.139,8.08251,0,0.02,2.80748,2.80748,0,0.526057,4.47552,4.43944e+06,3.03805e+06,1.24636e+07,0,0,0,0,80.8192,79.791,9.79713,0,0,1.27984,1.27984,0,0.988684,2.1168,9.22605e+06,4.06077e+06,1.18079e+07,0,0,0,0
85.139,85.139,7.25222,0,0.02,2.76912,2.76912,0,0.526121,4.47552,4.43944e+06,3.03805e+06,1.22933e+07,0,0,0,0,80.8192,79.791,7.16787,0,0,1.26077,1.26077,0,0.988804,2.1168,9.22605e+06,4.06077e+06,1.1632e+07,0,0,0,0
85.139,85.139,5.93223,0,0.02,2.76945,2.76945,0,0.518933,4.47552,4.43944e+06,3.03805e+06,1.22948e+07,0,0,0,0,80.8192,79.791,5.87698,0,0,1.26093,1.26093,0,0.974073,2.1168,9.22605e+06,4.06077e+06,1.16334e+07,0,0,0,0
85.139,85.139,6.44864,0,0.02,2.76979,2.76979,0,0.518995,4.47552,4.43944e+06,3.03805e+06,1.22963e+07,0,0,0,0,80.8192,79.791,5.7753,0,0,1.26108,1.26108,0,0.974191,2.1168,9.22605e+06,4.06077e+06,1.16348e+07,0,0,0,0
85.139,85.139,5.41192,0,0.02,2.77012,2.77012,0,0.519058,4.47552,4.43944e+06,3.03805e+06,1.22978e+07,0,0,0,0,80.8192,79.791,5.31605,0,0,1.26123,1.26123,0,0.974309,2.1168,9.22605e+06,4.06077e+06,1.16362e+07,0,0,0,0
85.139,85.139,5.20366,0,0.02,2.90188,2.90188,0,0.519121,4.47552,4.43944e+06,3.03805e+06,1.28827e+07,0,0,0,0,80.8192,79.791,4.99827,0,0,1.32958,1.32958,0,0.974427,2.1168,9.22605e+06,4.06077e+06,1.22668e+07,0,0,0,0
85.139,85.139,5.4332,0,0.02,2.90223,2.90223,0,0.543812,4.47552,4.43944e+06,3.03805e+06,1.28843e+07,0,0,0,0,80.8192,79.791,5.41627,0,0,1.32974,1.32974,0,1.02723,2.1168,9.22605e+06,4.06077e+06,1.22683e+07,0,0,0,0
85.139,85.139,4.97813,0,0.02,2.90258,2.90258,0,0.543878,4.47552,4.43944e+06,3.03805e+06,1.28858e+07,0,0,0,0,80.8192,79.791,4.38258,0,0,1.3299,1.3299,0,1.02736,2.1168,9.22605e+06,4.06077e+06,1.22697e+07,0,0,0,0
85.139,85.139,4.83973,0,0.02,2.90293,2.90293,0,0.543944,4.47552,4.43944e+06,3.03805e+06,1.28874e+07,0,0,0,0,80.8192,79.791,6.03899,0,0,1.33006,1.33006,0,1.02748,2.1168,9.22605e+06,4.06077e+06,1.22712e+07,0,0,0,0
85.139,85.139,4.51175,0,0.02,2.90329,2.90329,0,0.54401,4.47552,4.43944e+06,3.03805e+06,1.28889e+07,0,0,0,0,80.8192,79.791,4.3009,0,0,1.33022,1.33022,0,1.02761,2.1168,9.22605e+06,4.06077e+06,1.22727e+07,0,0,0,0
84.8982,85.139,2.92595,0,0.02,2.87763,2.87763,0,0.544076,4.47552,4.43944e+06,3.03805e+06,1.27751e+07,0,0,0,0,80.8192,79.791,4.10225,0,0,1.36789,1.36789,0,1.02773,2.1168,9.22605e+06,4.06077e+06,1.26202e+07,0,0,0,0
84.5478,85.139,2.80084,0,0.02,2.87798,2.87798,0,0.539268,4.47552,4.43944e+06,3.03805e+06,1.27766e+07,0,0,0,0,80.8192,79.791,4.36275,0,0,1.36806,1.36806,0,1.05683,2.1168,9.22605e+06,4.06077e+06,1.26218e+07,0,0,0,0
83.874,85.139,2.47204,0,0.02,2.87833,2.87833,0,0.539333,4.47552,4.43944e+06,3.03805e+06,1.27782e+07,0,0,0,0,80.8192,79.791,3.73815,0,0,1.36822,1.36822,0,1.05696,2.1168,9.22605e+06,4.06077e+06,1.26233e+07,0,0,0,0
83.1404,85.139,2.39754,0,0.02,2.87868,2.87868,0,0.539399,4.47552,4.43944e+06,3.03805e+06,1.27797e+07,0,0,0,0,80.8192,79.791,3.15987,0,0,1.36839,1.36839,0,1.05709,2.1168,9.22605e+06,4.06077e+06,1.26248e+07,0,0,0,0
82.0761,85.139,2.10016,0,0.02,2.94622,2.94622,0,0.539464,4.47552,4.43944e+06,3.03805e+06,1.30795e+07,0,0,0,0,80.8192,79.791,2.96685,0,0,1.40199,1.40199,0,1.05722,2.1168,9.22605e+06,4.06077e+06,1.29349e+07,0,0,0,0
80.7892,85.139,1.80809,0,0.02,2.94657,2.94657,0,0.552121,4.47552,4.43944e+06,3.03805e+06,1.30811e+07,0,0,0,0,80.8192,79.791,2.91431,0,0,1.40216,1.40216,0,1.08318,2.1168,9.22605e+06,4.06077e+06,1.29364e+07,0,0,0,0
79.3707,85.139,1.6609,0,0.02,2.94693,2.94693,0,0.552188,4.47552,4.43944e+06,3.03805e+06,1.30827e+07,0,0,0,0,80.8192,79.791,2.54842,0,0,1.40233,1.40233,0,1.08331,2.1168,9.22605e+06,4.06077e+06,1.2938e+07,0,0,0,0
78.0564,85.139,1.74382,0,0.02,2.94729,2.94729,0,0.552255,4.47552,4.43944e+06,3.03805e+06,1.30843e+07,0,0,0,0,80.8192,79.791,3.03797,0,0,1.4025,1.4025,0,1.08344,2.1168,9.22605e+06,4.06077e+06,1.29396e+07,0,0,0,0
76.6409,85.139,1.79567,0,0.02,3.1445,3.1445,0,0.552321,4.47552,4.43944e+06,3.03805e+06,1.39598e+07,0,0,0,0,80.8192,79.791,2.99813,0,0,1.52344,1.52344,0,1.08357,2.1168,9.22605e+06,4.06077e+06,1.40553e+07,0,0,0,0
75.3899,85.139,1.93647,0,0.02,3.14488,3.14488,0,0.58928,4.47552,4.43944e+06,3.03805e+06,1.39615e+07,0,0,0,0,80.7704,79.791,2.41877,0,0,1.52362,1.52362,0,1.17701,2.1168,9.22605e+06,4.06077e+06,1.4057e+07,0,0,0,0
74.3234,85.139,2.15085,0.01,0.02,3.14527,3.14527,0,0.589351,4.47552,4.43944e+06,3.03805e+06,1.39632e+07,0,0,0,0,80.8192,79.791,2.97988,0,0,1.52381,1.52381,0,1.17715,2.1168,9.22605e+06,4.06077e+06,1.40587e+07,0,0,0,0
72.8764,85.139,1.75833,0.01,0.02,3.14565,3.14565,0,0.589423,4.47552,4.43944e+06,3.03805e+06,1.39649e+07,0,0,0,0,80.7013,79.791,2.10776,0,0,1.52399,1.52399,0,1.17729,2.1168,9.22605e+06,4.06077e+06,1.40604e+07,0,0,0,0
71.8302,85.139,2.13298,0.01,0.02,3.14603,3.14603,0,0.589494,4.47552,4.43944e+06,3.03805e+06,1.39666e+07,0,0,0,0,80.8192,79.791,3.84158,0,0,1.52418,1.52418,0,1.17744,2.1168,9.22605e+06,4.06077e+06,1.40621e+07,0,0,0,0
70.436,85.139,1.78435,0.01,0.02,3.05041,3.05041,0,0.589565,4.47552,4.43944e+06,3.03805e+06,1.35421e+07,0,0,0,0,80.8192,79.791,3.93641,0,0,1.45102,1.45102,0,1.17758,2.1168,9.22605e+06,4.06077e+06,1.33872e+07,0,0,0,0
68.8678,85.139,1.59477,0.01,0.02,3.05078,3.05078,0,0.571646,4.47552,4.43944e+06,3.03805e+06,1.35437e+07,0,0,0,0,80.8192,79.791,3.37919,0,0,1.45119,1.45119,0,1.12106,2.1168,9.22605e+06,4.06077e+06,1.33888e+07,0,0,0,0
67.2174,85.139,1.48412,0.02,0.02,3.05115,3.05115,0,0.571716,4.47552,4.43944e+06,3.03805e+06,1.35454e+07,0,0,0,0,80.8192,79.791,3.13195,0,0,1.45137,1.45137,0,1.12119,2.1168,9.22605e+06,4.06077e+06,1.33904e+07,0,0,0,0
67.9468,85.139,3.81417,0.02,0.02,3.05152,3.05152,0,0.571785,4.47552,4.43944e+06,3.03805e+06,1.3547e+07,0,0,0,0,80.8192,79.791,5.1246,0,0,1.45154,1.45154,0,1.12133,2.1168,9.22605e+06,4.06077e+06,1.3392e+07,0,0,0,0
71.3605,85.139,6.77473,0.02,0.02,2.97305,2.97305,0,0.571854,4.47552,4.43944e+06,3.03805e+06,1.31987e+07,0,0,0,0,80.8192,79.791,5.69547,0,0,1.38493,1.38493,0,1.12146,2.1168,9.22605e+06,4.06077e+06,1.27774e+07,0,0,0,0
73.4204,85.139,5.43779,0.01,0.02,2.97341,2.97341,0,0.557149,4.47552,4.43944e+06,3.03805e+06,1.32003e+07,0,0,0,0,80.8192,79.791,5.62033,0,0,1.38509,1.38509,0,1.06999,2.1168,9.22605e+06,4.06077e+06,1.27789e+07,0,0,0,0
75.4094,85.139,5.32176,0.01,0.02,2.97377,2.97377,0,0.557217,4.47552,4.43944e+06,3.03805e+06,1.32019e+07,0,0,0,0,80.8192,79.791,7.22029,0,0,1.38526,1.38526,0,1.07012,2.1168,9.22605e+06,4.06077e+06,1.27805e+07,0,0,0,0
78.6322,85.139,6.74112,0.01,0.02,2.97413,2.97413,0,0.557284,4.47552,4.43944e+06,3.03805e+06,1.32034e+07,0,0,0,0,80.8192,79.791,5.89262,0,0,1.38543,1.38543,0,1.07025,2.1168,9.22605e+06,4.06077e+06,1.2782e+07,0,0,0,0
82.5991,85.139,7.33613,0,0.02,2.75048,2.75048,0,0.557352,4.47552,4.43944e+06,3.03805e+06,1.22106e+07,0,0,0,0,80.8192,79.791,4.3798,0,0,1.24642,1.24642,0,1.07038,2.1168,9.22605e+06,4.06077e+06,1.14995e+07,0,0,0,0
84.0433,85.139,4.58878,0,0.02,2.75081,2.75081,0,0.515439,4.47552,4.43944e+06,3.03805e+06,1.2212e+07,0,0,0,0,80.8192,79.791,2.96091,0,0,1.24657,1.24657,0,0.962983,2.1168,9.22605e+06,4.06077e+06,1.15009e+07,0,0,0,0
85.139,85.139,6.61501,0,0.02,2.75114,2.75114,0,0.515501,4.47552,4.43944e+06,3.03805e+06,1.22135e+07,0,0,0,0,80.8192,79.791,4.11581,0,0,1.24672,1.24672,0,0.963099,2.1168,9.22605e+06,4.06077e+06,1.15023e+07,0,0,0,0
85.139,85.139,6.2238,0,0.02,2.75147,2.75147,0,0.515564,4.47552,4.43944e+06,3.03805e+06,1.2215e+07,0,0,0,0,80.8192,79.791,5.70766,0,0,1.24687,1.24687,0,0.963216,2.1168,9.22605e+06,4.06077e+06,1.15037e+07,0,0,0,0
85.139,85.139,6.27922,0,0.02,2.75181,2.75181,0,0.515626,4.47552,4.43944e+06,3.03805e+06,1.22165e+07,0,0,0,0,80.8192,79.791,4.23638,0,0,1.24702,1.24702,0,0.963333,2.1168,9.22605e+06,4.06077e+06,1.15051e+07,0,0,0,0
85.139,85.139,7.02443,0,0.02,2.83835,2.83835,0,0.515689,4.47552,4.43944e+06,3.03805e+06,1.26007e+07,0,0,0,0,80.8192,79.791,6.6922,0,0,1.2875,1.2875,0,0.963449,2.1168,9.22605e+06,4.06077e+06,1.18785e+07,0,0,0,0
85.139,85.139,17.2795,0,0.02,2.83868,2.83868,0,0.531907,4.47552,4.43944e+06,3.03805e+06,1.26021e+07,0,0,0,0,80.8192,79.791,10.573,0,0,1.28764,1.28764,0,0.99472,2.1168,9.22605e+06,4.06077e+06,1.18799e+07,0,0,0,0
85.139,85.139,10.5726,0,0.02,2.83901,2.83901,0,0.531969,4.47552,4.43944e+06,3.03805e+06,1.26036e+07,0,0,0,0,80.8192,79.791,7.65678,0,0,1.28779,1.28779,0,0.994835,2.1168,9.22605e+06,4.06077e+06,1.18812e+07,0,0,0,0
85.139,85.139,6.59174,0,0.02,2.83933,2.83933,0,0.53203,4.47552,4.43944e+06,3.03805e+06,1.2605e+07,0,0,0,0,80.8192,79.791,5.10243,0,0,1.28794,1.28794,0,0.994949,2.1168,9.22605e+06,4.06077e+06,1.18826e+07,0,0,0,0
85.139,85.139,6.95068,0,0.02,3.11663,3.11663,0,0.532091,4.47552,4.43944e+06,3.03805e+06,1.38361e+07,0,0,0,0,80.8192,79.791,5.97687,0,0,1.43954,1.43954,0,0.995063,2.1168,9.22605e+06,4.06077e+06,1.32813e+07,0,0,0,0
85.139,85.139,6.70992,0,0.02,3.11699,3.11699,0,0.584057,4.47552,4.43944e+06,3.03805e+06,1.38377e+07,0,0,0,0,80.8192,79.791,6.68678,0,0,1.43971,1.43971,0,1.11219,2.1168,9.22605e+06,4.06077e+06,1.32828e+07,0,0,0,0
85.139,85.139,6.44404,0,0.02,3.11735,3.11735,0,0.584124,4.47552,4.43944e+06,3.03805e+06,1.38393e+07,0,0,0,0,80.8192,79.791,6.49049,0,0,1.43987,1.43987,0,1.11232,2.1168,9.22605e+06,4.06077e+06,1.32843e+07,0,0,0,0
85.139,85.139,5.82294,0,0.02,3.11771,3.11771,0,0.584191,4.47552,4.43944e+06,3.03805e+06,1.38409e+07,0,0,0,0,80.8192,79.791,6.05751,0,0,1.44004,1.44004,0,1.11245,2.1168,9.22605e+06,4.06077e+06,1.32859e+07,0,0,0,0
85.139,85.139,6.0878,0,0.02,2.72283,2.72283,0,0.584259,4.47552,4.43944e+06,3.03805e+06,1.20878e+07,0,0,0,0,80.8192,79.791,5.61888,0,0,1.23686,1.23686,0,1.11257,2.1168,9.22605e+06,4.06077e+06,1.14113e+07,0,0,0,0
85.139,85.139,4.80338,0,0.02,2.72315,2.72315,0,0.510259,4.47552,4.43944e+06,3.03805e+06,1.20892e+07,0,0,0,0,80.8192,79.791,3.66608,0,0,1.237,1.237,0,0.955598,2.1168,9.22605e+06,4.06077e+06,1.14126e+07,0,0,0,0
85.139,85.139,5.61673,0,0.02,2.72346,2.72346,0,0.510318,4.47552,4.43944e+06,3.03805e+06,1.20906e+07,0,0,0,0,80.8192,79.791,4.90753,0,0,1.23714,1.23714,0,0.955708,2.1168,9.22605e+06,4.06077e+06,1.1414e+07,0,0,0,0
85.139,85.139,7.44429,0,0.02,2.72377,2.72377,0,0.510376,4.47552,4.43944e+06,3.03805e+06,1.2092e+07,0,0,0,0,80.8192,79.791,6.40976,0,0,1.23729,1.23729,0,0.955818,2.1168,9.22605e+06,4.06077e+06,1.14153e+07,0,0,0,0
85.139,85.139,5.54069,0,0.02,2.72409,2.72409,0,0.510435,4.47552,4.43944e+06,3.03805e+06,1.20934e+07,0,0,0,0,80.8192,79.791,5.50028,0,0,1.23743,1.23743,0,0.955928,2.1168,9.22605e+06,4.06077e+06,1.14166e+07,0,0,0,0
85.139,85.139,7.54668,0,0.02,2.82394,2.82394,0,0.510494,4.47552,4.43944e+06,3.03805e+06,1.25367e+07,0,0,0,0,80.8192,79.791,5.38969,0,0,1.28735,1.28735,0,0.956038,2.1168,9.22605e+06,4.06077e+06,1.18771e+07,0,0,0,0
85.139,85.139,5.84783,0,0.02,2.82427,2.82427,0,0.529207,4.47552,4.43944e+06,3.03805e+06,1.25382e+07,0,0,0,0,80.8192,79.791,4.37887,0,0,1.28749,1.28749,0,0.994604,2.1168,9.22605e+06,4.06077e+06,1.18785e+07,0,0,0,0
85.139,85.139,5.04,0,0.02,2.82459,2.82459,0,0.529268,4.47552,4.43944e+06,3.03805e+06,1.25396e+07,0,0,0,0,80.8192,79.791,4.21171,0,0,1.28764,1.28764,0,0.994718,2.1168,9.22605e+06,4.06077e+06,1.18799e+07,0,0,0,0
85.139,85.139,4.98192,0,0.02,2.82492,2.82492,0,0.529329,4.47552,4.43944e+06,3.03805e+06,1.2541e+07,0,0,0,0,80.8192,79.791,3.84312,0,0,1.28779,1.28779,0,0.994833,2.1168,9.22605e+06,4.06077e+06,1.18812e+07,0,0,0,0
85.139,85.139,4.88013,0,0.02,2.7863,2.7863,0,0.52939,4.47552,4.43944e+06,3.03805e+06,1.23696e+07,0,0,0,0,80.8192,79.791,4.08379,0,0,1.2686,1.2686,0,0.994947,2.1168,9.22605e+06,4.06077e+06,1.17042e+07,0,0,0,0
85.139,85.139,4.21163,0,0.02,2.78663,2.78663,0,0.522153,4.47552,4.43944e+06,3.03805e+06,1.2371e+07,0,0,0,0,80.8192,79.791,3.8244,0,0,1.26874,1.26874,0,0.980119,2.1168,9.22605e+06,4.06077e+06,1.17055e+07,0,0,0,0
85.139,85.139,3.86966,0,0.02,2.78695,2.78695,0,0.522214,4.47552,4.43944e+06,3.03805e+06,1.23725e+07,0,0,0,0,80.8192,79.791,3.82464,0,0,1.26889,1.26889,0,0.980232,2.1168,9.22605e+06,4.06077e+06,1.17068e+07,0,0,0,0
85.139,85.139,3.73792,0,0.02,2.78727,2.78727,0,0.522274,4.47552,4.43944e+06,3.03805e+06,1.23739e+07,0,0,0,0,80.8192,79.791,4.75532,0,0,1.26904,1.26904,0,0.980345,2.1168,9.22605e+06,4.06077e+06,1.17082e+07,0,0,0,0
85.139,85.139,3.39256,0,0.02,2.91982,2.91982,0,0.522334,4.47552,4.43944e+06,3.03805e+06,1.29624e+07,0,0,0,0,80.8192,79.791,3.72821,0,0,1.3378,1.3378,0,0.980457,2.1168,9.22605e+06,4.06077e+06,1.23426e+07,0,0,0,0
84.8122,85.139,2.91808,0,0.02,2.92016,2.92016,0,0.547175,4.47552,4.43944e+06,3.03805e+06,1.29639e+07,0,0,0,0,80.8192,79.791,3.72502,0,0,1.33795,1.33795,0,1.03359,2.1168,9.22605e+06,4.06077e+06,1.2344e+07,0,0,0,0
84.5677,85.139,2.89247,0,0.02,2.92049,2.92049,0,0.547238,4.47552,4.43944e+06,3.03805e+06,1.29653e+07,0,0,0,0,80.8192,79.791,3.69994,0,0,1.33811,1.33811,0,1.0337,2.1168,9.22605e+06,4.06077e+06,1.23455e+07,0,0,0,0
84.0222,85.139,2.57005,0,0.02,2.92083,2.92083,0,0.547301,4.47552,4.43944e+06,3.03805e+06,1.29668e+07,0,0,0,0,80.8192,79.791,3.09036,0,0,1.33826,1.33826,0,1.03382,2.1168,9.22605e+06,4.06077e+06,1.23469e+07,0,0,0,0
83.3912,85.139,2.46803,0,0.02,2.92117,2.92117,0,0.547364,4.47552,4.43944e+06,3.03805e+06,1.29683e+07,0,0,0,0,80.8192,79.791,2.70624,0,0,1.33842,1.33842,0,1.03394,2.1168,9.22605e+06,4.06077e+06,1.23483e+07,0,0,0,0
83.4134,85.139,3.12533,0,0.02,2.89534,2.89534,0,0.547427,4.47552,4.43944e+06,3.03805e+06,1.28537e+07,0,0,0,0,80.8192,79.791,3.46992,0,0,1.37631,1.37631,0,1.03406,2.1168,9.22605e+06,4.06077e+06,1.26979e+07,0,0,0,0
83.1909,85.139,2.86742,0,0.02,2.89567,2.89567,0,0.542586,4.47552,4.43944e+06,3.03805e+06,1.28551e+07,0,0,0,0,80.8192,79.791,3.21076,0,0,1.37646,1.37646,0,1.06333,2.1168,9.22605e+06,4.06077e+06,1.26993e+07,0,0,0,0
82.7646,85.139,2.64504,0,0.02,2.896,2.896,0,0.542649,4.47552,4.43944e+06,3.03805e+06,1.28566e+07,0,0,0,0,80.8192,79.791,3.05593,0,0,1.37662,1.37662,0,1.06346,2.1168,9.22605e+06,4.06077e+06,1.27008e+07,0,0,0,0
82.2609,85.139,2.5492,0,0.02,2.89634,2.89634,0,0.542711,4.47552,4.43944e+06,3.03805e+06,1.28581e+07,0,0,0,0,80.8192,79.791,2.79711,0,0,1.37678,1.37678,0,1.06358,2.1168,9.22605e+06,4.06077e+06,1.27023e+07,0,0,0,0
81.8198,85.139,2.67657,0,0.02,2.96427,2.96427,0,0.542774,4.47552,4.43944e+06,3.03805e+06,1.31597e+07,0,0,0,0,80.8192,79.791,3.12626,0,0,1.41059,1.41059,0,1.0637,2.1168,9.22605e+06,4.06077e+06,1.30141e+07,0,0,0,0
81.2457,85.139,2.5317,0,0.02,2.96461,2.96461,0,0.555505,4.47552,4.43944e+06,3.03805e+06,1.31612e+07,0,0,0,0,80.8192,79.791,3.09689,0,0,1.41075,1.41075,0,1.08982,2.1168,9.22605e+06,4.06077e+06,1.30156e+07,0,0,0,0
80.5232,85.139,2.36347,0,0.02,2.96496,2.96496,0,0.555569,4.47552,4.43944e+06,3.03805e+06,1.31627e+07,0,0,0,0,80.8192,79.791,2.91364,0,0,1.41091,1.41091,0,1.08994,2.1168,9.22605e+06,4.06077e+06,1.30171e+07,0,0,0,0
79.624,85.139,2.16918,0,0.02,2.9653,2.9653,0,0.555633,4.47552,4.43944e+06,3.03805e+06,1.31642e+07,0,0,0,0,80.8192,79.791,2.76236,0,0,1.41107,1.41107,0,1.09007,2.1168,9.22605e+06,4.06077e+06,1.30186e+07,0,0,0,0
78.9874,85.139,2.58443,0,0.02,3.1637,3.1637,0,0.555697,4.47552,4.43944e+06,3.03805e+06,1.4045e+07,0,0,0,0,80.8192,79.791,3.62291,0,0,1.53274,1.53274,0,1.0902,2.1168,9.22605e+06,4.06077e+06,1.41411e+07,0,0,0,0
77.6225,85.139,1.8781,0,0.02,3.16406,3.16406,0,0.592877,4.47552,4.43944e+06,3.03805e+06,1.40467e+07,0,0,0,0,80.8192,79.791,3.06313,0,0,1.53291,1.53291,0,1.18419,2.1168,9.22605e+06,4.06077e+06,1.41427e+07,0,0,0,0
76.4926,85.139,2.09808,0,0.02,3.16443,3.16443,0,0.592946,4.47552,4.43944e+06,3.03805e+06,1.40483e+07,0,0,0,0,80.8192,79.791,3.07823,0,0,1.53309,1.53309,0,1.18433,2.1168,9.22605e+06,4.06077e+06,1.41444e+07,0,0,0,0
74.816,85.139,1.54764,0.01,0.02,3.16479,3.16479,0,0.593014,4.47552,4.43944e+06,3.03805e+06,1.40499e+07,0,0,0,0,80.8192,79.791,2.74155,0,0,1.53327,1.53327,0,1.18447,2.1168,9.22605e+06,4.06077e+06,1.4146e+07,0,0,0,0
73.2837,85.139,1.67429,0.01,0.02,3.16516,3.16516,0,0.593082,4.47552,4.43944e+06,3.03805e+06,1.40515e+07,0,0,0,0,80.5929,79.791,2.77175,0,0,1.53344,1.53344,0,1.1846,2.1168,9.22605e+06,4.06077e+06,1.41476e+07,0,0,0,0
71.4766,85.139,1.36219,0.01,0.02,3.06894,3.06894,0,0.59315,4.47552,4.43944e+06,3.03805e+06,1.36244e+07,0,0,0,0,80.8192,79.791,1.94292,0,0,1.45983,1.45983,0,1.18474,2.1168,9.22605e+06,4.06077e+06,1.34685e+07,0,0,0,0
69.7793,85.139,1.51057,0.02,0.02,3.06929,3.06929,0,0.575119,4.47552,4.43944e+06,3.03805e+06,1.36259e+07,0,0,0,0,80.8192,79.791,2.70037,0,0,1.46,1.46,0,1.12787,2.1168,9.22605e+06,4.06077e+06,1.347e+07,0,0,0,0
68.0859,85.139,1.49526,0.02,0.02,3.06964,3.06964,0,0.575185,4.47552,4.43944e+06,3.03805e+06,1.36275e+07,0,0,0,0,80.8192,79.791,3.10211,0,0,1.46017,1.46017,0,1.128,2.1168,9.22605e+06,4.06077e+06,1.34716e+07,0,0,0,0
66.248,85.139,1.3143,0.02,0.02,3.07,3.07,0,0.575251,4.47552,4.43944e+06,3.03805e+06,1.36291e+07,0,0,0,0,80.8192,79.791,2.80982,0,0,1.46034,1.46034,0,1.12813,2.1168,9.22605e+06,4.06077e+06,1.34731e+07,0,0,0,0
64.7767,85.139,1.68404,0.02,0.02,2.99104,2.99104,0,0.575318,4.47552,4.43944e+06,3.03805e+06,1.32785e+07,0,0,0,0,80.5345,79.791,3.33502,0,0,1.39331,1.39331,0,1.12825,2.1168,9.22605e+06,4.06077e+06,1.28547e+07,0,0,0,0
62.7493,85.139,1.04164,0.02,0.02,2.99138,2.99138,0,0.56052,4.47552,4.43944e+06,3.03805e+06,1.328e+07,0,0,0,0,80.2934,79.791,1.77054,0,0,1.39347,1.39347,0,1.07647,2.1168,9.22605e+06,4.06077e+06,1.28562e+07,0,0,0,0
61.147,85.139,1.4693,0.02,0.02,2.99173,2.99173,0,0.560585,4.47552,4.43944e+06,3.03805e+06,1.32816e+07,0,0,0,0,80.5156,79.791,1.6504,0,0,1.39363,1.39363,0,1.07659,2.1168,9.22605e+06,4.06077e+06,1.28577e+07,0,0,0,0
61.7317,85.139,3.79854,0.02,0.02,2.99207,2.99207,0,0.560649,4.47552,4.43944e+06,3.03805e+06,1.32831e+07,0,0,0,0,80.8192,79.791,5.15202,0,0,1.39379,1.39379,0,1.07672,2.1168,9.22605e+06,4.06077e+06,1.28592e+07,0,0,0,0
61.3953,85.139,2.64533,0.02,0.02,2.76705,2.76705,0,0.560714,4.47552,4.43944e+06,3.03805e+06,1.22841e+07,0,0,0,0,80.8192,79.791,3.47122,0,0,1.25393,1.25393,0,1.07684,2.1168,9.22605e+06,4.06077e+06,1.15688e+07,0,0,0,0
59.9931,85.139,1.56343,0.02,0.02,2.76737,2.76737,0,0.518545,4.47552,4.43944e+06,3.03805e+06,1.22856e+07,0,0,0,0,80.5909,79.791,2.87866,0,0,1.25407,1.25407,0,0.968786,2.1168,9.22605e+06,4.06077e+06,1.15702e+07,0,0,0,0
59.8158,85.139,2.81223,0.02,0.02,2.76769,2.76769,0,0.518605,4.47552,4.43944e+06,3.03805e+06,1.2287e+07,0,0,0,0,80.721,79.791,1.97438,0,0,1.25422,1.25422,0,0.968898,2.1168,9.22605e+06,4.06077e+06,1.15715e+07,0,0,0,0
59.344,85.139,2.56823,0.02,0.02,2.76801,2.76801,0,0.518665,4.47552,4.43944e+06,3.03805e+06,1.22884e+07,0,0,0,0,80.8192,79.791,5.4247,0,0,1.25436,1.25436,0,0.96901,2.1168,9.22605e+06,4.06077e+06,1.15728e+07,0,0,0,0
58.9706,85.139,2.69679,0.02,0.02,2.76833,2.76833,0,0.518725,4.47552,4.43944e+06,3.03805e+06,1.22898e+07,0,0,0,0,80.8192,79.791,4.26518,0,0,1.25451,1.25451,0,0.969121,2.1168,9.22605e+06,4.06077e+06,1.15742e+07,0,0,0,0
60.0984,85.139,4.16235,0.02,0.02,2.85537,2.85537,0,0.518784,4.47552,4.43944e+06,3.03805e+06,1.26762e+07,0,0,0,0,80.8192,79.791,3.786,0,0,1.29522,1.29522,0,0.969233,2.1168,9.22605e+06,4.06077e+06,1.19497e+07,0,0,0,0
60.8475,85.139,3.76766,0.01,0.02,2.85569,2.85569,0,0.535097,4.47552,4.43944e+06,3.03805e+06,1.26776e+07,0,0,0,0,80.8192,79.791,3.13061,0,0,1.29536,1.29536,0,1.00069,2.1168,9.22605e+06,4.06077e+06,1.1951e+07,0,0,0,0
60.7857,85.139,2.96031,0.01,0.02,2.856,2.856,0,0.535155,4.47552,4.43944e+06,3.03805e+06,1.2679e+07,0,0,0,0,80.8192,79.791,2.7634,0,0,1.2955,1.2955,0,1.00079,2.1168,9.22605e+06,4.06077e+06,1.19524e+07,0,0,0,0
61.7644,85.139,4.15485,0.01,0.02,2.85631,2.85631,0,0.535214,4.47552,4.43944e+06,3.03805e+06,1.26804e+07,0,0,0,0,80.8192,79.791,5.0666,0,0,1.29564,1.29564,0,1.0009,2.1168,9.22605e+06,4.06077e+06,1.19537e+07,0,0,0,0
63.2616,85.139,4.91411,0.02,0.02,3.13525,3.13525,0,0.535272,4.47552,4.43944e+06,3.03805e+06,1.39187e+07,0,0,0,0,80.8192,79.791,5.19796,0,0,1.44814,1.44814,0,1.00101,2.1168,9.22605e+06,4.06077e+06,1.33606e+07,0,0,0,0
64.9928,85.139,5.12964,0.02,0.02,3.13559,3.13559,0,0.587546,4.47552,4.43944e+06,3.03805e+06,1.39203e+07,0,0,0,0,80.8192,79.791,4.17002,0,0,1.4483,1.4483,0,1.11883,2.1168,9.22605e+06,4.06077e+06,1.33621e+07,0,0,0,0
67.0914,85.139,5.58093,0.02,0.02,3.13593,3.13593,0,0.58761,4.47552,4.43944e+06,3.03805e+06,1.39218e+07,0,0,0,0,80.8192,79.791,4.34921,0,0,1.44846,1.44846,0,1.11895,2.1168,9.22605e+06,4.06077e+06,1.33635e+07,0,0,0,0
67.8915,85.139,4.23304,0.02,0.02,3.13627,3.13627,0,0.587674,4.47552,4.43944e+06,3.03805e+06,1.39233e+07,0,0,0,0,80.8192,79.791,3.3353,0,0,1.44861,1.44861,0,1.11908,2.1168,9.22605e+06,4.06077e+06,1.3365e+07,0,0,0,0
74.1729,85.139,9.5369,0.02,0.02,2.73903,2.73903,0,0.587738,4.47552,4.43944e+06,3.03805e+06,1.21598e+07,0,0,0,0,80.8192,79.791,7.07976,0,0,1.24422,1.24422,0,1.1192,2.1168,9.22605e+06,4.06077e+06,1.14792e+07,0,0,0,0
82.3101,85.139,11.59,0.01,0.02,2.73933,2.73933,0,0.513294,4.47552,4.43944e+06,3.03805e+06,1.21611e+07,0,0,0,0,80.8192,79.791,8.09187,0,0,1.24435,1.24435,0,0.961283,2.1168,9.22605e+06,4.06077e+06,1.14805e+07,0,0,0,0
85.139,85.139,9.47246,0,0.02,2.73963,2.73963,0,0.51335,4.47552,4.43944e+06,3.03805e+06,1.21624e+07,0,0,0,0,80.8192,79.791,6.98572,0,0,1.24449,1.24449,0,0.961388,2.1168,9.22605e+06,4.06077e+06,1.14817e+07,0,0,0,0
85.139,85.139,8.6009,0,0.02,2.73993,2.73993,0,0.513406,4.47552,4.43944e+06,3.03805e+06,1.21637e+07,0,0,0,0,80.8192,79.791,7.1454,0,0,1.24463,1.24463,0,0.961493,2.1168,9.22605e+06,4.06077e+06,1.1483e+07,0,0,0,0
85.139,85.139,12.6088,0,0.02,2.74023,2.74023,0,0.513462,4.47552,4.43944e+06,3.03805e+06,1.21651e+07,0,0,0,0,80.8192,79.791,8.33322,0,0,1.24476,1.24476,0,0.961598,2.1168,9.22605e+06,4.06077e+06,1.14842e+07,0,0,0,0
85.139,85.139,10.9547,0,0.02,2.84066,2.84066,0,0.513518,4.47552,4.43944e+06,3.03805e+06,1.26109e+07,0,0,0,0,80.8192,79.791,8.80492,0,0,1.29497,1.29497,0,0.961703,2.1168,9.22605e+06,4.06077e+06,1.19474e+07,0,0,0,0
85.139,85.139,12.2342,0,0.02,2.84097,2.84097,0,0.532339,4.47552,4.43944e+06,3.03805e+06,1.26123e+07,0,0,0,0,80.8192,79.791,7.89763,0,0,1.29511,1.29511,0,1.00049,2.1168,9.22605e+06,4.06077e+06,1.19487e+07,0,0,0,0
85.139,85.139,9.98925,0,0.02,2.84128,2.84128,0,0.532398,4.47552,4.43944e+06,3.03805e+06,1.26137e+07,0,0,0,0,80.8192,79.791,7.75796,0,0,1.29525,1.29525,0,1.0006,2.1168,9.22605e+06,4.06077e+06,1.195e+07,0,0,0,0
85.139,85.139,8.02318,0,0.02,2.84159,2.84159,0,0.532456,4.47552,4.43944e+06,3.03805e+06,1.26151e+07,0,0,0,0,80.8192,79.791,5.17194,0,0,1.29539,1.29539,0,1.00071,2.1168,9.22605e+06,4.06077e+06,1.19513e+07,0,0,0,0
85.139,85.139,6.32376,0,0.02,2.80273,2.80273,0,0.532514,4.47552,4.43944e+06,3.03805e+06,1.24425e+07,0,0,0,0,80.8192,79.791,4.02405,0,0,1.27608,1.27608,0,1.00082,2.1168,9.22605e+06,4.06077e+06,1.17732e+07,0,0,0,0
85.139,85.139,4.84821,0,0.02,2.80304,2.80304,0,0.525232,4.47552,4.43944e+06,3.03805e+06,1.24439e+07,0,0,0,0,80.8192,79.791,3.34897,0,0,1.27622,1.27622,0,0.985897,2.1168,9.22605e+06,4.06077e+06,1.17744e+07,0,0,0,0
85.139,85.139,5.78095,0,0.02,2.80334,2.80334,0,0.525289,4.47552,4.43944e+06,3.03805e+06,1.24453e+07,0,0,0,0,80.8192,79.791,3.55491,0,0,1.27636,1.27636,0,0.986004,2.1168,9.22605e+06,4.06077e+06,1.17757e+07,0,0,0,0
85.139,85.139,4.94173,0,0.02,2.80365,2.80365,0,0.525346,4.47552,4.43944e+06,3.03805e+06,1.24466e+07,0,0,0,0,80.8192,79.791,3.35481,0,0,1.27649,1.27649,0,0.986112,2.1168,9.22605e+06,4.06077e+06,1.1777e+07,0,0,0,0
85.139,85.139,4.40967,0,0.02,2.93697,2.93697,0,0.525404,4.47552,4.43944e+06,3.03805e+06,1.30385e+07,0,0,0,0,80.8192,79.791,3.19331,0,0,1.34566,1.34566,0,0.98622,2.1168,9.22605e+06,4.06077e+06,1.24151e+07,0,0,0,0
85.139,85.139,3.83876,0,0.02,2.93729,2.93729,0,0.550387,4.47552,4.43944e+06,3.03805e+06,1.30399e+07,0,0,0,0,80.8192,79.791,2.44707,0,0,1.3458,1.3458,0,1.03965,2.1168,9.22605e+06,4.06077e+06,1.24164e+07,0,0,0,0
85.139,85.139,3.6042,0,0.02,2.93761,2.93761,0,0.550447,4.47552,4.43944e+06,3.03805e+06,1.30413e+07,0,0,0,0,80.8192,79.791,2.25888,0,0,1.34595,1.34595,0,1.03977,2.1168,9.22605e+06,4.06077e+06,1.24178e+07,0,0,0,0
85.139,85.139,3.29876,0,0.02,2.93793,2.93793,0,0.550508,4.47552,4.43944e+06,3.03805e+06,1.30427e+07,0,0,0,0,80.7903,79.791,2.05468,0,0,1.3461,1.3461,0,1.03988,2.1168,9.22605e+06,4.06077e+06,1.24192e+07,0,0,0,0
85.0622,85.139,3.05852,0,0.02,2.93825,2.93825,0,0.550568,4.47552,4.43944e+06,3.03805e+06,1.30442e+07,0,0,0,0,80.7661,79.791,1.97743,0,0,1.34624,1.34624,0,1.03999,2.1168,9.22605e+06,4.06077e+06,1.24205e+07,0,0,0,0
84.5604,85.139,2.59909,0,0.02,2.91225,2.91225,0,0.550628,4.47552,4.43944e+06,3.03805e+06,1.29287e+07,0,0,0,0,80.8089,79.791,2.0095,0,0,1.38435,1.38435,0,1.04011,2.1168,9.22605e+06,4.06077e+06,1.2772e+07,0,0,0,0
83.7384,85.139,2.27324,0,0.02,2.91257,2.91257,0,0.545756,4.47552,4.43944e+06,3.03805e+06,1.29302e+07,0,0,0,0,80.6911,79.791,2.07063,0,0,1.3845,1.3845,0,1.06955,2.1168,9.22605e+06,4.06077e+06,1.27734e+07,0,0,0,0
82.7363,85.139,2.08082,0,0.02,2.91289,2.91289,0,0.545815,4.47552,4.43944e+06,3.03805e+06,1.29316e+07,0,0,0,0,80.6209,79.791,1.82933,0,0,1.38465,1.38465,0,1.06966,2.1168,9.22605e+06,4.06077e+06,1.27748e+07,0,0,0,0
81.6008,85.139,1.9106,0,0.02,2.9132,2.9132,0,0.545875,4.47552,4.43944e+06,3.03805e+06,1.2933e+07,0,0,0,0,80.3791,79.791,1.79573,0,0,1.3848,1.3848,0,1.06978,2.1168,9.22605e+06,4.06077e+06,1.27762e+07,0,0,0,0
80.2601,85.139,1.72505,0,0.02,2.98152,2.98152,0,0.545934,4.47552,4.43944e+06,3.03805e+06,1.32363e+07,0,0,0,0,80.0755,79.791,1.62839,0,0,1.41879,1.41879,0,1.0699,2.1168,9.22605e+06,4.06077e+06,1.30899e+07,0,0,0,0
78.8922,85.139,1.69555,0,0.02,2.98184,2.98184,0,0.558736,4.47552,4.43944e+06,3.03805e+06,1.32377e+07,0,0,0,0,79.905,79.791,1.72687,0,0,1.41895,1.41895,0,1.09616,2.1168,9.22605e+06,4.06077e+06,1.30913e+07,0,0,0,0
77.4235,85.139,1.57032,0,0.02,2.98217,2.98217,0,0.558797,4.47552,4.43944e+06,3.03805e+06,1.32391e+07,0,0,0,0,79.5355,79.791,1.74821,0,0,1.4191,1.4191,0,1.09628,2.1168,9.22605e+06,4.06077e+06,1.30927e+07,0,0,0,0
75.8527,85.139,1.45477,0,0.02,2.98249,2.98249,0,0.558858,4.47552,4.43944e+06,3.03805e+06,1.32406e+07,0,0,0,0,79.3008,79.791,1.55648,0,0,1.41926,1.41926,0,1.0964,2.1168,9.22605e+06,4.06077e+06,1.30941e+07,0,0,0,0
74.1627,85.139,1.4813,0.01,0.02,3.18203,3.18203,0,0.558919,4.47552,4.43944e+06,3.03805e+06,1.41264e+07,0,0,0,0,78.6088,79.791,1.76638,0,0,1.54162,1.54162,0,1.09652,2.1168,9.22605e+06,4.06077e+06,1.4223e+07,0,0,0,0
72.3916,85.139,1.34989,0.01,0.02,3.18238,3.18238,0,0.596312,4.47552,4.43944e+06,3.03805e+06,1.4128e+07,0,0,0,0,78.1989,79.791,1.35726,0,0,1.54179,1.54179,0,1.19105,2.1168,9.22605e+06,4.06077e+06,1.42246e+07,0,0,0,0
70.5233,85.139,1.23519,0.01,0.02,3.18272,3.18272,0,0.596377,4.47552,4.43944e+06,3.03805e+06,1.41295e+07,0,0,0,0,77.9011,79.791,1.58208,0,0,1.54195,1.54195,0,1.19118,2.1168,9.22605e+06,4.06077e+06,1.42262e+07,0,0,0,0
68.6012,85.139,1.16765,0.01,0.02,3.18307,3.18307,0,0.596443,4.47552,4.43944e+06,3.03805e+06,1.4131e+07,0,0,0,0,77.5322,79.791,1.70101,0,0,1.54212,1.54212,0,1.19131,2.1168,9.22605e+06,4.06077e+06,1.42277e+07,0,0,0,0
66.6673,85.139,1.13446,0.01,0.02,3.18342,3.18342,0,0.596508,4.47552,4.43944e+06,3.03805e+06,1.41326e+07,0,0,0,0,76.8426,79.791,1.68449,0,0,1.54229,1.54229,0,1.19144,2.1168,9.22605e+06,4.06077e+06,1.42293e+07,0,0,0,0
64.7678,85.139,1.07094,0.02,0.02,3.08663,3.08663,0,0.596573,4.47552,4.43944e+06,3.03805e+06,1.37029e+07,0,0,0,0,76.0105,79.791,1.3261,0,0,1.46825,1.46825,0,1.19157,2.1168,9.22605e+06,4.06077e+06,1.35461e+07,0,0,0,0
62.9387,85.139,1.12297,0.02,0.02,3.08696,3.08696,0,0.578434,4.47552,4.43944e+06,3.03805e+06,1.37044e+07,0,0,0,0,75.2312,79.791,1.11515,0,0,1.46841,1.46841,0,1.13437,2.1168,9.22605e+06,4.06077e+06,1.35476e+07,0,0,0,0
61.3141,85.139,1.34385,0.02,0.02,3.0873,3.0873,0,0.578497,4.47552,4.43944e+06,3.03805e+06,1.37059e+07,0,0,0,0,74.9657,79.791,1.09295,0,0,1.46857,1.46857,0,1.13449,2.1168,9.22605e+06,4.06077e+06,1.35491e+07,0,0,0,0
60.3978,85.139,2.08432,0.02,0.02,3.08764,3.08764,0,0.57856,4.47552,4.43944e+06,3.03805e+06,1.37074e+07,0,0,0,0,74.6033,79.791,1.90625,0,0,1.46873,1.46873,0,1.13461,2.1168,9.22605e+06,4.06077e+06,1.35505e+07,0,0,0,0
59.4291,85.139,2.0168,0.02,0.02,3.0082,3.0082,0,0.578623,4.47552,4.43944e+06,3.03805e+06,1.33547e+07,0,0,0,0,74.3244,79.791,1.53158,0,0,1.4013,1.4013,0,1.13474,2.1168,9.22605e+06,4.06077e+06,1.29285e+07,0,0,0,0
60.1128,85.139,3.68214,0.02,0.02,3.00853,3.00853,0,0.563738,4.47552,4.43944e+06,3.03805e+06,1.33562e+07,0,0,0,0,74.7202,79.791,1.91219,0,0,1.40146,1.40146,0,1.08265,2.1168,9.22605e+06,4.06077e+06,1.29299e+07,0,0,0,0
60.1228,85.139,3.00398,0.02,0.02,3.00886,3.00886,0,0.563799,4.47552,4.43944e+06,3.03805e+06,1.33576e+07,0,0,0,0,74.8765,79.791,2.60848,0,0,1.40161,1.40161,0,1.08276,2.1168,9.22605e+06,4.06077e+06,1.29313e+07,0,0,0,0
59.8395,85.139,2.7342,0.02,0.02,3.00919,3.00919,0,0.563861,4.47552,4.43944e+06,3.03805e+06,1.33591e+07,0,0,0,0,75.189,79.791,1.91924,0,0,1.40176,1.40176,0,1.08288,2.1168,9.22605e+06,4.06077e+06,1.29327e+07,0,0,0,0
65.8576,85.139,9.20486,0.02,0.02,2.78287,2.78287,0,0.563922,4.47552,4.43944e+06,3.03805e+06,1.23544e+07,0,0,0,0,75.8431,79.791,3.21505,0,0,1.2611,1.2611,0,1.083,2.1168,9.22605e+06,4.06077e+06,1.1635e+07,0,0,0,0
67.648,85.139,4.86787,0.02,0.02,2.78317,2.78317,0,0.521509,4.47552,4.43944e+06,3.03805e+06,1.23557e+07,0,0,0,0,76.462,79.791,3.17506,0,0,1.26124,1.26124,0,0.974324,2.1168,9.22605e+06,4.06077e+06,1.16362e+07,0,0,0,0
68.1808,85.139,3.57596,0.02,0.02,2.78348,2.78348,0,0.521566,4.47552,4.43944e+06,3.03805e+06,1.23571e+07,0,0,0,0,76.9077,79.791,2.64035,0,0,1.26137,1.26137,0,0.97443,2.1168,9.22605e+06,4.06077e+06,1.16375e+07,0,0,0,0
68.4759,85.139,3.32795,0.01,0.02,2.78378,2.78378,0,0.521623,4.47552,4.43944e+06,3.03805e+06,1.23584e+07,0,0,0,0,77.2679,79.791,3.03669,0,0,1.26151,1.26151,0,0.974537,2.1168,9.22605e+06,4.06077e+06,1.16388e+07,0,0,0,0
68.0672,85.139,2.59673,0.01,0.02,2.78408,2.78408,0,0.52168,4.47552,4.43944e+06,3.03805e+06,1.23598e+07,0,0,0,0,77.3059,79.791,1.81745,0,0,1.26165,1.26165,0,0.974643,2.1168,9.22605e+06,4.06077e+06,1.164e+07,0,0,0,0
68.87,85.139,3.8751,0.01,0.02,2.78408,2.78408,0,0.521737,4.47552,4.43944e+06,3.03805e+06,1.23598e+07,0,0,0,0,77.6157,79.791,2.45391,0,0,1.26165,1.26165,0,0.97475,2.1168,9.22605e+06,4.06077e+06,1.164e+07,0,0,0,0
70.2466,85.139,4.50716,0,0.02,2.87161,2.87161,0,0.521737,4.47552,4.43944e+06,3.03805e+06,1.27483e+07,0,0,0,0,78.2025,79.791,3.03422,0,0,1.30258,1.30258,0,0.97475,2.1168,9.22605e+06,4.06077e+06,1.20177e+07,0,0,0,0
72.87,85.139,5.78413,0,0.02,2.87191,2.87191,0,0.53814,4.47552,4.43944e+06,3.03805e+06,1.27496e+07,0,0,0,0,78.797,79.791,3.11679,0,0,1.30272,1.30272,0,1.00638,2.1168,9.22605e+06,4.06077e+06,1.20189e+07,0,0,0,0
72.8506,85.139,3.13288,0,0.02,2.8722,2.8722,0,0.538195,4.47552,4.43944e+06,3.03805e+06,1.2751e+07,0,0,0,0,79.4887,79.791,3.35664,0,0,1.30285,1.30285,0,1.00648,2.1168,9.22605e+06,4.06077e+06,1.20202e+07,0,0,0,0
73.1002,85.139,3.43009,0.01,0.02,2.8725,2.8725,0,0.538251,4.47552,4.43944e+06,3.03805e+06,1.27523e+07,0,0,0,0,80.1036,79.791,3.27661,0,0,1.30299,1.30299,0,1.00658,2.1168,9.22605e+06,4.06077e+06,1.20214e+07,0,0,0,0
71.4319,85.139,1.7227,0.01,0.02,3.153,3.153,0,0.538306,4.47552,4.43944e+06,3.03805e+06,1.39975e+07,0,0,0,0,80.7525,79.791,3.3706,0,0,1.45634,1.45634,0,1.00669,2.1168,9.22605e+06,4.06077e+06,1.34363e+07,0,0,0,0
73.6769,85.139,5.77734,0.01,0.02,3.15333,3.15333,0,0.590872,4.47552,4.43944e+06,3.03805e+06,1.3999e+07,0,0,0,0,80.8192,79.791,4.96746,0,0,1.45649,1.45649,0,1.12517,2.1168,9.22605e+06,4.06077e+06,1.34377e+07,0,0,0,0
73.1794,85.139,2.9471,0.01,0.02,3.15365,3.15365,0,0.590934,4.47552,4.43944e+06,3.03805e+06,1.40004e+07,0,0,0,0,80.7451,79.791,2.97834,0,0,1.45664,1.45664,0,1.12528,2.1168,9.22605e+06,4.06077e+06,1.3439e+07,0,0,0,0
72.3111,85.139,2.4919,0.01,0.02,3.15398,3.15398,0,0.590995,4.47552,4.43944e+06,3.03805e+06,1.40019e+07,0,0,0,0,80.8192,79.791,2.46651,0,0,1.45679,1.45679,0,1.1254,2.1168,9.22605e+06,4.06077e+06,1.34404e+07,0,0,0,0
74.7524,85.139,5.56293,0.01,0.02,2.75448,2.75448,0,0.591056,4.47552,4.43944e+06,3.03805e+06,1.22283e+07,0,0,0,0,80.8192,79.791,4.5137,0,0,1.25123,1.25123,0,1.12552,2.1168,9.22605e+06,4.06077e+06,1.1544e+07,0,0,0,0
77.3499,85.139,5.86473,0.01,0.02,2.75476,2.75476,0,0.516189,4.47552,4.43944e+06,3.03805e+06,1.22296e+07,0,0,0,0,80.8192,79.791,5.04361,0,0,1.25136,1.25136,0,0.966704,2.1168,9.22605e+06,4.06077e+06,1.15451e+07,0,0,0,0
79.1245,85.139,4.96505,0,0.02,2.75504,2.75504,0,0.516242,4.47552,4.43944e+06,3.03805e+06,1.22308e+07,0,0,0,0,80.8192,79.791,3.63839,0,0,1.25149,1.25149,0,0.966803,2.1168,9.22605e+06,4.06077e+06,1.15463e+07,0,0,0,0
81.3145,85.139,5.42389,0,0.02,2.75533,2.75533,0,0.516295,4.47552,4.43944e+06,3.03805e+06,1.22321e+07,0,0,0,0,80.8192,79.791,3.70756,0,0,1.25162,1.25162,0,0.966903,2.1168,9.22605e+06,4.06077e+06,1.15475e+07,0,0,0,0
82.4801,85.139,4.37897,0,0.02,2.75561,2.75561,0,0.516349,4.47552,4.43944e+06,3.03805e+06,1.22334e+07,0,0,0,0,80.8192,79.791,3.90281,0,0,1.25175,1.25175,0,0.967003,2.1168,9.22605e+06,4.06077e+06,1.15487e+07,0,0,0,0
83.7035,85.139,4.55399,0,0.02,2.85659,2.85659,0,0.516402,4.47552,4.43944e+06,3.03805e+06,1.26817e+07,0,0,0,0,80.8192,79.791,3.75545,0,0,1.30223,1.30223,0,0.967103,2.1168,9.22605e+06,4.06077e+06,1.20144e+07,0,0,0,0
84.0992,85.139,3.66183,0,0.02,2.85689,2.85689,0,0.535325,4.47552,4.43944e+06,3.03805e+06,1.2683e+07,0,0,0,0,80.8192,79.791,3.37829,0,0,1.30236,1.30236,0,1.0061,2.1168,9.22605e+06,4.06077e+06,1.20157e+07,0,0,0,0
84.6125,85.139,3.77409,0,0.02,2.85718,2.85718,0,0.535381,4.47552,4.43944e+06,3.03805e+06,1.26843e+07,0,0,0,0,80.8192,79.791,3.39024,0,0,1.3025,1.3025,0,1.00621,2.1168,9.22605e+06,4.06077e+06,1.20169e+07,0,0,0,0
84.9076,85.139,3.536,0,0.02,2.85748,2.85748,0,0.535436,4.47552,4.43944e+06,3.03805e+06,1.26856e+07,0,0,0,0,80.8192,79.791,3.16131,0,0,1.30263,1.30263,0,1.00631,2.1168,9.22605e+06,4.06077e+06,1.20182e+07,0,0,0,0
84.517,85.139,2.79619,0,0.02,2.81839,2.81839,0,0.535491,4.47552,4.43944e+06,3.03805e+06,1.2512e+07,0,0,0,0,80.8192,79.791,2.96341,0,0,1.2832,1.2832,0,1.00641,2.1168,9.22605e+06,4.06077e+06,1.18389e+07,0,0,0,0
84.0031,85.139,2.57367,0,0.02,2.81868,2.81868,0,0.528165,4.47552,4.43944e+06,3.03805e+06,1.25133e+07,0,0,0,0,80.8192,79.791,2.69344,0,0,1.28334,1.28334,0,0.991404,2.1168,9.22605e+06,4.06077e+06,1.18401e+07,0,0,0,0
83.4321,85.139,2.5091,0,0.02,2.81897,2.81897,0,0.52822,4.47552,4.43944e+06,3.03805e+06,1.25146e+07,0,0,0,0,80.8192,79.791,3.03768,0,0,1.28347,1.28347,0,0.991506,2.1168,9.22605e+06,4.06077e+06,1.18414e+07,0,0,0,0
82.8245,85.139,2.46473,0,0.02,2.81926,2.81926,0,0.528275,4.47552,4.43944e+06,3.03805e+06,1.25159e+07,0,0,0,0,80.8192,79.791,2.74934,0,0,1.2836,1.2836,0,0.991608,2.1168,9.22605e+06,4.06077e+06,1.18426e+07,0,0,0,0
81.6927,85.139,2.00763,0,0.02,2.9533,2.9533,0,0.528329,4.47552,4.43944e+06,3.03805e+06,1.3111e+07,0,0,0,0,80.8192,79.791,2.2681,0,0,1.35314,1.35314,0,0.991711,2.1168,9.22605e+06,4.06077e+06,1.24841e+07,0,0,0,0
80.489,85.139,1.9188,0,0.02,2.95361,2.95361,0,0.553449,4.47552,4.43944e+06,3.03805e+06,1.31123e+07,0,0,0,0,80.8192,79.791,2.2641,0,0,1.35328,1.35328,0,1.04544,2.1168,9.22605e+06,4.06077e+06,1.24854e+07,0,0,0,0
79.1714,85.139,1.79102,0,0.02,2.95391,2.95391,0,0.553506,4.47552,4.43944e+06,3.03805e+06,1.31137e+07,0,0,0,0,80.8192,79.791,2.08705,0,0,1.35342,1.35342,0,1.04554,2.1168,9.22605e+06,4.06077e+06,1.24867e+07,0,0,0,0
77.8026,85.139,1.68742,0,0.02,2.95422,2.95422,0,0.553563,4.47552,4.43944e+06,3.03805e+06,1.31151e+07,0,0,0,0,80.5786,79.791,2.0667,0,0,1.35356,1.35356,0,1.04565,2.1168,9.22605e+06,4.06077e+06,1.2488e+07,0,0,0,0
76.1649,85.139,1.36225,0,0.02,2.95452,2.95452,0,0.55362,4.47552,4.43944e+06,3.03805e+06,1.31164e+07,0,0,0,0,80.191,79.791,1.6904,0,0,1.3537,1.3537,0,1.04576,2.1168,9.22605e+06,4.06077e+06,1.24893e+07,0,0,0,0
74.2971,85.139,1.08531,0,0.02,2.92836,2.92836,0,0.553677,4.47552,4.43944e+06,3.03805e+06,1.30003e+07,0,0,0,0,79.8013,79.791,1.39583,0,0,1.392,1.392,0,1.04587,2.1168,9.22605e+06,4.06077e+06,1.28427e+07,0,0,0,0
72.351,85.139,0.993014,0,0.02,2.92866,2.92866,0,0.548775,4.47552,4.43944e+06,3.03805e+06,1.30016e+07,0,0,0,0,79.291,79.791,1.3899,0,0,1.39215,1.39215,0,1.07546,2.1168,9.22605e+06,4.06077e+06,1.2844e+07,0,0,0,0
70.3309,85.139,0.898044,0,0.02,2.92897,2.92897,0,0.548832,4.47552,4.43944e+06,3.03805e+06,1.3003e+07,0,0,0,0,78.7534,79.791,1.24657,0,0,1.39229,1.39229,0,1.07557,2.1168,9.22605e+06,4.06077e+06,1.28454e+07,0,0,0,0
68.3081,85.139,0.848202,0,0.02,2.92927,2.92927,0,0.548888,4.47552,4.43944e+06,3.03805e+06,1.30043e+07,0,0,0,0,78.0493,79.791,1.18774,0,0,1.39244,1.39244,0,1.07569,2.1168,9.22605e+06,4.06077e+06,1.28467e+07,0,0,0,0
66.2789,85.139,0.88358,0.01,0.02,2.99794,2.99794,0,0.548945,4.47552,4.43944e+06,3.03805e+06,1.33092e+07,0,0,0,0,77.4018,79.791,1.13035,0,0,1.42661,1.42661,0,1.0758,2.1168,9.22605e+06,4.06077e+06,1.3162e+07,0,0,0,0
64.2108,85.139,0.81809,0.02,0.02,2.99825,2.99825,0,0.561814,4.47552,4.43944e+06,3.03805e+06,1.33105e+07,0,0,0,0,76.6369,79.791,1.13044,0,0,1.42676,1.42676,0,1.1022,2.1168,9.22605e+06,4.06077e+06,1.31633e+07,0,0,0,0
62.1043,85.139,0.757966,0.02,0.02,2.99856,2.99856,0,0.561872,4.47552,4.43944e+06,3.03805e+06,1.33119e+07,0,0,0,0,75.948,79.791,1.00982,0,0,1.4269,1.4269,0,1.10231,2.1168,9.22605e+06,4.06077e+06,1.31647e+07,0,0,0,0
60.039,85.139,0.771651,0.02,0.02,2.99887,2.99887,0,0.56193,4.47552,4.43944e+06,3.03805e+06,1.33133e+07,0,0,0,0,75.1171,79.791,1.14295,0,0,1.42705,1.42705,0,1.10243,2.1168,9.22605e+06,4.06077e+06,1.3166e+07,0,0,0,0
57.6366,85.139,0.558759,0.02,0.02,3.19948,3.19948,0,0.561988,4.47552,4.43944e+06,3.03805e+06,1.42039e+07,0,0,0,0,74.0972,79.791,0.901798,0,0,1.55007,1.55007,0,1.10254,2.1168,9.22605e+06,4.06077e+06,1.43011e+07,0,0,0,0
54.6132,85.139,0.407196,0.02,0.02,3.19981,3.19981,0,0.599583,4.47552,4.43944e+06,3.03805e+06,1.42054e+07,0,0,0,0,73.0871,79.791,0.736158,0,0,1.55023,1.55023,0,1.19759,2.1168,9.22605e+06,4.06077e+06,1.43025e+07,0,0,0,0
51.5858,85.139,0.452443,0.02,0.02,3.20014,3.20014,0,0.599645,4.47552,4.43944e+06,3.03805e+06,1.42068e+07,0,0,0,0,72.1827,79.791,0.757905,0,0,1.55039,1.55039,0,1.19771,2.1168,9.22605e+06,4.06077e+06,1.4304e+07,0,0,0,0
50.444,85.139,0.725867,0.02,0.02,3.20047,3.20047,0,0.599707,4.47552,4.43944e+06,3.03805e+06,1.42083e+07,0,0,0,0,71.3271,79.791,0.918944,0,0,1.55055,1.55055,0,1.19783,2.1168,9.22605e+06,4.06077e+06,1.43055e+07,0,0,0,0
48.6299,85.139,1.03098,0.05,0.02,3.20081,3.20081,0,0.599769,4.47552,4.43944e+06,3.03805e+06,1.42098e+07,0,0,0,0,70.8449,79.791,1.01491,0,0,1.55071,1.55071,0,1.19796,2.1168,9.22605e+06,4.06077e+06,1.4307e+07,0,0,0,0
46.6358,85.139,0.725295,0.04,0.02,3.10347,3.10347,0,0.599831,4.47552,4.43944e+06,3.03805e+06,1.37776e+07,0,0,0,0,70.0994,79.791,1.35614,0,0,1.47625,1.47625,0,1.19808,2.1168,9.22605e+06,4.06077e+06,1.362e+07,0,0,0,0
44.588,85.139,0.64566,0.03,0.02,3.10379,3.10379,0,0.581589,4.47552,4.43944e+06,3.03805e+06,1.37791e+07,0,0,0,0,69.197,79.791,0.806577,0,0,1.47641,1.47641,0,1.14055,2.1168,9.22605e+06,4.06077e+06,1.36214e+07,0,0,0,0
42.449,85.139,0.550845,0.03,0.02,3.10411,3.10411,0,0.58165,4.47552,4.43944e+06,3.03805e+06,1.37805e+07,0,0,0,0,68.4499,79.791,0.735093,0,0,1.47656,1.47656,0,1.14067,2.1168,9.22605e+06,4.06077e+06,1.36228e+07,0,0,0,0
40.8171,85.139,1.177,0.07,0.02,3.10443,3.10443,0,0.58171,4.47552,4.43944e+06,3.03805e+06,1.37819e+07,0,0,0,0,68.3226,79.791,1.12648,0,0,1.47671,1.47671,0,1.14079,2.1168,9.22605e+06,4.06077e+06,1.36242e+07,0,0,0,0
39.9223,85.139,1.85646,0.07,0.02,3.02454,3.02454,0,0.58177,4.47552,4.43944e+06,3.03805e+06,1.34273e+07,0,0,0,0,68.5832,79.791,1.72252,0,0,1.40891,1.40891,0,1.14091,2.1168,9.22605e+06,4.06077e+06,1.29987e+07,0,0,0,0
39.3353,85.139,2.17194,0.07,0.02,3.02486,3.02486,0,0.5668,4.47552,4.43944e+06,3.03805e+06,1.34287e+07,0,0,0,0,69.1739,79.791,3.02185,0,0,1.40906,1.40906,0,1.08853,2.1168,9.22605e+06,4.06077e+06,1.30001e+07,0,0,0,0
38.1618,85.139,1.58615,0.07,0.02,3.02517,3.02517,0,0.566858,4.47552,4.43944e+06,3.03805e+06,1.343e+07,0,0,0,0,69.4224,79.791,2.10809,0,0,1.40921,1.40921,0,1.08864,2.1168,9.22605e+06,4.06077e+06,1.30014e+07,0,0,0,0
40.1862,85.139,5.0535,0.07,0.02,3.02548,3.02548,0,0.566917,4.47552,4.43944e+06,3.03805e+06,1.34314e+07,0,0,0,0,70.0048,79.791,3.42004,0,0,1.40935,1.40935,0,1.08875,2.1168,9.22605e+06,4.06077e+06,1.30027e+07,0,0,0,0
42.2463,85.139,4.80565,0.08,0.02,2.79792,2.79792,0,0.566975,4.47552,4.43944e+06,3.03805e+06,1.24212e+07,0,0,0,0,70.9115,79.791,3.91835,0,0,1.26792,1.26792,0,1.08886,2.1168,9.22605e+06,4.06077e+06,1.16979e+07,0,0,0,0
45.4576,85.139,6.06392,0.09,0.02,2.79821,2.79821,0,0.52433,4.47552,4.43944e+06,3.03805e+06,1.24225e+07,0,0,0,0,72.5087,79.791,5.0701,0,0,1.26805,1.26805,0,0.979593,2.1168,9.22605e+06,4.06077e+06,1.16991e+07,0,0,0,0
47.6794,85.139,5.23089,0.05,0.02,2.7985,2.7985,0,0.524384,4.47552,4.43944e+06,3.03805e+06,1.24237e+07,0,0,0,0,73.1677,79.791,3.3779,0,0,1.26818,1.26818,0,0.979694,2.1168,9.22605e+06,4.06077e+06,1.17003e+07,0,0,0,0
49.7433,85.139,5.04122,0.04,0.02,2.79879,2.79879,0,0.524438,4.47552,4.43944e+06,3.03805e+06,1.2425e+07,0,0,0,0,73.3962,79.791,2.06568,0,0,1.26831,1.26831,0,0.979796,2.1168,9.22605e+06,4.06077e+06,1.17015e+07,0,0,0,0
52.9558,85.139,6.39315,0.04,0.02,2.79907,2.79907,0,0.524492,4.47552,4.43944e+06,3.03805e+06,1.24263e+07,0,0,0,0,74.0466,79.791,3.25245,0,0,1.26844,1.26844,0,0.979897,2.1168,9.22605e+06,4.06077e+06,1.17027e+07,0,0,0,0
55.6782,85.139,5.94696,0.02,0.02,2.88705,2.88705,0,0.524547,4.47552,4.43944e+06,3.03805e+06,1.28169e+07,0,0,0,0,75.7095,79.791,5.51721,0,0,1.30959,1.30959,0,0.979998,2.1168,9.22605e+06,4.06077e+06,1.20823e+07,0,0,0,0
57.6873,85.139,5.162,0.02,0.02,2.88734,2.88734,0,0.541034,4.47552,4.43944e+06,3.03805e+06,1.28181e+07,0,0,0,0,77.1366,79.791,4.70819,0,0,1.30972,1.30972,0,1.01179,2.1168,9.22605e+06,4.06077e+06,1.20835e+07,0,0,0,0
60.1242,85.139,5.6714,0.02,0.02,2.88762,2.88762,0,0.541087,4.47552,4.43944e+06,3.03805e+06,1.28194e+07,0,0,0,0,78.1925,79.791,4.15258,0,0,1.30984,1.30984,0,1.01189,2.1168,9.22605e+06,4.06077e+06,1.20847e+07,0,0,0,0
61.5198,85.139,4.63391,0.02,0.02,2.8879,2.8879,0,0.541139,4.47552,4.43944e+06,3.03805e+06,1.28206e+07,0,0,0,0,79.1703,79.791,3.7981,0,0,1.30997,1.30997,0,1.01199,2.1168,9.22605e+06,4.06077e+06,1.20859e+07,0,0,0,0
65.2532,85.139,7.57013,0.02,0.02,3.16989,3.16989,0,0.541192,4.47552,4.43944e+06,3.03805e+06,1.40725e+07,0,0,0,0,80.8192,79.791,6.8117,0,0,1.46414,1.46414,0,1.01208,2.1168,9.22605e+06,4.06077e+06,1.35082e+07,0,0,0,0
66.9841,85.139,5.32277,0.02,0.02,3.17019,3.17019,0,0.594037,4.47552,4.43944e+06,3.03805e+06,1.40739e+07,0,0,0,0,80.8192,79.791,5.20431,0,0,1.46428,1.46428,0,1.13119,2.1168,9.22605e+06,4.06077e+06,1.35095e+07,0,0,0,0
67.76,85.139,4.26051,0.02,0.02,3.1705,3.1705,0,0.594094,4.47552,4.43944e+06,3.03805e+06,1.40752e+07,0,0,0,0,80.6248,79.791,3.44449,0,0,1.46442,1.46442,0,1.1313,2.1168,9.22605e+06,4.06077e+06,1.35108e+07,0,0,0,0
67.9837,85.139,3.64411,0.02,0.02,3.17081,3.17081,0,0.594152,4.47552,4.43944e+06,3.03805e+06,1.40766e+07,0,0,0,0,80.8192,79.791,2.88598,0,0,1.46457,1.46457,0,1.13141,2.1168,9.22605e+06,4.06077e+06,1.35122e+07,0,0,0,0
70.9002,85.139,6.23087,0.02,0.02,2.76916,2.76916,0,0.59421,4.47552,4.43944e+06,3.03805e+06,1.22935e+07,0,0,0,0,80.8192,79.791,6.79615,0,0,1.25791,1.25791,0,1.13152,2.1168,9.22605e+06,4.06077e+06,1.16055e+07,0,0,0,0
73.0745,85.139,5.52447,0.01,0.02,2.76943,2.76943,0,0.518941,4.47552,4.43944e+06,3.03805e+06,1.22947e+07,0,0,0,0,80.8192,79.791,4.80222,0,0,1.25803,1.25803,0,0.971857,2.1168,9.22605e+06,4.06077e+06,1.16066e+07,0,0,0,0
73.7002,85.139,3.9869,0.01,0.02,2.7697,2.7697,0,0.518991,4.47552,4.43944e+06,3.03805e+06,1.22959e+07,0,0,0,0,80.8192,79.791,4.0012,0,0,1.25815,1.25815,0,0.971952,2.1168,9.22605e+06,4.06077e+06,1.16078e+07,0,0,0,0
74.4458,85.139,4.00964,0.01,0.02,2.76997,2.76997,0,0.519042,4.47552,4.43944e+06,3.03805e+06,1.22971e+07,0,0,0,0,80.8192,79.791,3.24949,0,0,1.25827,1.25827,0,0.972047,2.1168,9.22605e+06,4.06077e+06,1.16089e+07,0,0,0,0
77.6369,85.139,6.68618,0.01,0.02,2.77024,2.77024,0,0.519092,4.47552,4.43944e+06,3.03805e+06,1.22983e+07,0,0,0,0,80.8192,79.791,5.01103,0,0,1.2584,1.2584,0,0.972141,2.1168,9.22605e+06,4.06077e+06,1.161e+07,0,0,0,0
80.5759,85.139,6.50616,0,0.02,2.87174,2.87174,0,0.519143,4.47552,4.43944e+06,3.03805e+06,1.27489e+07,0,0,0,0,80.8192,79.791,4.63419,0,0,1.30913,1.30913,0,0.972236,2.1168,9.22605e+06,4.06077e+06,1.20781e+07,0,0,0,0
81.9795,85.139,4.81727,0,0.02,2.87202,2.87202,0,0.538164,4.47552,4.43944e+06,3.03805e+06,1.27501e+07,0,0,0,0,80.8192,79.791,3.74691,0,0,1.30926,1.30926,0,1.01144,2.1168,9.22605e+06,4.06077e+06,1.20793e+07,0,0,0,0
82.767,85.139,4.16459,0,0.02,2.8723,2.8723,0,0.538216,4.47552,4.43944e+06,3.03805e+06,1.27514e+07,0,0,0,0,80.8192,79.791,3.53611,0,0,1.30939,1.30939,0,1.01154,2.1168,9.22605e+06,4.06077e+06,1.20805e+07,0,0,0,0
83.6195,85.139,4.17572,0,0.02,2.87258,2.87258,0,0.538269,4.47552,4.43944e+06,3.03805e+06,1.27526e+07,0,0,0,0,80.8192,79.791,3.33117,0,0,1.30952,1.30952,0,1.01163,2.1168,9.22605e+06,4.06077e+06,1.20817e+07,0,0,0,0
84.0445,85.139,3.69057,0,0.02,2.83326,2.83326,0,0.538321,4.47552,4.43944e+06,3.03805e+06,1.25781e+07,0,0,0,0,80.8192,79.791,3.91039,0,0,1.28998,1.28998,0,1.01173,2.1168,9.22605e+06,4.06077e+06,1.19014e+07,0,0,0,0
84.2541,85.139,3.46179,0,0.02,2.83354,2.83354,0,0.530953,4.47552,4.43944e+06,3.03805e+06,1.25793e+07,0,0,0,0,80.8192,79.791,3.26958,0,0,1.2901,1.2901,0,0.996637,2.1168,9.22605e+06,4.06077e+06,1.19026e+07,0,0,0,0
85.0689,85.139,4.06127,0,0.02,2.83381,2.83381,0,0.531005,4.47552,4.43944e+06,3.03805e+06,1.25805e+07,0,0,0,0,80.8192,79.791,3.42247,0,0,1.29023,1.29023,0,0.996734,2.1168,9.22605e+06,4.06077e+06,1.19037e+07,0,0,0,0
85.0294,85.139,3.06244,0,0.02,2.83409,2.83409,0,0.531057,4.47552,4.43944e+06,3.03805e+06,1.25818e+07,0,0,0,0,80.8192,79.791,3.1886,0,0,1.29035,1.29035,0,0.996831,2.1168,9.22605e+06,4.06077e+06,1.19049e+07,0,0,0,0
84.4945,85.139,2.69051,0,0.02,2.96882,2.96882,0,0.531108,4.47552,4.43944e+06,3.03805e+06,1.31799e+07,0,0,0,0,80.8192,79.791,3.09725,0,0,1.36025,1.36025,0,0.996928,2.1168,9.22605e+06,4.06077e+06,1.25497e+07,0,0,0,0
83.9509,85.139,2.60976,0,0.02,2.96911,2.96911,0,0.556357,4.47552,4.43944e+06,3.03805e+06,1.31812e+07,0,0,0,0,80.8192,79.791,3.03336,0,0,1.36038,1.36038,0,1.05093,2.1168,9.22605e+06,4.06077e+06,1.2551e+07,0,0,0,0
83.1394,85.139,2.31898,0,0.02,2.9694,2.9694,0,0.556411,4.47552,4.43944e+06,3.03805e+06,1.31825e+07,0,0,0,0,80.8192,79.791,2.54066,0,0,1.36052,1.36052,0,1.05103,2.1168,9.22605e+06,4.06077e+06,1.25522e+07,0,0,0,0
82.2534,85.139,2.22631,0,0.02,2.96969,2.96969,0,0.556465,4.47552,4.43944e+06,3.03805e+06,1.31837e+07,0,0,0,0,80.8192,79.791,2.24463,0,0,1.36065,1.36065,0,1.05113,2.1168,9.22605e+06,4.06077e+06,1.25534e+07,0,0,0,0
81.7708,85.139,2.63947,0,0.02,2.96998,2.96998,0,0.556519,4.47552,4.43944e+06,3.03805e+06,1.3185e+07,0,0,0,0,80.8192,79.791,2.85656,0,0,1.36078,1.36078,0,1.05124,2.1168,9.22605e+06,4.06077e+06,1.25546e+07,0,0,0,0
81.8514,85.139,3.20542,0,0.02,2.94366,2.94366,0,0.556574,4.47552,4.43944e+06,3.03805e+06,1.30682e+07,0,0,0,0,80.8192,79.791,3.73215,0,0,1.39928,1.39928,0,1.05134,2.1168,9.22605e+06,4.06077e+06,1.29098e+07,0,0,0,0
81.8026,85.139,3.05019,0,0.02,2.94395,2.94395,0,0.551643,4.47552,4.43944e+06,3.03805e+06,1.30695e+07,0,0,0,0,80.8192,79.791,3.64073,0,0,1.39942,1.39942,0,1.08108,2.1168,9.22605e+06,4.06077e+06,1.29111e+07,0,0,0,0
81.5777,85.139,2.86726,0,0.02,2.94424,2.94424,0,0.551696,4.47552,4.43944e+06,3.03805e+06,1.30708e+07,0,0,0,0,80.8192,79.791,3.66576,0,0,1.39955,1.39955,0,1.08119,2.1168,9.22605e+06,4.06077e+06,1.29123e+07,0,0,0,0
81.1424,85.139,2.64612,0,0.02,2.94452,2.94452,0,0.55175,4.47552,4.43944e+06,3.03805e+06,1.3072e+07,0,0,0,0,80.8192,79.791,3.46867,0,0,1.39969,1.39969,0,1.08129,2.1168,9.22605e+06,4.06077e+06,1.29136e+07,0,0,0,0
80.8145,85.139,2.80813,0,0.02,3.01354,3.01354,0,0.551804,4.47552,4.43944e+06,3.03805e+06,1.33784e+07,0,0,0,0,80.8192,79.791,3.16079,0,0,1.43403,1.43403,0,1.0814,2.1168,9.22605e+06,4.06077e+06,1.32304e+07,0,0,0,0
80.3507,85.139,2.65053,0,0.02,3.01383,3.01383,0,0.564737,4.47552,4.43944e+06,3.03805e+06,1.33797e+07,0,0,0,0,80.8192,79.791,3.21375,0,0,1.43417,1.43417,0,1.10793,2.1168,9.22605e+06,4.06077e+06,1.32317e+07,0,0,0,0
79.7267,85.139,2.48017,0,0.02,3.01412,3.01412,0,0.564792,4.47552,4.43944e+06,3.03805e+06,1.3381e+07,0,0,0,0,80.8192,79.791,2.94157,0,0,1.43431,1.43431,0,1.10804,2.1168,9.22605e+06,4.06077e+06,1.3233e+07,0,0,0,0
79.075,85.139,2.4385,0,0.02,3.01442,3.01442,0,0.564847,4.47552,4.43944e+06,3.03805e+06,1.33823e+07,0,0,0,0,80.8192,79.791,3.16619,0,0,1.43445,1.43445,0,1.10815,2.1168,9.22605e+06,4.06077e+06,1.32343e+07,0,0,0,0
78.6844,85.139,2.86314,0,0.02,3.21605,3.21605,0,0.564902,4.47552,4.43944e+06,3.03805e+06,1.42775e+07,0,0,0,0,80.8192,79.791,2.89099,0,0,1.5581,1.5581,0,1.10825,2.1168,9.22605e+06,4.06077e+06,1.43751e+07,0,0,0,0
78.3128,85.139,2.89645,0,0.02,3.21636,3.21636,0,0.602688,4.47552,4.43944e+06,3.03805e+06,1.42788e+07,0,0,0,0,80.8192,79.791,2.76821,0,0,1.55825,1.55825,0,1.20379,2.1168,9.22605e+06,4.06077e+06,1.43765e+07,0,0,0,0
77.7722,85.139,2.72128,0,0.02,3.21668,3.21668,0,0.602747,4.47552,4.43944e+06,3.03805e+06,1.42802e+07,0,0,0,0,80.8192,79.791,3.21354,0,0,1.5584,1.5584,0,1.20391,2.1168,9.22605e+06,4.06077e+06,1.43779e+07,0,0,0,0
77.1322,85.139,2.61045,0,0.02,3.21699,3.21699,0,0.602805,4.47552,4.43944e+06,3.03805e+06,1.42816e+07,0,0,0,0,80.8192,79.791,3.16028,0,0,1.55856,1.55856,0,1.20402,2.1168,9.22605e+06,4.06077e+06,1.43793e+07,0,0,0,0
76.4322,85.139,2.56703,0,0.02,3.2173,3.2173,0,0.602864,4.47552,4.43944e+06,3.03805e+06,1.4283e+07,0,0,0,0,80.8192,79.791,3.088,0,0,1.55871,1.55871,0,1.20414,2.1168,9.22605e+06,4.06077e+06,1.43807e+07,0,0,0,0
75.8921,85.139,2.6903,0.02,0.02,3.11944,3.11944,0,0.602923,4.47552,4.43944e+06,3.03805e+06,1.38486e+07,0,0,0,0,80.8192,79.791,3.03651,0,0,1.48386,1.48386,0,1.20426,2.1168,9.22605e+06,4.06077e+06,1.36901e+07,0,0,0,0
75.0049,85.139,2.32295,0.02,0.02,3.11975,3.11975,0,0.584584,4.47552,4.43944e+06,3.03805e+06,1.38499e+07,0,0,0,0,80.8192,79.791,4.73116,0,0,1.484,1.484,0,1.14643,2.1168,9.22605e+06,4.06077e+06,1.36915e+07,0,0,0,0
73.8316,85.139,2.03245,0.02,0.02,3.12005,3.12005,0,0.584641,4.47552,4.43944e+06,3.03805e+06,1.38513e+07,0,0,0,0,80.8192,79.791,2.75294,0,0,1.48414,1.48414,0,1.14654,2.1168,9.22605e+06,4.06077e+06,1.36928e+07,0,0,0,0
72.6154,85.139,1.97073,0.01,0.02,3.12036,3.12036,0,0.584698,4.47552,4.43944e+06,3.03805e+06,1.38526e+07,0,0,0,0,80.8192,79.791,2.54364,0,0,1.48429,1.48429,0,1.14665,2.1168,9.22605e+06,4.06077e+06,1.36941e+07,0,0,0,0
71.2468,85.139,1.84457,0.01,0.02,3.04005,3.04005,0,0.584755,4.47552,4.43944e+06,3.03805e+06,1.34961e+07,0,0,0,0,80.8192,79.791,2.69613,0,0,1.41614,1.41614,0,1.14676,2.1168,9.22605e+06,4.06077e+06,1.30653e+07,0,0,0,0
70.5842,85.139,2.54254,0.01,0.02,3.04034,3.04034,0,0.569705,4.47552,4.43944e+06,3.03805e+06,1.34974e+07,0,0,0,0,80.8192,79.791,4.63495,0,0,1.41627,1.41627,0,1.09411,2.1168,9.22605e+06,4.06077e+06,1.30666e+07,0,0,0,0
68.9976,85.139,1.60055,0.01,0.02,3.04064,3.04064,0,0.56976,4.47552,4.43944e+06,3.03805e+06,1.34987e+07,0,0,0,0,80.8192,79.791,3.56157,0,0,1.41641,1.41641,0,1.09421,2.1168,9.22605e+06,4.06077e+06,1.30679e+07,0,0,0,0
70.2879,85.139,4.71511,0.01,0.02,3.04093,3.04093,0,0.569816,4.47552,4.43944e+06,3.03805e+06,1.35e+07,0,0,0,0,80.8192,79.791,4.43036,0,0,1.41655,1.41655,0,1.09432,2.1168,9.22605e+06,4.06077e+06,1.30692e+07,0,0,0,0
70.7459,85.139,3.5712,0.01,0.02,2.81219,2.81219,0,0.569871,4.47552,4.43944e+06,3.03805e+06,1.24845e+07,0,0,0,0,80.8192,79.791,4.49935,0,0,1.27439,1.27439,0,1.09443,2.1168,9.22605e+06,4.06077e+06,1.17576e+07,0,0,0,0
71.1143,85.139,3.46684,0.01,0.02,2.81247,2.81247,0,0.527005,4.47552,4.43944e+06,3.03805e+06,1.24858e+07,0,0,0,0,80.8192,79.791,3.99067,0,0,1.27451,1.27451,0,0.984591,2.1168,9.22605e+06,4.06077e+06,1.17587e+07,0,0,0,0
71.9586,85.139,3.97392,0.01,0.02,2.81274,2.81274,0,0.527056,4.47552,4.43944e+06,3.03805e+06,1.2487e+07,0,0,0,0,80.8192,79.791,4.01714,0,0,1.27463,1.27463,0,0.984687,2.1168,9.22605e+06,4.06077e+06,1.17598e+07,0,0,0,0
73.9005,85.139,5.19341,0.01,0.02,2.81301,2.81301,0,0.527107,4.47552,4.43944e+06,3.03805e+06,1.24882e+07,0,0,0,0,80.8192,79.791,4.18441,0,0,1.27476,1.27476,0,0.984783,2.1168,9.22605e+06,4.06077e+06,1.1761e+07,0,0,0,0
76.1401,85.139,5.49907,0,0.02,2.81329,2.81329,0,0.527159,4.47552,4.43944e+06,3.03805e+06,1.24894e+07,0,0,0,0,80.8192,79.791,4.46253,0,0,1.27488,1.27488,0,0.984878,2.1168,9.22605e+06,4.06077e+06,1.17621e+07,0,0,0,0
81.7806,85.139,9.21342,0,0.02,2.9017,2.9017,0,0.52721,4.47552,4.43944e+06,3.03805e+06,1.28819e+07,0,0,0,0,80.8192,79.791,6.00201,0,0,1.31623,1.31623,0,0.984974,2.1168,9.22605e+06,4.06077e+06,1.21436e+07,0,0,0,0
85.139,85.139,8.93114,0,0.02,2.90196,2.90196,0,0.543778,4.47552,4.43944e+06,3.03805e+06,1.28831e+07,0,0,0,0,80.8192,79.791,5.12182,0,0,1.31635,1.31635,0,1.01692,2.1168,9.22605e+06,4.06077e+06,1.21447e+07,0,0,0,0
85.139,85.139,8.68791,0,0.02,2.90223,2.90223,0,0.543828,4.47552,4.43944e+06,3.03805e+06,1.28843e+07,0,0,0,0,80.8192,79.791,5.03206,0,0,1.31647,1.31647,0,1.01701,2.1168,9.22605e+06,4.06077e+06,1.21458e+07,0,0,0,0
85.139,85.139,8.72751,0,0.02,2.90249,2.90249,0,0.543878,4.47552,4.43944e+06,3.03805e+06,1.28854e+07,0,0,0,0,80.8192,79.791,6.69609,0,0,1.31659,1.31659,0,1.01711,2.1168,9.22605e+06,4.06077e+06,1.21469e+07,0,0,0,0
85.139,85.139,8.21096,0,0.02,3.18589,3.18589,0,0.543927,4.47552,4.43944e+06,3.03805e+06,1.41435e+07,0,0,0,0,80.8192,79.791,5.8102,0,0,1.47153,1.47153,0,1.0172,2.1168,9.22605e+06,4.06077e+06,1.35764e+07,0,0,0,0
85.139,85.139,8.67498,0,0.02,3.18618,3.18618,0,0.597035,4.47552,4.43944e+06,3.03805e+06,1.41448e+07,0,0,0,0,80.8192,79.791,5.95595,0,0,1.47166,1.47166,0,1.1369,2.1168,9.22605e+06,4.06077e+06,1.35776e+07,0,0,0,0
85.139,85.139,9.55642,0,0.02,3.18647,3.18647,0,0.59709,4.47552,4.43944e+06,3.03805e+06,1.41461e+07,0,0,0,0,80.8192,79.791,5.97657,0,0,1.4718,1.4718,0,1.13701,2.1168,9.22605e+06,4.06077e+06,1.35789e+07,0,0,0,0
85.139,85.139,8.85252,0,0.02,3.18676,3.18676,0,0.597145,4.47552,4.43944e+06,3.03805e+06,1.41474e+07,0,0,0,0,80.8192,79.791,5.25063,0,0,1.47193,1.47193,0,1.13711,2.1168,9.22605e+06,4.06077e+06,1.35801e+07,0,0,0,0
85.139,85.139,8.18214,0,0.02,2.78307,2.78307,0,0.597199,4.47552,4.43944e+06,3.03805e+06,1.23553e+07,0,0,0,0,80.8192,79.791,9.56032,0,0,1.26423,1.26423,0,1.13722,2.1168,9.22605e+06,4.06077e+06,1.16638e+07,0,0,0,0
85.139,85.139,7.05511,0,0.02,2.78333,2.78333,0,0.521548,4.47552,4.43944e+06,3.03805e+06,1.23564e+07,0,0,0,0,80.8192,79.791,8.4831,0,0,1.26434,1.26434,0,0.97674,2.1168,9.22605e+06,4.06077e+06,1.16649e+07,0,0,0,0
85.139,85.139,4.83639,0,0.02,2.78358,2.78358,0,0.521596,4.47552,4.43944e+06,3.03805e+06,1.23575e+07,0,0,0,0,80.8192,79.791,6.57356,0,0,1.26446,1.26446,0,0.97683,2.1168,9.22605e+06,4.06077e+06,1.16659e+07,0,0,0,0
85.139,85.139,6.4569,0,0.02,2.78384,2.78384,0,0.521643,4.47552,4.43944e+06,3.03805e+06,1.23587e+07,0,0,0,0,80.8192,79.791,7.74007,0,0,1.26457,1.26457,0,0.976919,2.1168,9.22605e+06,4.06077e+06,1.1667e+07,0,0,0,0
85.139,85.139,10.1924,0,0.02,2.78409,2.78409,0,0.521691,4.47552,4.43944e+06,3.03805e+06,1.23598e+07,0,0,0,0,80.8192,79.791,9.66154,0,0,1.26469,1.26469,0,0.977008,2.1168,9.22605e+06,4.06077e+06,1.16681e+07,0,0,0,0
85.139,85.139,10.4308,0,0.02,2.88608,2.88608,0,0.521739,4.47552,4.43944e+06,3.03805e+06,1.28126e+07,0,0,0,0,80.8192,79.791,8.262,0,0,1.31567,1.31567,0,0.977098,2.1168,9.22605e+06,4.06077e+06,1.21385e+07,0,0,0,0
85.139,85.139,8.12647,0,0.02,2.88634,2.88634,0,0.540852,4.47552,4.43944e+06,3.03805e+06,1.28137e+07,0,0,0,0,80.8192,79.791,6.56039,0,0,1.31579,1.31579,0,1.01649,2.1168,9.22605e+06,4.06077e+06,1.21396e+07,0,0,0,0
85.139,85.139,7.85398,0,0.02,2.88661,2.88661,0,0.540901,4.47552,4.43944e+06,3.03805e+06,1.28149e+07,0,0,0,0,80.8192,79.791,10.9645,0,0,1.31591,1.31591,0,1.01658,2.1168,9.22605e+06,4.06077e+06,1.21407e+07,0,0,0,0
85.139,85.139,6.45722,0,0.02,2.88687,2.88687,0,0.54095,4.47552,4.43944e+06,3.03805e+06,1.28161e+07,0,0,0,0,80.8192,79.791,4.99166,0,0,1.31603,1.31603,0,1.01667,2.1168,9.22605e+06,4.06077e+06,1.21418e+07,0,0,0,0
85.139,85.139,5.96182,0,0.02,2.84735,2.84735,0,0.541,4.47552,4.43944e+06,3.03805e+06,1.26406e+07,0,0,0,0,80.8192,79.791,4.17787,0,0,1.29639,1.29639,0,1.01677,2.1168,9.22605e+06,4.06077e+06,1.19606e+07,0,0,0,0
85.139,85.139,5.58186,0,0.02,2.84761,2.84761,0,0.533592,4.47552,4.43944e+06,3.03805e+06,1.26418e+07,0,0,0,0,80.8192,79.791,3.63637,0,0,1.29651,1.29651,0,1.00159,2.1168,9.22605e+06,4.06077e+06,1.19617e+07,0,0,0,0
85.139,85.139,5.10175,0,0.02,2.84787,2.84787,0,0.533641,4.47552,4.43944e+06,3.03805e+06,1.26429e+07,0,0,0,0,80.8192,79.791,3.4327,0,0,1.29663,1.29663,0,1.00168,2.1168,9.22605e+06,4.06077e+06,1.19627e+07,0,0,0,0
85.139,85.139,4.78817,0,0.02,2.84813,2.84813,0,0.53369,4.47552,4.43944e+06,3.03805e+06,1.26441e+07,0,0,0,0,80.8192,79.791,3.47996,0,0,1.29675,1.29675,0,1.00177,2.1168,9.22605e+06,4.06077e+06,1.19638e+07,0,0,0,0
85.139,85.139,5.03482,0,0.02,2.98351,2.98351,0,0.533739,4.47552,4.43944e+06,3.03805e+06,1.32451e+07,0,0,0,0,80.8192,79.791,3.19907,0,0,1.36698,1.36698,0,1.00187,2.1168,9.22605e+06,4.06077e+06,1.26118e+07,0,0,0,0
85.139,85.139,4.96879,0,0.02,2.98378,2.98378,0,0.559109,4.47552,4.43944e+06,3.03805e+06,1.32463e+07,0,0,0,0,80.8192,79.791,3.11859,0,0,1.3671,1.3671,0,1.05613,2.1168,9.22605e+06,4.06077e+06,1.2613e+07,0,0,0,0
85.139,85.139,4.71777,0,0.02,2.98405,2.98405,0,0.55916,4.47552,4.43944e+06,3.03805e+06,1.32475e+07,0,0,0,0,80.8192,79.791,3.22652,0,0,1.36723,1.36723,0,1.05622,2.1168,9.22605e+06,4.06077e+06,1.26141e+07,0,0,0,0
85.139,85.139,4.37863,0,0.02,2.98432,2.98432,0,0.559211,4.47552,4.43944e+06,3.03805e+06,1.32487e+07,0,0,0,0,80.8192,79.791,3.10296,0,0,1.36735,1.36735,0,1.05632,2.1168,9.22605e+06,4.06077e+06,1.26153e+07,0,0,0,0
85.139,85.139,3.91187,0,0.02,2.9846,2.9846,0,0.559262,4.47552,4.43944e+06,3.03805e+06,1.32499e+07,0,0,0,0,80.7679,79.791,2.81711,0,0,1.36748,1.36748,0,1.05642,2.1168,9.22605e+06,4.06077e+06,1.26164e+07,0,0,0,0
85.1377,85.139,3.12061,0,0.02,2.95814,2.95814,0,0.559314,4.47552,4.43944e+06,3.03805e+06,1.31325e+07,0,0,0,0,80.8192,79.791,2.05303,0,0,1.40616,1.40616,0,1.05651,2.1168,9.22605e+06,4.06077e+06,1.29733e+07,0,0,0,0
84.8715,85.139,2.85235,0,0.02,2.95841,2.95841,0,0.554355,4.47552,4.43944e+06,3.03805e+06,1.31337e+07,0,0,0,0,80.662,79.791,2.05776,0,0,1.40629,1.40629,0,1.0864,2.1168,9.22605e+06,4.06077e+06,1.29745e+07,0,0,0,0
84.34,85.139,2.57458,0,0.02,2.95868,2.95868,0,0.554406,4.47552,4.43944e+06,3.03805e+06,1.31349e+07,0,0,0,0,80.5767,79.791,1.84317,0,0,1.40642,1.40642,0,1.0865,2.1168,9.22605e+06,4.06077e+06,1.29757e+07,0,0,0,0
83.7286,85.139,2.45426,0,0.02,2.95895,2.95895,0,0.554456,4.47552,4.43944e+06,3.03805e+06,1.31361e+07,0,0,0,0,80.5445,79.791,1.79066,0,0,1.40654,1.40654,0,1.0866,2.1168,9.22605e+06,4.06077e+06,1.29769e+07,0,0,0,0
83.3677,85.139,2.75834,0,0.02,3.02828,3.02828,0,0.554507,4.47552,4.43944e+06,3.03805e+06,1.34439e+07,0,0,0,0,80.4569,79.791,1.96509,0,0,1.44105,1.44105,0,1.0867,2.1168,9.22605e+06,4.06077e+06,1.32952e+07,0,0,0,0
82.7654,85.139,2.51044,0,0.02,3.02856,3.02856,0,0.5675,4.47552,4.43944e+06,3.03805e+06,1.34451e+07,0,0,0,0,80.295,79.791,1.89878,0,0,1.44118,1.44118,0,1.11335,2.1168,9.22605e+06,4.06077e+06,1.32964e+07,0,0,0,0
81.9615,85.139,2.29821,0,0.02,3.02884,3.02884,0,0.567552,4.47552,4.43944e+06,3.03805e+06,1.34463e+07,0,0,0,0,80.1178,79.791,1.77834,0,0,1.44131,1.44131,0,1.11345,2.1168,9.22605e+06,4.06077e+06,1.32976e+07,0,0,0,0
80.8683,85.139,1.98283,0,0.02,3.02911,3.02911,0,0.567604,4.47552,4.43944e+06,3.03805e+06,1.34476e+07,0,0,0,0,79.8204,79.791,1.76443,0,0,1.44144,1.44144,0,1.11356,2.1168,9.22605e+06,4.06077e+06,1.32988e+07,0,0,0,0
79.506,85.139,1.88272,0,0.02,3.23171,3.23171,0,0.567656,4.47552,4.43944e+06,3.03805e+06,1.4347e+07,0,0,0,0,79.5064,79.791,1.58053,0,0,1.56569,1.56569,0,1.11366,2.1168,9.22605e+06,4.06077e+06,1.44451e+07,0,0,0,0
78.362,85.139,2.11495,0.01,0.02,3.23201,3.23201,0,0.605622,4.47552,4.43944e+06,3.03805e+06,1.43483e+07,0,0,0,0,78.8989,79.791,1.74033,0,0,1.56583,1.56583,0,1.20965,2.1168,9.22605e+06,4.06077e+06,1.44464e+07,0,0,0,0
76.8708,85.139,1.7504,0.01,0.02,3.2323,3.2323,0,0.605678,4.47552,4.43944e+06,3.03805e+06,1.43496e+07,0,0,0,0,78.7058,79.791,1.22762,0,0,1.56597,1.56597,0,1.20976,2.1168,9.22605e+06,4.06077e+06,1.44477e+07,0,0,0,0
75.7963,85.139,2.15355,0,0.02,3.2326,3.2326,0,0.605733,4.47552,4.43944e+06,3.03805e+06,1.43509e+07,0,0,0,0,78.6227,79.791,2.29445,0,0,1.56612,1.56612,0,1.20987,2.1168,9.22605e+06,4.06077e+06,1.44491e+07,0,0,0,0
74.4307,85.139,1.85101,0.02,0.02,3.23289,3.23289,0,0.605789,4.47552,4.43944e+06,3.03805e+06,1.43522e+07,0,0,0,0,78.6356,79.791,1.96924,0,0,1.56626,1.56626,0,1.20998,2.1168,9.22605e+06,4.06077e+06,1.44504e+07,0,0,0,0
73.2586,85.139,2.09835,0.02,0.02,3.13454,3.13454,0,0.605844,4.47552,4.43944e+06,3.03805e+06,1.39156e+07,0,0,0,0,78.8467,79.791,2.45679,0,0,1.49104,1.49104,0,1.21009,2.1168,9.22605e+06,4.06077e+06,1.37564e+07,0,0,0,0
71.7139,85.139,1.66932,0.02,0.02,3.13483,3.13483,0,0.587413,4.47552,4.43944e+06,3.03805e+06,1.39169e+07,0,0,0,0,78.8864,79.791,2.10419,0,0,1.49117,1.49117,0,1.15197,2.1168,9.22605e+06,4.06077e+06,1.37576e+07,0,0,0,0
70.608,85.139,2.08222,0.02,0.02,3.13511,3.13511,0,0.587467,4.47552,4.43944e+06,3.03805e+06,1.39181e+07,0,0,0,0,78.9324,79.791,2.2205,0,0,1.49131,1.49131,0,1.15208,2.1168,9.22605e+06,4.06077e+06,1.37589e+07,0,0,0,0
75.644,85.139,8.41998,0.02,0.02,3.1354,3.1354,0,0.58752,4.47552,4.43944e+06,3.03805e+06,1.39194e+07,0,0,0,0,79.8958,79.791,4.62304,0,0,1.49145,1.49145,0,1.15219,2.1168,9.22605e+06,4.06077e+06,1.37602e+07,0,0,0,0
77.6287,85.139,5.47296,0.01,0.02,3.05469,3.05469,0,0.587574,4.47552,4.43944e+06,3.03805e+06,1.35611e+07,0,0,0,0,80.8192,79.791,4.84071,0,0,1.42295,1.42295,0,1.15229,2.1168,9.22605e+06,4.06077e+06,1.31283e+07,0,0,0,0
77.2971,85.139,3.02491,0,0.02,3.05496,3.05496,0,0.572448,4.47552,4.43944e+06,3.03805e+06,1.35623e+07,0,0,0,0,80.8192,79.791,3.01963,0,0,1.42308,1.42308,0,1.09937,2.1168,9.22605e+06,4.06077e+06,1.31295e+07,0,0,0,0
77.2807,85.139,3.33939,0,0.02,3.05524,3.05524,0,0.5725,4.47552,4.43944e+06,3.03805e+06,1.35636e+07,0,0,0,0,80.8192,79.791,3.58786,0,0,1.42322,1.42322,0,1.09948,2.1168,9.22605e+06,4.06077e+06,1.31307e+07,0,0,0,0
78.1105,85.139,4.24334,0,0.02,3.05552,3.05552,0,0.572553,4.47552,4.43944e+06,3.03805e+06,1.35648e+07,0,0,0,0,80.8192,79.791,4.23812,0,0,1.42335,1.42335,0,1.09958,2.1168,9.22605e+06,4.06077e+06,1.31319e+07,0,0,0,0
79.009,85.139,4.10832,0,0.02,2.82567,2.82567,0,0.572605,4.47552,4.43944e+06,3.03805e+06,1.25444e+07,0,0,0,0,80.8192,79.791,4.44528,0,0,1.28049,1.28049,0,1.09968,2.1168,9.22605e+06,4.06077e+06,1.18139e+07,0,0,0,0
78.0888,85.139,2.22304,0,0.02,2.82592,2.82592,0,0.52953,4.47552,4.43944e+06,3.03805e+06,1.25455e+07,0,0,0,0,80.8192,79.791,3.10827,0,0,1.28061,1.28061,0,0.989308,2.1168,9.22605e+06,4.06077e+06,1.1815e+07,0,0,0,0
79.364,85.139,4.6391,0,0.02,2.82618,2.82618,0,0.529578,4.47552,4.43944e+06,3.03805e+06,1.25467e+07,0,0,0,0,80.8192,79.791,6.54598,0,0,1.28073,1.28073,0,0.989399,2.1168,9.22605e+06,4.06077e+06,1.1816e+07,0,0,0,0
84.8712,85.139,9.00859,0,0.02,2.82644,2.82644,0,0.529627,4.47552,4.43944e+06,3.03805e+06,1.25478e+07,0,0,0,0,80.8192,79.791,6.29528,0,0,1.28084,1.28084,0,0.989489,2.1168,9.22605e+06,4.06077e+06,1.18171e+07,0,0,0,0
85.139,85.139,4.91689,0,0.02,2.8267,2.8267,0,0.529675,4.47552,4.43944e+06,3.03805e+06,1.2549e+07,0,0,0,0,80.8192,79.791,5.0041,0,0,1.28096,1.28096,0,0.98958,2.1168,9.22605e+06,4.06077e+06,1.18182e+07,0,0,0,0
85.139,85.139,5.1874,0,0.02,2.91551,2.91551,0,0.529724,4.47552,4.43944e+06,3.03805e+06,1.29432e+07,0,0,0,0,80.8192,79.791,4.4378,0,0,1.3225,1.3225,0,0.98967,2.1168,9.22605e+06,4.06077e+06,1.22014e+07,0,0,0,0
85.139,85.139,5.3775,0,0.02,2.91576,2.91576,0,0.546367,4.47552,4.43944e+06,3.03805e+06,1.29443e+07,0,0,0,0,80.8192,79.791,5.76434,0,0,1.32261,1.32261,0,1.02176,2.1168,9.22605e+06,4.06077e+06,1.22025e+07,0,0,0,0
85.139,85.139,11.6869,0,0.02,2.91601,2.91601,0,0.546414,4.47552,4.43944e+06,3.03805e+06,1.29455e+07,0,0,0,0,80.8192,79.791,7.22084,0,0,1.32272,1.32272,0,1.02185,2.1168,9.22605e+06,4.06077e+06,1.22035e+07,0,0,0,0
85.139,85.139,8.64968,0,0.02,2.91626,2.91626,0,0.546461,4.47552,4.43944e+06,3.03805e+06,1.29466e+07,0,0,0,0,80.8192,79.791,5.94297,0,0,1.32284,1.32284,0,1.02194,2.1168,9.22605e+06,4.06077e+06,1.22046e+07,0,0,0,0
85.139,85.139,5.94968,0,0.02,3.20098,3.20098,0,0.546508,4.47552,4.43944e+06,3.03805e+06,1.42106e+07,0,0,0,0,80.8192,79.791,4.91076,0,0,1.4785,1.4785,0,1.02202,2.1168,9.22605e+06,4.06077e+06,1.36407e+07,0,0,0,0
85.139,85.139,5.48794,0,0.02,3.20126,3.20126,0,0.599864,4.47552,4.43944e+06,3.03805e+06,1.42118e+07,0,0,0,0,80.8192,79.791,4.79633,0,0,1.47863,1.47863,0,1.14229,2.1168,9.22605e+06,4.06077e+06,1.36419e+07,0,0,0,0
85.139,85.139,10.3326,0,0.02,3.20153,3.20153,0,0.599915,4.47552,4.43944e+06,3.03805e+06,1.4213e+07,0,0,0,0,80.8192,79.791,7.06764,0,0,1.47875,1.47875,0,1.14239,2.1168,9.22605e+06,4.06077e+06,1.36431e+07,0,0,0,0
85.139,85.139,5.51253,0,0.02,3.2018,3.2018,0,0.599967,4.47552,4.43944e+06,3.03805e+06,1.42142e+07,0,0,0,0,80.8192,79.791,4.21243,0,0,1.47888,1.47888,0,1.14249,2.1168,9.22605e+06,4.06077e+06,1.36442e+07,0,0,0,0
85.139,85.139,4.67341,0,0.02,2.79619,2.79619,0,0.600018,4.47552,4.43944e+06,3.03805e+06,1.24135e+07,0,0,0,0,80.8192,79.791,3.81597,0,0,1.27018,1.27018,0,1.14258,2.1168,9.22605e+06,4.06077e+06,1.17188e+07,0,0,0,0
85.139,85.139,5.00901,0,0.02,2.79643,2.79643,0,0.524007,4.47552,4.43944e+06,3.03805e+06,1.24146e+07,0,0,0,0,80.8192,79.791,3.68192,0,0,1.27029,1.27029,0,0.981345,2.1168,9.22605e+06,4.06077e+06,1.17198e+07,0,0,0,0
85.139,85.139,5.36282,0,0.02,2.79667,2.79667,0,0.524052,4.47552,4.43944e+06,3.03805e+06,1.24156e+07,0,0,0,0,80.8192,79.791,3.28129,0,0,1.2704,1.2704,0,0.981429,2.1168,9.22605e+06,4.06077e+06,1.17208e+07,0,0,0,0
85.139,85.139,5.46268,0,0.02,2.79691,2.79691,0,0.524096,4.47552,4.43944e+06,3.03805e+06,1.24167e+07,0,0,0,0,80.8192,79.791,3.73373,0,0,1.27051,1.27051,0,0.981513,2.1168,9.22605e+06,4.06077e+06,1.17218e+07,0,0,0,0
85.139,85.139,8.8388,0,0.02,2.79715,2.79715,0,0.524141,4.47552,4.43944e+06,3.03805e+06,1.24178e+07,0,0,0,0,80.8192,79.791,5.59494,0,0,1.27062,1.27062,0,0.981597,2.1168,9.22605e+06,4.06077e+06,1.17228e+07,0,0,0,0
85.139,85.139,4.78417,0,0.02,2.8996,2.8996,0,0.524186,4.47552,4.43944e+06,3.03805e+06,1.28726e+07,0,0,0,0,80.8192,79.791,3.68006,0,0,1.32184,1.32184,0,0.981681,2.1168,9.22605e+06,4.06077e+06,1.21953e+07,0,0,0,0
85.139,85.139,5.977,0,0.02,2.89985,2.89985,0,0.543385,4.47552,4.43944e+06,3.03805e+06,1.28737e+07,0,0,0,0,80.8192,79.791,4.8975,0,0,1.32195,1.32195,0,1.02125,2.1168,9.22605e+06,4.06077e+06,1.21964e+07,0,0,0,0
85.139,85.139,4.21265,0,0.02,2.9001,2.9001,0,0.543432,4.47552,4.43944e+06,3.03805e+06,1.28748e+07,0,0,0,0,80.8192,79.791,3.21466,0,0,1.32206,1.32206,0,1.02134,2.1168,9.22605e+06,4.06077e+06,1.21974e+07,0,0,0,0
85.139,85.139,3.76585,0,0.02,2.90034,2.90034,0,0.543478,4.47552,4.43944e+06,3.03805e+06,1.28759e+07,0,0,0,0,80.5963,79.791,2.75254,0,0,1.32217,1.32217,0,1.02142,2.1168,9.22605e+06,4.06077e+06,1.21985e+07,0,0,0,0
84.7599,85.139,2.86707,0,0.02,2.86062,2.86062,0,0.543525,4.47552,4.43944e+06,3.03805e+06,1.26995e+07,0,0,0,0,80.6002,79.791,2.25482,0,0,1.30243,1.30243,0,1.02151,2.1168,9.22605e+06,4.06077e+06,1.20163e+07,0,0,0,0
84.0243,85.139,2.47922,0,0.02,2.86086,2.86086,0,0.536079,4.47552,4.43944e+06,3.03805e+06,1.27006e+07,0,0,0,0,80.8014,79.791,2.21907,0,0,1.30254,1.30254,0,1.00626,2.1168,9.22605e+06,4.06077e+06,1.20173e+07,0,0,0,0
84.0333,85.139,3.23458,0,0.02,2.8611,2.8611,0,0.536125,4.47552,4.43944e+06,3.03805e+06,1.27017e+07,0,0,0,0,80.7593,79.791,2.36658,0,0,1.30265,1.30265,0,1.00634,2.1168,9.22605e+06,4.06077e+06,1.20184e+07,0,0,0,0
83.7709,85.139,2.9478,0,0.02,2.86135,2.86135,0,0.536171,4.47552,4.43944e+06,3.03805e+06,1.27028e+07,0,0,0,0,80.6871,79.791,2.29697,0,0,1.30277,1.30277,0,1.00643,2.1168,9.22605e+06,4.06077e+06,1.20194e+07,0,0,0,0
82.8351,85.139,2.31326,0,0.02,2.99734,2.99734,0,0.536217,4.47552,4.43944e+06,3.03805e+06,1.33065e+07,0,0,0,0,80.5954,79.791,2.1148,0,0,1.37332,1.37332,0,1.00652,2.1168,9.22605e+06,4.06077e+06,1.26703e+07,0,0,0,0
81.9971,85.139,2.38194,0,0.02,2.9976,2.9976,0,0.561701,4.47552,4.43944e+06,3.03805e+06,1.33076e+07,0,0,0,0,80.5564,79.791,1.92746,0,0,1.37344,1.37344,0,1.06103,2.1168,9.22605e+06,4.06077e+06,1.26714e+07,0,0,0,0
80.8864,85.139,2.08157,0,0.02,2.99785,2.99785,0,0.561749,4.47552,4.43944e+06,3.03805e+06,1.33088e+07,0,0,0,0,80.4119,79.791,1.80025,0,0,1.37355,1.37355,0,1.06112,2.1168,9.22605e+06,4.06077e+06,1.26725e+07,0,0,0,0
79.7114,85.139,1.95461,0,0.02,2.99811,2.99811,0,0.561798,4.47552,4.43944e+06,3.03805e+06,1.33099e+07,0,0,0,0,80.2044,79.791,1.72003,0,0,1.37367,1.37367,0,1.06121,2.1168,9.22605e+06,4.06077e+06,1.26736e+07,0,0,0,0
78.4686,85.139,1.88099,0,0.02,2.99837,2.99837,0,0.561846,4.47552,4.43944e+06,3.03805e+06,1.3311e+07,0,0,0,0,80.2777,79.791,1.70249,0,0,1.37379,1.37379,0,1.0613,2.1168,9.22605e+06,4.06077e+06,1.26746e+07,0,0,0,0
77.4515,85.139,2.08426,0,0.02,2.97177,2.97177,0,0.561894,4.47552,4.43944e+06,3.03805e+06,1.3193e+07,0,0,0,0,80.39,79.791,2.15856,0,0,1.41264,1.41264,0,1.06139,2.1168,9.22605e+06,4.06077e+06,1.30331e+07,0,0,0,0
76.326,85.139,1.96772,0,0.02,2.97202,2.97202,0,0.556909,4.47552,4.43944e+06,3.03805e+06,1.31941e+07,0,0,0,0,80.4668,79.791,2.03237,0,0,1.41276,1.41276,0,1.0914,2.1168,9.22605e+06,4.06077e+06,1.30342e+07,0,0,0,0
75.0446,85.139,1.80263,0.01,0.02,2.97227,2.97227,0,0.556956,4.47552,4.43944e+06,3.03805e+06,1.31952e+07,0,0,0,0,80.3774,79.791,2.02394,0,0,1.41288,1.41288,0,1.0915,2.1168,9.22605e+06,4.06077e+06,1.30353e+07,0,0,0,0
73.6137,85.139,1.63009,0.01,0.02,2.97253,2.97253,0,0.557004,4.47552,4.43944e+06,3.03805e+06,1.31963e+07,0,0,0,0,80.3175,79.791,1.81448,0,0,1.413,1.413,0,1.09159,2.1168,9.22605e+06,4.06077e+06,1.30364e+07,0,0,0,0
72.4188,85.139,1.89562,0.01,0.02,3.04216,3.04216,0,0.557052,4.47552,4.43944e+06,3.03805e+06,1.35055e+07,0,0,0,0,80.2632,79.791,1.95634,0,0,1.44765,1.44765,0,1.09168,2.1168,9.22605e+06,4.06077e+06,1.33561e+07,0,0,0,0
71.1306,85.139,1.78629,0.01,0.02,3.04242,3.04242,0,0.570101,4.47552,4.43944e+06,3.03805e+06,1.35066e+07,0,0,0,0,80.17,79.791,1.92563,0,0,1.44777,1.44777,0,1.11845,2.1168,9.22605e+06,4.06077e+06,1.33572e+07,0,0,0,0
69.7105,85.139,1.63622,0.01,0.02,3.04268,3.04268,0,0.57015,4.47552,4.43944e+06,3.03805e+06,1.35078e+07,0,0,0,0,80.0553,79.791,1.80868,0,0,1.4479,1.4479,0,1.11855,2.1168,9.22605e+06,4.06077e+06,1.33584e+07,0,0,0,0
68.101,85.139,1.41505,0.01,0.02,3.04294,3.04294,0,0.570199,4.47552,4.43944e+06,3.03805e+06,1.35089e+07,0,0,0,0,79.8792,79.791,1.79518,0,0,1.44802,1.44802,0,1.11865,2.1168,9.22605e+06,4.06077e+06,1.33595e+07,0,0,0,0
66.1772,85.139,1.24868,0.02,0.02,3.24644,3.24644,0,0.570247,4.47552,4.43944e+06,3.03805e+06,1.44124e+07,0,0,0,0,79.5304,79.791,1.70285,0,0,1.57283,1.57283,0,1.11874,2.1168,9.22605e+06,4.06077e+06,1.4511e+07,0,0,0,0
64.2257,85.139,1.17861,0.02,0.02,3.24672,3.24672,0,0.608384,4.47552,4.43944e+06,3.03805e+06,1.44136e+07,0,0,0,0,79.3342,79.791,1.5757,0,0,1.57296,1.57296,0,1.21516,2.1168,9.22605e+06,4.06077e+06,1.45122e+07,0,0,0,0
62.3662,85.139,1.27089,0.02,0.02,3.247,3.247,0,0.608436,4.47552,4.43944e+06,3.03805e+06,1.44148e+07,0,0,0,0,78.8556,79.791,1.9302,0,0,1.57309,1.57309,0,1.21527,2.1168,9.22605e+06,4.06077e+06,1.45135e+07,0,0,0,0
60.319,85.139,1.05461,0.02,0.02,3.24728,3.24728,0,0.608488,4.47552,4.43944e+06,3.03805e+06,1.44161e+07,0,0,0,0,78.7312,79.791,1.36411,0,0,1.57323,1.57323,0,1.21537,2.1168,9.22605e+06,4.06077e+06,1.45147e+07,0,0,0,0
58.5336,85.139,1.29013,0.02,0.02,3.24756,3.24756,0,0.60854,4.47552,4.43944e+06,3.03805e+06,1.44173e+07,0,0,0,0,78.1224,79.791,2.5376,0,0,1.57336,1.57336,0,1.21548,2.1168,9.22605e+06,4.06077e+06,1.45159e+07,0,0,0,0
56.2528,85.139,0.729403,0.03,0.02,3.14874,3.14874,0,0.608592,4.47552,4.43944e+06,3.03805e+06,1.39786e+07,0,0,0,0,77.6738,79.791,0.993314,0,0,1.49779,1.49779,0,1.21558,2.1168,9.22605e+06,4.06077e+06,1.38187e+07,0,0,0,0
54.2846,85.139,1.00193,0.03,0.02,3.14901,3.14901,0,0.590074,4.47552,4.43944e+06,3.03805e+06,1.39798e+07,0,0,0,0,77.0599,79.791,1.53717,0,0,1.49792,1.49792,0,1.15719,2.1168,9.22605e+06,4.06077e+06,1.38199e+07,0,0,0,0
51.9177,85.139,0.589561,0.02,0.02,3.14928,3.14928,0,0.590124,4.47552,4.43944e+06,3.03805e+06,1.3981e+07,0,0,0,0,76.1681,79.791,1.02418,0,0,1.49805,1.49805,0,1.15729,2.1168,9.22605e+06,4.06077e+06,1.38211e+07,0,0,0,0
49.5504,85.139,0.523256,0.02,0.02,3.14955,3.14955,0,0.590175,4.47552,4.43944e+06,3.03805e+06,1.39822e+07,0,0,0,0,75.4894,79.791,0.881408,0,0,1.49818,1.49818,0,1.15739,2.1168,9.22605e+06,4.06077e+06,1.38222e+07,0,0,0,0
47.4944,85.139,0.836093,0.03,0.02,3.06845,3.06845,0,0.590225,4.47552,4.43944e+06,3.03805e+06,1.36222e+07,0,0,0,0,74.7478,79.791,1.10357,0,0,1.42937,1.42937,0,1.15749,2.1168,9.22605e+06,4.06077e+06,1.31874e+07,0,0,0,0
45.4135,85.139,0.774837,0.03,0.02,3.06871,3.06871,0,0.575027,4.47552,4.43944e+06,3.03805e+06,1.36233e+07,0,0,0,0,74.6735,79.791,0.851819,0,0,1.42949,1.42949,0,1.10433,2.1168,9.22605e+06,4.06077e+06,1.31885e+07,0,0,0,0
43.7145,85.139,1.16961,0.03,0.02,3.06897,3.06897,0,0.575077,4.47552,4.43944e+06,3.03805e+06,1.36245e+07,0,0,0,0,74.7682,79.791,2.255,0,0,1.42961,1.42961,0,1.10442,2.1168,9.22605e+06,4.06077e+06,1.31897e+07,0,0,0,0
43.5461,85.139,2.85056,0.03,0.02,3.06924,3.06924,0,0.575126,4.47552,4.43944e+06,3.03805e+06,1.36257e+07,0,0,0,0,75.326,79.791,3.93501,0,0,1.42973,1.42973,0,1.10452,2.1168,9.22605e+06,4.06077e+06,1.31908e+07,0,0,0,0
42.1265,85.139,1.27064,0.05,0.02,2.83833,2.83833,0,0.575175,4.47552,4.43944e+06,3.03805e+06,1.26006e+07,0,0,0,0,75.6654,79.791,1.86349,0,0,1.28623,1.28623,0,1.10461,2.1168,9.22605e+06,4.06077e+06,1.18668e+07,0,0,0,0
40.6555,85.139,1.19795,0.1,0.02,2.83857,2.83857,0,0.531903,4.47552,4.43944e+06,3.03805e+06,1.26017e+07,0,0,0,0,75.8891,79.791,1.99961,0,0,1.28634,1.28634,0,0.993742,2.1168,9.22605e+06,4.06077e+06,1.18679e+07,0,0,0,0
39.6602,85.139,1.73155,0.09,0.02,2.83882,2.83882,0,0.531949,4.47552,4.43944e+06,3.03805e+06,1.26027e+07,0,0,0,0,76.3316,79.791,2.70063,0,0,1.28645,1.28645,0,0.993827,2.1168,9.22605e+06,4.06077e+06,1.18689e+07,0,0,0,0
38.6983,85.139,1.75488,0.09,0.02,2.83906,2.83906,0,0.531994,4.47552,4.43944e+06,3.03805e+06,1.26038e+07,0,0,0,0,76.7598,79.791,2.43609,0,0,1.28656,1.28656,0,0.993912,2.1168,9.22605e+06,4.06077e+06,1.18699e+07,0,0,0,0
38.1669,85.139,2.2353,0.09,0.02,2.8393,2.8393,0,0.53204,4.47552,4.43944e+06,3.03805e+06,1.26049e+07,0,0,0,0,77.4485,79.791,3.61159,0,0,1.28667,1.28667,0,0.993998,2.1168,9.22605e+06,4.06077e+06,1.18709e+07,0,0,0,0
39.1899,85.139,3.83007,0.11,0.02,2.8656,2.9285,0,0.532085,4.47552,4.43944e+06,3.03805e+06,1.27216e+07,0,0,0,0,77.9298,79.791,3.80329,0,0,1.29986,1.32839,0,0.994083,2.1168,9.22605e+06,4.06077e+06,1.19925e+07,0,0,0,0
40.4107,85.139,4.22868,0.11,0.02,2.86583,2.92873,0,0.537014,4.47552,4.43944e+06,3.03805e+06,1.27227e+07,0,0,0,0,78.5064,79.791,3.87062,0,1,1.29996,1.32849,0,1.00427,2.1168,9.22605e+06,4.06077e+06,1.19935e+07,0,0,0,0
40.8802,85.139,3.33386,0.11,0.02,2.86606,2.92896,0,0.537056,4.47552,4.43944e+06,3.03805e+06,1.27237e+07,0,0,0,0,78.7727,79.791,3.17272,0,1,1.30006,1.3286,0,1.00435,2.1168,9.22605e+06,4.06077e+06,1.19945e+07,0,0,0,0
40.9971,85.139,2.94611,0.11,0.02,2.86629,2.9292,0,0.537099,4.47552,4.43944e+06,3.03805e+06,1.27247e+07,0,0,0,0,78.9752,79.791,2.76017,0,1,1.30017,1.3287,0,1.00443,2.1168,9.22605e+06,4.06077e+06,1.19954e+07,0,0,0,0
41.6768,85.139,3.83117,0.12,0.02,3.14611,3.21516,0,0.537142,4.47552,4.43944e+06,3.03805e+06,1.39669e+07,0,0,0,0,79.0654,79.791,3.3076,0,1,1.45316,1.48505,0,1.00451,2.1168,9.22605e+06,4.06077e+06,1.34069e+07,0,0,0,0
43.64,85.139,5.21822,0.12,0.02,3.14636,3.21542,0,0.589581,4.47552,4.43944e+06,3.03805e+06,1.39681e+07,0,0,0,0,79.2475,79.791,3.5819,0,1,1.45327,1.48517,0,1.12271,2.1168,9.22605e+06,4.06077e+06,1.3408e+07,0,0,0,0
46.9844,85.139,6.60302,0.07,0.02,3.21567,3.21567,0,0.589628,4.47552,4.43944e+06,3.03805e+06,1.42758e+07,0,0,0,0,79.4698,79.791,4.32247,0,1,1.48529,1.48529,0,1.1228,2.1168,9.22605e+06,4.06077e+06,1.37033e+07,0,0,0,0
48.3823,85.139,4.69708,0.08,0.02,3.21593,3.21593,0,0.602617,4.47552,4.43944e+06,3.03805e+06,1.42769e+07,0,0,0,0,79.5864,79.791,3.49484,0,1,1.48541,1.48541,0,1.14753,2.1168,9.22605e+06,4.06077e+06,1.37044e+07,0,0,0,0
51.4182,85.139,6.13195,0.09,0.02,2.80851,2.80851,0,0.602665,4.47552,4.43944e+06,3.03805e+06,1.24682e+07,0,0,0,0,80.1809,79.791,4.27286,0,1,1.27578,1.27578,0,1.14762,2.1168,9.22605e+06,4.06077e+06,1.17704e+07,0,0,0,0
54.2381,85.139,5.90698,0.04,0.02,2.80874,2.80874,0,0.526316,4.47552,4.43944e+06,3.03805e+06,1.24692e+07,0,0,0,0,80.8192,79.791,4.26586,0,1,1.27588,1.27588,0,0.985669,2.1168,9.22605e+06,4.06077e+06,1.17714e+07,0,0,0,0
58.0861,85.139,7.06701,0.06,0.02,2.80896,2.80896,0,0.526358,4.47552,4.43944e+06,3.03805e+06,1.24702e+07,0,0,0,0,80.8192,79.791,5.17725,0,1,1.27599,1.27599,0,0.985748,2.1168,9.22605e+06,4.06077e+06,1.17723e+07,0,0,0,0
64.9565,85.139,10.3548,0.06,0.02,2.80919,2.80919,0,0.5264,4.47552,4.43944e+06,3.03805e+06,1.24712e+07,0,0,0,0,80.8192,79.791,9.75952,0,1,1.27609,1.27609,0,0.985826,2.1168,9.22605e+06,4.06077e+06,1.17732e+07,0,0,0,0
68.9353,85.139,7.43071,0.02,0.02,2.80941,2.80941,0,0.526442,4.47552,4.43944e+06,3.03805e+06,1.24722e+07,0,0,0,0,80.8192,79.791,6.01751,0,1,1.27619,1.27619,0,0.985905,2.1168,9.22605e+06,4.06077e+06,1.17742e+07,0,0,0,0
75.8075,85.139,10.5786,0.01,0.02,2.91229,2.91229,0,0.526484,4.47552,4.43944e+06,3.03805e+06,1.29289e+07,0,0,0,0,80.8192,79.791,7.65259,0,1,1.32762,1.32762,0,0.985984,2.1168,9.22605e+06,4.06077e+06,1.22487e+07,0,0,0,0
82.7981,85.139,10.7624,0.01,0.02,2.91253,2.91253,0,0.545764,4.47552,4.43944e+06,3.03805e+06,1.293e+07,0,0,0,0,80.8192,79.791,6.67055,0,1,1.32773,1.32773,0,1.02572,2.1168,9.22605e+06,4.06077e+06,1.22497e+07,0,0,0,0
85.139,85.139,8.52533,0,0.02,2.91276,2.91276,0,0.545807,4.47552,4.43944e+06,3.03805e+06,1.2931e+07,0,0,0,0,80.8192,79.791,5.61047,0,1,1.32783,1.32783,0,1.0258,2.1168,9.22605e+06,4.06077e+06,1.22507e+07,0,0,0,0
85.139,85.139,7.54111,0,0.02,2.91299,2.91299,0,0.545851,4.47552,4.43944e+06,3.03805e+06,1.2932e+07,0,0,0,0,80.8192,79.791,5.24125,0,1,1.32794,1.32794,0,1.02588,2.1168,9.22605e+06,4.06077e+06,1.22516e+07,0,0,0,0
85.139,85.139,6.69675,0,0.02,2.87307,2.87307,0,0.545894,4.47552,4.43944e+06,3.03805e+06,1.27548e+07,0,0,0,0,80.8192,79.791,4.48831,0,1,1.3081,1.3081,0,1.02597,2.1168,9.22605e+06,4.06077e+06,1.20686e+07,0,0,0,0
85.139,85.139,6.91667,0,0.02,2.8733,2.8733,0,0.538414,4.47552,4.43944e+06,3.03805e+06,1.27558e+07,0,0,0,0,80.8192,79.791,4.79043,0,1,1.30821,1.30821,0,1.01064,2.1168,9.22605e+06,4.06077e+06,1.20696e+07,0,0,0,0
85.139,85.139,5.73055,0,0.02,2.87353,2.87353,0,0.538457,4.47552,4.43944e+06,3.03805e+06,1.27569e+07,0,0,0,0,80.8192,79.791,4.80058,0,1,1.30831,1.30831,0,1.01072,2.1168,9.22605e+06,4.06077e+06,1.20706e+07,0,0,0,0
85.139,85.139,5.09161,0,0.02,2.87376,2.87376,0,0.5385,4.47552,4.43944e+06,3.03805e+06,1.27579e+07,0,0,0,0,80.8192,79.791,4.48022,0,1,1.30842,1.30842,0,1.0108,2.1168,9.22605e+06,4.06077e+06,1.20715e+07,0,0,0,0
85.139,85.139,4.69553,0,0.02,3.01032,3.01032,0,0.538543,4.47552,4.43944e+06,3.03805e+06,1.33641e+07,0,0,0,0,80.8192,79.791,3.78265,0,1,1.37927,1.37927,0,1.01088,2.1168,9.22605e+06,4.06077e+06,1.27252e+07,0,0,0,0
85.139,85.139,4.09046,0,0.02,3.01056,3.01056,0,0.564134,4.47552,4.43944e+06,3.03805e+06,1.33652e+07,0,0,0,0,80.8192,79.791,2.94479,0,1,1.37938,1.37938,0,1.06562,2.1168,9.22605e+06,4.06077e+06,1.27262e+07,0,0,0,0
85.139,85.139,4.01652,0,0.02,3.0108,3.0108,0,0.564179,4.47552,4.43944e+06,3.03805e+06,1.33663e+07,0,0,0,0,80.8192,79.791,2.97863,0,1,1.37949,1.37949,0,1.06571,2.1168,9.22605e+06,4.06077e+06,1.27272e+07,0,0,0,0
85.139,85.139,3.60388,0,0.02,3.01104,3.01104,0,0.564224,4.47552,4.43944e+06,3.03805e+06,1.33673e+07,0,0,0,0,80.8192,79.791,3.03209,0,1,1.3796,1.3796,0,1.06579,2.1168,9.22605e+06,4.06077e+06,1.27282e+07,0,0,0,0
85.139,85.139,3.44156,0,0.02,3.01128,3.01128,0,0.564269,4.47552,4.43944e+06,3.03805e+06,1.33684e+07,0,0,0,0,80.8192,79.791,2.98953,0,1,1.37971,1.37971,0,1.06588,2.1168,9.22605e+06,4.06077e+06,1.27292e+07,0,0,0,0
84.9501,85.139,3.02284,0,0.02,2.98455,2.98455,0,0.564315,4.47552,4.43944e+06,3.03805e+06,1.32497e+07,0,0,0,0,80.8192,79.791,3.49967,0,1,1.41871,1.41871,0,1.06596,2.1168,9.22605e+06,4.06077e+06,1.30891e+07,0,0,0,0
84.5832,85.139,2.84359,0,0.02,2.98479,2.98479,0,0.559305,4.47552,4.43944e+06,3.03805e+06,1.32508e+07,0,0,0,0,80.8192,79.791,3.31289,0,1,1.41883,1.41883,0,1.0961,2.1168,9.22605e+06,4.06077e+06,1.30902e+07,0,0,0,0
83.9797,85.139,2.60087,0,0.02,2.98503,2.98503,0,0.55935,4.47552,4.43944e+06,3.03805e+06,1.32518e+07,0,0,0,0,80.8192,79.791,3.25589,0,1,1.41894,1.41894,0,1.09619,2.1168,9.22605e+06,4.06077e+06,1.30912e+07,0,0,0,0
83.1584,85.139,2.35729,0,0.02,2.98527,2.98527,0,0.559394,4.47552,4.43944e+06,3.03805e+06,1.32529e+07,0,0,0,0,80.8192,79.791,2.9392,0,1,1.41905,1.41905,0,1.09627,2.1168,9.22605e+06,4.06077e+06,1.30923e+07,0,0,0,0
82.1936,85.139,2.21186,0,0.02,3.05518,3.05518,0,0.559439,4.47552,4.43944e+06,3.03805e+06,1.35633e+07,0,0,0,0,80.792,79.791,2.78903,0,1,1.45385,1.45385,0,1.09636,2.1168,9.22605e+06,4.06077e+06,1.34133e+07,0,0,0,0
81.5657,85.139,2.58412,0,0.02,3.05542,3.05542,0,0.572541,4.47552,4.43944e+06,3.03805e+06,1.35644e+07,0,0,0,0,80.8192,79.791,3.39794,0,1,1.45396,1.45396,0,1.12324,2.1168,9.22605e+06,4.06077e+06,1.34143e+07,0,0,0,0
80.7272,85.139,2.33154,0,0.02,3.05567,3.05567,0,0.572586,4.47552,4.43944e+06,3.03805e+06,1.35654e+07,0,0,0,0,80.8192,79.791,3.2936,0,1,1.45408,1.45408,0,1.12333,2.1168,9.22605e+06,4.06077e+06,1.34154e+07,0,0,0,0
79.6974,85.139,2.12415,0,0.02,3.05591,3.05591,0,0.572632,4.47552,4.43944e+06,3.03805e+06,1.35665e+07,0,0,0,0,80.8139,79.791,2.84683,0,1,1.45419,1.45419,0,1.12342,2.1168,9.22605e+06,4.06077e+06,1.34165e+07,0,0,0,0
78.7195,85.139,2.3298,0,0.02,3.26026,3.26026,0,0.572678,4.47552,4.43944e+06,3.03805e+06,1.44737e+07,0,0,0,0,80.8192,79.791,3.62586,0,1,1.57952,1.57952,0,1.12351,2.1168,9.22605e+06,4.06077e+06,1.45727e+07,0,0,0,0
78.3637,85.139,2.9455,0.01,0.02,3.26052,3.26052,0,0.610973,4.47552,4.43944e+06,3.03805e+06,1.44749e+07,0,0,0,0,80.8192,79.791,4.099,0,1,1.57965,1.57965,0,1.22034,2.1168,9.22605e+06,4.06077e+06,1.45739e+07,0,0,0,0
77.3926,85.139,2.2917,0.01,0.02,3.26078,3.26078,0,0.611022,4.47552,4.43944e+06,3.03805e+06,1.4476e+07,0,0,0,0,80.7188,79.791,3.1672,0,1,1.57977,1.57977,0,1.22043,2.1168,9.22605e+06,4.06077e+06,1.45751e+07,0,0,0,0
75.8197,85.139,1.70862,0.01,0.02,3.26104,3.26104,0,0.611071,4.47552,4.43944e+06,3.03805e+06,1.44772e+07,0,0,0,0,80.5698,79.791,2.98036,0,1,1.5799,1.5799,0,1.22053,2.1168,9.22605e+06,4.06077e+06,1.45762e+07,0,0,0,0
74.141,85.139,1.61551,0.02,0.02,3.2613,3.2613,0,0.61112,4.47552,4.43944e+06,3.03805e+06,1.44783e+07,0,0,0,0,80.428,79.791,2.92626,0,1,1.58002,1.58002,0,1.22063,2.1168,9.22605e+06,4.06077e+06,1.45774e+07,0,0,0,0
73.1611,85.139,2.20127,0.02,0.02,3.16205,3.16205,0,0.611168,4.47552,4.43944e+06,3.03805e+06,1.40377e+07,0,0,0,0,80.2154,79.791,2.76341,0,1,1.50412,1.50412,0,1.22073,2.1168,9.22605e+06,4.06077e+06,1.38771e+07,0,0,0,0
72.0527,85.139,2.17626,0.02,0.02,3.1623,3.1623,0,0.592568,4.47552,4.43944e+06,3.03805e+06,1.40388e+07,0,0,0,0,80.1435,79.791,2.89595,0,1,1.50424,1.50424,0,1.16209,2.1168,9.22605e+06,4.06077e+06,1.38782e+07,0,0,0,0
71.2656,85.139,2.50825,0.02,0.02,3.16256,3.16256,0,0.592616,4.47552,4.43944e+06,3.03805e+06,1.404e+07,0,0,0,0,80.2496,79.791,3.60303,0,1,1.50436,1.50436,0,1.16218,2.1168,9.22605e+06,4.06077e+06,1.38793e+07,0,0,0,0
70.4144,85.139,2.49266,0.02,0.02,3.16281,3.16281,0,0.592663,4.47552,4.43944e+06,3.03805e+06,1.40411e+07,0,0,0,0,80.3516,79.791,3.58509,0,1,1.50448,1.50448,0,1.16227,2.1168,9.22605e+06,4.06077e+06,1.38804e+07,0,0,0,0
69.5334,85.139,2.51057,0.02,0.02,3.08135,3.08135,0,0.59271,4.47552,4.43944e+06,3.03805e+06,1.36795e+07,0,0,0,0,80.7412,79.791,3.92773,0,1,1.43538,1.43538,0,1.16236,2.1168,9.22605e+06,4.06077e+06,1.32429e+07,0,0,0,0
69.6147,85.139,3.48431,0.02,0.02,3.0816,3.0816,0,0.577445,4.47552,4.43944e+06,3.03805e+06,1.36805e+07,0,0,0,0,80.8192,79.791,3.40384,0,1,1.43549,1.43549,0,1.10897,2.1168,9.22605e+06,4.06077e+06,1.32439e+07,0,0,0,0
69.5747,85.139,3.35342,0.01,0.02,3.08184,3.08184,0,0.577491,4.47552,4.43944e+06,3.03805e+06,1.36816e+07,0,0,0,0,80.8192,79.791,3.16003,0,1,1.43561,1.43561,0,1.10906,2.1168,9.22605e+06,4.06077e+06,1.3245e+07,0,0,0,0
69.3297,85.139,3.19805,0.01,0.02,3.08209,3.08209,0,0.577537,4.47552,4.43944e+06,3.03805e+06,1.36827e+07,0,0,0,0,80.8192,79.791,4.60914,0,1,1.43572,1.43572,0,1.10915,2.1168,9.22605e+06,4.06077e+06,1.3246e+07,0,0,0,0
69.7261,85.139,3.59097,0.01,0.02,2.8502,2.8502,0,0.577583,4.47552,4.43944e+06,3.03805e+06,1.26533e+07,0,0,0,0,80.8192,79.791,4.17861,0,1,1.29161,1.29161,0,1.10924,2.1168,9.22605e+06,4.06077e+06,1.19165e+07,0,0,0,0
73.2817,85.139,6.80312,0.01,0.02,2.85043,2.85043,0,0.534127,4.47552,4.43944e+06,3.03805e+06,1.26543e+07,0,0,0,0,80.8192,79.791,6.38438,0,1,1.29171,1.29171,0,0.997898,2.1168,9.22605e+06,4.06077e+06,1.19174e+07,0,0,0,0
73.887,85.139,3.8493,0.01,0.02,2.85065,2.85065,0,0.53417,4.47552,4.43944e+06,3.03805e+06,1.26553e+07,0,0,0,0,80.8192,79.791,4.92231,0,1,1.29182,1.29182,0,0.997977,2.1168,9.22605e+06,4.06077e+06,1.19184e+07,0,0,0,0
74.6267,85.139,3.99555,0.01,0.02,2.85088,2.85088,0,0.534213,4.47552,4.43944e+06,3.03805e+06,1.26563e+07,0,0,0,0,80.8192,79.791,4.63294,0,1,1.29192,1.29192,0,0.998057,2.1168,9.22605e+06,4.06077e+06,1.19193e+07,0,0,0,0
74.7844,85.139,3.44568,0.01,0.02,2.85111,2.85111,0,0.534255,4.47552,4.43944e+06,3.03805e+06,1.26573e+07,0,0,0,0,80.8192,79.791,4.30766,0,1,1.29202,1.29202,0,0.998137,2.1168,9.22605e+06,4.06077e+06,1.19203e+07,0,0,0,0
79.3375,85.139,8.27976,0.01,0.02,2.94066,2.94066,0,0.534298,4.47552,4.43944e+06,3.03805e+06,1.30549e+07,0,0,0,0,80.8192,79.791,8.37694,0,1,1.3339,1.3339,0,0.998216,2.1168,9.22605e+06,4.06077e+06,1.23067e+07,0,0,0,0
85.139,85.139,10.4699,0,0.04,2.94088,2.94088,0,0.551079,4.47552,4.43944e+06,3.03805e+06,1.30558e+07,0,0,0,0,80.8192,79.791,9.79017,0,1,1.334,1.334,0,1.03057,2.1168,9.22605e+06,4.06077e+06,1.23076e+07,0,0,0,0
85.139,85.139,19.2072,0,0.04,2.94109,2.94109,0,0.55112,4.47552,4.43944e+06,3.03805e+06,1.30568e+07,0,0,0,0,80.8192,79.791,15.762,0,1,1.3341,1.3341,0,1.03065,2.1168,9.22605e+06,4.06077e+06,1.23085e+07,0,0,0,0
85.139,85.139,12.1161,0,0.04,2.94131,2.94131,0,0.551161,4.47552,4.43944e+06,3.03805e+06,1.30578e+07,0,0,0,0,80.8192,79.791,14.4971,0,1,1.3342,1.3342,0,1.03073,2.1168,9.22605e+06,4.06077e+06,1.23094e+07,0,0,0,0
85.139,85.139,10.7398,0,0.04,3.22844,3.22844,0,0.551202,4.47552,4.43944e+06,3.03805e+06,1.43325e+07,0,0,0,0,80.8192,79.791,12.2429,0,1,1.49118,1.49118,0,1.0308,2.1168,9.22605e+06,4.06077e+06,1.37577e+07,0,0,0,0
85.139,85.139,11.5907,0,0.04,3.22868,3.22868,0,0.60501,4.47552,4.43944e+06,3.03805e+06,1.43335e+07,0,0,0,0,80.8192,79.791,11.5481,0,1,1.49129,1.49129,0,1.15209,2.1168,9.22605e+06,4.06077e+06,1.37588e+07,0,0,0,0
85.139,85.139,10.0518,0,0.04,3.22892,3.22892,0,0.605055,4.47552,4.43944e+06,3.03805e+06,1.43346e+07,0,0,0,0,80.8192,79.791,11.9365,0,1,1.49141,1.49141,0,1.15217,2.1168,9.22605e+06,4.06077e+06,1.37598e+07,0,0,0,0
85.139,85.139,14.5525,0,0.04,3.22916,3.22916,0,0.605099,4.47552,4.43944e+06,3.03805e+06,1.43356e+07,0,0,0,0,80.8192,79.791,18.1921,0,1,1.49152,1.49152,0,1.15226,2.1168,9.22605e+06,4.06077e+06,1.37608e+07,0,0,0,0
85.139,85.139,10.2641,0,0.04,2.82005,2.82005,0,0.605144,4.47552,4.43944e+06,3.03805e+06,1.25194e+07,0,0,0,0,80.8192,79.791,12.9774,0,1,1.28102,1.28102,0,1.15235,2.1168,9.22605e+06,4.06077e+06,1.18188e+07,0,0,0,0
85.139,85.139,9.81221,0,0.04,2.82026,2.82026,0,0.528478,4.47552,4.43944e+06,3.03805e+06,1.25204e+07,0,0,0,0,80.8192,79.791,18.277,0,1,1.28112,1.28112,0,0.989718,2.1168,9.22605e+06,4.06077e+06,1.18197e+07,0,0,0,0
85.139,85.139,11.196,0,0.04,2.82047,2.82047,0,0.528517,4.47552,4.43944e+06,3.03805e+06,1.25213e+07,0,0,0,0,80.8192,79.791,21.1203,0,1,1.28121,1.28121,0,0.989791,2.1168,9.22605e+06,4.06077e+06,1.18205e+07,0,0,0,0
85.139,85.139,10.0729,0,0.04,2.82068,2.82068,0,0.528556,4.47552,4.43944e+06,3.03805e+06,1.25222e+07,0,0,0,0,80.8192,79.791,20.3376,0,1,1.28131,1.28131,0,0.989865,2.1168,9.22605e+06,4.06077e+06,1.18214e+07,0,0,0,0
85.139,85.139,11.1739,0,0.04,2.82089,2.82089,0,0.528595,4.47552,4.43944e+06,3.03805e+06,1.25232e+07,0,0,0,0,80.8192,79.791,16.4385,0,1,1.2814,1.2814,0,0.989938,2.1168,9.22605e+06,4.06077e+06,1.18223e+07,0,0,0,0
85.139,85.139,9.56707,0,0.04,2.92417,2.92417,0,0.528634,4.47552,4.43944e+06,3.03805e+06,1.29817e+07,0,0,0,0,80.8192,79.791,18.5477,0,1,1.33304,1.33304,0,0.990011,2.1168,9.22605e+06,4.06077e+06,1.22987e+07,0,0,0,0
85.139,85.139,9.25222,0,0.04,2.92439,2.92439,0,0.54799,4.47552,4.43944e+06,3.03805e+06,1.29826e+07,0,0,0,0,80.8192,79.791,19.2964,0,1,1.33314,1.33314,0,1.02991,2.1168,9.22605e+06,4.06077e+06,1.22996e+07,0,0,0,0
85.139,85.139,7.53371,0,0.04,2.92461,2.92461,0,0.548031,4.47552,4.43944e+06,3.03805e+06,1.29836e+07,0,0,0,0,80.8192,79.791,14.834,0,1,1.33324,1.33324,0,1.02998,2.1168,9.22605e+06,4.06077e+06,1.23005e+07,0,0,0,0
85.139,85.139,6.40998,0,0.04,2.92483,2.92483,0,0.548072,4.47552,4.43944e+06,3.03805e+06,1.29846e+07,0,0,0,0,80.8192,79.791,13.8448,0,1,1.33333,1.33333,0,1.03006,2.1168,9.22605e+06,4.06077e+06,1.23014e+07,0,0,0,0
85.139,85.139,6.60911,0,0.04,2.88473,2.88473,0,0.548112,4.47552,4.43944e+06,3.03805e+06,1.28066e+07,0,0,0,0,80.8192,79.791,10.9204,0,1,1.31341,1.31341,0,1.03013,2.1168,9.22605e+06,4.06077e+06,1.21176e+07,0,0,0,0
85.139,85.139,6.29485,0,0.04,2.88494,2.88494,0,0.540598,4.47552,4.43944e+06,3.03805e+06,1.28075e+07,0,0,0,0,80.8192,79.791,8.79846,0,1,1.31351,1.31351,0,1.01474,2.1168,9.22605e+06,4.06077e+06,1.21185e+07,0,0,0,0
85.139,85.139,5.54988,0,0.04,2.88516,2.88516,0,0.540638,4.47552,4.43944e+06,3.03805e+06,1.28085e+07,0,0,0,0,80.8192,79.791,7.94209,0,1,1.3136,1.3136,0,1.01482,2.1168,9.22605e+06,4.06077e+06,1.21194e+07,0,0,0,0
85.139,85.139,5.14575,0,0.04,2.88537,2.88537,0,0.540678,4.47552,4.43944e+06,3.03805e+06,1.28094e+07,0,0,0,0,80.8192,79.791,7.49098,0,1,1.3137,1.3137,0,1.01489,2.1168,9.22605e+06,4.06077e+06,1.21203e+07,0,0,0,0
85.139,85.139,4.98732,0,0.04,3.02247,3.02247,0,0.540718,4.47552,4.43944e+06,3.03805e+06,1.3418e+07,0,0,0,0,80.8192,79.791,6.90618,0,1,1.38483,1.38483,0,1.01497,2.1168,9.22605e+06,4.06077e+06,1.27765e+07,0,0,0,0
85.139,85.139,5.37115,0,0.04,3.02269,3.02269,0,0.56641,4.47552,4.43944e+06,3.03805e+06,1.3419e+07,0,0,0,0,80.8192,79.791,6.07475,0,1,1.38493,1.38493,0,1.06992,2.1168,9.22605e+06,4.06077e+06,1.27775e+07,0,0,0,0
85.139,85.139,5.06156,0,0.04,3.02292,3.02292,0,0.566452,4.47552,4.43944e+06,3.03805e+06,1.342e+07,0,0,0,0,80.8192,79.791,6.00702,0,1,1.38504,1.38504,0,1.07,2.1168,9.22605e+06,4.06077e+06,1.27784e+07,0,0,0,0
85.139,85.139,4.70381,0,0.04,3.02314,3.02314,0,0.566494,4.47552,4.43944e+06,3.03805e+06,1.3421e+07,0,0,0,0,80.8192,79.791,5.80521,0,1,1.38514,1.38514,0,1.07008,2.1168,9.22605e+06,4.06077e+06,1.27794e+07,0,0,0,0
85.139,85.139,4.50117,0,0.04,3.02336,3.02336,0,0.566536,4.47552,4.43944e+06,3.03805e+06,1.3422e+07,0,0,0,0,80.8192,79.791,5.71248,0,1,1.38524,1.38524,0,1.07016,2.1168,9.22605e+06,4.06077e+06,1.27803e+07,0,0,0,0
85.139,85.139,3.77829,0,0.04,2.99651,2.99651,0,0.566579,4.47552,4.43944e+06,3.03805e+06,1.33028e+07,0,0,0,0,80.8192,79.791,4.97807,0,1,1.4244,1.4244,0,1.07024,2.1168,9.22605e+06,4.06077e+06,1.31416e+07,0,0,0,0
85.139,85.139,3.39745,0,0.04,2.99673,2.99673,0,0.561546,4.47552,4.43944e+06,3.03805e+06,1.33038e+07,0,0,0,0,80.8192,79.791,4.57938,0,1,1.4245,1.4245,0,1.10049,2.1168,9.22605e+06,4.06077e+06,1.31426e+07,0,0,0,0
85.0616,85.139,3.17211,0,0.04,2.99695,2.99695,0,0.561587,4.47552,4.43944e+06,3.03805e+06,1.33048e+07,0,0,0,0,80.8192,79.791,4.13076,0,1,1.42461,1.42461,0,1.10057,2.1168,9.22605e+06,4.06077e+06,1.31435e+07,0,0,0,0
84.8942,85.139,3.05647,0,0.04,2.99718,2.99718,0,0.561629,4.47552,4.43944e+06,3.03805e+06,1.33058e+07,0,0,0,0,80.8192,79.791,3.93524,0,1,1.42472,1.42472,0,1.10065,2.1168,9.22605e+06,4.06077e+06,1.31445e+07,0,0,0,0
84.4599,85.139,2.7969,0,0.04,3.06735,3.06735,0,0.561671,4.47552,4.43944e+06,3.03805e+06,1.36173e+07,0,0,0,0,80.8192,79.791,3.40005,0,1,1.45964,1.45964,0,1.10074,2.1168,9.22605e+06,4.06077e+06,1.34667e+07,0,0,0,0
84.2266,85.139,3.03509,0,0.04,3.06758,3.06758,0,0.574822,4.47552,4.43944e+06,3.03805e+06,1.36183e+07,0,0,0,0,80.8192,79.791,3.72829,0,1,1.45975,1.45975,0,1.12772,2.1168,9.22605e+06,4.06077e+06,1.34677e+07,0,0,0,0
83.7718,85.139,2.77107,0,0.04,3.06781,3.06781,0,0.574864,4.47552,4.43944e+06,3.03805e+06,1.36193e+07,0,0,0,0,80.8192,79.791,3.66929,0,1,1.45985,1.45985,0,1.1278,2.1168,9.22605e+06,4.06077e+06,1.34687e+07,0,0,0,0
83.1018,85.139,2.54395,0,0.04,3.06803,3.06803,0,0.574907,4.47552,4.43944e+06,3.03805e+06,1.36203e+07,0,0,0,0,80.8192,79.791,3.21682,0,1,1.45996,1.45996,0,1.12788,2.1168,9.22605e+06,4.06077e+06,1.34697e+07,0,0,0,0
82.4059,85.139,2.6742,0.01,0.04,3.27318,3.27318,0,0.57495,4.47552,4.43944e+06,3.03805e+06,1.45311e+07,0,0,0,0,80.8192,79.791,3.8365,0,1,1.58578,1.58578,0,1.12797,2.1168,9.22605e+06,4.06077e+06,1.46305e+07,0,0,0,0
81.9781,85.139,2.9386,0.01,0.04,3.27342,3.27342,0,0.613394,4.47552,4.43944e+06,3.03805e+06,1.45321e+07,0,0,0,0,80.8192,79.791,3.4505,0,1,1.58589,1.58589,0,1.22517,2.1168,9.22605e+06,4.06077e+06,1.46315e+07,0,0,0,0
81.7308,85.139,3.1696,0.01,0.04,3.27366,3.27366,0,0.613439,4.47552,4.43944e+06,3.03805e+06,1.45332e+07,0,0,0,0,80.8192,79.791,4.2243,0,1,1.58601,1.58601,0,1.22526,2.1168,9.22605e+06,4.06077e+06,1.46326e+07,0,0,0,0
80.9669,85.139,2.63076,0.01,0.04,3.27391,3.27391,0,0.613485,4.47552,4.43944e+06,3.03805e+06,1.45343e+07,0,0,0,0,80.8192,79.791,2.97695,0,1,1.58613,1.58613,0,1.22535,2.1168,9.22605e+06,4.06077e+06,1.46337e+07,0,0,0,0
80.7997,85.139,3.21682,0.01,0.04,3.27415,3.27415,0,0.61353,4.47552,4.43944e+06,3.03805e+06,1.45354e+07,0,0,0,0,80.8192,79.791,5.57617,0,1,1.58625,1.58625,0,1.22544,2.1168,9.22605e+06,4.06077e+06,1.46348e+07,0,0,0,0
80.5143,85.139,3.00258,0.01,0.04,3.17449,3.17449,0,0.613576,4.47552,4.43944e+06,3.03805e+06,1.40929e+07,0,0,0,0,80.8192,79.791,4.54483,0,1,1.51004,1.51004,0,1.22553,2.1168,9.22605e+06,4.06077e+06,1.39317e+07,0,0,0,0
80.8432,85.139,3.64346,0.01,0.04,3.17472,3.17472,0,0.594899,4.47552,4.43944e+06,3.03805e+06,1.4094e+07,0,0,0,0,80.8192,79.791,4.99977,0,1,1.51015,1.51015,0,1.16666,2.1168,9.22605e+06,4.06077e+06,1.39327e+07,0,0,0,0
81.067,85.139,3.55546,0.01,0.04,3.17496,3.17496,0,0.594943,4.47552,4.43944e+06,3.03805e+06,1.4095e+07,0,0,0,0,80.8192,79.791,4.41226,0,1,1.51026,1.51026,0,1.16674,2.1168,9.22605e+06,4.06077e+06,1.39338e+07,0,0,0,0
80.792,85.139,3.11325,0.01,0.04,3.17519,3.17519,0,0.594987,4.47552,4.43944e+06,3.03805e+06,1.40961e+07,0,0,0,0,80.8192,79.791,4.35408,0,1,1.51037,1.51037,0,1.16683,2.1168,9.22605e+06,4.06077e+06,1.39348e+07,0,0,0,0
80.5505,85.139,3.2039,0.01,0.04,3.0934,3.0934,0,0.595031,4.47552,4.43944e+06,3.03805e+06,1.3733e+07,0,0,0,0,80.8192,79.791,4.38554,0,1,1.44099,1.44099,0,1.16692,2.1168,9.22605e+06,4.06077e+06,1.32946e+07,0,0,0,0
80.5008,85.139,3.35042,0.01,0.04,3.09363,3.09363,0,0.579703,4.47552,4.43944e+06,3.03805e+06,1.3734e+07,0,0,0,0,80.8192,79.791,4.66817,0,1,1.4411,1.4411,0,1.11331,2.1168,9.22605e+06,4.06077e+06,1.32956e+07,0,0,0,0
81.0383,85.139,3.95534,0.01,0.04,3.09386,3.09386,0,0.579746,4.47552,4.43944e+06,3.03805e+06,1.3735e+07,0,0,0,0,80.8192,79.791,4.99793,0,1,1.4412,1.4412,0,1.11339,2.1168,9.22605e+06,4.06077e+06,1.32966e+07,0,0,0,0
85.139,85.139,9.7376,0.01,0.04,3.09409,3.09409,0,0.579789,4.47552,4.43944e+06,3.03805e+06,1.3736e+07,0,0,0,0,80.8192,79.791,10.1311,0,1,1.44131,1.44131,0,1.11347,2.1168,9.22605e+06,4.06077e+06,1.32976e+07,0,0,0,0
85.139,85.139,10.2436,0,0.04,2.86128,2.86128,0,0.579832,4.47552,4.43944e+06,3.03805e+06,1.27025e+07,0,0,0,0,80.8192,79.791,7.23739,0,1,1.29663,1.29663,0,1.11356,2.1168,9.22605e+06,4.06077e+06,1.19628e+07,0,0,0,0
85.139,85.139,7.63752,0,0.04,2.86149,2.86149,0,0.536204,4.47552,4.43944e+06,3.03805e+06,1.27034e+07,0,0,0,0,80.8192,79.791,9.27827,0,1,1.29673,1.29673,0,1.00178,2.1168,9.22605e+06,4.06077e+06,1.19637e+07,0,0,0,0
85.139,85.139,10.6144,0,0.04,2.86171,2.86171,0,0.536244,4.47552,4.43944e+06,3.03805e+06,1.27044e+07,0,0,0,0,80.8192,79.791,10.0551,0,1,1.29682,1.29682,0,1.00185,2.1168,9.22605e+06,4.06077e+06,1.19646e+07,0,0,0,0
85.139,85.139,27.8406,0,0.04,2.86192,2.86192,0,0.536284,4.47552,4.43944e+06,3.03805e+06,1.27053e+07,0,0,0,0,80.8192,79.791,31.6702,0,1,1.29692,1.29692,0,1.00193,2.1168,9.22605e+06,4.06077e+06,1.19655e+07,0,0,0,0
85.139,85.139,16.0178,0,0.04,2.86213,2.86213,0,0.536323,4.47552,4.43944e+06,3.03805e+06,1.27062e+07,0,0,0,0,80.8192,79.791,18.4921,0,1,1.29702,1.29702,0,1.002,2.1168,9.22605e+06,4.06077e+06,1.19663e+07,0,0,0,0
85.139,85.139,9.30758,0,0.04,2.86213,2.86213,0,0.536363,4.47552,4.43944e+06,3.03805e+06,1.27062e+07,0,0,0,0,80.8192,79.791,10.3151,0,1,1.29702,1.29702,0,1.00207,2.1168,9.22605e+06,4.06077e+06,1.19663e+07,0,0,0,0
85.139,85.139,5.61628,0,0.04,2.95201,2.95201,0,0.536363,4.47552,4.43944e+06,3.03805e+06,1.31052e+07,0,0,0,0,80.8192,79.791,6.31352,0,1,1.33905,1.33905,0,1.00207,2.1168,9.22605e+06,4.06077e+06,1.23542e+07,0,0,0,0
85.139,85.139,5.10126,0,0.04,2.95221,2.95221,0,0.553206,4.47552,4.43944e+06,3.03805e+06,1.31061e+07,0,0,0,0,80.8192,79.791,5.94953,0,1,1.33914,1.33914,0,1.03455,2.1168,9.22605e+06,4.06077e+06,1.2355e+07,0,0,0,0
85.139,85.139,10.1847,0,0.04,2.95241,2.95241,0,0.553244,4.47552,4.43944e+06,3.03805e+06,1.3107e+07,0,0,0,0,80.8192,79.791,8.58855,0,1,1.33924,1.33924,0,1.03462,2.1168,9.22605e+06,4.06077e+06,1.23559e+07,0,0,0,0
85.139,85.139,12.3279,0,0.04,2.95262,2.95262,0,0.553282,4.47552,4.43944e+06,3.03805e+06,1.31079e+07,0,0,0,0,80.8192,79.791,8.92358,0,1,1.33933,1.33933,0,1.03469,2.1168,9.22605e+06,4.06077e+06,1.23567e+07,0,0,0,0
85.139,85.139,9.75733,0,0.04,3.24083,3.24083,0,0.55332,4.47552,4.43944e+06,3.03805e+06,1.43875e+07,0,0,0,0,80.8192,79.791,8.90074,0,1,1.49691,1.49691,0,1.03476,2.1168,9.22605e+06,4.06077e+06,1.38105e+07,0,0,0,0
85.139,85.139,6.28527,0,0.04,3.24105,3.24105,0,0.607331,4.47552,4.43944e+06,3.03805e+06,1.43884e+07,0,0,0,0,80.8192,79.791,5.88672,0,1,1.49701,1.49701,0,1.15651,2.1168,9.22605e+06,4.06077e+06,1.38115e+07,0,0,0,0
85.139,85.139,4.26478,0,0.04,3.24127,3.24127,0,0.607373,4.47552,4.43944e+06,3.03805e+06,1.43894e+07,0,0,0,0,80.8192,79.791,4.05935,0,1,1.49711,1.49711,0,1.15659,2.1168,9.22605e+06,4.06077e+06,1.38124e+07,0,0,0,0
84.9293,85.139,3.57112,0,0.04,3.2415,3.2415,0,0.607415,4.47552,4.43944e+06,3.03805e+06,1.43904e+07,0,0,0,0,80.8192,79.791,4.32085,0,1,1.49721,1.49721,0,1.15667,2.1168,9.22605e+06,4.06077e+06,1.38134e+07,0,0,0,0
85.139,85.139,5.93428,0,0.04,2.83081,2.83081,0,0.607457,4.47552,4.43944e+06,3.03805e+06,1.25672e+07,0,0,0,0,80.8192,79.791,4.91204,0,1,1.28591,1.28591,0,1.15675,2.1168,9.22605e+06,4.06077e+06,1.18639e+07,0,0,0,0
85.139,85.139,4.58534,0,0.04,2.83101,2.83101,0,0.530494,4.47552,4.43944e+06,3.03805e+06,1.25681e+07,0,0,0,0,80.8192,79.791,3.82746,0,1,1.286,1.286,0,0.993494,2.1168,9.22605e+06,4.06077e+06,1.18647e+07,0,0,0,0
85.139,85.139,5.54505,0,0.04,2.8312,2.8312,0,0.53053,4.47552,4.43944e+06,3.03805e+06,1.25689e+07,0,0,0,0,80.8192,79.791,4.23863,0,1,1.28609,1.28609,0,0.993562,2.1168,9.22605e+06,4.06077e+06,1.18655e+07,0,0,0,0
85.139,85.139,5.09723,0,0.04,2.83139,2.83139,0,0.530567,4.47552,4.43944e+06,3.03805e+06,1.25698e+07,0,0,0,0,80.8192,79.791,4.84699,0,1,1.28617,1.28617,0,0.99363,2.1168,9.22605e+06,4.06077e+06,1.18663e+07,0,0,0,0
85.139,85.139,7.04026,0,0.04,2.83159,2.83159,0,0.530603,4.47552,4.43944e+06,3.03805e+06,1.25707e+07,0,0,0,0,80.8192,79.791,5.2114,0,1,1.28626,1.28626,0,0.993699,2.1168,9.22605e+06,4.06077e+06,1.18671e+07,0,0,0,0
85.139,85.139,6.09532,0,0.04,2.93525,2.93525,0,0.53064,4.47552,4.43944e+06,3.03805e+06,1.30309e+07,0,0,0,0,80.8192,79.791,5.30571,0,1,1.33809,1.33809,0,0.993767,2.1168,9.22605e+06,4.06077e+06,1.23453e+07,0,0,0,0
85.139,85.139,6.34403,0,0.04,2.93545,2.93545,0,0.550066,4.47552,4.43944e+06,3.03805e+06,1.30317e+07,0,0,0,0,80.8192,79.791,5.37569,0,1,1.33818,1.33818,0,1.03381,2.1168,9.22605e+06,4.06077e+06,1.23461e+07,0,0,0,0
85.139,85.139,6.39705,0,0.04,2.93565,2.93565,0,0.550104,4.47552,4.43944e+06,3.03805e+06,1.30326e+07,0,0,0,0,80.8192,79.791,5.16968,0,1,1.33827,1.33827,0,1.03388,2.1168,9.22605e+06,4.06077e+06,1.2347e+07,0,0,0,0
85.139,85.139,6.24972,0,0.04,2.93585,2.93585,0,0.550141,4.47552,4.43944e+06,3.03805e+06,1.30335e+07,0,0,0,0,80.8192,79.791,4.80381,0,1,1.33836,1.33836,0,1.03395,2.1168,9.22605e+06,4.06077e+06,1.23478e+07,0,0,0,0
85.139,85.139,4.0294,0,0.04,2.89559,2.89559,0,0.550179,4.47552,4.43944e+06,3.03805e+06,1.28548e+07,0,0,0,0,80.8192,79.791,4.10754,0,1,1.31836,1.31836,0,1.03402,2.1168,9.22605e+06,4.06077e+06,1.21632e+07,0,0,0,0
85.139,85.139,3.6413,0,0.04,2.89579,2.89579,0,0.542634,4.47552,4.43944e+06,3.03805e+06,1.28557e+07,0,0,0,0,80.8192,79.791,3.58225,0,1,1.31845,1.31845,0,1.01856,2.1168,9.22605e+06,4.06077e+06,1.2164e+07,0,0,0,0
85.139,85.139,4.24631,0,0.04,2.89599,2.89599,0,0.542671,4.47552,4.43944e+06,3.03805e+06,1.28565e+07,0,0,0,0,80.8192,79.791,3.58356,0,1,1.31854,1.31854,0,1.01863,2.1168,9.22605e+06,4.06077e+06,1.21649e+07,0,0,0,0
85.139,85.139,3.38905,0,0.04,2.89619,2.89619,0,0.542708,4.47552,4.43944e+06,3.03805e+06,1.28574e+07,0,0,0,0,80.8192,79.791,3.48276,0,1,1.31863,1.31863,0,1.0187,2.1168,9.22605e+06,4.06077e+06,1.21657e+07,0,0,0,0
85.139,85.139,3.92882,0,0.04,3.03378,3.03378,0,0.542745,4.47552,4.43944e+06,3.03805e+06,1.34683e+07,0,0,0,0,80.8192,79.791,3.92987,0,1,1.39001,1.39001,0,1.01877,2.1168,9.22605e+06,4.06077e+06,1.28243e+07,0,0,0,0
85.0139,85.139,3.14948,0,0.04,3.03399,3.03399,0,0.568531,4.47552,4.43944e+06,3.03805e+06,1.34692e+07,0,0,0,0,80.8192,79.791,3.61,0,1,1.39011,1.39011,0,1.07393,2.1168,9.22605e+06,4.06077e+06,1.28252e+07,0,0,0,0
84.9422,85.139,3.20031,0,0.04,3.0342,3.0342,0,0.56857,4.47552,4.43944e+06,3.03805e+06,1.34701e+07,0,0,0,0,80.8192,79.791,3.45682,0,1,1.39021,1.39021,0,1.074,2.1168,9.22605e+06,4.06077e+06,1.28261e+07,0,0,0,0
84.4091,85.139,2.74242,0,0.04,3.03441,3.03441,0,0.568609,4.47552,4.43944e+06,3.03805e+06,1.3471e+07,0,0,0,0,80.8192,79.791,2.85113,0,1,1.3903,1.3903,0,1.07407,2.1168,9.22605e+06,4.06077e+06,1.2827e+07,0,0,0,0
84.014,85.139,2.83387,0,0.04,3.03461,3.03461,0,0.568648,4.47552,4.43944e+06,3.03805e+06,1.3472e+07,0,0,0,0,80.8192,79.791,2.48581,0,1,1.3904,1.3904,0,1.07415,2.1168,9.22605e+06,4.06077e+06,1.28279e+07,0,0,0,0
83.6953,85.139,2.86718,0,0.04,3.00764,3.00764,0,0.568687,4.47552,4.43944e+06,3.03805e+06,1.33522e+07,0,0,0,0,80.8192,79.791,2.67041,0,1,1.42969,1.42969,0,1.07422,2.1168,9.22605e+06,4.06077e+06,1.31904e+07,0,0,0,0
83.2669,85.139,2.72778,0,0.04,3.00785,3.00785,0,0.563632,4.47552,4.43944e+06,3.03805e+06,1.33531e+07,0,0,0,0,80.8192,79.791,2.58272,0,1,1.42979,1.42979,0,1.10458,2.1168,9.22605e+06,4.06077e+06,1.31913e+07,0,0,0,0
82.5058,85.139,2.36665,0,0.04,3.00805,3.00805,0,0.563671,4.47552,4.43944e+06,3.03805e+06,1.33541e+07,0,0,0,0,80.8192,79.791,2.48274,0,1,1.42989,1.42989,0,1.10466,2.1168,9.22605e+06,4.06077e+06,1.31922e+07,0,0,0,0
81.7808,85.139,2.40755,0,0.04,3.00826,3.00826,0,0.563709,4.47552,4.43944e+06,3.03805e+06,1.3355e+07,0,0,0,0,80.8192,79.791,2.57438,0,1,1.42999,1.42999,0,1.10473,2.1168,9.22605e+06,4.06077e+06,1.31931e+07,0,0,0,0
80.8688,85.139,2.26152,0,0.04,3.07868,3.07868,0,0.563748,4.47552,4.43944e+06,3.03805e+06,1.36676e+07,0,0,0,0,80.8192,79.791,2.27916,0,1,1.46503,1.46503,0,1.10481,2.1168,9.22605e+06,4.06077e+06,1.35164e+07,0,0,0,0
79.8267,85.139,2.11146,0,0.04,3.07889,3.07889,0,0.576944,4.47552,4.43944e+06,3.03805e+06,1.36685e+07,0,0,0,0,80.8003,79.791,2.14948,0,1,1.46513,1.46513,0,1.13188,2.1168,9.22605e+06,4.06077e+06,1.35174e+07,0,0,0,0
78.6292,85.139,1.9379,0,0.04,3.0791,3.0791,0,0.576984,4.47552,4.43944e+06,3.03805e+06,1.36695e+07,0,0,0,0,80.7745,79.791,2.0267,0,1,1.46523,1.46523,0,1.13196,2.1168,9.22605e+06,4.06077e+06,1.35183e+07,0,0,0,0
77.8201,85.139,2.30961,0.01,0.04,3.07931,3.07931,0,0.577024,4.47552,4.43944e+06,3.03805e+06,1.36704e+07,0,0,0,0,80.8192,79.791,2.67921,0,1,1.46533,1.46533,0,1.13204,2.1168,9.22605e+06,4.06077e+06,1.35192e+07,0,0,0,0
76.7394,85.139,2.19212,0.01,0.04,3.28519,3.28519,0,0.577063,4.47552,4.43944e+06,3.03805e+06,1.45844e+07,0,0,0,0,80.6996,79.791,2.13209,0,1,1.5916,1.5916,0,1.13211,2.1168,9.22605e+06,4.06077e+06,1.46842e+07,0,0,0,0
75.9484,85.139,2.50368,0.01,0.04,3.28542,3.28542,0,0.615645,4.47552,4.43944e+06,3.03805e+06,1.45854e+07,0,0,0,0,80.6461,79.791,2.5768,0,1,1.59171,1.59171,0,1.22967,2.1168,9.22605e+06,4.06077e+06,1.46852e+07,0,0,0,0
74.6681,85.139,2.01306,0.02,0.04,3.28564,3.28564,0,0.615687,4.47552,4.43944e+06,3.03805e+06,1.45864e+07,0,0,0,0,80.4728,79.791,1.87084,0,1,1.59182,1.59182,0,1.22975,2.1168,9.22605e+06,4.06077e+06,1.46862e+07,0,0,0,0
73.8421,85.139,2.44052,0.02,0.04,3.28587,3.28587,0,0.61573,4.47552,4.43944e+06,3.03805e+06,1.45874e+07,0,0,0,0,80.6249,79.791,3.22758,0,1,1.59193,1.59193,0,1.22984,2.1168,9.22605e+06,4.06077e+06,1.46872e+07,0,0,0,0
72.4552,85.139,1.90626,0.02,0.04,3.2861,3.2861,0,0.615772,4.47552,4.43944e+06,3.03805e+06,1.45884e+07,0,0,0,0,80.459,79.791,1.89359,0,1,1.59204,1.59204,0,1.22992,2.1168,9.22605e+06,4.06077e+06,1.46882e+07,0,0,0,0
71.2274,85.139,2.02081,0.02,0.04,3.18605,3.18605,0,0.615814,4.47552,4.43944e+06,3.03805e+06,1.41443e+07,0,0,0,0,80.5282,79.791,2.43723,0,1,1.51554,1.51554,0,1.23001,2.1168,9.22605e+06,4.06077e+06,1.39824e+07,0,0,0,0
70.062,85.139,2.07367,0.02,0.04,3.18627,3.18627,0,0.597066,4.47552,4.43944e+06,3.03805e+06,1.41452e+07,0,0,0,0,80.8097,79.791,3.12006,0,1,1.51564,1.51564,0,1.17091,2.1168,9.22605e+06,4.06077e+06,1.39834e+07,0,0,0,0
68.7296,85.139,1.88162,0.02,0.04,3.18649,3.18649,0,0.597107,4.47552,4.43944e+06,3.03805e+06,1.41462e+07,0,0,0,0,80.8192,79.791,2.44605,0,1,1.51575,1.51575,0,1.17099,2.1168,9.22605e+06,4.06077e+06,1.39844e+07,0,0,0,0
67.8521,85.139,2.40801,0.02,0.04,3.18671,3.18671,0,0.597148,4.47552,4.43944e+06,3.03805e+06,1.41472e+07,0,0,0,0,80.8192,79.791,3.68553,0,1,1.51585,1.51585,0,1.17107,2.1168,9.22605e+06,4.06077e+06,1.39853e+07,0,0,0,0
65.5569,85.139,0.904574,0.02,0.04,3.1046,3.1046,0,0.597189,4.47552,4.43944e+06,3.03805e+06,1.37827e+07,0,0,0,0,80.2405,79.791,1.89015,0,1,1.44621,1.44621,0,1.17115,2.1168,9.22605e+06,4.06077e+06,1.33428e+07,0,0,0,0
63.3481,85.139,0.970805,0.02,0.04,3.10481,3.10481,0,0.581802,4.47552,4.43944e+06,3.03805e+06,1.37836e+07,0,0,0,0,80.1527,79.791,1.23144,0,1,1.44631,1.44631,0,1.11734,2.1168,9.22605e+06,4.06077e+06,1.33437e+07,0,0,0,0
62.4316,85.139,2.31344,0.02,0.04,3.10503,3.10503,0,0.581842,4.47552,4.43944e+06,3.03805e+06,1.37846e+07,0,0,0,0,80.5213,79.791,3.19526,0,1,1.44641,1.44641,0,1.11742,2.1168,9.22605e+06,4.06077e+06,1.33446e+07,0,0,0,0
62.3571,85.139,3.24259,0.02,0.04,3.10524,3.10524,0,0.581882,4.47552,4.43944e+06,3.03805e+06,1.37855e+07,0,0,0,0,80.8192,79.791,5.25817,0,1,1.4465,1.4465,0,1.11749,2.1168,9.22605e+06,4.06077e+06,1.33455e+07,0,0,0,0
62.4162,85.139,3.21749,0.02,0.04,2.87158,2.87158,0,0.581922,4.47552,4.43944e+06,3.03805e+06,1.27482e+07,0,0,0,0,80.8192,79.791,6.40961,0,1,1.3013,1.3013,0,1.11757,2.1168,9.22605e+06,4.06077e+06,1.20058e+07,0,0,0,0
62.7881,85.139,3.78181,0.02,0.04,2.87177,2.87177,0,0.538134,4.47552,4.43944e+06,3.03805e+06,1.27491e+07,0,0,0,0,80.8192,79.791,5.61571,0,1,1.30139,1.30139,0,1.00538,2.1168,9.22605e+06,4.06077e+06,1.20067e+07,0,0,0,0
62.7203,85.139,3.41273,0.02,0.04,2.87197,2.87197,0,0.538171,4.47552,4.43944e+06,3.03805e+06,1.27499e+07,0,0,0,0,80.8192,79.791,4.45342,0,1,1.30148,1.30148,0,1.00545,2.1168,9.22605e+06,4.06077e+06,1.20075e+07,0,0,0,0
62.9174,85.139,3.48995,0.02,0.04,2.87217,2.87217,0,0.538208,4.47552,4.43944e+06,3.03805e+06,1.27508e+07,0,0,0,0,80.8192,79.791,5.0439,0,1,1.30157,1.30157,0,1.00552,2.1168,9.22605e+06,4.06077e+06,1.20083e+07,0,0,0,0
64.9729,85.139,5.3665,0.02,0.04,2.87237,2.87237,0,0.538245,4.47552,4.43944e+06,3.03805e+06,1.27517e+07,0,0,0,0,80.8192,79.791,5.97856,0,1,1.30166,1.30166,0,1.00559,2.1168,9.22605e+06,4.06077e+06,1.20091e+07,0,0,0,0
70.4525,85.139,9.25225,0.02,0.04,2.96255,2.96255,0,0.538281,4.47552,4.43944e+06,3.03805e+06,1.3152e+07,0,0,0,0,80.8192,79.791,8.15559,0,1,1.34383,1.34383,0,1.00566,2.1168,9.22605e+06,4.06077e+06,1.23983e+07,0,0,0,0
73.6482,85.139,6.87931,0.01,0.04,2.96274,2.96274,0,0.555182,4.47552,4.43944e+06,3.03805e+06,1.31529e+07,0,0,0,0,80.8192,79.791,7.73702,0,1,1.34392,1.34392,0,1.03825,2.1168,9.22605e+06,4.06077e+06,1.23991e+07,0,0,0,0
78.0292,85.139,8.10962,0.01,0.04,2.96292,2.96292,0,0.555217,4.47552,4.43944e+06,3.03805e+06,1.31537e+07,0,0,0,0,80.8192,79.791,8.26912,0,1,1.344,1.344,0,1.03831,2.1168,9.22605e+06,4.06077e+06,1.23998e+07,0,0,0,0
82.9638,85.139,8.86944,0,0.04,2.96311,2.96311,0,0.555252,4.47552,4.43944e+06,3.03805e+06,1.31545e+07,0,0,0,0,80.8192,79.791,8.97887,0,1,1.34409,1.34409,0,1.03838,2.1168,9.22605e+06,4.06077e+06,1.24006e+07,0,0,0,0
85.139,85.139,7.90667,0,0.04,3.25233,3.25233,0,0.555287,4.47552,4.43944e+06,3.03805e+06,1.44385e+07,0,0,0,0,80.8192,79.791,7.693,0,1,1.50222,1.50222,0,1.03844,2.1168,9.22605e+06,4.06077e+06,1.38595e+07,0,0,0,0
85.139,85.139,9.46884,0,0.04,3.25254,3.25254,0,0.609487,4.47552,4.43944e+06,3.03805e+06,1.44394e+07,0,0,0,0,80.8192,79.791,10.0893,0,1,1.50231,1.50231,0,1.16061,2.1168,9.22605e+06,4.06077e+06,1.38604e+07,0,0,0,0
85.139,85.139,7.51221,0,0.04,3.25274,3.25274,0,0.609525,4.47552,4.43944e+06,3.03805e+06,1.44403e+07,0,0,0,0,80.8192,79.791,7.29322,0,1,1.50241,1.50241,0,1.16069,2.1168,9.22605e+06,4.06077e+06,1.38613e+07,0,0,0,0
85.139,85.139,7.51194,0,0.04,3.25295,3.25295,0,0.609564,4.47552,4.43944e+06,3.03805e+06,1.44412e+07,0,0,0,0,80.8192,79.791,7.35183,0,1,1.5025,1.5025,0,1.16076,2.1168,9.22605e+06,4.06077e+06,1.38622e+07,0,0,0,0
85.139,85.139,6.71693,0,0.04,2.84079,2.84079,0,0.609602,4.47552,4.43944e+06,3.03805e+06,1.26115e+07,0,0,0,0,80.8192,79.791,6.79169,0,1,1.29044,1.29044,0,1.16083,2.1168,9.22605e+06,4.06077e+06,1.19057e+07,0,0,0,0
85.139,85.139,5.39353,0,0.04,2.84097,2.84097,0,0.532365,4.47552,4.43944e+06,3.03805e+06,1.26123e+07,0,0,0,0,80.8192,79.791,4.42352,0,1,1.29053,1.29053,0,0.996998,2.1168,9.22605e+06,4.06077e+06,1.19065e+07,0,0,0,0
85.139,85.139,3.69631,0,0.04,2.84115,2.84115,0,0.532399,4.47552,4.43944e+06,3.03805e+06,1.26131e+07,0,0,0,0,80.804,79.791,2.92134,0,1,1.29061,1.29061,0,0.997061,2.1168,9.22605e+06,4.06077e+06,1.19072e+07,0,0,0,0
85.139,85.139,3.52304,0,0.04,2.84133,2.84133,0,0.532432,4.47552,4.43944e+06,3.03805e+06,1.26139e+07,0,0,0,0,80.8192,79.791,2.72681,0,1,1.29069,1.29069,0,0.997124,2.1168,9.22605e+06,4.06077e+06,1.1908e+07,0,0,0,0
85.139,85.139,5.63281,0,0.04,2.84151,2.84151,0,0.532466,4.47552,4.43944e+06,3.03805e+06,1.26147e+07,0,0,0,0,80.8192,79.791,7.35117,0,1,1.29077,1.29077,0,0.997187,2.1168,9.22605e+06,4.06077e+06,1.19087e+07,0,0,0,0
85.139,85.139,4.47918,0,0.04,2.94552,2.94552,0,0.532499,4.47552,4.43944e+06,3.03805e+06,1.30765e+07,0,0,0,0,80.8192,79.791,4.58317,0,1,1.34277,1.34277,0,0.99725,2.1168,9.22605e+06,4.06077e+06,1.23885e+07,0,0,0,0
85.139,85.139,3.66471,0,0.04,2.94571,2.94571,0,0.551991,4.47552,4.43944e+06,3.03805e+06,1.30773e+07,0,0,0,0,80.8192,79.791,4.08357,0,1,1.34285,1.34285,0,1.03742,2.1168,9.22605e+06,4.06077e+06,1.23892e+07,0,0,0,0
84.8537,85.139,3.10043,0,0.04,2.94589,2.94589,0,0.552026,4.47552,4.43944e+06,3.03805e+06,1.30781e+07,0,0,0,0,80.8192,79.791,3.6089,0,1,1.34294,1.34294,0,1.03749,2.1168,9.22605e+06,4.06077e+06,1.239e+07,0,0,0,0
84.6278,85.139,3.12506,0,0.04,2.94608,2.94608,0,0.55206,4.47552,4.43944e+06,3.03805e+06,1.30789e+07,0,0,0,0,80.8192,79.791,3.8352,0,1,1.34302,1.34302,0,1.03755,2.1168,9.22605e+06,4.06077e+06,1.23908e+07,0,0,0,0
84.7737,85.139,3.50013,0,0.04,2.90566,2.90566,0,0.552095,4.47552,4.43944e+06,3.03805e+06,1.28995e+07,0,0,0,0,80.8192,79.791,4.84416,0,1,1.32294,1.32294,0,1.03762,2.1168,9.22605e+06,4.06077e+06,1.22055e+07,0,0,0,0
84.5559,85.139,3.09729,0,0.04,2.90584,2.90584,0,0.54452,4.47552,4.43944e+06,3.03805e+06,1.29003e+07,0,0,0,0,80.8192,79.791,4.28634,0,1,1.32302,1.32302,0,1.0221,2.1168,9.22605e+06,4.06077e+06,1.22063e+07,0,0,0,0
84.0774,85.139,2.79989,0,0.04,2.90603,2.90603,0,0.544555,4.47552,4.43944e+06,3.03805e+06,1.29011e+07,0,0,0,0,80.8192,79.791,3.87935,0,1,1.32311,1.32311,0,1.02217,2.1168,9.22605e+06,4.06077e+06,1.22071e+07,0,0,0,0
83.4135,85.139,2.57707,0,0.04,2.90621,2.90621,0,0.544589,4.47552,4.43944e+06,3.03805e+06,1.29019e+07,0,0,0,0,80.8192,79.791,3.67094,0,1,1.32319,1.32319,0,1.02223,2.1168,9.22605e+06,4.06077e+06,1.22078e+07,0,0,0,0
82.5402,85.139,2.42127,0,0.04,3.04426,3.04426,0,0.544624,4.47552,4.43944e+06,3.03805e+06,1.35148e+07,0,0,0,0,80.8192,79.791,3.53258,0,1,1.39482,1.39482,0,1.0223,2.1168,9.22605e+06,4.06077e+06,1.28687e+07,0,0,0,0
81.6056,85.139,2.33749,0,0.04,3.04446,3.04446,0,0.570495,4.47552,4.43944e+06,3.03805e+06,1.35157e+07,0,0,0,0,80.8192,79.791,3.47828,0,1,1.39491,1.39491,0,1.07764,2.1168,9.22605e+06,4.06077e+06,1.28695e+07,0,0,0,0
80.4403,85.139,2.10504,0,0.04,3.04465,3.04465,0,0.570531,4.47552,4.43944e+06,3.03805e+06,1.35165e+07,0,0,0,0,80.8192,79.791,3.41485,0,1,1.39499,1.39499,0,1.0777,2.1168,9.22605e+06,4.06077e+06,1.28703e+07,0,0,0,0
79.2085,85.139,2.00509,0,0.04,3.04484,3.04484,0,0.570567,4.47552,4.43944e+06,3.03805e+06,1.35174e+07,0,0,0,0,80.8192,79.791,3.42854,0,1,1.39508,1.39508,0,1.07777,2.1168,9.22605e+06,4.06077e+06,1.28711e+07,0,0,0,0
78.3113,85.139,2.28689,0,0.04,3.04503,3.04503,0,0.570603,4.47552,4.43944e+06,3.03805e+06,1.35182e+07,0,0,0,0,80.8192,79.791,3.3368,0,1,1.39517,1.39517,0,1.07784,2.1168,9.22605e+06,4.06077e+06,1.28719e+07,0,0,0,0
77.5235,85.139,2.37018,0,0.04,3.01795,3.01795,0,0.570639,4.47552,4.43944e+06,3.03805e+06,1.3398e+07,0,0,0,0,80.8192,79.791,3.37155,0,1,1.43459,1.43459,0,1.07791,2.1168,9.22605e+06,4.06077e+06,1.32356e+07,0,0,0,0
76.5304,85.139,2.14343,0,0.04,3.01814,3.01814,0,0.565564,4.47552,4.43944e+06,3.03805e+06,1.33988e+07,0,0,0,0,80.8192,79.791,3.02928,0,1,1.43468,1.43468,0,1.10837,2.1168,9.22605e+06,4.06077e+06,1.32365e+07,0,0,0,0
75.4765,85.139,2.03552,0.01,0.04,3.01833,3.01833,0,0.5656,4.47552,4.43944e+06,3.03805e+06,1.33997e+07,0,0,0,0,80.8192,79.791,2.97182,0,1,1.43477,1.43477,0,1.10844,2.1168,9.22605e+06,4.06077e+06,1.32373e+07,0,0,0,0
74.2812,85.139,1.87544,0.01,0.04,3.01852,3.01852,0,0.565635,4.47552,4.43944e+06,3.03805e+06,1.34005e+07,0,0,0,0,80.8192,79.791,2.89967,0,1,1.43486,1.43486,0,1.10851,2.1168,9.22605e+06,4.06077e+06,1.32381e+07,0,0,0,0
73.2687,85.139,2.1183,0.01,0.04,3.08916,3.08916,0,0.565671,4.47552,4.43944e+06,3.03805e+06,1.37141e+07,0,0,0,0,80.8192,79.791,3.1231,0,1,1.47002,1.47002,0,1.10858,2.1168,9.22605e+06,4.06077e+06,1.35625e+07,0,0,0,0
72.0645,85.139,1.91105,0.01,0.04,3.08936,3.08936,0,0.578909,4.47552,4.43944e+06,3.03805e+06,1.3715e+07,0,0,0,0,80.8192,79.791,3.00134,0,1,1.47011,1.47011,0,1.13574,2.1168,9.22605e+06,4.06077e+06,1.35633e+07,0,0,0,0
70.7094,85.139,1.74276,0.01,0.04,3.08955,3.08955,0,0.578946,4.47552,4.43944e+06,3.03805e+06,1.37159e+07,0,0,0,0,80.8192,79.791,2.77634,0,1,1.4702,1.4702,0,1.13581,2.1168,9.22605e+06,4.06077e+06,1.35642e+07,0,0,0,0
69.1605,85.139,1.51842,0.02,0.04,3.08975,3.08975,0,0.578983,4.47552,4.43944e+06,3.03805e+06,1.37167e+07,0,0,0,0,80.8192,79.791,2.75678,0,1,1.4703,1.4703,0,1.13588,2.1168,9.22605e+06,4.06077e+06,1.3565e+07,0,0,0,0
67.2287,85.139,1.29304,0.02,0.04,3.29631,3.29631,0,0.579019,4.47552,4.43944e+06,3.03805e+06,1.46338e+07,0,0,0,0,80.8192,79.791,2.68362,0,1,1.59698,1.59698,0,1.13595,2.1168,9.22605e+06,4.06077e+06,1.47339e+07,0,0,0,0
65.1619,85.139,1.13138,0.02,0.04,3.29652,3.29652,0,0.617728,4.47552,4.43944e+06,3.03805e+06,1.46347e+07,0,0,0,0,80.8192,79.791,2.49918,0,1,1.59708,1.59708,0,1.23383,2.1168,9.22605e+06,4.06077e+06,1.47348e+07,0,0,0,0
63.1838,85.139,1.19244,0.02,0.04,3.29673,3.29673,0,0.617767,4.47552,4.43944e+06,3.03805e+06,1.46356e+07,0,0,0,0,80.8192,79.791,2.47827,0,1,1.59719,1.59719,0,1.23391,2.1168,9.22605e+06,4.06077e+06,1.47357e+07,0,0,0,0
61.7727,85.139,1.78769,0.02,0.04,3.29693,3.29693,0,0.617806,4.47552,4.43944e+06,3.03805e+06,1.46365e+07,0,0,0,0,80.8192,79.791,2.93813,0,1,1.59729,1.59729,0,1.23399,2.1168,9.22605e+06,4.06077e+06,1.47366e+07,0,0,0,0
60.6453,85.139,2.07235,0.02,0.04,3.29714,3.29714,0,0.617845,4.47552,4.43944e+06,3.03805e+06,1.46375e+07,0,0,0,0,80.8192,79.791,2.9043,0,1,1.59739,1.59739,0,1.23406,2.1168,9.22605e+06,4.06077e+06,1.47376e+07,0,0,0,0
59.9178,85.139,2.40346,0.02,0.04,3.19674,3.19674,0,0.617884,4.47552,4.43944e+06,3.03805e+06,1.41917e+07,0,0,0,0,80.8192,79.791,3.96245,0,1,1.52063,1.52063,0,1.23414,2.1168,9.22605e+06,4.06077e+06,1.40294e+07,0,0,0,0
57.9619,85.139,1.12776,0.02,0.04,3.19695,3.19695,0,0.59907,4.47552,4.43944e+06,3.03805e+06,1.41926e+07,0,0,0,0,80.8192,79.791,2.0942,0,1,1.52072,1.52072,0,1.17484,2.1168,9.22605e+06,4.06077e+06,1.40303e+07,0,0,0,0
56.2643,85.139,1.37604,0.02,0.04,3.19715,3.19715,0,0.599108,4.47552,4.43944e+06,3.03805e+06,1.41935e+07,0,0,0,0,80.8192,79.791,2.36215,0,1,1.52082,1.52082,0,1.17491,2.1168,9.22605e+06,4.06077e+06,1.40311e+07,0,0,0,0
56.7754,85.139,3.70572,0.02,0.04,3.19735,3.19735,0,0.599146,4.47552,4.43944e+06,3.03805e+06,1.41944e+07,0,0,0,0,80.8192,79.791,5.16269,0,1,1.52091,1.52091,0,1.17498,2.1168,9.22605e+06,4.06077e+06,1.4032e+07,0,0,0,0
55.5216,85.139,1.82776,0.02,0.04,3.11495,3.11495,0,0.599184,4.47552,4.43944e+06,3.03805e+06,1.38286e+07,0,0,0,0,80.8192,79.791,2.24208,0,1,1.45103,1.45103,0,1.17506,2.1168,9.22605e+06,4.06077e+06,1.33873e+07,0,0,0,0
54.4409,85.139,1.97382,0.02,0.04,3.11515,3.11515,0,0.583742,4.47552,4.43944e+06,3.03805e+06,1.38295e+07,0,0,0,0,80.8192,79.791,3.07757,0,1,1.45112,1.45112,0,1.12106,2.1168,9.22605e+06,4.06077e+06,1.33881e+07,0,0,0,0
53.21,85.139,1.85587,0.02,0.04,3.11535,3.11535,0,0.583779,4.47552,4.43944e+06,3.03805e+06,1.38304e+07,0,0,0,0,80.8192,79.791,3.09462,0,1,1.45121,1.45121,0,1.12114,2.1168,9.22605e+06,4.06077e+06,1.3389e+07,0,0,0,0
53.4978,85.139,3.44933,0.02,0.04,3.11554,3.11554,0,0.583816,4.47552,4.43944e+06,3.03805e+06,1.38313e+07,0,0,0,0,80.8192,79.791,3.74563,0,1,1.4513,1.4513,0,1.12121,2.1168,9.22605e+06,4.06077e+06,1.33898e+07,0,0,0,0
54.7874,85.139,4.18974,0.02,0.04,2.88109,2.88109,0,0.583853,4.47552,4.43944e+06,3.03805e+06,1.27904e+07,0,0,0,0,80.8192,79.791,3.28861,0,1,1.30561,1.30561,0,1.12128,2.1168,9.22605e+06,4.06077e+06,1.20456e+07,0,0,0,0
57.5297,85.139,5.87141,0.02,0.04,2.88127,2.88127,0,0.539916,4.47552,4.43944e+06,3.03805e+06,1.27912e+07,0,0,0,0,80.8192,79.791,5.32113,0,1,1.30569,1.30569,0,1.00871,2.1168,9.22605e+06,4.06077e+06,1.20464e+07,0,0,0,0
61.3116,85.139,6.83774,0.02,0.04,2.88145,2.88145,0,0.53995,4.47552,4.43944e+06,3.03805e+06,1.2792e+07,0,0,0,0,80.8192,79.791,6.5134,0,1,1.30577,1.30577,0,1.00878,2.1168,9.22605e+06,4.06077e+06,1.20471e+07,0,0,0,0
62.6248,85.139,4.4662,0.02,0.04,2.88163,2.88163,0,0.539984,4.47552,4.43944e+06,3.03805e+06,1.27928e+07,0,0,0,0,80.8192,79.791,3.13635,0,1,1.30586,1.30586,0,1.00884,2.1168,9.22605e+06,4.06077e+06,1.20479e+07,0,0,0,0
68.2789,85.139,8.96537,0.02,0.04,2.88182,2.88182,0,0.540018,4.47552,4.43944e+06,3.03805e+06,1.27936e+07,0,0,0,0,80.8192,79.791,4.56928,0,1,1.30594,1.30594,0,1.0089,2.1168,9.22605e+06,4.06077e+06,1.20486e+07,0,0,0,0
73.1414,85.139,8.55463,0.01,0.04,2.97228,2.97228,0,0.540052,4.47552,4.43944e+06,3.03805e+06,1.31952e+07,0,0,0,0,80.8192,79.791,5.52797,0,1,1.34825,1.34825,0,1.00897,2.54016,9.22605e+06,4.06077e+06,1.2439e+07,0,0,0,0
75.7892,85.139,6.09303,0.01,0.04,2.97245,2.97245,0,0.557005,4.47552,4.43944e+06,3.03805e+06,1.3196e+07,0,0,0,0,80.8192,79.791,7.08261,0,1,1.34833,1.34833,0,1.04166,2.54016,9.22605e+06,4.06077e+06,1.24397e+07,0,0,0,0
77.7808,85.139,5.43469,0.01,0.04,2.97262,2.97262,0,0.557037,4.47552,4.43944e+06,3.03805e+06,1.31968e+07,0,0,0,0,80.8192,79.791,5.46219,0,1,1.3484,1.3484,0,1.04172,2.54016,9.22605e+06,4.06077e+06,1.24404e+07,0,0,0,0
80.7381,85.139,6.48794,0,0.04,2.9728,2.9728,0,0.55707,4.47552,4.43944e+06,3.03805e+06,1.31975e+07,0,0,0,0,80.8192,79.791,6.20169,0,1,1.34848,1.34848,0,1.04178,2.54016,9.22605e+06,4.06077e+06,1.24412e+07,0,0,0,0
83.8611,85.139,6.82683,0,0.04,3.26294,3.26294,0,0.557102,4.47552,4.43944e+06,3.03805e+06,1.44856e+07,0,0,0,0,80.8192,79.791,5.26624,0,1,1.50712,1.50712,0,1.04184,2.54016,9.22605e+06,4.06077e+06,1.39048e+07,0,0,0,0
85.139,85.139,7.16433,0,0.04,3.26313,3.26313,0,0.611476,4.47552,4.43944e+06,3.03805e+06,1.44865e+07,0,0,0,0,80.8192,79.791,4.92739,0,1,1.50721,1.50721,0,1.1644,2.54016,9.22605e+06,4.06077e+06,1.39056e+07,0,0,0,0
85.139,85.139,5.45921,0,0.04,3.26332,3.26332,0,0.611511,4.47552,4.43944e+06,3.03805e+06,1.44873e+07,0,0,0,0,80.8192,79.791,3.63375,0,1,1.50729,1.50729,0,1.16447,2.54016,9.22605e+06,4.06077e+06,1.39064e+07,0,0,0,0
85.139,85.139,5.31862,0,0.04,3.26351,3.26351,0,0.611546,4.47552,4.43944e+06,3.03805e+06,1.44881e+07,0,0,0,0,80.8192,79.791,3.95289,0,1,1.50738,1.50738,0,1.16454,2.54016,9.22605e+06,4.06077e+06,1.39072e+07,0,0,0,0
85.139,85.139,4.45025,0,0.04,2.85,2.85,0,0.611581,4.47552,4.43944e+06,3.03805e+06,1.26524e+07,0,0,0,0,80.8192,79.791,5.32086,0,1,1.29463,1.29463,0,1.1646,2.54016,9.22605e+06,4.06077e+06,1.19443e+07,0,0,0,0
85.139,85.139,4.81133,0,0.04,2.85017,2.85017,0,0.53409,4.47552,4.43944e+06,3.03805e+06,1.26531e+07,0,0,0,0,80.8192,79.791,4.92201,0,1,1.2947,1.2947,0,1.00023,2.54016,9.22605e+06,4.06077e+06,1.1945e+07,0,0,0,0
85.139,85.139,5.10782,0,0.04,2.85033,2.85033,0,0.534121,4.47552,4.43944e+06,3.03805e+06,1.26539e+07,0,0,0,0,80.8192,79.791,5.38022,0,1,1.29478,1.29478,0,1.00029,2.54016,9.22605e+06,4.06077e+06,1.19457e+07,0,0,0,0
85.139,85.139,4.34201,0,0.04,2.8505,2.8505,0,0.534152,4.47552,4.43944e+06,3.03805e+06,1.26546e+07,0,0,0,0,80.8192,79.791,4.20239,0,1,1.29485,1.29485,0,1.00034,2.54016,9.22605e+06,4.06077e+06,1.19464e+07,0,0,0,0
85.139,85.139,4.97283,0,0.04,2.85066,2.85066,0,0.534183,4.47552,4.43944e+06,3.03805e+06,1.26553e+07,0,0,0,0,80.8192,79.791,4.07617,0,1,1.29493,1.29493,0,1.0004,2.54016,9.22605e+06,4.06077e+06,1.19471e+07,0,0,0,0
85.139,85.139,9.28259,0,0.04,2.95499,2.95499,0,0.534214,4.47552,4.43944e+06,3.03805e+06,1.31185e+07,0,0,0,0,80.8192,79.791,6.19965,0,1,1.34709,1.34709,0,1.00046,2.54016,9.22605e+06,4.06077e+06,1.24283e+07,0,0,0,0
85.139,85.139,6.54054,0,0.04,2.95516,2.95516,0,0.553765,4.47552,4.43944e+06,3.03805e+06,1.31192e+07,0,0,0,0,80.8192,79.791,4.16966,0,1,1.34716,1.34716,0,1.04076,2.54016,9.22605e+06,4.06077e+06,1.2429e+07,0,0,0,0
85.139,85.139,5.84291,0,0.04,2.95533,2.95533,0,0.553797,4.47552,4.43944e+06,3.03805e+06,1.312e+07,0,0,0,0,80.8192,79.791,3.6249,0,1,1.34724,1.34724,0,1.04082,2.54016,9.22605e+06,4.06077e+06,1.24297e+07,0,0,0,0
85.139,85.139,5.54037,0,0.04,2.9555,2.9555,0,0.553829,4.47552,4.43944e+06,3.03805e+06,1.31208e+07,0,0,0,0,80.8192,79.791,4.25178,0,1,1.34732,1.34732,0,1.04088,2.54016,9.22605e+06,4.06077e+06,1.24304e+07,0,0,0,0
85.139,85.139,4.82009,0,0.04,2.91493,2.91493,0,0.553861,4.47552,4.43944e+06,3.03805e+06,1.29407e+07,0,0,0,0,80.8192,79.791,4.06086,0,1,1.32716,1.32716,0,1.04094,2.54016,9.22605e+06,4.06077e+06,1.22445e+07,0,0,0,0
85.139,85.139,4.01471,0,0.04,2.9151,2.9151,0,0.546259,4.47552,4.43944e+06,3.03805e+06,1.29414e+07,0,0,0,0,80.8192,79.791,3.52392,0,1,1.32724,1.32724,0,1.02537,2.54016,9.22605e+06,4.06077e+06,1.22452e+07,0,0,0,0
85.139,85.139,3.55512,0,0.04,2.91527,2.91527,0,0.54629,4.47552,4.43944e+06,3.03805e+06,1.29422e+07,0,0,0,0,80.8192,79.791,3.10656,0,1,1.32732,1.32732,0,1.02543,2.54016,9.22605e+06,4.06077e+06,1.22459e+07,0,0,0,0
85.0791,85.139,3.21645,0,0.04,2.91544,2.91544,0,0.546322,4.47552,4.43944e+06,3.03805e+06,1.29429e+07,0,0,0,0,80.8192,79.791,2.81525,0,1,1.32739,1.32739,0,1.02548,2.54016,9.22605e+06,4.06077e+06,1.22466e+07,0,0,0,0
85.139,85.139,3.58327,0,0.04,3.05392,3.05392,0,0.546353,4.47552,4.43944e+06,3.03805e+06,1.35577e+07,0,0,0,0,80.8192,79.791,3.18871,0,1,1.39924,1.39924,0,1.02554,2.54016,9.22605e+06,4.06077e+06,1.29095e+07,0,0,0,0
85.139,85.139,3.35517,0,0.04,3.05409,3.05409,0,0.572304,4.47552,4.43944e+06,3.03805e+06,1.35584e+07,0,0,0,0,80.8192,79.791,3.13143,0,1,1.39932,1.39932,0,1.08105,2.54016,9.22605e+06,4.06077e+06,1.29102e+07,0,0,0,0
84.8588,85.139,3.02733,0,0.04,3.05427,3.05427,0,0.572337,4.47552,4.43944e+06,3.03805e+06,1.35592e+07,0,0,0,0,80.8192,79.791,2.78769,0,1,1.3994,1.3994,0,1.08112,2.54016,9.22605e+06,4.06077e+06,1.29109e+07,0,0,0,0
84.3699,85.139,2.78831,0,0.04,3.05445,3.05445,0,0.57237,4.47552,4.43944e+06,3.03805e+06,1.356e+07,0,0,0,0,80.8192,79.791,2.83366,0,1,1.39948,1.39948,0,1.08118,2.54016,9.22605e+06,4.06077e+06,1.29117e+07,0,0,0,0
84.1816,85.139,3.05923,0,0.04,3.05462,3.05462,0,0.572403,4.47552,4.43944e+06,3.03805e+06,1.35608e+07,0,0,0,0,80.8192,79.791,2.73603,0,1,1.39956,1.39956,0,1.08124,2.54016,9.22605e+06,4.06077e+06,1.29124e+07,0,0,0,0
84.3496,85.139,3.3717,0,0.04,3.02744,3.02744,0,0.572436,4.47552,4.43944e+06,3.03805e+06,1.34401e+07,0,0,0,0,80.8192,79.791,3.15464,0,1,1.4391,1.4391,0,1.0813,2.54016,9.22605e+06,4.06077e+06,1.32772e+07,0,0,0,0
84.2126,85.139,3.06534,0,0.04,3.02761,3.02761,0,0.567342,4.47552,4.43944e+06,3.03805e+06,1.34409e+07,0,0,0,0,80.8192,79.791,3.00119,0,1,1.43918,1.43918,0,1.11185,2.54016,9.22605e+06,4.06077e+06,1.3278e+07,0,0,0,0
83.8193,85.139,2.78676,0,0.04,3.02779,3.02779,0,0.567375,4.47552,4.43944e+06,3.03805e+06,1.34417e+07,0,0,0,0,80.8192,79.791,2.75464,0,1,1.43927,1.43927,0,1.11191,2.54016,9.22605e+06,4.06077e+06,1.32788e+07,0,0,0,0
83.3219,85.139,2.63982,0,0.04,3.02796,3.02796,0,0.567407,4.47552,4.43944e+06,3.03805e+06,1.34424e+07,0,0,0,0,80.8192,79.791,2.72954,0,1,1.43935,1.43935,0,1.11198,2.54016,9.22605e+06,4.06077e+06,1.32795e+07,0,0,0,0
82.8681,85.139,2.75716,0,0.04,3.09881,3.09881,0,0.56744,4.47552,4.43944e+06,3.03805e+06,1.3757e+07,0,0,0,0,80.8192,79.791,2.63825,0,1,1.47461,1.47461,0,1.11204,2.54016,9.22605e+06,4.06077e+06,1.36048e+07,0,0,0,0
82.2796,85.139,2.60497,0,0.04,3.09899,3.09899,0,0.580717,4.47552,4.43944e+06,3.03805e+06,1.37578e+07,0,0,0,0,80.8052,79.791,2.74097,0,1,1.47469,1.47469,0,1.13928,2.54016,9.22605e+06,4.06077e+06,1.36056e+07,0,0,0,0
81.5324,85.139,2.43697,0.01,0.04,3.09917,3.09917,0,0.58075,4.47552,4.43944e+06,3.03805e+06,1.37585e+07,0,0,0,0,80.7422,79.791,2.50837,0,1,1.47478,1.47478,0,1.13935,2.54016,9.22605e+06,4.06077e+06,1.36064e+07,0,0,0,0
80.7587,85.139,2.39798,0.01,0.04,3.09935,3.09935,0,0.580784,4.47552,4.43944e+06,3.03805e+06,1.37593e+07,0,0,0,0,80.729,79.791,2.69257,0,1,1.47486,1.47486,0,1.13941,2.54016,9.22605e+06,4.06077e+06,1.36072e+07,0,0,0,0
79.875,85.139,2.44241,0.01,0.04,3.30653,3.30653,0,0.580817,4.47552,4.43944e+06,3.03805e+06,1.46791e+07,0,0,0,0,80.5703,79.791,2.48437,0,1,1.60193,1.60193,0,1.13948,2.54016,9.22605e+06,4.06077e+06,1.47795e+07,0,0,0,0
79.2022,85.139,2.66038,0.01,0.04,3.30672,3.30672,0,0.619643,4.47552,4.43944e+06,3.03805e+06,1.468e+07,0,0,0,0,80.4594,79.791,2.64172,0,1,1.60203,1.60203,0,1.23765,2.54016,9.22605e+06,4.06077e+06,1.47804e+07,0,0,0,0
78.0024,85.139,2.1375,0.01,0.04,3.30691,3.30691,0,0.619679,4.47552,4.43944e+06,3.03805e+06,1.46808e+07,0,0,0,0,80.1861,79.791,1.98917,0,1,1.60212,1.60212,0,1.23773,2.54016,9.22605e+06,4.06077e+06,1.47812e+07,0,0,0,0
77.2504,85.139,2.56326,0.01,0.04,3.3071,3.3071,0,0.619715,4.47552,4.43944e+06,3.03805e+06,1.46817e+07,0,0,0,0,80.2114,79.791,3.25513,0,1,1.60221,1.60221,0,1.2378,2.54016,9.22605e+06,4.06077e+06,1.47821e+07,0,0,0,0
76.1983,85.139,2.27258,0.01,0.04,3.30729,3.30729,0,0.619751,4.47552,4.43944e+06,3.03805e+06,1.46825e+07,0,0,0,0,80.1149,79.791,2.50828,0,1,1.6023,1.6023,0,1.23787,2.54016,9.22605e+06,4.06077e+06,1.47829e+07,0,0,0,0
76.2108,85.139,3.28566,0.02,0.04,3.20657,3.20657,0,0.619787,4.47552,4.43944e+06,3.03805e+06,1.42354e+07,0,0,0,0,80.3577,79.791,2.85531,0,1,1.5253,1.5253,0,1.23794,2.54016,9.22605e+06,4.06077e+06,1.40725e+07,0,0,0,0
75.7181,85.139,2.77095,0.02,0.04,3.20675,3.20675,0,0.600911,4.47552,4.43944e+06,3.03805e+06,1.42362e+07,0,0,0,0,80.8192,79.791,4.58517,0,1,1.52539,1.52539,0,1.17845,2.54016,9.22605e+06,4.06077e+06,1.40733e+07,0,0,0,0
74.8431,85.139,2.38457,0.02,0.04,3.20694,3.20694,0,0.600946,4.47552,4.43944e+06,3.03805e+06,1.4237e+07,0,0,0,0,80.8192,79.791,2.5743,0,1,1.52548,1.52548,0,1.17851,2.54016,9.22605e+06,4.06077e+06,1.40741e+07,0,0,0,0
74.0563,85.139,2.48011,0.02,0.04,3.20712,3.20712,0,0.60098,4.47552,4.43944e+06,3.03805e+06,1.42378e+07,0,0,0,0,80.8192,79.791,2.49436,0,1,1.52556,1.52556,0,1.17858,2.54016,9.22605e+06,4.06077e+06,1.40749e+07,0,0,0,0
72.5712,85.139,1.8094,0.02,0.04,3.12446,3.12446,0,0.601015,4.47552,4.43944e+06,3.03805e+06,1.38708e+07,0,0,0,0,80.8192,79.791,2.44288,0,1,1.45546,1.45546,0,1.17865,2.54016,9.22605e+06,4.06077e+06,1.34281e+07,0,0,0,0
71.8728,85.139,2.61875,0.02,0.04,3.12464,3.12464,0,0.585523,4.47552,4.43944e+06,3.03805e+06,1.38716e+07,0,0,0,0,80.8192,79.791,3.12035,0,1,1.45554,1.45554,0,1.12449,2.54016,9.22605e+06,4.06077e+06,1.34289e+07,0,0,0,0
71.6106,85.139,3.06205,0.02,0.04,3.12482,3.12482,0,0.585557,4.47552,4.43944e+06,3.03805e+06,1.38724e+07,0,0,0,0,80.8192,79.791,5.49177,0,1,1.45562,1.45562,0,1.12455,2.54016,9.22605e+06,4.06077e+06,1.34297e+07,0,0,0,0
70.5283,85.139,2.23964,0.02,0.04,3.125,3.125,0,0.585591,4.47552,4.43944e+06,3.03805e+06,1.38732e+07,0,0,0,0,80.8192,79.791,3.84171,0,1,1.45571,1.45571,0,1.12462,2.54016,9.22605e+06,4.06077e+06,1.34304e+07,0,0,0,0
71.2432,85.139,4.03873,0.01,0.04,2.88982,2.88982,0,0.585625,4.47552,4.43944e+06,3.03805e+06,1.28292e+07,0,0,0,0,80.8192,79.791,4.94742,0,1,1.30956,1.30956,0,1.12468,2.54016,9.22605e+06,4.06077e+06,1.20821e+07,0,0,0,0
72.3757,85.139,4.40383,0.01,0.04,2.88998,2.88998,0,0.541552,4.47552,4.43944e+06,3.03805e+06,1.28299e+07,0,0,0,0,80.8192,79.791,4.63037,0,1,1.30964,1.30964,0,1.01177,2.54016,9.22605e+06,4.06077e+06,1.20828e+07,0,0,0,0
74.7491,85.139,5.77031,0.01,0.04,2.89015,2.89015,0,0.541583,4.47552,4.43944e+06,3.03805e+06,1.28306e+07,0,0,0,0,80.8192,79.791,5.41534,0,1,1.30971,1.30971,0,1.01183,2.54016,9.22605e+06,4.06077e+06,1.20835e+07,0,0,0,0
76.5825,85.139,5.27275,0.01,0.04,2.89032,2.89032,0,0.541614,4.47552,4.43944e+06,3.03805e+06,1.28314e+07,0,0,0,0,80.8192,79.791,9.83009,0,1,1.30979,1.30979,0,1.01189,2.54016,9.22605e+06,4.06077e+06,1.20842e+07,0,0,0,0
77.915,85.139,4.62377,0.01,0.04,2.89048,2.89048,0,0.541646,4.47552,4.43944e+06,3.03805e+06,1.28321e+07,0,0,0,0,80.8192,79.791,5.05179,0,1,1.30987,1.30987,0,1.01194,2.54016,9.22605e+06,4.06077e+06,1.20849e+07,0,0,0,0
81.0444,85.139,6.90097,0,0.04,2.9812,2.9812,0,0.541677,4.47552,4.43944e+06,3.03805e+06,1.32349e+07,0,0,0,0,80.8192,79.791,5.99487,0,0,1.3523,1.3523,0,1.012,2.54016,9.22605e+06,4.06077e+06,1.24763e+07,0,0,0,0
83.9824,85.139,6.53008,0,0.04,2.98136,2.98136,0,0.558678,4.47552,4.43944e+06,3.03805e+06,1.32356e+07,0,0,0,0,80.8192,79.791,5.85458,0,0,1.35237,1.35237,0,1.04478,2.54016,9.22605e+06,4.06077e+06,1.2477e+07,0,0,0,0
85.139,85.139,7.03292,0,0.04,2.98152,2.98152,0,0.558707,4.47552,4.43944e+06,3.03805e+06,1.32363e+07,0,0,0,0,80.8192,79.791,8.45301,0,0,1.35244,1.35244,0,1.04484,2.54016,9.22605e+06,4.06077e+06,1.24777e+07,0,0,0,0
85.139,85.139,6.46969,0,0.04,2.98167,2.98167,0,0.558736,4.47552,4.43944e+06,3.03805e+06,1.32369e+07,0,0,0,0,80.8192,79.791,4.79963,0,0,1.35251,1.35251,0,1.04489,2.54016,9.22605e+06,4.06077e+06,1.24783e+07,0,0,0,0
85.139,85.139,6.13531,0,0.04,3.27267,3.27267,0,0.558766,4.47552,4.43944e+06,3.03805e+06,1.45288e+07,0,0,0,0,80.8192,79.791,4.61724,0,0,1.51161,1.51161,0,1.04495,2.54016,9.22605e+06,4.06077e+06,1.39462e+07,0,0,0,0
85.139,85.139,3.87325,0,0.04,3.27284,3.27284,0,0.613299,4.47552,4.43944e+06,3.03805e+06,1.45296e+07,0,0,0,0,80.8192,79.791,3.61131,0,0,1.51169,1.51169,0,1.16787,2.54016,9.22605e+06,4.06077e+06,1.3947e+07,0,0,0,0
85.139,85.139,4.44538,0,0.04,3.27301,3.27301,0,0.613331,4.47552,4.43944e+06,3.03805e+06,1.45303e+07,0,0,0,0,80.8192,79.791,3.94464,0,0,1.51177,1.51177,0,1.16793,2.54016,9.22605e+06,4.06077e+06,1.39477e+07,0,0,0,0
85.139,85.139,4.68671,0,0.04,3.27319,3.27319,0,0.613363,4.47552,4.43944e+06,3.03805e+06,1.45311e+07,0,0,0,0,80.8192,79.791,4.16814,0,0,1.51185,1.51185,0,1.168,2.54016,9.22605e+06,4.06077e+06,1.39484e+07,0,0,0,0
84.7719,85.139,2.95638,0,0.04,2.85844,2.85844,0,0.613395,4.47552,4.43944e+06,3.03805e+06,1.26899e+07,0,0,0,0,80.7235,79.791,3.35981,0,0,1.29846,1.29846,0,1.16806,2.54016,9.22605e+06,4.06077e+06,1.19797e+07,0,0,0,0
84.128,85.139,2.67224,0,0.04,2.85859,2.85859,0,0.535671,4.47552,4.43944e+06,3.03805e+06,1.26905e+07,0,0,0,0,80.8192,79.791,2.63088,0,0,1.29853,1.29853,0,1.00319,2.54016,9.22605e+06,4.06077e+06,1.19803e+07,0,0,0,0
85.0281,85.139,4.24199,0,0.04,2.85874,2.85874,0,0.5357,4.47552,4.43944e+06,3.03805e+06,1.26912e+07,0,0,0,0,80.8192,79.791,3.84431,0,0,1.2986,1.2986,0,1.00324,2.54016,9.22605e+06,4.06077e+06,1.19809e+07,0,0,0,0
85.139,85.139,4.65771,0,0.04,2.85889,2.85889,0,0.535728,4.47552,4.43944e+06,3.03805e+06,1.26919e+07,0,0,0,0,80.8192,79.791,4.08332,0,0,1.29866,1.29866,0,1.0033,2.54016,9.22605e+06,4.06077e+06,1.19815e+07,0,0,0,0
85.139,85.139,3.96133,0,0.04,2.85904,2.85904,0,0.535756,4.47552,4.43944e+06,3.03805e+06,1.26925e+07,0,0,0,0,80.2702,79.791,3.03288,0,0,1.29873,1.29873,0,1.00335,2.54016,9.22605e+06,4.06077e+06,1.19822e+07,0,0,0,0
84.8799,85.139,3.12037,0,0.04,2.96366,2.96366,0,0.535784,4.47552,4.43944e+06,3.03805e+06,1.3157e+07,0,0,0,0,80.2466,79.791,1.94041,0,0,1.35104,1.35104,0,1.0034,2.54016,9.22605e+06,4.06077e+06,1.24647e+07,0,0,0,0
84.2191,85.139,2.69075,0,0.04,2.96381,2.96381,0,0.555389,4.47552,4.43944e+06,3.03805e+06,1.31577e+07,0,0,0,0,80.4829,79.791,2.08823,0,0,1.35111,1.35111,0,1.04381,2.54016,9.22605e+06,4.06077e+06,1.24654e+07,0,0,0,0
83.5985,85.139,2.71903,0,0.04,2.96397,2.96397,0,0.555419,4.47552,4.43944e+06,3.03805e+06,1.31583e+07,0,0,0,0,80.2591,79.791,2.45277,0,0,1.35118,1.35118,0,1.04387,2.54016,9.22605e+06,4.06077e+06,1.2466e+07,0,0,0,0
82.5549,85.139,2.22197,0,0.04,2.96412,2.96412,0,0.555448,4.47552,4.43944e+06,3.03805e+06,1.3159e+07,0,0,0,0,80.4987,79.791,1.83686,0,0,1.35125,1.35125,0,1.04392,2.54016,9.22605e+06,4.06077e+06,1.24667e+07,0,0,0,0
82.0058,85.139,2.7461,0,0.04,2.92342,2.92342,0,0.555477,4.47552,4.43944e+06,3.03805e+06,1.29784e+07,0,0,0,0,80.6728,79.791,2.66099,0,0,1.33103,1.33103,0,1.04398,2.54016,9.22605e+06,4.06077e+06,1.22801e+07,0,0,0,0
81.429,85.139,2.67854,0,0.04,2.92358,2.92358,0,0.54785,4.47552,4.43944e+06,3.03805e+06,1.2979e+07,0,0,0,0,80.6481,79.791,2.54286,0,0,1.3311,1.3311,0,1.02835,2.54016,9.22605e+06,4.06077e+06,1.22808e+07,0,0,0,0
80.6304,85.139,2.40602,0,0.04,2.92373,2.92373,0,0.547878,4.47552,4.43944e+06,3.03805e+06,1.29797e+07,0,0,0,0,80.5358,79.791,2.49977,0,0,1.33117,1.33117,0,1.02841,2.54016,9.22605e+06,4.06077e+06,1.22814e+07,0,0,0,0
79.7381,85.139,2.28806,0,0.04,2.92388,2.92388,0,0.547907,4.47552,4.43944e+06,3.03805e+06,1.29804e+07,0,0,0,0,80.7884,79.791,2.24199,0,0,1.33124,1.33124,0,1.02846,2.54016,9.22605e+06,4.06077e+06,1.22821e+07,0,0,0,0
78.7035,85.139,2.24862,0,0.04,3.06275,3.06275,0,0.547936,4.47552,4.43944e+06,3.03805e+06,1.35969e+07,0,0,0,0,80.8192,79.791,2.59459,0,0,1.40329,1.40329,0,1.02851,2.54016,9.22605e+06,4.06077e+06,1.29468e+07,0,0,0,0
77.6991,85.139,2.26177,0,0.04,3.06291,3.06291,0,0.573958,4.47552,4.43944e+06,3.03805e+06,1.35976e+07,0,0,0,0,80.8192,79.791,2.6805,0,0,1.40336,1.40336,0,1.08418,2.54016,9.22605e+06,4.06077e+06,1.29475e+07,0,0,0,0
76.4695,85.139,2.01457,0,0.04,3.06307,3.06307,0,0.573989,4.47552,4.43944e+06,3.03805e+06,1.35983e+07,0,0,0,0,80.7837,79.791,2.45774,0,0,1.40343,1.40343,0,1.08424,2.54016,9.22605e+06,4.06077e+06,1.29481e+07,0,0,0,0
75.1921,85.139,1.89586,0,0.04,3.06323,3.06323,0,0.574019,4.47552,4.43944e+06,3.03805e+06,1.3599e+07,0,0,0,0,80.7658,79.791,2.36174,0,0,1.40351,1.40351,0,1.08429,2.54016,9.22605e+06,4.06077e+06,1.29488e+07,0,0,0,0
73.8497,85.139,1.81171,0.01,0.04,3.06339,3.06339,0,0.574049,4.47552,4.43944e+06,3.03805e+06,1.35997e+07,0,0,0,0,80.8192,79.791,2.35197,0,0,1.40358,1.40358,0,1.08435,2.54016,9.22605e+06,4.06077e+06,1.29495e+07,0,0,0,0
72.5123,85.139,1.76193,0.01,0.04,3.03611,3.03611,0,0.574079,4.47552,4.43944e+06,3.03805e+06,1.34786e+07,0,0,0,0,80.8192,79.791,2.63011,0,0,1.44322,1.44322,0,1.08441,2.54016,9.22605e+06,4.06077e+06,1.33153e+07,0,0,0,0
71.1226,85.139,1.67631,0.01,0.04,3.03627,3.03627,0,0.568967,4.47552,4.43944e+06,3.03805e+06,1.34793e+07,0,0,0,0,80.8192,79.791,2.54549,0,0,1.4433,1.4433,0,1.11503,2.54016,9.22605e+06,4.06077e+06,1.3316e+07,0,0,0,0
69.5413,85.139,1.45368,0.01,0.04,3.03643,3.03643,0,0.568997,4.47552,4.43944e+06,3.03805e+06,1.348e+07,0,0,0,0,80.8192,79.791,2.44282,0,0,1.44338,1.44338,0,1.11509,2.54016,9.22605e+06,4.06077e+06,1.33167e+07,0,0,0,0
67.9569,85.139,1.43089,0.01,0.04,3.03659,3.03659,0,0.569027,4.47552,4.43944e+06,3.03805e+06,1.34807e+07,0,0,0,0,80.8192,79.791,2.49177,0,0,1.44345,1.44345,0,1.11515,2.54016,9.22605e+06,4.06077e+06,1.33174e+07,0,0,0,0
66.5502,85.139,1.64594,0.02,0.04,3.10762,3.10762,0,0.569057,4.47552,4.43944e+06,3.03805e+06,1.37961e+07,0,0,0,0,80.8192,79.791,2.51751,0,0,1.4788,1.4788,0,1.11521,2.54016,9.22605e+06,4.06077e+06,1.36435e+07,0,0,0,0
65.0794,85.139,1.56394,0.02,0.04,3.10778,3.10778,0,0.582368,4.47552,4.43944e+06,3.03805e+06,1.37968e+07,0,0,0,0,80.8192,79.791,2.44909,0,0,1.47888,1.47888,0,1.14252,2.54016,9.22605e+06,4.06077e+06,1.36442e+07,0,0,0,0
63.483,85.139,1.41896,0.02,0.04,3.10795,3.10795,0,0.582398,4.47552,4.43944e+06,3.03805e+06,1.37975e+07,0,0,0,0,80.8192,79.791,2.25168,0,0,1.47896,1.47896,0,1.14258,2.54016,9.22605e+06,4.06077e+06,1.36449e+07,0,0,0,0
61.7469,85.139,1.24679,0.02,0.04,3.10811,3.10811,0,0.582429,4.47552,4.43944e+06,3.03805e+06,1.37982e+07,0,0,0,0,80.8143,79.791,2.22686,0,0,1.47903,1.47903,0,1.14264,2.54016,9.22605e+06,4.06077e+06,1.36456e+07,0,0,0,0
59.9375,85.139,1.31997,0.02,0.04,3.31586,3.31586,0,0.58246,4.47552,4.43944e+06,3.03805e+06,1.47205e+07,0,0,0,0,80.8192,79.791,2.17904,0,0,1.60646,1.60646,0,1.1427,2.54016,9.22605e+06,4.06077e+06,1.48212e+07,0,0,0,0
58.6499,85.139,1.82827,0.02,0.04,3.31603,3.31603,0,0.621392,4.47552,4.43944e+06,3.03805e+06,1.47213e+07,0,0,0,0,80.7107,79.791,2.48142,0,0,1.60654,1.60654,0,1.24115,2.54016,9.22605e+06,4.06077e+06,1.4822e+07,0,0,0,0
57.0354,85.139,1.50151,0.02,0.04,3.31621,3.31621,0,0.621425,4.47552,4.43944e+06,3.03805e+06,1.47221e+07,0,0,0,0,80.6789,79.791,1.98081,0,0,1.60662,1.60662,0,1.24121,2.54016,9.22605e+06,4.06077e+06,1.48228e+07,0,0,0,0
55.699,85.139,1.74276,0.02,0.04,3.31638,3.31638,0,0.621457,4.47552,4.43944e+06,3.03805e+06,1.47229e+07,0,0,0,0,80.8192,79.791,2.97455,0,0,1.60671,1.60671,0,1.24128,2.54016,9.22605e+06,4.06077e+06,1.48236e+07,0,0,0,0
54.1459,85.139,1.49168,0.02,0.04,3.31656,3.31656,0,0.62149,4.47552,4.43944e+06,3.03805e+06,1.47236e+07,0,0,0,0,80.8192,79.791,2.33926,0,0,1.60679,1.60679,0,1.24134,2.54016,9.22605e+06,4.06077e+06,1.48244e+07,0,0,0,0
52.8374,85.139,1.58393,0.02,0.04,3.21553,3.21553,0,0.621523,4.47552,4.43944e+06,3.03805e+06,1.42752e+07,0,0,0,0,80.8192,79.791,2.15579,0,0,1.52956,1.52956,0,1.24141,2.54016,9.22605e+06,4.06077e+06,1.41118e+07,0,0,0,0
51.5414,85.139,1.64963,0.02,0.04,3.2157,3.2157,0,0.602591,4.47552,4.43944e+06,3.03805e+06,1.42759e+07,0,0,0,0,80.8192,79.791,2.64793,0,0,1.52964,1.52964,0,1.18174,2.54016,9.22605e+06,4.06077e+06,1.41126e+07,0,0,0,0
50.2636,85.139,1.66145,0.02,0.04,3.21587,3.21587,0,0.602622,4.47552,4.43944e+06,3.03805e+06,1.42766e+07,0,0,0,0,80.8192,79.791,2.79944,0,0,1.52972,1.52972,0,1.1818,2.54016,9.22605e+06,4.06077e+06,1.41133e+07,0,0,0,0
49.1253,85.139,1.80944,0.02,0.04,3.21604,3.21604,0,0.602654,4.47552,4.43944e+06,3.03805e+06,1.42774e+07,0,0,0,0,80.8192,79.791,2.98421,0,0,1.5298,1.5298,0,1.18186,2.54016,9.22605e+06,4.06077e+06,1.4114e+07,0,0,0,0
47.6359,85.139,1.41304,0.02,0.04,3.13313,3.13313,0,0.602686,4.47552,4.43944e+06,3.03805e+06,1.39093e+07,0,0,0,0,80.8192,79.791,2.26669,0,0,1.45949,1.45949,0,1.18193,2.54016,9.22605e+06,4.06077e+06,1.34654e+07,0,0,0,0
46.5689,85.139,1.84577,0.02,0.04,3.13329,3.13329,0,0.587148,4.47552,4.43944e+06,3.03805e+06,1.391e+07,0,0,0,0,80.8192,79.791,3.4826,0,0,1.45957,1.45957,0,1.12761,2.54016,9.22605e+06,4.06077e+06,1.34661e+07,0,0,0,0
47.9695,85.139,4.49078,0.02,0.04,3.13345,3.13345,0,0.587178,4.47552,4.43944e+06,3.03805e+06,1.39108e+07,0,0,0,0,80.8192,79.791,6.11535,0,0,1.45965,1.45965,0,1.12766,2.54016,9.22605e+06,4.06077e+06,1.34668e+07,0,0,0,0
47.5833,85.139,2.62019,0.03,0.04,3.13362,3.13362,0,0.587209,4.47552,4.43944e+06,3.03805e+06,1.39115e+07,0,0,0,0,80.8192,79.791,3.04176,0,0,1.45972,1.45972,0,1.12772,2.54016,9.22605e+06,4.06077e+06,1.34675e+07,0,0,0,0
48.5314,85.139,3.84196,0.03,0.04,2.89777,2.89777,0,0.58724,4.47552,4.43944e+06,3.03805e+06,1.28645e+07,0,0,0,0,80.8192,79.791,3.46931,0,0,1.31317,1.31317,0,1.12778,2.54016,9.22605e+06,4.06077e+06,1.21154e+07,0,0,0,0
51.4592,85.139,5.98188,0.03,0.04,2.89793,2.89793,0,0.543043,4.47552,4.43944e+06,3.03805e+06,1.28652e+07,0,0,0,0,80.8192,79.791,4.73345,0,0,1.31324,1.31324,0,1.01455,2.54016,9.22605e+06,4.06077e+06,1.2116e+07,0,0,0,0
52.0649,85.139,3.65926,0.02,0.04,2.89808,2.89808,0,0.543071,4.47552,4.43944e+06,3.03805e+06,1.28658e+07,0,0,0,0,80.8192,79.791,4.77715,0,0,1.31331,1.31331,0,1.01461,2.54016,9.22605e+06,4.06077e+06,1.21166e+07,0,0,0,0
54.2323,85.139,5.29683,0.02,0.04,2.89823,2.89823,0,0.5431,4.47552,4.43944e+06,3.03805e+06,1.28665e+07,0,0,0,0,80.8192,79.791,6.22681,0,0,1.31338,1.31338,0,1.01466,2.54016,9.22605e+06,4.06077e+06,1.21173e+07,0,0,0,0
55.079,85.139,3.97312,0.02,0.04,2.89838,2.89838,0,0.543128,4.47552,4.43944e+06,3.03805e+06,1.28672e+07,0,0,0,0,80.8192,79.791,3.59879,0,0,1.31344,1.31344,0,1.01471,2.54016,9.22605e+06,4.06077e+06,1.21179e+07,0,0,0,0
60.3512,85.139,8.79565,0.02,0.04,2.98933,2.98933,0,0.543157,4.47552,4.43944e+06,3.03805e+06,1.3271e+07,0,0,0,0,80.8192,79.791,9.59935,0,0,1.35598,1.35598,0,1.01477,2.54016,9.22605e+06,4.06077e+06,1.25104e+07,0,0,0,0
64.3283,85.139,7.51248,0.02,0.04,2.98947,2.98947,0,0.560201,4.47552,4.43944e+06,3.03805e+06,1.32716e+07,0,0,0,0,80.8192,79.791,7.20751,0,0,1.35605,1.35605,0,1.04763,2.54016,9.22605e+06,4.06077e+06,1.2511e+07,0,0,0,0
67.5217,85.139,6.70104,0.02,0.04,2.98962,2.98962,0,0.560227,4.47552,4.43944e+06,3.03805e+06,1.32722e+07,0,0,0,0,80.8192,79.791,6.77046,0,0,1.35611,1.35611,0,1.04768,2.54016,9.22605e+06,4.06077e+06,1.25115e+07,0,0,0,0
69.0528,85.139,4.98366,0.02,0.04,2.98976,2.98976,0,0.560254,4.47552,4.43944e+06,3.03805e+06,1.32728e+07,0,0,0,0,80.8192,79.791,5.15776,0,0,1.35617,1.35617,0,1.04773,2.54016,9.22605e+06,4.06077e+06,1.25121e+07,0,0,0,0
75.6595,85.139,10.819,0.01,0.04,3.28153,3.28153,0,0.56028,4.47552,4.43944e+06,3.03805e+06,1.45681e+07,0,0,0,0,80.8192,79.791,9.08999,0,0,1.5157,1.5157,0,1.04778,2.54016,9.22605e+06,4.06077e+06,1.3984e+07,0,0,0,0
79.6139,85.139,8.04067,0.01,0.04,3.28168,3.28168,0,0.614958,4.47552,4.43944e+06,3.03805e+06,1.45688e+07,0,0,0,0,80.8192,79.791,7.08663,0,0,1.51577,1.51577,0,1.17103,2.54016,9.22605e+06,4.06077e+06,1.39846e+07,0,0,0,0
81.7991,85.139,6.08517,0,0.04,3.28184,3.28184,0,0.614987,4.47552,4.43944e+06,3.03805e+06,1.45695e+07,0,0,0,0,80.8192,79.791,5.69838,0,0,1.51585,1.51585,0,1.17109,2.54016,9.22605e+06,4.06077e+06,1.39853e+07,0,0,0,0
83.3934,85.139,5.46533,0,0.04,3.28199,3.28199,0,0.615016,4.47552,4.43944e+06,3.03805e+06,1.45702e+07,0,0,0,0,80.8192,79.791,6.27601,0,0,1.51592,1.51592,0,1.17114,2.54016,9.22605e+06,4.06077e+06,1.39859e+07,0,0,0,0
85.139,85.139,7.44896,0,0.04,2.86611,2.86611,0,0.615045,4.47552,4.43944e+06,3.03805e+06,1.27239e+07,0,0,0,0,80.8192,79.791,7.68247,0,0,1.30195,1.30195,0,1.1712,2.54016,9.22605e+06,4.06077e+06,1.20118e+07,0,0,0,0
85.139,85.139,7.22311,0,0.04,2.86625,2.86625,0,0.537109,4.47552,4.43944e+06,3.03805e+06,1.27245e+07,0,0,0,0,80.8192,79.791,6.45622,0,0,1.30201,1.30201,0,1.00588,2.54016,9.22605e+06,4.06077e+06,1.20124e+07,0,0,0,0
85.139,85.139,4.95675,0,0.04,2.86638,2.86638,0,0.537135,4.47552,4.43944e+06,3.03805e+06,1.27251e+07,0,0,0,0,80.8192,79.791,5.07209,0,0,1.30207,1.30207,0,1.00593,2.54016,9.22605e+06,4.06077e+06,1.2013e+07,0,0,0,0
85.139,85.139,6.60673,0,0.04,2.86652,2.86652,0,0.53716,4.47552,4.43944e+06,3.03805e+06,1.27257e+07,0,0,0,0,80.8192,79.791,5.97971,0,0,1.30213,1.30213,0,1.00598,2.54016,9.22605e+06,4.06077e+06,1.20135e+07,0,0,0,0
85.139,85.139,7.03906,0,0.04,2.86665,2.86665,0,0.537186,4.47552,4.43944e+06,3.03805e+06,1.27263e+07,0,0,0,0,80.8192,79.791,6.63582,0,0,1.30219,1.30219,0,1.00603,2.54016,9.22605e+06,4.06077e+06,1.20141e+07,0,0,0,0
85.139,85.139,8.64194,0,0.04,2.97154,2.97154,0,0.537211,4.47552,4.43944e+06,3.03805e+06,1.31919e+07,0,0,0,0,80.8192,79.791,9.175,0,0,1.35463,1.35463,0,1.00607,2.54016,9.22605e+06,4.06077e+06,1.24979e+07,0,0,0,0
85.139,85.139,7.38815,0,0.04,2.97168,2.97168,0,0.556866,4.47552,4.43944e+06,3.03805e+06,1.31926e+07,0,0,0,0,80.8192,79.791,10.3493,0,0,1.35469,1.35469,0,1.04659,2.54016,9.22605e+06,4.06077e+06,1.24985e+07,0,0,0,0
85.139,85.139,5.32828,0,0.04,2.97182,2.97182,0,0.556892,4.47552,4.43944e+06,3.03805e+06,1.31932e+07,0,0,0,0,80.8192,79.791,7.32555,0,0,1.35476,1.35476,0,1.04664,2.54016,9.22605e+06,4.06077e+06,1.24991e+07,0,0,0,0
85.139,85.139,4.84615,0,0.04,2.97196,2.97196,0,0.556918,4.47552,4.43944e+06,3.03805e+06,1.31938e+07,0,0,0,0,80.8192,79.791,6.55246,0,0,1.35482,1.35482,0,1.04668,2.54016,9.22605e+06,4.06077e+06,1.24996e+07,0,0,0,0
85.139,85.139,4.66434,0,0.04,2.93113,2.93113,0,0.556945,4.47552,4.43944e+06,3.03805e+06,1.30126e+07,0,0,0,0,80.8192,79.791,5.13235,0,0,1.33454,1.33454,0,1.04673,2.54016,9.22605e+06,4.06077e+06,1.23125e+07,0,0,0,0
85.139,85.139,4.64171,0,0.04,2.93127,2.93127,0,0.549294,4.47552,4.43944e+06,3.03805e+06,1.30132e+07,0,0,0,0,80.8192,79.791,4.74488,0,0,1.3346,1.3346,0,1.03106,2.54016,9.22605e+06,4.06077e+06,1.23131e+07,0,0,0,0
85.139,85.139,4.01762,0,0.04,2.93141,2.93141,0,0.54932,4.47552,4.43944e+06,3.03805e+06,1.30138e+07,0,0,0,0,80.8192,79.791,4.82706,0,0,1.33466,1.33466,0,1.03111,2.54016,9.22605e+06,4.06077e+06,1.23137e+07,0,0,0,0
85.139,85.139,3.44244,0,0.04,2.93155,2.93155,0,0.549346,4.47552,4.43944e+06,3.03805e+06,1.30144e+07,0,0,0,0,80.8192,79.791,4.83285,0,0,1.33473,1.33473,0,1.03116,2.54016,9.22605e+06,4.06077e+06,1.23143e+07,0,0,0,0
85.027,85.139,3.21114,0,0.04,3.07076,3.07076,0,0.549372,4.47552,4.43944e+06,3.03805e+06,1.36324e+07,0,0,0,0,80.8192,79.791,4.56507,0,0,1.40696,1.40696,0,1.03121,2.54016,9.22605e+06,4.06077e+06,1.29806e+07,0,0,0,0
84.985,85.139,3.31413,0,0.04,3.0709,3.0709,0,0.57546,4.47552,4.43944e+06,3.03805e+06,1.36331e+07,0,0,0,0,80.8192,79.791,3.64854,0,0,1.40702,1.40702,0,1.08701,2.54016,9.22605e+06,4.06077e+06,1.29813e+07,0,0,0,0
84.7871,85.139,3.11211,0,0.04,3.07105,3.07105,0,0.575487,4.47552,4.43944e+06,3.03805e+06,1.36337e+07,0,0,0,0,80.8192,79.791,3.39767,0,0,1.40709,1.40709,0,1.08707,2.54016,9.22605e+06,4.06077e+06,1.29819e+07,0,0,0,0
84.3919,85.139,2.8858,0,0.04,3.07119,3.07119,0,0.575514,4.47552,4.43944e+06,3.03805e+06,1.36344e+07,0,0,0,0,80.8192,79.791,3.12151,0,0,1.40716,1.40716,0,1.08712,2.54016,9.22605e+06,4.06077e+06,1.29825e+07,0,0,0,0
83.8108,85.139,2.66139,0,0.04,3.07134,3.07134,0,0.575541,4.47552,4.43944e+06,3.03805e+06,1.3635e+07,0,0,0,0,80.8192,79.791,3.24706,0,0,1.40722,1.40722,0,1.08717,2.54016,9.22605e+06,4.06077e+06,1.29831e+07,0,0,0,0
82.851,85.139,2.22485,0,0.04,3.04397,3.04397,0,0.575569,4.47552,4.43944e+06,3.03805e+06,1.35135e+07,0,0,0,0,80.8192,79.791,2.33761,0,0,1.44696,1.44696,0,1.08722,2.54016,9.22605e+06,4.06077e+06,1.33497e+07,0,0,0,0
81.7389,85.139,2.06573,0,0.04,3.04412,3.04412,0,0.570441,4.47552,4.43944e+06,3.03805e+06,1.35142e+07,0,0,0,0,80.8192,79.791,2.29065,0,0,1.44703,1.44703,0,1.11792,2.54016,9.22605e+06,4.06077e+06,1.33504e+07,0,0,0,0
80.4557,85.139,1.88337,0,0.04,3.04426,3.04426,0,0.570467,4.47552,4.43944e+06,3.03805e+06,1.35148e+07,0,0,0,0,80.8192,79.791,2.09772,0,0,1.4471,1.4471,0,1.11797,2.54016,9.22605e+06,4.06077e+06,1.3351e+07,0,0,0,0
79.0419,85.139,1.72029,0,0.04,3.0444,3.0444,0,0.570494,4.47552,4.43944e+06,3.03805e+06,1.35154e+07,0,0,0,0,80.8101,79.791,2.00854,0,0,1.44717,1.44717,0,1.11803,2.54016,9.22605e+06,4.06077e+06,1.33516e+07,0,0,0,0
77.8208,85.139,1.93563,0,0.04,3.1156,3.1156,0,0.570521,4.47552,4.43944e+06,3.03805e+06,1.38315e+07,0,0,0,0,80.8192,79.791,2.29654,0,0,1.4826,1.4826,0,1.11808,2.54016,9.22605e+06,4.06077e+06,1.36785e+07,0,0,0,0
76.5201,85.139,1.84533,0,0.04,3.11575,3.11575,0,0.583864,4.47552,4.43944e+06,3.03805e+06,1.38322e+07,0,0,0,0,80.8192,79.791,2.27171,0,0,1.48267,1.48267,0,1.14546,2.54016,9.22605e+06,4.06077e+06,1.36792e+07,0,0,0,0
75.0981,85.139,1.70409,0.02,0.04,3.1159,3.1159,0,0.583891,4.47552,4.43944e+06,3.03805e+06,1.38328e+07,0,0,0,0,80.8192,79.791,2.19435,0,0,1.48274,1.48274,0,1.14551,2.54016,9.22605e+06,4.06077e+06,1.36798e+07,0,0,0,0
73.4002,85.139,1.40354,0.02,0.04,3.11604,3.11604,0,0.583919,4.47552,4.43944e+06,3.03805e+06,1.38335e+07,0,0,0,0,80.8192,79.791,2.18825,0,0,1.48281,1.48281,0,1.14556,2.54016,9.22605e+06,4.06077e+06,1.36805e+07,0,0,0,0
71.3856,85.139,1.23946,0.02,0.04,3.32431,3.32431,0,0.583946,4.47552,4.43944e+06,3.03805e+06,1.4758e+07,0,0,0,0,80.6418,79.791,2.05303,0,0,1.61055,1.61055,0,1.14562,2.54016,9.22605e+06,4.06077e+06,1.4859e+07,0,0,0,0
69.1908,85.139,1.01587,0.02,0.04,3.32446,3.32446,0,0.622975,4.47552,4.43944e+06,3.03805e+06,1.47587e+07,0,0,0,0,80.3644,79.791,1.87871,0,0,1.61062,1.61062,0,1.24431,2.54016,9.22605e+06,4.06077e+06,1.48597e+07,0,0,0,0
67.0771,85.139,1.07226,0.02,0.04,3.32462,3.32462,0,0.623005,4.47552,4.43944e+06,3.03805e+06,1.47594e+07,0,0,0,0,80.1601,79.791,1.86111,0,0,1.6107,1.6107,0,1.24437,2.54016,9.22605e+06,4.06077e+06,1.48604e+07,0,0,0,0
65.4786,85.139,1.60779,0.02,0.04,3.32478,3.32478,0,0.623034,4.47552,4.43944e+06,3.03805e+06,1.47601e+07,0,0,0,0,80.0504,79.791,2.2101,0,0,1.61078,1.61078,0,1.24443,2.54016,9.22605e+06,4.06077e+06,1.48611e+07,0,0,0,0
64.4991,85.139,2.25374,0.02,0.04,3.32493,3.32493,0,0.623063,4.47552,4.43944e+06,3.03805e+06,1.47608e+07,0,0,0,0,80.1418,79.791,2.48087,0,0,1.61085,1.61085,0,1.24449,2.54016,9.22605e+06,4.06077e+06,1.48618e+07,0,0,0,0
63.2734,85.139,1.88915,0.02,0.04,3.22364,3.22364,0,0.623093,4.47552,4.43944e+06,3.03805e+06,1.43111e+07,0,0,0,0,80.1488,79.791,2.2799,0,0,1.53342,1.53342,0,1.24454,2.54016,9.22605e+06,4.06077e+06,1.41474e+07,0,0,0,0
61.7593,85.139,1.57988,0.02,0.04,3.22379,3.22379,0,0.60411,4.47552,4.43944e+06,3.03805e+06,1.43118e+07,0,0,0,0,80.4377,79.791,3.6994,0,0,1.53349,1.53349,0,1.18472,2.54016,9.22605e+06,4.06077e+06,1.41481e+07,0,0,0,0
60.0362,85.139,1.35365,0.02,0.04,3.22394,3.22394,0,0.604138,4.47552,4.43944e+06,3.03805e+06,1.43125e+07,0,0,0,0,80.2842,79.791,1.99936,0,0,1.53356,1.53356,0,1.18478,2.54016,9.22605e+06,4.06077e+06,1.41487e+07,0,0,0,0
58.5235,85.139,1.57561,0.02,0.04,3.2241,3.2241,0,0.604167,4.47552,4.43944e+06,3.03805e+06,1.43132e+07,0,0,0,0,80.1696,79.791,2.04705,0,0,1.53364,1.53364,0,1.18483,2.54016,9.22605e+06,4.06077e+06,1.41494e+07,0,0,0,0
57.2915,85.139,1.83621,0.02,0.04,3.14096,3.14096,0,0.604196,4.47552,4.43944e+06,3.03805e+06,1.39441e+07,0,0,0,0,79.7483,79.791,2.16408,0,0,1.46314,1.46314,0,1.18489,2.54016,9.22605e+06,4.06077e+06,1.3499e+07,0,0,0,0
55.7703,85.139,1.52558,0.02,0.04,3.14111,3.14111,0,0.588615,4.47552,4.43944e+06,3.03805e+06,1.39447e+07,0,0,0,0,78.9748,79.791,1.13445,0,0,1.46321,1.46321,0,1.13042,2.54016,9.22605e+06,4.06077e+06,1.34997e+07,0,0,0,0
53.998,85.139,1.26813,0.02,0.04,3.14125,3.14125,0,0.588643,4.47552,4.43944e+06,3.03805e+06,1.39454e+07,0,0,0,0,78.9114,79.791,0.830958,0,0,1.46328,1.46328,0,1.13048,2.54016,9.22605e+06,4.06077e+06,1.35003e+07,0,0,0,0
52.8651,85.139,1.91199,0.02,0.04,3.1414,3.1414,0,0.588671,4.47552,4.43944e+06,3.03805e+06,1.39461e+07,0,0,0,0,79.036,79.791,2.19288,0,0,1.46335,1.46335,0,1.13053,2.54016,9.22605e+06,4.06077e+06,1.35009e+07,0,0,0,0
54.2039,85.139,4.31754,0.02,0.04,2.90496,2.90496,0,0.588699,4.47552,4.43944e+06,3.03805e+06,1.28964e+07,0,0,0,0,79.9586,79.791,4.01006,0,0,1.31642,1.31642,0,1.13058,2.54016,9.22605e+06,4.06077e+06,1.21454e+07,0,0,0,0
52.7989,85.139,1.46577,0.02,0.04,2.90509,2.90509,0,0.544389,4.47552,4.43944e+06,3.03805e+06,1.2897e+07,0,0,0,0,80.0164,79.791,1.87829,0,0,1.31649,1.31649,0,1.01707,2.54016,9.22605e+06,4.06077e+06,1.2146e+07,0,0,0,0
51.7457,85.139,1.823,0.02,0.04,2.90523,2.90523,0,0.544415,4.47552,4.43944e+06,3.03805e+06,1.28976e+07,0,0,0,0,80.3366,79.791,3.67806,0,0,1.31655,1.31655,0,1.01712,2.54016,9.22605e+06,4.06077e+06,1.21465e+07,0,0,0,0
51.9775,85.139,3.19502,0.02,0.04,2.90537,2.90537,0,0.54444,4.47552,4.43944e+06,3.03805e+06,1.28982e+07,0,0,0,0,80.5908,79.791,3.18191,0,0,1.31661,1.31661,0,1.01716,2.54016,9.22605e+06,4.06077e+06,1.21471e+07,0,0,0,0
59.5972,85.139,11.0958,0.02,0.04,2.9055,2.9055,0,0.544466,4.47552,4.43944e+06,3.03805e+06,1.28988e+07,0,0,0,0,80.8192,79.791,9.37783,0,0,1.31667,1.31667,0,1.01721,2.54016,9.22605e+06,4.06077e+06,1.21477e+07,0,0,0,0
61.4423,85.139,4.99264,0.02,0.04,2.99666,2.99666,0,0.544492,4.47552,4.43944e+06,3.03805e+06,1.33035e+07,0,0,0,0,80.8192,79.791,6.77183,0,0,1.35931,1.35931,0,1.01726,2.54016,9.22605e+06,4.06077e+06,1.2541e+07,0,0,0,0
62.0352,85.139,3.80623,0.02,0.04,2.99679,2.99679,0,0.561575,4.47552,4.43944e+06,3.03805e+06,1.33041e+07,0,0,0,0,80.8192,79.791,5.85907,0,0,1.35937,1.35937,0,1.0502,2.54016,9.22605e+06,4.06077e+06,1.25416e+07,0,0,0,0
63.0859,85.139,4.37238,0.02,0.04,2.99692,2.99692,0,0.561599,4.47552,4.43944e+06,3.03805e+06,1.33046e+07,0,0,0,0,80.8192,79.791,5.6126,0,0,1.35942,1.35942,0,1.05025,2.54016,9.22605e+06,4.06077e+06,1.25421e+07,0,0,0,0
63.4266,85.139,3.59737,0.02,0.04,2.99704,2.99704,0,0.561622,4.47552,4.43944e+06,3.03805e+06,1.33052e+07,0,0,0,0,80.8192,79.791,4.99365,0,0,1.35948,1.35948,0,1.05029,2.54016,9.22605e+06,4.06077e+06,1.25426e+07,0,0,0,0
64.2282,85.139,4.30378,0.02,0.04,3.2895,3.2895,0,0.561646,4.47552,4.43944e+06,3.03805e+06,1.46035e+07,0,0,0,0,80.8192,79.791,4.49679,0,0,1.51939,1.51939,0,1.05033,2.54016,9.22605e+06,4.06077e+06,1.4018e+07,0,0,0,0
66.9831,85.139,6.63567,0.02,0.04,3.28964,3.28964,0,0.616453,4.47552,4.43944e+06,3.03805e+06,1.46042e+07,0,0,0,0,80.8192,79.791,6.0193,0,0,1.51945,1.51945,0,1.17388,2.54016,9.22605e+06,4.06077e+06,1.40185e+07,0,0,0,0
68.314,85.139,5.04283,0.02,0.04,3.28978,3.28978,0,0.616479,4.47552,4.43944e+06,3.03805e+06,1.46048e+07,0,0,0,0,80.8192,79.791,4.30348,0,0,1.51952,1.51952,0,1.17393,2.54016,9.22605e+06,4.06077e+06,1.40191e+07,0,0,0,0
69.5663,85.139,4.88587,0.01,0.04,3.28992,3.28992,0,0.616505,4.47552,4.43944e+06,3.03805e+06,1.46054e+07,0,0,0,0,80.8192,79.791,4.51275,0,0,1.51958,1.51958,0,1.17398,2.54016,9.22605e+06,4.06077e+06,1.40197e+07,0,0,0,0
70.2569,85.139,3.9747,0.01,0.04,2.87302,2.87302,0,0.616531,4.47552,4.43944e+06,3.03805e+06,1.27546e+07,0,0,0,0,80.8192,79.791,3.77562,0,0,1.30508,1.30508,0,1.17403,2.54016,9.22605e+06,4.06077e+06,1.20408e+07,0,0,0,0
72.6963,85.139,5.92676,0.01,0.04,2.87314,2.87314,0,0.538404,4.47552,4.43944e+06,3.03805e+06,1.27551e+07,0,0,0,0,80.8192,79.791,5.40142,0,0,1.30514,1.30514,0,1.00831,2.54016,9.22605e+06,4.06077e+06,1.20413e+07,0,0,0,0
77.3702,85.139,8.36338,0.01,0.04,2.87326,2.87326,0,0.538427,4.47552,4.43944e+06,3.03805e+06,1.27557e+07,0,0,0,0,80.8192,79.791,9.51925,0,0,1.30519,1.30519,0,1.00835,2.54016,9.22605e+06,4.06077e+06,1.20418e+07,0,0,0,0
79.4365,85.139,5.67048,0,0.04,2.87338,2.87338,0,0.538449,4.47552,4.43944e+06,3.03805e+06,1.27562e+07,0,0,0,0,80.8192,79.791,5.48027,0,0,1.30525,1.30525,0,1.00839,2.54016,9.22605e+06,4.06077e+06,1.20423e+07,0,0,0,0
81.5451,85.139,5.70176,0,0.04,2.8735,2.8735,0,0.538472,4.47552,4.43944e+06,3.03805e+06,1.27567e+07,0,0,0,0,80.8192,79.791,7.42438,0,0,1.3053,1.3053,0,1.00843,2.54016,9.22605e+06,4.06077e+06,1.20428e+07,0,0,0,0
83.6838,85.139,5.7937,0,0.04,2.97862,2.97862,0,0.538494,4.47552,4.43944e+06,3.03805e+06,1.32234e+07,0,0,0,0,80.8192,79.791,5.47703,0,0,1.35786,1.35786,0,1.00848,2.54016,9.22605e+06,4.06077e+06,1.25277e+07,0,0,0,0
84.3615,85.139,4.19335,0,0.04,2.97874,2.97874,0,0.558193,4.47552,4.43944e+06,3.03805e+06,1.32239e+07,0,0,0,0,80.8192,79.791,4.49565,0,0,1.35791,1.35791,0,1.04908,2.54016,9.22605e+06,4.06077e+06,1.25282e+07,0,0,0,0
84.5745,85.139,3.6739,0,0.04,2.97887,2.97887,0,0.558217,4.47552,4.43944e+06,3.03805e+06,1.32245e+07,0,0,0,0,80.8192,79.791,3.94912,0,0,1.35797,1.35797,0,1.04912,2.54016,9.22605e+06,4.06077e+06,1.25287e+07,0,0,0,0
84.8261,85.139,3.72551,0,0.04,2.97899,2.97899,0,0.55824,4.47552,4.43944e+06,3.03805e+06,1.32251e+07,0,0,0,0,80.8192,79.791,4.74316,0,0,1.35803,1.35803,0,1.04917,2.54016,9.22605e+06,4.06077e+06,1.25292e+07,0,0,0,0
84.6295,85.139,3.14223,0,0.04,2.93806,2.93806,0,0.558263,4.47552,4.43944e+06,3.03805e+06,1.30433e+07,0,0,0,0,80.8192,79.791,3.35378,0,0,1.33769,1.33769,0,1.04921,2.54016,9.22605e+06,4.06077e+06,1.23416e+07,0,0,0,0
83.8321,85.139,2.46208,0,0.04,2.93818,2.93818,0,0.550592,4.47552,4.43944e+06,3.03805e+06,1.30439e+07,0,0,0,0,80.8192,79.791,2.76464,0,0,1.33775,1.33775,0,1.0335,2.54016,9.22605e+06,4.06077e+06,1.23421e+07,0,0,0,0
82.896,85.139,2.30903,0,0.04,2.93831,2.93831,0,0.550615,4.47552,4.43944e+06,3.03805e+06,1.30444e+07,0,0,0,0,80.8192,79.791,2.70539,0,0,1.3378,1.3378,0,1.03354,2.54016,9.22605e+06,4.06077e+06,1.23426e+07,0,0,0,0
83.2146,85.139,3.59935,0,0.04,2.93843,2.93843,0,0.550638,4.47552,4.43944e+06,3.03805e+06,1.3045e+07,0,0,0,0,80.8192,79.791,3.33739,0,0,1.33786,1.33786,0,1.03359,2.54016,9.22605e+06,4.06077e+06,1.23432e+07,0,0,0,0
82.1833,85.139,2.28127,0,0.04,3.07795,3.07795,0,0.550662,4.47552,4.43944e+06,3.03805e+06,1.36644e+07,0,0,0,0,80.8192,79.791,2.62741,0,0,1.41025,1.41025,0,1.03363,2.54016,9.22605e+06,4.06077e+06,1.3011e+07,0,0,0,0
81.045,85.139,2.13178,0,0.04,3.07808,3.07808,0,0.576807,4.47552,4.43944e+06,3.03805e+06,1.36649e+07,0,0,0,0,80.8192,79.791,2.36559,0,0,1.41031,1.41031,0,1.08956,2.54016,9.22605e+06,4.06077e+06,1.30116e+07,0,0,0,0
79.7884,85.139,1.96943,0,0.04,3.07821,3.07821,0,0.576832,4.47552,4.43944e+06,3.03805e+06,1.36655e+07,0,0,0,0,80.8192,79.791,2.37677,0,0,1.41037,1.41037,0,1.08961,2.54016,9.22605e+06,4.06077e+06,1.30121e+07,0,0,0,0
78.4835,85.139,1.90542,0,0.04,3.07834,3.07834,0,0.576856,4.47552,4.43944e+06,3.03805e+06,1.36661e+07,0,0,0,0,80.8192,79.791,2.34737,0,0,1.41043,1.41043,0,1.08965,2.54016,9.22605e+06,4.06077e+06,1.30127e+07,0,0,0,0
77.0752,85.139,1.78453,0,0.04,3.07846,3.07846,0,0.57688,4.47552,4.43944e+06,3.03805e+06,1.36666e+07,0,0,0,0,80.8192,79.791,2.14206,0,0,1.41049,1.41049,0,1.0897,2.54016,9.22605e+06,4.06077e+06,1.30132e+07,0,0,0,0
75.9642,85.139,2.00732,0,0.04,3.05102,3.05102,0,0.576904,4.47552,4.43944e+06,3.03805e+06,1.35448e+07,0,0,0,0,80.8192,79.791,2.41717,0,0,1.45031,1.45031,0,1.08974,2.54016,9.22605e+06,4.06077e+06,1.33806e+07,0,0,0,0
74.7336,85.139,1.87797,0.01,0.04,3.05115,3.05115,0,0.571761,4.47552,4.43944e+06,3.03805e+06,1.35454e+07,0,0,0,0,80.8192,79.791,2.32851,0,0,1.45037,1.45037,0,1.12051,2.54016,9.22605e+06,4.06077e+06,1.33812e+07,0,0,0,0
73.3465,85.139,1.71016,0.01,0.04,3.05128,3.05128,0,0.571785,4.47552,4.43944e+06,3.03805e+06,1.35459e+07,0,0,0,0,80.8192,79.791,2.21556,0,0,1.45043,1.45043,0,1.12056,2.54016,9.22605e+06,4.06077e+06,1.33818e+07,0,0,0,0
71.8319,85.139,1.55366,0.01,0.04,3.0514,3.0514,0,0.571809,4.47552,4.43944e+06,3.03805e+06,1.35465e+07,0,0,0,0,80.7248,79.791,2.03835,0,0,1.45049,1.45049,0,1.1206,2.54016,9.22605e+06,4.06077e+06,1.33823e+07,0,0,0,0
70.1106,85.139,1.36004,0.01,0.04,3.12275,3.12275,0,0.571833,4.47552,4.43944e+06,3.03805e+06,1.38632e+07,0,0,0,0,80.6087,79.791,1.82712,0,0,1.486,1.486,0,1.12065,2.54016,9.22605e+06,4.06077e+06,1.37099e+07,0,0,0,0
68.5096,85.139,1.49424,0.01,0.04,3.12288,3.12288,0,0.585203,4.47552,4.43944e+06,3.03805e+06,1.38638e+07,0,0,0,0,80.6052,79.791,2.06163,0,0,1.48606,1.48606,0,1.14808,2.54016,9.22605e+06,4.06077e+06,1.37105e+07,0,0,0,0
66.7986,85.139,1.34862,0.01,0.04,3.12301,3.12301,0,0.585228,4.47552,4.43944e+06,3.03805e+06,1.38644e+07,0,0,0,0,80.3468,79.791,1.96686,0,0,1.48612,1.48612,0,1.14813,2.54016,9.22605e+06,4.06077e+06,1.37111e+07,0,0,0,0
64.9898,85.139,1.22857,0.02,0.04,3.12314,3.12314,0,0.585252,4.47552,4.43944e+06,3.03805e+06,1.3865e+07,0,0,0,0,80.2246,79.791,1.71231,0,0,1.48619,1.48619,0,1.14818,2.54016,9.22605e+06,4.06077e+06,1.37116e+07,0,0,0,0
63.0848,85.139,1.2745,0.02,0.04,3.33186,3.33186,0,0.585277,4.47552,4.43944e+06,3.03805e+06,1.47916e+07,0,0,0,0,79.7014,79.791,2.04015,0,0,1.61421,1.61421,0,1.14823,2.54016,9.22605e+06,4.06077e+06,1.48928e+07,0,0,0,0
60.8754,85.139,0.929517,0.02,0.04,3.332,3.332,0,0.624391,4.47552,4.43944e+06,3.03805e+06,1.47922e+07,0,0,0,0,79.3203,79.791,1.42541,0,0,1.61428,1.61428,0,1.24714,2.54016,9.22605e+06,4.06077e+06,1.48934e+07,0,0,0,0
58.7771,85.139,1.03086,0.02,0.04,3.33214,3.33214,0,0.624417,4.47552,4.43944e+06,3.03805e+06,1.47928e+07,0,0,0,0,78.6609,79.791,1.7543,0,0,1.61434,1.61434,0,1.24719,2.54016,9.22605e+06,4.06077e+06,1.4894e+07,0,0,0,0
56.517,85.139,0.840897,0.02,0.04,3.33228,3.33228,0,0.624444,4.47552,4.43944e+06,3.03805e+06,1.47935e+07,0,0,0,0,78.3771,79.791,1.2434,0,0,1.61441,1.61441,0,1.24724,2.54016,9.22605e+06,4.06077e+06,1.48946e+07,0,0,0,0
54.4763,85.139,1.02344,0.02,0.04,3.33242,3.33242,0,0.62447,4.47552,4.43944e+06,3.03805e+06,1.47941e+07,0,0,0,0,77.9698,79.791,2.25723,0,0,1.61448,1.61448,0,1.24729,2.54016,9.22605e+06,4.06077e+06,1.48953e+07,0,0,0,0
52.4183,85.139,0.936176,0.02,0.04,3.23088,3.23088,0,0.624496,4.47552,4.43944e+06,3.03805e+06,1.43433e+07,0,0,0,0,77.8704,79.791,1.54973,0,0,1.53686,1.53686,0,1.24735,2.54016,9.22605e+06,4.06077e+06,1.41792e+07,0,0,0,0
50.3899,85.139,0.931725,0.02,0.04,3.23102,3.23102,0,0.605467,4.47552,4.43944e+06,3.03805e+06,1.43439e+07,0,0,0,0,77.8565,79.791,2.43907,0,0,1.53693,1.53693,0,1.18738,2.54016,9.22605e+06,4.06077e+06,1.41798e+07,0,0,0,0
48.2877,85.139,0.824596,0.04,0.04,3.23115,3.23115,0,0.605493,4.47552,4.43944e+06,3.03805e+06,1.43445e+07,0,0,0,0,77.3323,79.791,1.69106,0,0,1.53699,1.53699,0,1.18743,2.54016,9.22605e+06,4.06077e+06,1.41804e+07,0,0,0,0
46.0678,85.139,0.67709,0.02,0.04,3.23129,3.23129,0,0.605518,4.47552,4.43944e+06,3.03805e+06,1.43451e+07,0,0,0,0,76.9348,79.791,1.35241,0,0,1.53706,1.53706,0,1.18748,2.54016,9.22605e+06,4.06077e+06,1.4181e+07,0,0,0,0
44.1709,85.139,0.91666,0.02,0.04,3.14795,3.14795,0,0.605543,4.47552,4.43944e+06,3.03805e+06,1.39751e+07,0,0,0,0,76.7968,79.791,1.61878,0,0,1.4664,1.4664,0,1.18753,2.54016,9.22605e+06,4.06077e+06,1.35291e+07,0,0,0,0
42.7998,85.139,1.52137,0.02,0.04,3.14808,3.14808,0,0.589925,4.47552,4.43944e+06,3.03805e+06,1.39757e+07,0,0,0,0,76.5542,79.791,1.81259,0,0,1.46646,1.46646,0,1.13294,2.54016,9.22605e+06,4.06077e+06,1.35296e+07,0,0,0,0
41.138,85.139,1.22129,0.02,0.04,3.14821,3.14821,0,0.58995,4.47552,4.43944e+06,3.03805e+06,1.39763e+07,0,0,0,0,76.4419,79.791,1.53886,0,0,1.46652,1.46652,0,1.13299,2.54016,9.22605e+06,4.06077e+06,1.35302e+07,0,0,0,0
40.4806,85.139,2.29045,0.05,0.04,3.14834,3.14834,0,0.589975,4.47552,4.43944e+06,3.03805e+06,1.39769e+07,0,0,0,0,76.9617,79.791,4.47698,0,0,1.46658,1.46658,0,1.13304,2.54016,9.22605e+06,4.06077e+06,1.35308e+07,0,0,0,0
41.8629,85.139,4.226,0.05,0.04,2.91136,2.91136,0,0.59,4.47552,4.43944e+06,3.03805e+06,1.29248e+07,0,0,0,0,78.4332,79.791,5.41,0,0,1.31933,1.31933,0,1.13308,2.54016,9.22605e+06,4.06077e+06,1.21722e+07,0,0,0,0
43.9231,85.139,4.86122,0.05,0.04,2.91148,2.91148,0,0.545589,4.47552,4.43944e+06,3.03805e+06,1.29253e+07,0,0,0,0,79.3725,79.791,4.83752,0,0,1.31938,1.31938,0,1.01931,2.54016,9.22605e+06,4.06077e+06,1.21727e+07,0,0,0,0
44.3148,85.139,3.20607,0.03,0.04,2.9116,2.9116,0,0.545612,4.47552,4.43944e+06,3.03805e+06,1.29259e+07,0,0,0,0,79.6758,79.791,3.00183,0,0,1.31944,1.31944,0,1.01935,2.54016,9.22605e+06,4.06077e+06,1.21732e+07,0,0,0,0
45.5306,85.139,4.03697,0.03,0.04,2.91173,2.91173,0,0.545635,4.47552,4.43944e+06,3.03805e+06,1.29264e+07,0,0,0,0,80.2219,79.791,3.66409,0,0,1.31949,1.31949,0,1.0194,2.54016,9.22605e+06,4.06077e+06,1.21737e+07,0,0,0,0
46.5829,85.139,4.04782,0.04,0.04,2.91185,2.91185,0,0.545658,4.47552,4.43944e+06,3.03805e+06,1.2927e+07,0,0,0,0,80.8192,79.791,3.67737,0,0,1.31955,1.31955,0,1.01944,2.54016,9.22605e+06,4.06077e+06,1.21742e+07,0,0,0,0
49.2811,85.139,5.65256,0.04,0.04,2.91185,2.91185,0,0.54568,4.47552,4.43944e+06,3.03805e+06,1.2927e+07,0,0,0,0,80.8192,79.791,4.70426,0,0,1.31955,1.31955,0,1.01948,2.54016,9.22605e+06,4.06077e+06,1.21742e+07,0,0,0,0
52.0662,85.139,6.0817,0.06,0.04,3.00319,3.00319,0,0.54568,4.47552,4.43944e+06,3.03805e+06,1.33325e+07,0,0,0,0,80.8192,79.791,4.31972,0,0,1.36227,1.36227,0,1.01948,2.54016,9.22605e+06,4.06077e+06,1.25684e+07,0,0,0,0
53.8537,85.139,4.96249,0.04,0.04,3.0033,3.0033,0,0.562798,4.47552,4.43944e+06,3.03805e+06,1.3333e+07,0,0,0,0,80.8192,79.791,3.85887,0,0,1.36232,1.36232,0,1.05249,2.54016,9.22605e+06,4.06077e+06,1.25688e+07,0,0,0,0
55.0813,85.139,4.39632,0.04,0.04,3.00341,3.00341,0,0.562819,4.47552,4.43944e+06,3.03805e+06,1.33335e+07,0,0,0,0,80.8192,79.791,3.30414,0,0,1.36237,1.36237,0,1.05253,2.54016,9.22605e+06,4.06077e+06,1.25693e+07,0,0,0,0
57.1061,85.139,5.22809,0.03,0.04,3.00352,3.00352,0,0.562839,4.47552,4.43944e+06,3.03805e+06,1.33339e+07,0,0,0,0,80.8192,79.791,3.73593,0,0,1.36242,1.36242,0,1.05257,2.54016,9.22605e+06,4.06077e+06,1.25697e+07,0,0,0,0
59.0799,85.139,5.43186,0.04,0.04,3.2966,3.2966,0,0.56286,4.47552,4.43944e+06,3.03805e+06,1.4635e+07,0,0,0,0,80.8192,79.791,3.17343,0,0,1.52267,1.52267,0,1.0526,2.54016,9.22605e+06,4.06077e+06,1.40482e+07,0,0,0,0
60.2529,85.139,4.62955,0.04,0.04,3.29672,3.29672,0,0.617783,4.47552,4.43944e+06,3.03805e+06,1.46356e+07,0,0,0,0,80.8192,79.791,3.49557,0,0,1.52272,1.52272,0,1.17641,2.54016,9.22605e+06,4.06077e+06,1.40487e+07,0,0,0,0
62.2686,85.139,5.47962,0.03,0.04,3.29684,3.29684,0,0.617806,4.47552,4.43944e+06,3.03805e+06,1.46361e+07,0,0,0,0,80.8192,79.791,3.53902,0,0,1.52278,1.52278,0,1.17646,2.54016,9.22605e+06,4.06077e+06,1.40492e+07,0,0,0,0
64.3855,85.139,5.63802,0.03,0.04,3.29696,3.29696,0,0.617828,4.47552,4.43944e+06,3.03805e+06,1.46367e+07,0,0,0,0,80.8192,79.791,4.87213,0,0,1.52283,1.52283,0,1.1765,2.54016,9.22605e+06,4.06077e+06,1.40497e+07,0,0,0,0
68.3054,85.139,7.16287,0.03,0.04,2.87916,2.87916,0,0.617851,4.47552,4.43944e+06,3.03805e+06,1.27818e+07,0,0,0,0,80.8192,79.791,5.37925,0,0,1.30787,1.30787,0,1.17654,2.54016,9.22605e+06,4.06077e+06,1.20665e+07,0,0,0,0
70.7408,85.139,5.669,0.01,0.04,2.87926,2.87926,0,0.539554,4.47552,4.43944e+06,3.03805e+06,1.27823e+07,0,0,0,0,80.8192,79.791,3.32285,0,0,1.30792,1.30792,0,1.01046,2.54016,9.22605e+06,4.06077e+06,1.20669e+07,0,0,0,0
72.4783,85.139,4.97542,0.01,0.04,2.87937,2.87937,0,0.539574,4.47552,4.43944e+06,3.03805e+06,1.27828e+07,0,0,0,0,80.8192,79.791,3.3323,0,0,1.30797,1.30797,0,1.0105,2.54016,9.22605e+06,4.06077e+06,1.20674e+07,0,0,0,0
78.0737,85.139,9.12288,0.01,0.04,2.87947,2.87947,0,0.539594,4.47552,4.43944e+06,3.03805e+06,1.27832e+07,0,0,0,0,80.8192,79.791,5.72986,0,0,1.30802,1.30802,0,1.01054,2.54016,9.22605e+06,4.06077e+06,1.20678e+07,0,0,0,0
80.4643,85.139,5.76072,0,0.04,2.87958,2.87958,0,0.539614,4.47552,4.43944e+06,3.03805e+06,1.27837e+07,0,0,0,0,80.8192,79.791,4.64557,0,0,1.30806,1.30806,0,1.01057,2.54016,9.22605e+06,4.06077e+06,1.20683e+07,0,0,0,0
81.2682,85.139,4.17967,0,0.04,2.9849,2.9849,0,0.539633,4.47552,4.43944e+06,3.03805e+06,1.32513e+07,0,0,0,0,80.8192,79.791,3.5576,0,0,1.36072,1.36072,0,1.01061,2.54016,9.22605e+06,4.06077e+06,1.25541e+07,0,0,0,0
81.8409,85.139,3.92943,0,0.04,2.98501,2.98501,0,0.559371,4.47552,4.43944e+06,3.03805e+06,1.32518e+07,0,0,0,0,80.8192,79.791,3.29885,0,0,1.36077,1.36077,0,1.05129,2.54016,9.22605e+06,4.06077e+06,1.25546e+07,0,0,0,0
82.3936,85.139,3.87751,0,0.04,2.98512,2.98512,0,0.559391,4.47552,4.43944e+06,3.03805e+06,1.32523e+07,0,0,0,0,80.8192,79.791,3.20598,0,0,1.36082,1.36082,0,1.05133,2.54016,9.22605e+06,4.06077e+06,1.2555e+07,0,0,0,0
82.2134,85.139,3.12094,0,0.04,2.98523,2.98523,0,0.559412,4.47552,4.43944e+06,3.03805e+06,1.32527e+07,0,0,0,0,80.8192,79.791,3.18118,0,0,1.36087,1.36087,0,1.05137,2.54016,9.22605e+06,4.06077e+06,1.25555e+07,0,0,0,0
81.9044,85.139,2.96074,0,0.04,2.9442,2.9442,0,0.559433,4.47552,4.43944e+06,3.03805e+06,1.30706e+07,0,0,0,0,80.8192,79.791,3.32439,0,0,1.34049,1.34049,0,1.05141,2.54016,9.22605e+06,4.06077e+06,1.23674e+07,0,0,0,0
83.1989,85.139,4.61676,0,0.04,2.9443,2.9443,0,0.551742,4.47552,4.43944e+06,3.03805e+06,1.30711e+07,0,0,0,0,80.8192,79.791,4.09252,0,0,1.34054,1.34054,0,1.03566,2.54016,9.22605e+06,4.06077e+06,1.23678e+07,0,0,0,0
82.8489,85.139,2.87252,0,0.04,2.94441,2.94441,0,0.551763,4.47552,4.43944e+06,3.03805e+06,1.30715e+07,0,0,0,0,80.8192,79.791,3.27724,0,0,1.34058,1.34058,0,1.0357,2.54016,9.22605e+06,4.06077e+06,1.23683e+07,0,0,0,0
82.1762,85.139,2.52041,0,0.04,2.94452,2.94452,0,0.551783,4.47552,4.43944e+06,3.03805e+06,1.3072e+07,0,0,0,0,80.8192,79.791,2.85739,0,0,1.34063,1.34063,0,1.03574,2.54016,9.22605e+06,4.06077e+06,1.23688e+07,0,0,0,0
81.2262,85.139,2.30062,0,0.04,3.08431,3.08431,0,0.551803,4.47552,4.43944e+06,3.03805e+06,1.36926e+07,0,0,0,0,80.8192,79.791,2.51613,0,0,1.41317,1.41317,0,1.03577,2.54016,9.22605e+06,4.06077e+06,1.3038e+07,0,0,0,0
80.1663,85.139,2.16032,0,0.04,3.08443,3.08443,0,0.578,4.47552,4.43944e+06,3.03805e+06,1.36931e+07,0,0,0,0,80.8192,79.791,2.55232,0,0,1.41322,1.41322,0,1.09181,2.54016,9.22605e+06,4.06077e+06,1.30384e+07,0,0,0,0
79.0336,85.139,2.07406,0,0.04,3.08454,3.08454,0,0.578022,4.47552,4.43944e+06,3.03805e+06,1.36936e+07,0,0,0,0,80.8192,79.791,2.48356,0,0,1.41327,1.41327,0,1.09185,2.54016,9.22605e+06,4.06077e+06,1.30389e+07,0,0,0,0
77.7847,85.139,1.94339,0,0.04,3.08465,3.08465,0,0.578043,4.47552,4.43944e+06,3.03805e+06,1.36941e+07,0,0,0,0,80.8192,79.791,2.31272,0,0,1.41332,1.41332,0,1.09189,2.54016,9.22605e+06,4.06077e+06,1.30394e+07,0,0,0,0
76.2951,85.139,1.6677,0,0.04,3.08477,3.08477,0,0.578064,4.47552,4.43944e+06,3.03805e+06,1.36946e+07,0,0,0,0,80.8192,79.791,2.23102,0,0,1.41337,1.41337,0,1.09193,2.54016,9.22605e+06,4.06077e+06,1.30399e+07,0,0,0,0
74.6722,85.139,1.49564,0.01,0.04,3.05725,3.05725,0,0.578085,4.47552,4.43944e+06,3.03805e+06,1.35725e+07,0,0,0,0,80.8192,79.791,2.22209,0,0,1.45327,1.45327,0,1.09197,2.54016,9.22605e+06,4.06077e+06,1.3408e+07,0,0,0,0
72.9292,85.139,1.35252,0.01,0.04,3.05736,3.05736,0,0.572929,4.47552,4.43944e+06,3.03805e+06,1.3573e+07,0,0,0,0,80.8192,79.791,1.98833,0,0,1.45333,1.45333,0,1.1228,2.54016,9.22605e+06,4.06077e+06,1.34085e+07,0,0,0,0
71.1666,85.139,1.28422,0.01,0.04,3.05747,3.05747,0,0.57295,4.47552,4.43944e+06,3.03805e+06,1.35735e+07,0,0,0,0,80.74,79.791,1.95823,0,0,1.45338,1.45338,0,1.12284,2.54016,9.22605e+06,4.06077e+06,1.34089e+07,0,0,0,0
69.3378,85.139,1.21226,0.01,0.04,3.05759,3.05759,0,0.572971,4.47552,4.43944e+06,3.03805e+06,1.3574e+07,0,0,0,0,80.6806,79.791,1.98702,0,0,1.45343,1.45343,0,1.12288,2.54016,9.22605e+06,4.06077e+06,1.34094e+07,0,0,0,0
67.4014,85.139,1.13385,0.01,0.04,3.12906,3.12906,0,0.572992,4.47552,4.43944e+06,3.03805e+06,1.38913e+07,0,0,0,0,80.4857,79.791,1.98801,0,0,1.489,1.489,0,1.12292,2.54016,9.22605e+06,4.06077e+06,1.37376e+07,0,0,0,0
65.4145,85.139,1.06129,0.02,0.04,3.12917,3.12917,0,0.586386,4.47552,4.43944e+06,3.03805e+06,1.38918e+07,0,0,0,0,80.3525,79.791,1.81978,0,0,1.48906,1.48906,0,1.1504,2.54016,9.22605e+06,4.06077e+06,1.37381e+07,0,0,0,0
63.4338,85.139,1.04241,0.02,0.04,3.12929,3.12929,0,0.586407,4.47552,4.43944e+06,3.03805e+06,1.38923e+07,0,0,0,0,80.2437,79.791,1.95559,0,0,1.48911,1.48911,0,1.15045,2.54016,9.22605e+06,4.06077e+06,1.37386e+07,0,0,0,0
61.5651,85.139,1.12128,0.02,0.04,3.1294,3.1294,0,0.586429,4.47552,4.43944e+06,3.03805e+06,1.38928e+07,0,0,0,0,80.1867,79.791,2.14503,0,0,1.48917,1.48917,0,1.15049,2.54016,9.22605e+06,4.06077e+06,1.37391e+07,0,0,0,0
59.4377,85.139,1.01851,0.02,0.04,3.33853,3.33853,0,0.58645,4.47552,4.43944e+06,3.03805e+06,1.48212e+07,0,0,0,0,79.888,79.791,2.12027,0,0,1.61744,1.61744,0,1.15053,2.54016,9.22605e+06,4.06077e+06,1.49226e+07,0,0,0,0
57.1859,85.139,0.857635,0.02,0.04,3.33865,3.33865,0,0.62564,4.47552,4.43944e+06,3.03805e+06,1.48217e+07,0,0,0,0,79.4093,79.791,1.64873,0,0,1.6175,1.6175,0,1.24963,2.54016,9.22605e+06,4.06077e+06,1.49231e+07,0,0,0,0
54.6901,85.139,0.617972,0.02,0.04,3.33877,3.33877,0,0.625663,4.47552,4.43944e+06,3.03805e+06,1.48223e+07,0,0,0,0,78.9063,79.791,1.48796,0,0,1.61756,1.61756,0,1.24968,2.54016,9.22605e+06,4.06077e+06,1.49237e+07,0,0,0,0
52.1727,85.139,0.575722,0.02,0.04,3.33889,3.33889,0,0.625686,4.47552,4.43944e+06,3.03805e+06,1.48228e+07,0,0,0,0,78.6452,79.791,1.49674,0,0,1.61761,1.61761,0,1.24972,2.54016,9.22605e+06,4.06077e+06,1.49242e+07,0,0,0,0
50.193,85.139,1.0993,0.02,0.04,3.33902,3.33902,0,0.625709,4.47552,4.43944e+06,3.03805e+06,1.48233e+07,0,0,0,0,78.6068,79.791,2.14778,0,0,1.61767,1.61767,0,1.24977,2.54016,9.22605e+06,4.06077e+06,1.49247e+07,0,0,0,0
48.3373,85.139,1.11559,0.03,0.04,3.23726,3.23726,0,0.625732,4.47552,4.43944e+06,3.03805e+06,1.43716e+07,0,0,0,0,79.078,79.791,3.69042,0,0,1.5399,1.5399,0,1.24982,2.54016,9.22605e+06,4.06077e+06,1.42072e+07,0,0,0,0
46.3777,85.139,0.992621,0.03,0.04,3.23738,3.23738,0,0.606662,4.47552,4.43944e+06,3.03805e+06,1.43721e+07,0,0,0,0,79.0554,79.791,2.21375,0,0,1.53995,1.53995,0,1.18972,2.54016,9.22605e+06,4.06077e+06,1.42077e+07,0,0,0,0
44.2796,85.139,0.846611,0.02,0.04,3.2375,3.2375,0,0.606684,4.47552,4.43944e+06,3.03805e+06,1.43727e+07,0,0,0,0,78.9767,79.791,2.0201,0,0,1.54001,1.54001,0,1.18977,2.54016,9.22605e+06,4.06077e+06,1.42082e+07,0,0,0,0
42.8379,85.139,1.618,0.02,0.04,3.23761,3.23761,0,0.606707,4.47552,4.43944e+06,3.03805e+06,1.43732e+07,0,0,0,0,79.1686,79.791,2.81138,0,0,1.54007,1.54007,0,1.18981,2.54016,9.22605e+06,4.06077e+06,1.42087e+07,0,0,0,0
40.896,85.139,1.00181,0.02,0.04,3.15409,3.15409,0,0.606729,4.47552,4.43944e+06,3.03805e+06,1.40024e+07,0,0,0,0,78.9445,79.791,1.72401,0,0,1.46926,1.46926,0,1.18986,2.54016,9.22605e+06,4.06077e+06,1.35555e+07,0,0,0,0
38.911,85.139,0.941538,0.04,0.04,3.15421,3.15421,0,0.591077,4.47552,4.43944e+06,3.03805e+06,1.40029e+07,0,0,0,0,78.9013,79.791,1.71926,0,0,1.46932,1.46932,0,1.13515,2.54016,9.22605e+06,4.06077e+06,1.3556e+07,0,0,0,0
37.2541,85.139,1.32296,0.05,0.04,3.15433,3.15433,0,0.591099,4.47552,4.43944e+06,3.03805e+06,1.40034e+07,0,0,0,0,78.985,79.791,2.2025,0,0,1.46937,1.46937,0,1.13519,2.54016,9.22605e+06,4.06077e+06,1.35565e+07,0,0,0,0
37.0566,85.139,2.82726,0.05,0.04,3.15444,3.15444,0,0.591121,4.47552,4.43944e+06,3.03805e+06,1.40039e+07,0,0,0,0,79.4873,79.791,3.62671,0,0,1.46942,1.46942,0,1.13524,2.54016,9.22605e+06,4.06077e+06,1.3557e+07,0,0,0,0
36.2695,85.139,1.93457,0.05,0.04,2.91698,2.91698,0,0.591142,4.47552,4.43944e+06,3.03805e+06,1.29498e+07,0,0,0,0,79.0401,79.791,1.77149,0,0,1.32187,1.32187,0,1.13528,2.54016,9.22605e+06,4.06077e+06,1.21957e+07,0,0,0,0
34.932,85.139,1.34707,0.04,0.04,2.91709,2.91709,0,0.546643,4.47552,4.43944e+06,3.03805e+06,1.29502e+07,0,0,0,0,79.0504,79.791,1.02374,0,0,1.32192,1.32192,0,1.02128,2.54016,9.22605e+06,4.06077e+06,1.21961e+07,0,0,0,0
35.2511,85.139,3.14121,0.05,0.04,2.9172,2.9172,0,0.546663,4.47552,4.43944e+06,3.03805e+06,1.29507e+07,0,0,0,0,79.254,79.791,3.13604,0,0,1.32197,1.32197,0,1.02132,2.54016,9.22605e+06,4.06077e+06,1.21966e+07,0,0,0,0
35.3075,85.139,2.81741,0.06,0.04,2.9173,2.9173,0,0.546683,4.47552,4.43944e+06,3.03805e+06,1.29512e+07,0,0,0,0,79.3583,79.791,1.7053,0,0,1.32202,1.32202,0,1.02135,2.54016,9.22605e+06,4.06077e+06,1.2197e+07,0,0,0,0
35.3383,85.139,2.84195,0.06,0.04,2.91741,2.91741,0,0.546703,4.47552,4.43944e+06,3.03805e+06,1.29517e+07,0,0,0,0,79.7762,79.791,2.93477,0,0,1.32207,1.32207,0,1.02139,2.54016,9.22605e+06,4.06077e+06,1.21975e+07,0,0,0,0
35.2979,85.139,2.86752,0.06,0.04,3.00891,3.00891,0,0.546723,4.47552,4.43944e+06,3.03805e+06,1.33579e+07,0,0,0,0,80.6763,79.791,4.10838,0,0,1.36486,1.36486,0,1.02143,2.54016,9.22605e+06,4.06077e+06,1.25923e+07,0,0,0,0
35.4984,85.139,3.1708,0.07,0.04,3.00901,3.00901,0,0.563871,4.47552,4.43944e+06,3.03805e+06,1.33583e+07,0,0,0,0,80.8192,79.791,5.18525,0,0,1.36491,1.36491,0,1.05449,2.54016,9.22605e+06,4.06077e+06,1.25927e+07,0,0,0,0
35.2414,85.139,2.61974,0.07,0.04,3.0091,3.0091,0,0.563888,4.47552,4.43944e+06,3.03805e+06,1.33587e+07,0,0,0,0,80.8192,79.791,4.25398,0,0,1.36495,1.36495,0,1.05453,2.54016,9.22605e+06,4.06077e+06,1.25931e+07,0,0,0,0
35.5201,85.139,3.21282,0.08,0.04,3.0092,3.0092,0,0.563906,4.47552,4.43944e+06,3.03805e+06,1.33591e+07,0,0,0,0,80.8192,79.791,4.85756,0,0,1.36499,1.36499,0,1.05456,2.54016,9.22605e+06,4.06077e+06,1.25935e+07,0,0,0,0
35.5696,85.139,3.29059,0.09,0.04,3.30281,3.30281,0,0.563924,4.47552,4.43944e+06,3.03805e+06,1.46626e+07,0,0,0,0,80.8192,79.791,4.98391,0,0,1.52554,1.52554,0,1.05459,2.54016,9.22605e+06,4.06077e+06,1.40747e+07,0,0,0,0
36.3612,85.139,3.99279,0.11,0.04,3.23198,3.30292,0,0.618947,4.47552,4.43944e+06,3.03805e+06,1.43482e+07,0,0,0,0,80.8192,79.791,5.93577,0,0,1.49282,1.52558,0,1.17863,2.54016,9.22605e+06,4.06077e+06,1.37728e+07,0,0,0,0
37.3437,85.139,3.94723,0.15,0.04,2.94833,3.30302,0,0.605673,4.47552,4.43944e+06,3.64566e+06,1.30889e+07,0,0,0,0,80.8192,79.791,5.42106,0,0,1.3618,1.52563,0,1.15335,2.54016,9.22605e+06,4.87292e+06,1.25641e+07,0,0,0,0
38.1555,85.139,3.74125,0.16,0.04,2.94842,3.30313,0,0.552516,4.47552,4.43944e+06,3.64566e+06,1.30893e+07,0,0,0,0,80.8192,79.791,5.18368,0,0,1.36184,1.52568,0,1.05213,2.54016,9.22605e+06,4.87292e+06,1.25644e+07,0,0,0,0
41.9039,85.139,6.34469,0.17,0.04,2.57477,2.88453,0,0.552534,4.47552,4.43944e+06,3.64566e+06,1.14305e+07,0,0,0,0,80.8192,79.791,7.11335,0,0,1.1696,1.31031,0,1.05216,2.54016,9.22605e+06,4.87292e+06,1.07908e+07,0,0,0,0
45.0646,85.139,5.79479,0.2,0.04,2.57485,2.88462,0,0.482512,4.47552,4.43944e+06,3.64566e+06,1.14309e+07,0,0,0,0,80.8192,79.791,5.68829,0,0,1.16964,1.31035,0,0.903634,2.54016,9.22605e+06,4.87292e+06,1.07911e+07,0,0,0,0
48.3996,85.139,6.28099,0.1,0.04,2.88471,2.88471,0,0.482527,4.47552,4.43944e+06,3.03805e+06,1.28065e+07,0,0,0,0,80.8192,79.791,5.61619,0,0,1.31039,1.31039,0,0.903663,2.54016,9.22605e+06,4.06077e+06,1.20897e+07,0,0,0,0
51.0206,85.139,5.3626,0.15,0.04,2.57501,2.8848,0,0.540594,4.47552,4.43944e+06,3.64566e+06,1.14316e+07,0,0,0,0,80.8192,79.791,5.14437,0,0,1.16971,1.31043,0,1.01241,2.54016,9.22605e+06,4.87292e+06,1.07918e+07,0,0,0,0
54.6193,85.139,6.55968,0.16,0.04,2.57509,2.88489,0,0.482557,4.47552,4.43944e+06,3.64566e+06,1.1432e+07,0,0,0,0,80.8192,79.791,7.09998,0,0,1.16975,1.31047,0,0.90372,2.54016,9.22605e+06,4.87292e+06,1.07922e+07,0,0,0,0
57.1592,85.139,5.81767,0.07,0.04,2.99039,2.99039,0,0.482573,4.47552,4.43944e+06,3.03805e+06,1.32756e+07,0,0,0,0,80.8192,79.791,6.27868,0,0,1.36322,1.36322,0,0.903748,2.54016,9.22605e+06,4.06077e+06,1.25772e+07,0,0,0,0
59.4335,85.139,5.53157,0.07,0.04,2.99049,2.99049,0,0.560399,4.47552,4.43944e+06,3.03805e+06,1.32761e+07,0,0,0,0,80.8192,79.791,5.89898,0,0,1.36327,1.36327,0,1.05323,2.54016,9.22605e+06,4.06077e+06,1.25776e+07,0,0,0,0
60.6964,85.139,4.48553,0.07,0.04,2.99058,2.99058,0,0.560417,4.47552,4.43944e+06,3.03805e+06,1.32765e+07,0,0,0,0,80.8192,79.791,4.96523,0,0,1.36331,1.36331,0,1.05326,2.54016,9.22605e+06,4.06077e+06,1.2578e+07,0,0,0,0
61.8258,85.139,4.35843,0.03,0.04,2.99067,2.99067,0,0.560435,4.47552,4.43944e+06,3.03805e+06,1.32769e+07,0,0,0,0,80.8192,79.791,4.46701,0,0,1.36335,1.36335,0,1.05329,2.54016,9.22605e+06,4.06077e+06,1.25784e+07,0,0,0,0
62.3563,85.139,3.67695,0.02,0.04,2.94955,2.94955,0,0.560452,4.47552,4.43944e+06,3.03805e+06,1.30943e+07,0,0,0,0,80.8192,79.791,3.94222,0,0,1.34292,1.34292,0,1.05333,2.54016,9.22605e+06,4.06077e+06,1.23899e+07,0,0,0,0
62.53,85.139,3.30757,0.01,0.04,2.94964,2.94964,0,0.552745,4.47552,4.43944e+06,3.03805e+06,1.30947e+07,0,0,0,0,80.8192,79.791,4.0698,0,0,1.34296,1.34296,0,1.03754,2.54016,9.22605e+06,4.06077e+06,1.23903e+07,0,0,0,0
62.9702,85.139,3.58355,0.01,0.04,2.94973,2.94973,0,0.552763,4.47552,4.43944e+06,3.03805e+06,1.30952e+07,0,0,0,0,80.8192,79.791,3.56188,0,0,1.34301,1.34301,0,1.03757,2.54016,9.22605e+06,4.06077e+06,1.23907e+07,0,0,0,0
63.1134,85.139,3.23455,0.02,0.04,2.94983,2.94983,0,0.55278,4.47552,4.43944e+06,3.03805e+06,1.30956e+07,0,0,0,0,80.8192,79.791,3.60809,0,0,1.34305,1.34305,0,1.03761,2.54016,9.22605e+06,4.06077e+06,1.2391e+07,0,0,0,0
62.492,85.139,2.51948,0.02,0.04,3.08986,3.08986,0,0.552798,4.47552,4.43944e+06,3.03805e+06,1.37172e+07,0,0,0,0,80.8192,79.791,3.04265,0,0,1.41571,1.41571,0,1.03764,2.54016,9.22605e+06,4.06077e+06,1.30614e+07,0,0,0,0
61.9523,85.139,2.53851,0.01,0.04,3.08995,3.08995,0,0.579039,4.47552,4.43944e+06,3.03805e+06,1.37176e+07,0,0,0,0,80.8192,79.791,3.53301,0,0,1.41575,1.41575,0,1.09378,2.54016,9.22605e+06,4.06077e+06,1.30618e+07,0,0,0,0
61.1643,85.139,2.24555,0.01,0.04,3.09005,3.09005,0,0.579057,4.47552,4.43944e+06,3.03805e+06,1.37181e+07,0,0,0,0,80.8192,79.791,2.96826,0,0,1.4158,1.4158,0,1.09381,2.54016,9.22605e+06,4.06077e+06,1.30622e+07,0,0,0,0
60.2653,85.139,2.11544,0.01,0.04,3.09015,3.09015,0,0.579076,4.47552,4.43944e+06,3.03805e+06,1.37185e+07,0,0,0,0,80.8192,79.791,2.57771,0,0,1.41584,1.41584,0,1.09384,2.54016,9.22605e+06,4.06077e+06,1.30626e+07,0,0,0,0
59.4698,85.139,2.23532,0.01,0.04,3.09025,3.09025,0,0.579094,4.47552,4.43944e+06,3.03805e+06,1.37189e+07,0,0,0,0,80.8192,79.791,2.73706,0,0,1.41589,1.41589,0,1.09388,2.54016,9.22605e+06,4.06077e+06,1.3063e+07,0,0,0,0
58.669,85.139,2.20115,0.02,0.04,3.06267,3.06267,0,0.579112,4.47552,4.43944e+06,3.03805e+06,1.35965e+07,0,0,0,0,80.8192,79.791,2.862,0,0,1.45585,1.45585,0,1.09391,2.54016,9.22605e+06,4.06077e+06,1.34317e+07,0,0,0,0
57.6518,85.139,1.94537,0.02,0.04,3.06276,3.06276,0,0.573944,4.47552,4.43944e+06,3.03805e+06,1.35969e+07,0,0,0,0,80.8192,79.791,2.57328,0,0,1.45589,1.45589,0,1.12479,2.54016,9.22605e+06,4.06077e+06,1.34321e+07,0,0,0,0
56.5698,85.139,1.85775,0.02,0.04,3.06286,3.06286,0,0.573962,4.47552,4.43944e+06,3.03805e+06,1.35974e+07,0,0,0,0,80.8192,79.791,2.68187,0,0,1.45594,1.45594,0,1.12482,2.54016,9.22605e+06,4.06077e+06,1.34326e+07,0,0,0,0
55.4987,85.139,1.84786,0.02,0.04,3.06296,3.06296,0,0.57398,4.47552,4.43944e+06,3.03805e+06,1.35978e+07,0,0,0,0,80.8192,79.791,2.6971,0,0,1.45598,1.45598,0,1.12486,2.54016,9.22605e+06,4.06077e+06,1.3433e+07,0,0,0,0
54.6185,85.139,2.07987,0.02,0.04,3.13454,3.13454,0,0.573998,4.47552,4.43944e+06,3.03805e+06,1.39156e+07,0,0,0,0,80.8192,79.791,2.82742,0,0,1.49161,1.49161,0,1.12489,2.54016,9.22605e+06,4.06077e+06,1.37617e+07,0,0,0,0
53.4949,85.139,1.8178,0.02,0.04,3.13464,3.13464,0,0.587412,4.47552,4.43944e+06,3.03805e+06,1.3916e+07,0,0,0,0,80.8192,79.791,2.61856,0,0,1.49166,1.49166,0,1.15242,2.54016,9.22605e+06,4.06077e+06,1.37621e+07,0,0,0,0
52.2527,85.139,1.67639,0.03,0.04,3.13474,3.13474,0,0.587431,4.47552,4.43944e+06,3.03805e+06,1.39165e+07,0,0,0,0,80.8192,79.791,2.5151,0,0,1.4917,1.4917,0,1.15245,2.54016,9.22605e+06,4.06077e+06,1.37625e+07,0,0,0,0
50.7758,85.139,1.40431,0.03,0.04,3.13483,3.13483,0,0.587449,4.47552,4.43944e+06,3.03805e+06,1.39169e+07,0,0,0,0,80.8192,79.791,2.49359,0,0,1.49175,1.49175,0,1.15249,2.54016,9.22605e+06,4.06077e+06,1.3763e+07,0,0,0,0
49.5193,85.139,1.75852,0.04,0.04,3.3443,3.3443,0,0.587468,4.47552,4.43944e+06,3.03805e+06,1.48468e+07,0,0,0,0,80.7786,79.791,2.53903,0,0,1.62023,1.62023,0,1.15253,2.54016,9.22605e+06,4.06077e+06,1.49484e+07,0,0,0,0
48.5426,85.139,2.06054,0.03,0.04,3.34441,3.34441,0,0.626722,4.47552,4.43944e+06,3.03805e+06,1.48473e+07,0,0,0,0,80.8192,79.791,3.13929,0,0,1.62029,1.62029,0,1.25179,2.54016,9.22605e+06,4.06077e+06,1.49488e+07,0,0,0,0
47.1577,85.139,1.65527,0.03,0.04,3.34451,3.34451,0,0.626742,4.47552,4.43944e+06,3.03805e+06,1.48478e+07,0,0,0,0,80.7033,79.791,2.27745,0,0,1.62034,1.62034,0,1.25183,2.54016,9.22605e+06,4.06077e+06,1.49493e+07,0,0,0,0
46.1407,85.139,2.00896,0.03,0.04,3.34462,3.34462,0,0.626762,4.47552,4.43944e+06,3.03805e+06,1.48482e+07,0,0,0,0,80.8192,79.791,3.93435,0,0,1.62039,1.62039,0,1.25187,2.54016,9.22605e+06,4.06077e+06,1.49498e+07,0,0,0,0
44.5818,85.139,1.45624,0.03,0.04,3.34472,3.34472,0,0.626782,4.47552,4.43944e+06,3.03805e+06,1.48487e+07,0,0,0,0,80.7833,79.791,2.50853,0,0,1.62044,1.62044,0,1.25191,2.54016,9.22605e+06,4.06077e+06,1.49503e+07,0,0,0,0
42.9014,85.139,1.22295,0.03,0.04,3.24278,3.24278,0,0.626801,4.47552,4.43944e+06,3.03805e+06,1.43961e+07,0,0,0,0,80.8192,79.791,3.77405,0,0,1.54252,1.54252,0,1.25195,2.54016,9.22605e+06,4.06077e+06,1.42314e+07,0,0,0,0
41.0495,85.139,1.05028,0.02,0.04,3.24288,3.24288,0,0.607696,4.47552,4.43944e+06,3.03805e+06,1.43965e+07,0,0,0,0,80.6605,79.791,2.05223,0,0,1.54257,1.54257,0,1.19175,2.54016,9.22605e+06,4.06077e+06,1.42318e+07,0,0,0,0
39.3429,85.139,1.2198,0.04,0.04,3.24298,3.24298,0,0.607715,4.47552,4.43944e+06,3.03805e+06,1.4397e+07,0,0,0,0,80.541,79.791,2.10216,0,0,1.54262,1.54262,0,1.19179,2.54016,9.22605e+06,4.06077e+06,1.42323e+07,0,0,0,0
39.3725,85.139,3.1743,0.04,0.04,3.24308,3.24308,0,0.607734,4.47552,4.43944e+06,3.03805e+06,1.43975e+07,0,0,0,0,80.8192,79.791,3.74247,0,0,1.54267,1.54267,0,1.19183,2.54016,9.22605e+06,4.06077e+06,1.42327e+07,0,0,0,0
37.7966,85.139,1.31231,0.04,0.04,3.15941,3.15941,0,0.607754,4.47552,4.43944e+06,3.03805e+06,1.4026e+07,0,0,0,0,80.8192,79.791,2.24023,0,0,1.47174,1.47174,0,1.19187,2.54016,9.22605e+06,4.06077e+06,1.35783e+07,0,0,0,0
36.8479,85.139,1.94641,0.04,0.04,3.1595,3.1595,0,0.592073,4.47552,4.43944e+06,3.03805e+06,1.40264e+07,0,0,0,0,80.8192,79.791,4.08525,0,0,1.47178,1.47178,0,1.13706,2.54016,9.22605e+06,4.06077e+06,1.35787e+07,0,0,0,0
35.1936,85.139,1.22762,0.05,0.04,3.1596,3.1596,0,0.592091,4.47552,4.43944e+06,3.03805e+06,1.40269e+07,0,0,0,0,80.8192,79.791,3.18597,0,0,1.47183,1.47183,0,1.1371,2.54016,9.22605e+06,4.06077e+06,1.35792e+07,0,0,0,0
35.7242,85.139,3.61594,0.05,0.04,3.1597,3.1597,0,0.59211,4.47552,4.43944e+06,3.03805e+06,1.40273e+07,0,0,0,0,80.8192,79.791,3.91001,0,0,1.47188,1.47188,0,1.13714,2.54016,9.22605e+06,4.06077e+06,1.35796e+07,0,0,0,0
36.8393,85.139,3.96072,0.04,0.04,2.92183,2.92183,0,0.592129,4.47552,4.43944e+06,3.03805e+06,1.29713e+07,0,0,0,0,80.8192,79.791,8.29937,0,0,1.32407,1.32407,0,1.13717,2.54016,9.22605e+06,4.06077e+06,1.2216e+07,0,0,0,0
38.1509,85.139,4.21366,0.06,0.04,2.92193,2.92193,0,0.547552,4.47552,4.43944e+06,3.03805e+06,1.29717e+07,0,0,0,0,80.8192,79.791,9.26325,0,0,1.32411,1.32411,0,1.02298,2.54016,9.22605e+06,4.06077e+06,1.22163e+07,0,0,0,0
39.3079,85.139,3.9796,0.05,0.04,2.92202,2.92202,0,0.547569,4.47552,4.43944e+06,3.03805e+06,1.29721e+07,0,0,0,0,80.8192,79.791,8.90263,0,0,1.32416,1.32416,0,1.02301,2.54016,9.22605e+06,4.06077e+06,1.22167e+07,0,0,0,0
40.4495,85.139,4.00318,0.06,0.04,2.92211,2.92211,0,0.547586,4.47552,4.43944e+06,3.03805e+06,1.29725e+07,0,0,0,0,80.8192,79.791,7.90833,0,0,1.3242,1.3242,0,1.02304,2.54016,9.22605e+06,4.06077e+06,1.22171e+07,0,0,0,0
43.2113,85.139,5.75081,0.06,0.04,2.9222,2.9222,0,0.547604,4.47552,4.43944e+06,3.03805e+06,1.29729e+07,0,0,0,0,80.8192,79.791,7.97689,0,0,1.32424,1.32424,0,1.02308,2.54016,9.22605e+06,4.06077e+06,1.22175e+07,0,0,0,0
44.4456,85.139,4.37508,0.04,0.04,3.01384,3.01384,0,0.547621,4.47552,4.43944e+06,3.03805e+06,1.33798e+07,0,0,0,0,80.8192,79.791,5.83749,0,0,1.3671,1.3671,0,1.02311,2.54016,9.22605e+06,4.06077e+06,1.26129e+07,0,0,0,0
45.7893,85.139,4.41714,0.04,0.04,3.01392,3.01392,0,0.564794,4.47552,4.43944e+06,3.03805e+06,1.33801e+07,0,0,0,0,80.8192,79.791,5.61858,0,0,1.36714,1.36714,0,1.05622,2.54016,9.22605e+06,4.06077e+06,1.26133e+07,0,0,0,0
51.2506,85.139,8.80546,0.05,0.04,3.014,3.014,0,0.564809,4.47552,4.43944e+06,3.03805e+06,1.33805e+07,0,0,0,0,80.8192,79.791,7.60765,0,0,1.36717,1.36717,0,1.05625,2.54016,9.22605e+06,4.06077e+06,1.26136e+07,0,0,0,0
59.1248,85.139,11.763,0.03,0.04,3.01408,3.01408,0,0.564824,4.47552,4.43944e+06,3.03805e+06,1.33808e+07,0,0,0,0,80.8192,79.791,9.32933,0,0,1.36721,1.36721,0,1.05628,2.54016,9.22605e+06,4.06077e+06,1.26139e+07,0,0,0,0
67.4039,85.139,12.6518,0.04,0.04,3.30815,3.30815,0,0.564838,4.47552,4.43944e+06,3.03805e+06,1.46863e+07,0,0,0,0,80.8192,79.791,8.96613,0,0,1.528,1.528,0,1.0563,2.54016,9.22605e+06,4.06077e+06,1.40974e+07,0,0,0,0
70.0079,85.139,6.47995,0.02,0.04,3.30824,3.30824,0,0.619948,4.47552,4.43944e+06,3.03805e+06,1.46867e+07,0,0,0,0,80.8192,79.791,4.92299,0,0,1.52804,1.52804,0,1.18053,2.54016,9.22605e+06,4.06077e+06,1.40978e+07,0,0,0,0
71.4255,85.139,5.16598,0.01,0.04,3.30833,3.30833,0,0.619964,4.47552,4.43944e+06,3.03805e+06,1.46871e+07,0,0,0,0,80.8192,79.791,4.61511,0,0,1.52808,1.52808,0,1.18057,2.54016,9.22605e+06,4.06077e+06,1.40982e+07,0,0,0,0
72.5412,85.139,4.85055,0.01,0.04,3.30842,3.30842,0,0.619981,4.47552,4.43944e+06,3.03805e+06,1.46875e+07,0,0,0,0,80.8192,79.791,4.77562,0,0,1.52812,1.52812,0,1.1806,2.54016,9.22605e+06,4.06077e+06,1.40985e+07,0,0,0,0
80.2773,85.139,11.9701,0.01,0.04,2.88913,2.88913,0,0.619997,4.47552,4.43944e+06,3.03805e+06,1.28261e+07,0,0,0,0,80.8192,79.791,14.4428,0,0,1.3124,1.3124,0,1.18063,2.54016,9.22605e+06,4.06077e+06,1.21083e+07,0,0,0,0
85.139,85.139,10.6853,0,0.04,2.88921,2.88921,0,0.541423,4.47552,4.43944e+06,3.03805e+06,1.28264e+07,0,0,0,0,80.8192,79.791,10.2776,0,0,1.31244,1.31244,0,1.01396,2.54016,9.22605e+06,4.06077e+06,1.21086e+07,0,0,0,0
85.139,85.139,9.21561,0,0.04,2.88928,2.88928,0,0.541437,4.47552,4.43944e+06,3.03805e+06,1.28268e+07,0,0,0,0,80.8192,79.791,8.155,0,0,1.31247,1.31247,0,1.01399,2.54016,9.22605e+06,4.06077e+06,1.21089e+07,0,0,0,0
85.139,85.139,9.97567,0,0.04,2.88936,2.88936,0,0.541451,4.47552,4.43944e+06,3.03805e+06,1.28271e+07,0,0,0,0,80.8192,79.791,8.56678,0,0,1.31251,1.31251,0,1.01401,2.54016,9.22605e+06,4.06077e+06,1.21092e+07,0,0,0,0
85.139,85.139,7.18956,0,0.04,2.88943,2.88943,0,0.541466,4.47552,4.43944e+06,3.03805e+06,1.28275e+07,0,0,0,0,80.8192,79.791,6.49379,0,0,1.31254,1.31254,0,1.01404,2.54016,9.22605e+06,4.06077e+06,1.21096e+07,0,0,0,0
85.139,85.139,6.5325,0,0.04,2.99509,2.99509,0,0.54148,4.47552,4.43944e+06,3.03805e+06,1.32965e+07,0,0,0,0,80.8192,79.791,6.98955,0,0,1.36537,1.36537,0,1.01407,2.54016,9.22605e+06,4.06077e+06,1.25969e+07,0,0,0,0
85.139,85.139,8.21033,0,0.04,2.99517,2.99517,0,0.561279,4.47552,4.43944e+06,3.03805e+06,1.32968e+07,0,0,0,0,80.8192,79.791,9.54611,0,0,1.3654,1.3654,0,1.05488,2.54016,9.22605e+06,4.06077e+06,1.25973e+07,0,0,0,0
85.139,85.139,8.18317,0,0.04,2.99525,2.99525,0,0.561294,4.47552,4.43944e+06,3.03805e+06,1.32972e+07,0,0,0,0,80.8192,79.791,10.8569,0,0,1.36544,1.36544,0,1.05491,2.54016,9.22605e+06,4.06077e+06,1.25976e+07,0,0,0,0
85.139,85.139,6.24768,0,0.04,2.99532,2.99532,0,0.561309,4.47552,4.43944e+06,3.03805e+06,1.32976e+07,0,0,0,0,80.8192,79.791,7.4533,0,0,1.36547,1.36547,0,1.05494,2.54016,9.22605e+06,4.06077e+06,1.25979e+07,0,0,0,0
85.139,85.139,5.40493,0,0.04,2.95412,2.95412,0,0.561324,4.47552,4.43944e+06,3.03805e+06,1.31146e+07,0,0,0,0,80.8192,79.791,5.38204,0,0,1.345,1.345,0,1.05496,2.54016,9.22605e+06,4.06077e+06,1.24091e+07,0,0,0,0
85.139,85.139,4.8462,0,0.04,2.9542,2.9542,0,0.553602,4.47552,4.43944e+06,3.03805e+06,1.3115e+07,0,0,0,0,80.8192,79.791,5.30932,0,0,1.34504,1.34504,0,1.03915,2.54016,9.22605e+06,4.06077e+06,1.24094e+07,0,0,0,0
85.139,85.139,4.41419,0,0.04,2.95428,2.95428,0,0.553617,4.47552,4.43944e+06,3.03805e+06,1.31153e+07,0,0,0,0,80.8192,79.791,4.5581,0,0,1.34508,1.34508,0,1.03918,2.54016,9.22605e+06,4.06077e+06,1.24097e+07,0,0,0,0
85.139,85.139,4.11703,0,0.04,2.95435,2.95435,0,0.553631,4.47552,4.43944e+06,3.03805e+06,1.31157e+07,0,0,0,0,80.8192,79.791,4.38792,0,0,1.34511,1.34511,0,1.0392,2.54016,9.22605e+06,4.06077e+06,1.24101e+07,0,0,0,0
85.139,85.139,4.6367,0,0.04,3.09458,3.09458,0,0.553646,4.47552,4.43944e+06,3.03805e+06,1.37382e+07,0,0,0,0,80.8192,79.791,4.18627,0,0,1.41787,1.41787,0,1.03923,2.54016,9.22605e+06,4.06077e+06,1.30814e+07,0,0,0,0
85.139,85.139,3.79469,0,0.04,3.09466,3.09466,0,0.579925,4.47552,4.43944e+06,3.03805e+06,1.37386e+07,0,0,0,0,80.8192,79.791,3.89103,0,0,1.41791,1.41791,0,1.09545,2.54016,9.22605e+06,4.06077e+06,1.30817e+07,0,0,0,0
85.139,85.139,3.55539,0,0.04,3.09474,3.09474,0,0.57994,4.47552,4.43944e+06,3.03805e+06,1.37389e+07,0,0,0,0,80.8192,79.791,3.57952,0,0,1.41795,1.41795,0,1.09548,2.54016,9.22605e+06,4.06077e+06,1.3082e+07,0,0,0,0
85.139,85.139,3.49751,0,0.04,3.09483,3.09483,0,0.579955,4.47552,4.43944e+06,3.03805e+06,1.37393e+07,0,0,0,0,80.8192,79.791,3.66883,0,0,1.41798,1.41798,0,1.09551,2.54016,9.22605e+06,4.06077e+06,1.30824e+07,0,0,0,0
85.139,85.139,3.32325,0,0.04,3.09491,3.09491,0,0.579971,4.47552,4.43944e+06,3.03805e+06,1.37396e+07,0,0,0,0,80.8192,79.791,3.60938,0,0,1.41802,1.41802,0,1.09553,2.54016,9.22605e+06,4.06077e+06,1.30827e+07,0,0,0,0
85.139,85.139,3.29591,0,0.04,3.06727,3.06727,0,0.579986,4.47552,4.43944e+06,3.03805e+06,1.36169e+07,0,0,0,0,80.8192,79.791,3.44394,0,0,1.45804,1.45804,0,1.09556,2.54016,9.22605e+06,4.06077e+06,1.34519e+07,0,0,0,0
85.0132,85.139,3.14656,0,0.04,3.06735,3.06735,0,0.574806,4.47552,4.43944e+06,3.03805e+06,1.36173e+07,0,0,0,0,80.8192,79.791,3.33026,0,0,1.45807,1.45807,0,1.12648,2.54016,9.22605e+06,4.06077e+06,1.34523e+07,0,0,0,0
84.75,85.139,2.97211,0,0.04,3.06743,3.06743,0,0.574822,4.47552,4.43944e+06,3.03805e+06,1.36177e+07,0,0,0,0,80.8192,79.791,3.27695,0,0,1.45811,1.45811,0,1.12651,2.54016,9.22605e+06,4.06077e+06,1.34526e+07,0,0,0,0
84.3069,85.139,2.78764,0.01,0.04,3.06751,3.06751,0,0.574837,4.47552,4.43944e+06,3.03805e+06,1.3618e+07,0,0,0,0,80.8192,79.791,3.21103,0,0,1.45815,1.45815,0,1.12654,2.54016,9.22605e+06,4.06077e+06,1.3453e+07,0,0,0,0
84.1541,85.139,3.13357,0.01,0.04,3.13919,3.13919,0,0.574852,4.47552,4.43944e+06,3.03805e+06,1.39362e+07,0,0,0,0,80.8192,79.791,3.23195,0,0,1.49382,1.49382,0,1.12657,2.54016,9.22605e+06,4.06077e+06,1.37821e+07,0,0,0,0
83.8492,85.139,2.95663,0.01,0.04,3.13927,3.13927,0,0.588283,4.47552,4.43944e+06,3.03805e+06,1.39366e+07,0,0,0,0,80.8192,79.791,3.36224,0,0,1.49386,1.49386,0,1.15413,2.54016,9.22605e+06,4.06077e+06,1.37824e+07,0,0,0,0
83.3652,85.139,2.76684,0.01,0.04,3.13935,3.13935,0,0.588299,4.47552,4.43944e+06,3.03805e+06,1.3937e+07,0,0,0,0,80.8192,79.791,3.07351,0,0,1.4939,1.4939,0,1.15416,2.54016,9.22605e+06,4.06077e+06,1.37828e+07,0,0,0,0
82.8493,85.139,2.71951,0.01,0.04,3.13944,3.13944,0,0.588315,4.47552,4.43944e+06,3.03805e+06,1.39373e+07,0,0,0,0,80.8192,79.791,3.30322,0,0,1.49394,1.49394,0,1.15419,2.54016,9.22605e+06,4.06077e+06,1.37832e+07,0,0,0,0
82.1057,85.139,2.64546,0.01,0.04,3.34919,3.34919,0,0.58833,4.47552,4.43944e+06,3.03805e+06,1.48685e+07,0,0,0,0,80.7473,79.791,3.03198,0,0,1.6226,1.6226,0,1.15422,2.54016,9.22605e+06,4.06077e+06,1.49702e+07,0,0,0,0
81.4629,85.139,2.75447,0.01,0.04,3.34928,3.34928,0,0.627639,4.47552,4.43944e+06,3.03805e+06,1.48689e+07,0,0,0,0,80.7515,79.791,3.28242,0,0,1.62265,1.62265,0,1.25362,2.54016,9.22605e+06,4.06077e+06,1.49706e+07,0,0,0,0
80.311,85.139,2.2688,0.01,0.04,3.34937,3.34937,0,0.627655,4.47552,4.43944e+06,3.03805e+06,1.48693e+07,0,0,0,0,80.5848,79.791,2.62537,0,0,1.62269,1.62269,0,1.25366,2.54016,9.22605e+06,4.06077e+06,1.4971e+07,0,0,0,0
79.5513,85.139,2.62671,0.02,0.04,3.34946,3.34946,0,0.627672,4.47552,4.43944e+06,3.03805e+06,1.48697e+07,0,0,0,0,80.7497,79.791,3.94135,0,0,1.62273,1.62273,0,1.25369,2.54016,9.22605e+06,4.06077e+06,1.49714e+07,0,0,0,0
78.8455,85.139,2.7167,0.02,0.04,3.34955,3.34955,0,0.627689,4.47552,4.43944e+06,3.03805e+06,1.48701e+07,0,0,0,0,80.6698,79.791,3.09784,0,0,1.62278,1.62278,0,1.25372,2.54016,9.22605e+06,4.06077e+06,1.49718e+07,0,0,0,0
79.2051,85.139,3.72901,0.01,0.04,3.24743,3.24743,0,0.627705,4.47552,4.43944e+06,3.03805e+06,1.44168e+07,0,0,0,0,80.7484,79.791,3.14807,0,0,1.54474,1.54474,0,1.25376,2.54016,9.22605e+06,4.06077e+06,1.42518e+07,0,0,0,0
78.997,85.139,3.14826,0.01,0.04,3.24752,3.24752,0,0.608569,4.47552,4.43944e+06,3.03805e+06,1.44172e+07,0,0,0,0,80.8192,79.791,5.08585,0,0,1.54478,1.54478,0,1.19346,2.54016,9.22605e+06,4.06077e+06,1.42522e+07,0,0,0,0
78.3584,85.139,2.71601,0.01,0.04,3.24761,3.24761,0,0.608585,4.47552,4.43944e+06,3.03805e+06,1.44175e+07,0,0,0,0,80.7315,79.791,2.87507,0,0,1.54482,1.54482,0,1.1935,2.54016,9.22605e+06,4.06077e+06,1.42526e+07,0,0,0,0
77.8169,85.139,2.821,0.01,0.04,3.24769,3.24769,0,0.608601,4.47552,4.43944e+06,3.03805e+06,1.44179e+07,0,0,0,0,80.6368,79.791,2.78978,0,0,1.54486,1.54486,0,1.19353,2.54016,9.22605e+06,4.06077e+06,1.4253e+07,0,0,0,0
76.6933,85.139,2.16468,0.01,0.04,3.16388,3.16388,0,0.608617,4.47552,4.43944e+06,3.03805e+06,1.40458e+07,0,0,0,0,80.3303,79.791,2.03442,0,0,1.47382,1.47382,0,1.19356,2.54016,9.22605e+06,4.06077e+06,1.35975e+07,0,0,0,0
75.1939,85.139,1.79969,0.01,0.04,3.16396,3.16396,0,0.592911,4.47552,4.43944e+06,3.03805e+06,1.40462e+07,0,0,0,0,80.2128,79.791,1.48616,0,0,1.47386,1.47386,0,1.13867,2.54016,9.22605e+06,4.06077e+06,1.35979e+07,0,0,0,0
74.5824,85.139,2.71273,0.02,0.04,3.16405,3.16405,0,0.592927,4.47552,4.43944e+06,3.03805e+06,1.40466e+07,0,0,0,0,80.6039,79.791,3.99572,0,0,1.4739,1.4739,0,1.1387,2.54016,9.22605e+06,4.06077e+06,1.35983e+07,0,0,0,0
77.6789,85.139,6.58891,0.02,0.04,3.16413,3.16413,0,0.592942,4.47552,4.43944e+06,3.03805e+06,1.4047e+07,0,0,0,0,80.8192,79.791,6.92471,0,0,1.47394,1.47394,0,1.13873,2.54016,9.22605e+06,4.06077e+06,1.35986e+07,0,0,0,0
77.592,85.139,3.2051,0,0.04,2.92591,2.92591,0,0.592958,4.47552,4.43944e+06,3.03805e+06,1.29894e+07,0,0,0,0,80.8192,79.791,2.71088,0,0,1.32592,1.32592,0,1.13876,2.54016,9.22605e+06,4.06077e+06,1.2233e+07,0,0,0,0
77.777,85.139,3.47734,0,0.04,2.92599,2.92599,0,0.548316,4.47552,4.43944e+06,3.03805e+06,1.29897e+07,0,0,0,0,80.8192,79.791,3.34018,0,0,1.32596,1.32596,0,1.02441,2.54016,9.22605e+06,4.06077e+06,1.22333e+07,0,0,0,0
78.1115,85.139,3.6633,0,0.04,2.92607,2.92607,0,0.548331,4.47552,4.43944e+06,3.03805e+06,1.29901e+07,0,0,0,0,80.8192,79.791,5.04503,0,0,1.32599,1.32599,0,1.02443,2.54016,9.22605e+06,4.06077e+06,1.22337e+07,0,0,0,0
78.3949,85.139,3.64766,0,0.04,2.92614,2.92614,0,0.548345,4.47552,4.43944e+06,3.03805e+06,1.29904e+07,0,0,0,0,80.8192,79.791,4.30411,0,0,1.32603,1.32603,0,1.02446,2.54016,9.22605e+06,4.06077e+06,1.2234e+07,0,0,0,0
85.139,85.139,10.8809,0,0.04,2.92622,2.92622,0,0.548359,4.47552,4.43944e+06,3.03805e+06,1.29908e+07,0,0,0,0,80.8192,79.791,8.74882,0,0,1.32606,1.32606,0,1.02449,2.54016,9.22605e+06,4.06077e+06,1.22343e+07,0,0,0,0
85.139,85.139,8.45654,0,0.04,3.01797,3.01797,0,0.548374,4.47552,4.43944e+06,3.03805e+06,1.33981e+07,0,0,0,0,80.8192,79.791,7.94605,0,0,1.36897,1.36897,0,1.02451,2.54016,9.22605e+06,4.06077e+06,1.26302e+07,0,0,0,0
85.139,85.139,7.40283,0,0.04,3.01803,3.01803,0,0.565567,4.47552,4.43944e+06,3.03805e+06,1.33984e+07,0,0,0,0,80.8192,79.791,7.30977,0,0,1.369,1.369,0,1.05767,2.54016,9.22605e+06,4.06077e+06,1.26305e+07,0,0,0,0
85.139,85.139,6.25403,0,0.04,3.0181,3.0181,0,0.565579,4.47552,4.43944e+06,3.03805e+06,1.33986e+07,0,0,0,0,80.8192,79.791,5.59516,0,0,1.36903,1.36903,0,1.05769,2.54016,9.22605e+06,4.06077e+06,1.26307e+07,0,0,0,0
85.139,85.139,7.7458,0,0.04,3.01816,3.01816,0,0.565591,4.47552,4.43944e+06,3.03805e+06,1.33989e+07,0,0,0,0,80.8192,79.791,6.04051,0,0,1.36906,1.36906,0,1.05771,2.54016,9.22605e+06,4.06077e+06,1.2631e+07,0,0,0,0
85.139,85.139,5.51421,0,0.04,3.31262,3.31262,0,0.565603,4.47552,4.43944e+06,3.03805e+06,1.47061e+07,0,0,0,0,80.8192,79.791,5.75576,0,0,1.53006,1.53006,0,1.05774,2.54016,9.22605e+06,4.06077e+06,1.41164e+07,0,0,0,0
85.139,85.139,3.68023,0,0.04,3.31269,3.31269,0,0.620784,4.47552,4.43944e+06,3.03805e+06,1.47065e+07,0,0,0,0,80.8192,79.791,4.17967,0,0,1.5301,1.5301,0,1.18213,2.54016,9.22605e+06,4.06077e+06,1.41167e+07,0,0,0,0
85.0924,85.139,3.6177,0,0.04,3.31276,3.31276,0,0.620797,4.47552,4.43944e+06,3.03805e+06,1.47068e+07,0,0,0,0,80.8192,79.791,3.23588,0,0,1.53013,1.53013,0,1.18215,2.54016,9.22605e+06,4.06077e+06,1.4117e+07,0,0,0,0
85.139,85.139,5.96621,0,0.04,3.31283,3.31283,0,0.620811,4.47552,4.43944e+06,3.03805e+06,1.47071e+07,0,0,0,0,80.8192,79.791,4.91236,0,0,1.53016,1.53016,0,1.18218,2.54016,9.22605e+06,4.06077e+06,1.41173e+07,0,0,0,0
85.139,85.139,12.1547,0,0.04,2.89297,2.89297,0,0.620824,4.47552,4.43944e+06,3.03805e+06,1.28431e+07,0,0,0,0,80.8192,79.791,13.8834,0,0,1.31414,1.31414,0,1.1822,2.54016,9.22605e+06,4.06077e+06,1.21244e+07,0,0,0,0
85.139,85.139,12.0344,0,0.04,2.89303,2.89303,0,0.542142,4.47552,4.43944e+06,3.03805e+06,1.28434e+07,0,0,0,0,80.8192,79.791,13.3884,0,0,1.31417,1.31417,0,1.01531,2.54016,9.22605e+06,4.06077e+06,1.21246e+07,0,0,0,0
85.139,85.139,9.19188,0,0.04,2.89309,2.89309,0,0.542153,4.47552,4.43944e+06,3.03805e+06,1.28437e+07,0,0,0,0,80.8192,79.791,8.46627,0,0,1.3142,1.3142,0,1.01533,2.54016,9.22605e+06,4.06077e+06,1.21249e+07,0,0,0,0
85.139,85.139,7.68432,0,0.04,2.89315,2.89315,0,0.542165,4.47552,4.43944e+06,3.03805e+06,1.2844e+07,0,0,0,0,80.8192,79.791,6.27672,0,0,1.31423,1.31423,0,1.01535,2.54016,9.22605e+06,4.06077e+06,1.21251e+07,0,0,0,0
85.139,85.139,6.74005,0,0.04,2.89321,2.89321,0,0.542177,4.47552,4.43944e+06,3.03805e+06,1.28442e+07,0,0,0,0,80.8192,79.791,8.13681,0,0,1.31426,1.31426,0,1.01537,2.54016,9.22605e+06,4.06077e+06,1.21254e+07,0,0,0,0
85.139,85.139,7.27371,0,0.04,2.99899,2.99899,0,0.542188,4.47552,4.43944e+06,3.03805e+06,1.33138e+07,0,0,0,0,80.8192,79.791,7.57865,0,0,1.36714,1.36714,0,1.01539,2.54016,9.22605e+06,4.06077e+06,1.26133e+07,0,0,0,0
85.139,85.139,5.41409,0,0.04,2.99905,2.99905,0,0.56201,4.47552,4.43944e+06,3.03805e+06,1.33141e+07,0,0,0,0,80.8192,79.791,5.46983,0,0,1.36717,1.36717,0,1.05625,2.54016,9.22605e+06,4.06077e+06,1.26136e+07,0,0,0,0
85.139,85.139,4.98349,0,0.04,2.99912,2.99912,0,0.562022,4.47552,4.43944e+06,3.03805e+06,1.33144e+07,0,0,0,0,80.8192,79.791,4.56982,0,0,1.3672,1.3672,0,1.05628,2.54016,9.22605e+06,4.06077e+06,1.26139e+07,0,0,0,0
85.139,85.139,6.18163,0,0.04,2.99918,2.99918,0,0.562034,4.47552,4.43944e+06,3.03805e+06,1.33147e+07,0,0,0,0,80.8192,79.791,5.43161,0,0,1.36723,1.36723,0,1.0563,2.54016,9.22605e+06,4.06077e+06,1.26141e+07,0,0,0,0
85.139,85.139,5.25276,0,0.04,2.95791,2.95791,0,0.562046,4.47552,4.43944e+06,3.03805e+06,1.31314e+07,0,0,0,0,80.8192,79.791,6.08354,0,0,1.34673,1.34673,0,1.05632,2.54016,9.22605e+06,4.06077e+06,1.2425e+07,0,0,0,0
85.139,85.139,4.75755,0,0.04,2.95797,2.95797,0,0.554311,4.47552,4.43944e+06,3.03805e+06,1.31317e+07,0,0,0,0,80.8192,79.791,5.459,0,0,1.34676,1.34676,0,1.04048,2.54016,9.22605e+06,4.06077e+06,1.24252e+07,0,0,0,0
85.139,85.139,4.49404,0,0.04,2.95803,2.95803,0,0.554323,4.47552,4.43944e+06,3.03805e+06,1.3132e+07,0,0,0,0,80.8192,79.791,4.86587,0,0,1.34678,1.34678,0,1.0405,2.54016,9.22605e+06,4.06077e+06,1.24255e+07,0,0,0,0
85.139,85.139,4.43338,0,0.04,2.95809,2.95809,0,0.554335,4.47552,4.43944e+06,3.03805e+06,1.31323e+07,0,0,0,0,80.8192,79.791,4.99176,0,0,1.34681,1.34681,0,1.04053,2.54016,9.22605e+06,4.06077e+06,1.24258e+07,0,0,0,0
85.139,85.139,4.22561,0,0.04,3.09848,3.09848,0,0.554347,4.47552,4.43944e+06,3.03805e+06,1.37555e+07,0,0,0,0,80.8192,79.791,4.65882,0,0,1.41966,1.41966,0,1.04055,2.54016,9.22605e+06,4.06077e+06,1.30979e+07,0,0,0,0
85.139,85.139,4.16328,0,0.04,3.09855,3.09855,0,0.580656,4.47552,4.43944e+06,3.03805e+06,1.37558e+07,0,0,0,0,80.8192,79.791,4.67574,0,0,1.41969,1.41969,0,1.09683,2.54016,9.22605e+06,4.06077e+06,1.30981e+07,0,0,0,0
85.139,85.139,3.97761,0,0.04,3.09861,3.09861,0,0.580668,4.47552,4.43944e+06,3.03805e+06,1.37561e+07,0,0,0,0,80.8192,79.791,4.96296,0,0,1.41972,1.41972,0,1.09685,2.54016,9.22605e+06,4.06077e+06,1.30984e+07,0,0,0,0
85.139,85.139,3.6807,0,0.04,3.09868,3.09868,0,0.58068,4.47552,4.43944e+06,3.03805e+06,1.37564e+07,0,0,0,0,80.8192,79.791,4.75306,0,0,1.41975,1.41975,0,1.09688,2.54016,9.22605e+06,4.06077e+06,1.30987e+07,0,0,0,0
85.139,85.139,3.50752,0,0.04,3.09875,3.09875,0,0.580693,4.47552,4.43944e+06,3.03805e+06,1.37567e+07,0,0,0,0,80.8192,79.791,4.6373,0,0,1.41978,1.41978,0,1.0969,2.54016,9.22605e+06,4.06077e+06,1.3099e+07,0,0,0,0
85.139,85.139,3.33338,0,0.04,3.07106,3.07106,0,0.580705,4.47552,4.43944e+06,3.03805e+06,1.36338e+07,0,0,0,0,80.8192,79.791,4.21959,0,0,1.45984,1.45984,0,1.09692,2.54016,9.22605e+06,4.06077e+06,1.34685e+07,0,0,0,0
85.0249,85.139,3.16117,0,0.04,3.07112,3.07112,0,0.575516,4.47552,4.43944e+06,3.03805e+06,1.36341e+07,0,0,0,0,80.8192,79.791,4.08217,0,0,1.45987,1.45987,0,1.12787,2.54016,9.22605e+06,4.06077e+06,1.34688e+07,0,0,0,0
84.7087,85.139,2.94345,0,0.04,3.07119,3.07119,0,0.575528,4.47552,4.43944e+06,3.03805e+06,1.36343e+07,0,0,0,0,80.8192,79.791,3.80239,0,0,1.4599,1.4599,0,1.12789,2.54016,9.22605e+06,4.06077e+06,1.34691e+07,0,0,0,0
84.245,85.139,2.78499,0.01,0.04,3.07125,3.07125,0,0.575541,4.47552,4.43944e+06,3.03805e+06,1.36346e+07,0,0,0,0,80.8192,79.791,3.58365,0,0,1.45993,1.45993,0,1.12792,2.54016,9.22605e+06,4.06077e+06,1.34694e+07,0,0,0,0
83.4091,85.139,2.41585,0.01,0.04,3.143,3.143,0,0.575553,4.47552,4.43944e+06,3.03805e+06,1.39531e+07,0,0,0,0,80.8192,79.791,2.90458,0,0,1.49563,1.49563,0,1.12794,2.54016,9.22605e+06,4.06077e+06,1.37988e+07,0,0,0,0
82.4342,85.139,2.26209,0.01,0.04,3.14306,3.14306,0,0.588998,4.47552,4.43944e+06,3.03805e+06,1.39534e+07,0,0,0,0,80.8192,79.791,2.89588,0,0,1.49567,1.49567,0,1.15553,2.54016,9.22605e+06,4.06077e+06,1.37991e+07,0,0,0,0
81.2204,85.139,2.00886,0.01,0.04,3.14313,3.14313,0,0.58901,4.47552,4.43944e+06,3.03805e+06,1.39537e+07,0,0,0,0,80.8192,79.791,2.63572,0,0,1.4957,1.4957,0,1.15555,2.54016,9.22605e+06,4.06077e+06,1.37994e+07,0,0,0,0
79.8436,85.139,1.82139,0.01,0.04,3.1432,3.1432,0,0.589023,4.47552,4.43944e+06,3.03805e+06,1.3954e+07,0,0,0,0,80.8192,79.791,2.57496,0,0,1.49573,1.49573,0,1.15558,2.54016,9.22605e+06,4.06077e+06,1.37997e+07,0,0,0,0
78.1646,85.139,1.66557,0.01,0.04,3.35319,3.35319,0,0.589035,4.47552,4.43944e+06,3.03805e+06,1.48863e+07,0,0,0,0,80.4273,79.791,1.99643,0,0,1.62454,1.62454,0,1.1556,2.54016,9.22605e+06,4.06077e+06,1.49881e+07,0,0,0,0
76.7329,85.139,1.89137,0.01,0.04,3.35326,3.35326,0,0.628388,4.47552,4.43944e+06,3.03805e+06,1.48866e+07,0,0,0,0,79.9462,79.791,1.75036,0,0,1.62458,1.62458,0,1.25512,2.54016,9.22605e+06,4.06077e+06,1.49884e+07,0,0,0,0
74.996,85.139,1.59953,0.01,0.04,3.35333,3.35333,0,0.628401,4.47552,4.43944e+06,3.03805e+06,1.48869e+07,0,0,0,0,79.7258,79.791,1.53948,0,0,1.62461,1.62461,0,1.25515,2.54016,9.22605e+06,4.06077e+06,1.49887e+07,0,0,0,0
73.4295,85.139,1.73844,0.02,0.04,3.3534,3.3534,0,0.628414,4.47552,4.43944e+06,3.03805e+06,1.48872e+07,0,0,0,0,79.6329,79.791,2.03919,0,0,1.62464,1.62464,0,1.25517,2.54016,9.22605e+06,4.06077e+06,1.4989e+07,0,0,0,0
72.1427,85.139,1.99655,0.02,0.04,3.35347,3.35347,0,0.628428,4.47552,4.43944e+06,3.03805e+06,1.48875e+07,0,0,0,0,79.5862,79.791,2.09968,0,0,1.62468,1.62468,0,1.2552,2.54016,9.22605e+06,4.06077e+06,1.49894e+07,0,0,0,0
71.5012,85.139,2.56258,0.02,0.04,3.25122,3.25122,0,0.628441,4.47552,4.43944e+06,3.03805e+06,1.44336e+07,0,0,0,0,80.046,79.791,2.70519,0,0,1.54654,1.54654,0,1.25523,2.54016,9.22605e+06,4.06077e+06,1.42685e+07,0,0,0,0
71.039,85.139,2.80874,0.02,0.04,3.25129,3.25129,0,0.60928,4.47552,4.43944e+06,3.03805e+06,1.44339e+07,0,0,0,0,80.8192,79.791,3.47946,0,0,1.54657,1.54657,0,1.19486,2.54016,9.22605e+06,4.06077e+06,1.42688e+07,0,0,0,0
70.4086,85.139,2.66616,0.02,0.04,3.25136,3.25136,0,0.609292,4.47552,4.43944e+06,3.03805e+06,1.44342e+07,0,0,0,0,80.8192,79.791,3.63387,0,0,1.54661,1.54661,0,1.19488,2.54016,9.22605e+06,4.06077e+06,1.42691e+07,0,0,0,0
70.0674,85.139,3.02671,0.02,0.04,3.25143,3.25143,0,0.609305,4.47552,4.43944e+06,3.03805e+06,1.44345e+07,0,0,0,0,80.8192,79.791,4.10452,0,0,1.54664,1.54664,0,1.19491,2.54016,9.22605e+06,4.06077e+06,1.42694e+07,0,0,0,0
70.163,85.139,3.41601,0.02,0.04,3.16751,3.16751,0,0.609318,4.47552,4.43944e+06,3.03805e+06,1.40619e+07,0,0,0,0,80.8192,79.791,4.9705,0,0,1.47551,1.47551,0,1.19493,2.54016,9.22605e+06,4.06077e+06,1.36131e+07,0,0,0,0
71.8579,85.139,5.24893,0.02,0.04,3.16757,3.16757,0,0.593591,4.47552,4.43944e+06,3.03805e+06,1.40622e+07,0,0,0,0,80.8192,79.791,5.0648,0,0,1.47554,1.47554,0,1.13998,2.54016,9.22605e+06,4.06077e+06,1.36134e+07,0,0,0,0
73.1601,85.139,4.84303,0.02,0.04,3.16764,3.16764,0,0.593603,4.47552,4.43944e+06,3.03805e+06,1.40625e+07,0,0,0,0,80.8192,79.791,5.18154,0,0,1.47557,1.47557,0,1.14,2.54016,9.22605e+06,4.06077e+06,1.36137e+07,0,0,0,0
76.5521,85.139,7.13346,0.02,0.04,3.16771,3.16771,0,0.593616,4.47552,4.43944e+06,3.03805e+06,1.40628e+07,0,0,0,0,80.8192,79.791,7.52533,0,0,1.4756,1.4756,0,1.14003,2.54016,9.22605e+06,4.06077e+06,1.3614e+07,0,0,0,0
78.7177,85.139,5.59876,0.01,0.04,2.92921,2.92921,0,0.593629,4.47552,4.43944e+06,3.03805e+06,1.3004e+07,0,0,0,0,80.8192,79.791,5.62779,0,0,1.32741,1.32741,0,1.14005,2.54016,9.22605e+06,4.06077e+06,1.22468e+07,0,0,0,0
81.5006,85.139,6.22417,0,0.04,2.92927,2.92927,0,0.548933,4.47552,4.43944e+06,3.03805e+06,1.30043e+07,0,0,0,0,80.7497,79.791,4.09577,0,0,1.32744,1.32744,0,1.02556,2.54016,9.22605e+06,4.06077e+06,1.2247e+07,0,0,0,0
83.7262,85.139,5.70157,0,0.04,2.92933,2.92933,0,0.548945,4.47552,4.43944e+06,3.03805e+06,1.30046e+07,0,0,0,0,80.8192,79.791,3.32315,0,0,1.32747,1.32747,0,1.02558,2.54016,9.22605e+06,4.06077e+06,1.22473e+07,0,0,0,0
85.139,85.139,7.40155,0,0.04,2.92939,2.92939,0,0.548957,4.47552,4.43944e+06,3.03805e+06,1.30048e+07,0,0,0,0,80.8192,79.791,4.73005,0,0,1.3275,1.3275,0,1.0256,2.54016,9.22605e+06,4.06077e+06,1.22476e+07,0,0,0,0
85.139,85.139,6.94294,0,0.04,2.92945,2.92945,0,0.548968,4.47552,4.43944e+06,3.03805e+06,1.30051e+07,0,0,0,0,80.8192,79.791,4.63465,0,0,1.32753,1.32753,0,1.02562,2.54016,9.22605e+06,4.06077e+06,1.22478e+07,0,0,0,0
85.139,85.139,10.8174,0,0.04,3.02129,3.02129,0,0.54898,4.47552,4.43944e+06,3.03805e+06,1.34128e+07,0,0,0,0,80.8192,79.791,6.7597,0,0,1.37048,1.37048,0,1.02565,2.54016,9.22605e+06,4.06077e+06,1.26441e+07,0,0,0,0
85.139,85.139,5.84064,0,0.04,3.02134,3.02134,0,0.566189,4.47552,4.43944e+06,3.03805e+06,1.3413e+07,0,0,0,0,80.8192,79.791,4.68333,0,0,1.3705,1.3705,0,1.05883,2.54016,9.22605e+06,4.06077e+06,1.26443e+07,0,0,0,0
85.139,85.139,8.85671,0,0.04,3.02138,3.02138,0,0.566198,4.47552,4.43944e+06,3.03805e+06,1.34132e+07,0,0,0,0,80.8192,79.791,7.76471,0,0,1.37052,1.37052,0,1.05885,2.54016,9.22605e+06,4.06077e+06,1.26445e+07,0,0,0,0
85.139,85.139,5.80064,0,0.04,3.02143,3.02143,0,0.566207,4.47552,4.43944e+06,3.03805e+06,1.34135e+07,0,0,0,0,80.8192,79.791,4.58547,0,0,1.37054,1.37054,0,1.05886,2.54016,9.22605e+06,4.06077e+06,1.26447e+07,0,0,0,0
85.139,85.139,7.71749,0,0.04,3.31619,3.31619,0,0.566217,4.47552,4.43944e+06,3.03805e+06,1.4722e+07,0,0,0,0,80.8192,79.791,9.80856,0,0,1.53171,1.53171,0,1.05888,2.54016,9.22605e+06,4.06077e+06,1.41317e+07,0,0,0,0
85.139,85.139,8.24859,0,0.04,3.31624,3.31624,0,0.621454,4.47552,4.43944e+06,3.03805e+06,1.47222e+07,0,0,0,0,80.8192,79.791,11.6078,0,0,1.53174,1.53174,0,1.1834,2.54016,9.22605e+06,4.06077e+06,1.41319e+07,0,0,0,0
85.139,85.139,15.8828,0,0.04,3.3163,3.3163,0,0.621464,4.47552,4.43944e+06,3.03805e+06,1.47225e+07,0,0,0,0,80.8192,79.791,17.1012,0,0,1.53176,1.53176,0,1.18342,2.54016,9.22605e+06,4.06077e+06,1.41321e+07,0,0,0,0
85.139,85.139,8.11832,0,0.04,3.31635,3.31635,0,0.621474,4.47552,4.43944e+06,3.03805e+06,1.47227e+07,0,0,0,0,80.8192,79.791,10.1286,0,0,1.53179,1.53179,0,1.18344,2.54016,9.22605e+06,4.06077e+06,1.41324e+07,0,0,0,0
85.139,85.139,7.68219,0,0.04,2.89603,2.89603,0,0.621484,4.47552,4.43944e+06,3.03805e+06,1.28567e+07,0,0,0,0,80.8192,79.791,8.38613,0,0,1.31553,1.31553,0,1.18346,2.54016,9.22605e+06,4.06077e+06,1.21372e+07,0,0,0,0
85.139,85.139,7.29851,0,0.04,2.89607,2.89607,0,0.542716,4.47552,4.43944e+06,3.03805e+06,1.28569e+07,0,0,0,0,80.8192,79.791,8.42977,0,0,1.31556,1.31556,0,1.01638,2.54016,9.22605e+06,4.06077e+06,1.21374e+07,0,0,0,0
85.139,85.139,11.3378,0,0.04,2.89612,2.89612,0,0.542724,4.47552,4.43944e+06,3.03805e+06,1.28571e+07,0,0,0,0,80.8192,79.791,12.8541,0,0,1.31558,1.31558,0,1.0164,2.54016,9.22605e+06,4.06077e+06,1.21376e+07,0,0,0,0
85.139,85.139,12.36,0,0.04,2.89617,2.89617,0,0.542733,4.47552,4.43944e+06,3.03805e+06,1.28573e+07,0,0,0,0,80.8192,79.791,13.131,0,0,1.3156,1.3156,0,1.01641,2.54016,9.22605e+06,4.06077e+06,1.21378e+07,0,0,0,0
85.139,85.139,12.8775,0,0.04,2.89621,2.89621,0,0.542742,4.47552,4.43944e+06,3.03805e+06,1.28576e+07,0,0,0,0,80.8192,79.791,17.4697,0,0,1.31562,1.31562,0,1.01643,2.54016,9.22605e+06,4.06077e+06,1.2138e+07,0,0,0,0
85.139,85.139,12.6263,0,0.04,3.00208,3.00208,0,0.54275,4.47552,4.43944e+06,3.03805e+06,1.33276e+07,0,0,0,0,80.8192,79.791,14.6325,0,0,1.36855,1.36855,0,1.01645,2.54016,9.22605e+06,4.06077e+06,1.26264e+07,0,0,0,0
85.139,85.139,7.991,0,0.04,3.00213,3.00213,0,0.56259,4.47552,4.43944e+06,3.03805e+06,1.33278e+07,0,0,0,0,80.8192,79.791,9.55094,0,0,1.36858,1.36858,0,1.05734,2.54016,9.22605e+06,4.06077e+06,1.26266e+07,0,0,0,0
85.139,85.139,6.41587,0,0.04,3.00218,3.00218,0,0.562599,4.47552,4.43944e+06,3.03805e+06,1.3328e+07,0,0,0,0,80.8192,79.791,8.3335,0,0,1.3686,1.3686,0,1.05736,2.54016,9.22605e+06,4.06077e+06,1.26268e+07,0,0,0,0
85.139,85.139,5.60205,0,0.04,3.00223,3.00223,0,0.562608,4.47552,4.43944e+06,3.03805e+06,1.33282e+07,0,0,0,0,80.8192,79.791,7.72188,0,0,1.36862,1.36862,0,1.05738,2.54016,9.22605e+06,4.06077e+06,1.2627e+07,0,0,0,0
85.139,85.139,6.86077,0,0.04,2.9609,2.9609,0,0.562617,4.47552,4.43944e+06,3.03805e+06,1.31447e+07,0,0,0,0,80.8192,79.791,7.23779,0,0,1.34809,1.34809,0,1.0574,2.54016,9.22605e+06,4.06077e+06,1.24375e+07,0,0,0,0
85.139,85.139,6.14405,0,0.04,2.96094,2.96094,0,0.554872,4.47552,4.43944e+06,3.03805e+06,1.31449e+07,0,0,0,0,80.8192,79.791,6.8985,0,0,1.34811,1.34811,0,1.04153,2.54016,9.22605e+06,4.06077e+06,1.24377e+07,0,0,0,0
85.139,85.139,5.59666,0,0.04,2.96099,2.96099,0,0.554881,4.47552,4.43944e+06,3.03805e+06,1.31451e+07,0,0,0,0,80.8192,79.791,6.11999,0,0,1.34813,1.34813,0,1.04155,2.54016,9.22605e+06,4.06077e+06,1.24379e+07,0,0,0,0
85.139,85.139,5.21699,0,0.04,2.96104,2.96104,0,0.55489,4.47552,4.43944e+06,3.03805e+06,1.31453e+07,0,0,0,0,80.8192,79.791,5.9075,0,0,1.34815,1.34815,0,1.04157,2.54016,9.22605e+06,4.06077e+06,1.24381e+07,0,0,0,0
85.139,85.139,4.8152,0,0.04,3.10155,3.10155,0,0.554899,4.47552,4.43944e+06,3.03805e+06,1.37691e+07,0,0,0,0,80.8192,79.791,5.07457,0,0,1.42107,1.42107,0,1.04158,2.54016,9.22605e+06,4.06077e+06,1.31108e+07,0,0,0,0
85.139,85.139,4.49162,0,0.04,3.1016,3.1016,0,0.581231,4.47552,4.43944e+06,3.03805e+06,1.37694e+07,0,0,0,0,80.8192,79.791,4.49266,0,0,1.42109,1.42109,0,1.09792,2.54016,9.22605e+06,4.06077e+06,1.3111e+07,0,0,0,0
85.139,85.139,4.3171,0,0.04,3.10165,3.10165,0,0.58124,4.47552,4.43944e+06,3.03805e+06,1.37696e+07,0,0,0,0,80.8192,79.791,4.51096,0,0,1.42111,1.42111,0,1.09793,2.54016,9.22605e+06,4.06077e+06,1.31112e+07,0,0,0,0
85.139,85.139,4.21444,0,0.04,3.1017,3.1017,0,0.581249,4.47552,4.43944e+06,3.03805e+06,1.37698e+07,0,0,0,0,80.8192,79.791,4.36121,0,0,1.42113,1.42113,0,1.09795,2.54016,9.22605e+06,4.06077e+06,1.31115e+07,0,0,0,0
85.139,85.139,4.12015,0,0.04,3.10175,3.10175,0,0.581259,4.47552,4.43944e+06,3.03805e+06,1.377e+07,0,0,0,0,80.8192,79.791,4.18437,0,0,1.42116,1.42116,0,1.09797,2.54016,9.22605e+06,4.06077e+06,1.31117e+07,0,0,0,0
85.139,85.139,4.28578,0,0.04,3.07402,3.07402,0,0.581268,4.47552,4.43944e+06,3.03805e+06,1.36469e+07,0,0,0,0,80.8192,79.791,4.08384,0,0,1.46124,1.46124,0,1.09799,2.54016,9.22605e+06,4.06077e+06,1.34815e+07,0,0,0,0
85.139,85.139,4.1785,0,0.04,3.07407,3.07407,0,0.576071,4.47552,4.43944e+06,3.03805e+06,1.36471e+07,0,0,0,0,80.8192,79.791,4.01115,0,0,1.46127,1.46127,0,1.12896,2.54016,9.22605e+06,4.06077e+06,1.34817e+07,0,0,0,0
85.139,85.139,3.89414,0,0.04,3.07412,3.07412,0,0.57608,4.47552,4.43944e+06,3.03805e+06,1.36473e+07,0,0,0,0,80.8192,79.791,3.83087,0,0,1.46129,1.46129,0,1.12897,2.54016,9.22605e+06,4.06077e+06,1.34819e+07,0,0,0,0
85.139,85.139,3.43747,0,0.04,3.07417,3.07417,0,0.57609,4.47552,4.43944e+06,3.03805e+06,1.36476e+07,0,0,0,0,80.8192,79.791,3.76584,0,0,1.46131,1.46131,0,1.12899,2.54016,9.22605e+06,4.06077e+06,1.34822e+07,0,0,0,0
85.0621,85.139,3.09774,0,0.04,3.14596,3.14596,0,0.576099,4.47552,4.43944e+06,3.03805e+06,1.39663e+07,0,0,0,0,80.8192,79.791,2.36235,0,0,1.49705,1.49705,0,1.12901,2.54016,9.22605e+06,4.06077e+06,1.38118e+07,0,0,0,0
84.9446,85.139,3.08679,0.01,0.04,3.14601,3.14601,0,0.589553,4.47552,4.43944e+06,3.03805e+06,1.39665e+07,0,0,0,0,80.8192,79.791,2.21773,0,0,1.49707,1.49707,0,1.15662,2.54016,9.22605e+06,4.06077e+06,1.3812e+07,0,0,0,0
84.6402,85.139,2.87154,0.01,0.04,3.14606,3.14606,0,0.589563,4.47552,4.43944e+06,3.03805e+06,1.39667e+07,0,0,0,0,80.6772,79.791,2.12963,0,0,1.49709,1.49709,0,1.15664,2.54016,9.22605e+06,4.06077e+06,1.38123e+07,0,0,0,0
84.0907,85.139,2.61455,0.01,0.04,3.14611,3.14611,0,0.589572,4.47552,4.43944e+06,3.03805e+06,1.3967e+07,0,0,0,0,80.6242,79.791,1.87808,0,0,1.49712,1.49712,0,1.15665,2.54016,9.22605e+06,4.06077e+06,1.38125e+07,0,0,0,0
83.3265,85.139,2.55722,0.01,0.04,3.35628,3.35628,0,0.589582,4.47552,4.43944e+06,3.03805e+06,1.49e+07,0,0,0,0,80.487,79.791,2.39318,0,0,1.62604,1.62604,0,1.15667,2.54016,9.22605e+06,4.06077e+06,1.50019e+07,0,0,0,0
81.7003,85.139,1.67,0.01,0.04,3.35634,3.35634,0,0.628968,4.47552,4.43944e+06,3.03805e+06,1.49002e+07,0,0,0,0,80.1739,79.791,1.81761,0,0,1.62607,1.62607,0,1.25628,2.54016,9.22605e+06,4.06077e+06,1.50022e+07,0,0,0,0
80.2213,85.139,1.80304,0.01,0.04,3.35639,3.35639,0,0.628978,4.47552,4.43944e+06,3.03805e+06,1.49005e+07,0,0,0,0,79.872,79.791,1.83925,0,0,1.62609,1.62609,0,1.2563,2.54016,9.22605e+06,4.06077e+06,1.50024e+07,0,0,0,0
79.6757,85.139,2.79053,0.02,0.04,3.35644,3.35644,0,0.628988,4.47552,4.43944e+06,3.03805e+06,1.49007e+07,0,0,0,0,79.6686,79.791,2.18994,0,0,1.62612,1.62612,0,1.25632,2.54016,9.22605e+06,4.06077e+06,1.50026e+07,0,0,0,0
80.0163,85.139,3.70414,0.02,0.04,3.3565,3.3565,0,0.628998,4.47552,4.43944e+06,3.03805e+06,1.4901e+07,0,0,0,0,79.6076,79.791,2.54634,0,0,1.62614,1.62614,0,1.25634,2.54016,9.22605e+06,4.06077e+06,1.50029e+07,0,0,0,0
78.9455,85.139,2.23992,0.01,0.04,3.25414,3.25414,0,0.629008,4.47552,4.43944e+06,3.03805e+06,1.44465e+07,0,0,0,0,79.3671,79.791,2.34123,0,0,1.54793,1.54793,0,1.25636,2.54016,9.22605e+06,4.06077e+06,1.42813e+07,0,0,0,0
77.9507,85.139,2.33282,0.01,0.04,3.25419,3.25419,0,0.609826,4.47552,4.43944e+06,3.03805e+06,1.44468e+07,0,0,0,0,79.3434,79.791,3.46577,0,0,1.54795,1.54795,0,1.19593,2.54016,9.22605e+06,4.06077e+06,1.42815e+07,0,0,0,0
76.9436,85.139,2.31018,0.01,0.04,3.25424,3.25424,0,0.609836,4.47552,4.43944e+06,3.03805e+06,1.4447e+07,0,0,0,0,79.4161,79.791,4.00772,0,0,1.54798,1.54798,0,1.19595,2.54016,9.22605e+06,4.06077e+06,1.42817e+07,0,0,0,0
75.6849,85.139,2.03256,0.01,0.04,3.2543,3.2543,0,0.609845,4.47552,4.43944e+06,3.03805e+06,1.44472e+07,0,0,0,0,79.411,79.791,3.68814,0,0,1.548,1.548,0,1.19597,2.54016,9.22605e+06,4.06077e+06,1.42819e+07,0,0,0,0
75.5954,85.139,3.30327,0.02,0.04,3.17028,3.17028,0,0.609855,4.47552,4.43944e+06,3.03805e+06,1.40743e+07,0,0,0,0,80.1165,79.791,5.55875,0,0,1.4768,1.4768,0,1.19599,2.54016,9.22605e+06,4.06077e+06,1.36251e+07,0,0,0,0
75.9599,85.139,3.77104,0.02,0.04,3.17033,3.17033,0,0.594111,4.47552,4.43944e+06,3.03805e+06,1.40745e+07,0,0,0,0,80.8192,79.791,5.57917,0,0,1.47683,1.47683,0,1.14098,2.54016,9.22605e+06,4.06077e+06,1.36253e+07,0,0,0,0
77.2331,85.139,4.9227,0.02,0.04,3.17038,3.17038,0,0.59412,4.47552,4.43944e+06,3.03805e+06,1.40747e+07,0,0,0,0,80.8192,79.791,7.44252,0,0,1.47685,1.47685,0,1.141,2.54016,9.22605e+06,4.06077e+06,1.36255e+07,0,0,0,0
78.2462,85.139,4.72913,0.01,0.04,3.17043,3.17043,0,0.59413,4.47552,4.43944e+06,3.03805e+06,1.40749e+07,0,0,0,0,80.8192,79.791,8.48874,0,0,1.47687,1.47687,0,1.14101,2.54016,9.22605e+06,4.06077e+06,1.36257e+07,0,0,0,0
78.1477,85.139,3.24667,0,0.04,2.93171,2.93171,0,0.594139,4.47552,4.43944e+06,3.03805e+06,1.30151e+07,0,0,0,0,80.8192,79.791,4.67047,0,0,1.32855,1.32855,0,1.14103,2.54016,9.22605e+06,4.06077e+06,1.22573e+07,0,0,0,0
78.4403,85.139,3.60176,0,0.04,2.93176,2.93176,0,0.549403,4.47552,4.43944e+06,3.03805e+06,1.30154e+07,0,0,0,0,80.8192,79.791,3.17976,0,0,1.32857,1.32857,0,1.02644,2.54016,9.22605e+06,4.06077e+06,1.22574e+07,0,0,0,0
78.8839,85.139,3.83374,0,0.04,2.9318,2.9318,0,0.549411,4.47552,4.43944e+06,3.03805e+06,1.30156e+07,0,0,0,0,80.8192,79.791,2.93641,0,0,1.32859,1.32859,0,1.02645,2.54016,9.22605e+06,4.06077e+06,1.22576e+07,0,0,0,0
85.139,85.139,12.3143,0,0.04,2.93185,2.93185,0,0.54942,4.47552,4.43944e+06,3.03805e+06,1.30158e+07,0,0,0,0,80.8192,79.791,10.3687,0,0,1.32861,1.32861,0,1.02647,2.54016,9.22605e+06,4.06077e+06,1.22578e+07,0,0,0,0
85.139,85.139,7.16165,0,0.04,2.9319,2.9319,0,0.549429,4.47552,4.43944e+06,3.03805e+06,1.3016e+07,0,0,0,0,80.8192,79.791,6.20793,0,0,1.32863,1.32863,0,1.02649,2.54016,9.22605e+06,4.06077e+06,1.2258e+07,0,0,0,0
85.139,85.139,10.5152,0,0.04,3.02379,3.02379,0,0.549438,4.47552,4.43944e+06,3.03805e+06,1.34239e+07,0,0,0,0,80.8192,79.791,7.33083,0,0,1.37161,1.37161,0,1.0265,2.54016,9.22605e+06,4.06077e+06,1.26546e+07,0,0,0,0
85.139,85.139,10.4211,0,0.04,3.02383,3.02383,0,0.566659,4.47552,4.43944e+06,3.03805e+06,1.34241e+07,0,0,0,0,80.8192,79.791,7.65035,0,0,1.37163,1.37163,0,1.05971,2.54016,9.22605e+06,4.06077e+06,1.26547e+07,0,0,0,0
85.139,85.139,9.34354,0,0.04,3.02386,3.02386,0,0.566665,4.47552,4.43944e+06,3.03805e+06,1.34242e+07,0,0,0,0,80.8192,79.791,7.41119,0,0,1.37164,1.37164,0,1.05972,2.54016,9.22605e+06,4.06077e+06,1.26549e+07,0,0,0,0
85.139,85.139,9.70498,0,0.04,3.02389,3.02389,0,0.566671,4.47552,4.43944e+06,3.03805e+06,1.34244e+07,0,0,0,0,80.8192,79.791,7.23561,0,0,1.37166,1.37166,0,1.05973,2.54016,9.22605e+06,4.06077e+06,1.2655e+07,0,0,0,0
85.139,85.139,11.3739,0,0.04,3.31887,3.31887,0,0.566677,4.47552,4.43944e+06,3.03805e+06,1.47339e+07,0,0,0,0,80.8192,79.791,9.38596,0,0,1.53295,1.53295,0,1.05974,2.54016,9.22605e+06,4.06077e+06,1.41431e+07,0,0,0,0
85.139,85.139,12.6607,0,0.04,3.31891,3.31891,0,0.621956,4.47552,4.43944e+06,3.03805e+06,1.47341e+07,0,0,0,0,80.8192,79.791,12.2572,0,0,1.53297,1.53297,0,1.18436,2.54016,9.22605e+06,4.06077e+06,1.41433e+07,0,0,0,0
85.139,85.139,10.0516,0,0.04,3.31894,3.31894,0,0.621963,4.47552,4.43944e+06,3.03805e+06,1.47342e+07,0,0,0,0,80.8192,79.791,8.8104,0,0,1.53299,1.53299,0,1.18437,2.54016,9.22605e+06,4.06077e+06,1.41434e+07,0,0,0,0
85.139,85.139,10.0652,0,0.04,3.31898,3.31898,0,0.62197,4.47552,4.43944e+06,3.03805e+06,1.47344e+07,0,0,0,0,80.8192,79.791,8.976,0,0,1.533,1.533,0,1.18439,2.54016,9.22605e+06,4.06077e+06,1.41436e+07,0,0,0,0
85.139,85.139,8.08043,0,0.04,2.89831,2.89831,0,0.621977,4.47552,4.43944e+06,3.03805e+06,1.28669e+07,0,0,0,0,80.8192,79.791,6.8537,0,0,1.31657,1.31657,0,1.1844,2.54016,9.22605e+06,4.06077e+06,1.21468e+07,0,0,0,0
85.139,85.139,8.19089,0,0.04,2.89834,2.89834,0,0.543143,4.47552,4.43944e+06,3.03805e+06,1.2867e+07,0,0,0,0,80.8192,79.791,5.46662,0,0,1.31659,1.31659,0,1.01718,2.54016,9.22605e+06,4.06077e+06,1.21469e+07,0,0,0,0
85.139,85.139,11.95,0,0.04,2.89837,2.89837,0,0.543149,4.47552,4.43944e+06,3.03805e+06,1.28671e+07,0,0,0,0,80.8192,79.791,11.6971,0,0,1.3166,1.3166,0,1.01719,2.54016,9.22605e+06,4.06077e+06,1.2147e+07,0,0,0,0
85.139,85.139,13.7883,0,0.04,2.8984,2.8984,0,0.543155,4.47552,4.43944e+06,3.03805e+06,1.28673e+07,0,0,0,0,80.8192,79.791,9.40887,0,0,1.31661,1.31661,0,1.01721,2.54016,9.22605e+06,4.06077e+06,1.21472e+07,0,0,0,0
85.139,85.139,8.94623,0,0.04,2.89844,2.89844,0,0.543161,4.47552,4.43944e+06,3.03805e+06,1.28674e+07,0,0,0,0,80.8192,79.791,6.52157,0,0,1.31663,1.31663,0,1.01722,2.54016,9.22605e+06,4.06077e+06,1.21473e+07,0,0,0,0
85.139,85.139,9.87422,0,0.04,3.00437,3.00437,0,0.543167,4.47552,4.43944e+06,3.03805e+06,1.33377e+07,0,0,0,0,80.8192,79.791,12.5473,0,0,1.3696,1.3696,0,1.01723,2.54016,9.22605e+06,4.06077e+06,1.2636e+07,0,0,0,0
85.139,85.139,8.97448,0,0.04,3.0044,3.0044,0,0.563019,4.47552,4.43944e+06,3.03805e+06,1.33379e+07,0,0,0,0,80.8192,79.791,11.4793,0,0,1.36961,1.36961,0,1.05815,2.54016,9.22605e+06,4.06077e+06,1.26361e+07,0,0,0,0
85.139,85.139,9.38145,0,0.04,3.00444,3.00444,0,0.563025,4.47552,4.43944e+06,3.03805e+06,1.3338e+07,0,0,0,0,80.8192,79.791,13.376,0,0,1.36963,1.36963,0,1.05816,2.54016,9.22605e+06,4.06077e+06,1.26363e+07,0,0,0,0
85.139,85.139,8.85434,0,0.04,3.00447,3.00447,0,0.563031,4.47552,4.43944e+06,3.03805e+06,1.33381e+07,0,0,0,0,80.8192,79.791,6.98578,0,0,1.36964,1.36964,0,1.05817,2.54016,9.22605e+06,4.06077e+06,1.26364e+07,0,0,0,0
85.139,85.139,5.46686,0,0.04,2.96309,2.96309,0,0.563038,4.47552,4.43944e+06,3.03805e+06,1.31545e+07,0,0,0,0,80.8192,79.791,4.62896,0,0,1.34909,1.34909,0,1.05819,2.54016,9.22605e+06,4.06077e+06,1.24468e+07,0,0,0,0
85.139,85.139,5.31046,0,0.04,2.96312,2.96312,0,0.555283,4.47552,4.43944e+06,3.03805e+06,1.31546e+07,0,0,0,0,80.8192,79.791,6.45548,0,0,1.3491,1.3491,0,1.04231,2.54016,9.22605e+06,4.06077e+06,1.24469e+07,0,0,0,0
85.139,85.139,4.98124,0,0.04,2.96316,2.96316,0,0.55529,4.47552,4.43944e+06,3.03805e+06,1.31547e+07,0,0,0,0,80.8192,79.791,6.22786,0,0,1.34912,1.34912,0,1.04232,2.54016,9.22605e+06,4.06077e+06,1.2447e+07,0,0,0,0
85.139,85.139,4.34745,0,0.04,2.96319,2.96319,0,0.555296,4.47552,4.43944e+06,3.03805e+06,1.31549e+07,0,0,0,0,80.8192,79.791,5.50424,0,0,1.34913,1.34913,0,1.04233,2.54016,9.22605e+06,4.06077e+06,1.24472e+07,0,0,0,0
85.139,85.139,4.12219,0,0.04,3.10379,3.10379,0,0.555302,4.47552,4.43944e+06,3.03805e+06,1.37791e+07,0,0,0,0,80.8192,79.791,4.62281,0,0,1.42209,1.42209,0,1.04234,2.54016,9.22605e+06,4.06077e+06,1.31203e+07,0,0,0,0
85.139,85.139,3.89472,0,0.04,3.10382,3.10382,0,0.58165,4.47552,4.43944e+06,3.03805e+06,1.37792e+07,0,0,0,0,80.8192,79.791,3.94754,0,0,1.42211,1.42211,0,1.09871,2.54016,9.22605e+06,4.06077e+06,1.31204e+07,0,0,0,0
85.139,85.139,3.54609,0,0.04,3.10386,3.10386,0,0.581656,4.47552,4.43944e+06,3.03805e+06,1.37794e+07,0,0,0,0,80.8192,79.791,3.30349,0,0,1.42212,1.42212,0,1.09872,2.54016,9.22605e+06,4.06077e+06,1.31206e+07,0,0,0,0
84.9347,85.139,3.13127,0,0.04,3.10389,3.10389,0,0.581662,4.47552,4.43944e+06,3.03805e+06,1.37795e+07,0,0,0,0,80.8192,79.791,3.40363,0,0,1.42214,1.42214,0,1.09873,2.54016,9.22605e+06,4.06077e+06,1.31207e+07,0,0,0,0
84.7601,85.139,3.11005,0,0.04,3.10392,3.10392,0,0.581669,4.47552,4.43944e+06,3.03805e+06,1.37797e+07,0,0,0,0,80.8192,79.791,3.90997,0,0,1.42215,1.42215,0,1.09874,2.54016,9.22605e+06,4.06077e+06,1.31208e+07,0,0,0,0
85.139,85.139,4.03012,0,0.04,3.07616,3.07616,0,0.581675,4.47552,4.43944e+06,3.03805e+06,1.36564e+07,0,0,0,0,80.8192,79.791,5.59529,0,0,1.46226,1.46226,0,1.09875,2.54016,9.22605e+06,4.06077e+06,1.34909e+07,0,0,0,0
85.139,85.139,3.8381,0,0.04,3.07619,3.07619,0,0.576472,4.47552,4.43944e+06,3.03805e+06,1.36565e+07,0,0,0,0,80.8192,79.791,5.47838,0,0,1.46228,1.46228,0,1.12974,2.54016,9.22605e+06,4.06077e+06,1.3491e+07,0,0,0,0
85.139,85.139,3.62197,0,0.04,3.07622,3.07622,0,0.576478,4.47552,4.43944e+06,3.03805e+06,1.36567e+07,0,0,0,0,80.8192,79.791,5.49934,0,0,1.46229,1.46229,0,1.12975,2.54016,9.22605e+06,4.06077e+06,1.34912e+07,0,0,0,0
85.139,85.139,3.33021,0,0.04,3.07626,3.07626,0,0.576484,4.47552,4.43944e+06,3.03805e+06,1.36568e+07,0,0,0,0,80.8192,79.791,5.25109,0,0,1.46231,1.46231,0,1.12977,2.54016,9.22605e+06,4.06077e+06,1.34913e+07,0,0,0,0
85.139,85.139,3.35185,0,0.04,3.14809,3.14809,0,0.576491,4.47552,4.43944e+06,3.03805e+06,1.39757e+07,0,0,0,0,80.8192,79.791,4.60447,0,0,1.49806,1.49806,0,1.12978,2.54016,9.22605e+06,4.06077e+06,1.38211e+07,0,0,0,0
85.139,85.139,3.27879,0,0.04,3.14812,3.14812,0,0.589951,4.47552,4.43944e+06,3.03805e+06,1.39759e+07,0,0,0,0,80.8192,79.791,4.46049,0,0,1.49807,1.49807,0,1.1574,2.54016,9.22605e+06,4.06077e+06,1.38213e+07,0,0,0,0
84.7442,85.139,2.87202,0,0.04,3.14815,3.14815,0,0.589958,4.47552,4.43944e+06,3.03805e+06,1.3976e+07,0,0,0,0,80.8192,79.791,4.11451,0,0,1.49809,1.49809,0,1.15741,2.54016,9.22605e+06,4.06077e+06,1.38214e+07,0,0,0,0
84.146,85.139,2.65214,0.01,0.04,3.14819,3.14819,0,0.589964,4.47552,4.43944e+06,3.03805e+06,1.39762e+07,0,0,0,0,80.8192,79.791,3.98098,0,0,1.49811,1.49811,0,1.15742,2.54016,9.22605e+06,4.06077e+06,1.38216e+07,0,0,0,0
83.1852,85.139,2.46636,0.01,0.04,3.35848,3.35848,0,0.58997,4.47552,4.43944e+06,3.03805e+06,1.49097e+07,0,0,0,0,80.8192,79.791,4.54877,0,0,1.6271,1.6271,0,1.15744,2.54016,9.22605e+06,4.06077e+06,1.50117e+07,0,0,0,0
82.323,85.139,2.61478,0.01,0.04,3.35852,3.35852,0,0.629379,4.47552,4.43944e+06,3.03805e+06,1.49099e+07,0,0,0,0,80.8192,79.791,4.37773,0,0,1.62712,1.62712,0,1.2571,2.54016,9.22605e+06,4.06077e+06,1.50119e+07,0,0,0,0
81.9077,85.139,3.02427,0.01,0.04,3.35855,3.35855,0,0.629386,4.47552,4.43944e+06,3.03805e+06,1.49101e+07,0,0,0,0,80.8192,79.791,6.57995,0,0,1.62714,1.62714,0,1.25711,2.54016,9.22605e+06,4.06077e+06,1.50121e+07,0,0,0,0
81.0252,85.139,2.54147,0.02,0.04,3.35859,3.35859,0,0.629393,4.47552,4.43944e+06,3.03805e+06,1.49102e+07,0,0,0,0,80.8192,79.791,5.15468,0,0,1.62716,1.62716,0,1.25713,2.54016,9.22605e+06,4.06077e+06,1.50122e+07,0,0,0,0
80.3,85.139,2.66251,0.02,0.04,3.35863,3.35863,0,0.629399,4.47552,4.43944e+06,3.03805e+06,1.49104e+07,0,0,0,0,80.8192,79.791,5.16924,0,0,1.62717,1.62717,0,1.25714,2.54016,9.22605e+06,4.06077e+06,1.50124e+07,0,0,0,0
79.2179,85.139,2.26516,0.02,0.04,3.25619,3.25619,0,0.629406,4.47552,4.43944e+06,3.03805e+06,1.44556e+07,0,0,0,0,80.8192,79.791,3.53426,0,0,1.5489,1.5489,0,1.25715,2.54016,9.22605e+06,4.06077e+06,1.42902e+07,0,0,0,0
78.4715,85.139,2.61967,0.01,0.04,3.25622,3.25622,0,0.610209,4.47552,4.43944e+06,3.03805e+06,1.44558e+07,0,0,0,0,80.8192,79.791,5.91755,0,0,1.54892,1.54892,0,1.19668,2.54016,9.22605e+06,4.06077e+06,1.42904e+07,0,0,0,0
77.6397,85.139,2.52318,0.01,0.04,3.25626,3.25626,0,0.610216,4.47552,4.43944e+06,3.03805e+06,1.44559e+07,0,0,0,0,80.8192,79.791,5.62975,0,0,1.54893,1.54893,0,1.19669,2.54016,9.22605e+06,4.06077e+06,1.42905e+07,0,0,0,0
76.7758,85.139,2.48141,0.01,0.04,3.25629,3.25629,0,0.610222,4.47552,4.43944e+06,3.03805e+06,1.44561e+07,0,0,0,0,80.8192,79.791,6.66786,0,0,1.54895,1.54895,0,1.19671,2.54016,9.22605e+06,4.06077e+06,1.42907e+07,0,0,0,0
75.8671,85.139,2.36978,0.01,0.04,3.17221,3.17221,0,0.610229,4.47552,4.43944e+06,3.03805e+06,1.40828e+07,0,0,0,0,80.8192,79.791,4.96101,0,0,1.4777,1.4777,0,1.19672,2.54016,9.22605e+06,4.06077e+06,1.36333e+07,0,0,0,0
74.6538,85.139,2.09193,0.02,0.04,3.17224,3.17224,0,0.594472,4.47552,4.43944e+06,3.03805e+06,1.4083e+07,0,0,0,0,80.8192,79.791,2.93775,0,0,1.47772,1.47772,0,1.14167,2.54016,9.22605e+06,4.06077e+06,1.36335e+07,0,0,0,0
73.1819,85.139,1.86276,0.02,0.04,3.17228,3.17228,0,0.594478,4.47552,4.43944e+06,3.03805e+06,1.40831e+07,0,0,0,0,80.8192,79.791,2.1213,0,0,1.47773,1.47773,0,1.14168,2.54016,9.22605e+06,4.06077e+06,1.36336e+07,0,0,0,0
72.2882,85.139,2.45919,0.02,0.04,3.17231,3.17231,0,0.594485,4.47552,4.43944e+06,3.03805e+06,1.40833e+07,0,0,0,0,80.8192,79.791,5.07756,0,0,1.47775,1.47775,0,1.1417,2.54016,9.22605e+06,4.06077e+06,1.36338e+07,0,0,0,0
75.0533,85.139,6.14412,0.01,0.04,2.93343,2.93343,0,0.594491,4.47552,4.43944e+06,3.03805e+06,1.30228e+07,0,0,0,0,80.8192,79.791,9.80296,0,0,1.32933,1.32933,0,1.14171,2.54016,9.22605e+06,4.06077e+06,1.22644e+07,0,0,0,0
75.685,85.139,3.9542,0.01,0.04,2.93346,2.93346,0,0.549725,4.47552,4.43944e+06,3.03805e+06,1.30229e+07,0,0,0,0,80.8192,79.791,6.11623,0,0,1.32934,1.32934,0,1.02704,2.54016,9.22605e+06,4.06077e+06,1.22646e+07,0,0,0,0
76.29,85.139,3.98077,0.01,0.04,2.9335,2.9335,0,0.549731,4.47552,4.43944e+06,3.03805e+06,1.30231e+07,0,0,0,0,80.8192,79.791,7.31089,0,0,1.32936,1.32936,0,1.02705,2.54016,9.22605e+06,4.06077e+06,1.22647e+07,0,0,0,0
80.0076,85.139,7.23985,0.01,0.04,2.93353,2.93353,0,0.549737,4.47552,4.43944e+06,3.03805e+06,1.30232e+07,0,0,0,0,80.8192,79.791,15.9625,0,0,1.32937,1.32937,0,1.02706,2.54016,9.22605e+06,4.06077e+06,1.22648e+07,0,0,0,0
80.8847,85.139,4.40855,0,0.04,2.93356,2.93356,0,0.549743,4.47552,4.43944e+06,3.03805e+06,1.30234e+07,0,0,0,0,80.8192,79.791,7.86644,0,0,1.32939,1.32939,0,1.02707,2.54016,9.22605e+06,4.06077e+06,1.2265e+07,0,0,0,0
85.139,85.139,7.69347,0,0.04,2.93356,2.93356,0,0.549749,4.47552,4.43944e+06,3.03805e+06,1.30234e+07,0,0,0,0,80.8192,79.791,8.83723,0,0,1.32939,1.32939,0,1.02708,2.54016,9.22605e+06,4.06077e+06,1.2265e+07,0,0,0,0
85.139,85.139,6.873,0,0.04,3.02549,3.02549,0,0.549749,4.47552,4.43944e+06,3.03805e+06,1.34315e+07,0,0,0,0,80.8192,79.791,6.73483,0,0,1.37238,1.37238,0,1.02708,2.54016,9.22605e+06,4.06077e+06,1.26617e+07,0,0,0,0
85.139,85.139,4.62657,0,0.04,3.02551,3.02551,0,0.566977,4.47552,4.43944e+06,3.03805e+06,1.34315e+07,0,0,0,0,80.8192,79.791,6.55075,0,0,1.37239,1.37239,0,1.0603,2.54016,9.22605e+06,4.06077e+06,1.26618e+07,0,0,0,0
85.139,85.139,5.01272,0,0.04,3.02553,3.02553,0,0.56698,4.47552,4.43944e+06,3.03805e+06,1.34316e+07,0,0,0,0,80.8192,79.791,6.39629,0,0,1.3724,1.3724,0,1.06031,2.54016,9.22605e+06,4.06077e+06,1.26618e+07,0,0,0,0
85.139,85.139,10.0996,0,0.04,3.02554,3.02554,0,0.566984,4.47552,4.43944e+06,3.03805e+06,1.34317e+07,0,0,0,0,80.8192,79.791,10.7453,0,0,1.37241,1.37241,0,1.06032,2.54016,9.22605e+06,4.06077e+06,1.26619e+07,0,0,0,0
85.139,85.139,6.8371,0,0.04,3.32067,3.32067,0,0.566987,4.47552,4.43944e+06,3.03805e+06,1.47419e+07,0,0,0,0,80.8192,79.791,5.31955,0,0,1.53378,1.53378,0,1.06032,2.54016,9.22605e+06,4.06077e+06,1.41508e+07,0,0,0,0
85.139,85.139,5.95342,0,0.04,3.32069,3.32069,0,0.622293,4.47552,4.43944e+06,3.03805e+06,1.4742e+07,0,0,0,0,80.8192,79.791,5.49562,0,0,1.53379,1.53379,0,1.185,2.54016,9.22605e+06,4.06077e+06,1.41508e+07,0,0,0,0
85.139,85.139,6.72404,0,0.04,3.32071,3.32071,0,0.622297,4.47552,4.43944e+06,3.03805e+06,1.47421e+07,0,0,0,0,80.8192,79.791,5.82369,0,0,1.5338,1.5338,0,1.18501,2.54016,9.22605e+06,4.06077e+06,1.41509e+07,0,0,0,0
85.139,85.139,6.94392,0,0.04,3.32073,3.32073,0,0.6223,4.47552,4.43944e+06,3.03805e+06,1.47421e+07,0,0,0,0,80.8192,79.791,6.30809,0,0,1.53381,1.53381,0,1.18501,2.54016,9.22605e+06,4.06077e+06,1.4151e+07,0,0,0,0
85.139,85.139,6.2075,0,0.04,2.89982,2.89982,0,0.622304,4.47552,4.43944e+06,3.03805e+06,1.28736e+07,0,0,0,0,80.8192,79.791,5.38867,0,0,1.31726,1.31726,0,1.18502,2.54016,9.22605e+06,4.06077e+06,1.21531e+07,0,0,0,0
85.139,85.139,5.01024,0,0.04,2.89984,2.89984,0,0.543426,4.47552,4.43944e+06,3.03805e+06,1.28736e+07,0,0,0,0,80.8192,79.791,3.86127,0,0,1.31726,1.31726,0,1.01771,2.54016,9.22605e+06,4.06077e+06,1.21532e+07,0,0,0,0
85.139,85.139,3.49863,0,0.04,2.89985,2.89985,0,0.543429,4.47552,4.43944e+06,3.03805e+06,1.28737e+07,0,0,0,0,80.8192,79.791,2.99748,0,0,1.31727,1.31727,0,1.01772,2.54016,9.22605e+06,4.06077e+06,1.21532e+07,0,0,0,0
85.139,85.139,4.82506,0,0.04,2.89987,2.89987,0,0.543432,4.47552,4.43944e+06,3.03805e+06,1.28738e+07,0,0,0,0,80.8192,79.791,3.7139,0,0,1.31728,1.31728,0,1.01772,2.54016,9.22605e+06,4.06077e+06,1.21533e+07,0,0,0,0
85.139,85.139,8.042,0,0.04,2.89989,2.89989,0,0.543436,4.47552,4.43944e+06,3.03805e+06,1.28739e+07,0,0,0,0,80.8192,79.791,7.07272,0,0,1.31729,1.31729,0,1.01773,2.54016,9.22605e+06,4.06077e+06,1.21534e+07,0,0,0,0
85.139,85.139,6.13157,0,0.04,3.00586,3.00586,0,0.543439,4.47552,4.43944e+06,3.03805e+06,1.33443e+07,0,0,0,0,80.8192,79.791,5.45366,0,0,1.37028,1.37028,0,1.01774,2.54016,9.22605e+06,4.06077e+06,1.26422e+07,0,0,0,0
85.139,85.139,4.97712,0,0.04,3.00588,3.00588,0,0.563298,4.47552,4.43944e+06,3.03805e+06,1.33444e+07,0,0,0,0,80.8192,79.791,4.37821,0,0,1.37028,1.37028,0,1.05868,2.54016,9.22605e+06,4.06077e+06,1.26423e+07,0,0,0,0
85.139,85.139,4.51219,0,0.04,3.00589,3.00589,0,0.563301,4.47552,4.43944e+06,3.03805e+06,1.33445e+07,0,0,0,0,80.8192,79.791,3.93928,0,0,1.37029,1.37029,0,1.05868,2.54016,9.22605e+06,4.06077e+06,1.26424e+07,0,0,0,0
85.139,85.139,5.21726,0,0.04,3.00591,3.00591,0,0.563305,4.47552,4.43944e+06,3.03805e+06,1.33446e+07,0,0,0,0,80.8192,79.791,4.90102,0,0,1.3703,1.3703,0,1.05869,2.54016,9.22605e+06,4.06077e+06,1.26425e+07,0,0,0,0
85.139,85.139,4.6125,0,0.04,2.9645,2.9645,0,0.563308,4.47552,4.43944e+06,3.03805e+06,1.31607e+07,0,0,0,0,80.8192,79.791,4.39068,0,0,1.34973,1.34973,0,1.05869,2.54016,9.22605e+06,4.06077e+06,1.24527e+07,0,0,0,0
85.139,85.139,4.01977,0,0.04,2.96452,2.96452,0,0.555547,4.47552,4.43944e+06,3.03805e+06,1.31608e+07,0,0,0,0,80.8192,79.791,4.03269,0,0,1.34974,1.34974,0,1.0428,2.54016,9.22605e+06,4.06077e+06,1.24528e+07,0,0,0,0
85.139,85.139,3.59412,0,0.04,2.96454,2.96454,0,0.555551,4.47552,4.43944e+06,3.03805e+06,1.31609e+07,0,0,0,0,80.8192,79.791,3.54511,0,0,1.34975,1.34975,0,1.04281,2.54016,9.22605e+06,4.06077e+06,1.24528e+07,0,0,0,0
85.139,85.139,3.30739,0,0.04,2.96455,2.96455,0,0.555554,4.47552,4.43944e+06,3.03805e+06,1.31609e+07,0,0,0,0,80.8192,79.791,3.23668,0,0,1.34975,1.34975,0,1.04281,2.54016,9.22605e+06,4.06077e+06,1.24529e+07,0,0,0,0
84.8838,85.139,3.02561,0,0.04,3.1052,3.1052,0,0.555557,4.47552,4.43944e+06,3.03805e+06,1.37853e+07,0,0,0,0,80.8192,79.791,2.93301,0,0,1.42274,1.42274,0,1.04282,2.54016,9.22605e+06,4.06077e+06,1.31262e+07,0,0,0,0
84.473,85.139,2.84091,0,0.04,3.10522,3.10522,0,0.581914,4.47552,4.43944e+06,3.03805e+06,1.37854e+07,0,0,0,0,80.8192,79.791,2.98662,0,0,1.42275,1.42275,0,1.09921,2.54016,9.22605e+06,4.06077e+06,1.31263e+07,0,0,0,0
83.9594,85.139,2.72731,0,0.04,3.10524,3.10524,0,0.581918,4.47552,4.43944e+06,3.03805e+06,1.37855e+07,0,0,0,0,80.8192,79.791,2.92704,0,0,1.42275,1.42275,0,1.09921,2.54016,9.22605e+06,4.06077e+06,1.31264e+07,0,0,0,0
83.2858,85.139,2.55549,0,0.04,3.10525,3.10525,0,0.581921,4.47552,4.43944e+06,3.03805e+06,1.37856e+07,0,0,0,0,80.7485,79.791,2.72531,0,0,1.42276,1.42276,0,1.09922,2.54016,9.22605e+06,4.06077e+06,1.31265e+07,0,0,0,0
82.104,85.139,2.01389,0,0.04,3.10527,3.10527,0,0.581925,4.47552,4.43944e+06,3.03805e+06,1.37857e+07,0,0,0,0,80.7132,79.791,1.92639,0,0,1.42277,1.42277,0,1.09923,2.54016,9.22605e+06,4.06077e+06,1.31266e+07,0,0,0,0
80.945,85.139,1.99951,0,0.04,3.07748,3.07748,0,0.581928,4.47552,4.43944e+06,3.03805e+06,1.36623e+07,0,0,0,0,80.6426,79.791,1.94344,0,0,1.46289,1.46289,0,1.09923,2.54016,9.22605e+06,4.06077e+06,1.34967e+07,0,0,0,0
79.7155,85.139,1.90158,0,0.04,3.0775,3.0775,0,0.576719,4.47552,4.43944e+06,3.03805e+06,1.36623e+07,0,0,0,0,80.4437,79.791,1.90973,0,0,1.4629,1.4629,0,1.13023,2.54016,9.22605e+06,4.06077e+06,1.34968e+07,0,0,0,0
78.2685,85.139,1.65172,0.01,0.04,3.07751,3.07751,0,0.576723,4.47552,4.43944e+06,3.03805e+06,1.36624e+07,0,0,0,0,80.0509,79.791,1.79208,0,0,1.46291,1.46291,0,1.13023,2.54016,9.22605e+06,4.06077e+06,1.34968e+07,0,0,0,0
76.6207,85.139,1.4339,0.01,0.04,3.07753,3.07753,0,0.576726,4.47552,4.43944e+06,3.03805e+06,1.36625e+07,0,0,0,0,79.6406,79.791,1.5471,0,0,1.46291,1.46291,0,1.13024,2.54016,9.22605e+06,4.06077e+06,1.34969e+07,0,0,0,0
74.9991,85.139,1.50915,0.02,0.04,3.14937,3.14937,0,0.57673,4.47552,4.43944e+06,3.03805e+06,1.39814e+07,0,0,0,0,79.3364,79.791,1.63668,0,0,1.49867,1.49867,0,1.13025,2.54016,9.22605e+06,4.06077e+06,1.38268e+07,0,0,0,0
73.2917,85.139,1.39804,0.02,0.04,3.14939,3.14939,0,0.590193,4.47552,4.43944e+06,3.03805e+06,1.39815e+07,0,0,0,0,78.8458,79.791,1.65635,0,0,1.49868,1.49868,0,1.15787,2.54016,9.22605e+06,4.06077e+06,1.38269e+07,0,0,0,0
71.4976,85.139,1.29504,0.02,0.04,3.14941,3.14941,0,0.590196,4.47552,4.43944e+06,3.03805e+06,1.39816e+07,0,0,0,0,78.4326,79.791,1.47487,0,0,1.49869,1.49869,0,1.15788,2.54016,9.22605e+06,4.06077e+06,1.3827e+07,0,0,0,0
69.7102,85.139,1.28274,0.02,0.04,3.14943,3.14943,0,0.5902,4.47552,4.43944e+06,3.03805e+06,1.39817e+07,0,0,0,0,77.8368,79.791,1.59814,0,0,1.4987,1.4987,0,1.15789,2.54016,9.22605e+06,4.06077e+06,1.3827e+07,0,0,0,0
67.6298,85.139,1.11746,0.02,0.04,3.35979,3.35979,0,0.590203,4.47552,4.43944e+06,3.03805e+06,1.49156e+07,0,0,0,0,77.2923,79.791,1.26023,0,0,1.62774,1.62774,0,1.15789,2.54016,9.22605e+06,4.06077e+06,1.50176e+07,0,0,0,0
65.6737,85.139,1.2352,0.02,0.04,3.35981,3.35981,0,0.629624,4.47552,4.43944e+06,3.03805e+06,1.49156e+07,0,0,0,0,76.4612,79.791,1.55033,0,0,1.62775,1.62775,0,1.25759,2.54016,9.22605e+06,4.06077e+06,1.50177e+07,0,0,0,0
63.5066,85.139,1.0028,0.02,0.04,3.35982,3.35982,0,0.629627,4.47552,4.43944e+06,3.03805e+06,1.49157e+07,0,0,0,0,76.0836,79.791,1.09728,0,0,1.62776,1.62776,0,1.2576,2.54016,9.22605e+06,4.06077e+06,1.50178e+07,0,0,0,0
61.5944,85.139,1.22929,0.02,0.04,3.35984,3.35984,0,0.629631,4.47552,4.43944e+06,3.03805e+06,1.49158e+07,0,0,0,0,75.7823,79.791,2.00075,0,0,1.62776,1.62776,0,1.2576,2.54016,9.22605e+06,4.06077e+06,1.50178e+07,0,0,0,0
59.6278,85.139,1.11842,0.02,0.04,3.35986,3.35986,0,0.629635,4.47552,4.43944e+06,3.03805e+06,1.49159e+07,0,0,0,0,75.8417,79.791,3.36747,0,0,1.62777,1.62777,0,1.25761,2.54016,9.22605e+06,4.06077e+06,1.50179e+07,0,0,0,0
57.6342,85.139,0.981906,0.02,0.04,3.25737,3.25737,0,0.629638,4.47552,4.43944e+06,3.03805e+06,1.44609e+07,0,0,0,0,75.6343,79.791,1.89373,0,0,1.54946,1.54946,0,1.25762,2.54016,9.22605e+06,4.06077e+06,1.42954e+07,0,0,0,0
55.8003,85.139,1.14761,0.02,0.04,3.25739,3.25739,0,0.610431,4.47552,4.43944e+06,3.03805e+06,1.4461e+07,0,0,0,0,75.4638,79.791,1.93979,0,0,1.54947,1.54947,0,1.19712,2.54016,9.22605e+06,4.06077e+06,1.42955e+07,0,0,0,0
55.9302,85.139,3.24831,0.02,0.04,3.25741,3.25741,0,0.610435,4.47552,4.43944e+06,3.03805e+06,1.44611e+07,0,0,0,0,75.9938,79.791,3.65204,0,0,1.54948,1.54948,0,1.19712,2.54016,9.22605e+06,4.06077e+06,1.42956e+07,0,0,0,0
55.0144,85.139,2.15501,0.02,0.04,3.25743,3.25743,0,0.610438,4.47552,4.43944e+06,3.03805e+06,1.44611e+07,0,0,0,0,76.1134,79.791,2.7812,0,0,1.54949,1.54949,0,1.19713,2.54016,9.22605e+06,4.06077e+06,1.42957e+07,0,0,0,0
54.0815,85.139,2.10125,0.02,0.04,3.1733,3.1733,0,0.610442,4.47552,4.43944e+06,3.03805e+06,1.40877e+07,0,0,0,0,76.0916,79.791,2.17626,0,0,1.47821,1.47821,0,1.19714,2.54016,9.22605e+06,4.06077e+06,1.3638e+07,0,0,0,0
52.8593,85.139,1.78303,0.02,0.04,3.17332,3.17332,0,0.594676,4.47552,4.43944e+06,3.03805e+06,1.40877e+07,0,0,0,0,76.1361,79.791,2.58901,0,0,1.47822,1.47822,0,1.14206,2.54016,9.22605e+06,4.06077e+06,1.36381e+07,0,0,0,0
55.2308,85.139,5.51688,0.02,0.04,3.17333,3.17333,0,0.594679,4.47552,4.43944e+06,3.03805e+06,1.40878e+07,0,0,0,0,77.5214,79.791,8.10075,0,0,1.47822,1.47822,0,1.14207,2.54016,9.22605e+06,4.06077e+06,1.36382e+07,0,0,0,0
56.5292,85.139,4.45801,0.02,0.04,3.17335,3.17335,0,0.594683,4.47552,4.43944e+06,3.03805e+06,1.40879e+07,0,0,0,0,78.5899,79.791,4.5981,0,0,1.47823,1.47823,0,1.14208,2.54016,9.22605e+06,4.06077e+06,1.36383e+07,0,0,0,0
55.6907,85.139,2.10028,0.02,0.04,2.93438,2.93438,0,0.594686,4.47552,4.43944e+06,3.03805e+06,1.3027e+07,0,0,0,0,78.8433,79.791,2.90622,0,0,1.32976,1.32976,0,1.14208,2.54016,9.22605e+06,4.06077e+06,1.22684e+07,0,0,0,0
54.8777,85.139,2.11854,0.02,0.04,2.9344,2.9344,0,0.549903,4.47552,4.43944e+06,3.03805e+06,1.30271e+07,0,0,0,0,79.1431,79.791,3.09334,0,0,1.32977,1.32977,0,1.02737,2.54016,9.22605e+06,4.06077e+06,1.22685e+07,0,0,0,0
54.7912,85.139,2.83344,0.02,0.04,2.93441,2.93441,0,0.549906,4.47552,4.43944e+06,3.03805e+06,1.30271e+07,0,0,0,0,79.4182,79.791,2.93966,0,0,1.32977,1.32977,0,1.02738,2.54016,9.22605e+06,4.06077e+06,1.22686e+07,0,0,0,0
60.2796,85.139,8.38783,0.02,0.04,2.93443,2.93443,0,0.549909,4.47552,4.43944e+06,3.03805e+06,1.30272e+07,0,0,0,0,80.3145,79.791,4.90741,0,0,1.32978,1.32978,0,1.02738,2.54016,9.22605e+06,4.06077e+06,1.22686e+07,0,0,0,0
60.5982,85.139,3.43738,0.02,0.04,2.93445,2.93445,0,0.549912,4.47552,4.43944e+06,3.03805e+06,1.30273e+07,0,0,0,0,80.7692,79.791,4.08284,0,0,1.32979,1.32979,0,1.02739,2.54016,9.22605e+06,4.06077e+06,1.22687e+07,0,0,0,0
61.1949,85.139,3.87674,0.02,0.04,3.02639,3.02639,0,0.549916,4.47552,4.43944e+06,3.03805e+06,1.34355e+07,0,0,0,0,80.8192,79.791,5.44927,0,0,1.37279,1.37279,0,1.02739,2.54016,9.22605e+06,4.06077e+06,1.26655e+07,0,0,0,0
65.6118,85.139,7.7447,0.02,0.04,3.02639,3.02639,0,0.567146,4.47552,4.43944e+06,3.03805e+06,1.34355e+07,0,0,0,0,80.8192,79.791,8.0496,0,0,1.37279,1.37279,0,1.06062,2.54016,9.22605e+06,4.06077e+06,1.26655e+07,0,0,0,0
71.4996,85.139,9.33546,0.02,0.04,3.0264,3.0264,0,0.567146,4.47552,4.43944e+06,3.03805e+06,1.34355e+07,0,0,0,0,80.8192,79.791,8.01431,0,0,1.37279,1.37279,0,1.06062,2.54016,9.22605e+06,4.06077e+06,1.26655e+07,0,0,0,0
83.1352,85.139,15.3064,0.01,0.04,3.0264,3.0264,0,0.567147,4.47552,4.43944e+06,3.03805e+06,1.34355e+07,0,0,0,0,80.8192,79.791,11.2011,0,0,1.3728,1.3728,0,1.06062,2.54016,9.22605e+06,4.06077e+06,1.26655e+07,0,0,0,0
85.139,85.139,8.26962,0,0.04,3.32159,3.32159,0,0.567147,4.47552,4.43944e+06,3.03805e+06,1.4746e+07,0,0,0,0,80.8192,79.791,9.579,0,0,1.53421,1.53421,0,1.06062,2.54016,9.22605e+06,4.06077e+06,1.41547e+07,0,0,0,0
85.139,85.139,5.03644,0,0.04,3.32159,3.32159,0,0.622466,4.47552,4.43944e+06,3.03805e+06,1.4746e+07,0,0,0,0,80.8192,79.791,6.47518,0,0,1.53421,1.53421,0,1.18533,2.54016,9.22605e+06,4.06077e+06,1.41547e+07,0,0,0,0
85.139,85.139,4.04348,0,0.04,3.32159,3.32159,0,0.622466,4.47552,4.43944e+06,3.03805e+06,1.4746e+07,0,0,0,0,80.8192,79.791,4.16377,0,0,1.53421,1.53421,0,1.18533,2.54016,9.22605e+06,4.06077e+06,1.41547e+07,0,0,0,0
85.0015,85.139,3.53635,0,0.04,3.3216,3.3216,0,0.622467,4.47552,4.43944e+06,3.03805e+06,1.4746e+07,0,0,0,0,80.8192,79.791,3.8015,0,0,1.53421,1.53421,0,1.18533,2.54016,9.22605e+06,4.06077e+06,1.41547e+07,0,0,0,0
85.139,85.139,4.17495,0,0.04,2.90057,2.90057,0,0.622467,4.47552,4.43944e+06,3.03805e+06,1.28769e+07,0,0,0,0,80.8192,79.791,4.15736,0,0,1.3176,1.3176,0,1.18533,2.54016,9.22605e+06,4.06077e+06,1.21562e+07,0,0,0,0
85.139,85.139,5.68958,0,0.04,2.90057,2.90057,0,0.543566,4.47552,4.43944e+06,3.03805e+06,1.28769e+07,0,0,0,0,80.8192,79.791,6.94994,0,0,1.3176,1.3176,0,1.01797,2.54016,9.22605e+06,4.06077e+06,1.21562e+07,0,0,0,0
85.139,85.139,4.91899,0,0.04,2.90057,2.90057,0,0.543566,4.47552,4.43944e+06,3.03805e+06,1.28769e+07,0,0,0,0,80.8192,79.791,4.56577,0,0,1.3176,1.3176,0,1.01798,2.54016,9.22605e+06,4.06077e+06,1.21562e+07,0,0,0,0
85.139,85.139,4.54014,0,0.04,2.90057,2.90057,0,0.543567,4.47552,4.43944e+06,3.03805e+06,1.28769e+07,0,0,0,0,80.8192,79.791,4.2043,0,0,1.3176,1.3176,0,1.01798,2.54016,9.22605e+06,4.06077e+06,1.21562e+07,0,0,0,0
85.139,85.139,6.63604,0,0.04,2.90058,2.90058,0,0.543567,4.47552,4.43944e+06,3.03805e+06,1.28769e+07,0,0,0,0,80.8192,79.791,6.63306,0,0,1.3176,1.3176,0,1.01798,2.54016,9.22605e+06,4.06077e+06,1.21562e+07,0,0,0,0
85.139,85.139,5.97464,0,0.04,3.00656,3.00656,0,0.543568,4.47552,4.43944e+06,3.03805e+06,1.33474e+07,0,0,0,0,80.8192,79.791,5.43864,0,0,1.37059,1.37059,0,1.01798,2.54016,9.22605e+06,4.06077e+06,1.26452e+07,0,0,0,0
85.139,85.139,5.22237,0,0.04,3.00656,3.00656,0,0.563429,4.47552,4.43944e+06,3.03805e+06,1.33474e+07,0,0,0,0,80.8192,79.791,5.28735,0,0,1.3706,1.3706,0,1.05892,2.54016,9.22605e+06,4.06077e+06,1.26452e+07,0,0,0,0
85.139,85.139,5.91484,0,0.04,3.00656,3.00656,0,0.563429,4.47552,4.43944e+06,3.03805e+06,1.33474e+07,0,0,0,0,80.8192,79.791,5.84449,0,0,1.3706,1.3706,0,1.05892,2.54016,9.22605e+06,4.06077e+06,1.26452e+07,0,0,0,0
85.139,85.139,5.15368,0,0.04,3.00657,3.00657,0,0.56343,4.47552,4.43944e+06,3.03805e+06,1.33475e+07,0,0,0,0,80.8192,79.791,4.44499,0,0,1.3706,1.3706,0,1.05892,2.54016,9.22605e+06,4.06077e+06,1.26452e+07,0,0,0,0
85.139,85.139,4.26824,0,0.04,2.96513,2.96513,0,0.56343,4.47552,4.43944e+06,3.03805e+06,1.31635e+07,0,0,0,0,80.8192,79.791,4.0348,0,0,1.35002,1.35002,0,1.05892,2.54016,9.22605e+06,4.06077e+06,1.24553e+07,0,0,0,0
85.139,85.139,3.98381,0,0.04,2.96513,2.96513,0,0.555665,4.47552,4.43944e+06,3.03805e+06,1.31635e+07,0,0,0,0,80.8192,79.791,3.76666,0,0,1.35002,1.35002,0,1.04302,2.54016,9.22605e+06,4.06077e+06,1.24553e+07,0,0,0,0
85.139,85.139,3.81045,0,0.04,2.96513,2.96513,0,0.555666,4.47552,4.43944e+06,3.03805e+06,1.31635e+07,0,0,0,0,80.8192,79.791,3.51904,0,0,1.35002,1.35002,0,1.04302,2.54016,9.22605e+06,4.06077e+06,1.24553e+07,0,0,0,0
85.139,85.139,3.34021,0,0.04,2.96514,2.96514,0,0.555666,4.47552,4.43944e+06,3.03805e+06,1.31635e+07,0,0,0,0,80.8192,79.791,3.63973,0,0,1.35002,1.35002,0,1.04302,2.54016,9.22605e+06,4.06077e+06,1.24554e+07,0,0,0,0
85.1337,85.139,3.2949,0,0.04,3.1058,3.1058,0,0.555667,4.47552,4.43944e+06,3.03805e+06,1.3788e+07,0,0,0,0,80.8192,79.791,3.43665,0,0,1.42301,1.42301,0,1.04303,2.54016,9.22605e+06,4.06077e+06,1.31288e+07,0,0,0,0
84.8663,85.139,3.01494,0,0.04,3.1058,3.1058,0,0.582026,4.47552,4.43944e+06,3.03805e+06,1.3788e+07,0,0,0,0,80.8192,79.791,3.1207,0,0,1.42301,1.42301,0,1.09942,2.54016,9.22605e+06,4.06077e+06,1.31288e+07,0,0,0,0
84.4406,85.139,2.79391,0,0.04,3.1058,3.1058,0,0.582027,4.47552,4.43944e+06,3.03805e+06,1.3788e+07,0,0,0,0,80.8192,79.791,3.00423,0,0,1.42301,1.42301,0,1.09942,2.54016,9.22605e+06,4.06077e+06,1.31288e+07,0,0,0,0
83.869,85.139,2.6362,0,0.04,3.1058,3.1058,0,0.582027,4.47552,4.43944e+06,3.03805e+06,1.3788e+07,0,0,0,0,80.8192,79.791,2.82967,0,0,1.42301,1.42301,0,1.09942,2.54016,9.22605e+06,4.06077e+06,1.31288e+07,0,0,0,0
83.37,85.139,2.72424,0,0.04,3.10581,3.10581,0,0.582028,4.47552,4.43944e+06,3.03805e+06,1.3788e+07,0,0,0,0,80.8192,79.791,2.63673,0,0,1.42301,1.42301,0,1.09942,2.54016,9.22605e+06,4.06077e+06,1.31288e+07,0,0,0,0
82.8073,85.139,2.63519,0,0.04,3.07799,3.07799,0,0.582028,4.47552,4.43944e+06,3.03805e+06,1.36645e+07,0,0,0,0,80.8192,79.791,2.50708,0,0,1.46313,1.46313,0,1.09942,2.54016,9.22605e+06,4.06077e+06,1.34989e+07,0,0,0,0
82.1457,85.139,2.50753,0.01,0.04,3.07799,3.07799,0,0.576816,4.47552,4.43944e+06,3.03805e+06,1.36646e+07,0,0,0,0,80.8192,79.791,2.45151,0,0,1.46313,1.46313,0,1.13042,2.54016,9.22605e+06,4.06077e+06,1.34989e+07,0,0,0,0
81.3431,85.139,2.35701,0.01,0.04,3.078,3.078,0,0.576816,4.47552,4.43944e+06,3.03805e+06,1.36646e+07,0,0,0,0,80.8192,79.791,2.47657,0,0,1.46313,1.46313,0,1.13042,2.54016,9.22605e+06,4.06077e+06,1.3499e+07,0,0,0,0
80.3116,85.139,2.1144,0.01,0.04,3.078,3.078,0,0.576817,4.47552,4.43944e+06,3.03805e+06,1.36646e+07,0,0,0,0,80.8087,79.791,2.23302,0,0,1.46314,1.46314,0,1.13042,2.54016,9.22605e+06,4.06077e+06,1.3499e+07,0,0,0,0
79.0775,85.139,1.93846,0.01,0.04,3.14984,3.14984,0,0.576817,4.47552,4.43944e+06,3.03805e+06,1.39835e+07,0,0,0,0,80.6409,79.791,2.16986,0,0,1.49889,1.49889,0,1.13042,2.54016,9.22605e+06,4.06077e+06,1.38288e+07,0,0,0,0
77.6971,85.139,1.77855,0.01,0.04,3.14984,3.14984,0,0.590279,4.47552,4.43944e+06,3.03805e+06,1.39835e+07,0,0,0,0,80.4967,79.791,1.90103,0,0,1.49889,1.49889,0,1.15804,2.54016,9.22605e+06,4.06077e+06,1.38288e+07,0,0,0,0
76.4307,85.139,1.8717,0.01,0.04,3.14984,3.14984,0,0.59028,4.47552,4.43944e+06,3.03805e+06,1.39835e+07,0,0,0,0,80.4184,79.791,2.26487,0,0,1.49889,1.49889,0,1.15804,2.54016,9.22605e+06,4.06077e+06,1.38288e+07,0,0,0,0
75.1919,85.139,1.88474,0.02,0.04,3.14984,3.14984,0,0.59028,4.47552,4.43944e+06,3.03805e+06,1.39835e+07,0,0,0,0,80.3657,79.791,2.28524,0,0,1.49889,1.49889,0,1.15804,2.54016,9.22605e+06,4.06077e+06,1.38289e+07,0,0,0,0
73.6498,85.139,1.74892,0.02,0.04,3.36021,3.36021,0,0.590281,4.47552,4.43944e+06,3.03805e+06,1.49174e+07,0,0,0,0,80.0526,79.791,1.91204,0,0,1.62794,1.62794,0,1.15804,2.54016,9.22605e+06,4.06077e+06,1.50195e+07,0,0,0,0
72.3214,85.139,1.96592,0.02,0.04,3.36021,3.36021,0,0.629703,4.47552,4.43944e+06,3.03805e+06,1.49174e+07,0,0,0,0,79.786,79.791,2.36426,0,0,1.62794,1.62794,0,1.25775,2.54016,9.22605e+06,4.06077e+06,1.50195e+07,0,0,0,0
70.6119,85.139,1.57635,0.02,0.04,3.36022,3.36022,0,0.629704,4.47552,4.43944e+06,3.03805e+06,1.49175e+07,0,0,0,0,79.4369,79.791,1.71178,0,0,1.62794,1.62794,0,1.25775,2.54016,9.22605e+06,4.06077e+06,1.50195e+07,0,0,0,0
69.2703,85.139,1.91746,0.02,0.04,3.36022,3.36022,0,0.629704,4.47552,4.43944e+06,3.03805e+06,1.49175e+07,0,0,0,0,79.3675,79.791,2.97142,0,0,1.62795,1.62795,0,1.25775,2.54016,9.22605e+06,4.06077e+06,1.50195e+07,0,0,0,0
68.431,85.139,2.48523,0.02,0.04,3.36022,3.36022,0,0.629705,4.47552,4.43944e+06,3.03805e+06,1.49175e+07,0,0,0,0,79.4137,79.791,2.63846,0,0,1.62795,1.62795,0,1.25775,2.54016,9.22605e+06,4.06077e+06,1.50195e+07,0,0,0,0
67.7717,85.139,2.58678,0.02,0.04,3.2577,3.2577,0,0.629705,4.47552,4.43944e+06,3.03805e+06,1.44623e+07,0,0,0,0,80.0931,79.791,4.57343,0,0,1.54962,1.54962,0,1.25775,2.54016,9.22605e+06,4.06077e+06,1.42969e+07,0,0,0,0
66.8299,85.139,2.30076,0.02,0.04,3.2577,3.2577,0,0.610493,4.47552,4.43944e+06,3.03805e+06,1.44624e+07,0,0,0,0,80.2021,79.791,2.83831,0,0,1.54962,1.54962,0,1.19724,2.54016,9.22605e+06,4.06077e+06,1.42969e+07,0,0,0,0
65.5212,85.139,1.91403,0.02,0.04,3.2577,3.2577,0,0.610493,4.47552,4.43944e+06,3.03805e+06,1.44624e+07,0,0,0,0,80.2172,79.791,2.52363,0,0,1.54962,1.54962,0,1.19724,2.54016,9.22605e+06,4.06077e+06,1.42969e+07,0,0,0,0
64.8594,85.139,2.60509,0.02,0.04,3.25771,3.25771,0,0.610494,4.47552,4.43944e+06,3.03805e+06,1.44624e+07,0,0,0,0,80.4432,79.791,2.76247,0,0,1.54962,1.54962,0,1.19724,2.54016,9.22605e+06,4.06077e+06,1.42969e+07,0,0,0,0
63.2113,85.139,1.53982,0.02,0.04,3.17355,3.17355,0,0.610494,4.47552,4.43944e+06,3.03805e+06,1.40888e+07,0,0,0,0,80.1642,79.791,2.04425,0,0,1.47833,1.47833,0,1.19724,2.54016,9.22605e+06,4.06077e+06,1.36391e+07,0,0,0,0
61.3105,85.139,1.27925,0.02,0.04,3.17356,3.17356,0,0.594724,4.47552,4.43944e+06,3.03805e+06,1.40888e+07,0,0,0,0,80.1191,79.791,1.49469,0,0,1.47833,1.47833,0,1.14216,2.54016,9.22605e+06,4.06077e+06,1.36391e+07,0,0,0,0
60.0361,85.139,1.93031,0.02,0.04,3.17356,3.17356,0,0.594725,4.47552,4.43944e+06,3.03805e+06,1.40888e+07,0,0,0,0,80.6213,79.791,3.98296,0,0,1.47833,1.47833,0,1.14216,2.54016,9.22605e+06,4.06077e+06,1.36391e+07,0,0,0,0
61.3283,85.139,4.70034,0.02,0.04,3.17356,3.17356,0,0.594725,4.47552,4.43944e+06,3.03805e+06,1.40888e+07,0,0,0,0,80.8192,79.791,6.95904,0,0,1.47833,1.47833,0,1.14216,2.54016,9.22605e+06,4.06077e+06,1.36392e+07,0,0,0,0
60.005,85.139,1.69791,0.02,0.04,2.93456,2.93456,0,0.594726,4.47552,4.43944e+06,3.03805e+06,1.30278e+07,0,0,0,0,80.8192,79.791,2.58352,0,0,1.32984,1.32984,0,1.14216,2.54016,9.22605e+06,4.06077e+06,1.22692e+07,0,0,0,0
58.8694,85.139,1.85342,0.02,0.04,2.93456,2.93456,0,0.549936,4.47552,4.43944e+06,3.03805e+06,1.30278e+07,0,0,0,0,80.8192,79.791,3.65974,0,0,1.32984,1.32984,0,1.02743,2.54016,9.22605e+06,4.06077e+06,1.22692e+07,0,0,0,0
58.2008,85.139,2.34349,0.02,0.04,2.93456,2.93456,0,0.549937,4.47552,4.43944e+06,3.03805e+06,1.30278e+07,0,0,0,0,80.7498,79.791,3.29714,0,0,1.32984,1.32984,0,1.02743,2.54016,9.22605e+06,4.06077e+06,1.22692e+07,0,0,0,0
58.0066,85.139,2.83788,0.02,0.04,2.93457,2.93457,0,0.549937,4.47552,4.43944e+06,3.03805e+06,1.30278e+07,0,0,0,0,80.8192,79.791,2.43117,0,0,1.32984,1.32984,0,1.02743,2.54016,9.22605e+06,4.06077e+06,1.22692e+07,0,0,0,0
58.1233,85.139,3.16899,0.04,0.04,2.93457,2.93457,0,0.549938,4.47552,4.43944e+06,3.03805e+06,1.30278e+07,0,0,0,0,80.8192,79.791,4.43295,0,0,1.32984,1.32984,0,1.02744,2.54016,9.22605e+06,4.06077e+06,1.22692e+07,0,0,0,0
59.9438,85.139,4.99993,0.04,0.04,3.0265,3.0265,0,0.549938,4.47552,4.43944e+06,3.03805e+06,1.3436e+07,0,0,0,0,80.8192,79.791,6.55205,0,0,1.37284,1.37284,0,1.02744,2.54016,9.22605e+06,4.06077e+06,1.26659e+07,0,0,0,0
61.3252,85.139,4.6587,0.02,0.04,3.02649,3.02649,0,0.567166,4.47552,4.43944e+06,3.03805e+06,1.34359e+07,0,0,0,0,80.8192,79.791,6.46985,0,0,1.37284,1.37284,0,1.06066,2.54016,9.22605e+06,4.06077e+06,1.26659e+07,0,0,0,0
61.508,85.139,3.39774,0.02,0.04,3.02647,3.02647,0,0.567164,4.47552,4.43944e+06,3.03805e+06,1.34358e+07,0,0,0,0,80.8192,79.791,4.97303,0,0,1.37283,1.37283,0,1.06065,2.54016,9.22605e+06,4.06077e+06,1.26658e+07,0,0,0,0
61.0023,85.139,2.72,0.02,0.04,3.02646,3.02646,0,0.567161,4.47552,4.43944e+06,3.03805e+06,1.34358e+07,0,0,0,0,80.8192,79.791,4.99059,0,0,1.37282,1.37282,0,1.06065,2.54016,9.22605e+06,4.06077e+06,1.26657e+07,0,0,0,0
60.5193,85.139,2.94551,0.02,0.04,3.32164,3.32164,0,0.567159,4.47552,4.43944e+06,3.03805e+06,1.47462e+07,0,0,0,0,80.8192,79.791,5.18832,0,0,1.53423,1.53423,0,1.06064,2.54016,9.22605e+06,4.06077e+06,1.41549e+07,0,0,0,0
60.3402,85.139,3.2689,0.03,0.04,3.32163,3.32163,0,0.622476,4.47552,4.43944e+06,3.03805e+06,1.47462e+07,0,0,0,0,80.8192,79.791,5.95402,0,0,1.53423,1.53423,0,1.18535,2.54016,9.22605e+06,4.06077e+06,1.41548e+07,0,0,0,0
61.1526,85.139,4.35164,0.03,0.04,3.32161,3.32161,0,0.622473,4.47552,4.43944e+06,3.03805e+06,1.47461e+07,0,0,0,0,80.8192,79.791,6.43268,0,0,1.53422,1.53422,0,1.18534,2.54016,9.22605e+06,4.06077e+06,1.41548e+07,0,0,0,0
61.4584,85.139,3.81103,0.03,0.04,3.3216,3.3216,0,0.62247,4.47552,4.43944e+06,3.03805e+06,1.4746e+07,0,0,0,0,80.8192,79.791,5.97445,0,0,1.53421,1.53421,0,1.18534,2.54016,9.22605e+06,4.06077e+06,1.41547e+07,0,0,0,0
61.79,85.139,3.49186,0.03,0.04,2.90055,2.90055,0,0.622468,4.47552,4.43944e+06,3.03805e+06,1.28768e+07,0,0,0,0,80.8192,79.791,4.76762,0,0,1.31759,1.31759,0,1.18533,2.54016,9.22605e+06,4.06077e+06,1.21562e+07,0,0,0,0
63.3376,85.139,4.70414,0.03,0.04,2.90054,2.90054,0,0.543564,4.47552,4.43944e+06,3.03805e+06,1.28768e+07,0,0,0,0,80.8192,79.791,5.2023,0,0,1.31758,1.31758,0,1.01797,2.54016,9.22605e+06,4.06077e+06,1.21561e+07,0,0,0,0
64.0203,85.139,3.85841,0.04,0.04,2.90053,2.90053,0,0.543561,4.47552,4.43944e+06,3.03805e+06,1.28767e+07,0,0,0,0,80.8192,79.791,3.44845,0,0,1.31758,1.31758,0,1.01797,2.54016,9.22605e+06,4.06077e+06,1.21561e+07,0,0,0,0
63.5998,85.139,2.74431,0.03,0.04,2.90052,2.90052,0,0.543559,4.47552,4.43944e+06,3.03805e+06,1.28767e+07,0,0,0,0,80.8192,79.791,2.88861,0,0,1.31757,1.31757,0,1.01796,2.54016,9.22605e+06,4.06077e+06,1.2156e+07,0,0,0,0
63.0832,85.139,2.59156,0.03,0.04,2.9005,2.9005,0,0.543557,4.47552,4.43944e+06,3.03805e+06,1.28766e+07,0,0,0,0,80.8192,79.791,2.7171,0,0,1.31757,1.31757,0,1.01796,2.54016,9.22605e+06,4.06077e+06,1.21559e+07,0,0,0,0
62.4843,85.139,2.58411,0.03,0.04,3.00647,3.00647,0,0.543554,4.47552,4.43944e+06,3.03805e+06,1.3347e+07,0,0,0,0,80.8192,79.791,2.81381,0,0,1.37055,1.37055,0,1.01795,2.54016,9.22605e+06,4.06077e+06,1.26448e+07,0,0,0,0
61.5568,85.139,2.22492,0.03,0.04,3.00646,3.00646,0,0.563412,4.47552,4.43944e+06,3.03805e+06,1.3347e+07,0,0,0,0,80.8192,79.791,3.26269,0,0,1.37055,1.37055,0,1.05889,2.54016,9.22605e+06,4.06077e+06,1.26447e+07,0,0,0,0
60.674,85.139,2.22897,0.03,0.04,3.00644,3.00644,0,0.56341,4.47552,4.43944e+06,3.03805e+06,1.33469e+07,0,0,0,0,80.8192,79.791,3.22219,0,0,1.37054,1.37054,0,1.05889,2.54016,9.22605e+06,4.06077e+06,1.26447e+07,0,0,0,0
59.5081,85.139,1.91396,0.02,0.04,3.00643,3.00643,0,0.563408,4.47552,4.43944e+06,3.03805e+06,1.33469e+07,0,0,0,0,80.8192,79.791,2.66673,0,0,1.37054,1.37054,0,1.05888,2.54016,9.22605e+06,4.06077e+06,1.26446e+07,0,0,0,0
58.389,85.139,1.95583,0.07,0.04,2.96498,2.96498,0,0.563405,4.47552,4.43944e+06,3.03805e+06,1.31628e+07,0,0,0,0,80.8192,79.791,2.8015,0,0,1.34995,1.34995,0,1.05888,2.54016,9.22605e+06,4.06077e+06,1.24547e+07,0,0,0,0
57.1875,85.139,1.78103,0.08,0.04,2.96497,2.96497,0,0.555638,4.47552,4.43944e+06,3.03805e+06,1.31628e+07,0,0,0,0,80.8192,79.791,2.51158,0,0,1.34994,1.34994,0,1.04297,2.54016,9.22605e+06,4.06077e+06,1.24546e+07,0,0,0,0
55.9712,85.139,1.73565,0.06,0.04,2.96496,2.96496,0,0.555635,4.47552,4.43944e+06,3.03805e+06,1.31627e+07,0,0,0,0,80.8192,79.791,2.74634,0,0,1.34994,1.34994,0,1.04297,2.54016,9.22605e+06,4.06077e+06,1.24546e+07,0,0,0,0
54.6659,85.139,1.62036,0.06,0.04,2.96494,2.96494,0,0.555633,4.47552,4.43944e+06,3.03805e+06,1.31627e+07,0,0,0,0,80.8192,79.791,2.51002,0,0,1.34993,1.34993,0,1.04296,2.54016,9.22605e+06,4.06077e+06,1.24545e+07,0,0,0,0
53.3332,85.139,1.64152,0.05,0.04,3.10558,3.10558,0,0.555631,4.47552,4.43944e+06,3.03805e+06,1.3787e+07,0,0,0,0,80.8192,79.791,2.76128,0,0,1.42291,1.42291,0,1.04296,2.54016,9.22605e+06,4.06077e+06,1.31278e+07,0,0,0,0
51.8152,85.139,1.42936,0.05,0.04,3.10557,3.10557,0,0.581985,4.47552,4.43944e+06,3.03805e+06,1.3787e+07,0,0,0,0,80.8192,79.791,2.7116,0,0,1.4229,1.4229,0,1.09934,2.54016,9.22605e+06,4.06077e+06,1.31278e+07,0,0,0,0
50.1858,85.139,1.28774,0.05,0.04,3.10555,3.10555,0,0.581983,4.47552,4.43944e+06,3.03805e+06,1.37869e+07,0,0,0,0,80.8192,79.791,2.32966,0,0,1.4229,1.4229,0,1.09934,2.54016,9.22605e+06,4.06077e+06,1.31277e+07,0,0,0,0
48.5662,85.139,1.19931,0.11,0.04,3.03884,3.10554,0,0.581981,4.47552,4.43944e+06,3.03805e+06,1.34907e+07,0,0,0,0,80.8103,79.791,2.31928,0,0,1.39233,1.42289,0,1.09933,2.54016,9.22605e+06,4.06077e+06,1.28457e+07,0,0,0,0
47.1506,85.139,1.40337,0.1,0.04,3.10553,3.10553,0,0.569479,4.47552,4.43944e+06,3.03805e+06,1.37868e+07,0,0,0,0,80.7875,79.791,2.54018,0,0,1.42289,1.42289,0,1.07572,2.54016,9.22605e+06,4.06077e+06,1.31276e+07,0,0,0,0
45.7869,85.139,1.40189,0.08,0.04,3.0777,3.0777,0,0.581976,4.47552,4.43944e+06,3.03805e+06,1.36632e+07,0,0,0,0,80.7509,79.791,2.68985,0,0,1.46299,1.46299,0,1.09932,2.54016,9.22605e+06,4.06077e+06,1.34976e+07,0,0,0,0
44.3089,85.139,1.27667,0.07,0.04,3.07769,3.07769,0,0.576761,4.47552,4.43944e+06,3.03805e+06,1.36632e+07,0,0,0,0,80.6902,79.791,2.55831,0,0,1.46299,1.46299,0,1.13031,2.54016,9.22605e+06,4.06077e+06,1.34976e+07,0,0,0,0
42.7288,85.139,1.1598,0.05,0.04,3.07767,3.07767,0,0.576758,4.47552,4.43944e+06,3.03805e+06,1.36631e+07,0,0,0,0,80.5904,79.791,2.3438,0,0,1.46298,1.46298,0,1.1303,2.54016,9.22605e+06,4.06077e+06,1.34975e+07,0,0,0,0
41.1131,85.139,1.09563,0.04,0.04,3.07766,3.07766,0,0.576756,4.47552,4.43944e+06,3.03805e+06,1.36631e+07,0,0,0,0,80.3904,79.791,2.26329,0,0,1.46297,1.46297,0,1.1303,2.54016,9.22605e+06,4.06077e+06,1.34975e+07,0,0,0,0
39.8345,85.139,1.17973,0.15,0.04,2.81126,3.14947,0,0.576753,4.47552,4.43944e+06,3.64566e+06,1.24804e+07,0,0,0,0,80.3949,79.791,2.38682,0,0,1.33778,1.49872,0,1.13029,2.54016,9.22605e+06,4.87292e+06,1.23424e+07,0,0,0,0
38.2785,85.139,1.09111,0.13,0.04,3.01418,3.14946,0,0.526831,4.47552,4.43944e+06,3.03805e+06,1.33812e+07,0,0,0,0,80.2481,79.791,2.44743,0,0,1.43433,1.49871,0,1.03357,2.54016,9.22605e+06,4.06077e+06,1.32332e+07,0,0,0,0
36.5115,85.139,1.01134,0.09,0.04,3.14945,3.14945,0,0.564857,4.47552,4.43944e+06,3.03805e+06,1.39818e+07,0,0,0,0,80.0158,79.791,2.17334,0,0,1.4987,1.4987,0,1.10817,2.54016,9.22605e+06,4.06077e+06,1.38271e+07,0,0,0,0
34.7693,85.139,1.02877,0.09,0.04,3.14943,3.14943,0,0.590206,4.47552,4.43944e+06,3.03805e+06,1.39817e+07,0,0,0,0,79.8336,79.791,2.46562,0,0,1.4987,1.4987,0,1.1579,2.54016,9.22605e+06,4.06077e+06,1.38271e+07,0,0,0,0
32.998,85.139,1.20457,0.08,0.04,3.35976,3.35976,0,0.590204,4.47552,4.43944e+06,3.03805e+06,1.49154e+07,0,0,0,0,79.5757,79.791,2.63023,0,0,1.62772,1.62772,0,1.15789,2.54016,9.22605e+06,4.06077e+06,1.50174e+07,0,0,0,0
31.7018,85.139,1.32922,0.17,0.04,2.99895,3.35974,0,0.629618,4.47552,4.43944e+06,3.64566e+06,1.33137e+07,0,0,0,0,79.5403,79.791,3.09682,0,0,1.45292,1.62771,0,1.25758,2.54016,9.22605e+06,4.87292e+06,1.34047e+07,0,0,0,0
29.9451,85.139,1.10136,0.13,0.04,3.21541,3.35973,0,0.562004,4.47552,4.43944e+06,3.03805e+06,1.42746e+07,0,0,0,0,79.2948,79.791,2.47865,0,0,1.55779,1.62771,0,1.12253,2.54016,9.22605e+06,4.06077e+06,1.43723e+07,0,0,0,0
28.2995,85.139,1.26859,0.11,0.04,3.28756,3.35971,0,0.602568,4.47552,4.43944e+06,3.03805e+06,1.45949e+07,0,0,0,0,79.2754,79.791,3.72106,0,0,1.59274,1.6277,0,1.20355,2.54016,9.22605e+06,4.06077e+06,1.46947e+07,0,0,0,0
26.7775,85.139,1.36906,0.11,0.04,3.28754,3.3597,0,0.616088,4.47552,4.43944e+06,3.03805e+06,1.45948e+07,0,0,0,0,79.6364,79.791,5.91542,0,0,1.59274,1.62769,0,1.23055,2.54016,9.22605e+06,4.06077e+06,1.46947e+07,0,0,0,0
25.2974,85.139,1.36278,0.09,0.04,3.25718,3.25718,0,0.616085,4.47552,4.43944e+06,3.03805e+06,1.446e+07,0,0,0,0,79.6129,79.791,3.59922,0,0,1.54937,1.54937,0,1.23055,2.54016,9.22605e+06,4.06077e+06,1.42946e+07,0,0,0,0
24.1317,85.139,1.31993,0.2,0.04,2.90739,3.25716,0,0.610395,4.47552,4.43944e+06,3.64566e+06,1.29072e+07,0,0,0,0,79.6673,79.791,3.30878,0,0,1.38299,1.54937,0,1.19704,2.54016,9.22605e+06,4.87292e+06,1.27595e+07,0,0,0,0
24.1439,85.139,2.71586,0.21,0.04,2.90738,3.25715,0,0.544845,4.47552,4.43944e+06,3.64566e+06,1.29071e+07,0,0,0,0,80.5258,79.791,5.35186,0,0,1.38298,1.54936,0,1.06849,2.54016,9.22605e+06,4.87292e+06,1.27594e+07,0,0,0,0
25.7303,85.139,4.32798,0.21,0.04,2.90737,3.25713,0,0.544843,4.47552,4.43944e+06,3.64566e+06,1.29071e+07,0,0,0,0,80.8192,79.791,5.51752,0,0,1.38297,1.54935,0,1.06849,2.54016,9.22605e+06,4.87292e+06,1.27594e+07,0,0,0,0
26.0289,85.139,3.30149,0.1,0.04,3.17298,3.17298,0,0.54484,4.47552,4.43944e+06,3.03805e+06,1.40862e+07,0,0,0,0,80.8192,79.791,6.72585,0,0,1.47806,1.47806,0,1.06849,2.54016,9.22605e+06,4.06077e+06,1.36367e+07,0,0,0,0
26.0757,85.139,2.99769,0.09,0.04,3.17297,3.17297,0,0.594617,4.47552,4.43944e+06,3.03805e+06,1.40862e+07,0,0,0,0,80.8192,79.791,3.12613,0,0,1.47805,1.47805,0,1.14195,2.54016,9.22605e+06,4.06077e+06,1.36366e+07,0,0,0,0
27.2206,85.139,4.18909,0.1,0.04,3.17295,3.17295,0,0.594614,4.47552,4.43944e+06,3.03805e+06,1.40861e+07,0,0,0,0,80.8192,79.791,5.5642,0,0,1.47805,1.47805,0,1.14194,2.54016,9.22605e+06,4.06077e+06,1.36365e+07,0,0,0,0
29.1095,85.139,5.02025,0.09,0.04,3.17294,3.17294,0,0.594612,4.47552,4.43944e+06,3.03805e+06,1.40861e+07,0,0,0,0,80.8192,79.791,6.17361,0,0,1.47804,1.47804,0,1.14194,2.54016,9.22605e+06,4.06077e+06,1.36365e+07,0,0,0,0
31.2926,85.139,5.08941,0.1,0.04,2.93397,2.93397,0,0.594609,4.47552,4.43944e+06,3.03805e+06,1.30252e+07,0,0,0,0,80.8192,79.791,7.51689,0,0,1.32957,1.32957,0,1.14193,2.54016,9.22605e+06,4.06077e+06,1.22667e+07,0,0,0,0
33.488,85.139,5.08432,0.11,0.04,2.87094,2.93396,0,0.549826,4.47552,4.43944e+06,3.03805e+06,1.27454e+07,0,0,0,0,80.8192,79.791,8.1802,0,0,1.30101,1.32957,0,1.02723,2.54016,9.22605e+06,4.06077e+06,1.20032e+07,0,0,0,0
37.5884,85.139,6.96534,0.12,0.04,2.87093,2.93394,0,0.538015,4.47552,4.43944e+06,3.03805e+06,1.27453e+07,0,0,0,0,80.8192,79.791,7.71949,0,0,1.30101,1.32956,0,1.00516,2.54016,9.22605e+06,4.06077e+06,1.20031e+07,0,0,0,0
42.9828,85.139,8.6377,0.08,0.04,2.93393,2.93393,0,0.538013,4.47552,4.43944e+06,3.03805e+06,1.3025e+07,0,0,0,0,80.8192,79.791,13.7247,0,0,1.32955,1.32955,0,1.00516,2.54016,9.22605e+06,4.06077e+06,1.22665e+07,0,0,0,0
45.9542,85.139,5.94919,0.05,0.04,2.93392,2.93392,0,0.549819,4.47552,4.43944e+06,3.03805e+06,1.30249e+07,0,0,0,0,80.8192,79.791,10.9478,0,0,1.32955,1.32955,0,1.02721,2.54016,9.22605e+06,4.06077e+06,1.22665e+07,0,0,0,0
52.7019,85.139,9.87733,0.06,0.04,3.02582,3.02582,0,0.549816,4.47552,4.43944e+06,3.03805e+06,1.34329e+07,0,0,0,0,80.8192,79.791,6.30537,0,0,1.37253,1.37253,0,1.02721,2.54016,9.22605e+06,4.06077e+06,1.2663e+07,0,0,0,0
57.0421,85.139,7.64807,0.04,0.04,3.02579,3.02579,0,0.567038,4.47552,4.43944e+06,3.03805e+06,1.34328e+07,0,0,0,0,80.8192,79.791,5.14372,0,0,1.37252,1.37252,0,1.06042,2.54016,9.22605e+06,4.06077e+06,1.26629e+07,0,0,0,0
65.8488,85.139,12.5058,0.03,0.04,3.02576,3.02576,0,0.567033,4.47552,4.43944e+06,3.03805e+06,1.34327e+07,0,0,0,0,80.8192,79.791,10.8435,0,0,1.37251,1.37251,0,1.06041,2.54016,9.22605e+06,4.06077e+06,1.26628e+07,0,0,0,0
71.9588,85.139,10.1795,0.02,0.04,3.02573,3.02573,0,0.567027,4.47552,4.43944e+06,3.03805e+06,1.34325e+07,0,0,0,0,80.8192,79.791,9.70448,0,0,1.37249,1.37249,0,1.0604,2.54016,9.22605e+06,4.06077e+06,1.26627e+07,0,0,0,0
77.6686,85.139,10.0402,0.01,0.04,3.32082,3.32082,0,0.567022,4.47552,4.43944e+06,3.03805e+06,1.47426e+07,0,0,0,0,80.8192,79.791,6.17241,0,0,1.53386,1.53386,0,1.06039,2.54016,9.22605e+06,4.06077e+06,1.41514e+07,0,0,0,0
85.0265,85.139,11.618,0,0.04,3.32079,3.32079,0,0.622322,4.47552,4.43944e+06,3.03805e+06,1.47424e+07,0,0,0,0,80.8192,79.791,9.46657,0,0,1.53384,1.53384,0,1.18506,2.54016,9.22605e+06,4.06077e+06,1.41513e+07,0,0,0,0
85.139,85.139,7.48095,0,0.04,3.32076,3.32076,0,0.622317,4.47552,4.43944e+06,3.03805e+06,1.47423e+07,0,0,0,0,80.8192,79.791,9.00912,0,0,1.53383,1.53383,0,1.18505,2.54016,9.22605e+06,4.06077e+06,1.41512e+07,0,0,0,0
85.139,85.139,11.0345,0,0.04,3.32073,3.32073,0,0.622311,4.47552,4.43944e+06,3.03805e+06,1.47422e+07,0,0,0,0,80.8192,79.791,12.5941,0,0,1.53381,1.53381,0,1.18503,2.54016,9.22605e+06,4.06077e+06,1.4151e+07,0,0,0,0
85.139,85.139,8.66517,0,0.04,2.89978,2.89978,0,0.622305,4.47552,4.43944e+06,3.03805e+06,1.28734e+07,0,0,0,0,80.8192,79.791,10.6333,0,0,1.31724,1.31724,0,1.18502,2.54016,9.22605e+06,4.06077e+06,1.21529e+07,0,0,0,0
85.139,85.139,7.51385,0,0.04,2.89975,2.89975,0,0.543419,4.47552,4.43944e+06,3.03805e+06,1.28733e+07,0,0,0,0,80.8192,79.791,8.15569,0,0,1.31723,1.31723,0,1.0177,2.54016,9.22605e+06,4.06077e+06,1.21528e+07,0,0,0,0
85.139,85.139,6.87047,0,0.04,2.89973,2.89973,0,0.543414,4.47552,4.43944e+06,3.03805e+06,1.28732e+07,0,0,0,0,80.8192,79.791,6.47533,0,0,1.31722,1.31722,0,1.01769,2.54016,9.22605e+06,4.06077e+06,1.21527e+07,0,0,0,0
85.139,85.139,7.40223,0,0.04,2.8997,2.8997,0,0.543409,4.47552,4.43944e+06,3.03805e+06,1.2873e+07,0,0,0,0,80.8192,79.791,7.20046,0,0,1.3172,1.3172,0,1.01768,2.54016,9.22605e+06,4.06077e+06,1.21526e+07,0,0,0,0
85.139,85.139,7.14629,0,0.04,2.89967,2.89967,0,0.543404,4.47552,4.43944e+06,3.03805e+06,1.28729e+07,0,0,0,0,80.8192,79.791,8.28369,0,0,1.31719,1.31719,0,1.01767,2.54016,9.22605e+06,4.06077e+06,1.21525e+07,0,0,0,0
85.139,85.139,10.8438,0,0.04,3.00559,3.00559,0,0.543399,4.47552,4.43944e+06,3.03805e+06,1.33431e+07,0,0,0,0,80.8192,79.791,11.4431,0,0,1.37015,1.37015,0,1.01766,2.54016,9.22605e+06,4.06077e+06,1.26411e+07,0,0,0,0
85.139,85.139,8.39084,0,0.04,3.00557,3.00557,0,0.563248,4.47552,4.43944e+06,3.03805e+06,1.3343e+07,0,0,0,0,80.8192,79.791,9.99649,0,0,1.37014,1.37014,0,1.05858,2.54016,9.22605e+06,4.06077e+06,1.2641e+07,0,0,0,0
85.139,85.139,6.5562,0,0.04,3.00554,3.00554,0,0.563243,4.47552,4.43944e+06,3.03805e+06,1.33429e+07,0,0,0,0,80.8192,79.791,8.14486,0,0,1.37013,1.37013,0,1.05857,2.54016,9.22605e+06,4.06077e+06,1.26409e+07,0,0,0,0
85.139,85.139,6.38547,0,0.04,3.00551,3.00551,0,0.563238,4.47552,4.43944e+06,3.03805e+06,1.33428e+07,0,0,0,0,80.8192,79.791,7.56753,0,0,1.37012,1.37012,0,1.05856,2.54016,9.22605e+06,4.06077e+06,1.26408e+07,0,0,0,0
85.139,85.139,5.01765,0,0.04,2.96406,2.96406,0,0.563233,4.47552,4.43944e+06,3.03805e+06,1.31588e+07,0,0,0,0,80.8192,79.791,6.10218,0,0,1.34953,1.34953,0,1.05855,2.54016,9.22605e+06,4.06077e+06,1.24508e+07,0,0,0,0
85.139,85.139,6.01382,0,0.04,2.96403,2.96403,0,0.555465,4.47552,4.43944e+06,3.03805e+06,1.31586e+07,0,0,0,0,80.8192,79.791,7.11647,0,0,1.34952,1.34952,0,1.04265,2.54016,9.22605e+06,4.06077e+06,1.24507e+07,0,0,0,0
85.139,85.139,5.09382,0,0.04,2.964,2.964,0,0.55546,4.47552,4.43944e+06,3.03805e+06,1.31585e+07,0,0,0,0,80.8192,79.791,6.76661,0,0,1.3495,1.3495,0,1.04264,2.54016,9.22605e+06,4.06077e+06,1.24506e+07,0,0,0,0
85.139,85.139,4.47467,0,0.04,2.96398,2.96398,0,0.555454,4.47552,4.43944e+06,3.03805e+06,1.31584e+07,0,0,0,0,80.8192,79.791,6.40469,0,0,1.34949,1.34949,0,1.04263,2.54016,9.22605e+06,4.06077e+06,1.24505e+07,0,0,0,0
85.139,85.139,4.41128,0,0.04,3.10455,3.10455,0,0.555449,4.47552,4.43944e+06,3.03805e+06,1.37825e+07,0,0,0,0,80.8192,79.791,5.179,0,0,1.42244,1.42244,0,1.04262,2.54016,9.22605e+06,4.06077e+06,1.31235e+07,0,0,0,0
85.139,85.139,4.15002,0,0.04,3.10452,3.10452,0,0.581793,4.47552,4.43944e+06,3.03805e+06,1.37823e+07,0,0,0,0,80.8192,79.791,4.75039,0,0,1.42243,1.42243,0,1.09898,2.54016,9.22605e+06,4.06077e+06,1.31234e+07,0,0,0,0
85.139,85.139,3.84387,0,0.04,3.10449,3.10449,0,0.581787,4.47552,4.43944e+06,3.03805e+06,1.37822e+07,0,0,0,0,80.8192,79.791,4.52325,0,0,1.42241,1.42241,0,1.09897,2.54016,9.22605e+06,4.06077e+06,1.31233e+07,0,0,0,0
85.139,85.139,3.67215,0,0.04,3.10446,3.10446,0,0.581782,4.47552,4.43944e+06,3.03805e+06,1.37821e+07,0,0,0,0,80.8192,79.791,4.35026,0,0,1.4224,1.4224,0,1.09896,2.54016,9.22605e+06,4.06077e+06,1.31231e+07,0,0,0,0
84.9893,85.139,3.20334,0,0.04,3.10444,3.10444,0,0.581777,4.47552,4.43944e+06,3.03805e+06,1.37819e+07,0,0,0,0,80.8192,79.791,3.57864,0,0,1.42239,1.42239,0,1.09895,2.54016,9.22605e+06,4.06077e+06,1.3123e+07,0,0,0,0
84.5159,85.139,2.81571,0,0.04,3.0766,3.0766,0,0.581771,4.47552,4.43944e+06,3.03805e+06,1.36584e+07,0,0,0,0,80.8192,79.791,3.17128,0,0,1.46247,1.46247,0,1.09894,2.54016,9.22605e+06,4.06077e+06,1.34928e+07,0,0,0,0
83.8629,85.139,2.61952,0.01,0.04,3.07657,3.07657,0,0.576555,4.47552,4.43944e+06,3.03805e+06,1.36583e+07,0,0,0,0,80.8192,79.791,3.13571,0,0,1.46246,1.46246,0,1.12991,2.54016,9.22605e+06,4.06077e+06,1.34927e+07,0,0,0,0
83.1735,85.139,2.56229,0.01,0.04,3.07655,3.07655,0,0.57655,4.47552,4.43944e+06,3.03805e+06,1.36581e+07,0,0,0,0,80.8192,79.791,2.9708,0,0,1.46244,1.46244,0,1.1299,2.54016,9.22605e+06,4.06077e+06,1.34926e+07,0,0,0,0
82.3082,85.139,2.3754,0.01,0.04,3.07652,3.07652,0,0.576545,4.47552,4.43944e+06,3.03805e+06,1.3658e+07,0,0,0,0,80.8192,79.791,2.83824,0,0,1.46243,1.46243,0,1.12988,2.54016,9.22605e+06,4.06077e+06,1.34925e+07,0,0,0,0
81.4269,85.139,2.38553,0.01,0.04,3.14829,3.14829,0,0.576539,4.47552,4.43944e+06,3.03805e+06,1.39766e+07,0,0,0,0,80.8192,79.791,2.95002,0,0,1.49815,1.49815,0,1.12987,2.54016,9.22605e+06,4.06077e+06,1.3822e+07,0,0,0,0
80.5719,85.139,2.44808,0.01,0.04,3.14826,3.14826,0,0.589989,4.47552,4.43944e+06,3.03805e+06,1.39765e+07,0,0,0,0,80.8192,79.791,3.15553,0,0,1.49814,1.49814,0,1.15747,2.54016,9.22605e+06,4.06077e+06,1.38219e+07,0,0,0,0
79.5798,85.139,2.26567,0.01,0.04,3.14823,3.14823,0,0.589984,4.47552,4.43944e+06,3.03805e+06,1.39764e+07,0,0,0,0,80.8192,79.791,3.03518,0,0,1.49812,1.49812,0,1.15746,2.54016,9.22605e+06,4.06077e+06,1.38218e+07,0,0,0,0
78.4062,85.139,2.06294,0.01,0.04,3.1482,3.1482,0,0.589978,4.47552,4.43944e+06,3.03805e+06,1.39762e+07,0,0,0,0,80.8192,79.791,2.6651,0,0,1.49811,1.49811,0,1.15745,2.54016,9.22605e+06,4.06077e+06,1.38217e+07,0,0,0,0
77.0022,85.139,2.00403,0.01,0.04,3.35842,3.35842,0,0.589973,4.47552,4.43944e+06,3.03805e+06,1.49095e+07,0,0,0,0,80.8192,79.791,3.70392,0,0,1.62708,1.62708,0,1.15744,2.54016,9.22605e+06,4.06077e+06,1.50115e+07,0,0,0,0
75.2391,85.139,1.61808,0.01,0.04,3.35839,3.35839,0,0.629369,4.47552,4.43944e+06,3.03805e+06,1.49094e+07,0,0,0,0,80.8192,79.791,3.20166,0,0,1.62706,1.62706,0,1.25708,2.54016,9.22605e+06,4.06077e+06,1.50114e+07,0,0,0,0
73.6708,85.139,1.7974,0.02,0.04,3.35836,3.35836,0,0.629363,4.47552,4.43944e+06,3.03805e+06,1.49092e+07,0,0,0,0,80.8192,79.791,3.30092,0,0,1.62705,1.62705,0,1.25707,2.54016,9.22605e+06,4.06077e+06,1.50112e+07,0,0,0,0
73.105,85.139,2.88383,0.02,0.04,3.35833,3.35833,0,0.629357,4.47552,4.43944e+06,3.03805e+06,1.49091e+07,0,0,0,0,80.8192,79.791,3.98591,0,0,1.62703,1.62703,0,1.25706,2.54016,9.22605e+06,4.06077e+06,1.50111e+07,0,0,0,0
72.7327,85.139,3.05868,0.02,0.04,3.3583,3.3583,0,0.629351,4.47552,4.43944e+06,3.03805e+06,1.4909e+07,0,0,0,0,80.8192,79.791,3.64872,0,0,1.62702,1.62702,0,1.25704,2.54016,9.22605e+06,4.06077e+06,1.50109e+07,0,0,0,0
70.9891,85.139,1.58928,0.02,0.04,3.2558,3.2558,0,0.629345,4.47552,4.43944e+06,3.03805e+06,1.44539e+07,0,0,0,0,80.6718,79.791,2.29618,0,0,1.54872,1.54872,0,1.25703,2.54016,9.22605e+06,4.06077e+06,1.42886e+07,0,0,0,0
69.6098,85.139,1.95941,0.02,0.04,3.25577,3.25577,0,0.610138,4.47552,4.43944e+06,3.03805e+06,1.44538e+07,0,0,0,0,80.6892,79.791,3.28102,0,0,1.54871,1.54871,0,1.19654,2.54016,9.22605e+06,4.06077e+06,1.42884e+07,0,0,0,0
67.9153,85.139,1.60214,0.02,0.04,3.25574,3.25574,0,0.610132,4.47552,4.43944e+06,3.03805e+06,1.44537e+07,0,0,0,0,80.8192,79.791,4.56898,0,0,1.54869,1.54869,0,1.19653,2.54016,9.22605e+06,4.06077e+06,1.42883e+07,0,0,0,0
69.9836,85.139,5.65101,0.02,0.04,3.25571,3.25571,0,0.610127,4.47552,4.43944e+06,3.03805e+06,1.44535e+07,0,0,0,0,80.8192,79.791,10.6314,0,0,1.54868,1.54868,0,1.19652,2.54016,9.22605e+06,4.06077e+06,1.42882e+07,0,0,0,0
70.2749,85.139,3.94886,0.02,0.04,3.17158,3.17158,0,0.610121,4.47552,4.43944e+06,3.03805e+06,1.408e+07,0,0,0,0,80.8192,79.791,7.23632,0,0,1.47741,1.47741,0,1.19651,2.54016,9.22605e+06,4.06077e+06,1.36306e+07,0,0,0,0
70.2713,85.139,3.42842,0.02,0.04,3.17155,3.17155,0,0.594354,4.47552,4.43944e+06,3.03805e+06,1.40799e+07,0,0,0,0,80.8192,79.791,4.45984,0,0,1.47739,1.47739,0,1.14145,2.54016,9.22605e+06,4.06077e+06,1.36305e+07,0,0,0,0
70.8406,85.139,3.90641,0.02,0.04,3.17152,3.17152,0,0.594349,4.47552,4.43944e+06,3.03805e+06,1.40798e+07,0,0,0,0,80.8192,79.791,5.69873,0,0,1.47738,1.47738,0,1.14144,2.54016,9.22605e+06,4.06077e+06,1.36304e+07,0,0,0,0
