0st_vol,0capacity,0net_inf,0st_rof,0lt_rof,0rest_demand,0unrest_demand,0unfulf_demand,0wastewater,0treat_capacity,0agg_price,0res_price,0gross_rev,0drought_cost,0cont_contrib,0debt_serv,0infra_npv,1st_vol,1capacity,1net_inf,1st_rof,1lt_rof,1rest_demand,1unrest_demand,1unfulf_demand,1wastewater,1treat_capacity,1agg_price,1res_price,1gross_rev,1drought_cost,1cont_contrib,1debt_serv,1infra_npv
85.1408,85.1408,5.86401,0,0,2.46977,2.46977,0,0,4.6872,4.54919e+06,3.11316e+06,1.12355e+07,0,334583,0,0,62.338,61.3098,4.31612,0,0,1.12031,1.12031,0,0,1.90512,9.45415e+06,4.16116e+06,1.05915e+07,0,313433,0,0
85.1408,85.1408,7.47377,0,0,2.47062,2.47062,0,0.462835,4.6872,4.54919e+06,3.11316e+06,1.12393e+07,0,334699,0,0,62.338,61.3098,4.41299,0,0,1.12069,1.12069,0,0.865549,1.90512,9.45415e+06,4.16116e+06,1.05952e+07,0,313541,0,0
85.1408,85.1408,4.97989,0,0,2.47148,2.47148,0,0.462995,4.6872,4.54919e+06,3.11316e+06,1.12432e+07,0,334814,0,0,62.338,61.3098,2.87787,0,0,1.12108,1.12108,0,0.865847,1.90512,9.45415e+06,4.16116e+06,1.05988e+07,0,313649,0,0
85.1408,85.1408,4.76858,0,0,2.47233,2.47233,0,0.463155,4.6872,4.54919e+06,3.11316e+06,1.12471e+07,0,334929,0,0,62.338,61.3098,2.77934,0,0,1.12147,1.12147,0,0.866146,1.90512,9.45415e+06,4.16116e+06,1.06025e+07,0,313757,0,0
85.1408,85.1408,3.77923,0,0,2.71441,2.71441,0,0.463314,4.6872,4.54919e+06,3.11316e+06,1.23484e+07,0,367724,0,0,62.338,61.3098,2.34941,0,0,1.25376,1.25376,0,0.866444,1.90512,9.45415e+06,4.16116e+06,1.18532e+07,0,350769,0,0
85.1408,85.1408,3.73137,0,0,2.71534,2.71534,0,0.50868,4.6872,4.54919e+06,3.11316e+06,1.23526e+07,0,367851,0,0,62.338,61.3098,3.1898,0,0,1.25419,1.25419,0,0.968653,1.90512,9.45415e+06,4.16116e+06,1.18573e+07,0,350890,0,0
85.1408,85.1408,4.93398,0,0,2.71628,2.71628,0,0.508855,4.6872,4.54919e+06,3.11316e+06,1.23569e+07,0,367978,0,0,62.338,61.3098,3.9773,0,0,1.25462,1.25462,0,0.968987,1.90512,9.45415e+06,4.16116e+06,1.18614e+07,0,351011,0,0
85.1408,85.1408,5.93554,0,0,2.71722,2.71722,0,0.509031,4.6872,4.54919e+06,3.11316e+06,1.23611e+07,0,368105,0,0,62.338,61.3098,3.12673,0,0,1.25505,1.25505,0,0.969321,1.90512,9.45415e+06,4.16116e+06,1.18655e+07,0,351132,0,0
85.1408,85.1408,4.23683,0,0,2.37361,2.37361,0,0.509206,4.6872,4.54919e+06,3.11316e+06,1.0798e+07,0,321556,0,0,62.338,61.3098,2.85316,0,0,1.07822,1.07822,0,0.969655,1.90512,9.45415e+06,4.16116e+06,1.01937e+07,0,301659,0,0
85.1408,85.1408,4.3846,0,0,2.37443,2.37443,0,0.444814,4.6872,4.54919e+06,3.11316e+06,1.08017e+07,0,321667,0,0,62.338,61.3098,2.93965,0,0,1.0786,1.0786,0,0.833036,1.90512,9.45415e+06,4.16116e+06,1.01972e+07,0,301763,0,0
85.1408,85.1408,4.4595,0,0,2.37524,2.37524,0,0.444968,4.6872,4.54919e+06,3.11316e+06,1.08054e+07,0,321777,0,0,62.338,61.3098,2.91952,0,0,1.07897,1.07897,0,0.833323,1.90512,9.45415e+06,4.16116e+06,1.02007e+07,0,301867,0,0
85.1408,85.1408,4.06509,0,0,2.37606,2.37606,0,0.445121,4.6872,4.54919e+06,3.11316e+06,1.08092e+07,0,321888,0,0,62.338,61.3098,3.05434,0,0,1.07934,1.07934,0,0.83361,1.90512,9.45415e+06,4.16116e+06,1.02042e+07,0,301971,0,0
85.1408,85.1408,5.73152,0,0,2.37688,2.37688,0,0.445274,4.6872,4.54919e+06,3.11316e+06,1.08129e+07,0,321999,0,0,62.338,61.3098,3.20574,0,0,1.07971,1.07971,0,0.833897,1.90512,9.45415e+06,4.16116e+06,1.02077e+07,0,302075,0,0
85.1408,85.1408,4.85733,0,0,2.46458,2.46458,0,0.445428,4.6872,4.54919e+06,3.11316e+06,1.12118e+07,0,333879,0,0,62.2058,61.3098,3.41426,0,0,1.12352,1.12352,0,0.834184,1.90512,9.45415e+06,4.16116e+06,1.06219e+07,0,314332,0,0
85.1408,85.1408,3.09244,0,0,2.46543,2.46543,0,0.461862,4.6872,4.54919e+06,3.11316e+06,1.12157e+07,0,333994,0,0,61.9147,61.3098,2.19818,0,0,1.12391,1.12391,0,0.868033,1.90512,9.45415e+06,4.16116e+06,1.06256e+07,0,314440,0,0
84.5948,85.1408,2.3538,0,0,2.46627,2.46627,0,0.462021,4.6872,4.54919e+06,3.11316e+06,1.12196e+07,0,334109,0,0,61.7267,61.3098,1.74774,0,0,1.1243,1.1243,0,0.868332,1.90512,9.45415e+06,4.16116e+06,1.06293e+07,0,314549,0,0
83.9478,85.1408,2.21935,0,0,2.46712,2.46712,0,0.46218,4.6872,4.54919e+06,3.11316e+06,1.12234e+07,0,334224,0,0,62.023,61.3098,1.61724,0,0,1.12468,1.12468,0,0.868631,1.90512,9.45415e+06,4.16116e+06,1.06329e+07,0,314657,0,0
83.8897,85.1408,2.82206,0,0,2.43396,2.43396,0,0.462339,4.6872,4.54919e+06,3.11316e+06,1.10725e+07,0,329731,0,0,62.3279,61.3098,2.50224,0,0,1.10818,1.10818,0,0.86893,1.90512,9.45415e+06,4.16116e+06,1.04769e+07,0,310039,0,0
83.6932,85.1408,2.62562,0,0,2.4348,2.4348,0,0.456124,4.6872,4.54919e+06,3.11316e+06,1.10764e+07,0,329845,0,0,62.338,61.3098,2.36999,0,0,1.10856,1.10856,0,0.856176,1.90512,9.45415e+06,4.16116e+06,1.04805e+07,0,310145,0,0
83.4498,85.1408,2.52924,0,0,2.43563,2.43563,0,0.456281,4.6872,4.54919e+06,3.11316e+06,1.10802e+07,0,329958,0,0,62.338,61.3098,2.47274,0,0,1.10894,1.10894,0,0.856471,1.90512,9.45415e+06,4.16116e+06,1.04841e+07,0,310252,0,0
83.033,85.1408,2.34062,0,0,2.43647,2.43647,0,0.456438,4.6872,4.54919e+06,3.11316e+06,1.1084e+07,0,330072,0,0,62.338,61.3098,2.31156,0,0,1.10932,1.10932,0,0.856766,1.90512,9.45415e+06,4.16116e+06,1.04877e+07,0,310359,0,0
82.5221,85.1408,2.34681,0,0,2.55293,2.55293,0,0.456595,4.6872,4.54919e+06,3.11316e+06,1.16138e+07,0,345849,0,0,62.1259,61.3098,2.32879,0,0,1.1697,1.1697,0,0.857061,1.90512,9.45415e+06,4.16116e+06,1.10585e+07,0,327251,0,0
81.7254,85.1408,1.98066,0,0,2.55381,2.55381,0,0.478419,4.6872,4.54919e+06,3.11316e+06,1.16178e+07,0,345968,0,0,62.2257,61.3098,1.93523,0,0,1.1701,1.1701,0,0.903709,1.90512,9.45415e+06,4.16116e+06,1.10623e+07,0,327364,0,0
80.8562,85.1408,1.8947,0,0,2.55469,2.55469,0,0.478584,4.6872,4.54919e+06,3.11316e+06,1.16218e+07,0,346087,0,0,62.334,61.3098,1.91594,0,0,1.1705,1.1705,0,0.90402,1.90512,9.45415e+06,4.16116e+06,1.10661e+07,0,327476,0,0
79.9122,85.1408,1.81021,0,0,2.55557,2.55557,0,0.478748,4.6872,4.54919e+06,3.11316e+06,1.16258e+07,0,346206,0,0,62.2991,61.3098,2.02695,0,0,1.17091,1.17091,0,0.904331,1.90512,9.45415e+06,4.16116e+06,1.10699e+07,0,327589,0,0
78.8488,85.1408,1.70038,0,0,2.55645,2.55645,0,0.478913,4.6872,4.54919e+06,3.11316e+06,1.16298e+07,0,346325,0,0,62.338,61.3098,1.94723,0,0,1.17131,1.17131,0,0.904642,1.90512,9.45415e+06,4.16116e+06,1.10737e+07,0,327702,0,0
77.9718,85.1408,1.79516,0,0,2.53442,2.53442,0,0.479078,4.6872,4.54919e+06,3.11316e+06,1.15296e+07,0,343341,0,0,62.3311,61.3098,1.99839,0,0,1.20474,1.20474,0,0.904954,1.90512,9.45415e+06,4.16116e+06,1.13898e+07,0,337056,0,0
76.9981,85.1408,1.69316,0,0,2.53529,2.53529,0,0.47495,4.6872,4.54919e+06,3.11316e+06,1.15335e+07,0,343459,0,0,62.333,61.3098,1.87193,0,0,1.20516,1.20516,0,0.930785,1.90512,9.45415e+06,4.16116e+06,1.13937e+07,0,337172,0,0
75.8858,85.1408,1.54858,0,0,2.53616,2.53616,0,0.475114,4.6872,4.54919e+06,3.11316e+06,1.15375e+07,0,343577,0,0,62.1736,61.3098,1.86779,0,0,1.20557,1.20557,0,0.931105,1.90512,9.45415e+06,4.16116e+06,1.13977e+07,0,337288,0,0
74.6404,85.1408,1.40055,0,0,2.53704,2.53704,0,0.475277,4.6872,4.54919e+06,3.11316e+06,1.15415e+07,0,343696,0,0,62.1234,61.3098,1.66649,0,0,1.20599,1.20599,0,0.931426,1.90512,9.45415e+06,4.16116e+06,1.14016e+07,0,337404,0,0
73.476,85.1408,1.50578,0,0,2.59714,2.59714,0,0.475441,4.6872,4.54919e+06,3.11316e+06,1.18149e+07,0,351838,0,0,62.1088,61.3098,1.71592,0,0,1.23588,1.23588,0,0.931746,1.90512,9.45415e+06,4.16116e+06,1.16842e+07,0,345767,0,0
72.361,85.1408,1.5429,0,0,2.59803,2.59803,0,0.486704,4.6872,4.54919e+06,3.11316e+06,1.18189e+07,0,351959,0,0,62.0809,61.3098,1.79981,0,0,1.23631,1.23631,0,0.954842,1.90512,9.45415e+06,4.16116e+06,1.16882e+07,0,345886,0,0
71.0844,85.1408,1.37,0,0,2.59893,2.59893,0,0.486871,4.6872,4.54919e+06,3.11316e+06,1.1823e+07,0,352080,0,0,61.9255,61.3098,1.70222,0,0,1.23673,1.23673,0,0.95517,1.90512,9.45415e+06,4.16116e+06,1.16922e+07,0,346005,0,0
69.7049,85.1408,1.25432,0,0,2.59982,2.59982,0,0.487039,4.6872,4.54919e+06,3.11316e+06,1.18271e+07,0,352201,0,0,61.7268,61.3098,1.59127,0,0,1.23716,1.23716,0,0.955499,1.90512,9.45415e+06,4.16116e+06,1.16963e+07,0,346124,0,0
68.0292,85.1408,1.07674,0,0,2.7744,2.7744,0,0.487206,4.6872,4.54919e+06,3.11316e+06,1.26213e+07,0,375852,0,0,61.3293,61.3098,1.5435,0,0,1.34413,1.34413,0,0.955827,1.90512,9.45415e+06,4.16116e+06,1.27076e+07,0,376053,0,0
66.1813,85.1408,0.907075,0,0,2.77536,2.77536,0,0.519923,4.6872,4.54919e+06,3.11316e+06,1.26256e+07,0,375981,0,0,60.8316,61.3098,1.39826,0,0,1.34459,1.34459,0,1.03848,1.90512,9.45415e+06,4.16116e+06,1.2712e+07,0,376183,0,0
64.3026,85.1408,0.855328,0,0,2.77631,2.77631,0,0.520102,4.6872,4.54919e+06,3.11316e+06,1.263e+07,0,376110,0,0,60.4295,61.3098,1.30391,0,0,1.34506,1.34506,0,1.03883,1.90512,9.45415e+06,4.16116e+06,1.27164e+07,0,376312,0,0
62.7476,85.1408,1.16593,0,0,2.77726,2.77726,0,0.520281,4.6872,4.54919e+06,3.11316e+06,1.26343e+07,0,376240,0,0,60.2003,61.3098,1.46979,0,0,1.34552,1.34552,0,1.03919,1.90512,9.45415e+06,4.16116e+06,1.27207e+07,0,376441,0,0
61.6913,85.1408,1.70879,0,0,2.77822,2.77822,0,0.520459,4.6872,4.54919e+06,3.11316e+06,1.26387e+07,0,376369,0,0,59.9752,61.3098,1.73647,0,0,1.34598,1.34598,0,1.03955,1.90512,9.45415e+06,4.16116e+06,1.27251e+07,0,376570,0,0
60.9997,85.1408,2.00907,0,0,2.69438,2.69438,0,0.520638,4.6872,4.54919e+06,3.11316e+06,1.22572e+07,0,365011,0,0,60.1263,61.3098,1.66853,0,0,1.28166,1.28166,0,1.03991,1.90512,9.45415e+06,4.16116e+06,1.2117e+07,0,358575,0,0
60.188,85.1408,1.87113,0,0,2.6953,2.6953,0,0.504926,4.6872,4.54919e+06,3.11316e+06,1.22615e+07,0,365136,0,0,60.4425,61.3098,2.6731,0,0,1.2821,1.2821,0,0.990211,1.90512,9.45415e+06,4.16116e+06,1.21212e+07,0,358698,0,0
59.1722,85.1408,1.6606,0,0,2.69623,2.69623,0,0.5051,4.6872,4.54919e+06,3.11316e+06,1.22657e+07,0,365262,0,0,60.2555,61.3098,1.63538,0,0,1.28254,1.28254,0,0.990551,1.90512,9.45415e+06,4.16116e+06,1.21253e+07,0,358822,0,0
57.8906,85.1408,1.37898,0.02,0,2.69716,2.69716,0,0.505273,4.6872,4.54919e+06,3.11316e+06,1.22699e+07,0,365387,0,0,60.2039,61.3098,1.44984,0,0,1.28298,1.28298,0,0.990891,1.90512,9.45415e+06,4.16116e+06,1.21295e+07,0,358945,0,0
57.4872,85.1408,2.25006,0.02,0,2.62838,2.62838,0,0.505447,4.6872,4.54919e+06,3.11316e+06,1.1957e+07,0,356071,0,0,60.3793,61.3098,1.73865,0,0,1.22437,1.22437,0,0.991232,1.90512,9.45415e+06,4.16116e+06,1.15754e+07,0,342547,0,0
58.5731,85.1408,3.79691,0.02,0,2.62929,2.62929,0,0.492559,4.6872,4.54919e+06,3.11316e+06,1.19611e+07,0,356193,0,0,60.7176,61.3098,2.03518,0,0,1.22479,1.22479,0,0.94595,1.90512,9.45415e+06,4.16116e+06,1.15794e+07,0,342665,0,0
61.5232,85.1408,5.68873,0.01,0,2.63019,2.63019,0,0.492728,4.6872,4.54919e+06,3.11316e+06,1.19652e+07,0,356315,0,0,61.7145,61.3098,3.78468,0,0,1.22521,1.22521,0,0.946275,1.90512,9.45415e+06,4.16116e+06,1.15834e+07,0,342783,0,0
62.325,85.1408,3.55555,0,0,2.63109,2.63109,0,0.492898,4.6872,4.54919e+06,3.11316e+06,1.19694e+07,0,356437,0,0,62.2479,61.3098,2.8739,0,0,1.22563,1.22563,0,0.9466,1.90512,9.45415e+06,4.16116e+06,1.15873e+07,0,342901,0,0
66.4221,85.1408,6.93954,0,0,2.43378,2.43378,0,0.493067,4.6872,4.54919e+06,3.11316e+06,1.10717e+07,0,329707,0,0,62.338,61.3098,2.97555,0,0,1.1029,1.1029,0,0.946925,1.90512,9.45415e+06,4.16116e+06,1.0427e+07,0,308563,0,0
69.9739,85.1408,6.40118,0,0,2.43461,2.43461,0,0.45609,4.6872,4.54919e+06,3.11316e+06,1.10755e+07,0,329820,0,0,62.338,61.3098,2.34318,0,0,1.10328,1.10328,0,0.852102,1.90512,9.45415e+06,4.16116e+06,1.04306e+07,0,308669,0,0
78.6878,85.1408,11.7271,0,0,2.43545,2.43545,0,0.456246,4.6872,4.54919e+06,3.11316e+06,1.10793e+07,0,329933,0,0,62.338,61.3098,5.09477,0,0,1.10366,1.10366,0,0.852395,1.90512,9.45415e+06,4.16116e+06,1.04342e+07,0,308775,0,0
82.6493,85.1408,7.02355,0,0,2.43628,2.43628,0,0.456403,4.6872,4.54919e+06,3.11316e+06,1.10831e+07,0,330047,0,0,62.338,61.3098,2.53387,0,0,1.10404,1.10404,0,0.852687,1.90512,9.45415e+06,4.16116e+06,1.04377e+07,0,308881,0,0
85.1408,85.1408,7.28155,0,0,2.43712,2.43712,0,0.45656,4.6872,4.54919e+06,3.11316e+06,1.10869e+07,0,330160,0,0,62.338,61.3098,2.50746,0,0,1.10442,1.10442,0,0.85298,1.90512,9.45415e+06,4.16116e+06,1.04413e+07,0,308987,0,0
85.1408,85.1408,5.24673,0,0,2.51432,2.51432,0,0.456716,4.6872,4.54919e+06,3.11316e+06,1.14381e+07,0,340618,0,0,62.338,61.3098,4.28404,0,0,1.14051,1.14051,0,0.853273,1.90512,9.45415e+06,4.16116e+06,1.07826e+07,0,319085,0,0
85.1408,85.1408,4.49601,0,0,2.51515,2.51515,0,0.471183,4.6872,4.54919e+06,3.11316e+06,1.14419e+07,0,340731,0,0,62.338,61.3098,3.97785,0,0,1.14089,1.14089,0,0.881159,1.90512,9.45415e+06,4.16116e+06,1.07862e+07,0,319191,0,0
85.1408,85.1408,4.40996,0,0,2.51599,2.51599,0,0.471339,4.6872,4.54919e+06,3.11316e+06,1.14457e+07,0,340844,0,0,62.338,61.3098,4.04358,0,0,1.14127,1.14127,0,0.881452,1.90512,9.45415e+06,4.16116e+06,1.07897e+07,0,319298,0,0
85.1408,85.1408,4.40534,0,0,2.51682,2.51682,0,0.471496,4.6872,4.54919e+06,3.11316e+06,1.14495e+07,0,340957,0,0,62.338,61.3098,3.8796,0,0,1.14165,1.14165,0,0.881745,1.90512,9.45415e+06,4.16116e+06,1.07933e+07,0,319404,0,0
85.1408,85.1408,4.28895,0,0,2.76323,2.76323,0,0.471653,4.6872,4.54919e+06,3.11316e+06,1.25705e+07,0,374338,0,0,62.338,61.3098,3.99239,0,0,1.27631,1.27631,0,0.882038,1.90512,9.45415e+06,4.16116e+06,1.20664e+07,0,357078,0,0
85.0627,85.1408,3.09981,0,0,2.76415,2.76415,0,0.517829,4.6872,4.54919e+06,3.11316e+06,1.25746e+07,0,374463,0,0,62.338,61.3098,3.94053,0,0,1.27673,1.27673,0,0.986075,1.90512,9.45415e+06,4.16116e+06,1.20704e+07,0,357196,0,0
84.5649,85.1408,2.65906,0,0,2.76507,2.76507,0,0.518001,4.6872,4.54919e+06,3.11316e+06,1.25788e+07,0,374587,0,0,62.338,61.3098,2.8143,0,0,1.27716,1.27716,0,0.986403,1.90512,9.45415e+06,4.16116e+06,1.20744e+07,0,357315,0,0
85.1408,85.1408,4.75688,0,0,2.76599,2.76599,0,0.518173,4.6872,4.54919e+06,3.11316e+06,1.2583e+07,0,374712,0,0,62.338,61.3098,3.91356,0,0,1.27758,1.27758,0,0.986731,1.90512,9.45415e+06,4.16116e+06,1.20784e+07,0,357434,0,0
85.1408,85.1408,4.74175,0,0,2.41618,2.41618,0,0.518346,4.6872,4.54919e+06,3.11316e+06,1.09917e+07,0,327323,0,0,62.338,61.3098,3.87181,0,0,1.09756,1.09756,0,0.987059,1.90512,9.45415e+06,4.16116e+06,1.03765e+07,0,307069,0,0
85.1408,85.1408,5.58496,0,0,2.41699,2.41699,0,0.452793,4.6872,4.54919e+06,3.11316e+06,1.09953e+07,0,327432,0,0,62.338,61.3098,6.71614,0,0,1.09793,1.09793,0,0.847977,1.90512,9.45415e+06,4.16116e+06,1.038e+07,0,307171,0,0
85.1408,85.1408,4.82966,0,0,2.41779,2.41779,0,0.452943,4.6872,4.54919e+06,3.11316e+06,1.0999e+07,0,327541,0,0,62.338,61.3098,4.43185,0,0,1.09829,1.09829,0,0.848259,1.90512,9.45415e+06,4.16116e+06,1.03834e+07,0,307274,0,0
85.1408,85.1408,4.46795,0,0,2.41859,2.41859,0,0.453094,4.6872,4.54919e+06,3.11316e+06,1.10026e+07,0,327650,0,0,62.338,61.3098,4.09575,0,0,1.09866,1.09866,0,0.848541,1.90512,9.45415e+06,4.16116e+06,1.03869e+07,0,307376,0,0
85.1408,85.1408,4.42765,0,0,2.4194,2.4194,0,0.453244,4.6872,4.54919e+06,3.11316e+06,1.10063e+07,0,327759,0,0,62.338,61.3098,4.55301,0,0,1.09902,1.09902,0,0.848822,1.90512,9.45415e+06,4.16116e+06,1.03903e+07,0,307478,0,0
85.1408,85.1408,5.33411,0,0,2.50863,2.50863,0,0.453395,4.6872,4.54919e+06,3.11316e+06,1.14122e+07,0,339847,0,0,62.338,61.3098,4.27165,0,0,1.1436,1.1436,0,0.849105,1.90512,9.45415e+06,4.16116e+06,1.08118e+07,0,319951,0,0
85.1408,85.1408,7.1337,0,0,2.50946,2.50946,0,0.470117,4.6872,4.54919e+06,3.11316e+06,1.1416e+07,0,339960,0,0,62.338,61.3098,5.84943,0,0,1.14398,1.14398,0,0.883548,1.90512,9.45415e+06,4.16116e+06,1.08154e+07,0,320057,0,0
85.1408,85.1408,5.03861,0,0,2.5103,2.5103,0,0.470273,4.6872,4.54919e+06,3.11316e+06,1.14198e+07,0,340073,0,0,62.338,61.3098,3.9038,0,0,1.14436,1.14436,0,0.883842,1.90512,9.45415e+06,4.16116e+06,1.0819e+07,0,320163,0,0
85.1408,85.1408,4.38414,0,0,2.51113,2.51113,0,0.470429,4.6872,4.54919e+06,3.11316e+06,1.14236e+07,0,340186,0,0,62.338,61.3098,3.25793,0,0,1.14474,1.14474,0,0.884135,1.90512,9.45415e+06,4.16116e+06,1.08226e+07,0,320270,0,0
85.1408,85.1408,4.08345,0,0,2.47734,2.47734,0,0.470586,4.6872,4.54919e+06,3.11316e+06,1.12699e+07,0,335609,0,0,62.338,61.3098,3.13351,0,0,1.12793,1.12793,0,0.884429,1.90512,9.45415e+06,4.16116e+06,1.06636e+07,0,315565,0,0
85.1408,85.1408,3.52544,0,0,2.47816,2.47816,0,0.464254,4.6872,4.54919e+06,3.11316e+06,1.12736e+07,0,335720,0,0,62.338,61.3098,2.60815,0,0,1.1283,1.1283,0,0.871437,1.90512,9.45415e+06,4.16116e+06,1.06671e+07,0,315670,0,0
85.1408,85.1408,3.21042,0,0,2.47899,2.47899,0,0.464408,4.6872,4.54919e+06,3.11316e+06,1.12774e+07,0,335832,0,0,62.338,61.3098,2.32869,0,0,1.12868,1.12868,0,0.871727,1.90512,9.45415e+06,4.16116e+06,1.06707e+07,0,315775,0,0
85.1408,85.1408,3.12872,0,0,2.47981,2.47981,0,0.464562,4.6872,4.54919e+06,3.11316e+06,1.12811e+07,0,335943,0,0,62.338,61.3098,2.54019,0,0,1.12905,1.12905,0,0.872016,1.90512,9.45415e+06,4.16116e+06,1.06742e+07,0,315879,0,0
85.0737,85.1408,2.81028,0,0,2.59831,2.59831,0,0.464716,4.6872,4.54919e+06,3.11316e+06,1.18202e+07,0,351996,0,0,62.338,61.3098,2.23535,0,0,1.19049,1.19049,0,0.872306,1.90512,9.45415e+06,4.16116e+06,1.12551e+07,0,333068,0,0
84.8816,85.1408,2.6645,0,0,2.59917,2.59917,0,0.486923,4.6872,4.54919e+06,3.11316e+06,1.18241e+07,0,352113,0,0,62.338,61.3098,2.2099,0,0,1.19088,1.19088,0,0.919772,1.90512,9.45415e+06,4.16116e+06,1.12588e+07,0,333179,0,0
84.6112,85.1408,2.57864,0,0,2.60003,2.60003,0,0.487084,4.6872,4.54919e+06,3.11316e+06,1.18281e+07,0,352230,0,0,62.338,61.3098,2.18063,0,0,1.19128,1.19128,0,0.920078,1.90512,9.45415e+06,4.16116e+06,1.12625e+07,0,333289,0,0
84.1864,85.1408,2.41503,0,0,2.6009,2.6009,0,0.487246,4.6872,4.54919e+06,3.11316e+06,1.1832e+07,0,352347,0,0,62.338,61.3098,1.99121,0,0,1.19168,1.19168,0,0.920383,1.90512,9.45415e+06,4.16116e+06,1.12663e+07,0,333400,0,0
83.6836,85.1408,2.2784,0,0,2.60176,2.60176,0,0.487408,4.6872,4.54919e+06,3.11316e+06,1.18359e+07,0,352464,0,0,62.338,61.3098,2.01661,0,0,1.19207,1.19207,0,0.920689,1.90512,9.45415e+06,4.16116e+06,1.127e+07,0,333510,0,0
82.5707,85.1408,1.62806,0,0,2.57931,2.57931,0,0.48757,4.6872,4.54919e+06,3.11316e+06,1.17338e+07,0,349423,0,0,62.338,61.3098,2.10997,0,0,1.22608,1.22608,0,0.920994,1.90512,9.45415e+06,4.16116e+06,1.15916e+07,0,343026,0,0
81.3267,85.1408,1.49081,0,0,2.58017,2.58017,0,0.483363,4.6872,4.54919e+06,3.11316e+06,1.17377e+07,0,349539,0,0,62.338,61.3098,2.10601,0,0,1.22649,1.22649,0,0.947272,1.90512,9.45415e+06,4.16116e+06,1.15954e+07,0,343140,0,0
79.9568,85.1408,1.34817,0,0,2.58102,2.58102,0,0.483524,4.6872,4.54919e+06,3.11316e+06,1.17416e+07,0,349655,0,0,62.338,61.3098,1.87596,0,0,1.2269,1.2269,0,0.947587,1.90512,9.45415e+06,4.16116e+06,1.15993e+07,0,343254,0,0
78.5621,85.1408,1.28017,0,0,2.58188,2.58188,0,0.483684,4.6872,4.54919e+06,3.11316e+06,1.17455e+07,0,349771,0,0,62.1819,61.3098,1.8525,0,0,1.2273,1.2273,0,0.947901,1.90512,9.45415e+06,4.16116e+06,1.16031e+07,0,343368,0,0
76.9913,85.1408,1.13587,0,0,2.64301,2.64301,0,0.483845,4.6872,4.54919e+06,3.11316e+06,1.20236e+07,0,358052,0,0,62.1291,61.3098,1.61114,0,0,1.25771,1.25771,0,0.948215,1.90512,9.45415e+06,4.16116e+06,1.18906e+07,0,351875,0,0
75.5765,85.1408,1.30798,0,0,2.64389,2.64389,0,0.495301,4.6872,4.54919e+06,3.11316e+06,1.20276e+07,0,358171,0,0,62.2225,61.3098,1.92084,0,0,1.25813,1.25813,0,0.971708,1.90512,9.45415e+06,4.16116e+06,1.18945e+07,0,351992,0,0
74.061,85.1408,1.18064,0,0,2.64477,2.64477,0,0.495465,4.6872,4.54919e+06,3.11316e+06,1.20316e+07,0,358290,0,0,62.0603,61.3098,1.83788,0,0,1.25855,1.25855,0,0.97203,1.90512,9.45415e+06,4.16116e+06,1.18985e+07,0,352108,0,0
72.4548,85.1408,1.07554,0,0,2.64564,2.64564,0,0.495629,4.6872,4.54919e+06,3.11316e+06,1.20355e+07,0,358409,0,0,62.0062,61.3098,1.59689,0,0,1.25896,1.25896,0,0.972353,1.90512,9.45415e+06,4.16116e+06,1.19024e+07,0,352225,0,0
70.785,85.1408,1.13686,0,0,2.82327,2.82327,0,0.495794,4.6872,4.54919e+06,3.11316e+06,1.28436e+07,0,382472,0,0,61.4102,61.3098,1.88718,0,0,1.36781,1.36781,0,0.972675,1.90512,9.45415e+06,4.16116e+06,1.29315e+07,0,382677,0,0
68.9268,85.1408,0.936209,0,0,2.82421,2.82421,0,0.529081,4.6872,4.54919e+06,3.11316e+06,1.28479e+07,0,382599,0,0,61.0528,61.3098,1.24653,0,0,1.36826,1.36826,0,1.05677,1.90512,9.45415e+06,4.16116e+06,1.29358e+07,0,382804,0,0
67.0237,85.1408,0.877264,0,0,2.82514,2.82514,0,0.529257,4.6872,4.54919e+06,3.11316e+06,1.28521e+07,0,382726,0,0,60.8514,61.3098,1.54757,0,0,1.36872,1.36872,0,1.05712,1.90512,9.45415e+06,4.16116e+06,1.294e+07,0,382931,0,0
65.0872,85.1408,0.830135,0,0,2.82608,2.82608,0,0.529432,4.6872,4.54919e+06,3.11316e+06,1.28564e+07,0,382853,0,0,60.6151,61.3098,1.6755,0,0,1.36917,1.36917,0,1.05747,1.90512,9.45415e+06,4.16116e+06,1.29443e+07,0,383058,0,0
63.147,85.1408,0.806162,0.01,0,2.82702,2.82702,0,0.529608,4.6872,4.54919e+06,3.11316e+06,1.28607e+07,0,382980,0,0,60.4183,61.3098,1.65865,0,0,1.36962,1.36962,0,1.05782,1.90512,9.45415e+06,4.16116e+06,1.29486e+07,0,383185,0,0
61.8729,85.1408,1.39154,0.01,0,2.74167,2.74167,0,0.529783,4.6872,4.54919e+06,3.11316e+06,1.24724e+07,0,371418,0,0,60.4289,61.3098,1.99631,0,0,1.30416,1.30416,0,1.05817,1.90512,9.45415e+06,4.16116e+06,1.23297e+07,0,364869,0,0
60.5209,85.1408,1.38619,0,0,2.74258,2.74258,0,0.513789,4.6872,4.54919e+06,3.11316e+06,1.24765e+07,0,371541,0,0,60.5964,61.3098,2.15446,0,0,1.30459,1.30459,0,1.00759,1.90512,9.45415e+06,4.16116e+06,1.23338e+07,0,364990,0,0
59.3447,85.1408,1.579,0,0,2.74349,2.74349,0,0.51396,4.6872,4.54919e+06,3.11316e+06,1.24807e+07,0,371664,0,0,61.0417,61.3098,2.75984,0,0,1.30502,1.30502,0,1.00793,1.90512,9.45415e+06,4.16116e+06,1.23379e+07,0,365111,0,0
58.1181,85.1408,1.54804,0.02,0,2.7444,2.7444,0,0.51413,4.6872,4.54919e+06,3.11316e+06,1.24848e+07,0,371787,0,0,61.4661,61.3098,2.69283,0,0,1.30545,1.30545,0,1.00826,1.90512,9.45415e+06,4.16116e+06,1.2342e+07,0,365232,0,0
56.8233,85.1408,1.42584,0.02,0,2.67439,2.67439,0,0.5143,4.6872,4.54919e+06,3.11316e+06,1.21663e+07,0,362303,0,0,61.97,61.3098,2.73395,0,0,1.2458,1.2458,0,1.00859,1.90512,9.45415e+06,4.16116e+06,1.1778e+07,0,348543,0,0
55.2628,85.1408,1.20502,0.02,0,2.67528,2.67528,0,0.501181,4.6872,4.54919e+06,3.11316e+06,1.21703e+07,0,362423,0,0,62.1696,61.3098,1.92524,0,0,1.24622,1.24622,0,0.962507,1.90512,9.45415e+06,4.16116e+06,1.17819e+07,0,348659,0,0
53.5314,85.1408,0.993797,0.02,0,2.67616,2.67616,0,0.501347,4.6872,4.54919e+06,3.11316e+06,1.21744e+07,0,362543,0,0,62.2791,61.3098,1.94544,0,0,1.24663,1.24663,0,0.962826,1.90512,9.45415e+06,4.16116e+06,1.17858e+07,0,348774,0,0
53.2337,85.1408,2.54679,0.02,0,2.67705,2.67705,0,0.501513,4.6872,4.54919e+06,3.11316e+06,1.21784e+07,0,362663,0,0,62.338,61.3098,6.00803,0,0,1.24704,1.24704,0,0.963145,1.90512,9.45415e+06,4.16116e+06,1.17897e+07,0,348890,0,0
53.6467,85.1408,3.15462,0.02,0,2.47626,2.47626,0,0.501679,4.6872,4.54919e+06,3.11316e+06,1.1265e+07,0,335462,0,0,62.338,61.3098,5.65401,0,0,1.12215,1.12215,0,0.963464,1.90512,9.45415e+06,4.16116e+06,1.0609e+07,0,313949,0,0
55.9937,85.1408,5.25618,0.02,0,2.47708,2.47708,0,0.46405,4.6872,4.54919e+06,3.11316e+06,1.12687e+07,0,335573,0,0,62.338,61.3098,8.06375,0,0,1.12252,1.12252,0,0.866975,1.90512,9.45415e+06,4.16116e+06,1.06125e+07,0,314053,0,0
57.8699,85.1408,4.63492,0.01,0,2.4779,2.4779,0,0.464204,4.6872,4.54919e+06,3.11316e+06,1.12724e+07,0,335684,0,0,62.338,61.3098,6.83591,0,0,1.1229,1.1229,0,0.867262,1.90512,9.45415e+06,4.16116e+06,1.0616e+07,0,314157,0,0
58.5132,85.1408,3.50586,0.02,0,2.47872,2.47872,0,0.464358,4.6872,4.54919e+06,3.11316e+06,1.12762e+07,0,335795,0,0,62.338,61.3098,3.89922,0,0,1.12327,1.12327,0,0.867549,1.90512,9.45415e+06,4.16116e+06,1.06195e+07,0,314261,0,0
59.1693,85.1408,3.60702,0.01,0,2.47954,2.47954,0,0.464512,4.6872,4.54919e+06,3.11316e+06,1.12799e+07,0,335906,0,0,62.338,61.3098,3.83678,0,0,1.12364,1.12364,0,0.867836,1.90512,9.45415e+06,4.16116e+06,1.06231e+07,0,314365,0,0
59.8469,85.1408,3.49329,0.01,0,2.55805,2.55805,0,0.464666,4.6872,4.54919e+06,3.11316e+06,1.1637e+07,0,346542,0,0,62.338,61.3098,3.6117,0,0,1.16035,1.16035,0,0.868124,1.90512,9.45415e+06,4.16116e+06,1.09701e+07,0,324635,0,0
60.5532,85.1408,3.49453,0,0,2.55886,2.55886,0,0.479378,4.6872,4.54919e+06,3.11316e+06,1.16408e+07,0,346653,0,0,62.338,61.3098,3.79559,0,0,1.16072,1.16072,0,0.896484,1.90512,9.45415e+06,4.16116e+06,1.09736e+07,0,324739,0,0
64.8911,85.1408,7.40932,0,0,2.55968,2.55968,0,0.479531,4.6872,4.54919e+06,3.11316e+06,1.16445e+07,0,346764,0,0,62.338,61.3098,8.63929,0,0,1.16109,1.16109,0,0.896772,1.90512,9.45415e+06,4.16116e+06,1.09771e+07,0,324843,0,0
69.1262,85.1408,7.41585,0,0,2.5605,2.5605,0,0.479685,4.6872,4.54919e+06,3.11316e+06,1.16482e+07,0,346875,0,0,62.338,61.3098,9.85108,0,0,1.16146,1.16146,0,0.897059,1.90512,9.45415e+06,4.16116e+06,1.09806e+07,0,324947,0,0
74.5901,85.1408,9.23184,0,0,2.81115,2.81115,0,0.479838,4.6872,4.54919e+06,3.11316e+06,1.27885e+07,0,380830,0,0,62.338,61.3098,10.6533,0,0,1.29844,1.29844,0,0.897346,1.90512,9.45415e+06,4.16116e+06,1.22757e+07,0,363270,0,0
80.4231,85.1408,9.35141,0,0,2.81205,2.81205,0,0.526809,4.6872,4.54919e+06,3.11316e+06,1.27926e+07,0,380952,0,0,62.338,61.3098,11.7167,0,0,1.29886,1.29886,0,1.00318,1.90512,9.45415e+06,4.16116e+06,1.22796e+07,0,363386,0,0
84.8675,85.1408,8.01606,0,0,2.81295,2.81295,0,0.526978,4.6872,4.54919e+06,3.11316e+06,1.27966e+07,0,381074,0,0,62.338,61.3098,10.0333,0,0,1.29927,1.29927,0,1.0035,1.90512,9.45415e+06,4.16116e+06,1.22835e+07,0,363503,0,0
85.1408,85.1408,5.83722,0,0,2.81385,2.81385,0,0.527147,4.6872,4.54919e+06,3.11316e+06,1.28007e+07,0,381196,0,0,62.338,61.3098,7.27561,0,0,1.29969,1.29969,0,1.00382,1.90512,9.45415e+06,4.16116e+06,1.22874e+07,0,363619,0,0
85.1408,85.1408,7.14363,0,0,2.45796,2.45796,0,0.527315,4.6872,4.54919e+06,3.11316e+06,1.11817e+07,0,332983,0,0,62.338,61.3098,8.73725,0,0,1.11654,1.11654,0,1.00414,1.90512,9.45415e+06,4.16116e+06,1.05559e+07,0,312379,0,0
85.1408,85.1408,10.9713,0,0,2.45875,2.45875,0,0.460622,4.6872,4.54919e+06,3.11316e+06,1.11853e+07,0,333090,0,0,62.338,61.3098,12.8787,0,0,1.1169,1.1169,0,0.86264,1.90512,9.45415e+06,4.16116e+06,1.05593e+07,0,312479,0,0
85.1408,85.1408,9.98168,0,0,2.45953,2.45953,0,0.460769,4.6872,4.54919e+06,3.11316e+06,1.11889e+07,0,333196,0,0,62.338,61.3098,10.0567,0,0,1.11726,1.11726,0,0.862916,1.90512,9.45415e+06,4.16116e+06,1.05627e+07,0,312579,0,0
85.1408,85.1408,10.7538,0,0,2.46032,2.46032,0,0.460917,4.6872,4.54919e+06,3.11316e+06,1.11925e+07,0,333303,0,0,62.338,61.3098,11.2818,0,0,1.11761,1.11761,0,0.863192,1.90512,9.45415e+06,4.16116e+06,1.05661e+07,0,312679,0,0
85.1408,85.1408,9.56195,0,0,2.46111,2.46111,0,0.461064,4.6872,4.54919e+06,3.11316e+06,1.11961e+07,0,333410,0,0,62.338,61.3098,9.73741,0,0,1.11797,1.11797,0,0.863468,1.90512,9.45415e+06,4.16116e+06,1.05695e+07,0,312779,0,0
85.1408,85.1408,8.22466,0,0,2.55185,2.55185,0,0.461212,4.6872,4.54919e+06,3.11316e+06,1.16089e+07,0,345702,0,0,62.338,61.3098,9.77226,0,0,1.16331,1.16331,0,0.863744,1.90512,9.45415e+06,4.16116e+06,1.09981e+07,0,325463,0,0
85.1408,85.1408,8.62097,0,0,2.55266,2.55266,0,0.478216,4.6872,4.54919e+06,3.11316e+06,1.16126e+07,0,345813,0,0,62.338,61.3098,9.46061,0,0,1.16368,1.16368,0,0.898771,1.90512,9.45415e+06,4.16116e+06,1.10016e+07,0,325567,0,0
85.1408,85.1408,11.9545,0,0,2.55348,2.55348,0,0.478369,4.6872,4.54919e+06,3.11316e+06,1.16163e+07,0,345923,0,0,62.338,61.3098,16.9067,0,0,1.16405,1.16405,0,0.899058,1.90512,9.45415e+06,4.16116e+06,1.10051e+07,0,325671,0,0
85.1408,85.1408,8.65829,0,0,2.5543,2.5543,0,0.478522,4.6872,4.54919e+06,3.11316e+06,1.162e+07,0,346034,0,0,62.338,61.3098,10.837,0,0,1.16442,1.16442,0,0.899346,1.90512,9.45415e+06,4.16116e+06,1.10086e+07,0,325775,0,0
85.1408,85.1408,7.21493,0,0,2.5199,2.5199,0,0.478675,4.6872,4.54919e+06,3.11316e+06,1.14635e+07,0,341374,0,0,62.338,61.3098,7.75546,0,0,1.1473,1.1473,0,0.899633,1.90512,9.45415e+06,4.16116e+06,1.08468e+07,0,320986,0,0
85.1408,85.1408,6.07796,0,0,2.5207,2.5207,0,0.472229,4.6872,4.54919e+06,3.11316e+06,1.14672e+07,0,341483,0,0,62.338,61.3098,6.4028,0,0,1.14767,1.14767,0,0.886407,1.90512,9.45415e+06,4.16116e+06,1.08503e+07,0,321088,0,0
85.1408,85.1408,4.9092,0,0,2.52151,2.52151,0,0.47238,4.6872,4.54919e+06,3.11316e+06,1.14708e+07,0,341592,0,0,62.338,61.3098,6.88926,0,0,1.14804,1.14804,0,0.886691,1.90512,9.45415e+06,4.16116e+06,1.08537e+07,0,321191,0,0
85.1408,85.1408,6.35791,0,0,2.52232,2.52232,0,0.472531,4.6872,4.54919e+06,3.11316e+06,1.14745e+07,0,341701,0,0,62.338,61.3098,8.22761,0,0,1.1484,1.1484,0,0.886974,1.90512,9.45415e+06,4.16116e+06,1.08572e+07,0,321294,0,0
85.1408,85.1408,4.73124,0,0,2.64281,2.64281,0,0.472682,4.6872,4.54919e+06,3.11316e+06,1.20227e+07,0,358025,0,0,62.338,61.3098,7.21601,0,0,1.21088,1.21088,0,0.887258,1.90512,9.45415e+06,4.16116e+06,1.14478e+07,0,338773,0,0
85.1408,85.1408,4.63834,0,0,2.64366,2.64366,0,0.495263,4.6872,4.54919e+06,3.11316e+06,1.20265e+07,0,358140,0,0,62.338,61.3098,6.11293,0,0,1.21127,1.21127,0,0.935526,1.90512,9.45415e+06,4.16116e+06,1.14515e+07,0,338881,0,0
85.1408,85.1408,4.25947,0,0,2.6445,2.6445,0,0.495421,4.6872,4.54919e+06,3.11316e+06,1.20304e+07,0,358254,0,0,62.338,61.3098,5.76673,0,0,1.21165,1.21165,0,0.935825,1.90512,9.45415e+06,4.16116e+06,1.14552e+07,0,338990,0,0
85.1408,85.1408,4.05141,0,0,2.64535,2.64535,0,0.49558,4.6872,4.54919e+06,3.11316e+06,1.20342e+07,0,358369,0,0,62.338,61.3098,5.55177,0,0,1.21204,1.21204,0,0.936125,1.90512,9.45415e+06,4.16116e+06,1.14588e+07,0,339098,0,0
85.1408,85.1408,3.77578,0,0,2.64619,2.64619,0,0.495738,4.6872,4.54919e+06,3.11316e+06,1.2038e+07,0,358483,0,0,62.338,61.3098,5.31831,0,0,1.21243,1.21243,0,0.936424,1.90512,9.45415e+06,4.16116e+06,1.14625e+07,0,339206,0,0
85.1408,85.1408,4.49309,0,0,2.62333,2.62333,0,0.495896,4.6872,4.54919e+06,3.11316e+06,1.1934e+07,0,355386,0,0,62.338,61.3098,4.07177,0,0,1.24701,1.24701,0,0.936723,1.90512,9.45415e+06,4.16116e+06,1.17894e+07,0,348880,0,0
85.1408,85.1408,4.27762,0,0,2.62417,2.62417,0,0.491612,4.6872,4.54919e+06,3.11316e+06,1.19379e+07,0,355499,0,0,62.338,61.3098,3.88973,0,0,1.24741,1.24741,0,0.963438,1.90512,9.45415e+06,4.16116e+06,1.17932e+07,0,348992,0,0
85.1408,85.1408,3.86872,0,0,2.62501,2.62501,0,0.491769,4.6872,4.54919e+06,3.11316e+06,1.19417e+07,0,355613,0,0,62.338,61.3098,3.46098,0,0,1.2478,1.2478,0,0.963746,1.90512,9.45415e+06,4.16116e+06,1.17969e+07,0,349103,0,0
85.1408,85.1408,3.67603,0,0,2.62585,2.62585,0,0.491926,4.6872,4.54919e+06,3.11316e+06,1.19455e+07,0,355727,0,0,62.338,61.3098,3.4217,0,0,1.2482,1.2482,0,0.964054,1.90512,9.45415e+06,4.16116e+06,1.18007e+07,0,349215,0,0
85.1408,85.1408,3.11371,0,0,2.68799,2.68799,0,0.492083,4.6872,4.54919e+06,3.11316e+06,1.22282e+07,0,364145,0,0,62.338,61.3098,2.85657,0,0,1.27911,1.27911,0,0.964362,1.90512,9.45415e+06,4.16116e+06,1.20929e+07,0,357862,0,0
85.1408,85.1408,3.29257,0,0,2.68884,2.68884,0,0.503729,4.6872,4.54919e+06,3.11316e+06,1.22321e+07,0,364261,0,0,62.338,61.3098,2.80838,0,0,1.27952,1.27952,0,0.988242,1.90512,9.45415e+06,4.16116e+06,1.20968e+07,0,357977,0,0
85.1408,85.1408,3.01314,0,0,2.6897,2.6897,0,0.503889,4.6872,4.54919e+06,3.11316e+06,1.2236e+07,0,364377,0,0,62.338,61.3098,2.82549,0,0,1.27993,1.27993,0,0.988558,1.90512,9.45415e+06,4.16116e+06,1.21006e+07,0,358091,0,0
85.0104,85.1408,2.76415,0,0,2.69056,2.69056,0,0.50405,4.6872,4.54919e+06,3.11316e+06,1.22399e+07,0,364494,0,0,62.338,61.3098,2.45885,0,0,1.28034,1.28034,0,0.988873,1.90512,9.45415e+06,4.16116e+06,1.21045e+07,0,358205,0,0
84.8856,85.1408,2.90985,0,0,2.87117,2.87117,0,0.504211,4.6872,4.54919e+06,3.11316e+06,1.30615e+07,0,388961,0,0,62.2536,61.3098,2.92124,0,0,1.39101,1.39101,0,0.989189,1.90512,9.45415e+06,4.16116e+06,1.31509e+07,0,389169,0,0
83.8861,85.1408,2.02497,0,0,2.87209,2.87209,0,0.538057,4.6872,4.54919e+06,3.11316e+06,1.30657e+07,0,389085,0,0,61.9178,61.3098,1.53111,0,0,1.39146,1.39146,0,1.0747,1.90512,9.45415e+06,4.16116e+06,1.31551e+07,0,389294,0,0
83.081,85.1408,2.23862,0,0,2.873,2.873,0,0.538229,4.6872,4.54919e+06,3.11316e+06,1.30698e+07,0,389209,0,0,61.456,61.3098,1.89967,0,0,1.3919,1.3919,0,1.07504,1.90512,9.45415e+06,4.16116e+06,1.31593e+07,0,389418,0,0
81.8619,85.1408,1.81772,0,0,2.87392,2.87392,0,0.538401,4.6872,4.54919e+06,3.11316e+06,1.3074e+07,0,389334,0,0,61.0842,61.3098,1.3311,0,0,1.39235,1.39235,0,1.07538,1.90512,9.45415e+06,4.16116e+06,1.31635e+07,0,389542,0,0
81.0694,85.1408,2.22772,0,0,2.87484,2.87484,0,0.538573,4.6872,4.54919e+06,3.11316e+06,1.30782e+07,0,389458,0,0,60.5614,61.3098,2.46228,0,0,1.39279,1.39279,0,1.07573,1.90512,9.45415e+06,4.16116e+06,1.31677e+07,0,389667,0,0
79.4099,85.1408,1.34119,0,0,2.78801,2.78801,0,0.538745,4.6872,4.54919e+06,3.11316e+06,1.26832e+07,0,377696,0,0,60.2009,61.3098,1.24974,0,0,1.3262,1.3262,0,1.07607,1.90512,9.45415e+06,4.16116e+06,1.25381e+07,0,371036,0,0
77.555,85.1408,1.14751,0,0,2.7889,2.7889,0,0.522474,4.6872,4.54919e+06,3.11316e+06,1.26873e+07,0,377816,0,0,59.73,61.3098,1.6749,0,0,1.32662,1.32662,0,1.02462,1.90512,9.45415e+06,4.16116e+06,1.25421e+07,0,371155,0,0
75.5823,85.1408,1.01805,0,0,2.78979,2.78979,0,0.52264,4.6872,4.54919e+06,3.11316e+06,1.26913e+07,0,377937,0,0,58.8637,61.3098,1.15076,0,0,1.32705,1.32705,0,1.02495,1.90512,9.45415e+06,4.16116e+06,1.25461e+07,0,371273,0,0
73.4515,85.1408,0.837771,0,0,2.79068,2.79068,0,0.522807,4.6872,4.54919e+06,3.11316e+06,1.26954e+07,0,378057,0,0,57.9672,61.3098,0.913689,0,0,1.32747,1.32747,0,1.02528,1.90512,9.45415e+06,4.16116e+06,1.25501e+07,0,371392,0,0
71.4834,85.1408,0.990971,0,0,2.71946,2.71946,0,0.522974,4.6872,4.54919e+06,3.11316e+06,1.23714e+07,0,368409,0,0,57.6512,61.3098,0.945393,0,0,1.2668,1.2668,0,1.0256,1.90512,9.45415e+06,4.16116e+06,1.19765e+07,0,354417,0,0
69.7965,85.1408,1.30976,0,0,2.72033,2.72033,0,0.509627,4.6872,4.54919e+06,3.11316e+06,1.23753e+07,0,368526,0,0,57.7187,61.3098,1.64078,0,0,1.2672,1.2672,0,0.978728,1.90512,9.45415e+06,4.16116e+06,1.19803e+07,0,354530,0,0
69.4263,85.1408,2.79646,0,0,2.7212,2.7212,0,0.50979,4.6872,4.54919e+06,3.11316e+06,1.23792e+07,0,368644,0,0,58.3476,61.3098,3.75542,0,0,1.26761,1.26761,0,0.979041,1.90512,9.45415e+06,4.16116e+06,1.19841e+07,0,354643,0,0
68.6318,85.1408,2.23309,0,0,2.72206,2.72206,0,0.509952,4.6872,4.54919e+06,3.11316e+06,1.23832e+07,0,368762,0,0,58.7607,61.3098,2.75803,0,0,1.26801,1.26801,0,0.979353,1.90512,9.45415e+06,4.16116e+06,1.1988e+07,0,354756,0,0
67.3985,85.1408,1.58624,0,0,2.51786,2.51786,0,0.510115,4.6872,4.54919e+06,3.11316e+06,1.14543e+07,0,341098,0,0,59.0037,61.3098,2.62085,0,0,1.14101,1.14101,0,0.979665,1.90512,9.45415e+06,4.16116e+06,1.07873e+07,0,319224,0,0
66.5313,85.1408,2.07392,0.01,0,2.51867,2.51867,0,0.471848,4.6872,4.54919e+06,3.11316e+06,1.14579e+07,0,341207,0,0,58.607,61.3098,1.5917,0,0,1.14137,1.14137,0,0.881542,1.90512,9.45415e+06,4.16116e+06,1.07907e+07,0,319326,0,0
65.6556,85.1408,2.00151,0.01,0,2.51947,2.51947,0,0.471998,4.6872,4.54919e+06,3.11316e+06,1.14616e+07,0,341316,0,0,58.5396,61.3098,1.31283,0,0,1.14174,1.14174,0,0.881824,1.90512,9.45415e+06,4.16116e+06,1.07941e+07,0,319428,0,0
64.9639,85.1408,2.23542,0.01,0,2.52027,2.52027,0,0.472149,4.6872,4.54919e+06,3.11316e+06,1.14652e+07,0,341425,0,0,58.6312,61.3098,1.76457,0,0,1.1421,1.1421,0,0.882105,1.90512,9.45415e+06,4.16116e+06,1.07976e+07,0,319530,0,0
66.2336,85.1408,4.34301,0.01,0,2.52108,2.52108,0,0.472299,4.6872,4.54919e+06,3.11316e+06,1.14689e+07,0,341534,0,0,58.996,61.3098,3.22523,0,0,1.14246,1.14246,0,0.882386,1.90512,9.45415e+06,4.16116e+06,1.0801e+07,0,319632,0,0
65.8775,85.1408,2.66353,0.01,0,2.60087,2.60087,0,0.47245,4.6872,4.54919e+06,3.11316e+06,1.18319e+07,0,352343,0,0,58.9483,61.3098,2.5567,0,1,1.17977,1.17977,0,0.882668,1.90512,9.45415e+06,4.16116e+06,1.11537e+07,0,330070,0,0
64.6031,85.1408,1.51732,0,0,2.60167,2.60167,0,0.487403,4.6872,4.54919e+06,3.11316e+06,1.18355e+07,0,352451,0,0,59.0253,61.3098,1.85279,0,1,1.18014,1.18014,0,0.911492,1.90512,9.45415e+06,4.16116e+06,1.11572e+07,0,330171,0,0
64.1937,85.1408,2.42554,0,0,2.60247,2.60247,0,0.487553,4.6872,4.54919e+06,3.11316e+06,1.18391e+07,0,352560,0,0,59.1814,61.3098,2.05724,0,1,1.1805,1.1805,0,0.911772,1.90512,9.45415e+06,4.16116e+06,1.11606e+07,0,330273,0,0
64.3729,85.1408,3.14525,0,0,2.60327,2.60327,0,0.487703,4.6872,4.54919e+06,3.11316e+06,1.18428e+07,0,352668,0,0,59.1934,61.3098,2.03161,0,1,1.18086,1.18086,0,0.912053,1.90512,9.45415e+06,4.16116e+06,1.1164e+07,0,330374,0,0
63.2669,85.1408,1.97921,0,0,2.85807,2.85807,0,0.487853,4.6872,4.54919e+06,3.11316e+06,1.30019e+07,0,387186,0,0,58.8014,61.3098,1.86551,0,1,1.32011,1.32011,0,0.912334,1.90512,9.45415e+06,4.16116e+06,1.24805e+07,0,369333,0,0
61.8984,85.1408,1.60907,0,0,2.85895,2.85895,0,0.535602,4.6872,4.54919e+06,3.11316e+06,1.30059e+07,0,387305,0,0,58.8999,61.3098,1.53477,0,1,1.32052,1.32052,0,1.01992,1.90512,9.45415e+06,4.16116e+06,1.24844e+07,0,369447,0,0
61.7296,85.1408,2.81658,0.01,0,2.85983,2.85983,0,0.535767,4.6872,4.54919e+06,3.11316e+06,1.30099e+07,0,387424,0,0,59.5365,61.3098,3.02968,0,1,1.32092,1.32092,0,1.02023,1.90512,9.45415e+06,4.16116e+06,1.24882e+07,0,369560,0,0
62.0833,85.1408,3.37551,0.01,0,2.86071,2.86071,0,0.535931,4.6872,4.54919e+06,3.11316e+06,1.30139e+07,0,387543,0,0,59.5154,61.3098,2.70773,0,1,1.32133,1.32133,0,1.02055,1.90512,9.45415e+06,4.16116e+06,1.24921e+07,0,369674,0,0
61.7034,85.1408,2.30384,0.01,0,2.49886,2.49886,0,0.536096,4.6872,4.54919e+06,3.11316e+06,1.13678e+07,0,338524,0,0,59.8337,61.3098,1.92418,0,1,1.13512,1.13512,0,1.02086,1.90512,9.45415e+06,4.16116e+06,1.07316e+07,0,317577,0,0
63.7249,85.1408,4.87963,0.01,0,2.49963,2.49963,0,0.468287,4.6872,4.54919e+06,3.11316e+06,1.13713e+07,0,338628,0,0,60.7995,61.3098,3.92119,0,1,1.13547,1.13547,0,0.876994,1.90512,9.45415e+06,4.16116e+06,1.07349e+07,0,317675,0,0
67.137,85.1408,6.33702,0.01,0,2.5004,2.5004,0,0.468431,4.6872,4.54919e+06,3.11316e+06,1.13748e+07,0,338732,0,0,61.9771,61.3098,4.06791,0,1,1.13582,1.13582,0,0.877264,1.90512,9.45415e+06,4.16116e+06,1.07382e+07,0,317773,0,0
70.2223,85.1408,6.22972,0.01,0,2.50117,2.50117,0,0.468575,4.6872,4.54919e+06,3.11316e+06,1.13783e+07,0,338836,0,0,62.338,61.3098,4.52346,0,1,1.13617,1.13617,0,0.877534,1.90512,9.45415e+06,4.16116e+06,1.07415e+07,0,317870,0,0
74.4403,85.1408,7.23889,0,0,2.50194,2.50194,0,0.468719,4.6872,4.54919e+06,3.11316e+06,1.13818e+07,0,338941,0,0,62.338,61.3098,3.44189,0,1,1.13652,1.13652,0,0.877803,1.90512,9.45415e+06,4.16116e+06,1.07448e+07,0,317968,0,0
78.1388,85.1408,6.77902,0,0,2.59415,2.59415,0,0.468863,4.6872,4.54919e+06,3.11316e+06,1.18013e+07,0,351433,0,0,62.338,61.3098,3.56492,0,1,1.18259,1.18259,0,0.878073,1.90512,9.45415e+06,4.16116e+06,1.11804e+07,0,330858,0,0
79.2675,85.1408,4.15618,0,0,2.59495,2.59495,0,0.486144,4.6872,4.54919e+06,3.11316e+06,1.18049e+07,0,351541,0,0,62.338,61.3098,2.9696,0,1,1.18295,1.18295,0,0.91367,1.90512,9.45415e+06,4.16116e+06,1.11838e+07,0,330960,0,0
80.291,85.1408,4.03257,0,0,2.59575,2.59575,0,0.486293,4.6872,4.54919e+06,3.11316e+06,1.18086e+07,0,351649,0,0,62.3176,61.3098,2.80776,0,1,1.18332,1.18332,0,0.913951,1.90512,9.45415e+06,4.16116e+06,1.11873e+07,0,331062,0,0
80.9493,85.1408,3.69673,0,0,2.59654,2.59654,0,0.486443,4.6872,4.54919e+06,3.11316e+06,1.18122e+07,0,351757,0,0,62.338,61.3098,2.50014,0,1,1.18368,1.18368,0,0.914232,1.90512,9.45415e+06,4.16116e+06,1.11907e+07,0,331163,0,0
81.1048,85.1408,3.11611,0,0,2.56154,2.56154,0,0.486592,4.6872,4.54919e+06,3.11316e+06,1.1653e+07,0,347016,0,0,62.1621,61.3098,2.48708,0,1,1.16627,1.16627,0,0.914513,1.90512,9.45415e+06,4.16116e+06,1.10261e+07,0,326291,0,0
80.926,85.1408,2.81799,0,0,2.56233,2.56233,0,0.480034,4.6872,4.54919e+06,3.11316e+06,1.16565e+07,0,347122,0,0,62.1724,61.3098,2.22918,0,1,1.16662,1.16662,0,0.901057,1.90512,9.45415e+06,4.16116e+06,1.10294e+07,0,326391,0,0
80.5927,85.1408,2.56617,0,0,2.56312,2.56312,0,0.480181,4.6872,4.54919e+06,3.11316e+06,1.16601e+07,0,347229,0,0,62.2867,61.3098,1.97451,0,1,1.16698,1.16698,0,0.901334,1.90512,9.45415e+06,4.16116e+06,1.10328e+07,0,326491,0,0
80.2138,85.1408,2.50082,0,0,2.56391,2.56391,0,0.480329,4.6872,4.54919e+06,3.11316e+06,1.16637e+07,0,347336,0,0,62.1379,61.3098,2.15421,0,1,1.16734,1.16734,0,0.901611,1.90512,9.45415e+06,4.16116e+06,1.10362e+07,0,326592,0,0
79.5814,85.1408,2.33493,0,0,2.68636,2.68636,0,0.480476,4.6872,4.54919e+06,3.11316e+06,1.22208e+07,0,363924,0,0,62.056,61.3098,1.99261,0,1,1.23083,1.23083,0,0.901888,1.90512,9.45415e+06,4.16116e+06,1.16365e+07,0,344355,0,0
78.5585,85.1408,1.85336,0,0,2.68718,2.68718,0,0.503423,4.6872,4.54919e+06,3.11316e+06,1.22245e+07,0,364036,0,0,61.9735,61.3098,1.86104,0,1,1.23121,1.23121,0,0.950941,1.90512,9.45415e+06,4.16116e+06,1.164e+07,0,344461,0,0
77.32,85.1408,1.61698,0,0,2.68801,2.68801,0,0.503578,4.6872,4.54919e+06,3.11316e+06,1.22283e+07,0,364148,0,0,61.7818,61.3098,1.56697,0,1,1.23159,1.23159,0,0.951233,1.90512,9.45415e+06,4.16116e+06,1.16436e+07,0,344566,0,0
75.8858,85.1408,1.4076,0,0,2.68883,2.68883,0,0.503733,4.6872,4.54919e+06,3.11316e+06,1.2232e+07,0,364260,0,0,61.4112,61.3098,1.52374,0,1,1.23197,1.23197,0,0.951525,1.90512,9.45415e+06,4.16116e+06,1.16472e+07,0,344672,0,0
74.3268,85.1408,1.26796,0,0,2.68966,2.68966,0,0.503888,4.6872,4.54919e+06,3.11316e+06,1.22358e+07,0,364372,0,0,61.3925,61.3098,1.29609,0,1,1.23235,1.23235,0,0.951818,1.90512,9.45415e+06,4.16116e+06,1.16508e+07,0,344778,0,0
72.99,85.1408,1.44089,0,0,2.66639,2.66639,0,0.504042,4.6872,4.54919e+06,3.11316e+06,1.21299e+07,0,361219,0,0,61.5256,61.3098,1.88934,0,1,1.26748,1.26748,0,0.95211,1.90512,9.45415e+06,4.16116e+06,1.19829e+07,0,354607,0,0
71.6797,85.1408,1.45087,0,0,2.66721,2.66721,0,0.499681,4.6872,4.54919e+06,3.11316e+06,1.21337e+07,0,361330,0,0,61.6339,61.3098,2.07083,0,1,1.26787,1.26787,0,0.979252,1.90512,9.45415e+06,4.16116e+06,1.19866e+07,0,354716,0,0
70.2567,85.1408,1.32519,0,0,2.66803,2.66803,0,0.499835,4.6872,4.54919e+06,3.11316e+06,1.21374e+07,0,361441,0,0,61.6941,61.3098,1.83825,0,1,1.26825,1.26825,0,0.979553,1.90512,9.45415e+06,4.16116e+06,1.19903e+07,0,354825,0,0
68.7572,85.1408,1.21567,0,0,2.66885,2.66885,0,0.499989,4.6872,4.54919e+06,3.11316e+06,1.21411e+07,0,361552,0,0,61.5373,61.3098,1.80501,0,1,1.26864,1.26864,0,0.979854,1.90512,9.45415e+06,4.16116e+06,1.1994e+07,0,354934,0,0
67.0937,85.1408,1.07109,0,0,2.73197,2.73197,0,0.500142,4.6872,4.54919e+06,3.11316e+06,1.24283e+07,0,370104,0,0,61.0576,61.3098,1.56247,0,1,1.30004,1.30004,0,0.980155,1.90512,9.45415e+06,4.16116e+06,1.22908e+07,0,363718,0,0
65.2942,85.1408,0.911398,0,0,2.73281,2.73281,0,0.511972,4.6872,4.54919e+06,3.11316e+06,1.24321e+07,0,370217,0,0,60.6609,61.3098,1.36248,0,1,1.30044,1.30044,0,1.00441,1.90512,9.45415e+06,4.16116e+06,1.22946e+07,0,363830,0,0
63.489,85.1408,0.890503,0,0,2.73365,2.73365,0,0.512129,4.6872,4.54919e+06,3.11316e+06,1.24359e+07,0,370331,0,0,60.1866,61.3098,1.40729,0,1,1.30084,1.30084,0,1.00472,1.90512,9.45415e+06,4.16116e+06,1.22984e+07,0,363942,0,0
61.6467,85.1408,0.831202,0,0,2.73449,2.73449,0,0.512286,4.6872,4.54919e+06,3.11316e+06,1.24397e+07,0,370445,0,0,59.6038,61.3098,1.33365,0,1,1.30124,1.30124,0,1.00503,1.90512,9.45415e+06,4.16116e+06,1.23021e+07,0,364054,0,0
59.6137,85.1408,0.76285,0,0,2.91801,2.91801,0,0.512443,4.6872,4.54919e+06,3.11316e+06,1.32746e+07,0,395307,0,0,59.1333,61.3098,1.25185,0,1,1.41371,1.41371,0,1.00534,1.90512,9.45415e+06,4.16116e+06,1.33654e+07,0,395518,0,0
57.5735,85.1408,0.73888,0,0,2.91891,2.91891,0,0.546835,4.6872,4.54919e+06,3.11316e+06,1.32787e+07,0,395428,0,0,58.5962,61.3098,1.51559,0,1,1.41414,1.41414,0,1.09223,1.90512,9.45415e+06,4.16116e+06,1.33695e+07,0,395640,0,0
55.4277,85.1408,0.604824,0.01,0,2.9198,2.9198,0,0.547003,4.6872,4.54919e+06,3.11316e+06,1.32827e+07,0,395549,0,0,57.9778,61.3098,1.30165,0,1,1.41457,1.41457,0,1.09257,1.90512,9.45415e+06,4.16116e+06,1.33736e+07,0,395761,0,0
53.3434,85.1408,0.63657,0.02,0,2.9207,2.9207,0,0.547171,4.6872,4.54919e+06,3.11316e+06,1.32868e+07,0,395671,0,0,57.5422,61.3098,1.2841,0,1,1.41501,1.41501,0,1.0929,1.90512,9.45415e+06,4.16116e+06,1.33777e+07,0,395883,0,0
51.5712,85.1408,0.954166,0.02,0,2.9216,2.9216,0,0.547339,4.6872,4.54919e+06,3.11316e+06,1.32909e+07,0,395792,0,0,57.2881,61.3098,1.53544,0,1,1.41544,1.41544,0,1.09324,1.90512,9.45415e+06,4.16116e+06,1.33818e+07,0,396004,0,0
50.2712,85.1408,1.3737,0.02,0,2.83332,2.83332,0,0.547507,4.6872,4.54919e+06,3.11316e+06,1.28893e+07,0,383834,0,0,57.2505,61.3098,2.09846,0,1,1.34775,1.34775,0,1.09357,1.90512,9.45415e+06,4.16116e+06,1.27419e+07,0,377066,0,0
49.3995,85.1408,1.75511,0.02,0,2.83419,2.83419,0,0.530965,4.6872,4.54919e+06,3.11316e+06,1.28933e+07,0,383952,0,0,57.4092,61.3098,3.3824,0,1,1.34817,1.34817,0,1.04127,1.90512,9.45415e+06,4.16116e+06,1.27458e+07,0,377182,0,0
48.1318,85.1408,1.38835,0.02,0,2.83506,2.83506,0,0.531128,4.6872,4.54919e+06,3.11316e+06,1.28972e+07,0,384069,0,0,57.4085,61.3098,3.11494,0,1,1.34858,1.34858,0,1.04159,1.90512,9.45415e+06,4.16116e+06,1.27497e+07,0,377298,0,0
46.4647,85.1408,0.920676,0.02,0,2.83593,2.83593,0,0.531291,4.6872,4.54919e+06,3.11316e+06,1.29012e+07,0,384187,0,0,57.2646,61.3098,2.03245,0,1,1.34899,1.34899,0,1.04191,1.90512,9.45415e+06,4.16116e+06,1.27536e+07,0,377414,0,0
45.292,85.1408,1.38797,0.02,0,2.76352,2.76352,0,0.531454,4.6872,4.54919e+06,3.11316e+06,1.25718e+07,0,374378,0,0,57.4047,61.3098,2.60158,0,1,1.28732,1.28732,0,1.04223,1.90512,9.45415e+06,4.16116e+06,1.21705e+07,0,360159,0,0
44.4461,85.1408,1.70769,0.02,0,2.76437,2.76437,0,0.517884,4.6872,4.54919e+06,3.11316e+06,1.25756e+07,0,374493,0,0,57.438,61.3098,2.27157,0,1,1.28772,1.28772,0,0.994585,1.90512,9.45415e+06,4.16116e+06,1.21743e+07,0,360270,0,0
44.3259,85.1408,2.49296,0.02,0,2.76522,2.76522,0,0.518043,4.6872,4.54919e+06,3.11316e+06,1.25795e+07,0,374607,0,0,57.8179,61.3098,3.63374,0,1,1.28811,1.28811,0,0.994891,1.90512,9.45415e+06,4.16116e+06,1.2178e+07,0,360380,0,0
46.5394,85.1408,4.91361,0.02,0,2.76606,2.76606,0,0.518202,4.6872,4.54919e+06,3.11316e+06,1.25834e+07,0,374722,0,0,58.8414,61.3098,4.73876,0,1,1.28851,1.28851,0,0.995196,1.90512,9.45415e+06,4.16116e+06,1.21817e+07,0,360491,0,0
49.0305,85.1408,5.08411,0.02,0,2.55853,2.55853,0,0.518361,4.6872,4.54919e+06,3.11316e+06,1.16393e+07,0,346608,0,0,59.6638,61.3098,4.62341,0,1,1.15944,1.15944,0,0.995501,1.90512,9.45415e+06,4.16116e+06,1.09615e+07,0,324380,0,0
50.0124,85.1408,3.58489,0.02,0,2.55932,2.55932,0,0.479469,4.6872,4.54919e+06,3.11316e+06,1.16428e+07,0,346714,0,0,59.8916,61.3098,2.14263,0,1,1.15979,1.15979,0,0.895781,1.90512,9.45415e+06,4.16116e+06,1.09649e+07,0,324480,0,0
52.9698,85.1408,5.80488,0.02,0,2.5601,2.5601,0,0.479616,4.6872,4.54919e+06,3.11316e+06,1.16464e+07,0,346820,0,0,61.1087,61.3098,5.23858,0,1,1.16015,1.16015,0,0.896056,1.90512,9.45415e+06,4.16116e+06,1.09682e+07,0,324579,0,0
56.6418,85.1408,6.5871,0.02,0,2.56089,2.56089,0,0.479763,4.6872,4.54919e+06,3.11316e+06,1.165e+07,0,346927,0,0,62.0299,61.3098,4.46217,0,1,1.1605,1.1605,0,0.896331,1.90512,9.45415e+06,4.16116e+06,1.09716e+07,0,324679,0,0
61.1861,85.1408,7.36934,0.02,0,2.56167,2.56167,0,0.47991,4.6872,4.54919e+06,3.11316e+06,1.16535e+07,0,347033,0,0,62.338,61.3098,2.99201,0,1,1.16086,1.16086,0,0.896605,1.90512,9.45415e+06,4.16116e+06,1.09749e+07,0,324778,0,0
67.6558,85.1408,9.7558,0.01,0,2.64272,2.64272,0,0.480058,4.6872,4.54919e+06,3.11316e+06,1.20222e+07,0,358012,0,0,62.338,61.3098,6.26027,0,1,1.19875,1.19875,0,0.89688,1.90512,9.45415e+06,4.16116e+06,1.13332e+07,0,335380,0,0
71.1869,85.1408,6.80978,0.01,0,2.6435,2.6435,0,0.495245,4.6872,4.54919e+06,3.11316e+06,1.20258e+07,0,358118,0,0,62.338,61.3098,4.48275,0,1,1.19911,1.19911,0,0.926157,1.90512,9.45415e+06,4.16116e+06,1.13366e+07,0,335479,0,0
72.2696,85.1408,4.22678,0,0,2.64428,2.64428,0,0.495391,4.6872,4.54919e+06,3.11316e+06,1.20293e+07,0,358224,0,0,62.338,61.3098,3.86371,0,1,1.19946,1.19946,0,0.926431,1.90512,9.45415e+06,4.16116e+06,1.13399e+07,0,335579,0,0
73.622,85.1408,4.53043,0,0,2.64506,2.64506,0,0.495538,4.6872,4.54919e+06,3.11316e+06,1.20329e+07,0,358330,0,0,62.338,61.3098,3.83486,0,1,1.19982,1.19982,0,0.926705,1.90512,9.45415e+06,4.16116e+06,1.13433e+07,0,335678,0,0
74.7086,85.1408,4.48716,0,0,2.90391,2.90391,0,0.495684,4.6872,4.54919e+06,3.11316e+06,1.32105e+07,0,393396,0,0,62.338,61.3098,3.87499,0,1,1.34129,1.34129,0,0.926979,1.90512,9.45415e+06,4.16116e+06,1.26807e+07,0,375257,0,0
74.3608,85.1408,3.08386,0,0,2.90477,2.90477,0,0.544193,4.6872,4.54919e+06,3.11316e+06,1.32144e+07,0,393513,0,0,62.338,61.3098,3.90323,0,1,1.34168,1.34168,0,1.03628,1.90512,9.45415e+06,4.16116e+06,1.26845e+07,0,375368,0,0
75.3823,85.1408,4.39433,0,0,2.90563,2.90563,0,0.544354,4.6872,4.54919e+06,3.11316e+06,1.32183e+07,0,393629,0,0,62.338,61.3098,5.03224,0,1,1.34208,1.34208,0,1.03658,1.90512,9.45415e+06,4.16116e+06,1.26882e+07,0,375479,0,0
77.239,85.1408,5.33379,0,0,2.90649,2.90649,0,0.544514,4.6872,4.54919e+06,3.11316e+06,1.32222e+07,0,393745,0,0,62.338,61.3098,4.21486,0,1,1.34248,1.34248,0,1.03689,1.90512,9.45415e+06,4.16116e+06,1.2692e+07,0,375590,0,0
78.406,85.1408,4.363,0,0,2.53882,2.53882,0,0.544675,4.6872,4.54919e+06,3.11316e+06,1.15496e+07,0,343937,0,0,62.338,61.3098,3.62645,0,1,1.15327,1.15327,0,1.0372,1.90512,9.45415e+06,4.16116e+06,1.09032e+07,0,322655,0,0
81.3599,85.1408,6.29225,0,0,2.53957,2.53957,0,0.475775,4.6872,4.54919e+06,3.11316e+06,1.1553e+07,0,344039,0,0,62.338,61.3098,5.29558,0,1,1.15361,1.15361,0,0.891017,1.90512,9.45415e+06,4.16116e+06,1.09064e+07,0,322751,0,0
84.3455,85.1408,6.37009,0,0,2.54032,2.54032,0,0.475915,4.6872,4.54919e+06,3.11316e+06,1.15564e+07,0,344140,0,0,62.338,61.3098,5.08495,0,1,1.15395,1.15395,0,0.891281,1.90512,9.45415e+06,4.16116e+06,1.09096e+07,0,322846,0,0
85.1408,85.1408,6.12952,0,0,2.54107,2.54107,0,0.476056,4.6872,4.54919e+06,3.11316e+06,1.15598e+07,0,344242,0,0,62.338,61.3098,4.86598,0,1,1.15429,1.15429,0,0.891544,1.90512,9.45415e+06,4.16116e+06,1.09129e+07,0,322941,0,0
85.1408,85.1408,5.27086,0,0,2.54182,2.54182,0,0.476197,4.6872,4.54919e+06,3.11316e+06,1.15632e+07,0,344344,0,0,62.338,61.3098,3.9459,0,1,1.15463,1.15463,0,0.891807,1.90512,9.45415e+06,4.16116e+06,1.09161e+07,0,323037,0,0
85.1408,85.1408,5.28815,0,0,2.63547,2.63547,0,0.476337,4.6872,4.54919e+06,3.11316e+06,1.19893e+07,0,357031,0,0,62.338,61.3098,5.72959,0,1,1.20143,1.20143,0,0.892071,1.90512,9.45415e+06,4.16116e+06,1.13585e+07,0,336128,0,0
85.1408,85.1408,6.46498,0,0,2.63625,2.63625,0,0.493887,4.6872,4.54919e+06,3.11316e+06,1.19928e+07,0,357136,0,0,62.338,61.3098,6.94076,0,1,1.20178,1.20178,0,0.928223,1.90512,9.45415e+06,4.16116e+06,1.13618e+07,0,336227,0,0
85.1408,85.1408,5.37333,0,0,2.63703,2.63703,0,0.494033,4.6872,4.54919e+06,3.11316e+06,1.19964e+07,0,357242,0,0,62.338,61.3098,5.00999,0,1,1.20214,1.20214,0,0.928497,1.90512,9.45415e+06,4.16116e+06,1.13652e+07,0,336327,0,0
85.1408,85.1408,4.42774,0,0,2.63781,2.63781,0,0.494179,4.6872,4.54919e+06,3.11316e+06,1.19999e+07,0,357347,0,0,62.338,61.3098,4.24843,0,1,1.20249,1.20249,0,0.928771,1.90512,9.45415e+06,4.16116e+06,1.13685e+07,0,336426,0,0
85.1408,85.1408,4.27486,0,0,2.60222,2.60222,0,0.494325,4.6872,4.54919e+06,3.11316e+06,1.1838e+07,0,352526,0,0,62.338,61.3098,4.28258,0,1,1.18478,1.18478,0,0.929046,1.90512,9.45415e+06,4.16116e+06,1.12011e+07,0,331472,0,0
85.1408,85.1408,3.51864,0,0,2.60299,2.60299,0,0.487656,4.6872,4.54919e+06,3.11316e+06,1.18415e+07,0,352630,0,0,62.338,61.3098,3.99998,0,1,1.18513,1.18513,0,0.915365,1.90512,9.45415e+06,4.16116e+06,1.12044e+07,0,331570,0,0
85.0818,85.1408,3.04936,0,0,2.60376,2.60376,0,0.4878,4.6872,4.54919e+06,3.11316e+06,1.1845e+07,0,352734,0,0,62.338,61.3098,3.67193,0,1,1.18548,1.18548,0,0.915635,1.90512,9.45415e+06,4.16116e+06,1.12077e+07,0,331668,0,0
84.7229,85.1408,2.71121,0,0,2.60452,2.60452,0,0.487944,4.6872,4.54919e+06,3.11316e+06,1.18485e+07,0,352838,0,0,62.338,61.3098,3.22096,0,1,1.18583,1.18583,0,0.915905,1.90512,9.45415e+06,4.16116e+06,1.12111e+07,0,331766,0,0
84.0836,85.1408,2.50086,0,0,2.72888,2.72888,0,0.488088,4.6872,4.54919e+06,3.11316e+06,1.24142e+07,0,369685,0,0,62.338,61.3098,3.00025,0,1,1.25032,1.25032,0,0.916175,1.90512,9.45415e+06,4.16116e+06,1.18207e+07,0,349806,0,0
83.54,85.1408,2.51465,0,0,2.72969,2.72969,0,0.511392,4.6872,4.54919e+06,3.11316e+06,1.24179e+07,0,369794,0,0,62.338,61.3098,3.56354,0,1,1.25068,1.25068,0,0.965994,1.90512,9.45415e+06,4.16116e+06,1.18242e+07,0,349909,0,0
82.8632,85.1408,2.37157,0,0,2.73049,2.73049,0,0.511543,4.6872,4.54919e+06,3.11316e+06,1.24215e+07,0,369903,0,0,62.338,61.3098,2.80473,0,1,1.25105,1.25105,0,0.966279,1.90512,9.45415e+06,4.16116e+06,1.18277e+07,0,350012,0,0
81.9735,85.1408,2.13386,0,0,2.7313,2.7313,0,0.511694,4.6872,4.54919e+06,3.11316e+06,1.24252e+07,0,370012,0,0,62.338,61.3098,2.69802,0,1,1.25142,1.25142,0,0.966564,1.90512,9.45415e+06,4.16116e+06,1.18311e+07,0,350116,0,0
80.9583,85.1408,1.96155,0,0,2.7321,2.7321,0,0.511845,4.6872,4.54919e+06,3.11316e+06,1.24289e+07,0,370122,0,0,62.338,61.3098,2.24507,0,1,1.25179,1.25179,0,0.966849,1.90512,9.45415e+06,4.16116e+06,1.18346e+07,0,350219,0,0
80.2005,85.1408,2.16702,0,0,2.70843,2.70843,0,0.511996,4.6872,4.54919e+06,3.11316e+06,1.23212e+07,0,366915,0,0,62.338,61.3098,2.30098,0,1,1.28746,1.28746,0,0.967135,1.90512,9.45415e+06,4.16116e+06,1.21719e+07,0,360198,0,0
79.6294,85.1408,2.34046,0,0,2.70923,2.70923,0,0.50756,4.6872,4.54919e+06,3.11316e+06,1.23248e+07,0,367023,0,0,62.338,61.3098,2.2523,0,1,1.28784,1.28784,0,0.994692,1.90512,9.45415e+06,4.16116e+06,1.21754e+07,0,360304,0,0
78.8967,85.1408,2.17494,0,0,2.71003,2.71003,0,0.50771,4.6872,4.54919e+06,3.11316e+06,1.23285e+07,0,367131,0,0,62.338,61.3098,2.20342,0,1,1.28822,1.28822,0,0.994986,1.90512,9.45415e+06,4.16116e+06,1.2179e+07,0,360411,0,0
77.9825,85.1408,1.9846,0,0,2.71083,2.71083,0,0.50786,4.6872,4.54919e+06,3.11316e+06,1.23321e+07,0,367240,0,0,62.338,61.3098,2.01461,0,1,1.2886,1.2886,0,0.995279,1.90512,9.45415e+06,4.16116e+06,1.21826e+07,0,360517,0,0
76.9165,85.1408,1.85268,0,0,2.77491,2.77491,0,0.50801,4.6872,4.54919e+06,3.11316e+06,1.26236e+07,0,375921,0,0,62.3215,61.3098,1.90673,0,1,1.32048,1.32048,0,0.995573,1.90512,9.45415e+06,4.16116e+06,1.2484e+07,0,369435,0,0
75.6751,85.1408,1.64436,0,0,2.77573,2.77573,0,0.520019,4.6872,4.54919e+06,3.11316e+06,1.26273e+07,0,376032,0,0,62.2532,61.3098,1.90072,0,1,1.32087,1.32087,0,1.0202,1.90512,9.45415e+06,4.16116e+06,1.24877e+07,0,369544,0,0
74.3247,85.1408,1.52225,0,0,2.77655,2.77655,0,0.520172,4.6872,4.54919e+06,3.11316e+06,1.26311e+07,0,376143,0,0,62.0727,61.3098,1.80526,0,1,1.32126,1.32126,0,1.0205,1.90512,9.45415e+06,4.16116e+06,1.24914e+07,0,369653,0,0
72.8787,85.1408,1.40117,0,0,2.77737,2.77737,0,0.520326,4.6872,4.54919e+06,3.11316e+06,1.26348e+07,0,376254,0,0,61.8433,61.3098,1.65413,0,1,1.32165,1.32165,0,1.0208,1.90512,9.45415e+06,4.16116e+06,1.2495e+07,0,369762,0,0
71.1991,85.1408,1.28875,0,0,2.96373,2.96373,0,0.520479,4.6872,4.54919e+06,3.11316e+06,1.34826e+07,0,401501,0,0,61.5712,61.3098,1.6021,0,1,1.43586,1.43586,0,1.0211,1.90512,9.45415e+06,4.16116e+06,1.35748e+07,0,401716,0,0
69.6761,85.1408,1.4434,0,0,2.96461,2.96461,0,0.555403,4.6872,4.54919e+06,3.11316e+06,1.34866e+07,0,401619,0,0,61.3063,61.3098,1.71214,0,1,1.43628,1.43628,0,1.10934,1.90512,9.45415e+06,4.16116e+06,1.35788e+07,0,401834,0,0
68.1889,85.1408,1.46471,0,0,2.96548,2.96548,0,0.555567,4.6872,4.54919e+06,3.11316e+06,1.34905e+07,0,401737,0,0,60.9655,61.3098,1.71017,0,1,1.4367,1.4367,0,1.10967,1.90512,9.45415e+06,4.16116e+06,1.35828e+07,0,401953,0,0
66.5513,85.1408,1.29236,0,0,2.96635,2.96635,0,0.555731,4.6872,4.54919e+06,3.11316e+06,1.34945e+07,0,401856,0,0,60.4538,61.3098,1.57806,0,1,1.43713,1.43713,0,1.11,1.90512,9.45415e+06,4.16116e+06,1.35868e+07,0,402071,0,0
64.7838,85.1408,1.13522,0.01,0,2.96723,2.96723,0,0.555895,4.6872,4.54919e+06,3.11316e+06,1.34985e+07,0,401974,0,0,60.0746,61.3098,1.40527,0,1,1.43755,1.43755,0,1.11033,1.90512,9.45415e+06,4.16116e+06,1.35908e+07,0,402190,0,0
63.149,85.1408,1.20481,0.01,0,2.87754,2.87754,0,0.556059,4.6872,4.54919e+06,3.11316e+06,1.30905e+07,0,389824,0,0,59.6878,61.3098,1.651,0,1,1.36879,1.36879,0,1.11065,1.90512,9.45415e+06,4.16116e+06,1.29407e+07,0,382951,0,0
61.2551,85.1408,0.907983,0.01,0,2.87839,2.87839,0,0.539252,4.6872,4.54919e+06,3.11316e+06,1.30944e+07,0,389939,0,0,59.267,61.3098,1.45438,0,1,1.36919,1.36919,0,1.05753,1.90512,9.45415e+06,4.16116e+06,1.29445e+07,0,383064,0,0
59.5225,85.1408,1.08498,0.01,0,2.87924,2.87924,0,0.539411,4.6872,4.54919e+06,3.11316e+06,1.30982e+07,0,390054,0,0,59.0353,61.3098,1.47753,0,1,1.3696,1.3696,0,1.05784,1.90512,9.45415e+06,4.16116e+06,1.29484e+07,0,383177,0,0
58.3642,85.1408,1.68433,0.02,0,2.88009,2.88009,0,0.53957,4.6872,4.54919e+06,3.11316e+06,1.31021e+07,0,390169,0,0,59.0675,61.3098,2.5548,0,1,1.37,1.37,0,1.05815,1.90512,9.45415e+06,4.16116e+06,1.29522e+07,0,383290,0,0
57.0115,85.1408,1.46529,0.02,0,2.80652,2.80652,0,0.539729,4.6872,4.54919e+06,3.11316e+06,1.27674e+07,0,380202,0,0,59.0295,61.3098,2.02085,0,1,1.30735,1.30735,0,1.05846,1.90512,9.45415e+06,4.16116e+06,1.23599e+07,0,365763,0,0
55.8433,85.1408,1.60759,0.02,0,2.80734,2.80734,0,0.525941,4.6872,4.54919e+06,3.11316e+06,1.27711e+07,0,380314,0,0,59.1065,61.3098,2.01383,0,1,1.30774,1.30774,0,1.01006,1.90512,9.45415e+06,4.16116e+06,1.23635e+07,0,365871,0,0
55.5665,85.1408,2.52482,0.02,0,2.80817,2.80817,0,0.526096,4.6872,4.54919e+06,3.11316e+06,1.27749e+07,0,380426,0,0,59.753,61.3098,3.6488,0,1,1.30812,1.30812,0,1.01036,1.90512,9.45415e+06,4.16116e+06,1.23672e+07,0,365978,0,0
54.4441,85.1408,1.62901,0.02,0,2.809,2.809,0,0.526251,4.6872,4.54919e+06,3.11316e+06,1.27787e+07,0,380538,0,0,60.1209,61.3098,3.03203,0,1,1.30851,1.30851,0,1.01065,1.90512,9.45415e+06,4.16116e+06,1.23708e+07,0,366086,0,0
54.9021,85.1408,3.24738,0.02,0,2.59821,2.59821,0,0.526406,4.6872,4.54919e+06,3.11316e+06,1.18198e+07,0,351983,0,0,60.715,61.3098,3.27937,0,1,1.17742,1.17742,0,1.01095,1.90512,9.45415e+06,4.16116e+06,1.11315e+07,0,329411,0,0
57.7218,85.1408,5.69922,0.02,0,2.59898,2.59898,0,0.486905,4.6872,4.54919e+06,3.11316e+06,1.18233e+07,0,352087,0,0,61.7678,61.3098,5.17488,0,1,1.17777,1.17777,0,0.909673,1.90512,9.45415e+06,4.16116e+06,1.11348e+07,0,329508,0,0
58.7036,85.1408,3.79671,0.02,0,2.59974,2.59974,0,0.487049,4.6872,4.54919e+06,3.11316e+06,1.18267e+07,0,352191,0,0,62.338,61.3098,4.66079,0,1,1.17811,1.17811,0,0.909941,1.90512,9.45415e+06,4.16116e+06,1.11381e+07,0,329605,0,0
59.8954,85.1408,4.06173,0.02,0,2.60051,2.60051,0,0.487192,4.6872,4.54919e+06,3.11316e+06,1.18302e+07,0,352294,0,0,62.338,61.3098,4.25837,0,1,1.17846,1.17846,0,0.910209,1.90512,9.45415e+06,4.16116e+06,1.11413e+07,0,329702,0,0
60.3721,85.1408,3.32571,0.01,0,2.60128,2.60128,0,0.487336,4.6872,4.54919e+06,3.11316e+06,1.18337e+07,0,352398,0,0,62.338,61.3098,3.82516,0,1,1.17881,1.17881,0,0.910478,1.90512,9.45415e+06,4.16116e+06,1.11446e+07,0,329799,0,0
61.7457,85.1408,4.3401,0.01,0,2.68354,2.68354,0,0.487479,4.6872,4.54919e+06,3.11316e+06,1.22079e+07,0,363542,0,0,62.338,61.3098,3.78649,0,1,1.21727,1.21727,0,0.910746,1.90512,9.45415e+06,4.16116e+06,1.15083e+07,0,340561,0,0
63.0592,85.1408,4.34115,0.01,0,2.6843,2.6843,0,0.502895,4.6872,4.54919e+06,3.11316e+06,1.22114e+07,0,363645,0,0,62.338,61.3098,4.34304,0,1,1.21762,1.21762,0,0.940464,1.90512,9.45415e+06,4.16116e+06,1.15115e+07,0,340658,0,0
64.6488,85.1408,4.65404,0.01,0,2.68506,2.68506,0,0.503038,4.6872,4.54919e+06,3.11316e+06,1.22149e+07,0,363749,0,0,62.338,61.3098,4.30082,0,1,1.21796,1.21796,0,0.940731,1.90512,9.45415e+06,4.16116e+06,1.15148e+07,0,340754,0,0
66.1795,85.1408,4.60957,0.01,0,2.68582,2.68582,0,0.50318,4.6872,4.54919e+06,3.11316e+06,1.22183e+07,0,363852,0,0,62.338,61.3098,4.35867,0,1,1.21831,1.21831,0,0.940998,1.90512,9.45415e+06,4.16116e+06,1.15181e+07,0,340851,0,0
67.2553,85.1408,4.31326,0.01,0,2.94863,2.94863,0,0.503323,4.6872,4.54919e+06,3.11316e+06,1.34139e+07,0,399454,0,0,62.338,61.3098,4.70721,0,1,1.36194,1.36194,0,0.941265,1.90512,9.45415e+06,4.16116e+06,1.2876e+07,0,381036,0,0
68.5475,85.1408,4.66341,0.01,0,2.94946,2.94946,0,0.552573,4.6872,4.54919e+06,3.11316e+06,1.34177e+07,0,399568,0,0,62.338,61.3098,4.03623,0,1,1.36233,1.36233,0,1.05224,1.90512,9.45415e+06,4.16116e+06,1.28796e+07,0,381144,0,0
68.6318,85.1408,3.40799,0,0,2.9503,2.9503,0,0.55273,4.6872,4.54919e+06,3.11316e+06,1.34215e+07,0,399681,0,0,62.338,61.3098,4.20271,0,1,1.36271,1.36271,0,1.05253,1.90512,9.45415e+06,4.16116e+06,1.28833e+07,0,381252,0,0
69.1597,85.1408,3.83879,0,0,2.95114,2.95114,0,0.552886,4.6872,4.54919e+06,3.11316e+06,1.34253e+07,0,399794,0,0,62.338,61.3098,4.46214,0,1,1.3631,1.3631,0,1.05283,1.90512,9.45415e+06,4.16116e+06,1.2887e+07,0,381360,0,0
69.9306,85.1408,3.77356,0,0,2.57779,2.57779,0,0.553043,4.6872,4.54919e+06,3.11316e+06,1.17269e+07,0,349217,0,0,62.338,61.3098,4.92668,0,1,1.17097,1.17097,0,1.05313,1.90512,9.45415e+06,4.16116e+06,1.10706e+07,0,327608,0,0
69.7602,85.1408,2.77933,0,0,2.57852,2.57852,0,0.483078,4.6872,4.54919e+06,3.11316e+06,1.17302e+07,0,349316,0,0,62.338,61.3098,3.43815,0,1,1.17131,1.17131,0,0.904695,1.90512,9.45415e+06,4.16116e+06,1.10737e+07,0,327701,0,0
70.0964,85.1408,3.30536,0,0,2.57925,2.57925,0,0.483215,4.6872,4.54919e+06,3.11316e+06,1.17335e+07,0,349415,0,0,62.338,61.3098,3.51747,0,1,1.17164,1.17164,0,0.904951,1.90512,9.45415e+06,4.16116e+06,1.10768e+07,0,327794,0,0
70.0963,85.1408,2.93657,0,0,2.57998,2.57998,0,0.483352,4.6872,4.54919e+06,3.11316e+06,1.17368e+07,0,349514,0,0,62.338,61.3098,3.51569,0,1,1.17197,1.17197,0,0.905208,1.90512,9.45415e+06,4.16116e+06,1.108e+07,0,327887,0,0
71.342,85.1408,4.20726,0,0,2.58072,2.58072,0,0.483489,4.6872,4.54919e+06,3.11316e+06,1.17402e+07,0,349613,0,0,62.338,61.3098,4.187,0,1,1.1723,1.1723,0,0.905465,1.90512,9.45415e+06,4.16116e+06,1.10831e+07,0,327980,0,0
71.5871,85.1408,3.31291,0,0,2.67577,2.67577,0,0.483626,4.6872,4.54919e+06,3.11316e+06,1.21726e+07,0,362490,0,0,62.338,61.3098,4.27967,0,1,1.2198,1.2198,0,0.905721,1.90512,9.45415e+06,4.16116e+06,1.15321e+07,0,341268,0,0
71.29,85.1408,2.68739,0.01,0,2.67653,2.67653,0,0.501439,4.6872,4.54919e+06,3.11316e+06,1.2176e+07,0,362592,0,0,62.338,61.3098,3.61641,0,1,1.22014,1.22014,0,0.942416,1.90512,9.45415e+06,4.16116e+06,1.15354e+07,0,341364,0,0
70.6367,85.1408,2.31047,0.01,0,2.67728,2.67728,0,0.501581,4.6872,4.54919e+06,3.11316e+06,1.21795e+07,0,362695,0,0,62.338,61.3098,3.23542,0,1,1.22049,1.22049,0,0.942683,1.90512,9.45415e+06,4.16116e+06,1.15387e+07,0,341461,0,0
70.1915,85.1408,2.46707,0,0,2.67804,2.67804,0,0.501723,4.6872,4.54919e+06,3.11316e+06,1.21829e+07,0,362798,0,0,62.338,61.3098,3.10428,0,1,1.22083,1.22083,0,0.94295,1.90512,9.45415e+06,4.16116e+06,1.1542e+07,0,341558,0,0
69.3803,85.1408,2.04446,0,0,2.64188,2.64188,0,0.501865,4.6872,4.54919e+06,3.11316e+06,1.20184e+07,0,357899,0,0,62.338,61.3098,2.87781,0,1,1.20284,1.20284,0,0.943217,1.90512,9.45415e+06,4.16116e+06,1.13719e+07,0,336524,0,0
68.9651,85.1408,2.47846,0,0,2.64263,2.64263,0,0.495089,4.6872,4.54919e+06,3.11316e+06,1.20218e+07,0,358000,0,0,62.338,61.3098,3.48181,0,1,1.20318,1.20318,0,0.929316,1.90512,9.45415e+06,4.16116e+06,1.13751e+07,0,336619,0,0
68.1294,85.1408,2.01262,0,0,2.64338,2.64338,0,0.495229,4.6872,4.54919e+06,3.11316e+06,1.20252e+07,0,358102,0,0,62.338,61.3098,2.89976,0,1,1.20352,1.20352,0,0.929579,1.90512,9.45415e+06,4.16116e+06,1.13783e+07,0,336715,0,0
67.0917,85.1408,1.72906,0,0,2.64413,2.64413,0,0.495369,4.6872,4.54919e+06,3.11316e+06,1.20286e+07,0,358203,0,0,62.338,61.3098,2.52317,0,1,1.20387,1.20387,0,0.929843,1.90512,9.45415e+06,4.16116e+06,1.13815e+07,0,336810,0,0
65.8039,85.1408,1.54294,0.01,0,2.77034,2.77034,0,0.495509,4.6872,4.54919e+06,3.11316e+06,1.26028e+07,0,375302,0,0,62.338,61.3098,2.30482,0,1,1.26931,1.26931,0,0.930106,1.90512,9.45415e+06,4.16116e+06,1.20003e+07,0,355120,0,0
64.4544,85.1408,1.48394,0.01,0,2.77113,2.77113,0,0.519162,4.6872,4.54919e+06,3.11316e+06,1.26064e+07,0,375408,0,0,62.338,61.3098,2.41636,0,1,1.26967,1.26967,0,0.98067,1.90512,9.45415e+06,4.16116e+06,1.20037e+07,0,355221,0,0
63.113,85.1408,1.48139,0.01,0,2.77191,2.77191,0,0.519309,4.6872,4.54919e+06,3.11316e+06,1.261e+07,0,375514,0,0,62.338,61.3098,2.29896,0,1,1.27003,1.27003,0,0.980948,1.90512,9.45415e+06,4.16116e+06,1.20071e+07,0,355322,0,0
61.6261,85.1408,1.30031,0.01,0,2.7727,2.7727,0,0.519456,4.6872,4.54919e+06,3.11316e+06,1.26135e+07,0,375621,0,0,62.338,61.3098,2.14282,0,1,1.27039,1.27039,0,0.981226,1.90512,9.45415e+06,4.16116e+06,1.20105e+07,0,355422,0,0
60.1182,85.1408,1.22735,0,0,2.77348,2.77348,0,0.519603,4.6872,4.54919e+06,3.11316e+06,1.26171e+07,0,375727,0,0,62.338,61.3098,2.04661,0,1,1.27075,1.27075,0,0.981504,1.90512,9.45415e+06,4.16116e+06,1.20139e+07,0,355523,0,0
58.6626,85.1408,1.24205,0,0,2.74942,2.74942,0,0.51975,4.6872,4.54919e+06,3.11316e+06,1.25076e+07,0,372467,0,0,62.338,61.3098,2.25179,0,1,1.30694,1.30694,0,0.981782,1.90512,9.45415e+06,4.16116e+06,1.2356e+07,0,365649,0,0
57.2709,85.1408,1.28866,0.02,0,2.7502,2.7502,0,0.515241,4.6872,4.54919e+06,3.11316e+06,1.25112e+07,0,372573,0,0,62.338,61.3098,2.64252,0,1,1.30731,1.30731,0,1.00974,1.90512,9.45415e+06,4.16116e+06,1.23595e+07,0,365752,0,0
55.7845,85.1408,1.17586,0.02,0,2.75098,2.75098,0,0.515387,4.6872,4.54919e+06,3.11316e+06,1.25147e+07,0,372678,0,0,62.338,61.3098,2.42247,0,1,1.30768,1.30768,0,1.01003,1.90512,9.45415e+06,4.16116e+06,1.2363e+07,0,365856,0,0
54.2311,85.1408,1.07355,0.01,0,2.75175,2.75175,0,0.515533,4.6872,4.54919e+06,3.11316e+06,1.25183e+07,0,372784,0,0,62.338,61.3098,2.31683,0,1,1.30805,1.30805,0,1.01032,1.90512,9.45415e+06,4.16116e+06,1.23665e+07,0,365960,0,0
52.6096,85.1408,1.00904,0.01,0,2.81677,2.81677,0,0.515679,4.6872,4.54919e+06,3.11316e+06,1.2814e+07,0,381592,0,0,62.338,61.3098,2.23575,0,1,1.3404,1.3404,0,1.0106,1.90512,9.45415e+06,4.16116e+06,1.26723e+07,0,375008,0,0
51.1994,85.1408,1.21969,0.01,0,2.81757,2.81757,0,0.527863,4.6872,4.54919e+06,3.11316e+06,1.28177e+07,0,381700,0,0,62.338,61.3098,2.34598,0,1,1.34078,1.34078,0,1.03559,1.90512,9.45415e+06,4.16116e+06,1.26759e+07,0,375114,0,0
49.7601,85.1408,1.16589,0.01,0,2.81837,2.81837,0,0.528013,4.6872,4.54919e+06,3.11316e+06,1.28213e+07,0,381808,0,0,62.338,61.3098,2.35576,0,1,1.34116,1.34116,0,1.03588,1.90512,9.45415e+06,4.16116e+06,1.26795e+07,0,375220,0,0
48.2029,85.1408,1.02288,0.02,0,2.81916,2.81916,0,0.528162,4.6872,4.54919e+06,3.11316e+06,1.28249e+07,0,381916,0,0,62.338,61.3098,2.16787,0,1,1.34154,1.34154,0,1.03618,1.90512,9.45415e+06,4.16116e+06,1.26831e+07,0,375327,0,0
46.4614,85.1408,0.945011,0.02,0,3.0083,3.0083,0,0.528312,4.6872,4.54919e+06,3.11316e+06,1.36853e+07,0,407538,0,0,62.338,61.3098,2.09401,0,1,1.45745,1.45745,0,1.03647,1.90512,9.45415e+06,4.16116e+06,1.37789e+07,0,407756,0,0
44.7372,85.1408,0.93019,0.02,0,3.00915,3.00915,0,0.563755,4.6872,4.54919e+06,3.11316e+06,1.36892e+07,0,407653,0,0,62.338,61.3098,2.4278,0,1,1.45786,1.45786,0,1.12602,1.90512,9.45415e+06,4.16116e+06,1.37828e+07,0,407871,0,0
43.0246,85.1408,0.931865,0.02,0,3.01,3.01,0,0.563914,4.6872,4.54919e+06,3.11316e+06,1.36931e+07,0,407768,0,0,62.338,61.3098,2.50588,0,1,1.45827,1.45827,0,1.12634,1.90512,9.45415e+06,4.16116e+06,1.37867e+07,0,407987,0,0
41.3298,85.1408,0.943612,0.02,0,3.01085,3.01085,0,0.564074,4.6872,4.54919e+06,3.11316e+06,1.36969e+07,0,407884,0,0,62.338,61.3098,2.40244,0,1,1.45869,1.45869,0,1.12666,1.90512,9.45415e+06,4.16116e+06,1.37906e+07,0,408102,0,0
40.1345,85.1408,1.39152,0.07,0,2.93604,3.0117,0,0.564233,4.6872,4.54919e+06,3.11316e+06,1.33566e+07,0,407999,0,0,62.338,61.3098,2.87612,0,1,1.53476,1.4591,0,1.12698,1.90512,9.45415e+06,4.16116e+06,1.45099e+07,0,408218,0,0
39.2449,85.1408,1.6362,0.07,0,2.84538,2.92064,0,0.550213,4.6872,4.54919e+06,3.11316e+06,1.29442e+07,0,395662,0,0,62.338,61.3098,2.64384,0,1,1.46454,1.38929,0,1.18576,1.90512,9.45415e+06,4.16116e+06,1.3846e+07,0,388687,0,0
37.448,85.1408,0.738231,0.05,0,2.92146,2.92146,0,0.533225,4.6872,4.54919e+06,3.11316e+06,1.32903e+07,0,395774,0,0,61.7668,61.3098,1.89789,0,1,1.38968,1.38968,0,1.1315,1.90512,9.45415e+06,4.16116e+06,1.31383e+07,0,388796,0,0
35.6953,85.1408,0.637059,0.08,0,2.77762,2.92229,0,0.547482,4.6872,4.54919e+06,3.11316e+06,1.26359e+07,0,395886,0,0,60.7617,61.3098,1.0548,0,1,1.53475,1.39007,0,1.07367,1.90512,9.45415e+06,4.16116e+06,1.45097e+07,0,388906,0,0
33.9574,85.1408,0.661575,0.07,0,2.77884,2.92312,0,0.520526,4.6872,4.54919e+06,3.11316e+06,1.26415e+07,0,395998,0,0,60.1418,61.3098,1.02029,0,1,1.53475,1.39047,0,1.18574,1.90512,9.45415e+06,4.16116e+06,1.45097e+07,0,389016,0,0
33.4171,85.1408,1.92329,0.1,0,2.70453,2.84841,0,0.520754,4.6872,4.54919e+06,3.11316e+06,1.23034e+07,0,385878,0,0,59.9826,61.3098,1.83064,0,1,1.47075,1.32687,0,1.18574,1.90512,9.45415e+06,4.16116e+06,1.39047e+07,0,371223,0,0
32.1362,85.1408,1.04106,0.09,0,2.64173,2.84922,0,0.506828,4.6872,4.54919e+06,3.11316e+06,1.20177e+07,0,385987,0,0,59.6029,61.3098,1.4174,0,1,1.53473,1.32724,0,1.1363,1.90512,9.45415e+06,4.16116e+06,1.45095e+07,0,371328,0,0
31.0539,85.1408,1.24706,0.09,0,2.64291,2.85002,0,0.49506,4.6872,4.54919e+06,3.11316e+06,1.20231e+07,0,386096,0,0,59.4154,61.3098,1.74443,0,1,1.53473,1.32762,0,1.18573,1.90512,9.45415e+06,4.16116e+06,1.45095e+07,0,371433,0,0
30.6285,85.1408,1.95317,0.09,0,2.64409,2.85083,0,0.495282,4.6872,4.54919e+06,3.11316e+06,1.20285e+07,0,386205,0,0,59.4909,61.3098,2.27974,0,1,1.53473,1.32799,0,1.18573,1.90512,9.45415e+06,4.16116e+06,1.45095e+07,0,371538,0,0
31.6446,85.1408,3.19442,0.09,0,2.43051,2.63687,0,0.495503,4.6872,4.54919e+06,3.11316e+06,1.10569e+07,0,357221,0,0,59.9887,61.3098,2.86488,0,1,1.4013,1.19494,0,1.18573,1.90512,9.45415e+06,4.16116e+06,1.32481e+07,0,334313,0,0
31.7841,85.1408,2.18685,0.09,0,2.29821,2.63762,0,0.455478,4.6872,4.54919e+06,3.11316e+06,1.0455e+07,0,357322,0,0,60.1082,61.3098,2.23105,0,1,1.53469,1.19528,0,1.08264,1.90512,9.45415e+06,4.16116e+06,1.45092e+07,0,334407,0,0
31.7539,85.1408,2.00365,0.1,0,2.29929,2.63836,0,0.430684,4.6872,4.54919e+06,3.11316e+06,1.04599e+07,0,357423,0,0,60.0251,61.3098,1.92718,0,1,1.53469,1.19561,0,1.1857,1.90512,9.45415e+06,4.16116e+06,1.45092e+07,0,334502,0,0
31.4847,85.1408,1.79553,0.11,0,2.30037,2.63911,0,0.430887,4.6872,4.54919e+06,3.11316e+06,1.04648e+07,0,357524,0,0,60.0596,61.3098,2.11437,0,1,1.53469,1.19595,0,1.1857,1.90512,9.45415e+06,4.16116e+06,1.45092e+07,0,334596,0,0
33.0353,85.1408,3.67788,0.11,0,2.30146,2.63986,0,0.43109,4.6872,4.54919e+06,3.11316e+06,1.04698e+07,0,357625,0,0,61.1178,61.3098,5.00739,0,1,1.53469,1.19629,0,1.1857,1.90512,9.45415e+06,4.16116e+06,1.45092e+07,0,334691,0,0
34.4055,85.1408,3.46217,0.1,0,2.30179,2.63986,0,0.431293,4.6872,4.54919e+06,3.11316e+06,1.04713e+07,0,357625,0,0,61.1237,61.3098,2.3381,0,1,1.53435,1.19629,0,1.1857,1.90512,9.45415e+06,4.16116e+06,1.4506e+07,0,334691,0,0
38.5879,85.1408,6.60051,0.06,0,2.38525,2.72331,0,0.431356,4.6872,4.54919e+06,3.11316e+06,1.08509e+07,0,368930,0,0,61.8641,61.3098,4.64747,0,1,1.57337,1.23531,0,1.18544,1.90512,9.45415e+06,4.16116e+06,1.48749e+07,0,345608,0,0
41.3563,85.1408,5.25966,0.06,0,2.42501,2.72405,0,0.446995,4.6872,4.54919e+06,3.11316e+06,1.10318e+07,0,369030,0,0,62.338,61.3098,3.80368,0,1,1.53469,1.23565,0,1.21559,1.90512,9.45415e+06,4.16116e+06,1.45092e+07,0,345702,0,0
42.3486,85.1408,3.3868,0.08,0,2.42608,2.72479,0,0.454446,4.6872,4.54919e+06,3.11316e+06,1.10367e+07,0,369131,0,0,62.338,61.3098,3.00916,0,1,1.53469,1.23598,0,1.1857,1.90512,9.45415e+06,4.16116e+06,1.45092e+07,0,345796,0,0
42.8928,85.1408,2.99248,0.08,0,2.42716,2.72553,0,0.454648,4.6872,4.54919e+06,3.11316e+06,1.10416e+07,0,369231,0,0,62.338,61.3098,3.02812,0,1,1.53469,1.23632,0,1.1857,1.90512,9.45415e+06,4.16116e+06,1.45092e+07,0,345890,0,0
47.5509,85.1408,8.01569,0.04,0,2.99218,2.99218,0,0.45485,4.6872,4.54919e+06,3.11316e+06,1.3612e+07,0,405355,0,0,62.338,61.3098,5.76643,0,1,1.38206,1.38206,0,1.1857,1.90512,9.45415e+06,4.16116e+06,1.30662e+07,0,386664,0,0
51.8456,85.1408,7.66266,0.05,0,2.993,2.993,0,0.560735,4.6872,4.54919e+06,3.11316e+06,1.36157e+07,0,405465,0,0,62.338,61.3098,3.92205,0,1,1.38244,1.38244,0,1.06778,1.90512,9.45415e+06,4.16116e+06,1.30698e+07,0,386769,0,0
54.9459,85.1408,6.38243,0.03,0,2.99381,2.99381,0,0.560888,4.6872,4.54919e+06,3.11316e+06,1.36194e+07,0,405575,0,0,62.338,61.3098,3.28812,0,1,1.38281,1.38281,0,1.06807,1.90512,9.45415e+06,4.16116e+06,1.30733e+07,0,386875,0,0
59.5427,85.1408,7.98069,0.03,0,2.99462,2.99462,0,0.56104,4.6872,4.54919e+06,3.11316e+06,1.36231e+07,0,405686,0,0,62.338,61.3098,4.83657,0,1,1.38319,1.38319,0,1.06836,1.90512,9.45415e+06,4.16116e+06,1.30769e+07,0,386980,0,0
62.1333,85.1408,5.78905,0.03,0,2.61575,2.61575,0,0.561193,4.6872,4.54919e+06,3.11316e+06,1.18995e+07,0,354359,0,0,62.338,61.3098,3.89789,0,1,1.18822,1.18822,0,1.06865,1.90512,9.45415e+06,4.16116e+06,1.12336e+07,0,332432,0,0
63.4736,85.1408,4.50251,0.01,0,2.61646,2.61646,0,0.490191,4.6872,4.54919e+06,3.11316e+06,1.19028e+07,0,354455,0,0,62.338,61.3098,3.55548,0,1,1.18854,1.18854,0,0.918016,1.90512,9.45415e+06,4.16116e+06,1.12366e+07,0,332522,0,0
64.9187,85.1408,4.61166,0.01,0,2.61717,2.61717,0,0.490324,4.6872,4.54919e+06,3.11316e+06,1.1906e+07,0,354551,0,0,62.338,61.3098,3.78371,0,1,1.18886,1.18886,0,0.918265,1.90512,9.45415e+06,4.16116e+06,1.12397e+07,0,332613,0,0
67.7245,85.1408,6.17732,0.01,0,2.61788,2.61788,0,0.490458,4.6872,4.54919e+06,3.11316e+06,1.19092e+07,0,354648,0,0,62.338,61.3098,4.1847,0,1,1.18919,1.18919,0,0.918515,1.90512,9.45415e+06,4.16116e+06,1.12427e+07,0,332703,0,0
69.788,85.1408,5.35015,0.01,0,2.61859,2.61859,0,0.490591,4.6872,4.54919e+06,3.11316e+06,1.19125e+07,0,354744,0,0,62.338,61.3098,4.56057,0,1,1.18951,1.18951,0,0.918764,1.90512,9.45415e+06,4.16116e+06,1.12458e+07,0,332793,0,0
72.1069,85.1408,5.56992,0.01,0,2.71501,2.71501,0,0.490724,4.6872,4.54919e+06,3.11316e+06,1.23511e+07,0,367805,0,0,62.338,61.3098,5.19557,0,1,1.23769,1.23769,0,0.919014,1.90512,9.45415e+06,4.16116e+06,1.17013e+07,0,346272,0,0
74.8598,85.1408,6.27114,0.01,0,2.71574,2.71574,0,0.508792,4.6872,4.54919e+06,3.11316e+06,1.23544e+07,0,367905,0,0,62.338,61.3098,4.62888,0,1,1.23802,1.23802,0,0.956236,1.90512,9.45415e+06,4.16116e+06,1.17044e+07,0,346366,0,0
75.6802,85.1408,4.17992,0,0,2.71648,2.71648,0,0.508931,4.6872,4.54919e+06,3.11316e+06,1.23578e+07,0,368005,0,0,62.338,61.3098,3.28319,0,1,1.23836,1.23836,0,0.956495,1.90512,9.45415e+06,4.16116e+06,1.17076e+07,0,346460,0,0
76.8771,85.1408,4.44971,0,0,2.71722,2.71722,0,0.509069,4.6872,4.54919e+06,3.11316e+06,1.23612e+07,0,368105,0,0,62.338,61.3098,3.4702,0,1,1.23869,1.23869,0,0.956755,1.90512,9.45415e+06,4.16116e+06,1.17108e+07,0,346554,0,0
78.2389,85.1408,4.54856,0,0,2.6805,2.6805,0,0.509207,4.6872,4.54919e+06,3.11316e+06,1.21941e+07,0,363130,0,0,62.338,61.3098,4.55616,0,1,1.22042,1.22042,0,0.957015,1.90512,9.45415e+06,4.16116e+06,1.15381e+07,0,341443,0,0
79.098,85.1408,4.0104,0,0,2.68123,2.68123,0,0.502325,4.6872,4.54919e+06,3.11316e+06,1.21974e+07,0,363229,0,0,62.338,61.3098,4.06545,0,1,1.22076,1.22076,0,0.9429,1.90512,9.45415e+06,4.16116e+06,1.15412e+07,0,341536,0,0
79.5844,85.1408,3.6048,0,0,2.68195,2.68195,0,0.502462,4.6872,4.54919e+06,3.11316e+06,1.22007e+07,0,363328,0,0,62.338,61.3098,3.63831,0,1,1.22109,1.22109,0,0.943156,1.90512,9.45415e+06,4.16116e+06,1.15443e+07,0,341628,0,0
79.8258,85.1408,3.32377,0,0,2.68268,2.68268,0,0.502598,4.6872,4.54919e+06,3.11316e+06,1.2204e+07,0,363426,0,0,62.338,61.3098,3.45963,0,1,1.22142,1.22142,0,0.943412,1.90512,9.45415e+06,4.16116e+06,1.15475e+07,0,341721,0,0
79.8178,85.1408,3.14026,0,0,2.8107,2.8107,0,0.502735,4.6872,4.54919e+06,3.11316e+06,1.27864e+07,0,380770,0,0,62.338,61.3098,3.59898,0,1,1.2878,1.2878,0,0.943668,1.90512,9.45415e+06,4.16116e+06,1.21751e+07,0,360294,0,0
79.6173,85.1408,2.91842,0,0,2.81147,2.81147,0,0.526726,4.6872,4.54919e+06,3.11316e+06,1.27899e+07,0,380873,0,0,62.338,61.3098,2.96175,0,1,1.28815,1.28815,0,0.994958,1.90512,9.45415e+06,4.16116e+06,1.21784e+07,0,360392,0,0
79.2361,85.1408,2.71645,0,0,2.81223,2.81223,0,0.526869,4.6872,4.54919e+06,3.11316e+06,1.27934e+07,0,380976,0,0,62.338,61.3098,2.63678,0,1,1.2885,1.2885,0,0.995228,1.90512,9.45415e+06,4.16116e+06,1.21817e+07,0,360490,0,0
78.7784,85.1408,2.56121,0,0,2.81299,2.81299,0,0.527012,4.6872,4.54919e+06,3.11316e+06,1.27969e+07,0,381080,0,0,62.338,61.3098,2.43075,0,1,1.28885,1.28885,0,0.995498,1.90512,9.45415e+06,4.16116e+06,1.2185e+07,0,360588,0,0
78.1805,85.1408,2.39481,0,0,2.81376,2.81376,0,0.527155,4.6872,4.54919e+06,3.11316e+06,1.28003e+07,0,381183,0,0,62.338,61.3098,2.59411,0,1,1.2892,1.2892,0,0.995769,1.90512,9.45415e+06,4.16116e+06,1.21883e+07,0,360686,0,0
77.5647,85.1408,2.33288,0,0,2.78931,2.78931,0,0.527298,4.6872,4.54919e+06,3.11316e+06,1.26891e+07,0,377872,0,0,62.338,61.3098,3.12296,0,1,1.32591,1.32591,0,0.996039,1.90512,9.45415e+06,4.16116e+06,1.25353e+07,0,370954,0,0
76.7874,85.1408,2.16699,0,0,2.79007,2.79007,0,0.522717,4.6872,4.54919e+06,3.11316e+06,1.26926e+07,0,377974,0,0,62.338,61.3098,3.05512,0,1,1.32627,1.32627,0,1.0244,1.90512,9.45415e+06,4.16116e+06,1.25387e+07,0,371055,0,0
75.8288,85.1408,1.97653,0,0,2.79083,2.79083,0,0.522859,4.6872,4.54919e+06,3.11316e+06,1.2696e+07,0,378077,0,0,62.338,61.3098,2.79347,0,1,1.32663,1.32663,0,1.02467,1.90512,9.45415e+06,4.16116e+06,1.25421e+07,0,371156,0,0
74.7306,85.1408,1.80496,0,0,2.79158,2.79158,0,0.523001,4.6872,4.54919e+06,3.11316e+06,1.26995e+07,0,378179,0,0,62.338,61.3098,2.6728,0,1,1.32699,1.32699,0,1.02495,1.90512,9.45415e+06,4.16116e+06,1.25455e+07,0,371257,0,0
73.7753,85.1408,1.9832,0,0,2.85751,2.85751,0,0.523143,4.6872,4.54919e+06,3.11316e+06,1.29994e+07,0,387110,0,0,62.338,61.3098,2.76531,0,1,1.35978,1.35978,0,1.02523,1.90512,9.45415e+06,4.16116e+06,1.28556e+07,0,380432,0,0
72.7579,85.1408,1.91025,0,0,2.85828,2.85828,0,0.535497,4.6872,4.54919e+06,3.11316e+06,1.30029e+07,0,387215,0,0,62.338,61.3098,2.76467,0,1,1.36015,1.36015,0,1.05057,1.90512,9.45415e+06,4.16116e+06,1.28591e+07,0,380535,0,0
71.5409,85.1408,1.69664,0,0,2.85906,2.85906,0,0.535643,4.6872,4.54919e+06,3.11316e+06,1.30064e+07,0,387321,0,0,62.338,61.3098,2.51363,0,1,1.36052,1.36052,0,1.05085,1.90512,9.45415e+06,4.16116e+06,1.28626e+07,0,380638,0,0
70.1895,85.1408,1.53844,0,0,2.85984,2.85984,0,0.535788,4.6872,4.54919e+06,3.11316e+06,1.30099e+07,0,387426,0,0,62.338,61.3098,2.45341,0,1,1.36089,1.36089,0,1.05114,1.90512,9.45415e+06,4.16116e+06,1.28661e+07,0,380741,0,0
68.6487,85.1408,1.48482,0,0,3.05166,3.05166,0,0.535933,4.6872,4.54919e+06,3.11316e+06,1.38826e+07,0,413412,0,0,62.288,61.3098,2.46153,0,1,1.47846,1.47846,0,1.05142,1.90512,9.45415e+06,4.16116e+06,1.39776e+07,0,413634,0,0
67.4737,85.1408,1.82954,0,0,3.05249,3.05249,0,0.571881,4.6872,4.54919e+06,3.11316e+06,1.38864e+07,0,413524,0,0,62.2661,61.3098,2.76852,0,1,1.47886,1.47886,0,1.14226,1.90512,9.45415e+06,4.16116e+06,1.39813e+07,0,413746,0,0
66.0966,85.1408,1.64365,0.01,0,3.05332,3.05332,0,0.572036,4.6872,4.54919e+06,3.11316e+06,1.38901e+07,0,413637,0,0,62.2165,61.3098,2.65241,0,1,1.47926,1.47926,0,1.14257,1.90512,9.45415e+06,4.16116e+06,1.39851e+07,0,413858,0,0
64.7641,85.1408,1.65957,0.01,0,3.05414,3.05414,0,0.572191,4.6872,4.54919e+06,3.11316e+06,1.38939e+07,0,413749,0,0,62.2767,61.3098,2.8704,0,1,1.47966,1.47966,0,1.14288,1.90512,9.45415e+06,4.16116e+06,1.39889e+07,0,413970,0,0
63.5779,85.1408,1.79017,0.01,0,3.05497,3.05497,0,0.572347,4.6872,4.54919e+06,3.11316e+06,1.38977e+07,0,413861,0,0,62.321,61.3098,3.37794,0,1,1.48006,1.48006,0,1.14319,1.90512,9.45415e+06,4.16116e+06,1.39927e+07,0,414083,0,0
62.8521,85.1408,2.13166,0.01,0,2.96256,2.96256,0,0.572502,4.6872,4.54919e+06,3.11316e+06,1.34773e+07,0,401342,0,0,62.2913,61.3098,3.04255,0,1,1.40923,1.40923,0,1.1435,1.90512,9.45415e+06,4.16116e+06,1.33231e+07,0,394266,0,0
62.0135,85.1408,2.09995,0.01,0,2.96337,2.96337,0,0.555185,4.6872,4.54919e+06,3.11316e+06,1.34809e+07,0,401451,0,0,62.338,61.3098,3.58644,0,1,1.40961,1.40961,0,1.08877,1.90512,9.45415e+06,4.16116e+06,1.33267e+07,0,394373,0,0
61.3384,85.1408,2.27626,0.02,0,2.96417,2.96417,0,0.555335,4.6872,4.54919e+06,3.11316e+06,1.34846e+07,0,401560,0,0,62.338,61.3098,3.8675,0,1,1.41,1.41,0,1.08907,1.90512,9.45415e+06,4.16116e+06,1.33303e+07,0,394480,0,0
60.7091,85.1408,2.36784,0.02,0,2.96498,2.96498,0,0.555486,4.6872,4.54919e+06,3.11316e+06,1.34882e+07,0,401669,0,0,62.338,61.3098,4.08334,0,1,1.41038,1.41038,0,1.08936,1.90512,9.45415e+06,4.16116e+06,1.33339e+07,0,394587,0,0
60.3964,85.1408,2.76515,0.02,0,2.88917,2.88917,0,0.555636,4.6872,4.54919e+06,3.11316e+06,1.31434e+07,0,391399,0,0,62.338,61.3098,4.24391,0,1,1.34585,1.34585,0,1.08966,1.90512,9.45415e+06,4.16116e+06,1.27239e+07,0,376534,0,0
60.887,85.1408,3.599,0.01,0,2.88995,2.88995,0,0.54143,4.6872,4.54919e+06,3.11316e+06,1.31469e+07,0,391505,0,0,62.338,61.3098,3.74599,0,1,1.34622,1.34622,0,1.0398,1.90512,9.45415e+06,4.16116e+06,1.27273e+07,0,376636,0,0
61.3737,85.1408,3.60743,0.01,0,2.89073,2.89073,0,0.541576,4.6872,4.54919e+06,3.11316e+06,1.31505e+07,0,391611,0,0,62.338,61.3098,3.81902,0,1,1.34658,1.34658,0,1.04009,1.90512,9.45415e+06,4.16116e+06,1.27308e+07,0,376738,0,0
62.1633,85.1408,3.92738,0.01,0,2.89152,2.89152,0,0.541723,4.6872,4.54919e+06,3.11316e+06,1.31541e+07,0,391717,0,0,62.338,61.3098,5.62849,0,1,1.34695,1.34695,0,1.04037,1.90512,9.45415e+06,4.16116e+06,1.27342e+07,0,376841,0,0
61.9806,85.1408,2.73158,0.01,0,2.67448,2.67448,0,0.54187,4.6872,4.54919e+06,3.11316e+06,1.21667e+07,0,362315,0,0,62.338,61.3098,4.43056,0,1,1.21198,1.21198,0,1.04065,1.90512,9.45415e+06,4.16116e+06,1.14582e+07,0,339080,0,0
61.4528,85.1408,2.46843,0.01,0,2.6752,2.6752,0,0.501197,4.6872,4.54919e+06,3.11316e+06,1.217e+07,0,362413,0,0,62.338,61.3098,5.21467,0,1,1.21231,1.21231,0,0.936375,1.90512,9.45415e+06,4.16116e+06,1.14613e+07,0,339172,0,0
61.0672,85.1408,2.65274,0.01,0,2.67593,2.67593,0,0.501333,4.6872,4.54919e+06,3.11316e+06,1.21733e+07,0,362511,0,0,62.338,61.3098,4.63135,0,1,1.21264,1.21264,0,0.936628,1.90512,9.45415e+06,4.16116e+06,1.14644e+07,0,339264,0,0
61.559,85.1408,3.54958,0.01,0,2.67665,2.67665,0,0.501469,4.6872,4.54919e+06,3.11316e+06,1.21766e+07,0,362609,0,0,62.338,61.3098,7.83749,0,1,1.21296,1.21296,0,0.936882,1.90512,9.45415e+06,4.16116e+06,1.14675e+07,0,339356,0,0
63.9681,85.1408,5.59252,0.01,0,2.67738,2.67738,0,0.501605,4.6872,4.54919e+06,3.11316e+06,1.21799e+07,0,362708,0,0,62.338,61.3098,5.31287,0,1,1.21329,1.21329,0,0.937136,1.90512,9.45415e+06,4.16116e+06,1.14707e+07,0,339448,0,0
65.7838,85.1408,4.94188,0.01,0,2.76198,2.76198,0,0.501741,4.6872,4.54919e+06,3.11316e+06,1.25648e+07,0,374169,0,0,62.338,61.3098,7.02257,0,1,1.25285,1.25285,0,0.93739,1.90512,9.45415e+06,4.16116e+06,1.18447e+07,0,350516,0,0
69.1286,85.1408,6.46388,0.01,0,2.7627,2.7627,0,0.517596,4.6872,4.54919e+06,3.11316e+06,1.25681e+07,0,374267,0,0,62.338,61.3098,5.94508,0,1,1.25318,1.25318,0,0.967955,1.90512,9.45415e+06,4.16116e+06,1.18478e+07,0,350607,0,0
74.6082,85.1408,9.06227,0,0,2.76342,2.76342,0,0.51773,4.6872,4.54919e+06,3.11316e+06,1.25713e+07,0,374364,0,0,62.338,61.3098,7.05843,0,1,1.25351,1.25351,0,0.968207,1.90512,9.45415e+06,4.16116e+06,1.18508e+07,0,350699,0,0
84.2237,85.1408,13.3563,0,0,2.76414,2.76414,0,0.517865,4.6872,4.54919e+06,3.11316e+06,1.25746e+07,0,374461,0,0,62.338,61.3098,17.8271,0,1,1.25383,1.25383,0,0.968459,1.90512,9.45415e+06,4.16116e+06,1.18539e+07,0,350790,0,0
85.1408,85.1408,17.9839,0,0,3.03454,3.03454,0,0.518,4.6872,4.54919e+06,3.11316e+06,1.38047e+07,0,411092,0,0,62.338,61.3098,19.4537,0,1,1.40162,1.40162,0,0.968711,1.90512,9.45415e+06,4.16116e+06,1.32511e+07,0,392137,0,0
85.1408,85.1408,15.7581,0,0,3.03533,3.03533,0,0.568672,4.6872,4.54919e+06,3.11316e+06,1.38083e+07,0,411199,0,0,62.338,61.3098,14.2734,0,1,1.40199,1.40199,0,1.08289,1.90512,9.45415e+06,4.16116e+06,1.32546e+07,0,392239,0,0
85.1408,85.1408,7.84242,0,0,3.03611,3.03611,0,0.56882,4.6872,4.54919e+06,3.11316e+06,1.38119e+07,0,411306,0,0,62.338,61.3098,8.44349,0,1,1.40235,1.40235,0,1.08317,1.90512,9.45415e+06,4.16116e+06,1.3258e+07,0,392341,0,0
85.1408,85.1408,6.66264,0,0,3.0369,3.0369,0,0.568968,4.6872,4.54919e+06,3.11316e+06,1.38155e+07,0,411413,0,0,62.338,61.3098,9.4094,0,1,1.40272,1.40272,0,1.08346,1.90512,9.45415e+06,4.16116e+06,1.32615e+07,0,392443,0,0
85.1408,85.1408,7.09958,0,0,2.65265,2.65265,0,0.569116,4.6872,4.54919e+06,3.11316e+06,1.20674e+07,0,359357,0,0,62.338,61.3098,13.8572,0,1,1.20498,1.20498,0,1.08374,1.90512,9.45415e+06,4.16116e+06,1.1392e+07,0,337122,0,0
85.1408,85.1408,6.61615,0,0,2.65334,2.65334,0,0.497106,4.6872,4.54919e+06,3.11316e+06,1.20705e+07,0,359451,0,0,62.338,61.3098,12.0663,0,1,1.20529,1.20529,0,0.930966,1.90512,9.45415e+06,4.16116e+06,1.1395e+07,0,337209,0,0
85.1408,85.1408,7.03361,0,0,2.65403,2.65403,0,0.497235,4.6872,4.54919e+06,3.11316e+06,1.20737e+07,0,359544,0,0,62.338,61.3098,12.2582,0,1,1.20561,1.20561,0,0.931208,1.90512,9.45415e+06,4.16116e+06,1.1398e+07,0,337297,0,0
85.1408,85.1408,12.3681,0,0,2.65472,2.65472,0,0.497365,4.6872,4.54919e+06,3.11316e+06,1.20768e+07,0,359638,0,0,62.338,61.3098,19.4259,0,1,1.20592,1.20592,0,0.93145,1.90512,9.45415e+06,4.16116e+06,1.14009e+07,0,337385,0,0
85.1408,85.1408,7.39389,0,0,2.65541,2.65541,0,0.497494,4.6872,4.54919e+06,3.11316e+06,1.208e+07,0,359731,0,0,62.338,61.3098,10.8282,0,1,1.20623,1.20623,0,0.931693,1.90512,9.45415e+06,4.16116e+06,1.14039e+07,0,337472,0,0
85.1408,85.1408,5.9921,0,0,2.75315,2.75315,0,0.497623,4.6872,4.54919e+06,3.11316e+06,1.25246e+07,0,372972,0,0,62.338,61.3098,10.3636,0,1,1.25507,1.25507,0,0.931935,1.90512,9.45415e+06,4.16116e+06,1.18656e+07,0,351136,0,0
85.1408,85.1408,6.18521,0,0,2.75386,2.75386,0,0.51594,4.6872,4.54919e+06,3.11316e+06,1.25279e+07,0,373069,0,0,62.338,61.3098,11.7564,0,1,1.2554,1.2554,0,0.969669,1.90512,9.45415e+06,4.16116e+06,1.18687e+07,0,351228,0,0
85.1408,85.1408,8.77004,0,0,2.75458,2.75458,0,0.516074,4.6872,4.54919e+06,3.11316e+06,1.25311e+07,0,373166,0,0,62.338,61.3098,14.7301,0,1,1.25572,1.25572,0,0.969921,1.90512,9.45415e+06,4.16116e+06,1.18718e+07,0,351319,0,0
85.1408,85.1408,6.2892,0,0,2.75529,2.75529,0,0.516208,4.6872,4.54919e+06,3.11316e+06,1.25344e+07,0,373263,0,0,62.338,61.3098,11.3443,0,1,1.25605,1.25605,0,0.970173,1.90512,9.45415e+06,4.16116e+06,1.18749e+07,0,351410,0,0
85.1408,85.1408,4.57839,0,0,2.71803,2.71803,0,0.516342,4.6872,4.54919e+06,3.11316e+06,1.23648e+07,0,368214,0,0,62.338,61.3098,6.88311,0,1,1.23751,1.23751,0,0.970425,1.90512,9.45415e+06,4.16116e+06,1.16996e+07,0,346223,0,0
85.1408,85.1408,4.13424,0,0,2.71873,2.71873,0,0.509358,4.6872,4.54919e+06,3.11316e+06,1.2368e+07,0,368310,0,0,62.338,61.3098,5.83389,0,1,1.23783,1.23783,0,0.956101,1.90512,9.45415e+06,4.16116e+06,1.17027e+07,0,346313,0,0
85.1408,85.1408,3.99678,0,0,2.71944,2.71944,0,0.50949,4.6872,4.54919e+06,3.11316e+06,1.23713e+07,0,368406,0,0,62.338,61.3098,5.73587,0,1,1.23815,1.23815,0,0.95635,1.90512,9.45415e+06,4.16116e+06,1.17057e+07,0,346403,0,0
85.1408,85.1408,3.72064,0,0,2.72015,2.72015,0,0.509623,4.6872,4.54919e+06,3.11316e+06,1.23745e+07,0,368502,0,0,62.338,61.3098,5.1124,0,1,1.23848,1.23848,0,0.956598,1.90512,9.45415e+06,4.16116e+06,1.17087e+07,0,346493,0,0
85.1408,85.1408,3.61584,0,0,2.84992,2.84992,0,0.509755,4.6872,4.54919e+06,3.11316e+06,1.29648e+07,0,386083,0,0,62.338,61.3098,4.79608,0,1,1.30577,1.30577,0,0.956847,1.90512,9.45415e+06,4.16116e+06,1.2345e+07,0,365322,0,0
85.1408,85.1408,3.71235,0,0,2.85066,2.85066,0,0.534075,4.6872,4.54919e+06,3.11316e+06,1.29682e+07,0,386183,0,0,62.338,61.3098,4.31485,0,1,1.30611,1.30611,0,1.00884,1.90512,9.45415e+06,4.16116e+06,1.23482e+07,0,365417,0,0
85.1408,85.1408,3.46141,0,0,2.8514,2.8514,0,0.534214,4.6872,4.54919e+06,3.11316e+06,1.29716e+07,0,386283,0,0,62.338,61.3098,4.20943,0,1,1.30645,1.30645,0,1.0091,1.90512,9.45415e+06,4.16116e+06,1.23514e+07,0,365511,0,0
85.1408,85.1408,3.29243,0,0,2.85214,2.85214,0,0.534353,4.6872,4.54919e+06,3.11316e+06,1.2975e+07,0,386384,0,0,62.338,61.3098,4.39572,0,1,1.30679,1.30679,0,1.00937,1.90512,9.45415e+06,4.16116e+06,1.23546e+07,0,365606,0,0
85.0832,85.1408,3.03926,0,0,2.85289,2.85289,0,0.534492,4.6872,4.54919e+06,3.11316e+06,1.29783e+07,0,386484,0,0,62.338,61.3098,3.95027,0,1,1.30713,1.30713,0,1.00963,1.90512,9.45415e+06,4.16116e+06,1.23578e+07,0,365701,0,0
84.5442,85.1408,2.47652,0,0,2.82807,2.82807,0,0.534631,4.6872,4.54919e+06,3.11316e+06,1.28654e+07,0,383122,0,0,62.338,61.3098,2.71241,0,1,1.34433,1.34433,0,1.00989,1.90512,9.45415e+06,4.16116e+06,1.27095e+07,0,376109,0,0
83.86,85.1408,2.32864,0,0,2.8288,2.8288,0,0.52998,4.6872,4.54919e+06,3.11316e+06,1.28688e+07,0,383222,0,0,62.338,61.3098,2.55788,0,1,1.34468,1.34468,0,1.03863,1.90512,9.45415e+06,4.16116e+06,1.27128e+07,0,376206,0,0
82.9822,85.1408,2.1287,0,0,2.82954,2.82954,0,0.530118,4.6872,4.54919e+06,3.11316e+06,1.28721e+07,0,383321,0,0,62.338,61.3098,2.51533,0,1,1.34503,1.34503,0,1.0389,1.90512,9.45415e+06,4.16116e+06,1.27161e+07,0,376304,0,0
81.9264,85.1408,1.92961,0,0,2.83027,2.83027,0,0.530255,4.6872,4.54919e+06,3.11316e+06,1.28755e+07,0,383421,0,0,62.338,61.3098,2.27089,0,1,1.34538,1.34538,0,1.03917,1.90512,9.45415e+06,4.16116e+06,1.27194e+07,0,376402,0,0
80.7025,85.1408,1.76413,0,0,2.89708,2.89708,0,0.530393,4.6872,4.54919e+06,3.11316e+06,1.31794e+07,0,392471,0,0,62.2642,61.3098,1.93378,0,1,1.37861,1.37861,0,1.03944,1.90512,9.45415e+06,4.16116e+06,1.30336e+07,0,385700,0,0
79.5328,85.1408,1.84746,0,0,2.89783,2.89783,0,0.542912,4.6872,4.54919e+06,3.11316e+06,1.31828e+07,0,392573,0,0,62.1885,61.3098,2.06267,0,1,1.37897,1.37897,0,1.06512,1.90512,9.45415e+06,4.16116e+06,1.3037e+07,0,385800,0,0
78.2552,85.1408,1.70279,0,0,2.89858,2.89858,0,0.543053,4.6872,4.54919e+06,3.11316e+06,1.31862e+07,0,392675,0,0,62.0074,61.3098,1.97538,0,1,1.37933,1.37933,0,1.06539,1.90512,9.45415e+06,4.16116e+06,1.30404e+07,0,385900,0,0
76.8416,85.1408,1.54999,0,0,2.89934,2.89934,0,0.543194,4.6872,4.54919e+06,3.11316e+06,1.31896e+07,0,392777,0,0,61.8308,61.3098,1.71708,0,1,1.37969,1.37969,0,1.06567,1.90512,9.45415e+06,4.16116e+06,1.30438e+07,0,386000,0,0
75.4538,85.1408,1.71783,0,0,3.09377,3.09377,0,0.543336,4.6872,4.54919e+06,3.11316e+06,1.40742e+07,0,419117,0,0,61.6008,61.3098,2.14847,0,1,1.49886,1.49886,0,1.06595,1.90512,9.45415e+06,4.16116e+06,1.41704e+07,0,419342,0,0
74.1308,85.1408,1.77602,0,0,3.09458,3.09458,0,0.579773,4.6872,4.54919e+06,3.11316e+06,1.40778e+07,0,419226,0,0,61.2559,61.3098,1.85034,0,1,1.49925,1.49925,0,1.15802,1.90512,9.45415e+06,4.16116e+06,1.41741e+07,0,419451,0,0
72.5239,85.1408,1.51075,0.01,0,3.09538,3.09538,0,0.579924,4.6872,4.54919e+06,3.11316e+06,1.40815e+07,0,419335,0,0,60.8891,61.3098,1.62829,0,1,1.49964,1.49964,0,1.15832,1.90512,9.45415e+06,4.16116e+06,1.41778e+07,0,419560,0,0
71.0743,85.1408,1.63563,0.01,0,3.09618,3.09618,0,0.580074,4.6872,4.54919e+06,3.11316e+06,1.40851e+07,0,419444,0,0,60.6867,61.3098,2.15991,0,1,1.50003,1.50003,0,1.15862,1.90512,9.45415e+06,4.16116e+06,1.41815e+07,0,419669,0,0
69.526,85.1408,1.52287,0.01,0,3.09699,3.09699,0,0.580225,4.6872,4.54919e+06,3.11316e+06,1.40888e+07,0,419553,0,0,60.3798,61.3098,1.91825,0,1,1.50042,1.50042,0,1.15892,1.90512,9.45415e+06,4.16116e+06,1.41852e+07,0,419778,0,0
68.7457,85.1408,2.24489,0.01,0,3.00327,3.00327,0,0.580375,4.6872,4.54919e+06,3.11316e+06,1.36625e+07,0,406857,0,0,60.2869,61.3098,1.89858,0,1,1.4286,1.4286,0,1.15922,1.90512,9.45415e+06,4.16116e+06,1.35062e+07,0,399684,0,0
67.6355,85.1408,1.89684,0.01,0,3.00405,3.00405,0,0.562814,4.6872,4.54919e+06,3.11316e+06,1.3666e+07,0,406963,0,0,60.4321,61.3098,3.11278,0,1,1.42897,1.42897,0,1.10373,1.90512,9.45415e+06,4.16116e+06,1.35097e+07,0,399788,0,0
66.2777,85.1408,1.63954,0.02,0,3.00483,3.00483,0,0.56296,4.6872,4.54919e+06,3.11316e+06,1.36696e+07,0,407069,0,0,60.2151,61.3098,1.73081,0,1,1.42934,1.42934,0,1.10402,1.90512,9.45415e+06,4.16116e+06,1.35132e+07,0,399891,0,0
64.9814,85.1408,1.70113,0.02,0,3.00561,3.00561,0,0.563106,4.6872,4.54919e+06,3.11316e+06,1.36731e+07,0,407174,0,0,59.9964,61.3098,1.67484,0,1,1.42971,1.42971,0,1.10431,1.90512,9.45415e+06,4.16116e+06,1.35167e+07,0,399995,0,0
65.2919,85.1408,3.40482,0.02,0,2.92873,2.92873,0,0.563252,4.6872,4.54919e+06,3.11316e+06,1.33234e+07,0,396759,0,0,60.4224,61.3098,3.17026,0,1,1.36428,1.36428,0,1.10459,1.90512,9.45415e+06,4.16116e+06,1.28981e+07,0,381691,0,0
66.0345,85.1408,3.79956,0.02,0,2.92949,2.92949,0,0.548844,4.6872,4.54919e+06,3.11316e+06,1.33268e+07,0,396862,0,0,60.7305,61.3098,3.11511,0,1,1.36464,1.36464,0,1.05404,1.90512,9.45415e+06,4.16116e+06,1.29015e+07,0,381790,0,0
67.9653,85.1408,5.08088,0.02,0,2.93025,2.93025,0,0.548987,4.6872,4.54919e+06,3.11316e+06,1.33303e+07,0,396965,0,0,61.1895,61.3098,3.2699,0,1,1.36499,1.36499,0,1.05432,1.90512,9.45415e+06,4.16116e+06,1.29048e+07,0,381889,0,0
71.4768,85.1408,6.69825,0.02,0,2.93101,2.93101,0,0.549129,4.6872,4.54919e+06,3.11316e+06,1.33337e+07,0,397068,0,0,61.9615,61.3098,4.00343,0,1,1.36534,1.36534,0,1.05459,1.90512,9.45415e+06,4.16116e+06,1.29082e+07,0,381988,0,0
73.3261,85.1408,4.97432,0.01,0,2.71098,2.71098,0,0.549272,4.6872,4.54919e+06,3.11316e+06,1.23328e+07,0,367259,0,0,62.338,61.3098,4.19381,0,1,1.22852,1.22852,0,1.05486,1.90512,9.45415e+06,4.16116e+06,1.16146e+07,0,343708,0,0
72.6401,85.1408,2.29073,0.01,0,2.71168,2.71168,0,0.508037,4.6872,4.54919e+06,3.11316e+06,1.2336e+07,0,367355,0,0,62.338,61.3098,2.7983,0,1,1.22884,1.22884,0,0.949154,1.90512,9.45415e+06,4.16116e+06,1.16176e+07,0,343797,0,0
73.3076,85.1408,3.84037,0.01,0,2.71238,2.71238,0,0.508169,4.6872,4.54919e+06,3.11316e+06,1.23392e+07,0,367450,0,0,62.338,61.3098,5.13817,0,1,1.22916,1.22916,0,0.9494,1.90512,9.45415e+06,4.16116e+06,1.16206e+07,0,343886,0,0
79.6942,85.1408,9.58046,0.01,0,2.71309,2.71309,0,0.508301,4.6872,4.54919e+06,3.11316e+06,1.23424e+07,0,367545,0,0,62.338,61.3098,6.07775,0,1,1.22948,1.22948,0,0.949646,1.90512,9.45415e+06,4.16116e+06,1.16236e+07,0,343975,0,0
81.558,85.1408,5.31069,0,0,2.71379,2.71379,0,0.508432,4.6872,4.54919e+06,3.11316e+06,1.23456e+07,0,367641,0,0,62.338,61.3098,4.53138,0,1,1.22979,1.22979,0,0.949892,1.90512,9.45415e+06,4.16116e+06,1.16267e+07,0,344064,0,0
83.0697,85.1408,4.7746,0,0,2.79951,2.79951,0,0.508564,4.6872,4.54919e+06,3.11316e+06,1.27355e+07,0,379254,0,0,61.8819,61.3098,2.9425,0,1,1.26988,1.26988,0,0.950139,1.90512,9.45415e+06,4.16116e+06,1.20056e+07,0,355279,0,0
84.0583,85.1408,4.27382,0,0,2.80021,2.80021,0,0.524629,4.6872,4.54919e+06,3.11316e+06,1.27387e+07,0,379348,0,0,62.338,61.3098,2.0842,0,1,1.2702,1.2702,0,0.981109,1.90512,9.45415e+06,4.16116e+06,1.20086e+07,0,355368,0,0
85.1408,85.1408,5.97186,0,0,2.80091,2.80091,0,0.524759,4.6872,4.54919e+06,3.11316e+06,1.27419e+07,0,379442,0,0,62.338,61.3098,4.55719,0,1,1.27051,1.27051,0,0.981353,1.90512,9.45415e+06,4.16116e+06,1.20116e+07,0,355456,0,0
85.1408,85.1408,7.12134,0,0,2.8016,2.8016,0,0.52489,4.6872,4.54919e+06,3.11316e+06,1.2745e+07,0,379537,0,0,62.338,61.3098,4.51991,0,1,1.27083,1.27083,0,0.981597,1.90512,9.45415e+06,4.16116e+06,1.20146e+07,0,355544,0,0
85.1408,85.1408,4.10128,0,0,3.07563,3.07563,0,0.525021,4.6872,4.54919e+06,3.11316e+06,1.39916e+07,0,416660,0,0,62.2406,61.3098,3.0884,0,1,1.4206,1.4206,0,0.981841,1.90512,9.45415e+06,4.16116e+06,1.34306e+07,0,397448,0,0
85.074,85.1408,3.45445,0,0,3.0764,3.0764,0,0.576373,4.6872,4.54919e+06,3.11316e+06,1.39951e+07,0,416763,0,0,62.0121,61.3098,2.3371,0,1,1.42096,1.42096,0,1.09756,1.90512,9.45415e+06,4.16116e+06,1.34339e+07,0,397547,0,0
84.5481,85.1408,2.96233,0,0,3.07716,3.07716,0,0.576517,4.6872,4.54919e+06,3.11316e+06,1.39986e+07,0,416867,0,0,62.3047,61.3098,2.35528,0,1,1.42131,1.42131,0,1.09783,1.90512,9.45415e+06,4.16116e+06,1.34373e+07,0,397645,0,0
85.1408,85.1408,4.16359,0,0,3.07793,3.07793,0,0.57666,4.6872,4.54919e+06,3.11316e+06,1.40021e+07,0,416971,0,0,62.338,61.3098,3.08267,0,1,1.42166,1.42166,0,1.0981,1.90512,9.45415e+06,4.16116e+06,1.34406e+07,0,397744,0,0
85.1408,85.1408,4.831,0,0,2.68845,2.68845,0,0.576803,4.6872,4.54919e+06,3.11316e+06,1.22303e+07,0,364207,0,0,62.338,61.3098,3.71079,0,1,1.22124,1.22124,0,1.09838,1.90512,9.45415e+06,4.16116e+06,1.15458e+07,0,341671,0,0
85.1408,85.1408,5.38949,0,0,2.68912,2.68912,0,0.503815,4.6872,4.54919e+06,3.11316e+06,1.22333e+07,0,364298,0,0,62.338,61.3098,3.96114,0,1,1.22154,1.22154,0,0.943531,1.90512,9.45415e+06,4.16116e+06,1.15487e+07,0,341756,0,0
85.1408,85.1408,6.266,0,0,2.68979,2.68979,0,0.50394,4.6872,4.54919e+06,3.11316e+06,1.22364e+07,0,364389,0,0,62.338,61.3098,5.02516,0,1,1.22185,1.22185,0,0.943765,1.90512,9.45415e+06,4.16116e+06,1.15515e+07,0,341841,0,0
85.1408,85.1408,5.23249,0,0,2.69045,2.69045,0,0.504066,4.6872,4.54919e+06,3.11316e+06,1.22394e+07,0,364479,0,0,62.338,61.3098,3.87134,0,1,1.22215,1.22215,0,0.944,1.90512,9.45415e+06,4.16116e+06,1.15544e+07,0,341926,0,0
85.1408,85.1408,4.68634,0,0,2.69112,2.69112,0,0.504191,4.6872,4.54919e+06,3.11316e+06,1.22424e+07,0,364570,0,0,62.338,61.3098,3.37615,0,1,1.22246,1.22246,0,0.944235,1.90512,9.45415e+06,4.16116e+06,1.15573e+07,0,342011,0,0
85.1408,85.1408,5.78669,0,0,2.79014,2.79014,0,0.504316,4.6872,4.54919e+06,3.11316e+06,1.26929e+07,0,377984,0,0,62.338,61.3098,3.50534,0,1,1.27194,1.27194,0,0.944469,1.90512,9.45415e+06,4.16116e+06,1.20251e+07,0,355855,0,0
85.1408,85.1408,5.25264,0,0,2.79084,2.79084,0,0.522873,4.6872,4.54919e+06,3.11316e+06,1.26961e+07,0,378078,0,0,62.338,61.3098,3.7301,0,1,1.27225,1.27225,0,0.982699,1.90512,9.45415e+06,4.16116e+06,1.20281e+07,0,355944,0,0
85.1408,85.1408,5.04197,0,0,2.79153,2.79153,0,0.523003,4.6872,4.54919e+06,3.11316e+06,1.26992e+07,0,378172,0,0,62.338,61.3098,3.46557,0,1,1.27257,1.27257,0,0.982944,1.90512,9.45415e+06,4.16116e+06,1.20311e+07,0,356032,0,0
85.1408,85.1408,6.02942,0,0,2.79223,2.79223,0,0.523133,4.6872,4.54919e+06,3.11316e+06,1.27024e+07,0,378266,0,0,62.2026,61.3098,3.07259,0,1,1.27289,1.27289,0,0.983188,1.90512,9.45415e+06,4.16116e+06,1.20341e+07,0,356121,0,0
85.1408,85.1408,4.01345,0,0,2.75443,2.75443,0,0.523263,4.6872,4.54919e+06,3.11316e+06,1.25304e+07,0,373146,0,0,62.1911,61.3098,2.32201,0,1,1.25408,1.25408,0,0.983432,1.90512,9.45415e+06,4.16116e+06,1.18563e+07,0,350860,0,0
85.1408,85.1408,3.42815,0,0,2.75511,2.75511,0,0.516179,4.6872,4.54919e+06,3.11316e+06,1.25335e+07,0,373238,0,0,62.338,61.3098,2.33459,0,1,1.2544,1.2544,0,0.968905,1.90512,9.45415e+06,4.16116e+06,1.18592e+07,0,350947,0,0
85.0661,85.1408,3.08395,0,0,2.7558,2.7558,0,0.516308,4.6872,4.54919e+06,3.11316e+06,1.25366e+07,0,373331,0,0,62.1442,61.3098,2.42268,0,1,1.25471,1.25471,0,0.969146,1.90512,9.45415e+06,4.16116e+06,1.18622e+07,0,351034,0,0
85.1408,85.1408,3.34091,0,0,2.75648,2.75648,0,0.516436,4.6872,4.54919e+06,3.11316e+06,1.25398e+07,0,373424,0,0,62.2287,61.3098,2.07791,0,1,1.25502,1.25502,0,0.969387,1.90512,9.45415e+06,4.16116e+06,1.18651e+07,0,351122,0,0
85.0581,85.1408,3.12761,0,0,2.88796,2.88796,0,0.516564,4.6872,4.54919e+06,3.11316e+06,1.31379e+07,0,391235,0,0,62.2902,61.3098,2.16575,0,1,1.3232,1.3232,0,0.969628,1.90512,9.45415e+06,4.16116e+06,1.25097e+07,0,370197,0,0
84.8736,85.1408,2.97501,0,0,2.88867,2.88867,0,0.541203,4.6872,4.54919e+06,3.11316e+06,1.31411e+07,0,391332,0,0,62.2871,61.3098,2.21213,0,1,1.32353,1.32353,0,1.02231,1.90512,9.45415e+06,4.16116e+06,1.25129e+07,0,370289,0,0
84.5431,85.1408,2.79429,0,0,2.88939,2.88939,0,0.541338,4.6872,4.54919e+06,3.11316e+06,1.31444e+07,0,391430,0,0,62.151,61.3098,2.09204,0,1,1.32386,1.32386,0,1.02256,1.90512,9.45415e+06,4.16116e+06,1.2516e+07,0,370381,0,0
84.0491,85.1408,2.59481,0,0,2.89011,2.89011,0,0.541472,4.6872,4.54919e+06,3.11316e+06,1.31477e+07,0,391527,0,0,62.2519,61.3098,1.88876,0,1,1.32419,1.32419,0,1.02281,1.90512,9.45415e+06,4.16116e+06,1.25191e+07,0,370473,0,0
83.4285,85.1408,2.43968,0,0,2.89083,2.89083,0,0.541607,4.6872,4.54919e+06,3.11316e+06,1.31509e+07,0,391624,0,0,62.338,61.3098,2.03443,0,1,1.32452,1.32452,0,1.02307,1.90512,9.45415e+06,4.16116e+06,1.25222e+07,0,370565,0,0
83.4478,85.1408,3.06553,0,0,2.86565,2.86565,0,0.541741,4.6872,4.54919e+06,3.11316e+06,1.30364e+07,0,388213,0,0,62.338,61.3098,2.1992,0,1,1.36219,1.36219,0,1.02332,1.90512,9.45415e+06,4.16116e+06,1.28784e+07,0,381106,0,0
83.1307,85.1408,2.71439,0,0,2.86636,2.86636,0,0.537023,4.6872,4.54919e+06,3.11316e+06,1.30396e+07,0,388309,0,0,62.2574,61.3098,1.97955,0,1,1.36253,1.36253,0,1.05243,1.90512,9.45415e+06,4.16116e+06,1.28816e+07,0,381201,0,0
82.6268,85.1408,2.51335,0,0,2.86707,2.86707,0,0.537156,4.6872,4.54919e+06,3.11316e+06,1.30429e+07,0,388406,0,0,62.0412,61.3098,1.84499,0,1,1.36287,1.36287,0,1.05269,1.90512,9.45415e+06,4.16116e+06,1.28848e+07,0,381296,0,0
82.0587,85.1408,2.43359,0,0,2.86778,2.86778,0,0.537289,4.6872,4.54919e+06,3.11316e+06,1.30461e+07,0,388502,0,0,61.6141,61.3098,1.70006,0,1,1.36321,1.36321,0,1.05295,1.90512,9.45415e+06,4.16116e+06,1.2888e+07,0,381391,0,0
81.123,85.1408,2.08657,0,0,2.93544,2.93544,0,0.537423,4.6872,4.54919e+06,3.11316e+06,1.33539e+07,0,397668,0,0,61.1449,61.3098,1.4467,0,1,1.39687,1.39687,0,1.05322,1.90512,9.45415e+06,4.16116e+06,1.32062e+07,0,390807,0,0
80.056,85.1408,1.96296,0,0,2.93617,2.93617,0,0.550102,4.6872,4.54919e+06,3.11316e+06,1.33572e+07,0,397767,0,0,60.6548,61.3098,1.47317,0,1,1.39721,1.39721,0,1.07922,1.90512,9.45415e+06,4.16116e+06,1.32095e+07,0,390904,0,0
78.8707,85.1408,1.81461,0,0,2.9369,2.9369,0,0.550238,4.6872,4.54919e+06,3.11316e+06,1.33605e+07,0,397866,0,0,59.9571,61.3098,1.40541,0,1,1.39756,1.39756,0,1.07949,1.90512,9.45415e+06,4.16116e+06,1.32128e+07,0,391001,0,0
77.5368,85.1408,1.65145,0,0,2.93763,2.93763,0,0.550375,4.6872,4.54919e+06,3.11316e+06,1.33638e+07,0,397964,0,0,59.4724,61.3098,1.2263,0,1,1.39791,1.39791,0,1.07976,1.90512,9.45415e+06,4.16116e+06,1.3216e+07,0,391098,0,0
76.2651,85.1408,1.86416,0,0,3.1346,3.1346,0,0.550512,4.6872,4.54919e+06,3.11316e+06,1.42599e+07,0,424648,0,0,58.5841,61.3098,1.53789,0,1,1.51864,1.51864,0,1.08002,1.90512,9.45415e+06,4.16116e+06,1.43574e+07,0,424876,0,0
74.9589,85.1408,1.82819,0.01,0,3.13538,3.13538,0,0.587424,4.6872,4.54919e+06,3.11316e+06,1.42634e+07,0,424754,0,0,57.7653,61.3098,1.06842,0,1,1.51902,1.51902,0,1.1733,1.90512,9.45415e+06,4.16116e+06,1.4361e+07,0,424981,0,0
73.7756,85.1408,1.96344,0.01,0,3.13616,3.13616,0,0.58757,4.6872,4.54919e+06,3.11316e+06,1.4267e+07,0,424859,0,0,56.7566,61.3098,1.31594,0,1,1.51939,1.51939,0,1.17359,1.90512,9.45415e+06,4.16116e+06,1.43646e+07,0,425087,0,0
72.2711,85.1408,1.62489,0.01,0,3.13693,3.13693,0,0.587716,4.6872,4.54919e+06,3.11316e+06,1.42705e+07,0,424965,0,0,56.2075,61.3098,0.919411,0,1,1.51977,1.51977,0,1.17388,1.90512,9.45415e+06,4.16116e+06,1.43681e+07,0,425192,0,0
71.1554,85.1408,1.99946,0.01,0,3.13771,3.13771,0,0.587862,4.6872,4.54919e+06,3.11316e+06,1.42741e+07,0,425070,0,0,55.4262,61.3098,1.73756,0,1,1.52015,1.52015,0,1.17417,1.90512,9.45415e+06,4.16116e+06,1.43717e+07,0,425298,0,0
70.1683,85.1408,2.10371,0.01,0,3.04273,3.04273,0,0.588007,4.6872,4.54919e+06,3.11316e+06,1.3842e+07,0,412203,0,0,55.1606,61.3098,1.16787,0,1,1.44737,1.44737,0,1.17447,1.90512,9.45415e+06,4.16116e+06,1.36836e+07,0,404935,0,0
70.4951,85.1408,3.39619,0.01,0,3.04349,3.04349,0,0.570208,4.6872,4.54919e+06,3.11316e+06,1.38454e+07,0,412305,0,0,54.7591,61.3098,1.87789,0,1,1.44773,1.44773,0,1.11823,1.90512,9.45415e+06,4.16116e+06,1.3687e+07,0,405036,0,0
69.3363,85.1408,1.94501,0.01,0,3.04424,3.04424,0,0.57035,4.6872,4.54919e+06,3.11316e+06,1.38489e+07,0,412408,0,0,53.9239,61.3098,1.26118,0,1,1.44808,1.44808,0,1.11851,1.90512,9.45415e+06,4.16116e+06,1.36904e+07,0,405136,0,0
68.0575,85.1408,1.75557,0.02,0,3.045,3.045,0,0.570491,4.6872,4.54919e+06,3.11316e+06,1.38523e+07,0,412510,0,0,53.3766,61.3098,1.08046,0,1,1.44844,1.44844,0,1.11879,1.90512,9.45415e+06,4.16116e+06,1.36938e+07,0,405237,0,0
66.849,85.1408,1.84448,0.02,0,2.96708,2.96708,0,0.570633,4.6872,4.54919e+06,3.11316e+06,1.34978e+07,0,401954,0,0,53.1077,61.3098,1.51168,0,1,1.38214,1.38214,0,1.11907,1.90512,9.45415e+06,4.16116e+06,1.3067e+07,0,386688,0,0
66.2755,85.1408,2.49014,0.02,0,2.96781,2.96781,0,0.55603,4.6872,4.54919e+06,3.11316e+06,1.35012e+07,0,402053,0,0,53.2527,61.3098,1.53361,0,1,1.38249,1.38249,0,1.06784,1.90512,9.45415e+06,4.16116e+06,1.30702e+07,0,386784,0,0
68.0763,85.1408,4.95444,0.02,0,2.96855,2.96855,0,0.556168,4.6872,4.54919e+06,3.11316e+06,1.35045e+07,0,402153,0,0,54.3549,61.3098,3.71603,0,1,1.38283,1.38283,0,1.06811,1.90512,9.45415e+06,4.16116e+06,1.30735e+07,0,386880,0,0
68.0353,85.1408,3.03326,0.02,0,2.96929,2.96929,0,0.556306,4.6872,4.54919e+06,3.11316e+06,1.35079e+07,0,402253,0,0,55.1884,61.3098,3.26742,0,1,1.38317,1.38317,0,1.06837,1.90512,9.45415e+06,4.16116e+06,1.30767e+07,0,386976,0,0
70.0611,85.1408,5.15179,0.02,0,2.74635,2.74635,0,0.556444,4.6872,4.54919e+06,3.11316e+06,1.24937e+07,0,372051,0,0,56.0619,61.3098,2.88448,0,1,1.24455,1.24455,0,1.06864,1.90512,9.45415e+06,4.16116e+06,1.17661e+07,0,348192,0,0
71.527,85.1408,4.63719,0.01,0,2.74703,2.74703,0,0.514665,4.6872,4.54919e+06,3.11316e+06,1.24968e+07,0,372143,0,0,57.0811,61.3098,3.01058,0,1,1.24486,1.24486,0,0.961537,1.90512,9.45415e+06,4.16116e+06,1.17691e+07,0,348278,0,0
73.0223,85.1408,4.82102,0.01,0,2.74771,2.74771,0,0.514793,4.6872,4.54919e+06,3.11316e+06,1.24999e+07,0,372236,0,0,58.4152,61.3098,3.54557,0,1,1.24516,1.24516,0,0.961775,1.90512,9.45415e+06,4.16116e+06,1.1772e+07,0,348365,0,0
76.728,85.1408,7.11638,0.01,0,2.74839,2.74839,0,0.514921,4.6872,4.54919e+06,3.11316e+06,1.2503e+07,0,372328,0,0,60.1212,61.3098,4.09647,0,1,1.24547,1.24547,0,0.962014,1.90512,9.45415e+06,4.16116e+06,1.17749e+07,0,348451,0,0
77.5927,85.1408,4.1934,0,0,2.74907,2.74907,0,0.515048,4.6872,4.54919e+06,3.11316e+06,1.25061e+07,0,372420,0,0,61.5532,61.3098,3.52028,0,1,1.24578,1.24578,0,0.962253,1.90512,9.45415e+06,4.16116e+06,1.17778e+07,0,348537,0,0
80.6624,85.1408,6.63111,0,0.02,2.83588,2.83588,0,0.515176,4.6872,4.54919e+06,3.11316e+06,1.2901e+07,0,384180,0,0,62.338,61.3098,5.4568,0,1,1.28637,1.28637,0,0.962491,1.90512,9.45415e+06,4.16116e+06,1.21616e+07,0,359894,0,0
85.1408,85.1408,8.34448,0,0.02,2.83655,2.83655,0,0.531444,4.6872,4.54919e+06,3.11316e+06,1.2904e+07,0,384271,0,0,62.338,61.3098,5.66213,0,1,1.28668,1.28668,0,0.993853,1.90512,9.45415e+06,4.16116e+06,1.21645e+07,0,359980,0,0
85.1408,85.1408,8.27767,0,0.02,2.83723,2.83723,0,0.53157,4.6872,4.54919e+06,3.11316e+06,1.29071e+07,0,384363,0,0,62.338,61.3098,5.92021,0,1,1.28699,1.28699,0,0.994089,1.90512,9.45415e+06,4.16116e+06,1.21674e+07,0,360065,0,0
85.1408,85.1408,7.42895,0,0.02,2.8379,2.8379,0,0.531696,4.6872,4.54919e+06,3.11316e+06,1.29102e+07,0,384454,0,0,62.338,61.3098,5.87422,0,1,1.28729,1.28729,0,0.994325,1.90512,9.45415e+06,4.16116e+06,1.21702e+07,0,360151,0,0
85.1408,85.1408,7.57679,0,0.02,3.11544,3.11544,0,0.531823,4.6872,4.54919e+06,3.11316e+06,1.41728e+07,0,422053,0,0,62.338,61.3098,5.92711,0,1,1.43899,1.43899,0,0.994562,1.90512,9.45415e+06,4.16116e+06,1.36044e+07,0,402592,0,0
85.1408,85.1408,8.56988,0,0.02,3.11618,3.11618,0,0.583834,4.6872,4.54919e+06,3.11316e+06,1.41761e+07,0,422153,0,0,62.338,61.3098,6.7386,0,1,1.43933,1.43933,0,1.11176,1.90512,9.45415e+06,4.16116e+06,1.36077e+07,0,402688,0,0
85.1408,85.1408,7.56697,0,0.02,3.11692,3.11692,0,0.583973,4.6872,4.54919e+06,3.11316e+06,1.41795e+07,0,422254,0,0,62.338,61.3098,7.49068,0,1,1.43968,1.43968,0,1.11203,1.90512,9.45415e+06,4.16116e+06,1.36109e+07,0,402784,0,0
85.1408,85.1408,8.45692,0,0.02,3.11766,3.11766,0,0.584111,4.6872,4.54919e+06,3.11316e+06,1.41829e+07,0,422354,0,0,62.338,61.3098,8.82247,0,1,1.44002,1.44002,0,1.11229,1.90512,9.45415e+06,4.16116e+06,1.36141e+07,0,402879,0,0
85.1408,85.1408,7.19785,0,0.02,2.72313,2.72313,0,0.58425,4.6872,4.54919e+06,3.11316e+06,1.2388e+07,0,368905,0,0,62.338,61.3098,7.239,0,1,1.23699,1.23699,0,1.11256,1.90512,9.45415e+06,4.16116e+06,1.16947e+07,0,346079,0,0
85.1408,85.1408,6.1834,0,0.02,2.72377,2.72377,0,0.510314,4.6872,4.54919e+06,3.11316e+06,1.2391e+07,0,368993,0,0,62.338,61.3098,6.00951,0,1,1.23729,1.23729,0,0.955701,1.90512,9.45415e+06,4.16116e+06,1.16975e+07,0,346161,0,0
85.1408,85.1408,6.20945,0,0.02,2.72442,2.72442,0,0.510435,4.6872,4.54919e+06,3.11316e+06,1.23939e+07,0,369081,0,0,62.338,61.3098,5.13414,0,1,1.23758,1.23758,0,0.955928,1.90512,9.45415e+06,4.16116e+06,1.17003e+07,0,346243,0,0
85.1408,85.1408,10.6349,0,0.02,2.72507,2.72507,0,0.510556,4.6872,4.54919e+06,3.11316e+06,1.23969e+07,0,369168,0,0,62.338,61.3098,8.73023,0,1,1.23788,1.23788,0,0.956156,1.90512,9.45415e+06,4.16116e+06,1.17031e+07,0,346325,0,0
85.1408,85.1408,7.95752,0,0.02,2.72572,2.72572,0,0.510678,4.6872,4.54919e+06,3.11316e+06,1.23998e+07,0,369256,0,0,62.338,61.3098,5.926,0,1,1.23817,1.23817,0,0.956383,1.90512,9.45415e+06,4.16116e+06,1.17058e+07,0,346408,0,0
85.1408,85.1408,8.66847,0,0.02,2.82598,2.82598,0,0.510799,4.6872,4.54919e+06,3.11316e+06,1.28559e+07,0,382839,0,0,62.338,61.3098,7.58462,0,1,1.28827,1.28827,0,0.95661,1.90512,9.45415e+06,4.16116e+06,1.21795e+07,0,360425,0,0
85.1408,85.1408,8.88392,0,0.02,2.82665,2.82665,0,0.529588,4.6872,4.54919e+06,3.11316e+06,1.2859e+07,0,382930,0,0,62.338,61.3098,7.76135,0,1,1.28858,1.28858,0,0.99532,1.90512,9.45415e+06,4.16116e+06,1.21824e+07,0,360511,0,0
85.1408,85.1408,8.17207,0,0.02,2.82732,2.82732,0,0.529714,4.6872,4.54919e+06,3.11316e+06,1.2862e+07,0,383021,0,0,62.338,61.3098,7.44607,0,1,1.28889,1.28889,0,0.995556,1.90512,9.45415e+06,4.16116e+06,1.21853e+07,0,360597,0,0
85.1408,85.1408,7.2338,0,0.02,2.82799,2.82799,0,0.52984,4.6872,4.54919e+06,3.11316e+06,1.28651e+07,0,383112,0,0,62.338,61.3098,7.03396,0,1,1.28919,1.28919,0,0.995793,1.90512,9.45415e+06,4.16116e+06,1.21882e+07,0,360682,0,0
85.1408,85.1408,5.50143,0,0.02,2.78968,2.78968,0,0.529966,4.6872,4.54919e+06,3.11316e+06,1.26908e+07,0,377921,0,0,62.338,61.3098,4.90281,0,1,1.27013,1.27013,0,0.996029,1.90512,9.45415e+06,4.16116e+06,1.2008e+07,0,355350,0,0
85.1408,85.1408,4.46786,0,0.02,2.79034,2.79034,0,0.522785,4.6872,4.54919e+06,3.11316e+06,1.26938e+07,0,378011,0,0,62.338,61.3098,3.53724,0,1,1.27044,1.27044,0,0.981305,1.90512,9.45415e+06,4.16116e+06,1.20109e+07,0,355435,0,0
85.1408,85.1408,4.01971,0,0.02,2.791,2.791,0,0.52291,4.6872,4.54919e+06,3.11316e+06,1.26968e+07,0,378101,0,0,62.338,61.3098,3.3782,0,1,1.27074,1.27074,0,0.981538,1.90512,9.45415e+06,4.16116e+06,1.20137e+07,0,355519,0,0
85.1408,85.1408,3.7922,0,0.02,2.79166,2.79166,0,0.523034,4.6872,4.54919e+06,3.11316e+06,1.26998e+07,0,378190,0,0,62.338,61.3098,3.28705,0,1,1.27104,1.27104,0,0.981771,1.90512,9.45415e+06,4.16116e+06,1.20166e+07,0,355603,0,0
85.1408,85.1408,3.575,0,0.02,2.92479,2.92479,0,0.523158,4.6872,4.54919e+06,3.11316e+06,1.33054e+07,0,396225,0,0,62.338,61.3098,3.85602,0,1,1.34008,1.34008,0,0.982004,1.90512,9.45415e+06,4.16116e+06,1.26693e+07,0,374918,0,0
85.1007,85.1408,3.16253,0,0.02,2.92548,2.92548,0,0.548105,4.6872,4.54919e+06,3.11316e+06,1.33086e+07,0,396319,0,0,62.338,61.3098,2.79547,0,1,1.34039,1.34039,0,1.03534,1.90512,9.45415e+06,4.16116e+06,1.26723e+07,0,375007,0,0
84.9498,85.1408,3.00336,0,0.02,2.92618,2.92618,0,0.548235,4.6872,4.54919e+06,3.11316e+06,1.33117e+07,0,396413,0,0,62.338,61.3098,2.58328,0,1,1.34071,1.34071,0,1.03559,1.90512,9.45415e+06,4.16116e+06,1.26753e+07,0,375096,0,0
84.7236,85.1408,2.9171,0,0.02,2.92687,2.92687,0,0.548365,4.6872,4.54919e+06,3.11316e+06,1.33149e+07,0,396507,0,0,62.338,61.3098,2.7279,0,1,1.34103,1.34103,0,1.03583,1.90512,9.45415e+06,4.16116e+06,1.26783e+07,0,375185,0,0
84.2291,85.1408,2.65576,0,0.02,2.92756,2.92756,0,0.548495,4.6872,4.54919e+06,3.11316e+06,1.33181e+07,0,396601,0,0,62.338,61.3098,2.61675,0,1,1.34135,1.34135,0,1.03608,1.90512,9.45415e+06,4.16116e+06,1.26813e+07,0,375274,0,0
83.8114,85.1408,2.69565,0,0.02,2.90203,2.90203,0,0.548626,4.6872,4.54919e+06,3.11316e+06,1.32019e+07,0,393142,0,0,62.338,61.3098,2.18038,0,1,1.37949,1.37949,0,1.03633,1.90512,9.45415e+06,4.16116e+06,1.30419e+07,0,385945,0,0
83.4244,85.1408,2.71282,0,0.02,2.90272,2.90272,0,0.543841,4.6872,4.54919e+06,3.11316e+06,1.3205e+07,0,393235,0,0,62.338,61.3098,2.17867,0,1,1.37982,1.37982,0,1.06579,1.90512,9.45415e+06,4.16116e+06,1.3045e+07,0,386037,0,0
82.943,85.1408,2.60075,0,0.02,2.90341,2.90341,0,0.54397,4.6872,4.54919e+06,3.11316e+06,1.32082e+07,0,393329,0,0,62.2624,61.3098,2.16139,0,1,1.38014,1.38014,0,1.06605,1.90512,9.45415e+06,4.16116e+06,1.30481e+07,0,386128,0,0
82.1998,85.1408,2.29931,0,0.02,2.9041,2.9041,0,0.544099,4.6872,4.54919e+06,3.11316e+06,1.32113e+07,0,393422,0,0,62.2496,61.3098,1.94543,0,1,1.38047,1.38047,0,1.0663,1.90512,9.45415e+06,4.16116e+06,1.30512e+07,0,386220,0,0
81.2234,85.1408,2.09828,0,0.02,2.97258,2.97258,0,0.544228,4.6872,4.54919e+06,3.11316e+06,1.35228e+07,0,402699,0,0,62.2533,61.3098,1.89556,0,1,1.41454,1.41454,0,1.06655,1.90512,9.45415e+06,4.16116e+06,1.33733e+07,0,395751,0,0
80.4162,85.1408,2.28992,0,0.02,2.97329,2.97329,0,0.557062,4.6872,4.54919e+06,3.11316e+06,1.35261e+07,0,402795,0,0,62.338,61.3098,2.23227,0,1,1.41488,1.41488,0,1.09287,1.90512,9.45415e+06,4.16116e+06,1.33764e+07,0,395845,0,0
79.4451,85.1408,2.09096,0,0.02,2.97399,2.97399,0,0.557194,4.6872,4.54919e+06,3.11316e+06,1.35293e+07,0,402890,0,0,62.2773,61.3098,2.17299,0,1,1.41521,1.41521,0,1.09313,1.90512,9.45415e+06,4.16116e+06,1.33796e+07,0,395939,0,0
78.3153,85.1408,1.91952,0,0.02,2.9747,2.9747,0,0.557326,4.6872,4.54919e+06,3.11316e+06,1.35325e+07,0,402986,0,0,62.291,61.3098,1.91288,0,1,1.41555,1.41555,0,1.09339,1.90512,9.45415e+06,4.16116e+06,1.33828e+07,0,396033,0,0
77.1366,85.1408,2.01793,0,0.02,3.17412,3.17412,0,0.557458,4.6872,4.54919e+06,3.11316e+06,1.44397e+07,0,430002,0,0,62.2105,61.3098,2.2581,0,1,1.53778,1.53778,0,1.09365,1.90512,9.45415e+06,4.16116e+06,1.45384e+07,0,430232,0,0
75.8178,85.1408,1.86354,0,0.02,3.17487,3.17487,0,0.594829,4.6872,4.54919e+06,3.11316e+06,1.44431e+07,0,430104,0,0,62.116,61.3098,1.92728,0,1,1.53815,1.53815,0,1.18809,1.90512,9.45415e+06,4.16116e+06,1.45419e+07,0,430334,0,0
74.7166,85.1408,2.10194,0.01,0.02,3.17562,3.17562,0,0.594971,4.6872,4.54919e+06,3.11316e+06,1.44465e+07,0,430206,0,0,62.0205,61.3098,2.4002,0,1,1.53851,1.53851,0,1.18837,1.90512,9.45415e+06,4.16116e+06,1.45453e+07,0,430436,0,0
73.2156,85.1408,1.69955,0.01,0.02,3.17638,3.17638,0,0.595112,4.6872,4.54919e+06,3.11316e+06,1.44499e+07,0,430308,0,0,61.8462,61.3098,1.73194,0,1,1.53888,1.53888,0,1.18866,1.90512,9.45415e+06,4.16116e+06,1.45488e+07,0,430538,0,0
72.0914,85.1408,2.04639,0.01,0.02,3.17713,3.17713,0,0.595253,4.6872,4.54919e+06,3.11316e+06,1.44534e+07,0,430410,0,0,61.9423,61.3098,3.00897,0,1,1.53924,1.53924,0,1.18894,1.90512,9.45415e+06,4.16116e+06,1.45522e+07,0,430640,0,0
70.3117,85.1408,1.30117,0.01,0.02,3.08092,3.08092,0,0.595394,4.6872,4.54919e+06,3.11316e+06,1.40157e+07,0,417376,0,0,61.5581,61.3098,1.69403,0,1,1.46553,1.46553,0,1.18922,1.90512,9.45415e+06,4.16116e+06,1.38554e+07,0,410018,0,0
68.5241,85.1408,1.26901,0.01,0.02,3.08165,3.08165,0,0.577365,4.6872,4.54919e+06,3.11316e+06,1.4019e+07,0,417475,0,0,61.194,61.3098,1.61446,0,1,1.46588,1.46588,0,1.13227,1.90512,9.45415e+06,4.16116e+06,1.38586e+07,0,410115,0,0
66.9622,85.1408,1.51435,0.02,0.02,3.08238,3.08238,0,0.577502,4.6872,4.54919e+06,3.11316e+06,1.40224e+07,0,417574,0,0,61.0956,61.3098,1.6396,0,1,1.46623,1.46623,0,1.13254,1.90512,9.45415e+06,4.16116e+06,1.38619e+07,0,410212,0,0
66.1865,85.1408,2.35284,0.02,0.02,3.08311,3.08311,0,0.577639,4.6872,4.54919e+06,3.11316e+06,1.40257e+07,0,417673,0,0,61.423,61.3098,2.82462,0,1,1.46657,1.46657,0,1.13281,1.90512,9.45415e+06,4.16116e+06,1.38652e+07,0,410309,0,0
65.3874,85.1408,2.31258,0.02,0.02,3.00418,3.00418,0,0.577776,4.6872,4.54919e+06,3.11316e+06,1.36666e+07,0,406980,0,0,61.555,61.3098,2.39222,0,1,1.39943,1.39943,0,1.13308,1.90512,9.45415e+06,4.16116e+06,1.32304e+07,0,391524,0,0
64.9716,85.1408,2.68428,0.02,0.02,3.00489,3.00489,0,0.562984,4.6872,4.54919e+06,3.11316e+06,1.36698e+07,0,407077,0,0,61.7105,61.3098,2.58124,0,1,1.39976,1.39976,0,1.0812,1.90512,9.45415e+06,4.16116e+06,1.32335e+07,0,391617,0,0
65.412,85.1408,3.56413,0.02,0.02,3.00561,3.00561,0,0.563117,4.6872,4.54919e+06,3.11316e+06,1.36731e+07,0,407173,0,0,61.9452,61.3098,3.07509,0,1,1.40009,1.40009,0,1.08146,1.90512,9.45415e+06,4.16116e+06,1.32367e+07,0,391709,0,0
65.5717,85.1408,3.40809,0.02,0.02,3.00632,3.00632,0,0.563251,4.6872,4.54919e+06,3.11316e+06,1.36763e+07,0,407270,0,0,62.338,61.3098,3.54831,0,1,1.40042,1.40042,0,1.08171,1.90512,9.45415e+06,4.16116e+06,1.32398e+07,0,391802,0,0
65.7651,85.1408,3.26671,0.02,0.02,2.78057,2.78057,0,0.563384,4.6872,4.54919e+06,3.11316e+06,1.26493e+07,0,376687,0,0,62.338,61.3098,4.55201,0,1,1.26006,1.26006,0,1.08197,1.90512,9.45415e+06,4.16116e+06,1.19128e+07,0,352531,0,0
66.6857,85.1408,4.03815,0.02,0.02,2.78123,2.78123,0,0.521078,4.6872,4.54919e+06,3.11316e+06,1.26523e+07,0,376776,0,0,62.338,61.3098,6.1471,0,1,1.26035,1.26035,0,0.973519,1.90512,9.45415e+06,4.16116e+06,1.19156e+07,0,352614,0,0
70.1474,85.1408,6.93439,0.02,0.02,2.78189,2.78189,0,0.521202,4.6872,4.54919e+06,3.11316e+06,1.26553e+07,0,376866,0,0,62.338,61.3098,7.47888,0,1,1.26065,1.26065,0,0.973749,1.90512,9.45415e+06,4.16116e+06,1.19184e+07,0,352698,0,0
73.1607,85.1408,6.59863,0.01,0.02,2.78255,2.78255,0,0.521325,4.6872,4.54919e+06,3.11316e+06,1.26583e+07,0,376955,0,0,62.338,61.3098,11.0103,0,1,1.26095,1.26095,0,0.97398,1.90512,9.45415e+06,4.16116e+06,1.19212e+07,0,352781,0,0
75.0833,85.1408,5.26499,0.01,0.02,2.7832,2.7832,0,0.521449,4.6872,4.54919e+06,3.11316e+06,1.26613e+07,0,377044,0,0,62.338,61.3098,6.04126,0,1,1.26125,1.26125,0,0.974211,1.90512,9.45415e+06,4.16116e+06,1.1924e+07,0,352865,0,0
76.2871,85.1408,4.53073,0.01,0.02,2.87106,2.87106,0,0.521573,4.6872,4.54919e+06,3.11316e+06,1.3061e+07,0,388946,0,0,62.338,61.3098,5.68607,0,1,1.30233,1.30233,0,0.974442,1.90512,9.45415e+06,4.16116e+06,1.23124e+07,0,364359,0,0
76.8868,85.1408,3.88025,0,0.02,2.87171,2.87171,0,0.538036,4.6872,4.54919e+06,3.11316e+06,1.3064e+07,0,389034,0,0,62.338,61.3098,4.21361,0,1,1.30263,1.30263,0,1.00618,1.90512,9.45415e+06,4.16116e+06,1.23152e+07,0,364442,0,0
77.0177,85.1408,3.37175,0,0.02,2.87236,2.87236,0,0.538159,4.6872,4.54919e+06,3.11316e+06,1.30669e+07,0,389123,0,0,62.338,61.3098,3.75283,0,1,1.30292,1.30292,0,1.00641,1.90512,9.45415e+06,4.16116e+06,1.2318e+07,0,364524,0,0
77.0686,85.1408,3.28416,0,0.02,2.87302,2.87302,0,0.538281,4.6872,4.54919e+06,3.11316e+06,1.30699e+07,0,389211,0,0,62.338,61.3098,3.86435,0,1,1.30322,1.30322,0,1.00664,1.90512,9.45415e+06,4.16116e+06,1.23208e+07,0,364607,0,0
76.8737,85.1408,3.33506,0,0.02,3.15396,3.15396,0,0.538403,4.6872,4.54919e+06,3.11316e+06,1.4348e+07,0,427271,0,0,62.338,61.3098,3.46957,0,1,1.45678,1.45678,0,1.00687,1.90512,9.45415e+06,4.16116e+06,1.37726e+07,0,407570,0,0
76.4777,85.1408,3.03569,0,0.02,3.15468,3.15468,0,0.591052,4.6872,4.54919e+06,3.11316e+06,1.43512e+07,0,427368,0,0,62.338,61.3098,2.32381,0,1,1.45711,1.45711,0,1.12551,1.90512,9.45415e+06,4.16116e+06,1.37758e+07,0,407663,0,0
76.4121,85.1408,3.40047,0.01,0.02,3.15539,3.15539,0,0.591187,4.6872,4.54919e+06,3.11316e+06,1.43545e+07,0,427465,0,0,62.338,61.3098,2.6727,0,1,1.45744,1.45744,0,1.12577,1.90512,9.45415e+06,4.16116e+06,1.37789e+07,0,407755,0,0
77.1669,85.1408,4.29241,0.01,0.02,3.15611,3.15611,0,0.591321,4.6872,4.54919e+06,3.11316e+06,1.43578e+07,0,427562,0,0,62.3231,61.3098,2.77058,0,1,1.45778,1.45778,0,1.12602,1.90512,9.45415e+06,4.16116e+06,1.3782e+07,0,407848,0,0
79.9106,85.1408,5.96178,0,0.02,2.75668,2.75668,0,0.591455,4.6872,4.54919e+06,3.11316e+06,1.25407e+07,0,373451,0,0,62.338,61.3098,3.16621,0,1,1.25224,1.25224,0,1.12628,1.90512,9.45415e+06,4.16116e+06,1.18388e+07,0,350343,0,0
82.4239,85.1408,5.91681,0,0.02,2.75731,2.75731,0,0.516602,4.6872,4.54919e+06,3.11316e+06,1.25435e+07,0,373536,0,0,62.338,61.3098,3.08943,0,1,1.25252,1.25252,0,0.967477,1.90512,9.45415e+06,4.16116e+06,1.18415e+07,0,350423,0,0
84.3126,85.1408,5.17333,0,0.02,2.75793,2.75793,0,0.516719,4.6872,4.54919e+06,3.11316e+06,1.25464e+07,0,373621,0,0,62.338,61.3098,2.98472,0,1,1.2528,1.2528,0,0.967697,1.90512,9.45415e+06,4.16116e+06,1.18442e+07,0,350502,0,0
84.8678,85.1408,3.8354,0,0.02,2.75856,2.75856,0,0.516837,4.6872,4.54919e+06,3.11316e+06,1.25492e+07,0,373706,0,0,62.338,61.3098,2.28208,0,1,1.25309,1.25309,0,0.967917,1.90512,9.45415e+06,4.16116e+06,1.18469e+07,0,350582,0,0
85.1408,85.1408,4.95248,0,0.02,2.75919,2.75919,0,0.516954,4.6872,4.54919e+06,3.11316e+06,1.25521e+07,0,373790,0,0,62.338,61.3098,2.56183,0,1,1.25337,1.25337,0,0.968137,1.90512,9.45415e+06,4.16116e+06,1.18496e+07,0,350661,0,0
85.1408,85.1408,3.82165,0,0.02,2.86065,2.86065,0,0.517072,4.6872,4.54919e+06,3.11316e+06,1.30137e+07,0,387536,0,0,62.338,61.3098,2.81128,0,1,1.30408,1.30408,0,0.968357,1.90512,9.45415e+06,4.16116e+06,1.2329e+07,0,364848,0,0
85.1408,85.1408,5.57382,0,0.02,2.8613,2.8613,0,0.536086,4.6872,4.54919e+06,3.11316e+06,1.30166e+07,0,387624,0,0,62.338,61.3098,4.21605,0,1,1.30438,1.30438,0,1.00753,1.90512,9.45415e+06,4.16116e+06,1.23318e+07,0,364930,0,0
85.1408,85.1408,4.24843,0,0.02,2.86195,2.86195,0,0.536208,4.6872,4.54919e+06,3.11316e+06,1.30196e+07,0,387712,0,0,62.338,61.3098,3.17383,0,1,1.30467,1.30467,0,1.00776,1.90512,9.45415e+06,4.16116e+06,1.23346e+07,0,365013,0,0
85.1408,85.1408,3.44784,0,0.02,2.8626,2.8626,0,0.536329,4.6872,4.54919e+06,3.11316e+06,1.30225e+07,0,387800,0,0,62.338,61.3098,2.57331,0,1,1.30497,1.30497,0,1.00799,1.90512,9.45415e+06,4.16116e+06,1.23374e+07,0,365096,0,0
85.1408,85.1408,3.44342,0,0.02,2.82379,2.82379,0,0.536451,4.6872,4.54919e+06,3.11316e+06,1.2846e+07,0,382542,0,0,62.338,61.3098,3.20502,0,1,1.28566,1.28566,0,1.00822,1.90512,9.45415e+06,4.16116e+06,1.21549e+07,0,359695,0,0
85.1408,85.1408,3.21133,0,0.02,2.82443,2.82443,0,0.529178,4.6872,4.54919e+06,3.11316e+06,1.28489e+07,0,382629,0,0,62.338,61.3098,3.51797,0,1,1.28596,1.28596,0,0.993304,1.90512,9.45415e+06,4.16116e+06,1.21576e+07,0,359777,0,0
84.5773,85.1408,2.61553,0,0.02,2.82507,2.82507,0,0.529298,4.6872,4.54919e+06,3.11316e+06,1.28518e+07,0,382716,0,0,62.338,61.3098,3.18797,0,1,1.28625,1.28625,0,0.99353,1.90512,9.45415e+06,4.16116e+06,1.21604e+07,0,359859,0,0
83.7542,85.1408,2.34426,0,0.02,2.82571,2.82571,0,0.529418,4.6872,4.54919e+06,3.11316e+06,1.28547e+07,0,382803,0,0,62.338,61.3098,2.45586,0,1,1.28654,1.28654,0,0.993755,1.90512,9.45415e+06,4.16116e+06,1.21631e+07,0,359940,0,0
83.3085,85.1408,2.83899,0,0.02,2.96043,2.96043,0,0.529538,4.6872,4.54919e+06,3.11316e+06,1.34676e+07,0,401053,0,0,62.338,61.3098,2.51564,0,1,1.35641,1.35641,0,0.993981,1.90512,9.45415e+06,4.16116e+06,1.28237e+07,0,379487,0,0
82.2375,85.1408,2.10694,0,0.02,2.9611,2.9611,0,0.554784,4.6872,4.54919e+06,3.11316e+06,1.34706e+07,0,401144,0,0,62.338,61.3098,2.43805,0,1,1.35671,1.35671,0,1.04796,1.90512,9.45415e+06,4.16116e+06,1.28266e+07,0,379573,0,0
81.0524,85.1408,1.97856,0,0.02,2.96177,2.96177,0,0.55491,4.6872,4.54919e+06,3.11316e+06,1.34737e+07,0,401235,0,0,62.338,61.3098,2.25123,0,1,1.35702,1.35702,0,1.0482,1.90512,9.45415e+06,4.16116e+06,1.28295e+07,0,379659,0,0
79.7199,85.1408,1.80996,0,0.02,2.96244,2.96244,0,0.555036,4.6872,4.54919e+06,3.11316e+06,1.34767e+07,0,401326,0,0,62.338,61.3098,2.03845,0,1,1.35733,1.35733,0,1.04843,1.90512,9.45415e+06,4.16116e+06,1.28324e+07,0,379745,0,0
78.3175,85.1408,1.67624,0,0.02,2.96312,2.96312,0,0.555162,4.6872,4.54919e+06,3.11316e+06,1.34798e+07,0,401417,0,0,62.3345,61.3098,1.96299,0,1,1.35764,1.35764,0,1.04867,1.90512,9.45415e+06,4.16116e+06,1.28353e+07,0,379832,0,0
77.0913,85.1408,1.80256,0,0.02,2.93724,2.93724,0,0.555288,4.6872,4.54919e+06,3.11316e+06,1.33621e+07,0,397912,0,0,62.2492,61.3098,2.23883,0,1,1.39623,1.39623,0,1.04891,1.90512,9.45415e+06,4.16116e+06,1.32001e+07,0,390628,0,0
75.8384,85.1408,1.76505,0,0.02,2.93791,2.93791,0,0.55044,4.6872,4.54919e+06,3.11316e+06,1.33651e+07,0,398002,0,0,62.1293,61.3098,2.21658,0,1,1.39654,1.39654,0,1.07873,1.90512,9.45415e+06,4.16116e+06,1.32031e+07,0,390717,0,0
74.4452,85.1408,1.61393,0,0.02,2.93858,2.93858,0,0.550564,4.6872,4.54919e+06,3.11316e+06,1.33682e+07,0,398093,0,0,62.0016,61.3098,2.23469,0,1,1.39686,1.39686,0,1.07897,1.90512,9.45415e+06,4.16116e+06,1.32061e+07,0,390805,0,0
72.9121,85.1408,1.45697,0,0.02,2.93924,2.93924,0,0.550689,4.6872,4.54919e+06,3.11316e+06,1.33712e+07,0,398183,0,0,61.8391,61.3098,1.97965,0,1,1.39718,1.39718,0,1.07921,1.90512,9.45415e+06,4.16116e+06,1.32091e+07,0,390894,0,0
71.4233,85.1408,1.51938,0,0.02,3.00852,3.00852,0,0.550814,4.6872,4.54919e+06,3.11316e+06,1.36864e+07,0,407568,0,0,61.5895,61.3098,1.99753,0,1,1.43164,1.43164,0,1.07946,1.90512,9.45415e+06,4.16116e+06,1.3535e+07,0,400537,0,0
70.1518,85.1408,1.71362,0,0.02,3.00921,3.00921,0,0.563797,4.6872,4.54919e+06,3.11316e+06,1.36895e+07,0,407661,0,0,61.3704,61.3098,2.11981,0,1,1.43197,1.43197,0,1.10609,1.90512,9.45415e+06,4.16116e+06,1.3538e+07,0,400628,0,0
68.751,85.1408,1.56894,0.01,0.02,3.00989,3.00989,0,0.563925,4.6872,4.54919e+06,3.11316e+06,1.36926e+07,0,407753,0,0,61.1345,61.3098,1.97526,0,1,1.43229,1.43229,0,1.10634,1.90512,9.45415e+06,4.16116e+06,1.35411e+07,0,400718,0,0
67.1653,85.1408,1.35427,0.01,0.02,3.01057,3.01057,0,0.564053,4.6872,4.54919e+06,3.11316e+06,1.36957e+07,0,407846,0,0,60.8905,61.3098,1.95865,0,1,1.43262,1.43262,0,1.10659,1.90512,9.45415e+06,4.16116e+06,1.35442e+07,0,400809,0,0
65.2507,85.1408,1.17783,0.02,0.02,3.21236,3.21236,0,0.564181,4.6872,4.54919e+06,3.11316e+06,1.46137e+07,0,435183,0,0,60.5077,61.3098,1.89167,0,1,1.55631,1.55631,0,1.10684,1.90512,9.45415e+06,4.16116e+06,1.47136e+07,0,435416,0,0
63.0169,85.1408,0.804974,0.02,0.02,3.21309,3.21309,0,0.601997,4.6872,4.54919e+06,3.11316e+06,1.4617e+07,0,435282,0,0,60.0063,61.3098,1.80245,0,1,1.55667,1.55667,0,1.20241,1.90512,9.45415e+06,4.16116e+06,1.4717e+07,0,435515,0,0
61.029,85.1408,1.02679,0.02,0.02,3.21382,3.21382,0,0.602133,4.6872,4.54919e+06,3.11316e+06,1.46203e+07,0,435380,0,0,59.5267,61.3098,2.04406,0,1,1.55702,1.55702,0,1.20268,1.90512,9.45415e+06,4.16116e+06,1.47203e+07,0,435614,0,0
59.485,85.1408,1.50584,0.02,0.02,3.21455,3.21455,0,0.60227,4.6872,4.54919e+06,3.11316e+06,1.46236e+07,0,435479,0,0,59.172,61.3098,2.37252,0,1,1.55737,1.55737,0,1.20295,1.90512,9.45415e+06,4.16116e+06,1.47236e+07,0,435713,0,0
57.7051,85.1408,1.25694,0.04,0.02,3.21528,3.21528,0,0.602407,4.6872,4.54919e+06,3.11316e+06,1.46269e+07,0,435578,0,0,58.7738,61.3098,2.14963,0,1,1.55773,1.55773,0,1.20323,1.90512,9.45415e+06,4.16116e+06,1.4727e+07,0,435811,0,0
56.4309,85.1408,1.62286,0.02,0.02,3.11788,3.11788,0,0.602543,4.6872,4.54919e+06,3.11316e+06,1.41839e+07,0,422384,0,0,58.5789,61.3098,2.88722,0,1,1.48311,1.48311,0,1.2035,1.90512,9.45415e+06,4.16116e+06,1.40216e+07,0,414937,0,0
54.6741,85.1408,1.12746,0.04,0.02,3.11859,3.11859,0,0.584292,4.6872,4.54919e+06,3.11316e+06,1.41871e+07,0,422480,0,0,58.2906,61.3098,2.01413,0,1,1.48345,1.48345,0,1.14585,1.90512,9.45415e+06,4.16116e+06,1.40248e+07,0,415031,0,0
53.2554,85.1408,1.47212,0.04,0.02,3.1193,3.1193,0,0.584424,4.6872,4.54919e+06,3.11316e+06,1.41903e+07,0,422575,0,0,58.0511,61.3098,2.14815,0,1,1.48379,1.48379,0,1.14611,1.90512,9.45415e+06,4.16116e+06,1.40279e+07,0,415125,0,0
52.4663,85.1408,2.12014,0.03,0.02,3.12001,3.12001,0,0.584557,4.6872,4.54919e+06,3.11316e+06,1.41935e+07,0,422671,0,0,58.0994,61.3098,3.60797,0,1,1.48412,1.48412,0,1.14637,1.90512,9.45415e+06,4.16116e+06,1.40311e+07,0,415219,0,0
51.2949,85.1408,1.69368,0.03,0.02,3.0401,3.0401,0,0.584689,4.6872,4.54919e+06,3.11316e+06,1.383e+07,0,411846,0,0,57.9106,61.3098,2.67288,0,1,1.41616,1.41616,0,1.14663,1.90512,9.45415e+06,4.16116e+06,1.33886e+07,0,396205,0,0
49.5646,85.1408,1.08168,0.03,0.02,3.04079,3.04079,0,0.569714,4.6872,4.54919e+06,3.11316e+06,1.38331e+07,0,411939,0,0,57.6537,61.3098,1.51033,0,1,1.41648,1.41648,0,1.09413,1.90512,9.45415e+06,4.16116e+06,1.33916e+07,0,396295,0,0
48.3193,85.1408,1.57367,0.05,0.02,3.04148,3.04148,0,0.569844,4.6872,4.54919e+06,3.11316e+06,1.38363e+07,0,412033,0,0,57.6437,61.3098,2.41681,0,1,1.4168,1.4168,0,1.09437,1.90512,9.45415e+06,4.16116e+06,1.33947e+07,0,396384,0,0
48.5792,85.1408,3.12095,0.04,0.02,3.04217,3.04217,0,0.569973,4.6872,4.54919e+06,3.11316e+06,1.38394e+07,0,412126,0,0,58.0961,61.3098,3.1731,0,1,1.41712,1.41712,0,1.09462,1.90512,9.45415e+06,4.16116e+06,1.33977e+07,0,396474,0,0
49.1115,85.1408,3.23044,0.04,0.02,2.81369,2.81369,0,0.570102,4.6872,4.54919e+06,3.11316e+06,1.28e+07,0,381175,0,0,58.4565,61.3098,3.07828,0,1,1.27507,1.27507,0,1.09487,1.90512,9.45415e+06,4.16116e+06,1.20547e+07,0,356731,0,0
49.5515,85.1408,3.2388,0.05,0.02,2.81433,2.81433,0,0.527286,4.6872,4.54919e+06,3.11316e+06,1.28029e+07,0,381261,0,0,58.8845,61.3098,3.11715,0,1,1.27536,1.27536,0,0.985117,1.90512,9.45415e+06,4.16116e+06,1.20574e+07,0,356811,0,0
50.1964,85.1408,3.26131,0.06,0.02,2.55598,2.81497,0,0.527406,4.6872,4.54919e+06,3.11316e+06,1.16276e+07,0,381348,0,0,59.1095,61.3098,3.30407,0,1,1.53464,1.27565,0,0.98534,1.90512,9.45415e+06,4.16116e+06,1.45087e+07,0,356892,0,0
51.0264,85.1408,3.46681,0.06,0.02,2.5569,2.81561,0,0.47899,4.6872,4.54919e+06,3.11316e+06,1.16318e+07,0,381434,0,0,59.2887,61.3098,3.03986,0,1,1.53464,1.27593,0,1.18566,1.90512,9.45415e+06,4.16116e+06,1.45087e+07,0,356973,0,0
51.0928,85.1408,2.69018,0.06,0.02,2.55783,2.81625,0,0.479164,4.6872,4.54919e+06,3.11316e+06,1.16361e+07,0,381521,0,0,59.3691,61.3098,2.73135,0,1,1.53464,1.27622,0,1.18566,1.90512,9.45415e+06,4.16116e+06,1.45087e+07,0,357054,0,0
51.7248,85.1408,3.50895,0.03,0.02,2.90512,2.90512,0,0.479337,4.6872,4.54919e+06,3.11316e+06,1.32159e+07,0,393560,0,0,59.6547,61.3098,3.00864,0,1,1.31778,1.31778,0,1.18566,1.90512,9.45415e+06,4.16116e+06,1.24585e+07,0,368681,0,0
51.1785,85.1408,2.3862,0.03,0.02,2.90575,2.90575,0,0.544419,4.6872,4.54919e+06,3.11316e+06,1.32188e+07,0,393645,0,0,59.6101,61.3098,1.9006,0,1,1.31807,1.31807,0,1.01812,1.90512,9.45415e+06,4.16116e+06,1.24612e+07,0,368761,0,0
51.3665,85.1408,3.09522,0.03,0.02,2.90638,2.90638,0,0.544537,4.6872,4.54919e+06,3.11316e+06,1.32217e+07,0,393731,0,0,59.6368,61.3098,1.98421,0,1,1.31835,1.31835,0,1.01834,1.90512,9.45415e+06,4.16116e+06,1.24639e+07,0,368841,0,0
51.873,85.1408,3.494,0.03,0.02,2.90701,2.90701,0,0.544656,4.6872,4.54919e+06,3.11316e+06,1.32246e+07,0,393817,0,0,59.761,61.3098,2.15835,0,1,1.31864,1.31864,0,1.01856,1.90512,9.45415e+06,4.16116e+06,1.24666e+07,0,368922,0,0
54.7963,85.1408,6.1849,0.04,0.02,3.19125,3.19125,0,0.544774,4.6872,4.54919e+06,3.11316e+06,1.45176e+07,0,432323,0,0,60.4158,61.3098,6.29343,0,1,1.47401,1.47401,0,1.01878,1.90512,9.45415e+06,4.16116e+06,1.39355e+07,0,412389,0,0
54.5656,85.1408,3.01517,0.04,0.02,3.19194,3.19194,0,0.59804,4.6872,4.54919e+06,3.11316e+06,1.45208e+07,0,432417,0,0,60.3896,61.3098,1.94884,0,1,1.47433,1.47433,0,1.13882,1.90512,9.45415e+06,4.16116e+06,1.39385e+07,0,412478,0,0
56.2009,85.1408,4.97251,0.05,0.02,3.19264,3.19264,0,0.59817,4.6872,4.54919e+06,3.11316e+06,1.45239e+07,0,432511,0,0,60.7836,61.3098,3.53864,0,1,1.47465,1.47465,0,1.13907,1.90512,9.45415e+06,4.16116e+06,1.39415e+07,0,412568,0,0
56.5175,85.1408,3.60481,0.05,0.02,3.19333,3.19333,0,0.598301,4.6872,4.54919e+06,3.11316e+06,1.45271e+07,0,432605,0,0,60.4309,61.3098,2.65825,0,1,1.47497,1.47497,0,1.13931,1.90512,9.45415e+06,4.16116e+06,1.39446e+07,0,412658,0,0
56.2506,85.1408,2.64883,0.05,0.02,2.78916,2.78916,0,0.598431,4.6872,4.54919e+06,3.11316e+06,1.26884e+07,0,377852,0,0,60.3653,61.3098,1.63767,0,1,1.26699,1.26699,0,1.13956,1.90512,9.45415e+06,4.16116e+06,1.19783e+07,0,354471,0,0
56.5755,85.1408,3.33188,0.05,0.02,2.78977,2.78977,0,0.522689,4.6872,4.54919e+06,3.11316e+06,1.26912e+07,0,377934,0,0,60.8302,61.3098,2.67898,0,1,1.26727,1.26727,0,0.978878,1.90512,9.45415e+06,4.16116e+06,1.19809e+07,0,354548,0,0
58.242,85.1408,4.5485,0.06,0.02,2.52329,2.79038,0,0.522803,4.6872,4.54919e+06,3.11316e+06,1.14789e+07,0,378016,0,0,60.9822,61.3098,2.62542,0,1,1.53463,1.26754,0,0.979091,1.90512,9.45415e+06,4.16116e+06,1.45086e+07,0,354625,0,0
58.9041,85.1408,3.48235,0.06,0.02,2.52417,2.79098,0,0.472865,4.6872,4.54919e+06,3.11316e+06,1.1483e+07,0,378098,0,0,61.0588,61.3098,2.69949,0,1,1.53463,1.26782,0,1.18565,1.90512,9.45415e+06,4.16116e+06,1.45086e+07,0,354703,0,0
60.3889,85.1408,4.3345,0.07,0.02,2.52506,2.79159,0,0.47303,4.6872,4.54919e+06,3.11316e+06,1.1487e+07,0,378180,0,0,61.3298,61.3098,3.01564,0,1,1.53463,1.26809,0,1.18565,1.90512,9.45415e+06,4.16116e+06,1.45086e+07,0,354780,0,0
60.9537,85.1408,3.76447,0.03,0.02,2.89422,2.89422,0,0.473196,4.6872,4.54919e+06,3.11316e+06,1.31664e+07,0,392083,0,0,61.7697,61.3098,3.48285,0,1,1.31938,1.31938,0,1.18565,1.90512,9.45415e+06,4.16116e+06,1.24736e+07,0,369129,0,0
61.2356,85.1408,3.63476,0.03,0.02,2.89485,2.89485,0,0.542377,4.6872,4.54919e+06,3.11316e+06,1.31692e+07,0,392169,0,0,62.1673,61.3098,3.34053,0,1,1.31967,1.31967,0,1.01935,1.90512,9.45415e+06,4.16116e+06,1.24764e+07,0,369209,0,0
61.4449,85.1408,3.35377,0.03,0.02,2.89548,2.89548,0,0.542495,4.6872,4.54919e+06,3.11316e+06,1.31721e+07,0,392254,0,0,62.338,61.3098,3.36232,0,1,1.31996,1.31996,0,1.01958,1.90512,9.45415e+06,4.16116e+06,1.24791e+07,0,369289,0,0
61.5493,85.1408,3.20164,0.03,0.02,2.89611,2.89611,0,0.542612,4.6872,4.54919e+06,3.11316e+06,1.3175e+07,0,392339,0,0,62.338,61.3098,3.59595,0,1,1.32024,1.32024,0,1.0198,1.90512,9.45415e+06,4.16116e+06,1.24818e+07,0,369370,0,0
61.1637,85.1408,2.65027,0.02,0.02,2.85681,2.85681,0,0.54273,4.6872,4.54919e+06,3.11316e+06,1.29962e+07,0,387016,0,0,62.338,61.3098,2.51567,0,1,1.3007,1.3007,0,1.02002,1.90512,9.45415e+06,4.16116e+06,1.2297e+07,0,363902,0,0
60.8368,85.1408,2.6689,0.02,0.02,2.85743,2.85743,0,0.535367,4.6872,4.54919e+06,3.11316e+06,1.2999e+07,0,387100,0,0,62.338,61.3098,2.34577,0,1,1.30098,1.30098,0,1.00492,1.90512,9.45415e+06,4.16116e+06,1.22997e+07,0,363981,0,0
60.262,85.1408,2.38077,0.02,0.02,2.85805,2.85805,0,0.535483,4.6872,4.54919e+06,3.11316e+06,1.30018e+07,0,387184,0,0,62.338,61.3098,2.11671,0,1,1.30127,1.30127,0,1.00514,1.90512,9.45415e+06,4.16116e+06,1.23024e+07,0,364060,0,0
59.6075,85.1408,2.23926,0.01,0.02,2.85868,2.85868,0,0.535599,4.6872,4.54919e+06,3.11316e+06,1.30047e+07,0,387268,0,0,62.3353,61.3098,2.08964,0,1,1.30155,1.30155,0,1.00536,1.90512,9.45415e+06,4.16116e+06,1.2305e+07,0,364139,0,0
58.7778,85.1408,2.15688,0.01,0.02,2.99493,2.99493,0,0.535716,4.6872,4.54919e+06,3.11316e+06,1.36245e+07,0,405727,0,0,62.2058,61.3098,2.14423,0,1,1.37222,1.37222,0,1.00558,1.90512,9.45415e+06,4.16116e+06,1.29731e+07,0,383910,0,0
57.7026,85.1408,1.87301,0.04,0.02,2.99558,2.99558,0,0.56125,4.6872,4.54919e+06,3.11316e+06,1.36275e+07,0,405816,0,0,61.9073,61.3098,1.8264,0,1,1.37251,1.37251,0,1.06017,1.90512,9.45415e+06,4.16116e+06,1.29759e+07,0,383993,0,0
56.5591,85.1408,1.78229,0.04,0.02,2.99624,2.99624,0,0.561372,4.6872,4.54919e+06,3.11316e+06,1.36305e+07,0,405904,0,0,61.5734,61.3098,1.66897,0,1,1.37281,1.37281,0,1.0604,1.90512,9.45415e+06,4.16116e+06,1.29788e+07,0,384077,0,0
55.246,85.1408,1.58742,0.03,0.02,2.99689,2.99689,0,0.561494,4.6872,4.54919e+06,3.11316e+06,1.36334e+07,0,405992,0,0,61.1621,61.3098,1.52383,0,1,1.37311,1.37311,0,1.06063,1.90512,9.45415e+06,4.16116e+06,1.29816e+07,0,384160,0,0
53.9056,85.1408,1.49412,0.02,0.02,2.99754,2.99754,0,0.561616,4.6872,4.54919e+06,3.11316e+06,1.36364e+07,0,406080,0,0,60.6571,61.3098,1.46561,0,1,1.37341,1.37341,0,1.06086,1.90512,9.45415e+06,4.16116e+06,1.29844e+07,0,384244,0,0
52.4363,85.1408,1.33171,0.03,0.02,2.97134,2.97134,0,0.561738,4.6872,4.54919e+06,3.11316e+06,1.35172e+07,0,402531,0,0,60.1959,61.3098,1.44855,0,1,1.41243,1.41243,0,1.0611,1.90512,9.45415e+06,4.16116e+06,1.33534e+07,0,395162,0,0
50.7969,85.1408,1.14414,0.03,0.02,2.97198,2.97198,0,0.556828,4.6872,4.54919e+06,3.11316e+06,1.35201e+07,0,402618,0,0,59.6955,61.3098,1.50958,0,1,1.41274,1.41274,0,1.09125,1.90512,9.45415e+06,4.16116e+06,1.33563e+07,0,395248,0,0
49.082,85.1408,1.03456,0.05,0.02,2.97263,2.97263,0,0.556949,4.6872,4.54919e+06,3.11316e+06,1.35231e+07,0,402706,0,0,59.1687,61.3098,1.34486,0,1,1.41305,1.41305,0,1.09148,1.90512,9.45415e+06,4.16116e+06,1.33592e+07,0,395334,0,0
47.3696,85.1408,0.981757,0.03,0.02,2.97327,2.97327,0,0.55707,4.6872,4.54919e+06,3.11316e+06,1.3526e+07,0,402793,0,0,58.5601,61.3098,1.32785,0,1,1.41335,1.41335,0,1.09172,1.90512,9.45415e+06,4.16116e+06,1.33621e+07,0,395420,0,0
45.5581,85.1408,0.896632,0.04,0.02,3.04332,3.04332,0,0.557191,4.6872,4.54919e+06,3.11316e+06,1.38447e+07,0,412283,0,0,57.9071,61.3098,1.32305,0,1,1.4482,1.4482,0,1.09196,1.90512,9.45415e+06,4.16116e+06,1.36915e+07,0,405170,0,0
43.8321,85.1408,0.960502,0.04,0.02,3.04399,3.04399,0,0.570319,4.6872,4.54919e+06,3.11316e+06,1.38477e+07,0,412373,0,0,57.2656,61.3098,1.38245,0,1,1.44852,1.44852,0,1.11888,1.90512,9.45415e+06,4.16116e+06,1.36945e+07,0,405258,0,0
42.0113,85.1408,0.862025,0.04,0.02,3.04465,3.04465,0,0.570443,4.6872,4.54919e+06,3.11316e+06,1.38507e+07,0,412462,0,0,56.5355,61.3098,1.34412,0,1,1.44883,1.44883,0,1.11913,1.90512,9.45415e+06,4.16116e+06,1.36975e+07,0,405346,0,0
40.2248,85.1408,0.805483,0.1,0.02,2.95979,3.04531,0,0.570567,4.6872,4.54919e+06,3.11316e+06,1.34647e+07,0,412552,0,0,55.6655,61.3098,1.22694,0,1,1.53467,1.44915,0,1.11937,1.90512,9.45415e+06,4.16116e+06,1.4509e+07,0,405434,0,0
38.1761,85.1408,0.732656,0.14,0.02,3.16419,3.2494,0,0.554664,4.6872,4.54919e+06,3.11316e+06,1.43945e+07,0,440200,0,0,54.5893,61.3098,1.17038,0,1,1.65946,1.57426,0,1.18568,1.90512,9.45415e+06,4.16116e+06,1.56888e+07,0,440436,0,0
36.058,85.1408,0.748886,0.14,0.02,3.2501,3.2501,0,0.59297,4.6872,4.54919e+06,3.11316e+06,1.47853e+07,0,440295,0,0,53.7268,61.3098,1.07297,0,1,1.5746,1.5746,0,1.2821,1.90512,9.45415e+06,4.16116e+06,1.48865e+07,0,440531,0,0
34.0598,85.1408,0.885308,0.14,0.02,3.25081,3.25081,0,0.609069,4.6872,4.54919e+06,3.11316e+06,1.47886e+07,0,440391,0,0,52.7067,61.3098,1.2967,0,1,1.57494,1.57494,0,1.21653,1.90512,9.45415e+06,4.16116e+06,1.48897e+07,0,440627,0,0
31.8899,85.1408,0.715094,0.14,0.02,3.25151,3.25151,0,0.609201,4.6872,4.54919e+06,3.11316e+06,1.47918e+07,0,440487,0,0,52.0829,61.3098,0.934409,0,1,1.57528,1.57528,0,1.2168,1.90512,9.45415e+06,4.16116e+06,1.48929e+07,0,440723,0,0
29.8755,85.1408,0.862109,0.2,0.02,3.25222,3.25222,0,0.609334,4.6872,4.54919e+06,3.11316e+06,1.4795e+07,0,440582,0,0,51.743,61.3098,1.63154,0,1,1.57562,1.57562,0,1.21706,1.90512,9.45415e+06,4.16116e+06,1.48962e+07,0,440818,0,0
28.2234,85.1408,1.16849,0.18,0.02,3.15368,3.15368,0,0.609466,4.6872,4.54919e+06,3.11316e+06,1.43467e+07,0,427232,0,0,51.5078,61.3098,1.80346,0,1,1.50014,1.50014,0,1.21733,1.90512,9.45415e+06,4.16116e+06,1.41825e+07,0,419700,0,0
27.319,85.1408,1.91765,0.17,0.02,3.12015,3.15436,0,0.590999,4.6872,4.54919e+06,3.11316e+06,1.41942e+07,0,427325,0,0,51.4936,61.3098,3.3115,0,1,1.53468,1.50046,0,1.15901,1.90512,9.45415e+06,4.16116e+06,1.45091e+07,0,419791,0,0
26.3086,85.1408,1.85027,0.18,0.02,3.12116,3.15505,0,0.584716,4.6872,4.54919e+06,3.11316e+06,1.41988e+07,0,427418,0,0,51.4953,61.3098,3.73796,0,1,1.53468,1.50079,0,1.18569,1.90512,9.45415e+06,4.16116e+06,1.45091e+07,0,419882,0,0
24.6111,85.1408,1.1148,0.16,0.02,3.12217,3.15573,0,0.584905,4.6872,4.54919e+06,3.11316e+06,1.42033e+07,0,427511,0,0,51.253,61.3098,2.26707,0,1,1.53468,1.50112,0,1.18569,1.90512,9.45415e+06,4.16116e+06,1.45091e+07,0,419973,0,0
23.3586,85.1408,1.5036,0.23,0.02,3.04164,3.07488,0,0.585094,4.6872,4.54919e+06,3.11316e+06,1.3837e+07,0,416557,0,0,51.2759,61.3098,2.7309,0,1,1.4656,1.43236,0,1.18569,1.90512,9.45415e+06,4.16116e+06,1.3856e+07,0,400737,0,0
23.607,85.1408,3.03947,0.23,0.02,2.97355,3.07554,0,0.570004,4.6872,4.54919e+06,3.11316e+06,1.35273e+07,0,416648,0,0,51.4072,61.3098,3.50271,0,1,1.53466,1.43267,0,1.13232,1.90512,9.45415e+06,4.16116e+06,1.45089e+07,0,400824,0,0
24.6852,85.1408,3.86692,0.22,0.02,2.97453,3.07621,0,0.557244,4.6872,4.54919e+06,3.11316e+06,1.35317e+07,0,416738,0,0,51.7881,61.3098,3.6722,0,1,1.53466,1.43298,0,1.18568,1.90512,9.45415e+06,4.16116e+06,1.45089e+07,0,400911,0,0
26.959,85.1408,5.12802,0.21,0.02,2.97551,3.07688,0,0.557427,4.6872,4.54919e+06,3.11316e+06,1.35362e+07,0,416829,0,0,52.1399,61.3098,4.03574,0,1,1.53466,1.43329,0,1.18568,1.90512,9.45415e+06,4.16116e+06,1.45089e+07,0,400998,0,0
29.1147,85.1408,4.92774,0.16,0.02,2.74472,2.84577,0,0.557611,4.6872,4.54919e+06,3.11316e+06,1.24862e+07,0,385521,0,0,53.4725,61.3098,4.95042,0,1,1.39066,1.2896,0,1.18568,1.90512,9.45415e+06,4.16116e+06,1.31475e+07,0,360798,0,0
32.0525,85.1408,5.48782,0.16,0.02,2.60164,2.84639,0,0.51436,4.6872,4.54919e+06,3.11316e+06,1.18354e+07,0,385604,0,0,54.3178,61.3098,4.53264,0,1,1.53463,1.28988,0,1.07443,1.90512,9.45415e+06,4.16116e+06,1.45086e+07,0,360876,0,0
36.7417,85.1408,7.26696,0.16,0.02,2.60254,2.84701,0,0.487548,4.6872,4.54919e+06,3.11316e+06,1.18395e+07,0,385688,0,0,55.7775,61.3098,7.02623,0,1,1.53463,1.29016,0,1.18566,1.90512,9.45415e+06,4.16116e+06,1.45086e+07,0,360954,0,0
38.5467,85.1408,4.32154,0.1,0.02,2.60344,2.84763,0,0.487716,4.6872,4.54919e+06,3.11316e+06,1.18435e+07,0,385772,0,0,57.1183,61.3098,6.65647,0,1,1.53463,1.29044,0,1.18566,1.90512,9.45415e+06,4.16116e+06,1.45086e+07,0,361033,0,0
42.6484,85.1408,6.6969,0.11,0.02,2.60434,2.84824,0,0.487884,4.6872,4.54919e+06,3.11316e+06,1.18476e+07,0,385855,0,0,59.1285,61.3098,8.61062,0,1,1.53463,1.29072,0,1.18566,1.90512,9.45415e+06,4.16116e+06,1.45086e+07,0,361111,0,0
44.5559,85.1408,4.55496,0.06,0.02,2.60462,2.84824,0,0.488053,4.6872,4.54919e+06,3.11316e+06,1.18489e+07,0,385855,0,0,59.7981,61.3098,4.43198,0,1,1.53435,1.29072,0,1.18566,1.90512,9.45415e+06,4.16116e+06,1.4506e+07,0,361111,0,0
52.1131,85.1408,10.4024,0.06,0.02,2.69447,2.9381,0,0.488105,4.6872,4.54919e+06,3.11316e+06,1.22577e+07,0,398028,0,0,61.2024,61.3098,5.77945,0,1,1.57637,1.33274,0,1.18544,1.90512,9.45415e+06,4.16116e+06,1.49032e+07,0,372866,0,0
58.063,85.1408,9.41367,0.03,0.02,2.93871,2.93871,0,0.504943,4.6872,4.54919e+06,3.11316e+06,1.33687e+07,0,398110,0,0,62.338,61.3098,6.12628,0,1,1.33302,1.33302,0,1.2179,1.90512,9.45415e+06,4.16116e+06,1.26026e+07,0,372944,0,0
61.5153,85.1408,6.71704,0.03,0.02,2.93932,2.93932,0,0.550714,4.6872,4.54919e+06,3.11316e+06,1.33715e+07,0,398193,0,0,62.338,61.3098,7.95668,0,1,1.3333,1.3333,0,1.02989,1.90512,9.45415e+06,4.16116e+06,1.26052e+07,0,373021,0,0
64.2167,85.1408,5.9874,0.02,0.02,2.93993,2.93993,0,0.550828,4.6872,4.54919e+06,3.11316e+06,1.33743e+07,0,398276,0,0,62.338,61.3098,6.12298,0,1,1.33357,1.33357,0,1.0301,1.90512,9.45415e+06,4.16116e+06,1.26078e+07,0,373099,0,0
66.2759,85.1408,5.79519,0.03,0.02,3.22735,3.22735,0,0.550943,4.6872,4.54919e+06,3.11316e+06,1.46819e+07,0,437214,0,0,62.338,61.3098,3.63052,0,1,1.49068,1.49068,0,1.03032,1.90512,9.45415e+06,4.16116e+06,1.40931e+07,0,417054,0,0
69.1624,85.1408,6.59238,0.03,0.02,3.22802,3.22802,0,0.604806,4.6872,4.54919e+06,3.11316e+06,1.46849e+07,0,437305,0,0,62.338,61.3098,4.23998,0,1,1.49099,1.49099,0,1.1517,1.90512,9.45415e+06,4.16116e+06,1.40961e+07,0,417141,0,0
71.0991,85.1408,5.64736,0.01,0.02,3.2287,3.2287,0,0.604932,4.6872,4.54919e+06,3.11316e+06,1.4688e+07,0,437396,0,0,62.338,61.3098,4.01447,0,1,1.4913,1.4913,0,1.15194,1.90512,9.45415e+06,4.16116e+06,1.4099e+07,0,417228,0,0
74.8543,85.1408,7.47989,0.01,0.02,3.22937,3.22937,0,0.605058,4.6872,4.54919e+06,3.11316e+06,1.4691e+07,0,437486,0,0,62.338,61.3098,9.23829,0,1,1.49161,1.49161,0,1.15218,1.90512,9.45415e+06,4.16116e+06,1.41019e+07,0,417314,0,0
78.4257,85.1408,7.02774,0.01,0.02,2.82061,2.82061,0,0.605183,4.6872,4.54919e+06,3.11316e+06,1.28315e+07,0,382112,0,0,62.338,61.3098,8.54111,0,1,1.28128,1.28128,0,1.15242,1.90512,9.45415e+06,4.16116e+06,1.21134e+07,0,358468,0,0
80.6033,85.1408,5.54771,0,0.02,2.8212,2.8212,0,0.528582,4.6872,4.54919e+06,3.11316e+06,1.28342e+07,0,382191,0,0,62.338,61.3098,5.46354,0,1,1.28154,1.28154,0,0.989914,1.90512,9.45415e+06,4.16116e+06,1.21159e+07,0,358542,0,0
81.6699,85.1408,4.47556,0,0.02,2.82178,2.82178,0,0.528692,4.6872,4.54919e+06,3.11316e+06,1.28368e+07,0,382271,0,0,62.338,61.3098,3.87349,0,1,1.28181,1.28181,0,0.99012,1.90512,9.45415e+06,4.16116e+06,1.21184e+07,0,358617,0,0
81.4652,85.1408,3.12432,0,0.02,2.82237,2.82237,0,0.528802,4.6872,4.54919e+06,3.11316e+06,1.28395e+07,0,382350,0,0,62.338,61.3098,3.04396,0,1,1.28208,1.28208,0,0.990326,1.90512,9.45415e+06,4.16116e+06,1.21209e+07,0,358691,0,0
83.502,85.1408,5.41574,0,0.02,2.82296,2.82296,0,0.528912,4.6872,4.54919e+06,3.11316e+06,1.28422e+07,0,382430,0,0,62.338,61.3098,3.79314,0,1,1.28234,1.28234,0,0.990532,1.90512,9.45415e+06,4.16116e+06,1.21235e+07,0,358766,0,0
85.1408,85.1408,6.95966,0,0.02,2.92671,2.92671,0,0.529022,4.6872,4.54919e+06,3.11316e+06,1.33142e+07,0,396485,0,0,62.338,61.3098,7.34466,0,1,1.33419,1.33419,0,0.990737,1.90512,9.45415e+06,4.16116e+06,1.26137e+07,0,373273,0,0
85.1408,85.1408,6.04671,0,0.02,2.92732,2.92732,0,0.548465,4.6872,4.54919e+06,3.11316e+06,1.33169e+07,0,396568,0,0,62.338,61.3098,8.76945,0,1,1.33447,1.33447,0,1.0308,1.90512,9.45415e+06,4.16116e+06,1.26163e+07,0,373350,0,0
85.1408,85.1408,4.50042,0,0.02,2.92793,2.92793,0,0.548579,4.6872,4.54919e+06,3.11316e+06,1.33197e+07,0,396650,0,0,62.338,61.3098,6.39744,0,1,1.33475,1.33475,0,1.03101,1.90512,9.45415e+06,4.16116e+06,1.26189e+07,0,373428,0,0
85.1408,85.1408,4.1256,0,0.02,2.92854,2.92854,0,0.548693,4.6872,4.54919e+06,3.11316e+06,1.33225e+07,0,396732,0,0,62.338,61.3098,5.14866,0,1,1.33503,1.33503,0,1.03123,1.90512,9.45415e+06,4.16116e+06,1.26215e+07,0,373506,0,0
85.1408,85.1408,4.59279,0,0.02,2.88877,2.88877,0,0.548807,4.6872,4.54919e+06,3.11316e+06,1.31416e+07,0,391346,0,0,62.338,61.3098,5.1789,0,1,1.31525,1.31525,0,1.03144,1.90512,9.45415e+06,4.16116e+06,1.24346e+07,0,367973,0,0
85.1408,85.1408,4.3024,0,0.02,2.88937,2.88937,0,0.541356,4.6872,4.54919e+06,3.11316e+06,1.31443e+07,0,391427,0,0,62.338,61.3098,4.91482,0,1,1.31552,1.31552,0,1.01616,1.90512,9.45415e+06,4.16116e+06,1.24372e+07,0,368050,0,0
85.1408,85.1408,3.9537,0,0.02,2.88997,2.88997,0,0.541469,4.6872,4.54919e+06,3.11316e+06,1.3147e+07,0,391508,0,0,62.338,61.3098,4.95366,0,1,1.3158,1.3158,0,1.01637,1.90512,9.45415e+06,4.16116e+06,1.24398e+07,0,368126,0,0
85.1408,85.1408,3.81909,0,0.02,2.89057,2.89057,0,0.541581,4.6872,4.54919e+06,3.11316e+06,1.31498e+07,0,391590,0,0,62.338,61.3098,6.09563,0,1,1.31607,1.31607,0,1.01659,1.90512,9.45415e+06,4.16116e+06,1.24423e+07,0,368203,0,0
85.1408,85.1408,3.73125,0,0.02,3.02832,3.02832,0,0.541694,4.6872,4.54919e+06,3.11316e+06,1.37764e+07,0,410251,0,0,62.338,61.3098,4.32786,0,1,1.38751,1.38751,0,1.0168,1.90512,9.45415e+06,4.16116e+06,1.31178e+07,0,388190,0,0
84.9654,85.1408,3.11738,0,0.02,3.02895,3.02895,0,0.567508,4.6872,4.54919e+06,3.11316e+06,1.37793e+07,0,410336,0,0,62.338,61.3098,3.79981,0,1,1.3878,1.3878,0,1.07199,1.90512,9.45415e+06,4.16116e+06,1.31205e+07,0,388271,0,0
84.6613,85.1408,2.92328,0,0.02,3.02958,3.02958,0,0.567626,4.6872,4.54919e+06,3.11316e+06,1.37822e+07,0,410421,0,0,62.338,61.3098,3.48159,0,1,1.38809,1.38809,0,1.07222,1.90512,9.45415e+06,4.16116e+06,1.31232e+07,0,388352,0,0
84.3209,85.1408,2.87657,0,0.02,3.03021,3.03021,0,0.567744,4.6872,4.54919e+06,3.11316e+06,1.3785e+07,0,410507,0,0,62.338,61.3098,3.58769,0,1,1.38838,1.38838,0,1.07244,1.90512,9.45415e+06,4.16116e+06,1.31259e+07,0,388432,0,0
83.6674,85.1408,2.5482,0,0.02,3.03084,3.03084,0,0.567862,4.6872,4.54919e+06,3.11316e+06,1.37879e+07,0,410592,0,0,62.338,61.3098,3.05442,0,1,1.38867,1.38867,0,1.07266,1.90512,9.45415e+06,4.16116e+06,1.31287e+07,0,388513,0,0
82.8558,85.1408,2.35442,0,0.02,3.00432,3.00432,0,0.56798,4.6872,4.54919e+06,3.11316e+06,1.36672e+07,0,406999,0,0,62.338,61.3098,2.3546,0,1,1.42811,1.42811,0,1.07288,1.90512,9.45415e+06,4.16116e+06,1.35016e+07,0,399548,0,0
81.8579,85.1408,2.15536,0,0.02,3.00494,3.00494,0,0.563009,4.6872,4.54919e+06,3.11316e+06,1.36701e+07,0,407083,0,0,62.338,61.3098,2.07197,0,1,1.42841,1.42841,0,1.10336,1.90512,9.45415e+06,4.16116e+06,1.35044e+07,0,399631,0,0
80.7216,85.1408,1.97884,0,0.02,3.00557,3.00557,0,0.563126,4.6872,4.54919e+06,3.11316e+06,1.36729e+07,0,407168,0,0,62.3149,61.3098,2.03661,0,1,1.4287,1.4287,0,1.10359,1.90512,9.45415e+06,4.16116e+06,1.35072e+07,0,399714,0,0
79.4897,85.1408,1.85096,0,0.02,3.00619,3.00619,0,0.563243,4.6872,4.54919e+06,3.11316e+06,1.36757e+07,0,407253,0,0,62.1385,61.3098,1.96232,0,1,1.429,1.429,0,1.10382,1.90512,9.45415e+06,4.16116e+06,1.351e+07,0,399798,0,0
78.2252,85.1408,1.88186,0,0.02,3.07699,3.07699,0,0.56336,4.6872,4.54919e+06,3.11316e+06,1.39978e+07,0,416844,0,0,62.0016,61.3098,1.8279,0,1,1.46422,1.46422,0,1.10405,1.90512,9.45415e+06,4.16116e+06,1.3843e+07,0,409652,0,0
76.8286,85.1408,1.72116,0,0.02,3.07763,3.07763,0,0.576628,4.6872,4.54919e+06,3.11316e+06,1.40007e+07,0,416930,0,0,61.6182,61.3098,1.80714,0,1,1.46453,1.46453,0,1.13126,1.90512,9.45415e+06,4.16116e+06,1.38459e+07,0,409737,0,0
75.3044,85.1408,1.57921,0,0.02,3.07827,3.07827,0,0.576748,4.6872,4.54919e+06,3.11316e+06,1.40036e+07,0,417017,0,0,61.3552,61.3098,1.5822,0,1,1.46483,1.46483,0,1.13149,1.90512,9.45415e+06,4.16116e+06,1.38487e+07,0,409822,0,0
73.8845,85.1408,1.66186,0.01,0.02,3.07891,3.07891,0,0.576867,4.6872,4.54919e+06,3.11316e+06,1.40065e+07,0,417103,0,0,61.0408,61.3098,1.87338,0,1,1.46514,1.46514,0,1.13173,1.90512,9.45415e+06,4.16116e+06,1.38516e+07,0,409907,0,0
71.8893,85.1408,1.24811,0.01,0.02,3.28522,3.28522,0,0.576987,4.6872,4.54919e+06,3.11316e+06,1.49451e+07,0,445052,0,0,60.3417,61.3098,1.57817,0,1,1.59161,1.59161,0,1.13196,1.90512,9.45415e+06,4.16116e+06,1.50473e+07,0,445291,0,0
69.6069,85.1408,0.943337,0.01,0.02,3.2859,3.2859,0,0.615649,4.6872,4.54919e+06,3.11316e+06,1.49482e+07,0,445145,0,0,59.7583,61.3098,1.30339,0,1,1.59194,1.59194,0,1.22968,1.90512,9.45415e+06,4.16116e+06,1.50504e+07,0,445383,0,0
67.7845,85.1408,1.4147,0.02,0.02,3.28658,3.28658,0,0.615777,4.6872,4.54919e+06,3.11316e+06,1.49513e+07,0,445237,0,0,59.2987,61.3098,1.55853,0,1,1.59227,1.59227,0,1.22993,1.90512,9.45415e+06,4.16116e+06,1.50536e+07,0,445476,0,0
66.514,85.1408,1.98448,0.02,0.02,3.28726,3.28726,0,0.615905,4.6872,4.54919e+06,3.11316e+06,1.49544e+07,0,445330,0,0,58.8179,61.3098,1.73005,0,1,1.5926,1.5926,0,1.23019,1.90512,9.45415e+06,4.16116e+06,1.50567e+07,0,445568,0,0
64.4275,85.1408,1.14801,0.02,0.02,3.28795,3.28795,0,0.616033,4.6872,4.54919e+06,3.11316e+06,1.49575e+07,0,445422,0,0,58.4132,61.3098,1.4668,0,1,1.59293,1.59293,0,1.23044,1.90512,9.45415e+06,4.16116e+06,1.50598e+07,0,445661,0,0
62.1876,85.1408,0.884616,0.02,0.02,3.18829,3.18829,0,0.616161,4.6872,4.54919e+06,3.11316e+06,1.45041e+07,0,431921,0,0,58.1259,61.3098,2.41465,0,1,1.5166,1.5166,0,1.2307,1.90512,9.45415e+06,4.16116e+06,1.43382e+07,0,424306,0,0
59.8633,85.1408,0.775489,0.02,0.02,3.18895,3.18895,0,0.597485,4.6872,4.54919e+06,3.11316e+06,1.45071e+07,0,432011,0,0,57.4579,61.3098,1.3875,0,1,1.51692,1.51692,0,1.17173,1.90512,9.45415e+06,4.16116e+06,1.43412e+07,0,424394,0,0
57.5482,85.1408,0.751365,0.02,0.02,3.18961,3.18961,0,0.597609,4.6872,4.54919e+06,3.11316e+06,1.45102e+07,0,432101,0,0,57.071,61.3098,1.27263,0,1,1.51723,1.51723,0,1.17197,1.90512,9.45415e+06,4.16116e+06,1.43441e+07,0,424482,0,0
55.8703,85.1408,1.54318,0.03,0.02,3.19027,3.19027,0,0.597733,4.6872,4.54919e+06,3.11316e+06,1.45132e+07,0,432190,0,0,57.1716,61.3098,2.06667,0,1,1.51755,1.51755,0,1.17221,1.90512,9.45415e+06,4.16116e+06,1.43471e+07,0,424570,0,0
54.4855,85.1408,1.73847,0.03,0.02,3.10851,3.10851,0,0.597857,4.6872,4.54919e+06,3.11316e+06,1.41412e+07,0,421113,0,0,56.778,61.3098,2.31081,0,1,1.44803,1.44803,0,1.17246,1.90512,9.45415e+06,4.16116e+06,1.36899e+07,0,405120,0,0
52.3961,85.1408,0.994643,0.03,0.02,3.10915,3.10915,0,0.582534,4.6872,4.54919e+06,3.11316e+06,1.41441e+07,0,421201,0,0,56.54,61.3098,1.20874,0,1,1.44833,1.44833,0,1.11874,1.90512,9.45415e+06,4.16116e+06,1.36927e+07,0,405204,0,0
51.2565,85.1408,1.97722,0.03,0.02,3.1098,3.1098,0,0.582655,4.6872,4.54919e+06,3.11316e+06,1.41471e+07,0,421288,0,0,56.7957,61.3098,2.88076,0,1,1.44863,1.44863,0,1.11898,1.90512,9.45415e+06,4.16116e+06,1.36955e+07,0,405288,0,0
51.9183,85.1408,3.91936,0.03,0.02,3.11044,3.11044,0,0.582776,4.6872,4.54919e+06,3.11316e+06,1.415e+07,0,421375,0,0,57.8836,61.3098,6.02665,0,1,1.44893,1.44893,0,1.11921,1.90512,9.45415e+06,4.16116e+06,1.36984e+07,0,405372,0,0
51.5304,85.1408,2.56647,0.03,0.02,2.87679,2.87679,0,0.582897,4.6872,4.54919e+06,3.11316e+06,1.30871e+07,0,389722,0,0,58.2716,61.3098,2.91858,0,1,1.30366,1.30366,0,1.11944,1.90512,9.45415e+06,4.16116e+06,1.2325e+07,0,364730,0,0
51.3943,85.1408,2.84068,0.03,0.02,2.87738,2.87738,0,0.53911,4.6872,4.54919e+06,3.11316e+06,1.30898e+07,0,389803,0,0,58.5653,61.3098,2.72241,0,1,1.30393,1.30393,0,1.00721,1.90512,9.45415e+06,4.16116e+06,1.23275e+07,0,364805,0,0
51.3747,85.1408,3.05952,0.03,0.02,2.87798,2.87798,0,0.539222,4.6872,4.54919e+06,3.11316e+06,1.30925e+07,0,389884,0,0,58.9601,61.3098,2.75193,0,1,1.3042,1.3042,0,1.00742,1.90512,9.45415e+06,4.16116e+06,1.23301e+07,0,364881,0,0
53.1298,85.1408,4.95425,0.03,0.02,2.87858,2.87858,0,0.539334,4.6872,4.54919e+06,3.11316e+06,1.30952e+07,0,389965,0,0,60.7938,61.3098,6.76596,0,1,1.30447,1.30447,0,1.00762,1.90512,9.45415e+06,4.16116e+06,1.23327e+07,0,364957,0,0
54.4035,85.1408,4.53432,0.04,0.02,2.87918,2.87918,0,0.539446,4.6872,4.54919e+06,3.11316e+06,1.30979e+07,0,390046,0,0,61.6151,61.3098,4.14869,0,1,1.30474,1.30474,0,1.00783,1.90512,9.45415e+06,4.16116e+06,1.23352e+07,0,365032,0,0
57.6354,85.1408,6.35563,0.04,0.04,2.96997,2.96997,0,0.539557,4.6872,4.54919e+06,3.11316e+06,1.3511e+07,0,402346,0,0,62.0881,61.3098,3.41369,0,1,1.3472,1.3472,0,1.00804,1.90512,9.45415e+06,4.16116e+06,1.27366e+07,0,376912,0,0
58.6572,85.1408,4.13299,0.05,0.04,2.97056,2.97056,0,0.556573,4.6872,4.54919e+06,3.11316e+06,1.35137e+07,0,402426,0,0,62.2611,61.3098,2.54976,0,1,1.34747,1.34747,0,1.04085,1.90512,9.45415e+06,4.16116e+06,1.27392e+07,0,376987,0,0
58.89,85.1408,3.3772,0.05,0.04,2.97115,2.97115,0,0.556684,4.6872,4.54919e+06,3.11316e+06,1.35164e+07,0,402506,0,0,62.338,61.3098,2.76154,0,1,1.34774,1.34774,0,1.04105,1.90512,9.45415e+06,4.16116e+06,1.27417e+07,0,377062,0,0
61.3281,85.1408,5.80142,0.05,0.04,2.97174,2.97174,0,0.556794,4.6872,4.54919e+06,3.11316e+06,1.3519e+07,0,402586,0,0,62.338,61.3098,4.60355,0,1,1.348,1.348,0,1.04126,1.90512,9.45415e+06,4.16116e+06,1.27442e+07,0,377136,0,0
60.6231,85.1408,2.67663,0.03,0.04,3.26225,3.26225,0,0.556905,4.6872,4.54919e+06,3.11316e+06,1.48406e+07,0,441941,0,0,62.338,61.3098,2.23039,0,1,1.5068,1.5068,0,1.04147,1.90512,9.45415e+06,4.16116e+06,1.42455e+07,0,421563,0,0
61.8106,85.1408,4.60266,0.03,0.04,3.2629,3.2629,0,0.611345,4.6872,4.54919e+06,3.11316e+06,1.48435e+07,0,442029,0,0,62.338,61.3098,4.05607,0,1,1.5071,1.5071,0,1.16415,1.90512,9.45415e+06,4.16116e+06,1.42483e+07,0,421647,0,0
62.5327,85.1408,4.1472,0.03,0.04,3.26354,3.26354,0,0.611467,4.6872,4.54919e+06,3.11316e+06,1.48465e+07,0,442116,0,0,62.1358,61.3098,3.10961,0,1,1.5074,1.5074,0,1.16438,1.90512,9.45415e+06,4.16116e+06,1.42512e+07,0,421731,0,0
61.5647,85.1408,2.35562,0.03,0.04,3.26419,3.26419,0,0.611588,4.6872,4.54919e+06,3.11316e+06,1.48494e+07,0,442204,0,0,62.0112,61.3098,1.96779,0,1,1.5077,1.5077,0,1.16462,1.90512,9.45415e+06,4.16116e+06,1.4254e+07,0,421815,0,0
66.2698,85.1408,7.87956,0.03,0.04,2.851,2.851,0,0.61171,4.6872,4.54919e+06,3.11316e+06,1.29698e+07,0,386229,0,0,62.338,61.3098,4.97716,0,1,1.29508,1.29508,0,1.16485,1.90512,9.45415e+06,4.16116e+06,1.22439e+07,0,362330,0,0
71.2794,85.1408,8.26617,0.03,0.04,2.85157,2.85157,0,0.534278,4.6872,4.54919e+06,3.11316e+06,1.29723e+07,0,386305,0,0,62.338,61.3098,4.36087,0,1,1.29534,1.29534,0,1.00058,1.90512,9.45415e+06,4.16116e+06,1.22463e+07,0,362402,0,0
75.2159,85.1408,7.2076,0.01,0.04,2.85213,2.85213,0,0.534384,4.6872,4.54919e+06,3.11316e+06,1.29749e+07,0,386382,0,0,62.338,61.3098,4.21978,0,1,1.2956,1.2956,0,1.00078,1.90512,9.45415e+06,4.16116e+06,1.22488e+07,0,362474,0,0
83.792,85.1408,12.1878,0.01,0.04,2.8527,2.8527,0,0.53449,4.6872,4.54919e+06,3.11316e+06,1.29775e+07,0,386459,0,0,62.338,61.3098,7.0861,0,1,1.29585,1.29585,0,1.00098,1.90512,9.45415e+06,4.16116e+06,1.22512e+07,0,362546,0,0
85.1408,85.1408,10.5313,0,0.04,2.85327,2.85327,0,0.534596,4.6872,4.54919e+06,3.11316e+06,1.29801e+07,0,386536,0,0,62.338,61.3098,5.95287,0,1,1.29611,1.29611,0,1.00118,1.90512,9.45415e+06,4.16116e+06,1.22536e+07,0,362618,0,0
85.1408,85.1408,5.72052,0,0.04,2.95811,2.95811,0,0.534702,4.6872,4.54919e+06,3.11316e+06,1.3457e+07,0,400738,0,0,62.338,61.3098,4.25481,0,1,1.34851,1.34851,0,1.00137,1.90512,9.45415e+06,4.16116e+06,1.2749e+07,0,377277,0,0
85.1408,85.1408,3.69635,0,0.04,2.95869,2.95869,0,0.554349,4.6872,4.54919e+06,3.11316e+06,1.34597e+07,0,400818,0,0,62.3012,61.3098,2.75554,0,1,1.34877,1.34877,0,1.04186,1.90512,9.45415e+06,4.16116e+06,1.27515e+07,0,377352,0,0
84.8373,85.1408,3.01234,0,0.04,2.95928,2.95928,0,0.554459,4.6872,4.54919e+06,3.11316e+06,1.34623e+07,0,400897,0,0,62.2257,61.3098,2.30516,0,1,1.34904,1.34904,0,1.04206,1.90512,9.45415e+06,4.16116e+06,1.2754e+07,0,377427,0,0
84.6679,85.1408,3.09854,0,0.04,2.95987,2.95987,0,0.554569,4.6872,4.54919e+06,3.11316e+06,1.3465e+07,0,400977,0,0,62.2853,61.3098,2.22074,0,1,1.34931,1.34931,0,1.04227,1.90512,9.45415e+06,4.16116e+06,1.27566e+07,0,377502,0,0
84.9792,85.1408,3.60451,0,0.04,2.91965,2.91965,0,0.554679,4.6872,4.54919e+06,3.11316e+06,1.32821e+07,0,395529,0,0,62.204,61.3098,2.21102,0,1,1.32931,1.32931,0,1.04248,1.90512,9.45415e+06,4.16116e+06,1.25675e+07,0,371907,0,0
85.1408,85.1408,3.50865,0,0.04,2.92023,2.92023,0,0.547143,4.6872,4.54919e+06,3.11316e+06,1.32847e+07,0,395607,0,0,62.178,61.3098,2.10955,0,1,1.32957,1.32957,0,1.02703,1.90512,9.45415e+06,4.16116e+06,1.257e+07,0,371980,0,0
85.0815,85.1408,3.15443,0,0.04,2.92081,2.92081,0,0.547251,4.6872,4.54919e+06,3.11316e+06,1.32873e+07,0,395686,0,0,62.0647,61.3098,2.04107,0,1,1.32984,1.32984,0,1.02723,1.90512,9.45415e+06,4.16116e+06,1.25725e+07,0,372054,0,0
84.8896,85.1408,3.00354,0,0.04,2.92139,2.92139,0,0.54736,4.6872,4.54919e+06,3.11316e+06,1.329e+07,0,395764,0,0,62.1282,61.3098,1.83107,0,1,1.3301,1.3301,0,1.02743,1.90512,9.45415e+06,4.16116e+06,1.2575e+07,0,372128,0,0
84.4541,85.1408,2.85409,0,0.04,3.06058,3.06058,0,0.547469,4.6872,4.54919e+06,3.11316e+06,1.39232e+07,0,414621,0,0,62.1648,61.3098,2.03068,0,1,1.40229,1.40229,0,1.02764,1.90512,9.45415e+06,4.16116e+06,1.32575e+07,0,392325,0,0
83.9973,85.1408,2.80778,0,0.04,3.06119,3.06119,0,0.573553,4.6872,4.54919e+06,3.11316e+06,1.39259e+07,0,414703,0,0,62.2065,61.3098,2.04202,0,1,1.40257,1.40257,0,1.08341,1.90512,9.45415e+06,4.16116e+06,1.32601e+07,0,392403,0,0
83.2538,85.1408,2.48349,0,0.04,3.06179,3.06179,0,0.573666,4.6872,4.54919e+06,3.11316e+06,1.39287e+07,0,414785,0,0,62.1239,61.3098,1.92335,0,1,1.40285,1.40285,0,1.08363,1.90512,9.45415e+06,4.16116e+06,1.32627e+07,0,392481,0,0
82.4163,85.1408,2.34846,0,0.04,3.0624,3.0624,0,0.57378,4.6872,4.54919e+06,3.11316e+06,1.39315e+07,0,414867,0,0,61.9946,61.3098,1.82943,0,1,1.40313,1.40313,0,1.08384,1.90512,9.45415e+06,4.16116e+06,1.32654e+07,0,392559,0,0
81.4733,85.1408,2.23268,0,0.04,3.06301,3.06301,0,0.573894,4.6872,4.54919e+06,3.11316e+06,1.39342e+07,0,414950,0,0,61.9573,61.3098,1.79967,0,1,1.40341,1.40341,0,1.08406,1.90512,9.45415e+06,4.16116e+06,1.3268e+07,0,392636,0,0
80.5052,85.1408,2.16778,0,0.04,3.03618,3.03618,0,0.574008,4.6872,4.54919e+06,3.11316e+06,1.38122e+07,0,411315,0,0,61.8803,61.3098,1.92337,0,1,1.44326,1.44326,0,1.08427,1.90512,9.45415e+06,4.16116e+06,1.36448e+07,0,403785,0,0
79.4029,85.1408,2.02614,0,0.04,3.03678,3.03678,0,0.56898,4.6872,4.54919e+06,3.11316e+06,1.38149e+07,0,411396,0,0,61.7189,61.3098,1.84652,0,1,1.44354,1.44354,0,1.11506,1.90512,9.45415e+06,4.16116e+06,1.36475e+07,0,403865,0,0
78.1258,85.1408,1.84241,0,0.04,3.03738,3.03738,0,0.569093,4.6872,4.54919e+06,3.11316e+06,1.38176e+07,0,411478,0,0,61.4155,61.3098,1.75768,0,1,1.44383,1.44383,0,1.11528,1.90512,9.45415e+06,4.16116e+06,1.36502e+07,0,403946,0,0
76.7051,85.1408,1.67484,0,0.04,3.03799,3.03799,0,0.569205,4.6872,4.54919e+06,3.11316e+06,1.38204e+07,0,411560,0,0,61.2513,61.3098,1.61163,0,1,1.44411,1.44411,0,1.1155,1.90512,9.45415e+06,4.16116e+06,1.36529e+07,0,404026,0,0
75.6174,85.1408,2.03526,0,0.04,3.1095,3.1095,0,0.569318,4.6872,4.54919e+06,3.11316e+06,1.41457e+07,0,421248,0,0,61.0481,61.3098,1.95794,0,1,1.4797,1.4797,0,1.11572,1.90512,9.45415e+06,4.16116e+06,1.39893e+07,0,413980,0,0
74.565,85.1408,2.05862,0.01,0.04,3.11012,3.11012,0,0.582721,4.6872,4.54919e+06,3.11316e+06,1.41485e+07,0,421332,0,0,60.848,61.3098,2.01689,0,1,1.47999,1.47999,0,1.14321,1.90512,9.45415e+06,4.16116e+06,1.3992e+07,0,414062,0,0
73.2625,85.1408,1.79644,0.01,0.04,3.11074,3.11074,0,0.582836,4.6872,4.54919e+06,3.11316e+06,1.41513e+07,0,421415,0,0,60.6126,61.3098,1.86048,0,1,1.48028,1.48028,0,1.14344,1.90512,9.45415e+06,4.16116e+06,1.39948e+07,0,414145,0,0
71.8338,85.1408,1.65596,0.01,0.04,3.11135,3.11135,0,0.582952,4.6872,4.54919e+06,3.11316e+06,1.41541e+07,0,421499,0,0,60.3589,61.3098,1.7816,0,1,1.48058,1.48058,0,1.14367,1.90512,9.45415e+06,4.16116e+06,1.39976e+07,0,414227,0,0
70.0224,85.1408,1.42294,0.01,0.04,3.3198,3.3198,0,0.583067,4.6872,4.54919e+06,3.11316e+06,1.51024e+07,0,449738,0,0,60.0058,61.3098,1.78138,0,1,1.60837,1.60837,0,1.14389,1.90512,9.45415e+06,4.16116e+06,1.52057e+07,0,449979,0,0
68.3768,85.1408,1.5956,0.02,0.04,3.32046,3.32046,0,0.622131,4.6872,4.54919e+06,3.11316e+06,1.51054e+07,0,449827,0,0,59.7061,61.3098,1.84686,0,1,1.60869,1.60869,0,1.24262,1.90512,9.45415e+06,4.16116e+06,1.52088e+07,0,450068,0,0
66.7314,85.1408,1.57485,0.02,0.04,3.32112,3.32112,0,0.622255,4.6872,4.54919e+06,3.11316e+06,1.51084e+07,0,449917,0,0,59.337,61.3098,1.81816,0,1,1.609,1.609,0,1.24287,1.90512,9.45415e+06,4.16116e+06,1.52118e+07,0,450158,0,0
64.7304,85.1408,1.21158,0.02,0.04,3.32178,3.32178,0,0.622378,4.6872,4.54919e+06,3.11316e+06,1.51114e+07,0,450006,0,0,58.8444,61.3098,1.64007,0,1,1.60932,1.60932,0,1.24312,1.90512,9.45415e+06,4.16116e+06,1.52148e+07,0,450247,0,0
62.8914,85.1408,1.36057,0.02,0.04,3.32244,3.32244,0,0.622502,4.6872,4.54919e+06,3.11316e+06,1.51144e+07,0,450095,0,0,58.3485,61.3098,1.63493,0,1,1.60964,1.60964,0,1.24336,1.90512,9.45415e+06,4.16116e+06,1.52178e+07,0,450336,0,0
61.1344,85.1408,1.40937,0.02,0.04,3.22171,3.22171,0,0.622625,4.6872,4.54919e+06,3.11316e+06,1.46562e+07,0,436449,0,0,58.267,61.3098,1.68033,0,1,1.5325,1.5325,0,1.24361,1.90512,9.45415e+06,4.16116e+06,1.44885e+07,0,428753,0,0
59.8212,85.1408,1.89828,0.02,0.04,3.22234,3.22234,0,0.603748,4.6872,4.54919e+06,3.11316e+06,1.46591e+07,0,436535,0,0,58.2632,61.3098,2.00009,0,1,1.5328,1.5328,0,1.18401,1.90512,9.45415e+06,4.16116e+06,1.44914e+07,0,428838,0,0
58.0542,85.1408,1.3708,0.03,0.04,3.22298,3.22298,0,0.603867,4.6872,4.54919e+06,3.11316e+06,1.4662e+07,0,436622,0,0,58.1251,61.3098,1.77156,0,1,1.53311,1.53311,0,1.18424,1.90512,9.45415e+06,4.16116e+06,1.44942e+07,0,428923,0,0
56.2187,85.1408,1.26298,0.04,0.04,3.22362,3.22362,0,0.603987,4.6872,4.54919e+06,3.11316e+06,1.46649e+07,0,436708,0,0,58.0847,61.3098,1.7939,0,1,1.53341,1.53341,0,1.18448,1.90512,9.45415e+06,4.16116e+06,1.44971e+07,0,429008,0,0
56.2647,85.1408,3.22224,0.03,0.04,3.14097,3.14097,0,0.604107,4.6872,4.54919e+06,3.11316e+06,1.42889e+07,0,425511,0,0,58.3672,61.3098,2.95232,0,1,1.46315,1.46315,0,1.18471,1.90512,9.45415e+06,4.16116e+06,1.38328e+07,0,409351,0,0
57.5707,85.1408,4.56976,0.03,0.04,3.14159,3.14159,0,0.588618,4.6872,4.54919e+06,3.11316e+06,1.42917e+07,0,425596,0,0,58.8903,61.3098,3.67839,0,1,1.46344,1.46344,0,1.13043,1.90512,9.45415e+06,4.16116e+06,1.38356e+07,0,409432,0,0
59.2557,85.1408,4.9547,0.03,0.04,3.14222,3.14222,0,0.588735,4.6872,4.54919e+06,3.11316e+06,1.42945e+07,0,425680,0,0,60.0402,61.3098,5.1196,0,1,1.46373,1.46373,0,1.13065,1.90512,9.45415e+06,4.16116e+06,1.38383e+07,0,409513,0,0
60.5169,85.1408,4.62328,0.03,0.04,3.14284,3.14284,0,0.588851,4.6872,4.54919e+06,3.11316e+06,1.42974e+07,0,425764,0,0,61.408,61.3098,5.14016,0,1,1.46402,1.46402,0,1.13088,1.90512,9.45415e+06,4.16116e+06,1.38411e+07,0,409594,0,0
63.9584,85.1408,6.74467,0.02,0.04,2.90672,2.90672,0,0.588968,4.6872,4.54919e+06,3.11316e+06,1.32232e+07,0,393777,0,0,62.338,61.3098,6.01121,0,1,1.31722,1.31722,0,1.1311,1.90512,9.45415e+06,4.16116e+06,1.24532e+07,0,368525,0,0
67.4237,85.1408,6.71471,0.02,0.04,2.9073,2.9073,0,0.54472,4.6872,4.54919e+06,3.11316e+06,1.32259e+07,0,393855,0,0,62.338,61.3098,7.83076,0,1,1.31749,1.31749,0,1.01769,1.90512,9.45415e+06,4.16116e+06,1.24557e+07,0,368598,0,0
69.0843,85.1408,4.83384,0.02,0.04,2.90788,2.90788,0,0.544828,4.6872,4.54919e+06,3.11316e+06,1.32285e+07,0,393934,0,0,62.338,61.3098,4.17456,0,1,1.31775,1.31775,0,1.01789,1.90512,9.45415e+06,4.16116e+06,1.24582e+07,0,368671,0,0
69.9793,85.1408,4.23124,0.01,0.04,2.90845,2.90845,0,0.544936,4.6872,4.54919e+06,3.11316e+06,1.32311e+07,0,394012,0,0,62.338,61.3098,3.36228,0,1,1.31801,1.31801,0,1.01809,1.90512,9.45415e+06,4.16116e+06,1.24606e+07,0,368744,0,0
71.3925,85.1408,4.7734,0.01,0.04,2.90903,2.90903,0,0.545044,4.6872,4.54919e+06,3.11316e+06,1.32337e+07,0,394090,0,0,62.338,61.3098,3.49219,0,1,1.31827,1.31827,0,1.01829,1.90512,9.45415e+06,4.16116e+06,1.24631e+07,0,368817,0,0
72.2947,85.1408,4.47616,0.01,0.04,3.00074,3.00074,0,0.545152,4.6872,4.54919e+06,3.11316e+06,1.36509e+07,0,406514,0,0,62.338,61.3098,5.0019,0,1,1.36116,1.36116,0,1.01849,1.90512,9.45415e+06,4.16116e+06,1.28686e+07,0,380816,0,0
73.4546,85.1408,4.61049,0.01,0.04,3.00131,3.00131,0,0.562339,4.6872,4.54919e+06,3.11316e+06,1.36535e+07,0,406591,0,0,62.338,61.3098,5.44803,0,1,1.36141,1.36141,0,1.05163,1.90512,9.45415e+06,4.16116e+06,1.2871e+07,0,380888,0,0
74.8734,85.1408,4.84308,0.01,0.04,3.00188,3.00188,0,0.562445,4.6872,4.54919e+06,3.11316e+06,1.36561e+07,0,406668,0,0,62.338,61.3098,7.40364,0,1,1.36167,1.36167,0,1.05183,1.90512,9.45415e+06,4.16116e+06,1.28735e+07,0,380960,0,0
77.8041,85.1408,6.34356,0.01,0.04,3.00244,3.00244,0,0.562552,4.6872,4.54919e+06,3.11316e+06,1.36587e+07,0,406745,0,0,62.338,61.3098,6.34742,0,1,1.36193,1.36193,0,1.05203,1.90512,9.45415e+06,4.16116e+06,1.28759e+07,0,381033,0,0
80.897,85.1408,6.98903,0,0.04,3.29592,3.29592,0,0.562658,4.6872,4.54919e+06,3.11316e+06,1.49938e+07,0,446502,0,0,62.338,61.3098,6.08416,0,1,1.52235,1.52235,0,1.05223,1.90512,9.45415e+06,4.16116e+06,1.43925e+07,0,425915,0,0
82.457,85.1408,5.36236,0,0.04,3.29654,3.29654,0,0.617655,4.6872,4.54919e+06,3.11316e+06,1.49966e+07,0,446587,0,0,62.338,61.3098,5.42868,0,1,1.52264,1.52264,0,1.17617,1.90512,9.45415e+06,4.16116e+06,1.43953e+07,0,425995,0,0
84.6655,85.1408,5.99511,0,0.04,3.29717,3.29717,0,0.617772,4.6872,4.54919e+06,3.11316e+06,1.49995e+07,0,446672,0,0,62.338,61.3098,5.42078,0,1,1.52293,1.52293,0,1.17639,1.90512,9.45415e+06,4.16116e+06,1.4398e+07,0,426076,0,0
85.1408,85.1408,7.25367,0,0.04,3.29779,3.29779,0,0.617889,4.6872,4.54919e+06,3.11316e+06,1.50023e+07,0,446756,0,0,62.338,61.3098,5.38193,0,1,1.52322,1.52322,0,1.17661,1.90512,9.45415e+06,4.16116e+06,1.44007e+07,0,426156,0,0
85.1408,85.1408,6.99039,0,0.04,2.88032,2.88032,0,0.618006,4.6872,4.54919e+06,3.11316e+06,1.31031e+07,0,390201,0,0,62.338,61.3098,7.782,0,1,1.3084,1.3084,0,1.17684,1.90512,9.45415e+06,4.16116e+06,1.23698e+07,0,366056,0,0
85.1408,85.1408,5.81274,0,0.04,2.88087,2.88087,0,0.539772,4.6872,4.54919e+06,3.11316e+06,1.31056e+07,0,390275,0,0,62.338,61.3098,5.79088,0,1,1.30865,1.30865,0,1.01087,1.90512,9.45415e+06,4.16116e+06,1.23722e+07,0,366126,0,0
85.1408,85.1408,9.85043,0,0.04,2.88141,2.88141,0,0.539874,4.6872,4.54919e+06,3.11316e+06,1.31081e+07,0,390348,0,0,62.338,61.3098,9.50394,0,1,1.3089,1.3089,0,1.01106,1.90512,9.45415e+06,4.16116e+06,1.23745e+07,0,366195,0,0
85.1408,85.1408,9.97619,0,0.04,2.88196,2.88196,0,0.539977,4.6872,4.54919e+06,3.11316e+06,1.31106e+07,0,390422,0,0,62.338,61.3098,8.84401,0,1,1.30914,1.30914,0,1.01125,1.90512,9.45415e+06,4.16116e+06,1.23768e+07,0,366264,0,0
85.1408,85.1408,9.16828,0,0.04,2.8825,2.8825,0,0.540079,4.6872,4.54919e+06,3.11316e+06,1.31131e+07,0,390496,0,0,62.338,61.3098,8.44995,0,1,1.30939,1.30939,0,1.01144,1.90512,9.45415e+06,4.16116e+06,1.23792e+07,0,366333,0,0
85.1408,85.1408,10.5893,0,0.04,2.98839,2.98839,0,0.540181,4.6872,4.54919e+06,3.11316e+06,1.35948e+07,0,404841,0,0,62.338,61.3098,9.9185,0,1,1.36231,1.36231,0,1.01164,1.90512,9.45415e+06,4.16116e+06,1.28795e+07,0,381139,0,0
85.1408,85.1408,8.92913,0,0.04,2.98895,2.98895,0,0.560024,4.6872,4.54919e+06,3.11316e+06,1.35973e+07,0,404917,0,0,62.338,61.3098,9.20037,0,1,1.36257,1.36257,0,1.05252,1.90512,9.45415e+06,4.16116e+06,1.28819e+07,0,381211,0,0
85.1408,85.1408,8.05542,0,0.04,2.98952,2.98952,0,0.56013,4.6872,4.54919e+06,3.11316e+06,1.35999e+07,0,404994,0,0,62.338,61.3098,8.47655,0,1,1.36283,1.36283,0,1.05272,1.90512,9.45415e+06,4.16116e+06,1.28844e+07,0,381284,0,0
85.1408,85.1408,9.50245,0,0.04,2.99009,2.99009,0,0.560236,4.6872,4.54919e+06,3.11316e+06,1.36025e+07,0,405071,0,0,62.338,61.3098,8.8055,0,1,1.36308,1.36308,0,1.05292,1.90512,9.45415e+06,4.16116e+06,1.28868e+07,0,381356,0,0
85.1408,85.1408,7.66515,0,0.04,2.94943,2.94943,0,0.560342,4.6872,4.54919e+06,3.11316e+06,1.34175e+07,0,399563,0,0,62.338,61.3098,6.72721,0,1,1.34287,1.34287,0,1.05312,1.90512,9.45415e+06,4.16116e+06,1.26957e+07,0,375700,0,0
85.1408,85.1408,6.96789,0,0.04,2.94999,2.94999,0,0.552724,4.6872,4.54919e+06,3.11316e+06,1.34201e+07,0,399639,0,0,62.338,61.3098,5.79002,0,1,1.34312,1.34312,0,1.0375,1.90512,9.45415e+06,4.16116e+06,1.26981e+07,0,375771,0,0
85.1408,85.1408,6.20525,0,0.04,2.95055,2.95055,0,0.552828,4.6872,4.54919e+06,3.11316e+06,1.34226e+07,0,399715,0,0,62.338,61.3098,5.60244,0,1,1.34338,1.34338,0,1.0377,1.90512,9.45415e+06,4.16116e+06,1.27005e+07,0,375842,0,0
85.1408,85.1408,5.87908,0,0.04,2.95111,2.95111,0,0.552933,4.6872,4.54919e+06,3.11316e+06,1.34252e+07,0,399790,0,0,62.338,61.3098,5.39922,0,1,1.34363,1.34363,0,1.03789,1.90512,9.45415e+06,4.16116e+06,1.27029e+07,0,375913,0,0
85.1408,85.1408,5.42449,0,0.04,3.09168,3.09168,0,0.553037,4.6872,4.54919e+06,3.11316e+06,1.40647e+07,0,418834,0,0,62.338,61.3098,4.93128,0,1,1.41654,1.41654,0,1.03809,1.90512,9.45415e+06,4.16116e+06,1.33922e+07,0,396312,0,0
85.1408,85.1408,4.93915,0,0.04,3.09227,3.09227,0,0.579381,4.6872,4.54919e+06,3.11316e+06,1.40673e+07,0,418913,0,0,62.338,61.3098,4.58141,0,1,1.41681,1.41681,0,1.09442,1.90512,9.45415e+06,4.16116e+06,1.33948e+07,0,396387,0,0
85.1408,85.1408,4.36768,0,0.04,3.09285,3.09285,0,0.579491,4.6872,4.54919e+06,3.11316e+06,1.407e+07,0,418993,0,0,62.338,61.3098,4.3088,0,1,1.41708,1.41708,0,1.09463,1.90512,9.45415e+06,4.16116e+06,1.33973e+07,0,396462,0,0
85.1408,85.1408,3.98549,0,0.04,3.09344,3.09344,0,0.579601,4.6872,4.54919e+06,3.11316e+06,1.40726e+07,0,419072,0,0,62.338,61.3098,4.08619,0,1,1.41735,1.41735,0,1.09484,1.90512,9.45415e+06,4.16116e+06,1.33998e+07,0,396537,0,0
85.1408,85.1408,3.62979,0,0.04,3.09402,3.09402,0,0.57971,4.6872,4.54919e+06,3.11316e+06,1.40753e+07,0,419151,0,0,62.338,61.3098,3.50642,0,1,1.41762,1.41762,0,1.09504,1.90512,9.45415e+06,4.16116e+06,1.34024e+07,0,396612,0,0
84.165,85.1408,2.24614,0,0.04,3.06689,3.06689,0,0.57982,4.6872,4.54919e+06,3.11316e+06,1.39519e+07,0,415476,0,0,62.338,61.3098,3.08131,0,1,1.45786,1.45786,0,1.09525,1.90512,9.45415e+06,4.16116e+06,1.37828e+07,0,407870,0,0
82.9858,85.1408,2.02764,0,0.04,3.06747,3.06747,0,0.574735,4.6872,4.54919e+06,3.11316e+06,1.39545e+07,0,415554,0,0,62.338,61.3098,2.74991,0,1,1.45813,1.45813,0,1.12634,1.90512,9.45415e+06,4.16116e+06,1.37854e+07,0,407947,0,0
81.7539,85.1408,1.93241,0,0.04,3.06805,3.06805,0,0.574844,4.6872,4.54919e+06,3.11316e+06,1.39572e+07,0,415633,0,0,62.338,61.3098,2.67447,0,1,1.45841,1.45841,0,1.12655,1.90512,9.45415e+06,4.16116e+06,1.3788e+07,0,408024,0,0
80.3405,85.1408,1.72428,0,0.04,3.06863,3.06863,0,0.574953,4.6872,4.54919e+06,3.11316e+06,1.39598e+07,0,415711,0,0,62.338,61.3098,2.58265,0,1,1.45868,1.45868,0,1.12677,1.90512,9.45415e+06,4.16116e+06,1.37906e+07,0,408102,0,0
78.9477,85.1408,1.79424,0,0.04,3.14084,3.14084,0,0.575062,4.6872,4.54919e+06,3.11316e+06,1.42883e+07,0,425494,0,0,62.338,61.3098,2.5495,0,1,1.49461,1.49461,0,1.12698,1.90512,9.45415e+06,4.16116e+06,1.41303e+07,0,418153,0,0
77.5936,85.1408,1.81803,0,0.04,3.14144,3.14144,0,0.588594,4.6872,4.54919e+06,3.11316e+06,1.4291e+07,0,425574,0,0,62.338,61.3098,2.60233,0,1,1.49489,1.49489,0,1.15473,1.90512,9.45415e+06,4.16116e+06,1.41329e+07,0,418232,0,0
76.0521,85.1408,1.61559,0,0.04,3.14203,3.14203,0,0.588705,4.6872,4.54919e+06,3.11316e+06,1.42937e+07,0,425655,0,0,62.338,61.3098,2.42927,0,1,1.49517,1.49517,0,1.15495,1.90512,9.45415e+06,4.16116e+06,1.41356e+07,0,418311,0,0
74.3822,85.1408,1.47065,0.02,0.04,3.14262,3.14262,0,0.588816,4.6872,4.54919e+06,3.11316e+06,1.42964e+07,0,425735,0,0,62.317,61.3098,2.30131,0,1,1.49546,1.49546,0,1.15517,1.90512,9.45415e+06,4.16116e+06,1.41383e+07,0,418390,0,0
72.3434,85.1408,1.2532,0.02,0.04,3.35314,3.35314,0,0.588928,4.6872,4.54919e+06,3.11316e+06,1.52541e+07,0,454254,0,0,62.0889,61.3098,2.11687,0,1,1.62452,1.62452,0,1.15539,1.90512,9.45415e+06,4.16116e+06,1.53584e+07,0,454497,0,0
70.3354,85.1408,1.30836,0.02,0.04,3.35377,3.35377,0,0.628378,4.6872,4.54919e+06,3.11316e+06,1.5257e+07,0,454340,0,0,61.6437,61.3098,1.97783,0,1,1.62482,1.62482,0,1.2551,1.90512,9.45415e+06,4.16116e+06,1.53613e+07,0,454583,0,0
68.103,85.1408,1.07907,0.02,0.04,3.35441,3.35441,0,0.628497,4.6872,4.54919e+06,3.11316e+06,1.52599e+07,0,454426,0,0,61.2125,61.3098,1.57669,0,1,1.62513,1.62513,0,1.25534,1.90512,9.45415e+06,4.16116e+06,1.53642e+07,0,454669,0,0
66.0746,85.1408,1.24789,0.02,0.04,3.35504,3.35504,0,0.628616,4.6872,4.54919e+06,3.11316e+06,1.52627e+07,0,454512,0,0,61.0408,61.3098,2.38268,0,1,1.62544,1.62544,0,1.25558,1.90512,9.45415e+06,4.16116e+06,1.53671e+07,0,454755,0,0
63.8719,85.1408,1.04871,0.02,0.04,3.35568,3.35568,0,0.628735,4.6872,4.54919e+06,3.11316e+06,1.52656e+07,0,454598,0,0,60.6902,61.3098,1.83855,0,1,1.62575,1.62575,0,1.25581,1.90512,9.45415e+06,4.16116e+06,1.537e+07,0,454841,0,0
62.0776,85.1408,1.43355,0.03,0.04,3.25391,3.25391,0,0.628854,4.6872,4.54919e+06,3.11316e+06,1.48026e+07,0,440811,0,0,60.6287,61.3098,3.28438,0,1,1.54782,1.54782,0,1.25605,1.90512,9.45415e+06,4.16116e+06,1.46333e+07,0,433039,0,0
60.1158,85.1408,1.34307,0.03,0.04,3.25452,3.25452,0,0.609782,4.6872,4.54919e+06,3.11316e+06,1.48054e+07,0,440894,0,0,60.7661,61.3098,3.52967,0,1,1.54811,1.54811,0,1.19584,1.90512,9.45415e+06,4.16116e+06,1.46361e+07,0,433121,0,0
58.3649,85.1408,1.54521,0.03,0.04,3.25514,3.25514,0,0.609897,4.6872,4.54919e+06,3.11316e+06,1.48082e+07,0,440977,0,0,61.1859,61.3098,4.37183,0,1,1.5484,1.5484,0,1.19607,1.90512,9.45415e+06,4.16116e+06,1.46388e+07,0,433202,0,0
56.5961,85.1408,1.54656,0.05,0.04,3.25575,3.25575,0,0.610012,4.6872,4.54919e+06,3.11316e+06,1.4811e+07,0,441061,0,0,61.5988,61.3098,4.34774,0,1,1.54869,1.54869,0,1.19629,1.90512,9.45415e+06,4.16116e+06,1.46416e+07,0,433284,0,0
55.2241,85.1408,1.90626,0.04,0.04,3.17225,3.17225,0,0.610128,4.6872,4.54919e+06,3.11316e+06,1.44312e+07,0,429748,0,0,61.9825,61.3098,3.7851,0,1,1.47772,1.47772,0,1.19652,1.90512,9.45415e+06,4.16116e+06,1.39706e+07,0,413427,0,0
55.9479,85.1408,4.09623,0.03,0.04,3.17285,3.17285,0,0.594479,4.6872,4.54919e+06,3.11316e+06,1.44339e+07,0,429829,0,0,62.338,61.3098,8.96827,0,1,1.478,1.478,0,1.14169,1.90512,9.45415e+06,4.16116e+06,1.39732e+07,0,413505,0,0
55.6246,85.1408,3.01456,0.03,0.04,3.17345,3.17345,0,0.594591,4.6872,4.54919e+06,3.11316e+06,1.44366e+07,0,429911,0,0,62.338,61.3098,5.88744,0,1,1.47828,1.47828,0,1.1419,1.90512,9.45415e+06,4.16116e+06,1.39759e+07,0,413583,0,0
56.5607,85.1408,4.36119,0.03,0.04,3.17405,3.17405,0,0.594704,4.6872,4.54919e+06,3.11316e+06,1.44393e+07,0,429992,0,0,62.338,61.3098,5.14262,0,1,1.47856,1.47856,0,1.14212,1.90512,9.45415e+06,4.16116e+06,1.39785e+07,0,413661,0,0
58.2538,85.1408,5.12103,0.03,0.04,2.93556,2.93556,0,0.594816,4.6872,4.54919e+06,3.11316e+06,1.33544e+07,0,397684,0,0,62.338,61.3098,9.00127,0,1,1.33029,1.33029,0,1.14233,1.90512,9.45415e+06,4.16116e+06,1.25768e+07,0,372181,0,0
61.3275,85.1408,6.74161,0.04,0.04,2.93611,2.93611,0,0.550124,4.6872,4.54919e+06,3.11316e+06,1.33569e+07,0,397759,0,0,62.338,61.3098,5.52296,0,1,1.33054,1.33054,0,1.02778,1.90512,9.45415e+06,4.16116e+06,1.25792e+07,0,372251,0,0
65.5569,85.1408,7.8119,0.03,0.04,2.93667,2.93667,0,0.550228,4.6872,4.54919e+06,3.11316e+06,1.33595e+07,0,397834,0,0,62.338,61.3098,6.6383,0,1,1.33079,1.33079,0,1.02798,1.90512,9.45415e+06,4.16116e+06,1.25815e+07,0,372322,0,0
70.0683,85.1408,8.24472,0.03,0.04,2.93722,2.93722,0,0.550332,4.6872,4.54919e+06,3.11316e+06,1.3362e+07,0,397909,0,0,62.338,61.3098,10.139,0,1,1.33105,1.33105,0,1.02817,1.90512,9.45415e+06,4.16116e+06,1.25839e+07,0,372392,0,0
74.4242,85.1408,8.23179,0.01,0.04,2.93778,2.93778,0,0.550435,4.6872,4.54919e+06,3.11316e+06,1.33645e+07,0,397984,0,0,62.338,61.3098,8.66486,0,1,1.3313,1.3313,0,1.02837,1.90512,9.45415e+06,4.16116e+06,1.25863e+07,0,372462,0,0
74.3501,85.1408,3.2956,0.01,0.04,3.03037,3.03037,0,0.55054,4.6872,4.54919e+06,3.11316e+06,1.37857e+07,0,410528,0,0,62.338,61.3098,3.6539,0,1,1.3746,1.3746,0,1.02856,1.90512,9.45415e+06,4.16116e+06,1.29956e+07,0,384576,0,0
75.3679,85.1408,4.44079,0.01,0.04,3.03091,3.03091,0,0.567891,4.6872,4.54919e+06,3.11316e+06,1.37882e+07,0,410602,0,0,62.338,61.3098,3.58602,0,1,1.37484,1.37484,0,1.06201,1.90512,9.45415e+06,4.16116e+06,1.2998e+07,0,384645,0,0
78.6282,85.1408,6.91502,0.01,0.04,3.03146,3.03146,0,0.567993,4.6872,4.54919e+06,3.11316e+06,1.37907e+07,0,410676,0,0,62.338,61.3098,7.81216,0,1,1.37509,1.37509,0,1.0622,1.90512,9.45415e+06,4.16116e+06,1.30003e+07,0,384715,0,0
83.7333,85.1408,9.04908,0,0.04,3.032,3.032,0,0.568095,4.6872,4.54919e+06,3.11316e+06,1.37932e+07,0,410750,0,0,62.338,61.3098,9.45726,0,1,1.37534,1.37534,0,1.0624,1.90512,9.45415e+06,4.16116e+06,1.30027e+07,0,384784,0,0
85.1408,85.1408,6.45644,0,0.04,3.32834,3.32834,0,0.568198,4.6872,4.54919e+06,3.11316e+06,1.51413e+07,0,450894,0,0,62.338,61.3098,9.32979,0,1,1.53733,1.53733,0,1.06259,1.90512,9.45415e+06,4.16116e+06,1.45341e+07,0,430104,0,0
84.6744,85.1408,3.34722,0,0.04,3.32894,3.32894,0,0.623731,4.6872,4.54919e+06,3.11316e+06,1.5144e+07,0,450975,0,0,62.338,61.3098,4.58358,0,1,1.5376,1.5376,0,1.18774,1.90512,9.45415e+06,4.16116e+06,1.45367e+07,0,430181,0,0
84.2071,85.1408,3.39068,0,0.04,3.32954,3.32954,0,0.623843,4.6872,4.54919e+06,3.11316e+06,1.51467e+07,0,451056,0,0,62.338,61.3098,4.75684,0,1,1.53788,1.53788,0,1.18795,1.90512,9.45415e+06,4.16116e+06,1.45393e+07,0,430259,0,0
83.1447,85.1408,2.6958,0,0.04,3.33014,3.33014,0,0.623955,4.6872,4.54919e+06,3.11316e+06,1.51494e+07,0,451138,0,0,62.338,61.3098,3.36544,0,1,1.53816,1.53816,0,1.18817,1.90512,9.45415e+06,4.16116e+06,1.4542e+07,0,430336,0,0
85.1408,85.1408,5.88924,0,0.04,2.90854,2.90854,0,0.624067,4.6872,4.54919e+06,3.11316e+06,1.32315e+07,0,394024,0,0,62.338,61.3098,7.41715,0,1,1.32122,1.32122,0,1.18838,1.90512,9.45415e+06,4.16116e+06,1.2491e+07,0,369643,0,0
85.1408,85.1408,5.61092,0,0.04,2.90907,2.90907,0,0.545061,4.6872,4.54919e+06,3.11316e+06,1.32339e+07,0,394095,0,0,62.338,61.3098,5.78658,0,1,1.32146,1.32146,0,1.02077,1.90512,9.45415e+06,4.16116e+06,1.24933e+07,0,369709,0,0
85.1408,85.1408,4.00358,0,0.04,2.90959,2.90959,0,0.545159,4.6872,4.54919e+06,3.11316e+06,1.32363e+07,0,394166,0,0,62.338,61.3098,4.86906,0,1,1.3217,1.3217,0,1.02096,1.90512,9.45415e+06,4.16116e+06,1.24955e+07,0,369776,0,0
85.1408,85.1408,4.36815,0,0.04,2.91011,2.91011,0,0.545257,4.6872,4.54919e+06,3.11316e+06,1.32387e+07,0,394237,0,0,62.338,61.3098,4.39583,0,1,1.32193,1.32193,0,1.02114,1.90512,9.45415e+06,4.16116e+06,1.24978e+07,0,369843,0,0
85.1408,85.1408,4.89124,0,0.04,2.91064,2.91064,0,0.545355,4.6872,4.54919e+06,3.11316e+06,1.32411e+07,0,394308,0,0,62.338,61.3098,5.60912,0,1,1.32217,1.32217,0,1.02133,1.90512,9.45415e+06,4.16116e+06,1.25e+07,0,369909,0,0
85.1408,85.1408,4.47722,0,0.04,3.01753,3.01753,0,0.545453,4.6872,4.54919e+06,3.11316e+06,1.37273e+07,0,408788,0,0,62.338,61.3098,3.77352,0,1,1.3756,1.3756,0,1.02151,1.90512,9.45415e+06,4.16116e+06,1.30051e+07,0,384856,0,0
85.1408,85.1408,4.89381,0,0.04,3.01807,3.01807,0,0.565485,4.6872,4.54919e+06,3.11316e+06,1.37298e+07,0,408862,0,0,62.338,61.3098,5.25852,0,1,1.37584,1.37584,0,1.06278,1.90512,9.45415e+06,4.16116e+06,1.30074e+07,0,384925,0,0
85.1408,85.1408,4.61601,0,0.04,3.01861,3.01861,0,0.565587,4.6872,4.54919e+06,3.11316e+06,1.37323e+07,0,408935,0,0,62.338,61.3098,5.59273,0,1,1.37609,1.37609,0,1.06298,1.90512,9.45415e+06,4.16116e+06,1.30098e+07,0,384994,0,0
84.9656,85.1408,3.44082,0,0.04,3.01916,3.01916,0,0.565688,4.6872,4.54919e+06,3.11316e+06,1.37347e+07,0,409009,0,0,62.338,61.3098,5.51763,0,1,1.37634,1.37634,0,1.06317,1.90512,9.45415e+06,4.16116e+06,1.30121e+07,0,385063,0,0
84.8462,85.1408,3.3293,0,0.04,2.97808,2.97808,0,0.56579,4.6872,4.54919e+06,3.11316e+06,1.35479e+07,0,403444,0,0,62.338,61.3098,4.12119,0,1,1.35591,1.35591,0,1.06336,1.90512,9.45415e+06,4.16116e+06,1.2819e+07,0,379349,0,0
84.762,85.1408,3.32877,0,0.04,2.97862,2.97862,0,0.558092,4.6872,4.54919e+06,3.11316e+06,1.35503e+07,0,403517,0,0,62.338,61.3098,3.1131,0,1,1.35616,1.35616,0,1.04758,1.90512,9.45415e+06,4.16116e+06,1.28213e+07,0,379418,0,0
84.4001,85.1408,3.00903,0,0.04,2.97915,2.97915,0,0.558193,4.6872,4.54919e+06,3.11316e+06,1.35527e+07,0,403590,0,0,62.338,61.3098,3.04449,0,1,1.3564,1.3564,0,1.04777,1.90512,9.45415e+06,4.16116e+06,1.28236e+07,0,379486,0,0
83.7611,85.1408,2.64147,0,0.04,2.97969,2.97969,0,0.558293,4.6872,4.54919e+06,3.11316e+06,1.35552e+07,0,403662,0,0,62.338,61.3098,3.3236,0,1,1.35665,1.35665,0,1.04796,1.90512,9.45415e+06,4.16116e+06,1.28259e+07,0,379554,0,0
82.6914,85.1408,2.26187,0,0.04,3.1216,3.1216,0,0.558394,4.6872,4.54919e+06,3.11316e+06,1.42008e+07,0,422887,0,0,62.338,61.3098,3.24697,0,1,1.43025,1.43025,0,1.04814,1.90512,9.45415e+06,4.16116e+06,1.35218e+07,0,400147,0,0
81.7544,85.1408,2.42535,0,0.04,3.12216,3.12216,0,0.584987,4.6872,4.54919e+06,3.11316e+06,1.42033e+07,0,422963,0,0,62.338,61.3098,2.93099,0,1,1.43051,1.43051,0,1.10501,1.90512,9.45415e+06,4.16116e+06,1.35242e+07,0,400219,0,0
80.5443,85.1408,2.12018,0,0.04,3.12272,3.12272,0,0.585093,4.6872,4.54919e+06,3.11316e+06,1.42059e+07,0,423039,0,0,62.338,61.3098,2.7338,0,1,1.43076,1.43076,0,1.10521,1.90512,9.45415e+06,4.16116e+06,1.35267e+07,0,400291,0,0
79.2702,85.1408,1.9896,0,0.04,3.12328,3.12328,0,0.585198,4.6872,4.54919e+06,3.11316e+06,1.42084e+07,0,423115,0,0,62.338,61.3098,2.6126,0,1,1.43102,1.43102,0,1.10541,1.90512,9.45415e+06,4.16116e+06,1.35291e+07,0,400363,0,0
77.9053,85.1408,1.89035,0,0.04,3.12384,3.12384,0,0.585303,4.6872,4.54919e+06,3.11316e+06,1.4211e+07,0,423191,0,0,62.338,61.3098,2.43193,0,1,1.43128,1.43128,0,1.10561,1.90512,9.45415e+06,4.16116e+06,1.35315e+07,0,400435,0,0
76.9438,85.1408,2.24249,0,0.04,3.09642,3.09642,0,0.585408,4.6872,4.54919e+06,3.11316e+06,1.40862e+07,0,419476,0,0,62.338,61.3098,2.6843,0,1,1.47189,1.47189,0,1.10581,1.90512,9.45415e+06,4.16116e+06,1.39155e+07,0,411797,0,0
75.7997,85.1408,2.05024,0,0.04,3.09698,3.09698,0,0.580269,4.6872,4.54919e+06,3.11316e+06,1.40888e+07,0,419552,0,0,62.338,61.3098,2.64065,0,1,1.47216,1.47216,0,1.13718,1.90512,9.45415e+06,4.16116e+06,1.3918e+07,0,411871,0,0
74.4884,85.1408,1.85842,0.01,0.04,3.09754,3.09754,0,0.580374,4.6872,4.54919e+06,3.11316e+06,1.40913e+07,0,419627,0,0,62.338,61.3098,2.37993,0,1,1.47242,1.47242,0,1.13739,1.90512,9.45415e+06,4.16116e+06,1.39205e+07,0,411945,0,0
73.1292,85.1408,1.75661,0.01,0.04,3.09809,3.09809,0,0.580478,4.6872,4.54919e+06,3.11316e+06,1.40938e+07,0,419703,0,0,62.243,61.3098,2.34423,0,1,1.47269,1.47269,0,1.13759,1.90512,9.45415e+06,4.16116e+06,1.3923e+07,0,412019,0,0
71.4844,85.1408,1.5055,0.01,0.04,3.17097,3.17097,0,0.580583,4.6872,4.54919e+06,3.11316e+06,1.44253e+07,0,429575,0,0,61.5422,61.3098,1.80833,0,1,1.50894,1.50894,0,1.1378,1.90512,9.45415e+06,4.16116e+06,1.42658e+07,0,422163,0,0
69.701,85.1408,1.34569,0.01,0.04,3.17154,3.17154,0,0.594239,4.6872,4.54919e+06,3.11316e+06,1.44279e+07,0,429652,0,0,60.8132,61.3098,1.27657,0,1,1.50922,1.50922,0,1.16581,1.90512,9.45415e+06,4.16116e+06,1.42684e+07,0,422239,0,0
67.9162,85.1408,1.32177,0.02,0.04,3.17211,3.17211,0,0.594346,4.6872,4.54919e+06,3.11316e+06,1.44305e+07,0,429729,0,0,60.2154,61.3098,1.3687,0,1,1.50949,1.50949,0,1.16602,1.90512,9.45415e+06,4.16116e+06,1.42709e+07,0,422315,0,0
66.2598,85.1408,1.42177,0.02,0.04,3.17268,3.17268,0,0.594453,4.6872,4.54919e+06,3.11316e+06,1.44331e+07,0,429806,0,0,59.8221,61.3098,1.4898,0,1,1.50976,1.50976,0,1.16623,1.90512,9.45415e+06,4.16116e+06,1.42735e+07,0,422391,0,0
64.5454,85.1408,1.5277,0.02,0.04,3.38517,3.38517,0,0.59456,4.6872,4.54919e+06,3.11316e+06,1.53998e+07,0,458594,0,0,59.1646,61.3098,1.69835,0,1,1.64004,1.64004,0,1.16644,1.90512,9.45415e+06,4.16116e+06,1.55052e+07,0,458840,0,0
62.5008,85.1408,1.18305,0.02,0.04,3.38578,3.38578,0,0.634382,4.6872,4.54919e+06,3.11316e+06,1.54026e+07,0,458676,0,0,58.364,61.3098,1.36852,0,1,1.64033,1.64033,0,1.26709,1.90512,9.45415e+06,4.16116e+06,1.55079e+07,0,458922,0,0
60.4065,85.1408,1.10816,0.03,0.04,3.38639,3.38639,0,0.634496,4.6872,4.54919e+06,3.11316e+06,1.54054e+07,0,458759,0,0,57.6497,61.3098,1.29307,0,1,1.64063,1.64063,0,1.26732,1.90512,9.45415e+06,4.16116e+06,1.55107e+07,0,459005,0,0
58.5872,85.1408,1.3597,0.03,0.04,3.387,3.387,0,0.63461,4.6872,4.54919e+06,3.11316e+06,1.54081e+07,0,458841,0,0,56.8717,61.3098,1.42082,0,1,1.64092,1.64092,0,1.26755,1.90512,9.45415e+06,4.16116e+06,1.55135e+07,0,459087,0,0
56.5435,85.1408,1.10567,0.06,0.04,3.38761,3.38761,0,0.634724,4.6872,4.54919e+06,3.11316e+06,1.54109e+07,0,458924,0,0,56.3681,61.3098,1.3006,0,1,1.64122,1.64122,0,1.26778,1.90512,9.45415e+06,4.16116e+06,1.55163e+07,0,459170,0,0
55.4455,85.1408,1.95932,0.08,0.04,3.28484,3.28484,0,0.634838,4.6872,4.54919e+06,3.11316e+06,1.49434e+07,0,445001,0,0,56.2863,61.3098,2.6219,0,1,1.56253,1.56253,0,1.268,1.90512,9.45415e+06,4.16116e+06,1.47724e+07,0,437155,0,0
54.6608,85.1408,2.24445,0.08,0.04,3.28543,3.28543,0,0.615579,4.6872,4.54919e+06,3.11316e+06,1.49461e+07,0,445081,0,0,56.1801,61.3098,2.68235,0,1,1.56281,1.56281,0,1.20721,1.90512,9.45415e+06,4.16116e+06,1.47751e+07,0,437234,0,0
53.5326,85.1408,1.98127,0.07,0.04,3.28602,3.28602,0,0.615689,4.6872,4.54919e+06,3.11316e+06,1.49487e+07,0,445161,0,0,56.1385,61.3098,2.74088,0,1,1.56309,1.56309,0,1.20743,1.90512,9.45415e+06,4.16116e+06,1.47777e+07,0,437313,0,0
52.7578,85.1408,2.39368,0.05,0.04,3.28661,3.28661,0,0.6158,4.6872,4.54919e+06,3.11316e+06,1.49514e+07,0,445241,0,0,56.1463,61.3098,2.86182,0,1,1.56337,1.56337,0,1.20765,1.90512,9.45415e+06,4.16116e+06,1.47804e+07,0,437391,0,0
52.0612,85.1408,2.4406,0.04,0.04,3.20228,3.20228,0,0.615911,4.6872,4.54919e+06,3.11316e+06,1.45678e+07,0,433818,0,0,56.2475,61.3098,2.6526,0,1,1.49171,1.49171,0,1.20786,1.90512,9.45415e+06,4.16116e+06,1.41029e+07,0,417342,0,0
52.1012,85.1408,3.18765,0.04,0.04,3.20286,3.20286,0,0.600108,4.6872,4.54919e+06,3.11316e+06,1.45704e+07,0,433895,0,0,56.3492,61.3098,3.00716,0,1,1.49198,1.49198,0,1.1525,1.90512,9.45415e+06,4.16116e+06,1.41054e+07,0,417417,0,0
52.4513,85.1408,3.59997,0.03,0.04,3.20344,3.20344,0,0.600216,4.6872,4.54919e+06,3.11316e+06,1.4573e+07,0,433973,0,0,57.6637,61.3098,7.48677,0,1,1.49225,1.49225,0,1.1527,1.90512,9.45415e+06,4.16116e+06,1.41079e+07,0,417492,0,0
52.5268,85.1408,3.25764,0.03,0.04,3.20401,3.20401,0,0.600324,4.6872,4.54919e+06,3.11316e+06,1.45757e+07,0,434051,0,0,57.998,61.3098,3.44402,0,1,1.49251,1.49251,0,1.15291,1.90512,9.45415e+06,4.16116e+06,1.41105e+07,0,417567,0,0
53.9894,85.1408,4.59127,0.03,0.04,2.96324,2.96324,0,0.600432,4.6872,4.54919e+06,3.11316e+06,1.34804e+07,0,401434,0,0,59.1114,61.3098,5.57902,0,1,1.34284,1.34284,0,1.15312,1.90512,9.45415e+06,4.16116e+06,1.26954e+07,0,375691,0,0
55.9681,85.1408,4.98825,0.05,0.04,2.96378,2.96378,0,0.555312,4.6872,4.54919e+06,3.11316e+06,1.34828e+07,0,401507,0,0,59.2921,61.3098,3.15962,0,1,1.34308,1.34308,0,1.03748,1.90512,9.45415e+06,4.16116e+06,1.26977e+07,0,375759,0,0
59.9162,85.1408,7.18901,0.05,0.04,2.96431,2.96431,0,0.555412,4.6872,4.54919e+06,3.11316e+06,1.34852e+07,0,401579,0,0,60.113,61.3098,4.33743,0,1,1.34332,1.34332,0,1.03766,1.90512,9.45415e+06,4.16116e+06,1.27e+07,0,375826,0,0
63.3584,85.1408,6.76281,0.03,0.04,2.96484,2.96484,0,0.555512,4.6872,4.54919e+06,3.11316e+06,1.34876e+07,0,401651,0,0,61.1445,61.3098,6.16551,0,1,1.34356,1.34356,0,1.03785,1.90512,9.45415e+06,4.16116e+06,1.27022e+07,0,375894,0,0
66.9397,85.1408,6.82506,0.03,0.04,2.96537,2.96537,0,0.555611,4.6872,4.54919e+06,3.11316e+06,1.34901e+07,0,401723,0,0,61.5543,61.3098,4.59044,0,1,1.3438,1.3438,0,1.03804,1.90512,9.45415e+06,4.16116e+06,1.27045e+07,0,375961,0,0
69.2523,85.1408,5.70586,0.03,0.04,3.05881,3.05881,0,0.555711,4.6872,4.54919e+06,3.11316e+06,1.39151e+07,0,414380,0,0,62.338,61.3098,4.46477,0,1,1.3875,1.3875,0,1.03822,1.90512,9.45415e+06,4.16116e+06,1.31176e+07,0,388185,0,0
71.4277,85.1408,5.60644,0.01,0.04,3.05933,3.05933,0,0.57322,4.6872,4.54919e+06,3.11316e+06,1.39175e+07,0,414451,0,0,62.338,61.3098,3.60232,0,1,1.38773,1.38773,0,1.07198,1.90512,9.45415e+06,4.16116e+06,1.31198e+07,0,388251,0,0
73.1938,85.1408,5.17842,0.01,0.04,3.05985,3.05985,0,0.573318,4.6872,4.54919e+06,3.11316e+06,1.39199e+07,0,414522,0,0,62.338,61.3098,3.81833,0,1,1.38797,1.38797,0,1.07216,1.90512,9.45415e+06,4.16116e+06,1.31221e+07,0,388318,0,0
75.0289,85.1408,5.25701,0.01,0.04,3.06037,3.06037,0,0.573416,4.6872,4.54919e+06,3.11316e+06,1.39222e+07,0,414592,0,0,62.338,61.3098,4.43293,0,1,1.38821,1.38821,0,1.07235,1.90512,9.45415e+06,4.16116e+06,1.31243e+07,0,388384,0,0
78.5957,85.1408,7.52622,0.02,0.04,3.35945,3.35945,0,0.573514,4.6872,4.54919e+06,3.11316e+06,1.52828e+07,0,455108,0,0,62.338,61.3098,6.26361,0,1,1.55169,1.55169,0,1.07253,1.90512,9.45415e+06,4.16116e+06,1.467e+07,0,434124,0,0
83.968,85.1408,9.46416,0.01,0.04,3.36002,3.36002,0,0.62956,4.6872,4.54919e+06,3.11316e+06,1.52854e+07,0,455186,0,0,62.338,61.3098,8.14261,0,1,1.55196,1.55196,0,1.19884,1.90512,9.45415e+06,4.16116e+06,1.46725e+07,0,434198,0,0
85.1408,85.1408,8.07449,0.01,0.04,3.36059,3.36059,0,0.629668,4.6872,4.54919e+06,3.11316e+06,1.5288e+07,0,455264,0,0,62.338,61.3098,8.311,0,1,1.55222,1.55222,0,1.19904,1.90512,9.45415e+06,4.16116e+06,1.4675e+07,0,434272,0,0
85.1408,85.1408,7.35701,0,0.04,3.36117,3.36117,0,0.629775,4.6872,4.54919e+06,3.11316e+06,1.52906e+07,0,455341,0,0,62.338,61.3098,7.23469,0,1,1.55249,1.55249,0,1.19925,1.90512,9.45415e+06,4.16116e+06,1.46775e+07,0,434346,0,0
85.1408,85.1408,7.0564,0,0.04,2.93562,2.93562,0,0.629883,4.6872,4.54919e+06,3.11316e+06,1.33547e+07,0,397692,0,0,62.338,61.3098,7.97159,0,1,1.33352,1.33352,0,1.19945,1.90512,9.45415e+06,4.16116e+06,1.26073e+07,0,373084,0,0
85.1408,85.1408,8.26558,0,0.04,2.93612,2.93612,0,0.550135,4.6872,4.54919e+06,3.11316e+06,1.3357e+07,0,397760,0,0,62.338,61.3098,9.32833,0,1,1.33375,1.33375,0,1.03028,1.90512,9.45415e+06,4.16116e+06,1.26094e+07,0,373147,0,0
85.1408,85.1408,9.15672,0,0.04,2.93662,2.93662,0,0.550229,4.6872,4.54919e+06,3.11316e+06,1.33592e+07,0,397827,0,0,62.338,61.3098,9.95341,0,1,1.33397,1.33397,0,1.03045,1.90512,9.45415e+06,4.16116e+06,1.26116e+07,0,373211,0,0
85.1408,85.1408,8.05677,0,0.04,2.93712,2.93712,0,0.550322,4.6872,4.54919e+06,3.11316e+06,1.33615e+07,0,397895,0,0,62.338,61.3098,8.50575,0,1,1.3342,1.3342,0,1.03063,1.90512,9.45415e+06,4.16116e+06,1.26137e+07,0,373275,0,0
85.1408,85.1408,6.90752,0,0.04,2.93762,2.93762,0,0.550416,4.6872,4.54919e+06,3.11316e+06,1.33638e+07,0,397963,0,0,62.338,61.3098,6.94251,0,1,1.33443,1.33443,0,1.0308,1.90512,9.45415e+06,4.16116e+06,1.26159e+07,0,373338,0,0
85.1408,85.1408,11.6731,0,0.04,3.04547,3.04547,0,0.55051,4.6872,4.54919e+06,3.11316e+06,1.38545e+07,0,412574,0,0,62.338,61.3098,14.8478,0,1,1.38833,1.38833,0,1.03098,1.90512,9.45415e+06,4.16116e+06,1.31255e+07,0,388420,0,0
85.1408,85.1408,7.95057,0,0.04,3.04599,3.04599,0,0.570722,4.6872,4.54919e+06,3.11316e+06,1.38568e+07,0,412645,0,0,62.338,61.3098,10.9512,0,1,1.38857,1.38857,0,1.07263,1.90512,9.45415e+06,4.16116e+06,1.31278e+07,0,388486,0,0
85.1408,85.1408,6.36902,0,0.04,3.04651,3.04651,0,0.570819,4.6872,4.54919e+06,3.11316e+06,1.38592e+07,0,412715,0,0,62.338,61.3098,9.55895,0,1,1.38881,1.38881,0,1.07281,1.90512,9.45415e+06,4.16116e+06,1.313e+07,0,388552,0,0
85.1408,85.1408,5.55967,0,0.04,3.04703,3.04703,0,0.570917,4.6872,4.54919e+06,3.11316e+06,1.38615e+07,0,412785,0,0,62.338,61.3098,8.86804,0,1,1.38905,1.38905,0,1.07299,1.90512,9.45415e+06,4.16116e+06,1.31322e+07,0,388619,0,0
85.1408,85.1408,5.49238,0,0.04,3.00555,3.00555,0,0.571014,4.6872,4.54919e+06,3.11316e+06,1.36728e+07,0,407166,0,0,62.338,61.3098,9.13857,0,1,1.36842,1.36842,0,1.07318,1.90512,9.45415e+06,4.16116e+06,1.29372e+07,0,382848,0,0
85.1408,85.1408,5.85536,0,0.04,3.00606,3.00606,0,0.56324,4.6872,4.54919e+06,3.11316e+06,1.36752e+07,0,407235,0,0,62.338,61.3098,6.72096,0,1,1.36865,1.36865,0,1.05724,1.90512,9.45415e+06,4.16116e+06,1.29395e+07,0,382913,0,0
85.1408,85.1408,4.58062,0,0.04,3.00657,3.00657,0,0.563336,4.6872,4.54919e+06,3.11316e+06,1.36775e+07,0,407304,0,0,62.338,61.3098,5.74529,0,1,1.36889,1.36889,0,1.05742,1.90512,9.45415e+06,4.16116e+06,1.29417e+07,0,382979,0,0
85.1408,85.1408,4.16556,0,0.04,3.00709,3.00709,0,0.563432,4.6872,4.54919e+06,3.11316e+06,1.36798e+07,0,407374,0,0,62.338,61.3098,4.49051,0,1,1.36912,1.36912,0,1.0576,1.90512,9.45415e+06,4.16116e+06,1.29439e+07,0,383044,0,0
85.1408,85.1408,3.85441,0,0.04,3.15027,3.15027,0,0.563528,4.6872,4.54919e+06,3.11316e+06,1.43312e+07,0,426771,0,0,62.338,61.3098,4.28839,0,1,1.44339,1.44339,0,1.05778,1.90512,9.45415e+06,4.16116e+06,1.3646e+07,0,403822,0,0
85.1408,85.1408,4.17006,0,0.04,3.15081,3.15081,0,0.590361,4.6872,4.54919e+06,3.11316e+06,1.43336e+07,0,426844,0,0,62.338,61.3098,4.7053,0,1,1.44363,1.44363,0,1.11516,1.90512,9.45415e+06,4.16116e+06,1.36483e+07,0,403891,0,0
85.1408,85.1408,3.82546,0,0.04,3.15135,3.15135,0,0.590461,4.6872,4.54919e+06,3.11316e+06,1.43361e+07,0,426917,0,0,62.338,61.3098,4.16682,0,1,1.44388,1.44388,0,1.11535,1.90512,9.45415e+06,4.16116e+06,1.36507e+07,0,403960,0,0
85.1408,85.1408,3.66699,0,0.04,3.15188,3.15188,0,0.590562,4.6872,4.54919e+06,3.11316e+06,1.43385e+07,0,426989,0,0,62.338,61.3098,4.15838,0,1,1.44413,1.44413,0,1.11554,1.90512,9.45415e+06,4.16116e+06,1.3653e+07,0,404029,0,0
85.1408,85.1408,3.48181,0,0.04,3.15242,3.15242,0,0.590663,4.6872,4.54919e+06,3.11316e+06,1.4341e+07,0,427062,0,0,62.338,61.3098,4.33881,0,1,1.44437,1.44437,0,1.11573,1.90512,9.45415e+06,4.16116e+06,1.36553e+07,0,404098,0,0
85.1408,85.1408,3.94116,0,0.04,3.12472,3.12472,0,0.590763,4.6872,4.54919e+06,3.11316e+06,1.42149e+07,0,423309,0,0,62.338,61.3098,4.92143,0,1,1.48534,1.48534,0,1.11592,1.90512,9.45415e+06,4.16116e+06,1.40427e+07,0,415560,0,0
85.1408,85.1408,3.85839,0,0.04,3.12525,3.12525,0,0.585572,4.6872,4.54919e+06,3.11316e+06,1.42174e+07,0,423382,0,0,62.338,61.3098,4.82786,0,1,1.4856,1.4856,0,1.14758,1.90512,9.45415e+06,4.16116e+06,1.40451e+07,0,415631,0,0
85.1408,85.1408,3.56578,0,0.04,3.12578,3.12578,0,0.585672,4.6872,4.54919e+06,3.11316e+06,1.42198e+07,0,423454,0,0,62.338,61.3098,4.50281,0,1,1.48585,1.48585,0,1.14777,1.90512,9.45415e+06,4.16116e+06,1.40474e+07,0,415702,0,0
85.1408,85.1408,3.40488,0,0.04,3.12632,3.12632,0,0.585772,4.6872,4.54919e+06,3.11316e+06,1.42222e+07,0,423526,0,0,62.338,61.3098,4.22656,0,1,1.4861,1.4861,0,1.14797,1.90512,9.45415e+06,4.16116e+06,1.40498e+07,0,415773,0,0
85.1347,85.1408,3.33209,0,0.04,3.19982,3.19982,0,0.585872,4.6872,4.54919e+06,3.11316e+06,1.45566e+07,0,433484,0,0,62.338,61.3098,3.91839,0,1,1.52268,1.52268,0,1.14816,1.90512,9.45415e+06,4.16116e+06,1.43956e+07,0,426005,0,0
84.7255,85.1408,2.90387,0.01,0.04,3.20037,3.20037,0,0.599647,4.6872,4.54919e+06,3.11316e+06,1.45591e+07,0,433558,0,0,62.338,61.3098,3.662,0,1,1.52294,1.52294,0,1.17642,1.90512,9.45415e+06,4.16116e+06,1.43981e+07,0,426078,0,0
84.1409,85.1408,2.71274,0.01,0.04,3.20091,3.20091,0,0.599749,4.6872,4.54919e+06,3.11316e+06,1.45616e+07,0,433632,0,0,62.338,61.3098,3.47336,0,1,1.5232,1.5232,0,1.17662,1.90512,9.45415e+06,4.16116e+06,1.44005e+07,0,426150,0,0
83.3477,85.1408,2.48993,0.01,0.04,3.20146,3.20146,0,0.599851,4.6872,4.54919e+06,3.11316e+06,1.45641e+07,0,433706,0,0,62.338,61.3098,3.25402,0,1,1.52345,1.52345,0,1.17682,1.90512,9.45415e+06,4.16116e+06,1.4403e+07,0,426223,0,0
82.8716,85.1408,2.97364,0.01,0.04,3.41585,3.41585,0,0.599953,4.6872,4.54919e+06,3.11316e+06,1.55394e+07,0,462750,0,0,62.338,61.3098,4.2837,0,1,1.6549,1.6549,0,1.17702,1.90512,9.45415e+06,4.16116e+06,1.56457e+07,0,462998,0,0
82.5389,85.1408,3.13238,0.01,0.04,3.41643,3.41643,0,0.640131,4.6872,4.54919e+06,3.11316e+06,1.5542e+07,0,462829,0,0,62.338,61.3098,3.82811,0,1,1.65518,1.65518,0,1.27858,1.90512,9.45415e+06,4.16116e+06,1.56483e+07,0,463077,0,0
82.5,85.1408,3.46354,0.01,0.04,3.41702,3.41702,0,0.64024,4.6872,4.54919e+06,3.11316e+06,1.55447e+07,0,462908,0,0,62.338,61.3098,4.74853,0,1,1.65546,1.65546,0,1.27879,1.90512,9.45415e+06,4.16116e+06,1.5651e+07,0,463156,0,0
81.8145,85.1408,2.81315,0.02,0.04,3.4176,3.4176,0,0.640349,4.6872,4.54919e+06,3.11316e+06,1.55473e+07,0,462986,0,0,62.2439,61.3098,3.33221,0,1,1.65575,1.65575,0,1.27901,1.90512,9.45415e+06,4.16116e+06,1.56537e+07,0,463235,0,0
81.7813,85.1408,3.44616,0.01,0.04,3.41818,3.41818,0,0.640458,4.6872,4.54919e+06,3.11316e+06,1.555e+07,0,463065,0,0,62.338,61.3098,6.14183,0,1,1.65603,1.65603,0,1.27923,1.90512,9.45415e+06,4.16116e+06,1.56563e+07,0,463313,0,0
81.0157,85.1408,2.64215,0.01,0.04,3.31445,3.31445,0,0.640567,4.6872,4.54919e+06,3.11316e+06,1.50781e+07,0,449013,0,0,62.338,61.3098,4.29514,0,1,1.57662,1.57662,0,1.27945,1.90512,9.45415e+06,4.16116e+06,1.49056e+07,0,441097,0,0
80.4047,85.1408,2.80696,0.02,0.04,3.31502,3.31502,0,0.621129,4.6872,4.54919e+06,3.11316e+06,1.50807e+07,0,449090,0,0,62.338,61.3098,4.31533,0,1,1.57689,1.57689,0,1.21809,1.90512,9.45415e+06,4.16116e+06,1.49081e+07,0,441172,0,0
80.86,85.1408,3.91333,0.02,0.04,3.31558,3.31558,0,0.621234,4.6872,4.54919e+06,3.11316e+06,1.50832e+07,0,449166,0,0,62.338,61.3098,4.83225,0,1,1.57715,1.57715,0,1.2183,1.90512,9.45415e+06,4.16116e+06,1.49107e+07,0,441247,0,0
82.7158,85.1408,5.45364,0.02,0.04,3.31615,3.31615,0,0.62134,4.6872,4.54919e+06,3.11316e+06,1.50858e+07,0,449243,0,0,62.338,61.3098,7.9373,0,1,1.57742,1.57742,0,1.21851,1.90512,9.45415e+06,4.16116e+06,1.49132e+07,0,441322,0,0
83.0834,85.1408,3.97528,0.01,0.04,3.23103,3.23103,0,0.621446,4.6872,4.54919e+06,3.11316e+06,1.46986e+07,0,437712,0,0,62.338,61.3098,5.6094,0,1,1.5051,1.5051,0,1.21872,1.90512,9.45415e+06,4.16116e+06,1.42295e+07,0,421089,0,0
85.1408,85.1408,5.90596,0.01,0.04,3.23158,3.23158,0,0.605496,4.6872,4.54919e+06,3.11316e+06,1.47011e+07,0,437787,0,0,62.338,61.3098,5.99623,0,1,1.50536,1.50536,0,1.16284,1.90512,9.45415e+06,4.16116e+06,1.42319e+07,0,421160,0,0
85.1408,85.1408,5.57302,0,0.04,3.23213,3.23213,0,0.605599,4.6872,4.54919e+06,3.11316e+06,1.47036e+07,0,437861,0,0,62.338,61.3098,5.30518,0,1,1.50562,1.50562,0,1.16304,1.90512,9.45415e+06,4.16116e+06,1.42343e+07,0,421232,0,0
85.1408,85.1408,5.90534,0,0.04,3.23268,3.23268,0,0.605702,4.6872,4.54919e+06,3.11316e+06,1.47061e+07,0,437936,0,0,62.338,61.3098,6.71499,0,1,1.50587,1.50587,0,1.16324,1.90512,9.45415e+06,4.16116e+06,1.42367e+07,0,421304,0,0
85.1408,85.1408,5.76041,0,0.04,2.98974,2.98974,0,0.605805,4.6872,4.54919e+06,3.11316e+06,1.36009e+07,0,405023,0,0,62.338,61.3098,7.65967,0,1,1.35484,1.35484,0,1.16344,1.90512,9.45415e+06,4.16116e+06,1.28089e+07,0,379050,0,0
85.1408,85.1408,8.82866,0,0.04,2.99024,2.99024,0,0.560276,4.6872,4.54919e+06,3.11316e+06,1.36032e+07,0,405092,0,0,62.338,61.3098,9.79612,0,1,1.35507,1.35507,0,1.04675,1.90512,9.45415e+06,4.16116e+06,1.28111e+07,0,379114,0,0
85.1408,85.1408,9.16835,0,0.04,2.99075,2.99075,0,0.560372,4.6872,4.54919e+06,3.11316e+06,1.36055e+07,0,405161,0,0,62.338,61.3098,10.7291,0,1,1.3553,1.3553,0,1.04693,1.90512,9.45415e+06,4.16116e+06,1.28133e+07,0,379179,0,0
85.1408,85.1408,7.94374,0,0.04,2.99126,2.99126,0,0.560467,4.6872,4.54919e+06,3.11316e+06,1.36078e+07,0,405230,0,0,62.338,61.3098,9.17065,0,1,1.35554,1.35554,0,1.04711,1.90512,9.45415e+06,4.16116e+06,1.28154e+07,0,379243,0,0
85.1408,85.1408,7.64926,0,0.04,2.99177,2.99177,0,0.560563,4.6872,4.54919e+06,3.11316e+06,1.36102e+07,0,405299,0,0,62.338,61.3098,8.95196,0,1,1.35577,1.35577,0,1.04729,1.90512,9.45415e+06,4.16116e+06,1.28176e+07,0,379308,0,0
85.1408,85.1408,8.91132,0,0.04,3.08601,3.08601,0,0.560658,4.6872,4.54919e+06,3.11316e+06,1.40388e+07,0,418065,0,0,62.338,61.3098,9.8231,0,1,1.39983,1.39983,0,1.04746,1.90512,9.45415e+06,4.16116e+06,1.32342e+07,0,391637,0,0
85.1408,85.1408,7.5758,0,0.06,3.08651,3.08651,0,0.578318,4.6872,4.54919e+06,3.11316e+06,1.40411e+07,0,418133,0,0,62.338,61.3098,8.488,0,1,1.40006,1.40006,0,1.08151,1.90512,9.45415e+06,4.16116e+06,1.32364e+07,0,391700,0,0
85.1408,85.1408,6.58673,0,0.06,3.087,3.087,0,0.578411,4.6872,4.54919e+06,3.11316e+06,1.40434e+07,0,418200,0,0,62.338,61.3098,7.16512,0,1,1.40029,1.40029,0,1.08169,1.90512,9.45415e+06,4.16116e+06,1.32385e+07,0,391764,0,0
85.1408,85.1408,11.2267,0,0.06,3.0875,3.0875,0,0.578504,4.6872,4.54919e+06,3.11316e+06,1.40456e+07,0,418268,0,0,62.338,61.3098,9.18061,0,1,1.40051,1.40051,0,1.08186,1.90512,9.45415e+06,4.16116e+06,1.32407e+07,0,391827,0,0
85.1408,85.1408,10.4894,0,0.06,3.3892,3.3892,0,0.578598,4.6872,4.54919e+06,3.11316e+06,1.54181e+07,0,459139,0,0,62.338,61.3098,10.4636,0,1,1.56544,1.56544,0,1.08204,1.90512,9.45415e+06,4.16116e+06,1.47999e+07,0,437968,0,0
85.1408,85.1408,6.40387,0,0.06,3.38974,3.38974,0,0.635135,4.6872,4.54919e+06,3.11316e+06,1.54206e+07,0,459213,0,0,62.338,61.3098,10.7471,0,1,1.56569,1.56569,0,1.20946,1.90512,9.45415e+06,4.16116e+06,1.48023e+07,0,438039,0,0
85.1408,85.1408,4.84574,0,0.06,3.39029,3.39029,0,0.635238,4.6872,4.54919e+06,3.11316e+06,1.54231e+07,0,459287,0,0,62.338,61.3098,5.8644,0,1,1.56594,1.56594,0,1.20965,1.90512,9.45415e+06,4.16116e+06,1.48046e+07,0,438109,0,0
85.1408,85.1408,4.02611,0,0.06,3.39084,3.39084,0,0.63534,4.6872,4.54919e+06,3.11316e+06,1.54256e+07,0,459361,0,0,62.338,61.3098,4.95848,0,1,1.56619,1.56619,0,1.20985,1.90512,9.45415e+06,4.16116e+06,1.4807e+07,0,438180,0,0
85.1408,85.1408,5.10309,0,0.06,2.9615,2.9615,0,0.635443,4.6872,4.54919e+06,3.11316e+06,1.34725e+07,0,401199,0,0,62.338,61.3098,6.82534,0,1,1.34528,1.34528,0,1.21004,1.90512,9.45415e+06,4.16116e+06,1.27185e+07,0,376374,0,0
85.1408,85.1408,5.92175,0,0.06,2.96198,2.96198,0,0.554986,4.6872,4.54919e+06,3.11316e+06,1.34746e+07,0,401263,0,0,62.338,61.3098,8.34095,0,1,1.34549,1.34549,0,1.03936,1.90512,9.45415e+06,4.16116e+06,1.27205e+07,0,376434,0,0
85.1408,85.1408,5.36488,0,0.06,2.96246,2.96246,0,0.555075,4.6872,4.54919e+06,3.11316e+06,1.34768e+07,0,401328,0,0,62.338,61.3098,6.62918,0,1,1.34571,1.34571,0,1.03953,1.90512,9.45415e+06,4.16116e+06,1.27226e+07,0,376495,0,0
85.1408,85.1408,7.21584,0,0.06,2.96294,2.96294,0,0.555165,4.6872,4.54919e+06,3.11316e+06,1.3479e+07,0,401393,0,0,62.338,61.3098,10.6763,0,1,1.34593,1.34593,0,1.0397,1.90512,9.45415e+06,4.16116e+06,1.27246e+07,0,376556,0,0
85.1408,85.1408,9.41009,0,0.06,2.96341,2.96341,0,0.555254,4.6872,4.54919e+06,3.11316e+06,1.34811e+07,0,401458,0,0,62.338,61.3098,13.2209,0,1,1.34615,1.34615,0,1.03986,1.90512,9.45415e+06,4.16116e+06,1.27267e+07,0,376617,0,0
85.1408,85.1408,5.99769,0,0.06,3.07219,3.07219,0,0.555344,4.6872,4.54919e+06,3.11316e+06,1.3976e+07,0,416193,0,0,62.338,61.3098,9.44507,0,1,1.40051,1.40051,0,1.04003,1.90512,9.45415e+06,4.16116e+06,1.32407e+07,0,391827,0,0
85.1408,85.1408,7.91195,0,0.06,3.07268,3.07268,0,0.575728,4.6872,4.54919e+06,3.11316e+06,1.39782e+07,0,416260,0,0,62.338,61.3098,18.2806,0,1,1.40074,1.40074,0,1.08204,1.90512,9.45415e+06,4.16116e+06,1.32428e+07,0,391890,0,0
85.1408,85.1408,5.82056,0,0.06,3.07318,3.07318,0,0.575821,4.6872,4.54919e+06,3.11316e+06,1.39805e+07,0,416327,0,0,62.338,61.3098,11.8309,0,1,1.40096,1.40096,0,1.08221,1.90512,9.45415e+06,4.16116e+06,1.32449e+07,0,391953,0,0
85.1408,85.1408,5.05237,0,0.06,3.07367,3.07367,0,0.575914,4.6872,4.54919e+06,3.11316e+06,1.39827e+07,0,416394,0,0,62.338,61.3098,9.65984,0,1,1.40119,1.40119,0,1.08238,1.90512,9.45415e+06,4.16116e+06,1.32471e+07,0,392017,0,0
85.1408,85.1408,5.08852,0,0.06,3.0318,3.0318,0,0.576006,4.6872,4.54919e+06,3.11316e+06,1.37922e+07,0,410722,0,0,62.338,61.3098,8.88776,0,1,1.38037,1.38037,0,1.08256,1.90512,9.45415e+06,4.16116e+06,1.30502e+07,0,386192,0,0
85.1408,85.1408,4.37166,0,0.06,3.03229,3.03229,0,0.568159,4.6872,4.54919e+06,3.11316e+06,1.37945e+07,0,410788,0,0,62.338,61.3098,9.08277,0,1,1.38059,1.38059,0,1.06647,1.90512,9.45415e+06,4.16116e+06,1.30523e+07,0,386254,0,0
85.1408,85.1408,3.94829,0,0.06,3.03278,3.03278,0,0.568251,4.6872,4.54919e+06,3.11316e+06,1.37967e+07,0,410854,0,0,62.338,61.3098,7.08582,0,1,1.38082,1.38082,0,1.06665,1.90512,9.45415e+06,4.16116e+06,1.30544e+07,0,386317,0,0
85.1408,85.1408,3.46958,0,0.06,3.03327,3.03327,0,0.568342,4.6872,4.54919e+06,3.11316e+06,1.37989e+07,0,410920,0,0,62.338,61.3098,6.57446,0,1,1.38104,1.38104,0,1.06682,1.90512,9.45415e+06,4.16116e+06,1.30566e+07,0,386379,0,0
85.1049,85.1408,3.49859,0,0.06,3.17767,3.17767,0,0.568434,4.6872,4.54919e+06,3.11316e+06,1.44558e+07,0,430483,0,0,62.338,61.3098,7.02686,0,1,1.45594,1.45594,0,1.06699,1.90512,9.45415e+06,4.16116e+06,1.37647e+07,0,407334,0,0
84.5182,85.1408,2.91897,0,0.06,3.17818,3.17818,0,0.595495,4.6872,4.54919e+06,3.11316e+06,1.44582e+07,0,430552,0,0,62.338,61.3098,5.19736,0,1,1.45617,1.45617,0,1.12486,1.90512,9.45415e+06,4.16116e+06,1.37669e+07,0,407400,0,0
83.9261,85.1408,2.88466,0,0.06,3.17869,3.17869,0,0.595591,4.6872,4.54919e+06,3.11316e+06,1.44605e+07,0,430621,0,0,62.338,61.3098,6.21259,0,1,1.45641,1.45641,0,1.12504,1.90512,9.45415e+06,4.16116e+06,1.37691e+07,0,407466,0,0
83.2317,85.1408,2.75373,0,0.06,3.1792,3.1792,0,0.595687,4.6872,4.54919e+06,3.11316e+06,1.44628e+07,0,430691,0,0,62.338,61.3098,5.50692,0,1,1.45664,1.45664,0,1.12522,1.90512,9.45415e+06,4.16116e+06,1.37713e+07,0,407531,0,0
82.3755,85.1408,2.56901,0,0.06,3.17972,3.17972,0,0.595783,4.6872,4.54919e+06,3.11316e+06,1.44651e+07,0,430760,0,0,62.338,61.3098,4.93991,0,1,1.45688,1.45688,0,1.1254,1.90512,9.45415e+06,4.16116e+06,1.37736e+07,0,407597,0,0
81.658,85.1408,2.62628,0,0.06,3.15175,3.15175,0,0.595879,4.6872,4.54919e+06,3.11316e+06,1.43379e+07,0,426971,0,0,62.338,61.3098,3.66038,0,1,1.49819,1.49819,0,1.12558,1.90512,9.45415e+06,4.16116e+06,1.41641e+07,0,419155,0,0
80.8613,85.1408,2.52398,0,0.06,3.15225,3.15225,0,0.590637,4.6872,4.54919e+06,3.11316e+06,1.43402e+07,0,427040,0,0,62.338,61.3098,3.32555,0,1,1.49843,1.49843,0,1.1575,1.90512,9.45415e+06,4.16116e+06,1.41664e+07,0,419223,0,0
79.8597,85.1408,2.30648,0,0.06,3.15276,3.15276,0,0.590733,4.6872,4.54919e+06,3.11316e+06,1.43425e+07,0,427109,0,0,62.338,61.3098,2.95488,0,1,1.49867,1.49867,0,1.15769,1.90512,9.45415e+06,4.16116e+06,1.41687e+07,0,419290,0,0
78.7069,85.1408,2.11511,0.01,0.06,3.15327,3.15327,0,0.590828,4.6872,4.54919e+06,3.11316e+06,1.43448e+07,0,427178,0,0,62.338,61.3098,2.89995,0,1,1.49892,1.49892,0,1.15788,1.90512,9.45415e+06,4.16116e+06,1.4171e+07,0,419358,0,0
77.3984,85.1408,1.97303,0.01,0.06,3.22738,3.22738,0,0.590923,4.6872,4.54919e+06,3.11316e+06,1.4682e+07,0,437217,0,0,62.338,61.3098,2.61722,0,1,1.53579,1.53579,0,1.15806,1.90512,9.45415e+06,4.16116e+06,1.45196e+07,0,429674,0,0
76.2416,85.1408,2.14242,0.01,0.06,3.2279,3.2279,0,0.604811,4.6872,4.54919e+06,3.11316e+06,1.46844e+07,0,437288,0,0,62.338,61.3098,2.84186,0,1,1.53604,1.53604,0,1.18655,1.90512,9.45415e+06,4.16116e+06,1.45219e+07,0,429743,0,0
74.936,85.1408,1.95614,0.02,0.06,3.22842,3.22842,0,0.604909,4.6872,4.54919e+06,3.11316e+06,1.46867e+07,0,437358,0,0,62.2995,61.3098,2.81511,0,1,1.53629,1.53629,0,1.18674,1.90512,9.45415e+06,4.16116e+06,1.45243e+07,0,429813,0,0
73.4865,85.1408,1.79577,0.02,0.06,3.22894,3.22894,0,0.605006,4.6872,4.54919e+06,3.11316e+06,1.46891e+07,0,437429,0,0,62.2023,61.3098,2.46301,0,1,1.53653,1.53653,0,1.18693,1.90512,9.45415e+06,4.16116e+06,1.45266e+07,0,429882,0,0
71.9739,85.1408,1.88778,0.02,0.06,3.44515,3.44515,0,0.605104,4.6872,4.54919e+06,3.11316e+06,1.56726e+07,0,466718,0,0,61.93,61.3098,2.91743,0,1,1.66909,1.66909,0,1.18713,1.90512,9.45415e+06,4.16116e+06,1.57798e+07,0,466968,0,0
69.7623,85.1408,1.16039,0.02,0.06,3.4457,3.4457,0,0.64562,4.6872,4.54919e+06,3.11316e+06,1.56752e+07,0,466793,0,0,61.4328,61.3098,1.62448,0,1,1.66936,1.66936,0,1.28954,1.90512,9.45415e+06,4.16116e+06,1.57824e+07,0,467043,0,0
67.5194,85.1408,1.1199,0.02,0.06,3.44626,3.44626,0,0.645724,4.6872,4.54919e+06,3.11316e+06,1.56777e+07,0,466869,0,0,60.6249,61.3098,1.786,0,1,1.66963,1.66963,0,1.28975,1.90512,9.45415e+06,4.16116e+06,1.57849e+07,0,467119,0,0
65.1158,85.1408,0.929203,0.04,0.06,3.44681,3.44681,0,0.645828,4.6872,4.54919e+06,3.11316e+06,1.56802e+07,0,466944,0,0,60.0658,61.3098,1.24636,0,1,1.6699,1.6699,0,1.28996,1.90512,9.45415e+06,4.16116e+06,1.57875e+07,0,467194,0,0
62.9482,85.1408,1.13706,0.05,0.06,3.44737,3.44737,0,0.645932,4.6872,4.54919e+06,3.11316e+06,1.56827e+07,0,467019,0,0,59.6376,61.3098,2.36116,0,1,1.67017,1.67017,0,1.29016,1.90512,9.45415e+06,4.16116e+06,1.579e+07,0,467269,0,0
60.7842,85.1408,0.99985,0.04,0.06,3.34272,3.34272,0,0.646036,4.6872,4.54919e+06,3.11316e+06,1.52067e+07,0,452843,0,0,59.046,61.3098,1.53354,0,1,1.59006,1.59006,0,1.29037,1.90512,9.45415e+06,4.16116e+06,1.50327e+07,0,444859,0,0
58.6042,85.1408,1.04571,0.04,0.06,3.34326,3.34326,0,0.626426,4.6872,4.54919e+06,3.11316e+06,1.52091e+07,0,452916,0,0,58.6741,61.3098,1.60055,0,1,1.59032,1.59032,0,1.22848,1.90512,9.45415e+06,4.16116e+06,1.50351e+07,0,444930,0,0
56.5982,85.1408,1.20536,0.08,0.06,3.3438,3.3438,0,0.626527,4.6872,4.54919e+06,3.11316e+06,1.52116e+07,0,452989,0,0,58.4517,61.3098,1.98873,0,1,1.59058,1.59058,0,1.22868,1.90512,9.45415e+06,4.16116e+06,1.50376e+07,0,445002,0,0
54.5871,85.1408,1.19739,0.08,0.06,3.34434,3.34434,0,0.626628,4.6872,4.54919e+06,3.11316e+06,1.5214e+07,0,453062,0,0,58.2265,61.3098,1.9779,0,1,1.59083,1.59083,0,1.22888,1.90512,9.45415e+06,4.16116e+06,1.504e+07,0,445074,0,0
52.8394,85.1408,1.48771,0.05,0.06,3.25847,3.25847,0,0.626729,4.6872,4.54919e+06,3.11316e+06,1.48234e+07,0,441429,0,0,58.3794,61.3098,2.65953,0,1,1.51788,1.51788,0,1.22908,1.90512,9.45415e+06,4.16116e+06,1.43503e+07,0,424664,0,0
51.1665,85.1408,1.5862,0.05,0.06,3.259,3.259,0,0.610637,4.6872,4.54919e+06,3.11316e+06,1.48258e+07,0,441500,0,0,58.6441,61.3098,2.93451,0,1,1.51813,1.51813,0,1.17272,1.90512,9.45415e+06,4.16116e+06,1.43526e+07,0,424733,0,0
49.2231,85.1408,1.24957,0.04,0.06,3.25952,3.25952,0,0.610736,4.6872,4.54919e+06,3.11316e+06,1.48282e+07,0,441571,0,0,58.7489,61.3098,2.52789,0,1,1.51837,1.51837,0,1.17291,1.90512,9.45415e+06,4.16116e+06,1.43549e+07,0,424801,0,0
49.4745,85.1408,3.43115,0.1,0.06,3.24407,3.26005,0,0.610834,4.6872,4.54919e+06,3.11316e+06,1.47579e+07,0,441642,0,0,59.3896,61.3098,4.00529,0,1,1.5346,1.51862,0,1.17309,1.90512,9.45415e+06,4.16116e+06,1.45083e+07,0,424869,0,0
51.8227,85.1408,5.62087,0.11,0.06,2.99928,3.01501,0,0.607938,4.6872,4.54919e+06,3.11316e+06,1.36443e+07,0,408447,0,0,60.8637,61.3098,5.61945,0,1,1.38203,1.3663,0,1.18563,1.90512,9.45415e+06,4.16116e+06,1.30659e+07,0,382254,0,0
52.7367,85.1408,3.9473,0.06,0.06,2.84744,3.0155,0,0.562064,4.6872,4.54919e+06,3.11316e+06,1.29536e+07,0,408513,0,0,60.9231,61.3098,3.10241,0,1,1.53457,1.36652,0,1.06776,1.90512,9.45415e+06,4.16116e+06,1.45081e+07,0,382316,0,0
51.7733,85.1408,1.97339,0.06,0.06,2.84815,3.01598,0,0.533611,4.6872,4.54919e+06,3.11316e+06,1.29568e+07,0,408579,0,0,60.4993,61.3098,1.67972,0,1,1.53457,1.36674,0,1.18561,1.90512,9.45415e+06,4.16116e+06,1.45081e+07,0,382377,0,0
50.981,85.1408,2.08496,0.06,0.06,2.84885,3.01647,0,0.533743,4.6872,4.54919e+06,3.11316e+06,1.296e+07,0,408645,0,0,60.2693,61.3098,1.63078,0,1,1.53457,1.36696,0,1.18561,1.90512,9.45415e+06,4.16116e+06,1.45081e+07,0,382439,0,0
52.2022,85.1408,4.18308,0.09,0.06,2.84956,3.01695,0,0.533875,4.6872,4.54919e+06,3.11316e+06,1.29632e+07,0,408711,0,0,60.3516,61.3098,2.99135,0,1,1.53457,1.36718,0,1.18561,1.90512,9.45415e+06,4.16116e+06,1.45081e+07,0,382501,0,0
56.3367,85.1408,7.35167,0.05,0.06,3.01695,3.01695,0,0.534008,4.6872,4.54919e+06,3.11316e+06,1.37247e+07,0,408711,0,0,61.1556,61.3098,4.48542,0,1,1.36718,1.36718,0,1.18561,1.90512,9.45415e+06,4.16116e+06,1.29255e+07,0,382501,0,0
62.5959,85.1408,9.62045,0.06,0.06,2.94478,3.11195,0,0.565377,4.6872,4.54919e+06,3.11316e+06,1.33964e+07,0,421580,0,0,62.0618,61.3098,4.5413,0,1,1.57878,1.4116,0,1.05628,1.90512,9.45415e+06,4.16116e+06,1.4926e+07,0,394930,0,0
68.1,85.1408,9.00758,0.03,0.06,3.11243,3.11243,0,0.551852,4.6872,4.54919e+06,3.11316e+06,1.4159e+07,0,421645,0,0,62.338,61.3098,3.89462,0,1,1.41182,1.41182,0,1.21976,1.90512,9.45415e+06,4.16116e+06,1.33476e+07,0,394990,0,0
74.3198,85.1408,9.76977,0.04,0.06,3.1129,3.1129,0,0.583269,4.6872,4.54919e+06,3.11316e+06,1.41612e+07,0,421709,0,0,62.338,61.3098,5.8832,0,1,1.41203,1.41203,0,1.09077,1.90512,9.45415e+06,4.16116e+06,1.33496e+07,0,395050,0,0
78.8596,85.1408,8.11455,0.03,0.06,3.11338,3.11338,0,0.583358,4.6872,4.54919e+06,3.11316e+06,1.41633e+07,0,421773,0,0,62.338,61.3098,4.32454,0,1,1.41225,1.41225,0,1.09094,1.90512,9.45415e+06,4.16116e+06,1.33516e+07,0,395111,0,0
82.082,85.1408,7.0692,0.01,0.06,3.41757,3.41757,0,0.583447,4.6872,4.54919e+06,3.11316e+06,1.55472e+07,0,462982,0,0,62.338,61.3098,4.5373,0,1,1.57854,1.57854,0,1.0911,1.90512,9.45415e+06,4.16116e+06,1.49238e+07,0,441634,0,0
85.1408,85.1408,7.32053,0.01,0.06,3.41809,3.41809,0,0.640452,4.6872,4.54919e+06,3.11316e+06,1.55495e+07,0,463053,0,0,62.338,61.3098,4.16313,0,1,1.57878,1.57878,0,1.21958,1.90512,9.45415e+06,4.16116e+06,1.4926e+07,0,441702,0,0
85.1408,85.1408,6.23341,0,0.06,3.41861,3.41861,0,0.64055,4.6872,4.54919e+06,3.11316e+06,1.55519e+07,0,463123,0,0,62.338,61.3098,4.55979,0,1,1.57902,1.57902,0,1.21977,1.90512,9.45415e+06,4.16116e+06,1.49283e+07,0,441769,0,0
85.1408,85.1408,7.3892,0,0.06,3.41913,3.41913,0,0.640647,4.6872,4.54919e+06,3.11316e+06,1.55543e+07,0,463194,0,0,62.338,61.3098,4.55213,0,1,1.57926,1.57926,0,1.21995,1.90512,9.45415e+06,4.16116e+06,1.49306e+07,0,441836,0,0
85.1408,85.1408,10.5662,0,0.06,2.98619,2.98619,0,0.640745,4.6872,4.54919e+06,3.11316e+06,1.35847e+07,0,404542,0,0,62.338,61.3098,10.1659,0,1,1.35649,1.35649,0,1.22014,1.90512,9.45415e+06,4.16116e+06,1.28245e+07,0,379511,0,0
85.1408,85.1408,8.61792,0,0.06,2.98664,2.98664,0,0.559611,4.6872,4.54919e+06,3.11316e+06,1.35868e+07,0,404604,0,0,62.338,61.3098,6.74579,0,1,1.3567,1.3567,0,1.04802,1.90512,9.45415e+06,4.16116e+06,1.28264e+07,0,379568,0,0
85.1408,85.1408,6.07145,0,0.06,2.9871,2.9871,0,0.559697,4.6872,4.54919e+06,3.11316e+06,1.35889e+07,0,404666,0,0,62.338,61.3098,5.54467,0,1,1.3569,1.3569,0,1.04818,1.90512,9.45415e+06,4.16116e+06,1.28284e+07,0,379626,0,0
85.1408,85.1408,6.68578,0,0.06,2.98755,2.98755,0,0.559782,4.6872,4.54919e+06,3.11316e+06,1.35909e+07,0,404727,0,0,62.338,61.3098,4.99315,0,1,1.35711,1.35711,0,1.04834,1.90512,9.45415e+06,4.16116e+06,1.28303e+07,0,379684,0,0
85.1408,85.1408,8.42824,0,0.06,2.988,2.988,0,0.559867,4.6872,4.54919e+06,3.11316e+06,1.3593e+07,0,404789,0,0,62.338,61.3098,6.97952,0,1,1.35732,1.35732,0,1.0485,1.90512,9.45415e+06,4.16116e+06,1.28323e+07,0,379742,0,0
85.1408,85.1408,10.3773,0,0.06,3.09765,3.09765,0,0.559952,4.6872,4.54919e+06,3.11316e+06,1.40918e+07,0,419643,0,0,62.338,61.3098,7.68585,0,1,1.41212,1.41212,0,1.04866,1.90512,9.45415e+06,4.16116e+06,1.33504e+07,0,395075,0,0
85.1408,85.1408,8.21794,0,0.06,3.09812,3.09812,0,0.5805,4.6872,4.54919e+06,3.11316e+06,1.4094e+07,0,419707,0,0,62.338,61.3098,6.72376,0,1,1.41234,1.41234,0,1.091,1.90512,9.45415e+06,4.16116e+06,1.33524e+07,0,395135,0,0
85.1408,85.1408,7.58266,0,0.06,3.09859,3.09859,0,0.580588,4.6872,4.54919e+06,3.11316e+06,1.40961e+07,0,419770,0,0,62.338,61.3098,5.95787,0,1,1.41255,1.41255,0,1.09117,1.90512,9.45415e+06,4.16116e+06,1.33545e+07,0,395195,0,0
85.1408,85.1408,6.89222,0,0.06,3.09907,3.09907,0,0.580677,4.6872,4.54919e+06,3.11316e+06,1.40983e+07,0,419834,0,0,62.338,61.3098,4.83417,0,1,1.41277,1.41277,0,1.09134,1.90512,9.45415e+06,4.16116e+06,1.33565e+07,0,395255,0,0
85.1408,85.1408,6.33347,0,0.06,3.05682,3.05682,0,0.580765,4.6872,4.54919e+06,3.11316e+06,1.39061e+07,0,414111,0,0,62.338,61.3098,3.66906,0,1,1.39176,1.39176,0,1.0915,1.90512,9.45415e+06,4.16116e+06,1.31579e+07,0,389379,0,0
85.1408,85.1408,5.4127,0,0.06,3.05728,3.05728,0,0.572848,4.6872,4.54919e+06,3.11316e+06,1.39082e+07,0,414174,0,0,62.338,61.3098,3.35416,0,1,1.39197,1.39197,0,1.07528,1.90512,9.45415e+06,4.16116e+06,1.31599e+07,0,389438,0,0
85.1408,85.1408,4.80665,0,0.06,3.05775,3.05775,0,0.572935,4.6872,4.54919e+06,3.11316e+06,1.39103e+07,0,414237,0,0,62.338,61.3098,2.96122,0,1,1.39219,1.39219,0,1.07544,1.90512,9.45415e+06,4.16116e+06,1.31619e+07,0,389497,0,0
85.1408,85.1408,4.40702,0,0.06,3.05821,3.05821,0,0.573022,4.6872,4.54919e+06,3.11316e+06,1.39124e+07,0,414300,0,0,62.338,61.3098,2.71923,0,1,1.3924,1.3924,0,1.0756,1.90512,9.45415e+06,4.16116e+06,1.31639e+07,0,389557,0,0
85.1408,85.1408,3.93171,0,0.06,3.20377,3.20377,0,0.573109,4.6872,4.54919e+06,3.11316e+06,1.45746e+07,0,434019,0,0,62.338,61.3098,2.75097,0,1,1.4679,1.4679,0,1.07577,1.90512,9.45415e+06,4.16116e+06,1.38778e+07,0,410681,0,0
85.1408,85.1408,3.86446,0,0.06,3.20426,3.20426,0,0.600387,4.6872,4.54919e+06,3.11316e+06,1.45768e+07,0,434085,0,0,62.338,61.3098,2.80921,0,1,1.46812,1.46812,0,1.1341,1.90512,9.45415e+06,4.16116e+06,1.38799e+07,0,410743,0,0
85.1408,85.1408,3.62013,0,0.06,3.20475,3.20475,0,0.600478,4.6872,4.54919e+06,3.11316e+06,1.4579e+07,0,434151,0,0,62.338,61.3098,2.68806,0,1,1.46835,1.46835,0,1.13427,1.90512,9.45415e+06,4.16116e+06,1.3882e+07,0,410806,0,0
85.1408,85.1408,3.39555,0,0.06,3.20524,3.20524,0,0.60057,4.6872,4.54919e+06,3.11316e+06,1.45812e+07,0,434217,0,0,62.338,61.3098,2.53279,0,1,1.46857,1.46857,0,1.13445,1.90512,9.45415e+06,4.16116e+06,1.38841e+07,0,410868,0,0
85.1408,85.1408,3.76441,0,0.06,3.20572,3.20572,0,0.600661,4.6872,4.54919e+06,3.11316e+06,1.45835e+07,0,434283,0,0,62.338,61.3098,3.3021,0,1,1.46879,1.46879,0,1.13462,1.90512,9.45415e+06,4.16116e+06,1.38862e+07,0,410930,0,0
85.1408,85.1408,3.90404,0,0.06,3.17749,3.17749,0,0.600753,4.6872,4.54919e+06,3.11316e+06,1.4455e+07,0,430459,0,0,62.338,61.3098,3.83369,0,1,1.51043,1.51043,0,1.13479,1.90512,9.45415e+06,4.16116e+06,1.42798e+07,0,422579,0,0
85.1408,85.1408,3.63014,0,0.06,3.17798,3.17798,0,0.595463,4.6872,4.54919e+06,3.11316e+06,1.44572e+07,0,430525,0,0,62.338,61.3098,3.96104,0,1,1.51066,1.51066,0,1.16696,1.90512,9.45415e+06,4.16116e+06,1.4282e+07,0,422644,0,0
85.1408,85.1408,3.50538,0,0.06,3.17846,3.17846,0,0.595553,4.6872,4.54919e+06,3.11316e+06,1.44594e+07,0,430590,0,0,62.338,61.3098,3.81353,0,1,1.51089,1.51089,0,1.16714,1.90512,9.45415e+06,4.16116e+06,1.42842e+07,0,422708,0,0
85.1408,85.1408,3.40646,0,0.06,3.17895,3.17895,0,0.595644,4.6872,4.54919e+06,3.11316e+06,1.44616e+07,0,430656,0,0,62.338,61.3098,3.67102,0,1,1.51112,1.51112,0,1.16731,1.90512,9.45415e+06,4.16116e+06,1.42864e+07,0,422772,0,0
85.1408,85.1408,3.85017,0,0.06,3.25363,3.25363,0,0.595734,4.6872,4.54919e+06,3.11316e+06,1.48014e+07,0,440773,0,0,62.338,61.3098,4.28852,0,1,1.54828,1.54828,0,1.16749,1.90512,9.45415e+06,4.16116e+06,1.46377e+07,0,433169,0,0
85.1408,85.1408,3.60503,0,0.06,3.25412,3.25412,0,0.60973,4.6872,4.54919e+06,3.11316e+06,1.48036e+07,0,440840,0,0,62.338,61.3098,4.2523,0,1,1.54852,1.54852,0,1.1962,1.90512,9.45415e+06,4.16116e+06,1.46399e+07,0,433235,0,0
84.9604,85.1408,3.1984,0,0.06,3.25462,3.25462,0,0.609823,4.6872,4.54919e+06,3.11316e+06,1.48059e+07,0,440907,0,0,62.338,61.3098,3.87941,0,1,1.54875,1.54875,0,1.19638,1.90512,9.45415e+06,4.16116e+06,1.46421e+07,0,433300,0,0
84.4988,85.1408,2.8978,0.01,0.06,3.25511,3.25511,0,0.609916,4.6872,4.54919e+06,3.11316e+06,1.48081e+07,0,440975,0,0,62.338,61.3098,3.79187,0,1,1.54899,1.54899,0,1.19657,1.90512,9.45415e+06,4.16116e+06,1.46444e+07,0,433366,0,0
84.0085,85.1408,3.04277,0.01,0.06,3.47304,3.47304,0,0.610009,4.6872,4.54919e+06,3.11316e+06,1.57995e+07,0,470497,0,0,62.338,61.3098,3.90287,0,1,1.6826,1.6826,0,1.19675,1.90512,9.45415e+06,4.16116e+06,1.59076e+07,0,470749,0,0
83.0584,85.1408,2.60633,0.02,0.06,3.47357,3.47357,0,0.650847,4.6872,4.54919e+06,3.11316e+06,1.58019e+07,0,470568,0,0,62.338,61.3098,3.24939,0,1,1.68286,1.68286,0,1.29998,1.90512,9.45415e+06,4.16116e+06,1.591e+07,0,470821,0,0
82.3757,85.1408,2.84591,0.02,0.06,3.47409,3.47409,0,0.650946,4.6872,4.54919e+06,3.11316e+06,1.58043e+07,0,470640,0,0,62.338,61.3098,4.32807,0,1,1.68312,1.68312,0,1.30018,1.90512,9.45415e+06,4.16116e+06,1.59124e+07,0,470892,0,0
81.5014,85.1408,2.64709,0.01,0.06,3.47462,3.47462,0,0.651045,4.6872,4.54919e+06,3.11316e+06,1.58067e+07,0,470711,0,0,62.338,61.3098,3.80019,0,1,1.68337,1.68337,0,1.30038,1.90512,9.45415e+06,4.16116e+06,1.59149e+07,0,470964,0,0
80.7515,85.1408,2.72315,0.02,0.06,3.47515,3.47515,0,0.651144,4.6872,4.54919e+06,3.11316e+06,1.58091e+07,0,470783,0,0,62.338,61.3098,3.41943,0,1,1.68363,1.68363,0,1.30057,1.90512,9.45415e+06,4.16116e+06,1.59173e+07,0,471035,0,0
79.9825,85.1408,2.6745,0.02,0.06,3.36963,3.36963,0,0.651243,4.6872,4.54919e+06,3.11316e+06,1.53291e+07,0,456488,0,0,62.338,61.3098,3.24703,0,1,1.60286,1.60286,0,1.30077,1.90512,9.45415e+06,4.16116e+06,1.51537e+07,0,448440,0,0
79.5186,85.1408,3.02855,0.02,0.06,3.37014,3.37014,0,0.631469,4.6872,4.54919e+06,3.11316e+06,1.53314e+07,0,456558,0,0,62.338,61.3098,4.52294,0,1,1.60311,1.60311,0,1.23837,1.90512,9.45415e+06,4.16116e+06,1.5156e+07,0,448508,0,0
78.9173,85.1408,2.9153,0.02,0.06,3.37066,3.37066,0,0.631565,4.6872,4.54919e+06,3.11316e+06,1.53338e+07,0,456627,0,0,62.338,61.3098,4.30862,0,1,1.60335,1.60335,0,1.23856,1.90512,9.45415e+06,4.16116e+06,1.51583e+07,0,448576,0,0
78.6665,85.1408,3.38739,0.02,0.06,3.37117,3.37117,0,0.631661,4.6872,4.54919e+06,3.11316e+06,1.53361e+07,0,456697,0,0,62.0545,61.3098,5.44289,0,1,1.6036,1.6036,0,1.23875,1.90512,9.45415e+06,4.16116e+06,1.51606e+07,0,448644,0,0
76.3315,85.1408,1.0839,0.02,0.06,3.28458,3.28458,0,0.631757,4.6872,4.54919e+06,3.11316e+06,1.49422e+07,0,444967,0,0,61.6308,61.3098,1.46725,0,1,1.53005,1.53005,0,1.23894,1.90512,9.45415e+06,4.16116e+06,1.44653e+07,0,428067,0,0
73.8396,85.1408,0.894682,0.02,0.06,3.28508,3.28508,0,0.615531,4.6872,4.54919e+06,3.11316e+06,1.49445e+07,0,445034,0,0,61.3388,61.3098,1.47945,0,1,1.53028,1.53028,0,1.18211,1.90512,9.45415e+06,4.16116e+06,1.44675e+07,0,428133,0,0
72.6781,85.1408,2.28668,0.02,0.06,3.28558,3.28558,0,0.615624,4.6872,4.54919e+06,3.11316e+06,1.49467e+07,0,445102,0,0,62.0073,61.3098,4.57098,0,1,1.53051,1.53051,0,1.18229,1.90512,9.45415e+06,4.16116e+06,1.44697e+07,0,428198,0,0
71.8879,85.1408,2.69298,0.02,0.06,3.28608,3.28608,0,0.615718,4.6872,4.54919e+06,3.11316e+06,1.4949e+07,0,445170,0,0,62.338,61.3098,3.87175,0,1,1.53075,1.53075,0,1.18247,1.90512,9.45415e+06,4.16116e+06,1.44719e+07,0,428263,0,0
70.4983,85.1408,1.83616,0.02,0.06,3.03906,3.03906,0,0.615812,4.6872,4.54919e+06,3.11316e+06,1.38253e+07,0,411706,0,0,62.338,61.3098,3.71764,0,1,1.3772,1.3772,0,1.18265,1.90512,9.45415e+06,4.16116e+06,1.30202e+07,0,385304,0,0
70.3047,85.1408,3.10577,0.02,0.06,3.03953,3.03953,0,0.569521,4.6872,4.54919e+06,3.11316e+06,1.38274e+07,0,411768,0,0,62.338,61.3098,4.79039,0,1,1.37741,1.37741,0,1.06402,1.90512,9.45415e+06,4.16116e+06,1.30222e+07,0,385362,0,0
70.4952,85.1408,3.53722,0.02,0.06,3.03999,3.03999,0,0.569607,4.6872,4.54919e+06,3.11316e+06,1.38295e+07,0,411831,0,0,62.338,61.3098,4.69992,0,1,1.37762,1.37762,0,1.06418,1.90512,9.45415e+06,4.16116e+06,1.30242e+07,0,385421,0,0
71.0354,85.1408,3.98203,0.02,0.06,3.04045,3.04045,0,0.569694,4.6872,4.54919e+06,3.11316e+06,1.38316e+07,0,411894,0,0,62.338,61.3098,4.841,0,1,1.37782,1.37782,0,1.06435,1.90512,9.45415e+06,4.16116e+06,1.30262e+07,0,385479,0,0
71.4059,85.1408,3.79731,0.01,0.06,3.04091,3.04091,0,0.56978,4.6872,4.54919e+06,3.11316e+06,1.38337e+07,0,411956,0,0,62.338,61.3098,4.68869,0,1,1.37803,1.37803,0,1.06451,1.90512,9.45415e+06,4.16116e+06,1.30281e+07,0,385538,0,0
72.2662,85.1408,4.42635,0.02,0.06,3.13664,3.13664,0,0.569867,4.6872,4.54919e+06,3.11316e+06,1.42692e+07,0,424924,0,0,62.338,61.3098,4.59246,0,1,1.4228,1.4228,0,1.06467,1.90512,9.45415e+06,4.16116e+06,1.34514e+07,0,398063,0,0
73.6177,85.1408,4.89671,0.02,0.06,3.13709,3.13709,0,0.587806,4.6872,4.54919e+06,3.11316e+06,1.42712e+07,0,424985,0,0,62.338,61.3098,6.31052,0,1,1.423,1.423,0,1.09926,1.90512,9.45415e+06,4.16116e+06,1.34533e+07,0,398120,0,0
76.0019,85.1408,5.83382,0.02,0.06,3.13754,3.13754,0,0.58789,4.6872,4.54919e+06,3.11316e+06,1.42733e+07,0,425046,0,0,62.338,61.3098,5.2305,0,1,1.42321,1.42321,0,1.09941,1.90512,9.45415e+06,4.16116e+06,1.34552e+07,0,398177,0,0
80.6422,85.1408,8.52042,0.03,0.06,3.13799,3.13799,0,0.587974,4.6872,4.54919e+06,3.11316e+06,1.42753e+07,0,425107,0,0,62.338,61.3098,6.03711,0,1,1.42341,1.42341,0,1.09957,1.90512,9.45415e+06,4.16116e+06,1.34572e+07,0,398234,0,0
82.3348,85.1408,5.71539,0.01,0.06,3.44455,3.44455,0,0.588058,4.6872,4.54919e+06,3.11316e+06,1.56699e+07,0,466638,0,0,62.338,61.3098,4.78117,0,1,1.591,1.591,0,1.09973,1.90512,9.45415e+06,4.16116e+06,1.50416e+07,0,445121,0,0
83.5338,85.1408,5.13087,0.01,0.06,3.44504,3.44504,0,0.645509,4.6872,4.54919e+06,3.11316e+06,1.56722e+07,0,466704,0,0,62.338,61.3098,4.10618,0,1,1.59123,1.59123,0,1.22921,1.90512,9.45415e+06,4.16116e+06,1.50437e+07,0,445185,0,0
85.1162,85.1408,5.53353,0.01,0.06,3.44554,3.44554,0,0.645601,4.6872,4.54919e+06,3.11316e+06,1.56744e+07,0,466771,0,0,62.338,61.3098,3.83564,0,1,1.59146,1.59146,0,1.22939,1.90512,9.45415e+06,4.16116e+06,1.50459e+07,0,445249,0,0
85.1408,85.1408,6.98695,0.01,0.06,3.44603,3.44603,0,0.645694,4.6872,4.54919e+06,3.11316e+06,1.56767e+07,0,466838,0,0,62.338,61.3098,5.40722,0,1,1.59169,1.59169,0,1.22956,1.90512,9.45415e+06,4.16116e+06,1.5048e+07,0,445313,0,0
85.1408,85.1408,6.8448,0,0.06,3.00966,3.00966,0,0.645786,4.6872,4.54919e+06,3.11316e+06,1.36915e+07,0,407722,0,0,62.338,61.3098,9.42241,0,1,1.36715,1.36715,0,1.22974,1.90512,9.45415e+06,4.16116e+06,1.29253e+07,0,382493,0,0
85.1408,85.1408,6.42116,0,0.06,3.01009,3.01009,0,0.564009,4.6872,4.54919e+06,3.11316e+06,1.36935e+07,0,407780,0,0,62.338,61.3098,9.45017,0,1,1.36735,1.36735,0,1.05626,1.90512,9.45415e+06,4.16116e+06,1.29271e+07,0,382548,0,0
85.1408,85.1408,6.96043,0,0.06,3.01052,3.01052,0,0.56409,4.6872,4.54919e+06,3.11316e+06,1.36954e+07,0,407839,0,0,62.338,61.3098,11.5893,0,1,1.36754,1.36754,0,1.05641,1.90512,9.45415e+06,4.16116e+06,1.2929e+07,0,382603,0,0
85.1408,85.1408,12.3793,0,0.06,3.01095,3.01095,0,0.564171,4.6872,4.54919e+06,3.11316e+06,1.36974e+07,0,407897,0,0,62.338,61.3098,17.1302,0,1,1.36774,1.36774,0,1.05656,1.90512,9.45415e+06,4.16116e+06,1.29308e+07,0,382658,0,0
85.1408,85.1408,8.09061,0,0.06,3.01138,3.01138,0,0.564252,4.6872,4.54919e+06,3.11316e+06,1.36993e+07,0,407955,0,0,62.338,61.3098,7.55234,0,1,1.36793,1.36793,0,1.05671,1.90512,9.45415e+06,4.16116e+06,1.29327e+07,0,382712,0,0
85.1408,85.1408,7.90321,0,0.06,3.12186,3.12186,0,0.564333,4.6872,4.54919e+06,3.11316e+06,1.42019e+07,0,422922,0,0,62.338,61.3098,8.71761,0,1,1.42315,1.42315,0,1.05687,1.90512,9.45415e+06,4.16116e+06,1.34547e+07,0,398162,0,0
85.1408,85.1408,7.53548,0,0.06,3.1223,3.1223,0,0.585036,4.6872,4.54919e+06,3.11316e+06,1.4204e+07,0,422982,0,0,62.338,61.3098,11.8712,0,1,1.42336,1.42336,0,1.09953,1.90512,9.45415e+06,4.16116e+06,1.34566e+07,0,398219,0,0
85.1408,85.1408,6.31261,0,0.06,3.12275,3.12275,0,0.58512,4.6872,4.54919e+06,3.11316e+06,1.4206e+07,0,423043,0,0,62.338,61.3098,5.49982,0,1,1.42356,1.42356,0,1.09969,1.90512,9.45415e+06,4.16116e+06,1.34586e+07,0,398276,0,0
85.1408,85.1408,7.19261,0,0.06,3.1232,3.1232,0,0.585203,4.6872,4.54919e+06,3.11316e+06,1.4208e+07,0,423103,0,0,62.338,61.3098,6.54137,0,1,1.42377,1.42377,0,1.09984,1.90512,9.45415e+06,4.16116e+06,1.34605e+07,0,398333,0,0
85.1408,85.1408,5.78936,0,0.06,3.08059,3.08059,0,0.585287,4.6872,4.54919e+06,3.11316e+06,1.40142e+07,0,417332,0,0,62.338,61.3098,4.43424,0,1,1.40259,1.40259,0,1.1,1.90512,9.45415e+06,4.16116e+06,1.32603e+07,0,392407,0,0
85.1408,85.1408,6.27296,0,0.06,3.08103,3.08103,0,0.577303,4.6872,4.54919e+06,3.11316e+06,1.40162e+07,0,417391,0,0,62.338,61.3098,6.61465,0,1,1.40279,1.40279,0,1.08364,1.90512,9.45415e+06,4.16116e+06,1.32622e+07,0,392463,0,0
85.1408,85.1408,5.53228,0,0.06,3.08147,3.08147,0,0.577386,4.6872,4.54919e+06,3.11316e+06,1.40182e+07,0,417451,0,0,62.338,61.3098,5.84955,0,1,1.40299,1.40299,0,1.08379,1.90512,9.45415e+06,4.16116e+06,1.32641e+07,0,392520,0,0
85.1408,85.1408,4.9275,0,0.06,3.08192,3.08192,0,0.577468,4.6872,4.54919e+06,3.11316e+06,1.40202e+07,0,417511,0,0,62.338,61.3098,5.24325,0,1,1.40319,1.40319,0,1.08395,1.90512,9.45415e+06,4.16116e+06,1.3266e+07,0,392576,0,0
85.1408,85.1408,4.54238,0,0.06,3.22857,3.22857,0,0.577551,4.6872,4.54919e+06,3.11316e+06,1.46874e+07,0,437379,0,0,62.338,61.3098,4.88752,0,1,1.47926,1.47926,0,1.0841,1.90512,9.45415e+06,4.16116e+06,1.39852e+07,0,413860,0,0
85.1408,85.1408,4.35113,0,0.06,3.22904,3.22904,0,0.605035,4.6872,4.54919e+06,3.11316e+06,1.46895e+07,0,437442,0,0,62.338,61.3098,4.60905,0,1,1.47948,1.47948,0,1.14288,1.90512,9.45415e+06,4.16116e+06,1.39872e+07,0,413919,0,0
85.1408,85.1408,3.9686,0,0.06,3.2295,3.2295,0,0.605121,4.6872,4.54919e+06,3.11316e+06,1.46916e+07,0,437504,0,0,62.338,61.3098,3.86197,0,1,1.47969,1.47969,0,1.14304,1.90512,9.45415e+06,4.16116e+06,1.39892e+07,0,413978,0,0
85.1408,85.1408,3.50865,0,0.06,3.22996,3.22996,0,0.605208,4.6872,4.54919e+06,3.11316e+06,1.46937e+07,0,437567,0,0,62.338,61.3098,3.43135,0,1,1.4799,1.4799,0,1.14321,1.90512,9.45415e+06,4.16116e+06,1.39912e+07,0,414037,0,0
85.0854,85.1408,3.38845,0,0.06,3.23042,3.23042,0,0.605295,4.6872,4.54919e+06,3.11316e+06,1.46958e+07,0,437630,0,0,62.338,61.3098,3.25789,0,1,1.48011,1.48011,0,1.14337,1.90512,9.45415e+06,4.16116e+06,1.39932e+07,0,414097,0,0
85.1305,85.1408,3.46095,0,0.06,3.20195,3.20195,0,0.605381,4.6872,4.54919e+06,3.11316e+06,1.45663e+07,0,433772,0,0,62.338,61.3098,3.03548,0,1,1.52206,1.52206,0,1.14353,1.90512,9.45415e+06,4.16116e+06,1.43897e+07,0,425831,0,0
85.0368,85.1408,3.29355,0.01,0.06,3.20241,3.20241,0,0.600045,4.6872,4.54919e+06,3.11316e+06,1.45684e+07,0,433834,0,0,62.338,61.3098,2.96995,0,1,1.52227,1.52227,0,1.17594,1.90512,9.45415e+06,4.16116e+06,1.43918e+07,0,425892,0,0
84.7552,85.1408,3.09697,0.01,0.06,3.20287,3.20287,0,0.600131,4.6872,4.54919e+06,3.11316e+06,1.45705e+07,0,433896,0,0,62.338,61.3098,2.99861,0,1,1.52249,1.52249,0,1.17611,1.90512,9.45415e+06,4.16116e+06,1.43939e+07,0,425953,0,0
84.2492,85.1408,2.85884,0.01,0.06,3.20332,3.20332,0,0.600217,4.6872,4.54919e+06,3.11316e+06,1.45725e+07,0,433958,0,0,62.338,61.3098,2.84304,0,1,1.52271,1.52271,0,1.17628,1.90512,9.45415e+06,4.16116e+06,1.43959e+07,0,426014,0,0
83.2694,85.1408,2.39854,0.01,0.06,3.27855,3.27855,0,0.600303,4.6872,4.54919e+06,3.11316e+06,1.49148e+07,0,444150,0,0,62.283,61.3098,2.31928,0,1,1.56014,1.56014,0,1.17644,1.90512,9.45415e+06,4.16116e+06,1.47498e+07,0,436487,0,0
82.2406,85.1408,2.34332,0.01,0.06,3.27902,3.27902,0,0.614401,4.6872,4.54919e+06,3.11316e+06,1.49169e+07,0,444213,0,0,62.1682,61.3098,2.39871,0,1,1.56036,1.56036,0,1.20536,1.90512,9.45415e+06,4.16116e+06,1.47519e+07,0,436549,0,0
81.078,85.1408,2.18759,0.01,0.06,3.27949,3.27949,0,0.614489,4.6872,4.54919e+06,3.11316e+06,1.4919e+07,0,444277,0,0,62.0013,61.3098,2.2738,0,1,1.56059,1.56059,0,1.20554,1.90512,9.45415e+06,4.16116e+06,1.4754e+07,0,436612,0,0
79.7555,85.1408,2.00775,0.01,0.06,3.27996,3.27996,0,0.614577,4.6872,4.54919e+06,3.11316e+06,1.49212e+07,0,444340,0,0,61.8274,61.3098,2.13312,0,1,1.56081,1.56081,0,1.20571,1.90512,9.45415e+06,4.16116e+06,1.47561e+07,0,436674,0,0
78.321,85.1408,2.05652,0.02,0.06,3.49951,3.49951,0,0.614664,4.6872,4.54919e+06,3.11316e+06,1.592e+07,0,474084,0,0,61.5931,61.3098,2.57826,0,1,1.69543,1.69543,0,1.20588,1.90512,9.45415e+06,4.16116e+06,1.60289e+07,0,474338,0,0
76.4136,85.1408,1.55711,0.02,0.06,3.50002,3.50002,0,0.655809,4.6872,4.54919e+06,3.11316e+06,1.59222e+07,0,474152,0,0,61.2344,61.3098,2.13024,0,1,1.69567,1.69567,0,1.30989,1.90512,9.45415e+06,4.16116e+06,1.60312e+07,0,474406,0,0
74.6962,85.1408,1.7314,0.02,0.06,3.50052,3.50052,0,0.655903,4.6872,4.54919e+06,3.11316e+06,1.59245e+07,0,474219,0,0,60.891,61.3098,2.18842,0,1,1.69592,1.69592,0,1.31008,1.90512,9.45415e+06,4.16116e+06,1.60335e+07,0,474473,0,0
73.9533,85.1408,2.7771,0.02,0.06,3.50102,3.50102,0,0.655997,4.6872,4.54919e+06,3.11316e+06,1.59268e+07,0,474287,0,0,60.6856,61.3098,2.66692,0,1,1.69616,1.69616,0,1.31027,1.90512,9.45415e+06,4.16116e+06,1.60358e+07,0,474541,0,0
74.0399,85.1408,3.6232,0.02,0.06,3.50152,3.50152,0,0.656091,4.6872,4.54919e+06,3.11316e+06,1.59291e+07,0,474355,0,0,60.7427,61.3098,3.31864,0,1,1.6964,1.6964,0,1.31045,1.90512,9.45415e+06,4.16116e+06,1.6038e+07,0,474609,0,0
73.6175,85.1408,3.05835,0.02,0.06,3.39517,3.39517,0,0.656184,4.6872,4.54919e+06,3.11316e+06,1.54453e+07,0,459948,0,0,61.0813,61.3098,4.79273,0,1,1.61501,1.61501,0,1.31064,1.90512,9.45415e+06,4.16116e+06,1.52686e+07,0,451838,0,0
75.4808,85.1408,5.3625,0.03,0.06,3.39565,3.39565,0,0.636255,4.6872,4.54919e+06,3.11316e+06,1.54475e+07,0,460014,0,0,61.7573,61.3098,5.06874,0,1,1.61524,1.61524,0,1.24776,1.90512,9.45415e+06,4.16116e+06,1.52708e+07,0,451903,0,0
74.9986,85.1408,3.03992,0.02,0.06,3.39614,3.39614,0,0.636346,4.6872,4.54919e+06,3.11316e+06,1.54497e+07,0,460079,0,0,61.9912,61.3098,4.24334,0,1,1.61547,1.61547,0,1.24794,1.90512,9.45415e+06,4.16116e+06,1.52729e+07,0,451968,0,0
74.8901,85.1408,3.40691,0.02,0.06,3.39663,3.39663,0,0.636437,4.6872,4.54919e+06,3.11316e+06,1.54519e+07,0,460145,0,0,62.1423,61.3098,3.99216,0,1,1.61571,1.61571,0,1.24812,1.90512,9.45415e+06,4.16116e+06,1.52751e+07,0,452032,0,0
75.0668,85.1408,3.7947,0.02,0.06,3.30936,3.30936,0,0.636528,4.6872,4.54919e+06,3.11316e+06,1.50549e+07,0,448323,0,0,62.338,61.3098,4.97577,0,1,1.54159,1.54159,0,1.24829,1.90512,9.45415e+06,4.16116e+06,1.45744e+07,0,431296,0,0
76.2702,85.1408,4.83472,0.02,0.06,3.30983,3.30983,0,0.620173,4.6872,4.54919e+06,3.11316e+06,1.50571e+07,0,448387,0,0,62.338,61.3098,4.80381,0,1,1.54181,1.54181,0,1.19103,1.90512,9.45415e+06,4.16116e+06,1.45765e+07,0,431358,0,0
77.4657,85.1408,4.84472,0.02,0.06,3.3103,3.3103,0,0.620262,4.6872,4.54919e+06,3.11316e+06,1.50592e+07,0,448451,0,0,62.338,61.3098,4.89615,0,1,1.54203,1.54203,0,1.1912,1.90512,9.45415e+06,4.16116e+06,1.45786e+07,0,431419,0,0
79.0714,85.1408,5.27779,0.01,0.06,3.31078,3.31078,0,0.620351,4.6872,4.54919e+06,3.11316e+06,1.50614e+07,0,448515,0,0,62.338,61.3098,7.25898,0,1,1.54225,1.54225,0,1.19137,1.90512,9.45415e+06,4.16116e+06,1.45807e+07,0,431481,0,0
79.5681,85.1408,3.99984,0.01,0.06,3.06187,3.06187,0,0.620439,4.6872,4.54919e+06,3.11316e+06,1.39291e+07,0,414796,0,0,62.338,61.3098,4.88514,0,1,1.38753,1.38753,0,1.19154,1.90512,9.45415e+06,4.16116e+06,1.3118e+07,0,388196,0,0
80.2275,85.1408,4.21476,0.01,0.06,3.06231,3.06231,0,0.573795,4.6872,4.54919e+06,3.11316e+06,1.39311e+07,0,414855,0,0,62.338,61.3098,5.43931,0,1,1.38773,1.38773,0,1.07201,1.90512,9.45415e+06,4.16116e+06,1.31198e+07,0,388251,0,0
83.5506,85.1408,6.84376,0.01,0.06,3.06275,3.06275,0,0.573877,4.6872,4.54919e+06,3.11316e+06,1.3933e+07,0,414915,0,0,62.338,61.3098,7.43306,0,1,1.38793,1.38793,0,1.07216,1.90512,9.45415e+06,4.16116e+06,1.31217e+07,0,388307,0,0
85.1408,85.1408,7.65804,0.01,0.06,3.06319,3.06319,0,0.573959,4.6872,4.54919e+06,3.11316e+06,1.3935e+07,0,414974,0,0,62.338,61.3098,7.08821,0,1,1.38813,1.38813,0,1.07232,1.90512,9.45415e+06,4.16116e+06,1.31236e+07,0,388362,0,0
85.1408,85.1408,10.0195,0,0.06,3.06363,3.06363,0,0.574042,4.6872,4.54919e+06,3.11316e+06,1.3937e+07,0,415033,0,0,62.338,61.3098,7.01494,0,1,1.38833,1.38833,0,1.07247,1.90512,9.45415e+06,4.16116e+06,1.31255e+07,0,388418,0,0
83.2688,85.1408,1.60735,0,0.06,3.16004,3.16004,0,0.574124,4.6872,4.54919e+06,3.11316e+06,1.43756e+07,0,428094,0,0,62.338,61.3098,2.29341,0,1,1.43342,1.43342,0,1.07262,1.90512,9.45415e+06,4.16116e+06,1.35517e+07,0,401032,0,0
81.5676,85.1408,1.72138,0.01,0.06,3.16046,3.16046,0,0.592191,4.6872,4.54919e+06,3.11316e+06,1.43776e+07,0,428152,0,0,62.338,61.3098,2.52468,0,1,1.43361,1.43361,0,1.10746,1.90512,9.45415e+06,4.16116e+06,1.35535e+07,0,401086,0,0
83.1357,85.1408,5.13202,0.01,0.06,3.16089,3.16089,0,0.592271,4.6872,4.54919e+06,3.11316e+06,1.43795e+07,0,428209,0,0,62.338,61.3098,3.41431,0,1,1.4338,1.4338,0,1.10761,1.90512,9.45415e+06,4.16116e+06,1.35554e+07,0,401140,0,0
85.1408,85.1408,8.70876,0.01,0.06,3.16131,3.16131,0,0.59235,4.6872,4.54919e+06,3.11316e+06,1.43814e+07,0,428267,0,0,62.338,61.3098,7.41033,0,1,1.43399,1.43399,0,1.10775,1.90512,9.45415e+06,4.16116e+06,1.35572e+07,0,401194,0,0
84.2794,85.1408,3.0541,0,0.06,3.47012,3.47012,0,0.59243,4.6872,4.54919e+06,3.11316e+06,1.57863e+07,0,470102,0,0,62.338,61.3098,3.33725,0,1,1.60282,1.60282,0,1.1079,1.90512,9.45415e+06,4.16116e+06,1.51533e+07,0,448426,0,0
83.9897,85.1408,3.55801,0.01,0.06,3.47059,3.47059,0,0.650301,4.6872,4.54919e+06,3.11316e+06,1.57884e+07,0,470165,0,0,62.338,61.3098,3.60761,0,1,1.60303,1.60303,0,1.23833,1.90512,9.45415e+06,4.16116e+06,1.51553e+07,0,448486,0,0
84.3828,85.1408,4.31999,0.01,0.06,3.47106,3.47106,0,0.650388,4.6872,4.54919e+06,3.11316e+06,1.57905e+07,0,470228,0,0,62.338,61.3098,3.03281,0,1,1.60325,1.60325,0,1.2385,1.90512,9.45415e+06,4.16116e+06,1.51573e+07,0,448546,0,0
83.9752,85.1408,3.5368,0.01,0.06,3.47152,3.47152,0,0.650476,4.6872,4.54919e+06,3.11316e+06,1.57926e+07,0,470291,0,0,62.338,61.3098,2.60607,0,1,1.60346,1.60346,0,1.23867,1.90512,9.45415e+06,4.16116e+06,1.51594e+07,0,448606,0,0
85.1408,85.1408,5.74601,0.01,0.06,3.03189,3.03189,0,0.650563,4.6872,4.54919e+06,3.11316e+06,1.37927e+07,0,410734,0,0,62.338,61.3098,2.79923,0,1,1.37725,1.37725,0,1.23883,1.90512,9.45415e+06,4.16116e+06,1.30207e+07,0,385319,0,0
85.1408,85.1408,6.23355,0,0.06,3.0323,3.0323,0,0.568176,4.6872,4.54919e+06,3.11316e+06,1.37945e+07,0,410789,0,0,62.338,61.3098,4.25413,0,1,1.37744,1.37744,0,1.06406,1.90512,9.45415e+06,4.16116e+06,1.30225e+07,0,385371,0,0
85.1408,85.1408,5.86305,0,0.06,3.0327,3.0327,0,0.568252,4.6872,4.54919e+06,3.11316e+06,1.37964e+07,0,410844,0,0,62.338,61.3098,5.59636,0,1,1.37762,1.37762,0,1.06421,1.90512,9.45415e+06,4.16116e+06,1.30242e+07,0,385422,0,0
85.1408,85.1408,6.27264,0,0.06,3.03311,3.03311,0,0.568329,4.6872,4.54919e+06,3.11316e+06,1.37982e+07,0,410899,0,0,62.338,61.3098,5.67901,0,1,1.37781,1.37781,0,1.06435,1.90512,9.45415e+06,4.16116e+06,1.3026e+07,0,385474,0,0
85.1408,85.1408,8.47725,0,0.06,3.03352,3.03352,0,0.568405,4.6872,4.54919e+06,3.11316e+06,1.38001e+07,0,410954,0,0,62.338,61.3098,8.01106,0,1,1.37799,1.37799,0,1.06449,1.90512,9.45415e+06,4.16116e+06,1.30277e+07,0,385526,0,0
85.1408,85.1408,7.40537,0,0.06,3.14478,3.14478,0,0.568481,4.6872,4.54919e+06,3.11316e+06,1.43062e+07,0,426027,0,0,62.338,61.3098,8.82408,0,1,1.4336,1.4336,0,1.06464,1.90512,9.45415e+06,4.16116e+06,1.35535e+07,0,401085,0,0
85.1408,85.1408,5.99404,0,0.06,3.1452,3.1452,0,0.589331,4.6872,4.54919e+06,3.11316e+06,1.43081e+07,0,426084,0,0,62.338,61.3098,8.16193,0,1,1.4338,1.4338,0,1.1076,1.90512,9.45415e+06,4.16116e+06,1.35553e+07,0,401139,0,0
85.1408,85.1408,4.69741,0,0.06,3.14562,3.14562,0,0.58941,4.6872,4.54919e+06,3.11316e+06,1.431e+07,0,426141,0,0,62.338,61.3098,6.03668,0,1,1.43399,1.43399,0,1.10775,1.90512,9.45415e+06,4.16116e+06,1.35571e+07,0,401193,0,0
85.1408,85.1408,4.23971,0,0.06,3.14604,3.14604,0,0.589489,4.6872,4.54919e+06,3.11316e+06,1.4312e+07,0,426198,0,0,62.338,61.3098,6.98719,0,1,1.43418,1.43418,0,1.1079,1.90512,9.45415e+06,4.16116e+06,1.3559e+07,0,401246,0,0
85.1408,85.1408,4.04097,0,0.06,3.1031,3.1031,0,0.589568,4.6872,4.54919e+06,3.11316e+06,1.41166e+07,0,420381,0,0,62.338,61.3098,5.18108,0,1,1.41283,1.41283,0,1.10805,1.90512,9.45415e+06,4.16116e+06,1.33571e+07,0,395274,0,0
84.9969,85.1408,3.41817,0,0.06,3.10351,3.10351,0,0.581521,4.6872,4.54919e+06,3.11316e+06,1.41185e+07,0,420437,0,0,62.338,61.3098,4.69313,0,1,1.41302,1.41302,0,1.09156,1.90512,9.45415e+06,4.16116e+06,1.33589e+07,0,395327,0,0
84.4992,85.1408,3.02402,0,0.06,3.10393,3.10393,0,0.581599,4.6872,4.54919e+06,3.11316e+06,1.41204e+07,0,420493,0,0,62.338,61.3098,4.12536,0,1,1.41321,1.41321,0,1.0917,1.90512,9.45415e+06,4.16116e+06,1.33607e+07,0,395380,0,0
83.7691,85.1408,2.75436,0,0.06,3.10435,3.10435,0,0.581677,4.6872,4.54919e+06,3.11316e+06,1.41223e+07,0,420550,0,0,62.338,61.3098,3.773,0,1,1.4134,1.4134,0,1.09185,1.90512,9.45415e+06,4.16116e+06,1.33625e+07,0,395433,0,0
82.7063,85.1408,2.4513,0,0.06,3.25204,3.25204,0,0.581755,4.6872,4.54919e+06,3.11316e+06,1.47942e+07,0,440559,0,0,62.338,61.3098,3.09824,0,1,1.49002,1.49002,0,1.09199,1.90512,9.45415e+06,4.16116e+06,1.40869e+07,0,416868,0,0
81.4936,85.1408,2.23336,0,0.06,3.25248,3.25248,0,0.609433,4.6872,4.54919e+06,3.11316e+06,1.47962e+07,0,440618,0,0,62.338,61.3098,2.62785,0,1,1.49022,1.49022,0,1.15119,1.90512,9.45415e+06,4.16116e+06,1.40887e+07,0,416924,0,0
80.2199,85.1408,2.15565,0,0.06,3.25292,3.25292,0,0.609515,4.6872,4.54919e+06,3.11316e+06,1.47981e+07,0,440677,0,0,62.338,61.3098,2.83354,0,1,1.49042,1.49042,0,1.15134,1.90512,9.45415e+06,4.16116e+06,1.40906e+07,0,416980,0,0
78.7683,85.1408,1.98222,0,0.06,3.25335,3.25335,0,0.609597,4.6872,4.54919e+06,3.11316e+06,1.48001e+07,0,440736,0,0,62.338,61.3098,2.69042,0,1,1.49062,1.49062,0,1.1515,1.90512,9.45415e+06,4.16116e+06,1.40925e+07,0,417036,0,0
77.1616,85.1408,1.74877,0,0.06,3.25379,3.25379,0,0.609678,4.6872,4.54919e+06,3.11316e+06,1.48021e+07,0,440795,0,0,62.142,61.3098,2.45603,0,1,1.49082,1.49082,0,1.15165,1.90512,9.45415e+06,4.16116e+06,1.40944e+07,0,417092,0,0
75.2766,85.1408,1.37203,0,0.06,3.22508,3.22508,0,0.60976,4.6872,4.54919e+06,3.11316e+06,1.46715e+07,0,436906,0,0,61.6672,61.3098,1.68267,0,1,1.53305,1.53305,0,1.15181,1.90512,9.45415e+06,4.16116e+06,1.44937e+07,0,428908,0,0
73.3258,85.1408,1.29141,0.02,0.06,3.22551,3.22551,0,0.60438,4.6872,4.54919e+06,3.11316e+06,1.46735e+07,0,436964,0,0,61.1522,61.3098,1.58719,0,1,1.53326,1.53326,0,1.18443,1.90512,9.45415e+06,4.16116e+06,1.44956e+07,0,428965,0,0
71.2835,85.1408,1.18202,0.02,0.06,3.22594,3.22594,0,0.604461,4.6872,4.54919e+06,3.11316e+06,1.46754e+07,0,437023,0,0,60.5063,61.3098,1.5604,0,1,1.53346,1.53346,0,1.18459,1.90512,9.45415e+06,4.16116e+06,1.44976e+07,0,429023,0,0
69.1594,85.1408,1.07113,0.02,0.06,3.22638,3.22638,0,0.604542,4.6872,4.54919e+06,3.11316e+06,1.46774e+07,0,437081,0,0,59.7313,61.3098,1.41035,0,1,1.53367,1.53367,0,1.18475,1.90512,9.45415e+06,4.16116e+06,1.44995e+07,0,429080,0,0
66.8963,85.1408,0.949111,0.02,0.06,3.30212,3.30212,0,0.604623,4.6872,4.54919e+06,3.11316e+06,1.5022e+07,0,447342,0,0,58.8913,61.3098,1.2666,0,1,1.57135,1.57135,0,1.18491,1.90512,9.45415e+06,4.16116e+06,1.48558e+07,0,439624,0,0
64.5838,85.1408,0.866283,0.02,0.06,3.30256,3.30256,0,0.618817,4.6872,4.54919e+06,3.11316e+06,1.5024e+07,0,447402,0,0,57.9548,61.3098,1.25767,0,1,1.57156,1.57156,0,1.21403,1.90512,9.45415e+06,4.16116e+06,1.48578e+07,0,439683,0,0
62.2437,85.1408,0.811016,0.03,0.06,3.303,3.303,0,0.6189,4.6872,4.54919e+06,3.11316e+06,1.5026e+07,0,447462,0,0,57.047,61.3098,1.15362,0,1,1.57178,1.57178,0,1.21419,1.90512,9.45415e+06,4.16116e+06,1.48598e+07,0,439742,0,0
59.9198,85.1408,0.795975,0.04,0.06,3.30344,3.30344,0,0.618983,4.6872,4.54919e+06,3.11316e+06,1.5028e+07,0,447522,0,0,56.1046,61.3098,1.23636,0,1,1.57199,1.57199,0,1.21435,1.90512,9.45415e+06,4.16116e+06,1.48618e+07,0,439801,0,0
57.383,85.1408,0.706916,0.06,0.06,3.52454,3.52454,0,0.619066,4.6872,4.54919e+06,3.11316e+06,1.60338e+07,0,477474,0,0,54.8694,61.3098,1.14926,0,1,1.70756,1.70756,0,1.21452,1.90512,9.45415e+06,4.16116e+06,1.61435e+07,0,477730,0,0
54.6508,85.1408,0.461626,0.12,0.06,3.52501,3.52501,0,0.660499,4.6872,4.54919e+06,3.11316e+06,1.6036e+07,0,477538,0,0,53.5633,61.3098,0.89307,0,1,1.70778,1.70778,0,1.31926,1.90512,9.45415e+06,4.16116e+06,1.61457e+07,0,477794,0,0
51.9504,85.1408,0.448864,0.11,0.06,3.52549,3.52549,0,0.660587,4.6872,4.54919e+06,3.11316e+06,1.60381e+07,0,477602,0,0,52.3473,61.3098,0.840538,0,1,1.70801,1.70801,0,1.31943,1.90512,9.45415e+06,4.16116e+06,1.61478e+07,0,477858,0,0
49.4536,85.1408,0.639269,0.11,0.06,3.52596,3.52596,0,0.660676,4.6872,4.54919e+06,3.11316e+06,1.60403e+07,0,477666,0,0,51.1998,61.3098,0.982758,0,1,1.70824,1.70824,0,1.31961,1.90512,9.45415e+06,4.16116e+06,1.615e+07,0,477922,0,0
47.1051,85.1408,0.838073,0.15,0.06,3.52643,3.52643,0,0.660764,4.6872,4.54919e+06,3.11316e+06,1.60424e+07,0,477730,0,0,50.251,61.3098,1.08654,0,1,1.70847,1.70847,0,1.31979,1.90512,9.45415e+06,4.16116e+06,1.61522e+07,0,477986,0,0
44.6893,85.1408,0.627513,0.15,0.06,3.41929,3.41929,0,0.660853,4.6872,4.54919e+06,3.11316e+06,1.5555e+07,0,463216,0,0,49.3903,61.3098,1.24717,0,1,1.62649,1.62649,0,1.31997,1.90512,9.45415e+06,4.16116e+06,1.53771e+07,0,455049,0,0
42.1364,85.1408,0.520403,0.14,0.06,3.41975,3.41975,0,0.640776,4.6872,4.54919e+06,3.11316e+06,1.55571e+07,0,463278,0,0,48.1458,61.3098,1.12596,0,1,1.62671,1.62671,0,1.25662,1.90512,9.45415e+06,4.16116e+06,1.53791e+07,0,455110,0,0
39.4429,85.1408,0.343249,0.19,0.06,3.42021,3.42021,0,0.640861,4.6872,4.54919e+06,3.11316e+06,1.55592e+07,0,463340,0,0,47.0741,61.3098,0.749481,0,1,1.62692,1.62692,0,1.25679,1.90512,9.45415e+06,4.16116e+06,1.53812e+07,0,455171,0,0
36.9858,85.1408,0.626143,0.17,0.06,3.42067,3.42067,0,0.640947,4.6872,4.54919e+06,3.11316e+06,1.55613e+07,0,463402,0,0,46.4606,61.3098,1.12062,0,1,1.62714,1.62714,0,1.25696,1.90512,9.45415e+06,4.16116e+06,1.53832e+07,0,455232,0,0
34.8783,85.1408,0.862932,0.18,0.06,3.33275,3.33275,0,0.641033,4.6872,4.54919e+06,3.11316e+06,1.51613e+07,0,451492,0,0,45.4229,61.3098,1.57984,0,1,1.55249,1.55249,0,1.25713,1.90512,9.45415e+06,4.16116e+06,1.46774e+07,0,434345,0,0
32.607,85.1408,0.764971,0.18,0.06,3.3332,3.3332,0,0.624557,4.6872,4.54919e+06,3.11316e+06,1.51634e+07,0,451552,0,0,44.1177,61.3098,0.697542,0,1,1.55269,1.55269,0,1.19945,1.90512,9.45415e+06,4.16116e+06,1.46794e+07,0,434403,0,0
30.2157,85.1408,0.631204,0.23,0.06,3.33364,3.33364,0,0.624641,4.6872,4.54919e+06,3.11316e+06,1.51654e+07,0,451613,0,0,43.606,61.3098,0.70339,0,1,1.5529,1.5529,0,1.19961,1.90512,9.45415e+06,4.16116e+06,1.46814e+07,0,434461,0,0
28.7394,85.1408,1.61505,0.24,0.06,3.33409,3.33409,0,0.624725,4.6872,4.54919e+06,3.11316e+06,1.51674e+07,0,451673,0,0,43.3996,61.3098,2.17322,0,1,1.55311,1.55311,0,1.19977,1.90512,9.45415e+06,4.16116e+06,1.46833e+07,0,434520,0,0
27.6451,85.1408,1.77983,0.24,0.06,3.08341,3.08341,0,0.624809,4.6872,4.54919e+06,3.11316e+06,1.4027e+07,0,417713,0,0,43.1215,61.3098,1.92501,0,1,1.39729,1.39729,0,1.19993,1.90512,9.45415e+06,4.16116e+06,1.32102e+07,0,390926,0,0
25.6223,85.1408,0.669944,0.25,0.06,2.94676,3.08382,0,0.577831,4.6872,4.54919e+06,3.11316e+06,1.34054e+07,0,417769,0,0,42.1166,61.3098,1.05217,0,1,1.53454,1.39748,0,1.07955,1.90512,9.45415e+06,4.16116e+06,1.45078e+07,0,390978,0,0
23.6852,85.1408,0.760955,0.26,0.06,2.94736,3.08423,0,0.552223,4.6872,4.54919e+06,3.11316e+06,1.34081e+07,0,417825,0,0,41.1335,61.3098,1.1702,0,1,1.53454,1.39767,0,1.18559,1.90512,9.45415e+06,4.16116e+06,1.45078e+07,0,391031,0,0
22.2045,85.1408,1.20807,0.34,0.06,2.94796,3.08465,0,0.552336,4.6872,4.54919e+06,3.11316e+06,1.34109e+07,0,417881,0,0,40.5834,61.3098,1.17521,0,1,1.53454,1.39785,0,1.18559,1.90512,9.45415e+06,4.16116e+06,1.45078e+07,0,391083,0,0
22.2772,85.1408,2.74348,0.35,0.06,2.94856,3.08506,0,0.552448,4.6872,4.54919e+06,3.11316e+06,1.34136e+07,0,417937,0,0,40.2728,61.3098,1.75677,0,1,1.53454,1.39804,0,1.18559,1.90512,9.45415e+06,4.16116e+06,1.45078e+07,0,391135,0,0
23.048,85.1408,3.70368,0.38,0.1,3.04581,3.18212,0,0.552561,4.6872,4.54919e+06,3.11316e+06,1.3856e+07,0,431086,0,0,41.0565,61.3098,4.28733,0,1,1.57974,1.44343,0,1.18559,1.90512,9.45415e+06,4.16116e+06,1.49351e+07,0,403835,0,0
24.2237,85.1408,4.2539,0.4,0.1,3.0916,3.18252,0,0.570785,4.6872,4.54919e+06,3.11316e+06,1.40643e+07,0,431140,0,0,41.805,61.3098,4.11326,0,1,1.53453,1.44361,0,1.22051,1.90512,9.45415e+06,4.16116e+06,1.45077e+07,0,403885,0,0
24.7167,85.1408,3.50005,0.42,0.1,3.09218,3.18292,0,0.579365,4.6872,4.54919e+06,3.11316e+06,1.40669e+07,0,431194,0,0,42.395,61.3098,3.63624,0,1,1.53453,1.44379,0,1.18558,1.90512,9.45415e+06,4.16116e+06,1.45077e+07,0,403936,0,0
24.565,85.1408,2.79058,0.45,0.1,3.09276,3.18332,0,0.579474,4.6872,4.54919e+06,3.11316e+06,1.40695e+07,0,431248,0,0,42.6794,61.3098,2.68261,0,1,1.53453,1.44397,0,1.18558,1.90512,9.45415e+06,4.16116e+06,1.45077e+07,0,403986,0,0
25.6295,85.1408,4.33192,0.49,0.1,3.40387,3.49425,0,0.579583,4.6872,4.54919e+06,3.11316e+06,1.54849e+07,0,473370,0,0,43.6533,61.3098,4.32369,0,1,1.70433,1.61396,0,1.18558,1.90512,9.45415e+06,4.16116e+06,1.6113e+07,0,451543,0,0
28.2777,85.1408,6.13627,0.38,0.1,3.49468,3.49468,0,0.637885,4.6872,4.54919e+06,3.11316e+06,1.5898e+07,0,473429,0,0,45.1003,61.3098,5.11958,0,1,1.61416,1.61416,0,1.31677,1.90512,9.45415e+06,4.16116e+06,1.52605e+07,0,451600,0,0
30.883,85.1408,6.23453,0.38,0.1,3.49512,3.49512,0,0.654904,4.6872,4.54919e+06,3.11316e+06,1.59e+07,0,473488,0,0,46.4691,61.3098,4.88598,0,1,1.61436,1.61436,0,1.2471,1.90512,9.45415e+06,4.16116e+06,1.52624e+07,0,451656,0,0
31.8408,85.1408,4.36294,0.39,0.1,3.49556,3.49556,0,0.654986,4.6872,4.54919e+06,3.11316e+06,1.5902e+07,0,473548,0,0,46.6829,61.3098,3.29227,0,1,1.61456,1.61456,0,1.24726,1.90512,9.45415e+06,4.16116e+06,1.52643e+07,0,451713,0,0
33.3521,85.1408,4.63505,0.45,0.1,3.05286,3.05286,0,0.655068,4.6872,4.54919e+06,3.11316e+06,1.3888e+07,0,413574,0,0,47.3066,61.3098,3.52999,0,1,1.38678,1.38678,0,1.24741,1.90512,9.45415e+06,4.16116e+06,1.31108e+07,0,387984,0,0
35.4132,85.1408,5.08233,0.5,0.1,2.90566,3.05324,0,0.572105,4.6872,4.54919e+06,3.11316e+06,1.32184e+07,0,413626,0,0,48.2478,61.3098,4.37491,0,1,1.53453,1.38695,0,1.07142,1.90512,9.45415e+06,4.16116e+06,1.45076e+07,0,388032,0,0
37.1077,85.1408,4.80887,0.38,0.1,2.90622,3.05362,0,0.544521,4.6872,4.54919e+06,3.11316e+06,1.32209e+07,0,413678,0,0,49.0851,61.3098,4.00432,0,1,1.53453,1.38712,0,1.18557,1.90512,9.45415e+06,4.16116e+06,1.45076e+07,0,388081,0,0
39.1468,85.1408,5.07346,0.42,0.1,2.90677,3.054,0,0.544625,4.6872,4.54919e+06,3.11316e+06,1.32235e+07,0,413730,0,0,50.6568,61.3098,5.45745,0,1,1.53453,1.3873,0,1.18557,1.90512,9.45415e+06,4.16116e+06,1.45076e+07,0,388129,0,0
44.5902,85.1408,8.61248,0.46,0.1,2.90733,3.05439,0,0.544729,4.6872,4.54919e+06,3.11316e+06,1.3226e+07,0,413781,0,0,53.5757,61.3098,8.10043,0,1,1.53453,1.38747,0,1.18557,1.90512,9.45415e+06,4.16116e+06,1.45076e+07,0,388178,0,0
47.9944,85.1408,6.78781,0.31,0.1,3.0195,3.16638,0,0.544834,4.6872,4.54919e+06,3.11316e+06,1.37363e+07,0,428954,0,0,55.4454,61.3098,5.69416,0,1,1.59034,1.44345,0,1.18557,1.90512,9.45415e+06,4.16116e+06,1.50353e+07,0,403841,0,0
50.6787,85.1408,5.92462,0.31,0.1,3.07588,3.16678,0,0.565854,4.6872,4.54919e+06,3.11316e+06,1.39928e+07,0,429008,0,0,57.2421,61.3098,5.4982,0,1,1.53453,1.44363,0,1.22869,1.90512,9.45415e+06,4.16116e+06,1.45077e+07,0,403891,0,0
53.3,85.1408,5.90582,0.31,0.1,3.07646,3.16718,0,0.57642,4.6872,4.54919e+06,3.11316e+06,1.39954e+07,0,429061,0,0,59.2775,61.3098,6.02469,0,1,1.53453,1.44381,0,1.18558,1.90512,9.45415e+06,4.16116e+06,1.45077e+07,0,403942,0,0
55.3563,85.1408,5.32601,0.13,0.1,3.07703,3.16757,0,0.576528,4.6872,4.54919e+06,3.11316e+06,1.3998e+07,0,429115,0,0,60.9494,61.3098,5.24015,0,1,1.53453,1.444,0,1.18558,1.90512,9.45415e+06,4.16116e+06,1.45077e+07,0,403992,0,0
56.1741,85.1408,4.01523,0.12,0.1,3.03395,3.12431,0,0.576636,4.6872,4.54919e+06,3.11316e+06,1.3802e+07,0,423254,0,0,62.1609,61.3098,4.49973,0,1,1.51285,1.42249,0,1.18558,1.90512,9.45415e+06,4.16116e+06,1.43027e+07,0,397975,0,0
56.6299,85.1408,3.61366,0.12,0.1,3.01283,3.1247,0,0.568562,4.6872,4.54919e+06,3.11316e+06,1.3706e+07,0,423307,0,0,62.338,61.3098,3.42152,0,1,1.53453,1.42267,0,1.16882,1.90512,9.45415e+06,4.16116e+06,1.45077e+07,0,398025,0,0
56.7699,85.1408,3.26664,0.12,0.1,3.0134,3.12509,0,0.564605,4.6872,4.54919e+06,3.11316e+06,1.37086e+07,0,423360,0,0,62.338,61.3098,3.2947,0,1,1.53453,1.42285,0,1.18558,1.90512,9.45415e+06,4.16116e+06,1.45077e+07,0,398075,0,0
56.5864,85.1408,2.86757,0.11,0.1,3.01397,3.12548,0,0.564712,4.6872,4.54919e+06,3.11316e+06,1.37111e+07,0,423413,0,0,62.338,61.3098,3.53991,0,1,1.53453,1.42302,0,1.18558,1.90512,9.45415e+06,4.16116e+06,1.45077e+07,0,398125,0,0
55.7923,85.1408,2.28,0.08,0.1,3.16282,3.27415,0,0.564818,4.6872,4.54919e+06,3.11316e+06,1.43883e+07,0,443554,0,0,62.338,61.3098,2.96335,0,1,1.61148,1.50015,0,1.18558,1.90512,9.45415e+06,4.16116e+06,1.52351e+07,0,419702,0,0
54.6825,85.1408,2.0089,0.07,0.1,3.24036,3.27456,0,0.592713,4.6872,4.54919e+06,3.11316e+06,1.4741e+07,0,443609,0,0,62.338,61.3098,2.39001,0,1,1.53454,1.50034,0,1.24503,1.90512,9.45415e+06,4.16116e+06,1.45078e+07,0,419755,0,0
53.5305,85.1408,1.94388,0.07,0.1,3.24095,3.27497,0,0.607243,4.6872,4.54919e+06,3.11316e+06,1.47437e+07,0,443665,0,0,62.338,61.3098,2.37171,0,1,1.53454,1.50052,0,1.18559,1.90512,9.45415e+06,4.16116e+06,1.45078e+07,0,419807,0,0
52.2802,85.1408,1.82054,0.07,0.1,3.24155,3.27538,0,0.607355,4.6872,4.54919e+06,3.11316e+06,1.47464e+07,0,443720,0,0,62.338,61.3098,2.16785,0,1,1.53454,1.50071,0,1.18559,1.90512,9.45415e+06,4.16116e+06,1.45078e+07,0,419860,0,0
51.0764,85.1408,1.83817,0.05,0.1,3.27579,3.27579,0,0.607467,4.6872,4.54919e+06,3.11316e+06,1.49022e+07,0,443776,0,0,62.338,61.3098,2.20222,0,1,1.5009,1.5009,0,1.18559,1.90512,9.45415e+06,4.16116e+06,1.41897e+07,0,419912,0,0
50.56,85.1408,2.49164,0.11,0.1,3.21341,3.24686,0,0.613883,4.6872,4.54919e+06,3.11316e+06,1.46184e+07,0,439856,0,0,62.2952,61.3098,2.15607,0,1,1.57686,1.5434,0,1.15959,1.90512,9.45415e+06,4.16116e+06,1.49078e+07,0,431804,0,0
49.8885,85.1408,2.35179,0.13,0.1,3.24726,3.24726,0,0.602192,4.6872,4.54919e+06,3.11316e+06,1.47724e+07,0,439911,0,0,62.2415,61.3098,2.02093,0,1,1.5436,1.5436,0,1.21828,1.90512,9.45415e+06,4.16116e+06,1.45934e+07,0,431858,0,0
49.0315,85.1408,2.15365,0.14,0.1,3.24767,3.24767,0,0.608537,4.6872,4.54919e+06,3.11316e+06,1.47743e+07,0,439966,0,0,62.0239,61.3098,2.015,0,1,1.54379,1.54379,0,1.19258,1.90512,9.45415e+06,4.16116e+06,1.45952e+07,0,431912,0,0
47.9943,85.1408,1.94758,0.16,0.1,3.24808,3.24808,0,0.608614,4.6872,4.54919e+06,3.11316e+06,1.47761e+07,0,440021,0,0,61.6235,61.3098,1.80442,0,1,1.54398,1.54398,0,1.19273,1.90512,9.45415e+06,4.16116e+06,1.4597e+07,0,431966,0,0
46.588,85.1408,1.60879,0.16,0.1,3.3243,3.3243,0,0.60869,4.6872,4.54919e+06,3.11316e+06,1.51229e+07,0,450347,0,0,61.2423,61.3098,1.54937,0,1,1.58191,1.58191,0,1.19288,1.90512,9.45415e+06,4.16116e+06,1.49556e+07,0,442577,0,0
45.3153,85.1408,1.75988,0.17,0.1,3.32471,3.32471,0,0.622973,4.6872,4.54919e+06,3.11316e+06,1.51248e+07,0,450403,0,0,61.071,61.3098,1.91506,0,1,1.58211,1.58211,0,1.22218,1.90512,9.45415e+06,4.16116e+06,1.49575e+07,0,442632,0,0
43.897,85.1408,1.58817,0.16,0.1,3.32513,3.32513,0,0.623051,4.6872,4.54919e+06,3.11316e+06,1.51267e+07,0,450459,0,0,60.5834,61.3098,1.81339,0,1,1.5823,1.5823,0,1.22234,1.90512,9.45415e+06,4.16116e+06,1.49593e+07,0,442688,0,0
42.3451,85.1408,1.44684,0.16,0.1,3.32555,3.32555,0,0.623129,4.6872,4.54919e+06,3.11316e+06,1.51285e+07,0,450516,0,0,60.2202,61.3098,1.58298,0,1,1.5825,1.5825,0,1.22249,1.90512,9.45415e+06,4.16116e+06,1.49612e+07,0,442743,0,0
40.6124,85.1408,1.31192,0.23,0.1,3.3881,3.54809,0,0.623207,4.6872,4.54919e+06,3.11316e+06,1.54131e+07,0,480664,0,0,59.4694,61.3098,1.77622,1,1,1.64145,1.71896,0,1.22264,1.90512,9.45415e+06,4.16116e+06,1.55186e+07,0,480921,0,0
38.2538,85.1408,0.650337,0.22,0.1,3.38852,3.54853,0,0.63493,4.6872,4.54919e+06,3.11316e+06,1.54151e+07,0,480724,0,0,58.5589,61.3098,1.19888,1,1,1.64166,1.71918,0,1.26819,1.90512,9.45415e+06,4.16116e+06,1.55205e+07,0,480982,0,0
35.9488,85.1408,0.700379,0.22,0.1,3.38895,3.54898,0,0.635009,4.6872,4.54919e+06,3.11316e+06,1.5417e+07,0,480784,0,0,57.8197,61.3098,1.20943,1,1,1.64187,1.71939,0,1.26835,1.90512,9.45415e+06,4.16116e+06,1.55224e+07,0,481042,0,0
33.9936,85.1408,1.08487,0.23,0.1,3.38937,3.54942,0,0.635089,4.6872,4.54919e+06,3.11316e+06,1.54189e+07,0,480844,0,0,57.1888,61.3098,1.45133,1,1,1.64207,1.71961,0,1.26851,1.90512,9.45415e+06,4.16116e+06,1.55244e+07,0,481102,0,0
32.3972,85.1408,1.46272,0.26,0.1,3.3898,3.54986,0,0.635168,4.6872,4.54919e+06,3.11316e+06,1.54208e+07,0,480905,0,0,56.8951,61.3098,1.59866,1,1,1.64228,1.71982,0,1.26866,1.90512,9.45415e+06,4.16116e+06,1.55263e+07,0,481162,0,0
30.0004,85.1408,0.656062,0.27,0.1,3.44198,3.44198,0,0.635248,4.6872,4.54919e+06,3.11316e+06,1.56583e+07,0,466290,0,0,56.0124,61.3098,1.81975,0,1,1.63728,1.63728,0,1.26882,1.90512,9.45415e+06,4.16116e+06,1.54791e+07,0,458069,0,0
27.5166,85.1408,0.567774,0.27,0.1,3.44241,3.44241,0,0.645028,4.6872,4.54919e+06,3.11316e+06,1.56602e+07,0,466348,0,0,54.8844,61.3098,1.01175,0,1,1.63749,1.63749,0,1.26496,1.90512,9.45415e+06,4.16116e+06,1.5481e+07,0,458126,0,0
25.0472,85.1408,0.588694,0.25,0.1,3.44285,3.44285,0,0.645108,4.6872,4.54919e+06,3.11316e+06,1.56622e+07,0,466407,0,0,54.1487,61.3098,0.978925,0,1,1.63769,1.63769,0,1.26512,1.90512,9.45415e+06,4.16116e+06,1.5483e+07,0,458183,0,0
23.56,85.1408,1.71265,0.29,0.1,3.44328,3.44328,0,0.645189,4.6872,4.54919e+06,3.11316e+06,1.56641e+07,0,466465,0,0,54.005,61.3098,1.72465,0,1,1.6379,1.6379,0,1.26528,1.90512,9.45415e+06,4.16116e+06,1.54849e+07,0,458241,0,0
21.6934,85.1408,1.17998,0.29,0.1,3.35475,3.35475,0,0.64527,4.6872,4.54919e+06,3.11316e+06,1.52614e+07,0,454472,0,0,53.7158,61.3098,1.8158,0,1,1.56273,1.56273,0,1.26544,1.90512,9.45415e+06,4.16116e+06,1.47743e+07,0,437212,0,0
19.9874,85.1408,1.37515,0.29,0.1,3.35517,3.35517,0,0.62868,4.6872,4.54919e+06,3.11316e+06,1.52633e+07,0,454529,0,0,53.1261,61.3098,1.58703,0,1,1.56293,1.56293,0,1.20737,1.90512,9.45415e+06,4.16116e+06,1.47762e+07,0,437266,0,0
18.0281,85.1408,1.10351,0.29,0.1,3.35559,3.35559,0,0.628758,4.6872,4.54919e+06,3.11316e+06,1.52652e+07,0,454586,0,0,52.7215,61.3098,1.35581,0,1,1.56312,1.56312,0,1.20752,1.90512,9.45415e+06,4.16116e+06,1.4778e+07,0,437321,0,0
16.9695,85.1408,2.07111,0.31,0.1,3.35601,3.35601,0,0.628837,4.6872,4.54919e+06,3.11316e+06,1.52671e+07,0,454642,0,0,52.8711,61.3098,4.04582,0,1,1.56332,1.56332,0,1.20767,1.90512,9.45415e+06,4.16116e+06,1.47798e+07,0,437376,0,0
19.2178,85.1408,5.34575,0.37,0.1,3.10365,3.10365,0,0.628916,4.6872,4.54919e+06,3.11316e+06,1.41191e+07,0,420455,0,0,54.5976,61.3098,5.65376,0,1,1.40646,1.40646,0,1.20782,1.90512,9.45415e+06,4.16116e+06,1.32969e+07,0,393492,0,0
23.6715,85.1408,7.52866,0.33,0.1,2.97615,3.10404,0,0.581624,4.6872,4.54919e+06,3.11316e+06,1.35391e+07,0,420508,0,0,56.7583,61.3098,5.5565,0,1,1.53453,1.40664,0,1.08663,1.90512,9.45415e+06,4.16116e+06,1.45077e+07,0,393541,0,0
26.3689,85.1408,5.75016,0.35,0.1,2.97671,3.10442,0,0.55773,4.6872,4.54919e+06,3.11316e+06,1.35416e+07,0,420560,0,0,58.6667,61.3098,6.53241,0,1,1.53453,1.40682,0,1.18558,1.90512,9.45415e+06,4.16116e+06,1.45077e+07,0,393590,0,0
29.0809,85.1408,5.71182,0.27,0.1,2.97728,3.10481,0,0.557836,4.6872,4.54919e+06,3.11316e+06,1.35442e+07,0,420613,0,0,61.0295,61.3098,10.4626,0,1,1.53453,1.40699,0,1.18558,1.90512,9.45415e+06,4.16116e+06,1.45077e+07,0,393640,0,0
32.0521,85.1408,5.9868,0.29,0.1,2.97784,3.1052,0,0.557942,4.6872,4.54919e+06,3.11316e+06,1.35468e+07,0,420666,0,0,62.338,61.3098,8.56365,0,1,1.53453,1.40717,0,1.18558,1.90512,9.45415e+06,4.16116e+06,1.45077e+07,0,393689,0,0
37.8689,85.1408,8.90872,0.31,0.1,3.07568,3.20287,0,0.558047,4.6872,4.54919e+06,3.11316e+06,1.39919e+07,0,433896,0,0,62.338,61.3098,7.43989,0,1,1.58003,1.45284,0,1.18558,1.90512,9.45415e+06,4.16116e+06,1.49378e+07,0,406467,0,0
40.3596,85.1408,5.81802,0.23,0.1,3.12173,3.20324,0,0.576383,4.6872,4.54919e+06,3.11316e+06,1.42014e+07,0,433947,0,0,62.338,61.3098,3.98577,0,1,1.53452,1.45301,0,1.22073,1.90512,9.45415e+06,4.16116e+06,1.45076e+07,0,406515,0,0
42.5514,85.1408,5.53876,0.23,0.1,3.12227,3.20361,0,0.585012,4.6872,4.54919e+06,3.11316e+06,1.42038e+07,0,433997,0,0,62.338,61.3098,3.27608,0,1,1.53452,1.45318,0,1.18557,1.90512,9.45415e+06,4.16116e+06,1.45076e+07,0,406562,0,0
44.3665,85.1408,5.08406,0.23,0.1,3.12281,3.20399,0,0.585114,4.6872,4.54919e+06,3.11316e+06,1.42063e+07,0,434048,0,0,62.338,61.3098,3.03624,0,1,1.53452,1.45335,0,1.18557,1.90512,9.45415e+06,4.16116e+06,1.45076e+07,0,406610,0,0
45.7619,85.1408,4.93721,0.14,0.1,3.4359,3.51691,0,0.585215,4.6872,4.54919e+06,3.11316e+06,1.56306e+07,0,476440,0,0,62.338,61.3098,4.36732,0,1,1.70542,1.62442,0,1.18557,1.90512,9.45415e+06,4.16116e+06,1.61233e+07,0,454471,0,0
45.8916,85.1408,3.66634,0.15,0.1,3.51732,3.51732,0,0.643888,4.6872,4.54919e+06,3.11316e+06,1.60009e+07,0,476495,0,0,62.338,61.3098,4.0497,0,1,1.62461,1.62461,0,1.31761,1.90512,9.45415e+06,4.16116e+06,1.53593e+07,0,454524,0,0
46.6193,85.1408,4.31853,0.16,0.1,3.51772,3.51772,0,0.659145,4.6872,4.54919e+06,3.11316e+06,1.60028e+07,0,476551,0,0,62.338,61.3098,4.08697,0,1,1.6248,1.6248,0,1.25518,1.90512,9.45415e+06,4.16116e+06,1.53611e+07,0,454577,0,0
47.5784,85.1408,4.56576,0.16,0.1,3.51814,3.51814,0,0.659222,4.6872,4.54919e+06,3.11316e+06,1.60047e+07,0,476606,0,0,62.338,61.3098,4.34347,0,1,1.62499,1.62499,0,1.25532,1.90512,9.45415e+06,4.16116e+06,1.53629e+07,0,454630,0,0
49.2513,85.1408,4.8415,0.18,0.1,3.07255,3.07255,0,0.659299,4.6872,4.54919e+06,3.11316e+06,1.39776e+07,0,416242,0,0,62.338,61.3098,5.54943,0,1,1.39572,1.39572,0,1.25547,1.90512,9.45415e+06,4.16116e+06,1.31953e+07,0,390486,0,0
53.775,85.1408,7.67412,0.2,0.1,2.93427,3.07291,0,0.575795,4.6872,4.54919e+06,3.11316e+06,1.33486e+07,0,416290,0,0,62.338,61.3098,7.55692,0,1,1.53451,1.39588,0,1.07833,1.90512,9.45415e+06,4.16116e+06,1.45075e+07,0,390532,0,0
56.8541,85.1408,6.26983,0.11,0.1,2.93479,3.07326,0,0.549883,4.6872,4.54919e+06,3.11316e+06,1.33509e+07,0,416339,0,0,62.338,61.3098,4.89357,0,1,1.53451,1.39604,0,1.18557,1.90512,9.45415e+06,4.16116e+06,1.45075e+07,0,390577,0,0
58.1105,85.1408,4.48694,0.12,0.1,2.93531,3.07362,0,0.54998,4.6872,4.54919e+06,3.11316e+06,1.33533e+07,0,416387,0,0,62.338,61.3098,4.05731,0,1,1.53451,1.39621,0,1.18557,1.90512,9.45415e+06,4.16116e+06,1.45075e+07,0,390623,0,0
59.4785,85.1408,4.53232,0.12,0.1,2.93584,3.07398,0,0.550078,4.6872,4.54919e+06,3.11316e+06,1.33557e+07,0,416436,0,0,62.338,61.3098,3.26256,0,1,1.53451,1.39637,0,1.18557,1.90512,9.45415e+06,4.16116e+06,1.45075e+07,0,390668,0,0
62.2658,85.1408,6.18948,0.13,0.1,3.04869,3.18667,0,0.550176,4.6872,4.54919e+06,3.11316e+06,1.38691e+07,0,431702,0,0,62.338,61.3098,5.59109,0,1,1.59068,1.4527,0,1.18557,1.90512,9.45415e+06,4.16116e+06,1.50386e+07,0,406428,0,0
64.3902,85.1408,5.49446,0.06,0.1,3.10539,3.18704,0,0.571324,4.6872,4.54919e+06,3.11316e+06,1.4127e+07,0,431752,0,0,62.338,61.3098,6.70469,0,1,1.53452,1.45287,0,1.22896,1.90512,9.45415e+06,4.16116e+06,1.45076e+07,0,406475,0,0
66.1064,85.1408,5.09266,0.06,0.1,3.10593,3.18741,0,0.58195,4.6872,4.54919e+06,3.11316e+06,1.41295e+07,0,431803,0,0,62.338,61.3098,6.8763,0,1,1.53452,1.45304,0,1.18557,1.90512,9.45415e+06,4.16116e+06,1.45076e+07,0,406523,0,0
67.1776,85.1408,4.42247,0.06,0.1,3.10647,3.18778,0,0.582051,4.6872,4.54919e+06,3.11316e+06,1.41319e+07,0,431853,0,0,62.338,61.3098,6.43706,0,1,1.53452,1.45321,0,1.18557,1.90512,9.45415e+06,4.16116e+06,1.45076e+07,0,406570,0,0
67.4016,85.1408,3.56652,0.05,0.1,3.14421,3.14421,0,0.582152,4.6872,4.54919e+06,3.11316e+06,1.43036e+07,0,425950,0,0,62.338,61.3098,3.78403,0,1,1.43155,1.43155,0,1.18557,1.90512,9.45415e+06,4.16116e+06,1.35341e+07,0,400511,0,0
67.3715,85.1408,3.2084,0.05,0.1,3.14458,3.14458,0,0.589226,4.6872,4.54919e+06,3.11316e+06,1.43053e+07,0,426000,0,0,62.338,61.3098,3.56643,0,1,1.43172,1.43172,0,1.10602,1.90512,9.45415e+06,4.16116e+06,1.35357e+07,0,400558,0,0
67.3419,85.1408,3.1201,0.06,0.1,3.04231,3.14495,0,0.589294,4.6872,4.54919e+06,3.11316e+06,1.38401e+07,0,426050,0,0,62.338,61.3098,3.95147,0,1,1.53452,1.43189,0,1.10615,1.90512,9.45415e+06,4.16116e+06,1.45076e+07,0,400605,0,0
67.2162,85.1408,3.01553,0.06,0.1,3.04285,3.14531,0,0.57013,4.6872,4.54919e+06,3.11316e+06,1.38425e+07,0,426099,0,0,62.338,61.3098,3.60497,0,1,1.53452,1.43205,0,1.18557,1.90512,9.45415e+06,4.16116e+06,1.45076e+07,0,400651,0,0
66.6798,85.1408,2.79351,0.04,0.1,3.2949,3.2949,0,0.570229,4.6872,4.54919e+06,3.11316e+06,1.49891e+07,0,446364,0,0,62.338,61.3098,3.09883,0,1,1.50965,1.50965,0,1.18557,1.90512,9.45415e+06,4.16116e+06,1.42725e+07,0,422362,0,0
65.775,85.1408,2.35559,0.05,0.1,3.29528,3.29528,0,0.617464,4.6872,4.54919e+06,3.11316e+06,1.49909e+07,0,446416,0,0,62.338,61.3098,2.52168,0,1,1.50983,1.50983,0,1.16636,1.90512,9.45415e+06,4.16116e+06,1.42742e+07,0,422411,0,0
64.7585,85.1408,2.21169,0.04,0.1,3.29567,3.29567,0,0.617536,4.6872,4.54919e+06,3.11316e+06,1.49926e+07,0,446468,0,0,62.338,61.3098,2.55778,0,1,1.51001,1.51001,0,1.16649,1.90512,9.45415e+06,4.16116e+06,1.42758e+07,0,422460,0,0
63.6709,85.1408,2.12319,0.04,0.1,3.29605,3.29605,0,0.617608,4.6872,4.54919e+06,3.11316e+06,1.49944e+07,0,446520,0,0,62.338,61.3098,2.48507,0,1,1.51018,1.51018,0,1.16663,1.90512,9.45415e+06,4.16116e+06,1.42775e+07,0,422509,0,0
62.4685,85.1408,1.9894,0.03,0.1,3.29644,3.29644,0,0.61768,4.6872,4.54919e+06,3.11316e+06,1.49961e+07,0,446572,0,0,62.338,61.3098,2.31481,0,1,1.51036,1.51036,0,1.16677,1.90512,9.45415e+06,4.16116e+06,1.42791e+07,0,422559,0,0
60.7657,85.1408,1.46299,0.03,0.1,3.26729,3.26729,0,0.617752,4.6872,4.54919e+06,3.11316e+06,1.48635e+07,0,442624,0,0,62.2825,61.3098,2.63743,0,1,1.55312,1.55312,0,1.1669,1.90512,9.45415e+06,4.16116e+06,1.46834e+07,0,434522,0,0
58.9627,85.1408,1.33977,0.03,0.1,3.26767,3.26767,0,0.612291,4.6872,4.54919e+06,3.11316e+06,1.48653e+07,0,442676,0,0,62.2161,61.3098,2.65594,0,1,1.5533,1.5533,0,1.19994,1.90512,9.45415e+06,4.16116e+06,1.46851e+07,0,434572,0,0
57.0607,85.1408,1.21026,0.07,0.1,3.26805,3.26805,0,0.612362,4.6872,4.54919e+06,3.11316e+06,1.4867e+07,0,442727,0,0,62.1016,61.3098,2.35868,0,1,1.55348,1.55348,0,1.20008,1.90512,9.45415e+06,4.16116e+06,1.46868e+07,0,434623,0,0
55.154,85.1408,1.1518,0.07,0.1,3.26843,3.26843,0,0.612433,4.6872,4.54919e+06,3.11316e+06,1.48687e+07,0,442779,0,0,61.8967,61.3098,2.30151,0,1,1.55366,1.55366,0,1.20022,1.90512,9.45415e+06,4.16116e+06,1.46885e+07,0,434674,0,0
53.0868,85.1408,1.01261,0.07,0.1,3.3451,3.3451,0,0.612505,4.6872,4.54919e+06,3.11316e+06,1.52175e+07,0,453165,0,0,61.583,61.3098,2.0971,0,1,1.59181,1.59181,0,1.20036,1.90512,9.45415e+06,4.16116e+06,1.50492e+07,0,445347,0,0
50.9985,85.1408,0.958461,0.08,0.1,3.34549,3.34549,0,0.626872,4.6872,4.54919e+06,3.11316e+06,1.52193e+07,0,453218,0,0,61.2641,61.3098,2.08619,0,1,1.592,1.592,0,1.22983,1.90512,9.45415e+06,4.16116e+06,1.5051e+07,0,445399,0,0
48.8435,85.1408,0.852925,0.16,0.1,3.34588,3.34588,0,0.626945,4.6872,4.54919e+06,3.11316e+06,1.52211e+07,0,453271,0,0,60.9123,61.3098,1.94652,0,1,1.59218,1.59218,0,1.22998,1.90512,9.45415e+06,4.16116e+06,1.50527e+07,0,445451,0,0
46.622,85.1408,0.777072,0.16,0.1,3.34627,3.34627,0,0.627018,4.6872,4.54919e+06,3.11316e+06,1.52228e+07,0,453324,0,0,60.5472,61.3098,1.83999,0,1,1.59237,1.59237,0,1.23012,1.90512,9.45415e+06,4.16116e+06,1.50545e+07,0,445503,0,0
44.2395,85.1408,0.67084,0.17,0.1,3.40919,3.57017,0,0.627091,4.6872,4.54919e+06,3.11316e+06,1.55091e+07,0,483656,0,0,59.8998,61.3098,1.7681,1,1,1.65167,1.72966,0,1.23026,1.90512,9.45415e+06,4.16116e+06,1.56151e+07,0,483915,0,0
41.8018,85.1408,0.645985,0.17,0.1,3.40959,3.57059,0,0.638882,4.6872,4.54919e+06,3.11316e+06,1.55109e+07,0,483712,0,0,59.3266,61.3098,1.44804,1,1,1.65186,1.72986,0,1.27608,1.90512,9.45415e+06,4.16116e+06,1.5617e+07,0,483971,0,0
39.4246,85.1408,0.719318,0.22,0.1,3.40998,3.571,0,0.638956,4.6872,4.54919e+06,3.11316e+06,1.55127e+07,0,483768,0,0,58.5249,61.3098,1.79609,1,1,1.65206,1.73007,0,1.27623,1.90512,9.45415e+06,4.16116e+06,1.56188e+07,0,484027,0,0
36.9228,85.1408,0.590176,0.23,0.1,3.41038,3.57142,0,0.639031,4.6872,4.54919e+06,3.11316e+06,1.55145e+07,0,483825,0,0,57.9122,61.3098,1.26102,1,1,1.65225,1.73027,0,1.27638,1.90512,9.45415e+06,4.16116e+06,1.56206e+07,0,484084,0,0
34.5518,85.1408,0.712031,0.2,0.1,3.41078,3.57184,0,0.639105,4.6872,4.54919e+06,3.11316e+06,1.55163e+07,0,483881,0,0,57.4671,61.3098,2.3214,1,1,1.65244,1.73047,0,1.27653,1.90512,9.45415e+06,4.16116e+06,1.56224e+07,0,484140,0,0
32.1929,85.1408,0.753518,0.21,0.1,3.46326,3.46326,0,0.63918,4.6872,4.54919e+06,3.11316e+06,1.5755e+07,0,469172,0,0,56.8757,61.3098,1.52662,0,1,1.6474,1.6474,0,1.27668,1.90512,9.45415e+06,4.16116e+06,1.55748e+07,0,460900,0,0
29.9392,85.1408,0.886758,0.26,0.1,3.46366,3.46366,0,0.649014,4.6872,4.54919e+06,3.11316e+06,1.57569e+07,0,469227,0,0,56.4505,61.3098,2.03648,0,1,1.64759,1.64759,0,1.27278,1.90512,9.45415e+06,4.16116e+06,1.55766e+07,0,460954,0,0
27.6348,85.1408,0.841939,0.25,0.1,3.46406,3.46406,0,0.64909,4.6872,4.54919e+06,3.11316e+06,1.57587e+07,0,469281,0,0,56.0334,61.3098,1.99968,0,1,1.64778,1.64778,0,1.27293,1.90512,9.45415e+06,4.16116e+06,1.55784e+07,0,461007,0,0
25.4333,85.1408,0.965843,0.24,0.1,3.46447,3.46447,0,0.649166,4.6872,4.54919e+06,3.11316e+06,1.57605e+07,0,469336,0,0,55.7468,61.3098,2.4151,0,1,1.64798,1.64798,0,1.27308,1.90512,9.45415e+06,4.16116e+06,1.55802e+07,0,461061,0,0
23.3478,85.1408,1.02609,0.3,0.1,3.37537,3.37537,0,0.649241,4.6872,4.54919e+06,3.11316e+06,1.53552e+07,0,457265,0,0,55.2272,61.3098,2.05794,0,1,1.57234,1.57234,0,1.27323,1.90512,9.45415e+06,4.16116e+06,1.48651e+07,0,439899,0,0
21.5949,85.1408,1.34833,0.29,0.1,3.37576,3.37576,0,0.632543,4.6872,4.54919e+06,3.11316e+06,1.5357e+07,0,457318,0,0,54.3849,61.3098,1.38558,0,1,1.57252,1.57252,0,1.21479,1.90512,9.45415e+06,4.16116e+06,1.48668e+07,0,439950,0,0
19.6834,85.1408,1.20054,0.3,0.1,3.37615,3.37615,0,0.632617,4.6872,4.54919e+06,3.11316e+06,1.53588e+07,0,457371,0,0,53.9871,61.3098,0.98758,0,1,1.5727,1.5727,0,1.21493,1.90512,9.45415e+06,4.16116e+06,1.48686e+07,0,440001,0,0
18.1416,85.1408,1.58508,0.3,0.1,3.37654,3.37654,0,0.632691,4.6872,4.54919e+06,3.11316e+06,1.53606e+07,0,457425,0,0,54.0211,61.3098,2.42553,0,1,1.57289,1.57289,0,1.21507,1.90512,9.45415e+06,4.16116e+06,1.48703e+07,0,440052,0,0
19.4675,85.1408,4.36958,0.32,0.1,3.12262,3.12262,0,0.632764,4.6872,4.54919e+06,3.11316e+06,1.42054e+07,0,423025,0,0,55.2085,61.3098,4.86527,0,1,1.41506,1.41506,0,1.21521,1.90512,9.45415e+06,4.16116e+06,1.33782e+07,0,395897,0,0
20.1473,85.1408,3.49919,0.33,0.1,3.00369,3.12298,0,0.585178,4.6872,4.54919e+06,3.11316e+06,1.36644e+07,0,423074,0,0,55.4496,61.3098,2.89564,0,1,1.53452,1.41522,0,1.09327,1.90512,9.45415e+06,4.16116e+06,1.45076e+07,0,395943,0,0
20.1556,85.1408,2.78926,0.35,0.1,3.00421,3.12334,0,0.562891,4.6872,4.54919e+06,3.11316e+06,1.36668e+07,0,423123,0,0,55.5786,61.3098,2.48622,0,1,1.53452,1.41539,0,1.18557,1.90512,9.45415e+06,4.16116e+06,1.45076e+07,0,395989,0,0
19.8142,85.1408,2.43914,0.36,0.1,3.00474,3.12371,0,0.56299,4.6872,4.54919e+06,3.11316e+06,1.36692e+07,0,423172,0,0,55.7343,61.3098,2.69224,0,1,1.53452,1.41555,0,1.18557,1.90512,9.45415e+06,4.16116e+06,1.45076e+07,0,396035,0,0
20.0168,85.1408,3.03848,0.36,0.1,3.00527,3.12407,0,0.563089,4.6872,4.54919e+06,3.11316e+06,1.36716e+07,0,423222,0,0,55.896,61.3098,2.74556,0,1,1.53452,1.41572,0,1.18557,1.90512,9.45415e+06,4.16116e+06,1.45076e+07,0,396081,0,0
21.0842,85.1408,4.02735,0.39,0.1,3.10367,3.2223,0,0.563188,4.6872,4.54919e+06,3.11316e+06,1.41192e+07,0,436529,0,0,56.6357,61.3098,4.56916,0,1,1.58029,1.46166,0,1.18557,1.90512,9.45415e+06,4.16116e+06,1.49403e+07,0,408934,0,0
21.94,85.1408,3.86356,0.42,0.1,3.14996,3.22265,0,0.581627,4.6872,4.54919e+06,3.11316e+06,1.43298e+07,0,436576,0,0,57.2594,61.3098,4.42179,0,1,1.53451,1.46182,0,1.22093,1.90512,9.45415e+06,4.16116e+06,1.45075e+07,0,408978,0,0
23.7569,85.1408,4.92638,0.44,0.1,3.15046,3.223,0,0.590302,4.6872,4.54919e+06,3.11316e+06,1.43321e+07,0,436624,0,0,57.8863,61.3098,4.52023,0,1,1.53451,1.46197,0,1.18556,1.90512,9.45415e+06,4.16116e+06,1.45075e+07,0,409022,0,0
24.0483,85.1408,3.28113,0.46,0.1,3.15097,3.22335,0,0.590397,4.6872,4.54919e+06,3.11316e+06,1.43344e+07,0,436671,0,0,58.0981,61.3098,2.9497,0,1,1.53451,1.46213,0,1.18556,1.90512,9.45415e+06,4.16116e+06,1.45075e+07,0,409067,0,0
24.2253,85.1408,3.47343,0.49,0.1,3.46591,3.53813,0,0.590492,4.6872,4.54919e+06,3.11316e+06,1.57671e+07,0,479315,0,0,58.2119,61.3098,3.18006,0,1,1.70644,1.63423,0,1.18556,1.90512,9.45415e+06,4.16116e+06,1.6133e+07,0,457214,0,0
23.9292,85.1408,3.17103,0.51,0.1,3.53851,3.53851,0,0.649511,4.6872,4.54919e+06,3.11316e+06,1.60974e+07,0,479366,0,0,58.3888,61.3098,3.4746,0,1,1.6344,1.6344,0,1.3184,1.90512,9.45415e+06,4.16116e+06,1.54519e+07,0,457263,0,0
23.4842,85.1408,2.95888,0.52,0.1,3.53889,3.53889,0,0.663117,4.6872,4.54919e+06,3.11316e+06,1.60991e+07,0,479418,0,0,58.9313,61.3098,4.28708,0,1,1.63458,1.63458,0,1.26274,1.90512,9.45415e+06,4.16116e+06,1.54536e+07,0,457313,0,0
24.0106,85.1408,3.91367,0.54,0.1,3.53928,3.53928,0,0.663188,4.6872,4.54919e+06,3.11316e+06,1.61008e+07,0,479470,0,0,59.7531,61.3098,5.34677,0,1,1.63476,1.63476,0,1.26288,1.90512,9.45415e+06,4.16116e+06,1.54552e+07,0,457362,0,0
26.0328,85.1408,5.06593,0.55,0.1,3.09098,3.09098,0,0.66326,4.6872,4.54919e+06,3.11316e+06,1.40615e+07,0,418739,0,0,60.6919,61.3098,5.24365,0,1,1.40409,1.40409,0,1.26301,1.90512,9.45415e+06,4.16116e+06,1.32745e+07,0,392829,0,0
28.1533,85.1408,5.13156,0.51,0.1,2.96106,3.09132,0,0.57925,4.6872,4.54919e+06,3.11316e+06,1.34704e+07,0,418785,0,0,61.7515,61.3098,5.1684,0,1,1.5345,1.40425,0,1.0848,1.90512,9.45415e+06,4.16116e+06,1.45074e+07,0,392872,0,0
31.0062,85.1408,5.96419,0.53,0.1,2.96155,3.09165,0,0.554903,4.6872,4.54919e+06,3.11316e+06,1.34727e+07,0,418830,0,0,62.338,61.3098,6.47943,0,1,1.5345,1.4044,0,1.18556,1.90512,9.45415e+06,4.16116e+06,1.45074e+07,0,392914,0,0
33.093,85.1408,4.98847,0.56,0.1,2.96203,3.09199,0,0.554994,4.6872,4.54919e+06,3.11316e+06,1.34749e+07,0,418875,0,0,62.338,61.3098,5.01439,0,1,1.5345,1.40455,0,1.18556,1.90512,9.45415e+06,4.16116e+06,1.45074e+07,0,392957,0,0
34.654,85.1408,4.46195,0.61,0.1,2.8928,3.09232,0,0.555085,4.6872,4.54919e+06,3.11316e+06,1.31599e+07,0,418921,0,0,62.338,61.3098,4.39318,0,1,1.50283,1.4047,0,1.18556,1.90512,9.45415e+06,4.16116e+06,1.4208e+07,0,392999,0,0
36.0543,85.1408,4.41856,0.51,0.1,3.07601,3.20565,0,0.542111,4.6872,4.54919e+06,3.11316e+06,1.39933e+07,0,434274,0,0,62.338,61.3098,4.60325,0,1,1.59101,1.46136,0,1.16109,1.90512,9.45415e+06,4.16116e+06,1.50416e+07,0,408849,0,0
37.2991,85.1408,4.35535,0.54,0.1,3.13301,3.206,0,0.576443,4.6872,4.54919e+06,3.11316e+06,1.42526e+07,0,434321,0,0,62.338,61.3098,4.31663,0,1,1.53451,1.46151,0,1.22921,1.90512,9.45415e+06,4.16116e+06,1.45075e+07,0,408894,0,0
37.8853,85.1408,3.61157,0.54,0.1,3.13351,3.20635,0,0.587125,4.6872,4.54919e+06,3.11316e+06,1.42549e+07,0,434368,0,0,62.338,61.3098,4.17924,0,1,1.53451,1.46167,0,1.18556,1.90512,9.45415e+06,4.16116e+06,1.45075e+07,0,408938,0,0
38.5961,85.1408,3.74551,0.54,0.1,3.13402,3.20669,0,0.58722,4.6872,4.54919e+06,3.11316e+06,1.42572e+07,0,434415,0,0,62.338,61.3098,3.9187,0,1,1.53451,1.46183,0,1.18556,1.90512,9.45415e+06,4.16116e+06,1.45075e+07,0,408982,0,0
39.0276,85.1408,3.39249,0.54,0.1,3.09032,3.16284,0,0.587314,4.6872,4.54919e+06,3.11316e+06,1.40585e+07,0,428474,0,0,62.338,61.3098,3.46205,0,1,1.51256,1.44003,0,1.18556,1.90512,9.45415e+06,4.16116e+06,1.42999e+07,0,402884,0,0
39.031,85.1408,2.94954,0.54,0.1,3.06886,3.16318,0,0.579126,4.6872,4.54919e+06,3.11316e+06,1.39609e+07,0,428520,0,0,62.338,61.3098,3.04618,0,1,1.53451,1.44019,0,1.1686,1.90512,9.45415e+06,4.16116e+06,1.45075e+07,0,402928,0,0
38.8008,85.1408,2.66396,0.54,0.1,3.06936,3.16352,0,0.575105,4.6872,4.54919e+06,3.11316e+06,1.39631e+07,0,428567,0,0,62.338,61.3098,2.87236,0,1,1.53451,1.44035,0,1.18556,1.90512,9.45415e+06,4.16116e+06,1.45075e+07,0,402971,0,0
38.4197,85.1408,2.48643,0.51,0.1,3.06986,3.16387,0,0.575198,4.6872,4.54919e+06,3.11316e+06,1.39654e+07,0,428613,0,0,62.338,61.3098,2.68796,0,1,1.53451,1.4405,0,1.18556,1.90512,9.45415e+06,4.16116e+06,1.45075e+07,0,403015,0,0
37.753,85.1408,2.34125,0.5,0.1,3.22046,3.31431,0,0.575292,4.6872,4.54919e+06,3.11316e+06,1.46505e+07,0,448994,0,0,62.338,61.3098,2.51499,0,1,1.6124,1.51855,0,1.18556,1.90512,9.45415e+06,4.16116e+06,1.52438e+07,0,424850,0,0
36.652,85.1408,1.92159,0.44,0.1,3.29886,3.31467,0,0.603514,4.6872,4.54919e+06,3.11316e+06,1.50072e+07,0,449042,0,0,62.3315,61.3098,2.24883,0,1,1.53452,1.51871,0,1.24574,1.90512,9.45415e+06,4.16116e+06,1.45075e+07,0,424896,0,0
35.4737,85.1408,1.83437,0.4,0.1,3.29939,3.31503,0,0.618207,4.6872,4.54919e+06,3.11316e+06,1.50095e+07,0,449091,0,0,62.3019,61.3098,2.15992,0,1,1.53452,1.51887,0,1.18557,1.90512,9.45415e+06,4.16116e+06,1.45075e+07,0,424942,0,0
34.2228,85.1408,1.7561,0.38,0.1,3.29991,3.31538,0,0.618305,4.6872,4.54919e+06,3.11316e+06,1.50119e+07,0,449139,0,0,62.2846,61.3098,2.34471,0,1,1.53452,1.51904,0,1.18557,1.90512,9.45415e+06,4.16116e+06,1.45075e+07,0,424988,0,0
32.8254,85.1408,1.61896,0.36,0.1,3.30043,3.31574,0,0.618403,4.6872,4.54919e+06,3.11316e+06,1.50143e+07,0,449188,0,0,62.2251,61.3098,2.21889,0,1,1.53452,1.5192,0,1.18557,1.90512,9.45415e+06,4.16116e+06,1.45075e+07,0,425034,0,0
31.6016,85.1408,1.73291,0.58,0.1,3.27125,3.2864,0,0.618501,4.6872,4.54919e+06,3.11316e+06,1.48816e+07,0,445213,0,0,61.9566,61.3098,1.87892,0,1,1.57735,1.5622,0,1.18557,1.90512,9.45415e+06,4.16116e+06,1.49125e+07,0,437063,0,0
30.3281,85.1408,1.68206,0.57,0.1,3.28676,3.28676,0,0.613033,4.6872,4.54919e+06,3.11316e+06,1.49521e+07,0,445261,0,0,61.5696,61.3098,1.80544,0,1,1.56237,1.56237,0,1.21866,1.90512,9.45415e+06,4.16116e+06,1.47709e+07,0,437110,0,0
28.8699,85.1408,1.47806,0.53,0.1,3.28711,3.28711,0,0.615938,4.6872,4.54919e+06,3.11316e+06,1.49537e+07,0,445309,0,0,61.2062,61.3098,1.65156,0,1,1.56254,1.56254,0,1.20709,1.90512,9.45415e+06,4.16116e+06,1.47725e+07,0,437157,0,0
27.3648,85.1408,1.42384,0.49,0.1,3.28747,3.28747,0,0.616005,4.6872,4.54919e+06,3.11316e+06,1.49553e+07,0,445357,0,0,60.7294,61.3098,1.73032,0,1,1.56271,1.56271,0,1.20722,1.90512,9.45415e+06,4.16116e+06,1.47741e+07,0,437205,0,0
25.7256,85.1408,1.35228,0.47,0.1,3.36455,3.36455,0,0.616071,4.6872,4.54919e+06,3.11316e+06,1.5306e+07,0,455800,0,0,60.0547,61.3098,1.61046,0,1,1.60107,1.60107,0,1.20735,1.90512,9.45415e+06,4.16116e+06,1.51367e+07,0,447936,0,0
23.9983,85.1408,1.27097,0.4,0.1,3.36492,3.36492,0,0.630517,4.6872,4.54919e+06,3.11316e+06,1.53077e+07,0,455850,0,0,59.254,61.3098,1.38667,0,1,1.60124,1.60124,0,1.23698,1.90512,9.45415e+06,4.16116e+06,1.51384e+07,0,447985,0,0
22.1965,85.1408,1.17863,0.58,0.1,3.36528,3.36528,0,0.630586,4.6872,4.54919e+06,3.11316e+06,1.53093e+07,0,455899,0,0,58.3103,61.3098,1.34113,0,1,1.60141,1.60141,0,1.23712,1.90512,9.45415e+06,4.16116e+06,1.514e+07,0,448033,0,0
20.2965,85.1408,1.07318,0.55,0.1,3.36565,3.36565,0,0.630654,4.6872,4.54919e+06,3.11316e+06,1.5311e+07,0,455948,0,0,57.7237,61.3098,1.17172,0,1,1.60158,1.60158,0,1.23725,1.90512,9.45415e+06,4.16116e+06,1.51416e+07,0,448082,0,0
18.5162,85.1408,1.25187,0.51,0.1,3.4289,3.59081,0,0.630722,4.6872,4.54919e+06,3.11316e+06,1.55987e+07,0,486452,0,0,56.8378,61.3098,1.63014,1,1,1.66122,1.73966,0,1.23738,1.90512,9.45415e+06,4.16116e+06,1.57054e+07,0,486712,0,0
16.2194,85.1408,0.70242,0.45,0.1,3.42927,3.5912,0,0.642575,4.6872,4.54919e+06,3.11316e+06,1.56004e+07,0,486504,0,0,55.8217,61.3098,1.14132,1,1,1.6614,1.73985,0,1.28346,1.90512,9.45415e+06,4.16116e+06,1.57071e+07,0,486765,0,0
13.9809,85.1408,0.757656,0.61,0.1,3.42964,3.59159,0,0.642645,4.6872,4.54919e+06,3.11316e+06,1.56021e+07,0,486557,0,0,55.0075,61.3098,1.15101,1,1,1.66158,1.74004,0,1.2836,1.90512,9.45415e+06,4.16116e+06,1.57088e+07,0,486817,0,0
13.581,85.1408,1.17299,0.56,0.1,3.43001,3.59197,0,0.642714,4.6872,4.54919e+06,3.11316e+06,1.56038e+07,0,486609,0,0,54.2827,61.3098,1.38086,1,1,1.66176,1.74023,0,1.28374,1.90512,9.45415e+06,4.16116e+06,1.57105e+07,0,486870,0,0
13.9751,85.1408,1.58341,0.52,0.1,3.43038,3.59236,0,0.642784,4.6872,4.54919e+06,3.11316e+06,1.56055e+07,0,486662,0,0,53.8093,61.3098,1.49725,1,1,1.66194,1.74041,0,1.28387,1.90512,9.45415e+06,4.16116e+06,1.57122e+07,0,486923,0,0
13.2842,85.1408,0.858036,0.47,0.1,3.48313,3.48313,0,0.642853,4.6872,4.54919e+06,3.11316e+06,1.58454e+07,0,471864,0,0,53.1386,61.3098,1.99615,0,1,1.65685,1.65685,0,1.28401,1.90512,9.45415e+06,4.16116e+06,1.56642e+07,0,463545,0,0
13.2006,85.1408,0.762844,0.38,0.1,3.48351,3.48351,0,0.652739,4.6872,4.54919e+06,3.11316e+06,1.58472e+07,0,471915,0,0,52.1569,61.3098,1.2388,0,1,1.65703,1.65703,0,1.28009,1.90512,9.45415e+06,4.16116e+06,1.56658e+07,0,463595,0,0
13.0741,85.1408,0.633711,0.36,0.1,3.48389,3.48389,0,0.65281,4.6872,4.54919e+06,3.11316e+06,1.58489e+07,0,471966,0,0,51.3562,61.3098,1.09922,0,1,1.65721,1.65721,0,1.28022,1.90512,9.45415e+06,4.16116e+06,1.56675e+07,0,463645,0,0
13.5586,85.1408,1.17502,0.37,0.1,3.48426,3.48426,0,0.65288,4.6872,4.54919e+06,3.11316e+06,1.58506e+07,0,472017,0,0,50.9435,61.3098,1.44879,0,1,1.65739,1.65739,0,1.28036,1.90512,9.45415e+06,4.16116e+06,1.56692e+07,0,463695,0,0
14.5503,85.1408,2.24816,0.36,0.1,3.39462,3.39462,0,0.652951,4.6872,4.54919e+06,3.11316e+06,1.54428e+07,0,459874,0,0,50.8228,61.3098,2.03173,0,1,1.58131,1.58131,0,1.2805,1.90512,9.45415e+06,4.16116e+06,1.49499e+07,0,442408,0,0
13.544,85.1408,1.21225,0.37,0.1,3.39499,3.39499,0,0.636152,4.6872,4.54919e+06,3.11316e+06,1.54445e+07,0,459923,0,0,50.3119,61.3098,1.92819,0,1,1.58148,1.58148,0,1.22172,1.90512,9.45415e+06,4.16116e+06,1.49515e+07,0,442456,0,0
13.7493,85.1408,1.42652,0.36,0.1,3.39536,3.39536,0,0.636221,4.6872,4.54919e+06,3.11316e+06,1.54461e+07,0,459973,0,0,49.9349,61.3098,1.39826,0,1,1.58165,1.58165,0,1.22185,1.90512,9.45415e+06,4.16116e+06,1.49531e+07,0,442504,0,0
16.3723,85.1408,4.12884,0.36,0.1,3.39572,3.39572,0,0.63629,4.6872,4.54919e+06,3.11316e+06,1.54478e+07,0,460023,0,0,50.5081,61.3098,4.84242,0,1,1.58182,1.58182,0,1.22198,1.90512,9.45415e+06,4.16116e+06,1.49548e+07,0,442552,0,0
16.743,85.1408,3.3034,0.37,0.1,3.14033,3.14033,0,0.636358,4.6872,4.54919e+06,3.11316e+06,1.42859e+07,0,425424,0,0,50.9274,61.3098,4.20257,0,1,1.42308,1.42308,0,1.22211,1.90512,9.45415e+06,4.16116e+06,1.34541e+07,0,398142,0,0
17.1727,85.1408,3.23688,0.39,0.1,3.0294,3.14066,0,0.588497,4.6872,4.54919e+06,3.11316e+06,1.37813e+07,0,425470,0,0,50.8109,61.3098,2.94296,0,1,1.53451,1.42324,0,1.09948,1.90512,9.45415e+06,4.16116e+06,1.45074e+07,0,398185,0,0
17.5788,85.1408,3.23698,0.34,0.1,3.02989,3.141,0,0.567709,4.6872,4.54919e+06,3.11316e+06,1.37836e+07,0,425516,0,0,50.9828,61.3098,4.4284,0,1,1.53451,1.42339,0,1.18556,1.90512,9.45415e+06,4.16116e+06,1.45074e+07,0,398228,0,0
16.9267,85.1408,2.10739,0.37,0.1,3.03038,3.14134,0,0.567801,4.6872,4.54919e+06,3.11316e+06,1.37858e+07,0,425562,0,0,50.6703,61.3098,2.098,0,1,1.53451,1.42355,0,1.18556,1.90512,9.45415e+06,4.16116e+06,1.45074e+07,0,398271,0,0
15.9515,85.1408,1.7868,0.48,0.1,3.03088,3.14168,0,0.567894,4.6872,4.54919e+06,3.11316e+06,1.3788e+07,0,425608,0,0,50.4722,61.3098,1.93257,0,1,1.53451,1.4237,0,1.18556,1.90512,9.45415e+06,4.16116e+06,1.45074e+07,0,398314,0,0
15.301,85.1408,2.12047,0.48,0.1,3.03103,3.14168,0,0.567986,4.6872,4.54919e+06,3.11316e+06,1.37887e+07,0,425608,0,0,50.5404,61.3098,2.17503,0,1,1.53435,1.4237,0,1.18556,1.90512,9.45415e+06,4.16116e+06,1.4506e+07,0,398314,0,0
16.5144,85.1408,4.10901,0.52,0.1,3.12979,3.24044,0,0.568015,4.6872,4.54919e+06,3.11316e+06,1.4238e+07,0,438987,0,0,50.9249,61.3098,3.42982,0,1,1.58054,1.46989,0,1.18544,1.90512,9.45415e+06,4.16116e+06,1.49427e+07,0,411236,0,0
18.8387,85.1408,5.34614,0.55,0.1,3.1763,3.24076,0,0.586522,4.6872,4.54919e+06,3.11316e+06,1.44496e+07,0,439030,0,0,51.6601,61.3098,4.48794,0,1,1.5345,1.47003,0,1.22112,1.90512,9.45415e+06,4.16116e+06,1.45074e+07,0,411277,0,0
22.6888,85.1408,7.0115,0.45,0.1,3.17677,3.24109,0,0.595238,4.6872,4.54919e+06,3.11316e+06,1.44517e+07,0,439074,0,0,52.9653,61.3098,6.29234,0,1,1.5345,1.47018,0,1.18555,1.90512,9.45415e+06,4.16116e+06,1.45074e+07,0,411318,0,0
25.0162,85.1408,5.46116,0.47,0.1,3.17724,3.24141,0,0.595327,4.6872,4.54919e+06,3.11316e+06,1.44539e+07,0,439118,0,0,53.5793,61.3098,4.202,0,1,1.5345,1.47033,0,1.18555,1.90512,9.45415e+06,4.16116e+06,1.45074e+07,0,411359,0,0
29.7402,85.1408,8.29026,0.52,0.1,3.4939,3.55793,0,0.595415,4.6872,4.54919e+06,3.11316e+06,1.58944e+07,0,481997,0,0,55.7472,61.3098,8.19671,0,1,1.7074,1.64337,0,1.18555,1.90512,9.45415e+06,4.16116e+06,1.6142e+07,0,459772,0,0
36.1085,85.1408,10.0708,0.41,0.1,3.55828,3.55828,0,0.654757,4.6872,4.54919e+06,3.11316e+06,1.61873e+07,0,482045,0,0,58.0901,61.3098,11.1708,0,1,1.64353,1.64353,0,1.31913,1.90512,9.45415e+06,4.16116e+06,1.55382e+07,0,459818,0,0
39.4213,85.1408,7.03985,0.27,0.1,3.55864,3.55864,0,0.666822,4.6872,4.54919e+06,3.11316e+06,1.61889e+07,0,482093,0,0,59.6947,61.3098,5.66452,0,1,1.6437,1.6437,0,1.26979,1.90512,9.45415e+06,4.16116e+06,1.55398e+07,0,459864,0,0
41.4004,85.1408,5.61104,0.29,0.1,3.55899,3.55899,0,0.666889,4.6872,4.54919e+06,3.11316e+06,1.61906e+07,0,482141,0,0,60.9149,61.3098,4.61588,0,1,1.64386,1.64386,0,1.26992,1.90512,9.45415e+06,4.16116e+06,1.55413e+07,0,459910,0,0
45.7545,85.1408,7.46367,0.34,0.1,3.10818,3.10818,0,0.666955,4.6872,4.54919e+06,3.11316e+06,1.41397e+07,0,421069,0,0,62.338,61.3098,8.34002,0,1,1.41191,1.41191,0,1.27005,1.90512,9.45415e+06,4.16116e+06,1.33484e+07,0,395014,0,0
50.0374,85.1408,7.59677,0.2,0.1,2.98604,3.10849,0,0.582473,4.6872,4.54919e+06,3.11316e+06,1.35841e+07,0,421111,0,0,62.338,61.3098,8.07471,0,1,1.53449,1.41205,0,1.09084,1.90512,9.45415e+06,4.16116e+06,1.45073e+07,0,395054,0,0
53.6719,85.1408,7.03245,0.26,0.1,2.98649,3.1088,0,0.559584,4.6872,4.54919e+06,3.11316e+06,1.35861e+07,0,421153,0,0,62.338,61.3098,7.67948,0,1,1.53449,1.41219,0,1.18555,1.90512,9.45415e+06,4.16116e+06,1.45073e+07,0,395093,0,0
57.9244,85.1408,7.70805,0.11,0.1,2.98695,3.10911,0,0.559669,4.6872,4.54919e+06,3.11316e+06,1.35882e+07,0,421195,0,0,62.338,61.3098,6.99757,0,1,1.53449,1.41233,0,1.18555,1.90512,9.45415e+06,4.16116e+06,1.45073e+07,0,395133,0,0
64.6597,85.1408,10.4531,0.13,0.1,2.9874,3.10942,0,0.559754,4.6872,4.54919e+06,3.11316e+06,1.35903e+07,0,421237,0,0,62.338,61.3098,12.2455,0,1,1.53449,1.41247,0,1.18555,1.90512,9.45415e+06,4.16116e+06,1.45073e+07,0,395172,0,0
69.4845,85.1408,8.55858,0.05,0.1,3.22335,3.22335,0,0.559838,4.6872,4.54919e+06,3.11316e+06,1.46637e+07,0,436672,0,0,62.338,61.3098,10.8309,0,1,1.46943,1.46943,0,1.18555,1.90512,9.45415e+06,4.16116e+06,1.38922e+07,0,411107,0,0
72.226,85.1408,6.34914,0.01,0.1,3.22368,3.22368,0,0.604057,4.6872,4.54919e+06,3.11316e+06,1.46651e+07,0,436716,0,0,62.338,61.3098,8.6933,0,1,1.46957,1.46957,0,1.13528,1.90512,9.45415e+06,4.16116e+06,1.38936e+07,0,411148,0,0
74.1266,85.1408,5.48874,0.01,0.1,3.224,3.224,0,0.604117,4.6872,4.54919e+06,3.11316e+06,1.46666e+07,0,436759,0,0,62.338,61.3098,8.18294,0,1,1.46972,1.46972,0,1.13539,1.90512,9.45415e+06,4.16116e+06,1.38949e+07,0,411189,0,0
76.105,85.1408,5.59528,0.02,0.1,3.22432,3.22432,0,0.604177,4.6872,4.54919e+06,3.11316e+06,1.46681e+07,0,436803,0,0,62.338,61.3098,7.87776,0,1,1.46987,1.46987,0,1.1355,1.90512,9.45415e+06,4.16116e+06,1.38963e+07,0,411230,0,0
77.8298,85.1408,5.32684,0.02,0.1,3.1802,3.1802,0,0.604238,4.6872,4.54919e+06,3.11316e+06,1.44673e+07,0,430826,0,0,62.338,61.3098,7.21134,0,1,1.44794,1.44794,0,1.13562,1.90512,9.45415e+06,4.16116e+06,1.3689e+07,0,405095,0,0
79.0393,85.1408,4.6936,0,0.1,3.18052,3.18052,0,0.595969,4.6872,4.54919e+06,3.11316e+06,1.44688e+07,0,430869,0,0,62.338,61.3098,5.66684,0,1,1.44808,1.44808,0,1.11868,1.90512,9.45415e+06,4.16116e+06,1.36904e+07,0,405136,0,0
79.7883,85.1408,4.18687,0,0.1,3.18084,3.18084,0,0.596029,4.6872,4.54919e+06,3.11316e+06,1.44702e+07,0,430912,0,0,62.338,61.3098,5.26433,0,1,1.44823,1.44823,0,1.11879,1.90512,9.45415e+06,4.16116e+06,1.36918e+07,0,405176,0,0
80.3784,85.1408,3.98225,0,0.1,3.18115,3.18115,0,0.596088,4.6872,4.54919e+06,3.11316e+06,1.44717e+07,0,430955,0,0,62.338,61.3098,5.29087,0,1,1.44837,1.44837,0,1.1189,1.90512,9.45415e+06,4.16116e+06,1.36931e+07,0,405217,0,0
80.5175,85.1408,3.66308,0,0.1,3.33239,3.33239,0,0.596148,4.6872,4.54919e+06,3.11316e+06,1.51597e+07,0,451443,0,0,62.338,61.3098,3.95559,0,1,1.52683,1.52683,0,1.11901,1.90512,9.45415e+06,4.16116e+06,1.44349e+07,0,427167,0,0
80.2908,85.1408,3.21959,0,0.1,3.33272,3.33272,0,0.62449,4.6872,4.54919e+06,3.11316e+06,1.51612e+07,0,451488,0,0,62.338,61.3098,3.76869,0,1,1.52698,1.52698,0,1.17963,1.90512,9.45415e+06,4.16116e+06,1.44363e+07,0,427210,0,0
79.976,85.1408,3.12213,0,0.1,3.33306,3.33306,0,0.624552,4.6872,4.54919e+06,3.11316e+06,1.51627e+07,0,451533,0,0,62.338,61.3098,3.80479,0,1,1.52714,1.52714,0,1.17975,1.90512,9.45415e+06,4.16116e+06,1.44378e+07,0,427253,0,0
79.5115,85.1408,2.96042,0,0.1,3.33339,3.33339,0,0.624615,4.6872,4.54919e+06,3.11316e+06,1.51642e+07,0,451578,0,0,62.338,61.3098,3.65926,0,1,1.52729,1.52729,0,1.17986,1.90512,9.45415e+06,4.16116e+06,1.44392e+07,0,427295,0,0
79.1111,85.1408,3.02642,0,0.1,3.33372,3.33372,0,0.624677,4.6872,4.54919e+06,3.11316e+06,1.51657e+07,0,451623,0,0,62.338,61.3098,3.61776,0,1,1.52744,1.52744,0,1.17998,1.90512,9.45415e+06,4.16116e+06,1.44407e+07,0,427338,0,0
78.6069,85.1408,2.8861,0,0.1,3.30419,3.30419,0,0.624739,4.6872,4.54919e+06,3.11316e+06,1.50314e+07,0,447623,0,0,62.338,61.3098,3.50942,0,1,1.57066,1.57066,0,1.1801,1.90512,9.45415e+06,4.16116e+06,1.48492e+07,0,439429,0,0
77.9298,85.1408,2.69813,0,0.1,3.30452,3.30452,0,0.619206,4.6872,4.54919e+06,3.11316e+06,1.50329e+07,0,447668,0,0,62.338,61.3098,3.63656,0,1,1.57081,1.57081,0,1.21349,1.90512,9.45415e+06,4.16116e+06,1.48507e+07,0,439473,0,0
77.1483,85.1408,2.57563,0,0.1,3.30485,3.30485,0,0.619268,4.6872,4.54919e+06,3.11316e+06,1.50344e+07,0,447713,0,0,62.338,61.3098,3.52747,0,1,1.57097,1.57097,0,1.21361,1.90512,9.45415e+06,4.16116e+06,1.48522e+07,0,439517,0,0
76.1559,85.1408,2.33539,0.01,0.1,3.30518,3.30518,0,0.61933,4.6872,4.54919e+06,3.11316e+06,1.50359e+07,0,447757,0,0,62.338,61.3098,3.03076,0,1,1.57113,1.57113,0,1.21373,1.90512,9.45415e+06,4.16116e+06,1.48537e+07,0,439561,0,0
75.0823,85.1408,2.31254,0.02,0.1,3.38266,3.38266,0,0.619391,4.6872,4.54919e+06,3.11316e+06,1.53884e+07,0,458253,0,0,62.338,61.3098,2.84358,0,1,1.60968,1.60968,0,1.21385,1.90512,9.45415e+06,4.16116e+06,1.52182e+07,0,450347,0,0
73.8449,85.1408,2.11437,0.02,0.1,3.383,3.383,0,0.63391,4.6872,4.54919e+06,3.11316e+06,1.53899e+07,0,458299,0,0,62.245,61.3098,2.82391,0,1,1.60984,1.60984,0,1.24364,1.90512,9.45415e+06,4.16116e+06,1.52197e+07,0,450392,0,0
72.4494,85.1408,1.94019,0.02,0.1,3.38333,3.38333,0,0.633973,4.6872,4.54919e+06,3.11316e+06,1.53914e+07,0,458344,0,0,62.0956,61.3098,2.46857,0,1,1.61,1.61,0,1.24376,1.90512,9.45415e+06,4.16116e+06,1.52212e+07,0,450437,0,0
71.178,85.1408,2.04135,0.02,0.1,3.38367,3.38367,0,0.634037,4.6872,4.54919e+06,3.11316e+06,1.5393e+07,0,458390,0,0,62.046,61.3098,2.9254,0,1,1.61016,1.61016,0,1.24389,1.90512,9.45415e+06,4.16116e+06,1.52227e+07,0,450482,0,0
69.3408,85.1408,1.49621,0.02,0.1,3.44723,3.61001,0,0.6341,4.6872,4.54919e+06,3.11316e+06,1.56821e+07,0,489053,0,0,61.7768,61.3098,2.59214,1,1,1.6701,1.74897,0,1.24401,1.90512,9.45415e+06,4.16116e+06,1.57894e+07,0,489315,0,0
67.2836,85.1408,1.24377,0.02,0.1,3.44758,3.61037,0,0.646011,4.6872,4.54919e+06,3.11316e+06,1.56837e+07,0,489102,0,0,61.4152,61.3098,2.38145,1,1,1.67027,1.74914,0,1.29032,1.90512,9.45415e+06,4.16116e+06,1.5791e+07,0,489364,0,0
65.3871,85.1408,1.38369,0.02,0.1,3.44792,3.61073,0,0.646076,4.6872,4.54919e+06,3.11316e+06,1.56853e+07,0,489151,0,0,61.0678,61.3098,2.4467,1,1,1.67044,1.74931,0,1.29045,1.90512,9.45415e+06,4.16116e+06,1.57926e+07,0,489413,0,0
64.2789,85.1408,2.21905,0.04,0.1,3.44827,3.61109,0,0.64614,4.6872,4.54919e+06,3.11316e+06,1.56868e+07,0,489199,0,0,60.8508,61.3098,2.98024,1,1,1.6706,1.74949,0,1.29058,1.90512,9.45415e+06,4.16116e+06,1.57941e+07,0,489462,0,0
64.0221,85.1408,3.02312,0.03,0.1,3.44861,3.61145,0,0.646205,4.6872,4.54919e+06,3.11316e+06,1.56884e+07,0,489248,0,0,60.9076,61.3098,3.86443,1,1,1.67077,1.74966,0,1.29071,1.90512,9.45415e+06,4.16116e+06,1.57957e+07,0,489510,0,0
63.1982,85.1408,2.465,0.03,0.1,3.50161,3.50161,0,0.64627,4.6872,4.54919e+06,3.11316e+06,1.59295e+07,0,474368,0,0,60.8182,61.3098,3.98633,0,1,1.66565,1.66565,0,1.29084,1.90512,9.45415e+06,4.16116e+06,1.57473e+07,0,466004,0,0
62.0269,85.1408,2.14578,0.03,0.1,3.50196,3.50196,0,0.656203,4.6872,4.54919e+06,3.11316e+06,1.59311e+07,0,474416,0,0,60.7538,61.3098,3.90552,0,1,1.66581,1.66581,0,1.28688,1.90512,9.45415e+06,4.16116e+06,1.57488e+07,0,466051,0,0
61.0624,85.1408,2.45723,0.03,0.1,3.50231,3.50231,0,0.656268,4.6872,4.54919e+06,3.11316e+06,1.59327e+07,0,474463,0,0,60.7396,61.3098,4.00959,0,1,1.66598,1.66598,0,1.28701,1.90512,9.45415e+06,4.16116e+06,1.57504e+07,0,466098,0,0
60.3894,85.1408,2.77691,0.03,0.1,3.50266,3.50266,0,0.656334,4.6872,4.54919e+06,3.11316e+06,1.59343e+07,0,474510,0,0,60.8457,61.3098,4.22633,0,1,1.66615,1.66615,0,1.28714,1.90512,9.45415e+06,4.16116e+06,1.5752e+07,0,466144,0,0
58.3118,85.1408,1.30017,0.02,0.1,3.41252,3.41252,0,0.656399,4.6872,4.54919e+06,3.11316e+06,1.55242e+07,0,462299,0,0,60.8181,61.3098,2.99436,0,1,1.58964,1.58964,0,1.28726,1.90512,9.45415e+06,4.16116e+06,1.50287e+07,0,444741,0,0
56.2045,85.1408,1.23028,0.04,0.1,3.41286,3.41286,0,0.639507,4.6872,4.54919e+06,3.11316e+06,1.55258e+07,0,462345,0,0,60.6153,61.3098,1.7578,0,1,1.5898,1.5898,0,1.22816,1.90512,9.45415e+06,4.16116e+06,1.50302e+07,0,444786,0,0
55.315,85.1408,2.47084,0.04,0.1,3.4132,3.4132,0,0.63957,4.6872,4.54919e+06,3.11316e+06,1.55273e+07,0,462391,0,0,61.1585,61.3098,4.18304,0,1,1.58996,1.58996,0,1.22828,1.90512,9.45415e+06,4.16116e+06,1.50317e+07,0,444830,0,0
56.746,85.1408,4.90996,0.05,0.1,3.41354,3.41354,0,0.639634,4.6872,4.54919e+06,3.11316e+06,1.55289e+07,0,462437,0,0,62.338,61.3098,8.73779,0,1,1.59012,1.59012,0,1.2284,1.90512,9.45415e+06,4.16116e+06,1.50332e+07,0,444874,0,0
57.4567,85.1408,4.04019,0.06,0.1,3.15678,3.15678,0,0.639698,4.6872,4.54919e+06,3.11316e+06,1.43608e+07,0,427653,0,0,62.338,61.3098,6.18463,0,1,1.43054,1.43054,0,1.22853,1.90512,9.45415e+06,4.16116e+06,1.35246e+07,0,400228,0,0
58.2502,85.1408,4.08359,0.05,0.1,3.1571,3.1571,0,0.591581,4.6872,4.54919e+06,3.11316e+06,1.43622e+07,0,427696,0,0,62.338,61.3098,9.76881,0,1,1.43068,1.43068,0,1.10524,1.90512,9.45415e+06,4.16116e+06,1.35259e+07,0,400268,0,0
59.0225,85.1408,4.10429,0.05,0.1,3.15741,3.15741,0,0.59164,4.6872,4.54919e+06,3.11316e+06,1.43637e+07,0,427738,0,0,62.338,61.3098,9.61245,0,1,1.43083,1.43083,0,1.10535,1.90512,9.45415e+06,4.16116e+06,1.35273e+07,0,400308,0,0
59.9233,85.1408,4.24786,0.05,0.1,3.15773,3.15773,0,0.591699,4.6872,4.54919e+06,3.11316e+06,1.43651e+07,0,427781,0,0,62.338,61.3098,6.78542,0,1,1.43097,1.43097,0,1.10546,1.90512,9.45415e+06,4.16116e+06,1.35286e+07,0,400348,0,0
59.4472,85.1408,2.76941,0.03,0.1,3.15804,3.15804,0,0.591758,4.6872,4.54919e+06,3.11316e+06,1.43665e+07,0,427824,0,0,62.338,61.3098,5.31869,0,1,1.43111,1.43111,0,1.10557,1.90512,9.45415e+06,4.16116e+06,1.353e+07,0,400388,0,0
57.9425,85.1408,1.62547,0.07,0.1,3.15405,3.25729,0,0.591817,4.6872,4.54919e+06,3.11316e+06,1.43484e+07,0,441269,0,0,62.338,61.3098,3.78007,0,1,1.58077,1.47753,0,1.10568,1.90512,9.45415e+06,4.16116e+06,1.49448e+07,0,413374,0,0
57.3747,85.1408,2.628,0.07,0.1,3.20076,3.25759,0,0.591068,4.6872,4.54919e+06,3.11316e+06,1.45609e+07,0,441309,0,0,62.338,61.3098,4.2472,0,1,1.53449,1.47766,0,1.2213,1.90512,9.45415e+06,4.16116e+06,1.45073e+07,0,413412,0,0
57.85,85.1408,3.79218,0.07,0.1,3.2012,3.25788,0,0.599823,4.6872,4.54919e+06,3.11316e+06,1.45629e+07,0,441350,0,0,62.338,61.3098,4.05313,0,1,1.53449,1.4778,0,1.18555,1.90512,9.45415e+06,4.16116e+06,1.45073e+07,0,413450,0,0
56.879,85.1408,2.2938,0.07,0.1,3.20163,3.25818,0,0.599904,4.6872,4.54919e+06,3.11316e+06,1.45648e+07,0,441390,0,0,62.338,61.3098,4.10945,0,1,1.53449,1.47793,0,1.18555,1.90512,9.45415e+06,4.16116e+06,1.45073e+07,0,413488,0,0
55.8521,85.1408,2.46552,0.07,0.1,3.51989,3.57631,0,0.599986,4.6872,4.54919e+06,3.11316e+06,1.60127e+07,0,484487,0,0,62.338,61.3098,3.73998,0,1,1.70828,1.65186,0,1.18555,1.90512,9.45415e+06,4.16116e+06,1.61503e+07,0,462147,0,0
55.4685,85.1408,3.21421,0.07,0.1,3.57664,3.57664,0,0.659627,4.6872,4.54919e+06,3.11316e+06,1.62708e+07,0,484531,0,0,62.338,61.3098,3.92265,0,1,1.65201,1.65201,0,1.31982,1.90512,9.45415e+06,4.16116e+06,1.56184e+07,0,462190,0,0
54.5402,85.1408,2.58518,0.08,0.1,3.57696,3.57696,0,0.670262,4.6872,4.54919e+06,3.11316e+06,1.62723e+07,0,484576,0,0,62.338,61.3098,3.46556,0,1,1.65216,1.65216,0,1.27634,1.90512,9.45415e+06,4.16116e+06,1.56198e+07,0,462232,0,0
55.3364,85.1408,4.46554,0.09,0.1,3.57729,3.57729,0,0.670323,4.6872,4.54919e+06,3.11316e+06,1.62738e+07,0,484620,0,0,62.338,61.3098,4.92835,0,1,1.65232,1.65232,0,1.27646,1.90512,9.45415e+06,4.16116e+06,1.56212e+07,0,462275,0,0
56.6393,85.1408,4.73666,0.09,0.1,3.12413,3.12413,0,0.670385,4.6872,4.54919e+06,3.11316e+06,1.42123e+07,0,423230,0,0,62.338,61.3098,3.84875,0,1,1.41915,1.41915,0,1.27658,1.90512,9.45415e+06,4.16116e+06,1.34169e+07,0,397042,0,0
58.849,85.1408,5.67082,0.1,0.1,3.00922,3.12442,0,0.585463,4.6872,4.54919e+06,3.11316e+06,1.36895e+07,0,423269,0,0,62.338,61.3098,4.64951,0,1,1.53448,1.41928,0,1.09644,1.90512,9.45415e+06,4.16116e+06,1.45072e+07,0,397079,0,0
63.4315,85.1408,8.3065,0.11,0.1,3.00964,3.12471,0,0.563928,4.6872,4.54919e+06,3.11316e+06,1.36914e+07,0,423308,0,0,62.338,61.3098,8.70492,0,1,1.53448,1.41941,0,1.18554,1.90512,9.45415e+06,4.16116e+06,1.45072e+07,0,397115,0,0
65.6673,85.1408,5.98291,0.04,0.1,3.12499,3.12499,0,0.564006,4.6872,4.54919e+06,3.11316e+06,1.42162e+07,0,423347,0,0,62.338,61.3098,5.37954,0,1,1.41954,1.41954,0,1.18554,1.90512,9.45415e+06,4.16116e+06,1.34206e+07,0,397151,0,0
66.9316,85.1408,4.85281,0.05,0.1,3.12528,3.12528,0,0.585624,4.6872,4.54919e+06,3.11316e+06,1.42175e+07,0,423386,0,0,62.338,61.3098,3.44153,0,1,1.41967,1.41967,0,1.09674,1.90512,9.45415e+06,4.16116e+06,1.34218e+07,0,397188,0,0
68.1835,85.1408,4.87911,0.05,0.1,3.23977,3.23977,0,0.585678,4.6872,4.54919e+06,3.11316e+06,1.47383e+07,0,438896,0,0,62.338,61.3098,4.73921,0,1,1.47691,1.47691,0,1.09684,1.90512,9.45415e+06,4.16116e+06,1.39629e+07,0,413200,0,0
68.7251,85.1408,4.26837,0.01,0.1,3.24007,3.24007,0,0.607133,4.6872,4.54919e+06,3.11316e+06,1.47397e+07,0,438936,0,0,62.338,61.3098,5.66068,0,1,1.47704,1.47704,0,1.14106,1.90512,9.45415e+06,4.16116e+06,1.39642e+07,0,413238,0,0
68.2391,85.1408,3.19225,0.01,0.1,3.24036,3.24036,0,0.607189,4.6872,4.54919e+06,3.11316e+06,1.4741e+07,0,438976,0,0,62.338,61.3098,4.13031,0,1,1.47718,1.47718,0,1.14116,1.90512,9.45415e+06,4.16116e+06,1.39655e+07,0,413276,0,0
67.6599,85.1408,2.94976,0.02,0.1,3.24066,3.24066,0,0.607244,4.6872,4.54919e+06,3.11316e+06,1.47424e+07,0,439017,0,0,62.338,61.3098,3.41691,0,1,1.47731,1.47731,0,1.14127,1.90512,9.45415e+06,4.16116e+06,1.39668e+07,0,413314,0,0
67.3165,85.1408,3.0735,0.05,0.1,3.19629,3.19629,0,0.6073,4.6872,4.54919e+06,3.11316e+06,1.45405e+07,0,433006,0,0,62.338,61.3098,3.40294,0,1,1.45526,1.45526,0,1.14137,1.90512,9.45415e+06,4.16116e+06,1.37583e+07,0,407145,0,0
66.6623,85.1408,2.71809,0.05,0.1,3.19658,3.19658,0,0.598985,4.6872,4.54919e+06,3.11316e+06,1.45419e+07,0,433045,0,0,62.338,61.3098,2.98559,0,1,1.4554,1.4554,0,1.12434,1.90512,9.45415e+06,4.16116e+06,1.37595e+07,0,407182,0,0
65.8058,85.1408,2.47526,0.05,0.1,3.19688,3.19688,0,0.59904,4.6872,4.54919e+06,3.11316e+06,1.45432e+07,0,433085,0,0,62.338,61.3098,2.73389,0,1,1.45553,1.45553,0,1.12444,1.90512,9.45415e+06,4.16116e+06,1.37608e+07,0,407220,0,0
64.8191,85.1408,2.30625,0.03,0.1,3.19717,3.19717,0,0.599095,4.6872,4.54919e+06,3.11316e+06,1.45445e+07,0,433125,0,0,62.338,61.3098,2.69381,0,1,1.45566,1.45566,0,1.12454,1.90512,9.45415e+06,4.16116e+06,1.37621e+07,0,407257,0,0
63.5876,85.1408,2.10303,0.03,0.1,3.34914,3.34914,0,0.59915,4.6872,4.54919e+06,3.11316e+06,1.52359e+07,0,453712,0,0,62.2176,61.3098,2.39983,0,1,1.53451,1.53451,0,1.12465,1.90512,9.45415e+06,4.16116e+06,1.45075e+07,0,429315,0,0
62.2681,85.1408,1.97974,0.03,0.1,3.34945,3.34945,0,0.627629,4.6872,4.54919e+06,3.11316e+06,1.52373e+07,0,453754,0,0,62.0768,61.3098,2.26688,0,1,1.53465,1.53465,0,1.18556,1.90512,9.45415e+06,4.16116e+06,1.45088e+07,0,429354,0,0
60.8676,85.1408,1.88032,0.03,0.1,3.34976,3.34976,0,0.627687,4.6872,4.54919e+06,3.11316e+06,1.52387e+07,0,453796,0,0,61.9278,61.3098,2.39369,0,1,1.53479,1.53479,0,1.18567,1.90512,9.45415e+06,4.16116e+06,1.45101e+07,0,429394,0,0
59.346,85.1408,1.74498,0.03,0.1,3.35006,3.35006,0,0.627744,4.6872,4.54919e+06,3.11316e+06,1.52401e+07,0,453837,0,0,61.7599,61.3098,2.31048,0,1,1.53493,1.53493,0,1.18578,1.90512,9.45415e+06,4.16116e+06,1.45114e+07,0,429433,0,0
57.6473,85.1408,1.47528,0.06,0.1,3.35037,3.35037,0,0.627802,4.6872,4.54919e+06,3.11316e+06,1.52415e+07,0,453879,0,0,61.4815,61.3098,2.06992,0,1,1.53507,1.53507,0,1.18589,1.90512,9.45415e+06,4.16116e+06,1.45128e+07,0,429472,0,0
55.819,85.1408,1.29077,0.05,0.1,3.32067,3.32067,0,0.62786,4.6872,4.54919e+06,3.11316e+06,1.51064e+07,0,449855,0,0,61.0735,61.3098,1.76896,0,1,1.57849,1.57849,0,1.18599,1.90512,9.45415e+06,4.16116e+06,1.49233e+07,0,441620,0,0
53.9202,85.1408,1.19316,0.05,0.1,3.32097,3.32097,0,0.622293,4.6872,4.54919e+06,3.11316e+06,1.51078e+07,0,449896,0,0,60.5508,61.3098,1.758,0,1,1.57863,1.57863,0,1.21954,1.90512,9.45415e+06,4.16116e+06,1.49246e+07,0,441661,0,0
51.9519,85.1408,1.0913,0.04,0.1,3.32128,3.32128,0,0.62235,4.6872,4.54919e+06,3.11316e+06,1.51091e+07,0,449938,0,0,59.9909,61.3098,1.55003,0,1,1.57878,1.57878,0,1.21965,1.90512,9.45415e+06,4.16116e+06,1.4926e+07,0,441701,0,0
49.9429,85.1408,0.998612,0.03,0.1,3.32158,3.32158,0,0.622408,4.6872,4.54919e+06,3.11316e+06,1.51105e+07,0,449979,0,0,59.2399,61.3098,1.51845,0,1,1.57892,1.57892,0,1.21976,1.90512,9.45415e+06,4.16116e+06,1.49274e+07,0,441742,0,0
47.8182,85.1408,0.922311,0.12,0.1,3.39941,3.39941,0,0.622465,4.6872,4.54919e+06,3.11316e+06,1.54646e+07,0,460523,0,0,58.2301,61.3098,1.34514,0,1,1.61765,1.61765,0,1.21988,1.90512,9.45415e+06,4.16116e+06,1.52935e+07,0,452578,0,0
45.6187,85.1408,0.839792,0.12,0.1,3.39973,3.39973,0,0.63705,4.6872,4.54919e+06,3.11316e+06,1.5466e+07,0,460565,0,0,57.5431,61.3098,1.16477,0,1,1.6178,1.6178,0,1.2498,1.90512,9.45415e+06,4.16116e+06,1.52949e+07,0,452619,0,0
43.5268,85.1408,0.941999,0.14,0.1,3.40004,3.40004,0,0.637109,4.6872,4.54919e+06,3.11316e+06,1.54674e+07,0,460607,0,0,56.8845,61.3098,1.53503,0,1,1.61795,1.61795,0,1.24991,1.90512,9.45415e+06,4.16116e+06,1.52964e+07,0,452661,0,0
41.4118,85.1408,0.914044,0.15,0.1,3.40035,3.40035,0,0.637167,4.6872,4.54919e+06,3.11316e+06,1.54688e+07,0,460650,0,0,56.304,61.3098,1.46351,0,1,1.6181,1.6181,0,1.25003,1.90512,9.45415e+06,4.16116e+06,1.52978e+07,0,452702,0,0
39.2089,85.1408,0.877772,0.19,0.1,3.4642,3.62778,0,0.637226,4.6872,4.54919e+06,3.11316e+06,1.57593e+07,0,491460,0,0,55.6018,61.3098,1.56393,1,1,1.67832,1.75757,0,1.25014,1.90512,9.45415e+06,4.16116e+06,1.58671e+07,0,491723,0,0
36.9353,85.1408,0.807996,0.2,0.1,3.46451,3.62811,0,0.64919,4.6872,4.54919e+06,3.11316e+06,1.57607e+07,0,491505,0,0,54.6064,61.3098,1.4733,1,1,1.67848,1.75773,0,1.29667,1.90512,9.45415e+06,4.16116e+06,1.58686e+07,0,491768,0,0
34.5091,85.1408,0.661385,0.2,0.1,3.46483,3.62844,0,0.64925,4.6872,4.54919e+06,3.11316e+06,1.57622e+07,0,491550,0,0,53.9014,61.3098,1.10638,1,1,1.67863,1.75789,0,1.29679,1.90512,9.45415e+06,4.16116e+06,1.587e+07,0,491813,0,0
32.2102,85.1408,0.778235,0.18,0.1,3.46515,3.62878,0,0.64931,4.6872,4.54919e+06,3.11316e+06,1.57636e+07,0,491595,0,0,53.3472,61.3098,1.82205,1,1,1.67878,1.75806,0,1.29691,1.90512,9.45415e+06,4.16116e+06,1.58715e+07,0,491858,0,0
29.8631,85.1408,0.737405,0.26,0.1,3.46547,3.62911,0,0.649369,4.6872,4.54919e+06,3.11316e+06,1.57651e+07,0,491640,0,0,52.7588,61.3098,1.81475,1,1,1.67894,1.75822,0,1.29703,1.90512,9.45415e+06,4.16116e+06,1.58729e+07,0,491903,0,0
27.4819,85.1408,0.763317,0.26,0.1,3.5187,3.5187,0,0.649429,4.6872,4.54919e+06,3.11316e+06,1.60073e+07,0,476683,0,0,52.2075,61.3098,2.0845,0,1,1.67377,1.67377,0,1.29715,1.90512,9.45415e+06,4.16116e+06,1.58241e+07,0,468279,0,0
25.1211,85.1408,0.78959,0.26,0.1,3.51903,3.51903,0,0.659405,4.6872,4.54919e+06,3.11316e+06,1.60087e+07,0,476727,0,0,51.6574,61.3098,2.01816,0,1,1.67393,1.67393,0,1.29316,1.90512,9.45415e+06,4.16116e+06,1.58256e+07,0,468322,0,0
24.0536,85.1408,2.29956,0.31,0.1,3.51935,3.51935,0,0.659465,4.6872,4.54919e+06,3.11316e+06,1.60102e+07,0,476771,0,0,51.6865,61.3098,3.40691,0,1,1.67408,1.67408,0,1.29328,1.90512,9.45415e+06,4.16116e+06,1.5827e+07,0,468365,0,0
22.441,85.1408,1.7209,0.29,0.1,3.51967,3.51967,0,0.659526,4.6872,4.54919e+06,3.11316e+06,1.60117e+07,0,476814,0,0,51.4668,61.3098,3.1564,0,1,1.67424,1.67424,0,1.2934,1.90512,9.45415e+06,4.16116e+06,1.58285e+07,0,468408,0,0
22.3018,85.1408,3.13062,0.29,0.1,3.42906,3.42906,0,0.659586,4.6872,4.54919e+06,3.11316e+06,1.55995e+07,0,464540,0,0,51.2514,61.3098,2.44515,0,1,1.59735,1.59735,0,1.29351,1.90512,9.45415e+06,4.16116e+06,1.51016e+07,0,446897,0,0
22.17,85.1408,3.15549,0.29,0.1,3.42938,3.42938,0,0.642607,4.6872,4.54919e+06,3.11316e+06,1.56009e+07,0,464582,0,0,51.1148,61.3098,2.54084,0,1,1.5975,1.5975,0,1.23411,1.90512,9.45415e+06,4.16116e+06,1.5103e+07,0,446938,0,0
22.3077,85.1408,3.41091,0.31,0.1,3.42969,3.42969,0,0.642666,4.6872,4.54919e+06,3.11316e+06,1.56023e+07,0,464625,0,0,51.3043,61.3098,3.4952,0,1,1.59764,1.59764,0,1.23423,1.90512,9.45415e+06,4.16116e+06,1.51044e+07,0,446979,0,0
22.1774,85.1408,3.20122,0.32,0.1,3.43001,3.43001,0,0.642725,4.6872,4.54919e+06,3.11316e+06,1.56038e+07,0,464667,0,0,51.6044,61.3098,3.45349,0,1,1.59779,1.59779,0,1.23434,1.90512,9.45415e+06,4.16116e+06,1.51058e+07,0,447020,0,0
23.3769,85.1408,4.47506,0.33,0.1,3.17198,3.17198,0,0.642783,4.6872,4.54919e+06,3.11316e+06,1.443e+07,0,429712,0,0,51.9937,61.3098,3.91871,0,1,1.43743,1.43743,0,1.23445,1.90512,9.45415e+06,4.16116e+06,1.35897e+07,0,402155,0,0
24.9385,85.1408,4.73564,0.34,0.1,3.07535,3.17227,0,0.594429,4.6872,4.54919e+06,3.11316e+06,1.39904e+07,0,429752,0,0,52.2195,61.3098,3.7401,0,1,1.53448,1.43756,0,1.11056,1.90512,9.45415e+06,4.16116e+06,1.45072e+07,0,402192,0,0
26.6984,85.1408,5.01907,0.37,0.1,3.07577,3.17256,0,0.57632,4.6872,4.54919e+06,3.11316e+06,1.39923e+07,0,429791,0,0,52.8083,61.3098,4.959,0,1,1.53448,1.43769,0,1.18554,1.90512,9.45415e+06,4.16116e+06,1.45072e+07,0,402229,0,0
27.3169,85.1408,3.79889,0.28,0.1,3.07619,3.17285,0,0.576399,4.6872,4.54919e+06,3.11316e+06,1.39942e+07,0,429830,0,0,52.9234,61.3098,3.3998,0,1,1.53448,1.43782,0,1.18554,1.90512,9.45415e+06,4.16116e+06,1.45072e+07,0,402266,0,0
29.094,85.1408,4.91578,0.29,0.1,3.07662,3.17314,0,0.576479,4.6872,4.54919e+06,3.11316e+06,1.39961e+07,0,429870,0,0,53.466,61.3098,4.4994,0,1,1.53448,1.43796,0,1.18554,1.90512,9.45415e+06,4.16116e+06,1.45072e+07,0,402303,0,0
29.5879,85.1408,3.60587,0.31,0.14,3.17644,3.27284,0,0.576558,4.6872,4.54919e+06,3.11316e+06,1.44503e+07,0,443375,0,0,54.2158,61.3098,4.57455,0,1,1.58098,1.48458,0,1.18554,1.90512,9.45415e+06,4.16116e+06,1.49468e+07,0,415347,0,0
31.4601,85.1408,5.11769,0.3,0.14,3.22334,3.27311,0,0.595265,4.6872,4.54919e+06,3.11316e+06,1.46636e+07,0,443413,0,0,54.7507,61.3098,3.96001,0,1,1.53448,1.48471,0,1.22146,1.90512,9.45415e+06,4.16116e+06,1.45072e+07,0,415382,0,0
34.5338,85.1408,6.66725,0.32,0.14,3.22374,3.27339,0,0.604054,4.6872,4.54919e+06,3.11316e+06,1.46654e+07,0,443450,0,0,55.5767,61.3098,4.96899,0,1,1.53448,1.48483,0,1.18554,1.90512,9.45415e+06,4.16116e+06,1.45072e+07,0,415417,0,0
41.1745,85.1408,10.339,0.22,0.14,3.22414,3.27366,0,0.604129,4.6872,4.54919e+06,3.11316e+06,1.46672e+07,0,443487,0,0,59.3963,61.3098,13.3556,0,1,1.53448,1.48496,0,1.18554,1.90512,9.45415e+06,4.16116e+06,1.45072e+07,0,415452,0,0
48.3018,85.1408,11.2345,0.24,0.14,3.54387,3.59327,0,0.604204,4.6872,4.54919e+06,3.11316e+06,1.61218e+07,0,486784,0,0,61.5769,61.3098,9.77336,0,1,1.70909,1.65969,0,1.18554,1.90512,9.45415e+06,4.16116e+06,1.6158e+07,0,464339,0,0
52.2319,85.1408,7.98735,0.12,0.14,3.59357,3.59357,0,0.664121,4.6872,4.54919e+06,3.11316e+06,1.63478e+07,0,486825,0,0,62.338,61.3098,6.19417,0,1,1.65983,1.65983,0,1.32044,1.90512,9.45415e+06,4.16116e+06,1.56923e+07,0,464378,0,0
53.5672,85.1408,5.06485,0.06,0.14,3.59387,3.59387,0,0.673435,4.6872,4.54919e+06,3.11316e+06,1.63492e+07,0,486866,0,0,62.338,61.3098,3.93629,0,1,1.65997,1.65997,0,1.28239,1.90512,9.45415e+06,4.16116e+06,1.56936e+07,0,464417,0,0
54.0456,85.1408,4.12418,0.08,0.14,3.59417,3.59417,0,0.673491,4.6872,4.54919e+06,3.11316e+06,1.63506e+07,0,486907,0,0,62.338,61.3098,4.22261,0,1,1.66011,1.66011,0,1.28249,1.90512,9.45415e+06,4.16116e+06,1.56949e+07,0,464456,0,0
56.495,85.1408,5.91869,0.08,0.14,3.13885,3.13885,0,0.673548,4.6872,4.54919e+06,3.11316e+06,1.42792e+07,0,425224,0,0,62.338,61.3098,7.08573,0,1,1.42584,1.42584,0,1.2826,1.90512,9.45415e+06,4.16116e+06,1.34801e+07,0,398912,0,0
58.6593,85.1408,5.56578,0.09,0.14,3.0306,3.13911,0,0.58822,4.6872,4.54919e+06,3.11316e+06,1.37868e+07,0,425259,0,0,62.338,61.3098,7.54748,0,1,1.53447,1.42596,0,1.1016,1.90512,9.45415e+06,4.16116e+06,1.45071e+07,0,398946,0,0
62.7745,85.1408,7.66994,0.1,0.14,3.03098,3.13938,0,0.567934,4.6872,4.54919e+06,3.11316e+06,1.37885e+07,0,425295,0,0,62.338,61.3098,8.55045,0,1,1.53447,1.42608,0,1.18553,1.90512,9.45415e+06,4.16116e+06,1.45071e+07,0,398979,0,0
65.7897,85.1408,6.69492,0.04,0.14,3.13964,3.13964,0,0.568006,4.6872,4.54919e+06,3.11316e+06,1.42828e+07,0,425331,0,0,62.338,61.3098,7.92395,0,1,1.4262,1.4262,0,1.18553,1.90512,9.45415e+06,4.16116e+06,1.34835e+07,0,399013,0,0
71.5416,85.1408,9.82361,0.05,0.14,3.1399,3.1399,0,0.588368,4.6872,4.54919e+06,3.11316e+06,1.4284e+07,0,425366,0,0,62.338,61.3098,12.3654,0,1,1.42632,1.42632,0,1.10188,1.90512,9.45415e+06,4.16116e+06,1.34846e+07,0,399046,0,0
73.7994,85.1408,6.03005,0.01,0.14,3.2549,3.2549,0,0.588418,4.6872,4.54919e+06,3.11316e+06,1.48072e+07,0,440945,0,0,62.338,61.3098,12.9465,0,1,1.48381,1.48381,0,1.10197,1.90512,9.45415e+06,4.16116e+06,1.40281e+07,0,415130,0,0
75.8031,85.1408,5.78685,0.01,0.14,3.25517,3.25517,0,0.609968,4.6872,4.54919e+06,3.11316e+06,1.48084e+07,0,440982,0,0,62.338,61.3098,13.1187,0,1,1.48393,1.48393,0,1.14639,1.90512,9.45415e+06,4.16116e+06,1.40293e+07,0,415165,0,0
78.0444,85.1408,6.07958,0.02,0.14,3.25545,3.25545,0,0.610019,4.6872,4.54919e+06,3.11316e+06,1.48096e+07,0,441019,0,0,62.338,61.3098,14.3121,0,1,1.48405,1.48405,0,1.14648,1.90512,9.45415e+06,4.16116e+06,1.40305e+07,0,415200,0,0
79.4069,85.1408,5.08858,0,0.14,3.25572,3.25572,0,0.61007,4.6872,4.54919e+06,3.11316e+06,1.48109e+07,0,441056,0,0,62.338,61.3098,4.43631,0,1,1.48418,1.48418,0,1.14658,1.90512,9.45415e+06,4.16116e+06,1.40316e+07,0,415234,0,0
80.806,85.1408,4.96878,0,0.14,3.21111,3.21111,0,0.610122,4.6872,4.54919e+06,3.11316e+06,1.4608e+07,0,435014,0,0,62.338,61.3098,8.40549,0,1,1.46201,1.46201,0,1.14668,1.90512,9.45415e+06,4.16116e+06,1.38221e+07,0,409033,0,0
81.525,85.1408,4.36386,0,0.14,3.21138,3.21138,0,0.601763,4.6872,4.54919e+06,3.11316e+06,1.46092e+07,0,435050,0,0,62.338,61.3098,5.59672,0,1,1.46214,1.46214,0,1.12955,1.90512,9.45415e+06,4.16116e+06,1.38233e+07,0,409068,0,0
81.6257,85.1408,3.64235,0,0.14,3.21165,3.21165,0,0.601813,4.6872,4.54919e+06,3.11316e+06,1.46104e+07,0,435087,0,0,62.338,61.3098,5.39801,0,1,1.46226,1.46226,0,1.12965,1.90512,9.45415e+06,4.16116e+06,1.38244e+07,0,409102,0,0
81.5663,85.1408,3.4244,0,0.14,3.21192,3.21192,0,0.601864,4.6872,4.54919e+06,3.11316e+06,1.46117e+07,0,435123,0,0,62.338,61.3098,4.26836,0,1,1.46238,1.46238,0,1.12974,1.90512,9.45415e+06,4.16116e+06,1.38256e+07,0,409136,0,0
81.1166,85.1408,3.08434,0,0.14,3.36457,3.36457,0,0.601914,4.6872,4.54919e+06,3.11316e+06,1.53061e+07,0,455802,0,0,62.338,61.3098,4.01201,0,1,1.54157,1.54157,0,1.12984,1.90512,9.45415e+06,4.16116e+06,1.45743e+07,0,431292,0,0
80.618,85.1408,3.01034,0,0.14,3.36485,3.36485,0,0.63052,4.6872,4.54919e+06,3.11316e+06,1.53074e+07,0,455840,0,0,62.338,61.3098,3.95081,0,1,1.5417,1.5417,0,1.19102,1.90512,9.45415e+06,4.16116e+06,1.45755e+07,0,431328,0,0
80.0034,85.1408,2.8818,0,0.14,3.36513,3.36513,0,0.630573,4.6872,4.54919e+06,3.11316e+06,1.53086e+07,0,455879,0,0,62.338,61.3098,4.28696,0,1,1.54183,1.54183,0,1.19112,1.90512,9.45415e+06,4.16116e+06,1.45767e+07,0,431365,0,0
79.1527,85.1408,2.65712,0,0.14,3.36541,3.36541,0,0.630626,4.6872,4.54919e+06,3.11316e+06,1.53099e+07,0,455917,0,0,62.338,61.3098,4.05662,0,1,1.54196,1.54196,0,1.19122,1.90512,9.45415e+06,4.16116e+06,1.45779e+07,0,431401,0,0
78.2396,85.1408,2.53328,0,0.14,3.3657,3.3657,0,0.630678,4.6872,4.54919e+06,3.11316e+06,1.53112e+07,0,455955,0,0,62.338,61.3098,4.07531,0,1,1.54209,1.54209,0,1.19132,1.90512,9.45415e+06,4.16116e+06,1.45792e+07,0,431437,0,0
77.1277,85.1408,2.30554,0,0.14,3.33583,3.33583,0,0.630731,4.6872,4.54919e+06,3.11316e+06,1.51753e+07,0,451909,0,0,62.338,61.3098,4.05423,0,1,1.5857,1.5857,0,1.19142,1.90512,9.45415e+06,4.16116e+06,1.49914e+07,0,443637,0,0
75.82,85.1408,2.08492,0,0.14,3.33611,3.33611,0,0.625135,4.6872,4.54919e+06,3.11316e+06,1.51766e+07,0,451947,0,0,62.338,61.3098,3.618,0,1,1.58583,1.58583,0,1.22511,1.90512,9.45415e+06,4.16116e+06,1.49927e+07,0,443674,0,0
74.4574,85.1408,1.97971,0.01,0.14,3.33639,3.33639,0,0.625187,4.6872,4.54919e+06,3.11316e+06,1.51779e+07,0,451985,0,0,62.338,61.3098,3.56595,0,1,1.58596,1.58596,0,1.22521,1.90512,9.45415e+06,4.16116e+06,1.49939e+07,0,443711,0,0
72.9024,85.1408,1.76099,0.02,0.14,3.33667,3.33667,0,0.625239,4.6872,4.54919e+06,3.11316e+06,1.51792e+07,0,452023,0,0,62.338,61.3098,3.42616,0,1,1.58609,1.58609,0,1.22531,1.90512,9.45415e+06,4.16116e+06,1.49952e+07,0,443748,0,0
71.2162,85.1408,1.68579,0.02,0.14,3.41483,3.41483,0,0.625292,4.6872,4.54919e+06,3.11316e+06,1.55347e+07,0,462611,0,0,62.338,61.3098,3.09105,0,1,1.62499,1.62499,0,1.22542,1.90512,9.45415e+06,4.16116e+06,1.53629e+07,0,454629,0,0
69.5067,85.1408,1.64713,0.02,0.14,3.41511,3.41511,0,0.639938,4.6872,4.54919e+06,3.11316e+06,1.5536e+07,0,462650,0,0,62.338,61.3098,3.19784,0,1,1.62512,1.62512,0,1.25547,1.90512,9.45415e+06,4.16116e+06,1.53642e+07,0,454667,0,0
67.7152,85.1408,1.53745,0.02,0.14,3.4154,3.4154,0,0.639992,4.6872,4.54919e+06,3.11316e+06,1.55373e+07,0,462688,0,0,62.2984,61.3098,3.03144,0,1,1.62526,1.62526,0,1.25557,1.90512,9.45415e+06,4.16116e+06,1.53655e+07,0,454706,0,0
65.8242,85.1408,1.41105,0.04,0.14,3.41568,3.41568,0,0.640046,4.6872,4.54919e+06,3.11316e+06,1.55386e+07,0,462727,0,0,62.2492,61.3098,2.84354,0,1,1.6254,1.6254,0,1.25568,1.90512,9.45415e+06,4.16116e+06,1.53667e+07,0,454744,0,0
64.0864,85.1408,1.59795,0.04,0.14,3.47979,3.64411,0,0.640099,4.6872,4.54919e+06,3.11316e+06,1.58302e+07,0,493672,0,0,62.2659,61.3098,3.55599,1,1,1.68588,1.76548,0,1.25578,1.90512,9.45415e+06,4.16116e+06,1.59385e+07,0,493936,0,0
62.0693,85.1408,1.30527,0.04,0.14,3.48008,3.64441,0,0.652113,4.6872,4.54919e+06,3.11316e+06,1.58316e+07,0,493713,0,0,61.9801,61.3098,2.45785,1,1,1.68602,1.76563,0,1.30251,1.90512,9.45415e+06,4.16116e+06,1.59399e+07,0,493978,0,0
60.3584,85.1408,1.57401,0.02,0.14,3.48037,3.64472,0,0.652168,4.6872,4.54919e+06,3.11316e+06,1.58329e+07,0,493755,0,0,62.1662,61.3098,4.29862,1,1,1.68616,1.76578,0,1.30262,1.90512,9.45415e+06,4.16116e+06,1.59412e+07,0,494019,0,0
58.3618,85.1408,1.25168,0.04,0.14,3.48067,3.64502,0,0.652222,4.6872,4.54919e+06,3.11316e+06,1.58342e+07,0,493796,0,0,62.0224,61.3098,2.94907,1,1,1.6863,1.76593,0,1.30273,1.90512,9.45415e+06,4.16116e+06,1.59425e+07,0,494061,0,0
56.3815,85.1408,1.2303,0.09,0.14,3.48096,3.64533,0,0.652277,4.6872,4.54919e+06,3.11316e+06,1.58356e+07,0,493837,0,0,61.8896,61.3098,3.02486,1,1,1.68644,1.76608,0,1.30284,1.90512,9.45415e+06,4.16116e+06,1.59439e+07,0,494102,0,0
54.6606,85.1408,1.5071,0.09,0.14,3.5344,3.5344,0,0.652331,4.6872,4.54919e+06,3.11316e+06,1.60787e+07,0,478810,0,0,62.0067,61.3098,4.60494,0,1,1.68124,1.68124,0,1.30294,1.90512,9.45415e+06,4.16116e+06,1.58947e+07,0,470368,0,0
52.19,85.1408,0.707375,0.07,0.14,3.5347,3.5347,0,0.662347,4.6872,4.54919e+06,3.11316e+06,1.608e+07,0,478850,0,0,61.6584,61.3098,2.41426,0,1,1.68138,1.68138,0,1.29893,1.90512,9.45415e+06,4.16116e+06,1.58961e+07,0,470407,0,0
49.8759,85.1408,0.862957,0.06,0.14,3.53499,3.53499,0,0.662402,4.6872,4.54919e+06,3.11316e+06,1.60814e+07,0,478890,0,0,61.4751,61.3098,2.6572,0,1,1.68152,1.68152,0,1.29904,1.90512,9.45415e+06,4.16116e+06,1.58974e+07,0,470447,0,0
48.9116,85.1408,2.3234,0.11,0.14,3.53529,3.53529,0,0.662458,4.6872,4.54919e+06,3.11316e+06,1.60827e+07,0,478930,0,0,61.8654,61.3098,6.00087,0,1,1.68167,1.68167,0,1.29915,1.90512,9.45415e+06,4.16116e+06,1.58987e+07,0,470486,0,0
46.6491,85.1408,0.872514,0.11,0.14,3.44425,3.44425,0,0.662513,4.6872,4.54919e+06,3.11316e+06,1.56686e+07,0,466597,0,0,61.7653,61.3098,2.49603,0,1,1.60443,1.60443,0,1.29925,1.90512,9.45415e+06,4.16116e+06,1.51685e+07,0,448877,0,0
45.2066,85.1408,1.74043,0.09,0.14,3.44454,3.44454,0,0.645453,4.6872,4.54919e+06,3.11316e+06,1.56699e+07,0,466636,0,0,61.7096,61.3098,2.59851,0,1,1.60456,1.60456,0,1.23958,1.90512,9.45415e+06,4.16116e+06,1.51698e+07,0,448914,0,0
44.5822,85.1408,2.62184,0.09,0.14,3.44483,3.44483,0,0.645507,4.6872,4.54919e+06,3.11316e+06,1.56712e+07,0,466676,0,0,62.0724,61.3098,3.43903,0,1,1.6047,1.6047,0,1.23968,1.90512,9.45415e+06,4.16116e+06,1.5171e+07,0,448952,0,0
44.4963,85.1408,3.34853,0.07,0.14,3.44512,3.44512,0,0.645561,4.6872,4.54919e+06,3.11316e+06,1.56725e+07,0,466715,0,0,62.338,61.3098,4.97698,0,1,1.60483,1.60483,0,1.23979,1.90512,9.45415e+06,4.16116e+06,1.51723e+07,0,448990,0,0
43.6307,85.1408,2.18227,0.08,0.14,3.18593,3.18593,0,0.645615,4.6872,4.54919e+06,3.11316e+06,1.44934e+07,0,431602,0,0,62.338,61.3098,3.3061,0,1,1.44375,1.44375,0,1.23989,1.90512,9.45415e+06,4.16116e+06,1.36494e+07,0,403924,0,0
43.2605,85.1408,2.65606,0.08,0.14,3.09559,3.1862,0,0.597043,4.6872,4.54919e+06,3.11316e+06,1.40825e+07,0,431638,0,0,62.338,61.3098,3.63686,0,1,1.53447,1.44387,0,1.11544,1.90512,9.45415e+06,4.16116e+06,1.45071e+07,0,403958,0,0
42.5424,85.1408,2.28278,0.08,0.14,3.09598,3.18646,0,0.580114,4.6872,4.54919e+06,3.11316e+06,1.40842e+07,0,431674,0,0,62.3257,61.3098,2.70385,0,1,1.53447,1.44399,0,1.18553,1.90512,9.45415e+06,4.16116e+06,1.45071e+07,0,403991,0,0
42.9216,85.1408,3.43258,0.18,0.14,3.09637,3.18673,0,0.580187,4.6872,4.54919e+06,3.11316e+06,1.4086e+07,0,431710,0,0,62.338,61.3098,4.77654,0,1,1.53447,1.44411,0,1.18553,1.90512,9.45415e+06,4.16116e+06,1.45071e+07,0,404025,0,0
43.724,85.1408,3.90751,0.1,0.14,3.09676,3.187,0,0.58026,4.6872,4.54919e+06,3.11316e+06,1.40877e+07,0,431746,0,0,62.338,61.3098,5.02099,0,1,1.53447,1.44423,0,1.18553,1.90512,9.45415e+06,4.16116e+06,1.45071e+07,0,404059,0,0
46.8773,85.1408,6.52965,0.1,0.14,3.19698,3.2871,0,0.580332,4.6872,4.54919e+06,3.11316e+06,1.45437e+07,0,445308,0,0,62.338,61.3098,8.2697,0,1,1.58117,1.49105,0,1.18553,1.90512,9.45415e+06,4.16116e+06,1.49486e+07,0,417157,0,0
49.5318,85.1408,6.00415,0.1,0.14,3.24405,3.28735,0,0.599114,4.6872,4.54919e+06,3.11316e+06,1.47578e+07,0,445341,0,0,62.338,61.3098,7.75738,0,1,1.53447,1.49116,0,1.22161,1.90512,9.45415e+06,4.16116e+06,1.45071e+07,0,417189,0,0
52.7053,85.1408,6.56967,0.11,0.14,3.24441,3.2876,0,0.607935,4.6872,4.54919e+06,3.11316e+06,1.47595e+07,0,445375,0,0,62.338,61.3098,11.1367,0,1,1.53447,1.49128,0,1.18553,1.90512,9.45415e+06,4.16116e+06,1.45071e+07,0,417221,0,0
54.6932,85.1408,5.32001,0.06,0.14,3.24478,3.28785,0,0.608003,4.6872,4.54919e+06,3.11316e+06,1.47611e+07,0,445409,0,0,62.338,61.3098,6.7606,0,1,1.53447,1.49139,0,1.18553,1.90512,9.45415e+06,4.16116e+06,1.45071e+07,0,417253,0,0
60.2283,85.1408,9.55752,0.06,0.14,3.56585,3.60881,0,0.608071,4.6872,4.54919e+06,3.11316e+06,1.62218e+07,0,488890,0,0,62.338,61.3098,12.8609,0,1,1.70983,1.66687,0,1.18553,1.90512,9.45415e+06,4.16116e+06,1.6165e+07,0,466348,0,0
63.6468,85.1408,7.34729,0.04,0.14,3.60909,3.60909,0,0.668241,4.6872,4.54919e+06,3.11316e+06,1.64184e+07,0,488928,0,0,62.338,61.3098,9.69389,0,1,1.667,1.667,0,1.32102,1.90512,9.45415e+06,4.16116e+06,1.57601e+07,0,466384,0,0
65.7643,85.1408,5.95616,0.04,0.14,3.60936,3.60936,0,0.676343,4.6872,4.54919e+06,3.11316e+06,1.64197e+07,0,488965,0,0,62.338,61.3098,6.94265,0,1,1.66713,1.66713,0,1.28793,1.90512,9.45415e+06,4.16116e+06,1.57613e+07,0,466419,0,0
67.2369,85.1408,5.27838,0.04,0.14,3.60964,3.60964,0,0.676394,4.6872,4.54919e+06,3.11316e+06,1.64209e+07,0,489002,0,0,62.338,61.3098,7.05977,0,1,1.66725,1.66725,0,1.28802,1.90512,9.45415e+06,4.16116e+06,1.57625e+07,0,466454,0,0
70.3074,85.1408,6.6138,0.04,0.14,3.15233,3.15233,0,0.676446,4.6872,4.54919e+06,3.11316e+06,1.43406e+07,0,427050,0,0,62.338,61.3098,9.56537,0,1,1.43196,1.43196,0,1.28812,1.90512,9.45415e+06,4.16116e+06,1.3538e+07,0,400626,0,0
71.8031,85.1408,5.03541,0.03,0.14,3.15257,3.15257,0,0.590747,4.6872,4.54919e+06,3.11316e+06,1.43417e+07,0,427083,0,0,62.338,61.3098,6.45156,0,1,1.43207,1.43207,0,1.10633,1.90512,9.45415e+06,4.16116e+06,1.3539e+07,0,400656,0,0
72.6989,85.1408,4.42412,0.03,0.14,3.15281,3.15281,0,0.590792,4.6872,4.54919e+06,3.11316e+06,1.43427e+07,0,427115,0,0,62.338,61.3098,6.58753,0,1,1.43218,1.43218,0,1.10642,1.90512,9.45415e+06,4.16116e+06,1.354e+07,0,400687,0,0
76.9502,85.1408,8.14333,0.02,0.14,3.15305,3.15305,0,0.590837,4.6872,4.54919e+06,3.11316e+06,1.43438e+07,0,427148,0,0,62.338,61.3098,11.1308,0,1,1.43229,1.43229,0,1.1065,1.90512,9.45415e+06,4.16116e+06,1.35411e+07,0,400717,0,0
80.1183,85.1408,6.98467,0.01,0.14,3.15329,3.15329,0,0.590882,4.6872,4.54919e+06,3.11316e+06,1.43449e+07,0,427180,0,0,62.338,61.3098,9.20933,0,1,1.4324,1.4324,0,1.10659,1.90512,9.45415e+06,4.16116e+06,1.35421e+07,0,400748,0,0
82.6083,85.1408,6.39572,0.01,0.14,3.26875,3.26875,0,0.590927,4.6872,4.54919e+06,3.11316e+06,1.48702e+07,0,442822,0,0,62.338,61.3098,9.14649,0,1,1.49012,1.49012,0,1.10667,1.90512,9.45415e+06,4.16116e+06,1.40878e+07,0,416897,0,0
83.4255,85.1408,4.56897,0,0.14,3.269,3.269,0,0.612564,4.6872,4.54919e+06,3.11316e+06,1.48713e+07,0,442856,0,0,62.338,61.3098,5.54026,0,1,1.49023,1.49023,0,1.15127,1.90512,9.45415e+06,4.16116e+06,1.40889e+07,0,416929,0,0
83.9162,85.1408,4.29571,0,0.14,3.26925,3.26925,0,0.612611,4.6872,4.54919e+06,3.11316e+06,1.48725e+07,0,442889,0,0,62.338,61.3098,5.92534,0,1,1.49035,1.49035,0,1.15135,1.90512,9.45415e+06,4.16116e+06,1.409e+07,0,416960,0,0
84.2082,85.1408,3.99357,0,0.14,3.2695,3.2695,0,0.612657,4.6872,4.54919e+06,3.11316e+06,1.48736e+07,0,442923,0,0,62.338,61.3098,6.11262,0,1,1.49046,1.49046,0,1.15144,1.90512,9.45415e+06,4.16116e+06,1.4091e+07,0,416992,0,0
83.9521,85.1408,3.37234,0,0.14,3.22468,3.22468,0,0.612704,4.6872,4.54919e+06,3.11316e+06,1.46697e+07,0,436852,0,0,62.338,61.3098,5.31521,0,1,1.46819,1.46819,0,1.15153,1.90512,9.45415e+06,4.16116e+06,1.38805e+07,0,410761,0,0
84.2387,85.1408,3.91904,0,0.14,3.22493,3.22493,0,0.604305,4.6872,4.54919e+06,3.11316e+06,1.46708e+07,0,436885,0,0,62.338,61.3098,5.58765,0,1,1.4683,1.4683,0,1.13432,1.90512,9.45415e+06,4.16116e+06,1.38815e+07,0,410793,0,0
83.9301,85.1408,3.30979,0,0.14,3.22517,3.22517,0,0.604351,4.6872,4.54919e+06,3.11316e+06,1.46719e+07,0,436918,0,0,62.338,61.3098,5.24696,0,1,1.46841,1.46841,0,1.13441,1.90512,9.45415e+06,4.16116e+06,1.38826e+07,0,410824,0,0
83.6124,85.1408,3.22045,0,0.14,3.22542,3.22542,0,0.604397,4.6872,4.54919e+06,3.11316e+06,1.4673e+07,0,436951,0,0,62.338,61.3098,5.21103,0,1,1.46853,1.46853,0,1.1345,1.90512,9.45415e+06,4.16116e+06,1.38837e+07,0,410855,0,0
83.0243,85.1408,3.04737,0,0.14,3.37868,3.37868,0,0.604443,4.6872,4.54919e+06,3.11316e+06,1.53703e+07,0,457714,0,0,62.338,61.3098,4.98118,0,1,1.54804,1.54804,0,1.13458,1.90512,9.45415e+06,4.16116e+06,1.46354e+07,0,433101,0,0
82.2236,85.1408,2.79618,0,0.14,3.37893,3.37893,0,0.633164,4.6872,4.54919e+06,3.11316e+06,1.53714e+07,0,457749,0,0,62.338,61.3098,4.54475,0,1,1.54816,1.54816,0,1.19601,1.90512,9.45415e+06,4.16116e+06,1.46365e+07,0,433134,0,0
81.2567,85.1408,2.58315,0,0.14,3.37919,3.37919,0,0.633212,4.6872,4.54919e+06,3.11316e+06,1.53726e+07,0,457783,0,0,62.338,61.3098,4.5755,0,1,1.54827,1.54827,0,1.19611,1.90512,9.45415e+06,4.16116e+06,1.46376e+07,0,433167,0,0
80.2221,85.1408,2.49914,0,0.14,3.37945,3.37945,0,0.633261,4.6872,4.54919e+06,3.11316e+06,1.53738e+07,0,457818,0,0,62.338,61.3098,4.53736,0,1,1.54839,1.54839,0,1.1962,1.90512,9.45415e+06,4.16116e+06,1.46387e+07,0,433200,0,0
79.3901,85.1408,2.69835,0,0.14,3.37971,3.37971,0,0.633309,4.6872,4.54919e+06,3.11316e+06,1.53749e+07,0,457853,0,0,62.338,61.3098,4.23647,0,1,1.54851,1.54851,0,1.19629,1.90512,9.45415e+06,4.16116e+06,1.46398e+07,0,433233,0,0
79.2672,85.1408,3.37448,0,0.14,3.34969,3.34969,0,0.633357,4.6872,4.54919e+06,3.11316e+06,1.52384e+07,0,453787,0,0,62.338,61.3098,4.31035,0,1,1.59228,1.59228,0,1.19638,1.90512,9.45415e+06,4.16116e+06,1.50537e+07,0,445480,0,0
79.0081,85.1408,3.17112,0,0.14,3.34994,3.34994,0,0.627732,4.6872,4.54919e+06,3.11316e+06,1.52395e+07,0,453821,0,0,62.338,61.3098,4.19856,0,1,1.59241,1.59241,0,1.2302,1.90512,9.45415e+06,4.16116e+06,1.50548e+07,0,445514,0,0
78.5354,85.1408,2.94138,0.01,0.14,3.3502,3.3502,0,0.62778,4.6872,4.54919e+06,3.11316e+06,1.52407e+07,0,453856,0,0,62.338,61.3098,4.23677,0,1,1.59253,1.59253,0,1.23029,1.90512,9.45415e+06,4.16116e+06,1.5056e+07,0,445547,0,0
77.8707,85.1408,2.73508,0.01,0.14,3.35045,3.35045,0,0.627827,4.6872,4.54919e+06,3.11316e+06,1.52419e+07,0,453890,0,0,62.338,61.3098,4.25699,0,1,1.59265,1.59265,0,1.23039,1.90512,9.45415e+06,4.16116e+06,1.50571e+07,0,445581,0,0
77.2948,85.1408,2.87545,0.01,0.14,3.42891,3.42891,0,0.627875,4.6872,4.54919e+06,3.11316e+06,1.55988e+07,0,464518,0,0,62.338,61.3098,3.94733,0,1,1.63169,1.63169,0,1.23048,1.90512,9.45415e+06,4.16116e+06,1.54262e+07,0,456504,0,0
76.6025,85.1408,2.74563,0.01,0.14,3.42917,3.42917,0,0.642577,4.6872,4.54919e+06,3.11316e+06,1.55999e+07,0,464554,0,0,62.338,61.3098,3.88142,0,1,1.63181,1.63181,0,1.26064,1.90512,9.45415e+06,4.16116e+06,1.54274e+07,0,456539,0,0
75.614,85.1408,2.43627,0.02,0.14,3.42943,3.42943,0,0.642626,4.6872,4.54919e+06,3.11316e+06,1.56011e+07,0,464589,0,0,62.338,61.3098,3.53837,0,1,1.63194,1.63194,0,1.26074,1.90512,9.45415e+06,4.16116e+06,1.54286e+07,0,456573,0,0
74.4208,85.1408,2.2075,0.02,0.14,3.42969,3.42969,0,0.642675,4.6872,4.54919e+06,3.11316e+06,1.56023e+07,0,464624,0,0,62.338,61.3098,3.45748,0,1,1.63206,1.63206,0,1.26083,1.90512,9.45415e+06,4.16116e+06,1.54297e+07,0,456608,0,0
73.2439,85.1408,2.25414,0.02,0.14,3.49403,3.65902,0,0.642724,4.6872,4.54919e+06,3.11316e+06,1.5895e+07,0,495692,0,0,62.338,61.3098,3.34843,1,1,1.69278,1.77271,0,1.26093,1.90512,9.45415e+06,4.16116e+06,1.60038e+07,0,495958,0,0
72.7925,85.1408,2.97273,0.02,0.14,3.4943,3.6593,0,0.654782,4.6872,4.54919e+06,3.11316e+06,1.58962e+07,0,495730,0,0,62.338,61.3098,3.56127,1,1,1.6929,1.77284,0,1.30784,1.90512,9.45415e+06,4.16116e+06,1.6005e+07,0,495996,0,0
71.8426,85.1408,2.50124,0.02,0.14,3.49456,3.65958,0,0.654831,4.6872,4.54919e+06,3.11316e+06,1.58974e+07,0,495768,0,0,62.338,61.3098,3.12967,1,1,1.69303,1.77298,0,1.30794,1.90512,9.45415e+06,4.16116e+06,1.60062e+07,0,496033,0,0
71.1501,85.1408,2.72766,0.02,0.14,3.49483,3.65986,0,0.654881,4.6872,4.54919e+06,3.11316e+06,1.58987e+07,0,495805,0,0,62.338,61.3098,4.16955,1,1,1.69316,1.77311,0,1.30804,1.90512,9.45415e+06,4.16116e+06,1.60074e+07,0,496071,0,0
70.3126,85.1408,2.58616,0.02,0.14,3.49509,3.66013,0,0.654931,4.6872,4.54919e+06,3.11316e+06,1.58999e+07,0,495843,0,0,62.338,61.3098,3.95356,1,1,1.69329,1.77325,0,1.30814,1.90512,9.45415e+06,4.16116e+06,1.60086e+07,0,496109,0,0
68.9095,85.1408,2.05762,0.02,0.14,3.54873,3.54873,0,0.654981,4.6872,4.54919e+06,3.11316e+06,1.61439e+07,0,480751,0,0,62.338,61.3098,2.70466,0,1,1.68806,1.68806,0,1.30824,1.90512,9.45415e+06,4.16116e+06,1.59591e+07,0,472274,0,0
68.2645,85.1408,2.8423,0.02,0.14,3.549,3.549,0,0.665032,4.6872,4.54919e+06,3.11316e+06,1.61451e+07,0,480787,0,0,62.338,61.3098,2.51366,0,1,1.68819,1.68819,0,1.30419,1.90512,9.45415e+06,4.16116e+06,1.59604e+07,0,472310,0,0
67.8473,85.1408,3.06428,0.02,0.14,3.54927,3.54927,0,0.665082,4.6872,4.54919e+06,3.11316e+06,1.61463e+07,0,480824,0,0,62.338,61.3098,4.10013,0,1,1.68831,1.68831,0,1.30429,1.90512,9.45415e+06,4.16116e+06,1.59616e+07,0,472346,0,0
68.9804,85.1408,4.65748,0.03,0.14,3.54954,3.54954,0,0.665133,4.6872,4.54919e+06,3.11316e+06,1.61475e+07,0,480860,0,0,62.338,61.3098,10.6645,0,1,1.68844,1.68844,0,1.30439,1.90512,9.45415e+06,4.16116e+06,1.59628e+07,0,472382,0,0
73.351,85.1408,7.99895,0.02,0.14,3.45811,3.45811,0,0.665183,4.6872,4.54919e+06,3.11316e+06,1.57316e+07,0,468474,0,0,62.338,61.3098,5.67154,0,1,1.61088,1.61088,0,1.30449,1.90512,9.45415e+06,4.16116e+06,1.52295e+07,0,450682,0,0
76.5707,85.1408,6.90478,0.02,0.14,3.45837,3.45837,0,0.648049,4.6872,4.54919e+06,3.11316e+06,1.57328e+07,0,468510,0,0,62.338,61.3098,4.95095,0,1,1.611,1.611,0,1.24457,1.90512,9.45415e+06,4.16116e+06,1.52307e+07,0,450716,0,0
80.9282,85.1408,8.12209,0.02,0.14,3.45863,3.45863,0,0.648098,4.6872,4.54919e+06,3.11316e+06,1.5734e+07,0,468545,0,0,62.338,61.3098,7.18799,0,1,1.61112,1.61112,0,1.24466,1.90512,9.45415e+06,4.16116e+06,1.52318e+07,0,450751,0,0
85.1408,85.1408,8.04118,0.01,0.14,3.45889,3.45889,0,0.648148,4.6872,4.54919e+06,3.11316e+06,1.57352e+07,0,468581,0,0,62.338,61.3098,6.31195,0,1,1.61125,1.61125,0,1.24475,1.90512,9.45415e+06,4.16116e+06,1.5233e+07,0,450785,0,0
85.1408,85.1408,5.50211,0,0.14,3.19864,3.19864,0,0.648197,4.6872,4.54919e+06,3.11316e+06,1.45512e+07,0,433324,0,0,62.338,61.3098,4.25102,0,1,1.44951,1.44951,0,1.24485,1.90512,9.45415e+06,4.16116e+06,1.37039e+07,0,405536,0,0
85.1408,85.1408,3.69405,0,0.14,3.19889,3.19889,0,0.599426,4.6872,4.54919e+06,3.11316e+06,1.45524e+07,0,433357,0,0,62.338,61.3098,4.41416,0,1,1.44962,1.44962,0,1.11989,1.90512,9.45415e+06,4.16116e+06,1.3705e+07,0,405567,0,0
85.1408,85.1408,6.05841,0,0.14,3.19913,3.19913,0,0.599471,4.6872,4.54919e+06,3.11316e+06,1.45535e+07,0,433390,0,0,62.338,61.3098,6.41062,0,1,1.44973,1.44973,0,1.11998,1.90512,9.45415e+06,4.16116e+06,1.3706e+07,0,405597,0,0
85.1408,85.1408,21.096,0,0.14,3.19937,3.19937,0,0.599517,4.6872,4.54919e+06,3.11316e+06,1.45546e+07,0,433423,0,0,62.338,61.3098,10.399,0,1,1.44984,1.44984,0,1.12006,1.90512,9.45415e+06,4.16116e+06,1.3707e+07,0,405628,0,0
85.1408,85.1408,18.8547,0,0.14,3.19962,3.19962,0,0.599562,4.6872,4.54919e+06,3.11316e+06,1.45557e+07,0,433456,0,0,62.338,61.3098,11.9778,0,1,1.44995,1.44995,0,1.12015,1.90512,9.45415e+06,4.16116e+06,1.37081e+07,0,405659,0,0
85.1408,85.1408,13.6347,0,0.14,3.30009,3.30009,0,0.599608,4.6872,4.54919e+06,3.11316e+06,1.50127e+07,0,447067,0,0,62.338,61.3098,8.32784,0,1,1.49694,1.49694,0,1.12023,1.90512,9.45415e+06,4.16116e+06,1.41523e+07,0,418806,0,0
85.1408,85.1408,16.7841,0,0.14,3.30032,3.30032,0,0.618437,4.6872,4.54919e+06,3.11316e+06,1.50138e+07,0,447098,0,0,62.338,61.3098,13.6505,0,1,1.49705,1.49705,0,1.15654,1.90512,9.45415e+06,4.16116e+06,1.41533e+07,0,418835,0,0
85.1408,85.1408,10.354,0,0.14,3.30054,3.30054,0,0.618479,4.6872,4.54919e+06,3.11316e+06,1.50148e+07,0,447128,0,0,62.338,61.3098,9.89951,0,1,1.49715,1.49715,0,1.15662,1.90512,9.45415e+06,4.16116e+06,1.41543e+07,0,418863,0,0
85.1408,85.1408,9.57431,0,0.14,3.30077,3.30077,0,0.618521,4.6872,4.54919e+06,3.11316e+06,1.50158e+07,0,447159,0,0,62.338,61.3098,5.88779,0,1,1.49725,1.49725,0,1.1567,1.90512,9.45415e+06,4.16116e+06,1.41552e+07,0,418892,0,0
85.1408,85.1408,8.90434,0,0.14,3.62296,3.62296,0,0.618564,4.6872,4.54919e+06,3.11316e+06,1.64816e+07,0,490807,0,0,62.338,61.3098,7.27997,0,1,1.67341,1.67341,0,1.15678,1.90512,9.45415e+06,4.16116e+06,1.58207e+07,0,468177,0,0
85.1408,85.1408,8.96691,0,0.14,3.62321,3.62321,0,0.678943,4.6872,4.54919e+06,3.11316e+06,1.64827e+07,0,490841,0,0,62.338,61.3098,8.37714,0,1,1.67352,1.67352,0,1.29288,1.90512,9.45415e+06,4.16116e+06,1.58218e+07,0,468209,0,0
85.1408,85.1408,9.01851,0,0.14,3.62346,3.62346,0,0.67899,4.6872,4.54919e+06,3.11316e+06,1.64838e+07,0,490875,0,0,62.338,61.3098,9.9316,0,1,1.67364,1.67364,0,1.29297,1.90512,9.45415e+06,4.16116e+06,1.58228e+07,0,468241,0,0
85.1408,85.1408,7.40413,0,0.14,3.62371,3.62371,0,0.679036,4.6872,4.54919e+06,3.11316e+06,1.64849e+07,0,490908,0,0,62.338,61.3098,8.18545,0,1,1.67375,1.67375,0,1.29305,1.90512,9.45415e+06,4.16116e+06,1.58239e+07,0,468273,0,0
85.1408,85.1408,9.29369,0,0.14,3.16459,3.16459,0,0.679083,4.6872,4.54919e+06,3.11316e+06,1.43964e+07,0,428712,0,0,62.338,61.3098,8.80481,0,1,1.43753,1.43753,0,1.29314,1.90512,9.45415e+06,4.16116e+06,1.35907e+07,0,402184,0,0
85.1408,85.1408,8.91098,0,0.14,3.16481,3.16481,0,0.593045,4.6872,4.54919e+06,3.11316e+06,1.43973e+07,0,428741,0,0,62.338,61.3098,7.8298,0,1,1.43763,1.43763,0,1.11064,1.90512,9.45415e+06,4.16116e+06,1.35916e+07,0,402212,0,0
85.1408,85.1408,9.01502,0,0.14,3.16503,3.16503,0,0.593086,4.6872,4.54919e+06,3.11316e+06,1.43983e+07,0,428770,0,0,62.338,61.3098,7.50517,0,1,1.43773,1.43773,0,1.11071,1.90512,9.45415e+06,4.16116e+06,1.35925e+07,0,402239,0,0
85.1408,85.1408,8.6566,0,0.14,3.16524,3.16524,0,0.593126,4.6872,4.54919e+06,3.11316e+06,1.43993e+07,0,428799,0,0,62.338,61.3098,7.16669,0,1,1.43783,1.43783,0,1.11079,1.90512,9.45415e+06,4.16116e+06,1.35934e+07,0,402267,0,0
85.1408,85.1408,7.44223,0,0.14,3.16546,3.16546,0,0.593167,4.6872,4.54919e+06,3.11316e+06,1.44003e+07,0,428829,0,0,62.338,61.3098,5.73319,0,1,1.43793,1.43793,0,1.11087,1.90512,9.45415e+06,4.16116e+06,1.35944e+07,0,402294,0,0
85.1408,85.1408,8.16106,0,0.14,3.28134,3.28134,0,0.593207,4.6872,4.54919e+06,3.11316e+06,1.49275e+07,0,444528,0,0,62.338,61.3098,6.2123,0,1,1.49586,1.49586,0,1.11094,1.90512,9.45415e+06,4.16116e+06,1.41421e+07,0,418503,0,0
85.1408,85.1408,9.51965,0,0.14,3.28157,3.28157,0,0.614924,4.6872,4.54919e+06,3.11316e+06,1.49285e+07,0,444558,0,0,62.338,61.3098,8.07677,0,1,1.49596,1.49596,0,1.1557,1.90512,9.45415e+06,4.16116e+06,1.41431e+07,0,418531,0,0
85.1408,85.1408,9.01281,0,0.14,3.28179,3.28179,0,0.614966,4.6872,4.54919e+06,3.11316e+06,1.49295e+07,0,444588,0,0,62.338,61.3098,8.53719,0,1,1.49606,1.49606,0,1.15578,1.90512,9.45415e+06,4.16116e+06,1.4144e+07,0,418560,0,0
85.1408,85.1408,6.82254,0,0.14,3.28202,3.28202,0,0.615008,4.6872,4.54919e+06,3.11316e+06,1.49305e+07,0,444619,0,0,62.338,61.3098,5.53927,0,1,1.49617,1.49617,0,1.15586,1.90512,9.45415e+06,4.16116e+06,1.4145e+07,0,418588,0,0
85.1408,85.1408,6.29493,0,0.14,3.237,3.237,0,0.61505,4.6872,4.54919e+06,3.11316e+06,1.47257e+07,0,438521,0,0,62.338,61.3098,3.84775,0,1,1.4738,1.4738,0,1.15594,1.90512,9.45415e+06,4.16116e+06,1.39335e+07,0,412331,0,0
85.1408,85.1408,5.74405,0,0.14,3.23722,3.23722,0,0.606614,4.6872,4.54919e+06,3.11316e+06,1.47268e+07,0,438551,0,0,62.338,61.3098,3.94851,0,1,1.4739,1.4739,0,1.13866,1.90512,9.45415e+06,4.16116e+06,1.39345e+07,0,412359,0,0
85.1408,85.1408,6.17314,0,0.14,3.23744,3.23744,0,0.606656,4.6872,4.54919e+06,3.11316e+06,1.47278e+07,0,438581,0,0,62.338,61.3098,5.14459,0,1,1.474,1.474,0,1.13874,1.90512,9.45415e+06,4.16116e+06,1.39354e+07,0,412387,0,0
85.1408,85.1408,5.33136,0,0.14,3.23767,3.23767,0,0.606697,4.6872,4.54919e+06,3.11316e+06,1.47288e+07,0,438611,0,0,62.338,61.3098,4.47933,0,1,1.4741,1.4741,0,1.13881,1.90512,9.45415e+06,4.16116e+06,1.39364e+07,0,412415,0,0
85.1408,85.1408,5.20289,0,0.14,3.39148,3.39148,0,0.606738,4.6872,4.54919e+06,3.11316e+06,1.54285e+07,0,459448,0,0,62.338,61.3098,4.23515,0,1,1.55391,1.55391,0,1.13889,1.90512,9.45415e+06,4.16116e+06,1.46909e+07,0,434742,0,0
85.1408,85.1408,5.15306,0,0.14,3.39171,3.39171,0,0.635564,4.6872,4.54919e+06,3.11316e+06,1.54296e+07,0,459480,0,0,62.338,61.3098,3.76016,0,1,1.55401,1.55401,0,1.20055,1.90512,9.45415e+06,4.16116e+06,1.46919e+07,0,434772,0,0
85.1408,85.1408,4.90287,0,0.14,3.39195,3.39195,0,0.635607,4.6872,4.54919e+06,3.11316e+06,1.54306e+07,0,459511,0,0,62.338,61.3098,3.53922,0,1,1.55412,1.55412,0,1.20063,1.90512,9.45415e+06,4.16116e+06,1.46929e+07,0,434802,0,0
85.1408,85.1408,4.73358,0,0.14,3.39218,3.39218,0,0.635651,4.6872,4.54919e+06,3.11316e+06,1.54317e+07,0,459543,0,0,62.338,61.3098,3.79161,0,1,1.55422,1.55422,0,1.20071,1.90512,9.45415e+06,4.16116e+06,1.46939e+07,0,434831,0,0
85.1408,85.1408,4.26282,0,0.14,3.39241,3.39241,0,0.635694,4.6872,4.54919e+06,3.11316e+06,1.54327e+07,0,459574,0,0,62.338,61.3098,3.43577,0,1,1.55433,1.55433,0,1.20079,1.90512,9.45415e+06,4.16116e+06,1.46949e+07,0,434861,0,0
85.1408,85.1408,3.53834,0,0.14,3.36225,3.36225,0,0.635737,4.6872,4.54919e+06,3.11316e+06,1.52955e+07,0,455489,0,0,62.338,61.3098,2.64488,0,1,1.59826,1.59826,0,1.20088,1.90512,9.45415e+06,4.16116e+06,1.51102e+07,0,447151,0,0
84.9948,85.1408,3.35191,0.01,0.14,3.36248,3.36248,0,0.630087,4.6872,4.54919e+06,3.11316e+06,1.52966e+07,0,455520,0,0,62.338,61.3098,2.51011,0,1,1.59837,1.59837,0,1.23481,1.90512,9.45415e+06,4.16116e+06,1.51112e+07,0,447181,0,0
84.7066,85.1408,3.19217,0.02,0.14,3.36271,3.36271,0,0.63013,4.6872,4.54919e+06,3.11316e+06,1.52976e+07,0,455551,0,0,62.338,61.3098,2.46118,0,1,1.59848,1.59848,0,1.2349,1.90512,9.45415e+06,4.16116e+06,1.51122e+07,0,447212,0,0
84.2635,85.1408,3.01238,0.02,0.14,3.36294,3.36294,0,0.630173,4.6872,4.54919e+06,3.11316e+06,1.52987e+07,0,455582,0,0,62.338,61.3098,2.4744,0,1,1.59858,1.59858,0,1.23498,1.90512,9.45415e+06,4.16116e+06,1.51133e+07,0,447242,0,0
83.8469,85.1408,3.09992,0.02,0.14,3.44166,3.44166,0,0.630216,4.6872,4.54919e+06,3.11316e+06,1.56568e+07,0,466246,0,0,62.1717,61.3098,2.24799,0,1,1.63776,1.63776,0,1.23507,1.90512,9.45415e+06,4.16116e+06,1.54836e+07,0,458202,0,0
83.2734,85.1408,2.92715,0.02,0.14,3.4419,3.4419,0,0.644968,4.6872,4.54919e+06,3.11316e+06,1.56579e+07,0,466278,0,0,61.9099,61.3098,2.10243,0,1,1.63787,1.63787,0,1.26533,1.90512,9.45415e+06,4.16116e+06,1.54847e+07,0,458234,0,0
82.4403,85.1408,2.65551,0.02,0.14,3.44213,3.44213,0,0.645012,4.6872,4.54919e+06,3.11316e+06,1.56589e+07,0,466310,0,0,61.6189,61.3098,1.92618,0,1,1.63798,1.63798,0,1.26542,1.90512,9.45415e+06,4.16116e+06,1.54857e+07,0,458265,0,0
81.3108,85.1408,2.33269,0.02,0.14,3.44237,3.44237,0,0.645056,4.6872,4.54919e+06,3.11316e+06,1.566e+07,0,466342,0,0,61.2018,61.3098,1.90105,0,1,1.63809,1.63809,0,1.26551,1.90512,9.45415e+06,4.16116e+06,1.54868e+07,0,458296,0,0
79.5887,85.1408,1.77962,0.02,0.14,3.50692,3.67252,0,0.6451,4.6872,4.54919e+06,3.11316e+06,1.59537e+07,0,497521,0,0,60.3586,61.3098,1.70786,1,1,1.69902,1.77925,0,1.26559,1.90512,9.45415e+06,4.16116e+06,1.60628e+07,0,497788,0,0
77.2377,85.1408,1.11147,0.02,0.14,3.50716,3.67277,0,0.657197,4.6872,4.54919e+06,3.11316e+06,1.59548e+07,0,497555,0,0,59.3633,61.3098,1.22232,1,1,1.69914,1.77937,0,1.31266,1.90512,9.45415e+06,4.16116e+06,1.60639e+07,0,497822,0,0
74.9958,85.1408,1.19887,0.02,0.14,3.5074,3.67302,0,0.657242,4.6872,4.54919e+06,3.11316e+06,1.59558e+07,0,497589,0,0,58.5616,61.3098,1.23318,1,1,1.69925,1.77949,0,1.31275,1.90512,9.45415e+06,4.16116e+06,1.6065e+07,0,497856,0,0
73.3779,85.1408,1.85606,0.03,0.14,3.50764,3.67327,0,0.657287,4.6872,4.54919e+06,3.11316e+06,1.59569e+07,0,497623,0,0,57.875,61.3098,1.47991,1,1,1.69937,1.77961,0,1.31284,1.90512,9.45415e+06,4.16116e+06,1.60661e+07,0,497890,0,0
72.3945,85.1408,2.50551,0.03,0.14,3.50788,3.67352,0,0.657332,4.6872,4.54919e+06,3.11316e+06,1.5958e+07,0,497657,0,0,57.1288,61.3098,1.63698,1,1,1.69948,1.77974,0,1.31293,1.90512,9.45415e+06,4.16116e+06,1.60672e+07,0,497924,0,0
70.47,85.1408,1.57321,0.03,0.14,3.56168,3.56168,0,0.657377,4.6872,4.54919e+06,3.11316e+06,1.62028e+07,0,482506,0,0,56.8723,61.3098,1.48525,0,1,1.69422,1.69422,0,1.31302,1.90512,9.45415e+06,4.16116e+06,1.60174e+07,0,473999,0,0
68.2996,85.1408,1.30557,0.03,0.14,3.56193,3.56193,0,0.66746,4.6872,4.54919e+06,3.11316e+06,1.62039e+07,0,482539,0,0,56.3592,61.3098,2.32758,0,1,1.69434,1.69434,0,1.30895,1.90512,9.45415e+06,4.16116e+06,1.60185e+07,0,474031,0,0
65.9432,85.1408,1.09332,0.03,0.14,3.56217,3.56217,0,0.667505,4.6872,4.54919e+06,3.11316e+06,1.6205e+07,0,482572,0,0,55.5052,61.3098,1.22383,0,1,1.69445,1.69445,0,1.30904,1.90512,9.45415e+06,4.16116e+06,1.60196e+07,0,474063,0,0
64.0099,85.1408,1.55221,0.05,0.14,3.56241,3.56241,0,0.667551,4.6872,4.54919e+06,3.11316e+06,1.62061e+07,0,482605,0,0,55.1293,61.3098,1.43099,0,1,1.69457,1.69457,0,1.30913,1.90512,9.45415e+06,4.16116e+06,1.60207e+07,0,474096,0,0
62.1814,85.1408,1.60341,0.05,0.14,3.47062,3.47062,0,0.667596,4.6872,4.54919e+06,3.11316e+06,1.57885e+07,0,470170,0,0,55.0768,61.3098,2.03683,0,1,1.61671,1.61671,0,1.30922,1.90512,9.45415e+06,4.16116e+06,1.52846e+07,0,452314,0,0
60.0744,85.1408,1.29731,0.04,0.14,3.47086,3.47086,0,0.650395,4.6872,4.54919e+06,3.11316e+06,1.57896e+07,0,470202,0,0,54.5028,61.3098,1.72774,0,1,1.61682,1.61682,0,1.24907,1.90512,9.45415e+06,4.16116e+06,1.52857e+07,0,452344,0,0
57.7655,85.1408,1.07757,0.04,0.14,3.4711,3.4711,0,0.650439,4.6872,4.54919e+06,3.11316e+06,1.57907e+07,0,470234,0,0,54.205,61.3098,1.24282,0,1,1.61693,1.61693,0,1.24916,1.90512,9.45415e+06,4.16116e+06,1.52867e+07,0,452375,0,0
55.9938,85.1408,1.62652,0.07,0.14,3.47134,3.47134,0,0.650484,4.6872,4.54919e+06,3.11316e+06,1.57918e+07,0,470266,0,0,54.5808,61.3098,3.37037,0,1,1.61704,1.61704,0,1.24924,1.90512,9.45415e+06,4.16116e+06,1.52878e+07,0,452406,0,0
56.5439,85.1408,3.94792,0.06,0.14,3.21012,3.21012,0,0.650528,4.6872,4.54919e+06,3.11316e+06,1.46035e+07,0,434879,0,0,56.3832,61.3098,5.89108,0,1,1.45471,1.45471,0,1.24933,1.90512,9.45415e+06,4.16116e+06,1.37531e+07,0,406991,0,0
55.911,85.1408,2.56817,0.06,0.14,3.13071,3.21034,0,0.601577,4.6872,4.54919e+06,3.11316e+06,1.42422e+07,0,434909,0,0,56.8195,61.3098,2.7458,0,1,1.53445,1.45481,0,1.12391,1.90512,9.45415e+06,4.16116e+06,1.45069e+07,0,407019,0,0
55.7489,85.1408,3.04026,0.06,0.14,3.13102,3.21056,0,0.586694,4.6872,4.54919e+06,3.11316e+06,1.42436e+07,0,434939,0,0,57.6221,61.3098,3.6514,0,1,1.53445,1.45491,0,1.18552,1.90512,9.45415e+06,4.16116e+06,1.45069e+07,0,407047,0,0
55.629,85.1408,3.12688,0.06,0.14,3.13134,3.21078,0,0.586754,4.6872,4.54919e+06,3.11316e+06,1.42451e+07,0,434969,0,0,58.781,61.3098,4.30445,0,1,1.53445,1.45501,0,1.18552,1.90512,9.45415e+06,4.16116e+06,1.45069e+07,0,407075,0,0
57.0246,85.1408,4.66709,0.08,0.14,3.13166,3.211,0,0.586814,4.6872,4.54919e+06,3.11316e+06,1.42465e+07,0,434998,0,0,60.3054,61.3098,4.81039,0,1,1.53445,1.45511,0,1.18552,1.90512,9.45415e+06,4.16116e+06,1.45069e+07,0,407102,0,0
60.0214,85.1408,6.35194,0.09,0.14,3.23257,3.31181,0,0.586873,4.6872,4.54919e+06,3.11316e+06,1.47056e+07,0,448655,0,0,62.338,61.3098,7.97626,0,1,1.5815,1.50226,0,1.18552,1.90512,9.45415e+06,4.16116e+06,1.49517e+07,0,420293,0,0
60.8872,85.1408,4.2964,0.05,0.14,3.31201,3.31201,0,0.605783,4.6872,4.54919e+06,3.11316e+06,1.5067e+07,0,448682,0,0,62.338,61.3098,4.98364,0,1,1.50235,1.50235,0,1.22187,1.90512,9.45415e+06,4.16116e+06,1.42034e+07,0,420318,0,0
60.8717,85.1408,3.41714,0.05,0.14,3.31221,3.31221,0,0.62067,4.6872,4.54919e+06,3.11316e+06,1.50679e+07,0,448709,0,0,62.338,61.3098,4.13014,0,1,1.50244,1.50244,0,1.16072,1.90512,9.45415e+06,4.16116e+06,1.42043e+07,0,420344,0,0
60.6789,85.1408,3.18165,0.05,0.14,3.31241,3.31241,0,0.620708,4.6872,4.54919e+06,3.11316e+06,1.50688e+07,0,448736,0,0,62.338,61.3098,3.5314,0,1,1.50253,1.50253,0,1.16079,1.90512,9.45415e+06,4.16116e+06,1.42052e+07,0,420369,0,0
59.8411,85.1408,2.80244,0.05,0.14,3.63571,3.63571,0,0.620745,4.6872,4.54919e+06,3.11316e+06,1.65396e+07,0,492535,0,0,62.338,61.3098,4.83245,0,1,1.6793,1.6793,0,1.16086,1.90512,9.45415e+06,4.16116e+06,1.58764e+07,0,469824,0,0
59.2274,85.1408,2.96319,0.05,0.14,3.63593,3.63593,0,0.681333,4.6872,4.54919e+06,3.11316e+06,1.65406e+07,0,492565,0,0,62.338,61.3098,4.09039,0,1,1.6794,1.6794,0,1.29743,1.90512,9.45415e+06,4.16116e+06,1.58773e+07,0,469853,0,0
60.2161,85.1408,4.58086,0.1,0.14,3.63616,3.63616,0,0.681374,4.6872,4.54919e+06,3.11316e+06,1.65416e+07,0,492595,0,0,62.338,61.3098,4.37895,0,1,1.6795,1.6795,0,1.29751,1.90512,9.45415e+06,4.16116e+06,1.58783e+07,0,469881,0,0
60.8404,85.1408,4.24304,0.06,0.14,3.63638,3.63638,0,0.681416,4.6872,4.54919e+06,3.11316e+06,1.65426e+07,0,492624,0,0,62.338,61.3098,5.42992,0,1,1.67961,1.67961,0,1.29758,1.90512,9.45415e+06,4.16116e+06,1.58792e+07,0,469910,0,0
63.2927,85.1408,5.82984,0.06,0.14,3.17563,3.17563,0,0.681457,4.6872,4.54919e+06,3.11316e+06,1.44466e+07,0,430207,0,0,62.338,61.3098,9.35079,0,1,1.44255,1.44255,0,1.29766,1.90512,9.45415e+06,4.16116e+06,1.36381e+07,0,403587,0,0
68.1158,85.1408,8.22,0.06,0.14,3.08402,3.17583,0,0.595114,4.6872,4.54919e+06,3.11316e+06,1.40298e+07,0,430233,0,0,62.338,61.3098,11.9729,0,1,1.53444,1.44264,0,1.11451,1.90512,9.45415e+06,4.16116e+06,1.45068e+07,0,403612,0,0
71.4022,85.1408,6.77669,0.04,0.14,3.17602,3.17602,0,0.577946,4.6872,4.54919e+06,3.11316e+06,1.44483e+07,0,430259,0,0,62.338,61.3098,11.0089,0,1,1.44272,1.44272,0,1.18551,1.90512,9.45415e+06,4.16116e+06,1.36397e+07,0,403636,0,0
78.1708,85.1408,10.5188,0.04,0.14,3.17621,3.17621,0,0.595186,4.6872,4.54919e+06,3.11316e+06,1.44492e+07,0,430285,0,0,62.338,61.3098,16.7384,0,1,1.44281,1.44281,0,1.11465,1.90512,9.45415e+06,4.16116e+06,1.36405e+07,0,403661,0,0
85.1408,85.1408,11.4655,0.01,0.14,3.1764,3.1764,0,0.595222,4.6872,4.54919e+06,3.11316e+06,1.44501e+07,0,430312,0,0,62.338,61.3098,16.9259,0,1,1.4429,1.4429,0,1.11472,1.90512,9.45415e+06,4.16116e+06,1.36414e+07,0,403685,0,0
85.1408,85.1408,7.80483,0,0.14,3.29266,3.29266,0,0.595258,4.6872,4.54919e+06,3.11316e+06,1.4979e+07,0,446061,0,0,62.338,61.3098,12.9484,0,1,1.50102,1.50102,0,1.11478,1.90512,9.45415e+06,4.16116e+06,1.41909e+07,0,419947,0,0
85.1408,85.1408,6.65392,0,0.14,3.29286,3.29286,0,0.617045,4.6872,4.54919e+06,3.11316e+06,1.49799e+07,0,446088,0,0,62.338,61.3098,13.4008,0,1,1.50111,1.50111,0,1.15969,1.90512,9.45415e+06,4.16116e+06,1.41917e+07,0,419972,0,0
85.1408,85.1408,7.40531,0,0.14,3.29306,3.29306,0,0.617083,4.6872,4.54919e+06,3.11316e+06,1.49808e+07,0,446115,0,0,62.338,61.3098,14.1016,0,1,1.5012,1.5012,0,1.15976,1.90512,9.45415e+06,4.16116e+06,1.41926e+07,0,419997,0,0
85.1408,85.1408,6.13783,0,0.14,3.29326,3.29326,0,0.61712,4.6872,4.54919e+06,3.11316e+06,1.49817e+07,0,446142,0,0,62.338,61.3098,13.0562,0,1,1.50129,1.50129,0,1.15983,1.90512,9.45415e+06,4.16116e+06,1.41935e+07,0,420023,0,0
85.1408,85.1408,5.69521,0,0.14,3.24807,3.24807,0,0.617157,4.6872,4.54919e+06,3.11316e+06,1.47761e+07,0,440020,0,0,62.338,61.3098,7.94432,0,1,1.47884,1.47884,0,1.1599,1.90512,9.45415e+06,4.16116e+06,1.39812e+07,0,413741,0,0
85.1408,85.1408,4.86358,0,0.14,3.24827,3.24827,0,0.608688,4.6872,4.54919e+06,3.11316e+06,1.4777e+07,0,440047,0,0,62.338,61.3098,5.62117,0,1,1.47893,1.47893,0,1.14255,1.90512,9.45415e+06,4.16116e+06,1.3982e+07,0,413766,0,0
85.1408,85.1408,4.03668,0,0.14,3.24846,3.24846,0,0.608725,4.6872,4.54919e+06,3.11316e+06,1.47779e+07,0,440073,0,0,62.338,61.3098,5.13996,0,1,1.47902,1.47902,0,1.14262,1.90512,9.45415e+06,4.16116e+06,1.39829e+07,0,413791,0,0
85.1408,85.1408,3.65544,0,0.14,3.24866,3.24866,0,0.608762,4.6872,4.54919e+06,3.11316e+06,1.47788e+07,0,440100,0,0,62.338,61.3098,4.08415,0,1,1.47911,1.47911,0,1.14269,1.90512,9.45415e+06,4.16116e+06,1.39837e+07,0,413816,0,0
85.1408,85.1408,4.40364,0,0.14,3.40297,3.40297,0,0.608799,4.6872,4.54919e+06,3.11316e+06,1.54808e+07,0,461005,0,0,62.338,61.3098,4.50913,0,1,1.55917,1.55917,0,1.14276,1.90512,9.45415e+06,4.16116e+06,1.47406e+07,0,436215,0,0
84.9791,85.1408,3.3943,0,0.14,3.40318,3.40318,0,0.637717,4.6872,4.54919e+06,3.11316e+06,1.54817e+07,0,461033,0,0,62.338,61.3098,3.69306,0,1,1.55927,1.55927,0,1.20462,1.90512,9.45415e+06,4.16116e+06,1.47415e+07,0,436242,0,0
84.6378,85.1408,3.18779,0.01,0.14,3.40339,3.40339,0,0.637756,4.6872,4.54919e+06,3.11316e+06,1.54827e+07,0,461061,0,0,62.338,61.3098,3.75494,0,1,1.55936,1.55936,0,1.20469,1.90512,9.45415e+06,4.16116e+06,1.47424e+07,0,436268,0,0
84.1792,85.1408,3.06097,0.01,0.14,3.40359,3.40359,0,0.637795,4.6872,4.54919e+06,3.11316e+06,1.54836e+07,0,461089,0,0,62.338,61.3098,3.66453,0,1,1.55945,1.55945,0,1.20476,1.90512,9.45415e+06,4.16116e+06,1.47433e+07,0,436295,0,0
83.5385,85.1408,2.86814,0.01,0.14,3.4038,3.4038,0,0.637833,4.6872,4.54919e+06,3.11316e+06,1.54845e+07,0,461117,0,0,62.338,61.3098,3.4132,0,1,1.55955,1.55955,0,1.20483,1.90512,9.45415e+06,4.16116e+06,1.47442e+07,0,436321,0,0
82.4152,85.1408,2.34495,0.02,0.14,3.37352,3.37352,0,0.637872,4.6872,4.54919e+06,3.11316e+06,1.53468e+07,0,457015,0,0,62.338,61.3098,3.29956,0,1,1.60361,1.60361,0,1.20491,1.90512,9.45415e+06,4.16116e+06,1.51608e+07,0,448649,0,0
81.2007,85.1408,2.2109,0.02,0.14,3.37372,3.37372,0,0.632197,4.6872,4.54919e+06,3.11316e+06,1.53477e+07,0,457042,0,0,62.338,61.3098,3.1392,0,1,1.60371,1.60371,0,1.23895,1.90512,9.45415e+06,4.16116e+06,1.51617e+07,0,448676,0,0
79.8919,85.1408,2.09723,0.02,0.14,3.37393,3.37393,0,0.632236,4.6872,4.54919e+06,3.11316e+06,1.53486e+07,0,457070,0,0,62.338,61.3098,3.01643,0,1,1.60381,1.60381,0,1.23903,1.90512,9.45415e+06,4.16116e+06,1.51626e+07,0,448703,0,0
78.4463,85.1408,1.94419,0.02,0.14,3.37413,3.37413,0,0.632274,4.6872,4.54919e+06,3.11316e+06,1.53496e+07,0,457098,0,0,62.333,61.3098,2.80498,0,1,1.6039,1.6039,0,1.2391,1.90512,9.45415e+06,4.16116e+06,1.51635e+07,0,448730,0,0
76.9874,85.1408,1.97221,0.02,0.14,3.45309,3.45309,0,0.632312,4.6872,4.54919e+06,3.11316e+06,1.57088e+07,0,467794,0,0,62.2068,61.3098,2.742,0,1,1.64319,1.64319,0,1.23918,1.90512,9.45415e+06,4.16116e+06,1.5535e+07,0,459723,0,0
75.4292,85.1408,1.85077,0.02,0.14,3.4533,3.4533,0,0.647108,4.6872,4.54919e+06,3.11316e+06,1.57097e+07,0,467822,0,0,62.0514,61.3098,2.64913,0,1,1.64329,1.64329,0,1.26953,1.90512,9.45415e+06,4.16116e+06,1.5536e+07,0,459751,0,0
73.7444,85.1408,1.70627,0.04,0.14,3.45351,3.45351,0,0.647148,4.6872,4.54919e+06,3.11316e+06,1.57107e+07,0,467851,0,0,61.8808,61.3098,2.53666,0,1,1.64339,1.64339,0,1.26961,1.90512,9.45415e+06,4.16116e+06,1.55369e+07,0,459779,0,0
71.8151,85.1408,1.42655,0.05,0.14,3.45371,3.45371,0,0.647187,4.6872,4.54919e+06,3.11316e+06,1.57116e+07,0,467879,0,0,61.7015,61.3098,2.52172,0,1,1.64349,1.64349,0,1.26969,1.90512,9.45415e+06,4.16116e+06,1.55378e+07,0,459807,0,0
69.6957,85.1408,1.2805,0.05,0.14,3.51845,3.6846,0,0.647226,4.6872,4.54919e+06,3.11316e+06,1.60061e+07,0,499157,0,0,61.4247,61.3098,2.38809,1,1,1.70461,1.7851,0,1.26976,1.90512,9.45415e+06,4.16116e+06,1.61156e+07,0,499424,0,0
67.5404,85.1408,1.23336,0.03,0.14,3.51867,3.68482,0,0.659358,4.6872,4.54919e+06,3.11316e+06,1.60071e+07,0,499187,0,0,61.1153,61.3098,2.22544,1,1,1.70471,1.78521,0,1.31698,1.90512,9.45415e+06,4.16116e+06,1.61166e+07,0,499455,0,0
65.2871,85.1408,1.10552,0.09,0.14,3.51888,3.68504,0,0.659398,4.6872,4.54919e+06,3.11316e+06,1.60081e+07,0,499217,0,0,60.7471,61.3098,2.06279,1,1,1.70481,1.78532,0,1.31706,1.90512,9.45415e+06,4.16116e+06,1.61176e+07,0,499485,0,0
63.2641,85.1408,1.31319,0.08,0.14,3.51909,3.68527,0,0.659438,4.6872,4.54919e+06,3.11316e+06,1.6009e+07,0,499248,0,0,60.4223,61.3098,2.23347,1,1,1.70492,1.78542,0,1.31714,1.90512,9.45415e+06,4.16116e+06,1.61185e+07,0,499515,0,0
62.1308,85.1408,2.24236,0.08,0.14,3.51931,3.68549,0,0.659478,4.6872,4.54919e+06,3.11316e+06,1.601e+07,0,499278,0,0,60.2792,61.3098,2.67553,1,1,1.70502,1.78553,0,1.31722,1.90512,9.45415e+06,4.16116e+06,1.61195e+07,0,499545,0,0
60.6689,85.1408,1.96147,0.08,0.14,3.57326,3.57326,0,0.659518,4.6872,4.54919e+06,3.11316e+06,1.62554e+07,0,484074,0,0,60.1818,61.3098,2.4669,0,1,1.69973,1.69973,0,1.3173,1.90512,9.45415e+06,4.16116e+06,1.60695e+07,0,475539,0,0
59.9142,85.1408,2.63502,0.08,0.14,3.57347,3.57347,0,0.669629,4.6872,4.54919e+06,3.11316e+06,1.62564e+07,0,484103,0,0,60.4293,61.3098,3.91557,0,1,1.69983,1.69983,0,1.31321,1.90512,9.45415e+06,4.16116e+06,1.60704e+07,0,475568,0,0
58.0228,85.1408,1.51366,0.07,0.14,3.57369,3.57369,0,0.669669,4.6872,4.54919e+06,3.11316e+06,1.62574e+07,0,484132,0,0,60.2542,61.3098,2.63978,0,1,1.69993,1.69993,0,1.31329,1.90512,9.45415e+06,4.16116e+06,1.60714e+07,0,475597,0,0
56.0581,85.1408,1.36364,0.11,0.14,3.57391,3.57391,0,0.66971,4.6872,4.54919e+06,3.11316e+06,1.62584e+07,0,484162,0,0,60.091,61.3098,2.21972,0,1,1.70003,1.70003,0,1.31337,1.90512,9.45415e+06,4.16116e+06,1.60724e+07,0,475625,0,0
54.3225,85.1408,1.62893,0.1,0.14,3.4818,3.4818,0,0.66975,4.6872,4.54919e+06,3.11316e+06,1.58394e+07,0,471683,0,0,60.1203,61.3098,2.62091,0,1,1.62191,1.62191,0,1.31345,1.90512,9.45415e+06,4.16116e+06,1.53338e+07,0,453769,0,0
52.4745,85.1408,1.48193,0.09,0.14,3.48201,3.48201,0,0.652489,4.6872,4.54919e+06,3.11316e+06,1.58403e+07,0,471712,0,0,60.1969,61.3098,2.70635,0,1,1.62201,1.62201,0,1.25309,1.90512,9.45415e+06,4.16116e+06,1.53348e+07,0,453797,0,0
53.7497,85.1408,4.6396,0.08,0.14,3.48222,3.48222,0,0.652528,4.6872,4.54919e+06,3.11316e+06,1.58413e+07,0,471740,0,0,60.7095,61.3098,3.82687,0,1,1.62211,1.62211,0,1.25317,1.90512,9.45415e+06,4.16116e+06,1.53357e+07,0,453824,0,0
56.4265,85.1408,6.18246,0.07,0.14,3.48243,3.48243,0,0.652568,4.6872,4.54919e+06,3.11316e+06,1.58422e+07,0,471769,0,0,61.8494,61.3098,5.28689,0,1,1.62221,1.62221,0,1.25324,1.90512,9.45415e+06,4.16116e+06,1.53366e+07,0,453852,0,0
56.6384,85.1408,3.48317,0.06,0.14,3.22036,3.22036,0,0.652607,4.6872,4.54919e+06,3.11316e+06,1.465e+07,0,436266,0,0,62.338,61.3098,3.39581,0,1,1.45935,1.45935,0,1.25332,1.90512,9.45415e+06,4.16116e+06,1.37969e+07,0,408289,0,0
57.8479,85.1408,4.50409,0.06,0.14,3.14555,3.22055,0,0.603495,4.6872,4.54919e+06,3.11316e+06,1.43097e+07,0,436292,0,0,62.338,61.3098,3.29568,0,1,1.53444,1.45944,0,1.1275,1.90512,9.45415e+06,4.16116e+06,1.45068e+07,0,408314,0,0
60.1318,85.1408,5.67387,0.06,0.14,3.14584,3.22075,0,0.589477,4.6872,4.54919e+06,3.11316e+06,1.4311e+07,0,436319,0,0,62.338,61.3098,3.70331,0,1,1.53444,1.45953,0,1.18551,1.90512,9.45415e+06,4.16116e+06,1.45068e+07,0,408338,0,0
62.2031,85.1408,5.64682,0.04,0.14,3.22094,3.22094,0,0.58953,4.6872,4.54919e+06,3.11316e+06,1.46527e+07,0,436345,0,0,62.338,61.3098,4.05218,0,1,1.45962,1.45962,0,1.18551,1.90512,9.45415e+06,4.16116e+06,1.37994e+07,0,408363,0,0
68.4859,85.1408,10.0587,0.04,0.14,3.22114,3.22114,0,0.603605,4.6872,4.54919e+06,3.11316e+06,1.46536e+07,0,436372,0,0,62.338,61.3098,9.18904,0,1,1.45971,1.45971,0,1.1277,1.90512,9.45415e+06,4.16116e+06,1.38003e+07,0,408388,0,0
70.2351,85.1408,5.40952,0.03,0.14,3.22114,3.22114,0,0.603641,4.6872,4.54919e+06,3.11316e+06,1.46536e+07,0,436372,0,0,62.338,61.3098,3.89552,0,1,1.45971,1.45971,0,1.12777,1.90512,9.45415e+06,4.16116e+06,1.38003e+07,0,408388,0,0
71.8319,85.1408,5.35228,0.04,0.16,3.32224,3.32224,0,0.603641,4.6872,4.54919e+06,3.11316e+06,1.51135e+07,0,450068,0,0,62.338,61.3098,4.37416,0,1,1.50699,1.50699,0,1.12777,1.90512,9.45415e+06,4.16116e+06,1.42473e+07,0,421617,0,0
73.6592,85.1408,5.76628,0.04,0.16,3.32241,3.32241,0,0.622587,4.6872,4.54919e+06,3.11316e+06,1.51143e+07,0,450092,0,0,62.338,61.3098,4.63232,0,1,1.50707,1.50707,0,1.1643,1.90512,9.45415e+06,4.16116e+06,1.42481e+07,0,421639,0,0
75.8992,85.1408,6.186,0.04,0.16,3.32259,3.32259,0,0.62262,4.6872,4.54919e+06,3.11316e+06,1.51151e+07,0,450115,0,0,62.338,61.3098,4.98525,0,1,1.50715,1.50715,0,1.16436,1.90512,9.45415e+06,4.16116e+06,1.42488e+07,0,421661,0,0
81.4131,85.1408,9.56928,0.04,0.16,3.32277,3.32277,0,0.622653,4.6872,4.54919e+06,3.11316e+06,1.51159e+07,0,450139,0,0,62.338,61.3098,6.75046,0,1,1.50723,1.50723,0,1.16442,1.90512,9.45415e+06,4.16116e+06,1.42496e+07,0,421684,0,0
81.4376,85.1408,4.1613,0.03,0.16,3.64705,3.64705,0,0.622686,4.6872,4.54919e+06,3.11316e+06,1.65912e+07,0,494071,0,0,62.338,61.3098,3.67729,0,1,1.68454,1.68454,0,1.16449,1.90512,9.45415e+06,4.16116e+06,1.59259e+07,0,471290,0,0
81.983,85.1408,4.62808,0.02,0.16,3.64725,3.64725,0,0.683458,4.6872,4.54919e+06,3.11316e+06,1.6592e+07,0,494097,0,0,62.338,61.3098,3.61835,0,1,1.68463,1.68463,0,1.30147,1.90512,9.45415e+06,4.16116e+06,1.59267e+07,0,471315,0,0
83.2274,85.1408,5.45675,0.02,0.16,3.64744,3.64744,0,0.683494,4.6872,4.54919e+06,3.11316e+06,1.65929e+07,0,494123,0,0,62.338,61.3098,3.44879,0,1,1.68472,1.68472,0,1.30154,1.90512,9.45415e+06,4.16116e+06,1.59276e+07,0,471340,0,0
84.6515,85.1408,5.7351,0.01,0.16,3.64763,3.64763,0,0.68353,4.6872,4.54919e+06,3.11316e+06,1.65938e+07,0,494150,0,0,62.338,61.3098,5.74254,0,1,1.68481,1.68481,0,1.30161,1.90512,9.45415e+06,4.16116e+06,1.59284e+07,0,471365,0,0
85.1408,85.1408,7.2027,0.01,0.16,3.18544,3.18544,0,0.683567,4.6872,4.54919e+06,3.11316e+06,1.44912e+07,0,431536,0,0,62.338,61.3098,5.77837,0,1,1.447,1.447,0,1.30168,1.90512,9.45415e+06,4.16116e+06,1.36802e+07,0,404834,0,0
85.1408,85.1408,5.3478,0,0.16,3.18561,3.18561,0,0.596952,4.6872,4.54919e+06,3.11316e+06,1.4492e+07,0,431559,0,0,62.338,61.3098,4.41488,0,1,1.44708,1.44708,0,1.11795,1.90512,9.45415e+06,4.16116e+06,1.36809e+07,0,404855,0,0
85.1408,85.1408,6.90047,0,0.16,3.18578,3.18578,0,0.596984,4.6872,4.54919e+06,3.11316e+06,1.44927e+07,0,431582,0,0,62.338,61.3098,4.95021,0,1,1.44716,1.44716,0,1.11801,1.90512,9.45415e+06,4.16116e+06,1.36816e+07,0,404877,0,0
85.1408,85.1408,5.78343,0,0.16,3.18595,3.18595,0,0.597015,4.6872,4.54919e+06,3.11316e+06,1.44935e+07,0,431605,0,0,62.338,61.3098,5.66381,0,1,1.44723,1.44723,0,1.11807,1.90512,9.45415e+06,4.16116e+06,1.36824e+07,0,404898,0,0
85.1408,85.1408,8.17344,0,0.16,3.18612,3.18612,0,0.597047,4.6872,4.54919e+06,3.11316e+06,1.44943e+07,0,431627,0,0,62.338,61.3098,4.95685,0,1,1.44731,1.44731,0,1.11813,1.90512,9.45415e+06,4.16116e+06,1.36831e+07,0,404920,0,0
85.1408,85.1408,7.34671,0,0.16,3.30271,3.30271,0,0.597079,4.6872,4.54919e+06,3.11316e+06,1.50247e+07,0,447422,0,0,62.338,61.3098,6.25239,0,1,1.5056,1.5056,0,1.11819,1.90512,9.45415e+06,4.16116e+06,1.42342e+07,0,421227,0,0
85.1408,85.1408,5.90336,0,0.16,3.30288,3.30288,0,0.618927,4.6872,4.54919e+06,3.11316e+06,1.50255e+07,0,447446,0,0,62.338,61.3098,5.82161,0,1,1.50568,1.50568,0,1.16323,1.90512,9.45415e+06,4.16116e+06,1.42349e+07,0,421250,0,0
85.1408,85.1408,4.63838,0,0.16,3.30306,3.30306,0,0.61896,4.6872,4.54919e+06,3.11316e+06,1.50262e+07,0,447469,0,0,62.338,61.3098,4.30976,0,1,1.50576,1.50576,0,1.16329,1.90512,9.45415e+06,4.16116e+06,1.42357e+07,0,421272,0,0
85.1408,85.1408,4.47162,0,0.16,3.30323,3.30323,0,0.618993,4.6872,4.54919e+06,3.11316e+06,1.5027e+07,0,447493,0,0,62.338,61.3098,3.88787,0,1,1.50584,1.50584,0,1.16335,1.90512,9.45415e+06,4.16116e+06,1.42364e+07,0,421294,0,0
85.1408,85.1408,4.07253,0,0.16,3.25788,3.25788,0,0.619026,4.6872,4.54919e+06,3.11316e+06,1.48207e+07,0,441349,0,0,62.338,61.3098,3.47132,0,1,1.4833,1.4833,0,1.16341,1.90512,9.45415e+06,4.16116e+06,1.40234e+07,0,414990,0,0
85.1408,85.1408,3.85641,0,0.16,3.25805,3.25805,0,0.610526,4.6872,4.54919e+06,3.11316e+06,1.48215e+07,0,441372,0,0,62.338,61.3098,3.34487,0,1,1.48338,1.48338,0,1.146,1.90512,9.45415e+06,4.16116e+06,1.40241e+07,0,415012,0,0
85.1408,85.1408,3.61271,0,0.16,3.25822,3.25822,0,0.610559,4.6872,4.54919e+06,3.11316e+06,1.48223e+07,0,441396,0,0,62.338,61.3098,3.97371,0,1,1.48346,1.48346,0,1.14606,1.90512,9.45415e+06,4.16116e+06,1.40249e+07,0,415034,0,0
85.0086,85.1408,3.42559,0,0.16,3.2584,3.2584,0,0.610591,4.6872,4.54919e+06,3.11316e+06,1.48231e+07,0,441419,0,0,62.338,61.3098,3.56725,0,1,1.48354,1.48354,0,1.14612,1.90512,9.45415e+06,4.16116e+06,1.40256e+07,0,415056,0,0
84.51,85.1408,3.1221,0.01,0.16,3.41315,3.41315,0,0.610624,4.6872,4.54919e+06,3.11316e+06,1.55271e+07,0,462383,0,0,62.338,61.3098,3.3617,0,1,1.56383,1.56383,0,1.14618,1.90512,9.45415e+06,4.16116e+06,1.47847e+07,0,437519,0,0
83.7563,85.1408,2.7963,0.01,0.16,3.41333,3.41333,0,0.639624,4.6872,4.54919e+06,3.11316e+06,1.55279e+07,0,462408,0,0,62.338,61.3098,3.34317,0,1,1.56391,1.56391,0,1.20822,1.90512,9.45415e+06,4.16116e+06,1.47855e+07,0,437543,0,0
82.9752,85.1408,2.7571,0.01,0.16,3.41351,3.41351,0,0.639657,4.6872,4.54919e+06,3.11316e+06,1.55287e+07,0,462432,0,0,62.338,61.3098,3.37933,0,1,1.564,1.564,0,1.20828,1.90512,9.45415e+06,4.16116e+06,1.47863e+07,0,437566,0,0
82.0335,85.1408,2.57865,0.01,0.16,3.41369,3.41369,0,0.639691,4.6872,4.54919e+06,3.11316e+06,1.55295e+07,0,462457,0,0,62.338,61.3098,3.20112,0,1,1.56408,1.56408,0,1.20834,1.90512,9.45415e+06,4.16116e+06,1.4787e+07,0,437589,0,0
81.8277,85.1408,3.33029,0.02,0.16,3.41387,3.41387,0,0.639725,4.6872,4.54919e+06,3.11316e+06,1.55304e+07,0,462481,0,0,62.338,61.3098,3.18157,0,1,1.56416,1.56416,0,1.20841,1.90512,9.45415e+06,4.16116e+06,1.47878e+07,0,437612,0,0
81.6169,85.1408,3.29273,0.02,0.16,3.38347,3.38347,0,0.639759,4.6872,4.54919e+06,3.11316e+06,1.53921e+07,0,458363,0,0,62.338,61.3098,3.19282,0,1,1.60834,1.60834,0,1.20847,1.90512,9.45415e+06,4.16116e+06,1.52055e+07,0,449973,0,0
81.252,85.1408,3.13293,0.02,0.16,3.38365,3.38365,0,0.634063,4.6872,4.54919e+06,3.11316e+06,1.53929e+07,0,458388,0,0,62.338,61.3098,3.07594,0,1,1.60843,1.60843,0,1.24261,1.90512,9.45415e+06,4.16116e+06,1.52063e+07,0,449996,0,0
80.7596,85.1408,2.97197,0.02,0.16,3.38383,3.38383,0,0.634097,4.6872,4.54919e+06,3.11316e+06,1.53937e+07,0,458412,0,0,62.3192,61.3098,3.01036,0,1,1.60851,1.60851,0,1.24267,1.90512,9.45415e+06,4.16116e+06,1.52071e+07,0,450020,0,0
79.9685,85.1408,2.65489,0.02,0.16,3.38401,3.38401,0,0.63413,4.6872,4.54919e+06,3.11316e+06,1.53945e+07,0,458436,0,0,62.2132,61.3098,2.86388,0,1,1.6086,1.6086,0,1.24274,1.90512,9.45415e+06,4.16116e+06,1.52079e+07,0,450044,0,0
79.1984,85.1408,2.75443,0.02,0.16,3.46317,3.46317,0,0.634164,4.6872,4.54919e+06,3.11316e+06,1.57546e+07,0,469160,0,0,62.1378,61.3098,3.1213,0,1,1.64799,1.64799,0,1.2428,1.90512,9.45415e+06,4.16116e+06,1.55804e+07,0,461066,0,0
78.2565,85.1408,2.54963,0.02,0.16,3.46335,3.46335,0,0.648998,4.6872,4.54919e+06,3.11316e+06,1.57555e+07,0,469185,0,0,61.9474,61.3098,3.18839,0,1,1.64808,1.64808,0,1.27324,1.90512,9.45415e+06,4.16116e+06,1.55812e+07,0,461090,0,0
77.1408,85.1408,2.36248,0.02,0.16,3.46354,3.46354,0,0.649033,4.6872,4.54919e+06,3.11316e+06,1.57563e+07,0,469210,0,0,61.7024,61.3098,2.83739,0,1,1.64817,1.64817,0,1.27331,1.90512,9.45415e+06,4.16116e+06,1.5582e+07,0,461115,0,0
76.0878,85.1408,2.40467,0.02,0.16,3.46372,3.46372,0,0.649067,4.6872,4.54919e+06,3.11316e+06,1.57571e+07,0,469235,0,0,61.5327,61.3098,3.20318,0,1,1.64826,1.64826,0,1.27337,1.90512,9.45415e+06,4.16116e+06,1.55829e+07,0,461139,0,0
74.516,85.1408,1.96214,0.05,0.16,3.52862,3.69524,0,0.649101,4.6872,4.54919e+06,3.11316e+06,1.60524e+07,0,500599,0,0,61.0541,61.3098,1.95944,1,1,1.70953,1.79026,0,1.27344,1.90512,9.45415e+06,4.16116e+06,1.61622e+07,0,500868,0,0
73.1385,85.1408,2.17442,0.05,0.16,3.52881,3.69544,0,0.661264,4.6872,4.54919e+06,3.11316e+06,1.60532e+07,0,500626,0,0,60.6951,61.3098,2.43057,1,1,1.70962,1.79035,0,1.32079,1.90512,9.45415e+06,4.16116e+06,1.6163e+07,0,500894,0,0
71.3745,85.1408,1.77181,0.04,0.16,3.529,3.69564,0,0.661299,4.6872,4.54919e+06,3.11316e+06,1.60541e+07,0,500653,0,0,60.1644,61.3098,1.70554,1,1,1.70971,1.79045,0,1.32086,1.90512,9.45415e+06,4.16116e+06,1.61639e+07,0,500921,0,0
70.028,85.1408,2.15997,0.03,0.16,3.52918,3.69583,0,0.661334,4.6872,4.54919e+06,3.11316e+06,1.60549e+07,0,500679,0,0,59.9544,61.3098,3.14398,1,1,1.70981,1.79054,0,1.32093,1.90512,9.45415e+06,4.16116e+06,1.61648e+07,0,500947,0,0
68.3121,85.1408,1.86194,0.03,0.16,3.52937,3.69603,0,0.661369,4.6872,4.54919e+06,3.11316e+06,1.60558e+07,0,500706,0,0,60.068,61.3098,3.1941,1,1,1.7099,1.79064,0,1.321,1.90512,9.45415e+06,4.16116e+06,1.61656e+07,0,500974,0,0
66.4877,85.1408,1.84047,0.03,0.16,3.58345,3.58345,0,0.661404,4.6872,4.54919e+06,3.11316e+06,1.63018e+07,0,485454,0,0,60.1162,61.3098,3.1395,0,1,1.70457,1.70457,0,1.32107,1.90512,9.45415e+06,4.16116e+06,1.61153e+07,0,476895,0,0
64.4036,85.1408,1.51863,0.08,0.16,3.58364,3.58364,0,0.671538,4.6872,4.54919e+06,3.11316e+06,1.63027e+07,0,485480,0,0,60.0359,61.3098,2.72667,0,1,1.70466,1.70466,0,1.31695,1.90512,9.45415e+06,4.16116e+06,1.61161e+07,0,476920,0,0
62.9848,85.1408,2.12617,0.05,0.16,3.58383,3.58383,0,0.671574,4.6872,4.54919e+06,3.11316e+06,1.63035e+07,0,485506,0,0,60.1373,61.3098,3.35409,0,1,1.70475,1.70475,0,1.31702,1.90512,9.45415e+06,4.16116e+06,1.6117e+07,0,476946,0,0
65.5399,85.1408,6.27159,0.05,0.16,3.58402,3.58402,0,0.671609,4.6872,4.54919e+06,3.11316e+06,1.63044e+07,0,485531,0,0,60.8375,61.3098,4.95967,0,1,1.70484,1.70484,0,1.31709,1.90512,9.45415e+06,4.16116e+06,1.61179e+07,0,476971,0,0
63.2453,85.1408,1.24643,0.05,0.16,3.49162,3.49162,0,0.671645,4.6872,4.54919e+06,3.11316e+06,1.58841e+07,0,473014,0,0,60.6599,61.3098,2.13107,0,1,1.62649,1.62649,0,1.31716,1.90512,9.45415e+06,4.16116e+06,1.53771e+07,0,455050,0,0
61.617,85.1408,1.92054,0.04,0.16,3.4918,3.4918,0,0.654329,4.6872,4.54919e+06,3.11316e+06,1.58849e+07,0,473039,0,0,60.598,61.3098,2.59411,0,1,1.62658,1.62658,0,1.25663,1.90512,9.45415e+06,4.16116e+06,1.53779e+07,0,455074,0,0
62.5314,85.1408,4.63621,0.04,0.16,3.49199,3.49199,0,0.654364,4.6872,4.54919e+06,3.11316e+06,1.58857e+07,0,473064,0,0,61.6406,61.3098,6.64611,0,1,1.62666,1.62666,0,1.25669,1.90512,9.45415e+06,4.16116e+06,1.53787e+07,0,455098,0,0
62.4678,85.1408,3.54027,0.04,0.16,3.49217,3.49217,0,0.654399,4.6872,4.54919e+06,3.11316e+06,1.58866e+07,0,473089,0,0,62.1691,61.3098,4.5621,0,1,1.62675,1.62675,0,1.25676,1.90512,9.45415e+06,4.16116e+06,1.53795e+07,0,455122,0,0
62.5148,85.1408,3.44935,0.04,0.16,3.22934,3.22934,0,0.654433,4.6872,4.54919e+06,3.11316e+06,1.46909e+07,0,437483,0,0,62.338,61.3098,3.90114,0,1,1.46342,1.46342,0,1.25683,1.90512,9.45415e+06,4.16116e+06,1.38354e+07,0,409428,0,0
63.8081,85.1408,4.99606,0.04,0.16,3.22952,3.22952,0,0.605179,4.6872,4.54919e+06,3.11316e+06,1.46917e+07,0,437507,0,0,62.338,61.3098,4.96055,0,1,1.4635,1.4635,0,1.13064,1.90512,9.45415e+06,4.16116e+06,1.38362e+07,0,409450,0,0
65.237,85.1408,4.9681,0.04,0.16,3.22969,3.22969,0,0.605211,4.6872,4.54919e+06,3.11316e+06,1.46925e+07,0,437530,0,0,62.338,61.3098,4.93977,0,1,1.46358,1.46358,0,1.1307,1.90512,9.45415e+06,4.16116e+06,1.38369e+07,0,409472,0,0
66.9549,85.1408,5.41334,0.05,0.16,3.22986,3.22986,0,0.605243,4.6872,4.54919e+06,3.11316e+06,1.46932e+07,0,437553,0,0,62.338,61.3098,4.23285,0,1,1.46366,1.46366,0,1.13076,1.90512,9.45415e+06,4.16116e+06,1.38376e+07,0,409493,0,0
70.4171,85.1408,7.14355,0.05,0.16,3.23003,3.23003,0,0.605275,4.6872,4.54919e+06,3.11316e+06,1.4694e+07,0,437576,0,0,62.338,61.3098,4.77161,0,1,1.46374,1.46374,0,1.13082,1.90512,9.45415e+06,4.16116e+06,1.38384e+07,0,409515,0,0
72.3681,85.1408,5.61084,0.04,0.16,3.33138,3.33138,0,0.605307,4.6872,4.54919e+06,3.11316e+06,1.51551e+07,0,451307,0,0,62.338,61.3098,3.26354,0,1,1.51114,1.51114,0,1.13088,1.90512,9.45415e+06,4.16116e+06,1.42865e+07,0,422777,0,0
73.1461,85.1408,4.34273,0.04,0.16,3.33153,3.33153,0,0.624301,4.6872,4.54919e+06,3.11316e+06,1.51558e+07,0,451327,0,0,62.1531,61.3098,3.82382,0,1,1.51121,1.51121,0,1.16751,1.90512,9.45415e+06,4.16116e+06,1.42872e+07,0,422797,0,0
72.6183,85.1408,3.0297,0.04,0.16,3.33169,3.33169,0,0.62433,4.6872,4.54919e+06,3.11316e+06,1.51565e+07,0,451348,0,0,62.338,61.3098,2.25263,0,1,1.51128,1.51128,0,1.16756,1.90512,9.45415e+06,4.16116e+06,1.42878e+07,0,422816,0,0
72.974,85.1408,4.04554,0.04,0.16,3.33184,3.33184,0,0.624358,4.6872,4.54919e+06,3.11316e+06,1.51572e+07,0,451368,0,0,62.338,61.3098,2.98245,0,1,1.51135,1.51135,0,1.16761,1.90512,9.45415e+06,4.16116e+06,1.42885e+07,0,422835,0,0
73.846,85.1408,4.76838,0.05,0.16,3.65698,3.65698,0,0.624386,4.6872,4.54919e+06,3.11316e+06,1.66363e+07,0,495416,0,0,62.338,61.3098,4.50003,0,1,1.68912,1.68912,0,1.16767,1.90512,9.45415e+06,4.16116e+06,1.59692e+07,0,472573,0,0
73.7803,85.1408,3.78628,0.05,0.16,3.65715,3.65715,0,0.685319,4.6872,4.54919e+06,3.11316e+06,1.66371e+07,0,495439,0,0,62.338,61.3098,3.28586,0,1,1.6892,1.6892,0,1.30502,1.90512,9.45415e+06,4.16116e+06,1.597e+07,0,472594,0,0
75.5952,85.1408,5.79864,0.05,0.16,3.65732,3.65732,0,0.68535,4.6872,4.54919e+06,3.11316e+06,1.66378e+07,0,495461,0,0,62.338,61.3098,3.67562,0,1,1.68928,1.68928,0,1.30508,1.90512,9.45415e+06,4.16116e+06,1.59707e+07,0,472616,0,0
77.661,85.1408,6.24085,0.04,0.16,3.65748,3.65748,0,0.685381,4.6872,4.54919e+06,3.11316e+06,1.66386e+07,0,495484,0,0,62.338,61.3098,5.03785,0,1,1.68935,1.68935,0,1.30514,1.90512,9.45415e+06,4.16116e+06,1.59714e+07,0,472638,0,0
78.0153,85.1408,3.92329,0.01,0.16,3.19402,3.19402,0,0.685413,4.6872,4.54919e+06,3.11316e+06,1.45302e+07,0,432698,0,0,62.338,61.3098,4.5957,0,1,1.4509,1.4509,0,1.3052,1.90512,9.45415e+06,4.16116e+06,1.3717e+07,0,405924,0,0
78.0917,85.1408,3.65894,0.01,0.16,3.19417,3.19417,0,0.598559,4.6872,4.54919e+06,3.11316e+06,1.45309e+07,0,432718,0,0,62.338,61.3098,4.08289,0,1,1.45097,1.45097,0,1.12096,1.90512,9.45415e+06,4.16116e+06,1.37176e+07,0,405942,0,0
82.7417,85.1408,8.20826,0.01,0.16,3.19431,3.19431,0,0.598587,4.6872,4.54919e+06,3.11316e+06,1.45315e+07,0,432737,0,0,62.338,61.3098,6.87154,0,1,1.45103,1.45103,0,1.12102,1.90512,9.45415e+06,4.16116e+06,1.37183e+07,0,405961,0,0
85.0299,85.1408,6.14555,0.01,0.16,3.19446,3.19446,0,0.598614,4.6872,4.54919e+06,3.11316e+06,1.45322e+07,0,432757,0,0,62.338,61.3098,5.35662,0,1,1.4511,1.4511,0,1.12107,1.90512,9.45415e+06,4.16116e+06,1.37189e+07,0,405979,0,0
85.1408,85.1408,5.46425,0.01,0.16,3.1946,3.1946,0,0.598641,4.6872,4.54919e+06,3.11316e+06,1.45329e+07,0,432777,0,0,62.338,61.3098,5.91511,0,1,1.45116,1.45116,0,1.12112,1.90512,9.45415e+06,4.16116e+06,1.37195e+07,0,405998,0,0
85.1408,85.1408,5.10739,0,0.16,3.31148,3.31148,0,0.598668,4.6872,4.54919e+06,3.11316e+06,1.50645e+07,0,448610,0,0,62.338,61.3098,5.99712,0,1,1.5096,1.5096,0,1.12117,1.90512,9.45415e+06,4.16116e+06,1.4272e+07,0,422346,0,0
85.1408,85.1408,4.4117,0,0.16,3.31163,3.31163,0,0.620571,4.6872,4.54919e+06,3.11316e+06,1.50652e+07,0,448630,0,0,62.338,61.3098,6.59426,0,1,1.50967,1.50967,0,1.16631,1.90512,9.45415e+06,4.16116e+06,1.42726e+07,0,422365,0,0
85.1408,85.1408,6.01513,0,0.16,3.31178,3.31178,0,0.620599,4.6872,4.54919e+06,3.11316e+06,1.50659e+07,0,448651,0,0,62.338,61.3098,8.53044,0,1,1.50973,1.50973,0,1.16637,1.90512,9.45415e+06,4.16116e+06,1.42733e+07,0,422384,0,0
85.1408,85.1408,4.04594,0,0.16,3.31193,3.31193,0,0.620627,4.6872,4.54919e+06,3.11316e+06,1.50666e+07,0,448671,0,0,62.338,61.3098,5.11919,0,1,1.5098,1.5098,0,1.16642,1.90512,9.45415e+06,4.16116e+06,1.42739e+07,0,422404,0,0
85.1408,85.1408,3.68539,0,0.16,3.26643,3.26643,0,0.620655,4.6872,4.54919e+06,3.11316e+06,1.48596e+07,0,442508,0,0,62.338,61.3098,4.46228,0,1,1.4872,1.4872,0,1.16647,1.90512,9.45415e+06,4.16116e+06,1.40602e+07,0,416079,0,0
84.5849,85.1408,2.99973,0,0.16,3.26658,3.26658,0,0.612129,4.6872,4.54919e+06,3.11316e+06,1.48603e+07,0,442528,0,0,62.338,61.3098,4.04621,0,1,1.48727,1.48727,0,1.14901,1.90512,9.45415e+06,4.16116e+06,1.40608e+07,0,416098,0,0
83.7273,85.1408,2.6861,0.01,0.16,3.26673,3.26673,0,0.612157,4.6872,4.54919e+06,3.11316e+06,1.4861e+07,0,442548,0,0,62.338,61.3098,3.10834,0,1,1.48733,1.48733,0,1.14906,1.90512,9.45415e+06,4.16116e+06,1.40615e+07,0,416117,0,0
83.4393,85.1408,3.25652,0.01,0.16,3.26688,3.26688,0,0.612185,4.6872,4.54919e+06,3.11316e+06,1.48617e+07,0,442568,0,0,62.338,61.3098,3.17417,0,1,1.4874,1.4874,0,1.14911,1.90512,9.45415e+06,4.16116e+06,1.40621e+07,0,416136,0,0
82.6384,85.1408,2.78482,0.01,0.16,3.422,3.422,0,0.612213,4.6872,4.54919e+06,3.11316e+06,1.55674e+07,0,463583,0,0,62.294,61.3098,2.94926,0,1,1.56789,1.56789,0,1.14917,1.90512,9.45415e+06,4.16116e+06,1.48231e+07,0,438655,0,0
81.6999,85.1408,2.61477,0.01,0.16,3.42216,3.42216,0,0.641284,4.6872,4.54919e+06,3.11316e+06,1.55681e+07,0,463604,0,0,62.2759,61.3098,2.98435,0,1,1.56796,1.56796,0,1.21135,1.90512,9.45415e+06,4.16116e+06,1.48237e+07,0,438675,0,0
80.6717,85.1408,2.51016,0.01,0.16,3.42232,3.42232,0,0.641313,4.6872,4.54919e+06,3.11316e+06,1.55688e+07,0,463625,0,0,62.2716,61.3098,2.8866,0,1,1.56803,1.56803,0,1.21141,1.90512,9.45415e+06,4.16116e+06,1.48244e+07,0,438695,0,0
79.5015,85.1408,2.35203,0.01,0.16,3.42247,3.42247,0,0.641342,4.6872,4.54919e+06,3.11316e+06,1.55695e+07,0,463647,0,0,62.2149,61.3098,2.68908,0,1,1.5681,1.5681,0,1.21146,1.90512,9.45415e+06,4.16116e+06,1.48251e+07,0,438715,0,0
78.5356,85.1408,2.49495,0.02,0.16,3.42263,3.42263,0,0.641371,4.6872,4.54919e+06,3.11316e+06,1.55702e+07,0,463668,0,0,62.0787,61.3098,2.23711,0,1,1.56818,1.56818,0,1.21152,1.90512,9.45415e+06,4.16116e+06,1.48258e+07,0,438735,0,0
77.5371,85.1408,2.4217,0.02,0.16,3.39213,3.39213,0,0.6414,4.6872,4.54919e+06,3.11316e+06,1.54314e+07,0,459536,0,0,61.8269,61.3098,2.04949,0,1,1.61246,1.61246,0,1.21157,1.90512,9.45415e+06,4.16116e+06,1.52444e+07,0,451124,0,0
76.3479,85.1408,2.21634,0.02,0.16,3.39228,3.39228,0,0.635685,4.6872,4.54919e+06,3.11316e+06,1.54321e+07,0,459557,0,0,61.5371,61.3098,1.79993,0,1,1.61253,1.61253,0,1.24578,1.90512,9.45415e+06,4.16116e+06,1.52451e+07,0,451144,0,0
75.0166,85.1408,2.03536,0.02,0.16,3.39244,3.39244,0,0.635714,4.6872,4.54919e+06,3.11316e+06,1.54329e+07,0,459578,0,0,61.1585,61.3098,1.77131,0,1,1.6126,1.6126,0,1.24584,1.90512,9.45415e+06,4.16116e+06,1.52458e+07,0,451165,0,0
73.7003,85.1408,2.02314,0.02,0.16,3.39259,3.39259,0,0.635743,4.6872,4.54919e+06,3.11316e+06,1.54336e+07,0,459599,0,0,60.7772,61.3098,1.71595,0,1,1.61268,1.61268,0,1.2459,1.90512,9.45415e+06,4.16116e+06,1.52465e+07,0,451185,0,0
72.4423,85.1408,2.14542,0.03,0.16,3.47193,3.47193,0,0.635772,4.6872,4.54919e+06,3.11316e+06,1.57945e+07,0,470346,0,0,60.3481,61.3098,1.79369,0,1,1.65216,1.65216,0,1.24595,1.90512,9.45415e+06,4.16116e+06,1.56198e+07,0,462231,0,0
71.0212,85.1408,1.96514,0.04,0.16,3.47208,3.47208,0,0.650639,4.6872,4.54919e+06,3.11316e+06,1.57952e+07,0,470368,0,0,59.7933,61.3098,1.74013,0,1,1.65223,1.65223,0,1.27646,1.90512,9.45415e+06,4.16116e+06,1.56205e+07,0,462252,0,0
69.4362,85.1408,1.78269,0.05,0.16,3.47224,3.47224,0,0.650668,4.6872,4.54919e+06,3.11316e+06,1.57959e+07,0,470389,0,0,59.2007,61.3098,1.58867,0,1,1.65231,1.65231,0,1.27652,1.90512,9.45415e+06,4.16116e+06,1.56212e+07,0,462273,0,0
67.6667,85.1408,1.56578,0.05,0.16,3.4724,3.4724,0,0.650698,4.6872,4.54919e+06,3.11316e+06,1.57966e+07,0,470410,0,0,58.3773,61.3098,1.56713,0,1,1.65239,1.65239,0,1.27657,1.90512,9.45415e+06,4.16116e+06,1.56219e+07,0,462294,0,0
66.1773,85.1408,1.87961,0.1,0.16,3.53744,3.70448,0,0.650728,4.6872,4.54919e+06,3.11316e+06,1.60925e+07,0,501850,0,0,57.6291,61.3098,1.28365,1,1,1.7138,1.79473,0,1.27663,1.90512,9.45415e+06,4.16116e+06,1.62026e+07,0,502119,0,0
64.9334,85.1408,2.12847,0.1,0.16,3.5376,3.70464,0,0.662916,4.6872,4.54919e+06,3.11316e+06,1.60932e+07,0,501873,0,0,56.6296,61.3098,1.55583,1,1,1.71388,1.79481,0,1.32408,1.90512,9.45415e+06,4.16116e+06,1.62033e+07,0,502142,0,0
63.3432,85.1408,1.76013,0.09,0.16,3.53776,3.70481,0,0.662946,4.6872,4.54919e+06,3.11316e+06,1.60939e+07,0,501896,0,0,55.9844,61.3098,1.08332,1,1,1.71396,1.79489,0,1.32415,1.90512,9.45415e+06,4.16116e+06,1.6204e+07,0,502165,0,0
62.1829,85.1408,2.16939,0.08,0.16,3.53792,3.70498,0,0.662976,4.6872,4.54919e+06,3.11316e+06,1.60947e+07,0,501918,0,0,55.5793,61.3098,2.06159,1,1,1.71404,1.79498,0,1.32421,1.90512,9.45415e+06,4.16116e+06,1.62048e+07,0,502187,0,0
60.9741,85.1408,2.10768,0.08,0.16,3.53808,3.70515,0,0.663006,4.6872,4.54919e+06,3.11316e+06,1.60954e+07,0,501941,0,0,55.1848,61.3098,1.89599,1,1,1.71412,1.79506,0,1.32427,1.90512,9.45415e+06,4.16116e+06,1.62055e+07,0,502210,0,0
61.3918,85.1408,3.80382,0.08,0.16,3.59227,3.59227,0,0.663036,4.6872,4.54919e+06,3.11316e+06,1.63419e+07,0,486649,0,0,55.0164,61.3098,2.93472,0,1,1.70877,1.70877,0,1.32433,1.90512,9.45415e+06,4.16116e+06,1.61549e+07,0,478068,0,0
63.0821,85.1408,5.23497,0.08,0.16,3.59243,3.59243,0,0.67319,4.6872,4.54919e+06,3.11316e+06,1.63427e+07,0,486671,0,0,55.3315,61.3098,4.76389,0,1,1.70884,1.70884,0,1.32019,1.90512,9.45415e+06,4.16116e+06,1.61557e+07,0,478090,0,0
64.0698,85.1408,4.5787,0.05,0.16,3.59259,3.59259,0,0.673221,4.6872,4.54919e+06,3.11316e+06,1.63434e+07,0,486693,0,0,55.3049,61.3098,3.36602,0,1,1.70892,1.70892,0,1.32025,1.90512,9.45415e+06,4.16116e+06,1.61564e+07,0,478112,0,0
64.0091,85.1408,3.52378,0.05,0.16,3.59276,3.59276,0,0.673252,4.6872,4.54919e+06,3.11316e+06,1.63441e+07,0,486715,0,0,55.1,61.3098,2.73698,0,1,1.709,1.709,0,1.32031,1.90512,9.45415e+06,4.16116e+06,1.61571e+07,0,478134,0,0
64.9689,85.1408,4.59664,0.05,0.16,3.50011,3.50011,0,0.673282,4.6872,4.54919e+06,3.11316e+06,1.59227e+07,0,474164,0,0,55.3321,61.3098,3.26907,0,1,1.63044,1.63044,0,1.32037,1.90512,9.45415e+06,4.16116e+06,1.54145e+07,0,456156,0,0
65.6481,85.1408,4.3167,0.04,0.16,3.50026,3.50026,0,0.65592,4.6872,4.54919e+06,3.11316e+06,1.59234e+07,0,474185,0,0,55.2997,61.3098,2.8078,0,1,1.63052,1.63052,0,1.25968,1.90512,9.45415e+06,4.16116e+06,1.54152e+07,0,456176,0,0
66.1331,85.1408,4.18728,0.04,0.16,3.50042,3.50042,0,0.65595,4.6872,4.54919e+06,3.11316e+06,1.59241e+07,0,474207,0,0,55.8711,61.3098,3.88259,0,1,1.63059,1.63059,0,1.25974,1.90512,9.45415e+06,4.16116e+06,1.54159e+07,0,456197,0,0
66.6571,85.1408,4.16011,0.04,0.16,3.50058,3.50058,0,0.655979,4.6872,4.54919e+06,3.11316e+06,1.59248e+07,0,474228,0,0,56.1791,61.3098,3.89185,0,1,1.63067,1.63067,0,1.2598,1.90512,9.45415e+06,4.16116e+06,1.54166e+07,0,456218,0,0
66.0056,85.1408,2.7469,0.04,0.16,3.2371,3.2371,0,0.656009,4.6872,4.54919e+06,3.11316e+06,1.47262e+07,0,438534,0,0,56.2914,61.3098,2.10259,0,1,1.46694,1.46694,0,1.25985,1.90512,9.45415e+06,4.16116e+06,1.38687e+07,0,410411,0,0
68.3239,85.1408,5.77811,0.04,0.16,3.23724,3.23724,0,0.606632,4.6872,4.54919e+06,3.11316e+06,1.47269e+07,0,438554,0,0,56.7677,61.3098,3.46069,0,1,1.467,1.467,0,1.13336,1.90512,9.45415e+06,4.16116e+06,1.38693e+07,0,410430,0,0
68.6858,85.1408,3.91911,0.03,0.16,3.23739,3.23739,0,0.60666,4.6872,4.54919e+06,3.11316e+06,1.47275e+07,0,438574,0,0,57.3619,61.3098,4.0052,0,1,1.46707,1.46707,0,1.13341,1.90512,9.45415e+06,4.16116e+06,1.38699e+07,0,410448,0,0
69.4165,85.1408,4.24057,0.03,0.16,3.23754,3.23754,0,0.606687,4.6872,4.54919e+06,3.11316e+06,1.47282e+07,0,438593,0,0,58.1663,61.3098,4.48552,0,1,1.46714,1.46714,0,1.13346,1.90512,9.45415e+06,4.16116e+06,1.38705e+07,0,410467,0,0
70.2294,85.1408,4.35983,0.04,0.16,3.23769,3.23769,0,0.606715,4.6872,4.54919e+06,3.11316e+06,1.47289e+07,0,438613,0,0,58.6894,61.3098,3.72859,0,1,1.46721,1.46721,0,1.13351,1.90512,9.45415e+06,4.16116e+06,1.38712e+07,0,410486,0,0
70.903,85.1408,4.29917,0.04,0.16,3.33926,3.33926,0,0.606742,4.6872,4.54919e+06,3.11316e+06,1.51909e+07,0,452373,0,0,58.9331,61.3098,2.73584,0,1,1.51471,1.51471,0,1.13356,1.90512,9.45415e+06,4.16116e+06,1.43203e+07,0,423776,0,0
71.4699,85.1408,4.26482,0.04,0.16,3.33938,3.33938,0,0.625776,4.6872,4.54919e+06,3.11316e+06,1.51915e+07,0,452390,0,0,59.0884,61.3098,2.48421,0,1,1.51477,1.51477,0,1.17026,1.90512,9.45415e+06,4.16116e+06,1.43208e+07,0,423793,0,0
72.2871,85.1408,4.46876,0.05,0.16,3.33951,3.33951,0,0.6258,4.6872,4.54919e+06,3.11316e+06,1.51921e+07,0,452408,0,0,59.2992,61.3098,2.65646,0,1,1.51483,1.51483,0,1.17031,1.90512,9.45415e+06,4.16116e+06,1.43214e+07,0,423809,0,0
73.2536,85.1408,4.62912,0.05,0.16,3.33964,3.33964,0,0.625824,4.6872,4.54919e+06,3.11316e+06,1.51927e+07,0,452425,0,0,59.8202,61.3098,3.79283,0,1,1.51488,1.51488,0,1.17035,1.90512,9.45415e+06,4.16116e+06,1.43219e+07,0,423825,0,0
73.3587,85.1408,4.16115,0.05,0.16,3.66552,3.66552,0,0.625848,4.6872,4.54919e+06,3.11316e+06,1.66751e+07,0,496572,0,0,60.0222,61.3098,3.25038,0,1,1.69307,1.69307,0,1.1704,1.90512,9.45415e+06,4.16116e+06,1.60065e+07,0,473676,0,0
75.4838,85.1408,6.14947,0.05,0.16,3.66566,3.66566,0,0.686918,4.6872,4.54919e+06,3.11316e+06,1.66758e+07,0,496591,0,0,60.3932,61.3098,3.97901,0,1,1.69313,1.69313,0,1.30806,1.90512,9.45415e+06,4.16116e+06,1.60071e+07,0,473694,0,0
75.9531,85.1408,4.51128,0.05,0.16,3.6658,3.6658,0,0.686944,4.6872,4.54919e+06,3.11316e+06,1.66764e+07,0,496610,0,0,60.6319,61.3098,3.29702,0,1,1.69319,1.69319,0,1.30811,1.90512,9.45415e+06,4.16116e+06,1.60077e+07,0,473712,0,0
76.4881,85.1408,4.66831,0.04,0.16,3.66594,3.66594,0,0.68697,4.6872,4.54919e+06,3.11316e+06,1.66771e+07,0,496629,0,0,60.8446,61.3098,3.34986,0,1,1.69326,1.69326,0,1.30816,1.90512,9.45415e+06,4.16116e+06,1.60083e+07,0,473730,0,0
76.9578,85.1408,4.06913,0.04,0.16,3.20138,3.20138,0,0.686997,4.6872,4.54919e+06,3.11316e+06,1.45637e+07,0,433695,0,0,61.3448,61.3098,3.44112,0,1,1.45424,1.45424,0,1.30821,1.90512,9.45415e+06,4.16116e+06,1.37486e+07,0,406859,0,0
77.2346,85.1408,3.87383,0.01,0.16,3.2015,3.2015,0,0.599938,4.6872,4.54919e+06,3.11316e+06,1.45642e+07,0,433711,0,0,61.7555,61.3098,2.97927,0,1,1.4543,1.4543,0,1.12355,1.90512,9.45415e+06,4.16116e+06,1.37491e+07,0,406874,0,0
77.5348,85.1408,3.92691,0.01,0.16,3.20162,3.20162,0,0.599961,4.6872,4.54919e+06,3.11316e+06,1.45648e+07,0,433728,0,0,62.2733,61.3098,3.44342,0,1,1.45435,1.45435,0,1.12359,1.90512,9.45415e+06,4.16116e+06,1.37497e+07,0,406890,0,0
77.5999,85.1408,3.74166,0.01,0.16,3.20174,3.20174,0,0.599984,4.6872,4.54919e+06,3.11316e+06,1.45654e+07,0,433744,0,0,62.338,61.3098,3.00191,0,1,1.45441,1.45441,0,1.12363,1.90512,9.45415e+06,4.16116e+06,1.37502e+07,0,406905,0,0
80.5139,85.1408,6.89477,0.01,0.16,3.20187,3.20187,0,0.600007,4.6872,4.54919e+06,3.11316e+06,1.45659e+07,0,433761,0,0,62.338,61.3098,7.39256,0,1,1.45446,1.45446,0,1.12368,1.90512,9.45415e+06,4.16116e+06,1.37507e+07,0,406921,0,0
81.2069,85.1408,4.62863,0.01,0.16,3.31898,3.31898,0,0.60003,4.6872,4.54919e+06,3.11316e+06,1.50987e+07,0,449627,0,0,62.338,61.3098,5.95568,0,1,1.51302,1.51302,0,1.12372,1.90512,9.45415e+06,4.16116e+06,1.43043e+07,0,423303,0,0
81.7234,85.1408,4.44484,0.01,0.16,3.31911,3.31911,0,0.621977,4.6872,4.54919e+06,3.11316e+06,1.50993e+07,0,449644,0,0,62.338,61.3098,6.14682,0,1,1.51308,1.51308,0,1.16896,1.90512,9.45415e+06,4.16116e+06,1.43048e+07,0,423319,0,0
82.4361,85.1408,4.68124,0.01,0.16,3.31923,3.31923,0,0.622001,4.6872,4.54919e+06,3.11316e+06,1.50998e+07,0,449661,0,0,62.338,61.3098,6.70371,0,1,1.51313,1.51313,0,1.169,1.90512,9.45415e+06,4.16116e+06,1.43054e+07,0,423335,0,0
82.6856,85.1408,4.07768,0,0.16,3.31936,3.31936,0,0.622025,4.6872,4.54919e+06,3.11316e+06,1.51004e+07,0,449678,0,0,62.338,61.3098,3.84469,0,1,1.51319,1.51319,0,1.16905,1.90512,9.45415e+06,4.16116e+06,1.43059e+07,0,423352,0,0
82.5655,85.1408,3.5373,0,0.16,3.27374,3.27374,0,0.622048,4.6872,4.54919e+06,3.11316e+06,1.48929e+07,0,443497,0,0,62.338,61.3098,5.72821,0,1,1.49052,1.49052,0,1.16909,1.90512,9.45415e+06,4.16116e+06,1.40916e+07,0,417010,0,0
81.9659,85.1408,3.01802,0,0.16,3.27386,3.27386,0,0.613498,4.6872,4.54919e+06,3.11316e+06,1.48934e+07,0,443514,0,0,62.338,61.3098,3.44964,0,1,1.49058,1.49058,0,1.15158,1.90512,9.45415e+06,4.16116e+06,1.40922e+07,0,417026,0,0
81.4527,85.1408,3.0855,0,0.16,3.27399,3.27399,0,0.613522,4.6872,4.54919e+06,3.11316e+06,1.4894e+07,0,443531,0,0,62.338,61.3098,3.41696,0,1,1.49064,1.49064,0,1.15162,1.90512,9.45415e+06,4.16116e+06,1.40927e+07,0,417042,0,0
80.8287,85.1408,2.99542,0.01,0.16,3.27411,3.27411,0,0.613545,4.6872,4.54919e+06,3.11316e+06,1.48946e+07,0,443548,0,0,62.338,61.3098,3.44776,0,1,1.4907,1.4907,0,1.15167,1.90512,9.45415e+06,4.16116e+06,1.40933e+07,0,417058,0,0
79.8646,85.1408,2.64124,0.01,0.16,3.42956,3.42956,0,0.613568,4.6872,4.54919e+06,3.11316e+06,1.56017e+07,0,464606,0,0,62.338,61.3098,3.50837,0,1,1.57135,1.57135,0,1.15171,1.90512,9.45415e+06,4.16116e+06,1.48558e+07,0,439623,0,0
78.8305,85.1408,2.54064,0.01,0.16,3.42969,3.42969,0,0.642699,4.6872,4.54919e+06,3.11316e+06,1.56023e+07,0,464624,0,0,62.338,61.3098,3.56032,0,1,1.57141,1.57141,0,1.21402,1.90512,9.45415e+06,4.16116e+06,1.48563e+07,0,439640,0,0
77.6992,85.1408,2.42429,0.01,0.16,3.42982,3.42982,0,0.642723,4.6872,4.54919e+06,3.11316e+06,1.56029e+07,0,464642,0,0,62.338,61.3098,3.45261,0,1,1.57147,1.57147,0,1.21407,1.90512,9.45415e+06,4.16116e+06,1.48569e+07,0,439656,0,0
76.4306,85.1408,2.26622,0.01,0.16,3.42995,3.42995,0,0.642748,4.6872,4.54919e+06,3.11316e+06,1.56035e+07,0,464659,0,0,62.338,61.3098,3.25187,0,1,1.57153,1.57153,0,1.21412,1.90512,9.45415e+06,4.16116e+06,1.48575e+07,0,439673,0,0
75.4769,85.1408,2.52462,0.02,0.16,3.43008,3.43008,0,0.642772,4.6872,4.54919e+06,3.11316e+06,1.56041e+07,0,464677,0,0,62.338,61.3098,2.9858,0,1,1.57159,1.57159,0,1.21416,1.90512,9.45415e+06,4.16116e+06,1.4858e+07,0,439690,0,0
74.674,85.1408,2.66076,0.02,0.16,3.39949,3.39949,0,0.642797,4.6872,4.54919e+06,3.11316e+06,1.54649e+07,0,460533,0,0,62.338,61.3098,2.63956,0,1,1.61596,1.61596,0,1.21421,1.90512,9.45415e+06,4.16116e+06,1.52775e+07,0,452102,0,0
73.6478,85.1408,2.42574,0.02,0.16,3.39962,3.39962,0,0.637064,4.6872,4.54919e+06,3.11316e+06,1.54655e+07,0,460550,0,0,62.3218,61.3098,2.41791,0,1,1.61602,1.61602,0,1.24849,1.90512,9.45415e+06,4.16116e+06,1.52781e+07,0,452120,0,0
72.4481,85.1408,2.21579,0.02,0.16,3.39975,3.39975,0,0.637088,4.6872,4.54919e+06,3.11316e+06,1.54661e+07,0,460568,0,0,62.2438,61.3098,2.31276,0,1,1.61608,1.61608,0,1.24853,1.90512,9.45415e+06,4.16116e+06,1.52787e+07,0,452137,0,0
71.1554,85.1408,2.07887,0.02,0.16,3.39988,3.39988,0,0.637112,4.6872,4.54919e+06,3.11316e+06,1.54667e+07,0,460585,0,0,62.0333,61.3098,2.14469,0,1,1.61614,1.61614,0,1.24858,1.90512,9.45415e+06,4.16116e+06,1.52792e+07,0,452154,0,0
69.7893,85.1408,2.06103,0.03,0.16,3.47935,3.47935,0,0.637137,4.6872,4.54919e+06,3.11316e+06,1.58283e+07,0,471353,0,0,61.7174,61.3098,1.97649,0,1,1.65569,1.65569,0,1.24863,1.90512,9.45415e+06,4.16116e+06,1.56532e+07,0,463220,0,0
68.389,85.1408,2.01331,0.04,0.16,3.47949,3.47949,0,0.652031,4.6872,4.54919e+06,3.11316e+06,1.58289e+07,0,471371,0,0,61.3529,61.3098,2.04794,0,1,1.65576,1.65576,0,1.27919,1.90512,9.45415e+06,4.16116e+06,1.56538e+07,0,463238,0,0
66.8816,85.1408,1.87988,0.05,0.16,3.47962,3.47962,0,0.652056,4.6872,4.54919e+06,3.11316e+06,1.58295e+07,0,471388,0,0,60.9463,61.3098,1.94196,0,1,1.65582,1.65582,0,1.27924,1.90512,9.45415e+06,4.16116e+06,1.56544e+07,0,463256,0,0
65.2453,85.1408,1.72537,0.1,0.16,3.47975,3.47975,0,0.652081,4.6872,4.54919e+06,3.11316e+06,1.58301e+07,0,471406,0,0,60.5346,61.3098,1.82038,0,1,1.65588,1.65588,0,1.27929,1.90512,9.45415e+06,4.16116e+06,1.5655e+07,0,463273,0,0
64.1306,85.1408,2.28152,0.09,0.16,3.5449,3.71229,0,0.652106,4.6872,4.54919e+06,3.11316e+06,1.61264e+07,0,502909,0,0,60.0731,61.3098,2.18888,1,1,1.71742,1.79852,0,1.27934,1.90512,9.45415e+06,4.16116e+06,1.62367e+07,0,503178,0,0
62.5514,85.1408,1.82511,0.1,0.16,3.54504,3.71243,0,0.664314,4.6872,4.54919e+06,3.11316e+06,1.61271e+07,0,502928,0,0,59.5951,61.3098,1.61559,1,1,1.71749,1.79859,0,1.32688,1.90512,9.45415e+06,4.16116e+06,1.62374e+07,0,503197,0,0
61.173,85.1408,1.99005,0.08,0.16,3.54517,3.71257,0,0.66434,4.6872,4.54919e+06,3.11316e+06,1.61277e+07,0,502947,0,0,59.2977,61.3098,2.14596,1,1,1.71755,1.79865,0,1.32693,1.90512,9.45415e+06,4.16116e+06,1.6238e+07,0,503217,0,0
59.6755,85.1408,1.85134,0.08,0.16,3.54531,3.71272,0,0.664365,4.6872,4.54919e+06,3.11316e+06,1.61283e+07,0,502966,0,0,58.8848,61.3098,1.89875,1,1,1.71762,1.79872,0,1.32698,1.90512,9.45415e+06,4.16116e+06,1.62386e+07,0,503236,0,0
59.1573,85.1408,2.87617,0.08,0.16,3.54544,3.71286,0,0.66439,4.6872,4.54919e+06,3.11316e+06,1.61289e+07,0,502985,0,0,58.6918,61.3098,2.31237,1,1,1.71768,1.79879,0,1.32703,1.90512,9.45415e+06,4.16116e+06,1.62392e+07,0,503255,0,0
58.6989,85.1408,2.98827,0.14,0.16,3.59971,3.59971,0,0.664416,4.6872,4.54919e+06,3.11316e+06,1.63758e+07,0,487657,0,0,58.5964,61.3098,2.69851,0,1,1.71231,1.71231,0,1.32708,1.90512,9.45415e+06,4.16116e+06,1.61884e+07,0,479059,0,0
57.8308,85.1408,2.49979,0.13,0.16,3.59985,3.59985,0,0.674586,4.6872,4.54919e+06,3.11316e+06,1.63764e+07,0,487676,0,0,58.4837,61.3098,2.83105,0,1,1.71237,1.71237,0,1.32293,1.90512,9.45415e+06,4.16116e+06,1.6189e+07,0,479078,0,0
56.9975,85.1408,2.52754,0.11,0.16,3.59999,3.59999,0,0.674612,4.6872,4.54919e+06,3.11316e+06,1.6377e+07,0,487695,0,0,58.4241,61.3098,2.61068,0,1,1.71244,1.71244,0,1.32298,1.90512,9.45415e+06,4.16116e+06,1.61897e+07,0,479096,0,0
56.7815,85.1408,3.20716,0.1,0.16,3.60012,3.60012,0,0.674637,4.6872,4.54919e+06,3.11316e+06,1.63777e+07,0,487713,0,0,58.3606,61.3098,2.50961,0,1,1.7125,1.7125,0,1.32303,1.90512,9.45415e+06,4.16116e+06,1.61903e+07,0,479114,0,0
61.1646,85.1408,8.098,0.09,0.16,3.50726,3.50726,0,0.674663,4.6872,4.54919e+06,3.11316e+06,1.59552e+07,0,475132,0,0,60.2864,61.3098,7.99261,0,1,1.63377,1.63377,0,1.32308,1.90512,9.45415e+06,4.16116e+06,1.5446e+07,0,457088,0,0
62.8424,85.1408,5.33926,0.04,0.16,3.50739,3.50739,0,0.65726,4.6872,4.54919e+06,3.11316e+06,1.59558e+07,0,475151,0,0,61.1375,61.3098,4.65002,0,1,1.63384,1.63384,0,1.26225,1.90512,9.45415e+06,4.16116e+06,1.54465e+07,0,457105,0,0
63.7455,85.1408,4.47184,0.04,0.16,3.50752,3.50752,0,0.657285,4.6872,4.54919e+06,3.11316e+06,1.59564e+07,0,475169,0,0,61.7857,61.3098,4.44125,0,1,1.6339,1.6339,0,1.2623,1.90512,9.45415e+06,4.16116e+06,1.54471e+07,0,457122,0,0
65.8808,85.1408,5.80254,0.04,0.16,3.50766,3.50766,0,0.65731,4.6872,4.54919e+06,3.11316e+06,1.5957e+07,0,475187,0,0,62.338,61.3098,5.76554,0,1,1.63396,1.63396,0,1.26235,1.90512,9.45415e+06,4.16116e+06,1.54477e+07,0,457140,0,0
68.1331,85.1408,5.67851,0.04,0.16,3.24361,3.24361,0,0.657335,4.6872,4.54919e+06,3.11316e+06,1.47558e+07,0,439416,0,0,62.338,61.3098,4.87745,0,1,1.46989,1.46989,0,1.2624,1.90512,9.45415e+06,4.16116e+06,1.38966e+07,0,411237,0,0
72.152,85.1408,7.55418,0.03,0.16,3.24374,3.24374,0,0.607853,4.6872,4.54919e+06,3.11316e+06,1.47564e+07,0,439433,0,0,62.338,61.3098,6.04696,0,1,1.46995,1.46995,0,1.13564,1.90512,9.45415e+06,4.16116e+06,1.38971e+07,0,411253,0,0
74.9934,85.1408,6.33708,0.03,0.16,3.24386,3.24386,0,0.607876,4.6872,4.54919e+06,3.11316e+06,1.4757e+07,0,439450,0,0,62.338,61.3098,4.18934,0,1,1.47,1.47,0,1.13568,1.90512,9.45415e+06,4.16116e+06,1.38976e+07,0,411269,0,0
77.9558,85.1408,6.47959,0.04,0.16,3.24398,3.24398,0,0.6079,4.6872,4.54919e+06,3.11316e+06,1.47575e+07,0,439467,0,0,62.338,61.3098,4.76263,0,1,1.47006,1.47006,0,1.13572,1.90512,9.45415e+06,4.16116e+06,1.38982e+07,0,411284,0,0
84.2692,85.1408,10.0357,0.02,0.16,3.24411,3.24411,0,0.607923,4.6872,4.54919e+06,3.11316e+06,1.47581e+07,0,439483,0,0,62.338,61.3098,6.46146,0,1,1.47012,1.47012,0,1.13577,1.90512,9.45415e+06,4.16116e+06,1.38987e+07,0,411300,0,0
85.1408,85.1408,7.51586,0.02,0.16,3.34585,3.34585,0,0.607946,4.6872,4.54919e+06,3.11316e+06,1.52209e+07,0,453267,0,0,62.338,61.3098,7.61296,0,1,1.5177,1.5177,0,1.13581,1.90512,9.45415e+06,4.16116e+06,1.43486e+07,0,424614,0,0
85.1408,85.1408,6.15216,0.01,0.16,3.34596,3.34596,0,0.627013,4.6872,4.54919e+06,3.11316e+06,1.52214e+07,0,453281,0,0,62.338,61.3098,7.18492,0,1,1.51775,1.51775,0,1.17258,1.90512,9.45415e+06,4.16116e+06,1.4349e+07,0,424627,0,0
85.1408,85.1408,10.8873,0.01,0.16,3.34606,3.34606,0,0.627032,4.6872,4.54919e+06,3.11316e+06,1.52219e+07,0,453295,0,0,62.338,61.3098,10.329,0,1,1.5178,1.5178,0,1.17261,1.90512,9.45415e+06,4.16116e+06,1.43495e+07,0,424640,0,0
85.1408,85.1408,16.0208,0.01,0.16,3.34616,3.34616,0,0.627051,4.6872,4.54919e+06,3.11316e+06,1.52223e+07,0,453309,0,0,62.338,61.3098,10.922,0,1,1.51784,1.51784,0,1.17265,1.90512,9.45415e+06,4.16116e+06,1.43499e+07,0,424653,0,0
85.1408,85.1408,12.4942,0.01,0.16,3.67265,3.67265,0,0.627071,4.6872,4.54919e+06,3.11316e+06,1.67076e+07,0,497539,0,0,62.338,61.3098,12.7424,0,1,1.69636,1.69636,0,1.17268,1.90512,9.45415e+06,4.16116e+06,1.60376e+07,0,474597,0,0
85.1408,85.1408,7.36901,0.01,0.16,3.67276,3.67276,0,0.688255,4.6872,4.54919e+06,3.11316e+06,1.67081e+07,0,497554,0,0,62.338,61.3098,6.24936,0,1,1.69641,1.69641,0,1.31061,1.90512,9.45415e+06,4.16116e+06,1.60381e+07,0,474612,0,0
85.1408,85.1408,6.05977,0,0.16,3.67287,3.67287,0,0.688276,4.6872,4.54919e+06,3.11316e+06,1.67086e+07,0,497569,0,0,62.338,61.3098,5.24981,0,1,1.69646,1.69646,0,1.31065,1.90512,9.45415e+06,4.16116e+06,1.60386e+07,0,474626,0,0
85.1408,85.1408,6.51013,0,0.16,3.67299,3.67299,0,0.688297,4.6872,4.54919e+06,3.11316e+06,1.67091e+07,0,497584,0,0,62.338,61.3098,6.48603,0,1,1.69652,1.69652,0,1.31069,1.90512,9.45415e+06,4.16116e+06,1.60391e+07,0,474641,0,0
85.1408,85.1408,5.74184,0,0.16,3.20751,3.20751,0,0.688318,4.6872,4.54919e+06,3.11316e+06,1.45916e+07,0,434526,0,0,62.338,61.3098,5.63825,0,1,1.45703,1.45703,0,1.31073,1.90512,9.45415e+06,4.16116e+06,1.3775e+07,0,407638,0,0
85.1408,85.1408,4.77584,0,0.16,3.20761,3.20761,0,0.601088,4.6872,4.54919e+06,3.11316e+06,1.4592e+07,0,434539,0,0,62.338,61.3098,3.54883,0,1,1.45707,1.45707,0,1.1257,1.90512,9.45415e+06,4.16116e+06,1.37754e+07,0,407651,0,0
85.1408,85.1408,3.91807,0,0.16,3.20771,3.20771,0,0.601106,4.6872,4.54919e+06,3.11316e+06,1.45925e+07,0,434552,0,0,62.338,61.3098,2.85397,0,1,1.45712,1.45712,0,1.12573,1.90512,9.45415e+06,4.16116e+06,1.37758e+07,0,407663,0,0
85.1408,85.1408,4.91386,0,0.16,3.20781,3.20781,0,0.601124,4.6872,4.54919e+06,3.11316e+06,1.45929e+07,0,434565,0,0,62.338,61.3098,3.69209,0,1,1.45716,1.45716,0,1.12577,1.90512,9.45415e+06,4.16116e+06,1.37762e+07,0,407676,0,0
85.1408,85.1408,5.45248,0,0.16,3.2079,3.2079,0,0.601143,4.6872,4.54919e+06,3.11316e+06,1.45934e+07,0,434579,0,0,62.338,61.3098,4.47572,0,1,1.45721,1.45721,0,1.1258,1.90512,9.45415e+06,4.16116e+06,1.37766e+07,0,407688,0,0
85.1408,85.1408,4.73452,0,0.16,3.32522,3.32522,0,0.601161,4.6872,4.54919e+06,3.11316e+06,1.5127e+07,0,450471,0,0,62.338,61.3098,4.76534,0,1,1.51586,1.51586,0,1.12584,1.90512,9.45415e+06,4.16116e+06,1.43312e+07,0,424098,0,0
85.1408,85.1408,5.7098,0,0.16,3.32532,3.32532,0,0.623145,4.6872,4.54919e+06,3.11316e+06,1.51275e+07,0,450485,0,0,62.338,61.3098,6.17623,0,1,1.51591,1.51591,0,1.17115,1.90512,9.45415e+06,4.16116e+06,1.43316e+07,0,424111,0,0
85.1408,85.1408,3.99995,0,0.16,3.32542,3.32542,0,0.623164,4.6872,4.54919e+06,3.11316e+06,1.5128e+07,0,450499,0,0,62.338,61.3098,4.18265,0,1,1.51595,1.51595,0,1.17119,1.90512,9.45415e+06,4.16116e+06,1.4332e+07,0,424124,0,0
85.1213,85.1408,3.68565,0,0.16,3.32552,3.32552,0,0.623184,4.6872,4.54919e+06,3.11316e+06,1.51284e+07,0,450512,0,0,62.338,61.3098,3.75087,0,1,1.516,1.516,0,1.17123,1.90512,9.45415e+06,4.16116e+06,1.43325e+07,0,424137,0,0
84.9958,85.1408,3.51998,0,0.16,3.27979,3.27979,0,0.623203,4.6872,4.54919e+06,3.11316e+06,1.49204e+07,0,444317,0,0,62.338,61.3098,2.94461,0,1,1.49328,1.49328,0,1.17126,1.90512,9.45415e+06,4.16116e+06,1.41177e+07,0,417781,0,0
84.4045,85.1408,3.043,0,0.16,3.27989,3.27989,0,0.614632,4.6872,4.54919e+06,3.11316e+06,1.49208e+07,0,444330,0,0,62.2508,61.3098,2.66027,0,1,1.49333,1.49333,0,1.15371,1.90512,9.45415e+06,4.16116e+06,1.41181e+07,0,417793,0,0
83.6749,85.1408,2.80072,0.01,0.16,3.27999,3.27999,0,0.614651,4.6872,4.54919e+06,3.11316e+06,1.49213e+07,0,444344,0,0,62.338,61.3098,2.40683,0,1,1.49337,1.49337,0,1.15374,1.90512,9.45415e+06,4.16116e+06,1.41186e+07,0,417806,0,0
82.8857,85.1408,2.73036,0.01,0.16,3.28009,3.28009,0,0.61467,4.6872,4.54919e+06,3.11316e+06,1.49218e+07,0,444358,0,0,62.338,61.3098,2.70494,0,1,1.49342,1.49342,0,1.15378,1.90512,9.45415e+06,4.16116e+06,1.4119e+07,0,417819,0,0
81.922,85.1408,2.69196,0.01,0.16,3.43579,3.43579,0,0.614689,4.6872,4.54919e+06,3.11316e+06,1.56301e+07,0,465451,0,0,62.338,61.3098,2.43416,0,1,1.57421,1.57421,0,1.15381,1.90512,9.45415e+06,4.16116e+06,1.48828e+07,0,440422,0,0
80.7835,85.1408,2.45353,0.01,0.16,3.4359,3.4359,0,0.643867,4.6872,4.54919e+06,3.11316e+06,1.56306e+07,0,465465,0,0,62.338,61.3098,2.35844,0,1,1.57425,1.57425,0,1.21623,1.90512,9.45415e+06,4.16116e+06,1.48832e+07,0,440436,0,0
79.5618,85.1408,2.34561,0.01,0.16,3.436,3.436,0,0.643887,4.6872,4.54919e+06,3.11316e+06,1.5631e+07,0,465479,0,0,62.338,61.3098,2.39529,0,1,1.5743,1.5743,0,1.21627,1.90512,9.45415e+06,4.16116e+06,1.48837e+07,0,440449,0,0
78.2511,85.1408,2.23881,0.01,0.16,3.43611,3.43611,0,0.643907,4.6872,4.54919e+06,3.11316e+06,1.56315e+07,0,465494,0,0,62.338,61.3098,2.3343,0,1,1.57435,1.57435,0,1.21631,1.90512,9.45415e+06,4.16116e+06,1.48842e+07,0,440463,0,0
76.6481,85.1408,1.89191,0.02,0.16,3.43621,3.43621,0,0.643926,4.6872,4.54919e+06,3.11316e+06,1.5632e+07,0,465508,0,0,62.338,61.3098,2.38479,0,1,1.5744,1.5744,0,1.21634,1.90512,9.45415e+06,4.16116e+06,1.48846e+07,0,440476,0,0
74.8124,85.1408,1.57168,0.02,0.16,3.40554,3.40554,0,0.643946,4.6872,4.54919e+06,3.11316e+06,1.54925e+07,0,461353,0,0,62.2778,61.3098,2.51035,0,1,1.61883,1.61883,0,1.21638,1.90512,9.45415e+06,4.16116e+06,1.53047e+07,0,452907,0,0
72.8927,85.1408,1.47079,0.02,0.16,3.40564,3.40564,0,0.638198,4.6872,4.54919e+06,3.11316e+06,1.54929e+07,0,461367,0,0,62.1862,61.3098,2.41012,0,1,1.61888,1.61888,0,1.25071,1.90512,9.45415e+06,4.16116e+06,1.53052e+07,0,452921,0,0
70.861,85.1408,1.33997,0.02,0.16,3.40575,3.40575,0,0.638218,4.6872,4.54919e+06,3.11316e+06,1.54934e+07,0,461381,0,0,62.0604,61.3098,2.29442,0,1,1.61893,1.61893,0,1.25075,1.90512,9.45415e+06,4.16116e+06,1.53056e+07,0,452935,0,0
68.7415,85.1408,1.21712,0.02,0.16,3.40585,3.40585,0,0.638237,4.6872,4.54919e+06,3.11316e+06,1.54939e+07,0,461395,0,0,61.8836,61.3098,2.10575,0,1,1.61898,1.61898,0,1.25079,1.90512,9.45415e+06,4.16116e+06,1.53061e+07,0,452949,0,0
66.7474,85.1408,1.36212,0.03,0.16,3.48544,3.48544,0,0.638257,4.6872,4.54919e+06,3.11316e+06,1.5856e+07,0,472178,0,0,61.69,61.3098,2.22495,0,1,1.65859,1.65859,0,1.25083,1.90512,9.45415e+06,4.16116e+06,1.56806e+07,0,464031,0,0
64.6782,85.1408,1.2625,0.1,0.16,3.48555,3.48555,0,0.653172,4.6872,4.54919e+06,3.11316e+06,1.58564e+07,0,472192,0,0,61.4565,61.3098,1.99222,0,1,1.65864,1.65864,0,1.28143,1.90512,9.45415e+06,4.16116e+06,1.56811e+07,0,464045,0,0
62.662,85.1408,1.28434,0.1,0.16,3.48566,3.48566,0,0.653192,4.6872,4.54919e+06,3.11316e+06,1.58569e+07,0,472207,0,0,61.3003,61.3098,2.24351,0,1,1.65869,1.65869,0,1.28147,1.90512,9.45415e+06,4.16116e+06,1.56815e+07,0,464060,0,0
60.7282,85.1408,1.33484,0.1,0.16,3.48576,3.48576,0,0.653212,4.6872,4.54919e+06,3.11316e+06,1.58574e+07,0,472221,0,0,61.1934,61.3098,2.35682,0,1,1.65875,1.65875,0,1.28151,1.90512,9.45415e+06,4.16116e+06,1.5682e+07,0,464074,0,0
58.7282,85.1408,1.29005,0.1,0.16,3.551,3.71868,0,0.653232,4.6872,4.54919e+06,3.11316e+06,1.61542e+07,0,503774,0,0,60.9664,61.3098,2.23789,1,1,1.72037,1.80161,0,1.28155,1.90512,9.45415e+06,4.16116e+06,1.62647e+07,0,504044,0,0
56.7641,85.1408,1.29127,0.15,0.16,3.55111,3.71879,0,0.665457,4.6872,4.54919e+06,3.11316e+06,1.61547e+07,0,503789,0,0,60.7526,61.3098,2.43483,1,1,1.72043,1.80167,0,1.32916,1.90512,9.45415e+06,4.16116e+06,1.62652e+07,0,504059,0,0
54.6788,85.1408,1.16216,0.13,0.16,3.55122,3.71891,0,0.665477,4.6872,4.54919e+06,3.11316e+06,1.61552e+07,0,503805,0,0,60.512,61.3098,2.3335,1,1,1.72048,1.80172,0,1.3292,1.90512,9.45415e+06,4.16116e+06,1.62657e+07,0,504075,0,0
52.6478,85.1408,1.1724,0.13,0.16,3.55132,3.71902,0,0.665498,4.6872,4.54919e+06,3.11316e+06,1.61557e+07,0,503820,0,0,60.3812,61.3098,2.53291,1,1,1.72053,1.80178,0,1.32924,1.90512,9.45415e+06,4.16116e+06,1.62662e+07,0,504090,0,0
50.8128,85.1408,1.36285,0.14,0.16,3.55143,3.71913,0,0.665518,4.6872,4.54919e+06,3.11316e+06,1.61562e+07,0,503836,0,0,60.2397,61.3098,2.90568,1,1,1.72059,1.80183,0,1.32928,1.90512,9.45415e+06,4.16116e+06,1.62667e+07,0,504106,0,0
48.8113,85.1408,1.0912,0.18,0.16,3.44318,3.60577,0,0.665539,4.6872,4.54919e+06,3.11316e+06,1.56637e+07,0,488478,0,0,59.8729,61.3098,2.06006,1,1,1.63785,1.71519,0,1.32932,1.90512,9.45415e+06,4.16116e+06,1.54845e+07,0,479866,0,0
47.7109,85.1408,2.00662,0.17,0.16,3.44329,3.60588,0,0.645252,4.6872,4.54919e+06,3.11316e+06,1.56642e+07,0,488493,0,0,59.8961,61.3098,3.79577,1,1,1.6379,1.71524,0,1.2654,1.90512,9.45415e+06,4.16116e+06,1.5485e+07,0,479880,0,0
45.557,85.1408,0.929596,0.18,0.16,3.44339,3.60599,0,0.645272,4.6872,4.54919e+06,3.11316e+06,1.56647e+07,0,488508,0,0,59.5148,61.3098,1.99279,1,1,1.63795,1.7153,0,1.26544,1.90512,9.45415e+06,4.16116e+06,1.54854e+07,0,479895,0,0
43.6029,85.1408,1.14254,0.17,0.16,3.4435,3.6061,0,0.645291,4.6872,4.54919e+06,3.11316e+06,1.56651e+07,0,488523,0,0,59.2775,61.3098,2.19929,1,1,1.638,1.71535,0,1.26548,1.90512,9.45415e+06,4.16116e+06,1.54859e+07,0,479910,0,0
41.5427,85.1408,1.12586,0.15,0.16,3.51305,3.51305,0,0.645311,4.6872,4.54919e+06,3.11316e+06,1.59816e+07,0,475918,0,0,58.7695,61.3098,1.78632,0,1,1.63647,1.63647,0,1.26552,1.90512,9.45415e+06,4.16116e+06,1.54715e+07,0,457843,0,0
39.7292,85.1408,1.47897,0.21,0.16,3.51316,3.51316,0,0.658346,4.6872,4.54919e+06,3.11316e+06,1.5982e+07,0,475932,0,0,58.2816,61.3098,1.48661,0,1,1.63652,1.63652,0,1.26434,1.90512,9.45415e+06,4.16116e+06,1.5472e+07,0,457857,0,0
37.68,85.1408,1.22045,0.2,0.16,3.51327,3.51327,0,0.658366,4.6872,4.54919e+06,3.11316e+06,1.59825e+07,0,475947,0,0,57.7557,61.3098,1.53569,0,1,1.63657,1.63657,0,1.26438,1.90512,9.45415e+06,4.16116e+06,1.54724e+07,0,457871,0,0
37.4015,85.1408,3.12201,0.21,0.16,3.51338,3.51338,0,0.658386,4.6872,4.54919e+06,3.11316e+06,1.5983e+07,0,475961,0,0,57.8918,61.3098,4.72064,0,1,1.63662,1.63662,0,1.26442,1.90512,9.45415e+06,4.16116e+06,1.54729e+07,0,457885,0,0
37.1459,85.1408,2.95744,0.23,0.16,3.24888,3.24888,0,0.658406,4.6872,4.54919e+06,3.11316e+06,1.47798e+07,0,440129,0,0,58.4919,61.3098,4.21317,0,1,1.47228,1.47228,0,1.26446,1.90512,9.45415e+06,4.16116e+06,1.39191e+07,0,411905,0,0
35.4764,85.1408,1.31733,0.23,0.16,3.1869,3.24898,0,0.60884,4.6872,4.54919e+06,3.11316e+06,1.44978e+07,0,440143,0,0,58.4475,61.3098,2.6555,0,1,1.5344,1.47232,0,1.13748,1.90512,9.45415e+06,4.16116e+06,1.45064e+07,0,411917,0,0
35.4263,85.1408,2.98971,0.24,0.16,3.18705,3.24908,0,0.597225,4.6872,4.54919e+06,3.11316e+06,1.44985e+07,0,440156,0,0,59.0341,61.3098,4.59493,0,1,1.5344,1.47237,0,1.18548,1.90512,9.45415e+06,4.16116e+06,1.45064e+07,0,411930,0,0
37.3097,85.1408,5.27459,0.25,0.16,3.18719,3.24918,0,0.597252,4.6872,4.54919e+06,3.11316e+06,1.44991e+07,0,440170,0,0,60.8335,61.3098,8.07078,0,1,1.5344,1.47241,0,1.18548,1.90512,9.45415e+06,4.16116e+06,1.45064e+07,0,411942,0,0
38.518,85.1408,4.67806,0.26,0.16,3.18733,3.24927,0,0.597279,4.6872,4.54919e+06,3.11316e+06,1.44998e+07,0,440183,0,0,61.9254,61.3098,6.00253,0,1,1.5344,1.47246,0,1.18548,1.90512,9.45415e+06,4.16116e+06,1.45064e+07,0,411955,0,0
41.8368,85.1408,6.90113,0.27,0.16,3.28926,3.35116,0,0.597306,4.6872,4.54919e+06,3.11316e+06,1.49635e+07,0,453985,0,0,62.338,61.3098,6.18506,0,1,1.582,1.52011,0,1.18548,1.90512,9.45415e+06,4.16116e+06,1.49565e+07,0,425287,0,0
45.7271,85.1408,7.46486,0.28,0.16,3.33699,3.35123,0,0.616408,4.6872,4.54919e+06,3.11316e+06,1.51806e+07,0,453996,0,0,62.338,61.3098,5.70505,0,1,1.53439,1.52014,0,1.22226,1.90512,9.45415e+06,4.16116e+06,1.45063e+07,0,425297,0,0
49.4346,85.1408,7.38706,0.18,0.16,3.3371,3.35131,0,0.625352,4.6872,4.54919e+06,3.11316e+06,1.51811e+07,0,454006,0,0,62.338,61.3098,7.27428,0,1,1.53439,1.52018,0,1.18547,1.90512,9.45415e+06,4.16116e+06,1.45063e+07,0,425306,0,0
50.5659,85.1408,4.56119,0.18,0.16,3.33722,3.35139,0,0.625373,4.6872,4.54919e+06,3.11316e+06,1.51816e+07,0,454017,0,0,62.338,61.3098,4.31546,0,1,1.53439,1.52021,0,1.18547,1.90512,9.45415e+06,4.16116e+06,1.45063e+07,0,425316,0,0
52.2618,85.1408,5.48039,0.19,0.16,3.66422,3.67836,0,0.625394,4.6872,4.54919e+06,3.11316e+06,1.66693e+07,0,498312,0,0,62.338,61.3098,4.71668,0,1,1.71314,1.699,0,1.18547,1.90512,9.45415e+06,4.16116e+06,1.61962e+07,0,475335,0,0
54.3404,85.1408,5.95709,0.1,0.16,3.67845,3.67845,0,0.686675,4.6872,4.54919e+06,3.11316e+06,1.6734e+07,0,498324,0,0,62.338,61.3098,4.70724,0,1,1.69904,1.69904,0,1.32357,1.90512,9.45415e+06,4.16116e+06,1.6063e+07,0,475346,0,0
57.6511,85.1408,7.35236,0.11,0.16,3.67853,3.67853,0,0.689341,4.6872,4.54919e+06,3.11316e+06,1.67344e+07,0,498335,0,0,62.338,61.3098,5.22543,0,1,1.69908,1.69908,0,1.31268,1.90512,9.45415e+06,4.16116e+06,1.60633e+07,0,475357,0,0
60.3018,85.1408,6.7854,0.12,0.16,3.67862,3.67862,0,0.689357,4.6872,4.54919e+06,3.11316e+06,1.67347e+07,0,498347,0,0,62.338,61.3098,6.42602,0,1,1.69912,1.69912,0,1.31271,1.90512,9.45415e+06,4.16116e+06,1.60637e+07,0,475368,0,0
62.2624,85.1408,5.65594,0.07,0.16,3.2124,3.2124,0,0.689373,4.6872,4.54919e+06,3.11316e+06,1.46138e+07,0,435188,0,0,62.338,61.3098,5.59507,0,1,1.45925,1.45925,0,1.31274,1.90512,9.45415e+06,4.16116e+06,1.3796e+07,0,408260,0,0
64.3784,85.1408,5.69669,0.07,0.16,3.13737,3.21248,0,0.602004,4.6872,4.54919e+06,3.11316e+06,1.42725e+07,0,435198,0,0,62.338,61.3098,4.7761,0,1,1.53439,1.45928,0,1.12742,1.90512,9.45415e+06,4.16116e+06,1.45063e+07,0,408269,0,0
67.2878,85.1408,6.62131,0.08,0.16,3.13748,3.21255,0,0.587944,4.6872,4.54919e+06,3.11316e+06,1.4273e+07,0,435208,0,0,62.338,61.3098,5.94615,0,1,1.53439,1.45932,0,1.18547,1.90512,9.45415e+06,4.16116e+06,1.45063e+07,0,408279,0,0
69.327,85.1408,5.53749,0.09,0.16,3.13759,3.21263,0,0.587964,4.6872,4.54919e+06,3.11316e+06,1.42735e+07,0,435218,0,0,62.338,61.3098,4.614,0,1,1.53439,1.45935,0,1.18547,1.90512,9.45415e+06,4.16116e+06,1.45063e+07,0,408288,0,0
70.2251,85.1408,4.52451,0.05,0.16,3.2127,3.2127,0,0.587984,4.6872,4.54919e+06,3.11316e+06,1.46152e+07,0,435228,0,0,62.338,61.3098,3.82245,0,1,1.45938,1.45938,0,1.18547,1.90512,9.45415e+06,4.16116e+06,1.37972e+07,0,408298,0,0
70.45,85.1408,3.93485,0.04,0.16,3.33016,3.33016,0,0.60206,4.6872,4.54919e+06,3.11316e+06,1.51495e+07,0,451141,0,0,62.338,61.3098,4.21833,0,1,1.51811,1.51811,0,1.12752,1.90512,9.45415e+06,4.16116e+06,1.43525e+07,0,424729,0,0
70.6338,85.1408,3.93889,0.04,0.16,3.33024,3.33024,0,0.624072,4.6872,4.54919e+06,3.11316e+06,1.51499e+07,0,451152,0,0,62.338,61.3098,3.98157,0,1,1.51815,1.51815,0,1.1729,1.90512,9.45415e+06,4.16116e+06,1.43528e+07,0,424739,0,0
72.2254,85.1408,5.37232,0.04,0.16,3.33032,3.33032,0,0.624087,4.6872,4.54919e+06,3.11316e+06,1.51502e+07,0,451162,0,0,62.338,61.3098,5.14461,0,1,1.51818,1.51818,0,1.17292,1.90512,9.45415e+06,4.16116e+06,1.43531e+07,0,424749,0,0
73.7765,85.1408,5.33422,0.02,0.16,3.33039,3.33039,0,0.624101,4.6872,4.54919e+06,3.11316e+06,1.51506e+07,0,451172,0,0,62.338,61.3098,6.63977,0,1,1.51822,1.51822,0,1.17295,1.90512,9.45415e+06,4.16116e+06,1.43535e+07,0,424758,0,0
74.5256,85.1408,4.47257,0.03,0.16,3.28457,3.28457,0,0.624115,4.6872,4.54919e+06,3.11316e+06,1.49421e+07,0,444964,0,0,62.338,61.3098,6.04881,0,1,1.49546,1.49546,0,1.17298,1.90512,9.45415e+06,4.16116e+06,1.41383e+07,0,418390,0,0
74.65,85.1408,3.72401,0.03,0.16,3.28464,3.28464,0,0.615528,4.6872,4.54919e+06,3.11316e+06,1.49425e+07,0,444975,0,0,62.338,61.3098,6.01102,0,1,1.49549,1.49549,0,1.15539,1.90512,9.45415e+06,4.16116e+06,1.41386e+07,0,418399,0,0
74.6128,85.1408,3.49293,0.03,0.16,3.28472,3.28472,0,0.615542,4.6872,4.54919e+06,3.11316e+06,1.49428e+07,0,444985,0,0,62.338,61.3098,4.71199,0,1,1.49552,1.49552,0,1.15542,1.90512,9.45415e+06,4.16116e+06,1.41389e+07,0,418409,0,0
74.1497,85.1408,2.9869,0.04,0.16,3.28479,3.28479,0,0.615556,4.6872,4.54919e+06,3.11316e+06,1.49432e+07,0,444995,0,0,62.338,61.3098,4.30764,0,1,1.49556,1.49556,0,1.15544,1.90512,9.45415e+06,4.16116e+06,1.41392e+07,0,418419,0,0
73.8138,85.1408,3.2629,0.03,0.16,3.44069,3.44069,0,0.61557,4.6872,4.54919e+06,3.11316e+06,1.56524e+07,0,466115,0,0,62.338,61.3098,5.26914,0,1,1.57645,1.57645,0,1.15547,1.90512,9.45415e+06,4.16116e+06,1.4904e+07,0,441051,0,0
73.3913,85.1408,3.16966,0.03,0.16,3.44077,3.44077,0,0.644786,4.6872,4.54919e+06,3.11316e+06,1.56527e+07,0,466126,0,0,62.338,61.3098,4.81497,0,1,1.57649,1.57649,0,1.21797,1.90512,9.45415e+06,4.16116e+06,1.49044e+07,0,441061,0,0
72.7774,85.1408,2.94946,0.03,0.16,3.44085,3.44085,0,0.644801,4.6872,4.54919e+06,3.11316e+06,1.56531e+07,0,466137,0,0,62.338,61.3098,4.27046,0,1,1.57653,1.57653,0,1.218,1.90512,9.45415e+06,4.16116e+06,1.49047e+07,0,441071,0,0
72.0754,85.1408,2.78148,0.02,0.16,3.44093,3.44093,0,0.644816,4.6872,4.54919e+06,3.11316e+06,1.56535e+07,0,466148,0,0,62.338,61.3098,3.93214,0,1,1.57656,1.57656,0,1.21802,1.90512,9.45415e+06,4.16116e+06,1.49051e+07,0,441081,0,0
71.2339,85.1408,2.60611,0.02,0.16,3.44101,3.44101,0,0.644831,4.6872,4.54919e+06,3.11316e+06,1.56538e+07,0,466158,0,0,62.338,61.3098,3.79571,0,1,1.5766,1.5766,0,1.21805,1.90512,9.45415e+06,4.16116e+06,1.49054e+07,0,441091,0,0
70.3978,85.1408,2.55238,0.02,0.16,3.41027,3.41027,0,0.644846,4.6872,4.54919e+06,3.11316e+06,1.5514e+07,0,461994,0,0,62.338,61.3098,3.709,0,1,1.62108,1.62108,0,1.21808,1.90512,9.45415e+06,4.16116e+06,1.5326e+07,0,453537,0,0
69.3879,85.1408,2.36972,0.02,0.16,3.41035,3.41035,0,0.639085,4.6872,4.54919e+06,3.11316e+06,1.55143e+07,0,462005,0,0,62.338,61.3098,3.62941,0,1,1.62112,1.62112,0,1.25245,1.90512,9.45415e+06,4.16116e+06,1.53263e+07,0,453547,0,0
68.1828,85.1408,2.16043,0.02,0.16,3.41043,3.41043,0,0.6391,4.6872,4.54919e+06,3.11316e+06,1.55147e+07,0,462015,0,0,62.338,61.3098,3.3161,0,1,1.62116,1.62116,0,1.25248,1.90512,9.45415e+06,4.16116e+06,1.53267e+07,0,453558,0,0
66.8278,85.1408,1.97341,0.02,0.16,3.41051,3.41051,0,0.639115,4.6872,4.54919e+06,3.11316e+06,1.55151e+07,0,462026,0,0,62.338,61.3098,3.1732,0,1,1.6212,1.6212,0,1.25251,1.90512,9.45415e+06,4.16116e+06,1.5327e+07,0,453568,0,0
65.7474,85.1408,2.26765,0.07,0.16,3.49018,3.49018,0,0.639129,4.6872,4.54919e+06,3.11316e+06,1.58775e+07,0,472820,0,0,62.338,61.3098,3.20316,0,1,1.66085,1.66085,0,1.25254,1.90512,9.45415e+06,4.16116e+06,1.57019e+07,0,464662,0,0
64.7338,85.1408,2.35895,0.09,0.16,3.49026,3.49026,0,0.65406,4.6872,4.54919e+06,3.11316e+06,1.58779e+07,0,472831,0,0,62.284,61.3098,3.36543,0,1,1.66089,1.66089,0,1.28317,1.90512,9.45415e+06,4.16116e+06,1.57023e+07,0,464673,0,0
63.5911,85.1408,2.1881,0.1,0.16,3.49035,3.49035,0,0.654076,4.6872,4.54919e+06,3.11316e+06,1.58783e+07,0,472842,0,0,62.168,61.3098,3.25745,0,1,1.66092,1.66092,0,1.2832,1.90512,9.45415e+06,4.16116e+06,1.57026e+07,0,464684,0,0
62.2765,85.1408,1.99229,0.1,0.16,3.49043,3.49043,0,0.654091,4.6872,4.54919e+06,3.11316e+06,1.58786e+07,0,472852,0,0,62.0106,61.3098,2.84118,0,1,1.66096,1.66096,0,1.28323,1.90512,9.45415e+06,4.16116e+06,1.5703e+07,0,464694,0,0
61.3688,85.1408,2.44073,0.08,0.16,3.55572,3.72362,0,0.654106,4.6872,4.54919e+06,3.11316e+06,1.61757e+07,0,504444,0,0,61.9764,61.3098,3.70476,1,1,1.72266,1.80401,0,1.28326,1.90512,9.45415e+06,4.16116e+06,1.62863e+07,0,504714,0,0
60.6847,85.1408,2.66723,0.09,0.16,3.5558,3.72371,0,0.666342,4.6872,4.54919e+06,3.11316e+06,1.6176e+07,0,504456,0,0,61.9009,61.3098,3.40614,1,1,1.7227,1.80405,0,1.33093,1.90512,9.45415e+06,4.16116e+06,1.62867e+07,0,504726,0,0
59.7,85.1408,2.39691,0.08,0.16,3.55588,3.72379,0,0.666357,4.6872,4.54919e+06,3.11316e+06,1.61764e+07,0,504467,0,0,61.7931,61.3098,3.26299,1,1,1.72274,1.80409,0,1.33096,1.90512,9.45415e+06,4.16116e+06,1.62871e+07,0,504737,0,0
58.7753,85.1408,2.41979,0.08,0.16,3.55597,3.72388,0,0.666373,4.6872,4.54919e+06,3.11316e+06,1.61768e+07,0,504479,0,0,61.8164,61.3098,3.52844,1,1,1.72278,1.80413,0,1.33099,1.90512,9.45415e+06,4.16116e+06,1.62874e+07,0,504749,0,0
58.1083,85.1408,2.66841,0.14,0.16,3.55605,3.72397,0,0.666388,4.6872,4.54919e+06,3.11316e+06,1.61772e+07,0,504490,0,0,61.84,61.3098,4.17288,1,1,1.72282,1.80417,0,1.33102,1.90512,9.45415e+06,4.16116e+06,1.62878e+07,0,504761,0,0
58.3792,85.1408,3.50395,0.14,0.16,3.44763,3.61043,0,0.666404,4.6872,4.54919e+06,3.11316e+06,1.56839e+07,0,489109,0,0,61.8495,61.3098,3.82944,1,1,1.63997,1.71741,0,1.33105,1.90512,9.45415e+06,4.16116e+06,1.55045e+07,0,480486,0,0
58.5178,85.1408,3.45513,0.13,0.16,3.44771,3.61051,0,0.646086,4.6872,4.54919e+06,3.11316e+06,1.56843e+07,0,489120,0,0,62.1386,61.3098,4.51711,1,1,1.64,1.71745,0,1.26704,1.90512,9.45415e+06,4.16116e+06,1.55049e+07,0,480497,0,0
58.9198,85.1408,3.74461,0.11,0.16,3.44779,3.61059,0,0.646101,4.6872,4.54919e+06,3.11316e+06,1.56847e+07,0,489132,0,0,62.338,61.3098,4.88599,1,1,1.64004,1.71749,0,1.26707,1.90512,9.45415e+06,4.16116e+06,1.55052e+07,0,480508,0,0
59.3806,85.1408,3.87721,0.1,0.16,3.44787,3.61068,0,0.646116,4.6872,4.54919e+06,3.11316e+06,1.5685e+07,0,489143,0,0,62.338,61.3098,5.15354,1,1,1.64008,1.71753,0,1.2671,1.90512,9.45415e+06,4.16116e+06,1.55056e+07,0,480519,0,0
58.4746,85.1408,2.58382,0.09,0.16,3.51749,3.51749,0,0.646131,4.6872,4.54919e+06,3.11316e+06,1.60017e+07,0,476518,0,0,62.1132,61.3098,4.06382,0,1,1.63854,1.63854,0,1.26713,1.90512,9.45415e+06,4.16116e+06,1.5491e+07,0,458421,0,0
56.6546,85.1408,1.61154,0.08,0.16,3.51757,3.51757,0,0.659177,4.6872,4.54919e+06,3.11316e+06,1.60021e+07,0,476529,0,0,61.8572,61.3098,1.6204,0,1,1.63858,1.63858,0,1.26594,1.90512,9.45415e+06,4.16116e+06,1.54914e+07,0,458431,0,0
56.6063,85.1408,3.41509,0.08,0.16,3.51765,3.51765,0,0.659192,4.6872,4.54919e+06,3.11316e+06,1.60025e+07,0,476540,0,0,62.2549,61.3098,3.53736,0,1,1.63862,1.63862,0,1.26597,1.90512,9.45415e+06,4.16116e+06,1.54917e+07,0,458442,0,0
59.9308,85.1408,6.97079,0.06,0.16,3.51773,3.51773,0,0.659207,4.6872,4.54919e+06,3.11316e+06,1.60028e+07,0,476551,0,0,62.338,61.3098,7.41402,0,1,1.63865,1.63865,0,1.26599,1.90512,9.45415e+06,4.16116e+06,1.54921e+07,0,458453,0,0
62.1553,85.1408,5.72855,0.04,0.16,3.25288,3.25288,0,0.659223,4.6872,4.54919e+06,3.11316e+06,1.4798e+07,0,440672,0,0,62.338,61.3098,6.12841,0,1,1.47409,1.47409,0,1.26602,1.90512,9.45415e+06,4.16116e+06,1.39363e+07,0,412412,0,0
67.0569,85.1408,8.94805,0.04,0.16,3.25296,3.25296,0,0.60959,4.6872,4.54919e+06,3.11316e+06,1.47983e+07,0,440682,0,0,62.338,61.3098,7.22716,0,1,1.47412,1.47412,0,1.13888,1.90512,9.45415e+06,4.16116e+06,1.39366e+07,0,412422,0,0
71.2147,85.1408,7.83072,0.04,0.16,3.25303,3.25303,0,0.609604,4.6872,4.54919e+06,3.11316e+06,1.47987e+07,0,440692,0,0,62.338,61.3098,8.63127,0,1,1.47416,1.47416,0,1.13891,1.90512,9.45415e+06,4.16116e+06,1.39369e+07,0,412431,0,0
77.1226,85.1408,9.55878,0.03,0.16,3.25311,3.25311,0,0.609618,4.6872,4.54919e+06,3.11316e+06,1.4799e+07,0,440702,0,0,62.338,61.3098,12.888,0,1,1.47419,1.47419,0,1.13893,1.90512,9.45415e+06,4.16116e+06,1.39372e+07,0,412441,0,0
79.089,85.1408,5.85875,0.02,0.16,3.25318,3.25318,0,0.609632,4.6872,4.54919e+06,3.11316e+06,1.47993e+07,0,440712,0,0,62.338,61.3098,6.35285,0,1,1.47423,1.47423,0,1.13896,1.90512,9.45415e+06,4.16116e+06,1.39376e+07,0,412450,0,0
78.4444,85.1408,3.15906,0.02,0.16,3.35516,3.35516,0,0.609646,4.6872,4.54919e+06,3.11316e+06,1.52633e+07,0,454528,0,0,62.338,61.3098,5.72903,0,1,1.52192,1.52192,0,1.13899,1.90512,9.45415e+06,4.16116e+06,1.43885e+07,0,425795,0,0
79.5614,85.1408,4.92126,0.02,0.16,3.35521,3.35521,0,0.628757,4.6872,4.54919e+06,3.11316e+06,1.52635e+07,0,454535,0,0,62.338,61.3098,8.00999,0,1,1.52195,1.52195,0,1.17584,1.90512,9.45415e+06,4.16116e+06,1.43887e+07,0,425802,0,0
78.6032,85.1408,2.82837,0.03,0.16,3.35527,3.35527,0,0.628767,4.6872,4.54919e+06,3.11316e+06,1.52638e+07,0,454542,0,0,62.338,61.3098,5.68917,0,1,1.52197,1.52197,0,1.17586,1.90512,9.45415e+06,4.16116e+06,1.4389e+07,0,425808,0,0
80.5138,85.1408,5.62446,0.02,0.16,3.35532,3.35532,0,0.628777,4.6872,4.54919e+06,3.11316e+06,1.5264e+07,0,454549,0,0,62.338,61.3098,4.49634,0,1,1.522,1.522,0,1.17588,1.90512,9.45415e+06,4.16116e+06,1.43892e+07,0,425815,0,0
79.991,85.1408,3.57208,0.03,0.16,3.68265,3.68265,0,0.628787,4.6872,4.54919e+06,3.11316e+06,1.67531e+07,0,498893,0,0,62.338,61.3098,4.85346,0,1,1.70098,1.70098,0,1.17589,1.90512,9.45415e+06,4.16116e+06,1.60813e+07,0,475889,0,0
78.9549,85.1408,3.02712,0.02,0.16,3.6827,3.6827,0,0.690128,4.6872,4.54919e+06,3.11316e+06,1.67533e+07,0,498901,0,0,62.338,61.3098,5.05499,0,1,1.701,1.701,0,1.31417,1.90512,9.45415e+06,4.16116e+06,1.60815e+07,0,475897,0,0
79.0778,85.1408,4.17094,0.02,0.16,3.68276,3.68276,0,0.690139,4.6872,4.54919e+06,3.11316e+06,1.67536e+07,0,498908,0,0,62.338,61.3098,6.11656,0,1,1.70103,1.70103,0,1.3142,1.90512,9.45415e+06,4.16116e+06,1.60818e+07,0,475904,0,0
79.2953,85.1408,4.32698,0.01,0.16,3.68282,3.68282,0,0.69015,4.6872,4.54919e+06,3.11316e+06,1.67539e+07,0,498916,0,0,62.338,61.3098,4.4337,0,1,1.70106,1.70106,0,1.31422,1.90512,9.45415e+06,4.16116e+06,1.60821e+07,0,475912,0,0
81.4019,85.1408,6.04941,0.01,0.16,3.21605,3.21605,0,0.69016,4.6872,4.54919e+06,3.11316e+06,1.46304e+07,0,435682,0,0,62.338,61.3098,7.61312,0,1,1.46091,1.46091,0,1.31424,1.90512,9.45415e+06,4.16116e+06,1.38116e+07,0,408724,0,0
84.6005,85.1408,7.19867,0.01,0.16,3.2161,3.2161,0,0.602688,4.6872,4.54919e+06,3.11316e+06,1.46307e+07,0,435689,0,0,62.338,61.3098,7.70322,0,1,1.46093,1.46093,0,1.1287,1.90512,9.45415e+06,4.16116e+06,1.38118e+07,0,408730,0,0
85.1408,85.1408,7.25744,0.01,0.16,3.21615,3.21615,0,0.602697,4.6872,4.54919e+06,3.11316e+06,1.46309e+07,0,435696,0,0,62.338,61.3098,10.3181,0,1,1.46095,1.46095,0,1.12871,1.90512,9.45415e+06,4.16116e+06,1.38121e+07,0,408736,0,0
85.1408,85.1408,7.85493,0,0.16,3.2162,3.2162,0,0.602707,4.6872,4.54919e+06,3.11316e+06,1.46311e+07,0,435703,0,0,62.338,61.3098,9.30483,0,1,1.46097,1.46097,0,1.12873,1.90512,9.45415e+06,4.16116e+06,1.38123e+07,0,408743,0,0
85.1408,85.1408,8.40577,0,0.16,3.21625,3.21625,0,0.602716,4.6872,4.54919e+06,3.11316e+06,1.46313e+07,0,435710,0,0,62.338,61.3098,10.0881,0,1,1.461,1.461,0,1.12875,1.90512,9.45415e+06,4.16116e+06,1.38125e+07,0,408749,0,0
85.1408,85.1408,7.17746,0,0.16,3.33382,3.33382,0,0.602725,4.6872,4.54919e+06,3.11316e+06,1.51662e+07,0,451637,0,0,62.338,61.3098,6.09223,0,1,1.51978,1.51978,0,1.12877,1.90512,9.45415e+06,4.16116e+06,1.43682e+07,0,425195,0,0
85.1408,85.1408,7.14537,0,0.16,3.33387,3.33387,0,0.624758,4.6872,4.54919e+06,3.11316e+06,1.51664e+07,0,451644,0,0,62.338,61.3098,14.0433,0,1,1.51981,1.51981,0,1.17418,1.90512,9.45415e+06,4.16116e+06,1.43685e+07,0,425202,0,0
85.1408,85.1408,5.62326,0,0.16,3.33392,3.33392,0,0.624767,4.6872,4.54919e+06,3.11316e+06,1.51667e+07,0,451651,0,0,62.338,61.3098,7.26087,0,1,1.51983,1.51983,0,1.1742,1.90512,9.45415e+06,4.16116e+06,1.43687e+07,0,425209,0,0
85.1408,85.1408,6.41917,0,0.16,3.33398,3.33398,0,0.624777,4.6872,4.54919e+06,3.11316e+06,1.51669e+07,0,451658,0,0,62.338,61.3098,7.6124,0,1,1.51985,1.51985,0,1.17422,1.90512,9.45415e+06,4.16116e+06,1.43689e+07,0,425215,0,0
85.1408,85.1408,4.50631,0,0.16,3.28808,3.28808,0,0.624787,4.6872,4.54919e+06,3.11316e+06,1.49581e+07,0,445440,0,0,62.338,61.3098,5.1302,0,1,1.49705,1.49705,0,1.17424,1.90512,9.45415e+06,4.16116e+06,1.41534e+07,0,418837,0,0
85.1408,85.1408,3.86511,0,0.16,3.28813,3.28813,0,0.616185,4.6872,4.54919e+06,3.11316e+06,1.49583e+07,0,445447,0,0,62.338,61.3098,3.73757,0,1,1.49708,1.49708,0,1.15662,1.90512,9.45415e+06,4.16116e+06,1.41536e+07,0,418843,0,0
84.9108,85.1408,3.43001,0,0.16,3.28818,3.28818,0,0.616195,4.6872,4.54919e+06,3.11316e+06,1.49586e+07,0,445454,0,0,62.338,61.3098,3.46974,0,1,1.4971,1.4971,0,1.15664,1.90512,9.45415e+06,4.16116e+06,1.41538e+07,0,418850,0,0
84.6686,85.1408,3.38073,0.01,0.16,3.28823,3.28823,0,0.616205,4.6872,4.54919e+06,3.11316e+06,1.49588e+07,0,445461,0,0,62.338,61.3098,3.59335,0,1,1.49712,1.49712,0,1.15666,1.90512,9.45415e+06,4.16116e+06,1.4154e+07,0,418856,0,0
84.0451,85.1408,3.08244,0.01,0.16,3.44427,3.44427,0,0.616214,4.6872,4.54919e+06,3.11316e+06,1.56686e+07,0,466599,0,0,62.338,61.3098,3.42086,0,1,1.57809,1.57809,0,1.15668,1.90512,9.45415e+06,4.16116e+06,1.49195e+07,0,441509,0,0
83.4026,85.1408,3.02154,0.01,0.16,3.44432,3.44432,0,0.645456,4.6872,4.54919e+06,3.11316e+06,1.56689e+07,0,466607,0,0,62.338,61.3098,3.03398,0,1,1.57812,1.57812,0,1.21923,1.90512,9.45415e+06,4.16116e+06,1.49197e+07,0,441516,0,0
82.5118,85.1408,2.75838,0.01,0.16,3.44438,3.44438,0,0.645466,4.6872,4.54919e+06,3.11316e+06,1.56691e+07,0,466614,0,0,62.338,61.3098,2.52565,0,1,1.57814,1.57814,0,1.21925,1.90512,9.45415e+06,4.16116e+06,1.492e+07,0,441523,0,0
81.338,85.1408,2.43756,0.01,0.16,3.44443,3.44443,0,0.645476,4.6872,4.54919e+06,3.11316e+06,1.56694e+07,0,466621,0,0,62.303,61.3098,2.24298,0,1,1.57817,1.57817,0,1.21927,1.90512,9.45415e+06,4.16116e+06,1.49202e+07,0,441530,0,0
79.9711,85.1408,2.19342,0.02,0.16,3.44448,3.44448,0,0.645486,4.6872,4.54919e+06,3.11316e+06,1.56696e+07,0,466629,0,0,62.2294,61.3098,2.34778,0,1,1.57819,1.57819,0,1.21929,1.90512,9.45415e+06,4.16116e+06,1.49204e+07,0,441537,0,0
78.4035,85.1408,1.92331,0.02,0.16,3.41369,3.41369,0,0.645496,4.6872,4.54919e+06,3.11316e+06,1.55295e+07,0,462457,0,0,62.0156,61.3098,1.97939,0,1,1.62271,1.62271,0,1.21931,1.90512,9.45415e+06,4.16116e+06,1.53413e+07,0,453991,0,0
76.7703,85.1408,1.83522,0.02,0.16,3.41374,3.41374,0,0.639725,4.6872,4.54919e+06,3.11316e+06,1.55298e+07,0,462464,0,0,61.8013,61.3098,1.9416,0,1,1.62273,1.62273,0,1.2537,1.90512,9.45415e+06,4.16116e+06,1.53416e+07,0,453998,0,0
75.0768,85.1408,1.73397,0.02,0.16,3.4138,3.4138,0,0.639735,4.6872,4.54919e+06,3.11316e+06,1.553e+07,0,462471,0,0,61.5177,61.3098,1.94095,0,1,1.62276,1.62276,0,1.25372,1.90512,9.45415e+06,4.16116e+06,1.53418e+07,0,454005,0,0
73.2552,85.1408,1.59685,0.03,0.16,3.41385,3.41385,0,0.639745,4.6872,4.54919e+06,3.11316e+06,1.55303e+07,0,462478,0,0,60.9891,61.3098,1.87603,0,1,1.62278,1.62278,0,1.25374,1.90512,9.45415e+06,4.16116e+06,1.5342e+07,0,454012,0,0
71.154,85.1408,1.3269,0.03,0.16,3.49358,3.49358,0,0.639755,4.6872,4.54919e+06,3.11316e+06,1.5893e+07,0,473279,0,0,60.2065,61.3098,1.56174,0,1,1.66246,1.66246,0,1.25376,1.90512,9.45415e+06,4.16116e+06,1.57172e+07,0,465114,0,0
68.8694,85.1408,1.10636,0.04,0.16,3.49363,3.49363,0,0.654696,4.6872,4.54919e+06,3.11316e+06,1.58932e+07,0,473287,0,0,59.3101,61.3098,1.38183,0,1,1.66249,1.66249,0,1.28442,1.90512,9.45415e+06,4.16116e+06,1.57174e+07,0,465121,0,0
66.5407,85.1408,1.03615,0.05,0.16,3.49369,3.49369,0,0.654706,4.6872,4.54919e+06,3.11316e+06,1.58935e+07,0,473294,0,0,58.3384,61.3098,1.30793,0,1,1.66251,1.66251,0,1.28444,1.90512,9.45415e+06,4.16116e+06,1.57177e+07,0,465128,0,0
64.1609,85.1408,0.946809,0.1,0.16,3.49374,3.49374,0,0.654717,4.6872,4.54919e+06,3.11316e+06,1.58937e+07,0,473301,0,0,57.2551,61.3098,1.2001,0,1,1.66254,1.66254,0,1.28446,1.90512,9.45415e+06,4.16116e+06,1.57179e+07,0,465136,0,0
61.6564,85.1408,0.825665,0.11,0.16,3.55907,3.72713,0,0.654727,4.6872,4.54919e+06,3.11316e+06,1.61909e+07,0,504919,0,0,55.8859,61.3098,1.06524,1,1,1.72429,1.80571,0,1.28448,1.90512,9.45415e+06,4.16116e+06,1.63017e+07,0,505190,0,0
59.0918,85.1408,0.723266,0.1,0.16,3.55913,3.72719,0,0.66697,4.6872,4.54919e+06,3.11316e+06,1.61912e+07,0,504927,0,0,54.4321,61.3098,0.807917,1,1,1.72431,1.80573,0,1.33218,1.90512,9.45415e+06,4.16116e+06,1.63019e+07,0,505198,0,0
56.4788,85.1408,0.655554,0.14,0.16,3.55918,3.72725,0,0.66698,4.6872,4.54919e+06,3.11316e+06,1.61914e+07,0,504935,0,0,53.0175,61.3098,0.775099,1,1,1.72434,1.80576,0,1.3322,1.90512,9.45415e+06,4.16116e+06,1.63022e+07,0,505206,0,0
53.9156,85.1408,0.65908,0.14,0.16,3.55924,3.72731,0,0.666991,4.6872,4.54919e+06,3.11316e+06,1.61917e+07,0,504943,0,0,51.7699,61.3098,0.848827,1,1,1.72437,1.80579,0,1.33222,1.90512,9.45415e+06,4.16116e+06,1.63024e+07,0,505213,0,0
51.3954,85.1408,0.66533,0.14,0.16,3.55929,3.72737,0,0.667001,4.6872,4.54919e+06,3.11316e+06,1.61919e+07,0,504951,0,0,50.4839,61.3098,0.966708,1,1,1.72439,1.80582,0,1.33225,1.90512,9.45415e+06,4.16116e+06,1.63027e+07,0,505221,0,0
49.0226,85.1408,0.711541,0.14,0.16,3.45075,3.6137,0,0.667012,4.6872,4.54919e+06,3.11316e+06,1.56981e+07,0,489552,0,0,49.1733,61.3098,0.87193,1,1,1.64145,1.71896,0,1.33227,1.90512,9.45415e+06,4.16116e+06,1.55185e+07,0,480921,0,0
46.684,85.1408,0.745452,0.17,0.16,3.4508,3.61375,0,0.646671,4.6872,4.54919e+06,3.11316e+06,1.56984e+07,0,489560,0,0,47.9436,61.3098,0.889677,1,1,1.64148,1.71899,0,1.26819,1.90512,9.45415e+06,4.16116e+06,1.55188e+07,0,480928,0,0
44.5393,85.1408,0.965391,0.18,0.16,3.45086,3.61381,0,0.646681,4.6872,4.54919e+06,3.11316e+06,1.56986e+07,0,489567,0,0,47.1572,61.3098,0.945739,1,1,1.6415,1.71901,0,1.2682,1.90512,9.45415e+06,4.16116e+06,1.5519e+07,0,480936,0,0
42.785,85.1408,1.40152,0.17,0.16,3.45091,3.61387,0,0.646691,4.6872,4.54919e+06,3.11316e+06,1.56989e+07,0,489575,0,0,46.84,61.3098,1.58109,1,1,1.64153,1.71904,0,1.26822,1.90512,9.45415e+06,4.16116e+06,1.55193e+07,0,480943,0,0
41.6638,85.1408,2.2334,0.15,0.16,3.52057,3.52057,0,0.646701,4.6872,4.54919e+06,3.11316e+06,1.60157e+07,0,476935,0,0,46.7954,61.3098,1.98864,0,1,1.63997,1.63997,0,1.26824,1.90512,9.45415e+06,4.16116e+06,1.55046e+07,0,458822,0,0
41.3199,85.1408,3.05631,0.21,0.16,3.52062,3.52062,0,0.659754,4.6872,4.54919e+06,3.11316e+06,1.6016e+07,0,476943,0,0,46.7483,61.3098,2.23088,0,1,1.64,1.64,0,1.26704,1.90512,9.45415e+06,4.16116e+06,1.55048e+07,0,458829,0,0
40.9838,85.1408,3.08175,0.21,0.16,3.52068,3.52068,0,0.659764,4.6872,4.54919e+06,3.11316e+06,1.60162e+07,0,476950,0,0,46.8104,61.3098,2.35327,0,1,1.64003,1.64003,0,1.26706,1.90512,9.45415e+06,4.16116e+06,1.55051e+07,0,458837,0,0
40.9099,85.1408,3.32881,0.21,0.16,3.52073,3.52073,0,0.659775,4.6872,4.54919e+06,3.11316e+06,1.60165e+07,0,476958,0,0,47.3248,61.3098,3.29468,0,1,1.64005,1.64005,0,1.26708,1.90512,9.45415e+06,4.16116e+06,1.55053e+07,0,458844,0,0
41.9368,85.1408,4.26505,0.23,0.16,3.25563,3.25563,0,0.659785,4.6872,4.54919e+06,3.11316e+06,1.48105e+07,0,441044,0,0,47.9259,61.3098,3.11025,0,1,1.47534,1.47534,0,1.2671,1.90512,9.45415e+06,4.16116e+06,1.39481e+07,0,412761,0,0
47.21,85.1408,8.68183,0.24,0.16,3.19667,3.25568,0,0.610105,4.6872,4.54919e+06,3.11316e+06,1.45423e+07,0,441051,0,0,50.3258,61.3098,6.13909,0,1,1.53438,1.47536,0,1.13985,1.90512,9.45415e+06,4.16116e+06,1.45062e+07,0,412767,0,0
50.8666,85.1408,7.08118,0.15,0.16,3.19674,3.25573,0,0.599055,4.6872,4.54919e+06,3.11316e+06,1.45426e+07,0,441058,0,0,53.6721,61.3098,7.91426,0,1,1.53438,1.47538,0,1.18546,1.90512,9.45415e+06,4.16116e+06,1.45062e+07,0,412774,0,0
55.7999,85.1408,8.56539,0.18,0.16,3.19682,3.25578,0,0.599069,4.6872,4.54919e+06,3.11316e+06,1.45429e+07,0,441065,0,0,57.9746,61.3098,9.25962,0,1,1.53438,1.47541,0,1.18546,1.90512,9.45415e+06,4.16116e+06,1.45062e+07,0,412780,0,0
59.367,85.1408,7.45412,0.1,0.16,3.19689,3.25584,0,0.599083,4.6872,4.54919e+06,3.11316e+06,1.45433e+07,0,441072,0,0,60.1798,61.3098,5.93702,0,1,1.53438,1.47543,0,1.18546,1.90512,9.45415e+06,4.16116e+06,1.45062e+07,0,412787,0,0
60.7954,85.1408,4.84428,0.1,0.16,3.19691,3.25584,0,0.599097,4.6872,4.54919e+06,3.11316e+06,1.45434e+07,0,441072,0,0,61.2654,61.3098,4.93536,0,1,1.53435,1.47543,0,1.18546,1.90512,9.45415e+06,4.16116e+06,1.4506e+07,0,412787,0,0
61.7798,85.1408,4.65979,0.05,0.16,3.35787,3.35787,0,0.599101,4.6872,4.54919e+06,3.11316e+06,1.52756e+07,0,454895,0,0,62.338,61.3098,5.51089,0,1,1.52316,1.52316,0,1.18544,1.90512,9.45415e+06,4.16116e+06,1.44001e+07,0,426139,0,0
61.8444,85.1408,3.62183,0.05,0.16,3.3579,3.3579,0,0.629266,4.6872,4.54919e+06,3.11316e+06,1.52757e+07,0,454899,0,0,62.338,61.3098,4.2768,0,1,1.52317,1.52317,0,1.17679,1.90512,9.45415e+06,4.16116e+06,1.44003e+07,0,426143,0,0
61.5962,85.1408,3.2684,0.05,0.16,3.35793,3.35793,0,0.629271,4.6872,4.54919e+06,3.11316e+06,1.52759e+07,0,454903,0,0,62.338,61.3098,3.97511,0,1,1.52318,1.52318,0,1.1768,1.90512,9.45415e+06,4.16116e+06,1.44004e+07,0,426146,0,0
61.3523,85.1408,3.28474,0.06,0.16,3.34679,3.35796,0,0.629276,4.6872,4.54919e+06,3.11316e+06,1.52252e+07,0,454907,0,0,62.338,61.3098,4.38937,0,1,1.53436,1.52319,0,1.17681,1.90512,9.45415e+06,4.16116e+06,1.45061e+07,0,426150,0,0
61.3049,85.1408,3.71674,0.06,0.16,3.67436,3.68552,0,0.627188,4.6872,4.54919e+06,3.11316e+06,1.67154e+07,0,499282,0,0,62.338,61.3098,4.92839,0,1,1.71346,1.7023,0,1.18545,1.90512,9.45415e+06,4.16116e+06,1.61993e+07,0,476260,0,0
62.7753,85.1408,5.50829,0.06,0.16,3.68555,3.68555,0,0.688575,4.6872,4.54919e+06,3.11316e+06,1.67663e+07,0,499286,0,0,62.338,61.3098,6.92351,0,1,1.70232,1.70232,0,1.32382,1.90512,9.45415e+06,4.16116e+06,1.6094e+07,0,476264,0,0
62.7358,85.1408,3.89511,0.06,0.16,3.68558,3.68558,0,0.690672,4.6872,4.54919e+06,3.11316e+06,1.67664e+07,0,499290,0,0,62.338,61.3098,5.42524,0,1,1.70233,1.70233,0,1.31521,1.90512,9.45415e+06,4.16116e+06,1.60941e+07,0,476268,0,0
64.6095,85.1408,5.79972,0.07,0.16,3.68561,3.68561,0,0.690677,4.6872,4.54919e+06,3.11316e+06,1.67666e+07,0,499294,0,0,62.338,61.3098,8.00315,0,1,1.70235,1.70235,0,1.31522,1.90512,9.45415e+06,4.16116e+06,1.60942e+07,0,476272,0,0
68.5173,85.1408,7.58474,0.07,0.16,3.21846,3.21846,0,0.690683,4.6872,4.54919e+06,3.11316e+06,1.46414e+07,0,436009,0,0,62.338,61.3098,7.6253,0,1,1.462,1.462,0,1.31523,1.90512,9.45415e+06,4.16116e+06,1.3822e+07,0,409030,0,0
70.2382,85.1408,5.43612,0.04,0.16,3.21849,3.21849,0,0.60314,4.6872,4.54919e+06,3.11316e+06,1.46415e+07,0,436013,0,0,62.338,61.3098,6.35,0,1,1.46201,1.46201,0,1.12954,1.90512,9.45415e+06,4.16116e+06,1.38221e+07,0,409034,0,0
72.0928,85.1408,5.48691,0.05,0.16,3.21852,3.21852,0,0.603145,4.6872,4.54919e+06,3.11316e+06,1.46417e+07,0,436016,0,0,62.338,61.3098,5.11915,0,1,1.46203,1.46203,0,1.12955,1.90512,9.45415e+06,4.16116e+06,1.38222e+07,0,409037,0,0
73.586,85.1408,5.14142,0.05,0.16,3.21854,3.21854,0,0.60315,4.6872,4.54919e+06,3.11316e+06,1.46418e+07,0,436020,0,0,62.338,61.3098,6.10163,0,1,1.46204,1.46204,0,1.12956,1.90512,9.45415e+06,4.16116e+06,1.38223e+07,0,409040,0,0
75.6589,85.1408,5.68392,0.05,0.16,3.21857,3.21857,0,0.603155,4.6872,4.54919e+06,3.11316e+06,1.46419e+07,0,436024,0,0,62.338,61.3098,4.14032,0,1,1.46205,1.46205,0,1.12957,1.90512,9.45415e+06,4.16116e+06,1.38225e+07,0,409044,0,0
77.6518,85.1408,5.7233,0.05,0.16,3.3362,3.3362,0,0.60316,4.6872,4.54919e+06,3.11316e+06,1.5177e+07,0,451959,0,0,62.338,61.3098,4.79954,0,1,1.52087,1.52087,0,1.12958,1.90512,9.45415e+06,4.16116e+06,1.43785e+07,0,425499,0,0
78.2118,85.1408,4.21545,0.01,0.16,3.33623,3.33623,0,0.625203,4.6872,4.54919e+06,3.11316e+06,1.51771e+07,0,451963,0,0,62.338,61.3098,3.2838,0,1,1.52088,1.52088,0,1.17502,1.90512,9.45415e+06,4.16116e+06,1.43786e+07,0,425502,0,0
78.3339,85.1408,3.72276,0,0.16,3.33625,3.33625,0,0.625209,4.6872,4.54919e+06,3.11316e+06,1.51773e+07,0,451966,0,0,62.338,61.3098,2.89108,0,1,1.52089,1.52089,0,1.17503,1.90512,9.45415e+06,4.16116e+06,1.43787e+07,0,425506,0,0
78.0972,85.1408,3.32765,0,0.16,3.33628,3.33628,0,0.625214,4.6872,4.54919e+06,3.11316e+06,1.51774e+07,0,451970,0,0,62.306,61.3098,2.75723,0,1,1.5209,1.5209,0,1.17504,1.90512,9.45415e+06,4.16116e+06,1.43789e+07,0,425510,0,0
77.587,85.1408,2.96561,0,0.16,3.29033,3.29033,0,0.625219,4.6872,4.54919e+06,3.11316e+06,1.49683e+07,0,445745,0,0,62.1675,61.3098,2.47416,0,1,1.49808,1.49808,0,1.17505,1.90512,9.45415e+06,4.16116e+06,1.41631e+07,0,419123,0,0
76.8239,85.1408,2.68255,0,0.16,3.29035,3.29035,0,0.616607,4.6872,4.54919e+06,3.11316e+06,1.49685e+07,0,445748,0,0,62.1874,61.3098,2.23751,0,1,1.49809,1.49809,0,1.15742,1.90512,9.45415e+06,4.16116e+06,1.41632e+07,0,419127,0,0
75.8814,85.1408,2.46633,0.01,0.16,3.29038,3.29038,0,0.616612,4.6872,4.54919e+06,3.11316e+06,1.49686e+07,0,445752,0,0,62.3068,61.3098,2.12329,0,1,1.4981,1.4981,0,1.15742,1.90512,9.45415e+06,4.16116e+06,1.41633e+07,0,419130,0,0
74.9093,85.1408,2.40509,0.03,0.16,3.29041,3.29041,0,0.616618,4.6872,4.54919e+06,3.11316e+06,1.49687e+07,0,445756,0,0,61.9603,61.3098,2.4178,0,1,1.49812,1.49812,0,1.15743,1.90512,9.45415e+06,4.16116e+06,1.41634e+07,0,419134,0,0
73.4832,85.1408,2.04108,0.03,0.16,3.44653,3.44653,0,0.616623,4.6872,4.54919e+06,3.11316e+06,1.56789e+07,0,466905,0,0,61.4577,61.3098,1.77632,0,1,1.57913,1.57913,0,1.15744,1.90512,9.45415e+06,4.16116e+06,1.49293e+07,0,441798,0,0
71.9954,85.1408,1.95997,0.03,0.16,3.44655,3.44655,0,0.645879,4.6872,4.54919e+06,3.11316e+06,1.5679e+07,0,466909,0,0,61.0999,61.3098,1.73338,0,1,1.57914,1.57914,0,1.22003,1.90512,9.45415e+06,4.16116e+06,1.49294e+07,0,441802,0,0
70.4527,85.1408,1.88328,0.02,0.16,3.44658,3.44658,0,0.645884,4.6872,4.54919e+06,3.11316e+06,1.56792e+07,0,466913,0,0,60.676,61.3098,1.76989,0,1,1.57915,1.57915,0,1.22004,1.90512,9.45415e+06,4.16116e+06,1.49295e+07,0,441806,0,0
68.9104,85.1408,1.83771,0.02,0.16,3.44661,3.44661,0,0.64589,4.6872,4.54919e+06,3.11316e+06,1.56793e+07,0,466917,0,0,60.4606,61.3098,1.71212,0,1,1.57916,1.57916,0,1.22005,1.90512,9.45415e+06,4.16116e+06,1.49297e+07,0,441809,0,0
67.1422,85.1408,1.57792,0.02,0.16,3.44664,3.44664,0,0.645895,4.6872,4.54919e+06,3.11316e+06,1.56794e+07,0,466921,0,0,60.0336,61.3098,2.10372,0,1,1.57918,1.57918,0,1.22006,1.90512,9.45415e+06,4.16116e+06,1.49298e+07,0,441813,0,0
65.2911,85.1408,1.44163,0.07,0.16,3.4158,3.4158,0,0.645901,4.6872,4.54919e+06,3.11316e+06,1.55391e+07,0,462743,0,0,59.5457,61.3098,2.00739,0,1,1.62371,1.62371,0,1.22007,1.90512,9.45415e+06,4.16116e+06,1.53508e+07,0,454272,0,0
63.4165,85.1408,1.38958,0.06,0.16,3.41583,3.41583,0,0.640121,4.6872,4.54919e+06,3.11316e+06,1.55393e+07,0,462747,0,0,59.0333,61.3098,1.78528,0,1,1.62372,1.62372,0,1.25448,1.90512,9.45415e+06,4.16116e+06,1.53509e+07,0,454276,0,0
61.5183,85.1408,1.32796,0.07,0.16,3.41586,3.41586,0,0.640126,4.6872,4.54919e+06,3.11316e+06,1.55394e+07,0,462751,0,0,58.4939,61.3098,1.71387,0,1,1.62374,1.62374,0,1.25449,1.90512,9.45415e+06,4.16116e+06,1.53511e+07,0,454280,0,0
59.6472,85.1408,1.31185,0.07,0.16,3.41589,3.41589,0,0.640132,4.6872,4.54919e+06,3.11316e+06,1.55395e+07,0,462754,0,0,58.0623,61.3098,1.86218,0,1,1.62375,1.62375,0,1.2545,1.90512,9.45415e+06,4.16116e+06,1.53512e+07,0,454283,0,0
57.5818,85.1408,1.18201,0.09,0.16,3.49564,3.49564,0,0.640137,4.6872,4.54919e+06,3.11316e+06,1.59023e+07,0,473558,0,0,57.5207,61.3098,1.80007,0,1,1.66344,1.66344,0,1.25451,1.90512,9.45415e+06,4.16116e+06,1.57264e+07,0,465388,0,0
55.4753,85.1408,1.09409,0.13,0.16,3.49567,3.49567,0,0.655082,4.6872,4.54919e+06,3.11316e+06,1.59025e+07,0,473562,0,0,56.8288,61.3098,1.74435,0,1,1.66346,1.66346,0,1.28518,1.90512,9.45415e+06,4.16116e+06,1.57266e+07,0,465392,0,0
53.3084,85.1408,0.9962,0.13,0.16,3.49569,3.49569,0,0.655088,4.6872,4.54919e+06,3.11316e+06,1.59026e+07,0,473566,0,0,56.2388,61.3098,1.51762,0,1,1.66347,1.66347,0,1.28519,1.90512,9.45415e+06,4.16116e+06,1.57267e+07,0,465396,0,0
51.3222,85.1408,1.14187,0.14,0.16,3.49572,3.49572,0,0.655093,4.6872,4.54919e+06,3.11316e+06,1.59027e+07,0,473570,0,0,55.5799,61.3098,2.01065,0,1,1.66348,1.66348,0,1.2852,1.90512,9.45415e+06,4.16116e+06,1.57268e+07,0,465400,0,0
49.1305,85.1408,0.998788,0.14,0.16,3.56106,3.72922,0,0.655099,4.6872,4.54919e+06,3.11316e+06,1.62e+07,0,505202,0,0,54.9371,61.3098,1.43653,1,1,1.72525,1.80672,0,1.28521,1.90512,9.45415e+06,4.16116e+06,1.63108e+07,0,505473,0,0
47.0315,85.1408,1.10782,0.18,0.16,3.56109,3.72925,0,0.667344,4.6872,4.54919e+06,3.11316e+06,1.62001e+07,0,505206,0,0,54.0882,61.3098,1.78214,1,1,1.72527,1.80673,0,1.33293,1.90512,9.45415e+06,4.16116e+06,1.63109e+07,0,505477,0,0
44.7315,85.1408,0.903823,0.18,0.16,3.56112,3.72928,0,0.667349,4.6872,4.54919e+06,3.11316e+06,1.62002e+07,0,505211,0,0,53.4121,61.3098,1.2495,1,1,1.72528,1.80675,0,1.33294,1.90512,9.45415e+06,4.16116e+06,1.63111e+07,0,505481,0,0
42.6356,85.1408,1.09974,0.19,0.16,3.56115,3.72931,0,0.667355,4.6872,4.54919e+06,3.11316e+06,1.62004e+07,0,505215,0,0,52.9547,61.3098,2.30796,1,1,1.72529,1.80676,0,1.33295,1.90512,9.45415e+06,4.16116e+06,1.63112e+07,0,505485,0,0
41.0835,85.1408,1.68915,0.16,0.16,3.56118,3.72934,0,0.66736,4.6872,4.54919e+06,3.11316e+06,1.62005e+07,0,505219,0,0,53.0658,61.3098,3.90392,1,1,1.72531,1.80678,0,1.33296,1.90512,9.45415e+06,4.16116e+06,1.63113e+07,0,505490,0,0
39.5928,85.1408,1.65366,0.21,0.16,3.45256,3.61559,0,0.667366,4.6872,4.54919e+06,3.11316e+06,1.57064e+07,0,489808,0,0,52.8873,61.3098,2.86307,1,1,1.64231,1.71986,0,1.33297,1.90512,9.45415e+06,4.16116e+06,1.55267e+07,0,481172,0,0
37.8179,85.1408,1.35828,0.21,0.16,3.45259,3.61562,0,0.647009,4.6872,4.54919e+06,3.11316e+06,1.57065e+07,0,489812,0,0,52.5896,61.3098,2.26406,1,1,1.64232,1.71988,0,1.26885,1.90512,9.45415e+06,4.16116e+06,1.55268e+07,0,481176,0,0
36.808,85.1408,2.21798,0.2,0.16,3.45262,3.61565,0,0.647015,4.6872,4.54919e+06,3.11316e+06,1.57066e+07,0,489817,0,0,52.6352,61.3098,3.01306,1,1,1.64234,1.71989,0,1.26886,1.90512,9.45415e+06,4.16116e+06,1.55269e+07,0,481180,0,0
38.8202,85.1408,5.56101,0.2,0.16,3.45264,3.61568,0,0.64702,4.6872,4.54919e+06,3.11316e+06,1.57067e+07,0,489821,0,0,53.4727,61.3098,4.81299,1,1,1.64235,1.7199,0,1.26887,1.90512,9.45415e+06,4.16116e+06,1.5527e+07,0,481185,0,0
39.7433,85.1408,4.44998,0.2,0.16,3.52231,3.52231,0,0.647026,4.6872,4.54919e+06,3.11316e+06,1.60237e+07,0,477171,0,0,54.1137,61.3098,4.60009,0,1,1.64079,1.64079,0,1.26888,1.90512,9.45415e+06,4.16116e+06,1.55122e+07,0,459049,0,0
40.4564,85.1408,4.29068,0.2,0.16,3.52234,3.52234,0,0.66008,4.6872,4.54919e+06,3.11316e+06,1.60238e+07,0,477175,0,0,54.9869,61.3098,4.988,0,1,1.6408,1.6408,0,1.26767,1.90512,9.45415e+06,4.16116e+06,1.55124e+07,0,459053,0,0
44.5798,85.1408,7.80649,0.21,0.16,3.52237,3.52237,0,0.660086,4.6872,4.54919e+06,3.11316e+06,1.60239e+07,0,477179,0,0,56.331,61.3098,6.66692,0,1,1.64081,1.64081,0,1.26768,1.90512,9.45415e+06,4.16116e+06,1.55125e+07,0,459057,0,0
47.1336,85.1408,6.0669,0.12,0.16,3.5224,3.5224,0,0.660091,4.6872,4.54919e+06,3.11316e+06,1.60241e+07,0,477183,0,0,57.2982,61.3098,4.968,0,1,1.64083,1.64083,0,1.26769,1.90512,9.45415e+06,4.16116e+06,1.55126e+07,0,459061,0,0
52.3969,85.1408,8.73174,0.13,0.16,3.25715,3.25715,0,0.660097,4.6872,4.54919e+06,3.11316e+06,1.48174e+07,0,441250,0,0,60.0489,61.3098,7.42524,0,1,1.47602,1.47602,0,1.2677,1.90512,9.45415e+06,4.16116e+06,1.39546e+07,0,412953,0,0
55.1896,85.1408,6.14208,0.06,0.16,3.19885,3.25717,0,0.610389,4.6872,4.54919e+06,3.11316e+06,1.45522e+07,0,441253,0,0,61.6033,61.3098,5.86253,0,1,1.53436,1.47604,0,1.14038,1.90512,9.45415e+06,4.16116e+06,1.45061e+07,0,412956,0,0
57.6872,85.1408,5.99459,0.09,0.16,3.19888,3.2572,0,0.599464,4.6872,4.54919e+06,3.11316e+06,1.45523e+07,0,441257,0,0,62.338,61.3098,8.95753,0,1,1.53436,1.47605,0,1.18545,1.90512,9.45415e+06,4.16116e+06,1.45061e+07,0,412960,0,0
65.1061,85.1408,11.1693,0.1,0.16,3.19892,3.25723,0,0.599471,4.6872,4.54919e+06,3.11316e+06,1.45525e+07,0,441261,0,0,62.338,61.3098,11.7038,0,1,1.53436,1.47606,0,1.18545,1.90512,9.45415e+06,4.16116e+06,1.45061e+07,0,412963,0,0
71.6305,85.1408,10.5108,0.05,0.16,3.25726,3.25726,0,0.599478,4.6872,4.54919e+06,3.11316e+06,1.48179e+07,0,441265,0,0,62.338,61.3098,10.2979,0,1,1.47607,1.47607,0,1.18545,1.90512,9.45415e+06,4.16116e+06,1.3955e+07,0,412967,0,0
77.5314,85.1408,9.98119,0.04,0.16,3.35931,3.35931,0,0.61041,4.6872,4.54919e+06,3.11316e+06,1.52822e+07,0,455091,0,0,62.338,61.3098,10.2527,0,1,1.52381,1.52381,0,1.14041,1.90512,9.45415e+06,4.16116e+06,1.44063e+07,0,426322,0,0
80.4123,85.1408,6.78774,0.02,0.16,3.35932,3.35932,0,0.629535,4.6872,4.54919e+06,3.11316e+06,1.52822e+07,0,455091,0,0,62.338,61.3098,5.67362,0,1,1.52381,1.52381,0,1.17729,1.90512,9.45415e+06,4.16116e+06,1.44063e+07,0,426322,0,0
82.6596,85.1408,6.14167,0.02,0.16,3.35932,3.35932,0,0.629536,4.6872,4.54919e+06,3.11316e+06,1.52822e+07,0,455092,0,0,62.338,61.3098,4.61896,0,1,1.52381,1.52381,0,1.1773,1.90512,9.45415e+06,4.16116e+06,1.44063e+07,0,426323,0,0
84.2739,85.1408,5.52232,0.03,0.16,3.35933,3.35933,0,0.629537,4.6872,4.54919e+06,3.11316e+06,1.52822e+07,0,455092,0,0,62.338,61.3098,5.81697,0,1,1.52381,1.52381,0,1.1773,1.90512,9.45415e+06,4.16116e+06,1.44064e+07,0,426323,0,0
84.3391,85.1408,4.34628,0.02,0.16,3.68699,3.68699,0,0.629538,4.6872,4.54919e+06,3.11316e+06,1.67728e+07,0,499481,0,0,62.338,61.3098,6.55914,0,1,1.70298,1.70298,0,1.1773,1.90512,9.45415e+06,4.16116e+06,1.61003e+07,0,476451,0,0
83.959,85.1408,3.72747,0.02,0.16,3.68699,3.68699,0,0.690942,4.6872,4.54919e+06,3.11316e+06,1.67729e+07,0,499482,0,0,62.338,61.3098,4.54066,0,1,1.70299,1.70299,0,1.31573,1.90512,9.45415e+06,4.16116e+06,1.61003e+07,0,476451,0,0
85.1408,85.1408,6.01164,0.02,0.16,3.687,3.687,0,0.690943,4.6872,4.54919e+06,3.11316e+06,1.67729e+07,0,499482,0,0,62.338,61.3098,8.58267,0,1,1.70299,1.70299,0,1.31573,1.90512,9.45415e+06,4.16116e+06,1.61003e+07,0,476452,0,0
85.1408,85.1408,5.6088,0,0.16,3.687,3.687,0,0.690944,4.6872,4.54919e+06,3.11316e+06,1.67729e+07,0,499483,0,0,62.338,61.3098,9.19379,0,1,1.70299,1.70299,0,1.31573,1.90512,9.45415e+06,4.16116e+06,1.61003e+07,0,476452,0,0
85.1408,85.1408,5.72758,0,0.16,3.21966,3.21966,0,0.690944,4.6872,4.54919e+06,3.11316e+06,1.46468e+07,0,436171,0,0,62.338,61.3098,7.57932,0,1,1.46254,1.46254,0,1.31573,1.90512,9.45415e+06,4.16116e+06,1.38271e+07,0,409182,0,0
85.1408,85.1408,5.8726,0,0.16,3.21966,3.21966,0,0.603363,4.6872,4.54919e+06,3.11316e+06,1.46469e+07,0,436171,0,0,62.338,61.3098,7.2727,0,1,1.46255,1.46255,0,1.12996,1.90512,9.45415e+06,4.16116e+06,1.38271e+07,0,409182,0,0
85.1408,85.1408,7.82967,0,0.16,3.21966,3.21966,0,0.603364,4.6872,4.54919e+06,3.11316e+06,1.46469e+07,0,436172,0,0,62.338,61.3098,11.1231,0,1,1.46255,1.46255,0,1.12996,1.90512,9.45415e+06,4.16116e+06,1.38271e+07,0,409183,0,0
85.1408,85.1408,8.58082,0,0.16,3.21967,3.21967,0,0.603365,4.6872,4.54919e+06,3.11316e+06,1.46469e+07,0,436172,0,0,62.338,61.3098,13.7363,0,1,1.46255,1.46255,0,1.12996,1.90512,9.45415e+06,4.16116e+06,1.38272e+07,0,409183,0,0
85.1408,85.1408,6.99253,0,0.16,3.21967,3.21967,0,0.603365,4.6872,4.54919e+06,3.11316e+06,1.46469e+07,0,436173,0,0,62.338,61.3098,17.5251,0,1,1.46255,1.46255,0,1.12997,1.90512,9.45415e+06,4.16116e+06,1.38272e+07,0,409184,0,0
85.1408,85.1408,5.02264,0,0.16,3.33731,3.33731,0,0.603366,4.6872,4.54919e+06,3.11316e+06,1.51821e+07,0,452110,0,0,62.338,61.3098,9.05066,0,1,1.52138,1.52138,0,1.12997,1.90512,9.45415e+06,4.16116e+06,1.43833e+07,0,425641,0,0
85.1408,85.1408,4.47698,0,0.16,3.33732,3.33732,0,0.625413,4.6872,4.54919e+06,3.11316e+06,1.51821e+07,0,452111,0,0,62.338,61.3098,7.5139,0,1,1.52138,1.52138,0,1.17541,1.90512,9.45415e+06,4.16116e+06,1.43833e+07,0,425642,0,0
85.1408,85.1408,4.14362,0,0.16,3.33732,3.33732,0,0.625413,4.6872,4.54919e+06,3.11316e+06,1.51821e+07,0,452111,0,0,62.338,61.3098,6.35012,0,1,1.52138,1.52138,0,1.17542,1.90512,9.45415e+06,4.16116e+06,1.43833e+07,0,425642,0,0
85.1408,85.1408,4.07681,0,0.16,3.33733,3.33733,0,0.625414,4.6872,4.54919e+06,3.11316e+06,1.51821e+07,0,452112,0,0,62.338,61.3098,6.99445,0,1,1.52138,1.52138,0,1.17542,1.90512,9.45415e+06,4.16116e+06,1.43834e+07,0,425643,0,0
85.1408,85.1408,4.29408,0,0.16,3.29133,3.29133,0,0.625415,4.6872,4.54919e+06,3.11316e+06,1.49729e+07,0,445881,0,0,62.338,61.3098,7.27663,0,1,1.49854,1.49854,0,1.17542,1.90512,9.45415e+06,4.16116e+06,1.41674e+07,0,419251,0,0
84.9439,85.1408,3.46626,0,0.16,3.29134,3.29134,0,0.616796,4.6872,4.54919e+06,3.11316e+06,1.49729e+07,0,445881,0,0,62.338,61.3098,5.52001,0,1,1.49854,1.49854,0,1.15777,1.90512,9.45415e+06,4.16116e+06,1.41674e+07,0,419252,0,0
84.7582,85.1408,3.45093,0.01,0.16,3.29134,3.29134,0,0.616796,4.6872,4.54919e+06,3.11316e+06,1.49729e+07,0,445882,0,0,62.338,61.3098,5.15235,0,1,1.49854,1.49854,0,1.15777,1.90512,9.45415e+06,4.16116e+06,1.41674e+07,0,419252,0,0
84.1777,85.1408,2.98,0.01,0.16,3.29134,3.29134,0,0.616797,4.6872,4.54919e+06,3.11316e+06,1.4973e+07,0,445882,0,0,62.338,61.3098,5.29088,0,1,1.49854,1.49854,0,1.15777,1.90512,9.45415e+06,4.16116e+06,1.41674e+07,0,419253,0,0
83.589,85.1408,3.06538,0.01,0.16,3.44748,3.44748,0,0.616798,4.6872,4.54919e+06,3.11316e+06,1.56832e+07,0,467034,0,0,62.338,61.3098,4.61388,0,1,1.57956,1.57956,0,1.15777,1.90512,9.45415e+06,4.16116e+06,1.49334e+07,0,441920,0,0
82.8434,85.1408,2.87976,0.01,0.16,3.44748,3.44748,0,0.646057,4.6872,4.54919e+06,3.11316e+06,1.56833e+07,0,467035,0,0,62.338,61.3098,4.38212,0,1,1.57956,1.57956,0,1.22037,1.90512,9.45415e+06,4.16116e+06,1.49334e+07,0,441921,0,0
81.9433,85.1408,2.6774,0.02,0.16,3.44749,3.44749,0,0.646058,4.6872,4.54919e+06,3.11316e+06,1.56833e+07,0,467035,0,0,62.338,61.3098,3.91012,0,1,1.57957,1.57957,0,1.22037,1.90512,9.45415e+06,4.16116e+06,1.49335e+07,0,441921,0,0
80.9112,85.1408,2.513,0.02,0.16,3.44749,3.44749,0,0.646059,4.6872,4.54919e+06,3.11316e+06,1.56833e+07,0,467036,0,0,62.338,61.3098,4.20145,0,1,1.57957,1.57957,0,1.22037,1.90512,9.45415e+06,4.16116e+06,1.49335e+07,0,441922,0,0
80.1483,85.1408,2.77061,0.02,0.16,3.44749,3.44749,0,0.64606,4.6872,4.54919e+06,3.11316e+06,1.56833e+07,0,467036,0,0,62.338,61.3098,3.8107,0,1,1.57957,1.57957,0,1.22037,1.90512,9.45415e+06,4.16116e+06,1.49335e+07,0,441922,0,0
79.1629,85.1408,2.49993,0.02,0.16,3.41662,3.41662,0,0.64606,4.6872,4.54919e+06,3.11316e+06,1.55429e+07,0,462854,0,0,62.338,61.3098,3.32774,0,1,1.6241,1.6241,0,1.22037,1.90512,9.45415e+06,4.16116e+06,1.53545e+07,0,454381,0,0
78.007,85.1408,2.30593,0.02,0.16,3.41662,3.41662,0,0.640275,4.6872,4.54919e+06,3.11316e+06,1.55429e+07,0,462854,0,0,62.338,61.3098,3.15417,0,1,1.6241,1.6241,0,1.25478,1.90512,9.45415e+06,4.16116e+06,1.53545e+07,0,454382,0,0
76.7907,85.1408,2.22194,0.02,0.16,3.41663,3.41663,0,0.640275,4.6872,4.54919e+06,3.11316e+06,1.55429e+07,0,462855,0,0,62.338,61.3098,2.86052,0,1,1.6241,1.6241,0,1.25478,1.90512,9.45415e+06,4.16116e+06,1.53545e+07,0,454382,0,0
75.4252,85.1408,2.04011,0.02,0.16,3.41663,3.41663,0,0.640276,4.6872,4.54919e+06,3.11316e+06,1.55429e+07,0,462856,0,0,62.3201,61.3098,2.53618,0,1,1.62411,1.62411,0,1.25478,1.90512,9.45415e+06,4.16116e+06,1.53545e+07,0,454383,0,0
74.1177,85.1408,2.15766,0.04,0.16,3.49637,3.49637,0,0.640277,4.6872,4.54919e+06,3.11316e+06,1.59057e+07,0,473658,0,0,62.338,61.3098,2.76042,0,1,1.66379,1.66379,0,1.25478,1.90512,9.45415e+06,4.16116e+06,1.57298e+07,0,465486,0,0
72.6828,85.1408,1.99656,0.05,0.16,3.49638,3.49638,0,0.65522,4.6872,4.54919e+06,3.11316e+06,1.59057e+07,0,473659,0,0,62.2494,61.3098,2.77059,0,1,1.6638,1.6638,0,1.28545,1.90512,9.45415e+06,4.16116e+06,1.57298e+07,0,465487,0,0
71.1193,85.1408,1.85025,0.05,0.16,3.49638,3.49638,0,0.655221,4.6872,4.54919e+06,3.11316e+06,1.59057e+07,0,473659,0,0,62.0979,61.3098,2.47594,0,1,1.6638,1.6638,0,1.28545,1.90512,9.45415e+06,4.16116e+06,1.57298e+07,0,465487,0,0
69.6131,85.1408,1.88282,0.06,0.16,3.49639,3.49639,0,0.655222,4.6872,4.54919e+06,3.11316e+06,1.59057e+07,0,473660,0,0,62.033,61.3098,2.79043,0,1,1.6638,1.6638,0,1.28545,1.90512,9.45415e+06,4.16116e+06,1.57298e+07,0,465488,0,0
68.1963,85.1408,2.00161,0.05,0.16,3.56171,3.7299,0,0.655223,4.6872,4.54919e+06,3.11316e+06,1.62029e+07,0,505294,0,0,61.7662,61.3098,2.33542,1,1,1.72557,1.80705,0,1.28545,1.90512,9.45415e+06,4.16116e+06,1.63138e+07,0,505565,0,0
66.5602,85.1408,1.79322,0.05,0.16,3.56172,3.7299,0,0.667465,4.6872,4.54919e+06,3.11316e+06,1.62029e+07,0,505295,0,0,61.4736,61.3098,2.23835,1,1,1.72557,1.80705,0,1.33317,1.90512,9.45415e+06,4.16116e+06,1.63138e+07,0,505565,0,0
64.9773,85.1408,1.81305,0.08,0.16,3.56172,3.72991,0,0.667466,4.6872,4.54919e+06,3.11316e+06,1.6203e+07,0,505295,0,0,61.2879,61.3098,2.43054,1,1,1.72557,1.80705,0,1.33317,1.90512,9.45415e+06,4.16116e+06,1.63138e+07,0,505566,0,0
63.4263,85.1408,1.82992,0.08,0.16,3.56173,3.72991,0,0.667467,4.6872,4.54919e+06,3.11316e+06,1.6203e+07,0,505296,0,0,61.1158,61.3098,2.82816,1,1,1.72557,1.80705,0,1.33317,1.90512,9.45415e+06,4.16116e+06,1.63138e+07,0,505567,0,0
62.209,85.1408,2.17215,0.09,0.16,3.56173,3.72992,0,0.667467,4.6872,4.54919e+06,3.11316e+06,1.6203e+07,0,505296,0,0,61.3213,61.3098,3.97196,1,1,1.72557,1.80706,0,1.33318,1.90512,9.45415e+06,4.16116e+06,1.63138e+07,0,505567,0,0
61.273,85.1408,2.38846,0.09,0.16,3.45306,3.61612,0,0.667468,4.6872,4.54919e+06,3.11316e+06,1.57086e+07,0,489880,0,0,61.7711,61.3098,4.41906,1,1,1.64255,1.72011,0,1.33318,1.90512,9.45415e+06,4.16116e+06,1.55289e+07,0,481243,0,0
61.4582,85.1408,3.54374,0.06,0.16,3.45306,3.61612,0,0.647104,4.6872,4.54919e+06,3.11316e+06,1.57087e+07,0,489880,0,0,62.338,61.3098,5.3715,1,1,1.64255,1.72011,0,1.26903,1.90512,9.45415e+06,4.16116e+06,1.55289e+07,0,481243,0,0
62.8238,85.1408,4.89164,0.05,0.16,3.45307,3.61612,0,0.647104,4.6872,4.54919e+06,3.11316e+06,1.57087e+07,0,489881,0,0,62.338,61.3098,8.71814,1,1,1.64255,1.72012,0,1.26904,1.90512,9.45415e+06,4.16116e+06,1.5529e+07,0,481244,0,0
62.9937,85.1408,3.68981,0.05,0.16,3.45307,3.61613,0,0.647105,4.6872,4.54919e+06,3.11316e+06,1.57087e+07,0,489881,0,0,62.338,61.3098,5.76912,1,1,1.64256,1.72012,0,1.26904,1.90512,9.45415e+06,4.16116e+06,1.5529e+07,0,481244,0,0
63.3987,85.1408,4.0269,0.05,0.16,3.52272,3.52272,0,0.647106,4.6872,4.54919e+06,3.11316e+06,1.60255e+07,0,477227,0,0,62.338,61.3098,4.50374,0,1,1.64098,1.64098,0,1.26904,1.90512,9.45415e+06,4.16116e+06,1.5514e+07,0,459103,0,0
63.6256,85.1408,3.87082,0.04,0.16,3.52272,3.52272,0,0.660157,4.6872,4.54919e+06,3.11316e+06,1.60255e+07,0,477228,0,0,62.338,61.3098,4.64735,0,1,1.64098,1.64098,0,1.26782,1.90512,9.45415e+06,4.16116e+06,1.55141e+07,0,459103,0,0
65.8249,85.1408,6.02062,0.04,0.16,3.52273,3.52273,0,0.660158,4.6872,4.54919e+06,3.11316e+06,1.60256e+07,0,477228,0,0,62.338,61.3098,6.31446,0,1,1.64098,1.64098,0,1.26782,1.90512,9.45415e+06,4.16116e+06,1.55141e+07,0,459104,0,0
67.4613,85.1408,5.43652,0.04,0.16,3.52273,3.52273,0,0.660159,4.6872,4.54919e+06,3.11316e+06,1.60256e+07,0,477229,0,0,62.338,61.3098,6.76438,0,1,1.64098,1.64098,0,1.26782,1.90512,9.45415e+06,4.16116e+06,1.55141e+07,0,459104,0,0
65.9814,85.1408,1.86409,0.04,0.16,3.25743,3.25743,0,0.66016,4.6872,4.54919e+06,3.11316e+06,1.48187e+07,0,441288,0,0,62.103,61.3098,2.27242,0,1,1.47615,1.47615,0,1.26782,1.90512,9.45415e+06,4.16116e+06,1.39558e+07,0,412989,0,0
64.5631,85.1408,1.91889,0.04,0.16,3.25744,3.25744,0,0.610443,4.6872,4.54919e+06,3.11316e+06,1.48187e+07,0,441289,0,0,62.0017,61.3098,3.81419,0,1,1.47615,1.47615,0,1.14048,1.90512,9.45415e+06,4.16116e+06,1.39558e+07,0,412990,0,0
64.1357,85.1408,2.96558,0.05,0.16,3.25744,3.25744,0,0.610443,4.6872,4.54919e+06,3.11316e+06,1.48187e+07,0,441289,0,0,61.9188,61.3098,3.76256,0,1,1.47616,1.47616,0,1.14048,1.90512,9.45415e+06,4.16116e+06,1.39558e+07,0,412990,0,0
72.7124,85.1408,12.5462,0.05,0.16,3.25744,3.25744,0,0.610444,4.6872,4.54919e+06,3.11316e+06,1.48187e+07,0,441290,0,0,62.338,61.3098,7.92004,0,1,1.47616,1.47616,0,1.14048,1.90512,9.45415e+06,4.16116e+06,1.39558e+07,0,412991,0,0
74.1087,85.1408,5.00085,0.04,0.16,3.25745,3.25745,0,0.610445,4.6872,4.54919e+06,3.11316e+06,1.48188e+07,0,441290,0,0,62.338,61.3098,5.18913,0,1,1.47616,1.47616,0,1.14048,1.90512,9.45415e+06,4.16116e+06,1.39558e+07,0,412991,0,0
72.8278,85.1408,2.3804,0.04,0.16,3.35949,3.35949,0,0.610446,4.6872,4.54919e+06,3.11316e+06,1.5283e+07,0,455114,0,0,62.338,61.3098,5.22426,0,1,1.52389,1.52389,0,1.14048,1.90512,9.45415e+06,4.16116e+06,1.44071e+07,0,426344,0,0
71.7533,85.1408,2.49016,0.05,0.16,3.35947,3.35947,0,0.629568,4.6872,4.54919e+06,3.11316e+06,1.52829e+07,0,455111,0,0,62.338,61.3098,3.04054,0,1,1.52388,1.52388,0,1.17736,1.90512,9.45415e+06,4.16116e+06,1.4407e+07,0,426341,0,0
71.7882,85.1408,3.62981,0.05,0.16,3.35945,3.35945,0,0.629564,4.6872,4.54919e+06,3.11316e+06,1.52828e+07,0,455108,0,0,62.338,61.3098,3.40491,0,1,1.52387,1.52387,0,1.17735,1.90512,9.45415e+06,4.16116e+06,1.44069e+07,0,426339,0,0
71.2283,85.1408,3.05251,0.05,0.16,3.35943,3.35943,0,0.62956,4.6872,4.54919e+06,3.11316e+06,1.52827e+07,0,455106,0,0,62.338,61.3098,4.099,0,1,1.52386,1.52386,0,1.17734,1.90512,9.45415e+06,4.16116e+06,1.44068e+07,0,426336,0,0
70.4204,85.1408,3.07219,0.05,0.16,3.68707,3.68707,0,0.629556,4.6872,4.54919e+06,3.11316e+06,1.67732e+07,0,499492,0,0,62.338,61.3098,3.42893,0,1,1.70302,1.70302,0,1.17733,1.90512,9.45415e+06,4.16116e+06,1.61006e+07,0,476461,0,0
69.4971,85.1408,2.93811,0.05,0.16,3.68705,3.68705,0,0.690958,4.6872,4.54919e+06,3.11316e+06,1.67731e+07,0,499489,0,0,62.159,61.3098,3.97453,0,1,1.70301,1.70301,0,1.31575,1.90512,9.45415e+06,4.16116e+06,1.61005e+07,0,476458,0,0
68.2963,85.1408,2.671,0.04,0.16,3.68703,3.68703,0,0.690953,4.6872,4.54919e+06,3.11316e+06,1.6773e+07,0,499486,0,0,62.2941,61.3098,2.53212,0,1,1.703,1.703,0,1.31575,1.90512,9.45415e+06,4.16116e+06,1.61004e+07,0,476455,0,0
67.4956,85.1408,3.07146,0.05,0.16,3.68701,3.68701,0,0.690949,4.6872,4.54919e+06,3.11316e+06,1.67729e+07,0,499483,0,0,62.338,61.3098,3.25306,0,1,1.70299,1.70299,0,1.31574,1.90512,9.45415e+06,4.16116e+06,1.61003e+07,0,476452,0,0
68.7719,85.1408,4.82198,0.07,0.16,3.21963,3.21963,0,0.690945,4.6872,4.54919e+06,3.11316e+06,1.46467e+07,0,436168,0,0,62.338,61.3098,7.77678,0,1,1.46253,1.46253,0,1.31573,1.90512,9.45415e+06,4.16116e+06,1.3827e+07,0,409179,0,0
69.9407,85.1408,4.75731,0.04,0.16,3.21961,3.21961,0,0.60336,4.6872,4.54919e+06,3.11316e+06,1.46467e+07,0,436165,0,0,62.338,61.3098,6.78926,0,1,1.46253,1.46253,0,1.12995,1.90512,9.45415e+06,4.16116e+06,1.38269e+07,0,409177,0,0
71.0554,85.1408,4.70578,0.05,0.16,3.2196,3.2196,0,0.603356,4.6872,4.54919e+06,3.11316e+06,1.46466e+07,0,436163,0,0,62.338,61.3098,7.90207,0,1,1.46252,1.46252,0,1.12995,1.90512,9.45415e+06,4.16116e+06,1.38269e+07,0,409174,0,0
71.8261,85.1408,4.45631,0.05,0.16,3.21958,3.21958,0,0.603352,4.6872,4.54919e+06,3.11316e+06,1.46465e+07,0,436160,0,0,62.338,61.3098,6.68955,0,1,1.46251,1.46251,0,1.12994,1.90512,9.45415e+06,4.16116e+06,1.38268e+07,0,409172,0,0
74.3054,85.1408,6.30293,0.05,0.16,3.21956,3.21956,0,0.603348,4.6872,4.54919e+06,3.11316e+06,1.46464e+07,0,436157,0,0,62.338,61.3098,6.86268,0,1,1.4625,1.4625,0,1.12993,1.90512,9.45415e+06,4.16116e+06,1.38267e+07,0,409169,0,0
76.2062,85.1408,5.65312,0.05,0.16,3.33717,3.33717,0,0.603345,4.6872,4.54919e+06,3.11316e+06,1.51814e+07,0,452091,0,0,62.338,61.3098,7.02523,0,1,1.52131,1.52131,0,1.12993,1.90512,9.45415e+06,4.16116e+06,1.43827e+07,0,425623,0,0
77.4437,85.1408,5.04842,0.04,0.16,3.33715,3.33715,0,0.625386,4.6872,4.54919e+06,3.11316e+06,1.51813e+07,0,452088,0,0,62.338,61.3098,5.42424,0,1,1.5213,1.5213,0,1.17536,1.90512,9.45415e+06,4.16116e+06,1.43826e+07,0,425620,0,0
77.996,85.1408,4.31458,0,0.16,3.33713,3.33713,0,0.625382,4.6872,4.54919e+06,3.11316e+06,1.51813e+07,0,452085,0,0,62.338,61.3098,4.47381,0,1,1.52129,1.52129,0,1.17536,1.90512,9.45415e+06,4.16116e+06,1.43825e+07,0,425618,0,0
78.7684,85.1408,4.44268,0,0.16,3.33711,3.33711,0,0.625378,4.6872,4.54919e+06,3.11316e+06,1.51812e+07,0,452082,0,0,62.338,61.3098,5.74381,0,1,1.52128,1.52128,0,1.17535,1.90512,9.45415e+06,4.16116e+06,1.43824e+07,0,425615,0,0
79.524,85.1408,4.35256,0,0.16,3.2911,3.2911,0,0.625374,4.6872,4.54919e+06,3.11316e+06,1.49718e+07,0,445849,0,0,62.338,61.3098,4.77809,0,1,1.49843,1.49843,0,1.17534,1.90512,9.45415e+06,4.16116e+06,1.41664e+07,0,419221,0,0
79.4341,85.1408,3.46955,0.01,0.16,3.29108,3.29108,0,0.616751,4.6872,4.54919e+06,3.11316e+06,1.49717e+07,0,445846,0,0,62.338,61.3098,3.97918,0,1,1.49842,1.49842,0,1.15769,1.90512,9.45415e+06,4.16116e+06,1.41663e+07,0,419219,0,0
78.9728,85.1408,3.08386,0.01,0.16,3.29106,3.29106,0,0.616748,4.6872,4.54919e+06,3.11316e+06,1.49716e+07,0,445843,0,0,62.338,61.3098,3.28562,0,1,1.49841,1.49841,0,1.15768,1.90512,9.45415e+06,4.16116e+06,1.41662e+07,0,419216,0,0
79.0282,85.1408,3.62536,0.01,0.16,3.29104,3.29104,0,0.616744,4.6872,4.54919e+06,3.11316e+06,1.49716e+07,0,445841,0,0,62.338,61.3098,3.51664,0,1,1.4984,1.4984,0,1.15767,1.90512,9.45415e+06,4.16116e+06,1.41661e+07,0,419214,0,0
78.5884,85.1408,3.16358,0.01,0.16,3.44713,3.44713,0,0.61674,4.6872,4.54919e+06,3.11316e+06,1.56817e+07,0,466987,0,0,62.338,61.3098,3.92504,0,1,1.5794,1.5794,0,1.15766,1.90512,9.45415e+06,4.16116e+06,1.49319e+07,0,441876,0,0
77.9022,85.1408,2.89445,0.01,0.16,3.44711,3.44711,0,0.645992,4.6872,4.54919e+06,3.11316e+06,1.56816e+07,0,466984,0,0,62.338,61.3098,3.55575,0,1,1.57939,1.57939,0,1.22025,1.90512,9.45415e+06,4.16116e+06,1.49318e+07,0,441873,0,0
77.0688,85.1408,2.68151,0.01,0.16,3.44709,3.44709,0,0.645988,4.6872,4.54919e+06,3.11316e+06,1.56815e+07,0,466981,0,0,62.338,61.3098,3.42319,0,1,1.57938,1.57938,0,1.22024,1.90512,9.45415e+06,4.16116e+06,1.49317e+07,0,441870,0,0
76.1006,85.1408,2.5308,0.02,0.16,3.44707,3.44707,0,0.645984,4.6872,4.54919e+06,3.11316e+06,1.56814e+07,0,466979,0,0,62.338,61.3098,3.21348,0,1,1.57937,1.57937,0,1.22023,1.90512,9.45415e+06,4.16116e+06,1.49316e+07,0,441868,0,0
74.8257,85.1408,2.17707,0.02,0.16,3.44705,3.44705,0,0.64598,4.6872,4.54919e+06,3.11316e+06,1.56813e+07,0,466976,0,0,62.338,61.3098,2.82267,0,1,1.57936,1.57936,0,1.22022,1.90512,9.45415e+06,4.16116e+06,1.49315e+07,0,441865,0,0
73.4072,85.1408,1.97686,0.02,0.16,3.41615,3.41615,0,0.645977,4.6872,4.54919e+06,3.11316e+06,1.55407e+07,0,462791,0,0,62.2766,61.3098,2.65282,0,1,1.62388,1.62388,0,1.22022,1.90512,9.45415e+06,4.16116e+06,1.53524e+07,0,454319,0,0
71.8611,85.1408,1.80624,0.02,0.16,3.41613,3.41613,0,0.640187,4.6872,4.54919e+06,3.11316e+06,1.55406e+07,0,462788,0,0,62.1481,61.3098,2.4789,0,1,1.62387,1.62387,0,1.25461,1.90512,9.45415e+06,4.16116e+06,1.53523e+07,0,454316,0,0
70.1665,85.1408,1.6329,0.02,0.16,3.41611,3.41611,0,0.640183,4.6872,4.54919e+06,3.11316e+06,1.55405e+07,0,462785,0,0,61.9799,61.3098,2.4841,0,1,1.62386,1.62386,0,1.2546,1.90512,9.45415e+06,4.16116e+06,1.53522e+07,0,454313,0,0
68.5888,85.1408,1.73116,0.03,0.16,3.41609,3.41609,0,0.640179,4.6872,4.54919e+06,3.11316e+06,1.55405e+07,0,462782,0,0,61.8281,61.3098,2.59122,0,1,1.62385,1.62385,0,1.25459,1.90512,9.45415e+06,4.16116e+06,1.53521e+07,0,454310,0,0
67.1244,85.1408,1.89085,0.04,0.16,3.49579,3.49579,0,0.640175,4.6872,4.54919e+06,3.11316e+06,1.5903e+07,0,473580,0,0,61.6731,61.3098,2.7145,0,1,1.66352,1.66352,0,1.25458,1.90512,9.45415e+06,4.16116e+06,1.57271e+07,0,465409,0,0
65.5209,85.1408,1.73168,0.1,0.16,3.49577,3.49577,0,0.655112,4.6872,4.54919e+06,3.11316e+06,1.59029e+07,0,473577,0,0,61.472,61.3098,2.63166,0,1,1.66351,1.66351,0,1.28523,1.90512,9.45415e+06,4.16116e+06,1.5727e+07,0,465406,0,0
63.7779,85.1408,1.57055,0.1,0.16,3.49575,3.49575,0,0.655108,4.6872,4.54919e+06,3.11316e+06,1.59028e+07,0,473574,0,0,61.239,61.3098,2.40493,0,1,1.6635,1.6635,0,1.28523,1.90512,9.45415e+06,4.16116e+06,1.5727e+07,0,465403,0,0
61.8786,85.1408,1.37871,0.1,0.16,3.49573,3.49573,0,0.655104,4.6872,4.54919e+06,3.11316e+06,1.59027e+07,0,473571,0,0,60.9939,61.3098,2.37268,0,1,1.66349,1.66349,0,1.28522,1.90512,9.45415e+06,4.16116e+06,1.57269e+07,0,465400,0,0
59.9165,85.1408,1.34277,0.1,0.16,3.56102,3.72917,0,0.6551,4.6872,4.54919e+06,3.11316e+06,1.61998e+07,0,505196,0,0,60.6171,61.3098,1.99008,1,1,1.72523,1.80669,0,1.28521,1.90512,9.45415e+06,4.16116e+06,1.63106e+07,0,505466,0,0
58.1655,85.1408,1.53064,0.09,0.16,3.561,3.72915,0,0.667335,4.6872,4.54919e+06,3.11316e+06,1.61997e+07,0,505192,0,0,60.3391,61.3098,2.35817,1,1,1.72522,1.80668,0,1.33291,1.90512,9.45415e+06,4.16116e+06,1.63105e+07,0,505463,0,0
56.1322,85.1408,1.2288,0.13,0.16,3.56098,3.72913,0,0.667331,4.6872,4.54919e+06,3.11316e+06,1.61996e+07,0,505189,0,0,59.8862,61.3098,1.77078,1,1,1.72521,1.80667,0,1.3329,1.90512,9.45415e+06,4.16116e+06,1.63104e+07,0,505460,0,0
54.382,85.1408,1.4748,0.14,0.16,3.56095,3.7291,0,0.667327,4.6872,4.54919e+06,3.11316e+06,1.61995e+07,0,505186,0,0,59.7551,61.3098,2.90935,1,1,1.7252,1.80666,0,1.3329,1.90512,9.45415e+06,4.16116e+06,1.63103e+07,0,505457,0,0
52.3632,85.1408,1.19727,0.14,0.16,3.56093,3.72908,0,0.667323,4.6872,4.54919e+06,3.11316e+06,1.61994e+07,0,505183,0,0,59.4329,61.3098,1.97038,1,1,1.72519,1.80665,0,1.33289,1.90512,9.45415e+06,4.16116e+06,1.63102e+07,0,505454,0,0
51.4596,85.1408,2.23648,0.13,0.16,3.45226,3.61528,0,0.667319,4.6872,4.54919e+06,3.11316e+06,1.5705e+07,0,489766,0,0,59.6656,61.3098,3.46973,1,1,1.64217,1.71971,0,1.33288,1.90512,9.45415e+06,4.16116e+06,1.55253e+07,0,481131,0,0
49.3707,85.1408,1.02972,0.11,0.16,3.45224,3.61526,0,0.646954,4.6872,4.54919e+06,3.11316e+06,1.57049e+07,0,489763,0,0,59.4315,61.3098,1.84094,1,1,1.64216,1.7197,0,1.26874,1.90512,9.45415e+06,4.16116e+06,1.55252e+07,0,481128,0,0
47.5088,85.1408,1.2701,0.17,0.16,3.45222,3.61523,0,0.64695,4.6872,4.54919e+06,3.11316e+06,1.57048e+07,0,489760,0,0,59.4124,61.3098,2.07362,1,1,1.64215,1.71969,0,1.26873,1.90512,9.45415e+06,4.16116e+06,1.55251e+07,0,481125,0,0
47.5268,85.1408,3.22615,0.15,0.16,3.4522,3.61521,0,0.646946,4.6872,4.54919e+06,3.11316e+06,1.57047e+07,0,489757,0,0,59.6182,61.3098,4.32113,1,1,1.64214,1.71968,0,1.26873,1.90512,9.45415e+06,4.16116e+06,1.5525e+07,0,481122,0,0
45.2867,85.1408,0.97327,0.15,0.16,3.5218,3.5218,0,0.646942,4.6872,4.54919e+06,3.11316e+06,1.60214e+07,0,477103,0,0,59.0145,61.3098,1.54098,0,1,1.64055,1.64055,0,1.26872,1.90512,9.45415e+06,4.16116e+06,1.551e+07,0,458983,0,0
43.2566,85.1408,1.27727,0.13,0.16,3.52178,3.52178,0,0.659986,4.6872,4.54919e+06,3.11316e+06,1.60213e+07,0,477100,0,0,58.3866,61.3098,1.28535,0,1,1.64054,1.64054,0,1.26749,1.90512,9.45415e+06,4.16116e+06,1.55099e+07,0,458980,0,0
41.0507,85.1408,1.08305,0.12,0.16,3.52176,3.52176,0,0.659982,4.6872,4.54919e+06,3.11316e+06,1.60212e+07,0,477097,0,0,58.1948,61.3098,1.5227,0,1,1.64053,1.64053,0,1.26748,1.90512,9.45415e+06,4.16116e+06,1.55098e+07,0,458978,0,0
40.9792,85.1408,3.35878,0.24,0.16,3.52174,3.52174,0,0.659978,4.6872,4.54919e+06,3.11316e+06,1.60211e+07,0,477094,0,0,59.2677,61.3098,4.87094,0,1,1.64052,1.64052,0,1.26747,1.90512,9.45415e+06,4.16116e+06,1.55097e+07,0,458975,0,0
41.1575,85.1408,3.42561,0.24,0.16,3.25649,3.25649,0,0.659973,4.6872,4.54919e+06,3.11316e+06,1.48144e+07,0,441161,0,0,60.7985,61.3098,4.56221,0,1,1.47573,1.47573,0,1.26747,1.90512,9.45415e+06,4.16116e+06,1.39517e+07,0,412870,0,0
43.8743,85.1408,5.8701,0.25,0.16,3.19784,3.25647,0,0.610266,4.6872,4.54919e+06,3.11316e+06,1.45476e+07,0,441158,0,0,62.245,61.3098,4.66749,0,1,1.53434,1.47572,0,1.14015,1.90512,9.45415e+06,4.16116e+06,1.45059e+07,0,412867,0,0
46.4673,85.1408,5.9694,0.15,0.16,3.19781,3.25645,0,0.599276,4.6872,4.54919e+06,3.11316e+06,1.45475e+07,0,441155,0,0,62.338,61.3098,4.97465,0,1,1.53434,1.47571,0,1.18543,1.90512,9.45415e+06,4.16116e+06,1.45059e+07,0,412865,0,0
46.501,85.1408,3.13023,0.16,0.16,3.19779,3.25643,0,0.599271,4.6872,4.54919e+06,3.11316e+06,1.45473e+07,0,441153,0,0,62.338,61.3098,2.74283,0,1,1.53434,1.4757,0,1.18543,1.90512,9.45415e+06,4.16116e+06,1.45059e+07,0,412862,0,0
46.8195,85.1408,3.4302,0.18,0.16,3.19776,3.25641,0,0.599265,4.6872,4.54919e+06,3.11316e+06,1.45472e+07,0,441150,0,0,62.338,61.3098,3.96386,0,1,1.53434,1.47569,0,1.18543,1.90512,9.45415e+06,4.16116e+06,1.45059e+07,0,412860,0,0
48.5497,85.1408,5.1322,0.2,0.16,3.29973,3.35839,0,0.59926,4.6872,4.54919e+06,3.11316e+06,1.50111e+07,0,454966,0,0,62.338,61.3098,6.77399,0,1,1.58205,1.52339,0,1.18543,1.90512,9.45415e+06,4.16116e+06,1.4957e+07,0,426205,0,0
49.1834,85.1408,4.00377,0.19,0.16,3.34739,3.35835,0,0.61837,4.6872,4.54919e+06,3.11316e+06,1.52279e+07,0,454960,0,0,62.338,61.3098,5.15656,0,1,1.53433,1.52337,0,1.22229,1.90512,9.45415e+06,4.16116e+06,1.45058e+07,0,426199,0,0
49.6456,85.1408,3.79052,0.19,0.16,3.34732,3.3583,0,0.6273,4.6872,4.54919e+06,3.11316e+06,1.52276e+07,0,454954,0,0,62.338,61.3098,5.01539,0,1,1.53433,1.52335,0,1.18542,1.90512,9.45415e+06,4.16116e+06,1.45058e+07,0,426194,0,0
50.1574,85.1408,3.83517,0.19,0.16,3.34726,3.35826,0,0.627288,4.6872,4.54919e+06,3.11316e+06,1.52273e+07,0,454948,0,0,62.338,61.3098,5.19806,0,1,1.53433,1.52333,0,1.18542,1.90512,9.45415e+06,4.16116e+06,1.45058e+07,0,426188,0,0
53.1635,85.1408,6.7304,0.19,0.16,3.67475,3.68577,0,0.627276,4.6872,4.54919e+06,3.11316e+06,1.67171e+07,0,499316,0,0,62.338,61.3098,4.16186,0,1,1.71344,1.70242,0,1.18542,1.90512,9.45415e+06,4.16116e+06,1.61991e+07,0,476292,0,0
53.6898,85.1408,4.25799,0.1,0.16,3.68572,3.68572,0,0.688647,4.6872,4.54919e+06,3.11316e+06,1.6767e+07,0,499309,0,0,62.338,61.3098,4.68656,0,1,1.7024,1.7024,0,1.3238,1.90512,9.45415e+06,4.16116e+06,1.60947e+07,0,476286,0,0
55.3404,85.1408,5.54999,0.11,0.16,3.68567,3.68567,0,0.690704,4.6872,4.54919e+06,3.11316e+06,1.67668e+07,0,499302,0,0,62.338,61.3098,5.8628,0,1,1.70237,1.70237,0,1.31527,1.90512,9.45415e+06,4.16116e+06,1.60945e+07,0,476280,0,0
56.5039,85.1408,5.03534,0.14,0.16,3.68562,3.68562,0,0.690694,4.6872,4.54919e+06,3.11316e+06,1.67666e+07,0,499296,0,0,62.338,61.3098,6.21567,0,1,1.70235,1.70235,0,1.31525,1.90512,9.45415e+06,4.16116e+06,1.60943e+07,0,476273,0,0
58.1027,85.1408,5.10255,0.15,0.16,3.2184,3.2184,0,0.690685,4.6872,4.54919e+06,3.11316e+06,1.46411e+07,0,436001,0,0,62.338,61.3098,6.03052,0,1,1.46197,1.46197,0,1.31524,1.90512,9.45415e+06,4.16116e+06,1.38217e+07,0,409022,0,0
61.411,85.1408,6.72052,0.16,0.16,3.14598,3.21836,0,0.603128,4.6872,4.54919e+06,3.11316e+06,1.43117e+07,0,435995,0,0,62.338,61.3098,6.91754,0,1,1.53433,1.46196,0,1.12952,1.90512,9.45415e+06,4.16116e+06,1.45058e+07,0,409017,0,0
63.9815,85.1408,6.02404,0.09,0.16,3.14592,3.21832,0,0.589557,4.6872,4.54919e+06,3.11316e+06,1.43114e+07,0,435989,0,0,62.338,61.3098,4.78291,0,1,1.53433,1.46194,0,1.18543,1.90512,9.45415e+06,4.16116e+06,1.45058e+07,0,409012,0,0
66.1545,85.1408,5.6692,0.08,0.16,3.14586,3.21827,0,0.589545,4.6872,4.54919e+06,3.11316e+06,1.43111e+07,0,435983,0,0,62.338,61.3098,6.15198,0,1,1.53433,1.46192,0,1.18543,1.90512,9.45415e+06,4.16116e+06,1.45058e+07,0,409006,0,0
67.9007,85.1408,5.16666,0.09,0.16,3.14579,3.21823,0,0.589533,4.6872,4.54919e+06,3.11316e+06,1.43108e+07,0,435978,0,0,62.338,61.3098,5.67399,0,1,1.53433,1.4619,0,1.18543,1.90512,9.45415e+06,4.16116e+06,1.45058e+07,0,409001,0,0
68.9436,85.1408,4.6155,0.09,0.16,3.26332,3.33577,0,0.589522,4.6872,4.54919e+06,3.11316e+06,1.48455e+07,0,451901,0,0,62.338,61.3098,3.84703,0,1,1.59313,1.52067,0,1.18543,1.90512,9.45415e+06,4.16116e+06,1.50617e+07,0,425445,0,0
70.035,85.1408,4.7869,0.04,0.16,3.33573,3.33573,0,0.611546,4.6872,4.54919e+06,3.11316e+06,1.51749e+07,0,451895,0,0,62.338,61.3098,4.83399,0,1,1.52065,1.52065,0,1.23085,1.90512,9.45415e+06,4.16116e+06,1.43765e+07,0,425439,0,0
70.3709,85.1408,4.00447,0.02,0.16,3.33568,3.33568,0,0.625115,4.6872,4.54919e+06,3.11316e+06,1.51747e+07,0,451889,0,0,62.338,61.3098,4.12446,0,1,1.52063,1.52063,0,1.17486,1.90512,9.45415e+06,4.16116e+06,1.43763e+07,0,425433,0,0
70.7062,85.1408,3.90835,0.03,0.16,3.33564,3.33564,0,0.625107,4.6872,4.54919e+06,3.11316e+06,1.51745e+07,0,451883,0,0,62.338,61.3098,3.45116,0,1,1.52061,1.52061,0,1.17484,1.90512,9.45415e+06,4.16116e+06,1.43761e+07,0,425428,0,0
70.3802,85.1408,3.12346,0.03,0.16,3.28962,3.28962,0,0.625099,4.6872,4.54919e+06,3.11316e+06,1.49651e+07,0,445649,0,0,62.338,61.3098,2.69242,0,1,1.49776,1.49776,0,1.17482,1.90512,9.45415e+06,4.16116e+06,1.416e+07,0,419034,0,0
69.7201,85.1408,2.76396,0.03,0.16,3.28958,3.28958,0,0.616475,4.6872,4.54919e+06,3.11316e+06,1.49649e+07,0,445643,0,0,62.338,61.3098,2.44275,0,1,1.49774,1.49774,0,1.15717,1.90512,9.45415e+06,4.16116e+06,1.41598e+07,0,419028,0,0
68.9366,85.1408,2.55868,0.03,0.16,3.28953,3.28953,0,0.616467,4.6872,4.54919e+06,3.11316e+06,1.49647e+07,0,445637,0,0,62.2495,61.3098,2.2505,0,1,1.49772,1.49772,0,1.15715,1.90512,9.45415e+06,4.16116e+06,1.41596e+07,0,419022,0,0
68.1059,85.1408,2.4992,0.03,0.16,3.28949,3.28949,0,0.616459,4.6872,4.54919e+06,3.11316e+06,1.49645e+07,0,445631,0,0,62.2355,61.3098,2.55736,0,1,1.4977,1.4977,0,1.15714,1.90512,9.45415e+06,4.16116e+06,1.41595e+07,0,419017,0,0
67.0322,85.1408,2.34933,0.05,0.16,3.44549,3.44549,0,0.616451,4.6872,4.54919e+06,3.11316e+06,1.56742e+07,0,466765,0,0,62.0545,61.3098,2.12982,0,1,1.57865,1.57865,0,1.15712,1.90512,9.45415e+06,4.16116e+06,1.49248e+07,0,441665,0,0
65.9752,85.1408,2.34963,0.05,0.16,3.44544,3.44544,0,0.645684,4.6872,4.54919e+06,3.11316e+06,1.5674e+07,0,466758,0,0,61.9232,61.3098,2.13638,0,1,1.57863,1.57863,0,1.21966,1.90512,9.45415e+06,4.16116e+06,1.49246e+07,0,441659,0,0
64.79,85.1408,2.20091,0.04,0.16,3.4454,3.4454,0,0.645676,4.6872,4.54919e+06,3.11316e+06,1.56738e+07,0,466752,0,0,61.754,61.3098,2.04941,0,1,1.57861,1.57861,0,1.21965,1.90512,9.45415e+06,4.16116e+06,1.49244e+07,0,441653,0,0
63.5068,85.1408,2.06415,0.04,0.16,3.44535,3.44535,0,0.645667,4.6872,4.54919e+06,3.11316e+06,1.56736e+07,0,466746,0,0,61.5381,61.3098,1.92962,0,1,1.57859,1.57859,0,1.21963,1.90512,9.45415e+06,4.16116e+06,1.49242e+07,0,441647,0,0
62.1214,85.1408,1.91944,0.05,0.16,3.4453,3.4453,0,0.645659,4.6872,4.54919e+06,3.11316e+06,1.56734e+07,0,466740,0,0,61.3432,61.3098,2.12984,0,1,1.57857,1.57857,0,1.21962,1.90512,9.45415e+06,4.16116e+06,1.4924e+07,0,441642,0,0
60.5688,85.1408,1.72317,0.07,0.16,3.4144,3.4144,0,0.64565,4.6872,4.54919e+06,3.11316e+06,1.55328e+07,0,462553,0,0,61.1538,61.3098,2.30918,0,1,1.62305,1.62305,0,1.2196,1.90512,9.45415e+06,4.16116e+06,1.53445e+07,0,454086,0,0
58.8772,85.1408,1.55602,0.06,0.16,3.41436,3.41436,0,0.639859,4.6872,4.54919e+06,3.11316e+06,1.55326e+07,0,462547,0,0,60.9213,61.3098,2.05212,0,1,1.62302,1.62302,0,1.25396,1.90512,9.45415e+06,4.16116e+06,1.53443e+07,0,454080,0,0
57.1635,85.1408,1.48199,0.12,0.16,3.41431,3.41431,0,0.63985,4.6872,4.54919e+06,3.11316e+06,1.55324e+07,0,462541,0,0,60.6026,61.3098,2.0015,0,1,1.623,1.623,0,1.25395,1.90512,9.45415e+06,4.16116e+06,1.53441e+07,0,454074,0,0
55.3158,85.1408,1.30602,0.13,0.16,3.41427,3.41427,0,0.639842,4.6872,4.54919e+06,3.11316e+06,1.55322e+07,0,462535,0,0,60.2146,61.3098,1.88857,0,1,1.62298,1.62298,0,1.25393,1.90512,9.45415e+06,4.16116e+06,1.53439e+07,0,454068,0,0
53.4785,85.1408,1.36147,0.12,0.16,3.4939,3.4939,0,0.639833,4.6872,4.54919e+06,3.11316e+06,1.58944e+07,0,473323,0,0,59.8319,61.3098,1.94821,0,1,1.66262,1.66262,0,1.25391,1.90512,9.45415e+06,4.16116e+06,1.57186e+07,0,465157,0,0
51.5835,85.1408,1.25926,0.13,0.16,3.49385,3.49385,0,0.654757,4.6872,4.54919e+06,3.11316e+06,1.58942e+07,0,473317,0,0,59.3738,61.3098,1.98319,0,1,1.66259,1.66259,0,1.28454,1.90512,9.45415e+06,4.16116e+06,1.57184e+07,0,465151,0,0
49.6083,85.1408,1.16717,0.12,0.16,3.49381,3.49381,0,0.654748,4.6872,4.54919e+06,3.11316e+06,1.5894e+07,0,473311,0,0,58.8805,61.3098,1.76633,0,1,1.66257,1.66257,0,1.28452,1.90512,9.45415e+06,4.16116e+06,1.57182e+07,0,465145,0,0
47.6619,85.1408,1.18734,0.18,0.16,3.49376,3.49376,0,0.65474,4.6872,4.54919e+06,3.11316e+06,1.58938e+07,0,473304,0,0,58.4368,61.3098,1.99337,0,1,1.66255,1.66255,0,1.2845,1.90512,9.45415e+06,4.16116e+06,1.5718e+07,0,465138,0,0
45.6282,85.1408,1.16354,0.19,0.16,3.55899,3.72704,0,0.654731,4.6872,4.54919e+06,3.11316e+06,1.61905e+07,0,504907,0,0,57.9364,61.3098,1.87052,1,1,1.72425,1.80566,0,1.28449,1.90512,9.45415e+06,4.16116e+06,1.63013e+07,0,505178,0,0
43.6558,85.1408,1.22892,0.16,0.16,3.55894,3.727,0,0.666954,4.6872,4.54919e+06,3.11316e+06,1.61903e+07,0,504901,0,0,57.4836,61.3098,2.13177,1,1,1.72422,1.80564,0,1.33215,1.90512,9.45415e+06,4.16116e+06,1.63011e+07,0,505171,0,0
41.4568,85.1408,1.0143,0.18,0.16,3.55889,3.72695,0,0.666946,4.6872,4.54919e+06,3.11316e+06,1.61901e+07,0,504894,0,0,56.9118,61.3098,1.70116,1,1,1.7242,1.80562,0,1.33213,1.90512,9.45415e+06,4.16116e+06,1.63008e+07,0,505165,0,0
39.4298,85.1408,1.17225,0.22,0.16,3.55885,3.7269,0,0.666937,4.6872,4.54919e+06,3.11316e+06,1.61899e+07,0,504887,0,0,56.5737,61.3098,2.56883,1,1,1.72418,1.80559,0,1.33212,1.90512,9.45415e+06,4.16116e+06,1.63006e+07,0,505158,0,0
37.5279,85.1408,1.28516,0.21,0.16,3.5588,3.72685,0,0.666928,4.6872,4.54919e+06,3.11316e+06,1.61897e+07,0,504881,0,0,56.1001,61.3098,2.17579,1,1,1.72415,1.80557,0,1.3321,1.90512,9.45415e+06,4.16116e+06,1.63004e+07,0,505151,0,0
35.9313,85.1408,1.5144,0.2,0.16,3.45017,3.61309,0,0.666919,4.6872,4.54919e+06,3.11316e+06,1.56955e+07,0,489470,0,0,55.8337,61.3098,2.38564,1,1,1.64117,1.71867,0,1.33208,1.90512,9.45415e+06,4.16116e+06,1.55159e+07,0,480840,0,0
34.4991,85.1408,1.71042,0.21,0.16,3.45012,3.61304,0,0.646562,4.6872,4.54919e+06,3.11316e+06,1.56953e+07,0,489463,0,0,55.8858,61.3098,3.29644,1,1,1.64115,1.71865,0,1.26797,1.90512,9.45415e+06,4.16116e+06,1.55157e+07,0,480833,0,0
32.9905,85.1408,1.65568,0.18,0.16,3.45008,3.61299,0,0.646553,4.6872,4.54919e+06,3.11316e+06,1.56951e+07,0,489457,0,0,55.9116,61.3098,3.12545,1,1,1.64113,1.71863,0,1.26795,1.90512,9.45415e+06,4.16116e+06,1.55155e+07,0,480827,0,0
31.6757,85.1408,1.95482,0.25,0.16,3.45003,3.61294,0,0.646545,4.6872,4.54919e+06,3.11316e+06,1.56949e+07,0,489450,0,0,56.2297,61.3098,3.91299,1,1,1.64111,1.7186,0,1.26794,1.90512,9.45415e+06,4.16116e+06,1.55153e+07,0,480820,0,0
29.8715,85.1408,1.37798,0.25,0.16,3.51957,3.51957,0,0.646536,4.6872,4.54919e+06,3.11316e+06,1.60112e+07,0,476800,0,0,55.9381,61.3098,2.03655,0,1,1.63951,1.63951,0,1.26792,1.90512,9.45415e+06,4.16116e+06,1.55002e+07,0,458692,0,0
28.3113,85.1408,1.69057,0.28,0.16,3.51952,3.51952,0,0.659567,4.6872,4.54919e+06,3.11316e+06,1.6011e+07,0,476794,0,0,55.7162,61.3098,1.54065,0,1,1.63949,1.63949,0,1.26668,1.90512,9.45415e+06,4.16116e+06,1.55e+07,0,458686,0,0
26.8024,85.1408,1.73948,0.28,0.16,3.51947,3.51947,0,0.659558,4.6872,4.54919e+06,3.11316e+06,1.60108e+07,0,476787,0,0,55.7588,61.3098,2.74678,0,1,1.63946,1.63946,0,1.26667,1.90512,9.45415e+06,4.16116e+06,1.54997e+07,0,458680,0,0
28.2782,85.1408,4.90067,0.31,0.16,3.51942,3.51942,0,0.659549,4.6872,4.54919e+06,3.11316e+06,1.60105e+07,0,476781,0,0,57.4758,61.3098,6.38469,0,1,1.63944,1.63944,0,1.26665,1.90512,9.45415e+06,4.16116e+06,1.54995e+07,0,458673,0,0
28.4487,85.1408,3.32075,0.32,0.16,3.25433,3.25433,0,0.65954,4.6872,4.54919e+06,3.11316e+06,1.48046e+07,0,440868,0,0,59.2244,61.3098,5.76502,0,1,1.47475,1.47475,0,1.26663,1.90512,9.45415e+06,4.16116e+06,1.39425e+07,0,412596,0,0
27.8448,85.1408,2.43895,0.33,0.16,3.19468,3.25429,0,0.609861,4.6872,4.54919e+06,3.11316e+06,1.45332e+07,0,440862,0,0,60.3534,61.3098,4.93865,0,1,1.53433,1.47473,0,1.13939,1.90512,9.45415e+06,4.16116e+06,1.45058e+07,0,412590,0,0
27.1039,85.1408,2.29471,0.32,0.16,3.19462,3.25424,0,0.598683,4.6872,4.54919e+06,3.11316e+06,1.45329e+07,0,440856,0,0,61.7539,61.3098,5.86458,0,1,1.53433,1.47471,0,1.18543,1.90512,9.45415e+06,4.16116e+06,1.45058e+07,0,412585,0,0
25.8358,85.1408,1.718,0.32,0.16,3.19455,3.2542,0,0.598671,4.6872,4.54919e+06,3.11316e+06,1.45326e+07,0,440850,0,0,60.8909,61.3098,3.44225,0,1,1.53433,1.47469,0,1.18543,1.90512,9.45415e+06,4.16116e+06,1.45058e+07,0,412579,0,0
22.2801,85.1408,4.05628e-321,0.34,0.16,3.19449,3.25415,0,0.598659,4.6872,4.54919e+06,3.11316e+06,1.45324e+07,0,440844,0,0,58.9442,61.3098,4.47623e-321,0,1,1.53433,1.47467,0,1.18543,1.90512,9.45415e+06,4.16116e+06,1.45058e+07,0,412574,0,0
