0rest_m,1rest_m,0transf,1transf
1.000000,1.000000,0,-0
1.000000,1.000000,0,-0
1.000000,1.000000,0,-0
1.000000,1.000000,0,-0
1.000000,1.000000,0,-0
1.000000,1.000000,0,-0
1.000000,1.000000,0,-0
1.000000,1.000000,0,-0
1.000000,1.000000,0,-0
1.000000,1.000000,0,-0
1.000000,1.000000,0,-0
1.000000,1.000000,0,-0
1.000000,1.000000,0,-0
1.000000,1.000000,0,-0
1.000000,1.000000,0,-0
1.000000,1.000000,0,-0
1.000000,1.000000,0,-0
1.000000,1.000000,0,-0
1.000000,1.000000,0,-0
1.000000,1.000000,0,-0
1.000000,1.000000,0,-0
1.000000,1.000000,0,-0
1.000000,1.000000,0,-0
1.000000,1.000000,0,-0
1.000000,1.000000,0,-0
1.000000,1.000000,0,-0
1.000000,1.000000,0,-0
1.000000,1.000000,0,-0
1.000000,1.000000,0,-0
1.000000,1.000000,0,-0
1.000000,1.000000,0,-0
1.000000,1.000000,0,-0
1.000000,1.000000,0,-0
1.000000,1.000000,0,-0
1.000000,1.000000,0,-0
1.000000,1.000000,0,-0
1.000000,1.000000,0,-0
1.000000,1.000000,0,-0
1.000000,1.000000,0,-0
1.000000,1.000000,0,-0
1.000000,1.000000,0,-0
1.000000,1.000000,0,-0
1.000000,1.000000,0,-0
1.000000,1.000000,0.0673907,-0.0673907
1.000000,1.000000,0,-0
1.000000,1.000000,0,-0
1.000000,1.000000,0,-0
1.000000,1.000000,0,-0
1.000000,1.000000,0,-0
1.000000,1.000000,0,-0
1.000000,1.000000,0,-0
1.000000,1.000000,0,-0
1.000000,1.000000,0,-0
1.000000,1.000000,0,-0
1.000000,1.000000,0,-0
1.000000,1.000000,0,-0
1.000000,1.000000,0,-0
1.000000,1.000000,0,-0
1.000000,1.000000,0,-0
1.000000,1.000000,0,-0
1.000000,1.000000,0,-0
1.000000,1.000000,0,-0
1.000000,1.000000,0,-0
1.000000,1.000000,0,-0
1.000000,1.000000,0,-0
1.000000,1.000000,0,-0
1.000000,1.000000,0,-0
1.000000,1.000000,0,-0
1.000000,1.000000,0,-0
1.000000,1.000000,0,-0
1.000000,1.000000,0,-0
1.000000,1.000000,0,-0
1.000000,1.000000,0,-0
1.000000,1.000000,0,-0
1.000000,1.000000,0,-0
1.000000,1.000000,0,-0
1.000000,1.000000,0,-0
1.000000,1.000000,0,-0
1.000000,1.000000,0,-0
1.000000,1.000000,0,-0
1.000000,1.000000,0,-0
1.000000,1.000000,0,-0
1.000000,1.000000,0,-0
1.000000,1.000000,0,-0
1.000000,1.000000,0,-0
1.000000,1.000000,0,-0
1.000000,1.000000,0,-0
1.000000,1.000000,0,-0
1.000000,1.000000,0,-0
1.000000,1.000000,0,-0
1.000000,1.000000,0,-0
1.000000,1.000000,0,-0
1.000000,1.000000,0,-0
1.000000,1.000000,0,-0
1.000000,1.000000,0.0317266,-0.0317266
1.000000,1.000000,0.0310267,-0.0310267
1.000000,1.000000,0.107805,-0.107805
1.000000,1.000000,0,-0
1.000000,1.000000,0,-0
1.000000,1.000000,0,-0
1.000000,1.000000,0,-0
1.000000,1.000000,0,-0
1.000000,1.000000,0,-0
1.000000,1.000000,0,-0
1.000000,1.000000,0,-0
1.000000,1.000000,0,-0
1.000000,1.000000,0,-0
1.000000,1.000000,0,-0
1.000000,1.000000,0,-0
1.000000,1.000000,0,-0
1.000000,1.000000,0,-0
1.000000,1.000000,0,-0
1.000000,1.000000,0,-0
1.000000,1.000000,0,-0
1.000000,1.000000,0,-0
1.000000,1.000000,0,-0
1.000000,1.000000,0,-0
1.000000,1.000000,0,-0
1.000000,1.000000,0,-0
1.000000,1.000000,0,-0
1.000000,1.000000,0,-0
1.000000,1.000000,0,-0
1.000000,1.000000,0,-0
1.000000,1.000000,0,-0
1.000000,1.000000,0,-0
1.000000,1.000000,0,-0
1.000000,1.000000,0,-0
1.000000,1.000000,0,-0
1.000000,1.000000,0,-0
1.000000,1.000000,0,-0
1.000000,1.000000,0,-0
1.000000,1.000000,0,-0
1.000000,1.000000,0,-0
1.000000,1.000000,0,-0
1.000000,1.000000,0,-0
1.000000,1.000000,0,-0
1.000000,1.000000,0,-0
1.000000,1.000000,0,-0
1.000000,1.000000,0,-0
1.000000,1.000000,0,-0
1.000000,1.000000,0,-0
1.000000,1.000000,0,-0
1.000000,1.000000,0,-0
1.000000,1.000000,0,-0
1.000000,1.000000,0,-0
1.000000,1.000000,0,-0
1.000000,1.000000,0,-0
1.000000,1.000000,0,-0
1.000000,1.000000,0.0738314,-0.0738314
1.000000,1.000000,0.0731773,-0.0731773
1.000000,1.000000,0.0725231,-0.0725231
1.000000,1.000000,0.0718688,-0.0718688
1.000000,1.000000,0.236255,-0.236255
1.000000,1.000000,0,-0
1.000000,1.000000,0,-0
1.000000,1.000000,0,-0
1.000000,1.000000,0,-0
1.000000,1.000000,0,-0
1.000000,1.000000,0,-0
1.000000,1.000000,0,-0
1.000000,1.000000,0,-0
1.000000,1.000000,0,-0
1.000000,1.000000,0,-0
1.000000,1.000000,0,-0
1.000000,1.000000,0,-0
1.000000,1.000000,0,-0
1.000000,1.000000,0,-0
1.000000,1.000000,0,-0
1.000000,1.000000,0,-0
1.000000,1.000000,0,-0
1.000000,1.000000,0,-0
1.000000,1.000000,0,-0
1.000000,1.000000,0,-0
1.000000,1.000000,0,-0
1.000000,1.000000,0,-0
1.000000,1.000000,0,-0
1.000000,1.000000,0,-0
1.000000,1.000000,0,-0
1.000000,1.000000,0,-0
1.000000,1.000000,0,-0
1.000000,1.000000,0,-0
1.000000,1.000000,0,-0
1.000000,1.000000,0,-0
1.000000,1.000000,0,-0
1.000000,1.000000,0,-0
1.000000,1.000000,0,-0
1.000000,1.000000,0,-0
1.000000,1.000000,0,-0
1.000000,1.000000,0,-0
1.000000,1.000000,0,-0
1.000000,1.000000,0,-0
1.000000,1.000000,0,-0
1.000000,1.000000,0,-0
1.000000,1.000000,0,-0
1.000000,1.000000,0,-0
1.000000,1.000000,0,-0
1.000000,1.000000,0,-0
1.000000,1.000000,0,-0
1.000000,1.000000,0,-0
1.000000,1.000000,0,-0
1.000000,1.000000,0.0406196,-0.0406196
1.000000,1.000000,0.0399804,-0.0399804
1.000000,1.000000,0.0393412,-0.0393412
1.000000,1.000000,0.0387019,-0.0387019
1.000000,1.000000,0.206433,-0.206433
1.000000,1.000000,0.205857,-0.205857
1.000000,1.000000,0.205282,-0.205282
1.000000,1.000000,0.204706,-0.204706
1.000000,1.000000,0.20413,-0.20413
1.000000,1.000000,0.154721,-0.154721
1.000000,1.000000,0.154148,-0.154148
1.000000,1.000000,0,-0
1.000000,1.000000,0,-0
1.000000,1.000000,0,-0
1.000000,1.000000,0,-0
1.000000,1.000000,0,-0
1.000000,1.000000,0,-0
1.000000,1.000000,0,-0
1.000000,1.000000,0,-0
1.000000,1.000000,0,-0
1.000000,1.000000,0,-0
1.000000,1.000000,0,-0
1.000000,1.000000,0,-0
1.000000,1.000000,0,-0
1.000000,1.000000,0,-0
1.000000,1.000000,0,-0
1.000000,1.000000,0,-0
1.000000,1.000000,0,-0
1.000000,1.000000,0,-0
1.000000,1.000000,0,-0
1.000000,1.000000,0,-0
1.000000,1.000000,0,-0
1.000000,1.000000,0,-0
1.000000,1.000000,0,-0
1.000000,1.000000,0,-0
1.000000,1.000000,0,-0
1.000000,1.000000,0,-0
1.000000,1.000000,0,-0
1.000000,1.000000,0,-0
1.000000,1.000000,0,-0
1.000000,1.000000,0,-0
1.000000,1.000000,0,-0
1.000000,1.000000,0,-0
1.000000,1.000000,0,-0
1.000000,1.000000,0,-0
1.000000,1.000000,0,-0
1.000000,1.000000,0,-0
1.000000,1.000000,0,-0
1.000000,1.000000,0,-0
1.000000,1.000000,0,-0
1.000000,1.000000,0,-0
1.000000,1.000000,0,-0
1.000000,1.000000,0.00821053,-0.00821053
1.000000,1.000000,0.00758719,-0.00758719
1.000000,1.000000,0.00696372,-0.00696372
1.000000,1.000000,0.00634002,-0.00634002
1.000000,1.000000,0.177336,-0.177336
1.000000,1.000000,0.176774,-0.176774
1.000000,1.000000,0.176213,-0.176213
1.000000,1.000000,0.175652,-0.175652
1.000000,1.000000,0.17509,-0.17509
1.000000,1.000000,0.3024,-0.3024
1.000000,1.000000,0,-0
1.000000,1.000000,0,-0
1.000000,1.000000,0,-0
1.000000,1.000000,0.3024,-0.3024
1.000000,1.000000,0.3024,-0.3024
1.000000,1.000000,0.3024,-0.3024
1.000000,1.000000,0.3024,-0.3024
1.000000,1.000000,0.3024,-0.3024
1.000000,1.000000,0,-0
1.000000,1.000000,0,-0
1.000000,1.000000,0,-0
1.000000,1.000000,0,-0
1.000000,1.000000,0,-0
1.000000,1.000000,0,-0
1.000000,1.000000,0,-0
1.000000,1.000000,0,-0
1.000000,1.000000,0,-0
1.000000,1.000000,0,-0
1.000000,1.000000,0,-0
1.000000,1.000000,0,-0
1.000000,1.000000,0,-0
1.000000,1.000000,0,-0
1.000000,1.000000,0,-0
1.000000,1.000000,0,-0
1.000000,1.000000,0,-0
1.000000,1.000000,0,-0
1.000000,1.000000,0,-0
1.000000,1.000000,0,-0
1.000000,1.000000,0,-0
1.000000,1.000000,0,-0
1.000000,1.000000,0,-0
1.000000,1.000000,0,-0
0.980510,0.980510,-0.42336,0.42336
0.980510,0.980510,-0.42336,0.42336
0.980510,0.980510,-0.42336,0.42336
0.980510,0.980510,-0.42336,0.42336
0.980510,0.980510,0,-0
1.000000,1.000000,0.3024,-0.3024
1.000000,1.000000,0.3024,-0.3024
1.000000,1.000000,0.3024,-0.3024
1.000000,1.000000,0.3024,-0.3024
1.000000,1.000000,0.3024,-0.3024
1.000000,1.000000,0.3024,-0.3024
1.000000,1.000000,0.3024,-0.3024
1.000000,1.000000,0.3024,-0.3024
1.000000,1.000000,0.3024,-0.3024
1.000000,1.000000,0.3024,-0.3024
1.000000,1.000000,0.3024,-0.3024
1.000000,1.000000,0.3024,-0.3024
1.000000,1.000000,0.3024,-0.3024
1.000000,1.000000,0,-0
1.000000,1.000000,0,-0
1.000000,1.000000,0,-0
1.000000,1.000000,0,-0
1.000000,1.000000,0,-0
1.000000,1.000000,0,-0
1.000000,1.000000,0,-0
1.000000,1.000000,0,-0
1.000000,1.000000,0,-0
1.000000,1.000000,0,-0
1.000000,1.000000,0,-0
1.000000,1.000000,0,-0
1.000000,1.000000,0,-0
1.000000,1.000000,0,-0
1.000000,1.000000,0,-0
1.000000,1.000000,0,-0
1.000000,1.000000,0,-0
1.000000,1.000000,0,-0
1.000000,1.000000,0,-0
1.000000,1.000000,0,-0
1.000000,1.000000,0,-0
1.000000,1.000000,0,-0
1.000000,1.000000,0,-0
1.000000,1.000000,0,-0
1.000000,1.000000,0,-0
1.000000,1.000000,0,-0
1.000000,1.000000,0,-0
1.000000,1.000000,0,-0
1.000000,1.000000,0,-0
1.000000,1.000000,0,-0
1.000000,1.000000,0,-0
1.000000,1.000000,0,-0
1.000000,1.000000,0.3024,-0.3024
1.000000,1.000000,0.3024,-0.3024
1.000000,1.000000,0.3024,-0.3024
1.000000,1.000000,0.3024,-0.3024
1.000000,1.000000,0.3024,-0.3024
1.000000,1.000000,0.3024,-0.3024
1.000000,1.000000,0.3024,-0.3024
1.000000,1.000000,0.3024,-0.3024
1.000000,1.000000,0.3024,-0.3024
1.000000,1.000000,0.3024,-0.3024
1.000000,1.000000,0.3024,-0.3024
1.000000,1.000000,0.3024,-0.3024
1.000000,1.000000,0.3024,-0.3024
1.000000,1.000000,0.3024,-0.3024
1.000000,1.000000,0.3024,-0.3024
1.000000,1.000000,0.3024,-0.3024
1.000000,1.000000,0.3024,-0.3024
1.000000,1.000000,0.3024,-0.3024
1.000000,1.000000,0.3024,-0.3024
1.000000,1.000000,0.3024,-0.3024
1.000000,1.000000,0.3024,-0.3024
1.000000,1.000000,0.3024,-0.3024
1.000000,1.000000,0.3024,-0.3024
1.000000,1.000000,0.3024,-0.3024
1.000000,1.000000,0,-0
1.000000,1.000000,0,-0
1.000000,1.000000,0,-0
1.000000,1.000000,0,-0
1.000000,1.000000,0,-0
1.000000,1.000000,0,-0
1.000000,1.000000,0,-0
1.000000,1.000000,0,-0
1.000000,1.000000,0,-0
1.000000,1.000000,0,-0
1.000000,1.000000,0,-0
1.000000,1.000000,0,-0
1.000000,1.000000,0,-0
1.000000,1.000000,0,-0
1.000000,1.000000,0,-0
1.000000,1.000000,0,-0
1.000000,1.000000,0,-0
1.000000,1.000000,0,-0
1.000000,1.000000,0,-0
1.000000,1.000000,0,-0
1.000000,1.000000,0,-0
1.000000,1.000000,0,-0
1.000000,1.000000,0,-0
1.000000,1.000000,0,-0
1.000000,1.000000,0,-0
1.000000,1.000000,0,-0
1.000000,1.000000,0,-0
1.000000,1.000000,0,-0
1.000000,1.000000,0,-0
1.000000,1.000000,0,-0
1.000000,1.000000,0,-0
1.000000,1.000000,0.3024,-0.3024
1.000000,1.000000,0.3024,-0.3024
1.000000,1.000000,0.3024,-0.3024
1.000000,1.000000,0.3024,-0.3024
1.000000,1.000000,0.3024,-0.3024
1.000000,1.000000,0.3024,-0.3024
1.000000,1.000000,0.3024,-0.3024
1.000000,1.000000,0.3024,-0.3024
1.000000,1.000000,0.3024,-0.3024
1.000000,1.000000,0.3024,-0.3024
1.000000,1.000000,0.3024,-0.3024
1.000000,1.000000,0.3024,-0.3024
1.000000,1.000000,0.3024,-0.3024
1.000000,1.000000,0.3024,-0.3024
1.000000,1.000000,0.3024,-0.3024
1.000000,1.000000,0.3024,-0.3024
1.000000,1.000000,0.3024,-0.3024
1.000000,1.000000,0.3024,-0.3024
1.000000,1.000000,0.3024,-0.3024
1.000000,1.000000,0,-0
1.000000,1.000000,0,-0
1.000000,1.000000,0,-0
1.000000,1.000000,0,-0
1.000000,1.000000,0.3024,-0.3024
1.000000,1.000000,0.3024,-0.3024
1.000000,1.000000,0.3024,-0.3024
1.000000,1.000000,0.3024,-0.3024
1.000000,1.000000,0,-0
1.000000,1.000000,0,-0
1.000000,1.000000,0,-0
1.000000,1.000000,0,-0
1.000000,1.000000,0,-0
1.000000,1.000000,0,-0
1.000000,1.000000,0,-0
1.000000,1.000000,0,-0
1.000000,1.000000,0,-0
1.000000,1.000000,0,-0
1.000000,1.000000,0,-0
1.000000,1.000000,0,-0
1.000000,1.000000,0,-0
1.000000,1.000000,0,-0
1.000000,1.000000,0,-0
1.000000,1.000000,0,-0
1.000000,1.000000,0,-0
1.000000,1.000000,0,-0
1.000000,1.000000,0,-0
1.000000,1.000000,0,-0
1.000000,1.000000,0,-0
1.000000,1.000000,0,-0
1.000000,1.000000,0.3024,-0.3024
1.000000,1.000000,0.3024,-0.3024
1.000000,1.000000,0.3024,-0.3024
1.000000,1.000000,0.3024,-0.3024
1.000000,1.000000,0.3024,-0.3024
1.000000,1.000000,0.3024,-0.3024
1.000000,1.000000,0.3024,-0.3024
1.000000,1.000000,0.3024,-0.3024
1.000000,1.000000,0.3024,-0.3024
1.000000,1.000000,0.3024,-0.3024
1.000000,1.000000,0.3024,-0.3024
1.000000,1.000000,0.3024,-0.3024
1.000000,1.000000,0.3024,-0.3024
1.000000,1.000000,0.3024,-0.3024
1.000000,1.000000,0.3024,-0.3024
1.000000,1.000000,0.3024,-0.3024
1.000000,1.000000,0.3024,-0.3024
1.000000,1.000000,0.3024,-0.3024
1.000000,1.000000,0.3024,-0.3024
1.000000,1.000000,0.3024,-0.3024
1.000000,1.000000,0.3024,-0.3024
1.000000,1.000000,0.3024,-0.3024
1.000000,1.000000,0.3024,-0.3024
1.000000,1.000000,0.3024,-0.3024
1.000000,1.000000,0.3024,-0.3024
1.000000,1.000000,0.3024,-0.3024
1.000000,1.000000,0.3024,-0.3024
1.000000,1.000000,0.3024,-0.3024
1.000000,1.000000,0.3024,-0.3024
1.000000,1.000000,0.3024,-0.3024
1.000000,1.000000,0.3024,-0.3024
1.000000,1.000000,0.3024,-0.3024
1.000000,1.000000,0.3024,-0.3024
1.000000,1.000000,0.3024,-0.3024
1.000000,1.000000,0.3024,-0.3024
1.000000,1.000000,0.3024,-0.3024
1.000000,1.000000,0.3024,-0.3024
1.000000,1.000000,0.3024,-0.3024
1.000000,1.000000,0.3024,-0.3024
1.000000,1.000000,0.3024,-0.3024
1.000000,1.000000,0.3024,-0.3024
1.000000,1.000000,0.3024,-0.3024
1.000000,1.000000,0.3024,-0.3024
1.000000,1.000000,0.3024,-0.3024
1.000000,1.000000,0.3024,-0.3024
1.000000,1.000000,0.3024,-0.3024
1.000000,1.000000,0.3024,-0.3024
1.000000,1.000000,0.3024,-0.3024
1.000000,1.000000,0.3024,-0.3024
1.000000,1.000000,0.3024,-0.3024
1.000000,1.000000,0.3024,-0.3024
1.000000,1.000000,0.3024,-0.3024
1.000000,1.000000,0.3024,-0.3024
1.000000,1.000000,0.3024,-0.3024
1.000000,1.000000,0.3024,-0.3024
1.000000,1.000000,0.3024,-0.3024
1.000000,1.000000,0.3024,-0.3024
1.000000,1.000000,0.3024,-0.3024
1.000000,1.000000,0.3024,-0.3024
1.000000,1.000000,0.3024,-0.3024
1.000000,1.000000,0.3024,-0.3024
1.000000,1.000000,0.3024,-0.3024
1.000000,1.000000,0.3024,-0.3024
1.000000,1.000000,0.3024,-0.3024
1.000000,1.000000,0.3024,-0.3024
1.000000,1.000000,0.3024,-0.3024
1.000000,1.000000,0.3024,-0.3024
1.000000,1.000000,0.3024,-0.3024
1.000000,1.000000,0.3024,-0.3024
1.000000,1.000000,0.3024,-0.3024
1.000000,1.000000,0.3024,-0.3024
1.000000,1.000000,0.3024,-0.3024
1.000000,1.000000,0.3024,-0.3024
1.000000,1.000000,0.3024,-0.3024
1.000000,1.000000,0.3024,-0.3024
1.000000,1.000000,0.3024,-0.3024
1.000000,1.000000,0.3024,-0.3024
1.000000,1.000000,0.3024,-0.3024
1.000000,1.000000,0.3024,-0.3024
1.000000,1.000000,0.3024,-0.3024
1.000000,1.000000,0.3024,-0.3024
1.000000,1.000000,0.3024,-0.3024
1.000000,1.000000,0.3024,-0.3024
1.000000,1.000000,0.3024,-0.3024
1.000000,1.000000,0.3024,-0.3024
1.000000,1.000000,0.3024,-0.3024
1.000000,1.000000,0.3024,-0.3024
1.000000,1.000000,0.3024,-0.3024
1.000000,1.000000,0,-0
1.000000,1.000000,0,-0
1.000000,1.000000,0,-0
1.000000,1.000000,0,-0
1.000000,1.000000,0,-0
1.000000,1.000000,0,-0
1.000000,1.000000,0,-0
1.000000,1.000000,0,-0
1.000000,1.000000,0,-0
1.000000,1.000000,0,-0
1.000000,1.000000,0,-0
1.000000,1.000000,0,-0
1.000000,1.000000,0,-0
1.000000,1.000000,0,-0
1.000000,1.000000,0,-0
1.000000,1.000000,0,-0
1.000000,1.000000,0,-0
1.000000,1.000000,0,-0
1.000000,1.000000,0,-0
1.000000,1.000000,0,-0
1.000000,1.000000,0,-0
1.000000,1.000000,0.3024,-0.3024
1.000000,1.000000,0.3024,-0.3024
1.000000,1.000000,0.3024,-0.3024
1.000000,1.000000,0.3024,-0.3024
1.000000,1.000000,0.3024,-0.3024
1.000000,1.000000,0.3024,-0.3024
1.000000,1.000000,0.3024,-0.3024
1.000000,1.000000,0.3024,-0.3024
1.000000,1.000000,0.3024,-0.3024
1.000000,1.000000,0.3024,-0.3024
1.000000,1.000000,0.3024,-0.3024
1.000000,1.000000,0.3024,-0.3024
1.000000,1.000000,0.3024,-0.3024
1.000000,1.000000,0.3024,-0.3024
1.000000,1.000000,0.3024,-0.3024
1.000000,1.000000,0,-0
1.000000,1.000000,0,-0
1.000000,1.000000,0,-0
1.000000,1.000000,0,-0
1.000000,1.000000,0,-0
1.000000,1.000000,0,-0
1.000000,1.000000,0,-0
1.000000,1.000000,0,-0
1.000000,1.000000,0,-0
1.000000,1.000000,0,-0
1.000000,1.000000,0,-0
1.000000,1.000000,0,-0
1.000000,1.000000,0,-0
1.000000,1.000000,0,-0
1.000000,1.000000,0,-0
1.000000,1.000000,0,-0
1.000000,1.000000,0,-0
1.000000,1.000000,0,-0
1.000000,1.000000,0,-0
1.000000,1.000000,0,-0
1.000000,1.000000,0,-0
1.000000,1.000000,0,-0
1.000000,1.000000,0,-0
1.000000,1.000000,0,-0
1.000000,1.000000,0,-0
1.000000,1.000000,0,-0
1.000000,1.000000,0,-0
1.000000,1.000000,0,-0
1.000000,1.000000,0,-0
1.000000,1.000000,0,-0
1.000000,1.000000,0,-0
1.000000,1.000000,0,-0
1.000000,1.000000,0,-0
1.000000,1.000000,0,-0
1.000000,1.000000,0,-0
1.000000,1.000000,0.3024,-0.3024
1.000000,1.000000,0.3024,-0.3024
1.000000,1.000000,0.3024,-0.3024
1.000000,1.000000,0.3024,-0.3024
1.000000,1.000000,0.3024,-0.3024
1.000000,1.000000,0.3024,-0.3024
1.000000,1.000000,0.3024,-0.3024
1.000000,1.000000,0.3024,-0.3024
1.000000,1.000000,0.3024,-0.3024
1.000000,1.000000,0.3024,-0.3024
1.000000,1.000000,0.3024,-0.3024
1.000000,1.000000,0.3024,-0.3024
1.000000,1.000000,0.3024,-0.3024
1.000000,1.000000,0.3024,-0.3024
1.000000,1.000000,0.3024,-0.3024
1.000000,1.000000,0.3024,-0.3024
1.000000,1.000000,0,-0
1.000000,1.000000,0,-0
1.000000,1.000000,0,-0
1.000000,1.000000,0,-0
1.000000,1.000000,0,-0
1.000000,1.000000,0,-0
1.000000,1.000000,0,-0
1.000000,1.000000,0,-0
1.000000,1.000000,0,-0
1.000000,1.000000,0,-0
1.000000,1.000000,0,-0
1.000000,1.000000,0,-0
1.000000,1.000000,0,-0
1.000000,1.000000,0,-0
1.000000,1.000000,0,-0
1.000000,1.000000,0,-0
1.000000,1.000000,0,-0
1.000000,1.000000,0,-0
1.000000,1.000000,0,-0
1.000000,1.000000,0,-0
1.000000,1.000000,0,-0
1.000000,1.000000,0,-0
1.000000,1.000000,0,-0
1.000000,1.000000,0,-0
1.000000,1.000000,0,-0
1.000000,1.000000,0,-0
1.000000,1.000000,0,-0
1.000000,1.000000,0,-0
1.000000,1.000000,0,-0
1.000000,1.000000,0,-0
1.000000,1.000000,0,-0
1.000000,1.000000,0.3024,-0.3024
1.000000,1.000000,0.3024,-0.3024
1.000000,1.000000,0.3024,-0.3024
1.000000,1.000000,0.3024,-0.3024
1.000000,1.000000,0.3024,-0.3024
1.000000,1.000000,0.3024,-0.3024
1.000000,1.000000,0.3024,-0.3024
1.000000,1.000000,0.3024,-0.3024
1.000000,1.000000,0.3024,-0.3024
1.000000,1.000000,0.3024,-0.3024
1.000000,1.000000,0.3024,-0.3024
1.000000,1.000000,0.3024,-0.3024
1.000000,1.000000,0.3024,-0.3024
1.000000,1.000000,0.3024,-0.3024
1.000000,1.000000,0.3024,-0.3024
1.000000,1.000000,0.3024,-0.3024
1.000000,1.000000,0.3024,-0.3024
1.000000,1.000000,0.3024,-0.3024
1.000000,1.000000,0.3024,-0.3024
1.000000,1.000000,0.3024,-0.3024
1.000000,1.000000,0.3024,-0.3024
1.000000,1.000000,0.3024,-0.3024
1.000000,1.000000,0,-0
1.000000,1.000000,0,-0
1.000000,1.000000,0,-0
1.000000,1.000000,0,-0
1.000000,1.000000,0,-0
1.000000,1.000000,0,-0
1.000000,1.000000,0,-0
1.000000,1.000000,0,-0
1.000000,1.000000,0,-0
1.000000,1.000000,0,-0
1.000000,1.000000,0,-0
1.000000,1.000000,0,-0
1.000000,1.000000,0,-0
1.000000,1.000000,0,-0
1.000000,1.000000,0,-0
1.000000,1.000000,0,-0
1.000000,1.000000,0,-0
1.000000,1.000000,0,-0
1.000000,1.000000,0,-0
1.000000,1.000000,0,-0
1.000000,1.000000,0,-0
1.000000,1.000000,0,-0
1.000000,1.000000,0,-0
1.000000,1.000000,0,-0
1.000000,1.000000,0,-0
1.000000,1.000000,0,-0
1.000000,1.000000,0,-0
1.000000,1.000000,0,-0
1.000000,1.000000,0,-0
1.000000,1.000000,0,-0
1.000000,1.000000,0,-0
1.000000,1.000000,0,-0
1.000000,1.000000,0,-0
1.000000,1.000000,0.3024,-0.3024
1.000000,1.000000,0.3024,-0.3024
1.000000,1.000000,0.3024,-0.3024
1.000000,1.000000,0.3024,-0.3024
1.000000,1.000000,0.28227,-0.28227
1.000000,1.000000,0.281754,-0.281754
1.000000,1.000000,0.281238,-0.281238
1.000000,1.000000,0.280722,-0.280722
1.000000,1.000000,0.280205,-0.280205
1.000000,1.000000,0.3024,-0.3024
1.000000,1.000000,0.3024,-0.3024
1.000000,1.000000,0.3024,-0.3024
1.000000,1.000000,0.3024,-0.3024
1.000000,1.000000,0.3024,-0.3024
1.000000,1.000000,0.3024,-0.3024
1.000000,1.000000,0.3024,-0.3024
1.000000,1.000000,0.3024,-0.3024
1.000000,1.000000,0.3024,-0.3024
1.000000,1.000000,0.3024,-0.3024
1.000000,1.000000,0.3024,-0.3024
1.000000,1.000000,0.3024,-0.3024
1.000000,1.000000,0.3024,-0.3024
1.000000,1.000000,0.3024,-0.3024
1.000000,1.000000,0,-0
1.000000,1.000000,0,-0
1.000000,1.000000,0,-0
1.000000,1.000000,0,-0
1.000000,1.000000,0,-0
1.000000,1.000000,0,-0
1.000000,1.000000,0,-0
1.000000,1.000000,0,-0
1.000000,1.000000,0,-0
1.000000,1.000000,0,-0
1.000000,1.000000,0,-0
1.000000,1.000000,0,-0
1.000000,1.000000,0,-0
1.000000,1.000000,0,-0
1.000000,1.000000,0,-0
1.000000,1.000000,0,-0
1.000000,1.000000,0,-0
1.000000,1.000000,0,-0
1.000000,1.000000,0,-0
1.000000,1.000000,0,-0
1.000000,1.000000,0,-0
1.000000,1.000000,0,-0
1.000000,1.000000,0,-0
1.000000,1.000000,0,-0
1.000000,1.000000,0,-0
1.000000,1.000000,0,-0
1.000000,1.000000,0,-0
1.000000,1.000000,0,-0
1.000000,1.000000,0.3024,-0.3024
1.000000,1.000000,0.3024,-0.3024
1.000000,1.000000,0.3024,-0.3024
1.000000,1.000000,0.3024,-0.3024
1.000000,1.000000,0.3024,-0.3024
1.000000,1.000000,0.256137,-0.256137
1.000000,1.000000,0.255639,-0.255639
1.000000,1.000000,0.255142,-0.255142
1.000000,1.000000,0.254645,-0.254645
1.000000,1.000000,0.254148,-0.254148
1.000000,1.000000,0.3024,-0.3024
1.000000,1.000000,0.3024,-0.3024
1.000000,1.000000,0.3024,-0.3024
1.000000,1.000000,0.3024,-0.3024
1.000000,1.000000,0.3024,-0.3024
1.000000,1.000000,0.3024,-0.3024
1.000000,1.000000,0.3024,-0.3024
1.000000,1.000000,0,-0
1.000000,1.000000,0,-0
1.000000,1.000000,0,-0
1.000000,1.000000,0,-0
1.000000,1.000000,0,-0
1.000000,1.000000,0,-0
1.000000,1.000000,0,-0
1.000000,1.000000,0,-0
1.000000,1.000000,0,-0
1.000000,1.000000,0,-0
1.000000,1.000000,0,-0
1.000000,1.000000,0,-0
1.000000,1.000000,0,-0
1.000000,1.000000,0,-0
1.000000,1.000000,0,-0
1.000000,1.000000,0,-0
1.000000,1.000000,0,-0
1.000000,1.000000,0,-0
1.000000,1.000000,0.3024,-0.3024
1.000000,1.000000,0,-0
1.000000,1.000000,0,-0
1.000000,1.000000,0,-0
1.000000,1.000000,0,-0
1.000000,1.000000,0,-0
1.000000,1.000000,0,-0
1.000000,1.000000,0,-0
1.000000,1.000000,0,-0
1.000000,1.000000,0,-0
1.000000,1.000000,0,-0
1.000000,1.000000,0,-0
1.000000,1.000000,0,-0
1.000000,1.000000,0,-0
1.000000,1.000000,0.3024,-0.3024
1.000000,1.000000,0.3024,-0.3024
1.000000,1.000000,0.3024,-0.3024
1.000000,1.000000,0.3024,-0.3024
1.000000,1.000000,0.3024,-0.3024
1.000000,1.000000,0.3024,-0.3024
1.000000,1.000000,0.3024,-0.3024
1.000000,1.000000,0.3024,-0.3024
1.000000,1.000000,0.231023,-0.231023
1.000000,1.000000,0.230546,-0.230546
1.000000,1.000000,0.230069,-0.230069
1.000000,1.000000,0.229591,-0.229591
1.000000,1.000000,0.229114,-0.229114
1.000000,1.000000,0.3024,-0.3024
1.000000,1.000000,0.3024,-0.3024
1.000000,1.000000,0.3024,-0.3024
1.000000,1.000000,0.3024,-0.3024
1.000000,1.000000,0.3024,-0.3024
1.000000,1.000000,0.3024,-0.3024
1.000000,1.000000,0.3024,-0.3024
1.000000,1.000000,0.3024,-0.3024
1.000000,1.000000,0.3024,-0.3024
1.000000,1.000000,0.3024,-0.3024
1.000000,1.000000,0.3024,-0.3024
1.000000,1.000000,0.3024,-0.3024
1.000000,1.000000,0.3024,-0.3024
1.000000,1.000000,0.3024,-0.3024
1.000000,1.000000,0.3024,-0.3024
1.000000,1.000000,0.3024,-0.3024
1.000000,1.000000,0.3024,-0.3024
1.000000,1.000000,0.3024,-0.3024
1.000000,1.000000,0.3024,-0.3024
1.000000,1.000000,0.3024,-0.3024
1.000000,1.000000,0.3024,-0.3024
1.000000,1.000000,0.3024,-0.3024
1.000000,1.000000,0.3024,-0.3024
1.000000,1.000000,0.3024,-0.3024
1.000000,1.000000,0.3024,-0.3024
1.000000,1.000000,0.3024,-0.3024
1.000000,1.000000,0.3024,-0.3024
1.000000,1.000000,0.3024,-0.3024
1.000000,1.000000,0.3024,-0.3024
1.000000,1.000000,0.3024,-0.3024
1.000000,1.000000,0.3024,-0.3024
1.000000,1.000000,0.3024,-0.3024
1.000000,1.000000,0.3024,-0.3024
1.000000,1.000000,0.3024,-0.3024
1.000000,1.000000,0.3024,-0.3024
1.000000,1.000000,0.3024,-0.3024
1.000000,1.000000,0.3024,-0.3024
1.000000,1.000000,0.3024,-0.3024
1.000000,1.000000,0.3024,-0.3024
1.000000,1.000000,0.3024,-0.3024
1.000000,1.000000,0.3024,-0.3024
1.000000,1.000000,0.3024,-0.3024
1.000000,1.000000,0.3024,-0.3024
1.000000,1.000000,0.3024,-0.3024
1.000000,1.000000,0.3024,-0.3024
1.000000,1.000000,0.3024,-0.3024
1.000000,1.000000,0.3024,-0.3024
1.000000,1.000000,0.206972,-0.206972
1.000000,1.000000,0.206516,-0.206516
1.000000,1.000000,0.206059,-0.206059
1.000000,1.000000,0.205603,-0.205603
1.000000,1.000000,0.205146,-0.205146
1.000000,1.000000,0.3024,-0.3024
1.000000,1.000000,0.3024,-0.3024
1.000000,1.000000,0.3024,-0.3024
1.000000,1.000000,0.3024,-0.3024
1.000000,1.000000,0.3024,-0.3024
1.000000,1.000000,0.3024,-0.3024
1.000000,1.000000,0.3024,-0.3024
1.000000,1.000000,0.3024,-0.3024
1.000000,1.000000,0.3024,-0.3024
1.000000,1.000000,0.3024,-0.3024
1.000000,1.000000,0.3024,-0.3024
1.000000,1.000000,0.3024,-0.3024
1.000000,1.000000,0.3024,-0.3024
1.000000,1.000000,0.3024,-0.3024
1.000000,1.000000,0.3024,-0.3024
1.000000,1.000000,0.3024,-0.3024
1.000000,1.000000,0.3024,-0.3024
1.000000,1.000000,0.3024,-0.3024
1.000000,1.000000,0.3024,-0.3024
1.000000,1.000000,0.3024,-0.3024
1.000000,1.000000,0.3024,-0.3024
1.000000,1.000000,0.3024,-0.3024
1.000000,1.000000,0.3024,-0.3024
1.000000,1.000000,0.3024,-0.3024
1.000000,1.000000,0.3024,-0.3024
1.000000,1.000000,0.3024,-0.3024
1.000000,1.000000,0,-0
1.000000,1.000000,0,-0
1.000000,1.000000,0,-0
1.000000,1.000000,0,-0
1.000000,1.000000,0,-0
1.000000,1.000000,0,-0
1.000000,1.000000,0,-0
1.000000,1.000000,0,-0
1.000000,1.000000,0,-0
1.000000,1.000000,0,-0
1.000000,1.000000,0,-0
1.000000,1.000000,0,-0
1.000000,1.000000,0,-0
1.000000,1.000000,0,-0
1.000000,1.000000,0,-0
1.000000,1.000000,0.3024,-0.3024
1.000000,1.000000,0.3024,-0.3024
1.000000,1.000000,0.3024,-0.3024
1.000000,1.000000,0.3024,-0.3024
1.000000,1.000000,0.3024,-0.3024
1.000000,1.000000,0.3024,-0.3024
1.000000,1.000000,0.184008,-0.184008
1.000000,1.000000,0.183573,-0.183573
1.000000,1.000000,0.183137,-0.183137
1.000000,1.000000,0.182702,-0.182702
1.000000,1.000000,0.182267,-0.182267
1.000000,1.000000,0.290192,-0.290192
1.000000,1.000000,0.289778,-0.289778
1.000000,1.000000,0.289363,-0.289363
1.000000,1.000000,0.288949,-0.288949
1.000000,1.000000,0.3024,-0.3024
1.000000,1.000000,0.3024,-0.3024
1.000000,1.000000,0.3024,-0.3024
1.000000,1.000000,0.3024,-0.3024
1.000000,1.000000,0.3024,-0.3024
1.000000,1.000000,0.3024,-0.3024
1.000000,1.000000,0.3024,-0.3024
1.000000,1.000000,0.3024,-0.3024
1.000000,1.000000,0.3024,-0.3024
1.000000,1.000000,0.3024,-0.3024
1.000000,1.000000,0.3024,-0.3024
1.000000,1.000000,0.3024,-0.3024
1.000000,1.000000,0.3024,-0.3024
1.000000,1.000000,0.3024,-0.3024
1.000000,1.000000,0.3024,-0.3024
1.000000,1.000000,0.3024,-0.3024
1.000000,1.000000,0.3024,-0.3024
1.000000,1.000000,0.3024,-0.3024
1.000000,1.000000,0,-0
1.000000,1.000000,0.3024,-0.3024
1.000000,1.000000,0.3024,-0.3024
1.000000,1.000000,0.3024,-0.3024
1.000000,1.000000,0.3024,-0.3024
1.000000,1.000000,0,-0
1.000000,1.000000,0,-0
1.000000,1.000000,0,-0
1.000000,1.000000,0,-0
1.000000,1.000000,0,-0
1.000000,1.000000,0,-0
1.000000,1.000000,0,-0
1.000000,1.000000,0,-0
1.000000,1.000000,0,-0
1.000000,1.000000,0.3024,-0.3024
1.000000,1.000000,0.3024,-0.3024
1.000000,1.000000,0.3024,-0.3024
1.000000,1.000000,0.3024,-0.3024
1.000000,1.000000,0.3024,-0.3024
1.000000,1.000000,0.3024,-0.3024
1.000000,1.000000,0.3024,-0.3024
1.000000,1.000000,0.3024,-0.3024
1.000000,1.000000,0.3024,-0.3024
1.000000,1.000000,0.3024,-0.3024
1.000000,1.000000,0.3024,-0.3024
1.000000,1.000000,0.3024,-0.3024
1.000000,1.000000,0.3024,-0.3024
1.000000,1.000000,0.3024,-0.3024
1.000000,1.000000,0.3024,-0.3024
1.000000,1.000000,0.3024,-0.3024
1.000000,1.000000,0.3024,-0.3024
1.000000,1.000000,0.3024,-0.3024
1.000000,1.000000,0.3024,-0.3024
1.000000,1.000000,0.3024,-0.3024
1.000000,1.000000,0.3024,-0.3024
1.000000,1.000000,0.3024,-0.3024
1.000000,1.000000,0.3024,-0.3024
1.000000,1.000000,0.3024,-0.3024
1.000000,1.000000,0.3024,-0.3024
1.000000,1.000000,0.3024,-0.3024
1.000000,1.000000,0.3024,-0.3024
1.000000,1.000000,0.3024,-0.3024
1.000000,1.000000,0,-0
1.000000,1.000000,0,-0
1.000000,1.000000,0,-0
1.000000,1.000000,0,-0
1.000000,1.000000,0,-0
1.000000,1.000000,0,-0
1.000000,1.000000,0,-0
1.000000,1.000000,0,-0
1.000000,1.000000,0,-0
1.000000,1.000000,0,-0
1.000000,1.000000,0,-0
1.000000,1.000000,0,-0
1.000000,1.000000,0,-0
1.000000,1.000000,0,-0
1.000000,1.000000,0,-0
1.000000,1.000000,0,-0
1.000000,1.000000,0,-0
1.000000,1.000000,0,-0
1.000000,1.000000,0,-0
1.000000,1.000000,0,-0
1.000000,1.000000,0,-0
1.000000,1.000000,0,-0
1.000000,1.000000,0,-0
1.000000,1.000000,0,-0
1.000000,1.000000,0,-0
1.000000,1.000000,0.3024,-0.3024
1.000000,1.000000,0.3024,-0.3024
1.000000,1.000000,0.3024,-0.3024
1.000000,1.000000,0.3024,-0.3024
1.000000,1.000000,0.3024,-0.3024
1.000000,1.000000,0.3024,-0.3024
1.000000,1.000000,0.3024,-0.3024
1.000000,1.000000,0.3024,-0.3024
1.000000,1.000000,0.3024,-0.3024
1.000000,1.000000,0.3024,-0.3024
1.000000,1.000000,0.3024,-0.3024
1.000000,1.000000,0.3024,-0.3024
1.000000,1.000000,0.3024,-0.3024
1.000000,1.000000,0.3024,-0.3024
1.000000,1.000000,0.3024,-0.3024
1.000000,1.000000,0.3024,-0.3024
1.000000,1.000000,0.3024,-0.3024
1.000000,1.000000,0.3024,-0.3024
1.000000,1.000000,0.3024,-0.3024
1.000000,1.000000,0.3024,-0.3024
1.000000,1.000000,0.3024,-0.3024
1.000000,1.000000,0.3024,-0.3024
1.000000,1.000000,0.3024,-0.3024
1.000000,1.000000,0.3024,-0.3024
1.000000,1.000000,0.3024,-0.3024
1.000000,1.000000,0.3024,-0.3024
1.000000,1.000000,0.3024,-0.3024
1.000000,1.000000,0.3024,-0.3024
1.000000,1.000000,0.3024,-0.3024
1.000000,1.000000,0.3024,-0.3024
1.000000,1.000000,0.3024,-0.3024
1.000000,1.000000,0.3024,-0.3024
1.000000,1.000000,0.3024,-0.3024
1.000000,1.000000,0.3024,-0.3024
1.000000,1.000000,0.3024,-0.3024
1.000000,1.000000,0.3024,-0.3024
1.000000,1.000000,0.3024,-0.3024
1.000000,1.000000,0.3024,-0.3024
1.000000,1.000000,0.3024,-0.3024
1.000000,1.000000,0.3024,-0.3024
1.000000,1.000000,0.3024,-0.3024
1.000000,1.000000,0.3024,-0.3024
1.000000,1.000000,0.3024,-0.3024
1.000000,1.000000,0.3024,-0.3024
1.000000,1.000000,0.3024,-0.3024
1.000000,1.000000,0.3024,-0.3024
1.000000,1.000000,0.3024,-0.3024
1.000000,1.000000,0.3024,-0.3024
1.000000,1.000000,0.3024,-0.3024
1.000000,1.000000,0.3024,-0.3024
1.000000,1.000000,0.3024,-0.3024
1.000000,1.000000,0.3024,-0.3024
1.000000,1.000000,0.3024,-0.3024
1.000000,1.000000,0.3024,-0.3024
1.000000,1.000000,0.3024,-0.3024
1.000000,1.000000,0.3024,-0.3024
1.000000,1.000000,0.3024,-0.3024
1.000000,1.000000,0.3024,-0.3024
1.000000,1.000000,0.3024,-0.3024
1.000000,1.000000,0.3024,-0.3024
1.000000,1.000000,0.3024,-0.3024
1.000000,1.000000,0.3024,-0.3024
1.000000,1.000000,0.3024,-0.3024
1.000000,1.000000,0.3024,-0.3024
1.000000,1.000000,0.3024,-0.3024
1.000000,1.000000,0.3024,-0.3024
1.000000,1.000000,0.3024,-0.3024
1.000000,1.000000,0.3024,-0.3024
1.000000,1.000000,0.3024,-0.3024
1.000000,1.000000,0.3024,-0.3024
1.000000,1.000000,0.3024,-0.3024
1.000000,1.000000,0.3024,-0.3024
1.000000,1.000000,0.3024,-0.3024
1.000000,1.000000,0.3024,-0.3024
1.000000,1.000000,0.3024,-0.3024
1.000000,1.000000,0.3024,-0.3024
1.000000,1.000000,0.3024,-0.3024
1.000000,1.000000,0.3024,-0.3024
1.000000,1.000000,0.3024,-0.3024
1.000000,1.000000,0.3024,-0.3024
1.000000,1.000000,0.3024,-0.3024
1.000000,1.000000,0.3024,-0.3024
1.000000,1.000000,0.3024,-0.3024
1.000000,1.000000,0.3024,-0.3024
1.000000,1.000000,0.3024,-0.3024
1.000000,1.000000,0.3024,-0.3024
1.000000,1.000000,0.3024,-0.3024
1.000000,1.000000,0.3024,-0.3024
1.000000,1.000000,0.3024,-0.3024
1.000000,1.000000,0.3024,-0.3024
1.000000,1.000000,0.3024,-0.3024
1.000000,1.000000,0.3024,-0.3024
1.000000,1.000000,0.3024,-0.3024
1.000000,1.000000,0.3024,-0.3024
1.000000,1.000000,0.3024,-0.3024
1.000000,1.000000,0.3024,-0.3024
1.000000,1.000000,0.3024,-0.3024
1.000000,1.000000,0.3024,-0.3024
1.000000,1.000000,0.3024,-0.3024
1.000000,1.000000,0.3024,-0.3024
1.000000,1.000000,0.3024,-0.3024
1.000000,1.000000,0.3024,-0.3024
1.000000,1.000000,0.3024,-0.3024
1.000000,1.000000,0.3024,-0.3024
1.000000,1.000000,0.3024,-0.3024
1.000000,1.000000,0.3024,-0.3024
1.000000,1.000000,0.3024,-0.3024
1.000000,1.000000,0.3024,-0.3024
1.000000,1.000000,0.3024,-0.3024
1.000000,1.000000,0.3024,-0.3024
1.000000,1.000000,0.3024,-0.3024
1.000000,1.000000,0.3024,-0.3024
1.000000,1.000000,0.3024,-0.3024
1.000000,1.000000,0.3024,-0.3024
1.000000,1.000000,0.3024,-0.3024
1.000000,1.000000,0.3024,-0.3024
1.000000,1.000000,0.3024,-0.3024
1.000000,1.000000,0.3024,-0.3024
1.000000,1.000000,0.3024,-0.3024
1.000000,1.000000,0.3024,-0.3024
1.000000,1.000000,0.3024,-0.3024
1.000000,1.000000,0.3024,-0.3024
1.000000,1.000000,0.3024,-0.3024
1.000000,1.000000,0.3024,-0.3024
1.000000,1.000000,0.3024,-0.3024
1.000000,1.000000,0.3024,-0.3024
1.000000,1.000000,0.3024,-0.3024
1.000000,1.000000,0.3024,-0.3024
1.000000,1.000000,0.3024,-0.3024
1.000000,1.000000,0.3024,-0.3024
1.000000,1.000000,0.3024,-0.3024
1.000000,1.000000,0.3024,-0.3024
1.000000,1.000000,0.3024,-0.3024
1.000000,1.000000,0.3024,-0.3024
1.000000,1.000000,0.3024,-0.3024
1.000000,1.000000,0.3024,-0.3024
1.000000,1.000000,0.3024,-0.3024
1.000000,1.000000,0.3024,-0.3024
1.000000,1.000000,0.3024,-0.3024
1.000000,1.000000,0.3024,-0.3024
1.000000,1.000000,0.3024,-0.3024
1.000000,1.000000,0.3024,-0.3024
1.000000,1.000000,0.3024,-0.3024
1.000000,1.000000,0.3024,-0.3024
1.000000,1.000000,0.3024,-0.3024
1.000000,1.000000,0.3024,-0.3024
1.000000,1.000000,0.3024,-0.3024
1.000000,1.000000,0.3024,-0.3024
1.000000,1.000000,0.3024,-0.3024
1.000000,1.000000,0.3024,-0.3024
1.000000,1.000000,0.3024,-0.3024
1.000000,1.000000,0.3024,-0.3024
1.000000,1.000000,0.3024,-0.3024
1.000000,1.000000,0.3024,-0.3024
1.000000,1.000000,0.3024,-0.3024
1.000000,1.000000,0.3024,-0.3024
1.000000,1.000000,0.3024,-0.3024
1.000000,1.000000,0.3024,-0.3024
1.000000,1.000000,0.3024,-0.3024
1.000000,1.000000,0.3024,-0.3024
1.000000,1.000000,0.3024,-0.3024
1.000000,1.000000,0.3024,-0.3024
1.000000,1.000000,0.3024,-0.3024
1.000000,1.000000,0.3024,-0.3024
1.000000,1.000000,0.3024,-0.3024
1.000000,1.000000,0.3024,-0.3024
1.000000,1.000000,0.3024,-0.3024
1.000000,1.000000,0.3024,-0.3024
1.000000,1.000000,0.3024,-0.3024
1.000000,1.000000,0.3024,-0.3024
1.000000,1.000000,0.3024,-0.3024
1.000000,1.000000,0.3024,-0.3024
1.000000,1.000000,0.3024,-0.3024
1.000000,1.000000,0.3024,-0.3024
1.000000,1.000000,0.3024,-0.3024
1.000000,1.000000,0.3024,-0.3024
1.000000,1.000000,0.3024,-0.3024
1.000000,1.000000,0.3024,-0.3024
1.000000,1.000000,0.3024,-0.3024
1.000000,1.000000,0.3024,-0.3024
1.000000,1.000000,0.3024,-0.3024
1.000000,1.000000,0.3024,-0.3024
1.000000,1.000000,0.3024,-0.3024
1.000000,1.000000,0.3024,-0.3024
1.000000,1.000000,0.3024,-0.3024
1.000000,1.000000,0.3024,-0.3024
1.000000,1.000000,0.3024,-0.3024
1.000000,1.000000,0.3024,-0.3024
1.000000,1.000000,0.3024,-0.3024
1.000000,1.000000,0.3024,-0.3024
1.000000,1.000000,0.3024,-0.3024
1.000000,1.000000,0.3024,-0.3024
1.000000,1.000000,0.3024,-0.3024
1.000000,1.000000,0.3024,-0.3024
1.000000,1.000000,0.3024,-0.3024
1.000000,1.000000,0.3024,-0.3024
1.000000,1.000000,0,-0
1.000000,1.000000,0,-0
1.000000,1.000000,0.3024,-0.3024
1.000000,1.000000,0.3024,-0.3024
1.000000,1.000000,0.3024,-0.3024
1.000000,1.000000,0.3024,-0.3024
1.000000,1.000000,0.3024,-0.3024
1.000000,1.000000,0.3024,-0.3024
1.000000,1.000000,0.3024,-0.3024
1.000000,1.000000,0.3024,-0.3024
1.000000,1.000000,0.3024,-0.3024
1.000000,1.000000,0.3024,-0.3024
1.000000,1.000000,0.3024,-0.3024
1.000000,1.000000,0.3024,-0.3024
1.000000,1.000000,0.3024,-0.3024
1.000000,1.000000,0.3024,-0.3024
1.000000,1.000000,0.3024,-0.3024
1.000000,1.000000,0.3024,-0.3024
1.000000,1.000000,0.3024,-0.3024
1.000000,1.000000,0.3024,-0.3024
1.000000,1.000000,0.3024,-0.3024
1.000000,1.000000,0.3024,-0.3024
1.000000,1.000000,0.3024,-0.3024
1.000000,1.000000,0.3024,-0.3024
1.000000,1.000000,0.3024,-0.3024
1.000000,1.000000,0.3024,-0.3024
1.000000,1.000000,0.3024,-0.3024
1.000000,1.000000,0.3024,-0.3024
1.000000,1.000000,0.3024,-0.3024
1.000000,1.000000,0.3024,-0.3024
1.000000,1.000000,0.3024,-0.3024
1.000000,1.000000,0.3024,-0.3024
1.000000,1.000000,0.3024,-0.3024
1.000000,1.000000,0.3024,-0.3024
1.000000,1.000000,0.3024,-0.3024
1.000000,1.000000,0.3024,-0.3024
1.000000,1.000000,0.3024,-0.3024
1.000000,1.000000,0.3024,-0.3024
1.000000,1.000000,0.3024,-0.3024
1.000000,1.000000,0.3024,-0.3024
1.000000,1.000000,0.3024,-0.3024
1.000000,1.000000,0.3024,-0.3024
1.000000,1.000000,0.3024,-0.3024
1.000000,1.000000,0,-0
1.000000,1.000000,0,-0
1.000000,1.000000,0.3024,-0.3024
1.000000,1.000000,0.3024,-0.3024
1.000000,1.000000,0.3024,-0.3024
1.000000,1.000000,0.3024,-0.3024
1.000000,1.000000,0.3024,-0.3024
1.000000,1.000000,0.3024,-0.3024
1.000000,1.000000,0.3024,-0.3024
1.000000,1.000000,0.3024,-0.3024
1.000000,1.000000,0.3024,-0.3024
1.000000,1.000000,0.3024,-0.3024
1.000000,1.000000,0,-0
1.000000,1.000000,0,-0
1.000000,1.000000,0,-0
1.000000,1.000000,0,-0
1.000000,1.000000,0,-0
1.000000,1.000000,0,-0
1.000000,1.000000,0,-0
1.000000,1.000000,0,-0
1.000000,1.000000,0,-0
1.000000,1.000000,0,-0
1.000000,1.000000,0,-0
1.000000,1.000000,0,-0
1.000000,1.000000,0,-0
1.000000,1.000000,0,-0
1.000000,1.000000,0,-0
1.000000,1.000000,0.3024,-0.3024
1.000000,1.000000,0.3024,-0.3024
1.000000,1.000000,0.3024,-0.3024
1.000000,1.000000,0.3024,-0.3024
1.000000,1.000000,0.3024,-0.3024
1.000000,1.000000,0.3024,-0.3024
1.000000,1.000000,0.3024,-0.3024
1.000000,1.000000,0.3024,-0.3024
1.000000,1.000000,0.3024,-0.3024
1.000000,1.000000,0.3024,-0.3024
1.000000,1.000000,0.3024,-0.3024
1.000000,1.000000,0.3024,-0.3024
1.000000,1.000000,0.3024,-0.3024
1.000000,1.000000,0.3024,-0.3024
1.000000,1.000000,0.3024,-0.3024
1.000000,1.000000,0.3024,-0.3024
1.000000,1.000000,0.3024,-0.3024
1.000000,1.000000,0.3024,-0.3024
1.000000,1.000000,0.3024,-0.3024
1.000000,1.000000,0.3024,-0.3024
1.000000,1.000000,0.3024,-0.3024
1.000000,1.000000,0.3024,-0.3024
1.000000,1.000000,0,-0
1.000000,1.000000,0,-0
1.000000,1.000000,0,-0
1.000000,1.000000,0,-0
1.000000,1.000000,0,-0
1.000000,1.000000,0,-0
1.000000,1.000000,0,-0
1.000000,1.000000,0,-0
1.000000,1.000000,0,-0
1.000000,1.000000,0,-0
1.000000,1.000000,0,-0
1.000000,1.000000,0,-0
1.000000,1.000000,0,-0
1.000000,1.000000,0,-0
1.000000,1.000000,0,-0
1.000000,1.000000,0,-0
1.000000,1.000000,0,-0
1.000000,1.000000,0,-0
1.000000,1.000000,0,-0
1.000000,1.000000,0,-0
1.000000,1.000000,0,-0
1.000000,1.000000,0,-0
1.000000,1.000000,0,-0
1.000000,1.000000,0,-0
1.000000,1.000000,0,-0
1.000000,1.000000,0,-0
1.000000,1.000000,0.3024,-0.3024
1.000000,1.000000,0.3024,-0.3024
1.000000,1.000000,0.3024,-0.3024
1.000000,1.000000,0.3024,-0.3024
1.000000,1.000000,0.3024,-0.3024
1.000000,1.000000,0.3024,-0.3024
1.000000,1.000000,0.3024,-0.3024
1.000000,1.000000,0.3024,-0.3024
1.000000,1.000000,0.3024,-0.3024
1.000000,1.000000,0.3024,-0.3024
1.000000,1.000000,0.3024,-0.3024
1.000000,1.000000,0.3024,-0.3024
1.000000,1.000000,0.3024,-0.3024
1.000000,1.000000,0.3024,-0.3024
1.000000,1.000000,0.3024,-0.3024
1.000000,1.000000,0.3024,-0.3024
1.000000,1.000000,0.3024,-0.3024
1.000000,1.000000,0.3024,-0.3024
1.000000,1.000000,0.3024,-0.3024
1.000000,1.000000,0.3024,-0.3024
1.000000,1.000000,0.3024,-0.3024
1.000000,1.000000,0.3024,-0.3024
1.000000,1.000000,0.3024,-0.3024
1.000000,1.000000,0.3024,-0.3024
1.000000,1.000000,0.3024,-0.3024
1.000000,1.000000,0.3024,-0.3024
1.000000,1.000000,0,-0
1.000000,1.000000,0.3024,-0.3024
1.000000,1.000000,0,-0
1.000000,1.000000,0.3024,-0.3024
1.000000,1.000000,0.3024,-0.3024
1.000000,1.000000,0.3024,-0.3024
1.000000,1.000000,0.3024,-0.3024
1.000000,1.000000,0.3024,-0.3024
1.000000,1.000000,0.3024,-0.3024
1.000000,1.000000,0.3024,-0.3024
1.000000,1.000000,0.3024,-0.3024
1.000000,1.000000,0.3024,-0.3024
1.000000,1.000000,0.3024,-0.3024
1.000000,1.000000,0.3024,-0.3024
1.000000,1.000000,0,-0
1.000000,1.000000,0,-0
1.000000,1.000000,0,-0
1.000000,1.000000,0,-0
1.000000,1.000000,0,-0
1.000000,1.000000,0,-0
1.000000,1.000000,0,-0
1.000000,1.000000,0,-0
1.000000,1.000000,0.3024,-0.3024
1.000000,1.000000,0.3024,-0.3024
1.000000,1.000000,0.3024,-0.3024
1.000000,1.000000,0.3024,-0.3024
1.000000,1.000000,0.3024,-0.3024
1.000000,1.000000,0.3024,-0.3024
1.000000,1.000000,0.3024,-0.3024
1.000000,1.000000,0.3024,-0.3024
1.000000,1.000000,0.3024,-0.3024
1.000000,1.000000,0.3024,-0.3024
1.000000,1.000000,0.3024,-0.3024
1.000000,1.000000,0.3024,-0.3024
1.000000,1.000000,0.3024,-0.3024
1.000000,1.000000,0.3024,-0.3024
1.000000,1.000000,0.3024,-0.3024
1.000000,1.000000,0.3024,-0.3024
1.000000,1.000000,0.3024,-0.3024
1.000000,1.000000,0.3024,-0.3024
1.000000,1.000000,0.3024,-0.3024
1.000000,1.000000,0.3024,-0.3024
1.000000,1.000000,0.3024,-0.3024
1.000000,1.000000,0.3024,-0.3024
1.000000,1.000000,0.3024,-0.3024
1.000000,1.000000,0.3024,-0.3024
1.000000,1.000000,0.3024,-0.3024
1.000000,1.000000,0.3024,-0.3024
1.000000,1.000000,0.3024,-0.3024
1.000000,1.000000,0.3024,-0.3024
1.000000,1.000000,0.3024,-0.3024
1.000000,1.000000,0.3024,-0.3024
1.000000,1.000000,0.3024,-0.3024
1.000000,1.000000,0.3024,-0.3024
1.000000,1.000000,0.3024,-0.3024
1.000000,1.000000,0.3024,-0.3024
1.000000,1.000000,0.3024,-0.3024
1.000000,1.000000,0.3024,-0.3024
1.000000,1.000000,0.3024,-0.3024
1.000000,1.000000,0.3024,-0.3024
1.000000,1.000000,0.3024,-0.3024
1.000000,1.000000,0.3024,-0.3024
1.000000,1.000000,0.3024,-0.3024
1.000000,1.000000,0.3024,-0.3024
1.000000,1.000000,0.3024,-0.3024
1.000000,1.000000,0.3024,-0.3024
1.000000,1.000000,0.3024,-0.3024
1.000000,1.000000,0,-0
1.000000,1.000000,0,-0
1.000000,1.000000,0,-0
1.000000,1.000000,0.3024,-0.3024
1.000000,1.000000,0,-0
1.000000,1.000000,0.3024,-0.3024
1.000000,1.000000,0.3024,-0.3024
1.000000,1.000000,0.3024,-0.3024
1.000000,1.000000,0.3024,-0.3024
1.000000,1.000000,0.3024,-0.3024
1.000000,1.000000,0.3024,-0.3024
1.000000,1.000000,0.3024,-0.3024
1.000000,1.000000,0.3024,-0.3024
1.000000,1.000000,0.3024,-0.3024
1.000000,1.000000,0.3024,-0.3024
1.000000,1.000000,0.3024,-0.3024
1.000000,1.000000,0.3024,-0.3024
1.000000,1.000000,0.3024,-0.3024
1.000000,1.000000,0.3024,-0.3024
1.000000,1.000000,0.3024,-0.3024
1.000000,1.000000,0.3024,-0.3024
1.000000,1.000000,0.3024,-0.3024
1.000000,1.000000,0.3024,-0.3024
1.000000,1.000000,0.3024,-0.3024
1.000000,1.000000,0.3024,-0.3024
1.000000,1.000000,0.3024,-0.3024
1.000000,1.000000,0.3024,-0.3024
1.000000,1.000000,0.3024,-0.3024
1.000000,1.000000,0.3024,-0.3024
1.000000,1.000000,0.3024,-0.3024
1.000000,1.000000,0.3024,-0.3024
1.000000,1.000000,0.3024,-0.3024
1.000000,1.000000,0.3024,-0.3024
1.000000,1.000000,0.3024,-0.3024
1.000000,1.000000,0.3024,-0.3024
1.000000,1.000000,0.3024,-0.3024
1.000000,1.000000,0.3024,-0.3024
1.000000,1.000000,0.3024,-0.3024
1.000000,1.000000,0.3024,-0.3024
1.000000,1.000000,0.3024,-0.3024
1.000000,1.000000,0.3024,-0.3024
1.000000,1.000000,0.3024,-0.3024
1.000000,1.000000,0.3024,-0.3024
1.000000,1.000000,0.3024,-0.3024
1.000000,1.000000,0.3024,-0.3024
1.000000,1.000000,0.3024,-0.3024
1.000000,1.000000,0.3024,-0.3024
1.000000,1.000000,0.3024,-0.3024
1.000000,1.000000,0.3024,-0.3024
1.000000,1.000000,0.3024,-0.3024
1.000000,1.000000,0.3024,-0.3024
1.000000,1.000000,0.3024,-0.3024
1.000000,1.000000,0,-0
1.000000,1.000000,0,-0
1.000000,1.000000,0,-0
1.000000,1.000000,0,-0
1.000000,1.000000,0,-0
1.000000,1.000000,0,-0
1.000000,1.000000,0.3024,-0.3024
1.000000,1.000000,0.3024,-0.3024
1.000000,1.000000,0.3024,-0.3024
1.000000,1.000000,0.3024,-0.3024
1.000000,1.000000,0.3024,-0.3024
1.000000,1.000000,0.3024,-0.3024
1.000000,1.000000,0.3024,-0.3024
1.000000,1.000000,0.3024,-0.3024
1.000000,1.000000,0.3024,-0.3024
1.000000,1.000000,0.3024,-0.3024
1.000000,1.000000,0.3024,-0.3024
1.000000,1.000000,0.3024,-0.3024
1.000000,1.000000,0.3024,-0.3024
1.000000,1.000000,0.3024,-0.3024
1.000000,1.000000,0.3024,-0.3024
1.000000,1.000000,0.3024,-0.3024
1.000000,1.000000,0.3024,-0.3024
1.000000,1.000000,0.3024,-0.3024
1.000000,1.000000,0.3024,-0.3024
1.000000,1.000000,0.3024,-0.3024
1.000000,1.000000,0.3024,-0.3024
1.000000,1.000000,0.3024,-0.3024
1.000000,1.000000,0.3024,-0.3024
1.000000,1.000000,0.3024,-0.3024
1.000000,1.000000,0.3024,-0.3024
1.000000,1.000000,0.3024,-0.3024
1.000000,1.000000,0.3024,-0.3024
1.000000,1.000000,0.3024,-0.3024
1.000000,1.000000,0.3024,-0.3024
1.000000,1.000000,0.3024,-0.3024
1.000000,1.000000,0.3024,-0.3024
1.000000,1.000000,0.3024,-0.3024
1.000000,1.000000,0.3024,-0.3024
1.000000,1.000000,0.3024,-0.3024
1.000000,1.000000,0.3024,-0.3024
1.000000,1.000000,0.3024,-0.3024
1.000000,1.000000,0.3024,-0.3024
1.000000,1.000000,0.3024,-0.3024
1.000000,1.000000,0.3024,-0.3024
1.000000,1.000000,0.3024,-0.3024
1.000000,1.000000,0.3024,-0.3024
1.000000,1.000000,0.3024,-0.3024
1.000000,1.000000,0.3024,-0.3024
1.000000,1.000000,0.3024,-0.3024
1.000000,1.000000,0.3024,-0.3024
1.000000,1.000000,0.3024,-0.3024
1.000000,1.000000,0.3024,-0.3024
1.000000,1.000000,0.3024,-0.3024
1.000000,1.000000,0.3024,-0.3024
1.000000,1.000000,0.3024,-0.3024
1.000000,1.000000,0.3024,-0.3024
1.000000,1.000000,0.3024,-0.3024
1.000000,1.000000,0.3024,-0.3024
1.000000,1.000000,0.3024,-0.3024
1.000000,1.000000,0.3024,-0.3024
1.000000,1.000000,0.3024,-0.3024
1.000000,1.000000,0.3024,-0.3024
1.000000,1.000000,0.3024,-0.3024
1.000000,1.000000,0.3024,-0.3024
1.000000,1.000000,0.3024,-0.3024
1.000000,1.000000,0.3024,-0.3024
1.000000,1.000000,0.3024,-0.3024
1.000000,1.000000,0.3024,-0.3024
1.000000,1.000000,0.3024,-0.3024
1.000000,1.000000,0.3024,-0.3024
1.000000,1.000000,0.3024,-0.3024
1.000000,1.000000,0.3024,-0.3024
1.000000,1.000000,0.3024,-0.3024
1.000000,1.000000,0.3024,-0.3024
1.000000,1.000000,0.3024,-0.3024
1.000000,1.000000,0.3024,-0.3024
1.000000,1.000000,0.3024,-0.3024
1.000000,1.000000,0.3024,-0.3024
1.000000,1.000000,0.3024,-0.3024
1.000000,1.000000,0.3024,-0.3024
1.000000,1.000000,0.3024,-0.3024
1.000000,1.000000,0.3024,-0.3024
1.000000,1.000000,0.3024,-0.3024
1.000000,1.000000,0.3024,-0.3024
1.000000,1.000000,0.3024,-0.3024
1.000000,1.000000,0.3024,-0.3024
1.000000,1.000000,0.3024,-0.3024
1.000000,1.000000,0.3024,-0.3024
1.000000,1.000000,0.3024,-0.3024
1.000000,1.000000,0.3024,-0.3024
1.000000,1.000000,0.3024,-0.3024
1.000000,1.000000,0.3024,-0.3024
1.000000,1.000000,0.3024,-0.3024
1.000000,1.000000,0.3024,-0.3024
1.000000,1.000000,0.3024,-0.3024
1.000000,1.000000,0.3024,-0.3024
1.000000,1.000000,0.3024,-0.3024
1.000000,1.000000,0.3024,-0.3024
1.000000,1.000000,0.3024,-0.3024
1.000000,1.000000,0.3024,-0.3024
1.000000,1.000000,0.3024,-0.3024
1.000000,1.000000,0.3024,-0.3024
1.000000,1.000000,0.3024,-0.3024
1.000000,1.000000,0.3024,-0.3024
1.000000,1.000000,0,-0
1.000000,1.000000,0,-0
1.000000,1.000000,0,-0
1.000000,1.000000,0,-0
1.000000,1.000000,0,-0
1.000000,1.000000,0.3024,-0.3024
1.000000,1.000000,0.3024,-0.3024
1.000000,1.000000,0.3024,-0.3024
1.000000,1.000000,0.3024,-0.3024
1.000000,1.000000,0.3024,-0.3024
1.000000,1.000000,0.3024,-0.3024
1.000000,1.000000,0.3024,-0.3024
1.000000,1.000000,0.3024,-0.3024
1.000000,1.000000,0.3024,-0.3024
1.000000,1.000000,0.3024,-0.3024
1.000000,1.000000,0.3024,-0.3024
1.000000,1.000000,0.3024,-0.3024
1.000000,1.000000,0.3024,-0.3024
1.000000,1.000000,0.3024,-0.3024
1.000000,1.000000,0.3024,-0.3024
1.000000,1.000000,0.3024,-0.3024
1.000000,1.000000,0.3024,-0.3024
1.000000,1.000000,0.3024,-0.3024
1.000000,1.000000,0.3024,-0.3024
1.000000,1.000000,0.3024,-0.3024
1.000000,1.000000,0.3024,-0.3024
1.000000,1.000000,0.3024,-0.3024
1.000000,1.000000,0.3024,-0.3024
1.000000,1.000000,0.3024,-0.3024
1.000000,1.000000,0.3024,-0.3024
1.000000,1.000000,0.3024,-0.3024
1.000000,1.000000,0.3024,-0.3024
1.000000,1.000000,0.3024,-0.3024
1.000000,1.000000,0.3024,-0.3024
1.000000,1.000000,0.3024,-0.3024
1.000000,1.000000,0.3024,-0.3024
1.000000,1.000000,0.3024,-0.3024
1.000000,1.000000,0.3024,-0.3024
1.000000,1.000000,0.3024,-0.3024
1.000000,1.000000,0.3024,-0.3024
1.000000,1.000000,0.3024,-0.3024
1.000000,1.000000,0.3024,-0.3024
1.000000,1.000000,0.3024,-0.3024
1.000000,1.000000,0.3024,-0.3024
1.000000,1.000000,0.3024,-0.3024
1.000000,1.000000,0.3024,-0.3024
1.000000,1.000000,0.3024,-0.3024
1.000000,1.000000,0.3024,-0.3024
1.000000,1.000000,0.3024,-0.3024
1.000000,1.000000,0.3024,-0.3024
1.000000,1.000000,0.3024,-0.3024
1.000000,1.000000,0.3024,-0.3024
1.000000,1.000000,0.3024,-0.3024
1.000000,1.000000,0.3024,-0.3024
1.000000,1.000000,0.3024,-0.3024
1.000000,1.000000,0.3024,-0.3024
1.000000,1.000000,0.3024,-0.3024
1.000000,1.000000,0.3024,-0.3024
1.000000,1.000000,0.3024,-0.3024
1.000000,1.000000,0.3024,-0.3024
1.000000,1.000000,0.3024,-0.3024
1.000000,1.000000,0.3024,-0.3024
1.000000,1.000000,0.3024,-0.3024
1.000000,1.000000,0.3024,-0.3024
1.000000,1.000000,0.3024,-0.3024
1.000000,1.000000,0.3024,-0.3024
1.000000,1.000000,0.3024,-0.3024
1.000000,1.000000,0.3024,-0.3024
1.000000,1.000000,0.3024,-0.3024
1.000000,1.000000,0.3024,-0.3024
1.000000,1.000000,0.3024,-0.3024
1.000000,1.000000,0.3024,-0.3024
1.000000,1.000000,0.3024,-0.3024
1.000000,1.000000,0.3024,-0.3024
1.000000,1.000000,0.3024,-0.3024
1.000000,1.000000,0.3024,-0.3024
1.000000,1.000000,0.3024,-0.3024
1.000000,1.000000,0.3024,-0.3024
1.000000,1.000000,0.3024,-0.3024
1.000000,1.000000,0.3024,-0.3024
1.000000,1.000000,0.3024,-0.3024
1.000000,1.000000,0.3024,-0.3024
1.000000,1.000000,0.3024,-0.3024
1.000000,1.000000,0.3024,-0.3024
1.000000,1.000000,0.3024,-0.3024
1.000000,1.000000,0.3024,-0.3024
1.000000,1.000000,0.3024,-0.3024
1.000000,1.000000,0.3024,-0.3024
1.000000,1.000000,0.3024,-0.3024
1.000000,1.000000,0.3024,-0.3024
1.000000,1.000000,0.3024,-0.3024
1.000000,1.000000,0.3024,-0.3024
1.000000,1.000000,0.3024,-0.3024
1.000000,1.000000,0.3024,-0.3024
1.000000,1.000000,0.3024,-0.3024
1.000000,1.000000,0.3024,-0.3024
1.000000,1.000000,0.3024,-0.3024
1.000000,1.000000,0.3024,-0.3024
1.000000,1.000000,0,-0
1.000000,1.000000,0,-0
1.000000,1.000000,0,-0
1.000000,1.000000,0,-0
1.000000,1.000000,0.3024,-0.3024
1.000000,1.000000,0,-0
1.000000,1.000000,0,-0
1.000000,1.000000,0,-0
1.000000,1.000000,0,-0
1.000000,1.000000,0,-0
1.000000,1.000000,0,-0
1.000000,1.000000,0.3024,-0.3024
1.000000,1.000000,0.3024,-0.3024
1.000000,1.000000,0.3024,-0.3024
1.000000,1.000000,0.3024,-0.3024
1.000000,1.000000,0.3024,-0.3024
1.000000,1.000000,0.3024,-0.3024
1.000000,1.000000,0.3024,-0.3024
1.000000,1.000000,0.3024,-0.3024
1.000000,1.000000,0.3024,-0.3024
1.000000,1.000000,0.3024,-0.3024
1.000000,1.000000,0.3024,-0.3024
1.000000,1.000000,0.3024,-0.3024
1.000000,1.000000,0.3024,-0.3024
1.000000,1.000000,0.3024,-0.3024
1.000000,1.000000,0.3024,-0.3024
1.000000,1.000000,0.3024,-0.3024
1.000000,1.000000,0.3024,-0.3024
1.000000,1.000000,0.3024,-0.3024
1.000000,1.000000,0.3024,-0.3024
1.000000,1.000000,0,-0
1.000000,1.000000,0,-0
1.000000,1.000000,0.3024,-0.3024
1.000000,1.000000,0.3024,-0.3024
1.000000,1.000000,0.3024,-0.3024
1.000000,1.000000,0,-0
1.000000,1.000000,0,-0
1.000000,1.000000,0,-0
1.000000,1.000000,0,-0
1.000000,1.000000,0.3024,-0.3024
1.000000,1.000000,0.3024,-0.3024
1.000000,1.000000,0.3024,-0.3024
1.000000,1.000000,0.3024,-0.3024
1.000000,1.000000,0.3024,-0.3024
1.000000,1.000000,0.3024,-0.3024
1.000000,1.000000,0.3024,-0.3024
1.000000,1.000000,0.3024,-0.3024
1.000000,1.000000,0.3024,-0.3024
1.000000,1.000000,0.3024,-0.3024
1.000000,1.000000,0.3024,-0.3024
1.000000,1.000000,0.3024,-0.3024
1.000000,1.000000,0,-0
1.000000,1.000000,0.3024,-0.3024
1.000000,1.000000,0.3024,-0.3024
1.000000,1.000000,0.3024,-0.3024
1.000000,1.000000,0.3024,-0.3024
1.000000,1.000000,0.3024,-0.3024
1.000000,1.000000,0.3024,-0.3024
1.000000,1.000000,0.3024,-0.3024
1.000000,1.000000,0.3024,-0.3024
1.000000,1.000000,0.3024,-0.3024
1.000000,1.000000,0.3024,-0.3024
1.000000,1.000000,0.3024,-0.3024
1.000000,1.000000,0.3024,-0.3024
1.000000,1.000000,0.3024,-0.3024
1.000000,1.000000,0.3024,-0.3024
1.000000,1.000000,0.3024,-0.3024
1.000000,1.000000,0.3024,-0.3024
1.000000,1.000000,0.3024,-0.3024
1.000000,1.000000,0.3024,-0.3024
1.000000,1.000000,0.3024,-0.3024
1.000000,1.000000,0.3024,-0.3024
1.000000,1.000000,0.3024,-0.3024
1.000000,1.000000,0.3024,-0.3024
1.000000,1.000000,0.3024,-0.3024
1.000000,1.000000,0.3024,-0.3024
1.000000,1.000000,0.3024,-0.3024
1.000000,1.000000,0.3024,-0.3024
1.000000,1.000000,0.3024,-0.3024
1.000000,1.000000,0.3024,-0.3024
1.000000,1.000000,0.3024,-0.3024
1.000000,1.000000,0,-0
1.000000,1.000000,0,-0
1.000000,1.000000,0,-0
1.000000,1.000000,0,-0
1.000000,1.000000,0,-0
1.000000,1.000000,0,-0
1.000000,1.000000,0,-0
1.000000,1.000000,0,-0
1.000000,1.000000,0,-0
1.000000,1.000000,0,-0
1.000000,1.000000,0,-0
1.000000,1.000000,0,-0
1.000000,1.000000,0.3024,-0.3024
1.000000,1.000000,0.3024,-0.3024
1.000000,1.000000,0.3024,-0.3024
1.000000,1.000000,0.3024,-0.3024
1.000000,1.000000,0,-0
1.000000,1.000000,0.3024,-0.3024
1.000000,1.000000,0.3024,-0.3024
1.000000,1.000000,0.3024,-0.3024
1.000000,1.000000,0.3024,-0.3024
1.000000,1.000000,0.3024,-0.3024
1.000000,1.000000,0.3024,-0.3024
1.000000,1.000000,0.3024,-0.3024
1.000000,1.000000,0.3024,-0.3024
1.000000,1.000000,0.3024,-0.3024
1.000000,1.000000,0.3024,-0.3024
1.000000,1.000000,0.3024,-0.3024
1.000000,1.000000,0.3024,-0.3024
1.000000,1.000000,0.3024,-0.3024
1.000000,1.000000,0.3024,-0.3024
1.000000,1.000000,0.3024,-0.3024
1.000000,1.000000,0.3024,-0.3024
1.000000,1.000000,0.3024,-0.3024
1.000000,1.000000,0.3024,-0.3024
1.000000,1.000000,0.3024,-0.3024
1.000000,1.000000,0.3024,-0.3024
1.000000,1.000000,0.3024,-0.3024
1.000000,1.000000,0.3024,-0.3024
1.000000,1.000000,0.3024,-0.3024
1.000000,1.000000,0.3024,-0.3024
1.000000,1.000000,0.3024,-0.3024
1.000000,1.000000,0.3024,-0.3024
1.000000,1.000000,0.3024,-0.3024
1.000000,1.000000,0.3024,-0.3024
1.000000,1.000000,0.3024,-0.3024
1.000000,1.000000,0.3024,-0.3024
1.000000,1.000000,0.3024,-0.3024
1.000000,1.000000,0.3024,-0.3024
1.000000,1.000000,0.3024,-0.3024
1.000000,1.000000,0.3024,-0.3024
1.000000,1.000000,0.3024,-0.3024
1.000000,1.000000,0.3024,-0.3024
1.000000,1.000000,0,-0
1.000000,1.000000,0,-0
1.000000,1.000000,0,-0
1.000000,1.000000,0,-0
1.000000,1.000000,0,-0
1.000000,1.000000,0,-0
1.000000,1.000000,0,-0
1.000000,1.000000,0,-0
1.000000,1.000000,0,-0
1.000000,1.000000,0,-0
1.000000,1.000000,0,-0
1.000000,1.000000,0,-0
1.000000,1.000000,0,-0
1.000000,1.000000,0,-0
1.000000,1.000000,0,-0
1.000000,1.000000,0.3024,-0.3024
1.000000,1.000000,0.3024,-0.3024
1.000000,1.000000,0.3024,-0.3024
1.000000,1.000000,0.3024,-0.3024
1.000000,1.000000,0.3024,-0.3024
1.000000,1.000000,0.3024,-0.3024
1.000000,1.000000,0.3024,-0.3024
1.000000,1.000000,0,-0
1.000000,1.000000,0,-0
1.000000,1.000000,0,-0
1.000000,1.000000,0,-0
1.000000,1.000000,0,-0
1.000000,1.000000,0,-0
1.000000,1.000000,0,-0
1.000000,1.000000,0.3024,-0.3024
1.000000,1.000000,0.3024,-0.3024
1.000000,1.000000,0.3024,-0.3024
1.000000,1.000000,0.3024,-0.3024
1.000000,1.000000,0.3024,-0.3024
1.000000,1.000000,0.3024,-0.3024
1.000000,1.000000,0.3024,-0.3024
1.000000,1.000000,0.3024,-0.3024
1.000000,1.000000,0.3024,-0.3024
1.000000,1.000000,0.3024,-0.3024
1.000000,1.000000,0.3024,-0.3024
1.000000,1.000000,0.3024,-0.3024
1.000000,1.000000,0.3024,-0.3024
1.000000,1.000000,0.3024,-0.3024
1.000000,1.000000,0.3024,-0.3024
1.000000,1.000000,0.3024,-0.3024
1.000000,1.000000,0.3024,-0.3024
1.000000,1.000000,0.3024,-0.3024
1.000000,1.000000,0.3024,-0.3024
1.000000,1.000000,0.3024,-0.3024
1.000000,1.000000,0.3024,-0.3024
1.000000,1.000000,0.3024,-0.3024
1.000000,1.000000,0.3024,-0.3024
1.000000,1.000000,0,-0
1.000000,1.000000,0,-0
1.000000,1.000000,0.3024,-0.3024
1.000000,1.000000,0.3024,-0.3024
1.000000,1.000000,0,-0
1.000000,1.000000,0,-0
1.000000,1.000000,0,-0
1.000000,1.000000,0,-0
1.000000,1.000000,0,-0
1.000000,1.000000,0.3024,-0.3024
1.000000,1.000000,0.3024,-0.3024
1.000000,1.000000,0.3024,-0.3024
1.000000,1.000000,0.3024,-0.3024
1.000000,1.000000,0.3024,-0.3024
1.000000,1.000000,0.3024,-0.3024
1.000000,1.000000,0.3024,-0.3024
1.000000,1.000000,0.3024,-0.3024
1.000000,1.000000,0.3024,-0.3024
1.000000,1.000000,0.3024,-0.3024
1.000000,1.000000,0.3024,-0.3024
1.000000,1.000000,0.3024,-0.3024
1.000000,1.000000,0.3024,-0.3024
0.902548,0.902548,0,-0
0.902548,0.902548,0,-0
0.902548,0.902548,0.3024,-0.3024
0.902548,0.902548,0.3024,-0.3024
0.902548,0.902548,0.3024,-0.3024
0.902548,0.902548,0.3024,-0.3024
1.000000,1.000000,0.3024,-0.3024
1.000000,1.000000,0.3024,-0.3024
1.000000,1.000000,0.3024,-0.3024
1.000000,1.000000,0.3024,-0.3024
1.000000,1.000000,0.3024,-0.3024
1.000000,1.000000,0.3024,-0.3024
1.000000,1.000000,0.3024,-0.3024
1.000000,1.000000,0.3024,-0.3024
1.000000,1.000000,0.3024,-0.3024
1.000000,1.000000,0.3024,-0.3024
1.000000,1.000000,0.3024,-0.3024
1.000000,1.000000,0.3024,-0.3024
1.000000,1.000000,0.3024,-0.3024
1.000000,1.000000,0.3024,-0.3024
1.000000,1.000000,0.3024,-0.3024
1.000000,1.000000,0.3024,-0.3024
1.000000,1.000000,0.3024,-0.3024
1.000000,1.000000,0.3024,-0.3024
1.000000,1.000000,0.3024,-0.3024
1.000000,1.000000,0.3024,-0.3024
1.000000,1.000000,0.3024,-0.3024
1.000000,1.000000,0.3024,-0.3024
1.000000,1.000000,0.3024,-0.3024
1.000000,1.000000,0.3024,-0.3024
1.000000,1.000000,0,-0
1.000000,1.000000,0,-0
1.000000,1.000000,0.3024,-0.3024
1.000000,1.000000,0.3024,-0.3024
1.000000,1.000000,0.3024,-0.3024
1.000000,1.000000,0,-0
1.000000,1.000000,0,-0
1.000000,1.000000,0,-0
1.000000,1.000000,0,-0
1.000000,1.000000,0.3024,-0.3024
1.000000,1.000000,0.3024,-0.3024
0.980510,0.980510,0.3024,-0.3024
0.902548,0.902548,0,-0
0.902548,0.902548,0.3024,-0.3024
0.902548,0.902548,0.3024,-0.3024
0.902548,0.902548,0.3024,-0.3024
0.902548,0.902548,0.3024,-0.3024
0.902548,0.902548,0.3024,-0.3024
0.902548,0.902548,0.3024,-0.3024
0.902548,0.902548,0.3024,-0.3024
0.902548,0.902548,0.3024,-0.3024
0.902548,0.902548,0.3024,-0.3024
0.902548,0.902548,0,-0
0.902548,0.902548,0,-0
0.902548,0.902548,0,-0
0.902548,0.902548,0,-0
0.902548,0.902548,0,-0
0.902548,0.902548,0,-0
0.902548,0.902548,0,-0
0.902548,0.902548,0.3024,-0.3024
1.000000,1.000000,0.3024,-0.3024
1.000000,1.000000,0.3024,-0.3024
1.000000,1.000000,0.3024,-0.3024
1.000000,1.000000,0.3024,-0.3024
1.000000,1.000000,0.3024,-0.3024
1.000000,1.000000,0.3024,-0.3024
1.000000,1.000000,0.3024,-0.3024
1.000000,1.000000,0.3024,-0.3024
1.000000,1.000000,0.3024,-0.3024
1.000000,1.000000,0.3024,-0.3024
1.000000,1.000000,0.3024,-0.3024
1.000000,1.000000,0.3024,-0.3024
1.000000,1.000000,0.3024,-0.3024
1.000000,1.000000,0.3024,-0.3024
1.000000,1.000000,0.3024,-0.3024
1.000000,1.000000,0.3024,-0.3024
1.000000,1.000000,0.3024,-0.3024
1.000000,1.000000,0.3024,-0.3024
1.000000,1.000000,0.3024,-0.3024
1.000000,1.000000,0.3024,-0.3024
1.000000,1.000000,0.3024,-0.3024
1.000000,1.000000,0,-0
1.000000,1.000000,0,-0
1.000000,1.000000,0,-0
1.000000,1.000000,0.3024,-0.3024
1.000000,1.000000,0.3024,-0.3024
1.000000,1.000000,0,-0
1.000000,1.000000,0,-0
1.000000,1.000000,0,-0
1.000000,1.000000,0,-0
1.000000,1.000000,0,-0
1.000000,1.000000,0,-0
1.000000,1.000000,0.3024,-0.3024
1.000000,1.000000,0.3024,-0.3024
1.000000,1.000000,0.3024,-0.3024
0.980510,0.980510,0.3024,-0.3024
0.902548,0.902548,0.3024,-0.3024
0.902548,0.902548,0.3024,-0.3024
1.000000,1.000000,0.3024,-0.3024
1.000000,1.000000,0.3024,-0.3024
0.902548,0.902548,0.3024,-0.3024
0.902548,0.902548,0.3024,-0.3024
1.000000,1.000000,0.3024,-0.3024
1.000000,1.000000,0.3024,-0.3024
0.980510,0.980510,0.3024,-0.3024
1.000000,1.000000,0.3024,-0.3024
1.000000,1.000000,0.3024,-0.3024
1.000000,1.000000,0.3024,-0.3024
1.000000,1.000000,0.3024,-0.3024
1.000000,1.000000,0.3024,-0.3024
1.000000,1.000000,0.3024,-0.3024
1.000000,1.000000,0.3024,-0.3024
1.000000,1.000000,0.3024,-0.3024
1.000000,1.000000,0.3024,-0.3024
1.000000,1.000000,0.3024,-0.3024
1.000000,1.000000,0.3024,-0.3024
1.000000,1.000000,0.3024,-0.3024
1.000000,1.000000,0.3024,-0.3024
1.000000,1.000000,0.3024,-0.3024
1.000000,1.000000,0.3024,-0.3024
1.000000,1.000000,0.3024,-0.3024
1.000000,1.000000,0.3024,-0.3024
1.000000,1.000000,0.3024,-0.3024
1.000000,1.000000,0.3024,-0.3024
1.000000,1.000000,0.3024,-0.3024
1.000000,1.000000,0.3024,-0.3024
1.000000,1.000000,0.3024,-0.3024
1.000000,1.000000,0.3024,-0.3024
1.000000,1.000000,0.3024,-0.3024
1.000000,1.000000,0.3024,-0.3024
1.000000,1.000000,0.3024,-0.3024
1.000000,1.000000,0.3024,-0.3024
1.000000,1.000000,0.3024,-0.3024
1.000000,1.000000,0.3024,-0.3024
1.000000,1.000000,0.3024,-0.3024
1.000000,1.000000,0.3024,-0.3024
1.000000,1.000000,0.3024,-0.3024
1.000000,1.000000,0,-0
1.000000,1.000000,0,-0
1.000000,1.000000,0,-0
1.000000,1.000000,0,-0
1.000000,1.000000,0,-0
1.000000,1.000000,0,-0
1.000000,1.000000,0,-0
0.902548,0.902548,0.3024,-0.3024
1.000000,1.000000,0.3024,-0.3024
0.980510,0.980510,0.3024,-0.3024
0.902548,0.902548,0.3024,-0.3024
0.902548,0.902548,0.3024,-0.3024
1.000000,1.000000,0.3024,-0.3024
1.000000,1.000000,0.3024,-0.3024
1.000000,1.000000,0.3024,-0.3024
1.000000,1.000000,0.3024,-0.3024
1.000000,1.000000,0.3024,-0.3024
1.000000,1.000000,0.3024,-0.3024
1.000000,1.000000,0.3024,-0.3024
1.000000,1.000000,0.3024,-0.3024
1.000000,1.000000,0.3024,-0.3024
1.000000,1.000000,0.3024,-0.3024
1.000000,1.000000,0.3024,-0.3024
1.000000,1.000000,0.3024,-0.3024
1.000000,1.000000,0,-0
1.000000,1.000000,0,-0
1.000000,1.000000,0,-0
1.000000,1.000000,0,-0
1.000000,1.000000,0,-0
1.000000,1.000000,0,-0
1.000000,1.000000,0,-0
1.000000,1.000000,0,-0
1.000000,1.000000,0,-0
1.000000,1.000000,0,-0
1.000000,1.000000,0,-0
1.000000,1.000000,0,-0
1.000000,1.000000,0,-0
1.000000,1.000000,0,-0
1.000000,1.000000,0,-0
1.000000,1.000000,0.3024,-0.3024
1.000000,1.000000,0.3024,-0.3024
1.000000,1.000000,0.3024,-0.3024
1.000000,1.000000,0.3024,-0.3024
1.000000,1.000000,0.3024,-0.3024
1.000000,1.000000,0.3024,-0.3024
1.000000,1.000000,0.3024,-0.3024
1.000000,1.000000,0.3024,-0.3024
1.000000,1.000000,0.3024,-0.3024
1.000000,1.000000,0.3024,-0.3024
1.000000,1.000000,0.3024,-0.3024
1.000000,1.000000,0.3024,-0.3024
1.000000,1.000000,0.3024,-0.3024
1.000000,1.000000,0.3024,-0.3024
1.000000,1.000000,0.3024,-0.3024
1.000000,1.000000,0.3024,-0.3024
1.000000,1.000000,0.3024,-0.3024
1.000000,1.000000,0.3024,-0.3024
1.000000,1.000000,0.3024,-0.3024
