0cont_fund,0ins_pout,0ins_price,0infra_npv,0debt_serv,0gross_rev,0cont_contrib,0drought_cost,0water_price
0,0,0,0,0.000745969,2.47362e+07,-897939,897939,1.31893e+07
0,0,0,0,0,2.46472e+07,-836364,836364,1.31893e+07
0,0,0,0,0,2.4652e+07,-835126,835126,1.31893e+07
0,0,0,0,0,2.46569e+07,-833888,833888,1.31893e+07
0,0,0,0,0,2.71968e+07,-832649,832649,1.31893e+07
0,0,0,0,0,2.64234e+07,-330650,330650,1.31893e+07
0,0,0,0,0,2.64287e+07,-329265,329265,1.31893e+07
0,0,0,0,0,2.64341e+07,-327880,327880,1.31893e+07
0,0,0,0,0,2.29463e+07,-326494,326494,1.31893e+07
0,0,0,0,0,2.38419e+07,-897939,897939,1.31893e+07
0,0,0,0,0,2.38484e+07,-897939,897939,1.31893e+07
0,0,0,0,0,2.38549e+07,-897939,897939,1.31893e+07
0,0,0,0,0,2.38615e+07,-897939,897939,1.31893e+07
0,0,0,0,0,2.47343e+07,-897939,897939,1.31893e+07
0,0,0,0,0,2.46309e+07,-827125,827125,1.31893e+07
0,0,0,0,0,2.46357e+07,-825885,825885,1.31893e+07
0,0,0,0,0,2.46406e+07,-824645,824645,1.31893e+07
0,0,0,0,0,2.43077e+07,-823404,823404,1.31893e+07
0,0,0,0,0,2.44121e+07,-886257,886257,1.31893e+07
0,0,0,0,0,2.44169e+07,-885034,885034,1.31893e+07
0,0,0,0,0,2.44217e+07,-883811,883811,1.31893e+07
0,0,0,0,0,2.56038e+07,-882588,882588,1.31893e+07
0,0,0,0,0,2.52549e+07,-653804,653804,1.31893e+07
0,0,0,0,0,2.52599e+07,-652514,652514,1.31893e+07
0,0,0,0,0,2.5265e+07,-651223,651223,1.31893e+07
0,0,0,0,0,2.527e+07,-649932,649932,1.31893e+07
0,0,0,0,0,2.55527e+07,-648641,648641,1.31893e+07
0,0,0,0,0,2.53629e+07,-522097,522097,1.31893e+07
0,0,0,0,0,2.5368e+07,-520769,520769,1.31893e+07
0,0,0,0,0,2.53731e+07,-519440,519440,1.31893e+07
0,0,0,0,0,2.59666e+07,-518111,518111,1.31893e+07
0,0,0,0,0,2.5798e+07,-405025,405025,1.31893e+07
0,0,0,0,0,2.58032e+07,-403662,403662,1.31893e+07
0,0,0,0,0,2.58084e+07,-402300,402300,1.31893e+07
0,0,0,0,0,2.77676e+07,-400937,400937,1.31893e+07
0,0,0,0,0,2.71517e+07,0,0,1.31893e+07
0,0,0,0,0,2.71596e+07,0,0,1.31893e+07
0,0,0,0,0,2.71675e+07,0,0,1.31893e+07
0,0,0,0,0,2.71754e+07,0,0,1.31893e+07
0,0,0,0,0,2.60845e+07,0,0,1.31893e+07
0,0,0,0,0,2.64558e+07,-233792,233792,1.31893e+07
0,0,0,0,0,2.64612e+07,-232380,232380,1.31893e+07
0,0,0,0,0,2.64666e+07,-230968,230968,1.31893e+07
0,0,0,0,0,2.55032e+07,-229556,229556,1.31893e+07
0,0,0,0,0,2.58564e+07,-451853,451853,1.31893e+07
0,0,0,0,0,2.58616e+07,-450505,450505,1.31893e+07
0,0,0,0,0,2.58668e+07,-449157,449157,1.31893e+07
0,0,0,0,0,2.3626e+07,-447808,447808,1.31893e+07
0,0,0,0,0,2.4333e+07,-897939,897939,1.31893e+07
0,0,0,0,0,2.43396e+07,-897939,897939,1.31893e+07
0,0,0,0,0,2.43463e+07,-897939,897939,1.31893e+07
0,0,0,0,0,2.4353e+07,-897939,897939,1.31893e+07
0,0,0,6.55428e+07,0.000745969,2.50915e+07,-897939,897939,1.31893e+07
0,0,0,6.55428e+07,0,2.49016e+07,-771602,771602,1.31893e+07
0,0,0,6.55428e+07,0,2.49064e+07,-770386,770386,1.31893e+07
0,0,0,6.55428e+07,0,2.49112e+07,-769170,769170,1.31893e+07
0,0,0,6.55428e+07,0,2.74895e+07,-767954,767954,1.31893e+07
0,0,0,6.55428e+07,0,2.67041e+07,-258373,258373,1.31893e+07
0,0,0,6.55428e+07,0,2.67094e+07,-257013,257013,1.31893e+07
0,0,0,6.55428e+07,0,2.67147e+07,-255653,255653,1.31893e+07
0,0,0,6.55428e+07,0,2.31738e+07,-254292,254292,1.31893e+07
0,0,0,6.55428e+07,0,2.41816e+07,-897939,897939,1.31893e+07
0,0,0,6.55428e+07,0,2.4188e+07,-897939,897939,1.31893e+07
0,0,0,6.55428e+07,0,2.41944e+07,-897939,897939,1.31893e+07
0,0,0,6.55428e+07,0,2.42008e+07,-897939,897939,1.31893e+07
0,0,0,6.55428e+07,0,2.50866e+07,-897939,897939,1.31893e+07
0,0,0,6.55428e+07,0,2.4883e+07,-762758,762758,1.31893e+07
0,0,0,6.55428e+07,0,2.48877e+07,-761540,761540,1.31893e+07
0,0,0,6.55428e+07,0,2.48925e+07,-760322,760322,1.31893e+07
0,0,0,6.55428e+07,0,2.45544e+07,-759104,759104,1.31893e+07
0,0,0,6.55428e+07,0,2.46603e+07,-822945,822945,1.31893e+07
0,0,0,6.55428e+07,0,2.4665e+07,-821744,821744,1.31893e+07
0,0,0,6.55428e+07,0,2.46697e+07,-820543,820543,1.31893e+07
0,0,0,6.55428e+07,0,2.58693e+07,-819342,819342,1.31893e+07
0,0,0,6.55428e+07,0,2.5515e+07,-587163,587163,1.31893e+07
0,0,0,6.55428e+07,0,2.552e+07,-585896,585896,1.31893e+07
0,0,0,6.55428e+07,0,2.55249e+07,-584629,584629,1.31893e+07
0,0,0,6.55428e+07,0,2.55299e+07,-583362,583362,1.31893e+07
0,0,0,6.55428e+07,0,2.58166e+07,-582094,582094,1.31893e+07
0,0,0,6.55428e+07,0,2.56239e+07,-453698,453698,1.31893e+07
0,0,0,6.55428e+07,0,2.56288e+07,-452394,452394,1.31893e+07
0,0,0,6.55428e+07,0,2.56338e+07,-451090,451090,1.31893e+07
0,0,0,6.55428e+07,0,2.62361e+07,-449785,449785,1.31893e+07
0,0,0,6.55428e+07,0,2.60648e+07,-335054,335054,1.31893e+07
0,0,0,6.55428e+07,0,2.60699e+07,-333716,333716,1.31893e+07
0,0,0,6.55428e+07,0,2.6075e+07,-332379,332379,1.31893e+07
0,0,0,6.55428e+07,0,2.80631e+07,-331040,331040,1.31893e+07
0,0,0,6.55428e+07,0,2.75558e+07,0,0,1.31893e+07
0,0,0,6.55428e+07,0,2.75636e+07,0,0,1.31893e+07
0,0,0,6.55428e+07,0,2.75713e+07,0,0,1.31893e+07
0,0,0,6.55428e+07,0,2.75791e+07,0,0,1.31893e+07
0,0,0,6.55428e+07,0,2.64718e+07,0,0,1.31893e+07
0,0,0,6.55428e+07,0,2.67308e+07,-161685,161685,1.31893e+07
0,0,0,6.55428e+07,0,2.67361e+07,-160299,160299,1.31893e+07
0,0,0,6.55428e+07,0,2.67414e+07,-158913,158913,1.31893e+07
0,0,0,6.55428e+07,0,2.57635e+07,-157527,157527,1.31893e+07
0,0,0,6.55428e+07,0,2.61217e+07,-383162,383162,1.31893e+07
0,0,0,6.55428e+07,0,2.61269e+07,-381839,381839,1.31893e+07
0,0,0,6.55428e+07,0,2.6132e+07,-380516,380516,1.31893e+07
0,0,0,6.55428e+07,0,2.38579e+07,-379192,379192,1.31893e+07
0,0,0,6.55428e+07,0,2.45988e+07,-851220,851220,1.31893e+07
0,0,0,6.55428e+07,0,2.46035e+07,-850029,850029,1.31893e+07
0,0,0,6.55428e+07,0,2.46082e+07,-848837,848837,1.31893e+07
0,0,0,6.55428e+07,0,2.46129e+07,-847645,847645,1.31893e+07
0,0,0,6.55428e+07,0.000745969,2.53602e+07,-846452,846452,1.31893e+07
0,0,0,6.55428e+07,0,2.51514e+07,-708022,708022,1.31893e+07
0,0,0,6.55428e+07,0,2.51561e+07,-706831,706831,1.31893e+07
0,0,0,6.55428e+07,0,2.51607e+07,-705640,705640,1.31893e+07
0,0,0,6.55428e+07,0,2.77768e+07,-704449,704449,1.31893e+07
0,0,0,6.55428e+07,0,2.69796e+07,-187429,187429,1.31893e+07
0,0,0,6.55428e+07,0,2.69848e+07,-186097,186097,1.31893e+07
0,0,0,6.55428e+07,0,2.699e+07,-184764,184764,1.31893e+07
0,0,0,6.55428e+07,0,2.33971e+07,-183432,183432,1.31893e+07
0,0,0,6.55428e+07,0,2.44795e+07,-875098,875098,1.31893e+07
0,0,0,6.55428e+07,0,2.4484e+07,-873953,873953,1.31893e+07
0,0,0,6.55428e+07,0,2.44885e+07,-872807,872807,1.31893e+07
0,0,0,6.55428e+07,0,2.4493e+07,-871662,871662,1.31893e+07
0,0,0,6.55428e+07,0,2.53897e+07,-870516,870516,1.31893e+07
0,0,0,6.55428e+07,0,2.51303e+07,-699606,699606,1.31893e+07
0,0,0,6.55428e+07,0,2.5135e+07,-698413,698413,1.31893e+07
0,0,0,6.55428e+07,0,2.51396e+07,-697220,697220,1.31893e+07
0,0,0,6.55428e+07,0,2.47964e+07,-696027,696027,1.31893e+07
0,0,0,6.55428e+07,0,2.49037e+07,-760840,760840,1.31893e+07
0,0,0,6.55428e+07,0,2.49083e+07,-759664,759664,1.31893e+07
0,0,0,6.55428e+07,0,2.49129e+07,-758488,758488,1.31893e+07
0,0,0,6.55428e+07,0,2.61298e+07,-757311,757311,1.31893e+07
0,0,0,6.55428e+07,0,2.57702e+07,-521805,521805,1.31893e+07
0,0,0,6.55428e+07,0,2.5775e+07,-520564,520564,1.31893e+07
0,0,0,6.55428e+07,0,2.57799e+07,-519323,519323,1.31893e+07
0,0,0,6.55428e+07,0,2.57847e+07,-518082,518082,1.31893e+07
0,0,0,6.55428e+07,0,2.60754e+07,-516841,516841,1.31893e+07
0,0,0,6.55428e+07,0,2.58797e+07,-386632,386632,1.31893e+07
0,0,0,6.55428e+07,0,2.58846e+07,-385355,385355,1.31893e+07
0,0,0,6.55428e+07,0,2.58894e+07,-384078,384078,1.31893e+07
0,0,0,6.55428e+07,0,2.65002e+07,-382800,382800,1.31893e+07
0,0,0,6.55428e+07,0,2.63263e+07,-266459,266459,1.31893e+07
0,0,0,6.55428e+07,0,2.63313e+07,-265150,265150,1.31893e+07
0,0,0,6.55428e+07,0,2.63363e+07,-263840,263840,1.31893e+07
0,0,0,6.55428e+07,0,2.83528e+07,-262530,262530,1.31893e+07
0,0,0,6.55428e+07,0,2.7952e+07,0,0,1.31893e+07
0,0,0,6.55428e+07,0,2.79596e+07,0,0,1.31893e+07
0,0,0,6.55428e+07,0,2.79671e+07,0,0,1.31893e+07
0,0,0,6.55428e+07,0,2.79747e+07,0,0,1.31893e+07
0,0,0,6.55428e+07,0,2.68513e+07,0,0,1.31893e+07
0,0,0,6.55428e+07,0,2.70002e+07,-91028.7,91028.7,1.31893e+07
0,0,0,6.55428e+07,0,2.70054e+07,-89671.9,89671.9,1.31893e+07
0,0,0,6.55428e+07,0,2.70106e+07,-88314.8,88314.8,1.31893e+07
0,0,0,6.55428e+07,0,2.60185e+07,-86957.3,86957.3,1.31893e+07
0,0,0,6.55428e+07,0,2.63817e+07,-315867,315867,1.31893e+07
0,0,0,6.55428e+07,0,2.63867e+07,-314572,314572,1.31893e+07
0,0,0,6.55428e+07,0,2.63917e+07,-313276,313276,1.31893e+07
0,0,0,6.55428e+07,0,2.40851e+07,-311980,311980,1.31893e+07
0,0,0,6.55428e+07,0,2.48364e+07,-790784,790784,1.31893e+07
0,0,0,6.55428e+07,0,2.4841e+07,-789618,789618,1.31893e+07
0,0,0,6.55428e+07,0,2.48456e+07,-788450,788450,1.31893e+07
0,0,0,6.55428e+07,0,2.48502e+07,-787283,787283,1.31893e+07
0,0,0,6.55428e+07,0.000745969,2.56079e+07,-786116,786116,1.31893e+07
0,0,0,6.55428e+07,0,2.5396e+07,-645762,645762,1.31893e+07
0,0,0,6.55428e+07,0,2.54005e+07,-644597,644597,1.31893e+07
0,0,0,6.55428e+07,0,2.54051e+07,-643433,643433,1.31893e+07
0,0,0,6.55428e+07,0,2.8058e+07,-642269,642269,1.31893e+07
0,0,0,6.55428e+07,0,2.72494e+07,-117968,117968,1.31893e+07
0,0,0,6.55428e+07,0,2.72545e+07,-116666,116666,1.31893e+07
0,0,0,6.55428e+07,0,2.72595e+07,-115364,115364,1.31893e+07
0,0,0,6.55428e+07,0,2.36157e+07,-114061,114061,1.31893e+07
0,0,0,6.55428e+07,0,2.47132e+07,-815548,815548,1.31893e+07
0,0,0,6.55428e+07,0,2.47176e+07,-814428,814428,1.31893e+07
0,0,0,6.55428e+07,0,2.4722e+07,-813309,813309,1.31893e+07
0,0,0,6.55428e+07,0,2.47264e+07,-812189,812189,1.31893e+07
0,0,0,6.55428e+07,0,2.56355e+07,-811069,811069,1.31893e+07
0,0,0,6.55428e+07,0,2.53723e+07,-637795,637795,1.31893e+07
0,0,0,6.55428e+07,0,2.53769e+07,-636630,636630,1.31893e+07
0,0,0,6.55428e+07,0,2.53815e+07,-635464,635464,1.31893e+07
0,0,0,6.55428e+07,0,2.50333e+07,-634297,634297,1.31893e+07
0,0,0,6.55428e+07,0,2.51419e+07,-700064,700064,1.31893e+07
0,0,0,6.55428e+07,0,2.51464e+07,-698915,698915,1.31893e+07
0,0,0,6.55428e+07,0,2.51509e+07,-697765,697765,1.31893e+07
0,0,0,6.55428e+07,0,2.63846e+07,-696616,696616,1.31893e+07
0,0,0,6.55428e+07,0,2.60198e+07,-457856,457856,1.31893e+07
0,0,0,6.55428e+07,0,2.60245e+07,-456643,456643,1.31893e+07
0,0,0,6.55428e+07,0,2.60293e+07,-455431,455431,1.31893e+07
0,0,0,6.55428e+07,0,2.6034e+07,-454217,454217,1.31893e+07
0,0,0,6.55428e+07,0,2.63286e+07,-453004,453004,1.31893e+07
0,0,0,6.55428e+07,0,2.61299e+07,-321025,321025,1.31893e+07
0,0,0,6.55428e+07,0,2.61347e+07,-319777,319777,1.31893e+07
0,0,0,6.55428e+07,0,2.61395e+07,-318529,318529,1.31893e+07
0,0,0,6.55428e+07,0,2.67586e+07,-317280,317280,1.31893e+07
0,0,0,6.55428e+07,0,2.6582e+07,-199369,199369,1.31893e+07
0,0,0,6.55428e+07,0,2.65869e+07,-198089,198089,1.31893e+07
0,0,0,6.55428e+07,0,2.65918e+07,-196809,196809,1.31893e+07
0,0,0,6.55428e+07,0,2.86361e+07,-195529,195529,1.31893e+07
0,0,0,6.55428e+07,0,2.83393e+07,0,0,1.31893e+07
0,0,0,6.55428e+07,0,2.83467e+07,0,0,1.31893e+07
0,0,0,6.55428e+07,0,2.83542e+07,0,0,1.31893e+07
0,0,0,6.55428e+07,0,2.83616e+07,0,0,1.31893e+07
0,0,0,6.55428e+07,0,2.72224e+07,0,0,1.31893e+07
0,0,0,6.55428e+07,0,2.72636e+07,-21945.8,21945.8,1.31893e+07
0,0,0,6.55428e+07,0,2.72687e+07,-20620.2,20620.2,1.31893e+07
0,0,0,6.55428e+07,0,2.72737e+07,-19294.2,19294.2,1.31893e+07
0,0,0,6.55428e+07,0,2.62678e+07,-17967.9,17967.9,1.31893e+07
0,0,0,6.55428e+07,0,2.66358e+07,-250081,250081,1.31893e+07
0,0,0,6.55428e+07,0,2.66407e+07,-248815,248815,1.31893e+07
0,0,0,6.55428e+07,0,2.66456e+07,-247549,247549,1.31893e+07
0,0,0,6.55428e+07,0,2.43071e+07,-246283,246283,1.31893e+07
0,0,0,6.55428e+07,0,2.50686e+07,-731713,731713,1.31893e+07
0,0,0,6.55428e+07,0,2.50731e+07,-730573,730573,1.31893e+07
0,0,0,6.55428e+07,0,2.50775e+07,-729433,729433,1.31893e+07
0,0,0,6.55428e+07,0,2.5082e+07,-728293,728293,1.31893e+07
0,0,0,6.55428e+07,0.000745969,2.585e+07,-727152,727152,1.31893e+07
0,0,0,6.55428e+07,0,2.5635e+07,-584919,584919,1.31893e+07
0,0,0,6.55428e+07,0,2.56394e+07,-583783,583783,1.31893e+07
0,0,0,6.55428e+07,0,2.56439e+07,-582647,582647,1.31893e+07
0,0,0,6.55428e+07,0,2.83328e+07,-581511,581511,1.31893e+07
0,0,0,6.55428e+07,0,2.7513e+07,-50098,50098,1.31893e+07
0,0,0,6.55428e+07,0,2.75179e+07,-48827.6,48827.6,1.31893e+07
0,0,0,6.55428e+07,0,2.75228e+07,-47556.8,47556.8,1.31893e+07
0,0,0,6.55428e+07,0,2.38292e+07,-46285.7,46285.7,1.31893e+07
0,0,0,6.55428e+07,0,2.49415e+07,-757369,757369,1.31893e+07
0,0,0,6.55428e+07,0,2.49458e+07,-756277,756277,1.31893e+07
0,0,0,6.55428e+07,0,2.49501e+07,-755185,755185,1.31893e+07
0,0,0,6.55428e+07,0,2.49544e+07,-754092,754092,1.31893e+07
0,0,0,6.55428e+07,0,2.58757e+07,-752999,752999,1.31893e+07
0,0,0,6.55428e+07,0,2.56087e+07,-577418,577418,1.31893e+07
0,0,0,6.55428e+07,0,2.56132e+07,-576281,576281,1.31893e+07
0,0,0,6.55428e+07,0,2.56177e+07,-575143,575143,1.31893e+07
0,0,0,6.55428e+07,0,2.52646e+07,-574006,574006,1.31893e+07
0,0,0,6.55428e+07,0,2.53745e+07,-640705,640705,1.31893e+07
0,0,0,6.55428e+07,0,2.53789e+07,-639584,639584,1.31893e+07
0,0,0,6.55428e+07,0,2.53833e+07,-638463,638463,1.31893e+07
0,0,0,6.55428e+07,0,2.66335e+07,-637341,637341,1.31893e+07
0,0,0,6.55428e+07,0,2.62635e+07,-395406,395406,1.31893e+07
0,0,0,6.55428e+07,0,2.62682e+07,-394223,394223,1.31893e+07
0,0,0,6.55428e+07,0,2.62728e+07,-393040,393040,1.31893e+07
0,0,0,6.55428e+07,0,2.62774e+07,-391857,391857,1.31893e+07
0,0,0,6.55428e+07,0,2.65757e+07,-390673,390673,1.31893e+07
0,0,0,6.55428e+07,0,2.63743e+07,-256968,256968,1.31893e+07
0,0,0,6.55428e+07,0,2.63789e+07,-255750,255750,1.31893e+07
0,0,0,6.55428e+07,0,2.63836e+07,-254533,254533,1.31893e+07
0,0,0,6.55428e+07,0,2.70108e+07,-253315,253315,1.31893e+07
0,0,0,6.55428e+07,0,2.68317e+07,-133871,133871,1.31893e+07
0,0,0,6.55428e+07,0,2.68364e+07,-132623,132623,1.31893e+07
0,0,0,6.55428e+07,0,2.68412e+07,-131374,131374,1.31893e+07
0,0,0,6.55428e+07,0,2.89127e+07,-130125,130125,1.31893e+07
0,0,0,6.55428e+07,0,2.87174e+07,0,0,1.31893e+07
0,0,0,6.55428e+07,0,2.87247e+07,0,0,1.31893e+07
0,0,0,6.55428e+07,0,2.87319e+07,0,0,1.31893e+07
0,0,0,6.55428e+07,0,2.87391e+07,0,0,1.31893e+07
0,0,0,6.55428e+07,0,2.75845e+07,0,0,1.31893e+07
0,0,0,6.55428e+07,0,2.75914e+07,0,0,1.31893e+07
0,0,0,6.55428e+07,0,2.75984e+07,0,0,1.31893e+07
0,0,0,6.55428e+07,0,2.76053e+07,0,0,1.31893e+07
0,0,0,6.55428e+07,0,2.65879e+07,0,0,1.31893e+07
0,0,0,6.55428e+07,0,2.68838e+07,-185886,185886,1.31893e+07
0,0,0,6.55428e+07,0,2.68886e+07,-184651,184651,1.31893e+07
0,0,0,6.55428e+07,0,2.68934e+07,-183416,183416,1.31893e+07
0,0,0,6.55428e+07,0,2.45237e+07,-182181,182181,1.31893e+07
0,0,0,6.55428e+07,0,2.52951e+07,-674078,674078,1.31893e+07
0,0,0,6.55428e+07,0,2.52995e+07,-672966,672966,1.31893e+07
0,0,0,6.55428e+07,0,2.53038e+07,-671854,671854,1.31893e+07
0,0,0,6.55428e+07,0,2.53082e+07,-670742,670742,1.31893e+07
0,0,0,6.55428e+07,0,2.60862e+07,-669630,669630,1.31893e+07
0,0,0,6.55428e+07,7.72707e+06,2.64474e+07,-897939,897939,1.31893e+07
0,0,0,6.55428e+07,0,2.64535e+07,-897939,897939,1.31893e+07
0,0,0,6.55428e+07,0,2.64596e+07,-897939,897939,1.31893e+07
0,0,0,6.55428e+07,0,2.91854e+07,-897939,897939,1.31893e+07
0,0,0,6.55428e+07,0,2.91921e+07,-897939,897939,1.31893e+07
0,0,0,6.55428e+07,0,2.91989e+07,-897939,897939,1.31893e+07
0,0,0,6.55428e+07,0,2.92056e+07,-897939,897939,1.31893e+07
0,0,0,6.55428e+07,0,2.54653e+07,-897939,897939,1.31893e+07
0,0,0,6.55428e+07,0,2.54712e+07,-897939,897939,1.31893e+07
0,0,0,6.55428e+07,0,2.5477e+07,-897939,897939,1.31893e+07
0,0,0,6.55428e+07,0,2.54828e+07,-897939,897939,1.31893e+07
0,0,0,6.55428e+07,0,2.54887e+07,-897939,897939,1.31893e+07
0,0,0,6.55428e+07,0,2.64235e+07,-897939,897939,1.31893e+07
0,0,0,6.55428e+07,0,2.64296e+07,-897939,897939,1.31893e+07
0,0,0,6.55428e+07,0,2.64356e+07,-897939,897939,1.31893e+07
0,0,0,6.55428e+07,0,2.64417e+07,-897939,897939,1.31893e+07
0,0,0,6.55428e+07,0,2.60856e+07,-897939,897939,1.31893e+07
0,0,0,6.55428e+07,0,2.60916e+07,-897939,897939,1.31893e+07
0,0,0,6.55428e+07,0,2.60975e+07,-897939,897939,1.31893e+07
0,0,0,6.55428e+07,0,2.61035e+07,-897939,897939,1.31893e+07
0,0,0,6.55428e+07,0,2.73715e+07,-897939,897939,1.31893e+07
0,0,0,6.55428e+07,0,2.73778e+07,-897939,897939,1.31893e+07
0,0,0,6.55428e+07,0,2.73841e+07,-897939,897939,1.31893e+07
0,0,0,6.55428e+07,0,2.73904e+07,-897939,897939,1.31893e+07
0,0,0,6.55428e+07,0,2.73967e+07,-897939,897939,1.31893e+07
0,0,0,6.55428e+07,0,2.77005e+07,-897939,897939,1.31893e+07
0,0,0,6.55428e+07,0,2.77068e+07,-897939,897939,1.31893e+07
0,0,0,6.55428e+07,0,2.77132e+07,-897939,897939,1.31893e+07
0,0,0,6.55428e+07,0,2.77196e+07,-897939,897939,1.31893e+07
0,0,0,6.55428e+07,0,2.83566e+07,-897939,897939,1.31893e+07
0,0,0,6.55428e+07,0,2.83631e+07,-897939,897939,1.31893e+07
0,0,0,6.55428e+07,0,2.83696e+07,-897939,897939,1.31893e+07
0,0,0,6.55428e+07,0,2.83762e+07,-897939,897939,1.31893e+07
0,0,0,6.55428e+07,0,3.04759e+07,-897939,897939,1.31893e+07
0,0,0,6.55428e+07,0,3.0483e+07,-897939,897939,1.31893e+07
0,0,0,6.55428e+07,0,3.049e+07,-897939,897939,1.31893e+07
0,0,0,6.55428e+07,0,3.04971e+07,-897939,897939,1.31893e+07
0,0,0,6.55428e+07,0,3.05041e+07,-897939,897939,1.31893e+07
0,0,0,6.55428e+07,0,2.93344e+07,-897939,897939,1.31893e+07
0,0,0,6.55428e+07,0,2.93412e+07,-897939,897939,1.31893e+07
0,0,0,6.55428e+07,0,2.93479e+07,-897939,897939,1.31893e+07
0,0,0,6.55428e+07,0,2.93547e+07,-897939,897939,1.31893e+07
0,0,0,6.55428e+07,0,2.83241e+07,-897939,897939,1.31893e+07
0,0,0,6.55428e+07,0,2.83306e+07,-897939,897939,1.31893e+07
0,0,0,6.55428e+07,0,2.83371e+07,-897939,897939,1.31893e+07
0,0,0,6.55428e+07,0,2.83436e+07,-897939,897939,1.31893e+07
0,0,0,6.55428e+07,0,2.59455e+07,-897939,897939,1.31893e+07
0,0,0,6.55428e+07,0,2.59515e+07,-897939,897939,1.31893e+07
0,0,0,6.55428e+07,0,2.59574e+07,-897939,897939,1.31893e+07
0,0,0,6.55428e+07,0,2.59633e+07,-897939,897939,1.31893e+07
0,0,0,6.55428e+07,0,2.59693e+07,-897939,897939,1.31893e+07
0,0,0,6.55428e+07,0,2.59693e+07,-897939,897939,1.31893e+07
0,0,0,6.55428e+07,7.72707e+06,2.67586e+07,-897939,897939,1.31893e+07
0,0,0,6.55428e+07,0,2.67645e+07,-897939,897939,1.31893e+07
0,0,0,6.55428e+07,0,2.67704e+07,-897939,897939,1.31893e+07
0,0,0,6.55428e+07,0,2.67763e+07,-897939,897939,1.31893e+07
0,0,0,6.55428e+07,0,2.95363e+07,-897939,897939,1.31893e+07
0,0,0,6.55428e+07,0,2.95429e+07,-897939,897939,1.31893e+07
0,0,0,6.55428e+07,0,2.95494e+07,-897939,897939,1.31893e+07
0,0,0,6.55428e+07,0,2.9556e+07,-897939,897939,1.31893e+07
0,0,0,6.55428e+07,0,2.57683e+07,-897939,897939,1.31893e+07
0,0,0,6.55428e+07,0,2.5774e+07,-897939,897939,1.31893e+07
0,0,0,6.55428e+07,0,2.57797e+07,-897939,897939,1.31893e+07
0,0,0,6.55428e+07,0,2.57854e+07,-897939,897939,1.31893e+07
0,0,0,6.55428e+07,0,2.5791e+07,-897939,897939,1.31893e+07
0,0,0,6.55428e+07,0,2.67374e+07,-897939,897939,1.31893e+07
0,0,0,6.55428e+07,0,2.67433e+07,-897939,897939,1.31893e+07
0,0,0,6.55428e+07,0,2.67492e+07,-897939,897939,1.31893e+07
0,0,0,6.55428e+07,0,2.67551e+07,-897939,897939,1.31893e+07
0,0,0,6.55428e+07,0,2.63942e+07,-897939,897939,1.31893e+07
0,0,0,6.55428e+07,0,2.64001e+07,-897939,897939,1.31893e+07
0,0,0,6.55428e+07,0,2.64059e+07,-897939,897939,1.31893e+07
0,0,0,6.55428e+07,0,2.64117e+07,-897939,897939,1.31893e+07
0,0,0,6.55428e+07,0,2.76952e+07,-897939,897939,1.31893e+07
0,0,0,6.55428e+07,0,2.77013e+07,-897939,897939,1.31893e+07
0,0,0,6.55428e+07,0,2.77075e+07,-897939,897939,1.31893e+07
0,0,0,6.55428e+07,0,2.77136e+07,-897939,897939,1.31893e+07
0,0,0,6.55428e+07,0,2.77197e+07,-897939,897939,1.31893e+07
0,0,0,6.55428e+07,0,2.8027e+07,-897939,897939,1.31893e+07
0,0,0,6.55428e+07,0,2.80332e+07,-897939,897939,1.31893e+07
0,0,0,6.55428e+07,0,2.80394e+07,-897939,897939,1.31893e+07
0,0,0,6.55428e+07,0,2.80456e+07,-897939,897939,1.31893e+07
0,0,0,6.55428e+07,0,2.86902e+07,-897939,897939,1.31893e+07
0,0,0,6.55428e+07,0,2.86966e+07,-897939,897939,1.31893e+07
0,0,0,6.55428e+07,0,2.87029e+07,-897939,897939,1.31893e+07
0,0,0,6.55428e+07,0,2.87093e+07,-897939,897939,1.31893e+07
0,0,0,6.55428e+07,0,3.08347e+07,-897939,897939,1.31893e+07
0,0,0,6.55428e+07,0,3.08416e+07,-897939,897939,1.31893e+07
0,0,0,6.55428e+07,0,3.08484e+07,-897939,897939,1.31893e+07
0,0,0,6.55428e+07,0,3.08553e+07,-897939,897939,1.31893e+07
0,0,0,6.55428e+07,0,3.08621e+07,-897939,897939,1.31893e+07
0,0,0,6.55428e+07,0,2.96777e+07,-897939,897939,1.31893e+07
0,0,0,6.55428e+07,0,2.96843e+07,-897939,897939,1.31893e+07
0,0,0,6.55428e+07,0,2.96909e+07,-897939,897939,1.31893e+07
0,0,0,6.55428e+07,0,2.96975e+07,-897939,897939,1.31893e+07
0,0,0,6.55428e+07,0,2.86539e+07,-897939,897939,1.31893e+07
0,0,0,6.55428e+07,0,2.86603e+07,-897939,897939,1.31893e+07
0,0,0,6.55428e+07,0,2.86666e+07,-897939,897939,1.31893e+07
0,0,0,6.55428e+07,0,2.8673e+07,-897939,897939,1.31893e+07
0,0,0,6.55428e+07,0,2.62453e+07,-897939,897939,1.31893e+07
0,0,0,6.55428e+07,0,2.62511e+07,-897939,897939,1.31893e+07
0,0,0,6.55428e+07,0,2.62569e+07,-897939,897939,1.31893e+07
0,0,0,6.55428e+07,0,2.62626e+07,-897939,897939,1.31893e+07
0,0,0,6.55428e+07,0,2.62684e+07,-897939,897939,1.31893e+07
0,0,0,6.55428e+07,7.72707e+06,2.70671e+07,-897939,897939,1.31893e+07
0,0,0,6.55428e+07,0,2.70728e+07,-897939,897939,1.31893e+07
0,0,0,6.55428e+07,0,2.70786e+07,-897939,897939,1.31893e+07
0,0,0,6.55428e+07,0,2.70843e+07,-897939,897939,1.31893e+07
0,0,0,6.55428e+07,0,2.98775e+07,-897939,897939,1.31893e+07
0,0,0,6.55428e+07,0,2.98839e+07,-897939,897939,1.31893e+07
0,0,0,6.55428e+07,0,2.98902e+07,-897939,897939,1.31893e+07
0,0,0,6.55428e+07,0,2.98966e+07,-897939,897939,1.31893e+07
0,0,0,6.55428e+07,0,2.60629e+07,-897939,897939,1.31893e+07
0,0,0,6.55428e+07,0,2.60684e+07,-897939,897939,1.31893e+07
0,0,0,6.55428e+07,0,2.60739e+07,-897939,897939,1.31893e+07
0,0,0,6.55428e+07,0,2.60794e+07,-897939,897939,1.31893e+07
0,0,0,6.55428e+07,0,2.60849e+07,-897939,897939,1.31893e+07
0,0,0,6.55428e+07,0,2.70424e+07,-897939,897939,1.31893e+07
0,0,0,6.55428e+07,0,2.70481e+07,-897939,897939,1.31893e+07
0,0,0,6.55428e+07,0,2.70539e+07,-897939,897939,1.31893e+07
0,0,0,6.55428e+07,0,2.70596e+07,-897939,897939,1.31893e+07
0,0,0,6.55428e+07,0,2.66942e+07,-897939,897939,1.31893e+07
0,0,0,6.55428e+07,0,2.66998e+07,-897939,897939,1.31893e+07
0,0,0,6.55428e+07,0,2.67055e+07,-897939,897939,1.31893e+07
0,0,0,6.55428e+07,0,2.67111e+07,-897939,897939,1.31893e+07
0,0,0,6.55428e+07,0,2.80098e+07,-897939,897939,1.31893e+07
0,0,0,6.55428e+07,0,2.80157e+07,-897939,897939,1.31893e+07
0,0,0,6.55428e+07,0,2.80217e+07,-897939,897939,1.31893e+07
0,0,0,6.55428e+07,0,2.80276e+07,-897939,897939,1.31893e+07
0,0,0,6.55428e+07,0,2.80335e+07,-897939,897939,1.31893e+07
0,0,0,6.55428e+07,0,2.83443e+07,-897939,897939,1.31893e+07
0,0,0,6.55428e+07,0,2.83503e+07,-897939,897939,1.31893e+07
0,0,0,6.55428e+07,0,2.83563e+07,-897939,897939,1.31893e+07
0,0,0,6.55428e+07,0,2.83623e+07,-897939,897939,1.31893e+07
0,0,0,6.55428e+07,0,2.90143e+07,-897939,897939,1.31893e+07
0,0,0,6.55428e+07,0,2.90205e+07,-897939,897939,1.31893e+07
0,0,0,6.55428e+07,0,2.90267e+07,-897939,897939,1.31893e+07
0,0,0,6.55428e+07,0,2.90328e+07,-897939,897939,1.31893e+07
0,0,0,6.55428e+07,0,3.11831e+07,-897939,897939,1.31893e+07
0,0,0,6.55428e+07,0,3.11898e+07,-897939,897939,1.31893e+07
0,0,0,6.55428e+07,0,3.11964e+07,-897939,897939,1.31893e+07
0,0,0,6.55428e+07,0,3.12031e+07,-897939,897939,1.31893e+07
0,0,0,6.55428e+07,0,3.12097e+07,-897939,897939,1.31893e+07
0,0,0,6.55428e+07,0,3.00111e+07,-897939,897939,1.31893e+07
0,0,0,6.55428e+07,0,3.00175e+07,-897939,897939,1.31893e+07
0,0,0,6.55428e+07,0,3.00239e+07,-897939,897939,1.31893e+07
0,0,0,6.55428e+07,0,3.00303e+07,-897939,897939,1.31893e+07
0,0,0,6.55428e+07,0,2.89742e+07,-897939,897939,1.31893e+07
0,0,0,6.55428e+07,0,2.89803e+07,-897939,897939,1.31893e+07
0,0,0,6.55428e+07,0,2.89865e+07,-897939,897939,1.31893e+07
0,0,0,6.55428e+07,0,2.89926e+07,-897939,897939,1.31893e+07
0,0,0,6.55428e+07,0,2.65363e+07,-897939,897939,1.31893e+07
0,0,0,6.55428e+07,0,2.65419e+07,-897939,897939,1.31893e+07
0,0,0,6.55428e+07,0,2.65475e+07,-897939,897939,1.31893e+07
0,0,0,6.55428e+07,0,2.65531e+07,-897939,897939,1.31893e+07
0,0,0,6.55428e+07,0,2.65587e+07,-897939,897939,1.31893e+07
0,0,0,6.55428e+07,7.72707e+06,2.73665e+07,-897939,897939,1.31893e+07
0,0,0,6.55428e+07,0,2.7372e+07,-897939,897939,1.31893e+07
0,0,0,6.55428e+07,0,2.73776e+07,-897939,897939,1.31893e+07
0,0,0,6.55428e+07,0,2.73832e+07,-897939,897939,1.31893e+07
0,0,0,6.55428e+07,0,3.02086e+07,-897939,897939,1.31893e+07
0,0,0,6.55428e+07,0,3.02148e+07,-897939,897939,1.31893e+07
0,0,0,6.55428e+07,0,3.02209e+07,-897939,897939,1.31893e+07
0,0,0,6.55428e+07,0,3.02271e+07,-897939,897939,1.31893e+07
0,0,0,6.55428e+07,0,2.63487e+07,-897939,897939,1.31893e+07
0,0,0,6.55428e+07,0,2.6354e+07,-897939,897939,1.31893e+07
0,0,0,6.55428e+07,0,2.38469e+07,-3.41043e+06,3.41043e+06,1.49157e+07
0,0,0,6.55428e+07,0,2.38517e+07,-3.41096e+06,3.41096e+06,1.49157e+07
0,0,0,6.55428e+07,0,2.38565e+07,-3.4115e+06,3.4115e+06,1.49157e+07
0,0,0,6.55428e+07,0,2.47273e+07,-3.50896e+06,3.50896e+06,1.49157e+07
0,0,0,6.55428e+07,0,2.47323e+07,-3.50952e+06,3.50952e+06,1.49157e+07
0,0,0,6.55428e+07,0,2.47373e+07,-3.51008e+06,3.51008e+06,1.49157e+07
0,0,0,6.55428e+07,0,2.47423e+07,-3.51064e+06,3.51064e+06,1.49157e+07
0,0,0,6.55428e+07,0,2.44097e+07,-3.47341e+06,3.47341e+06,1.49157e+07
0,0,0,6.55428e+07,0,2.44146e+07,-3.47396e+06,3.47396e+06,1.49157e+07
0,0,0,6.55428e+07,0,2.44195e+07,-3.47451e+06,3.47451e+06,1.49157e+07
0,0,0,6.55428e+07,0,2.44244e+07,-3.47506e+06,3.47506e+06,1.49157e+07
0,0,0,6.55428e+07,0,2.56055e+07,-3.60725e+06,3.60725e+06,1.49157e+07
0,0,0,6.55428e+07,0,2.56107e+07,-3.60783e+06,3.60783e+06,1.49157e+07
0,0,0,6.55428e+07,0,2.56159e+07,-3.60841e+06,3.60841e+06,1.49157e+07
0,0,0,6.55428e+07,0,2.56211e+07,-3.60898e+06,3.60898e+06,1.49157e+07
0,0,0,6.55428e+07,0,2.56263e+07,-3.60956e+06,3.60956e+06,1.49157e+07
0,0,0,6.55428e+07,0,2.59087e+07,-3.64117e+06,3.64117e+06,1.49157e+07
0,0,0,6.55428e+07,0,2.59139e+07,-3.64176e+06,3.64176e+06,1.49157e+07
0,0,0,6.55428e+07,0,2.86636e+07,-897939,897939,1.31893e+07
0,0,0,6.55428e+07,0,2.86694e+07,-897939,897939,1.31893e+07
0,0,0,6.55428e+07,0,2.65172e+07,-3.70928e+06,3.70928e+06,1.49157e+07
0,0,0,6.55428e+07,0,2.93345e+07,-897939,897939,1.31893e+07
0,0,0,6.55428e+07,0,2.93405e+07,-897939,897939,1.31893e+07
0,0,0,6.55428e+07,0,2.93465e+07,-897939,897939,1.31893e+07
0,0,0,6.55428e+07,0,3.15209e+07,-897939,897939,1.31893e+07
0,0,0,6.55428e+07,0,3.15274e+07,-897939,897939,1.31893e+07
0,0,0,6.55428e+07,0,3.15338e+07,-897939,897939,1.31893e+07
0,0,0,6.55428e+07,0,3.15402e+07,-897939,897939,1.31893e+07
0,0,0,6.55428e+07,0,3.15467e+07,-897939,897939,1.31893e+07
0,0,0,6.55428e+07,0,3.03342e+07,-897939,897939,1.31893e+07
0,0,0,6.55428e+07,0,3.03404e+07,-897939,897939,1.31893e+07
0,0,0,6.55428e+07,0,3.03466e+07,-897939,897939,1.31893e+07
0,0,0,6.55428e+07,0,3.03528e+07,-897939,897939,1.31893e+07
0,0,0,6.55428e+07,0,2.92846e+07,-897939,897939,1.31893e+07
0,0,0,6.55428e+07,0,2.92905e+07,-897939,897939,1.31893e+07
0,0,0,6.55428e+07,0,2.92965e+07,-897939,897939,1.31893e+07
0,0,0,6.55428e+07,0,2.93024e+07,-897939,897939,1.31893e+07
0,0,0,6.55428e+07,0,2.68183e+07,-897939,897939,1.31893e+07
0,0,0,6.55428e+07,0,2.68237e+07,-897939,897939,1.31893e+07
0,0,0,6.55428e+07,0,2.68291e+07,-897939,897939,1.31893e+07
0,0,0,6.55428e+07,0,2.68346e+07,-897939,897939,1.31893e+07
0,0,0,6.55428e+07,0,2.63278e+07,-1.41011e+06,1.41011e+06,1.31893e+07
0,0,0,6.55428e+07,7.72707e+06,2.50135e+07,-3.54099e+06,3.54099e+06,1.49157e+07
0,0,0,6.55428e+07,0,2.50183e+07,-3.54153e+06,3.54153e+06,1.49157e+07
0,0,0,6.55428e+07,0,2.50232e+07,-3.54207e+06,3.54207e+06,1.49157e+07
0,0,0,6.55428e+07,0,2.76727e+07,-897939,897939,1.31893e+07
0,0,0,6.55428e+07,0,3.05293e+07,-897939,897939,1.31893e+07
0,0,0,6.55428e+07,0,3.05353e+07,-897939,897939,1.31893e+07
0,0,0,6.55428e+07,0,3.05413e+07,-897939,897939,1.31893e+07
0,0,0,6.55428e+07,0,3.05472e+07,-897939,897939,1.31893e+07
0,0,0,6.55428e+07,0,2.66256e+07,-897939,897939,1.31893e+07
0,0,0,6.55428e+07,0,2.66307e+07,-897939,897939,1.31893e+07
0,0,0,6.55428e+07,0,2.66359e+07,-897939,897939,1.31893e+07
0,0,0,6.55428e+07,0,2.6641e+07,-897939,897939,1.31893e+07
0,0,0,6.55428e+07,0,2.66462e+07,-897939,897939,1.31893e+07
0,0,0,6.55428e+07,0,2.7625e+07,-897939,897939,1.31893e+07
0,0,0,6.55428e+07,0,2.76303e+07,-897939,897939,1.31893e+07
0,0,0,6.55428e+07,0,2.76357e+07,-897939,897939,1.31893e+07
0,0,0,6.55428e+07,0,2.76411e+07,-897939,897939,1.31893e+07
0,0,0,6.55428e+07,0,2.72669e+07,-897939,897939,1.31893e+07
0,0,0,6.55428e+07,0,2.72722e+07,-897939,897939,1.31893e+07
0,0,0,6.55428e+07,0,2.72775e+07,-897939,897939,1.31893e+07
0,0,0,6.55428e+07,0,2.72828e+07,-897939,897939,1.31893e+07
0,0,0,6.55428e+07,0,2.86103e+07,-897939,897939,1.31893e+07
0,0,0,6.55428e+07,0,2.86158e+07,-897939,897939,1.31893e+07
0,0,0,6.55428e+07,0,2.86214e+07,-897939,897939,1.31893e+07
0,0,0,6.55428e+07,0,2.8627e+07,-897939,897939,1.31893e+07
0,0,0,6.55428e+07,0,2.86325e+07,-897939,897939,1.31893e+07
0,0,0,6.55428e+07,0,2.89497e+07,-897939,897939,1.31893e+07
0,0,0,6.55428e+07,0,2.89554e+07,-897939,897939,1.31893e+07
0,0,0,6.55428e+07,0,2.8961e+07,-897939,897939,1.31893e+07
0,0,0,6.55428e+07,0,2.89667e+07,-897939,897939,1.31893e+07
0,0,0,6.55428e+07,0,2.96327e+07,-897939,897939,1.31893e+07
0,0,0,6.55428e+07,0,2.96385e+07,-897939,897939,1.31893e+07
0,0,0,6.55428e+07,0,2.96443e+07,-897939,897939,1.31893e+07
0,0,0,6.55428e+07,0,2.96501e+07,-897939,897939,1.31893e+07
0,0,0,6.55428e+07,0,3.18479e+07,-897939,897939,1.31893e+07
0,0,0,6.55428e+07,0,3.18541e+07,-897939,897939,1.31893e+07
0,0,0,6.55428e+07,0,3.18603e+07,-897939,897939,1.31893e+07
0,0,0,6.55428e+07,0,3.18666e+07,-897939,897939,1.31893e+07
0,0,0,6.55428e+07,0,3.18728e+07,-897939,897939,1.31893e+07
0,0,0,6.55428e+07,0,3.0647e+07,-897939,897939,1.31893e+07
0,0,0,6.55428e+07,0,3.0653e+07,-897939,897939,1.31893e+07
0,0,0,6.55428e+07,0,3.06589e+07,-897939,897939,1.31893e+07
0,0,0,6.55428e+07,0,3.06649e+07,-897939,897939,1.31893e+07
0,0,0,6.55428e+07,0,2.95849e+07,-897939,897939,1.31893e+07
0,0,0,6.55428e+07,0,2.95907e+07,-897939,897939,1.31893e+07
0,0,0,6.55428e+07,0,2.95964e+07,-897939,897939,1.31893e+07
0,0,0,6.55428e+07,0,2.96022e+07,-897939,897939,1.31893e+07
0,0,0,6.55428e+07,0,2.70911e+07,-897939,897939,1.31893e+07
0,0,0,6.55428e+07,0,2.70964e+07,-897939,897939,1.31893e+07
0,0,0,6.55428e+07,0,2.71016e+07,-897939,897939,1.31893e+07
0,0,0,6.55428e+07,0,2.71069e+07,-897939,897939,1.31893e+07
0,0,0,6.55428e+07,0,2.71121e+07,-897939,897939,1.31893e+07
0,0,0,6.55428e+07,7.72707e+06,2.79372e+07,-897939,897939,1.31893e+07
0,0,0,6.55428e+07,0,2.79424e+07,-897939,897939,1.31893e+07
0,0,0,6.55428e+07,0,2.79476e+07,-897939,897939,1.31893e+07
0,0,0,6.55428e+07,0,2.79528e+07,-897939,897939,1.31893e+07
0,0,0,6.55428e+07,0,3.08397e+07,-897939,897939,1.31893e+07
0,0,0,6.55428e+07,0,3.08454e+07,-897939,897939,1.31893e+07
0,0,0,6.55428e+07,0,3.08512e+07,-897939,897939,1.31893e+07
0,0,0,6.55428e+07,0,3.0857e+07,-897939,897939,1.31893e+07
0,0,0,6.55428e+07,0,2.68934e+07,-897939,897939,1.31893e+07
0,0,0,6.55428e+07,0,2.68984e+07,-897939,897939,1.31893e+07
0,0,0,6.55428e+07,0,2.69034e+07,-897939,897939,1.31893e+07
0,0,0,6.55428e+07,0,2.69084e+07,-897939,897939,1.31893e+07
0,0,0,6.55428e+07,0,2.69134e+07,-897939,897939,1.31893e+07
0,0,0,6.55428e+07,0,2.79023e+07,-897939,897939,1.31893e+07
0,0,0,6.55428e+07,0,2.79075e+07,-897939,897939,1.31893e+07
0,0,0,6.55428e+07,0,2.79127e+07,-897939,897939,1.31893e+07
0,0,0,6.55428e+07,0,2.79179e+07,-897939,897939,1.31893e+07
0,0,0,6.55428e+07,0,2.75396e+07,-897939,897939,1.31893e+07
0,0,0,6.55428e+07,0,2.75447e+07,-897939,897939,1.31893e+07
0,0,0,6.55428e+07,0,2.75498e+07,-897939,897939,1.31893e+07
0,0,0,6.55428e+07,0,2.75549e+07,-897939,897939,1.31893e+07
0,0,0,6.55428e+07,0,2.88961e+07,-897939,897939,1.31893e+07
0,0,0,6.55428e+07,0,2.89015e+07,-897939,897939,1.31893e+07
0,0,0,6.55428e+07,0,2.89069e+07,-897939,897939,1.31893e+07
0,0,0,6.55428e+07,0,2.89123e+07,-897939,897939,1.31893e+07
0,0,0,6.55428e+07,0,2.89177e+07,-897939,897939,1.31893e+07
0,0,0,6.55428e+07,0,2.9238e+07,-897939,897939,1.31893e+07
0,0,0,6.55428e+07,0,2.92434e+07,-897939,897939,1.31893e+07
0,0,0,6.55428e+07,0,2.92489e+07,-897939,897939,1.31893e+07
0,0,0,6.55428e+07,0,2.92544e+07,-897939,897939,1.31893e+07
0,0,0,6.55428e+07,0,2.99271e+07,-897939,897939,1.31893e+07
0,0,0,6.55428e+07,0,2.99327e+07,-897939,897939,1.31893e+07
0,0,0,6.55428e+07,0,2.99383e+07,-897939,897939,1.31893e+07
0,0,0,6.55428e+07,0,2.99439e+07,-897939,897939,1.31893e+07
0,0,0,6.55428e+07,0,3.21643e+07,-897939,897939,1.31893e+07
0,0,0,6.55428e+07,0,3.21703e+07,-897939,897939,1.31893e+07
0,0,0,6.55428e+07,0,3.21764e+07,-897939,897939,1.31893e+07
0,0,0,6.55428e+07,0,3.21824e+07,-897939,897939,1.31893e+07
0,0,0,6.55428e+07,0,3.21884e+07,-897939,897939,1.31893e+07
0,0,0,6.55428e+07,0,3.09497e+07,-897939,897939,1.31893e+07
0,0,0,6.55428e+07,0,3.09555e+07,-897939,897939,1.31893e+07
0,0,0,6.55428e+07,0,3.09612e+07,-897939,897939,1.31893e+07
0,0,0,6.55428e+07,0,3.0967e+07,-897939,897939,1.31893e+07
0,0,0,6.55428e+07,0,2.98756e+07,-897939,897939,1.31893e+07
0,0,0,6.55428e+07,0,2.98812e+07,-897939,897939,1.31893e+07
0,0,0,6.55428e+07,0,2.98868e+07,-897939,897939,1.31893e+07
0,0,0,6.55428e+07,0,2.98924e+07,-897939,897939,1.31893e+07
0,0,0,6.55428e+07,0,2.73552e+07,-897939,897939,1.31893e+07
0,0,0,6.55428e+07,0,2.73603e+07,-897939,897939,1.31893e+07
0,0,0,6.55428e+07,0,2.73654e+07,-897939,897939,1.31893e+07
0,0,0,6.55428e+07,0,2.73705e+07,-897939,897939,1.31893e+07
0,0,0,6.55428e+07,0,2.73756e+07,-897939,897939,1.31893e+07
0,0,0,6.55428e+07,0,2.82089e+07,-897939,897939,1.31893e+07
0,0,0,6.55428e+07,7.72707e+06,2.82139e+07,-897939,897939,1.31893e+07
0,0,0,6.55428e+07,0,2.82189e+07,-897939,897939,1.31893e+07
0,0,0,6.55428e+07,0,2.8224e+07,-897939,897939,1.31893e+07
0,0,0,6.55428e+07,0,3.11401e+07,-897939,897939,1.31893e+07
0,0,0,6.55428e+07,0,3.11457e+07,-897939,897939,1.31893e+07
0,0,0,6.55428e+07,0,3.11513e+07,-897939,897939,1.31893e+07
0,0,0,6.55428e+07,0,3.11569e+07,-897939,897939,1.31893e+07
0,0,0,6.55428e+07,0,2.71527e+07,-897939,897939,1.31893e+07
0,0,0,6.55428e+07,0,2.71576e+07,-897939,897939,1.31893e+07
0,0,0,6.55428e+07,0,2.71624e+07,-897939,897939,1.31893e+07
0,0,0,6.55428e+07,0,2.71673e+07,-897939,897939,1.31893e+07
0,0,0,6.55428e+07,0,2.71721e+07,-897939,897939,1.31893e+07
0,0,0,6.55428e+07,0,2.81708e+07,-897939,897939,1.31893e+07
0,0,0,6.55428e+07,0,2.81758e+07,-897939,897939,1.31893e+07
0,0,0,6.55428e+07,0,2.81809e+07,-897939,897939,1.31893e+07
0,0,0,6.55428e+07,0,2.81859e+07,-897939,897939,1.31893e+07
0,0,0,6.55428e+07,0,2.78035e+07,-897939,897939,1.31893e+07
0,0,0,6.55428e+07,0,2.78085e+07,-897939,897939,1.31893e+07
0,0,0,6.55428e+07,0,2.78135e+07,-897939,897939,1.31893e+07
0,0,0,6.55428e+07,0,2.78184e+07,-897939,897939,1.31893e+07
0,0,0,6.55428e+07,0,2.91729e+07,-897939,897939,1.31893e+07
0,0,0,6.55428e+07,0,2.91781e+07,-897939,897939,1.31893e+07
0,0,0,6.55428e+07,0,2.91833e+07,-897939,897939,1.31893e+07
0,0,0,6.55428e+07,0,2.91885e+07,-897939,897939,1.31893e+07
0,0,0,6.55428e+07,0,2.91938e+07,-897939,897939,1.31893e+07
0,0,0,6.55428e+07,0,2.95171e+07,-897939,897939,1.31893e+07
0,0,0,6.55428e+07,0,2.95223e+07,-897939,897939,1.31893e+07
0,0,0,6.55428e+07,0,2.95276e+07,-897939,897939,1.31893e+07
0,0,0,6.55428e+07,0,2.95329e+07,-897939,897939,1.31893e+07
0,0,0,6.55428e+07,0,3.02122e+07,-897939,897939,1.31893e+07
0,0,0,6.55428e+07,0,3.02176e+07,-897939,897939,1.31893e+07
0,0,0,6.55428e+07,0,3.0223e+07,-897939,897939,1.31893e+07
0,0,0,6.55428e+07,0,3.02284e+07,-897939,897939,1.31893e+07
0,0,0,6.55428e+07,0,3.24707e+07,-897939,897939,1.31893e+07
0,0,0,6.55428e+07,0,3.24765e+07,-897939,897939,1.31893e+07
0,0,0,6.55428e+07,0,3.24824e+07,-897939,897939,1.31893e+07
0,0,0,6.55428e+07,0,3.24882e+07,-897939,897939,1.31893e+07
0,0,0,6.55428e+07,0,3.24941e+07,-897939,897939,1.31893e+07
0,0,0,6.55428e+07,0,3.12428e+07,-897939,897939,1.31893e+07
0,0,0,6.55428e+07,0,3.12484e+07,-897939,897939,1.31893e+07
0,0,0,6.55428e+07,0,3.1254e+07,-897939,897939,1.31893e+07
0,0,0,6.55428e+07,0,3.12596e+07,-897939,897939,1.31893e+07
0,0,0,6.55428e+07,0,3.01571e+07,-897939,897939,1.31893e+07
0,0,0,6.55428e+07,0,3.01625e+07,-897939,897939,1.31893e+07
0,0,0,6.55428e+07,0,3.01679e+07,-897939,897939,1.31893e+07
0,0,0,6.55428e+07,0,3.01733e+07,-897939,897939,1.31893e+07
0,0,0,6.55428e+07,0,2.7611e+07,-897939,897939,1.31893e+07
0,0,0,6.55428e+07,0,2.76159e+07,-897939,897939,1.31893e+07
0,0,0,6.55428e+07,0,2.76208e+07,-897939,897939,1.31893e+07
0,0,0,6.55428e+07,0,2.76258e+07,-897939,897939,1.31893e+07
0,0,0,6.55428e+07,0,2.76307e+07,-897939,897939,1.31893e+07
0,0,0,6.55428e+07,0,2.76307e+07,-897939,897939,1.31893e+07
0,0,0,6.55428e+07,7.72707e+06,2.84719e+07,-897939,897939,1.31893e+07
0,0,0,6.55428e+07,0,2.84768e+07,-897939,897939,1.31893e+07
0,0,0,6.55428e+07,0,2.84817e+07,-897939,897939,1.31893e+07
0,0,0,6.55428e+07,0,2.84866e+07,-897939,897939,1.31893e+07
0,0,0,6.55428e+07,0,3.1431e+07,-897939,897939,1.31893e+07
0,0,0,6.55428e+07,0,3.14364e+07,-897939,897939,1.31893e+07
0,0,0,6.55428e+07,0,3.14418e+07,-897939,897939,1.31893e+07
0,0,0,6.55428e+07,0,3.14472e+07,-897939,897939,1.31893e+07
0,0,0,6.55428e+07,0,2.74038e+07,-897939,897939,1.31893e+07
0,0,0,6.55428e+07,0,2.74085e+07,-897939,897939,1.31893e+07
0,0,0,6.55428e+07,0,2.74131e+07,-897939,897939,1.31893e+07
0,0,0,6.55428e+07,0,2.74178e+07,-897939,897939,1.31893e+07
0,0,0,6.55428e+07,0,2.74225e+07,-897939,897939,1.31893e+07
0,0,0,6.55428e+07,0,2.84307e+07,-897939,897939,1.31893e+07
0,0,0,6.55428e+07,0,2.84356e+07,-897939,897939,1.31893e+07
0,0,0,6.55428e+07,0,2.84404e+07,-897939,897939,1.31893e+07
0,0,0,6.55428e+07,0,2.84453e+07,-897939,897939,1.31893e+07
0,0,0,6.55428e+07,0,2.8059e+07,-897939,897939,1.31893e+07
0,0,0,6.55428e+07,0,2.80638e+07,-897939,897939,1.31893e+07
0,0,0,6.55428e+07,0,2.80686e+07,-897939,897939,1.31893e+07
0,0,0,6.55428e+07,0,2.80734e+07,-897939,897939,1.31893e+07
0,0,0,6.55428e+07,0,2.94407e+07,-897939,897939,1.31893e+07
0,0,0,6.55428e+07,0,2.94457e+07,-897939,897939,1.31893e+07
0,0,0,6.55428e+07,0,2.94508e+07,-897939,897939,1.31893e+07
0,0,0,6.55428e+07,0,2.94558e+07,-897939,897939,1.31893e+07
0,0,0,6.55428e+07,0,2.94609e+07,-897939,897939,1.31893e+07
0,0,0,6.55428e+07,0,2.97871e+07,-897939,897939,1.31893e+07
0,0,0,6.55428e+07,0,2.97922e+07,-897939,897939,1.31893e+07
0,0,0,6.55428e+07,0,2.97973e+07,-897939,897939,1.31893e+07
0,0,0,6.55428e+07,0,2.98024e+07,-897939,897939,1.31893e+07
0,0,0,6.55428e+07,0,3.04879e+07,-897939,897939,1.31893e+07
0,0,0,6.55428e+07,0,3.04932e+07,-897939,897939,1.31893e+07
0,0,0,6.55428e+07,0,3.04984e+07,-897939,897939,1.31893e+07
0,0,0,6.55428e+07,0,3.05036e+07,-897939,897939,1.31893e+07
0,0,0,6.55428e+07,0,3.27671e+07,-897939,897939,1.31893e+07
0,0,0,6.55428e+07,0,3.27727e+07,-897939,897939,1.31893e+07
0,0,0,6.55428e+07,0,3.27783e+07,-897939,897939,1.31893e+07
0,0,0,6.55428e+07,0,3.2784e+07,-897939,897939,1.31893e+07
0,0,0,6.55428e+07,0,3.27896e+07,-897939,897939,1.31893e+07
0,0,0,6.55428e+07,0,3.15262e+07,-897939,897939,1.31893e+07
0,0,0,6.55428e+07,0,3.15316e+07,-897939,897939,1.31893e+07
0,0,0,6.55428e+07,0,3.1537e+07,-897939,897939,1.31893e+07
0,0,0,6.55428e+07,0,3.15425e+07,-897939,897939,1.31893e+07
0,0,0,6.55428e+07,0,3.04293e+07,-897939,897939,1.31893e+07
0,0,0,6.55428e+07,0,3.04346e+07,-897939,897939,1.31893e+07
0,0,0,6.55428e+07,0,3.04398e+07,-897939,897939,1.31893e+07
0,0,0,6.55428e+07,0,3.0445e+07,-897939,897939,1.31893e+07
0,0,0,6.55428e+07,0,2.78582e+07,-897939,897939,1.31893e+07
0,0,0,6.55428e+07,0,2.7863e+07,-897939,897939,1.31893e+07
0,0,0,6.55428e+07,0,2.78678e+07,-897939,897939,1.31893e+07
0,0,0,6.55428e+07,0,2.78725e+07,-897939,897939,1.31893e+07
0,0,0,6.55428e+07,0,2.78773e+07,-897939,897939,1.31893e+07
0,0,0,6.55428e+07,7.72707e+06,2.87262e+07,-897939,897939,1.31893e+07
0,0,0,6.55428e+07,0.000745969,2.87309e+07,-897939,897939,1.31893e+07
0,0,0,6.55428e+07,0,2.87356e+07,-897939,897939,1.31893e+07
0,0,0,6.55428e+07,0,2.87403e+07,-897939,897939,1.31893e+07
0,0,0,6.55428e+07,0,3.17121e+07,-897939,897939,1.31893e+07
0,0,0,6.55428e+07,0,3.17173e+07,-897939,897939,1.31893e+07
0,0,0,6.55428e+07,0,3.17225e+07,-897939,897939,1.31893e+07
0,0,0,6.55428e+07,0,3.17277e+07,-897939,897939,1.31893e+07
0,0,0,6.55428e+07,0,2.76464e+07,-897939,897939,1.31893e+07
0,0,0,6.55428e+07,0,2.76509e+07,-897939,897939,1.31893e+07
0,0,0,6.55428e+07,0,2.76554e+07,-897939,897939,1.31893e+07
0,0,0,6.55428e+07,0,2.76599e+07,-897939,897939,1.31893e+07
0,0,0,6.55428e+07,0,2.76645e+07,-897939,897939,1.31893e+07
0,0,0,6.55428e+07,0,2.86818e+07,-897939,897939,1.31893e+07
0,0,0,6.55428e+07,0,2.86865e+07,-897939,897939,1.31893e+07
0,0,0,6.55428e+07,0,2.86912e+07,-897939,897939,1.31893e+07
0,0,0,6.55428e+07,0,2.86959e+07,-897939,897939,1.31893e+07
0,0,0,6.55428e+07,0,2.83058e+07,-897939,897939,1.31893e+07
0,0,0,6.55428e+07,0,2.83105e+07,-897939,897939,1.31893e+07
0,0,0,6.55428e+07,0,2.83151e+07,-897939,897939,1.31893e+07
0,0,0,6.55428e+07,0,2.83197e+07,-897939,897939,1.31893e+07
0,0,0,6.55428e+07,0,2.96994e+07,-897939,897939,1.31893e+07
0,0,0,6.55428e+07,0,2.97043e+07,-897939,897939,1.31893e+07
0,0,0,6.55428e+07,0,2.97092e+07,-897939,897939,1.31893e+07
0,0,0,6.55428e+07,0,2.9714e+07,-897939,897939,1.31893e+07
0,0,0,6.55428e+07,0,2.97189e+07,-897939,897939,1.31893e+07
0,0,0,6.55428e+07,0,3.00478e+07,-897939,897939,1.31893e+07
0,0,0,6.55428e+07,0,3.00528e+07,-897939,897939,1.31893e+07
0,0,0,6.55428e+07,0,3.00577e+07,-897939,897939,1.31893e+07
0,0,0,6.55428e+07,0,3.00626e+07,-897939,897939,1.31893e+07
0,0,0,6.55428e+07,0,3.07542e+07,-897939,897939,1.31893e+07
0,0,0,6.55428e+07,0,3.07593e+07,-897939,897939,1.31893e+07
0,0,0,6.55428e+07,0,3.07643e+07,-897939,897939,1.31893e+07
0,0,0,6.55428e+07,0,3.07694e+07,-897939,897939,1.31893e+07
0,0,0,6.55428e+07,0,3.30532e+07,-897939,897939,1.31893e+07
0,0,0,6.55428e+07,0,3.30587e+07,-897939,897939,1.31893e+07
0,0,0,6.55428e+07,0,3.30641e+07,-897939,897939,1.31893e+07
0,0,0,6.55428e+07,0,3.30696e+07,-897939,897939,1.31893e+07
0,0,0,6.55428e+07,0,3.3075e+07,-897939,897939,1.31893e+07
0,0,0,6.55428e+07,0,3.17999e+07,-897939,897939,1.31893e+07
0,0,0,6.55428e+07,0,3.18051e+07,-897939,897939,1.31893e+07
0,0,0,6.55428e+07,0,3.18103e+07,-897939,897939,1.31893e+07
0,0,0,6.55428e+07,0,3.18155e+07,-897939,897939,1.31893e+07
0,0,0,6.55428e+07,0,3.06921e+07,-897939,897939,1.31893e+07
0,0,0,6.55428e+07,0,3.06972e+07,-897939,897939,1.31893e+07
0,0,0,6.55428e+07,0,3.07022e+07,-897939,897939,1.31893e+07
0,0,0,6.55428e+07,0,3.07072e+07,-897939,897939,1.31893e+07
0,0,0,6.55428e+07,0,2.80969e+07,-897939,897939,1.31893e+07
0,0,0,6.55428e+07,0,2.81015e+07,-897939,897939,1.31893e+07
0,0,0,6.55428e+07,0,2.81061e+07,-897939,897939,1.31893e+07
0,0,0,6.55428e+07,0,2.81107e+07,-897939,897939,1.31893e+07
0,0,0,6.55428e+07,0,2.81153e+07,-897939,897939,1.31893e+07
0,0,0,6.55428e+07,7.72707e+06,2.89716e+07,-897939,897939,1.31893e+07
0,0,0,6.55428e+07,0,2.89762e+07,-897939,897939,1.31893e+07
0,0,0,6.55428e+07,0,2.89807e+07,-897939,897939,1.31893e+07
0,0,0,6.55428e+07,0,2.89852e+07,-897939,897939,1.31893e+07
0,0,0,6.55428e+07,0,3.19834e+07,-897939,897939,1.31893e+07
0,0,0,6.55428e+07,0,3.19884e+07,-897939,897939,1.31893e+07
0,0,0,6.55428e+07,0,3.19934e+07,-897939,897939,1.31893e+07
0,0,0,6.55428e+07,0,3.19984e+07,-897939,897939,1.31893e+07
0,0,0,6.55428e+07,0,2.78804e+07,-897939,897939,1.31893e+07
0,0,0,6.55428e+07,0,2.78848e+07,-897939,897939,1.31893e+07
0,0,0,6.55428e+07,0,2.78892e+07,-897939,897939,1.31893e+07
0,0,0,6.55428e+07,0,2.78935e+07,-897939,897939,1.31893e+07
0,0,0,6.55428e+07,0,2.78979e+07,-897939,897939,1.31893e+07
0,0,0,6.55428e+07,0,2.8924e+07,-897939,897939,1.31893e+07
0,0,0,6.55428e+07,0,2.89285e+07,-897939,897939,1.31893e+07
0,0,0,6.55428e+07,0,2.89331e+07,-897939,897939,1.31893e+07
0,0,0,6.55428e+07,0,2.89376e+07,-897939,897939,1.31893e+07
0,0,0,6.55428e+07,0,2.85439e+07,-897939,897939,1.31893e+07
0,0,0,6.55428e+07,0,2.85483e+07,-897939,897939,1.31893e+07
0,0,0,6.55428e+07,0,2.85528e+07,-897939,897939,1.31893e+07
0,0,0,6.55428e+07,0,2.85572e+07,-897939,897939,1.31893e+07
0,0,0,6.55428e+07,0,2.99489e+07,-897939,897939,1.31893e+07
0,0,0,6.55428e+07,0,2.99536e+07,-897939,897939,1.31893e+07
0,0,0,6.55428e+07,0,2.99583e+07,-897939,897939,1.31893e+07
0,0,0,6.55428e+07,0,2.9963e+07,-897939,897939,1.31893e+07
0,0,0,6.55428e+07,0,2.99677e+07,-897939,897939,1.31893e+07
0,0,0,6.55428e+07,0,3.02993e+07,-897939,897939,1.31893e+07
0,0,0,6.55428e+07,0,3.0304e+07,-897939,897939,1.31893e+07
0,0,0,6.55428e+07,0,3.03088e+07,-897939,897939,1.31893e+07
0,0,0,6.55428e+07,0,3.03135e+07,-897939,897939,1.31893e+07
0,0,0,6.55428e+07,0,3.10109e+07,-897939,897939,1.31893e+07
0,0,0,6.55428e+07,0,3.10158e+07,-897939,897939,1.31893e+07
0,0,0,6.55428e+07,0,3.10207e+07,-897939,897939,1.31893e+07
0,0,0,6.55428e+07,0,3.10255e+07,-897939,897939,1.31893e+07
0,0,0,6.55428e+07,0,3.3329e+07,-897939,897939,1.31893e+07
0,0,0,6.55428e+07,0,3.33343e+07,-897939,897939,1.31893e+07
0,0,0,6.55428e+07,0,3.33395e+07,-897939,897939,1.31893e+07
0,0,0,6.55428e+07,0,3.33448e+07,-897939,897939,1.31893e+07
0,0,0,6.55428e+07,0,3.335e+07,-897939,897939,1.31893e+07
0,0,0,6.55428e+07,0,3.20635e+07,-897939,897939,1.31893e+07
0,0,0,6.55428e+07,0,3.20686e+07,-897939,897939,1.31893e+07
0,0,0,6.55428e+07,0,3.20736e+07,-897939,897939,1.31893e+07
0,0,0,6.55428e+07,0,3.20787e+07,-897939,897939,1.31893e+07
0,0,0,6.55428e+07,0,3.09453e+07,-897939,897939,1.31893e+07
0,0,0,6.55428e+07,0,3.09501e+07,-897939,897939,1.31893e+07
0,0,0,6.55428e+07,0,3.0955e+07,-897939,897939,1.31893e+07
0,0,0,6.55428e+07,0,3.09598e+07,-897939,897939,1.31893e+07
0,0,0,6.55428e+07,0,2.83268e+07,-897939,897939,1.31893e+07
0,0,0,6.55428e+07,0,2.83312e+07,-897939,897939,1.31893e+07
0,0,0,6.55428e+07,0,2.83356e+07,-897939,897939,1.31893e+07
0,0,0,6.55428e+07,0,2.83401e+07,-897939,897939,1.31893e+07
0,0,0,6.55428e+07,0,2.83445e+07,-897939,897939,1.31893e+07
0,0,0,6.55428e+07,7.72707e+06,2.9208e+07,-897939,897939,1.31893e+07
0,0,0,6.55428e+07,0,2.92123e+07,-897939,897939,1.31893e+07
0,0,0,6.55428e+07,0,2.92167e+07,-897939,897939,1.31893e+07
0,0,0,6.55428e+07,0,2.9221e+07,-897939,897939,1.31893e+07
0,0,0,6.55428e+07,0,3.22445e+07,-897939,897939,1.31893e+07
0,0,0,6.55428e+07,0,3.22494e+07,-897939,897939,1.31893e+07
0,0,0,6.55428e+07,0,3.22542e+07,-897939,897939,1.31893e+07
0,0,0,6.55428e+07,0,3.2259e+07,-897939,897939,1.31893e+07
0,0,0,6.55428e+07,0,2.81057e+07,-897939,897939,1.31893e+07
0,0,0,6.55428e+07,0,2.81099e+07,-897939,897939,1.31893e+07
0,0,0,6.55428e+07,0,2.81141e+07,-897939,897939,1.31893e+07
0,0,0,6.55428e+07,0,2.81183e+07,-897939,897939,1.31893e+07
0,0,0,6.55428e+07,0,2.81225e+07,-897939,897939,1.31893e+07
0,0,0,6.55428e+07,0,2.91571e+07,-897939,897939,1.31893e+07
0,0,0,6.55428e+07,0,2.91614e+07,-897939,897939,1.31893e+07
0,0,0,6.55428e+07,0,2.91658e+07,-897939,897939,1.31893e+07
0,0,0,6.55428e+07,0,2.91701e+07,-897939,897939,1.31893e+07
0,0,0,6.55428e+07,0,2.87729e+07,-897939,897939,1.31893e+07
0,0,0,6.55428e+07,0,2.87771e+07,-897939,897939,1.31893e+07
0,0,0,6.55428e+07,0,2.87814e+07,-897939,897939,1.31893e+07
0,0,0,6.55428e+07,0,2.87857e+07,-897939,897939,1.31893e+07
0,0,0,6.55428e+07,0,3.01888e+07,-897939,897939,1.31893e+07
0,0,0,6.55428e+07,0,3.01933e+07,-897939,897939,1.31893e+07
0,0,0,6.55428e+07,0,3.01978e+07,-897939,897939,1.31893e+07
0,0,0,6.55428e+07,0,3.02023e+07,-897939,897939,1.31893e+07
0,0,0,6.55428e+07,0,3.02068e+07,-897939,897939,1.31893e+07
0,0,0,6.55428e+07,0,3.0541e+07,-897939,897939,1.31893e+07
0,0,0,6.55428e+07,0,3.05455e+07,-897939,897939,1.31893e+07
0,0,0,6.55428e+07,0,3.05501e+07,-897939,897939,1.31893e+07
0,0,0,6.55428e+07,0,3.05547e+07,-897939,897939,1.31893e+07
0,0,0,6.55428e+07,0,3.12577e+07,-897939,897939,1.31893e+07
0,0,0,6.55428e+07,0,3.12623e+07,-897939,897939,1.31893e+07
0,0,0,6.55428e+07,0,3.1267e+07,-897939,897939,1.31893e+07
0,0,0,6.55428e+07,0,3.12717e+07,-897939,897939,1.31893e+07
0,0,0,6.55428e+07,0,3.35941e+07,-897939,897939,1.31893e+07
0,0,0,6.55428e+07,0,3.35991e+07,-897939,897939,1.31893e+07
0,0,0,6.55428e+07,0,3.36041e+07,-897939,897939,1.31893e+07
0,0,0,6.55428e+07,0,3.36092e+07,-897939,897939,1.31893e+07
0,0,0,6.55428e+07,0,3.36142e+07,-897939,897939,1.31893e+07
0,0,0,6.55428e+07,0,3.23169e+07,-897939,897939,1.31893e+07
0,0,0,6.55428e+07,0,3.23217e+07,-897939,897939,1.31893e+07
0,0,0,6.55428e+07,0,3.23265e+07,-897939,897939,1.31893e+07
0,0,0,6.55428e+07,0,3.23314e+07,-897939,897939,1.31893e+07
0,0,0,6.55428e+07,0,3.11884e+07,-897939,897939,1.31893e+07
0,0,0,6.55428e+07,0,3.11931e+07,-897939,897939,1.31893e+07
0,0,0,6.55428e+07,0,3.11977e+07,-897939,897939,1.31893e+07
0,0,0,6.55428e+07,0,3.12024e+07,-897939,897939,1.31893e+07
0,0,0,6.55428e+07,0,2.85475e+07,-897939,897939,1.31893e+07
0,0,0,6.55428e+07,0,2.85518e+07,-897939,897939,1.31893e+07
0,0,0,6.55428e+07,0,2.8556e+07,-897939,897939,1.31893e+07
0,0,0,6.55428e+07,0,2.85603e+07,-897939,897939,1.31893e+07
0,0,0,6.55428e+07,0,2.85645e+07,-897939,897939,1.31893e+07
0,0,0,6.55428e+07,7.72707e+06,2.94348e+07,-897939,897939,1.31893e+07
0,0,0,6.55428e+07,0,2.9439e+07,-897939,897939,1.31893e+07
0,0,0,6.55428e+07,0,2.94431e+07,-897939,897939,1.31893e+07
0,0,0,6.55428e+07,0,2.94473e+07,-897939,897939,1.31893e+07
0,0,0,6.55428e+07,0,3.24952e+07,-897939,897939,1.31893e+07
0,0,0,6.55428e+07,0,3.24998e+07,-897939,897939,1.31893e+07
0,0,0,6.55428e+07,0,3.25044e+07,-897939,897939,1.31893e+07
0,0,0,6.55428e+07,0,3.2509e+07,-897939,897939,1.31893e+07
0,0,0,6.55428e+07,0,2.83219e+07,-897939,897939,1.31893e+07
0,0,0,6.55428e+07,0,2.83259e+07,-897939,897939,1.31893e+07
0,0,0,6.55428e+07,0,2.83299e+07,-897939,897939,1.31893e+07
0,0,0,6.55428e+07,0,2.83339e+07,-897939,897939,1.31893e+07
0,0,0,6.55428e+07,0,2.83379e+07,-897939,897939,1.31893e+07
0,0,0,6.55428e+07,0,2.93806e+07,-897939,897939,1.31893e+07
0,0,0,6.55428e+07,0,2.93848e+07,-897939,897939,1.31893e+07
0,0,0,6.55428e+07,0,2.93889e+07,-897939,897939,1.31893e+07
0,0,0,6.55428e+07,0,2.93931e+07,-897939,897939,1.31893e+07
0,0,0,6.55428e+07,0,2.89924e+07,-897939,897939,1.31893e+07
0,0,0,6.55428e+07,0,2.89965e+07,-897939,897939,1.31893e+07
0,0,0,6.55428e+07,0,2.90006e+07,-897939,897939,1.31893e+07
0,0,0,6.55428e+07,0,2.90047e+07,-897939,897939,1.31893e+07
0,0,0,6.55428e+07,0,3.04188e+07,-897939,897939,1.31893e+07
0,0,0,6.55428e+07,0,3.04231e+07,-897939,897939,1.31893e+07
0,0,0,6.55428e+07,0,3.04274e+07,-897939,897939,1.31893e+07
0,0,0,6.55428e+07,0,3.04317e+07,-897939,897939,1.31893e+07
0,0,0,6.55428e+07,0,3.0436e+07,-897939,897939,1.31893e+07
0,0,0,6.55428e+07,0,3.07726e+07,-897939,897939,1.31893e+07
0,0,0,6.55428e+07,0,3.0777e+07,-897939,897939,1.31893e+07
0,0,0,6.55428e+07,0,3.07813e+07,-897939,897939,1.31893e+07
0,0,0,6.55428e+07,0,3.07857e+07,-897939,897939,1.31893e+07
0,0,0,6.55428e+07,0,3.1494e+07,-897939,897939,1.31893e+07
0,0,0,6.55428e+07,0,3.14985e+07,-897939,897939,1.31893e+07
0,0,0,6.55428e+07,0,3.1503e+07,-897939,897939,1.31893e+07
0,0,0,6.55428e+07,0,3.15074e+07,-897939,897939,1.31893e+07
0,0,0,6.55428e+07,0,3.38479e+07,-897939,897939,1.31893e+07
0,0,0,6.55428e+07,0,3.38527e+07,-897939,897939,1.31893e+07
0,0,0,6.55428e+07,0,3.38575e+07,-897939,897939,1.31893e+07
0,0,0,6.55428e+07,0,3.38623e+07,-897939,897939,1.31893e+07
0,0,0,6.55428e+07,0,3.38672e+07,-897939,897939,1.31893e+07
0,0,0,6.55428e+07,0,3.25594e+07,-897939,897939,1.31893e+07
0,0,0,6.55428e+07,0,3.2564e+07,-897939,897939,1.31893e+07
0,0,0,6.55428e+07,0,3.25686e+07,-897939,897939,1.31893e+07
0,0,0,6.55428e+07,0,3.25732e+07,-897939,897939,1.31893e+07
0,0,0,6.55428e+07,0,3.14211e+07,-897939,897939,1.31893e+07
0,0,0,6.55428e+07,0,3.14256e+07,-897939,897939,1.31893e+07
0,0,0,6.55428e+07,0,3.143e+07,-897939,897939,1.31893e+07
0,0,0,6.55428e+07,0,3.14345e+07,-897939,897939,1.31893e+07
0,0,0,6.55428e+07,0,2.87587e+07,-897939,897939,1.31893e+07
0,0,0,6.55428e+07,0,2.87628e+07,-897939,897939,1.31893e+07
0,0,0,6.55428e+07,0,2.87669e+07,-897939,897939,1.31893e+07
0,0,0,6.55428e+07,0,2.87709e+07,-897939,897939,1.31893e+07
0,0,0,6.55428e+07,0,2.8775e+07,-897939,897939,1.31893e+07
0,0,0,6.55428e+07,0,2.96518e+07,-897939,897939,1.31893e+07
0,0,0,6.55428e+07,7.72707e+06,2.96558e+07,-897939,897939,1.31893e+07
0,0,0,6.55428e+07,0,2.96597e+07,-897939,897939,1.31893e+07
0,0,0,6.55428e+07,0,2.96637e+07,-897939,897939,1.31893e+07
0,0,0,6.55428e+07,0,3.27348e+07,-897939,897939,1.31893e+07
0,0,0,6.55428e+07,0,3.27392e+07,-897939,897939,1.31893e+07
0,0,0,6.55428e+07,0,3.27436e+07,-897939,897939,1.31893e+07
0,0,0,6.55428e+07,0,3.2748e+07,-897939,897939,1.31893e+07
0,0,0,6.55428e+07,0,2.85285e+07,-897939,897939,1.31893e+07
0,0,0,6.55428e+07,0,2.85323e+07,-897939,897939,1.31893e+07
0,0,0,6.55428e+07,0,2.85362e+07,-897939,897939,1.31893e+07
0,0,0,6.55428e+07,0,2.854e+07,-897939,897939,1.31893e+07
0,0,0,6.55428e+07,0,2.85438e+07,-897939,897939,1.31893e+07
0,0,0,6.55428e+07,0,2.95943e+07,-897939,897939,1.31893e+07
0,0,0,6.55428e+07,0,2.95983e+07,-897939,897939,1.31893e+07
0,0,0,6.55428e+07,0,2.96022e+07,-897939,897939,1.31893e+07
0,0,0,6.55428e+07,0,2.96062e+07,-897939,897939,1.31893e+07
0,0,0,6.55428e+07,0,2.92022e+07,-897939,897939,1.31893e+07
0,0,0,6.55428e+07,0,2.92061e+07,-897939,897939,1.31893e+07
0,0,0,6.55428e+07,0,2.921e+07,-897939,897939,1.31893e+07
0,0,0,6.55428e+07,0,2.9214e+07,-897939,897939,1.31893e+07
0,0,0,6.55428e+07,0,3.06386e+07,-897939,897939,1.31893e+07
0,0,0,6.55428e+07,0,3.06427e+07,-897939,897939,1.31893e+07
0,0,0,6.55428e+07,0,3.06468e+07,-897939,897939,1.31893e+07
0,0,0,6.55428e+07,0,3.06509e+07,-897939,897939,1.31893e+07
0,0,0,6.55428e+07,0,3.0655e+07,-897939,897939,1.31893e+07
0,0,0,6.55428e+07,0,3.09939e+07,-897939,897939,1.31893e+07
0,0,0,6.55428e+07,0,3.0998e+07,-897939,897939,1.31893e+07
0,0,0,6.55428e+07,0,3.10022e+07,-897939,897939,1.31893e+07
0,0,0,6.55428e+07,0,3.10063e+07,-897939,897939,1.31893e+07
0,0,0,6.55428e+07,0,3.17198e+07,-897939,897939,1.31893e+07
0,0,0,6.55428e+07,0,3.1724e+07,-897939,897939,1.31893e+07
0,0,0,6.55428e+07,0,3.17283e+07,-897939,897939,1.31893e+07
0,0,0,6.55428e+07,0,3.17326e+07,-897939,897939,1.31893e+07
0,0,0,6.55428e+07,0,3.40902e+07,-897939,897939,1.31893e+07
0,0,0,6.55428e+07,0,3.40948e+07,-897939,897939,1.31893e+07
0,0,0,6.55428e+07,0,3.40994e+07,-897939,897939,1.31893e+07
0,0,0,6.55428e+07,0,3.4104e+07,-897939,897939,1.31893e+07
0,0,0,6.55428e+07,0,3.41086e+07,-897939,897939,1.31893e+07
0,0,0,6.55428e+07,0,3.27909e+07,-897939,897939,1.31893e+07
0,0,0,6.55428e+07,0,3.27953e+07,-897939,897939,1.31893e+07
0,0,0,6.55428e+07,0,3.27997e+07,-897939,897939,1.31893e+07
0,0,0,6.55428e+07,0,3.28041e+07,-897939,897939,1.31893e+07
0,0,0,6.55428e+07,0,3.16432e+07,-897939,897939,1.31893e+07
0,0,0,6.55428e+07,0,3.16474e+07,-897939,897939,1.31893e+07
0,0,0,6.55428e+07,0,3.16517e+07,-897939,897939,1.31893e+07
0,0,0,6.55428e+07,0,3.16559e+07,-897939,897939,1.31893e+07
0,0,0,6.55428e+07,0,2.89603e+07,-897939,897939,1.31893e+07
0,0,0,6.55428e+07,0,2.89641e+07,-897939,897939,1.31893e+07
0,0,0,6.55428e+07,0,2.8968e+07,-897939,897939,1.31893e+07
0,0,0,6.55428e+07,0,2.89719e+07,-897939,897939,1.31893e+07
0,0,0,6.55428e+07,0,2.89757e+07,-897939,897939,1.31893e+07
0,0,0,6.55428e+07,0,2.89757e+07,-897939,897939,1.31893e+07
0,0,0,6.55428e+07,7.72707e+06,2.98588e+07,-897939,897939,1.31893e+07
0,0,0,6.55428e+07,0,2.98626e+07,-897939,897939,1.31893e+07
0,0,0,6.55428e+07,0,2.98663e+07,-897939,897939,1.31893e+07
0,0,0,6.55428e+07,0,2.98701e+07,-897939,897939,1.31893e+07
0,0,0,6.55428e+07,0,3.29634e+07,-897939,897939,1.31893e+07
0,0,0,6.55428e+07,0,3.29676e+07,-897939,897939,1.31893e+07
0,0,0,6.55428e+07,0,3.29718e+07,-897939,897939,1.31893e+07
0,0,0,6.55428e+07,0,3.2976e+07,-897939,897939,1.31893e+07
0,0,0,6.55428e+07,0,2.87256e+07,-897939,897939,1.31893e+07
0,0,0,6.55428e+07,0,2.87292e+07,-897939,897939,1.31893e+07
0,0,0,6.55428e+07,0,2.87328e+07,-897939,897939,1.31893e+07
0,0,0,6.55428e+07,0,2.87365e+07,-897939,897939,1.31893e+07
0,0,0,6.55428e+07,0,2.87401e+07,-897939,897939,1.31893e+07
0,0,0,6.55428e+07,0,2.9798e+07,-897939,897939,1.31893e+07
0,0,0,6.55428e+07,0,2.98017e+07,-897939,897939,1.31893e+07
0,0,0,6.55428e+07,0,2.98055e+07,-897939,897939,1.31893e+07
0,0,0,6.55428e+07,0,2.98093e+07,-897939,897939,1.31893e+07
0,0,0,6.55428e+07,0,2.94022e+07,-897939,897939,1.31893e+07
0,0,0,6.55428e+07,0,2.94059e+07,-897939,897939,1.31893e+07
0,0,0,6.55428e+07,0,2.94096e+07,-897939,897939,1.31893e+07
0,0,0,6.55428e+07,0,2.94134e+07,-897939,897939,1.31893e+07
0,0,0,6.55428e+07,0,3.08479e+07,-897939,897939,1.31893e+07
0,0,0,6.55428e+07,0,3.08519e+07,-897939,897939,1.31893e+07
0,0,0,6.55428e+07,0,3.08558e+07,-897939,897939,1.31893e+07
0,0,0,6.55428e+07,0,3.08597e+07,-897939,897939,1.31893e+07
0,0,0,6.55428e+07,0,3.08636e+07,-897939,897939,1.31893e+07
0,0,0,6.55428e+07,0,3.12046e+07,-897939,897939,1.31893e+07
0,0,0,6.55428e+07,0,3.12086e+07,-897939,897939,1.31893e+07
0,0,0,6.55428e+07,0,3.12126e+07,-897939,897939,1.31893e+07
0,0,0,6.55428e+07,0,3.12165e+07,-897939,897939,1.31893e+07
0,0,0,6.55428e+07,0,3.19348e+07,-897939,897939,1.31893e+07
0,0,0,6.55428e+07,0,3.19388e+07,-897939,897939,1.31893e+07
0,0,0,6.55428e+07,0,3.19429e+07,-897939,897939,1.31893e+07
0,0,0,6.55428e+07,0,3.19469e+07,-897939,897939,1.31893e+07
0,0,0,6.55428e+07,0,3.4321e+07,-897939,897939,1.31893e+07
0,0,0,6.55428e+07,0,3.43254e+07,-897939,897939,1.31893e+07
0,0,0,6.55428e+07,0,3.43298e+07,-897939,897939,1.31893e+07
0,0,0,6.55428e+07,0,3.43341e+07,-897939,897939,1.31893e+07
0,0,0,6.55428e+07,0,3.43385e+07,-897939,897939,1.31893e+07
0,0,0,6.55428e+07,0,3.30112e+07,-897939,897939,1.31893e+07
0,0,0,6.55428e+07,0,3.30154e+07,-897939,897939,1.31893e+07
0,0,0,6.55428e+07,0,3.30196e+07,-897939,897939,1.31893e+07
0,0,0,6.55428e+07,0,3.30238e+07,-897939,897939,1.31893e+07
0,0,0,6.55428e+07,0,3.18546e+07,-897939,897939,1.31893e+07
0,0,0,6.55428e+07,0,3.18586e+07,-897939,897939,1.31893e+07
0,0,0,6.55428e+07,0,3.18626e+07,-897939,897939,1.31893e+07
0,0,0,6.55428e+07,0,3.18667e+07,-897939,897939,1.31893e+07
0,0,0,6.55428e+07,0,2.9152e+07,-897939,897939,1.31893e+07
0,0,0,6.55428e+07,0,2.91557e+07,-897939,897939,1.31893e+07
0,0,0,6.55428e+07,0,2.91594e+07,-897939,897939,1.31893e+07
0,0,0,6.55428e+07,0,2.91631e+07,-897939,897939,1.31893e+07
0,0,0,6.55428e+07,0,2.91667e+07,-897939,897939,1.31893e+07
0,0,0,6.55428e+07,7.72707e+06,2.71711e+07,-3.78246e+06,3.78246e+06,1.49157e+07
0,0,0,6.55428e+07,0,3.00593e+07,-897939,897939,1.31893e+07
0,0,0,6.55428e+07,0,3.00628e+07,-897939,897939,1.31893e+07
0,0,0,6.55428e+07,0,2.71808e+07,-3.78354e+06,3.78354e+06,1.49157e+07
0,0,0,6.55428e+07,0,2.99817e+07,-4.09701e+06,4.09701e+06,1.49157e+07
0,0,0,6.55428e+07,0,3.31848e+07,-897939,897939,1.31893e+07
0,0,0,6.55428e+07,0,3.31887e+07,-897939,897939,1.31893e+07
0,0,0,6.55428e+07,0,3.31927e+07,-897939,897939,1.31893e+07
0,0,0,6.55428e+07,0,2.89129e+07,-897939,897939,1.31893e+07
0,0,0,6.55428e+07,0,2.89164e+07,-897939,897939,1.31893e+07
0,0,0,6.55428e+07,0,2.89198e+07,-897939,897939,1.31893e+07
0,0,0,6.55428e+07,0,2.89233e+07,-897939,897939,1.31893e+07
0,0,0,6.55428e+07,0,2.89267e+07,-897939,897939,1.31893e+07
0,0,0,6.55428e+07,0,2.99916e+07,-897939,897939,1.31893e+07
0,0,0,6.55428e+07,0,2.99952e+07,-897939,897939,1.31893e+07
0,0,0,6.55428e+07,0,2.99987e+07,-897939,897939,1.31893e+07
0,0,0,6.55428e+07,0,3.00023e+07,-897939,897939,1.31893e+07
0,0,0,6.55428e+07,0,2.95922e+07,-897939,897939,1.31893e+07
0,0,0,6.55428e+07,0,2.95958e+07,-897939,897939,1.31893e+07
0,0,0,6.55428e+07,0,2.95993e+07,-897939,897939,1.31893e+07
0,0,0,6.55428e+07,0,2.96028e+07,-897939,897939,1.31893e+07
0,0,0,6.55428e+07,0,3.10469e+07,-897939,897939,1.31893e+07
0,0,0,6.55428e+07,0,3.10506e+07,-897939,897939,1.31893e+07
0,0,0,6.55428e+07,0,3.10543e+07,-897939,897939,1.31893e+07
0,0,0,6.55428e+07,0,3.1058e+07,-897939,897939,1.31893e+07
0,0,0,6.55428e+07,0,3.10617e+07,-897939,897939,1.31893e+07
0,0,0,6.55428e+07,0,3.14048e+07,-897939,897939,1.31893e+07
0,0,0,6.55428e+07,0,3.14086e+07,-897939,897939,1.31893e+07
0,0,0,6.55428e+07,0,3.14123e+07,-897939,897939,1.31893e+07
0,0,0,6.55428e+07,0,3.14161e+07,-897939,897939,1.31893e+07
0,0,0,6.55428e+07,0,3.21389e+07,-897939,897939,1.31893e+07
0,0,0,6.55428e+07,0,3.21427e+07,-897939,897939,1.31893e+07
0,0,0,6.55428e+07,0,3.21466e+07,-897939,897939,1.31893e+07
0,0,0,6.55428e+07,0,3.21504e+07,-897939,897939,1.31893e+07
0,0,0,6.55428e+07,0,3.45401e+07,-897939,897939,1.31893e+07
0,0,0,6.55428e+07,0,3.45442e+07,-897939,897939,1.31893e+07
0,0,0,6.55428e+07,0,3.45484e+07,-897939,897939,1.31893e+07
0,0,0,6.55428e+07,0,3.45525e+07,-897939,897939,1.31893e+07
0,0,0,6.55428e+07,0,3.45566e+07,-897939,897939,1.31893e+07
0,0,0,6.55428e+07,0,3.32203e+07,-897939,897939,1.31893e+07
0,0,0,6.55428e+07,0,3.32243e+07,-897939,897939,1.31893e+07
0,0,0,6.55428e+07,0,3.32283e+07,-897939,897939,1.31893e+07
0,0,0,6.55428e+07,0,3.32323e+07,-897939,897939,1.31893e+07
0,0,0,6.55428e+07,0,3.20551e+07,-897939,897939,1.31893e+07
0,0,0,6.55428e+07,0,3.20589e+07,-897939,897939,1.31893e+07
0,0,0,6.55428e+07,0,3.20627e+07,-897939,897939,1.31893e+07
0,0,0,6.55428e+07,0,3.20666e+07,-897939,897939,1.31893e+07
0,0,0,6.55428e+07,0,2.93339e+07,-897939,897939,1.31893e+07
0,0,0,6.55428e+07,0,2.93374e+07,-897939,897939,1.31893e+07
0,0,0,6.55428e+07,0,2.93409e+07,-897939,897939,1.31893e+07
0,0,0,6.55428e+07,0,2.93443e+07,-897939,897939,1.31893e+07
0,0,0,6.55428e+07,0,2.87852e+07,-1.46059e+06,1.46059e+06,1.31893e+07
0,0,0,6.55428e+07,7.72707e+06,2.7339e+07,-3.80125e+06,3.80125e+06,1.49157e+07
0,0,0,6.55428e+07,0,2.73421e+07,-3.80159e+06,3.80159e+06,1.49157e+07
0,0,0,6.55428e+07,0,2.73451e+07,-3.80193e+06,3.80193e+06,1.49157e+07
0,0,0,6.55428e+07,0,2.73482e+07,-3.80227e+06,3.80227e+06,1.49157e+07
0,0,0,6.55428e+07,0,3.0167e+07,-4.11775e+06,4.11775e+06,1.49157e+07
0,0,0,6.55428e+07,0,3.01704e+07,-4.11812e+06,4.11812e+06,1.49157e+07
0,0,0,6.55428e+07,0,3.01738e+07,-4.1185e+06,4.1185e+06,1.49157e+07
0,0,0,6.55428e+07,0,3.01771e+07,-4.11888e+06,4.11888e+06,1.49157e+07
0,0,0,6.55428e+07,0,2.63031e+07,-3.68531e+06,3.68531e+06,1.49157e+07
0,0,0,6.55428e+07,0,2.6306e+07,-3.68564e+06,3.68564e+06,1.49157e+07
0,0,0,6.55428e+07,0,2.63089e+07,-3.68596e+06,3.68596e+06,1.49157e+07
0,0,0,6.55428e+07,0,2.63118e+07,-3.68629e+06,3.68629e+06,1.49157e+07
0,0,0,6.55428e+07,0,2.63147e+07,-3.68662e+06,3.68662e+06,1.49157e+07
0,0,0,6.55428e+07,0,2.72784e+07,-3.79446e+06,3.79446e+06,1.49157e+07
0,0,0,6.55428e+07,0,2.72814e+07,-3.7948e+06,3.7948e+06,1.49157e+07
0,0,0,6.55428e+07,0,3.01817e+07,-897939,897939,1.31893e+07
0,0,0,6.55428e+07,0,3.0185e+07,-897939,897939,1.31893e+07
0,0,0,6.55428e+07,0,2.97721e+07,-897939,897939,1.31893e+07
0,0,0,6.55428e+07,0,2.97755e+07,-897939,897939,1.31893e+07
0,0,0,6.55428e+07,0,2.97788e+07,-897939,897939,1.31893e+07
0,0,0,6.55428e+07,0,2.97821e+07,-897939,897939,1.31893e+07
0,0,0,6.55428e+07,0,3.12351e+07,-897939,897939,1.31893e+07
0,0,0,6.55428e+07,0,3.12386e+07,-897939,897939,1.31893e+07
0,0,0,6.55428e+07,0,3.12421e+07,-897939,897939,1.31893e+07
0,0,0,6.55428e+07,0,3.12456e+07,-897939,897939,1.31893e+07
0,0,0,6.55428e+07,0,3.12491e+07,-897939,897939,1.31893e+07
0,0,0,6.55428e+07,0,3.15942e+07,-897939,897939,1.31893e+07
0,0,0,6.55428e+07,0,3.15977e+07,-897939,897939,1.31893e+07
0,0,0,6.55428e+07,0,3.16012e+07,-897939,897939,1.31893e+07
0,0,0,6.55428e+07,0,3.16048e+07,-897939,897939,1.31893e+07
0,0,0,6.55428e+07,0,3.23319e+07,-897939,897939,1.31893e+07
0,0,0,6.55428e+07,0,3.23355e+07,-897939,897939,1.31893e+07
0,0,0,6.55428e+07,0,3.23392e+07,-897939,897939,1.31893e+07
0,0,0,6.55428e+07,0,3.23428e+07,-897939,897939,1.31893e+07
0,0,0,6.55428e+07,0,3.47471e+07,-897939,897939,1.31893e+07
0,0,0,6.55428e+07,0,3.4751e+07,-897939,897939,1.31893e+07
0,0,0,6.55428e+07,0,3.47549e+07,-897939,897939,1.31893e+07
0,0,0,6.55428e+07,0,3.47588e+07,-897939,897939,1.31893e+07
0,0,0,6.55428e+07,0,3.47628e+07,-897939,897939,1.31893e+07
0,0,0,6.55428e+07,0,3.34179e+07,-897939,897939,1.31893e+07
0,0,0,6.55428e+07,0,3.34217e+07,-897939,897939,1.31893e+07
0,0,0,6.55428e+07,0,3.34254e+07,-897939,897939,1.31893e+07
0,0,0,6.55428e+07,0,3.34292e+07,-897939,897939,1.31893e+07
0,0,0,6.55428e+07,0,3.22444e+07,-897939,897939,1.31893e+07
0,0,0,6.55428e+07,0,2.91429e+07,-4.00313e+06,4.00313e+06,1.49157e+07
0,0,0,6.55428e+07,0,2.91461e+07,-4.00349e+06,4.00349e+06,1.49157e+07
0,0,0,6.55428e+07,0,2.91494e+07,-4.00386e+06,4.00386e+06,1.49157e+07
0,0,0,6.55428e+07,0,2.66764e+07,-3.72709e+06,3.72709e+06,1.49157e+07
0,0,0,6.55428e+07,0,2.66794e+07,-3.72742e+06,3.72742e+06,1.49157e+07
0,0,0,6.55428e+07,0,2.66823e+07,-3.72775e+06,3.72775e+06,1.49157e+07
0,0,0,6.55428e+07,0,2.66853e+07,-3.72809e+06,3.72809e+06,1.49157e+07
0,0,0,6.55428e+07,0,2.66883e+07,-3.72842e+06,3.72842e+06,1.49157e+07
0,0,0,6.55428e+07,0,2.74974e+07,-3.81898e+06,3.81898e+06,1.49157e+07
0,0,0,6.55428e+07,0,2.75003e+07,-3.8193e+06,3.8193e+06,1.49157e+07
0,0,0,6.55428e+07,0,2.75032e+07,-3.81962e+06,3.81962e+06,1.49157e+07
0,0,0,6.55428e+07,0,2.7506e+07,-3.81994e+06,3.81994e+06,1.49157e+07
0,0,0,6.55428e+07,0,3.03418e+07,-4.13731e+06,4.13731e+06,1.49157e+07
0,0,0,6.55428e+07,0,3.0345e+07,-4.13766e+06,4.13766e+06,1.49157e+07
0,0,0,6.55428e+07,0,3.03481e+07,-4.13802e+06,4.13802e+06,1.49157e+07
0,0,0,6.55428e+07,0,3.03513e+07,-4.13837e+06,4.13837e+06,1.49157e+07
0,0,0,6.55428e+07,0,2.64536e+07,-3.70216e+06,3.70216e+06,1.49157e+07
0,0,0,6.55428e+07,0,2.64563e+07,-3.70246e+06,3.70246e+06,1.49157e+07
0,0,0,6.55428e+07,0,2.64591e+07,-3.70277e+06,3.70277e+06,1.49157e+07
0,0,0,6.55428e+07,0,2.64618e+07,-3.70308e+06,3.70308e+06,1.49157e+07
0,0,0,6.55428e+07,0,2.64646e+07,-3.70338e+06,3.70338e+06,1.49157e+07
0,0,0,6.55428e+07,0,2.74338e+07,-3.81186e+06,3.81186e+06,1.49157e+07
0,0,0,6.55428e+07,0,2.74367e+07,-3.81218e+06,3.81218e+06,1.49157e+07
0,0,0,6.55428e+07,0,2.74395e+07,-3.8125e+06,3.8125e+06,1.49157e+07
0,0,0,6.55428e+07,0,2.74424e+07,-3.81281e+06,3.81281e+06,1.49157e+07
0,0,0,6.55428e+07,0,2.9367e+07,-1.47255e+06,1.47255e+06,1.31893e+07
0,0,0,6.55428e+07,0,2.93701e+07,-1.47261e+06,1.47261e+06,1.31893e+07
0,0,0,6.55428e+07,0,2.99479e+07,-897939,897939,1.31893e+07
0,0,0,6.55428e+07,0,2.9951e+07,-897939,897939,1.31893e+07
0,0,0,6.55428e+07,0,3.14124e+07,-897939,897939,1.31893e+07
0,0,0,6.55428e+07,0,2.83943e+07,-3.91935e+06,3.91935e+06,1.49157e+07
0,0,0,6.55428e+07,0,3.1419e+07,-897939,897939,1.31893e+07
0,0,0,6.55428e+07,0,3.14223e+07,-897939,897939,1.31893e+07
0,0,0,6.55428e+07,0,3.14256e+07,-897939,897939,1.31893e+07
0,0,0,6.55428e+07,0,3.17724e+07,-897939,897939,1.31893e+07
0,0,0,6.55428e+07,0,3.17758e+07,-897939,897939,1.31893e+07
0,0,0,6.55428e+07,0,3.17791e+07,-897939,897939,1.31893e+07
0,0,0,6.55428e+07,0,3.17824e+07,-897939,897939,1.31893e+07
0,0,0,6.55428e+07,0,3.25136e+07,-897939,897939,1.31893e+07
0,0,0,6.55428e+07,0,3.2517e+07,-897939,897939,1.31893e+07
0,0,0,6.55428e+07,0,3.25204e+07,-897939,897939,1.31893e+07
0,0,0,6.55428e+07,0,3.25238e+07,-897939,897939,1.31893e+07
0,0,0,6.55428e+07,0,3.49419e+07,-897939,897939,1.31893e+07
0,0,0,6.55428e+07,0,3.49456e+07,-897939,897939,1.31893e+07
0,0,0,6.55428e+07,0,3.49493e+07,-897939,897939,1.31893e+07
0,0,0,6.55428e+07,0,3.4953e+07,-897939,897939,1.31893e+07
0,0,0,6.55428e+07,0,3.49566e+07,-897939,897939,1.31893e+07
0,0,0,6.55428e+07,0,3.36037e+07,-897939,897939,1.31893e+07
0,0,0,6.55428e+07,0,3.36072e+07,-897939,897939,1.31893e+07
0,0,0,6.55428e+07,0,3.36108e+07,-897939,897939,1.31893e+07
0,0,0,6.55428e+07,0,3.36143e+07,-897939,897939,1.31893e+07
0,0,0,6.55428e+07,0,3.24225e+07,-897939,897939,1.31893e+07
0,0,0,6.55428e+07,0,3.24259e+07,-897939,897939,1.31893e+07
0,0,0,6.55428e+07,0,3.24293e+07,-897939,897939,1.31893e+07
0,0,0,6.55428e+07,0,3.24327e+07,-897939,897939,1.31893e+07
0,0,0,6.55428e+07,0,2.96669e+07,-897939,897939,1.31893e+07
0,0,0,6.55428e+07,0,2.967e+07,-897939,897939,1.31893e+07
0,0,0,6.55428e+07,0,2.96731e+07,-897939,897939,1.31893e+07
0,0,0,6.55428e+07,0,2.96762e+07,-897939,897939,1.31893e+07
0,0,0,6.55428e+07,0,2.96793e+07,-897939,897939,1.31893e+07
0,0,0,6.55428e+07,0,3.0584e+07,-897939,897939,1.31893e+07
0,0,0,1.27492e+08,0,3.05869e+07,-897939,897939,1.31893e+07
0,0,0,1.27492e+08,0,3.05899e+07,-897939,897939,1.31893e+07
0,0,0,1.27492e+08,0,3.05929e+07,-897939,897939,1.31893e+07
0,0,0,1.27492e+08,0,3.37637e+07,-897939,897939,1.31893e+07
0,0,0,1.27492e+08,0,3.3767e+07,-897939,897939,1.31893e+07
0,0,0,1.27492e+08,0,3.37703e+07,-897939,897939,1.31893e+07
0,0,0,1.27492e+08,0,3.37736e+07,-897939,897939,1.31893e+07
0,0,0,1.27492e+08,0,2.9415e+07,-897939,897939,1.31893e+07
0,0,0,1.27492e+08,0,2.94179e+07,-897939,897939,1.31893e+07
0,0,0,1.27492e+08,0,2.94207e+07,-897939,897939,1.31893e+07
0,0,0,1.27492e+08,0,2.94236e+07,-897939,897939,1.31893e+07
0,0,0,1.27492e+08,0,2.94264e+07,-897939,897939,1.31893e+07
0,0,0,1.27492e+08,0,3.051e+07,-897939,897939,1.31893e+07
0,0,0,1.27492e+08,0,3.0513e+07,-897939,897939,1.31893e+07
0,0,0,1.27492e+08,0,3.05159e+07,-897939,897939,1.31893e+07
0,0,0,1.27492e+08,0,3.05189e+07,-897939,897939,1.31893e+07
0,0,0,1.27492e+08,0,3.01008e+07,-897939,897939,1.31893e+07
0,0,0,1.27492e+08,0,3.01037e+07,-897939,897939,1.31893e+07
0,0,0,1.27492e+08,0,3.01066e+07,-897939,897939,1.31893e+07
0,0,0,1.27492e+08,0,3.01095e+07,-897939,897939,1.31893e+07
0,0,0,1.27492e+08,0,3.15789e+07,-897939,897939,1.31893e+07
0,0,0,1.27492e+08,0,3.15819e+07,-897939,897939,1.31893e+07
0,0,0,1.27492e+08,0,3.1585e+07,-897939,897939,1.31893e+07
0,0,0,1.27492e+08,0,3.15881e+07,-897939,897939,1.31893e+07
0,0,0,1.27492e+08,0,3.15912e+07,-897939,897939,1.31893e+07
0,0,0,1.27492e+08,0,3.19397e+07,-897939,897939,1.31893e+07
0,0,0,1.27492e+08,0,3.19428e+07,-897939,897939,1.31893e+07
0,0,0,1.27492e+08,0,3.19459e+07,-897939,897939,1.31893e+07
0,0,0,1.27492e+08,0,3.19491e+07,-897939,897939,1.31893e+07
0,0,0,1.27492e+08,0,3.2684e+07,-897939,897939,1.31893e+07
0,0,0,1.27492e+08,0,3.26872e+07,-897939,897939,1.31893e+07
0,0,0,1.27492e+08,0,3.26904e+07,-897939,897939,1.31893e+07
0,0,0,1.27492e+08,0,3.26936e+07,-897939,897939,1.31893e+07
0,0,0,1.27492e+08,0,3.51247e+07,-897939,897939,1.31893e+07
0,0,0,1.27492e+08,0,3.51268e+07,-897092,897092,1.31893e+07
0,0,0,1.27492e+08,0,3.51292e+07,-896445,896445,1.31893e+07
0,0,0,1.27492e+08,0,3.51316e+07,-895800,895800,1.31893e+07
0,0,0,1.27492e+08,0,3.51341e+07,-895154,895154,1.31893e+07
0,0,0,1.27492e+08,0,3.37726e+07,-894508,894508,1.31893e+07
0,0,0,1.27492e+08,0,3.37812e+07,-897939,897939,1.31893e+07
0,0,0,1.27492e+08,0,3.37845e+07,-897939,897939,1.31893e+07
0,0,0,1.27492e+08,0,3.37878e+07,-897939,897939,1.31893e+07
0,0,0,1.27492e+08,0,3.25894e+07,-897939,897939,1.31893e+07
0,0,0,1.27492e+08,0,3.25926e+07,-897939,897939,1.31893e+07
0,0,0,1.27492e+08,0,3.25957e+07,-897939,897939,1.31893e+07
0,0,0,1.27492e+08,0,3.25989e+07,-897939,897939,1.31893e+07
0,0,0,1.27492e+08,0,2.98181e+07,-897939,897939,1.31893e+07
0,0,0,1.27492e+08,0,2.9821e+07,-897939,897939,1.31893e+07
0,0,0,1.27492e+08,0,2.98239e+07,-897939,897939,1.31893e+07
0,0,0,1.27492e+08,0,2.92545e+07,-1.47024e+06,1.47024e+06,1.31893e+07
0,0,0,1.27492e+08,0,2.6968e+07,-3.75972e+06,3.75972e+06,1.49157e+07
0,0,0,1.27492e+08,0,2.77857e+07,-3.85124e+06,3.85124e+06,1.49157e+07
0,0,0,3.85612e+08,0,2.77882e+07,-3.85152e+06,3.85152e+06,1.49157e+07
0,0,0,3.85612e+08,0,2.77907e+07,-3.8518e+06,3.8518e+06,1.49157e+07
0,0,0,3.85612e+08,0,2.77932e+07,-3.85208e+06,3.85208e+06,1.49157e+07
0,0,0,3.85612e+08,0,3.06597e+07,-4.17289e+06,4.17289e+06,1.49157e+07
0,0,0,3.85612e+08,0,3.06625e+07,-4.1732e+06,4.1732e+06,1.49157e+07
0,0,0,3.85612e+08,0,3.06653e+07,-4.17351e+06,4.17351e+06,1.49157e+07
0,0,0,3.85612e+08,0,3.39439e+07,-897939,897939,1.31893e+07
0,0,0,3.85612e+08,0,2.95622e+07,-897939,897939,1.31893e+07
0,0,0,3.85612e+08,0,2.95649e+07,-897939,897939,1.31893e+07
0,0,0,3.85612e+08,0,2.95675e+07,-897939,897939,1.31893e+07
0,0,0,3.85612e+08,0,2.95702e+07,-897939,897939,1.31893e+07
0,0,0,3.85612e+08,0,2.95729e+07,-897939,897939,1.31893e+07
0,0,0,3.85612e+08,0,3.06618e+07,-897939,897939,1.31893e+07
0,0,0,3.85612e+08,0,3.06646e+07,-897939,897939,1.31893e+07
0,0,0,3.85612e+08,0,3.06674e+07,-897939,897939,1.31893e+07
0,0,0,3.85612e+08,0,3.06702e+07,-897939,897939,1.31893e+07
0,0,0,3.85612e+08,0,3.02497e+07,-897939,897939,1.31893e+07
0,0,0,3.85612e+08,0,3.02524e+07,-897939,897939,1.31893e+07
0,0,0,3.85612e+08,0,3.02551e+07,-897939,897939,1.31893e+07
0,0,0,3.85612e+08,0,3.02579e+07,-897939,897939,1.31893e+07
0,0,0,3.85612e+08,0,3.17345e+07,-897939,897939,1.31893e+07
0,0,0,3.85612e+08,0,3.17374e+07,-897939,897939,1.31893e+07
0,0,0,3.85612e+08,0,3.17403e+07,-897939,897939,1.31893e+07
0,0,0,3.85612e+08,0,3.17432e+07,-897939,897939,1.31893e+07
0,0,0,3.85612e+08,0,3.1746e+07,-897939,897939,1.31893e+07
0,0,0,3.85612e+08,0,3.20961e+07,-897939,897939,1.31893e+07
0,0,0,3.85612e+08,0,3.2099e+07,-897939,897939,1.31893e+07
0,0,0,3.85612e+08,0,3.2102e+07,-897939,897939,1.31893e+07
0,0,0,3.85612e+08,0,3.21049e+07,-897939,897939,1.31893e+07
0,0,0,3.85612e+08,0,3.28433e+07,-897939,897939,1.31893e+07
0,0,0,3.85612e+08,0,3.28463e+07,-897939,897939,1.31893e+07
0,0,0,3.85612e+08,0,3.28493e+07,-897939,897939,1.31893e+07
0,0,0,3.85612e+08,0,3.28523e+07,-897939,897939,1.31893e+07
0,0,0,3.85612e+08,0,3.52954e+07,-897939,897939,1.31893e+07
0,0,0,3.85612e+08,0,3.52474e+07,-865042,865042,1.31893e+07
0,0,0,3.85612e+08,0,3.52497e+07,-864439,864439,1.31893e+07
0,0,0,3.85612e+08,0,3.5252e+07,-863836,863836,1.31893e+07
0,0,0,3.85612e+08,0,3.52543e+07,-863233,863233,1.31893e+07
0,0,0,3.85612e+08,0,3.38857e+07,-862631,862631,1.31893e+07
0,0,0,3.85612e+08,0,3.06679e+07,-4.1738e+06,4.1738e+06,1.49157e+07
0,0,0,3.85612e+08,0,3.06707e+07,-4.17411e+06,4.17411e+06,1.49157e+07
0,0,0,3.85612e+08,0,3.06734e+07,-4.17442e+06,4.17442e+06,1.49157e+07
0,0,0,3.85612e+08,0,2.959e+07,-4.05317e+06,4.05317e+06,1.49157e+07
0,0,0,3.85612e+08,0,2.95927e+07,-4.05347e+06,4.05347e+06,1.49157e+07
0,0,0,3.85612e+08,0,2.95954e+07,-4.05377e+06,4.05377e+06,1.49157e+07
0,0,0,3.85612e+08,0,2.9598e+07,-4.05407e+06,4.05407e+06,1.49157e+07
0,0,0,3.85612e+08,0,2.70845e+07,-3.77276e+06,3.77276e+06,1.49157e+07
0,0,0,3.85612e+08,0,2.70869e+07,-3.77304e+06,3.77304e+06,1.49157e+07
0,0,0,3.85612e+08,0,2.70894e+07,-3.77331e+06,3.77331e+06,1.49157e+07
0,0,0,3.85612e+08,0,2.70918e+07,-3.77358e+06,3.77358e+06,1.49157e+07
0,0,0,3.85612e+08,0,2.70942e+07,-3.77385e+06,3.77385e+06,1.49157e+07
0,0,0,3.85612e+08,0,2.70942e+07,-3.77385e+06,3.77385e+06,1.49157e+07
0,0,0,3.85612e+08,0,2.79158e+07,-3.8658e+06,3.8658e+06,1.49157e+07
0,0,0,3.85612e+08,0,2.79181e+07,-3.86606e+06,3.86606e+06,1.49157e+07
0,0,0,3.85612e+08,0,2.79205e+07,-3.86632e+06,3.86632e+06,1.49157e+07
0,0,0,3.85612e+08,0,2.79228e+07,-3.86658e+06,3.86658e+06,1.49157e+07
0,0,0,3.85612e+08,0,3.08032e+07,-4.18894e+06,4.18894e+06,1.49157e+07
0,0,0,3.85612e+08,0,3.08058e+07,-4.18923e+06,4.18923e+06,1.49157e+07
0,0,0,3.85612e+08,0,3.08083e+07,-4.18952e+06,4.18952e+06,1.49157e+07
0,0,0,3.85612e+08,0,3.08109e+07,-4.18981e+06,4.18981e+06,1.49157e+07
0,0,0,3.85612e+08,0,2.68508e+07,-3.74661e+06,3.74661e+06,1.49157e+07
0,0,0,3.85612e+08,0,2.6853e+07,-3.74686e+06,3.74686e+06,1.49157e+07
0,0,0,3.85612e+08,0,2.68552e+07,-3.74711e+06,3.74711e+06,1.49157e+07
0,0,0,3.85612e+08,0,2.68575e+07,-3.74736e+06,3.74736e+06,1.49157e+07
0,0,0,3.85612e+08,0,2.68597e+07,-3.74761e+06,3.74761e+06,1.49157e+07
0,0,0,3.85612e+08,0,2.78436e+07,-3.85772e+06,3.85772e+06,1.49157e+07
0,0,0,3.85612e+08,0,3.0806e+07,-897939,897939,1.31893e+07
0,0,0,3.85612e+08,0,3.08086e+07,-897939,897939,1.31893e+07
0,0,0,3.85612e+08,0,3.08112e+07,-897939,897939,1.31893e+07
0,0,0,3.85612e+08,0,3.03884e+07,-897939,897939,1.31893e+07
0,0,0,3.85612e+08,0,2.74727e+07,-3.81621e+06,3.81621e+06,1.49157e+07
0,0,0,3.85612e+08,0,3.03935e+07,-897939,897939,1.31893e+07
0,0,0,3.85612e+08,0,3.0396e+07,-897939,897939,1.31893e+07
0,0,0,3.85612e+08,0,3.18796e+07,-897939,897939,1.31893e+07
0,0,0,3.85612e+08,0,3.18822e+07,-897939,897939,1.31893e+07
0,0,0,3.85612e+08,0,3.18849e+07,-897939,897939,1.31893e+07
0,0,0,3.85612e+08,0,3.18876e+07,-897939,897939,1.31893e+07
0,0,0,3.85612e+08,0,3.18902e+07,-897939,897939,1.31893e+07
0,0,0,3.85612e+08,0,3.22418e+07,-897939,897939,1.31893e+07
0,0,0,3.85612e+08,0,3.22445e+07,-897939,897939,1.31893e+07
0,0,0,3.85612e+08,0,3.22472e+07,-897939,897939,1.31893e+07
0,0,0,3.85612e+08,0,3.22499e+07,-897939,897939,1.31893e+07
0,0,0,3.85612e+08,0,3.29916e+07,-897939,897939,1.31893e+07
0,0,0,3.85612e+08,0,3.29944e+07,-897939,897939,1.31893e+07
0,0,0,3.85612e+08,0,3.29971e+07,-897939,897939,1.31893e+07
0,0,0,3.85612e+08,0,3.29999e+07,-897939,897939,1.31893e+07
0,0,0,3.85612e+08,0,3.54543e+07,-897939,897939,1.31893e+07
0,0,0,3.85612e+08,0,3.53597e+07,-835224,835224,1.31893e+07
0,0,0,3.85612e+08,0,3.53618e+07,-834664,834664,1.31893e+07
0,0,0,3.85612e+08,0,3.53639e+07,-834104,834104,1.31893e+07
0,0,0,3.85612e+08,0,3.5366e+07,-833544,833544,1.31893e+07
0,0,0,3.85612e+08,0,3.3991e+07,-832984,832984,1.31893e+07
0,0,0,3.85612e+08,0,3.40949e+07,-897939,897939,1.31893e+07
0,0,0,3.85612e+08,0,3.40978e+07,-897939,897939,1.31893e+07
0,0,0,3.85612e+08,0,3.41006e+07,-897939,897939,1.31893e+07
0,0,0,3.85612e+08,0,3.28901e+07,-897939,897939,1.31893e+07
0,0,0,3.85612e+08,0,3.28929e+07,-897939,897939,1.31893e+07
0,0,0,3.85612e+08,0,3.28957e+07,-897939,897939,1.31893e+07
0,0,0,3.85612e+08,0,3.28984e+07,-897939,897939,1.31893e+07
0,0,0,3.85612e+08,0,3.00905e+07,-897939,897939,1.31893e+07
0,0,0,3.85612e+08,0,3.0093e+07,-897939,897939,1.31893e+07
0,0,0,3.85612e+08,0,3.00955e+07,-897939,897939,1.31893e+07
0,0,0,3.85612e+08,0,3.00981e+07,-897939,897939,1.31893e+07
0,0,0,3.85612e+08,0,3.01006e+07,-897939,897939,1.31893e+07
0,0,0,3.85612e+08,0,3.10181e+07,-897939,897939,1.31893e+07
0,0,0,3.85612e+08,0,3.10205e+07,-897939,897939,1.31893e+07
0,0,0,3.85612e+08,0,3.10228e+07,-897939,897939,1.31893e+07
0,0,0,3.85612e+08,0,3.10252e+07,-897939,897939,1.31893e+07
0,0,0,3.85612e+08,0,3.42423e+07,-897939,897939,1.31893e+07
0,0,0,3.85612e+08,0,3.42449e+07,-897939,897939,1.31893e+07
0,0,0,3.85612e+08,0,3.42476e+07,-897939,897939,1.31893e+07
0,0,0,3.85612e+08,0,3.42502e+07,-897939,897939,1.31893e+07
0,0,0,3.85612e+08,0,2.98268e+07,-897939,897939,1.31893e+07
0,0,0,3.85612e+08,0,2.98291e+07,-897939,897939,1.31893e+07
0,0,0,3.85612e+08,0,2.98314e+07,-897939,897939,1.31893e+07
0,0,0,3.85612e+08,0,2.98337e+07,-897939,897939,1.31893e+07
0,0,0,3.85612e+08,0,2.9836e+07,-897939,897939,1.31893e+07
0,0,0,3.85612e+08,0,3.09347e+07,-897939,897939,1.31893e+07
0,0,0,3.85612e+08,0,3.09371e+07,-897939,897939,1.31893e+07
0,0,0,3.85612e+08,0,3.09395e+07,-897939,897939,1.31893e+07
0,0,0,3.85612e+08,0,3.09419e+07,-897939,897939,1.31893e+07
0,0,0,3.85612e+08,0,3.0517e+07,-897939,897939,1.31893e+07
0,0,0,3.85612e+08,0,3.05194e+07,-897939,897939,1.31893e+07
0,0,0,3.85612e+08,0,3.05217e+07,-897939,897939,1.31893e+07
0,0,0,3.85612e+08,0,3.05241e+07,-897939,897939,1.31893e+07
0,0,0,3.85612e+08,0,3.20139e+07,-897939,897939,1.31893e+07
0,0,0,3.85612e+08,0,3.20164e+07,-897939,897939,1.31893e+07
0,0,0,3.85612e+08,0,3.20189e+07,-897939,897939,1.31893e+07
0,0,0,3.85612e+08,0,3.20213e+07,-897939,897939,1.31893e+07
0,0,0,3.85612e+08,0,3.20238e+07,-897939,897939,1.31893e+07
0,0,0,3.85612e+08,0,3.23766e+07,-897939,897939,1.31893e+07
0,0,0,3.85612e+08,0,3.23791e+07,-897939,897939,1.31893e+07
0,0,0,3.85612e+08,0,3.23816e+07,-897939,897939,1.31893e+07
0,0,0,3.85612e+08,0,3.23841e+07,-897939,897939,1.31893e+07
0,0,0,3.85612e+08,0,3.31288e+07,-897939,897939,1.31893e+07
0,0,0,3.85612e+08,0,3.31314e+07,-897939,897939,1.31893e+07
0,0,0,3.85612e+08,0,3.3134e+07,-897939,897939,1.31893e+07
0,0,0,3.85612e+08,0,3.31365e+07,-897939,897939,1.31893e+07
0,0,0,3.85612e+08,0,3.56013e+07,-897939,897939,1.31893e+07
0,0,0,3.85612e+08,0,3.54635e+07,-807637,807637,1.31893e+07
0,0,0,3.85612e+08,0,3.54655e+07,-807120,807120,1.31893e+07
0,0,0,3.85612e+08,0,3.54674e+07,-806603,806603,1.31893e+07
0,0,0,3.85612e+08,0,3.54694e+07,-806086,806086,1.31893e+07
0,0,0,3.85612e+08,0,3.40883e+07,-805569,805569,1.31893e+07
0,0,0,3.85612e+08,0,3.42346e+07,-897939,897939,1.31893e+07
0,0,0,3.85612e+08,0,3.42373e+07,-897939,897939,1.31893e+07
0,0,0,3.85612e+08,0,3.42399e+07,-897939,897939,1.31893e+07
0,0,0,3.85612e+08,0,3.3024e+07,-897939,897939,1.31893e+07
0,0,0,3.85612e+08,0,3.30266e+07,-897939,897939,1.31893e+07
0,0,0,3.85612e+08,0,3.30291e+07,-897939,897939,1.31893e+07
0,0,0,3.85612e+08,0,3.30317e+07,-897939,897939,1.31893e+07
0,0,0,3.85612e+08,0,3.02117e+07,-897939,897939,1.31893e+07
0,0,0,3.85612e+08,0,3.0214e+07,-897939,897939,1.31893e+07
0,0,0,3.85612e+08,0,3.02163e+07,-897939,897939,1.31893e+07
0,0,0,3.85612e+08,0,3.02187e+07,-897939,897939,1.31893e+07
0,0,0,3.85612e+08,0,3.0221e+07,-897939,897939,1.31893e+07
0,0,0,3.85612e+08,0,3.11421e+07,-897939,897939,1.31893e+07
0,0,0,3.85612e+08,0,3.11443e+07,-897939,897939,1.31893e+07
0,0,0,3.85612e+08,0,3.11465e+07,-897939,897939,1.31893e+07
0,0,0,3.85612e+08,0,3.11487e+07,-897939,897939,1.31893e+07
0,0,0,3.85612e+08,0,3.43789e+07,-897939,897939,1.31893e+07
0,0,0,3.85612e+08,0,3.43813e+07,-897939,897939,1.31893e+07
0,0,0,3.85612e+08,0,3.43838e+07,-897939,897939,1.31893e+07
0,0,0,3.85612e+08,0,3.43862e+07,-897939,897939,1.31893e+07
0,0,0,3.85612e+08,0,2.99443e+07,-897939,897939,1.31893e+07
0,0,0,3.85612e+08,0,2.99464e+07,-897939,897939,1.31893e+07
0,0,0,3.85612e+08,0,2.93738e+07,-1.47269e+06,1.47269e+06,1.31893e+07
0,0,0,3.85612e+08,0,2.70767e+07,-3.77189e+06,3.77189e+06,1.49157e+07
0,0,0,3.85612e+08,0,2.99527e+07,-897939,897939,1.31893e+07
0,0,0,3.85612e+08,0,3.10557e+07,-897939,897939,1.31893e+07
0,0,0,3.85612e+08,0,2.80725e+07,-3.88334e+06,3.88334e+06,1.49157e+07
0,0,0,3.85612e+08,0,2.80745e+07,-3.88356e+06,3.88356e+06,1.49157e+07
0,0,0,3.85612e+08,0,2.80764e+07,-3.88378e+06,3.88378e+06,1.49157e+07
0,0,0,3.85612e+08,0,2.76926e+07,-3.84082e+06,3.84082e+06,1.49157e+07
0,0,0,3.85612e+08,0,2.76946e+07,-3.84104e+06,3.84104e+06,1.49157e+07
0,0,0,3.85612e+08,0,2.76965e+07,-3.84126e+06,3.84126e+06,1.49157e+07
0,0,0,3.85612e+08,0,3.0642e+07,-897939,897939,1.31893e+07
0,0,0,3.85612e+08,0,2.90436e+07,-3.99202e+06,3.99202e+06,1.49157e+07
0,0,0,3.85612e+08,0,2.90456e+07,-3.99224e+06,3.99224e+06,1.49157e+07
0,0,0,3.85612e+08,0,2.90476e+07,-3.99247e+06,3.99247e+06,1.49157e+07
0,0,0,3.85612e+08,0,3.21444e+07,-897939,897939,1.31893e+07
0,0,0,3.85612e+08,0,2.90517e+07,-3.99293e+06,3.99293e+06,1.49157e+07
0,0,0,3.85612e+08,0,3.18746e+07,-1.52406e+06,1.52406e+06,1.31893e+07
0,0,0,3.85612e+08,0,3.2503e+07,-897939,897939,1.31893e+07
0,0,0,3.85612e+08,0,2.93743e+07,-4.02902e+06,4.02902e+06,1.49157e+07
0,0,0,3.85612e+08,0,2.93763e+07,-4.02925e+06,4.02925e+06,1.49157e+07
0,0,0,3.85612e+08,0,3.32551e+07,-897939,897939,1.31893e+07
0,0,0,3.85612e+08,0,3.32574e+07,-897939,897939,1.31893e+07
0,0,0,3.85612e+08,0,3.00528e+07,-4.10496e+06,4.10496e+06,1.49157e+07
0,0,0,3.85612e+08,0,3.00549e+07,-4.10519e+06,4.10519e+06,1.49157e+07
0,0,0,3.85612e+08,0,3.22801e+07,-4.35423e+06,4.35423e+06,1.49157e+07
0,0,0,3.85612e+08,0,3.21024e+07,-4.23882e+06,4.23882e+06,1.49157e+07
0,0,0,3.85612e+08,0,3.21039e+07,-4.2386e+06,4.2386e+06,1.49157e+07
0,0,0,3.85612e+08,0,3.21055e+07,-4.23838e+06,4.23838e+06,1.49157e+07
0,0,0,3.85612e+08,0,3.2107e+07,-4.23816e+06,4.23816e+06,1.49157e+07
0,0,0,3.85612e+08,0,3.08598e+07,-4.09819e+06,4.09819e+06,1.49157e+07
0,0,0,3.85612e+08,0,3.10449e+07,-4.21599e+06,4.21599e+06,1.49157e+07
0,0,0,3.85612e+08,0,3.10471e+07,-4.21624e+06,4.21624e+06,1.49157e+07
0,0,0,3.85612e+08,0,3.10493e+07,-4.21648e+06,4.21648e+06,1.49157e+07
0,0,0,3.85612e+08,0,2.99513e+07,-4.09361e+06,4.09361e+06,1.49157e+07
0,0,0,3.85612e+08,0,2.99534e+07,-4.09384e+06,4.09384e+06,1.49157e+07
0,0,0,3.85612e+08,0,2.99555e+07,-4.09408e+06,4.09408e+06,1.49157e+07
0,0,0,3.85612e+08,0,2.99576e+07,-4.09431e+06,4.09431e+06,1.49157e+07
0,0,0,3.85612e+08,0,2.74115e+07,-3.80936e+06,3.80936e+06,1.49157e+07
0,0,0,3.85612e+08,0,2.74134e+07,-3.80957e+06,3.80957e+06,1.49157e+07
0,0,0,3.85612e+08,0,2.74153e+07,-3.80979e+06,3.80979e+06,1.49157e+07
0,0,0,3.85612e+08,0,2.74172e+07,-3.81e+06,3.81e+06,1.49157e+07
0,0,0,3.85612e+08,0,2.74191e+07,-3.81022e+06,3.81022e+06,1.49157e+07
0,0,0,3.85612e+08,7.72707e+06,2.82506e+07,-3.90326e+06,3.90326e+06,1.49157e+07
0,0,0,3.85612e+08,0,2.82524e+07,-3.90347e+06,3.90347e+06,1.49157e+07
0,0,0,3.85612e+08,0,2.82541e+07,-3.90367e+06,3.90367e+06,1.49157e+07
0,0,0,3.85612e+08,0,2.82559e+07,-3.90387e+06,3.90387e+06,1.49157e+07
0,0,0,3.85612e+08,0,3.11719e+07,-4.23021e+06,4.23021e+06,1.49157e+07
0,0,0,3.85612e+08,0,3.45064e+07,-897939,897939,1.31893e+07
0,0,0,3.85612e+08,0,3.45086e+07,-897939,897939,1.31893e+07
0,0,0,3.85612e+08,0,3.45108e+07,-897939,897939,1.31893e+07
0,0,0,3.85612e+08,0,3.00519e+07,-897939,897939,1.31893e+07
0,0,0,3.85612e+08,0,3.00538e+07,-897939,897939,1.31893e+07
0,0,0,3.85612e+08,0,3.00558e+07,-897939,897939,1.31893e+07
0,0,0,3.85612e+08,0,3.00577e+07,-897939,897939,1.31893e+07
0,0,0,3.85612e+08,0,3.00596e+07,-897939,897939,1.31893e+07
0,0,0,3.85612e+08,0,3.05673e+07,-1.49721e+06,1.49721e+06,1.31893e+07
0,0,0,3.85612e+08,0,2.8172e+07,-3.89447e+06,3.89447e+06,1.49157e+07
0,0,0,3.85612e+08,0,3.05712e+07,-1.49729e+06,1.49729e+06,1.31893e+07
0,0,0,3.85612e+08,0,3.11725e+07,-897939,897939,1.31893e+07
0,0,0,3.85612e+08,0,3.0744e+07,-897939,897939,1.31893e+07
0,0,0,3.85612e+08,0,3.07459e+07,-897939,897939,1.31893e+07
0,0,0,3.85612e+08,0,3.07479e+07,-897939,897939,1.31893e+07
0,0,0,3.85612e+08,0,3.07498e+07,-897939,897939,1.31893e+07
0,0,0,3.85612e+08,0,3.22508e+07,-897939,897939,1.31893e+07
0,0,0,3.85612e+08,0,3.22529e+07,-897939,897939,1.31893e+07
0,0,0,3.85612e+08,0,3.22549e+07,-897939,897939,1.31893e+07
0,0,0,3.85612e+08,0,3.2257e+07,-897939,897939,1.31893e+07
0,0,0,3.85612e+08,0,3.22591e+07,-897939,897939,1.31893e+07
0,0,0,3.85612e+08,0,3.26142e+07,-897939,897939,1.31893e+07
0,0,0,3.85612e+08,0,3.26163e+07,-897939,897939,1.31893e+07
0,0,0,3.85612e+08,0,3.26184e+07,-897939,897939,1.31893e+07
0,0,0,3.85612e+08,0,3.26205e+07,-897939,897939,1.31893e+07
0,0,0,3.85612e+08,0,3.33704e+07,-897939,897939,1.31893e+07
0,0,0,3.85612e+08,0,3.33726e+07,-897939,897939,1.31893e+07
0,0,0,3.85612e+08,0,3.33747e+07,-897939,897939,1.31893e+07
0,0,0,3.85612e+08,0,3.33768e+07,-897939,897939,1.31893e+07
0,0,0,3.85612e+08,0,3.58598e+07,-897939,897939,1.31893e+07
0,0,0,3.85612e+08,0,3.58621e+07,-897939,897939,1.31893e+07
0,0,0,3.85612e+08,0,3.58644e+07,-897939,897939,1.31893e+07
0,0,0,3.85612e+08,0,3.58667e+07,-897939,897939,1.31893e+07
0,0,0,3.85612e+08,0,3.5869e+07,-897939,897939,1.31893e+07
0,0,0,3.85612e+08,0,3.44778e+07,-897939,897939,1.31893e+07
0,0,0,3.85612e+08,0,3.44801e+07,-897939,897939,1.31893e+07
0,0,0,3.85612e+08,0,3.44823e+07,-897939,897939,1.31893e+07
0,0,0,3.85612e+08,0,3.44845e+07,-897939,897939,1.31893e+07
0,0,0,3.85612e+08,0,3.32591e+07,-897939,897939,1.31893e+07
0,0,0,3.85612e+08,0,3.32612e+07,-897939,897939,1.31893e+07
0,0,0,3.85612e+08,0,3.32634e+07,-897939,897939,1.31893e+07
0,0,0,3.85612e+08,0,3.32655e+07,-897939,897939,1.31893e+07
0,0,0,3.85612e+08,0,3.04243e+07,-897939,897939,1.31893e+07
0,0,0,3.85612e+08,0,3.04262e+07,-897939,897939,1.31893e+07
0,0,0,3.85612e+08,0,3.04282e+07,-897939,897939,1.31893e+07
0,0,0,3.85612e+08,0,3.04301e+07,-897939,897939,1.31893e+07
0,0,0,3.85612e+08,0,3.0432e+07,-897939,897939,1.31893e+07
0,0,0,3.85612e+08,0,3.13595e+07,-897939,897939,1.31893e+07
0,0,0,3.85612e+08,3.99232e+07,3.13613e+07,-897939,897939,1.31893e+07
0,0,0,3.85612e+08,0,3.13631e+07,-897939,897939,1.31893e+07
0,0,0,3.85612e+08,0,3.13649e+07,-897939,897939,1.31893e+07
0,0,0,3.85612e+08,0,3.46182e+07,-897939,897939,1.31893e+07
0,0,0,3.85612e+08,0,3.46202e+07,-897939,897939,1.31893e+07
0,0,0,3.85612e+08,0,3.46222e+07,-897939,897939,1.31893e+07
0,0,0,3.85612e+08,0,3.46241e+07,-897939,897939,1.31893e+07
0,0,0,3.85612e+08,0,3.01498e+07,-897939,897939,1.31893e+07
0,0,0,3.85612e+08,0,3.01515e+07,-897939,897939,1.31893e+07
0,0,0,3.85612e+08,0,3.01533e+07,-897939,897939,1.31893e+07
0,0,0,3.85612e+08,0,3.0155e+07,-897939,897939,1.31893e+07
0,0,0,3.85612e+08,0,3.01567e+07,-897939,897939,1.31893e+07
0,0,0,3.85612e+08,0,3.0666e+07,-1.49923e+06,1.49923e+06,1.31893e+07
0,0,0,3.85612e+08,0,3.06677e+07,-1.49927e+06,1.49927e+06,1.31893e+07
0,0,0,3.85612e+08,0,3.06695e+07,-1.49931e+06,1.49931e+06,1.31893e+07
0,0,0,3.85612e+08,0,3.12726e+07,-897939,897939,1.31893e+07
0,0,0,3.85612e+08,0,3.08424e+07,-897939,897939,1.31893e+07
0,0,0,3.85612e+08,0,3.08442e+07,-897939,897939,1.31893e+07
0,0,0,3.85612e+08,0,3.0846e+07,-897939,897939,1.31893e+07
0,0,0,3.85612e+08,0,3.08477e+07,-897939,897939,1.31893e+07
0,0,0,3.85612e+08,0,3.23535e+07,-897939,897939,1.31893e+07
0,0,0,3.85612e+08,0,3.23554e+07,-897939,897939,1.31893e+07
0,0,0,3.85612e+08,0,3.23572e+07,-897939,897939,1.31893e+07
0,0,0,3.85612e+08,0,3.23591e+07,-897939,897939,1.31893e+07
0,0,0,3.85612e+08,0,3.2361e+07,-897939,897939,1.31893e+07
0,0,0,3.85612e+08,0,3.27171e+07,-897939,897939,1.31893e+07
0,0,0,3.85612e+08,0,3.27189e+07,-897939,897939,1.31893e+07
0,0,0,3.85612e+08,0,3.27208e+07,-897939,897939,1.31893e+07
0,0,0,3.85612e+08,0,3.27227e+07,-897939,897939,1.31893e+07
0,0,0,3.85612e+08,0,3.34749e+07,-897939,897939,1.31893e+07
0,0,0,3.85612e+08,0,3.34768e+07,-897939,897939,1.31893e+07
0,0,0,3.85612e+08,0,3.34787e+07,-897939,897939,1.31893e+07
0,0,0,3.85612e+08,0,3.34807e+07,-897939,897939,1.31893e+07
0,0,0,3.85612e+08,0,3.59714e+07,-897939,897939,1.31893e+07
0,0,0,3.85612e+08,0,3.59735e+07,-897939,897939,1.31893e+07
0,0,0,3.85612e+08,0,3.59756e+07,-897939,897939,1.31893e+07
0,0,0,3.85612e+08,0,3.59777e+07,-897939,897939,1.31893e+07
0,0,0,3.85612e+08,0,3.59797e+07,-897939,897939,1.31893e+07
0,0,0,3.85612e+08,0,3.45839e+07,-897939,897939,1.31893e+07
0,0,0,3.85612e+08,0,3.45859e+07,-897939,897939,1.31893e+07
0,0,0,3.85612e+08,0,3.45879e+07,-897939,897939,1.31893e+07
0,0,0,3.85612e+08,0,3.45899e+07,-897939,897939,1.31893e+07
0,0,0,3.85612e+08,0,3.33604e+07,-897939,897939,1.31893e+07
0,0,0,3.85612e+08,0,3.33624e+07,-897939,897939,1.31893e+07
0,0,0,3.85612e+08,0,3.33643e+07,-897939,897939,1.31893e+07
0,0,0,3.85612e+08,0,3.33662e+07,-897939,897939,1.31893e+07
0,0,0,3.85612e+08,0,3.05158e+07,-897939,897939,1.31893e+07
0,0,0,3.85612e+08,0,3.05175e+07,-897939,897939,1.31893e+07
0,0,0,3.85612e+08,0,3.05193e+07,-897939,897939,1.31893e+07
0,0,0,3.85612e+08,0,3.0521e+07,-897939,897939,1.31893e+07
0,0,0,3.85612e+08,0,3.05228e+07,-897939,897939,1.31893e+07
0,0,0,3.85612e+08,0,3.1453e+07,-897939,897939,1.31893e+07
0,0,0,3.85612e+08,3.21961e+07,3.14546e+07,-897939,897939,1.31893e+07
0,0,0,3.85612e+08,0,3.14562e+07,-897939,897939,1.31893e+07
0,0,0,3.85612e+08,0,3.14578e+07,-897939,897939,1.31893e+07
0,0,0,3.85612e+08,0,3.47209e+07,-897939,897939,1.31893e+07
0,0,0,3.85612e+08,0,3.47227e+07,-897939,897939,1.31893e+07
0,0,0,3.85612e+08,0,3.47244e+07,-897939,897939,1.31893e+07
0,0,0,3.85612e+08,0,3.47262e+07,-897939,897939,1.31893e+07
0,0,0,3.85612e+08,0,3.0238e+07,-897939,897939,1.31893e+07
0,0,0,3.85612e+08,0,3.02395e+07,-897939,897939,1.31893e+07
0,0,0,3.85612e+08,0,3.0241e+07,-897939,897939,1.31893e+07
0,0,0,3.85612e+08,0,3.02426e+07,-897939,897939,1.31893e+07
0,0,0,3.85612e+08,0,3.02441e+07,-897939,897939,1.31893e+07
0,0,0,3.85612e+08,0,3.13578e+07,-897939,897939,1.31893e+07
0,0,0,3.85612e+08,0,3.13594e+07,-897939,897939,1.31893e+07
0,0,0,3.85612e+08,0,3.07578e+07,-1.50112e+06,1.50112e+06,1.31893e+07
0,0,0,3.85612e+08,0,3.13626e+07,-897939,897939,1.31893e+07
0,0,0,3.85612e+08,0,3.09309e+07,-897939,897939,1.31893e+07
0,0,0,3.85612e+08,0,3.09325e+07,-897939,897939,1.31893e+07
0,0,0,3.85612e+08,0,2.79611e+07,-3.87087e+06,3.87087e+06,1.49157e+07
0,0,0,3.85612e+08,0,3.09356e+07,-897939,897939,1.31893e+07
0,0,0,3.85612e+08,0,3.24457e+07,-897939,897939,1.31893e+07
0,0,0,3.85612e+08,0,3.24473e+07,-897939,897939,1.31893e+07
0,0,0,3.85612e+08,0,3.2449e+07,-897939,897939,1.31893e+07
0,0,0,3.85612e+08,0,3.24507e+07,-897939,897939,1.31893e+07
0,0,0,3.85612e+08,0,3.24523e+07,-897939,897939,1.31893e+07
0,0,0,3.85612e+08,0,3.28093e+07,-897939,897939,1.31893e+07
0,0,0,3.85612e+08,0,3.28109e+07,-897939,897939,1.31893e+07
0,0,0,3.85612e+08,0,3.28126e+07,-897939,897939,1.31893e+07
0,0,0,3.85612e+08,0,3.28143e+07,-897939,897939,1.31893e+07
0,0,0,3.85612e+08,0,3.35685e+07,-897939,897939,1.31893e+07
0,0,0,3.85612e+08,0,3.35702e+07,-897939,897939,1.31893e+07
0,0,0,3.85612e+08,0,3.35719e+07,-897939,897939,1.31893e+07
0,0,0,3.85612e+08,0,3.35736e+07,-897939,897939,1.31893e+07
0,0,0,3.85612e+08,0,3.60714e+07,-897939,897939,1.31893e+07
0,0,0,3.85612e+08,0,3.60732e+07,-897939,897939,1.31893e+07
0,0,0,3.85612e+08,0,3.60751e+07,-897939,897939,1.31893e+07
0,0,0,3.85612e+08,0,3.25863e+07,-4.38851e+06,4.38851e+06,1.49157e+07
0,0,0,3.85612e+08,0,3.2588e+07,-4.38869e+06,4.38869e+06,1.49157e+07
0,0,0,3.85612e+08,0,3.40088e+07,-1.56791e+06,1.56791e+06,1.31893e+07
0,0,0,3.85612e+08,0,3.13305e+07,-4.24796e+06,4.24796e+06,1.49157e+07
0,0,0,3.85612e+08,0,3.13321e+07,-4.24813e+06,4.24813e+06,1.49157e+07
0,0,0,3.85612e+08,0,3.13337e+07,-4.24831e+06,4.24831e+06,1.49157e+07
0,0,0,3.85612e+08,0,3.02246e+07,-4.12419e+06,4.12419e+06,1.49157e+07
0,0,0,3.85612e+08,0,3.02261e+07,-4.12436e+06,4.12436e+06,1.49157e+07
0,0,0,3.85612e+08,0,3.02277e+07,-4.12454e+06,4.12454e+06,1.49157e+07
0,0,0,3.85612e+08,0,3.02292e+07,-4.12471e+06,4.12471e+06,1.49157e+07
0,0,0,3.85612e+08,0,2.76583e+07,-3.83699e+06,3.83699e+06,1.49157e+07
0,0,0,3.85612e+08,0,2.76597e+07,-3.83714e+06,3.83714e+06,1.49157e+07
0,0,0,3.85612e+08,0,2.76611e+07,-3.8373e+06,3.8373e+06,1.49157e+07
0,0,0,3.85612e+08,0,2.76625e+07,-3.83746e+06,3.83746e+06,1.49157e+07
0,0,0,3.85612e+08,0,2.76639e+07,-3.83761e+06,3.83761e+06,1.49157e+07
0,0,0,3.85612e+08,0,2.76639e+07,-3.83761e+06,3.83761e+06,1.49157e+07
0,0,0,3.85612e+08,0,2.85026e+07,-3.93148e+06,3.93148e+06,1.49157e+07
0,0,0,3.85612e+08,0,2.85039e+07,-3.93162e+06,3.93162e+06,1.49157e+07
0,0,0,3.85612e+08,0,2.85052e+07,-3.93176e+06,3.93176e+06,1.49157e+07
0,0,0,3.85612e+08,0,2.85064e+07,-3.9319e+06,3.9319e+06,1.49157e+07
0,0,0,3.85612e+08,0,3.1449e+07,-4.26122e+06,4.26122e+06,1.49157e+07
0,0,0,3.85612e+08,0,3.14504e+07,-4.26137e+06,4.26137e+06,1.49157e+07
0,0,0,3.85612e+08,0,3.14518e+07,-4.26153e+06,4.26153e+06,1.49157e+07
0,0,0,3.85612e+08,0,3.14532e+07,-4.26169e+06,4.26169e+06,1.49157e+07
0,0,0,3.85612e+08,0,2.74055e+07,-3.80869e+06,3.80869e+06,1.49157e+07
0,0,0,3.85612e+08,0,2.74067e+07,-3.80883e+06,3.80883e+06,1.49157e+07
0,0,0,3.85612e+08,0,2.74079e+07,-3.80896e+06,3.80896e+06,1.49157e+07
0,0,0,3.85612e+08,0,2.74091e+07,-3.8091e+06,3.8091e+06,1.49157e+07
0,0,0,3.85612e+08,0,2.74104e+07,-3.80923e+06,3.80923e+06,1.49157e+07
0,0,0,3.85612e+08,0,2.84145e+07,-3.92161e+06,3.92161e+06,1.49157e+07
0,0,0,3.85612e+08,0,2.84157e+07,-3.92175e+06,3.92175e+06,1.49157e+07
0,0,0,3.85612e+08,0,2.8417e+07,-3.92189e+06,3.92189e+06,1.49157e+07
0,0,0,3.85612e+08,0,2.84182e+07,-3.92203e+06,3.92203e+06,1.49157e+07
0,0,0,3.85612e+08,0,2.80288e+07,-3.87845e+06,3.87845e+06,1.49157e+07
0,0,0,3.85612e+08,0,2.803e+07,-3.87858e+06,3.87858e+06,1.49157e+07
0,0,0,3.85612e+08,0,2.80313e+07,-3.87872e+06,3.87872e+06,1.49157e+07
0,0,0,3.85612e+08,0,2.80325e+07,-3.87886e+06,3.87886e+06,1.49157e+07
0,0,0,3.85612e+08,0,2.9394e+07,-4.03123e+06,4.03123e+06,1.49157e+07
0,0,0,3.85612e+08,0,2.93953e+07,-4.03138e+06,4.03138e+06,1.49157e+07
0,0,0,3.85612e+08,0,2.93966e+07,-4.03152e+06,4.03152e+06,1.49157e+07
0,0,0,3.85612e+08,0,2.93979e+07,-4.03167e+06,4.03167e+06,1.49157e+07
0,0,0,3.85612e+08,0,2.93992e+07,-4.03182e+06,4.03182e+06,1.49157e+07
0,0,0,3.85612e+08,0,2.97209e+07,-4.06782e+06,4.06782e+06,1.49157e+07
0,0,0,3.85612e+08,0,2.97222e+07,-4.06796e+06,4.06796e+06,1.49157e+07
0,0,0,3.85612e+08,0,2.97235e+07,-4.06811e+06,4.06811e+06,1.49157e+07
0,0,0,3.85612e+08,0,2.97248e+07,-4.06826e+06,4.06826e+06,1.49157e+07
0,0,0,3.85612e+08,0,3.04047e+07,-4.14434e+06,4.14434e+06,1.49157e+07
0,0,0,3.85612e+08,0,3.0406e+07,-4.14449e+06,4.14449e+06,1.49157e+07
0,0,0,3.85612e+08,0,3.04074e+07,-4.14464e+06,4.14464e+06,1.49157e+07
0,0,0,3.85612e+08,0,3.04087e+07,-4.1448e+06,4.1448e+06,1.49157e+07
0,0,0,3.85612e+08,0,3.26606e+07,-4.39681e+06,4.39681e+06,1.49157e+07
0,0,0,3.85612e+08,0,3.2662e+07,-4.39698e+06,4.39698e+06,1.49157e+07
0,0,0,3.85612e+08,0,3.26635e+07,-4.39714e+06,4.39714e+06,1.49157e+07
0,0,0,3.85612e+08,0,3.2665e+07,-4.3973e+06,4.3973e+06,1.49157e+07
0,0,0,3.85612e+08,0,3.26664e+07,-4.39747e+06,4.39747e+06,1.49157e+07
0,0,0,3.85612e+08,0,3.14039e+07,-4.25618e+06,4.25618e+06,1.49157e+07
0,0,0,3.85612e+08,0,3.14053e+07,-4.25633e+06,4.25633e+06,1.49157e+07
0,0,0,3.85612e+08,0,3.14067e+07,-4.25649e+06,4.25649e+06,1.49157e+07
0,0,0,3.85612e+08,0,3.14081e+07,-4.25665e+06,4.25665e+06,1.49157e+07
0,0,0,3.85612e+08,0,3.02961e+07,-4.13219e+06,4.13219e+06,1.49157e+07
0,0,0,3.85612e+08,0,3.02975e+07,-4.13235e+06,4.13235e+06,1.49157e+07
0,0,0,3.85612e+08,0,3.02988e+07,-4.1325e+06,4.1325e+06,1.49157e+07
0,0,0,3.85612e+08,0,3.03002e+07,-4.13265e+06,4.13265e+06,1.49157e+07
0,0,0,3.85612e+08,0,2.77228e+07,-3.8442e+06,3.8442e+06,1.49157e+07
0,0,0,3.85612e+08,0,2.7724e+07,-3.84434e+06,3.84434e+06,1.49157e+07
0,0,0,3.85612e+08,0,2.77252e+07,-3.84447e+06,3.84447e+06,1.49157e+07
0,0,0,3.85612e+08,0,2.77265e+07,-3.84461e+06,3.84461e+06,1.49157e+07
0,0,0,3.85612e+08,0,2.77277e+07,-3.84475e+06,3.84475e+06,1.49157e+07
0,0,0,3.85612e+08,0,2.85682e+07,-3.93882e+06,3.93882e+06,1.49157e+07
0,0,0,3.85612e+08,0,2.85693e+07,-3.93894e+06,3.93894e+06,1.49157e+07
0,0,0,3.85612e+08,0,2.85704e+07,-3.93906e+06,3.93906e+06,1.49157e+07
0,0,0,3.85612e+08,0,2.85715e+07,-3.93918e+06,3.93918e+06,1.49157e+07
0,0,0,3.85612e+08,0,3.15209e+07,-4.26927e+06,4.26927e+06,1.49157e+07
0,0,0,3.85612e+08,0,3.15221e+07,-4.2694e+06,4.2694e+06,1.49157e+07
0,0,0,3.85612e+08,0,3.15233e+07,-4.26954e+06,4.26954e+06,1.49157e+07
0,0,0,3.85612e+08,0,3.15245e+07,-4.26967e+06,4.26967e+06,1.49157e+07
0,0,0,3.85612e+08,0,2.74671e+07,-3.81558e+06,3.81558e+06,1.49157e+07
0,0,0,3.85612e+08,0,2.74681e+07,-3.8157e+06,3.8157e+06,1.49157e+07
0,0,0,3.85612e+08,0,2.74692e+07,-3.81582e+06,3.81582e+06,1.49157e+07
0,0,0,3.85612e+08,0,2.74702e+07,-3.81593e+06,3.81593e+06,1.49157e+07
0,0,0,3.85612e+08,0,2.74713e+07,-3.81605e+06,3.81605e+06,1.49157e+07
0,0,0,3.85612e+08,0,2.84775e+07,-3.92867e+06,3.92867e+06,1.49157e+07
0,0,0,3.85612e+08,0,2.84786e+07,-3.92879e+06,3.92879e+06,1.49157e+07
0,0,0,3.85612e+08,0,2.84797e+07,-3.92891e+06,3.92891e+06,1.49157e+07
0,0,0,3.85612e+08,0,2.84808e+07,-3.92903e+06,3.92903e+06,1.49157e+07
0,0,0,3.85612e+08,0,2.80903e+07,-3.88533e+06,3.88533e+06,1.49157e+07
0,0,0,3.85612e+08,0,2.80913e+07,-3.88545e+06,3.88545e+06,1.49157e+07
0,0,0,3.85612e+08,0,2.80924e+07,-3.88557e+06,3.88557e+06,1.49157e+07
0,0,0,3.85612e+08,0,2.80935e+07,-3.88569e+06,3.88569e+06,1.49157e+07
0,0,0,3.85612e+08,0,2.94579e+07,-4.03838e+06,4.03838e+06,1.49157e+07
0,0,0,3.85612e+08,0,2.9459e+07,-4.03851e+06,4.03851e+06,1.49157e+07
0,0,0,3.85612e+08,0,2.94601e+07,-4.03863e+06,4.03863e+06,1.49157e+07
0,0,0,3.85612e+08,0,2.94613e+07,-4.03876e+06,4.03876e+06,1.49157e+07
0,0,0,3.85612e+08,0,2.94624e+07,-4.03889e+06,4.03889e+06,1.49157e+07
0,0,0,3.85612e+08,0,2.97846e+07,-4.07495e+06,4.07495e+06,1.49157e+07
0,0,0,3.85612e+08,0,2.97857e+07,-4.07507e+06,4.07507e+06,1.49157e+07
0,0,0,3.85612e+08,0,2.97869e+07,-4.0752e+06,4.0752e+06,1.49157e+07
0,0,0,3.85612e+08,0,2.9788e+07,-4.07533e+06,4.07533e+06,1.49157e+07
0,0,0,3.85612e+08,0,3.37228e+07,-897939,897939,1.31893e+07
0,0,0,3.85612e+08,0,3.37241e+07,-897939,897939,1.31893e+07
0,0,0,3.85612e+08,0,3.04715e+07,-4.15182e+06,4.15182e+06,1.49157e+07
0,0,0,3.85612e+08,0,3.04726e+07,-4.15195e+06,4.15195e+06,1.49157e+07
0,0,0,3.85612e+08,0,3.27293e+07,-4.4045e+06,4.4045e+06,1.49157e+07
0,0,0,3.85612e+08,0,3.27305e+07,-4.40464e+06,4.40464e+06,1.49157e+07
0,0,0,3.85612e+08,0,3.27318e+07,-4.40478e+06,4.40478e+06,1.49157e+07
0,0,0,3.85612e+08,0,3.2733e+07,-4.40492e+06,4.40492e+06,1.49157e+07
0,0,0,3.85612e+08,0,3.27343e+07,-4.40506e+06,4.40506e+06,1.49157e+07
0,0,0,3.85612e+08,0,3.14689e+07,-4.26344e+06,4.26344e+06,1.49157e+07
0,0,0,3.85612e+08,0,3.14701e+07,-4.26358e+06,4.26358e+06,1.49157e+07
0,0,0,3.85612e+08,0,3.14713e+07,-4.26371e+06,4.26371e+06,1.49157e+07
0,0,0,3.85612e+08,0,3.14725e+07,-4.26385e+06,4.26385e+06,1.49157e+07
0,0,0,3.85612e+08,0,3.03579e+07,-4.13911e+06,4.13911e+06,1.49157e+07
0,0,0,3.85612e+08,0,3.03591e+07,-4.13924e+06,4.13924e+06,1.49157e+07
0,0,0,3.85612e+08,0,3.03602e+07,-4.13937e+06,4.13937e+06,1.49157e+07
0,0,0,3.85612e+08,0,3.03614e+07,-4.1395e+06,4.1395e+06,1.49157e+07
0,0,0,3.85612e+08,0,2.77784e+07,-3.85042e+06,3.85042e+06,1.49157e+07
0,0,0,3.85612e+08,0,2.77794e+07,-3.85054e+06,3.85054e+06,1.49157e+07
0,0,0,3.85612e+08,0,2.77805e+07,-3.85066e+06,3.85066e+06,1.49157e+07
0,0,0,3.85612e+08,0,2.77815e+07,-3.85077e+06,3.85077e+06,1.49157e+07
0,0,0,3.85612e+08,0,2.77826e+07,-3.85089e+06,3.85089e+06,1.49157e+07
0,0,0,3.85612e+08,0,2.86247e+07,-3.94514e+06,3.94514e+06,1.49157e+07
0,0,0,3.85612e+08,0,2.86256e+07,-3.94524e+06,3.94524e+06,1.49157e+07
0,0,0,3.85612e+08,0,2.86265e+07,-3.94534e+06,3.94534e+06,1.49157e+07
0,0,0,3.85612e+08,0,2.86275e+07,-3.94545e+06,3.94545e+06,1.49157e+07
0,0,0,3.85612e+08,0,3.15828e+07,-4.27619e+06,4.27619e+06,1.49157e+07
0,0,0,3.85612e+08,0,3.15838e+07,-4.2763e+06,4.2763e+06,1.49157e+07
0,0,0,3.85612e+08,0,3.15848e+07,-4.27641e+06,4.27641e+06,1.49157e+07
0,0,0,3.85612e+08,0,3.15858e+07,-4.27653e+06,4.27653e+06,1.49157e+07
0,0,0,3.85612e+08,0,2.75199e+07,-3.82149e+06,3.82149e+06,1.49157e+07
0,0,0,3.85612e+08,0,2.75208e+07,-3.82159e+06,3.82159e+06,1.49157e+07
0,0,0,3.85612e+08,0,2.75217e+07,-3.82169e+06,3.82169e+06,1.49157e+07
0,0,0,3.85612e+08,0,2.75225e+07,-3.82179e+06,3.82179e+06,1.49157e+07
0,0,0,3.85612e+08,0,2.75234e+07,-3.82189e+06,3.82189e+06,1.49157e+07
0,0,0,3.85612e+08,0,2.85315e+07,-3.93471e+06,3.93471e+06,1.49157e+07
0,0,0,3.85612e+08,0,2.85324e+07,-3.93481e+06,3.93481e+06,1.49157e+07
0,0,0,3.85612e+08,0,2.85334e+07,-3.93491e+06,3.93491e+06,1.49157e+07
0,0,0,3.85612e+08,0,2.85343e+07,-3.93502e+06,3.93502e+06,1.49157e+07
0,0,0,3.85612e+08,0,2.81428e+07,-3.8912e+06,3.8912e+06,1.49157e+07
0,0,0,3.85612e+08,0,2.81437e+07,-3.8913e+06,3.8913e+06,1.49157e+07
0,0,0,3.85612e+08,0,2.81446e+07,-3.8914e+06,3.8914e+06,1.49157e+07
0,0,0,3.85612e+08,0,2.81455e+07,-3.8915e+06,3.8915e+06,1.49157e+07
0,0,0,3.85612e+08,0,2.95124e+07,-4.04448e+06,4.04448e+06,1.49157e+07
0,0,0,3.85612e+08,0,2.95133e+07,-4.04459e+06,4.04459e+06,1.49157e+07
0,0,0,3.85612e+08,0,2.95142e+07,-4.04469e+06,4.04469e+06,1.49157e+07
0,0,0,3.85612e+08,0,2.95152e+07,-4.0448e+06,4.0448e+06,1.49157e+07
0,0,0,3.85612e+08,0,2.95161e+07,-4.0449e+06,4.0449e+06,1.49157e+07
0,0,0,3.85612e+08,0,3.30218e+07,-897939,897939,1.31893e+07
0,0,0,3.85612e+08,0,3.30229e+07,-897939,897939,1.31893e+07
0,0,0,3.85612e+08,0,3.3024e+07,-897939,897939,1.31893e+07
0,0,0,3.85612e+08,0,3.3025e+07,-897939,897939,1.31893e+07
0,0,0,3.85612e+08,0,3.23866e+07,0,0,1.31893e+07
0,0,0,3.85612e+08,0,3.37847e+07,-897939,897939,1.31893e+07
0,0,0,3.85612e+08,0,3.23888e+07,0,0,1.31893e+07
0,0,0,3.85612e+08,0,3.23898e+07,0,0,1.31893e+07
0,0,0,3.85612e+08,0,3.49035e+07,0,0,1.31893e+07
0,0,0,3.85612e+08,0,3.49046e+07,0,0,1.31893e+07
0,0,0,3.85612e+08,0,3.49058e+07,0,0,1.31893e+07
0,0,0,3.85612e+08,0,3.4907e+07,0,0,1.31893e+07
0,0,0,3.85612e+08,0,3.49081e+07,0,0,1.31893e+07
0,0,0,3.85612e+08,0,3.34983e+07,0,0,1.31893e+07
0,0,0,3.85612e+08,0,3.34994e+07,0,0,1.31893e+07
0,0,0,3.85612e+08,0,3.35006e+07,0,0,1.31893e+07
0,0,0,3.85612e+08,0,3.35017e+07,0,0,1.31893e+07
0,0,0,3.85612e+08,0,3.22599e+07,0,0,1.31893e+07
0,0,0,3.85612e+08,0,3.2261e+07,0,0,1.31893e+07
0,0,0,3.85612e+08,0,3.22621e+07,0,0,1.31893e+07
0,0,0,3.85612e+08,0,3.22632e+07,0,0,1.31893e+07
0,0,0,3.85612e+08,0,2.93858e+07,0,0,1.31893e+07
0,0,0,3.85612e+08,0,2.93868e+07,0,0,1.31893e+07
0,0,0,3.85612e+08,0,2.93877e+07,0,0,1.31893e+07
0,0,0,3.85612e+08,0,2.93887e+07,0,0,1.31893e+07
0,0,0,3.85612e+08,0,2.93897e+07,0,0,1.31893e+07
0,0,0,3.85612e+08,0,3.03275e+07,0,0,1.31893e+07
0,0,0,3.85612e+08,0,3.03283e+07,0,0,1.31893e+07
0,0,0,3.85612e+08,0,3.03292e+07,0,0,1.31893e+07
0,0,0,3.85612e+08,0,3.033e+07,0,0,1.31893e+07
0,0,0,3.85612e+08,0,3.36214e+07,0,0,1.31893e+07
0,0,0,3.85612e+08,0,3.36223e+07,0,0,1.31893e+07
0,0,0,3.85612e+08,0,3.36232e+07,0,0,1.31893e+07
0,0,0,3.85612e+08,0,3.36241e+07,0,0,1.31893e+07
0,0,0,3.85612e+08,0,2.90954e+07,0,0,1.31893e+07
0,0,0,3.85612e+08,0,2.90962e+07,0,0,1.31893e+07
0,0,0,3.85612e+08,0,2.9097e+07,0,0,1.31893e+07
0,0,0,3.85612e+08,0,2.90977e+07,0,0,1.31893e+07
0,0,0,3.85612e+08,0,2.90985e+07,0,0,1.31893e+07
0,0,0,3.85612e+08,0,3.02211e+07,0,0,1.31893e+07
0,0,0,3.85612e+08,0,3.02219e+07,0,0,1.31893e+07
0,0,0,3.85612e+08,0,3.02228e+07,0,0,1.31893e+07
0,0,0,3.85612e+08,0,3.02236e+07,0,0,1.31893e+07
0,0,0,3.85612e+08,0,2.97874e+07,0,0,1.31893e+07
0,0,0,3.85612e+08,0,2.97882e+07,0,0,1.31893e+07
0,0,0,3.85612e+08,0,2.9789e+07,0,0,1.31893e+07
0,0,0,3.85612e+08,0,2.97898e+07,0,0,1.31893e+07
0,0,0,3.85612e+08,0,3.13119e+07,0,0,1.31893e+07
0,0,0,3.85612e+08,0,3.13127e+07,0,0,1.31893e+07
0,0,0,3.85612e+08,0,3.13136e+07,0,0,1.31893e+07
0,0,0,3.85612e+08,0,3.13144e+07,0,0,1.31893e+07
0,0,0,3.85612e+08,0,3.13153e+07,0,0,1.31893e+07
0,0,0,3.85612e+08,0,3.16744e+07,0,0,1.31893e+07
0,0,0,3.85612e+08,0,3.16752e+07,0,0,1.31893e+07
0,0,0,3.85612e+08,0,3.16761e+07,0,0,1.31893e+07
0,0,0,3.85612e+08,0,3.16769e+07,0,0,1.31893e+07
0,0,0,3.85612e+08,0,3.24365e+07,0,0,1.31893e+07
0,0,0,3.85612e+08,0,3.24373e+07,0,0,1.31893e+07
0,0,0,3.85612e+08,0,3.24382e+07,0,0,1.31893e+07
0,0,0,3.85612e+08,0,3.24391e+07,0,0,1.31893e+07
0,0,0,3.85612e+08,0,3.49563e+07,0,0,1.31893e+07
0,0,0,3.85612e+08,0,3.49572e+07,0,0,1.31893e+07
0,0,0,3.85612e+08,0,3.49582e+07,0,0,1.31893e+07
0,0,0,3.85612e+08,0,3.49591e+07,0,0,1.31893e+07
0,0,0,3.85612e+08,0,3.49601e+07,0,0,1.31893e+07
0,0,0,3.85612e+08,0,3.35479e+07,0,0,1.31893e+07
0,0,0,3.85612e+08,0,3.35488e+07,0,0,1.31893e+07
0,0,0,3.85612e+08,0,3.35497e+07,0,0,1.31893e+07
0,0,0,3.85612e+08,0,3.35506e+07,0,0,1.31893e+07
0,0,0,3.85612e+08,0,3.23068e+07,0,0,1.31893e+07
0,0,0,3.85612e+08,0,3.23077e+07,0,0,1.31893e+07
0,0,0,3.85612e+08,0,3.23086e+07,0,0,1.31893e+07
0,0,0,3.85612e+08,0,3.23094e+07,0,0,1.31893e+07
0,0,0,3.85612e+08,0,2.94277e+07,0,0,1.31893e+07
0,0,0,3.85612e+08,0,2.94285e+07,0,0,1.31893e+07
0,0,0,3.85612e+08,0,2.94293e+07,0,0,1.31893e+07
0,0,0,3.85612e+08,0,2.94301e+07,0,0,1.31893e+07
0,0,0,3.85612e+08,0,2.94309e+07,0,0,1.31893e+07
0,0,0,3.85612e+08,0,3.03698e+07,0,0,1.31893e+07
0,0,0,3.85612e+08,0,3.03704e+07,0,0,1.31893e+07
0,0,0,3.85612e+08,0,3.03711e+07,0,0,1.31893e+07
0,0,0,3.85612e+08,0,3.03717e+07,0,0,1.31893e+07
0,0,0,3.85612e+08,0,3.36674e+07,0,0,1.31893e+07
0,0,0,3.85612e+08,0,3.36681e+07,0,0,1.31893e+07
0,0,0,3.85612e+08,0,3.36688e+07,0,0,1.31893e+07
0,0,0,3.85612e+08,0,3.36695e+07,0,0,1.31893e+07
0,0,0,3.85612e+08,0,2.91344e+07,0,0,1.31893e+07
0,0,0,3.85612e+08,0,2.9135e+07,0,0,1.31893e+07
0,0,0,3.85612e+08,0,2.91356e+07,0,0,1.31893e+07
0,0,0,3.85612e+08,0,2.91362e+07,0,0,1.31893e+07
0,0,0,3.85612e+08,0,2.91368e+07,0,0,1.31893e+07
0,0,0,3.85612e+08,0,3.02607e+07,0,0,1.31893e+07
0,0,0,3.85612e+08,0,3.02613e+07,0,0,1.31893e+07
0,0,0,3.85612e+08,0,3.02619e+07,0,0,1.31893e+07
0,0,0,3.85612e+08,0,3.02625e+07,0,0,1.31893e+07
0,0,0,3.85612e+08,0,2.98256e+07,0,0,1.31893e+07
0,0,0,3.85612e+08,0,2.98262e+07,0,0,1.31893e+07
0,0,0,3.85612e+08,0,2.98268e+07,0,0,1.31893e+07
0,0,0,3.85612e+08,0,2.98274e+07,0,0,1.31893e+07
0,0,0,3.85612e+08,0,3.13512e+07,0,0,1.31893e+07
0,0,0,3.85612e+08,0,3.13519e+07,0,0,1.31893e+07
0,0,0,3.85612e+08,0,3.13525e+07,0,0,1.31893e+07
0,0,0,3.85612e+08,0,3.13531e+07,0,0,1.31893e+07
0,0,0,3.85612e+08,0,3.13538e+07,0,0,1.31893e+07
0,0,0,3.85612e+08,0,3.17131e+07,0,0,1.31893e+07
0,0,0,3.85612e+08,0,3.17137e+07,0,0,1.31893e+07
0,0,0,3.85612e+08,0,3.17144e+07,0,0,1.31893e+07
0,0,0,3.85612e+08,0,3.1715e+07,0,0,1.31893e+07
0,0,0,3.85612e+08,0,3.24753e+07,0,0,1.31893e+07
0,0,0,3.85612e+08,0,3.24759e+07,0,0,1.31893e+07
0,0,0,3.85612e+08,0,3.24766e+07,0,0,1.31893e+07
0,0,0,3.85612e+08,0,3.24773e+07,0,0,1.31893e+07
0,0,0,3.85612e+08,0,3.49972e+07,0,0,1.31893e+07
0,0,0,3.85612e+08,0,3.49979e+07,0,0,1.31893e+07
0,0,0,3.85612e+08,0,3.49986e+07,0,0,1.31893e+07
0,0,0,3.85612e+08,0,3.49993e+07,0,0,1.31893e+07
0,0,0,3.85612e+08,0,3.50001e+07,0,0,1.31893e+07
0,0,0,3.85612e+08,0,3.35861e+07,0,0,1.31893e+07
0,0,0,3.85612e+08,0,3.35868e+07,0,0,1.31893e+07
0,0,0,3.85612e+08,0,3.35874e+07,0,0,1.31893e+07
0,0,0,3.85612e+08,0,3.35881e+07,0,0,1.31893e+07
0,0,0,3.85612e+08,0,3.23427e+07,0,0,1.31893e+07
0,0,0,3.85612e+08,0,3.23434e+07,0,0,1.31893e+07
0,0,0,3.85612e+08,0,3.2344e+07,0,0,1.31893e+07
0,0,0,3.85612e+08,0,3.23447e+07,0,0,1.31893e+07
0,0,0,3.85612e+08,0,2.94596e+07,0,0,1.31893e+07
0,0,0,3.85612e+08,0,2.94602e+07,0,0,1.31893e+07
0,0,0,3.85612e+08,0,2.94608e+07,0,0,1.31893e+07
0,0,0,3.85612e+08,0,2.94614e+07,0,0,1.31893e+07
0,0,0,3.85612e+08,0,2.9462e+07,0,0,1.31893e+07
0,0,0,3.85612e+08,0,3.04018e+07,0,0,1.31893e+07
0,0,0,3.85612e+08,0,3.04022e+07,0,0,1.31893e+07
0,0,0,3.85612e+08,0,3.04026e+07,0,0,1.31893e+07
0,0,0,3.85612e+08,0,3.0403e+07,0,0,1.31893e+07
0,0,0,3.85612e+08,0,3.3702e+07,0,0,1.31893e+07
0,0,0,3.85612e+08,0,3.37024e+07,0,0,1.31893e+07
0,0,0,3.85612e+08,0,3.37029e+07,0,0,1.31893e+07
0,0,0,3.85612e+08,0,3.37034e+07,0,0,1.31893e+07
0,0,0,3.85612e+08,0,2.91636e+07,0,0,1.31893e+07
0,0,0,3.85612e+08,0,2.9164e+07,0,0,1.31893e+07
0,0,0,3.85612e+08,0,2.91644e+07,0,0,1.31893e+07
0,0,0,3.85612e+08,0,2.91648e+07,0,0,1.31893e+07
0,0,0,3.85612e+08,0,2.91652e+07,0,0,1.31893e+07
0,0,0,3.85612e+08,0,3.02899e+07,0,0,1.31893e+07
0,0,0,3.85612e+08,0,3.02904e+07,0,0,1.31893e+07
0,0,0,3.85612e+08,0,3.02908e+07,0,0,1.31893e+07
0,0,0,3.85612e+08,0,3.02912e+07,0,0,1.31893e+07
0,0,0,3.85612e+08,0,2.98536e+07,0,0,1.31893e+07
0,0,0,3.85612e+08,0,2.98541e+07,0,0,1.31893e+07
0,0,0,3.85612e+08,0,2.98545e+07,0,0,1.31893e+07
0,0,0,3.85612e+08,0,2.98549e+07,0,0,1.31893e+07
0,0,0,3.85612e+08,0,3.13799e+07,0,0,1.31893e+07
0,0,0,3.85612e+08,0,3.13803e+07,0,0,1.31893e+07
0,0,0,3.85612e+08,0,3.13807e+07,0,0,1.31893e+07
0,0,0,3.85612e+08,0,3.13812e+07,0,0,1.31893e+07
0,0,0,3.85612e+08,0,3.13816e+07,0,0,1.31893e+07
0,0,0,3.85612e+08,0,3.17411e+07,0,0,1.31893e+07
0,0,0,3.85612e+08,0,3.17415e+07,0,0,1.31893e+07
0,0,0,3.85612e+08,0,3.17419e+07,0,0,1.31893e+07
0,0,0,3.85612e+08,0,3.17424e+07,0,0,1.31893e+07
0,0,0,3.85612e+08,0,3.25031e+07,0,0,1.31893e+07
0,0,0,3.85612e+08,0,3.25035e+07,0,0,1.31893e+07
0,0,0,3.85612e+08,0,3.2504e+07,0,0,1.31893e+07
0,0,0,3.85612e+08,0,3.25044e+07,0,0,1.31893e+07
0,0,0,3.85612e+08,0,3.50262e+07,0,0,1.31893e+07
0,0,0,3.85612e+08,0,3.50267e+07,0,0,1.31893e+07
0,0,0,3.85612e+08,0,3.50272e+07,0,0,1.31893e+07
0,0,0,3.85612e+08,0,3.50277e+07,0,0,1.31893e+07
0,0,0,3.85612e+08,0,3.50282e+07,0,0,1.31893e+07
0,0,0,3.85612e+08,0,3.36128e+07,0,0,1.31893e+07
0,0,0,3.85612e+08,0,3.36133e+07,0,0,1.31893e+07
0,0,0,3.85612e+08,0,3.36138e+07,0,0,1.31893e+07
0,0,0,3.85612e+08,0,3.36142e+07,0,0,1.31893e+07
0,0,0,3.85612e+08,0,3.23676e+07,0,0,1.31893e+07
0,0,0,3.85612e+08,0,3.23681e+07,0,0,1.31893e+07
0,0,0,3.85612e+08,0,3.23685e+07,0,0,1.31893e+07
0,0,0,3.85612e+08,0,3.2369e+07,0,0,1.31893e+07
0,0,0,3.85612e+08,0,2.94816e+07,0,0,1.31893e+07
0,0,0,3.85612e+08,0,2.9482e+07,0,0,1.31893e+07
0,0,0,3.85612e+08,0,2.94824e+07,0,0,1.31893e+07
0,0,0,3.85612e+08,0,2.94828e+07,0,0,1.31893e+07
0,0,0,3.85612e+08,0,2.94832e+07,0,0,1.31893e+07
0,0,0,3.85612e+08,0,2.94832e+07,0,0,1.31893e+07
0,0,0,3.85612e+08,0,3.04234e+07,0,0,1.31893e+07
0,0,0,3.85612e+08,0,3.04236e+07,0,0,1.31893e+07
0,0,0,3.85612e+08,0,3.04239e+07,0,0,1.31893e+07
0,0,0,3.85612e+08,0,3.04241e+07,0,0,1.31893e+07
0,0,0,3.85612e+08,0,3.37251e+07,0,0,1.31893e+07
0,0,0,3.85612e+08,0,3.37253e+07,0,0,1.31893e+07
0,0,0,3.85612e+08,0,3.37256e+07,0,0,1.31893e+07
0,0,0,3.85612e+08,0,3.37258e+07,0,0,1.31893e+07
0,0,0,3.85612e+08,0,2.91828e+07,0,0,1.31893e+07
0,0,0,3.85612e+08,0,2.9183e+07,0,0,1.31893e+07
0,0,0,3.85612e+08,0,2.91833e+07,0,0,1.31893e+07
0,0,0,3.85612e+08,0,2.91835e+07,0,0,1.31893e+07
0,0,0,3.85612e+08,0,2.91837e+07,0,0,1.31893e+07
0,0,0,3.85612e+08,0,3.0309e+07,0,0,1.31893e+07
0,0,0,3.85612e+08,0,3.03092e+07,0,0,1.31893e+07
0,0,0,3.85612e+08,0,3.03094e+07,0,0,1.31893e+07
0,0,0,3.85612e+08,0,3.03096e+07,0,0,1.31893e+07
0,0,0,3.85612e+08,0,2.98716e+07,0,0,1.31893e+07
0,0,0,3.85612e+08,0,2.98719e+07,0,0,1.31893e+07
0,0,0,3.85612e+08,0,2.98721e+07,0,0,1.31893e+07
0,0,0,3.85612e+08,0,2.98723e+07,0,0,1.31893e+07
0,0,0,3.85612e+08,0,3.1398e+07,0,0,1.31893e+07
0,0,0,3.85612e+08,0,3.13982e+07,0,0,1.31893e+07
0,0,0,3.85612e+08,0,3.13984e+07,0,0,1.31893e+07
0,0,0,3.85612e+08,0,3.13987e+07,0,0,1.31893e+07
0,0,0,3.85612e+08,0,3.13989e+07,0,0,1.31893e+07
0,0,0,3.85612e+08,0,3.17583e+07,0,0,1.31893e+07
0,0,0,3.85612e+08,0,3.17586e+07,0,0,1.31893e+07
0,0,0,3.85612e+08,0,3.17588e+07,0,0,1.31893e+07
0,0,0,3.85612e+08,0,3.17591e+07,0,0,1.31893e+07
0,0,0,3.85612e+08,0,3.25199e+07,0,0,1.31893e+07
0,0,0,3.85612e+08,0,3.25202e+07,0,0,1.31893e+07
0,0,0,3.85612e+08,0,3.25204e+07,0,0,1.31893e+07
0,0,0,3.85612e+08,0,3.25207e+07,0,0,1.31893e+07
0,0,0,3.85612e+08,0,3.50435e+07,0,0,1.31893e+07
0,0,0,3.85612e+08,0,3.50438e+07,0,0,1.31893e+07
0,0,0,3.85612e+08,0,3.5044e+07,0,0,1.31893e+07
0,0,0,3.85612e+08,0,3.50443e+07,0,0,1.31893e+07
0,0,0,3.85612e+08,0,3.50445e+07,0,0,1.31893e+07
0,0,0,3.85612e+08,0,3.36283e+07,0,0,1.31893e+07
0,0,0,3.85612e+08,0,3.36286e+07,0,0,1.31893e+07
0,0,0,3.85612e+08,0,3.36288e+07,0,0,1.31893e+07
0,0,0,3.85612e+08,0,3.36291e+07,0,0,1.31893e+07
0,0,0,3.85612e+08,0,3.23817e+07,0,0,1.31893e+07
0,0,0,3.85612e+08,0,3.2382e+07,0,0,1.31893e+07
0,0,0,3.85612e+08,0,3.23822e+07,0,0,1.31893e+07
0,0,0,3.85612e+08,0,3.23825e+07,0,0,1.31893e+07
0,0,0,3.85612e+08,0,2.94937e+07,0,0,1.31893e+07
0,0,0,3.85612e+08,0,2.94939e+07,0,0,1.31893e+07
0,0,0,3.85612e+08,0,2.94941e+07,0,0,1.31893e+07
0,0,0,3.85612e+08,0,2.94943e+07,0,0,1.31893e+07
0,0,0,3.85612e+08,0,2.94945e+07,0,0,1.31893e+07
0,0,0,3.85612e+08,0,3.04349e+07,0,0,1.31893e+07
0,0,0,3.85612e+08,0,3.04349e+07,0,0,1.31893e+07
0,0,0,3.85612e+08,0,3.0435e+07,0,0,1.31893e+07
0,0,0,3.85612e+08,0,3.0435e+07,0,0,1.31893e+07
0,0,0,3.85612e+08,0,3.3737e+07,0,0,1.31893e+07
0,0,0,3.85612e+08,0,3.3737e+07,0,0,1.31893e+07
0,0,0,3.85612e+08,0,3.3737e+07,0,0,1.31893e+07
0,0,0,3.85612e+08,0,3.37371e+07,0,0,1.31893e+07
0,0,0,3.85612e+08,0,2.91923e+07,0,0,1.31893e+07
0,0,0,3.85612e+08,0,2.91924e+07,0,0,1.31893e+07
0,0,0,3.85612e+08,0,2.91924e+07,0,0,1.31893e+07
0,0,0,3.85612e+08,0,2.91924e+07,0,0,1.31893e+07
0,0,0,3.85612e+08,0,2.91925e+07,0,0,1.31893e+07
0,0,0,3.85612e+08,0,3.03179e+07,0,0,1.31893e+07
0,0,0,3.85612e+08,0,3.03179e+07,0,0,1.31893e+07
0,0,0,3.85612e+08,0,3.0318e+07,0,0,1.31893e+07
0,0,0,3.85612e+08,0,3.0318e+07,0,0,1.31893e+07
0,0,0,3.85612e+08,0,2.98797e+07,0,0,1.31893e+07
0,0,0,3.85612e+08,0,2.98797e+07,0,0,1.31893e+07
0,0,0,3.85612e+08,0,2.98797e+07,0,0,1.31893e+07
0,0,0,3.85612e+08,0,2.98798e+07,0,0,1.31893e+07
0,0,0,3.85612e+08,0,3.14056e+07,0,0,1.31893e+07
0,0,0,3.85612e+08,0,3.14057e+07,0,0,1.31893e+07
0,0,0,3.85612e+08,0,3.14057e+07,0,0,1.31893e+07
0,0,0,3.85612e+08,0,3.14057e+07,0,0,1.31893e+07
0,0,0,3.85612e+08,0,3.14057e+07,0,0,1.31893e+07
0,0,0,3.85612e+08,0,3.17651e+07,0,0,1.31893e+07
0,0,0,3.85612e+08,0,3.17651e+07,0,0,1.31893e+07
0,0,0,3.85612e+08,0,3.17651e+07,0,0,1.31893e+07
0,0,0,3.85612e+08,0,3.17652e+07,0,0,1.31893e+07
0,0,0,3.85612e+08,0,3.2526e+07,0,0,1.31893e+07
0,0,0,3.85612e+08,0,3.2526e+07,0,0,1.31893e+07
0,0,0,3.85612e+08,0,3.25261e+07,0,0,1.31893e+07
0,0,0,3.85612e+08,0,3.25261e+07,0,0,1.31893e+07
0,0,0,3.85612e+08,0,3.50491e+07,0,0,1.31893e+07
0,0,0,3.85612e+08,0,3.50492e+07,0,0,1.31893e+07
0,0,0,3.85612e+08,0,3.50492e+07,0,0,1.31893e+07
0,0,0,3.85612e+08,0,3.50492e+07,0,0,1.31893e+07
0,0,0,3.85612e+08,0,3.50493e+07,0,0,1.31893e+07
0,0,0,3.85612e+08,0,3.36326e+07,0,0,1.31893e+07
0,0,0,3.85612e+08,0,3.36327e+07,0,0,1.31893e+07
0,0,0,3.85612e+08,0,3.36327e+07,0,0,1.31893e+07
0,0,0,3.85612e+08,0,3.36327e+07,0,0,1.31893e+07
0,0,0,3.85612e+08,0,3.23851e+07,0,0,1.31893e+07
0,0,0,3.85612e+08,0,3.23851e+07,0,0,1.31893e+07
0,0,0,3.85612e+08,0,3.23851e+07,0,0,1.31893e+07
0,0,0,3.85612e+08,0,3.23852e+07,0,0,1.31893e+07
0,0,0,3.85612e+08,0,2.94959e+07,0,0,1.31893e+07
0,0,0,3.85612e+08,0,2.9496e+07,0,0,1.31893e+07
0,0,0,3.85612e+08,0,2.9496e+07,0,0,1.31893e+07
0,0,0,3.85612e+08,0,2.9496e+07,0,0,1.31893e+07
0,0,0,3.85612e+08,0,2.94961e+07,0,0,1.31893e+07
0,0,0,3.85612e+08,0,3.04363e+07,0,0,1.31893e+07
0,0,0,3.85612e+08,0,3.04361e+07,0,0,1.31893e+07
0,0,0,3.85612e+08,0,3.04359e+07,0,0,1.31893e+07
0,0,0,3.85612e+08,0,3.04358e+07,0,0,1.31893e+07
0,0,0,3.85612e+08,0,3.37376e+07,0,0,1.31893e+07
0,0,0,3.85612e+08,0,3.37375e+07,0,0,1.31893e+07
0,0,0,3.85612e+08,0,3.37373e+07,0,0,1.31893e+07
0,0,0,3.85612e+08,0,3.37371e+07,0,0,1.31893e+07
0,0,0,3.85612e+08,0,2.91922e+07,0,0,1.31893e+07
0,0,0,3.85612e+08,0,2.9192e+07,0,0,1.31893e+07
0,0,0,3.85612e+08,0,2.91919e+07,0,0,1.31893e+07
0,0,0,3.85612e+08,0,2.91917e+07,0,0,1.31893e+07
0,0,0,3.85612e+08,0,2.91916e+07,0,0,1.31893e+07
0,0,0,3.85612e+08,0,3.03168e+07,0,0,1.31893e+07
0,0,0,3.85612e+08,0,3.03166e+07,0,0,1.31893e+07
0,0,0,3.85612e+08,0,3.03164e+07,0,0,1.31893e+07
0,0,0,3.85612e+08,0,3.03163e+07,0,0,1.31893e+07
0,0,0,3.85612e+08,0,2.98778e+07,0,0,1.31893e+07
0,0,0,3.85612e+08,0,2.98776e+07,0,0,1.31893e+07
0,0,0,3.85612e+08,0,2.98775e+07,0,0,1.31893e+07
0,0,0,3.85612e+08,0,2.98773e+07,0,0,1.31893e+07
0,0,0,3.85612e+08,0,3.14028e+07,0,0,1.31893e+07
0,0,0,3.85612e+08,0,3.14027e+07,0,0,1.31893e+07
0,0,0,3.85612e+08,0,3.14025e+07,0,0,1.31893e+07
0,0,0,3.85612e+08,0,3.14023e+07,0,0,1.31893e+07
0,0,0,3.85612e+08,0,3.14022e+07,0,0,1.31893e+07
0,0,0,3.85612e+08,0,3.17612e+07,0,0,1.31893e+07
0,0,0,3.85612e+08,0,3.17611e+07,0,0,1.31893e+07
0,0,0,3.85612e+08,0,3.17609e+07,0,0,1.31893e+07
0,0,0,3.85612e+08,0,3.17607e+07,0,0,1.31893e+07
0,0,0,3.85612e+08,0,3.25212e+07,0,0,1.31893e+07
0,0,0,3.85612e+08,0,3.25211e+07,0,0,1.31893e+07
0,0,0,3.85612e+08,0,3.25209e+07,0,0,1.31893e+07
0,0,0,3.85612e+08,0,3.25207e+07,0,0,1.31893e+07
0,0,0,3.85612e+08,0,3.50431e+07,0,0,1.31893e+07
0,0,0,3.85612e+08,0,3.50429e+07,0,0,1.31893e+07
0,0,0,3.85612e+08,0,3.50427e+07,0,0,1.31893e+07
0,0,0,3.85612e+08,0,3.50425e+07,0,0,1.31893e+07
0,0,0,3.85612e+08,0,3.50424e+07,0,0,1.31893e+07
0,0,0,3.85612e+08,0,3.36258e+07,0,0,1.31893e+07
0,0,0,3.85612e+08,0,3.36256e+07,0,0,1.31893e+07
0,0,0,3.85612e+08,0,3.36254e+07,0,0,1.31893e+07
0,0,0,3.85612e+08,0,3.36253e+07,0,0,1.31893e+07
0,0,0,3.85612e+08,0,3.23776e+07,0,0,1.31893e+07
0,0,0,3.85612e+08,0,3.23775e+07,0,0,1.31893e+07
0,0,0,3.85612e+08,0,3.23773e+07,0,0,1.31893e+07
0,0,0,3.85612e+08,0,3.23771e+07,0,0,1.31893e+07
0,0,0,3.85612e+08,0,2.94884e+07,0,0,1.31893e+07
0,0,0,3.85612e+08,0,2.94883e+07,0,0,1.31893e+07
0,0,0,3.85612e+08,0,2.94881e+07,0,0,1.31893e+07
0,0,0,3.85612e+08,0,2.94879e+07,0,0,1.31893e+07
0,0,0,3.85612e+08,0,2.94878e+07,0,0,1.31893e+07
0,0,0,3.85612e+08,0,3.04275e+07,0,0,1.31893e+07
0,0,0,3.85612e+08,0,3.04272e+07,0,0,1.31893e+07
0,0,0,3.85612e+08,0,3.04268e+07,0,0,1.31893e+07
0,0,0,3.85612e+08,0,3.04265e+07,0,0,1.31893e+07
0,0,0,3.85612e+08,0,3.37271e+07,0,0,1.31893e+07
0,0,0,3.85612e+08,0,3.37267e+07,0,0,1.31893e+07
0,0,0,3.85612e+08,0,3.37263e+07,0,0,1.31893e+07
0,0,0,3.85612e+08,0,3.37259e+07,0,0,1.31893e+07
0,0,0,3.85612e+08,0,2.91823e+07,0,0,1.31893e+07
0,0,0,3.85612e+08,0,2.9182e+07,0,0,1.31893e+07
0,0,0,3.85612e+08,0,2.91816e+07,0,0,1.31893e+07
0,0,0,3.85612e+08,0,2.91813e+07,0,0,1.31893e+07
0,0,0,3.85612e+08,0,2.9181e+07,0,0,1.31893e+07
0,0,0,3.85612e+08,0,3.03056e+07,0,0,1.31893e+07
0,0,0,3.85612e+08,0,3.03052e+07,0,0,1.31893e+07
0,0,0,3.85612e+08,0,3.03049e+07,0,0,1.31893e+07
0,0,0,3.85612e+08,0,3.03045e+07,0,0,1.31893e+07
0,0,0,3.85612e+08,0,2.9866e+07,0,0,1.31893e+07
0,0,0,3.85612e+08,0,2.98656e+07,0,0,1.31893e+07
0,0,0,3.85612e+08,0,2.98653e+07,0,0,1.31893e+07
0,0,0,3.85612e+08,0,2.98649e+07,0,0,1.31893e+07
0,0,0,3.85612e+08,0,3.13897e+07,0,0,1.31893e+07
0,0,0,3.85612e+08,0,3.13893e+07,0,0,1.31893e+07
0,0,0,3.85612e+08,0,3.13889e+07,0,0,1.31893e+07
0,0,0,3.85612e+08,0,3.13886e+07,0,0,1.31893e+07
0,0,0,3.85612e+08,0,3.13882e+07,0,0,1.31893e+07
0,0,0,3.85612e+08,0,3.17469e+07,0,0,1.31893e+07
0,0,0,3.85612e+08,0,3.17465e+07,0,0,1.31893e+07
0,0,0,3.85612e+08,0,3.17462e+07,0,0,1.31893e+07
0,0,0,3.85612e+08,0,3.17458e+07,0,0,1.31893e+07
0,0,0,3.85612e+08,0,3.25057e+07,0,0,1.31893e+07
0,0,0,3.85612e+08,0,3.25053e+07,0,0,1.31893e+07
0,0,0,3.85612e+08,0,3.2505e+07,0,0,1.31893e+07
0,0,0,3.85612e+08,0,3.25046e+07,0,0,1.31893e+07
0,0,0,3.85612e+08,0,3.50255e+07,0,0,1.31893e+07
0,0,0,3.85612e+08,0,3.50251e+07,0,0,1.31893e+07
0,0,0,3.85612e+08,0,3.50247e+07,0,0,1.31893e+07
0,0,0,3.85612e+08,0,3.50243e+07,0,0,1.31893e+07
0,0,0,3.85612e+08,0,3.50239e+07,0,0,1.31893e+07
0,0,0,3.85612e+08,0,3.36079e+07,0,0,1.31893e+07
0,0,0,3.85612e+08,0,3.36075e+07,0,0,1.31893e+07
0,0,0,3.85612e+08,0,3.36071e+07,0,0,1.31893e+07
0,0,0,3.85612e+08,0,3.36067e+07,0,0,1.31893e+07
0,0,0,3.85612e+08,0,3.23595e+07,0,0,1.31893e+07
0,0,0,3.85612e+08,0,3.23592e+07,0,0,1.31893e+07
0,0,0,3.85612e+08,0,3.23588e+07,0,0,1.31893e+07
