0cont_fund,0ins_pout,0ins_price,0infra_npv,0debt_serv,0gross_rev,0cont_contrib,0drought_cost,0water_price
0,0,0,0,0.000745969,2.40991e+07,0,0,1.36187e+07
0,0,0,0,0,2.41085e+07,0,0,1.36187e+07
0,0,0,0,0,2.4118e+07,0,0,1.36187e+07
0,0,0,0,0,2.41274e+07,0,0,1.36187e+07
0,0,0,0,0,2.67556e+07,0,0,1.36187e+07
0,0,0,0,0,2.6766e+07,0,0,1.36187e+07
0,0,0,0,0,2.67765e+07,0,0,1.36187e+07
0,0,0,0,0,2.6787e+07,0,0,1.36187e+07
0,0,0,0,0,2.31876e+07,0,0,1.36187e+07
0,0,0,0,0,2.31967e+07,0,0,1.36187e+07
0,0,0,0,0,2.32058e+07,0,0,1.36187e+07
0,0,0,0,0,2.32149e+07,0,0,1.36187e+07
0,0,0,0,0,2.3224e+07,0,0,1.36187e+07
0,0,0,0,0,2.41287e+07,0,0,1.36187e+07
0,0,0,0,0,2.41382e+07,0,0,1.36187e+07
0,0,0,0,0,2.41476e+07,0,0,1.36187e+07
0,0,0,0,0,2.41571e+07,0,0,1.36187e+07
0,0,0,0,0,2.38171e+07,0,0,1.36187e+07
0,0,0,0,0,2.38265e+07,0,0,1.36187e+07
0,0,0,0,0,2.38358e+07,0,0,1.36187e+07
0,0,0,0,0,2.38451e+07,0,0,1.36187e+07
0,0,0,0,0,2.50726e+07,0,0,1.36187e+07
0,0,0,0,0,2.50824e+07,0,0,1.36187e+07
0,0,0,0,0,2.50922e+07,0,0,1.36187e+07
0,0,0,0,0,2.5102e+07,0,0,1.36187e+07
0,0,0,0,0,2.51118e+07,0,0,1.36187e+07
0,0,0,0,0,2.5409e+07,0,0,1.36187e+07
0,0,0,0,0,2.5419e+07,0,0,1.36187e+07
0,0,0,0,0,2.54289e+07,0,0,1.36187e+07
0,0,0,0,0,2.54388e+07,0,0,1.36187e+07
0,0,0,0,0,2.60583e+07,0,0,1.36187e+07
0,0,0,0,0,2.60685e+07,0,0,1.36187e+07
0,0,0,0,0,2.60787e+07,0,0,1.36187e+07
0,0,0,0,0,2.60888e+07,0,0,1.36187e+07
0,0,0,0,0,2.81235e+07,0,0,1.36187e+07
0,0,0,0,0,2.81345e+07,0,0,1.36187e+07
0,0,0,0,0,2.81455e+07,0,0,1.36187e+07
0,0,0,0,0,2.81565e+07,0,0,1.36187e+07
0,0,0,0,0,2.81674e+07,0,0,1.36187e+07
0,0,0,0,0,2.70395e+07,0,0,1.36187e+07
0,0,0,0,0,2.705e+07,0,0,1.36187e+07
0,0,0,0,0,2.70606e+07,0,0,1.36187e+07
0,0,0,0,0,2.70711e+07,0,0,1.36187e+07
0,0,0,0,0,2.6077e+07,0,0,1.36187e+07
0,0,0,0,0,2.60872e+07,0,0,1.36187e+07
0,0,0,0,0,2.60974e+07,0,0,1.36187e+07
0,0,0,0,0,2.61075e+07,0,0,1.36187e+07
0,0,0,0,0,2.37876e+07,0,0,1.36187e+07
0,0,0,0,0,2.37969e+07,0,0,1.36187e+07
0,0,0,0,0,2.38062e+07,0,0,1.36187e+07
0,0,0,0,0,2.38154e+07,0,0,1.36187e+07
0,0,0,0,0,2.38247e+07,0,0,1.36187e+07
0,0,0,8.96285e+07,0.000745969,2.45936e+07,0,0,1.36187e+07
0,0,0,8.96285e+07,0,2.46028e+07,0,0,1.36187e+07
0,0,0,8.96285e+07,0,2.46121e+07,0,0,1.36187e+07
0,0,0,8.96285e+07,0,2.46214e+07,0,0,1.36187e+07
0,0,0,8.96285e+07,0,2.73029e+07,0,0,1.36187e+07
0,0,0,8.96285e+07,0,2.73132e+07,0,0,1.36187e+07
0,0,0,8.96285e+07,0,2.73235e+07,0,0,1.36187e+07
0,0,0,8.96285e+07,0,2.73339e+07,0,0,1.36187e+07
0,0,0,8.96285e+07,0,2.36606e+07,0,0,1.36187e+07
0,0,0,8.96285e+07,0,2.36695e+07,0,0,1.36187e+07
0,0,0,8.96285e+07,0,2.36785e+07,0,0,1.36187e+07
0,0,0,8.96285e+07,0,2.36874e+07,0,0,1.36187e+07
0,0,0,8.96285e+07,0,2.36963e+07,0,0,1.36187e+07
0,0,0,8.96285e+07,0,2.46191e+07,0,0,1.36187e+07
0,0,0,8.96285e+07,0,2.46284e+07,0,0,1.36187e+07
0,0,0,8.96285e+07,0,2.46377e+07,0,0,1.36187e+07
0,0,0,8.96285e+07,0,2.46469e+07,0,0,1.36187e+07
0,0,0,8.96285e+07,0,2.42997e+07,0,0,1.36187e+07
0,0,0,8.96285e+07,0,2.43089e+07,0,0,1.36187e+07
0,0,0,8.96285e+07,0,2.4318e+07,0,0,1.36187e+07
0,0,0,8.96285e+07,0,2.43272e+07,0,0,1.36187e+07
0,0,0,8.96285e+07,0,2.55791e+07,0,0,1.36187e+07
0,0,0,8.96285e+07,0,2.55887e+07,0,0,1.36187e+07
0,0,0,8.96285e+07,0,2.55984e+07,0,0,1.36187e+07
0,0,0,8.96285e+07,0,2.5608e+07,0,0,1.36187e+07
0,0,0,8.96285e+07,0,2.56176e+07,0,0,1.36187e+07
0,0,0,8.96285e+07,0,2.59205e+07,0,0,1.36187e+07
0,0,0,8.96285e+07,0,2.59302e+07,0,0,1.36187e+07
0,0,0,8.96285e+07,0,2.594e+07,0,0,1.36187e+07
0,0,0,8.96285e+07,0,2.59497e+07,0,0,1.36187e+07
0,0,0,8.96285e+07,0,2.65812e+07,0,0,1.36187e+07
0,0,0,8.96285e+07,0,2.65912e+07,0,0,1.36187e+07
0,0,0,8.96285e+07,0,2.66012e+07,0,0,1.36187e+07
0,0,0,8.96285e+07,0,2.66112e+07,0,0,1.36187e+07
0,0,0,8.96285e+07,0,2.86862e+07,0,0,1.36187e+07
0,0,0,8.96285e+07,0,2.8697e+07,0,0,1.36187e+07
0,0,0,8.96285e+07,0,2.87078e+07,0,0,1.36187e+07
0,0,0,8.96285e+07,0,2.87185e+07,0,0,1.36187e+07
0,0,0,8.96285e+07,0,2.87293e+07,0,0,1.36187e+07
0,0,0,8.96285e+07,0,2.75785e+07,0,0,1.36187e+07
0,0,0,8.96285e+07,0,2.75888e+07,0,0,1.36187e+07
0,0,0,8.96285e+07,0,2.75992e+07,0,0,1.36187e+07
0,0,0,8.96285e+07,0,2.76096e+07,0,0,1.36187e+07
0,0,0,8.96285e+07,0,2.65953e+07,0,0,1.36187e+07
0,0,0,8.96285e+07,0,2.66053e+07,0,0,1.36187e+07
0,0,0,8.96285e+07,0,2.66152e+07,0,0,1.36187e+07
0,0,0,8.96285e+07,0,2.66252e+07,0,0,1.36187e+07
0,0,0,8.96285e+07,0,2.42589e+07,0,0,1.36187e+07
0,0,0,8.96285e+07,0,2.4268e+07,0,0,1.36187e+07
0,0,0,8.96285e+07,0,2.42772e+07,0,0,1.36187e+07
0,0,0,8.96285e+07,0,2.42863e+07,0,0,1.36187e+07
0,0,0,8.96285e+07,0,2.42954e+07,0,0,1.36187e+07
0,0,0,8.96285e+07,0.000745969,2.5079e+07,0,0,1.36187e+07
0,0,0,8.96285e+07,0,2.50881e+07,0,0,1.36187e+07
0,0,0,8.96285e+07,0,2.50972e+07,0,0,1.36187e+07
0,0,0,8.96285e+07,0,2.51063e+07,0,0,1.36187e+07
0,0,0,8.96285e+07,0,2.78402e+07,0,0,1.36187e+07
0,0,0,8.96285e+07,0,2.78503e+07,0,0,1.36187e+07
0,0,0,8.96285e+07,0,2.78604e+07,0,0,1.36187e+07
0,0,0,8.96285e+07,0,2.78705e+07,0,0,1.36187e+07
0,0,0,8.96285e+07,0,2.41248e+07,0,0,1.36187e+07
0,0,0,8.96285e+07,0,2.41335e+07,0,0,1.36187e+07
0,0,0,8.96285e+07,0,2.41423e+07,0,0,1.36187e+07
0,0,0,8.96285e+07,0,2.4151e+07,0,0,1.36187e+07
0,0,0,8.96285e+07,0,2.41597e+07,0,0,1.36187e+07
0,0,0,8.96285e+07,0,2.51002e+07,0,0,1.36187e+07
0,0,0,8.96285e+07,0,2.51093e+07,0,0,1.36187e+07
0,0,0,8.96285e+07,0,2.51184e+07,0,0,1.36187e+07
0,0,0,8.96285e+07,0,2.51275e+07,0,0,1.36187e+07
0,0,0,8.96285e+07,0,2.47731e+07,0,0,1.36187e+07
0,0,0,8.96285e+07,0,2.47821e+07,0,0,1.36187e+07
0,0,0,8.96285e+07,0,2.47911e+07,0,0,1.36187e+07
0,0,0,8.96285e+07,0,2.48e+07,0,0,1.36187e+07
0,0,0,8.96285e+07,0,2.60759e+07,0,0,1.36187e+07
0,0,0,8.96285e+07,0,2.60853e+07,0,0,1.36187e+07
0,0,0,8.96285e+07,0,2.60948e+07,0,0,1.36187e+07
0,0,0,8.96285e+07,0,2.61042e+07,0,0,1.36187e+07
0,0,0,8.96285e+07,0,2.61136e+07,0,0,1.36187e+07
0,0,0,8.96285e+07,0,2.64219e+07,0,0,1.36187e+07
0,0,0,8.96285e+07,0,2.64315e+07,0,0,1.36187e+07
0,0,0,8.96285e+07,0,2.6441e+07,0,0,1.36187e+07
0,0,0,8.96285e+07,0,2.64506e+07,0,0,1.36187e+07
0,0,0,8.96285e+07,0,2.70939e+07,0,0,1.36187e+07
0,0,0,8.96285e+07,0,2.71037e+07,0,0,1.36187e+07
0,0,0,8.96285e+07,0,2.71134e+07,0,0,1.36187e+07
0,0,0,8.96285e+07,0,2.71232e+07,0,0,1.36187e+07
0,0,0,8.96285e+07,0,2.92377e+07,0,0,1.36187e+07
0,0,0,8.96285e+07,0,2.92483e+07,0,0,1.36187e+07
0,0,0,8.96285e+07,0,2.92588e+07,0,0,1.36187e+07
0,0,0,8.96285e+07,0,2.92694e+07,0,0,1.36187e+07
0,0,0,8.96285e+07,0,2.92799e+07,0,0,1.36187e+07
0,0,0,8.96285e+07,0,2.81066e+07,0,0,1.36187e+07
0,0,0,8.96285e+07,0,2.81526e+07,-23050.4,23050.4,1.36187e+07
0,0,0,8.96285e+07,0,2.81598e+07,-21162.2,21162.2,1.36187e+07
0,0,0,8.96285e+07,0,2.8167e+07,-19273.7,19273.7,1.36187e+07
0,0,0,8.96285e+07,0,2.713e+07,-17384.4,17384.4,1.36187e+07
0,0,0,8.96285e+07,0,2.7512e+07,-256614,256614,1.36187e+07
0,0,0,8.96285e+07,0,2.7519e+07,-254811,254811,1.36187e+07
0,0,0,8.96285e+07,0,2.7526e+07,-253007,253007,1.36187e+07
0,0,0,8.96285e+07,0,2.51114e+07,-251203,251203,1.36187e+07
0,0,0,8.96285e+07,0,2.59e+07,-752304,752304,1.36187e+07
0,0,0,8.96285e+07,0,2.59064e+07,-750680,750680,1.36187e+07
0,0,0,8.96285e+07,0,2.59127e+07,-749056,749056,1.36187e+07
0,0,0,8.96285e+07,0,2.59191e+07,-747432,747432,1.36187e+07
0,0,0,8.96285e+07,0.000745969,2.67148e+07,-745807,745807,1.36187e+07
0,0,0,8.96285e+07,0,2.64942e+07,-598334,598334,1.36187e+07
0,0,0,8.96285e+07,0,2.65006e+07,-596714,596714,1.36187e+07
0,0,0,8.96285e+07,0,2.65069e+07,-595093,595093,1.36187e+07
0,0,0,8.96285e+07,0,2.92896e+07,-593473,593473,1.36187e+07
0,0,0,8.96285e+07,0,2.84437e+07,-43437.4,43437.4,1.36187e+07
0,0,0,8.96285e+07,0,2.84508e+07,-41625.2,41625.2,1.36187e+07
0,0,0,8.96285e+07,0,2.84578e+07,-39812.7,39812.7,1.36187e+07
0,0,0,8.96285e+07,0,2.46383e+07,-37999.8,37999.8,1.36187e+07
0,0,0,8.96285e+07,0,2.57907e+07,-773189,773189,1.36187e+07
0,0,0,8.96285e+07,0,2.57968e+07,-771631,771631,1.36187e+07
0,0,0,8.96285e+07,0,2.46048e+07,0,0,1.36187e+07
0,0,0,8.96285e+07,0,2.46134e+07,0,0,1.36187e+07
0,0,0,8.96285e+07,0,2.55711e+07,0,0,1.36187e+07
0,0,0,8.96285e+07,0,2.558e+07,0,0,1.36187e+07
0,0,0,8.96285e+07,0,2.55889e+07,0,0,1.36187e+07
0,0,0,8.96285e+07,0,2.55978e+07,0,0,1.36187e+07
0,0,0,8.96285e+07,0,2.52364e+07,0,0,1.36187e+07
0,0,0,8.96285e+07,0,2.52452e+07,0,0,1.36187e+07
0,0,0,8.96285e+07,0,2.52539e+07,0,0,1.36187e+07
0,0,0,8.96285e+07,0,2.52627e+07,0,0,1.36187e+07
0,0,0,8.96285e+07,0,2.6562e+07,0,0,1.36187e+07
0,0,0,8.96285e+07,0,2.65712e+07,0,0,1.36187e+07
0,0,0,8.96285e+07,0,2.65804e+07,0,0,1.36187e+07
0,0,0,8.96285e+07,0,2.65896e+07,0,0,1.36187e+07
0,0,0,8.96285e+07,0,2.65988e+07,0,0,1.36187e+07
0,0,0,8.96285e+07,0,2.69125e+07,0,0,1.36187e+07
0,0,0,8.96285e+07,0,2.69218e+07,0,0,1.36187e+07
0,0,0,8.96285e+07,0,2.69311e+07,0,0,1.36187e+07
0,0,0,8.96285e+07,0,2.69405e+07,0,0,1.36187e+07
0,0,0,8.96285e+07,0,2.75953e+07,0,0,1.36187e+07
0,0,0,8.96285e+07,0,2.76048e+07,0,0,1.36187e+07
0,0,0,8.96285e+07,0,2.76144e+07,0,0,1.36187e+07
0,0,0,8.96285e+07,0,2.7624e+07,0,0,1.36187e+07
0,0,0,8.96285e+07,0,2.9777e+07,0,0,1.36187e+07
0,0,0,8.96285e+07,0,2.97874e+07,0,0,1.36187e+07
0,0,0,8.96285e+07,0,2.97977e+07,0,0,1.36187e+07
0,0,0,8.96285e+07,0,2.9808e+07,0,0,1.36187e+07
0,0,0,8.96285e+07,0,2.98183e+07,0,0,1.36187e+07
0,0,0,8.96285e+07,0,2.8623e+07,0,0,1.36187e+07
0,0,0,8.96285e+07,0,2.86329e+07,0,0,1.36187e+07
0,0,0,8.96285e+07,0,2.86428e+07,0,0,1.36187e+07
0,0,0,8.96285e+07,0,2.86527e+07,0,0,1.36187e+07
0,0,0,8.96285e+07,0,2.75993e+07,0,0,1.36187e+07
0,0,0,8.96285e+07,0,2.78657e+07,-165060,165060,1.36187e+07
0,0,0,8.96285e+07,0,2.78725e+07,-163298,163298,1.36187e+07
0,0,0,8.96285e+07,0,2.78793e+07,-161536,161536,1.36187e+07
0,0,0,8.96285e+07,0,2.54204e+07,-159773,159773,1.36187e+07
0,0,0,8.96285e+07,0,2.62231e+07,-670095,670095,1.36187e+07
0,0,0,8.96285e+07,0,2.62293e+07,-668508,668508,1.36187e+07
0,0,0,8.96285e+07,0,2.5198e+07,0,0,1.36187e+07
0,0,0,8.96285e+07,0,2.52067e+07,0,0,1.36187e+07
0,0,0,8.96285e+07,0.000745969,2.6019e+07,0,0,1.36187e+07
0,0,0,8.96285e+07,0,2.60277e+07,0,0,1.36187e+07
0,0,0,8.96285e+07,0,2.60363e+07,0,0,1.36187e+07
0,0,0,8.96285e+07,0,2.6045e+07,0,0,1.36187e+07
0,0,0,8.96285e+07,0,2.88803e+07,0,0,1.36187e+07
0,0,0,8.96285e+07,0,2.88899e+07,0,0,1.36187e+07
0,0,0,8.96285e+07,0,2.88995e+07,0,0,1.36187e+07
0,0,0,8.96285e+07,0,2.89092e+07,0,0,1.36187e+07
0,0,0,8.96285e+07,0,2.50231e+07,0,0,1.36187e+07
0,0,0,8.96285e+07,0,2.50315e+07,0,0,1.36187e+07
0,0,0,8.96285e+07,0,2.50398e+07,0,0,1.36187e+07
0,0,0,8.96285e+07,0,2.50481e+07,0,0,1.36187e+07
0,0,0,8.96285e+07,0,2.50565e+07,0,0,1.36187e+07
0,0,0,8.96285e+07,0,2.60311e+07,0,0,1.36187e+07
0,0,0,8.96285e+07,0,2.60397e+07,0,0,1.36187e+07
0,0,0,8.96285e+07,0,2.60484e+07,0,0,1.36187e+07
0,0,0,8.96285e+07,0,2.60571e+07,0,0,1.36187e+07
0,0,0,8.96285e+07,0,2.56889e+07,0,0,1.36187e+07
0,0,0,8.96285e+07,0,2.56974e+07,0,0,1.36187e+07
0,0,0,8.96285e+07,0,2.5706e+07,0,0,1.36187e+07
0,0,0,8.96285e+07,0,2.57145e+07,0,0,1.36187e+07
0,0,0,8.96285e+07,0,2.70366e+07,0,0,1.36187e+07
0,0,0,8.96285e+07,0,2.70456e+07,0,0,1.36187e+07
0,0,0,8.96285e+07,0,2.70546e+07,0,0,1.36187e+07
0,0,0,8.96285e+07,0,2.70636e+07,0,0,1.36187e+07
0,0,0,8.96285e+07,0,2.70726e+07,0,0,1.36187e+07
0,0,0,8.96285e+07,0,2.73914e+07,0,0,1.36187e+07
0,0,0,8.96285e+07,0,2.74005e+07,0,0,1.36187e+07
0,0,0,8.96285e+07,0,2.74096e+07,0,0,1.36187e+07
0,0,0,8.96285e+07,0,2.74187e+07,0,0,1.36187e+07
0,0,0,8.96285e+07,0,2.80848e+07,0,0,1.36187e+07
0,0,0,8.96285e+07,0,2.80941e+07,0,0,1.36187e+07
0,0,0,8.96285e+07,0,2.81034e+07,0,0,1.36187e+07
0,0,0,8.96285e+07,0,2.81128e+07,0,0,1.36187e+07
0,0,0,8.96285e+07,0,3.03035e+07,0,0,1.36187e+07
0,0,0,8.96285e+07,0,3.03136e+07,0,0,1.36187e+07
0,0,0,8.96285e+07,0,3.03236e+07,0,0,1.36187e+07
0,0,0,8.96285e+07,0,3.03337e+07,0,0,1.36187e+07
0,0,0,8.96285e+07,0,3.03438e+07,0,0,1.36187e+07
0,0,0,8.96285e+07,0,2.9127e+07,0,0,1.36187e+07
0,0,0,8.96285e+07,0,2.91366e+07,0,0,1.36187e+07
0,0,0,8.96285e+07,0,2.91463e+07,0,0,1.36187e+07
0,0,0,8.96285e+07,0,2.9156e+07,0,0,1.36187e+07
0,0,0,8.96285e+07,0,2.80837e+07,0,0,1.36187e+07
0,0,0,8.96285e+07,0,2.82108e+07,-75718.6,75718.6,1.36187e+07
0,0,0,8.96285e+07,0,2.82174e+07,-74000,74000,1.36187e+07
0,0,0,8.96285e+07,0,2.82241e+07,-72281.4,72281.4,1.36187e+07
0,0,0,8.96285e+07,0,2.57219e+07,-70562.1,70562.1,1.36187e+07
0,0,0,8.96285e+07,0,2.65384e+07,-589884,589884,1.36187e+07
0,0,0,8.96285e+07,0,2.65444e+07,-588336,588336,1.36187e+07
0,0,0,8.96285e+07,0,2.65505e+07,-586789,586789,1.36187e+07
0,0,0,8.96285e+07,0,2.65566e+07,-585241,585241,1.36187e+07
0,0,0,8.96285e+07,0,2.73803e+07,-583693,583693,1.36187e+07
0,0,0,8.96285e+07,7.84492e+06,2.79231e+07,-927176,927176,1.36187e+07
0,0,0,8.96285e+07,0,2.64891e+07,0,0,1.36187e+07
0,0,0,8.96285e+07,0,2.64975e+07,0,0,1.36187e+07
0,0,0,8.96285e+07,0,2.93817e+07,0,0,1.36187e+07
0,0,0,8.96285e+07,0,2.9391e+07,0,0,1.36187e+07
0,0,0,8.96285e+07,0,3.08429e+07,-927176,927176,1.36187e+07
0,0,0,8.96285e+07,0,3.08523e+07,-927176,927176,1.36187e+07
0,0,0,8.96285e+07,0,2.68986e+07,-927176,927176,1.36187e+07
0,0,0,8.96285e+07,0,2.69067e+07,-927176,927176,1.36187e+07
0,0,0,8.96285e+07,0,2.54723e+07,0,0,1.36187e+07
0,0,0,8.96285e+07,0,2.54805e+07,0,0,1.36187e+07
0,0,0,8.96285e+07,0,2.54886e+07,0,0,1.36187e+07
0,0,0,8.96285e+07,0,2.64796e+07,0,0,1.36187e+07
0,0,0,8.96285e+07,0,2.64881e+07,0,0,1.36187e+07
0,0,0,8.96285e+07,0,2.64965e+07,0,0,1.36187e+07
0,0,0,8.96285e+07,0,2.6505e+07,0,0,1.36187e+07
0,0,0,8.96285e+07,0,2.61301e+07,0,0,1.36187e+07
0,0,0,8.96285e+07,0,2.61384e+07,0,0,1.36187e+07
0,0,0,8.96285e+07,0,2.61467e+07,0,0,1.36187e+07
0,0,0,8.96285e+07,0,2.61551e+07,0,0,1.36187e+07
0,0,0,8.96285e+07,0,2.74995e+07,0,0,1.36187e+07
0,0,0,8.96285e+07,0,2.75082e+07,0,0,1.36187e+07
0,0,0,8.96285e+07,0,2.7517e+07,0,0,1.36187e+07
0,0,0,8.96285e+07,0,2.75257e+07,0,0,1.36187e+07
0,0,0,8.96285e+07,0,2.75345e+07,0,0,1.36187e+07
0,0,0,8.96285e+07,0,2.78584e+07,0,0,1.36187e+07
0,0,0,8.96285e+07,0,2.78672e+07,0,0,1.36187e+07
0,0,0,8.96285e+07,0,2.78761e+07,0,0,1.36187e+07
0,0,0,8.96285e+07,0,2.7885e+07,0,0,1.36187e+07
0,0,0,8.96285e+07,0,2.85619e+07,0,0,1.36187e+07
0,0,0,8.96285e+07,0,2.8571e+07,0,0,1.36187e+07
0,0,0,8.96285e+07,0,2.85801e+07,0,0,1.36187e+07
0,0,0,8.96285e+07,0,2.85892e+07,0,0,1.36187e+07
0,0,0,8.96285e+07,0,3.22591e+07,-927176,927176,1.36187e+07
0,0,0,8.96285e+07,0,3.22689e+07,-927176,927176,1.36187e+07
0,0,0,8.96285e+07,0,3.22788e+07,-927176,927176,1.36187e+07
0,0,0,8.96285e+07,0,3.22886e+07,-927176,927176,1.36187e+07
0,0,0,8.96285e+07,0,3.22984e+07,-927176,927176,1.36187e+07
0,0,0,8.96285e+07,0,3.10606e+07,-927176,927176,1.36187e+07
0,0,0,8.96285e+07,0,3.107e+07,-927176,927176,1.36187e+07
0,0,0,8.96285e+07,0,3.10795e+07,-927176,927176,1.36187e+07
0,0,0,8.96285e+07,0,3.10889e+07,-927176,927176,1.36187e+07
0,0,0,8.96285e+07,0,2.99981e+07,-927176,927176,1.36187e+07
0,0,0,8.96285e+07,0,3.00072e+07,-927176,927176,1.36187e+07
0,0,0,8.96285e+07,0,3.00163e+07,-927176,927176,1.36187e+07
0,0,0,8.96285e+07,0,3.00253e+07,-927176,927176,1.36187e+07
0,0,0,8.96285e+07,0,2.74836e+07,-927176,927176,1.36187e+07
0,0,0,8.96285e+07,0,2.74919e+07,-927176,927176,1.36187e+07
0,0,0,8.96285e+07,0,2.75001e+07,-927176,927176,1.36187e+07
0,0,0,8.96285e+07,0,2.75084e+07,-927176,927176,1.36187e+07
0,0,0,8.96285e+07,0,2.75167e+07,-927176,927176,1.36187e+07
0,0,0,8.96285e+07,0,2.75167e+07,-927176,927176,1.36187e+07
0,0,0,8.96285e+07,7.84492e+06,2.83562e+07,-927176,927176,1.36187e+07
0,0,0,8.96285e+07,0,2.83644e+07,-927176,927176,1.36187e+07
0,0,0,8.96285e+07,0,2.83726e+07,-927176,927176,1.36187e+07
0,0,0,8.96285e+07,0,2.83809e+07,-927176,927176,1.36187e+07
0,0,0,8.96285e+07,0,3.13126e+07,-927176,927176,1.36187e+07
0,0,0,8.96285e+07,0,3.13217e+07,-927176,927176,1.36187e+07
0,0,0,8.96285e+07,0,3.13308e+07,-927176,927176,1.36187e+07
0,0,0,8.96285e+07,0,3.13399e+07,-927176,927176,1.36187e+07
0,0,0,8.96285e+07,0,2.73203e+07,-927176,927176,1.36187e+07
0,0,0,8.96285e+07,0,2.73282e+07,-927176,927176,1.36187e+07
0,0,0,8.96285e+07,0,2.73361e+07,-927176,927176,1.36187e+07
0,0,0,8.96285e+07,0,2.7344e+07,-927176,927176,1.36187e+07
0,0,0,8.96285e+07,0,2.73519e+07,-927176,927176,1.36187e+07
0,0,0,8.96285e+07,0,2.8359e+07,-927176,927176,1.36187e+07
0,0,0,8.96285e+07,0,2.83672e+07,-927176,927176,1.36187e+07
0,0,0,8.96285e+07,0,2.83754e+07,-927176,927176,1.36187e+07
0,0,0,8.96285e+07,0,2.83836e+07,-927176,927176,1.36187e+07
0,0,0,8.96285e+07,0,2.80022e+07,-927176,927176,1.36187e+07
0,0,0,8.96285e+07,0,2.80103e+07,-927176,927176,1.36187e+07
0,0,0,8.96285e+07,0,2.80184e+07,-927176,927176,1.36187e+07
0,0,0,8.96285e+07,0,2.80265e+07,-927176,927176,1.36187e+07
0,0,0,8.96285e+07,0,2.93925e+07,-927176,927176,1.36187e+07
0,0,0,8.96285e+07,0,2.9401e+07,-927176,927176,1.36187e+07
0,0,0,8.96285e+07,0,2.94096e+07,-927176,927176,1.36187e+07
0,0,0,8.96285e+07,0,2.94181e+07,-927176,927176,1.36187e+07
0,0,0,8.96285e+07,0,2.94266e+07,-927176,927176,1.36187e+07
0,0,0,8.96285e+07,0,2.97554e+07,-927176,927176,1.36187e+07
0,0,0,8.96285e+07,0,2.9764e+07,-927176,927176,1.36187e+07
0,0,0,8.96285e+07,0,2.97726e+07,-927176,927176,1.36187e+07
0,0,0,8.96285e+07,0,2.97812e+07,-927176,927176,1.36187e+07
0,0,0,8.96285e+07,0,3.04688e+07,-927176,927176,1.36187e+07
0,0,0,8.96285e+07,0,3.04776e+07,-927176,927176,1.36187e+07
0,0,0,8.96285e+07,0,3.04865e+07,-927176,927176,1.36187e+07
0,0,0,8.96285e+07,0,3.04953e+07,-927176,927176,1.36187e+07
0,0,0,8.96285e+07,0,3.27585e+07,-927176,927176,1.36187e+07
0,0,0,8.96285e+07,0,3.2768e+07,-927176,927176,1.36187e+07
0,0,0,8.96285e+07,0,3.27775e+07,-927176,927176,1.36187e+07
0,0,0,8.96285e+07,0,3.27871e+07,-927176,927176,1.36187e+07
0,0,0,8.96285e+07,0,3.27966e+07,-927176,927176,1.36187e+07
0,0,0,8.96285e+07,0,3.15384e+07,-927176,927176,1.36187e+07
0,0,0,8.96285e+07,0,3.15476e+07,-927176,927176,1.36187e+07
0,0,0,8.96285e+07,0,3.15568e+07,-927176,927176,1.36187e+07
0,0,0,8.96285e+07,0,3.15659e+07,-927176,927176,1.36187e+07
0,0,0,8.96285e+07,0,3.04572e+07,-927176,927176,1.36187e+07
0,0,0,8.96285e+07,0,3.0466e+07,-927176,927176,1.36187e+07
0,0,0,8.96285e+07,0,3.04749e+07,-927176,927176,1.36187e+07
0,0,0,8.96285e+07,0,3.04837e+07,-927176,927176,1.36187e+07
0,0,0,8.96285e+07,0,2.79008e+07,-927176,927176,1.36187e+07
0,0,0,8.96285e+07,0,2.79089e+07,-927176,927176,1.36187e+07
0,0,0,8.96285e+07,0,2.79169e+07,-927176,927176,1.36187e+07
0,0,0,8.96285e+07,0,2.7925e+07,-927176,927176,1.36187e+07
0,0,0,8.96285e+07,0,2.7933e+07,-927176,927176,1.36187e+07
0,0,0,8.96285e+07,7.84492e+06,2.87855e+07,-927176,927176,1.36187e+07
0,0,0,8.96285e+07,0,2.87935e+07,-927176,927176,1.36187e+07
0,0,0,8.96285e+07,0,2.88015e+07,-927176,927176,1.36187e+07
0,0,0,8.96285e+07,0,2.88095e+07,-927176,927176,1.36187e+07
0,0,0,8.96285e+07,0,3.17874e+07,-927176,927176,1.36187e+07
0,0,0,8.96285e+07,0,3.17963e+07,-927176,927176,1.36187e+07
0,0,0,8.96285e+07,0,3.18051e+07,-927176,927176,1.36187e+07
0,0,0,8.96285e+07,0,3.1814e+07,-927176,927176,1.36187e+07
0,0,0,8.96285e+07,0,2.77303e+07,-927176,927176,1.36187e+07
0,0,0,8.96285e+07,0,2.77379e+07,-927176,927176,1.36187e+07
0,0,0,8.96285e+07,0,2.77456e+07,-927176,927176,1.36187e+07
0,0,0,8.96285e+07,0,2.77533e+07,-927176,927176,1.36187e+07
0,0,0,8.96285e+07,0,2.77609e+07,-927176,927176,1.36187e+07
0,0,0,8.96285e+07,0,2.87835e+07,-927176,927176,1.36187e+07
0,0,0,8.96285e+07,0,2.87915e+07,-927176,927176,1.36187e+07
0,0,0,8.96285e+07,0,2.87995e+07,-927176,927176,1.36187e+07
0,0,0,8.96285e+07,0,2.88074e+07,-927176,927176,1.36187e+07
0,0,0,8.96285e+07,0,2.84196e+07,-927176,927176,1.36187e+07
0,0,0,8.96285e+07,0,2.84275e+07,-927176,927176,1.36187e+07
0,0,0,8.96285e+07,0,2.84353e+07,-927176,927176,1.36187e+07
0,0,0,8.96285e+07,0,2.84432e+07,-927176,927176,1.36187e+07
0,0,0,8.96285e+07,0,2.98303e+07,-927176,927176,1.36187e+07
0,0,0,8.96285e+07,0,2.8396e+07,0,0,1.36187e+07
0,0,0,8.96285e+07,0,2.84043e+07,0,0,1.36187e+07
0,0,0,8.96285e+07,0,2.98551e+07,-927176,927176,1.36187e+07
0,0,0,8.96285e+07,0,2.98634e+07,-927176,927176,1.36187e+07
0,0,0,8.96285e+07,0,2.87544e+07,0,0,1.36187e+07
0,0,0,8.96285e+07,0,2.87627e+07,0,0,1.36187e+07
0,0,0,8.96285e+07,0,2.87711e+07,0,0,1.36187e+07
0,0,0,8.96285e+07,0,2.87795e+07,0,0,1.36187e+07
0,0,0,8.96285e+07,0,3.09199e+07,-927176,927176,1.36187e+07
0,0,0,8.96285e+07,0,3.09284e+07,-927176,927176,1.36187e+07
0,0,0,8.96285e+07,0,3.0937e+07,-927176,927176,1.36187e+07
0,0,0,8.96285e+07,0,3.09456e+07,-927176,927176,1.36187e+07
0,0,0,8.96285e+07,0,3.32434e+07,-927176,927176,1.36187e+07
0,0,0,8.96285e+07,0,3.32526e+07,-927176,927176,1.36187e+07
0,0,0,8.96285e+07,0,3.32619e+07,-927176,927176,1.36187e+07
0,0,0,8.96285e+07,0,3.32711e+07,-927176,927176,1.36187e+07
0,0,0,8.96285e+07,0,3.32804e+07,-927176,927176,1.36187e+07
0,0,0,8.96285e+07,0,3.20024e+07,-927176,927176,1.36187e+07
0,0,0,8.96285e+07,0,3.20113e+07,-927176,927176,1.36187e+07
0,0,0,8.96285e+07,0,3.20202e+07,-927176,927176,1.36187e+07
0,0,0,8.96285e+07,0,3.20291e+07,-927176,927176,1.36187e+07
0,0,0,8.96285e+07,0,3.09029e+07,-927176,927176,1.36187e+07
0,0,0,8.96285e+07,0,3.09115e+07,-927176,927176,1.36187e+07
0,0,0,8.96285e+07,0,3.092e+07,-927176,927176,1.36187e+07
0,0,0,8.96285e+07,0,3.09286e+07,-927176,927176,1.36187e+07
0,0,0,8.96285e+07,0,2.83058e+07,-927176,927176,1.36187e+07
0,0,0,8.96285e+07,0,2.83136e+07,-927176,927176,1.36187e+07
0,0,0,8.96285e+07,0,2.83214e+07,-927176,927176,1.36187e+07
0,0,0,8.96285e+07,0,2.83292e+07,-927176,927176,1.36187e+07
0,0,0,8.96285e+07,0,2.8337e+07,-927176,927176,1.36187e+07
0,0,0,8.96285e+07,7.84492e+06,2.92022e+07,-927176,927176,1.36187e+07
0,0,0,8.96285e+07,0,2.92099e+07,-927176,927176,1.36187e+07
0,0,0,8.96285e+07,0,2.92177e+07,-927176,927176,1.36187e+07
0,0,0,8.96285e+07,0,2.92254e+07,-927176,927176,1.36187e+07
0,0,0,8.96285e+07,0,3.22482e+07,-927176,927176,1.36187e+07
0,0,0,8.96285e+07,0,3.08142e+07,0,0,1.36187e+07
0,0,0,8.96285e+07,0,3.08228e+07,0,0,1.36187e+07
0,0,0,8.96285e+07,0,3.08314e+07,0,0,1.36187e+07
0,0,0,8.96285e+07,0,2.66855e+07,0,0,1.36187e+07
0,0,0,8.96285e+07,0,2.66929e+07,0,0,1.36187e+07
0,0,0,8.96285e+07,0,2.67004e+07,0,0,1.36187e+07
0,0,0,8.96285e+07,0,2.67078e+07,0,0,1.36187e+07
0,0,0,8.96285e+07,0,2.67152e+07,0,0,1.36187e+07
0,0,0,8.96285e+07,0,2.77528e+07,0,0,1.36187e+07
0,0,0,8.96285e+07,0,2.77606e+07,0,0,1.36187e+07
0,0,0,8.96285e+07,0,2.77683e+07,0,0,1.36187e+07
0,0,0,8.96285e+07,0,2.7776e+07,0,0,1.36187e+07
0,0,0,8.96285e+07,0,2.7382e+07,0,0,1.36187e+07
0,0,0,8.96285e+07,0,2.73896e+07,0,0,1.36187e+07
0,0,0,8.96285e+07,0,2.73973e+07,0,0,1.36187e+07
0,0,0,8.96285e+07,0,2.74049e+07,0,0,1.36187e+07
0,0,0,8.96285e+07,0,2.88123e+07,0,0,1.36187e+07
0,0,0,8.96285e+07,0,2.88204e+07,0,0,1.36187e+07
0,0,0,8.96285e+07,0,2.88284e+07,0,0,1.36187e+07
0,0,0,8.96285e+07,0,2.88364e+07,0,0,1.36187e+07
0,0,0,8.96285e+07,0,2.88444e+07,0,0,1.36187e+07
0,0,0,8.96285e+07,0,2.91825e+07,0,0,1.36187e+07
0,0,0,8.96285e+07,0,2.91906e+07,0,0,1.36187e+07
0,0,0,8.96285e+07,0,2.91987e+07,0,0,1.36187e+07
0,0,0,8.96285e+07,0,2.92068e+07,0,0,1.36187e+07
0,0,0,8.96285e+07,0,2.99146e+07,0,0,1.36187e+07
0,0,0,8.96285e+07,0,2.9923e+07,0,0,1.36187e+07
0,0,0,8.96285e+07,0,2.99313e+07,0,0,1.36187e+07
0,0,0,8.96285e+07,0,2.99396e+07,0,0,1.36187e+07
0,0,0,8.96285e+07,0,3.22709e+07,0,0,1.36187e+07
0,0,0,8.96285e+07,0,3.22799e+07,0,0,1.36187e+07
0,0,0,8.96285e+07,0,3.37314e+07,-927176,927176,1.36187e+07
0,0,0,8.96285e+07,0,3.37403e+07,-927176,927176,1.36187e+07
0,0,0,8.96285e+07,0,3.37493e+07,-927176,927176,1.36187e+07
0,0,0,8.96285e+07,0,3.24521e+07,-927176,927176,1.36187e+07
0,0,0,8.96285e+07,0,3.24607e+07,-927176,927176,1.36187e+07
0,0,0,8.96285e+07,0,3.24693e+07,-927176,927176,1.36187e+07
0,0,0,8.96285e+07,0,3.24779e+07,-927176,927176,1.36187e+07
0,0,0,8.96285e+07,0,3.13349e+07,-927176,927176,1.36187e+07
0,0,0,8.96285e+07,0,3.13432e+07,-927176,927176,1.36187e+07
0,0,0,8.96285e+07,0,3.13515e+07,-927176,927176,1.36187e+07
0,0,0,8.96285e+07,0,3.13598e+07,-927176,927176,1.36187e+07
0,0,0,8.96285e+07,0,2.86982e+07,-927176,927176,1.36187e+07
0,0,0,8.96285e+07,0,2.87058e+07,-927176,927176,1.36187e+07
0,0,0,8.96285e+07,0,2.87134e+07,-927176,927176,1.36187e+07
0,0,0,8.96285e+07,0,2.87209e+07,-927176,927176,1.36187e+07
0,0,0,8.96285e+07,0,2.87285e+07,-927176,927176,1.36187e+07
0,0,0,8.96285e+07,7.84492e+06,2.96059e+07,-927176,927176,1.36187e+07
0,0,0,8.96285e+07,0,2.96134e+07,-927176,927176,1.36187e+07
0,0,0,8.96285e+07,0,2.81783e+07,0,0,1.36187e+07
0,0,0,8.96285e+07,0,2.81858e+07,0,0,1.36187e+07
0,0,0,8.96285e+07,0,3.1252e+07,0,0,1.36187e+07
0,0,0,8.96285e+07,0,3.12603e+07,0,0,1.36187e+07
0,0,0,8.96285e+07,0,3.12686e+07,0,0,1.36187e+07
0,0,0,8.96285e+07,0,3.12769e+07,0,0,1.36187e+07
0,0,0,8.96285e+07,0,2.70708e+07,0,0,1.36187e+07
0,0,0,8.96285e+07,0,2.7078e+07,0,0,1.36187e+07
0,0,0,8.96285e+07,0,2.70852e+07,0,0,1.36187e+07
0,0,0,8.96285e+07,0,2.70924e+07,0,0,1.36187e+07
0,0,0,8.96285e+07,0,2.70995e+07,0,0,1.36187e+07
0,0,0,8.96285e+07,0,2.81517e+07,0,0,1.36187e+07
0,0,0,8.96285e+07,0,2.81592e+07,0,0,1.36187e+07
0,0,0,8.96285e+07,0,2.81667e+07,0,0,1.36187e+07
0,0,0,8.96285e+07,0,2.81742e+07,0,0,1.36187e+07
0,0,0,8.96285e+07,0,2.77742e+07,0,0,1.36187e+07
0,0,0,8.96285e+07,0,2.77815e+07,0,0,1.36187e+07
0,0,0,8.96285e+07,0,2.77889e+07,0,0,1.36187e+07
0,0,0,8.96285e+07,0,2.77963e+07,0,0,1.36187e+07
0,0,0,8.96285e+07,0,2.92235e+07,0,0,1.36187e+07
0,0,0,8.96285e+07,0,2.92312e+07,0,0,1.36187e+07
0,0,0,8.96285e+07,0,2.9239e+07,0,0,1.36187e+07
0,0,0,8.96285e+07,0,2.92467e+07,0,0,1.36187e+07
0,0,0,8.96285e+07,0,2.92545e+07,0,0,1.36187e+07
0,0,0,8.96285e+07,0,2.9597e+07,0,0,1.36187e+07
0,0,0,8.96285e+07,0,2.96048e+07,0,0,1.36187e+07
0,0,0,8.96285e+07,0,2.96127e+07,0,0,1.36187e+07
0,0,0,8.96285e+07,0,2.96205e+07,0,0,1.36187e+07
0,0,0,8.96285e+07,0,3.0338e+07,0,0,1.36187e+07
0,0,0,8.96285e+07,0,3.0346e+07,0,0,1.36187e+07
0,0,0,8.96285e+07,0,3.03541e+07,0,0,1.36187e+07
0,0,0,8.96285e+07,0,3.03621e+07,0,0,1.36187e+07
0,0,0,8.96285e+07,0,3.27259e+07,0,0,1.36187e+07
0,0,0,8.96285e+07,0,3.27346e+07,0,0,1.36187e+07
0,0,0,8.96285e+07,0,3.41858e+07,-927176,927176,1.36187e+07
0,0,0,8.96285e+07,0,3.41945e+07,-927176,927176,1.36187e+07
0,0,0,8.96285e+07,0,3.42031e+07,-927176,927176,1.36187e+07
0,0,0,8.96285e+07,0,3.28873e+07,-927176,927176,1.36187e+07
0,0,0,8.96285e+07,0,3.28956e+07,-927176,927176,1.36187e+07
0,0,0,8.96285e+07,0,3.2904e+07,-927176,927176,1.36187e+07
0,0,0,8.96285e+07,0,3.29123e+07,-927176,927176,1.36187e+07
0,0,0,8.96285e+07,0,3.17529e+07,-927176,927176,1.36187e+07
0,0,0,8.96285e+07,0,3.17609e+07,-927176,927176,1.36187e+07
0,0,0,8.96285e+07,0,3.17689e+07,-927176,927176,1.36187e+07
0,0,0,8.96285e+07,0,3.17769e+07,-927176,927176,1.36187e+07
0,0,0,8.96285e+07,0,2.90779e+07,-927176,927176,1.36187e+07
0,0,0,8.96285e+07,0,2.90853e+07,-927176,927176,1.36187e+07
0,0,0,8.96285e+07,0,2.90926e+07,-927176,927176,1.36187e+07
0,0,0,8.96285e+07,0,2.90999e+07,-927176,927176,1.36187e+07
0,0,0,8.96285e+07,0,2.91072e+07,-927176,927176,1.36187e+07
0,0,0,8.96285e+07,7.84492e+06,2.99964e+07,-927176,927176,1.36187e+07
0,0,0,8.96285e+07,0,3.00037e+07,-927176,927176,1.36187e+07
0,0,0,8.96285e+07,0,3.00109e+07,-927176,927176,1.36187e+07
0,0,0,8.96285e+07,0,3.00182e+07,-927176,927176,1.36187e+07
0,0,0,8.96285e+07,0,3.31264e+07,-927176,927176,1.36187e+07
0,0,0,8.96285e+07,0,3.1692e+07,0,0,1.36187e+07
0,0,0,8.96285e+07,0,3.17e+07,0,0,1.36187e+07
0,0,0,8.96285e+07,0,3.1708e+07,0,0,1.36187e+07
0,0,0,8.96285e+07,0,2.74436e+07,0,0,1.36187e+07
0,0,0,8.96285e+07,0,2.74505e+07,0,0,1.36187e+07
0,0,0,8.96285e+07,0,2.74575e+07,0,0,1.36187e+07
0,0,0,8.96285e+07,0,2.74644e+07,0,0,1.36187e+07
0,0,0,8.96285e+07,0,2.74714e+07,0,0,1.36187e+07
0,0,0,8.96285e+07,0,2.85377e+07,0,0,1.36187e+07
0,0,0,8.96285e+07,0,2.85449e+07,0,0,1.36187e+07
0,0,0,8.96285e+07,0,2.85522e+07,0,0,1.36187e+07
0,0,0,8.96285e+07,0,2.85594e+07,0,0,1.36187e+07
0,0,0,8.96285e+07,0,2.81536e+07,0,0,1.36187e+07
0,0,0,8.96285e+07,0,2.81607e+07,0,0,1.36187e+07
0,0,0,8.96285e+07,0,2.81679e+07,0,0,1.36187e+07
0,0,0,8.96285e+07,0,2.8175e+07,0,0,1.36187e+07
0,0,0,8.96285e+07,0,2.96213e+07,0,0,1.36187e+07
0,0,0,8.96285e+07,0,2.96288e+07,0,0,1.36187e+07
0,0,0,8.96285e+07,0,2.96363e+07,0,0,1.36187e+07
0,0,0,8.96285e+07,0,2.96438e+07,0,0,1.36187e+07
0,0,0,8.96285e+07,0,2.96513e+07,0,0,1.36187e+07
0,0,0,8.96285e+07,0,2.99981e+07,0,0,1.36187e+07
0,0,0,8.96285e+07,0,3.00057e+07,0,0,1.36187e+07
0,0,0,8.96285e+07,0,3.00133e+07,0,0,1.36187e+07
0,0,0,8.96285e+07,0,3.00209e+07,0,0,1.36187e+07
0,0,0,8.96285e+07,0,3.07477e+07,0,0,1.36187e+07
0,0,0,8.96285e+07,0,3.07555e+07,0,0,1.36187e+07
0,0,0,8.96285e+07,0,3.07633e+07,0,0,1.36187e+07
0,0,0,8.96285e+07,0,3.07711e+07,0,0,1.36187e+07
0,0,0,8.96285e+07,0,3.46088e+07,-927176,927176,1.36187e+07
0,0,0,8.96285e+07,0,3.46172e+07,-927176,927176,1.36187e+07
0,0,0,8.96285e+07,0,3.46256e+07,-927176,927176,1.36187e+07
0,0,0,8.96285e+07,0,3.4634e+07,-927176,927176,1.36187e+07
0,0,0,8.96285e+07,0,3.46424e+07,-927176,927176,1.36187e+07
0,0,0,8.96285e+07,0,3.33086e+07,-927176,927176,1.36187e+07
0,0,0,8.96285e+07,0,3.33166e+07,-927176,927176,1.36187e+07
0,0,0,8.96285e+07,0,3.33247e+07,-927176,927176,1.36187e+07
0,0,0,8.96285e+07,0,3.33328e+07,-927176,927176,1.36187e+07
0,0,0,8.96285e+07,0,3.21575e+07,-927176,927176,1.36187e+07
0,0,0,8.96285e+07,0,3.21652e+07,-927176,927176,1.36187e+07
0,0,0,8.96285e+07,0,3.2173e+07,-927176,927176,1.36187e+07
0,0,0,8.96285e+07,0,3.21808e+07,-927176,927176,1.36187e+07
0,0,0,8.96285e+07,0,2.94455e+07,-927176,927176,1.36187e+07
0,0,0,8.96285e+07,0,2.94526e+07,-927176,927176,1.36187e+07
0,0,0,8.96285e+07,0,2.94597e+07,-927176,927176,1.36187e+07
0,0,0,8.96285e+07,0,2.94667e+07,-927176,927176,1.36187e+07
0,0,0,8.96285e+07,0,2.94738e+07,-927176,927176,1.36187e+07
0,0,0,8.96285e+07,0,3.03745e+07,-927176,927176,1.36187e+07
0,0,0,8.96285e+07,7.84492e+06,3.03815e+07,-927176,927176,1.36187e+07
0,0,0,8.96285e+07,0,3.03886e+07,-927176,927176,1.36187e+07
0,0,0,8.96285e+07,0,2.89531e+07,0,0,1.36187e+07
0,0,0,8.96285e+07,0,3.2102e+07,0,0,1.36187e+07
0,0,0,8.96285e+07,0,3.21098e+07,0,0,1.36187e+07
0,0,0,8.96285e+07,0,3.21176e+07,0,0,1.36187e+07
0,0,0,8.96285e+07,0,3.21254e+07,0,0,1.36187e+07
0,0,0,8.96285e+07,0,2.78045e+07,0,0,1.36187e+07
0,0,0,8.96285e+07,0,2.78112e+07,0,0,1.36187e+07
0,0,0,8.96285e+07,0,2.78179e+07,0,0,1.36187e+07
0,0,0,8.96285e+07,0,2.78247e+07,0,0,1.36187e+07
0,0,0,8.96285e+07,0,2.78314e+07,0,0,1.36187e+07
0,0,0,8.96285e+07,0,2.89114e+07,0,0,1.36187e+07
0,0,0,8.96285e+07,0,2.89184e+07,0,0,1.36187e+07
0,0,0,8.96285e+07,0,2.89254e+07,0,0,1.36187e+07
0,0,0,8.96285e+07,0,2.89324e+07,0,0,1.36187e+07
0,0,0,8.96285e+07,0,2.8521e+07,0,0,1.36187e+07
0,0,0,8.96285e+07,0,2.85279e+07,0,0,1.36187e+07
0,0,0,8.96285e+07,0,2.85348e+07,0,0,1.36187e+07
0,0,0,8.96285e+07,0,2.85417e+07,0,0,1.36187e+07
0,0,0,8.96285e+07,0,3.00065e+07,0,0,1.36187e+07
0,0,0,8.96285e+07,0,3.00137e+07,0,0,1.36187e+07
0,0,0,8.96285e+07,0,3.0021e+07,0,0,1.36187e+07
0,0,0,8.96285e+07,0,3.00283e+07,0,0,1.36187e+07
0,0,0,8.96285e+07,0,3.00355e+07,0,0,1.36187e+07
0,0,0,8.96285e+07,0,3.03865e+07,0,0,1.36187e+07
0,0,0,8.96285e+07,0,3.03939e+07,0,0,1.36187e+07
0,0,0,8.96285e+07,0,3.04012e+07,0,0,1.36187e+07
0,0,0,8.96285e+07,0,3.04086e+07,0,0,1.36187e+07
0,0,0,8.96285e+07,0,3.11444e+07,0,0,1.36187e+07
0,0,0,8.96285e+07,0,3.11519e+07,0,0,1.36187e+07
0,0,0,8.96285e+07,0,3.2602e+07,-927176,927176,1.36187e+07
0,0,0,8.96285e+07,0,3.26095e+07,-927176,927176,1.36187e+07
0,0,0,8.96285e+07,0,3.50353e+07,-927176,927176,1.36187e+07
0,0,0,8.96285e+07,0,3.50434e+07,-927176,927176,1.36187e+07
0,0,0,8.96285e+07,0,3.50515e+07,-927176,927176,1.36187e+07
0,0,0,8.96285e+07,0,3.50596e+07,-927176,927176,1.36187e+07
0,0,0,8.96285e+07,0,3.50678e+07,-927176,927176,1.36187e+07
0,0,0,8.96285e+07,0,3.37165e+07,-927176,927176,1.36187e+07
0,0,0,8.96285e+07,0,3.37243e+07,-927176,927176,1.36187e+07
0,0,0,8.96285e+07,0,3.37321e+07,-927176,927176,1.36187e+07
0,0,0,8.96285e+07,0,3.37399e+07,-927176,927176,1.36187e+07
0,0,0,8.96285e+07,0,3.25492e+07,-927176,927176,1.36187e+07
0,0,0,8.96285e+07,0,3.25568e+07,-927176,927176,1.36187e+07
0,0,0,8.96285e+07,0,3.25643e+07,-927176,927176,1.36187e+07
0,0,0,8.96285e+07,0,3.11293e+07,0,0,1.36187e+07
0,0,0,8.96285e+07,0,2.83589e+07,0,0,1.36187e+07
0,0,0,8.96285e+07,0,2.83658e+07,0,0,1.36187e+07
0,0,0,8.96285e+07,0,2.83726e+07,0,0,1.36187e+07
0,0,0,8.96285e+07,0,2.83795e+07,0,0,1.36187e+07
0,0,0,8.96285e+07,0,2.83863e+07,0,0,1.36187e+07
0,0,0,8.96285e+07,0,2.83863e+07,0,0,1.36187e+07
0,0,0,8.96285e+07,7.84492e+06,2.92981e+07,0,0,1.36187e+07
0,0,0,8.96285e+07,0,2.93049e+07,0,0,1.36187e+07
0,0,0,8.96285e+07,0,2.93117e+07,0,0,1.36187e+07
0,0,0,8.96285e+07,0,2.93185e+07,0,0,1.36187e+07
0,0,0,8.96285e+07,0,3.25068e+07,0,0,1.36187e+07
0,0,0,8.96285e+07,0,3.25143e+07,0,0,1.36187e+07
0,0,0,8.96285e+07,0,3.25219e+07,0,0,1.36187e+07
0,0,0,8.96285e+07,0,3.25294e+07,0,0,1.36187e+07
0,0,0,8.96285e+07,0,2.81538e+07,0,0,1.36187e+07
0,0,0,8.96285e+07,0,2.81604e+07,0,0,1.36187e+07
0,0,0,8.96285e+07,0,2.81669e+07,0,0,1.36187e+07
0,0,0,8.96285e+07,0,2.81734e+07,0,0,1.36187e+07
0,0,0,8.96285e+07,0,2.81799e+07,0,0,1.36187e+07
0,0,0,8.96285e+07,0,2.9273e+07,0,0,1.36187e+07
0,0,0,8.96285e+07,0,2.92798e+07,0,0,1.36187e+07
0,0,0,8.96285e+07,0,2.92866e+07,0,0,1.36187e+07
0,0,0,8.96285e+07,0,2.92934e+07,0,0,1.36187e+07
0,0,0,8.96285e+07,0,2.88765e+07,0,0,1.36187e+07
0,0,0,8.96285e+07,0,2.88832e+07,0,0,1.36187e+07
0,0,0,8.96285e+07,0,2.88899e+07,0,0,1.36187e+07
0,0,0,8.96285e+07,0,2.88965e+07,0,0,1.36187e+07
0,0,0,8.96285e+07,0,3.03792e+07,0,0,1.36187e+07
0,0,0,8.96285e+07,0,3.03862e+07,0,0,1.36187e+07
0,0,0,8.96285e+07,0,3.03932e+07,0,0,1.36187e+07
0,0,0,8.96285e+07,0,3.04003e+07,0,0,1.36187e+07
0,0,0,8.96285e+07,0,3.04073e+07,0,0,1.36187e+07
0,0,0,8.96285e+07,0,3.07623e+07,0,0,1.36187e+07
0,0,0,8.96285e+07,0,3.07694e+07,0,0,1.36187e+07
0,0,0,8.96285e+07,0,3.07765e+07,0,0,1.36187e+07
0,0,0,8.96285e+07,0,3.07836e+07,0,0,1.36187e+07
0,0,0,8.96285e+07,0,3.15282e+07,0,0,1.36187e+07
0,0,0,8.96285e+07,0,3.15354e+07,0,0,1.36187e+07
0,0,0,8.96285e+07,0,3.15427e+07,0,0,1.36187e+07
0,0,0,8.96285e+07,0,3.29925e+07,-927176,927176,1.36187e+07
0,0,0,8.96285e+07,0,3.54477e+07,-927176,927176,1.36187e+07
0,0,0,8.96285e+07,0,3.54556e+07,-927176,927176,1.36187e+07
0,0,0,8.96285e+07,0,3.54634e+07,-927176,927176,1.36187e+07
0,0,0,8.96285e+07,0,3.54713e+07,-927176,927176,1.36187e+07
0,0,0,8.96285e+07,0,3.54791e+07,-927176,927176,1.36187e+07
0,0,0,8.96285e+07,0,3.41109e+07,-927176,927176,1.36187e+07
0,0,0,8.96285e+07,0,3.41185e+07,-927176,927176,1.36187e+07
0,0,0,8.96285e+07,0,3.4126e+07,-927176,927176,1.36187e+07
0,0,0,8.96285e+07,0,3.41336e+07,-927176,927176,1.36187e+07
0,0,0,8.96285e+07,0,3.29281e+07,-927176,927176,1.36187e+07
0,0,0,8.96285e+07,0,3.29353e+07,-927176,927176,1.36187e+07
0,0,0,8.96285e+07,0,3.29426e+07,-927176,927176,1.36187e+07
0,0,0,8.96285e+07,0,3.29499e+07,-927176,927176,1.36187e+07
0,0,0,8.96285e+07,0,3.01455e+07,-927176,927176,1.36187e+07
0,0,0,8.96285e+07,0,3.01522e+07,-927176,927176,1.36187e+07
0,0,0,8.96285e+07,0,3.01588e+07,-927176,927176,1.36187e+07
0,0,0,8.96285e+07,0,3.01654e+07,-927176,927176,1.36187e+07
0,0,0,8.96285e+07,0,3.0172e+07,-927176,927176,1.36187e+07
0,0,0,8.96285e+07,7.84492e+06,3.10945e+07,-927176,927176,1.36187e+07
0,0,0,8.96285e+07,0.000745969,3.11011e+07,-927176,927176,1.36187e+07
0,0,0,8.96285e+07,0,3.11076e+07,-927176,927176,1.36187e+07
0,0,0,8.96285e+07,0,3.11142e+07,-927176,927176,1.36187e+07
0,0,0,8.96285e+07,0,3.28981e+07,0,0,1.36187e+07
0,0,0,8.96285e+07,0,3.29053e+07,0,0,1.36187e+07
0,0,0,8.96285e+07,0,3.29126e+07,0,0,1.36187e+07
0,0,0,8.96285e+07,0,3.29199e+07,0,0,1.36187e+07
0,0,0,8.96285e+07,0,2.84915e+07,0,0,1.36187e+07
0,0,0,8.96285e+07,0,2.84978e+07,0,0,1.36187e+07
0,0,0,8.96285e+07,0,2.85041e+07,0,0,1.36187e+07
0,0,0,8.96285e+07,0,2.85103e+07,0,0,1.36187e+07
0,0,0,8.96285e+07,0,2.85166e+07,0,0,1.36187e+07
0,0,0,8.96285e+07,0,2.96225e+07,0,0,1.36187e+07
0,0,0,8.96285e+07,0,2.96291e+07,0,0,1.36187e+07
0,0,0,8.96285e+07,0,2.96356e+07,0,0,1.36187e+07
0,0,0,8.96285e+07,0,2.96421e+07,0,0,1.36187e+07
0,0,0,8.96285e+07,0,2.922e+07,0,0,1.36187e+07
0,0,0,8.96285e+07,0,2.92264e+07,0,0,1.36187e+07
0,0,0,8.96285e+07,0,2.92329e+07,0,0,1.36187e+07
0,0,0,8.96285e+07,0,2.92393e+07,0,0,1.36187e+07
0,0,0,8.96285e+07,0,3.07393e+07,0,0,1.36187e+07
0,0,0,8.96285e+07,0,3.0746e+07,0,0,1.36187e+07
0,0,0,8.96285e+07,0,3.07528e+07,0,0,1.36187e+07
0,0,0,8.96285e+07,0,3.07596e+07,0,0,1.36187e+07
0,0,0,8.96285e+07,0,3.07664e+07,0,0,1.36187e+07
0,0,0,8.96285e+07,0,3.11252e+07,0,0,1.36187e+07
0,0,0,8.96285e+07,0,3.11321e+07,0,0,1.36187e+07
0,0,0,8.96285e+07,0,3.11389e+07,0,0,1.36187e+07
0,0,0,8.96285e+07,0,3.11458e+07,0,0,1.36187e+07
0,0,0,8.96285e+07,0,3.18988e+07,0,0,1.36187e+07
0,0,0,8.96285e+07,0,3.19058e+07,0,0,1.36187e+07
0,0,0,8.96285e+07,0,3.33554e+07,-927176,927176,1.36187e+07
0,0,0,8.96285e+07,0,3.33624e+07,-927176,927176,1.36187e+07
0,0,0,8.96285e+07,0,3.5846e+07,-927176,927176,1.36187e+07
0,0,0,8.96285e+07,0,3.58535e+07,-927176,927176,1.36187e+07
0,0,0,8.96285e+07,0,3.58611e+07,-927176,927176,1.36187e+07
0,0,0,8.96285e+07,0,3.58687e+07,-927176,927176,1.36187e+07
0,0,0,8.96285e+07,0,3.58763e+07,-927176,927176,1.36187e+07
0,0,0,8.96285e+07,0,3.44918e+07,-927176,927176,1.36187e+07
0,0,0,8.96285e+07,0,3.44991e+07,-927176,927176,1.36187e+07
0,0,0,8.96285e+07,0,3.45063e+07,-927176,927176,1.36187e+07
0,0,0,8.96285e+07,0,3.45136e+07,-927176,927176,1.36187e+07
0,0,0,8.96285e+07,0,3.32938e+07,-927176,927176,1.36187e+07
0,0,0,8.96285e+07,0,3.33008e+07,-927176,927176,1.36187e+07
0,0,0,8.96285e+07,0,3.33078e+07,-927176,927176,1.36187e+07
0,0,0,8.96285e+07,0,3.33148e+07,-927176,927176,1.36187e+07
0,0,0,8.96285e+07,0,3.04777e+07,-927176,927176,1.36187e+07
0,0,0,8.96285e+07,0,3.04841e+07,-927176,927176,1.36187e+07
0,0,0,8.96285e+07,0,3.04905e+07,-927176,927176,1.36187e+07
0,0,0,8.96285e+07,0,3.04969e+07,-927176,927176,1.36187e+07
0,0,0,8.96285e+07,0,3.05033e+07,-927176,927176,1.36187e+07
0,0,0,4.50279e+08,7.84492e+06,3.14361e+07,-927176,927176,1.36187e+07
0,0,0,4.50279e+08,0,2.99999e+07,0,0,1.36187e+07
0,0,0,4.50279e+08,0,3.00062e+07,0,0,1.36187e+07
0,0,0,4.50279e+08,0,3.00125e+07,0,0,1.36187e+07
0,0,0,4.50279e+08,0,3.32756e+07,0,0,1.36187e+07
0,0,0,4.50279e+08,0,3.32826e+07,0,0,1.36187e+07
0,0,0,4.50279e+08,0,3.32896e+07,0,0,1.36187e+07
0,0,0,4.50279e+08,0,3.32966e+07,0,0,1.36187e+07
0,0,0,4.50279e+08,0,2.88172e+07,0,0,1.36187e+07
0,0,0,4.50279e+08,0,2.88233e+07,0,0,1.36187e+07
0,0,0,4.50279e+08,0,2.88293e+07,0,0,1.36187e+07
0,0,0,4.50279e+08,0,2.88354e+07,0,0,1.36187e+07
0,0,0,4.50279e+08,0,2.88415e+07,0,0,1.36187e+07
0,0,0,4.50279e+08,0,2.99596e+07,0,0,1.36187e+07
0,0,0,4.50279e+08,0,2.99659e+07,0,0,1.36187e+07
0,0,0,4.50279e+08,0,2.99722e+07,0,0,1.36187e+07
0,0,0,4.50279e+08,0,2.99785e+07,0,0,1.36187e+07
0,0,0,4.50279e+08,0,2.95513e+07,0,0,1.36187e+07
0,0,0,4.50279e+08,0,2.95575e+07,0,0,1.36187e+07
0,0,0,4.50279e+08,0,2.95637e+07,0,0,1.36187e+07
0,0,0,4.50279e+08,0,2.95699e+07,0,0,1.36187e+07
0,0,0,4.50279e+08,0,3.10864e+07,0,0,1.36187e+07
0,0,0,4.50279e+08,0,3.1093e+07,0,0,1.36187e+07
0,0,0,4.50279e+08,0,3.10995e+07,0,0,1.36187e+07
0,0,0,4.50279e+08,0,3.1106e+07,0,0,1.36187e+07
0,0,0,4.50279e+08,0,3.11126e+07,0,0,1.36187e+07
0,0,0,4.50279e+08,0,3.14751e+07,0,0,1.36187e+07
0,0,0,4.50279e+08,0,3.14817e+07,0,0,1.36187e+07
0,0,0,4.50279e+08,0,3.14883e+07,0,0,1.36187e+07
0,0,0,4.50279e+08,0,3.14949e+07,0,0,1.36187e+07
0,0,0,4.50279e+08,0,3.2256e+07,0,0,1.36187e+07
0,0,0,4.50279e+08,0,3.37053e+07,-927176,927176,1.36187e+07
0,0,0,4.50279e+08,0,3.37121e+07,-927176,927176,1.36187e+07
0,0,0,4.50279e+08,0,3.37189e+07,-927176,927176,1.36187e+07
0,0,0,4.50279e+08,0,3.62298e+07,-927176,927176,1.36187e+07
0,0,0,4.50279e+08,0,3.62371e+07,-927176,927176,1.36187e+07
0,0,0,4.50279e+08,0,3.62444e+07,-927176,927176,1.36187e+07
0,0,0,4.50279e+08,0,3.62517e+07,-927176,927176,1.36187e+07
0,0,0,4.50279e+08,0,3.6259e+07,-927176,927176,1.36187e+07
0,0,0,4.50279e+08,0,3.48588e+07,-927176,927176,1.36187e+07
0,0,0,4.50279e+08,0,3.48658e+07,-927176,927176,1.36187e+07
0,0,0,4.50279e+08,0,3.48728e+07,-927176,927176,1.36187e+07
0,0,0,4.50279e+08,0,3.48798e+07,-927176,927176,1.36187e+07
0,0,0,4.50279e+08,0,3.36461e+07,-927176,927176,1.36187e+07
0,0,0,4.50279e+08,0,3.36528e+07,-927176,927176,1.36187e+07
0,0,0,4.50279e+08,0,3.36596e+07,-927176,927176,1.36187e+07
0,0,0,4.50279e+08,0,3.36663e+07,-927176,927176,1.36187e+07
0,0,0,4.50279e+08,0,3.07976e+07,-927176,927176,1.36187e+07
0,0,0,4.50279e+08,0,3.08038e+07,-927176,927176,1.36187e+07
0,0,0,4.50279e+08,0,3.081e+07,-927176,927176,1.36187e+07
0,0,0,4.50279e+08,0,3.08161e+07,-927176,927176,1.36187e+07
0,0,0,4.50279e+08,0,3.08223e+07,-927176,927176,1.36187e+07
0,0,0,5.36835e+08,7.84492e+06,3.1765e+07,-927176,927176,1.36187e+07
0,0,0,5.36835e+08,0,3.1771e+07,-927176,927176,1.36187e+07
0,0,0,5.36835e+08,0,3.17771e+07,-927176,927176,1.36187e+07
0,0,0,5.36835e+08,0,3.17832e+07,-927176,927176,1.36187e+07
0,0,0,5.36835e+08,0,3.36391e+07,0,0,1.36187e+07
0,0,0,5.36835e+08,0,3.36458e+07,0,0,1.36187e+07
0,0,0,5.36835e+08,0,3.36525e+07,0,0,1.36187e+07
0,0,0,5.36835e+08,0,3.36592e+07,0,0,1.36187e+07
0,0,0,5.36835e+08,0,2.91308e+07,0,0,1.36187e+07
0,0,0,5.36835e+08,0,2.91366e+07,0,0,1.36187e+07
0,0,0,5.36835e+08,0,2.91424e+07,0,0,1.36187e+07
0,0,0,5.36835e+08,0,2.91482e+07,0,0,1.36187e+07
0,0,0,5.36835e+08,0,2.9154e+07,0,0,1.36187e+07
0,0,0,5.36835e+08,0,3.0284e+07,0,0,1.36187e+07
0,0,0,5.36835e+08,0,3.029e+07,0,0,1.36187e+07
0,0,0,5.36835e+08,0,3.02961e+07,0,0,1.36187e+07
0,0,0,5.36835e+08,0,3.03021e+07,0,0,1.36187e+07
0,0,0,5.36835e+08,0,2.987e+07,0,0,1.36187e+07
0,0,0,5.36835e+08,0,2.98759e+07,0,0,1.36187e+07
0,0,0,5.36835e+08,0,2.98819e+07,0,0,1.36187e+07
0,0,0,5.36835e+08,0,2.98878e+07,0,0,1.36187e+07
0,0,0,5.36835e+08,0,3.14204e+07,0,0,1.36187e+07
0,0,0,5.36835e+08,0,3.14266e+07,0,0,1.36187e+07
0,0,0,5.36835e+08,0,3.14329e+07,0,0,1.36187e+07
0,0,0,5.36835e+08,0,3.14392e+07,0,0,1.36187e+07
0,0,0,5.36835e+08,0,3.14454e+07,0,0,1.36187e+07
0,0,0,5.36835e+08,0,3.18115e+07,0,0,1.36187e+07
0,0,0,5.36835e+08,0,3.18179e+07,0,0,1.36187e+07
0,0,0,5.36835e+08,0,3.18242e+07,0,0,1.36187e+07
0,0,0,5.36835e+08,0,3.32731e+07,-927176,927176,1.36187e+07
0,0,0,5.36835e+08,0,3.40419e+07,-927176,927176,1.36187e+07
0,0,0,5.36835e+08,0,3.40484e+07,-927176,927176,1.36187e+07
0,0,0,5.36835e+08,0,3.40549e+07,-927176,927176,1.36187e+07
0,0,0,5.36835e+08,0,3.40614e+07,-927176,927176,1.36187e+07
0,0,0,5.36835e+08,0,3.65987e+07,-927176,927176,1.36187e+07
0,0,0,5.36835e+08,0,3.65078e+07,-864299,864299,1.36187e+07
0,0,0,5.36835e+08,0,3.65128e+07,-862984,862984,1.36187e+07
0,0,0,5.36835e+08,0,3.65178e+07,-861669,861669,1.36187e+07
0,0,0,5.36835e+08,0,3.65227e+07,-860353,860353,1.36187e+07
0,0,0,5.36835e+08,0,3.51053e+07,-859038,859038,1.36187e+07
0,0,0,5.36835e+08,0,3.5218e+07,-927176,927176,1.36187e+07
0,0,0,5.36835e+08,0,3.52248e+07,-927176,927176,1.36187e+07
0,0,0,5.36835e+08,0,3.52315e+07,-927176,927176,1.36187e+07
0,0,0,5.36835e+08,0,3.39845e+07,-927176,927176,1.36187e+07
0,0,0,5.36835e+08,0,3.39909e+07,-927176,927176,1.36187e+07
0,0,0,5.36835e+08,0,3.39974e+07,-927176,927176,1.36187e+07
0,0,0,5.36835e+08,0,3.40039e+07,-927176,927176,1.36187e+07
0,0,0,5.36835e+08,0,3.11048e+07,-927176,927176,1.36187e+07
0,0,0,5.36835e+08,0,3.11107e+07,-927176,927176,1.36187e+07
0,0,0,5.36835e+08,0,3.11167e+07,-927176,927176,1.36187e+07
0,0,0,5.36835e+08,0,3.11226e+07,-927176,927176,1.36187e+07
0,0,0,5.36835e+08,0,3.11285e+07,-927176,927176,1.36187e+07
0,0,0,5.36835e+08,7.84492e+06,3.20807e+07,-927176,927176,1.36187e+07
0,0,0,5.36835e+08,0,3.20865e+07,-927176,927176,1.36187e+07
0,0,0,5.36835e+08,0,3.20923e+07,-927176,927176,1.36187e+07
0,0,0,5.36835e+08,0,3.20981e+07,-927176,927176,1.36187e+07
0,0,0,5.36835e+08,0,3.54304e+07,-927176,927176,1.36187e+07
0,0,0,5.36835e+08,0,3.54368e+07,-927176,927176,1.36187e+07
0,0,0,5.36835e+08,0,3.54432e+07,-927176,927176,1.36187e+07
0,0,0,5.36835e+08,0,3.54497e+07,-927176,927176,1.36187e+07
0,0,0,5.36835e+08,0,3.08741e+07,-927176,927176,1.36187e+07
0,0,0,5.36835e+08,0,3.08797e+07,-927176,927176,1.36187e+07
0,0,0,5.36835e+08,0,3.08852e+07,-927176,927176,1.36187e+07
0,0,0,5.36835e+08,0,3.08908e+07,-927176,927176,1.36187e+07
0,0,0,5.36835e+08,0,3.08963e+07,-927176,927176,1.36187e+07
0,0,0,5.36835e+08,0,3.20376e+07,-927176,927176,1.36187e+07
0,0,0,5.36835e+08,0,3.20434e+07,-927176,927176,1.36187e+07
0,0,0,5.36835e+08,0,3.20492e+07,-927176,927176,1.36187e+07
0,0,0,5.36835e+08,0,3.2055e+07,-927176,927176,1.36187e+07
0,0,0,5.36835e+08,0,3.1618e+07,-927176,927176,1.36187e+07
0,0,0,5.36835e+08,0,3.16237e+07,-927176,927176,1.36187e+07
0,0,0,5.36835e+08,0,3.16294e+07,-927176,927176,1.36187e+07
0,0,0,5.36835e+08,0,3.16351e+07,-927176,927176,1.36187e+07
0,0,0,5.36835e+08,0,3.3183e+07,-927176,927176,1.36187e+07
0,0,0,5.36835e+08,0,3.17464e+07,0,0,1.36187e+07
0,0,0,5.36835e+08,0,3.31949e+07,-927176,927176,1.36187e+07
0,0,0,5.36835e+08,0,3.32009e+07,-927176,927176,1.36187e+07
0,0,0,5.36835e+08,0,3.32069e+07,-927176,927176,1.36187e+07
0,0,0,5.36835e+08,0,3.35764e+07,-927176,927176,1.36187e+07
0,0,0,5.36835e+08,0,3.35825e+07,-927176,927176,1.36187e+07
0,0,0,5.36835e+08,0,3.35885e+07,-927176,927176,1.36187e+07
0,0,0,5.36835e+08,0,3.35946e+07,-927176,927176,1.36187e+07
0,0,0,5.36835e+08,0,3.43709e+07,-927176,927176,1.36187e+07
0,0,0,5.36835e+08,0,3.43771e+07,-927176,927176,1.36187e+07
0,0,0,5.36835e+08,0,3.43833e+07,-927176,927176,1.36187e+07
0,0,0,5.36835e+08,0,3.43895e+07,-927176,927176,1.36187e+07
0,0,0,5.36835e+08,0,3.69519e+07,-927176,927176,1.36187e+07
0,0,0,5.36835e+08,0,3.67576e+07,-797999,797999,1.36187e+07
0,0,0,5.36835e+08,0,3.67624e+07,-796741,796741,1.36187e+07
0,0,0,5.36835e+08,0,3.67671e+07,-795483,795483,1.36187e+07
0,0,0,5.36835e+08,0,3.67719e+07,-794225,794225,1.36187e+07
0,0,0,5.36835e+08,0,3.534e+07,-792966,792966,1.36187e+07
0,0,0,5.36835e+08,0,3.55552e+07,-927176,927176,1.36187e+07
0,0,0,5.36835e+08,0,3.55617e+07,-927176,927176,1.36187e+07
0,0,0,5.36835e+08,0,3.55681e+07,-927176,927176,1.36187e+07
0,0,0,5.36835e+08,0,3.43083e+07,-927176,927176,1.36187e+07
0,0,0,5.36835e+08,0,3.43145e+07,-927176,927176,1.36187e+07
0,0,0,5.36835e+08,0,3.43207e+07,-927176,927176,1.36187e+07
0,0,0,5.36835e+08,0,3.43269e+07,-927176,927176,1.36187e+07
0,0,0,5.36835e+08,0,3.13988e+07,-927176,927176,1.36187e+07
0,0,0,5.36835e+08,0,3.14044e+07,-927176,927176,1.36187e+07
0,0,0,5.36835e+08,0,3.14101e+07,-927176,927176,1.36187e+07
0,0,0,5.36835e+08,0,3.14157e+07,-927176,927176,1.36187e+07
0,0,0,5.36835e+08,0,3.14214e+07,-927176,927176,1.36187e+07
0,0,0,5.36835e+08,0,3.23827e+07,-927176,927176,1.36187e+07
0,0,0,5.36835e+08,7.84492e+06,3.23882e+07,-927176,927176,1.36187e+07
0,0,0,5.36835e+08,0,3.23937e+07,-927176,927176,1.36187e+07
0,0,0,5.36835e+08,0,3.23993e+07,-927176,927176,1.36187e+07
0,0,0,5.36835e+08,0,3.57639e+07,-927176,927176,1.36187e+07
0,0,0,5.36835e+08,0,3.57701e+07,-927176,927176,1.36187e+07
0,0,0,5.36835e+08,0,3.57762e+07,-927176,927176,1.36187e+07
0,0,0,5.36835e+08,0,3.57823e+07,-927176,927176,1.36187e+07
0,0,0,5.36835e+08,0,3.11617e+07,-927176,927176,1.36187e+07
0,0,0,5.36835e+08,0,3.1167e+07,-927176,927176,1.36187e+07
0,0,0,5.36835e+08,0,3.11723e+07,-927176,927176,1.36187e+07
0,0,0,5.36835e+08,0,3.11776e+07,-927176,927176,1.36187e+07
0,0,0,5.36835e+08,0,3.11829e+07,-927176,927176,1.36187e+07
0,0,0,5.36835e+08,0,3.2335e+07,-927176,927176,1.36187e+07
0,0,0,5.36835e+08,0,3.23405e+07,-927176,927176,1.36187e+07
0,0,0,5.36835e+08,0,3.2346e+07,-927176,927176,1.36187e+07
0,0,0,5.36835e+08,0,3.23515e+07,-927176,927176,1.36187e+07
0,0,0,5.36835e+08,0,3.19101e+07,-927176,927176,1.36187e+07
0,0,0,5.36835e+08,0,3.0473e+07,0,0,1.36187e+07
0,0,0,5.36835e+08,0,3.04784e+07,0,0,1.36187e+07
0,0,0,5.36835e+08,0,3.04838e+07,0,0,1.36187e+07
0,0,0,5.36835e+08,0,3.20463e+07,0,0,1.36187e+07
0,0,0,5.36835e+08,0,3.2052e+07,0,0,1.36187e+07
0,0,0,5.36835e+08,0,3.20577e+07,0,0,1.36187e+07
0,0,0,5.36835e+08,0,3.20634e+07,0,0,1.36187e+07
0,0,0,5.36835e+08,0,3.35117e+07,-927176,927176,1.36187e+07
0,0,0,5.36835e+08,0,3.38843e+07,-927176,927176,1.36187e+07
0,0,0,5.36835e+08,0,3.38901e+07,-927176,927176,1.36187e+07
0,0,0,5.36835e+08,0,3.38959e+07,-927176,927176,1.36187e+07
0,0,0,5.36835e+08,0,3.39017e+07,-927176,927176,1.36187e+07
0,0,0,5.36835e+08,0,3.4685e+07,-927176,927176,1.36187e+07
0,0,0,5.36835e+08,0,3.4691e+07,-927176,927176,1.36187e+07
0,0,0,5.36835e+08,0,3.46969e+07,-927176,927176,1.36187e+07
0,0,0,5.36835e+08,0,3.47028e+07,-927176,927176,1.36187e+07
0,0,0,5.36835e+08,0,3.72892e+07,-927176,927176,1.36187e+07
0,0,0,5.36835e+08,0,3.69961e+07,-734694,734694,1.36187e+07
0,0,0,5.36835e+08,0,3.70006e+07,-733495,733495,1.36187e+07
0,0,0,5.36835e+08,0,3.70052e+07,-732294,732294,1.36187e+07
0,0,0,5.36835e+08,0,3.70097e+07,-731095,731095,1.36187e+07
0,0,0,5.36835e+08,0,3.5564e+07,-729894,729894,1.36187e+07
0,0,0,5.36835e+08,0,3.58771e+07,-927176,927176,1.36187e+07
0,0,0,5.36835e+08,0,3.58832e+07,-927176,927176,1.36187e+07
0,0,0,5.36835e+08,0,3.58894e+07,-927176,927176,1.36187e+07
0,0,0,5.36835e+08,0,3.46174e+07,-927176,927176,1.36187e+07
0,0,0,5.36835e+08,0,3.46233e+07,-927176,927176,1.36187e+07
0,0,0,5.36835e+08,0,3.46292e+07,-927176,927176,1.36187e+07
0,0,0,5.36835e+08,0,3.46351e+07,-927176,927176,1.36187e+07
0,0,0,5.36835e+08,0,3.16792e+07,-927176,927176,1.36187e+07
0,0,0,5.36835e+08,0,3.16846e+07,-927176,927176,1.36187e+07
0,0,0,5.36835e+08,0,3.169e+07,-927176,927176,1.36187e+07
0,0,0,5.36835e+08,0,3.16954e+07,-927176,927176,1.36187e+07
0,0,0,5.36835e+08,0,3.17008e+07,-927176,927176,1.36187e+07
0,0,0,5.36835e+08,0,3.17008e+07,-927176,927176,1.36187e+07
0,0,0,5.36835e+08,7.84492e+06,3.26707e+07,-927176,927176,1.36187e+07
0,0,0,5.36835e+08,0,3.2676e+07,-927176,927176,1.36187e+07
0,0,0,5.36835e+08,0,3.26812e+07,-927176,927176,1.36187e+07
0,0,0,5.36835e+08,0,3.26865e+07,-927176,927176,1.36187e+07
0,0,0,5.36835e+08,0,3.6082e+07,-927176,927176,1.36187e+07
0,0,0,5.36835e+08,0,3.60879e+07,-927176,927176,1.36187e+07
0,0,0,5.36835e+08,0,3.60937e+07,-927176,927176,1.36187e+07
0,0,0,5.36835e+08,0,3.60995e+07,-927176,927176,1.36187e+07
0,0,0,5.36835e+08,0,3.14359e+07,-927176,927176,1.36187e+07
0,0,0,5.36835e+08,0,3.1441e+07,-927176,927176,1.36187e+07
0,0,0,5.36835e+08,0,3.1446e+07,-927176,927176,1.36187e+07
0,0,0,5.36835e+08,0,3.14511e+07,-927176,927176,1.36187e+07
0,0,0,5.36835e+08,0,3.00136e+07,0,0,1.36187e+07
0,0,0,5.36835e+08,0,3.11759e+07,0,0,1.36187e+07
0,0,0,5.36835e+08,0,3.11812e+07,0,0,1.36187e+07
0,0,0,5.36835e+08,0,3.11864e+07,0,0,1.36187e+07
0,0,0,5.36835e+08,0,3.11917e+07,0,0,1.36187e+07
0,0,0,5.36835e+08,0,3.07458e+07,0,0,1.36187e+07
0,0,0,5.36835e+08,0,3.0751e+07,0,0,1.36187e+07
0,0,0,5.36835e+08,0,3.07562e+07,0,0,1.36187e+07
0,0,0,5.36835e+08,0,3.07614e+07,0,0,1.36187e+07
0,0,0,5.36835e+08,0,3.23377e+07,0,0,1.36187e+07
0,0,0,5.36835e+08,0,3.23431e+07,0,0,1.36187e+07
0,0,0,5.36835e+08,0,3.23485e+07,0,0,1.36187e+07
0,0,0,5.36835e+08,0,3.2354e+07,0,0,1.36187e+07
0,0,0,5.36835e+08,0,3.23594e+07,0,0,1.36187e+07
0,0,0,5.36835e+08,0,3.41776e+07,-927176,927176,1.36187e+07
0,0,0,5.36835e+08,0,3.41832e+07,-927176,927176,1.36187e+07
0,0,0,5.36835e+08,0,3.41887e+07,-927176,927176,1.36187e+07
0,0,0,5.36835e+08,0,3.41942e+07,-927176,927176,1.36187e+07
0,0,0,5.36835e+08,0,3.49842e+07,-927176,927176,1.36187e+07
0,0,0,5.36835e+08,0,3.49899e+07,-927176,927176,1.36187e+07
0,0,0,5.36835e+08,0,3.49955e+07,-927176,927176,1.36187e+07
0,0,0,5.36835e+08,0,3.50012e+07,-927176,927176,1.36187e+07
0,0,0,5.36835e+08,0,3.76103e+07,-927176,927176,1.36187e+07
0,0,0,5.36835e+08,0,3.72232e+07,-674414,674414,1.36187e+07
0,0,0,5.36835e+08,0,3.72275e+07,-673273,673273,1.36187e+07
0,0,0,5.36835e+08,0,3.72318e+07,-672131,672131,1.36187e+07
0,0,0,5.36835e+08,0,3.72361e+07,-670990,670990,1.36187e+07
0,0,0,5.36835e+08,0,3.57773e+07,-669848,669848,1.36187e+07
0,0,0,5.36835e+08,0,3.61835e+07,-927176,927176,1.36187e+07
0,0,0,5.36835e+08,0,3.61893e+07,-927176,927176,1.36187e+07
0,0,0,5.36835e+08,0,3.61952e+07,-927176,927176,1.36187e+07
0,0,0,5.36835e+08,0,3.49115e+07,-927176,927176,1.36187e+07
0,0,0,5.36835e+08,0,3.49172e+07,-927176,927176,1.36187e+07
0,0,0,5.36835e+08,0,3.49228e+07,-927176,927176,1.36187e+07
0,0,0,5.36835e+08,0,3.49284e+07,-927176,927176,1.36187e+07
0,0,0,5.36835e+08,0,3.19461e+07,-927176,927176,1.36187e+07
0,0,0,5.36835e+08,0,3.19512e+07,-927176,927176,1.36187e+07
0,0,0,5.36835e+08,0,3.19563e+07,-927176,927176,1.36187e+07
0,0,0,5.36835e+08,0,3.19615e+07,-927176,927176,1.36187e+07
0,0,0,5.36835e+08,0,3.19666e+07,-927176,927176,1.36187e+07
0,0,0,5.36835e+08,4.05321e+07,3.29447e+07,-927176,927176,1.36187e+07
0,0,0,5.36835e+08,0,3.29497e+07,-927176,927176,1.36187e+07
0,0,0,5.36835e+08,0,3.29547e+07,-927176,927176,1.36187e+07
0,0,0,5.36835e+08,0,3.29597e+07,-927176,927176,1.36187e+07
0,0,0,5.36835e+08,0,3.63846e+07,-927176,927176,1.36187e+07
0,0,0,5.36835e+08,0,3.63901e+07,-927176,927176,1.36187e+07
0,0,0,5.36835e+08,0,3.63956e+07,-927176,927176,1.36187e+07
0,0,0,5.36835e+08,0,3.64012e+07,-927176,927176,1.36187e+07
0,0,0,5.36835e+08,0,3.02541e+07,0,0,1.36187e+07
0,0,0,5.36835e+08,0,3.02589e+07,0,0,1.36187e+07
0,0,0,5.36835e+08,0,3.02637e+07,0,0,1.36187e+07
0,0,0,5.36835e+08,0,3.02685e+07,0,0,1.36187e+07
0,0,0,5.36835e+08,0,3.02733e+07,0,0,1.36187e+07
0,0,0,5.36835e+08,0,3.14453e+07,0,0,1.36187e+07
0,0,0,5.36835e+08,0,3.14503e+07,0,0,1.36187e+07
0,0,0,5.36835e+08,0,3.14553e+07,0,0,1.36187e+07
0,0,0,5.36835e+08,0,3.14603e+07,0,0,1.36187e+07
0,0,0,5.36835e+08,0,3.10103e+07,0,0,1.36187e+07
0,0,0,5.36835e+08,0,3.10152e+07,0,0,1.36187e+07
0,0,0,5.36835e+08,0,3.10201e+07,0,0,1.36187e+07
0,0,0,5.36835e+08,0,3.1025e+07,0,0,1.36187e+07
0,0,0,5.36835e+08,0,3.26145e+07,0,0,1.36187e+07
0,0,0,5.36835e+08,0,3.26197e+07,0,0,1.36187e+07
0,0,0,5.36835e+08,0,3.26248e+07,0,0,1.36187e+07
0,0,0,5.36835e+08,0,3.40725e+07,-927176,927176,1.36187e+07
0,0,0,5.36835e+08,0,3.40777e+07,-927176,927176,1.36187e+07
0,0,0,5.36835e+08,0,3.44562e+07,-927176,927176,1.36187e+07
0,0,0,5.36835e+08,0,3.44615e+07,-927176,927176,1.36187e+07
0,0,0,5.36835e+08,0,3.44667e+07,-927176,927176,1.36187e+07
0,0,0,5.36835e+08,0,3.44719e+07,-927176,927176,1.36187e+07
0,0,0,5.36835e+08,0,3.52683e+07,-927176,927176,1.36187e+07
0,0,0,5.36835e+08,0,3.52737e+07,-927176,927176,1.36187e+07
0,0,0,5.36835e+08,0,3.5279e+07,-927176,927176,1.36187e+07
0,0,0,5.36835e+08,0,3.52844e+07,-927176,927176,1.36187e+07
0,0,0,5.36835e+08,0,3.79152e+07,-927176,927176,1.36187e+07
0,0,0,5.36835e+08,0,3.74387e+07,-617194,617194,1.36187e+07
0,0,0,5.36835e+08,0,3.74428e+07,-616112,616112,1.36187e+07
0,0,0,5.36835e+08,0,3.74469e+07,-615030,615030,1.36187e+07
0,0,0,5.36835e+08,0,3.74509e+07,-613948,613948,1.36187e+07
0,0,0,5.36835e+08,0,3.59797e+07,-612865,612865,1.36187e+07
0,0,0,5.36835e+08,0,3.64742e+07,-927176,927176,1.36187e+07
0,0,0,5.36835e+08,0,3.64798e+07,-927176,927176,1.36187e+07
0,0,0,5.36835e+08,0,3.64853e+07,-927176,927176,1.36187e+07
0,0,0,5.36835e+08,0,3.51906e+07,-927176,927176,1.36187e+07
0,0,0,5.36835e+08,0,3.51959e+07,-927176,927176,1.36187e+07
0,0,0,5.36835e+08,0,3.52013e+07,-927176,927176,1.36187e+07
0,0,0,5.36835e+08,0,3.52066e+07,-927176,927176,1.36187e+07
0,0,0,5.36835e+08,0,3.21992e+07,-927176,927176,1.36187e+07
0,0,0,5.36835e+08,0,3.2204e+07,-927176,927176,1.36187e+07
0,0,0,5.36835e+08,0,3.22089e+07,-927176,927176,1.36187e+07
0,0,0,5.36835e+08,0,3.22138e+07,-927176,927176,1.36187e+07
0,0,0,5.36835e+08,0,3.22186e+07,-927176,927176,1.36187e+07
0,0,0,5.36835e+08,4.8377e+07,3.32045e+07,-927176,927176,1.36187e+07
0,0,0,5.36835e+08,0,3.32092e+07,-927176,927176,1.36187e+07
0,0,0,5.36835e+08,0,3.32139e+07,-927176,927176,1.36187e+07
0,0,0,5.36835e+08,0,3.32186e+07,-927176,927176,1.36187e+07
0,0,0,5.36835e+08,0,3.66713e+07,-927176,927176,1.36187e+07
0,0,0,5.36835e+08,0,3.66765e+07,-927176,927176,1.36187e+07
0,0,0,5.36835e+08,0,3.66818e+07,-927176,927176,1.36187e+07
0,0,0,5.36835e+08,0,3.6687e+07,-927176,927176,1.36187e+07
0,0,0,5.36835e+08,0,3.05012e+07,0,0,1.36187e+07
0,0,0,5.36835e+08,0,3.05057e+07,0,0,1.36187e+07
0,0,0,5.36835e+08,0,3.05102e+07,0,0,1.36187e+07
0,0,0,5.36835e+08,0,3.05147e+07,0,0,1.36187e+07
0,0,0,5.36835e+08,0,3.05192e+07,0,0,1.36187e+07
0,0,0,5.36835e+08,0,3.17005e+07,0,0,1.36187e+07
0,0,0,5.36835e+08,0,3.17052e+07,0,0,1.36187e+07
0,0,0,5.36835e+08,0,3.17099e+07,0,0,1.36187e+07
0,0,0,5.36835e+08,0,3.17146e+07,0,0,1.36187e+07
0,0,0,5.36835e+08,0,3.12607e+07,0,0,1.36187e+07
0,0,0,5.36835e+08,0,3.12653e+07,0,0,1.36187e+07
0,0,0,5.36835e+08,0,3.12699e+07,0,0,1.36187e+07
0,0,0,5.36835e+08,0,3.12746e+07,0,0,1.36187e+07
0,0,0,5.36835e+08,0,3.28765e+07,0,0,1.36187e+07
0,0,0,5.36835e+08,0,3.28814e+07,0,0,1.36187e+07
0,0,0,5.36835e+08,0,3.28862e+07,0,0,1.36187e+07
0,0,0,5.36835e+08,0,3.28911e+07,0,0,1.36187e+07
0,0,0,5.36835e+08,0,3.2896e+07,0,0,1.36187e+07
0,0,0,5.36835e+08,0,3.32772e+07,0,0,1.36187e+07
0,0,0,5.36835e+08,0,3.32821e+07,0,0,1.36187e+07
0,0,0,5.36835e+08,0,3.47296e+07,-927176,927176,1.36187e+07
0,0,0,5.36835e+08,0,3.47345e+07,-927176,927176,1.36187e+07
0,0,0,5.36835e+08,0,3.55369e+07,-927176,927176,1.36187e+07
0,0,0,5.36835e+08,0,3.5542e+07,-927176,927176,1.36187e+07
0,0,0,5.36835e+08,0,3.5547e+07,-927176,927176,1.36187e+07
0,0,0,5.36835e+08,0,3.55521e+07,-927176,927176,1.36187e+07
0,0,0,5.36835e+08,0,3.82034e+07,-927176,927176,1.36187e+07
0,0,0,5.36835e+08,0,3.82088e+07,-927176,927176,1.36187e+07
0,0,0,5.36835e+08,0,3.82142e+07,-927176,927176,1.36187e+07
0,0,0,5.36835e+08,0,3.82197e+07,-927176,927176,1.36187e+07
0,0,0,5.36835e+08,0,3.82251e+07,-927176,927176,1.36187e+07
0,0,0,5.36835e+08,0,3.67436e+07,-927176,927176,1.36187e+07
0,0,0,5.36835e+08,0,3.67488e+07,-927176,927176,1.36187e+07
0,0,0,5.36835e+08,0,3.67541e+07,-927176,927176,1.36187e+07
0,0,0,5.36835e+08,0,3.67593e+07,-927176,927176,1.36187e+07
0,0,0,5.36835e+08,0,3.54541e+07,-927176,927176,1.36187e+07
0,0,0,5.36835e+08,0,3.54592e+07,-927176,927176,1.36187e+07
0,0,0,5.36835e+08,0,3.54642e+07,-927176,927176,1.36187e+07
0,0,0,5.36835e+08,0,3.54692e+07,-927176,927176,1.36187e+07
0,0,0,5.36835e+08,0,3.24381e+07,-927176,927176,1.36187e+07
0,0,0,5.36835e+08,0,3.10002e+07,0,0,1.36187e+07
0,0,0,5.36835e+08,0,3.10048e+07,0,0,1.36187e+07
0,0,0,5.36835e+08,0,3.24519e+07,-927176,927176,1.36187e+07
0,0,0,5.36835e+08,0,3.10139e+07,0,0,1.36187e+07
0,0,0,5.36835e+08,4.8377e+07,3.20071e+07,0,0,1.36187e+07
0,0,0,5.36835e+08,0,3.20116e+07,0,0,1.36187e+07
0,0,0,5.36835e+08,0,3.2016e+07,0,0,1.36187e+07
0,0,0,5.36835e+08,0,3.20204e+07,0,0,1.36187e+07
0,0,0,5.36835e+08,0,3.54993e+07,0,0,1.36187e+07
0,0,0,5.36835e+08,0,3.55042e+07,0,0,1.36187e+07
0,0,0,5.36835e+08,0,3.55091e+07,0,0,1.36187e+07
0,0,0,5.36835e+08,0,3.5514e+07,0,0,1.36187e+07
0,0,0,5.36835e+08,0,3.07341e+07,0,0,1.36187e+07
0,0,0,5.36835e+08,0,3.07384e+07,0,0,1.36187e+07
0,0,0,5.36835e+08,0,3.07426e+07,0,0,1.36187e+07
0,0,0,5.36835e+08,0,3.07468e+07,0,0,1.36187e+07
0,0,0,5.36835e+08,0,3.07511e+07,0,0,1.36187e+07
0,0,0,5.36835e+08,0,3.1941e+07,0,0,1.36187e+07
0,0,0,5.36835e+08,0,3.19454e+07,0,0,1.36187e+07
0,0,0,5.36835e+08,0,3.19498e+07,0,0,1.36187e+07
0,0,0,5.36835e+08,0,3.19542e+07,0,0,1.36187e+07
0,0,0,5.36835e+08,0,3.14966e+07,0,0,1.36187e+07
0,0,0,5.36835e+08,0,3.15009e+07,0,0,1.36187e+07
0,0,0,5.36835e+08,0,3.15053e+07,0,0,1.36187e+07
0,0,0,5.36835e+08,0,3.15096e+07,0,0,1.36187e+07
0,0,0,5.36835e+08,0,3.31233e+07,0,0,1.36187e+07
0,0,0,5.36835e+08,0,3.31278e+07,0,0,1.36187e+07
0,0,0,5.36835e+08,0,3.31324e+07,0,0,1.36187e+07
0,0,0,5.36835e+08,0,3.3137e+07,0,0,1.36187e+07
0,0,0,5.36835e+08,0,3.31416e+07,0,0,1.36187e+07
0,0,0,5.36835e+08,0,3.49679e+07,-927176,927176,1.36187e+07
0,0,0,5.36835e+08,0,3.353e+07,0,0,1.36187e+07
0,0,0,5.36835e+08,0,3.49771e+07,-927176,927176,1.36187e+07
0,0,0,5.36835e+08,0,3.49817e+07,-927176,927176,1.36187e+07
0,0,0,5.36835e+08,0,3.57898e+07,-927176,927176,1.36187e+07
0,0,0,5.36835e+08,0,3.57945e+07,-927176,927176,1.36187e+07
0,0,0,5.36835e+08,0,3.57993e+07,-927176,927176,1.36187e+07
0,0,0,5.36835e+08,0,3.5804e+07,-927176,927176,1.36187e+07
0,0,0,5.36835e+08,0,3.84745e+07,-927176,927176,1.36187e+07
0,0,0,5.36835e+08,0,3.84796e+07,-927176,927176,1.36187e+07
0,0,0,5.36835e+08,0,3.84847e+07,-927176,927176,1.36187e+07
0,0,0,5.36835e+08,0,3.84898e+07,-927176,927176,1.36187e+07
0,0,0,5.36835e+08,0,3.84949e+07,-927176,927176,1.36187e+07
0,0,0,5.36835e+08,0,3.70022e+07,-927176,927176,1.36187e+07
0,0,0,5.36835e+08,0,3.70071e+07,-927176,927176,1.36187e+07
0,0,0,5.36835e+08,0,3.7012e+07,-927176,927176,1.36187e+07
0,0,0,5.36835e+08,0,3.70169e+07,-927176,927176,1.36187e+07
0,0,0,5.36835e+08,0,3.57019e+07,-927176,927176,1.36187e+07
0,0,0,5.36835e+08,0,3.57067e+07,-927176,927176,1.36187e+07
0,0,0,5.36835e+08,0,3.57114e+07,-927176,927176,1.36187e+07
0,0,0,5.36835e+08,0,3.57161e+07,-927176,927176,1.36187e+07
0,0,0,5.36835e+08,0,3.26627e+07,-927176,927176,1.36187e+07
0,0,0,5.36835e+08,0,3.2667e+07,-927176,927176,1.36187e+07
0,0,0,5.36835e+08,0,3.26713e+07,-927176,927176,1.36187e+07
0,0,0,5.36835e+08,0,3.26756e+07,-927176,927176,1.36187e+07
0,0,0,5.36835e+08,0,3.26799e+07,-927176,927176,1.36187e+07
0,0,0,5.36835e+08,0,3.368e+07,-927176,927176,1.36187e+07
0,0,0,5.36835e+08,4.05321e+07,3.36841e+07,-927176,927176,1.36187e+07
0,0,0,5.36835e+08,0,3.36882e+07,-927176,927176,1.36187e+07
0,0,0,5.36835e+08,0,3.36924e+07,-927176,927176,1.36187e+07
0,0,0,5.36835e+08,0,3.71958e+07,-927176,927176,1.36187e+07
0,0,0,5.36835e+08,0,3.57579e+07,0,0,1.36187e+07
0,0,0,5.36835e+08,0,3.57625e+07,0,0,1.36187e+07
0,0,0,5.36835e+08,0,3.57671e+07,0,0,1.36187e+07
0,0,0,5.36835e+08,0,3.09529e+07,0,0,1.36187e+07
0,0,0,5.36835e+08,0,3.09568e+07,0,0,1.36187e+07
0,0,0,5.36835e+08,0,3.09608e+07,0,0,1.36187e+07
0,0,0,5.36835e+08,0,3.09648e+07,0,0,1.36187e+07
0,0,0,5.36835e+08,0,3.09688e+07,0,0,1.36187e+07
0,0,0,5.36835e+08,0,3.21668e+07,0,0,1.36187e+07
0,0,0,5.36835e+08,0,3.21709e+07,0,0,1.36187e+07
0,0,0,5.36835e+08,0,3.21751e+07,0,0,1.36187e+07
0,0,0,5.36835e+08,0,3.21792e+07,0,0,1.36187e+07
0,0,0,5.36835e+08,0,3.1718e+07,0,0,1.36187e+07
0,0,0,5.36835e+08,0,3.17221e+07,0,0,1.36187e+07
0,0,0,5.36835e+08,0,3.17262e+07,0,0,1.36187e+07
0,0,0,5.36835e+08,0,3.17302e+07,0,0,1.36187e+07
0,0,0,5.36835e+08,0,3.33549e+07,0,0,1.36187e+07
0,0,0,5.36835e+08,0,3.33592e+07,0,0,1.36187e+07
0,0,0,5.36835e+08,0,3.33634e+07,0,0,1.36187e+07
0,0,0,5.36835e+08,0,3.48102e+07,-927176,927176,1.36187e+07
0,0,0,5.36835e+08,0,3.48145e+07,-927176,927176,1.36187e+07
0,0,0,5.36835e+08,0,3.52007e+07,-927176,927176,1.36187e+07
0,0,0,5.36835e+08,0,3.5205e+07,-927176,927176,1.36187e+07
0,0,0,5.36835e+08,0,3.52093e+07,-927176,927176,1.36187e+07
0,0,0,5.36835e+08,0,3.52137e+07,-927176,927176,1.36187e+07
0,0,0,5.36835e+08,0,3.60269e+07,-927176,927176,1.36187e+07
0,0,0,5.36835e+08,0,3.60314e+07,-927176,927176,1.36187e+07
0,0,0,5.36835e+08,0,3.60358e+07,-927176,927176,1.36187e+07
0,0,0,5.36835e+08,0,3.60403e+07,-927176,927176,1.36187e+07
0,0,0,5.36835e+08,0,3.87288e+07,-927176,927176,1.36187e+07
0,0,0,5.36835e+08,0,3.87336e+07,-927176,927176,1.36187e+07
0,0,0,5.36835e+08,0,3.87383e+07,-927176,927176,1.36187e+07
0,0,0,5.36835e+08,0,3.87431e+07,-927176,927176,1.36187e+07
0,0,0,5.36835e+08,0,3.87479e+07,-927176,927176,1.36187e+07
0,0,0,5.36835e+08,0,3.72447e+07,-927176,927176,1.36187e+07
0,0,0,5.36835e+08,0,3.72493e+07,-927176,927176,1.36187e+07
0,0,0,5.36835e+08,0,3.72539e+07,-927176,927176,1.36187e+07
0,0,0,5.36835e+08,0,3.72585e+07,-927176,927176,1.36187e+07
0,0,0,5.36835e+08,0,3.59342e+07,-927176,927176,1.36187e+07
0,0,0,5.36835e+08,0,3.59386e+07,-927176,927176,1.36187e+07
0,0,0,5.36835e+08,0,3.5943e+07,-927176,927176,1.36187e+07
0,0,0,5.36835e+08,0,3.59475e+07,-927176,927176,1.36187e+07
0,0,0,5.36835e+08,0,3.28731e+07,-927176,927176,1.36187e+07
0,0,0,5.36835e+08,0,3.28772e+07,-927176,927176,1.36187e+07
0,0,0,5.36835e+08,0,3.28812e+07,-927176,927176,1.36187e+07
0,0,0,5.36835e+08,0,3.28852e+07,-927176,927176,1.36187e+07
0,0,0,5.36835e+08,0,3.28893e+07,-927176,927176,1.36187e+07
0,0,0,5.36835e+08,0,3.38957e+07,-927176,927176,1.36187e+07
0,0,0,5.36835e+08,0,3.38996e+07,-927176,927176,1.36187e+07
0,0,0,5.36835e+08,0,3.39035e+07,-927176,927176,1.36187e+07
0,0,0,5.36835e+08,0,3.39073e+07,-927176,927176,1.36187e+07
0,0,0,5.36835e+08,0,3.74338e+07,-927176,927176,1.36187e+07
0,0,0,5.36835e+08,0,3.74381e+07,-927176,927176,1.36187e+07
0,0,0,5.36835e+08,0,3.74424e+07,-927176,927176,1.36187e+07
0,0,0,5.36835e+08,0,3.74467e+07,-927176,927176,1.36187e+07
0,0,0,5.36835e+08,0,3.26002e+07,-927176,927176,1.36187e+07
0,0,0,5.36835e+08,0,3.26039e+07,-927176,927176,1.36187e+07
0,0,0,5.36835e+08,0,3.26077e+07,-927176,927176,1.36187e+07
0,0,0,5.36835e+08,0,3.26114e+07,-927176,927176,1.36187e+07
0,0,0,5.36835e+08,0,3.26151e+07,-927176,927176,1.36187e+07
0,0,0,5.36835e+08,0,3.38207e+07,-927176,927176,1.36187e+07
0,0,0,5.36835e+08,0,3.38245e+07,-927176,927176,1.36187e+07
0,0,0,5.36835e+08,0,3.38284e+07,-927176,927176,1.36187e+07
0,0,0,5.36835e+08,0,3.38323e+07,-927176,927176,1.36187e+07
0,0,0,5.36835e+08,0,3.33678e+07,-927176,927176,1.36187e+07
0,0,0,5.36835e+08,0,3.33716e+07,-927176,927176,1.36187e+07
0,0,0,5.36835e+08,0,3.33754e+07,-927176,927176,1.36187e+07
0,0,0,5.36835e+08,0,3.33792e+07,-927176,927176,1.36187e+07
0,0,0,5.36835e+08,0,3.5014e+07,-927176,927176,1.36187e+07
0,0,0,5.36835e+08,0,3.5018e+07,-927176,927176,1.36187e+07
0,0,0,5.36835e+08,0,3.50221e+07,-927176,927176,1.36187e+07
0,0,0,5.36835e+08,0,3.50261e+07,-927176,927176,1.36187e+07
0,0,0,5.36835e+08,0,3.50301e+07,-927176,927176,1.36187e+07
0,0,0,5.36835e+08,0,3.54183e+07,-927176,927176,1.36187e+07
0,0,0,5.36835e+08,0,3.54224e+07,-927176,927176,1.36187e+07
0,0,0,5.36835e+08,0,3.54264e+07,-927176,927176,1.36187e+07
0,0,0,5.36835e+08,0,3.54305e+07,-927176,927176,1.36187e+07
0,0,0,5.36835e+08,0,3.62487e+07,-927176,927176,1.36187e+07
0,0,0,5.36835e+08,0,3.62528e+07,-927176,927176,1.36187e+07
0,0,0,5.36835e+08,0,3.6257e+07,-927176,927176,1.36187e+07
0,0,0,5.36835e+08,0,3.62611e+07,-927176,927176,1.36187e+07
0,0,0,5.36835e+08,0,3.89664e+07,-927176,927176,1.36187e+07
0,0,0,5.36835e+08,0,3.89709e+07,-927176,927176,1.36187e+07
0,0,0,5.36835e+08,0,3.89754e+07,-927176,927176,1.36187e+07
0,0,0,5.36835e+08,0,3.89798e+07,-927176,927176,1.36187e+07
0,0,0,5.36835e+08,0,3.89843e+07,-927176,927176,1.36187e+07
0,0,0,5.36835e+08,0,3.74712e+07,-927176,927176,1.36187e+07
0,0,0,5.36835e+08,0,3.74755e+07,-927176,927176,1.36187e+07
0,0,0,5.36835e+08,0,3.74798e+07,-927176,927176,1.36187e+07
0,0,0,5.36835e+08,0,3.74841e+07,-927176,927176,1.36187e+07
0,0,0,5.36835e+08,0,3.61511e+07,-927176,927176,1.36187e+07
0,0,0,5.36835e+08,0,3.61552e+07,-927176,927176,1.36187e+07
0,0,0,5.36835e+08,0,3.61594e+07,-927176,927176,1.36187e+07
0,0,0,5.36835e+08,0,3.61635e+07,-927176,927176,1.36187e+07
0,0,0,5.36835e+08,0,3.30696e+07,-927176,927176,1.36187e+07
0,0,0,5.36835e+08,0,3.30734e+07,-927176,927176,1.36187e+07
0,0,0,5.36835e+08,0,3.30772e+07,-927176,927176,1.36187e+07
0,0,0,5.36835e+08,0,3.30809e+07,-927176,927176,1.36187e+07
0,0,0,5.36835e+08,0,3.30847e+07,-927176,927176,1.36187e+07
0,0,0,5.36835e+08,0,3.30847e+07,-927176,927176,1.36187e+07
0,0,0,5.36835e+08,0,3.40971e+07,-927176,927176,1.36187e+07
0,0,0,5.36835e+08,0,3.41007e+07,-927176,927176,1.36187e+07
0,0,0,5.36835e+08,0,3.41043e+07,-927176,927176,1.36187e+07
0,0,0,5.36835e+08,0,3.41079e+07,-927176,927176,1.36187e+07
0,0,0,5.36835e+08,0,3.76558e+07,-927176,927176,1.36187e+07
0,0,0,5.36835e+08,0,3.76598e+07,-927176,927176,1.36187e+07
0,0,0,5.36835e+08,0,3.76638e+07,-927176,927176,1.36187e+07
0,0,0,5.36835e+08,0,3.76677e+07,-927176,927176,1.36187e+07
0,0,0,5.36835e+08,0,3.27913e+07,-927176,927176,1.36187e+07
0,0,0,5.36835e+08,0,3.27947e+07,-927176,927176,1.36187e+07
0,0,0,5.36835e+08,0,3.27982e+07,-927176,927176,1.36187e+07
0,0,0,5.36835e+08,0,3.28016e+07,-927176,927176,1.36187e+07
0,0,0,5.36835e+08,0,3.28051e+07,-927176,927176,1.36187e+07
0,0,0,5.36835e+08,0,3.40177e+07,-927176,927176,1.36187e+07
0,0,0,5.36835e+08,0,3.25788e+07,0,0,1.36187e+07
0,0,0,5.36835e+08,0,3.25824e+07,0,0,1.36187e+07
0,0,0,5.36835e+08,0,3.2586e+07,0,0,1.36187e+07
0,0,0,5.36835e+08,0,3.21183e+07,0,0,1.36187e+07
0,0,0,5.36835e+08,0,3.21219e+07,0,0,1.36187e+07
0,0,0,5.36835e+08,0,3.21254e+07,0,0,1.36187e+07
0,0,0,5.36835e+08,0,3.21289e+07,0,0,1.36187e+07
0,0,0,5.36835e+08,0,3.52159e+07,-927176,927176,1.36187e+07
0,0,0,5.36835e+08,0,3.52196e+07,-927176,927176,1.36187e+07
0,0,0,5.36835e+08,0,3.52233e+07,-927176,927176,1.36187e+07
0,0,0,5.36835e+08,0,3.5227e+07,-927176,927176,1.36187e+07
0,0,0,5.36835e+08,0,3.52307e+07,-927176,927176,1.36187e+07
0,0,0,5.36835e+08,0,3.5621e+07,-927176,927176,1.36187e+07
0,0,0,5.36835e+08,0,3.56248e+07,-927176,927176,1.36187e+07
0,0,0,5.36835e+08,0,3.56286e+07,-927176,927176,1.36187e+07
0,0,0,5.36835e+08,0,3.56323e+07,-927176,927176,1.36187e+07
0,0,0,5.36835e+08,0,3.6455e+07,-927176,927176,1.36187e+07
0,0,0,5.36835e+08,0,3.64589e+07,-927176,927176,1.36187e+07
0,0,0,5.36835e+08,0,3.64627e+07,-927176,927176,1.36187e+07
0,0,0,5.36835e+08,0,3.64666e+07,-927176,927176,1.36187e+07
0,0,0,5.36835e+08,0,3.91875e+07,-927176,927176,1.36187e+07
0,0,0,5.36835e+08,0,3.91917e+07,-927176,927176,1.36187e+07
0,0,0,5.36835e+08,0,3.91958e+07,-927176,927176,1.36187e+07
0,0,0,5.36835e+08,0,3.92e+07,-927176,927176,1.36187e+07
0,0,0,5.36835e+08,0,3.92041e+07,-927176,927176,1.36187e+07
0,0,0,5.36835e+08,0,3.76818e+07,-927176,927176,1.36187e+07
0,0,0,5.36835e+08,0,3.76858e+07,-927176,927176,1.36187e+07
0,0,0,5.36835e+08,0,3.76898e+07,-927176,927176,1.36187e+07
0,0,0,5.36835e+08,0,3.76938e+07,-927176,927176,1.36187e+07
0,0,0,5.36835e+08,0,3.63528e+07,-927176,927176,1.36187e+07
0,0,0,5.36835e+08,0,3.63566e+07,-927176,927176,1.36187e+07
0,0,0,5.36835e+08,0,3.63604e+07,-927176,927176,1.36187e+07
0,0,0,5.36835e+08,0,3.63643e+07,-927176,927176,1.36187e+07
0,0,0,5.36835e+08,0,3.32522e+07,-927176,927176,1.36187e+07
0,0,0,5.36835e+08,0,3.32557e+07,-927176,927176,1.36187e+07
0,0,0,5.36835e+08,0,3.32592e+07,-927176,927176,1.36187e+07
0,0,0,5.36835e+08,0,3.32627e+07,-927176,927176,1.36187e+07
0,0,0,5.36835e+08,0,3.32662e+07,-927176,927176,1.36187e+07
0,0,0,5.36835e+08,0,3.42841e+07,-927176,927176,1.36187e+07
0,0,0,5.36835e+08,0,3.42874e+07,-927176,927176,1.36187e+07
0,0,0,5.36835e+08,0,3.42907e+07,-927176,927176,1.36187e+07
0,0,0,5.36835e+08,0,3.42941e+07,-927176,927176,1.36187e+07
0,0,0,5.36835e+08,0,3.78619e+07,-927176,927176,1.36187e+07
0,0,0,5.36835e+08,0,3.78655e+07,-927176,927176,1.36187e+07
0,0,0,5.36835e+08,0,3.78692e+07,-927176,927176,1.36187e+07
0,0,0,5.36835e+08,0,3.78729e+07,-927176,927176,1.36187e+07
0,0,0,5.36835e+08,0,3.29685e+07,-927176,927176,1.36187e+07
0,0,0,5.36835e+08,0,3.29717e+07,-927176,927176,1.36187e+07
0,0,0,5.36835e+08,0,3.29749e+07,-927176,927176,1.36187e+07
0,0,0,5.36835e+08,0,3.29781e+07,-927176,927176,1.36187e+07
0,0,0,5.36835e+08,0,3.15388e+07,0,0,1.36187e+07
0,0,0,5.36835e+08,0,3.27579e+07,0,0,1.36187e+07
0,0,0,5.36835e+08,0,3.27612e+07,0,0,1.36187e+07
0,0,0,5.36835e+08,0,3.27645e+07,0,0,1.36187e+07
0,0,0,5.36835e+08,0,3.27679e+07,0,0,1.36187e+07
0,0,0,5.36835e+08,0,3.22973e+07,0,0,1.36187e+07
0,0,0,5.36835e+08,0,3.23006e+07,0,0,1.36187e+07
0,0,0,5.36835e+08,0,3.23039e+07,0,0,1.36187e+07
0,0,0,5.36835e+08,0,3.23071e+07,0,0,1.36187e+07
0,0,0,5.36835e+08,0,3.39604e+07,0,0,1.36187e+07
0,0,0,5.36835e+08,0,3.39638e+07,0,0,1.36187e+07
0,0,0,5.36835e+08,0,3.39672e+07,0,0,1.36187e+07
0,0,0,5.36835e+08,0,3.39706e+07,0,0,1.36187e+07
0,0,0,5.36835e+08,0,3.54166e+07,-927176,927176,1.36187e+07
0,0,0,5.36835e+08,0,3.58087e+07,-927176,927176,1.36187e+07
0,0,0,5.36835e+08,0,3.58122e+07,-927176,927176,1.36187e+07
0,0,0,5.36835e+08,0,3.58157e+07,-927176,927176,1.36187e+07
0,0,0,5.36835e+08,0,3.58191e+07,-927176,927176,1.36187e+07
0,0,0,5.36835e+08,0,3.6646e+07,-927176,927176,1.36187e+07
0,0,0,5.36835e+08,0,3.66496e+07,-927176,927176,1.36187e+07
0,0,0,5.36835e+08,0,3.66532e+07,-927176,927176,1.36187e+07
0,0,0,5.36835e+08,0,3.66567e+07,-927176,927176,1.36187e+07
0,0,0,5.36835e+08,0,3.93921e+07,-927176,927176,1.36187e+07
0,0,0,5.36835e+08,0,3.93959e+07,-927176,927176,1.36187e+07
0,0,0,5.36835e+08,0,3.93997e+07,-927176,927176,1.36187e+07
0,0,0,5.36835e+08,0,3.94036e+07,-927176,927176,1.36187e+07
0,0,0,5.36835e+08,0,3.94074e+07,-927176,927176,1.36187e+07
0,0,0,5.36835e+08,0,3.78766e+07,-927176,927176,1.36187e+07
0,0,0,5.36835e+08,0,3.78802e+07,-927176,927176,1.36187e+07
0,0,0,5.36835e+08,0,3.78839e+07,-927176,927176,1.36187e+07
0,0,0,5.36835e+08,0,3.78876e+07,-927176,927176,1.36187e+07
0,0,0,5.36835e+08,0,3.65391e+07,-927176,927176,1.36187e+07
0,0,0,5.36835e+08,0,3.65426e+07,-927176,927176,1.36187e+07
0,0,0,5.36835e+08,0,3.65462e+07,-927176,927176,1.36187e+07
0,0,0,5.36835e+08,0,3.65497e+07,-927176,927176,1.36187e+07
0,0,0,5.36835e+08,0,3.34209e+07,-927176,927176,1.36187e+07
0,0,0,5.36835e+08,0,3.34241e+07,-927176,927176,1.36187e+07
0,0,0,5.36835e+08,0,3.34273e+07,-927176,927176,1.36187e+07
0,0,0,5.36835e+08,0,3.34305e+07,-927176,927176,1.36187e+07
0,0,0,5.36835e+08,0,3.34338e+07,-927176,927176,1.36187e+07
0,0,0,5.36835e+08,0,3.44567e+07,-927176,927176,1.36187e+07
0,0,0,5.36835e+08,0,3.44598e+07,-927176,927176,1.36187e+07
0,0,0,5.36835e+08,0,3.44628e+07,-927176,927176,1.36187e+07
0,0,0,5.36835e+08,0,3.30234e+07,0,0,1.36187e+07
0,0,0,5.36835e+08,0,3.66095e+07,0,0,1.36187e+07
0,0,0,5.36835e+08,0,3.66129e+07,0,0,1.36187e+07
0,0,0,5.36835e+08,0,3.66163e+07,0,0,1.36187e+07
0,0,0,5.36835e+08,0,3.66196e+07,0,0,1.36187e+07
0,0,0,5.36835e+08,0,3.16895e+07,0,0,1.36187e+07
0,0,0,5.36835e+08,0,3.16924e+07,0,0,1.36187e+07
0,0,0,5.36835e+08,0,3.16953e+07,0,0,1.36187e+07
0,0,0,5.36835e+08,0,3.16983e+07,0,0,1.36187e+07
0,0,0,5.36835e+08,0,3.17012e+07,0,0,1.36187e+07
0,0,0,5.36835e+08,0,3.29263e+07,0,0,1.36187e+07
0,0,0,5.36835e+08,0,3.29294e+07,0,0,1.36187e+07
0,0,0,5.36835e+08,0,3.29324e+07,0,0,1.36187e+07
0,0,0,5.36835e+08,0,3.29354e+07,0,0,1.36187e+07
0,0,0,5.36835e+08,0,3.24622e+07,0,0,1.36187e+07
0,0,0,5.36835e+08,0,3.24652e+07,0,0,1.36187e+07
0,0,0,5.36835e+08,0,3.24682e+07,0,0,1.36187e+07
0,0,0,5.36835e+08,0,3.24712e+07,0,0,1.36187e+07
0,0,0,5.36835e+08,0,3.41325e+07,0,0,1.36187e+07
0,0,0,5.36835e+08,0,3.41357e+07,0,0,1.36187e+07
0,0,0,5.36835e+08,0,3.55814e+07,-927176,927176,1.36187e+07
0,0,0,5.36835e+08,0,3.55845e+07,-927176,927176,1.36187e+07
0,0,0,5.36835e+08,0,3.55877e+07,-927176,927176,1.36187e+07
0,0,0,5.36835e+08,0,3.59815e+07,-927176,927176,1.36187e+07
0,0,0,5.36835e+08,0,3.59846e+07,-927176,927176,1.36187e+07
0,0,0,5.36835e+08,0,3.59878e+07,-927176,927176,1.36187e+07
0,0,0,5.36835e+08,0,3.5991e+07,-927176,927176,1.36187e+07
0,0,0,5.36835e+08,0,3.68217e+07,-927176,927176,1.36187e+07
0,0,0,5.36835e+08,0,3.6825e+07,-927176,927176,1.36187e+07
0,0,0,5.36835e+08,0,3.68282e+07,-927176,927176,1.36187e+07
0,0,0,5.36835e+08,0,3.68315e+07,-927176,927176,1.36187e+07
0,0,0,5.36835e+08,0,3.95801e+07,-927176,927176,1.36187e+07
0,0,0,5.36835e+08,0,3.95836e+07,-927176,927176,1.36187e+07
0,0,0,5.36835e+08,0,3.95871e+07,-927176,927176,1.36187e+07
0,0,0,5.36835e+08,0,3.95907e+07,-927176,927176,1.36187e+07
0,0,0,5.36835e+08,0,3.95942e+07,-927176,927176,1.36187e+07
0,0,0,5.36835e+08,0,3.80555e+07,-927176,927176,1.36187e+07
0,0,0,5.36835e+08,0,3.80589e+07,-927176,927176,1.36187e+07
0,0,0,5.36835e+08,0,3.80622e+07,-927176,927176,1.36187e+07
0,0,0,5.36835e+08,0,3.80656e+07,-927176,927176,1.36187e+07
0,0,0,5.36835e+08,0,3.67102e+07,-927176,927176,1.36187e+07
0,0,0,5.36835e+08,0,3.67135e+07,-927176,927176,1.36187e+07
0,0,0,5.36835e+08,0,3.67167e+07,-927176,927176,1.36187e+07
0,0,0,5.36835e+08,0,3.672e+07,-927176,927176,1.36187e+07
0,0,0,5.36835e+08,0,3.35756e+07,-927176,927176,1.36187e+07
0,0,0,5.36835e+08,0,3.35786e+07,-927176,927176,1.36187e+07
0,0,0,5.36835e+08,0,3.35816e+07,-927176,927176,1.36187e+07
0,0,0,5.36835e+08,0,3.35845e+07,-927176,927176,1.36187e+07
0,0,0,5.36835e+08,0,3.35875e+07,-927176,927176,1.36187e+07
0,0,0,5.36835e+08,0,3.46151e+07,-927176,927176,1.36187e+07
0,0,0,5.36835e+08,0,3.46179e+07,-927176,927176,1.36187e+07
0,0,0,5.36835e+08,0,3.46206e+07,-927176,927176,1.36187e+07
0,0,0,5.36835e+08,0,3.46234e+07,-927176,927176,1.36187e+07
0,0,0,5.36835e+08,0,3.82263e+07,-927176,927176,1.36187e+07
0,0,0,5.36835e+08,0,3.82294e+07,-927176,927176,1.36187e+07
0,0,0,5.36835e+08,0,3.82325e+07,-927176,927176,1.36187e+07
0,0,0,5.36835e+08,0,3.82356e+07,-927176,927176,1.36187e+07
0,0,0,5.36835e+08,0,3.32818e+07,-927176,927176,1.36187e+07
0,0,0,5.36835e+08,0,3.32845e+07,-927176,927176,1.36187e+07
0,0,0,5.36835e+08,0,3.32871e+07,-927176,927176,1.36187e+07
0,0,0,5.36835e+08,0,3.32898e+07,-927176,927176,1.36187e+07
0,0,0,5.36835e+08,0,3.32925e+07,-927176,927176,1.36187e+07
0,0,0,5.36835e+08,0,3.45231e+07,-927176,927176,1.36187e+07
0,0,0,5.36835e+08,0,3.45258e+07,-927176,927176,1.36187e+07
0,0,0,5.36835e+08,0,3.45286e+07,-927176,927176,1.36187e+07
0,0,0,5.36835e+08,0,3.45314e+07,-927176,927176,1.36187e+07
0,0,0,5.36835e+08,0,3.26132e+07,0,0,1.36187e+07
0,0,0,5.36835e+08,0,3.26159e+07,0,0,1.36187e+07
0,0,0,5.36835e+08,0,3.26186e+07,0,0,1.36187e+07
0,0,0,5.36835e+08,0,3.26213e+07,0,0,1.36187e+07
0,0,0,5.36835e+08,0,3.429e+07,0,0,1.36187e+07
0,0,0,5.36835e+08,0,3.42929e+07,0,0,1.36187e+07
0,0,0,5.36835e+08,0,3.42958e+07,0,0,1.36187e+07
0,0,0,5.36835e+08,0,3.57412e+07,-927176,927176,1.36187e+07
0,0,0,5.36835e+08,0,3.5744e+07,-927176,927176,1.36187e+07
0,0,0,5.36835e+08,0,3.61393e+07,-927176,927176,1.36187e+07
0,0,0,5.36835e+08,0,3.61422e+07,-927176,927176,1.36187e+07
0,0,0,5.36835e+08,0,3.61451e+07,-927176,927176,1.36187e+07
0,0,0,5.36835e+08,0,3.6148e+07,-927176,927176,1.36187e+07
0,0,0,5.36835e+08,0,3.69822e+07,-927176,927176,1.36187e+07
0,0,0,5.36835e+08,0,3.69852e+07,-927176,927176,1.36187e+07
0,0,0,5.36835e+08,0,3.69882e+07,-927176,927176,1.36187e+07
0,0,0,5.36835e+08,0,3.69911e+07,-927176,927176,1.36187e+07
0,0,0,5.36835e+08,0,3.97518e+07,-927176,927176,1.36187e+07
0,0,0,5.36835e+08,0,3.9755e+07,-927176,927176,1.36187e+07
0,0,0,5.36835e+08,0,3.97582e+07,-927176,927176,1.36187e+07
0,0,0,5.36835e+08,0,3.97614e+07,-927176,927176,1.36187e+07
0,0,0,5.36835e+08,0,3.97646e+07,-927176,927176,1.36187e+07
0,0,0,5.36835e+08,0,3.82188e+07,-927176,927176,1.36187e+07
0,0,0,5.36835e+08,0,3.82218e+07,-927176,927176,1.36187e+07
0,0,0,5.36835e+08,0,3.82249e+07,-927176,927176,1.36187e+07
0,0,0,5.36835e+08,0,3.8228e+07,-927176,927176,1.36187e+07
0,0,0,5.36835e+08,0,3.68663e+07,-927176,927176,1.36187e+07
0,0,0,5.36835e+08,0,3.68692e+07,-927176,927176,1.36187e+07
0,0,0,5.36835e+08,0,3.68722e+07,-927176,927176,1.36187e+07
0,0,0,5.36835e+08,0,3.68751e+07,-927176,927176,1.36187e+07
0,0,0,5.36835e+08,0,3.37167e+07,-927176,927176,1.36187e+07
0,0,0,5.36835e+08,0,3.37194e+07,-927176,927176,1.36187e+07
0,0,0,5.36835e+08,0,3.37221e+07,-927176,927176,1.36187e+07
0,0,0,5.36835e+08,0,3.37248e+07,-927176,927176,1.36187e+07
0,0,0,5.36835e+08,0,3.37275e+07,-927176,927176,1.36187e+07
0,0,0,5.36835e+08,0,3.47593e+07,-927176,927176,1.36187e+07
0,0,0,5.36835e+08,0,3.47618e+07,-927176,927176,1.36187e+07
0,0,0,5.36835e+08,0,3.47643e+07,-927176,927176,1.36187e+07
0,0,0,5.36835e+08,0,3.47668e+07,-927176,927176,1.36187e+07
0,0,0,5.36835e+08,0,3.8385e+07,-927176,927176,1.36187e+07
0,0,0,5.36835e+08,0,3.83878e+07,-927176,927176,1.36187e+07
0,0,0,5.36835e+08,0,3.83905e+07,-927176,927176,1.36187e+07
0,0,0,5.36835e+08,0,3.83933e+07,-927176,927176,1.36187e+07
0,0,0,5.36835e+08,0,3.3418e+07,-927176,927176,1.36187e+07
0,0,0,5.36835e+08,0,3.34204e+07,-927176,927176,1.36187e+07
0,0,0,5.36835e+08,0,3.34228e+07,-927176,927176,1.36187e+07
0,0,0,5.36835e+08,0,3.34253e+07,-927176,927176,1.36187e+07
0,0,0,5.36835e+08,0,3.34277e+07,-927176,927176,1.36187e+07
0,0,0,5.36835e+08,0,3.46632e+07,-927176,927176,1.36187e+07
0,0,0,5.36835e+08,0,3.32232e+07,0,0,1.36187e+07
0,0,0,5.36835e+08,0,3.32257e+07,0,0,1.36187e+07
0,0,0,5.36835e+08,0,3.32282e+07,0,0,1.36187e+07
0,0,0,5.36835e+08,0,3.27502e+07,0,0,1.36187e+07
0,0,0,5.36835e+08,0,3.27527e+07,0,0,1.36187e+07
0,0,0,5.36835e+08,0,3.27551e+07,0,0,1.36187e+07
0,0,0,5.36835e+08,0,3.27576e+07,0,0,1.36187e+07
0,0,0,5.36835e+08,0,3.4433e+07,0,0,1.36187e+07
0,0,0,5.36835e+08,0,3.44356e+07,0,0,1.36187e+07
0,0,0,5.36835e+08,0,3.44381e+07,0,0,1.36187e+07
0,0,0,5.36835e+08,0,3.58833e+07,-927176,927176,1.36187e+07
0,0,0,5.36835e+08,0,3.58858e+07,-927176,927176,1.36187e+07
0,0,0,5.36835e+08,0,3.62825e+07,-927176,927176,1.36187e+07
0,0,0,5.36835e+08,0,3.62851e+07,-927176,927176,1.36187e+07
0,0,0,5.36835e+08,0,3.62877e+07,-927176,927176,1.36187e+07
0,0,0,5.36835e+08,0,3.62903e+07,-927176,927176,1.36187e+07
0,0,0,5.36835e+08,0,3.71276e+07,-927176,927176,1.36187e+07
0,0,0,5.36835e+08,0,3.71303e+07,-927176,927176,1.36187e+07
0,0,0,5.36835e+08,0,3.7133e+07,-927176,927176,1.36187e+07
0,0,0,5.36835e+08,0,3.71357e+07,-927176,927176,1.36187e+07
0,0,0,5.36835e+08,0,3.99073e+07,-927176,927176,1.36187e+07
0,0,0,5.36835e+08,0,3.99101e+07,-927176,927176,1.36187e+07
0,0,0,5.36835e+08,0,3.9913e+07,-927176,927176,1.36187e+07
0,0,0,5.36835e+08,0,3.99159e+07,-927176,927176,1.36187e+07
0,0,0,5.36835e+08,0,3.99188e+07,-927176,927176,1.36187e+07
0,0,0,5.36835e+08,0,3.83664e+07,-927176,927176,1.36187e+07
0,0,0,5.36835e+08,0,3.83692e+07,-927176,927176,1.36187e+07
0,0,0,5.36835e+08,0,3.83719e+07,-927176,927176,1.36187e+07
0,0,0,5.36835e+08,0,3.83747e+07,-927176,927176,1.36187e+07
0,0,0,5.36835e+08,0,3.70073e+07,-927176,927176,1.36187e+07
0,0,0,5.36835e+08,0,3.70099e+07,-927176,927176,1.36187e+07
0,0,0,5.36835e+08,0,3.70126e+07,-927176,927176,1.36187e+07
0,0,0,5.36835e+08,0,3.70153e+07,-927176,927176,1.36187e+07
0,0,0,5.36835e+08,0,3.38441e+07,-927176,927176,1.36187e+07
0,0,0,5.36835e+08,0,3.38465e+07,-927176,927176,1.36187e+07
0,0,0,5.36835e+08,0,3.38489e+07,-927176,927176,1.36187e+07
0,0,0,5.36835e+08,0,3.38514e+07,-927176,927176,1.36187e+07
0,0,0,5.36835e+08,0,3.38538e+07,-927176,927176,1.36187e+07
0,0,0,5.36835e+08,0,3.48894e+07,-927176,927176,1.36187e+07
0,0,0,5.36835e+08,0,3.48916e+07,-927176,927176,1.36187e+07
0,0,0,5.36835e+08,0,3.48938e+07,-927176,927176,1.36187e+07
0,0,0,5.36835e+08,0,3.4896e+07,-927176,927176,1.36187e+07
0,0,0,5.36835e+08,0,3.8528e+07,-927176,927176,1.36187e+07
0,0,0,5.36835e+08,0,3.85304e+07,-927176,927176,1.36187e+07
0,0,0,5.36835e+08,0,3.85329e+07,-927176,927176,1.36187e+07
0,0,0,5.36835e+08,0,3.85354e+07,-927176,927176,1.36187e+07
0,0,0,5.36835e+08,0,3.35407e+07,-927176,927176,1.36187e+07
0,0,0,5.36835e+08,0,3.35428e+07,-927176,927176,1.36187e+07
0,0,0,5.36835e+08,0,3.3545e+07,-927176,927176,1.36187e+07
0,0,0,5.36835e+08,0,3.35471e+07,-927176,927176,1.36187e+07
0,0,0,5.36835e+08,0,3.35493e+07,-927176,927176,1.36187e+07
0,0,0,5.36835e+08,0,3.47892e+07,-927176,927176,1.36187e+07
0,0,0,5.36835e+08,0,3.47915e+07,-927176,927176,1.36187e+07
0,0,0,5.36835e+08,0,3.47937e+07,-927176,927176,1.36187e+07
0,0,0,5.36835e+08,0,3.47959e+07,-927176,927176,1.36187e+07
0,0,0,5.36835e+08,0,3.43159e+07,-927176,927176,1.36187e+07
0,0,0,5.36835e+08,0,3.4318e+07,-927176,927176,1.36187e+07
0,0,0,5.36835e+08,0,3.43202e+07,-927176,927176,1.36187e+07
0,0,0,5.36835e+08,0,3.43224e+07,-927176,927176,1.36187e+07
0,0,0,5.36835e+08,0,3.60038e+07,-927176,927176,1.36187e+07
0,0,0,5.36835e+08,0,3.60061e+07,-927176,927176,1.36187e+07
0,0,0,5.36835e+08,0,3.60084e+07,-927176,927176,1.36187e+07
0,0,0,5.36835e+08,0,3.60107e+07,-927176,927176,1.36187e+07
0,0,0,5.36835e+08,0,3.6013e+07,-927176,927176,1.36187e+07
0,0,0,5.36835e+08,0,3.64108e+07,-927176,927176,1.36187e+07
0,0,0,5.36835e+08,0,3.64131e+07,-927176,927176,1.36187e+07
0,0,0,5.36835e+08,0,3.64155e+07,-927176,927176,1.36187e+07
0,0,0,5.36835e+08,0,3.64178e+07,-927176,927176,1.36187e+07
0,0,0,5.36835e+08,0,3.72579e+07,-927176,927176,1.36187e+07
0,0,0,5.36835e+08,0,3.72602e+07,-927176,927176,1.36187e+07
0,0,0,5.36835e+08,0,3.72626e+07,-927176,927176,1.36187e+07
0,0,0,5.36835e+08,0,3.7265e+07,-927176,927176,1.36187e+07
0,0,0,5.36835e+08,0,4.00463e+07,-927176,927176,1.36187e+07
0,0,0,5.36835e+08,0,4.00489e+07,-927176,927176,1.36187e+07
0,0,0,5.36835e+08,0,4.00514e+07,-927176,927176,1.36187e+07
0,0,0,5.36835e+08,0,4.0054e+07,-927176,927176,1.36187e+07
0,0,0,5.36835e+08,0,4.00566e+07,-927176,927176,1.36187e+07
0,0,0,5.36835e+08,0,3.84983e+07,-927176,927176,1.36187e+07
0,0,0,5.36835e+08,0,3.85008e+07,-927176,927176,1.36187e+07
0,0,0,5.36835e+08,0,3.85032e+07,-927176,927176,1.36187e+07
0,0,0,5.36835e+08,0,3.85057e+07,-927176,927176,1.36187e+07
0,0,0,5.36835e+08,0,3.71331e+07,-927176,927176,1.36187e+07
0,0,0,5.36835e+08,0,3.71355e+07,-927176,927176,1.36187e+07
0,0,0,5.36835e+08,0,3.71379e+07,-927176,927176,1.36187e+07
0,0,0,5.36835e+08,0,3.71402e+07,-927176,927176,1.36187e+07
0,0,0,5.36835e+08,0,3.39576e+07,-927176,927176,1.36187e+07
0,0,0,5.36835e+08,0,3.39598e+07,-927176,927176,1.36187e+07
0,0,0,5.36835e+08,0,3.3962e+07,-927176,927176,1.36187e+07
0,0,0,5.36835e+08,0,3.39641e+07,-927176,927176,1.36187e+07
0,0,0,5.36835e+08,0,3.39663e+07,-927176,927176,1.36187e+07
0,0,0,5.36835e+08,0,3.39663e+07,-927176,927176,1.36187e+07
0,0,0,5.36835e+08,0,3.50052e+07,-927176,927176,1.36187e+07
0,0,0,5.36835e+08,0,3.50071e+07,-927176,927176,1.36187e+07
0,0,0,5.36835e+08,0,3.50091e+07,-927176,927176,1.36187e+07
0,0,0,5.36835e+08,0,3.5011e+07,-927176,927176,1.36187e+07
0,0,0,5.36835e+08,0,3.86551e+07,-927176,927176,1.36187e+07
0,0,0,5.36835e+08,0,3.86573e+07,-927176,927176,1.36187e+07
0,0,0,5.36835e+08,0,3.86594e+07,-927176,927176,1.36187e+07
0,0,0,5.36835e+08,0,3.86616e+07,-927176,927176,1.36187e+07
0,0,0,5.36835e+08,0,3.36497e+07,-927176,927176,1.36187e+07
0,0,0,5.36835e+08,0,3.36515e+07,-927176,927176,1.36187e+07
0,0,0,5.36835e+08,0,3.36534e+07,-927176,927176,1.36187e+07
0,0,0,5.36835e+08,0,3.36553e+07,-927176,927176,1.36187e+07
0,0,0,5.36835e+08,0,3.22147e+07,0,0,1.36187e+07
0,0,0,5.36835e+08,0,3.34585e+07,0,0,1.36187e+07
0,0,0,5.36835e+08,0,3.34605e+07,0,0,1.36187e+07
0,0,0,5.36835e+08,0,3.34624e+07,0,0,1.36187e+07
0,0,0,5.36835e+08,0,3.34644e+07,0,0,1.36187e+07
0,0,0,5.36835e+08,0,3.29824e+07,0,0,1.36187e+07
0,0,0,5.36835e+08,0,3.29844e+07,0,0,1.36187e+07
0,0,0,5.36835e+08,0,3.29863e+07,0,0,1.36187e+07
0,0,0,5.36835e+08,0,3.29882e+07,0,0,1.36187e+07
0,0,0,5.36835e+08,0,3.46748e+07,0,0,1.36187e+07
0,0,0,5.36835e+08,0,3.46768e+07,0,0,1.36187e+07
0,0,0,5.36835e+08,0,3.46788e+07,0,0,1.36187e+07
0,0,0,5.36835e+08,0,3.61234e+07,-927176,927176,1.36187e+07
0,0,0,5.36835e+08,0,3.61254e+07,-927176,927176,1.36187e+07
0,0,0,5.36835e+08,0,3.65242e+07,-927176,927176,1.36187e+07
0,0,0,5.36835e+08,0,3.65263e+07,-927176,927176,1.36187e+07
0,0,0,5.36835e+08,0,3.65283e+07,-927176,927176,1.36187e+07
0,0,0,5.36835e+08,0,3.65303e+07,-927176,927176,1.36187e+07
0,0,0,5.36835e+08,0,3.73728e+07,-927176,927176,1.36187e+07
0,0,0,5.36835e+08,0,3.73749e+07,-927176,927176,1.36187e+07
0,0,0,5.36835e+08,0,3.7377e+07,-927176,927176,1.36187e+07
0,0,0,5.36835e+08,0,3.73791e+07,-927176,927176,1.36187e+07
0,0,0,5.36835e+08,0,4.01689e+07,-927176,927176,1.36187e+07
0,0,0,5.36835e+08,0,4.01712e+07,-927176,927176,1.36187e+07
0,0,0,5.36835e+08,0,4.01734e+07,-927176,927176,1.36187e+07
0,0,0,5.36835e+08,0,4.01757e+07,-927176,927176,1.36187e+07
0,0,0,5.36835e+08,0,4.01779e+07,-927176,927176,1.36187e+07
0,0,0,5.36835e+08,0,3.86144e+07,-927176,927176,1.36187e+07
0,0,0,5.36835e+08,0,3.86166e+07,-927176,927176,1.36187e+07
0,0,0,5.36835e+08,0,3.86188e+07,-927176,927176,1.36187e+07
0,0,0,5.36835e+08,0,3.86209e+07,-927176,927176,1.36187e+07
0,0,0,5.36835e+08,0,3.72438e+07,-927176,927176,1.36187e+07
0,0,0,5.36835e+08,0,3.72459e+07,-927176,927176,1.36187e+07
0,0,0,5.36835e+08,0,3.72479e+07,-927176,927176,1.36187e+07
0,0,0,5.36835e+08,0,3.725e+07,-927176,927176,1.36187e+07
0,0,0,5.36835e+08,0,3.40573e+07,-927176,927176,1.36187e+07
0,0,0,5.36835e+08,0,3.40592e+07,-927176,927176,1.36187e+07
0,0,0,5.36835e+08,0,3.40611e+07,-927176,927176,1.36187e+07
0,0,0,5.36835e+08,0,3.4063e+07,-927176,927176,1.36187e+07
0,0,0,5.36835e+08,0,3.40649e+07,-927176,927176,1.36187e+07
0,0,0,5.36835e+08,0,3.51067e+07,-927176,927176,1.36187e+07
0,0,0,5.36835e+08,0,3.51084e+07,-927176,927176,1.36187e+07
0,0,0,5.36835e+08,0,3.511e+07,-927176,927176,1.36187e+07
0,0,0,5.36835e+08,0,3.51117e+07,-927176,927176,1.36187e+07
0,0,0,5.36835e+08,0,3.87664e+07,-927176,927176,1.36187e+07
0,0,0,5.36835e+08,0,3.73258e+07,0,0,1.36187e+07
0,0,0,5.36835e+08,0,3.73276e+07,0,0,1.36187e+07
0,0,0,5.36835e+08,0,3.73295e+07,0,0,1.36187e+07
0,0,0,5.36835e+08,0,3.23024e+07,0,0,1.36187e+07
0,0,0,5.36835e+08,0,3.23041e+07,0,0,1.36187e+07
0,0,0,5.36835e+08,0,3.23057e+07,0,0,1.36187e+07
0,0,0,5.36835e+08,0,3.23073e+07,0,0,1.36187e+07
0,0,0,5.36835e+08,0,3.23089e+07,0,0,1.36187e+07
0,0,0,5.36835e+08,0,3.35561e+07,0,0,1.36187e+07
0,0,0,5.36835e+08,0,3.35578e+07,0,0,1.36187e+07
0,0,0,5.36835e+08,0,3.35595e+07,0,0,1.36187e+07
0,0,0,5.36835e+08,0,3.35612e+07,0,0,1.36187e+07
0,0,0,5.36835e+08,0,3.30776e+07,0,0,1.36187e+07
0,0,0,5.36835e+08,0,3.30792e+07,0,0,1.36187e+07
0,0,0,5.36835e+08,0,3.30809e+07,0,0,1.36187e+07
0,0,0,5.36835e+08,0,3.30825e+07,0,0,1.36187e+07
0,0,0,5.36835e+08,0,3.47737e+07,0,0,1.36187e+07
0,0,0,5.36835e+08,0,3.62179e+07,-927176,927176,1.36187e+07
0,0,0,5.36835e+08,0,3.62197e+07,-927176,927176,1.36187e+07
0,0,0,5.36835e+08,0,3.62214e+07,-927176,927176,1.36187e+07
0,0,0,5.36835e+08,0,3.62232e+07,-927176,927176,1.36187e+07
0,0,0,5.36835e+08,0,3.66228e+07,-927176,927176,1.36187e+07
0,0,0,5.36835e+08,0,3.66246e+07,-927176,927176,1.36187e+07
0,0,0,5.36835e+08,0,3.66263e+07,-927176,927176,1.36187e+07
0,0,0,5.36835e+08,0,3.66281e+07,-927176,927176,1.36187e+07
0,0,0,5.36835e+08,0,3.74726e+07,-927176,927176,1.36187e+07
0,0,0,5.36835e+08,0,3.74744e+07,-927176,927176,1.36187e+07
0,0,0,5.36835e+08,0,3.74762e+07,-927176,927176,1.36187e+07
0,0,0,5.36835e+08,0,3.7478e+07,-927176,927176,1.36187e+07
0,0,0,5.36835e+08,0,4.02752e+07,-927176,927176,1.36187e+07
0,0,0,5.36835e+08,0,4.02771e+07,-927176,927176,1.36187e+07
0,0,0,5.36835e+08,0,4.02791e+07,-927176,927176,1.36187e+07
0,0,0,5.36835e+08,0,4.0281e+07,-927176,927176,1.36187e+07
0,0,0,5.36835e+08,0,4.0283e+07,-927176,927176,1.36187e+07
0,0,0,5.36835e+08,0,3.87149e+07,-927176,927176,1.36187e+07
0,0,0,5.36835e+08,0,3.87168e+07,-927176,927176,1.36187e+07
0,0,0,5.36835e+08,0,3.87187e+07,-927176,927176,1.36187e+07
0,0,0,5.36835e+08,0,3.87205e+07,-927176,927176,1.36187e+07
0,0,0,5.36835e+08,0,3.73394e+07,-927176,927176,1.36187e+07
0,0,0,5.36835e+08,0,3.73412e+07,-927176,927176,1.36187e+07
0,0,0,5.36835e+08,0,3.7343e+07,-927176,927176,1.36187e+07
0,0,0,5.36835e+08,0,3.73448e+07,-927176,927176,1.36187e+07
0,0,0,5.36835e+08,0,3.41434e+07,-927176,927176,1.36187e+07
0,0,0,5.36835e+08,0,3.4145e+07,-927176,927176,1.36187e+07
0,0,0,5.36835e+08,0,3.41466e+07,-927176,927176,1.36187e+07
0,0,0,5.36835e+08,0,3.41483e+07,-927176,927176,1.36187e+07
0,0,0,5.36835e+08,0,3.41499e+07,-927176,927176,1.36187e+07
0,0,0,5.36835e+08,0,3.51941e+07,-927176,927176,1.36187e+07
0,0,0,5.36835e+08,0,3.51955e+07,-927176,927176,1.36187e+07
0,0,0,5.36835e+08,0,3.51969e+07,-927176,927176,1.36187e+07
0,0,0,5.36835e+08,0,3.51983e+07,-927176,927176,1.36187e+07
0,0,0,5.36835e+08,0,3.88621e+07,-927176,927176,1.36187e+07
0,0,0,5.36835e+08,0,3.88637e+07,-927176,927176,1.36187e+07
0,0,0,5.36835e+08,0,3.88652e+07,-927176,927176,1.36187e+07
0,0,0,5.36835e+08,0,3.88668e+07,-927176,927176,1.36187e+07
0,0,0,5.36835e+08,0,3.38267e+07,-927176,927176,1.36187e+07
0,0,0,5.36835e+08,0,3.38281e+07,-927176,927176,1.36187e+07
0,0,0,5.36835e+08,0,3.38294e+07,-927176,927176,1.36187e+07
0,0,0,5.36835e+08,0,3.38308e+07,-927176,927176,1.36187e+07
0,0,0,5.36835e+08,0,3.23896e+07,0,0,1.36187e+07
0,0,0,5.36835e+08,0,3.36397e+07,0,0,1.36187e+07
0,0,0,5.36835e+08,0,3.36411e+07,0,0,1.36187e+07
0,0,0,5.36835e+08,0,3.36425e+07,0,0,1.36187e+07
0,0,0,5.36835e+08,0,3.36439e+07,0,0,1.36187e+07
0,0,0,5.36835e+08,0,3.31588e+07,0,0,1.36187e+07
0,0,0,5.36835e+08,0,3.46028e+07,-927176,927176,1.36187e+07
0,0,0,5.36835e+08,0,3.46041e+07,-927176,927176,1.36187e+07
0,0,0,5.36835e+08,0,3.46055e+07,-927176,927176,1.36187e+07
0,0,0,5.36835e+08,0,3.63005e+07,-927176,927176,1.36187e+07
0,0,0,5.36835e+08,0,3.6302e+07,-927176,927176,1.36187e+07
0,0,0,5.36835e+08,0,3.63034e+07,-927176,927176,1.36187e+07
0,0,0,5.36835e+08,0,3.63049e+07,-927176,927176,1.36187e+07
0,0,0,5.36835e+08,0,3.63063e+07,-927176,927176,1.36187e+07
0,0,0,5.36835e+08,0,3.67066e+07,-927176,927176,1.36187e+07
0,0,0,5.36835e+08,0,3.67081e+07,-927176,927176,1.36187e+07
0,0,0,5.36835e+08,0,3.67096e+07,-927176,927176,1.36187e+07
0,0,0,5.36835e+08,0,3.67111e+07,-927176,927176,1.36187e+07
0,0,0,5.36835e+08,0,3.75573e+07,-927176,927176,1.36187e+07
0,0,0,5.36835e+08,0,3.75588e+07,-927176,927176,1.36187e+07
0,0,0,5.36835e+08,0,3.75603e+07,-927176,927176,1.36187e+07
0,0,0,5.36835e+08,0,3.75618e+07,-927176,927176,1.36187e+07
0,0,0,5.36835e+08,0,4.03652e+07,-927176,927176,1.36187e+07
0,0,0,5.36835e+08,0,4.03668e+07,-927176,927176,1.36187e+07
0,0,0,5.36835e+08,0,4.03684e+07,-927176,927176,1.36187e+07
0,0,0,5.36835e+08,0,4.03701e+07,-927176,927176,1.36187e+07
0,0,0,5.36835e+08,0,4.03717e+07,-927176,927176,1.36187e+07
0,0,0,5.36835e+08,0,3.87998e+07,-927176,927176,1.36187e+07
0,0,0,5.36835e+08,0,3.88014e+07,-927176,927176,1.36187e+07
0,0,0,5.36835e+08,0,3.88029e+07,-927176,927176,1.36187e+07
0,0,0,5.36835e+08,0,3.88045e+07,-927176,927176,1.36187e+07
0,0,0,5.36835e+08,0,3.74199e+07,-927176,927176,1.36187e+07
0,0,0,5.36835e+08,0,3.74214e+07,-927176,927176,1.36187e+07
0,0,0,5.36835e+08,0,3.74229e+07,-927176,927176,1.36187e+07
0,0,0,5.36835e+08,0,3.74244e+07,-927176,927176,1.36187e+07
0,0,0,5.36835e+08,0,3.42157e+07,-927176,927176,1.36187e+07
0,0,0,5.36835e+08,0,3.4217e+07,-927176,927176,1.36187e+07
0,0,0,5.36835e+08,0,3.42184e+07,-927176,927176,1.36187e+07
0,0,0,5.36835e+08,0,3.42198e+07,-927176,927176,1.36187e+07
0,0,0,5.36835e+08,0,3.42212e+07,-927176,927176,1.36187e+07
0,0,0,5.36835e+08,0,3.52673e+07,-927176,927176,1.36187e+07
0,0,0,5.36835e+08,0,3.52685e+07,-927176,927176,1.36187e+07
0,0,0,5.36835e+08,0,3.52696e+07,-927176,927176,1.36187e+07
0,0,0,5.36835e+08,0,3.52707e+07,-927176,927176,1.36187e+07
0,0,0,5.36835e+08,0,3.89421e+07,-927176,927176,1.36187e+07
0,0,0,5.36835e+08,0,3.89433e+07,-927176,927176,1.36187e+07
0,0,0,5.36835e+08,0,3.89446e+07,-927176,927176,1.36187e+07
0,0,0,5.36835e+08,0,3.89459e+07,-927176,927176,1.36187e+07
0,0,0,5.36835e+08,0,3.38948e+07,-927176,927176,1.36187e+07
0,0,0,5.36835e+08,0,3.38959e+07,-927176,927176,1.36187e+07
0,0,0,5.36835e+08,0,3.3897e+07,-927176,927176,1.36187e+07
0,0,0,5.36835e+08,0,3.38981e+07,-927176,927176,1.36187e+07
0,0,0,5.36835e+08,0,3.24567e+07,0,0,1.36187e+07
0,0,0,5.36835e+08,0,3.37091e+07,0,0,1.36187e+07
0,0,0,5.36835e+08,0,3.37102e+07,0,0,1.36187e+07
0,0,0,5.36835e+08,0,3.51539e+07,-927176,927176,1.36187e+07
0,0,0,5.36835e+08,0,3.37125e+07,0,0,1.36187e+07
0,0,0,5.36835e+08,0,3.32262e+07,0,0,1.36187e+07
0,0,0,5.36835e+08,0,3.46698e+07,-927176,927176,1.36187e+07
0,0,0,5.36835e+08,0,3.46709e+07,-927176,927176,1.36187e+07
0,0,0,5.36835e+08,0,3.4672e+07,-927176,927176,1.36187e+07
0,0,0,5.36835e+08,0,3.63701e+07,-927176,927176,1.36187e+07
0,0,0,5.36835e+08,0,3.63713e+07,-927176,927176,1.36187e+07
0,0,0,5.36835e+08,0,3.63724e+07,-927176,927176,1.36187e+07
0,0,0,5.36835e+08,0,3.63736e+07,-927176,927176,1.36187e+07
0,0,0,5.36835e+08,0,3.63748e+07,-927176,927176,1.36187e+07
0,0,0,5.36835e+08,0,3.67756e+07,-927176,927176,1.36187e+07
0,0,0,5.36835e+08,0,3.67768e+07,-927176,927176,1.36187e+07
0,0,0,5.36835e+08,0,3.6778e+07,-927176,927176,1.36187e+07
0,0,0,5.36835e+08,0,3.67792e+07,-927176,927176,1.36187e+07
0,0,0,5.36835e+08,0,3.76267e+07,-927176,927176,1.36187e+07
0,0,0,5.36835e+08,0,3.76279e+07,-927176,927176,1.36187e+07
0,0,0,5.36835e+08,0,3.76291e+07,-927176,927176,1.36187e+07
0,0,0,5.36835e+08,0,3.76304e+07,-927176,927176,1.36187e+07
0,0,0,5.36835e+08,0,4.04387e+07,-927176,927176,1.36187e+07
0,0,0,5.36835e+08,0,4.044e+07,-927176,927176,1.36187e+07
0,0,0,5.36835e+08,0,4.04413e+07,-927176,927176,1.36187e+07
0,0,0,5.36835e+08,0,4.04427e+07,-927176,927176,1.36187e+07
0,0,0,5.36835e+08,0,4.0444e+07,-927176,927176,1.36187e+07
0,0,0,5.36835e+08,0,3.88688e+07,-927176,927176,1.36187e+07
0,0,0,5.36835e+08,0,3.88701e+07,-927176,927176,1.36187e+07
0,0,0,5.36835e+08,0,3.88713e+07,-927176,927176,1.36187e+07
0,0,0,5.36835e+08,0,3.88726e+07,-927176,927176,1.36187e+07
0,0,0,5.36835e+08,0,3.74852e+07,-927176,927176,1.36187e+07
0,0,0,5.36835e+08,0,3.74864e+07,-927176,927176,1.36187e+07
0,0,0,5.36835e+08,0,3.74876e+07,-927176,927176,1.36187e+07
0,0,0,5.36835e+08,0,3.74889e+07,-927176,927176,1.36187e+07
0,0,0,5.36835e+08,0,3.42741e+07,-927176,927176,1.36187e+07
0,0,0,5.36835e+08,0,3.42752e+07,-927176,927176,1.36187e+07
0,0,0,5.36835e+08,0,3.42763e+07,-927176,927176,1.36187e+07
0,0,0,5.36835e+08,0,3.42774e+07,-927176,927176,1.36187e+07
0,0,0,5.36835e+08,0,3.42785e+07,-927176,927176,1.36187e+07
0,0,0,5.36835e+08,0,3.53262e+07,-927176,927176,1.36187e+07
0,0,0,5.36835e+08,0,3.53271e+07,-927176,927176,1.36187e+07
0,0,0,5.36835e+08,0,3.53279e+07,-927176,927176,1.36187e+07
0,0,0,5.36835e+08,0,3.53288e+07,-927176,927176,1.36187e+07
0,0,0,5.36835e+08,0,3.90061e+07,-927176,927176,1.36187e+07
0,0,0,5.36835e+08,0,3.90071e+07,-927176,927176,1.36187e+07
0,0,0,5.36835e+08,0,3.9008e+07,-927176,927176,1.36187e+07
0,0,0,5.36835e+08,0,3.9009e+07,-927176,927176,1.36187e+07
0,0,0,5.36835e+08,0,3.39492e+07,-927176,927176,1.36187e+07
0,0,0,5.36835e+08,0,3.395e+07,-927176,927176,1.36187e+07
0,0,0,5.36835e+08,0,3.39508e+07,-927176,927176,1.36187e+07
0,0,0,5.36835e+08,0,3.39517e+07,-927176,927176,1.36187e+07
0,0,0,5.36835e+08,0,3.39525e+07,-927176,927176,1.36187e+07
0,0,0,5.36835e+08,0,3.52066e+07,-927176,927176,1.36187e+07
0,0,0,5.36835e+08,0,3.52075e+07,-927176,927176,1.36187e+07
0,0,0,5.36835e+08,0,3.52084e+07,-927176,927176,1.36187e+07
0,0,0,5.36835e+08,0,3.52092e+07,-927176,927176,1.36187e+07
0,0,0,5.36835e+08,0,3.47218e+07,-927176,927176,1.36187e+07
0,0,0,5.36835e+08,0,3.47227e+07,-927176,927176,1.36187e+07
0,0,0,5.36835e+08,0,3.47235e+07,-927176,927176,1.36187e+07
0,0,0,5.36835e+08,0,3.47244e+07,-927176,927176,1.36187e+07
0,0,0,5.36835e+08,0,3.64248e+07,-927176,927176,1.36187e+07
0,0,0,5.36835e+08,0,3.64257e+07,-927176,927176,1.36187e+07
0,0,0,5.36835e+08,0,3.64266e+07,-927176,927176,1.36187e+07
0,0,0,5.36835e+08,0,3.64275e+07,-927176,927176,1.36187e+07
0,0,0,5.36835e+08,0,3.64284e+07,-927176,927176,1.36187e+07
0,0,0,5.36835e+08,0,3.68295e+07,-927176,927176,1.36187e+07
0,0,0,5.36835e+08,0,3.68304e+07,-927176,927176,1.36187e+07
0,0,0,5.36835e+08,0,3.68313e+07,-927176,927176,1.36187e+07
0,0,0,5.36835e+08,0,3.68322e+07,-927176,927176,1.36187e+07
0,0,0,5.36835e+08,0,3.76807e+07,-927176,927176,1.36187e+07
0,0,0,5.36835e+08,0,3.76817e+07,-927176,927176,1.36187e+07
0,0,0,5.36835e+08,0,3.76826e+07,-927176,927176,1.36187e+07
0,0,0,5.36835e+08,0,3.76835e+07,-927176,927176,1.36187e+07
0,0,0,5.36835e+08,0,4.04957e+07,-927176,927176,1.36187e+07
0,0,0,5.36835e+08,0,4.04967e+07,-927176,927176,1.36187e+07
0,0,0,5.36835e+08,0,4.04976e+07,-927176,927176,1.36187e+07
0,0,0,5.36835e+08,0,4.04986e+07,-927176,927176,1.36187e+07
0,0,0,5.36835e+08,0,4.04996e+07,-927176,927176,1.36187e+07
0,0,0,5.36835e+08,0,3.89219e+07,-927176,927176,1.36187e+07
0,0,0,5.36835e+08,0,3.89229e+07,-927176,927176,1.36187e+07
0,0,0,5.36835e+08,0,3.89238e+07,-927176,927176,1.36187e+07
0,0,0,5.36835e+08,0,3.89248e+07,-927176,927176,1.36187e+07
0,0,0,5.36835e+08,0,3.75352e+07,-927176,927176,1.36187e+07
0,0,0,5.36835e+08,0,3.75361e+07,-927176,927176,1.36187e+07
0,0,0,5.36835e+08,0,3.7537e+07,-927176,927176,1.36187e+07
0,0,0,5.36835e+08,0,3.75379e+07,-927176,927176,1.36187e+07
0,0,0,5.36835e+08,0,3.43185e+07,-927176,927176,1.36187e+07
0,0,0,5.36835e+08,0,3.43193e+07,-927176,927176,1.36187e+07
0,0,0,5.36835e+08,0,3.43202e+07,-927176,927176,1.36187e+07
0,0,0,5.36835e+08,0,3.4321e+07,-927176,927176,1.36187e+07
0,0,0,5.36835e+08,0,3.43218e+07,-927176,927176,1.36187e+07
0,0,0,5.36835e+08,0,3.53706e+07,-927176,927176,1.36187e+07
0,0,0,5.36835e+08,0,3.53712e+07,-927176,927176,1.36187e+07
0,0,0,5.36835e+08,0,3.53718e+07,-927176,927176,1.36187e+07
0,0,0,5.36835e+08,0,3.53724e+07,-927176,927176,1.36187e+07
0,0,0,5.36835e+08,0,3.90542e+07,-927176,927176,1.36187e+07
0,0,0,5.36835e+08,0,3.90548e+07,-927176,927176,1.36187e+07
0,0,0,5.36835e+08,0,3.90555e+07,-927176,927176,1.36187e+07
0,0,0,5.36835e+08,0,3.90561e+07,-927176,927176,1.36187e+07
0,0,0,5.36835e+08,0,3.39897e+07,-927176,927176,1.36187e+07
0,0,0,5.36835e+08,0,3.39903e+07,-927176,927176,1.36187e+07
0,0,0,5.36835e+08,0,3.39908e+07,-927176,927176,1.36187e+07
0,0,0,5.36835e+08,0,3.39914e+07,-927176,927176,1.36187e+07
0,0,0,5.36835e+08,0,3.3992e+07,-927176,927176,1.36187e+07
0,0,0,5.36835e+08,0,3.52474e+07,-927176,927176,1.36187e+07
0,0,0,5.36835e+08,0,3.52479e+07,-927176,927176,1.36187e+07
0,0,0,5.36835e+08,0,3.52485e+07,-927176,927176,1.36187e+07
0,0,0,5.36835e+08,0,3.52491e+07,-927176,927176,1.36187e+07
0,0,0,5.36835e+08,0,3.47609e+07,-927176,927176,1.36187e+07
0,0,0,5.36835e+08,0,3.47615e+07,-927176,927176,1.36187e+07
0,0,0,5.36835e+08,0,3.4762e+07,-927176,927176,1.36187e+07
0,0,0,5.36835e+08,0,3.47626e+07,-927176,927176,1.36187e+07
0,0,0,5.36835e+08,0,3.64647e+07,-927176,927176,1.36187e+07
0,0,0,5.36835e+08,0,3.64653e+07,-927176,927176,1.36187e+07
0,0,0,5.36835e+08,0,3.64659e+07,-927176,927176,1.36187e+07
0,0,0,5.36835e+08,0,3.64665e+07,-927176,927176,1.36187e+07
0,0,0,5.36835e+08,0,3.64671e+07,-927176,927176,1.36187e+07
0,0,0,5.36835e+08,0,3.68684e+07,-927176,927176,1.36187e+07
0,0,0,5.36835e+08,0,3.6869e+07,-927176,927176,1.36187e+07
0,0,0,5.36835e+08,0,3.68697e+07,-927176,927176,1.36187e+07
0,0,0,5.36835e+08,0,3.68703e+07,-927176,927176,1.36187e+07
0,0,0,5.36835e+08,0,3.77194e+07,-927176,927176,1.36187e+07
0,0,0,5.36835e+08,0,3.772e+07,-927176,927176,1.36187e+07
0,0,0,5.36835e+08,0,3.77207e+07,-927176,927176,1.36187e+07
0,0,0,5.36835e+08,0,3.77213e+07,-927176,927176,1.36187e+07
0,0,0,5.36835e+08,0,4.05361e+07,-927176,927176,1.36187e+07
0,0,0,5.36835e+08,0,4.05367e+07,-927176,927176,1.36187e+07
0,0,0,5.36835e+08,0,4.05374e+07,-927176,927176,1.36187e+07
0,0,0,5.36835e+08,0,4.05381e+07,-927176,927176,1.36187e+07
0,0,0,5.36835e+08,0,4.05388e+07,-927176,927176,1.36187e+07
0,0,0,5.36835e+08,0,3.89592e+07,-927176,927176,1.36187e+07
0,0,0,5.36835e+08,0,3.89598e+07,-927176,927176,1.36187e+07
0,0,0,5.36835e+08,0,3.89605e+07,-927176,927176,1.36187e+07
0,0,0,5.36835e+08,0,3.89611e+07,-927176,927176,1.36187e+07
0,0,0,5.36835e+08,0,3.75699e+07,-927176,927176,1.36187e+07
0,0,0,5.36835e+08,0,3.75705e+07,-927176,927176,1.36187e+07
0,0,0,5.36835e+08,0,3.75711e+07,-927176,927176,1.36187e+07
0,0,0,5.36835e+08,0,3.75717e+07,-927176,927176,1.36187e+07
0,0,0,5.36835e+08,0,3.4349e+07,-927176,927176,1.36187e+07
0,0,0,5.36835e+08,0,3.43496e+07,-927176,927176,1.36187e+07
0,0,0,5.36835e+08,0,3.43501e+07,-927176,927176,1.36187e+07
0,0,0,5.36835e+08,0,3.43507e+07,-927176,927176,1.36187e+07
0,0,0,5.36835e+08,0,3.43513e+07,-927176,927176,1.36187e+07
0,0,0,5.36835e+08,0,3.43513e+07,-927176,927176,1.36187e+07
0,0,0,5.36835e+08,0,3.54008e+07,-927176,927176,1.36187e+07
0,0,0,5.36835e+08,0,3.54011e+07,-927176,927176,1.36187e+07
0,0,0,5.36835e+08,0,3.54014e+07,-927176,927176,1.36187e+07
0,0,0,5.36835e+08,0,3.54017e+07,-927176,927176,1.36187e+07
0,0,0,5.36835e+08,0,3.90863e+07,-927176,927176,1.36187e+07
0,0,0,5.36835e+08,0,3.90867e+07,-927176,927176,1.36187e+07
0,0,0,5.36835e+08,0,3.9087e+07,-927176,927176,1.36187e+07
0,0,0,5.36835e+08,0,3.90874e+07,-927176,927176,1.36187e+07
0,0,0,5.36835e+08,0,3.40165e+07,-927176,927176,1.36187e+07
0,0,0,5.36835e+08,0,3.40168e+07,-927176,927176,1.36187e+07
0,0,0,5.36835e+08,0,3.40171e+07,-927176,927176,1.36187e+07
0,0,0,5.36835e+08,0,3.40174e+07,-927176,927176,1.36187e+07
0,0,0,5.36835e+08,0,3.40177e+07,-927176,927176,1.36187e+07
0,0,0,5.36835e+08,0,3.52738e+07,-927176,927176,1.36187e+07
0,0,0,5.36835e+08,0,3.52742e+07,-927176,927176,1.36187e+07
0,0,0,5.36835e+08,0,3.52745e+07,-927176,927176,1.36187e+07
0,0,0,5.36835e+08,0,3.52748e+07,-927176,927176,1.36187e+07
0,0,0,5.36835e+08,0,3.47859e+07,-927176,927176,1.36187e+07
0,0,0,5.36835e+08,0,3.47862e+07,-927176,927176,1.36187e+07
0,0,0,5.36835e+08,0,3.47865e+07,-927176,927176,1.36187e+07
0,0,0,5.36835e+08,0,3.47868e+07,-927176,927176,1.36187e+07
0,0,0,5.36835e+08,0,3.64899e+07,-927176,927176,1.36187e+07
0,0,0,5.36835e+08,0,3.64902e+07,-927176,927176,1.36187e+07
0,0,0,5.36835e+08,0,3.64906e+07,-927176,927176,1.36187e+07
0,0,0,5.36835e+08,0,3.64909e+07,-927176,927176,1.36187e+07
0,0,0,5.36835e+08,0,3.64912e+07,-927176,927176,1.36187e+07
0,0,0,5.36835e+08,0,3.68925e+07,-927176,927176,1.36187e+07
0,0,0,5.36835e+08,0,3.68928e+07,-927176,927176,1.36187e+07
0,0,0,5.36835e+08,0,3.68932e+07,-927176,927176,1.36187e+07
0,0,0,5.36835e+08,0,3.68935e+07,-927176,927176,1.36187e+07
0,0,0,5.36835e+08,0,3.77429e+07,-927176,927176,1.36187e+07
0,0,0,5.36835e+08,0,3.77432e+07,-927176,927176,1.36187e+07
0,0,0,5.36835e+08,0,3.77436e+07,-927176,927176,1.36187e+07
0,0,0,5.36835e+08,0,3.63014e+07,0,0,1.36187e+07
0,0,0,5.36835e+08,0,3.91176e+07,0,0,1.36187e+07
0,0,0,5.36835e+08,0,3.91179e+07,0,0,1.36187e+07
0,0,0,5.36835e+08,0,3.91183e+07,0,0,1.36187e+07
0,0,0,5.36835e+08,0,3.91187e+07,0,0,1.36187e+07
0,0,0,5.36835e+08,0,3.9119e+07,0,0,1.36187e+07
0,0,0,5.36835e+08,0,3.75382e+07,0,0,1.36187e+07
0,0,0,5.36835e+08,0,3.75386e+07,0,0,1.36187e+07
0,0,0,5.36835e+08,0,3.75389e+07,0,0,1.36187e+07
0,0,0,5.36835e+08,0,3.75393e+07,0,0,1.36187e+07
0,0,0,5.36835e+08,0,3.61469e+07,0,0,1.36187e+07
0,0,0,5.36835e+08,0,3.61473e+07,0,0,1.36187e+07
0,0,0,5.36835e+08,0,3.61476e+07,0,0,1.36187e+07
0,0,0,5.36835e+08,0,3.61479e+07,0,0,1.36187e+07
0,0,0,5.36835e+08,0,3.29233e+07,0,0,1.36187e+07
0,0,0,5.36835e+08,0,3.29236e+07,0,0,1.36187e+07
0,0,0,5.36835e+08,0,3.29239e+07,0,0,1.36187e+07
0,0,0,5.36835e+08,0,3.43667e+07,-927176,927176,1.36187e+07
0,0,0,5.36835e+08,0,3.4367e+07,-927176,927176,1.36187e+07
0,0,0,5.36835e+08,0,3.54168e+07,-927176,927176,1.36187e+07
0,0,0,5.36835e+08,0,3.54168e+07,-927176,927176,1.36187e+07
0,0,0,5.36835e+08,0,3.54168e+07,-927176,927176,1.36187e+07
0,0,0,5.36835e+08,0,3.54169e+07,-927176,927176,1.36187e+07
0,0,0,5.36835e+08,0,3.76603e+07,0,0,1.36187e+07
0,0,0,5.36835e+08,0,3.76604e+07,0,0,1.36187e+07
0,0,0,5.36835e+08,0,3.76604e+07,0,0,1.36187e+07
0,0,0,5.36835e+08,0,3.76605e+07,0,0,1.36187e+07
0,0,0,5.36835e+08,0,3.25873e+07,0,0,1.36187e+07
0,0,0,5.36835e+08,0,3.25873e+07,0,0,1.36187e+07
0,0,0,5.36835e+08,0,3.25873e+07,0,0,1.36187e+07
0,0,0,5.36835e+08,0,3.25874e+07,0,0,1.36187e+07
0,0,0,5.36835e+08,0,3.25874e+07,0,0,1.36187e+07
0,0,0,5.36835e+08,0,3.38437e+07,0,0,1.36187e+07
0,0,0,5.36835e+08,0,3.38438e+07,0,0,1.36187e+07
0,0,0,5.36835e+08,0,3.38438e+07,0,0,1.36187e+07
0,0,0,5.36835e+08,0,3.38439e+07,0,0,1.36187e+07
0,0,0,5.36835e+08,0,3.33546e+07,0,0,1.36187e+07
0,0,0,5.36835e+08,0,3.33546e+07,0,0,1.36187e+07
0,0,0,5.36835e+08,0,3.33547e+07,0,0,1.36187e+07
0,0,0,5.36835e+08,0,3.33547e+07,0,0,1.36187e+07
0,0,0,5.36835e+08,0,3.5058e+07,0,0,1.36187e+07
0,0,0,5.36835e+08,0,3.65006e+07,-927176,927176,1.36187e+07
0,0,0,5.36835e+08,0,3.65006e+07,-927176,927176,1.36187e+07
0,0,0,5.36835e+08,0,3.65007e+07,-927176,927176,1.36187e+07
0,0,0,5.36835e+08,0,3.65007e+07,-927176,927176,1.36187e+07
0,0,0,5.36835e+08,0,3.69018e+07,-927176,927176,1.36187e+07
0,0,0,5.36835e+08,0,3.69019e+07,-927176,927176,1.36187e+07
0,0,0,5.36835e+08,0,3.69019e+07,-927176,927176,1.36187e+07
0,0,0,5.36835e+08,0,3.6902e+07,-927176,927176,1.36187e+07
0,0,0,5.36835e+08,0,3.77513e+07,-927176,927176,1.36187e+07
0,0,0,5.36835e+08,0,3.77513e+07,-927176,927176,1.36187e+07
0,0,0,5.36835e+08,0,3.77514e+07,-927176,927176,1.36187e+07
0,0,0,5.36835e+08,0,3.77514e+07,-927176,927176,1.36187e+07
0,0,0,5.36835e+08,0,4.05679e+07,-927176,927176,1.36187e+07
0,0,0,5.36835e+08,0,4.0568e+07,-927176,927176,1.36187e+07
0,0,0,5.36835e+08,0,4.0568e+07,-927176,927176,1.36187e+07
0,0,0,5.36835e+08,0,4.05681e+07,-927176,927176,1.36187e+07
0,0,0,5.36835e+08,0,4.05681e+07,-927176,927176,1.36187e+07
0,0,0,5.36835e+08,0,3.89867e+07,-927176,927176,1.36187e+07
0,0,0,5.36835e+08,0,3.89868e+07,-927176,927176,1.36187e+07
0,0,0,5.36835e+08,0,3.89868e+07,-927176,927176,1.36187e+07
0,0,0,5.36835e+08,0,3.89869e+07,-927176,927176,1.36187e+07
0,0,0,5.36835e+08,0,3.75941e+07,-927176,927176,1.36187e+07
0,0,0,5.36835e+08,0,3.75941e+07,-927176,927176,1.36187e+07
0,0,0,5.36835e+08,0,3.75942e+07,-927176,927176,1.36187e+07
0,0,0,5.36835e+08,0,3.75942e+07,-927176,927176,1.36187e+07
0,0,0,5.36835e+08,0,3.4369e+07,-927176,927176,1.36187e+07
0,0,0,5.36835e+08,0,3.4369e+07,-927176,927176,1.36187e+07
0,0,0,5.36835e+08,0,3.43691e+07,-927176,927176,1.36187e+07
0,0,0,5.36835e+08,0,3.43691e+07,-927176,927176,1.36187e+07
0,0,0,5.36835e+08,0,3.43692e+07,-927176,927176,1.36187e+07
0,0,0,5.36835e+08,0,3.54187e+07,-927176,927176,1.36187e+07
0,0,0,5.36835e+08,0,3.54184e+07,-927176,927176,1.36187e+07
0,0,0,5.36835e+08,0,3.54182e+07,-927176,927176,1.36187e+07
0,0,0,5.36835e+08,0,3.5418e+07,-927176,927176,1.36187e+07
0,0,0,5.36835e+08,0,3.91038e+07,-927176,927176,1.36187e+07
0,0,0,5.36835e+08,0,3.91035e+07,-927176,927176,1.36187e+07
0,0,0,5.36835e+08,0,3.91033e+07,-927176,927176,1.36187e+07
0,0,0,5.36835e+08,0,3.9103e+07,-927176,927176,1.36187e+07
0,0,0,5.36835e+08,0,3.40295e+07,-927176,927176,1.36187e+07
0,0,0,5.36835e+08,0,3.40293e+07,-927176,927176,1.36187e+07
0,0,0,5.36835e+08,0,3.40291e+07,-927176,927176,1.36187e+07
0,0,0,5.36835e+08,0,3.40289e+07,-927176,927176,1.36187e+07
0,0,0,5.36835e+08,0,3.25861e+07,0,0,1.36187e+07
0,0,0,5.36835e+08,0,3.38422e+07,0,0,1.36187e+07
0,0,0,5.36835e+08,0,3.38419e+07,0,0,1.36187e+07
0,0,0,5.36835e+08,0,3.38417e+07,0,0,1.36187e+07
0,0,0,5.36835e+08,0,3.38415e+07,0,0,1.36187e+07
0,0,0,5.36835e+08,0,3.33519e+07,0,0,1.36187e+07
0,0,0,5.36835e+08,0,3.33517e+07,0,0,1.36187e+07
0,0,0,5.36835e+08,0,3.33515e+07,0,0,1.36187e+07
0,0,0,5.36835e+08,0,3.33513e+07,0,0,1.36187e+07
0,0,0,5.36835e+08,0,3.50542e+07,0,0,1.36187e+07
0,0,0,5.36835e+08,0,3.50539e+07,0,0,1.36187e+07
0,0,0,5.36835e+08,0,3.64962e+07,-927176,927176,1.36187e+07
0,0,0,5.36835e+08,0,3.6496e+07,-927176,927176,1.36187e+07
0,0,0,5.36835e+08,0,3.64957e+07,-927176,927176,1.36187e+07
0,0,0,5.36835e+08,0,3.68965e+07,-927176,927176,1.36187e+07
0,0,0,5.36835e+08,0,3.68963e+07,-927176,927176,1.36187e+07
0,0,0,5.36835e+08,0,3.6896e+07,-927176,927176,1.36187e+07
0,0,0,5.36835e+08,0,3.68958e+07,-927176,927176,1.36187e+07
0,0,0,5.36835e+08,0,3.77447e+07,-927176,927176,1.36187e+07
0,0,0,5.36835e+08,0,3.77444e+07,-927176,927176,1.36187e+07
0,0,0,5.36835e+08,0,3.77442e+07,-927176,927176,1.36187e+07
0,0,0,5.36835e+08,0,3.77439e+07,-927176,927176,1.36187e+07
0,0,0,5.36835e+08,0,4.05595e+07,-927176,927176,1.36187e+07
0,0,0,5.36835e+08,0,4.05593e+07,-927176,927176,1.36187e+07
0,0,0,5.36835e+08,0,4.0559e+07,-927176,927176,1.36187e+07
0,0,0,5.36835e+08,0,4.05588e+07,-927176,927176,1.36187e+07
0,0,0,5.36835e+08,0,4.05585e+07,-927176,927176,1.36187e+07
0,0,0,5.36835e+08,0,3.89772e+07,-927176,927176,1.36187e+07
0,0,0,5.36835e+08,0,3.8977e+07,-927176,927176,1.36187e+07
0,0,0,5.36835e+08,0,3.89767e+07,-927176,927176,1.36187e+07
0,0,0,5.36835e+08,0,3.89765e+07,-927176,927176,1.36187e+07
0,0,0,5.36835e+08,0,3.75838e+07,-927176,927176,1.36187e+07
0,0,0,5.36835e+08,0,3.75835e+07,-927176,927176,1.36187e+07
0,0,0,5.36835e+08,0,3.75833e+07,-927176,927176,1.36187e+07
0,0,0,5.36835e+08,0,3.7583e+07,-927176,927176,1.36187e+07
0,0,0,5.36835e+08,0,3.43585e+07,-927176,927176,1.36187e+07
0,0,0,5.36835e+08,0,3.43583e+07,-927176,927176,1.36187e+07
0,0,0,5.36835e+08,0,3.43581e+07,-927176,927176,1.36187e+07
0,0,0,5.36835e+08,0,3.43579e+07,-927176,927176,1.36187e+07
0,0,0,5.36835e+08,0,3.43576e+07,-927176,927176,1.36187e+07
0,0,0,5.36835e+08,0,3.54065e+07,-927176,927176,1.36187e+07
0,0,0,5.36835e+08,0,3.5406e+07,-927176,927176,1.36187e+07
0,0,0,5.36835e+08,0,3.54055e+07,-927176,927176,1.36187e+07
0,0,0,5.36835e+08,0,3.39625e+07,0,0,1.36187e+07
0,0,0,5.36835e+08,0,3.76466e+07,0,0,1.36187e+07
0,0,0,5.36835e+08,0,3.76461e+07,0,0,1.36187e+07
0,0,0,5.36835e+08,0,3.76455e+07,0,0,1.36187e+07
0,0,0,5.36835e+08,0,3.7645e+07,0,0,1.36187e+07
0,0,0,5.36835e+08,0,3.25733e+07,0,0,1.36187e+07
0,0,0,5.36835e+08,0,3.25728e+07,0,0,1.36187e+07
0,0,0,5.36835e+08,0,3.25724e+07,0,0,1.36187e+07
0,0,0,5.36835e+08,0,3.25719e+07,0,0,1.36187e+07
0,0,0,5.36835e+08,0,3.25714e+07,0,0,1.36187e+07
0,0,0,5.36835e+08,0,3.38266e+07,0,0,1.36187e+07
0,0,0,5.36835e+08,0,3.38261e+07,0,0,1.36187e+07
0,0,0,5.36835e+08,0,3.38256e+07,0,0,1.36187e+07
0,0,0,5.36835e+08,0,3.38251e+07,0,0,1.36187e+07
0,0,0,5.36835e+08,0,3.33356e+07,0,0,1.36187e+07
0,0,0,5.36835e+08,0,3.33351e+07,0,0,1.36187e+07
0,0,0,5.36835e+08,0,3.33346e+07,0,0,1.36187e+07
0,0,0,5.36835e+08,0,3.33341e+07,0,0,1.36187e+07
0,0,0,5.36835e+08,0,3.50358e+07,0,0,1.36187e+07
0,0,0,5.36835e+08,0,3.64778e+07,-927176,927176,1.36187e+07
0,0,0,5.36835e+08,0,3.64773e+07,-927176,927176,1.36187e+07
0,0,0,5.36835e+08,0,3.64768e+07,-927176,927176,1.36187e+07
0,0,0,5.36835e+08,0,3.64763e+07,-927176,927176,1.36187e+07
0,0,0,5.36835e+08,0,3.68766e+07,-927176,927176,1.36187e+07
0,0,0,5.36835e+08,0,3.6876e+07,-927176,927176,1.36187e+07
0,0,0,5.36835e+08,0,3.68755e+07,-927176,927176,1.36187e+07
0,0,0,5.36835e+08,0,3.6875e+07,-927176,927176,1.36187e+07
0,0,0,5.36835e+08,0,3.77231e+07,-927176,927176,1.36187e+07
0,0,0,5.36835e+08,0,3.77226e+07,-927176,927176,1.36187e+07
0,0,0,5.36835e+08,0,3.7722e+07,-927176,927176,1.36187e+07
0,0,0,5.36835e+08,0,3.77215e+07,-927176,927176,1.36187e+07
0,0,0,5.36835e+08,0,4.05351e+07,-927176,927176,1.36187e+07
0,0,0,5.36835e+08,0,4.05345e+07,-927176,927176,1.36187e+07
0,0,0,5.36835e+08,0,4.05339e+07,-927176,927176,1.36187e+07
0,0,0,5.36835e+08,0,4.05334e+07,-927176,927176,1.36187e+07
0,0,0,5.36835e+08,0,4.05328e+07,-927176,927176,1.36187e+07
0,0,0,5.36835e+08,0,3.89522e+07,-927176,927176,1.36187e+07
0,0,0,5.36835e+08,0,3.89517e+07,-927176,927176,1.36187e+07
0,0,0,5.36835e+08,0,3.89511e+07,-927176,927176,1.36187e+07
0,0,0,5.36835e+08,0,3.89506e+07,-927176,927176,1.36187e+07
0,0,0,5.36835e+08,0,3.75586e+07,-927176,927176,1.36187e+07
0,0,0,5.36835e+08,0,3.75581e+07,-927176,927176,1.36187e+07
0,0,0,5.36835e+08,0,3.75575e+07,-927176,927176,1.36187e+07
