0volume,0demand,0up_spill,0ww_inflow,0catch_inflow,0evap,0ds_spill,0treat_cap,1volume,1demand,1up_spill,1ww_inflow,1catch_inflow,1evap,1ds_spill,1treat_cap,2volume,2s_area,2demand,2up_spill,2ww_inflow,2catch_inflow,2evap,2ds_spill,2treat_cap,2valloc_0,2talloc_0,2valloc_1,2talloc_1,3volume,3demand,3up_spill,3ww_inflow,3catch_inflow,3evap,3ds_spill,3treat_cap,3valloc_1,3talloc_1,3valloc_2,3talloc_2,4demand,4up_spill,4ww_inflow,4catch_inflow,4ds_spill,4treat_cap,11volume,11s_area,11demand,11up_spill,11ww_inflow,11catch_inflow,11evap,11ds_spill,11treat_cap
72.29,1.84028,0,0,4.92337,0.332479,2.75062,3.6288,61.308,0.246417,0,0,0.476665,0.204299,0.0259489,0.66528,12.849,1,0.327095,2.75062,0,57.7454,4.03315,56.1357,0.84672,12.849,0.84672,3695.15,0,36.966,0.148579,0,0,3.66395,1.12596,2.38941,0.42336,36.966,0.42336,423.524,0,1.34002,0,0,1.34002,0,1.028160,1,0,58.5511,0,0,0,58.5511,0
72.29,1.85837,0,0,4.52864,0.332479,2.33779,3.6288,61.2855,0.428242,0,0,0.610006,0.204299,0,0.66528,12.849,1,0.330312,2.33779,0,67.5329,4.03315,65.5072,0.84672,12.849,0.84672,3695.15,0,36.966,0.258211,0.751334,1.74664,3.67292,1.12596,4.78672,0.42336,36.966,0.42336,423.524,0,1.02816,0,0,1.77949,0.751334,1.028160,1,0,70.294,0,0,0,70.294,0
72.29,1.85914,0,0,3.64156,0.332479,1.44994,3.6288,61.2299,0.428183,0,0,0.576863,0.20427,0,0.66528,12.849,1,0.330449,1.44994,0,37.3952,4.03315,34.4816,0.84672,12.849,0.84672,3695.15,0,36.966,0.25827,0.704799,1.73487,2.74934,1.12596,3.80478,0.42336,36.966,0.42336,423.524,0,1.02816,0,0,1.73296,0.704799,1.028160,1,0,38.2863,0,0,0,38.2863,0
72.29,1.85992,0,0,2.73726,0.364054,0.513295,3.6288,60.4918,0.88397,0,0,0.330288,0.184361,0,0.66528,12.849,1,0.330586,0.513295,0,38.8393,3.96705,35.055,0.84672,12.849,0.84672,3695.15,0,36.966,0.42336,0.503194,1.73504,3.04451,1.07366,3.78572,0.42336,36.966,0.42336,423.524,0,0.407284,0,0,0.910477,0.503194,1.028160,1,0,38.8407,0,0,0,38.8407,0
72.29,2.06542,0,0,4.8194,0.377079,2.3769,3.6288,60.3088,0.530731,0,0,0.505561,0.157833,0,0.66528,12.849,1,0.367112,2.3769,0,78.5144,3.40383,77.1203,0.84672,12.849,0.84672,3695.15,0,36.966,0.324325,0.831125,1.73521,4.53405,0.895738,5.88032,0.42336,36.966,0.42336,423.524,0,1.02816,0,0,1.85928,0.831125,1.028160,1,0,83.0006,0,0,0,83.0006,0
72.29,2.20939,0,0,5.98152,0.355274,3.41686,3.6288,60.1982,0.425615,0,0,0.473144,0.158143,0,0.66528,12.849,1,0.392703,3.41686,0,85.2103,3.04752,85.1869,0.84672,12.849,0.84672,3695.15,0,36.966,0.260878,0.965261,1.91083,2.95943,0.814589,4.76006,0.42336,36.966,0.42336,423.524,0,1.02816,0,0,1.99342,0.965261,1.028160,1,0,89.947,0,0,0,89.947,0
72.29,2.21025,0,0,5.49278,0.355274,2.92725,3.6288,60.0714,0.425318,0,0,0.456525,0.158031,0,0.66528,12.849,1,0.392855,2.92725,0,83.9886,3.04752,83.4755,0.84672,12.849,0.84672,3695.15,0,36.966,0.261175,0.864588,1.81237,2.74196,0.814589,4.34316,0.42336,36.966,0.42336,423.524,0,1.02816,0,0,1.89275,0.864588,1.028160,1,0,87.8186,0,0,0,87.8186,0
72.29,2.2111,0,0,5.50733,0.335773,2.96045,3.6288,59.9656,0.424976,0,0,0.501928,0.182726,0,0.66528,12.849,1,0.393007,2.96045,0,81.6117,4.02416,80.155,0.84672,12.849,0.84672,3695.15,0,36.966,0.261517,0.993185,1.81256,3.05476,1.14462,4.45436,0.42336,36.966,0.42336,423.524,0,1.02816,0,0,2.02135,0.993185,1.028160,1,0,84.6094,0,0,0,84.6094,0
72.29,1.91967,0,0,5.8349,0.320301,3.59493,3.6288,60.0387,0.284584,0,0,0.561505,0.203874,0,0.66528,12.849,1,0.341207,3.59493,0,93.7665,4.31459,92.7056,0.84672,12.849,0.84672,3695.15,0,36.966,0.175433,1.097,1.81275,3.89953,1.24503,5.38883,0.42336,36.966,0.42336,423.524,0,1.02816,0,0,2.12516,1.097,1.028160,1,0,98.0944,0,0,0,98.0944,0
72.29,1.75729,0,0,5.29137,0.314325,3.21975,3.6288,60.0864,0.40362,0,0,0.648043,0.196719,0,0.66528,12.849,1,0.312345,3.21975,0,96.2012,4.01331,95.0953,0.84672,12.849,0.84672,3695.15,0,36.966,0.24851,1.49773,1.57345,4.46239,1.09433,6.19072,0.42336,36.966,0.42336,423.524,0,1.02816,0,0,2.52589,1.49773,1.028160,1,0,101.286,0,0,0,101.286,0
72.29,1.75776,0,0,5.79319,0.314325,3.7211,3.6288,60.0541,0.403941,0,0,0.568439,0.196779,0,0.66528,12.849,1,0.312429,3.7211,0,106.462,4.01331,105.857,0.84672,12.849,0.84672,3695.15,0,36.966,0.24851,1.01345,1.68604,4.14948,1.09433,5.50613,0.42336,36.966,0.42336,423.524,0,1.02816,0,0,2.04161,1.01345,1.028160,1,0,111.364,0,0,0,111.364,0
72.29,1.75823,0,0,5.12511,0.314325,3.05255,3.6288,59.9964,0.404056,0,0,0.543072,0.196739,0,0.66528,12.849,1,0.312512,3.05255,0,92.9612,4.01331,91.688,0.84672,12.849,0.84672,3695.15,0,36.966,0.248715,0.82442,1.68639,3.75986,1.09433,4.92763,0.42336,36.966,0.42336,423.524,0,1.02816,0,0,1.85258,0.82442,1.028160,1,0,96.6156,0,0,0,96.6156,0
72.29,1.7587,0,0,4.91322,0.328236,2.82629,3.6288,59.9721,0.404107,0,0,0.592445,0.212609,0,0.66528,12.849,1,0.312595,2.82629,0,83.5013,3.43164,82.5833,0.84672,12.849,0.84672,3695.15,0,36.966,0.248985,0.84494,1.68674,3.63813,1.0679,4.85293,0.42336,36.966,0.42336,423.524,0,1.02816,0,0,1.8731,0.84494,1.028160,1,0,87.4363,0,0,0,87.4363,0
72.29,1.83283,0,0,5.84996,0.311161,3.70598,3.6288,59.9561,0.43856,0,0,0.597547,0.175021,0,0.66528,12.849,1,0.325771,3.70598,0,87.8809,3.82683,87.4343,0.84672,12.849,0.84672,3695.15,0,36.966,0.270323,1.35644,1.6871,2.99881,0.915635,4.85639,0.42336,36.966,0.42336,423.524,0,1.02816,0,0,2.3846,1.35644,1.028160,1,0,92.2907,0,0,0,92.2907,0
72.29,1.85264,0,0,3.69897,0.311161,1.53516,3.6288,59.726,0.445598,0,0,0.390563,0.175003,0,0.66528,12.849,1,0.329293,1.53516,0,61.3697,3.82683,58.7487,0.84672,12.849,0.84672,3695.15,0,36.966,0.274734,0.528595,1.74656,1.75609,0.915635,2.84088,0.42336,36.966,0.42336,423.524,0,0.994283,0,0,1.52288,0.528595,1.028160,1,0,61.5896,0,0,0,61.5896,0
72.29,1.85341,0,0,2.83956,0.311161,0.67499,3.6288,59.2242,0.637167,0,0,0.310124,0.174747,0,0.66528,12.849,1,0.32943,0.67499,0,41.5795,3.82683,38.0982,0.84672,12.849,0.84672,3695.15,0,36.966,0.39436,0.528595,1.73361,1.62639,0.915635,2.5786,0.42336,36.966,0.42336,423.524,0,0.683087,0,0,1.21168,0.528595,1.028160,1,0,40.6768,0,0,0,40.6768,0
72.29,1.85418,0,0,2.64917,0.267174,0.527816,3.6288,58.6493,0.703389,0,0,0.289208,0.160783,0,0.66528,12.849,1,0.329567,0.527816,0,45.2021,3.10419,42.2962,0.84672,12.849,0.84672,3695.15,0,36.966,0.42336,0.528595,1.73378,1.53316,0.832478,2.53969,0.42336,36.966,0.42336,423.524,0,0.587866,0,0,1.11646,0.528595,1.028160,1,0,44.8359,0,0,0,44.8359,0
72.29,1.82613,0,0,3.02434,0.250765,0.947446,3.6288,58.228,0.582582,0,0,0.314489,0.153138,0,0.66528,12.849,1,0.32458,0.947446,0,53.6332,3.55882,50.6973,0.84672,12.849,0.84672,3695.15,0,36.966,0.367195,0.528595,1.73395,1.80311,0.940782,2.75767,0.42336,36.966,0.42336,423.524,0,0.743273,0,0,1.27187,0.528595,1.028160,1,0,53.4549,0,0,0,53.4549,0
72.29,1.80858,0,0,2.76662,0.249776,0.708267,3.6288,57.7069,0.619919,0,0,0.276768,0.178012,0,0.66528,12.849,1,0.321461,0.708267,0,48.1391,4.00725,44.5187,0.84672,12.849,0.84672,3695.15,0,36.966,0.393555,0.528595,1.71109,1.6766,0.993108,2.52963,0.42336,36.966,0.42336,423.524,0,0.701136,0,0,1.22973,0.528595,1.028160,1,0,47.0483,0,0,0,47.0483,0
72.29,1.80934,0,0,2.56251,0.179553,0.573619,3.6288,57.1525,0.597234,0,0,0.252204,0.209367,0,0.66528,12.849,1,0.321596,0.573619,0,44.1742,4.29555,40.1307,0.84672,12.849,0.84672,3695.15,0,36.966,0.382578,0.402797,1.72388,1.58179,1.01032,2.31556,0.42336,36.966,0.42336,423.524,0,0.734797,0,0,1.13759,0.402797,1.028160,1,0,42.4463,0,0,0,42.4463,0
72.29,1.8101,0,0,2.50382,0.179553,0.514168,3.6288,56.7297,0.497185,0,0,0.283055,0.208617,0,0.66528,12.849,1,0.321732,0.514168,0,42.8872,4.29555,38.7841,0.84672,12.849,0.84672,3695.15,0,36.966,0.321577,0.402797,1.72404,1.88303,1.01032,2.67797,0.42336,36.966,0.42336,423.524,0,0.895847,0,0,1.29864,0.402797,1.028160,1,0,41.4621,0,0,0,41.4621,0
72.1613,1.9088,0,0,2.32369,0.180716,0.36288,3.6288,56.0914,0.707972,0,0,0.289587,0.219898,0,0.66528,12.849,1,0.339275,0.36288,0,37.4057,4.71437,32.7149,0.84672,12.849,0.84672,3695.15,0,36.966,0.42336,0.402797,1.72421,1.45272,1.04654,2.10983,0.42336,36.966,0.42336,423.524,0,0.65982,0,0,1.06262,0.402797,1.028160,1,0,34.8247,0,0,0,34.8247,0
71.7459,1.97404,0,0,2.09506,0.173553,0.36288,3.6288,55.3116,0.76955,0,0,0.212668,0.222945,0,0.66528,12.849,1,0.351497,0.36288,0,32.4949,4.91489,27.5914,0.84672,12.849,0.84672,3695.15,0,36.966,0.42336,0.402797,1.80513,1.17354,1.10316,1.85495,0.42336,36.966,0.42336,423.524,0,0.521718,0,0,0.924515,0.402797,1.028160,1,0,29.4463,0,0,0,29.4463,0
71.1203,1.97311,0,0,1.83722,0.12683,0.36288,3.6288,54.6256,0.662302,0,0,0.198362,0.222036,0,0.66528,12.849,1,0.353366,0.36288,0,27.7011,4.93091,22.7797,0.84672,12.849,0.84672,3695.15,0,36.966,0.42336,0.30119,1.76053,1.0895,1.05676,1.6711,0.42336,36.966,0.42336,423.524,0,0.628966,0,0,0.930156,0.30119,1.028160,1,0,24.4508,0,0,0,24.4508,0
70.4748,1.97128,0,0,1.81494,0.126225,0.36288,3.6288,53.9392,0.679357,0,0,0.213906,0.221035,0,0.66528,12.849,1,0.356143,0.36288,0,26.8754,4.93091,21.9512,0.84672,12.849,0.84672,3695.15,0,36.966,0.42336,0.30119,1.7607,1.18048,1.05676,1.76226,0.42336,36.966,0.42336,423.524,0,0.611911,0,0,0.913101,0.30119,1.028160,1,0,23.7135,0,0,0,23.7135,0
69.6798,1.96932,0,0,1.66014,0.122948,0.36288,3.6288,53.1926,0.721563,0,0,0.198698,0.223685,0,0.66528,12.849,1,0.359047,0.36288,0,24.7975,4.90184,19.8995,0.84672,12.849,0.84672,3695.15,0,36.966,0.42336,0.30119,1.76088,1.05469,1.07863,1.61478,0.42336,36.966,0.42336,423.524,0,0.569704,0,0,0.870895,0.30119,1.028160,1,0,21.5143,0,0,0,21.5143,0
68.6043,1.94737,0,0,1.34113,0.106375,0.36288,3.6288,52.3105,0.823868,0,0,0.185896,0.244171,0,0.66528,12.849,1,0.359096,0.36288,0,23.1298,4.72742,18.4062,0.84672,12.849,0.84672,3695.15,0,36.966,0.42336,0.30119,1.76106,1.12793,1.20986,1.55696,0.42336,36.966,0.42336,423.524,0,0.509518,0,0,0.810708,0.30119,1.028160,1,0,19.9631,0,0,0,19.9631,0
67.4075,1.97889,0,0,1.25039,0.105489,0.36288,3.6288,51.4721,0.774519,0,0,0.178619,0.24245,0,0.66528,12.849,1,0.370629,0.36288,0,22.8239,4.72742,18.0888,0.84672,12.849,0.84672,3695.15,0,36.966,0.42336,0.261274,1.78949,1.15256,1.20986,1.57011,0.42336,36.966,0.42336,423.524,0,0.516758,0,0,0.778032,0.261274,1.028160,1,0,19.6589,0,0,0,19.6589,0
66.0986,1.97416,0,0,1.13268,0.104504,0.36288,3.6288,50.5888,0.813175,0,0,0.170683,0.240815,0,0.66528,12.849,1,0.376308,0.36288,0,22.43,4.72742,17.6892,0.84672,12.849,0.84672,3695.15,0,36.966,0.42336,0.261274,1.76503,1.08883,1.20986,1.48191,0.42336,36.966,0.42336,423.524,0,0.478103,0,0,0.739377,0.261274,1.028160,1,0,19.1711,0,0,0,19.1711,0
64.6994,1.96871,0,0,1.03131,0.0988896,0.36288,3.6288,49.6171,0.883815,0,0,0.161418,0.249274,0,0.66528,12.849,1,0.382701,0.36288,0,19.745,4.86857,14.8566,0.84672,12.849,0.84672,3695.15,0,36.966,0.42336,0.261274,1.76521,1.05678,1.26138,1.39852,0.42336,36.966,0.42336,423.524,0,0.407462,0,0,0.668736,0.261274,1.028160,1,0,16.2551,0,0,0,16.2551,0
63.125,2.01185,0,0,0.870497,0.0701621,0.36288,3.6288,48.4213,1.05286,0,0,0.144643,0.28761,0,0.66528,12.849,1,0.399544,0.36288,0,20.2505,5.73039,14.4835,0.84672,12.849,0.84672,3695.15,0,36.966,0.42336,0.261274,1.76538,0.967308,1.46191,1.10869,0.42336,36.966,0.42336,423.524,0,0.275994,0,0,0.537267,0.261274,1.028160,1,0,15.5922,0,0,0,15.5922,0
61.4271,2.03558,0,0,0.769478,0.0689916,0.36288,3.6288,47.1947,1.07228,0,0,0.122462,0.276746,0,0.66528,12.849,1,0.41434,0.36288,0,15.3592,5.73636,9.57134,0.84672,12.849,0.84672,3695.15,0,36.966,0.42336,0.261274,1.80565,0.885237,1.41847,1.11033,0.42336,36.966,0.42336,423.524,0,0.219006,0,0,0.480279,0.261274,1.028160,1,0,10.6817,0,0,0,10.6817,0
59.6738,2.02691,0,0,0.704583,0.0680364,0.36288,3.6288,45.9261,1.10814,0,0,0.113426,0.273927,0,0.66528,12.849,1,0.42398,0.36288,0,14.5987,5.73636,8.8012,0.84672,12.849,0.84672,3695.15,0,36.966,0.42336,0.227405,1.78385,0.77811,1.41847,0.947534,0.42336,36.966,0.42336,423.524,0,0.18315,0,0,0.410555,0.227405,1.028160,1,0,9.74874,0,0,0,9.74874,0
57.9798,2.01746,0,0,0.74444,0.0581423,0.36288,3.6288,44.7548,1.02603,0,0,0.13021,0.275459,0,0.66528,12.849,1,0.434401,0.36288,0,14.3179,5.88591,8.36043,0.84672,12.849,0.84672,3695.15,0,36.966,0.42336,0.227405,1.78403,1.02934,1.44835,1.16906,0.42336,36.966,0.42336,423.524,0,0.265257,0,0,0.492661,0.227405,1.028160,1,0,9.52949,0,0,0,9.52949,0
56.132,2.14951,0,0,0.712392,0.0477301,0.36288,3.6288,43.4741,1.15967,0,0,0.121643,0.242741,0,0.66528,12.849,1,0.476357,0.36288,0,14.2006,5.88745,8.19969,0.84672,12.849,0.84672,3695.15,0,36.966,0.42336,0.227405,1.78422,1.04647,1.48666,1.14807,0.42336,36.966,0.42336,423.524,0,0.267355,0,0,0.49476,0.227405,1.028160,1,0,9.34776,0,0,0,9.34776,0
54.0296,2.24803,0,0,0.534959,0.0264605,0.36288,3.6288,42.2255,1.08772,0,0,0.0917603,0.252601,0,0.66528,12.849,1,0.514589,0.36288,0,13.8566,5.94311,7.76176,0.84672,12.849,0.84672,3695.15,0,36.966,0.42336,0.227405,1.9217,0.977512,1.51745,1.1858,0.42336,36.966,0.42336,423.524,0,0.203603,0,0,0.431008,0.227405,1.028160,1,0,8.94756,0,0,0,8.94756,0
51.9141,2.2327,0,0,0.505976,0.025908,0.36288,3.6288,40.9686,1.09165,0,0,0.084396,0.249608,0,0.66528,12.849,1,0.530966,0.36288,0,12.453,5.94311,6.34181,0.84672,12.849,0.84672,3695.15,0,36.966,0.42336,0.204422,1.84248,0.966427,1.51745,1.07251,0.42336,36.966,0.42336,423.524,0,0.19967,0,0,0.404092,0.204422,1.028160,1,0,7.41433,0,0,0,7.41433,0
50.0084,2.21619,0,0,0.698725,0.0253521,0.36288,3.6288,39.7784,1.03716,0,0,0.0934654,0.246595,0,0.66528,12.849,1,0.548517,0.36288,0,13.3575,5.94311,7.22878,0.84672,12.849,0.84672,3695.15,0,36.966,0.42336,0.204422,1.84267,1.07736,1.51745,1.18364,0.42336,36.966,0.42336,423.524,0,0.254163,0,0,0.458585,0.204422,1.028160,1,0,8.41243,0,0,0,8.41243,0
48.4146,2.20039,0,0,1.01729,0.047872,0.36288,3.6288,38.6854,0.979815,0,0,0.124413,0.237569,0,0.66528,12.849,1,0.56536,0.36288,0,22.2897,5.80318,16.2841,0.84672,12.849,0.84672,3695.15,0,36.966,0.42336,0.204422,1.84287,1.19809,1.49509,1.32693,0.42336,36.966,0.42336,423.524,0,0.311504,0,0,0.515926,0.204422,1.028160,1,0,17.611,0,0,0,17.611,0
46.4327,2.11978,0,0,0.525942,0.0251358,0.36288,3.6288,38.0249,0.575782,0,0,0.125953,0.210638,0,0.66528,12.849,1,0.56258,0.36288,0,9.76432,5.376,4.18862,0.84672,12.849,0.84672,3695.15,0,36.966,0.42336,0.204422,1.84306,0.98178,1.3863,1.2196,0.42336,36.966,0.42336,423.524,0,0.633053,0,0,0.837475,0.204422,1.028160,1,0,5.40822,0,0,0,5.40822,0
44.4359,2.03717,0,0,0.427841,0.0245946,0.36288,3.6288,37.0654,0.853917,0,0,0.103668,0.209313,0,0.66528,12.849,1,0.563732,0.36288,0,8.96642,5.376,3.38957,0.84672,12.849,0.84672,3695.15,0,36.966,0.42336,0.216518,1.76371,0.887095,1.3863,1.05766,0.42336,36.966,0.42336,423.524,0,0.437383,0,0,0.653901,0.216518,1.028160,1,0,4.44723,0,0,0,4.44723,0
42.677,2.0183,0,0,0.706876,0.0845833,0.36288,3.6288,36.388,0.676668,0,0,0.156987,0.157658,0,0.66528,12.849,1,0.583608,0.36288,0,12.7655,4.54548,7.99931,0.84672,12.849,0.84672,3695.15,0,36.966,0.42336,0.216518,1.81216,1.1752,1.12671,1.6538,0.42336,36.966,0.42336,423.524,0,0.614632,0,0,0.831151,0.216518,1.028160,1,0,9.6531,0,0,0,9.6531,0
41.7629,2.00059,0,0,1.57674,0.127388,0.36288,3.6288,36.1329,0.38524,0,0,0.249698,0.119572,0,0.66528,12.849,1,0.602327,0.36288,0,32.6199,3.92259,28.4579,0.84672,12.849,0.84672,3695.15,0,36.966,0.391359,0.216518,1.81234,2.51208,0.932018,3.21757,0.42336,36.966,0.42336,423.524,0,0.938062,0,0,1.15458,0.216518,1.028160,1,0,31.6754,0,0,0,31.6754,0
40.2895,1.93823,0,0,0.947108,0.119389,0.36288,3.6288,35.7264,0.426911,0,0,0.179493,0.159076,0,0.66528,12.849,1,0.596326,0.36288,0,19.5047,4.56616,14.7051,0.84672,12.849,0.84672,3695.15,0,36.966,0.42336,0.216518,1.81253,1.4208,1.02692,1.99957,0.42336,36.966,0.42336,423.524,0,0.789238,0,0,1.00576,0.216518,1.028160,1,0,16.7047,0,0,0,16.7047,0
39.729,1.86546,0,0,1.81007,0.14228,0.36288,3.6288,35.3569,0.396009,0,0,0.198841,0.172342,0,0.66528,12.849,1,0.594928,0.36288,0,18.4839,4.6527,13.5992,0.84672,12.849,0.84672,3695.15,0,36.966,0.409749,0.216518,1.74166,1.94021,1.01785,2.47079,0.42336,36.966,0.42336,423.524,0,0.908885,0,0,1.1254,0.216518,1.028160,1,0,16.0699,0,0,0,16.0699,0
40.3267,1.85986,0,0,3.02216,0.201708,0.36288,3.6288,35.1913,0.335605,0,0,0.349627,0.179602,0,0.66528,12.849,1,0.601508,0.36288,0,29.2345,4.7754,24.2204,0.84672,12.849,0.84672,3695.15,0,36.966,0.350878,0.379115,1.78581,1.97281,1.02451,2.76236,0.42336,36.966,0.42336,423.524,0,1.02816,0,0,1.40727,0.379115,1.028160,1,0,26.9828,0,0,0,26.9828,0
42.3104,1.86736,0,0,4.41708,0.203145,0.36288,3.6288,35.1051,0.3348,0,0,0.427913,0.179309,0,0.66528,12.849,1,0.594982,0.36288,0,58.7842,4.7754,53.7767,0.84672,12.849,0.84672,3695.15,0,36.966,0.351684,1.0838,1.78599,4.15196,1.02451,5.64557,0.42336,36.966,0.42336,423.524,0,1.02816,0,0,2.11196,1.0838,1.028160,1,0,59.4223,0,0,0,59.4223,0
46.661,1.73825,0,0,6.66298,0.211188,0.36288,3.6288,35.1593,0.25807,0,0,0.482799,0.170542,0,0.66528,12.849,1,0.527878,0.36288,0,73.542,4.64352,68.7334,0.84672,12.849,0.84672,3695.15,0,36.966,0.27175,1.35727,1.78618,4.50084,0.988936,6.38361,0.42336,36.966,0.42336,423.524,0,1.02816,0,0,2.38543,1.35727,1.028160,1,0,75.117,0,0,0,75.117,0
53.7548,1.66168,0,0,9.34874,0.230398,0.36288,3.6288,35.7325,0.330302,0,0,1.05257,0.149083,0,0.66528,12.849,1,0.457576,0.36288,0,127.384,4.31382,122.975,0.84672,12.849,0.84672,3695.15,0,36.966,0.347275,2.58249,1.62837,6.96108,0.900012,9.92464,0.42336,36.966,0.42336,423.524,0,1.02816,0,0,3.61065,2.58249,1.028160,1,0,132.9,0,0,0,132.9,0
61.3783,1.71087,0,0,9.94559,0.24839,0.36288,3.6288,36.4876,0.333201,0,0,1.23819,0.149925,0,0.66528,12.849,1,0.408949,0.36288,0,136.09,4.31382,131.73,0.84672,12.849,0.84672,3695.15,0,36.966,0.344703,3.1314,1.715,8.58289,0.900012,12.1846,0.42336,36.966,0.42336,423.524,0,1.02816,0,0,4.15956,3.1314,1.028160,1,0,143.915,0,0,0,143.915,0
67.7961,1.75334,0,0,8.80096,0.26689,0.36288,3.6288,36.878,0.336907,0,0,0.919987,0.192671,0,0.66528,12.849,1,0.367046,0.36288,0,102.984,5.02782,97.9525,0.84672,12.849,0.84672,3695.15,0,36.966,0.341325,2.20968,1.71536,6.53123,1.21753,8.89741,0.42336,36.966,0.42336,423.524,0,1.02816,0,0,3.23784,2.20968,1.028160,1,0,106.85,0,0,0,106.85,0
72.29,1.78302,0,0,11.0403,0.256024,4.50735,3.6288,37.6689,0.338875,0,0,1.34381,0.213989,0,0.66528,12.849,1,0.337926,4.50735,0,138.675,5.09659,137.747,0.84672,12.849,0.84672,3695.15,0,36.966,0.339684,3.25693,1.71572,8.87242,1.46012,12.0453,0.42336,36.966,0.42336,423.524,0,1.02816,0,0,4.28509,3.25693,1.028160,1,0,149.793,0,0,0,149.793,0
72.29,1.86581,0,0,3.13041,0.262487,1.00211,3.6288,37.6827,0.36556,0,0,0.525917,0.146545,0,0.66528,12.849,1,0.331633,1.00211,0,56.1171,3.81211,52.9755,0.84672,12.849,0.84672,3695.15,0,36.966,0.358739,0.658653,1.71608,4.15223,0.965519,5.2027,0.42336,36.966,0.42336,423.524,0,1.02816,0,0,1.68681,0.658653,1.028160,1,0,58.1782,0,0,0,58.1782,0
72.29,1.89871,0,0,4.75846,0.262057,2.5977,3.6288,38.1935,0.346519,0,0,0.992343,0.135049,0,0.66528,12.849,1,0.337481,2.5977,0,91.3991,3.59803,90.0613,0.84672,12.849,0.84672,3695.15,0,36.966,0.339928,1.54154,1.76575,8.24223,0.883085,10.3265,0.42336,36.966,0.42336,423.524,0,1.02816,0,0,2.5697,1.54154,1.028160,1,0,100.388,0,0,0,100.388,0
72.29,1.89946,0,0,6.18786,0.262057,4.02634,3.6288,39.5052,0.348829,0,0,1.79625,0.135712,0,0.66528,12.849,1,0.337615,4.02634,0,136.464,3.59803,136.554,0.84672,12.849,0.84672,3695.15,0,36.966,0.337618,3.84621,1.74377,12.151,0.883085,16.5202,0.42336,36.966,0.42336,423.524,0,1.02816,0,0,4.87437,3.84621,1.028160,1,0,153.075,0,0,0,153.075,0
72.29,1.90022,0,0,8.65806,0.331952,6.42588,3.6288,40.8734,0.354621,0,0,1.88847,0.165688,0,0.66528,12.849,1,0.33775,6.42588,0,239.893,4.23822,241.743,0.84672,12.849,0.84672,3695.15,0,36.966,0.331827,6.03469,1.74393,15.2061,1.04736,21.6056,0.42336,36.966,0.42336,423.524,0,1.02816,0,0,7.06285,6.03469,1.028160,1,0,263.349,0,0,0,263.349,0
72.29,2.1082,0,0,7.07442,0.311574,4.65465,3.6288,42.2175,0.450061,0,0,1.94037,0.14622,0,0.66528,12.849,1,0.374716,4.65465,0,230.182,3.5781,230.884,0.84672,12.849,0.84672,3695.15,0,36.966,0.407037,3.86623,1.7441,11.8244,0.916593,16.1111,0.42336,36.966,0.42336,423.524,0,1.02816,0,0,4.89439,3.86623,1.028160,1,0,246.995,0,0,0,246.995,0
72.29,2.2539,0,0,8.96011,0.317901,6.38831,3.6288,43.6101,0.366007,0,0,1.88322,0.124531,0,0.66528,12.849,1,0.400613,6.38831,0,265.332,3.51477,267.805,0.84672,12.849,0.84672,3695.15,0,36.966,0.320479,3.90693,1.92185,14.2926,0.935333,18.8656,0.42336,36.966,0.42336,423.524,0,1.02816,0,0,4.93509,3.90693,1.028160,1,0,286.67,0,0,0,286.67,0
72.29,2.25474,0,0,4.67429,0.317901,2.10166,3.6288,44.3088,0.371546,0,0,1.19637,0.126197,0,0.66528,12.849,1,0.400762,2.10166,0,140.927,3.51477,139.113,0.84672,12.849,0.84672,3695.15,0,36.966,0.31494,1.53046,1.82219,7.34642,0.935333,9.4488,0.42336,36.966,0.42336,423.524,0,1.02816,0,0,2.55862,1.53046,1.028160,1,0,148.562,0,0,0,148.562,0
72.29,2.25557,0,0,3.6772,0.317901,1.10373,3.6288,44.8036,0.374254,0,0,0.996101,0.127032,0,0.66528,12.849,1,0.400911,1.10373,0,101.625,3.51477,98.8135,0.84672,12.849,0.84672,3695.15,0,36.966,0.312233,1.23264,1.82238,5.93079,0.935333,7.73824,0.42336,36.966,0.42336,423.524,0,1.02816,0,0,2.2608,1.23264,1.028160,1,0,106.552,0,0,0,106.552,0
72.29,1.96059,0,0,4.37379,0.332381,2.08083,3.6288,45.6471,0.250547,0,0,1.2095,0.115436,0,0.66528,12.849,1,0.348479,2.08083,0,121.319,2.96883,120.083,0.84672,12.849,0.84672,3695.15,0,36.966,0.206718,2.27058,1.82256,6.61772,0.809842,9.69431,0.42336,36.966,0.42336,423.524,0,1.02816,0,0,3.29874,2.27058,1.028160,1,0,129.777,0,0,0,129.777,0
72.29,1.78169,0,0,4.93783,0.346399,2.80974,3.6288,46.1687,0.36955,0,0,1.01837,0.127241,0,0.66528,12.849,1,0.316681,2.80974,0,142.117,2.77022,141.84,0.84672,12.849,0.84672,3695.15,0,36.966,0.299269,1.73252,1.58036,6.5568,0.794293,8.77612,0.42336,36.966,0.42336,423.524,0,1.02816,0,0,2.76068,1.73252,1.028160,1,0,150.616,0,0,0,150.616,0
72.29,1.78215,0,0,6.42189,0.323742,4.316,3.6288,46.7975,0.371602,0,0,1.11757,0.117097,0,0.66528,12.849,1,0.316763,4.316,0,165.57,2.59582,166.973,0.84672,12.849,0.84672,3695.15,0,36.966,0.297532,2.10044,1.70432,7.07676,0.769242,9.81476,0.42336,36.966,0.42336,423.524,0,1.02816,0,0,3.1286,2.10044,1.028160,1,0,176.788,0,0,0,176.788,0
72.29,1.78261,0,0,5.38072,0.321706,3.27641,3.6288,47.5071,0.374012,0,0,1.24109,0.157569,0,0.66528,12.849,1,0.316845,3.27641,0,139.318,4.02343,138.254,0.84672,12.849,0.84672,3695.15,0,36.966,0.295437,2.60282,1.70466,6.93735,1.04687,9.90252,0.42336,36.966,0.42336,423.524,0,1.02816,0,0,3.63098,2.60282,1.028160,1,0,148.157,0,0,0,148.157,0
72.29,1.78307,0,0,7.79072,0.318059,5.6896,3.6288,48.8642,0.376671,0,0,1.86791,0.134119,0,0.66528,12.849,1,0.316927,5.6896,0,121.967,3.98444,123.355,0.84672,12.849,0.84672,3695.15,0,36.966,0.293093,2.37304,1.70501,6.56311,0.941528,9.40653,0.42336,36.966,0.42336,423.524,0,1.02816,0,0,3.4012,2.37304,1.028160,1,0,132.761,0,0,0,132.761,0
72.29,1.85808,0,0,6.51587,0.336319,4.32148,3.6288,49.9446,0.413445,0,0,1.62771,0.133819,0,0.66528,12.849,1,0.330259,4.32148,0,134.347,3.49356,134.844,0.84672,12.849,0.84672,3695.15,0,36.966,0.312773,3.21734,1.70536,7.57728,1.02823,11.159,0.42336,36.966,0.42336,423.524,0,1.02816,0,0,4.2455,3.21734,1.028160,1,0,146.003,0,0,0,146.003,0
72.29,1.8926,0,0,4.89899,0.336319,2.67007,3.6288,50.4173,0.394479,0,0,1.0022,0.135015,0,0.66528,12.849,1,0.336396,2.67007,0,83.6136,3.49356,82.4537,0.84672,12.849,0.84672,3695.15,0,36.966,0.291969,2.04748,1.76553,6.16314,1.02823,8.65595,0.42336,36.966,0.42336,423.524,0,1.02816,0,0,3.07564,2.04748,1.028160,1,0,91.1097,0,0,0,91.1097,0
72.29,1.89336,0,0,4.62167,0.336319,2.392,3.6288,50.973,0.396058,0,0,1.08728,0.135538,0,0.66528,12.849,1,0.33653,2.392,0,96.4915,3.49356,95.0534,0.84672,12.849,0.84672,3695.15,0,36.966,0.29039,2.06648,1.74242,6.19912,1.02823,8.68941,0.42336,36.966,0.42336,423.524,0,1.02816,0,0,3.09464,2.06648,1.028160,1,0,103.743,0,0,0,103.743,0
72.29,1.89411,0,0,4.12714,0.282752,1.95027,3.6288,51.4367,0.397893,0,0,1.02434,0.162732,0,0.66528,12.849,1,0.336664,1.95027,0,89.0706,3.84258,86.8417,0.84672,12.849,0.84672,3695.15,0,36.966,0.288555,2.01064,1.74259,6.39623,1.09693,8.76398,0.42336,36.966,0.42336,423.524,0,1.02816,0,0,3.0388,2.01064,1.028160,1,0,95.6056,0,0,0,95.6056,0
72.29,1.8657,0,0,3.22124,0.247341,1.10821,3.6288,51.7781,0.386709,0,0,0.873711,0.145677,0,0.66528,12.849,1,0.331613,1.10821,0,60.1652,3.27594,57.6659,0.84672,12.849,0.84672,3695.15,0,36.966,0.277916,1.05409,1.74275,4.3212,1.03559,5.80454,0.42336,36.966,0.42336,423.524,0,1.02816,0,0,2.08225,1.05409,1.028160,1,0,63.4704,0,0,0,63.4704,0
72.29,1.84792,0,0,2.62613,0.275686,0.502524,3.6288,52.0207,0.400508,0,0,0.798664,0.155517,0,0.66528,12.849,1,0.328453,0.502524,0,52.1023,3.29322,48.9832,0.84672,12.849,0.84672,3695.15,0,36.966,0.285935,0.652942,1.71962,3.33507,1.03366,4.38803,0.42336,36.966,0.42336,423.524,0,1.02816,0,0,1.6811,0.652942,1.028160,1,0,53.3712,0,0,0,53.3712,0
72.29,1.84866,0,0,2.40864,0.177373,0.382605,3.6288,52.1045,0.401288,0,0,0.683942,0.198808,0,0.66528,12.849,1,0.328586,0.382605,0,47.5658,3.69684,43.923,0.84672,12.849,0.84672,3695.15,0,36.966,0.285156,0.517925,1.73255,3.10821,1.05776,4.01577,0.42336,36.966,0.42336,423.524,0,1.02816,0,0,1.54608,0.517925,1.028160,1,0,47.9387,0,0,0,47.9387,0
72.2435,1.84941,0,0,2.34316,0.177373,0.36288,3.6288,52.2585,0.401556,0,0,0.754402,0.198942,0,0.66528,12.849,1,0.328719,0.36288,0,45.9705,3.69684,42.3078,0.84672,12.849,0.84672,3695.15,0,36.966,0.284887,0.68764,1.73272,3.60381,1.05776,4.68152,0.42336,36.966,0.42336,423.524,0,1.02816,0,0,1.7158,0.68764,1.028160,1,0,46.9893,0,0,0,46.9893,0
71.9674,1.94908,0,0,2.21009,0.174178,0.36288,3.6288,52.2999,0.447417,0,0,0.689291,0.200452,0,0.66528,12.849,1,0.346658,0.36288,0,45.1276,3.89715,41.2467,0.84672,12.849,0.84672,3695.15,0,36.966,0.316489,0.468132,1.73288,3.05442,1.0627,3.87625,0.42336,36.966,0.42336,423.524,0,1.02816,0,0,1.49629,0.468132,1.028160,1,0,45.1229,0,0,0,45.1229,0
71.7021,2.01445,0,0,2.27799,0.165999,0.36288,3.6288,52.2503,0.463294,0,0,0.617367,0.203676,0,0.66528,12.849,1,0.359659,0.36288,0,48.8812,4.39792,44.4865,0.84672,12.849,0.84672,3695.15,0,36.966,0.32746,0.402797,1.81477,2.63054,1.07504,3.44561,0.42336,36.966,0.42336,423.524,0,0.923867,0,0,1.32666,0.402797,1.028160,1,0,47.9321,0,0,0,47.9321,0
71.1545,2.01411,0,0,1.98785,0.158498,0.36288,3.6288,52.1611,0.454905,0,0,0.573821,0.208037,0,0.66528,12.849,1,0.360928,0.36288,0,43.6897,4.45148,39.2402,0.84672,12.849,0.84672,3695.15,0,36.966,0.321836,0.30119,1.76962,2.54427,1.08872,3.20453,0.42336,36.966,0.42336,423.524,0,0.937881,0,0,1.23907,0.30119,1.028160,1,0,42.4447,0,0,0,42.4447,0
70.5361,2.01254,0,0,1.87208,0.11502,0.36288,3.6288,51.9891,0.487465,0,0,0.549923,0.234521,0,0.66528,12.849,1,0.363422,0.36288,0,39.1775,4.77277,34.4042,0.84672,12.849,0.84672,3695.15,0,36.966,0.345461,0.30119,1.7698,2.40627,1.17082,2.96098,0.42336,36.966,0.42336,423.524,0,0.881695,0,0,1.18289,0.30119,1.028160,1,0,37.3651,0,0,0,37.3651,0
69.8192,2.01062,0,0,1.77109,0.114476,0.36288,3.6288,51.7374,0.539404,0,0,0.521878,0.234196,0,0.66528,12.849,1,0.366259,0.36288,0,39.304,4.77277,34.5278,0.84672,12.849,0.84672,3695.15,0,36.966,0.383534,0.30119,1.76997,2.56121,1.17082,3.07802,0.42336,36.966,0.42336,423.524,0,0.791683,0,0,1.09287,0.30119,1.028160,1,0,37.6058,0,0,0,37.6058,0
69.3432,1.98871,0,0,1.98272,0.107145,0.36288,3.6288,51.4152,0.425248,0,0,0.353143,0.250039,0,0.66528,12.849,1,0.365987,0.36288,0,35.9076,4.96041,30.9441,0.84672,12.849,0.84672,3695.15,0,36.966,0.303837,0.353843,1.77014,3.47443,1.23184,4.06274,0.42336,36.966,0.42336,423.524,0,1.02816,0,0,1.382,0.353843,1.028160,1,0,35.0068,0,0,0,35.0068,0
68.7822,2.02332,0,0,1.93196,0.106751,0.36288,3.6288,51.1232,0.39935,0,0,0.356711,0.249388,0,0.66528,12.849,1,0.374913,0.36288,0,33.8832,4.96041,28.9108,0.84672,12.849,0.84672,3695.15,0,36.966,0.287121,0.450507,1.79892,3.69662,1.23184,4.42708,0.42336,36.966,0.42336,423.524,0,1.02816,0,0,1.47867,0.450507,1.028160,1,0,33.3379,0,0,0,33.3379,0
68.1702,2.02153,0,0,1.87873,0.106286,0.36288,3.6288,50.8135,0.398399,0,0,0.337504,0.248798,0,0.66528,12.849,1,0.377636,0.36288,0,31.8228,4.96041,26.8476,0.84672,12.849,0.84672,3695.15,0,36.966,0.288073,0.449453,1.77415,3.80883,1.23184,4.51252,0.42336,36.966,0.42336,423.524,0,1.02816,0,0,1.47761,0.449453,1.028160,1,0,31.3601,0,0,0,31.3601,0
67.4233,2.01946,0,0,1.71336,0.0779721,0.36288,3.6288,50.4532,0.397382,0,0,0.328614,0.291536,0,0.66528,12.849,1,0.380636,0.36288,0,30.2626,5.61192,24.6329,0.84672,12.849,0.84672,3695.15,0,36.966,0.289089,0.328605,1.77433,3.67097,1.45234,4.03248,0.42336,36.966,0.42336,423.524,0,1.02816,0,0,1.35677,0.328605,1.028160,1,0,28.6654,0,0,0,28.6654,0
66.5232,2.06688,0,0,1.60559,0.0759577,0.36288,3.6288,50.0531,0.41973,0,0,0.320706,0.301042,0,0.66528,12.849,1,0.393889,0.36288,0,32.8712,6.03094,26.8093,0.84672,12.849,0.84672,3695.15,0,36.966,0.307527,0.261274,1.7745,3.27934,1.545,3.46259,0.42336,36.966,0.42336,423.524,0,1.0254,0,0,1.28667,0.261274,1.028160,1,0,30.2719,0,0,0,30.2719,0
65.4837,2.09506,0,0,1.49565,0.0771728,0.36288,3.6288,49.6,0.426638,0,0,0.282403,0.308917,0,0.66528,12.849,1,0.404663,0.36288,0,25.649,5.90783,19.6994,0.84672,12.849,0.84672,3695.15,0,36.966,0.315087,0.261274,1.81525,2.87593,1.45491,3.18245,0.42336,36.966,0.42336,423.524,0,0.972916,0,0,1.23419,0.261274,1.028160,1,0,22.8819,0,0,0,22.8819,0
64.3366,2.09049,0,0,1.38283,0.0765363,0.36288,3.6288,49.0625,0.491646,0,0,0.261888,0.30777,0,0.66528,12.849,1,0.410189,0.36288,0,24.5951,5.90783,18.64,0.84672,12.849,0.84672,3695.15,0,36.966,0.366416,0.227405,1.79318,2.5006,1.45491,2.69986,0.42336,36.966,0.42336,423.524,0,0.856578,0,0,1.08398,0.227405,1.028160,1,0,21.3399,0,0,0,21.3399,0
63.2309,2.08519,0,0,1.41356,0.0712288,0.36288,3.6288,48.6386,0.405936,0,0,0.290836,0.308783,0,0.66528,12.849,1,0.416444,0.36288,0,23.3924,5.9826,17.3562,0.84672,12.849,0.84672,3695.15,0,36.966,0.305851,0.227405,1.79336,3.09302,1.46985,3.33809,0.42336,36.966,0.42336,423.524,0,1.00285,0,0,1.23026,0.227405,1.028160,1,0,20.6943,0,0,0,20.6943,0
62.1432,2.22546,0,0,1.56152,0.0608945,0.36288,3.6288,48.2056,0.468087,0,0,0.321112,0.285998,0,0.66528,12.849,1,0.45223,0.36288,0,23.5759,6.1355,17.351,0.84672,12.849,0.84672,3695.15,0,36.966,0.355753,0.40087,1.79354,3.4976,1.52363,3.81262,0.42336,36.966,0.42336,423.524,0,1.02816,0,0,1.42903,0.40087,1.028160,1,0,21.1637,0,0,0,21.1637,0
60.5189,2.31821,0,0,1.11525,0.0584297,0.36288,3.6288,47.6528,0.483388,0,0,0.239829,0.309213,0,0.66528,12.849,1,0.479324,0.36288,0,27.7226,6.33391,21.2722,0.84672,12.849,0.84672,3695.15,0,36.966,0.370681,0.227405,1.93265,2.34248,1.55207,2.57978,0.42336,36.966,0.42336,423.524,0,0.879103,0,0,1.10651,0.227405,1.028160,1,0,23.852,0,0,0,23.852,0
58.9293,2.30812,0,0,1.13901,0.0576495,0.36288,3.6288,47.1872,0.432925,0,0,0.275105,0.307791,0,0.66528,12.849,1,0.490046,0.36288,0,24.0144,6.33391,17.5534,0.84672,12.849,0.84672,3695.15,0,36.966,0.335835,0.204422,1.86331,2.43261,1.55207,2.61243,0.42336,36.966,0.42336,423.524,0,0.964803,0,0,1.16923,0.204422,1.028160,1,0,20.1658,0,0,0,20.1658,0
57.3599,2.29779,0,0,1.14925,0.0579295,0.36288,3.6288,46.7683,0.39576,0,0,0.27719,0.300371,0,0.66528,12.849,1,0.501012,0.36288,0,24.3666,6.14907,18.0794,0.84672,12.849,0.84672,3695.15,0,36.966,0.310035,0.426747,1.86373,3.11146,1.48011,3.61179,0.42336,36.966,0.42336,423.524,0,1.02816,0,0,1.45491,0.426747,1.028160,1,0,21.6912,0,0,0,21.6912,0
55.7411,2.28711,0,0,1.0949,0.0637758,0.36288,3.6288,46.3192,0.429795,0,0,0.242882,0.262115,0,0.66528,12.849,1,0.512327,0.36288,0,15.8155,5.04,10.6261,0.84672,12.849,0.84672,3695.15,0,36.966,0.339714,0.204422,1.86415,3.37591,1.04839,4.05638,0.42336,36.966,0.42336,423.524,0,0.964837,0,0,1.16926,0.204422,1.028160,1,0,14.6825,0,0,0,14.6825,0
54.299,2.2061,0,0,1.24363,0.116667,0.36288,3.6288,45.9568,0.401526,0,0,0.295552,0.256502,0,0.66528,12.849,1,0.508533,0.36288,0,21.0397,5.28196,15.6121,0.84672,12.849,0.84672,3695.15,0,36.966,0.320446,0.204422,1.86457,3.19445,1.29023,3.65276,0.42336,36.966,0.42336,423.524,0,0.929301,0,0,1.13372,0.204422,1.028160,1,0,19.2648,0,0,0,19.2648,0
52.8494,2.14472,0,0,1.17185,0.11388,0.36288,3.6288,45.7682,0.380463,0,0,0.453983,0.262075,0,0.66528,12.849,1,0.507515,0.36288,0,19.3309,5.38671,13.7995,0.84672,12.849,0.84672,3695.15,0,36.966,0.306031,0.886179,1.7845,3.69726,1.35267,4.70924,0.42336,36.966,0.42336,423.524,0,1.02816,0,0,1.91434,0.886179,1.028160,1,0,18.5088,0,0,0,18.5088,0
51.274,2.13432,0,0,1.03401,0.11221,0.36288,3.6288,45.3666,0.403443,0,0,0.263476,0.261617,0,0.66528,12.849,1,0.518906,0.36288,0,19.8006,5.38671,14.2579,0.84672,12.849,0.84672,3695.15,0,36.966,0.325852,0.216518,1.82177,2.83986,1.35267,3.19963,0.42336,36.966,0.42336,423.524,0,0.985357,0,0,1.20188,0.216518,1.028160,1,0,17.4575,0,0,0,17.4575,0
49.5328,2.12236,0,0,0.854436,0.110395,0.36288,3.6288,44.8629,0.475251,0,0,0.232118,0.260641,0,0.66528,12.849,1,0.531852,0.36288,0,18.2816,5.38671,12.726,0.84672,12.849,0.84672,3695.15,0,36.966,0.387248,0.216518,1.82196,2.62993,1.35267,2.92849,0.42336,36.966,0.42336,423.524,0,0.852155,0,0,1.06867,0.216518,1.028160,1,0,15.6544,0,0,0,15.6544,0
48.2949,2.05257,0,0,1.32585,0.148267,0.36288,3.6288,44.6132,0.33468,0,0,0.286826,0.201784,0,0.66528,12.849,1,0.532444,0.36288,0,20.1171,4.52645,15.4211,0.84672,12.849,0.84672,3695.15,0,36.966,0.275769,0.313969,1.82214,3.67723,0.994723,4.54284,0.42336,36.966,0.42336,423.524,0,1.02816,0,0,1.34213,0.313969,1.028160,1,0,19.964,0,0,0,19.964,0
47.8483,1.98249,0,0,2.11658,0.217877,0.36288,3.6288,44.3673,0.375413,0,0,0.305715,0.176209,0,0.66528,12.849,1,0.527447,0.36288,0,30.6632,4.46519,26.0334,0.84672,12.849,0.84672,3695.15,0,36.966,0.311063,0.640362,1.75042,4.70793,0.969136,5.81851,0.42336,36.966,0.42336,423.524,0,1.02816,0,0,1.66852,0.640362,1.028160,1,0,31.8519,0,0,0,31.8519,0
46.976,1.97936,0,0,1.70216,0.232216,0.36288,3.6288,44.0505,0.374473,0,0,0.231648,0.174006,0,0.66528,12.849,1,0.531531,0.36288,0,23.8919,4.48465,19.2386,0.84672,12.849,0.84672,3695.15,0,36.966,0.312004,0.4557,1.79509,4.04593,0.993939,4.99078,0.42336,36.966,0.42336,423.524,0,1.02816,0,0,1.48386,0.4557,1.028160,1,0,24.2294,0,0,0,24.2294,0
47.5911,1.97236,0,0,3.18041,0.230002,0.36288,3.6288,44.1358,0.373253,0,0,0.63202,0.173487,0,0.66528,12.849,1,0.539486,0.36288,0,47.5999,4.48465,42.9387,0.84672,12.849,0.84672,3695.15,0,36.966,0.313224,3.51715,1.79527,8.9259,0.993939,12.9311,0.42336,36.966,0.42336,423.524,0,1.02816,0,0,4.54531,3.51715,1.028160,1,0,55.8698,0,0,0,55.8698,0
50.8271,1.8215,0,0,5.65225,0.231942,0.36288,3.6288,44.7968,0.287315,0,0,1.12144,0.173096,0,0.66528,12.849,1,0.491782,0.36288,0,87.6127,4.40615,83.0777,0.84672,12.849,0.84672,3695.15,0,36.966,0.240642,3.49408,1.79545,11.6699,0.988288,15.7305,0.42336,36.966,0.42336,423.524,0,1.02816,0,0,4.52224,3.49408,1.028160,1,0,98.8081,0,0,0,98.8081,0
51.0949,1.72069,0,0,2.59387,0.242483,0.36288,3.6288,44.7385,0.376092,0,0,0.488773,0.170973,0,0.66528,12.849,1,0.434987,0.36288,0,53.783,3.93508,49.7758,0.84672,12.849,0.84672,3695.15,0,36.966,0.310349,1.68839,1.63577,8.30304,0.954379,10.3625,0.42336,36.966,0.42336,423.524,0,1.02816,0,0,2.71655,1.68839,1.028160,1,0,60.1382,0,0,0,60.1382,0
51.319,1.72321,0,0,2.55337,0.243164,0.36288,3.6288,44.6175,0.375871,0,0,0.42571,0.170879,0,0.66528,12.849,1,0.43334,0.36288,0,42.1518,3.93508,38.1462,0.84672,12.849,0.84672,3695.15,0,36.966,0.31057,1.25276,1.72867,6.84469,0.954379,8.56118,0.42336,36.966,0.42336,423.524,0,1.02816,0,0,2.28092,1.25276,1.028160,1,0,46.7074,0,0,0,46.7074,0
51.244,1.72542,0,0,2.25698,0.243733,0.36288,3.6288,44.5079,0.37541,0,0,0.436501,0.170685,0,0.66528,12.849,1,0.432002,0.36288,0,48.8495,3.93508,44.8453,0.84672,12.849,0.84672,3695.15,0,36.966,0.311031,1.27522,1.72884,7.07633,0.954379,8.81498,0.42336,36.966,0.42336,423.524,0,1.02816,0,0,2.30338,1.27522,1.028160,1,0,53.6603,0,0,0,53.6603,0
52.6497,1.72561,0,0,3.73586,0.241593,0.36288,3.6288,44.3887,0.374992,0,0,0.450096,0.194226,0,0.66528,12.849,1,0.432683,0.36288,0,44.1527,4.76196,39.321,0.84672,12.849,0.84672,3695.15,0,36.966,0.311449,1.66408,1.729,7.67007,1.21108,9.54063,0.42336,36.966,0.42336,423.524,0,1.02816,0,0,2.69224,1.66408,1.028160,1,0,48.8616,0,0,0,48.8616,0
61.2531,1.79736,0,0,10.9851,0.221485,0.36288,3.6288,45.7,0.399607,0,0,1.90364,0.192745,0,0.66528,12.849,1,0.438639,0.36288,0,80.595,4.80955,75.7097,0.84672,12.849,0.84672,3695.15,0,36.966,0.332784,4.32232,1.72917,20.3637,1.18889,24.8935,0.42336,36.966,0.42336,423.524,0,1.02816,0,0,5.35048,4.32232,1.028160,1,0,100.603,0,0,0,100.603,0
67.9101,1.88699,0,0,9.17292,0.265994,0.36288,3.6288,46.0816,0.379483,0,0,0.972842,0.211815,0,0.66528,12.849,1,0.395832,0.36288,0,158.157,4.61995,153.504,0.84672,12.849,0.84672,3695.15,0,36.966,0.306958,3.67465,1.77923,17.0313,1.24121,20.9371,0.42336,36.966,0.42336,423.524,0,1.02816,0,0,4.70281,3.67465,1.028160,1,0,174.441,0,0,0,174.441,0
72.29,1.92035,0,0,7.72891,0.286021,1.14266,3.6288,46.3269,0.380893,0,0,0.843588,0.217332,0,0.66528,12.849,1,0.363342,1.14266,0,162.315,4.73424,158.36,0.84672,12.849,0.84672,3695.15,0,36.966,0.305547,2.17737,1.7525,15.8121,1.27686,18.1595,0.42336,36.966,0.42336,423.524,0,1.02816,0,0,3.20553,2.17737,1.028160,1,0,176.52,0,0,0,176.52,0
72.29,1.93979,0,0,7.46591,0.295854,5.23027,3.6288,46.4363,0.381794,0,0,0.70902,0.217825,0,0.66528,12.849,1,0.344782,5.23027,0,135.108,4.73424,135.259,0.84672,12.849,0.84672,3695.15,0,36.966,0.304647,2.13793,1.75266,12.0481,1.27686,14.3572,0.42336,36.966,0.42336,423.524,0,1.02816,0,0,3.16609,2.13793,1.028160,1,0,149.616,0,0,0,149.616,0
72.29,2.15019,0,0,8.21016,0.306376,5.7536,3.6288,46.9282,0.478326,0,0,1.1893,0.21908,0,0.66528,12.849,1,0.382179,5.7536,0,136.473,4.60137,137.243,0.84672,12.849,0.84672,3695.15,0,36.966,0.380775,4.02117,1.75283,21.0794,1.22688,25.2457,0.42336,36.966,0.42336,423.524,0,1.02816,0,0,5.04933,4.02117,1.028160,1,0,162.489,0,0,0,162.489,0
72.29,2.29758,0,0,7.68727,0.332681,5.05701,3.6288,47.5456,0.383998,0,0,1.22404,0.22264,0,0.66528,12.849,1,0.408377,5.05701,0,129.77,4.26919,130.15,0.84672,12.849,0.84672,3695.15,0,36.966,0.302481,3.43867,1.93266,18.9053,1.10191,22.8722,0.42336,36.966,0.42336,423.524,0,1.02816,0,0,4.46683,3.43867,1.028160,1,0,153.022,0,0,0,153.022,0
72.29,2.2984,0,0,7.7242,0.332614,5.09319,3.6288,48.0685,0.386208,0,0,1.12579,0.216703,0,0.66528,12.849,1,0.408523,5.09319,0,134.356,4.20336,134.838,0.84672,12.849,0.84672,3695.15,0,36.966,0.300271,3.1981,1.83183,17.3337,1.07014,20.9933,0.42336,36.966,0.42336,423.524,0,1.02816,0,0,4.22626,3.1981,1.028160,1,0,155.831,0,0,0,155.831,0
72.29,2.29922,0,0,8.28533,0.355717,5.63039,3.6288,48.5987,0.388054,0,0,1.10668,0.188438,0,0.66528,12.849,1,0.408669,5.63039,0,128.764,3.86565,130.12,0.84672,12.849,0.84672,3695.15,0,36.966,0.298425,3.07633,1.83201,16.8616,0.936614,20.5349,0.42336,36.966,0.42336,423.524,0,1.02816,0,0,4.10449,3.07633,1.028160,1,0,150.655,0,0,0,150.655,0
72.29,2.00074,0,0,6.3244,0.358162,3.9655,3.6288,49.1172,0.258181,0,0,0.973266,0.196592,0,0.66528,12.849,1,0.355616,3.9655,0,116.479,3.50576,116.583,0.84672,12.849,0.84672,3695.15,0,36.966,0.196383,2.75586,1.83219,15.2778,0.870579,18.7989,0.42336,36.966,0.42336,423.524,0,1.02816,0,0,3.78402,2.75586,1.028160,1,0,135.382,0,0,0,135.382,0
72.29,1.80563,0,0,4.38099,0.320195,2.25517,3.6288,49.1953,0.390958,0,0,0.659271,0.190224,0,0.66528,12.849,1,0.320936,2.25517,0,72.7669,2.49858,72.2026,0.84672,12.849,0.84672,3695.15,0,36.966,0.294238,1.38184,1.58713,7.85006,0.59845,9.92635,0.42336,36.966,0.42336,423.524,0,1.02816,0,0,2.41,1.38184,1.028160,1,0,82.1289,0,0,0,82.1289,0
72.29,1.80608,0,0,5.92313,0.320195,3.79686,3.6288,49.5153,0.391401,0,0,0.901826,0.190347,0,0.66528,12.849,1,0.321016,3.79686,0,82.3271,2.49858,83.3044,0.84672,12.849,0.84672,3695.15,0,36.966,0.294104,2.27998,1.72226,9.78748,0.59845,12.8972,0.42336,36.966,0.42336,423.524,0,1.02816,0,0,3.30814,2.27998,1.028160,1,0,96.2015,0,0,0,96.2015,0
72.29,1.80653,0,0,11.9627,0.291733,9.86442,3.6288,50.0143,0.392666,0,0,1.12067,0.229073,0,0.66528,12.849,1,0.321096,9.86442,0,86.7637,4.0044,92.3027,0.84672,12.849,0.84672,3695.15,0,36.966,0.293147,3.50252,1.72259,21.7293,0.970899,25.6904,0.42336,36.966,0.42336,423.524,0,1.02816,0,0,4.53068,3.50252,1.028160,1,0,117.993,0,0,0,117.993,0
72.29,1.80698,0,0,7.17604,0.266715,5.10235,3.6288,50.2555,0.394525,0,0,0.835181,0.199406,0,0.66528,12.849,1,0.321177,5.10235,0,183.037,4.26882,183.549,0.84672,12.849,0.84672,3695.15,0,36.966,0.291597,2.05756,1.72293,10.4943,0.95441,13.0288,0.42336,36.966,0.42336,423.524,0,1.02816,0,0,3.08572,2.05756,1.028160,1,0,196.578,0,0,0,196.578,0
72.29,1.88285,0,0,6.14434,0.296149,3.96534,3.6288,50.4942,0.428234,0,0,0.838102,0.171185,0,0.66528,12.849,1,0.334663,3.96534,0,112.356,3.67146,112.316,0.84672,12.849,0.84672,3695.15,0,36.966,0.314992,2.33929,1.72327,12.7725,0.806589,15.7135,0.42336,36.966,0.42336,423.524,0,1.02816,0,0,3.36745,2.33929,1.028160,1,0,128.029,0,0,0,128.029,0
72.29,1.93181,0,0,5.77423,0.301662,3.54076,3.6288,51.0411,0.396309,0,0,1.11415,0.170908,0,0.66528,12.849,1,0.343364,3.54076,0,80.0176,3.5784,79.6366,0.84672,12.849,0.84672,3695.15,0,36.966,0.290132,3.07076,1.78413,11.7228,0.799509,15.4881,0.42336,36.966,0.42336,423.524,0,1.02816,0,0,4.09892,3.07076,1.028160,1,0,95.1247,0,0,0,95.1247,0
72.29,1.93255,0,0,5.35784,0.307035,3.11825,3.6288,51.6611,0.398113,0,0,1.18248,0.164447,0,0.66528,12.849,1,0.343496,3.11825,0,72.6434,3.36196,72.0562,0.84672,12.849,0.84672,3695.15,0,36.966,0.288329,3.1246,1.75107,15.7296,0.757745,19.5591,0.42336,36.966,0.42336,423.524,0,1.02816,0,0,4.15276,3.1246,1.028160,1,0,91.6153,0,0,0,91.6153,0
72.29,1.93329,0,0,4.63757,0.275247,2.42904,3.6288,52.1888,0.400129,0,0,1.10743,0.179536,0,0.66528,12.849,1,0.343627,2.42904,0,67.0182,3.57725,65.5263,0.84672,12.849,0.84672,3695.15,0,36.966,0.286312,2.85872,1.75123,11.3057,0.794999,14.8343,0.42336,36.966,0.42336,423.524,0,1.02816,0,0,3.88688,2.85872,1.028160,1,0,80.3607,0,0,0,80.3607,0
72.29,1.90451,0,0,4.39377,0.264642,2.22461,3.6288,52.4279,0.3889,0,0,0.808216,0.180233,0,0.66528,12.849,1,0.338513,2.22461,0,82.2887,3.70973,80.4651,0.84672,12.849,0.84672,3695.15,0,36.966,0.275463,2.11565,1.7514,9.39695,0.874041,12.1145,0.42336,36.966,0.42336,423.524,0,1.02816,0,0,3.14381,2.11565,1.028160,1,0,92.5796,0,0,0,92.5796,0
72.29,1.8865,0,0,4.14434,0.256688,2.00115,3.6288,52.7029,0.402583,0,0,0.858121,0.180528,0,0.66528,12.849,1,0.335312,2.00115,0,96.8311,3.80909,94.6878,0.84672,12.849,0.84672,3695.15,0,36.966,0.283854,2.0943,1.72799,9.62176,0.933322,12.2269,0.42336,36.966,0.42336,423.524,0,1.02816,0,0,3.12246,2.0943,1.028160,1,0,106.915,0,0,0,106.915,0
72.29,1.88723,0,0,3.64662,0.256688,1.5027,3.6288,52.8951,0.403453,0,0,0.776572,0.180927,0,0.66528,12.849,1,0.335442,1.5027,0,63.9905,3.80909,61.3487,0.84672,12.849,0.84672,3695.15,0,36.966,0.282983,1.67344,1.74107,8.6889,0.933322,10.8871,0.42336,36.966,0.42336,423.524,0,1.02816,0,0,2.7016,1.67344,1.028160,1,0,72.2358,0,0,0,72.2358,0
72.29,1.88796,0,0,3.36881,0.256688,1.22415,3.6288,53.0382,0.404059,0,0,0.728313,0.181206,0,0.66528,12.849,1,0.335571,1.22415,0,52.0892,3.80909,49.1687,0.84672,12.849,0.84672,3695.15,0,36.966,0.282378,1.50308,1.74123,7.9126,0.933322,9.94121,0.42336,36.966,0.42336,423.524,0,1.02816,0,0,2.53124,1.50308,1.028160,1,0,59.1099,0,0,0,59.1099,0
72.29,1.98897,0,0,3.13089,0.25099,0.890935,3.6288,53.0752,0.450687,0,0,0.678974,0.191289,0,0.66528,12.849,1,0.353524,0.890935,0,45.3624,3.95038,41.9494,0.84672,12.849,0.84672,3695.15,0,36.966,0.314115,1.37865,1.74139,7.15884,0.973332,8.99144,0.42336,36.966,0.42336,423.524,0,1.02816,0,0,2.40681,1.37865,1.028160,1,0,50.9409,0,0,0,50.9409,0
72.29,2.05626,0,0,3.00865,0.22324,0.729146,3.6288,52.9796,0.404633,0,0,0.574335,0.26525,0,0.66528,12.849,1,0.365485,0.729146,0,44.5973,4.80149,40.1595,0.84672,12.849,0.84672,3695.15,0,36.966,0.281821,1.37157,1.82423,6.02788,1.26179,7.68006,0.42336,36.966,0.42336,423.524,0,1.02816,0,0,2.39973,1.37157,1.028160,1,0,47.8396,0,0,0,47.8396,0
72.29,2.05703,0,0,2.81226,0.174131,0.581099,3.6288,52.8685,0.404334,0,0,0.555479,0.262291,0,0.66528,12.849,1,0.365621,0.581099,0,43.0163,4.92537,38.3064,0.84672,12.849,0.84672,3695.15,0,36.966,0.28212,1.12069,1.77855,5.80131,1.25486,7.16356,0.42336,36.966,0.42336,423.524,0,1.02816,0,0,2.14885,1.12069,1.028160,1,0,45.47,0,0,0,45.47,0
72.29,2.0578,0,0,2.6137,0.165141,0.390756,3.6288,52.7272,0.403985,0,0,0.522461,0.259773,0,0.66528,12.849,1,0.365758,0.390756,0,40.3069,4.9456,35.3863,0.84672,12.849,0.84672,3695.15,0,36.966,0.282469,1.00089,1.77872,5.33166,1.24765,6.58114,0.42336,36.966,0.42336,423.524,0,1.02816,0,0,2.02905,1.00089,1.028160,1,0,41.9674,0,0,0,41.9674,0
72.2017,2.05857,0,0,2.49829,0.165141,0.36288,3.6288,52.5867,0.40354,0,0,0.522521,0.259479,0,0.66528,12.849,1,0.365895,0.36288,0,34.118,4.9456,29.1694,0.84672,12.849,0.84672,3695.15,0,36.966,0.282914,1.20955,1.77889,4.92985,1.24765,6.38771,0.42336,36.966,0.42336,423.524,0,1.02816,0,0,2.23771,1.20955,1.028160,1,0,35.5571,0,0,0,35.5571,0
72.29,2.03911,0,0,3.07223,0.129864,0.814961,3.6288,52.7875,0.428416,0,0,0.904599,0.275348,0,0.66528,12.849,1,0.362879,0.814961,0,54.8193,5.17627,50.0951,0.84672,12.849,0.84672,3695.15,0,36.966,0.301157,2.3479,1.77905,7.61536,1.3334,10.1078,0.42336,36.966,0.42336,423.524,0,1.02816,0,0,3.37606,2.3479,1.028160,1,0,60.2029,0,0,0,60.2029,0
72.29,2.07686,0,0,2.91773,0.124087,0.716784,3.6288,53.0551,0.403736,0,0,0.949804,0.27849,0,0.66528,12.849,1,0.369146,0.716784,0,53.3558,5.21472,48.4887,0.84672,12.849,0.84672,3695.15,0,36.966,0.282728,2.43504,1.80816,7.85212,1.34769,10.4649,0.42336,36.966,0.42336,423.524,0,1.02816,0,0,3.4632,2.43504,1.028160,1,0,58.9536,0,0,0,58.9536,0
72.29,2.07763,0,0,2.77284,0.124087,0.571118,3.6288,53.2484,0.404576,0,0,0.876982,0.279087,0,0.66528,12.849,1,0.369283,0.571118,0,48.7617,5.21472,43.7488,0.84672,12.849,0.84672,3695.15,0,36.966,0.281888,2.01965,1.7831,7.64839,1.34769,9.82156,0.42336,36.966,0.42336,423.524,0,1.02816,0,0,3.04781,2.01965,1.028160,1,0,53.5703,0,0,0,53.5703,0
72.29,2.0784,0,0,2.68481,0.124087,0.482321,3.6288,53.4066,0.405181,0,0,0.842905,0.279519,0,0.66528,12.849,1,0.36942,0.482321,0,43.5426,5.21472,38.4408,0.84672,12.849,0.84672,3695.15,0,36.966,0.281284,1.86369,1.78327,7.61763,1.34769,9.63561,0.42336,36.966,0.42336,423.524,0,1.02816,0,0,2.89185,1.86369,1.028160,1,0,48.0764,0,0,0,48.0764,0
72.29,2.13049,0,0,2.60502,0.088156,0.386378,3.6288,53.527,0.428402,0,0,0.857555,0.308787,0,0.66528,12.849,1,0.378678,0.386378,0,39.1592,5.49852,33.6684,0.84672,12.849,0.84672,3695.15,0,36.966,0.296523,1.59756,1.78344,6.67922,1.48622,8.27748,0.42336,36.966,0.42336,423.524,0,1.02816,0,0,2.62572,1.59756,1.028160,1,0,41.9459,0,0,0,41.9459,0
72.29,2.16393,0,0,2.62226,0.0886998,0.369629,3.6288,53.6843,0.406052,0,0,0.871629,0.308266,0,0.66528,12.849,1,0.384622,0.369629,0,51.4668,5.52258,45.9292,0.84672,12.849,0.84672,3695.15,0,36.966,0.280421,1.83548,1.82465,6.34098,1.46102,8.25967,0.42336,36.966,0.42336,423.524,0,1.02816,0,0,2.86364,1.83548,1.028160,1,0,54.1889,0,0,0,54.1889,0
72.1193,2.16472,0,0,2.44563,0.0886998,0.36288,3.6288,53.7411,0.406538,0,0,0.772032,0.308652,0,0.66528,12.849,1,0.384763,0.36288,0,40.7151,5.52258,35.1707,0.84672,12.849,0.84672,3695.15,0,36.966,0.279935,1.79859,1.80232,5.78789,1.46102,7.64785,0.42336,36.966,0.42336,423.524,0,1.02816,0,0,2.82675,1.79859,1.028160,1,0,42.8185,0,0,0,42.8185,0
71.7277,2.16474,0,0,2.22455,0.088585,0.36288,3.6288,53.7508,0.406714,0,0,0.725172,0.308791,0,0.66528,12.849,1,0.385676,0.36288,0,37.4389,5.52258,31.8936,0.84672,12.849,0.84672,3695.15,0,36.966,0.279759,1.3562,1.8025,5.29716,1.46102,6.71508,0.42336,36.966,0.42336,423.524,0,1.02816,0,0,2.38436,1.3562,1.028160,1,0,38.6086,0,0,0,38.6086,0
71.4893,2.31396,0,0,2.51684,0.0783324,0.36288,3.6288,53.8405,0.489071,0,0,0.881656,0.302921,0,0.66528,12.849,1,0.414513,0.36288,0,38.5013,5.66407,32.7856,0.84672,12.849,0.84672,3695.15,0,36.966,0.336349,2.19688,1.80267,7.76599,1.4979,9.9313,0.42336,36.966,0.42336,423.524,0,1.02816,0,0,3.22504,2.19688,1.028160,1,0,42.7169,0,0,0,42.7169,0
71.218,2.39873,0,0,2.57221,0.0819129,0.36288,3.6288,53.8469,0.429884,0,0,0.78532,0.348981,0,0.66528,12.849,1,0.431131,0.36288,0,33.037,5.92209,27.0467,0.84672,12.849,0.84672,3695.15,0,36.966,0.295152,1.84838,1.94339,7.73029,1.51613,9.71079,0.42336,36.966,0.42336,423.524,0,1.02816,0,0,2.87654,1.84838,1.028160,1,0,36.7575,0,0,0,36.7575,0
71.2546,2.39786,0,0,2.87417,0.0768821,0.36288,3.6288,54.0304,0.430132,0,0,0.965036,0.351464,0,0.66528,12.849,1,0.432617,0.36288,0,42.0392,5.99686,35.9726,0.84672,12.849,0.84672,3695.15,0,36.966,0.295287,2.58419,1.88483,8.20524,1.53107,10.8479,0.42336,36.966,0.42336,423.524,0,1.02816,0,0,3.61235,2.58419,1.028160,1,0,46.8205,0,0,0,46.8205,0
70.6869,2.39857,0,0,2.27069,0.0769036,0.36288,3.6288,53.952,0.430956,0,0,0.704441,0.351891,0,0.66528,12.849,1,0.432523,0.36288,0,43.3833,5.99686,37.3168,0.84672,12.849,0.84672,3695.15,0,36.966,0.294847,1.55976,1.88525,6.50151,1.53107,8.12061,0.42336,36.966,0.42336,423.524,0,1.02816,0,0,2.58792,1.55976,1.028160,1,0,45.4374,0,0,0,45.4374,0
70.6636,2.39616,0,0,2.8123,0.0765698,0.36288,3.6288,54.3413,0.430929,0,0,1.17194,0.351708,0,0.66528,12.849,1,0.435558,0.36288,0,38.4474,5.99686,32.3779,0.84672,12.849,0.84672,3695.15,0,36.966,0.295257,3.5876,1.88566,9.76977,1.53107,13.4167,0.42336,36.966,0.42336,423.524,0,1.02816,0,0,4.61576,3.5876,1.028160,1,0,45.7946,0,0,0,45.7946,0
69.8012,2.32344,0,0,1.91493,0.0909823,0.36288,3.6288,54.2905,0.382169,0,0,0.694345,0.362944,0,0.66528,12.849,1,0.422479,0.36288,0,31.5013,6.36354,25.0781,0.84672,12.849,0.84672,3695.15,0,36.966,0.259973,1.66691,1.88607,8.5606,1.53842,10.3152,0.42336,36.966,0.42336,423.524,0,1.02816,0,0,2.69507,1.66691,1.028160,1,0,35.3933,0,0,0,35.3933,0
68.8082,2.2824,0,0,1.79728,0.145002,0.36288,3.6288,54.1916,0.408405,0,0,0.643542,0.333979,0,0.66528,12.849,1,0.420143,0.36288,0,24.4796,6.23414,18.1882,0.84672,12.849,0.84672,3695.15,0,36.966,0.27808,1.33361,1.80506,7.07895,1.44654,8.493,0.42336,36.966,0.42336,423.524,0,1.02816,0,0,2.36177,1.33361,1.028160,1,0,26.6812,0,0,0,26.6812,0
68.6995,2.2781,0,0,2.69554,0.163294,0.36288,3.6288,54.2036,0.408104,0,0,0.740664,0.32058,0,0.66528,12.849,1,0.425404,0.36288,0,29.8127,6.1237,23.6264,0.84672,12.849,0.84672,3695.15,0,36.966,0.278382,1.91055,1.83119,7.52959,1.40861,9.58434,0.42336,36.966,0.42336,423.524,0,1.02816,0,0,2.93871,1.91055,1.028160,1,0,33.2108,0,0,0,33.2108,0
69.5345,2.27835,0,0,3.63942,0.163155,0.36288,3.6288,54.6718,0.40814,0,0,1.19687,0.320605,0,0.66528,12.849,1,0.426124,0.36288,0,59.4926,6.1237,53.3057,0.84672,12.849,0.84672,3695.15,0,36.966,0.278345,3.75004,1.83137,11.8606,1.40861,15.7551,0.42336,36.966,0.42336,423.524,0,1.02816,0,0,4.7782,3.75004,1.028160,1,0,69.0608,0,0,0,69.0608,0
70.0769,2.22356,0,0,3.32203,0.193253,0.36288,3.6288,54.8699,0.363673,0,0,0.830062,0.26823,0,0.66528,12.849,1,0.410883,0.36288,0,53.0069,5.37261,47.5863,0.84672,12.849,0.84672,3695.15,0,36.966,0.245895,2.11397,1.83155,8.08367,1.24677,10.5365,0.42336,36.966,0.42336,423.524,0,1.02816,0,0,3.14213,2.11397,1.028160,1,0,58.1228,0,0,0,58.1228,0
70.8251,2.16205,0,0,3.47831,0.205161,0.36288,3.6288,54.7431,0.41015,0,0,0.437352,0.154027,0,0.66528,12.849,1,0.396425,0.36288,0,51.7323,3.54039,48.1583,0.84672,12.849,0.84672,3695.15,0,36.966,0.276319,1.20819,1.759,7.34867,0.821734,9.21781,0.42336,36.966,0.42336,423.524,0,1.02816,0,0,2.23635,1.20819,1.028160,1,0,57.3761,0,0,0,57.3761,0
72.29,2.16639,0,0,4.98995,0.206346,1.15231,3.6288,54.9133,0.409768,0,0,0.733899,0.153898,0,0.66528,12.849,1,0.393024,1.15231,0,61.6124,3.54039,58.8313,0.84672,12.849,0.84672,3695.15,0,36.966,0.276701,1.51183,1.80418,10.5546,0.821734,12.7722,0.42336,36.966,0.42336,423.524,0,1.02816,0,0,2.53999,1.51183,1.028160,1,0,71.6034,0,0,0,71.6034,0
72.29,2.17395,0,0,4.17996,0.208665,1.79735,3.6288,55.299,0.410281,0,0,0.950072,0.154071,0,0.66528,12.849,1,0.386402,1.79735,0,90.4435,3.54039,88.3141,0.84672,12.849,0.84672,3695.15,0,36.966,0.276189,1.6689,1.80436,11.5584,0.821734,13.9338,0.42336,36.966,0.42336,423.524,0,1.02816,0,0,2.69706,1.6689,1.028160,1,0,102.248,0,0,0,102.248,0
72.29,2.00339,0,0,4.40232,0.273392,2.12554,3.6288,55.9743,0.315337,0,0,1.14569,0.155099,0,0.66528,12.849,1,0.356087,2.12554,0,84.8344,4.49169,82.1122,0.84672,12.849,0.84672,3695.15,0,36.966,0.210795,2.6455,1.80453,14.28,1.08267,17.4366,0.42336,36.966,0.42336,423.524,0,1.02816,0,0,3.67366,2.6455,1.028160,1,0,99.5488,0,0,0,99.5488,0
72.29,1.868,0,0,3.55189,0.261618,1.42227,3.6288,56.3419,0.413412,0,0,0.970419,0.189425,0,0.66528,12.849,1,0.332024,1.42227,0,44.934,4.55836,41.4659,0.84672,12.849,0.84672,3695.15,0,36.966,0.273022,2.49745,1.64301,10.9911,1.13343,13.7251,0.42336,36.966,0.42336,423.524,0,1.02816,0,0,3.52561,2.49745,1.028160,1,0,55.1911,0,0,0,55.1911,0
72.29,1.86873,0,0,6.38059,0.261618,4.25024,3.6288,57.2495,0.414488,0,0,1.51202,0.18988,0,0.66528,12.849,1,0.332153,4.25024,0,117.586,4.55836,116.946,0.84672,12.849,0.84672,3695.15,0,36.966,0.271946,3.53862,1.73698,12.8441,1.13343,16.7144,0.42336,36.966,0.42336,423.524,0,1.02816,0,0,4.56678,3.53862,1.028160,1,0,133.66,0,0,0,133.66,0
72.29,1.86946,0,0,5.79398,0.261618,3.6629,3.6288,57.773,0.417108,0,0,1.13156,0.191005,0,0.66528,12.849,1,0.332282,3.6629,0,72.1678,4.55836,70.94,0.84672,12.849,0.84672,3695.15,0,36.966,0.269326,3.29359,1.73714,12.0081,1.13343,15.6361,0.42336,36.966,0.42336,423.524,0,1.02816,0,0,4.32175,3.29359,1.028160,1,0,86.5761,0,0,0,86.5761,0
72.29,1.87019,0,0,4.23184,0.309773,2.05188,3.6288,57.683,0.418596,0,0,0.524906,0.196306,0,0.66528,12.849,1,0.332411,2.05188,0,82.9321,4.06149,80.5901,0.84672,12.849,0.84672,3695.15,0,36.966,0.267838,1.79823,1.7373,8.83725,1.02917,11.0758,0.42336,36.966,0.42336,423.524,0,1.02816,0,0,2.82639,1.79823,1.028160,1,0,91.6658,0,0,0,91.6658,0
72.29,1.93689,0,0,7.55194,0.297567,5.31748,3.6288,59.1676,0.446665,0,0,2.13177,0.200516,0,0.66528,12.849,1,0.344267,5.31748,0,148.777,3.65412,150.096,0.84672,12.849,0.84672,3695.15,0,36.966,0.286244,3.12384,1.73746,14.0244,0.984883,17.6146,0.42336,36.966,0.42336,423.524,0,1.02816,0,0,4.152,3.12384,1.028160,1,0,167.711,0,0,0,167.711,0
72.29,1.97707,0,0,5.93617,0.2525,3.7066,3.6288,60.4923,0.422481,0,0,1.97439,0.227158,0,0.66528,12.849,1,0.35141,3.7066,0,109.458,3.49508,109.318,0.84672,12.849,0.84672,3695.15,0,36.966,0.263953,4.49869,1.78809,12.4953,0.875073,17.643,0.42336,36.966,0.42336,423.524,0,1.02816,0,0,5.52685,4.49869,1.028160,1,0,126.961,0,0,0,126.961,0
72.29,1.9778,0,0,5.73598,0.285792,3.47239,3.6288,61.308,0.426069,0,0,1.68171,0.26092,0.179047,0.66528,12.849,1,0.351539,3.47239,0,102.003,4.18079,100.943,0.84672,12.849,0.84672,3695.15,0,36.966,0.260365,3.94444,1.76105,11.172,1.08898,15.5281,0.42336,36.966,0.42336,423.524,0,1.02816,0,0,4.9726,3.94444,1.028160,1,0,116.65,0,0,0,116.65,0
72.29,1.97853,0,0,5.74099,0.285792,3.47668,3.6288,61.308,0.42823,0,0,1.8307,0.262272,1.1402,0.66528,12.849,1,0.351668,3.47668,0,102.361,4.18079,101.305,0.84672,12.849,0.84672,3695.15,0,36.966,0.258204,4.26114,1.76121,12.3354,1.08898,17.0106,0.42336,36.966,0.42336,423.524,0,1.02816,0,0,5.2893,4.26114,1.028160,1,0,119.456,0,0,0,119.456,0
72.29,2.1913,0,0,4.98082,0.29466,2.49486,3.6288,61.308,0.537172,0,0,1.89063,0.256683,1.09677,0.66528,12.849,1,0.389487,2.49486,0,90.2146,4.03097,88.289,0.84672,12.849,0.84672,3695.15,0,36.966,0.323891,4.40594,1.76137,11.8636,1.06898,16.638,0.42336,36.966,0.42336,423.524,0,1.02816,0,0,5.4341,4.40594,1.028160,1,0,106.024,0,0,0,106.024,0
72.29,2.34034,0,0,4.53925,0.347866,1.85104,3.6288,61.308,0.428253,0,0,1.52906,0.223152,0.87765,0.66528,12.849,1,0.415978,1.85104,0,87.5033,3.13205,85.8063,0.84672,12.849,0.84672,3695.15,0,36.966,0.258218,3.17299,1.94325,9.37008,0.948945,13.2792,0.42336,36.966,0.42336,423.524,0,1.02816,0,0,4.20115,3.17299,1.028160,1,0,99.9631,0,0,0,99.9631,0
72.29,2.34115,0,0,7.40821,0.347866,4.7192,3.6288,61.308,0.428253,0,0,1.96849,0.223152,1.31708,0.66528,12.849,1,0.416121,4.7192,0,146.061,3.13205,147.232,0.84672,12.849,0.84672,3695.15,0,36.966,0.258218,3.79305,1.84126,9.8807,0.948945,14.3078,0.42336,36.966,0.42336,423.524,0,1.02816,0,0,4.82121,3.79305,1.028160,1,0,162.857,0,0,0,162.857,0
72.29,2.34195,0,0,4.95971,0.347866,2.2699,3.6288,61.308,0.428253,0,0,1.84753,0.223152,1.19613,0.66528,12.849,1,0.416264,2.2699,0,114.033,3.13205,112.755,0.84672,12.849,0.84672,3695.15,0,36.966,0.258218,3.37695,1.84144,10.3831,0.948945,14.3943,0.42336,36.966,0.42336,423.524,0,1.02816,0,0,4.40511,3.37695,1.028160,1,0,128.345,0,0,0,128.345,0
72.29,2.04005,0,0,5.69248,0.332509,3.31993,3.6288,61.308,0.281929,0,0,1.76657,0.194572,1.29007,0.66528,12.849,1,0.362603,3.31993,0,111.267,2.96807,111.256,0.84672,12.849,0.84672,3695.15,0,36.966,0.16999,3.61045,1.84161,10.2963,0.865063,14.7133,0.42336,36.966,0.42336,423.524,0,1.02816,0,0,4.63861,3.61045,1.028160,1,0,127.259,0,0,0,127.259,0
72.29,1.84163,0,0,6.62999,0.304905,4.48346,3.6288,61.308,0.428222,0,0,2.57237,0.168076,1.97607,0.66528,12.849,1,0.327336,4.48346,0,155.588,3.24523,156.499,0.84672,12.849,0.84672,3695.15,0,36.966,0.258199,5.06178,1.59377,14.4731,0.87094,19.9995,0.42336,36.966,0.42336,423.524,0,1.02816,0,0,6.08994,5.06178,1.028160,1,0,178.475,0,0,0,178.475,0
72.29,1.84233,0,0,5.75756,0.304905,3.61033,3.6288,61.308,0.428222,0,0,2.28772,0.168076,1.69142,0.66528,12.849,1,0.32746,3.61033,0,129.304,3.24523,129.341,0.84672,12.849,0.84672,3695.15,0,36.966,0.258199,4.71547,1.73115,12.815,0.87094,18.1325,0.42336,36.966,0.42336,423.524,0,1.02816,0,0,5.74363,4.71547,1.028160,1,0,149.165,0,0,0,149.165,0
72.29,1.84302,0,0,6.70312,0.304905,4.55519,3.6288,61.308,0.428222,0,0,2.33493,0.168076,1.73863,0.66528,12.849,1,0.327584,4.55519,0,145.242,3.24523,146.224,0.84672,12.849,0.84672,3695.15,0,36.966,0.258199,5.47629,1.7313,15.5599,0.87094,21.6384,0.42336,36.966,0.42336,423.524,0,1.02816,0,0,6.50445,5.47629,1.028160,1,0,169.601,0,0,0,169.601,0
72.29,1.84372,0,0,7.61417,0.304222,5.46623,3.6288,61.308,0.428222,0,0,2.48274,0.162349,1.89217,0.66528,12.849,1,0.327707,5.46623,0,172.558,3.15558,174.541,0.84672,12.849,0.84672,3695.15,0,36.966,0.258199,5.63302,1.73146,15.5864,0.855585,21.8371,0.42336,36.966,0.42336,423.524,0,1.02816,0,0,6.66118,5.63302,1.028160,1,0,198.27,0,0,0,198.27,0
72.29,1.92069,0,0,7.26529,0.284576,5.06002,3.6288,61.308,0.464057,0,0,2.2808,0.15004,1.6667,0.66528,12.849,1,0.341389,5.06002,0,138.34,3.72201,139.337,0.84672,12.849,0.84672,3695.15,0,36.966,0.279806,4.98611,1.73161,18.4236,0.938399,23.9231,0.42336,36.966,0.42336,423.524,0,1.02816,0,0,6.01427,4.98611,1.028160,1,0,164.927,0,0,0,164.927,0
72.29,1.97018,0,0,8.40128,0.27711,6.15399,3.6288,61.308,0.42823,0,0,3.39879,0.147349,2.82321,0.66528,12.849,1,0.350184,6.15399,0,159.239,3.91902,161.123,0.84672,12.849,0.84672,3695.15,0,36.966,0.258204,7.01924,1.79298,23.0351,0.955004,30.6341,0.42336,36.966,0.42336,423.524,0,1.02816,0,0,8.0474,7.01924,1.028160,1,0,194.581,0,0,0,194.581,0
72.29,1.9709,0,0,7.30089,0.27711,5.05287,3.6288,61.308,0.42823,0,0,2.7626,0.147349,2.18702,0.66528,12.849,1,0.350313,5.05287,0,131.788,3.91902,132.571,0.84672,12.849,0.84672,3695.15,0,36.966,0.258204,5.30104,1.75953,18.1857,0.955004,24.0331,0.42336,36.966,0.42336,423.524,0,1.02816,0,0,6.3292,5.30104,1.028160,1,0,158.791,0,0,0,158.791,0
72.29,1.97163,0,0,5.86802,0.246932,3.64946,3.6288,61.308,0.42823,0,0,1.99475,0.144019,1.4225,0.66528,12.849,1,0.350442,3.64946,0,105.677,4.11672,104.859,0.84672,12.849,0.84672,3695.15,0,36.966,0.258204,3.91796,1.75969,12.1928,0.96786,16.6444,0.42336,36.966,0.42336,423.524,0,1.02816,0,0,4.94612,3.91796,1.028160,1,0,122.926,0,0,0,122.926,0
72.29,1.9425,0,0,5.3,0.223454,3.13404,3.6288,61.308,0.414301,0,0,1.44634,0.165573,0.866467,0.66528,12.849,1,0.345265,3.13404,0,105.513,4.24051,104.061,0.84672,12.849,0.84672,3695.15,0,36.966,0.249805,2.79225,1.75985,11.243,0.997133,14.5481,0.42336,36.966,0.42336,423.524,0,1.02816,0,0,3.82041,2.79225,1.028160,1,0,119.475,0,0,0,119.475,0
72.29,1.92426,0,0,4.65941,0.222329,2.51281,3.6288,61.308,0.428227,0,0,0.906448,0.197641,0.28058,0.66528,12.849,1,0.342023,2.51281,0,87.7807,4.20788,85.7436,0.84672,12.849,0.84672,3695.15,0,36.966,0.258202,2.22279,1.73617,8.67015,1.02331,11.3476,0.42336,36.966,0.42336,423.524,0,1.02816,0,0,3.25095,2.22279,1.028160,1,0,97.3718,0,0,0,97.3718,0
72.29,1.92498,0,0,4.05654,0.222329,1.90923,3.6288,61.308,0.428227,0,0,0.870687,0.197641,0.244819,0.66528,12.849,1,0.34215,1.90923,0,77.9674,4.20788,75.3266,0.84672,12.849,0.84672,3695.15,0,36.966,0.258202,1.86764,1.74939,8.11045,1.02331,10.446,0.42336,36.966,0.42336,423.524,0,1.02816,0,0,2.8958,1.86764,1.028160,1,0,86.0174,0,0,0,86.0174,0
72.29,1.92569,0,0,3.6348,0.222329,1.48678,3.6288,61.308,0.428227,0,0,0.769357,0.197641,0.143489,0.66528,12.849,1,0.342277,1.48678,0,66.9177,4.20788,63.8543,0.84672,12.849,0.84672,3695.15,0,36.966,0.258202,1.51141,1.74955,7.06553,1.02331,9.04498,0.42336,36.966,0.42336,423.524,0,1.02816,0,0,2.53957,1.51141,1.028160,1,0,73.0428,0,0,0,73.0428,0
72.29,2.02781,0,0,3.36086,0.200725,1.13233,3.6288,61.308,0.477667,0,0,0.715854,0.169197,0.0689902,0.66528,12.849,1,0.360428,1.13233,0,63.5602,3.61807,60.714,0.84672,12.849,0.84672,3695.15,0,36.966,0.288012,1.38273,1.74971,6.36941,0.873719,8.34012,0.42336,36.966,0.42336,423.524,0,1.02816,0,0,2.41089,1.38273,1.028160,1,0,69.1231,0,0,0,69.1231,0
72.29,2.09583,0,0,3.86283,0.235317,1.53168,3.6288,61.308,0.428238,0,0,0.84205,0.166534,0.247278,0.66528,12.849,1,0.372519,1.53168,0,69.3749,4.15758,66.3765,0.84672,12.849,0.84672,3695.15,0,36.966,0.258208,1.54283,1.83348,7.86715,0.966959,10.0183,0.42336,36.966,0.42336,423.524,0,1.02816,0,0,2.57099,1.54283,1.028160,1,0,76.642,0,0,0,76.642,0
72.29,2.09658,0,0,3.82006,0.124464,1.59901,3.6288,61.308,0.428238,0,0,0.806855,0.205959,0.172658,0.66528,12.849,1,0.372652,1.59901,0,71.0908,4.68657,67.6306,0.84672,12.849,0.84672,3695.15,0,36.966,0.258209,1.59864,1.78727,8.12056,1.07338,10.1749,0.42336,36.966,0.42336,423.524,0,1.02816,0,0,2.6268,1.59864,1.028160,1,0,77.9781,0,0,0,77.9781,0
72.29,2.09734,0,0,3.39269,0.124464,1.17089,3.6288,61.308,0.428238,0,0,0.657716,0.205959,0.0235185,0.66528,12.849,1,0.372786,1.17089,0,63.5783,4.68657,59.6898,0.84672,12.849,0.84672,3695.15,0,36.966,0.258209,1.2055,1.78744,6.96436,1.07338,8.62571,0.42336,36.966,0.42336,423.524,0,1.02816,0,0,2.23366,1.2055,1.028160,1,0,68.3391,0,0,0,68.3391,0
72.29,2.09809,0,0,3.26741,0.124464,1.04485,3.6288,61.2033,0.428238,0,0,0.529459,0.205959,0,0.66528,12.849,1,0.372919,1.04485,0,58.5891,4.68657,54.5744,0.84672,12.849,0.84672,3695.15,0,36.966,0.258209,1.03863,1.78761,6.69557,1.07338,8.19021,0.42336,36.966,0.42336,423.524,0,1.02816,0,0,2.06679,1.03863,1.028160,1,0,62.7646,0,0,0,62.7646,0
72.2648,2.07876,0,0,2.53498,0.1185,0.36288,3.6288,61.0027,0.455147,0,0,0.487585,0.232968,0,0.66528,12.849,1,0.369484,0.36288,0,49.8401,4.70767,45.1258,0.84672,12.849,0.84672,3695.15,0,36.966,0.274903,1.06212,1.78777,5.65798,1.13713,7.09583,0.42336,36.966,0.42336,423.524,0,1.02816,0,0,2.09028,1.06212,1.028160,1,0,52.2217,0,0,0,52.2217,0
71.8136,2.11642,0,0,2.13587,0.107853,0.36288,3.6288,60.8428,0.427439,0,0,0.493512,0.226019,0,0.66528,12.849,1,0.376309,0.36288,0,44.3525,4.41011,39.929,0.84672,12.849,0.84672,3695.15,0,36.966,0.259017,1.20372,1.81719,4.97724,1.1021,6.63703,0.42336,36.966,0.42336,423.524,0,1.02816,0,0,2.23188,1.20372,1.028160,1,0,46.566,0,0,0,46.566,0
71.2363,2.11517,0,0,2.00736,0.106607,0.36288,3.6288,60.6657,0.427016,0,0,0.482561,0.232627,0,0.66528,12.849,1,0.37845,0.36288,0,41.2534,4.49643,36.7414,0.84672,12.849,0.84672,3695.15,0,36.966,0.25944,1.16492,1.79185,4.85701,1.12281,6.43153,0.42336,36.966,0.42336,423.524,0,1.02816,0,0,2.19308,1.16492,1.028160,1,0,43.1729,0,0,0,43.1729,0
70.6135,2.11332,0,0,1.95437,0.100901,0.36288,3.6288,60.4196,0.426545,0,0,0.453786,0.273337,0,0.66528,12.849,1,0.381184,0.36288,0,39.3246,5.01438,34.2919,0.84672,12.849,0.84672,3695.15,0,36.966,0.259911,1.02139,1.79202,4.72208,1.24708,6.02849,0.42336,36.966,0.42336,423.524,0,1.02816,0,0,2.04955,1.02139,1.028160,1,0,40.3204,0,0,0,40.3204,0
69.8053,2.16293,0,0,1.8144,0.0968185,0.36288,3.6288,60.1354,0.450018,0,0,0.448265,0.2825,0,0.66528,12.849,1,0.393572,0.36288,0,34.608,5.22471,29.3526,0.84672,12.849,0.84672,3695.15,0,36.966,0.275331,0.875448,1.79218,4.36403,1.32114,5.43519,0.42336,36.966,0.42336,423.524,0,1.02816,0,0,1.90361,0.875448,1.028160,1,0,34.7878,0,0,0,34.7878,0
68.817,2.19269,0,0,1.65454,0.087269,0.36288,3.6288,59.7797,0.425131,0,0,0.375404,0.30592,0,0.66528,12.849,1,0.403607,0.36288,0,39.4202,5.75054,33.6289,0.84672,12.849,0.84672,3695.15,0,36.966,0.261334,0.788651,1.83385,3.60123,1.50629,4.45611,0.42336,36.966,0.42336,423.524,0,1.02816,0,0,1.81681,0.788651,1.028160,1,0,38.085,0,0,0,38.085,0
67.722,2.18858,0,0,1.54309,0.086602,0.36288,3.6288,59.3828,0.42417,0,0,0.332502,0.305227,0,0.66528,12.849,1,0.408635,0.36288,0,31.185,5.75054,25.3888,0.84672,12.849,0.84672,3695.15,0,36.966,0.262294,0.765245,1.81127,3.28709,1.50629,4.09502,0.42336,36.966,0.42336,423.524,0,1.02816,0,0,1.7934,0.765245,1.028160,1,0,29.4838,0,0,0,29.4838,0
66.4931,2.18379,0,0,1.40359,0.085863,0.36288,3.6288,58.9676,0.42309,0,0,0.312323,0.304454,0,0.66528,12.849,1,0.414334,0.36288,0,28.6757,5.75054,22.8737,0.84672,12.849,0.84672,3695.15,0,36.966,0.263375,0.484574,1.81144,3.00839,1.50629,3.53474,0.42336,36.966,0.42336,423.524,0,1.02816,0,0,1.51273,0.484574,1.028160,1,0,26.4085,0,0,0,26.4085,0
65.3145,2.32823,0,0,1.58802,0.0754416,0.36288,3.6288,58.5414,0.508311,0,0,0.379711,0.297546,0,0.66528,12.849,1,0.449904,0.36288,0,29.4895,5.89203,23.5105,0.84672,12.849,0.84672,3695.15,0,36.966,0.318654,1.01795,1.81161,4.41047,1.54316,5.37821,0.42336,36.966,0.42336,423.524,0,1.02816,0,0,2.04611,1.01795,1.028160,1,0,28.8887,0,0,0,28.8887,0
63.8949,2.39108,0,0,1.41881,0.084483,0.36288,3.6288,58.1004,0.456414,0,0,0.318969,0.303606,0,0.66528,12.849,1,0.470385,0.36288,0,25.2956,6.18144,19.0066,0.84672,12.849,0.84672,3695.15,0,36.966,0.288203,0.62043,1.95389,2.85752,1.54619,3.59744,0.42336,36.966,0.42336,423.524,0,1.02816,0,0,1.64859,0.62043,1.028160,1,0,22.6041,0,0,0,22.6041,0
62.6146,2.38288,0,0,1.54644,0.0810126,0.36288,3.6288,57.7051,0.455306,0,0,0.370901,0.310855,0,0.66528,12.849,1,0.479188,0.36288,0,29.8115,6.30158,23.3937,0.84672,12.849,0.84672,3695.15,0,36.966,0.289686,0.88471,1.90589,2.69705,1.55748,3.64048,0.42336,36.966,0.42336,423.524,0,1.02816,0,0,1.91287,0.88471,1.028160,1,0,27.0341,0,0,0,27.0341,0
61.0224,2.37525,0,0,1.22616,0.080172,0.36288,3.6288,57.2191,0.454325,0,0,0.27839,0.310062,0,0.66528,12.849,1,0.487421,0.36288,0,32.7343,6.30158,26.3082,0.84672,12.849,0.84672,3695.15,0,36.966,0.291042,0.408499,1.90629,2.16552,1.55748,2.63179,0.42336,36.966,0.42336,423.524,0,1.02816,0,0,1.43666,0.408499,1.028160,1,0,28.94,0,0,0,28.94,0
59.7055,2.36525,0,0,1.49034,0.0791268,0.36288,3.6288,56.9046,0.453051,0,0,0.447577,0.309087,0,0.66528,12.849,1,0.498031,0.36288,0,28.5342,6.30158,22.0975,0.84672,12.849,0.84672,3695.15,0,36.966,0.29269,1.35375,1.90669,3.12025,1.55748,4.53053,0.42336,36.966,0.42336,423.524,0,1.02816,0,0,2.38191,1.35375,1.028160,1,0,26.628,0,0,0,26.628,0
58.0426,2.2848,0,0,1.05913,0.0743969,0.36288,3.6288,56.5124,0.400547,0,0,0.333345,0.324981,0,0.66528,12.849,1,0.491703,0.36288,0,25.6724,5.98376,19.5598,0.84672,12.849,0.84672,3695.15,0,36.966,0.260201,0.596644,1.9071,3.2805,1.57513,3.94891,0.42336,36.966,0.42336,423.524,0,1.02816,0,0,1.6248,0.596644,1.028160,1,0,23.5087,0,0,0,23.5087,0
56.3645,2.25297,0,0,1.03477,0.0969917,0.36288,3.6288,56.1398,0.41501,0,0,0.358845,0.31644,0,0.66528,12.849,1,0.498745,0.36288,0,19.011,5.57975,13.2954,0.84672,12.849,0.84672,3695.15,0,36.966,0.271467,0.532492,1.82517,3.57752,1.53147,4.13224,0.42336,36.966,0.42336,423.524,0,1.02816,0,0,1.56065,0.532492,1.028160,1,0,17.4277,0,0,0,17.4277,0
54.9935,2.24165,0,0,1.36381,0.130282,0.36288,3.6288,55.8142,0.413924,0,0,0.377266,0.28897,0,0.66528,12.849,1,0.511013,0.36288,0,19.2262,5.35889,13.7191,0.84672,12.849,0.84672,3695.15,0,36.966,0.272554,0.642695,1.8404,2.87738,1.45561,3.63231,0.42336,36.966,0.42336,423.524,0,1.02816,0,0,1.67086,0.642695,1.028160,1,0,17.3514,0,0,0,17.3514,0
54.2163,2.23209,0,0,1.94628,0.128512,0.36288,3.6288,55.7338,0.412967,0,0,0.620927,0.288355,0,0.66528,12.849,1,0.521519,0.36288,0,35.5626,5.35889,30.0451,0.84672,12.849,0.84672,3695.15,0,36.966,0.27351,1.7929,1.84058,5.39421,1.45561,7.29857,0.42336,36.966,0.42336,423.524,0,1.02816,0,0,2.82106,1.7929,1.028160,1,0,37.3436,0,0,0,37.3436,0
53.1082,2.16878,0,0,1.55508,0.131511,0.36288,3.6288,55.5603,0.365971,0,0,0.465553,0.273026,0,0.66528,12.849,1,0.51399,0.36288,0,46.5941,5.13717,41.3059,0.84672,12.849,0.84672,3695.15,0,36.966,0.242734,0.959049,1.84076,3.60164,1.39141,4.7673,0.42336,36.966,0.42336,423.524,0,1.02816,0,0,1.98721,0.959049,1.028160,1,0,46.0732,0,0,0,46.0732,0
52.4028,2.09827,0,0,1.9095,0.153778,0.36288,3.6288,55.3111,0.412207,0,0,0.344777,0.181753,0,0.66528,12.849,1,0.507656,0.36288,0,36.6962,3.80688,32.7446,0.84672,12.849,0.84672,3695.15,0,36.966,0.274254,0.484419,1.76739,4.53,1.00619,5.50137,0.42336,36.966,0.42336,423.524,0,1.02816,0,0,1.51258,0.484419,1.028160,1,0,38.246,0,0,0,38.246,0
53.6345,2.09352,0,0,3.84077,0.152667,0.36288,3.6288,55.5944,0.411466,0,0,0.876139,0.181456,0,0.66528,12.849,1,0.513324,0.36288,0,60.3414,3.80688,56.3841,0.84672,12.849,0.84672,3695.15,0,36.966,0.274995,2.51529,1.81307,7.82948,1.00619,10.8766,0.42336,36.966,0.42336,423.524,0,1.02816,0,0,3.54345,2.51529,1.028160,1,0,67.2607,0,0,0,67.2607,0
53.3677,2.10376,0,0,2.35449,0.154607,0.36288,3.6288,55.7281,0.412308,0,0,0.727808,0.181793,0,0.66528,12.849,1,0.50399,0.36288,0,36.0111,3.80688,32.0631,0.84672,12.849,0.84672,3695.15,0,36.966,0.274153,2.21467,1.81324,7.86591,1.00619,10.6135,0.42336,36.966,0.42336,423.524,0,1.02816,0,0,3.24283,2.21467,1.028160,1,0,42.6766,0,0,0,42.6766,0
54.871,1.93802,0,0,4.01272,0.208505,0.36288,3.6288,55.8963,0.31524,0,0,0.685435,0.201918,0,0.66528,12.849,1,0.466604,0.36288,0,85.467,4.15482,81.2084,0.84672,12.849,0.84672,3695.15,0,36.966,0.209107,1.97852,1.81341,9.72723,1.08742,12.2226,0.42336,36.966,0.42336,423.524,0,1.02816,0,0,3.00668,1.97852,1.028160,1,0,93.431,0,0,0,93.431,0
55.6582,1.81773,0,0,3.19508,0.227305,0.36288,3.6288,55.7829,0.413179,0,0,0.491581,0.19182,0,0.66528,12.849,1,0.425652,0.36288,0,62.9906,3.76533,59.1625,0.84672,12.849,0.84672,3695.15,0,36.966,0.273248,1.61482,1.65009,5.02224,0.781278,7.23263,0.42336,36.966,0.42336,423.524,0,1.02816,0,0,2.64298,1.61482,1.028160,1,0,66.3951,0,0,0,66.3951,0
55.6148,1.8233,0,0,2.37299,0.230181,0.36288,3.6288,55.6325,0.412845,0,0,0.451803,0.189404,0,0.66528,12.849,1,0.420918,0.36288,0,50.3318,3.69075,46.583,0.84672,12.849,0.84672,3695.15,0,36.966,0.273582,1.23676,1.7451,4.61669,0.727997,6.59697,0.42336,36.966,0.42336,423.524,0,1.02816,0,0,2.26492,1.23676,1.028160,1,0,53.18,0,0,0,53.18,0
57.7593,1.82371,0,0,4.56109,0.230081,0.36288,3.6288,55.7124,0.4124,0,0,0.681579,0.189218,0,0.66528,12.849,1,0.421342,0.36288,0,133.774,3.69075,130.025,0.84672,12.849,0.84672,3695.15,0,36.966,0.274027,2.26744,1.74526,7.12127,0.727997,10.1319,0.42336,36.966,0.42336,423.524,0,1.02816,0,0,3.2956,2.26744,1.028160,1,0,140.157,0,0,0,140.157,0
58.7228,1.83719,0,0,3.39975,0.23618,0.36288,3.6288,55.8727,0.412637,0,0,0.777682,0.204818,0,0.66528,12.849,1,0.408698,0.36288,0,99.6728,3.93162,95.6953,0.84672,12.849,0.84672,3695.15,0,36.966,0.27379,2.16207,1.74541,5.76372,0.823,8.57441,0.42336,36.966,0.42336,423.524,0,1.02816,0,0,3.19023,2.16207,1.028160,1,0,104.27,0,0,0,104.27,0
59.1665,1.90784,0,0,2.98401,0.269521,0.36288,3.6288,55.6456,0.441388,0,0,0.446783,0.23242,0,0.66528,12.849,1,0.41745,0.36288,0,80.6872,4.46647,76.1662,0.84672,12.849,0.84672,3695.15,0,36.966,0.292027,1.56527,1.74557,6.11139,1.09386,8.03635,0.42336,36.966,0.42336,423.524,0,1.02816,0,0,2.59343,1.56527,1.028160,1,0,84.2025,0,0,0,84.2025,0
62.9499,1.9497,0,0,6.38964,0.293647,0.36288,3.6288,55.8266,0.412439,0,0,0.798288,0.204931,0,0.66528,12.849,1,0.42341,0.36288,0,94.7627,3.94795,90.7542,0.84672,12.849,0.84672,3695.15,0,36.966,0.273987,2.1545,1.79675,8.58775,1.08476,11.1802,0.42336,36.966,0.42336,423.524,0,1.02816,0,0,3.18266,2.1545,1.028160,1,0,101.934,0,0,0,101.934,0
69.7202,1.97152,0,0,9.3967,0.292008,0.36288,3.6288,56.2817,0.412973,0,0,1.06431,0.196196,0,0.66528,12.849,1,0.402417,0.36288,0,193.457,3.62639,189.791,0.84672,12.849,0.84672,3695.15,0,36.966,0.273453,3.45801,1.76941,11.6145,1.04458,15.5239,0.42336,36.966,0.42336,423.524,0,1.02816,0,0,4.48617,3.45801,1.028160,1,0,205.315,0,0,0,205.315,0
72.29,2.00522,0,0,5.41331,0.308153,0.530157,3.6288,56.7995,0.414307,0,0,1.12893,0.19678,0,0.66528,12.849,1,0.36955,0.530157,0,109.883,3.62639,106.417,0.84672,12.849,0.84672,3695.15,0,36.966,0.272119,3.70511,1.76957,10.4064,1.04458,14.5644,0.42336,36.966,0.42336,423.524,0,1.02816,0,0,4.73327,3.70511,1.028160,1,0,120.981,0,0,0,120.981,0
72.29,2.23147,0,0,4.93753,0.30942,2.39664,3.6288,57.1047,0.522759,0,0,1.02656,0.198649,0,0.66528,12.849,1,0.396627,2.39664,0,112.345,3.71003,110.635,0.84672,12.849,0.84672,3695.15,0,36.966,0.340219,3.31048,1.76972,8.43186,1.02057,12.1513,0.42336,36.966,0.42336,423.524,0,1.02816,0,0,4.33864,3.31048,1.028160,1,0,122.786,0,0,0,122.786,0
72.29,2.38213,0,0,4.90769,0.265309,2.26025,3.6288,57.547,0.41671,0,0,1.02586,0.166869,0,0.66528,12.849,1,0.423406,2.26025,0,90.0573,3.24576,88.6484,0.84672,12.849,0.84672,3695.15,0,36.966,0.269752,1.57527,1.9536,7.80852,0.873792,10.1938,0.42336,36.966,0.42336,423.524,0,1.02816,0,0,2.60343,1.57527,1.028160,1,0,98.8422,0,0,0,98.8422,0
72.29,2.38291,0,0,6.10788,0.265309,3.45965,3.6288,58.0592,0.417972,0,0,1.09755,0.167348,0,0.66528,12.849,1,0.423545,3.45965,0,131.191,3.24576,130.982,0.84672,12.849,0.84672,3695.15,0,36.966,0.26849,4.4232,1.85047,12.4493,0.873792,17.5807,0.42336,36.966,0.42336,423.524,0,1.02816,0,0,5.45136,4.4232,1.028160,1,0,148.563,0,0,0,148.563,0
72.29,2.38369,0,0,5.77088,0.301456,3.08573,3.6288,58.3516,0.41942,0,0,0.861287,0.149448,0,0.66528,12.849,1,0.423684,3.08573,0,120.728,3.35519,120.034,0.84672,12.849,0.84672,3695.15,0,36.966,0.267043,3.60018,1.85065,9.30977,0.825876,13.6677,0.42336,36.966,0.42336,423.524,0,1.02816,0,0,4.62834,3.60018,1.028160,1,0,133.702,0,0,0,133.702,0
72.29,2.07845,0,0,9.31401,0.35146,6.8841,3.6288,58.7532,0.275074,0,0,0.866143,0.189443,0,0.66528,12.849,1,0.369428,6.8841,0,167.575,3.26687,170.822,0.84672,12.849,0.84672,3695.15,0,36.966,0.174261,4.15701,1.85082,11.4221,0.878656,16.377,0.42336,36.966,0.42336,423.524,0,1.02816,0,0,5.18517,4.15701,1.028160,1,0,187.199,0,0,0,187.199,0
72.29,1.87783,0,0,6.50704,0.327759,4.30146,3.6288,59.2179,0.421326,0,0,1.06771,0.181726,0,0.66528,12.849,1,0.33377,4.30146,0,157.722,3.43485,158.255,0.84672,12.849,0.84672,3695.15,0,36.966,0.265088,2.88309,1.60024,11.0333,1.06107,14.1905,0.42336,36.966,0.42336,423.524,0,1.02816,0,0,3.91125,2.88309,1.028160,1,0,172.446,0,0,0,172.446,0
72.29,1.87851,0,0,5.48677,0.29914,3.30912,3.6288,59.5844,0.422607,0,0,0.986472,0.197329,0,0.66528,12.849,1,0.33389,3.30912,0,132.821,3.51593,132.28,0.84672,12.849,0.84672,3695.15,0,36.966,0.263807,2.32042,1.73913,9.26752,1.02972,12.0335,0.42336,36.966,0.42336,423.524,0,1.02816,0,0,3.34858,2.32042,1.028160,1,0,144.314,0,0,0,144.314,0
72.29,1.87919,0,0,4.66805,0.29914,2.48973,3.6288,59.8582,0.423609,0,0,0.895212,0.197792,0,0.66528,12.849,1,0.334011,2.48973,0,106.038,3.51593,104.678,0.84672,12.849,0.84672,3695.15,0,36.966,0.262806,2.01706,1.73928,8.05015,1.02972,10.514,0.42336,36.966,0.42336,423.524,0,1.02816,0,0,3.04522,2.01706,1.028160,1,0,115.192,0,0,0,115.192,0
72.29,1.87987,0,0,5.04354,0.29914,2.86453,3.6288,60.1,0.424352,0,0,0.864272,0.198138,0,0.66528,12.849,1,0.334132,2.86453,0,114.864,3.51593,113.878,0.84672,12.849,0.84672,3695.15,0,36.966,0.262062,2.46512,1.73943,9.3839,1.02972,12.2967,0.42336,36.966,0.42336,423.524,0,1.02816,0,0,3.49328,2.46512,1.028160,1,0,126.175,0,0,0,126.175,0
72.29,1.95766,0,0,7.51853,0.324483,5.23639,3.6288,60.9281,0.460959,0,0,1.45038,0.161336,0,0.66528,12.849,1,0.347959,5.23639,0,184.791,3.28307,186.396,0.84672,12.849,0.84672,3695.15,0,36.966,0.283524,3.6791,1.73958,13.164,0.888204,17.4109,0.42336,36.966,0.42336,423.524,0,1.02816,0,0,4.70726,3.6791,1.028160,1,0,203.807,0,0,0,203.807,0
72.29,2.00766,0,0,6.41831,0.34349,4.06716,3.6288,61.308,0.427223,0,0,1.44456,0.134209,0.503248,0.66528,12.849,1,0.356846,4.06716,0,146.667,3.10842,147.269,0.84672,12.849,0.84672,3695.15,0,36.966,0.259203,3.46035,1.80162,12.1649,0.782066,16.3856,0.42336,36.966,0.42336,423.524,0,1.02816,0,0,4.48851,3.46035,1.028160,1,0,164.158,0,0,0,164.158,0
72.29,2.00837,0,0,5.85173,0.34349,3.49988,3.6288,61.308,0.428225,0,0,1.33252,0.134532,0.76976,0.66528,12.849,1,0.356972,3.49988,0,125.846,3.10842,125.88,0.84672,12.849,0.84672,3695.15,0,36.966,0.258201,3.10258,1.7678,10.092,0.782066,13.9221,0.42336,36.966,0.42336,423.524,0,1.02816,0,0,4.13074,3.10258,1.028160,1,0,140.572,0,0,0,140.572,0
72.29,2.00907,0,0,6.06441,0.312631,3.7427,3.6288,61.308,0.428226,0,0,1.38511,0.138553,0.818334,0.66528,12.849,1,0.357097,3.7427,0,152.958,2.86209,153.482,0.84672,12.849,0.84672,3695.15,0,36.966,0.258201,4.22917,1.76795,11.2051,0.878831,16.0652,0.42336,36.966,0.42336,423.524,0,1.02816,0,0,5.25733,4.22917,1.028160,1,0,170.365,0,0,0,170.365,0
72.29,1.97961,0,0,5.80148,0.294061,3.52781,3.6288,61.308,0.414144,0,0,0.881679,0.153415,0.31412,0.66528,12.849,1,0.35186,3.52781,0,142.942,3.11057,143.007,0.84672,12.849,0.84672,3695.15,0,36.966,0.24971,2.25655,1.76811,12.0238,0.943507,14.8552,0.42336,36.966,0.42336,423.524,0,1.02816,0,0,3.28471,2.25655,1.028160,1,0,158.177,0,0,0,158.177,0
72.29,1.96114,0,0,4.42153,0.260493,2.1999,3.6288,61.308,0.428223,0,0,0.625571,0.188895,0.00845288,0.66528,12.849,1,0.348578,2.1999,0,100.271,3.83439,98.2876,0.84672,12.849,0.84672,3695.15,0,36.966,0.258199,1.64158,1.74417,6.20102,1.06488,8.26369,0.42336,36.966,0.42336,423.524,0,1.02816,0,0,2.66974,1.64158,1.028160,1,0,106.56,0,0,0,106.56,0
72.29,1.96184,0,0,3.68922,0.260493,1.46689,3.6288,61.2579,0.428223,0,0,0.566996,0.188895,0,0.66528,12.849,1,0.348702,1.46689,0,81.0855,3.83439,78.3693,0.84672,12.849,0.84672,3695.15,0,36.966,0.258199,1.27119,1.75753,4.92825,1.06488,6.63388,0.42336,36.966,0.42336,423.524,0,1.02816,0,0,2.29935,1.27119,1.028160,1,0,85.0032,0,0,0,85.0032,0
72.29,1.96253,0,0,3.27102,0.260493,1.04799,3.6288,61.156,0.428091,0,0,0.515017,0.188835,0,0.66528,12.849,1,0.348826,1.04799,0,70.257,3.83439,67.1218,0.84672,12.849,0.84672,3695.15,0,36.966,0.258331,0.979569,1.75768,4.26177,1.06488,5.6758,0.42336,36.966,0.42336,423.524,0,1.02816,0,0,2.00773,0.979569,1.028160,1,0,72.7976,0,0,0,72.7976,0
72.29,2.06574,0,0,2.96386,0.256172,0.641946,3.6288,60.9569,0.477754,0,0,0.461756,0.18303,0,0.66528,12.849,1,0.367169,0.641946,0,61.9023,3.71643,58.4607,0.84672,12.849,0.84672,3695.15,0,36.966,0.28878,0.797239,1.75783,3.89804,1.03496,5.12937,0.42336,36.966,0.42336,423.524,0,1.02816,0,0,1.8254,0.797239,1.028160,1,0,63.59,0,0,0,63.59,0
72.29,2.13448,0,0,2.77391,0.194055,0.445373,3.6288,60.7602,0.427307,0,0,0.441573,0.21098,0,0.66528,12.849,1,0.379387,0.445373,0,55.5095,4.1091,51.4664,0.84672,12.849,0.84672,3695.15,0,36.966,0.259131,0.701231,1.84251,3.8895,1.08995,5.08416,0.42336,36.966,0.42336,423.524,0,1.02816,0,0,1.72939,0.701231,1.028160,1,0,56.5505,0,0,0,56.5505,0
72.29,2.13521,0,0,2.70046,0.188024,0.377224,3.6288,60.5176,0.426786,0,0,0.40522,0.221077,0,0.66528,12.849,1,0.379518,0.377224,0,50.0879,4.2925,45.7931,0.84672,12.849,0.84672,3695.15,0,36.966,0.259653,0.512698,1.7958,3.68679,1.12903,4.6066,0.42336,36.966,0.42336,423.524,0,1.02816,0,0,1.54086,0.512698,1.028160,1,0,50.3997,0,0,0,50.3997,0
72.0353,2.13594,0,0,2.40332,0.159231,0.36288,3.6288,60.2365,0.42614,0,0,0.384623,0.239529,0,0.66528,12.849,1,0.379648,0.36288,0,44.3113,4.5067,39.7878,0.84672,12.849,0.84672,3695.15,0,36.966,0.260299,0.447906,1.79596,3.58647,1.18376,4.38628,0.42336,36.966,0.42336,423.524,0,1.02816,0,0,1.47607,0.447906,1.028160,1,0,44.1741,0,0,0,44.1741,0
71.6749,2.13554,0,0,2.27539,0.137371,0.36288,3.6288,59.9266,0.425387,0,0,0.3686,0.25317,0,0.66528,12.849,1,0.380918,0.36288,0,42.2217,4.66735,37.5363,0.84672,12.849,0.84672,3695.15,0,36.966,0.261052,0.360737,1.79612,3.5469,1.2248,4.2179,0.42336,36.966,0.42336,423.524,0,1.02816,0,0,1.3889,0.360737,1.028160,1,0,41.7542,0,0,0,41.7542,0
71.0442,2.11438,0,0,1.97712,0.130538,0.36288,3.6288,59.6293,0.451812,0,0,0.40233,0.247774,0,0.66528,12.849,1,0.37904,0.36288,0,44.0383,4.78121,39.2409,0.84672,12.849,0.84672,3695.15,0,36.966,0.278702,0.49261,1.79628,3.40883,1.20819,4.21084,0.42336,36.966,0.42336,423.524,0,1.02816,0,0,1.52077,0.49261,1.028160,1,0,43.4517,0,0,0,43.4517,0
70.1982,2.14958,0,0,1.76951,0.103085,0.36288,3.6288,59.3502,0.423752,0,0,0.418897,0.274257,0,0.66528,12.849,1,0.388771,0.36288,0,43.8412,4.89982,38.9155,0.84672,12.849,0.84672,3695.15,0,36.966,0.262696,0.595495,1.82602,3.326,1.29824,4.18657,0.42336,36.966,0.42336,423.524,0,1.02816,0,0,1.62365,0.595495,1.028160,1,0,43.102,0,0,0,43.102,0
69.2702,2.14635,0,0,1.68375,0.102417,0.36288,3.6288,59.0431,0.42299,0,0,0.389681,0.273768,0,0.66528,12.849,1,0.392866,0.36288,0,39.7417,4.89982,34.8119,0.84672,12.849,0.84672,3695.15,0,36.966,0.263458,0.536665,1.80039,3.16694,1.29824,3.9423,0.42336,36.966,0.42336,423.524,0,1.02816,0,0,1.56482,0.536665,1.028160,1,0,38.7542,0,0,0,38.7542,0
68.2172,2.14264,0,0,1.55416,0.101684,0.36288,3.6288,58.6962,0.422148,0,0,0.348477,0.27323,0,0.66528,12.849,1,0.397441,0.36288,0,37.6072,4.89982,32.6729,0.84672,12.849,0.84672,3695.15,0,36.966,0.2643,0.458749,1.80056,2.96228,1.29824,3.65904,0.42336,36.966,0.42336,423.524,0,1.02816,0,0,1.48691,0.458749,1.028160,1,0,36.3319,0,0,0,36.3319,0
67.0286,2.19019,0,0,1.46238,0.0978897,0.36288,3.6288,58.3118,0.445311,0,0,0.340334,0.27949,0,0.66528,12.849,1,0.412532,0.36288,0,35.0787,5.08996,29.939,0.84672,12.849,0.84672,3695.15,0,36.966,0.28045,0.340701,1.80072,2.77933,1.32013,3.32017,0.42336,36.966,0.42336,423.524,0,1.02816,0,0,1.36886,0.340701,1.028160,1,0,33.2592,0,0,0,33.2592,0
65.8737,2.21778,0,0,1.50515,0.0793646,0.36288,3.6288,58.0459,0.420124,0,0,0.474133,0.319902,0,0.66528,12.849,1,0.425136,0.36288,0,42.7856,6.23081,36.4926,0.84672,12.849,0.84672,3695.15,0,36.966,0.266332,0.448718,1.84283,2.8275,1.45143,3.40129,0.42336,36.966,0.42336,423.524,0,1.02816,0,0,1.47688,0.448718,1.028160,1,0,39.8939,0,0,0,39.8939,0
64.6055,2.21229,0,0,1.38556,0.0786402,0.36288,3.6288,57.7091,0.419379,0,0,0.401959,0.319353,0,0.66528,12.849,1,0.431518,0.36288,0,35.1438,6.23081,28.8444,0.84672,12.849,0.84672,3695.15,0,36.966,0.267078,0.538272,1.81999,2.73392,1.45143,3.37368,0.42336,36.966,0.42336,423.524,0,1.02816,0,0,1.56643,0.538272,1.028160,1,0,32.218,0,0,0,32.218,0
63.2275,2.20596,0,0,1.2687,0.0778447,0.36288,3.6288,57.3443,0.418429,0,0,0.372293,0.318659,0,0.66528,12.849,1,0.438731,0.36288,0,33.404,6.23081,27.0973,0.84672,12.849,0.84672,3695.15,0,36.966,0.268028,0.31085,1.82016,2.40309,1.45143,2.81464,0.42336,36.966,0.42336,423.524,0,1.02816,0,0,1.33901,0.31085,1.028160,1,0,29.912,0,0,0,29.912,0
61.788,2.34921,0,0,1.34048,0.0678527,0.36288,3.6288,56.945,0.503743,0,0,0.427391,0.322957,0,0.66528,12.849,1,0.477404,0.36288,0,32.7615,6.38035,26.2666,0.84672,12.849,0.84672,3695.15,0,36.966,0.324729,0.578681,1.82033,3.17898,1.48131,3.77195,0.42336,36.966,0.42336,423.524,0,1.02816,0,0,1.60684,0.578681,1.028160,1,0,30.0386,0,0,0,30.0386,0
60.2622,2.39439,0,0,1.29233,0.0609118,0.36288,3.6288,56.5808,0.463105,0,0,0.422988,0.32408,0,0.66528,12.849,1,0.497921,0.36288,0,27.5477,6.23524,21.1774,0.84672,12.849,0.84672,3695.15,0,36.966,0.300626,0.464383,1.96414,3.57916,1.54142,4.16564,0.42336,36.966,0.42336,423.524,0,1.02816,0,0,1.49254,0.464383,1.028160,1,0,25.343,0,0,0,25.343,0
58.6001,2.38449,0,0,1.13613,0.050889,0.36288,3.6288,56.1703,0.462156,0,0,0.371749,0.320142,0,0.66528,12.849,1,0.508417,0.36288,0,25.9844,6.28373,19.5551,0.84672,12.849,0.84672,3695.15,0,36.966,0.301941,0.31663,1.92643,2.69376,1.59277,3.04212,0.42336,36.966,0.42336,423.524,0,1.02816,0,0,1.34479,0.31663,1.028160,1,0,22.5972,0,0,0,22.5972,0
57.0238,2.37315,0,0,1.20981,0.0500821,0.36288,3.6288,55.8472,0.461045,0,0,0.457268,0.319285,0,0.66528,12.849,1,0.52035,0.36288,0,33.0658,6.28373,26.6246,0.84672,12.849,0.84672,3695.15,0,36.966,0.303417,0.629312,1.92683,3.00883,1.59277,3.66878,0.42336,36.966,0.42336,423.524,0,1.02816,0,0,1.65747,0.629312,1.028160,1,0,30.2934,0,0,0,30.2934,0
55.245,2.36189,0,0,0.995328,0.0493169,0.36288,3.6288,55.3413,0.520255,0,0,0.33302,0.318612,0,0.66528,12.849,1,0.532198,0.36288,0,30.2936,6.28373,23.8405,0.84672,12.849,0.84672,3695.15,0,36.966,0.344364,0.204422,1.92722,2.46437,1.59277,2.65888,0.42336,36.966,0.42336,423.524,0,0.928368,0,0,1.13279,0.204422,1.028160,1,0,26.4994,0,0,0,26.4994,0
53.775,2.27681,0,0,1.20955,0.0398129,0.36288,3.6288,55.2057,0.407028,0,0,0.564214,0.29285,0,0.66528,12.849,1,0.529546,0.36288,0,38.2369,6.08591,31.9844,0.84672,12.849,0.84672,3695.15,0,36.966,0.27188,1.01393,1.92761,3.90284,1.5402,5.03231,0.42336,36.966,0.42336,423.524,0,1.02816,0,0,2.04209,1.01393,1.028160,1,0,37.0167,0,0,0,37.0167,0
52.9824,2.25977,0,0,1.85785,0.0278756,0.36288,3.6288,55.1192,0.411156,0,0,0.584349,0.259678,0,0.66528,12.849,1,0.539949,0.36288,0,41.2013,5.82215,35.2021,0.84672,12.849,0.84672,3695.15,0,36.966,0.275312,0.905368,1.84479,5.61063,1.4701,6.61539,0.42336,36.966,0.42336,423.524,0,1.02816,0,0,1.93353,0.905368,1.028160,1,0,41.8175,0,0,0,41.8175,0
51.3563,2.25401,0,0,1.01851,0.0276509,0.36288,3.6288,54.8268,0.410898,0,0,0.377987,0.25953,0,0.66528,12.849,1,0.54663,0.36288,0,52.1472,5.82215,46.1413,0.84672,12.849,0.84672,3695.15,0,36.966,0.275571,0.298573,1.84939,3.49349,1.4701,3.89578,0.42336,36.966,0.42336,423.524,0,1.02816,0,0,1.32673,0.298573,1.028160,1,0,50.037,0,0,0,50.037,0
49.6703,2.2409,0,0,0.944948,0.02719,0.36288,3.6288,54.4071,0.544308,0,0,0.383702,0.259031,0,0.66528,12.849,1,0.560658,0.36288,0,30.9738,5.82215,24.9539,0.84672,12.849,0.84672,3695.15,0,36.966,0.36699,0.216518,1.84956,2.64,1.4701,2.869,0.42336,36.966,0.42336,423.524,0,0.80333,0,0,1.01985,0.216518,1.028160,1,0,27.8229,0,0,0,27.8229,0
49.5354,2.16887,0,0,2.50041,0.10357,0.36288,3.6288,54.4674,0.361945,0,0,0.688867,0.26669,0,0.66528,12.849,1,0.561056,0.36288,0,46.1679,5.2647,40.7051,0.84672,12.849,0.84672,3695.15,0,36.966,0.245917,1.56536,1.84973,7.71243,1.3464,9.53521,0.42336,36.966,0.42336,423.524,0,1.02816,0,0,2.59352,1.56536,1.028160,1,0,50.2403,0,0,0,50.2403,0
47.8536,2.10596,0,0,0.905593,0.118596,0.36288,3.6288,53.7927,0.709962,0,0,0.24353,0.208255,0,0.66528,12.849,1,0.546266,0.36288,0,17.3024,4.32073,12.7983,0.84672,12.849,0.84672,3695.15,0,36.966,0.42336,0.216518,1.77558,3.8266,0.923751,4.47159,0.42336,36.966,0.42336,423.524,0,0.581291,0,0,0.797809,0.216518,1.028160,1,0,17.2698,0,0,0,17.2698,0
46.3141,2.09153,0,0,1.10844,0.193447,0.36288,3.6288,52.8077,0.963582,0,0,0.176207,0.197588,0,0.66528,12.849,1,0.561589,0.36288,0,22.2127,4.41809,17.596,0.84672,12.849,0.84672,3695.15,0,36.966,0.42336,0.292723,1.82174,3.47034,1.04776,4.11368,0.42336,36.966,0.42336,423.524,0,0.327671,0,0,0.620394,0.292723,1.028160,1,0,21.7096,0,0,0,21.7096,0
44.8248,2.07761,0,0,1.14134,0.190193,0.36288,3.6288,52.4091,0.459521,0,0,0.257004,0.196041,0,0.66528,12.849,1,0.576395,0.36288,0,22.5365,4.41809,17.9049,0.84672,12.849,0.84672,3695.15,0,36.966,0.32167,0.292723,1.8219,4.77521,1.04776,5.5204,0.42336,36.966,0.42336,423.524,0,0.933422,0,0,1.22615,0.292723,1.028160,1,0,23.4253,0,0,0,23.4253,0
45.5706,1.90314,0,0,3.19889,0.187044,0.36288,3.6288,52.6768,0.306453,0,0,0.769487,0.195415,0,0.66528,12.849,1,0.545534,0.36288,0,69.8058,4.41809,65.205,0.84672,12.849,0.84672,3695.15,0,36.966,0.216152,1.46038,1.82207,9.91319,1.04776,11.9317,0.42336,36.966,0.42336,423.524,0,1.02816,0,0,2.48854,1.46038,1.028160,1,0,77.1367,0,0,0,77.1367,0
45.5696,1.78296,0,0,2.335,0.190219,0.36288,3.6288,52.6022,0.40336,0,0,0.530578,0.201768,0,0.66528,12.849,1,0.502719,0.36288,0,46.9123,3.97833,42.7941,0.84672,12.849,0.84672,3695.15,0,36.966,0.283059,1.31354,1.657,6.25106,1.03521,7.90333,0.42336,36.966,0.42336,423.524,0,1.02816,0,0,2.3417,1.31354,1.028160,1,0,50.6974,0,0,0,50.6974,0
45.768,1.78358,0,0,2.55336,0.208514,0.36288,3.6288,52.487,0.403125,0,0,0.487097,0.199235,0,0.66528,12.849,1,0.502907,0.36288,0,62.0527,3.79627,58.1164,0.84672,12.849,0.84672,3695.15,0,36.966,0.283295,1.72341,1.75302,5.30621,1.02317,7.47618,0.42336,36.966,0.42336,423.524,0,1.02816,0,0,2.75157,1.72341,1.028160,1,0,65.5926,0,0,0,65.5926,0
45.768,1.78592,0,0,2.35786,0.208977,0.36288,3.6288,52.3477,0.40276,0,0,0.462555,0.199051,0,0.66528,12.849,1,0.501384,0.36288,0,47.2281,3.79627,43.2934,0.84672,12.849,0.84672,3695.15,0,36.966,0.28366,1.55582,1.75317,5.08899,1.02317,7.09115,0.42336,36.966,0.42336,423.524,0,1.02816,0,0,2.58398,1.55582,1.028160,1,0,50.3845,0,0,0,50.3845,0
46.4049,1.78656,0,0,2.99489,0.20861,0.36288,3.6288,52.1889,0.402318,0,0,0.44744,0.203899,0,0.66528,12.849,1,0.501563,0.36288,0,53.1725,3.96165,49.0721,0.84672,12.849,0.84672,3695.15,0,36.966,0.284102,1.61241,1.75333,5.02104,1.07451,7.02816,0.42336,36.966,0.42336,423.524,0,1.02816,0,0,2.64057,1.61241,1.028160,1,0,56.1003,0,0,0,56.1003,0
48.3123,1.85477,0,0,4.33986,0.21484,0.36288,3.6288,52.2346,0.42961,0,0,0.700924,0.225672,0,0.66528,12.849,1,0.513566,0.36288,0,49.3907,4.78317,44.4569,0.84672,12.849,0.84672,3695.15,0,36.966,0.304298,2.32514,1.75348,6.51812,1.29288,8.99956,0.42336,36.966,0.42336,423.524,0,1.02816,0,0,3.3533,2.32514,1.028160,1,0,53.4564,0,0,0,53.4564,0
53.2432,1.82644,0,0,7.34085,0.220633,0.36288,3.6288,52.6608,0.463118,0,0,1.1021,0.212764,0,0.66528,12.849,1,0.485755,0.36288,0,51.6713,4.80826,46.7402,0.84672,12.849,0.84672,3695.15,0,36.966,0.327745,2.47291,1.8052,7.61749,1.4536,10.1142,0.42336,36.966,0.42336,423.524,0,1.02816,0,0,3.50107,2.47291,1.028160,1,0,56.8545,0,0,0,56.8545,0
54.8574,1.86309,0,0,4.07265,0.232375,0.36288,3.6288,52.8416,0.464851,0,0,0.859192,0.213494,0,0.66528,12.849,1,0.449615,0.36288,0,82.722,4.80826,77.827,0.84672,12.849,0.84672,3695.15,0,36.966,0.326309,1.97117,1.83868,6.58941,1.4536,8.61935,0.42336,36.966,0.42336,423.524,0,1.02816,0,0,2.99933,1.97117,1.028160,1,0,86.4463,0,0,0,86.4463,0
55.9423,1.87423,0,0,3.55819,0.236211,0.36288,3.6288,53.1579,0.465684,0,0,0.995743,0.213803,0,0.66528,12.849,1,0.438992,0.36288,0,100.175,4.80826,95.2904,0.84672,12.849,0.84672,3695.15,0,36.966,0.325775,2.19882,1.83901,6.45894,1.4536,8.71739,0.42336,36.966,0.42336,423.524,0,1.02816,0,0,3.22698,2.19882,1.028160,1,0,104.008,0,0,0,104.008,0
56.2065,2.08908,0,0,2.95496,0.238788,0.36288,3.6288,53.2144,0.572245,0,0,0.843078,0.214345,0,0.66528,12.849,1,0.479827,0.36288,0,77.3099,4.80826,72.3846,0.84672,12.849,0.84672,3695.15,0,36.966,0.397939,1.87342,1.83934,7.55067,1.4536,9.41188,0.42336,36.966,0.42336,423.524,0,1.02816,0,0,2.90158,1.87342,1.028160,1,0,81.7965,0,0,0,81.7965,0
62.288,2.09138,0,0,8.79673,0.261023,0.36288,3.6288,53.5967,0.572691,0,0,1.16873,0.213671,0,0.66528,12.849,1,0.478096,0.36288,0,205.222,4.60999,200.496,0.84672,12.849,0.84672,3695.15,0,36.966,0.397827,3.72731,2.02533,15.511,1.23972,19.6261,0.42336,36.966,0.42336,423.524,0,1.02816,0,0,4.75547,3.72731,1.028160,1,0,220.123,0,0,0,220.123,0
68.2143,2.13054,0,0,8.6997,0.279946,0.36288,3.6288,54.0237,0.574568,0,0,1.21573,0.214195,0,0.66528,12.849,1,0.439496,0.36288,0,156.024,4.57695,151.37,0.84672,12.849,0.84672,3695.15,0,36.966,0.396283,3.43098,2.0257,11.8701,1.20407,15.7264,0.42336,36.966,0.42336,423.524,0,1.02816,0,0,4.45914,3.43098,1.028160,1,0,167.097,0,0,0,167.097,0
72.29,2.16315,0,0,7.86119,0.293568,1.32878,3.6288,54.4367,0.576626,0,0,1.20448,0.214869,0,0.66528,12.849,1,0.407455,1.32878,0,167.568,4.57695,163.912,0.84672,12.849,0.84672,3695.15,0,36.966,0.394559,3.19903,2.02606,11.968,1.20407,15.5945,0.42336,36.966,0.42336,423.524,0,1.02816,0,0,4.22719,3.19903,1.028160,1,0,179.506,0,0,0,179.506,0
72.29,1.87386,0,0,8.9195,0.291914,6.75373,3.6288,54.9485,0.435885,0,0,1.16801,0.220356,0,0.66528,12.849,1,0.333064,6.75373,0,147.733,4.39119,149.762,0.84672,12.849,0.84672,3695.15,0,36.966,0.295994,3.16744,2.02642,10.6508,1.10263,14.446,0.42336,36.966,0.42336,423.524,0,1.02816,0,0,4.1956,3.16744,1.028160,1,0,164.208,0,0,0,164.208,0
72.29,1.87428,0,0,6.02237,0.356213,3.79187,3.6288,56.1437,0.437704,0,0,1.79255,0.159586,0,0.66528,12.849,1,0.333139,3.79187,0,147.042,3.16503,147.336,0.84672,12.849,0.84672,3695.15,0,36.966,0.294461,4.73526,1.77338,15.6499,0.761727,21.1023,0.42336,36.966,0.42336,423.524,0,1.02816,0,0,5.76342,4.73526,1.028160,1,0,168.438,0,0,0,168.438,0
72.29,1.8747,0,0,5.16241,0.371522,2.91619,3.6288,57.2728,0.441657,0,0,1.71915,0.148445,0,0.66528,12.849,1,0.333213,2.91619,0,129.778,3.03807,129.323,0.84672,12.849,0.84672,3695.15,0,36.966,0.290795,5.42899,1.7737,15.5696,0.747179,21.7343,0.42336,36.966,0.42336,423.524,0,1.02816,0,0,6.45715,5.42899,1.028160,1,0,151.057,0,0,0,151.057,0
72.29,1.87512,0,0,7.16369,0.371522,4.91705,3.6288,58.671,0.445315,0,0,1.99306,0.14954,0,0.66528,12.849,1,0.333288,4.91705,0,164.677,3.03807,166.222,0.84672,12.849,0.84672,3695.15,0,36.966,0.287423,6.18261,1.77401,21.22,0.747179,28.142,0.42336,36.966,0.42336,423.524,0,1.02816,0,0,7.21077,6.18261,1.028160,1,0,194.364,0,0,0,194.364,0
72.29,1.87554,0,0,6.19527,0.370363,3.94937,3.6288,59.8548,0.449693,0,0,1.77564,0.142087,0,0.66528,12.849,1,0.333362,3.94937,0,160.197,2.94391,160.869,0.84672,12.849,0.84672,3695.15,0,36.966,0.283332,5.818,1.77432,18.2594,0.739238,24.8292,0.42336,36.966,0.42336,423.524,0,1.02816,0,0,6.84616,5.818,1.028160,1,0,185.698,0,0,0,185.698,0
72.29,1.95388,0,0,10.1137,0.353946,7.8059,3.6288,61.308,0.489612,0,0,2.61301,0.161666,0.508565,0.66528,12.849,1,0.347287,7.8059,0,294.294,3.42081,298.332,0.84672,12.849,0.84672,3695.15,0,36.966,0.302382,8.51196,1.77464,29.0679,0.770903,38.2812,0.42336,36.966,0.42336,423.524,0,1.02816,0,0,9.54012,8.51196,1.028160,1,0,337.122,0,0,0,337.122,0
72.29,1.95432,0,0,7.51861,0.328578,5.23572,3.6288,61.308,0.49427,0,0,1.73051,0.152817,1.08342,0.66528,12.849,1,0.347365,5.23572,0,232.78,3.13635,234.532,0.84672,12.849,0.84672,3695.15,0,36.966,0.298023,8.14432,1.83749,16.5745,0.590027,25.6682,0.42336,36.966,0.42336,423.524,0,1.02816,0,0,9.17248,8.14432,1.028160,1,0,261.283,0,0,0,261.283,0
72.29,1.95475,0,0,6.21302,0.328578,3.9297,3.6288,61.308,0.494456,0,0,1.68948,0.152817,1.04221,0.66528,12.849,1,0.347442,3.9297,0,190.36,3.13635,190.806,0.84672,12.849,0.84672,3695.15,0,36.966,0.298135,7.31108,1.83782,14.8565,0.590027,23.1172,0.42336,36.966,0.42336,423.524,0,1.02816,0,0,8.33924,7.31108,1.028160,1,0,214.965,0,0,0,214.965,0
72.29,1.95518,0,0,5.72296,0.330073,3.43771,3.6288,61.308,0.494642,0,0,1.88226,0.154156,1.23346,0.66528,12.849,1,0.347519,3.43771,0,186.633,3.08387,186.64,0.84672,12.849,0.84672,3695.15,0,36.966,0.298247,7.21984,1.83814,18.6946,0.583111,26.8713,0.42336,36.966,0.42336,423.524,0,1.02816,0,0,8.248,7.21984,1.028160,1,0,214.745,0,0,0,214.745,0
72.29,1.92513,0,0,5.81736,0.26941,3.62282,3.6288,61.308,0.480599,0,0,1.5811,0.189727,0.910777,0.66528,12.849,1,0.342177,3.62282,0,156.177,3.22023,156.237,0.84672,12.849,0.84672,3695.15,0,36.966,0.28978,7.33337,1.83847,14.706,0.638538,22.9495,0.42336,36.966,0.42336,423.524,0,1.02816,0,0,8.36153,7.33337,1.028160,1,0,180.097,0,0,0,180.097,0
72.29,1.92556,0,0,5.54183,0.224949,3.39132,3.6288,61.308,0.480782,0,0,1.16971,0.183778,0.505153,0.66528,12.849,1,0.342253,3.39132,0,123.451,3.52675,122.973,0.84672,12.849,0.84672,3695.15,0,36.966,0.28989,5.25649,1.81444,12.9134,0.888088,18.8064,0.42336,36.966,0.42336,423.524,0,1.02816,0,0,6.28465,5.25649,1.028160,1,0,142.285,0,0,0,142.285,0
72.29,1.92599,0,0,5.00878,0.241962,2.84083,3.6288,61.308,0.480966,0,0,1.03765,0.192024,0.364661,0.66528,12.849,1,0.342329,2.84083,0,111.481,3.87874,110.101,0.84672,12.849,0.84672,3695.15,0,36.966,0.290001,4.90941,1.81477,12.1361,0.882048,17.6882,0.42336,36.966,0.42336,423.524,0,1.02816,0,0,5.93757,4.90941,1.028160,1,0,128.154,0,0,0,128.154,0
72.29,1.92641,0,0,4.50787,0.194887,2.38657,3.6288,61.308,0.48115,0,0,0.871024,0.207625,0.18225,0.66528,12.849,1,0.342406,2.38657,0,99.8974,4.01772,97.9238,0.84672,12.849,0.84672,3695.15,0,36.966,0.290112,5.10228,1.81509,10.8903,0.891752,16.6258,0.42336,36.966,0.42336,423.524,0,1.02816,0,0,6.13044,5.10228,1.028160,1,0,114.732,0,0,0,114.732,0
72.29,2.03043,0,0,4.25785,0.194887,2.03254,3.6288,61.308,0.531835,0,0,0.873068,0.207625,0.133607,0.66528,12.849,1,0.360893,2.03254,0,92.8696,4.01772,90.5236,0.84672,12.849,0.84672,3695.15,0,36.966,0.320673,4.83889,1.81541,10.2934,0.891752,15.7353,0.42336,36.966,0.42336,423.524,0,1.02816,0,0,5.86705,4.83889,1.028160,1,0,106.392,0,0,0,106.392,0
72.29,2.03088,0,0,3.89801,0.144667,1.72247,3.6288,61.2966,0.532029,0,0,0.699974,0.179372,0,0.66528,12.849,1,0.360973,1.72247,0,83.6724,3.99882,81.035,0.84672,12.849,0.84672,3695.15,0,36.966,0.32079,3.28165,1.90114,8.71474,0.910558,12.6662,0.42336,36.966,0.42336,423.524,0,1.02816,0,0,4.30981,3.28165,1.028160,1,0,93.7012,0,0,0,93.7012,0
72.29,2.03133,0,0,3.87723,0.124579,1.72133,3.6288,61.2973,0.532185,0,0,0.700929,0.168059,0,0.66528,12.849,1,0.361053,1.72133,0,75.4384,3.99126,72.8074,0.84672,12.849,0.84672,3695.15,0,36.966,0.320944,3.60349,1.90148,9.36161,0.91808,13.6276,0.42336,36.966,0.42336,423.524,0,1.02816,0,0,4.63165,3.60349,1.028160,1,0,86.435,0,0,0,86.435,0
72.29,2.03178,0,0,3.72147,0.124579,1.56512,3.6288,61.2045,0.532381,0,0,0.607681,0.168059,0,0.66528,12.849,1,0.361133,1.56512,0,67.7635,3.99126,64.9762,0.84672,12.849,0.84672,3695.15,0,36.966,0.321059,3.11836,1.90182,8.87267,0.91808,12.6537,0.42336,36.966,0.42336,423.524,0,1.02816,0,0,4.14652,3.11836,1.028160,1,0,77.63,0,0,0,77.63,0
72.29,2.03223,0,0,3.47716,0.124579,1.32035,3.6288,61.0847,0.532272,0,0,0.580444,0.167961,0,0.66528,12.849,1,0.361213,1.32035,0,62.0978,3.99126,59.0657,0.84672,12.849,0.84672,3695.15,0,36.966,0.321479,2.58523,1.90216,8.05274,0.91808,11.3006,0.42336,36.966,0.42336,423.524,0,1.02816,0,0,3.61339,2.58523,1.028160,1,0,70.3663,0,0,0,70.3663,0
72.29,2.01217,0,0,3.21285,0.0952447,1.10544,3.6288,60.8002,0.559818,0,0,0.512257,0.236985,0,0.66528,12.849,1,0.357648,1.10544,0,54.8856,4.8507,50.7827,0.84672,12.849,0.84672,3695.15,0,36.966,0.338779,1.71469,1.90249,6.01011,1.13639,8.15213,0.42336,36.966,0.42336,423.524,0,1.02816,0,0,2.74285,1.71469,1.028160,1,0,58.9348,0,0,0,58.9348,0
72.29,2.01262,0,0,2.85527,0.0925504,0.7501,3.6288,60.3976,0.559031,0,0,0.432959,0.276468,0,0.66528,12.849,1,0.357728,0.7501,0,47.8997,5.06487,43.2272,0.84672,12.849,0.84672,3695.15,0,36.966,0.339886,1.01232,1.93272,4.28973,1.23146,5.66342,0.42336,36.966,0.42336,423.524,0,1.02816,0,0,2.04048,1.01232,1.028160,1,0,48.8907,0,0,0,48.8907,0
72.29,2.01307,0,0,2.7014,0.0756224,0.612712,3.6288,59.957,0.557824,0,0,0.416388,0.299205,0,0.66528,12.849,1,0.357807,0.612712,0,45.1571,5.09019,40.3218,0.84672,12.849,0.84672,3695.15,0,36.966,0.341413,0.945207,1.93306,4.26695,1.30957,5.49423,0.42336,36.966,0.42336,423.524,0,1.02816,0,0,1.97337,0.945207,1.028160,1,0,45.8161,0,0,0,45.8161,0
72.29,2.01351,0,0,2.55278,0.0756224,0.463649,3.6288,59.4735,0.55647,0,0,0.371334,0.298367,0,0.66528,12.849,1,0.357886,0.463649,0,40.9495,5.09019,35.9651,0.84672,12.849,0.84672,3695.15,0,36.966,0.343087,0.873513,1.93341,4.12647,1.30957,5.28073,0.42336,36.966,0.42336,423.524,0,1.02816,0,0,1.90167,0.873513,1.028160,1,0,41.2458,0,0,0,41.2458,0
72.1625,2.06695,0,0,2.37791,0.0756224,0.36288,3.6288,58.9379,0.579444,0,0,0.34128,0.297447,0,0.66528,12.849,1,0.367385,0.36288,0,39.1387,5.09019,34.044,0.84672,12.849,0.84672,3695.15,0,36.966,0.360156,0.77125,1.93375,3.85262,1.30957,4.88789,0.42336,36.966,0.42336,423.524,0,1.02816,0,0,1.79941,0.77125,1.028160,1,0,38.9319,0,0,0,38.9319,0
71.9687,2.06686,0,0,2.31504,0.0790924,0.36288,3.6288,58.3358,0.577633,0,0,0.288505,0.312915,0,0.66528,12.849,1,0.368018,0.36288,0,32.9399,5.60291,27.3319,0.84672,12.849,0.84672,3695.15,0,36.966,0.362293,0.717561,1.97649,3.3316,1.47607,4.18728,0.42336,36.966,0.42336,423.524,0,1.02816,0,0,1.74572,0.717561,1.028160,1,0,31.5192,0,0,0,31.5192,0
71.5073,2.06647,0,0,2.04692,0.078976,0.36288,3.6288,57.7202,0.575545,0,0,0.271595,0.311705,0,0.66528,12.849,1,0.36894,0.36288,0,31.1163,5.60291,25.5073,0.84672,12.849,0.84672,3695.15,0,36.966,0.364709,0.536717,1.97684,3.12546,1.47607,3.79823,0.42336,36.966,0.42336,423.524,0,1.02816,0,0,1.56488,0.536717,1.028160,1,0,29.3055,0,0,0,29.3055,0
70.8602,2.06491,0,0,1.8497,0.0689543,0.36288,3.6288,57.1002,0.573374,0,0,0.268911,0.315532,0,0.66528,12.849,1,0.37104,0.36288,0,29.4964,5.75246,23.7357,0.84672,12.849,0.84672,3695.15,0,36.966,0.367208,0.489992,1.97719,3.11853,1.50595,3.71255,0.42336,36.966,0.42336,423.524,0,1.02816,0,0,1.51815,0.489992,1.028160,1,0,27.4483,0,0,0,27.4483,0
69.7306,2.21734,0,0,1.519,0.0684255,0.36288,3.6288,56.3974,0.658256,0,0,0.263118,0.307634,0,0.66528,12.849,1,0.402068,0.36288,0,27.7486,5.78262,21.9268,0.84672,12.849,0.84672,3695.15,0,36.966,0.426147,0.468668,1.97755,2.98398,1.40238,3.60167,0.42336,36.966,0.42336,423.524,0,1.02816,0,0,1.49683,0.468668,1.028160,1,0,25.5284,0,0,0,25.5284,0
68.7838,2.21233,0,0,1.70326,0.0748368,0.36288,3.6288,55.6692,0.655263,0,0,0.236077,0.309008,0,0.66528,12.849,1,0.407658,0.36288,0,28.2276,5.87911,22.3037,0.84672,12.849,0.84672,3695.15,0,36.966,0.429496,0.413536,2.12304,2.9182,1.46146,3.56383,0.42336,36.966,0.42336,423.524,0,1.02816,0,0,1.4417,0.413536,1.028160,1,0,25.8675,0,0,0,25.8675,0
68.3414,2.20808,0,0,2.20518,0.0765445,0.36288,3.6288,54.9862,0.652101,0,0,0.281102,0.311996,0,0.66528,12.849,1,0.412476,0.36288,0,35.3383,5.99445,29.2942,0.84672,12.849,0.84672,3695.15,0,36.966,0.433014,0.697741,2.12343,3.13842,1.52805,3.99852,0.42336,36.966,0.42336,423.524,0,1.02816,0,0,1.7259,0.697741,1.028160,1,0,33.2928,0,0,0,33.2928,0
67.4444,2.20632,0,0,1.74848,0.0762805,0.36288,3.6288,54.2375,0.649098,0,0,0.210992,0.310599,0,0.66528,12.849,1,0.414814,0.36288,0,38.8028,5.99445,32.7565,0.84672,12.849,0.84672,3695.15,0,36.966,0.436374,0.268082,2.12381,2.51993,1.52805,2.94739,0.42336,36.966,0.42336,423.524,0,1.02816,0,0,1.29624,0.268082,1.028160,1,0,35.7039,0,0,0,35.7039,0
66.9288,2.20217,0,0,2.1252,0.0757453,0.36288,3.6288,53.6219,0.645727,0,0,0.339215,0.309067,0,0.66528,12.849,1,0.41954,0.36288,0,33.8242,5.99445,27.7731,0.84672,12.849,0.84672,3695.15,0,36.966,0.4401,1.12095,2.12419,3.63088,1.52805,4.90787,0.42336,36.966,0.42336,423.524,0,1.02816,0,0,2.14911,1.12095,1.028160,1,0,32.681,0,0,0,32.681,0
66.2869,2.12508,0,0,1.90656,0.0605904,0.36288,3.6288,52.9707,0.591342,0,0,0.254858,0.314741,0,0.66528,12.849,1,0.407972,0.36288,0,35.8669,5.96526,29.8565,0.84672,12.849,0.84672,3695.15,0,36.966,0.407661,0.918415,2.12458,3.66821,1.41004,4.8935,0.42336,36.966,0.42336,423.524,0,1.02816,0,0,1.94657,0.918415,1.028160,1,0,34.75,0,0,0,34.75,0
66.1155,2.12223,0,0,2.36371,0.0500034,0.36288,3.6288,52.3054,0.58859,0,0,0.274921,0.351648,0,0.66528,12.849,1,0.411372,0.36288,0,44.4599,6.55014,37.8613,0.84672,12.849,0.84672,3695.15,0,36.966,0.410752,1.72784,2.04088,3.87521,1.45673,5.77644,0.42336,36.966,0.42336,423.524,0,1.02816,0,0,2.756,1.72784,1.028160,1,0,43.6377,0,0,0,43.6377,0
65.9536,2.12181,0,0,2.47225,0.149384,0.36288,3.6288,51.7781,0.585728,0,0,0.350837,0.292439,0,0.66528,12.849,1,0.412356,0.36288,0,41.3516,5.02509,36.2771,0.84672,12.849,0.84672,3695.15,0,36.966,0.413954,2.28831,2.04125,4.66551,1.08912,7.492,0.42336,36.966,0.42336,423.524,0,1.02816,0,0,3.31647,2.28831,1.028160,1,0,43.7691,0,0,0,43.7691,0
65.7896,2.12143,0,0,2.47829,0.157996,0.36288,3.6288,51.293,0.583466,0,0,0.392476,0.294027,0,0.66528,12.849,1,0.413294,0.36288,0,47.1574,5.07391,42.0331,0.84672,12.849,0.84672,3695.15,0,36.966,0.416555,2.34753,2.04161,5.10796,1.11707,7.96347,0.42336,36.966,0.42336,423.524,0,1.02816,0,0,3.37569,2.34753,1.028160,1,0,49.9965,0,0,0,49.9965,0
65.8704,2.05971,0,0,2.6612,0.15779,0.36288,3.6288,50.8777,0.535219,0,0,0.412741,0.292875,0,0.66528,12.849,1,0.40227,0.36288,0,69.2753,5.07391,64.162,0.84672,12.849,0.84672,3695.15,0,36.966,0.385723,2.59375,2.04198,5.59491,1.11707,8.72785,0.42336,36.966,0.42336,423.524,0,1.02816,0,0,3.62191,2.59375,1.028160,1,0,72.8899,0,0,0,72.8899,0
67.9798,2.06057,0,0,4.76226,0.229428,0.36288,3.6288,51.1393,0.533583,0,0,0.994239,0.199028,0,0.66528,12.849,1,0.401946,0.36288,0,83.6965,4.08563,79.5719,0.84672,12.849,0.84672,3695.15,0,36.966,0.387683,4.73213,1.96725,10.8818,0.962647,16.2309,0.42336,36.966,0.42336,423.524,0,1.02816,0,0,5.76029,4.73213,1.028160,1,0,95.8027,0,0,0,95.8027,0
68.5793,2.07152,0,0,3.27929,0.245412,0.36288,3.6288,50.8935,0.534922,0,0,0.473083,0.183942,0,0.66528,12.849,1,0.391543,0.36288,0,50.9672,3.92091,47.0176,0.84672,12.849,0.84672,3695.15,0,36.966,0.386668,1.43157,1.9676,6.09916,0.936909,8.17475,0.42336,36.966,0.42336,423.524,0,1.02816,0,0,2.45973,1.43157,1.028160,1,0,55.1924,0,0,0,55.1924,0
71.8499,2.07486,0,0,5.96046,0.252058,0.36288,3.6288,50.9165,0.534028,0,0,0.746591,0.189569,0,0.66528,12.849,1,0.388746,0.36288,0,93.6452,4.05866,89.5606,0.84672,12.849,0.84672,3695.15,0,36.966,0.387886,2.08565,1.96796,10.3841,0.975754,13.0741,0.42336,36.966,0.42336,423.524,0,1.02816,0,0,3.11381,2.08565,1.028160,1,0,102.635,0,0,0,102.635,0
72.29,1.91359,0,0,5.29087,0.292291,2.64493,3.6288,51.2326,0.438411,0,0,0.980014,0.225575,0,0.66528,12.849,1,0.342209,2.64493,0,84.6213,4.88513,82.0389,0.84672,12.849,0.84672,3695.15,0,36.966,0.318291,4.19278,1.96831,11.8388,1.20883,16.4728,0.42336,36.966,0.42336,423.524,0,1.02816,0,0,5.22094,4.19278,1.028160,1,0,98.5116,0,0,0,98.5116,0
72.29,1.91579,0,0,6.54133,0.301385,4.32416,3.6288,51.2186,0.439721,0,0,0.645378,0.21957,0,0.66528,12.849,1,0.340516,4.32416,0,93.496,4.58771,92.892,0.84672,12.849,0.84672,3695.15,0,36.966,0.317273,2.64964,1.80172,8.09453,1.13329,11.0953,0.42336,36.966,0.42336,423.524,0,1.02816,0,0,3.6778,2.64964,1.028160,1,0,103.987,0,0,0,103.987,0
72.29,1.91621,0,0,6.30311,0.30747,4.07943,3.6288,51.1462,0.43984,0,0,0.581995,0.214607,0,0.66528,12.849,1,0.340592,4.07943,0,76.0028,4.36464,75.377,0.84672,12.849,0.84672,3695.15,0,36.966,0.317446,2.71461,1.80204,10.6999,1.07664,13.8225,0.42336,36.966,0.42336,423.524,0,1.02816,0,0,3.74277,2.71461,1.028160,1,0,89.1995,0,0,0,89.1995,0
72.29,1.91664,0,0,8.73253,0.30747,6.50842,3.6288,51.1878,0.439749,0,0,0.695835,0.214481,0,0.66528,12.849,1,0.340668,6.50842,0,182.366,4.36464,184.169,0.84672,12.849,0.84672,3695.15,0,36.966,0.317829,3.82596,1.80236,10.4423,1.07664,14.6761,0.42336,36.966,0.42336,423.524,0,1.02816,0,0,4.85412,3.82596,1.028160,1,0,198.845,0,0,0,198.845,0
72.29,1.91707,0,0,9.03044,0.30747,6.8059,3.6288,51.4455,0.440068,0,0,0.912354,0.214553,0,0.66528,12.849,1,0.340744,6.8059,0,118.205,4.36464,120.305,0.84672,12.849,0.84672,3695.15,0,36.966,0.317801,3.33443,1.80268,12.7492,1.07664,16.4918,0.42336,36.966,0.42336,423.524,0,1.02816,0,0,4.36259,3.33443,1.028160,1,0,136.797,0,0,0,136.797,0
72.29,1.91707,0,0,8.32404,0.31238,6.09459,3.6288,51.5528,0.440994,0,0,0.7661,0.21787,0,0.66528,12.849,1,0.340744,6.09459,0,132.132,4.31943,133.566,0.84672,12.849,0.84672,3695.15,0,36.966,0.316875,2.97761,1.803,11.0769,1.09595,14.4447,0.42336,36.966,0.42336,423.524,0,1.02816,0,0,4.00577,2.97761,1.028160,1,0,148.011,0,0,0,148.011,0
72.29,1.9856,0,0,6.63571,0.242505,4.4076,3.6288,51.7339,0.469489,0,0,0.917158,0.266501,0,0.66528,12.849,1,0.352926,4.4076,0,120.089,5.35941,118.784,0.84672,12.849,0.84672,3695.15,0,36.966,0.336648,3.27337,1.803,13.2122,1.47817,16.4738,0.42336,36.966,0.42336,423.524,0,1.02816,0,0,4.30153,3.27337,1.028160,1,0,135.258,0,0,0,135.258,0
72.29,1.98603,0,0,6.3827,0.242505,4.15416,3.6288,51.8148,0.470346,0,0,0.81813,0.266891,0,0.66528,12.849,1,0.353001,4.15416,0,122.299,5.35941,120.741,0.84672,12.849,0.84672,3695.15,0,36.966,0.336081,3.16645,1.85542,12.3219,1.47817,15.5296,0.42336,36.966,0.42336,423.524,0,1.02816,0,0,4.19461,3.16645,1.028160,1,0,136.271,0,0,0,136.271,0
72.29,1.98645,0,0,4.9099,0.256731,2.66671,3.6288,51.7153,0.470821,0,0,0.63383,0.262568,0,0.66528,12.849,1,0.353077,2.66671,0,105.109,5.14614,102.277,0.84672,12.849,0.84672,3695.15,0,36.966,0.335896,2.10357,1.85574,7.99822,1.41767,10.204,0.42336,36.966,0.42336,423.524,0,1.02816,0,0,3.13173,2.10357,1.028160,1,0,112.481,0,0,0,112.481,0
72.29,1.98688,0,0,4.52884,0.342084,2.19988,3.6288,51.5622,0.470613,0,0,0.552986,0.235394,0,0.66528,12.849,1,0.353152,2.19988,0,89.8232,3.86652,87.8034,0.84672,12.849,0.84672,3695.15,0,36.966,0.336394,2.02452,1.85605,6.79301,1.05466,9.28253,0.42336,36.966,0.42336,423.524,0,1.02816,0,0,3.05268,2.02452,1.028160,1,0,97.0859,0,0,0,97.0859,0
72.29,2.20618,0,0,3.42757,0.31409,0.907295,3.6288,51.2165,0.575188,0,0,0.467484,0.23802,0,0.66528,12.849,1,0.392132,0.907295,0,69.4748,3.60695,66.383,0.84672,12.849,0.84672,3695.15,0,36.966,0.412364,0.946033,1.85637,5.77588,1.01296,7.15297,0.42336,36.966,0.42336,423.524,0,1.02816,0,0,1.97419,0.946033,1.028160,1,0,73.5359,0,0,0,73.5359,0
72.29,2.20665,0,0,3.89153,0.302892,1.38199,3.6288,51.1005,0.57376,0,0,0.696264,0.238518,0,0.66528,12.849,1,0.392215,1.38199,0,81.5806,3.50311,79.0673,0.84672,12.849,0.84672,3695.15,0,36.966,0.414117,1.57969,2.04426,6.94518,0.996276,9.15874,0.42336,36.966,0.42336,423.524,0,1.02816,0,0,2.60785,1.57969,1.028160,1,0,88.226,0,0,0,88.226,0
72.29,2.20711,0,0,3.93444,0.302892,1.42443,3.6288,50.9357,0.573403,0,0,0.64686,0.238293,0,0.66528,12.849,1,0.392298,1.42443,0,79.6055,3.50311,77.1345,0.84672,12.849,0.84672,3695.15,0,36.966,0.414798,1.87688,2.04462,4.86727,0.996276,7.37769,0.42336,36.966,0.42336,423.524,0,1.02816,0,0,2.90504,1.87688,1.028160,1,0,84.5122,0,0,0,84.5122,0
72.1268,2.20758,0,0,2.71011,0.302892,0.36288,3.6288,50.5343,0.572813,0,0,0.409408,0.237974,0,0.66528,12.849,1,0.392381,0.36288,0,54.8247,3.50311,51.2921,0.84672,12.849,0.84672,3695.15,0,36.966,0.415713,1.03455,2.04497,4.62427,0.996276,6.29179,0.42336,36.966,0.42336,423.524,0,1.02816,0,0,2.06271,1.03455,1.028160,1,0,57.5839,0,0,0,57.5839,0
72.29,1.89497,0,0,3.44742,0.341999,1.04721,3.6288,50.3935,0.43128,0,0,0.463762,0.173269,0,0.66528,12.849,1,0.337579,1.04721,0,65.1306,2.69492,63.1453,0.84672,12.849,0.84672,3695.15,0,36.966,0.315483,0.955351,2.04532,5.94168,0.723623,7.90325,0.42336,36.966,0.42336,423.524,0,1.02816,0,0,1.98351,0.955351,1.028160,1,0,71.0485,0,0,0,71.0485,0
72.29,1.89602,0,0,5.09322,0.358235,2.83896,3.6288,50.4159,0.430932,0,0,0.600834,0.147528,0,0.66528,12.849,1,0.337004,2.83896,0,103.385,2.37164,103.516,0.84672,12.849,0.84672,3695.15,0,36.966,0.316109,1.33709,1.78968,8.42564,0.614562,10.6217,0.42336,36.966,0.42336,423.524,0,1.02816,0,0,2.36525,1.33709,1.028160,1,0,114.137,0,0,0,114.137,0
72.29,1.89643,0,0,5.10897,0.355152,2.85739,3.6288,50.356,0.431174,0,0,0.534332,0.162996,0,0.66528,12.849,1,0.337076,2.85739,0,81.1547,2.74187,80.9331,0.84672,12.849,0.84672,3695.15,0,36.966,0.316146,1.39114,1.78999,7.40128,0.71548,9.55079,0.42336,36.966,0.42336,423.524,0,1.02816,0,0,2.4193,1.39114,1.028160,1,0,90.4839,0,0,0,90.4839,0
72.29,1.89684,0,0,5.49765,0.347444,3.25337,3.6288,50.4115,0.431118,0,0,0.68812,0.201499,0,0.66528,12.849,1,0.337149,3.25337,0,84.3886,3.66744,83.6374,0.84672,12.849,0.84672,3695.15,0,36.966,0.316481,1.662,1.7903,8.77634,0.967774,10.9444,0.42336,36.966,0.42336,423.524,0,1.02816,0,0,2.69016,1.662,1.028160,1,0,94.5818,0,0,0,94.5818,0
72.29,1.89725,0,0,4.45021,0.342414,2.21055,3.6288,50.4014,0.43148,0,0,0.600143,0.17876,0,0.66528,12.849,1,0.337221,2.21055,0,83.8261,3.28956,82.4099,0.84672,12.849,0.84672,3695.15,0,36.966,0.316398,1.58763,1.7906,8.67352,0.878834,10.8565,0.42336,36.966,0.42336,423.524,0,1.02816,0,0,2.61579,1.58763,1.028160,1,0,93.2664,0,0,0,93.2664,0
72.29,1.97637,0,0,5.61224,0.327286,3.30858,3.6288,50.4351,0.465802,0,0,0.603625,0.104189,0,0.66528,12.849,1,0.351285,3.30858,0,88.6585,2.31756,89.2982,0.84672,12.849,0.84672,3695.15,0,36.966,0.341634,1.71452,1.79091,9.18406,0.582746,11.7651,0.42336,36.966,0.42336,423.524,0,1.02816,0,0,2.74268,1.71452,1.028160,1,0,101.063,0,0,0,101.063,0
72.29,1.97679,0,0,5.21352,0.327286,2.90944,3.6288,50.9715,0.466101,0,0,1.10674,0.104218,0,0.66528,12.849,1,0.35136,2.90944,0,96.1105,2.31756,96.351,0.84672,12.849,0.84672,3695.15,0,36.966,0.341625,3.11717,1.85438,12.0055,0.582746,16.0526,0.42336,36.966,0.42336,423.524,0,1.02816,0,0,4.14533,3.11717,1.028160,1,0,112.404,0,0,0,112.404,0
72.29,1.97722,0,0,4.29252,0.327286,1.98801,3.6288,51.4404,0.468353,0,0,1.04194,0.104675,0,0.66528,12.849,1,0.351435,1.98801,0,118.142,2.31756,117.462,0.84672,12.849,0.84672,3695.15,0,36.966,0.339663,3.62172,1.8547,11.0943,0.582746,15.6483,0.42336,36.966,0.42336,423.524,0,1.02816,0,0,4.64988,3.62172,1.028160,1,0,133.11,0,0,0,133.11,0
72.29,1.97764,0,0,3.2041,0.315722,0.910738,3.6288,51.5943,0.470324,0,0,0.699767,0.0755389,0,0.66528,12.849,1,0.351511,0.910738,0,87.7211,1.45423,86.8261,0.84672,12.849,0.84672,3695.15,0,36.966,0.337983,2.48737,1.85502,7.84763,0.46197,11.3901,0.42336,36.966,0.42336,423.524,0,1.02816,0,0,3.51553,2.48737,1.028160,1,0,98.2161,0,0,0,98.2161,0
72.29,1.94726,0,0,2.79449,0.266266,0.580958,3.6288,51.4542,0.457657,0,0,0.489011,0.171475,0,0.66528,12.849,1,0.346111,0.580958,0,54.7368,3.88773,51.0839,0.84672,12.849,0.84672,3695.15,0,36.966,0.3279,1.04667,1.85534,5.37451,0.939408,7.00921,0.42336,36.966,0.42336,423.524,0,1.02816,0,0,2.07483,1.04667,1.028160,1,0,58.0931,0,0,0,58.0931,0
72.2356,1.94768,0,0,2.52243,0.266266,0.36288,3.6288,51.3162,0.457304,0,0,0.490549,0.171281,0,0.66528,12.849,1,0.346185,0.36288,0,50.2311,3.88773,46.36,0.84672,12.849,0.84672,3695.15,0,36.966,0.328539,1.13295,1.83106,6.8413,0.939408,8.53736,0.42336,36.966,0.42336,423.524,0,1.02816,0,0,2.16111,1.13295,1.028160,1,0,54.8974,0,0,0,54.8974,0
72.29,1.94788,0,0,3.8986,0.266157,1.63017,3.6288,51.2873,0.456957,0,0,0.599171,0.171089,0,0.66528,12.849,1,0.346481,1.63017,0,63.1598,3.88773,60.5557,0.84672,12.849,0.84672,3695.15,0,36.966,0.329172,1.4722,1.83137,6.17123,0.939408,8.20622,0.42336,36.966,0.42336,423.524,0,1.02816,0,0,2.50036,1.4722,1.028160,1,0,68.762,0,0,0,68.762,0
72.29,1.94851,0,0,2.60993,0.2206,0.440814,3.6288,51.1761,0.457015,0,0,0.526902,0.181047,0,0.66528,12.849,1,0.346334,0.440814,0,54.1835,4.21281,50.0652,0.84672,12.849,0.84672,3695.15,0,36.966,0.3294,1.18801,1.83168,5.49012,0.87923,7.30118,0.42336,36.966,0.42336,423.524,0,1.02816,0,0,2.21617,1.18801,1.028160,1,0,57.3664,0,0,0,57.3664,0
71.9763,2.05356,0,0,2.31904,0.216315,0.36288,3.6288,50.8923,0.504243,0,0,0.419325,0.198901,0,0.66528,12.849,1,0.365005,0.36288,0,42.3939,4.44327,37.9485,0.84672,12.849,0.84672,3695.15,0,36.966,0.36423,0.645728,1.832,4.44855,1.00579,5.55626,0.42336,36.966,0.42336,423.524,0,1.02816,0,0,1.67389,0.645728,1.028160,1,0,43.5048,0,0,0,43.5048,0
71.5334,2.05265,0,0,2.13734,0.164731,0.36288,3.6288,50.5609,0.503242,0,0,0.388433,0.21662,0,0.66528,12.849,1,0.366433,0.36288,0,36.0299,4.77446,31.2519,0.84672,12.849,0.84672,3695.15,0,36.966,0.365533,0.525364,1.91858,3.87418,1.04605,4.90654,0.42336,36.966,0.42336,423.524,0,1.02816,0,0,1.55352,0.525364,1.028160,1,0,36.1585,0,0,0,36.1585,0
71.0297,2.05116,0,0,2.0746,0.164176,0.36288,3.6288,50.2553,0.502032,0,0,0.412508,0.216036,0,0.66528,12.849,1,0.368435,0.36288,0,34.3418,4.77446,29.5618,0.84672,12.849,0.84672,3695.15,0,36.966,0.367045,0.507574,1.91891,4.12133,1.04605,5.13472,0.42336,36.966,0.42336,423.524,0,1.02816,0,0,1.53573,0.507574,1.028160,1,0,34.6965,0,0,0,34.6965,0
70.4221,2.04939,0,0,1.96818,0.163545,0.36288,3.6288,49.9398,0.50092,0,0,0.400857,0.215497,0,0.66528,12.849,1,0.370726,0.36288,0,32.2551,4.77446,27.4728,0.84672,12.849,0.84672,3695.15,0,36.966,0.368459,0.442195,1.91924,3.8104,1.04605,4.75733,0.42336,36.966,0.42336,423.524,0,1.02816,0,0,1.47036,0.442195,1.028160,1,0,32.2301,0,0,0,32.2301,0
69.7244,2.04712,0,0,1.86202,0.149698,0.36288,3.6288,49.5881,0.499756,0,0,0.376242,0.228178,0,0.66528,12.849,1,0.373511,0.36288,0,30.9438,4.9295,26.0037,0.84672,12.849,0.84672,3695.15,0,36.966,0.369925,0.412577,1.91957,3.74481,1.09254,4.61449,0.42336,36.966,0.42336,423.524,0,1.02816,0,0,1.44074,0.412577,1.028160,1,0,30.6182,0,0,0,30.6182,0
69.079,2.0238,0,0,1.85758,0.116355,0.36288,3.6288,49.1558,0.524199,0,0,0.352434,0.260517,0,0.66528,12.849,1,0.372951,0.36288,0,33.7751,5.3171,28.4479,0.84672,12.849,0.84672,3695.15,0,36.966,0.39077,0.531204,1.9199,3.87434,1.20877,4.7259,0.42336,36.966,0.42336,423.524,0,1.02816,0,0,1.55936,0.531204,1.028160,1,0,33.1738,0,0,0,33.1738,0
68.2962,2.02129,0,0,1.71721,0.115774,0.36288,3.6288,48.7145,0.522414,0,0,0.340727,0.259591,0,0.66528,12.849,1,0.37597,0.36288,0,33.5712,5.3171,28.241,0.84672,12.849,0.84672,3695.15,0,36.966,0.392865,0.504818,1.95041,3.92856,1.20877,4.78216,0.42336,36.966,0.42336,423.524,0,1.02816,0,0,1.53298,0.504818,1.028160,1,0,33.0231,0,0,0,33.0231,0
67.3592,2.0181,0,0,1.55896,0.115069,0.36288,3.6288,48.2572,0.520568,0,0,0.321883,0.258646,0,0.66528,12.849,1,0.379677,0.36288,0,32.5734,5.3171,27.2395,0.84672,12.849,0.84672,3695.15,0,36.966,0.395022,0.354421,1.95075,3.69281,1.20877,4.39418,0.42336,36.966,0.42336,423.524,0,1.02816,0,0,1.38258,0.354421,1.028160,1,0,31.6337,0,0,0,31.6337,0
66.3046,2.01409,0,0,1.42746,0.105061,0.36288,3.6288,47.7673,0.518624,0,0,0.306352,0.277641,0,0.66528,12.849,1,0.384195,0.36288,0,28.7256,5.5994,23.1049,0.84672,12.849,0.84672,3695.15,0,36.966,0.397277,0.297691,1.95108,3.58625,1.31182,4.12593,0.42336,36.966,0.42336,423.524,0,1.02816,0,0,1.32585,0.297691,1.028160,1,0,27.2308,0,0,0,27.2308,0
65.281,2.06221,0,0,1.49551,0.0939562,0.36288,3.6288,47.2387,0.539121,0,0,0.309904,0.299369,0,0.66528,12.849,1,0.39963,0.36288,0,29.1826,6.02218,23.1237,0.84672,12.849,0.84672,3695.15,0,36.966,0.417213,0.339137,1.95142,2.9947,1.50622,3.36182,0.42336,36.966,0.42336,423.524,0,1.02816,0,0,1.3673,0.339137,1.028160,1,0,26.4855,0,0,0,26.4855,0
64.1957,2.05741,0,0,1.43015,0.0952563,0.36288,3.6288,46.7079,0.53668,0,0,0.299495,0.293588,0,0.66528,12.849,1,0.404952,0.36288,0,27.8808,5.97502,21.8638,0.84672,12.849,0.84672,3695.15,0,36.966,0.419972,0.355018,1.99457,2.97875,1.49569,3.41268,0.42336,36.966,0.42336,423.524,0,1.02816,0,0,1.38318,0.355018,1.028160,1,0,25.2764,0,0,0,25.2764,0
62.9507,2.05214,0,0,1.26452,0.0944278,0.36288,3.6288,46.1546,0.542953,0,0,0.281945,0.292273,0,0.66528,12.849,1,0.410744,0.36288,0,26.3372,5.97502,20.3143,0.84672,12.849,0.84672,3695.15,0,36.966,0.429709,0.227405,1.99491,2.79443,1.49569,3.09134,0.42336,36.966,0.42336,423.524,0,1.01247,0,0,1.23987,0.227405,1.028160,1,0,23.4057,0,0,0,23.4057,0
61.6003,2.04583,0,0,1.1427,0.0843685,0.36288,3.6288,45.5776,0.560808,0,0,0.279157,0.295416,0,0.66528,12.849,1,0.417579,0.36288,0,24.9661,6.12458,18.7868,0.84672,12.849,0.84672,3695.15,0,36.966,0.44916,0.227405,1.99526,2.78826,1.52557,3.03619,0.42336,36.966,0.42336,423.524,0,0.975482,0,0,1.20289,0.227405,1.028160,1,0,21.823,0,0,0,21.823,0
59.9491,2.19156,0,0,1.00193,0.0987635,0.36288,3.6288,44.9083,0.650516,0,0,0.254623,0.273346,0,0.66528,12.849,1,0.457129,0.36288,0,21.2394,5.95737,15.1877,0.84672,12.849,0.84672,3695.15,0,36.966,0.527606,0.227405,1.9956,2.61408,1.48961,2.81986,0.42336,36.966,0.42336,423.524,0,0.952577,0,0,1.17998,0.227405,1.028160,1,0,18.0076,0,0,0,18.0076,0
58.5787,2.18165,0,0,1.29561,0.121423,0.36288,3.6288,44.3551,0.604936,0,0,0.301315,0.24961,0,0.66528,12.849,1,0.467596,0.36288,0,22.5411,5.63693,16.7994,0.84672,12.849,0.84672,3695.15,0,36.966,0.497949,0.52812,2.14254,3.07775,1.55006,3.7004,0.42336,36.966,0.42336,423.524,0,1.02816,0,0,1.55628,0.52812,1.028160,1,0,20.4998,0,0,0,20.4998,0
56.9465,2.17313,0,0,1.02359,0.119831,0.36288,3.6288,43.6608,0.665898,0,0,0.219948,0.248317,0,0.66528,12.849,1,0.476668,0.36288,0,23.2618,5.63693,17.5111,0.84672,12.849,0.84672,3695.15,0,36.966,0.554967,0.204422,2.14291,2.4387,1.55006,2.68101,0.42336,36.966,0.42336,423.524,0,0.910526,0,0,1.11495,0.204422,1.028160,1,0,20.1921,0,0,0,20.1921,0
55.571,2.16244,0,0,1.26773,0.117935,0.36288,3.6288,43.1824,0.597607,0,0,0.365922,0.246694,0,0.66528,12.849,1,0.487918,0.36288,0,20.6152,5.63693,14.8533,0.84672,12.849,0.84672,3695.15,0,36.966,0.505972,0.960457,2.14329,3.66465,1.55006,4.71236,0.42336,36.966,0.42336,423.524,0,1.02816,0,0,1.98862,0.960457,1.028160,1,0,19.5656,0,0,0,19.5656,0
53.8854,2.15309,0,0,0.957321,0.126913,0.36288,3.6288,42.6177,0.594773,0,0,0.250465,0.220419,0,0.66528,12.849,1,0.497832,0.36288,0,16.6237,4.8435,11.6453,0.84672,12.849,0.84672,3695.15,0,36.966,0.509151,0.274208,2.14366,3.43034,1.22869,4.11036,0.42336,36.966,0.42336,423.524,0,1.02816,0,0,1.30237,0.274208,1.028160,1,0,15.7556,0,0,0,15.7556,0
51.9174,2.06819,0,0,0.619923,0.156869,0.36288,3.6288,42.1358,0.544194,0,0,0.298379,0.23608,0,0.66528,12.849,1,0.493161,0.36288,0,12.0159,5.25861,6.62702,0.84672,12.849,0.84672,3695.15,0,36.966,0.472026,0.295142,2.14403,3.13399,1.3152,3.78594,0.42336,36.966,0.42336,423.524,0,1.02816,0,0,1.3233,0.295142,1.028160,1,0,10.413,0,0,0,10.413,0
49.8941,2.05364,0,0,0.546994,0.153733,0.36288,3.6288,41.312,0.761951,0,0,0.173168,0.234992,0,0.66528,12.849,1,0.508254,0.36288,0,12.3077,5.25861,6.9037,0.84672,12.849,0.84672,3695.15,0,36.966,0.668464,0.216518,2.05949,2.4072,1.3152,2.69954,0.42336,36.966,0.42336,423.524,0,0.614295,0,0,0.830814,0.216518,1.028160,1,0,9.60324,0,0,0,9.60324,0
47.7951,2.03768,0,0,0.452011,0.150509,0.36288,3.6288,40.4278,0.803689,0,0,0.152557,0.233131,0,0.66528,12.849,1,0.524755,0.36288,0,11.3636,5.25861,5.9431,0.84672,12.849,0.84672,3695.15,0,36.966,0.719141,0.216518,2.05984,2.22925,1.3152,2.47127,0.42336,36.966,0.42336,423.524,0,0.52221,0,0,0.738729,0.216518,1.028160,1,0,8.41437,0,0,0,8.41437,0
46.0268,2.01995,0,0,0.840224,0.225693,0.36288,3.6288,39.7988,0.699405,0,0,0.237339,0.16694,0,0.66528,12.849,1,0.543033,0.36288,0,20.0643,4.22046,15.6637,0.84672,12.849,0.84672,3695.15,0,36.966,0.639516,0.216518,2.0602,3.87056,0.99071,4.51705,0.42336,36.966,0.42336,423.524,0,0.70645,0,0,0.922968,0.216518,1.028160,1,0,20.1808,0,0,0,20.1808,0
44.609,1.94619,0,0,1.08435,0.193091,0.36288,3.6288,39.4927,0.48596,0,0,0.390455,0.210606,0,0.66528,12.849,1,0.543304,0.36288,0,55.5144,3.84533,51.4887,0.84672,12.849,0.84672,3695.15,0,36.966,0.451371,0.434678,2.06056,7.15487,1.0388,8.15993,0.42336,36.966,0.42336,423.524,0,1.02816,0,0,1.46284,0.434678,1.028160,1,0,59.6486,0,0,0,59.6486,0
43.0682,1.93319,0,0,1.0114,0.256126,0.36288,3.6288,38.8548,0.673443,0,0,0.294341,0.258758,0,0.66528,12.849,1,0.556829,0.36288,0,41.0547,4.98666,35.8741,0.84672,12.849,0.84672,3695.15,0,36.966,0.630358,0.216518,1.98507,5.36901,1.32609,5.61414,0.42336,36.966,0.42336,423.524,0,0.662005,0,0,0.878524,0.216518,1.028160,1,0,41.4882,0,0,0,41.4882,0
41.6117,1.91825,0,0,1.07633,0.251655,0.36288,3.6288,38.1015,0.726768,0,0,0.230649,0.257199,0,0.66528,12.849,1,0.572294,0.36288,0,15.1601,4.98666,9.96402,0.84672,12.849,0.84672,3695.15,0,36.966,0.691439,0.292723,1.98541,3.97791,1.32609,4.23851,0.42336,36.966,0.42336,423.524,0,0.547914,0,0,0.840637,0.292723,1.028160,1,0,14.2025,0,0,0,14.2025,0
40.1225,1.90335,0,0,1.0245,0.247428,0.36288,3.6288,37.6459,0.523285,0,0,0.323105,0.255358,0,0.66528,12.849,1,0.587723,0.36288,0,17.2385,4.98666,12.027,0.84672,12.849,0.84672,3695.15,0,36.966,0.50769,0.292723,1.98575,4.82141,1.32609,5.26611,0.42336,36.966,0.42336,423.524,0,0.935461,0,0,1.22818,0.292723,1.028160,1,0,17.2931,0,0,0,17.2931,0
38.9161,1.72785,0,0,1.12781,0.243509,0.36288,3.6288,37.0989,0.539057,0,0,0.231423,0.239412,0,0.66528,12.849,1,0.553334,0.36288,0,22.4813,4.78974,17.5011,0.84672,12.849,0.84672,3695.15,0,36.966,0.529321,0.292723,1.9861,4.25568,1.26132,4.74386,0.42336,36.966,0.42336,423.524,0,0.731195,0,0,1.02392,0.292723,1.028160,1,0,22.2449,0,0,0,22.2449,0
38.3712,1.71532,0,0,1.77394,0.240645,0.36288,3.6288,36.8203,0.386541,0,0,0.326421,0.21848,0,0.66528,12.849,1,0.566351,0.36288,0,27.9648,4.52718,23.2342,0.84672,12.849,0.84672,3695.15,0,36.966,0.385156,0.659578,1.81784,4.16377,1.17495,5.08109,0.42336,36.966,0.42336,423.524,0,1.02816,0,0,1.68774,0.659578,1.028160,1,0,28.3153,0,0,0,28.3153,0
37.353,1.70966,0,0,1.29349,0.239126,0.36288,3.6288,36.4747,0.388384,0,0,0.260688,0.217891,0,0.66528,12.849,1,0.572499,0.36288,0,24.3513,4.52718,19.6145,0.84672,12.849,0.84672,3695.15,0,36.966,0.389921,0.412474,1.81815,4.80135,1.17495,5.46711,0.42336,36.966,0.42336,423.524,0,1.02184,0,0,1.43431,0.412474,1.028160,1,0,25.0816,0,0,0,25.0816,0
36.0499,1.69842,0,0,0.983016,0.224877,0.36288,3.6288,35.8249,0.640371,0,0,0.165706,0.175175,0,0.66528,12.849,1,0.584236,0.36288,0,17.3606,3.58983,13.5494,0.84672,12.849,0.84672,3695.15,0,36.966,0.648997,0.412474,1.81847,2.65575,0.90538,3.33232,0.42336,36.966,0.42336,423.524,0,0.511056,0,0,0.92353,0.412474,1.028160,1,0,16.8817,0,0,0,16.8817,0
34.5328,1.68321,0,0,0.74857,0.219548,0.36288,3.6288,35.1372,0.727204,0,0,0.206655,0.167114,0,0.66528,12.849,1,0.599934,0.36288,0,17.2537,3.4336,13.5831,0.84672,12.849,0.84672,3695.15,0,36.966,0.750368,0.412474,1.81878,2.65061,0.860452,3.27104,0.42336,36.966,0.42336,423.524,0,0.323136,0,0,0.73561,0.412474,1.028160,1,0,16.8541,0,0,0,16.8541,0
34.6961,1.72339,0,0,2.45603,0.206451,0.36288,3.6288,34.9101,0.400225,0,0,0.309541,0.136388,0,0.66528,12.849,1,0.641243,0.36288,0,35.9026,3.94391,31.6803,0.84672,12.849,0.84672,3695.15,0,36.966,0.421056,0.648043,1.81909,6.01986,0.76033,7.3056,0.42336,36.966,0.42336,423.524,0,1.02816,0,0,1.6762,0.648043,1.028160,1,0,38.9859,0,0,0,38.9859,0
35.7663,1.72595,0,0,3.36592,0.206862,0.36288,3.6288,34.8267,0.399032,0,0,0.451728,0.136082,0,0.66528,12.849,1,0.639171,0.36288,0,65.7308,3.94391,61.5106,0.84672,12.849,0.84672,3695.15,0,36.966,0.422531,1.31167,1.87201,9.12655,0.76033,11.1274,0.42336,36.966,0.42336,423.524,0,1.02816,0,0,2.33983,1.31167,1.028160,1,0,72.638,0,0,0,72.638,0
39.233,1.74038,0,0,5.77953,0.209557,0.36288,3.6288,35.4008,0.398678,0,0,1.10872,0.13597,0,0.66528,12.849,1,0.625229,0.36288,0,137.287,3.94391,133.081,0.84672,12.849,0.84672,3695.15,0,36.966,0.423167,4.04648,1.87232,17.094,0.76033,21.8293,0.42336,36.966,0.42336,423.524,0,1.02816,0,0,5.07464,4.04648,1.028160,1,0,154.91,0,0,0,154.91,0
43.4957,1.78236,0,0,6.6552,0.247275,0.36288,3.6288,35.856,0.402172,0,0,1.00967,0.152272,0,0.66528,12.849,1,0.583731,0.36288,0,161.835,4.30972,157.304,0.84672,12.849,0.84672,3695.15,0,36.966,0.419954,5.2195,1.87263,16.8207,0.854199,22.6387,0.42336,36.966,0.42336,423.524,0,1.02816,0,0,6.24766,5.2195,1.028160,1,0,179.943,0,0,0,179.943,0
46.9502,2.02786,0,0,6.10947,0.264249,0.36288,3.6288,35.9718,0.494565,0,0,0.76416,0.153857,0,0.66528,12.849,1,0.599046,0.36288,0,165.489,4.70931,160.543,0.84672,12.849,0.84672,3695.15,0,36.966,0.509875,4.11372,1.87294,14.7547,1.03252,19.199,0.42336,36.966,0.42336,423.524,0,1.02816,0,0,5.14188,4.11372,1.028160,1,0,179.742,0,0,0,179.742,0
49.5851,2.06288,0,0,5.32097,0.260287,0.36288,3.6288,36.0703,0.495529,0,0,0.739981,0.145926,0,0.66528,12.849,1,0.564555,0.36288,0,101.742,4.80323,96.7371,0.84672,12.849,0.84672,3695.15,0,36.966,0.509225,2.50073,2.06267,12.2381,1.11346,15.1788,0.42336,36.966,0.42336,423.524,0,1.02816,0,0,3.52889,2.50073,1.028160,1,0,111.916,0,0,0,111.916,0
52.1482,2.08713,0,0,5.28091,0.267855,0.36288,3.6288,36.1319,0.496372,0,0,0.704017,0.146067,0,0.66528,12.849,1,0.540839,0.36288,0,100.795,4.80323,95.8139,0.84672,12.849,0.84672,3695.15,0,36.966,0.508697,1.98582,2.06301,11.3333,1.11346,13.7599,0.42336,36.966,0.42336,423.524,0,1.02816,0,0,3.01398,1.98582,1.028160,1,0,109.574,0,0,0,109.574,0
55.4291,2.10889,0,0,6.01079,0.258086,0.36288,3.6288,36.2363,0.496956,0,0,0.743865,0.142471,0,0.66528,12.849,1,0.519617,0.36288,0,116.651,4.45691,112.038,0.84672,12.849,0.84672,3695.15,0,36.966,0.508428,2.63707,2.06335,13.1109,0.991971,16.311,0.42336,36.966,0.42336,423.524,0,1.02816,0,0,3.66523,2.63707,1.028160,1,0,128.349,0,0,0,128.349,0
59.7355,1.83264,0,0,6.7605,0.258575,0.36288,3.6288,36.8827,0.376822,0,0,1.20086,0.177633,0,0.66528,12.849,1,0.424823,0.36288,0,144.07,4.56843,139.44,0.84672,12.849,0.84672,3695.15,0,36.966,0.38441,2.07614,2.0637,15.6745,1.08163,18.3483,0.42336,36.966,0.42336,423.524,0,1.02816,0,0,3.1043,2.07614,1.028160,1,0,157.788,0,0,0,157.788,0
63.8842,1.85822,0,0,6.64263,0.272802,0.36288,3.6288,37.4907,0.380322,0,0,1.1854,0.197123,0,0.66528,12.849,1,0.3997,0.36288,0,138.246,4.67323,133.536,0.84672,12.849,0.84672,3695.15,0,36.966,0.381181,1.36391,1.80553,12.7622,1.17448,14.376,0.42336,36.966,0.42336,423.524,0,1.02816,0,0,2.39207,1.36391,1.028160,1,0,147.912,0,0,0,147.912,0
66.1834,1.88022,0,0,4.82477,0.282488,0.36288,3.6288,37.8024,0.383571,0,0,0.893614,0.198284,0,0.66528,12.849,1,0.378168,0.36288,0,117.733,4.67323,113.044,0.84672,12.849,0.84672,3695.15,0,36.966,0.378203,1.54215,1.80583,11.6045,1.17448,13.3998,0.42336,36.966,0.42336,423.524,0,1.02816,0,0,2.57031,1.54215,1.028160,1,0,126.444,0,0,0,126.444,0
69.5322,1.89161,0,0,5.89968,0.296447,0.36288,3.6288,38.7544,0.385285,0,0,1.51644,0.179236,0,0.66528,12.849,1,0.367242,0.36288,0,140.08,4.62774,135.448,0.84672,12.849,0.84672,3695.15,0,36.966,0.37676,2.44712,1.80612,24.6307,1.11976,27.3874,0.42336,36.966,0.42336,423.524,0,1.02816,0,0,3.47528,2.44712,1.028160,1,0,162.836,0,0,0,162.836,0
72.29,1.90693,0,0,5.83332,0.312826,0.855721,3.6288,39.4605,0.39016,0,0,1.2556,0.159326,0,0.66528,12.849,1,0.352387,0.855721,0,85.1118,4.51047,81.1046,0.84672,12.849,0.84672,3695.15,0,36.966,0.372155,2.28405,1.80642,17.7605,1.07274,20.4061,0.42336,36.966,0.42336,423.524,0,1.02816,0,0,3.31221,2.28405,1.028160,1,0,101.511,0,0,0,101.511,0
72.29,1.99823,0,0,7.37312,0.298542,5.07634,3.6288,40.3385,0.424645,0,0,1.49251,0.189894,0,0.66528,12.849,1,0.355171,5.07634,0,184.48,4.17081,185.03,0.84672,12.849,0.84672,3695.15,0,36.966,0.397801,1.96042,1.80672,23.8381,1.22847,25.979,0.42336,36.966,0.42336,423.524,0,1.02816,0,0,2.98858,1.96042,1.028160,1,0,211.009,0,0,0,211.009,0
72.29,1.99864,0,0,7.65158,0.298542,5.3544,3.6288,40.861,0.42931,0,0,1.1433,0.19149,0,0.66528,12.849,1,0.355244,5.3544,0,190.994,4.17081,191.822,0.84672,12.849,0.84672,3695.15,0,36.966,0.393418,2.09814,1.87081,15.9047,1.22847,18.2517,0.42336,36.966,0.42336,423.524,0,1.02816,0,0,3.1263,2.09814,1.028160,1,0,210.074,0,0,0,210.074,0
72.29,1.99905,0,0,5.37817,0.298542,3.08057,3.6288,41.2489,0.432099,0,0,1.01248,0.192468,0,0.66528,12.849,1,0.355317,3.08057,0,148.295,4.17081,146.85,0.84672,12.849,0.84672,3695.15,0,36.966,0.39091,1.63419,1.87111,11.5935,1.22847,13.4794,0.42336,36.966,0.42336,423.524,0,1.02816,0,0,2.66235,1.63419,1.028160,1,0,160.329,0,0,0,160.329,0
72.29,1.99946,0,0,4.85821,0.250394,2.60835,3.6288,41.4593,0.434186,0,0,0.883444,0.23886,0,0.66528,12.849,1,0.35539,2.60835,0,125.483,5.14619,122.59,0.84672,12.849,0.84672,3695.15,0,36.966,0.389105,1.29037,1.87142,10.0589,1.42027,11.4113,0.42336,36.966,0.42336,423.524,0,1.02816,0,0,2.31853,1.29037,1.028160,1,0,134.001,0,0,0,134.001,0
72.29,1.96877,0,0,4.2286,0.238335,2.02149,3.6288,41.4327,0.42308,0,0,0.602981,0.206433,0,0.66528,12.849,1,0.349935,2.02149,0,119.693,4.64,116.725,0.84672,12.849,0.84672,3695.15,0,36.966,0.377227,1.42675,1.87173,9.81798,1.26996,11.4693,0.42336,36.966,0.42336,423.524,0,1.02816,0,0,2.45491,1.42675,1.028160,1,0,128.194,0,0,0,128.194,0
72.29,1.96918,0,0,3.97868,0.236609,1.77289,3.6288,41.3697,0.423099,0,0,0.555526,0.195476,0,0.66528,12.849,1,0.350007,1.77289,0,114.711,4.40674,111.727,0.84672,12.849,0.84672,3695.15,0,36.966,0.377486,1.31661,1.8472,9.49337,1.21565,11.064,0.42336,36.966,0.42336,423.524,0,1.02816,0,0,2.34477,1.31661,1.028160,1,0,122.791,0,0,0,122.791,0
72.29,1.96958,0,0,3.77294,0.236609,1.56675,3.6288,41.2443,0.422942,0,0,0.492925,0.195357,0,0.66528,12.849,1,0.350079,1.56675,0,108.312,4.40674,105.122,0.84672,12.849,0.84672,3695.15,0,36.966,0.377921,1.14318,1.8475,8.67499,1.21565,10.0721,0.42336,36.966,0.42336,423.524,0,1.02816,0,0,2.17134,1.14318,1.028160,1,0,115.194,0,0,0,115.194,0
72.29,1.96999,0,0,3.40291,0.182672,1.25025,3.6288,41.1841,0.422482,0,0,0.544998,0.182741,0,0.66528,12.849,1,0.350151,1.25025,0,96.3861,4.52816,92.758,0.84672,12.849,0.84672,3695.15,0,36.966,0.378658,1.34782,1.84781,8.70955,1.17242,10.3541,0.42336,36.966,0.42336,423.524,0,1.02816,0,0,2.37598,1.34782,1.028160,1,0,103.112,0,0,0,103.112,0
72.29,2.07604,0,0,3.31196,0.15579,1.08013,3.6288,40.9852,0.465849,0,0,0.467281,0.200342,0,0.66528,12.849,1,0.369001,1.08013,0,89.894,4.71363,85.8915,0.84672,12.849,0.84672,3695.15,0,36.966,0.418136,1.04523,1.84811,8.74644,1.17457,10.0471,0.42336,36.966,0.42336,423.524,0,1.02816,0,0,2.07339,1.04523,1.028160,1,0,95.9386,0,0,0,95.9386,0
72.29,2.07647,0,0,3.31997,0.131934,1.11157,3.6288,40.7542,0.464936,0,0,0.460192,0.226264,0,0.66528,12.849,1,0.369076,1.11157,0,78.8184,4.93395,74.6269,0.84672,12.849,0.84672,3695.15,0,36.966,0.419342,1.0935,1.93552,8.62592,1.18704,10.0486,0.42336,36.966,0.42336,423.524,0,1.02816,0,0,2.12166,1.0935,1.028160,1,0,84.6755,0,0,0,84.6755,0
72.29,2.07689,0,0,3.19511,0.131934,0.986281,3.6288,40.5056,0.463843,0,0,0.44099,0.225756,0,0.66528,12.849,1,0.369152,0.986281,0,73.9973,4.93395,69.6805,0.84672,12.849,0.84672,3695.15,0,36.966,0.420728,1.22839,1.93584,7.2671,1.18704,8.82358,0.42336,36.966,0.42336,423.524,0,1.02816,0,0,2.25655,1.22839,1.028160,1,0,78.504,0,0,0,78.504,0
72.29,2.07732,0,0,3.12502,0.104833,0.942868,3.6288,40.2112,0.462646,0,0,0.427905,0.259615,0,0.66528,12.849,1,0.369227,0.942868,0,69.7213,5.12694,65.168,0.84672,12.849,0.84672,3695.15,0,36.966,0.422218,1.15071,1.93616,6.89109,1.28292,8.27283,0.42336,36.966,0.42336,423.524,0,1.02816,0,0,2.17887,1.15071,1.028160,1,0,73.4409,0,0,0,73.4409,0
72.29,2.07774,0,0,3.01581,0.111605,0.826463,3.6288,39.9177,0.461189,0,0,0.418362,0.250643,0,0.66528,12.849,1,0.369303,0.826463,0,66.0312,5.10236,61.386,0.84672,12.849,0.84672,3695.15,0,36.966,0.423969,1.20378,1.93648,6.7379,1.27375,8.18045,0.42336,36.966,0.42336,423.524,0,1.02816,0,0,2.23194,1.20378,1.028160,1,0,69.5664,0,0,0,69.5664,0
72.29,2.05725,0,0,2.95758,0.141123,0.759199,3.6288,39.6865,0.483305,0,0,0.456322,0.204222,0,0.66528,12.849,1,0.365661,0.759199,0,60.8784,4.9869,56.285,0.84672,12.849,0.84672,3695.15,0,36.966,0.447567,1.49288,1.93681,6.33753,1.22824,8.09141,0.42336,36.966,0.42336,423.524,0,1.02816,0,0,2.52104,1.49288,1.028160,1,0,64.3764,0,0,0,64.3764,0
72.29,2.05768,0,0,2.77313,0.0744643,0.640989,3.6288,39.4374,0.482111,0,0,0.457678,0.224718,0,0.66528,12.849,1,0.365736,0.640989,0,56.7756,5.17923,51.8716,0.84672,12.849,0.84672,3695.15,0,36.966,0.449062,1.43752,1.9676,6.33813,1.28537,8.00883,0.42336,36.966,0.42336,423.524,0,1.02816,0,0,2.46568,1.43752,1.028160,1,0,59.8805,0,0,0,59.8805,0
72.29,2.0581,0,0,2.57187,0.0745308,0.439242,3.6288,39.1839,0.480803,0,0,0.451561,0.224191,0,0.66528,12.849,1,0.365811,0.439242,0,52.0707,5.17923,46.9649,0.84672,12.849,0.84672,3695.15,0,36.966,0.450673,1.42305,1.96793,5.78233,1.28537,7.43727,0.42336,36.966,0.42336,423.524,0,1.02816,0,0,2.45121,1.42305,1.028160,1,0,54.4022,0,0,0,54.4022,0
72.1991,2.05852,0,0,2.405,0.0744643,0.36288,3.6288,38.9365,0.479458,0,0,0.455639,0.223654,0,0.66528,12.849,1,0.365886,0.36288,0,48.5688,5.17923,43.3866,0.84672,12.849,0.84672,3695.15,0,36.966,0.452319,1.51223,1.96825,5.66597,1.28537,7.40877,0.42336,36.966,0.42336,423.524,0,1.02816,0,0,2.54039,1.51223,1.028160,1,0,50.7953,0,0,0,50.7953,0
71.7118,2.11258,0,0,2.07741,0.0892998,0.36288,3.6288,38.5374,0.498919,0,0,0.328808,0.22896,0,0.66528,12.849,1,0.375968,0.36288,0,39.5397,5.50567,34.0209,0.84672,12.849,0.84672,3695.15,0,36.966,0.47367,0.817828,1.96858,4.30211,1.35928,5.25558,0.42336,36.966,0.42336,423.524,0,1.02816,0,0,1.84599,0.817828,1.028160,1,0,39.2765,0,0,0,39.2765,0
71.4181,2.11085,0,0,2.26046,0.080428,0.36288,3.6288,38.1786,0.496573,0,0,0.378514,0.240761,0,0.66528,12.849,1,0.378212,0.36288,0,47.8926,5.74255,42.1347,0.84672,12.849,0.84672,3695.15,0,36.966,0.476325,0.924687,2.01213,4.42953,1.45181,5.43821,0.42336,36.966,0.42336,423.524,0,1.02816,0,0,1.95285,0.924687,1.028160,1,0,47.5729,0,0,0,47.5729,0
70.9459,2.10996,0,0,2.08087,0.080248,0.36288,3.6288,37.7651,0.494456,0,0,0.320894,0.239938,0,0.66528,12.849,1,0.379608,0.36288,0,39.3385,5.74255,33.5792,0.84672,12.849,0.84672,3695.15,0,36.966,0.478751,1.04311,2.01247,4.28294,1.45181,5.40796,0.42336,36.966,0.42336,423.524,0,1.02816,0,0,2.07127,1.04311,1.028160,1,0,38.9872,0,0,0,38.9872,0
70.3002,2.10825,0,0,1.90536,0.0799585,0.36288,3.6288,37.3313,0.491963,0,0,0.297213,0.238989,0,0.66528,12.849,1,0.381825,0.36288,0,37.3911,5.74255,31.6296,0.84672,12.849,0.84672,3695.15,0,36.966,0.481553,0.742409,2.0128,3.76465,1.45181,4.58649,0.42336,36.966,0.42336,423.524,0,1.02816,0,0,1.77057,0.742409,1.028160,1,0,36.2161,0,0,0,36.2161,0
69.5118,2.26342,0,0,1.91404,0.0760697,0.36288,3.6288,36.8584,0.56283,0,0,0.336553,0.24663,0,0.66528,12.849,1,0.413693,0.36288,0,36.47,5.80034,30.6188,0.84672,12.849,0.84672,3695.15,0,36.966,0.557322,1.0431,2.01313,4.18795,1.4849,5.20196,0.42336,36.966,0.42336,423.524,0,1.02816,0,0,2.07126,1.0431,1.028160,1,0,35.8208,0,0,0,35.8208,0
68.4828,2.25992,0,0,1.66069,0.0669281,0.36288,3.6288,36.3441,0.559428,0,0,0.312043,0.266999,0,0.66528,12.849,1,0.417737,0.36288,0,36.2662,5.94478,30.2666,0.84672,12.849,0.84672,3695.15,0,36.966,0.561061,0.879483,2.16148,3.10107,1.56761,4.01336,0.42336,36.966,0.42336,423.524,0,1.02816,0,0,1.90764,0.879483,1.028160,1,0,34.2799,0,0,0,34.2799,0
67.3692,2.25509,0,0,1.57073,0.0663943,0.36288,3.6288,35.8097,0.555658,0,0,0.286998,0.265669,0,0.66528,12.849,1,0.423108,0.36288,0,32.5927,5.94478,26.5877,0.84672,12.849,0.84672,3695.15,0,36.966,0.565167,0.760329,2.16184,3.06589,1.56761,3.85528,0.42336,36.966,0.42336,423.524,0,1.02816,0,0,1.78849,0.760329,1.028160,1,0,30.4429,0,0,0,30.4429,0
66.8599,2.24967,0,0,2.1691,0.0658166,0.36288,3.6288,35.3116,0.551674,0,0,0.317841,0.264286,0,0.66528,12.849,1,0.429069,0.36288,0,34.9603,5.94478,28.9493,0.84672,12.849,0.84672,3695.15,0,36.966,0.569487,1.00152,2.1622,3.41777,1.56761,4.44439,0.42336,36.966,0.42336,423.524,0,1.02816,0,0,2.02968,1.00152,1.028160,1,0,33.3937,0,0,0,33.3937,0
67.3152,2.24739,0,0,3.15805,0.0924737,0.36288,3.6288,34.9297,0.547913,0,0,0.423084,0.257056,0,0.66528,12.849,1,0.431898,0.36288,0,58.3394,5.80487,52.4655,0.84672,12.849,0.84672,3695.15,0,36.966,0.573584,1.25532,2.16256,3.80077,1.54525,5.09982,0.42336,36.966,0.42336,423.524,0,1.02816,0,0,2.28348,1.25532,1.028160,1,0,57.5653,0,0,0,57.5653,0
66.9501,2.17389,0,0,2.18654,0.0148803,0.36288,3.6288,34.5914,0.501841,0,0,0.370954,0.207456,0,0.66528,12.849,1,0.414948,0.36288,0,30.3441,5.01743,25.2746,0.84672,12.849,0.84672,3695.15,0,36.966,0.531096,1.22768,2.16292,2.88511,1.37978,4.36484,0.42336,36.966,0.42336,423.524,0,1.02816,0,0,2.25584,1.22768,1.028160,1,0,29.6395,0,0,0,29.6395,0
66.2068,2.17243,0,0,1.80685,0.0148375,0.36288,3.6288,34.2119,0.499484,0,0,0.326805,0.206763,0,0.66528,12.849,1,0.416931,0.36288,0,28.0168,5.01743,22.9453,0.84672,12.849,0.84672,3695.15,0,36.966,0.533773,0.977685,2.07755,2.67183,1.37978,3.81351,0.42336,36.966,0.42336,423.524,0,1.02816,0,0,2.00585,0.977685,1.028160,1,0,26.7588,0,0,0,26.7588,0
66.9253,2.16895,0,0,3.35866,0.108358,0.36288,3.6288,34.078,0.496793,0,0,0.508416,0.145537,0,0.66528,12.849,1,0.420936,0.36288,0,49.4679,3.97927,45.4306,0.84672,12.849,0.84672,3695.15,0,36.966,0.536785,1.47791,2.0779,4.63897,1.05529,6.6027,0.42336,36.966,0.42336,423.524,0,1.02816,0,0,2.50607,1.47791,1.028160,1,0,52.0333,0,0,0,52.0333,0
70.9324,2.17318,0,0,6.68987,0.146634,0.36288,3.6288,34.2352,0.495935,0,0,0.774325,0.121196,0,0.66528,12.849,1,0.41723,0.36288,0,99.1449,3.56401,95.5265,0.84672,12.849,0.84672,3695.15,0,36.966,0.537963,2.44499,2.07824,6.62781,0.925497,9.68759,0.42336,36.966,0.42336,423.524,0,1.02816,0,0,3.47315,2.44499,1.028160,1,0,105.214,0,0,0,105.214,0
70.9281,2.13031,0,0,2.67976,0.19093,0.36288,3.6288,34.0363,0.458341,0,0,0.402223,0.14276,0,0.66528,12.849,1,0.385893,0.36288,0,44.0275,3.60278,40.4017,0.84672,12.849,0.84672,3695.15,0,36.966,0.494901,1.15212,2.07859,3.20544,0.921973,5.01927,0.42336,36.966,0.42336,423.524,0,1.02816,0,0,2.18028,1.15212,1.028160,1,0,45.4209,0,0,0,45.4209,0
71.4259,2.13072,0,0,3.21203,0.220658,0.36288,3.6288,33.8494,0.457101,0,0,0.428604,0.158477,0,0.66528,12.849,1,0.385991,0.36288,0,50.3031,3.63185,46.6482,0.84672,12.849,0.84672,3695.15,0,36.966,0.496446,0.838071,2.00237,4.16612,0.91933,5.59078,0.42336,36.966,0.42336,423.524,0,1.02816,0,0,1.86623,0.838071,1.028160,1,0,52.2389,0,0,0,52.2389,0
72.29,2.13344,0,0,4.86496,0.2215,1.64588,3.6288,34.0521,0.455937,0,0,0.816813,0.158182,0,0.66528,12.849,1,0.38379,1.64588,0,55.0802,3.63185,52.7104,0.84672,12.849,0.84672,3695.15,0,36.966,0.497916,2.39442,2.0027,6.08029,0.91933,9.06016,0.42336,36.966,0.42336,423.524,0,1.02816,0,0,3.42258,2.39442,1.028160,1,0,61.7706,0,0,0,61.7706,0
72.29,2.13777,0,0,3.01123,0.233626,0.639837,3.6288,33.9803,0.457504,0,0,0.546972,0.161248,0,0.66528,12.849,1,0.379972,0.639837,0,45.8017,3.68984,42.3717,0.84672,12.849,0.84672,3695.15,0,36.966,0.496654,1.74849,2.00303,6.02192,0.932868,8.34392,0.42336,36.966,0.42336,423.524,0,1.02816,0,0,2.77665,1.74849,1.028160,1,0,50.7156,0,0,0,50.7156,0
72.29,1.95783,0,0,5.5367,0.289045,3.28982,3.6288,34.0517,0.376313,0,0,0.620486,0.172736,0,0.66528,12.849,1,0.34799,3.28982,0,96.3567,4.1509,95.1476,0.84672,12.849,0.84672,3695.15,0,36.966,0.409378,1.86949,2.00336,8.30416,1.05603,10.7116,0.42336,36.966,0.42336,423.524,0,1.02816,0,0,2.89765,1.86949,1.028160,1,0,105.859,0,0,0,105.859,0
72.29,1.95824,0,0,4.14318,0.267628,1.91732,3.6288,33.9414,0.376857,0,0,0.427265,0.160697,0,0.66528,12.849,1,0.348062,1.91732,0,53.6871,4.43373,50.8227,0.84672,12.849,0.84672,3695.15,0,36.966,0.40911,0.849303,1.83349,5.91426,1.16085,7.0271,0.42336,36.966,0.42336,423.524,0,1.02816,0,0,1.87746,0.849303,1.028160,1,0,57.8498,0,0,0,57.8498,0
72.29,1.95864,0,0,6.19741,0.267628,3.97114,3.6288,34.2032,0.376352,0,0,0.798673,0.16052,0,0.66528,12.849,1,0.348134,3.97114,0,123.386,4.43373,122.575,0.84672,12.849,0.84672,3695.15,0,36.966,0.40989,1.41987,1.83379,7.12973,1.16085,8.81266,0.42336,36.966,0.42336,423.524,0,1.02816,0,0,2.44803,1.41987,1.028160,1,0,131.388,0,0,0,131.388,0
72.29,1.95904,0,0,5.32093,0.256933,3.10495,3.6288,34.4844,0.377992,0,0,0.823046,0.163871,0,0.66528,12.849,1,0.348205,3.10495,0,120.885,3.90243,119.739,0.84672,12.849,0.84672,3695.15,0,36.966,0.408525,2.48644,1.8341,7.6629,1.09519,10.4797,0.42336,36.966,0.42336,423.524,0,1.02816,0,0,3.5146,2.48644,1.028160,1,0,130.219,0,0,0,130.219,0
72.29,1.95945,0,0,5.61801,0.252655,3.40591,3.6288,34.4498,0.379733,0,0,0.510671,0.165505,0,0.66528,12.849,1,0.348277,3.40591,0,91.5546,3.68991,90.9224,0.84672,12.849,0.84672,3695.15,0,36.966,0.40706,1.68147,1.8344,6.96215,1.06893,9.00203,0.42336,36.966,0.42336,423.524,0,1.02816,0,0,2.70963,1.68147,1.028160,1,0,99.9244,0,0,0,99.9244,0
72.29,2.02928,0,0,7.15713,0.287927,4.83991,3.6288,35.0699,0.403262,0,0,1.16108,0.137806,0,0.66528,12.849,1,0.36069,4.83991,0,149.566,3.07728,150.968,0.84672,12.849,0.84672,3695.15,0,36.966,0.432716,3.51721,1.8347,14.1005,0.876913,18.1427,0.42336,36.966,0.42336,423.524,0,1.02816,0,0,4.54537,3.51721,1.028160,1,0,169.111,0,0,0,169.111,0
72.29,2.02968,0,0,5.79754,0.293806,3.47405,3.6288,35.8126,0.40712,0,0,1.28388,0.134018,0,0.66528,12.849,1,0.360761,3.47405,0,134.224,2.97518,134.362,0.84672,12.849,0.84672,3695.15,0,36.966,0.429132,4.14471,1.88811,12.5878,0.844911,17.3466,0.42336,36.966,0.42336,423.524,0,1.02816,0,0,5.17287,4.14471,1.028160,1,0,151.709,0,0,0,151.709,0
72.29,2.03008,0,0,5.3254,0.293806,3.00151,3.6288,36.4851,0.411633,0,0,1.2191,0.135,0,0.66528,12.849,1,0.360832,3.00151,0,106.694,2.97518,106.359,0.84672,12.849,0.84672,3695.15,0,36.966,0.424891,3.85798,1.88841,11.3203,0.844911,15.7969,0.42336,36.966,0.42336,423.524,0,1.02816,0,0,4.88614,3.85798,1.028160,1,0,122.156,0,0,0,122.156,0
72.29,2.03048,0,0,10.8058,0.293806,8.4815,3.6288,37.7277,0.415659,0,0,1.79423,0.135888,0,0.66528,12.849,1,0.360903,8.4815,0,168.601,2.97518,173.746,0.84672,12.849,0.84672,3695.15,0,36.966,0.421138,5.83267,1.88871,18.388,0.844911,24.8433,0.42336,36.966,0.42336,423.524,0,1.02816,0,0,6.86083,5.83267,1.028160,1,0,198.59,0,0,0,198.59,0
72.29,2.25401,0,0,9.43556,0.27112,6.91043,3.6288,38.7347,0.515618,0,0,1.66072,0.138177,0,0.66528,12.849,1,0.400634,6.91043,0,185.276,3.4316,188.354,0.84672,12.849,0.84672,3695.15,0,36.966,0.505207,3.97444,1.88901,18.4974,0.943694,22.9119,0.42336,36.966,0.42336,423.524,0,1.02816,0,0,5.0026,3.97444,1.028160,1,0,211.266,0,0,0,211.266,0
72.29,2.25445,0,0,4.49976,0.224122,2.02119,3.6288,39.8341,0.522494,0,0,1.75954,0.137647,0,0.66528,12.849,1,0.400712,2.02119,0,119.627,3.63174,117.616,0.84672,12.849,0.84672,3695.15,0,36.966,0.498636,3.90741,2.08053,15.0826,0.978859,19.593,0.42336,36.966,0.42336,423.524,0,1.02816,0,0,4.93557,3.90741,1.028160,1,0,137.209,0,0,0,137.209,0
72.29,2.25489,0,0,4.60267,0.245811,2.10197,3.6288,40.3335,0.52979,0,0,1.15874,0.129568,0,0.66528,12.849,1,0.40079,2.10197,0,150.68,3.6974,148.684,0.84672,12.849,0.84672,3695.15,0,36.966,0.491645,2.7673,2.08086,11.1697,0.95011,14.5761,0.42336,36.966,0.42336,423.524,0,1.02816,0,0,3.79546,2.7673,1.028160,1,0,163.26,0,0,0,163.26,0
72.29,2.25533,0,0,8.32818,0.300118,5.77274,3.6288,40.9622,0.533126,0,0,1.30832,0.146449,0,0.66528,12.849,1,0.400868,5.77274,0,161.553,3.69059,163.235,0.84672,12.849,0.84672,3695.15,0,36.966,0.488615,5.19426,2.08119,14.6516,0.963167,20.4753,0.42336,36.966,0.42336,423.524,0,1.02816,0,0,6.22242,5.19426,1.028160,1,0,183.71,0,0,0,183.71,0
72.29,1.93729,0,0,3.5805,0.317689,1.32553,3.6288,41.4517,0.407514,0,0,1.04452,0.1475,0,0.66528,12.849,1,0.344338,1.32553,0,122.2,3.85638,119.325,0.84672,12.849,0.84672,3695.15,0,36.966,0.367758,2.15845,2.08152,10.9552,1.03499,13.7924,0.42336,36.966,0.42336,423.524,0,1.02816,0,0,3.18661,2.15845,1.028160,1,0,133.118,0,0,0,133.118,0
71.9939,1.93767,0,0,2.33206,0.327576,0.36288,3.6288,41.8599,0.409948,0,0,0.950944,0.132763,0,0.66528,12.849,1,0.344406,0.36288,0,69.7397,4.12776,65.6304,0.84672,12.849,0.84672,3695.15,0,36.966,0.365585,1.82434,1.82091,9.11866,1.10335,11.295,0.42336,36.966,0.42336,423.524,0,1.02816,0,0,2.8525,1.82434,1.028160,1,0,76.9253,0,0,0,76.9253,0
72.29,1.93685,0,0,5.62764,0.32684,3.06788,3.6288,43.2969,0.411981,0,0,1.98218,0.133288,0,0.66528,12.849,1,0.345677,3.06788,0,63.1733,4.12776,61.7677,0.84672,12.849,0.84672,3695.15,0,36.966,0.363815,3.9211,1.8212,15.2164,1.10335,19.4915,0.42336,36.966,0.42336,423.524,0,1.02816,0,0,4.94926,3.9211,1.028160,1,0,81.2592,0,0,0,81.2592,0
72.29,1.93844,0,0,7.23661,0.327576,4.9706,3.6288,45.8548,0.418635,0,0,3.11177,0.135133,0,0.66528,12.849,1,0.344543,4.9706,0,156.73,4.12776,157.229,0.84672,12.849,0.84672,3695.15,0,36.966,0.357423,5.78389,1.82148,27.4905,1.10335,33.6351,0.42336,36.966,0.42336,423.524,0,1.02816,0,0,6.81205,5.78389,1.028160,1,0,190.864,0,0,0,190.864,0
72.29,1.93882,0,0,7.50504,0.330318,5.2359,3.6288,47.4684,0.42982,0,0,2.23007,0.186686,0,0.66528,12.849,1,0.344611,5.2359,0,224.426,4.07809,225.239,0.84672,12.849,0.84672,3695.15,0,36.966,0.3465,4.5538,1.82177,21.4605,1.04632,26.4432,0.42336,36.966,0.42336,423.524,0,1.02816,0,0,5.58196,4.5538,1.028160,1,0,251.682,0,0,0,251.682,0
72.29,2.01944,0,0,6.06023,0.352682,3.6881,3.6288,50.188,0.470559,0,0,3.3641,0.17391,0,0.66528,12.849,1,0.35894,3.6881,0,179.522,4.10361,178.747,0.84672,12.849,0.84672,3695.15,0,36.966,0.366447,5.23117,1.82206,21.1847,1.04583,26.8256,0.42336,36.966,0.42336,423.524,0,1.02816,0,0,6.25933,5.23117,1.028160,1,0,205.573,0,0,0,205.573,0
72.29,2.01984,0,0,5.36894,0.352682,2.99642,3.6288,51.7129,0.482151,0,0,2.18485,0.177868,0,0.66528,12.849,1,0.359011,2.99642,0,127.647,4.10361,126.181,0.84672,12.849,0.84672,3695.15,0,36.966,0.355128,4.09205,1.88674,17.1495,1.04583,21.7274,0.42336,36.966,0.42336,423.524,0,1.02816,0,0,5.12021,4.09205,1.028160,1,0,147.909,0,0,0,147.909,0
72.29,2.02024,0,0,4.9454,0.312257,2.6129,3.6288,52.8302,0.488416,0,0,1.78588,0.180112,0,0.66528,12.849,1,0.359082,2.6129,0,97.8955,3.99417,96.1552,0.84672,12.849,0.84672,3695.15,0,36.966,0.349135,3.34505,1.88703,14.687,1.03988,18.5301,0.42336,36.966,0.42336,423.524,0,1.02816,0,0,4.37321,3.34505,1.028160,1,0,114.685,0,0,0,114.685,0
72.29,2.02063,0,0,4.61015,0.258358,2.33116,3.6288,53.7838,0.492921,0,0,1.62823,0.18177,0,0.66528,12.849,1,0.359152,2.33116,0,92.4497,3.84825,90.5735,0.84672,12.849,0.84672,3695.15,0,36.966,0.344903,2.63687,1.88733,16.8007,1.03195,19.9481,0.42336,36.966,0.42336,423.524,0,1.02816,0,0,3.66503,2.63687,1.028160,1,0,110.522,0,0,0,110.522,0
72.29,1.98964,0,0,4.07101,0.252828,1.82855,3.6288,54.2078,0.482789,0,0,1.11643,0.209608,0,0.66528,12.849,1,0.353643,1.82855,0,91.6065,4.84917,88.2322,0.84672,12.849,0.84672,3695.15,0,36.966,0.331825,2.32156,1.88763,11.3886,1.19752,14.0684,0.42336,36.966,0.42336,423.524,0,1.02816,0,0,3.34972,2.32156,1.028160,1,0,102.301,0,0,0,102.301,0
72.29,1.99003,0,0,3.46111,0.219825,1.25126,3.6288,54.5558,0.484492,0,0,1.04422,0.211739,0,0.66528,12.849,1,0.353713,1.25126,0,77.0196,4.74369,73.1734,0.84672,12.849,0.84672,3695.15,0,36.966,0.330391,1.88711,1.86286,10.0346,1.20554,12.2486,0.42336,36.966,0.42336,423.524,0,1.02816,0,0,2.91527,1.88711,1.028160,1,0,85.422,0,0,0,85.422,0
72.29,1.99042,0,0,3.2803,0.219825,1.07005,3.6288,54.8101,0.485909,0,0,0.9525,0.212227,0,0.66528,12.849,1,0.353783,1.07005,0,65.6787,4.74369,61.6513,0.84672,12.849,0.84672,3695.15,0,36.966,0.329243,1.67605,1.86315,9.20825,1.20554,11.2127,0.42336,36.966,0.42336,423.524,0,1.02816,0,0,2.70421,1.67605,1.028160,1,0,72.8639,0,0,0,72.8639,0
72.29,1.99082,0,0,3.08291,0.223963,0.86813,3.6288,55.0252,0.486982,0,0,0.904807,0.202798,0,0.66528,12.849,1,0.353852,0.86813,0,62.837,4.65994,58.6913,0.84672,12.849,0.84672,3695.15,0,36.966,0.328439,1.52944,1.86345,9.10017,1.18138,10.9832,0.42336,36.966,0.42336,423.524,0,1.02816,0,0,2.5576,1.52944,1.028160,1,0,69.6746,0,0,0,69.6746,0
72.29,2.09784,0,0,2.82453,0.222617,0.504066,3.6288,55.2036,0.537761,0,0,0.884369,0.168222,0,0.66528,12.849,1,0.372876,0.504066,0,57.9802,4.33504,53.7763,0.84672,12.849,0.84672,3695.15,0,36.966,0.361269,1.55332,1.86374,8.6432,1.04895,10.65,0.42336,36.966,0.42336,423.524,0,1.02816,0,0,2.58148,1.55332,1.028160,1,0,64.4264,0,0,0,64.4264,0
72.29,2.09826,0,0,2.99982,0.157189,0.744372,3.6288,55.2152,0.53863,0,0,0.778546,0.22831,0,0.66528,12.849,1,0.372949,0.744372,0,53.8707,4.77897,49.4631,0.84672,12.849,0.84672,3695.15,0,36.966,0.360683,1.24696,1.95196,7.76235,1.08026,9.52033,0.42336,36.966,0.42336,423.524,0,1.02816,0,0,2.27512,1.24696,1.028160,1,0,58.9834,0,0,0,58.9834,0
72.29,2.09867,0,0,2.8724,0.157189,0.616546,3.6288,55.2395,0.538845,0,0,0.791472,0.228327,0,0.66528,12.849,1,0.373022,0.616546,0,51.3979,4.77897,46.8624,0.84672,12.849,0.84672,3695.15,0,36.966,0.360752,1.52262,1.95227,7.39057,1.08026,9.42445,0.42336,36.966,0.42336,423.524,0,1.02816,0,0,2.55078,1.52262,1.028160,1,0,56.2869,0,0,0,56.2869,0
72.2872,2.09908,0,0,2.64588,0.186692,0.36288,3.6288,55.2213,0.539111,0,0,0.741705,0.220766,0,0.66528,12.849,1,0.373095,0.36288,0,48.0475,4.27128,43.766,0.84672,12.849,0.84672,3695.15,0,36.966,0.36077,1.39672,1.95258,6.76745,1.09984,8.65613,0.42336,36.966,0.42336,423.524,0,1.02816,0,0,2.42488,1.39672,1.028160,1,0,52.4221,0,0,0,52.4221,0
72.2,2.09948,0,0,2.50008,0.124948,0.36288,3.6288,55.1848,0.53921,0,0,0.746107,0.24342,0,0.66528,12.849,1,0.373181,0.36288,0,45.0255,4.379,40.6362,0.84672,12.849,0.84672,3695.15,0,36.966,0.360955,1.41318,1.95289,6.71086,1.16024,8.55574,0.42336,36.966,0.42336,423.524,0,1.02816,0,0,2.44134,1.41318,1.028160,1,0,49.1919,0,0,0,49.1919,0
72.29,2.0784,0,0,2.79821,0.110689,0.519119,3.6288,54.8992,0.566691,0,0,0.524772,0.243686,0,0.66528,12.849,1,0.369881,0.519119,0,37.8036,5.0924,32.8605,0.84672,12.849,0.84672,3695.15,0,36.966,0.379603,1.33257,1.9532,5.34253,1.20926,7.03944,0.42336,36.966,0.42336,423.524,0,1.02816,0,0,2.36073,1.33257,1.028160,1,0,39.8999,0,0,0,39.8999,0
72.29,2.0792,0,0,2.58678,0.110765,0.396813,3.6288,54.5976,0.565685,0,0,0.507332,0.243228,0,0.66528,12.849,1,0.369563,0.396813,0,37.5753,5.0924,32.5101,0.84672,12.849,0.84672,3695.15,0,36.966,0.380901,1.29264,1.98427,5.41731,1.20926,7.10406,0.42336,36.966,0.42336,423.524,0,1.02816,0,0,2.3208,1.29264,1.028160,1,0,39.6142,0,0,0,39.6142,0
72.0851,2.07961,0,0,2.34837,0.110765,0.36288,3.6288,54.2695,0.564605,0,0,0.479274,0.242745,0,0.66528,12.849,1,0.369635,0.36288,0,36.4586,5.0924,31.3594,0.84672,12.849,0.84672,3695.15,0,36.966,0.382273,1.06498,1.98459,5.0922,1.20926,6.55023,0.42336,36.966,0.42336,423.524,0,1.02816,0,0,2.09314,1.06498,1.028160,1,0,37.9096,0,0,0,37.9096,0
71.6923,2.07913,0,0,2.15028,0.101087,0.36288,3.6288,53.8991,0.563404,0,0,0.456153,0.263181,0,0.66528,12.849,1,0.3706,0.36288,0,32.1518,5.3747,26.7694,0.84672,12.849,0.84672,3695.15,0,36.966,0.383766,0.979093,1.9849,4.94529,1.31231,6.21322,0.42336,36.966,0.42336,423.524,0,1.02816,0,0,2.00725,0.979093,1.028160,1,0,32.9826,0,0,0,32.9826,0
71.2282,2.13229,0,0,2.11637,0.0853146,0.36288,3.6288,53.3899,0.586266,0,0,0.378199,0.301099,0,0.66528,12.849,1,0.382158,0.36288,0,33.2554,5.95822,27.2779,0.84672,12.849,0.84672,3695.15,0,36.966,0.402083,0.872251,1.98522,4.34355,1.49201,5.30693,0.42336,36.966,0.42336,423.524,0,1.02816,0,0,1.90041,0.872251,1.028160,1,0,32.5849,0,0,0,32.5849,0
70.5547,2.1306,0,0,1.91119,0.091158,0.36288,3.6288,52.8045,0.584177,0,0,0.2884,0.289664,0,0.66528,12.849,1,0.384343,0.36288,0,25.8586,5.86656,19.9705,0.84672,12.849,0.84672,3695.15,0,36.966,0.404471,0.807676,2.02916,3.87965,1.43358,4.87844,0.42336,36.966,0.42336,423.524,0,1.02816,0,0,1.83584,0.807676,1.028160,1,0,24.849,0,0,0,24.849,0
69.7403,2.12791,0,0,1.76702,0.0906884,0.36288,3.6288,52.2019,0.581715,0,0,0.26745,0.288311,0,0.66528,12.849,1,0.387522,0.36288,0,24.796,5.86656,18.9048,0.84672,12.849,0.84672,3695.15,0,36.966,0.407232,0.584254,2.02949,3.37332,1.43358,4.14625,0.42336,36.966,0.42336,423.524,0,1.02816,0,0,1.61241,0.584254,1.028160,1,0,23.0511,0,0,0,23.0511,0
68.9739,2.1245,0,0,1.80628,0.085315,0.36288,3.6288,51.6304,0.579139,0,0,0.297014,0.289355,0,0.66528,12.849,1,0.39142,0.36288,0,23.5836,5.94133,17.6137,0.84672,12.849,0.84672,3695.15,0,36.966,0.410108,0.801827,2.02981,4.17253,1.44852,5.14554,0.42336,36.966,0.42336,423.524,0,1.02816,0,0,1.82999,0.801827,1.028160,1,0,22.7592,0,0,0,22.7592,0
68.1672,2.27995,0,0,1.91164,0.07543,0.36288,3.6288,50.9993,0.66273,0,0,0.299362,0.267755,0,0.66528,12.849,1,0.424727,0.36288,0,24.0016,6.11053,17.8292,0.84672,12.849,0.84672,3695.15,0,36.966,0.474497,0.896391,2.03013,4.58205,1.5177,5.51638,0.42336,36.966,0.42336,423.524,0,1.02816,0,0,1.92455,0.896391,1.028160,1,0,23.3456,0,0,0,23.3456,0
67.7939,2.27616,0,0,2.34325,0.0775301,0.36288,3.6288,50.3531,0.659515,0,0,0.316308,0.302976,0,0.66528,12.849,1,0.429039,0.36288,0,31.602,6.40678,25.1291,0.84672,12.849,0.84672,3695.15,0,36.966,0.478038,1.1589,2.17983,4.79221,1.6385,6.01441,0.42336,36.966,0.42336,423.524,0,1.02816,0,0,2.18706,1.1589,1.028160,1,0,31.1435,0,0,0,31.1435,0
66.9371,2.27462,0,0,1.85794,0.0773034,0.36288,3.6288,49.633,0.656165,0,0,0.237416,0.301385,0,0.66528,12.849,1,0.431109,0.36288,0,34.7004,6.40678,28.2254,0.84672,12.849,0.84672,3695.15,0,36.966,0.481714,0.614434,2.18018,3.8478,1.6385,4.52221,0.42336,36.966,0.42336,423.524,0,1.02816,0,0,1.64259,0.614434,1.028160,1,0,32.7476,0,0,0,32.7476,0
66.4852,2.27043,0,0,2.25825,0.076783,0.36288,3.6288,49.0627,0.652346,0,0,0.381703,0.299611,0,0.66528,12.849,1,0.435823,0.36288,0,30.2481,6.40678,23.7684,0.84672,12.849,0.84672,3695.15,0,36.966,0.485859,1.69516,2.18053,5.5442,1.6385,7.29554,0.42336,36.966,0.42336,423.524,0,1.02816,0,0,2.72332,1.69516,1.028160,1,0,31.0639,0,0,0,31.0639,0
65.5922,2.26839,0,0,1.81962,0.0813578,0.36288,3.6288,48.4106,0.649311,0,0,0.270116,0.272927,0,0.66528,12.849,1,0.438391,0.36288,0,26.0294,5.66741,20.2865,0.84672,12.849,0.84672,3695.15,0,36.966,0.489219,0.947065,2.18088,5.55868,1.35068,6.84673,0.42336,36.966,0.42336,423.524,0,1.02816,0,0,1.97522,0.947065,1.028160,1,0,27.1332,0,0,0,27.1332,0
64.301,2.18705,0,0,1.37392,0.115156,0.36288,3.6288,47.9155,0.594888,0,0,0.360188,0.260367,0,0.66528,12.849,1,0.428425,0.36288,0,14.8691,5.07183,9.73172,0.84672,12.849,0.84672,3695.15,0,36.966,0.454253,2.21485,2.18123,4.91382,1.27921,7.57644,0.42336,36.966,0.42336,423.524,0,1.02816,0,0,3.24301,2.21485,1.028160,1,0,17.3082,0,0,0,17.3082,0
62.7401,2.1803,0,0,1.1013,0.119041,0.36288,3.6288,47.2594,0.592414,0,0,0.196878,0.260586,0,0.66528,12.849,1,0.43568,0.36288,0,13.9671,5.06499,8.82929,0.84672,12.849,0.84672,3695.15,0,36.966,0.457037,0.764459,2.09506,3.4248,1.30327,4.52401,0.42336,36.966,0.42336,423.524,0,1.02816,0,0,1.79262,0.764459,1.028160,1,0,13.3533,0,0,0,13.3533,0
61.2188,2.17173,0,0,1.149,0.135745,0.36288,3.6288,46.6144,0.589028,0,0,0.189533,0.24547,0,0.66528,12.849,1,0.444764,0.36288,0,13.425,4.85736,8.48576,0.84672,12.849,0.84672,3695.15,0,36.966,0.460733,0.709595,2.0954,3.44646,1.23837,4.55235,0.42336,36.966,0.42336,423.524,0,1.02816,0,0,1.73775,0.709595,1.028160,1,0,13.0381,0,0,0,13.0381,0
61.7841,2.16301,0,0,3.33319,0.241927,0.36288,3.6288,46.313,0.585645,0,0,0.446621,0.162429,0,0.66528,12.849,1,0.453988,0.36288,0,40.4633,3.61158,36.7606,0.84672,12.849,0.84672,3695.15,0,36.966,0.464426,1.64981,2.09573,9.05214,0.848986,11.4843,0.42336,36.966,0.42336,423.524,0,1.02816,0,0,2.67797,1.64981,1.028160,1,0,48.2449,0,0,0,48.2449,0
62.4185,2.10443,0,0,3.34871,0.247011,0.36288,3.6288,46.0752,0.538691,0,0,0.468477,0.16753,0,0.66528,12.849,1,0.437651,0.36288,0,48.7522,3.58598,45.0915,0.84672,12.849,0.84672,3695.15,0,36.966,0.429971,2.08231,2.09607,6.15086,0.862086,9.03718,0.42336,36.966,0.42336,423.524,0,1.02816,0,0,3.11047,2.08231,1.028160,1,0,54.1287,0,0,0,54.1287,0
63.6457,2.10853,0,0,3.95222,0.253598,0.36288,3.6288,46.1574,0.537624,0,0,0.794336,0.174548,0,0.66528,12.849,1,0.434047,0.36288,0,81.8333,3.55183,78.2103,0.84672,12.849,0.84672,3695.15,0,36.966,0.431334,2.58325,2.01913,7.75319,0.879553,11.0447,0.42336,36.966,0.42336,423.524,0,1.02816,0,0,3.61141,2.58325,1.028160,1,0,89.255,0,0,0,89.255,0
65.0687,2.11591,0,0,4.15791,0.256151,0.36288,3.6288,46.3899,0.538215,0,0,0.945337,0.174681,0,0.66528,12.849,1,0.427167,0.36288,0,90.2923,3.55183,86.6762,0.84672,12.849,0.84672,3695.15,0,36.966,0.431039,4.56565,2.01945,12.8408,0.879553,18.1153,0.42336,36.966,0.42336,423.524,0,1.02816,0,0,5.59381,4.56565,1.028160,1,0,104.791,0,0,0,104.791,0
68.8391,2.12413,0,0,6.52012,0.262742,0.36288,3.6288,46.3887,0.539582,0,0,0.712951,0.174506,0,0.66528,12.849,1,0.419448,0.36288,0,102.379,3.6393,98.6829,0.84672,12.849,0.84672,3695.15,0,36.966,0.429968,3.94929,2.01977,10.355,0.900703,14.9934,0.42336,36.966,0.42336,423.524,0,1.02816,0,0,4.97745,3.94929,1.028160,1,0,113.676,0,0,0,113.676,0
70.6028,1.96325,0,0,4.38216,0.292306,0.36288,3.6288,46.565,0.444955,0,0,0.795614,0.174411,0,0.66528,12.849,1,0.366447,0.36288,0,93.1288,4.18257,88.9427,0.84672,12.849,0.84672,3695.15,0,36.966,0.354573,3.23069,2.0201,9.25482,1.03924,13.1118,0.42336,36.966,0.42336,423.524,0,1.02816,0,0,4.25885,3.23069,1.028160,1,0,102.054,0,0,0,102.054,0
72.1648,1.97139,0,0,4.18757,0.291259,0.36288,3.6288,47.0545,0.445852,0,0,1.12936,0.193988,0,0.66528,12.849,1,0.358773,0.36288,0,76.8995,4.29345,72.6101,0.84672,12.849,0.84672,3695.15,0,36.966,0.353943,2.52154,1.84866,7.6696,1.10909,10.5768,0.42336,36.966,0.42336,423.524,0,1.02816,0,0,3.5497,2.52154,1.028160,1,0,83.1869,0,0,0,83.1869,0
72.29,1.97837,0,0,3.18092,0.294756,0.78262,3.6288,47.246,0.448063,0,0,0.834391,0.194816,0,0.66528,12.849,1,0.35225,0.78262,0,60.7846,4.29345,56.9215,0.84672,12.849,0.84672,3695.15,0,36.966,0.351998,1.53724,1.84895,6.52636,1.10909,8.45147,0.42336,36.966,0.42336,423.524,0,1.02816,0,0,2.5654,1.53724,1.028160,1,0,65.3729,0,0,0,65.3729,0
72.29,1.97928,0,0,4.11505,0.28648,1.84929,3.6288,47.6185,0.449013,0,0,1.01933,0.197785,0,0.66528,12.849,1,0.351802,1.84929,0,70.511,3.86841,68.1401,0.84672,12.849,0.84672,3695.15,0,36.966,0.351315,2.7584,1.84924,8.26278,1.05656,11.4625,0.42336,36.966,0.42336,423.524,0,1.02816,0,0,3.78656,2.7584,1.028160,1,0,79.6027,0,0,0,79.6027,0
72.29,1.97967,0,0,5.77705,0.282681,3.5147,3.6288,48.341,0.450711,0,0,1.3808,0.207643,0,0.66528,12.849,1,0.351871,3.5147,0,106.694,4.20556,105.651,0.84672,12.849,0.84672,3695.15,0,36.966,0.349884,3.71707,1.84953,11.446,1.06412,15.5986,0.42336,36.966,0.42336,423.524,0,1.02816,0,0,4.74523,3.71707,1.028160,1,0,121.25,0,0,0,121.25,0
72.29,2.05013,0,0,7.50424,0.264397,5.18971,3.6288,48.8207,0.481794,0,0,1.1691,0.207562,0,0.66528,12.849,1,0.364395,5.18971,0,175.251,4.27494,175.802,0.84672,12.849,0.84672,3695.15,0,36.966,0.368424,5.03385,1.84983,11.9182,1.21534,17.2181,0.42336,36.966,0.42336,423.524,0,1.02816,0,0,6.06201,5.03385,1.028160,1,0,193.02,0,0,0,193.02,0
72.29,2.05051,0,0,7.63973,0.257084,5.33213,3.6288,49.0231,0.484004,0,0,0.894275,0.207853,0,0.66528,12.849,1,0.364463,5.33213,0,175.904,4.30269,176.569,0.84672,12.849,0.84672,3695.15,0,36.966,0.366478,3.88441,1.90372,13.6956,1.27583,17.8414,0.42336,36.966,0.42336,423.524,0,1.02816,0,0,4.91257,3.88441,1.028160,1,0,194.411,0,0,0,194.411,0
72.29,2.0509,0,0,8.15885,0.257084,5.85086,3.6288,49.17,0.485018,0,0,0.840028,0.208202,0,0.66528,12.849,1,0.364532,5.85086,0,213.062,4.30269,214.245,0.84672,12.849,0.84672,3695.15,0,36.966,0.365729,3.72104,1.90401,12.8065,1.27583,16.79,0.42336,36.966,0.42336,423.524,0,1.02816,0,0,4.7492,3.72104,1.028160,1,0,231.035,0,0,0,231.035,0
72.29,2.05129,0,0,6.39908,0.257084,4.09071,3.6288,49.2494,0.485792,0,0,0.773673,0.208454,0,0.66528,12.849,1,0.364601,4.09071,0,168.068,4.30269,167.491,0.84672,12.849,0.84672,3695.15,0,36.966,0.365218,3.37118,1.90429,12.5925,1.27583,16.227,0.42336,36.966,0.42336,423.524,0,1.02816,0,0,4.39934,3.37118,1.028160,1,0,183.718,0,0,0,183.718,0
72.29,2.27683,0,0,6.52524,0.257493,3.99091,3.6288,49.4814,0.592201,0,0,0.999804,0.17561,0,0.66528,12.849,1,0.40469,3.99091,0,173.632,3.13587,174.082,0.84672,12.849,0.84672,3695.15,0,36.966,0.444499,3.03661,1.90458,9.48178,0.917711,13.0608,0.42336,36.966,0.42336,423.524,0,1.02816,0,0,4.06477,3.03661,1.028160,1,0,187.143,0,0,0,187.143,0
72.29,2.27726,0,0,4.40191,0.324246,1.8004,3.6288,49.4541,0.593563,0,0,0.7458,0.179549,0,0.66528,12.849,1,0.404765,1.8004,0,93.8719,2.57124,92.6963,0.84672,12.849,0.84672,3695.15,0,36.966,0.443432,1.39773,2.09783,5.07824,0.690204,7.44016,0.42336,36.966,0.42336,423.524,0,1.02816,0,0,2.42589,1.39773,1.028160,1,0,100.136,0,0,0,100.136,0
72.29,2.27768,0,0,3.82126,0.321648,1.22194,3.6288,49.463,0.593592,0,0,0.787113,0.184597,0,0.66528,12.849,1,0.404841,1.22194,0,86.3585,2.70228,84.4733,0.84672,12.849,0.84672,3695.15,0,36.966,0.443699,1.43655,2.09815,5.26098,0.7312,7.62078,0.42336,36.966,0.42336,423.524,0,1.02816,0,0,2.46471,1.43655,1.028160,1,0,92.0941,0,0,0,92.0941,0
72.29,2.27811,0,0,4.34028,0.299537,1.76264,3.6288,49.4761,0.593806,0,0,0.809503,0.202604,0,0.66528,12.849,1,0.404916,1.76264,0,87.899,3.80585,85.4509,0.84672,12.849,0.84672,3695.15,0,36.966,0.443779,1.62926,2.09847,5.95261,1.11728,8.11929,0.42336,36.966,0.42336,423.524,0,1.02816,0,0,2.65742,1.62926,1.028160,1,0,93.5702,0,0,0,93.5702,0
72.29,1.95717,0,0,4.31222,0.292288,2.06277,3.6288,49.5917,0.451519,0,0,0.74733,0.180148,0,0.66528,12.849,1,0.347871,2.06277,0,96.7499,2.94733,95.5174,0.84672,12.849,0.84672,3695.15,0,36.966,0.337352,1.80394,2.09879,6.36115,0.816789,9.10974,0.42336,36.966,0.42336,423.524,0,1.02816,0,0,2.8321,1.80394,1.028160,1,0,104.627,0,0,0,104.627,0
72.29,1.95754,0,0,5.46501,0.357848,3.14962,3.6288,49.7629,0.452115,0,0,0.726892,0.103614,0,0.66528,12.849,1,0.347937,3.14962,0,126.188,1.78406,127.206,0.84672,12.849,0.84672,3695.15,0,36.966,0.337009,2.01538,1.8358,7.35126,0.635592,10.2298,0.42336,36.966,0.42336,423.524,0,1.02816,0,0,3.04354,2.01538,1.028160,1,0,137.436,0,0,0,137.436,0
72.29,1.95791,0,0,7.96105,0.357848,5.6453,3.6288,50.4269,0.452926,0,0,1.22065,0.103759,0,0.66528,12.849,1,0.348003,5.6453,0,187.907,1.78406,191.42,0.84672,12.849,0.84672,3695.15,0,36.966,0.336452,4.69793,1.83608,14.8139,0.635592,20.3759,0.42336,36.966,0.42336,423.524,0,1.02816,0,0,5.72609,4.69793,1.028160,1,0,211.796,0,0,0,211.796,0
72.29,1.95828,0,0,6.2422,0.361607,3.92232,3.6288,50.729,0.455628,0,0,0.904586,0.146868,0,0.66528,12.849,1,0.348069,3.92232,0,162.59,3.08339,163.081,0.84672,12.849,0.84672,3695.15,0,36.966,0.334004,3.37962,1.83636,10.9893,0.835688,15.0356,0.42336,36.966,0.42336,423.524,0,1.02816,0,0,4.40778,3.37962,1.028160,1,0,178.117,0,0,0,178.117,0
72.29,1.95865,0,0,5.39833,0.362233,3.07745,3.6288,51.1931,0.456926,0,0,1.0754,0.154338,0,0.66528,12.849,1,0.348135,3.07745,0,143.87,3.29994,143.299,0.84672,12.849,0.84672,3695.15,0,36.966,0.33296,2.75327,1.83664,9.36982,0.869038,12.7577,0.42336,36.966,0.42336,423.524,0,1.02816,0,0,3.78143,2.75327,1.028160,1,0,156.057,0,0,0,156.057,0
72.29,2.03998,0,0,3.28412,0.323797,0.920338,3.6288,51.3602,0.49423,0,0,0.794496,0.13313,0,0.66528,12.849,1,0.362591,0.920338,0,62.7799,2.85138,60.4862,0.84672,12.849,0.84672,3695.15,0,36.966,0.356878,1.68934,1.83691,6.68425,0.594906,9.25872,0.42336,36.966,0.42336,423.524,0,1.02816,0,0,2.7175,1.68934,1.028160,1,0,69.745,0,0,0,69.745,0
72.29,2.04037,0,0,4.27425,0.313121,1.92077,3.6288,51.7589,0.495058,0,0,1.04191,0.148158,0,0.66528,12.849,1,0.362659,1.92077,0,90.8341,3.11084,89.2814,0.84672,12.849,0.84672,3695.15,0,36.966,0.356313,2.16689,1.90216,8.74784,0.748321,11.7123,0.42336,36.966,0.42336,423.524,0,1.02816,0,0,3.19505,2.16689,1.028160,1,0,100.994,0,0,0,100.994,0
72.29,2.04075,0,0,2.9831,0.313121,0.629228,3.6288,51.847,0.496814,0,0,0.733562,0.148637,0,0.66528,12.849,1,0.362728,0.629228,0,61.2741,3.11084,58.4298,0.84672,12.849,0.84672,3695.15,0,36.966,0.354822,0.853606,1.90245,6.66823,0.748321,8.32115,0.42336,36.966,0.42336,423.524,0,1.02816,0,0,1.88177,0.853606,1.028160,1,0,66.7509,0,0,0,66.7509,0
72.29,2.04113,0,0,3.70048,0.313121,1.34622,3.6288,52.6991,0.49732,0,0,1.49813,0.148743,0,0.66528,12.849,1,0.362796,1.34622,0,103.406,3.11084,101.279,0.84672,12.849,0.84672,3695.15,0,36.966,0.35458,3.35107,1.90274,12.1249,0.748321,16.2759,0.42336,36.966,0.42336,423.524,0,1.02816,0,0,4.37923,3.35107,1.028160,1,0,117.554,0,0,0,117.554,0
72.29,2.00984,0,0,2.84301,0.294355,0.538811,3.6288,52.9441,0.486918,0,0,0.883652,0.15171,0,0.66528,12.849,1,0.357234,0.538811,0,67.9641,3.54951,64.5962,0.84672,12.849,0.84672,3695.15,0,36.966,0.341551,1.50344,1.90303,6.92118,0.838755,9.14735,0.42336,36.966,0.42336,423.524,0,1.02816,0,0,2.5316,1.50344,1.028160,1,0,73.7436,0,0,0,73.7436,0
71.8371,2.01022,0,0,2.23694,0.316785,0.36288,3.6288,52.901,0.488002,0,0,0.615686,0.170794,0,0.66528,12.849,1,0.357302,0.36288,0,56.4761,4.12902,52.3526,0.84672,12.849,0.84672,3695.15,0,36.966,0.340727,0.848819,1.87802,4.84432,0.932073,6.29836,0.42336,36.966,0.42336,423.524,0,1.02816,0,0,1.87698,0.848819,1.028160,1,0,58.651,0,0,0,58.651,0
71.2994,2.00869,0,0,2.05168,0.217721,0.36288,3.6288,52.7263,0.487992,0,0,0.527252,0.214027,0,0.66528,12.849,1,0.359281,0.36288,0,51.5589,4.53264,47.0298,0.84672,12.849,0.84672,3695.15,0,36.966,0.340998,0.698069,1.87831,4.51479,0.956172,5.79399,0.42336,36.966,0.42336,423.524,0,1.02816,0,0,1.72623,0.698069,1.028160,1,0,52.8238,0,0,0,52.8238,0
70.7089,2.00677,0,0,1.99592,0.21683,0.36288,3.6288,52.6066,0.487481,0,0,0.581571,0.213727,0,0.66528,12.849,1,0.361645,0.36288,0,49.8295,4.53264,45.2981,0.84672,12.849,0.84672,3695.15,0,36.966,0.341769,0.887544,1.87859,5.23468,0.956172,6.70288,0.42336,36.966,0.42336,423.524,0,1.02816,0,0,1.9157,0.887544,1.028160,1,0,52.0009,0,0,0,52.0009,0
69.9009,2.11183,0,0,1.88909,0.222319,0.36288,3.6288,52.425,0.536562,0,0,0.563738,0.208797,0,0.66528,12.849,1,0.383755,0.36288,0,46.0382,4.39343,41.6239,0.84672,12.849,0.84672,3695.15,0,36.966,0.377035,0.655569,1.87888,4.49165,0.961308,5.68775,0.42336,36.966,0.42336,423.524,0,1.02816,0,0,1.68373,0.655569,1.028160,1,0,47.3116,0,0,0,47.3116,0
68.9734,2.10848,0,0,1.75102,0.207195,0.36288,3.6288,52.1905,0.535957,0,0,0.4934,0.191953,0,0.66528,12.849,1,0.387575,0.36288,0,41.817,3.9374,37.8549,0.84672,12.849,0.84672,3695.15,0,36.966,0.377915,0.689965,1.96787,3.76035,0.921911,5.11837,0.42336,36.966,0.42336,423.524,0,1.02816,0,0,1.71812,0.689965,1.028160,1,0,42.9733,0,0,0,42.9733,0
68,2.10448,0,0,1.69962,0.20571,0.36288,3.6288,51.9878,0.535123,0,0,0.523981,0.191591,0,0.66528,12.849,1,0.392042,0.36288,0,39.858,3.9374,35.8915,0.84672,12.849,0.84672,3695.15,0,36.966,0.379023,0.670274,1.96817,4.00024,0.921911,5.33776,0.42336,36.966,0.42336,423.524,0,1.02816,0,0,1.69843,0.670274,1.028160,1,0,41.2292,0,0,0,41.2292,0
66.9452,2.10015,0,0,1.61243,0.204151,0.36288,3.6288,51.7712,0.53442,0,0,0.509181,0.191278,0,0.66528,12.849,1,0.396837,0.36288,0,37.4357,3.9374,33.4644,0.84672,12.849,0.84672,3695.15,0,36.966,0.380001,0.597966,1.96847,3.69846,0.921911,4.96298,0.42336,36.966,0.42336,423.524,0,1.02816,0,0,1.62613,0.597966,1.028160,1,0,38.4274,0,0,0,38.4274,0
65.8001,2.0953,0,0,1.50598,0.192929,0.36288,3.6288,51.5174,0.533653,0,0,0.478678,0.198834,0,0.66528,12.849,1,0.402158,0.36288,0,34.8065,4.13214,30.6351,0.84672,12.849,0.84672,3695.15,0,36.966,0.381042,0.506995,1.96877,3.58679,0.949558,4.73196,0.42336,36.966,0.42336,423.524,0,1.02816,0,0,1.53516,0.506995,1.028160,1,0,35.367,0,0,0,35.367,0
64.9866,2.06886,0,0,1.7429,0.124677,0.36288,3.6288,51.2551,0.559651,0,0,0.510952,0.213664,0,0.66528,12.849,1,0.403992,0.36288,0,37.9941,4.74117,33.2119,0.84672,12.849,0.84672,3695.15,0,36.966,0.401574,0.560935,1.96907,5.01221,1.0722,6.06845,0.42336,36.966,0.42336,423.524,0,1.02816,0,0,1.58909,0.560935,1.028160,1,0,39.2803,0,0,0,39.2803,0
64.0704,2.06502,0,0,1.63394,0.12224,0.36288,3.6288,51.0007,0.55862,0,0,0.512145,0.207887,0,0.66528,12.849,1,0.408291,0.36288,0,37.9763,4.64793,33.283,0.84672,12.849,0.84672,3695.15,0,36.966,0.402886,0.569532,2.00041,5.09397,1.06499,6.19604,0.42336,36.966,0.42336,423.524,0,1.02816,0,0,1.59769,0.569532,1.028160,1,0,39.479,0,0,0,39.479,0
62.9982,2.06054,0,0,1.47258,0.121341,0.36288,3.6288,50.7126,0.557619,0,0,0.476928,0.207458,0,0.66528,12.849,1,0.413232,0.36288,0,35.1984,4.64793,30.5001,0.84672,12.849,0.84672,3695.15,0,36.966,0.40417,0.366094,2.00072,4.85012,1.06499,5.74777,0.42336,36.966,0.42336,423.524,0,1.02816,0,0,1.39425,0.366094,1.028160,1,0,36.2479,0,0,0,36.2479,0
61.8902,2.05509,0,0,1.40816,0.0981647,0.36288,3.6288,50.349,0.556455,0,0,0.450878,0.25793,0,0.66528,12.849,1,0.419153,0.36288,0,31.7333,5.35368,26.3234,0.84672,12.849,0.84672,3695.15,0,36.966,0.405618,0.34846,2.00102,4.60813,1.3226,5.22939,0.42336,36.966,0.42336,423.524,0,1.02816,0,0,1.37662,0.34846,1.028160,1,0,31.5528,0,0,0,31.5528,0
60.5014,2.10293,0,0,1.1716,0.0945884,0.36288,3.6288,49.8133,0.637061,0,0,0.379793,0.278501,0,0.66528,12.849,1,0.436589,0.36288,0,25.8027,5.64881,20.0802,0.84672,12.849,0.84672,3695.15,0,36.966,0.467727,0.261274,2.00133,3.87196,1.45169,4.21514,0.42336,36.966,0.42336,423.524,0,0.926977,0,0,1.18825,0.261274,1.028160,1,0,24.2953,0,0,0,24.2953,0
59.1462,2.09506,0,0,1.20423,0.101521,0.36288,3.6288,49.379,0.594926,0,0,0.43924,0.278626,0,0.66528,12.849,1,0.444938,0.36288,0,29.7923,5.66591,24.0443,0.84672,12.849,0.84672,3695.15,0,36.966,0.441489,0.261274,2.04565,3.676,1.48643,4.05501,0.42336,36.966,0.42336,423.524,0,0.995639,0,0,1.25691,0.261274,1.028160,1,0,28.0993,0,0,0,28.0993,0
57.6921,2.08707,0,0,1.09614,0.100235,0.36288,3.6288,48.8893,0.574273,0,0,0.362284,0.277632,0,0.66528,12.849,1,0.453399,0.36288,0,23.996,5.66591,18.2396,0.84672,12.849,0.84672,3695.15,0,36.966,0.429911,0.255908,2.04596,3.41583,1.48643,3.80136,0.42336,36.966,0.42336,423.524,0,1.02816,0,0,1.28407,0.255908,1.028160,1,0,22.041,0,0,0,22.041,0
56.1492,2.07812,0,0,0.996926,0.0988294,0.36288,3.6288,48.2805,0.669736,0,0,0.337388,0.276512,0,0.66528,12.849,1,0.462831,0.36288,0,22.3697,5.66591,16.6039,0.84672,12.849,0.84672,3695.15,0,36.966,0.506398,0.227405,2.04627,3.04419,1.48643,3.32505,0.42336,36.966,0.42336,423.524,0,0.856501,0,0,1.08391,0.227405,1.028160,1,0,19.9289,0,0,0,19.9289,0
54.5584,2.22271,0,0,1.08562,0.0908193,0.36288,3.6288,47.7518,0.653444,0,0,0.398244,0.27348,0,0.66528,12.849,1,0.508638,0.36288,0,22.4756,5.77404,16.5558,0.84672,12.849,0.84672,3695.15,0,36.966,0.50031,0.337789,2.04659,4.30428,1.51233,4.67601,0.42336,36.966,0.42336,423.524,0,1.02816,0,0,1.36595,0.337789,1.028160,1,0,21.2318,0,0,0,21.2318,0
53.0984,2.21112,0,0,1.23448,0.120491,0.36288,3.6288,47.233,0.6505,0,0,0.414478,0.282759,0,0.66528,12.849,1,0.520739,0.36288,0,24.2058,5.64774,18.4002,0.84672,12.849,0.84672,3695.15,0,36.966,0.50357,0.279729,2.1976,3.7672,1.47439,4.26657,0.42336,36.966,0.42336,423.524,0,1.02816,0,0,1.30789,0.279729,1.028160,1,0,22.6668,0,0,0,22.6668,0
51.4073,2.2,0,0,0.990472,0.118716,0.36288,3.6288,46.5269,0.750475,0,0,0.325922,0.281534,0,0.66528,12.849,1,0.532367,0.36288,0,28.4711,5.64774,22.6539,0.84672,12.849,0.84672,3695.15,0,36.966,0.587345,0.204422,2.19794,3.12936,1.47439,3.46999,0.42336,36.966,0.42336,423.524,0,0.844724,0,0,1.04915,0.204422,1.028160,1,0,26.1239,0,0,0,26.1239,0
49.9144,2.1864,0,0,1.17304,0.116661,0.36288,3.6288,46.1012,0.643463,0,0,0.497502,0.279819,0,0.66528,12.849,1,0.546479,0.36288,0,24.4375,5.64774,18.6062,0.84672,12.849,0.84672,3695.15,0,36.966,0.511236,0.550066,2.19828,4.23191,1.47439,4.99463,0.42336,36.966,0.42336,423.524,0,1.02816,0,0,1.57823,0.550066,1.028160,1,0,23.6008,0,0,0,23.6008,0
48.2398,2.1738,0,0,0.98007,0.117961,0.36288,3.6288,45.565,0.641018,0,0,0.365105,0.260234,0,0.66528,12.849,1,0.559582,0.36288,0,22.3006,5.0932,17.0107,0.84672,12.849,0.84672,3695.15,0,36.966,0.513997,0.217028,2.19862,4.38439,1.25853,5.02751,0.42336,36.966,0.42336,423.524,0,1.02816,0,0,1.24519,0.217028,1.028160,1,0,22.0382,0,0,0,22.0382,0
46.2897,2.08571,0,0,0.650486,0.152026,0.36288,3.6288,44.6913,0.839598,0,0,0.240702,0.274784,0,0.66528,12.849,1,0.555543,0.36288,0,9.37293,4.80967,4.37059,0.84672,12.849,0.84672,3695.15,0,36.966,0.68115,0.204422,2.19896,2.89514,1.14404,3.47333,0.42336,36.966,0.42336,423.524,0,0.572234,0,0,0.776657,0.204422,1.028160,1,0,7.84392,0,0,0,7.84392,0
44.2716,2.06778,0,0,0.584166,0.171558,0.36288,3.6288,43.7872,0.860217,0,0,0.248435,0.292294,0,0.66528,12.2825,1,0.573969,0.36288,0,6.84444,5.06037,3.20544,0.84672,12.2825,0.84672,3694.09,0,36.966,0.71152,0.216518,2.11201,2.82304,1.25252,3.18753,0.42336,36.966,0.42336,423.524,0,0.521545,0,0,0.738063,0.216518,1.028160,1,0,6.39297,0,0,0,6.39297,0
42.2391,2.0684,0,0,0.566462,0.167709,0.36288,3.6288,42.89,0.85477,0,0,0.2473,0.289815,0,0.66528,12.1859,1,0.573844,0.36288,0,9.44611,5.06037,3.20544,0.84672,12.1859,0.84672,3695.15,0,36.966,0.721613,0.216518,2.11233,2.83052,1.25252,3.18524,0.42336,36.966,0.42336,423.524,0,0.517199,0,0,0.733717,0.216518,1.028160,1,0,6.39068,0,0,0,6.39068,0
40.297,2.05102,0,0,0.635593,0.163831,0.36288,3.6288,42.1983,0.756339,0,0,0.35208,0.287354,0,0.66528,12.849,1,0.591714,0.36288,0,22.1573,5.06037,16.2049,0.84672,12.849,0.84672,3695.15,0,36.966,0.651873,0.216518,2.11266,3.91776,1.25252,4.34254,0.42336,36.966,0.42336,423.524,0,0.68567,0,0,0.902189,0.216518,1.028160,1,0,20.5475,0,0,0,20.5475,0
38.6967,1.94648,0,0,0.899476,0.190389,0.36288,3.6288,41.4342,0.759419,0,0,0.269131,0.273866,0,0.66528,12.849,1,0.620651,0.36288,0,27.2711,5.40555,21.6078,0.84672,12.849,0.84672,3695.15,0,36.966,0.665256,0.216518,2.11298,3.59103,1.32842,3.92686,0.42336,36.966,0.42336,423.524,0,0.587068,0,0,0.803587,0.216518,1.028160,1,0,25.5347,0,0,0,25.5347,0
37.3314,1.92758,0,0,1.10292,0.177726,0.36288,3.6288,40.7062,0.704857,0,0,0.198845,0.221934,0,0.66528,12.849,1,0.640039,0.36288,0,19.5833,5.14321,14.1629,0.84672,12.849,0.84672,3695.15,0,36.966,0.628846,0.216518,2.03535,2.65654,1.30202,2.97755,0.42336,36.966,0.42336,423.524,0,0.678326,0,0,0.894845,0.216518,1.028160,1,0,17.1404,0,0,0,17.1404,0
36.0446,1.91052,0,0,1.16145,0.174909,0.36288,3.6288,39.9912,0.706304,0,0,0.211665,0.220371,0,0.66528,12.849,1,0.657576,0.36288,0,20.8323,5.14321,15.3944,0.84672,12.849,0.84672,3695.15,0,36.966,0.641406,0.292723,2.03566,4.77261,1.30202,5.15757,0.42336,36.966,0.42336,423.524,0,0.664606,0,0,0.957329,0.292723,1.028160,1,0,20.552,0,0,0,20.552,0
35.2407,1.89357,0,0,1.64189,0.189355,0.36288,3.6288,39.465,0.581688,0,0,0.268119,0.212715,0,0.66528,12.849,1,0.675009,0.36288,0,33.1264,4.92875,27.8856,0.84672,12.849,0.84672,3695.15,0,36.966,0.537685,0.292723,2.03598,4.39758,1.27087,4.91772,0.42336,36.966,0.42336,423.524,0,0.893229,0,0,1.18595,0.292723,1.028160,1,0,32.8033,0,0,0,32.8033,0
36.5116,1.72416,0,0,3.56805,0.210113,0.36288,3.6288,39.3773,0.419747,0,0,0.535658,0.203532,0,0.66528,12.849,1,0.628642,0.36288,0,38.3832,4.64279,33.4747,0.84672,12.849,0.84672,3695.15,0,36.966,0.393169,0.678473,2.03629,8.01661,1.22934,9.10886,0.42336,36.966,0.42336,423.524,0,1.02816,0,0,1.70663,0.678473,1.028160,1,0,42.5835,0,0,0,42.5835,0
37.5951,1.74068,0,0,3.38674,0.199698,0.36288,3.6288,39.0486,0.419429,0,0,0.298672,0.207934,0,0.66528,12.849,1,0.612572,0.36288,0,59.696,3.88511,55.5612,0.84672,12.849,0.84672,3695.15,0,36.966,0.393745,0.453384,1.86333,8.54874,0.88034,9.59137,0.42336,36.966,0.42336,423.524,0,1.02816,0,0,1.48154,0.453384,1.028160,1,0,65.1526,0,0,0,65.1526,0
38.057,1.75417,0,0,2.78126,0.202276,0.36288,3.6288,38.7591,0.443349,0,0,0.361072,0.207288,0,0.66528,12.849,1,0.599528,0.36288,0,78.8918,3.88511,74.7701,0.84672,12.849,0.84672,3695.15,0,36.966,0.419703,0.412474,1.86361,6.52526,0.88034,7.50131,0.42336,36.966,0.42336,423.524,0,0.97854,0,0,1.39101,0.412474,1.028160,1,0,82.2714,0,0,0,82.2714,0
39.3325,1.75994,0,0,3.60169,0.203375,0.36288,3.6288,39.328,0.416478,0,0,1.19209,0.206719,0,0.66528,12.849,1,0.5942,0.36288,0,110.382,3.88511,106.266,0.84672,12.849,0.84672,3695.15,0,36.966,0.397211,2.3909,1.8639,9.70529,0.88034,12.6825,0.42336,36.966,0.42336,423.524,0,1.02816,0,0,3.41906,2.3909,1.028160,1,0,118.948,0,0,0,118.948,0
39.63,1.7748,0,0,2.67255,0.237342,0.36288,3.6288,39.1748,0.419573,0,0,0.470997,0.204593,0,0.66528,12.849,1,0.579785,0.36288,0,55.4015,4.51211,50.6725,0.84672,12.849,0.84672,3695.15,0,36.966,0.394374,0.77061,1.86418,5.42163,1.14393,6.51811,0.42336,36.966,0.42336,423.524,0,1.02816,0,0,1.79877,0.77061,1.028160,1,0,57.1906,0,0,0,57.1906,0
40.6305,1.84128,0,0,3.43011,0.225495,0.36288,3.6288,39.222,0.444529,0,0,0.689323,0.197597,0,0.66528,12.849,1,0.596988,0.36288,0,60.7731,4.4725,56.0665,0.84672,12.849,0.84672,3695.15,0,36.966,0.419465,0.997583,1.86446,9.98839,1.16071,11.2703,0.42336,36.966,0.42336,423.524,0,1.02816,0,0,2.02574,0.997583,1.028160,1,0,67.3367,0,0,0,67.3367,0
43.0581,1.85279,0,0,4.85241,0.209151,0.36288,3.6288,39.7715,0.444921,0,0,1.18803,0.193631,0,0.66528,12.849,1,0.585926,0.36288,0,115.72,4.25471,111.242,0.84672,12.849,0.84672,3695.15,0,36.966,0.419329,1.53816,1.91881,17.8298,1.09422,19.7732,0.42336,36.966,0.42336,423.524,0,1.02816,0,0,2.56632,1.53816,1.028160,1,0,131.015,0,0,0,131.015,0
44.3825,1.87857,0,0,3.78109,0.215176,0.36288,3.6288,39.9533,0.448056,0,0,0.824541,0.194639,0,0.66528,12.849,1,0.560585,0.36288,0,91.5278,4.25471,87.0754,0.84672,12.849,0.84672,3695.15,0,36.966,0.41645,1.0145,1.91909,11.7005,1.09422,13.1235,0.42336,36.966,0.42336,423.524,0,1.02816,0,0,2.04266,1.0145,1.028160,1,0,100.199,0,0,0,100.199,0
45.5159,1.89188,0,0,3.60717,0.219046,0.36288,3.6288,40.082,0.449173,0,0,0.768139,0.190301,0,0.66528,12.849,1,0.547711,0.36288,0,78.8927,4.1687,74.5392,0.84672,12.849,0.84672,3695.15,0,36.966,0.415588,0.996339,1.91937,10.9738,1.07124,12.4026,0.42336,36.966,0.42336,423.524,0,1.02816,0,0,2.0245,0.996339,1.028160,1,0,86.9418,0,0,0,86.9418,0
46.875,2.11147,0,0,4.05766,0.224214,0.36288,3.6288,40.4468,0.547303,0,0,1.07325,0.161151,0,0.66528,12.849,1,0.59606,0.36288,0,92.308,3.57464,88.5002,0.84672,12.849,0.84672,3695.15,0,36.966,0.504755,1.65928,1.91965,14.259,0.944113,16.3891,0.42336,36.966,0.42336,423.524,0,1.02816,0,0,2.68744,1.65928,1.028160,1,0,104.889,0,0,0,104.889,0
50.1409,2.12541,0,0,5.97448,0.220339,0.36288,3.6288,40.9913,0.549831,0,0,1.24809,0.153764,0,0.66528,12.849,1,0.5826,0.36288,0,148.608,3.10663,145.282,0.84672,12.849,0.84672,3695.15,0,36.966,0.502513,2.54307,2.11457,22.284,1.00869,25.4305,0.42336,36.966,0.42336,423.524,0,1.02816,0,0,3.57123,2.54307,1.028160,1,0,170.712,0,0,0,170.712,0
51.1072,2.156,0,0,3.71345,0.228273,0.36288,3.6288,41.6167,0.553491,0,0,1.33347,0.154582,0,0.66528,12.849,1,0.552492,0.36288,0,87.213,3.10663,83.9168,0.84672,12.849,0.84672,3695.15,0,36.966,0.499139,1.97531,2.11488,13.354,1.00869,15.9363,0.42336,36.966,0.42336,423.524,0,1.02816,0,0,3.00347,1.97531,1.028160,1,0,99.8531,0,0,0,99.8531,0
51.1852,2.16473,0,0,2.8362,0.230602,0.36288,3.6288,41.6863,0.643354,0,0,0.868519,0.155522,0,0.66528,12.849,1,0.544242,0.36288,0,60.8571,3.10663,57.5691,0.84672,12.849,0.84672,3695.15,0,36.966,0.571459,0.608429,2.11519,8.19167,1.00869,9.33514,0.42336,36.966,0.42336,423.524,0,0.866264,0,0,1.47469,0.608429,1.028160,1,0,66.9043,0,0,0,66.9043,0
52.1127,1.86062,0,0,3.3864,0.235378,0.36288,3.6288,41.9039,0.430283,0,0,0.797632,0.149795,0,0.66528,12.849,1,0.467071,0.36288,0,60.5712,3.06919,57.3979,0.84672,12.849,0.84672,3695.15,0,36.966,0.38156,0.608429,2.1155,8.3141,0.986296,9.67017,0.42336,36.966,0.42336,423.524,0,1.01834,0,0,1.62677,0.608429,1.028160,1,0,67.068,0,0,0,67.068,0
53.9946,1.86763,0,0,4.37793,0.26545,0.36288,3.6288,42.2907,0.426251,0,0,0.928156,0.115051,0,0.66528,12.849,1,0.460485,0.36288,0,120.37,2.84455,117.428,0.84672,12.849,0.84672,3695.15,0,36.966,0.376023,1.42482,1.85021,12.7397,0.85192,14.7868,0.42336,36.966,0.42336,423.524,0,1.02816,0,0,2.45298,1.42482,1.028160,1,0,132.214,0,0,0,132.214,0
56.2102,1.88093,0,0,4.73003,0.270617,0.36288,3.6288,42.701,0.428218,0,0,0.954007,0.11548,0,0.66528,12.849,1,0.447602,0.36288,0,86.2203,2.84455,83.291,0.84672,12.849,0.84672,3695.15,0,36.966,0.374302,1.61203,1.85048,13.8186,0.85192,16.0549,0.42336,36.966,0.42336,423.524,0,1.02816,0,0,2.64019,1.61203,1.028160,1,0,99.3459,0,0,0,99.3459,0
57.2575,1.89564,0,0,3.58249,0.276701,0.36288,3.6288,42.8882,0.430277,0,0,0.73338,0.115934,0,0.66528,12.849,1,0.43332,0.36288,0,82.2407,2.84455,79.3257,0.84672,12.849,0.84672,3695.15,0,36.966,0.372488,1.01251,1.85075,12.2349,0.85192,13.8738,0.42336,36.966,0.42336,423.524,0,1.02816,0,0,2.04067,1.01251,1.028160,1,0,93.1995,0,0,0,93.1995,0
59.0943,1.90246,0,0,4.3588,0.256649,0.36288,3.6288,43.1469,0.431282,0,0,0.800967,0.111033,0,0.66528,12.849,1,0.426925,0.36288,0,93.731,2.85143,90.8156,0.84672,12.849,0.84672,3695.15,0,36.966,0.371729,1.28532,1.85102,11.2338,0.868972,13.1295,0.42336,36.966,0.42336,423.524,0,1.02816,0,0,2.31348,1.28532,1.028160,1,0,103.945,0,0,0,103.945,0
59.9573,1.9927,0,0,3.50196,0.283432,0.36288,3.6288,43.2393,0.465735,0,0,0.675298,0.117159,0,0.66528,12.849,1,0.433277,0.36288,0,58.4294,3.41235,54.9466,0.84672,12.849,0.84672,3695.15,0,36.966,0.399018,1.16132,1.85129,8.87086,0.897252,10.5872,0.42336,36.966,0.42336,423.524,0,1.02816,0,0,2.18948,1.16132,1.028160,1,0,65.5338,0,0,0,65.5338,0
62.3982,1.9982,0,0,5.09186,0.289863,0.36288,3.6288,43.6294,0.466333,0,0,0.97632,0.119812,0,0.66528,12.849,1,0.428219,0.36288,0,85.325,3.46616,81.7935,0.84672,12.849,0.84672,3695.15,0,36.966,0.398676,1.89306,1.91709,12.3998,0.996602,14.8147,0.42336,36.966,0.42336,423.524,0,1.02816,0,0,2.92122,1.89306,1.028160,1,0,96.6082,0,0,0,96.6082,0
63.2807,2.01245,0,0,3.55373,0.29591,0.36288,3.6288,43.7282,0.468401,0,0,0.687377,0.120256,0,0.66528,12.849,1,0.414403,0.36288,0,57.5572,3.46616,54.0395,0.84672,12.849,0.84672,3695.15,0,36.966,0.396863,0.692297,1.91737,9.45181,0.996602,10.668,0.42336,36.966,0.42336,423.524,0,1.02816,0,0,1.72046,0.692297,1.028160,1,0,64.7075,0,0,0,64.7075,0
65.0105,2.01762,0,0,4.40834,0.298053,0.36288,3.6288,44.5426,0.469025,0,0,1.4038,0.120369,0,0.66528,12.849,1,0.409673,0.36288,0,97.1349,3.46616,93.622,0.84672,12.849,0.84672,3695.15,0,36.966,0.396495,2.9757,1.91765,17.1868,0.996602,20.687,0.42336,36.966,0.42336,423.524,0,1.02816,0,0,4.00386,2.9757,1.028160,1,0,114.309,0,0,0,114.309,0
65.8056,1.99567,0,0,3.4327,0.279043,0.36288,3.6288,44.7946,0.460066,0,0,0.853157,0.141015,0,0.66528,12.849,1,0.394434,0.36288,0,63.8602,3.65088,60.1778,0.84672,12.849,0.84672,3695.15,0,36.966,0.38181,1.44033,1.91793,9.69342,1.00618,11.6637,0.42336,36.966,0.42336,423.524,0,1.02816,0,0,2.46849,1.44033,1.028160,1,0,71.8415,0,0,0,71.8415,0
65.3733,2.00002,0,0,2.18027,0.249682,0.36288,3.6288,44.6599,0.461381,0,0,0.494359,0.167702,0,0.66528,12.849,1,0.390518,0.36288,0,40.9892,3.89718,37.0644,0.84672,12.849,0.84672,3695.15,0,36.966,0.380747,0.622987,1.8927,4.80975,1.01896,5.92572,0.42336,36.966,0.42336,423.524,0,1.02816,0,0,1.65115,0.622987,1.028160,1,0,42.9901,0,0,0,42.9901,0
64.7334,1.99822,0,0,1.97001,0.24882,0.36288,3.6288,44.519,0.460891,0,0,0.487452,0.16749,0,0.66528,12.849,1,0.392747,0.36288,0,36.8382,3.89718,32.9111,0.84672,12.849,0.84672,3695.15,0,36.966,0.381489,0.623886,1.89297,5.94951,1.01896,7.06592,0.42336,36.966,0.42336,423.524,0,1.02816,0,0,1.65205,0.623886,1.028160,1,0,39.9771,0,0,0,39.9771,0
65.0034,1.99535,0,0,2.87584,0.247545,0.36288,3.6288,44.4618,0.460369,0,0,0.570413,0.167268,0,0.66528,12.849,1,0.396058,0.36288,0,43.4203,3.89718,39.49,0.84672,12.849,0.84672,3695.15,0,36.966,0.382264,0.818614,1.89325,5.35771,1.01896,6.66834,0.42336,36.966,0.42336,423.524,0,1.02816,0,0,1.84677,0.818614,1.028160,1,0,46.1583,0,0,0,46.1583,0
64.4704,2.10379,0,0,2.14573,0.212132,0.36288,3.6288,44.3019,0.506546,0,0,0.521752,0.175034,0,0.66528,12.849,1,0.41585,0.36288,0,42.1399,4.16808,37.9188,0.84672,12.849,0.84672,3695.15,0,36.966,0.421148,0.633787,1.89352,4.77095,0.968814,5.9083,0.42336,36.966,0.42336,423.524,0,1.02816,0,0,1.66195,0.633787,1.028160,1,0,43.8271,0,0,0,43.8271,0
63.6948,2.10131,0,0,1.90524,0.216604,0.36288,3.6288,44.0181,0.521726,0,0,0.411687,0.173836,0,0.66528,12.849,1,0.418792,0.36288,0,35.5304,4.28769,31.1868,0.84672,12.849,0.84672,3695.15,0,36.966,0.435333,0.402797,1.98327,4.65533,0.979391,5.62667,0.42336,36.966,0.42336,423.524,0,0.99906,0,0,1.40186,0.402797,1.028160,1,0,36.8134,0,0,0,36.8134,0
62.7883,2.09744,0,0,1.74042,0.186571,0.36288,3.6288,43.7452,0.504527,0,0,0.408214,0.17657,0,0.66528,12.849,1,0.423111,0.36288,0,31.7557,4.40139,27.2941,0.84672,12.849,0.84672,3695.15,0,36.966,0.423698,0.373352,1.98356,4.44684,0.943864,5.43619,0.42336,36.966,0.42336,423.524,0,1.02816,0,0,1.40151,0.373352,1.028160,1,0,32.7303,0,0,0,32.7303,0
61.8534,2.09275,0,0,1.7059,0.185198,0.36288,3.6288,43.5073,0.503239,0,0,0.441508,0.176115,0,0.66528,12.849,1,0.428259,0.36288,0,30.421,4.40139,25.9542,0.84672,12.849,0.84672,3695.15,0,36.966,0.425252,0.346896,1.98385,4.79159,0.943864,5.75322,0.42336,36.966,0.42336,423.524,0,1.02816,0,0,1.37506,0.346896,1.028160,1,0,31.7075,0,0,0,31.7075,0
60.8112,2.08776,0,0,1.5922,0.183783,0.36288,3.6288,43.2043,0.53077,0,0,0.403475,0.175718,0,0.66528,12.849,1,0.433697,0.36288,0,28.438,4.40139,23.9657,0.84672,12.849,0.84672,3695.15,0,36.966,0.450968,0.30119,1.98415,4.24302,0.943864,5.13352,0.42336,36.966,0.42336,423.524,0,0.97518,0,0,1.27637,0.30119,1.028160,1,0,29.0993,0,0,0,29.0993,0
59.9735,2.06112,0,0,1.72909,0.142793,0.36288,3.6288,42.9873,0.525797,0,0,0.47539,0.166665,0,0.66528,12.849,1,0.4355,0.36288,0,30.9886,4.39066,26.5253,0.84672,12.849,0.84672,3695.15,0,36.966,0.449876,0.831289,1.98444,4.5455,0.938197,5.97315,0.42336,36.966,0.42336,423.524,0,1.02816,0,0,1.85945,0.831289,1.028160,1,0,32.4984,0,0,0,32.4984,0
59.1246,2.05648,0,0,1.69658,0.126094,0.36288,3.6288,42.7707,0.524723,0,0,0.471061,0.162908,0,0.66528,12.849,1,0.440589,0.36288,0,31.359,4.38637,26.8949,0.84672,12.849,0.84672,3695.15,0,36.966,0.451224,0.774239,2.01603,4.36822,0.935931,5.77133,0.42336,36.966,0.42336,423.524,0,1.02816,0,0,1.8024,0.774239,1.028160,1,0,32.6662,0,0,0,32.6662,0
58.1579,2.05165,0,0,1.56005,0.112234,0.36288,3.6288,42.5057,0.523644,0,0,0.449742,0.191076,0,0.66528,12.849,1,0.445866,0.36288,0,27.8008,4.80983,22.9079,0.84672,12.849,0.84672,3695.15,0,36.966,0.452577,0.765279,2.01632,4.20316,1.0905,5.44169,0.42336,36.966,0.42336,423.524,0,1.02816,0,0,1.79344,0.765279,1.028160,1,0,28.3496,0,0,0,28.3496,0
57.121,2.04595,0,0,1.46619,0.0942326,0.36288,3.6288,42.1745,0.522281,0,0,0.41955,0.228502,0,0.66528,12.849,1,0.452018,0.36288,0,24.6795,5.37442,19.2159,0.84672,12.849,0.84672,3695.15,0,36.966,0.454213,0.732007,2.01662,4.04632,1.29659,5.04414,0.42336,36.966,0.42336,423.524,0,1.02816,0,0,1.76017,0.732007,1.028160,1,0,24.2601,0,0,0,24.2601,0
55.9454,2.09298,0,0,1.37374,0.0935028,0.36288,3.6288,41.7938,0.542696,0,0,0.401799,0.239809,0,0.66528,12.849,1,0.470802,0.36288,0,25.2679,5.5286,19.6313,0.84672,12.849,0.84672,3695.15,0,36.966,0.475674,0.686042,2.01691,3.7561,1.36374,4.61964,0.42336,36.966,0.42336,423.524,0,1.02816,0,0,1.7142,0.686042,1.028160,1,0,24.251,0,0,0,24.251,0
54.858,2.08531,0,0,1.45381,0.0929686,0.36288,3.6288,41.4046,0.540546,0,0,0.420293,0.268901,0,0.66528,12.849,1,0.478934,0.36288,0,26.5015,5.91402,20.4714,0.84672,12.849,0.84672,3695.15,0,36.966,0.478105,0.717457,2.0616,3.5969,1.53164,4.36622,0.42336,36.966,0.42336,423.524,0,1.02816,0,0,1.74562,0.717457,1.028160,1,0,24.8376,0,0,0,24.8376,0
53.6552,2.07799,0,0,1.32996,0.0919629,0.36288,3.6288,40.9934,0.53832,0,0,0.395029,0.267892,0,0.66528,12.849,1,0.486713,0.36288,0,24.9175,5.91402,18.8796,0.84672,12.849,0.84672,3695.15,0,36.966,0.480611,0.684694,2.06191,3.66115,1.53164,4.3955,0.42336,36.966,0.42336,423.524,0,1.02816,0,0,1.71285,0.684694,1.028160,1,0,23.2751,0,0,0,23.2751,0
52.3361,2.06956,0,0,1.2042,0.0908503,0.36288,3.6288,40.5681,0.535932,0,0,0.37743,0.266826,0,0.66528,12.849,1,0.495605,0.36288,0,23.4673,5.91402,17.4205,0.84672,12.849,0.84672,3695.15,0,36.966,0.483279,0.510071,2.06221,3.40406,1.53164,3.96143,0.42336,36.966,0.42336,423.524,0,1.02816,0,0,1.53823,0.510071,1.028160,1,0,21.382,0,0,0,21.382,0
50.7353,2.21369,0,0,1.0531,0.0772797,0.36288,3.6288,40.0585,0.612048,0,0,0.374756,0.272312,0,0.66528,12.849,1,0.543482,0.36288,0,22.3459,6.13834,16.0269,0.84672,12.849,0.84672,3695.15,0,36.966,0.557703,0.485507,2.06251,3.44048,1.57646,3.85434,0.42336,36.966,0.42336,423.524,0,1.02816,0,0,1.51367,0.485507,1.028160,1,0,19.8813,0,0,0,19.8813,0
49.0114,2.2004,0,0,0.966289,0.126978,0.36288,3.6288,39.6022,0.608516,0,0,0.386243,0.234052,0,0.66528,12.849,1,0.557263,0.36288,0,20.615,5.49321,14.9274,0.84672,12.849,0.84672,3695.15,0,36.966,0.561539,0.603495,2.2148,2.81796,1.34732,3.7274,0.42336,36.966,0.42336,423.524,0,1.02816,0,0,1.63166,0.603495,1.028160,1,0,18.6548,0,0,0,18.6548,0
47.2234,2.18526,0,0,0.892037,0.131832,0.36288,3.6288,39.1347,0.605328,0,0,0.366578,0.228702,0,0.66528,12.849,1,0.572896,0.36288,0,20.3581,5.40267,14.7454,0.84672,12.849,0.84672,3695.15,0,36.966,0.565033,0.51656,2.21513,2.66005,1.33384,3.49287,0.42336,36.966,0.42336,423.524,0,1.02816,0,0,1.54472,0.51656,1.028160,1,0,18.2383,0,0,0,18.2383,0
45.5796,2.1686,0,0,1.01691,0.129288,0.36288,3.6288,38.6812,0.602014,0,0,0.376199,0.227693,0,0.66528,12.849,1,0.590052,0.36288,0,20.6238,5.40267,14.9939,0.84672,12.849,0.84672,3695.15,0,36.966,0.568652,0.645598,2.21546,3.75585,1.33384,4.71442,0.42336,36.966,0.42336,423.524,0,1.02816,0,0,1.67376,0.645598,1.028160,1,0,19.7083,0,0,0,19.7083,0
43.944,2.15238,0,0,1.0066,0.126949,0.36288,3.6288,38.2385,0.59876,0,0,0.3828,0.226714,0,0.66528,12.849,1,0.606761,0.36288,0,19.0803,5.40267,13.4338,0.84672,12.849,0.84672,3695.15,0,36.966,0.57221,0.595763,2.21578,2.98223,1.33384,3.88773,0.42336,36.966,0.42336,423.524,0,1.02816,0,0,1.62392,0.595763,1.028160,1,0,17.3215,0,0,0,17.3215,0
42.6546,2.063,0,0,1.27259,0.136064,0.36288,3.6288,37.8826,0.549138,0,0,0.424764,0.231603,0,0.66528,12.849,1,0.60321,0.36288,0,25.0745,4.88511,19.949,0.84672,12.849,0.84672,3695.15,0,36.966,0.530863,0.767871,2.21611,4.32483,1.25441,5.52354,0.42336,36.966,0.42336,423.524,0,1.02816,0,0,1.79603,0.767871,1.028160,1,0,25.4726,0,0,0,25.4726,0
41.5497,2.04935,0,0,1.44649,0.139198,0.36288,3.6288,37.8238,0.54676,0,0,0.723099,0.235124,0,0.66528,12.849,1,0.617333,0.36288,0,28.445,4.47751,23.713,0.84672,12.849,0.84672,3695.15,0,36.966,0.533531,2.58649,2.12841,6.59623,1.19864,9.57895,0.42336,36.966,0.42336,423.524,0,1.02816,0,0,3.61465,2.58649,1.028160,1,0,33.2919,0,0,0,33.2919,0
40.2387,2.03718,0,0,1.22653,0.137416,0.36288,3.6288,37.4349,0.546487,0,0,0.392576,0.234991,0,0.66528,12.849,1,0.629985,0.36288,0,28.405,4.47751,23.6604,0.84672,12.849,0.84672,3695.15,0,36.966,0.534094,0.882282,2.12873,4.87893,1.19864,6.15721,0.42336,36.966,0.42336,423.524,0,1.02816,0,0,1.91044,0.882282,1.028160,1,0,29.8176,0,0,0,29.8176,0
39.1315,2.02198,0,0,1.4418,0.164127,0.36288,3.6288,37.0807,0.543842,0,0,0.398857,0.20916,0,0.66528,12.849,1,0.645657,0.36288,0,28.6123,4.06225,24.2673,0.84672,12.849,0.84672,3695.15,0,36.966,0.53703,0.930554,2.12904,5.09515,1.06884,6.54887,0.42336,36.966,0.42336,423.524,0,1.02816,0,0,1.95871,0.930554,1.028160,1,0,30.8162,0,0,0,30.8162,0
40.353,1.95082,0,0,3.76453,0.229415,0.36288,3.6288,37.3037,0.499786,0,0,0.877271,0.154557,0,0.66528,12.849,1,0.64056,0.36288,0,82.2714,3.16452,78.8292,0.84672,12.849,0.84672,3695.15,0,36.966,0.49824,1.83285,2.12935,12.8258,0.784519,15.5053,0.42336,36.966,0.42336,423.524,0,1.02816,0,0,2.86101,1.83285,1.028160,1,0,94.3344,0,0,0,94.3344,0
41.2273,1.96588,0,0,3.41302,0.209955,0.36288,3.6288,37.2752,0.501421,0,0,0.677671,0.204697,0,0.66528,12.849,1,0.625966,0.36288,0,62.4779,4.00701,58.2078,0.84672,12.849,0.84672,3695.15,0,36.966,0.496883,2.08763,2.05106,8.96008,1.02551,11.5764,0.42336,36.966,0.42336,423.524,0,1.02816,0,0,3.11579,2.08763,1.028160,1,0,69.7842,0,0,0,69.7842,0
41.1499,1.97636,0,0,2.47399,0.21214,0.36288,3.6288,37.0408,0.50137,0,0,0.471563,0.204641,0,0.66528,12.849,1,0.615956,0.36288,0,53.7645,4.00701,49.5044,0.84672,12.849,0.84672,3695.15,0,36.966,0.497211,0.967429,2.05136,7.33733,1.02551,8.8334,0.42336,36.966,0.42336,423.524,0,1.02816,0,0,1.99559,0.967429,1.028160,1,0,58.3378,0,0,0,58.3378,0
42.2115,1.97583,0,0,3.61231,0.211947,0.36288,3.6288,36.8202,0.499934,0,0,0.483586,0.204178,0,0.66528,12.849,1,0.61695,0.36288,0,70.9476,4.00701,66.6865,0.84672,12.849,0.84672,3695.15,0,36.966,0.498925,0.581083,2.05166,7.24734,1.02551,8.35565,0.42336,36.966,0.42336,423.524,0,1.02816,0,0,1.60924,0.581083,1.028160,1,0,75.0422,0,0,0,75.0422,0
43.3426,1.82089,0,0,3.55496,0.240086,0.36288,3.6288,36.9474,0.412122,0,0,0.774645,0.235362,0,0.66528,12.849,1,0.554272,0.36288,0,66.5708,4.83348,61.5459,0.84672,12.849,0.84672,3695.15,0,36.966,0.413754,2.23599,2.05196,10.7781,1.25858,13.3937,0.42336,36.966,0.42336,423.524,0,1.02816,0,0,3.26415,2.23599,1.028160,1,0,74.9396,0,0,0,74.9396,0
44.539,1.83238,0,0,3.62613,0.234522,0.36288,3.6288,37.0794,0.412959,0,0,0.750328,0.205375,0,0.66528,12.849,1,0.543214,0.36288,0,52.8843,4.42133,48.2827,0.84672,12.849,0.84672,3695.15,0,36.966,0.413167,3.06027,1.87753,11.0907,1.06461,14.5508,0.42336,36.966,0.42336,423.524,0,1.02816,0,0,4.08843,3.06027,1.028160,1,0,62.8334,0,0,0,62.8334,0
44.334,1.84404,0,0,2.23747,0.235546,0.36288,3.6288,36.8486,0.41382,0,0,0.382761,0.199704,0,0.66528,12.849,1,0.531986,0.36288,0,51.8506,4.32968,47.3518,0.84672,12.849,0.84672,3695.15,0,36.966,0.412555,1.57856,1.87781,6.91604,1.02581,8.93405,0.42336,36.966,0.42336,423.524,0,1.02816,0,0,2.60672,1.57856,1.028160,1,0,56.2859,0,0,0,56.2859,0
44.7449,1.84247,0,0,2.85127,0.234998,0.36288,3.6288,36.7433,0.412655,0,0,0.506611,0.199258,0,0.66528,12.849,1,0.53399,0.36288,0,52.6899,4.32968,48.1891,0.84672,12.849,0.84672,3695.15,0,36.966,0.413969,2.05643,1.87808,8.41372,1.02581,10.9085,0.42336,36.966,0.42336,423.524,0,1.02816,0,0,3.08459,2.05643,1.028160,1,0,59.0976,0,0,0,59.0976,0
45.0511,1.84661,0,0,2.74418,0.228494,0.36288,3.6288,36.8917,0.412188,0,0,0.741995,0.181388,0,0.66528,12.849,1,0.530276,0.36288,0,95.4624,3.56884,91.7262,0.84672,12.849,0.84672,3695.15,0,36.966,0.414686,1.39526,1.87835,11.0204,0.85461,13.0247,0.42336,36.966,0.42336,423.524,0,1.02816,0,0,2.42342,1.39526,1.028160,1,0,104.751,0,0,0,104.751,0
47.2773,1.91507,0,0,4.72802,0.223829,0.36288,3.6288,37.0567,0.438224,0,0,0.808743,0.205536,0,0.66528,12.849,1,0.546196,0.36288,0,99.1907,4.83867,94.1687,0.84672,12.849,0.84672,3695.15,0,36.966,0.439107,1.86296,1.87863,11.0889,1.26442,13.127,0.42336,36.966,0.42336,423.524,0,1.02816,0,0,2.89112,1.86296,1.028160,1,0,107.296,0,0,0,107.296,0
50.8992,1.93563,0,0,6.155,0.234635,0.36288,3.6288,37.456,0.439327,0,0,1.03946,0.200815,0,0.66528,12.849,1,0.526063,0.36288,0,89.3074,4.98561,84.1586,0.84672,12.849,0.84672,3695.15,0,36.966,0.438251,3.00357,1.93342,15.6786,1.45287,18.7244,0.42336,36.966,0.42336,423.524,0,1.02816,0,0,4.03173,3.00357,1.028160,1,0,102.883,0,0,0,102.883,0
53.9699,1.96586,0,0,5.64336,0.243946,0.36288,3.6288,37.6244,0.441803,0,0,0.811732,0.20159,0,0.66528,12.849,1,0.496261,0.36288,0,102.959,4.98561,97.8396,0.84672,12.849,0.84672,3695.15,0,36.966,0.436023,2.24483,1.93369,11.271,1.45287,13.5606,0.42336,36.966,0.42336,423.524,0,1.02816,0,0,3.27299,2.24483,1.028160,1,0,111.4,0,0,0,111.4,0
56.8369,1.98901,0,0,5.47068,0.251793,0.36288,3.6288,37.9177,0.442912,0,0,0.93811,0.201917,0,0.66528,12.849,1,0.473537,0.36288,0,103.55,4.98561,98.4541,0.84672,12.849,0.84672,3695.15,0,36.966,0.435162,2.69341,1.93397,10.9992,1.45287,13.7386,0.42336,36.966,0.42336,423.524,0,1.02816,0,0,3.72157,2.69341,1.028160,1,0,112.193,0,0,0,112.193,0
57.9774,2.22883,0,0,4.02884,0.296631,0.36288,3.6288,37.8281,0.540243,0,0,0.641252,0.190587,0,0.66528,12.849,1,0.503867,0.36288,0,73.8642,4.3458,69.3774,0.84672,12.849,0.84672,3695.15,0,36.966,0.526684,1.60073,1.93424,6.69419,1.27137,8.4311,0.42336,36.966,0.42336,423.524,0,1.02816,0,0,2.62889,1.60073,1.028160,1,0,77.8085,0,0,0,77.8085,0
63.0299,2.23733,0,0,7.91856,0.265837,0.36288,3.6288,38.0769,0.539752,0,0,0.93414,0.145516,0,0.66528,12.849,1,0.495839,0.36288,0,192.499,3.95062,188.416,0.84672,12.849,0.84672,3695.15,0,36.966,0.527452,3.53709,2.13077,16.1565,1.07713,20.2198,0.42336,36.966,0.42336,423.524,0,1.02816,0,0,4.56525,3.53709,1.028160,1,0,208.635,0,0,0,208.635,0
67.0866,2.27073,0,0,6.96833,0.278056,0.36288,3.6288,38.3269,0.541642,0,0,0.937418,0.145864,0,0.66528,12.849,1,0.462902,0.36288,0,147.698,3.95062,143.648,0.84672,12.849,0.84672,3695.15,0,36.966,0.525839,2.92815,2.13107,14.1731,1.07713,17.6293,0.42336,36.966,0.42336,423.524,0,1.02816,0,0,3.95631,2.92815,1.028160,1,0,161.277,0,0,0,161.277,0
71.7336,2.29462,0,0,7.59179,0.287262,0.36288,3.6288,38.7249,0.543528,0,0,1.08778,0.146213,0,0.66528,12.849,1,0.439485,0.36288,0,194.886,3.95062,190.859,0.84672,12.849,0.84672,3695.15,0,36.966,0.524229,4.37634,2.13138,18.7181,1.07713,23.6245,0.42336,36.966,0.42336,423.524,0,1.02816,0,0,5.4045,4.37634,1.028160,1,0,214.484,0,0,0,214.484,0
72.29,1.99269,0,0,6.75645,0.302322,3.90503,3.6288,39.1124,0.41685,0,0,0.929215,0.124886,0,0.66528,12.849,1,0.356932,3.90503,0,151.861,3.49694,151.912,0.84672,12.849,0.84672,3695.15,0,36.966,0.397917,3.18292,2.13168,16.017,0.947043,19.9866,0.42336,36.966,0.42336,423.524,0,1.02816,0,0,4.21108,3.18292,1.028160,1,0,171.899,0,0,0,171.899,0
72.29,1.99537,0,0,4.29513,0.303841,1.99593,3.6288,39.3169,0.418999,0,0,0.714571,0.091049,0,0.66528,12.849,1,0.354661,1.99593,0,124.932,2.6522,123.921,0.84672,12.849,0.84672,3695.15,0,36.966,0.396006,1.56976,1.86416,11.8846,0.662083,14.2604,0.42336,36.966,0.42336,423.524,0,1.02816,0,0,2.59792,1.56976,1.028160,1,0,138.181,0,0,0,138.181,0
72.29,1.99571,0,0,5.82847,0.303841,3.52891,3.6288,39.5434,0.420183,0,0,0.737895,0.0912256,0,0.66528,12.849,1,0.354723,3.52891,0,106.403,2.6522,106.925,0.84672,12.849,0.84672,3695.15,0,36.966,0.395059,2.11956,1.86442,11.1234,0.662083,14.0502,0.42336,36.966,0.42336,423.524,0,1.02816,0,0,3.14772,2.11956,1.028160,1,0,120.976,0,0,0,120.976,0
72.29,1.99606,0,0,5.19715,0.303841,2.89725,3.6288,39.6515,0.421476,0,0,0.621017,0.0914211,0,0.66528,12.849,1,0.354785,2.89725,0,104.635,2.6522,104.525,0.84672,12.849,0.84672,3695.15,0,36.966,0.394005,0.921007,1.86468,11.5774,0.662083,13.307,0.42336,36.966,0.42336,423.524,0,1.02816,0,0,1.94917,0.921007,1.028160,1,0,117.832,0,0,0,117.832,0
72.29,1.99641,0,0,4.83999,0.271227,2.57235,3.6288,39.7631,0.422155,0,0,0.630685,0.0968877,0,0.66528,12.849,1,0.354847,2.57235,0,115.766,3.02159,114.962,0.84672,12.849,0.84672,3695.15,0,36.966,0.393563,1.82361,1.86495,9.67602,0.763338,12.2077,0.42336,36.966,0.42336,423.524,0,1.02816,0,0,2.85177,1.82361,1.028160,1,0,127.169,0,0,0,127.169,0
72.29,2.0791,0,0,4.99379,0.297824,2.61687,3.6288,39.7761,0.454984,0,0,0.609954,0.141989,0,0.66528,12.849,1,0.369544,2.61687,0,102.88,3.89959,101.228,0.84672,12.849,0.84672,3695.15,0,36.966,0.422978,1.78173,1.86521,10.517,0.905127,12.8358,0.42336,36.966,0.42336,423.524,0,1.02816,0,0,2.80989,1.78173,1.028160,1,0,114.063,0,0,0,114.063,0
72.29,2.07946,0,0,5.65009,0.312014,3.25862,3.6288,40.0739,0.455184,0,0,0.913542,0.1606,0,0.66528,12.849,1,0.369608,3.25862,0,119.744,3.89718,118.736,0.84672,12.849,0.84672,3695.15,0,36.966,0.423026,2.9057,1.93155,12.0992,0.903245,15.6102,0.42336,36.966,0.42336,423.524,0,1.02816,0,0,3.93386,2.9057,1.028160,1,0,134.346,0,0,0,134.346,0
72.29,2.07982,0,0,4.70768,0.312014,2.31585,3.6288,40.3777,0.456948,0,0,0.921806,0.16105,0,0.66528,12.849,1,0.369672,2.31585,0,147.386,3.89718,145.435,0.84672,12.849,0.84672,3695.15,0,36.966,0.42151,3.6463,1.93182,13.4114,0.903245,17.6647,0.42336,36.966,0.42336,423.524,0,1.02816,0,0,4.67446,3.6463,1.028160,1,0,163.1,0,0,0,163.1,0
72.29,2.08018,0,0,3.36169,0.30334,0.978176,3.6288,40.3909,0.458733,0,0,0.613371,0.14147,0,0.66528,12.849,1,0.369736,0.978176,0,118.553,3.24967,115.912,0.84672,12.849,0.84672,3695.15,0,36.966,0.419973,2.38251,1.93209,8.84719,0.812664,11.9292,0.42336,36.966,0.42336,423.524,0,1.02816,0,0,3.41067,2.38251,1.028160,1,0,127.841,0,0,0,127.841,0
72.29,2.04832,0,0,3.33005,0.261042,1.02068,3.6288,40.3818,0.446352,0,0,0.595102,0.157827,0,0.66528,12.849,1,0.364074,1.02068,0,99.83,3.29366,97.193,0.84672,12.849,0.84672,3695.15,0,36.966,0.408504,1.87892,1.93236,8.24317,0.90732,10.7386,0.42336,36.966,0.42336,423.524,0,1.02816,0,0,2.90708,1.87892,1.028160,1,0,107.932,0,0,0,107.932,0
72.29,2.04868,0,0,3.57311,0.209979,1.31445,3.6288,40.4453,0.446431,0,0,0.715427,0.205507,0,0.66528,12.849,1,0.364138,1.31445,0,90.167,4.51245,86.6049,0.84672,12.849,0.84672,3695.15,0,36.966,0.408669,2.31044,1.9069,8.84606,1.08886,11.5659,0.42336,36.966,0.42336,423.524,0,1.02816,0,0,3.3386,2.31044,1.028160,1,0,98.1708,0,0,0,98.1708,0
72.29,2.04904,0,0,3.40792,0.18189,1.17699,3.6288,40.5078,0.446894,0,0,0.726097,0.216712,0,0.66528,12.849,1,0.364201,1.17699,0,83.5747,4.62777,79.7597,0.84672,12.849,0.84672,3695.15,0,36.966,0.40845,2.27011,1.90717,7.75224,1.09575,10.4253,0.42336,36.966,0.42336,423.524,0,1.02816,0,0,3.29827,2.27011,1.028160,1,0,90.1851,0,0,0,90.1851,0
72.29,2.04939,0,0,3.32781,0.18189,1.09653,3.6288,40.5416,0.447351,0,0,0.698017,0.216844,0,0.66528,12.849,1,0.364264,1.09653,0,79.0845,4.62777,75.189,0.84672,12.849,0.84672,3695.15,0,36.966,0.408237,2.17255,1.90744,7.06285,1.09575,9.63886,0.42336,36.966,0.42336,423.524,0,1.02816,0,0,3.20071,2.17255,1.028160,1,0,84.8279,0,0,0,84.8279,0
72.29,2.15916,0,0,3.4539,0.180025,1.11471,3.6288,40.4354,0.492384,0,0,0.599465,0.213239,0,0.66528,12.849,1,0.383775,1.11471,0,79.1726,4.81521,75.0884,0.84672,12.849,0.84672,3695.15,0,36.966,0.448958,1.81265,1.9077,6.50134,1.09817,8.67457,0.42336,36.966,0.42336,423.524,0,1.02816,0,0,2.84081,1.81265,1.028160,1,0,83.7629,0,0,0,83.7629,0
72.29,2.15954,0,0,2.86815,0.185589,0.523026,3.6288,40.2627,0.491903,0,0,0.527688,0.208556,0,0.66528,12.849,1,0.383841,0.523026,0,76.6057,4.87224,71.8726,0.84672,12.849,0.84672,3695.15,0,36.966,0.449697,1.70616,1.99818,6.38521,0.978277,8.66158,0.42336,36.966,0.42336,423.524,0,1.02816,0,0,2.73432,1.70616,1.028160,1,0,80.5342,0,0,0,80.5342,0
72.0075,2.15991,0,0,2.37045,0.130208,0.36288,3.6288,40.04,0.491031,0,0,0.492178,0.223823,0,0.66528,12.849,1,0.383907,0.36288,0,49.3954,5.102,44.2724,0.84672,12.849,0.84672,3695.15,0,36.966,0.450826,1.50227,1.99846,5.74252,1.08405,7.70837,0.42336,36.966,0.42336,423.524,0,1.02816,0,0,2.53043,1.50227,1.028160,1,0,51.9807,0,0,0,51.9807,0
71.6407,2.159,0,0,2.2623,0.107143,0.36288,3.6288,39.7804,0.489861,0,0,0.459501,0.229258,0,0.66528,12.849,1,0.385252,0.36288,0,44.1049,5.22134,38.8612,0.84672,12.849,0.84672,3695.15,0,36.966,0.452253,1.29593,1.99875,5.5744,1.13476,7.28206,0.42336,36.966,0.42336,423.524,0,1.02816,0,0,2.32409,1.29593,1.028160,1,0,46.1432,0,0,0,46.1432,0
71.2143,2.1577,0,0,2.20102,0.106844,0.36288,3.6288,39.5293,0.488465,0,0,0.466093,0.228699,0,0.66528,12.849,1,0.386991,0.36288,0,41.9095,5.22134,36.6641,0.84672,12.849,0.84672,3695.15,0,36.966,0.453907,1.48434,1.99903,5.30844,1.13476,7.20314,0.42336,36.966,0.42336,423.524,0,1.02816,0,0,2.5125,1.48434,1.028160,1,0,43.8672,0,0,0,43.8672,0
70.9053,2.13451,0,0,2.28289,0.0945129,0.36288,3.6288,39.2012,0.511413,0,0,0.417174,0.233832,0,0.66528,12.849,1,0.385123,0.36288,0,43.4833,5.25007,38.211,0.84672,12.849,0.84672,3695.15,0,36.966,0.47825,1.38008,1.99931,5.01111,1.2191,6.69315,0.42336,36.966,0.42336,423.524,0,1.02816,0,0,2.40824,1.38008,1.028160,1,0,44.9041,0,0,0,44.9041,0
70.7539,2.13346,0,0,2.43022,0.0853228,0.36288,3.6288,38.8379,0.509489,0,0,0.383534,0.237349,0,0.66528,12.849,1,0.386611,0.36288,0,45.9754,5.27163,40.6801,0.84672,12.849,0.84672,3695.15,0,36.966,0.480439,1.23192,2.03115,5.12364,1.28235,6.62392,0.42336,36.966,0.42336,423.524,0,1.02816,0,0,2.26008,1.23192,1.028160,1,0,47.304,0,0,0,47.304,0
70.4192,2.13313,0,0,2.24658,0.0852238,0.36288,3.6288,38.4649,0.507322,0,0,0.37079,0.236532,0,0.66528,12.849,1,0.387378,0.36288,0,45.6976,5.27163,40.4014,0.84672,12.849,0.84672,3695.15,0,36.966,0.48287,1.19366,2.03144,5.19536,1.28235,6.65524,0.42336,36.966,0.42336,423.524,0,1.02816,0,0,2.22182,1.19366,1.028160,1,0,47.0567,0,0,0,47.0567,0
69.8789,2.13194,0,0,2.03952,0.0850048,0.36288,3.6288,38.0744,0.505069,0,0,0.350279,0.235694,0,0.66528,12.849,1,0.389003,0.36288,0,44.3395,5.27163,39.0418,0.84672,12.849,0.84672,3695.15,0,36.966,0.485389,0.975698,2.03172,4.88359,1.28235,6.12327,0.42336,36.966,0.42336,423.524,0,1.02816,0,0,2.00386,0.975698,1.028160,1,0,45.165,0,0,0,45.165,0
69.1934,2.18543,0,0,1.93899,0.0761846,0.36288,3.6288,37.6419,0.523959,0,0,0.340507,0.249062,0,0.66528,12.849,1,0.401847,0.36288,0,39.7622,5.47783,34.2454,0.84672,12.849,0.84672,3695.15,0,36.966,0.508707,0.885678,2.03201,4.78569,1.37267,5.822,0.42336,36.966,0.42336,423.524,0,1.02816,0,0,1.91384,0.885678,1.028160,1,0,40.0674,0,0,0,40.0674,0
68.9642,2.18245,0,0,2.37387,0.057789,0.36288,3.6288,37.2236,0.521147,0,0,0.372699,0.269838,0,0.66528,12.849,1,0.405274,0.36288,0,41.3218,5.72701,35.5524,0.84672,12.849,0.84672,3695.15,0,36.966,0.51179,1.14778,2.07705,4.84449,1.55394,6.00359,0.42336,36.966,0.42336,423.524,0,1.02816,0,0,2.17594,1.14778,1.028160,1,0,41.556,0,0,0,41.556,0
68.6348,2.18169,0,0,2.27288,0.0576861,0.36288,3.6288,36.8008,0.518398,0,0,0.36434,0.268753,0,0.66528,12.849,1,0.40648,0.36288,0,38.6676,5.72701,32.897,0.84672,12.849,0.84672,3695.15,0,36.966,0.514811,1.19165,2.07734,4.97904,1.55394,6.17929,0.42336,36.966,0.42336,423.524,0,1.02816,0,0,2.21981,1.19165,1.028160,1,0,39.0763,0,0,0,39.0763,0
68.0159,2.18042,0,0,1.98192,0.0575382,0.36288,3.6288,36.3611,0.515583,0,0,0.34357,0.267656,0,0.66528,12.849,1,0.408193,0.36288,0,36.6346,5.72701,30.8623,0.84672,12.849,0.84672,3695.15,0,36.966,0.517898,0.98553,2.07764,4.75756,1.55394,5.74888,0.42336,36.966,0.42336,423.524,0,1.02816,0,0,2.01369,0.98553,1.028160,1,0,36.6112,0,0,0,36.6112,0
67.0882,2.3401,0,0,1.82779,0.0525179,0.36288,3.6288,35.8424,0.587731,0,0,0.337668,0.268625,0,0.66528,12.849,1,0.442072,0.36288,0,34.5616,5.80179,28.6806,0.84672,12.849,0.84672,3695.15,0,36.966,0.597508,0.896538,2.07793,4.71426,1.56888,5.52234,0.42336,36.966,0.42336,423.524,0,1.02816,0,0,1.9247,0.896538,1.028160,1,0,34.2029,0,0,0,34.2029,0
66.0681,2.33537,0,0,1.73352,0.0553451,0.36288,3.6288,35.2712,0.583619,0,0,0.271654,0.259248,0,0.66528,12.849,1,0.447279,0.36288,0,27.1655,5.56974,21.5114,0.84672,12.849,0.84672,3695.15,0,36.966,0.601915,0.650065,2.23145,3.86015,1.57794,4.56181,0.42336,36.966,0.42336,423.524,0,1.02816,0,0,1.67822,0.650065,1.028160,1,0,26.0732,0,0,0,26.0732,0
64.8383,2.32999,0,0,1.53042,0.0673805,0.36288,3.6288,34.666,0.579004,0,0,0.223437,0.249601,0,0.66528,12.849,1,0.453138,0.36288,0,30.2062,5.29746,24.8185,0.84672,12.849,0.84672,3695.15,0,36.966,0.606826,0.397094,2.23177,3.38615,1.54571,3.86248,0.42336,36.966,0.42336,423.524,0,1.02816,0,0,1.42525,0.397094,1.028160,1,0,28.681,0,0,0,28.681,0
63.6485,2.32321,0,0,1.56302,0.0667206,0.36288,3.6288,34.1002,0.57402,0,0,0.256305,0.248114,0,0.66528,12.849,1,0.460391,0.36288,0,26.166,5.29746,20.771,0.84672,12.849,0.84672,3695.15,0,36.966,0.612105,0.47787,2.23209,3.51646,1.54571,4.0686,0.42336,36.966,0.42336,423.524,0,1.02816,0,0,1.50603,0.47787,1.028160,1,0,24.8396,0,0,0,24.8396,0
62.479,2.31645,0,0,1.57709,0.0672675,0.36288,3.6288,33.5479,0.569288,0,0,0.258246,0.241233,0,0.66528,12.849,1,0.467631,0.36288,0,26.5496,5.11262,21.3322,0.84672,12.849,0.84672,3695.15,0,36.966,0.617132,0.845813,2.2324,4.49778,1.47376,5.4851,0.42336,36.966,0.42336,423.524,0,1.02816,0,0,1.87397,0.845813,1.028160,1,0,26.8173,0,0,0,26.8173,0
61.0186,2.23146,0,0,1.23438,0.100364,0.36288,3.6288,32.9259,0.601801,0,0,0.176834,0.197008,0,0.66528,12.849,1,0.458907,0.36288,0,20.9878,4.22069,16.6711,0.84672,12.849,0.84672,3695.15,0,36.966,0.663117,0.204422,2.23272,3.59203,1.07697,4.28909,0.42336,36.966,0.42336,423.524,0,0.85794,0,0,1.06236,0.204422,1.028160,1,0,20.9601,0,0,0,20.9601,0
59.2535,2.22277,0,0,0.976562,0.156048,0.36288,3.6288,32.2629,0.67788,0,0,0.193276,0.178391,0,0.66528,12.849,1,0.46806,0.36288,0,24.2049,4.37168,19.728,0.84672,12.849,0.84672,3695.15,0,36.966,0.761057,0.204422,2.14429,2.6862,1.10656,3.1673,0.42336,36.966,0.42336,423.524,0,0.684202,0,0,0.888624,0.204422,1.028160,1,0,22.8953,0,0,0,22.8953,0
57.6235,2.21169,0,0,1.09814,0.153568,0.36288,3.6288,31.8421,0.52543,0,0,0.281715,0.177113,0,0.66528,12.849,1,0.479601,0.36288,0,27.1915,4.37168,22.7031,0.84672,12.849,0.84672,3695.15,0,36.966,0.602023,0.216518,2.1446,3.53117,1.10656,4.1837,0.42336,36.966,0.42336,423.524,0,0.995967,0,0,1.21249,0.216518,1.028160,1,0,26.8868,0,0,0,26.8868,0
55.8833,2.20098,0,0,0.974825,0.151157,0.36288,3.6288,31.2571,0.628101,0,0,0.219399,0.176302,0,0.66528,12.849,1,0.490778,0.36288,0,23.7175,4.37168,19.2179,0.84672,12.849,0.84672,3695.15,0,36.966,0.729172,0.216518,2.1449,2.70925,1.10656,3.23494,0.42336,36.966,0.42336,423.524,0,0.766428,0,0,0.982947,0.216518,1.028160,1,0,22.4529,0,0,0,22.4529,0
54.5028,2.12603,0,0,1.27375,0.165322,0.36288,3.6288,30.9471,0.463664,0,0,0.327262,0.173596,0,0.66528,12.849,1,0.488829,0.36288,0,32.6786,4.39115,28.1615,0.84672,12.849,0.84672,3695.15,0,36.966,0.548348,0.55042,2.14521,4.28516,1.13136,5.30108,0.42336,36.966,0.42336,423.524,0,1.02816,0,0,1.57858,0.55042,1.028160,1,0,33.4625,0,0,0,33.4625,0
53.4107,2.11638,0,0,1.6243,0.237187,0.36288,3.6288,30.7322,0.461283,0,0,0.367985,0.121652,0,0.66528,12.849,1,0.498934,0.36288,0,62.7991,4.54934,58.1138,0.84672,12.849,0.84672,3695.15,0,36.966,0.550998,0.730909,2.06626,4.66276,1.00668,5.90225,0.42336,36.966,0.42336,423.524,0,1.02816,0,0,1.75907,0.730909,1.028160,1,0,64.016,0,0,0,64.016,0
52.289,2.10851,0,0,1.58431,0.234572,0.36288,3.6288,30.4632,0.459655,0,0,0.312055,0.121363,0,0.66528,12.849,1,0.507245,0.36288,0,62.9685,4.54934,58.2748,0.84672,12.849,0.84672,3695.15,0,36.966,0.552894,0.79583,2.06655,6.66392,1.00668,7.96673,0.42336,36.966,0.42336,423.524,0,1.02816,0,0,1.82399,0.79583,1.028160,1,0,66.2415,0,0,0,66.2415,0
51.5342,2.10014,0,0,1.94007,0.231887,0.36288,3.6288,30.2964,0.457571,0,0,0.411731,0.121002,0,0.66528,12.849,1,0.516068,0.36288,0,70.9023,4.54934,66.1997,0.84672,12.849,0.84672,3695.15,0,36.966,0.555246,0.830157,2.06685,6.94936,1.00668,8.28443,0.42336,36.966,0.42336,423.524,0,1.02816,0,0,1.85832,0.830157,1.028160,1,0,74.4842,0,0,0,74.4842,0
50.8111,1.91849,0,0,1.78837,0.230079,0.36288,3.6288,30.3203,0.377644,0,0,0.522327,0.120778,0,0.66528,12.849,1,0.478336,0.36288,0,60.6049,4.54934,55.9401,0.84672,12.849,0.84672,3695.15,0,36.966,0.460781,1.43914,2.06714,9.58824,1.00668,11.6271,0.42336,36.966,0.42336,423.524,0,1.02816,0,0,2.4673,1.43914,1.028160,1,0,67.5672,0,0,0,67.5672,0
49.686,1.91339,0,0,1.37328,0.222174,0.36288,3.6288,29.9685,0.377916,0,0,0.15891,0.132781,0,0.66528,12.849,1,0.483853,0.36288,0,43.842,3.73321,39.9878,0.84672,12.849,0.84672,3695.15,0,36.966,0.46075,0.420085,1.89129,4.31755,0.809411,5.35877,0.42336,36.966,0.42336,423.524,0,1.02816,0,0,1.44825,0.420085,1.028160,1,0,45.3465,0,0,0,45.3465,0
48.2245,1.90501,0,0,1.0362,0.229739,0.36288,3.6288,29.506,0.393274,0,0,0.073354,0.142543,0,0.66528,12.849,1,0.492644,0.36288,0,29.4581,3.62449,25.7038,0.84672,12.849,0.84672,3695.15,0,36.966,0.485102,0.292723,1.89155,3.06317,0.724982,4.03736,0.42336,36.966,0.42336,423.524,0,0.988693,0,0,1.28142,0.292723,1.028160,1,0,29.7412,0,0,0,29.7412,0
47.2949,1.89355,0,0,1.55299,0.226147,0.36288,3.6288,29.1063,0.372487,0,0,0.114561,0.141807,0,0.66528,12.849,1,0.50452,0.36288,0,47.3188,3.62449,43.5526,0.84672,12.849,0.84672,3695.15,0,36.966,0.466663,1.29513,1.89182,4.68361,0.724982,6.67891,0.42336,36.966,0.42336,423.524,0,1.02816,0,0,2.32329,1.29513,1.028160,1,0,50.2316,0,0,0,50.2316,0
48.7266,1.88608,0,0,3.90446,0.223858,0.36288,3.6288,28.9121,0.36977,0,0,0.316726,0.141171,0,0.66528,12.849,1,0.512408,0.36288,0,124.678,3.62449,120.904,0.84672,12.849,0.84672,3695.15,0,36.966,0.469621,0.923927,1.89208,9.37609,0.724982,10.9975,0.42336,36.966,0.42336,423.524,0,1.02816,0,0,1.95209,0.923927,1.028160,1,0,131.901,0,0,0,131.901,0
54.3966,1.898,0,0,8.15545,0.224524,0.36288,3.6288,29.1672,0.368386,0,0,0.764731,0.141247,0,0.66528,12.849,1,0.500494,0.36288,0,198.886,3.51389,195.234,0.84672,12.849,0.84672,3695.15,0,36.966,0.471006,1.10691,1.89235,10.524,0.756468,12.2958,0.42336,36.966,0.42336,423.524,0,1.02816,0,0,2.13507,1.10691,1.028160,1,0,207.53,0,0,0,207.53,0
57.1038,2.00899,0,0,5.33422,0.255205,0.36288,3.6288,29.0571,0.392631,0,0,0.441612,0.158999,0,0.66528,12.849,1,0.474541,0.36288,0,84.2365,3.98769,80.1372,0.84672,12.849,0.84672,3695.15,0,36.966,0.497614,0.868942,1.89235,5.61978,0.928921,6.95453,0.42336,36.966,0.42336,423.524,0,1.02816,0,0,1.8971,0.868942,1.028160,1,0,87.0917,0,0,0,87.0917,0
58.6324,2.02769,0,0,4.18141,0.262186,0.36288,3.6288,29.0112,0.391907,0,0,0.504801,0.158802,0,0.66528,12.849,1,0.456252,0.36288,0,49.6677,3.98769,45.5867,0.84672,12.849,0.84672,3695.15,0,36.966,0.498577,1.23115,1.94757,4.04473,0.928921,5.79595,0.42336,36.966,0.42336,423.524,0,1.02816,0,0,2.25931,1.23115,1.028160,1,0,51.3826,0,0,0,51.3826,0
58.8477,2.03778,0,0,2.89145,0.275543,0.36288,3.6288,28.6731,0.489387,0,0,0.304947,0.153735,0,0.66528,12.849,1,0.44657,0.36288,0,42.2126,3.96566,38.1633,0.84672,12.849,0.84672,3695.15,0,36.966,0.623575,0.503194,1.94783,3.60244,0.911489,4.5184,0.42336,36.966,0.42336,423.524,0,0.805922,0,0,1.30912,0.503194,1.028160,1,0,42.6817,0,0,0,42.6817,0
59.5449,2.03946,0,0,3.43225,0.332726,0.36288,3.6288,28.5176,0.389199,0,0,0.357093,0.123357,0,0.66528,12.849,1,0.445303,0.36288,0,66.9077,3.83345,62.9919,0.84672,12.849,0.84672,3695.15,0,36.966,0.501764,0.517519,1.9481,6.9874,0.8069,8.14435,0.42336,36.966,0.42336,423.524,0,1.02816,0,0,1.54568,0.517519,1.028160,1,0,71.1362,0,0,0,71.1362,0
61.7906,2.26773,0,0,5.21549,0.339211,0.36288,3.6288,28.2635,0.470908,0,0,0.340144,0.12336,0,0.66528,12.849,1,0.489345,0.36288,0,78.0607,3.38075,74.5535,0.84672,12.849,0.84672,3695.15,0,36.966,0.610415,1.02255,1.94836,5.61479,0.788688,7.1866,0.42336,36.966,0.42336,423.524,0,1.02816,0,0,2.05071,1.02255,1.028160,1,0,81.7401,0,0,0,81.7401,0
63.3872,2.28282,0,0,4.58419,0.341866,0.36288,3.6288,28.0264,0.468645,0,0,0.362884,0.131308,0,0.66528,12.849,1,0.4747,0.36288,0,69.6695,3.56738,65.9903,0.84672,12.849,0.84672,3695.15,0,36.966,0.612945,1.09065,2.14646,5.21948,0.867644,6.976,0.42336,36.966,0.42336,423.524,0,1.02816,0,0,2.11881,1.09065,1.028160,1,0,72.9663,0,0,0,72.9663,0
65.8183,2.29314,0,0,5.41413,0.326953,0.36288,3.6288,27.7949,0.466525,0,0,0.374384,0.139378,0,0.66528,12.849,1,0.464835,0.36288,0,70.702,4.60336,65.9967,0.84672,12.849,0.84672,3695.15,0,36.966,0.615333,1.3217,2.14675,5.99437,1.24074,7.60675,0.42336,36.966,0.42336,423.524,0,1.02816,0,0,2.34986,1.3217,1.028160,1,0,73.6034,0,0,0,73.6034,0
67.8699,2.30789,0,0,5.01788,0.295497,0.36288,3.6288,27.5907,0.46444,0,0,0.410568,0.15031,0,0.66528,12.849,1,0.450544,0.36288,0,78.878,4.01667,74.7737,0.84672,12.849,0.84672,3695.15,0,36.966,0.617685,1.62224,2.14704,6.7558,0.913705,8.99369,0.42336,36.966,0.42336,423.524,0,1.02816,0,0,2.6504,1.62224,1.028160,1,0,83.7674,0,0,0,83.7674,0
70.045,1.99345,0,0,4.83674,0.305314,0.36288,3.6288,27.5709,0.353491,0,0,0.463039,0.129381,0,0.66528,12.849,1,0.377396,0.36288,0,110.424,3.89643,106.513,0.84672,12.849,0.84672,3695.15,0,36.966,0.473607,1.32201,2.14734,7.42762,1.00176,9.42159,0.42336,36.966,0.42336,423.524,0,1.02816,0,0,2.35017,1.32201,1.028160,1,0,115.935,0,0,0,115.935,0
72.29,2.00369,0,0,6.17816,0.311372,1.61814,3.6288,27.74,0.353444,0,0,0.64851,0.125922,0,0.66528,12.849,1,0.367555,1.61814,0,111.475,3.87639,108.849,0.84672,12.849,0.84672,3695.15,0,36.966,0.473884,2.23109,1.87767,13.2735,1.01644,15.8919,0.42336,36.966,0.42336,423.524,0,1.02816,0,0,3.25925,2.23109,1.028160,1,0,124.741,0,0,0,124.741,0
72.29,2.01372,0,0,4.53006,0.316767,2.19958,3.6288,27.8383,0.354781,0,0,0.579221,0.126161,0,0.66528,12.849,1,0.357923,2.19958,0,108.01,3.87639,105.976,0.84672,12.849,0.84672,3695.15,0,36.966,0.472777,2.26498,1.87792,8.34684,1.01644,11.0005,0.42336,36.966,0.42336,423.524,0,1.02816,0,0,3.29314,2.26498,1.028160,1,0,116.976,0,0,0,116.976,0
72.29,2.01405,0,0,8.76238,0.294111,6.45421,3.6288,28.2549,0.355597,0,0,0.889531,0.117353,0,0.66528,12.849,1,0.357982,6.45421,0,140.41,3.702,142.805,0.84672,12.849,0.84672,3695.15,0,36.966,0.472191,3.93362,1.87817,19.7802,0.991385,24.1285,0.42336,36.966,0.42336,423.524,0,1.02816,0,0,4.96178,3.93362,1.028160,1,0,166.933,0,0,0,166.933,0
72.29,2.01439,0,0,6.42488,0.331997,4.07849,3.6288,28.5931,0.358713,0,0,0.842931,0.146015,0,0.66528,12.849,1,0.358042,4.07849,0,134.719,4.30984,134.13,0.84672,12.849,0.84672,3695.15,0,36.966,0.469306,3.3068,1.87842,11.454,1.08737,15.0826,0.42336,36.966,0.42336,423.524,0,1.02816,0,0,4.33496,3.3068,1.028160,1,0,149.212,0,0,0,149.212,0
72.29,2.09772,0,0,7.46937,0.318841,5.05281,3.6288,28.7373,0.388493,0,0,0.669622,0.136909,0,0.66528,12.849,1,0.372854,5.05281,0,127.08,4.53096,127.229,0.84672,12.849,0.84672,3695.15,0,36.966,0.502256,2.76964,1.87868,9.93185,1.08056,12.9974,0.42336,36.966,0.42336,423.524,0,1.02816,0,0,3.7978,2.76964,1.028160,1,0,140.226,0,0,0,140.226,0
72.29,2.09807,0,0,5.70349,0.318841,3.28658,3.6288,28.774,0.389701,0,0,0.563579,0.137133,0,0.66528,12.849,1,0.372916,3.28658,0,94.7143,4.53096,93.097,0.84672,12.849,0.84672,3695.15,0,36.966,0.501288,1.72973,1.94553,7.99451,1.08056,10.0879,0.42336,36.966,0.42336,423.524,0,1.02816,0,0,2.75789,1.72973,1.028160,1,0,103.185,0,0,0,103.185,0
72.29,2.09842,0,0,4.63447,0.318841,2.21721,3.6288,28.6904,0.390086,0,0,0.443629,0.13719,0,0.66528,12.849,1,0.372978,2.21721,0,75.6475,4.53096,72.9608,0.84672,12.849,0.84672,3695.15,0,36.966,0.501143,1.23053,1.9458,6.10183,1.08056,7.69646,0.42336,36.966,0.42336,423.524,0,1.02816,0,0,2.25869,1.23053,1.028160,1,0,80.6573,0,0,0,80.6573,0
72.29,2.09877,0,0,4.44384,0.278481,2.06659,3.6288,28.5555,0.389552,0,0,0.406477,0.151783,0,0.66528,12.849,1,0.37304,2.06659,0,76.5487,4.73377,73.5085,0.84672,12.849,0.84672,3695.15,0,36.966,0.501916,1.1966,1.94606,6.15556,1.09621,7.70009,0.42336,36.966,0.42336,423.524,0,1.02816,0,0,2.22476,1.1966,1.028160,1,0,81.2085,0,0,0,81.2085,0
72.29,2.06664,0,0,4.97272,0.255142,2.65093,3.6288,28.4681,0.378037,0,0,0.43943,0.148862,0,0.66528,12.849,1,0.36733,2.65093,0,95.7977,4.45022,93.6311,0.84672,12.849,0.84672,3695.15,0,36.966,0.489381,1.61686,1.94632,8.16687,1.08401,10.1567,0.42336,36.966,0.42336,423.524,0,1.02816,0,0,2.64502,1.61686,1.028160,1,0,103.788,0,0,0,103.788,0
72.29,2.06699,0,0,4.24419,0.255142,1.92206,3.6288,28.357,0.377486,0,0,0.415126,0.148715,0,0.66528,12.849,1,0.367392,1.92206,0,84.0059,4.45022,81.1103,0.84672,12.849,0.84672,3695.15,0,36.966,0.490168,1.33893,1.92065,6.9463,1.08401,8.63171,0.42336,36.966,0.42336,423.524,0,1.02816,0,0,2.36709,1.33893,1.028160,1,0,89.742,0,0,0,89.742,0
72.29,2.06733,0,0,3.77571,0.255142,1.45324,3.6288,28.2032,0.376755,0,0,0.37146,0.148527,0,0.66528,12.849,1,0.367453,1.45324,0,72.0317,4.45022,68.6672,0.84672,12.849,0.84672,3695.15,0,36.966,0.491135,1.04284,1.92091,5.93949,1.08401,7.3281,0.42336,36.966,0.42336,423.524,0,1.02816,0,0,2.071,1.04284,1.028160,1,0,75.9953,0,0,0,75.9953,0
72.29,2.06768,0,0,3.46167,0.242179,1.15181,3.6288,28.028,0.375698,0,0,0.336092,0.135526,0,0.66528,12.849,1,0.367514,1.15181,0,66.09,4.09634,62.7779,0.84672,12.849,0.84672,3695.15,0,36.966,0.492428,0.892607,1.92117,5.5505,0.994253,6.87759,0.42336,36.966,0.42336,423.524,0,1.02816,0,0,1.92077,0.892607,1.028160,1,0,69.6555,0,0,0,69.6555,0
72.29,2.1783,0,0,3.58464,0.223112,1.18323,3.6288,27.8366,0.41164,0,0,0.369995,0.149792,0,0.66528,12.849,1,0.387177,1.18323,0,64.9356,4.41172,61.32,0.84672,12.849,0.84672,3695.15,0,36.966,0.542909,0.966263,1.92143,5.68485,0.990376,7.03926,0.42336,36.966,0.42336,423.524,0,1.02816,0,0,1.99442,0.966263,1.028160,1,0,68.3592,0,0,0,68.3592,0
72.29,2.17866,0,0,3.28997,0.183035,0.928276,3.6288,27.5781,0.410143,0,0,0.305757,0.154137,0,0.66528,12.849,1,0.387241,0.928276,0,57.3914,4.4206,53.5118,0.84672,12.849,0.84672,3695.15,0,36.966,0.544655,1.00454,2.01261,5.41144,1.01226,6.87167,0.42336,36.966,0.42336,423.524,0,1.02816,0,0,2.0327,1.00454,1.028160,1,0,60.3835,0,0,0,60.3835,0
72.29,2.17902,0,0,3.09231,0.167813,0.745472,3.6288,27.3321,0.408068,0,0,0.318427,0.156339,0,0.66528,12.849,1,0.387305,0.745472,0,52.8639,4.52896,48.6931,0.84672,12.849,0.84672,3695.15,0,36.966,0.546979,1.0096,2.01288,5.49982,0.9922,6.98312,0.42336,36.966,0.42336,423.524,0,1.02816,0,0,2.03776,1.0096,1.028160,1,0,55.6763,0,0,0,55.6763,0
72.29,2.17938,0,0,2.97149,0.167813,0.624298,3.6288,27.0945,0.406081,0,0,0.324388,0.155909,0,0.66528,12.849,1,0.387369,0.624298,0,49.8357,4.52896,45.5437,0.84672,12.849,0.84672,3695.15,0,36.966,0.549215,0.908168,2.01316,5.48408,0.9922,6.86399,0.42336,36.966,0.42336,423.524,0,1.02816,0,0,1.93633,0.908168,1.028160,1,0,52.4077,0,0,0,52.4077,0
72.29,2.17975,0,0,2.7383,0.151186,0.40737,3.6288,26.8733,0.404149,0,0,0.338162,0.155212,0,0.66528,12.849,1,0.387433,0.40737,0,46.38,4.43384,41.9661,0.84672,12.849,0.84672,3695.15,0,36.966,0.551395,0.814648,2.01343,4.90443,0.978995,6.20211,0.42336,36.966,0.42336,423.524,0,1.02816,0,0,1.84281,0.814648,1.028160,1,0,48.1682,0,0,0,48.1682,0
72.0444,2.15828,0,0,2.40457,0.129016,0.36288,3.6288,26.6866,0.422299,0,0,0.39007,0.154452,0,0.66528,12.849,1,0.383618,0.36288,0,44.6432,4.307,40.3155,0.84672,12.849,0.84672,3695.15,0,36.966,0.5809,0.816877,2.0137,4.59992,0.961389,5.88821,0.42336,36.966,0.42336,423.524,0,1.02816,0,0,1.84504,0.816877,1.028160,1,0,46.2037,0,0,0,46.2037,0
71.5708,2.15753,0,0,2.17559,0.128776,0.36288,3.6288,26.4738,0.420702,0,0,0.361999,0.154127,0,0.66528,12.849,1,0.384792,0.36288,0,40.0899,4.307,35.761,0.84672,12.849,0.84672,3695.15,0,36.966,0.582752,0.588012,2.04578,4.41174,0.961389,5.50139,0.42336,36.966,0.42336,423.524,0,1.02816,0,0,1.61617,0.588012,1.028160,1,0,41.2623,0,0,0,41.2623,0
71.025,2.15573,0,0,2.07272,0.0999066,0.36288,3.6288,26.1955,0.418854,0,0,0.34252,0.201943,0,0.66528,12.849,1,0.387014,0.36288,0,36.3185,5.1539,31.1405,0.84672,12.849,0.84672,3695.15,0,36.966,0.584856,0.595927,2.04606,4.17985,1.27052,4.96645,0.42336,36.966,0.42336,423.524,0,1.02816,0,0,1.62409,0.595927,1.028160,1,0,36.1069,0,0,0,36.1069,0
70.2539,2.15357,0,0,1.84013,0.0947761,0.36288,3.6288,25.8901,0.416384,0,0,0.320263,0.209312,0,0.66528,12.849,1,0.389597,0.36288,0,33.2172,5.29505,27.8954,0.84672,12.849,0.84672,3695.15,0,36.966,0.587583,0.551526,2.04633,4.04205,1.32205,4.73028,0.42336,36.966,0.42336,423.524,0,1.02816,0,0,1.57969,0.551526,1.028160,1,0,32.6257,0,0,0,32.6257,0
69.3193,2.20646,0,0,1.73325,0.0985506,0.36288,3.6288,25.4471,0.431046,0,0,0.201758,0.213661,0,0.66528,12.849,1,0.403547,0.36288,0,31.6576,5.43365,26.1833,0.84672,12.849,0.84672,3695.15,0,36.966,0.61545,0.398226,2.04661,3.82611,1.40497,4.25053,0.42336,36.966,0.42336,423.524,0,1.02816,0,0,1.42639,0.398226,1.028160,1,0,30.4338,0,0,0,30.4338,0
68.2766,2.20223,0,0,1.62028,0.0978408,0.36288,3.6288,24.9944,0.426785,0,0,0.186672,0.212582,0,0.66528,12.849,1,0.408205,0.36288,0,30.1017,5.43365,24.6227,0.84672,12.849,0.84672,3695.15,0,36.966,0.619973,0.275486,2.09199,3.35729,1.40497,3.69983,0.42336,36.966,0.42336,423.524,0,1.02816,0,0,1.30365,0.275486,1.028160,1,0,28.3225,0,0,0,28.3225,0
67.2178,2.19735,0,0,1.5985,0.0970489,0.36288,3.6288,24.5626,0.422361,0,0,0.201962,0.211479,0,0.66528,12.849,1,0.41352,0.36288,0,27.9313,5.43365,22.447,0.84672,12.849,0.84672,3695.15,0,36.966,0.624659,0.363355,2.09228,3.79672,1.40497,4.22272,0.42336,36.966,0.42336,423.524,0,1.02816,0,0,1.39152,0.363355,1.028160,1,0,26.6697,0,0,0,26.6697,0
66.3084,2.19224,0,0,1.72486,0.0791964,0.36288,3.6288,24.1613,0.418082,0,0,0.213362,0.196557,0,0.66528,12.849,1,0.419057,0.36288,0,28.7894,5.67522,23.058,0.84672,12.849,0.84672,3695.15,0,36.966,0.629202,0.508602,2.09256,4.6835,1.47475,5.18071,0.42336,36.966,0.42336,423.524,0,1.02816,0,0,1.53676,0.508602,1.028160,1,0,28.2387,0,0,0,28.2387,0
65.0154,2.35082,0,0,1.51007,0.0893848,0.36288,3.6288,23.6276,0.492617,0,0,0.170431,0.211463,0,0.66528,12.849,1,0.455533,0.36288,0,24.1203,5.81799,18.2096,0.84672,12.849,0.84672,3695.15,0,36.966,0.753689,0.227405,2.09284,3.4537,1.49066,3.5296,0.42336,36.966,0.42336,423.524,0,0.982074,0,0,1.20948,0.227405,1.028160,1,0,21.7392,0,0,0,21.7392,0
63.7432,2.34364,0,0,1.52285,0.0885113,0.36288,3.6288,23.0557,0.507454,0,0,0.166746,0.231195,0,0.66528,12.849,1,0.463174,0.36288,0,22.6637,6.06196,16.5014,0.84672,12.849,0.84672,3695.15,0,36.966,0.793924,0.227405,2.24756,3.02333,1.52349,3.18088,0.42336,36.966,0.42336,423.524,0,0.927288,0,0,1.15469,0.227405,1.028160,1,0,19.6823,0,0,0,19.6823,0
62.2104,2.33633,0,0,1.25404,0.087607,0.36288,3.6288,22.4284,0.542798,0,0,0.145131,0.229648,0,0.66528,12.849,1,0.470944,0.36288,0,28.1356,6.06196,21.9656,0.84672,12.849,0.84672,3695.15,0,36.966,0.870286,0.204422,2.24786,2.69729,1.52349,2.7558,0.42336,36.966,0.42336,423.524,0,0.815867,0,0,1.02029,0.204422,1.028160,1,0,24.7214,0,0,0,24.7214,0
60.8212,2.32709,0,0,1.38728,0.0865174,0.36288,3.6288,21.9463,0.453548,0,0,0.199365,0.22795,0,0.66528,12.849,1,0.48064,0.36288,0,24.1224,6.06196,17.9427,0.84672,12.849,0.84672,3695.15,0,36.966,0.747528,0.30748,2.24817,3.22331,1.52349,3.50794,0.42336,36.966,0.42336,423.524,0,1.02816,0,0,1.33564,0.30748,1.028160,1,0,21.4507,0,0,0,21.4507,0
59.4439,2.31841,0,0,1.37038,0.0664369,0.36288,3.6288,21.4158,0.447537,0,0,0.157363,0.240298,0,0.66528,12.849,1,0.489784,0.36288,0,23.3723,6.2731,16.9723,0.84672,12.849,0.84672,3695.15,0,36.966,0.753825,0.233012,2.24848,3.19563,1.59068,3.33262,0.42336,36.966,0.42336,423.524,0,1.02816,0,0,1.26117,0.233012,1.028160,1,0,20.3049,0,0,0,20.3049,0
58.0709,2.23141,0,0,1.30615,0.084829,0.36288,3.6288,20.9278,0.406774,0,0,0.155753,0.23703,0,0.66528,12.849,1,0.482326,0.36288,0,18.9213,5.52884,13.2731,0.84672,12.849,0.84672,3695.15,0,36.966,0.702137,0.222031,2.24878,1.94981,1.43476,2.28373,0.42336,36.966,0.42336,423.524,0,1.02816,0,0,1.25019,0.222031,1.028160,1,0,15.5568,0,0,0,15.5568,0
56.808,2.22244,0,0,1.47168,0.149279,0.36288,3.6288,20.532,0.400954,0,0,0.218166,0.212931,0,0.66528,12.849,1,0.491745,0.36288,0,18.2452,4.6724,13.4439,0.84672,12.849,0.84672,3695.15,0,36.966,0.708229,0.60137,2.15965,2.60388,1.24774,3.40894,0.42336,36.966,0.42336,423.524,0,1.02816,0,0,1.62953,0.60137,1.028160,1,0,16.8529,0,0,0,16.8529,0
55.4616,2.21388,0,0,1.38055,0.150151,0.36288,3.6288,20.145,0.396176,0,0,0.221647,0.212481,0,0.66528,12.849,1,0.500743,0.36288,0,22.457,4.68867,17.6305,0.84672,12.849,0.84672,3695.15,0,36.966,0.713278,0.552891,2.15995,2.6346,1.25705,3.3771,0.42336,36.966,0.42336,423.524,0,1.02816,0,0,1.58105,0.552891,1.028160,1,0,21.0076,0,0,0,21.0076,0
54.2961,2.20438,0,0,1.54993,0.148157,0.36288,3.6288,19.8183,0.391439,0,0,0.276039,0.211367,0,0.66528,12.849,1,0.510696,0.36288,0,36.1291,4.68867,31.2926,0.84672,12.849,0.84672,3695.15,0,36.966,0.718288,0.859931,2.16024,3.35403,1.25705,4.39886,0.42336,36.966,0.42336,423.524,0,1.02816,0,0,1.88809,0.859931,1.028160,1,0,35.6915,0,0,0,35.6915,0
52.8985,2.13283,0,0,1.277,0.178903,0.36288,3.6288,19.463,0.406537,0,0,0.210498,0.159222,0,0.66528,12.849,1,0.504728,0.36288,0,34.2795,4.32576,29.8119,0.84672,12.849,0.84672,3695.15,0,36.966,0.758293,0.216518,2.16054,2.87643,1.08062,3.41457,0.42336,36.966,0.42336,423.524,0,0.888866,0,0,1.10538,0.216518,1.028160,1,0,33.2264,0,0,0,33.2264,0
51.163,2.12245,0,0,0.950486,0.200658,0.36288,3.6288,18.8997,0.546315,0,0,0.131324,0.148356,0,0.66528,12.849,1,0.515542,0.36288,0,18.0502,4.28799,13.6095,0.84672,12.849,0.84672,3695.15,0,36.966,1.03761,0.216518,2.08096,2.16831,1.08015,2.34803,0.42336,36.966,0.42336,423.524,0,0.470025,0,0,0.686543,0.216518,1.028160,1,0,15.9575,0,0,0,15.9575,0
49.9249,2.10882,0,0,1.43073,0.197085,0.36288,3.6288,18.7233,0.34712,0,0,0.318019,0.147207,0,0.66528,12.849,1,0.529607,0.36288,0,28.1469,4.28799,23.6922,0.84672,12.849,0.84672,3695.15,0,36.966,0.678935,0.956146,2.08125,4.39673,1.08015,5.67504,0.42336,36.966,0.42336,423.524,0,1.02816,0,0,1.98431,0.956146,1.028160,1,0,29.3672,0,0,0,29.3672,0
50.7326,2.09873,0,0,3.46377,0.194536,0.36288,3.6288,18.9439,0.345058,0,0,0.712459,0.146848,0,0.66528,12.849,1,0.540141,0.36288,0,73.7637,4.28799,69.2984,0.84672,12.849,0.84672,3695.15,0,36.966,0.681256,2.09415,2.08153,6.6512,1.08015,9.06548,0.42336,36.966,0.42336,423.524,0,1.02816,0,0,3.12231,2.09415,1.028160,1,0,78.3639,0,0,0,78.3639,0
53.3258,1.92916,0,0,5.13867,0.253442,0.36288,3.6288,18.9046,0.288194,0,0,0.368129,0.119274,0,0.66528,12.849,1,0.488597,0.36288,0,60.5703,3.76603,56.6785,0.84672,12.849,0.84672,3695.15,0,36.966,0.562364,0.944628,2.08181,10.3217,0.870606,11.9152,0.42336,36.966,0.42336,423.524,0,1.02816,0,0,1.97279,0.944628,1.028160,1,0,68.5937,0,0,0,68.5937,0
54.5321,1.94863,0,0,3.7716,0.253756,0.36288,3.6288,18.7916,0.287877,0,0,0.300495,0.12559,0,0.66528,12.849,1,0.469529,0.36288,0,75.3529,3.9459,71.3003,0.84672,12.849,0.84672,3695.15,0,36.966,0.562914,1.12333,1.90459,7.1839,0.875287,8.77361,0.42336,36.966,0.42336,423.524,0,1.02816,0,0,2.15149,1.12333,1.028160,1,0,80.074,0,0,0,80.074,0
55.5663,1.95737,0,0,3.61133,0.256883,0.36288,3.6288,18.6669,0.286815,0,0,0.287475,0.125393,0,0.66528,12.849,1,0.4612,0.36288,0,70.6778,3.9459,66.6336,0.84672,12.849,0.84672,3695.15,0,36.966,0.56421,1.14106,1.90484,7.29009,0.875287,8.89649,0.42336,36.966,0.42336,423.524,0,1.02816,0,0,2.16922,1.14106,1.028160,1,0,75.5301,0,0,0,75.5301,0
56.5669,1.96466,0,0,3.58509,0.256952,0.36288,3.6288,18.5118,0.285628,0,0,0.271148,0.140616,0,0.66528,12.849,1,0.454304,0.36288,0,81.1244,4.51411,76.5189,0.84672,12.849,0.84672,3695.15,0,36.966,0.56563,0.808661,1.9051,8.06855,1.13344,9.08324,0.42336,36.966,0.42336,423.524,0,1.02816,0,0,1.83682,0.808661,1.028160,1,0,85.6021,0,0,0,85.6021,0
58.3159,1.97154,0,0,4.33229,0.248833,0.36288,3.6288,18.6081,0.284125,0,0,0.538768,0.158285,0,0.66528,12.849,1,0.44783,0.36288,0,85.3217,5.04941,80.1874,0.84672,12.849,0.84672,3695.15,0,36.966,0.567367,1.52188,1.90535,9.36153,1.4182,10.8032,0.42336,36.966,0.42336,423.524,0,1.02816,0,0,2.55004,1.52188,1.028160,1,0,90.9906,0,0,0,90.9906,0
62.0539,2.05275,0,0,6.39759,0.244012,0.36288,3.6288,19.7568,0.302264,0,0,1.61875,0.167828,0,0.66528,12.849,1,0.452292,0.36288,0,174.928,4.51542,170.323,0.84672,12.849,0.84672,3695.15,0,36.966,0.600464,3.85819,1.90561,17.3354,1.31107,21.1877,0.42336,36.966,0.42336,423.524,0,1.02816,0,0,4.88635,3.85819,1.028160,1,0,191.511,0,0,0,191.511,0
65.4112,2.07566,0,0,6.04821,0.252362,0.36288,3.6288,20.7859,0.314504,0,0,1.51411,0.170509,0,0.66528,12.849,1,0.42979,0.36288,0,179.174,4.51542,174.591,0.84672,12.849,0.84672,3695.15,0,36.966,0.588455,2.66865,1.96125,16.7349,1.31107,19.4653,0.42336,36.966,0.42336,423.524,0,1.02816,0,0,3.69681,2.66865,1.028160,1,0,194.057,0,0,0,194.057,0
68.2987,2.09443,0,0,5.60421,0.259332,0.36288,3.6288,21.5416,0.325073,0,0,1.25376,0.172912,0,0.66528,12.849,1,0.411417,0.36288,0,148.786,4.51542,144.222,0.84672,12.849,0.84672,3695.15,0,36.966,0.578117,2.65817,1.9615,13.7124,1.31107,16.4429,0.42336,36.966,0.42336,423.524,0,1.02816,0,0,3.68633,2.65817,1.028160,1,0,160.665,0,0,0,160.665,0
71.6966,2.1094,0,0,6.13219,0.262077,0.36288,3.6288,22.7529,0.332626,0,0,1.72139,0.177539,0,0.66528,12.849,1,0.39684,0.36288,0,162.708,4.47182,158.203,0.84672,12.849,0.84672,3695.15,0,36.966,0.570795,4.36694,1.96176,19.6697,1.30759,24.1201,0.42336,36.966,0.42336,423.524,0,1.02816,0,0,5.3951,4.36694,1.028160,1,0,182.323,0,0,0,182.323,0
72.29,2.35804,0,0,6.90888,0.288385,3.66904,3.6288,24.9019,0.417285,0,0,2.71862,0.152289,0,0.66528,12.849,1,0.422592,3.66904,0,170.052,3.24276,170.056,0.84672,12.849,0.84672,3695.15,0,36.966,0.677952,8.65032,1.96201,25.6929,1.11587,34.5114,0.42336,36.966,0.42336,423.524,0,1.02816,0,0,9.67848,8.65032,1.028160,1,0,204.568,0,0,0,204.568,0
72.29,2.36135,0,0,5.77229,0.305502,3.10543,3.6288,26.9199,0.440938,0,0,2.59647,0.137503,0,0.66528,12.849,1,0.419713,3.10543,0,201.116,2.85579,200.946,0.84672,12.849,0.84672,3695.15,0,36.966,0.654557,4.98472,2.16163,20.9232,1.04755,26.3675,0.42336,36.966,0.42336,423.524,0,1.02816,0,0,6.01288,4.98472,1.028160,1,0,227.313,0,0,0,227.313,0
72.29,2.36172,0,0,4.26702,0.310036,1.59526,3.6288,28.2322,0.461723,0,0,1.89535,0.121376,0,0.66528,12.849,1,0.419779,1.59526,0,129.548,2.4021,128.322,0.84672,12.849,0.84672,3695.15,0,36.966,0.63403,2.51591,2.16191,12.5115,0.917455,15.6378,0.42336,36.966,0.42336,423.524,0,1.02816,0,0,3.54407,2.51591,1.028160,1,0,143.959,0,0,0,143.959,0
72.29,2.3621,0,0,4.00699,0.265816,1.37908,3.6288,29.1755,0.474596,0,0,1.59052,0.172589,0,0.66528,12.849,1,0.419845,1.37908,0,99.5051,3.59768,96.8667,0.84672,12.849,0.84672,3695.15,0,36.966,0.621415,2.42892,2.16219,13.3511,1.07137,16.2495,0.42336,36.966,0.42336,423.524,0,1.02816,0,0,3.45708,2.42892,1.028160,1,0,113.116,0,0,0,113.116,0
72.29,2.03046,0,0,4.8349,0.289667,2.51477,3.6288,29.7376,0.370096,0,0,1.04401,0.111833,0,0.66528,12.849,1,0.360899,2.51477,0,108.804,3.11687,107.841,0.84672,12.849,0.84672,3695.15,0,36.966,0.46892,2.90483,2.16247,14.3207,0.861896,18.0572,0.42336,36.966,0.42336,423.524,0,1.02816,0,0,3.93299,2.90483,1.028160,1,0,125.898,0,0,0,125.898,0
72.29,2.03079,0,0,4.41732,0.29385,2.09268,3.6288,30.0489,0.374147,0,0,0.77484,0.0893674,0,0.66528,12.849,1,0.360957,2.09268,0,118.68,2.9254,117.486,0.84672,12.849,0.84672,3695.15,0,36.966,0.465091,2.37004,1.89072,12.9427,0.775192,15.9632,0.42336,36.966,0.42336,423.524,0,1.02816,0,0,3.3982,2.37004,1.028160,1,0,133.449,0,0,0,133.449,0
72.29,2.03111,0,0,3.75747,0.29385,1.43251,3.6288,31.154,0.376407,0,0,1.57111,0.0896787,0,0.66528,12.849,1,0.361015,1.43251,0,113.66,2.9254,111.806,0.84672,12.849,0.84672,3695.15,0,36.966,0.463053,2.69555,1.89096,11.109,0.775192,14.4572,0.42336,36.966,0.42336,423.524,0,1.02816,0,0,3.72371,2.69555,1.028160,1,0,126.263,0,0,0,126.263,0
72.29,2.03144,0,0,4.79612,0.264513,2.50018,3.6288,32.2874,0.38402,0,0,1.61229,0.0947957,0,0.66528,12.849,1,0.361072,2.50018,0,119.273,3.00176,118.41,0.84672,12.849,0.84672,3695.15,0,36.966,0.455662,3.1703,1.89121,12.6525,0.787729,16.4706,0.42336,36.966,0.42336,423.524,0,1.02816,0,0,4.19846,3.1703,1.028160,1,0,134.881,0,0,0,134.881,0
72.29,2.03176,0,0,4.59678,0.267129,2.29789,3.6288,33.4039,0.391581,0,0,1.6112,0.103131,0,0.66528,12.849,1,0.36113,2.29789,0,103.797,3.07742,102.656,0.84672,12.849,0.84672,3695.15,0,36.966,0.448323,3.84871,1.89145,12.7048,0.7625,17.2341,0.42336,36.966,0.42336,423.524,0,1.02816,0,0,4.87687,3.84871,1.028160,1,0,119.89,0,0,0,119.89,0
72.29,2.11571,0,0,4.88635,0.303006,2.46763,3.6288,34.3794,0.428695,0,0,1.52254,0.11837,0,0.66528,12.849,1,0.376052,2.46763,0,117.637,3.19021,116.538,0.84672,12.849,0.84672,3695.15,0,36.966,0.47441,4.20714,1.89169,14.4838,0.686889,19.4213,0.42336,36.966,0.42336,423.524,0,1.02816,0,0,5.2353,4.20714,1.028160,1,0,135.96,0,0,0,135.96,0
72.29,2.11605,0,0,3.93427,0.303006,1.51521,3.6288,35.0904,0.435293,0,0,1.26591,0.119562,0,0.66528,12.849,1,0.376112,1.51521,0,81.6661,3.19021,79.615,0.84672,12.849,0.84672,3695.15,0,36.966,0.468043,3.29095,1.95905,11.4973,0.686889,15.5924,0.42336,36.966,0.42336,423.524,0,1.02816,0,0,4.31911,3.29095,1.028160,1,0,95.2074,0,0,0,95.2074,0
72.29,2.11639,0,0,3.7684,0.297863,1.35414,3.6288,35.7357,0.440024,0,0,1.20621,0.120945,0,0.66528,12.849,1,0.376172,1.35414,0,80.1835,3.14916,78.0123,0.84672,12.849,0.84672,3695.15,0,36.966,0.463543,3.61529,1.95931,9.84131,0.703016,14.2493,0.42336,36.966,0.42336,423.524,0,1.02816,0,0,4.64345,3.61529,1.028160,1,0,92.2617,0,0,0,92.2617,0
72.29,2.11672,0,0,3.93004,0.267005,1.54631,3.6288,36.4839,0.444252,0,0,1.31747,0.12497,0,0.66528,12.849,1,0.376232,1.54631,0,91.5106,2.90283,89.7778,0.84672,12.849,0.84672,3695.15,0,36.966,0.459546,4.03224,1.95956,11.6661,0.799781,16.3985,0.42336,36.966,0.42336,423.524,0,1.02816,0,0,5.0604,4.03224,1.028160,1,0,106.176,0,0,0,106.176,0
72.29,2.08434,0,0,3.42141,0.266574,1.0705,3.6288,36.7471,0.436891,0,0,0.834952,0.134903,0,0.66528,12.849,1,0.370476,1.0705,0,70.0891,3.44526,67.3438,0.84672,12.849,0.84672,3695.15,0,36.966,0.442664,2.25829,1.95981,8.51342,0.887936,11.4009,0.42336,36.966,0.42336,423.524,0,1.02816,0,0,3.28645,2.25829,1.028160,1,0,78.7447,0,0,0,78.7447,0
72.2586,2.08468,0,0,2.72244,0.306319,0.36288,3.6288,36.9012,0.438585,0,0,0.751779,0.159099,0,0.66528,12.849,1,0.370535,0.36288,0,54.0695,3.83744,50.2244,0.84672,12.849,0.84672,3695.15,0,36.966,0.441198,1.62304,1.93393,7.22676,0.933377,9.40916,0.42336,36.966,0.42336,423.524,0,1.02816,0,0,2.6512,1.62304,1.028160,1,0,59.6335,0,0,0,59.6335,0
72.0685,2.08487,0,0,2.47969,0.221998,0.36288,3.6288,36.8986,0.439619,0,0,0.628461,0.191462,0,0.66528,12.849,1,0.370731,0.36288,0,49.0679,4.1834,44.8767,0.84672,12.849,0.84672,3695.15,0,36.966,0.440391,1.40123,1.93418,6.67233,0.954034,8.61331,0.42336,36.966,0.42336,423.524,0,1.02816,0,0,2.42939,1.40123,1.028160,1,0,53.49,0,0,0,53.49,0
71.831,2.08437,0,0,2.41737,0.207656,0.36288,3.6288,36.9485,0.439717,0,0,0.686457,0.196811,0,0.66528,12.849,1,0.37162,0.36288,0,47.5474,4.24105,43.2976,0.84672,12.849,0.84672,3695.15,0,36.966,0.440521,1.62057,1.93443,7.56251,0.957477,9.71951,0.42336,36.966,0.42336,423.524,0,1.02816,0,0,2.64873,1.62057,1.028160,1,0,53.0171,0,0,0,53.0171,0
71.2763,2.19467,0,0,2.22337,0.220497,0.36288,3.6288,36.8216,0.483539,0,0,0.551867,0.195231,0,0.66528,12.849,1,0.39258,0.36288,0,41.9,4.538,37.3323,0.84672,12.849,0.84672,3695.15,0,36.966,0.483768,1.05682,1.93468,5.93416,0.972218,7.46967,0.42336,36.966,0.42336,423.524,0,1.02816,0,0,2.08498,1.05682,1.028160,1,0,44.802,0,0,0,44.802,0
70.5837,2.19243,0,0,2.04608,0.183309,0.36288,3.6288,36.6208,0.482827,0,0,0.474548,0.192501,0,0.66528,12.849,1,0.395231,0.36288,0,37.1409,4.72521,32.3833,0.84672,12.849,0.84672,3695.15,0,36.966,0.48472,0.830684,2.02655,4.86,0.939168,6.29335,0.42336,36.966,0.42336,423.524,0,1.02816,0,0,1.85884,0.830684,1.028160,1,0,38.6766,0,0,0,38.6766,0
69.8146,2.1895,0,0,1.95806,0.174825,0.36288,3.6288,36.4446,0.481624,0,0,0.498956,0.193584,0,0.66528,12.849,1,0.398575,0.36288,0,34.8965,4.77939,30.0814,0.84672,12.849,0.84672,3695.15,0,36.966,0.486164,0.820256,2.02681,5.06314,0.929138,6.49491,0.42336,36.966,0.42336,423.524,0,1.02816,0,0,1.84842,0.820256,1.028160,1,0,36.5764,0,0,0,36.5764,0
68.9623,2.18614,0,0,1.87055,0.173792,0.36288,3.6288,36.2718,0.480576,0,0,0.501064,0.193253,0,0.66528,12.849,1,0.402347,0.36288,0,32.7869,4.77939,27.968,0.84672,12.849,0.84672,3695.15,0,36.966,0.487452,0.738832,2.02707,4.86856,0.929138,6.21788,0.42336,36.966,0.42336,423.524,0,1.02816,0,0,1.76699,0.738832,1.028160,1,0,34.1859,0,0,0,34.1859,0
67.9284,2.18229,0,0,1.67002,0.158804,0.36288,3.6288,36.037,0.479545,0,0,0.447034,0.202317,0,0.66528,12.849,1,0.406603,0.36288,0,30.6934,4.88727,25.7624,0.84672,12.849,0.84672,3695.15,0,36.966,0.488723,0.605172,2.02734,4.38479,0.994867,5.53371,0.42336,36.966,0.42336,423.524,0,1.02816,0,0,1.63333,0.605172,1.028160,1,0,31.2961,0,0,0,31.2961,0
66.7099,2.15565,0,0,1.42329,0.1232,0.36288,3.6288,35.6783,0.501669,0,0,0.368328,0.225273,0,0.66528,12.849,1,0.407753,0.36288,0,31.354,5.15697,26.1521,0.84672,12.849,0.84672,3695.15,0,36.966,0.514602,0.429901,2.0276,3.82411,1.15919,4.60782,0.42336,36.966,0.42336,423.524,0,1.02816,0,0,1.45806,0.429901,1.028160,1,0,30.7599,0,0,0,30.7599,0
65.391,2.14975,0,0,1.31574,0.122022,0.36288,3.6288,35.3107,0.49925,0,0,0.356093,0.224484,0,0.66528,12.849,1,0.414063,0.36288,0,31.1643,5.15697,25.9562,0.84672,12.849,0.84672,3695.15,0,36.966,0.517268,0.405225,2.05991,3.87764,1.15919,4.66632,0.42336,36.966,0.42336,423.524,0,1.02816,0,0,1.43338,0.405225,1.028160,1,0,30.6225,0,0,0,30.6225,0
63.9588,2.14311,0,0,1.19447,0.120747,0.36288,3.6288,34.9267,0.49674,0,0,0.33639,0.223676,0,0.66528,12.849,1,0.42111,0.36288,0,30.2381,5.15697,25.0229,0.84672,12.849,0.84672,3695.15,0,36.966,0.520026,0.264617,2.06018,3.64493,1.15919,4.29051,0.42336,36.966,0.42336,423.524,0,1.02816,0,0,1.29278,0.264617,1.028160,1,0,29.3134,0,0,0,29.3134,0
62.4436,2.13559,0,0,1.09373,0.110444,0.36288,3.6288,34.4882,0.51823,0,0,0.32016,0.240449,0,0.66528,12.849,1,0.429031,0.36288,0,26.6662,5.43927,21.1608,0.84672,12.849,0.84672,3695.15,0,36.966,0.548489,0.261274,2.06044,3.53976,1.26223,4.05076,0.42336,36.966,0.42336,423.524,0,0.978454,0,0,1.23973,0.261274,1.028160,1,0,25.2116,0,0,0,25.2116,0
60.9551,2.1828,0,0,1.15023,0.0930241,0.36288,3.6288,34.0136,0.543606,0,0,0.33413,0.265135,0,0.66528,12.849,1,0.449154,0.36288,0,27.8484,5.81094,21.9512,0.84672,12.849,0.84672,3695.15,0,36.966,0.582662,0.261274,2.06071,2.9727,1.53636,3.17567,0.42336,36.966,0.42336,423.524,0,0.961744,0,0,1.22302,0.261274,1.028160,1,0,25.1269,0,0,0,25.1269,0
59.4456,2.17408,0,0,1.12039,0.0928696,0.36288,3.6288,33.554,0.528661,0,0,0.329962,0.260881,0,0.66528,12.849,1,0.458285,0.36288,0,26.6736,5.75526,20.8229,0.84672,12.849,0.84672,3695.15,0,36.966,0.57455,0.261274,2.10643,2.96758,1.53911,3.22162,0.42336,36.966,0.42336,423.524,0,0.985055,0,0,1.24633,0.261274,1.028160,1,0,24.0445,0,0,0,24.0445,0
57.8033,2.16486,0,0,0.976968,0.091611,0.36288,3.6288,33.0415,0.563993,0,0,0.311157,0.259639,0,0.66528,12.849,1,0.467927,0.36288,0,25.2713,5.75526,19.411,0.84672,12.849,0.84672,3695.15,0,36.966,0.621344,0.227405,2.1067,2.83558,1.53911,3.00923,0.42336,36.966,0.42336,423.524,0,0.903182,0,0,1.13059,0.227405,1.028160,1,0,22.4202,0,0,0,22.4202,0
56.1012,2.15432,0,0,0.900979,0.0858152,0.36288,3.6288,32.5039,0.58315,0,0,0.305809,0.260251,0,0.66528,12.849,1,0.478881,0.36288,0,23.8412,5.83003,17.8952,0.84672,12.849,0.84672,3695.15,0,36.966,0.652414,0.227405,2.10697,2.80977,1.55405,2.93769,0.42336,36.966,0.42336,423.524,0,0.853209,0,0,1.08061,0.227405,1.028160,1,0,20.8329,0,0,0,20.8329,0
54.1089,2.30238,0,0,0.757901,0.0849895,0.36288,3.6288,31.9069,0.643726,0,0,0.295818,0.249144,0,0.66528,12.849,1,0.52732,0.36288,0,21.8019,5.82756,15.8099,0.84672,12.849,0.84672,3695.15,0,36.966,0.732096,0.227405,2.10725,2.68796,1.48278,2.80774,0.42336,36.966,0.42336,423.524,0,0.867024,0,0,1.09443,0.227405,1.028160,1,0,18.6177,0,0,0,18.6177,0
52.063,2.28705,0,0,0.705542,0.101454,0.36288,3.6288,31.2709,0.6749,0,0,0.269623,0.230654,0,0.66528,12.849,1,0.543096,0.36288,0,20.6165,5.49339,14.9429,0.84672,12.849,0.84672,3695.15,0,36.966,0.781912,0.227405,2.26311,2.56167,1.4069,2.86337,0.42336,36.966,0.42336,423.524,0,0.786309,0,0,1.01371,0.227405,1.028160,1,0,17.8063,0,0,0,17.8063,0
50.0426,2.27029,0,0,0.712109,0.099351,0.36288,3.6288,30.6751,0.633213,0,0,0.266473,0.229052,0,0.66528,12.849,1,0.560301,0.36288,0,20.2712,5.49339,14.5804,0.84672,12.849,0.84672,3695.15,0,36.966,0.748534,0.204422,2.26341,2.75679,1.4069,3.06919,0.42336,36.966,0.42336,423.524,0,0.86165,0,0,1.06607,0.204422,1.028160,1,0,17.6495,0,0,0,17.6495,0
48.182,2.25264,0,0,0.852206,0.0972737,0.36288,3.6288,30.1072,0.620832,0,0,0.280495,0.227551,0,0.66528,12.849,1,0.578391,0.36288,0,19.8214,5.49339,14.1125,0.84672,12.849,0.84672,3695.15,0,36.966,0.748153,0.204422,2.2637,3.70365,1.4069,4.01672,0.42336,36.966,0.42336,423.524,0,0.874688,0,0,1.07911,0.204422,1.028160,1,0,18.1292,0,0,0,18.1292,0
46.186,2.23536,0,0,0.703273,0.101068,0.36288,3.6288,29.524,0.610495,0,0,0.24842,0.221168,0,0.66528,12.849,1,0.596118,0.36288,0,20.3985,5.44215,14.7231,0.84672,12.849,0.84672,3695.15,0,36.966,0.749572,0.204422,2.264,2.65301,1.40054,2.97131,0.42336,36.966,0.42336,423.524,0,0.883881,0,0,1.0883,0.204422,1.028160,1,0,17.6944,0,0,0,17.6944,0
44.4612,2.14074,0,0,0.929301,0.150444,0.36288,3.6288,29.006,0.558508,0,0,0.213446,0.172978,0,0.66528,12.849,1,0.595556,0.36288,0,25.591,3.86822,21.4901,0.84672,12.849,0.84672,3695.15,0,36.966,0.69929,0.204422,2.26429,3.30944,1.03431,4.04455,0.42336,36.966,0.42336,423.524,0,0.892996,0,0,1.09742,0.204422,1.028160,1,0,25.5346,0,0,0,25.5346,0
42.8278,2.12315,0,0,1.01191,0.159334,0.36288,3.6288,28.7057,0.493705,0,0,0.36299,0.169548,0,0.66528,12.849,1,0.613576,0.36288,0,27.4105,3.77916,23.3806,0.84672,12.849,0.84672,3695.15,0,36.966,0.629191,0.744258,2.17448,4.63256,1.02339,5.89872,0.42336,36.966,0.42336,423.524,0,1.02816,0,0,1.77242,0.744258,1.028160,1,0,29.2794,0,0,0,29.2794,0
41.1832,2.10548,0,0,0.980191,0.15638,0.36288,3.6288,28.4092,0.490943,0,0,0.36345,0.168974,0,0.66528,12.849,1,0.631676,0.36288,0,26.292,3.77916,22.244,0.84672,12.849,0.84672,3695.15,0,36.966,0.632216,0.749192,2.17477,4.24157,1.02339,5.50993,0.42336,36.966,0.42336,423.524,0,1.02816,0,0,1.77735,0.749192,1.028160,1,0,27.7539,0,0,0,27.7539,0
39.5214,2.08658,0,0,0.941034,0.153406,0.36288,3.6288,28.1241,0.48819,0,0,0.371477,0.168407,0,0.66528,12.849,1,0.651005,0.36288,0,25.0538,3.77916,20.9865,0.84672,12.849,0.84672,3695.15,0,36.966,0.635231,0.911719,2.17505,4.19434,1.02339,5.62249,0.42336,36.966,0.42336,423.524,0,1.02816,0,0,1.93988,0.911719,1.028160,1,0,26.609,0,0,0,26.609,0
37.8983,2.00698,0,0,0.934476,0.187745,0.36288,3.6288,27.8389,0.448754,0,0,0.334414,0.170829,0,0.66528,12.849,1,0.652499,0.36288,0,26.6702,4.23583,22.1448,0.84672,12.849,0.84672,3695.15,0,36.966,0.589837,0.468691,2.17534,5.25285,1.12838,6.17866,0.42336,36.966,0.42336,423.524,0,1.02816,0,0,1.49685,0.468691,1.028160,1,0,28.3234,0,0,0,28.3234,0
36.3034,1.98642,0,0,0.953355,0.19889,0.36288,3.6288,27.2723,0.605166,0,0,0.210024,0.171461,0,0.66528,12.849,1,0.673475,0.36288,0,32.9416,4.4185,28.2125,0.84672,12.849,0.84672,3695.15,0,36.966,0.803571,0.216518,2.09516,4.98561,1.17038,5.32333,0.42336,36.966,0.42336,423.524,0,0.658264,0,0,0.874783,0.216518,1.028160,1,0,33.5358,0,0,0,33.5358,0
36.6045,1.96488,0,0,2.82404,0.195173,0.36288,3.6288,27.3519,0.441145,0,0,0.691105,0.170377,0,0.66528,12.849,1,0.695437,0.36288,0,61.9213,4.4185,57.1703,0.84672,12.849,0.84672,3695.15,0,36.966,0.597946,2.06495,2.09543,8.7814,1.17038,11.1735,0.42336,36.966,0.42336,423.524,0,1.02816,0,0,3.09311,2.06495,1.028160,1,0,68.3437,0,0,0,68.3437,0
36.2914,1.96943,0,0,2.21997,0.200784,0.36288,3.6288,27.272,0.441992,0,0,0.534272,0.17224,0,0.66528,12.849,1,0.691312,0.36288,0,69.9463,4.35709,65.2608,0.84672,12.849,0.84672,3695.15,0,36.966,0.59735,1.77121,2.0957,8.39151,1.14917,10.5119,0.42336,36.966,0.42336,423.524,0,1.02816,0,0,2.79937,1.77121,1.028160,1,0,75.7727,0,0,0,75.7727,0
36.5909,1.8005,0,0,2.68256,0.219744,0.36288,3.6288,27.327,0.366072,0,0,0.584289,0.163125,0,0.66528,12.849,1,0.637468,0.36288,0,39.689,3.97847,35.436,0.84672,12.849,0.84672,3695.15,0,36.966,0.496196,1.42779,2.09597,6.58111,0.985998,8.62269,0.42336,36.966,0.42336,423.524,0,1.02816,0,0,2.45595,1.42779,1.028160,1,0,44.0587,0,0,0,44.0587,0
36.6931,1.80465,0,0,2.47741,0.207634,0.36288,3.6288,27.4832,0.366593,0,0,0.660347,0.137592,0,0.66528,12.849,1,0.633708,0.36288,0,54.0135,3.96491,49.7777,0.84672,12.849,0.84672,3695.15,0,36.966,0.4959,2.27141,1.91742,5.94685,0.938131,8.70165,0.42336,36.966,0.42336,423.524,0,1.02816,0,0,3.29957,2.27141,1.028160,1,0,58.4794,0,0,0,58.4794,0
37.0063,1.80624,0,0,2.69025,0.207887,0.36288,3.6288,27.5651,0.367891,0,0,0.587632,0.137833,0,0.66528,12.849,1,0.632501,0.36288,0,74.9363,3.96491,70.7017,0.84672,12.849,0.84672,3695.15,0,36.966,0.494828,1.66564,1.91767,5.35799,0.938131,7.50834,0.42336,36.966,0.42336,423.524,0,1.02816,0,0,2.6938,1.66564,1.028160,1,0,78.2101,0,0,0,78.2101,0
37.1883,1.81051,0,0,2.56405,0.208661,0.36288,3.6288,27.6772,0.368616,0,0,0.618641,0.137959,0,0.66528,12.849,1,0.628628,0.36288,0,62.9144,3.96491,58.6838,0.84672,12.849,0.84672,3695.15,0,36.966,0.494329,1.75889,1.91791,5.34177,0.938131,7.58612,0.42336,36.966,0.42336,423.524,0,1.02816,0,0,2.78705,1.75889,1.028160,1,0,66.2699,0,0,0,66.2699,0
37.5877,1.81308,0,0,2.79115,0.21581,0.36288,3.6288,27.8245,0.369569,0,0,0.630668,0.11381,0,0.66528,12.849,1,0.626441,0.36288,0,54.9575,3.49408,51.1998,0.84672,12.849,0.84672,3695.15,0,36.966,0.493601,1.44808,1.91816,5.22654,0.697714,7.40147,0.42336,36.966,0.42336,423.524,0,1.02816,0,0,2.47624,1.44808,1.028160,1,0,58.6013,0,0,0,58.6013,0
37.7509,1.88235,0,0,2.6421,0.233677,0.36288,3.6288,27.5791,0.392853,0,0,0.284726,0.137237,0,0.66528,12.849,1,0.643464,0.36288,0,72.6628,3.6371,68.7452,0.84672,12.849,0.84672,3695.15,0,36.966,0.521922,0.563449,1.91841,6.9349,1.03306,7.86177,0.42336,36.966,0.42336,423.524,0,1.02816,0,0,1.59161,0.563449,1.028160,1,0,76.6069,0,0,0,76.6069,0
39.1127,1.88471,0,0,3.84349,0.234126,0.36288,3.6288,27.5929,0.390964,0,0,0.541572,0.136861,0,0.66528,12.849,1,0.641486,0.36288,0,89.78,3.6371,85.8643,0.84672,12.849,0.84672,3695.15,0,36.966,0.524034,1.07449,1.97445,7.93714,1.03306,9.42898,0.42336,36.966,0.42336,423.524,0,1.02816,0,0,2.10265,1.07449,1.028160,1,0,95.2932,0,0,0,95.2932,0
41.452,1.90181,0,0,4.84191,0.237868,0.36288,3.6288,27.7924,0.391171,0,0,0.727609,0.136882,0,0.66528,12.849,1,0.624769,0.36288,0,98.5807,3.6371,94.6817,0.84672,12.849,0.84672,3695.15,0,36.966,0.52405,1.81524,1.97469,9.93159,1.03306,12.1644,0.42336,36.966,0.42336,423.524,0,1.02816,0,0,2.8434,1.81524,1.028160,1,0,106.846,0,0,0,106.846,0
44.5599,1.92902,0,0,5.67151,0.271722,0.36288,3.6288,28.3681,0.392881,0,0,1.09284,0.124304,0,0.66528,12.849,1,0.597945,0.36288,0,169.493,3.89476,165.363,0.84672,12.849,0.84672,3695.15,0,36.966,0.522562,3.34148,1.97494,10.4376,0.976142,14.2553,0.42336,36.966,0.42336,423.524,0,1.02816,0,0,4.36964,3.34148,1.028160,1,0,179.618,0,0,0,179.618,0
46.1362,2.17592,0,0,4.3879,0.272825,0.36288,3.6288,28.5988,0.481382,0,0,0.838909,0.126821,0,0.66528,12.849,1,0.627435,0.36288,0,104.486,3.43018,100.791,0.84672,12.849,0.84672,3695.15,0,36.966,0.627281,2.0838,1.97518,9.70885,0.951193,12.1894,0.42336,36.966,0.42336,423.524,0,1.02816,0,0,3.11196,2.0838,1.028160,1,0,112.981,0,0,0,112.981,0
46.4837,2.19302,0,0,3.17441,0.270967,0.36288,3.6288,28.6881,0.483697,0,0,0.701421,0.128435,0,0.66528,12.849,1,0.610759,0.36288,0,97.4773,3.08175,94.1477,0.84672,12.849,0.84672,3695.15,0,36.966,0.625214,2.27912,2.17626,9.9849,0.93248,12.8826,0.42336,36.966,0.42336,423.524,0,1.02816,0,0,3.30728,2.27912,1.028160,1,0,107.03,0,0,0,107.03,0
47.0614,2.19693,0,0,3.40949,0.272016,0.36288,3.6288,28.6561,0.484656,0,0,0.581247,0.128565,0,0.66528,12.849,1,0.607273,0.36288,0,75.8462,3.08175,72.5201,0.84672,12.849,0.84672,3695.15,0,36.966,0.624504,1.48686,2.17653,9.71585,0.93248,11.8223,0.42336,36.966,0.42336,423.524,0,1.02816,0,0,2.51502,1.48686,1.028160,1,0,84.3424,0,0,0,84.3424,0
47.0096,2.20311,0,0,2.78798,0.273759,0.36288,3.6288,28.6777,0.484461,0,0,0.634543,0.128518,0,0.66528,12.849,1,0.601508,0.36288,0,84.7549,3.08175,81.4346,0.84672,12.849,0.84672,3695.15,0,36.966,0.624948,1.79182,2.1768,9.48905,0.93248,11.9002,0.42336,36.966,0.42336,423.524,0,1.02816,0,0,2.81998,1.79182,1.028160,1,0,93.3348,0,0,0,93.3348,0
49.8365,1.89359,0,0,5.34792,0.264582,0.36288,3.6288,29.0541,0.371563,0,0,0.900642,0.15268,0,0.66528,12.849,1,0.517568,0.36288,0,89.1899,3.45045,85.5848,0.84672,12.849,0.84672,3695.15,0,36.966,0.478951,3.04284,2.17707,10.6567,1.03392,14.3638,0.42336,36.966,0.42336,423.524,0,1.02816,0,0,4.071,3.04284,1.028160,1,0,99.9486,0,0,0,99.9486,0
50.4588,1.91722,0,0,3.17946,0.277005,0.36288,3.6288,29.1623,0.374387,0,0,0.63228,0.149611,0,0.66528,12.849,1,0.494304,0.36288,0,61.8967,3.03902,58.7263,0.84672,12.849,0.84672,3695.15,0,36.966,0.47634,1.34455,1.90331,6.29126,0.894768,8.16801,0.42336,36.966,0.42336,423.524,0,1.02816,0,0,2.37271,1.34455,1.028160,1,0,66.8943,0,0,0,66.8943,0
53.7582,1.92237,0,0,5.86344,0.278831,0.36288,3.6288,29.6626,0.375262,0,0,1.02537,0.149794,0,0.66528,12.849,1,0.489519,0.36288,0,119.36,3.03902,116.194,0.84672,12.849,0.84672,3695.15,0,36.966,0.475679,3.05962,1.90355,12.8779,0.894768,16.4706,0.42336,36.966,0.42336,423.524,0,1.02816,0,0,4.08778,3.05962,1.028160,1,0,132.665,0,0,0,132.665,0
56.9676,1.7552,0,0,5.59724,0.269741,0.36288,3.6288,30.3148,0.317498,0,0,1.12844,0.158741,0,0.66528,12.849,1,0.419518,0.36288,0,146.699,3.68487,142.957,0.84672,12.849,0.84672,3695.15,0,36.966,0.39567,3.67698,1.90378,19.782,1.00267,23.9644,0.42336,36.966,0.42336,423.524,0,1.02816,0,0,4.70514,3.67698,1.028160,1,0,166.921,0,0,0,166.921,0
58.768,1.96861,0,0,4.39451,0.262692,0.36288,3.6288,30.7541,0.383603,0,0,0.985206,0.162308,0,0.66528,12.849,1,0.444018,0.36288,0,116.573,4.17963,112.312,0.84672,12.849,0.84672,3695.15,0,36.966,0.467766,2.25141,1.75289,10.5538,1.07907,13.0112,0.42336,36.966,0.42336,423.524,0,1.02816,0,0,3.27957,2.25141,1.028160,1,0,125.323,0,0,0,125.323,0
61.6287,2.06149,0,0,5.55279,0.26769,0.36288,3.6288,31.7668,0.415544,0,0,1.5939,0.165671,0,0.66528,12.849,1,0.450723,0.36288,0,100.457,4.22541,96.144,0.84672,12.849,0.84672,3695.15,0,36.966,0.499478,4.02871,1.90425,15.0551,1.01828,19.4703,0.42336,36.966,0.42336,423.524,0,1.02816,0,0,5.05687,4.02871,1.028160,1,0,115.614,0,0,0,115.614,0
64.0513,2.07912,0,0,5.13931,0.274675,0.36288,3.6288,32.3098,0.423006,0,0,1.13349,0.167527,0,0.66528,12.849,1,0.433476,0.36288,0,190.01,4.22541,185.714,0.84672,12.849,0.84672,3695.15,0,36.966,0.492238,3.47045,1.97209,14.1193,1.01828,18.0513,0.42336,36.966,0.42336,423.524,0,1.02816,0,0,4.49861,3.47045,1.028160,1,0,203.765,0,0,0,203.765,0
65.2668,2.09309,0,0,3.95157,0.280168,0.36288,3.6288,32.3564,0.426968,0,0,0.642138,0.168522,0,0.66528,12.849,1,0.419884,0.36288,0,118.392,4.22541,114.11,0.84672,12.849,0.84672,3695.15,0,36.966,0.488499,1.82931,1.97233,7.59974,1.01828,9.89461,0.42336,36.966,0.42336,423.524,0,1.02816,0,0,2.85747,1.82931,1.028160,1,0,124.004,0,0,0,124.004,0
66.2793,2.09994,0,0,3.72673,0.251317,0.36288,3.6288,32.3082,0.427401,0,0,0.5649,0.185744,0,0.66528,12.849,1,0.413414,0.36288,0,125.08,4.65729,120.372,0.84672,12.849,0.84672,3695.15,0,36.966,0.488289,1.47334,1.97258,6.85688,1.09795,8.71656,0.42336,36.966,0.42336,423.524,0,1.02816,0,0,2.5015,1.47334,1.028160,1,0,129.088,0,0,0,129.088,0
67.0447,2.07304,0,0,3.41393,0.212701,0.36288,3.6288,32.4009,0.415667,0,0,0.688742,0.180382,0,0.66528,12.849,1,0.401883,0.36288,0,98.2403,4.29315,93.9081,0.84672,12.849,0.84672,3695.15,0,36.966,0.475593,1.86278,1.97282,7.07175,1.08156,9.35019,0.42336,36.966,0.42336,423.524,0,1.02816,0,0,2.89094,1.86278,1.028160,1,0,103.258,0,0,0,103.258,0
67.43,2.07721,0,0,3.03661,0.211186,0.36288,3.6288,32.5937,0.416405,0,0,0.78678,0.177542,0,0.66528,12.849,1,0.398094,0.36288,0,87.8014,4.17848,83.5877,0.84672,12.849,0.84672,3695.15,0,36.966,0.475074,2.27396,1.94674,7.52043,1.06887,10.1972,0.42336,36.966,0.42336,423.524,0,1.02816,0,0,3.30212,2.27396,1.028160,1,0,93.7849,0,0,0,93.7849,0
67.5186,2.07944,0,0,2.74278,0.211829,0.36288,3.6288,32.6852,0.417825,0,0,0.687187,0.177914,0,0.66528,12.849,1,0.396243,0.36288,0,81.8363,4.17848,77.6245,0.84672,12.849,0.84672,3695.15,0,36.966,0.473874,1.67325,1.94698,7.04462,1.06887,9.12211,0.42336,36.966,0.42336,423.524,0,1.02816,0,0,2.70141,1.67325,1.028160,1,0,86.7466,0,0,0,86.7466,0
68.177,2.08019,0,0,3.29587,0.194391,0.36288,3.6288,32.7456,0.41855,0,0,0.664027,0.185075,0,0.66528,12.849,1,0.395866,0.36288,0,88.0934,4.88025,83.1802,0.84672,12.849,0.84672,3695.15,0,36.966,0.473368,1.77892,1.94722,9.46356,1.09654,11.6198,0.42336,36.966,0.42336,423.524,0,1.02816,0,0,2.80708,1.77892,1.028160,1,0,94.8,0,0,0,94.8,0
67.9212,2.19464,0,0,2.46307,0.161417,0.36288,3.6288,32.6945,0.460151,0,0,0.606165,0.197059,0,0.66528,12.849,1,0.413613,0.36288,0,63.1194,5.456,57.6127,0.84672,12.849,0.84672,3695.15,0,36.966,0.519458,1.54184,1.94747,6.58244,1.12172,8.43057,0.42336,36.966,0.42336,423.524,0,1.02816,0,0,2.57,1.54184,1.028160,1,0,66.0433,0,0,0,66.0433,0
67.3034,2.19366,0,0,2.08598,0.147237,0.36288,3.6288,32.5581,0.459879,0,0,0.523835,0.200339,0,0.66528,12.849,1,0.414986,0.36288,0,48.5551,4.97606,43.5269,0.84672,12.849,0.84672,3695.15,0,36.966,0.519962,1.07305,2.03999,5.21736,1.1061,6.70434,0.42336,36.966,0.42336,423.524,0,1.02816,0,0,2.10121,1.07305,1.028160,1,0,50.2313,0,0,0,50.2313,0
66.6493,2.19079,0,0,2.04611,0.146523,0.36288,3.6288,32.384,0.458968,0,0,0.48489,0.200043,0,0.66528,12.849,1,0.418248,0.36288,0,45.5924,4.97606,40.561,0.84672,12.849,0.84672,3695.15,0,36.966,0.521105,0.859421,2.04024,4.81521,1.1061,6.08767,0.42336,36.966,0.42336,423.524,0,1.02816,0,0,1.88758,0.859421,1.028160,1,0,46.6487,0,0,0,46.6487,0
65.7453,2.18768,0,0,1.78551,0.138877,0.36288,3.6288,32.1736,0.457767,0,0,0.450693,0.203358,0,0.66528,12.849,1,0.421753,0.36288,0,40.7503,5.02961,35.6618,0.84672,12.849,0.84672,3695.15,0,36.966,0.522536,0.734789,2.04049,4.65727,1.11978,5.79024,0.42336,36.966,0.42336,423.524,0,1.02816,0,0,1.76295,0.734789,1.028160,1,0,41.4521,0,0,0,41.4521,0
64.9106,2.18316,0,0,1.80777,0.0964435,0.36288,3.6288,31.9694,0.456285,0,0,0.477567,0.225487,0,0.66528,12.849,1,0.426668,0.36288,0,36.9229,5.3506,31.5085,0.84672,12.849,0.84672,3695.15,0,36.966,0.52425,0.699538,2.04075,4.55238,1.22087,5.54755,0.42336,36.966,0.42336,423.524,0,1.02816,0,0,1.7277,0.699538,1.028160,1,0,37.056,0,0,0,37.056,0
64.8286,2.15714,0,0,2.53143,0.0934472,0.36288,3.6288,31.9818,0.47715,0,0,0.717479,0.227905,0,0.66528,12.849,1,0.427003,0.36288,0,37.6406,5.3488,32.2277,0.84672,12.849,0.84672,3695.15,0,36.966,0.551725,1.22456,2.041,4.92366,1.33484,6.30265,0.42336,36.966,0.42336,423.524,0,1.02816,0,0,2.25272,1.22456,1.028160,1,0,38.5303,0,0,0,38.5303,0
64.4392,2.15701,0,0,2.22388,0.0933856,0.36288,3.6288,31.8988,0.47736,0,0,0.622274,0.227936,0,0.66528,12.849,1,0.427519,0.36288,0,54.7137,5.3488,49.3003,0.84672,12.849,0.84672,3695.15,0,36.966,0.551754,1.08848,2.07353,5.84465,1.33484,7.12006,0.42336,36.966,0.42336,423.524,0,1.02816,0,0,2.11664,1.08848,1.028160,1,0,56.4204,0,0,0,56.4204,0
63.8373,2.15518,0,0,2.00921,0.0930931,0.36288,3.6288,31.7727,0.476805,0,0,0.578439,0.22773,0,0.66528,12.849,1,0.429738,0.36288,0,49.5219,5.3488,44.1062,0.84672,12.849,0.84672,3695.15,0,36.966,0.552547,0.971663,2.07379,5.48754,1.33484,6.6456,0.42336,36.966,0.42336,423.524,0,1.02816,0,0,1.99982,0.971663,1.028160,1,0,50.7518,0,0,0,50.7518,0
63.111,2.15214,0,0,1.88145,0.092641,0.36288,3.6288,31.6167,0.475901,0,0,0.547288,0.227416,0,0.66528,12.849,1,0.433177,0.36288,0,46.6463,5.3488,41.2272,0.84672,12.849,0.84672,3695.15,0,36.966,0.553688,0.90415,2.07405,5.21051,1.33484,6.30017,0.42336,36.966,0.42336,423.524,0,1.02816,0,0,1.93231,0.90415,1.028160,1,0,47.5274,0,0,0,47.5274,0
62.4358,2.20432,0,0,1.95805,0.0661315,0.36288,3.6288,31.5492,0.494528,0,0,0.679925,0.252817,0,0.66528,12.849,1,0.448786,0.36288,0,43.6327,5.73107,37.8157,0.84672,12.849,0.84672,3695.15,0,36.966,0.578199,0.841709,2.07431,4.42906,1.50385,5.26303,0.42336,36.966,0.42336,423.524,0,1.02816,0,0,1.86987,0.841709,1.028160,1,0,43.0787,0,0,0,43.0787,0
61.7059,2.20063,0,0,1.89524,0.0616353,0.36288,3.6288,31.4312,0.494071,0,0,0.630552,0.254505,0,0.66528,12.849,1,0.45288,0.36288,0,40.2616,5.73195,34.4397,0.84672,12.849,0.84672,3695.15,0,36.966,0.578899,0.892719,2.12034,4.33529,1.52001,5.24944,0.42336,36.966,0.42336,423.524,0,1.02816,0,0,1.92088,0.892719,1.028160,1,0,39.6891,0,0,0,39.6891,0
60.8587,2.19653,0,0,1.77351,0.0612664,0.36288,3.6288,31.2675,0.493184,0,0,0.583658,0.254176,0,0.66528,12.849,1,0.457383,0.36288,0,36.3463,5.73195,30.5199,0.84672,12.849,0.84672,3695.15,0,36.966,0.58003,0.810294,2.1206,3.86921,1.52001,4.70007,0.42336,36.966,0.42336,423.524,0,1.02816,0,0,1.83845,0.810294,1.028160,1,0,35.2199,0,0,0,35.2199,0
59.8715,2.1916,0,0,1.62816,0.0608382,0.36288,3.6288,31.0991,0.491904,0,0,0.577247,0.253719,0,0.66528,12.849,1,0.46271,0.36288,0,33.2248,5.73195,27.393,0.84672,12.849,0.84672,3695.15,0,36.966,0.581554,0.659284,2.12086,3.78422,1.52001,4.46281,0.42336,36.966,0.42336,423.524,0,1.02816,0,0,1.68744,0.659284,1.028160,1,0,31.8558,0,0,0,31.8558,0
58.9925,2.34825,0,0,1.88172,0.0495973,0.36288,3.6288,30.9413,0.561363,0,0,0.656878,0.253339,0,0.66528,12.849,1,0.503957,0.36288,0,32.1401,5.85413,26.1449,0.84672,12.849,0.84672,3695.15,0,36.966,0.667265,1.04505,2.12113,5.0991,1.56618,6.03184,0.42336,36.966,0.42336,423.524,0,1.02816,0,0,2.07321,1.04505,1.028160,1,0,32.1767,0,0,0,32.1767,0
57.8824,2.34243,0,0,1.64931,0.0541513,0.36288,3.6288,30.7568,0.559933,0,0,0.645218,0.269804,0,0.66528,12.849,1,0.510199,0.36288,0,28.826,5.66433,23.0143,0.84672,12.849,0.84672,3695.15,0,36.966,0.66896,0.910483,2.2781,3.4663,1.55253,4.43339,0.42336,36.966,0.42336,423.524,0,1.02816,0,0,1.93864,0.910483,1.028160,1,0,27.4477,0,0,0,27.4477,0
56.488,2.33478,0,0,1.35689,0.0535708,0.36288,3.6288,30.3992,0.558231,0,0,0.469899,0.269255,0,0.66528,12.849,1,0.518285,0.36288,0,26.4091,5.66433,20.5894,0.84672,12.849,0.84672,3695.15,0,36.966,0.670927,0.296801,2.27838,2.83904,1.55253,3.19077,0.42336,36.966,0.42336,423.524,0,1.02816,0,0,1.32496,0.296801,1.028160,1,0,23.7801,0,0,0,23.7801,0
55.4385,2.3247,0,0,1.69091,0.0528417,0.36288,3.6288,30.3902,0.55479,0,0,0.814005,0.268189,0,0.66528,12.849,1,0.528787,0.36288,0,25.7426,5.66433,19.9124,0.84672,12.849,0.84672,3695.15,0,36.966,0.674634,1.59019,2.27867,4.42797,1.55253,6.06966,0.42336,36.966,0.42336,423.524,0,1.02816,0,0,2.61835,1.59019,1.028160,1,0,25.982,0,0,0,25.982,0
54.1216,2.31692,0,0,1.42289,0.0599904,0.36288,3.6288,30.1917,0.554819,0,0,0.587533,0.231234,0,0.66528,12.849,1,0.536994,0.36288,0,17.888,4.37042,13.3435,0.84672,12.849,0.84672,3695.15,0,36.966,0.67487,0.797593,2.27895,4.51101,1.04885,5.86384,0.42336,36.966,0.42336,423.524,0,1.02816,0,0,1.82575,0.797593,1.028160,1,0,19.2073,0,0,0,19.2073,0
53.0009,2.22887,0,0,1.59174,0.120685,0.36288,3.6288,30.0607,0.510641,0,0,0.563034,0.183399,0,0.66528,12.849,1,0.529157,0.36288,0,30.9123,3.46043,27.2856,0.84672,12.849,0.84672,3695.15,0,36.966,0.625216,0.79024,2.27924,4.43869,1.0911,5.79185,0.42336,36.966,0.42336,423.524,0,1.02816,0,0,1.8184,0.79024,1.028160,1,0,33.0774,0,0,0,33.0774,0
52.1311,2.2202,0,0,1.84122,0.127925,0.36288,3.6288,30.3789,0.509532,0,0,1.00923,0.181496,0,0.66528,12.849,1,0.538243,0.36288,0,35.62,3.40106,32.0435,0.84672,12.849,0.84672,3695.15,0,36.966,0.626577,1.98005,2.18877,6.42068,1.08382,8.8791,0.42336,36.966,0.42336,423.524,0,1.02816,0,0,3.00821,1.98005,1.028160,1,0,40.9226,0,0,0,40.9226,0
51.2019,2.21333,0,0,1.77381,0.126784,0.36288,3.6288,30.611,0.512606,0,0,0.926813,0.18214,0,0.66528,12.849,1,0.54553,0.36288,0,34.1625,3.40106,30.5788,0.84672,12.849,0.84672,3695.15,0,36.966,0.623755,1.89457,2.18905,5.50732,1.08382,7.88336,0.42336,36.966,0.42336,423.524,0,1.02816,0,0,2.92273,1.89457,1.028160,1,0,38.4621,0,0,0,38.4621,0
50.2528,2.20575,0,0,1.74505,0.125566,0.36288,3.6288,30.973,0.514863,0,0,1.05954,0.18261,0,0.66528,12.849,1,0.553527,0.36288,0,33.3722,3.40106,29.7805,0.84672,12.849,0.84672,3695.15,0,36.966,0.621751,2.4879,2.18932,6.2306,1.08382,9.20225,0.42336,36.966,0.42336,423.524,0,1.02816,0,0,3.51606,2.4879,1.028160,1,0,38.9827,0,0,0,38.9827,0
49.1945,2.13476,0,0,1.56801,0.128603,0.36288,3.6288,31.1205,0.479222,0,0,0.792893,0.166241,0,0.66528,12.849,1,0.545831,0.36288,0,33.8384,3.99154,29.6639,0.84672,12.849,0.84672,3695.15,0,36.966,0.571946,1.38519,2.18959,6.10452,1.05069,8.05667,0.42336,36.966,0.42336,423.524,0,1.02816,0,0,2.41335,1.38519,1.028160,1,0,37.7206,0,0,0,37.7206,0
47.7675,2.12577,0,0,1.24267,0.181118,0.36288,3.6288,30.8445,0.543183,0,0,0.41574,0.148544,0,0.66528,12.849,1,0.555225,0.36288,0,32.4062,4.49769,27.7162,0.84672,12.849,0.84672,3695.15,0,36.966,0.645212,0.216518,2.10883,4.69303,1.10646,5.26671,0.42336,36.966,0.42336,423.524,0,0.891173,0,0,1.10769,0.216518,1.028160,1,0,32.9829,0,0,0,32.9829,0
46.1166,2.11302,0,0,1.03411,0.209101,0.36288,3.6288,30.2801,0.710452,0,0,0.290983,0.14495,0,0.66528,12.849,1,0.568382,0.36288,0,26.3282,4.53663,21.5861,0.84672,12.849,0.84672,3695.15,0,36.966,0.851451,0.292723,2.10909,3.91822,1.15606,4.31253,0.42336,36.966,0.42336,423.524,0,0.517908,0,0,0.810631,0.292723,1.028160,1,0,25.8986,0,0,0,25.8986,0
45.0075,2.09742,0,0,1.55661,0.205325,0.36288,3.6288,30.367,0.473653,0,0,0.704665,0.144046,0,0.66528,12.849,1,0.584384,0.36288,0,41.056,4.53663,36.2979,0.84672,12.849,0.84672,3695.15,0,36.966,0.578238,1.31479,2.10936,7.94495,1.15606,9.63479,0.42336,36.966,0.42336,423.524,0,1.02816,0,0,2.34295,1.31479,1.028160,1,0,45.9326,0,0,0,45.9326,0
46.1211,1.91168,0,0,3.59688,0.208725,0.36288,3.6288,31.3023,0.393968,0,0,1.47245,0.143242,0,0.66528,12.849,1,0.545756,0.36288,0,100.26,4.39335,95.684,0.84672,12.849,0.84672,3695.15,0,36.966,0.47958,2.89773,2.10962,11.3383,1.12463,14.7415,0.42336,36.966,0.42336,423.524,0,1.02816,0,0,3.92589,2.89773,1.028160,1,0,110.425,0,0,0,110.425,0
45.6241,1.92228,0,0,2.01448,0.226376,0.36288,3.6288,31.6241,0.400638,0,0,0.86476,0.142347,0,0.66528,12.849,1,0.535532,0.36288,0,45.4688,4.03515,41.261,0.84672,12.849,0.84672,3695.15,0,36.966,0.473128,1.87479,1.92978,8.12426,1.04605,10.4097,0.42336,36.966,0.42336,423.524,0,1.02816,0,0,2.90295,1.87479,1.028160,1,0,51.6706,0,0,0,51.6706,0
44.8336,1.91802,0,0,1.71548,0.225122,0.36288,3.6288,31.5867,0.402958,0,0,0.508464,0.142851,0,0.66528,12.849,1,0.540166,0.36288,0,34.2567,4.03515,30.0443,0.84672,12.849,0.84672,3695.15,0,36.966,0.471025,1.41601,1.93002,7.17556,1.04605,9.00452,0.42336,36.966,0.42336,423.524,0,1.02816,0,0,2.44417,1.41601,1.028160,1,0,39.0488,0,0,0,39.0488,0
44.0368,1.91091,0,0,1.69658,0.219541,0.36288,3.6288,31.3465,0.402801,0,0,0.292055,0.129495,0,0.66528,12.849,1,0.547653,0.36288,0,37.3966,3.68707,33.5248,0.84672,12.849,0.84672,3695.15,0,36.966,0.471399,1.01099,1.93026,5.99098,0.934083,7.52675,0.42336,36.966,0.42336,423.524,0,1.02816,0,0,2.03915,1.01099,1.028160,1,0,41.0515,0,0,0,41.0515,0
43.16,1.90352,0,0,1.60715,0.217564,0.36288,3.6288,31.254,0.401243,0,0,0.43797,0.129154,0,0.66528,12.849,1,0.555408,0.36288,0,30.2503,3.68707,26.3707,0.84672,12.849,0.84672,3695.15,0,36.966,0.473174,1.00675,1.9305,5.2679,0.934083,6.79789,0.42336,36.966,0.42336,423.524,0,1.02816,0,0,2.03491,1.00675,1.028160,1,0,33.1686,0,0,0,33.1686,0
45.9062,1.96178,0,0,5.26142,0.19052,0.36288,3.6288,31.8266,0.424407,0,0,1.12848,0.131474,0,0.66528,12.849,1,0.584035,0.36288,0,115.537,2.84684,112.469,0.84672,12.849,0.84672,3695.15,0,36.966,0.501971,2.28696,1.93073,7.66034,0.572712,10.8034,0.42336,36.966,0.42336,423.524,0,1.02816,0,0,3.31512,2.28696,1.028160,1,0,123.272,0,0,0,123.272,0
48.511,1.98937,0,0,5.14925,0.192272,0.36288,3.6288,32.5519,0.428684,0,0,1.28665,0.132713,0,0.66528,12.849,1,0.556818,0.36288,0,76.3569,2.7068,73.4561,0.84672,12.849,0.84672,3695.15,0,36.966,0.497907,2.89297,1.98716,7.69798,0.512484,11.5677,0.42336,36.966,0.42336,423.524,0,1.02816,0,0,3.92113,2.89297,1.028160,1,0,85.0238,0,0,0,85.0238,0
52.7575,2.0133,0,0,6.83018,0.207433,0.36288,3.6288,33.4064,0.433978,0,0,1.41836,0.1299,0,0.66528,12.849,1,0.533258,0.36288,0,95.1065,2.74695,92.1892,0.84672,12.849,0.84672,3695.15,0,36.966,0.492827,3.26315,1.9874,10.9441,0.53684,15.165,0.42336,36.966,0.42336,423.524,0,1.02816,0,0,4.29131,3.26315,1.028160,1,0,107.354,0,0,0,107.354,0
58.0924,2.04811,0,0,8.02285,0.276954,0.36288,3.6288,34.5035,0.440064,0,0,1.6449,0.107695,0,0.66528,12.849,1,0.498813,0.36288,0,108.045,2.98788,104.921,0.84672,12.849,0.84672,3695.15,0,36.966,0.486955,4.10803,1.98763,14.9185,0.682976,19.8442,0.42336,36.966,0.42336,423.524,0,1.02816,0,0,5.13619,4.10803,1.028160,1,0,124.765,0,0,0,124.765,0
64.5811,2.31353,0,0,9.45683,0.291697,0.36288,3.6288,35.4703,0.541472,0,0,1.62808,0.119845,0,0.66528,12.849,1,0.511712,0.36288,0,179.039,3.27746,175.613,0.84672,12.849,0.84672,3695.15,0,36.966,0.580117,4.2811,1.98786,16.9408,0.779741,21.8499,0.42336,36.966,0.42336,423.524,0,1.02816,0,0,5.30926,4.2811,1.028160,1,0,197.463,0,0,0,197.463,0
72.29,2.35675,0,0,13.2049,0.308002,2.83125,3.6288,37.382,0.549332,0,0,2.59679,0.135711,0,0.66528,12.849,1,0.468897,2.83125,0,252.13,3.66355,250.829,0.84672,12.849,0.84672,3695.15,0,36.966,0.572496,6.89671,2.19035,22.9264,0.90876,30.5322,0.42336,36.966,0.42336,423.524,0,1.02816,0,0,7.92487,6.89671,1.028160,1,0,281.361,0,0,0,281.361,0
72.29,2.39955,0,0,13.0378,0.327137,10.3112,3.6288,39.6204,0.564173,0,0,2.94084,0.138258,0,0.66528,12.849,1,0.426502,10.3112,0,239.628,3.66355,245.849,0.84672,12.849,0.84672,3695.15,0,36.966,0.557894,8.00945,2.19061,26.3961,0.90876,35.1295,0.42336,36.966,0.42336,423.524,0,1.02816,0,0,9.03761,8.00945,1.028160,1,0,280.978,0,0,0,280.978,0
72.29,2.39989,0,0,11.4567,0.344312,8.71252,3.6288,41.2046,0.580602,0,0,2.32069,0.155948,0,0.66528,12.849,1,0.426563,8.71252,0,176.533,4.3193,180.5,0.84672,12.849,0.84672,3695.15,0,36.966,0.541704,6.67725,2.19087,22.313,1.07361,29.5658,0.42336,36.966,0.42336,423.524,0,1.02816,0,0,7.70541,6.67725,1.028160,1,0,210.066,0,0,0,210.066,0
72.29,2.06345,0,0,9.33572,0.35377,6.9185,3.6288,42.2837,0.454149,0,0,1.67521,0.14193,0,0.66528,12.849,1,0.366762,6.9185,0,157.327,4.0052,159.873,0.84672,12.849,0.84672,3695.15,0,36.966,0.407432,4.2058,2.19113,14.1393,0.943356,19.1854,0.42336,36.966,0.42336,423.524,0,1.02816,0,0,5.23396,4.2058,1.028160,1,0,179.059,0,0,0,179.059,0
72.29,2.06375,0,0,4.31034,0.326695,1.9199,3.6288,42.8185,0.459806,0,0,1.14213,0.147542,0,0.66528,12.849,1,0.366815,1.9199,0,88.5548,4.06633,86.0416,0.84672,12.849,0.84672,3695.15,0,36.966,0.40198,2.5915,1.91543,8.75154,0.960124,11.8964,0.42336,36.966,0.42336,423.524,0,1.02816,0,0,3.61966,2.5915,1.028160,1,0,97.9379,0,0,0,97.9379,0
72.29,2.06405,0,0,4.07163,0.318903,1.68868,3.6288,43.394,0.462611,0,0,1.20083,0.162683,0,0.66528,12.849,1,0.366868,1.68868,0,112.886,4.45945,109.748,0.84672,12.849,0.84672,3695.15,0,36.966,0.39938,2.76649,1.91566,9.12358,1.08311,12.3232,0.42336,36.966,0.42336,423.524,0,1.02816,0,0,3.79465,2.76649,1.028160,1,0,122.072,0,0,0,122.072,0
72.29,2.06435,0,0,11.2638,0.318903,8.88054,3.6288,45.4544,0.465582,0,0,2.6895,0.163577,0,0.66528,12.849,1,0.366922,8.88054,0,111.804,4.45945,115.858,0.84672,12.849,0.84672,3695.15,0,36.966,0.396615,6.08272,1.91588,17.1556,1.08311,23.6745,0.42336,36.966,0.42336,423.524,0,1.02816,0,0,7.11088,6.08272,1.028160,1,0,139.533,0,0,0,139.533,0
72.29,2.06465,0,0,12.6157,0.319294,10.2318,3.6288,48.8579,0.47561,0,0,4.05278,0.173648,0,0.66528,12.849,1,0.366975,10.2318,0,271.419,4.45236,276.831,0.84672,12.849,0.84672,3695.15,0,36.966,0.386792,8.04185,1.91611,28.3072,1.07496,36.8034,0.42336,36.966,0.42336,423.524,0,1.02816,0,0,9.07001,8.04185,1.028160,1,0,313.635,0,0,0,313.635,0
72.29,2.14978,0,0,6.89327,0.325625,4.41787,3.6288,49.7476,0.527433,0,0,1.58347,0.166316,0,0.66528,12.849,1,0.382106,4.41787,0,126.978,4.40013,126.613,0.84672,12.849,0.84672,3695.15,0,36.966,0.399057,4.18527,1.91633,9.63092,1.1891,14.1444,0.42336,36.966,0.42336,423.524,0,1.02816,0,0,5.21343,4.18527,1.028160,1,0,140.758,0,0,0,140.758,0
72.29,2.15009,0,0,6.07615,0.325625,3.60044,3.6288,50.595,0.53165,0,0,1.54659,0.16754,0,0.66528,12.849,1,0.382162,3.60044,0,110.538,4.40013,109.356,0.84672,12.849,0.84672,3695.15,0,36.966,0.395054,3.69543,1.98464,8.90058,1.1891,12.9965,0.42336,36.966,0.42336,423.524,0,1.02816,0,0,4.72359,3.69543,1.028160,1,0,122.352,0,0,0,122.352,0
72.29,2.1504,0,0,4.64446,0.325625,2.16843,3.6288,51.0668,0.535597,0,0,1.17612,0.168707,0,0.66528,12.849,1,0.382217,2.16843,0,82.5163,4.40013,79.9024,0.84672,12.849,0.84672,3695.15,0,36.966,0.391321,2.41001,1.98487,6.52441,1.1891,9.33887,0.42336,36.966,0.42336,423.524,0,1.02816,0,0,3.43817,2.41001,1.028160,1,0,89.2413,0,0,0,89.2413,0
72.29,2.15071,0,0,4.14297,0.293906,1.69835,3.6288,51.3377,0.537818,0,0,0.992403,0.183696,0,0.66528,12.849,1,0.382272,1.69835,0,73.1575,4.5634,69.9101,0.84672,12.849,0.84672,3695.15,0,36.966,0.389313,2.10466,1.9851,5.76614,1.20374,8.26285,0.42336,36.966,0.42336,423.524,0,1.02816,0,0,3.13282,2.10466,1.028160,1,0,78.173,0,0,0,78.173,0
72.29,2.11784,0,0,4.49298,0.273416,2.10173,3.6288,51.3915,0.524704,0,0,0.75781,0.179337,0,0.66528,12.849,1,0.376429,2.10173,0,80.4704,3.8677,78.328,0.84672,12.849,0.84672,3695.15,0,36.966,0.377816,2.43704,1.98534,5.8224,1.11054,8.75642,0.42336,36.966,0.42336,423.524,0,1.02816,0,0,3.4652,2.43704,1.028160,1,0,87.0844,0,0,0,87.0844,0
72.29,2.11814,0,0,4.32094,0.251249,1.95155,3.6288,51.4282,0.525056,0,0,0.740029,0.178204,0,0.66528,12.849,1,0.376484,1.95155,0,80.4868,3.51172,78.5501,0.84672,12.849,0.84672,3695.15,0,36.966,0.377674,2.82036,1.95907,6.01397,1.07765,9.33807,0.42336,36.966,0.42336,423.524,0,1.02816,0,0,3.84852,2.82036,1.028160,1,0,87.8882,0,0,0,87.8882,0
72.29,2.11845,0,0,4.51295,0.251249,2.14325,3.6288,51.3585,0.525336,0,0,0.6339,0.178257,0,0.66528,12.849,1,0.376538,2.14325,0,79.825,3.51172,78.0799,0.84672,12.849,0.84672,3695.15,0,36.966,0.377605,2.16722,1.9593,7.0566,1.07765,9.72787,0.42336,36.966,0.42336,423.524,0,1.02816,0,0,3.19538,2.16722,1.028160,1,0,87.8078,0,0,0,87.8078,0
72.29,2.11876,0,0,4.41021,0.214756,2.0767,3.6288,51.2567,0.525161,0,0,0.618149,0.194785,0,0.66528,12.849,1,0.376593,2.0767,0,79.3644,4.91528,76.1493,0.84672,12.849,0.84672,3695.15,0,36.966,0.377991,2.31012,1.95953,6.37535,1.13298,9.13403,0.42336,36.966,0.42336,423.524,0,1.02816,0,0,3.33828,2.31012,1.028160,1,0,85.2833,0,0,0,85.2833,0
72.29,2.23177,0,0,3.66563,0.159155,1.27471,3.6288,51.0335,0.57602,0,0,0.56643,0.21368,0,0.66528,12.849,1,0.39668,1.27471,0,51.7089,5.20443,47.3825,0.84672,12.849,0.84672,3695.15,0,36.966,0.415422,1.93214,1.95976,5.58841,1.21549,7.8494,0.42336,36.966,0.42336,423.524,0,1.02816,0,0,2.9603,1.93214,1.028160,1,0,55.2319,0,0,0,55.2319,0
72.29,2.23209,0,0,3.54795,0.155238,1.16062,3.6288,50.7197,0.575095,0,0,0.480885,0.219613,0,0.66528,12.849,1,0.396737,1.16062,0,51.7311,4.71597,47.7791,0.84672,12.849,0.84672,3695.15,0,36.966,0.416569,1.47576,2.05291,5.38348,1.13248,7.36311,0.42336,36.966,0.42336,423.524,0,1.02816,0,0,2.50392,1.47576,1.028160,1,0,55.1422,0,0,0,55.1422,0
72.29,2.23241,0,0,3.39726,0.155238,1.00961,3.6288,50.4157,0.573732,0,0,0.488873,0.219053,0,0.66528,12.849,1,0.396794,1.00961,0,49.3565,4.71597,45.2534,0.84672,12.849,0.84672,3695.15,0,36.966,0.418153,1.77915,2.05316,5.12566,1.13248,7.40734,0.42336,36.966,0.42336,423.524,0,1.02816,0,0,2.80731,1.77915,1.028160,1,0,52.6607,0,0,0,52.6607,0
72.29,2.23273,0,0,3.12933,0.184741,0.711857,3.6288,50.0903,0.572406,0,0,0.458136,0.211187,0,0.66528,12.849,1,0.396851,0.711857,0,46.1391,4.20828,42.2458,0.84672,12.849,0.84672,3695.15,0,36.966,0.419702,1.64059,2.0534,4.69356,1.15207,6.81578,0.42336,36.966,0.42336,423.524,0,1.02816,0,0,2.66875,1.64059,1.028160,1,0,49.0616,0,0,0,49.0616,0
72.29,2.23305,0,0,2.9569,0.122999,0.600848,3.6288,49.7477,0.570965,0,0,0.460849,0.232431,0,0.66528,12.849,1,0.396908,0.600848,0,43.2371,4.316,39.125,0.84672,12.849,0.84672,3695.15,0,36.966,0.421365,1.6587,2.05364,4.65415,1.21246,6.73267,0.42336,36.966,0.42336,423.524,0,1.02816,0,0,2.68686,1.6587,1.028160,1,0,45.8577,0,0,0,45.8577,0
72.0111,2.21107,0,0,2.40558,0.110536,0.36288,3.6288,49.1925,0.597219,0,0,0.281344,0.239388,0,0.66528,12.849,1,0.393002,0.36288,0,36.5885,5.14532,31.4131,0.84672,12.849,0.84672,3695.15,0,36.966,0.443775,0.351648,2.05389,3.11076,1.26216,3.81036,0.42336,36.966,0.42336,423.524,0,1.02816,0,0,1.37981,0.351648,1.028160,1,0,35.2234,0,0,0,35.2234,0
71.5706,2.2101,0,0,2.24282,0.110303,0.36288,3.6288,48.63,0.594489,0,0,0.27033,0.238296,0,0.66528,12.849,1,0.39435,0.36288,0,36.1047,5.14532,30.928,0.84672,12.849,0.84672,3695.15,0,36.966,0.446733,0.296058,2.08663,3.17862,1.26216,3.85242,0.42336,36.966,0.42336,423.524,0,1.02816,0,0,1.32422,0.296058,1.028160,1,0,34.7804,0,0,0,34.7804,0
70.9211,2.20836,0,0,2.03167,0.109933,0.36288,3.6288,48.0418,0.609315,0,0,0.25832,0.23719,0,0.66528,12.849,1,0.396465,0.36288,0,35.4817,5.14532,30.3028,0.84672,12.849,0.84672,3695.15,0,36.966,0.46317,0.261274,2.08688,3.00286,1.26216,3.62568,0.42336,36.966,0.42336,423.524,0,0.997125,0,0,1.2584,0.261274,1.028160,1,0,33.9285,0,0,0,33.9285,0
70.0978,2.20561,0,0,1.84985,0.104678,0.36288,3.6288,47.366,0.67417,0,0,0.244299,0.246003,0,0.66528,12.849,1,0.399596,0.36288,0,31.2344,5.28647,25.9112,0.84672,12.849,0.84672,3695.15,0,36.966,0.518743,0.261274,2.08713,2.91451,1.31369,3.43048,0.42336,36.966,0.42336,423.524,0,0.876925,0,0,1.1382,0.261274,1.028160,1,0,29.3417,0,0,0,29.3417,0
69.6061,2.25931,0,0,2.20696,0.0764434,0.36288,3.6288,46.7191,0.609459,0,0,0.263753,0.301168,0,0.66528,12.849,1,0.414134,0.36288,0,32.1415,6.13054,25.9597,0.84672,12.849,0.84672,3695.15,0,36.966,0.475642,0.271866,2.08737,3.24689,1.604,3.52649,0.42336,36.966,0.42336,423.524,0,1.02816,0,0,1.30003,0.271866,1.028160,1,0,29.4862,0,0,0,29.4862,0
69.1587,2.25717,0,0,2.24915,0.0765341,0.36288,3.6288,46.078,0.605913,0,0,0.262155,0.297344,0,0.66528,12.849,1,0.416663,0.36288,0,32.339,6.12843,26.1568,0.84672,12.849,0.84672,3695.15,0,36.966,0.479422,0.262803,2.13371,3.54782,1.58989,3.87502,0.42336,36.966,0.42336,423.524,0,1.02816,0,0,1.29096,0.262803,1.028160,1,0,30.0318,0,0,0,30.0318,0
68.5112,2.25522,0,0,2.04683,0.0762689,0.36288,3.6288,45.3835,0.650368,0,0,0.251498,0.295589,0,0.66528,12.849,1,0.418997,0.36288,0,30.3744,6.12843,24.1899,0.84672,12.849,0.84672,3695.15,0,36.966,0.521757,0.227405,2.13396,3.29829,1.58989,3.54801,0.42336,36.966,0.42336,423.524,0,0.941605,0,0,1.16901,0.227405,1.028160,1,0,27.7379,0,0,0,27.7379,0
67.6064,2.25221,0,0,1.77114,0.0607783,0.36288,3.6288,44.6809,0.653149,0,0,0.250443,0.299961,0,0.66528,12.849,1,0.422393,0.36288,0,28.9805,6.37025,22.5507,0.84672,12.849,0.84672,3695.15,0,36.966,0.532006,0.227405,2.13422,3.34233,1.61994,3.55201,0.42336,36.966,0.42336,423.524,0,0.928809,0,0,1.15621,0.227405,1.028160,1,0,26.1027,0,0,0,26.1027,0
66.275,2.41487,0,0,1.51793,0.0716051,0.36288,3.6288,43.8537,0.769529,0,0,0.232075,0.289734,0,0.66528,12.849,1,0.45896,0.36288,0,25.9141,6.27048,19.5476,0.84672,12.849,0.84672,3695.15,0,36.966,0.636657,0.227405,2.13447,3.13987,1.50384,3.36125,0.42336,36.966,0.42336,423.524,0,0.864,0,0,1.0914,0.227405,1.028160,1,0,22.9088,0,0,0,22.9088,0
64.8934,2.40749,0,0,1.47137,0.0826431,0.36288,3.6288,42.8201,0.904958,0,0,0.172632,0.30127,0,0.66528,12.849,1,0.46675,0.36288,0,19.0528,6.3882,12.5607,0.84672,12.849,0.84672,3695.15,0,36.966,0.762825,0.227405,2.2925,2.62008,1.60798,2.76918,0.42336,36.966,0.42336,423.524,0,0.602657,0,0,0.830062,0.227405,1.028160,1,0,15.3299,0,0,0,15.3299,0
63.3404,2.39954,0,0,1.29117,0.0817353,0.36288,3.6288,41.7856,0.902725,0,0,0.166546,0.298325,0,0.66528,12.849,1,0.475113,0.36288,0,24.2195,6.3882,17.719,0.84672,12.849,0.84672,3695.15,0,36.966,0.77931,0.204422,2.29278,2.51601,1.60798,2.62591,0.42336,36.966,0.42336,423.524,0,0.58866,0,0,0.793083,0.204422,1.028160,1,0,20.345,0,0,0,20.345,0
61.8253,2.3902,0,0,1.31869,0.0807149,0.36288,3.6288,40.8125,0.868769,0,0,0.191042,0.295379,0,0.66528,12.849,1,0.484867,0.36288,0,20.9802,6.3882,14.47,0.84672,12.849,0.84672,3695.15,0,36.966,0.768564,0.204422,2.29305,2.61282,1.60798,2.73374,0.42336,36.966,0.42336,423.524,0,0.633617,0,0,0.838039,0.204422,1.028160,1,0,17.2037,0,0,0,17.2037,0
60.3313,2.3807,0,0,1.33053,0.0808872,0.36288,3.6288,39.9664,0.751863,0,0,0.192492,0.286746,0,0.66528,12.849,1,0.494775,0.36288,0,21.2877,6.20335,14.9524,0.84672,12.849,0.84672,3695.15,0,36.966,0.681002,0.204422,2.29332,3.34196,1.53603,3.62267,0.42336,36.966,0.42336,423.524,0,0.838339,0,0,1.04276,0.204422,1.028160,1,0,18.5751,0,0,0,18.5751,0
58.5125,2.29099,0,0,0.947938,0.112919,0.36288,3.6288,38.9369,0.929726,0,0,0.149856,0.249588,0,0.66528,12.849,1,0.487921,0.36288,0,26.4115,5.54645,20.74,0.84672,12.849,0.84672,3695.15,0,36.966,0.85993,0.204422,2.2936,2.3128,1.43663,2.51425,0.42336,36.966,0.42336,423.524,0,0.387063,0,0,0.591485,0.204422,1.028160,1,0,23.2543,0,0,0,23.2543,0
57.7093,2.27888,0,0,1.95376,0.115239,0.36288,3.6288,38.2758,0.665748,0,0,0.251792,0.247182,0,0.66528,12.849,1,0.500429,0.36288,0,30.6915,5.6218,24.9322,0.84672,12.849,0.84672,3695.15,0,36.966,0.63205,0.216518,2.2025,3.61825,1.49202,3.9132,0.42336,36.966,0.42336,423.524,0,0.879163,0,0,1.09568,0.216518,1.028160,1,0,28.8454,0,0,0,28.8454,0
55.8366,2.27351,0,0,0.87804,0.114341,0.36288,3.6288,37.2634,0.914049,0,0,0.147346,0.245631,0,0.66528,12.849,1,0.506199,0.36288,0,26.3564,5.6218,20.5913,0.84672,12.849,0.84672,3695.15,0,36.966,0.882772,0.216518,2.20276,1.95598,1.49202,2.00046,0.42336,36.966,0.42336,423.524,0,0.380383,0,0,0.596901,0.216518,1.028160,1,0,22.5917,0,0,0,22.5917,0
54.095,2.26003,0,0,0.993617,0.112248,0.36288,3.6288,36.2732,0.919717,0,0,0.172721,0.243254,0,0.66528,12.849,1,0.520075,0.36288,0,21.1578,5.6218,15.3788,0.84672,12.849,0.84672,3695.15,0,36.966,0.912376,0.216518,2.20303,2.17807,1.49202,2.19322,0.42336,36.966,0.42336,423.524,0,0.345354,0,0,0.561872,0.216518,1.028160,1,0,17.572,0,0,0,17.572,0
53.6759,2.18247,0,0,2.35279,0.226584,0.36288,3.6288,35.6949,0.579382,0,0,0.215945,0.214785,0,0.66528,12.849,1,0.518395,0.36288,0,24.8963,4.43285,20.308,0.84672,12.849,0.84672,3695.15,0,36.966,0.590448,0.216518,2.20329,4.13559,1.21502,4.74992,0.42336,36.966,0.42336,423.524,0,0.921577,0,0,1.1381,0.216518,1.028160,1,0,25.0579,0,0,0,25.0579,0
51.8039,2.17952,0,0,0.897126,0.226661,0.36288,3.6288,34.6831,0.941876,0,0,0.0977262,0.167738,0,0.66528,12.849,1,0.521736,0.36288,0,14.1018,3.92836,10.0146,0.84672,12.849,0.84672,3695.15,0,36.966,0.975415,0.216518,2.12196,2.06216,1.078,2.34722,0.42336,36.966,0.42336,423.524,0,0.174347,0,0,0.390865,0.216518,1.028160,1,0,12.3618,0,0,0,12.3618,0
50.4044,2.16473,0,0,1.35039,0.222342,0.36288,3.6288,34.1462,0.607451,0,0,0.236657,0.166075,0,0.66528,12.849,1,0.53692,0.36288,0,21.99,3.92836,17.8876,0.84672,12.849,0.84672,3695.15,0,36.966,0.647436,0.292723,2.12222,4.18147,1.078,4.87097,0.42336,36.966,0.42336,423.524,0,0.836983,0,0,1.12971,0.292723,1.028160,1,0,22.7586,0,0,0,22.7586,0
50.9384,2.15316,0,0,3.26921,0.219113,0.36288,3.6288,34.0003,0.510876,0,0,0.530183,0.165193,0,0.66528,12.849,1,0.548879,0.36288,0,57.6289,3.92836,53.5145,0.84672,12.849,0.84672,3695.15,0,36.966,0.553065,0.749442,2.12247,6.32564,1.078,7.56648,0.42336,36.966,0.42336,423.524,0,1.02816,0,0,1.7776,0.749442,1.028160,1,0,61.081,0,0,0,61.081,0
50.7065,1.97735,0,0,2.36865,0.2604,0.36288,3.6288,33.5724,0.585289,0,0,0.298682,0.141259,0,0.66528,12.849,1,0.498777,0.36288,0,35.9435,3.49962,32.308,0.84672,12.849,0.84672,3695.15,0,36.966,0.636341,0.292723,2.12272,4.6028,0.863033,5.51886,0.42336,36.966,0.42336,423.524,0,0.690911,0,0,0.983634,0.292723,1.028160,1,0,37.8269,0,0,0,37.8269,0
51.7169,1.97581,0,0,3.57428,0.225151,0.36288,3.6288,33.307,0.421016,0,0,0.335332,0.179718,0,0.66528,12.849,1,0.500671,0.36288,0,71.4287,4.53747,66.7534,0.84672,12.849,0.84672,3695.15,0,36.966,0.463573,0.669807,1.94165,8.07253,1.01779,9.20262,0.42336,36.966,0.42336,423.524,0,1.02816,0,0,1.69797,0.669807,1.028160,1,0,75.9561,0,0,0,75.9561,0
51.1076,1.98394,0,0,1.96508,0.227539,0.36288,3.6288,32.702,0.65614,0,0,0.230291,0.179206,0,0.66528,12.849,1,0.492907,0.36288,0,49.6759,4.53747,45.0084,0.84672,12.849,0.84672,3695.15,0,36.966,0.728221,0.412474,1.94188,6.33868,1.01779,6.94702,0.42336,36.966,0.42336,423.524,0,0.528595,0,0,0.941069,0.412474,1.028160,1,0,51.9554,0,0,0,51.9554,0
50.2303,1.97953,0,0,1.69418,0.229137,0.36288,3.6288,32.0122,0.687732,0,0,0.178144,0.18018,0,0.66528,12.849,1,0.497675,0.36288,0,33.9452,4.41964,29.3907,0.84672,12.849,0.84672,3695.15,0,36.966,0.777406,0.412474,1.94211,5.11154,1.01835,5.67037,0.42336,36.966,0.42336,423.524,0,0.448027,0,0,0.860501,0.412474,1.028160,1,0,35.0611,0,0,0,35.0611,0
51.5991,1.97289,0,0,3.95289,0.248253,0.36288,3.6288,31.7023,0.41082,0,0,0.280699,0.179797,0,0.66528,12.849,1,0.50467,0.36288,0,48.397,3.5477,44.7076,0.84672,12.849,0.84672,3695.15,0,36.966,0.474393,0.685653,1.94234,8.57676,0.976942,9.75341,0.42336,36.966,0.42336,423.524,0,1.02816,0,0,1.71381,0.685653,1.028160,1,0,54.461,0,0,0,54.461,0
52.8443,2.05363,0,0,3.90982,0.248159,0.36288,3.6288,31.5877,0.432825,0,0,0.499015,0.180819,0,0.66528,12.849,1,0.511386,0.36288,0,73.9695,4.62754,69.1935,0.84672,12.849,0.84672,3695.15,0,36.966,0.504689,1.08219,1.94257,9.60068,1.25652,10.8642,0.42336,36.966,0.42336,423.524,0,1.02816,0,0,2.11035,1.08219,1.028160,1,0,80.0577,0,0,0,80.0577,0
53.7387,2.06361,0,0,3.56751,0.246639,0.36288,3.6288,31.4603,0.432075,0,0,0.497716,0.192974,0,0.66528,12.849,1,0.501762,0.36288,0,67.173,5.22449,61.8096,0.84672,12.849,0.84672,3695.15,0,36.966,0.505643,0.916557,1.99936,6.70328,1.41309,7.70047,0.42336,36.966,0.42336,423.524,0,1.02816,0,0,1.94472,0.916557,1.028160,1,0,69.5101,0,0,0,69.5101,0
57.5642,2.07063,0,0,6.50798,0.248903,0.36288,3.6288,31.4076,0.431228,0,0,0.571156,0.192705,0,0.66528,12.849,1,0.495091,0.36288,0,63.3976,5.22449,58.0409,0.84672,12.849,0.84672,3695.15,0,36.966,0.506694,1.17669,1.99959,7.49745,1.41309,8.75394,0.42336,36.966,0.42336,423.524,0,1.02816,0,0,2.20485,1.17669,1.028160,1,0,66.7948,0,0,0,66.7948,0
58.0108,2.09782,0,0,3.18218,0.274944,0.36288,3.6288,31.3368,0.430931,0,0,0.546355,0.186193,0,0.66528,12.849,1,0.468257,0.36288,0,51.3938,4.76876,46.5197,0.84672,12.849,0.84672,3695.15,0,36.966,0.507196,1.14781,1.99981,5.72996,1.27268,7.09771,0.42336,36.966,0.42336,423.524,0,1.02816,0,0,2.17597,1.14781,1.028160,1,0,53.6174,0,0,0,53.6174,0
58.5782,2.33013,0,0,3.55482,0.294394,0.36288,3.6288,31.2355,0.520267,0,0,0.581589,0.162627,0,0.66528,12.849,1,0.516109,0.36288,0,46.8634,3.46503,43.2451,0.84672,12.849,0.84672,3695.15,0,36.966,0.613726,1.33416,2.00004,6.73043,0.92455,8.52635,0.42336,36.966,0.42336,423.524,0,1.02816,0,0,2.36232,1.33416,1.028160,1,0,51.7715,0,0,0,51.7715,0
60.0841,2.33455,0,0,4.4783,0.274981,0.36288,3.6288,31.0588,0.51946,0,0,0.476051,0.133267,0,0.66528,12.849,1,0.512079,0.36288,0,65.0385,3.47352,61.4157,0.84672,12.849,0.84672,3695.15,0,36.966,0.614761,0.963896,2.20387,6.48657,0.962779,8.07679,0.42336,36.966,0.42336,423.524,0,1.02816,0,0,1.99206,0.963896,1.028160,1,0,69.4925,0,0,0,69.4925,0
62.0707,2.34544,0,0,4.98995,0.294982,0.36288,3.6288,30.8724,0.517968,0,0,0.463825,0.132243,0,0.66528,12.849,1,0.501574,0.36288,0,68.621,3.77517,64.7071,0.84672,12.849,0.84672,3695.15,0,36.966,0.616482,1.39589,2.20411,6.97533,1.06097,8.89788,0.42336,36.966,0.42336,423.524,0,1.02816,0,0,2.42405,1.39589,1.028160,1,0,73.605,0,0,0,73.605,0
65.6648,2.35906,0,0,6.61598,0.299963,0.36288,3.6288,30.6672,0.516378,0,0,0.443107,0.131971,0,0.66528,12.849,1,0.48834,0.36288,0,96.1027,3.77517,92.2021,0.84672,12.849,0.84672,3695.15,0,36.966,0.6183,1.67117,2.20436,7.86767,1.06097,10.0639,0.42336,36.966,0.42336,423.524,0,1.02816,0,0,2.69933,1.67117,1.028160,1,0,102.266,0,0,0,102.266,0
68.0556,2.04778,0,0,5.10927,0.3078,0.36288,3.6288,30.6011,0.395484,0,0,0.457934,0.128563,0,0.66528,12.849,1,0.400701,0.36288,0,75.8754,3.53802,72.2995,0.84672,12.849,0.84672,3695.15,0,36.966,0.476714,1.8482,2.20461,8.08565,1.02207,10.6397,0.42336,36.966,0.42336,423.524,0,1.02816,0,0,2.87636,1.8482,1.028160,1,0,82.9392,0,0,0,82.9392,0
70.7558,2.05991,0,0,5.43403,0.311055,0.36288,3.6288,30.5837,0.395106,0,0,0.498429,0.120702,0,0.66528,12.849,1,0.388914,0.36288,0,74.2295,2.94514,71.2583,0.84672,12.849,0.84672,3695.15,0,36.966,0.477287,2.13954,1.92706,7.9807,0.924818,10.6452,0.42336,36.966,0.42336,423.524,0,1.02816,0,0,3.1677,2.13954,1.028160,1,0,81.9035,0,0,0,81.9035,0
72.29,2.07276,0,0,4.45507,0.31764,0.530453,3.6288,30.552,0.395073,0,0,0.484078,0.120679,0,0.66528,12.849,1,0.376405,0.530453,0,98.8934,2.94514,96.1023,0.84672,12.849,0.84672,3695.15,0,36.966,0.477518,1.32621,1.92728,6.21968,0.924818,8.07082,0.42336,36.966,0.42336,423.524,0,1.02816,0,0,2.35437,1.32621,1.028160,1,0,104.173,0,0,0,104.173,0
72.29,2.07983,0,0,3.78957,0.321381,1.38837,3.6288,31.018,0.394937,0,0,0.981547,0.120637,0,0.66528,12.849,1,0.369673,1.38837,0,94.71,2.94514,92.7835,0.84672,12.849,0.84672,3695.15,0,36.966,0.477849,1.55171,1.92749,5.33845,0.924818,7.41498,0.42336,36.966,0.42336,423.524,0,1.02816,0,0,2.57987,1.55171,1.028160,1,0,100.198,0,0,0,100.198,0
72.29,2.08011,0,0,4.83716,0.292044,2.46501,3.6288,31.5017,0.398302,0,0,1.00727,0.125266,0,0.66528,12.849,1,0.369724,2.46501,0,99.3876,3.02149,98.4614,0.84672,12.849,0.84672,3695.15,0,36.966,0.474681,1.88063,1.92771,6.08017,0.937355,8.47646,0.42336,36.966,0.42336,423.524,0,1.02816,0,0,2.90879,1.88063,1.028160,1,0,106.938,0,0,0,106.938,0
72.29,2.16579,0,0,4.96,0.319581,2.47462,3.6288,31.5967,0.431334,0,0,0.642146,0.115828,0,0.66528,12.849,1,0.384954,2.47462,0,88.1323,3.01486,87.2071,0.84672,12.849,0.84672,3695.15,0,36.966,0.506154,1.381,1.92792,5.575,0.793485,7.58429,0.42336,36.966,0.42336,423.524,0,1.02816,0,0,2.40916,1.381,1.028160,1,0,94.7914,0,0,0,94.7914,0
72.29,2.16609,0,0,4.97346,0.326126,2.48124,3.6288,31.8817,0.432129,0,0,0.831107,0.113994,0,0.66528,12.849,1,0.385007,2.48124,0,103.336,3.00867,102.424,0.84672,12.849,0.84672,3695.15,0,36.966,0.505563,1.42797,1.99667,5.67975,0.768671,7.83016,0.42336,36.966,0.42336,423.524,0,1.02816,0,0,2.45613,1.42797,1.028160,1,0,110.254,0,0,0,110.254,0
72.29,2.16639,0,0,3.73924,0.326126,1.24672,3.6288,31.8447,0.434317,0,0,0.51173,0.11435,0,0.66528,12.849,1,0.385059,1.24672,0,64.3127,3.00867,62.1657,0.84672,12.849,0.84672,3695.15,0,36.966,0.50358,0.751213,1.99689,4.6197,0.768671,6.09556,0.42336,36.966,0.42336,423.524,0,1.02816,0,0,1.77937,0.751213,1.028160,1,0,68.2613,0,0,0,68.2613,0
72.29,2.16669,0,0,3.52758,0.326126,1.03477,3.6288,31.8515,0.434141,0,0,0.555176,0.114304,0,0.66528,12.849,1,0.385112,1.03477,0,74.2185,3.00867,71.8595,0.84672,12.849,0.84672,3695.15,0,36.966,0.50396,0.762195,1.99712,4.6467,0.768671,6.13338,0.42336,36.966,0.42336,423.524,0,1.02816,0,0,1.79035,0.762195,1.028160,1,0,77.9928,0,0,0,77.9928,0
72.29,2.13358,0,0,3.64056,0.270725,1.23625,3.6288,31.7883,0.422719,0,0,0.484155,0.124608,0,0.66528,12.849,1,0.379228,1.23625,0,75.9404,3.57564,73.2218,0.84672,12.849,0.84672,3695.15,0,36.966,0.490597,1.02651,1.99734,5.04878,0.901487,6.68054,0.42336,36.966,0.42336,423.524,0,1.02816,0,0,2.05467,1.02651,1.028160,1,0,79.9023,0,0,0,79.9023,0
72.29,2.13387,0,0,3.02893,0.272612,0.622447,3.6288,31.6774,0.422361,0,0,0.448131,0.136612,0,0.66528,12.849,1,0.37928,0.622447,0,54.0667,4.08993,50.2199,0.84672,12.849,0.84672,3695.15,0,36.966,0.491156,0.714727,1.97088,4.34614,1.00048,5.54012,0.42336,36.966,0.42336,423.524,0,1.02816,0,0,1.74289,0.714727,1.028160,1,0,55.7601,0,0,0,55.7601,0
72.2443,2.13417,0,0,2.7027,0.251338,0.36288,3.6288,31.4718,0.421661,0,0,0.375866,0.159794,0,0.66528,12.849,1,0.379332,0.36288,0,48.0405,4.40605,43.618,0.84672,12.849,0.84672,3695.15,0,36.966,0.492058,0.585351,1.97111,3.94618,1.02538,4.9852,0.42336,36.966,0.42336,423.524,0,1.02816,0,0,1.61351,0.585351,1.028160,1,0,48.6032,0,0,0,48.6032,0
72.0957,2.13426,0,0,2.54358,0.195091,0.36288,3.6288,31.2457,0.420276,0,0,0.373814,0.17969,0,0.66528,12.849,1,0.379588,0.36288,0,44.8007,4.6367,40.1473,0.84672,12.849,0.84672,3695.15,0,36.966,0.493645,0.560762,1.97133,3.92712,1.03915,4.92641,0.42336,36.966,0.42336,423.524,0,1.02816,0,0,1.58892,0.560762,1.028160,1,0,45.0737,0,0,0,45.0737,0
71.8035,2.24729,0,0,2.51249,0.194466,0.36288,3.6288,30.9942,0.459344,0,0,0.387374,0.179552,0,0.66528,12.849,1,0.400515,0.36288,0,43.4147,4.68445,38.6926,0.84672,12.849,0.84672,3695.15,0,36.966,0.543439,0.640449,1.97155,4.29726,1.04031,5.32551,0.42336,36.966,0.42336,423.524,0,1.02816,0,0,1.66861,0.640449,1.028160,1,0,44.0181,0,0,0,44.0181,0
71.3384,2.24621,0,0,2.31922,0.175281,0.36288,3.6288,30.7031,0.45743,0,0,0.336571,0.170205,0,0.66528,12.849,1,0.401952,0.36288,0,36.6864,4.56428,32.083,0.84672,12.849,0.84672,3695.15,0,36.966,0.545566,0.618831,2.0653,3.42831,1.05015,4.51673,0.42336,36.966,0.42336,423.524,0,1.02816,0,0,1.64699,0.618831,1.028160,1,0,36.5998,0,0,0,36.5998,0
70.6759,2.2443,0,0,2.08109,0.136416,0.36288,3.6288,30.4038,0.45518,0,0,0.327033,0.17115,0,0.66528,12.849,1,0.404229,0.36288,0,32.0914,4.62913,27.4209,0.84672,12.849,0.84672,3695.15,0,36.966,0.548028,0.626141,2.06554,3.20432,1.00918,4.33878,0.42336,36.966,0.42336,423.524,0,1.02816,0,0,1.6543,0.626141,1.028160,1,0,31.7597,0,0,0,31.7597,0
69.9909,2.2414,0,0,2.05501,0.135725,0.36288,3.6288,30.1356,0.452841,0,0,0.355229,0.170583,0,0.66528,12.849,1,0.407491,0.36288,0,31.034,4.62913,26.3603,0.84672,12.849,0.84672,3695.15,0,36.966,0.550579,0.591391,2.06577,3.51313,1.00918,4.61053,0.42336,36.966,0.42336,423.524,0,1.02816,0,0,1.61955,0.591391,1.028160,1,0,30.9708,0,0,0,30.9708,0
69.1766,2.23834,0,0,1.92195,0.135011,0.36288,3.6288,29.8426,0.450736,0,0,0.327776,0.170075,0,0.66528,12.849,1,0.410916,0.36288,0,29.0301,4.62913,24.3529,0.84672,12.849,0.84672,3695.15,0,36.966,0.552897,0.524586,2.066,3.08467,1.00918,4.11318,0.42336,36.966,0.42336,423.524,0,1.02816,0,0,1.55275,0.524586,1.028160,1,0,28.4661,0,0,0,28.4661,0
68.5491,2.21227,0,0,2.0761,0.128397,0.36288,3.6288,29.5495,0.470186,0,0,0.356219,0.179134,0,0.66528,12.849,1,0.410911,0.36288,0,34.7634,4.63094,30.0844,0.84672,12.849,0.84672,3695.15,0,36.966,0.582419,0.352702,2.06623,2.89475,1.0848,3.64646,0.42336,36.966,0.42336,423.524,0,1.02816,0,0,1.38086,0.352702,1.028160,1,0,33.7309,0,0,0,33.7309,0
67.9762,2.2094,0,0,2.12617,0.126814,0.36288,3.6288,29.2508,0.467716,0,0,0.349164,0.180145,0,0.66528,12.849,1,0.414135,0.36288,0,34.2143,4.63124,29.5318,0.84672,12.849,0.84672,3695.15,0,36.966,0.585107,0.387279,2.09918,3.01746,1.0974,3.82141,0.42336,36.966,0.42336,423.524,0,1.02816,0,0,1.41544,0.387279,1.028160,1,0,33.3532,0,0,0,33.3532,0
67.3178,2.20677,0,0,2.0282,0.116992,0.36288,3.6288,28.9352,0.465174,0,0,0.340865,0.191285,0,0.66528,12.849,1,0.417128,0.36288,0,32.1735,4.8484,27.2709,0.84672,12.849,0.84672,3695.15,0,36.966,0.587868,0.396101,2.09942,3.02232,1.1709,3.75906,0.42336,36.966,0.42336,423.524,0,1.02816,0,0,1.42426,0.396101,1.028160,1,0,31.03,0,0,0,31.03,0
66.4325,2.20364,0,0,1.77492,0.0936667,0.36288,3.6288,28.5763,0.464097,0,0,0.322065,0.216835,0,0.66528,12.849,1,0.420611,0.36288,0,30.2324,5.59473,24.5799,0.84672,12.849,0.84672,3695.15,0,36.966,0.592905,0.261274,2.09965,2.94108,1.43009,3.27901,0.42336,36.966,0.42336,423.524,0,1.02442,0,0,1.28569,0.261274,1.028160,1,0,27.8589,0,0,0,27.8589,0
65.5984,2.25649,0,0,1.87835,0.0930825,0.36288,3.6288,28.1932,0.47827,0,0,0.313001,0.217862,0,0.66528,12.849,1,0.436437,0.36288,0,29.2085,5.73151,23.4034,0.84672,12.849,0.84672,3695.15,0,36.966,0.618685,0.346542,2.09989,2.83002,1.49688,3.16089,0.42336,36.966,0.42336,423.524,0,1.02816,0,0,1.3747,0.346542,1.028160,1,0,26.5643,0,0,0,26.5643,0
64.8548,2.25216,0,0,1.9635,0.092037,0.36288,3.6288,27.8062,0.47473,0,0,0.312519,0.224779,0,0.66528,12.849,1,0.441138,0.36288,0,29.591,5.55229,23.9604,0.84672,12.849,0.84672,3695.15,0,36.966,0.62245,0.306487,2.14652,2.76541,1.45181,3.14416,0.42336,36.966,0.42336,423.524,0,1.02816,0,0,1.33465,0.306487,1.028160,1,0,27.1046,0,0,0,27.1046,0
63.9358,2.24824,0,0,1.78362,0.0914899,0.36288,3.6288,27.4123,0.474163,0,0,0.304048,0.223796,0,0.66528,12.849,1,0.44542,0.36288,0,27.8551,5.55229,22.2203,0.84672,12.849,0.84672,3695.15,0,36.966,0.63036,0.227405,2.14676,2.66668,1.45181,2.95868,0.42336,36.966,0.42336,423.524,0,1.02104,0,0,1.24845,0.227405,1.028160,1,0,25.1789,0,0,0,25.1789,0
62.7658,2.24322,0,0,1.51068,0.074656,0.36288,3.6288,27.0127,0.474971,0,0,0.302394,0.226999,0,0.66528,12.849,1,0.450813,0.36288,0,26.5464,5.82909,20.6294,0.84672,12.849,0.84672,3695.15,0,36.966,0.640507,0.227405,2.147,2.61682,1.45231,2.89841,0.42336,36.966,0.42336,423.524,0,1.01031,0,0,1.23771,0.227405,1.028160,1,0,23.5278,0,0,0,23.5278,0
61.24,2.40268,0,0,1.32425,0.084442,0.36288,3.6288,26.5226,0.553523,0,0,0.281576,0.218184,0,0.66528,12.849,1,0.491861,0.36288,0,24.481,5.67472,18.6773,0.84672,12.849,0.84672,3695.15,0,36.966,0.757477,0.227405,2.14724,2.52689,1.3484,2.79566,0.42336,36.966,0.42336,423.524,0,0.972017,0,0,1.19942,0.227405,1.028160,1,0,21.473,0,0,0,21.473,0
59.9997,2.39288,0,0,1.57897,0.063521,0.36288,3.6288,25.8975,0.632572,0,0,0.249865,0.242338,0,0.66528,12.849,1,0.502058,0.36288,0,24.2557,5.47481,18.6417,0.84672,12.849,0.84672,3695.15,0,36.966,0.881651,0.227405,2.3063,2.38736,1.53082,2.50859,0.42336,36.966,0.42336,423.524,0,0.769038,0,0,0.996443,0.227405,1.028160,1,0,21.1503,0,0,0,21.1503,0
58.8707,2.38465,0,0,1.68138,0.0628452,0.36288,3.6288,25.4453,0.518994,0,0,0.307345,0.240623,0,0.66528,12.849,1,0.510676,0.36288,0,30.8661,5.47481,25.2435,0.84672,12.849,0.84672,3695.15,0,36.966,0.740808,0.204422,2.30656,2.6666,1.53082,2.90595,0.42336,36.966,0.42336,423.524,0,1.0237,0,0,1.22812,0.204422,1.028160,1,0,28.1494,0,0,0,28.1494,0
57.452,2.37694,0,0,1.38326,0.0621667,0.36288,3.6288,24.7575,0.672229,0,0,0.223835,0.239382,0,0.66528,12.849,1,0.518785,0.36288,0,28.2784,5.47481,22.6477,0.84672,12.849,0.84672,3695.15,0,36.966,0.976591,0.204422,2.30682,2.18405,1.53082,2.18788,0.42336,36.966,0.42336,423.524,0,0.634928,0,0,0.83935,0.204422,1.028160,1,0,24.8355,0,0,0,24.8355,0
56.3848,2.36679,0,0,1.72379,0.061314,0.36288,3.6288,24.404,0.503718,0,0,0.387748,0.237495,0,0.66528,12.849,1,0.529326,0.36288,0,27.5645,5.47481,21.9232,0.84672,12.849,0.84672,3695.15,0,36.966,0.752113,0.63053,2.30708,3.4064,1.53082,4.06107,0.42336,36.966,0.42336,423.524,0,1.02816,0,0,1.65869,0.63053,1.028160,1,0,25.9843,0,0,0,25.9843,0
54.5162,2.27946,0,0,0.834935,0.0611983,0.36288,3.6288,23.7449,0.663097,0,0,0.215357,0.211416,0,0.66528,12.849,1,0.519445,0.36288,0,16.0628,4.69599,11.2102,0.84672,12.849,0.84672,3695.15,0,36.966,1.00443,0.204422,2.30734,1.93116,1.1948,2.2437,0.42336,36.966,0.42336,423.524,0,0.521357,0,0,0.725779,0.204422,1.028160,1,0,13.4539,0,0,0,13.4539,0
52.4165,2.26536,0,0,0.585745,0.0572213,0.36288,3.6288,23.2481,0.557849,0,0,0.274615,0.21353,0,0.66528,12.849,1,0.533926,0.36288,0,13.6663,4.90203,8.59324,0.84672,12.849,0.84672,3695.15,0,36.966,0.868459,0.216518,2.21564,1.67027,1.26186,1.97211,0.42336,36.966,0.42336,423.524,0,0.762803,0,0,0.979322,0.216518,1.028160,1,0,10.5654,0,0,0,10.5654,0
50.2351,2.24849,0,0,0.486028,0.0560086,0.36288,3.6288,22.4504,0.733135,0,0,0.147702,0.21229,0,0.66528,12.849,1,0.551178,0.36288,0,13.0942,4.90203,8.00385,0.84672,12.849,0.84672,3695.15,0,36.966,1.16573,0.216518,2.21589,1.24392,1.26186,1.24873,0.42336,36.966,0.42336,423.524,0,0.290475,0,0,0.506993,0.216518,1.028160,1,0,9.25258,0,0,0,9.25258,0
48.2384,2.22973,0,0,0.699034,0.103137,0.36288,3.6288,21.7603,0.693273,0,0,0.181678,0.178515,0,0.66528,12.849,1,0.570315,0.36288,0,15.2822,4.27914,10.7956,0.84672,12.849,0.84672,3695.15,0,36.966,1.14152,0.216518,2.21614,1.36879,1.06717,1.59277,0.42336,36.966,0.42336,423.524,0,0.354783,0,0,0.571302,0.216518,1.028160,1,0,12.3884,0,0,0,12.3884,0
46.9517,2.1481,0,0,1.3931,0.168873,0.36288,3.6288,21.3314,0.599006,0,0,0.300088,0.129934,0,0.66528,12.849,1,0.572177,0.36288,0,37.5824,3.79815,33.575,0.84672,12.849,0.84672,3695.15,0,36.966,1.01758,0.216518,2.21639,3.1739,0.840975,3.74825,0.42336,36.966,0.42336,423.524,0,0.486379,0,0,0.702898,0.216518,1.028160,1,0,37.3232,0,0,0,37.3232,0
44.9893,2.13608,0,0,0.714849,0.178271,0.36288,3.6288,20.789,0.580627,0,0,0.155021,0.116835,0,0.66528,12.849,1,0.584569,0.36288,0,22.9708,4.67198,18.0772,0.84672,12.849,0.84672,3695.15,0,36.966,1.00619,0.216518,2.13453,1.57023,0.924465,1.99063,0.42336,36.966,0.42336,423.524,0,0.516373,0,0,0.732891,0.216518,1.028160,1,0,20.0678,0,0,0,20.0678,0
43.4693,2.11653,0,0,1.13385,0.17441,0.36288,3.6288,20.5871,0.41045,0,0,0.324546,0.115986,0,0.66528,12.849,1,0.604485,0.36288,0,31.254,4.67198,26.3404,0.84672,12.849,0.84672,3695.15,0,36.966,0.729843,0.292723,2.13477,2.52826,0.924465,3.30145,0.42336,36.966,0.42336,423.524,0,0.963118,0,0,1.25584,0.292723,1.028160,1,0,29.6419,0,0,0,29.6419,0
41.563,2.10051,0,0,0.72849,0.171419,0.36288,3.6288,20.2459,0.467545,0,0,0.241979,0.11567,0,0.66528,12.849,1,0.620884,0.36288,0,21.4959,4.67198,16.5659,0.84672,12.849,0.84672,3695.15,0,36.966,0.83952,0.292723,2.13501,2.49447,0.924465,3.15822,0.42336,36.966,0.42336,423.524,0,0.796567,0,0,1.08929,0.292723,1.028160,1,0,19.7241,0,0,0,19.7241,0
40.4976,1.90507,0,0,1.42592,0.223349,0.36288,3.6288,20.0155,0.376343,0,0,0.277477,0.131517,0,0.66528,12.849,1,0.588942,0.36288,0,54.2365,5.0779,48.9325,0.84672,12.849,0.84672,3695.15,0,36.966,0.687147,0.292723,2.13525,3.15944,1.01923,3.88104,0.42336,36.966,0.42336,423.524,0,0.859413,0,0,1.15214,0.292723,1.028160,1,0,52.8135,0,0,0,52.8135,0
39.7543,1.89357,0,0,1.71526,0.202103,0.36288,3.6288,19.7144,0.384233,0,0,0.20104,0.117858,0,0.66528,12.849,1,0.600786,0.36288,0,50.2474,3.85088,46.1586,0.84672,12.849,0.84672,3695.15,0,36.966,0.709628,0.292723,1.95301,2.06494,1.02293,2.57812,0.42336,36.966,0.42336,423.524,0,0.829241,0,0,1.12196,0.292723,1.028160,1,0,48.7367,0,0,0,48.7367,0
39.7772,1.88534,0,0,2.47285,0.201772,0.36288,3.6288,19.5677,0.311346,0,0,0.298247,0.13361,0,0.66528,12.849,1,0.60936,0.36288,0,74.236,4.21218,69.7773,0.84672,12.849,0.84672,3695.15,0,36.966,0.583796,0.413536,1.95323,2.92618,1.16543,3.54372,0.42336,36.966,0.42336,423.524,0,1.02816,0,0,1.4417,0.413536,1.028160,1,0,73.3211,0,0,0,73.3211,0
39.8463,1.88586,0,0,2.51136,0.193534,0.36288,3.6288,19.3182,0.385628,0,0,0.292357,0.156192,0,0.66528,12.849,1,0.609179,0.36288,0,73.9397,4.36959,69.3238,0.84672,12.849,0.84672,3695.15,0,36.966,0.728503,0.412474,1.95345,3.02689,1.22113,3.44318,0.42336,36.966,0.42336,423.524,0,0.809369,0,0,1.22184,0.412474,1.028160,1,0,72.7669,0,0,0,72.7669,0
40.5948,1.88692,0,0,3.1775,0.179164,0.36288,3.6288,19.2509,0.307373,0,0,0.376524,0.136464,0,0.66528,12.849,1,0.608464,0.36288,0,99.5077,3.57956,95.6826,0.84672,12.849,0.84672,3695.15,0,36.966,0.588167,0.914544,1.95367,4.66809,0.963155,5.98498,0.42336,36.966,0.42336,423.524,0,1.02816,0,0,1.9427,0.914544,1.028160,1,0,101.668,0,0,0,101.668,0
43.1296,1.96228,0,0,5.04969,0.189713,0.36288,3.6288,19.7377,0.32469,0,0,0.953934,0.142508,0,0.66528,12.849,1,0.621098,0.36288,0,124.369,3.83174,120.279,0.84672,12.849,0.84672,3695.15,0,36.966,0.623475,2.64678,1.95389,8.34381,1.02085,11.3002,0.42336,36.966,0.42336,423.524,0,1.02816,0,0,3.67494,2.64678,1.028160,1,0,131.58,0,0,0,131.58,0
44.2423,1.99066,0,0,3.6685,0.20233,0.36288,3.6288,20.1816,0.33011,0,0,0.92219,0.148122,0,0.66528,12.849,1,0.59305,0.36288,0,119.107,4.02738,114.849,0.84672,12.849,0.84672,3695.15,0,36.966,0.618251,2.64279,2.01103,8.65106,1.06412,11.6225,0.42336,36.966,0.42336,423.524,0,1.02816,0,0,3.67095,2.64279,1.028160,1,0,126.472,0,0,0,126.472,0
45.6971,2.00248,0,0,4.0251,0.204925,0.36288,3.6288,20.6499,0.334981,0,0,0.952227,0.149023,0,0.66528,12.849,1,0.581568,0.36288,0,92.4247,4.02087,88.1851,0.84672,12.849,0.84672,3695.15,0,36.966,0.613574,2.89709,2.01125,9.12548,1.06412,12.3561,0.42336,36.966,0.42336,423.524,0,1.02816,0,0,3.92525,2.89709,1.028160,1,0,100.541,0,0,0,100.541,0
47.8692,2.0172,0,0,4.78738,0.235195,0.36288,3.6288,21.2382,0.340038,0,0,1.07113,0.142732,0,0.66528,12.849,1,0.567191,0.36288,0,110.284,4.09509,105.985,0.84672,12.849,0.84672,3695.15,0,36.966,0.608713,3.2082,2.01146,10.2233,1.13167,13.7026,0.42336,36.966,0.42336,423.524,0,1.02816,0,0,4.23636,3.2082,1.028160,1,0,119.688,0,0,0,119.688,0
48.7813,2.25976,0,0,3.79464,0.25991,0.36288,3.6288,21.6038,0.418113,0,0,0.92229,0.138568,0,0.66528,12.849,1,0.606563,0.36288,0,100.118,4.13871,95.7353,0.84672,12.849,0.84672,3695.15,0,36.966,0.727742,2.50727,2.01167,8.99433,1.17526,11.6103,0.42336,36.966,0.42336,423.524,0,1.02816,0,0,3.53543,2.50727,1.028160,1,0,107.346,0,0,0,107.346,0
49.8332,2.22513,0,0,3.89244,0.252494,0.36288,3.6288,22.0998,0.410653,0,0,1.04693,0.140301,0,0.66528,12.849,1,0.586101,0.36288,0,87.0342,4.06644,82.7445,0.84672,12.849,0.84672,3695.15,0,36.966,0.702662,1.93366,2.21679,8.96141,1.13283,11.2764,0.42336,36.966,0.42336,423.524,0,1.02816,0,0,2.96182,1.93366,1.028160,1,0,94.0209,0,0,0,94.0209,0
51.2919,2.27936,0,0,4.35631,0.255359,0.36288,3.6288,22.6697,0.428891,0,0,1.14006,0.14123,0,0.66528,12.849,1,0.587709,0.36288,0,98.7854,4.06644,94.4942,0.84672,12.849,0.84672,3695.15,0,36.966,0.7174,2.37862,2.18133,9.91803,1.13283,12.6277,0.42336,36.966,0.42336,423.524,0,1.02816,0,0,3.40678,2.37862,1.028160,1,0,107.122,0,0,0,107.122,0
52.8156,2.29302,0,0,4.43886,0.259305,0.36288,3.6288,23.1564,0.43583,0,0,1.06473,0.142248,0,0.66528,12.849,1,0.574417,0.36288,0,100.826,4.06644,96.5482,0.84672,12.849,0.84672,3695.15,0,36.966,0.710679,1.93559,2.21727,9.75715,1.13283,12.0665,0.42336,36.966,0.42336,423.524,0,1.02816,0,0,2.96375,1.93559,1.028160,1,0,108.615,0,0,0,108.615,0
54.8258,1.98343,0,0,4.60104,0.244528,0.36288,3.6288,23.9085,0.33984,0,0,1.22631,0.134343,0,0.66528,12.849,1,0.48253,0.36288,0,105.251,3.58796,101.543,0.84672,12.849,0.84672,3695.15,0,36.966,0.542508,2.80921,2.21751,11.3196,0.955501,14.8483,0.42336,36.966,0.42336,423.524,0,1.02816,0,0,3.83737,2.80921,1.028160,1,0,116.391,0,0,0,116.391,0
56.9987,1.99802,0,0,4.82003,0.286254,0.36288,3.6288,25.0088,0.346617,0,0,1.54606,0.0991697,0,0.66528,12.849,1,0.468258,0.36288,0,100.479,3.51582,96.8577,0.84672,12.849,0.84672,3695.15,0,36.966,0.535919,1.68381,1.93818,15.9757,0.897566,18.1642,0.42336,36.966,0.42336,423.524,0,1.02816,0,0,2.71197,1.68381,1.028160,1,0,115.022,0,0,0,115.022,0
58.2947,2.01285,0,0,3.96428,0.292512,0.36288,3.6288,26.0515,0.356207,0,0,1.49931,0.100443,0,0.66528,12.849,1,0.45375,0.36288,0,87.804,3.51582,84.1973,0.84672,12.849,0.84672,3695.15,0,36.966,0.526517,1.33361,1.93839,12.8881,0.897566,14.736,0.42336,36.966,0.42336,423.524,0,1.02816,0,0,2.36177,1.33361,1.028160,1,0,98.9333,0,0,0,98.9333,0
61.723,2.02138,0,0,6.10885,0.296245,0.36288,3.6288,27.7301,0.364996,0,0,2.14533,0.101649,0,0.66528,12.849,1,0.445543,0.36288,0,160.053,3.51582,156.455,0.84672,12.849,0.84672,3695.15,0,36.966,0.517915,2.7906,1.93859,18.0303,0.897566,21.344,0.42336,36.966,0.42336,423.524,0,1.02816,0,0,3.81876,2.7906,1.028160,1,0,177.799,0,0,0,177.799,0
65.6659,2.04213,0,0,6.64914,0.301215,0.36288,3.6288,29.4163,0.378515,0,0,2.13855,0.073822,0,0.66528,12.849,1,0.425115,0.36288,0,179.519,2.88824,176.569,0.84672,12.849,0.84672,3695.15,0,36.966,0.504584,2.88566,1.9388,20.9328,0.790081,24.4626,0.42336,36.966,0.42336,423.524,0,1.02816,0,0,3.91382,2.88566,1.028160,1,0,201.031,0,0,0,201.031,0
69.9203,2.1484,0,0,7.03564,0.26998,0.36288,3.6288,30.7078,0.420092,0,0,1.81095,0.0994007,0,0.66528,12.849,1,0.420382,0.36288,0,152.694,3.74923,148.887,0.84672,12.849,0.84672,3695.15,0,36.966,0.527908,1.88235,1.939,14.4998,0.901692,16.8916,0.42336,36.966,0.42336,423.524,0,1.02816,0,0,2.91051,1.88235,1.028160,1,0,165.779,0,0,0,165.779,0
72.29,2.17029,0,0,6.24586,0.262186,1.4437,3.6288,32.0634,0.430255,0,0,1.89647,0.110646,0,0.66528,12.849,1,0.398826,1.4437,0,144.253,4.09364,141.205,0.84672,12.849,0.84672,3695.15,0,36.966,0.51794,1.72941,2.00817,19.1341,0.946337,21.4074,0.42336,36.966,0.42336,423.524,0,1.02816,0,0,2.75757,1.72941,1.028160,1,0,162.612,0,0,0,162.612,0
72.29,2.18167,0,0,4.87105,0.266987,2.42239,3.6288,33.0122,0.440517,0,0,1.50164,0.112306,0,0.66528,12.849,1,0.387776,2.42239,0,165.339,4.09364,163.279,0.84672,12.849,0.84672,3695.15,0,36.966,0.507874,1.75916,2.00838,13.128,0.946337,15.4414,0.42336,36.966,0.42336,423.524,0,1.02816,0,0,2.78732,1.75916,1.028160,1,0,178.721,0,0,0,178.721,0
72.29,2.18196,0,0,3.86868,0.228464,1.45826,3.6288,33.5639,0.447495,0,0,1.08466,0.085462,0,0.66528,12.849,1,0.387827,1.45826,0,116.058,2.83761,114.29,0.84672,12.849,0.84672,3695.15,0,36.966,0.50109,1.05777,2.0086,10.4355,0.806267,12.1945,0.42336,36.966,0.42336,423.524,0,1.02816,0,0,2.08593,1.05777,1.028160,1,0,126.485,0,0,0,126.485,0
72.29,2.14863,0,0,3.82261,0.154465,1.51952,3.6288,34.0442,0.439541,0,0,1.06212,0.142283,0,0.66528,12.849,1,0.381902,1.51952,0,105.695,3.88839,102.944,0.84672,12.849,0.84672,3695.15,0,36.966,0.484093,1.33114,2.00881,9.37025,1.04337,11.1827,0.42336,36.966,0.42336,423.524,0,1.02816,0,0,2.3593,1.33114,1.028160,1,0,114.127,0,0,0,114.127,0
72.29,2.14891,0,0,3.77365,0.116749,1.50799,3.6288,34.467,0.442907,0,0,1.03176,0.166083,0,0.66528,12.849,1,0.381952,1.50799,0,102.907,4.44003,99.5927,0.84672,12.849,0.84672,3695.15,0,36.966,0.480919,1.51644,1.98218,8.79906,1.12188,10.6949,0.42336,36.966,0.42336,423.524,0,1.02816,0,0,2.5446,1.51644,1.028160,1,0,110.288,0,0,0,110.288,0
72.29,2.14919,0,0,3.54348,0.116749,1.27754,3.6288,34.8038,0.445846,0,0,0.949458,0.166782,0,0.66528,12.849,1,0.382002,1.27754,0,92.1249,4.44003,88.5804,0.84672,12.849,0.84672,3695.15,0,36.966,0.478172,1.09872,1.98239,8.12264,1.12188,9.60369,0.42336,36.966,0.42336,423.524,0,1.02816,0,0,2.12688,1.09872,1.028160,1,0,98.1841,0,0,0,98.1841,0
72.29,2.14947,0,0,3.23892,0.0967689,0.992683,3.6288,35.0595,0.448183,0,0,0.881479,0.177617,0,0.66528,12.849,1,0.382052,0.992683,0,84.1061,4.72002,79.9967,0.84672,12.849,0.84672,3695.15,0,36.966,0.476027,1.02966,1.9826,6.93766,1.16114,8.31275,0.42336,36.966,0.42336,423.524,0,1.02816,0,0,2.05782,1.02966,1.028160,1,0,88.3094,0,0,0,88.3094,0
72.29,2.26391,0,0,3.05364,0.0921533,0.697576,3.6288,35.2262,0.493394,0,0,0.849048,0.18887,0,0.66528,12.849,1,0.402392,0.697576,0,73.3078,4.42564,69.1773,0.84672,12.849,0.84672,3695.15,0,36.966,0.520225,1.10572,1.98281,7.3167,1.05475,8.83026,0.42336,36.966,0.42336,423.524,0,1.02816,0,0,2.13388,1.10572,1.028160,1,0,78.0076,0,0,0,78.0076,0
72.2781,2.2642,0,0,2.67091,0.0557032,0.36288,3.6288,35.2044,0.494695,0,0,0.647184,0.174289,0,0.66528,12.849,1,0.402444,0.36288,0,60.9187,4.82034,56.0588,0.84672,12.849,0.84672,3695.15,0,36.966,0.519127,0.763854,2.07714,6.43749,1.12446,7.6349,0.42336,36.966,0.42336,423.524,0,1.02816,0,0,1.79201,0.763854,1.028160,1,0,63.6937,0,0,0,63.6937,0
72.1937,2.26444,0,0,2.59855,0.0556982,0.36288,3.6288,35.192,0.494637,0,0,0.656463,0.174252,0,0.66528,12.849,1,0.402553,0.36288,0,57.8871,4.82034,53.0271,0.84672,12.849,0.84672,3695.15,0,36.966,0.519388,0.909135,2.07736,6.13029,1.12446,7.47293,0.42336,36.966,0.42336,423.524,0,1.02816,0,0,1.9373,0.909135,1.028160,1,0,60.5001,0,0,0,60.5001,0
71.8506,2.26433,0,0,2.35946,0.0753168,0.36288,3.6288,35.1453,0.494646,0,0,0.617937,0.169989,0,0.66528,12.849,1,0.403005,0.36288,0,54.5543,4.48188,50.0323,0.84672,12.849,0.84672,3695.15,0,36.966,0.519581,0.849813,2.07759,5.60873,1.13752,6.87903,0.42336,36.966,0.42336,423.524,0,1.02816,0,0,1.87797,0.849813,1.028160,1,0,56.9114,0,0,0,56.9114,0
71.4281,2.26299,0,0,2.24888,0.045532,0.36288,3.6288,35.0875,0.494409,0,0,0.61671,0.180094,0,0.66528,12.849,1,0.40469,0.36288,0,50.7661,4.35625,46.3681,0.84672,12.849,0.84672,3695.15,0,36.966,0.520021,0.903502,2.07781,5.45161,1.1854,6.7275,0.42336,36.966,0.42336,423.524,0,1.02816,0,0,1.93166,0.903502,1.028160,1,0,53.0956,0,0,0,53.0956,0
72.0761,2.23871,0,0,3.28985,0.0401975,0.36288,3.6288,35.1081,0.517982,0,0,0.734244,0.195723,0,0.66528,12.849,1,0.402715,0.36288,0,54.9121,4.59905,50.2732,0.84672,12.849,0.84672,3695.15,0,36.966,0.545714,1.19817,2.07803,6.15734,1.24102,7.64681,0.42336,36.966,0.42336,423.524,0,1.02816,0,0,2.22633,1.19817,1.028160,1,0,57.9201,0,0,0,57.9201,0
72.29,2.24207,0,0,3.55561,0.051621,1.04806,3.6288,35.1347,0.51824,0,0,0.742897,0.198048,0,0.66528,12.849,1,0.399694,1.04806,0,58.3957,4.65769,54.3864,0.84672,12.849,0.84672,3695.15,0,36.966,0.545665,1.18842,2.11117,6.90189,1.25184,8.40398,0.42336,36.966,0.42336,423.524,0,1.02816,0,0,2.21658,1.18842,1.028160,1,0,62.7903,0,0,0,62.7903,0
72.29,2.24337,0,0,3.2383,0.0517049,0.943225,3.6288,35.1496,0.518543,0,0,0.731601,0.1981,0,0.66528,12.849,1,0.398742,0.943225,0,57.038,4.65769,52.9248,0.84672,12.849,0.84672,3695.15,0,36.966,0.54557,1.22209,2.1114,6.65772,1.25184,8.19381,0.42336,36.966,0.42336,423.524,0,1.02816,0,0,2.25025,1.22209,1.028160,1,0,61.1186,0,0,0,61.1186,0
72.29,2.24366,0,0,2.91855,0.0517049,0.623185,3.6288,35.114,0.518757,0,0,0.681286,0.198129,0,0.66528,12.849,1,0.398793,0.623185,0,52.8656,4.65769,48.4323,0.84672,12.849,0.84672,3695.15,0,36.966,0.545564,0.935574,2.11162,6.33908,1.25184,7.58887,0.42336,36.966,0.42336,423.524,0,1.02816,0,0,1.96373,0.935574,1.028160,1,0,56.0211,0,0,0,56.0211,0
72.29,2.30231,0,0,2.7085,0.0352279,0.370962,3.6288,34.9376,0.539901,0,0,0.605383,0.241943,0,0.66528,12.849,1,0.409218,0.370962,0,46.9621,5.41868,41.5052,0.84672,12.849,0.84672,3695.15,0,36.966,0.568376,0.791916,2.11185,5.62037,1.4819,6.47386,0.42336,36.966,0.42336,423.524,0,1.02816,0,0,1.82008,0.791916,1.028160,1,0,47.979,0,0,0,47.979,0
72.29,2.30261,0,0,3.02743,0.0440177,0.680802,3.6288,34.8069,0.53861,0,0,0.666446,0.258533,0,0.66528,12.849,1,0.409271,0.680802,0,57.2361,5.83905,51.6686,0.84672,12.849,0.84672,3695.15,0,36.966,0.569881,0.947255,2.15875,5.34245,1.51607,6.36251,0.42336,36.966,0.42336,423.524,0,1.02816,0,0,1.97541,0.947255,1.028160,1,0,58.0311,0,0,0,58.0311,0
72.29,2.30291,0,0,2.75565,0.0440177,0.408724,3.6288,34.5607,0.537676,0,0,0.549685,0.2582,0,0.66528,12.849,1,0.409324,0.408724,0,46.1008,5.83905,40.2611,0.84672,12.849,0.84672,3695.15,0,36.966,0.571029,0.989928,2.15898,4.96435,1.51607,6.02616,0.42336,36.966,0.42336,423.524,0,1.02816,0,0,2.01809,0.989928,1.028160,1,0,46.2873,0,0,0,46.2873,0
72.0862,2.30321,0,0,2.50626,0.0440177,0.36288,3.6288,34.2792,0.535814,0,0,0.511911,0.257571,0,0.66528,12.849,1,0.409377,0.36288,0,42.9764,5.83905,37.0909,0.84672,12.849,0.84672,3695.15,0,36.966,0.573104,0.67538,2.15921,4.42422,1.51607,5.16964,0.42336,36.966,0.42336,423.524,0,1.02816,0,0,1.70354,0.67538,1.028160,1,0,42.2605,0,0,0,42.2605,0
71.9426,2.47344,0,0,2.72927,0.0364942,0.36288,3.6288,34.0184,0.609662,0,0,0.604247,0.255416,0,0.66528,12.849,1,0.440878,0.36288,0,43.1796,5.94719,37.1544,0.84672,12.849,0.84672,3695.15,0,36.966,0.657446,1.11864,2.15944,6.25558,1.54198,7.33424,0.42336,36.966,0.42336,423.524,0,1.02816,0,0,2.1468,1.11864,1.028160,1,0,44.4887,0,0,0,44.4887,0
70.9124,2.47301,0,0,1.88182,0.0761426,0.36288,3.6288,33.5593,0.607357,0,0,0.388295,0.240003,0,0.66528,12.849,1,0.441681,0.36288,0,27.0063,5.99266,20.9348,0.84672,12.849,0.84672,3695.15,0,36.966,0.659983,0.269508,2.31947,4.22619,1.46547,4.6897,0.42336,36.966,0.42336,423.524,0,1.02816,0,0,1.29767,0.269508,1.028160,1,0,25.6245,0,0,0,25.6245,0
69.9114,2.46789,0,0,1.90792,0.0781815,0.36288,3.6288,33.1378,0.603172,0,0,0.424272,0.242629,0,0.66528,12.849,1,0.447171,0.36288,0,29.6498,6.06658,23.4989,0.84672,12.849,0.84672,3695.15,0,36.966,0.664401,0.387003,2.31972,3.96441,1.46167,4.54506,0.42336,36.966,0.42336,423.524,0,1.02816,0,0,1.41516,0.387003,1.028160,1,0,28.044,0,0,0,28.044,0
68.5209,2.4628,0,0,1.51277,0.0775814,0.36288,3.6288,32.5352,0.679506,0,0,0.318449,0.241531,0,0.66528,12.849,1,0.452638,0.36288,0,32.5566,6.06658,26.4003,0.84672,12.849,0.84672,3695.15,0,36.966,0.758005,0.204422,2.31997,3.18314,1.46167,3.48785,0.42336,36.966,0.42336,423.524,0,0.858453,0,0,1.06288,0.204422,1.028160,1,0,29.8882,0,0,0,29.8882,0
67.4646,2.45538,0,0,1.83871,0.0767478,0.36288,3.6288,32.2136,0.593599,0,0,0.511977,0.239962,0,0.66528,12.849,1,0.460432,0.36288,0,28.3795,6.06658,22.2153,0.84672,12.849,0.84672,3695.15,0,36.966,0.674438,0.734003,2.32022,4.58653,1.46167,5.50463,0.42336,36.966,0.42336,423.524,0,1.02816,0,0,1.76216,0.734003,1.028160,1,0,27.72,0,0,0,27.72,0
66.308,2.36715,0,0,1.67118,0.0976899,0.36288,3.6288,32.1849,0.545897,0,0,0.752263,0.235094,0,0.66528,12.849,1,0.450837,0.36288,0,30.2315,5.60854,24.535,0.84672,12.849,0.84672,3695.15,0,36.966,0.626431,1.06491,2.32047,5.42381,1.35624,6.82652,0.42336,36.966,0.42336,423.524,0,1.02816,0,0,2.09307,1.06491,1.028160,1,0,31.3616,0,0,0,31.3616,0
65.1438,2.36087,0,0,1.67233,0.112834,0.36288,3.6288,31.8981,0.545739,0,0,0.490964,0.231999,0,0.66528,12.849,1,0.457483,0.36288,0,33.3617,5.26502,28.0021,0.84672,12.849,0.84672,3695.15,0,36.966,0.62681,0.271668,2.22819,4.29929,1.27716,4.89517,0.42336,36.966,0.42336,423.524,0,1.02816,0,0,1.29983,0.271668,1.028160,1,0,32.8973,0,0,0,32.8973,0
63.6967,2.35434,0,0,1.38193,0.11179,0.36288,3.6288,31.515,0.584413,0,0,0.432527,0.231274,0,0.66528,12.849,1,0.464372,0.36288,0,30.8029,5.26502,25.4364,0.84672,12.849,0.84672,3695.15,0,36.966,0.677263,0.216518,2.22843,3.98147,1.27716,4.47199,0.42336,36.966,0.42336,423.524,0,0.939254,0,0,1.15577,0.216518,1.028160,1,0,29.9084,0,0,0,29.9084,0
63.3545,2.34587,0,0,2.56881,0.20223,0.36288,3.6288,31.4765,0.539811,0,0,0.6729,0.171578,0,0.66528,12.849,1,0.473212,0.36288,0,54.387,4.22686,50.0498,0.84672,12.849,0.84672,3695.15,0,36.966,0.63318,0.415843,2.22867,6.9129,0.952671,7.97156,0.42336,36.966,0.42336,423.524,0,1.02816,0,0,1.444,0.415843,1.028160,1,0,58.0213,0,0,0,58.0213,0
65.4297,2.277,0,0,4.94932,0.234316,0.36288,3.6288,31.8403,0.499375,0,0,1.0195,0.15624,0,0.66528,12.849,1,0.4618,0.36288,0,106.42,3.91175,102.41,0.84672,12.849,0.84672,3695.15,0,36.966,0.586466,1.06204,2.2289,9.79421,0.863972,11.6347,0.42336,36.966,0.42336,423.524,0,1.02816,0,0,2.0902,1.06204,1.028160,1,0,114.044,0,0,0,114.044,0
63.9485,2.28954,0,0,1.3855,0.214205,0.36288,3.6288,31.6141,0.502574,0,0,0.482691,0.206355,0,0.66528,12.849,1,0.449616,0.36288,0,36.5407,4.51258,31.9414,0.84672,12.849,0.84672,3695.15,0,36.966,0.583478,0.648795,2.14653,3.79,1.11055,4.89129,0.42336,36.966,0.42336,423.524,0,1.02816,0,0,1.67695,0.648795,1.028160,1,0,36.8327,0,0,0,36.8327,0
62.4061,2.28116,0,0,1.31323,0.211666,0.36288,3.6288,31.3737,0.500746,0,0,0.466188,0.205845,0,0.66528,12.849,1,0.458347,0.36288,0,30.9973,4.51258,26.3892,0.84672,12.849,0.84672,3695.15,0,36.966,0.585517,0.577204,2.14676,6.21932,1.11055,7.24721,0.42336,36.966,0.42336,423.524,0,1.02816,0,0,1.60536,0.577204,1.028160,1,0,33.6365,0,0,0,33.6365,0
61.3611,2.27206,0,0,1.8141,0.224107,0.36288,3.6288,31.2918,0.498784,0,0,0.618425,0.201555,0,0.66528,12.849,1,0.467802,0.36288,0,52.9604,4.3696,48.4858,0.84672,12.849,0.84672,3695.15,0,36.966,0.587691,1.06932,2.14699,5.95502,1.08979,7.49385,0.42336,36.966,0.42336,423.524,0,1.02816,0,0,2.09748,1.06932,1.028160,1,0,55.9797,0,0,0,55.9797,0
62.7011,2.0763,0,0,4.03869,0.259579,0.36288,3.6288,31.9461,0.414715,0,0,1.26103,0.192013,0,0.66528,12.849,1,0.434776,0.36288,0,64.2387,4.01216,60.1546,0.84672,12.849,0.84672,3695.15,0,36.966,0.489916,1.98163,2.14722,10.9443,1.03787,13.5453,0.42336,36.966,0.42336,423.524,0,1.02816,0,0,3.00979,1.98163,1.028160,1,0,73.7,0,0,0,73.7,0
65.9229,2.08428,0,0,5.95509,0.286037,0.36288,3.6288,32.2757,0.419455,0,0,0.92054,0.171461,0,0.66528,12.849,1,0.42712,0.36288,0,123.547,3.98576,119.497,0.84672,12.849,0.84672,3695.15,0,36.966,0.485367,0.444528,1.96385,10.9685,1.06202,11.8295,0.42336,36.966,0.42336,423.524,0,1.02816,0,0,1.47269,0.444528,1.028160,1,0,131.326,0,0,0,131.326,0
68.2533,2.10202,0,0,5.08798,0.29275,0.36288,3.6288,32.5054,0.421854,0,0,0.83846,0.186928,0,0.66528,12.849,1,0.409704,0.36288,0,123.666,4.28526,119.334,0.84672,12.849,0.84672,3695.15,0,36.966,0.483157,0.837423,1.96406,9.7511,1.08344,10.986,0.42336,36.966,0.42336,423.524,0,1.02816,0,0,1.86558,0.837423,1.028160,1,0,130.32,0,0,0,130.32,0
70.0248,2.11407,0,0,4.54669,0.298189,0.36288,3.6288,32.7715,0.42354,0,0,0.877077,0.187395,0,0.66528,12.849,1,0.397984,0.36288,0,98.1029,4.28526,93.7825,0.84672,12.849,0.84672,3695.15,0,36.966,0.481661,2.12,1.96427,12.9419,1.08344,15.4611,0.42336,36.966,0.42336,423.524,0,1.02816,0,0,3.14816,2.12,1.028160,1,0,109.244,0,0,0,109.244,0
71.8528,2.12286,0,0,4.616,0.302324,0.36288,3.6288,33.0551,0.425468,0,0,0.896944,0.187937,0,0.66528,12.849,1,0.389527,0.36288,0,110.511,4.28526,106.199,0.84672,12.849,0.84672,3695.15,0,36.966,0.479924,2.47927,1.96447,14.3608,1.08344,17.2412,0.42336,36.966,0.42336,423.524,0,1.02816,0,0,3.50743,2.47927,1.028160,1,0,123.44,0,0,0,123.44,0
72.29,2.13126,0,0,5.29121,0.29009,2.43262,3.6288,33.2065,0.427411,0,0,0.752263,0.173457,0,0.66528,12.849,1,0.381121,2.43262,0,91.1326,3.80588,89.3782,0.84672,12.849,0.84672,3695.15,0,36.966,0.47798,1.55096,1.96468,9.68622,1.02711,11.6968,0.42336,36.966,0.42336,423.524,0,1.02816,0,0,2.57912,1.55096,1.028160,1,0,101.075,0,0,0,101.075,0
72.29,2.20837,0,0,4.05146,0.268982,1.57411,3.6288,32.9856,0.453491,0,0,0.386251,0.153633,0,0.66528,12.849,1,0.392522,1.57411,0,45.6042,3.1667,43.6191,0.84672,12.849,0.84672,3695.15,0,36.966,0.504834,0.843558,1.96468,6.82672,0.952015,8.17811,0.42336,36.966,0.42336,423.524,0,1.02816,0,0,1.87172,0.843558,1.028160,1,0,51.7972,0,0,0,51.7972,0
72.29,2.20864,0,0,5.58296,0.268982,3.10533,3.6288,32.8627,0.451985,0,0,0.482337,0.153267,0,0.66528,12.849,1,0.39257,3.10533,0,87.68,3.1667,87.2261,0.84672,12.849,0.84672,3695.15,0,36.966,0.506526,0.748889,2.02217,7.3389,0.952015,8.65142,0.42336,36.966,0.42336,423.524,0,1.02816,0,0,1.77705,0.748889,1.028160,1,0,95.8775,0,0,0,95.8775,0
72.29,2.20892,0,0,5.21375,0.268982,2.73585,3.6288,32.9789,0.451181,0,0,0.720468,0.153064,0,0.66528,12.849,1,0.392618,2.73585,0,82.9777,3.1667,82.1542,0.84672,12.849,0.84672,3695.15,0,36.966,0.507516,1.43898,2.02237,8.28317,0.952015,10.285,0.42336,36.966,0.42336,423.524,0,1.02816,0,0,2.46714,1.43898,1.028160,1,0,92.4392,0,0,0,92.4392,0
72.29,2.20919,0,0,7.50136,0.274201,5.01797,3.6288,33.4071,0.452111,0,0,1.03157,0.151306,0,0.66528,12.849,1,0.392666,5.01797,0,106.877,3.2035,108.299,0.84672,12.849,0.84672,3695.15,0,36.966,0.506771,1.70917,2.02257,10.1148,0.943884,12.3959,0.42336,36.966,0.42336,423.524,0,1.02816,0,0,2.73733,1.70917,1.028160,1,0,120.694,0,0,0,120.694,0
72.29,2.45001,0,0,7.19898,0.253955,4.49501,3.6288,33.8915,0.549323,0,0,1.19321,0.159483,0,0.66528,12.849,1,0.435471,4.49501,0,134.672,3.84983,134.881,0.84672,12.849,0.84672,3695.15,0,36.966,0.607844,2.65671,2.02278,11.9868,1.22086,14.8376,0.42336,36.966,0.42336,423.524,0,1.02816,0,0,3.68487,2.65671,1.028160,1,0,149.719,0,0,0,149.719,0
72.29,2.45031,0,0,7.4204,0.253955,4.71614,3.6288,34.2753,0.553578,0,0,1.0977,0.160304,0,0.66528,12.849,1,0.435524,4.71614,0,160.213,3.84983,160.644,0.84672,12.849,0.84672,3695.15,0,36.966,0.603797,2.45689,2.22912,11.8881,1.22086,14.7495,0.42336,36.966,0.42336,423.524,0,1.02816,0,0,3.48505,2.45689,1.028160,1,0,175.394,0,0,0,175.394,0
72.29,2.45061,0,0,5.42737,0.281215,2.69555,3.6288,34.1636,0.556931,0,0,0.59467,0.149416,0,0.66528,12.849,1,0.435577,2.69555,0,83.8054,3.80332,82.2621,0.84672,12.849,0.84672,3695.15,0,36.966,0.600652,2.11109,2.22935,10.1942,1.13439,12.7997,0.42336,36.966,0.42336,423.524,0,1.02816,0,0,3.13925,2.11109,1.028160,1,0,95.0617,0,0,0,95.0617,0
72.29,2.4509,0,0,4.75818,0.292119,2.01515,3.6288,34.0925,0.556088,0,0,0.629666,0.144654,0,0.66528,12.849,1,0.43563,2.01515,0,68.7158,3.78472,66.5106,0.84672,12.849,0.84672,3695.15,0,36.966,0.601703,1.78189,2.22958,9.21828,1.09979,11.5282,0.42336,36.966,0.42336,423.524,0,1.02816,0,0,2.81005,1.78189,1.028160,1,0,78.0389,0,0,0,78.0389,0
72.29,2.10795,0,0,3.82639,0.309615,1.40882,3.6288,33.9925,0.427978,0,0,0.493763,0.165839,0,0.66528,12.849,1,0.374672,1.40882,0,44.4077,4.30689,41.135,0.84672,12.849,0.84672,3695.15,0,36.966,0.46405,1.69673,2.2298,4.18612,1.16872,6.47988,0.42336,36.966,0.42336,423.524,0,1.02816,0,0,2.72489,1.69673,1.028160,1,0,47.6148,0,0,0,47.6148,0
72.29,2.10821,0,0,4.36298,0.309615,1.94515,3.6288,34.4805,0.427409,0,0,1.08114,0.165673,0,0.66528,12.849,1,0.374719,1.94515,0,83.5023,4.30689,80.7659,0.84672,12.849,0.84672,3695.15,0,36.966,0.464797,3.14967,1.94878,8.35998,1.16872,11.8249,0.42336,36.966,0.42336,423.524,0,1.02816,0,0,4.17783,3.14967,1.028160,1,0,92.5908,0,0,0,92.5908,0
72.29,2.10847,0,0,4.08419,0.309615,1.6661,3.6288,34.5393,0.43067,0,0,0.65588,0.166479,0,0.66528,12.849,1,0.374765,1.6661,0,65.1218,4.30689,62.1063,0.84672,12.849,0.84672,3695.15,0,36.966,0.461714,2.20524,1.94898,6.12578,1.16872,8.64955,0.42336,36.966,0.42336,423.524,0,1.02816,0,0,3.2334,2.20524,1.028160,1,0,70.7558,0,0,0,70.7558,0
72.29,2.10873,0,0,3.85297,0.309615,1.43463,3.6288,34.4439,0.431136,0,0,0.502369,0.166576,0,0.66528,12.849,1,0.374811,1.43463,0,47.6026,4.30689,44.3555,0.84672,12.849,0.84672,3695.15,0,36.966,0.461427,2.10095,1.94917,8.41584,1.16872,10.8358,0.42336,36.966,0.42336,423.524,0,1.02816,0,0,3.12911,2.10095,1.028160,1,0,55.1913,0,0,0,55.1913,0
72.29,2.10899,0,0,4.98315,0.321431,2.55272,3.6288,34.8556,0.430605,0,0,0.991971,0.149661,0,0.66528,12.849,1,0.374857,2.55272,0,80.5533,4.52805,78.2031,0.84672,12.849,0.84672,3695.15,0,36.966,0.462136,3.15624,1.94937,9.91289,1.08228,13.4741,0.42336,36.966,0.42336,423.524,0,1.02816,0,0,4.1844,3.15624,1.028160,1,0,91.6772,0,0,0,91.6772,0
72.29,2.1957,0,0,4.18396,0.334123,1.65414,3.6288,34.9877,0.464936,0,0,0.757417,0.160367,0,0.66528,12.849,1,0.390269,1.65414,0,50.2748,4.73487,46.8038,0.84672,12.849,0.84672,3695.15,0,36.966,0.493086,1.48965,1.94956,5.61269,1.12805,7.43076,0.42336,36.966,0.42336,423.524,0,1.02816,0,0,2.51781,1.48965,1.028160,1,0,54.2345,0,0,0,54.2345,0
72.29,2.19597,0,0,3.50004,0.334123,0.969943,3.6288,34.998,0.465931,0,0,0.636794,0.160577,0,0.66528,12.849,1,0.390318,0.969943,0,43.8229,4.73487,39.6677,0.84672,12.849,0.84672,3695.15,0,36.966,0.492276,1.22476,2.01913,5.28684,1.12805,6.91041,0.42336,36.966,0.42336,423.524,0,1.02816,0,0,2.25292,1.22476,1.028160,1,0,46.5781,0,0,0,46.5781,0
72.29,2.19624,0,0,3.67547,0.257145,1.22209,3.6288,35.0265,0.466092,0,0,0.636025,0.14149,0,0.66528,12.849,1,0.390366,1.22209,0,49.2422,3.47025,46.6037,0.84672,12.849,0.84672,3695.15,0,36.966,0.492301,1.09643,2.01934,5.13068,0.982527,6.77163,0.42336,36.966,0.42336,423.524,0,1.02816,0,0,2.12459,1.09643,1.028160,1,0,53.3753,0,0,0,53.3753,0
72.29,2.19651,0,0,3.2251,0.260678,0.767905,3.6288,34.9705,0.466377,0,0,0.546052,0.135601,0,0.66528,12.849,1,0.390414,0.767905,0,42.3297,3.56622,39.141,0.84672,12.849,0.84672,3695.15,0,36.966,0.492201,0.911952,2.01954,4.38686,0.996586,5.82956,0.42336,36.966,0.42336,423.524,0,1.02816,0,0,1.94011,0.911952,1.028160,1,0,44.9705,0,0,0,44.9705,0
72.283,2.16297,0,0,2.8092,0.290369,0.36288,3.6288,34.7788,0.537681,0,0,0.475053,0.129119,0,0.66528,12.849,1,0.384451,0.36288,0,33.119,3.94929,29.1482,0.84672,12.849,0.84672,3695.15,0,36.966,0.568362,0.528595,2.01974,3.17318,1.0463,4.10686,0.42336,36.966,0.42336,423.524,0,0.855585,0,0,1.38418,0.528595,1.028160,1,0,33.255,0,0,0,33.255,0
71.9537,2.1632,0,0,2.48689,0.290077,0.36288,3.6288,34.4521,0.587185,0,0,0.411087,0.150552,0,0.66528,12.849,1,0.38453,0.36288,0,29.1046,4.25547,24.8275,0.84672,12.849,0.84672,3695.15,0,36.966,0.624112,0.528595,1.99294,2.86639,1.07261,3.6912,0.42336,36.966,0.42336,423.524,0,0.750514,0,0,1.27911,0.528595,1.028160,1,0,28.5187,0,0,0,28.5187,0
71.513,2.16198,0,0,2.3034,0.219308,0.36288,3.6288,34.0806,0.569964,0,0,0.374604,0.176202,0,0.66528,12.849,1,0.386071,0.36288,0,26.7074,4.54377,22.1404,0.84672,12.849,0.84672,3695.15,0,36.966,0.611552,0.402797,1.99314,2.7043,1.08982,3.39886,0.42336,36.966,0.42336,423.524,0,0.780477,0,0,1.18327,0.402797,1.028160,1,0,25.5393,0,0,0,25.5393,0
71.0219,2.16022,0,0,2.25065,0.218573,0.36288,3.6288,33.839,0.486494,0,0,0.420431,0.175552,0,0.66528,12.849,1,0.388136,0.36288,0,25.9293,4.54377,21.3603,0.84672,12.849,0.84672,3695.15,0,36.966,0.527683,0.402797,1.99334,3.21933,1.08982,3.99796,0.42336,36.966,0.42336,423.524,0,0.947998,0,0,1.35079,0.402797,1.028160,1,0,25.3583,0,0,0,25.3583,0
70.2854,2.27275,0,0,2.1136,0.214516,0.36288,3.6288,33.3611,0.630304,0,0,0.336131,0.183651,0,0.66528,12.849,1,0.411176,0.36288,0,26.9549,4.33971,22.5669,0.84672,12.849,0.84672,3695.15,0,36.966,0.68855,0.402797,1.99354,2.73819,1.07905,3.36692,0.42336,36.966,0.42336,423.524,0,0.733251,0,0,1.13605,0.402797,1.028160,1,0,25.9338,0,0,0,25.9338,0
69.399,2.26938,0,0,1.92335,0.177522,0.36288,3.6288,32.8746,0.627894,0,0,0.328834,0.187493,0,0.66528,12.849,1,0.41487,0.36288,0,24.3835,4.43835,19.8931,0.84672,12.849,0.84672,3695.15,0,36.966,0.695741,0.402797,2.08842,2.57089,1.03581,3.33056,0.42336,36.966,0.42336,423.524,0,0.728663,0,0,1.13146,0.402797,1.028160,1,0,23.2237,0,0,0,23.2237,0
68.4938,2.26519,0,0,1.89925,0.17631,0.36288,3.6288,32.4588,0.586503,0,0,0.357173,0.186512,0,0.66528,12.849,1,0.419392,0.36288,0,23.5799,4.43835,19.0851,0.84672,12.849,0.84672,3695.15,0,36.966,0.659496,0.30119,2.08863,2.81867,1.03581,3.51319,0.42336,36.966,0.42336,423.524,0,0.806492,0,0,1.10768,0.30119,1.028160,1,0,22.5983,0,0,0,22.5983,0
67.4714,2.2608,0,0,1.77627,0.175072,0.36288,3.6288,31.9987,0.603999,0,0,0.329573,0.185674,0,0.66528,12.849,1,0.424111,0.36288,0,22.0574,4.43835,17.5578,0.84672,12.849,0.84672,3695.15,0,36.966,0.687871,0.30119,2.08884,2.4749,1.03581,3.14126,0.42336,36.966,0.42336,423.524,0,0.760812,0,0,1.062,0.30119,1.028160,1,0,20.6991,0,0,0,20.6991,0
66.4599,2.25567,0,0,1.73418,0.127076,0.36288,3.6288,31.634,0.5163,0,0,0.349704,0.19804,0,0.66528,12.849,1,0.429563,0.36288,0,22.5535,5.00187,17.485,0.84672,12.849,0.84672,3695.15,0,36.966,0.596449,0.30119,2.08905,3.22334,1.17834,3.8388,0.42336,36.966,0.42336,423.524,0,0.940127,0,0,1.24132,0.30119,1.028160,1,0,21.3238,0,0,0,21.3238,0
65.5042,2.22805,0,0,1.72665,0.0913942,0.36288,3.6288,31.2937,0.495382,0,0,0.362197,0.207182,0,0.66528,12.849,1,0.430759,0.36288,0,23.8778,5.42451,18.3855,0.84672,12.849,0.84672,3695.15,0,36.966,0.57888,0.352279,2.08927,3.84797,1.28523,4.42541,0.42336,36.966,0.42336,423.524,0,1.02816,0,0,1.38044,0.352279,1.028160,1,0,22.8109,0,0,0,22.8109,0
64.4238,2.22307,0,0,1.59618,0.0907008,0.36288,3.6288,30.9448,0.492587,0,0,0.350166,0.206409,0,0.66528,12.849,1,0.436066,0.36288,0,23.7336,5.42451,18.2359,0.84672,12.849,0.84672,3695.15,0,36.966,0.581874,0.328916,2.12259,3.90183,1.28523,4.48624,0.42336,36.966,0.42336,423.524,0,1.02816,0,0,1.35708,0.328916,1.028160,1,0,22.7221,0,0,0,22.7221,0
63.2028,2.21724,0,0,1.44907,0.0899168,0.36288,3.6288,30.5505,0.519523,0,0,0.330804,0.205618,0,0.66528,12.849,1,0.442218,0.36288,0,23.0283,5.42451,17.5244,0.84672,12.849,0.84672,3695.15,0,36.966,0.62061,0.261274,2.12281,3.66766,1.28523,4.1459,0.42336,36.966,0.42336,423.524,0,0.962686,0,0,1.22396,0.261274,1.028160,1,0,21.6703,0,0,0,21.6703,0
61.8945,2.21041,0,0,1.34591,0.0809748,0.36288,3.6288,30.097,0.551455,0,0,0.313688,0.215759,0,0.66528,12.849,1,0.449372,0.36288,0,20.5199,5.60511,14.8283,0.84672,12.849,0.84672,3695.15,0,36.966,0.667259,0.261274,2.12302,3.46518,1.35093,3.83129,0.42336,36.966,0.42336,423.524,0,0.884304,0,0,1.14558,0.261274,1.028160,1,0,18.6596,0,0,0,18.6596,0
60.5962,2.26007,0,0,1.3877,0.062979,0.36288,3.6288,29.6013,0.576989,0,0,0.303363,0.222001,0,0.66528,12.849,1,0.46918,0.36288,0,20.4318,5.70066,14.6248,0.84672,12.849,0.84672,3695.15,0,36.966,0.708675,0.261274,2.12323,2.82339,1.38446,3.11476,0.42336,36.966,0.42336,423.524,0,0.861555,0,0,1.12283,0.261274,1.028160,1,0,17.7396,0,0,0,17.7396,0
59.2182,2.25205,0,0,1.29923,0.0623055,0.36288,3.6288,29.1048,0.568257,0,0,0.292538,0.220775,0,0.66528,12.849,1,0.477532,0.36288,0,19.1659,5.70066,13.3506,0.84672,12.849,0.84672,3695.15,0,36.966,0.709636,0.261274,2.1704,2.92033,1.38446,3.25791,0.42336,36.966,0.42336,423.524,0,0.86953,0,0,1.1308,0.261274,1.028160,1,0,16.6085,0,0,0,16.6085,0
57.6994,2.2432,0,0,1.14877,0.0615099,0.36288,3.6288,28.561,0.599711,0,0,0.275394,0.219546,0,0.66528,12.849,1,0.486722,0.36288,0,18.1048,5.70066,12.2803,0.84672,12.849,0.84672,3695.15,0,36.966,0.761692,0.227405,2.17062,2.73964,1.38446,2.99152,0.42336,36.966,0.42336,423.524,0,0.786223,0,0,1.01363,0.227405,1.028160,1,0,15.2718,0,0,0,15.2718,0
56.0897,2.23299,0,0,1.03809,0.0519199,0.36288,3.6288,28.0049,0.606647,0,0,0.272673,0.222083,0,0.66528,12.849,1,0.497262,0.36288,0,17.1622,5.85021,11.1776,0.84672,12.849,0.84672,3695.15,0,36.966,0.785173,0.227405,2.17084,2.73357,1.41434,2.9323,0.42336,36.966,0.42336,423.524,0,0.756009,0,0,0.983413,0.227405,1.028160,1,0,14.1099,0,0,0,14.1099,0
54.173,2.38646,0,0,0.876606,0.0440045,0.36288,3.6288,27.3832,0.647376,0,0,0.253125,0.2275,0,0.66528,12.849,1,0.546689,0.36288,0,15.0897,5.93063,8.97524,0.84672,12.849,0.84672,3695.15,0,36.966,0.854525,0.227405,2.17106,2.41559,1.45107,2.50846,0.42336,36.966,0.42336,423.524,0,0.805032,0,0,1.03244,0.227405,1.028160,1,0,11.4837,0,0,0,11.4837,0
52.3226,2.37111,0,0,0.927504,0.0439152,0.36288,3.6288,26.7561,0.641063,0,0,0.242232,0.228207,0,0.66528,12.849,1,0.562391,0.36288,0,13.7214,5.89344,7.62849,0.84672,12.849,0.84672,3695.15,0,36.966,0.865405,0.227405,2.33201,2.40397,1.47749,2.62049,0.42336,36.966,0.42336,423.524,0,0.800686,0,0,1.02809,0.227405,1.028160,1,0,10.249,0,0,0,10.249,0
50.9391,2.35543,0,0,1.38221,0.0473674,0.36288,3.6288,26.28,0.537127,0,0,0.286777,0.225814,0,0.66528,12.849,1,0.57843,0.36288,0,17.663,5.86376,11.5837,0.84672,12.849,0.84672,3695.15,0,36.966,0.742089,0.210419,2.33225,2.63466,1.47385,2.96139,0.42336,36.966,0.42336,423.524,0,1.02816,0,0,1.23858,0.210419,1.028160,1,0,14.5451,0,0,0,14.5451,0
50.1386,2.34317,0,0,1.97143,0.0658623,0.36288,3.6288,25.9011,0.531632,0,0,0.370605,0.21785,0,0.66528,12.849,1,0.591047,0.36288,0,25.91,5.80022,19.8816,0.84672,12.849,0.84672,3695.15,0,36.966,0.747805,0.269369,2.33248,2.88469,1.45045,3.28828,0.42336,36.966,0.42336,423.524,0,1.02816,0,0,1.29753,0.269369,1.028160,1,0,23.1699,0,0,0,23.1699,0
49.4666,2.33594,0,0,2.07124,0.0444028,0.36288,3.6288,25.5443,0.527216,0,0,0.384184,0.213794,0,0.66528,12.849,1,0.598631,0.36288,0,26.9546,6.00337,20.7154,0.84672,12.849,0.84672,3695.15,0,36.966,0.752442,0.685619,2.33272,3.55238,1.49056,4.32771,0.42336,36.966,0.42336,423.524,0,1.02816,0,0,1.71378,0.685619,1.028160,1,0,25.0431,0,0,0,25.0431,0
48.7549,2.25136,0,0,1.92962,0.0271106,0.36288,3.6288,25.2205,0.483577,0,0,0.3722,0.212392,0,0.66528,12.849,1,0.584793,0.36288,0,36.2094,6.07058,29.9169,0.84672,12.849,0.84672,3695.15,0,36.966,0.699801,0.997004,2.33296,3.70996,1.5468,4.79332,0.42336,36.966,0.42336,423.524,0,1.02816,0,0,2.02516,0.997004,1.028160,1,0,34.7102,0,0,0,34.7102,0
47.2663,2.24488,0,0,1.14603,0.0269033,0.36288,3.6288,24.7602,0.503051,0,0,0.25432,0.211605,0,0.66528,12.849,1,0.591622,0.36288,0,25.1731,6.07058,18.8738,0.84672,12.849,0.84672,3695.15,0,36.966,0.737328,0.216518,2.24013,2.4116,1.5468,2.58412,0.42336,36.966,0.42336,423.524,0,0.971369,0,0,1.18789,0.216518,1.028160,1,0,21.4579,0,0,0,21.4579,0
46.1945,2.2305,0,0,1.58255,0.0609611,0.36288,3.6288,24.4236,0.474856,0,0,0.348938,0.210657,0,0.66528,12.849,1,0.606346,0.36288,0,26.4946,5.79587,20.4552,0.84672,12.849,0.84672,3695.15,0,36.966,0.708943,0.342559,2.24036,3.23702,1.4955,3.61549,0.42336,36.966,0.42336,423.524,0,1.02816,0,0,1.37072,0.342559,1.028160,1,0,24.0707,0,0,0,24.0707,0
47.6686,2.21976,0,0,4.17607,0.119289,0.36288,3.6288,24.3284,0.471053,0,0,0.599715,0.223881,0,0.66528,12.849,1,0.617428,0.36288,0,45.4884,5.41086,39.823,0.84672,12.849,0.84672,3695.15,0,36.966,0.712956,2.15312,2.24058,6.61597,1.37785,8.91887,0.42336,36.966,0.42336,423.524,0,1.02816,0,0,3.18128,2.15312,1.028160,1,0,48.7418,0,0,0,48.7418,0
48.8142,2.17119,0,0,3.82755,0.147918,0.36288,3.6288,24.1593,0.435149,0,0,0.409527,0.143469,0,0.66528,12.849,1,0.58524,0.36288,0,43.5895,3.63048,39.7367,0.84672,12.849,0.84672,3695.15,0,36.966,0.661193,1.14009,2.24081,4.67262,0.89523,6.49711,0.42336,36.966,0.42336,423.524,0,1.02816,0,0,2.16825,1.14009,1.028160,1,0,46.2338,0,0,0,46.2338,0
51.9651,2.18233,0,0,5.84591,0.149774,0.36288,3.6288,24.1657,0.4334,0,0,0.583057,0.143187,0,0.66528,12.849,1,0.574438,0.36288,0,68.6811,3.63048,64.8391,0.84672,12.849,0.84672,3695.15,0,36.966,0.663143,2.15126,2.15794,8.72866,0.89523,11.4795,0.42336,36.966,0.42336,423.524,0,1.02816,0,0,3.17942,2.15126,1.028160,1,0,76.3185,0,0,0,76.3185,0
54.9966,2.21052,0,0,5.75976,0.154839,0.36288,3.6288,24.1127,0.433549,0,0,0.52367,0.143198,0,0.66528,12.849,1,0.546578,0.36288,0,89.5078,3.63048,85.6936,0.84672,12.849,0.84672,3695.15,0,36.966,0.663194,1.73272,2.15816,7.79388,0.89523,10.1263,0.42336,36.966,0.42336,423.524,0,1.02816,0,0,2.76088,1.73272,1.028160,1,0,95.82,0,0,0,95.82,0
60.7396,2.23522,0,0,8.52051,0.179458,0.36288,3.6288,24.6541,0.433052,0,0,1.12326,0.148795,0,0.66528,12.849,1,0.52222,0.36288,0,100.9,3.82632,96.914,0.84672,12.849,0.84672,3695.15,0,36.966,0.663892,2.38892,2.15838,10.0053,0.970235,12.9185,0.42336,36.966,0.42336,423.524,0,1.02816,0,0,3.41708,2.38892,1.028160,1,0,109.832,0,0,0,109.832,0
62.6078,2.08603,0,0,4.56,0.242896,0.36288,3.6288,24.7086,0.365706,0,0,0.56284,0.142655,0,0.66528,12.849,1,0.441283,0.36288,0,57.9869,4.07802,53.8305,0.84672,12.849,0.84672,3695.15,0,36.966,0.548335,1.49272,2.1586,6.20717,1.02157,8.28859,0.42336,36.966,0.42336,423.524,0,1.02816,0,0,2.52088,1.49272,1.028160,1,0,62.1191,0,0,0,62.1191,0
64.8154,2.09721,0,0,4.91474,0.247063,0.36288,3.6288,24.8633,0.366263,0,0,0.655145,0.134187,0,0.66528,12.849,1,0.430411,0.36288,0,58.1788,3.98286,54.1284,0.84672,12.849,0.84672,3695.15,0,36.966,0.547959,2.56441,1.97416,7.26572,0.967095,10.2892,0.42336,36.966,0.42336,423.524,0,1.02816,0,0,3.59257,2.56441,1.028160,1,0,64.4177,0,0,0,64.4177,0
66.5859,2.1097,0,0,4.49844,0.255274,0.36288,3.6288,25.0263,0.367706,0,0,0.699823,0.169079,0,0.66528,12.849,1,0.418228,0.36288,0,57.8527,4.70547,53.0918,0.84672,12.849,0.84672,3695.15,0,36.966,0.546696,1.71084,1.97436,8.31652,1.2521,10.2029,0.42336,36.966,0.42336,423.524,0,1.02816,0,0,2.739,1.71084,1.028160,1,0,63.2948,0,0,0,63.2948,0
70.0269,2.11929,0,0,6.15533,0.232259,0.36288,3.6288,25.5077,0.369217,0,0,1.01884,0.168248,0,0.66528,12.849,1,0.408956,0.36288,0,74.0082,4.02399,69.9381,0.84672,12.849,0.84672,3695.15,0,36.966,0.545366,3.12409,1.97456,9.45817,0.997176,13.0143,0.42336,36.966,0.42336,423.524,0,1.02816,0,0,4.15225,3.12409,1.028160,1,0,82.9524,0,0,0,82.9524,0
72.29,2.13653,0,0,8.53367,0.261417,3.87257,3.6288,26.5854,0.373493,0,0,1.60294,0.151731,0,0.66528,12.849,1,0.392025,3.87257,0,121.671,3.87894,121.273,0.84672,12.849,0.84672,3695.15,0,36.966,0.54127,3.28084,1.97476,16.2201,0.980369,19.9541,0.42336,36.966,0.42336,423.524,0,1.02816,0,0,4.309,3.28084,1.028160,1,0,141.227,0,0,0,141.227,0
72.29,2.22252,0,0,8.06815,0.302503,5.54313,3.6288,26.8458,0.404939,0,0,0.808237,0.142904,0,0.66528,12.849,1,0.395036,5.54313,0,149.414,3.83324,150.729,0.84672,12.849,0.84672,3695.15,0,36.966,0.563052,2.3719,1.97495,10.5548,1.00677,13.3318,0.42336,36.966,0.42336,423.524,0,1.02816,0,0,3.40006,2.3719,1.028160,1,0,164.061,0,0,0,164.061,0
72.29,2.22278,0,0,4.97211,0.309261,2.44007,3.6288,26.786,0.40731,0,0,0.514076,0.166501,0,0.66528,12.849,1,0.395082,2.44007,0,100.517,4.2236,98.3383,0.84672,12.849,0.84672,3695.15,0,36.966,0.560857,2.24338,2.03276,7.82335,1.06737,10.4713,0.42336,36.966,0.42336,423.524,0,1.02816,0,0,3.27154,2.24338,1.028160,1,0,108.81,0,0,0,108.81,0
72.29,2.22304,0,0,5.3516,0.325906,2.80266,3.6288,26.6998,0.406859,0,0,0.498792,0.178144,0,0.66528,12.849,1,0.395128,2.80266,0,102.882,4.56645,100.723,0.84672,12.849,0.84672,3695.15,0,36.966,0.561484,2.2403,2.03295,7.65279,1.17432,10.1902,0.42336,36.966,0.42336,423.524,0,1.02816,0,0,3.26846,2.2403,1.028160,1,0,110.913,0,0,0,110.913,0
72.29,2.22329,0,0,5.3,0.325906,2.7508,3.6288,26.6347,0.406172,0,0,0.519022,0.177971,0,0.66528,12.849,1,0.395174,2.7508,0,102.004,4.56645,99.793,0.84672,12.849,0.84672,3695.15,0,36.966,0.562347,2.24645,2.03314,8.68121,1.17432,11.2241,0.42336,36.966,0.42336,423.524,0,1.02816,0,0,3.27461,2.24645,1.028160,1,0,111.017,0,0,0,111.017,0
72.29,2.46548,0,0,3.77385,0.342221,0.966152,3.6288,26.4853,0.489104,0,0,0.510404,0.170728,0,0.66528,12.849,1,0.43822,0.966152,0,81.254,4.16379,77.6182,0.84672,12.849,0.84672,3695.15,0,36.966,0.678822,1.48283,2.03333,7.61262,1.08058,9.36938,0.42336,36.966,0.42336,423.524,0,1.02816,0,0,2.51099,1.48283,1.028160,1,0,86.9875,0,0,0,86.9875,0
72.29,2.46576,0,0,4.82804,0.34494,2.01734,3.6288,26.4831,0.487588,0,0,0.654666,0.169256,0,0.66528,12.849,1,0.43827,2.01734,0,128.206,4.09668,125.689,0.84672,12.849,0.84672,3695.15,0,36.966,0.680536,1.62084,2.24085,9.14086,1.06496,11.2571,0.42336,36.966,0.42336,423.524,0,1.02816,0,0,2.649,1.62084,1.028160,1,0,136.946,0,0,0,136.946,0
72.2593,2.46604,0,0,3.14314,0.34494,0.36288,3.6288,26.3329,0.487647,0,0,0.50674,0.169252,0,0.66528,12.849,1,0.43832,0.36288,0,77.1751,4.09668,73.003,0.84672,12.849,0.84672,3695.15,0,36.966,0.680674,1.10278,2.24106,6.97395,1.06496,8.57216,0.42336,36.966,0.42336,423.524,0,1.02816,0,0,2.13094,1.10278,1.028160,1,0,81.5751,0,0,0,81.5751,0
72.29,2.46617,0,0,3.63556,0.321817,0.81685,3.6288,26.2493,0.486114,0,0,0.533598,0.131113,0,0.66528,12.849,1,0.438529,0.81685,0,80.0859,3.6463,76.8179,0.84672,12.849,0.84672,3695.15,0,36.966,0.682403,1.36267,2.24128,7.53918,0.883116,9.5776,0.42336,36.966,0.42336,423.524,0,1.02816,0,0,2.39083,1.36267,1.028160,1,0,86.3955,0,0,0,86.3955,0
72.29,2.1214,0,0,4.81391,0.308093,2.38441,3.6288,26.4042,0.374224,0,0,0.664083,0.134922,0,0.66528,12.849,1,0.377063,2.38441,0,120.894,3.37795,119.524,0.84672,12.849,0.84672,3695.15,0,36.966,0.527007,1.79766,2.24149,8.43057,0.881501,11.0612,0.42336,36.966,0.42336,423.524,0,1.02816,0,0,2.82582,1.79766,1.028160,1,0,130.585,0,0,0,130.585,0
72.29,2.12165,0,0,4.57855,0.30733,2.14957,3.6288,26.4328,0.375583,0,0,0.542488,0.138342,0,0.66528,12.849,1,0.377107,2.14957,0,104.949,3.36326,103.358,0.84672,12.849,0.84672,3695.15,0,36.966,0.525817,1.34968,1.95886,8.22822,0.893355,10.1176,0.42336,36.966,0.42336,423.524,0,1.02816,0,0,2.37784,1.34968,1.028160,1,0,113.476,0,0,0,113.476,0
72.29,2.1219,0,0,6.12186,0.30733,3.69264,3.6288,26.7351,0.37589,0,0,0.816536,0.138386,0,0.66528,12.849,1,0.377151,3.69264,0,147.081,3.36326,147.034,0.84672,12.849,0.84672,3695.15,0,36.966,0.525679,2.20425,1.95905,12.5674,0.893355,15.3117,0.42336,36.966,0.42336,423.524,0,1.02816,0,0,3.23241,2.20425,1.028160,1,0,162.345,0,0,0,162.345,0
72.29,2.12214,0,0,7.76998,0.308583,5.33925,3.6288,27.4481,0.378456,0,0,1.24154,0.150094,0,0.66528,12.849,1,0.377195,5.33925,0,185.878,3.79637,187.044,0.84672,12.849,0.84672,3695.15,0,36.966,0.523283,4.45051,1.95923,19.9625,0.960054,24.8889,0.42336,36.966,0.42336,423.524,0,1.02816,0,0,5.47867,4.45051,1.028160,1,0,211.933,0,0,0,211.933,0
72.29,2.12239,0,0,6.30025,0.330778,3.84708,3.6288,27.7306,0.38432,0,0,0.818126,0.151221,0,0.66528,12.849,1,0.377239,3.84708,0,151.546,4.42149,150.594,0.84672,12.849,0.84672,3695.15,0,36.966,0.517587,2.35577,1.95942,12.6744,1.03126,15.4407,0.42336,36.966,0.42336,423.524,0,1.02816,0,0,3.38393,2.35577,1.028160,1,0,166.035,0,0,0,166.035,0
72.29,2.20958,0,0,7.85791,0.356196,5.29213,3.6288,28.2576,0.414715,0,0,1.05535,0.113723,0,0.66528,12.849,1,0.392735,5.29213,0,161.863,3.81129,162.952,0.84672,12.849,0.84672,3695.15,0,36.966,0.552831,2.35052,1.9596,16.8092,0.90387,19.6626,0.42336,36.966,0.42336,423.524,0,1.02816,0,0,3.37868,2.35052,1.028160,1,0,182.614,0,0,0,182.614,0
72.29,2.20983,0,0,5.65766,0.353305,3.09452,3.6288,28.5108,0.419258,0,0,0.781052,0.108501,0,0.66528,12.849,1,0.392781,3.09452,0,169.983,3.59545,169.09,0.84672,12.849,0.84672,3695.15,0,36.966,0.548465,2.68573,2.02956,10.8799,0.873676,14.1731,0.42336,36.966,0.42336,423.524,0,1.02816,0,0,3.71389,2.68573,1.028160,1,0,183.263,0,0,0,183.263,0
72.29,2.21009,0,0,4.85063,0.308531,2.33201,3.6288,28.5893,0.421456,0,0,0.595421,0.0954791,0,0.66528,12.849,1,0.392827,2.33201,0,123.364,2.68268,122.62,0.84672,12.849,0.84672,3695.15,0,36.966,0.546443,1.81323,2.02975,8.92633,0.799443,11.4234,0.42336,36.966,0.42336,423.524,0,1.02816,0,0,2.84139,1.81323,1.028160,1,0,134.044,0,0,0,134.044,0
72.29,2.21034,0,0,4.20545,0.284278,1.71083,3.6288,28.5703,0.422187,0,0,0.521502,0.118379,0,0.66528,12.849,1,0.392872,1.71083,0,106.783,3.13377,104.967,0.84672,12.849,0.84672,3695.15,0,36.966,0.545887,2.58606,2.02994,6.80504,0.906991,9.96816,0.42336,36.966,0.42336,423.524,0,1.02816,0,0,3.61422,2.58606,1.028160,1,0,114.935,0,0,0,114.935,0
72.29,2.17659,0,0,3.70405,0.294184,1.23328,3.6288,28.3978,0.427441,0,0,0.384389,0.129457,0,0.66528,12.849,1,0.386873,1.23328,0,71.6083,3.67437,68.7804,0.84672,12.849,0.84672,3695.15,0,36.966,0.55305,0.528595,2.03013,5.52207,0.946337,6.58141,0.42336,36.966,0.42336,423.524,0,0.990481,0,0,1.51908,0.528595,1.028160,1,0,75.3618,0,0,0,75.3618,0
72.29,2.17685,0,0,3.40447,0.294184,0.93344,3.6288,28.2565,0.409687,0,0,0.397583,0.129204,0,0.66528,12.849,1,0.386918,0.93344,0,64.6707,3.67437,61.5428,0.84672,12.849,0.84672,3695.15,0,36.966,0.533298,0.638591,2.00317,5.42112,0.946337,6.58324,0.42336,36.966,0.42336,423.524,0,1.02816,0,0,1.66675,0.638591,1.028160,1,0,68.1261,0,0,0,68.1261,0
72.29,2.1771,0,0,3.32967,0.294184,0.858381,3.6288,28.0855,0.408606,0,0,0.366686,0.128997,0,0.66528,12.849,1,0.386963,0.858381,0,68.0609,3.67437,64.858,0.84672,12.849,0.84672,3695.15,0,36.966,0.534552,0.536267,2.00336,5.29795,0.946337,6.35669,0.42336,36.966,0.42336,423.524,0,1.02816,0,0,1.56443,0.536267,1.028160,1,0,71.2146,0,0,0,71.2146,0
72.29,2.17735,0,0,3.06731,0.274852,0.615107,3.6288,27.8805,0.410578,0,0,0.344995,0.139468,0,0.66528,12.849,1,0.387008,0.615107,0,55.4544,3.80004,51.8824,0.84672,12.849,0.84672,3695.15,0,36.966,0.5404,0.402797,2.00355,4.61604,0.847542,5.63444,0.42336,36.966,0.42336,423.524,0,1.02051,0,0,1.42331,0.402797,1.028160,1,0,57.5169,0,0,0,57.5169,0
72.29,2.29309,0,0,3.09064,0.248954,0.548601,3.6288,27.5945,0.466754,0,0,0.331159,0.150368,0,0.66528,12.849,1,0.407579,0.548601,0,55.9039,4.26472,51.7802,0.84672,12.849,0.84672,3695.15,0,36.966,0.618857,0.402797,2.00374,4.42054,1.00828,5.19993,0.42336,36.966,0.42336,423.524,0,0.976303,0,0,1.3791,0.402797,1.028160,1,0,56.9801,0,0,0,56.9801,0
72.2813,2.29335,0,0,2.86089,0.213331,0.36288,3.6288,27.2937,0.462193,0,0,0.310254,0.148846,0,0.66528,12.849,1,0.407626,0.36288,0,51.0293,4.38764,46.5969,0.84672,12.849,0.84672,3695.15,0,36.966,0.61916,0.402797,2.09914,4.20724,0.974241,5.11577,0.42336,36.966,0.42336,423.524,0,0.980744,0,0,1.38354,0.402797,1.028160,1,0,51.7127,0,0,0,51.7127,0
72.1885,2.29357,0,0,2.77692,0.213317,0.36288,3.6288,27.0356,0.439233,0,0,0.329482,0.148345,0,0.66528,12.849,1,0.407714,0.36288,0,48.6386,4.38764,44.2062,0.84672,12.849,0.84672,3695.15,0,36.966,0.594887,0.339517,2.09934,4.47563,0.974241,5.34536,0.42336,36.966,0.42336,423.524,0,1.02816,0,0,1.36768,0.339517,1.028160,1,0,49.5515,0,0,0,49.5515,0
71.9535,2.29339,0,0,2.63446,0.213167,0.36288,3.6288,26.7626,0.445306,0,0,0.320168,0.147915,0,0.66528,12.849,1,0.408207,0.36288,0,45.683,4.38764,41.2501,0.84672,12.849,0.84672,3695.15,0,36.966,0.608869,0.30119,2.09954,4.13797,0.974241,4.95559,0.42336,36.966,0.42336,423.524,0,1.00829,0,0,1.30948,0.30119,1.028160,1,0,46.2057,0,0,0,46.2057,0
71.1256,2.29253,0,0,2.03355,0.206058,0.36288,3.6288,26.4555,0.480008,0,0,0.30948,0.136516,0,0.66528,12.849,1,0.409385,0.36288,0,39.2739,4.0242,35.2032,0.84672,12.849,0.84672,3695.15,0,36.966,0.663014,0.30119,2.09974,3.74836,0.973033,4.51324,0.42336,36.966,0.42336,423.524,0,0.919624,0,0,1.22081,0.30119,1.028160,1,0,39.7164,0,0,0,39.7164,0
69.7254,2.26596,0,0,1.3785,0.149886,0.36288,3.6288,26.1226,0.48893,0,0,0.30623,0.150258,0,0.66528,12.849,1,0.409351,0.36288,0,33.142,4.44843,28.6471,0.84672,12.849,0.84672,3695.15,0,36.966,0.683175,0.30119,2.09994,3.22241,1.10045,3.83992,0.42336,36.966,0.42336,423.524,0,0.940352,0,0,1.24154,0.30119,1.028160,1,0,32.487,0,0,0,32.487,0
68.2536,2.25928,0,0,1.29871,0.148279,0.36288,3.6288,25.7705,0.489116,0,0,0.286692,0.149692,0,0.66528,12.849,1,0.416341,0.36288,0,31.0316,4.44843,26.5297,0.84672,12.849,0.84672,3695.15,0,36.966,0.692146,0.261274,2.13344,3.21064,1.10045,3.81276,0.42336,36.966,0.42336,423.524,0,0.931383,0,0,1.19266,0.261274,1.028160,1,0,30.3425,0,0,0,30.3425,0
66.7818,2.25199,0,0,1.28966,0.146591,0.36288,3.6288,25.3861,0.495877,0,0,0.260633,0.149092,0,0.66528,12.849,1,0.423945,0.36288,0,30.9384,4.44843,26.4289,0.84672,12.849,0.84672,3695.15,0,36.966,0.711302,0.261274,2.13364,3.04492,1.10045,3.62808,0.42336,36.966,0.42336,423.524,0,0.905653,0,0,1.16693,0.261274,1.028160,1,0,30.057,0,0,0,30.057,0
65.2639,2.24441,0,0,1.2343,0.144902,0.36288,3.6288,25.0239,0.482687,0,0,0.268858,0.148438,0,0.66528,12.849,1,0.431831,0.36288,0,29.1761,4.44843,24.6587,0.84672,12.849,0.84672,3695.15,0,36.966,0.702865,0.261274,2.13384,3.02416,1.10045,3.61597,0.42336,36.966,0.42336,423.524,0,0.927469,0,0,1.18874,0.261274,1.028160,1,0,28.2747,0,0,0,28.2747,0
63.8075,2.29437,0,0,1.31992,0.119102,0.36288,3.6288,24.7057,0.455871,0,0,0.343133,0.20543,0,0.66528,12.849,1,0.451709,0.36288,0,29.2158,5.79306,23.3339,0.84672,12.849,0.84672,3695.15,0,36.966,0.673426,0.278234,2.13405,3.071,1.43263,3.37723,0.42336,36.966,0.42336,423.524,0,1.02816,0,0,1.30639,0.278234,1.028160,1,0,26.7112,0,0,0,26.7112,0
62.2098,2.28605,0,0,1.16887,0.117712,0.36288,3.6288,24.3414,0.481821,0,0,0.32222,0.204677,0,0.66528,12.849,1,0.460344,0.36288,0,27.5266,5.79306,21.6361,0.84672,12.849,0.84672,3695.15,0,36.966,0.720927,0.261274,2.18147,3.04112,1.43263,3.33031,0.42336,36.966,0.42336,423.524,0,0.954901,0,0,1.21618,0.261274,1.028160,1,0,24.9664,0,0,0,24.9664,0
60.516,2.27651,0,0,1.0618,0.116186,0.36288,3.6288,23.9557,0.49536,0,0,0.313494,0.203815,0,0.66528,12.849,1,0.470198,0.36288,0,25.9121,5.79306,20.0117,0.84672,12.849,0.84672,3695.15,0,36.966,0.752276,0.227405,2.18167,2.93255,1.43263,3.15673,0.42336,36.966,0.42336,423.524,0,0.910207,0,0,1.13761,0.227405,1.028160,1,0,23.1684,0,0,0,23.1684,0
58.6876,2.26592,0,0,0.899303,0.0988621,0.36288,3.6288,23.5661,0.494519,0,0,0.311787,0.206927,0,0.66528,12.849,1,0.481109,0.36288,0,24.6945,6.06986,18.5064,0.84672,12.849,0.84672,3695.15,0,36.966,0.76309,0.227405,2.18188,2.87772,1.43313,3.09078,0.42336,36.966,0.42336,423.524,0,0.900426,0,0,1.12783,0.227405,1.028160,1,0,21.5972,0,0,0,21.5972,0
56.5916,2.42097,0,0,0.79094,0.103062,0.36288,3.6288,23.1459,0.542895,0,0,0.328454,0.205753,0,0.66528,12.849,1,0.530045,0.36288,0,21.2444,5.90481,15.1724,0.84672,12.849,0.84672,3695.15,0,36.966,0.851591,0.227405,2.18209,2.83558,1.40217,2.99131,0.42336,36.966,0.42336,423.524,0,0.923521,0,0,1.15093,0.227405,1.028160,1,0,18.1637,0,0,0,18.1637,0
54.3996,2.40525,0,0,0.673911,0.097866,0.36288,3.6288,22.7001,0.548637,0,0,0.313009,0.210159,0,0.66528,12.849,1,0.546107,0.36288,0,18.4695,5.8968,12.3894,0.84672,12.849,0.84672,3695.15,0,36.966,0.876221,0.227405,2.34391,2.79273,1.45689,3.03094,0.42336,36.966,0.42336,423.524,0,0.893359,0,0,1.12076,0.227405,1.028160,1,0,15.4204,0,0,0,15.4204,0
52.2707,2.38772,0,0,0.717543,0.0957452,0.36288,3.6288,22.2615,0.54001,0,0,0.310448,0.209057,0,0.66528,12.849,1,0.563973,0.36288,0,17.253,5.8968,11.1552,0.84672,12.849,0.84672,3695.15,0,36.966,0.879381,0.204422,2.34414,2.94341,1.45689,3.1557,0.42336,36.966,0.42336,423.524,0,0.899035,0,0,1.10346,0.204422,1.028160,1,0,14.3109,0,0,0,14.3109,0
50.5131,2.36956,0,0,1.07698,0.102232,0.36288,3.6288,21.9397,0.485043,0,0,0.369654,0.206436,0,0.66528,12.849,1,0.582476,0.36288,0,25.4771,5.83743,19.4201,0.84672,12.849,0.84672,3695.15,0,36.966,0.805432,0.293337,2.34436,3.12798,1.44961,3.51064,0.42336,36.966,0.42336,423.524,0,1.02816,0,0,1.3215,0.293337,1.028160,1,0,22.9307,0,0,0,22.9307,0
49.1489,2.35367,0,0,1.45456,0.102144,0.36288,3.6288,21.6971,0.480721,0,0,0.451643,0.213515,0,0.66528,12.849,1,0.598703,0.36288,0,29.0758,5.73146,23.1085,0.84672,12.849,0.84672,3695.15,0,36.966,0.809964,0.212907,2.34459,4.26929,1.47635,4.54047,0.42336,36.966,0.42336,423.524,0,1.02816,0,0,1.24107,0.212907,1.028160,1,0,27.649,0,0,0,27.649,0
47.3645,2.26203,0,0,0.948344,0.10782,0.36288,3.6288,21.1596,0.636904,0,0,0.322047,0.22259,0,0.66528,12.849,1,0.591363,0.36288,0,21.8875,5.29418,16.3649,0.84672,12.849,0.84672,3695.15,0,36.966,1.08511,0.204422,2.34481,4.37228,1.49751,4.33889,0.42336,36.966,0.42336,423.524,0,0.500005,0,0,0.704428,0.204422,1.028160,1,0,20.7038,0,0,0,20.7038,0
46.0576,2.24476,0,0,1.4223,0.121627,0.36288,3.6288,20.75,0.568709,0,0,0.370656,0.211514,0,0.66528,12.849,1,0.608957,0.36288,0,26.6559,5.18374,21.226,0.84672,12.849,0.84672,3695.15,0,36.966,0.99354,0.216518,2.25146,4.6506,1.45958,4.66546,0.42336,36.966,0.42336,423.524,0,0.659975,0,0,0.876493,0.216518,1.028160,1,0,25.8915,0,0,0,25.8915,0
45.2636,2.23151,0,0,1.92034,0.11988,0.36288,3.6288,20.7093,0.429361,0,0,0.598951,0.21035,0,0.66528,12.849,1,0.62254,0.36288,0,53.1924,5.18374,47.749,0.84672,12.849,0.84672,3695.15,0,36.966,0.764902,0.396973,2.25168,7.32573,1.45958,7.74989,0.42336,36.966,0.42336,423.524,0,1.02816,0,0,1.42513,0.396973,1.028160,1,0,55.4989,0,0,0,55.4989,0
44.1887,2.22326,0,0,1.67191,0.160749,0.36288,3.6288,20.4244,0.516387,0,0,0.430104,0.198618,0,0.66528,12.849,1,0.631117,0.36288,0,49.9368,5.14473,44.5238,0.84672,12.849,0.84672,3695.15,0,36.966,0.921749,0.216518,2.25189,4.66197,1.47709,4.73154,0.42336,36.966,0.42336,423.524,0,0.784486,0,0,1.001,0.216518,1.028160,1,0,49.2554,0,0,0,49.2554,0
43.8966,2.14844,0,0,2.43464,0.215414,0.36288,3.6288,20.1558,0.474518,0,0,0.401272,0.195342,0,0.66528,12.849,1,0.624714,0.36288,0,44.4976,4.63668,39.599,0.84672,12.849,0.84672,3695.15,0,36.966,0.858828,0.216518,2.25211,5.82497,1.21295,6.22182,0.42336,36.966,0.42336,423.524,0,0.801118,0,0,1.01764,0.216518,1.028160,1,0,45.8209,0,0,0,45.8209,0
42.2605,2.14547,0,0,1.08719,0.214927,0.36288,3.6288,19.6218,0.589818,0,0,0.252599,0.196775,0,0.66528,12.849,1,0.628002,0.36288,0,21.0978,4.56068,16.272,0.84672,12.849,0.84672,3695.15,0,36.966,1.08173,0.216518,2.16878,3.93413,1.16503,4.07266,0.42336,36.966,0.42336,423.524,0,0.463103,0,0,0.679622,0.216518,1.028160,1,0,20.3446,0,0,0,20.3446,0
40.8517,2.12707,0,0,1.29205,0.21091,0.36288,3.6288,19.1577,0.56809,0,0,0.299341,0.195344,0,0.66528,12.849,1,0.64672,0.36288,0,27.3179,4.56068,22.4734,0.84672,12.849,0.84672,3695.15,0,36.966,1.07024,0.292723,2.16898,7.46181,1.16503,7.68825,0.42336,36.966,0.42336,423.524,0,0.496516,0,0,0.789239,0.292723,1.028160,1,0,30.1616,0,0,0,30.1616,0
40.0051,2.11035,0,0,1.85825,0.231579,0.36288,3.6288,18.8553,0.505402,0,0,0.390567,0.187624,0,0.66528,12.849,1,0.663763,0.36288,0,40.985,4.27472,36.4094,0.84672,12.849,0.84672,3695.15,0,36.966,0.975205,0.292723,2.16919,7.10698,1.1235,7.47019,0.42336,36.966,0.42336,423.524,0,0.654428,0,0,0.947151,0.292723,1.028160,1,0,43.8796,0,0,0,43.8796,0
40.7534,1.92457,0,0,3.26203,0.226258,0.36288,3.6288,18.9872,0.311758,0,0,0.616296,0.172639,0,0.66528,12.849,1,0.61814,0.36288,0,54.0289,3.98915,49.7845,0.84672,12.849,0.84672,3695.15,0,36.966,0.611206,0.324959,2.1694,13.0961,0.987628,13.9916,0.42336,36.966,0.42336,423.524,0,1.02816,0,0,1.35312,0.324959,1.028160,1,0,63.7761,0,0,0,63.7761,0
41.9007,1.93342,0,0,3.65597,0.212456,0.36288,3.6288,18.6355,0.460479,0,0,0.274722,0.16592,0,0.66528,12.849,1,0.609581,0.36288,0,78.5829,3.93582,74.4003,0.84672,12.849,0.84672,3695.15,0,36.966,0.896505,0.292723,1.98394,6.52934,0.909087,7.00042,0.42336,36.966,0.42336,423.524,0,0.594311,0,0,0.887034,0.292723,1.028160,1,0,81.4008,0,0,0,81.4008,0
42.5693,1.94642,0,0,3.19325,0.215344,0.36288,3.6288,19.5255,0.309457,0,0,1.36458,0.165112,0,0.66528,12.849,1,0.596878,0.36288,0,98.9816,3.93582,94.8117,0.84672,12.849,0.84672,3695.15,0,36.966,0.61385,1.41008,1.98413,8.93498,0.909087,10.8063,0.42336,36.966,0.42336,423.524,0,1.02816,0,0,2.43824,1.41008,1.028160,1,0,105.618,0,0,0,105.618,0
43.0951,1.95385,0,0,3.07243,0.22988,0.36288,3.6288,19.7792,0.319187,0,0,0.739061,0.166115,0,0.66528,12.849,1,0.589745,0.36288,0,90.7335,4.18662,86.32,0.84672,12.849,0.84672,3695.15,0,36.966,0.604291,0.413364,1.98432,5.98475,1.01452,6.76361,0.42336,36.966,0.42336,423.524,0,1.02816,0,0,1.44152,0.413364,1.028160,1,0,93.0836,0,0,0,93.0836,0
42.571,1.95962,0,0,2.05238,0.253981,0.36288,3.6288,19.6602,0.381109,0,0,0.423146,0.161057,0,0.66528,12.849,1,0.58427,0.36288,0,43.0406,4.64959,38.1696,0.84672,12.849,0.84672,3695.15,0,36.966,0.712265,0.412474,1.98451,4.13816,1.24847,4.5744,0.42336,36.966,0.42336,423.524,0,0.858436,0,0,1.27091,0.412474,1.028160,1,0,42.744,0,0,0,42.744,0
42.0225,2.02282,0,0,2.04092,0.203723,0.36288,3.6288,19.7771,0.339261,0,0,0.568201,0.112111,0,0.66528,12.849,1,0.610538,0.36288,0,70.9422,3.17045,67.5241,0.84672,12.849,0.84672,3695.15,0,36.966,0.637893,0.783121,1.98469,5.19173,0.936427,6.38523,0.42336,36.966,0.42336,423.524,0,1.02816,0,0,1.81128,0.783121,1.028160,1,0,73.9093,0,0,0,73.9093,0
42.3607,1.97758,0,0,2.88255,0.203867,0.36288,3.6288,20.076,0.330244,0,0,0.736409,0.107191,0,0.66528,12.849,1,0.604676,0.36288,0,90.2137,3.08795,86.884,0.84672,12.849,0.84672,3695.15,0,36.966,0.617271,0.879854,2.0428,5.54994,0.914059,6.94126,0.42336,36.966,0.42336,423.524,0,1.02816,0,0,1.90801,0.879854,1.028160,1,0,93.8252,0,0,0,93.8252,0
46.7889,1.82379,0,0,6.81953,0.204672,0.36288,3.6288,21.0406,0.291573,0,0,1.36377,0.107629,0,0.66528,12.849,1,0.553198,0.36288,0,98.1625,3.08795,94.8842,0.84672,12.849,0.84672,3695.15,0,36.966,0.536873,2.09358,2.01032,6.56569,0.914059,9.21866,0.42336,36.966,0.42336,423.524,0,1.02816,0,0,3.12174,2.09358,1.028160,1,0,104.103,0,0,0,104.103,0
51.8303,2.06667,0,0,7.67215,0.201162,0.36288,3.6288,21.9639,0.354622,0,0,1.38218,0.104264,0,0.66528,12.849,1,0.567542,0.36288,0,124.517,3.00869,121.304,0.84672,12.849,0.84672,3695.15,0,36.966,0.623031,1.72611,1.87986,9.86921,0.907142,11.945,0.42336,36.966,0.42336,423.524,0,1.02816,0,0,2.75427,1.72611,1.028160,1,0,133.249,0,0,0,133.249,0
59.2283,2.34069,0,0,10.336,0.234385,0.36288,3.6288,22.7507,0.439101,0,0,1.33166,0.105716,0,0.66528,12.849,1,0.580269,0.36288,0,126.965,3.81958,122.928,0.84672,12.849,0.84672,3695.15,0,36.966,0.739023,2.51176,2.04334,11.1794,0.994746,14.0007,0.42336,36.966,0.42336,423.524,0,1.02816,0,0,3.53992,2.51176,1.028160,1,0,136.929,0,0,0,136.929,0
60.8277,2.40051,0,0,4.64057,0.27784,0.36288,3.6288,22.8898,0.448909,0,0,0.699697,0.111724,0,0.66528,12.849,1,0.520766,0.36288,0,74.9381,4.2232,70.557,0.84672,12.849,0.84672,3695.15,0,36.966,0.7294,1.1125,2.25196,5.52905,1.0367,7.1274,0.42336,36.966,0.42336,423.524,0,1.02816,0,0,2.14066,1.1125,1.028160,1,0,77.6844,0,0,0,77.6844,0
60.663,2.41207,0,0,2.87016,0.259929,0.36288,3.6288,22.7396,0.532616,0,0,0.500113,0.117695,0,0.66528,12.849,1,0.509516,0.36288,0,45.4818,4.17323,41.162,0.84672,12.849,0.84672,3695.15,0,36.966,0.860151,0.608429,2.25216,3.99482,1.00323,4.99204,0.42336,36.966,0.42336,423.524,0,0.813888,0,0,1.42232,0.608429,1.028160,1,0,46.154,0,0,0,46.154,0
61.7465,2.41119,0,0,4.10072,0.24308,0.36288,3.6288,22.9507,0.448915,0,0,0.781834,0.121819,0,0.66528,12.849,1,0.510713,0.36288,0,64.9642,4.13574,60.6806,0.84672,12.849,0.84672,3695.15,0,36.966,0.729766,1.04006,2.25237,6.43866,0.978126,8.02319,0.42336,36.966,0.42336,423.524,0,1.02816,0,0,2.06822,1.04006,1.028160,1,0,68.7038,0,0,0,68.7038,0
62.1648,2.08053,0,0,3.14235,0.280638,0.36288,3.6288,23.4261,0.348551,0,0,0.952966,0.128979,0,0.66528,12.849,1,0.432944,0.36288,0,68.6311,4.10623,64.4549,0.84672,12.849,0.84672,3695.15,0,36.966,0.5614,1.05594,2.25257,8.04755,0.97117,9.82349,0.42336,36.966,0.42336,423.524,0,1.02816,0,0,2.0841,1.05594,1.028160,1,0,74.2783,0,0,0,74.2783,0
61.9006,2.08317,0,0,2.48143,0.299587,0.36288,3.6288,23.601,0.393323,0,0,0.711176,0.14295,0,0.66528,12.849,1,0.430576,0.36288,0,59.9829,4.75892,55.1562,0.84672,12.849,0.84672,3695.15,0,36.966,0.620657,0.608429,1.96841,5.16974,1.18462,5.94131,0.42336,36.966,0.42336,423.524,0,0.92429,0,0,1.53272,0.608429,1.028160,1,0,61.0975,0,0,0,61.0975,0
61.1824,2.08188,0,0,2.02544,0.298936,0.36288,3.6288,23.4584,0.501186,0,0,0.501815,0.143243,0,0.66528,12.849,1,0.432145,0.36288,0,43.1857,4.75892,38.3576,0.84672,12.849,0.84672,3695.15,0,36.966,0.785001,0.558835,1.96858,3.48943,1.18462,4.04723,0.42336,36.966,0.42336,423.524,0,0.652242,0,0,1.21108,0.558835,1.028160,1,0,42.4048,0,0,0,42.4048,0
62.7642,2.07791,0,0,4.31978,0.297167,0.36288,3.6288,23.9289,0.353454,0,0,0.966924,0.143004,0,0.66528,12.849,1,0.436386,0.36288,0,40.6491,4.75892,35.8167,0.84672,12.849,0.84672,3695.15,0,36.966,0.556975,1.68293,1.96876,11.1878,1.18462,13.0979,0.42336,36.966,0.42336,423.524,0,1.02816,0,0,2.71109,1.68293,1.028160,1,0,48.9146,0,0,0,48.9146,0
63.0442,2.08727,0,0,3.03407,0.303934,0.36288,3.6288,24.2167,0.357819,0,0,0.78389,0.138252,0,0.66528,12.849,1,0.427303,0.36288,0,54.2002,4.82422,49.3115,0.84672,12.849,0.84672,3695.15,0,36.966,0.552769,1.81455,1.96893,5.54764,1.17618,7.60217,0.42336,36.966,0.42336,423.524,0,1.02816,0,0,2.84271,1.81455,1.028160,1,0,56.9137,0,0,0,56.9137,0
63.072,2.13213,0,0,2.83466,0.311827,0.36288,3.6288,24.0909,0.486211,0,0,0.485179,0.124815,0,0.66528,12.849,1,0.434549,0.36288,0,40.1927,4.9875,35.1335,0.84672,12.849,0.84672,3695.15,0,36.966,0.742185,0.558835,1.96911,4.73608,1.15509,5.36676,0.42336,36.966,0.42336,423.524,0,0.746539,0,0,1.30537,0.558835,1.028160,1,0,40.5003,0,0,0,40.5003,0
64.7521,1.96268,0,0,4.30928,0.303594,0.36288,3.6288,24.5003,0.326604,0,0,0.864095,0.128022,0,0.66528,12.849,1,0.399836,0.36288,0,65.0113,5.04567,59.9287,0.84672,12.849,0.84672,3695.15,0,36.966,0.501154,1.33474,2.00683,8.57745,1.16654,10.2513,0.42336,36.966,0.42336,423.524,0,1.02816,0,0,2.3629,1.33474,1.028160,1,0,70.18,0,0,0,70.18,0
64.9843,1.97155,0,0,2.84298,0.27641,0.36288,3.6288,24.502,0.366594,0,0,0.510814,0.142551,0,0.66528,12.849,1,0.391223,0.36288,0,52.4769,4.84752,47.601,0.84672,12.849,0.84672,3695.15,0,36.966,0.553115,0.528595,1.87662,4.97456,1.22107,5.60559,0.42336,36.966,0.42336,423.524,0,0.93636,0,0,1.46496,0.528595,1.028160,1,0,53.2066,0,0,0,53.2066,0
64.9012,1.97294,0,0,2.49979,0.247049,0.36288,3.6288,24.3166,0.460529,0,0,0.430721,0.155547,0,0.66528,12.849,1,0.390099,0.36288,0,46.5884,4.74253,41.8187,0.84672,12.849,0.84672,3695.15,0,36.966,0.694797,0.528595,1.87678,4.18482,1.27056,4.62484,0.42336,36.966,0.42336,423.524,0,0.700894,0,0,1.22949,0.528595,1.028160,1,0,46.4435,0,0,0,46.4435,0
64.6105,2.11042,0,0,2.47105,0.28843,0.36288,3.6288,24.1692,0.437572,0,0,0.406633,0.116554,0,0.66528,12.849,1,0.417817,0.36288,0,35.071,4.20605,30.81,0.84672,12.849,0.84672,3695.15,0,36.966,0.665193,0.528595,1.87695,4.69124,1.14947,5.28213,0.42336,36.966,0.42336,423.524,0,0.847696,0,0,1.37629,0.528595,1.028160,1,0,36.0921,0,0,0,36.0921,0
64.1498,2.10909,0,0,2.23942,0.228173,0.36288,3.6288,23.8845,0.479021,0,0,0.336545,0.142157,0,0.66528,12.849,1,0.419431,0.36288,0,31.7116,4.54206,27.113,0.84672,12.849,0.84672,3695.15,0,36.966,0.732648,0.528595,1.98072,4.30893,1.17154,4.91406,0.42336,36.966,0.42336,423.524,0,0.738953,0,0,1.26755,0.528595,1.028160,1,0,32.027,0,0,0,32.027,0
63.6117,2.14882,0,0,2.17457,0.200971,0.36288,3.6288,23.6954,0.401942,0,0,0.363848,0.150982,0,0.66528,12.849,1,0.430402,0.36288,0,30.5857,4.65738,25.8608,0.84672,12.849,0.84672,3695.15,0,36.966,0.622084,0.402797,1.98089,4.76849,1.17842,5.35168,0.42336,36.966,0.42336,423.524,0,0.95612,0,0,1.35892,0.402797,1.028160,1,0,31.2125,0,0,0,31.2125,0
62.925,2.14603,0,0,2.02236,0.200097,0.36288,3.6288,23.4313,0.450174,0,0,0.336675,0.150648,0,0.66528,12.849,1,0.433478,0.36288,0,27.9771,4.65738,23.2491,0.84672,12.849,0.84672,3695.15,0,36.966,0.702293,0.402797,2.01321,4.40298,1.17842,4.93826,0.42336,36.966,0.42336,423.524,0,0.827842,0,0,1.23064,0.402797,1.028160,1,0,28.1874,0,0,0,28.1874,0
62.228,2.25587,0,0,2.10614,0.184392,0.36288,3.6288,23.2181,0.414199,0,0,0.348275,0.147293,0,0.66528,12.849,1,0.460638,0.36288,0,32.3761,4.48854,27.7898,0.84672,12.849,0.84672,3695.15,0,36.966,0.653454,0.402797,2.01339,4.05707,1.17527,4.64452,0.42336,36.966,0.42336,423.524,0,1.00354,0,0,1.40634,0.402797,1.028160,1,0,32.4343,0,0,0,32.4343,0
61.3405,2.25184,0,0,1.87505,0.147858,0.36288,3.6288,22.9789,0.402454,0,0,0.312487,0.149169,0,0.66528,12.849,1,0.464965,0.36288,0,30.5375,4.55154,25.8839,0.84672,12.849,0.84672,3695.15,0,36.966,0.640756,0.54286,2.10928,3.69004,1.1378,4.56362,0.42336,36.966,0.42336,423.524,0,1.02816,0,0,1.57102,0.54286,1.028160,1,0,30.4475,0,0,0,30.4475,0
60.4359,2.24652,0,0,1.85155,0.14678,0.36288,3.6288,22.7696,0.399964,0,0,0.339418,0.148749,0,0.66528,12.849,1,0.470578,0.36288,0,29.5313,4.55154,24.872,0.84672,12.849,0.84672,3695.15,0,36.966,0.643418,0.509846,2.10947,4.04567,1.1378,4.88376,0.42336,36.966,0.42336,423.524,0,1.02816,0,0,1.53801,0.509846,1.028160,1,0,29.7558,0,0,0,29.7558,0
59.418,2.24095,0,0,1.73165,0.145681,0.36288,3.6288,22.5367,0.397776,0,0,0.313196,0.148382,0,0.66528,12.849,1,0.476439,0.36288,0,27.6244,4.55154,22.9593,0.84672,12.849,0.84672,3695.15,0,36.966,0.64578,0.44642,2.10966,3.55226,1.1378,4.32475,0.42336,36.966,0.42336,423.524,0,1.02816,0,0,1.47458,0.44642,1.028160,1,0,27.2841,0,0,0,27.2841,0
58.302,2.23448,0,0,1.60863,0.127256,0.36288,3.6288,22.2698,0.395313,0,0,0.285939,0.157525,0,0.66528,12.849,1,0.483202,0.36288,0,23.992,4.86199,19.0097,0.84672,12.849,0.84672,3695.15,0,36.966,0.648415,0.33404,2.10985,2.97155,1.17925,3.58777,0.42336,36.966,0.42336,423.524,0,1.02816,0,0,1.3622,0.33404,1.028160,1,0,22.5974,0,0,0,22.5974,0
57.0471,2.20498,0,0,1.42766,0.114769,0.36288,3.6288,21.9039,0.451379,0,0,0.245722,0.160256,0,0.66528,12.849,1,0.485948,0.36288,0,19.0352,4.95652,13.9556,0.84672,12.849,0.84672,3695.15,0,36.966,0.749252,0.30119,2.11003,1.75983,1.18609,2.23572,0.42336,36.966,0.42336,423.524,0,0.921318,0,0,1.22251,0.30119,1.028160,1,0,16.1913,0,0,0,16.1913,0
55.6746,2.19649,0,0,1.30026,0.113369,0.36288,3.6288,21.5613,0.425031,0,0,0.241984,0.15948,0,0.66528,12.849,1,0.494727,0.36288,0,18.5927,4.95652,13.5043,0.84672,12.849,0.84672,3695.15,0,36.966,0.717302,0.261274,2.1437,1.69754,1.18609,2.19912,0.42336,36.966,0.42336,423.524,0,0.979793,0,0,1.24107,0.261274,1.028160,1,0,15.7034,0,0,0,15.7034,0
54.1849,2.18682,0,0,1.17188,0.111837,0.36288,3.6288,21.1488,0.479115,0,0,0.225341,0.158753,0,0.66528,12.849,1,0.504691,0.36288,0,17.2327,4.95652,12.1344,0.84672,12.849,0.84672,3695.15,0,36.966,0.821421,0.261274,2.14389,1.61626,1.18609,2.01391,0.42336,36.966,0.42336,423.524,0,0.821768,0,0,1.08304,0.261274,1.028160,1,0,14.1483,0,0,0,14.1483,0
52.677,2.17584,0,0,1.12059,0.0898015,0.36288,3.6288,20.688,0.478335,0,0,0.213036,0.195547,0,0.66528,12.849,1,0.515963,0.36288,0,15.5362,5.66228,9.72083,0.84672,12.849,0.84672,3695.15,0,36.966,0.836081,0.261274,2.14408,1.5356,1.4437,1.66118,0.42336,36.966,0.42336,423.524,0,0.808065,0,0,1.06934,0.261274,1.028160,1,0,11.382,0,0,0,11.382,0
51.1534,2.22038,0,0,1.14616,0.0865001,0.36288,3.6288,20.1853,0.494531,0,0,0.196517,0.204667,0,0.66528,12.849,1,0.541597,0.36288,0,15.128,5.93773,9.01158,0.84672,12.849,0.84672,3695.15,0,36.966,0.883645,0.261274,2.14427,1.31735,1.44823,1.39102,0.42336,36.966,0.42336,423.524,0,0.788962,0,0,1.05024,0.261274,1.028160,1,0,10.4026,0,0,0,10.4026,0
49.6139,2.20773,0,0,1.11727,0.0861447,0.36288,3.6288,19.6972,0.477448,0,0,0.191909,0.202508,0,0.66528,12.849,1,0.55455,0.36288,0,14.3803,5.9366,8.25206,0.84672,12.849,0.84672,3695.15,0,36.966,0.874367,0.261274,2.19193,1.33402,1.43181,1.48104,0.42336,36.966,0.42336,423.524,0,0.815504,0,0,1.07678,0.261274,1.028160,1,0,9.73311,0,0,0,9.73311,0
47.9462,2.1943,0,0,0.974229,0.0847592,0.36288,3.6288,19.1841,0.492972,0,0,0.180972,0.201162,0,0.66528,12.849,1,0.56828,0.36288,0,13.6245,5.9366,7.48251,0.84672,12.849,0.84672,3695.15,0,36.966,0.925165,0.227405,2.19212,1.27467,1.43181,1.33722,0.42336,36.966,0.42336,423.524,0,0.749364,0,0,0.976769,0.227405,1.028160,1,0,8.81972,0,0,0,8.81972,0
46.2235,2.17895,0,0,0.898465,0.0793146,0.36288,3.6288,18.6611,0.499321,0,0,0.177862,0.20148,0,0.66528,12.849,1,0.583932,0.36288,0,12.8535,6.01137,6.62105,0.84672,12.849,0.84672,3695.15,0,36.966,0.962146,0.227405,2.19232,1.26306,1.44675,1.27389,0.42336,36.966,0.42336,423.524,0,0.706216,0,0,0.933621,0.227405,1.028160,1,0,7.89494,0,0,0,7.89494,0
44.2476,2.32236,0,0,0.795753,0.0863788,0.36288,3.6288,18.1,0.542917,0,0,0.173757,0.191969,0,0.66528,12.849,1,0.645558,0.36288,0,12.7798,6.03639,6.4607,0.84672,12.849,0.84672,3695.15,0,36.966,1.07547,0.227405,2.19252,1.11238,1.39091,1.06592,0.42336,36.966,0.42336,423.524,0,0.710087,0,0,0.937492,0.227405,1.028160,1,0,7.52662,0,0,0,7.52662,0
42.2616,2.30026,0,0,0.788305,0.111255,0.36288,3.6288,17.5264,0.558026,0,0,0.160687,0.176291,0,0.66528,12.849,1,0.66797,0.36288,0,13.632,5.73888,7.58805,0.84672,12.849,0.84672,3695.15,0,36.966,1.13967,0.227405,2.35517,0.933422,1.3356,1.04072,0.42336,36.966,0.42336,423.524,0,0.630979,0,0,0.858384,0.227405,1.028160,1,0,8.62877,0,0,0,8.62877,0
40.3092,2.27644,0,0,0.795658,0.108741,0.36288,3.6288,16.9859,0.524442,0,0,0.15881,0.174874,0,0.66528,12.849,1,0.692117,0.36288,0,13.4038,5.73888,7.33563,0.84672,12.849,0.84672,3695.15,0,36.966,1.10613,0.204422,2.35538,1.00451,1.3356,1.12258,0.42336,36.966,0.42336,423.524,0,0.698293,0,0,0.902716,0.204422,1.028160,1,0,8.45821,0,0,0,8.45821,0
38.5409,2.25126,0,0,0.95218,0.106269,0.36288,3.6288,16.4696,0.509941,0,0,0.167165,0.173514,0,0.66528,12.849,1,0.717614,0.36288,0,13.1062,5.73888,7.01257,0.84672,12.849,0.84672,3695.15,0,36.966,1.10977,0.204422,2.35559,1.34954,1.3356,1.46418,0.42336,36.966,0.42336,423.524,0,0.709353,0,0,0.913775,0.204422,1.028160,1,0,8.47675,0,0,0,8.47675,0
36.6251,2.2268,0,0,0.78516,0.111321,0.36288,3.6288,15.9649,0.491093,0,0,0.152479,0.166104,0,0.66528,12.849,1,0.742385,0.36288,0,13.7257,5.68674,7.65943,0.84672,12.849,0.84672,3695.15,0,36.966,1.10226,0.204422,2.3558,0.925508,1.3328,1.05067,0.42336,36.966,0.42336,423.524,0,0.735912,0,0,0.940334,0.204422,1.028160,1,0,8.7101,0,0,0,8.7101,0
35.005,2.12439,0,0,1.03446,0.167298,0.36288,3.6288,15.5777,0.425369,0,0,0.152263,0.114104,0,0.66528,12.849,1,0.745289,0.36288,0,18.3565,4.1074,13.8667,0.84672,12.849,0.84672,3695.15,0,36.966,0.984924,0.204422,2.35602,0.936429,0.98788,1.52406,0.42336,36.966,0.42336,423.524,0,0.821638,0,0,1.02606,0.204422,1.028160,1,0,15.3908,0,0,0,15.3908,0
33.4945,2.09938,0,0,1.12641,0.174615,0.36288,3.6288,15.3683,0.356939,0,0,0.258937,0.111397,0,0.66528,12.849,1,0.770605,0.36288,0,19.6614,4.01835,15.2354,0.84672,12.849,0.84672,3695.15,0,36.966,0.84702,0.629009,2.26217,1.31079,0.976958,2.37799,0.42336,36.966,0.42336,423.524,0,1.02816,0,0,1.65717,0.629009,1.028160,1,0,17.6134,0,0,0,17.6134,0
31.9768,2.07449,0,0,1.09108,0.171416,0.36288,3.6288,15.1629,0.353605,0,0,0.259271,0.111045,0,0.66528,12.849,1,0.795807,0.36288,0,18.8593,4.01835,14.408,0.84672,12.849,0.84672,3695.15,0,36.966,0.850543,0.633649,2.26237,1.20017,0.976958,2.26869,0.42336,36.966,0.42336,423.524,0,1.02816,0,0,1.66181,0.633649,1.028160,1,0,16.6767,0,0,0,16.6767,0
30.4454,2.04777,0,0,1.0475,0.168201,0.36288,3.6288,14.9669,0.350309,0,0,0.264994,0.110699,0,0.66528,12.849,1,0.82284,0.36288,0,17.9711,4.01835,13.4928,0.84672,12.849,0.84672,3695.15,0,36.966,0.854027,0.785609,2.26257,1.18681,0.976958,2.40401,0.42336,36.966,0.42336,423.524,0,1.02816,0,0,1.81377,0.785609,1.028160,1,0,15.8968,0,0,0,15.8968,0
29.1157,1.96124,0,0,1.18352,0.18913,0.36288,3.6288,14.8095,0.321544,0,0,0.300237,0.136057,0,0.66528,12.849,1,0.827707,0.36288,0,26.1569,4.00267,21.6894,0.84672,12.849,0.84672,3695.15,0,36.966,0.794168,1.39914,2.26278,2.47685,0.961839,4.38277,0.42336,36.966,0.42336,423.524,0,1.02816,0,0,2.4273,1.39914,1.028160,1,0,26.0722,0,0,0,26.0722,0
27.826,1.94252,0,0,1.21099,0.195298,0.36288,3.6288,14.5546,0.319182,0,0,0.210282,0.145981,0,0.66528,12.849,1,0.84672,0.36288,0,33.0807,3.9964,28.6005,0.84672,12.849,0.84672,3695.15,0,36.966,0.79671,0.456615,2.179,2.66562,0.955792,3.54874,0.42336,36.966,0.42336,423.524,0,1.02816,0,0,1.48478,0.456615,1.028160,1,0,32.1492,0,0,0,32.1492,0
28.3353,1.94283,0,0,3.00688,0.191883,0.36288,3.6288,14.6517,0.315291,0,0,0.557734,0.145412,0,0.66528,12.849,1,0.84672,0.36288,0,54.6223,3.9964,50.142,0.84672,12.849,0.84672,3695.15,0,36.966,0.80078,3.07639,2.1792,4.07775,0.955792,7.57677,0.42336,36.966,0.42336,423.524,0,1.02816,0,0,4.10455,3.07639,1.028160,1,0,57.7188,0,0,0,57.7188,0
30.0211,1.94313,0,0,4.18507,0.193231,0.36288,3.6288,14.9626,0.316847,0,0,0.773466,0.145629,0,0.66528,12.849,1,0.84672,0.36288,0,82.4434,3.9964,77.9632,0.84672,12.849,0.84672,3695.15,0,36.966,0.799403,6.31796,2.17939,5.52274,0.955792,12.2649,0.42336,36.966,0.42336,423.524,0,1.02816,0,0,7.34612,6.31796,1.028160,1,0,90.228,0,0,0,90.228,0
31.891,1.79079,0,0,4.23212,0.208582,0.36288,3.6288,15.1379,0.268369,0,0,0.595652,0.15199,0,0.66528,12.849,1,0.766455,0.36288,0,56.5409,3.88068,52.2567,0.84672,12.849,0.84672,3695.15,0,36.966,0.66302,3.57723,2.17959,3.97995,0.973367,8.10038,0.42336,36.966,0.42336,423.524,0,1.02816,0,0,4.60539,3.57723,1.028160,1,0,60.3571,0,0,0,60.3571,0
35.6651,1.82302,0,0,6.14534,0.18535,0.36288,3.6288,15.6313,0.270646,0,0,0.91038,0.14636,0,0.66528,12.849,1,0.734502,0.36288,0,85.7935,4.29954,81.1223,0.84672,12.849,0.84672,3695.15,0,36.966,0.660904,4.20986,1.99317,3.81523,1.19478,8.16258,0.42336,36.966,0.42336,423.524,0,1.02816,0,0,5.23802,4.20986,1.028160,1,0,89.2849,0,0,0,89.2849,0
40.1233,1.88037,0,0,6.8956,0.194168,0.36288,3.6288,15.9814,0.276894,0,0,0.774433,0.147458,0,0.66528,12.849,1,0.677436,0.36288,0,82.7038,4.29954,78.0897,0.84672,12.849,0.84672,3695.15,0,36.966,0.654818,5.63488,1.99335,6.07173,1.19478,11.8504,0.42336,36.966,0.42336,423.524,0,1.02816,0,0,6.66304,5.63488,1.028160,1,0,89.9401,0,0,0,89.9401,0
42.8044,1.93759,0,0,5.1862,0.204619,0.36288,3.6288,15.8458,0.281272,0,0,0.293951,0.148238,0,0.66528,12.849,1,0.620491,0.36288,0,69.158,4.29954,64.6009,0.84672,12.849,0.84672,3695.15,0,36.966,0.650601,2.21437,1.99353,3.45977,1.19478,5.82229,0.42336,36.966,0.42336,423.524,0,1.02816,0,0,3.24253,2.21437,1.028160,1,0,70.4231,0,0,0,70.4231,0
44.7603,1.9677,0,0,4.48962,0.203102,0.36288,3.6288,15.7396,0.279651,0,0,0.348179,0.174771,0,0.66528,12.849,1,0.590663,0.36288,0,60.1354,4.45488,55.4528,0.84672,12.849,0.84672,3695.15,0,36.966,0.652384,2.02017,1.99371,2.30196,1.31465,4.34881,0.42336,36.966,0.42336,423.524,0,1.02816,0,0,3.04833,2.02017,1.028160,1,0,59.8016,0,0,0,59.8016,0
48.5131,2.0576,0,0,6.43447,0.261251,0.36288,3.6288,16.1671,0.294392,0,0,0.830382,0.1085,0,0.66528,12.849,1,0.59066,0.36288,0,137.966,4.08429,133.654,0.84672,12.849,0.84672,3695.15,0,36.966,0.691409,4.07436,1.99388,9.30329,1.19383,13.4863,0.42336,36.966,0.42336,423.524,0,1.02816,0,0,5.10252,4.07436,1.028160,1,0,147.14,0,0,0,147.14,0
55.9052,2.09394,0,0,10.1213,0.272342,0.36288,3.6288,17.2236,0.300002,0,0,1.4657,0.1092,0,0.66528,12.849,1,0.554593,0.36288,0,190.779,4.08429,186.503,0.84672,12.849,0.84672,3695.15,0,36.966,0.685955,5.20614,2.05227,15.4886,1.19383,20.8672,0.42336,36.966,0.42336,423.524,0,1.02816,0,0,6.2343,5.20614,1.028160,1,0,207.37,0,0,0,207.37,0
61.7081,2.15378,0,0,8.61356,0.294001,0.36288,3.6288,18.2431,0.313426,0,0,1.44393,0.110928,0,0.66528,12.849,1,0.495016,0.36288,0,176.457,4.08429,172.241,0.84672,12.849,0.84672,3695.15,0,36.966,0.672688,4.43479,2.05244,10.2854,1.19383,14.9061,0.42336,36.966,0.42336,423.524,0,1.02816,0,0,5.46295,4.43479,1.028160,1,0,187.147,0,0,0,187.147,0
66.5806,2.19253,0,0,7.73842,0.310471,0.36288,3.6288,19.1801,0.3259,0,0,1.37541,0.112533,0,0.66528,12.849,1,0.456535,0.36288,0,163.48,4.08429,159.302,0.84672,12.849,0.84672,3695.15,0,36.966,0.660369,4.24086,2.05261,10.1085,1.19383,14.5478,0.42336,36.966,0.42336,423.524,0,1.02816,0,0,5.26902,4.24086,1.028160,1,0,173.85,0,0,0,173.85,0
70.2987,2.4621,0,0,6.87907,0.335976,0.36288,3.6288,20.0976,0.405746,0,0,1.42066,0.097403,0,0.66528,12.849,1,0.475146,0.36288,0,149.25,4.32669,144.811,0.84672,12.849,0.84672,3695.15,0,36.966,0.781997,3.77178,2.05278,10.8362,1.05763,14.8211,0.42336,36.966,0.42336,423.524,0,1.02816,0,0,4.79994,3.77178,1.028160,1,0,159.632,0,0,0,159.632,0
72.29,2.48359,0,0,5.41866,0.340178,0.603614,3.6288,21.381,0.418381,0,0,1.81288,0.111135,0,0.66528,12.849,1,0.453944,0.603614,0,105.609,4.80932,100.95,0.84672,12.849,0.84672,3695.15,0,36.966,0.769536,3.03804,2.26245,9.64777,1.17185,13.0069,0.42336,36.966,0.42336,423.524,0,1.02816,0,0,4.0662,3.03804,1.028160,1,0,113.957,0,0,0,113.957,0
72.29,2.49446,0,0,4.83514,0.345397,1.99528,3.6288,21.7808,0.435371,0,0,0.948249,0.113079,0,0.66528,12.849,1,0.443372,1.99528,0,71.6524,4.80932,68.395,0.84672,12.849,0.84672,3695.15,0,36.966,0.75272,2.11342,2.26264,8.15668,1.17185,10.6082,0.42336,36.966,0.42336,423.524,0,1.02816,0,0,3.14158,2.11342,1.028160,1,0,79.0031,0,0,0,79.0031,0
72.29,2.49471,0,0,6.61263,0.334375,3.78354,3.6288,22.2626,0.440558,0,0,1.03957,0.117232,0,0.66528,12.849,1,0.443416,3.78354,0,102.066,4.62356,100.783,0.84672,12.849,0.84672,3695.15,0,36.966,0.747708,3.60391,2.26283,11.6732,1.0704,15.7218,0.42336,36.966,0.42336,423.524,0,1.02816,0,0,4.63207,3.60391,1.028160,1,0,116.504,0,0,0,116.504,0
72.29,2.14617,0,0,5.05096,0.305324,2.59947,3.6288,22.6635,0.345119,0,0,0.875059,0.129057,0,0.66528,12.849,1,0.381465,2.59947,0,98.3508,4.50433,96.0645,0.84672,12.849,0.84672,3695.15,0,36.966,0.573054,2.99853,2.26302,8.96884,0.947237,12.7101,0.42336,36.966,0.42336,423.524,0,1.02816,0,0,4.02669,2.99853,1.028160,1,0,108.775,0,0,0,108.775,0
72.29,2.14638,0,0,5.03313,0.303998,2.58275,3.6288,22.9658,0.349028,0,0,0.766191,0.114845,0,0.66528,12.849,1,0.381504,2.58275,0,92.1214,4.56572,89.7569,0.84672,12.849,0.84672,3695.15,0,36.966,0.569294,2.19488,1.97741,8.55464,0.949764,11.2079,0.42336,36.966,0.42336,423.524,0,1.02816,0,0,3.22304,2.19488,1.028160,1,0,100.965,0,0,0,100.965,0
72.29,2.1466,0,0,4.53791,0.303727,2.08758,3.6288,23.2554,0.351957,0,0,0.734759,0.0932175,0,0.66528,12.849,1,0.381543,2.08758,0,82.2139,4.30238,79.6176,0.84672,12.849,0.84672,3695.15,0,36.966,0.566515,2.33436,1.97758,8.57321,0.822685,11.4959,0.42336,36.966,0.42336,423.524,0,1.02816,0,0,3.36252,2.33436,1.028160,1,0,91.1135,0,0,0,91.1135,0
72.29,2.14682,0,0,5.30136,0.303727,2.85081,3.6288,23.4903,0.354739,0,0,0.683247,0.0935359,0,0.66528,12.849,1,0.381581,2.85081,0,97.6942,4.30238,95.8611,0.84672,12.849,0.84672,3695.15,0,36.966,0.563883,1.85098,1.97774,8.33544,0.822685,10.7776,0.42336,36.966,0.42336,423.524,0,1.02816,0,0,2.87914,1.85098,1.028160,1,0,106.639,0,0,0,106.639,0
72.29,2.14704,0,0,4.81691,0.297523,2.37235,3.6288,23.713,0.356989,0,0,0.679584,0.0999091,0,0.66528,12.849,1,0.38162,2.37235,0,85.6621,4.37565,83.2772,0.84672,12.849,0.84672,3695.15,0,36.966,0.561783,1.60921,1.97791,7.71552,0.854502,9.88635,0.42336,36.966,0.42336,423.524,0,1.02816,0,0,2.63737,1.60921,1.028160,1,0,93.1636,0,0,0,93.1636,0
72.29,2.2351,0,0,6.98402,0.2603,4.48862,3.6288,24.3399,0.38496,0,0,1.14879,0.136954,0,0.66528,12.849,1,0.397272,4.48862,0,116.366,4.8153,115.642,0.84672,12.849,0.84672,3695.15,0,36.966,0.60011,3.70768,1.97807,10.9331,1.0454,14.9734,0.42336,36.966,0.42336,423.524,0,1.02816,0,0,4.73584,3.70768,1.028160,1,0,130.616,0,0,0,130.616,0
72.29,2.23533,0,0,5.08334,0.2603,2.58771,3.6288,24.7222,0.391158,0,0,0.911438,0.137958,0,0.66528,12.849,1,0.397312,2.58771,0,82.2995,4.8153,79.6746,0.84672,12.849,0.84672,3695.15,0,36.966,0.594068,2.13127,2.04873,8.44033,1.0454,10.9809,0.42336,36.966,0.42336,423.524,0,1.02816,0,0,3.15943,2.13127,1.028160,1,0,90.6554,0,0,0,90.6554,0
72.29,2.23555,0,0,4.31003,0.243753,1.83072,3.6288,24.9152,0.394902,0,0,0.72992,0.142012,0,0.66528,12.849,1,0.397353,1.83072,0,68.9109,4.82033,65.524,0.84672,12.849,0.84672,3695.15,0,36.966,0.590479,1.68597,2.0489,6.61876,1.05193,8.71121,0.42336,36.966,0.42336,423.524,0,1.02816,0,0,2.71413,1.68597,1.028160,1,0,74.2352,0,0,0,74.2352,0
72.29,2.23578,0,0,3.91218,0.246502,1.4299,3.6288,25.0071,0.396807,0,0,0.639377,0.15067,0,0.66528,12.849,1,0.397393,1.4299,0,62.3963,5.12677,58.302,0.84672,12.849,0.84672,3695.15,0,36.966,0.588731,1.47657,2.04907,6.10407,1.05508,7.9859,0.42336,36.966,0.42336,423.524,0,1.02816,0,0,2.50473,1.47657,1.028160,1,0,66.2879,0,0,0,66.2879,0
72.29,2.20165,0,0,3.98249,0.179701,1.60114,3.6288,25.1553,0.387372,0,0,0.6548,0.119212,0,0.66528,12.849,1,0.391327,1.60114,0,67.9553,4.0962,65.0689,0.84672,12.849,0.84672,3695.15,0,36.966,0.572621,1.16989,2.04924,4.65206,1.0506,6.24797,0.42336,36.966,0.42336,423.524,0,1.02816,0,0,2.19805,1.16989,1.028160,1,0,71.3169,0,0,0,71.3169,0
72.29,2.20188,0,0,3.15893,0.208021,0.749034,3.6288,25.2362,0.388801,0,0,0.600627,0.130954,0,0.66528,12.849,1,0.391367,0.749034,0,52.5441,4.23849,48.6633,0.84672,12.849,0.84672,3695.15,0,36.966,0.571346,0.660779,2.02197,3.75414,1.09108,4.77446,0.42336,36.966,0.42336,423.524,0,1.02816,0,0,1.68894,0.660779,1.028160,1,0,53.4377,0,0,0,53.4377,0
72.29,2.2021,0,0,2.86283,0.144751,0.515979,3.6288,25.1865,0.389606,0,0,0.497102,0.157199,0,0.66528,12.849,1,0.391407,0.515979,0,47.5111,4.5745,43.0612,0.84672,12.849,0.84672,3695.15,0,36.966,0.570695,0.527316,2.02214,3.44822,1.11315,4.31384,0.42336,36.966,0.42336,423.524,0,1.02816,0,0,1.55548,0.527316,1.028160,1,0,47.375,0,0,0,47.375,0
72.29,2.20232,0,0,2.77993,0.116661,0.460944,3.6288,25.1682,0.389212,0,0,0.537434,0.166546,0,0.66528,12.849,1,0.391446,0.460944,0,45.8242,4.68983,41.2039,0.84672,12.849,0.84672,3695.15,0,36.966,0.571242,0.639438,2.02231,3.81599,1.12004,4.78646,0.42336,36.966,0.42336,423.524,0,1.02816,0,0,1.6676,0.639438,1.028160,1,0,45.9904,0,0,0,45.9904,0
72.1972,2.31921,0,0,2.70657,0.117245,0.36288,3.6288,25.1092,0.426037,0,0,0.528427,0.161351,0,0.66528,12.849,1,0.412222,0.36288,0,43.8356,4.59312,39.1932,0.84672,12.849,0.84672,3695.15,0,36.966,0.625745,0.608265,2.02248,3.41863,1.11258,4.31104,0.42336,36.966,0.42336,423.524,0,1.02816,0,0,1.63642,0.608265,1.028160,1,0,43.5042,0,0,0,43.5042,0
72.2786,2.319,0,0,2.88122,0.11794,0.36288,3.6288,25.0872,0.425508,0,0,0.557868,0.154367,0,0.66528,12.849,1,0.412713,0.36288,0,43.6292,4.46418,39.1151,0.84672,12.849,0.84672,3695.15,0,36.966,0.626436,0.621734,2.11883,2.95319,1.10265,3.96467,0.42336,36.966,0.42336,423.524,0,1.02816,0,0,1.64989,0.621734,1.028160,1,0,43.0798,0,0,0,43.0798,0
72.0182,2.31962,0,0,2.52573,0.103617,0.36288,3.6288,25.0204,0.425351,0,0,0.5197,0.161134,0,0.66528,12.849,1,0.412361,0.36288,0,38.9801,4.57128,34.3594,0.84672,12.849,0.84672,3695.15,0,36.966,0.626755,0.510106,2.11901,2.86521,1.13001,3.73756,0.42336,36.966,0.42336,423.524,0,1.02816,0,0,1.53827,0.510106,1.028160,1,0,38.0969,0,0,0,38.0969,0
71.6588,2.31859,0,0,2.38957,0.0674935,0.36288,3.6288,24.9174,0.424741,0,0,0.499673,0.178011,0,0.66528,12.849,1,0.413668,0.36288,0,35.6331,4.83903,30.7433,0.84672,12.849,0.84672,3695.15,0,36.966,0.627527,0.435827,2.11919,2.75638,1.19842,3.48545,0.42336,36.966,0.42336,423.524,0,1.02816,0,0,1.46399,0.435827,1.028160,1,0,34.2287,0,0,0,34.2287,0
71.1708,2.31707,0,0,2.26094,0.0690353,0.36288,3.6288,24.8238,0.423761,0,0,0.507656,0.177467,0,0.66528,12.849,1,0.415469,0.36288,0,36.1269,4.8401,31.2343,0.84672,12.849,0.84672,3695.15,0,36.966,0.628669,0.428864,2.11936,3.05109,1.20714,3.76351,0.42336,36.966,0.42336,423.524,0,1.02816,0,0,1.45702,0.428864,1.028160,1,0,34.9978,0,0,0,34.9978,0
70.6294,2.29186,0,0,2.19248,0.079097,0.36288,3.6288,24.8979,0.443015,0,0,0.69241,0.175283,0,0.66528,12.849,1,0.413767,0.36288,0,38.7926,4.84648,33.8953,0.84672,12.849,0.84672,3695.15,0,36.966,0.659711,0.872942,2.11954,3.96522,1.25945,5.03854,0.42336,36.966,0.42336,423.524,0,1.02816,0,0,1.9011,0.872942,1.028160,1,0,38.9338,0,0,0,38.9338,0
69.9514,2.28941,0,0,2.05307,0.0787693,0.36288,3.6288,24.9368,0.443873,0,0,0.658251,0.175433,0,0.66528,12.849,1,0.416493,0.36288,0,38.7418,4.84648,33.8418,0.84672,12.849,0.84672,3695.15,0,36.966,0.65902,0.758203,2.15336,4.07492,1.25945,5.06801,0.42336,36.966,0.42336,423.524,0,1.02816,0,0,1.78636,0.758203,1.028160,1,0,38.9098,0,0,0,38.9098,0
69.0911,2.28623,0,0,1.86717,0.0783589,0.36288,3.6288,24.9588,0.444355,0,0,0.64187,0.175512,0,0.66528,12.849,1,0.419946,0.36288,0,37.9836,4.84648,33.08,0.84672,12.849,0.84672,3695.15,0,36.966,0.658705,0.735057,2.15354,3.90449,1.25945,4.87494,0.42336,36.966,0.42336,423.524,0,1.02816,0,0,1.76322,0.735057,1.028160,1,0,37.955,0,0,0,37.955,0
68.0631,2.28206,0,0,1.69474,0.0778382,0.36288,3.6288,24.9408,0.444656,0,0,0.602182,0.175556,0,0.66528,12.849,1,0.424398,0.36288,0,33.8466,4.84648,28.9386,0.84672,12.849,0.84672,3695.15,0,36.966,0.65857,0.536224,2.15372,3.77708,1.25945,4.54901,0.42336,36.966,0.42336,423.524,0,1.02816,0,0,1.56438,0.536224,1.028160,1,0,33.4876,0,0,0,33.4876,0
66.9824,2.33597,0,0,1.67707,0.0589041,0.36288,3.6288,24.7397,0.462538,0,0,0.477105,0.21567,0,0.66528,12.849,1,0.440986,0.36288,0,30.9842,5.41423,25.4918,0.84672,12.849,0.84672,3695.15,0,36.966,0.685551,0.493137,2.1539,3.29047,1.4939,3.75806,0.42336,36.966,0.42336,423.524,0,1.02816,0,0,1.5213,0.493137,1.028160,1,0,29.2499,0,0,0,29.2499,0
65.9038,2.33024,0,0,1.67845,0.0639343,0.36288,3.6288,24.502,0.460373,0,0,0.431844,0.209147,0,0.66528,12.849,1,0.447001,0.36288,0,28.7735,5.24611,23.4433,0.84672,12.849,0.84672,3695.15,0,36.966,0.687888,0.494761,2.20177,3.24651,1.44341,3.81174,0.42336,36.966,0.42336,423.524,0,1.02816,0,0,1.52292,0.494761,1.028160,1,0,27.255,0,0,0,27.255,0
64.6128,2.32435,0,0,1.45962,0.0633891,0.36288,3.6288,24.2415,0.457781,0,0,0.405838,0.208573,0,0.66528,12.849,1,0.453169,0.36288,0,27.2228,5.24611,21.8864,0.84672,12.849,0.84672,3695.15,0,36.966,0.69065,0.366181,2.20196,3.15934,1.44341,3.59341,0.42336,36.966,0.42336,423.524,0,1.02816,0,0,1.39434,0.366181,1.028160,1,0,25.4798,0,0,0,25.4798,0
63.2143,2.31703,0,0,1.34408,0.0627366,0.36288,3.6288,23.9763,0.454909,0,0,0.397643,0.207943,0,0.66528,12.849,1,0.460768,0.36288,0,25.6749,5.24611,20.3309,0.84672,12.849,0.84672,3695.15,0,36.966,0.693693,0.29446,2.20214,3.12735,1.44341,3.48684,0.42336,36.966,0.42336,423.524,0,1.02816,0,0,1.32262,0.29446,1.028160,1,0,23.8177,0,0,0,23.8177,0
61.4668,2.47977,0,0,1.1425,0.0472703,0.36288,3.6288,23.6325,0.515452,0,0,0.387577,0.215892,0,0.66528,12.849,1,0.504041,0.36288,0,24.6921,5.62461,18.9263,0.84672,12.849,0.84672,3695.15,0,36.966,0.79471,0.295644,2.20233,2.79612,1.46628,3.0331,0.42336,36.966,0.42336,423.524,0,1.02816,0,0,1.3238,0.295644,1.028160,1,0,21.9594,0,0,0,21.9594,0
59.6631,2.46817,0,0,1.0902,0.0629144,0.36288,3.6288,23.2412,0.511016,0,0,0.340325,0.220635,0,0.66528,12.849,1,0.515944,0.36288,0,22.7407,5.66328,16.9243,0.84672,12.849,0.84672,3695.15,0,36.966,0.799331,0.271452,2.36575,2.27061,1.46999,2.6385,0.42336,36.966,0.42336,423.524,0,1.02816,0,0,1.29961,0.271452,1.028160,1,0,19.5628,0,0,0,19.5628,0
57.8138,2.45558,0,0,1.03113,0.0619284,0.36288,3.6288,22.8233,0.511352,0,0,0.313019,0.219625,0,0.66528,12.849,1,0.528832,0.36288,0,20.4371,5.66328,14.6079,0.84672,12.849,0.84672,3695.15,0,36.966,0.813325,0.204422,2.36595,2.24484,1.46999,2.53191,0.42336,36.966,0.42336,423.524,0,1.01402,0,0,1.21844,0.204422,1.028160,1,0,17.1398,0,0,0,17.1398,0
56.3721,2.44198,0,0,1.42395,0.0608296,0.36288,3.6288,22.451,0.500339,0,0,0.346654,0.218545,0,0.66528,12.849,1,0.542726,0.36288,0,21.9218,5.66328,16.0786,0.84672,12.849,0.84672,3695.15,0,36.966,0.810381,0.354611,2.36615,2.5025,1.46999,2.94289,0.42336,36.966,0.42336,423.524,0,1.02816,0,0,1.38277,0.354611,1.028160,1,0,19.0215,0,0,0,19.0215,0
55.5669,2.43092,0,0,2.07315,0.0845416,0.36288,3.6288,22.2047,0.495332,0,0,0.461432,0.212433,0,0.66528,12.849,1,0.554085,0.36288,0,36.5809,5.52336,30.8663,0.84672,12.849,0.84672,3695.15,0,36.966,0.815573,0.527515,2.36635,2.78294,1.44763,3.41361,0.42336,36.966,0.42336,423.524,0,1.02816,0,0,1.55568,0.527515,1.028160,1,0,34.2799,0,0,0,34.2799,0
53.6606,2.34317,0,0,0.860596,0.0607924,0.36288,3.6288,21.794,0.520225,0,0,0.352495,0.243002,0,0.66528,12.849,1,0.541824,0.36288,0,20.9859,6.03984,14.7671,0.84672,12.849,0.84672,3695.15,0,36.966,0.866061,0.204422,2.36655,2.72342,1.47537,2.95297,0.42336,36.966,0.42336,423.524,0,0.854963,0,0,1.05938,0.204422,1.028160,1,0,17.7201,0,0,0,17.7201,0
51.9128,2.32788,0,0,1.04496,0.102064,0.36288,3.6288,21.4214,0.512176,0,0,0.357359,0.217776,0,0.66528,12.849,1,0.557409,0.36288,0,19.0515,5.76377,13.0933,0.84672,12.849,0.84672,3695.15,0,36.966,0.868732,0.216518,2.27224,2.0149,1.38054,2.25438,0.42336,36.966,0.42336,423.524,0,0.860518,0,0,1.07704,0.216518,1.028160,1,0,15.3476,0,0,0,15.3476,0
50.7429,2.31307,0,0,1.60629,0.100247,0.36288,3.6288,21.3631,0.445192,0,0,0.603599,0.216695,0,0.66528,12.849,1,0.572511,0.36288,0,35.3512,5.76377,29.3779,0.84672,12.849,0.84672,3695.15,0,36.966,0.76825,0.849191,2.27243,3.89527,1.38054,4.86809,0.42336,36.966,0.42336,423.524,0,1.02816,0,0,1.87735,0.849191,1.028160,1,0,34.2459,0,0,0,34.2459,0
49.3158,2.30277,0,0,1.33761,0.0990318,0.36288,3.6288,21.1817,0.444489,0,0,0.479589,0.216526,0,0.66528,12.849,1,0.583102,0.36288,0,52.4569,5.76377,46.4729,0.84672,12.849,0.84672,3695.15,0,36.966,0.76913,0.454576,2.27262,2.74245,1.38054,3.31997,0.42336,36.966,0.42336,423.524,0,1.02816,0,0,1.48274,0.454576,1.028160,1,0,49.7929,0,0,0,49.7929,0
48.483,2.22427,0,0,1.89626,0.14194,0.36288,3.6288,21.0202,0.409647,0,0,0.440994,0.192836,0,0.66528,12.849,1,0.579523,0.36288,0,50.4579,5.15949,45.0818,0.84672,12.849,0.84672,3695.15,0,36.966,0.714911,0.457721,2.27281,2.77406,1.31431,3.47537,0.42336,36.966,0.42336,423.524,0,1.02816,0,0,1.48588,0.457721,1.028160,1,0,48.5572,0,0,0,48.5572,0
48.1159,2.21662,0,0,2.38329,0.170889,0.36288,3.6288,21.0507,0.407717,0,0,0.564831,0.126616,0,0.66528,12.849,1,0.587452,0.36288,0,57.1434,3.68088,53.238,0.84672,12.849,0.84672,3695.15,0,36.966,0.717009,1.0348,2.18862,4.39804,0.893646,6.01081,0.42336,36.966,0.42336,423.524,0,1.02816,0,0,2.06296,1.0348,1.028160,1,0,59.2488,0,0,0,59.2488,0
47.7849,2.21331,0,0,2.42761,0.182369,0.36288,3.6288,21.451,0.408155,0,0,0.923715,0.115183,0,0.66528,12.849,1,0.591049,0.36288,0,99.0137,3.4986,95.2869,0.84672,12.849,0.84672,3695.15,0,36.966,0.71674,1.76551,2.1888,6.70247,0.836923,9.10312,0.42336,36.966,0.42336,423.524,0,1.02816,0,0,2.79367,1.76551,1.028160,1,0,104.39,0,0,0,104.39,0
47.4658,2.21031,0,0,2.43578,0.181711,0.36288,3.6288,21.7149,0.413129,0,0,0.792811,0.115804,0,0.66528,12.849,1,0.594335,0.36288,0,93.2627,3.4986,89.5327,0.84672,12.849,0.84672,3695.15,0,36.966,0.711934,2.62743,2.18899,8.53468,0.836923,11.8022,0.42336,36.966,0.42336,423.524,0,1.02816,0,0,3.65559,2.62743,1.028160,1,0,101.335,0,0,0,101.335,0
50.0552,2.02322,0,0,5.16988,0.19439,0.36288,3.6288,22.3757,0.347591,0,0,1.12205,0.113703,0,0.66528,12.849,1,0.547687,0.36288,0,122.784,3.63404,118.965,0.84672,12.849,0.84672,3695.15,0,36.966,0.591715,2.71823,2.18917,10.0454,0.904355,13.4567,0.42336,36.966,0.42336,423.524,0,1.02816,0,0,3.74639,2.71823,1.028160,1,0,132.422,0,0,0,132.422,0
54.8783,2.04598,0,0,7.45148,0.219509,0.36288,3.6288,23.9265,0.354237,0,0,2.02916,0.124063,0,0.66528,12.849,1,0.525195,0.36288,0,174.976,3.92698,170.886,0.84672,12.849,0.84672,3695.15,0,36.966,0.585221,1.56748,2.00185,13.445,1.01382,15.4153,0.42336,36.966,0.42336,423.524,0,1.02816,0,0,2.59564,1.56748,1.028160,1,0,186.302,0,0,0,186.302,0
59.3593,2.08359,0,0,7.14871,0.221262,0.36288,3.6288,25.2907,0.369201,0,0,1.89589,0.162473,0,0.66528,12.849,1,0.487844,0.36288,0,168.767,4.57821,164.064,0.84672,12.849,0.84672,3695.15,0,36.966,0.570409,2.62441,2.00202,8.79327,1.0511,11.7982,0.42336,36.966,0.42336,423.524,0,1.02816,0,0,3.65257,2.62441,1.028160,1,0,175.862,0,0,0,175.862,0
62.3134,2.11408,0,0,5.66231,0.231232,0.36288,3.6288,26.573,0.381762,0,0,1.82908,0.165059,0,0.66528,12.849,1,0.457617,0.36288,0,142.544,4.57821,137.872,0.84672,12.849,0.84672,3695.15,0,36.966,0.558,4.80208,2.00219,10.4223,1.0511,15.6174,0.42336,36.966,0.42336,423.524,0,1.02816,0,0,5.83024,4.80208,1.028160,1,0,153.489,0,0,0,153.489,0
65.4449,2.13228,0,0,5.86388,0.237249,0.36288,3.6288,28.1496,0.393087,0,0,2.13713,0.167489,0,0.66528,12.849,1,0.439676,0.36288,0,143.236,4.57821,138.581,0.84672,12.849,0.84672,3695.15,0,36.966,0.546827,7.62644,2.00235,15.2775,1.0511,23.3084,0.42336,36.966,0.42336,423.524,0,1.02816,0,0,8.6546,7.62644,1.028160,1,0,161.889,0,0,0,161.889,0
66.3557,2.22536,0,0,3.75978,0.260714,0.36288,3.6288,28.3004,0.429675,0,0,0.767206,0.186693,0,0.66528,12.849,1,0.436911,0.36288,0,98.61,4.76172,93.7743,0.84672,12.849,0.84672,3695.15,0,36.966,0.56425,1.80489,2.00252,7.57745,1.26841,9.5522,0.42336,36.966,0.42336,423.524,0,1.02816,0,0,2.83305,1.80489,1.028160,1,0,103.326,0,0,0,103.326,0
65.6651,2.23059,0,0,2.1684,0.26553,0.36288,3.6288,28.4042,0.431043,0,0,0.724546,0.189719,0,0.66528,12.849,1,0.431928,0.36288,0,69.3299,4.79231,64.4686,0.84672,12.849,0.84672,3695.15,0,36.966,0.563028,1.39011,2.06117,3.81443,1.30463,5.39805,0.42336,36.966,0.42336,423.524,0,1.02816,0,0,2.41827,1.39011,1.028160,1,0,69.8666,0,0,0,69.8666,0
70.3506,2.227,0,0,7.52414,0.248803,0.36288,3.6288,29.6572,0.432,0,0,1.86771,0.182733,0,0.66528,12.849,1,0.435768,0.36288,0,199.07,4.22285,194.774,0.84672,12.849,0.84672,3695.15,0,36.966,0.562217,5.51994,2.06133,15.7222,1.18797,21.5533,0.42336,36.966,0.42336,423.524,0,1.02816,0,0,6.5481,5.51994,1.028160,1,0,216.328,0,0,0,216.328,0
71.8008,2.25176,0,0,4.31113,0.246235,0.36288,3.6288,30.2379,0.442639,0,0,1.20323,0.17985,0,0.66528,12.849,1,0.411266,0.36288,0,115.653,3.79575,111.809,0.84672,12.849,0.84672,3695.15,0,36.966,0.551725,3.05304,2.06149,7.809,1.10047,11.2713,0.42336,36.966,0.42336,423.524,0,1.02816,0,0,4.0812,3.05304,1.028160,1,0,123.081,0,0,0,123.081,0
72.29,2.50437,0,0,6.14742,0.255825,2.89804,3.6288,31.0387,0.538481,0,0,1.5251,0.185806,0,0.66528,12.849,1,0.448166,2.89804,0,179.966,3.91172,178.504,0.84672,12.849,0.84672,3695.15,0,36.966,0.658296,4.77095,2.06165,13.2576,1.11471,18.3172,0.42336,36.966,0.42336,423.524,0,1.02816,0,0,5.79911,4.77095,1.028160,1,0,196.821,0,0,0,196.821,0
72.29,2.50718,0,0,7.51542,0.293103,4.71513,3.6288,32.2476,0.546308,0,0,1.92125,0.166102,0,0.66528,12.849,1,0.445633,4.71513,0,242.569,3.46531,243.373,0.84672,12.849,0.84672,3695.15,0,36.966,0.650633,4.40154,2.27229,15.4646,0.993205,20.4946,0.42336,36.966,0.42336,423.524,0,1.02816,0,0,5.4297,4.40154,1.028160,1,0,263.868,0,0,0,263.868,0
72.29,2.50742,0,0,6.46903,0.293103,3.6685,3.6288,33.0394,0.557747,0,0,1.51788,0.168316,0,0.66528,12.849,1,0.445675,3.6685,0,199.494,3.46531,199.252,0.84672,12.849,0.84672,3695.15,0,36.966,0.639357,3.39335,2.27247,11.5089,0.993205,15.5422,0.42336,36.966,0.42336,423.524,0,1.02816,0,0,4.42151,3.39335,1.028160,1,0,214.794,0,0,0,214.794,0
72.29,2.50765,0,0,9.31003,0.293103,6.50927,3.6288,34.4704,0.565056,0,0,2.16587,0.169767,0,0.66528,12.849,1,0.445717,6.50927,0,258.898,3.46531,261.496,0.84672,12.849,0.84672,3695.15,0,36.966,0.632211,5.54457,2.27265,19.2578,0.993205,25.4496,0.42336,36.966,0.42336,423.524,0,1.02816,0,0,6.57273,5.54457,1.028160,1,0,286.945,0,0,0,286.945,0
72.29,2.15745,0,0,8.54619,0.283945,6.10479,3.6288,36.4138,0.446774,0,0,2.57604,0.185884,0,0.66528,12.849,1,0.383471,6.10479,0,303.971,4.11665,305.575,0.84672,12.849,0.84672,3695.15,0,36.966,0.47912,6.16092,2.27283,23.6365,1.14507,30.4461,0.42336,36.966,0.42336,423.524,0,1.02816,0,0,7.18908,6.16092,1.028160,1,0,336.022,0,0,0,336.022,0
72.29,2.15766,0,0,5.31948,0.295977,2.86584,3.6288,36.5616,0.459533,0,0,0.773137,0.165839,0,0.66528,12.849,1,0.383507,2.86584,0,219.355,3.76204,218.075,0.84672,12.849,0.84672,3695.15,0,36.966,0.466501,2.80594,1.98587,13.7652,0.964921,17.1256,0.42336,36.966,0.42336,423.524,0,1.02816,0,0,3.8341,2.80594,1.028160,1,0,235.201,0,0,0,235.201,0
72.29,2.15786,0,0,7.85189,0.295977,5.39805,3.6288,37.7375,0.46054,0,0,1.80257,0.166077,0,0.66528,12.849,1,0.383544,5.39805,0,222.278,3.76204,223.53,0.84672,12.849,0.84672,3695.15,0,36.966,0.465635,6.30388,1.98602,19.9047,0.964921,26.7641,0.42336,36.966,0.42336,423.524,0,1.02816,0,0,7.33204,6.30388,1.028160,1,0,250.294,0,0,0,250.294,0
72.29,2.15807,0,0,9.44058,0.296775,6.98574,3.6288,39.0826,0.467941,0,0,1.95285,0.139859,0,0.66528,12.849,1,0.38358,6.98574,0,225.81,3.60576,228.806,0.84672,12.849,0.84672,3695.15,0,36.966,0.458374,5.31368,1.98618,22.4324,0.908597,28.3653,0.42336,36.966,0.42336,423.524,0,1.02816,0,0,6.34184,5.31368,1.028160,1,0,257.172,0,0,0,257.172,0
72.29,2.15827,0,0,5.90356,0.297839,3.44745,3.6288,39.1985,0.47612,0,0,0.69574,0.103695,0,0.66528,12.849,1,0.383617,3.44745,0,167.951,3.39738,167.618,0.84672,12.849,0.84672,3695.15,0,36.966,0.450335,2.43414,1.98633,12.5858,0.833499,15.7224,0.42336,36.966,0.42336,423.524,0,1.02816,0,0,3.4623,2.43414,1.028160,1,0,183.34,0,0,0,183.34,0
72.29,2.24673,0,0,5.95008,0.346671,3.35669,3.6288,40.0046,0.51108,0,0,1.41598,0.0988335,0,0.66528,12.849,1,0.399339,3.35669,0,133.508,3.13362,133.332,0.84672,12.849,0.84672,3695.15,0,36.966,0.481972,2.85564,1.98649,8.54643,0.767639,12.1389,0.42336,36.966,0.42336,423.524,0,1.02816,0,0,3.8838,2.85564,1.028160,1,0,145.471,0,0,0,145.471,0
72.29,2.24694,0,0,5.44617,0.346671,2.85256,3.6288,40.5577,0.516204,0,0,1.16888,0.0995882,0,0.66528,12.849,1,0.399376,2.85256,0,152.976,3.13362,152.295,0.84672,12.849,0.84672,3695.15,0,36.966,0.476995,2.67211,2.05746,8.26502,0.767639,11.75,0.42336,36.966,0.42336,423.524,0,1.02816,0,0,3.70027,2.67211,1.028160,1,0,164.045,0,0,0,164.045,0
72.29,2.24715,0,0,4.70167,0.302031,2.15249,3.6288,40.9036,0.519683,0,0,0.985962,0.120295,0,0.66528,12.849,1,0.399414,2.15249,0,142.802,3.42447,141.131,0.84672,12.849,0.84672,3695.15,0,36.966,0.473662,2.37719,2.05762,8.22632,0.82489,11.3626,0.42336,36.966,0.42336,423.524,0,1.02816,0,0,3.40535,2.37719,1.028160,1,0,152.493,0,0,0,152.493,0
72.29,2.24736,0,0,4.28181,0.284175,1.75027,3.6288,41.1971,0.521864,0,0,0.944101,0.128797,0,0.66528,12.849,1,0.399452,1.75027,0,95.2862,3.54081,93.0962,0.84672,12.849,0.84672,3695.15,0,36.966,0.471627,2.14207,2.05778,6.78908,0.847791,9.66951,0.42336,36.966,0.42336,423.524,0,1.02816,0,0,3.17023,2.14207,1.028160,1,0,102.766,0,0,0,102.766,0
72.29,2.21306,0,0,3.9504,0.323819,1.41352,3.6288,41.4297,0.510103,0,0,0.886248,0.143519,0,0.66528,12.849,1,0.393355,1.41352,0,97.2112,3.76581,94.4656,0.84672,12.849,0.84672,3695.15,0,36.966,0.457714,1.56642,2.05794,5.82555,0.90444,8.08776,0.42336,36.966,0.42336,423.524,0,1.02816,0,0,2.59458,1.56642,1.028160,1,0,102.553,0,0,0,102.553,0
72.29,2.21327,0,0,3.6389,0.283186,1.14244,3.6288,41.5681,0.511538,0,0,0.815499,0.165607,0,0.66528,12.849,1,0.393392,1.14244,0,92.1318,4.02258,88.8582,0.84672,12.849,0.84672,3695.15,0,36.966,0.456424,1.57286,2.03053,5.65661,0.938745,7.86483,0.42336,36.966,0.42336,423.524,0,1.02816,0,0,2.60102,1.57286,1.028160,1,0,96.7231,0,0,0,96.7231,0
72.29,2.21348,0,0,3.44354,0.273771,0.956288,3.6288,41.6492,0.512418,0,0,0.762065,0.168501,0,0.66528,12.849,1,0.39343,0.956288,0,86.4622,4.05037,82.9747,0.84672,12.849,0.84672,3695.15,0,36.966,0.455688,1.49734,2.03069,5.2409,0.940685,7.37256,0.42336,36.966,0.42336,423.524,0,1.02816,0,0,2.5255,1.49734,1.028160,1,0,90.3473,0,0,0,90.3473,0
72.29,2.21369,0,0,3.186,0.273771,0.698537,3.6288,41.7964,0.512965,0,0,0.82877,0.168633,0,0.66528,12.849,1,0.393467,0.698537,0,78.6465,4.05037,74.9012,0.84672,12.849,0.84672,3695.15,0,36.966,0.455285,1.7317,2.03085,5.40945,0.940685,7.77603,0.42336,36.966,0.42336,423.524,0,1.02816,0,0,2.75986,1.7317,1.028160,1,0,82.6772,0,0,0,82.6772,0
72.29,2.3311,0,0,2.98402,0.270863,0.382056,3.6288,41.9594,0.562498,0,0,0.901061,0.175509,0,0.66528,12.849,1,0.414336,0.382056,0,71.4415,4.24754,67.1617,0.84672,12.849,0.84672,3695.15,0,36.966,0.497491,1.61947,2.03101,5.45382,0.969098,7.63771,0.42336,36.966,0.42336,423.524,0,1.02816,0,0,2.64763,1.61947,1.028160,1,0,74.7994,0,0,0,74.7994,0
71.8398,2.33132,0,0,2.49125,0.247205,0.36288,3.6288,41.7769,0.563606,0,0,0.561565,0.180468,0,0.66528,12.849,1,0.414375,0.36288,0,55.349,4.33369,50.9639,0.84672,12.849,0.84672,3695.15,0,36.966,0.496534,0.730875,2.1278,3.66844,1.04303,4.98755,0.42336,36.966,0.42336,423.524,0,1.02816,0,0,1.75903,0.730875,1.028160,1,0,55.9514,0,0,0,55.9514,0
71.1751,2.32934,0,0,2.23545,0.20797,0.36288,3.6288,41.5782,0.562536,0,0,0.545672,0.181818,0,0.66528,12.849,1,0.416617,0.36288,0,48.4167,4.39856,43.9644,0.84672,12.849,0.84672,3695.15,0,36.966,0.497756,0.738677,2.12796,3.42873,1.00206,4.79555,0.42336,36.966,0.42336,423.524,0,1.02816,0,0,1.76684,0.738677,1.028160,1,0,48.7599,0,0,0,48.7599,0
70.4865,2.32626,0,0,2.20744,0.206917,0.36288,3.6288,41.4281,0.561358,0,0,0.592691,0.181469,0,0.66528,12.849,1,0.419953,0.36288,0,46.8212,4.39856,42.3656,0.84672,12.849,0.84672,3695.15,0,36.966,0.499087,0.701594,2.12813,3.75919,1.00206,5.08777,0.42336,36.966,0.42336,423.524,0,1.02816,0,0,1.72975,0.701594,1.028160,1,0,47.4533,0,0,0,47.4533,0
69.6593,2.32301,0,0,2.06451,0.205827,0.36288,3.6288,41.2333,0.560482,0,0,0.546895,0.181206,0,0.66528,12.849,1,0.423463,0.36288,0,43.7979,4.39856,39.3388,0.84672,12.849,0.84672,3695.15,0,36.966,0.500114,0.630228,2.1283,3.30073,1.00206,4.55708,0.42336,36.966,0.42336,423.524,0,1.02816,0,0,1.65839,0.630228,1.028160,1,0,43.8958,0,0,0,43.8958,0
68.7684,2.29593,0,0,1.90423,0.136276,0.36288,3.6288,40.9595,0.585872,0,0,0.508339,0.19632,0,0.66528,12.849,1,0.423496,0.36288,0,43.3909,4.41242,38.9178,0.84672,12.849,0.84672,3695.15,0,36.966,0.525239,1.39033,2.12846,5.28111,1.031,7.24366,0.42336,36.966,0.42336,423.524,0,1.02816,0,0,2.41849,1.39033,1.028160,1,0,46.1615,0,0,0,46.1615,0
67.7286,2.29152,0,0,1.74995,0.135336,0.36288,3.6288,40.6733,0.584108,0,0,0.493724,0.195798,0,0.66528,12.849,1,0.428159,0.36288,0,42.7057,4.41242,38.228,0.84672,12.849,0.84672,3695.15,0,36.966,0.527159,1.39135,2.16242,5.32532,1.031,7.32094,0.42336,36.966,0.42336,423.524,0,1.02816,0,0,2.41951,1.39135,1.028160,1,0,45.5489,0,0,0,45.5489,0
66.5382,2.28621,0,0,1.59287,0.134239,0.36288,3.6288,40.3576,0.582247,0,0,0.461778,0.195254,0,0.66528,12.849,1,0.433725,0.36288,0,40.9973,4.41242,36.5141,0.84672,12.849,0.84672,3695.15,0,36.966,0.529177,1.0682,2.16259,5.00266,1.031,6.67328,0.42336,36.966,0.42336,423.524,0,1.02816,0,0,2.09636,1.0682,1.028160,1,0,43.1873,0,0,0,43.1873,0
65.2407,2.27993,0,0,1.4647,0.119325,0.36288,3.6288,39.9958,0.580168,0,0,0.440878,0.2225,0,0.66528,12.849,1,0.44027,0.36288,0,36.3454,4.83586,31.4321,0.84672,12.849,0.84672,3695.15,0,36.966,0.531412,1.05774,2.16276,4.81364,1.18557,6.31716,0.42336,36.966,0.42336,423.524,0,1.02816,0,0,2.0859,1.05774,1.028160,1,0,37.7493,0,0,0,37.7493,0
63.7562,2.33177,0,0,1.31911,0.109038,0.36288,3.6288,39.5113,0.601085,0,0,0.377326,0.260712,0,0.66528,12.849,1,0.459235,0.36288,0,30.5645,5.61754,24.8506,0.84672,12.849,0.84672,3695.15,0,36.966,0.555551,0.756207,2.16293,4.31207,1.42547,5.25018,0.42336,36.966,0.42336,423.524,0,1.02816,0,0,1.78437,0.756207,1.028160,1,0,30.1008,0,0,0,30.1008,0
62.355,2.32308,0,0,1.3992,0.114383,0.36288,3.6288,39.1246,0.597648,0,0,0.471956,0.261011,0,0.66528,12.849,1,0.468179,0.36288,0,39.4257,5.78036,33.54,0.84672,12.849,0.84672,3695.15,0,36.966,0.559148,0.945458,2.21101,4.90589,1.45083,6.05237,0.42336,36.966,0.42336,423.524,0,1.02816,0,0,1.97362,0.945458,1.028160,1,0,39.5924,0,0,0,39.5924,0
60.838,2.31458,0,0,1.27359,0.113083,0.36288,3.6288,38.6589,0.594889,0,0,0.389271,0.260058,0,0.66528,12.849,1,0.476947,0.36288,0,31.7551,5.78036,25.8607,0.84672,12.849,0.84672,3695.15,0,36.966,0.562068,0.98807,2.21118,4.55868,1.45083,5.74503,0.42336,36.966,0.42336,423.524,0,1.02816,0,0,2.01623,0.98807,1.028160,1,0,31.6057,0,0,0,31.6057,0
59.2168,2.30498,0,0,1.15832,0.111675,0.36288,3.6288,38.171,0.59151,0,0,0.362521,0.25891,0,0.66528,12.849,1,0.486812,0.36288,0,29.603,5.78036,23.6987,0.84672,12.849,0.84672,3695.15,0,36.966,0.565607,0.673816,2.21135,4.06268,1.45083,4.93141,0.42336,36.966,0.42336,423.524,0,1.02816,0,0,1.70198,0.673816,1.028160,1,0,28.6301,0,0,0,28.6301,0
57.4907,2.46406,0,0,1.20766,0.10688,0.36288,3.6288,37.6705,0.66528,0,0,0.422112,0.257336,0,0.66528,12.849,1,0.534657,0.36288,0,28.4123,5.89473,22.3458,0.84672,12.849,0.84672,3695.15,0,36.966,0.654118,1.14591,2.21153,5.4422,1.45901,6.68651,0.42336,36.966,0.42336,423.524,0,1.02816,0,0,2.17407,1.14591,1.028160,1,0,29.0323,0,0,0,29.0323,0
55.3569,2.45117,0,0,0.827522,0.147237,0.36288,3.6288,37.1639,0.66528,0,0,0.382657,0.223981,0,0.66528,12.849,1,0.54783,0.36288,0,21.5166,5.53413,15.7975,0.84672,12.849,0.84672,3695.15,0,36.966,0.654292,1.09565,2.37568,4.17181,1.29895,5.68989,0.42336,36.966,0.42336,423.524,0,1.02816,0,0,2.12381,1.09565,1.028160,1,0,21.4874,0,0,0,21.4874,0
53.2169,2.43426,0,0,0.801343,0.144158,0.36288,3.6288,36.6482,0.661635,0,0,0.368807,0.22289,0,0.66528,12.849,1,0.565021,0.36288,0,21.3265,5.53413,15.5902,0.84672,12.849,0.84672,3695.15,0,36.966,0.658111,1.03837,2.37587,4.21513,1.29895,5.67231,0.42336,36.966,0.42336,423.524,0,1.02816,0,0,2.06653,1.03837,1.028160,1,0,21.2625,0,0,0,21.2625,0
51.2904,2.41618,0,0,0.993548,0.141071,0.36288,3.6288,36.1641,0.657111,0,0,0.394805,0.22178,0,0.66528,12.849,1,0.583377,0.36288,0,20.8841,5.53413,15.1295,0.84672,12.849,0.84672,3695.15,0,36.966,0.662809,1.2746,2.37606,6.18263,1.29895,7.87152,0.42336,36.966,0.42336,423.524,0,1.02816,0,0,2.30276,1.2746,1.028160,1,0,23.001,0,0,0,23.001,0
49.1402,2.39889,0,0,0.751956,0.140377,0.36288,3.6288,35.6431,0.652809,0,0,0.352555,0.220771,0,0.66528,12.849,1,0.600957,0.36288,0,19.774,5.54523,13.9907,0.84672,12.849,0.84672,3695.15,0,36.966,0.667285,1.04357,2.37624,4.09019,1.29678,5.54595,0.42336,36.966,0.42336,423.524,0,1.02816,0,0,2.07173,1.04357,1.028160,1,0,19.5367,0,0,0,19.5367,0
47.1478,2.29839,0,0,0.843376,0.174456,0.36288,3.6288,35.0851,0.599782,0,0,0.242746,0.200958,0,0.66528,12.849,1,0.600974,0.36288,0,21.1895,5.23149,15.7199,0.84672,12.849,0.84672,3695.15,0,36.966,0.622043,0.79056,2.37643,4.27713,1.1628,5.65928,0.42336,36.966,0.42336,423.524,0,1.02816,0,0,1.81872,0.79056,1.028160,1,0,21.3792,0,0,0,21.3792,0
45.2117,2.27864,0,0,0.905964,0.200605,0.36288,3.6288,34.5889,0.595045,0,0,0.280495,0.181615,0,0.66528,12.849,1,0.620989,0.36288,0,22.2108,4.16186,17.7908,0.84672,12.849,0.84672,3695.15,0,36.966,0.626945,0.687917,2.28168,5.57388,0.849925,7.0666,0.42336,36.966,0.42336,423.524,0,1.02816,0,0,1.71608,0.687917,1.028160,1,0,24.8574,0,0,0,24.8574,0
43.321,2.25815,0,0,0.944715,0.214396,0.36288,3.6288,34.2611,0.590778,0,0,0.438186,0.175215,0,0.66528,12.849,1,0.641757,0.36288,0,22.6591,3.89025,18.49,0.84672,12.849,0.84672,3695.15,0,36.966,0.631378,1.49379,2.28186,7.70187,0.788397,10.0577,0.42336,36.966,0.42336,423.524,0,1.02816,0,0,2.52195,1.49379,1.028160,1,0,28.5477,0,0,0,28.5477,0
41.4477,2.23675,0,0,0.936196,0.209834,0.36288,3.6288,34.0093,0.587952,0,0,0.510831,0.174646,0,0.66528,12.849,1,0.663422,0.36288,0,22.1776,3.89025,17.9868,0.84672,12.849,0.84672,3695.15,0,36.966,0.63437,1.90269,2.28204,7.79043,0.788397,10.5524,0.42336,36.966,0.42336,423.524,0,1.02816,0,0,2.93085,1.90269,1.028160,1,0,28.5392,0,0,0,28.5392,0
39.6404,2.15092,0,0,0.912246,0.205783,0.36288,3.6288,33.6396,0.542828,0,0,0.368009,0.194885,0,0.66528,12.849,1,0.666795,0.36288,0,19.9071,4.15463,15.4485,0.84672,12.849,0.84672,3695.15,0,36.966,0.59002,0.917291,2.28221,6.00934,0.956087,7.66274,0.42336,36.966,0.42336,423.524,0,1.02816,0,0,1.94545,0.917291,1.028160,1,0,23.1113,0,0,0,23.1113,0
37.9559,2.12816,0,0,1.0086,0.202041,0.36288,3.6288,33.1905,0.539814,0,0,0.312296,0.221607,0,0.66528,12.849,1,0.689819,0.36288,0,19.1097,4.50712,14.2756,0.84672,12.849,0.84672,3695.15,0,36.966,0.593192,0.535749,2.19763,7.43803,1.17967,8.39855,0.42336,36.966,0.42336,423.524,0,1.02816,0,0,1.56391,0.535749,1.028160,1,0,22.6742,0,0,0,22.6742,0
36.6279,2.10548,0,0,1.34438,0.203963,0.36288,3.6288,32.8694,0.536092,0,0,0.433564,0.218629,0,0.66528,12.849,1,0.712758,0.36288,0,33.6292,4.43564,28.8437,0.84672,12.849,0.84672,3695.15,0,36.966,0.597073,1.10363,2.19781,10.6037,1.16929,12.1388,0.42336,36.966,0.42336,423.524,0,1.02816,0,0,2.13179,1.10363,1.028160,1,0,40.9825,0,0,0,40.9825,0
37.0168,2.08655,0,0,3.07357,0.235233,0.36288,3.6288,32.9786,0.53342,0,0,0.849083,0.206445,0,0.66528,12.849,1,0.731957,0.36288,0,42.6333,4.0067,38.2575,0.84672,12.849,0.84672,3695.15,0,36.966,0.599903,1.78566,2.19798,17.2576,1.10699,19.5344,0.42336,36.966,0.42336,423.524,0,1.02816,0,0,2.81382,1.78566,1.028160,1,0,57.7919,0,0,0,57.7919,0
37.3959,1.91796,0,0,2.89542,0.235488,0.36288,3.6288,32.9245,0.446378,0,0,0.596834,0.204547,0,0.66528,12.849,1,0.665749,0.36288,0,42.6947,4.08558,38.3063,0.84672,12.849,0.84672,3695.15,0,36.966,0.500349,1.85223,2.19815,10.6776,1.12332,13.1043,0.42336,36.966,0.42336,423.524,0,1.02816,0,0,2.88039,1.85223,1.028160,1,0,51.4106,0,0,0,51.4106,0
38.8241,1.92317,0,0,3.94576,0.231521,0.36288,3.6288,32.9693,0.446057,0,0,0.682422,0.191581,0,0.66528,12.849,1,0.660789,0.36288,0,44.0036,4.55889,39.1468,0.84672,12.849,0.84672,3695.15,0,36.966,0.500811,1.83098,2.00998,14.8808,1.22127,16.9996,0.42336,36.966,0.42336,423.524,0,1.02816,0,0,2.85914,1.83098,1.028160,1,0,56.1464,0,0,0,56.1464,0
39.6191,1.94162,0,0,3.3349,0.235419,0.36288,3.6288,32.7056,0.446445,0,0,0.374401,0.191673,0,0.66528,12.849,1,0.642586,0.36288,0,45.7585,4.55889,40.9199,0.84672,12.849,0.84672,3695.15,0,36.966,0.500566,1.15166,2.01014,9.43125,1.22127,10.8712,0.42336,36.966,0.42336,423.524,0,1.02816,0,0,2.17982,1.15166,1.028160,1,0,51.7911,0,0,0,51.7911,0
39.6993,1.95154,0,0,2.63217,0.237588,0.36288,3.6288,32.3693,0.444617,0,0,0.29948,0.191127,0,0.66528,12.849,1,0.63291,0.36288,0,31.7815,4.55889,26.9526,0.84672,12.849,0.84672,3695.15,0,36.966,0.502536,0.778257,2.0103,9.74264,1.22127,10.8074,0.42336,36.966,0.42336,423.524,0,1.02816,0,0,1.80642,0.778257,1.028160,1,0,37.76,0,0,0,37.76,0
39.3845,1.95269,0,0,2.23609,0.235323,0.36288,3.6288,32.0835,0.442246,0,0,0.354474,0.197982,0,0.66528,12.849,1,0.632005,0.36288,0,35.4043,4.89021,30.245,0.84672,12.849,0.84672,3695.15,0,36.966,0.505049,1.13343,2.01045,17.9912,1.29798,19.332,0.42336,36.966,0.42336,423.524,0,1.02816,0,0,2.16159,1.13343,1.028160,1,0,49.577,0,0,0,49.577,0
40.329,1.97797,0,0,3.53386,0.248429,0.36288,3.6288,31.9617,0.451313,0,0,0.509363,0.179887,0,0.66528,12.849,1,0.645304,0.36288,0,75.7587,4.55299,70.9233,0.84672,12.849,0.84672,3695.15,0,36.966,0.519994,1.22267,2.01061,15.0493,1.26436,16.4982,0.42336,36.966,0.42336,423.524,0,1.02816,0,0,2.25083,1.22267,1.028160,1,0,87.4216,0,0,0,87.4216,0
50.9874,1.83151,0,0,13.0952,0.242484,0.36288,3.6288,32.5698,0.394383,0,0,1.1541,0.151631,0,0.66528,12.849,1,0.583526,0.36288,0,172.584,3.48653,168.877,0.84672,12.849,0.84672,3695.15,0,36.966,0.456132,2.80181,2.03639,24.7139,1.09922,27.9967,0.42336,36.966,0.42336,423.524,0,1.02816,0,0,3.82997,2.80181,1.028160,1,0,196.874,0,0,0,196.874,0
54.8982,2.13726,0,0,6.68421,0.27322,0.36288,3.6288,32.6656,0.469236,0,0,0.717708,0.152638,0,0.66528,12.849,1,0.538597,0.36288,0,134.129,3.48653,130.467,0.84672,12.849,0.84672,3695.15,0,36.966,0.532573,1.64143,1.90404,14.6058,1.09922,16.5195,0.42336,36.966,0.42336,423.524,0,1.02816,0,0,2.66959,1.64143,1.028160,1,0,146.986,0,0,0,146.986,0
58.431,2.16854,0,0,6.34858,0.284402,0.36288,3.6288,33.3789,0.470033,0,0,1.33611,0.152796,0,0.66528,12.849,1,0.50755,0.36288,0,114.626,3.48653,110.995,0.84672,12.849,0.84672,3695.15,0,36.966,0.531912,3.88554,2.06981,20.2026,1.09922,24.5268,0.42336,36.966,0.42336,423.524,0,1.02816,0,0,4.9137,3.88554,1.028160,1,0,135.522,0,0,0,135.522,0
60.5634,2.43206,0,0,5.21099,0.28363,0.36288,3.6288,33.4874,0.57189,0,0,0.826705,0.146336,0,0.66528,12.849,1,0.53481,0.36288,0,95.8928,3.60464,92.1162,0.84672,12.849,0.84672,3695.15,0,36.966,0.633349,1.81746,2.06996,15.8134,0.98996,18.0775,0.42336,36.966,0.42336,423.524,0,1.02816,0,0,2.84562,1.81746,1.028160,1,0,110.194,0,0,0,110.194,0
62.2683,2.4478,0,0,4.82372,0.308172,0.36288,3.6288,33.6056,0.572938,0,0,0.808475,0.117276,0,0.66528,12.849,1,0.519321,0.36288,0,122.452,3.02169,119.274,0.84672,12.849,0.84672,3695.15,0,36.966,0.632454,2.4994,2.28151,15.159,0.968997,18.3384,0.42336,36.966,0.42336,423.524,0,1.02816,0,0,3.52756,2.4994,1.028160,1,0,137.612,0,0,0,137.612,0
63.0202,2.45981,0,0,3.88716,0.312548,0.36288,3.6288,33.5525,0.57407,0,0,0.638328,0.117425,0,0.66528,12.849,1,0.507578,0.36288,0,84.1113,3.02169,80.9449,0.84672,12.849,0.84672,3695.15,0,36.966,0.631474,1.38643,2.28168,13.7193,0.968997,15.7869,0.42336,36.966,0.42336,423.524,0,1.02816,0,0,2.41459,1.38643,1.028160,1,0,96.7318,0,0,0,96.7318,0
67.4238,2.46505,0,0,7.53639,0.304819,0.36288,3.6288,34.0594,0.573667,0,0,1.21551,0.134887,0,0.66528,12.849,1,0.502592,0.36288,0,128.383,3.54585,124.698,0.84672,12.849,0.84672,3695.15,0,36.966,0.63203,3.94051,2.28185,18.3206,1.13298,22.778,0.42336,36.966,0.42336,423.524,0,1.02816,0,0,4.96867,3.94051,1.028160,1,0,147.476,0,0,0,147.476,0
72.29,2.14466,0,0,7.73709,0.289393,0.436883,3.6288,34.8555,0.447469,0,0,1.39712,0.153526,0,0.66528,12.849,1,0.408709,0.436883,0,132.428,3.91884,128.537,0.84672,12.849,0.84672,3695.15,0,36.966,0.485655,6.08608,2.28201,22.2361,1.21279,28.9057,0.42336,36.966,0.42336,423.524,0,1.02816,0,0,7.11424,6.08608,1.028160,1,0,157.443,0,0,0,157.443,0
72.29,2.16821,0,0,6.79882,0.298367,4.33224,3.6288,35.299,0.452916,0,0,1.0442,0.147872,0,0.66528,12.849,1,0.385383,4.33224,0,128.92,3.86096,129.006,0.84672,12.849,0.84672,3695.15,0,36.966,0.480339,3.8268,1.99379,16.7503,1.13033,20.9602,0.42336,36.966,0.42336,423.524,0,1.02816,0,0,4.85496,3.8268,1.028160,1,0,149.966,0,0,0,149.966,0
72.29,2.1684,0,0,5.79421,0.298367,3.32744,3.6288,35.5531,0.455927,0,0,0.858587,0.14852,0,0.66528,12.849,1,0.385417,3.32744,0,98.9907,3.86096,98.0718,0.84672,12.849,0.84672,3695.15,0,36.966,0.477459,3.132,1.99393,12.8791,1.13033,16.3973,0.42336,36.966,0.42336,423.524,0,1.02816,0,0,4.16016,3.132,1.028160,1,0,114.469,0,0,0,114.469,0
72.29,2.16859,0,0,6.03066,0.298367,3.5637,3.6288,35.8733,0.457665,0,0,0.926804,0.148891,0,0.66528,12.849,1,0.385451,3.5637,0,85.9179,3.86096,85.2352,0.84672,12.849,0.84672,3695.15,0,36.966,0.475853,3.63029,1.99408,14.8579,1.13033,18.876,0.42336,36.966,0.42336,423.524,0,1.02816,0,0,4.65845,3.63029,1.028160,1,0,104.111,0,0,0,104.111,0
72.29,2.16879,0,0,5.5892,0.298367,3.12205,3.6288,36.0701,0.459821,0,0,0.805956,0.149359,0,0.66528,12.849,1,0.385485,3.12205,0,129.195,3.86096,128.07,0.84672,12.849,0.84672,3695.15,0,36.966,0.473827,3.21322,1.99422,12.7158,1.13033,16.3191,0.42336,36.966,0.42336,423.524,0,1.02816,0,0,4.24138,3.21322,1.028160,1,0,144.39,0,0,0,144.39,0
72.29,2.25761,0,0,8.66151,0.262333,6.14157,3.6288,36.6709,0.494126,0,0,1.24192,0.146988,0,0.66528,12.849,1,0.401273,6.14157,0,176.268,4.59734,177.411,0.84672,12.849,0.84672,3695.15,0,36.966,0.506399,4.34854,1.99436,20.4029,1.12281,25.1166,0.42336,36.966,0.42336,423.524,0,1.02816,0,0,5.3767,4.34854,1.028160,1,0,202.528,0,0,0,202.528,0
72.29,2.25781,0,0,5.9226,0.256328,3.40846,3.6288,37.0116,0.498326,0,0,0.986425,0.147405,0,0.66528,12.849,1,0.401308,3.40846,0,122.755,4.72006,121.042,0.84672,12.849,0.84672,3695.15,0,36.966,0.502335,3.28841,2.06564,16.5269,1.12156,20.2571,0.42336,36.966,0.42336,423.524,0,1.02816,0,0,4.31657,3.28841,1.028160,1,0,141.299,0,0,0,141.299,0
72.29,2.25801,0,0,5.06593,0.256328,2.55159,3.6288,37.2591,0.500707,0,0,0.896076,0.147892,0,0.66528,12.849,1,0.401344,2.55159,0,102.527,4.72006,99.9567,0.84672,12.849,0.84672,3695.15,0,36.966,0.50009,3.30074,2.06579,14.8645,1.12156,18.6094,0.42336,36.966,0.42336,423.524,0,1.02816,0,0,4.3289,3.30074,1.028160,1,0,118.566,0,0,0,118.566,0
72.29,2.25821,0,0,4.902,0.24383,2.39996,3.6288,37.4476,0.502443,0,0,0.833367,0.142407,0,0.66528,12.849,1,0.401379,2.39996,0,88.2066,4.44469,85.7605,0.84672,12.849,0.84672,3695.15,0,36.966,0.498491,2.84536,2.06593,14.2633,1.11755,17.5586,0.42336,36.966,0.42336,423.524,0,1.02816,0,0,3.87352,2.84536,1.028160,1,0,103.319,0,0,0,103.319,0
72.29,2.22374,0,0,4.56202,0.225966,2.11232,3.6288,37.5008,0.490725,0,0,0.659958,0.116018,0,0.66528,12.849,1,0.395253,2.11232,0,78.7723,3.68709,76.8022,0.84672,12.849,0.84672,3695.15,0,36.966,0.484414,1.98002,2.06608,12.3843,1.0735,14.8725,0.42336,36.966,0.42336,423.524,0,1.02816,0,0,3.00818,1.98002,1.028160,1,0,91.6747,0,0,0,91.6747,0
72.29,2.22394,0,0,3.59488,0.284676,1.08627,3.6288,37.3915,0.491139,0,0,0.509,0.127161,0,0.66528,12.849,1,0.395288,1.08627,0,57.6882,3.96921,54.4099,0.84672,12.849,0.84672,3695.15,0,36.966,0.484135,1.19432,2.03855,8.62998,1.08197,10.2967,0.42336,36.966,0.42336,423.524,0,1.02816,0,0,2.22248,1.19432,1.028160,1,0,64.7067,0,0,0,64.7067,0
72.29,2.22413,0,0,3.27434,0.200407,0.849797,3.6288,37.1672,0.490495,0,0,0.425511,0.159305,0,0.66528,12.849,1,0.395322,0.849797,0,52.3522,4.31517,48.4915,0.84672,12.849,0.84672,3695.15,0,36.966,0.484913,1.00837,2.0387,7.96781,1.10263,9.42733,0.42336,36.966,0.42336,423.524,0,1.02816,0,0,2.03653,1.00837,1.028160,1,0,57.9188,0,0,0,57.9188,0
72.29,2.22433,0,0,3.19203,0.186363,0.781341,3.6288,36.9786,0.489095,0,0,0.46478,0.164329,0,0.66528,12.849,1,0.395357,0.781341,0,50.7296,4.37283,46.7427,0.84672,12.849,0.84672,3695.15,0,36.966,0.486447,1.19224,2.03884,9.03087,1.10607,10.6694,0.42336,36.966,0.42336,423.524,0,1.02816,0,0,2.2204,1.19224,1.028160,1,0,57.4122,0,0,0,57.4122,0
72.29,2.34223,0,0,3.00952,0.182229,0.485062,3.6288,36.707,0.533924,0,0,0.428993,0.166659,0,0.66528,12.849,1,0.416313,0.485062,0,45.7758,4.48796,41.3566,0.84672,12.849,0.84672,3695.15,0,36.966,0.533742,0.912816,2.03899,7.999,1.10611,9.31095,0.42336,36.966,0.42336,423.524,0,1.02816,0,0,1.94098,0.912816,1.028160,1,0,50.6675,0,0,0,50.6675,0
72.29,2.34243,0,0,3.17465,0.157426,0.674788,3.6288,36.4155,0.532027,0,0,0.422444,0.181959,0,0.66528,12.849,1,0.41635,0.674788,0,42.4042,5.17871,37.4839,0.84672,12.849,0.84672,3695.15,0,36.966,0.535781,0.713163,2.13619,7.28628,1.10634,8.49351,0.42336,36.966,0.42336,423.524,0,1.02816,0,0,1.74132,0.713163,1.028160,1,0,45.9774,0,0,0,45.9774,0
72.29,2.34264,0,0,3.0673,0.157426,0.56723,3.6288,36.135,0.529968,0,0,0.430911,0.181444,0,0.66528,12.849,1,0.416386,0.56723,0,40.4296,5.17871,35.4017,0.84672,12.849,0.84672,3695.15,0,36.966,0.537981,0.902863,2.13634,6.96937,1.10634,8.36425,0.42336,36.966,0.42336,423.524,0,1.02816,0,0,1.93102,0.902863,1.028160,1,0,43.766,0,0,0,43.766,0
72.2176,2.34284,0,0,2.81531,0.182012,0.36288,3.6288,35.8353,0.527974,0,0,0.403937,0.175599,0,0.66528,12.849,1,0.416423,0.36288,0,38.014,4.75563,33.2048,0.84672,12.849,0.84672,3695.15,0,36.966,0.540117,0.81661,2.1365,6.35558,1.12266,7.64591,0.42336,36.966,0.42336,423.524,0,1.02816,0,0,1.84477,0.81661,1.028160,1,0,40.8507,0,0,0,40.8507,0
72.044,2.3427,0,0,2.66822,0.136222,0.36288,3.6288,35.5228,0.525821,0,0,0.403069,0.189768,0,0.66528,12.849,1,0.416814,0.36288,0,35.4495,4.74667,30.6489,0.84672,12.849,0.84672,3695.15,0,36.966,0.542412,0.847558,2.13665,6.24853,1.1768,7.51353,0.42336,36.966,0.42336,423.524,0,1.02816,0,0,1.87572,0.847558,1.028160,1,0,38.1624,0,0,0,38.1624,0
71.3413,2.31877,0,0,2.10503,0.126036,0.36288,3.6288,35.0231,0.601457,0,0,0.320761,0.218976,0,0.66528,12.849,1,0.413552,0.36288,0,29.4929,4.98997,24.4523,0.84672,12.849,0.84672,3695.15,0,36.966,0.625893,0.30119,2.1368,3.82056,1.27602,4.35664,0.42336,36.966,0.42336,423.524,0,0.919763,0,0,1.22095,0.30119,1.028160,1,0,28.8089,0,0,0,28.8089,0
70.5029,2.31553,0,0,1.96735,0.127381,0.36288,3.6288,34.4143,0.6801,0,0,0.293048,0.22173,0,0.66528,12.849,1,0.41704,0.36288,0,28.5571,5.01984,23.4831,0.84672,12.849,0.84672,3695.15,0,36.966,0.717828,0.30119,2.1709,3.52853,1.28939,3.9934,0.42336,36.966,0.42336,423.524,0,0.74933,0,0,1.05052,0.30119,1.028160,1,0,27.4765,0,0,0,27.4765,0
69.5006,2.31153,0,0,1.7987,0.126565,0.36288,3.6288,33.8345,0.64551,0,0,0.286015,0.220399,0,0.66528,12.849,1,0.421272,0.36288,0,28.154,5.01984,23.0757,0.84672,12.849,0.84672,3695.15,0,36.966,0.693372,0.261274,2.17105,3.48514,1.28939,3.93471,0.42336,36.966,0.42336,423.524,0,0.808523,0,0,1.0698,0.261274,1.028160,1,0,27.0104,0,0,0,27.0104,0
68.3494,2.30661,0,0,1.64389,0.125589,0.36288,3.6288,33.1686,0.714226,0,0,0.267466,0.21913,0,0.66528,12.849,1,0.426437,0.36288,0,26.4813,5.01984,21.3979,0.84672,12.849,0.84672,3695.15,0,36.966,0.780331,0.261274,2.17121,3.31641,1.28939,3.67918,0.42336,36.966,0.42336,423.524,0,0.652994,0,0,0.914268,0.261274,1.028160,1,0,25.0771,0,0,0,25.0771,0
67.0949,2.3604,0,0,1.57583,0.107085,0.36288,3.6288,32.4714,0.715846,0,0,0.250534,0.231876,0,0.66528,12.849,1,0.443731,0.36288,0,23.7768,5.40489,18.291,0.84672,12.849,0.84672,3695.15,0,36.966,0.797802,0.261274,2.17137,2.97828,1.38146,3.23166,0.42336,36.966,0.42336,423.524,0,0.679139,0,0,0.940412,0.261274,1.028160,1,0,21.5227,0,0,0,21.5227,0
65.8948,2.35364,0,0,1.61018,0.0937541,0.36288,3.6288,31.8339,0.655833,0,0,0.247344,0.229025,0,0.66528,12.849,1,0.450734,0.36288,0,22.0287,5.58894,16.3519,0.84672,12.849,0.84672,3695.15,0,36.966,0.746612,0.261274,2.21964,2.82513,1.38399,3.17544,0.42336,36.966,0.42336,423.524,0,0.790491,0,0,1.05176,0.261274,1.028160,1,0,19.5274,0,0,0,19.5274,0
64.518,2.34698,0,0,1.4259,0.0928654,0.36288,3.6288,31.1561,0.682589,0,0,0.23227,0.227439,0,0.66528,12.849,1,0.457644,0.36288,0,20.7552,5.58894,15.0715,0.84672,12.849,0.84672,3695.15,0,36.966,0.792633,0.261274,2.2198,2.79762,1.38399,3.10207,0.42336,36.966,0.42336,423.524,0,0.717863,0,0,0.979137,0.261274,1.028160,1,0,18.1735,0,0,0,18.1735,0
63.0195,2.33904,0,0,1.29527,0.0918458,0.36288,3.6288,30.4681,0.688207,0,0,0.225976,0.225754,0,0.66528,12.849,1,0.465829,0.36288,0,19.5375,5.58894,13.8456,0.84672,12.849,0.84672,3695.15,0,36.966,0.816541,0.227405,2.21996,2.69775,1.38399,2.94459,0.42336,36.966,0.42336,423.524,0,0.688487,0,0,0.915892,0.227405,1.028160,1,0,16.7902,0,0,0,16.7902,0
61.1765,2.50243,0,0,1.09706,0.0747009,0.36288,3.6288,29.7074,0.757063,0,0,0.22475,0.228376,0,0.66528,12.849,1,0.510219,0.36288,0,18.6197,5.86573,12.6066,0.84672,12.849,0.84672,3695.15,0,36.966,0.91852,0.227405,2.22013,2.6473,1.38449,2.79182,0.42336,36.966,0.42336,423.524,0,0.680607,0,0,0.908012,0.227405,1.028160,1,0,15.3985,0,0,0,15.3985,0
59.233,2.48995,0,0,1.01564,0.106297,0.36288,3.6288,28.8025,0.848064,0,0,0.181573,0.23847,0,0.66528,12.849,1,0.522967,0.36288,0,11.9793,5.72448,6.09471,0.84672,12.849,0.84672,3695.15,0,36.966,1.05528,0.227405,2.38496,2.53668,1.51441,2.57936,0.42336,36.966,0.42336,423.524,0,0.453012,0,0,0.680417,0.227405,1.028160,1,0,8.67406,0,0,0,8.67406,0
57.4289,2.47606,0,0,1.13488,0.100042,0.36288,3.6288,28.0302,0.757394,0,0,0.223125,0.238001,0,0.66528,12.849,1,0.537114,0.36288,0,15.2436,5.79926,9.27006,0.84672,12.849,0.84672,3695.15,0,36.966,0.972064,0.227405,2.38514,2.69252,1.52935,2.80364,0.42336,36.966,0.42336,423.524,0,0.627057,0,0,0.854461,0.227405,1.028160,1,0,12.0737,0,0,0,12.0737,0
55.4019,2.46249,0,0,0.89659,0.0983031,0.36288,3.6288,27.1166,0.840507,0,0,0.162872,0.235923,0,0.66528,12.849,1,0.55095,0.36288,0,15.7309,5.79926,9.74361,0.84672,12.849,0.84672,3695.15,0,36.966,1.10845,0.204422,2.38531,2.13347,1.52935,2.08539,0.42336,36.966,0.42336,423.524,0,0.407716,0,0,0.612139,0.204422,1.028160,1,0,11.829,0,0,0,11.829,0
53.6067,2.44634,0,0,1.11044,0.0963494,0.36288,3.6288,26.5323,0.621792,0,0,0.270965,0.233517,0,0.66528,12.849,1,0.567363,0.36288,0,13.9412,5.79926,7.93751,0.84672,12.849,0.84672,3695.15,0,36.966,0.847641,0.204422,2.38549,3.20597,1.52935,3.41888,0.42336,36.966,0.42336,423.524,0,0.887407,0,0,1.09183,0.204422,1.028160,1,0,11.3564,0,0,0,11.3564,0
51.9932,2.3496,0,0,1.2515,0.15259,0.36288,3.6288,25.798,0.721352,0,0,0.210557,0.223506,0,0.66528,12.849,1,0.563176,0.36288,0,19.7662,4.86813,14.6978,0.84672,12.849,0.84672,3695.15,0,36.966,1.00502,0.204422,2.38566,2.69022,1.47596,2.79932,0.42336,36.966,0.42336,423.524,0,0.531775,0,0,0.736197,0.204422,1.028160,1,0,17.4971,0,0,0,17.4971,0
50.7414,2.33579,0,0,1.61984,0.172889,0.36288,3.6288,25.1408,0.683228,0,0,0.244284,0.218286,0,0.66528,12.849,1,0.577241,0.36288,0,19.4919,4.49568,14.7819,0.84672,12.849,0.84672,3695.15,0,36.966,0.978999,0.204422,2.2905,2.67542,1.45461,2.73673,0.42336,36.966,0.42336,423.524,0,0.596074,0,0,0.800496,0.204422,1.028160,1,0,17.5186,0,0,0,17.5186,0
49.2152,2.32463,0,0,1.33194,0.170648,0.36288,3.6288,24.7675,0.498022,0,0,0.341432,0.216648,0,0.66528,12.849,1,0.588654,0.36288,0,18.922,4.49568,14.2006,0.84672,12.849,0.84672,3695.15,0,36.966,0.732273,0.337565,2.29066,3.02066,1.45461,3.46201,0.42336,36.966,0.42336,423.524,0,1.02816,0,0,1.36572,0.337565,1.028160,1,0,17.6626,0,0,0,17.6626,0
47.4793,2.31036,0,0,1.1052,0.16791,0.36288,3.6288,24.0261,0.709359,0,0,0.183639,0.215718,0,0.66528,12.849,1,0.603183,0.36288,0,18.1301,4.49568,13.3941,0.84672,12.849,0.84672,3695.15,0,36.966,1.05873,0.216518,2.29083,2.24963,1.45461,2.24364,0.42336,36.966,0.42336,423.524,0,0.490519,0,0,0.707037,0.216518,1.028160,1,0,15.6377,0,0,0,15.6377,0
46.0719,2.22781,0,0,1.36947,0.1862,0.36288,3.6288,23.4152,0.60695,0,0,0.185566,0.189536,0,0.66528,12.849,1,0.602898,0.36288,0,17.2371,4.2792,12.7178,0.84672,12.849,0.84672,3695.15,0,36.966,0.933839,0.216518,2.291,2.42158,1.27472,2.72054,0.42336,36.966,0.42336,423.524,0,0.627964,0,0,0.844482,0.216518,1.028160,1,0,15.4384,0,0,0,15.4384,0
44.7894,2.21361,0,0,1.47611,0.182116,0.36288,3.6288,22.774,0.614901,0,0,0.138993,0.165289,0,0.66528,12.849,1,0.617353,0.36288,0,14.5002,4.4647,9.78099,0.84672,12.849,0.84672,3695.15,0,36.966,0.970756,0.216518,2.20605,2.35845,1.05214,2.75813,0.42336,36.966,0.42336,423.524,0,0.583243,0,0,0.799762,0.216518,1.028160,1,0,12.5391,0,0,0,12.5391,0
43.7699,2.20006,0,0,1.72297,0.179513,0.36288,3.6288,22.4476,0.434927,0,0,0.272565,0.164045,0,0.66528,12.849,1,0.631145,0.36288,0,16.8782,4.4647,12.1452,0.84672,12.849,0.84672,3695.15,0,36.966,0.70596,0.8215,2.20621,3.74458,1.05214,5.01419,0.42336,36.966,0.42336,423.524,0,1.02816,0,0,1.84966,0.8215,1.028160,1,0,17.1594,0,0,0,17.1594,0
45.6389,2.18889,0,0,4.59818,0.177443,0.36288,3.6288,22.5205,0.431105,0,0,0.667494,0.163412,0,0.66528,12.849,1,0.642566,0.36288,0,49.6033,4.4647,44.8589,0.84672,12.849,0.84672,3695.15,0,36.966,0.70993,2.43256,2.20637,7.06969,1.05214,9.94655,0.42336,36.966,0.42336,423.524,0,1.02816,0,0,3.46072,2.43256,1.028160,1,0,54.8054,0,0,0,54.8054,0
45.7078,2.02543,0,0,2.67487,0.217569,0.36288,3.6288,22.4248,0.361037,0,0,0.406535,0.14121,0,0.66528,12.849,1,0.570233,0.36288,0,27.6547,3.98918,23.4582,0.84672,12.849,0.84672,3695.15,0,36.966,0.592618,0.560857,2.20653,4.26174,0.8873,5.54921,0.42336,36.966,0.42336,423.524,0,1.02816,0,0,1.58902,0.560857,1.028160,1,0,29.0074,0,0,0,29.0074,0
45.7729,2.02628,0,0,2.63741,0.183218,0.36288,3.6288,22.467,0.360132,0,0,0.546787,0.144477,0,0.66528,12.849,1,0.569612,0.36288,0,36.1976,2.89893,33.092,0.84672,12.849,0.84672,3695.15,0,36.966,0.593655,1.64043,2.01758,3.27178,0.713644,5.62249,0.42336,36.966,0.42336,423.524,0,1.02816,0,0,2.66859,1.64043,1.028160,1,0,38.7145,0,0,0,38.7145,0
47.4208,2.0271,0,0,4.27128,0.23339,0.36288,3.6288,22.5723,0.360603,0,0,0.607349,0.141496,0,0.66528,12.849,1,0.56903,0.36288,0,46.6599,3.91569,42.538,0.84672,12.849,0.84672,3695.15,0,36.966,0.593317,2.12211,2.01772,5.62218,1.05466,8.11403,0.42336,36.966,0.42336,423.524,0,1.02816,0,0,3.15027,2.12211,1.028160,1,0,50.6521,0,0,0,50.6521,0
49.6015,2.04283,0,0,4.81573,0.229261,0.36288,3.6288,22.7049,0.361702,0,0,0.633221,0.138894,0,0.66528,12.849,1,0.553521,0.36288,0,61.8221,3.81969,57.8117,0.84672,12.849,0.84672,3695.15,0,36.966,0.59235,1.93704,2.01787,7.15594,1.07613,9.44238,0.42336,36.966,0.42336,423.524,0,1.02816,0,0,2.9652,1.93704,1.028160,1,0,67.2541,0,0,0,67.2541,0
52.2713,2.06235,0,0,5.32971,0.234748,0.36288,3.6288,22.9317,0.363069,0,0,0.729043,0.139112,0,0.66528,12.849,1,0.534239,0.36288,0,85.8695,3.81969,81.8785,0.84672,12.849,0.84672,3695.15,0,36.966,0.591116,1.76767,2.01801,7.26032,1.07613,9.37876,0.42336,36.966,0.42336,423.524,0,1.02816,0,0,2.79583,1.76767,1.028160,1,0,91.2572,0,0,0,91.2572,0
52.3587,2.08425,0,0,2.74403,0.209492,0.36288,3.6288,22.9246,0.365308,0,0,0.5036,0.145465,0,0.66528,12.849,1,0.512337,0.36288,0,42.6375,3.97875,38.5093,0.84672,12.849,0.84672,3695.15,0,36.966,0.588877,0.776485,2.01816,4.73482,1.10855,5.83205,0.42336,36.966,0.42336,423.524,0,1.02816,0,0,1.80465,0.776485,1.028160,1,0,44.3414,0,0,0,44.3414,0
50.9169,2.15804,0,0,1.3215,0.242367,0.36288,3.6288,22.7842,0.386081,0,0,0.400321,0.154619,0,0.66528,12.849,1,0.529591,0.36288,0,21.2576,3.40242,17.6885,0.84672,12.849,0.84672,3695.15,0,36.966,0.622558,0.645028,2.01816,3.53601,0.986902,4.58973,0.42336,36.966,0.42336,423.524,0,1.02816,0,0,1.67319,0.645028,1.028160,1,0,22.2782,0,0,0,22.2782,0
49.9285,2.14624,0,0,1.7595,0.238762,0.36288,3.6288,22.5798,0.406718,0,0,0.356711,0.154363,0,0.66528,12.849,1,0.541609,0.36288,0,30.1475,3.40242,26.5663,0.84672,12.849,0.84672,3695.15,0,36.966,0.659875,0.503194,2.07729,4.47308,0.986902,5.40679,0.42336,36.966,0.42336,423.524,0,0.970333,0,0,1.47353,0.503194,1.028160,1,0,31.9731,0,0,0,31.9731,0
49.0673,2.13789,0,0,1.87588,0.23629,0.36288,3.6288,22.4388,0.382573,0,0,0.395531,0.15399,0,0.66528,12.849,1,0.550181,0.36288,0,32.3624,3.40242,28.7727,0.84672,12.849,0.84672,3695.15,0,36.966,0.62632,0.63193,2.07743,4.88144,0.986902,5.97758,0.42336,36.966,0.42336,423.524,0,1.02816,0,0,1.66009,0.63193,1.028160,1,0,34.7503,0,0,0,34.7503,0
48.0405,1.92302,0,0,1.49818,0.23913,0.36288,3.6288,22.2584,0.377128,0,0,0.345816,0.149123,0,0.66528,12.849,1,0.503571,0.36288,0,24.4179,3.41815,20.859,0.84672,12.849,0.84672,3695.15,0,36.966,0.621286,0.503194,2.07757,4.04133,0.960617,5.04019,0.42336,36.966,0.42336,423.524,0,0.886965,0,0,1.39016,0.503194,1.028160,1,0,25.8992,0,0,0,25.8992,0
46.4716,2.12471,0,0,1.18492,0.26617,0.36288,3.6288,21.956,0.501194,0,0,0.320032,0.12118,0,0.66528,12.849,1,0.568279,0.36288,0,26.6673,3.51257,22.9493,0.84672,12.849,0.84672,3695.15,0,36.966,0.832367,0.503194,1.91139,4.25555,0.802906,5.03485,0.42336,36.966,0.42336,423.524,0,0.738072,0,0,1.24127,0.503194,1.028160,1,0,27.9842,0,0,0,27.9842,0
45.0152,2.10985,0,0,1.27786,0.261616,0.36288,3.6288,21.9575,0.388876,0,0,0.511094,0.120695,0,0.66528,12.849,1,0.583356,0.36288,0,25.1548,3.51257,21.4217,0.84672,12.849,0.84672,3695.15,0,36.966,0.654726,1.09718,2.10521,4.59714,0.802906,6.34189,0.42336,36.966,0.42336,423.524,0,1.02816,0,0,2.12534,1.09718,1.028160,1,0,27.7636,0,0,0,27.7636,0
45.12,2.09534,0,0,2.82046,0.257387,0.36288,3.6288,21.8809,0.388941,0,0,0.433024,0.120697,0,0.66528,12.849,1,0.598088,0.36288,0,44.4753,3.51257,40.7275,0.84672,12.849,0.84672,3695.15,0,36.966,0.65479,1.38529,2.10535,5.97084,0.802906,8.00378,0.42336,36.966,0.42336,423.524,0,1.02816,0,0,2.41345,1.38529,1.028160,1,0,48.7313,0,0,0,48.7313,0
43.9561,2.09659,0,0,1.55295,0.257371,0.36288,3.6288,21.6338,0.424127,0,0,0.296379,0.119382,0,0.66528,12.849,1,0.597055,0.36288,0,26.9412,3.49271,23.2143,0.84672,12.849,0.84672,3695.15,0,36.966,0.716527,0.608429,2.10549,4.28695,0.82619,5.45815,0.42336,36.966,0.42336,423.524,0,0.931366,0,0,1.53979,0.608429,1.028160,1,0,28.6724,0,0,0,28.6724,0
44.4234,1.79064,0,0,2.86285,0.242062,0.36288,3.6288,21.6724,0.293171,0,0,0.431279,0.0995437,0,0.66528,12.849,1,0.52343,0.36288,0,56.579,3.55834,52.8601,0.84672,12.849,0.84672,3695.15,0,36.966,0.500946,0.913775,2.10563,7.70164,0.854583,9.36551,0.42336,36.966,0.42336,423.524,0,1.02816,0,0,1.94194,0.913775,1.028160,1,0,62.2256,0,0,0,62.2256,0
44.3698,1.79506,0,0,2.34774,0.243353,0.36288,3.6288,21.621,0.299484,0,0,0.347706,0.099595,0,0.66528,12.849,1,0.519202,0.36288,0,38.1545,3.55834,34.4398,0.84672,12.849,0.84672,3695.15,0,36.966,0.510823,0.608429,1.84155,5.61783,0.854583,6.7024,0.42336,36.966,0.42336,423.524,0,1.01208,0,0,1.62051,0.608429,1.028160,1,0,41.1422,0,0,0,41.1422,0
44.6726,1.79472,0,0,2.70353,0.243205,0.36288,3.6288,21.6155,0.293144,0,0,0.387158,0.0995267,0,0.66528,12.849,1,0.519731,0.36288,0,53.8757,3.55834,50.1605,0.84672,12.849,0.84672,3695.15,0,36.966,0.501196,0.86095,1.84167,5.10679,0.854583,6.45363,0.42336,36.966,0.42336,423.524,0,1.02816,0,0,1.88911,0.86095,1.028160,1,0,56.6141,0,0,0,56.6141,0
45.3375,1.7976,0,0,3.05573,0.230313,0.36288,3.6288,21.685,0.293137,0,0,0.459423,0.0967622,0,0.66528,12.849,1,0.517038,0.36288,0,49.4281,3.73691,45.537,0.84672,12.849,0.84672,3695.15,0,36.966,0.501313,0.933103,1.84179,5.83518,0.88926,7.2195,0.42336,36.966,0.42336,423.524,0,1.02816,0,0,1.96126,0.933103,1.028160,1,0,52.7565,0,0,0,52.7565,0
47.5914,1.80366,0,0,4.61161,0.191124,0.36288,3.6288,21.9156,0.293773,0,0,0.642025,0.117675,0,0.66528,12.849,1,0.511172,0.36288,0,70.2532,4.44213,65.6628,0.84672,12.849,0.84672,3695.15,0,36.966,0.500789,1.92194,1.84191,7.53721,1.00836,9.79192,0.42336,36.966,0.42336,423.524,0,1.02816,0,0,2.9501,1.92194,1.028160,1,0,75.4547,0,0,0,75.4547,0
48.2634,1.89818,0,0,3.1578,0.224785,0.36288,3.6288,22.0084,0.318535,0,0,0.529831,0.118434,0,0.66528,12.849,1,0.512481,0.36288,0,49.2704,4.12776,44.993,0.84672,12.849,0.84672,3695.15,0,36.966,0.537288,1.01542,1.84203,5.96844,1.09689,7.19173,0.42336,36.966,0.42336,423.524,0,1.02816,0,0,2.04358,1.01542,1.028160,1,0,52.1847,0,0,0,52.1847,0
48.5053,1.90397,0,0,2.73521,0.22644,0.36288,3.6288,22.0809,0.319425,0,0,0.51043,0.11858,0,0.66528,12.849,1,0.506888,0.36288,0,41.9874,4.12776,37.7156,0.84672,12.849,0.84672,3695.15,0,36.966,0.536515,0.941527,1.90732,6.10464,1.09689,7.32009,0.42336,36.966,0.42336,423.524,0,1.02816,0,0,1.96969,0.941527,1.028160,1,0,45.0357,0,0,0,45.0357,0
48.4018,1.90613,0,0,2.39255,0.227036,0.36288,3.6288,22.2232,0.320126,0,0,0.581208,0.118694,0,0.66528,12.849,1,0.504931,0.36288,0,36.1265,4.12776,31.8567,0.84672,12.849,0.84672,3695.15,0,36.966,0.535929,1.34063,1.90745,7.18407,1.09689,8.79933,0.42336,36.966,0.42336,423.524,0,1.02816,0,0,2.36879,1.34063,1.028160,1,0,40.656,0,0,0,40.656,0
48.6161,1.90543,0,0,2.67902,0.196427,0.36288,3.6288,22.3847,0.321459,0,0,0.597646,0.114784,0,0.66528,12.849,1,0.505826,0.36288,0,45.787,4.02186,41.6222,0.84672,12.849,0.84672,3695.15,0,36.966,0.534712,1.69176,1.90758,6.44339,1.09575,8.41227,0.42336,36.966,0.42336,423.524,0,1.02816,0,0,2.71992,1.69176,1.028160,1,0,50.0345,0,0,0,50.0345,0
48.302,1.87777,0,0,2.11658,0.189991,0.36288,3.6288,22.5058,0.313996,0,0,0.544216,0.10906,0,0.66528,12.849,1,0.496285,0.36288,0,39.2202,3.88808,35.1988,0.84672,12.849,0.84672,3695.15,0,36.966,0.518533,1.03518,1.9077,4.88223,1.08208,6.2245,0.42336,36.966,0.42336,423.524,0,1.02816,0,0,2.06334,1.03518,1.028160,1,0,41.4233,0,0,0,41.4233,0
47.7484,1.87537,0,0,1.87372,0.189122,0.36288,3.6288,22.5335,0.315096,0,0,0.470945,0.128122,0,0.66528,12.849,1,0.498875,0.36288,0,34.466,4.19426,30.1357,0.84672,12.849,0.84672,3695.15,0,36.966,0.517547,0.878567,1.88247,4.4102,1.10839,5.5453,0.42336,36.966,0.42336,423.524,0,1.02816,0,0,1.90673,0.878567,1.028160,1,0,35.681,0,0,0,35.681,0
47.1182,1.87097,0,0,1.73551,0.1318,0.36288,3.6288,22.4963,0.31538,0,0,0.429149,0.151036,0,0.66528,12.849,1,0.503474,0.36288,0,31.6273,4.48255,27.0042,0.84672,12.849,0.84672,3695.15,0,36.966,0.517377,0.735722,1.88259,4.16082,1.12561,5.13615,0.42336,36.966,0.42336,423.524,0,1.02816,0,0,1.76388,0.735722,1.028160,1,0,32.1403,0,0,0,32.1403,0
46.4544,1.86583,0,0,1.69576,0.130891,0.36288,3.6288,22.5118,0.315099,0,0,0.481637,0.150969,0,0.66528,12.849,1,0.508807,0.36288,0,30.7059,4.48255,26.0774,0.84672,12.849,0.84672,3695.15,0,36.966,0.517772,0.985401,1.88271,4.95323,1.12561,6.17797,0.42336,36.966,0.42336,423.524,0,1.02816,0,0,2.01356,0.985401,1.028160,1,0,32.2554,0,0,0,32.2554,0
45.4004,1.95977,0,0,1.38255,0.113841,0.36288,3.6288,22.3882,0.347174,0,0,0.380532,0.156996,0,0.66528,12.849,1,0.542061,0.36288,0,24.0513,4.03777,19.8343,0.84672,12.849,0.84672,3695.15,0,36.966,0.570084,0.676175,1.88284,3.47004,1.17424,4.28473,0.42336,36.966,0.42336,423.524,0,1.02816,0,0,1.70434,0.676175,1.028160,1,0,24.119,0,0,0,24.119,0
44.3039,1.95012,0,0,1.32306,0.106577,0.36288,3.6288,22.2843,0.346032,0,0,0.400105,0.158009,0,0.66528,12.849,1,0.551914,0.36288,0,22.5977,4.09196,18.3168,0.84672,12.849,0.84672,3695.15,0,36.966,0.571347,0.666611,1.97187,3.61508,1.16421,4.518,0.42336,36.966,0.42336,423.524,0,1.02816,0,0,1.69477,0.666611,1.028160,1,0,22.8348,0,0,0,22.8348,0
43.16,1.93969,0,0,1.26395,0.105264,0.36288,3.6288,22.1832,0.345075,0,0,0.401799,0.157792,0,0.66528,12.849,1,0.562549,0.36288,0,21.2316,4.09196,16.94,0.84672,12.849,0.84672,3695.15,0,36.966,0.572424,0.591952,1.97201,3.47616,1.16421,4.30348,0.42336,36.966,0.42336,423.524,0,1.02816,0,0,1.62011,0.591952,1.028160,1,0,21.2434,0,0,0,21.2434,0
41.9466,1.92836,0,0,1.18167,0.103895,0.36288,3.6288,22.0555,0.344142,0,0,0.37403,0.157581,0,0.66528,12.849,1,0.574085,0.36288,0,19.8155,4.09196,15.5123,0.84672,12.849,0.84672,3695.15,0,36.966,0.573477,0.505198,1.97214,3.29276,1.16421,4.03241,0.42336,36.966,0.42336,423.524,0,1.02816,0,0,1.53336,0.505198,1.028160,1,0,19.5447,0,0,0,19.5447,0
40.8292,1.91581,0,0,1.22319,0.0619123,0.36288,3.6288,21.8248,0.382365,0,0,0.338049,0.186419,0,0.66528,12.849,1,0.586847,0.36288,0,19.8508,5.2049,14.422,0.84672,12.849,0.84672,3695.15,0,36.966,0.64086,0.30119,1.97227,3.15996,1.3279,3.46466,0.42336,36.966,0.42336,423.524,0,0.922674,0,0,1.22386,0.30119,1.028160,1,0,17.8866,0,0,0,17.8866,0
39.7309,1.88464,0,0,1.21495,0.065677,0.36288,3.6288,21.4671,0.489122,0,0,0.312605,0.181117,0,0.66528,12.849,1,0.593098,0.36288,0,20.0761,5.10479,14.7411,0.84672,12.849,0.84672,3695.15,0,36.966,0.828457,0.30119,1.9724,3.22185,1.31596,3.35102,0.42336,36.966,0.42336,423.524,0,0.674775,0,0,0.975966,0.30119,1.028160,1,0,18.0921,0,0,0,18.0921,0
38.5416,1.8724,0,0,1.1108,0.0648258,0.36288,3.6288,21.1291,0.462852,0,0,0.305104,0.180254,0,0.66528,12.849,1,0.605536,0.36288,0,19.7927,5.10479,14.4452,0.84672,12.849,0.84672,3695.15,0,36.966,0.797023,0.261274,2.00362,3.18223,1.31596,3.33414,0.42336,36.966,0.42336,423.524,0,0.732603,0,0,0.993876,0.261274,1.028160,1,0,17.7794,0,0,0,17.7794,0
37.2714,1.85854,0,0,1.0152,0.0639413,0.36288,3.6288,20.7242,0.510813,0,0,0.285317,0.179439,0,0.66528,12.849,1,0.6196,0.36288,0,18.6169,5.10479,13.2554,0.84672,12.849,0.84672,3695.15,0,36.966,0.893681,0.261274,2.00375,3.02816,1.31596,3.08354,0.42336,36.966,0.42336,423.524,0,0.588108,0,0,0.849381,0.261274,1.028160,1,0,16.3389,0,0,0,16.3389,0
35.9524,1.84299,0,0,0.93865,0.0518275,0.36288,3.6288,20.2767,0.507499,0,0,0.265359,0.205343,0,0.66528,12.849,1,0.635354,0.36288,0,16.9137,5.56789,11.0734,0.84672,12.849,0.84672,3695.15,0,36.966,0.905232,0.261274,2.00389,2.87078,1.47355,2.75715,0.42336,36.966,0.42336,423.524,0,0.579995,0,0,0.841268,0.261274,1.028160,1,0,13.8305,0,0,0,13.8305,0
34.6053,1.87378,0,0,0.936395,0.0467968,0.36288,3.6288,19.798,0.507107,0,0,0.247194,0.218778,0,0.66528,12.849,1,0.669669,0.36288,0,15.5322,5.73762,9.48781,0.84672,12.849,0.84672,3695.15,0,36.966,0.924495,0.261274,2.00402,2.74788,1.50688,2.5818,0.42336,36.966,0.42336,423.524,0,0.602554,0,0,0.863827,0.261274,1.028160,1,0,12.0696,0,0,0,12.0696,0
33.2182,1.85492,0,0,0.876675,0.0460408,0.36288,3.6288,19.3218,0.497213,0,0,0.238372,0.217354,0,0.66528,12.849,1,0.688735,0.36288,0,14.5698,5.73762,8.50633,0.84672,12.849,0.84672,3695.15,0,36.966,0.928373,0.261274,2.04823,2.84222,1.50688,2.71647,0.42336,36.966,0.42336,423.524,0,0.608697,0,0,0.86997,0.261274,1.028160,1,0,11.2228,0,0,0,11.2228,0
31.7508,1.83433,0,0,0.775146,0.0452623,0.36288,3.6288,18.8216,0.508716,0,0,0.224401,0.215938,0,0.66528,12.849,1,0.709532,0.36288,0,13.7634,5.73762,7.67916,0.84672,12.849,0.84672,3695.15,0,36.966,0.973261,0.227405,2.04837,2.66637,1.50688,2.462,0.42336,36.966,0.42336,423.524,0,0.552433,0,0,0.779838,0.227405,1.028160,1,0,10.1412,0,0,0,10.1412,0
30.2393,1.81114,0,0,0.700462,0.0379388,0.36288,3.6288,18.318,0.507881,0,0,0.222183,0.217896,0,0.66528,12.849,1,0.732936,0.36288,0,13.0467,5.88717,6.78943,0.84672,12.849,0.84672,3695.15,0,36.966,0.99749,0.227405,2.0485,2.66045,1.53676,2.40211,0.42336,36.966,0.42336,423.524,0,0.529165,0,0,0.75657,0.227405,1.028160,1,0,9.19155,0,0,0,9.19155,0
28.7801,1.919,0,0,0.843382,0.0207875,0.36288,3.6288,17.6935,0.58633,0,0,0.20246,0.240609,0,0.66528,12.849,1,0.815402,0.36288,0,13.7595,6.02741,7.27962,0.84672,12.849,0.84672,3695.15,0,36.966,1.18322,0.227405,2.04864,2.31131,1.60264,1.8015,0.42336,36.966,0.42336,423.524,0,0.41425,0,0,0.641655,0.227405,1.028160,1,0,9.08112,0,0,0,9.08112,0
27.1982,1.89057,0,0,0.6919,0.0203041,0.36288,3.6288,16.9453,0.658558,0,0,0.151416,0.241101,0,0.66528,12.849,1,0.844054,0.36288,0,15.96,5.98847,9.49034,0.84672,12.849,0.84672,3695.15,0,36.966,1.27008,0.227405,2.19963,1.83341,1.60116,1.3892,0.42336,36.966,0.42336,423.524,0,0.255302,0,0,0.482707,0.227405,1.028160,1,0,10.8795,0,0,0,10.8795,0
25.7468,1.88812,0,0,0.819435,0.0198667,0.36288,3.6288,16.4154,0.522509,0,0,0.231128,0.238519,0,0.66528,12.849,1,0.84672,0.36288,0,13.6988,5.98847,7.2265,0.84672,12.849,0.84672,3695.15,0,36.966,1.13985,0.204422,2.19978,2.47932,1.60116,2.1425,0.42336,36.966,0.42336,423.524,0,0.521717,0,0,0.726139,0.204422,1.028160,1,0,9.36901,0,0,0,9.36901,0
24.1584,1.88835,0,0,0.684634,0.0217912,0.36288,3.6288,15.8033,0.558361,0,0,0.16962,0.223351,0,0.66528,12.849,1,0.84672,0.36288,0,12.5009,5.43393,6.5831,0.84672,12.849,0.84672,3695.15,0,36.966,1.25738,0.204422,2.19993,2.56868,1.3853,2.33035,0.42336,36.966,0.42336,423.524,0,0.368474,0,0,0.572897,0.204422,1.028160,1,0,8.91345,0,0,0,8.91345,0
22.4925,1.88857,0,0,0.587632,0.00207348,0.36288,3.6288,15.1336,0.605892,0,0,0.161431,0.225162,0,0.66528,12.849,1,0.84672,0.36288,0,9.30217,5.24199,3.57634,0.84672,12.849,0.84672,3695.15,0,36.966,1.27008,0.204422,2.20008,2.33379,1.32508,2.14314,0.42336,36.966,0.42336,423.524,0,0.308381,0,0,0.512804,0.204422,1.028160,1,0,5.71948,0,0,0,5.71948,0
20.8205,1.7961,0,0,0.513384,0.0264312,0.36288,3.6288,14.4483,0.616051,0,0,0.139058,0.208335,0,0.66528,12.1465,1,0.84672,0.36288,0,8.25284,5.26607,3.20544,0.84672,12.1465,0.84672,3695.15,0,36.966,1.27008,0.204422,2.20022,1.28787,1.36302,1.05942,0.42336,36.966,0.42336,423.524,0,0.207804,0,0,0.412226,0.204422,1.028160,1,0,4.26486,0,0,0,4.26486,0
19.3146,1.79632,0,0,0.67917,0.025838,0.36288,3.6288,13.9341,0.489007,0,0,0.180907,0.206162,0,0.66528,12.849,1,0.84672,0.36288,0,12.0136,5.26607,5.56117,0.84672,12.849,0.84672,3695.15,0,36.966,1.25112,0.216518,2.11304,1.84883,1.36302,1.56425,0.42336,36.966,0.42336,423.524,0,0.353935,0,0,0.570453,0.216518,1.028160,1,0,7.12541,0,0,0,7.12541,0
18.0137,1.79653,0,0,0.883855,0.0253036,0.36288,3.6288,13.5718,0.413756,0,0,0.255985,0.204532,0,0.66528,12.849,1,0.84672,0.36288,0,23.523,5.26607,17.7731,0.84672,12.849,0.84672,3695.15,0,36.966,1.09766,0.216518,2.11318,2.19554,1.36302,2.06456,0.42336,36.966,0.42336,423.524,0,0.582779,0,0,0.799298,0.216518,1.028160,1,0,19.8377,0,0,0,19.8377,0
16.6418,1.79675,0,0,0.851126,0.0634221,0.36288,3.6288,13.0714,0.487809,0,0,0.169949,0.182488,0,0.66528,12.849,1,0.84672,0.36288,0,18.5753,5.09103,13.0004,0.84672,12.849,0.84672,3695.15,0,36.966,1.27008,0.216518,2.11332,1.45652,1.31006,1.20622,0.42336,36.966,0.42336,423.524,0,0.33644,0,0,0.552958,0.216518,1.028160,1,0,14.2067,0,0,0,14.2067,0
15.6165,1.72086,0,0,1.14953,0.091109,0.36288,3.6288,12.6604,0.409722,0,0,0.143646,0.144921,0,0.66528,12.849,1,0.84672,0.36288,0,22.0438,4.54125,17.0187,0.84672,12.849,0.84672,3695.15,0,36.966,1.1587,0.216518,2.11346,1.78892,1.00247,1.95774,0.42336,36.966,0.42336,423.524,0,0.443588,0,0,0.660106,0.216518,1.028160,1,0,18.9765,0,0,0,18.9765,0
14.3936,1.72107,0,0,0.950417,0.0894318,0.36288,3.6288,12.2544,0.385754,0,0,0.123773,0.143985,0,0.66528,12.849,1,0.84672,0.36288,0,17.6786,4.54125,12.6535,0.84672,12.849,0.84672,3695.15,0,36.966,1.12633,0.216518,2.03564,1.73524,1.00247,1.8586,0.42336,36.966,0.42336,423.524,0,0.500049,0,0,0.716567,0.216518,1.028160,1,0,14.5121,0,0,0,14.5121,0
14.6389,1.72128,0,0,2.41668,0.0871566,0.36288,3.6288,12.2626,0.245011,0,0,0.396265,0.143079,0,0.66528,12.849,1,0.84672,0.36288,0,49.3223,4.54125,44.2972,0.84672,12.849,0.84672,3695.15,0,36.966,0.739086,1.15229,2.03578,4.0553,1.00247,5.50181,0.42336,36.966,0.42336,423.524,0,1.02816,0,0,2.18045,1.15229,1.028160,1,0,49.799,0,0,0,49.799,0
15.299,1.72149,0,0,2.84379,0.0993795,0.36288,3.6288,12.3949,0.245165,0,0,0.511117,0.133652,0,0.66528,12.849,1,0.84672,0.36288,0,58.8465,4.3236,54.0391,0.84672,12.849,0.84672,3695.15,0,36.966,0.739057,0.394224,2.03591,4.10855,0.940817,4.85882,0.42336,36.966,0.42336,423.524,0,1.02816,0,0,1.42238,0.394224,1.028160,1,0,58.8979,0,0,0,58.8979,0
16.7207,1.50549,0,0,3.42751,0.13739,0.36288,3.6288,12.2147,0.295765,0,0,0.225029,0.109519,0,0.66528,12.849,1,0.84672,0.36288,0,62.5646,3.74429,58.3364,0.84672,12.849,0.84672,3695.15,0,36.966,0.882075,0.292723,2.03605,3.64078,0.881586,4.20589,0.42336,36.966,0.42336,423.524,0,0.662893,0,0,0.955616,0.292723,1.028160,1,0,62.5423,0,0,0,62.5423,0
19.8878,1.50569,0,0,5.1779,0.142221,0.36288,3.6288,12.1767,0.211023,0,0,0.282131,0.109096,0,0.66528,12.849,1,0.84672,0.36288,0,72.6817,3.73842,68.4594,0.84672,12.849,0.84672,3695.15,0,36.966,0.638632,0.292723,1.86295,5.99418,0.897403,6.61382,0.42336,36.966,0.42336,423.524,0,0.991189,0,0,1.28391,0.292723,1.028160,1,0,75.0732,0,0,0,75.0732,0
21.4244,1.50588,0,0,3.55704,0.151719,0.36288,3.6288,12.0505,0.282038,0,0,0.264111,0.108293,0,0.66528,12.849,1,0.84672,0.36288,0,81.1001,3.78929,76.827,0.84672,12.849,0.84672,3695.15,0,36.966,0.856211,0.412474,1.86308,3.57612,0.889431,4.10603,0.42336,36.966,0.42336,423.524,0,0.702708,0,0,1.11518,0.412474,1.028160,1,0,80.933,0,0,0,80.933,0
22.1442,1.50607,0,0,2.76295,0.174144,0.36288,3.6288,11.8212,0.323483,0,0,0.212367,0.118148,0,0.66528,12.849,1,0.84672,0.36288,0,61.5904,4.45578,56.6508,0.84672,12.849,0.84672,3695.15,0,36.966,0.992318,0.412474,1.8632,2.84469,0.984099,3.14394,0.42336,36.966,0.42336,423.524,0,0.525269,0,0,0.937742,0.412474,1.028160,1,0,59.7947,0,0,0,59.7947,0
24.357,1.50627,0,0,4.25225,0.17038,0.36288,3.6288,11.8512,0.196996,0,0,0.355159,0.128117,0,0.66528,12.849,1,0.84672,0.36288,0,65.8866,4.6362,60.7665,0.84672,12.849,0.84672,3695.15,0,36.966,0.616026,0.534937,1.86332,4.782,1.13815,5.42609,0.42336,36.966,0.42336,423.524,0,1.02816,0,0,1.5631,0.534937,1.028160,1,0,66.1926,0,0,0,66.1926,0
26.6297,1.59497,0,0,4.39673,0.166094,0.36288,3.6288,11.8755,0.209482,0,0,0.35011,0.116346,0,0.66528,12.849,1,0.841395,0.36288,0,68.3893,4.23444,63.6764,0.84672,12.849,0.84672,3695.15,0,36.966,0.653409,0.735394,1.86345,4.15286,1.0902,5.00809,0.42336,36.966,0.42336,423.524,0,1.02816,0,0,1.76355,0.735394,1.028160,1,0,68.6844,0,0,0,68.6844,0
27.4616,1.64354,0,0,3.00987,0.171565,0.36288,3.6288,11.7982,0.233926,0,0,0.272962,0.116389,0,0.66528,12.849,1,0.793016,0.36288,0,59.1683,4.23444,54.5037,0.84672,12.849,0.84672,3695.15,0,36.966,0.728164,0.503194,1.9176,3.23278,1.0902,3.83521,0.42336,36.966,0.42336,423.524,0,0.929068,0,0,1.43226,0.503194,1.028160,1,0,58.3389,0,0,0,58.3389,0
28.7163,1.66003,0,0,3.45119,0.173567,0.36288,3.6288,11.9808,0.208822,0,0,0.507738,0.116251,0,0.66528,12.849,1,0.776709,0.36288,0,92.4998,4.23444,87.8516,0.84672,12.849,0.84672,3695.15,0,36.966,0.654282,0.84615,1.91772,8.44919,1.0902,9.46857,0.42336,36.966,0.42336,423.524,0,1.02816,0,0,1.87431,0.84615,1.028160,1,0,97.3201,0,0,0,97.3201,0
31.2513,1.6836,0,0,4.78469,0.20328,0.36288,3.6288,12.1917,0.21129,0,0,0.570262,0.148064,0,0.66528,12.849,1,0.75332,0.36288,0,110.172,4.61703,105.165,0.84672,12.849,0.84672,3695.15,0,36.966,0.651921,1.67247,1.91784,6.23849,1.22374,7.95314,0.42336,36.966,0.42336,423.524,0,1.02816,0,0,2.70063,1.67247,1.028160,1,0,113.118,0,0,0,113.118,0
35.3531,1.91639,0,0,6.60099,0.219915,0.36288,3.6288,12.3704,0.260453,0,0,0.545508,0.106383,0,0.66528,12.849,1,0.787925,0.36288,0,114.715,4.67649,109.613,0.84672,12.849,0.84672,3695.15,0,36.966,0.789707,1.50924,1.91795,7.63086,1.08216,9.18619,0.42336,36.966,0.42336,423.524,0,1.02816,0,0,2.5374,1.50924,1.028160,1,0,118.8,0,0,0,118.8,0
35.7647,1.98358,0,0,2.98941,0.231379,0.36288,3.6288,12.3528,0.263343,0,0,0.352439,0.106672,0,0.66528,12.849,1,0.720929,0.36288,0,59.9188,4.67649,54.8843,0.84672,12.849,0.84672,3695.15,0,36.966,0.786937,0.600808,2.1125,4.68067,1.08216,5.52488,0.42336,36.966,0.42336,423.524,0,1.02816,0,0,1.62897,0.600808,1.028160,1,0,60.4092,0,0,0,60.4092,0
36.2322,1.98984,0,0,3.02343,0.203125,0.36288,3.6288,12.2621,0.291327,0,0,0.315941,0.115351,0,0.66528,12.849,1,0.714879,0.36288,0,54.1241,4.58903,49.183,0.84672,12.849,0.84672,3695.15,0,36.966,0.871798,0.608429,2.11263,4.81,1.02358,5.63568,0.42336,36.966,0.42336,423.524,0,0.915434,0,0,1.52386,0.608429,1.028160,1,0,54.8187,0,0,0,54.8187,0
36.5301,1.9968,0,0,2.86184,0.204267,0.36288,3.6288,12.4134,0.261671,0,0,0.528198,0.115192,0,0.66528,12.849,1,0.708122,0.36288,0,64.1283,4.58903,59.1941,0.84672,12.849,0.84672,3695.15,0,36.966,0.788848,0.878075,2.11276,5.59556,1.02358,6.77396,0.42336,36.966,0.42336,423.524,0,1.02816,0,0,1.90623,0.878075,1.028160,1,0,65.968,0,0,0,65.968,0
38.3352,1.71919,0,0,4.10258,0.215429,0.36288,3.6288,12.5883,0.201067,0,0,0.472651,0.0966802,0,0.66528,12.849,1,0.604704,0.36288,0,54.4654,3.83659,50.3869,0.84672,12.849,0.84672,3695.15,0,36.966,0.598759,0.852327,2.11289,5.60247,0.728595,7.24033,0.42336,36.966,0.42336,423.524,0,1.02816,0,0,1.88049,0.852327,1.028160,1,0,57.6273,0,0,0,57.6273,0
40.6942,1.74065,0,0,4.68261,0.220061,0.36288,3.6288,12.849,0.203207,0,0,0.560866,0.0969465,0,0.66528,12.849,1,0.583423,0.36288,0,80.1408,3.83659,76.0836,0.84672,12.849,0.84672,3695.15,0,36.966,0.596722,1.04079,1.8478,6.96874,0.728595,8.53201,0.42336,36.966,0.42336,423.524,0,1.02816,0,0,2.06895,1.04079,1.028160,1,0,84.6156,0,0,0,84.6156,0
44.7484,1.76649,0,0,6.40974,0.226216,0.36288,3.6288,13.0776,0.206356,0,0,0.53222,0.0973466,0,0.66528,12.849,1,0.55776,0.36288,0,105.587,3.83659,101.555,0.84672,12.849,0.84672,3695.15,0,36.966,0.593676,1.03089,1.84791,7.88521,0.728595,9.44174,0.42336,36.966,0.42336,423.524,0,1.02816,0,0,2.05905,1.03089,1.028160,1,0,110.997,0,0,0,110.997,0
47.2616,1.80589,0,0,4.91426,0.232319,0.36288,3.6288,13.2557,0.209094,0,0,0.505302,0.118048,0,0.66528,12.849,1,0.51854,0.36288,0,79.3221,4.57705,74.5894,0.84672,12.849,0.84672,3695.15,0,36.966,0.59104,1.16476,1.84803,7.51645,0.930431,9.00777,0.42336,36.966,0.42336,423.524,0,1.02816,0,0,2.19292,1.16476,1.028160,1,0,83.5972,0,0,0,83.5972,0
50.9242,1.82771,0,0,6.09562,0.242413,0.36288,3.6288,13.5505,0.211218,0,0,0.637489,0.13145,0,0.66528,12.849,1,0.496898,0.36288,0,91.0889,4.43916,86.5158,0.84672,12.849,0.84672,3695.15,0,36.966,0.589019,1.17238,1.84814,7.86939,0.988093,9.31279,0.42336,36.966,0.42336,423.524,0,1.02816,0,0,2.20054,1.17238,1.028160,1,0,95.8285,0,0,0,95.8285,0
55.3591,1.93304,0,0,6.98856,0.257735,0.36288,3.6288,13.8563,0.231147,0,0,0.66731,0.130373,0,0.66528,12.849,1,0.487736,0.36288,0,96.7378,3.91923,92.6937,0.84672,12.849,0.84672,3695.15,0,36.966,0.630571,1.27564,1.84825,7.75806,0.917808,9.33358,0.42336,36.966,0.42336,423.524,0,1.02816,0,0,2.3038,1.27564,1.028160,1,0,102.027,0,0,0,102.027,0
58.6995,1.9649,0,0,5.93786,0.269706,0.36288,3.6288,14.0138,0.23497,0,0,0.523476,0.130994,0,0.66528,12.849,1,0.456058,0.36288,0,87.7116,3.91923,83.6991,0.84672,12.849,0.84672,3695.15,0,36.966,0.626855,0.775993,1.91377,7.05052,0.917808,8.19562,0.42336,36.966,0.42336,423.524,0,1.02816,0,0,1.80415,0.775993,1.028160,1,0,91.8948,0,0,0,91.8948,0
60.4391,1.98634,0,0,4.32543,0.236583,0.36288,3.6288,14.0405,0.248878,0,0,0.416474,0.140984,0,0.66528,12.849,1,0.434799,0.36288,0,63.0315,4.0582,58.9014,0.84672,12.849,0.84672,3695.15,0,36.966,0.656495,0.528595,1.91389,4.8176,0.927512,5.67608,0.42336,36.966,0.42336,423.524,0,0.984718,0,0,1.51331,0.528595,1.028160,1,0,64.5774,0,0,0,64.5774,0
61.3034,1.99681,0,0,3.46045,0.236501,0.36288,3.6288,13.9578,0.300018,0,0,0.355344,0.137997,0,0.66528,12.849,1,0.424511,0.36288,0,48.9009,4.07183,44.7675,0.84672,12.849,0.84672,3695.15,0,36.966,0.789892,0.528595,1.91401,4.0937,0.935158,4.81125,0.42336,36.966,0.42336,423.524,0,0.800289,0,0,1.32888,0.528595,1.028160,1,0,49.5787,0,0,0,49.5787,0
61.4409,1.97087,0,0,2.71673,0.245459,0.36288,3.6288,13.888,0.281657,0,0,0.340537,0.128653,0,0.66528,12.849,1,0.413089,0.36288,0,45.1938,4.08222,41.0613,0.84672,12.849,0.84672,3695.15,0,36.966,0.745945,0.528595,1.91412,3.89169,0.951456,4.63701,0.42336,36.966,0.42336,423.524,0,0.838858,0,0,1.36745,0.528595,1.028160,1,0,45.6983,0,0,0,45.6983,0
61.2281,2.18486,0,0,2.51629,0.181295,0.36288,3.6288,13.7,0.349606,0,0,0.310318,0.148741,0,0.66528,12.849,1,0.456914,0.36288,0,41.4715,4.37052,37.0069,0.84672,12.849,0.84672,3695.15,0,36.966,0.930552,0.528595,1.88878,3.67163,0.968671,4.18978,0.42336,36.966,0.42336,423.524,0,0.736404,0,0,1.265,0.528595,1.028160,1,0,41.1967,0,0,0,41.1967,0
60.9592,2.18371,0,0,2.45868,0.180976,0.36288,3.6288,13.6327,0.267293,0,0,0.348272,0.148307,0,0.66528,12.849,1,0.458261,0.36288,0,40.2633,4.37052,35.7974,0.84672,12.849,0.84672,3695.15,0,36.966,0.721224,0.415912,2.05306,4.37085,0.968671,5.14994,0.42336,36.966,0.42336,423.524,0,1.02816,0,0,1.44407,0.415912,1.028160,1,0,40.9473,0,0,0,40.9473,0
60.6755,2.1822,0,0,2.44188,0.180573,0.36288,3.6288,13.5119,0.319151,0,0,0.346534,0.148152,0,0.66528,12.849,1,0.459965,0.36288,0,39.4451,4.37052,34.9775,0.84672,12.849,0.84672,3695.15,0,36.966,0.865402,0.402797,2.05319,3.71663,0.968671,4.33855,0.42336,36.966,0.42336,423.524,0,0.832239,0,0,1.23504,0.402797,1.028160,1,0,39.3161,0,0,0,39.3161,0
60.2262,2.07313,0,0,2.16952,0.182771,0.36288,3.6288,13.4205,0.24715,0,0,0.30839,0.152626,0,0.66528,12.849,1,0.439019,0.36288,0,38.0165,4.38582,33.5546,0.84672,12.849,0.84672,3695.15,0,36.966,0.676155,0.469264,2.05332,3.14775,1.07537,3.91881,0.42336,36.966,0.42336,423.524,0,1.02816,0,0,1.49742,0.469264,1.028160,1,0,37.4734,0,0,0,37.4734,0
59.5492,2.07059,0,0,1.89673,0.140281,0.36288,3.6288,13.2779,0.245953,0,0,0.255636,0.152273,0,0.66528,12.849,1,0.441752,0.36288,0,33.2801,4.35288,28.8483,0.84672,12.849,0.84672,3695.15,0,36.966,0.677463,0.490458,1.97848,2.81198,1.04904,3.55441,0.42336,36.966,0.42336,423.524,0,1.02816,0,0,1.51862,0.490458,1.028160,1,0,32.4027,0,0,0,32.4027,0
58.5803,2.28865,0,0,1.81511,0.132505,0.36288,3.6288,13.1078,0.285856,0,0,0.268784,0.153028,0,0.66528,12.849,1,0.493824,0.36288,0,31.2689,4.40706,26.7308,0.84672,12.849,0.84672,3695.15,0,36.966,0.79583,0.481939,1.9786,2.92951,1.03901,3.55521,0.42336,36.966,0.42336,423.524,0,1.02816,0,0,1.5101,0.481939,1.028160,1,0,30.2861,0,0,0,30.2861,0
57.538,2.28212,0,0,1.734,0.131272,0.36288,3.6288,12.9419,0.283185,0,0,0.26992,0.15262,0,0.66528,12.849,1,0.50056,0.36288,0,29.3789,4.40706,24.8341,0.84672,12.849,0.84672,3695.15,0,36.966,0.798623,0.415428,2.1515,2.81694,1.03901,3.54624,0.42336,36.966,0.42336,423.524,0,1.02816,0,0,1.44359,0.415428,1.028160,1,0,28.3803,0,0,0,28.3803,0
57.0855,2.27488,0,0,2.30885,0.123537,0.36288,3.6288,12.8744,0.280562,0,0,0.35908,0.146065,0,0.66528,12.849,1,0.50801,0.36288,0,36.3956,4.64352,31.6069,0.84672,12.849,0.84672,3695.15,0,36.966,0.801367,0.994663,2.15163,3.37308,1.05471,4.6633,0.42336,36.966,0.42336,423.524,0,1.02816,0,0,2.02282,0.994663,1.028160,1,0,36.2702,0,0,0,36.2702,0
56.68,2.49604,0,0,2.57157,0.118205,0.36288,3.6288,12.9555,0.214558,0,0,0.436959,0.141296,0,0.66528,12.849,1,0.561817,0.36288,0,42.163,4.82087,37.1432,0.84672,12.849,0.84672,3695.15,0,36.966,0.616057,1.46372,2.15177,3.78575,1.06648,5.7187,0.42336,36.966,0.42336,423.524,0,1.02816,0,0,2.49188,1.46372,1.028160,1,0,42.8619,0,0,0,42.8619,0
56.0331,2.49293,0,0,2.32667,0.117733,0.36288,3.6288,13.0039,0.215591,0,0,0.405518,0.141476,0,0.66528,12.849,1,0.565132,0.36288,0,37.8628,4.82087,32.8397,0.84672,12.849,0.84672,3695.15,0,36.966,0.615148,1.15462,2.00913,3.63087,1.06648,5.113,0.42336,36.966,0.42336,423.524,0,1.02816,0,0,2.18278,1.15462,1.028160,1,0,37.9527,0,0,0,37.9527,0
55.307,2.48779,0,0,2.21666,0.0920744,0.36288,3.6288,12.9897,0.21622,0,0,0.383689,0.181738,0,0.66528,12.849,1,0.570478,0.36288,0,34.3008,5.66777,28.4254,0.84672,12.849,0.84672,3695.15,0,36.966,0.614644,1.1653,2.00927,3.44002,1.37562,4.62433,0.42336,36.966,0.42336,423.524,0,1.02816,0,0,2.19346,1.1653,1.028160,1,0,33.0498,0,0,0,33.0498,0
54.3854,2.48188,0,0,2.01026,0.0871735,0.36288,3.6288,12.9484,0.216077,0,0,0.362915,0.188127,0,0.66528,12.849,1,0.576594,0.36288,0,31.5641,5.77994,25.5704,0.84672,12.849,0.84672,3695.15,0,36.966,0.614912,1.1421,2.0094,3.34394,1.4316,4.44892,0.42336,36.966,0.42336,423.524,0,1.02816,0,0,2.17026,1.1421,1.028160,1,0,30.0194,0,0,0,30.0194,0
53.3479,2.53189,0,0,1.94302,0.0856842,0.36288,3.6288,12.8683,0.227387,0,0,0.333729,0.186441,0,0.66528,12.849,1,0.598179,0.36288,0,29.5752,5.60606,23.7339,0.84672,12.849,0.84672,3695.15,0,36.966,0.64916,1.12608,2.00954,3.21207,1.45836,4.24016,0.42336,36.966,0.42336,423.524,0,1.02816,0,0,2.15424,1.12608,1.028160,1,0,27.974,0,0,0,27.974,0
52.1369,2.52268,0,0,1.75929,0.0847859,0.36288,3.6288,12.7746,0.226376,0,0,0.318859,0.186206,0,0.66528,12.849,1,0.607595,0.36288,0,27.8542,5.60606,22.0035,0.84672,12.849,0.84672,3695.15,0,36.966,0.650299,0.906474,2.05815,2.98652,1.45836,3.84249,0.42336,36.966,0.42336,423.524,0,1.02816,0,0,1.93463,0.906474,1.028160,1,0,25.846,0,0,0,25.846,0
50.7296,2.51153,0,0,1.53856,0.0714112,0.36288,3.6288,12.6753,0.225184,0,0,0.3166,0.190654,0,0.66528,12.849,1,0.61896,0.36288,0,26.5232,5.83038,20.4367,0.84672,12.849,0.84672,3695.15,0,36.966,0.651619,0.875604,2.05829,3.01849,1.50318,3.79758,0.42336,36.966,0.42336,423.524,0,1.02816,0,0,1.90376,0.875604,1.028160,1,0,24.2343,0,0,0,24.2343,0
49.0906,2.49799,0,0,1.29946,0.0776117,0.36288,3.6288,12.5763,0.223914,0,0,0.307568,0.182649,0,0.66528,12.849,1,0.632702,0.36288,0,24.8864,5.72849,18.8881,0.84672,12.849,0.84672,3695.15,0,36.966,0.653018,0.843886,2.05843,2.88179,1.35495,3.77614,0.42336,36.966,0.42336,423.524,0,1.02816,0,0,1.87205,0.843886,1.028160,1,0,22.6642,0,0,0,22.6642,0
47.1806,2.64714,0,0,1.18022,0.0801614,0.36288,3.6288,12.4146,0.264281,0,0,0.293864,0.191305,0,0.66528,12.849,1,0.692865,0.36288,0,23.362,5.87976,17.1523,0.84672,12.849,0.84672,3695.15,0,36.966,0.77681,0.840784,2.05857,2.87988,1.4402,3.56221,0.42336,36.966,0.42336,423.524,0,1.02816,0,0,1.86894,0.840784,1.028160,1,0,20.7145,0,0,0,20.7145,0
45.1517,2.62527,0,0,1.0393,0.0800335,0.36288,3.6288,12.2268,0.261772,0,0,0.26835,0.194387,0,0.66528,12.849,1,0.714958,0.36288,0,21.444,5.94027,15.1516,0.84672,12.849,0.84672,3695.15,0,36.966,0.779458,0.768217,2.22462,2.81071,1.47431,3.54979,0.42336,36.966,0.42336,423.524,0,1.02816,0,0,1.79638,0.768217,1.028160,1,0,18.7014,0,0,0,18.7014,0
43.2167,2.60044,0,0,1.10655,0.0782456,0.36288,3.6288,12.0403,0.258831,0,0,0.266155,0.193832,0,0.66528,12.849,1,0.740017,0.36288,0,20.0318,5.94027,13.7144,0.84672,12.849,0.84672,3695.15,0,36.966,0.782539,0.740474,2.22477,2.96236,1.47431,3.67076,0.42336,36.966,0.42336,423.524,0,1.02816,0,0,1.76863,0.740474,1.028160,1,0,17.3852,0,0,0,17.3852,0
41.8553,2.57507,0,0,1.66088,0.0842819,0.36288,3.6288,11.9093,0.255887,0,0,0.316914,0.191992,0,0.66528,12.849,1,0.765609,0.36288,0,29.5804,5.8809,23.2968,0.84672,12.849,0.84672,3695.15,0,36.966,0.785622,1.08993,2.22492,3.14812,1.46703,4.21032,0.42336,36.966,0.42336,423.524,0,1.02816,0,0,2.11809,1.08993,1.028160,1,0,27.5071,0,0,0,27.5071,0
40.9782,2.55619,0,0,2.13014,0.0881662,0.36288,3.6288,11.9128,0.253816,0,0,0.432739,0.175451,0,0.66528,12.849,1,0.784715,0.36288,0,28.8076,5.68184,22.7039,0.84672,12.849,0.84672,3695.15,0,36.966,0.787832,1.75884,2.22507,3.89386,1.37724,5.7127,0.42336,36.966,0.42336,423.524,0,1.02816,0,0,2.787,1.75884,1.028160,1,0,28.4166,0,0,0,28.4166,0
39.5476,2.46597,0,0,1.47143,0.0732465,0.36288,3.6288,11.8861,0.229632,0,0,0.362439,0.159514,0,0.66528,12.849,1,0.773221,0.36288,0,20.1238,5.52521,14.1882,0.84672,12.849,0.84672,3695.15,0,36.966,0.712561,1.61653,2.22522,3.50426,1.283,5.35045,0.42336,36.966,0.42336,423.524,0,1.02816,0,0,2.64469,1.61653,1.028160,1,0,19.5387,0,0,0,19.5387,0
38.099,2.44502,0,0,1.43132,0.072018,0.36288,3.6288,11.8327,0.229275,0,0,0.335297,0.159449,0,0.66528,12.849,1,0.794387,0.36288,0,18.3826,5.52521,12.4258,0.84672,12.849,0.84672,3695.15,0,36.966,0.71305,1.39021,2.12932,3.44327,1.283,4.96675,0.42336,36.966,0.42336,423.524,0,1.02816,0,0,2.41837,1.39021,1.028160,1,0,17.3926,0,0,0,17.3926,0
38.0217,2.4226,0,0,2.87741,0.169223,0.36288,3.6288,12.2275,0.228526,0,0,0.719124,0.095734,0,0.66528,12.849,1,0.817028,0.36288,0,49.981,4.07179,45.4551,0.84672,12.849,0.84672,3695.15,0,36.966,0.713931,2.44783,2.12946,8.67565,0.828717,11.7103,0.42336,36.966,0.42336,423.524,0,1.02816,0,0,3.47599,2.44783,1.028160,1,0,57.1654,0,0,0,57.1654,0
39.6032,2.42152,0,0,4.53496,0.16907,0.36288,3.6288,12.5424,0.23429,0,0,0.64552,0.0963135,0,0.66528,12.849,1,0.818325,0.36288,0,56.5742,4.07179,52.047,0.84672,12.849,0.84672,3695.15,0,36.966,0.7083,3.03908,2.1296,5.63593,0.828717,9.2676,0.42336,36.966,0.42336,423.524,0,1.02816,0,0,4.06724,3.03908,1.028160,1,0,61.3146,0,0,0,61.3146,0
39.1925,2.38316,0,0,2.48962,0.15431,0.36288,3.6288,12.565,0.215856,0,0,0.356633,0.118206,0,0.66528,12.849,1,0.773201,0.36288,0,32.2811,4.15692,27.7139,0.84672,12.849,0.84672,3695.15,0,36.966,0.636187,1.03715,2.12975,4.47325,1.02036,5.98359,0.42336,36.966,0.42336,423.524,0,1.02816,0,0,2.06531,1.03715,1.028160,1,0,33.6975,0,0,0,33.6975,0
38.4753,2.37722,0,0,2.21832,0.195418,0.36288,3.6288,12.4779,0.216178,0,0,0.243619,0.114535,0,0.66528,12.849,1,0.779356,0.36288,0,28.4107,4.21533,23.7789,0.84672,12.849,0.84672,3695.15,0,36.966,0.635991,0.477827,2.04415,3.73804,1.09477,4.52926,0.42336,36.966,0.42336,423.524,0,1.02816,0,0,1.50599,0.477827,1.028160,1,0,28.3082,0,0,0,28.3082,0
38.4785,2.36649,0,0,2.92645,0.1938,0.36288,3.6288,12.7028,0.21509,0,0,0.554359,0.114377,0,0.66528,12.849,1,0.7903,0.36288,0,38.0112,4.21533,33.3684,0.84672,12.849,0.84672,3695.15,0,36.966,0.637206,2.81177,2.04428,6.64438,1.09477,9.76845,0.42336,36.966,0.42336,423.524,0,1.02816,0,0,3.83993,2.81177,1.028160,1,0,43.1369,0,0,0,43.1369,0
43.4745,2.3667,0,0,7.91938,0.193807,0.36288,3.6288,13.6585,0.218007,0,0,1.28852,0.114785,0,0.66528,12.849,1,0.790302,0.36288,0,113.531,4.21533,108.889,0.84672,12.849,0.84672,3695.15,0,36.966,0.634415,5.9094,2.04442,11.5806,1.09477,17.8053,0.42336,36.966,0.42336,423.524,0,1.02816,0,0,6.93756,5.9094,1.028160,1,0,126.694,0,0,0,126.694,0
44.015,2.25343,0,0,3.39784,0.241109,0.36288,3.6288,14.2947,0.17905,0,0,0.928269,0.113024,0,0.66528,12.849,1,0.666007,0.36288,0,58.1168,4.45518,53.3585,0.84672,12.849,0.84672,3695.15,0,36.966,0.484588,2.56293,2.04456,7.59427,1.16657,10.5506,0.42336,36.966,0.42336,423.524,0,1.02816,0,0,3.59109,2.56293,1.028160,1,0,63.9091,0,0,0,63.9091,0
44.3719,2.25991,0,0,3.22447,0.244733,0.36288,3.6288,15.0547,0.185096,0,0,1.06458,0.119556,0,0.66528,12.849,1,0.659721,0.36288,0,51.7403,4.70347,46.74,0.84672,12.849,0.84672,3695.15,0,36.966,0.478656,4.548,1.85419,13.4772,1.23844,18.1623,0.42336,36.966,0.42336,423.524,0,1.02816,0,0,5.57616,4.548,1.028160,1,0,64.9023,0,0,0,64.9023,0
44.0288,2.26418,0,0,2.52971,0.245729,0.36288,3.6288,15.1715,0.192121,0,0,0.429912,0.120957,0,0.66528,12.849,1,0.65565,0.36288,0,45.0305,4.70347,40.0342,0.84672,12.849,0.84672,3695.15,0,36.966,0.471744,2.19652,1.85431,7.43786,1.23844,9.77851,0.42336,36.966,0.42336,423.524,0,1.02816,0,0,3.22468,2.19652,1.028160,1,0,49.8127,0,0,0,49.8127,0
43.5516,2.26038,0,0,2.38531,0.239318,0.36288,3.6288,15.2543,0.193211,0,0,0.414939,0.13888,0,0.66528,12.849,1,0.659649,0.36288,0,39.3558,4.80704,34.252,0.84672,12.849,0.84672,3695.15,0,36.966,0.470768,1.46035,1.85443,5.97576,1.31835,7.50142,0.42336,36.966,0.42336,423.524,0,1.02816,0,0,2.48851,1.46035,1.028160,1,0,41.7534,0,0,0,41.7534,0
43.6552,2.25495,0,0,2.95277,0.231286,0.36288,3.6288,15.4859,0.193991,0,0,0.575074,0.149509,0,0.66528,12.849,1,0.665276,0.36288,0,76.523,4.78465,71.436,0.84672,12.849,0.84672,3695.15,0,36.966,0.470102,1.27803,1.85456,7.17479,1.32759,8.50969,0.42336,36.966,0.42336,423.524,0,1.02816,0,0,2.30619,1.27803,1.028160,1,0,79.9457,0,0,0,79.9457,0
46.811,2.327,0,0,6.07054,0.224898,0.36288,3.6288,16.7723,0.212256,0,0,1.6415,0.142897,0,0.66528,12.849,1,0.684903,0.36288,0,169.34,4.53453,164.483,0.84672,12.849,0.84672,3695.15,0,36.966,0.506669,2.3905,1.85468,14.1303,1.20084,16.668,0.42336,36.966,0.42336,423.524,0,1.02816,0,0,3.41866,2.3905,1.028160,1,0,181.151,0,0,0,181.151,0
51.9691,2.36337,0,0,8.11744,0.233028,0.36288,3.6288,18.4824,0.224417,0,0,2.08027,0.145679,0,0.66528,12.849,1,0.648715,0.36288,0,171.947,4.53453,167.127,0.84672,12.849,0.84672,3695.15,0,36.966,0.494615,4.31499,1.91423,19.4386,1.20084,23.9724,0.42336,36.966,0.42336,423.524,0,1.02816,0,0,5.34315,4.31499,1.028160,1,0,191.099,0,0,0,191.099,0
57.6138,2.41515,0,0,8.66897,0.246254,0.36288,3.6288,20.0475,0.239708,0,0,1.9541,0.149276,0,0.66528,12.849,1,0.597128,0.36288,0,208.267,4.53453,203.498,0.84672,12.849,0.84672,3695.15,0,36.966,0.479431,4.13735,1.91435,18.1764,1.20084,22.5478,0.42336,36.966,0.42336,423.524,0,1.02816,0,0,5.16551,4.13735,1.028160,1,0,226.046,0,0,0,226.046,0
61.3263,2.46313,0,0,6.79916,0.260653,0.36288,3.6288,21.4418,0.252907,0,0,1.79972,0.152531,0,0.66528,12.849,1,0.549326,0.36288,0,164.285,4.53453,159.564,0.84672,12.849,0.84672,3695.15,0,36.966,0.46634,3.75672,1.91446,17.8728,1.20084,21.8768,0.42336,36.966,0.42336,423.524,0,1.02816,0,0,4.78488,3.75672,1.028160,1,0,181.441,0,0,0,181.441,0
62.1602,2.73372,0,0,4.1586,0.228119,0.36288,3.6288,23.8381,0.339508,0,0,2.85958,0.123766,0,0.66528,12.849,1,0.572766,0.36288,0,129.09,3.41961,125.461,0.84672,12.849,0.84672,3695.15,0,36.966,0.585317,3.98088,1.91458,18.3533,1.04122,22.6222,0.42336,36.966,0.42336,423.524,0,1.02816,0,0,5.00904,3.98088,1.028160,1,0,148.083,0,0,0,148.083,0
63.8501,2.74026,0,0,5.02906,0.236046,0.36288,3.6288,25.2849,0.362623,0,0,1.92607,0.116706,0,0.66528,12.849,1,0.566433,0.36288,0,158.035,3.27756,154.554,0.84672,12.849,0.84672,3695.15,0,36.966,0.562323,3.5228,2.12851,14.0996,0.995449,18.1932,0.42336,36.966,0.42336,423.524,0,1.02816,0,0,4.55096,3.5228,1.028160,1,0,172.747,0,0,0,172.747,0
67.8416,2.75291,0,0,7.39949,0.292168,0.36288,3.6288,26.9498,0.37574,0,0,2.16553,0.124882,0,0.66528,12.849,1,0.553987,0.36288,0,153.071,3.31151,149.569,0.84672,12.849,0.84672,3695.15,0,36.966,0.549325,6.66084,2.12864,18.3851,0.988645,25.6366,0.42336,36.966,0.42336,423.524,0,1.02816,0,0,7.689,6.66084,1.028160,1,0,175.205,0,0,0,175.205,0
68.9269,2.78048,0,0,4.54499,0.316341,0.36288,3.6288,28.1605,0.3901,0,0,1.74321,0.142414,0,0.66528,12.849,1,0.526616,0.36288,0,167.657,3.25489,164.238,0.84672,12.849,0.84672,3695.15,0,36.966,0.535086,2.65068,2.12877,14.9342,1.01948,18.1591,0.42336,36.966,0.42336,423.524,0,1.02816,0,0,3.67884,2.65068,1.028160,1,0,182.397,0,0,0,182.397,0
71.0503,2.43429,0,0,5.23259,0.311991,0.36288,3.6288,29.5405,0.280839,0,0,1.78352,0.122672,0,0.66528,12.849,1,0.453789,0.36288,0,141.032,2.9146,138.026,0.84672,12.849,0.84672,3695.15,0,36.966,0.368655,3.10947,2.12891,10.5977,0.89903,14.5684,0.42336,36.966,0.42336,423.524,0,1.02816,0,0,4.13763,3.10947,1.028160,1,0,152.594,0,0,0,152.594,0
72.29,2.44593,0,0,5.01013,0.315955,1.00857,3.6288,30.7633,0.288534,0,0,1.63233,0.120927,0,0.66528,12.849,1,0.442331,1.00857,0,130.992,2.85789,128.7,0.84672,12.849,0.84672,3695.15,0,36.966,0.361063,3.52768,1.83738,9.39738,0.878955,13.5224,0.42336,36.966,0.42336,423.524,0,1.02816,0,0,4.55584,3.52768,1.028160,1,0,142.223,0,0,0,142.223,0
72.29,2.45252,0,0,6.95249,0.318956,4.18101,3.6288,32.2381,0.2951,0,0,1.89241,0.122586,0,0.66528,12.849,1,0.435917,4.18101,0,166.219,2.85789,167.106,0.84672,12.849,0.84672,3695.15,0,36.966,0.3546,4.05952,1.83749,12.8077,0.878955,17.4711,0.42336,36.966,0.42336,423.524,0,1.02816,0,0,5.08768,4.05952,1.028160,1,0,184.577,0,0,0,184.577,0
72.29,2.45267,0,0,6.01247,0.317797,3.242,3.6288,33.5037,0.302705,0,0,1.68596,0.117591,0,0.66528,12.849,1,0.435944,3.242,0,161.696,2.76374,161.738,0.84672,12.849,0.84672,3695.15,0,36.966,0.347098,3.80224,1.83761,11.0208,0.871013,15.4425,0.42336,36.966,0.42336,423.524,0,1.02816,0,0,4.8304,3.80224,1.028160,1,0,177.181,0,0,0,177.181,0
72.29,2.45282,0,0,9.82722,0.310384,7.06402,3.6288,35.7335,0.308988,0,0,2.66766,0.128927,0,0.66528,12.849,1,0.43597,7.06402,0,291.028,3.4114,294.245,0.84672,12.849,0.84672,3695.15,0,36.966,0.340919,5.4521,1.83772,19.6767,0.988066,25.6376,0.42336,36.966,0.42336,423.524,0,1.02816,0,0,6.48026,5.4521,1.028160,1,0,319.882,0,0,0,319.882,0
72.29,2.5426,0,0,7.31955,0.297022,4.47993,3.6288,37.2176,0.35267,0,0,1.95337,0.116556,0,0.66528,12.849,1,0.451928,4.47993,0,220.679,3.35465,221.353,0.84672,12.849,0.84672,3695.15,0,36.966,0.364834,4.93093,1.83783,14.2893,0.921041,19.7722,0.42336,36.966,0.42336,423.524,0,1.02816,0,0,5.95909,4.93093,1.028160,1,0,241.125,0,0,0,241.125,0
72.29,2.54276,0,0,6.04855,0.297022,3.20878,3.6288,38.6464,0.360023,0,0,1.90708,0.11825,0,0.66528,12.849,1,0.451955,3.20878,0,180.465,3.35465,179.867,0.84672,12.849,0.84672,3695.15,0,36.966,0.357589,4.38969,1.90987,12.8082,0.921041,17.8291,0.42336,36.966,0.42336,423.524,0,1.02816,0,0,5.41785,4.38969,1.028160,1,0,197.696,0,0,0,197.696,0
72.29,2.54291,0,0,5.57146,0.298517,2.73003,3.6288,40.2833,0.366835,0,0,2.12468,0.120996,0,0.66528,12.849,1,0.451983,2.73003,0,176.931,3.30216,175.907,0.84672,12.849,0.84672,3695.15,0,36.966,0.350884,4.33045,1.90999,16.1171,0.914125,21.0926,0.42336,36.966,0.42336,423.524,0,1.02816,0,0,5.35861,4.33045,1.028160,1,0,196.999,0,0,0,196.999,0
72.29,2.28631,0,0,5.55834,0.235029,3.037,3.6288,41.4648,0.532019,0,0,1.87368,0.160148,0,0.66528,12.849,1,0.406373,3.037,0,146.098,3.5249,145.204,0.84672,12.849,0.84672,3695.15,0,36.966,0.488208,4.5091,1.91011,12.9006,0.953595,17.8781,0.42336,36.966,0.42336,423.524,0,1.02816,0,0,5.53726,4.5091,1.028160,1,0,163.082,0,0,0,163.082,0
72.29,2.25141,0,0,4.7345,0.206249,2.27684,3.6288,42.1102,0.525568,0,0,1.36156,0.190607,0,0.66528,12.849,1,0.400171,2.27684,0,120.867,4.28852,118.455,0.84672,12.849,0.84672,3695.15,0,36.966,0.468545,2.80697,2.08719,10.4731,1.09382,13.8049,0.42336,36.966,0.42336,423.524,0,1.02816,0,0,3.83513,2.80697,1.028160,1,0,132.26,0,0,0,132.26,0
72.29,2.25156,0,0,3.81461,0.206249,1.3568,3.6288,42.1971,0.529448,0,0,0.808186,0.191797,0,0.66528,12.849,1,0.400198,1.3568,0,127.739,4.28852,124.407,0.84672,12.849,0.84672,3695.15,0,36.966,0.464771,1.97457,2.05931,7.83579,1.09382,10.3111,0.42336,36.966,0.42336,423.524,0,1.02816,0,0,3.00273,1.97457,1.028160,1,0,134.718,0,0,0,134.718,0
72.29,2.25172,0,0,3.39855,0.206249,0.940586,3.6288,42.1244,0.530015,0,0,0.649287,0.191958,0,0.66528,12.849,1,0.400226,0.940586,0,85.7382,4.28852,81.99,0.84672,12.849,0.84672,3695.15,0,36.966,0.46431,1.50201,2.05943,6.84089,1.09382,8.84421,0.42336,36.966,0.42336,423.524,0,1.02816,0,0,2.53017,1.50201,1.028160,1,0,90.8342,0,0,0,90.8342,0
72.29,2.25187,0,0,3.08864,0.195224,0.641539,3.6288,41.9985,0.529644,0,0,0.597707,0.193974,0,0.66528,12.849,1,0.400253,0.641539,0,72.2917,4.33863,68.1944,0.84672,12.849,0.84672,3695.15,0,36.966,0.464786,1.22984,2.05955,6.31956,1.1116,8.03256,0.42336,36.966,0.42336,423.524,0,1.02816,0,0,2.258,1.22984,1.028160,1,0,76.227,0,0,0,76.227,0
72.29,2.37104,0,0,3.08801,0.135775,0.581194,3.6288,41.8452,0.578427,0,0,0.645637,0.220543,0,0.66528,12.849,1,0.421434,0.581194,0,67.4698,4.9497,62.6798,0.84672,12.849,0.84672,3695.15,0,36.966,0.509117,1.09284,2.05966,6.75933,1.17558,8.22714,0.42336,36.966,0.42336,423.524,0,1.02816,0,0,2.121,1.09284,1.028160,1,0,70.907,0,0,0,70.907,0
72.29,2.3712,0,0,3.00929,0.12247,0.515627,3.6288,41.6764,0.577496,0,0,0.638747,0.229995,0,0.66528,12.849,1,0.421462,0.515627,0,61.1394,5.15739,56.0762,0.84672,12.849,0.84672,3695.15,0,36.966,0.51016,0.941337,2.1579,6.84495,1.19399,8.24004,0.42336,36.966,0.42336,423.524,0,1.02816,0,0,1.9695,0.941337,1.028160,1,0,64.3162,0,0,0,64.3162,0
72.29,2.37136,0,0,2.96817,0.12247,0.474339,3.6288,41.511,0.576461,0,0,0.640621,0.229621,0,0.66528,12.849,1,0.421491,0.474339,0,57.8549,5.15739,52.7504,0.84672,12.849,0.84672,3695.15,0,36.966,0.511307,1.02487,2.15802,6.51663,1.19399,7.99423,0.42336,36.966,0.42336,423.524,0,1.02816,0,0,2.05303,1.02487,1.028160,1,0,60.7446,0,0,0,60.7446,0
72.0809,2.37152,0,0,2.66248,0.137221,0.36288,3.6288,41.3205,0.575442,0,0,0.610861,0.225873,0,0.66528,12.849,1,0.42152,0.36288,0,54.6377,4.90355,49.6755,0.84672,12.849,0.84672,3695.15,0,36.966,0.512437,1.03637,2.15815,6.00202,1.20379,7.48031,0.42336,36.966,0.42336,423.524,0,1.02816,0,0,2.06453,1.03637,1.028160,1,0,57.1558,0,0,0,57.1558,0
71.7716,2.37064,0,0,2.55235,0.128098,0.36288,3.6288,41.0844,0.574254,0,0,0.571532,0.233381,0,0.66528,12.849,1,0.422587,0.36288,0,56.2697,4.82739,51.3826,0.84672,12.849,0.84672,3695.15,0,36.966,0.513736,0.918328,2.15827,5.15784,1.24836,6.47233,0.42336,36.966,0.42336,423.524,0,1.02816,0,0,1.94649,0.918328,1.028160,1,0,57.855,0,0,0,57.855,0
71.4176,2.34574,0,0,2.44452,0.0898301,0.36288,3.6288,40.7563,0.599675,0,0,0.520914,0.249374,0,0.66528,12.849,1,0.41995,0.36288,0,60.0988,5.17713,54.8646,0.84672,12.849,0.84672,3695.15,0,36.966,0.539562,0.686966,2.15839,4.40752,1.29039,5.42292,0.42336,36.966,0.42336,423.524,0,1.02816,0,0,1.71513,0.686966,1.028160,1,0,60.2875,0,0,0,60.2875,0
70.9154,2.34414,0,0,2.29432,0.0895879,0.36288,3.6288,40.3687,0.597457,0,0,0.458434,0.248579,0,0.66528,12.849,1,0.421743,0.36288,0,54.9122,5.17713,49.6762,0.84672,12.849,0.84672,3695.15,0,36.966,0.541894,0.623523,2.19282,4.18285,1.29039,5.16691,0.42336,36.966,0.42336,423.524,0,1.02816,0,0,1.65168,0.623523,1.028160,1,0,54.8431,0,0,0,54.8431,0
70.2703,2.34177,0,0,2.14881,0.0892442,0.36288,3.6288,39.9537,0.594801,0,0,0.427429,0.247641,0,0.66528,12.849,1,0.4243,0.36288,0,52.548,5.17713,47.3095,0.84672,12.849,0.84672,3695.15,0,36.966,0.544665,0.532405,2.19295,3.95909,1.29039,4.84938,0.42336,36.966,0.42336,423.524,0,1.02816,0,0,1.56057,0.532405,1.028160,1,0,52.1589,0,0,0,52.1589,0
69.5482,2.33864,0,0,2.06131,0.0818402,0.36288,3.6288,39.5496,0.591922,0,0,0.447172,0.25937,0,0.66528,12.849,1,0.427623,0.36288,0,47.7332,5.41165,42.2568,0.84672,12.849,0.84672,3695.15,0,36.966,0.547659,0.283599,2.19307,3.75762,1.35463,4.332,0.42336,36.966,0.42336,423.524,0,1.02816,0,0,1.31176,0.283599,1.028160,1,0,46.5888,0,0,0,46.5888,0
68.4332,2.3955,0,0,1.71825,0.0748716,0.36288,3.6288,38.9225,0.690753,0,0,0.320531,0.256791,0,0.66528,12.849,1,0.442568,0.36288,0,35.8972,5.52882,30.2887,0.84672,12.849,0.84672,3695.15,0,36.966,0.64563,0.261274,2.19319,3.20962,1.409,3.60946,0.42336,36.966,0.42336,423.524,0,0.877055,0,0,1.13833,0.261274,1.028160,1,0,33.8982,0,0,0,33.8982,0
67.087,2.64419,0,0,1.73005,0.0691853,0.36288,3.6288,38.5075,0.460636,0,0,0.304559,0.258979,0,0.66528,12.849,1,0.496472,0.36288,0,47.0212,5.56679,41.3208,0.84672,12.849,0.84672,3695.15,0,36.966,0.43748,0.261274,2.24196,3.53305,1.43149,4.16731,0.42336,36.966,0.42336,423.524,0,1.01304,0,0,1.27431,0.261274,1.028160,1,0,45.4882,0,0,0,45.4882,0
65.6396,2.63599,0,0,1.61996,0.0684573,0.36288,3.6288,38.0797,0.45307,0,0,0.283232,0.257958,0,0.66528,12.849,1,0.504865,0.36288,0,37.7534,5.56679,32.0447,0.84672,12.849,0.84672,3695.15,0,36.966,0.434933,0.227405,2.06512,3.18477,1.43149,3.61088,0.42336,36.966,0.42336,423.524,0,1.02327,0,0,1.25067,0.227405,1.028160,1,0,35.6555,0,0,0,35.6555,0
64.3101,2.37395,0,0,1.47492,0.0676746,0.36288,3.6288,37.3899,0.701746,0,0,0.268892,0.256906,0,0.66528,12.849,1,0.464702,0.36288,0,34.4072,5.56679,28.7386,0.84672,12.849,0.84672,3695.15,0,36.966,0.681223,0.227405,2.06525,2.97067,1.43149,3.15062,0.42336,36.966,0.42336,423.524,0,0.830822,0,0,1.05823,0.227405,1.028160,1,0,31.8893,0,0,0,31.8893,0
62.6102,2.793,0,0,1.51096,0.0549693,0.36288,3.6288,36.9308,0.526948,0,0,0.318238,0.250434,0,0.66528,12.849,1,0.558034,0.36288,0,35.9021,5.62644,30.0805,0.84672,12.849,0.84672,3695.15,0,36.966,0.520973,0.444519,2.24234,3.99524,1.47259,4.68854,0.42336,36.966,0.42336,423.524,0,1.02816,0,0,1.47268,0.444519,1.028160,1,0,34.769,0,0,0,34.769,0
60.6012,2.7806,0,0,1.18777,0.0532949,0.36288,3.6288,36.4153,0.537104,0,0,0.263627,0.242048,0,0.66528,12.849,1,0.570641,0.36288,0,31.905,5.54032,26.1569,0.84672,12.849,0.84672,3695.15,0,36.966,0.537616,0.227405,2.23196,3.40747,1.47727,3.85195,0.42336,36.966,0.42336,423.524,0,1.00149,0,0,1.22889,0.227405,1.028160,1,0,30.0089,0,0,0,30.0089,0
58.7108,2.76516,0,0,1.29014,0.0524181,0.36288,3.6288,35.921,0.520155,0,0,0.266753,0.24084,0,0.66528,12.849,1,0.586285,0.36288,0,30.4928,5.54032,24.7291,0.84672,12.849,0.84672,3695.15,0,36.966,0.528022,0.209866,2.2321,3.61928,1.47727,4.05595,0.42336,36.966,0.42336,423.524,0,1.02816,0,0,1.23803,0.209866,1.028160,1,0,28.785,0,0,0,28.785,0
57.5257,2.74984,0,0,1.9927,0.0651661,0.36288,3.6288,35.4882,0.516637,0,0,0.32086,0.237072,0,0.66528,12.849,1,0.601809,0.36288,0,49.2503,5.45127,43.5601,0.84672,12.849,0.84672,3695.15,0,36.966,0.531667,0.455881,2.23224,3.82488,1.46635,4.51498,0.42336,36.966,0.42336,423.524,0,1.02816,0,0,1.48404,0.455881,1.028160,1,0,48.0751,0,0,0,48.0751,0
57.0321,2.73987,0,0,2.67213,0.0629346,0.36288,3.6288,35.114,0.513524,0,0,0.364089,0.224719,0,0.66528,12.849,1,0.611982,0.36288,0,48.6354,5.42337,42.963,0.84672,12.849,0.84672,3695.15,0,36.966,0.534908,0.518893,2.23238,3.92379,1.44665,4.6935,0.42336,36.966,0.42336,423.524,0,1.02816,0,0,1.54705,0.518893,1.028160,1,0,47.6565,0,0,0,47.6565,0
55.1141,2.65225,0,0,1.13401,0.0368729,0.36288,3.6288,34.4892,0.563418,0,0,0.150711,0.212147,0,0.66528,12.849,1,0.597537,0.36288,0,31.2373,5.24948,25.7532,0.84672,12.849,0.84672,3695.15,0,36.966,0.593134,0.204422,2.23251,1.84391,1.43923,2.24848,0.42336,36.966,0.42336,423.524,0,0.820247,0,0,1.02467,0.204422,1.028160,1,0,28.0017,0,0,0,28.0017,0
53.1316,2.63555,0,0,1.05212,0.0361768,0.36288,3.6288,33.7528,0.678527,0,0,0.152988,0.21084,0,0.66528,12.849,1,0.614438,0.36288,0,18.5541,5.24948,13.053,0.84672,12.849,0.84672,3695.15,0,36.966,0.727255,0.216518,2.13629,1.39342,1.43923,1.57974,0.42336,36.966,0.42336,423.524,0,0.571139,0,0,0.787657,0.216518,1.028160,1,0,14.6328,0,0,0,14.6328,0
52.8203,2.61725,0,0,2.78401,0.115142,0.36288,3.6288,33.3583,0.452884,0,0,0.274666,0.216244,0,0.66528,12.849,1,0.632938,0.36288,0,27.6558,4.69203,22.6937,0.84672,12.849,0.84672,3695.15,0,36.966,0.495998,0.974877,2.13642,4.07069,1.31553,5.37046,0.42336,36.966,0.42336,423.524,0,1.02816,0,0,2.00304,0.974877,1.028160,1,0,28.0641,0,0,0,28.0641,0
51.7396,2.61441,0,0,2.03189,0.135314,0.36288,3.6288,32.8193,0.524763,0,0,0.209872,0.224118,0,0.66528,12.849,1,0.635977,0.36288,0,44.4125,4.58976,39.5496,0.84672,12.849,0.84672,3695.15,0,36.966,0.581515,0.216518,2.13655,2.36113,1.27029,2.8624,0.42336,36.966,0.42336,423.524,0,0.870886,0,0,1.0874,0.216518,1.028160,1,0,42.412,0,0,0,42.412,0
50.6973,2.53666,0,0,2.00349,0.146279,0.36288,3.6288,32.4344,0.471506,0,0,0.231816,0.145272,0,0.66528,12.849,1,0.629954,0.36288,0,29.6429,4.78818,24.5876,0.84672,12.849,0.84672,3695.15,0,36.966,0.53108,0.216518,2.13668,2.67729,1.07713,3.42228,0.42336,36.966,0.42336,423.524,0,0.883725,0,0,1.10024,0.216518,1.028160,1,0,28.0099,0,0,0,28.0099,0
49.2857,2.52648,0,0,1.64302,0.165272,0.36288,3.6288,31.8616,0.612219,0,0,0.169379,0.129932,0,0.66528,12.849,1,0.640326,0.36288,0,22.7144,4.84397,17.593,0.84672,12.849,0.84672,3695.15,0,36.966,0.697756,0.216518,2.05079,2.35491,1.07387,2.85059,0.42336,36.966,0.42336,423.524,0,0.576452,0,0,0.792971,0.216518,1.028160,1,0,20.4436,0,0,0,20.4436,0
48.7211,2.51209,0,0,2.47318,0.162819,0.36288,3.6288,31.7453,0.397362,0,0,0.410176,0.129123,0,0.66528,12.849,1,0.654914,0.36288,0,35.4202,4.84397,30.2842,0.84672,12.849,0.84672,3695.15,0,36.966,0.461021,1.26375,2.05091,4.7751,1.07387,6.55487,0.42336,36.966,0.42336,423.524,0,1.02816,0,0,2.29191,1.26375,1.028160,1,0,36.8391,0,0,0,36.8391,0
51.6776,2.50624,0,0,5.98749,0.16183,0.36288,3.6288,32.1386,0.396635,0,0,0.918916,0.128959,0,0.66528,12.849,1,0.66096,0.36288,0,92.8236,4.84397,87.6815,0.84672,12.849,0.84672,3695.15,0,36.966,0.461864,2.57818,2.05104,7.22355,1.07387,10.317,0.42336,36.966,0.42336,423.524,0,1.02816,0,0,3.60634,2.57818,1.028160,1,0,97.9986,0,0,0,97.9986,0
52.3561,2.34564,0,0,3.60976,0.222736,0.36288,3.6288,32.6249,0.311177,0,0,0.936351,0.138898,0,0.66528,12.849,1,0.583214,0.36288,0,47.3754,4.09083,43.0642,0.84672,12.849,0.84672,3695.15,0,36.966,0.357918,1.57449,2.05117,6.09306,0.984887,8.37591,0.42336,36.966,0.42336,423.524,0,1.02816,0,0,2.60265,1.57449,1.028160,1,0,51.4401,0,0,0,51.4401,0
53.3069,2.35185,0,0,3.88172,0.216241,0.36288,3.6288,33.1523,0.313727,0,0,1.02006,0.178949,0,0.66528,12.849,1,0.577181,0.36288,0,87.1867,4.09731,82.8751,0.84672,12.849,0.84672,3695.15,0,36.966,0.355472,3.10097,1.86017,7.23807,1.07999,10.7637,0.42336,36.966,0.42336,423.524,0,1.02816,0,0,4.12913,3.10097,1.028160,1,0,93.6388,0,0,0,93.6388,0
56.9311,2.36029,0,0,6.56575,0.218362,0.36288,3.6288,34.1324,0.31645,0,0,1.47656,0.179972,0,0.66528,12.849,1,0.568921,0.36288,0,82.7289,4.09731,78.4255,0.84672,12.849,0.84672,3695.15,0,36.966,0.352854,4.08581,1.86028,9.95449,1.07999,14.4677,0.42336,36.966,0.42336,423.524,0,1.02816,0,0,5.11397,4.08581,1.028160,1,0,92.8933,0,0,0,92.8933,0
58.8377,2.38999,0,0,4.89099,0.231517,0.36288,3.6288,34.7407,0.321364,0,0,1.09339,0.163748,0,0.66528,12.849,1,0.539406,0.36288,0,118.45,3.84981,114.424,0.84672,12.849,0.84672,3695.15,0,36.966,0.348043,2.83078,1.8604,8.11737,1.01288,11.4476,0.42336,36.966,0.42336,423.524,0,1.02816,0,0,3.85894,2.83078,1.028160,1,0,125.871,0,0,0,125.871,0
59.4173,2.40448,0,0,3.58929,0.242299,0.36288,3.6288,34.9041,0.324367,0,0,0.634712,0.146879,0,0.66528,12.849,1,0.525092,0.36288,0,52.0098,3.63545,48.2121,0.84672,12.849,0.84672,3695.15,0,36.966,0.345145,1.99261,1.86051,7.40025,0.936253,9.97197,0.42336,36.966,0.42336,423.524,0,1.02816,0,0,3.02077,1.99261,1.028160,1,0,58.1841,0,0,0,58.1841,0
62.911,2.4843,0,0,6.58175,0.240921,0.36288,3.6288,35.2386,0.351862,0,0,0.871919,0.185558,0,0.66528,12.849,1,0.53723,0.36288,0,157.509,4.32926,153.005,0.84672,12.849,0.84672,3695.15,0,36.966,0.372648,3.52497,1.86062,7.68649,1.01334,11.6861,0.42336,36.966,0.42336,423.524,0,1.02816,0,0,4.55313,3.52497,1.028160,1,0,164.691,0,0,0,164.691,0
64.5139,2.50922,0,0,4.72327,0.248264,0.36288,3.6288,35.3605,0.353636,0,0,0.661673,0.186171,0,0.66528,12.849,1,0.512485,0.36288,0,121.414,4.32926,116.936,0.84672,12.849,0.84672,3695.15,0,36.966,0.370971,2.7568,1.92035,6.44081,1.01334,9.73365,0.42336,36.966,0.42336,423.524,0,1.02816,0,0,3.78496,2.7568,1.028160,1,0,126.669,0,0,0,126.669,0
65.865,2.51997,0,0,4.48549,0.251515,0.36288,3.6288,35.4162,0.354309,0,0,0.596402,0.186394,0,0.66528,12.849,1,0.501894,0.36288,0,98.8355,4.33577,94.3608,0.84672,12.849,0.84672,3695.15,0,36.966,0.370396,2.53187,1.92045,6.16336,1.01334,9.23196,0.42336,36.966,0.42336,423.524,0,1.02816,0,0,3.56003,2.53187,1.028160,1,0,103.593,0,0,0,103.593,0
68.4797,2.52873,0,0,5.77691,0.270601,0.36288,3.6288,35.6301,0.354642,0,0,0.750803,0.182214,0,0.66528,12.849,1,0.493307,0.36288,0,100.061,4.36637,95.5639,0.84672,12.849,0.84672,3695.15,0,36.966,0.370161,3.33626,1.92056,7.47058,1.04711,11.3101,0.42336,36.966,0.42336,423.524,0,1.02816,0,0,4.36442,3.33626,1.028160,1,0,106.874,0,0,0,106.874,0
68.9758,2.79294,0,0,3.96003,0.308074,0.36288,3.6288,35.6259,0.456946,0,0,0.634452,0.18178,0,0.66528,12.849,1,0.524046,0.36288,0,81.8612,4.17714,77.5229,0.84672,12.849,0.84672,3695.15,0,36.966,0.474078,2.5337,1.92067,4.49049,1.21312,7.25766,0.42336,36.966,0.42336,423.524,0,1.02816,0,0,3.56186,2.5337,1.028160,1,0,84.7806,0,0,0,84.7806,0
68.7201,2.79627,0,0,3.20871,0.305298,0.36288,3.6288,35.6397,0.456972,0,0,0.656506,0.185737,0,0.66528,12.849,1,0.520897,0.36288,0,56.8146,4.06434,52.5922,0.84672,12.849,0.84672,3695.15,0,36.966,0.474162,1.14541,2.13527,3.2906,1.24575,4.85137,0.42336,36.966,0.42336,423.524,0,1.02816,0,0,2.17357,1.14541,1.028160,1,0,57.4436,0,0,0,57.4436,0
70.1375,2.7948,0,0,4.87974,0.30469,0.36288,3.6288,35.7485,0.457116,0,0,0.751676,0.185762,0,0.66528,12.849,1,0.522559,0.36288,0,99.48,4.06434,95.256,0.84672,12.849,0.84672,3695.15,0,36.966,0.474127,1.36469,2.13539,7.74697,1.24575,9.52717,0.42336,36.966,0.42336,423.524,0,1.02816,0,0,2.39285,1.36469,1.028160,1,0,104.783,0,0,0,104.783,0
71.8701,2.80388,0,0,5.2072,0.307792,0.36288,3.6288,36.1462,0.457879,0,0,1.01616,0.160583,0,0.66528,12.849,1,0.513663,0.36288,0,167.397,3.801,163.445,0.84672,12.849,0.84672,3695.15,0,36.966,0.473473,2.03617,2.13551,6.16526,1.11867,8.74479,0.42336,36.966,0.42336,423.524,0,1.02816,0,0,3.06433,2.03617,1.028160,1,0,172.19,0,0,0,172.19,0
72.29,2.45778,0,0,5.59923,0.332381,2.3892,3.6288,36.5203,0.323719,0,0,0.841061,0.143183,0,0.66528,12.849,1,0.439404,2.3892,0,135.101,3.19602,133.855,0.84672,12.849,0.84672,3695.15,0,36.966,0.331062,2.70117,2.13563,6.87504,0.949752,10.431,0.42336,36.966,0.42336,423.524,0,1.02816,0,0,3.72933,2.70117,1.028160,1,0,144.286,0,0,0,144.286,0
72.29,2.46008,0,0,5.57593,0.341741,2.7741,3.6288,36.7663,0.325452,0,0,0.715595,0.14414,0,0.66528,12.849,1,0.437261,2.7741,0,118.76,3.03303,118.064,0.84672,12.849,0.84672,3695.15,0,36.966,0.329423,2.25964,1.84317,6.14251,0.920308,8.99559,0.42336,36.966,0.42336,423.524,0,1.02816,0,0,3.2878,2.25964,1.028160,1,0,127.06,0,0,0,127.06,0
72.29,2.46022,0,0,6.76795,0.337571,3.97016,3.6288,37.4756,0.326598,0,0,1.18517,0.149298,0,0.66528,12.849,1,0.437286,3.97016,0,153.864,3.20147,154.195,0.84672,12.849,0.84672,3695.15,0,36.966,0.328371,2.99783,1.84328,10.1352,0.944384,13.7035,0.42336,36.966,0.42336,423.524,0,1.02816,0,0,4.02599,2.99783,1.028160,1,0,167.899,0,0,0,167.899,0
72.29,2.46036,0,0,5.70499,0.31255,2.93208,3.6288,37.7109,0.329774,0,0,0.744448,0.179409,0,0.66528,12.849,1,0.43731,2.93208,0,84.5519,4.21207,82.8346,0.84672,12.849,0.84672,3695.15,0,36.966,0.325289,2.08807,1.84338,6.61973,1.08884,9.13704,0.42336,36.966,0.42336,423.524,0,1.02816,0,0,3.11623,2.08807,1.028160,1,0,91.9716,0,0,0,91.9716,0
72.29,2.4605,0,0,5.71793,0.313622,2.94382,3.6288,38.0172,0.330846,0,0,0.806613,0.169435,0,0.66528,12.849,1,0.437335,2.94382,0,131.003,4.07509,129.435,0.84672,12.849,0.84672,3695.15,0,36.966,0.324311,2.21093,1.84348,8.24575,1.06939,10.9065,0.42336,36.966,0.42336,423.524,0,1.02816,0,0,3.23909,2.21093,1.028160,1,0,140.341,0,0,0,140.341,0
72.29,2.55054,0,0,7.85013,0.316302,4.98329,3.6288,39.2292,0.366546,0,0,1.7225,0.143905,0,0.66528,12.849,1,0.453339,4.98329,0,211.663,3.73264,212.46,0.84672,12.849,0.84672,3695.15,0,36.966,0.35641,4.28288,1.84358,12.5668,1.02076,17.3161,0.42336,36.966,0.42336,423.524,0,1.02816,0,0,5.31104,4.28288,1.028160,1,0,229.776,0,0,0,229.776,0
72.29,2.29392,0,0,6.70161,0.316302,4.09139,3.6288,39.9305,0.527957,0,0,1.37483,0.145576,0,0.66528,12.849,1,0.407727,4.09139,0,164.506,3.73264,164.457,0.84672,12.849,0.84672,3695.15,0,36.966,0.497497,3.3524,1.91584,9.09585,1.02076,12.8458,0.42336,36.966,0.42336,423.524,0,1.02816,0,0,4.38056,3.3524,1.028160,1,0,177.302,0,0,0,177.302,0
72.29,2.29406,0,0,5.36369,0.278579,2.79105,3.6288,40.222,0.532545,0,0,0.967019,0.143035,0,0.66528,12.849,1,0.407752,2.79105,0,138.161,3.97977,136.564,0.84672,12.849,0.84672,3695.15,0,36.966,0.493007,2.13167,2.09291,6.351,1.03683,9.04575,0.42336,36.966,0.42336,423.524,0,1.02816,0,0,3.15983,2.13167,1.028160,1,0,145.61,0,0,0,145.61,0
72.29,2.2942,0,0,4.63325,0.26349,2.07556,3.6288,40.3781,0.534457,0,0,0.832645,0.142029,0,0.66528,12.849,1,0.407777,2.07556,0,127.647,4.07862,125.237,0.84672,12.849,0.84672,3695.15,0,36.966,0.491193,1.45094,2.09302,5.44434,1.04325,7.45385,0.42336,36.966,0.42336,423.524,0,1.02816,0,0,2.4791,1.45094,1.028160,1,0,132.69,0,0,0,132.69,0
72.29,2.25919,0,0,4.68632,0.229166,2.19797,3.6288,40.5311,0.521769,0,0,0.849766,0.175085,0,0.66528,12.849,1,0.401553,2.19797,0,125.812,4.04156,123.567,0.84672,12.849,0.84672,3695.15,0,36.966,0.477677,2.14358,2.09312,7.91015,1.0367,10.6325,0.42336,36.966,0.42336,423.524,0,1.02816,0,0,3.17174,2.14358,1.028160,1,0,134.2,0,0,0,134.2,0
72.29,2.25933,0,0,3.45418,0.229166,0.965684,3.6288,40.4447,0.522761,0,0,0.611768,0.175347,0,0.66528,12.849,1,0.401578,0.965684,0,80.9024,4.04156,77.4249,0.84672,12.849,0.84672,3695.15,0,36.966,0.47678,1.22224,2.06515,4.07514,1.0367,5.84905,0.42336,36.966,0.42336,423.524,0,1.02816,0,0,2.2504,1.22224,1.028160,1,0,83.274,0,0,0,83.274,0
72.29,2.25947,0,0,2.98712,0.229166,0.498483,3.6288,40.3306,0.52228,0,0,0.58339,0.175199,0,0.66528,12.849,1,0.401603,0.498483,0,71.6653,4.04156,67.7207,0.84672,12.849,0.84672,3695.15,0,36.966,0.477358,0.999458,2.06526,3.56534,1.0367,5.11599,0.42336,36.966,0.42336,423.524,0,1.02816,0,0,2.02762,0.999458,1.028160,1,0,72.8367,0,0,0,72.8367,0
72.1031,2.25961,0,0,2.66475,0.229166,0.36288,3.6288,40.152,0.521626,0,0,0.518007,0.175004,0,0.66528,12.849,1,0.401628,0.36288,0,61.5516,4.04156,57.4713,0.84672,12.849,0.84672,3695.15,0,36.966,0.478109,0.739454,2.06536,3.09611,1.0367,4.38611,0.42336,36.966,0.42336,423.524,0,1.02816,0,0,1.76761,0.739454,1.028160,1,0,61.8574,0,0,0,61.8574,0
71.6443,2.37819,0,0,2.49229,0.209986,0.36288,3.6288,39.8416,0.569143,0,0,0.443159,0.184442,0,0.66528,12.849,1,0.423802,0.36288,0,53.8078,4.08446,49.6625,0.84672,12.849,0.84672,3695.15,0,36.966,0.523982,0.571294,2.06547,2.85279,1.02632,3.93925,0.42336,36.966,0.42336,423.524,0,1.02816,0,0,1.59945,0.571294,1.028160,1,0,53.6017,0,0,0,53.6017,0
71.021,2.37604,0,0,2.29746,0.181908,0.36288,3.6288,39.5005,0.567078,0,0,0.419792,0.193816,0,0.66528,12.849,1,0.426129,0.36288,0,46.9902,4.21144,42.7155,0.84672,12.849,0.84672,3695.15,0,36.966,0.526149,0.516205,2.164,2.77919,1.00098,3.93227,0.42336,36.966,0.42336,423.524,0,1.02816,0,0,1.54437,0.516205,1.028160,1,0,46.6478,0,0,0,46.6478,0
70.3559,2.37302,0,0,2.25188,0.181044,0.36288,3.6288,39.1965,0.564783,0,0,0.454028,0.193193,0,0.66528,12.849,1,0.429323,0.36288,0,45.0151,4.21144,40.7372,0.84672,12.849,0.84672,3695.15,0,36.966,0.528545,0.487063,2.16411,2.99466,1.00098,4.11631,0.42336,36.966,0.42336,423.524,0,1.02816,0,0,1.51522,0.487063,1.028160,1,0,44.8535,0,0,0,44.8535,0
69.5449,2.36973,0,0,2.10177,0.180121,0.36288,3.6288,38.8561,0.562726,0,0,0.414919,0.192638,0,0.66528,12.849,1,0.432781,0.36288,0,42.0809,4.21144,37.7996,0.84672,12.849,0.84672,3695.15,0,36.966,0.530704,0.37832,2.16422,2.65182,1.00098,3.66268,0.42336,36.966,0.42336,423.524,0,1.02816,0,0,1.40648,0.37832,1.028160,1,0,41.4623,0,0,0,41.4623,0
68.7554,2.36562,0,0,2.07647,0.137533,0.36288,3.6288,38.4695,0.560395,0,0,0.384627,0.21082,0,0.66528,12.849,1,0.437068,0.36288,0,40.4401,4.81222,35.5537,0.84672,12.849,0.84672,3695.15,0,36.966,0.533136,0.554774,2.16433,3.02283,1.10884,4.09995,0.42336,36.966,0.42336,423.524,0,1.02816,0,0,1.58293,0.554774,1.028160,1,0,39.6537,0,0,0,39.6537,0
68.1792,2.33811,0,0,2.22614,0.101355,0.36288,3.6288,38.0199,0.583871,0,0,0.342196,0.207899,0,0.66528,12.849,1,0.436945,0.36288,0,42.9545,4.95096,37.9294,0.84672,12.849,0.84672,3695.15,0,36.966,0.561052,0.881738,2.16444,4.09084,1.18497,5.391,0.42336,36.966,0.42336,423.524,0,1.02816,0,0,1.9099,0.881738,1.028160,1,0,43.3204,0,0,0,43.3204,0
67.4382,2.33514,0,0,2.05791,0.100899,0.36288,3.6288,37.5632,0.580561,0,0,0.330826,0.207007,0,0.66528,12.849,1,0.440079,0.36288,0,42.6951,4.95096,37.6669,0.84672,12.849,0.84672,3695.15,0,36.966,0.564467,0.849407,2.19897,4.14811,1.18497,5.44704,0.42336,36.966,0.42336,423.524,0,1.02816,0,0,1.87757,0.849407,1.028160,1,0,43.114,0,0,0,43.114,0
66.512,2.33123,0,0,1.86824,0.100314,0.36288,3.6288,37.0924,0.577154,0,0,0.312529,0.206101,0,0.66528,12.849,1,0.444169,0.36288,0,41.4261,4.95096,36.3939,0.84672,12.849,0.84672,3695.15,0,36.966,0.567979,0.66522,2.19908,3.89916,1.18497,5.01051,0.42336,36.966,0.42336,423.524,0,1.02816,0,0,1.69338,0.66522,1.028160,1,0,41.4044,0,0,0,41.4044,0
65.4431,2.32619,0,0,1.71067,0.0904792,0.36288,3.6288,36.5931,0.573596,0,0,0.297452,0.223162,0,0.66528,12.849,1,0.44938,0.36288,0,36.5327,5.23326,31.2129,0.84672,12.849,0.84672,3695.15,0,36.966,0.571641,0.595745,2.19919,3.78666,1.28802,4.72194,0.42336,36.966,0.42336,423.524,0,1.02816,0,0,1.62391,0.595745,1.028160,1,0,35.9349,0,0,0,35.9349,0
64.2105,2.38024,0,0,1.59373,0.0832349,0.36288,3.6288,36.0283,0.592513,0,0,0.292265,0.26461,0,0.66528,12.849,1,0.467333,0.36288,0,37.0013,5.88789,31.009,0.84672,12.849,0.84672,3695.15,0,36.966,0.59855,0.43486,2.19931,2.84875,1.49144,3.39294,0.42336,36.966,0.42336,423.524,0,1.02816,0,0,1.46302,0.43486,1.028160,1,0,34.4019,0,0,0,34.4019,0
62.8183,2.37291,0,0,1.4287,0.0850686,0.36288,3.6288,35.4149,0.587934,0,0,0.237314,0.262786,0,0.66528,12.849,1,0.474838,0.36288,0,29.3807,5.87937,23.3893,0.84672,12.849,0.84672,3695.15,0,36.966,0.603236,0.452745,2.24821,2.53868,1.4824,3.15399,0.42336,36.966,0.42336,423.524,0,1.02816,0,0,1.4809,0.452745,1.028160,1,0,26.5433,0,0,0,26.5433,0
61.0641,2.61537,0,0,1.30818,0.0841113,0.36288,3.6288,34.9386,0.434914,0,0,0.219802,0.261212,0,0.66528,12.849,1,0.534954,0.36288,0,27.9261,5.87937,21.8747,0.84672,12.849,0.84672,3695.15,0,36.966,0.453963,0.237773,2.24832,2.2315,1.4824,2.78122,0.42336,36.966,0.42336,423.524,0,1.02816,0,0,1.26593,0.237773,1.028160,1,0,24.6559,0,0,0,24.6559,0
59.4067,2.60282,0,0,1.3822,0.0739376,0.36288,3.6288,34.4948,0.431959,0,0,0.25233,0.26415,0,0.66528,12.849,1,0.547681,0.36288,0,27.3889,6.02892,21.1752,0.84672,12.849,0.84672,3695.15,0,36.966,0.457025,0.490959,2.07147,2.95196,1.51228,3.54508,0.42336,36.966,0.42336,423.524,0,1.02816,0,0,1.51912,0.490959,1.028160,1,0,24.7202,0,0,0,24.7202,0
57.8717,2.51478,0,0,1.42418,0.0815054,0.36288,3.6288,33.8282,0.654823,0,0,0.234401,0.246149,0,0.66528,12.849,1,0.543919,0.36288,0,24.8095,6.06543,18.563,0.84672,12.849,0.84672,3695.15,0,36.966,0.701735,0.438195,2.07159,3.01412,1.50803,3.31413,0.42336,36.966,0.42336,423.524,0,1.02816,0,0,1.46635,0.438195,1.028160,1,0,21.8772,0,0,0,21.8772,0
56.1175,2.75059,0,0,1.45042,0.0911923,0.36288,3.6288,33.2767,0.503773,0,0,0.217315,0.265049,0,0.66528,12.849,1,0.610701,0.36288,0,23.8666,6.17662,17.4422,0.84672,12.849,0.84672,3695.15,0,36.966,0.550502,0.347129,2.41563,2.69902,1.47469,3.43659,0.42336,36.966,0.42336,423.524,0,1.02816,0,0,1.37529,0.347129,1.028160,1,0,20.8788,0,0,0,20.8788,0
54.1241,2.73521,0,0,1.19438,0.0896306,0.36288,3.6288,32.6946,0.507733,0,0,0.189143,0.263489,0,0.66528,12.849,1,0.626269,0.36288,0,29.629,6.17662,23.189,0.84672,12.849,0.84672,3695.15,0,36.966,0.564024,0.204422,2.23879,2.40794,1.47469,2.81245,0.42336,36.966,0.42336,423.524,0,1.01079,0,0,1.21522,0.204422,1.028160,1,0,26.0014,0,0,0,26.0014,0
52.278,2.71672,0,0,1.3213,0.0878561,0.36288,3.6288,32.1977,0.494924,0,0,0.259825,0.261838,0,0.66528,12.849,1,0.644945,0.36288,0,25.4026,6.17662,18.9439,0.84672,12.849,0.84672,3695.15,0,36.966,0.559583,0.562654,2.23892,2.87753,1.47469,3.64484,0.42336,36.966,0.42336,423.524,0,1.02816,0,0,1.59081,0.562654,1.028160,1,0,22.5888,0,0,0,22.5888,0
50.4699,2.69859,0,0,1.33624,0.0828323,0.36288,3.6288,31.6687,0.490957,0,0,0.218714,0.256745,0,0.66528,12.849,1,0.663264,0.36288,0,26.1809,5.98507,19.8955,0.84672,12.849,0.84672,3695.15,0,36.966,0.563666,0.525969,2.23904,3.4176,1.41818,4.20076,0.42336,36.966,0.42336,423.524,0,1.02816,0,0,1.55413,0.525969,1.028160,1,0,24.0962,0,0,0,24.0962,0
49.2081,2.59803,0,0,1.76833,0.0692219,0.36288,3.6288,31.2284,0.440426,0,0,0.260753,0.260665,0,0.66528,12.849,1,0.661426,0.36288,0,28.6399,5.81166,22.5297,0.84672,12.849,0.84672,3695.15,0,36.966,0.514097,0.80104,2.23917,4.32827,1.50182,5.35256,0.42336,36.966,0.42336,423.524,0,1.02816,0,0,1.8292,0.80104,1.028160,1,0,27.8822,0,0,0,27.8822,0
47.8447,2.58473,0,0,1.7497,0.165559,0.36288,3.6288,30.9047,0.437157,0,0,0.315093,0.201552,0,0.66528,12.849,1,0.674912,0.36288,0,26.2208,3.9523,21.9565,0.84672,12.849,0.84672,3695.15,0,36.966,0.517476,1.11132,2.14264,4.93835,1.0439,6.63093,0.42336,36.966,0.42336,423.524,0,1.02816,0,0,2.13948,1.11132,1.028160,1,0,28.5874,0,0,0,28.5874,0
46.6343,2.56971,0,0,1.89524,0.173005,0.36288,3.6288,30.6421,0.43474,0,0,0.376086,0.203931,0,0.66528,12.849,1,0.690113,0.36288,0,28.7716,4.01741,24.427,0.84672,12.849,0.84672,3695.15,0,36.966,0.520004,1.20056,2.14276,5.66063,1.08118,7.40277,0.42336,36.966,0.42336,423.524,0,1.02816,0,0,2.22872,1.20056,1.028160,1,0,31.8298,0,0,0,31.8298,0
45.4743,2.55581,0,0,1.92936,0.170716,0.36288,3.6288,30.3906,0.43277,0,0,0.384519,0.20334,0,0.66528,12.849,1,0.704194,0.36288,0,40.9049,4.01741,36.5461,0.84672,12.849,0.84672,3695.15,0,36.966,0.522084,1.35207,2.14288,6.09712,1.08118,7.98881,0.42336,36.966,0.42336,423.524,0,1.02816,0,0,2.38023,1.35207,1.028160,1,0,44.535,0,0,0,44.535,0
46.4363,2.47628,0,0,3.99632,0.195131,0.36288,3.6288,30.7171,0.389702,0,0,0.893506,0.177212,0,0.66528,12.849,1,0.699687,0.36288,0,99.1846,3.87108,94.9767,0.84672,12.849,0.84672,3695.15,0,36.966,0.47402,1.92079,2.143,9.98188,1,12.5717,0.42336,36.966,0.42336,423.524,0,1.02816,0,0,2.94895,1.92079,1.028160,1,0,107.548,0,0,0,107.548,0
48.1949,2.48777,0,0,4.81728,0.207996,0.36288,3.6288,31.0629,0.392037,0,0,0.905338,0.167594,0,0.66528,12.849,1,0.688371,0.36288,0,98.7535,3.81255,94.6154,0.84672,12.849,0.84672,3695.15,0,36.966,0.47179,2.85482,2.05684,13.267,0.96753,16.7393,0.42336,36.966,0.42336,423.524,0,1.02816,0,0,3.88298,2.85482,1.028160,1,0,111.355,0,0,0,111.355,0
52.8956,2.50775,0,0,7.78955,0.218234,0.36288,3.6288,31.2272,0.394483,0,0,0.726123,0.167288,0,0.66528,12.849,1,0.668577,0.36288,0,111.526,3.98748,107.233,0.84672,12.849,0.84672,3695.15,0,36.966,0.46945,2.31719,2.05696,11.409,1.00983,14.3039,0.42336,36.966,0.42336,423.524,0,1.02816,0,0,3.34535,2.31719,1.028160,1,0,121.537,0,0,0,121.537,0
54.7258,2.55569,0,0,4.99429,0.245551,0.36288,3.6288,31.4906,0.395663,0,0,0.824239,0.165219,0,0.66528,12.849,1,0.620809,0.36288,0,107.331,4.4248,102.649,0.84672,12.849,0.84672,3695.15,0,36.966,0.468376,2.28419,2.05707,11.5163,1.11558,14.2736,0.42336,36.966,0.42336,423.524,0,1.02816,0,0,3.31235,2.28419,1.028160,1,0,116.922,0,0,0,116.922,0
57.8003,2.3789,0,0,6.06539,0.249102,0.36288,3.6288,31.8589,0.310077,0,0,0.832477,0.154112,0,0.66528,12.849,1,0.558539,0.36288,0,107.205,4.04208,102.967,0.84672,12.849,0.84672,3695.15,0,36.966,0.363992,2.47337,2.05719,11.6389,1.02799,14.7775,0.42336,36.966,0.42336,423.524,0,1.02816,0,0,3.50153,2.47337,1.028160,1,0,117.745,0,0,0,117.745,0
61.0521,2.40334,0,0,6.27338,0.255358,0.36288,3.6288,32.3802,0.312069,0,0,0.972652,0.139224,0,0.66528,12.849,1,0.534262,0.36288,0,74.9036,3.53178,71.2005,0.84672,12.849,0.84672,3695.15,0,36.966,0.362095,3.31019,1.86562,11.0767,0.911206,14.9792,0.42336,36.966,0.42336,423.524,0,1.02816,0,0,4.33835,3.31019,1.028160,1,0,86.1796,0,0,0,86.1796,0
64.5537,2.42698,0,0,6.55467,0.263239,0.36288,3.6288,32.9028,0.314835,0,0,0.977391,0.140017,0,0.66528,12.849,1,0.510782,0.36288,0,87.9345,3.53178,84.2548,0.84672,12.849,0.84672,3695.15,0,36.966,0.359423,2.92423,1.86572,14.2764,0.911206,17.7957,0.42336,36.966,0.42336,423.524,0,1.02816,0,0,3.95239,2.92423,1.028160,1,0,102.05,0,0,0,102.05,0
65.4951,2.45023,0,0,4.05554,0.30103,0.36288,3.6288,33.2331,0.317568,0,0,0.789229,0.14134,0,0.66528,12.849,1,0.487702,0.36288,0,59.185,3.95741,55.1028,0.84672,12.849,0.84672,3695.15,0,36.966,0.356786,2.10832,1.86583,7.30918,0.910872,10.0157,0.42336,36.966,0.42336,423.524,0,1.02816,0,0,3.13648,2.10832,1.028160,1,0,65.1185,0,0,0,65.1185,0
65.9065,2.45622,0,0,3.54256,0.312037,0.36288,3.6288,33.3993,0.319292,0,0,0.664446,0.178928,0,0.66528,12.849,1,0.481869,0.36288,0,56.7206,4.73088,51.8707,0.84672,12.849,0.84672,3695.15,0,36.966,0.355157,1.9725,1.86593,6.46507,1.18791,8.76044,0.42336,36.966,0.42336,423.524,0,1.02816,0,0,3.00066,1.9725,1.028160,1,0,60.6311,0,0,0,60.6311,0
72.29,2.53591,0,0,10.6025,0.265946,1.41711,3.6288,33.8866,0.346307,0,0,0.974955,0.141318,0,0.66528,12.849,1,0.494395,1.41711,0,210.425,3.10034,208.248,0.84672,12.849,0.84672,3695.15,0,36.966,0.383289,3.54722,1.86603,18.0681,0.84866,22.2494,0.42336,36.966,0.42336,423.524,0,1.02816,0,0,4.57538,3.54722,1.028160,1,0,230.497,0,0,0,230.497,0
72.29,2.5731,0,0,9.0231,0.279483,6.17051,3.6288,34.3561,0.348986,0,0,0.960492,0.142051,0,0.66528,12.849,1,0.45735,6.17051,0,194.629,3.10034,197.242,0.84672,12.849,0.84672,3695.15,0,36.966,0.380699,2.98117,1.92592,11.9984,0.84866,15.6761,0.42336,36.966,0.42336,423.524,0,1.02816,0,0,4.00933,2.98117,1.028160,1,0,212.918,0,0,0,212.918,0
72.29,2.57323,0,0,8.10631,0.279483,5.25359,3.6288,34.7767,0.351534,0,0,0.914911,0.142716,0,0.66528,12.849,1,0.457373,5.25359,0,180.316,3.10034,182.012,0.84672,12.849,0.84672,3695.15,0,36.966,0.378239,2.83878,1.92602,11.7919,0.84866,15.3298,0.42336,36.966,0.42336,423.524,0,1.02816,0,0,3.86694,2.83878,1.028160,1,0,197.342,0,0,0,197.342,0
72.29,2.57336,0,0,7.32724,0.293537,4.46034,3.6288,35.1683,0.353795,0,0,0.838944,0.0935697,0,0.66528,12.849,1,0.457396,4.46034,0,227.152,2.44217,228.712,0.84672,12.849,0.84672,3695.15,0,36.966,0.376067,2.28383,1.92611,10.352,0.502008,13.6839,0.42336,36.966,0.42336,423.524,0,1.02816,0,0,3.31199,2.28383,1.028160,1,0,242.396,0,0,0,242.396,0
72.29,2.56774,0,0,9.14198,0.32055,6.25369,3.6288,35.5356,0.604094,0,0,1.07644,0.105122,0,0.66528,12.849,1,0.456397,6.25369,0,233.798,2.98911,236.606,0.84672,12.849,0.84672,3695.15,0,36.966,0.634973,3.06304,1.92621,13.8494,0.654265,17.5494,0.42336,36.966,0.42336,423.524,0,1.02816,0,0,4.0912,3.06304,1.028160,1,0,254.155,0,0,0,254.155,0
72.29,2.56788,0,0,8.59836,0.339052,5.69142,3.6288,35.8849,0.607358,0,0,1.07694,0.12019,0,0.66528,12.849,1,0.456422,5.69142,0,209.41,3.48159,211.164,0.84672,12.849,0.84672,3695.15,0,36.966,0.631807,3.06157,2.31838,14.0685,0.81179,18.0049,0.42336,36.966,0.42336,423.524,0,1.02816,0,0,4.08973,3.06157,1.028160,1,0,229.169,0,0,0,229.169,0
72.29,2.56803,0,0,7.02372,0.340564,4.11513,3.6288,36.2189,0.610437,0,0,1.05787,0.113505,0,0.66528,12.849,1,0.456447,4.11513,0,164.436,3.33036,164.764,0.84672,12.849,0.84672,3695.15,0,36.966,0.628827,3.57373,2.31849,12.5922,0.768427,17.0872,0.42336,36.966,0.42336,423.524,0,1.02816,0,0,4.60189,3.57373,1.028160,1,0,181.851,0,0,0,181.851,0
72.29,2.56817,0,0,6.74686,0.324759,3.85393,3.6288,36.5183,0.613355,0,0,1.01952,0.106723,0,0.66528,12.849,1,0.456472,3.85393,0,161.584,3.05674,161.924,0.84672,12.849,0.84672,3695.15,0,36.966,0.626007,3.3399,2.3186,12.4756,0.653574,16.8546,0.42336,36.966,0.42336,423.524,0,1.02816,0,0,4.36806,3.3399,1.028160,1,0,178.779,0,0,0,178.779,0
72.29,2.21021,0,0,6.27832,0.326331,3.74177,3.6288,36.8762,0.478065,0,0,0.965149,0.129245,0,0.66528,12.849,1,0.392849,3.74177,0,118.444,3.62559,118.167,0.84672,12.849,0.84672,3695.15,0,36.966,0.483925,3.21551,2.31871,10.6515,0.824975,14.8768,0.42336,36.966,0.42336,423.524,0,1.02816,0,0,4.24367,3.21551,1.028160,1,0,133.044,0,0,0,133.044,0
72.29,2.21034,0,0,5.68001,0.338525,3.13115,3.6288,37.0731,0.480452,0,0,0.817767,0.140381,0,0.66528,12.849,1,0.392871,3.13115,0,95.9325,3.99347,94.6773,0.84672,12.849,0.84672,3695.15,0,36.966,0.481622,2.60714,2.0254,9.37112,0.957151,12.5649,0.42336,36.966,0.42336,423.524,0,1.02816,0,0,3.6353,2.60714,1.028160,1,0,107.242,0,0,0,107.242,0
72.29,2.21046,0,0,7.09677,0.338525,4.54778,3.6288,37.5248,0.481776,0,0,1.07417,0.140649,0,0.66528,12.849,1,0.392893,4.54778,0,127.17,3.99347,127.332,0.84672,12.849,0.84672,3695.15,0,36.966,0.480384,3.64093,2.0255,10.6602,0.957151,14.8891,0.42336,36.966,0.42336,423.524,0,1.02816,0,0,4.66909,3.64093,1.028160,1,0,142.221,0,0,0,142.221,0
72.29,2.21058,0,0,9.54132,0.33511,6.99563,3.6288,38.2669,0.484731,0,0,1.34445,0.117677,0,0.66528,12.849,1,0.392915,6.99563,0,198.317,3.54519,201.374,0.84672,12.849,0.84672,3695.15,0,36.966,0.477513,5.67822,2.02559,16.1269,0.880375,22.4728,0.42336,36.966,0.42336,423.524,0,1.02816,0,0,6.70638,5.67822,1.028160,1,0,223.847,0,0,0,223.847,0
72.29,2.21071,0,0,8.60121,0.330208,6.06029,3.6288,38.8137,0.489484,0,0,1.15312,0.116822,0,0.66528,12.849,1,0.392937,6.06029,0,198.171,3.54267,200.296,0.84672,12.849,0.84672,3695.15,0,36.966,0.472844,5.02094,2.02568,11.9818,0.883306,17.6722,0.42336,36.966,0.42336,423.524,0,1.02816,0,0,6.0491,5.02094,1.028160,1,0,217.968,0,0,0,217.968,0
72.29,2.30099,0,0,9.63973,0.308991,7.02975,3.6288,39.9981,0.527716,0,0,1.87666,0.164517,0,0.66528,12.849,1,0.408984,7.02975,0,149.578,4.60341,151.596,0.84672,12.849,0.84672,3695.15,0,36.966,0.502595,4.58813,2.02577,16.0533,1.08515,21.0795,0.42336,36.966,0.42336,423.524,0,1.02816,0,0,5.61629,4.58813,1.028160,1,0,172.675,0,0,0,172.675,0
72.29,2.30112,0,0,9.23262,0.308991,6.6225,3.6288,41.0574,0.535496,0,0,1.76119,0.166369,0,0.66528,12.849,1,0.409007,6.6225,0,137.375,4.60341,138.985,0.84672,12.849,0.84672,3695.15,0,36.966,0.494902,4.80946,2.09822,14.7086,1.08515,20.0362,0.42336,36.966,0.42336,423.524,0,1.02816,0,0,5.83762,4.80946,1.028160,1,0,159.021,0,0,0,159.021,0
72.29,2.30125,0,0,9.35773,0.274193,6.78228,3.6288,42.0917,0.542262,0,0,1.75795,0.181436,0,0.66528,12.849,1,0.40903,6.78228,0,289.431,4.81446,290.99,0.84672,12.849,0.84672,3695.15,0,36.966,0.488225,4.46418,2.09832,15.9405,1.11477,20.9,0.42336,36.966,0.42336,423.524,0,1.02816,0,0,5.49234,4.46418,1.028160,1,0,311.89,0,0,0,311.89,0
72.29,2.30138,0,0,8.3738,0.227795,5.84463,3.6288,43.0151,0.548696,0,0,1.67333,0.201226,0,0.66528,12.849,1,0.409053,5.84463,0,141.893,5.09586,142.233,0.84672,12.849,0.84672,3695.15,0,36.966,0.481879,4.26577,2.09842,13.6402,1.15427,18.3683,0.42336,36.966,0.42336,423.524,0,1.02816,0,0,5.29393,4.26577,1.028160,1,0,160.601,0,0,0,160.601,0
72.29,2.26625,0,0,6.37156,0.239493,3.86582,3.6288,43.3202,0.540122,0,0,1.03626,0.191087,0,0.66528,12.849,1,0.402808,3.86582,0,120.264,4.30962,119.418,0.84672,12.849,0.84672,3695.15,0,36.966,0.464166,3.41751,2.09851,10.6305,1.10383,14.5785,0.42336,36.966,0.42336,423.524,0,1.02816,0,0,4.44567,3.41751,1.028160,1,0,133.996,0,0,0,133.996,0
72.29,2.26637,0,0,5.54326,0.241442,3.03544,3.6288,43.4688,0.541932,0,0,0.8802,0.189649,0,0.66528,12.849,1,0.402831,3.03544,0,127.029,4.17858,125.483,0.84672,12.849,0.84672,3695.15,0,36.966,0.462442,2.56036,2.07045,8.38987,1.09542,11.4628,0.42336,36.966,0.42336,423.524,0,1.02816,0,0,3.58852,2.56036,1.028160,1,0,136.946,0,0,0,136.946,0
72.29,2.2665,0,0,5.22657,0.241442,2.71863,3.6288,43.5359,0.542834,0,0,0.799874,0.189917,0,0.66528,12.849,1,0.402853,2.71863,0,111.426,4.17858,109.563,0.84672,12.849,0.84672,3695.15,0,36.966,0.461628,1.96463,2.07055,7.71146,1.09542,10.1896,0.42336,36.966,0.42336,423.524,0,1.02816,0,0,2.99279,1.96463,1.028160,1,0,119.753,0,0,0,119.753,0
72.29,2.26663,0,0,4.79014,0.231452,2.29206,3.6288,43.5436,0.543266,0,0,0.746643,0.195628,0,0.66528,12.849,1,0.402876,2.29206,0,101.815,4.31857,99.3852,0.84672,12.849,0.84672,3695.15,0,36.966,0.461283,1.87876,2.07064,6.56294,1.11505,8.93601,0.42336,36.966,0.42336,423.524,0,1.02816,0,0,2.90692,1.87876,1.028160,1,0,108.321,0,0,0,108.321,0
72.29,2.38646,0,0,4.42805,0.17767,1.86392,3.6288,43.4038,0.593956,0,0,0.67233,0.218182,0,0.66528,12.849,1,0.424176,1.86392,0,88.0813,4.53331,84.9878,0.84672,12.849,0.84672,3695.15,0,36.966,0.504234,1.6178,2.07074,6.0341,1.11733,8.10107,0.42336,36.966,0.42336,423.524,0,1.02816,0,0,2.64596,1.6178,1.028160,1,0,93.0888,0,0,0,93.0888,0
72.29,2.3866,0,0,4.21163,0.140545,1.68449,3.6288,43.1813,0.593128,0,0,0.590064,0.219448,0,0.66528,12.849,1,0.424199,1.68449,0,78.3458,4.69403,74.9121,0.84672,12.849,0.84672,3695.15,0,36.966,0.505153,1.20878,2.16953,5.03363,1.16788,6.7389,0.42336,36.966,0.42336,423.524,0,1.02816,0,0,2.23694,1.20878,1.028160,1,0,81.651,0,0,0,81.651,0
72.29,2.38673,0,0,4.09752,0.140545,1.57025,3.6288,42.9691,0.591775,0,0,0.598532,0.218984,0,0.66528,12.849,1,0.424223,1.57025,0,74.4483,4.69403,70.9003,0.84672,12.849,0.84672,3695.15,0,36.966,0.506598,1.39012,2.16963,4.79349,1.16788,6.67877,0.42336,36.966,0.42336,423.524,0,1.02816,0,0,2.41828,1.39012,1.028160,1,0,77.5791,0,0,0,77.5791,0
72.29,2.38686,0,0,3.72053,0.160214,1.17346,3.6288,42.7281,0.590479,0,0,0.56341,0.213971,0,0.66528,12.849,1,0.424247,1.17346,0,70.162,4.35557,66.5556,0.84672,12.849,0.84672,3695.15,0,36.966,0.507985,1.3161,2.16973,4.38563,1.18094,6.18253,0.42336,36.966,0.42336,423.524,0,1.02816,0,0,2.34426,1.3161,1.028160,1,0,72.7382,0,0,0,72.7382,0
72.29,2.38699,0,0,3.4818,0.131273,0.963531,3.6288,42.4738,0.588992,0,0,0.555388,0.220676,0,0.66528,12.849,1,0.42427,0.963531,0,64.3886,4.298,60.6299,0.84672,12.849,0.84672,3695.15,0,36.966,0.509564,1.34049,2.16983,4.45603,1.21456,6.24223,0.42336,36.966,0.42336,423.524,0,1.02816,0,0,2.36865,1.34049,1.028160,1,0,66.8721,0,0,0,66.8721,0
72.29,2.36345,0,0,3.07984,0.102426,0.613967,3.6288,42.1687,0.614909,0,0,0.51824,0.208401,0,0.66528,12.849,1,0.420085,0.613967,0,56.7453,4.80249,52.1367,0.84672,12.849,0.84672,3695.15,0,36.966,0.535171,1.12493,2.16993,5.77784,1.15756,7.37997,0.42336,36.966,0.42336,423.524,0,1.02816,0,0,2.15309,1.12493,1.028160,1,0,59.5166,0,0,0,59.5166,0
72.29,2.36358,0,0,3.00719,0.102426,0.541182,3.6288,41.8354,0.612896,0,0,0.487391,0.207791,0,0.66528,12.849,1,0.420108,0.541182,0,53.3961,4.80249,48.7146,0.84672,12.849,0.84672,3695.15,0,36.966,0.537278,1.11731,2.20454,5.96847,1.15756,7.59548,0.42336,36.966,0.42336,423.524,0,1.02816,0,0,2.14547,1.11731,1.028160,1,0,56.3101,0,0,0,56.3101,0
72.2852,2.36371,0,0,2.80034,0.0785058,0.36288,3.6288,41.4619,0.610674,0,0,0.477649,0.240487,0,0.66528,12.849,1,0.420132,0.36288,0,50.7159,5.34542,45.3133,0.84672,12.849,0.84672,3695.15,0,36.966,0.539595,0.997954,2.20464,5.71824,1.34131,7.03994,0.42336,36.966,0.42336,423.524,0,1.02816,0,0,2.02611,0.997954,1.028160,1,0,52.3532,0,0,0,52.3532,0
71.9568,2.36382,0,0,2.46781,0.069553,0.36288,3.6288,41.0592,0.608154,0,0,0.451496,0.246042,0,0.66528,12.849,1,0.420179,0.36288,0,46.5715,5.96938,40.5448,0.84672,12.849,0.84672,3695.15,0,36.966,0.542209,0.993539,2.20475,5.72516,1.56569,6.81554,0.42336,36.966,0.42336,423.524,0,1.02816,0,0,2.0217,0.993539,1.028160,1,0,47.3604,0,0,0,47.3604,0
71.2343,2.42344,0,0,2.12946,0.065625,0.36288,3.6288,40.5112,0.640361,0,0,0.358347,0.265993,0,0.66528,12.849,1,0.432743,0.36288,0,35.7882,5.97231,29.746,0.84672,12.849,0.84672,3695.15,0,36.966,0.576523,0.261274,2.20485,4.00918,1.53557,4.36321,0.42336,36.966,0.42336,423.524,0,1.00758,0,0,1.26885,0.261274,1.028160,1,0,34.1092,0,0,0,34.1092,0
70.4654,2.41986,0,0,2.07752,0.0637299,0.36288,3.6288,39.8779,0.699436,0,0,0.3395,0.273351,0,0.66528,12.849,1,0.436486,0.36288,0,45.3828,5.94636,39.3628,0.84672,12.849,0.84672,3695.15,0,36.966,0.638227,0.261274,2.25387,3.80125,1.51346,4.1647,0.42336,36.966,0.42336,423.524,0,0.886896,0,0,1.14817,0.261274,1.028160,1,0,43.5275,0,0,0,43.5275,0
69.5608,2.41597,0,0,1.93759,0.0633551,0.36288,3.6288,39.205,0.701912,0,0,0.300704,0.271683,0,0.66528,12.849,1,0.440539,0.36288,0,35.902,5.94636,29.8779,0.84672,12.849,0.84672,3695.15,0,36.966,0.650658,0.261274,2.25397,3.46965,1.51346,3.82078,0.42336,36.966,0.42336,423.524,0,0.872087,0,0,1.13336,0.261274,1.028160,1,0,33.6987,0,0,0,33.6987,0
68.4861,2.41126,0,0,1.76241,0.0629141,0.36288,3.6288,38.4474,0.770065,0,0,0.282452,0.269962,0,0.66528,12.849,1,0.445399,0.36288,0,33.013,5.94636,26.9841,0.84672,12.849,0.84672,3695.15,0,36.966,0.726086,0.227405,2.25408,3.17549,1.51346,3.41742,0.42336,36.966,0.42336,423.524,0,0.728603,0,0,0.956007,0.227405,1.028160,1,0,30.4016,0,0,0,30.4016,0
67.4169,2.58317,0,0,1.92144,0.0445864,0.36288,3.6288,37.7847,0.700739,0,0,0.318479,0.280487,0,0.66528,12.849,1,0.484641,0.36288,0,32.4347,6.15606,26.1569,0.84672,12.849,0.84672,3695.15,0,36.966,0.696924,0.227405,2.25418,4.14014,1.57054,4.35426,0.42336,36.966,0.42336,423.524,0,0.992701,0,0,1.22011,0.227405,1.028160,1,0,30.5112,0,0,0,30.5112,0
66.4297,2.57686,0,0,1.98559,0.0331136,0.36288,3.6288,37.0229,0.759876,0,0,0.292782,0.294701,0,0.66528,12.849,1,0.491124,0.36288,0,30.9983,6.15689,24.7132,0.84672,12.849,0.84672,3695.15,0,36.966,0.743412,0.227405,2.4217,3.0998,1.60866,3.39683,0.42336,36.966,0.42336,423.524,0,0.887181,0,0,1.11459,0.227405,1.028160,1,0,28.11,0,0,0,28.11,0
65.0562,2.57088,0,0,1.59312,0.0328561,0.36288,3.6288,36.098,0.86261,0,0,0.23022,0.292546,0,0.66528,12.849,1,0.497267,0.36288,0,36.4609,6.15689,30.1696,0.84672,12.849,0.84672,3695.15,0,36.966,0.861284,0.227405,2.42182,2.57498,1.60866,2.75425,0.42336,36.966,0.42336,423.524,0,0.66668,0,0,0.894084,0.227405,1.028160,1,0,32.9239,0,0,0,32.9239,0
63.9853,2.56226,0,0,1.88676,0.0324977,0.36288,3.6288,35.4942,0.66528,0,0,0.351425,0.289928,0,0.66528,12.849,1,0.506062,0.36288,0,31.2953,6.15689,24.9952,0.84672,12.849,0.84672,3695.15,0,36.966,0.697239,0.31682,2.42193,3.48215,1.60866,3.915,0.42336,36.966,0.42336,423.524,0,1.02816,0,0,1.34498,0.31682,1.028160,1,0,28.9102,0,0,0,28.9102,0
62.6077,2.55535,0,0,1.57639,0.0357841,0.36288,3.6288,34.7291,0.751454,0,0,0.257901,0.271516,0,0.66528,12.849,1,0.513144,0.36288,0,28.5587,5.60235,22.806,0.84672,12.849,0.84672,3695.15,0,36.966,0.782614,0.204422,2.42204,3.60766,1.3928,4.05871,0.42336,36.966,0.42336,423.524,0,0.856716,0,0,1.06114,0.204422,1.028160,1,0,26.8648,0,0,0,26.8648,0
61.3281,2.46078,0,0,1.5715,0.0273703,0.36288,3.6288,34.3993,0.61143,0,0,0.522409,0.240748,0,0.66528,12.849,1,0.505027,0.36288,0,23.431,4.63438,18.6545,0.84672,12.849,0.84672,3695.15,0,36.966,0.650812,1.47694,2.42215,3.73305,1.3543,5.62703,0.42336,36.966,0.42336,423.524,0,1.02816,0,0,2.5051,1.47694,1.028160,1,0,24.2815,0,0,0,24.2815,0
59.8306,2.4522,0,0,1.34469,0.0270835,0.36288,3.6288,33.8395,0.608471,0,0,0.288538,0.239963,0,0.66528,12.849,1,0.513767,0.36288,0,23.408,4.63438,18.6227,0.84672,12.849,0.84672,3695.15,0,36.966,0.653871,0.368047,2.32536,2.7783,1.3543,3.46354,0.42336,36.966,0.42336,423.524,0,1.02816,0,0,1.39621,0.368047,1.028160,1,0,22.0863,0,0,0,22.0863,0
58.3844,2.44175,0,0,1.40293,0.0444945,0.36288,3.6288,33.2873,0.603348,0,0,0.277773,0.226585,0,0.66528,12.849,1,0.524381,0.36288,0,22.4996,4.42676,17.9113,0.84672,12.849,0.84672,3695.15,0,36.966,0.659094,0.325305,2.32546,2.79588,1.2894,3.49815,0.42336,36.966,0.42336,423.524,0,1.02816,0,0,1.35346,0.325305,1.028160,1,0,21.4095,0,0,0,21.4095,0
59.5112,2.43124,0,0,4.06988,0.148973,0.36288,3.6288,33.1902,0.598215,0,0,0.654549,0.153407,0,0.66528,12.849,1,0.535057,0.36288,0,67.8143,3.18098,64.4612,0.84672,12.849,0.84672,3695.15,0,36.966,0.664326,1.05761,2.32557,7.34333,0.900012,9.16217,0.42336,36.966,0.42336,423.524,0,1.02816,0,0,2.08577,1.05761,1.028160,1,0,73.6233,0,0,0,73.6233,0
59.1435,2.37026,0,0,2.52177,0.156337,0.36288,3.6288,32.9024,0.554062,0,0,0.416867,0.150616,0,0.66528,12.849,1,0.51176,0.36288,0,47.1665,3.60149,43.4161,0.84672,12.849,0.84672,3695.15,0,36.966,0.617093,0.608317,2.32568,4.33822,0.904879,5.75025,0.42336,36.966,0.42336,423.524,0,1.02816,0,0,1.63648,0.608317,1.028160,1,0,49.1663,0,0,0,49.1663,0
57.6855,2.36778,0,0,1.46299,0.190313,0.36288,3.6288,32.1595,0.809959,0,0,0.212379,0.14537,0,0.66528,12.849,1,0.514402,0.36288,0,24.3854,3.95094,20.2829,0.84672,12.849,0.84672,3695.15,0,36.966,0.909992,0.216518,2.23928,3.10793,0.951934,3.7018,0.42336,36.966,0.42336,423.524,0,0.47946,0,0,0.695978,0.216518,1.028160,1,0,23.9847,0,0,0,23.9847,0
56.4854,2.35727,0,0,1.70762,0.187638,0.36288,3.6288,31.8868,0.544949,0,0,0.416473,0.144203,0,0.66528,12.849,1,0.525064,0.36288,0,28.3845,3.95094,24.2713,0.84672,12.849,0.84672,3695.15,0,36.966,0.626397,0.581439,2.23939,4.93456,0.951934,6.17706,0.42336,36.966,0.42336,423.524,0,1.02816,0,0,1.6096,0.581439,1.028160,1,0,30.4484,0,0,0,30.4484,0
58.1459,2.34832,0,0,4.55719,0.185435,0.36288,3.6288,32.2204,0.542513,0,0,1.01991,0.143774,0,0.66528,12.849,1,0.534183,0.36288,0,83.4186,3.95094,79.2964,0.84672,12.849,0.84672,3695.15,0,36.966,0.628929,1.98341,2.23949,9.3161,0.951934,11.9581,0.42336,36.966,0.42336,423.524,0,1.02816,0,0,3.01157,1.98341,1.028160,1,0,91.2545,0,0,0,91.2545,0
58.6089,2.16448,0,0,3.22495,0.234635,0.36288,3.6288,32.2072,0.486902,0,0,0.59826,0.124582,0,0.66528,12.849,1,0.478304,0.36288,0,57.0441,3.57631,53.3524,0.84672,12.849,0.84672,3695.15,0,36.966,0.558616,0.292723,2.23959,5.17723,0.852499,6.29843,0.42336,36.966,0.42336,423.524,0,0.963602,0,0,1.25633,0.292723,1.028160,1,0,59.6508,0,0,0,59.6508,0
59.3513,2.1677,0,0,3.51778,0.244754,0.36288,3.6288,32.3632,0.456777,0,0,0.752306,0.139465,0,0.66528,12.849,1,0.475232,0.36288,0,67.8302,3.78242,63.9355,0.84672,12.849,0.84672,3695.15,0,36.966,0.524269,1.13441,2.0475,6.54774,0.927589,8.2778,0.42336,36.966,0.42336,423.524,0,1.02816,0,0,2.16257,1.13441,1.028160,1,0,72.2133,0,0,0,72.2133,0
59.8468,2.17271,0,0,3.27758,0.246515,0.36288,3.6288,32.5774,0.457997,0,0,0.811884,0.139702,0,0.66528,12.849,1,0.470371,0.36288,0,61.7452,3.78242,57.8553,0.84672,12.849,0.84672,3695.15,0,36.966,0.523134,1.52425,2.0476,7.77458,0.927589,9.89571,0.42336,36.966,0.42336,423.524,0,1.02816,0,0,2.55241,1.52425,1.028160,1,0,67.751,0,0,0,67.751,0
59.6123,2.17604,0,0,2.54915,0.244697,0.36288,3.6288,32.3156,0.459648,0,0,0.328237,0.130427,0,0.66528,12.849,1,0.467192,0.36288,0,51.2149,3.53379,47.5768,0.84672,12.849,0.84672,3695.15,0,36.966,0.521569,0.722097,2.04769,4.76737,0.847612,6.16798,0.42336,36.966,0.42336,423.524,0,1.02816,0,0,1.75026,0.722097,1.028160,1,0,53.7448,0,0,0,53.7448,0
60.2145,2.17465,0,0,3.38262,0.242952,0.36288,3.6288,32.184,0.457717,0,0,0.452334,0.126227,0,0.66528,12.849,1,0.46873,0.36288,0,55.9378,3.43434,52.3976,0.84672,12.849,0.84672,3695.15,0,36.966,0.523586,0.83427,2.04779,5.91628,0.815621,7.45913,0.42336,36.966,0.42336,423.524,0,1.02816,0,0,1.86243,0.83427,1.028160,1,0,59.8567,0,0,0,59.8567,0
65.6121,2.25469,0,0,8.25339,0.238213,0.36288,3.6288,33.5324,0.48245,0,0,2.00803,0.177157,0,0.66528,12.849,1,0.481122,0.36288,0,180.809,4.23822,176.452,0.84672,12.849,0.84672,3695.15,0,36.966,0.554135,2.50244,2.04788,14.9367,1.25762,17.6752,0.42336,36.966,0.42336,423.524,0,1.02816,0,0,3.5306,2.50244,1.028160,1,0,194.128,0,0,0,194.128,0
70.7949,2.2879,0,0,8.08152,0.247911,0.36288,3.6288,34.6328,0.493086,0,0,1.78188,0.188403,0,0.66528,12.849,1,0.448046,0.36288,0,167.245,4.3722,162.788,0.84672,12.849,0.84672,3695.15,0,36.966,0.543577,2.26755,2.10791,15.9709,1.33128,18.4715,0.42336,36.966,0.42336,423.524,0,1.02816,0,0,3.29571,2.26755,1.028160,1,0,181.259,0,0,0,181.259,0
72.29,2.31578,0,0,10.3831,0.258181,6.31408,3.6288,35.9804,0.501479,0,0,2.03956,0.190516,0,0.66528,12.849,1,0.420304,6.31408,0,230.658,4.3722,232.179,0.84672,12.849,0.84672,3695.15,0,36.966,0.535263,2.92435,2.108,17.1067,1.33128,20.2725,0.42336,36.966,0.42336,423.524,0,1.02816,0,0,3.95251,2.92435,1.028160,1,0,252.452,0,0,0,252.452,0
72.29,2.32327,0,0,7.36845,0.256448,4.78873,3.6288,37.4521,0.511406,0,0,2.17075,0.187625,0,0.66528,12.849,1,0.412944,4.78873,0,170.596,4.20417,170.768,0.84672,12.849,0.84672,3695.15,0,36.966,0.525415,2.65167,2.10808,15.9818,1.28358,18.9325,0.42336,36.966,0.42336,423.524,0,1.02816,0,0,3.67983,2.65167,1.028160,1,0,189.7,0,0,0,189.7,0
72.29,2.57505,0,0,8.53788,0.257021,5.7058,3.6288,38.9626,0.626138,0,0,2.30285,0.166164,0,0.66528,12.849,1,0.457696,5.7058,0,180.402,3.60185,182.049,0.84672,12.849,0.84672,3695.15,0,36.966,0.618012,2.6624,2.10817,13.9907,0.969769,17.1735,0.42336,36.966,0.42336,423.524,0,1.02816,0,0,3.69056,2.6624,1.028160,1,0,199.222,0,0,0,199.222,0
72.29,2.57518,0,0,9.29422,0.295344,6.4237,3.6288,41.0399,0.638479,0,0,2.89641,0.180627,0,0.66528,12.849,1,0.457718,6.4237,0,239.715,4.14298,241.538,0.84672,12.849,0.84672,3695.15,0,36.966,0.60576,4.04364,2.32392,20.3945,0.932942,25.2233,0.42336,36.966,0.42336,423.524,0,1.02816,0,0,5.0718,4.04364,1.028160,1,0,266.761,0,0,0,266.761,0
72.29,2.5753,0,0,7.41476,0.297611,4.54185,3.6288,42.5027,0.654656,0,0,2.29047,0.173075,0,0.66528,12.849,1,0.457741,4.54185,0,177.882,3.91614,178.05,0.84672,12.849,0.84672,3695.15,0,36.966,0.58967,2.37922,2.32402,13.9647,0.867897,17.2103,0.42336,36.966,0.42336,423.524,0,1.02816,0,0,3.40738,2.37922,1.028160,1,0,195.26,0,0,0,195.26,0
72.29,2.57543,0,0,7.50004,0.300634,4.62398,3.6288,43.5962,0.66528,0,0,1.91927,0.160407,0,0.66528,12.849,1,0.457763,4.62398,0,152.15,3.61368,152.703,0.84672,12.849,0.84672,3695.15,0,36.966,0.579134,2.96384,2.32412,14.5671,0.781169,18.4948,0.42336,36.966,0.42336,423.524,0,1.02816,0,0,3.992,2.96384,1.028160,1,0,171.198,0,0,0,171.198,0
72.29,2.21654,0,0,7.28822,0.317916,4.75376,3.6288,43.9735,0.522923,0,0,1.06222,0.162017,0,0.66528,12.849,1,0.393973,4.75376,0,140.59,3.49128,141.459,0.84672,12.849,0.84672,3695.15,0,36.966,0.443396,1.78115,2.32421,11.5214,0.737608,14.4457,0.42336,36.966,0.42336,423.524,0,1.02816,0,0,2.80931,1.78115,1.028160,1,0,155.904,0,0,0,155.904,0
72.29,2.21665,0,0,5.39654,0.340959,2.83892,3.6288,44.2034,0.525031,0,0,0.917365,0.162502,0,0.66528,12.849,1,0.393993,2.83892,0,124.978,3.32808,124.094,0.84672,12.849,0.84672,3695.15,0,36.966,0.441363,1.08678,2.03014,9.08029,0.679526,11.0763,0.42336,36.966,0.42336,423.524,0,1.02816,0,0,2.11494,1.08678,1.028160,1,0,135.171,0,0,0,135.171,0
72.29,2.21676,0,0,6.59319,0.340959,4.03547,3.6288,45.6608,0.526322,0,0,2.14663,0.162855,0,0.66528,12.849,1,0.394013,4.03547,0,179.646,3.32808,179.96,0.84672,12.849,0.84672,3695.15,0,36.966,0.440148,2.03704,2.03023,10.7779,0.679526,13.7255,0.42336,36.966,0.42336,423.524,0,1.02816,0,0,3.0652,2.03704,1.028160,1,0,193.685,0,0,0,193.685,0
72.29,2.21687,0,0,6.88274,0.299887,4.36599,3.6288,46.7041,0.534128,0,0,1.74899,0.171571,0,0.66528,12.849,1,0.394032,4.36599,0,134.975,3.43497,135.512,0.84672,12.849,0.84672,3695.15,0,36.966,0.432418,1.57039,2.03031,9.98395,0.697078,12.4552,0.42336,36.966,0.42336,423.524,0,1.02816,0,0,2.59855,1.57039,1.028160,1,0,147.967,0,0,0,147.967,0
72.29,2.21698,0,0,5.04934,0.299887,2.53247,3.6288,47.7213,0.539562,0,0,1.73003,0.173235,0,0.66528,12.849,1,0.394052,2.53247,0,115.46,3.43497,114.163,0.84672,12.849,0.84672,3695.15,0,36.966,0.42706,1.74799,2.03039,7.53088,0.697078,10.1851,0.42336,36.966,0.42336,423.524,0,1.02816,0,0,2.77615,1.74799,1.028160,1,0,124.348,0,0,0,124.348,0
72.29,2.30748,0,0,5.45263,0.280713,2.86444,3.6288,47.5537,0.663808,0,0,0.647728,0.151595,0,0.66528,12.849,1,0.410138,2.86444,0,100.379,4.31676,98.5162,0.84672,12.849,0.84672,3695.15,0,36.966,0.5142,0.558835,2.03048,8.53165,0.853985,9.75278,0.42336,36.966,0.42336,423.524,0,0.884917,0,0,1.44375,0.558835,1.028160,1,0,108.269,0,0,0,108.269,0
72.29,2.3076,0,0,6.09377,0.280713,3.50547,3.6288,48.2562,0.582239,0,0,1.43614,0.151383,0,0.66528,12.849,1,0.410158,3.50547,0,105.979,4.31676,104.758,0.84672,12.849,0.84672,3695.15,0,36.966,0.452605,1.38319,2.1031,10.2925,0.853985,12.4722,0.42336,36.966,0.42336,423.524,0,1.02816,0,0,2.41135,1.38319,1.028160,1,0,117.23,0,0,0,117.23,0
72.29,2.30771,0,0,5.07724,0.280713,2.48881,3.6288,48.967,0.586014,0,0,1.44912,0.152272,0,0.66528,12.849,1,0.410178,2.48881,0,130.442,4.31676,128.204,0.84672,12.849,0.84672,3695.15,0,36.966,0.448908,1.83716,2.10318,11.4087,0.853985,14.0461,0.42336,36.966,0.42336,423.524,0,1.02816,0,0,2.86532,1.83716,1.028160,1,0,142.25,0,0,0,142.25,0
72.29,2.30783,0,0,3.62563,0.27204,1.04576,3.6288,49.21,0.589773,0,0,0.964267,0.131465,0,0.66528,12.849,1,0.410199,1.04576,0,104.924,3.66925,101.89,0.84672,12.849,0.84672,3695.15,0,36.966,0.445229,1.06251,2.10327,7.52596,0.763404,9.48311,0.42336,36.966,0.42336,423.524,0,1.02816,0,0,2.09067,1.06251,1.028160,1,0,111.374,0,0,0,111.374,0
72.29,2.27259,0,0,3.45045,0.251364,0.926497,3.6288,49.4382,0.575974,0,0,0.9497,0.145522,0,0.66528,12.849,1,0.403936,0.926497,0,75.4669,3.56843,72.4211,0.84672,12.849,0.84672,3695.15,0,36.966,0.432664,0.907477,2.10336,7.51948,0.844266,9.25338,0.42336,36.966,0.42336,423.524,0,1.02816,0,0,1.93564,0.907477,1.028160,1,0,81.6745,0,0,0,81.6745,0
72.29,2.27271,0,0,3.63084,0.225203,1.13293,3.6288,49.6666,0.577161,0,0,0.922942,0.117395,0,0.66528,12.849,1,0.403956,1.13293,0,67.9716,2.89139,65.8092,0.84672,12.849,0.84672,3695.15,0,36.966,0.431555,0.689005,2.07521,6.21542,0.78731,7.76077,0.42336,36.966,0.42336,423.524,0,1.02816,0,0,1.71717,0.689005,1.028160,1,0,73.5699,0,0,0,73.5699,0
72.29,2.27282,0,0,3.1962,0.161204,0.762173,3.6288,49.7959,0.584802,0,0,0.895346,0.181244,0,0.66528,12.849,1,0.403976,0.762173,0,64.5068,3.78325,61.0818,0.84672,12.849,0.84672,3695.15,0,36.966,0.435258,0.528595,2.0753,5.28168,1.03681,6.4135,0.42336,36.966,0.42336,423.524,0,1.01689,0,0,1.54549,0.528595,1.028160,1,0,67.4953,0,0,0,67.4953,0
72.29,2.27293,0,0,2.9377,0.161204,0.503568,3.6288,49.9615,0.579028,0,0,0.926061,0.181437,0,0.66528,12.849,1,0.403996,0.503568,0,58.2574,3.78325,54.5738,0.84672,12.849,0.84672,3695.15,0,36.966,0.429842,0.667544,2.07538,5.18505,1.03681,6.46132,0.42336,36.966,0.42336,423.524,0,1.02816,0,0,1.6957,0.667544,1.028160,1,0,61.0351,0,0,0,61.0351,0
72.274,2.39305,0,0,2.89745,0.157499,0.36288,3.6288,49.9754,0.633796,0,0,0.83976,0.192077,0,0.66528,12.849,1,0.425347,0.36288,0,61.1422,3.99403,57.0857,0.84672,12.849,0.84672,3695.15,0,36.966,0.468939,0.560028,2.07547,5.26678,1.06301,6.37032,0.42336,36.966,0.42336,423.524,0,1.02816,0,0,1.58819,0.560028,1.028160,1,0,63.456,0,0,0,63.456,0
72.1478,2.39309,0,0,2.778,0.148216,0.36288,3.6288,49.8039,0.674687,0,0,0.72125,0.218085,0,0.66528,12.849,1,0.425447,0.36288,0,50.6985,4.52099,46.1149,0.84672,12.849,0.84672,3695.15,0,36.966,0.499055,0.402797,2.1745,5.2804,1.12851,6.23012,0.42336,36.966,0.42336,423.524,0,0.957234,0,0,1.36003,0.402797,1.028160,1,0,52.3451,0,0,0,52.3451,0
71.9471,2.39258,0,0,2.70275,0.148074,0.36288,3.6288,49.6847,0.633038,0,0,0.731588,0.217779,0,0.66528,12.849,1,0.4261,0.36288,0,48.1749,4.52099,43.5907,0.84672,12.849,0.84672,3695.15,0,36.966,0.46986,0.442126,2.17459,5.02848,1.12851,6.04682,0.42336,36.966,0.42336,423.524,0,1.02816,0,0,1.47029,0.442126,1.028160,1,0,49.6375,0,0,0,49.6375,0
71.4791,2.39168,0,0,2.45406,0.167466,0.36288,3.6288,49.5282,0.632438,0,0,0.688664,0.212713,0,0.66528,12.849,1,0.42713,0.36288,0,45.4013,4.18253,41.1545,0.84672,12.849,0.84672,3695.15,0,36.966,0.470542,0.397112,2.17468,4.60063,1.14157,5.5603,0.42336,36.966,0.42336,423.524,0,1.02816,0,0,1.42527,0.397112,1.028160,1,0,46.7148,0,0,0,46.7148,0
70.9285,2.38943,0,0,2.33906,0.137365,0.36288,3.6288,49.3598,0.631634,0,0,0.687303,0.224082,0,0.66528,12.849,1,0.429522,0.36288,0,42.2486,4.0569,38.125,0.84672,12.849,0.84672,3695.15,0,36.966,0.471428,0.437849,2.17476,4.47174,1.18945,5.42347,0.42336,36.966,0.42336,423.524,0,1.02816,0,0,1.46601,0.437849,1.028160,1,0,43.5485,0,0,0,43.5485,0
71.1135,2.36306,0,0,3.02547,0.114534,0.36288,3.6288,48.9995,0.660241,0,0,0.537866,0.237867,0,0.66528,12.849,1,0.428078,0.36288,0,48.2544,4.82811,43.3611,0.84672,12.849,0.84672,3695.15,0,36.966,0.494461,0.513648,2.17485,5.18726,1.25678,6.12452,0.42336,36.966,0.42336,423.524,0,1.02816,0,0,1.54181,0.513648,1.028160,1,0,49.4856,0,0,0,49.4856,0
71.1048,2.36412,0,0,2.83307,0.114697,0.36288,3.6288,48.6155,0.658217,0,0,0.51132,0.237161,0,0.66528,12.849,1,0.427156,0.36288,0,48.1912,4.82811,43.2988,0.84672,12.849,0.84672,3695.15,0,36.966,0.496569,0.420604,2.20954,5.33077,1.25678,6.20756,0.42336,36.966,0.42336,423.524,0,1.02816,0,0,1.44876,0.420604,1.028160,1,0,49.5063,0,0,0,49.5063,0
70.8396,2.36419,0,0,2.57656,0.114689,0.36288,3.6288,48.2216,0.656036,0,0,0.498601,0.236408,0,0.66528,12.849,1,0.427221,0.36288,0,47.248,4.82811,42.3556,0.84672,12.849,0.84672,3695.15,0,36.966,0.498834,0.401838,2.20963,5.10783,1.25678,5.96368,0.42336,36.966,0.42336,423.524,0,1.02816,0,0,1.43,0.401838,1.028160,1,0,48.3192,0,0,0,48.3192,0
70.3379,2.36295,0,0,2.3386,0.114456,0.36288,3.6288,47.7883,0.665496,0,0,0.46777,0.235636,0,0.66528,12.849,1,0.428596,0.36288,0,42.1019,4.82811,37.208,0.84672,12.849,0.84672,3695.15,0,36.966,0.510159,0.261274,2.20972,4.94114,1.25678,5.64519,0.42336,36.966,0.42336,423.524,0,1.00746,0,0,1.26873,0.261274,1.028160,1,0,42.8532,0,0,0,42.8532,0
70.1859,2.42154,0,0,2.72055,0.0881726,0.36288,3.6288,47.3731,0.66528,0,0,0.538034,0.287873,0,0.66528,12.849,1,0.442356,0.36288,0,42.9339,5.63844,37.216,0.84672,12.849,0.84672,3695.15,0,36.966,0.535716,0.355795,2.20981,5.05246,1.55967,5.52268,0.42336,36.966,0.42336,423.524,0,1.02816,0,0,1.38396,0.355795,1.028160,1,0,42.7386,0,0,0,42.7386,0
70.1317,2.42085,0,0,2.82286,0.0933021,0.36288,3.6288,46.9898,0.66528,0,0,0.556472,0.274502,0,0.66528,12.849,1,0.443188,0.36288,0,42.9822,5.50515,37.3967,0.84672,12.849,0.84672,3695.15,0,36.966,0.535802,0.370526,2.25894,5.27332,1.51634,5.85065,0.42336,36.966,0.42336,423.524,0,1.02816,0,0,1.39869,0.370526,1.028160,1,0,43.2474,0,0,0,43.2474,0
69.8108,2.42068,0,0,2.55593,0.0932631,0.36288,3.6288,46.557,0.690937,0,0,0.531684,0.27362,0,0.66528,12.849,1,0.443499,0.36288,0,40.4809,5.50515,34.8951,0.84672,12.849,0.84672,3695.15,0,36.966,0.543547,0.261274,2.25903,4.90304,1.51634,5.36347,0.42336,36.966,0.42336,423.524,0,0.994844,0,0,1.25612,0.261274,1.028160,1,0,40.2586,0,0,0,40.2586,0
69.1855,2.41908,0,0,2.23525,0.0786059,0.36288,3.6288,46.1248,0.680467,0,0,0.527908,0.279559,0,0.66528,12.849,1,0.445243,0.36288,0,38.5466,5.72947,32.7347,0.84672,12.849,0.84672,3695.15,0,36.966,0.540287,0.227405,2.25913,4.95549,1.56116,5.34057,0.42336,36.966,0.42336,423.524,0,1.00866,0,0,1.23606,0.227405,1.028160,1,0,38.0753,0,0,0,38.0753,0
68.136,2.59418,0,0,2.00174,0.0942421,0.36288,3.6288,45.6314,0.749131,0,0,0.521584,0.265901,0,0.66528,12.849,1,0.481786,0.36288,0,36.4468,5.48425,30.8436,0.84672,12.849,0.84672,3695.15,0,36.966,0.701975,0.227405,2.25922,4.84272,1.39128,5.23609,0.42336,36.966,0.42336,423.524,0,0.944309,0,0,1.17171,0.227405,1.028160,1,0,36.0797,0,0,0,36.0797,0
67.5074,2.58806,0,0,2.42697,0.104635,0.36288,3.6288,45.1461,0.76261,0,0,0.550973,0.273695,0,0.66528,12.849,1,0.488054,0.36288,0,37.1803,5.14773,31.9073,0.84672,12.849,0.84672,3695.15,0,36.966,0.702068,0.227405,2.42713,6.45572,1.36595,7.04224,0.42336,36.966,0.42336,423.524,0,0.93083,0,0,1.15824,0.227405,1.028160,1,0,38.9496,0,0,0,38.9496,0
66.735,2.58437,0,0,2.27897,0.10412,0.36288,3.6288,44.746,0.66528,0,0,0.53765,0.27246,0,0.66528,12.849,1,0.491896,0.36288,0,37.951,5.14773,32.6743,0.84672,12.849,0.84672,3695.15,0,36.966,0.702161,0.386623,2.42723,5.95083,1.36595,6.69657,0.42336,36.966,0.42336,423.524,0,1.02816,0,0,1.41478,0.386623,1.028160,1,0,39.3708,0,0,0,39.3708,0
65.8944,2.57972,0,0,2.20554,0.103487,0.36288,3.6288,44.342,0.66528,0,0,0.532755,0.271442,0,0.66528,12.849,1,0.496694,0.36288,0,35.4783,5.14773,30.1968,0.84672,12.849,0.84672,3695.15,0,36.966,0.702255,0.364833,2.42733,5.92768,1.36595,6.65164,0.42336,36.966,0.42336,423.524,0,1.02816,0,0,1.39299,0.364833,1.028160,1,0,36.8484,0,0,0,36.8484,0
65.0555,2.57455,0,0,2.20128,0.102798,0.36288,3.6288,43.91,0.66528,0,0,0.503651,0.270414,0,0.66528,12.849,1,0.502021,0.36288,0,33.9248,5.14773,28.6379,0.84672,12.849,0.84672,3695.15,0,36.966,0.702348,0.335172,2.42743,6.04369,1.36595,6.73799,0.42336,36.966,0.42336,423.524,0,1.02816,0,0,1.36333,0.335172,1.028160,1,0,35.3759,0,0,0,35.3759,0
63.7868,2.48317,0,0,1.73559,0.158219,0.36288,3.6288,43.1704,0.959971,0,0,0.452688,0.232311,0,0.66528,12.849,1,0.490447,0.36288,0,23.6848,4.36698,19.1903,0.84672,12.849,0.84672,3695.15,0,36.966,0.80816,0.204422,2.42753,7.07657,1.02386,7.87651,0.42336,36.966,0.42336,423.524,0,0.527024,0,0,0.731447,0.204422,1.028160,1,0,27.0668,0,0,0,27.0668,0
62.8056,2.47517,0,0,2.02274,0.165864,0.36288,3.6288,42.5133,0.954743,0,0,0.522279,0.224564,0,0.66528,12.849,1,0.498591,0.36288,0,35.0703,4.23686,30.6977,0.84672,12.849,0.84672,3695.15,0,36.966,0.817529,0.204422,2.33049,7.64609,0.96685,8.39663,0.42336,36.966,0.42336,423.524,0,0.522972,0,0,0.727395,0.204422,1.028160,1,0,39.0943,0,0,0,39.0943,0
62.0735,2.46883,0,0,2.26417,0.164544,0.36288,3.6288,42.0442,0.823046,0,0,0.577105,0.223159,0,0.66528,12.849,1,0.505082,0.36288,0,32.3452,4.23686,27.9662,0.84672,12.849,0.84672,3695.15,0,36.966,0.715651,0.216518,2.33059,8.47622,0.96685,9.34083,0.42336,36.966,0.42336,423.524,0,0.756636,0,0,0.973154,0.216518,1.028160,1,0,37.307,0,0,0,37.307,0
63.4792,2.46401,0,0,4.39613,0.163559,0.36288,3.6288,42.7455,0.66528,0,0,1.58869,0.222157,0,0.66528,12.849,1,0.510042,0.36288,0,56.6516,4.23686,52.2676,0.84672,12.849,0.84672,3695.15,0,36.966,0.601982,2.37419,2.33069,12.0195,0.96685,15.1555,0.42336,36.966,0.42336,423.524,0,1.02816,0,0,3.40235,2.37419,1.028160,1,0,67.4231,0,0,0,67.4231,0
66.2488,2.40313,0,0,5.8009,0.265342,0.36288,3.6288,43.2478,0.630444,0,0,1.28632,0.153599,0,0.66528,12.849,1,0.486425,0.36288,0,85.7608,3.43419,82.2031,0.84672,12.849,0.84672,3695.15,0,36.966,0.545204,2.09934,2.33078,12.3828,0.753537,15.5141,0.42336,36.966,0.42336,423.524,0,1.02816,0,0,3.1275,2.09934,1.028160,1,0,97.7172,0,0,0,97.7172,0
66.515,2.42029,0,0,3.29198,0.242616,0.36288,3.6288,42.8612,0.633904,0,0,0.422332,0.174964,0,0.66528,12.849,1,0.469416,0.36288,0,41.8567,4.04901,37.7012,0.84672,12.849,0.84672,3695.15,0,36.966,0.541829,0.25564,2.24417,5.76482,0.894034,6.82877,0.42336,36.966,0.42336,423.524,0,1.02816,0,0,1.2838,0.25564,1.028160,1,0,44.53,0,0,0,44.53,0
69.4651,2.42198,0,0,5.98351,0.248534,0.36288,3.6288,42.7165,0.631326,0,0,0.666503,0.179906,0,0.66528,12.849,1,0.467865,0.36288,0,76.9062,4.18675,72.6145,0.84672,12.849,0.84672,3695.15,0,36.966,0.544492,0.597041,2.24426,9.81509,0.93288,11.179,0.42336,36.966,0.42336,423.524,0,1.02816,0,0,1.6252,0.597041,1.028160,1,0,83.7935,0,0,0,83.7935,0
71.6871,2.43887,0,0,5.31136,0.287534,0.36288,3.6288,42.7479,0.630383,0,0,0.874882,0.213119,0,0.66528,12.849,1,0.451119,0.36288,0,69.4943,5.01323,64.3928,0.84672,12.849,0.84672,3695.15,0,36.966,0.54552,1.6968,2.24435,11.1899,1.16595,13.4196,0.42336,36.966,0.42336,423.524,0,1.02816,0,0,2.72496,1.6968,1.028160,1,0,77.8124,0,0,0,77.8124,0
72.29,2.24696,0,0,8.22818,0.288991,5.08938,3.6288,43.3198,0.528203,0,0,1.3086,0.208479,0,0.66528,12.849,1,0.402738,5.08938,0,101.752,4.94026,101.499,0.84672,12.849,0.84672,3695.15,0,36.966,0.456761,1.92559,2.24444,12.6293,1.13603,15.2066,0.42336,36.966,0.42336,423.524,0,1.02816,0,0,2.95375,1.92559,1.028160,1,0,116.705,0,0,0,116.705,0
72.29,2.24992,0,0,6.14298,0.262286,3.63077,3.6288,43.471,0.531498,0,0,0.938291,0.25564,0,0.66528,12.849,1,0.399906,3.63077,0,70.7685,4.44979,69.5496,0.84672,12.849,0.84672,3695.15,0,36.966,0.453542,1.04651,2.05189,7.80022,1.0889,9.35618,0.42336,36.966,0.42336,423.524,0,1.02816,0,0,2.07467,1.04651,1.028160,1,0,78.9058,0,0,0,78.9058,0
72.29,2.25003,0,0,6.91467,0.301521,4.36312,3.6288,43.734,0.532391,0,0,0.956889,0.161451,0,0.66528,12.849,1,0.399926,4.36312,0,94.4361,3.99053,94.4087,0.84672,12.849,0.84672,3695.15,0,36.966,0.452725,1.20738,2.05198,9.13318,0.996982,10.9428,0.42336,36.966,0.42336,423.524,0,1.02816,0,0,2.23554,1.20738,1.028160,1,0,105.352,0,0,0,105.352,0
72.29,2.25014,0,0,8.3154,0.301521,5.76373,3.6288,44.6837,0.533908,0,0,1.64545,0.161854,0,0.66528,12.849,1,0.399946,5.76373,0,104.248,3.99053,105.621,0.84672,12.849,0.84672,3695.15,0,36.966,0.451284,2.3252,2.05206,14.1102,0.996982,17.0391,0.42336,36.966,0.42336,423.524,0,1.02816,0,0,3.35336,2.3252,1.028160,1,0,122.66,0,0,0,122.66,0
72.29,2.25026,0,0,13.1163,0.301521,10.5645,3.6288,46.59,0.539199,0,0,2.60883,0.163309,0,0.66528,12.849,1,0.399966,10.5645,0,156.991,3.99053,163.165,0.84672,12.849,0.84672,3695.15,0,36.966,0.44607,4.23175,2.05214,22.1613,0.996982,27.0021,0.42336,36.966,0.42336,423.524,0,1.02816,0,0,5.25991,4.23175,1.028160,1,0,190.167,0,0,0,190.167,0
72.29,2.25026,0,0,7.45129,0.316196,4.88484,3.6288,46.7065,0.549376,0,0,0.831708,0.165852,0,0.66528,12.849,1,0.399966,4.88484,0,121.368,3.4671,122.386,0.84672,12.849,0.84672,3695.15,0,36.966,0.435893,1.16007,2.05223,11.5702,1.00696,13.3396,0.42336,36.966,0.42336,423.524,0,1.02816,0,0,2.18823,1.16007,1.028160,1,0,135.725,0,0,0,135.725,0
72.29,2.32891,0,0,5.38466,0.322066,2.73368,3.6288,46.65,0.580908,0,0,0.69031,0.165878,0,0.66528,12.849,1,0.413946,2.73368,0,73.2793,3.25773,72.3413,0.84672,12.849,0.84672,3695.15,0,36.966,0.459761,1.33891,2.05223,11.2014,1.01095,13.1218,0.42336,36.966,0.42336,423.524,0,1.02816,0,0,2.36707,1.33891,1.028160,1,0,85.4632,0,0,0,85.4632,0
72.29,2.32901,0,0,8.46948,0.332506,5.80797,3.6288,47.0477,0.580636,0,0,1.13966,0.161342,0,0.66528,12.849,1,0.413963,5.80797,0,121.641,3.33135,123.703,0.84672,12.849,0.84672,3695.15,0,36.966,0.460102,2.45724,2.11239,14.0993,0.994684,17.2141,0.42336,36.966,0.42336,423.524,0,1.02816,0,0,3.4854,2.45724,1.028160,1,0,140.918,0,0,0,140.918,0
72.29,2.32911,0,0,9.73236,0.358604,7.04464,3.6288,47.6605,0.582853,0,0,1.34634,0.150732,0,0.66528,12.849,1,0.413981,7.04464,0,144.694,3.5154,147.809,0.84672,12.849,0.84672,3695.15,0,36.966,0.457955,2.57377,2.11246,13.9411,0.954026,17.2153,0.42336,36.966,0.42336,423.524,0,1.02816,0,0,3.60193,2.57377,1.028160,1,0,165.025,0,0,0,165.025,0
72.29,2.32921,0,0,7.81644,0.337015,5.15022,3.6288,47.9542,0.586207,0,0,1.02664,0.146744,0,0.66528,12.849,1,0.413999,5.15022,0,161.344,3.66975,162.411,0.84672,12.849,0.84672,3695.15,0,36.966,0.454669,1.63161,2.11254,12.9451,0.949469,15.2851,0.42336,36.966,0.42336,423.524,0,1.02816,0,0,2.65977,1.63161,1.028160,1,0,177.696,0,0,0,177.696,0
72.29,2.58155,0,0,5.13359,0.283042,2.269,3.6288,47.9379,0.66528,0,0,0.784188,0.135166,0,0.66528,12.849,1,0.458851,2.269,0,82.7513,4.05562,80.5059,0.84672,12.849,0.84672,3695.15,0,36.966,0.583392,0.679666,2.11261,7.35567,0.938077,8.62648,0.42336,36.966,0.42336,423.524,0,1.02816,0,0,1.70783,0.679666,1.028160,1,0,89.1323,0,0,0,89.1323,0
72.29,2.58166,0,0,6.38897,0.283042,3.52427,3.6288,47.9765,0.66528,0,0,0.839,0.135147,0,0.66528,12.849,1,0.458871,3.52427,0,120.547,4.05562,119.557,0.84672,12.849,0.84672,3695.15,0,36.966,0.583469,2.54789,2.32885,11.7272,0.938077,15.0824,0.42336,36.966,0.42336,423.524,0,1.02816,0,0,3.57605,2.54789,1.028160,1,0,134.639,0,0,0,134.639,0
72.29,2.58177,0,0,6.03643,0.319189,3.13547,3.6288,47.8515,0.66528,0,0,0.658398,0.118075,0,0.66528,12.849,1,0.45889,3.13547,0,110.934,4.16505,109.446,0.84672,12.849,0.84672,3695.15,0,36.966,0.583546,2.00799,2.32894,8.76986,0.890161,11.6331,0.42336,36.966,0.42336,423.524,0,1.02816,0,0,3.03615,2.00799,1.028160,1,0,121.079,0,0,0,121.079,0
72.29,2.58188,0,0,9.65123,0.35738,6.71197,3.6288,47.7174,0.66528,0,0,0.67776,0.146619,0,0.66528,12.849,1,0.45891,6.71197,0,140.493,4.07754,142.669,0.84672,12.849,0.84672,3695.15,0,36.966,0.583624,2.66595,2.32902,11.1769,0.925435,14.6628,0.42336,36.966,0.42336,423.524,0,1.02816,0,0,3.69411,2.66595,1.028160,1,0,157.332,0,0,0,157.332,0
72.29,2.22216,0,0,6.76452,0.327848,4.21451,3.6288,47.7994,0.546668,0,0,0.755071,0.126335,0,0.66528,12.849,1,0.394973,4.21451,0,108.57,4.07956,108.31,0.84672,12.849,0.84672,3695.15,0,36.966,0.423497,1.78221,2.3291,11.136,0.881672,13.9422,0.42336,36.966,0.42336,423.524,0,1.02816,0,0,2.81037,1.78221,1.028160,1,0,122.252,0,0,0,122.252,0
72.29,2.22226,0,0,5.50104,0.327848,2.95093,3.6288,47.6307,0.547116,0,0,0.504809,0.126421,0,0.66528,12.849,1,0.39499,2.95093,0,97.0134,4.07956,95.4897,0.84672,12.849,0.84672,3695.15,0,36.966,0.423116,0.763171,2.03436,7.79596,0.881672,9.2887,0.42336,36.966,0.42336,423.524,0,1.02816,0,0,1.79133,0.763171,1.028160,1,0,104.778,0,0,0,104.778,0
72.29,2.22236,0,0,3.85962,0.327848,1.30941,3.6288,47.3199,0.567028,0,0,0.382492,0.126243,0,0.66528,12.849,1,0.395007,1.30941,0,94.4628,4.07956,91.2977,0.84672,12.849,0.84672,3695.15,0,36.966,0.440068,0.558835,2.03443,7.04056,0.881672,8.31209,0.42336,36.966,0.42336,423.524,0,0.991362,0,0,1.5502,0.558835,1.028160,1,0,99.6098,0,0,0,99.6098,0
72.29,2.22245,0,0,3.93946,0.271207,1.4458,3.6288,46.793,0.718884,0,0,0.29073,0.0987385,0,0.66528,12.849,1,0.395024,1.4458,0,82.1915,3.64359,79.5986,0.84672,12.849,0.84672,3695.15,0,36.966,0.561587,0.558835,2.0345,6.41468,0.819045,7.62739,0.42336,36.966,0.42336,423.524,0,0.718053,0,0,1.27689,0.558835,1.028160,1,0,87.226,0,0,0,87.226,0
72.29,2.22255,0,0,8.03277,0.303377,5.50685,3.6288,46.9779,0.542143,0,0,0.856669,0.129642,0,0.66528,12.849,1,0.395041,5.50685,0,156.544,4.62951,157.026,0.84672,12.849,0.84672,3695.15,0,36.966,0.428287,2.25815,2.03457,14.3963,1.04279,17.218,0.42336,36.966,0.42336,423.524,0,1.02816,0,0,3.28631,2.25815,1.028160,1,0,174.244,0,0,0,174.244,0
72.29,2.31324,0,0,7.9814,0.314342,5.35382,3.6288,46.7443,0.581303,0,0,0.517061,0.169389,0,0.66528,12.849,1,0.411161,5.35382,0,191.737,4.78978,191.89,0.84672,12.849,0.84672,3695.15,0,36.966,0.457416,1.52325,2.03465,10.7049,1.04624,12.7591,0.42336,36.966,0.42336,423.524,0,1.02816,0,0,2.55141,1.52325,1.028160,1,0,204.649,0,0,0,204.649,0
72.29,2.31334,0,0,4.88838,0.314342,2.2607,3.6288,46.3407,0.580065,0,0,0.345574,0.169056,0,0.66528,12.849,1,0.411179,2.2607,0,110.557,4.78978,107.617,0.84672,12.849,0.84672,3695.15,0,36.966,0.458723,0.788685,2.10742,7.42478,1.04624,8.81593,0.42336,36.966,0.42336,423.524,0,1.02816,0,0,1.81685,0.788685,1.028160,1,0,116.433,0,0,0,116.433,0
72.29,2.31344,0,0,4.1217,0.314342,1.49392,3.6288,45.897,0.577881,0,0,0.302511,0.168429,0,0.66528,12.849,1,0.411196,1.49392,0,84.3653,4.78978,80.6582,0.84672,12.849,0.84672,3695.15,0,36.966,0.460975,0.690276,2.1075,6.76469,1.04624,8.05524,0.42336,36.966,0.42336,423.524,0,1.02816,0,0,1.71844,0.690276,1.028160,1,0,88.7135,0,0,0,88.7135,0
72.29,2.31354,0,0,4.26469,0.276622,1.67452,3.6288,45.4686,0.57545,0,0,0.330152,0.183005,0,0.66528,12.849,1,0.411214,1.67452,0,76.8286,5.19347,72.8985,0.84672,12.849,0.84672,3695.15,0,36.966,0.463475,0.774187,2.10757,7.00078,1.1516,8.26746,0.42336,36.966,0.42336,423.524,0,1.02816,0,0,1.80235,0.774187,1.028160,1,0,81.1659,0,0,0,81.1659,0
72.29,2.27821,0,0,4.61946,0.204344,2.1369,3.6288,45.0908,0.558463,0,0,0.362271,0.181615,0,0.66528,12.849,1,0.404935,2.1369,0,88.9272,4.77359,85.8856,0.84672,12.849,0.84672,3695.15,0,36.966,0.45403,0.79596,2.10765,7.65953,1.14746,8.96165,0.42336,36.966,0.42336,423.524,0,1.02816,0,0,1.82412,0.79596,1.028160,1,0,94.8472,0,0,0,94.8472,0
72.29,2.27831,0,0,4.12968,0.171354,1.68001,3.6288,44.7705,0.55641,0,0,0.408024,0.171956,0,0.66528,12.849,1,0.404953,1.68001,0,77.2563,4.23161,74.2997,0.84672,12.849,0.84672,3695.15,0,36.966,0.456151,0.582967,2.07943,7.21319,1.08509,8.33434,0.42336,36.966,0.42336,423.524,0,1.02816,0,0,1.61113,0.582967,1.028160,1,0,82.6341,0,0,0,82.6341,0
72.29,2.27841,0,0,3.91992,0.171354,1.47016,3.6288,44.4054,0.554659,0,0,0.361031,0.171441,0,0.66528,12.849,1,0.404971,1.47016,0,66.1107,4.23161,62.9443,0.84672,12.849,0.84672,3695.15,0,36.966,0.45797,0.454092,2.07951,6.68071,1.08509,7.67124,0.42336,36.966,0.42336,423.524,0,1.02816,0,0,1.48225,0.454092,1.028160,1,0,70.6155,0,0,0,70.6155,0
72.29,2.27851,0,0,3.68789,0.172457,1.23692,3.6288,44.0476,0.552642,0,0,0.352849,0.158021,0,0.66528,12.849,1,0.404988,1.23692,0,64.0803,4.11002,60.8022,0.84672,12.849,0.84672,3695.15,0,36.966,0.460055,0.452304,2.07958,6.62939,1.04475,7.65646,0.42336,36.966,0.42336,423.524,0,1.02816,0,0,1.48046,0.452304,1.028160,1,0,68.4587,0,0,0,68.4587,0
72.29,2.39888,0,0,3.66492,0.150115,1.11592,3.6288,43.7352,0.601752,0,0,0.432739,0.143372,0,0.66528,12.849,1,0.426383,1.11592,0,59.2428,3.96669,55.9656,0.84672,12.849,0.84672,3695.15,0,36.966,0.505007,0.731523,2.07965,6.62602,0.971822,7.96036,0.42336,36.966,0.42336,423.524,0,1.02816,0,0,1.75968,0.731523,1.028160,1,0,63.926,0,0,0,63.926,0
72.29,2.39898,0,0,3.47306,0.150115,0.923956,3.6288,43.3523,0.599836,0,0,0.359873,0.142949,0,0.66528,12.849,1,0.426401,0.923956,0,54.777,3.96669,51.3079,0.84672,12.849,0.84672,3695.15,0,36.966,0.506994,0.475692,2.17889,6.19923,0.971822,7.37499,0.42336,36.966,0.42336,423.524,0,1.02816,0,0,1.50385,0.475692,1.028160,1,0,58.6829,0,0,0,58.6829,0
72.29,2.39909,0,0,3.28176,0.129066,0.753603,3.6288,42.9064,0.620346,0,0,0.342982,0.168553,0,0.66528,12.849,1,0.42642,0.753603,0,49.6168,4.37415,45.5699,0.84672,12.849,0.84672,3695.15,0,36.966,0.528961,0.30119,2.17897,5.1981,1.08093,6.06837,0.42336,36.966,0.42336,423.524,0,0.985755,0,0,1.28695,0.30119,1.028160,1,0,51.6382,0,0,0,51.6382,0
72.29,2.39919,0,0,3.03755,0.0764432,0.561913,3.6288,42.3378,0.659941,0,0,0.324229,0.232867,0,0.66528,12.849,1,0.426438,0.561913,0,47.6321,5.3928,42.3747,0.84672,12.849,0.84672,3695.15,0,36.966,0.568572,0.30119,2.17905,4.81073,1.3537,5.3687,0.42336,36.966,0.42336,423.524,0,0.906621,0,0,1.20781,0.30119,1.028160,1,0,47.7434,0,0,0,47.7434,0
72.29,2.3993,0,0,2.86246,0.0995801,0.363582,3.6288,41.9745,0.591016,0,0,0.416547,0.188885,0,0.66528,12.849,1,0.426457,0.363582,0,52.172,4.70239,47.4068,0.84672,12.849,0.84672,3695.15,0,36.966,0.516028,0.645192,2.17913,4.59807,1.18092,5.72544,0.42336,36.966,0.42336,423.524,0,1.02816,0,0,1.67335,0.645192,1.028160,1,0,53.1322,0,0,0,53.1322,0
72.0935,2.37561,0,0,2.63256,0.0905414,0.36288,3.6288,41.6026,0.616154,0,0,0.429529,0.185295,0,0.66528,12.849,1,0.422247,0.36288,0,48.9434,4.62473,44.2593,0.84672,12.849,0.84672,3695.15,0,36.966,0.542633,0.641615,2.17921,4.38334,1.16324,5.49829,0.42336,36.966,0.42336,423.524,0,1.02816,0,0,1.66978,0.641615,1.028160,1,0,49.7576,0,0,0,49.7576,0
71.727,2.37474,0,0,2.46147,0.09034,0.36288,3.6288,41.2351,0.613624,0,0,0.430834,0.184632,0,0.66528,12.849,1,0.423242,0.36288,0,45.6488,4.62473,40.9637,0.84672,12.849,0.84672,3695.15,0,36.966,0.545236,0.72805,2.21395,4.10079,1.16324,5.33432,0.42336,36.966,0.42336,423.524,0,1.02816,0,0,1.75621,0.72805,1.028160,1,0,46.2981,0,0,0,46.2981,0
71.2567,2.373,0,0,2.3539,0.0883359,0.36288,3.6288,40.8447,0.611101,0,0,0.416323,0.19568,0,0.66528,12.849,1,0.425094,0.36288,0,42.3363,4.79737,37.4768,0.84672,12.849,0.84672,3695.15,0,36.966,0.547833,0.678249,2.21403,3.9706,1.20466,5.11039,0.42336,36.966,0.42336,423.524,0,1.02816,0,0,1.70641,0.678249,1.028160,1,0,42.5871,0,0,0,42.5871,0
70.9049,2.37073,0,0,2.4641,0.0822822,0.36288,3.6288,40.416,0.608391,0,0,0.412521,0.232834,0,0.66528,12.849,1,0.42749,0.36288,0,42.1673,5.3199,36.7828,0.84672,12.849,0.84672,3695.15,0,36.966,0.550617,0.618996,2.21411,3.97732,1.36978,4.89003,0.42336,36.966,0.42336,423.524,0,1.02816,0,0,1.64716,0.618996,1.028160,1,0,41.6729,0,0,0,41.6729,0
70.6625,2.4303,0,0,2.63098,0.0802369,0.36288,3.6288,39.9759,0.629434,0,0,0.432795,0.243474,0,0.66528,12.849,1,0.440406,0.36288,0,41.0755,5.4411,35.5569,0.84672,12.849,0.84672,3695.15,0,36.966,0.575704,0.669816,2.21419,4.00302,1.45186,4.85946,0.42336,36.966,0.42336,423.524,0,1.02816,0,0,1.69798,0.669816,1.028160,1,0,40.4163,0,0,0,40.4163,0
70.1569,2.42913,0,0,2.36651,0.0800877,0.36288,3.6288,39.5132,0.62618,0,0,0.405963,0.242437,0,0.66528,12.849,1,0.441703,0.36288,0,38.7116,5.4411,33.1917,0.84672,12.849,0.84672,3695.15,0,36.966,0.579034,0.615557,2.26342,4.08656,1.45186,4.93464,0.42336,36.966,0.42336,423.524,0,1.02816,0,0,1.64372,0.615557,1.028160,1,0,38.1263,0,0,0,38.1263,0
69.4414,2.42654,0,0,2.15364,0.0797766,0.36288,3.6288,39.0386,0.622716,0,0,0.389448,0.241382,0,0.66528,12.849,1,0.444413,0.36288,0,36.36,5.4411,30.8373,0.84672,12.849,0.84672,3695.15,0,36.966,0.582573,0.460296,2.2635,3.79912,1.45186,4.48848,0.42336,36.966,0.42336,423.524,0,1.02816,0,0,1.48846,0.460296,1.028160,1,0,35.3258,0,0,0,35.3258,0
68.4551,2.42278,0,0,1.86356,0.0641199,0.36288,3.6288,38.561,0.619117,0,0,0.387815,0.246205,0,0.66528,12.849,1,0.448296,0.36288,0,34.6916,5.68292,28.9233,0.84672,12.849,0.84672,3695.15,0,36.966,0.586248,0.443966,2.26358,3.84985,1.48191,4.48923,0.42336,36.966,0.42336,423.524,0,1.02816,0,0,1.47213,0.443966,1.028160,1,0,33.4125,0,0,0,33.4125,0
66.7908,2.5959,0,0,1.36873,0.0742829,0.36288,3.6288,37.9717,0.66528,0,0,0.351,0.27503,0,0.66528,12.849,1,0.48725,0.36288,0,23.5278,5.7812,17.6223,0.84672,12.849,0.84672,3695.15,0,36.966,0.706428,0.32921,2.26366,3.61908,1.56207,3.94346,0.42336,36.966,0.42336,423.524,0,1.02816,0,0,1.35737,0.32921,1.028160,1,0,21.5657,0,0,0,21.5657,0
65.1085,2.58583,0,0,1.33972,0.0733167,0.36288,3.6288,37.3611,0.66528,0,0,0.328173,0.273485,0,0.66528,12.849,1,0.497454,0.36288,0,21.4699,5.7812,15.5541,0.84672,12.849,0.84672,3695.15,0,36.966,0.70651,0.252953,2.43192,3.63243,1.56207,4.04873,0.42336,36.966,0.42336,423.524,0,1.02816,0,0,1.28111,0.252953,1.028160,1,0,19.6028,0,0,0,19.6028,0
64.0445,2.57521,0,0,1.94639,0.0723401,0.36288,3.6288,36.8011,0.66528,0,0,0.377084,0.271885,0,0.66528,12.849,1,0.508211,0.36288,0,24.4528,5.7812,18.5262,0.84672,12.849,0.84672,3695.15,0,36.966,0.706592,0.480652,2.43201,4.02735,1.56207,4.67136,0.42336,36.966,0.42336,423.524,0,1.02816,0,0,1.50881,0.480652,1.028160,1,0,23.1976,0,0,0,23.1976,0
63.8182,2.56828,0,0,2.80537,0.100513,0.36288,3.6288,36.3722,0.66528,0,0,0.49912,0.262746,0,0.66528,12.849,1,0.515265,0.36288,0,39.896,5.64978,34.0938,0.84672,12.849,0.84672,3695.15,0,36.966,0.706674,0.607409,2.4321,4.48364,1.53555,5.28093,0.42336,36.966,0.42336,423.524,0,1.02816,0,0,1.63557,0.607409,1.028160,1,0,39.3747,0,0,0,39.3747,0
63.4671,2.56687,0,0,2.59618,0.0174693,0.36288,3.6288,35.8155,0.66528,0,0,0.408141,0.299503,0,0.66528,12.849,1,0.516808,0.36288,0,43.2183,6.12543,36.939,0.84672,12.849,0.84672,3695.15,0,36.966,0.706756,0.685619,2.43219,4.59092,1.66992,5.33205,0.42336,36.966,0.42336,423.524,0,1.02816,0,0,1.71378,0.685619,1.028160,1,0,42.271,0,0,0,42.271,0
63.0416,2.47868,0,0,2.51091,0.0948543,0.36288,3.6288,35.3553,0.625543,0,0,0.41745,0.252131,0,0.66528,12.849,1,0.501813,0.36288,0,37.5392,4.34741,33.0529,0.84672,12.849,0.84672,3695.15,0,36.966,0.645637,0.816057,2.43227,4.79832,1.24815,6.15286,0.42336,36.966,0.42336,423.524,0,1.02816,0,0,1.84422,0.816057,1.028160,1,0,39.2058,0,0,0,39.2058,0
62.9579,2.47598,0,0,2.884,0.128836,0.36288,3.6288,35.0582,0.621472,0,0,0.569739,0.245388,0,0.66528,12.849,1,0.504648,0.36288,0,37.9357,4.12703,33.6669,0.84672,12.849,0.84672,3695.15,0,36.966,0.649785,1.25261,2.33501,6.6541,1.22309,8.36884,0.42336,36.966,0.42336,423.524,0,1.02816,0,0,2.28077,1.25261,1.028160,1,0,42.0358,0,0,0,42.0358,0
62.7521,2.47553,0,0,2.76138,0.128748,0.36288,3.6288,34.7535,0.61883,0,0,0.558801,0.244672,0,0.66528,12.849,1,0.505227,0.36288,0,50.5806,4.12703,46.3113,0.84672,12.849,0.84672,3695.15,0,36.966,0.652506,1.19048,2.3351,6.65245,1.22309,8.30243,0.42336,36.966,0.42336,423.524,0,1.02816,0,0,2.21864,1.19048,1.028160,1,0,54.6137,0,0,0,54.6137,0
62.9854,2.47426,0,0,3.21318,0.142748,0.36288,3.6288,34.6949,0.616095,0,0,0.777954,0.220432,0,0.66528,12.849,1,0.506624,0.36288,0,85.3528,4.07387,81.1352,0.84672,12.849,0.84672,3695.15,0,36.966,0.655318,2.03706,2.33518,9.60085,1.15279,12.165,0.42336,36.966,0.42336,423.524,0,1.02816,0,0,3.06522,2.03706,1.028160,1,0,93.3002,0,0,0,93.3002,0
63.865,2.40548,0,0,3.82656,0.178629,0.36288,3.6288,34.8497,0.571107,0,0,0.887505,0.161576,0,0.66528,12.849,1,0.490716,0.36288,0,89.9053,3.94096,85.8364,0.84672,12.849,0.84672,3695.15,0,36.966,0.608491,2.87173,2.33527,12.1283,0.977039,15.7498,0.42336,36.966,0.42336,423.524,0,1.02816,0,0,3.89989,2.87173,1.028160,1,0,101.586,0,0,0,101.586,0
65.5317,2.41121,0,0,4.62072,0.179911,0.36288,3.6288,35.2011,0.572455,0,0,1.08571,0.161824,0,0.66528,12.849,1,0.485111,0.36288,0,144.338,3.94096,140.275,0.84672,12.849,0.84672,3695.15,0,36.966,0.607218,3.69719,2.24846,14.7046,0.977039,19.066,0.42336,36.966,0.42336,423.524,0,1.02816,0,0,4.72535,3.69719,1.028160,1,0,159.341,0,0,0,159.341,0
66.6475,2.42163,0,0,4.11682,0.216511,0.36288,3.6288,35.4248,0.575448,0,0,0.973356,0.174253,0,0.66528,12.849,1,0.474815,0.36288,0,145.886,4.15882,141.616,0.84672,12.849,0.84672,3695.15,0,36.966,0.604299,3.21461,2.24854,13.5328,1.02742,17.3643,0.42336,36.966,0.42336,423.524,0,1.02816,0,0,4.24277,3.21461,1.028160,1,0,158.98,0,0,0,158.98,0
67.9803,2.42839,0,0,4.35046,0.226385,0.36288,3.6288,35.6644,0.577352,0,0,1.00159,0.184622,0,0.66528,12.849,1,0.468171,0.36288,0,129.622,4.2438,125.273,0.84672,12.849,0.84672,3695.15,0,36.966,0.60247,3.0659,2.24862,13.4319,1.04039,17.1036,0.42336,36.966,0.42336,423.524,0,1.02816,0,0,4.09406,3.0659,1.028160,1,0,142.376,0,0,0,142.376,0
69.7791,2.23359,0,0,4.65133,0.256131,0.36288,3.6288,36.5678,0.485383,0,0,1.60157,0.212795,0,0.66528,12.849,1,0.422172,0.36288,0,144.03,4.25292,139.717,0.84672,12.849,0.84672,3695.15,0,36.966,0.503097,4.74229,2.2487,17.1583,1.05029,22.5959,0.42336,36.966,0.42336,423.524,0,1.02816,0,0,5.77045,4.74229,1.028160,1,0,162.313,0,0,0,162.313,0
72.29,2.24288,0,0,6.82122,0.259745,1.80766,3.6288,39.8459,0.491597,0,0,3.98433,0.214679,0,0.66528,12.849,1,0.413,1.80766,0,187.907,4.25292,185.049,0.84672,12.849,0.84672,3695.15,0,36.966,0.49695,10.3194,2.05575,34.8968,1.05029,45.7247,0.42336,36.966,0.42336,423.524,0,1.02816,0,0,11.3476,10.3194,1.028160,1,0,230.773,0,0,0,230.773,0
72.29,2.25516,0,0,8.52535,0.26479,6.0054,3.6288,41.0674,0.512839,0,0,1.95589,0.221516,0,0.66528,12.849,1,0.400837,6.0054,0,231.149,4.25292,232.5,0.84672,12.849,0.84672,3695.15,0,36.966,0.475774,5.63063,2.05582,21.7809,1.05029,27.9413,0.42336,36.966,0.42336,423.524,0,1.02816,0,0,6.65879,5.63063,1.028160,1,0,260.441,0,0,0,260.441,0
72.29,2.25525,0,0,6.25149,0.255528,3.74071,3.6288,41.9301,0.520322,0,0,1.57111,0.188054,0,0.66528,12.849,1,0.400854,3.74071,0,147.697,4.5403,146.497,0.84672,12.849,0.84672,3695.15,0,36.966,0.468358,4.4537,2.05589,15.7365,1.11509,20.6626,0.42336,36.966,0.42336,423.524,0,1.02816,0,0,5.48186,4.4537,1.028160,1,0,167.159,0,0,0,167.159,0
72.29,2.25535,0,0,5.23393,0.24561,2.73297,3.6288,42.2995,0.525479,0,0,1.08027,0.185402,0,0.66528,12.849,1,0.400872,2.73297,0,110.021,4.17921,108.174,0.84672,12.849,0.84672,3695.15,0,36.966,0.463268,4.85422,2.05597,13.2083,1.03577,18.6195,0.42336,36.966,0.42336,423.524,0,1.02816,0,0,5.88238,4.85422,1.028160,1,0,126.793,0,0,0,126.793,0
72.29,2.33415,0,0,8.87776,0.268736,6.27487,3.6288,42.7565,0.557257,0,0,1.18821,0.173945,0,0.66528,12.849,1,0.414877,6.27487,0,160.739,3.6016,162.997,0.84672,12.849,0.84672,3695.15,0,36.966,0.486993,5.96711,2.05604,18.4374,1.00068,24.9729,0.42336,36.966,0.42336,423.524,0,1.02816,0,0,6.99527,5.96711,1.028160,1,0,187.97,0,0,0,187.97,0
72.29,2.33424,0,0,7.647,0.268736,5.04403,3.6288,43.3634,0.560081,0,0,1.34166,0.174708,0,0.66528,12.849,1,0.414893,5.04403,0,171.412,3.6016,172.44,0.84672,12.849,0.84672,3695.15,0,36.966,0.484229,6.50203,2.11631,22.6406,1.00068,29.774,0.42336,36.966,0.42336,423.524,0,1.02816,0,0,7.53019,6.50203,1.028160,1,0,202.214,0,0,0,202.214,0
72.29,2.33432,0,0,7.49218,0.268736,4.88912,3.6288,43.8902,0.563771,0,0,1.26633,0.175721,0,0.66528,12.849,1,0.414908,4.88912,0,191.565,3.6016,192.438,0.84672,12.849,0.84672,3695.15,0,36.966,0.480598,6.55102,2.11638,21.2293,1.00068,28.4155,0.42336,36.966,0.42336,423.524,0,1.02816,0,0,7.57918,6.55102,1.028160,1,0,220.853,0,0,0,220.853,0
72.29,2.33441,0,0,10.8765,0.265884,8.27617,3.6288,44.338,0.566935,0,0,1.18435,0.169614,0,0.66528,12.849,1,0.414924,8.27617,0,217.168,3.58695,221.442,0.84672,12.849,0.84672,3695.15,0,36.966,0.477494,7.23603,2.11644,24.397,0.994288,32.2777,0.42336,36.966,0.42336,423.524,0,1.02816,0,0,8.26419,7.23603,1.028160,1,0,253.72,0,0,0,253.72,0
72.29,2.58724,0,0,8.94689,0.248771,6.11088,3.6288,44.6915,0.66528,0,0,1.147,0.128235,0,0.66528,12.849,1,0.459863,6.11088,0,199.47,3.49902,201.622,0.84672,12.849,0.84672,3695.15,0,36.966,0.587352,7.89964,2.11651,23.7437,0.955955,32.2165,0.42336,36.966,0.42336,423.524,0,1.02816,0,0,8.9278,7.89964,1.028160,1,0,233.838,0,0,0,233.838,0
72.29,2.58734,0,0,6.07897,0.248771,3.24287,3.6288,44.6851,0.66528,0,0,0.787558,0.128662,0,0.66528,12.849,1,0.45988,3.24287,0,114.596,3.49902,113.88,0.84672,12.849,0.84672,3695.15,0,36.966,0.587418,3.15554,2.33317,12.8701,0.955955,16.8155,0.42336,36.966,0.42336,423.524,0,1.02816,0,0,4.1837,3.15554,1.028160,1,0,130.695,0,0,0,130.695,0
72.29,2.58743,0,0,5.02155,0.248771,2.18535,3.6288,44.558,0.66528,0,0,0.666766,0.128654,0,0.66528,12.849,1,0.459897,2.18535,0,80.2077,3.49902,78.4341,0.84672,12.849,0.84672,3695.15,0,36.966,0.587484,2.37917,2.33324,10.2509,0.955955,13.4199,0.42336,36.966,0.42336,423.524,0,1.02816,0,0,3.40733,2.37917,1.028160,1,0,91.854,0,0,0,91.854,0
72.29,2.58753,0,0,4.88819,0.235622,2.06504,3.6288,44.481,0.66528,0,0,0.733925,0.145607,0,0.66528,12.849,1,0.459914,2.06504,0,88.3345,3.43323,86.5064,0.84672,12.849,0.84672,3695.15,0,36.966,0.587551,2.84229,2.33331,10.6495,0.972498,14.265,0.42336,36.966,0.42336,423.524,0,1.02816,0,0,3.87045,2.84229,1.028160,1,0,100.771,0,0,0,100.771,0
72.29,2.22708,0,0,4.53315,0.293534,2.01254,3.6288,44.6372,0.531677,0,0,0.769254,0.0813552,0,0.66528,12.849,1,0.395847,2.01254,0,151.579,2.67351,150.522,0.84672,12.849,0.84672,3695.15,0,36.966,0.441851,4.36222,2.33338,12.0248,0.750712,17.5278,0.42336,36.966,0.42336,423.524,0,1.02816,0,0,5.39038,4.36222,1.028160,1,0,168.05,0,0,0,168.05,0
72.29,2.22716,0,0,6.19942,0.293534,3.67873,3.6288,44.8389,0.532555,0,0,0.815668,0.0814747,0,0.66528,12.849,1,0.395861,3.67873,0,168.527,2.67351,169.136,0.84672,12.849,0.84672,3695.15,0,36.966,0.441031,3.81521,2.03804,13.7109,0.750712,18.3724,0.42336,36.966,0.42336,423.524,0,1.02816,0,0,4.84337,3.81521,1.028160,1,0,187.508,0,0,0,187.508,0
72.29,2.22725,0,0,5.21904,0.254282,2.73752,3.6288,45.066,0.533673,0,0,0.858946,0.0981255,0,0.66528,12.849,1,0.395876,2.73752,0,160.701,3.40542,159.637,0.84672,12.849,0.84672,3695.15,0,36.966,0.43997,5.31118,2.0381,12.5493,0.936171,18.5224,0.42336,36.966,0.42336,423.524,0,1.02816,0,0,6.33934,5.31118,1.028160,1,0,178.159,0,0,0,178.159,0
72.29,2.22733,0,0,6.55585,0.265194,4.06333,3.6288,45.3583,0.534923,0,0,0.913645,0.0864536,0,0.66528,12.849,1,0.395891,4.06333,0,128.69,3.88773,128.47,0.84672,12.849,0.84672,3695.15,0,36.966,0.438777,3.58237,2.03817,12.1673,0.897947,16.4511,0.42336,36.966,0.42336,423.524,0,1.02816,0,0,4.61053,3.58237,1.028160,1,0,144.921,0,0,0,144.921,0
72.29,2.22741,0,0,8.14164,0.331934,5.5823,3.6288,46.6282,0.536512,0,0,1.90796,0.101556,0,0.66528,12.849,1,0.395906,5.5823,0,138.822,3.65516,140.354,0.84672,12.849,0.84672,3695.15,0,36.966,0.437245,5.6635,2.03823,15.015,0.935597,21.3439,0.42336,36.966,0.42336,423.524,0,1.02816,0,0,6.69166,5.6635,1.028160,1,0,161.697,0,0,0,161.697,0
72.29,2.31827,0,0,6.17078,0.358631,3.49389,3.6288,46.9275,0.581314,0,0,0.98941,0.108776,0,0.66528,12.849,1,0.412054,3.49389,0,146.486,3.56213,146.006,0.84672,12.849,0.84672,3695.15,0,36.966,0.460855,3.15092,2.03829,12.6706,0.950657,16.4483,0.42336,36.966,0.42336,423.524,0,1.02816,0,0,4.17908,3.15092,1.028160,1,0,162.454,0,0,0,162.454,0
72.29,2.31835,0,0,5.46867,0.340775,2.80954,3.6288,47.0174,0.582991,0,0,0.790521,0.117628,0,0.66528,12.849,1,0.41207,2.80954,0,148.58,3.67847,147.299,0.84672,12.849,0.84672,3695.15,0,36.966,0.459237,2.66196,2.1112,12.4302,0.973557,15.7706,0.42336,36.966,0.42336,423.524,0,1.02816,0,0,3.69012,2.66196,1.028160,1,0,163.07,0,0,0,163.07,0
72.29,2.31844,0,0,5.11173,0.296135,2.49716,3.6288,47.2407,0.583516,0,0,0.945916,0.139154,0,0.66528,12.849,1,0.412085,2.49716,0,112.696,3.96931,110.812,0.84672,12.849,0.84672,3695.15,0,36.966,0.458772,3.04592,2.11126,12.5435,1.03081,16.2111,0.42336,36.966,0.42336,423.524,0,1.02816,0,0,4.07408,3.04592,1.028160,1,0,127.023,0,0,0,127.023,0
72.29,2.31853,0,0,4.82509,0.295442,2.21112,3.6288,47.258,0.584766,0,0,0.754004,0.151897,0,0.66528,12.849,1,0.4121,2.21112,0,110.341,3.86573,108.275,0.84672,12.849,0.84672,3695.15,0,36.966,0.457582,2.22839,2.11133,9.17093,1.04309,12.01,0.42336,36.966,0.42336,423.524,0,1.02816,0,0,3.25655,2.22839,1.028160,1,0,120.285,0,0,0,120.285,0
72.29,2.28312,0,0,5.08326,0.294518,2.50562,3.6288,47.4486,0.569995,0,0,0.929172,0.168564,0,0.66528,12.849,1,0.405807,2.50562,0,113.421,3.72761,111.793,0.84672,12.849,0.84672,3695.15,0,36.966,0.44586,2.16745,2.11139,10.3882,1.05947,13.1617,0.42336,36.966,0.42336,423.524,0,1.02816,0,0,3.19561,2.16745,1.028160,1,0,124.955,0,0,0,124.955,0
72.29,2.2832,0,0,4.55122,0.294518,1.9735,3.6288,47.59,0.571035,0,0,0.881302,0.168833,0,0.66528,12.849,1,0.405822,1.9735,0,101.689,3.72761,99.5294,0.84672,12.849,0.84672,3695.15,0,36.966,0.444879,1.93673,2.08311,10.0671,1.05947,12.5826,0.42336,36.966,0.42336,423.524,0,1.02816,0,0,2.96489,1.93673,1.028160,1,0,112.112,0,0,0,112.112,0
72.29,2.28329,0,0,4.35951,0.228371,1.84785,3.6288,47.6856,0.571812,0,0,0.850012,0.182602,0,0.66528,12.849,1,0.405837,1.84785,0,93.9669,4.0283,91.3806,0.84672,12.849,0.84672,3695.15,0,36.966,0.44416,1.77221,2.08317,9.65477,1.16616,11.8998,0.42336,36.966,0.42336,423.524,0,1.02816,0,0,2.80037,1.77221,1.028160,1,0,103.28,0,0,0,103.28,0
72.29,2.28337,0,0,4.21383,0.261635,1.66882,3.6288,47.7852,0.572346,0,0,0.843337,0.171414,0,0.66528,12.849,1,0.405852,1.66882,0,89.9217,5.37681,85.8078,0.84672,12.849,0.84672,3695.15,0,36.966,0.443684,1.90183,2.08324,9.10535,1.09544,11.5513,0.42336,36.966,0.42336,423.524,0,1.02816,0,0,2.92999,1.90183,1.028160,1,0,97.3591,0,0,0,97.3591,0
72.29,2.40396,0,0,3.7269,0.217926,1.10501,3.6288,47.6359,0.625998,0,0,0.684491,0.207799,0,0.66528,12.849,1,0.427285,1.10501,0,72.4334,4.70916,68.402,0.84672,12.849,0.84672,3695.15,0,36.966,0.484264,1.32957,2.0833,7.59871,1.06873,9.45858,0.42336,36.966,0.42336,423.524,0,1.02816,0,0,2.35773,1.32957,1.028160,1,0,77.8606,0,0,0,77.8606,0
72.29,2.40405,0,0,3.51801,0.183674,0.930288,3.6288,47.433,0.625178,0,0,0.639334,0.217076,0,0.66528,12.849,1,0.427301,0.930288,0,61.3227,4.88817,56.9376,0.84672,12.849,0.84672,3695.15,0,36.966,0.485145,1.11444,2.18272,7.37873,1.14479,9.04596,0.42336,36.966,0.42336,423.524,0,1.02816,0,0,2.1426,1.11444,1.028160,1,0,65.9835,0,0,0,65.9835,0
72.29,2.40414,0,0,3.46993,0.183674,0.882117,3.6288,47.2335,0.624047,0,0,0.641218,0.216708,0,0.66528,12.849,1,0.427317,0.882117,0,58.0273,4.88817,53.5939,0.84672,12.849,0.84672,3695.15,0,36.966,0.486339,1.20531,2.18279,7.02484,1.14479,8.78181,0.42336,36.966,0.42336,423.524,0,1.02816,0,0,2.23347,1.20531,1.028160,1,0,62.3757,0,0,0,62.3757,0
72.29,2.40423,0,0,3.11256,0.198425,0.509908,3.6288,47.0092,0.622929,0,0,0.611431,0.212779,0,0.66528,12.849,1,0.427333,0.509908,0,54.8005,4.63433,50.2487,0.84672,12.849,0.84672,3695.15,0,36.966,0.487518,1.21781,2.18285,6.46998,1.15458,8.22854,0.42336,36.966,0.42336,423.524,0,1.02816,0,0,2.24597,1.21781,1.028160,1,0,58.4773,0,0,0,58.4773,0
71.9403,2.40432,0,0,2.5709,0.153369,0.36288,3.6288,46.6528,0.621661,0,0,0.513812,0.248542,0,0.66528,12.849,1,0.427349,0.36288,0,44.5636,4.96261,39.5365,0.84672,12.849,0.84672,3695.15,0,36.966,0.488848,1.01455,2.18292,5.22831,1.2487,6.68824,0.42336,36.966,0.42336,423.524,0,1.02816,0,0,2.04271,1.01455,1.028160,1,0,46.2247,0,0,0,46.2247,0
71.3827,2.37883,0,0,2.31118,0.12714,0.36288,3.6288,46.1939,0.648494,0,0,0.453686,0.264093,0,0.66528,12.849,1,0.424873,0.36288,0,41.9347,5.22931,36.6434,0.84672,12.849,0.84672,3695.15,0,36.966,0.513844,0.800306,2.18299,4.99132,1.28113,6.17964,0.42336,36.966,0.42336,423.524,0,1.02816,0,0,1.82847,0.800306,1.028160,1,0,42.823,0,0,0,42.823,0
70.6302,2.3761,0,0,2.11308,0.126601,0.36288,3.6288,45.728,0.645694,0,0,0.4428,0.262977,0,0.66528,12.849,1,0.427702,0.36288,0,41.3426,5.22931,36.0484,0.84672,12.849,0.84672,3695.15,0,36.966,0.516708,0.833864,2.21779,4.92995,1.28113,6.18377,0.42336,36.966,0.42336,423.524,0,1.02816,0,0,1.86202,0.833864,1.028160,1,0,42.2322,0,0,0,42.2322,0
69.7003,2.37233,0,0,1.93119,0.125873,0.36288,3.6288,45.2374,0.642818,0,0,0.414076,0.261844,0,0.66528,12.849,1,0.431574,0.36288,0,38.8865,5.22931,33.5885,0.84672,12.849,0.84672,3695.15,0,36.966,0.519647,0.563129,2.21786,4.69125,1.28113,5.67147,0.42336,36.966,0.42336,423.524,0,1.02816,0,0,1.59129,0.563129,1.028160,1,0,39.2599,0,0,0,39.2599,0
68.6961,2.36756,0,0,1.83512,0.108817,0.36288,3.6288,44.6907,0.639752,0,0,0.385435,0.292416,0,0.66528,12.849,1,0.436451,0.36288,0,42.0213,5.7496,36.1982,0.84672,12.849,0.84672,3695.15,0,36.966,0.522777,0.520569,2.21793,4.29855,1.4595,5.05477,0.42336,36.966,0.42336,423.524,0,1.02816,0,0,1.54873,0.520569,1.028160,1,0,41.2529,0,0,0,41.2529,0
67.6096,2.42335,0,0,1.80004,0.100308,0.36288,3.6288,44.0786,0.66154,0,0,0.351657,0.302204,0,0.66528,12.849,1,0.453266,0.36288,0,34.8011,6.06228,28.6484,0.84672,12.849,0.84672,3695.15,0,36.966,0.547194,0.573238,2.218,3.82421,1.54476,4.52349,0.42336,36.966,0.42336,423.524,0,1.02816,0,0,1.6014,0.573238,1.028160,1,0,33.1719,0,0,0,33.1719,0
66.4127,2.41732,0,0,1.6827,0.0994578,0.36288,3.6288,43.4461,0.657443,0,0,0.325356,0.300469,0,0.66528,12.849,1,0.459404,0.36288,0,33.0907,6.06228,26.9319,0.84672,12.849,0.84672,3695.15,0,36.966,0.551357,0.435439,2.2673,3.35561,1.54476,3.96224,0.42336,36.966,0.42336,423.524,0,1.02816,0,0,1.4636,0.435439,1.028160,1,0,30.8941,0,0,0,30.8941,0
65.2009,2.41047,0,0,1.6601,0.0985213,0.36288,3.6288,42.8462,0.653141,0,0,0.352007,0.298675,0,0.66528,12.849,1,0.466359,0.36288,0,30.7049,6.06228,24.5392,0.84672,12.849,0.84672,3695.15,0,36.966,0.555724,0.534073,2.26737,3.79483,1.54476,4.4958,0.42336,36.966,0.42336,423.524,0,1.02816,0,0,1.56223,0.534073,1.028160,1,0,29.035,0,0,0,29.035,0
64.1452,2.40332,0,0,1.7913,0.0807955,0.36288,3.6288,42.2889,0.648999,0,0,0.371879,0.280191,0,0.66528,12.849,1,0.473617,0.36288,0,31.648,6.30386,25.2334,0.84672,12.849,0.84672,3695.15,0,36.966,0.55993,0.697127,2.26744,4.68115,1.61454,5.47125,0.42336,36.966,0.42336,423.524,0,1.02816,0,0,1.72529,0.697127,1.028160,1,0,30.7046,0,0,0,30.7046,0
62.5227,2.57382,0,0,1.40019,0.0860153,0.36288,3.6288,41.5289,0.707556,0,0,0.243189,0.295623,0,0.66528,12.849,1,0.515565,0.36288,0,21.3335,6.18789,14.993,0.84672,12.849,0.84672,3695.15,0,36.966,0.710289,0.227405,2.26751,3.35288,1.55063,3.58688,0.42336,36.966,0.42336,423.524,0,0.985884,0,0,1.21329,0.227405,1.028160,1,0,18.5798,0,0,0,18.5798,0
61.0342,2.56282,0,0,1.52309,0.0858932,0.36288,3.6288,40.8496,0.66528,0,0,0.28385,0.297889,0,0.66528,12.849,1,0.526683,0.36288,0,25.4038,6.1699,19.0701,0.84672,12.849,0.84672,3695.15,0,36.966,0.710359,0.398866,2.43607,3.69505,1.53881,4.28082,0.42336,36.966,0.42336,423.524,0,1.02816,0,0,1.42703,0.398866,1.028160,1,0,23.3509,0,0,0,23.3509,0
59.2577,2.5523,0,0,1.22359,0.0848455,0.36288,3.6288,39.9099,0.849145,0,0,0.205307,0.295932,0,0.66528,12.849,1,0.537313,0.36288,0,24.8235,6.1699,18.4792,0.84672,12.849,0.84672,3695.15,0,36.966,0.768416,0.204422,2.43615,2.96629,1.53881,3.29964,0.42336,36.966,0.42336,423.524,0,0.786309,0,0,0.990732,0.204422,1.028160,1,0,21.7788,0,0,0,21.7788,0
57.7961,2.53915,0,0,1.52384,0.0834896,0.36288,3.6288,39.3022,0.66528,0,0,0.3509,0.293246,0,0.66528,12.849,1,0.550571,0.36288,0,22.6714,6.1699,16.3138,0.84672,12.849,0.84672,3695.15,0,36.966,0.7105,0.845916,2.43622,4.58644,1.53881,5.61927,0.42336,36.966,0.42336,423.524,0,1.02816,0,0,1.87408,0.845916,1.028160,1,0,21.9331,0,0,0,21.9331,0
56.1131,2.52786,0,0,1.23835,0.0305819,0.36288,3.6288,38.5687,0.66528,0,0,0.235137,0.303334,0,0.66528,12.849,1,0.561983,0.36288,0,19.9116,6.21181,13.5007,0.84672,12.849,0.84672,3695.15,0,36.966,0.710571,0.224467,2.4363,3.62609,1.50768,4.0686,0.42336,36.966,0.42336,423.524,0,1.02816,0,0,1.25263,0.224467,1.028160,1,0,17.5693,0,0,0,17.5693,0
54.4623,2.43001,0,0,1.22918,0.0870873,0.36288,3.6288,37.8942,0.650925,0,0,0.242438,0.266067,0,0.66528,12.849,1,0.556434,0.36288,0,18.703,4.9983,13.5112,0.84672,12.849,0.84672,3695.15,0,36.966,0.623875,0.247311,2.43637,3.09944,1.25962,3.89963,0.42336,36.966,0.42336,423.524,0,1.02816,0,0,1.27547,0.247311,1.028160,1,0,17.4108,0,0,0,17.4108,0
52.9775,2.41646,0,0,1.41185,0.117334,0.36288,3.6288,37.3211,0.645337,0,0,0.330877,0.25861,0,0.66528,12.849,1,0.570102,0.36288,0,18.9006,4.77792,13.9155,0.84672,12.849,0.84672,3695.15,0,36.966,0.62953,0.549236,2.33893,4.29818,1.23456,5.32226,0.42336,36.966,0.42336,423.524,0,1.02816,0,0,1.5774,0.549236,1.028160,1,0,19.2377,0,0,0,19.2377,0
51.4471,2.40369,0,0,1.35181,0.115575,0.36288,3.6288,36.7479,0.640515,0,0,0.324521,0.257189,0,0.66528,12.849,1,0.582983,0.36288,0,25.2005,4.77792,20.2024,0.84672,12.849,0.84672,3695.15,0,36.966,0.63442,0.506252,2.339,4.29706,1.23456,5.27334,0.42336,36.966,0.42336,423.524,0,1.02816,0,0,1.53441,0.506252,1.028160,1,0,25.4758,0,0,0,25.4758,0
50.0577,2.3899,0,0,1.47607,0.112728,0.36288,3.6288,36.2814,0.635615,0,0,0.413392,0.244366,0,0.66528,12.849,1,0.596881,0.36288,0,46.5491,4.65795,41.6572,0.84672,12.849,0.84672,3695.15,0,36.966,0.639387,0.77423,2.33907,5.47697,1.18555,6.76534,0.42336,36.966,0.42336,423.524,0,1.02816,0,0,1.80239,0.77423,1.028160,1,0,48.4225,0,0,0,48.4225,0
48.1679,2.30919,0,0,0.997626,0.215365,0.36288,3.6288,35.5378,0.769461,0,0,0.189387,0.163524,0,0.66528,12.849,1,0.592731,0.36288,0,21.7522,4.07442,17.448,0.84672,12.849,0.84672,3695.15,0,36.966,0.783981,0.216518,2.33915,3.11531,1.06512,3.82187,0.42336,36.966,0.42336,423.524,0,0.657729,0,0,0.874247,0.216518,1.028160,1,0,21.2698,0,0,0,21.2698,0
46.1279,2.29092,0,0,0.824818,0.211034,0.36288,3.6288,34.8138,0.724801,0,0,0.163185,0.162339,0,0.66528,12.849,1,0.611112,0.36288,0,17.4449,4.07442,13.1223,0.84672,12.849,0.84672,3695.15,0,36.966,0.75393,0.216518,2.25217,3.02184,1.06512,3.67147,0.42336,36.966,0.42336,423.524,0,0.732504,0,0,0.949022,0.216518,1.028160,1,0,16.7938,0,0,0,16.7938,0
45.3861,2.26986,0,0,2.0973,0.206345,0.36288,3.6288,34.6012,0.573832,0,0,0.522453,0.161186,0,0.66528,12.849,1,0.632274,0.36288,0,48.6704,4.07442,44.3266,0.84672,12.849,0.84672,3695.15,0,36.966,0.609307,1.8596,2.25224,7.06216,1.06512,9.49958,0.42336,36.966,0.42336,423.524,0,1.02816,0,0,2.88776,1.8596,1.028160,1,0,53.8262,0,0,0,53.8262,0
45.0069,2.26189,0,0,2.46796,0.222374,0.36288,3.6288,34.5547,0.572054,0,0,0.673864,0.14831,0,0.66528,12.849,1,0.640351,0.36288,0,58.0683,3.85677,53.9341,0.84672,12.849,0.84672,3695.15,0,36.966,0.61115,0.855628,2.25231,7.15487,1.00347,8.64819,0.42336,36.966,0.42336,423.524,0,1.02816,0,0,1.88379,0.855628,1.028160,1,0,62.5823,0,0,0,62.5823,0
44.6484,2.07003,0,0,2.31485,0.240503,0.36288,3.6288,34.2687,0.479042,0,0,0.338896,0.145934,0,0.66528,12.849,1,0.590971,0.36288,0,56.5916,3.7855,52.578,0.84672,12.849,0.84672,3695.15,0,36.966,0.51247,0.431464,2.25238,4.30751,0.888534,5.59035,0.42336,36.966,0.42336,423.524,0,1.02816,0,0,1.45962,0.431464,1.028160,1,0,58.1683,0,0,0,58.1683,0
44.2125,2.06642,0,0,2.22884,0.235369,0.36288,3.6288,34.0253,0.477012,0,0,0.383974,0.150344,0,0.66528,12.849,1,0.594678,0.36288,0,53.8739,3.86431,49.7778,0.84672,12.849,0.84672,3695.15,0,36.966,0.514558,0.650341,2.05907,5.54549,0.895067,6.84527,0.42336,36.966,0.42336,423.524,0,1.02816,0,0,1.6785,0.650341,1.028160,1,0,56.6231,0,0,0,56.6231,0
43.4515,2.06195,0,0,1.89805,0.234207,0.36288,3.6288,33.6127,0.488406,0,0,0.225774,0.14998,0,0.66528,12.849,1,0.599243,0.36288,0,40.5893,3.86431,36.4887,0.84672,12.849,0.84672,3695.15,0,36.966,0.530618,0.412474,2.05913,4.89795,0.895067,5.94387,0.42336,36.966,0.42336,423.524,0,1.00076,0,0,1.41324,0.412474,1.028160,1,0,42.4325,0,0,0,42.4325,0
42.7232,2.0139,0,0,1.87712,0.228648,0.36288,3.6288,33.024,0.582552,0,0,0.129678,0.135751,0,0.66528,12.849,1,0.595528,0.36288,0,44.3098,3.51624,40.5609,0.84672,12.849,0.84672,3695.15,0,36.966,0.64067,0.412474,2.0592,4.08939,0.783098,5.13729,0.42336,36.966,0.42336,423.524,0,0.766567,0,0,1.17904,0.412474,1.028160,1,0,45.6982,0,0,0,45.6982,0
43.0245,1.84667,0,0,2.7277,0.216932,0.36288,3.6288,32.8266,0.397031,0,0,0.355536,0.155894,0,0.66528,12.849,1,0.555384,0.36288,0,51.5506,3.75911,47.599,0.84672,12.849,0.84672,3695.15,0,36.966,0.444423,0.573558,2.02632,5.5951,0.853698,6.89685,0.42336,36.966,0.42336,423.524,0,1.02816,0,0,1.60172,0.573558,1.028160,1,0,54.4958,0,0,0,54.4958,0
45.5602,1.91497,0,0,5.01816,0.204572,0.36288,3.6288,32.9474,0.419633,0,0,0.723838,0.183503,0,0.66528,12.849,1,0.571894,0.36288,0,93.4053,4.08293,89.1134,0.84672,12.849,0.84672,3695.15,0,36.966,0.472547,1.6259,1.89461,8.77228,0.947831,10.8724,0.42336,36.966,0.42336,423.524,0,1.02816,0,0,2.65406,1.6259,1.028160,1,0,99.9858,0,0,0,99.9858,0
46.9966,1.93986,0,0,3.94972,0.210557,0.36288,3.6288,33.176,0.42047,0,0,0.832892,0.183743,0,0.66528,12.849,1,0.547084,0.36288,0,81.0525,4.08293,76.7854,0.84672,12.849,0.84672,3695.15,0,36.966,0.471756,1.94792,1.94969,6.89786,0.947831,9.37588,0.42336,36.966,0.42336,423.524,0,1.02816,0,0,2.97608,1.94792,1.028160,1,0,86.1613,0,0,0,86.1613,0
47.517,1.95305,0,0,3.05025,0.213948,0.36288,3.6288,33.2791,0.42203,0,0,0.709331,0.184196,0,0.66528,12.849,1,0.533969,0.36288,0,50.4113,4.08293,46.1573,0.84672,12.849,0.84672,3695.15,0,36.966,0.470242,1.58182,1.94974,5.93038,0.947831,8.04387,0.42336,36.966,0.42336,423.524,0,1.02816,0,0,2.60998,1.58182,1.028160,1,0,54.2011,0,0,0,54.2011,0
47.7374,1.95772,0,0,2.79813,0.257172,0.36288,3.6288,33.234,0.422741,0,0,0.535889,0.15828,0,0.66528,12.849,1,0.529383,0.36288,0,62.7302,3.97275,58.5909,0.84672,12.849,0.84672,3695.15,0,36.966,0.469575,0.861244,1.94979,7.93026,0.860673,9.41105,0.42336,36.966,0.42336,423.524,0,1.02816,0,0,1.8894,0.861244,1.028160,1,0,68.002,0,0,0,68.002,0
48.1955,2.17409,0,0,3.23987,0.244715,0.36288,3.6288,33.1209,0.512532,0,0,0.579919,0.180494,0,0.66528,12.849,1,0.585178,0.36288,0,60.6824,3.9038,56.5563,0.84672,12.849,0.84672,3695.15,0,36.966,0.570087,0.785886,1.94984,5.98988,0.942261,7.21326,0.42336,36.966,0.42336,423.524,0,1.02816,0,0,1.81405,0.785886,1.028160,1,0,63.7695,0,0,0,63.7695,0
50.673,2.17855,0,0,5.26478,0.245942,0.36288,3.6288,33.4085,0.511636,0,0,0.979474,0.180274,0,0.66528,12.849,1,0.580804,0.36288,0,94.4879,3.9038,90.3662,0.84672,12.849,0.84672,3695.15,0,36.966,0.571034,2.40247,2.14787,8.00037,0.942261,11.0374,0.42336,36.966,0.42336,423.524,0,1.02816,0,0,3.43063,2.40247,1.028160,1,0,101.404,0,0,0,101.404,0
51.9813,2.20127,0,0,4.12503,0.252545,0.36288,3.6288,33.4218,0.513994,0,0,0.708139,0.180833,0,0.66528,12.849,1,0.558169,0.36288,0,76.3171,3.9038,72.218,0.84672,12.849,0.84672,3695.15,0,36.966,0.568727,1.95869,2.14793,6.0039,0.942261,8.59953,0.42336,36.966,0.42336,423.524,0,1.02816,0,0,2.98685,1.95869,1.028160,1,0,80.8176,0,0,0,80.8176,0
52.1219,2.2126,0,0,2.97206,0.256014,0.36288,3.6288,33.136,0.514125,0,0,0.409163,0.180859,0,0.66528,12.849,1,0.546922,0.36288,0,54.9634,3.9038,50.8755,0.84672,12.849,0.84672,3695.15,0,36.966,0.568646,0.931254,2.14798,4.90396,0.942261,6.47229,0.42336,36.966,0.42336,423.524,0,1.02816,0,0,1.95941,0.931254,1.028160,1,0,57.3478,0,0,0,57.3478,0
54.7414,1.90248,0,0,5.14747,0.26261,0.36288,3.6288,33.183,0.391129,0,0,0.606455,0.168229,0,0.66528,12.849,1,0.468997,0.36288,0,61.4958,3.86599,57.5237,0.84672,12.849,0.84672,3695.15,0,36.966,0.436338,1.54886,2.14804,6.6534,0.969404,8.94456,0.42336,36.966,0.42336,423.524,0,1.02816,0,0,2.57702,1.54886,1.028160,1,0,66.4683,0,0,0,66.4683,0
57.0246,1.92072,0,0,4.83662,0.269725,0.36288,3.6288,33.359,0.391442,0,0,0.735744,0.168315,0,0.66528,12.849,1,0.450835,0.36288,0,72.4404,3.86599,68.4864,0.84672,12.849,0.84672,3695.15,0,36.966,0.436068,1.85967,1.87807,8.62903,0.969404,10.9613,0.42336,36.966,0.42336,423.524,0,1.02816,0,0,2.88783,1.85967,1.028160,1,0,79.4477,0,0,0,79.4477,0
60.6138,1.93551,0,0,6.16348,0.275927,0.36288,3.6288,33.7017,0.392554,0,0,0.903891,0.168634,0,0.66528,12.849,1,0.436117,0.36288,0,118.57,3.86599,114.631,0.84672,12.849,0.84672,3695.15,0,36.966,0.435,2.2092,1.87812,10.7235,0.969404,13.4065,0.42336,36.966,0.42336,423.524,0,1.02816,0,0,3.23736,2.2092,1.028160,1,0,128.037,0,0,0,128.037,0
66.5209,1.95688,0,0,8.51247,0.285572,0.36288,3.6288,33.9748,0.394685,0,0,0.836987,0.169255,0,0.66528,12.849,1,0.414823,0.36288,0,136.039,3.86599,132.121,0.84672,12.849,0.84672,3695.15,0,36.966,0.432913,2.29992,1.87817,12.1804,0.969404,14.9562,0.42336,36.966,0.42336,423.524,0,1.02816,0,0,3.32808,2.29992,1.028160,1,0,147.077,0,0,0,147.077,0
69.6357,1.98782,0,0,5.78534,0.319898,0.36288,3.6288,34.1571,0.396372,0,0,0.740595,0.161875,0,0.66528,12.849,1,0.383962,0.36288,0,151.311,3.89691,147.393,0.84672,12.849,0.84672,3695.15,0,36.966,0.431269,1.80605,1.87822,9.45683,1.08765,11.6222,0.42336,36.966,0.42336,423.524,0,1.02816,0,0,2.83421,1.80605,1.028160,1,0,159.016,0,0,0,159.016,0
71.4311,2.08487,0,0,4.5892,0.346035,0.36288,3.6288,34.3275,0.427504,0,0,0.742535,0.144649,0,0.66528,12.849,1,0.384695,0.36288,0,97.1775,3.59615,93.5596,0.84672,12.849,0.84672,3695.15,0,36.966,0.462659,1.58863,1.87826,8.24593,1.08803,10.1621,0.42336,36.966,0.42336,423.524,0,1.02816,0,0,2.61679,1.58863,1.028160,1,0,103.722,0,0,0,103.722,0
72.29,2.09313,0,0,6.41154,0.322939,3.13657,3.6288,34.6412,0.428632,0,0,0.89764,0.155336,0,0.66528,12.849,1,0.376512,3.13657,0,88.8926,3.71146,87.9412,0.84672,12.849,0.84672,3695.15,0,36.966,0.461577,2.43024,1.94489,9.02923,1.09491,11.8479,0.42336,36.966,0.42336,423.524,0,1.02816,0,0,3.4584,2.43024,1.028160,1,0,99.7891,0,0,0,99.7891,0
72.29,2.32271,0,0,3.90354,0.254834,1.326,3.6288,34.4332,0.505644,0,0,0.47971,0.182005,0,0.66528,12.849,1,0.412845,1.326,0,58.0695,3.99977,54.9829,0.84672,12.849,0.84672,3695.15,0,36.966,0.539578,0.960543,1.94494,6.53727,1.11213,7.79104,0.42336,36.966,0.42336,423.524,0,1.02816,0,0,1.9887,0.960543,1.028160,1,0,62.774,0,0,0,62.774,0
72.29,2.32279,0,0,3.66477,0.255514,1.08647,3.6288,34.1951,0.504097,0,0,0.450351,0.184382,0,0.66528,12.849,1,0.412858,1.08647,0,58.2983,3.99754,54.9744,0.84672,12.849,0.84672,3695.15,0,36.966,0.541176,0.819132,2.11454,4.71324,1.11183,5.99391,0.42336,36.966,0.42336,423.524,0,1.02816,0,0,1.84729,0.819132,1.028160,1,0,60.9683,0,0,0,60.9683,0
72.29,2.2873,0,0,3.61642,0.257215,1.0719,3.6288,34.0216,0.489529,0,0,0.506788,0.190809,0,0.66528,12.849,1,0.406551,1.0719,0,67.7877,3.99199,64.4611,0.84672,12.849,0.84672,3695.15,0,36.966,0.529197,1.00565,2.11459,4.96736,1.11107,6.44734,0.42336,36.966,0.42336,423.524,0,1.02816,0,0,2.03381,1.00565,1.028160,1,0,70.9084,0,0,0,70.9084,0
72.29,2.28738,0,0,3.24645,0.257215,0.701854,3.6288,33.8774,0.488259,0,0,0.5346,0.19048,0,0.66528,12.849,1,0.406564,0.701854,0,62.6815,3.99199,58.9848,0.84672,12.849,0.84672,3695.15,0,36.966,0.530516,1.05952,2.08625,4.98904,1.11107,6.49323,0.42336,36.966,0.42336,423.524,0,1.02816,0,0,2.08768,1.05952,1.028160,1,0,65.478,0,0,0,65.478,0
72.29,2.28745,0,0,3.53002,0.257215,0.985356,3.6288,33.6608,0.487203,0,0,0.460814,0.190206,0,0.66528,12.849,1,0.406576,0.985356,0,64.6704,3.99199,61.2572,0.84672,12.849,0.84672,3695.15,0,36.966,0.531621,0.756397,2.08631,6.11353,1.11107,7.31354,0.42336,36.966,0.42336,423.524,0,1.02816,0,0,1.78456,0.756397,1.028160,1,0,68.5707,0,0,0,68.5707,0
72.29,2.28752,0,0,3.18514,0.214641,0.682985,3.6288,33.4201,0.485596,0,0,0.451094,0.206245,0,0.66528,12.849,1,0.406589,0.682985,0,58.6481,5.62947,53.295,0.84672,12.849,0.84672,3695.15,0,36.966,0.533277,0.833207,2.08636,5.14545,1.17563,6.35611,0.42336,36.966,0.42336,423.524,0,1.02816,0,0,1.86137,0.833207,1.028160,1,0,59.6511,0,0,0,59.6511,0
72.0937,2.40829,0,0,2.75787,0.182968,0.36288,3.6288,33.1035,0.528583,0,0,0.423641,0.211628,0,0.66528,12.849,1,0.428055,0.36288,0,39.9295,4.90281,34.9615,0.84672,12.849,0.84672,3695.15,0,36.966,0.584666,0.72144,2.08641,4.61847,1.19521,5.64644,0.42336,36.966,0.42336,423.524,0,1.02816,0,0,1.7496,0.72144,1.028160,1,0,40.608,0,0,0,40.608,0
71.6992,2.40737,0,0,2.55317,0.177425,0.36288,3.6288,32.7628,0.525966,0,0,0.397168,0.21189,0,0.66528,12.849,1,0.429057,0.36288,0,37.7364,4.7817,32.8885,0.84672,12.849,0.84672,3695.15,0,36.966,0.587335,0.581904,2.18598,4.26895,1.19848,5.25102,0.42336,36.966,0.42336,423.524,0,1.02816,0,0,1.61006,0.581904,1.028160,1,0,38.1396,0,0,0,38.1396,0
71.1775,2.40545,0,0,2.42353,0.176893,0.36288,3.6288,32.3911,0.52312,0,0,0.362483,0.211112,0,0.66528,12.849,1,0.431073,0.36288,0,34.1971,4.7817,29.3472,0.84672,12.849,0.84672,3695.15,0,36.966,0.590232,0.408007,2.18604,4.00685,1.19848,4.81219,0.42336,36.966,0.42336,423.524,0,1.02816,0,0,1.43617,0.408007,1.028160,1,0,34.1594,0,0,0,34.1594,0
70.4683,2.40284,0,0,2.19701,0.140503,0.36288,3.6288,31.9884,0.519981,0,0,0.346036,0.228728,0,0.66528,12.849,1,0.433762,0.36288,0,30.1529,5.04945,25.0326,0.84672,12.849,0.84672,3695.15,0,36.966,0.593423,0.361074,2.1861,3.90277,1.26689,4.58963,0.42336,36.966,0.42336,423.524,0,1.02816,0,0,1.38923,0.361074,1.028160,1,0,29.6222,0,0,0,29.6222,0
69.7907,2.39923,0,0,2.18982,0.105349,0.36288,3.6288,31.6068,0.51654,0,0,0.354452,0.219517,0,0.66528,12.849,1,0.437468,0.36288,0,34.8271,5.24493,29.5076,0.84672,12.849,0.84672,3695.15,0,36.966,0.596916,0.392792,2.18615,3.67484,1.28171,4.37516,0.42336,36.966,0.42336,423.524,0,1.02816,0,0,1.42095,0.392792,1.028160,1,0,33.8828,0,0,0,33.8828,0
69.0837,2.37197,0,0,2.11758,0.0897332,0.36288,3.6288,31.2333,0.537141,0,0,0.37063,0.206979,0,0.66528,12.849,1,0.436698,0.36288,0,37.3129,5.31122,31.9278,0.84672,12.849,0.84672,3695.15,0,36.966,0.628218,0.470569,2.18621,3.71714,1.2723,4.4734,0.42336,36.966,0.42336,423.524,0,1.02816,0,0,1.49873,0.470569,1.028160,1,0,36.4012,0,0,0,36.4012,0
68.372,2.36827,0,0,2.10874,0.0892426,0.36288,3.6288,30.8638,0.533725,0,0,0.370362,0.206132,0,0.66528,12.849,1,0.44048,0.36288,0,35.248,5.31122,29.8592,0.84672,12.849,0.84672,3695.15,0,36.966,0.631687,0.568192,2.22106,4.00448,1.2723,4.88975,0.42336,36.966,0.42336,423.524,0,1.02816,0,0,1.59635,0.568192,1.028160,1,0,34.7489,0,0,0,34.7489,0
67.5852,2.36449,0,0,2.02467,0.084107,0.36288,3.6288,30.4783,0.530308,0,0,0.35605,0.211272,0,0.66528,12.849,1,0.444353,0.36288,0,33.0858,5.4198,27.5845,0.84672,12.849,0.84672,3695.15,0,36.966,0.635157,0.584194,2.22111,4.05899,1.30905,4.9201,0.42336,36.966,0.42336,423.524,0,1.02816,0,0,1.61235,0.584194,1.028160,1,0,32.5046,0,0,0,32.5046,0
66.5438,2.36022,0,0,1.74317,0.0614938,0.36288,3.6288,30.0291,0.526701,0,0,0.318002,0.240445,0,0.66528,12.849,1,0.448714,0.36288,0,30.4043,6.07638,24.2421,0.84672,12.849,0.84672,3695.15,0,36.966,0.638817,0.311947,2.22117,3.74391,1.52226,4.11595,0.42336,36.966,0.42336,423.524,0,1.02816,0,0,1.34011,0.311947,1.028160,1,0,28.3581,0,0,0,28.3581,0
65.2719,2.41527,0,0,1.56996,0.0637326,0.36288,3.6288,29.4191,0.613699,0,0,0.23663,0.233015,0,0.66528,12.849,1,0.466366,0.36288,0,24.1364,5.85999,18.173,0.84672,12.849,0.84672,3695.15,0,36.966,0.755466,0.261274,2.22123,3.0901,1.43747,3.37966,0.42336,36.966,0.42336,423.524,0,0.870782,0,0,1.13206,0.261274,1.028160,1,0,21.5526,0,0,0,21.5526,0
64.0238,2.40775,0,0,1.58075,0.0581745,0.36288,3.6288,28.8623,0.546843,0,0,0.224841,0.234792,0,0.66528,12.849,1,0.473974,0.36288,0,31.616,5.89795,25.607,0.84672,12.849,0.84672,3695.15,0,36.966,0.687125,0.261274,2.2706,3.40149,1.45996,3.78628,0.42336,36.966,0.42336,423.524,0,1.00603,0,0,1.26731,0.261274,1.028160,1,0,29.3932,0,0,0,29.3932,0
62.6834,2.40013,0,0,1.48015,0.0575927,0.36288,3.6288,28.3015,0.536509,0,0,0.209094,0.233324,0,0.66528,12.849,1,0.481684,0.36288,0,25.3845,5.89795,19.3677,0.84672,12.849,0.84672,3695.15,0,36.966,0.687146,0.227405,2.27066,3.06618,1.45996,3.41714,0.42336,36.966,0.42336,423.524,0,1.0164,0,0,1.24381,0.227405,1.028160,1,0,22.7849,0,0,0,22.7849,0
61.2195,2.39165,0,0,1.34762,0.0569677,0.36288,3.6288,27.6546,0.613614,0,0,0.198507,0.231845,0,0.66528,12.849,1,0.490247,0.36288,0,23.1347,5.89795,17.1094,0.84672,12.849,0.84672,3695.15,0,36.966,0.801471,0.227405,2.27072,2.86005,1.45996,3.09674,0.42336,36.966,0.42336,423.524,0,0.825025,0,0,1.05243,0.227405,1.028160,1,0,20.2061,0,0,0,20.2061,0
59.999,2.55782,0,0,1.74452,0.0443625,0.36288,3.6288,27.0829,0.590078,0,0,0.234657,0.216268,0,0.66528,12.849,1,0.536845,0.36288,0,22.6505,5.43468,17.0418,0.84672,12.849,0.84672,3695.15,0,36.966,0.78876,0.450567,2.27078,3.44601,1.49445,3.88415,0.42336,36.966,0.42336,423.524,0,1.02816,0,0,1.47873,0.450567,1.028160,1,0,20.926,0,0,0,20.926,0
58.4266,2.5489,0,0,1.37862,0.0391786,0.36288,3.6288,26.3966,0.653186,0,0,0.176235,0.209366,0,0.66528,12.849,1,0.545856,0.36288,0,26.2422,5.24937,20.8098,0.84672,12.849,0.84672,3695.15,0,36.966,0.891547,0.227405,2.43959,2.59704,1.50824,2.86424,0.42336,36.966,0.42336,423.524,0,0.862324,0,0,1.08973,0.227405,1.028160,1,0,23.6741,0,0,0,23.6741,0
57.0133,2.53694,0,0,1.52512,0.0385895,0.36288,3.6288,25.8564,0.574467,0,0,0.242092,0.207749,0,0.66528,12.849,1,0.557915,0.36288,0,22.4989,5.24937,17.0545,0.84672,12.849,0.84672,3695.15,0,36.966,0.804489,0.398373,2.43965,3.10351,1.50824,3.6288,0.42336,36.966,0.42336,423.524,0,1.02816,0,0,1.42653,0.398373,1.028160,1,0,20.6833,0,0,0,20.6833,0
55.5009,2.52573,0,0,1.41645,0.0402939,0.36288,3.6288,25.287,0.567575,0,0,0.194583,0.196451,0,0.66528,12.849,1,0.569219,0.36288,0,21.5854,4.87968,16.4994,0.84672,12.849,0.84672,3695.15,0,36.966,0.81144,0.285371,2.43971,3.52604,1.36433,4.07534,0.42336,36.966,0.42336,423.524,0,1.02816,0,0,1.31353,0.285371,1.028160,1,0,20.5747,0,0,0,20.5747,0
53.9833,2.51321,0,0,1.37255,0.0140212,0.36288,3.6288,24.7415,0.560176,0,0,0.184594,0.169891,0,0.66528,12.849,1,0.581833,0.36288,0,15.0936,4.30416,10.5704,0.84672,12.849,0.84672,3695.15,0,36.966,0.818898,0.244763,2.43978,3.47533,1.18081,4.16016,0.42336,36.966,0.42336,423.524,0,1.02816,0,0,1.27292,0.244763,1.028160,1,0,14.7306,0,0,0,14.7306,0
52.3679,2.41634,0,0,1.13673,-0.0271269,0.36288,3.6288,24.1921,0.53904,0,0,0.157937,0.16832,0,0.66528,12.849,1,0.575133,0.36288,0,14.3456,4.7691,9.36424,0.84672,12.849,0.84672,3695.15,0,36.966,0.805372,0.204422,2.43984,2.50007,1.41581,2.92315,0.42336,36.966,0.42336,423.524,0,0.961606,0,0,1.16603,0.204422,1.028160,1,0,12.2874,0,0,0,12.2874,0
50.799,2.40217,0,0,1.18596,-0.0101907,0.36288,3.6288,23.637,0.550727,0,0,0.152045,0.156437,0,0.66528,12.849,1,0.589397,0.36288,0,13.7889,4.56147,9.00093,0.84672,12.849,0.84672,3695.15,0,36.966,0.841521,0.216518,2.34223,2.5159,1.35091,2.88222,0.42336,36.966,0.42336,423.524,0,0.913827,0,0,1.13035,0.216518,1.028160,1,0,11.8832,0,0,0,11.8832,0
51.4015,2.38772,0,0,3.44041,0.0873223,0.36288,3.6288,23.4059,0.498447,0,0,0.358287,0.0909648,0,0.66528,12.849,1,0.603944,0.36288,0,41.56,3.31569,38.0032,0.84672,12.849,0.84672,3695.15,0,36.966,0.779524,0.713759,2.34229,6.60794,0.961525,7.92294,0.42336,36.966,0.42336,423.524,0,1.02816,0,0,1.74192,0.713759,1.028160,1,0,45.9261,0,0,0,45.9261,0
51.0841,2.39345,0,0,2.52676,0.0878739,0.36288,3.6288,23.0741,0.495484,0,0,0.254462,0.0907188,0,0.66528,12.849,1,0.598299,0.36288,0,36.0745,3.31569,32.5234,0.84672,12.849,0.84672,3695.15,0,36.966,0.782542,0.712437,2.34235,3.7253,0.961525,5.03602,0.42336,36.966,0.42336,423.524,0,1.02816,0,0,1.7406,0.712437,1.028160,1,0,37.5594,0,0,0,37.5594,0
51.0189,2.32256,0,0,2.73505,0.114766,0.36288,3.6288,22.7457,0.45575,0,0,0.268755,0.141387,0,0.66528,12.849,1,0.584186,0.36288,0,39.1204,4.06967,34.8294,0.84672,12.849,0.84672,3695.15,0,36.966,0.730136,0.67735,2.34241,4.73068,0.913403,6.1069,0.42336,36.966,0.42336,423.524,0,1.02816,0,0,1.70551,0.67735,1.028160,1,0,40.9363,0,0,0,40.9363,0
51.8464,2.32204,0,0,3.66879,0.156401,0.36288,3.6288,22.4888,0.451755,0,0,0.304938,0.110158,0,0.66528,12.849,1,0.5848,0.36288,0,48.8179,3.49408,45.1019,0.84672,12.849,0.84672,3695.15,0,36.966,0.734185,0.711668,2.2553,5.80655,0.723922,7.3154,0.42336,36.966,0.42336,423.524,0,1.02816,0,0,1.73983,0.711668,1.028160,1,0,52.4173,0,0,0,52.4173,0
53.8718,2.32959,0,0,4.87566,0.157755,0.36288,3.6288,22.3401,0.448602,0,0,0.4098,0.109824,0,0.66528,12.849,1,0.577338,0.36288,0,52.4073,3.49408,48.6988,0.84672,12.849,0.84672,3695.15,0,36.966,0.737392,1.02147,2.25536,7.34239,0.723922,9.15791,0.42336,36.966,0.42336,423.524,0,1.02816,0,0,2.04963,1.02147,1.028160,1,0,57.8567,0,0,0,57.8567,0
55.1919,2.34719,0,0,4.19122,0.161069,0.36288,3.6288,22.3937,0.446775,0,0,0.609958,0.10962,0,0.66528,12.849,1,0.559829,0.36288,0,88.5358,3.49408,84.8448,0.84672,12.849,0.84672,3695.15,0,36.966,0.739273,1.08122,2.25541,8.88857,0.723922,10.762,0.42336,36.966,0.42336,423.524,0,1.02816,0,0,2.10938,1.08122,1.028160,1,0,95.6068,0,0,0,95.6068,0
56.2257,2.16206,0,0,3.76622,0.207535,0.36288,3.6288,22.302,0.375014,0,0,0.412007,0.12866,0,0.66528,12.849,1,0.503339,0.36288,0,49.9993,3.94754,45.9113,0.84672,12.849,0.84672,3695.15,0,36.966,0.619047,1.19033,2.25547,7.90595,0.924612,9.80809,0.42336,36.966,0.42336,423.524,0,1.02816,0,0,2.21849,1.19033,1.028160,1,0,55.7194,0,0,0,55.7194,0
57.8697,2.16966,0,0,4.40414,0.227592,0.36288,3.6288,22.1631,0.374075,0,0,0.371261,0.13608,0,0.66528,12.849,1,0.495822,0.36288,0,50.928,4.12892,46.6662,0.84672,12.849,0.84672,3695.15,0,36.966,0.620035,1.44629,2.06186,9.50469,1.00489,11.3879,0.42336,36.966,0.42336,423.524,0,1.02816,0,0,2.47445,1.44629,1.028160,1,0,58.0541,0,0,0,58.0541,0
59.2915,2.18125,0,0,4.19724,0.231304,0.36288,3.6288,21.9926,0.372636,0,0,0.337932,0.13583,0,0.66528,12.849,1,0.484311,0.36288,0,49.3948,4.12892,45.1444,0.84672,12.849,0.84672,3695.15,0,36.966,0.621522,1.06815,2.06192,6.78983,1.00489,8.29348,0.42336,36.966,0.42336,423.524,0,1.02816,0,0,2.09631,1.06815,1.028160,1,0,53.4379,0,0,0,53.4379,0
60.1231,2.19087,0,0,3.61886,0.233544,0.36288,3.6288,21.7937,0.370857,0,0,0.316254,0.144337,0,0.66528,12.849,1,0.47478,0.36288,0,43.0431,4.00792,38.9233,0.84672,12.849,0.84672,3695.15,0,36.966,0.62335,1.02254,2.06197,6.58444,0.964692,8.0809,0.42336,36.966,0.42336,423.524,0,1.02816,0,0,2.0507,1.02254,1.028160,1,0,47.0042,0,0,0,47.0042,0
62.3489,2.19634,0,0,5.00564,0.220547,0.36288,3.6288,21.6924,0.368764,0,0,0.414262,0.146783,0,0.66528,12.849,1,0.469385,0.36288,0,56.5581,3.44115,53.0105,0.84672,12.849,0.84672,3695.15,0,36.966,0.625491,1.51017,2.06202,9.34122,0.867334,11.4206,0.42336,36.966,0.42336,423.524,0,1.02816,0,0,2.53833,1.51017,1.028160,1,0,64.4311,0,0,0,64.4311,0
63.3923,2.2874,0,0,3.90302,0.209386,0.36288,3.6288,21.8257,0.388268,0,0,0.657469,0.135906,0,0.66528,12.849,1,0.471393,0.36288,0,89.8684,3.71228,86.0476,0.84672,12.849,0.84672,3695.15,0,36.966,0.661649,1.57665,2.06208,9.66635,1.12832,11.5151,0.42336,36.966,0.42336,423.524,0,1.02816,0,0,2.60481,1.57665,1.028160,1,0,97.5627,0,0,0,97.5627,0
65.737,2.29391,0,0,5.21273,0.211179,0.36288,3.6288,21.8169,0.389783,0,0,0.517169,0.136147,0,0.66528,12.849,1,0.464953,0.36288,0,82.2574,3.71228,78.443,0.84672,12.849,0.84672,3695.15,0,36.966,0.660174,1.27984,2.12252,10.2063,1.12832,11.8201,0.42336,36.966,0.42336,423.524,0,1.02816,0,0,2.308,1.27984,1.028160,1,0,90.2632,0,0,0,90.2632,0
69.8905,2.30784,0,0,7.07201,0.247827,0.36288,3.6288,21.874,0.3897,0,0,0.603418,0.156653,0,0.66528,12.849,1,0.451092,0.36288,0,192.852,4.00338,188.76,0.84672,12.849,0.84672,3695.15,0,36.966,0.660297,1.73973,2.12256,12.2972,1.20858,14.2907,0.42336,36.966,0.42336,423.524,0,1.02816,0,0,2.76789,1.73973,1.028160,1,0,203.051,0,0,0,203.051,0
72.29,2.33054,0,0,10.6221,0.268295,5.62379,3.6288,23.0276,0.390355,0,0,1.68847,0.144477,0,0.66528,12.849,1,0.428458,5.62379,0,218.847,4.06161,219.981,0.84672,12.849,0.84672,3695.15,0,36.966,0.659682,5.53364,2.12261,21.2086,1.17552,27.0297,0.42336,36.966,0.42336,423.524,0,1.02816,0,0,6.5618,5.53364,1.028160,1,0,247.01,0,0,0,247.01,0
72.29,2.59622,0,0,7.203,0.297787,4.30899,3.6288,23.9624,0.483201,0,0,1.54229,0.1243,0,0.66528,12.849,1,0.461459,4.30899,0,209.091,3.55518,209.384,0.84672,12.849,0.84672,3695.15,0,36.966,0.775677,4.21889,2.12265,15.4477,0.853015,20.1606,0.42336,36.966,0.42336,423.524,0,1.02816,0,0,5.24705,4.21889,1.028160,1,0,229.544,0,0,0,229.544,0
72.29,2.59629,0,0,6.01667,0.301873,3.11851,3.6288,24.4825,0.495119,0,0,1.13713,0.121916,0,0.66528,12.849,1,0.46147,3.11851,0,177.451,3.47077,176.637,0.84672,12.849,0.84672,3695.15,0,36.966,0.763804,2.74738,2.33997,13.2153,0.799265,16.7396,0.42336,36.966,0.42336,423.524,0,1.02816,0,0,3.77554,2.74738,1.028160,1,0,193.377,0,0,0,193.377,0
72.29,2.59635,0,0,8.96599,0.299276,6.07036,3.6288,25.5941,0.501602,0,0,1.73985,0.126615,0,0.66528,12.849,1,0.461482,6.07036,0,246.722,3.60181,248.729,0.84672,12.849,0.84672,3695.15,0,36.966,0.757366,4.7022,2.34002,22.0893,0.840261,27.5339,0.42336,36.966,0.42336,423.524,0,1.02816,0,0,5.73036,4.7022,1.028160,1,0,276.263,0,0,0,276.263,0
72.29,2.59641,0,0,9.14103,0.286037,6.25858,3.6288,27.0472,0.515078,0,0,2.10965,0.141491,0,0.66528,12.849,1,0.461493,6.25858,0,234.469,4.17334,236.093,0.84672,12.849,0.84672,3695.15,0,36.966,0.743935,5.9922,2.34007,29.1924,0.992056,35.7887,0.42336,36.966,0.42336,423.524,0,1.02816,0,0,7.02036,5.9922,1.028160,1,0,271.881,0,0,0,271.881,0
72.29,2.23481,0,0,6.57224,0.340014,3.99741,3.6288,28.568,0.413576,0,0,2.04583,0.111456,0,0.66528,12.849,1,0.397221,3.99741,0,270.73,3.48456,270.846,0.84672,12.849,0.84672,3695.15,0,36.966,0.565243,5.02925,2.34012,25.1247,0.81278,31.116,0.42336,36.966,0.42336,423.524,0,1.02816,0,0,6.05741,5.02925,1.028160,1,0,301.962,0,0,0,301.962,0
72.29,2.23487,0,0,5.97415,0.348033,3.39125,3.6288,29.0267,0.42671,0,0,0.997903,0.112554,0,0.66528,12.849,1,0.397231,3.39125,0,217.814,3.45922,217.348,0.84672,12.849,0.84672,3695.15,0,36.966,0.552148,3.50556,2.04384,17.993,0.822142,22.1681,0.42336,36.966,0.42336,423.524,0,1.02816,0,0,4.53372,3.50556,1.028160,1,0,239.516,0,0,0,239.516,0
72.29,2.23493,0,0,8.81821,0.348033,6.23525,3.6288,30.8095,0.430564,0,0,2.32659,0.113139,0,0.66528,12.849,1,0.397241,6.23525,0,220.717,3.45922,223.095,0.84672,12.849,0.84672,3695.15,0,36.966,0.548332,7.64171,2.04388,26.0183,0.822142,34.3334,0.42336,36.966,0.42336,423.524,0,1.02816,0,0,8.66987,7.64171,1.028160,1,0,257.429,0,0,0,257.429,0
72.29,2.23498,0,0,10.6024,0.348831,8.01859,3.6288,32.7959,0.445006,0,0,2.52057,0.0892289,0,0.66528,12.849,1,0.397251,8.01859,0,224.223,3.30294,228.541,0.84672,12.849,0.84672,3695.15,0,36.966,0.533929,6.47083,2.04392,29.3223,0.765818,36.5374,0.42336,36.966,0.42336,423.524,0,1.02816,0,0,7.49899,6.47083,1.028160,1,0,265.078,0,0,0,265.078,0
72.29,2.23504,0,0,6.29244,0.344767,3.71264,3.6288,33.3562,0.460227,0,0,1.10899,0.0884879,0,0.66528,12.849,1,0.397261,3.71264,0,137.741,3.55946,137.497,0.84672,12.849,0.84672,3695.15,0,36.966,0.518746,3.10842,2.04396,15.5754,0.753867,19.4552,0.42336,36.966,0.42336,423.524,0,1.02816,0,0,4.13658,3.10842,1.028160,1,0,156.953,0,0,0,156.953,0
72.29,2.32614,0,0,5.3927,0.337927,2.72863,3.6288,34.0018,0.496901,0,0,1.27583,0.133265,0,0.66528,12.849,1,0.413454,2.72863,0,103.086,4.17932,101.222,0.84672,12.849,0.84672,3695.15,0,36.966,0.550676,3.22625,2.044,15.8877,0.838064,19.7692,0.42336,36.966,0.42336,423.524,0,1.02816,0,0,4.25441,3.22625,1.028160,1,0,120.991,0,0,0,120.991,0
72.29,2.3262,0,0,5.44478,0.337927,2.78065,3.6288,35.1902,0.50193,0,0,1.82453,0.134171,0,0.66528,12.849,1,0.413464,2.78065,0,119.471,4.17932,117.659,0.84672,12.849,0.84672,3695.15,0,36.966,0.545686,4.43928,2.11711,18.8837,0.838064,24.0563,0.42336,36.966,0.42336,423.524,0,1.02816,0,0,5.46744,4.43928,1.028160,1,0,141.716,0,0,0,141.716,0
72.29,2.32626,0,0,4.73159,0.337927,2.06741,3.6288,36.0266,0.510937,0,0,1.48303,0.13576,0,0.66528,12.849,1,0.413475,2.06741,0,98.8762,4.17932,96.3508,0.84672,12.849,0.84672,3695.15,0,36.966,0.536719,3.27187,2.11716,14.9081,0.838064,18.9224,0.42336,36.966,0.42336,423.524,0,1.02816,0,0,4.30003,3.27187,1.028160,1,0,115.273,0,0,0,115.273,0
72.29,2.32632,0,0,3.85089,0.30406,1.22052,3.6288,36.4017,0.517106,0,0,1.03064,0.13844,0,0.66528,12.849,1,0.413485,1.22052,0,80.3961,4.38719,76.8159,0.84672,12.849,0.84672,3695.15,0,36.966,0.53059,2.3235,2.1172,9.95389,0.885247,12.9788,0.42336,36.966,0.42336,423.524,0,1.02816,0,0,3.35166,2.3235,1.028160,1,0,89.7947,0,0,0,89.7947,0
72.29,2.29077,0,0,3.62145,0.259289,1.07139,3.6288,36.3507,0.506625,0,0,0.618235,0.162599,0,0.66528,12.849,1,0.407167,1.07139,0,78.0823,4.59648,74.15,0.84672,12.849,0.84672,3695.15,0,36.966,0.514479,2.06103,2.11725,8.19461,1.10085,10.7575,0.42336,36.966,0.42336,423.524,0,1.02816,0,0,3.08919,2.06103,1.028160,1,0,84.9076,0,0,0,84.9076,0
72.29,2.29083,0,0,3.43262,0.259289,0.882501,3.6288,36.2888,0.506287,0,0,0.606908,0.162518,0,0.66528,12.849,1,0.407178,0.882501,0,73.0486,4.59648,68.9275,0.84672,12.849,0.84672,3695.15,0,36.966,0.514857,1.91661,2.08886,7.73271,1.10085,10.1225,0.42336,36.966,0.42336,423.524,0,1.02816,0,0,2.94477,1.91661,1.028160,1,0,79.0499,0,0,0,79.0499,0
72.29,2.29089,0,0,3.21866,0.259289,0.668483,3.6288,36.349,0.505871,0,0,0.728473,0.16242,0,0.66528,12.849,1,0.407188,0.668483,0,67.6564,4.59648,63.3212,0.84672,12.849,0.84672,3695.15,0,36.966,0.515312,2.44897,2.0889,8.82697,1.10085,11.7487,0.42336,36.966,0.42336,423.524,0,1.02816,0,0,3.47713,2.44897,1.028160,1,0,75.0699,0,0,0,75.0699,0
72.29,2.29094,0,0,3.003,0.281007,0.431045,3.6288,36.3578,0.506314,0,0,0.639697,0.124596,0,0.66528,12.849,1,0.407198,0.431045,0,61.4074,4.1538,57.2775,0.84672,12.849,0.84672,3695.15,0,36.966,0.514909,2.05703,2.08894,8.04047,0.936622,10.7349,0.42336,36.966,0.42336,423.524,0,1.02816,0,0,3.08519,2.05703,1.028160,1,0,68.0124,0,0,0,68.0124,0
72.29,2.41186,0,0,3.18993,0.157964,0.620106,3.6288,36.2035,0.55323,0,0,0.576323,0.177372,0,0.66528,12.849,1,0.42869,0.620106,0,63.8589,5.05976,58.9906,0.84672,12.849,0.84672,3695.15,0,36.966,0.562485,1.67228,2.08898,8.13179,1.16167,10.1689,0.42336,36.966,0.42336,423.524,0,1.02816,0,0,2.70044,1.67228,1.028160,1,0,69.1595,0,0,0,69.1595,0
72.29,2.41192,0,0,3.19196,0.146573,0.633467,3.6288,36.0127,0.552065,0,0,0.557967,0.196715,0,0.66528,12.849,1,0.428701,0.633467,0,63.6172,5.34334,58.4786,0.84672,12.849,0.84672,3695.15,0,36.966,0.563692,1.56575,2.18868,8.22822,1.25839,10.1606,0.42336,36.966,0.42336,423.524,0,1.02816,0,0,2.59391,1.56575,1.028160,1,0,68.6392,0,0,0,68.6392,0
72.29,2.41198,0,0,3.07454,0.146573,0.515981,3.6288,35.8017,0.550611,0,0,0.535995,0.196349,0,0.66528,12.849,1,0.428711,0.515981,0,60.0655,5.34334,54.8095,0.84672,12.849,0.84672,3695.15,0,36.966,0.565187,1.62899,2.18872,6.47767,1.25839,8.47181,0.42336,36.966,0.42336,423.524,0,1.02816,0,0,2.65715,1.62899,1.028160,1,0,63.2813,0,0,0,63.2813,0
72.29,2.41204,0,0,2.982,0.131088,0.438872,3.6288,35.554,0.548993,0,0,0.516046,0.214736,0,0.66528,12.849,1,0.428722,0.438872,0,56.9424,5.45363,51.499,0.84672,12.849,0.84672,3695.15,0,36.966,0.566847,1.71306,2.18877,6.03584,1.31318,8.05765,0.42336,36.966,0.42336,423.524,0,1.02816,0,0,2.74122,1.71306,1.028160,1,0,59.5566,0,0,0,59.5566,0
72.0248,2.4121,0,0,2.62274,0.112962,0.36288,3.6288,35.2457,0.547077,0,0,0.46316,0.224387,0,0.66528,12.849,1,0.428733,0.36288,0,47.4749,5.27061,42.1384,0.84672,12.849,0.84672,3695.15,0,36.966,0.568804,1.42339,2.18881,5.38774,1.32122,7.10991,0.42336,36.966,0.42336,423.524,0,1.02816,0,0,2.45155,1.42339,1.028160,1,0,49.2484,0,0,0,49.2484,0
71.3195,2.38693,0,0,2.14854,0.10407,0.36288,3.6288,34.8502,0.57001,0,0,0.393029,0.21854,0,0.66528,12.849,1,0.425821,0.36288,0,40.4146,4.91631,35.4354,0.84672,12.849,0.84672,3695.15,0,36.966,0.597832,1.06872,2.18886,4.73214,1.27716,6.11473,0.42336,36.966,0.42336,423.524,0,1.02816,0,0,2.09688,1.06872,1.028160,1,0,41.5501,0,0,0,41.5501,0
70.434,2.38342,0,0,1.96436,0.103512,0.36288,3.6288,34.4494,0.566739,0,0,0.383594,0.21769,0,0.66528,12.849,1,0.4294,0.36288,0,39.8441,4.91631,34.8613,0.84672,12.849,0.84672,3695.15,0,36.966,0.601146,1.10722,2.22374,4.67397,1.27716,6.12662,0.42336,36.966,0.42336,423.524,0,1.02816,0,0,2.13538,1.10722,1.028160,1,0,40.9879,0,0,0,40.9879,0
69.3847,2.37892,0,0,1.79529,0.102811,0.36288,3.6288,34.0279,0.563385,0,0,0.35872,0.216828,0,0.66528,12.849,1,0.433977,0.36288,0,37.477,4.91631,32.4895,0.84672,12.849,0.84672,3695.15,0,36.966,0.604542,0.796755,2.22379,4.44766,1.27716,5.5865,0.42336,36.966,0.42336,423.524,0,1.02816,0,0,1.82491,0.796755,1.028160,1,0,38.076,0,0,0,38.076,0
68.2158,2.37344,0,0,1.65082,0.0833618,0.36288,3.6288,33.5571,0.559816,0,0,0.339932,0.250844,0,0.66528,12.849,1,0.439525,0.36288,0,33.5546,5.48091,27.997,0.84672,12.849,0.84672,3695.15,0,36.966,0.608154,0.797973,2.22383,4.23479,1.48325,5.16519,0.42336,36.966,0.42336,423.524,0,1.02816,0,0,1.82613,0.797973,1.028160,1,0,33.1622,0,0,0,33.1622,0
66.9955,2.42834,0,0,1.65231,0.0814138,0.36288,3.6288,33.0223,0.577797,0,0,0.292525,0.249585,0,0.66528,12.849,1,0.457398,0.36288,0,32.6565,5.86835,26.6937,0.84672,12.849,0.84672,3695.15,0,36.966,0.636492,0.501638,2.22388,3.30725,1.47586,3.92042,0.42336,36.966,0.42336,423.524,0,1.02816,0,0,1.5298,0.501638,1.028160,1,0,30.6141,0,0,0,30.6141,0
65.7423,2.42141,0,0,1.61174,0.0806359,0.36288,3.6288,32.4707,0.572953,0,0,0.26952,0.248152,0,0.66528,12.849,1,0.464401,0.36288,0,32.6147,5.86835,26.6448,0.84672,12.849,0.84672,3695.15,0,36.966,0.641379,0.638124,2.2733,3.54396,1.47586,4.33815,0.42336,36.966,0.42336,423.524,0,1.02816,0,0,1.66628,0.638124,1.028160,1,0,30.983,0,0,0,30.983,0
64.3937,2.41407,0,0,1.50822,0.0798371,0.36288,3.6288,31.9056,0.567879,0,0,0.249479,0.246675,0,0.66528,12.849,1,0.471817,0.36288,0,29.4429,5.86835,23.4656,0.84672,12.849,0.84672,3695.15,0,36.966,0.646497,0.566603,2.27335,3.16295,1.47586,3.88055,0.42336,36.966,0.42336,423.524,0,1.02816,0,0,1.59476,0.566603,1.028160,1,0,27.3461,0,0,0,27.3461,0
62.9306,2.40589,0,0,1.38462,0.0789775,0.36288,3.6288,31.3446,0.562595,0,0,0.246739,0.245161,0,0.66528,12.849,1,0.480067,0.36288,0,26.9144,5.86835,20.9288,0.84672,12.849,0.84672,3695.15,0,36.966,0.651825,0.43562,2.2734,3.09349,1.47586,3.67483,0.42336,36.966,0.42336,423.524,0,1.02816,0,0,1.46378,0.43562,1.028160,1,0,24.6037,0,0,0,24.6037,0
61.341,2.57352,0,0,1.43554,0.0887812,0.36288,3.6288,30.7459,0.633911,0,0,0.277849,0.24263,0,0.66528,12.849,1,0.525454,0.36288,0,29.6275,5.64548,23.8195,0.84672,12.849,0.84672,3695.15,0,36.966,0.747598,0.802509,2.27345,3.44784,1.44183,4.33436,0.42336,36.966,0.42336,423.524,0,1.02816,0,0,1.83067,0.802509,1.028160,1,0,28.1538,0,0,0,28.1538,0
59.7499,2.56232,0,0,1.44543,0.111304,0.36288,3.6288,30.1382,0.627322,0,0,0.252926,0.233304,0,0.66528,12.849,1,0.536726,0.36288,0,29.652,5.21661,24.2616,0.84672,12.849,0.84672,3695.15,0,36.966,0.754234,0.657988,2.44246,3.13128,1.36402,4.11347,0.42336,36.966,0.42336,423.524,0,1.02816,0,0,1.68615,0.657988,1.028160,1,0,28.3751,0,0,0,28.3751,0
57.9955,2.55062,0,0,1.26888,0.109765,0.36288,3.6288,29.5395,0.620513,0,0,0.253544,0.231735,0,0.66528,12.849,1,0.548502,0.36288,0,27.9799,5.21661,22.5777,0.84672,12.849,0.84672,3695.15,0,36.966,0.76109,0.603729,2.44251,2.30186,1.36402,3.22298,0.42336,36.966,0.42336,423.524,0,1.02816,0,0,1.63189,0.603729,1.028160,1,0,25.8007,0,0,0,25.8007,0
55.9849,2.5371,0,0,1.01071,0.121305,0.36288,3.6288,28.9155,0.613683,0,0,0.220097,0.230374,0,0.66528,12.849,1,0.562099,0.36288,0,26.6705,5.28321,21.188,0.84672,12.849,0.84672,3695.15,0,36.966,0.767968,0.459225,2.44256,2.04541,1.35098,2.82824,0.42336,36.966,0.42336,423.524,0,1.02816,0,0,1.48738,0.459225,1.028160,1,0,24.0163,0,0,0,24.0163,0
54.068,2.52075,0,0,1.10542,0.138759,0.36288,3.6288,28.2968,0.606431,0,0,0.208503,0.220854,0,0.66528,12.849,1,0.578532,0.36288,0,20.0451,5.04663,14.7828,0.84672,12.849,0.84672,3695.15,0,36.966,0.775269,0.34706,2.44261,1.7587,1.2629,2.5102,0.42336,36.966,0.42336,423.524,0,1.02816,0,0,1.37522,0.34706,1.028160,1,0,17.293,0,0,0,17.293,0
52.0327,2.42037,0,0,0.943168,0.1952,0.36288,3.6288,27.6523,0.587056,0,0,0.146738,0.204114,0,0.66528,12.849,1,0.575191,0.36288,0,11.2295,4.52508,6.4921,0.84672,12.849,0.84672,3695.15,0,36.966,0.766911,0.204422,2.44266,1.11384,1.10406,1.88996,0.42336,36.966,0.42336,423.524,0,0.954539,0,0,1.15896,0.204422,1.028160,1,0,8.38206,0,0,0,8.38206,0
49.9584,2.40239,0,0,0.884771,0.193754,0.36288,3.6288,27.0038,0.594179,0,0,0.149079,0.203379,0,0.66528,12.849,1,0.593249,0.36288,0,13.8218,4.54135,9.05003,0.84672,12.849,0.84672,3695.15,0,36.966,0.794306,0.204422,2.34492,1.12699,1.11338,1.76865,0.42336,36.966,0.42336,423.524,0,0.920065,0,0,1.12449,0.204422,1.028160,1,0,10.8187,0,0,0,10.8187,0
48.0164,2.38286,0,0,0.993315,0.189593,0.36288,3.6288,26.4471,0.540515,0,0,0.185662,0.201905,0,0.66528,12.849,1,0.612856,0.36288,0,22.2367,4.54135,17.4453,0.84672,12.849,0.84672,3695.15,0,36.966,0.73992,0.314695,2.34497,1.43473,1.11338,2.2411,0.42336,36.966,0.42336,423.524,0,1.02816,0,0,1.34285,0.314695,1.028160,1,0,19.6864,0,0,0,19.6864,0
46.139,2.36336,0,0,1.04772,0.198924,0.36288,3.6288,25.9057,0.534038,0,0,0.195907,0.203226,0,0.66528,12.849,1,0.632426,0.36288,0,48.7314,4.70211,43.7598,0.84672,12.849,0.84672,3695.15,0,36.966,0.746443,0.217918,2.34502,1.64282,1.14426,2.31506,0.42336,36.966,0.42336,423.524,0,1.02816,0,0,1.24608,0.217918,1.028160,1,0,46.0748,0,0,0,46.0748,0
44.7009,2.27665,0,0,1.42143,0.219914,0.36288,3.6288,25.3369,0.582052,0,0,0.181395,0.168142,0,0.66528,12.849,1,0.634012,0.36288,0,29.6743,4.46361,24.9396,0.84672,12.849,0.84672,3695.15,0,36.966,0.830555,0.216518,2.34507,1.76005,0.92823,2.56285,0.42336,36.966,0.42336,423.524,0,0.803771,0,0,1.02029,0.216518,1.028160,1,0,27.5025,0,0,0,27.5025,0
44.7729,2.26086,0,0,2.90347,0.207727,0.36288,3.6288,25.1173,0.483234,0,0,0.4225,0.158894,0,0.66528,12.849,1,0.649871,0.36288,0,43.8384,4.2631,39.2883,0.84672,12.849,0.84672,3695.15,0,36.966,0.705027,1.35534,2.25783,2.9424,0.861349,4.98919,0.42336,36.966,0.42336,423.524,0,1.02816,0,0,2.3835,1.35534,1.028160,1,0,44.2775,0,0,0,44.2775,0
43.7203,2.26173,0,0,1.77992,0.207896,0.36288,3.6288,24.829,0.480757,0,0,0.350967,0.158494,0,0.66528,12.849,1,0.649075,0.36288,0,26.1624,4.2631,21.6131,0.84672,12.849,0.84672,3695.15,0,36.966,0.707547,1.15315,2.25788,2.95618,0.861349,4.7983,0.42336,36.966,0.42336,423.524,0,1.02816,0,0,2.18131,1.15315,1.028160,1,0,26.4114,0,0,0,26.4114,0
43.8869,2.24971,0,0,3.03346,0.254357,0.36288,3.6288,24.5092,0.477474,0,0,0.330537,0.172838,0,0.66528,12.849,1,0.661169,0.36288,0,62.0927,4.61105,57.1834,0.84672,12.849,0.84672,3695.15,0,36.966,0.710873,0.994289,2.25793,3.65559,0.94258,5.25435,0.42336,36.966,0.42336,423.524,0,1.02816,0,0,2.02245,0.994289,1.028160,1,0,62.4378,0,0,0,62.4378,0
47.1117,2.06451,0,0,5.88836,0.236153,0.36288,3.6288,24.432,0.397138,0,0,0.485041,0.165194,0,0.66528,12.849,1,0.604438,0.36288,0,107.351,4.38614,102.723,0.84672,12.849,0.84672,3695.15,0,36.966,0.598982,2.2668,2.25797,5.15463,1.00849,8.07193,0.42336,36.966,0.42336,423.524,0,1.02816,0,0,3.29496,2.2668,1.028160,1,0,110.795,0,0,0,110.795,0
49.0073,2.09707,0,0,4.57958,0.223966,0.36288,3.6288,24.3666,0.396399,0,0,0.488981,0.157945,0,0.66528,12.849,1,0.571945,0.36288,0,90.0858,4.17396,85.7028,0.84672,12.849,0.84672,3695.15,0,36.966,0.59976,2.21602,2.06412,7.42484,1.04776,10.0575,0.42336,36.966,0.42336,423.524,0,1.02816,0,0,3.24418,2.21602,1.028160,1,0,95.7603,0,0,0,95.7603,0
50.7062,2.11465,0,0,4.40655,0.230202,0.36288,3.6288,24.2532,0.395776,0,0,0.434847,0.152419,0,0.66528,12.849,1,0.554431,0.36288,0,173.507,4.09146,169.224,0.84672,12.849,0.84672,3695.15,0,36.966,0.600422,1.82841,2.06416,4.66417,1.02539,6.93092,0.42336,36.966,0.42336,423.524,0,1.02816,0,0,2.85657,1.82841,1.028160,1,0,176.155,0,0,0,176.155,0
51.9494,2.12953,0,0,3.97164,0.236002,0.36288,3.6288,24.1018,0.394679,0,0,0.373045,0.129792,0,0.66528,12.849,1,0.539624,0.36288,0,140.697,3.66306,136.857,0.84672,12.849,0.84672,3695.15,0,36.966,0.601558,1.27252,2.06421,3.75312,0.980796,5.50749,0.42336,36.966,0.42336,423.524,0,1.02816,0,0,2.30068,1.27252,1.028160,1,0,142.365,0,0,0,142.365,0
53.6086,2.13993,0,0,4.40189,0.239857,0.36288,3.6288,23.9797,0.393203,0,0,0.411035,0.139976,0,0.66528,12.849,1,0.529284,0.36288,0,118.828,3.80075,114.86,0.84672,12.849,0.84672,3695.15,0,36.966,0.603073,1.66025,2.06425,4.56908,1.06361,6.6269,0.42336,36.966,0.42336,423.524,0,1.02816,0,0,2.68841,1.66025,1.028160,1,0,121.487,0,0,0,121.487,0
56.6379,2.22829,0,0,5.90587,0.285381,0.36288,3.6288,24.0122,0.413917,0,0,0.603858,0.157441,0,0.66528,12.849,1,0.534081,0.36288,0,133.563,4.32715,129.065,0.84672,12.849,0.84672,3695.15,0,36.966,0.638076,1.79892,2.06429,5.56608,1.15726,7.63395,0.42336,36.966,0.42336,423.524,0,1.02816,0,0,2.82708,1.79892,1.028160,1,0,136.699,0,0,0,136.699,0
58.4954,2.25162,0,0,4.7662,0.294187,0.36288,3.6288,23.933,0.414269,0,0,0.492631,0.1575,0,0.66528,12.849,1,0.510807,0.36288,0,105.75,4.32715,101.275,0.84672,12.849,0.84672,3695.15,0,36.966,0.637755,1.13513,2.1248,4.7714,1.15726,6.23631,0.42336,36.966,0.42336,423.524,0,1.02816,0,0,2.16329,1.13513,1.028160,1,0,107.511,0,0,0,107.511,0
61.3041,2.26496,0,0,5.76588,0.329418,0.36288,3.6288,23.7998,0.413452,0,0,0.43124,0.151008,0,0.66528,12.849,1,0.497517,0.36288,0,127.9,4.4221,123.343,0.84672,12.849,0.84672,3695.15,0,36.966,0.638602,1.0927,2.12483,6.21664,1.32282,7.47274,0.42336,36.966,0.42336,423.524,0,1.02816,0,0,2.12086,1.0927,1.028160,1,0,130.816,0,0,0,130.816,0
62.6287,2.28385,0,0,4.32159,0.350243,0.36288,3.6288,23.6338,0.412064,0,0,0.39433,0.148239,0,0.66528,12.849,1,0.478682,0.36288,0,99.182,4.46008,94.6061,0.84672,12.849,0.84672,3695.15,0,36.966,0.64002,0.831565,2.12486,4.01094,1.38905,4.9383,0.42336,36.966,0.42336,423.524,0,1.02816,0,0,1.85973,0.831565,1.028160,1,0,99.5444,0,0,0,99.5444,0
64.4257,2.54035,0,0,5.02749,0.327234,0.36288,3.6288,23.4748,0.491849,0,0,0.476189,0.143419,0,0.66528,12.849,1,0.521183,0.36288,0,88.4045,4.63019,83.616,0.84672,12.849,0.84672,3695.15,0,36.966,0.769307,0.867491,2.1249,4.67222,1.27633,5.61897,0.42336,36.966,0.42336,423.524,0,1.02816,0,0,1.89565,0.867491,1.028160,1,0,89.235,0,0,0,89.235,0
67.4391,2.55252,0,0,6.24997,0.321151,0.36288,3.6288,23.356,0.489837,0,0,0.512434,0.141342,0,0.66528,12.849,1,0.509072,0.36288,0,119.972,4.69822,115.128,0.84672,12.849,0.84672,3695.15,0,36.966,0.771352,0.965736,2.34246,7.36988,1.23124,8.67547,0.42336,36.966,0.42336,423.524,0,1.02816,0,0,1.9939,0.965736,1.028160,1,0,123.804,0,0,0,123.804,0
69.8669,2.57168,0,0,5.69773,0.335334,0.36288,3.6288,23.3252,0.488332,0,0,0.589831,0.132319,0,0.66528,12.849,1,0.489975,0.36288,0,124.118,4.27858,119.712,0.84672,12.849,0.84672,3695.15,0,36.966,0.772892,1.34177,2.34249,6.04093,1.09078,7.86153,0.42336,36.966,0.42336,423.524,0,1.02816,0,0,2.36993,1.34177,1.028160,1,0,127.574,0,0,0,127.574,0
72.0657,2.58611,0,0,5.49433,0.34662,0.36288,3.6288,23.3155,0.48795,0,0,0.603936,0.125654,0,0.66528,12.849,1,0.475602,0.36288,0,139.174,3.96385,135.097,0.84672,12.849,0.84672,3695.15,0,36.966,0.773307,1.36599,2.34253,7.02488,0.985435,8.97466,0.42336,36.966,0.42336,423.524,0,1.02816,0,0,2.39415,1.36599,1.028160,1,0,144.072,0,0,0,144.072,0
72.29,2.23657,0,0,5.04908,0.325968,2.26222,3.6288,23.3652,0.379327,0,0,0.566335,0.137364,0,0.66528,12.849,1,0.39877,2.26222,0,108.447,4.24248,106.068,0.84672,12.849,0.84672,3695.15,0,36.966,0.60141,0.969356,2.34257,8.5199,1.01037,10.22,0.42336,36.966,0.42336,423.524,0,1.02816,0,0,1.99752,0.969356,1.028160,1,0,116.288,0,0,0,116.288,0
72.29,2.23766,0,0,4.69704,0.315889,2.14349,3.6288,23.449,0.379833,0,0,0.605785,0.142136,0,0.66528,12.849,1,0.397727,2.14349,0,95.8902,4.35393,93.282,0.84672,12.849,0.84672,3695.15,0,36.966,0.600933,0.939954,2.04594,7.56449,1.02035,8.9291,0.42336,36.966,0.42336,423.524,0,1.02816,0,0,1.96811,0.939954,1.028160,1,0,102.211,0,0,0,102.211,0
72.29,2.2377,0,0,8.54081,0.314523,5.98859,3.6288,23.8449,0.380678,0,0,0.910781,0.134177,0,0.66528,12.849,1,0.397734,5.98859,0,204.584,4.17462,206,0.84672,12.849,0.84672,3695.15,0,36.966,0.600117,2.5881,2.04597,14.2074,0.989638,17.2517,0.42336,36.966,0.42336,423.524,0,1.02816,0,0,3.61626,2.5881,1.028160,1,0,223.252,0,0,0,223.252,0
72.29,2.23774,0,0,7.99485,0.311108,5.446,3.6288,24.1787,0.384597,0,0,0.832879,0.114459,0,0.66528,12.849,1,0.397742,5.446,0,195.902,3.72634,197.224,0.84672,12.849,0.84672,3695.15,0,36.966,0.596228,2.3369,2.046,12.3367,0.912863,15.2105,0.42336,36.966,0.42336,423.524,0,1.02816,0,0,3.36506,2.3369,1.028160,1,0,212.435,0,0,0,212.435,0
72.29,2.23779,0,0,9.01187,0.319358,6.45472,3.6288,24.5076,0.387863,0,0,0.831233,0.114467,0,0.66528,12.849,1,0.39775,6.45472,0,218.653,3.6332,221.077,0.84672,12.849,0.84672,3695.15,0,36.966,0.59299,1.98899,2.04603,14.7719,0.845458,17.3685,0.42336,36.966,0.42336,423.524,0,1.02816,0,0,3.01715,1.98899,1.028160,1,0,238.446,0,0,0,238.446,0
72.29,2.32898,0,0,13.2787,0.322227,10.6275,3.6288,25.1673,0.418412,0,0,1.18905,0.110948,0,0.66528,12.849,1,0.413958,10.6275,0,206.471,3.57888,213.106,0.84672,12.849,0.84672,3695.15,0,36.966,0.63111,2.36399,2.04606,13.5731,0.711622,16.6404,0.42336,36.966,0.42336,423.524,0,1.02816,0,0,3.39215,2.36399,1.028160,1,0,229.746,0,0,0,229.746,0
72.29,2.32902,0,0,9.48499,0.298551,6.85742,3.6288,25.4369,0.425125,0,0,0.80266,0.107959,0,0.66528,12.849,1,0.413966,6.85742,0,144.45,3.81696,147.077,0.84672,12.849,0.84672,3695.15,0,36.966,0.624428,1.75018,2.11924,9.58599,0.757857,12.0731,0.42336,36.966,0.42336,423.524,0,1.02816,0,0,2.77834,1.75018,1.028160,1,0,159.15,0,0,0,159.15,0
72.29,2.32906,0,0,7.83795,0.298551,5.21033,3.6288,25.6844,0.427835,0,0,0.783639,0.108294,0,0.66528,12.849,1,0.413974,5.21033,0,118.128,3.81696,119.107,0.84672,12.849,0.84672,3695.15,0,36.966,0.621748,1.49782,2.11928,8.59231,0.757857,10.8298,0.42336,36.966,0.42336,423.524,0,1.02816,0,0,2.52598,1.49782,1.028160,1,0,129.937,0,0,0,129.937,0
72.29,2.32911,0,0,7.21967,0.300046,4.59052,3.6288,26.0176,0.430304,0,0,0.87305,0.109573,0,0.66528,12.849,1,0.413981,4.59052,0,115.815,3.76448,116.227,0.84672,12.849,0.84672,3695.15,0,36.966,0.61931,1.47019,2.11931,10.8123,0.750941,13.0315,0.42336,36.966,0.42336,423.524,0,1.02816,0,0,2.49835,1.47019,1.028160,1,0,129.258,0,0,0,129.258,0
72.29,2.29351,0,0,5.48992,0.26615,2.93025,3.6288,25.8941,0.422579,0,0,0.435776,0.136728,0,0.66528,12.849,1,0.407654,2.93025,0,90.2016,4.10226,88.6219,0.84672,12.849,0.84672,3695.15,0,36.966,0.600404,0.536458,2.11934,4.42826,0.914365,5.56929,0.42336,36.966,0.42336,423.524,0,1.02816,0,0,1.56462,0.536458,1.028160,1,0,94.1912,0,0,0,94.1912,0
72.29,2.29356,0,0,5.02303,0.228489,2.50098,3.6288,25.7015,0.421411,0,0,0.37444,0.145613,0,0.66528,12.849,1,0.407662,2.50098,0,82.156,4.21344,80.0359,0.84672,12.849,0.84672,3695.15,0,36.966,0.601601,0.55512,2.09091,4.00905,0.922128,5.13135,0.42336,36.966,0.42336,423.524,0,1.02816,0,0,1.58328,0.55512,1.028160,1,0,85.1673,0,0,0,85.1673,0
72.29,2.2936,0,0,4.70305,0.228489,2.18096,3.6288,25.5043,0.427495,0,0,0.375615,0.145293,0,0.66528,12.849,1,0.40767,2.18096,0,75.6,4.21344,73.1598,0.84672,12.849,0.84672,3695.15,0,36.966,0.614858,0.528595,2.09094,3.79596,0.922128,4.87851,0.42336,36.966,0.42336,423.524,0,1.00885,0,0,1.53744,0.528595,1.028160,1,0,78.0384,0,0,0,78.0384,0
72.29,2.29364,0,0,4.50179,0.228489,1.97966,3.6288,25.4079,0.417682,0,0,0.466284,0.144966,0,0.66528,12.849,1,0.407678,1.97966,0,72.0533,4.21344,69.4118,0.84672,12.849,0.84672,3695.15,0,36.966,0.60539,0.838063,2.09098,4.55146,0.922128,5.95298,0.42336,36.966,0.42336,423.524,0,1.02816,0,0,1.86622,0.838063,1.028160,1,0,75.3648,0,0,0,75.3648,0
72.29,2.41467,0,0,3.80435,0.251455,1.13822,3.6288,25.1979,0.460044,0,0,0.364119,0.114099,0,0.66528,12.849,1,0.42919,1.13822,0,56.605,4.0302,53.2839,0.84672,12.849,0.84672,3695.15,0,36.966,0.669318,0.402797,2.09101,3.32827,0.865366,4.28739,0.42336,36.966,0.42336,423.524,0,1.01645,0,0,1.41925,0.402797,1.028160,1,0,57.5713,0,0,0,57.5713,0
72.29,2.41472,0,0,3.5968,0.154659,1.02742,3.6288,24.8726,0.507481,0,0,0.326808,0.144633,0,0.66528,12.849,1,0.429198,1.02742,0,52.2367,4.73353,48.1014,0.84672,12.849,0.84672,3695.15,0,36.966,0.744488,0.402797,2.1908,2.92479,1.05772,3.71617,0.42336,36.966,0.42336,423.524,0,0.893877,0,0,1.29667,0.402797,1.028160,1,0,51.8176,0,0,0,51.8176,0
72.29,2.41476,0,0,3.16173,0.138823,0.608144,3.6288,24.4163,0.577383,0,0,0.269196,0.148141,0,0.66528,12.849,1,0.429206,0.608144,0,46.96,4.80911,42.3298,0.84672,12.849,0.84672,3695.15,0,36.966,0.858114,0.402797,2.19083,2.49108,1.07292,3.15367,0.42336,36.966,0.42336,423.524,0,0.710381,0,0,1.11318,0.402797,1.028160,1,0,45.4835,0,0,0,45.4835,0
72.29,2.41481,0,0,3.01379,0.138823,0.460156,3.6288,23.9109,0.573848,0,0,0.215803,0.147361,0,0.66528,12.849,1,0.429214,0.460156,0,43.4557,4.80911,38.6776,0.84672,12.849,0.84672,3695.15,0,36.966,0.8688,0.30119,2.19086,2.37325,1.07292,2.92359,0.42336,36.966,0.42336,423.524,0,0.703261,0,0,1.00445,0.30119,1.028160,1,0,41.6012,0,0,0,41.6012,0
72.1954,2.41485,0,0,2.82191,0.13878,0.36288,3.6288,23.4371,0.513266,0,0,0.229402,0.189886,0,0.66528,12.849,1,0.429222,0.36288,0,45.0649,5.70052,39.2981,0.84672,12.849,0.84672,3695.15,0,36.966,0.793506,0.30119,2.1909,2.71568,1.26428,3.14998,0.42336,36.966,0.42336,423.524,0,0.839169,0,0,1.14036,0.30119,1.028160,1,0,42.4481,0,0,0,42.4481,0
71.772,2.3905,0,0,2.4585,0.128537,0.36288,3.6288,23.0965,0.45389,0,0,0.309464,0.196154,0,0.66528,12.849,1,0.42545,0.36288,0,53.758,5.49906,48.1964,0.84672,12.849,0.84672,3695.15,0,36.966,0.715894,0.477783,2.19093,3.91359,1.24681,4.6196,0.42336,36.966,0.42336,423.524,0,1.02816,0,0,1.50594,0.477783,1.028160,1,0,52.816,0,0,0,52.816,0
71.2719,2.38841,0,0,2.37933,0.128124,0.36288,3.6288,22.7382,0.453641,0,0,0.290683,0.19537,0,0.66528,12.849,1,0.427587,0.36288,0,48.9056,5.49906,43.3418,0.84672,12.849,0.84672,3695.15,0,36.966,0.726051,0.30119,2.22584,3.80328,1.24681,4.35744,0.42336,36.966,0.42336,423.524,0,1.01828,0,0,1.31947,0.30119,1.028160,1,0,47.6993,0,0,0,47.6993,0
70.6876,2.38592,0,0,2.28186,0.117335,0.36288,3.6288,22.361,0.452915,0,0,0.27644,0.200776,0,0.66528,12.849,1,0.430137,0.36288,0,44.313,5.57499,38.6708,0.84672,12.849,0.84672,3695.15,0,36.966,0.736313,0.261274,2.22588,3.74935,1.29179,4.20839,0.42336,36.966,0.42336,423.524,0,1.00878,0,0,1.27005,0.261274,1.028160,1,0,42.8791,0,0,0,42.8791,0
70.3987,2.38295,0,0,2.54803,0.0911717,0.36288,3.6288,22.0602,0.440941,0,0,0.355549,0.215372,0,0.66528,12.849,1,0.433153,0.36288,0,55.9117,5.76481,50.0766,0.84672,12.849,0.84672,3695.15,0,36.966,0.728941,0.431698,2.22591,4.19654,1.40424,4.72097,0.42336,36.966,0.42336,423.524,0,1.02816,0,0,1.45986,0.431698,1.028160,1,0,54.7976,0,0,0,54.7976,0
69.5818,2.44304,0,0,2.08258,0.093496,0.36288,3.6288,21.6604,0.512884,0,0,0.330538,0.217434,0,0.66528,12.849,1,0.445899,0.36288,0,40.3578,5.87913,34.3956,0.84672,12.849,0.84672,3695.15,0,36.966,0.859433,0.261274,2.22595,3.1878,1.40788,3.40771,0.42336,36.966,0.42336,423.524,0,0.872078,0,0,1.13335,0.261274,1.028160,1,0,37.8033,0,0,0,37.8033,0
68.8295,2.43867,0,0,2.13666,0.0873936,0.36288,3.6288,21.3489,0.449369,0,0,0.35821,0.220348,0,0.66528,12.849,1,0.450326,0.36288,0,53.3016,5.94248,47.2717,0.84672,12.849,0.84672,3695.15,0,36.966,0.7669,0.277914,2.27541,3.38958,1.43472,3.74129,0.42336,36.966,0.42336,423.524,0,1.02816,0,0,1.30607,0.277914,1.028160,1,0,51.013,0,0,0,51.013,0
67.9379,2.43457,0,0,1.99275,0.0868842,0.36288,3.6288,21.0014,0.445357,0,0,0.317282,0.219432,0,0.66528,12.849,1,0.454482,0.36288,0,42.1667,5.94248,36.1327,0.84672,12.849,0.84672,3695.15,0,36.966,0.771143,0.261274,2.27544,3.09389,1.43472,3.42474,0.42336,36.966,0.42336,423.524,0,1.02796,0,0,1.28923,0.261274,1.028160,1,0,39.5574,0,0,0,39.5574,0
66.8718,2.4296,0,0,1.81261,0.0862806,0.36288,3.6288,20.5795,0.501567,0,0,0.298027,0.218411,0,0.66528,12.849,1,0.459506,0.36288,0,38.7736,5.94248,32.7345,0.84672,12.849,0.84672,3695.15,0,36.966,0.882842,0.227405,2.27548,2.83158,1.43472,3.0169,0.42336,36.966,0.42336,423.524,0,0.860086,0,0,1.08749,0.227405,1.028160,1,0,35.7514,0,0,0,35.7514,0
65.6618,2.6023,0,0,1.84126,0.0860891,0.36288,3.6288,20.1964,0.494796,0,0,0.330036,0.218289,0,0.66528,12.849,1,0.500015,0.36288,0,34.8258,6.0123,28.6763,0.84672,12.849,0.84672,3695.15,0,36.966,0.888781,0.314712,2.27551,3.67006,1.48599,3.88552,0.42336,36.966,0.42336,423.524,0,1.02816,0,0,1.34287,0.314712,1.028160,1,0,32.5619,0,0,0,32.5619,0
64.3572,2.59464,0,0,1.74976,0.0968238,0.36288,3.6288,19.8064,0.500218,0,0,0.324795,0.214544,0,0.66528,12.849,1,0.507731,0.36288,0,31.1383,5.93093,25.0625,0.84672,12.849,0.84672,3695.15,0,36.966,0.915561,0.227405,2.44468,3.22721,1.51949,3.46425,0.42336,36.966,0.42336,423.524,0,0.995993,0,0,1.2234,0.227405,1.028160,1,0,28.5268,0,0,0,28.5268,0
62.7163,2.58611,0,0,1.40389,0.0958146,0.36288,3.6288,19.2701,0.578374,0,0,0.255397,0.213405,0,0.66528,12.849,1,0.51632,0.36288,0,36.6255,5.93093,30.5411,0.84672,12.849,0.84672,3695.15,0,36.966,1.07946,0.227405,2.44472,2.68082,1.51949,2.754,0.42336,36.966,0.42336,423.524,0,0.753978,0,0,0.981383,0.227405,1.028160,1,0,33.2951,0,0,0,33.2951,0
61.3466,2.57494,0,0,1.66266,0.0945453,0.36288,3.6288,18.9739,0.474139,0,0,0.389851,0.211839,0,0.66528,12.849,1,0.527541,0.36288,0,31.4366,5.93093,25.341,0.84672,12.849,0.84672,3695.15,0,36.966,0.909546,0.448122,2.44476,3.62527,1.51949,4.08911,0.42336,36.966,0.42336,423.524,0,1.02816,0,0,1.47628,0.448122,1.028160,1,0,29.4301,0,0,0,29.4301,0
59.8682,2.56525,0,0,1.55778,0.108007,0.36288,3.6288,18.6201,0.473058,0,0,0.318148,0.198909,0,0.66528,12.849,1,0.53729,0.36288,0,33.2456,5.43888,27.6323,0.84672,12.849,0.84672,3695.15,0,36.966,0.921636,0.204422,2.4448,4.13392,1.34421,4.5173,0.42336,36.966,0.42336,423.524,0,1.01719,0,0,1.22161,0.204422,1.028160,1,0,32.1496,0,0,0,32.1496,0
59.7373,2.46884,0,0,2.87734,0.176576,0.36288,3.6288,18.5271,0.429528,0,0,0.526478,0.189938,0,0.66528,12.849,1,0.529866,0.36288,0,49.2868,5.07444,44.0454,0.84672,12.849,0.84672,3695.15,0,36.966,0.85273,0.408862,2.44484,6.865,1.29985,7.56612,0.42336,36.966,0.42336,423.524,0,1.02816,0,0,1.43702,0.408862,1.028160,1,0,51.6115,0,0,0,51.6115,0
59.2886,2.46793,0,0,2.5585,0.176355,0.36288,3.6288,18.6793,0.428111,0,0,0.76998,0.189693,0,0.66528,12.849,1,0.530832,0.36288,0,41.8111,5.07444,36.5687,0.84672,12.849,0.84672,3695.15,0,36.966,0.854182,1.34091,2.34699,7.89022,1.29985,9.42409,0.42336,36.966,0.42336,423.524,0,1.02816,0,0,2.36907,1.34091,1.028160,1,0,45.9928,0,0,0,45.9928,0
58.5425,2.46468,0,0,2.257,0.175596,0.36288,3.6288,18.4923,0.430458,0,0,0.433508,0.190095,0,0.66528,12.849,1,0.534144,0.36288,0,43.31,5.07444,38.0643,0.84672,12.849,0.84672,3695.15,0,36.966,0.851869,0.406322,2.34702,5.91694,1.29985,6.51857,0.42336,36.966,0.42336,423.524,0,1.02816,0,0,1.43448,0.406322,1.028160,1,0,44.5829,0,0,0,44.5829,0
57.4613,2.45914,0,0,1.9152,0.174335,0.36288,3.6288,18.2702,0.427596,0,0,0.395159,0.189601,0,0.66528,12.849,1,0.539737,0.36288,0,40.0194,5.07444,34.7681,0.84672,12.849,0.84672,3695.15,0,36.966,0.854765,0.275979,2.34706,5.63023,1.29985,6.09866,0.42336,36.966,0.42336,423.524,0,1.02816,0,0,1.30414,0.275979,1.028160,1,0,40.8667,0,0,0,40.8667,0
57.5237,2.38119,0,0,3.05935,0.252843,0.36288,3.6288,18.3119,0.393611,0,0,0.576223,0.140902,0,0.66528,12.849,1,0.532462,0.36288,0,66.5302,4.21626,62.1443,0.84672,12.849,0.84672,3695.15,0,36.966,0.79639,0.638539,2.3471,5.96468,1.03525,7.11867,0.42336,36.966,0.42336,423.524,0,1.02816,0,0,1.6667,0.638539,1.028160,1,0,69.263,0,0,0,69.263,0
58.5275,2.38171,0,0,4.0092,0.260835,0.36288,3.6288,18.3445,0.394222,0,0,0.562585,0.135751,0,0.66528,12.849,1,0.531999,0.36288,0,76.102,4.16367,71.7692,0.84672,12.849,0.84672,3695.15,0,36.966,0.795811,0.82677,2.25977,7.96459,1.02027,9.23505,0.42336,36.966,0.42336,423.524,0,1.02816,0,0,1.85493,0.82677,1.028160,1,0,81.0042,0,0,0,81.0042,0
59.5246,2.38924,0,0,4.01259,0.2634,0.36288,3.6288,18.3823,0.394703,0,0,0.568253,0.135813,0,0.66528,12.849,1,0.524527,0.36288,0,77.7125,4.16367,73.3872,0.84672,12.849,0.84672,3695.15,0,36.966,0.795363,0.871923,2.25981,9.90611,1.02027,11.2222,0.42336,36.966,0.42336,423.524,0,1.02816,0,0,1.90008,0.871923,1.028160,1,0,84.6094,0,0,0,84.6094,0
60.8839,2.39651,0,0,4.38465,0.265947,0.36288,3.6288,18.8631,0.395256,0,0,1.01196,0.135884,0,0.66528,12.849,1,0.517311,0.36288,0,80.7322,4.16367,76.4141,0.84672,12.849,0.84672,3695.15,0,36.966,0.794843,1.47612,2.25984,10.569,1.02027,12.4898,0.42336,36.966,0.42336,423.524,0,1.02816,0,0,2.50428,1.47612,1.028160,1,0,88.9039,0,0,0,88.9039,0
60.9906,2.20608,0,0,2.96307,0.287407,0.36288,3.6288,18.981,0.33709,0,0,0.598005,0.14303,0,0.66528,12.849,1,0.465573,0.36288,0,59.1017,4.13506,54.8639,0.84672,12.849,0.84672,3695.15,0,36.966,0.660596,0.938408,2.25988,8.74365,1.04675,10.2346,0.42336,36.966,0.42336,423.524,0,1.02816,0,0,1.96657,0.938408,1.028160,1,0,65.0985,0,0,0,65.0985,0
61.852,2.20679,0,0,3.73182,0.300801,0.36288,3.6288,19.1138,0.338492,0,0,0.620502,0.149198,0,0.66528,12.849,1,0.464909,0.36288,0,88.8392,4.37335,84.3638,0.84672,12.849,0.84672,3695.15,0,36.966,0.659223,0.813318,2.06584,5.33311,1.14085,6.41219,0.42336,36.966,0.42336,423.524,0,1.02816,0,0,1.84148,0.813318,1.028160,1,0,90.776,0,0,0,90.776,0
64.527,2.2122,0,0,5.55309,0.302951,0.36288,3.6288,19.8375,0.340064,0,0,1.21319,0.149472,0,0.66528,12.849,1,0.459557,0.36288,0,100.81,4.37335,96.3398,0.84672,12.849,0.84672,3695.15,0,36.966,0.657682,2.20533,2.06587,13.0488,1.14085,15.5215,0.42336,36.966,0.42336,423.524,0,1.02816,0,0,3.23349,2.20533,1.028160,1,0,111.861,0,0,0,111.861,0
65.9123,2.22813,0,0,4.2859,0.309629,0.36288,3.6288,19.8069,0.348452,0,0,0.468852,0.150966,0,0.66528,12.849,1,0.443677,0.36288,0,81.5538,4.37335,77.0997,0.84672,12.849,0.84672,3695.15,0,36.966,0.649322,1.13177,2.0659,5.85922,1.14085,7.26673,0.42336,36.966,0.42336,423.524,0,1.02816,0,0,2.15993,1.13177,1.028160,1,0,84.3664,0,0,0,84.3664,0
67.2105,2.23597,0,0,4.20678,0.309706,0.36288,3.6288,19.7038,0.348113,0,0,0.405428,0.160369,0,0.66528,12.849,1,0.435882,0.36288,0,79.9978,4.42513,75.4996,0.84672,12.849,0.84672,3695.15,0,36.966,0.649691,0.453635,2.06593,6.99324,1.1808,7.68231,0.42336,36.966,0.42336,423.524,0,1.02816,0,0,1.48179,0.453635,1.028160,1,0,83.1819,0,0,0,83.1819,0
67.3379,2.3213,0,0,3.15219,0.340652,0.36288,3.6288,19.7533,0.366318,0,0,0.586392,0.170642,0,0.66528,12.849,1,0.443776,0.36288,0,50.6347,4.40391,46.1499,0.84672,12.849,0.84672,3695.15,0,36.966,0.687243,1.3012,2.06597,7.99416,1.28588,9.3882,0.42336,36.966,0.42336,423.524,0,1.02816,0,0,2.32936,1.3012,1.028160,1,0,55.5381,0,0,0,55.5381,0
66.8153,2.32204,0,0,2.50334,0.340994,0.36288,3.6288,19.6982,0.366924,0,0,0.482609,0.170758,0,0.66528,12.849,1,0.443077,0.36288,0,45.4848,4.40391,41.0007,0.84672,12.849,0.84672,3695.15,0,36.966,0.686658,0.959273,2.12651,6.7677,1.28588,7.88095,0.42336,36.966,0.42336,423.524,0,1.02816,0,0,1.98743,0.959273,1.028160,1,0,48.8817,0,0,0,48.8817,0
66.8352,2.31916,0,0,3.0189,0.316998,0.36288,3.6288,19.8437,0.366264,0,0,0.675808,0.164077,0,0.66528,12.849,1,0.445989,0.36288,0,47.8342,4.34031,43.4108,0.84672,12.849,0.84672,3695.15,0,36.966,0.687338,1.33657,2.12654,8.40465,1.17621,10.0042,0.42336,36.966,0.42336,423.524,0,1.02816,0,0,2.36473,1.33657,1.028160,1,0,53.415,0,0,0,53.415,0
66.4573,2.3193,0,0,2.60439,0.300102,0.36288,3.6288,20.1847,0.368031,0,0,0.868566,0.15948,0,0.66528,12.849,1,0.445883,0.36288,0,51.4261,4.29261,47.0504,0.84672,12.849,0.84672,3695.15,0,36.966,0.685592,1.44453,2.12656,8.59792,1.09395,10.3895,0.42336,36.966,0.42336,423.524,0,1.02816,0,0,2.47269,1.44453,1.028160,1,0,57.4399,0,0,0,57.4399,0
67.6284,2.56794,0,0,4.43926,0.337333,0.36288,3.6288,20.4151,0.446023,0,0,0.810855,0.134419,0,0.66528,12.849,1,0.496491,0.36288,0,90.6433,4.03161,86.4781,0.84672,12.849,0.84672,3695.15,0,36.966,0.816841,2.07269,2.12658,10.7797,0.976562,13.1856,0.42336,36.966,0.42336,423.524,0,1.02816,0,0,3.10085,2.07269,1.028160,1,0,99.6636,0,0,0,99.6636,0
67.2933,2.5752,0,0,2.97233,0.369332,0.36288,3.6288,20.4051,0.449312,0,0,0.554718,0.115426,0,0.66528,12.849,1,0.489272,0.36288,0,64.5086,3.83586,60.5463,0.84672,12.849,0.84672,3695.15,0,36.966,0.813576,1.93346,2.34432,8.92054,0.888519,11.4962,0.42336,36.966,0.42336,423.524,0,1.02816,0,0,2.96162,1.93346,1.028160,1,0,72.0425,0,0,0,72.0425,0
65.6963,2.57318,0,0,1.68998,0.350957,0.36288,3.6288,20.2142,0.449178,0,0,0.377834,0.119612,0,0.66528,12.849,1,0.491324,0.36288,0,35.9857,3.79838,32.0589,0.84672,12.849,0.84672,3695.15,0,36.966,0.813733,0.797826,2.34434,5.56602,0.863413,7.03104,0.42336,36.966,0.42336,423.524,0,1.02816,0,0,1.82599,0.797826,1.028160,1,0,39.0899,0,0,0,39.0899,0
64.7765,2.56322,0,0,2.32994,0.323625,0.36288,3.6288,20.1624,0.446468,0,0,0.519558,0.12489,0,0.66528,12.849,1,0.50132,0.36288,0,48.8582,3.74839,44.9714,0.84672,12.849,0.84672,3695.15,0,36.966,0.816465,1.37743,2.34437,9.00596,0.82994,11.0814,0.42336,36.966,0.42336,423.524,0,1.02816,0,0,2.40559,1.37743,1.028160,1,0,56.0528,0,0,0,56.0528,0
64.8606,2.20117,0,0,2.95624,0.308065,0.36288,3.6288,20.5184,0.346637,0,0,0.793938,0.0912307,0,0.66528,12.849,1,0.436623,0.36288,0,93.5322,3.05336,90.4051,0.84672,12.849,0.84672,3695.15,0,36.966,0.63553,1.92025,2.34439,8.90711,0.71671,11.8195,0.42336,36.966,0.42336,423.524,0,1.02816,0,0,2.94841,1.92025,1.028160,1,0,102.225,0,0,0,102.225,0
66.8987,2.20168,0,0,4.901,0.29838,0.36288,3.6288,21.0224,0.350581,0,0,0.920886,0.0663727,0,0.66528,12.849,1,0.436156,0.36288,0,98.2999,2.53207,95.6945,0.84672,12.849,0.84672,3695.15,0,36.966,0.631606,2.19831,2.0475,11.3719,0.631788,14.3543,0.42336,36.966,0.42336,423.524,0,1.02816,0,0,3.22647,2.19831,1.028160,1,0,110.049,0,0,0,110.049,0
67.5992,2.21285,0,0,3.57951,0.30327,0.36288,3.6288,21.2942,0.356077,0,0,0.694708,0.0668259,0,0.66528,12.849,1,0.425015,0.36288,0,91.6237,2.53207,89.0295,0.84672,12.849,0.84672,3695.15,0,36.966,0.62613,1.45297,2.04752,9.18233,0.631788,11.4249,0.42336,36.966,0.42336,423.524,0,1.02816,0,0,2.48113,1.45297,1.028160,1,0,100.454,0,0,0,100.454,0
69.392,2.21658,0,0,4.65537,0.283101,0.36288,3.6288,21.6387,0.359005,0,0,0.762381,0.0587899,0,0.66528,12.849,1,0.421319,0.36288,0,106.745,2.35769,104.328,0.84672,12.849,0.84672,3695.15,0,36.966,0.623222,1.78367,2.04755,9.91051,0.606737,12.5118,0.42336,36.966,0.42336,423.524,0,1.02816,0,0,2.81183,1.78367,1.028160,1,0,116.84,0,0,0,116.84,0
70.6059,2.0087,0,0,3.87092,0.28544,0.36288,3.6288,22.0662,0.307492,0,0,0.828464,0.0935507,0,0.66528,12.849,1,0.371942,0.36288,0,94.6771,3.70853,90.9595,0.84672,12.849,0.84672,3695.15,0,36.966,0.525296,2.30136,2.04757,9.54184,0.887335,12.4781,0.42336,36.966,0.42336,423.524,0,1.02816,0,0,3.32952,2.30136,1.028160,1,0,103.438,0,0,0,103.438,0
71.341,2.09708,0,0,3.48163,0.286573,0.36288,3.6288,22.1448,0.334734,0,0,0.512244,0.0988893,0,0.66528,12.849,1,0.38163,0.36288,0,110.502,3.2089,107.274,0.84672,12.849,0.84672,3695.15,0,36.966,0.560757,1.79893,1.8839,7.37113,0.799808,9.6934,0.42336,36.966,0.42336,423.524,0,1.02816,0,0,2.82709,1.79893,1.028160,1,0,116.968,0,0,0,116.968,0
72.29,2.10044,0,0,4.73481,0.288192,1.39715,3.6288,22.6131,0.335487,0,0,0.902755,0.0989925,0,0.66528,12.849,1,0.378303,1.39715,0,114.157,3.2089,111.967,0.84672,12.849,0.84672,3695.15,0,36.966,0.560023,2.44902,1.95072,8.29639,0.799808,11.3363,0.42336,36.966,0.42336,423.524,0,1.02816,0,0,3.47718,2.44902,1.028160,1,0,123.303,0,0,0,123.303,0
72.29,2.33113,0,0,3.31145,0.290282,0.690038,3.6288,22.6555,0.398905,0,0,0.540924,0.0995794,0,0.66528,12.849,1,0.414341,0.690038,0,94.6737,3.2089,91.7405,0.84672,12.849,0.84672,3695.15,0,36.966,0.652098,1.41298,1.95074,6.68079,0.799808,8.59261,0.42336,36.966,0.42336,423.524,0,1.02816,0,0,2.44114,1.41298,1.028160,1,0,100.333,0,0,0,100.333,0
72.1961,2.33116,0,0,2.86368,0.263498,0.36288,3.6288,22.5752,0.399377,0,0,0.428743,0.109628,0,0.66528,12.849,1,0.414346,0.36288,0,89.9165,3.38342,86.4816,0.84672,12.849,0.84672,3695.15,0,36.966,0.651646,1.05352,2.12086,6.5016,0.834159,8.19018,0.42336,36.966,0.42336,423.524,0,1.02816,0,0,2.08168,1.05352,1.028160,1,0,94.6718,0,0,0,94.6718,0
72.29,2.29507,0,0,3.37337,0.230088,0.75435,3.6288,22.4394,0.38839,0,0,0.368893,0.116331,0,0.66528,12.849,1,0.408462,0.75435,0,80.3676,3.41636,77.2971,0.84672,12.849,0.84672,3695.15,0,36.966,0.635972,1.03773,2.12089,6.24754,0.916019,7.85417,0.42336,36.966,0.42336,423.524,0,1.02816,0,0,2.06589,1.03773,1.028160,1,0,85.1513,0,0,0,85.1513,0
72.1,2.29555,0,0,2.73039,0.261967,0.36288,3.6288,22.2483,0.386944,0,0,0.329379,0.133562,0,0.66528,12.849,1,0.408017,0.36288,0,60.9266,3.73722,57.1442,0.84672,12.849,0.84672,3695.15,0,36.966,0.637439,0.598977,2.09242,5.26527,0.964521,6.35471,0.42336,36.966,0.42336,423.524,0,1.02816,0,0,1.62714,0.598977,1.028160,1,0,63.4989,0,0,0,63.4989,0
71.7185,2.29467,0,0,2.47444,0.19841,0.36288,3.6288,21.9557,0.406764,0,0,0.272611,0.158452,0,0.66528,12.849,1,0.408935,0.36288,0,55.0892,4.07324,50.97,0.84672,12.849,0.84672,3695.15,0,36.966,0.675847,0.528595,2.09244,4.83617,0.986591,5.79477,0.42336,36.966,0.42336,423.524,0,0.969952,0,0,1.49855,0.528595,1.028160,1,0,56.7647,0,0,0,56.7647,0
71.2957,2.29285,0,0,2.40281,0.169867,0.36288,3.6288,21.7018,0.381725,0,0,0.294728,0.166919,0,0.66528,12.849,1,0.410785,0.36288,0,53.1335,4.18855,48.897,0.84672,12.849,0.84672,3695.15,0,36.966,0.642698,0.578396,2.09247,5.352,0.993477,6.38668,0.42336,36.966,0.42336,423.524,0,1.02816,0,0,1.60656,0.578396,1.028160,1,0,55.2837,0,0,0,55.2837,0
70.5319,2.41164,0,0,2.19879,0.187997,0.36288,3.6288,21.3639,0.426185,0,0,0.255261,0.166894,0,0.66528,12.849,1,0.43463,0.36288,0,46.1589,4.23461,41.8526,0.84672,12.849,0.84672,3695.15,0,36.966,0.725949,0.402797,2.09249,4.48959,1.03833,5.22059,0.42336,36.966,0.42336,423.524,0,0.995095,0,0,1.39789,0.402797,1.028160,1,0,47.0732,0,0,0,47.0732,0
69.6141,2.40769,0,0,2.0188,0.166061,0.36288,3.6288,20.9631,0.463323,0,0,0.231081,0.168623,0,0.66528,12.849,1,0.438616,0.36288,0,39.5348,4.38071,35.0784,0.84672,12.849,0.84672,3695.15,0,36.966,0.801687,0.402797,2.19234,3.48101,1.04866,4.2258,0.42336,36.966,0.42336,423.524,0,0.882239,0,0,1.28504,0.402797,1.028160,1,0,39.3042,0,0,0,39.3042,0
68.6229,2.40284,0,0,1.93193,0.157432,0.36288,3.6288,20.5767,0.460388,0,0,0.242966,0.16894,0,0.66528,12.849,1,0.443504,0.36288,0,37.1457,4.43489,32.6302,0.84672,12.849,0.84672,3695.15,0,36.966,0.811841,0.402797,2.19236,3.6265,1.03863,4.37119,0.42336,36.966,0.42336,423.524,0,0.875042,0,0,1.27784,0.402797,1.028160,1,0,37.0014,0,0,0,37.0014,0
67.5519,2.39748,0,0,1.84561,0.156224,0.36288,3.6288,20.2139,0.438743,0,0,0.243993,0.168061,0,0.66528,12.849,1,0.448906,0.36288,0,34.9002,4.43489,30.3792,0.84672,12.849,0.84672,3695.15,0,36.966,0.7882,0.30119,2.19239,3.48715,1.03863,4.15389,0.42336,36.966,0.42336,423.524,0,0.92035,0,0,1.22154,0.30119,1.028160,1,0,34.5331,0,0,0,34.5331,0
66.2539,2.39153,0,0,1.60623,0.14983,0.36288,3.6288,19.8168,0.460276,0,0,0.232535,0.169336,0,0.66528,12.849,1,0.454891,0.36288,0,31.1029,4.54646,26.4644,0.84672,12.849,0.84672,3695.15,0,36.966,0.841726,0.30119,2.19241,3.15836,1.06107,3.74917,0.42336,36.966,0.42336,423.524,0,0.845312,0,0,1.1465,0.30119,1.028160,1,0,30.2136,0,0,0,30.2136,0
64.2432,2.36047,0,0,0.826675,0.114047,0.36288,3.6288,19.3755,0.501357,0,0,0.244959,0.184929,0,0.66528,12.849,1,0.45778,0.36288,0,21.2052,5.22221,15.8881,0.84672,12.849,0.84672,3695.15,0,36.966,0.935224,0.30119,2.19243,2.09959,1.21521,2.44278,0.42336,36.966,0.42336,423.524,0,0.762765,0,0,1.06396,0.30119,1.028160,1,0,18.3309,0,0,0,18.3309,0
62.2244,2.34856,0,0,0.781039,0.0883832,0.36288,3.6288,18.8923,0.506269,0,0,0.230612,0.207526,0,0.66528,12.849,1,0.469726,0.36288,0,20.169,5.26019,14.8019,0.84672,12.849,0.84672,3695.15,0,36.966,0.965896,0.30119,2.22736,2.14939,1.33237,2.37967,0.42336,36.966,0.42336,423.524,0,0.727203,0,0,1.02839,0.30119,1.028160,1,0,17.1816,0,0,0,17.1816,0
60.1818,2.33596,0,0,0.74317,0.0869413,0.36288,3.6288,18.4037,0.497021,0,0,0.214525,0.206146,0,0.66528,12.849,1,0.482364,0.36288,0,18.283,5.26019,12.9033,0.84672,12.849,0.84672,3695.15,0,36.966,0.972505,0.261274,2.22738,2.0466,1.33237,2.23038,0.42336,36.966,0.42336,423.524,0,0.729864,0,0,0.991138,0.261274,1.028160,1,0,15.1337,0,0,0,15.1337,0
58.0969,2.3225,0,0,0.685973,0.0854694,0.36288,3.6288,17.8859,0.504843,0,0,0.191843,0.20475,0,0.66528,12.849,1,0.495861,0.36288,0,17.3011,5.26019,11.9079,0.84672,12.849,0.84672,3695.15,0,36.966,1.01404,0.261274,2.2274,1.91434,1.33237,2.05661,0.42336,36.966,0.42336,423.524,0,0.68053,0,0,0.941803,0.261274,1.028160,1,0,13.9645,0,0,0,13.9645,0
55.9389,2.3676,0,0,0.647306,0.0747835,0.36288,3.6288,17.3789,0.523529,0,0,0.229069,0.212617,0,0.66528,12.849,1,0.523631,0.36288,0,17.4665,5.75953,11.5462,0.84672,12.849,0.84672,3695.15,0,36.966,1.08201,0.261274,2.22743,1.89635,1.46966,1.83338,0.42336,36.966,0.42336,423.524,0,0.64025,0,0,0.901524,0.261274,1.028160,1,0,13.3795,0,0,0,13.3795,0
53.7557,2.3512,0,0,0.600519,0.0696933,0.36288,3.6288,16.8706,0.505333,0,0,0.211876,0.214814,0,0.66528,12.849,1,0.540064,0.36288,0,16.6768,5.95928,10.5403,0.84672,12.849,0.84672,3695.15,0,36.966,1.07488,0.261274,2.27691,1.98194,1.52457,1.92067,0.42336,36.966,0.42336,423.524,0,0.6656,0,0,0.926873,0.261274,1.028160,1,0,12.461,0,0,0,12.461,0
51.553,2.33353,0,0,0.561951,0.0681793,0.36288,3.6288,16.3458,0.507658,0,0,0.196121,0.213224,0,0.66528,12.849,1,0.557775,0.36288,0,15.0549,5.95928,8.90077,0.84672,12.849,0.84672,3695.15,0,36.966,1.11236,0.261274,2.27694,1.76886,1.52457,1.67014,0.42336,36.966,0.42336,423.524,0,0.625821,0,0,0.887095,0.261274,1.028160,1,0,10.5709,0,0,0,10.5709,0
49.3249,2.31448,0,0,0.515897,0.066652,0.36288,3.6288,15.8196,0.508665,0,0,0.193966,0.211565,0,0.66528,12.849,1,0.576859,0.36288,0,13.762,5.95928,7.58871,0.84672,12.849,0.84672,3695.15,0,36.966,1.15034,0.227405,2.27696,1.73001,1.52457,1.55946,0.42336,36.966,0.42336,423.524,0,0.586846,0,0,0.814251,0.227405,1.028160,1,0,9.14817,0,0,0,9.14817,0
47.0517,2.46306,0,0,0.607167,0.0544482,0.36288,3.6288,15.3492,0.495581,0,0,0.228151,0.20288,0,0.66528,12.849,1,0.64162,0.36288,0,13.2877,5.91868,7.09029,0.84672,12.849,0.84672,3695.15,0,36.966,1.15804,0.227405,2.27699,2.58972,1.53985,2.39622,0.42336,36.966,0.42336,423.524,0,0.759586,0,0,0.98699,0.227405,1.028160,1,0,9.48651,0,0,0,9.48651,0
44.7386,2.43874,0,0,0.529877,0.0413874,0.36288,3.6288,14.705,0.632749,0,0,0.192008,0.203455,0,0.66528,12.849,1,0.665978,0.36288,0,10.857,5.58369,4.97024,0.84672,12.849,0.84672,3695.15,0,36.966,1.27008,0.227405,2.44626,1.86235,1.50126,1.76467,0.42336,36.966,0.42336,423.524,0,0.510399,0,0,0.737804,0.227405,1.028160,1,0,6.73491,0,0,0,6.73491,0
42.4876,2.41202,0,0,0.564243,0.0403318,0.36288,3.6288,14.247,0.492717,0,0,0.236179,0.201467,0,0.66528,12.849,1,0.692737,0.36288,0,13.8159,5.58369,7.90233,0.84672,12.849,0.84672,3695.15,0,36.966,1.23861,0.227405,2.44628,2.08017,1.50126,2.014,0.42336,36.966,0.42336,423.524,0,0.681929,0,0,0.909334,0.227405,1.028160,1,0,9.91633,0,0,0,9.91633,0
40.1657,2.38387,0,0,0.4642,0.0393046,0.36288,3.6288,13.4929,0.726139,0,0,0.172006,0.200053,0,0.66528,12.849,1,0.720925,0.36288,0,12.6575,5.58369,6.71578,0.84672,12.849,0.84672,3695.15,0,36.966,1.27008,0.204422,2.44631,1.70376,1.50126,1.58316,0.42336,36.966,0.42336,423.524,0,0.417059,0,0,0.621481,0.204422,1.028160,1,0,8.29894,0,0,0,8.29894,0
37.9907,2.35233,0,0,0.578476,0.038245,0.36288,3.6288,13.2215,0.371572,0,0,0.297966,0.197726,0,0.66528,12.849,1,0.752509,0.36288,0,12.3382,5.58369,6.36486,0.84672,12.849,0.84672,3695.15,0,36.966,1.01798,0.204422,2.44634,2.65728,1.50126,2.78879,0.42336,36.966,0.42336,423.524,0,1.02375,0,0,1.22817,0.204422,1.028160,1,0,9.15365,0,0,0,9.15365,0
36.2709,2.24248,0,0,0.903433,0.0178683,0.36288,3.6288,12.8358,0.433243,0,0,0.233214,0.185741,0,0.66528,12.849,1,0.758438,0.36288,0,21.8876,5.4053,16.0868,0.84672,12.849,0.84672,3695.15,0,36.966,1.2113,0.204422,2.44636,2.50842,1.41768,2.53022,0.42336,36.966,0.42336,423.524,0,0.667215,0,0,0.871638,0.204422,1.028160,1,0,18.617,0,0,0,18.617,0
34.4546,2.21595,0,0,0.779993,0.0175086,0.36288,3.6288,12.658,0.330837,0,0,0.337653,0.184618,0,0.66528,12.849,1,0.785002,0.36288,0,18.9444,5.4053,13.117,0.84672,12.849,0.84672,3695.15,0,36.966,0.952786,0.473247,2.34844,2.85857,1.41768,3.30978,0.42336,36.966,0.42336,423.524,0,1.02816,0,0,1.50141,0.473247,1.028160,1,0,16.4268,0,0,0,16.4268,0
32.5656,2.18584,0,0,0.67687,0.0171286,0.36288,3.6288,12.2389,0.421821,0,0,0.186844,0.1841,0,0.66528,12.849,1,0.815155,0.36288,0,19.4522,5.4053,13.5946,0.84672,12.849,0.84672,3695.15,0,36.966,1.23188,0.216518,2.34846,2.12031,1.41768,2.03573,0.42336,36.966,0.42336,423.524,0,0.658109,0,0,0.874627,0.216518,1.028160,1,0,15.6303,0,0,0,15.6303,0
30.6925,2.15196,0,0,0.658433,0.0167335,0.36288,3.6288,11.7703,0.458481,0,0,0.172851,0.182906,0,0.66528,12.849,1,0.849071,0.36288,0,17.7693,5.4053,11.8778,0.84672,12.849,0.84672,3695.15,0,36.966,1.27008,0.216518,2.34849,2.08342,1.41768,1.96066,0.42336,36.966,0.42336,423.524,0,0.583269,0,0,0.799788,0.216518,1.028160,1,0,13.8385,0,0,0,13.8385,0
29.1694,2.05531,0,0,0.967965,0.0728744,0.36288,3.6288,11.4948,0.396355,0,0,0.238199,0.117427,0,0.66528,12.849,1,0.860427,0.36288,0,20.052,4.3,15.2544,0.84672,12.849,0.84672,3695.15,0,36.966,1.24479,0.216518,2.34851,2.49739,0.955373,2.86226,0.42336,36.966,0.42336,423.524,0,0.57825,0,0,0.794769,0.216518,1.028160,1,0,18.1167,0,0,0,18.1167,0
27.99,2.02414,0,0,1.30383,0.0961875,0.36288,3.6288,11.0799,0.51798,0,0,0.214677,0.111574,0,0.66528,12.849,1,0.891627,0.36288,0,24.0225,4.63897,18.8548,0.84672,12.849,0.84672,3695.15,0,36.966,1.27008,0.216518,2.26112,3.26969,1.04856,3.42868,0.42336,36.966,0.42336,423.524,0,0.431361,0,0,0.647879,0.216518,1.028160,1,0,22.2834,0,0,0,22.2834,0
26.8524,1.80541,0,0,1.16173,0.131021,0.36288,3.6288,10.5936,0.52571,0,0,0.14665,0.107231,0,0.66528,12.849,1,0.828787,0.36288,0,21.1423,4.69738,15.979,0.84672,12.849,0.84672,3695.15,0,36.966,1.27008,0.216518,2.26114,2.73229,1.12297,2.8169,0.42336,36.966,0.42336,423.524,0,0.255904,0,0,0.472422,0.216518,1.028160,1,0,18.7959,0,0,0,18.7959,0
26.1115,1.78169,0,0,1.53261,0.128969,0.36288,3.6288,10.567,0.253899,0,0,0.333705,0.106422,0,0.66528,12.849,1,0.852546,0.36288,0,28.2869,4.69738,23.0999,0.84672,12.849,0.84672,3695.15,0,36.966,0.885971,0.292723,2.07879,4.85662,1.12297,5.21919,0.42336,36.966,0.42336,423.524,0,0.911844,0,0,1.20457,0.292723,1.028160,1,0,28.3191,0,0,0,28.3191,0
27.6909,1.61727,0,0,3.69795,0.138426,0.36288,3.6288,10.9882,0.188486,0,0,0.717324,0.107564,0,0.66528,12.849,1,0.795831,0.36288,0,78.4594,4.58005,73.4464,0.84672,12.849,0.84672,3695.15,0,36.966,0.659373,1.43655,2.07881,8.32897,1.109,10.0759,0.42336,36.966,0.42336,423.524,0,1.02816,0,0,2.46471,1.43655,1.028160,1,0,83.5224,0,0,0,83.5224,0
26.3067,1.6483,0,0,0.822381,0.195389,0.36288,3.6288,10.9993,0.194283,0,0,0.324808,0.119463,0,0.66528,12.849,1,0.764837,0.36288,0,33.6021,3.91827,29.2819,0.84672,12.849,0.84672,3695.15,0,36.966,0.653595,0.554273,1.90163,4.58902,0.946818,5.4445,0.42336,36.966,0.42336,423.524,0,1.02816,0,0,1.58243,0.554273,1.028160,1,0,34.7264,0,0,0,34.7264,0
24.8651,1.62128,0,0,0.738508,0.195948,0.36288,3.6288,11.0037,0.194438,0,0,0.319648,0.120852,0,0.66528,12.849,1,0.791885,0.36288,0,32.2883,3.85686,28.0024,0.84672,12.849,0.84672,3695.15,0,36.966,0.653458,0.537996,1.90165,4.53953,0.925606,5.4001,0.42336,36.966,0.42336,423.524,0,1.02816,0,0,1.56616,0.537996,1.028160,1,0,33.4025,0,0,0,33.4025,0
23.6393,1.59103,0,0,0.9201,0.191967,0.36288,3.6288,11.022,0.194501,0,0,0.333696,0.12086,0,0.66528,12.849,1,0.822165,0.36288,0,34.3609,3.85686,30.0448,0.84672,12.849,0.84672,3695.15,0,36.966,0.653413,0.582336,1.90167,4.24634,0.925606,5.15132,0.42336,36.966,0.42336,423.524,0,1.02816,0,0,1.6105,0.582336,1.028160,1,0,35.1961,0,0,0,35.1961,0
24.4674,1.56343,0,0,2.93782,0.183361,0.36288,3.6288,11.2855,0.194755,0,0,0.581273,0.123027,0,0.66528,12.849,1,0.849796,0.36288,0,29.833,4.05054,25.2955,0.84672,12.849,0.84672,3695.15,0,36.966,0.653177,1.37106,1.90169,7.03078,1.09057,8.55979,0.42336,36.966,0.42336,423.524,0,1.02816,0,0,2.39922,1.37106,1.028160,1,0,33.8553,0,0,0,33.8553,0
26.7653,1.58229,0,0,4.39539,0.152322,0.36288,3.6288,11.7442,0.198322,0,0,0.80854,0.151542,0,0.66528,12.849,1,0.830936,0.36288,0,78.3304,4.67382,73.1885,0.84672,12.849,0.84672,3695.15,0,36.966,0.64961,1.42678,1.90171,10.8128,1.4711,12.0206,0.42336,36.966,0.42336,423.524,0,1.02816,0,0,2.45494,1.42678,1.028160,1,0,85.2091,0,0,0,85.2091,0
28.8254,1.68799,0,0,4.26378,0.152871,0.36288,3.6288,12.2664,0.216711,0,0,0.895787,0.15684,0,0.66528,12.849,1,0.81034,0.36288,0,93.9591,4.73466,88.777,0.84672,12.849,0.84672,3695.15,0,36.966,0.682122,1.31664,1.90171,8.56397,1.49786,9.60233,0.42336,36.966,0.42336,423.524,0,1.02816,0,0,2.3448,1.31664,1.028160,1,0,98.3793,0,0,0,98.3793,0
30.6785,1.72806,0,0,4.10132,0.157281,0.36288,3.6288,12.6834,0.223949,0,0,0.799053,0.158097,0,0.66528,12.849,1,0.770288,0.36288,0,95.6897,4.73466,90.5477,0.84672,12.849,0.84672,3695.15,0,36.966,0.674893,1.25835,1.95698,7.98708,1.49786,9.02965,0.42336,36.966,0.42336,423.524,0,1.02816,0,0,2.28651,1.25835,1.028160,1,0,99.5773,0,0,0,99.5773,0
31.5391,1.76087,0,0,3.15491,0.170551,0.36288,3.6288,12.9166,0.229621,0,0,0.61906,0.156214,0,0.66528,12.849,1,0.7375,0.36288,0,82.2407,4.52139,77.3447,0.84672,12.849,0.84672,3695.15,0,36.966,0.669233,0.678974,1.95699,5.18436,1.43736,5.71373,0.42336,36.966,0.42336,423.524,0,1.02816,0,0,1.70713,0.678974,1.028160,1,0,83.0584,0,0,0,83.0584,0
32.4091,1.77518,0,0,3.22395,0.215877,0.36288,3.6288,13.167,0.232752,0,0,0.619752,0.136595,0,0.66528,12.849,1,0.723206,0.36288,0,75.4574,3.73722,71.3599,0.84672,12.849,0.84672,3695.15,0,36.966,0.666111,0.818536,1.957,5.03518,1.0808,6.0638,0.42336,36.966,0.42336,423.524,0,1.02816,0,0,1.8467,0.818536,1.028160,1,0,77.4237,0,0,0,77.4237,0
33.2349,1.98472,0,0,3.37405,0.20069,0.36288,3.6288,13.3312,0.286252,0,0,0.584017,0.133577,0,0.66528,12.849,1,0.786867,0.36288,0,74.3947,4.39782,69.5729,0.84672,12.849,0.84672,3695.15,0,36.966,0.803643,0.917749,1.95702,5.35417,1.08939,6.33591,0.42336,36.966,0.42336,423.524,0,1.02816,0,0,1.94591,0.917749,1.028160,1,0,75.9088,0,0,0,75.9088,0
34.5986,1.99883,0,0,3.92821,0.202766,0.36288,3.6288,13.5396,0.288879,0,0,0.631204,0.133921,0,0.66528,12.849,1,0.772772,0.36288,0,88.2446,4.39782,83.4369,0.84672,12.849,0.84672,3695.15,0,36.966,0.801028,1.10557,2.1558,5.82946,1.08939,7.20042,0.42336,36.966,0.42336,423.524,0,1.02816,0,0,2.13373,1.10557,1.028160,1,0,90.6373,0,0,0,90.6373,0
35.992,2.02106,0,0,3.98357,0.206194,0.36288,3.6288,13.7348,0.292187,0,0,0.621678,0.134358,0,0.66528,12.849,1,0.750567,0.36288,0,89.5916,4.39782,84.8061,0.84672,12.849,0.84672,3695.15,0,36.966,0.797731,1.11376,2.15582,6.11922,1.08939,7.50167,0.42336,36.966,0.42336,423.524,0,1.02816,0,0,2.14192,1.11376,1.028160,1,0,92.3078,0,0,0,92.3078,0
37.8799,2.04248,0,0,4.50916,0.215922,0.36288,3.6288,14.4463,0.29526,0,0,1.11943,0.112621,0,0.66528,12.849,1,0.729158,0.36288,0,105.252,3.58634,101.3,0.84672,12.849,0.84672,3695.15,0,36.966,0.794669,2.48189,2.15583,9.04568,0.803084,12.0857,0.42336,36.966,0.42336,423.524,0,1.02816,0,0,3.51005,2.48189,1.028160,1,0,113.386,0,0,0,113.386,0
40.5104,1.77867,0,0,5.03526,0.26322,0.36288,3.6288,15.3759,0.234227,0,0,1.25438,0.0906111,0,0.66528,12.849,1,0.603332,0.36288,0,109.259,3.31243,105.706,0.84672,12.849,0.84672,3695.15,0,36.966,0.599353,3.05498,2.15584,13.3072,0.704821,17.2138,0.42336,36.966,0.42336,423.524,0,1.02816,0,0,4.08314,3.05498,1.028160,1,0,122.92,0,0,0,122.92,0
42.209,1.80843,0,0,4.14132,0.271434,0.36288,3.6288,16.2555,0.244874,0,0,1.21646,0.0919063,0,0.66528,12.849,1,0.573593,0.36288,0,95.4755,3.31243,91.9523,0.84672,12.849,0.84672,3695.15,0,36.966,0.588716,2.52772,1.88477,10.7354,0.704821,13.8543,0.42336,36.966,0.42336,423.524,0,1.02816,0,0,3.55588,2.52772,1.028160,1,0,105.807,0,0,0,105.807,0
46.1247,1.82614,0,0,6.38164,0.276912,0.36288,3.6288,17.6484,0.254607,0,0,1.7406,0.093132,0,0.66528,12.849,1,0.555901,0.36288,0,174.04,3.31243,170.534,0.84672,12.849,0.84672,3695.15,0,36.966,0.578992,4.72141,1.88478,15.0186,0.704821,20.3409,0.42336,36.966,0.42336,423.524,0,1.02816,0,0,5.74957,4.72141,1.028160,1,0,190.875,0,0,0,190.875,0
50.559,1.86306,0,0,6.94602,0.285786,0.36288,3.6288,19.0453,0.269377,0,0,1.73508,0.0688117,0,0.66528,12.849,1,0.518994,0.36288,0,195.204,2.68485,192.363,0.84672,12.849,0.84672,3695.15,0,36.966,0.564232,4.86448,1.88479,17.4361,0.597336,23.0238,0.42336,36.966,0.42336,423.524,0,1.02816,0,0,5.89264,4.86448,1.028160,1,0,215.387,0,0,0,215.387,0
53.0934,1.89937,0,0,5.07069,0.274082,0.36288,3.6288,19.546,0.283452,0,0,0.857205,0.0730801,0,0.66528,12.849,1,0.482703,0.36288,0,141.566,3.41135,138.035,0.84672,12.849,0.84672,3695.15,0,36.966,0.550167,2.86934,1.8848,8.45078,0.579404,12.0754,0.42336,36.966,0.42336,423.524,0,1.02816,0,0,3.8975,2.86934,1.028160,1,0,150.111,0,0,0,150.111,0
54.504,1.99691,0,0,4.05179,0.281384,0.36288,3.6288,20.0073,0.310022,0,0,0.844979,0.073586,0,0.66528,12.849,1,0.483267,0.36288,0,88.2732,3.41135,84.7414,0.84672,12.849,0.84672,3695.15,0,36.966,0.586324,2.006,1.88481,7.28819,0.579404,10.0133,0.42336,36.966,0.42336,423.524,0,1.02816,0,0,3.03416,2.006,1.028160,1,0,94.7547,0,0,0,94.7547,0
55.5573,2.00704,0,0,3.70866,0.285448,0.36288,3.6288,20.316,0.314773,0,0,0.697524,0.0740521,0,0.66528,12.849,1,0.473149,0.36288,0,101.144,3.41135,97.6225,0.84672,12.849,0.84672,3695.15,0,36.966,0.581582,1.86261,1.95166,7.04817,0.579404,9.70145,0.42336,36.966,0.42336,423.524,0,1.02816,0,0,2.89077,1.86261,1.028160,1,0,107.324,0,0,0,107.324,0
56.132,2.01434,0,0,3.20166,0.24974,0.36288,3.6288,20.496,0.317911,0,0,0.588358,0.0905195,0,0.66528,12.849,1,0.465866,0.36288,0,94.4162,3.70219,90.611,0.84672,12.849,0.84672,3695.15,0,36.966,0.578455,1.6322,1.95167,7.01516,0.636655,9.38392,0.42336,36.966,0.42336,423.524,0,1.02816,0,0,2.66036,1.6322,1.028160,1,0,99.9949,0,0,0,99.9949,0
56.9838,2.01824,0,0,3.46442,0.2315,0.36288,3.6288,20.6697,0.319726,0,0,0.615086,0.121608,0,0.66528,12.849,1,0.461988,0.36288,0,81.3516,4.12386,77.1287,0.84672,12.849,0.84672,3695.15,0,36.966,0.57665,1.45924,1.95168,6.69384,0.819161,8.70895,0.42336,36.966,0.42336,423.524,0,1.02816,0,0,2.4874,1.45924,1.028160,1,0,85.8376,0,0,0,85.8376,0
57.6613,1.99259,0,0,3.20681,0.173795,0.36288,3.6288,20.6716,0.312732,0,0,0.461208,0.146577,0,0.66528,12.849,1,0.4493,0.36288,0,77.6831,4.44056,73.1561,0.84672,12.849,0.84672,3695.15,0,36.966,0.559294,1.3048,1.95169,5.81996,0.896588,7.62058,0.42336,36.966,0.42336,423.524,0,1.02816,0,0,2.33296,1.3048,1.028160,1,0,80.7767,0,0,0,80.7767,0
58.1667,1.99692,0,0,3.04016,0.174955,0.36288,3.6288,20.6552,0.312754,0,0,0.442925,0.146581,0,0.66528,12.849,1,0.444985,0.36288,0,72.8611,4.44056,68.3385,0.84672,12.849,0.84672,3695.15,0,36.966,0.559282,1.22335,1.92569,5.45962,0.896588,7.1528,0.42336,36.966,0.42336,423.524,0,1.02816,0,0,2.25151,1.22335,1.028160,1,0,75.4913,0,0,0,75.4913,0
58.4461,2.0001,0,0,2.81817,0.17582,0.36288,3.6288,20.7083,0.312598,0,0,0.512244,0.146549,0,0.66528,12.849,1,0.441822,0.36288,0,66.4822,4.44056,61.9627,0.84672,12.849,0.84672,3695.15,0,36.966,0.559448,1.53449,1.9257,5.97977,0.896588,7.98393,0.42336,36.966,0.42336,423.524,0,1.02816,0,0,2.56265,1.53449,1.028160,1,0,69.9466,0,0,0,69.9466,0
58.4942,2.00185,0,0,2.58845,0.17564,0.36288,3.6288,20.7166,0.313117,0,0,0.461657,0.140222,0,0.66528,12.849,1,0.440093,0.36288,0,60.1468,4.18094,55.8887,0.84672,12.849,0.84672,3695.15,0,36.966,0.558939,1.2663,1.92572,5.61148,0.890968,7.35359,0.42336,36.966,0.42336,423.524,0,1.02816,0,0,2.29446,1.2663,1.028160,1,0,63.2423,0,0,0,63.2423,0
58.093,2.1089,0,0,2.18009,0.109504,0.36288,3.6288,20.579,0.344227,0,0,0.367122,0.160509,0,0.66528,12.849,1,0.463246,0.36288,0,47.6175,4.29849,43.2187,0.84672,12.849,0.84672,3695.15,0,36.966,0.614226,0.76877,1.92573,4.46505,0.950412,5.59491,0.42336,36.966,0.42336,423.524,0,1.02816,0,0,1.79693,0.76877,1.028160,1,0,48.8136,0,0,0,48.8136,0
57.6308,2.10629,0,0,2.11612,0.109077,0.36288,3.6288,20.4659,0.342762,0,0,0.389876,0.160211,0,0.66528,12.849,1,0.465869,0.36288,0,45.3867,4.29849,40.9852,0.84672,12.849,0.84672,3695.15,0,36.966,0.615702,0.748164,2.01688,4.74991,0.950412,5.94883,0.42336,36.966,0.42336,423.524,0,1.02816,0,0,1.77632,0.748164,1.028160,1,0,46.9341,0,0,0,46.9341,0
56.8383,2.32865,0,0,2.00756,0.108586,0.36288,3.6288,20.2857,0.399107,0,0,0.37886,0.159965,0,0.66528,12.849,1,0.519182,0.36288,0,42.6286,4.29849,38.1738,0.84672,12.849,0.84672,3695.15,0,36.966,0.720877,0.672538,2.01689,4.39155,0.950412,5.40968,0.42336,36.966,0.42336,423.524,0,1.02816,0,0,1.7007,0.672538,1.028160,1,0,43.5835,0,0,0,43.5835,0
55.9287,2.32277,0,0,1.87504,0.0990107,0.36288,3.6288,20.0797,0.396842,0,0,0.356171,0.16529,0,0.66528,12.849,1,0.52509,0.36288,0,39.6345,4.49323,34.9791,0.84672,12.849,0.84672,3695.15,0,36.966,0.723153,0.577403,2.19334,4.25896,0.97806,5.32849,0.42336,36.966,0.42336,423.524,0,1.02816,0,0,1.60556,0.577403,1.028160,1,0,40.3076,0,0,0,40.3076,0
54.7252,2.31584,0,0,1.55515,0.0798939,0.36288,3.6288,19.8159,0.394235,0,0,0.273961,0.143591,0,0.66528,12.849,1,0.532038,0.36288,0,37.9744,4.17238,33.6328,0.84672,12.849,0.84672,3695.15,0,36.966,0.725772,0.519636,2.19335,3.10413,0.904033,4.18731,0.42336,36.966,0.42336,423.524,0,1.02816,0,0,1.5478,0.519636,1.028160,1,0,37.8201,0,0,0,37.8201,0
53.4457,2.23928,0,0,1.40158,0.0789372,0.36288,3.6288,19.5305,0.397435,0,0,0.25512,0.143075,0,0.66528,12.849,1,0.525763,0.36288,0,35.1964,4.17238,30.8612,0.84672,12.849,0.84672,3695.15,0,36.966,0.741405,0.322548,2.19337,2.95554,0.904033,3.82601,0.42336,36.966,0.42336,423.524,0,1.02816,0,0,1.35071,0.322548,1.028160,1,0,34.6872,0,0,0,34.6872,0
52.0922,2.2732,0,0,1.34025,0.0576969,0.36288,3.6288,19.1871,0.405175,0,0,0.241188,0.179366,0,0.66528,12.849,1,0.546504,0.36288,0,31.7315,4.87813,26.6698,0.84672,12.849,0.84672,3695.15,0,36.966,0.766889,0.305467,2.19239,2.80806,1.16164,3.37739,0.42336,36.966,0.42336,423.524,0,1.02816,0,0,1.33363,0.305467,1.028160,1,0,30.0472,0,0,0,30.0472,0
50.6132,2.26182,0,0,1.19464,0.0489225,0.36288,3.6288,18.8195,0.40049,0,0,0.226083,0.193191,0,0.66528,12.849,1,0.557898,0.36288,0,28.8285,5.16043,23.473,0.84672,12.849,0.84672,3695.15,0,36.966,0.771586,0.27934,2.22831,2.71636,1.26469,3.18773,0.42336,36.966,0.42336,423.524,0,1.02816,0,0,1.3075,0.27934,1.028160,1,0,26.6608,0,0,0,26.6608,0
48.9648,2.24883,0,0,1.01549,0.0521407,0.36288,3.6288,18.3246,0.470249,0,0,0.178531,0.20324,0,0.66528,12.849,1,0.570904,0.36288,0,24.6882,5.5298,18.9504,0.84672,12.849,0.84672,3695.15,0,36.966,0.92368,0.261274,2.22832,2.16594,1.36971,2.36215,0.42336,36.966,0.42336,423.524,0,0.806319,0,0,1.06759,0.261274,1.028160,1,0,21.3125,0,0,0,21.3125,0
47.3955,2.24705,0,0,1.09479,0.0541583,0.36288,3.6288,17.8862,0.437419,0,0,0.209096,0.210059,0,0.66528,12.849,1,0.589655,0.36288,0,30.3864,5.80681,24.3528,0.84672,12.849,0.84672,3695.15,0,36.966,0.882402,0.261274,2.22833,2.20492,1.44847,2.36365,0.42336,36.966,0.42336,423.524,0,0.892788,0,0,1.15406,0.261274,1.028160,1,0,26.7164,0,0,0,26.7164,0
45.7002,2.2757,0,0,0.996503,0.0532405,0.36288,3.6288,17.4165,0.433335,0,0,0.172462,0.208773,0,0.66528,12.849,1,0.616945,0.36288,0,24.4747,5.80681,18.4138,0.84672,12.849,0.84672,3695.15,0,36.966,0.895588,0.261274,2.24106,2.04888,1.44847,2.20716,0.42336,36.966,0.42336,423.524,0,0.917724,0,0,1.179,0.261274,1.028160,1,0,20.621,0,0,0,20.621,0
43.9335,2.25785,0,0,0.90631,0.0522491,0.36288,3.6288,16.8961,0.473613,0,0,0.160612,0.207396,0,0.66528,12.849,1,0.634813,0.36288,0,22.816,5.80681,16.7372,0.84672,12.849,0.84672,3695.15,0,36.966,1.00523,0.227405,2.27784,1.82594,1.44847,1.87749,0.42336,36.966,0.42336,423.524,0,0.767819,0,0,0.995224,0.227405,1.028160,1,0,18.6147,0,0,0,18.6147,0
42.2242,2.23811,0,0,0.938719,0.0471033,0.36288,3.6288,16.486,0.390087,0,0,0.185699,0.205777,0,0.66528,12.849,1,0.654569,0.36288,0,22.6405,5.9552,16.3936,0.84672,12.849,0.84672,3695.15,0,36.966,0.853446,0.227405,2.27785,2.40092,1.4761,2.57663,0.42336,36.966,0.42336,423.524,0,1.00314,0,0,1.23054,0.227405,1.028160,1,0,18.9703,0,0,0,18.9703,0
40.0539,2.38141,0,0,0.647585,0.0735653,0.36288,3.6288,15.952,0.509238,0,0,0.156148,0.180888,0,0.66528,12.849,1,0.724675,0.36288,0,18.8076,5.79863,12.6471,0.84672,12.849,0.84672,3695.15,0,36.966,1.14185,0.227405,2.27787,1.57947,1.43274,1.51015,0.42336,36.966,0.42336,423.524,0,0.76299,0,0,0.990395,0.227405,1.028160,1,0,14.1573,0,0,0,14.1573,0
37.8419,2.3517,0,0,0.574267,0.0717059,0.36288,3.6288,15.3972,0.515931,0,0,0.140579,0.179448,0,0.66528,12.849,1,0.754409,0.36288,0,16.7144,5.79863,10.5243,0.84672,12.849,0.84672,3695.15,0,36.966,1.19558,0.227405,2.4472,1.53292,1.43274,1.5792,0.42336,36.966,0.42336,423.524,0,0.702579,0,0,0.929984,0.227405,1.028160,1,0,12.1035,0,0,0,12.1035,0
35.7336,2.3188,0,0,0.643277,0.0698841,0.36288,3.6288,14.8746,0.488898,0,0,0.144209,0.177952,0,0.66528,12.849,1,0.787335,0.36288,0,16.6143,5.79863,10.3912,0.84672,12.849,0.84672,3695.15,0,36.966,1.17376,0.204422,2.44721,1.64299,1.43274,1.68813,0.42336,36.966,0.42336,423.524,0,0.751447,0,0,0.955869,0.204422,1.028160,1,0,12.0793,0,0,0,12.0793,0
34.0332,2.28464,0,0,1.0295,0.0823368,0.36288,3.6288,14.4598,0.418128,0,0,0.177232,0.173847,0,0.66528,12.849,1,0.821507,0.36288,0,27.6012,5.67988,21.4627,0.84672,12.849,0.84672,3695.15,0,36.966,1.03913,0.204422,2.44723,1.791,1.41817,1.98535,0.42336,36.966,0.42336,423.524,0,0.956863,0,0,1.16129,0.204422,1.028160,1,0,23.448,0,0,0,23.448,0
32.4982,2.25486,0,0,1.19964,0.116881,0.36288,3.6288,14.1164,0.389704,0,0,0.214159,0.167887,0,0.66528,12.849,1,0.851308,0.36288,0,25.5664,5.27205,19.8059,0.84672,12.849,0.84672,3695.15,0,36.966,0.996265,0.248651,2.44724,1.61336,1.35045,1.96254,0.42336,36.966,0.42336,423.524,0,1.02816,0,0,1.27681,0.248651,1.028160,1,0,21.7684,0,0,0,21.7684,0
30.8903,2.15153,0,0,1.0524,0.145968,0.36288,3.6288,13.8048,0.383149,0,0,0.224136,0.152586,0,0.66528,12.849,1,0.850663,0.36288,0,24.3361,4.03013,19.8182,0.84672,12.849,0.84672,3695.15,0,36.966,1.00334,0.204422,2.44725,1.82566,0.997661,2.47634,0.42336,36.966,0.42336,423.524,0,0.926053,0,0,1.13047,0.204422,1.028160,1,0,22.2945,0,0,0,22.2945,0
29.4409,2.07943,0,0,1.14595,0.153034,0.36288,3.6288,13.6964,0.339666,0,0,0.381163,0.149863,0,0.66528,12.849,1,0.864952,0.36288,0,26.0663,3.94107,21.6231,0.84672,12.849,0.84672,3695.15,0,36.966,0.909545,0.797628,2.34928,2.55557,0.986739,3.80619,0.42336,36.966,0.42336,423.524,0,1.02816,0,0,1.82579,0.797628,1.028160,1,0,25.4293,0,0,0,25.4293,0
27.9478,2.09006,0,0,1.11002,0.150098,0.36288,3.6288,13.5812,0.347234,0,0,0.38165,0.149611,0,0.66528,12.849,1,0.912174,0.36288,0,25.003,3.94107,20.5126,0.84672,12.849,0.84672,3695.15,0,36.966,0.937169,0.802734,2.31127,2.33988,0.986739,3.52998,0.42336,36.966,0.42336,423.524,0,1.02816,0,0,1.83089,0.802734,1.028160,1,0,24.0426,0,0,0,24.0426,0
26.6998,2.01707,0,0,1.28906,0.15718,0.36288,3.6288,13.4826,0.335649,0,0,0.391772,0.154769,0,0.66528,12.849,1,0.927348,0.36288,0,34.7442,4.40547,29.7743,0.84672,12.849,0.84672,3695.15,0,36.966,0.913586,0.641252,2.3493,2.47324,1.11239,3.43782,0.42336,36.966,0.42336,423.524,0,1.02816,0,0,1.66941,0.641252,1.028160,1,0,33.2121,0,0,0,33.2121,0
25.6062,1.77905,0,0,1.21611,0.167722,0.36288,3.6288,13.4857,0.273703,0,0,0.438549,0.161755,0,0.66528,12.849,1,0.856152,0.36288,0,30.7381,5.02467,25.2202,0.84672,12.849,0.84672,3695.15,0,36.966,0.750429,0.642349,2.3113,2.95767,1.27993,3.88096,0.42336,36.966,0.42336,423.524,0,1.02816,0,0,1.67051,0.642349,1.028160,1,0,29.1011,0,0,0,29.1011,0
24.9808,1.75472,0,0,1.65728,0.165151,0.36288,3.6288,13.6251,0.273752,0,0,0.574975,0.161763,0,0.66528,12.849,1,0.880504,0.36288,0,47.6048,5.02467,42.0625,0.84672,12.849,0.84672,3695.15,0,36.966,0.750391,1.07114,2.07944,5.86586,1.27993,6.98611,0.42336,36.966,0.42336,423.524,0,1.02816,0,0,2.0993,1.07114,1.028160,1,0,49.0487,0,0,0,49.0487,0
25.2993,1.74017,0,0,2.60988,0.188329,0.36288,3.6288,14.0179,0.275824,0,0,0.823288,0.154653,0,0.66528,12.849,1,0.895068,0.36288,0,67.2548,4.66722,62.0554,0.84672,12.849,0.84672,3695.15,0,36.966,0.74833,1.5845,2.07945,5.45275,1.22802,7.14035,0.42336,36.966,0.42336,423.524,0,1.02816,0,0,2.61266,1.5845,1.028160,1,0,69.1957,0,0,0,69.1957,0
27.3136,1.74766,0,0,4.32168,0.196764,0.36288,3.6288,14.6845,0.281592,0,0,1.09865,0.150502,0,0.66528,12.849,1,0.887601,0.36288,0,79.6409,4.49895,74.6173,0.84672,12.849,0.84672,3695.15,0,36.966,0.742573,2.17242,2.07946,9.12944,1.19467,11.4441,0.42336,36.966,0.42336,423.524,0,1.02816,0,0,3.20058,2.17242,1.028160,1,0,86.0613,0,0,0,86.0613,0
28.3163,1.64173,0,0,3.1953,0.188045,0.36288,3.6288,15.273,0.241204,0,0,0.969095,0.139356,0,0.66528,12.849,1,0.772309,0.36288,0,88.7985,4.34721,84.0418,0.84672,12.849,0.84672,3695.15,0,36.966,0.607196,2.29341,2.07947,5.50309,1.11917,8.14961,0.42336,36.966,0.42336,423.524,0,1.02816,0,0,3.32157,2.29341,1.028160,1,0,92.1914,0,0,0,92.1914,0
29.8935,1.66055,0,0,3.7913,0.190665,0.36288,3.6288,15.8601,0.248048,0,0,0.975776,0.140613,0,0.66528,12.849,1,0.753503,0.36288,0,89.2935,4.34721,84.5557,0.84672,12.849,0.84672,3695.15,0,36.966,0.600362,3.48415,1.90222,9.45371,1.11917,13.1205,0.42336,36.966,0.42336,423.524,0,1.02816,0,0,4.51231,3.48415,1.028160,1,0,97.6762,0,0,0,97.6762,0
30.3354,1.68837,0,0,2.68792,0.194786,0.36288,3.6288,15.8318,0.254724,0,0,0.368286,0.141866,0,0.66528,12.849,1,0.725704,0.36288,0,75.1041,4.34721,70.394,0.84672,12.849,0.84672,3695.15,0,36.966,0.593696,1.36613,1.90223,4.98773,1.11917,6.54323,0.42336,36.966,0.42336,423.524,0,1.02816,0,0,2.39429,1.36613,1.028160,1,0,76.9373,0,0,0,76.9373,0
30.8338,1.6958,0,0,2.74725,0.190159,0.36288,3.6288,15.8219,0.254408,0,0,0.408626,0.164164,0,0.66528,12.849,1,0.718283,0.36288,0,67.067,4.47666,62.235,0.84672,12.849,0.84672,3695.15,0,36.966,0.594021,1.00548,1.90224,3.87075,1.21906,4.96539,0.42336,36.966,0.42336,423.524,0,1.02816,0,0,2.03364,1.00548,1.028160,1,0,67.2004,0,0,0,67.2004,0
33.3805,1.70401,0,0,4.81247,0.198872,0.36288,3.6288,16.3268,0.254299,0,0,0.876559,0.117317,0,0.66528,12.849,1,0.710093,0.36288,0,133.84,3.01254,130.48,0.84672,12.849,0.84672,3695.15,0,36.966,0.59414,2.10578,1.90225,9.64885,0.851439,12.2113,0.42336,36.966,0.42336,423.524,0,1.02816,0,0,3.13394,2.10578,1.028160,1,0,142.692,0,0,0,142.692,0
35.3933,1.80459,0,0,4.38967,0.209406,0.36288,3.6288,17.0301,0.275525,0,0,1.07454,0.0957346,0,0.66528,12.849,1,0.694631,0.36288,0,121.479,2.40618,118.741,0.84672,12.849,0.84672,3695.15,0,36.966,0.623823,2.66482,1.90226,9.59895,0.68841,12.8538,0.42336,36.966,0.42336,423.524,0,1.02816,0,0,3.69298,2.66482,1.028160,1,0,131.595,0,0,0,131.595,0
38.4812,1.83357,0,0,5.49901,0.214621,0.36288,3.6288,17.8058,0.28365,0,0,1.15612,0.0967408,0,0.66528,12.849,1,0.66565,0.36288,0,112.838,2.40618,110.129,0.84672,12.849,0.84672,3695.15,0,36.966,0.615699,2.7819,1.95755,10.9501,0.68841,14.3854,0.42336,36.966,0.42336,423.524,0,1.02816,0,0,3.81006,2.7819,1.028160,1,0,124.515,0,0,0,124.515,0
45.3853,1.87362,0,0,9.36317,0.222623,0.36288,3.6288,18.9115,0.292371,0,0,1.49587,0.09782,0,0.66528,12.849,1,0.625606,0.36288,0,203.176,2.40618,200.507,0.84672,12.849,0.84672,3695.15,0,36.966,0.606979,3.84353,1.95755,16.5578,0.68841,21.0635,0.42336,36.966,0.42336,423.524,0,1.02816,0,0,4.87169,3.84353,1.028160,1,0,221.57,0,0,0,221.57,0
55.0843,1.94779,0,0,12.273,0.263331,0.36288,3.6288,20.2117,0.304382,0,0,1.70686,0.102331,0,0.66528,12.849,1,0.551437,0.36288,0,344.83,3.35886,341.283,0.84672,12.849,0.84672,3695.15,0,36.966,0.59497,5.65064,1.95755,24.4434,0.955136,30.5015,0.42336,36.966,0.42336,423.524,0,1.02816,0,0,6.6788,5.65064,1.028160,1,0,371.784,0,0,0,371.784,0
60.3371,2.2481,0,0,8.13024,0.266459,0.36288,3.6288,21.1666,0.385456,0,0,1.43879,0.098417,0,0.66528,12.849,1,0.524393,0.36288,0,253.18,3.29007,249.728,0.84672,12.849,0.84672,3695.15,0,36.966,0.704976,3.75772,1.95755,17.6586,1.04268,21.6262,0.42336,36.966,0.42336,423.524,0,1.02816,0,0,4.78588,3.75772,1.028160,1,0,271.354,0,0,0,271.354,0
63.3745,2.52884,0,0,6.20965,0.280496,0.36288,3.6288,21.7501,0.460451,0,0,1.14364,0.0996957,0,0.66528,12.849,1,0.538525,0.36288,0,173.367,3.29007,169.901,0.84672,12.849,0.84672,3695.15,0,36.966,0.804147,2.87087,2.15639,13.6081,1.04268,16.7885,0.42336,36.966,0.42336,423.524,0,1.02816,0,0,3.89903,2.87087,1.028160,1,0,186.69,0,0,0,186.69,0
65.7503,2.5503,0,0,5.5801,0.291128,0.36288,3.6288,22.3634,0.468443,0,0,1.1671,0.0853232,0,0.66528,12.849,1,0.517066,0.36288,0,154.761,2.91199,151.694,0.84672,12.849,0.84672,3695.15,0,36.966,0.796156,3.52211,2.34621,13.5943,0.934273,17.7322,0.42336,36.966,0.42336,423.524,0,1.02816,0,0,4.55027,3.52211,1.028160,1,0,169.427,0,0,0,169.427,0
69.9089,2.56593,0,0,7.36586,0.278527,0.36288,3.6288,23.4783,0.476674,0,0,1.69766,0.106102,0,0.66528,12.849,1,0.501437,0.36288,0,232.799,3.19614,229.464,0.84672,12.849,0.84672,3695.15,0,36.966,0.787927,4.76166,2.34621,18.8343,0.965973,24.1883,0.42336,36.966,0.42336,423.524,0,1.02816,0,0,5.78982,4.76166,1.028160,1,0,253.652,0,0,0,253.652,0
72.29,2.23031,0,0,8.45683,0.321105,3.52427,3.6288,24.7304,0.382051,0,0,1.76751,0.133351,0,0.66528,12.849,1,0.409923,3.52427,0,223.013,3.82757,222.3,0.84672,12.849,0.84672,3695.15,0,36.966,0.60153,6.45678,2.34621,22.459,1.18182,29.4786,0.42336,36.966,0.42336,423.524,0,1.02816,0,0,7.48494,6.45678,1.028160,1,0,251.779,0,0,0,251.779,0
72.29,2.24178,0,0,8.18709,0.327014,5.6183,3.6288,25.902,0.39426,0,0,1.70111,0.135309,0,0.66528,12.849,1,0.398459,5.6183,0,207.095,3.82757,208.487,0.84672,12.849,0.84672,3695.15,0,36.966,0.589323,5.26284,2.04905,19.2507,1.18182,24.7914,0.42336,36.966,0.42336,423.524,0,1.02816,0,0,6.291,5.26284,1.028160,1,0,233.278,0,0,0,233.278,0
72.29,2.24178,0,0,8.07166,0.327014,5.50287,3.6288,27.1389,0.405242,0,0,1.77936,0.137141,0,0.66528,12.849,1,0.398459,5.50287,0,206.384,3.82757,207.661,0.84672,12.849,0.84672,3695.15,0,36.966,0.578342,5.73895,2.04905,19.6962,1.18182,25.724,0.42336,36.966,0.42336,423.524,0,1.02816,0,0,6.76711,5.73895,1.028160,1,0,233.385,0,0,0,233.385,0
72.29,2.24178,0,0,6.19571,0.285581,3.66835,3.6288,27.9555,0.416403,0,0,1.36522,0.132208,0,0.66528,12.849,1,0.398459,3.66835,0,144.568,4.24421,143.594,0.84672,12.849,0.84672,3695.15,0,36.966,0.567183,4.40475,2.04905,16.7628,1.26273,21.3867,0.42336,36.966,0.42336,423.524,0,1.02816,0,0,5.43291,4.40475,1.028160,1,0,164.98,0,0,0,164.98,0
72.29,2.24178,0,0,6.8128,0.327572,4.24345,3.6288,29.5437,0.423538,0,0,2.10976,0.0980959,0,0.66528,12.849,1,0.39846,4.24345,0,146.498,4.22532,146.118,0.84672,12.849,0.84672,3695.15,0,36.966,0.56005,5.43105,2.04906,17.9747,1.31146,23.5833,0.42336,36.966,0.42336,423.524,0,1.02816,0,0,6.45921,5.43105,1.028160,1,0,169.701,0,0,0,169.701,0
72.29,2.33308,0,0,6.65232,0.336855,3.98239,3.6288,30.311,0.467449,0,0,1.36284,0.128069,0,0.66528,12.849,1,0.414687,3.98239,0,184.061,4.18079,183.447,0.84672,12.849,0.84672,3695.15,0,36.966,0.584888,4.05809,2.04906,13.1837,1.27205,17.4339,0.42336,36.966,0.42336,423.524,0,1.02816,0,0,5.08625,4.05809,1.028160,1,0,200.881,0,0,0,200.881,0
72.29,2.33308,0,0,4.14261,0.336855,1.47268,3.6288,30.5834,0.474121,0,0,0.875651,0.129171,0,0.66528,12.849,1,0.414687,1.47268,0,111.211,4.18079,108.089,0.84672,12.849,0.84672,3695.15,0,36.966,0.578218,2.45049,2.12232,8.89782,1.27205,11.6204,0.42336,36.966,0.42336,423.524,0,1.02816,0,0,3.47865,2.45049,1.028160,1,0,119.709,0,0,0,119.709,0
72.29,2.33308,0,0,3.45774,0.336855,0.787801,3.6288,30.7275,0.476453,0,0,0.750129,0.129562,0,0.66528,12.849,1,0.414687,0.787801,0,80.2215,4.18079,76.4139,0.84672,12.849,0.84672,3695.15,0,36.966,0.575887,2.30294,2.12232,7.89108,1.27205,10.4684,0.42336,36.966,0.42336,423.524,0,1.02816,0,0,3.3311,2.30294,1.028160,1,0,86.8823,0,0,0,86.8823,0
72.29,2.33308,0,0,3.39059,0.318924,0.73858,3.6288,30.7969,0.47768,0,0,0.675955,0.12889,0,0.66528,12.849,1,0.414688,0.73858,0,74.3342,3.53057,71.1276,0.84672,12.849,0.84672,3695.15,0,36.966,0.574662,1.6562,2.12233,6.07306,1.20714,8.06979,0.42336,36.966,0.42336,423.524,0,1.02816,0,0,2.68436,1.6562,1.028160,1,0,79.1974,0,0,0,79.1974,0
72.29,2.29739,0,0,3.30275,0.305476,0.699887,3.6288,30.9011,0.466134,0,0,0.698725,0.128329,0,0.66528,12.849,1,0.408344,0.699887,0,72.4732,3.0429,69.7218,0.84672,12.849,0.84672,3695.15,0,36.966,0.559508,1.34641,2.12233,5.46955,1.15845,7.22032,0.42336,36.966,0.42336,423.524,0,1.02816,0,0,2.37457,1.34641,1.028160,1,0,76.9421,0,0,0,76.9421,0
72.29,2.29739,0,0,3.44953,0.305476,0.846661,3.6288,30.9042,0.466994,0,0,0.598523,0.128477,0,0.66528,12.849,1,0.408344,0.846661,0,71.8779,3.0429,69.2733,0.84672,12.849,0.84672,3695.15,0,36.966,0.55865,0.943419,2.09382,6.41781,1.15845,7.73795,0.42336,36.966,0.42336,423.524,0,1.02816,0,0,1.97158,0.943419,1.028160,1,0,77.0113,0,0,0,77.0113,0
72.29,2.29739,0,0,3.37101,0.268983,0.804631,3.6288,30.8786,0.46702,0,0,0.583654,0.142181,0,0.66528,12.849,1,0.408344,0.804631,0,71.4632,4.44645,67.413,0.84672,12.849,0.84672,3695.15,0,36.966,0.558625,1.0316,2.09382,5.79819,1.21379,7.1512,0.42336,36.966,0.42336,423.524,0,1.02816,0,0,2.05976,1.0316,1.028160,1,0,74.5642,0,0,0,74.5642,0
72.2547,2.2974,0,0,2.83392,0.208912,0.36288,3.6288,30.8124,0.46681,0,0,0.551651,0.151073,0,0.66528,12.849,1,0.408345,0.36288,0,48.2435,4.71169,43.4864,0.84672,12.849,0.84672,3695.15,0,36.966,0.558836,0.902275,2.09382,5.05431,1.29037,6.2012,0.42336,36.966,0.42336,423.524,0,1.02816,0,0,1.93044,0.902275,1.028160,1,0,49.6876,0,0,0,49.6876,0
72.2163,2.41838,0,0,2.94747,0.204612,0.36288,3.6288,30.7766,0.509311,0,0,0.588842,0.115303,0,0.66528,12.849,1,0.430059,0.36288,0,60.8583,3.22885,57.5622,0.84672,12.849,0.84672,3695.15,0,36.966,0.611027,0.942443,2.09383,5.15848,0.984592,6.59913,0.42336,36.966,0.42336,423.524,0,1.02816,0,0,1.9706,0.942443,1.028160,1,0,64.1614,0,0,0,64.1614,0
72.0256,2.41819,0,0,2.7949,0.204552,0.36288,3.6288,30.6418,0.508989,0,0,0.489391,0.115257,0,0.66528,12.849,1,0.430253,0.36288,0,55.7532,3.22885,52.457,0.84672,12.849,0.84672,3695.15,0,36.966,0.61135,0.642669,2.19373,4.76864,0.984592,6.00909,0.42336,36.966,0.42336,423.524,0,1.02816,0,0,1.67083,0.642669,1.028160,1,0,58.4661,0,0,0,58.4661,0
71.6771,2.41723,0,0,2.6254,0.193753,0.36288,3.6288,30.4754,0.507771,0,0,0.467999,0.126591,0,0.66528,12.849,1,0.431221,0.36288,0,50.5485,3.43258,47.0476,0.84672,12.849,0.84672,3695.15,0,36.966,0.612571,0.414582,2.19373,4.04545,1.03915,5.00204,0.42336,36.966,0.42336,423.524,0,1.02816,0,0,1.44274,0.414582,1.028160,1,0,52.0496,0,0,0,52.0496,0
71.2183,2.41545,0,0,2.4499,0.130384,0.36288,3.6288,30.2164,0.50626,0,0,0.442532,0.195265,0,0.66528,12.849,1,0.432999,0.36288,0,48.6466,4.65497,43.9215,0.84672,12.849,0.84672,3695.15,0,36.966,0.614083,0.30729,2.19373,3.72222,1.36647,4.24269,0.42336,36.966,0.42336,423.524,0,1.02816,0,0,1.33545,0.30729,1.028160,1,0,48.1642,0,0,0,48.1642,0
70.7205,2.41309,0,0,2.41752,0.139364,0.36288,3.6288,30.0308,0.503894,0,0,0.468245,0.14994,0,0.66528,12.849,1,0.435362,0.36288,0,48.2025,4.41971,43.7103,0.84672,12.849,0.84672,3695.15,0,36.966,0.616451,0.748509,2.19373,4.3644,1.08265,5.60754,0.42336,36.966,0.42336,423.524,0,1.02816,0,0,1.77667,0.748509,1.028160,1,0,49.3178,0,0,0,49.3178,0
70.0988,2.38662,0,0,2.2682,0.1404,0.36288,3.6288,29.8046,0.525515,0,0,0.441435,0.142185,0,0.66528,12.849,1,0.433617,0.36288,0,45.7326,4.38049,41.2813,0.84672,12.849,0.84672,3695.15,0,36.966,0.646875,0.546506,2.19373,4.29049,1.03535,5.34851,0.42336,36.966,0.42336,423.524,0,1.02816,0,0,1.57467,0.546506,1.028160,1,0,46.6298,0,0,0,46.6298,0
69.3172,2.38337,0,0,2.08565,0.121005,0.36288,3.6288,29.5244,0.523323,0,0,0.418319,0.17518,0,0.66528,12.849,1,0.436868,0.36288,0,40.9461,4.94509,35.927,0.84672,12.849,0.84672,3695.15,0,36.966,0.649068,0.547534,2.22866,4.08515,1.24144,4.97083,0.42336,36.966,0.42336,423.524,0,1.02816,0,0,1.57569,0.547534,1.028160,1,0,40.8978,0,0,0,40.8978,0
68.4243,2.37922,0,0,1.95552,0.106317,0.36288,3.6288,29.1969,0.520589,0,0,0.392658,0.199568,0,0.66528,12.849,1,0.441024,0.36288,0,36.8011,5.36854,31.3544,0.84672,12.849,0.84672,3695.15,0,36.966,0.651804,0.508732,2.22866,3.93643,1.396,4.62601,0.42336,36.966,0.42336,423.524,0,1.02816,0,0,1.53689,0.508732,1.028160,1,0,35.9805,0,0,0,35.9805,0
67.3376,2.37437,0,0,1.74763,0.0971282,0.36288,3.6288,28.8084,0.517363,0,0,0.345773,0.216895,0,0.66528,12.849,1,0.445869,0.36288,0,34.0292,5.67751,28.2687,0.84672,12.849,0.84672,3695.15,0,36.966,0.655031,0.293138,2.22866,3.49783,1.43382,3.93078,0.42336,36.966,0.42336,423.524,0,1.02816,0,0,1.3213,0.293138,1.028160,1,0,32.1995,0,0,0,32.1995,0
66.4366,2.42953,0,0,1.97653,0.0851299,0.36288,3.6288,28.4602,0.53381,0,0,0.42558,0.239922,0,0.66528,12.849,1,0.46359,0.36288,0,41.966,6.08947,35.7758,0.84672,12.849,0.84672,3695.15,0,36.966,0.684968,0.301579,2.22866,3.70564,1.48425,4.06666,0.42336,36.966,0.42336,423.524,0,1.02816,0,0,1.32974,0.301579,1.028160,1,0,39.8424,0,0,0,39.8424,0
65.3844,2.42426,0,0,1.8195,0.0845252,0.36288,3.6288,28.0519,0.530166,0,0,0.360802,0.238977,0,0.66528,12.849,1,0.468859,0.36288,0,34.4702,6.08947,28.2748,0.84672,12.849,0.84672,3695.15,0,36.966,0.688614,0.382208,2.27816,3.58299,1.48425,4.07049,0.42336,36.966,0.42336,423.524,0,1.02816,0,0,1.41037,0.382208,1.028160,1,0,32.3453,0,0,0,32.3453,0
64.1858,2.41796,0,0,1.66603,0.083819,0.36288,3.6288,27.6008,0.547392,0,0,0.334178,0.237869,0,0.66528,12.849,1,0.475165,0.36288,0,32.7639,6.08947,26.5622,0.84672,12.849,0.84672,3695.15,0,36.966,0.721337,0.227405,2.27816,3.14942,1.48425,3.44939,0.42336,36.966,0.42336,423.524,0,0.978212,0,0,1.20562,0.227405,1.028160,1,0,30.0115,0,0,0,30.0115,0
63.0988,2.41057,0,0,1.76027,0.0738149,0.36288,3.6288,27.2229,0.521001,0,0,0.383629,0.240508,0,0.66528,12.849,1,0.482559,0.36288,0,32.1337,6.23903,25.775,0.84672,12.849,0.84672,3695.15,0,36.966,0.697782,0.418591,2.27816,4.16624,1.51413,4.65108,0.42336,36.966,0.42336,423.524,0,1.02816,0,0,1.44675,0.418591,1.028160,1,0,30.4261,0,0,0,30.4261,0
61.873,2.58097,0,0,1.78719,0.0690897,0.36288,3.6288,26.7881,0.587897,0,0,0.384286,0.231239,0,0.66528,12.849,1,0.525572,0.36288,0,34.3869,6.16947,28.0547,0.84672,12.849,0.84672,3695.15,0,36.966,0.798305,0.424518,2.27816,4.31324,1.522,4.69562,0.42336,36.966,0.42336,423.524,0,1.02816,0,0,1.45268,0.424518,1.028160,1,0,32.7503,0,0,0,32.7503,0
60.8709,2.57236,0,0,1.997,0.0638856,0.36288,3.6288,26.4458,0.582452,0,0,0.472228,0.232012,0,0.66528,12.849,1,0.534194,0.36288,0,43.7565,6.24425,37.3409,0.84672,12.849,0.84672,3695.15,0,36.966,0.803751,0.796124,2.4475,4.57823,1.53693,5.48117,0.42336,36.966,0.42336,423.524,0,1.02816,0,0,1.82428,0.796124,1.028160,1,0,42.8221,0,0,0,42.8221,0
59.4572,2.5651,0,0,1.57769,0.0633581,0.36288,3.6288,25.9813,0.578115,0,0,0.34471,0.231116,0,0.66528,12.849,1,0.541456,0.36288,0,45.1554,6.24425,38.7326,0.84672,12.849,0.84672,3695.15,0,36.966,0.80809,0.278778,2.4475,3.62767,1.53693,4.00893,0.42336,36.966,0.42336,423.524,0,1.02816,0,0,1.30694,0.278778,1.028160,1,0,42.7415,0,0,0,42.7415,0
58.4313,2.55451,0,0,1.954,0.0625501,0.36288,3.6288,25.7527,0.572153,0,0,0.57348,0.229899,0,0.66528,12.849,1,0.552043,0.36288,0,40.018,6.24425,33.5846,0.84672,12.849,0.84672,3695.15,0,36.966,0.814054,1.30289,2.44751,5.45136,1.53693,6.85078,0.42336,36.966,0.42336,423.524,0,1.02816,0,0,2.33105,1.30289,1.028160,1,0,40.4353,0,0,0,40.4353,0
57.5144,2.54657,0,0,2.03398,0.0414418,0.36288,3.6288,25.4185,0.569187,0,0,0.471588,0.236622,0,0.66528,12.849,1,0.559989,0.36288,0,38.8331,5.54463,33.0913,0.84672,12.849,0.84672,3695.15,0,36.966,0.817022,1.08971,2.44751,8.93526,1.53066,10.1248,0.42336,36.966,0.42336,423.524,0,1.02816,0,0,2.11787,1.08971,1.028160,1,0,43.2161,0,0,0,43.2161,0
57.1306,2.45426,0,0,2.51569,0.0823365,0.36288,3.6288,25.1624,0.523407,0,0,0.477939,0.21068,0,0.66528,12.849,1,0.548293,0.36288,0,34.2643,4.95558,29.1233,0.84672,12.849,0.84672,3695.15,0,36.966,0.761187,1.16923,2.44751,7.58748,1.42195,9.02108,0.42336,36.966,0.42336,423.524,0,1.02816,0,0,2.19739,1.16923,1.028160,1,0,38.1443,0,0,0,38.1443,0
58.1497,2.45125,0,0,3.91523,0.0820269,0.36288,3.6288,25.2245,0.520269,0,0,0.792431,0.210061,0,0.66528,12.849,1,0.551301,0.36288,0,55.6996,4.95558,50.5556,0.84672,12.849,0.84672,3695.15,0,36.966,0.764327,2.75737,2.34951,13.5342,1.42195,16.4548,0.42336,36.966,0.42336,423.524,0,1.02816,0,0,3.78553,2.75737,1.028160,1,0,67.0104,0,0,0,67.0104,0
58.8461,2.45917,0,0,3.60136,0.0828489,0.36288,3.6288,25.222,0.521033,0,0,0.72881,0.210211,0,0.66528,12.849,1,0.543388,0.36288,0,100.919,4.95558,95.7826,0.84672,12.849,0.84672,3695.15,0,36.966,0.763564,2.41085,2.34951,11.4397,1.42195,14.0145,0.42336,36.966,0.42336,423.524,0,1.02816,0,0,3.43901,2.41085,1.028160,1,0,109.797,0,0,0,109.797,0
61.8483,2.46445,0,0,6.00841,0.178962,0.36288,3.6288,25.4163,0.521004,0,0,0.918544,0.20325,0,0.66528,12.849,1,0.53811,0.36288,0,103.585,5.18577,98.224,0.84672,12.849,0.84672,3695.15,0,36.966,0.763595,2.65947,2.34952,16.4373,1.42622,19.2565,0.42336,36.966,0.42336,423.524,0,1.02816,0,0,3.68763,2.65947,1.028160,1,0,117.48,0,0,0,117.48,0
65.5643,2.41539,0,0,6.71308,0.218777,0.36288,3.6288,25.9306,0.485697,0,0,1.15908,0.159159,0,0.66528,12.849,1,0.501798,0.36288,0,159.411,3.54595,155.727,0.84672,12.849,0.84672,3695.15,0,36.966,0.706407,3.32858,2.34952,23.9428,0.888329,28.0262,0.42336,36.966,0.42336,423.524,0,1.02816,0,0,4.35674,3.32858,1.028160,1,0,183.753,0,0,0,183.753,0
67.4917,2.43917,0,0,4.95494,0.225477,0.36288,3.6288,26.2274,0.491473,0,0,0.948443,0.160098,0,0.66528,12.849,1,0.478018,0.36288,0,104.222,3.54595,100.561,0.84672,12.849,0.84672,3695.15,0,36.966,0.700633,2.74685,2.26206,19.5975,0.888329,23.0174,0.42336,36.966,0.42336,423.524,0,1.02816,0,0,3.77501,2.74685,1.028160,1,0,123.578,0,0,0,123.578,0
70.6818,2.45064,0,0,6.23255,0.228951,0.36288,3.6288,26.6189,0.494765,0,0,1.04689,0.16064,0,0.66528,12.849,1,0.46655,0.36288,0,123.31,3.54595,119.66,0.84672,12.849,0.84672,3695.15,0,36.966,0.697342,3.26195,2.26206,21.3981,0.888329,25.3364,0.42336,36.966,0.42336,423.524,0,1.02816,0,0,4.29011,3.26195,1.028160,1,0,144.997,0,0,0,144.997,0
72.29,2.46846,0,0,6.93839,0.245237,2.61647,3.6288,27.2369,0.499059,0,0,1.2809,0.163884,0,0.66528,12.849,1,0.448733,2.61647,0,176.908,3.60395,175.472,0.84672,12.849,0.84672,3695.15,0,36.966,0.69305,4.08841,2.26206,25.5379,0.901867,30.2934,0.42336,36.966,0.42336,423.524,0,1.02816,0,0,5.11657,4.08841,1.028160,1,0,205.766,0,0,0,205.766,0
72.29,2.27106,0,0,7.20498,0.238419,4.6955,3.6288,28.2307,0.424005,0,0,1.56406,0.146241,0,0.66528,12.849,1,0.403664,4.6955,0,203.841,4.36159,203.771,0.84672,12.849,0.84672,3695.15,0,36.966,0.575462,5.58951,2.26206,22.2388,1.02013,28.4947,0.42336,36.966,0.42336,423.524,0,1.02816,0,0,6.61767,5.58951,1.028160,1,0,232.266,0,0,0,232.266,0
72.29,2.27106,0,0,9.20506,0.238419,6.69557,3.6288,29.2001,0.432778,0,0,1.55007,0.147886,0,0.66528,12.849,1,0.403664,6.69557,0,215.689,4.36159,217.619,0.84672,12.849,0.84672,3695.15,0,36.966,0.566691,5.35616,2.06779,17.3611,1.02013,23.1983,0.42336,36.966,0.42336,423.524,0,1.02816,0,0,6.38432,5.35616,1.028160,1,0,240.818,0,0,0,240.818,0
72.29,2.27106,0,0,9.10587,0.235111,6.59969,3.6288,31.4675,0.441081,0,0,2.86667,0.158197,0,0.66528,12.849,1,0.403665,6.59969,0,103.167,4.58642,104.776,0.84672,12.849,0.84672,3695.15,0,36.966,0.558389,6.76814,2.06779,23.3712,1.09532,30.5534,0.42336,36.966,0.42336,423.524,0,1.02816,0,0,7.7963,6.76814,1.028160,1,0,135.33,0,0,0,135.33,0
72.29,2.27107,0,0,7.65406,0.26129,5.1217,3.6288,32.9259,0.459583,0,0,2.09786,0.179822,0,0.66528,12.849,1,0.403665,5.1217,0,134.844,4.07324,135.489,0.84672,12.849,0.84672,3695.15,0,36.966,0.539889,6.09288,2.06779,19.3241,1.15211,25.7928,0.42336,36.966,0.42336,423.524,0,1.02816,0,0,7.12104,6.09288,1.028160,1,0,161.282,0,0,0,161.282,0
72.29,2.27107,0,0,7.03036,0.269554,4.48974,3.6288,34.7167,0.470849,0,0,2.43262,0.17105,0,0.66528,12.849,1,0.403665,4.48974,0,117.781,4.37871,117.489,0.84672,12.849,0.84672,3695.15,0,36.966,0.528623,4.94735,2.06779,18.0748,1.16571,23.3956,0.42336,36.966,0.42336,423.524,0,1.02816,0,0,5.97551,4.94735,1.028160,1,0,140.884,0,0,0,140.884,0
72.29,2.35026,0,0,5.41351,0.299707,2.76355,3.6288,35.3363,0.511071,0,0,1.30791,0.17718,0,0.66528,12.849,1,0.417741,2.76355,0,139.32,4.56011,137.106,0.84672,12.849,0.84672,3695.15,0,36.966,0.544184,4.15516,2.06779,13.46,1.23983,17.8989,0.42336,36.966,0.42336,423.524,0,1.02816,0,0,5.18332,4.15516,1.028160,1,0,155.005,0,0,0,155.005,0
72.29,2.35025,0,0,4.56136,0.305256,1.90586,3.6288,35.7722,0.515731,0,0,1.13415,0.182567,0,0.66528,12.849,1,0.417738,1.90586,0,142.983,4.67439,139.797,0.84672,12.849,0.84672,3695.15,0,36.966,0.539516,2.50488,2.12837,12.4964,1.27548,15.3146,0.42336,36.966,0.42336,423.524,0,1.02816,0,0,3.53304,2.50488,1.028160,1,0,155.112,0,0,0,155.112,0
72.29,2.35023,0,0,4.40611,0.305256,1.75062,3.6288,36.0231,0.51896,0,0,0.953212,0.183349,0,0.66528,12.849,1,0.417736,1.75062,0,119.017,4.67439,115.675,0.84672,12.849,0.84672,3695.15,0,36.966,0.536279,2.4614,2.12836,9.5218,1.27548,12.2998,0.42336,36.966,0.42336,423.524,0,1.02816,0,0,3.48956,2.4614,1.028160,1,0,127.975,0,0,0,127.975,0
72.29,2.35022,0,0,4.64013,0.306264,1.98364,3.6288,36.5585,0.5208,0,0,1.241,0.184746,0,0.66528,12.849,1,0.417734,1.98364,0,124.601,4.61341,121.553,0.84672,12.849,0.84672,3695.15,0,36.966,0.534432,3.8454,2.12835,14.6089,1.27038,18.7779,0.42336,36.966,0.42336,423.524,0,1.02816,0,0,4.87356,3.8454,1.028160,1,0,140.331,0,0,0,140.331,0
72.29,2.60449,0,0,3.62553,0.312312,0.708724,3.6288,36.384,0.62881,0,0,0.645667,0.191421,0,0.66528,12.849,1,0.462928,0.708724,0,85.3502,4.24756,81.3485,0.84672,12.849,0.84672,3695.15,0,36.966,0.635819,0.804393,2.12834,6.83459,1.23977,7.89173,0.42336,36.966,0.42336,423.524,0,1.02816,0,0,1.83255,0.804393,1.028160,1,0,89.2402,0,0,0,89.2402,0
72.29,2.60448,0,0,4.24649,0.312312,1.3297,3.6288,36.645,0.627293,0,0,1.07941,0.191097,0,0.66528,12.849,1,0.462926,1.3297,0,97.5136,4.24756,94.1328,0.84672,12.849,0.84672,3695.15,0,36.966,0.637328,2.58563,2.34624,8.68579,1.23977,11.7406,0.42336,36.966,0.42336,423.524,0,1.02816,0,0,3.61379,2.58563,1.028160,1,0,105.873,0,0,0,105.873,0
72.29,2.60446,0,0,4.86276,0.312312,1.94598,3.6288,37.1523,0.629548,0,0,1.32848,0.191582,0,0.66528,12.849,1,0.462924,1.94598,0,106.707,4.24756,103.942,0.84672,12.849,0.84672,3695.15,0,36.966,0.635063,2.8855,2.34623,11.0115,1.23977,14.3684,0.42336,36.966,0.42336,423.524,0,1.02816,0,0,3.91366,2.8855,1.028160,1,0,118.31,0,0,0,118.31,0
72.29,2.60445,0,0,4.78064,0.327095,1.8491,3.6288,37.8936,0.633891,0,0,1.56136,0.18623,0,0.66528,12.849,1,0.462921,1.8491,0,105.877,4.26752,102.996,0.84672,12.849,0.84672,3695.15,0,36.966,0.630712,4.12919,2.34622,12.4038,1.24129,17.0072,0.42336,36.966,0.42336,423.524,0,1.02816,0,0,5.15735,4.12919,1.028160,1,0,120.003,0,0,0,120.003,0
72.29,2.24176,0,0,4.7277,0.278632,2.2073,3.6288,38.4799,0.49788,0,0,1.30104,0.216822,0,0.66528,12.849,1,0.398456,2.2073,0,102.244,4.38252,99.6704,0.84672,12.849,0.84672,3695.15,0,36.966,0.485693,2.70256,2.34621,10.6714,1.13779,14.0966,0.42336,36.966,0.42336,423.524,0,1.02816,0,0,3.73072,2.70256,1.028160,1,0,113.767,0,0,0,113.767,0
72.29,2.24175,0,0,5.04091,0.32037,2.47879,3.6288,39.3189,0.501651,0,0,1.53206,0.191438,0,0.66528,12.849,1,0.398454,2.47879,0,108.624,3.95934,106.745,0.84672,12.849,0.84672,3695.15,0,36.966,0.481915,2.83375,2.04904,12.9527,1.01597,16.3376,0.42336,36.966,0.42336,423.524,0,1.02816,0,0,3.86191,2.83375,1.028160,1,0,123.082,0,0,0,123.082,0
72.29,2.24174,0,0,6.27185,0.32037,3.70974,3.6288,40.14,0.506947,0,0,1.52103,0.192969,0,0.66528,12.849,1,0.398452,3.70974,0,137.193,3.95934,136.545,0.84672,12.849,0.84672,3695.15,0,36.966,0.476611,2.93857,2.04903,12.2698,1.01597,15.7649,0.42336,36.966,0.42336,423.524,0,1.02816,0,0,3.96673,2.93857,1.028160,1,0,152.31,0,0,0,152.31,0
72.29,2.24173,0,0,5.26873,0.32037,2.70663,3.6288,40.8003,0.512019,0,0,1.36678,0.194474,0,0.66528,12.849,1,0.39845,2.70663,0,114.595,3.95934,112.944,0.84672,12.849,0.84672,3695.15,0,36.966,0.471532,3.42212,2.04903,11.7016,1.01597,15.6852,0.42336,36.966,0.42336,423.524,0,1.02816,0,0,4.45028,3.42212,1.028160,1,0,128.629,0,0,0,128.629,0
72.29,2.24172,0,0,5.98886,0.308281,3.43886,3.6288,41.4949,0.516018,0,0,1.39239,0.181751,0,0.66528,12.849,1,0.398448,3.43886,0,127.87,3.92281,126.988,0.84672,12.849,0.84672,3695.15,0,36.966,0.467524,3.30083,2.04902,13.3783,0.890584,17.37,0.42336,36.966,0.42336,423.524,0,1.02816,0,0,4.32899,3.30083,1.028160,1,0,144.358,0,0,0,144.358,0
72.29,2.33299,0,0,4.67589,0.303446,2.03945,3.6288,42.0012,0.55651,0,0,1.24017,0.17735,0,0.66528,12.849,1,0.414672,2.03945,0,150.106,3.90821,147.823,0.84672,12.849,0.84672,3695.15,0,36.966,0.495771,3.15329,2.04901,11.2735,0.840428,15.1396,0.42336,36.966,0.42336,423.524,0,1.02816,0,0,4.18145,3.15329,1.028160,1,0,162.962,0,0,0,162.962,0
72.29,2.33298,0,0,3.76521,0.303446,1.12878,3.6288,42.3285,0.559685,0,0,1.06514,0.178218,0,0.66528,12.849,1,0.41467,1.12878,0,106.041,3.90821,102.847,0.84672,12.849,0.84672,3695.15,0,36.966,0.492588,2.74655,2.12226,9.77227,0.840428,13.3081,0.42336,36.966,0.42336,423.524,0,1.02816,0,0,3.77471,2.74655,1.028160,1,0,116.155,0,0,0,116.155,0
72.29,2.33297,0,0,3.19029,0.297576,0.559739,3.6288,42.5415,0.561713,0,0,0.916311,0.141511,0,0.66528,12.849,1,0.414668,0.559739,0,82.3297,3.19682,79.278,0.84672,12.849,0.84672,3695.15,0,36.966,0.490552,2.37743,2.12225,8.49338,0.857987,11.6445,0.42336,36.966,0.42336,423.524,0,1.02816,0,0,3.40559,2.37743,1.028160,1,0,90.9225,0,0,0,90.9225,0
72.1992,2.33296,0,0,2.8628,0.25779,0.36288,3.6288,42.52,0.563024,0,0,0.704968,0.163531,0,0.66528,12.849,1,0.414666,0.36288,0,67.1499,3.69387,63.4043,0.84672,12.849,0.84672,3695.15,0,36.966,0.489233,1.51626,2.12224,6.5543,0.969105,8.73447,0.42336,36.966,0.42336,423.524,0,1.02816,0,0,2.54442,1.51626,1.028160,1,0,72.1387,0,0,0,72.1387,0
72.0283,2.29682,0,0,2.72316,0.23433,0.36288,3.6288,42.387,0.548604,0,0,0.589861,0.174235,0,0.66528,12.849,1,0.408756,0.36288,0,56.3518,4.11831,52.1876,0.84672,12.849,0.84672,3695.15,0,36.966,0.476945,0.938183,2.12223,6.93663,1.00247,8.51764,0.42336,36.966,0.42336,423.524,0,1.02816,0,0,1.96634,0.938183,1.028160,1,0,60.7053,0,0,0,60.7053,0
72.29,2.29598,0,0,3.17415,0.234026,0.382438,3.6288,42.295,0.5478,0,0,0.62983,0.174013,0,0.66528,12.849,1,0.409576,0.382438,0,58.1913,4.11831,54.0459,0.84672,12.849,0.84672,3695.15,0,36.966,0.477741,0.934606,2.09372,5.94779,1.00247,7.49591,0.42336,36.966,0.42336,423.524,0,1.02816,0,0,1.96277,0.934606,1.028160,1,0,61.5418,0,0,0,61.5418,0
72.29,2.29723,0,0,3.55522,0.211658,1.04633,3.6288,42.2173,0.547242,0,0,0.648009,0.178477,0,0.66528,12.849,1,0.408315,1.04633,0,69.8889,4.28085,66.246,0.84672,12.849,0.84672,3695.15,0,36.966,0.478292,1.02259,2.09371,5.73384,0.972381,7.39947,0.42336,36.966,0.42336,423.524,0,1.02816,0,0,2.05075,1.02259,1.028160,1,0,73.6455,0,0,0,73.6455,0
71.8827,2.29722,0,0,2.43401,0.181213,0.36288,3.6288,42.0491,0.546768,0,0,0.563099,0.184496,0,0.66528,12.849,1,0.408313,0.36288,0,51.4129,4.49757,46.8699,0.84672,12.849,0.84672,3695.15,0,36.966,0.478757,0.731575,2.0937,5.15127,0.932263,6.56553,0.42336,36.966,0.42336,423.524,0,1.02816,0,0,1.75973,0.731575,1.028160,1,0,53.4355,0,0,0,53.4355,0
71.9146,2.41629,0,0,2.94869,0.137622,0.36288,3.6288,41.8377,0.596132,0,0,0.606264,0.221543,0,0.66528,12.849,1,0.431912,0.36288,0,66.1808,4.9725,61.1392,0.84672,12.849,0.84672,3695.15,0,36.966,0.524069,0.761461,2.09369,5.67829,1.05185,6.95752,0.42336,36.966,0.42336,423.524,0,1.02816,0,0,1.78962,0.761461,1.028160,1,0,68.0967,0,0,0,68.0967,0
71.8152,2.41645,0,0,2.78343,0.103501,0.36288,3.6288,41.5791,0.594722,0,0,0.566274,0.23013,0,0.66528,12.849,1,0.431747,0.36288,0,56.0291,5.15151,50.8087,0.84672,12.849,0.84672,3695.15,0,36.966,0.525471,0.598182,2.19358,5.51391,1.12792,6.65228,0.42336,36.966,0.42336,423.524,0,1.02816,0,0,1.62634,0.598182,1.028160,1,0,57.461,0,0,0,57.461,0
71.6784,2.41593,0,0,2.74539,0.103423,0.36288,3.6288,41.3245,0.592987,0,0,0.567942,0.229556,0,0.66528,12.849,1,0.432252,0.36288,0,53.0183,5.15151,47.7974,0.84672,12.849,0.84672,3695.15,0,36.966,0.527197,0.667163,2.19357,5.24948,1.12792,6.4551,0.42336,36.966,0.42336,423.524,0,1.02816,0,0,1.69532,0.667163,1.028160,1,0,54.2525,0,0,0,54.2525,0
71.2449,2.41521,0,0,2.46264,0.117998,0.36288,3.6288,41.0492,0.591269,0,0,0.541555,0.225617,0,0.66528,12.849,1,0.432949,0.36288,0,50.07,4.89767,45.1023,0.84672,12.849,0.84672,3695.15,0,36.966,0.528907,0.676633,2.19356,4.8349,1.13771,6.03848,0.42336,36.966,0.42336,423.524,0,1.02816,0,0,1.70479,0.676633,1.028160,1,0,51.1408,0,0,0,51.1408,0
70.3173,2.41297,0,0,1.95502,0.106789,0.36288,3.6288,40.7033,0.589398,0,0,0.499638,0.256178,0,0.66528,12.849,1,0.435179,0.36288,0,38.233,5.33155,32.8292,0.84672,12.849,0.84672,3695.15,0,36.966,0.53077,0.661288,2.19355,3.53031,1.32504,4.52934,0.42336,36.966,0.42336,423.524,0,1.02816,0,0,1.68945,0.661288,1.028160,1,0,37.3585,0,0,0,37.3585,0
69.0622,2.38425,0,0,1.586,0.0939852,0.36288,3.6288,40.263,0.6143,0,0,0.443547,0.26953,0,0.66528,12.849,1,0.435671,0.36288,0,31.8008,5.64049,26.0875,0.84672,12.849,0.84672,3695.15,0,36.966,0.557897,0.415299,2.19354,2.58852,1.39475,3.24471,0.42336,36.966,0.42336,423.524,0,1.02816,0,0,1.44346,0.415299,1.028160,1,0,29.3322,0,0,0,29.3322,0
67.6786,2.37756,0,0,1.44998,0.0930765,0.36288,3.6288,39.8094,0.611115,0,0,0.42593,0.268373,0,0.66528,12.849,1,0.442344,0.36288,0,28.7851,5.64049,23.0652,0.84672,12.849,0.84672,3695.15,0,36.966,0.561073,0.346922,2.22845,2.57705,1.39475,3.1966,0.42336,36.966,0.42336,423.524,0,1.02816,0,0,1.37508,0.346922,1.028160,1,0,26.2617,0,0,0,26.2617,0
66.257,2.36995,0,0,1.40328,0.0920749,0.36288,3.6288,39.2906,0.651673,0,0,0.400075,0.267211,0,0.66528,12.849,1,0.449942,0.36288,0,26.1869,5.64049,20.4593,0.84672,12.849,0.84672,3695.15,0,36.966,0.605127,0.261274,2.22844,2.50442,1.39475,2.99425,0.42336,36.966,0.42336,423.524,0,0.94354,0,0,1.20481,0.261274,1.028160,1,0,23.4536,0,0,0,23.4536,0
64.7752,2.36185,0,0,1.32462,0.08175,0.36288,3.6288,38.6956,0.69311,0,0,0.363532,0.265418,0,0.66528,12.849,1,0.458026,0.36288,0,23.3116,5.70082,17.5156,0.84672,12.849,0.84672,3695.15,0,36.966,0.652103,0.261274,2.22843,2.40627,1.40633,2.83755,0.42336,36.966,0.42336,423.524,0,0.855118,0,0,1.11639,0.261274,1.028160,1,0,20.3532,0,0,0,20.3532,0
63.3588,2.4139,0,0,1.41828,0.0578211,0.36288,3.6288,38.1501,0.69396,0,0,0.411199,0.262712,0,0.66528,12.849,1,0.478829,0.36288,0,28.0576,5.85165,22.09,0.84672,12.849,0.84672,3695.15,0,36.966,0.662941,0.261274,2.22842,2.51392,1.43526,2.90541,0.42336,36.966,0.42336,423.524,0,0.889799,0,0,1.15107,0.261274,1.028160,1,0,24.9954,0,0,0,24.9954,0
61.8544,2.40499,0,0,1.32059,0.0571622,0.36288,3.6288,37.6037,0.641815,0,0,0.356741,0.261348,0,0.66528,12.849,1,0.487725,0.36288,0,23.7571,5.85165,17.7806,0.84672,12.849,0.84672,3695.15,0,36.966,0.621894,0.261274,2.2779,2.53709,1.43526,3.01911,0.42336,36.966,0.42336,423.524,0,0.982981,0,0,1.24426,0.261274,1.028160,1,0,20.7997,0,0,0,20.7997,0
60.2609,2.39515,0,0,1.22097,0.0564623,0.36288,3.6288,36.978,0.69653,0,0,0.330826,0.259982,0,0.66528,12.849,1,0.497545,0.36288,0,22.7808,5.85165,16.7945,0.84672,12.849,0.84672,3695.15,0,36.966,0.684718,0.227405,2.27789,2.20599,1.43526,2.5913,0.42336,36.966,0.42336,423.524,0,0.865434,0,0,1.09284,0.227405,1.028160,1,0,19.3858,0,0,0,19.3858,0
58.7105,2.3843,0,0,1.24809,0.0512643,0.36288,3.6288,36.4679,0.616986,0,0,0.36739,0.26054,0,0.66528,12.849,1,0.508387,0.36288,0,21.667,5.92643,15.595,0.84672,12.849,0.84672,3695.15,0,36.966,0.616785,0.227405,2.27788,2.72862,1.4502,3.16692,0.42336,36.966,0.42336,423.524,0,1.0129,0,0,1.24031,0.227405,1.028160,1,0,18.7619,0,0,0,18.7619,0
57.0216,2.54834,0,0,1.23936,0.0170665,0.36288,3.6288,35.9725,0.66528,0,0,0.443634,0.273791,0,0.66528,12.849,1,0.557714,0.36288,0,27.7015,6.23135,21.2753,0.84672,12.849,0.84672,3695.15,0,36.966,0.720617,0.338239,2.27787,2.97281,1.55298,3.31532,0.42336,36.966,0.42336,423.524,0,1.02816,0,0,1.3664,0.338239,1.028160,1,0,24.5906,0,0,0,24.5906,0
55.1955,2.53485,0,0,1.0873,0.015621,0.36288,3.6288,35.4402,0.66528,0,0,0.405808,0.272782,0,0.66528,12.849,1,0.571192,0.36288,0,25.6871,6.20739,19.2714,0.84672,12.849,0.84672,3695.15,0,36.966,0.720608,0.275322,2.44718,2.84204,1.55517,3.28877,0.42336,36.966,0.42336,423.524,0,1.02816,0,0,1.30348,0.275322,1.028160,1,0,22.5601,0,0,0,22.5601,0
53.4788,2.51951,0,0,1.18102,0.0153402,0.36288,3.6288,34.9142,0.66528,0,0,0.410612,0.271363,0,0.66528,12.849,1,0.586518,0.36288,0,24.55,6.20739,18.119,0.84672,12.849,0.84672,3695.15,0,36.966,0.720598,0.285016,2.44717,3.0187,1.55517,3.47511,0.42336,36.966,0.42336,423.524,0,1.02816,0,0,1.31318,0.285016,1.028160,1,0,21.5941,0,0,0,21.5941,0
52.4077,2.50431,0,0,1.82416,0.028055,0.36288,3.6288,34.4754,0.66528,0,0,0.493906,0.267377,0,0.66528,12.849,1,0.601695,0.36288,0,39.6522,6.11833,33.2951,0.84672,12.849,0.84672,3695.15,0,36.966,0.720589,0.54597,2.44715,3.19019,1.54424,3.91848,0.42336,36.966,0.42336,423.524,0,1.02816,0,0,1.57413,0.54597,1.028160,1,0,37.2136,0,0,0,37.2136,0
51.6411,2.49443,0,0,2.10965,0.0189696,0.36288,3.6288,34.0687,0.66528,0,0,0.509484,0.250878,0,0.66528,12.849,1,0.611568,0.36288,0,34.416,5.9839,28.1834,0.84672,12.849,0.84672,3695.15,0,36.966,0.720579,0.391798,2.44714,3.5391,1.55927,4.09819,0.42336,36.966,0.42336,423.524,0,1.02816,0,0,1.41996,0.391798,1.028160,1,0,32.2816,0,0,0,32.2816,0
50.4911,2.40387,0,0,1.64481,0.0280792,0.36288,3.6288,33.601,0.621227,0,0,0.379313,0.225787,0,0.66528,12.849,1,0.598115,0.36288,0,24.3391,5.73966,18.3642,0.84672,12.849,0.84672,3695.15,0,36.966,0.674057,0.204422,2.44713,3.14766,1.52547,3.59969,0.42336,36.966,0.42336,423.524,0,1.01713,0,0,1.22155,0.204422,1.028160,1,0,21.9638,0,0,0,21.9638,0
49.8425,2.393,0,0,2.16786,0.0605922,0.36288,3.6288,33.1855,0.611502,0,0,0.398788,0.202828,0,0.66528,12.849,1,0.608972,0.36288,0,24.6143,5.5188,18.8494,0.84672,12.849,0.84672,3695.15,0,36.966,0.67274,0.279625,2.34914,2.53167,1.44961,3.03808,0.42336,36.966,0.42336,423.524,0,1.02816,0,0,1.30778,0.279625,1.028160,1,0,21.8875,0,0,0,21.8875,0
50.1265,2.38669,0,0,3.09371,0.0601788,0.36288,3.6288,33.0324,0.607512,0,0,0.656342,0.201924,0,0.66528,12.849,1,0.615269,0.36288,0,45.5289,5.5188,39.7577,0.84672,12.849,0.84672,3695.15,0,36.966,0.67672,1.1799,2.34913,4.74607,1.44961,6.14877,0.42336,36.966,0.42336,423.524,0,1.02816,0,0,2.20806,1.1799,1.028160,1,0,45.9065,0,0,0,45.9065,0
49.6565,2.38945,0,0,2.35657,0.0742145,0.36288,3.6288,32.7322,0.606028,0,0,0.49721,0.191356,0,0.66528,12.849,1,0.612492,0.36288,0,58.0026,5.25394,52.499,0.84672,12.849,0.84672,3695.15,0,36.966,0.678195,0.666567,2.34912,3.14854,1.38171,4.10432,0.42336,36.966,0.42336,423.524,0,1.02816,0,0,1.69473,0.666567,1.028160,1,0,56.6033,0,0,0,56.6033,0
48.3421,2.31702,0,0,1.5221,0.156562,0.36288,3.6288,32.4272,0.559672,0,0,0.384135,0.129528,0,0.66528,12.849,1,0.599547,0.36288,0,26.677,3.66482,22.7756,0.84672,12.849,0.84672,3695.15,0,36.966,0.632063,0.489215,2.34911,2.71724,0.974322,3.94918,0.42336,36.966,0.42336,423.524,0,1.02816,0,0,1.51737,0.489215,1.028160,1,0,26.7247,0,0,0,26.7247,0
48.8032,2.30413,0,0,3.28244,0.154359,0.36288,3.6288,32.1557,0.55689,0,0,0.414495,0.1291,0,0.66528,12.849,1,0.612422,0.36288,0,50.396,3.66482,46.4816,0.84672,12.849,0.84672,3695.15,0,36.966,0.634837,0.404395,2.26166,4.48888,0.974322,5.54577,0.42336,36.966,0.42336,423.524,0,1.02816,0,0,1.43256,0.404395,1.028160,1,0,52.0274,0,0,0,52.0274,0
52.5787,2.3087,0,0,6.60219,0.155132,0.36288,3.6288,32.5259,0.554392,0,0,1.05332,0.12872,0,0.66528,12.849,1,0.607839,0.36288,0,82.8669,3.66482,78.9572,0.84672,12.849,0.84672,3695.15,0,36.966,0.637326,2.32777,2.26165,7.7585,0.974322,10.7363,0.42336,36.966,0.42336,423.524,0,1.02816,0,0,3.35593,2.32777,1.028160,1,0,89.6934,0,0,0,89.6934,0
53.758,2.34376,0,0,4.04737,0.161417,0.36288,3.6288,32.7138,0.557783,0,0,0.874986,0.129239,0,0.66528,12.849,1,0.572761,0.36288,0,49.455,3.66482,45.5803,0.84672,12.849,0.84672,3695.15,0,36.966,0.633926,2.04313,2.26164,7.79465,0.974322,10.4912,0.42336,36.966,0.42336,423.524,0,1.02816,0,0,3.07129,2.04313,1.028160,1,0,56.0715,0,0,0,56.0715,0
55.0156,2.15824,0,0,3.99896,0.220222,0.36288,3.6288,32.8015,0.469065,0,0,0.714571,0.157828,0,0.66528,12.849,1,0.515852,0.36288,0,60.9546,3.69776,57.1039,0.84672,12.849,0.84672,3695.15,0,36.966,0.530034,1.29278,2.26163,6.01478,0.95285,8.0863,0.42336,36.966,0.42336,423.524,0,1.02816,0,0,2.32094,1.29278,1.028160,1,0,65.1902,0,0,0,65.1902,0
56.227,2.16778,0,0,3.97472,0.232634,0.36288,3.6288,32.8493,0.469727,0,0,0.680236,0.162704,0,0.66528,12.849,1,0.50629,0.36288,0,44.3864,3.70324,40.5397,0.84672,12.849,0.84672,3695.15,0,36.966,0.529364,1.14574,2.06738,5.23869,0.949271,6.97318,0.42336,36.966,0.42336,423.524,0,1.02816,0,0,2.1739,1.14574,1.028160,1,0,47.5129,0,0,0,47.5129,0
56.9654,2.17665,0,0,3.51337,0.235464,0.36288,3.6288,32.9139,0.470086,0,0,0.697486,0.162788,0,0.66528,12.849,1,0.497409,0.36288,0,51.4384,3.70324,47.6006,0.84672,12.849,0.84672,3695.15,0,36.966,0.528997,1.16715,2.06738,5.41598,0.949271,7.17224,0.42336,36.966,0.42336,423.524,0,1.02816,0,0,2.19531,1.16715,1.028160,1,0,54.7729,0,0,0,54.7729,0
60.0009,2.1819,0,0,5.81545,0.235123,0.36288,3.6288,32.9785,0.470571,0,0,0.719207,0.184087,0,0.66528,12.849,1,0.492145,0.36288,0,46.4927,4.53012,41.8333,0.84672,12.849,0.84672,3695.15,0,36.966,0.528504,1.53776,2.06737,5.87035,1.20597,7.74101,0.42336,36.966,0.42336,423.524,0,1.02816,0,0,2.56592,1.53776,1.028160,1,0,49.5743,0,0,0,49.5743,0
62.354,2.2024,0,0,5.1564,0.23809,0.36288,3.6288,33.1447,0.471055,0,0,0.831712,0.194456,0,0.66528,12.849,1,0.471636,0.36288,0,75.721,4.99034,70.622,0.84672,12.849,0.84672,3695.15,0,36.966,0.528012,1.78786,2.06736,7.02938,1.39124,8.96534,0.42336,36.966,0.42336,423.524,0,1.02816,0,0,2.81602,1.78786,1.028160,1,0,79.5873,0,0,0,79.5873,0
64.8876,2.29445,0,0,5.42942,0.238498,0.36288,3.6288,33.3043,0.498668,0,0,0.85542,0.197155,0,0.66528,12.849,1,0.472807,0.36288,0,76.0761,5.16296,70.8032,0.84672,12.849,0.84672,3695.15,0,36.966,0.55616,1.59674,2.06735,6.82376,1.50137,8.43032,0.42336,36.966,0.42336,423.524,0,1.02816,0,0,2.6249,1.59674,1.028160,1,0,79.2335,0,0,0,79.2335,0
67.1388,2.30984,0,0,5.16736,0.243457,0.36288,3.6288,33.4298,0.499922,0,0,0.822943,0.197495,0,0.66528,12.849,1,0.457393,0.36288,0,82.6822,5.16296,77.4247,0.84672,12.849,0.84672,3695.15,0,36.966,0.554887,1.47805,2.1279,6.17799,1.50137,7.72769,0.42336,36.966,0.42336,423.524,0,1.02816,0,0,2.50621,1.47805,1.028160,1,0,85.1524,0,0,0,85.1524,0
67.3678,2.32268,0,0,3.20688,0.292242,0.36288,3.6288,33.658,0.500904,0,0,0.910462,0.181405,0,0.66528,12.849,1,0.444515,0.36288,0,58.1732,4.02363,54.0679,0.84672,12.849,0.84672,3695.15,0,36.966,0.553889,1.87073,2.12788,5.73258,1.15033,8.02697,0.42336,36.966,0.42336,423.524,0,1.02816,0,0,2.89889,1.87073,1.028160,1,0,62.0949,0,0,0,62.0949,0
67.7762,2.32393,0,0,3.40572,0.310554,0.36288,3.6288,33.7651,0.502685,0,0,0.785125,0.175292,0,0.66528,12.849,1,0.443241,0.36288,0,60.6756,3.5679,57.0273,0.84672,12.849,0.84672,3695.15,0,36.966,0.55209,1.70119,2.12786,5.57917,1.00991,7.84621,0.42336,36.966,0.42336,423.524,0,1.02816,0,0,2.72935,1.70119,1.028160,1,0,64.8736,0,0,0,64.8736,0
67.9308,2.57783,0,0,3.38818,0.2929,0.36288,3.6288,33.847,0.603451,0,0,0.872333,0.18699,0,0.66528,12.849,1,0.488705,0.36288,0,51.8131,4.26101,47.4263,0.84672,12.849,0.84672,3695.15,0,36.966,0.660657,1.40947,2.12784,5.12069,1.25401,6.74333,0.42336,36.966,0.42336,423.524,0,1.02816,0,0,2.43763,1.40947,1.028160,1,0,54.1696,0,0,0,54.1696,0
69.246,2.57874,0,0,4.55011,0.293256,0.36288,3.6288,33.8945,0.604206,0,0,0.838896,0.187149,0,0.66528,12.849,1,0.487764,0.36288,0,62.526,4.26101,58.1401,0.84672,12.849,0.84672,3695.15,0,36.966,0.659883,1.33768,2.34568,8.46885,1.25401,10.2383,0.42336,36.966,0.42336,423.524,0,1.02816,0,0,2.36584,1.33768,1.028160,1,0,68.3785,0,0,0,68.3785,0
71.335,2.58652,0,0,5.33453,0.29615,0.36288,3.6288,34.4271,0.604639,0,0,1.31199,0.174779,0,0.66528,12.849,1,0.479945,0.36288,0,151.447,4.12933,147.201,0.84672,12.849,0.84672,3695.15,0,36.966,0.65943,2.27701,2.34565,11.3778,1.19047,14.1505,0.42336,36.966,0.42336,423.524,0,1.02816,0,0,3.30517,2.27701,1.028160,1,0,161.351,0,0,0,161.351,0
72.29,2.59841,0,0,5.4417,0.300619,1.58765,3.6288,34.7294,0.609549,0,0,1.05623,0.144396,0,0.66528,12.849,1,0.46803,1.58765,0,124.956,3.80016,122.275,0.84672,12.849,0.84672,3695.15,0,36.966,0.654501,2.08989,2.34563,7.09626,1.03162,9.84565,0.42336,36.966,0.42336,423.524,0,1.02816,0,0,3.11805,2.08989,1.028160,1,0,132.121,0,0,0,132.121,0
72.29,2.24105,0,0,6.61713,0.367787,4.00829,3.6288,36.4616,0.476211,0,0,2.333,0.124648,0,0.66528,12.849,1,0.398331,4.00829,0,139.556,3.25174,139.914,0.84672,12.849,0.84672,3695.15,0,36.966,0.506879,2.43039,2.34561,16.6845,0.783941,20.1697,0.42336,36.966,0.42336,423.524,0,1.02816,0,0,3.45855,2.43039,1.028160,1,0,160.084,0,0,0,160.084,0
72.29,2.24103,0,0,4.64268,0.367787,2.03386,3.6288,37.6143,0.48816,0,0,1.76772,0.126784,0,0.66528,12.849,1,0.398326,2.03386,0,135.886,3.25174,134.27,0.84672,12.849,0.84672,3695.15,0,36.966,0.494913,1.96481,2.04851,15.0681,0.783941,17.8025,0.42336,36.966,0.42336,423.524,0,1.02816,0,0,2.99297,1.96481,1.028160,1,0,152.073,0,0,0,152.073,0
72.29,2.24101,0,0,4.73875,0.311146,2.18659,3.6288,38.3587,0.495801,0,0,1.34362,0.103406,0,0.66528,12.849,1,0.398322,2.18659,0,118.231,2.81577,117.204,0.84672,12.849,0.84672,3695.15,0,36.966,0.487255,1.43714,2.04849,13.7284,0.721314,16.0055,0.42336,36.966,0.42336,423.524,0,1.02816,0,0,2.4653,1.43714,1.028160,1,0,133.21,0,0,0,133.21,0
72.29,2.24098,0,0,4.40485,0.28849,1.87538,3.6288,39.3688,0.500608,0,0,1.60483,0.0941562,0,0.66528,12.849,1,0.398317,1.87538,0,123.525,2.64138,122.361,0.84672,12.849,0.84672,3695.15,0,36.966,0.482431,1.90814,2.04848,13.6248,0.696263,16.4027,0.42336,36.966,0.42336,423.524,0,1.02816,0,0,2.9363,1.90814,1.028160,1,0,138.764,0,0,0,138.764,0
72.29,2.24096,0,0,6.51776,0.30732,3.96948,3.6288,43.7257,0.506983,0,0,4.96446,0.100568,0,0.66528,12.849,1,0.398313,3.96948,0,163.872,2.61096,164.832,0.84672,12.849,0.84672,3695.15,0,36.966,0.47604,4.35755,2.04846,17.1387,0.603605,22.4651,0.42336,36.966,0.42336,423.524,0,1.02816,0,0,5.38571,4.35755,1.028160,1,0,187.298,0,0,0,187.298,0
72.29,2.33219,0,0,4.62778,0.321442,1.97415,3.6288,47.8938,0.569918,0,0,4.84721,0.109167,0,0.66528,12.849,1,0.41453,1.97415,0,126.494,2.58815,125.465,0.84672,12.849,0.84672,3695.15,0,36.966,0.481812,3.98954,2.04844,13.6373,0.534111,18.6593,0.42336,36.966,0.42336,423.524,0,1.02816,0,0,5.0177,3.98954,1.028160,1,0,144.125,0,0,0,144.125,0
72.29,2.33217,0,0,4.43268,0.316299,1.78422,3.6288,51.8049,0.593574,0,0,4.6186,0.113982,0,0.66528,12.849,1,0.414525,1.78422,0,124.198,2.54709,123.021,0.84672,12.849,0.84672,3695.15,0,36.966,0.458139,4.3663,2.12166,11.6731,0.550239,17.1527,0.42336,36.966,0.42336,423.524,0,1.02816,0,0,5.39446,4.3663,1.028160,1,0,140.174,0,0,0,140.174,0
72.29,2.33214,0,0,4.62284,0.28544,2.00526,3.6288,56.1142,0.613748,0,0,5.04455,0.12147,0,0.66528,12.849,1,0.41452,2.00526,0,141.742,2.30076,141.032,0.84672,12.849,0.84672,3695.15,0,36.966,0.437947,4.85073,2.12164,13.8375,0.647003,19.7249,0.42336,36.966,0.42336,423.524,0,1.02816,0,0,5.87889,4.85073,1.028160,1,0,160.757,0,0,0,160.757,0
72.29,2.33212,0,0,4.12444,0.268124,1.5242,3.6288,57.8451,0.634013,0,0,2.49967,0.134768,0,0.66528,12.849,1,0.414516,1.5242,0,112.757,2.46327,111.404,0.84672,12.849,0.84672,3695.15,0,36.966,0.417665,3.24345,2.12162,10.7456,0.691275,15.0017,0.42336,36.966,0.42336,423.524,0,1.02816,0,0,4.27161,3.24345,1.028160,1,0,126.405,0,0,0,126.405,0
72.29,2.29641,0,0,3.53914,0.224834,1.0179,3.6288,58.9918,0.625343,0,0,1.93219,0.160159,0,0.66528,12.849,1,0.408169,1.0179,0,89.4966,2.86954,87.2368,0.84672,12.849,0.84672,3695.15,0,36.966,0.399626,2.08075,2.1216,8.7899,0.801955,11.7907,0.42336,36.966,0.42336,423.524,0,1.02816,0,0,3.10891,2.08075,1.028160,1,0,99.0274,0,0,0,99.0274,0
72.29,2.29638,0,0,2.98234,0.224834,0.46112,3.6288,59.053,0.630108,0,0,0.852634,0.161346,0,0.66528,12.849,1,0.408165,0.46112,0,69.5917,2.86954,66.7752,0.84672,12.849,0.84672,3695.15,0,36.966,0.394844,1.61252,2.09309,7.22019,0.801955,9.72899,0.42336,36.966,0.42336,423.524,0,1.02816,0,0,2.64068,1.61252,1.028160,1,0,76.5041,0,0,0,76.5041,0
72.2182,2.29636,0,0,2.81229,0.224834,0.36288,3.6288,59.0271,0.630349,0,0,0.765824,0.161409,0,0.66528,12.849,1,0.40816,0.36288,0,67.2789,2.86954,64.3641,0.84672,12.849,0.84672,3695.15,0,36.966,0.394586,1.47299,2.09307,6.76452,0.801955,9.13403,0.42336,36.966,0.42336,423.524,0,1.02816,0,0,2.50115,1.47299,1.028160,1,0,73.4981,0,0,0,73.4981,0
72.29,2.29599,0,0,3.01638,0.161401,0.487209,3.6288,59.0014,0.630232,0,0,0.788197,0.183586,0,0.66528,12.849,1,0.4085,0.487209,0,63.8845,3.17183,60.7914,0.84672,12.849,0.84672,3695.15,0,36.966,0.394686,1.54109,2.09305,6.83571,0.862769,9.21239,0.42336,36.966,0.42336,423.524,0,1.02816,0,0,2.56925,1.54109,1.028160,1,0,70.0038,0,0,0,70.0038,0
72.29,2.41742,0,0,3.10562,0.124639,0.563564,3.6288,59.2668,0.66528,0,0,1.11608,0.185427,0,0.66528,12.849,1,0.429678,0.563564,0,64.5217,3.54524,61.1104,0.84672,12.849,0.84672,3695.15,0,36.966,0.454271,1.94797,2.09303,7.38184,0.877127,10.0914,0.42336,36.966,0.42336,423.524,0,1.02816,0,0,2.97613,1.94797,1.028160,1,0,71.2018,0,0,0,71.2018,0
72.1395,2.41739,0,0,2.75623,0.126415,0.36288,3.6288,59.406,0.66528,0,0,0.987777,0.183275,0,0.66528,12.849,1,0.429673,0.36288,0,57.1233,3.56968,53.4868,0.84672,12.849,0.84672,3695.15,0,36.966,0.454253,1.55914,2.19287,6.4145,0.871918,8.84034,0.42336,36.966,0.42336,423.524,0,1.02816,0,0,2.5873,1.55914,1.028160,1,0,62.3271,0,0,0,62.3271,0
71.6388,2.41661,0,0,2.40501,0.126271,0.36288,3.6288,59.4655,0.66528,0,0,0.908224,0.183438,0,0.66528,12.849,1,0.430429,0.36288,0,53.878,3.56968,50.2408,0.84672,12.849,0.84672,3695.15,0,36.966,0.454234,1.62664,2.19285,6.57982,0.871918,9.07315,0.42336,36.966,0.42336,423.524,0,1.02816,0,0,2.6548,1.62664,1.028160,1,0,59.3139,0,0,0,59.3139,0
70.9268,2.41403,0,0,2.19068,0.125791,0.36288,3.6288,59.4353,0.66528,0,0,0.818528,0.183508,0,0.66528,12.849,1,0.432976,0.36288,0,49.3188,3.56968,45.679,0.84672,12.849,0.84672,3695.15,0,36.966,0.454216,1.41255,2.19283,6.25888,0.871918,8.53812,0.42336,36.966,0.42336,423.524,0,1.02816,0,0,2.44071,1.41255,1.028160,1,0,54.2171,0,0,0,54.2171,0
70.353,2.41032,0,0,2.31219,0.112798,0.36288,3.6288,59.243,0.66528,0,0,0.690608,0.217645,0,0.66528,12.849,1,0.436651,0.36288,0,42.4306,4.10727,38.2496,0.84672,12.849,0.84672,3695.15,0,36.966,0.454198,1.14001,2.19281,5.23633,1.02163,7.09333,0.42336,36.966,0.42336,423.524,0,1.02816,0,0,2.16817,1.14001,1.028160,1,0,45.3429,0,0,0,45.3429,0
69.7585,2.38343,0,0,2.27953,0.127683,0.36288,3.6288,59.0007,0.66528,0,0,0.64044,0.217384,0,0.66528,12.849,1,0.435301,0.36288,0,38.0735,3.99693,34.0041,0.84672,12.849,0.84672,3695.15,0,36.966,0.506199,1.08799,2.19279,4.39072,0.993776,6.17152,0.42336,36.966,0.42336,423.524,0,1.02816,0,0,2.11615,1.08799,1.028160,1,0,40.1756,0,0,0,40.1756,0
68.9507,2.38028,0,0,2.06246,0.127098,0.36288,3.6288,58.7128,0.66528,0,0,0.594354,0.217047,0,0.66528,12.849,1,0.438429,0.36288,0,34.1902,3.99693,30.1177,0.84672,12.849,0.84672,3695.15,0,36.966,0.50618,0.825492,2.22767,4.2111,0.993776,5.76431,0.42336,36.966,0.42336,423.524,0,1.02816,0,0,1.85365,0.825492,1.028160,1,0,35.882,0,0,0,35.882,0
68.0784,2.37592,0,0,1.96493,0.0984663,0.36288,3.6288,58.3285,0.66528,0,0,0.562365,0.281381,0,0.66528,12.849,1,0.442754,0.36288,0,30.9738,4.84383,26.0501,0.84672,12.849,0.84672,3695.15,0,36.966,0.506161,0.834581,2.22765,3.98975,1.30291,5.24291,0.42336,36.966,0.42336,423.524,0,1.02816,0,0,1.86274,0.834581,1.028160,1,0,31.293,0,0,0,31.293,0
67.0426,2.37112,0,0,1.79266,0.0943998,0.36288,3.6288,57.8857,0.66528,0,0,0.517562,0.295012,0,0.66528,12.849,1,0.447522,0.36288,0,28.8597,5.09724,23.6778,0.84672,12.849,0.84672,3695.15,0,36.966,0.506143,0.795709,2.22763,3.85872,1.37231,5.0036,0.42336,36.966,0.42336,423.524,0,1.02816,0,0,1.82387,0.795709,1.028160,1,0,28.6814,0,0,0,28.6814,0
66.1392,2.42642,0,0,1.98676,0.100837,0.36288,3.6288,57.3469,0.66528,0,0,0.441992,0.315497,0,0.66528,12.849,1,0.465033,0.36288,0,29.1259,5.7708,23.2529,0.84672,12.849,0.84672,3695.15,0,36.966,0.552482,0.83465,2.22761,3.7522,1.47961,4.78237,0.42336,36.966,0.42336,423.524,0,1.02816,0,0,1.86281,0.83465,1.028160,1,0,28.0353,0,0,0,28.0353,0
65.0137,2.42107,0,0,1.75853,0.100117,0.36288,3.6288,56.7821,0.66528,0,0,0.41485,0.314398,0,0.66528,12.849,1,0.470347,0.36288,0,27.4945,5.7708,21.6162,0.84672,12.849,0.84672,3695.15,0,36.966,0.552463,0.739489,2.27706,3.7543,1.47961,4.73877,0.42336,36.966,0.42336,423.524,0,1.02816,0,0,1.76765,0.739489,1.028160,1,0,26.355,0,0,0,26.355,0
63.7452,2.41425,0,0,1.6078,0.09922,0.36288,3.6288,56.2043,0.66528,0,0,0.400728,0.313247,0,0.66528,12.849,1,0.47714,0.36288,0,25.8203,5.7708,19.9352,0.84672,12.849,0.84672,3695.15,0,36.966,0.552444,0.600506,2.27704,3.57705,1.47961,4.42255,0.42336,36.966,0.42336,423.524,0,1.02816,0,0,1.62867,0.600506,1.028160,1,0,24.3578,0,0,0,24.3578,0
62.2728,2.40632,0,0,1.37969,0.0828705,0.36288,3.6288,55.6199,0.66528,0,0,0.399086,0.318226,0,0.66528,12.849,1,0.485038,0.36288,0,24.6292,6.0301,18.4769,0.84672,12.849,0.84672,3695.15,0,36.966,0.552425,0.584574,2.27702,3.55434,1.49488,4.36863,0.42336,36.966,0.42336,423.524,0,1.02816,0,0,1.61273,0.584574,1.028160,1,0,22.8455,0,0,0,22.8455,0
60.5781,2.5736,0,0,1.3665,0.12469,0.36288,3.6288,54.9841,0.66528,0,0,0.341112,0.311588,0,0.66528,12.849,1,0.531021,0.36288,0,20.5512,6.03762,14.3454,0.84672,12.849,0.84672,3695.15,0,36.966,0.719728,0.350188,2.277,2.94493,1.36263,3.48976,0.42336,36.966,0.42336,423.524,0,1.02816,0,0,1.37835,0.350188,1.028160,1,0,17.8352,0,0,0,17.8352,0
59.0252,2.56132,0,0,1.50403,0.132756,0.36288,3.6288,54.3623,0.66528,0,0,0.350024,0.306563,0,0.66528,12.849,1,0.543271,0.36288,0,21.3797,6.14208,15.0572,0.84672,12.849,0.84672,3695.15,0,36.966,0.719707,0.45106,2.44622,2.50781,1.37256,3.31283,0.42336,36.966,0.42336,423.524,0,1.02816,0,0,1.47922,0.45106,1.028160,1,0,18.37,0,0,0,18.37,0
57.2205,2.54955,0,0,1.23855,0.130836,0.36288,3.6288,53.6964,0.66528,0,0,0.304654,0.305308,0,0.66528,12.849,1,0.555003,0.36288,0,26.5416,6.14208,20.2074,0.84672,12.849,0.84672,3695.15,0,36.966,0.719687,0.278882,2.4462,2.23737,1.37256,2.87021,0.42336,36.966,0.42336,423.524,0,1.02816,0,0,1.30704,0.278882,1.028160,1,0,23.0777,0,0,0,23.0777,0
55.564,2.53523,0,0,1.37015,0.128557,0.36288,3.6288,53.1457,0.66528,0,0,0.418503,0.30391,0,0.66528,12.849,1,0.569292,0.36288,0,22.7559,6.14208,16.4074,0.84672,12.849,0.84672,3695.15,0,36.966,0.719666,0.68288,2.44617,2.67371,1.37256,3.71054,0.42336,36.966,0.42336,423.524,0,1.02816,0,0,1.71104,0.68288,1.028160,1,0,20.1179,0,0,0,20.1179,0
53.854,2.52142,0,0,1.32934,0.154968,0.36288,3.6288,52.6693,0.66528,0,0,0.503855,0.31494,0,0.66528,12.849,1,0.58307,0.36288,0,27.1413,6.20117,20.7199,0.84672,12.849,0.84672,3695.15,0,36.966,0.719645,0.879509,2.44615,2.98308,1.30304,4.28606,0.42336,36.966,0.42336,423.524,0,1.02816,0,0,1.90767,0.879509,1.028160,1,0,25.006,0,0,0,25.006,0
52.0041,2.42252,0,0,1.12513,0.189678,0.36288,3.6288,52.1546,0.66528,0,0,0.480717,0.330159,0,0.66528,12.849,1,0.577987,0.36288,0,37.7254,6.27994,31.2304,0.84672,12.849,0.84672,3695.15,0,36.966,0.618071,0.789618,2.44613,2.18824,1.21035,3.59557,0.42336,36.966,0.42336,423.524,0,1.02816,0,0,1.81778,0.789618,1.028160,1,0,34.826,0,0,0,34.826,0
49.9703,2.40601,0,0,0.948361,0.213268,0.36288,3.6288,51.5906,0.66528,0,0,0.410167,0.308933,0,0.66528,12.849,1,0.594468,0.36288,0,26.3866,5.94391,20.2111,0.84672,12.849,0.84672,3695.15,0,36.966,0.618051,0.563907,2.34817,2.85302,1.12316,4.02388,0.42336,36.966,0.42336,423.524,0,1.02816,0,0,1.59207,0.563907,1.028160,1,0,24.235,0,0,0,24.235,0
48.4154,2.38673,0,0,1.37144,0.176721,0.36288,3.6288,51.1035,0.66528,0,0,0.506088,0.327859,0,0.66528,12.849,1,0.613707,0.36288,0,26.5664,6.45681,19.8588,0.84672,12.849,0.84672,3695.15,0,36.966,0.618031,0.927443,2.34815,4.03166,1.05926,5.62996,0.42336,36.966,0.42336,423.524,0,1.02816,0,0,1.9556,0.927443,1.028160,1,0,25.4888,0,0,0,25.4888,0
50.9273,2.37113,0,0,5.46451,0.218651,0.36288,3.6288,51.1352,0.66528,0,0,0.9571,0.260116,0,0.66528,12.849,1,0.629276,0.36288,0,62.2504,5.7709,56.2131,0.84672,12.849,0.84672,3695.15,0,36.966,0.618012,2.42922,2.34813,8.36902,0.801314,11.727,0.42336,36.966,0.42336,423.524,0,1.02816,0,0,3.45738,2.42922,1.028160,1,0,67.9402,0,0,0,67.9402,0
51.6305,2.32776,0,0,3.65581,0.26189,0.36288,3.6288,51.3476,0.66528,0,0,1.17243,0.294782,0,0.66528,12.849,1,0.587296,0.36288,0,95.1921,5.21671,89.7509,0.84672,12.849,0.84672,3695.15,0,36.966,0.525556,3.15802,2.3481,9.93816,1.3856,13.5331,0.42336,36.966,0.42336,423.524,0,1.02816,0,0,4.18618,3.15802,1.028160,1,0,103.284,0,0,0,103.284,0
53.2355,2.33414,0,0,4.56583,0.263819,0.36288,3.6288,51.7637,0.66528,0,0,1.37667,0.29529,0,0.66528,12.849,1,0.580885,0.36288,0,73.1143,5.21671,67.6796,0.84672,12.849,0.84672,3695.15,0,36.966,0.525538,5.11107,2.26068,10.5495,1.3856,16.0101,0.42336,36.966,0.42336,423.524,0,1.02816,0,0,6.13923,5.11107,1.028160,1,0,83.6897,0,0,0,83.6897,0
54.3737,2.34822,0,0,4.1175,0.26822,0.36288,3.6288,52.1906,0.66528,0,0,1.38844,0.296287,0,0.66528,12.849,1,0.56677,0.36288,0,89.189,5.21671,83.7684,0.84672,12.849,0.84672,3695.15,0,36.966,0.525519,4.25045,2.26066,11.6248,1.3856,16.2248,0.42336,36.966,0.42336,423.524,0,1.02816,0,0,5.27861,4.25045,1.028160,1,0,99.9932,0,0,0,99.9932,0
