0rest_m,1rest_m,0transf,1transf
1.000000,1.000000,0,-0
1.000000,1.000000,0,-0
1.000000,1.000000,0,-0
1.000000,1.000000,0,-0
1.000000,1.000000,0,-0
1.000000,1.000000,0,-0
1.000000,1.000000,0,-0
1.000000,1.000000,0,-0
1.000000,1.000000,0,-0
1.000000,1.000000,0,-0
1.000000,1.000000,0,-0
1.000000,1.000000,0,-0
1.000000,1.000000,0,-0
1.000000,1.000000,0,-0
1.000000,1.000000,0,-0
1.000000,1.000000,0,-0
1.000000,1.000000,0,-0
1.000000,1.000000,0,-0
1.000000,1.000000,0,-0
1.000000,1.000000,0,-0
1.000000,1.000000,0,-0
1.000000,1.000000,0,-0
1.000000,1.000000,0,-0
1.000000,1.000000,0,-0
1.000000,1.000000,0,-0
1.000000,1.000000,0,-0
1.000000,1.000000,0,-0
1.000000,1.000000,0,-0
1.000000,1.000000,0,-0
1.000000,1.000000,0,-0
1.000000,1.000000,0,-0
1.000000,1.000000,0,-0
1.000000,1.000000,0,-0
1.000000,1.000000,0,-0
1.000000,1.000000,0,-0
1.000000,1.000000,0,-0
1.000000,1.000000,0,-0
1.000000,1.000000,0,-0
1.000000,1.000000,0,-0
1.000000,1.000000,0,-0
1.000000,1.000000,0,-0
1.000000,1.000000,0,-0
1.000000,1.000000,0,-0
1.000000,1.000000,0,-0
1.000000,1.000000,0,-0
1.000000,1.000000,0,-0
1.000000,1.000000,0,-0
1.000000,1.000000,0,-0
1.000000,1.000000,0,-0
1.000000,1.000000,0,-0
1.000000,1.000000,0,-0
1.000000,1.000000,0,-0
1.000000,1.000000,0,-0
1.000000,1.000000,0,-0
1.000000,1.000000,0,-0
1.000000,1.000000,0,-0
1.000000,1.000000,0,-0
1.000000,1.000000,0,-0
1.000000,1.000000,0,-0
1.000000,1.000000,0,-0
1.000000,1.000000,0,-0
1.000000,1.000000,0,-0
1.000000,1.000000,0,-0
1.000000,1.000000,0,-0
1.000000,1.000000,0,-0
1.000000,1.000000,0,-0
1.000000,1.000000,0,-0
1.000000,1.000000,0,-0
1.000000,1.000000,0,-0
1.000000,1.000000,0,-0
1.000000,1.000000,0,-0
1.000000,1.000000,0,-0
1.000000,1.000000,0,-0
1.000000,1.000000,0,-0
1.000000,1.000000,0,-0
1.000000,1.000000,0,-0
1.000000,1.000000,0,-0
1.000000,1.000000,0,-0
1.000000,1.000000,0,-0
1.000000,1.000000,0,-0
1.000000,1.000000,0,-0
1.000000,1.000000,0,-0
1.000000,1.000000,0,-0
1.000000,1.000000,0,-0
1.000000,1.000000,0,-0
1.000000,1.000000,0,-0
1.000000,1.000000,0,-0
1.000000,1.000000,0,-0
1.000000,1.000000,0,-0
1.000000,1.000000,0,-0
1.000000,1.000000,0,-0
1.000000,1.000000,0,-0
1.000000,1.000000,0,-0
1.000000,1.000000,0,-0
1.000000,1.000000,0,-0
1.000000,1.000000,0,-0
1.000000,1.000000,0,-0
1.000000,1.000000,0,-0
1.000000,1.000000,0,-0
1.000000,1.000000,0,-0
1.000000,1.000000,0,-0
1.000000,1.000000,0,-0
1.000000,1.000000,0,-0
1.000000,1.000000,0,-0
1.000000,1.000000,0,-0
1.000000,1.000000,0,-0
1.000000,1.000000,0,-0
1.000000,1.000000,0,-0
1.000000,1.000000,0,-0
1.000000,1.000000,0,-0
1.000000,1.000000,0,-0
1.000000,1.000000,0,-0
1.000000,1.000000,0,-0
1.000000,1.000000,0,-0
1.000000,1.000000,0,-0
1.000000,1.000000,0,-0
1.000000,1.000000,0,-0
1.000000,1.000000,0,-0
1.000000,1.000000,0,-0
1.000000,1.000000,0,-0
1.000000,1.000000,0,-0
1.000000,1.000000,0,-0
1.000000,1.000000,0,-0
1.000000,1.000000,0,-0
1.000000,1.000000,0,-0
1.000000,1.000000,0,-0
1.000000,1.000000,0,-0
1.000000,1.000000,0,-0
1.000000,1.000000,0,-0
1.000000,1.000000,0,-0
1.000000,1.000000,0,-0
1.000000,1.000000,0,-0
1.000000,1.000000,0,-0
1.000000,1.000000,0,-0
1.000000,1.000000,0,-0
1.000000,1.000000,0,-0
1.000000,1.000000,0,-0
1.000000,1.000000,0,-0
1.000000,1.000000,0,-0
1.000000,1.000000,0,-0
1.000000,1.000000,0,-0
1.000000,1.000000,0,-0
1.000000,1.000000,0,-0
1.000000,1.000000,0,-0
1.000000,1.000000,0,-0
1.000000,1.000000,0,-0
1.000000,1.000000,0,-0
1.000000,1.000000,0,-0
1.000000,1.000000,0,-0
1.000000,1.000000,0,-0
1.000000,1.000000,0,-0
1.000000,1.000000,0,-0
1.000000,1.000000,0,-0
1.000000,1.000000,0,-0
1.000000,1.000000,0,-0
1.000000,1.000000,0,-0
1.000000,1.000000,0,-0
1.000000,1.000000,0,-0
1.000000,1.000000,0,-0
1.000000,1.000000,0,-0
1.000000,1.000000,0,-0
1.000000,1.000000,0,-0
1.000000,1.000000,0,-0
1.000000,1.000000,0,-0
1.000000,1.000000,0,-0
1.000000,1.000000,0,-0
1.000000,1.000000,0,-0
1.000000,1.000000,0,-0
1.000000,1.000000,0,-0
1.000000,1.000000,0,-0
1.000000,1.000000,0,-0
1.000000,1.000000,0,-0
1.000000,1.000000,0,-0
1.000000,1.000000,0,-0
1.000000,1.000000,0,-0
1.000000,1.000000,0,-0
1.000000,1.000000,0,-0
1.000000,1.000000,0,-0
1.000000,1.000000,0,-0
1.000000,1.000000,0,-0
1.000000,1.000000,0,-0
1.000000,1.000000,0,-0
1.000000,1.000000,0,-0
1.000000,1.000000,0,-0
1.000000,1.000000,0,-0
1.000000,1.000000,0,-0
1.000000,1.000000,0,-0
1.000000,1.000000,0,-0
1.000000,1.000000,0,-0
1.000000,1.000000,0,-0
1.000000,1.000000,0,-0
1.000000,1.000000,0,-0
1.000000,1.000000,0,-0
1.000000,1.000000,0,-0
1.000000,1.000000,0,-0
1.000000,1.000000,0,-0
1.000000,1.000000,0,-0
1.000000,1.000000,0,-0
1.000000,1.000000,0,-0
1.000000,1.000000,0,-0
1.000000,1.000000,0.0306586,-0.0306586
1.000000,1.000000,0.0299709,-0.0299709
1.000000,1.000000,0.029283,-0.029283
1.000000,1.000000,0.0285951,-0.0285951
1.000000,1.000000,0.197297,-0.197297
1.000000,1.000000,0.196678,-0.196678
1.000000,1.000000,0.196059,-0.196059
1.000000,1.000000,0.195439,-0.195439
1.000000,1.000000,0.19482,-0.19482
1.000000,1.000000,0.145066,-0.145066
1.000000,1.000000,0.144449,-0.144449
1.000000,1.000000,0.143832,-0.143832
1.000000,1.000000,0.143215,-0.143215
1.000000,1.000000,0,-0
1.000000,1.000000,0,-0
1.000000,1.000000,0,-0
1.000000,1.000000,0,-0
1.000000,1.000000,0.203428,-0.203428
1.000000,1.000000,0.202835,-0.202835
1.000000,1.000000,0.202242,-0.202242
1.000000,1.000000,0.201648,-0.201648
1.000000,1.000000,0.201054,-0.201054
1.000000,1.000000,0,-0
1.000000,1.000000,0,-0
1.000000,1.000000,0,-0
1.000000,1.000000,0,-0
1.000000,1.000000,0,-0
1.000000,1.000000,0,-0
1.000000,1.000000,0,-0
1.000000,1.000000,0,-0
1.000000,1.000000,0,-0
1.000000,1.000000,0,-0
1.000000,1.000000,0,-0
1.000000,1.000000,0,-0
1.000000,1.000000,0,-0
1.000000,1.000000,0,-0
1.000000,1.000000,0,-0
1.000000,1.000000,0,-0
1.000000,1.000000,0,-0
1.000000,1.000000,0,-0
1.000000,1.000000,0,-0
1.000000,1.000000,0,-0
1.000000,1.000000,0,-0
1.000000,1.000000,0,-0
1.000000,1.000000,0,-0
1.000000,1.000000,0,-0
1.000000,1.000000,0,-0
1.000000,1.000000,0,-0
1.000000,1.000000,0,-0
1.000000,1.000000,0,-0
1.000000,1.000000,0,-0
1.000000,1.000000,0,-0
1.000000,1.000000,0,-0
1.000000,1.000000,0,-0
1.000000,1.000000,0,-0
1.000000,1.000000,0,-0
1.000000,1.000000,0,-0
1.000000,1.000000,0,-0
1.000000,1.000000,0,-0
1.000000,1.000000,0,-0
1.000000,1.000000,0,-0
1.000000,1.000000,0,-0
1.000000,1.000000,0,-0
1.000000,1.000000,0,-0
1.000000,1.000000,0,-0
1.000000,1.000000,0,-0
1.000000,1.000000,0,-0
1.000000,1.000000,0,-0
1.000000,1.000000,0,-0
1.000000,1.000000,0,-0
1.000000,1.000000,0,-0
1.000000,1.000000,0,-0
1.000000,1.000000,0,-0
1.000000,1.000000,0,-0
1.000000,1.000000,0,-0
1.000000,1.000000,0,-0
1.000000,1.000000,0,-0
1.000000,1.000000,0,-0
1.000000,1.000000,0,-0
1.000000,1.000000,0,-0
1.000000,1.000000,0,-0
1.000000,1.000000,0,-0
1.000000,1.000000,0,-0
1.000000,1.000000,0,-0
1.000000,1.000000,0,-0
1.000000,1.000000,0,-0
1.000000,1.000000,0,-0
1.000000,1.000000,0,-0
1.000000,1.000000,0,-0
1.000000,1.000000,0,-0
1.000000,1.000000,0,-0
1.000000,1.000000,0,-0
1.000000,1.000000,0,-0
1.000000,1.000000,0,-0
0.898045,0.898045,0,-0
0.898045,0.898045,0,-0
0.898045,0.898045,0,-0
0.898045,0.898045,0,-0
0.898045,0.898045,0,-0
1.000000,1.000000,0,-0
1.000000,1.000000,0,-0
1.000000,1.000000,0,-0
1.000000,1.000000,0,-0
1.000000,1.000000,0,-0
1.000000,1.000000,0,-0
1.000000,1.000000,0,-0
1.000000,1.000000,0,-0
1.000000,1.000000,0,-0
1.000000,1.000000,0,-0
1.000000,1.000000,0,-0
1.000000,1.000000,0,-0
1.000000,1.000000,0,-0
1.000000,1.000000,0,-0
1.000000,1.000000,0,-0
1.000000,1.000000,0,-0
1.000000,1.000000,0,-0
1.000000,1.000000,0,-0
1.000000,1.000000,0,-0
1.000000,1.000000,0,-0
1.000000,1.000000,0,-0
1.000000,1.000000,0,-0
1.000000,1.000000,0,-0
1.000000,1.000000,0,-0
1.000000,1.000000,0,-0
1.000000,1.000000,0,-0
1.000000,1.000000,0,-0
1.000000,1.000000,0,-0
1.000000,1.000000,0,-0
1.000000,1.000000,0,-0
1.000000,1.000000,0,-0
1.000000,1.000000,0,-0
1.000000,1.000000,0,-0
1.000000,1.000000,0,-0
1.000000,1.000000,0,-0
1.000000,1.000000,0,-0
1.000000,1.000000,0,-0
1.000000,1.000000,0,-0
1.000000,1.000000,0,-0
1.000000,1.000000,0,-0
1.000000,1.000000,0,-0
1.000000,1.000000,0,-0
1.000000,1.000000,0,-0
1.000000,1.000000,0,-0
1.000000,1.000000,0,-0
1.000000,1.000000,0,-0
1.000000,1.000000,0,-0
1.000000,1.000000,0,-0
0.898045,0.898045,0,-0
0.898045,0.898045,0,-0
0.898045,0.898045,0,-0
0.898045,0.898045,0,-0
0.898045,0.898045,0,-0
1.000000,1.000000,0,-0
1.000000,1.000000,0,-0
1.000000,1.000000,0,-0
1.000000,1.000000,0,-0
1.000000,1.000000,0,-0
1.000000,1.000000,0,-0
1.000000,1.000000,0,-0
1.000000,1.000000,0,-0
1.000000,1.000000,0,-0
1.000000,1.000000,0,-0
1.000000,1.000000,0,-0
1.000000,1.000000,0,-0
1.000000,1.000000,0,-0
1.000000,1.000000,0,-0
1.000000,1.000000,0,-0
1.000000,1.000000,0,-0
1.000000,1.000000,0,-0
1.000000,1.000000,0,-0
1.000000,1.000000,0,-0
1.000000,1.000000,0,-0
1.000000,1.000000,0,-0
1.000000,1.000000,0,-0
1.000000,1.000000,0,-0
1.000000,1.000000,0,-0
1.000000,1.000000,0,-0
1.000000,1.000000,0,-0
1.000000,1.000000,0,-0
1.000000,1.000000,0,-0
1.000000,1.000000,0,-0
1.000000,1.000000,0,-0
1.000000,1.000000,0,-0
1.000000,1.000000,0,-0
1.000000,1.000000,0,-0
1.000000,1.000000,0,-0
1.000000,1.000000,0,-0
1.000000,1.000000,0,-0
1.000000,1.000000,0,-0
1.000000,1.000000,0,-0
1.000000,1.000000,0,-0
1.000000,1.000000,0,-0
1.000000,1.000000,0,-0
1.000000,1.000000,0,-0
1.000000,1.000000,0,-0
1.000000,1.000000,0,-0
1.000000,1.000000,0,-0
1.000000,1.000000,0,-0
1.000000,1.000000,0,-0
0.898045,0.898045,0,-0
0.898045,0.898045,0,-0
0.898045,0.898045,0,-0
0.898045,0.898045,0,-0
0.898045,0.898045,0,-0
1.000000,1.000000,0,-0
1.000000,1.000000,0,-0
1.000000,1.000000,0,-0
1.000000,1.000000,0,-0
1.000000,1.000000,0,-0
1.000000,1.000000,0,-0
1.000000,1.000000,0,-0
1.000000,1.000000,0,-0
1.000000,1.000000,0,-0
1.000000,1.000000,0,-0
1.000000,1.000000,0,-0
1.000000,1.000000,0,-0
1.000000,1.000000,0,-0
1.000000,1.000000,0,-0
1.000000,1.000000,0,-0
1.000000,1.000000,0,-0
1.000000,1.000000,0,-0
1.000000,1.000000,0,-0
1.000000,1.000000,0,-0
1.000000,1.000000,0,-0
1.000000,1.000000,0,-0
1.000000,1.000000,0,-0
1.000000,1.000000,0,-0
1.000000,1.000000,0,-0
1.000000,1.000000,0,-0
1.000000,1.000000,0,-0
1.000000,1.000000,0,-0
1.000000,1.000000,0,-0
1.000000,1.000000,0,-0
1.000000,1.000000,0,-0
1.000000,1.000000,0,-0
1.000000,1.000000,0,-0
1.000000,1.000000,0,-0
1.000000,1.000000,0,-0
1.000000,1.000000,0,-0
1.000000,1.000000,0,-0
1.000000,1.000000,0,-0
1.000000,1.000000,0,-0
1.000000,1.000000,0,-0
1.000000,1.000000,0,-0
1.000000,1.000000,0,-0
1.000000,1.000000,0,-0
1.000000,1.000000,0,-0
1.000000,1.000000,0,-0
1.000000,1.000000,0,-0
1.000000,1.000000,0,-0
1.000000,1.000000,0,-0
0.898045,0.898045,0,-0
0.898045,0.898045,0,-0
0.898045,0.898045,0,-0
0.898045,0.898045,0,-0
0.898045,0.898045,0,-0
0.898045,0.898045,0,-0
0.898045,0.898045,0,-0
0.898045,0.898045,0,-0
0.898045,0.898045,0,-0
1.000000,1.000000,0,-0
1.000000,1.000000,0,-0
1.000000,1.000000,0,-0
1.000000,1.000000,0,-0
1.000000,1.000000,0,-0
1.000000,1.000000,0,-0
1.000000,1.000000,0,-0
1.000000,1.000000,0,-0
1.000000,1.000000,0,-0
1.000000,1.000000,0,-0
1.000000,1.000000,0,-0
1.000000,1.000000,0,-0
1.000000,1.000000,0,-0
0.898045,0.898045,0,-0
0.898045,0.898045,0,-0
0.898045,0.898045,0,-0
0.898045,0.898045,0,-0
1.000000,1.000000,0,-0
1.000000,1.000000,0,-0
1.000000,1.000000,0,-0
1.000000,1.000000,0,-0
1.000000,1.000000,0,-0
1.000000,1.000000,0,-0
1.000000,1.000000,0,-0
1.000000,1.000000,0,-0
1.000000,1.000000,0,-0
1.000000,1.000000,0,-0
1.000000,1.000000,0,-0
1.000000,1.000000,0,-0
1.000000,1.000000,0,-0
1.000000,1.000000,0,-0
1.000000,1.000000,0,-0
1.000000,1.000000,0,-0
1.000000,1.000000,0,-0
1.000000,1.000000,0,-0
1.000000,1.000000,0,-0
1.000000,1.000000,0,-0
1.000000,1.000000,0,-0
1.000000,1.000000,0,-0
1.000000,1.000000,0,-0
1.000000,1.000000,0,-0
1.000000,1.000000,0,-0
1.000000,1.000000,0,-0
0.898045,0.898045,0,-0
0.898045,0.898045,0,-0
0.898045,0.898045,0,-0
0.898045,0.898045,0,-0
0.898045,0.898045,0,-0
0.898045,0.898045,0,-0
0.898045,0.898045,0,-0
0.898045,0.898045,0,-0
0.898045,0.898045,0,-0
1.000000,1.000000,0,-0
1.000000,1.000000,0,-0
1.000000,1.000000,0,-0
1.000000,1.000000,0,-0
1.000000,1.000000,0,-0
1.000000,1.000000,0.0220969,-0.0220969
1.000000,1.000000,0,-0
1.000000,1.000000,0.0210566,-0.0210566
1.000000,1.000000,0.0205364,-0.0205364
1.000000,1.000000,0.0200161,-0.0200161
1.000000,1.000000,0,-0
1.000000,1.000000,0,-0
1.000000,1.000000,0,-0
0.898045,0.898045,0,-0
0.898045,0.898045,0,-0
0.898045,0.898045,0,-0
0.898045,0.898045,0,-0
1.000000,1.000000,0,-0
1.000000,1.000000,0,-0
1.000000,1.000000,0,-0
1.000000,1.000000,0,-0
1.000000,1.000000,0,-0
1.000000,1.000000,0,-0
1.000000,1.000000,0,-0
1.000000,1.000000,0,-0
1.000000,1.000000,0,-0
1.000000,1.000000,0,-0
1.000000,1.000000,0,-0
1.000000,1.000000,0,-0
1.000000,1.000000,0,-0
1.000000,1.000000,0,-0
1.000000,1.000000,0,-0
1.000000,1.000000,0,-0
1.000000,1.000000,0,-0
1.000000,1.000000,0,-0
1.000000,1.000000,0,-0
1.000000,1.000000,0,-0
1.000000,1.000000,0,-0
1.000000,1.000000,0,-0
0.898045,0.898045,0,-0
0.898045,0.898045,0,-0
0.898045,0.898045,0,-0
0.898045,0.898045,0,-0
0.898045,0.898045,0,-0
0.898045,0.898045,0,-0
0.898045,0.898045,0,-0
0.898045,0.898045,0,-0
0.898045,0.898045,0,-0
0.898045,0.898045,0,-0
0.898045,0.898045,0,-0
0.898045,0.898045,0,-0
0.898045,0.898045,0,-0
0.898045,0.898045,0,-0
0.898045,0.898045,0,-0
0.898045,0.898045,0,-0
0.898045,0.898045,0,-0
1.000000,1.000000,0,-0
1.000000,1.000000,0,-0
1.000000,1.000000,0,-0
1.000000,1.000000,0,-0
1.000000,1.000000,0,-0
1.000000,1.000000,0,-0
1.000000,1.000000,0,-0
1.000000,1.000000,0,-0
1.000000,1.000000,0,-0
0.898045,0.898045,0,-0
0.898045,0.898045,0,-0
0.898045,0.898045,0,-0
0.898045,0.898045,0,-0
1.000000,1.000000,0,-0
1.000000,1.000000,0,-0
1.000000,1.000000,0,-0
1.000000,1.000000,0,-0
1.000000,1.000000,0,-0
1.000000,1.000000,0,-0
1.000000,1.000000,0,-0
1.000000,1.000000,0,-0
1.000000,1.000000,0,-0
1.000000,1.000000,0,-0
1.000000,1.000000,0,-0
1.000000,1.000000,0,-0
1.000000,1.000000,0,-0
1.000000,1.000000,0,-0
1.000000,1.000000,0,-0
1.000000,1.000000,0,-0
1.000000,1.000000,0,-0
1.000000,1.000000,0,-0
0.898045,0.898045,0,-0
0.898045,0.898045,0,-0
0.898045,0.898045,0,-0
0.898045,0.898045,0,-0
0.898045,0.898045,0,-0
0.898045,0.898045,0,-0
0.898045,0.898045,0,-0
0.898045,0.898045,0,-0
0.898045,0.898045,0,-0
0.898045,0.898045,0,-0
0.898045,0.898045,0,-0
0.898045,0.898045,0,-0
0.898045,0.898045,0,-0
0.898045,0.898045,0,-0
0.898045,0.898045,0,-0
0.898045,0.898045,0,-0
0.898045,0.898045,0,-0
0.898045,0.898045,0,-0
0.898045,0.898045,0,-0
0.898045,0.898045,0,-0
0.898045,0.898045,0,-0
1.000000,1.000000,0,-0
1.000000,1.000000,0,-0
1.000000,1.000000,0,-0
1.000000,1.000000,0,-0
1.000000,1.000000,0,-0
1.000000,1.000000,0,-0
1.000000,1.000000,0,-0
1.000000,1.000000,0,-0
1.000000,1.000000,0,-0
1.000000,1.000000,0,-0
0.898045,0.898045,0,-0
0.898045,0.898045,0,-0
0.898045,0.898045,0,-0
0.898045,0.898045,0,-0
1.000000,1.000000,0,-0
1.000000,1.000000,0,-0
1.000000,1.000000,0,-0
1.000000,1.000000,0,-0
1.000000,1.000000,0,-0
1.000000,1.000000,0,-0
1.000000,1.000000,0,-0
1.000000,1.000000,0,-0
1.000000,1.000000,0,-0
1.000000,1.000000,0,-0
1.000000,1.000000,0,-0
1.000000,1.000000,0,-0
1.000000,1.000000,0,-0
1.000000,1.000000,0,-0
1.000000,1.000000,0,-0
1.000000,1.000000,0,-0
1.000000,1.000000,0,-0
1.000000,1.000000,0,-0
0.898045,0.898045,0,-0
0.898045,0.898045,0,-0
0.898045,0.898045,0,-0
0.898045,0.898045,0,-0
0.898045,0.898045,0,-0
0.898045,0.898045,0,-0
0.898045,0.898045,0,-0
0.898045,0.898045,0,-0
0.898045,0.898045,0,-0
0.898045,0.898045,0,-0
0.898045,0.898045,0,-0
0.898045,0.898045,0,-0
0.898045,0.898045,0,-0
0.898045,0.898045,0,-0
0.898045,0.898045,0,-0
0.898045,0.898045,0,-0
0.898045,0.898045,0,-0
0.898045,0.898045,0,-0
0.898045,0.898045,0,-0
0.898045,0.898045,0,-0
0.898045,0.898045,0,-0
1.000000,1.000000,0,-0
1.000000,1.000000,0,-0
1.000000,1.000000,0,-0
1.000000,1.000000,0,-0
1.000000,1.000000,0,-0
1.000000,1.000000,0,-0
1.000000,1.000000,0,-0
1.000000,1.000000,0,-0
1.000000,1.000000,0,-0
0.898045,0.898045,0,-0
0.898045,0.898045,0,-0
0.898045,0.898045,0,-0
0.898045,0.898045,0,-0
1.000000,1.000000,0,-0
1.000000,1.000000,0,-0
1.000000,1.000000,0,-0
1.000000,1.000000,0,-0
1.000000,1.000000,0,-0
1.000000,1.000000,0,-0
1.000000,1.000000,0,-0
1.000000,1.000000,0,-0
1.000000,1.000000,0,-0
1.000000,1.000000,0,-0
1.000000,1.000000,0,-0
1.000000,1.000000,0,-0
1.000000,1.000000,0,-0
1.000000,1.000000,0,-0
0.898045,0.898045,0,-0
0.898045,0.898045,0,-0
0.898045,0.898045,0,-0
0.898045,0.898045,0,-0
0.898045,0.898045,0,-0
0.898045,0.898045,0,-0
0.898045,0.898045,0,-0
0.898045,0.898045,0,-0
0.898045,0.898045,0,-0
0.898045,0.898045,0,-0
0.898045,0.898045,0,-0
0.898045,0.898045,0,-0
0.898045,0.898045,0,-0
0.898045,0.898045,0,-0
0.898045,0.898045,0,-0
0.898045,0.898045,0,-0
0.898045,0.898045,0,-0
0.898045,0.898045,0,-0
0.898045,0.898045,0,-0
0.898045,0.898045,0,-0
0.898045,0.898045,0,-0
0.898045,0.898045,0,-0
0.898045,0.898045,0,-0
0.898045,0.898045,0,-0
0.898045,0.898045,0,-0
1.000000,1.000000,0,-0
1.000000,1.000000,0,-0
1.000000,1.000000,0,-0
1.000000,1.000000,0,-0
1.000000,1.000000,0,-0
1.000000,1.000000,0,-0
1.000000,1.000000,0,-0
1.000000,1.000000,0,-0
1.000000,1.000000,0,-0
0.898045,0.898045,0,-0
0.898045,0.898045,0,-0
0.898045,0.898045,0,-0
0.898045,0.898045,0,-0
1.000000,1.000000,0,-0
0.898045,0.898045,0,-0
0.898045,0.898045,0,-0
0.898045,0.898045,0,-0
0.898045,0.898045,0,-0
0.898045,0.898045,0,-0
0.898045,0.898045,0,-0
0.898045,0.898045,0,-0
0.898045,0.898045,0,-0
0.898045,0.898045,0,-0
0.898045,0.898045,0,-0
0.898045,0.898045,0,-0
0.898045,0.898045,0,-0
0.898045,0.898045,0,-0
0.898045,0.898045,0,-0
0.898045,0.898045,0,-0
0.898045,0.898045,0,-0
0.898045,0.898045,0,-0
0.898045,0.898045,0,-0
0.898045,0.898045,0,-0
0.898045,0.898045,0,-0
0.898045,0.898045,0,-0
0.898045,0.898045,0,-0
0.898045,0.898045,0,-0
0.898045,0.898045,0,-0
0.898045,0.898045,0,-0
0.898045,0.898045,0,-0
0.898045,0.898045,0,-0
0.898045,0.898045,0,-0
0.898045,0.898045,0,-0
0.898045,0.898045,0,-0
0.898045,0.898045,0,-0
0.898045,0.898045,0,-0
0.898045,0.898045,0,-0
0.898045,0.898045,0,-0
0.898045,0.898045,0,-0
0.898045,0.898045,0,-0
0.898045,0.898045,0,-0
0.898045,0.898045,0,-0
1.000000,1.000000,0,-0
1.000000,1.000000,0,-0
1.000000,1.000000,0,-0
1.000000,1.000000,0,-0
1.000000,1.000000,0,-0
1.000000,1.000000,0,-0
1.000000,1.000000,0,-0
1.000000,1.000000,0,-0
1.000000,1.000000,0,-0
0.898045,0.898045,0,-0
0.898045,0.898045,0,-0
0.898045,0.898045,0,-0
0.898045,0.898045,0,-0
1.000000,1.000000,0,-0
1.000000,1.000000,0,-0
1.000000,1.000000,0,-0
1.000000,1.000000,0,-0
1.000000,1.000000,0,-0
1.000000,1.000000,0,-0
1.000000,1.000000,0,-0
1.000000,1.000000,0,-0
1.000000,1.000000,0,-0
1.000000,1.000000,0,-0
1.000000,1.000000,0,-0
1.000000,1.000000,0,-0
1.000000,1.000000,0,-0
0.898045,0.898045,0,-0
0.898045,0.898045,0,-0
0.898045,0.898045,0,-0
0.898045,0.898045,0,-0
0.898045,0.898045,0,-0
0.898045,0.898045,0,-0
0.898045,0.898045,0,-0
0.898045,0.898045,0,-0
0.898045,0.898045,0,-0
0.898045,0.898045,0,-0
0.898045,0.898045,0,-0
0.898045,0.898045,0,-0
0.898045,0.898045,0,-0
0.898045,0.898045,0,-0
0.898045,0.898045,0,-0
0.898045,0.898045,0,-0
0.898045,0.898045,0,-0
0.898045,0.898045,0,-0
0.898045,0.898045,0,-0
0.898045,0.898045,0,-0
0.898045,0.898045,0,-0
0.898045,0.898045,0,-0
0.898045,0.898045,0,-0
0.898045,0.898045,0,-0
0.898045,0.898045,0,-0
0.898045,0.898045,0,-0
1.000000,1.000000,0,-0
1.000000,1.000000,0,-0
1.000000,1.000000,0,-0
1.000000,1.000000,0,-0
1.000000,1.000000,0,-0
1.000000,1.000000,0,-0
1.000000,1.000000,0,-0
1.000000,1.000000,0,-0
1.000000,1.000000,0,-0
0.898045,0.898045,0,-0
0.898045,0.898045,0,-0
0.898045,0.898045,0,-0
0.898045,0.898045,0,-0
1.000000,1.000000,0,-0
1.000000,1.000000,0,-0
1.000000,1.000000,0,-0
1.000000,1.000000,0,-0
1.000000,1.000000,0,-0
1.000000,1.000000,0,-0
1.000000,1.000000,0,-0
1.000000,1.000000,0,-0
1.000000,1.000000,0,-0
1.000000,1.000000,0,-0
1.000000,1.000000,0,-0
1.000000,1.000000,0,-0
0.898045,0.898045,0,-0
0.898045,0.898045,0,-0
0.898045,0.898045,0,-0
0.898045,0.898045,0,-0
0.898045,0.898045,0,-0
0.898045,0.898045,0,-0
0.898045,0.898045,0,-0
0.898045,0.898045,0,-0
0.898045,0.898045,0,-0
0.898045,0.898045,0,-0
0.898045,0.898045,0,-0
0.898045,0.898045,0,-0
0.898045,0.898045,0,-0
0.898045,0.898045,0,-0
0.898045,0.898045,0,-0
0.898045,0.898045,0,-0
0.898045,0.898045,0,-0
0.898045,0.898045,0,-0
0.898045,0.898045,0,-0
0.898045,0.898045,0,-0
0.898045,0.898045,0,-0
0.898045,0.898045,0,-0
0.898045,0.898045,0,-0
0.898045,0.898045,0,-0
0.898045,0.898045,0,-0
0.898045,0.898045,0,-0
0.898045,0.898045,0,-0
1.000000,1.000000,0,-0
1.000000,1.000000,0,-0
1.000000,1.000000,0,-0
1.000000,1.000000,0,-0
1.000000,1.000000,0,-0
0.898045,0.898045,0,-0
0.898045,0.898045,0,-0
0.898045,0.898045,0,-0
0.898045,0.898045,0,-0
0.898045,0.898045,0,-0
0.898045,0.898045,0,-0
0.898045,0.898045,0,-0
0.898045,0.898045,0,-0
0.898045,0.898045,0,-0
0.898045,0.898045,0,-0
0.898045,0.898045,0,-0
0.898045,0.898045,0,-0
0.898045,0.898045,0,-0
0.898045,0.898045,0,-0
0.898045,0.898045,0,-0
0.898045,0.898045,0,-0
0.898045,0.898045,0,-0
0.898045,0.898045,0,-0
0.898045,0.898045,0,-0
0.898045,0.898045,0,-0
0.898045,0.898045,0,-0
0.898045,0.898045,0,-0
0.898045,0.898045,0,-0
0.898045,0.898045,0,-0
0.898045,0.898045,0,-0
0.898045,0.898045,0,-0
0.898045,0.898045,0,-0
0.898045,0.898045,0,-0
0.898045,0.898045,0,-0
0.898045,0.898045,0,-0
0.898045,0.898045,0,-0
0.898045,0.898045,0,-0
0.898045,0.898045,0,-0
0.898045,0.898045,0,-0
0.898045,0.898045,0,-0
0.898045,0.898045,0,-0
0.898045,0.898045,0,-0
0.898045,0.898045,0,-0
0.898045,0.898045,0,-0
0.898045,0.898045,0,-0
0.898045,0.898045,0,-0
0.898045,0.898045,0,-0
0.898045,0.898045,0,-0
0.898045,0.898045,0,-0
0.898045,0.898045,0,-0
0.898045,0.898045,0,-0
0.898045,0.898045,0,-0
1.000000,1.000000,0,-0
1.000000,1.000000,0,-0
1.000000,1.000000,0,-0
1.000000,1.000000,0,-0
1.000000,1.000000,0,-0
1.000000,1.000000,0,-0
0.898045,0.898045,0,-0
0.898045,0.898045,0,-0
0.898045,0.898045,0,-0
0.898045,0.898045,0,-0
0.898045,0.898045,0,-0
0.898045,0.898045,0,-0
0.898045,0.898045,0,-0
0.898045,0.898045,0,-0
1.000000,1.000000,0,-0
1.000000,1.000000,0,-0
1.000000,1.000000,0,-0
1.000000,1.000000,0,-0
1.000000,1.000000,0,-0
0.898045,0.898045,0,-0
0.898045,0.898045,0,-0
0.898045,0.898045,0,-0
0.898045,0.898045,0,-0
0.898045,0.898045,0,-0
0.898045,0.898045,0,-0
0.898045,0.898045,0,-0
0.898045,0.898045,0,-0
0.898045,0.898045,0,-0
0.898045,0.898045,0,-0
0.898045,0.898045,0,-0
0.898045,0.898045,0,-0
0.898045,0.898045,0,-0
0.898045,0.898045,0,-0
0.898045,0.898045,0,-0
0.898045,0.898045,0,-0
0.898045,0.898045,0,-0
0.898045,0.898045,0,-0
0.898045,0.898045,0,-0
0.898045,0.898045,0,-0
0.898045,0.898045,0,-0
0.898045,0.898045,0,-0
0.898045,0.898045,0,-0
0.898045,0.898045,0,-0
0.898045,0.898045,0,-0
0.898045,0.898045,0,-0
0.898045,0.898045,0,-0
0.898045,0.898045,0,-0
0.898045,0.898045,0,-0
0.898045,0.898045,0,-0
0.898045,0.898045,0,-0
0.898045,0.898045,0,-0
0.898045,0.898045,0,-0
0.898045,0.898045,0,-0
1.000000,1.000000,0,-0
1.000000,1.000000,0,-0
1.000000,1.000000,0,-0
1.000000,1.000000,0,-0
1.000000,1.000000,0,-0
0.898045,0.898045,0,-0
0.898045,0.898045,0,-0
0.898045,0.898045,0,-0
0.898045,0.898045,0,-0
0.898045,0.898045,0,-0
0.898045,0.898045,0,-0
0.898045,0.898045,0,-0
0.898045,0.898045,0,-0
1.000000,1.000000,0,-0
1.000000,1.000000,0,-0
1.000000,1.000000,0,-0
1.000000,1.000000,0,-0
1.000000,1.000000,0,-0
0.898045,0.898045,0,-0
0.898045,0.898045,0,-0
0.898045,0.898045,0,-0
0.898045,0.898045,0,-0
0.898045,0.898045,0,-0
0.898045,0.898045,0,-0
0.898045,0.898045,0,-0
0.898045,0.898045,0,-0
0.898045,0.898045,0,-0
0.898045,0.898045,0,-0
0.898045,0.898045,0,-0
0.898045,0.898045,0,-0
0.898045,0.898045,0,-0
0.898045,0.898045,0,-0
0.898045,0.898045,0,-0
0.898045,0.898045,0,-0
0.898045,0.898045,0,-0
0.898045,0.898045,0,-0
0.898045,0.898045,0,-0
0.898045,0.898045,0,-0
0.898045,0.898045,0,-0
0.898045,0.898045,0,-0
0.898045,0.898045,0,-0
0.898045,0.898045,0,-0
0.898045,0.898045,0,-0
0.898045,0.898045,0,-0
0.898045,0.898045,0,-0
0.898045,0.898045,0,-0
0.898045,0.898045,0,-0
0.898045,0.898045,0,-0
0.898045,0.898045,0,-0
0.898045,0.898045,0,-0
0.898045,0.898045,0,-0
0.898045,0.898045,0,-0
0.898045,0.898045,0,-0
0.898045,0.898045,0,-0
0.898045,0.898045,0,-0
0.898045,0.898045,0,-0
0.898045,0.898045,0,-0
0.898045,0.898045,0,-0
0.898045,0.898045,0,-0
0.898045,0.898045,0,-0
0.898045,0.898045,0,-0
0.898045,0.898045,0,-0
0.898045,0.898045,0,-0
0.898045,0.898045,0,-0
0.898045,0.898045,0,-0
1.000000,1.000000,0,-0
1.000000,1.000000,0,-0
1.000000,1.000000,0,-0
1.000000,1.000000,0,-0
1.000000,1.000000,0,-0
0.898045,0.898045,0,-0
0.898045,0.898045,0,-0
0.898045,0.898045,0,-0
0.898045,0.898045,0,-0
0.898045,0.898045,0,-0
0.898045,0.898045,0,-0
0.898045,0.898045,0,-0
0.898045,0.898045,0,-0
0.898045,0.898045,0,-0
0.898045,0.898045,0,-0
0.898045,0.898045,0,-0
0.898045,0.898045,0,-0
0.898045,0.898045,0,-0
0.898045,0.898045,0,-0
0.898045,0.898045,0,-0
0.898045,0.898045,0,-0
0.898045,0.898045,0,-0
0.898045,0.898045,0,-0
0.898045,0.898045,0,-0
0.898045,0.898045,0,-0
0.898045,0.898045,0,-0
0.898045,0.898045,0,-0
0.898045,0.898045,0,-0
0.898045,0.898045,0,-0
0.898045,0.898045,0,-0
0.898045,0.898045,0,-0
0.898045,0.898045,0,-0
0.898045,0.898045,0,-0
0.898045,0.898045,0,-0
0.898045,0.898045,0,-0
0.898045,0.898045,0,-0
0.898045,0.898045,0,-0
0.898045,0.898045,0,-0
0.898045,0.898045,0,-0
0.898045,0.898045,0,-0
0.898045,0.898045,0,-0
0.898045,0.898045,0,-0
0.898045,0.898045,0,-0
0.898045,0.898045,0,-0
0.898045,0.898045,0,-0
0.898045,0.898045,0,-0
0.898045,0.898045,0,-0
0.898045,0.898045,0,-0
0.898045,0.898045,0,-0
0.898045,0.898045,0,-0
0.898045,0.898045,0,-0
0.898045,0.898045,0,-0
0.898045,0.898045,0,-0
0.898045,0.898045,0,-0
0.898045,0.898045,0,-0
0.898045,0.898045,0,-0
0.898045,0.898045,0,-0
0.898045,0.898045,0,-0
0.898045,0.898045,0,-0
0.898045,0.898045,0,-0
0.898045,0.898045,0,-0
0.898045,0.898045,0,-0
0.898045,0.898045,0,-0
0.898045,0.898045,0,-0
0.898045,0.898045,0,-0
0.898045,0.898045,0,-0
0.898045,0.898045,0,-0
0.898045,0.898045,0,-0
0.898045,0.898045,0,-0
0.898045,0.898045,0,-0
0.898045,0.898045,0,-0
0.898045,0.898045,0,-0
0.898045,0.898045,0,-0
0.898045,0.898045,0,-0
0.898045,0.898045,0,-0
0.898045,0.898045,0,-0
0.898045,0.898045,0,-0
0.898045,0.898045,0,-0
0.898045,0.898045,0,-0
0.898045,0.898045,0,-0
0.898045,0.898045,0,-0
0.898045,0.898045,0,-0
0.898045,0.898045,0,-0
0.898045,0.898045,0,-0
0.898045,0.898045,0,-0
0.898045,0.898045,0,-0
0.898045,0.898045,0,-0
0.898045,0.898045,0,-0
0.898045,0.898045,0,-0
0.898045,0.898045,0,-0
0.898045,0.898045,0,-0
0.898045,0.898045,0,-0
0.898045,0.898045,0,-0
0.898045,0.898045,0,-0
0.898045,0.898045,0,-0
0.898045,0.898045,0,-0
0.898045,0.898045,0,-0
0.898045,0.898045,0,-0
0.898045,0.898045,0,-0
0.898045,0.898045,0,-0
0.898045,0.898045,0,-0
0.898045,0.898045,0,-0
0.898045,0.898045,0,-0
0.898045,0.898045,0,-0
0.898045,0.898045,0,-0
0.898045,0.898045,0,-0
0.898045,0.898045,0,-0
0.898045,0.898045,0,-0
0.898045,0.898045,0,-0
0.898045,0.898045,0,-0
0.898045,0.898045,0,-0
0.898045,0.898045,0,-0
0.898045,0.898045,0,-0
0.898045,0.898045,0,-0
0.898045,0.898045,0,-0
0.898045,0.898045,0,-0
0.898045,0.898045,0,-0
0.898045,0.898045,0,-0
0.898045,0.898045,0,-0
0.898045,0.898045,0,-0
0.898045,0.898045,0,-0
0.898045,0.898045,0,-0
0.898045,0.898045,0,-0
0.898045,0.898045,0,-0
0.898045,0.898045,0,-0
0.898045,0.898045,0,-0
0.898045,0.898045,0,-0
0.898045,0.898045,0,-0
0.898045,0.898045,0,-0
0.898045,0.898045,0,-0
0.898045,0.898045,0,-0
0.898045,0.898045,0,-0
0.898045,0.898045,0,-0
0.898045,0.898045,0,-0
0.898045,0.898045,0,-0
0.898045,0.898045,0,-0
0.898045,0.898045,0,-0
0.898045,0.898045,0,-0
0.898045,0.898045,0,-0
0.898045,0.898045,0,-0
0.898045,0.898045,0,-0
0.898045,0.898045,0,-0
0.898045,0.898045,0,-0
0.898045,0.898045,0,-0
0.898045,0.898045,0,-0
0.898045,0.898045,0,-0
0.898045,0.898045,0,-0
0.898045,0.898045,0,-0
0.898045,0.898045,0,-0
0.898045,0.898045,0,-0
0.898045,0.898045,0,-0
0.898045,0.898045,0,-0
0.898045,0.898045,0,-0
0.898045,0.898045,0,-0
0.898045,0.898045,0,-0
0.898045,0.898045,0,-0
0.898045,0.898045,0,-0
0.898045,0.898045,0,-0
0.898045,0.898045,0,-0
0.898045,0.898045,0,-0
0.898045,0.898045,0,-0
0.898045,0.898045,0,-0
0.898045,0.898045,0,-0
0.898045,0.898045,0,-0
0.898045,0.898045,0,-0
0.898045,0.898045,0,-0
0.898045,0.898045,0,-0
0.898045,0.898045,0,-0
0.898045,0.898045,0,-0
0.898045,0.898045,0,-0
0.898045,0.898045,0,-0
0.898045,0.898045,0,-0
0.898045,0.898045,0,-0
0.898045,0.898045,0,-0
0.898045,0.898045,0,-0
0.898045,0.898045,0,-0
0.898045,0.898045,0,-0
0.898045,0.898045,0,-0
0.898045,0.898045,0,-0
0.898045,0.898045,0,-0
0.898045,0.898045,0,-0
0.898045,0.898045,0,-0
0.898045,0.898045,0,-0
0.898045,0.898045,0,-0
0.898045,0.898045,0,-0
0.898045,0.898045,0,-0
0.898045,0.898045,0,-0
0.898045,0.898045,0,-0
0.898045,0.898045,0,-0
0.898045,0.898045,0,-0
0.898045,0.898045,0,-0
0.898045,0.898045,0,-0
0.898045,0.898045,0,-0
0.898045,0.898045,0,-0
0.898045,0.898045,0,-0
0.898045,0.898045,0,-0
0.898045,0.898045,0,-0
0.898045,0.898045,0,-0
0.898045,0.898045,0,-0
0.898045,0.898045,0,-0
0.898045,0.898045,0,-0
0.898045,0.898045,0,-0
0.898045,0.898045,0,-0
0.898045,0.898045,0,-0
0.898045,0.898045,0,-0
0.898045,0.898045,0,-0
0.898045,0.898045,0,-0
0.898045,0.898045,0,-0
0.898045,0.898045,0,-0
0.898045,0.898045,0,-0
0.898045,0.898045,0,-0
0.898045,0.898045,0,-0
0.898045,0.898045,0,-0
0.898045,0.898045,0,-0
0.898045,0.898045,0,-0
0.898045,0.898045,0,-0
0.898045,0.898045,0,-0
0.898045,0.898045,0,-0
0.898045,0.898045,0,-0
0.898045,0.898045,0,-0
0.898045,0.898045,0,-0
0.898045,0.898045,0,-0
0.898045,0.898045,0,-0
0.898045,0.898045,0,-0
0.898045,0.898045,0,-0
0.898045,0.898045,0,-0
0.898045,0.898045,0,-0
0.898045,0.898045,0,-0
0.898045,0.898045,0,-0
0.898045,0.898045,0,-0
0.898045,0.898045,0,-0
0.898045,0.898045,0,-0
0.898045,0.898045,0,-0
0.898045,0.898045,0,-0
0.898045,0.898045,0,-0
0.898045,0.898045,0,-0
0.898045,0.898045,0,-0
0.898045,0.898045,0,-0
0.898045,0.898045,0,-0
0.898045,0.898045,0,-0
0.898045,0.898045,0,-0
0.898045,0.898045,0,-0
0.898045,0.898045,0,-0
0.898045,0.898045,0,-0
0.898045,0.898045,0,-0
0.898045,0.898045,0,-0
0.898045,0.898045,0,-0
0.898045,0.898045,0,-0
0.898045,0.898045,0,-0
0.898045,0.898045,0,-0
0.898045,0.898045,0,-0
0.898045,0.898045,0,-0
0.898045,0.898045,0,-0
0.898045,0.898045,0,-0
0.898045,0.898045,0,-0
0.898045,0.898045,0,-0
0.898045,0.898045,0,-0
0.898045,0.898045,0,-0
0.898045,0.898045,0,-0
0.898045,0.898045,0,-0
0.898045,0.898045,0,-0
0.898045,0.898045,0,-0
0.898045,0.898045,0,-0
0.898045,0.898045,0,-0
0.898045,0.898045,0,-0
0.898045,0.898045,0,-0
0.898045,0.898045,0,-0
0.898045,0.898045,0,-0
0.898045,0.898045,0,-0
0.898045,0.898045,0,-0
0.898045,0.898045,0,-0
0.898045,0.898045,0,-0
0.898045,0.898045,0,-0
0.898045,0.898045,0,-0
0.898045,0.898045,0,-0
0.898045,0.898045,0,-0
0.898045,0.898045,0,-0
0.898045,0.898045,0,-0
0.898045,0.898045,0,-0
0.898045,0.898045,0,-0
0.898045,0.898045,0,-0
0.898045,0.898045,0,-0
0.898045,0.898045,0,-0
0.898045,0.898045,0,-0
0.898045,0.898045,0,-0
0.898045,0.898045,0,-0
0.898045,0.898045,0,-0
0.898045,0.898045,0,-0
0.898045,0.898045,0,-0
0.898045,0.898045,0,-0
0.898045,0.898045,0,-0
0.898045,0.898045,0,-0
0.898045,0.898045,0,-0
0.898045,0.898045,0,-0
0.898045,0.898045,0,-0
0.898045,0.898045,0,-0
0.898045,0.898045,0,-0
0.898045,0.898045,0,-0
0.898045,0.898045,0,-0
0.898045,0.898045,0,-0
0.898045,0.898045,0,-0
0.898045,0.898045,0,-0
0.898045,0.898045,0,-0
0.898045,0.898045,0,-0
0.898045,0.898045,0,-0
0.898045,0.898045,0,-0
0.898045,0.898045,0,-0
0.898045,0.898045,0,-0
0.898045,0.898045,0,-0
0.898045,0.898045,0,-0
0.898045,0.898045,0,-0
0.898045,0.898045,0,-0
0.898045,0.898045,0,-0
0.898045,0.898045,0,-0
0.898045,0.898045,0,-0
0.898045,0.898045,0,-0
0.898045,0.898045,0,-0
0.898045,0.898045,0,-0
0.898045,0.898045,0,-0
0.898045,0.898045,0,-0
0.898045,0.898045,0,-0
0.898045,0.898045,0,-0
0.898045,0.898045,0,-0
0.898045,0.898045,0,-0
0.898045,0.898045,0,-0
0.898045,0.898045,0,-0
0.898045,0.898045,0,-0
0.898045,0.898045,0,-0
0.898045,0.898045,0,-0
0.898045,0.898045,0,-0
0.898045,0.898045,0,-0
0.898045,0.898045,0,-0
0.898045,0.898045,0,-0
0.898045,0.898045,0,-0
0.898045,0.898045,0,-0
0.898045,0.898045,0,-0
0.898045,0.898045,0,-0
0.898045,0.898045,0,-0
0.898045,0.898045,0,-0
0.898045,0.898045,0,-0
0.898045,0.898045,0,-0
0.898045,0.898045,0,-0
0.898045,0.898045,0,-0
0.898045,0.898045,0,-0
0.898045,0.898045,0,-0
0.898045,0.898045,0,-0
0.898045,0.898045,0,-0
0.898045,0.898045,0,-0
0.898045,0.898045,0,-0
0.898045,0.898045,0,-0
0.898045,0.898045,0,-0
0.898045,0.898045,0,-0
0.898045,0.898045,0,-0
0.898045,0.898045,0,-0
0.898045,0.898045,0,-0
0.898045,0.898045,0,-0
0.898045,0.898045,0,-0
0.898045,0.898045,0,-0
0.898045,0.898045,0,-0
0.898045,0.898045,0,-0
0.898045,0.898045,0,-0
0.898045,0.898045,0,-0
0.898045,0.898045,0,-0
0.898045,0.898045,0,-0
0.898045,0.898045,0,-0
0.898045,0.898045,0,-0
0.898045,0.898045,0,-0
0.898045,0.898045,0,-0
0.898045,0.898045,0,-0
0.898045,0.898045,0,-0
0.898045,0.898045,0,-0
0.898045,0.898045,0,-0
0.898045,0.898045,0,-0
0.898045,0.898045,0,-0
0.898045,0.898045,0,-0
0.898045,0.898045,0,-0
0.898045,0.898045,0,-0
0.898045,0.898045,0,-0
0.898045,0.898045,0,-0
0.898045,0.898045,0,-0
0.898045,0.898045,0,-0
0.898045,0.898045,0,-0
0.898045,0.898045,0,-0
0.898045,0.898045,0,-0
0.898045,0.898045,0,-0
0.898045,0.898045,0,-0
0.898045,0.898045,0,-0
0.898045,0.898045,0,-0
0.898045,0.898045,0,-0
0.898045,0.898045,0,-0
0.898045,0.898045,0,-0
0.898045,0.898045,0,-0
0.898045,0.898045,0,-0
0.898045,0.898045,0,-0
0.898045,0.898045,0,-0
0.898045,0.898045,0,-0
0.898045,0.898045,0,-0
0.898045,0.898045,0,-0
0.898045,0.898045,0,-0
0.898045,0.898045,0,-0
0.898045,0.898045,0,-0
0.898045,0.898045,0,-0
0.898045,0.898045,0,-0
0.898045,0.898045,0,-0
0.898045,0.898045,0,-0
0.898045,0.898045,0,-0
0.898045,0.898045,0,-0
0.898045,0.898045,0,-0
0.898045,0.898045,0,-0
0.898045,0.898045,0,-0
0.898045,0.898045,0,-0
0.898045,0.898045,0,-0
0.898045,0.898045,0,-0
0.898045,0.898045,0,-0
0.898045,0.898045,0,-0
0.898045,0.898045,0,-0
0.898045,0.898045,0,-0
0.898045,0.898045,0,-0
0.898045,0.898045,0,-0
0.898045,0.898045,0,-0
0.898045,0.898045,0,-0
0.898045,0.898045,0,-0
0.898045,0.898045,0,-0
0.898045,0.898045,0,-0
0.898045,0.898045,0,-0
0.898045,0.898045,0,-0
0.898045,0.898045,0,-0
0.898045,0.898045,0,-0
0.898045,0.898045,0,-0
0.898045,0.898045,0,-0
0.898045,0.898045,0,-0
0.898045,0.898045,0,-0
0.898045,0.898045,0,-0
0.898045,0.898045,0,-0
0.898045,0.898045,0,-0
0.898045,0.898045,0,-0
0.898045,0.898045,0,-0
0.898045,0.898045,0,-0
0.898045,0.898045,0,-0
0.898045,0.898045,0,-0
0.898045,0.898045,0,-0
0.898045,0.898045,0,-0
0.898045,0.898045,0,-0
0.898045,0.898045,0,-0
0.898045,0.898045,0,-0
0.898045,0.898045,0,-0
0.898045,0.898045,0,-0
0.898045,0.898045,0,-0
0.898045,0.898045,0,-0
0.898045,0.898045,0,-0
0.898045,0.898045,0,-0
0.898045,0.898045,0,-0
0.898045,0.898045,0,-0
0.898045,0.898045,0,-0
0.898045,0.898045,0,-0
0.898045,0.898045,0,-0
0.898045,0.898045,0,-0
0.898045,0.898045,0,-0
0.898045,0.898045,0,-0
0.898045,0.898045,0,-0
0.898045,0.898045,0,-0
0.898045,0.898045,0,-0
0.898045,0.898045,0,-0
0.898045,0.898045,0,-0
0.898045,0.898045,0,-0
0.898045,0.898045,0,-0
0.898045,0.898045,0,-0
0.898045,0.898045,0,-0
0.898045,0.898045,0,-0
0.898045,0.898045,0,-0
0.898045,0.898045,0,-0
0.898045,0.898045,0,-0
0.898045,0.898045,0,-0
0.898045,0.898045,0,-0
0.898045,0.898045,0,-0
0.898045,0.898045,0,-0
0.898045,0.898045,0,-0
0.898045,0.898045,0,-0
0.898045,0.898045,0,-0
0.898045,0.898045,0,-0
0.898045,0.898045,0,-0
0.898045,0.898045,0,-0
0.898045,0.898045,0,-0
0.898045,0.898045,0,-0
0.898045,0.898045,0,-0
0.898045,0.898045,0,-0
0.898045,0.898045,0,-0
0.898045,0.898045,0,-0
0.898045,0.898045,0,-0
0.898045,0.898045,0,-0
0.898045,0.898045,0,-0
0.898045,0.898045,0,-0
0.898045,0.898045,0,-0
0.898045,0.898045,0,-0
0.898045,0.898045,0,-0
0.898045,0.898045,0,-0
0.898045,0.898045,0,-0
0.898045,0.898045,0,-0
0.898045,0.898045,0,-0
0.898045,0.898045,0,-0
0.898045,0.898045,0,-0
0.898045,0.898045,0,-0
0.898045,0.898045,0,-0
0.898045,0.898045,0,-0
0.898045,0.898045,0,-0
0.898045,0.898045,0,-0
0.898045,0.898045,0,-0
0.898045,0.898045,0,-0
0.898045,0.898045,0,-0
0.898045,0.898045,0,-0
0.898045,0.898045,0,-0
0.898045,0.898045,0,-0
0.898045,0.898045,0,-0
0.898045,0.898045,0,-0
0.898045,0.898045,0,-0
0.898045,0.898045,0,-0
0.898045,0.898045,0,-0
0.898045,0.898045,0,-0
0.898045,0.898045,0,-0
0.898045,0.898045,0,-0
0.898045,0.898045,0,-0
0.898045,0.898045,0,-0
0.898045,0.898045,0,-0
0.898045,0.898045,0,-0
0.898045,0.898045,0,-0
0.898045,0.898045,0,-0
0.898045,0.898045,0,-0
0.898045,0.898045,0,-0
0.898045,0.898045,0,-0
0.898045,0.898045,0,-0
0.898045,0.898045,0,-0
0.898045,0.898045,0,-0
0.898045,0.898045,0,-0
0.898045,0.898045,0,-0
0.898045,0.898045,0,-0
0.898045,0.898045,0,-0
0.898045,0.898045,0,-0
0.898045,0.898045,0,-0
0.898045,0.898045,0,-0
0.898045,0.898045,0,-0
0.898045,0.898045,0,-0
0.898045,0.898045,0,-0
0.898045,0.898045,0,-0
0.898045,0.898045,0,-0
0.898045,0.898045,0,-0
0.898045,0.898045,0,-0
0.898045,0.898045,0,-0
0.898045,0.898045,0,-0
0.898045,0.898045,0,-0
0.898045,0.898045,0,-0
0.898045,0.898045,0,-0
0.898045,0.898045,0,-0
0.898045,0.898045,0,-0
0.898045,0.898045,0,-0
0.898045,0.898045,0,-0
0.898045,0.898045,0,-0
0.898045,0.898045,0,-0
0.898045,0.898045,0,-0
0.898045,0.898045,0,-0
0.898045,0.898045,0,-0
0.898045,0.898045,0,-0
0.898045,0.898045,0,-0
0.898045,0.898045,0,-0
0.898045,0.898045,0,-0
0.898045,0.898045,0,-0
0.898045,0.898045,0,-0
0.898045,0.898045,0,-0
0.898045,0.898045,0,-0
0.898045,0.898045,0,-0
0.898045,0.898045,0,-0
0.898045,0.898045,0,-0
0.898045,0.898045,0,-0
0.898045,0.898045,0,-0
0.898045,0.898045,0,-0
0.898045,0.898045,0,-0
0.898045,0.898045,0,-0
0.898045,0.898045,0,-0
0.898045,0.898045,0,-0
0.898045,0.898045,0,-0
0.898045,0.898045,0,-0
0.898045,0.898045,0,-0
0.898045,0.898045,0,-0
0.898045,0.898045,0,-0
0.898045,0.898045,0,-0
0.898045,0.898045,0,-0
0.898045,0.898045,0,-0
0.898045,0.898045,0,-0
0.898045,0.898045,0,-0
0.898045,0.898045,0,-0
0.898045,0.898045,0,-0
0.898045,0.898045,0,-0
0.898045,0.898045,0,-0
0.898045,0.898045,0,-0
0.898045,0.898045,0,-0
0.898045,0.898045,0,-0
0.898045,0.898045,0,-0
0.898045,0.898045,0,-0
0.898045,0.898045,0,-0
0.898045,0.898045,0,-0
0.898045,0.898045,0,-0
0.898045,0.898045,0,-0
0.898045,0.898045,0,-0
0.898045,0.898045,0,-0
0.898045,0.898045,0,-0
0.898045,0.898045,0,-0
0.898045,0.898045,0,-0
0.898045,0.898045,0,-0
0.898045,0.898045,0,-0
0.898045,0.898045,0,-0
0.898045,0.898045,0,-0
0.898045,0.898045,0,-0
0.898045,0.898045,0,-0
0.898045,0.898045,0,-0
0.898045,0.898045,0,-0
0.898045,0.898045,0,-0
0.898045,0.898045,0,-0
0.898045,0.898045,0,-0
0.898045,0.898045,0,-0
0.898045,0.898045,0,-0
0.898045,0.898045,0,-0
0.898045,0.898045,0,-0
0.898045,0.898045,0,-0
0.898045,0.898045,0,-0
0.898045,0.898045,0,-0
0.898045,0.898045,0,-0
0.898045,0.898045,0,-0
0.898045,0.898045,0,-0
0.898045,0.898045,0,-0
0.898045,0.898045,0,-0
0.898045,0.898045,0,-0
0.898045,0.898045,0,-0
0.898045,0.898045,0,-0
0.898045,0.898045,0,-0
0.898045,0.898045,0,-0
0.898045,0.898045,0,-0
0.898045,0.898045,0,-0
0.898045,0.898045,0,-0
0.898045,0.898045,0,-0
0.898045,0.898045,0,-0
0.898045,0.898045,0,-0
0.898045,0.898045,0,-0
0.898045,0.898045,0,-0
0.898045,0.898045,0,-0
0.898045,0.898045,0,-0
0.898045,0.898045,0,-0
0.898045,0.898045,0,-0
0.898045,0.898045,0,-0
0.898045,0.898045,0,-0
0.898045,0.898045,0,-0
0.898045,0.898045,0,-0
0.898045,0.898045,0,-0
0.898045,0.898045,0,-0
0.898045,0.898045,0,-0
0.898045,0.898045,0,-0
0.898045,0.898045,0,-0
0.898045,0.898045,0,-0
0.898045,0.898045,0,-0
0.898045,0.898045,0,-0
0.898045,0.898045,0,-0
0.898045,0.898045,0,-0
0.898045,0.898045,0,-0
0.898045,0.898045,0,-0
0.898045,0.898045,0,-0
0.898045,0.898045,0,-0
0.898045,0.898045,0,-0
0.898045,0.898045,0,-0
0.898045,0.898045,0,-0
0.898045,0.898045,0,-0
0.898045,0.898045,0,-0
0.898045,0.898045,0,-0
0.898045,0.898045,0,-0
0.898045,0.898045,0,-0
0.898045,0.898045,0,-0
0.898045,0.898045,0,-0
0.898045,0.898045,0,-0
0.898045,0.898045,0,-0
0.898045,0.898045,0,-0
0.898045,0.898045,0,-0
0.898045,0.898045,0,-0
0.898045,0.898045,0,-0
0.898045,0.898045,0,-0
0.898045,0.898045,0,-0
0.898045,0.898045,0,-0
0.898045,0.898045,0,-0
0.898045,0.898045,0,-0
0.898045,0.898045,0,-0
0.898045,0.898045,0,-0
0.898045,0.898045,0,-0
0.898045,0.898045,0,-0
0.898045,0.898045,0,-0
0.898045,0.898045,0,-0
0.898045,0.898045,0,-0
0.898045,0.898045,0,-0
0.898045,0.898045,0,-0
0.898045,0.898045,0,-0
0.898045,0.898045,0,-0
0.898045,0.898045,0,-0
0.898045,0.898045,0,-0
0.898045,0.898045,0,-0
0.898045,0.898045,0,-0
0.898045,0.898045,0,-0
0.898045,0.898045,0,-0
0.898045,0.898045,0,-0
0.898045,0.898045,0,-0
0.898045,0.898045,0,-0
0.898045,0.898045,0,-0
0.898045,0.898045,0,-0
0.898045,0.898045,0,-0
0.898045,0.898045,0,-0
0.898045,0.898045,0,-0
0.898045,0.898045,0,-0
0.898045,0.898045,0,-0
0.898045,0.898045,0,-0
0.898045,0.898045,0,-0
0.898045,0.898045,0,-0
0.898045,0.898045,0,-0
0.898045,0.898045,0,-0
0.898045,0.898045,0,-0
0.898045,0.898045,0,-0
0.898045,0.898045,0,-0
0.898045,0.898045,0,-0
0.898045,0.898045,0,-0
0.898045,0.898045,0,-0
0.898045,0.898045,0,-0
0.898045,0.898045,0,-0
0.898045,0.898045,0,-0
0.898045,0.898045,0,-0
0.898045,0.898045,0,-0
0.898045,0.898045,0,-0
0.898045,0.898045,0,-0
0.898045,0.898045,0,-0
0.898045,0.898045,0,-0
0.898045,0.898045,0,-0
0.898045,0.898045,0,-0
0.898045,0.898045,0,-0
0.898045,0.898045,0,-0
0.898045,0.898045,0,-0
0.898045,0.898045,0,-0
0.898045,0.898045,0,-0
0.898045,0.898045,0,-0
0.898045,0.898045,0,-0
0.898045,0.898045,0,-0
0.898045,0.898045,0,-0
0.898045,0.898045,0,-0
0.898045,0.898045,0,-0
0.898045,0.898045,0,-0
0.898045,0.898045,0,-0
0.898045,0.898045,0,-0
0.898045,0.898045,0,-0
0.898045,0.898045,0,-0
0.898045,0.898045,0,-0
0.898045,0.898045,0,-0
0.898045,0.898045,0,-0
0.898045,0.898045,0,-0
0.898045,0.898045,0,-0
0.898045,0.898045,0,-0
0.898045,0.898045,0,-0
0.898045,0.898045,0,-0
0.898045,0.898045,0,-0
0.898045,0.898045,0,-0
0.898045,0.898045,0,-0
0.898045,0.898045,0,-0
0.898045,0.898045,0,-0
0.898045,0.898045,0,-0
0.898045,0.898045,0,-0
0.898045,0.898045,0,-0
0.898045,0.898045,0,-0
0.898045,0.898045,0,-0
0.898045,0.898045,0,-0
0.898045,0.898045,0,-0
0.898045,0.898045,0,-0
0.898045,0.898045,0,-0
0.898045,0.898045,0,-0
0.898045,0.898045,0,-0
0.898045,0.898045,0,-0
0.898045,0.898045,0,-0
0.898045,0.898045,0,-0
0.898045,0.898045,0,-0
0.898045,0.898045,0,-0
0.898045,0.898045,0,-0
0.898045,0.898045,0,-0
0.898045,0.898045,0,-0
0.898045,0.898045,0,-0
0.898045,0.898045,0,-0
0.898045,0.898045,0,-0
0.898045,0.898045,0,-0
0.898045,0.898045,0,-0
0.898045,0.898045,0,-0
0.898045,0.898045,0,-0
0.898045,0.898045,0,-0
0.898045,0.898045,0,-0
0.898045,0.898045,0,-0
0.898045,0.898045,0,-0
0.898045,0.898045,0,-0
0.898045,0.898045,0,-0
0.898045,0.898045,0,-0
0.898045,0.898045,0,-0
0.898045,0.898045,0,-0
0.898045,0.898045,0,-0
0.898045,0.898045,0,-0
0.898045,0.898045,0,-0
0.898045,0.898045,0,-0
0.898045,0.898045,0,-0
0.898045,0.898045,0,-0
0.898045,0.898045,0,-0
0.898045,0.898045,0,-0
0.898045,0.898045,0,-0
0.898045,0.898045,0,-0
0.898045,0.898045,0,-0
0.898045,0.898045,0,-0
0.898045,0.898045,0,-0
0.898045,0.898045,0,-0
0.898045,0.898045,0,-0
0.898045,0.898045,0,-0
0.898045,0.898045,0,-0
0.898045,0.898045,0,-0
0.898045,0.898045,0,-0
0.898045,0.898045,0,-0
0.898045,0.898045,0,-0
0.898045,0.898045,0,-0
0.898045,0.898045,0,-0
0.898045,0.898045,0,-0
0.898045,0.898045,0,-0
0.898045,0.898045,0,-0
0.898045,0.898045,0,-0
0.898045,0.898045,0,-0
0.898045,0.898045,0,-0
0.898045,0.898045,0,-0
0.898045,0.898045,0,-0
0.898045,0.898045,0,-0
0.898045,0.898045,0,-0
0.898045,0.898045,0,-0
0.898045,0.898045,0,-0
0.898045,0.898045,0,-0
0.898045,0.898045,0,-0
0.898045,0.898045,0,-0
0.898045,0.898045,0,-0
0.898045,0.898045,0,-0
0.898045,0.898045,0,-0
0.898045,0.898045,0,-0
0.898045,0.898045,0,-0
0.898045,0.898045,0,-0
0.898045,0.898045,0,-0
0.898045,0.898045,0,-0
0.898045,0.898045,0,-0
0.898045,0.898045,0,-0
0.898045,0.898045,0,-0
0.898045,0.898045,0,-0
0.898045,0.898045,0,-0
0.898045,0.898045,0,-0
0.898045,0.898045,0,-0
0.898045,0.898045,0,-0
0.898045,0.898045,0,-0
0.898045,0.898045,0,-0
0.898045,0.898045,0,-0
0.898045,0.898045,0,-0
0.898045,0.898045,0,-0
0.898045,0.898045,0,-0
0.898045,0.898045,0,-0
0.898045,0.898045,0,-0
0.898045,0.898045,0,-0
0.898045,0.898045,0,-0
0.898045,0.898045,0,-0
0.898045,0.898045,0,-0
0.898045,0.898045,0,-0
0.898045,0.898045,0,-0
0.898045,0.898045,0,-0
0.898045,0.898045,0,-0
0.898045,0.898045,0,-0
0.898045,0.898045,0,-0
0.898045,0.898045,0,-0
0.898045,0.898045,0,-0
0.898045,0.898045,0,-0
0.898045,0.898045,0,-0
0.898045,0.898045,0,-0
0.898045,0.898045,0,-0
0.898045,0.898045,0,-0
0.898045,0.898045,0,-0
0.898045,0.898045,0,-0
0.898045,0.898045,0,-0
0.898045,0.898045,0,-0
0.898045,0.898045,0,-0
0.898045,0.898045,0,-0
0.898045,0.898045,0,-0
0.898045,0.898045,0,-0
0.898045,0.898045,0,-0
0.898045,0.898045,0,-0
0.898045,0.898045,0,-0
0.898045,0.898045,0,-0
0.898045,0.898045,0,-0
0.898045,0.898045,0,-0
0.898045,0.898045,0,-0
0.898045,0.898045,0,-0
0.898045,0.898045,0,-0
0.898045,0.898045,0,-0
0.898045,0.898045,0,-0
0.898045,0.898045,0,-0
0.898045,0.898045,0,-0
0.898045,0.898045,0,-0
0.898045,0.898045,0,-0
0.898045,0.898045,0,-0
0.898045,0.898045,0,-0
0.898045,0.898045,0,-0
0.898045,0.898045,0,-0
0.898045,0.898045,0,-0
0.898045,0.898045,0,-0
0.898045,0.898045,0,-0
0.898045,0.898045,0,-0
0.898045,0.898045,0,-0
0.898045,0.898045,0,-0
0.898045,0.898045,0,-0
0.898045,0.898045,0,-0
0.898045,0.898045,0,-0
0.898045,0.898045,0,-0
0.898045,0.898045,0,-0
0.898045,0.898045,0,-0
0.898045,0.898045,0,-0
0.898045,0.898045,0,-0
0.898045,0.898045,0,-0
0.898045,0.898045,0,-0
0.898045,0.898045,0,-0
0.898045,0.898045,0,-0
0.898045,0.898045,0,-0
0.898045,0.898045,0,-0
0.898045,0.898045,0,-0
0.898045,0.898045,0,-0
0.898045,0.898045,0,-0
0.898045,0.898045,0,-0
0.898045,0.898045,0,-0
0.898045,0.898045,0,-0
0.898045,0.898045,0,-0
0.898045,0.898045,0,-0
0.898045,0.898045,0,-0
0.898045,0.898045,0,-0
0.898045,0.898045,0,-0
0.898045,0.898045,0,-0
0.898045,0.898045,0,-0
0.898045,0.898045,0,-0
0.898045,0.898045,0,-0
0.898045,0.898045,0,-0
0.898045,0.898045,0,-0
0.898045,0.898045,0,-0
0.898045,0.898045,0,-0
0.898045,0.898045,0,-0
0.898045,0.898045,0,-0
0.898045,0.898045,0,-0
0.898045,0.898045,0,-0
0.898045,0.898045,0,-0
0.898045,0.898045,0,-0
0.898045,0.898045,0,-0
0.898045,0.898045,0,-0
0.898045,0.898045,0,-0
0.898045,0.898045,0,-0
0.898045,0.898045,0,-0
0.898045,0.898045,0,-0
0.898045,0.898045,0,-0
0.898045,0.898045,0,-0
0.898045,0.898045,0,-0
0.898045,0.898045,0,-0
0.898045,0.898045,0,-0
0.898045,0.898045,0,-0
0.898045,0.898045,0,-0
0.898045,0.898045,0,-0
0.898045,0.898045,0,-0
0.898045,0.898045,0,-0
0.898045,0.898045,0,-0
0.898045,0.898045,0,-0
0.898045,0.898045,0,-0
0.898045,0.898045,0,-0
0.898045,0.898045,0,-0
0.898045,0.898045,0,-0
0.898045,0.898045,0,-0
0.898045,0.898045,0,-0
0.898045,0.898045,0,-0
0.898045,0.898045,0,-0
0.898045,0.898045,0,-0
0.898045,0.898045,0,-0
0.898045,0.898045,0,-0
0.898045,0.898045,0,-0
0.898045,0.898045,0,-0
0.898045,0.898045,0,-0
0.898045,0.898045,0,-0
0.898045,0.898045,0,-0
0.898045,0.898045,0,-0
0.898045,0.898045,0,-0
0.898045,0.898045,0,-0
0.898045,0.898045,0,-0
0.898045,0.898045,0,-0
0.898045,0.898045,0,-0
0.898045,0.898045,0,-0
0.898045,0.898045,0,-0
0.898045,0.898045,0,-0
0.898045,0.898045,0,-0
0.898045,0.898045,0,-0
0.898045,0.898045,0,-0
0.898045,0.898045,0,-0
0.898045,0.898045,0,-0
0.898045,0.898045,0,-0
0.898045,0.898045,0,-0
0.898045,0.898045,0,-0
0.898045,0.898045,0,-0
0.898045,0.898045,0,-0
0.898045,0.898045,0,-0
0.898045,0.898045,0,-0
0.898045,0.898045,0,-0
0.898045,0.898045,0,-0
0.898045,0.898045,0,-0
0.898045,0.898045,0,-0
0.898045,0.898045,0,-0
0.898045,0.898045,0,-0
0.898045,0.898045,0,-0
0.898045,0.898045,0,-0
0.898045,0.898045,0,-0
0.898045,0.898045,0,-0
0.898045,0.898045,0,-0
0.898045,0.898045,0,-0
0.898045,0.898045,0,-0
0.898045,0.898045,0,-0
0.898045,0.898045,0,-0
0.898045,0.898045,0,-0
0.898045,0.898045,0,-0
0.898045,0.898045,0,-0
0.898045,0.898045,0,-0
0.898045,0.898045,0,-0
0.898045,0.898045,0,-0
0.898045,0.898045,0,-0
0.898045,0.898045,0,-0
0.898045,0.898045,0,-0
0.898045,0.898045,0,-0
