0rest_m,1rest_m,0transf,1transf
1.000000,1.000000,0,-0
1.000000,1.000000,0,-0
1.000000,1.000000,0,-0
1.000000,1.000000,0,-0
1.000000,1.000000,0,-0
1.000000,1.000000,0,-0
1.000000,1.000000,0,-0
1.000000,1.000000,0,-0
1.000000,1.000000,0,-0
1.000000,1.000000,0,-0
1.000000,1.000000,0,-0
1.000000,1.000000,0,-0
1.000000,1.000000,0,-0
1.000000,1.000000,0,-0
1.000000,1.000000,0,-0
1.000000,1.000000,0,-0
1.000000,1.000000,0,-0
1.000000,1.000000,0,-0
1.000000,1.000000,0,-0
1.000000,1.000000,0,-0
1.000000,1.000000,0,-0
1.000000,1.000000,0,-0
1.000000,1.000000,0,-0
1.000000,1.000000,0,-0
1.000000,1.000000,0,-0
1.000000,1.000000,0,-0
1.000000,1.000000,0,-0
1.000000,1.000000,0,-0
1.000000,1.000000,0,-0
1.000000,1.000000,0,-0
1.000000,1.000000,0,-0
1.000000,1.000000,0,-0
1.000000,1.000000,0,-0
1.000000,1.000000,0,-0
1.000000,1.000000,0,-0
1.000000,1.000000,0,-0
1.000000,1.000000,0,-0
1.000000,1.000000,0,-0
1.000000,1.000000,0,-0
1.000000,1.000000,0,-0
1.000000,1.000000,0,-0
1.000000,1.000000,0,-0
1.000000,1.000000,0,-0
1.000000,1.000000,0,-0
1.000000,1.000000,0,-0
1.000000,1.000000,0,-0
1.000000,1.000000,0,-0
1.000000,1.000000,0,-0
1.000000,1.000000,0,-0
1.000000,1.000000,0,-0
1.000000,1.000000,0,-0
1.000000,1.000000,0,-0
1.000000,1.000000,0,-0
1.000000,1.000000,0,-0
1.000000,1.000000,0,-0
1.000000,1.000000,0,-0
1.000000,1.000000,0,-0
1.000000,1.000000,0,-0
1.000000,1.000000,0,-0
1.000000,1.000000,0,-0
1.000000,1.000000,0,-0
1.000000,1.000000,0,-0
1.000000,1.000000,0,-0
1.000000,1.000000,0,-0
1.000000,1.000000,0,-0
1.000000,1.000000,0,-0
1.000000,1.000000,0,-0
1.000000,1.000000,0,-0
1.000000,1.000000,0,-0
1.000000,1.000000,0,-0
1.000000,1.000000,0,-0
1.000000,1.000000,0,-0
1.000000,1.000000,0,-0
1.000000,1.000000,0,-0
1.000000,1.000000,0,-0
1.000000,1.000000,0,-0
1.000000,1.000000,0,-0
1.000000,1.000000,0,-0
1.000000,1.000000,0,-0
1.000000,1.000000,0,-0
1.000000,1.000000,0,-0
1.000000,1.000000,0,-0
1.000000,1.000000,0,-0
1.000000,1.000000,0,-0
1.000000,1.000000,0,-0
1.000000,1.000000,0,-0
1.000000,1.000000,0,-0
1.000000,1.000000,0,-0
1.000000,1.000000,0,-0
1.000000,1.000000,0,-0
1.000000,1.000000,0,-0
1.000000,1.000000,0,-0
1.000000,1.000000,0,-0
1.000000,1.000000,0,-0
1.000000,1.000000,0,-0
1.000000,1.000000,0,-0
1.000000,1.000000,0,-0
1.000000,1.000000,0,-0
1.000000,1.000000,0,-0
1.000000,1.000000,0,-0
1.000000,1.000000,0,-0
1.000000,1.000000,0,-0
1.000000,1.000000,0,-0
1.000000,1.000000,0,-0
1.000000,1.000000,0,-0
1.000000,1.000000,0,-0
1.000000,1.000000,0,-0
1.000000,1.000000,0,-0
1.000000,1.000000,0,-0
1.000000,1.000000,0,-0
1.000000,1.000000,0,-0
1.000000,1.000000,0,-0
1.000000,1.000000,0,-0
1.000000,1.000000,0,-0
1.000000,1.000000,0,-0
1.000000,1.000000,0,-0
1.000000,1.000000,0,-0
1.000000,1.000000,0,-0
1.000000,1.000000,0,-0
1.000000,1.000000,0,-0
1.000000,1.000000,0,-0
1.000000,1.000000,0,-0
1.000000,1.000000,0,-0
1.000000,1.000000,0,-0
1.000000,1.000000,0,-0
1.000000,1.000000,0,-0
1.000000,1.000000,0,-0
1.000000,1.000000,0,-0
1.000000,1.000000,0,-0
1.000000,1.000000,0,-0
1.000000,1.000000,0,-0
1.000000,1.000000,0,-0
1.000000,1.000000,0,-0
1.000000,1.000000,0,-0
1.000000,1.000000,0,-0
1.000000,1.000000,0,-0
1.000000,1.000000,0,-0
1.000000,1.000000,0,-0
1.000000,1.000000,0,-0
1.000000,1.000000,0,-0
1.000000,1.000000,0,-0
1.000000,1.000000,0,-0
1.000000,1.000000,0,-0
1.000000,1.000000,0,-0
1.000000,1.000000,0,-0
1.000000,1.000000,0,-0
1.000000,1.000000,0,-0
1.000000,1.000000,0,-0
1.000000,1.000000,0,-0
1.000000,1.000000,0,-0
1.000000,1.000000,0,-0
1.000000,1.000000,0,-0
1.000000,1.000000,0,-0
1.000000,1.000000,0,-0
1.000000,1.000000,0,-0
1.000000,1.000000,0,-0
1.000000,1.000000,0,-0
1.000000,1.000000,0,-0
1.000000,1.000000,0,-0
1.000000,1.000000,0,-0
1.000000,1.000000,0,-0
1.000000,1.000000,0,-0
1.000000,1.000000,0,-0
1.000000,1.000000,0,-0
1.000000,1.000000,0,-0
1.000000,1.000000,0,-0
1.000000,1.000000,0,-0
1.000000,1.000000,0,-0
1.000000,1.000000,0,-0
1.000000,1.000000,0,-0
1.000000,1.000000,0,-0
1.000000,1.000000,0,-0
1.000000,1.000000,0,-0
1.000000,1.000000,0,-0
1.000000,1.000000,0,-0
1.000000,1.000000,0,-0
1.000000,1.000000,0,-0
1.000000,1.000000,0,-0
1.000000,1.000000,0,-0
1.000000,1.000000,0,-0
1.000000,1.000000,0,-0
1.000000,1.000000,0,-0
1.000000,1.000000,0,-0
1.000000,1.000000,0,-0
1.000000,1.000000,0,-0
1.000000,1.000000,0,-0
1.000000,1.000000,0,-0
1.000000,1.000000,0,-0
1.000000,1.000000,0,-0
1.000000,1.000000,0,-0
1.000000,1.000000,0,-0
1.000000,1.000000,0,-0
1.000000,1.000000,0,-0
1.000000,1.000000,0,-0
1.000000,1.000000,0,-0
1.000000,1.000000,0,-0
1.000000,1.000000,0,-0
1.000000,1.000000,0,-0
1.000000,1.000000,0,-0
1.000000,1.000000,0,-0
1.000000,1.000000,0,-0
1.000000,1.000000,0,-0
1.000000,1.000000,0,-0
1.000000,1.000000,0,-0
1.000000,1.000000,0,-0
1.000000,1.000000,0,-0
1.000000,1.000000,0,-0
1.000000,1.000000,0,-0
1.000000,1.000000,0,-0
1.000000,1.000000,0,-0
1.000000,1.000000,0,-0
1.000000,1.000000,0,-0
1.000000,1.000000,0,-0
1.000000,1.000000,0,-0
1.000000,1.000000,0,-0
1.000000,1.000000,0,-0
1.000000,1.000000,0,-0
1.000000,1.000000,0,-0
1.000000,1.000000,0,-0
1.000000,1.000000,0,-0
1.000000,1.000000,0,-0
1.000000,1.000000,0,-0
1.000000,1.000000,0,-0
1.000000,1.000000,0,-0
1.000000,1.000000,0,-0
1.000000,1.000000,0,-0
1.000000,1.000000,0,-0
1.000000,1.000000,0,-0
1.000000,1.000000,0,-0
1.000000,1.000000,0,-0
1.000000,1.000000,0,-0
1.000000,1.000000,0,-0
1.000000,1.000000,0,-0
1.000000,1.000000,0,-0
1.000000,1.000000,0,-0
1.000000,1.000000,0,-0
1.000000,1.000000,0,-0
1.000000,1.000000,0,-0
1.000000,1.000000,0,-0
1.000000,1.000000,0,-0
1.000000,1.000000,0,-0
1.000000,1.000000,0,-0
1.000000,1.000000,0,-0
1.000000,1.000000,0,-0
1.000000,1.000000,0,-0
1.000000,1.000000,0,-0
1.000000,1.000000,0,-0
1.000000,1.000000,0,-0
1.000000,1.000000,0,-0
1.000000,1.000000,0,-0
1.000000,1.000000,0,-0
1.000000,1.000000,0,-0
1.000000,1.000000,0,-0
1.000000,1.000000,0,-0
1.000000,1.000000,0,-0
1.000000,1.000000,0,-0
1.000000,1.000000,0,-0
1.000000,1.000000,0,-0
1.000000,1.000000,0,-0
1.000000,1.000000,0,-0
1.000000,1.000000,0,-0
1.000000,1.000000,0,-0
1.000000,1.000000,0,-0
1.000000,1.000000,0,-0
1.000000,1.000000,0,-0
1.000000,1.000000,0,-0
1.000000,1.000000,0,-0
1.000000,1.000000,0,-0
1.000000,1.000000,0,-0
1.000000,1.000000,0,-0
1.000000,1.000000,0,-0
1.000000,1.000000,0,-0
1.000000,1.000000,0,-0
1.000000,1.000000,0,-0
1.000000,1.000000,0,-0
1.000000,1.000000,0,-0
1.000000,1.000000,0,-0
1.000000,1.000000,0,-0
1.000000,1.000000,0,-0
1.000000,1.000000,0,-0
1.000000,1.000000,0,-0
1.000000,1.000000,0,-0
1.000000,1.000000,0,-0
1.000000,1.000000,0,-0
1.000000,1.000000,0,-0
1.000000,1.000000,0,-0
1.000000,1.000000,0,-0
1.000000,1.000000,0,-0
1.000000,1.000000,0,-0
1.000000,1.000000,0,-0
1.000000,1.000000,0,-0
1.000000,1.000000,0,-0
1.000000,1.000000,0,-0
1.000000,1.000000,0,-0
1.000000,1.000000,0,-0
1.000000,1.000000,0,-0
1.000000,1.000000,0,-0
1.000000,1.000000,0,-0
1.000000,1.000000,0,-0
1.000000,1.000000,0,-0
1.000000,1.000000,0,-0
1.000000,1.000000,0,-0
1.000000,1.000000,0,-0
1.000000,1.000000,0,-0
1.000000,1.000000,0,-0
1.000000,1.000000,0,-0
1.000000,1.000000,0,-0
1.000000,1.000000,0,-0
1.000000,1.000000,0,-0
1.000000,1.000000,0,-0
1.000000,1.000000,0,-0
1.000000,1.000000,0,-0
1.000000,1.000000,0,-0
1.000000,1.000000,0,-0
1.000000,1.000000,0,-0
1.000000,1.000000,0,-0
1.000000,1.000000,0,-0
1.000000,1.000000,0,-0
1.000000,1.000000,0,-0
1.000000,1.000000,0,-0
1.000000,1.000000,0,-0
1.000000,1.000000,0,-0
1.000000,1.000000,0,-0
1.000000,1.000000,0,-0
1.000000,1.000000,0,-0
1.000000,1.000000,0,-0
1.000000,1.000000,0,-0
1.000000,1.000000,0,-0
1.000000,1.000000,0,-0
1.000000,1.000000,0,-0
1.000000,1.000000,0,-0
1.000000,1.000000,0,-0
1.000000,1.000000,0,-0
1.000000,1.000000,0,-0
1.000000,1.000000,0,-0
1.000000,1.000000,0,-0
1.000000,1.000000,0,-0
1.000000,1.000000,0,-0
1.000000,1.000000,0,-0
1.000000,1.000000,0,-0
1.000000,1.000000,0,-0
1.000000,1.000000,0,-0
1.000000,1.000000,0,-0
1.000000,1.000000,0,-0
1.000000,1.000000,0,-0
1.000000,1.000000,0,-0
1.000000,1.000000,0,-0
0.885001,0.885001,0,-0
0.885001,0.885001,0,-0
0.885001,0.885001,0,-0
0.885001,0.885001,0,-0
0.885001,0.885001,0,-0
1.000000,1.000000,0,-0
1.000000,1.000000,0,-0
1.000000,1.000000,0,-0
1.000000,1.000000,0,-0
1.000000,1.000000,0,-0
1.000000,1.000000,0,-0
1.000000,1.000000,0,-0
1.000000,1.000000,0,-0
1.000000,1.000000,0,-0
1.000000,1.000000,0,-0
1.000000,1.000000,0,-0
1.000000,1.000000,0,-0
1.000000,1.000000,0,-0
1.000000,1.000000,0,-0
1.000000,1.000000,0.0944643,-0.0944643
1.000000,1.000000,0,-0
1.000000,1.000000,0,-0
1.000000,1.000000,0,-0
1.000000,1.000000,0,-0
1.000000,1.000000,0,-0
1.000000,1.000000,0,-0
1.000000,1.000000,0,-0
1.000000,1.000000,0.156065,-0.156065
1.000000,1.000000,0.155622,-0.155622
1.000000,1.000000,0.155179,-0.155179
1.000000,1.000000,0.154737,-0.154737
1.000000,1.000000,0.154294,-0.154294
1.000000,1.000000,0,-0
1.000000,1.000000,0.0906308,-0.0906308
1.000000,1.000000,0,-0
1.000000,1.000000,0,-0
1.000000,1.000000,0,-0
1.000000,1.000000,0,-0
1.000000,1.000000,0,-0
1.000000,1.000000,0,-0
1.000000,1.000000,0,-0
1.000000,1.000000,0,-0
1.000000,1.000000,0,-0
1.000000,1.000000,0,-0
1.000000,1.000000,0,-0
1.000000,1.000000,0,-0
1.000000,1.000000,0,-0
1.000000,1.000000,0,-0
1.000000,1.000000,0,-0
1.000000,1.000000,0,-0
1.000000,1.000000,0,-0
1.000000,1.000000,0,-0
0.885001,0.885001,0,-0
0.885001,0.885001,0,-0
0.885001,0.885001,0,-0
0.885001,0.885001,0,-0
0.885001,0.885001,0,-0
1.000000,1.000000,0,-0
1.000000,1.000000,0,-0
1.000000,1.000000,0,-0
1.000000,1.000000,0,-0
1.000000,1.000000,0,-0
1.000000,1.000000,0,-0
1.000000,1.000000,0,-0
1.000000,1.000000,0,-0
1.000000,1.000000,0,-0
1.000000,1.000000,0.124148,-0.124148
1.000000,1.000000,0.123698,-0.123698
1.000000,1.000000,0.123247,-0.123247
1.000000,1.000000,0.122797,-0.122797
1.000000,1.000000,0.122347,-0.122347
1.000000,1.000000,0.0704203,-0.0704203
1.000000,1.000000,0.0699741,-0.0699741
1.000000,1.000000,0.0695277,-0.0695277
1.000000,1.000000,0.0690814,-0.0690814
1.000000,1.000000,0,-0
1.000000,1.000000,0,-0
1.000000,1.000000,0,-0
1.000000,1.000000,0,-0
1.000000,1.000000,0,-0
1.000000,1.000000,0,-0
1.000000,1.000000,0,-0
1.000000,1.000000,0,-0
1.000000,1.000000,0,-0
1.000000,1.000000,0,-0
1.000000,1.000000,0,-0
1.000000,1.000000,0,-0
1.000000,1.000000,0,-0
1.000000,1.000000,0,-0
1.000000,1.000000,0,-0
1.000000,1.000000,0,-0
1.000000,1.000000,0,-0
1.000000,1.000000,0,-0
1.000000,1.000000,0,-0
1.000000,1.000000,0,-0
1.000000,1.000000,0,-0
1.000000,1.000000,0,-0
1.000000,1.000000,0,-0
1.000000,1.000000,0,-0
1.000000,1.000000,0,-0
1.000000,1.000000,0,-0
1.000000,1.000000,0,-0
1.000000,1.000000,0,-0
1.000000,1.000000,0,-0
0.885001,0.885001,0,-0
0.885001,0.885001,0,-0
0.885001,0.885001,0,-0
0.885001,0.885001,0,-0
0.885001,0.885001,0,-0
1.000000,1.000000,0,-0
1.000000,1.000000,0,-0
1.000000,1.000000,0,-0
1.000000,1.000000,0,-0
1.000000,1.000000,0,-0
1.000000,1.000000,0,-0
1.000000,1.000000,0,-0
1.000000,1.000000,0,-0
1.000000,1.000000,0,-0
1.000000,1.000000,0,-0
1.000000,1.000000,0,-0
1.000000,1.000000,0,-0
1.000000,1.000000,0,-0
1.000000,1.000000,0,-0
1.000000,1.000000,0,-0
1.000000,1.000000,0,-0
1.000000,1.000000,0,-0
1.000000,1.000000,0,-0
1.000000,1.000000,0,-0
1.000000,1.000000,0,-0
1.000000,1.000000,0,-0
1.000000,1.000000,0,-0
1.000000,1.000000,0,-0
1.000000,1.000000,0,-0
1.000000,1.000000,0,-0
1.000000,1.000000,0,-0
1.000000,1.000000,0,-0
1.000000,1.000000,0,-0
1.000000,1.000000,0,-0
1.000000,1.000000,0,-0
1.000000,1.000000,0,-0
1.000000,1.000000,0,-0
1.000000,1.000000,0,-0
1.000000,1.000000,0,-0
1.000000,1.000000,0,-0
1.000000,1.000000,0,-0
1.000000,1.000000,0,-0
1.000000,1.000000,0,-0
1.000000,1.000000,0,-0
1.000000,1.000000,0,-0
1.000000,1.000000,0,-0
1.000000,1.000000,0,-0
1.000000,1.000000,0,-0
1.000000,1.000000,0,-0
1.000000,1.000000,0,-0
1.000000,1.000000,0,-0
1.000000,1.000000,0,-0
0.885001,0.885001,0,-0
0.885001,0.885001,0,-0
0.885001,0.885001,0,-0
0.885001,0.885001,0,-0
0.885001,0.885001,0,-0
1.000000,1.000000,0,-0
1.000000,1.000000,0,-0
1.000000,1.000000,0,-0
1.000000,1.000000,0,-0
1.000000,1.000000,0,-0
1.000000,1.000000,0,-0
1.000000,1.000000,0,-0
1.000000,1.000000,0,-0
1.000000,1.000000,0,-0
1.000000,1.000000,0,-0
1.000000,1.000000,0,-0
1.000000,1.000000,0,-0
1.000000,1.000000,0,-0
1.000000,1.000000,0,-0
1.000000,1.000000,0,-0
1.000000,1.000000,0,-0
1.000000,1.000000,0,-0
1.000000,1.000000,0,-0
1.000000,1.000000,0,-0
1.000000,1.000000,0,-0
1.000000,1.000000,0,-0
1.000000,1.000000,0,-0
1.000000,1.000000,0,-0
1.000000,1.000000,0,-0
1.000000,1.000000,0,-0
1.000000,1.000000,0,-0
1.000000,1.000000,0,-0
1.000000,1.000000,0,-0
1.000000,1.000000,0,-0
1.000000,1.000000,0,-0
1.000000,1.000000,0,-0
1.000000,1.000000,0,-0
1.000000,1.000000,0,-0
1.000000,1.000000,0,-0
1.000000,1.000000,0,-0
1.000000,1.000000,0,-0
1.000000,1.000000,0,-0
1.000000,1.000000,0,-0
1.000000,1.000000,0,-0
1.000000,1.000000,0,-0
1.000000,1.000000,0,-0
1.000000,1.000000,0,-0
1.000000,1.000000,0,-0
1.000000,1.000000,0,-0
1.000000,1.000000,0,-0
1.000000,1.000000,0,-0
1.000000,1.000000,0,-0
0.885001,0.885001,0,-0
0.885001,0.885001,0,-0
0.885001,0.885001,0,-0
0.885001,0.885001,0,-0
0.885001,0.885001,0,-0
0.885001,0.885001,0,-0
0.885001,0.885001,0,-0
0.885001,0.885001,0,-0
0.885001,0.885001,0,-0
1.000000,1.000000,0,-0
1.000000,1.000000,0,-0
1.000000,1.000000,0,-0
1.000000,1.000000,0,-0
1.000000,1.000000,0,-0
1.000000,1.000000,0,-0
1.000000,1.000000,0,-0
1.000000,1.000000,0,-0
1.000000,1.000000,0,-0
1.000000,1.000000,0,-0
1.000000,1.000000,0,-0
1.000000,1.000000,0,-0
1.000000,1.000000,0,-0
0.885001,0.885001,0,-0
0.885001,0.885001,0,-0
0.885001,0.885001,0,-0
0.885001,0.885001,0,-0
1.000000,1.000000,0,-0
1.000000,1.000000,0,-0
1.000000,1.000000,0,-0
1.000000,1.000000,0,-0
1.000000,1.000000,0.0673151,-0.0673151
1.000000,1.000000,0,-0
1.000000,1.000000,0.000265589,-0.000265589
1.000000,1.000000,0,-0
1.000000,1.000000,0,-0
1.000000,1.000000,0,-0
1.000000,1.000000,0.024408,-0.024408
1.000000,1.000000,0.0240086,-0.0240086
1.000000,1.000000,0,-0
1.000000,1.000000,0.0232098,-0.0232098
1.000000,1.000000,0,-0
1.000000,1.000000,0,-0
1.000000,1.000000,0,-0
1.000000,1.000000,0,-0
1.000000,1.000000,0,-0
1.000000,1.000000,0,-0
1.000000,1.000000,0,-0
1.000000,1.000000,0,-0
1.000000,1.000000,0,-0
1.000000,1.000000,0,-0
1.000000,1.000000,0,-0
1.000000,1.000000,0,-0
0.885001,0.885001,0,-0
0.885001,0.885001,0,-0
0.885001,0.885001,0,-0
0.885001,0.885001,0,-0
0.885001,0.885001,0,-0
0.885001,0.885001,0,-0
0.885001,0.885001,0,-0
0.885001,0.885001,0,-0
0.885001,0.885001,0,-0
1.000000,1.000000,0,-0
1.000000,1.000000,0,-0
1.000000,1.000000,0,-0
1.000000,1.000000,0,-0
1.000000,1.000000,0,-0
1.000000,1.000000,0.0378766,-0.0378766
1.000000,1.000000,0.0374813,-0.0374813
1.000000,1.000000,0,-0
1.000000,1.000000,0,-0
1.000000,1.000000,0,-0
1.000000,1.000000,0,-0
1.000000,1.000000,0,-0
1.000000,1.000000,0,-0
1.000000,1.000000,0,-0
0.885001,0.885001,0,-0
0.885001,0.885001,0,-0
0.885001,0.885001,0,-0
0.885001,0.885001,0,-0
1.000000,1.000000,0,-0
1.000000,1.000000,0,-0
1.000000,1.000000,0,-0
1.000000,1.000000,0,-0
1.000000,1.000000,0.0471795,-0.0471795
1.000000,1.000000,0.0468031,-0.0468031
1.000000,1.000000,0,-0
1.000000,1.000000,0,-0
1.000000,1.000000,0,-0
1.000000,1.000000,0,-0
1.000000,1.000000,0.00385665,-0.00385665
1.000000,1.000000,0.00347053,-0.00347053
1.000000,1.000000,0,-0
1.000000,1.000000,0,-0
1.000000,1.000000,0,-0
1.000000,1.000000,0,-0
1.000000,1.000000,0,-0
1.000000,1.000000,0,-0
1.000000,1.000000,0,-0
1.000000,1.000000,0,-0
1.000000,1.000000,0,-0
1.000000,1.000000,0,-0
1.000000,1.000000,0,-0
1.000000,1.000000,0,-0
0.885001,0.885001,0,-0
0.885001,0.885001,0,-0
0.885001,0.885001,0,-0
0.885001,0.885001,0,-0
0.885001,0.885001,0,-0
0.885001,0.885001,0,-0
0.885001,0.885001,0,-0
0.885001,0.885001,0,-0
0.885001,0.885001,0,-0
0.885001,0.885001,0,-0
0.885001,0.885001,0,-0
1.000000,1.000000,0,-0
1.000000,1.000000,0,-0
1.000000,1.000000,0,-0
1.000000,1.000000,0,-0
1.000000,1.000000,0,-0
1.000000,1.000000,0.0180277,-0.0180277
1.000000,1.000000,0.0176456,-0.0176456
1.000000,1.000000,0.0172634,-0.0172634
1.000000,1.000000,0.0168812,-0.0168812
1.000000,1.000000,0.016499,-0.016499
1.000000,1.000000,0,-0
1.000000,1.000000,0,-0
1.000000,1.000000,0,-0
0.885001,0.885001,0,-0
0.885001,0.885001,0,-0
0.885001,0.885001,0,-0
0.885001,0.885001,0,-0
1.000000,1.000000,0,-0
1.000000,1.000000,0.0288113,-0.0288113
1.000000,1.000000,0.0284482,-0.0284482
1.000000,1.000000,0.0280851,-0.0280851
1.000000,1.000000,0.0277219,-0.0277219
1.000000,1.000000,0.0273585,-0.0273585
1.000000,1.000000,0,-0
1.000000,1.000000,0,-0
1.000000,1.000000,0,-0
1.000000,1.000000,0,-0
1.000000,1.000000,0,-0
1.000000,1.000000,0,-0
1.000000,1.000000,0,-0
1.000000,1.000000,0,-0
1.000000,1.000000,0,-0
1.000000,1.000000,0,-0
1.000000,1.000000,0,-0
1.000000,1.000000,0,-0
1.000000,1.000000,0,-0
1.000000,1.000000,0,-0
1.000000,1.000000,0,-0
1.000000,1.000000,0,-0
0.885001,0.885001,0,-0
0.885001,0.885001,0,-0
0.885001,0.885001,0,-0
0.885001,0.885001,0,-0
0.885001,0.885001,0,-0
0.885001,0.885001,0,-0
0.885001,0.885001,0,-0
0.885001,0.885001,0,-0
0.885001,0.885001,0,-0
0.885001,0.885001,0,-0
0.885001,0.885001,0,-0
0.885001,0.885001,0,-0
0.885001,0.885001,0,-0
0.885001,0.885001,0,-0
0.885001,0.885001,0,-0
0.885001,0.885001,0,-0
0.885001,0.885001,0,-0
1.000000,1.000000,0,-0
1.000000,1.000000,0,-0
1.000000,1.000000,0,-0
1.000000,1.000000,0,-0
1.000000,1.000000,0,-0
1.000000,1.000000,0,-0
1.000000,1.000000,0,-0
1.000000,1.000000,0,-0
1.000000,1.000000,0,-0
0.885001,0.885001,0,-0
0.885001,0.885001,0,-0
0.885001,0.885001,0,-0
0.885001,0.885001,0,-0
1.000000,1.000000,0,-0
1.000000,1.000000,0.0100012,-0.0100012
1.000000,1.000000,0.00965141,-0.00965141
1.000000,1.000000,0.00930153,-0.00930153
1.000000,1.000000,0.00895165,-0.00895165
1.000000,1.000000,0.00860178,-0.00860178
1.000000,1.000000,0,-0
1.000000,1.000000,0,-0
1.000000,1.000000,0,-0
1.000000,1.000000,0,-0
1.000000,1.000000,0,-0
1.000000,1.000000,0,-0
1.000000,1.000000,0,-0
1.000000,1.000000,0,-0
1.000000,1.000000,0,-0
1.000000,1.000000,0,-0
1.000000,1.000000,0,-0
1.000000,1.000000,0,-0
1.000000,1.000000,0,-0
1.000000,1.000000,0,-0
1.000000,1.000000,0,-0
1.000000,1.000000,0,-0
0.885001,0.885001,0,-0
0.885001,0.885001,0,-0
0.885001,0.885001,0,-0
0.885001,0.885001,0,-0
0.885001,0.885001,0,-0
0.885001,0.885001,0,-0
0.885001,0.885001,0,-0
0.885001,0.885001,0,-0
0.885001,0.885001,0,-0
0.885001,0.885001,0,-0
0.885001,0.885001,0,-0
0.885001,0.885001,0,-0
0.885001,0.885001,0,-0
0.885001,0.885001,0,-0
0.885001,0.885001,0,-0
0.885001,0.885001,0,-0
0.885001,0.885001,0,-0
1.000000,1.000000,0,-0
1.000000,1.000000,0,-0
1.000000,1.000000,0,-0
1.000000,1.000000,0,-0
1.000000,1.000000,0,-0
1.000000,1.000000,0,-0
1.000000,1.000000,0,-0
1.000000,1.000000,0,-0
1.000000,1.000000,0,-0
0.885001,0.885001,0,-0
0.885001,0.885001,0,-0
0.885001,0.885001,0,-0
0.885001,0.885001,0,-0
1.000000,1.000000,0,-0
1.000000,1.000000,0,-0
1.000000,1.000000,0,-0
1.000000,1.000000,0,-0
1.000000,1.000000,0,-0
1.000000,1.000000,0,-0
1.000000,1.000000,0,-0
1.000000,1.000000,0,-0
1.000000,1.000000,0,-0
1.000000,1.000000,0,-0
1.000000,1.000000,0,-0
1.000000,1.000000,0,-0
1.000000,1.000000,0,-0
1.000000,1.000000,0,-0
1.000000,1.000000,0,-0
1.000000,1.000000,0,-0
1.000000,1.000000,0,-0
1.000000,1.000000,0,-0
0.885001,0.885001,0,-0
0.885001,0.885001,0,-0
0.885001,0.885001,0,-0
0.885001,0.885001,0,-0
0.885001,0.885001,0,-0
0.885001,0.885001,0,-0
0.885001,0.885001,0,-0
0.885001,0.885001,0,-0
0.885001,0.885001,0,-0
0.885001,0.885001,0,-0
0.885001,0.885001,0,-0
0.885001,0.885001,0,-0
0.885001,0.885001,0,-0
0.885001,0.885001,0,-0
0.885001,0.885001,0,-0
0.885001,0.885001,0,-0
0.885001,0.885001,0,-0
0.885001,0.885001,0,-0
0.885001,0.885001,0,-0
0.885001,0.885001,0,-0
0.885001,0.885001,0,-0
1.000000,1.000000,0,-0
1.000000,1.000000,0,-0
1.000000,1.000000,0,-0
1.000000,1.000000,0,-0
1.000000,1.000000,0,-0
1.000000,1.000000,0,-0
1.000000,1.000000,0,-0
1.000000,1.000000,0,-0
1.000000,1.000000,0,-0
0.885001,0.885001,0,-0
0.885001,0.885001,0,-0
0.885001,0.885001,0,-0
0.885001,0.885001,0,-0
1.000000,1.000000,0,-0
1.000000,1.000000,0,-0
1.000000,1.000000,0,-0
1.000000,1.000000,0,-0
1.000000,1.000000,0,-0
1.000000,1.000000,0,-0
1.000000,1.000000,0,-0
1.000000,1.000000,0,-0
1.000000,1.000000,0,-0
1.000000,1.000000,0,-0
1.000000,1.000000,0,-0
1.000000,1.000000,0,-0
1.000000,1.000000,0,-0
1.000000,1.000000,0,-0
1.000000,1.000000,0,-0
1.000000,1.000000,0,-0
1.000000,1.000000,0,-0
1.000000,1.000000,0,-0
0.885001,0.885001,0,-0
0.885001,0.885001,0,-0
0.885001,0.885001,0,-0
0.885001,0.885001,0,-0
0.885001,0.885001,0,-0
0.885001,0.885001,0,-0
0.885001,0.885001,0,-0
0.885001,0.885001,0,-0
0.885001,0.885001,0,-0
0.885001,0.885001,0,-0
0.885001,0.885001,0,-0
0.885001,0.885001,0,-0
0.885001,0.885001,0,-0
0.885001,0.885001,0,-0
0.885001,0.885001,0,-0
0.885001,0.885001,0,-0
0.885001,0.885001,0,-0
0.885001,0.885001,0,-0
0.885001,0.885001,0,-0
0.885001,0.885001,0,-0
0.885001,0.885001,0,-0
1.000000,1.000000,0,-0
1.000000,1.000000,0,-0
1.000000,1.000000,0,-0
1.000000,1.000000,0,-0
1.000000,1.000000,0,-0
1.000000,1.000000,0,-0
1.000000,1.000000,0,-0
1.000000,1.000000,0,-0
1.000000,1.000000,0,-0
0.885001,0.885001,0,-0
0.885001,0.885001,0,-0
0.885001,0.885001,0,-0
0.885001,0.885001,0,-0
1.000000,1.000000,0,-0
1.000000,1.000000,0,-0
1.000000,1.000000,0,-0
1.000000,1.000000,0,-0
1.000000,1.000000,0,-0
1.000000,1.000000,0,-0
1.000000,1.000000,0,-0
1.000000,1.000000,0,-0
1.000000,1.000000,0,-0
1.000000,1.000000,0,-0
1.000000,1.000000,0,-0
1.000000,1.000000,0,-0
1.000000,1.000000,0,-0
1.000000,1.000000,0,-0
1.000000,1.000000,0,-0
1.000000,1.000000,0,-0
1.000000,1.000000,0,-0
1.000000,1.000000,0,-0
0.885001,0.885001,0,-0
0.885001,0.885001,0,-0
0.885001,0.885001,0,-0
0.885001,0.885001,0,-0
0.885001,0.885001,0,-0
0.885001,0.885001,0,-0
0.885001,0.885001,0,-0
0.885001,0.885001,0,-0
0.885001,0.885001,0,-0
0.885001,0.885001,0,-0
0.885001,0.885001,0,-0
0.885001,0.885001,0,-0
0.885001,0.885001,0,-0
0.885001,0.885001,0,-0
0.885001,0.885001,0,-0
0.885001,0.885001,0,-0
0.885001,0.885001,0,-0
0.885001,0.885001,0,-0
0.885001,0.885001,0,-0
0.885001,0.885001,0,-0
0.885001,0.885001,0,-0
1.000000,1.000000,0,-0
1.000000,1.000000,0,-0
1.000000,1.000000,0,-0
1.000000,1.000000,0,-0
1.000000,1.000000,0,-0
1.000000,1.000000,0,-0
1.000000,1.000000,0,-0
1.000000,1.000000,0,-0
1.000000,1.000000,0,-0
1.000000,1.000000,0,-0
0.885001,0.885001,0,-0
0.885001,0.885001,0,-0
0.885001,0.885001,0,-0
0.885001,0.885001,0,-0
1.000000,1.000000,0,-0
1.000000,1.000000,0,-0
1.000000,1.000000,0,-0
1.000000,1.000000,0,-0
1.000000,1.000000,0,-0
1.000000,1.000000,0,-0
1.000000,1.000000,0,-0
1.000000,1.000000,0,-0
1.000000,1.000000,0,-0
1.000000,1.000000,0,-0
1.000000,1.000000,0,-0
1.000000,1.000000,0,-0
1.000000,1.000000,0,-0
0.885001,0.885001,0,-0
0.885001,0.885001,0,-0
0.885001,0.885001,0,-0
0.885001,0.885001,0,-0
0.885001,0.885001,0,-0
0.885001,0.885001,0,-0
0.885001,0.885001,0,-0
0.885001,0.885001,0,-0
0.885001,0.885001,0,-0
0.885001,0.885001,0,-0
0.885001,0.885001,0,-0
0.885001,0.885001,0,-0
0.885001,0.885001,0,-0
0.885001,0.885001,0,-0
0.885001,0.885001,0,-0
0.885001,0.885001,0,-0
0.885001,0.885001,0,-0
0.885001,0.885001,0,-0
0.885001,0.885001,0,-0
0.885001,0.885001,0,-0
0.885001,0.885001,0,-0
0.885001,0.885001,0,-0
0.885001,0.885001,0,-0
0.885001,0.885001,0,-0
0.885001,0.885001,0,-0
0.885001,0.885001,0,-0
1.000000,1.000000,0,-0
1.000000,1.000000,0,-0
1.000000,1.000000,0,-0
1.000000,1.000000,0,-0
1.000000,1.000000,0,-0
1.000000,1.000000,0,-0
1.000000,1.000000,0,-0
1.000000,1.000000,0,-0
1.000000,1.000000,0,-0
0.885001,0.885001,0,-0
0.885001,0.885001,0,-0
0.885001,0.885001,0,-0
0.885001,0.885001,0,-0
1.000000,1.000000,0,-0
1.000000,1.000000,0,-0
1.000000,1.000000,0,-0
1.000000,1.000000,0,-0
1.000000,1.000000,0,-0
1.000000,1.000000,0,-0
1.000000,1.000000,0,-0
1.000000,1.000000,0,-0
1.000000,1.000000,0,-0
1.000000,1.000000,0,-0
1.000000,1.000000,0,-0
1.000000,1.000000,0,-0
1.000000,1.000000,0,-0
0.885001,0.885001,0,-0
0.885001,0.885001,0,-0
0.885001,0.885001,0,-0
0.885001,0.885001,0,-0
0.885001,0.885001,0,-0
0.885001,0.885001,0,-0
0.885001,0.885001,0,-0
0.885001,0.885001,0,-0
0.885001,0.885001,0,-0
0.885001,0.885001,0,-0
0.885001,0.885001,0,-0
0.885001,0.885001,0,-0
0.885001,0.885001,0,-0
0.885001,0.885001,0,-0
0.885001,0.885001,0,-0
0.885001,0.885001,0,-0
0.885001,0.885001,0,-0
0.885001,0.885001,0,-0
0.885001,0.885001,0,-0
0.885001,0.885001,0,-0
0.885001,0.885001,0,-0
0.885001,0.885001,0,-0
0.885001,0.885001,0,-0
0.885001,0.885001,0,-0
0.885001,0.885001,0,-0
0.885001,0.885001,0,-0
1.000000,1.000000,0,-0
1.000000,1.000000,0,-0
1.000000,1.000000,0,-0
1.000000,1.000000,0,-0
1.000000,1.000000,0,-0
1.000000,1.000000,0,-0
1.000000,1.000000,0,-0
1.000000,1.000000,0,-0
1.000000,1.000000,0,-0
0.885001,0.885001,0,-0
0.885001,0.885001,0,-0
0.885001,0.885001,0,-0
0.885001,0.885001,0,-0
1.000000,1.000000,0,-0
1.000000,1.000000,0,-0
1.000000,1.000000,0,-0
1.000000,1.000000,0,-0
1.000000,1.000000,0,-0
1.000000,1.000000,0,-0
1.000000,1.000000,0,-0
1.000000,1.000000,0,-0
1.000000,1.000000,0,-0
1.000000,1.000000,0,-0
1.000000,1.000000,0,-0
1.000000,1.000000,0,-0
1.000000,1.000000,0,-0
0.885001,0.885001,0,-0
0.885001,0.885001,0,-0
0.885001,0.885001,0,-0
0.885001,0.885001,0,-0
0.885001,0.885001,0,-0
0.885001,0.885001,0,-0
0.885001,0.885001,0,-0
0.885001,0.885001,0,-0
0.885001,0.885001,0,-0
0.885001,0.885001,0,-0
0.885001,0.885001,0,-0
0.885001,0.885001,0,-0
0.885001,0.885001,0,-0
0.885001,0.885001,0,-0
0.885001,0.885001,0,-0
0.885001,0.885001,0,-0
0.885001,0.885001,0,-0
0.885001,0.885001,0,-0
0.885001,0.885001,0,-0
0.885001,0.885001,0,-0
0.885001,0.885001,0,-0
0.885001,0.885001,0,-0
0.885001,0.885001,0,-0
0.885001,0.885001,0,-0
0.885001,0.885001,0,-0
0.885001,0.885001,0,-0
1.000000,1.000000,0,-0
1.000000,1.000000,0,-0
1.000000,1.000000,0,-0
1.000000,1.000000,0,-0
1.000000,1.000000,0,-0
1.000000,1.000000,0,-0
1.000000,1.000000,0,-0
1.000000,1.000000,0,-0
1.000000,1.000000,0,-0
0.885001,0.885001,0,-0
0.885001,0.885001,0,-0
0.885001,0.885001,0,-0
0.885001,0.885001,0,-0
1.000000,1.000000,0,-0
1.000000,1.000000,0,-0
1.000000,1.000000,0,-0
1.000000,1.000000,0,-0
1.000000,1.000000,0,-0
1.000000,1.000000,0,-0
1.000000,1.000000,0,-0
1.000000,1.000000,0,-0
1.000000,1.000000,0,-0
1.000000,1.000000,0,-0
1.000000,1.000000,0,-0
1.000000,1.000000,0,-0
1.000000,1.000000,0,-0
0.885001,0.885001,0,-0
0.885001,0.885001,0,-0
0.885001,0.885001,0,-0
0.885001,0.885001,0,-0
0.885001,0.885001,0,-0
0.885001,0.885001,0,-0
0.885001,0.885001,0,-0
0.885001,0.885001,0,-0
0.885001,0.885001,0,-0
0.885001,0.885001,0,-0
0.885001,0.885001,0,-0
0.885001,0.885001,0,-0
0.885001,0.885001,0,-0
0.885001,0.885001,0,-0
0.885001,0.885001,0,-0
0.885001,0.885001,0,-0
0.885001,0.885001,0,-0
0.885001,0.885001,0,-0
0.885001,0.885001,0,-0
0.885001,0.885001,0,-0
0.885001,0.885001,0,-0
0.885001,0.885001,0,-0
0.885001,0.885001,0,-0
0.885001,0.885001,0,-0
0.885001,0.885001,0,-0
0.885001,0.885001,0,-0
1.000000,1.000000,0,-0
1.000000,1.000000,0,-0
1.000000,1.000000,0,-0
1.000000,1.000000,0,-0
1.000000,1.000000,0,-0
1.000000,1.000000,0,-0
1.000000,1.000000,0,-0
1.000000,1.000000,0,-0
1.000000,1.000000,0,-0
0.885001,0.885001,0,-0
0.885001,0.885001,0,-0
0.885001,0.885001,0,-0
0.885001,0.885001,0,-0
1.000000,1.000000,0,-0
1.000000,1.000000,0,-0
1.000000,1.000000,0,-0
1.000000,1.000000,0,-0
1.000000,1.000000,0,-0
1.000000,1.000000,0,-0
1.000000,1.000000,0,-0
1.000000,1.000000,0,-0
1.000000,1.000000,0,-0
1.000000,1.000000,0,-0
1.000000,1.000000,0,-0
1.000000,1.000000,0,-0
1.000000,1.000000,0,-0
0.885001,0.885001,0,-0
0.885001,0.885001,0,-0
0.885001,0.885001,0,-0
0.885001,0.885001,0,-0
0.885001,0.885001,0,-0
0.885001,0.885001,0,-0
0.885001,0.885001,0,-0
0.885001,0.885001,0,-0
0.885001,0.885001,0,-0
0.885001,0.885001,0,-0
0.885001,0.885001,0,-0
0.885001,0.885001,0,-0
0.885001,0.885001,0,-0
0.885001,0.885001,0,-0
0.885001,0.885001,0,-0
0.885001,0.885001,0,-0
0.885001,0.885001,0,-0
0.885001,0.885001,0,-0
0.885001,0.885001,0,-0
0.885001,0.885001,0,-0
0.885001,0.885001,0,-0
0.885001,0.885001,0,-0
0.885001,0.885001,0,-0
0.885001,0.885001,0,-0
0.885001,0.885001,0,-0
0.885001,0.885001,0,-0
1.000000,1.000000,0,-0
1.000000,1.000000,0,-0
1.000000,1.000000,0,-0
1.000000,1.000000,0,-0
1.000000,1.000000,0,-0
0.885001,0.885001,0,-0
0.885001,0.885001,0,-0
0.885001,0.885001,0,-0
0.885001,0.885001,0,-0
0.885001,0.885001,0,-0
0.885001,0.885001,0,-0
0.885001,0.885001,0,-0
0.885001,0.885001,0,-0
1.000000,1.000000,0,-0
1.000000,1.000000,0,-0
1.000000,1.000000,0,-0
1.000000,1.000000,0,-0
1.000000,1.000000,0,-0
0.885001,0.885001,0,-0
0.885001,0.885001,0,-0
0.885001,0.885001,0,-0
0.885001,0.885001,0,-0
1.000000,1.000000,0,-0
1.000000,1.000000,0,-0
1.000000,1.000000,0,-0
1.000000,1.000000,0,-0
0.885001,0.885001,0,-0
0.885001,0.885001,0,-0
0.885001,0.885001,0,-0
0.885001,0.885001,0,-0
0.885001,0.885001,0,-0
0.885001,0.885001,0,-0
0.885001,0.885001,0,-0
0.885001,0.885001,0,-0
0.885001,0.885001,0,-0
0.885001,0.885001,0,-0
0.885001,0.885001,0,-0
0.885001,0.885001,0,-0
0.885001,0.885001,0,-0
0.885001,0.885001,0,-0
0.885001,0.885001,0,-0
0.885001,0.885001,0,-0
0.885001,0.885001,0,-0
0.885001,0.885001,0,-0
0.885001,0.885001,0,-0
0.885001,0.885001,0,-0
0.885001,0.885001,0,-0
0.885001,0.885001,0,-0
0.885001,0.885001,0,-0
0.885001,0.885001,0,-0
0.885001,0.885001,0,-0
0.885001,0.885001,0,-0
1.000000,1.000000,0,-0
1.000000,1.000000,0,-0
1.000000,1.000000,0,-0
1.000000,1.000000,0,-0
1.000000,1.000000,0,-0
1.000000,1.000000,0,-0
0.885001,0.885001,0,-0
0.885001,0.885001,0,-0
0.885001,0.885001,0,-0
0.885001,0.885001,0,-0
0.885001,0.885001,0,-0
0.885001,0.885001,0,-0
0.885001,0.885001,0,-0
0.885001,0.885001,0,-0
1.000000,1.000000,0,-0
1.000000,1.000000,0,-0
1.000000,1.000000,0,-0
1.000000,1.000000,0,-0
1.000000,1.000000,0,-0
0.885001,0.885001,0,-0
0.885001,0.885001,0,-0
0.885001,0.885001,0,-0
0.885001,0.885001,0,-0
1.000000,1.000000,0,-0
1.000000,1.000000,0,-0
1.000000,1.000000,0,-0
1.000000,1.000000,0,-0
0.885001,0.885001,0,-0
0.885001,0.885001,0,-0
0.885001,0.885001,0,-0
0.885001,0.885001,0,-0
0.885001,0.885001,0,-0
0.885001,0.885001,0,-0
0.885001,0.885001,0,-0
0.885001,0.885001,0,-0
0.885001,0.885001,0,-0
0.885001,0.885001,0,-0
0.885001,0.885001,0,-0
0.885001,0.885001,0,-0
0.885001,0.885001,0,-0
0.885001,0.885001,0,-0
0.885001,0.885001,0,-0
0.885001,0.885001,0,-0
0.885001,0.885001,0,-0
0.885001,0.885001,0,-0
0.885001,0.885001,0,-0
0.885001,0.885001,0,-0
0.885001,0.885001,0,-0
0.885001,0.885001,0,-0
0.885001,0.885001,0,-0
0.885001,0.885001,0,-0
0.885001,0.885001,0,-0
0.885001,0.885001,0,-0
1.000000,1.000000,0,-0
1.000000,1.000000,0,-0
1.000000,1.000000,0,-0
1.000000,1.000000,0,-0
1.000000,1.000000,0,-0
0.885001,0.885001,0,-0
0.885001,0.885001,0,-0
0.885001,0.885001,0,-0
0.885001,0.885001,0,-0
0.885001,0.885001,0,-0
0.885001,0.885001,0,-0
0.885001,0.885001,0,-0
0.885001,0.885001,0,-0
1.000000,1.000000,0,-0
1.000000,1.000000,0,-0
1.000000,1.000000,0,-0
1.000000,1.000000,0,-0
1.000000,1.000000,0,-0
0.885001,0.885001,0,-0
0.885001,0.885001,0,-0
0.885001,0.885001,0,-0
0.885001,0.885001,0,-0
0.885001,0.885001,0,-0
0.885001,0.885001,0,-0
0.885001,0.885001,0,-0
0.885001,0.885001,0,-0
0.885001,0.885001,0,-0
0.885001,0.885001,0,-0
0.885001,0.885001,0,-0
0.885001,0.885001,0,-0
0.885001,0.885001,0,-0
0.885001,0.885001,0,-0
0.885001,0.885001,0,-0
0.885001,0.885001,0,-0
0.885001,0.885001,0,-0
0.885001,0.885001,0,-0
0.885001,0.885001,0,-0
0.885001,0.885001,0,-0
0.885001,0.885001,0,-0
0.885001,0.885001,0,-0
0.885001,0.885001,0,-0
0.885001,0.885001,0,-0
0.885001,0.885001,0,-0
0.885001,0.885001,0,-0
0.885001,0.885001,0,-0
0.885001,0.885001,0,-0
0.885001,0.885001,0,-0
0.885001,0.885001,0,-0
0.885001,0.885001,0,-0
0.885001,0.885001,0,-0
0.885001,0.885001,0,-0
0.885001,0.885001,0,-0
1.000000,1.000000,0,-0
1.000000,1.000000,0,-0
1.000000,1.000000,0,-0
1.000000,1.000000,0,-0
0.885001,0.885001,0,-0
0.885001,0.885001,0,-0
0.885001,0.885001,0,-0
0.885001,0.885001,0,-0
0.885001,0.885001,0,-0
0.885001,0.885001,0,-0
0.885001,0.885001,0,-0
0.885001,0.885001,0,-0
0.885001,0.885001,0,-0
1.000000,1.000000,0,-0
1.000000,1.000000,0,-0
1.000000,1.000000,0,-0
1.000000,1.000000,0,-0
1.000000,1.000000,0,-0
0.885001,0.885001,0,-0
0.885001,0.885001,0,-0
0.885001,0.885001,0,-0
0.885001,0.885001,0,-0
0.885001,0.885001,0,-0
0.885001,0.885001,0,-0
0.885001,0.885001,0,-0
0.885001,0.885001,0,-0
0.885001,0.885001,0,-0
0.885001,0.885001,0,-0
0.885001,0.885001,0,-0
0.885001,0.885001,0,-0
0.885001,0.885001,0,-0
0.885001,0.885001,0,-0
0.885001,0.885001,0,-0
0.885001,0.885001,0,-0
0.885001,0.885001,0,-0
0.885001,0.885001,0,-0
0.885001,0.885001,0,-0
0.885001,0.885001,0,-0
0.885001,0.885001,0,-0
0.885001,0.885001,0,-0
0.885001,0.885001,0,-0
0.885001,0.885001,0,-0
0.885001,0.885001,0,-0
0.885001,0.885001,0,-0
0.885001,0.885001,0,-0
0.885001,0.885001,0,-0
0.885001,0.885001,0,-0
0.885001,0.885001,0,-0
0.885001,0.885001,0,-0
0.885001,0.885001,0,-0
0.885001,0.885001,0,-0
0.885001,0.885001,0,-0
1.000000,1.000000,0,-0
1.000000,1.000000,0,-0
1.000000,1.000000,0,-0
1.000000,1.000000,0,-0
1.000000,1.000000,0,-0
0.885001,0.885001,0,-0
0.885001,0.885001,0,-0
0.885001,0.885001,0,-0
0.885001,0.885001,0,-0
0.885001,0.885001,0,-0
0.885001,0.885001,0,-0
0.885001,0.885001,0,-0
0.885001,0.885001,0,-0
1.000000,1.000000,0,-0
1.000000,1.000000,0,-0
1.000000,1.000000,0,-0
1.000000,1.000000,0,-0
1.000000,1.000000,0,-0
0.885001,0.885001,0,-0
0.885001,0.885001,0,-0
0.885001,0.885001,0,-0
0.885001,0.885001,0,-0
0.885001,0.885001,0,-0
0.885001,0.885001,0,-0
0.885001,0.885001,0,-0
0.885001,0.885001,0,-0
0.885001,0.885001,0,-0
0.885001,0.885001,0,-0
0.885001,0.885001,0,-0
0.885001,0.885001,0,-0
0.885001,0.885001,0,-0
0.885001,0.885001,0,-0
0.885001,0.885001,0,-0
0.885001,0.885001,0,-0
0.885001,0.885001,0,-0
0.885001,0.885001,0,-0
0.885001,0.885001,0,-0
0.885001,0.885001,0,-0
0.885001,0.885001,0,-0
0.885001,0.885001,0,-0
0.885001,0.885001,0,-0
0.885001,0.885001,0,-0
0.885001,0.885001,0,-0
0.885001,0.885001,0,-0
0.885001,0.885001,0,-0
0.885001,0.885001,0,-0
0.885001,0.885001,0,-0
0.885001,0.885001,0,-0
0.885001,0.885001,0,-0
0.885001,0.885001,0,-0
0.885001,0.885001,0,-0
0.885001,0.885001,0,-0
1.000000,1.000000,0,-0
1.000000,1.000000,0,-0
1.000000,1.000000,0,-0
1.000000,1.000000,0,-0
1.000000,1.000000,0,-0
0.885001,0.885001,0,-0
0.885001,0.885001,0,-0
0.885001,0.885001,0,-0
0.885001,0.885001,0,-0
0.885001,0.885001,0,-0
0.885001,0.885001,0,-0
0.885001,0.885001,0,-0
0.885001,0.885001,0,-0
1.000000,1.000000,0,-0
1.000000,1.000000,0,-0
1.000000,1.000000,0,-0
1.000000,1.000000,0,-0
1.000000,1.000000,0,-0
0.885001,0.885001,0,-0
0.885001,0.885001,0,-0
0.885001,0.885001,0,-0
0.885001,0.885001,0,-0
0.885001,0.885001,0,-0
0.885001,0.885001,0,-0
0.885001,0.885001,0,-0
0.885001,0.885001,0,-0
0.885001,0.885001,0,-0
0.885001,0.885001,0,-0
0.885001,0.885001,0,-0
0.885001,0.885001,0,-0
0.885001,0.885001,0,-0
0.885001,0.885001,0,-0
0.885001,0.885001,0,-0
0.885001,0.885001,0,-0
0.885001,0.885001,0,-0
0.885001,0.885001,0,-0
0.885001,0.885001,0,-0
0.885001,0.885001,0,-0
0.885001,0.885001,0,-0
0.885001,0.885001,0,-0
0.885001,0.885001,0,-0
0.885001,0.885001,0,-0
0.885001,0.885001,0,-0
0.885001,0.885001,0,-0
0.885001,0.885001,0,-0
0.885001,0.885001,0,-0
0.885001,0.885001,0,-0
0.885001,0.885001,0,-0
0.885001,0.885001,0,-0
0.885001,0.885001,0,-0
0.885001,0.885001,0,-0
0.885001,0.885001,0,-0
0.885001,0.885001,0,-0
0.885001,0.885001,0,-0
0.885001,0.885001,0,-0
0.885001,0.885001,0,-0
0.885001,0.885001,0,-0
0.885001,0.885001,0,-0
0.885001,0.885001,0,-0
0.885001,0.885001,0,-0
0.885001,0.885001,0,-0
0.885001,0.885001,0,-0
0.885001,0.885001,0,-0
0.885001,0.885001,0,-0
0.885001,0.885001,0,-0
1.000000,1.000000,0,-0
1.000000,1.000000,0,-0
1.000000,1.000000,0,-0
1.000000,1.000000,0,-0
1.000000,1.000000,0,-0
0.885001,0.885001,0,-0
0.885001,0.885001,0,-0
0.885001,0.885001,0,-0
0.885001,0.885001,0,-0
0.885001,0.885001,0,-0
0.885001,0.885001,0,-0
0.885001,0.885001,0,-0
0.885001,0.885001,0,-0
0.885001,0.885001,0,-0
0.885001,0.885001,0,-0
0.885001,0.885001,0,-0
0.885001,0.885001,0,-0
0.885001,0.885001,0,-0
0.885001,0.885001,0,-0
0.885001,0.885001,0,-0
0.885001,0.885001,0,-0
0.885001,0.885001,0,-0
0.885001,0.885001,0,-0
0.885001,0.885001,0,-0
0.885001,0.885001,0,-0
0.885001,0.885001,0,-0
0.885001,0.885001,0,-0
0.885001,0.885001,0,-0
0.885001,0.885001,0,-0
0.885001,0.885001,0,-0
0.885001,0.885001,0,-0
0.885001,0.885001,0,-0
0.885001,0.885001,0,-0
0.885001,0.885001,0,-0
0.885001,0.885001,0,-0
0.885001,0.885001,0,-0
0.885001,0.885001,0,-0
0.885001,0.885001,0,-0
0.885001,0.885001,0,-0
0.885001,0.885001,0,-0
0.885001,0.885001,0,-0
0.885001,0.885001,0,-0
0.885001,0.885001,0,-0
0.885001,0.885001,0,-0
0.885001,0.885001,0,-0
0.885001,0.885001,0,-0
0.885001,0.885001,0,-0
0.885001,0.885001,0,-0
0.885001,0.885001,0,-0
0.885001,0.885001,0,-0
0.885001,0.885001,0,-0
0.885001,0.885001,0,-0
0.885001,0.885001,0,-0
1.000000,1.000000,0,-0
1.000000,1.000000,0,-0
1.000000,1.000000,0,-0
1.000000,1.000000,0,-0
1.000000,1.000000,0,-0
0.885001,0.885001,0,-0
0.885001,0.885001,0,-0
0.885001,0.885001,0,-0
0.885001,0.885001,0,-0
0.885001,0.885001,0,-0
0.885001,0.885001,0,-0
0.885001,0.885001,0,-0
0.885001,0.885001,0,-0
0.885001,0.885001,0,-0
0.885001,0.885001,0,-0
0.885001,0.885001,0,-0
0.885001,0.885001,0,-0
0.885001,0.885001,0,-0
0.885001,0.885001,0,-0
0.885001,0.885001,0,-0
0.885001,0.885001,0,-0
0.885001,0.885001,0,-0
0.885001,0.885001,0,-0
0.885001,0.885001,0,-0
0.885001,0.885001,0,-0
0.885001,0.885001,0,-0
0.885001,0.885001,0,-0
0.885001,0.885001,0,-0
0.885001,0.885001,0,-0
0.885001,0.885001,0,-0
0.885001,0.885001,0,-0
0.885001,0.885001,0,-0
0.885001,0.885001,0,-0
0.885001,0.885001,0,-0
0.885001,0.885001,0,-0
0.885001,0.885001,0,-0
0.885001,0.885001,0,-0
0.885001,0.885001,0,-0
0.885001,0.885001,0,-0
0.885001,0.885001,0,-0
0.885001,0.885001,0,-0
0.885001,0.885001,0,-0
0.885001,0.885001,0,-0
0.885001,0.885001,0,-0
0.885001,0.885001,0,-0
0.885001,0.885001,0,-0
0.885001,0.885001,0,-0
0.885001,0.885001,0,-0
0.885001,0.885001,0,-0
0.885001,0.885001,0,-0
0.885001,0.885001,0,-0
0.885001,0.885001,0,-0
0.885001,0.885001,0,-0
0.885001,0.885001,0,-0
0.885001,0.885001,0,-0
0.885001,0.885001,0,-0
0.885001,0.885001,0,-0
0.885001,0.885001,0,-0
0.885001,0.885001,0,-0
0.885001,0.885001,0,-0
0.885001,0.885001,0,-0
0.885001,0.885001,0,-0
0.885001,0.885001,0,-0
0.885001,0.885001,0,-0
0.885001,0.885001,0,-0
0.885001,0.885001,0,-0
0.885001,0.885001,0,-0
0.885001,0.885001,0,-0
0.885001,0.885001,0,-0
0.885001,0.885001,0,-0
0.885001,0.885001,0,-0
0.885001,0.885001,0,-0
0.885001,0.885001,0,-0
0.885001,0.885001,0,-0
0.885001,0.885001,0,-0
0.885001,0.885001,0,-0
0.885001,0.885001,0,-0
0.885001,0.885001,0,-0
0.885001,0.885001,0,-0
0.885001,0.885001,0,-0
0.885001,0.885001,0,-0
0.885001,0.885001,0,-0
0.885001,0.885001,0,-0
0.885001,0.885001,0,-0
0.885001,0.885001,0,-0
0.885001,0.885001,0,-0
0.885001,0.885001,0,-0
0.885001,0.885001,0,-0
0.885001,0.885001,0,-0
0.885001,0.885001,0,-0
0.885001,0.885001,0,-0
0.885001,0.885001,0,-0
0.885001,0.885001,0,-0
0.885001,0.885001,0,-0
0.885001,0.885001,0,-0
0.885001,0.885001,0,-0
0.885001,0.885001,0,-0
0.885001,0.885001,0,-0
0.885001,0.885001,0,-0
0.885001,0.885001,0,-0
0.885001,0.885001,0,-0
0.885001,0.885001,0,-0
0.885001,0.885001,0,-0
0.885001,0.885001,0,-0
0.885001,0.885001,0,-0
0.885001,0.885001,0,-0
0.885001,0.885001,0,-0
0.885001,0.885001,0,-0
0.885001,0.885001,0,-0
0.885001,0.885001,0,-0
0.885001,0.885001,0,-0
0.885001,0.885001,0,-0
0.885001,0.885001,0,-0
0.885001,0.885001,0,-0
0.885001,0.885001,0,-0
0.885001,0.885001,0,-0
0.885001,0.885001,0,-0
0.885001,0.885001,0,-0
0.885001,0.885001,0,-0
0.885001,0.885001,0,-0
0.885001,0.885001,0,-0
0.885001,0.885001,0,-0
0.885001,0.885001,0,-0
0.885001,0.885001,0,-0
0.885001,0.885001,0,-0
0.885001,0.885001,0,-0
0.885001,0.885001,0,-0
0.885001,0.885001,0,-0
0.885001,0.885001,0,-0
0.885001,0.885001,0,-0
0.885001,0.885001,0,-0
0.885001,0.885001,0,-0
0.885001,0.885001,0,-0
0.885001,0.885001,0,-0
0.885001,0.885001,0,-0
0.885001,0.885001,0,-0
0.885001,0.885001,0,-0
0.885001,0.885001,0,-0
0.885001,0.885001,0,-0
0.885001,0.885001,0,-0
0.885001,0.885001,0,-0
0.885001,0.885001,0,-0
0.885001,0.885001,0,-0
0.885001,0.885001,0,-0
0.885001,0.885001,0,-0
0.885001,0.885001,0,-0
0.885001,0.885001,0,-0
0.885001,0.885001,0,-0
0.885001,0.885001,0,-0
0.885001,0.885001,0,-0
0.885001,0.885001,0,-0
0.885001,0.885001,0,-0
0.885001,0.885001,0,-0
0.885001,0.885001,0,-0
0.885001,0.885001,0,-0
0.885001,0.885001,0,-0
0.885001,0.885001,0,-0
0.885001,0.885001,0,-0
0.885001,0.885001,0,-0
0.885001,0.885001,0,-0
0.885001,0.885001,0,-0
0.885001,0.885001,0,-0
0.885001,0.885001,0,-0
0.885001,0.885001,0,-0
0.885001,0.885001,0,-0
0.885001,0.885001,0,-0
0.885001,0.885001,0,-0
0.885001,0.885001,0,-0
0.885001,0.885001,0,-0
0.885001,0.885001,0,-0
0.885001,0.885001,0,-0
0.885001,0.885001,0,-0
0.885001,0.885001,0,-0
0.885001,0.885001,0,-0
0.885001,0.885001,0,-0
0.885001,0.885001,0,-0
0.885001,0.885001,0,-0
0.885001,0.885001,0,-0
0.885001,0.885001,0,-0
0.885001,0.885001,0,-0
0.885001,0.885001,0,-0
0.885001,0.885001,0,-0
0.885001,0.885001,0,-0
0.885001,0.885001,0,-0
0.885001,0.885001,0,-0
0.885001,0.885001,0,-0
0.885001,0.885001,0,-0
0.885001,0.885001,0,-0
0.885001,0.885001,0,-0
0.885001,0.885001,0,-0
0.885001,0.885001,0,-0
0.885001,0.885001,0,-0
0.885001,0.885001,0,-0
0.885001,0.885001,0,-0
0.885001,0.885001,0,-0
0.885001,0.885001,0,-0
0.885001,0.885001,0,-0
0.885001,0.885001,0,-0
0.885001,0.885001,0,-0
0.885001,0.885001,0,-0
0.885001,0.885001,0,-0
0.885001,0.885001,0,-0
0.885001,0.885001,0,-0
0.885001,0.885001,0,-0
0.885001,0.885001,0,-0
0.885001,0.885001,0,-0
0.885001,0.885001,0,-0
0.885001,0.885001,0,-0
0.885001,0.885001,0,-0
0.885001,0.885001,0,-0
0.885001,0.885001,0,-0
0.885001,0.885001,0,-0
0.885001,0.885001,0,-0
0.885001,0.885001,0,-0
0.885001,0.885001,0,-0
0.885001,0.885001,0,-0
0.885001,0.885001,0,-0
0.885001,0.885001,0,-0
0.885001,0.885001,0,-0
0.885001,0.885001,0,-0
0.885001,0.885001,0,-0
0.885001,0.885001,0,-0
0.885001,0.885001,0,-0
0.885001,0.885001,0,-0
0.885001,0.885001,0,-0
0.885001,0.885001,0,-0
0.885001,0.885001,0,-0
0.885001,0.885001,0,-0
0.885001,0.885001,0,-0
0.885001,0.885001,0,-0
0.885001,0.885001,0,-0
0.885001,0.885001,0,-0
0.885001,0.885001,0,-0
0.885001,0.885001,0,-0
0.885001,0.885001,0,-0
0.885001,0.885001,0,-0
0.885001,0.885001,0,-0
0.885001,0.885001,0,-0
0.885001,0.885001,0,-0
0.885001,0.885001,0,-0
0.885001,0.885001,0,-0
0.885001,0.885001,0,-0
0.885001,0.885001,0,-0
0.885001,0.885001,0,-0
0.885001,0.885001,0,-0
0.885001,0.885001,0,-0
0.885001,0.885001,0,-0
0.885001,0.885001,0,-0
0.885001,0.885001,0,-0
0.885001,0.885001,0,-0
0.885001,0.885001,0,-0
0.885001,0.885001,0,-0
0.885001,0.885001,0,-0
0.885001,0.885001,0,-0
0.885001,0.885001,0,-0
0.885001,0.885001,0,-0
0.885001,0.885001,0,-0
0.885001,0.885001,0,-0
0.885001,0.885001,0,-0
0.885001,0.885001,0,-0
0.885001,0.885001,0,-0
0.885001,0.885001,0,-0
0.885001,0.885001,0,-0
0.885001,0.885001,0,-0
0.885001,0.885001,0,-0
0.885001,0.885001,0,-0
0.885001,0.885001,0,-0
0.885001,0.885001,0,-0
0.885001,0.885001,0,-0
0.885001,0.885001,0,-0
0.885001,0.885001,0,-0
0.885001,0.885001,0,-0
0.885001,0.885001,0,-0
0.885001,0.885001,0,-0
0.885001,0.885001,0,-0
0.885001,0.885001,0,-0
0.885001,0.885001,0,-0
0.885001,0.885001,0,-0
0.885001,0.885001,0,-0
0.885001,0.885001,0,-0
0.885001,0.885001,0,-0
0.885001,0.885001,0,-0
0.885001,0.885001,0,-0
0.885001,0.885001,0,-0
0.885001,0.885001,0,-0
0.885001,0.885001,0,-0
0.885001,0.885001,0,-0
0.885001,0.885001,0,-0
0.885001,0.885001,0,-0
0.885001,0.885001,0,-0
0.885001,0.885001,0,-0
0.885001,0.885001,0,-0
0.885001,0.885001,0,-0
0.885001,0.885001,0,-0
0.885001,0.885001,0,-0
0.885001,0.885001,0,-0
0.885001,0.885001,0,-0
0.885001,0.885001,0,-0
0.885001,0.885001,0,-0
0.885001,0.885001,0,-0
0.885001,0.885001,0,-0
0.885001,0.885001,0,-0
0.885001,0.885001,0,-0
0.885001,0.885001,0,-0
0.885001,0.885001,0,-0
0.885001,0.885001,0,-0
0.885001,0.885001,0,-0
0.885001,0.885001,0,-0
0.885001,0.885001,0,-0
0.885001,0.885001,0,-0
0.885001,0.885001,0,-0
0.885001,0.885001,0,-0
0.885001,0.885001,0,-0
0.885001,0.885001,0,-0
0.885001,0.885001,0,-0
0.885001,0.885001,0,-0
0.885001,0.885001,0,-0
0.885001,0.885001,0,-0
0.885001,0.885001,0,-0
0.885001,0.885001,0,-0
0.885001,0.885001,0,-0
0.885001,0.885001,0,-0
0.885001,0.885001,0,-0
0.885001,0.885001,0,-0
0.885001,0.885001,0,-0
0.885001,0.885001,0,-0
0.885001,0.885001,0,-0
0.885001,0.885001,0,-0
0.885001,0.885001,0,-0
0.885001,0.885001,0,-0
0.885001,0.885001,0,-0
0.885001,0.885001,0,-0
0.885001,0.885001,0,-0
0.885001,0.885001,0,-0
0.885001,0.885001,0,-0
0.885001,0.885001,0,-0
0.885001,0.885001,0,-0
0.885001,0.885001,0,-0
0.885001,0.885001,0,-0
0.885001,0.885001,0,-0
0.885001,0.885001,0,-0
0.885001,0.885001,0,-0
0.885001,0.885001,0,-0
0.885001,0.885001,0,-0
0.885001,0.885001,0,-0
0.885001,0.885001,0,-0
0.885001,0.885001,0,-0
0.885001,0.885001,0,-0
0.885001,0.885001,0,-0
0.885001,0.885001,0,-0
0.885001,0.885001,0,-0
0.885001,0.885001,0,-0
0.885001,0.885001,0,-0
0.885001,0.885001,0,-0
0.885001,0.885001,0,-0
0.885001,0.885001,0,-0
0.885001,0.885001,0,-0
0.885001,0.885001,0,-0
0.885001,0.885001,0,-0
0.885001,0.885001,0,-0
0.885001,0.885001,0,-0
0.885001,0.885001,0,-0
0.885001,0.885001,0,-0
0.885001,0.885001,0,-0
0.885001,0.885001,0,-0
0.885001,0.885001,0,-0
0.885001,0.885001,0,-0
0.885001,0.885001,0,-0
0.885001,0.885001,0,-0
0.885001,0.885001,0,-0
0.885001,0.885001,0,-0
0.885001,0.885001,0,-0
0.885001,0.885001,0,-0
0.885001,0.885001,0,-0
0.885001,0.885001,0,-0
0.885001,0.885001,0,-0
0.885001,0.885001,0,-0
0.885001,0.885001,0,-0
0.885001,0.885001,0,-0
0.885001,0.885001,0,-0
0.885001,0.885001,0,-0
0.885001,0.885001,0,-0
0.885001,0.885001,0,-0
0.885001,0.885001,0,-0
0.885001,0.885001,0,-0
0.885001,0.885001,0,-0
0.885001,0.885001,0,-0
0.885001,0.885001,0,-0
0.885001,0.885001,0,-0
0.885001,0.885001,0,-0
0.885001,0.885001,0,-0
0.885001,0.885001,0,-0
0.885001,0.885001,0,-0
0.885001,0.885001,0,-0
0.885001,0.885001,0,-0
0.885001,0.885001,0,-0
0.885001,0.885001,0,-0
0.885001,0.885001,0,-0
0.885001,0.885001,0,-0
0.885001,0.885001,0,-0
0.885001,0.885001,0,-0
0.885001,0.885001,0,-0
0.885001,0.885001,0,-0
0.885001,0.885001,0,-0
0.885001,0.885001,0,-0
0.885001,0.885001,0,-0
0.885001,0.885001,0,-0
0.885001,0.885001,0,-0
0.885001,0.885001,0,-0
0.885001,0.885001,0,-0
0.885001,0.885001,0,-0
0.885001,0.885001,0,-0
0.885001,0.885001,0,-0
0.885001,0.885001,0,-0
0.885001,0.885001,0,-0
0.885001,0.885001,0,-0
0.885001,0.885001,0,-0
0.885001,0.885001,0,-0
0.885001,0.885001,0,-0
0.885001,0.885001,0,-0
0.885001,0.885001,0,-0
0.885001,0.885001,0,-0
0.885001,0.885001,0,-0
0.885001,0.885001,0,-0
0.885001,0.885001,0,-0
0.885001,0.885001,0,-0
0.885001,0.885001,0,-0
0.885001,0.885001,0,-0
0.885001,0.885001,0,-0
0.885001,0.885001,0,-0
0.885001,0.885001,0,-0
0.885001,0.885001,0,-0
0.885001,0.885001,0,-0
0.885001,0.885001,0,-0
0.885001,0.885001,0,-0
0.885001,0.885001,0,-0
0.885001,0.885001,0,-0
0.885001,0.885001,0,-0
0.885001,0.885001,0,-0
0.885001,0.885001,0,-0
0.885001,0.885001,0,-0
0.885001,0.885001,0,-0
0.885001,0.885001,0,-0
0.885001,0.885001,0,-0
0.885001,0.885001,0,-0
0.885001,0.885001,0,-0
0.885001,0.885001,0,-0
0.885001,0.885001,0,-0
0.885001,0.885001,0,-0
0.885001,0.885001,0,-0
0.885001,0.885001,0,-0
0.885001,0.885001,0,-0
0.885001,0.885001,0,-0
0.885001,0.885001,0,-0
0.885001,0.885001,0,-0
0.885001,0.885001,0,-0
0.885001,0.885001,0,-0
0.885001,0.885001,0,-0
0.885001,0.885001,0,-0
0.885001,0.885001,0,-0
0.885001,0.885001,0,-0
0.885001,0.885001,0,-0
0.885001,0.885001,0,-0
0.885001,0.885001,0,-0
0.885001,0.885001,0,-0
0.885001,0.885001,0,-0
0.885001,0.885001,0,-0
0.885001,0.885001,0,-0
0.885001,0.885001,0,-0
0.885001,0.885001,0,-0
0.885001,0.885001,0,-0
0.885001,0.885001,0,-0
0.885001,0.885001,0,-0
0.885001,0.885001,0,-0
0.885001,0.885001,0,-0
0.885001,0.885001,0,-0
0.885001,0.885001,0,-0
0.885001,0.885001,0,-0
0.885001,0.885001,0,-0
0.885001,0.885001,0,-0
0.885001,0.885001,0,-0
0.885001,0.885001,0,-0
0.885001,0.885001,0,-0
0.885001,0.885001,0,-0
0.885001,0.885001,0,-0
0.885001,0.885001,0,-0
0.885001,0.885001,0,-0
0.885001,0.885001,0,-0
0.885001,0.885001,0,-0
0.885001,0.885001,0,-0
0.885001,0.885001,0,-0
0.885001,0.885001,0,-0
0.885001,0.885001,0,-0
0.885001,0.885001,0,-0
0.885001,0.885001,0,-0
0.885001,0.885001,0,-0
0.885001,0.885001,0,-0
0.885001,0.885001,0,-0
0.885001,0.885001,0,-0
0.885001,0.885001,0,-0
0.885001,0.885001,0,-0
0.885001,0.885001,0,-0
0.885001,0.885001,0,-0
0.885001,0.885001,0,-0
0.885001,0.885001,0,-0
0.885001,0.885001,0,-0
0.885001,0.885001,0,-0
