0rest_m,1rest_m,0transf,1transf
1.000000,1.000000,0,-0
1.000000,1.000000,0,-0
1.000000,1.000000,0,-0
1.000000,1.000000,0,-0
1.000000,1.000000,0,-0
1.000000,1.000000,0,-0
1.000000,1.000000,0,-0
1.000000,1.000000,0,-0
1.000000,1.000000,0,-0
1.000000,1.000000,0,-0
1.000000,1.000000,0,-0
1.000000,1.000000,0,-0
1.000000,1.000000,0,-0
1.000000,1.000000,0,-0
1.000000,1.000000,0,-0
1.000000,1.000000,0,-0
1.000000,1.000000,0,-0
1.000000,1.000000,0,-0
1.000000,1.000000,0,-0
1.000000,1.000000,0,-0
1.000000,1.000000,0,-0
1.000000,1.000000,0,-0
1.000000,1.000000,0,-0
1.000000,1.000000,0,-0
1.000000,1.000000,0,-0
1.000000,1.000000,0,-0
1.000000,1.000000,0,-0
1.000000,1.000000,0,-0
1.000000,1.000000,0,-0
1.000000,1.000000,0,-0
1.000000,1.000000,0,-0
1.000000,1.000000,0,-0
1.000000,1.000000,0,-0
1.000000,1.000000,0,-0
1.000000,1.000000,0,-0
1.000000,1.000000,0,-0
1.000000,1.000000,0,-0
1.000000,1.000000,0,-0
1.000000,1.000000,0,-0
1.000000,1.000000,0,-0
1.000000,1.000000,0,-0
1.000000,1.000000,0,-0
1.000000,1.000000,0,-0
1.000000,1.000000,0,-0
1.000000,1.000000,0,-0
1.000000,1.000000,0,-0
1.000000,1.000000,0,-0
1.000000,1.000000,0,-0
1.000000,1.000000,0,-0
1.000000,1.000000,0,-0
1.000000,1.000000,0,-0
1.000000,1.000000,0,-0
1.000000,1.000000,0,-0
1.000000,1.000000,0,-0
1.000000,1.000000,0,-0
1.000000,1.000000,0,-0
1.000000,1.000000,0,-0
1.000000,1.000000,0,-0
1.000000,1.000000,0,-0
1.000000,1.000000,0,-0
1.000000,1.000000,0,-0
1.000000,1.000000,0,-0
1.000000,1.000000,0,-0
1.000000,1.000000,0,-0
1.000000,1.000000,0,-0
1.000000,1.000000,0,-0
1.000000,1.000000,0,-0
1.000000,1.000000,0,-0
1.000000,1.000000,0,-0
1.000000,1.000000,0,-0
1.000000,1.000000,0,-0
1.000000,1.000000,0,-0
1.000000,1.000000,0,-0
1.000000,1.000000,0,-0
1.000000,1.000000,0,-0
1.000000,1.000000,0,-0
1.000000,1.000000,0,-0
1.000000,1.000000,0,-0
1.000000,1.000000,0,-0
1.000000,1.000000,0,-0
1.000000,1.000000,0,-0
1.000000,1.000000,0,-0
1.000000,1.000000,0,-0
1.000000,1.000000,0,-0
1.000000,1.000000,0,-0
1.000000,1.000000,0,-0
1.000000,1.000000,0,-0
1.000000,1.000000,0,-0
1.000000,1.000000,0,-0
1.000000,1.000000,0,-0
1.000000,1.000000,0,-0
1.000000,1.000000,0,-0
1.000000,1.000000,0,-0
1.000000,1.000000,0,-0
1.000000,1.000000,0,-0
1.000000,1.000000,0,-0
1.000000,1.000000,0,-0
1.000000,1.000000,0,-0
1.000000,1.000000,0,-0
1.000000,1.000000,0,-0
1.000000,1.000000,0,-0
1.000000,1.000000,0,-0
1.000000,1.000000,0,-0
1.000000,1.000000,0,-0
1.000000,1.000000,0,-0
1.000000,1.000000,0,-0
1.000000,1.000000,0,-0
1.000000,1.000000,0,-0
1.000000,1.000000,0,-0
1.000000,1.000000,0,-0
1.000000,1.000000,0,-0
1.000000,1.000000,0,-0
1.000000,1.000000,0,-0
1.000000,1.000000,0,-0
1.000000,1.000000,0,-0
1.000000,1.000000,0,-0
1.000000,1.000000,0,-0
1.000000,1.000000,0,-0
1.000000,1.000000,0,-0
1.000000,1.000000,0,-0
1.000000,1.000000,0,-0
1.000000,1.000000,0,-0
1.000000,1.000000,0,-0
1.000000,1.000000,0,-0
1.000000,1.000000,0,-0
1.000000,1.000000,0,-0
1.000000,1.000000,0,-0
1.000000,1.000000,0,-0
1.000000,1.000000,0,-0
1.000000,1.000000,0,-0
1.000000,1.000000,0,-0
1.000000,1.000000,0,-0
1.000000,1.000000,0,-0
1.000000,1.000000,0,-0
1.000000,1.000000,0,-0
1.000000,1.000000,0,-0
1.000000,1.000000,0,-0
1.000000,1.000000,0,-0
1.000000,1.000000,0,-0
1.000000,1.000000,0,-0
1.000000,1.000000,0,-0
1.000000,1.000000,0,-0
1.000000,1.000000,0,-0
1.000000,1.000000,0,-0
1.000000,1.000000,0,-0
1.000000,1.000000,0,-0
1.000000,1.000000,0,-0
1.000000,1.000000,0,-0
1.000000,1.000000,0,-0
1.000000,1.000000,0,-0
1.000000,1.000000,0,-0
1.000000,1.000000,0,-0
1.000000,1.000000,0,-0
1.000000,1.000000,0,-0
1.000000,1.000000,0,-0
1.000000,1.000000,0,-0
1.000000,1.000000,0,-0
1.000000,1.000000,0,-0
1.000000,1.000000,0,-0
1.000000,1.000000,0,-0
1.000000,1.000000,0,-0
1.000000,1.000000,0,-0
1.000000,1.000000,0,-0
1.000000,1.000000,0,-0
1.000000,1.000000,0,-0
1.000000,1.000000,0,-0
1.000000,1.000000,0,-0
1.000000,1.000000,0,-0
1.000000,1.000000,0,-0
1.000000,1.000000,0,-0
1.000000,1.000000,0,-0
1.000000,1.000000,0,-0
1.000000,1.000000,0,-0
1.000000,1.000000,0,-0
1.000000,1.000000,0,-0
1.000000,1.000000,0,-0
1.000000,1.000000,0,-0
1.000000,1.000000,0,-0
1.000000,1.000000,0,-0
1.000000,1.000000,0,-0
1.000000,1.000000,0,-0
1.000000,1.000000,0,-0
1.000000,1.000000,0,-0
1.000000,1.000000,0,-0
1.000000,1.000000,0,-0
1.000000,1.000000,0,-0
1.000000,1.000000,0,-0
1.000000,1.000000,0,-0
1.000000,1.000000,0,-0
1.000000,1.000000,0,-0
1.000000,1.000000,0,-0
1.000000,1.000000,0,-0
1.000000,1.000000,0,-0
1.000000,1.000000,0,-0
1.000000,1.000000,0,-0
1.000000,1.000000,0,-0
1.000000,1.000000,0,-0
1.000000,1.000000,0,-0
1.000000,1.000000,0,-0
1.000000,1.000000,0,-0
1.000000,1.000000,0,-0
1.000000,1.000000,0,-0
1.000000,1.000000,0,-0
1.000000,1.000000,0,-0
1.000000,1.000000,0,-0
1.000000,1.000000,0,-0
1.000000,1.000000,0,-0
1.000000,1.000000,0,-0
1.000000,1.000000,0,-0
1.000000,1.000000,0,-0
1.000000,1.000000,0,-0
1.000000,1.000000,0,-0
1.000000,1.000000,0,-0
1.000000,1.000000,0,-0
1.000000,1.000000,0,-0
1.000000,1.000000,0,-0
1.000000,1.000000,0,-0
1.000000,1.000000,0,-0
1.000000,1.000000,0,-0
1.000000,1.000000,0,-0
1.000000,1.000000,0,-0
1.000000,1.000000,0,-0
1.000000,1.000000,0,-0
1.000000,1.000000,0,-0
1.000000,1.000000,0,-0
1.000000,1.000000,0,-0
1.000000,1.000000,0,-0
1.000000,1.000000,0,-0
1.000000,1.000000,0,-0
1.000000,1.000000,0,-0
1.000000,1.000000,0,-0
1.000000,1.000000,0,-0
1.000000,1.000000,0,-0
1.000000,1.000000,0,-0
1.000000,1.000000,0,-0
1.000000,1.000000,0,-0
1.000000,1.000000,0,-0
1.000000,1.000000,0,-0
1.000000,1.000000,0,-0
1.000000,1.000000,0,-0
1.000000,1.000000,0,-0
1.000000,1.000000,0,-0
1.000000,1.000000,0,-0
1.000000,1.000000,0,-0
1.000000,1.000000,0,-0
1.000000,1.000000,0,-0
1.000000,1.000000,0,-0
1.000000,1.000000,0,-0
1.000000,1.000000,0,-0
1.000000,1.000000,0,-0
1.000000,1.000000,0,-0
1.000000,1.000000,0,-0
1.000000,1.000000,0,-0
1.000000,1.000000,0,-0
1.000000,1.000000,0,-0
1.000000,1.000000,0,-0
1.000000,1.000000,0,-0
1.000000,1.000000,0,-0
1.000000,1.000000,0,-0
1.000000,1.000000,0,-0
1.000000,1.000000,0,-0
1.000000,1.000000,0,-0
1.000000,1.000000,0,-0
1.000000,1.000000,0,-0
1.000000,1.000000,0,-0
1.000000,1.000000,0,-0
1.000000,1.000000,0,-0
1.000000,1.000000,0,-0
1.000000,1.000000,0,-0
1.000000,1.000000,0,-0
1.000000,1.000000,0,-0
1.000000,1.000000,0,-0
1.000000,1.000000,0,-0
1.000000,1.000000,0,-0
1.000000,1.000000,0,-0
1.000000,1.000000,0,-0
1.000000,1.000000,0,-0
1.000000,1.000000,0,-0
1.000000,1.000000,0,-0
1.000000,1.000000,0,-0
1.000000,1.000000,0,-0
1.000000,1.000000,0,-0
1.000000,1.000000,0,-0
1.000000,1.000000,0,-0
1.000000,1.000000,0,-0
1.000000,1.000000,0,-0
1.000000,1.000000,0,-0
1.000000,1.000000,0,-0
1.000000,1.000000,0,-0
1.000000,1.000000,0,-0
1.000000,1.000000,0,-0
1.000000,1.000000,0,-0
1.000000,1.000000,0,-0
1.000000,1.000000,0,-0
1.000000,1.000000,0,-0
1.000000,1.000000,0,-0
1.000000,1.000000,0,-0
1.000000,1.000000,0,-0
1.000000,1.000000,0,-0
1.000000,1.000000,0,-0
1.000000,1.000000,0,-0
1.000000,1.000000,0,-0
1.000000,1.000000,0,-0
1.000000,1.000000,0,-0
1.000000,1.000000,0,-0
1.000000,1.000000,0,-0
1.000000,1.000000,0,-0
1.000000,1.000000,0,-0
1.000000,1.000000,0,-0
1.000000,1.000000,0,-0
1.000000,1.000000,0,-0
1.000000,1.000000,0,-0
1.000000,1.000000,0,-0
1.000000,1.000000,0,-0
1.000000,1.000000,0,-0
1.000000,1.000000,0,-0
1.000000,1.000000,0,-0
1.000000,1.000000,0,-0
1.000000,1.000000,0,-0
1.000000,1.000000,0,-0
1.000000,1.000000,0,-0
1.000000,1.000000,0,-0
1.000000,1.000000,0,-0
1.000000,1.000000,0,-0
1.000000,1.000000,0,-0
1.000000,1.000000,0,-0
1.000000,1.000000,0,-0
1.000000,1.000000,0,-0
1.000000,1.000000,0,-0
1.000000,1.000000,0,-0
1.000000,1.000000,0,-0
1.000000,1.000000,0,-0
1.000000,1.000000,0,-0
1.000000,1.000000,0,-0
1.000000,1.000000,0,-0
1.000000,1.000000,0,-0
1.000000,1.000000,0,-0
1.000000,1.000000,0,-0
1.000000,1.000000,0,-0
1.000000,1.000000,0,-0
1.000000,1.000000,0,-0
1.000000,1.000000,0,-0
1.000000,1.000000,0,-0
1.000000,1.000000,0,-0
1.000000,1.000000,0,-0
1.000000,1.000000,0,-0
1.000000,1.000000,0,-0
1.000000,1.000000,0,-0
1.000000,1.000000,0,-0
1.000000,1.000000,0,-0
1.000000,1.000000,0,-0
1.000000,1.000000,0,-0
1.000000,1.000000,0,-0
1.000000,1.000000,0,-0
1.000000,1.000000,0,-0
1.000000,1.000000,0,-0
1.000000,1.000000,0,-0
1.000000,1.000000,0,-0
1.000000,1.000000,0,-0
1.000000,1.000000,0,-0
1.000000,1.000000,0,-0
1.000000,1.000000,0,-0
1.000000,1.000000,0,-0
1.000000,1.000000,0,-0
1.000000,1.000000,0,-0
1.000000,1.000000,0,-0
1.000000,1.000000,0,-0
1.000000,1.000000,0,-0
1.000000,1.000000,0,-0
1.000000,1.000000,0,-0
1.000000,1.000000,0,-0
1.000000,1.000000,0,-0
1.000000,1.000000,0,-0
1.000000,1.000000,0,-0
1.000000,1.000000,0,-0
1.000000,1.000000,0,-0
1.000000,1.000000,0,-0
1.000000,1.000000,0,-0
1.000000,1.000000,0,-0
1.000000,1.000000,0,-0
1.000000,1.000000,0,-0
1.000000,1.000000,0,-0
1.000000,1.000000,0,-0
1.000000,1.000000,0,-0
1.000000,1.000000,0,-0
1.000000,1.000000,0,-0
1.000000,1.000000,0,-0
1.000000,1.000000,0,-0
1.000000,1.000000,0,-0
1.000000,1.000000,0,-0
1.000000,1.000000,0,-0
1.000000,1.000000,0,-0
1.000000,1.000000,0,-0
1.000000,1.000000,0,-0
1.000000,1.000000,0,-0
1.000000,1.000000,0,-0
1.000000,1.000000,0,-0
1.000000,1.000000,0,-0
1.000000,1.000000,0,-0
0.915770,0.915770,0,-0
0.915770,0.915770,0,-0
0.915770,0.915770,0,-0
0.915770,0.915770,0,-0
0.915770,0.915770,0,-0
1.000000,1.000000,0,-0
1.000000,1.000000,0,-0
1.000000,1.000000,0,-0
1.000000,1.000000,0,-0
1.000000,1.000000,0,-0
1.000000,1.000000,0,-0
1.000000,1.000000,0,-0
1.000000,1.000000,0,-0
1.000000,1.000000,0,-0
1.000000,1.000000,0,-0
1.000000,1.000000,0,-0
1.000000,1.000000,0,-0
1.000000,1.000000,0,-0
1.000000,1.000000,0,-0
1.000000,1.000000,0,-0
1.000000,1.000000,0,-0
1.000000,1.000000,0,-0
1.000000,1.000000,0,-0
1.000000,1.000000,0,-0
1.000000,1.000000,0,-0
1.000000,1.000000,0,-0
1.000000,1.000000,0,-0
1.000000,1.000000,0,-0
1.000000,1.000000,0,-0
1.000000,1.000000,0,-0
1.000000,1.000000,0,-0
1.000000,1.000000,0,-0
1.000000,1.000000,0,-0
1.000000,1.000000,0,-0
1.000000,1.000000,0,-0
1.000000,1.000000,0,-0
1.000000,1.000000,0,-0
1.000000,1.000000,0,-0
1.000000,1.000000,0,-0
1.000000,1.000000,0,-0
1.000000,1.000000,0,-0
1.000000,1.000000,0,-0
1.000000,1.000000,0,-0
1.000000,1.000000,0,-0
1.000000,1.000000,0,-0
1.000000,1.000000,0,-0
1.000000,1.000000,0,-0
1.000000,1.000000,0,-0
1.000000,1.000000,0,-0
1.000000,1.000000,0,-0
1.000000,1.000000,0,-0
1.000000,1.000000,0,-0
0.915770,0.915770,0,-0
0.915770,0.915770,0,-0
0.915770,0.915770,0,-0
0.915770,0.915770,0,-0
0.915770,0.915770,0,-0
1.000000,1.000000,0,-0
1.000000,1.000000,0,-0
1.000000,1.000000,0,-0
1.000000,1.000000,0,-0
1.000000,1.000000,0,-0
1.000000,1.000000,0,-0
1.000000,1.000000,0,-0
1.000000,1.000000,0,-0
1.000000,1.000000,0,-0
1.000000,1.000000,0,-0
1.000000,1.000000,0,-0
1.000000,1.000000,0,-0
1.000000,1.000000,0,-0
1.000000,1.000000,0,-0
1.000000,1.000000,0,-0
1.000000,1.000000,0,-0
1.000000,1.000000,0,-0
1.000000,1.000000,0,-0
1.000000,1.000000,0,-0
1.000000,1.000000,0,-0
1.000000,1.000000,0,-0
1.000000,1.000000,0,-0
1.000000,1.000000,0,-0
1.000000,1.000000,0,-0
1.000000,1.000000,0,-0
1.000000,1.000000,0,-0
1.000000,1.000000,0,-0
1.000000,1.000000,0,-0
1.000000,1.000000,0,-0
1.000000,1.000000,0,-0
1.000000,1.000000,0,-0
1.000000,1.000000,0,-0
1.000000,1.000000,0,-0
1.000000,1.000000,0,-0
1.000000,1.000000,0,-0
1.000000,1.000000,0,-0
1.000000,1.000000,0,-0
1.000000,1.000000,0,-0
1.000000,1.000000,0,-0
1.000000,1.000000,0,-0
1.000000,1.000000,0,-0
1.000000,1.000000,0,-0
1.000000,1.000000,0,-0
1.000000,1.000000,0,-0
1.000000,1.000000,0,-0
1.000000,1.000000,0,-0
1.000000,1.000000,0,-0
0.915770,0.915770,0,-0
0.915770,0.915770,0,-0
0.915770,0.915770,0,-0
0.915770,0.915770,0,-0
0.915770,0.915770,0,-0
1.000000,1.000000,0,-0
1.000000,1.000000,0,-0
1.000000,1.000000,0,-0
1.000000,1.000000,0,-0
1.000000,1.000000,0,-0
1.000000,1.000000,0,-0
1.000000,1.000000,0,-0
1.000000,1.000000,0,-0
1.000000,1.000000,0,-0
1.000000,1.000000,0,-0
1.000000,1.000000,0,-0
1.000000,1.000000,0,-0
1.000000,1.000000,0,-0
1.000000,1.000000,0,-0
1.000000,1.000000,0,-0
1.000000,1.000000,0,-0
1.000000,1.000000,0,-0
1.000000,1.000000,0,-0
1.000000,1.000000,0,-0
1.000000,1.000000,0,-0
1.000000,1.000000,0,-0
1.000000,1.000000,0,-0
1.000000,1.000000,0,-0
1.000000,1.000000,0,-0
1.000000,1.000000,0,-0
1.000000,1.000000,0,-0
1.000000,1.000000,0,-0
1.000000,1.000000,0,-0
1.000000,1.000000,0,-0
1.000000,1.000000,0,-0
1.000000,1.000000,0,-0
1.000000,1.000000,0,-0
1.000000,1.000000,0,-0
1.000000,1.000000,0,-0
1.000000,1.000000,0,-0
1.000000,1.000000,0,-0
1.000000,1.000000,0,-0
1.000000,1.000000,0,-0
1.000000,1.000000,0,-0
1.000000,1.000000,0,-0
1.000000,1.000000,0,-0
1.000000,1.000000,0,-0
1.000000,1.000000,0,-0
1.000000,1.000000,0,-0
1.000000,1.000000,0,-0
1.000000,1.000000,0,-0
1.000000,1.000000,0,-0
0.915770,0.915770,0,-0
0.915770,0.915770,0,-0
0.915770,0.915770,0,-0
0.915770,0.915770,0,-0
0.915770,0.915770,0,-0
1.000000,1.000000,0,-0
1.000000,1.000000,0,-0
1.000000,1.000000,0,-0
1.000000,1.000000,0,-0
1.000000,1.000000,0,-0
1.000000,1.000000,0,-0
1.000000,1.000000,0,-0
1.000000,1.000000,0,-0
1.000000,1.000000,0,-0
1.000000,1.000000,0,-0
1.000000,1.000000,0,-0
1.000000,1.000000,0,-0
1.000000,1.000000,0,-0
1.000000,1.000000,0,-0
1.000000,1.000000,0,-0
1.000000,1.000000,0,-0
1.000000,1.000000,0,-0
1.000000,1.000000,0,-0
1.000000,1.000000,0,-0
1.000000,1.000000,0,-0
1.000000,1.000000,0,-0
1.000000,1.000000,0,-0
1.000000,1.000000,0,-0
1.000000,1.000000,0,-0
1.000000,1.000000,0,-0
1.000000,1.000000,0,-0
1.000000,1.000000,0,-0
1.000000,1.000000,0,-0
1.000000,1.000000,0,-0
1.000000,1.000000,0,-0
1.000000,1.000000,0,-0
1.000000,1.000000,0,-0
1.000000,1.000000,0,-0
1.000000,1.000000,0,-0
1.000000,1.000000,0,-0
1.000000,1.000000,0,-0
1.000000,1.000000,0,-0
1.000000,1.000000,0,-0
1.000000,1.000000,0,-0
1.000000,1.000000,0,-0
1.000000,1.000000,0,-0
1.000000,1.000000,0,-0
1.000000,1.000000,0,-0
1.000000,1.000000,0,-0
1.000000,1.000000,0,-0
1.000000,1.000000,0,-0
1.000000,1.000000,0,-0
0.915770,0.915770,0,-0
0.915770,0.915770,0,-0
0.915770,0.915770,0,-0
0.915770,0.915770,0,-0
0.915770,0.915770,0,-0
0.915770,0.915770,0,-0
0.915770,0.915770,0,-0
0.915770,0.915770,0,-0
0.915770,0.915770,0,-0
1.000000,1.000000,0,-0
1.000000,1.000000,0,-0
1.000000,1.000000,0,-0
1.000000,1.000000,0,-0
1.000000,1.000000,0,-0
1.000000,1.000000,0,-0
1.000000,1.000000,0,-0
1.000000,1.000000,0,-0
1.000000,1.000000,0,-0
1.000000,1.000000,0,-0
1.000000,1.000000,0,-0
1.000000,1.000000,0,-0
1.000000,1.000000,0.0169737,-0.0169737
1.000000,1.000000,0.0166287,-0.0166287
1.000000,1.000000,0.0162836,-0.0162836
1.000000,1.000000,0,-0
1.000000,1.000000,0,-0
1.000000,1.000000,0,-0
1.000000,1.000000,0,-0
1.000000,1.000000,0.0829092,-0.0829092
1.000000,1.000000,0.0825777,-0.0825777
1.000000,1.000000,0.0822462,-0.0822462
1.000000,1.000000,0.0819147,-0.0819147
1.000000,1.000000,0.081583,-0.081583
1.000000,1.000000,0.0155723,-0.0155723
1.000000,1.000000,0.0152272,-0.0152272
1.000000,1.000000,0.0148821,-0.0148821
1.000000,1.000000,0.0145368,-0.0145368
1.000000,1.000000,0.0397215,-0.0397215
1.000000,1.000000,0.0393814,-0.0393814
1.000000,1.000000,0.0390412,-0.0390412
1.000000,1.000000,0.0387009,-0.0387009
1.000000,1.000000,0,-0
1.000000,1.000000,0,-0
1.000000,1.000000,0,-0
0.915770,0.915770,0,-0
1.000000,1.000000,0,-0
1.000000,1.000000,0,-0
1.000000,1.000000,0,-0
1.000000,1.000000,0,-0
1.000000,1.000000,0,-0
1.000000,1.000000,0,-0
1.000000,1.000000,0,-0
1.000000,1.000000,0,-0
0.915770,0.915770,0,-0
0.915770,0.915770,0,-0
0.915770,0.915770,0,-0
0.915770,0.915770,0,-0
0.915770,0.915770,0,-0
0.915770,0.915770,0,-0
0.915770,0.915770,0,-0
0.915770,0.915770,0,-0
0.915770,0.915770,0,-0
1.000000,1.000000,0,-0
1.000000,1.000000,0,-0
1.000000,1.000000,0,-0
1.000000,1.000000,0,-0
1.000000,1.000000,0,-0
1.000000,1.000000,0.0547153,-0.0547153
1.000000,1.000000,0,-0
1.000000,1.000000,0,-0
1.000000,1.000000,0,-0
1.000000,1.000000,0,-0
1.000000,1.000000,0,-0
1.000000,1.000000,0,-0
1.000000,1.000000,0,-0
0.915770,0.915770,0,-0
0.915770,0.915770,0,-0
0.915770,0.915770,0,-0
0.915770,0.915770,0,-0
1.000000,1.000000,0,-0
1.000000,1.000000,0,-0
1.000000,1.000000,0,-0
1.000000,1.000000,0,-0
1.000000,1.000000,0,-0
1.000000,1.000000,0,-0
1.000000,1.000000,0,-0
1.000000,1.000000,0,-0
1.000000,1.000000,0,-0
1.000000,1.000000,0,-0
1.000000,1.000000,0,-0
1.000000,1.000000,0,-0
1.000000,1.000000,0,-0
1.000000,1.000000,0,-0
1.000000,1.000000,0,-0
1.000000,1.000000,0,-0
1.000000,1.000000,0,-0
1.000000,1.000000,0,-0
1.000000,1.000000,0,-0
1.000000,1.000000,0,-0
1.000000,1.000000,0,-0
1.000000,1.000000,0,-0
1.000000,1.000000,0,-0
1.000000,1.000000,0,-0
1.000000,1.000000,0,-0
1.000000,1.000000,0,-0
0.915770,0.915770,0,-0
0.915770,0.915770,0,-0
0.915770,0.915770,0,-0
0.915770,0.915770,0,-0
0.915770,0.915770,0,-0
0.915770,0.915770,0,-0
0.915770,0.915770,0,-0
0.915770,0.915770,0,-0
0.915770,0.915770,0,-0
1.000000,1.000000,0,-0
1.000000,1.000000,0,-0
1.000000,1.000000,0,-0
1.000000,1.000000,0,-0
1.000000,1.000000,0,-0
1.000000,1.000000,0,-0
1.000000,1.000000,0,-0
1.000000,1.000000,0,-0
1.000000,1.000000,0,-0
1.000000,1.000000,0,-0
1.000000,1.000000,0,-0
1.000000,1.000000,0,-0
1.000000,1.000000,0,-0
0.915770,0.915770,0,-0
0.915770,0.915770,0,-0
0.915770,0.915770,0,-0
0.915770,0.915770,0,-0
1.000000,1.000000,0,-0
1.000000,1.000000,0,-0
1.000000,1.000000,0,-0
1.000000,1.000000,0,-0
1.000000,1.000000,0,-0
1.000000,1.000000,0,-0
1.000000,1.000000,0,-0
1.000000,1.000000,0,-0
1.000000,1.000000,0,-0
1.000000,1.000000,0,-0
1.000000,1.000000,0.00535463,-0.00535463
1.000000,1.000000,0,-0
1.000000,1.000000,0,-0
1.000000,1.000000,0,-0
1.000000,1.000000,0,-0
1.000000,1.000000,0,-0
1.000000,1.000000,0,-0
1.000000,1.000000,0,-0
1.000000,1.000000,0,-0
1.000000,1.000000,0,-0
1.000000,1.000000,0,-0
1.000000,1.000000,0,-0
1.000000,1.000000,0,-0
1.000000,1.000000,0,-0
1.000000,1.000000,0,-0
1.000000,1.000000,0,-0
0.915770,0.915770,0,-0
0.915770,0.915770,0,-0
0.915770,0.915770,0,-0
0.915770,0.915770,0,-0
0.915770,0.915770,0,-0
0.915770,0.915770,0,-0
0.915770,0.915770,0,-0
0.915770,0.915770,0,-0
0.915770,0.915770,0,-0
1.000000,1.000000,0,-0
1.000000,1.000000,0,-0
1.000000,1.000000,0,-0
1.000000,1.000000,0,-0
1.000000,1.000000,0,-0
1.000000,1.000000,0.0215742,-0.0215742
1.000000,1.000000,0.0212614,-0.0212614
1.000000,1.000000,0.0209485,-0.0209485
1.000000,1.000000,0.0206357,-0.0206357
1.000000,1.000000,0.0203228,-0.0203228
1.000000,1.000000,0,-0
1.000000,1.000000,0,-0
1.000000,1.000000,0,-0
0.915770,0.915770,0,-0
0.915770,0.915770,0,-0
0.915770,0.915770,0,-0
0.915770,0.915770,0,-0
1.000000,1.000000,0,-0
1.000000,1.000000,0.0332049,-0.0332049
1.000000,1.000000,0.0329091,-0.0329091
1.000000,1.000000,0.0326133,-0.0326133
1.000000,1.000000,0.0323173,-0.0323173
1.000000,1.000000,0,-0
1.000000,1.000000,0,-0
1.000000,1.000000,0,-0
1.000000,1.000000,0,-0
1.000000,1.000000,0,-0
1.000000,1.000000,0,-0
1.000000,1.000000,0,-0
1.000000,1.000000,0,-0
1.000000,1.000000,0,-0
1.000000,1.000000,0,-0
1.000000,1.000000,0,-0
1.000000,1.000000,0,-0
1.000000,1.000000,0,-0
1.000000,1.000000,0,-0
1.000000,1.000000,0,-0
1.000000,1.000000,0,-0
1.000000,1.000000,0,-0
0.915770,0.915770,0,-0
0.915770,0.915770,0,-0
0.915770,0.915770,0,-0
0.915770,0.915770,0,-0
0.915770,0.915770,0,-0
0.915770,0.915770,0,-0
0.915770,0.915770,0,-0
0.915770,0.915770,0,-0
0.915770,0.915770,0,-0
0.915770,0.915770,0,-0
0.915770,0.915770,0,-0
0.915770,0.915770,0,-0
0.915770,0.915770,0,-0
1.000000,1.000000,0,-0
1.000000,1.000000,0,-0
1.000000,1.000000,0,-0
1.000000,1.000000,0,-0
1.000000,1.000000,0,-0
1.000000,1.000000,0.00596177,-0.00596177
1.000000,1.000000,0.0056616,-0.0056616
1.000000,1.000000,0.00536131,-0.00536131
1.000000,1.000000,0.00506102,-0.00506102
1.000000,1.000000,0.00476073,-0.00476073
1.000000,1.000000,0,-0
1.000000,1.000000,0,-0
1.000000,1.000000,0,-0
0.915770,0.915770,0,-0
0.915770,0.915770,0,-0
0.915770,0.915770,0,-0
0.915770,0.915770,0,-0
1.000000,1.000000,0,-0
1.000000,1.000000,0.0179009,-0.0179009
1.000000,1.000000,0.0176179,-0.0176179
1.000000,1.000000,0.0173348,-0.0173348
1.000000,1.000000,0,-0
1.000000,1.000000,0,-0
1.000000,1.000000,0,-0
1.000000,1.000000,0,-0
1.000000,1.000000,0,-0
1.000000,1.000000,0,-0
1.000000,1.000000,0,-0
1.000000,1.000000,0,-0
1.000000,1.000000,0,-0
1.000000,1.000000,0,-0
1.000000,1.000000,0,-0
1.000000,1.000000,0,-0
1.000000,1.000000,0,-0
1.000000,1.000000,0,-0
1.000000,1.000000,0,-0
1.000000,1.000000,0,-0
1.000000,1.000000,0,-0
1.000000,1.000000,0,-0
0.915770,0.915770,0,-0
0.915770,0.915770,0,-0
0.915770,0.915770,0,-0
0.915770,0.915770,0,-0
0.915770,0.915770,0,-0
0.915770,0.915770,0,-0
0.915770,0.915770,0,-0
0.915770,0.915770,0,-0
0.915770,0.915770,0,-0
0.915770,0.915770,0,-0
0.915770,0.915770,0,-0
0.915770,0.915770,0,-0
0.915770,0.915770,0,-0
0.915770,0.915770,0,-0
0.915770,0.915770,0,-0
0.915770,0.915770,0,-0
0.915770,0.915770,0,-0
1.000000,1.000000,0,-0
1.000000,1.000000,0,-0
1.000000,1.000000,0,-0
1.000000,1.000000,0,-0
1.000000,1.000000,0,-0
1.000000,1.000000,0,-0
1.000000,1.000000,0,-0
1.000000,1.000000,0,-0
1.000000,1.000000,0,-0
0.915770,0.915770,0,-0
0.915770,0.915770,0,-0
0.915770,0.915770,0,-0
0.915770,0.915770,0,-0
1.000000,1.000000,0,-0
1.000000,1.000000,0,-0
1.000000,1.000000,0,-0
1.000000,1.000000,0,-0
1.000000,1.000000,0,-0
1.000000,1.000000,0.00218832,-0.00218832
1.000000,1.000000,0,-0
1.000000,1.000000,0,-0
1.000000,1.000000,0,-0
1.000000,1.000000,0,-0
1.000000,1.000000,0,-0
1.000000,1.000000,0,-0
1.000000,1.000000,0,-0
1.000000,1.000000,0,-0
1.000000,1.000000,0,-0
1.000000,1.000000,0,-0
1.000000,1.000000,0,-0
1.000000,1.000000,0,-0
0.915770,0.915770,0,-0
0.915770,0.915770,0,-0
0.915770,0.915770,0,-0
0.915770,0.915770,0,-0
0.915770,0.915770,0,-0
0.915770,0.915770,0,-0
0.915770,0.915770,0,-0
0.915770,0.915770,0,-0
0.915770,0.915770,0,-0
0.915770,0.915770,0,-0
0.915770,0.915770,0,-0
0.915770,0.915770,0,-0
0.915770,0.915770,0,-0
0.915770,0.915770,0,-0
0.915770,0.915770,0,-0
0.915770,0.915770,0,-0
0.915770,0.915770,0,-0
0.915770,0.915770,0,-0
0.915770,0.915770,0,-0
0.915770,0.915770,0,-0
0.915770,0.915770,0,-0
1.000000,1.000000,0,-0
1.000000,1.000000,0,-0
1.000000,1.000000,0,-0
1.000000,1.000000,0,-0
1.000000,1.000000,0,-0
1.000000,1.000000,0,-0
1.000000,1.000000,0,-0
1.000000,1.000000,0,-0
1.000000,1.000000,0,-0
1.000000,1.000000,0,-0
0.915770,0.915770,0,-0
0.915770,0.915770,0,-0
0.915770,0.915770,0,-0
0.915770,0.915770,0,-0
1.000000,1.000000,0,-0
1.000000,1.000000,0,-0
1.000000,1.000000,0,-0
1.000000,1.000000,0,-0
1.000000,1.000000,0,-0
1.000000,1.000000,0,-0
1.000000,1.000000,0,-0
1.000000,1.000000,0,-0
1.000000,1.000000,0,-0
1.000000,1.000000,0,-0
1.000000,1.000000,0,-0
1.000000,1.000000,0,-0
1.000000,1.000000,0,-0
1.000000,1.000000,0,-0
1.000000,1.000000,0,-0
1.000000,1.000000,0,-0
1.000000,1.000000,0,-0
1.000000,1.000000,0,-0
0.915770,0.915770,0,-0
0.915770,0.915770,0,-0
0.915770,0.915770,0,-0
0.915770,0.915770,0,-0
0.915770,0.915770,0,-0
0.915770,0.915770,0,-0
0.915770,0.915770,0,-0
0.915770,0.915770,0,-0
0.915770,0.915770,0,-0
0.915770,0.915770,0,-0
0.915770,0.915770,0,-0
0.915770,0.915770,0,-0
0.915770,0.915770,0,-0
0.915770,0.915770,0,-0
0.915770,0.915770,0,-0
0.915770,0.915770,0,-0
0.915770,0.915770,0,-0
0.915770,0.915770,0,-0
0.915770,0.915770,0,-0
0.915770,0.915770,0,-0
0.915770,0.915770,0,-0
1.000000,1.000000,0,-0
1.000000,1.000000,0,-0
1.000000,1.000000,0,-0
1.000000,1.000000,0,-0
1.000000,1.000000,0,-0
1.000000,1.000000,0,-0
1.000000,1.000000,0,-0
1.000000,1.000000,0,-0
1.000000,1.000000,0,-0
0.915770,0.915770,0,-0
0.915770,0.915770,0,-0
0.915770,0.915770,0,-0
0.915770,0.915770,0,-0
1.000000,1.000000,0,-0
1.000000,1.000000,0,-0
1.000000,1.000000,0,-0
1.000000,1.000000,0,-0
1.000000,1.000000,0,-0
1.000000,1.000000,0,-0
1.000000,1.000000,0,-0
1.000000,1.000000,0,-0
1.000000,1.000000,0,-0
1.000000,1.000000,0,-0
1.000000,1.000000,0,-0
1.000000,1.000000,0,-0
1.000000,1.000000,0,-0
1.000000,1.000000,0,-0
1.000000,1.000000,0,-0
1.000000,1.000000,0,-0
1.000000,1.000000,0,-0
1.000000,1.000000,0,-0
0.915770,0.915770,0,-0
0.915770,0.915770,0,-0
0.915770,0.915770,0,-0
0.915770,0.915770,0,-0
0.915770,0.915770,0,-0
0.915770,0.915770,0,-0
0.915770,0.915770,0,-0
0.915770,0.915770,0,-0
0.915770,0.915770,0,-0
0.915770,0.915770,0,-0
0.915770,0.915770,0,-0
0.915770,0.915770,0,-0
0.915770,0.915770,0,-0
0.915770,0.915770,0,-0
0.915770,0.915770,0,-0
0.915770,0.915770,0,-0
0.915770,0.915770,0,-0
0.915770,0.915770,0,-0
0.915770,0.915770,0,-0
0.915770,0.915770,0,-0
0.915770,0.915770,0,-0
1.000000,1.000000,0,-0
1.000000,1.000000,0,-0
1.000000,1.000000,0,-0
1.000000,1.000000,0,-0
1.000000,1.000000,0,-0
1.000000,1.000000,0,-0
1.000000,1.000000,0,-0
1.000000,1.000000,0,-0
1.000000,1.000000,0,-0
0.915770,0.915770,0,-0
0.915770,0.915770,0,-0
0.915770,0.915770,0,-0
0.915770,0.915770,0,-0
1.000000,1.000000,0,-0
1.000000,1.000000,0,-0
1.000000,1.000000,0,-0
1.000000,1.000000,0,-0
1.000000,1.000000,0,-0
1.000000,1.000000,0,-0
1.000000,1.000000,0,-0
1.000000,1.000000,0,-0
1.000000,1.000000,0,-0
1.000000,1.000000,0,-0
1.000000,1.000000,0,-0
1.000000,1.000000,0,-0
1.000000,1.000000,0,-0
1.000000,1.000000,0,-0
1.000000,1.000000,0,-0
1.000000,1.000000,0,-0
1.000000,1.000000,0,-0
1.000000,1.000000,0,-0
0.915770,0.915770,0,-0
0.915770,0.915770,0,-0
0.915770,0.915770,0,-0
0.915770,0.915770,0,-0
0.915770,0.915770,0,-0
0.915770,0.915770,0,-0
0.915770,0.915770,0,-0
0.915770,0.915770,0,-0
0.915770,0.915770,0,-0
0.915770,0.915770,0,-0
0.915770,0.915770,0,-0
0.915770,0.915770,0,-0
0.915770,0.915770,0,-0
0.915770,0.915770,0,-0
0.915770,0.915770,0,-0
0.915770,0.915770,0,-0
0.915770,0.915770,0,-0
0.915770,0.915770,0,-0
0.915770,0.915770,0,-0
0.915770,0.915770,0,-0
0.915770,0.915770,0,-0
1.000000,1.000000,0,-0
1.000000,1.000000,0,-0
1.000000,1.000000,0,-0
1.000000,1.000000,0,-0
1.000000,1.000000,0,-0
1.000000,1.000000,0,-0
1.000000,1.000000,0,-0
1.000000,1.000000,0,-0
1.000000,1.000000,0,-0
0.915770,0.915770,0,-0
0.915770,0.915770,0,-0
0.915770,0.915770,0,-0
0.915770,0.915770,0,-0
1.000000,1.000000,0,-0
1.000000,1.000000,0,-0
1.000000,1.000000,0,-0
1.000000,1.000000,0,-0
1.000000,1.000000,0,-0
1.000000,1.000000,0,-0
1.000000,1.000000,0,-0
1.000000,1.000000,0,-0
1.000000,1.000000,0,-0
1.000000,1.000000,0,-0
1.000000,1.000000,0,-0
1.000000,1.000000,0,-0
1.000000,1.000000,0,-0
0.915770,0.915770,0,-0
0.915770,0.915770,0,-0
0.915770,0.915770,0,-0
0.915770,0.915770,0,-0
0.915770,0.915770,0,-0
0.915770,0.915770,0,-0
0.915770,0.915770,0,-0
0.915770,0.915770,0,-0
0.915770,0.915770,0,-0
0.915770,0.915770,0,-0
0.915770,0.915770,0,-0
0.915770,0.915770,0,-0
0.915770,0.915770,0,-0
0.915770,0.915770,0,-0
0.915770,0.915770,0,-0
0.915770,0.915770,0,-0
0.915770,0.915770,0,-0
0.915770,0.915770,0,-0
0.915770,0.915770,0,-0
0.915770,0.915770,0,-0
0.915770,0.915770,0,-0
0.915770,0.915770,0,-0
0.915770,0.915770,0,-0
0.915770,0.915770,0,-0
0.915770,0.915770,0,-0
0.915770,0.915770,0,-0
1.000000,1.000000,0,-0
1.000000,1.000000,0,-0
1.000000,1.000000,0,-0
1.000000,1.000000,0,-0
1.000000,1.000000,0,-0
1.000000,1.000000,0,-0
1.000000,1.000000,0,-0
1.000000,1.000000,0,-0
1.000000,1.000000,0,-0
0.915770,0.915770,0,-0
0.915770,0.915770,0,-0
0.915770,0.915770,0,-0
0.915770,0.915770,0,-0
1.000000,1.000000,0,-0
1.000000,1.000000,0,-0
1.000000,1.000000,0,-0
1.000000,1.000000,0,-0
1.000000,1.000000,0,-0
1.000000,1.000000,0,-0
1.000000,1.000000,0,-0
1.000000,1.000000,0,-0
1.000000,1.000000,0,-0
1.000000,1.000000,0,-0
1.000000,1.000000,0,-0
1.000000,1.000000,0,-0
1.000000,1.000000,0,-0
0.915770,0.915770,0,-0
0.915770,0.915770,0,-0
0.915770,0.915770,0,-0
0.915770,0.915770,0,-0
0.915770,0.915770,0,-0
0.915770,0.915770,0,-0
0.915770,0.915770,0,-0
0.915770,0.915770,0,-0
0.915770,0.915770,0,-0
0.915770,0.915770,0,-0
0.915770,0.915770,0,-0
0.915770,0.915770,0,-0
0.915770,0.915770,0,-0
0.915770,0.915770,0,-0
0.915770,0.915770,0,-0
0.915770,0.915770,0,-0
0.915770,0.915770,0,-0
0.915770,0.915770,0,-0
0.915770,0.915770,0,-0
0.915770,0.915770,0,-0
0.915770,0.915770,0,-0
0.915770,0.915770,0,-0
0.915770,0.915770,0,-0
0.915770,0.915770,0,-0
0.915770,0.915770,0,-0
0.915770,0.915770,0,-0
1.000000,1.000000,0,-0
1.000000,1.000000,0,-0
1.000000,1.000000,0,-0
1.000000,1.000000,0,-0
1.000000,1.000000,0,-0
1.000000,1.000000,0,-0
1.000000,1.000000,0,-0
1.000000,1.000000,0,-0
1.000000,1.000000,0,-0
0.915770,0.915770,0,-0
0.915770,0.915770,0,-0
0.915770,0.915770,0,-0
0.915770,0.915770,0,-0
1.000000,1.000000,0,-0
1.000000,1.000000,0,-0
1.000000,1.000000,0,-0
1.000000,1.000000,0,-0
1.000000,1.000000,0,-0
1.000000,1.000000,0,-0
1.000000,1.000000,0,-0
1.000000,1.000000,0,-0
1.000000,1.000000,0,-0
1.000000,1.000000,0,-0
1.000000,1.000000,0,-0
1.000000,1.000000,0,-0
1.000000,1.000000,0,-0
0.915770,0.915770,0,-0
0.915770,0.915770,0,-0
0.915770,0.915770,0,-0
0.915770,0.915770,0,-0
0.915770,0.915770,0,-0
0.915770,0.915770,0,-0
0.915770,0.915770,0,-0
0.915770,0.915770,0,-0
0.915770,0.915770,0,-0
0.915770,0.915770,0,-0
0.915770,0.915770,0,-0
0.915770,0.915770,0,-0
0.915770,0.915770,0,-0
0.915770,0.915770,0,-0
0.915770,0.915770,0,-0
0.915770,0.915770,0,-0
0.915770,0.915770,0,-0
0.915770,0.915770,0,-0
0.915770,0.915770,0,-0
0.915770,0.915770,0,-0
0.915770,0.915770,0,-0
0.915770,0.915770,0,-0
0.915770,0.915770,0,-0
0.915770,0.915770,0,-0
0.915770,0.915770,0,-0
0.915770,0.915770,0,-0
1.000000,1.000000,0,-0
1.000000,1.000000,0,-0
1.000000,1.000000,0,-0
1.000000,1.000000,0,-0
1.000000,1.000000,0,-0
1.000000,1.000000,0,-0
1.000000,1.000000,0,-0
1.000000,1.000000,0,-0
1.000000,1.000000,0,-0
1.000000,1.000000,0,-0
0.915770,0.915770,0,-0
0.915770,0.915770,0,-0
0.915770,0.915770,0,-0
0.915770,0.915770,0,-0
1.000000,1.000000,0,-0
1.000000,1.000000,0,-0
1.000000,1.000000,0,-0
1.000000,1.000000,0,-0
1.000000,1.000000,0,-0
1.000000,1.000000,0,-0
1.000000,1.000000,0,-0
1.000000,1.000000,0,-0
1.000000,1.000000,0,-0
1.000000,1.000000,0,-0
1.000000,1.000000,0,-0
1.000000,1.000000,0,-0
1.000000,1.000000,0,-0
0.915770,0.915770,0,-0
0.915770,0.915770,0,-0
0.915770,0.915770,0,-0
0.915770,0.915770,0,-0
0.915770,0.915770,0,-0
0.915770,0.915770,0,-0
0.915770,0.915770,0,-0
0.915770,0.915770,0,-0
0.915770,0.915770,0,-0
0.915770,0.915770,0,-0
0.915770,0.915770,0,-0
0.915770,0.915770,0,-0
0.915770,0.915770,0,-0
0.915770,0.915770,0,-0
0.915770,0.915770,0,-0
0.915770,0.915770,0,-0
0.915770,0.915770,0,-0
0.915770,0.915770,0,-0
0.915770,0.915770,0,-0
0.915770,0.915770,0,-0
0.915770,0.915770,0,-0
0.915770,0.915770,0,-0
0.915770,0.915770,0,-0
0.915770,0.915770,0,-0
0.915770,0.915770,0,-0
0.915770,0.915770,0,-0
1.000000,1.000000,0,-0
1.000000,1.000000,0,-0
1.000000,1.000000,0,-0
1.000000,1.000000,0,-0
1.000000,1.000000,0,-0
1.000000,1.000000,0,-0
1.000000,1.000000,0,-0
1.000000,1.000000,0,-0
1.000000,1.000000,0,-0
0.915770,0.915770,0,-0
0.915770,0.915770,0,-0
0.915770,0.915770,0,-0
0.915770,0.915770,0,-0
1.000000,1.000000,0,-0
1.000000,1.000000,0,-0
1.000000,1.000000,0,-0
1.000000,1.000000,0,-0
1.000000,1.000000,0,-0
1.000000,1.000000,0,-0
1.000000,1.000000,0,-0
1.000000,1.000000,0,-0
1.000000,1.000000,0,-0
1.000000,1.000000,0,-0
1.000000,1.000000,0,-0
1.000000,1.000000,0,-0
1.000000,1.000000,0,-0
0.915770,0.915770,0,-0
0.915770,0.915770,0,-0
0.915770,0.915770,0,-0
0.915770,0.915770,0,-0
0.915770,0.915770,0,-0
0.915770,0.915770,0,-0
0.915770,0.915770,0,-0
0.915770,0.915770,0,-0
0.915770,0.915770,0,-0
0.915770,0.915770,0,-0
0.915770,0.915770,0,-0
0.915770,0.915770,0,-0
0.915770,0.915770,0,-0
0.915770,0.915770,0,-0
0.915770,0.915770,0,-0
0.915770,0.915770,0,-0
0.915770,0.915770,0,-0
0.915770,0.915770,0,-0
0.915770,0.915770,0,-0
0.915770,0.915770,0,-0
0.915770,0.915770,0,-0
0.915770,0.915770,0,-0
0.915770,0.915770,0,-0
0.915770,0.915770,0,-0
0.915770,0.915770,0,-0
0.915770,0.915770,0,-0
1.000000,1.000000,0,-0
1.000000,1.000000,0,-0
1.000000,1.000000,0,-0
1.000000,1.000000,0,-0
1.000000,1.000000,0,-0
1.000000,1.000000,0,-0
1.000000,1.000000,0,-0
1.000000,1.000000,0,-0
1.000000,1.000000,0,-0
0.915770,0.915770,0,-0
0.915770,0.915770,0,-0
0.915770,0.915770,0,-0
0.915770,0.915770,0,-0
1.000000,1.000000,0,-0
1.000000,1.000000,0,-0
1.000000,1.000000,0,-0
1.000000,1.000000,0,-0
1.000000,1.000000,0,-0
1.000000,1.000000,0,-0
1.000000,1.000000,0,-0
1.000000,1.000000,0,-0
1.000000,1.000000,0,-0
1.000000,1.000000,0,-0
1.000000,1.000000,0,-0
1.000000,1.000000,0,-0
1.000000,1.000000,0,-0
0.915770,0.915770,0,-0
0.915770,0.915770,0,-0
0.915770,0.915770,0,-0
0.915770,0.915770,0,-0
0.915770,0.915770,0,-0
0.915770,0.915770,0,-0
0.915770,0.915770,0,-0
0.915770,0.915770,0,-0
0.915770,0.915770,0,-0
0.915770,0.915770,0,-0
0.915770,0.915770,0,-0
0.915770,0.915770,0,-0
0.915770,0.915770,0,-0
0.915770,0.915770,0,-0
0.915770,0.915770,0,-0
0.915770,0.915770,0,-0
0.915770,0.915770,0,-0
0.915770,0.915770,0,-0
0.915770,0.915770,0,-0
0.915770,0.915770,0,-0
0.915770,0.915770,0,-0
0.915770,0.915770,0,-0
0.915770,0.915770,0,-0
0.915770,0.915770,0,-0
0.915770,0.915770,0,-0
0.915770,0.915770,0,-0
1.000000,1.000000,0,-0
1.000000,1.000000,0,-0
1.000000,1.000000,0,-0
1.000000,1.000000,0,-0
1.000000,1.000000,0,-0
1.000000,1.000000,0,-0
1.000000,1.000000,0,-0
1.000000,1.000000,0,-0
1.000000,1.000000,0,-0
0.915770,0.915770,0,-0
0.915770,0.915770,0,-0
0.915770,0.915770,0,-0
0.915770,0.915770,0,-0
1.000000,1.000000,0,-0
1.000000,1.000000,0,-0
1.000000,1.000000,0,-0
1.000000,1.000000,0,-0
1.000000,1.000000,0,-0
0.915770,0.915770,0,-0
0.915770,0.915770,0,-0
0.915770,0.915770,0,-0
1.000000,1.000000,0,-0
1.000000,1.000000,0,-0
1.000000,1.000000,0,-0
1.000000,1.000000,0,-0
1.000000,1.000000,0,-0
0.915770,0.915770,0,-0
0.915770,0.915770,0,-0
0.915770,0.915770,0,-0
0.915770,0.915770,0,-0
0.915770,0.915770,0,-0
0.915770,0.915770,0,-0
0.915770,0.915770,0,-0
0.915770,0.915770,0,-0
0.915770,0.915770,0,-0
0.915770,0.915770,0,-0
0.915770,0.915770,0,-0
0.915770,0.915770,0,-0
0.915770,0.915770,0,-0
0.915770,0.915770,0,-0
0.915770,0.915770,0,-0
0.915770,0.915770,0,-0
0.915770,0.915770,0,-0
0.915770,0.915770,0,-0
0.915770,0.915770,0,-0
0.915770,0.915770,0,-0
0.915770,0.915770,0,-0
0.915770,0.915770,0,-0
0.915770,0.915770,0,-0
0.915770,0.915770,0,-0
0.915770,0.915770,0,-0
0.915770,0.915770,0,-0
1.000000,1.000000,0,-0
1.000000,1.000000,0,-0
1.000000,1.000000,0,-0
1.000000,1.000000,0,-0
1.000000,1.000000,0,-0
1.000000,1.000000,0,-0
1.000000,1.000000,0,-0
1.000000,1.000000,0,-0
1.000000,1.000000,0,-0
0.915770,0.915770,0,-0
0.915770,0.915770,0,-0
0.915770,0.915770,0,-0
0.915770,0.915770,0,-0
1.000000,1.000000,0,-0
1.000000,1.000000,0,-0
1.000000,1.000000,0,-0
1.000000,1.000000,0,-0
1.000000,1.000000,0,-0
1.000000,1.000000,0,-0
1.000000,1.000000,0,-0
1.000000,1.000000,0,-0
1.000000,1.000000,0,-0
1.000000,1.000000,0,-0
1.000000,1.000000,0,-0
1.000000,1.000000,0,-0
1.000000,1.000000,0,-0
0.915770,0.915770,0,-0
0.915770,0.915770,0,-0
0.915770,0.915770,0,-0
0.915770,0.915770,0,-0
0.915770,0.915770,0,-0
0.915770,0.915770,0,-0
0.915770,0.915770,0,-0
0.915770,0.915770,0,-0
0.915770,0.915770,0,-0
0.915770,0.915770,0,-0
0.915770,0.915770,0,-0
0.915770,0.915770,0,-0
0.915770,0.915770,0,-0
0.915770,0.915770,0,-0
0.915770,0.915770,0,-0
0.915770,0.915770,0,-0
0.915770,0.915770,0,-0
0.915770,0.915770,0,-0
0.915770,0.915770,0,-0
0.915770,0.915770,0,-0
0.915770,0.915770,0,-0
0.915770,0.915770,0,-0
0.915770,0.915770,0,-0
0.915770,0.915770,0,-0
0.915770,0.915770,0,-0
0.915770,0.915770,0,-0
1.000000,1.000000,0,-0
1.000000,1.000000,0,-0
1.000000,1.000000,0,-0
1.000000,1.000000,0,-0
1.000000,1.000000,0,-0
0.915770,0.915770,0,-0
0.915770,0.915770,0,-0
0.915770,0.915770,0,-0
0.915770,0.915770,0,-0
0.915770,0.915770,0,-0
0.915770,0.915770,0,-0
0.915770,0.915770,0,-0
0.915770,0.915770,0,-0
1.000000,1.000000,0,-0
1.000000,1.000000,0,-0
1.000000,1.000000,0,-0
1.000000,1.000000,0,-0
1.000000,1.000000,0,-0
0.915770,0.915770,0,-0
0.915770,0.915770,0,-0
0.915770,0.915770,0,-0
0.915770,0.915770,0,-0
1.000000,1.000000,0,-0
1.000000,1.000000,0,-0
1.000000,1.000000,0,-0
1.000000,1.000000,0,-0
0.915770,0.915770,0,-0
0.915770,0.915770,0,-0
0.915770,0.915770,0,-0
0.915770,0.915770,0,-0
0.915770,0.915770,0,-0
0.915770,0.915770,0,-0
0.915770,0.915770,0,-0
0.915770,0.915770,0,-0
0.915770,0.915770,0,-0
0.915770,0.915770,0,-0
0.915770,0.915770,0,-0
0.915770,0.915770,0,-0
0.915770,0.915770,0,-0
0.915770,0.915770,0,-0
0.915770,0.915770,0,-0
0.915770,0.915770,0,-0
0.915770,0.915770,0,-0
0.915770,0.915770,0,-0
0.915770,0.915770,0,-0
0.915770,0.915770,0,-0
0.915770,0.915770,0,-0
0.915770,0.915770,0,-0
0.915770,0.915770,0,-0
0.915770,0.915770,0,-0
0.915770,0.915770,0,-0
0.915770,0.915770,0,-0
1.000000,1.000000,0,-0
1.000000,1.000000,0,-0
1.000000,1.000000,0,-0
1.000000,1.000000,0,-0
1.000000,1.000000,0,-0
1.000000,1.000000,0,-0
0.915770,0.915770,0,-0
0.915770,0.915770,0,-0
0.915770,0.915770,0,-0
0.915770,0.915770,0,-0
0.915770,0.915770,0,-0
0.915770,0.915770,0,-0
0.915770,0.915770,0,-0
0.915770,0.915770,0,-0
0.915770,0.915770,0,-0
0.915770,0.915770,0,-0
0.915770,0.915770,0,-0
0.915770,0.915770,0,-0
0.915770,0.915770,0,-0
0.915770,0.915770,0,-0
0.915770,0.915770,0,-0
0.915770,0.915770,0,-0
0.915770,0.915770,0,-0
0.915770,0.915770,0,-0
0.915770,0.915770,0,-0
0.915770,0.915770,0,-0
0.915770,0.915770,0,-0
0.915770,0.915770,0,-0
0.915770,0.915770,0,-0
0.915770,0.915770,0,-0
0.915770,0.915770,0,-0
0.915770,0.915770,0,-0
0.915770,0.915770,0,-0
0.915770,0.915770,0,-0
0.915770,0.915770,0,-0
0.915770,0.915770,0,-0
0.915770,0.915770,0,-0
0.915770,0.915770,0,-0
0.915770,0.915770,0,-0
0.915770,0.915770,0,-0
0.915770,0.915770,0,-0
0.915770,0.915770,0,-0
0.915770,0.915770,0,-0
0.915770,0.915770,0,-0
0.915770,0.915770,0,-0
0.915770,0.915770,0,-0
0.915770,0.915770,0,-0
0.915770,0.915770,0,-0
0.915770,0.915770,0,-0
0.915770,0.915770,0,-0
0.915770,0.915770,0,-0
0.915770,0.915770,0,-0
0.915770,0.915770,0,-0
1.000000,1.000000,0,-0
1.000000,1.000000,0,-0
1.000000,1.000000,0,-0
1.000000,1.000000,0,-0
1.000000,1.000000,0,-0
0.915770,0.915770,0,-0
0.915770,0.915770,0,-0
0.915770,0.915770,0,-0
0.915770,0.915770,0,-0
0.915770,0.915770,0,-0
0.915770,0.915770,0,-0
0.915770,0.915770,0,-0
0.915770,0.915770,0,-0
1.000000,1.000000,0,-0
1.000000,1.000000,0,-0
1.000000,1.000000,0,-0
1.000000,1.000000,0,-0
1.000000,1.000000,0,-0
0.915770,0.915770,0,-0
0.915770,0.915770,0,-0
0.915770,0.915770,0,-0
0.915770,0.915770,0,-0
1.000000,1.000000,0,-0
1.000000,1.000000,0,-0
1.000000,1.000000,0,-0
1.000000,1.000000,0,-0
0.915770,0.915770,0,-0
0.915770,0.915770,0,-0
0.915770,0.915770,0,-0
0.915770,0.915770,0,-0
0.915770,0.915770,0,-0
0.915770,0.915770,0,-0
0.915770,0.915770,0,-0
0.915770,0.915770,0,-0
0.915770,0.915770,0,-0
0.915770,0.915770,0,-0
0.915770,0.915770,0,-0
0.915770,0.915770,0,-0
0.915770,0.915770,0,-0
0.915770,0.915770,0,-0
0.915770,0.915770,0,-0
0.915770,0.915770,0,-0
0.915770,0.915770,0,-0
0.915770,0.915770,0,-0
0.915770,0.915770,0,-0
0.915770,0.915770,0,-0
0.915770,0.915770,0,-0
0.915770,0.915770,0,-0
0.915770,0.915770,0,-0
0.915770,0.915770,0,-0
0.915770,0.915770,0,-0
0.915770,0.915770,0,-0
1.000000,1.000000,0,-0
1.000000,1.000000,0,-0
1.000000,1.000000,0,-0
1.000000,1.000000,0,-0
1.000000,1.000000,0,-0
0.915770,0.915770,0,-0
0.915770,0.915770,0,-0
0.915770,0.915770,0,-0
0.915770,0.915770,0,-0
0.915770,0.915770,0,-0
0.915770,0.915770,0,-0
0.915770,0.915770,0,-0
0.915770,0.915770,0,-0
0.915770,0.915770,0,-0
1.000000,1.000000,0,-0
1.000000,1.000000,0,-0
1.000000,1.000000,0,-0
1.000000,1.000000,0,-0
0.915770,0.915770,0,-0
0.915770,0.915770,0,-0
0.915770,0.915770,0,-0
0.915770,0.915770,0,-0
1.000000,1.000000,0,-0
1.000000,1.000000,0,-0
1.000000,1.000000,0,-0
1.000000,1.000000,0,-0
0.915770,0.915770,0,-0
0.915770,0.915770,0,-0
0.915770,0.915770,0,-0
0.915770,0.915770,0,-0
0.915770,0.915770,0,-0
0.915770,0.915770,0,-0
0.915770,0.915770,0,-0
0.915770,0.915770,0,-0
0.915770,0.915770,0,-0
0.915770,0.915770,0,-0
0.915770,0.915770,0,-0
0.915770,0.915770,0,-0
0.915770,0.915770,0,-0
0.915770,0.915770,0,-0
0.915770,0.915770,0,-0
0.915770,0.915770,0,-0
0.915770,0.915770,0,-0
0.915770,0.915770,0,-0
0.915770,0.915770,0,-0
0.915770,0.915770,0,-0
0.915770,0.915770,0,-0
0.915770,0.915770,0,-0
0.915770,0.915770,0,-0
0.915770,0.915770,0,-0
0.915770,0.915770,0,-0
0.915770,0.915770,0,-0
1.000000,1.000000,0,-0
1.000000,1.000000,0,-0
1.000000,1.000000,0,-0
1.000000,1.000000,0,-0
1.000000,1.000000,0,-0
0.915770,0.915770,0,-0
0.915770,0.915770,0,-0
0.915770,0.915770,0,-0
0.915770,0.915770,0,-0
0.915770,0.915770,0,-0
0.915770,0.915770,0,-0
0.915770,0.915770,0,-0
0.915770,0.915770,0,-0
1.000000,1.000000,0,-0
1.000000,1.000000,0,-0
1.000000,1.000000,0,-0
1.000000,1.000000,0,-0
1.000000,1.000000,0,-0
0.915770,0.915770,0,-0
0.915770,0.915770,0,-0
0.915770,0.915770,0,-0
0.915770,0.915770,0,-0
1.000000,1.000000,0,-0
1.000000,1.000000,0,-0
1.000000,1.000000,0,-0
1.000000,1.000000,0,-0
0.915770,0.915770,0,-0
0.915770,0.915770,0,-0
0.915770,0.915770,0,-0
0.915770,0.915770,0,-0
0.915770,0.915770,0,-0
0.915770,0.915770,0,-0
0.915770,0.915770,0,-0
0.915770,0.915770,0,-0
0.915770,0.915770,0,-0
0.915770,0.915770,0,-0
0.915770,0.915770,0,-0
0.915770,0.915770,0,-0
0.915770,0.915770,0,-0
0.915770,0.915770,0,-0
0.915770,0.915770,0,-0
0.915770,0.915770,0,-0
0.915770,0.915770,0,-0
0.915770,0.915770,0,-0
0.915770,0.915770,0,-0
0.915770,0.915770,0,-0
0.915770,0.915770,0,-0
0.915770,0.915770,0,-0
0.915770,0.915770,0,-0
0.915770,0.915770,0,-0
0.915770,0.915770,0,-0
0.915770,0.915770,0,-0
1.000000,1.000000,0,-0
1.000000,1.000000,0,-0
1.000000,1.000000,0,-0
1.000000,1.000000,0,-0
1.000000,1.000000,0,-0
0.915770,0.915770,0,-0
0.915770,0.915770,0,-0
0.915770,0.915770,0,-0
0.915770,0.915770,0,-0
0.915770,0.915770,0,-0
0.915770,0.915770,0,-0
0.915770,0.915770,0,-0
0.915770,0.915770,0,-0
1.000000,1.000000,0,-0
1.000000,1.000000,0,-0
1.000000,1.000000,0,-0
1.000000,1.000000,0,-0
1.000000,1.000000,0,-0
0.915770,0.915770,0,-0
0.915770,0.915770,0,-0
0.915770,0.915770,0,-0
0.915770,0.915770,0,-0
1.000000,1.000000,0,-0
1.000000,1.000000,0,-0
1.000000,1.000000,0,-0
1.000000,1.000000,0,-0
0.915770,0.915770,0,-0
0.915770,0.915770,0,-0
0.915770,0.915770,0,-0
0.915770,0.915770,0,-0
0.915770,0.915770,0,-0
0.915770,0.915770,0,-0
0.915770,0.915770,0,-0
0.915770,0.915770,0,-0
0.915770,0.915770,0,-0
0.915770,0.915770,0,-0
0.915770,0.915770,0,-0
0.915770,0.915770,0,-0
0.915770,0.915770,0,-0
0.915770,0.915770,0,-0
0.915770,0.915770,0,-0
0.915770,0.915770,0,-0
0.915770,0.915770,0,-0
0.915770,0.915770,0,-0
0.915770,0.915770,0,-0
0.915770,0.915770,0,-0
0.915770,0.915770,0,-0
0.915770,0.915770,0,-0
0.915770,0.915770,0,-0
0.915770,0.915770,0,-0
0.915770,0.915770,0,-0
0.915770,0.915770,0,-0
1.000000,1.000000,0,-0
1.000000,1.000000,0,-0
1.000000,1.000000,0,-0
1.000000,1.000000,0,-0
1.000000,1.000000,0,-0
0.915770,0.915770,0,-0
0.915770,0.915770,0,-0
0.915770,0.915770,0,-0
0.915770,0.915770,0,-0
0.915770,0.915770,0,-0
0.915770,0.915770,0,-0
0.915770,0.915770,0,-0
0.915770,0.915770,0,-0
1.000000,1.000000,0,-0
1.000000,1.000000,0,-0
1.000000,1.000000,0,-0
1.000000,1.000000,0,-0
1.000000,1.000000,0,-0
0.915770,0.915770,0,-0
0.915770,0.915770,0,-0
0.915770,0.915770,0,-0
0.915770,0.915770,0,-0
1.000000,1.000000,0,-0
1.000000,1.000000,0,-0
1.000000,1.000000,0,-0
1.000000,1.000000,0,-0
0.915770,0.915770,0,-0
0.915770,0.915770,0,-0
0.915770,0.915770,0,-0
0.915770,0.915770,0,-0
0.915770,0.915770,0,-0
0.915770,0.915770,0,-0
0.915770,0.915770,0,-0
0.915770,0.915770,0,-0
0.915770,0.915770,0,-0
0.915770,0.915770,0,-0
0.915770,0.915770,0,-0
0.915770,0.915770,0,-0
0.915770,0.915770,0,-0
0.915770,0.915770,0,-0
0.915770,0.915770,0,-0
0.915770,0.915770,0,-0
0.915770,0.915770,0,-0
0.915770,0.915770,0,-0
0.915770,0.915770,0,-0
0.915770,0.915770,0,-0
0.915770,0.915770,0,-0
0.915770,0.915770,0,-0
0.915770,0.915770,0,-0
0.915770,0.915770,0,-0
0.915770,0.915770,0,-0
0.915770,0.915770,0,-0
1.000000,1.000000,0,-0
1.000000,1.000000,0,-0
1.000000,1.000000,0,-0
1.000000,1.000000,0,-0
1.000000,1.000000,0,-0
1.000000,1.000000,0,-0
0.915770,0.915770,0,-0
0.915770,0.915770,0,-0
0.915770,0.915770,0,-0
0.915770,0.915770,0,-0
0.915770,0.915770,0,-0
0.915770,0.915770,0,-0
0.915770,0.915770,0,-0
0.915770,0.915770,0,-0
1.000000,1.000000,0,-0
1.000000,1.000000,0,-0
1.000000,1.000000,0,-0
1.000000,1.000000,0,-0
1.000000,1.000000,0,-0
0.915770,0.915770,0,-0
0.915770,0.915770,0,-0
0.915770,0.915770,0,-0
0.915770,0.915770,0,-0
1.000000,1.000000,0,-0
1.000000,1.000000,0,-0
1.000000,1.000000,0,-0
1.000000,1.000000,0,-0
0.915770,0.915770,0,-0
0.915770,0.915770,0,-0
0.915770,0.915770,0,-0
0.915770,0.915770,0,-0
0.915770,0.915770,0,-0
0.915770,0.915770,0,-0
0.915770,0.915770,0,-0
0.915770,0.915770,0,-0
0.915770,0.915770,0,-0
0.915770,0.915770,0,-0
0.915770,0.915770,0,-0
0.915770,0.915770,0,-0
0.915770,0.915770,0,-0
0.915770,0.915770,0,-0
0.915770,0.915770,0,-0
0.915770,0.915770,0,-0
0.915770,0.915770,0,-0
0.915770,0.915770,0,-0
0.915770,0.915770,0,-0
0.915770,0.915770,0,-0
0.915770,0.915770,0,-0
0.915770,0.915770,0,-0
0.915770,0.915770,0,-0
0.915770,0.915770,0,-0
0.915770,0.915770,0,-0
0.915770,0.915770,0,-0
1.000000,1.000000,0,-0
1.000000,1.000000,0,-0
1.000000,1.000000,0,-0
1.000000,1.000000,0,-0
1.000000,1.000000,0,-0
0.915770,0.915770,0,-0
0.915770,0.915770,0,-0
0.915770,0.915770,0,-0
0.915770,0.915770,0,-0
0.915770,0.915770,0,-0
0.915770,0.915770,0,-0
0.915770,0.915770,0,-0
0.915770,0.915770,0,-0
1.000000,1.000000,0,-0
1.000000,1.000000,0,-0
1.000000,1.000000,0,-0
1.000000,1.000000,0,-0
1.000000,1.000000,0,-0
0.915770,0.915770,0,-0
0.915770,0.915770,0,-0
0.915770,0.915770,0,-0
0.915770,0.915770,0,-0
1.000000,1.000000,0,-0
1.000000,1.000000,0,-0
1.000000,1.000000,0,-0
1.000000,1.000000,0,-0
0.915770,0.915770,0,-0
0.915770,0.915770,0,-0
0.915770,0.915770,0,-0
0.915770,0.915770,0,-0
0.915770,0.915770,0,-0
0.915770,0.915770,0,-0
0.915770,0.915770,0,-0
0.915770,0.915770,0,-0
0.915770,0.915770,0,-0
0.915770,0.915770,0,-0
0.915770,0.915770,0,-0
0.915770,0.915770,0,-0
0.915770,0.915770,0,-0
0.915770,0.915770,0,-0
0.915770,0.915770,0,-0
0.915770,0.915770,0,-0
0.915770,0.915770,0,-0
0.915770,0.915770,0,-0
0.915770,0.915770,0,-0
0.915770,0.915770,0,-0
0.915770,0.915770,0,-0
0.915770,0.915770,0,-0
0.915770,0.915770,0,-0
0.915770,0.915770,0,-0
0.915770,0.915770,0,-0
0.915770,0.915770,0,-0
1.000000,1.000000,0,-0
1.000000,1.000000,0,-0
1.000000,1.000000,0,-0
1.000000,1.000000,0,-0
1.000000,1.000000,0,-0
0.915770,0.915770,0,-0
0.915770,0.915770,0,-0
0.915770,0.915770,0,-0
0.915770,0.915770,0,-0
0.915770,0.915770,0,-0
0.915770,0.915770,0,-0
0.915770,0.915770,0,-0
0.915770,0.915770,0,-0
1.000000,1.000000,0,-0
1.000000,1.000000,0,-0
1.000000,1.000000,0,-0
1.000000,1.000000,0,-0
1.000000,1.000000,0,-0
0.915770,0.915770,0,-0
0.915770,0.915770,0,-0
0.915770,0.915770,0,-0
0.915770,0.915770,0,-0
1.000000,1.000000,0,-0
1.000000,1.000000,0,-0
1.000000,1.000000,0,-0
1.000000,1.000000,0,-0
0.915770,0.915770,0,-0
0.915770,0.915770,0,-0
0.915770,0.915770,0,-0
0.915770,0.915770,0,-0
0.915770,0.915770,0,-0
0.915770,0.915770,0,-0
0.915770,0.915770,0,-0
0.915770,0.915770,0,-0
0.915770,0.915770,0,-0
0.915770,0.915770,0,-0
0.915770,0.915770,0,-0
0.915770,0.915770,0,-0
0.915770,0.915770,0,-0
0.915770,0.915770,0,-0
0.915770,0.915770,0,-0
0.915770,0.915770,0,-0
0.915770,0.915770,0,-0
0.915770,0.915770,0,-0
0.915770,0.915770,0,-0
0.915770,0.915770,0,-0
0.915770,0.915770,0,-0
0.915770,0.915770,0,-0
0.915770,0.915770,0,-0
0.915770,0.915770,0,-0
0.915770,0.915770,0,-0
0.915770,0.915770,0,-0
1.000000,1.000000,0,-0
1.000000,1.000000,0,-0
1.000000,1.000000,0,-0
1.000000,1.000000,0,-0
1.000000,1.000000,0,-0
0.915770,0.915770,0,-0
0.915770,0.915770,0,-0
0.915770,0.915770,0,-0
0.915770,0.915770,0,-0
0.915770,0.915770,0,-0
0.915770,0.915770,0,-0
0.915770,0.915770,0,-0
0.915770,0.915770,0,-0
1.000000,1.000000,0,-0
1.000000,1.000000,0,-0
1.000000,1.000000,0,-0
1.000000,1.000000,0,-0
1.000000,1.000000,0,-0
0.915770,0.915770,0,-0
0.915770,0.915770,0,-0
0.915770,0.915770,0,-0
0.915770,0.915770,0,-0
1.000000,1.000000,0,-0
1.000000,1.000000,0,-0
1.000000,1.000000,0,-0
1.000000,1.000000,0,-0
0.915770,0.915770,0,-0
0.915770,0.915770,0,-0
0.915770,0.915770,0,-0
0.915770,0.915770,0,-0
0.915770,0.915770,0,-0
0.915770,0.915770,0,-0
0.915770,0.915770,0,-0
0.915770,0.915770,0,-0
0.915770,0.915770,0,-0
0.915770,0.915770,0,-0
0.915770,0.915770,0,-0
0.915770,0.915770,0,-0
0.915770,0.915770,0,-0
0.915770,0.915770,0,-0
0.915770,0.915770,0,-0
0.915770,0.915770,0,-0
0.915770,0.915770,0,-0
0.915770,0.915770,0,-0
0.915770,0.915770,0,-0
0.915770,0.915770,0,-0
0.915770,0.915770,0,-0
0.915770,0.915770,0,-0
0.915770,0.915770,0,-0
0.915770,0.915770,0,-0
0.915770,0.915770,0,-0
