0volume,0demand,0up_spill,0ww_inflow,0catch_inflow,0evap,0ds_spill,0treat_cap,1volume,1demand,1up_spill,1ww_inflow,1catch_inflow,1evap,1ds_spill,1treat_cap,2volume,2s_area,2demand,2up_spill,2ww_inflow,2catch_inflow,2evap,2ds_spill,2treat_cap,2valloc_0,2talloc_0,2valloc_1,2talloc_1,3volume,3demand,3up_spill,3ww_inflow,3catch_inflow,3evap,3ds_spill,3treat_cap,3valloc_1,3talloc_1,3valloc_2,3talloc_2,4demand,4up_spill,4ww_inflow,4catch_inflow,4ds_spill,4treat_cap,11volume,11s_area,11demand,11up_spill,11ww_inflow,11catch_inflow,11evap,11ds_spill,11treat_cap
71.5252,2.09704,0,0,1.97516,0.280036,0.36288,3.6288,61.308,0,0,0,0.631671,0.226344,0.405327,0.66528,12.849,1,0.372733,0.36288,0,38.1627,5.03107,33.1218,0.84672,12.849,0.84672,3695.15,0,36.966,0,0.728446,0,3.46685,1.30773,2.88757,0.42336,36.966,0.42336,423.524,0,1.43262,0,0,2.16106,0.728446,1.028160,1,0,36.4147,0,0,0,36.4147,0
72.29,2.09454,0,0,6.70402,0.278411,3.56627,3.6288,61.308,0.252694,0,0,0.986602,0.226344,0.507564,0.66528,12.849,1,0.376269,3.56627,0,84.4712,5.03107,82.6301,0.84672,12.849,0.84672,3695.15,0,36.966,0.152363,2.6127,1.56967,10.4892,1.30773,13.2115,0.42336,36.966,0.42336,423.524,0,1.02816,0,0,3.64086,2.6127,1.028160,1,0,96.3492,0,0,0,96.3492,0
72.29,2.0988,0,0,6.50272,0.285735,4.11819,3.6288,61.308,0.253069,0,0,1.45551,0.219326,0.983117,0.66528,12.849,1,0.373045,4.11819,0,208.107,4.64743,207.205,0.84672,12.849,0.84672,3695.15,0,36.966,0.152589,4.33551,1.57033,5.86249,1.20445,10.4113,0.42336,36.966,0.42336,423.524,0,1.02816,0,0,5.36367,4.33551,1.028160,1,0,218.599,0,0,0,218.599,0
72.29,2.09968,0,0,3.52087,0.29001,1.13118,3.6288,61.308,0.253443,0,0,0.886749,0.214063,0.419243,0.66528,12.849,1,0.373202,1.13118,0,74.3239,4.35971,70.7222,0.84672,12.849,0.84672,3695.15,0,36.966,0.152815,2.20975,1.57099,3.74655,1.12699,6.24748,0.42336,36.966,0.42336,423.524,0,1.02816,0,0,3.23791,2.20975,1.028160,1,0,77.3889,0,0,0,77.3889,0
72.29,2.30544,0,0,4.95625,0.265651,2.38516,3.6288,61.308,0.359079,0,0,1.35483,0.194362,0.801389,0.66528,12.849,1,0.409775,2.38516,0,101.179,3.24598,99.9081,0.84672,12.849,0.84672,3695.15,0,36.966,0.216508,3.30519,1.57165,7.17668,0.870474,10.9665,0.42336,36.966,0.42336,423.524,0,1.02816,0,0,4.33335,3.30519,1.028160,1,0,111.676,0,0,0,111.676,0
72.29,2.30641,0,0,8.07042,0.283272,5.48074,3.6288,61.308,0.359498,0,0,1.65746,0.186626,1.11134,0.66528,12.849,1,0.409946,5.48074,0,209.132,3.28587,210.917,0.84672,12.849,0.84672,3695.15,0,36.966,0.216761,5.51121,1.74789,13.9833,0.884967,20.1407,0.42336,36.966,0.42336,423.524,0,1.02816,0,0,6.53937,5.51121,1.028160,1,0,232.169,0,0,0,232.169,0
72.29,2.30737,0,0,5.12469,0.297629,2.51969,3.6288,61.308,0.359917,0,0,1.23232,0.189441,0.682965,0.66528,12.849,1,0.410118,2.51969,0,157.223,3.63594,155.697,0.84672,12.849,0.84672,3695.15,0,36.966,0.217014,3.05394,1.74862,8.80546,0.96772,12.4233,0.42336,36.966,0.42336,423.524,0,1.02816,0,0,4.0821,3.05394,1.028160,1,0,168.803,0,0,0,168.803,0
72.29,2.30834,0,0,3.5219,0.297629,0.915931,3.6288,61.308,0.360336,0,0,0.863162,0.189441,0.313384,0.66528,12.849,1,0.41029,0.915931,0,93.0969,3.63594,89.9666,0.84672,12.849,0.84672,3695.15,0,36.966,0.217267,1.76836,1.74935,5.94411,0.96772,8.27683,0.42336,36.966,0.42336,423.524,0,1.02816,0,0,2.79652,1.76836,1.028160,1,0,98.5568,0,0,0,98.5568,0
72.29,2.01659,0,0,6.59095,0.32734,4.24703,3.6288,61.308,0.219258,0,0,3.63103,0.195296,3.21647,0.66528,12.849,1,0.358433,4.24703,0,123.066,3.47172,123.482,0.84672,12.849,0.84672,3695.15,0,36.966,0.132203,4.6365,1.75008,16.5975,0.872081,21.9798,0.42336,36.966,0.42336,423.524,0,1.02816,0,0,5.66466,4.6365,1.028160,1,0,148.679,0,0,0,148.679,0
72.29,2.01743,0,0,8.61028,0.349623,6.24323,3.6288,61.308,0.219618,0,0,4.81899,0.199687,4.39968,0.66528,12.849,1,0.358583,6.24323,0,264.74,3.34856,267.276,0.84672,12.849,0.84672,3695.15,0,36.966,0.13242,6.9681,1.51097,19.2717,0.800351,26.818,0.42336,36.966,0.42336,423.524,0,1.02816,0,0,7.99626,6.9681,1.028160,1,0,298.494,0,0,0,298.494,0
72.29,2.01827,0,0,7.55397,0.349623,5.18607,3.6288,61.308,0.219979,0,0,3.69918,0.199687,3.27952,0.66528,12.849,1,0.358733,5.18607,0,266.88,3.34856,268.359,0.84672,12.849,0.84672,3695.15,0,36.966,0.132637,5.69261,1.51161,15.9821,0.800351,22.2533,0.42336,36.966,0.42336,423.524,0,1.02816,0,0,6.72077,5.69261,1.028160,1,0,293.892,0,0,0,293.892,0
72.29,2.01912,0,0,5.63942,0.328205,3.2921,3.6288,61.308,0.220339,0,0,2.50193,0.215405,2.06618,0.66528,12.849,1,0.358883,3.2921,0,195.963,3.50653,195.39,0.84672,12.849,0.84672,3695.15,0,36.966,0.132855,3.08597,1.51224,11.7004,0.859769,15.306,0.42336,36.966,0.42336,423.524,0,1.02816,0,0,4.11413,3.08597,1.028160,1,0,212.762,0,0,0,212.762,0
72.29,2.01996,0,0,5.01015,0.250123,2.74007,3.6288,61.308,0.2207,0,0,2.2894,0.236136,1.83257,0.66528,12.849,1,0.359033,2.74007,0,153.986,4.08714,152.28,0.84672,12.849,0.84672,3695.15,0,36.966,0.133072,2.44382,1.51287,8.98888,1.02316,11.7893,0.42336,36.966,0.42336,423.524,0,1.02816,0,0,3.47198,2.44382,1.028160,1,0,165.902,0,0,0,165.902,0
72.29,2.09464,0,0,4.88547,0.310071,2.48076,3.6288,61.308,0.255748,0,0,2.93315,0.171306,2.5061,0.66528,12.849,1,0.372307,2.48076,0,127.774,3.11787,126.765,0.84672,12.849,0.84672,3695.15,0,36.966,0.154205,3.83691,1.5135,8.36119,0.707701,12.8497,0.42336,36.966,0.42336,423.524,0,1.02816,0,0,4.86507,3.83691,1.028160,1,0,142.121,0,0,0,142.121,0
72.29,2.09552,0,0,3.81674,0.310071,1.41115,3.6288,61.308,0.256124,0,0,2.40704,0.171306,1.97961,0.66528,12.849,1,0.372463,1.41115,0,87.6606,3.11787,85.5814,0.84672,12.849,0.84672,3695.15,0,36.966,0.154431,2.86821,1.57339,6.39651,0.707701,9.97598,0.42336,36.966,0.42336,423.524,0,1.02816,0,0,3.89637,2.86821,1.028160,1,0,97.537,0,0,0,97.537,0
72.29,2.0964,0,0,3.54364,0.310071,1.13718,3.6288,61.308,0.256499,0,0,2.25623,0.171306,1.82843,0.66528,12.849,1,0.372619,1.13718,0,80.3883,3.11787,78.035,0.84672,12.849,0.84672,3695.15,0,36.966,0.154658,3.09449,1.57405,5.36692,0.707701,9.1731,0.42336,36.966,0.42336,423.524,0,1.02816,0,0,4.12265,3.09449,1.028160,1,0,89.0365,0,0,0,89.0365,0
72.29,2.09727,0,0,3.73819,0.27407,1.36685,3.6288,61.308,0.256874,0,0,2.3989,0.175998,1.96603,0.66528,12.849,1,0.372774,1.36685,0,95.2111,2.83049,93.3747,0.84672,12.849,0.84672,3695.15,0,36.966,0.154884,3.76538,1.57471,6.14479,0.820593,10.5094,0.42336,36.966,0.42336,423.524,0,1.02816,0,0,4.79354,3.76538,1.028160,1,0,105.85,0,0,0,105.85,0
72.29,2.06923,0,0,3.79096,0.232289,1.48943,3.6288,61.308,0.243755,0,0,1.40675,0.208244,0.954749,0.66528,12.849,1,0.36779,1.48943,0,102.325,4.09994,99.347,0.84672,12.849,0.84672,3695.15,0,36.966,0.146973,2.62843,1.57537,6.84285,0.9668,9.93288,0.42336,36.966,0.42336,423.524,0,1.02816,0,0,3.65659,2.62843,1.028160,1,0,110.235,0,0,0,110.235,0
72.29,2.0701,0,0,3.13596,0.225326,0.840534,3.6288,61.308,0.244125,0,0,1.00983,0.213618,0.552083,0.66528,12.849,1,0.367944,0.840534,0,76.108,4.31151,72.2691,0.84672,12.849,0.84672,3695.15,0,36.966,0.147196,2.27591,1.55293,4.35622,0.991168,7.04669,0.42336,36.966,0.42336,423.524,0,1.02816,0,0,3.30407,2.27591,1.028160,1,0,79.8679,0,0,0,79.8679,0
72.29,2.07096,0,0,2.74609,0.225326,0.449798,3.6288,61.308,0.244495,0,0,0.95828,0.213618,0.500167,0.66528,12.849,1,0.368098,0.449798,0,67.0032,4.31151,62.7734,0.84672,12.849,0.84672,3695.15,0,36.966,0.14742,1.8837,1.55358,4.06183,0.991168,6.36052,0.42336,36.966,0.42336,423.524,0,1.02816,0,0,2.91186,1.8837,1.028160,1,0,69.6341,0,0,0,69.6341,0
72.0984,2.07183,0,0,2.46847,0.225326,0.36288,3.6288,61.308,0.244865,0,0,0.849087,0.213618,0.390604,0.66528,12.849,1,0.368252,0.36288,0,57.8984,4.31151,53.5815,0.84672,12.849,0.84672,3695.15,0,36.966,0.147643,1.55606,1.55423,3.5542,0.991168,5.52568,0.42336,36.966,0.42336,423.524,0,1.02816,0,0,2.58422,1.55606,1.028160,1,0,59.4978,0,0,0,59.4978,0
71.7174,2.17014,0,0,2.35007,0.198103,0.36288,3.6288,61.308,0.293172,0,0,0.761262,0.185254,0.282836,0.66528,12.849,1,0.386752,0.36288,0,52.8948,4.14047,48.7304,0.84672,12.849,0.84672,3695.15,0,36.966,0.17677,1.31859,1.55488,3.31204,0.911625,5.09711,0.42336,36.966,0.42336,423.524,0,1.02816,0,0,2.34675,1.31859,1.028160,1,0,54.1104,0,0,0,54.1104,0
71.5074,2.16931,0,0,2.46675,0.144585,0.36288,3.6288,61.308,0.293563,0,0,0.823245,0.204153,0.32553,0.66528,12.849,1,0.388657,0.36288,0,51.0782,4.96483,46.0876,0.84672,12.849,0.84672,3695.15,0,36.966,0.177005,1.7268,1.6366,3.88523,1.06061,6.01101,0.42336,36.966,0.42336,423.524,0,1.02816,0,0,2.75496,1.7268,1.028160,1,0,52.4241,0,0,0,52.4241,0
71.1364,2.16925,0,0,2.24252,0.081385,0.36288,3.6288,61.308,0.293953,0,0,0.698561,0.226681,0.177927,0.66528,12.849,1,0.389787,0.36288,0,48.3629,5.26712,43.0689,0.84672,12.849,0.84672,3695.15,0,36.966,0.177241,1.42284,1.63728,3.47585,1.12142,5.23732,0.42336,36.966,0.42336,423.524,0,1.02816,0,0,2.451,1.42284,1.028160,1,0,48.4841,0,0,0,48.4841,0
70.5853,2.16843,0,0,2.06135,0.0811545,0.36288,3.6288,61.308,0.294344,0,0,0.563165,0.226681,0.0421394,0.66528,12.849,1,0.391672,0.36288,0,44.3421,5.26712,39.0462,0.84672,12.849,0.84672,3695.15,0,36.966,0.177476,1.06263,1.63796,3.14951,1.12142,4.55121,0.42336,36.966,0.42336,423.524,0,1.02816,0,0,2.09079,1.06263,1.028160,1,0,43.6396,0,0,0,43.6396,0
69.9955,2.16675,0,0,2.02928,0.0894502,0.36288,3.6288,61.2657,0.294734,0,0,0.491879,0.239423,0,0.66528,12.849,1,0.394424,0.36288,0,41.7781,5.41899,36.3276,0.84672,12.849,0.84672,3695.15,0,36.966,0.177712,0.983664,1.63865,3.0512,1.17201,4.32379,0.42336,36.966,0.42336,423.524,0,1.02816,0,0,2.01182,0.983664,1.028160,1,0,40.6514,0,0,0,40.6514,0
69.3963,2.14545,0,0,2.00974,0.100608,0.36288,3.6288,61.308,0.321444,0,0,0.610053,0.228152,0.0181786,0.66528,12.849,1,0.393839,0.36288,0,46.4155,4.80018,41.5843,0.84672,12.849,0.84672,3695.15,0,36.966,0.19395,0.924091,1.63933,3.33095,1.17291,4.52752,0.42336,36.966,0.42336,423.524,0,1.02816,0,0,1.95225,0.924091,1.028160,1,0,46.13,0,0,0,46.13,0
68.6272,2.14348,0,0,1.83745,0.100142,0.36288,3.6288,61.308,0.321929,0,0,0.59542,0.228213,0.0452771,0.66528,12.849,1,0.396874,0.36288,0,45.76,4.80018,40.9259,0.84672,12.849,0.84672,3695.15,0,36.966,0.194109,0.959939,1.66841,3.29,1.17291,4.55133,0.42336,36.966,0.42336,423.524,0,1.02816,0,0,1.9881,0.959939,1.028160,1,0,45.5225,0,0,0,45.5225,0
67.7035,2.14062,0,0,1.67931,0.0995449,0.36288,3.6288,61.308,0.322331,0,0,0.556802,0.228213,0.00625782,0.66528,12.849,1,0.400787,0.36288,0,43.0415,4.80018,38.2034,0.84672,12.849,0.84672,3695.15,0,36.966,0.194351,0.670896,1.66911,3.13071,1.17291,4.10346,0.42336,36.966,0.42336,423.524,0,1.02816,0,0,1.69906,0.670896,1.028160,1,0,42.3131,0,0,0,42.3131,0
66.6674,2.13692,0,0,1.54416,0.0804484,0.36288,3.6288,61.2408,0.322733,0,0,0.527647,0.272089,0,0.66528,12.849,1,0.405552,0.36288,0,38.5367,5.36478,33.1293,0.84672,12.849,0.84672,3695.15,0,36.966,0.194594,0.672019,1.66981,2.98088,1.379,3.74911,0.42336,36.966,0.42336,423.524,0,1.02816,0,0,1.70018,0.672019,1.028160,1,0,36.8784,0,0,0,36.8784,0
65.7073,2.18229,0,0,1.65858,0.0734787,0.36288,3.6288,61.0894,0.346562,0,0,0.489955,0.294795,0,0.66528,12.849,1,0.4206,0.36288,0,40.7735,5.86863,34.8472,0.84672,12.849,0.84672,3695.15,0,36.966,0.209191,0.635429,1.6705,2.91868,1.52058,3.49484,0.42336,36.966,0.42336,423.524,0,1.02816,0,0,1.66359,0.635429,1.028160,1,0,38.342,0,0,0,38.342,0
64.73,2.17806,0,0,1.63946,0.0758401,0.36288,3.6288,60.9336,0.34665,0,0,0.481325,0.290487,0,0.66528,12.849,1,0.425918,0.36288,0,40.3277,5.90079,34.3639,0.84672,12.849,0.84672,3695.15,0,36.966,0.209763,0.681324,1.71151,2.99123,1.51539,3.65891,0.42336,36.966,0.42336,423.524,0,1.02816,0,0,1.70948,0.681324,1.028160,1,0,38.0228,0,0,0,38.0228,0
63.5701,2.1736,0,0,1.45184,0.0752481,0.36288,3.6288,60.7487,0.346728,0,0,0.451992,0.290201,0,0.66528,12.849,1,0.431463,0.36288,0,37.9961,5.90079,32.0268,0.84672,12.849,0.84672,3695.15,0,36.966,0.210346,0.563259,1.71223,2.96212,1.51539,3.51187,0.42336,36.966,0.42336,423.524,0,1.02816,0,0,1.59142,0.563259,1.028160,1,0,35.5386,0,0,0,35.5386,0
62.2836,2.16796,0,0,1.31884,0.0745456,0.36288,3.6288,60.5518,0.346741,0,0,0.439744,0.28986,0,0.66528,12.849,1,0.438195,0.36288,0,35.7671,5.90079,29.791,0.84672,12.849,0.84672,3695.15,0,36.966,0.210994,0.460469,1.71294,2.85638,1.51539,3.3034,0.42336,36.966,0.42336,423.524,0,1.02816,0,0,1.48863,0.460469,1.028160,1,0,33.0944,0,0,0,33.0944,0
60.6287,2.3057,0,0,1.07628,0.0625305,0.36288,3.6288,60.2581,0.431542,0,0,0.428764,0.290935,0,0.66528,12.849,1,0.475662,0.36288,0,31.8935,6.13478,25.646,0.84672,12.849,0.84672,3695.15,0,36.966,0.26345,0.456978,1.71365,2.58689,1.53147,2.96261,0.42336,36.966,0.42336,423.524,0,1.02816,0,0,1.48514,0.456978,1.028160,1,0,28.6086,0,0,0,28.6086,0
58.7186,2.29594,0,0,0.832326,0.0835909,0.36288,3.6288,59.9319,0.431191,0,0,0.37444,0.269411,0,0.66528,12.849,1,0.486578,0.36288,0,24.9232,5.87339,18.9261,0.84672,12.849,0.84672,3695.15,0,36.966,0.264519,0.429287,1.85253,1.96328,1.46651,2.51408,0.42336,36.966,0.42336,423.524,0,1.02816,0,0,1.45745,0.429287,1.028160,1,0,21.4402,0,0,0,21.4402,0
56.8044,2.28391,0,0,0.814692,0.0821041,0.36288,3.6288,59.5824,0.430745,0,0,0.350094,0.268852,0,0.66528,12.849,1,0.499772,0.36288,0,22.7432,5.87339,16.733,0.84672,12.849,0.84672,3695.15,0,36.966,0.265683,0.34744,1.85331,1.97052,1.46651,2.43908,0.42336,36.966,0.42336,423.524,0,1.02816,0,0,1.3756,0.34744,1.028160,1,0,19.172,0,0,0,19.172,0
55.2735,2.27112,0,0,1.18362,0.0805824,0.36288,3.6288,59.2862,0.430227,0,0,0.402268,0.268253,0,0.66528,12.849,1,0.513721,0.36288,0,25.9032,5.87339,19.8789,0.84672,12.849,0.84672,3695.15,0,36.966,0.26692,0.591926,1.85408,2.18475,1.46651,2.89733,0.42336,36.966,0.42336,423.524,0,1.02816,0,0,1.62009,0.591926,1.028160,1,0,22.7763,0,0,0,22.7763,0
54.2501,2.26052,0,0,1.70596,0.105943,0.36288,3.6288,59.1304,0.429848,0,0,0.532459,0.258487,0,0.66528,12.849,1,0.525485,0.36288,0,42.2622,5.74197,36.3576,0.84672,12.849,0.84672,3695.15,0,36.966,0.268018,0.728015,1.85485,2.4323,1.43999,3.30716,0.42336,36.966,0.42336,423.524,0,1.02816,0,0,1.75618,0.728015,1.028160,1,0,39.6648,0,0,0,39.6648,0
52.1961,2.18469,0,0,0.580203,0.0866058,0.36288,3.6288,58.5411,0.57678,0,0,0.242482,0.254953,0,0.66528,12.849,1,0.517437,0.36288,0,14.2406,5.55555,8.53051,0.84672,12.849,0.84672,3695.15,0,36.966,0.36058,0.204422,1.85562,1.37088,1.3634,1.70695,0.42336,36.966,0.42336,423.524,0,0.706303,0,0,0.910725,0.204422,1.028160,1,0,10.2375,0,0,0,10.2375,0
50.0586,2.16925,0,0,0.479452,0.0848057,0.36288,3.6288,57.8565,0.644256,0,0,0.213621,0.25399,0,0.66528,12.849,1,0.533999,0.36288,0,13.1483,5.55555,7.4216,0.84672,12.849,0.84672,3695.15,0,36.966,0.406818,0.216518,1.77627,1.26954,1.3634,1.49212,0.42336,36.966,0.42336,423.524,0,0.593274,0,0,0.809793,0.216518,1.028160,1,0,8.91371,0,0,0,8.91371,0
48.2715,2.152,0,0,0.891216,0.163427,0.36288,3.6288,57.4916,0.518509,0,0,0.332338,0.178719,0,0.66528,12.849,1,0.552373,0.36288,0,23.2152,4.5174,18.5084,0.84672,12.849,0.84672,3695.15,0,36.966,0.331289,0.216518,1.77701,2.20425,1.03891,2.82759,0.42336,36.966,0.42336,423.524,0,0.795234,0,0,1.01175,0.216518,1.028160,1,0,21.3359,0,0,0,21.3359,0
47.3552,2.13674,0,0,1.77517,0.191906,0.36288,3.6288,57.4731,0.375876,0,0,0.506143,0.148707,0,0.66528,12.849,1,0.568761,0.36288,0,46.5292,4.10214,42.2211,0.84672,12.849,0.84672,3695.15,0,36.966,0.241681,0.374017,1.77775,3.14927,0.909114,4.15025,0.42336,36.966,0.42336,423.524,0,1.02816,0,0,1.40218,0.374017,1.028160,1,0,46.3714,0,0,0,46.3714,0
45.6065,2.07397,0,0,0.860325,0.172164,0.36288,3.6288,57.0644,0.555807,0,0,0.340075,0.192983,0,0.66528,12.849,1,0.562736,0.36288,0,19.0046,4.32792,14.4769,0.84672,12.849,0.84672,3695.15,0,36.966,0.357488,0.216518,1.77849,2.21481,0.980424,2.87191,0.42336,36.966,0.42336,423.524,0,0.657357,0,0,0.873875,0.216518,1.028160,1,0,17.3488,0,0,0,17.3488,0
43.8851,2.05799,0,0,0.907822,0.208312,0.36288,3.6288,56.3739,0.746652,0,0,0.274748,0.218646,0,0.66528,12.849,1,0.579811,0.36288,0,15.0864,4.5654,10.3041,0.84672,12.849,0.84672,3695.15,0,36.966,0.42336,0.216518,1.7076,2.40079,1.12071,2.78084,0.42336,36.966,0.42336,423.524,0,0.401293,0,0,0.617812,0.216518,1.028160,1,0,13.0849,0,0,0,13.0849,0
42.2115,2.04125,0,0,0.934796,0.204294,0.36288,3.6288,56.1682,0.388727,0,0,0.400727,0.217665,0,0.66528,12.849,1,0.597652,0.36288,0,15.3062,4.5654,10.506,0.84672,12.849,0.84672,3695.15,0,36.966,0.2549,0.292723,1.70832,3.30351,1.12071,3.92894,0.42336,36.966,0.42336,423.524,0,0.928332,0,0,1.22105,0.292723,1.028160,1,0,14.435,0,0,0,14.435,0
42.2443,2.02393,0,0,2.61997,0.200388,0.36288,3.6288,56.8223,0.328354,0,0,1.19981,0.217373,0,0.66528,12.849,1,0.616074,0.36288,0,47.4095,4.5654,42.5909,0.84672,12.849,0.84672,3695.15,0,36.966,0.2161,1.45004,1.70903,6.85806,1.12071,8.68031,0.42336,36.966,0.42336,423.524,0,1.02816,0,0,2.4782,1.45004,1.028160,1,0,51.2712,0,0,0,51.2712,0
41.4835,1.87262,0,0,1.6973,0.222575,0.36288,3.6288,56.9893,0.347843,0,0,0.718318,0.203492,0,0.66528,12.849,1,0.569575,0.36288,0,35.1697,4.25238,30.7106,0.84672,12.849,0.84672,3695.15,0,36.966,0.226291,0.292723,1.70974,4.74809,1.00484,5.51943,0.42336,36.966,0.42336,423.524,0,0.841104,0,0,1.13383,0.292723,1.028160,1,0,36.2301,0,0,0,36.2301,0
40.392,1.86542,0,0,1.35287,0.216042,0.36288,3.6288,57.1148,0.235142,0,0,0.580638,0.219972,0,0.66528,12.849,1,0.57779,0.36288,0,56.1096,4.23161,51.6631,0.84672,12.849,0.84672,3695.15,0,36.966,0.152524,0.476358,1.55108,5.23365,0.930931,6.17763,0.42336,36.966,0.42336,423.524,0,1.02816,0,0,1.50452,0.476358,1.028160,1,0,57.8407,0,0,0,57.8407,0
39.8585,1.85434,0,0,1.89698,0.213272,0.36288,3.6288,57.3779,0.235703,0,0,0.718966,0.220151,0,0.66528,12.849,1,0.589881,0.36288,0,60.8061,4.23161,56.3475,0.84672,12.849,0.84672,3695.15,0,36.966,0.152552,1.05143,1.55173,6.46392,0.930931,7.98359,0.42336,36.966,0.42336,423.524,0,1.02816,0,0,2.07959,1.05143,1.028160,1,0,64.3311,0,0,0,64.3311,0
40.4587,1.84914,0,0,3.02003,0.207881,0.36288,3.6288,57.6484,0.236487,0,0,0.718398,0.211424,0,0.66528,12.849,1,0.596099,0.36288,0,76.5132,4.10058,72.1794,0.84672,12.849,0.84672,3695.15,0,36.966,0.152358,1.07958,1.55237,7.45891,0.916453,9.02205,0.42336,36.966,0.42336,423.524,0,1.02816,0,0,2.10774,1.07958,1.028160,1,0,81.2015,0,0,0,81.2015,0
43.1327,1.85663,0,0,5.07858,0.184981,0.36288,3.6288,57.9407,0.237281,0,0,0.686658,0.157077,0,0.66528,12.849,1,0.589633,0.36288,0,76.9185,3.31443,73.3773,0.84672,12.849,0.84672,3695.15,0,36.966,0.152152,0.953061,1.55302,7.71059,0.829587,9.23492,0.42336,36.966,0.42336,423.524,0,1.02816,0,0,1.98122,0.953061,1.028160,1,0,82.6122,0,0,0,82.6122,0
42.98,1.94463,0,0,2.39236,0.237649,0.36288,3.6288,58.7799,0.266097,0,0,1.27043,0.165172,0,0.66528,12.849,1,0.579293,0.36288,0,53.1982,3.95404,49.0277,0.84672,12.849,0.84672,3695.15,0,36.966,0.169769,0.617846,1.55366,4.7456,0.85987,5.88747,0.42336,36.966,0.42336,423.524,0,1.02816,0,0,1.64601,0.617846,1.028160,1,0,54.9152,0,0,0,54.9152,0
42.3433,1.94382,0,0,1.92315,0.253151,0.36288,3.6288,59.3913,0.291646,0,0,1.12437,0.221309,0,0.66528,12.849,1,0.581113,0.36288,0,52.4898,4.96303,47.3085,0.84672,12.849,0.84672,3695.15,0,36.966,0.183413,0.503194,1.60409,3.7784,1.18812,4.51415,0.42336,36.966,0.42336,423.524,0,0.989556,0,0,1.49275,0.503194,1.028160,1,0,51.8227,0,0,0,51.8227,0
42.6144,1.9379,0,0,2.82318,0.25129,0.36288,3.6288,60.0927,0.269379,0,0,1.19301,0.222178,0,0.66528,12.849,1,0.588053,0.36288,0,57.092,4.96303,51.9038,0.84672,12.849,0.84672,3695.15,0,36.966,0.167666,0.659085,1.60473,4.89634,1.18812,5.80437,0.42336,36.966,0.42336,423.524,0,1.02816,0,0,1.68725,0.659085,1.028160,1,0,57.7082,0,0,0,57.7082,0
42.9075,1.94156,0,0,2.84964,0.252083,0.36288,3.6288,60.9799,0.270956,0,0,1.38126,0.223175,0,0.66528,12.849,1,0.585414,0.36288,0,69.6419,4.96303,64.4563,0.84672,12.849,0.84672,3695.15,0,36.966,0.166678,0.74628,1.60538,4.77972,1.18812,5.77658,0.42336,36.966,0.42336,423.524,0,1.02816,0,0,1.77444,0.74628,1.028160,1,0,70.2329,0,0,0,70.2329,0
47.0333,2.13517,0,0,6.85936,0.235479,0.36288,3.6288,61.308,0.380177,0,0,3.01176,0.21017,2.09328,0.66528,12.849,1,0.639394,0.36288,0,84.36,4.4323,79.6512,0.84672,12.849,0.84672,3695.15,0,36.966,0.230463,4.21317,1.60603,16.1762,1.15976,20.6051,0.42336,36.966,0.42336,423.524,0,1.02816,0,0,5.24133,4.21317,1.028160,1,0,102.35,0,0,0,102.35,0
47.8733,2.1801,0,0,3.60526,0.222314,0.36288,3.6288,61.308,0.381358,0,0,1.51595,0.191546,0.943044,0.66528,12.849,1,0.59558,0.36288,0,81.8692,3.72467,77.9118,0.84672,12.849,0.84672,3695.15,0,36.966,0.229942,0.646816,1.78609,5.80618,1.12194,6.8872,0.42336,36.966,0.42336,423.524,0,1.02816,0,0,1.67498,0.646816,1.028160,1,0,85.7421,0,0,0,85.7421,0
48.6039,2.18922,0,0,3.50705,0.224374,0.36288,3.6288,61.308,0.38177,0,0,2.06327,0.191546,1.48995,0.66528,12.849,1,0.587577,0.36288,0,92.2432,3.72467,88.2939,0.84672,12.849,0.84672,3695.15,0,36.966,0.23019,2.01092,1.78681,8.92719,1.12194,11.3728,0.42336,36.966,0.42336,423.524,0,1.02816,0,0,3.03908,2.01092,1.028160,1,0,101.157,0,0,0,101.157,0
49.3874,2.19709,0,0,3.58722,0.24368,0.36288,3.6288,61.308,0.382181,0,0,1.35878,0.180241,0.796356,0.66528,12.849,1,0.580826,0.36288,0,116.188,3.79032,112.18,0.84672,12.849,0.84672,3695.15,0,36.966,0.230438,1.30886,1.78753,6.61118,1.09319,8.38394,0.42336,36.966,0.42336,423.524,0,1.02816,0,0,2.33702,1.30886,1.028160,1,0,121.36,0,0,0,121.36,0
52.9099,1.92575,0,0,6.11533,0.304234,0.36288,3.6288,61.308,0.238013,0,0,2.98338,0.174357,2.57101,0.66528,12.849,1,0.501018,0.36288,0,111.455,3.37082,107.946,0.84672,12.849,0.84672,3695.15,0,36.966,0.143511,4.75145,1.78825,14.3146,1.01088,19.6999,0.42336,36.966,0.42336,423.524,0,1.02816,0,0,5.77961,4.75145,1.028160,1,0,130.217,0,0,0,130.217,0
56.7218,1.95338,0,0,6.47211,0.343945,0.36288,3.6288,61.308,0.238366,0,0,3.41412,0.154606,3.02115,0.66528,12.849,1,0.474371,0.36288,0,156.964,2.78281,154.069,0.84672,12.849,0.84672,3695.15,0,36.966,0.143724,3.81975,1.5439,15.2996,0.904277,19.6153,0.42336,36.966,0.42336,423.524,0,1.02816,0,0,4.84791,3.81975,1.028160,1,0,176.706,0,0,0,176.706,0
58.5775,1.98016,0,0,4.55617,0.357395,0.36288,3.6288,61.308,0.23872,0,0,2.42184,0.154606,2.02851,0.66528,12.849,1,0.44856,0.36288,0,139.541,2.78281,136.673,0.84672,12.849,0.84672,3695.15,0,36.966,0.143938,3.15761,1.54452,14.7036,0.904277,18.3576,0.42336,36.966,0.42336,423.524,0,1.02816,0,0,4.18577,3.15761,1.028160,1,0,157.059,0,0,0,157.059,0
61.4654,1.99262,0,0,5.53637,0.293045,0.36288,3.6288,61.308,0.239074,0,0,2.57817,0.112492,2.2266,0.66528,12.849,1,0.437081,0.36288,0,132.051,2.17245,129.805,0.84672,12.849,0.84672,3695.15,0,36.966,0.144151,3.45328,1.54514,14.7406,0.816599,18.7783,0.42336,36.966,0.42336,423.524,0,1.02816,0,0,4.48144,3.45328,1.028160,1,0,150.809,0,0,0,150.809,0
64.7876,2.01041,0,0,5.9964,0.30084,0.36288,3.6288,61.308,0.239428,0,0,3.33861,0.112492,2.98669,0.66528,12.849,1,0.420266,0.36288,0,159.936,2.17245,157.706,0.84672,12.849,0.84672,3695.15,0,36.966,0.144364,4.21595,1.54576,15.0298,0.816599,19.8305,0.42336,36.966,0.42336,423.524,0,1.02816,0,0,5.24411,4.21595,1.028160,1,0,180.523,0,0,0,180.523,0
67.8169,2.10335,0,0,5.824,0.328503,0.36288,3.6288,61.308,0.275223,0,0,2.48682,0.153358,2.05824,0.66528,12.849,1,0.417147,0.36288,0,136.117,2.95218,133.111,0.84672,12.849,0.84672,3695.15,0,36.966,0.165947,2.67844,1.54638,9.34727,0.847546,12.5586,0.42336,36.966,0.42336,423.524,0,1.02816,0,0,3.7066,2.67844,1.028160,1,0,147.728,0,0,0,147.728,0
70.0866,2.11987,0,0,5.089,0.336509,0.36288,3.6288,61.308,0.275592,0,0,3.15994,0.153358,2.73099,0.66528,12.849,1,0.401644,0.36288,0,87.2614,2.95218,84.2705,0.84672,12.849,0.84672,3695.15,0,36.966,0.166169,2.47692,1.60755,9.06975,0.847546,12.1405,0.42336,36.966,0.42336,423.524,0,1.02816,0,0,3.50508,2.47692,1.028160,1,0,99.142,0,0,0,99.142,0
71.7207,2.13172,0,0,4.47121,0.342508,0.36288,3.6288,61.308,0.27596,0,0,2.21583,0.153358,1.78651,0.66528,12.849,1,0.390809,0.36288,0,97.2933,2.95218,94.3132,0.84672,12.849,0.84672,3695.15,0,36.966,0.166392,1.83277,1.60819,8.02164,0.847546,10.4487,0.42336,36.966,0.42336,423.524,0,1.02816,0,0,2.86093,1.83277,1.028160,1,0,106.548,0,0,0,106.548,0
72.29,2.14013,0,0,3.79331,0.31127,0.772657,3.6288,61.308,0.276329,0,0,1.73941,0.172389,1.2907,0.66528,12.849,1,0.383411,0.772657,0,90.5213,3.18486,87.7257,0.84672,12.849,0.84672,3695.15,0,36.966,0.166614,1.39235,1.60884,7.81436,0.893347,9.75559,0.42336,36.966,0.42336,423.524,0,1.02816,0,0,2.42051,1.39235,1.028160,1,0,98.772,0,0,0,98.772,0
72.29,2.11401,0,0,4.08453,0.241121,1.7294,3.6288,61.308,0.26291,0,0,1.90706,0.210358,1.4338,0.66528,12.849,1,0.375749,1.7294,0,86.927,4.14102,84.1397,0.84672,12.849,0.84672,3695.15,0,36.966,0.158523,2.15095,1.60949,7.10167,0.99279,9.71079,0.42336,36.966,0.42336,423.524,0,1.02816,0,0,3.17911,2.15095,1.028160,1,0,95.2843,0,0,0,95.2843,0
72.29,2.11486,0,0,3.48374,0.223235,1.14565,3.6288,61.308,0.263274,0,0,1.21665,0.219836,0.73354,0.66528,12.849,1,0.3759,1.14565,0,75.4566,4.45368,71.7726,0.84672,12.849,0.84672,3695.15,0,36.966,0.158742,1.41256,1.58654,5.41172,1.01883,7.23325,0.42336,36.966,0.42336,423.524,0,1.02816,0,0,2.44072,1.41256,1.028160,1,0,79.7394,0,0,0,79.7394,0
72.29,2.11571,0,0,2.88583,0.223235,0.546885,3.6288,61.308,0.263637,0,0,1.11059,0.219836,0.627121,0.66528,12.849,1,0.376051,0.546885,0,65.1439,4.45368,60.861,0.84672,12.849,0.84672,3695.15,0,36.966,0.158961,1.20604,1.58717,4.801,1.01883,6.41642,0.42336,36.966,0.42336,423.524,0,1.02816,0,0,2.2342,1.20604,1.028160,1,0,67.9046,0,0,0,67.9046,0
72.191,2.11656,0,0,2.60366,0.223235,0.36288,3.6288,61.308,0.264,0,0,0.949795,0.219836,0.465958,0.66528,12.849,1,0.376202,0.36288,0,63.3182,4.45368,58.8512,0.84672,12.849,0.84672,3695.15,0,36.966,0.159181,0.66204,1.58781,4.89187,1.01883,5.96372,0.42336,36.966,0.42336,423.524,0,1.02816,0,0,1.6902,0.66204,1.028160,1,0,65.2809,0,0,0,65.2809,0
72.29,2.21739,0,0,3.24558,0.20753,0.721648,3.6288,61.308,0.313335,0,0,1.12815,0.213018,0.601798,0.66528,12.849,1,0.394665,0.721648,0,69.2848,4.37937,65.2324,0.84672,12.849,0.84672,3695.15,0,36.966,0.188927,0.886283,1.58845,4.98874,0.975471,6.29907,0.42336,36.966,0.42336,423.524,0,1.02816,0,0,1.91444,0.886283,1.028160,1,0,72.1332,0,0,0,72.1332,0
72.2132,2.21874,0,0,2.67366,0.168814,0.36288,3.6288,61.308,0.313718,0,0,1.06559,0.19597,0.5559,0.66528,12.849,1,0.394365,0.36288,0,49.4634,4.19359,45.2383,0.84672,12.849,0.84672,3695.15,0,36.966,0.189158,1.0375,1.6719,4.53298,0.867081,6.18614,0.42336,36.966,0.42336,423.524,0,1.02816,0,0,2.06566,1.0375,1.028160,1,0,51.9804,0,0,0,51.9804,0
71.7831,2.21928,0,0,2.32075,0.168716,0.36288,3.6288,61.308,0.314102,0,0,0.920817,0.19597,0.410745,0.66528,12.849,1,0.394879,0.36288,0,44.1774,4.19359,39.9519,0.84672,12.849,0.84672,3695.15,0,36.966,0.189389,0.828541,1.67258,4.07297,0.867081,5.51762,0.42336,36.966,0.42336,423.524,0,1.02816,0,0,1.8567,0.828541,1.028160,1,0,45.8802,0,0,0,45.8802,0
71.0794,2.21816,0,0,2.04547,0.168165,0.36288,3.6288,61.308,0.314485,0,0,0.811935,0.19597,0.30148,0.66528,12.849,1,0.397045,0.36288,0,41.7631,4.19359,37.5353,0.84672,12.849,0.84672,3695.15,0,36.966,0.189621,0.76261,1.67325,4.07552,0.867081,5.45468,0.42336,36.966,0.42336,423.524,0,1.02816,0,0,1.79077,0.76261,1.028160,1,0,43.2915,0,0,0,43.2915,0
70.2045,2.21572,0,0,1.86627,0.162557,0.36288,3.6288,61.308,0.314869,0,0,0.760406,0.200909,0.244628,0.66528,12.849,1,0.400535,0.36288,0,38.1943,4.29141,33.8653,0.84672,12.849,0.84672,3695.15,0,36.966,0.189852,0.677981,1.67392,3.92157,0.893774,5.18984,0.42336,36.966,0.42336,423.524,0,1.02816,0,0,1.70614,0.677981,1.028160,1,0,39.2997,0,0,0,39.2997,0
69.2809,2.19257,0,0,1.73743,0.105579,0.36288,3.6288,61.308,0.388479,0,0,0.681515,0.212799,0.0802366,0.66528,12.849,1,0.40129,0.36288,0,34.248,4.58031,29.6293,0.84672,12.849,0.84672,3695.15,0,36.966,0.234236,0.30119,1.67459,2.87411,1.05211,3.56355,0.42336,36.966,0.42336,423.524,0,0.954012,0,0,1.2552,0.30119,1.028160,1,0,33.2731,0,0,0,33.2731,0
68.2015,2.18894,0,0,1.57728,0.104827,0.36288,3.6288,61.2982,0.440796,0,0,0.643827,0.212799,0,0.66528,12.849,1,0.405966,0.36288,0,33.2301,4.58031,28.6067,0.84672,12.849,0.84672,3695.15,0,36.966,0.26578,0.261274,1.70427,2.70164,1.05211,3.34929,0.42336,36.966,0.42336,423.524,0,0.870782,0,0,1.13206,0.261274,1.028160,1,0,31.956,0,0,0,31.956,0
67.0038,2.18441,0,0,1.44427,0.094723,0.36288,3.6288,61.2061,0.470134,0,0,0.612763,0.234722,0,0.66528,12.849,1,0.411537,0.36288,0,29.305,4.86261,24.3937,0.84672,12.849,0.84672,3695.15,0,36.966,0.283515,0.261274,1.70495,2.62368,1.15516,3.15124,0.42336,36.966,0.42336,423.524,0,0.824342,0,0,1.08562,0.261274,1.028160,1,0,27.545,0,0,0,27.545,0
65.7543,2.17911,0,0,1.3635,0.0709874,0.36288,3.6288,61.0065,0.482097,0,0,0.57185,0.289396,0,0.66528,12.849,1,0.417877,0.36288,0,26.0643,5.56836,20.4409,0.84672,12.849,0.84672,3695.15,0,36.966,0.291167,0.261274,1.70564,2.50266,1.41277,2.76564,0.42336,36.966,0.42336,423.524,0,0.80536,0,0,1.06663,0.261274,1.028160,1,0,23.2066,0,0,0,23.2066,0
64.5053,2.22406,0,0,1.41045,0.0724635,0.36288,3.6288,60.884,0.450454,0,0,0.638023,0.310086,0,0.66528,12.849,1,0.434602,0.36288,0,28.2741,5.70132,22.5011,0.84672,12.849,0.84672,3695.15,0,36.966,0.272946,0.261274,1.70632,2.62176,1.45036,2.86605,0.42336,36.966,0.42336,423.524,0,0.894447,0,0,1.15572,0.261274,1.028160,1,0,25.3671,0,0,0,25.3671,0
63.3707,2.21793,0,0,1.51951,0.0733575,0.36288,3.6288,60.857,0.393987,0,0,0.692591,0.325626,0,0.66528,12.849,1,0.441796,0.36288,0,29.0297,5.80104,23.1498,0.84672,12.849,0.84672,3695.15,0,36.966,0.239211,0.261274,1.74818,2.82443,1.47855,3.11613,0.42336,36.966,0.42336,423.524,0,0.985297,0,0,1.24657,0.261274,1.028160,1,0,26.2659,0,0,0,26.2659,0
62.0443,2.21224,0,0,1.32141,0.0726863,0.36288,3.6288,60.7435,0.438728,0,0,0.650877,0.32557,0,0.66528,12.849,1,0.448552,0.36288,0,27.4651,5.80104,21.5784,0.84672,12.849,0.84672,3695.15,0,36.966,0.266494,0.227405,1.74888,2.74859,1.47855,2.97984,0.42336,36.966,0.42336,423.524,0,0.913922,0,0,1.14133,0.227405,1.028160,1,0,24.5582,0,0,0,24.5582,0
60.6211,2.20518,0,0,1.21681,0.0719017,0.36288,3.6288,60.5806,0.475309,0,0,0.637736,0.325336,0,0.66528,12.849,1,0.456679,0.36288,0,25.9035,5.80104,20.0087,0.84672,12.849,0.84672,3695.15,0,36.966,0.289254,0.227405,1.74958,2.72077,1.47855,2.92996,0.42336,36.966,0.42336,423.524,0,0.85523,0,0,1.08264,0.227405,1.028160,1,0,22.9386,0,0,0,22.9386,0
58.889,2.34395,0,0,1.02998,0.0553139,0.36288,3.6288,60.2884,0.596611,0,0,0.636777,0.332395,0,0.66528,12.849,1,0.496815,0.36288,0,24.937,6.02806,18.775,0.84672,12.849,0.84672,3695.15,0,36.966,0.364049,0.227405,1.75028,2.54993,1.46433,2.69924,0.42336,36.966,0.42336,423.524,0,0.799295,0,0,1.0267,0.227405,1.028160,1,0,21.4743,0,0,0,21.4743,0
57.1556,2.33289,0,0,1.04207,0.0796793,0.36288,3.6288,59.7297,0.866697,0,0,0.630824,0.322833,0,0.66528,12.849,1,0.509015,0.36288,0,23.0851,5.40739,17.5316,0.84672,12.849,0.84672,3695.15,0,36.966,0.42336,0.227405,1.8921,2.34012,1.38043,2.65583,0.42336,36.966,0.42336,423.524,0,0.470603,0,0,0.698008,0.227405,1.028160,1,0,20.1874,0,0,0,20.1874,0
55.3706,2.32122,0,0,0.980389,0.0812723,0.36288,3.6288,59.482,0.562059,0,0,0.623575,0.309223,0,0.66528,12.849,1,0.521827,0.36288,0,21.764,5.52153,16.0835,0.84672,12.849,0.84672,3695.15,0,36.966,0.347852,0.204422,1.89286,2.55855,1.42184,2.88614,0.42336,36.966,0.42336,423.524,0,0.851455,0,0,1.05588,0.204422,1.028160,1,0,18.9697,0,0,0,18.9697,0
53.5437,2.30849,0,0,0.924307,0.0798461,0.36288,3.6288,59.2476,0.523167,0,0,0.597558,0.308734,0,0.66528,12.849,1,0.535695,0.36288,0,22.0758,5.52153,16.3815,0.84672,12.849,0.84672,3695.15,0,36.966,0.32513,0.204422,1.89362,2.38937,1.42184,2.74044,0.42336,36.966,0.42336,423.524,0,0.913775,0,0,1.1182,0.204422,1.028160,1,0,19.1219,0,0,0,19.1219,0
51.7125,2.29467,0,0,0.904729,0.0783865,0.36288,3.6288,59.0089,0.528944,0,0,0.59846,0.308272,0,0.66528,12.849,1,0.550656,0.36288,0,20.9336,5.52153,15.2243,0.84672,12.849,0.84672,3695.15,0,36.966,0.33002,0.204422,1.89438,2.39721,1.42184,2.74415,0.42336,36.966,0.42336,423.524,0,0.903813,0,0,1.10824,0.204422,1.028160,1,0,17.9684,0,0,0,17.9684,0
50.2262,2.2104,0,0,1.14218,0.0552359,0.36288,3.6288,58.3991,0.777698,0,0,0.527838,0.359968,0,0.66528,12.849,1,0.549217,0.36288,0,24.612,5.83041,18.5952,0.84672,12.849,0.84672,3695.15,0,36.966,0.42336,0.204422,1.89514,2.61569,1.56584,2.72605,0.42336,36.966,0.42336,423.524,0,0.477576,0,0,0.681998,0.204422,1.028160,1,0,21.3213,0,0,0,21.3213,0
48.6229,2.19833,0,0,1.10202,0.144077,0.36288,3.6288,57.8297,0.838522,0,0,0.560854,0.291707,0,0.66528,12.849,1,0.562384,0.36288,0,23.0745,3.98998,18.885,0.84672,12.849,0.84672,3695.15,0,36.966,0.42336,0.216518,1.81406,2.54663,1.11328,3.04057,0.42336,36.966,0.42336,423.524,0,0.417424,0,0,0.633943,0.216518,1.028160,1,0,21.9256,0,0,0,21.9256,0
47.1698,2.18454,0,0,1.26578,0.171431,0.36288,3.6288,57.6222,0.689126,0,0,0.765435,0.283838,0,0.66528,12.849,1,0.577283,0.36288,0,23.3181,3.76961,19.3341,0.84672,12.849,0.84672,3695.15,0,36.966,0.42336,0.216518,1.81479,3.53157,1.08822,4.0513,0.42336,36.966,0.42336,423.524,0,0.567492,0,0,0.784011,0.216518,1.028160,1,0,23.3854,0,0,0,23.3854,0
45.6787,2.17143,0,0,1.21195,0.168732,0.36288,3.6288,57.3783,0.711165,0,0,0.750764,0.283457,0,0.66528,12.849,1,0.591496,0.36288,0,31.0909,3.76961,27.0926,0.84672,12.849,0.84672,3695.15,0,36.966,0.42336,0.216518,1.81552,3.53065,1.08822,4.05111,0.42336,36.966,0.42336,423.524,0,0.546126,0,0,0.762644,0.216518,1.028160,1,0,31.1438,0,0,0,31.1438,0
44.2853,2.1015,0,0,1.27793,0.206979,0.36288,3.6288,57.4186,0.489403,0,0,0.786345,0.256668,0,0.66528,12.849,1,0.591133,0.36288,0,39.0979,4.17712,34.6925,0.84672,12.849,0.84672,3695.15,0,36.966,0.315298,0.216518,1.81624,4.09484,1.07379,4.73851,0.42336,36.966,0.42336,423.524,0,0.799264,0,0,1.01578,0.216518,1.028160,1,0,39.431,0,0,0,39.431,0
42.4647,2.08792,0,0,0.887846,0.257588,0.36288,3.6288,56.6885,0.882349,0,0,0.373898,0.221604,0,0.66528,12.849,1,0.605792,0.36288,0,31.4842,4.72048,26.5208,0.84672,12.849,0.84672,3695.15,0,36.966,0.42336,0.216518,1.74382,3.85486,1.05456,4.33728,0.42336,36.966,0.42336,423.524,0,0.298898,0,0,0.515417,0.216518,1.028160,1,0,30.858,0,0,0,30.858,0
41.6012,2.06881,0,0,1.82037,0.252255,0.36288,3.6288,56.9161,0.377429,0,0,0.825574,0.220556,0,0.66528,12.849,1,0.62598,0.36288,0,48.6323,4.72048,43.6487,0.84672,12.849,0.84672,3695.15,0,36.966,0.246118,0.292723,1.74452,5.51165,1.05456,6.24823,0.42336,36.966,0.42336,423.524,0,0.981703,0,0,1.27443,0.292723,1.028160,1,0,49.897,0,0,0,49.897,0
42.5642,2.0597,0,0,3.63531,0.249725,0.36288,3.6288,57.9337,0.35025,0,0,1.58876,0.220882,0,0.66528,12.849,1,0.636163,0.36288,0,89.6488,4.72048,84.655,0.84672,12.849,0.84672,3695.15,0,36.966,0.227481,1.73519,1.74522,8.86734,1.05456,11.0657,0.42336,36.966,0.42336,423.524,0,1.02816,0,0,2.76335,1.73519,1.028160,1,0,95.7207,0,0,0,95.7207,0
43.0722,1.91557,0,0,3.06312,0.276613,0.36288,3.6288,58.8053,0.254569,0,0,1.35753,0.231394,0,0.66528,12.849,1,0.578261,0.36288,0,77.4079,4.35309,72.8395,0.84672,12.849,0.84672,3695.15,0,36.966,0.162434,1.02175,1.74592,7.38752,0.954697,9.03805,0.42336,36.966,0.42336,423.524,0,1.02816,0,0,2.04991,1.02175,1.028160,1,0,81.8775,0,0,0,81.8775,0
44.2018,1.92159,0,0,3.65224,0.238152,0.36288,3.6288,59.9747,0.256402,0,0,1.63346,0.207629,0,0.66528,12.849,1,0.573236,0.36288,0,105.712,4.29807,101.204,0.84672,12.849,0.84672,3695.15,0,36.966,0.161178,1.0001,1.58388,8.32619,1.09797,9.65102,0.42336,36.966,0.42336,423.524,0,1.02816,0,0,2.02826,1.0001,1.028160,1,0,110.855,0,0,0,110.855,0
45.9237,1.93372,0,0,4.25973,0.241254,0.36288,3.6288,61.308,0.258704,0,0,2.33782,0.209189,0.536656,0.66528,12.849,1,0.562111,0.36288,0,104.909,4.29807,100.411,0.84672,12.849,0.84672,3695.15,0,36.966,0.159454,1.10802,1.58451,9.64829,1.09797,11.0834,0.42336,36.966,0.42336,423.524,0,1.02816,0,0,2.13618,1.10802,1.028160,1,0,112.031,0,0,0,112.031,0
48.4646,1.95096,0,0,5.12852,0.273799,0.36288,3.6288,61.308,0.261228,0,0,1.88592,0.19905,1.42564,0.66528,12.849,1,0.54586,0.36288,0,162.539,3.82977,158.526,0.84672,12.849,0.84672,3695.15,0,36.966,0.157509,0.911425,1.58514,11.101,1.00284,12.4372,0.42336,36.966,0.42336,423.524,0,1.02816,0,0,1.93958,0.911425,1.028160,1,0,172.389,0,0,0,172.389,0
54.4466,1.97437,0,0,8.61227,0.293009,0.36288,3.6288,61.308,0.261588,0,0,3.82318,0.194283,3.36731,0.66528,12.849,1,0.523449,0.36288,0,225.303,3.64245,221.5,0.84672,12.849,0.84672,3695.15,0,36.966,0.157726,2.76429,1.58578,15.8525,0.964785,19.0801,0.42336,36.966,0.42336,423.524,0,1.02816,0,0,3.79245,2.76429,1.028160,1,0,243.947,0,0,0,243.947,0
56.244,2.08503,0,0,4.5211,0.275758,0.36288,3.6288,61.308,0.29115,0,0,1.20997,0.194792,0.724031,0.66528,12.849,1,0.492051,0.36288,0,88.2077,3.71423,84.3643,0.84672,12.849,0.84672,3695.15,0,36.966,0.175551,0.612377,1.58641,5.96874,1.07935,6.91263,0.42336,36.966,0.42336,423.524,0,1.02816,0,0,1.64054,0.612377,1.028160,1,0,92.0009,0,0,0,92.0009,0
56.2418,2.09864,0,0,2.7253,0.266051,0.36288,3.6288,61.0087,0.694939,0,0,0.590591,0.194995,0,0.66528,12.849,1,0.479436,0.36288,0,43.4672,3.74293,39.6077,0.84672,12.849,0.84672,3695.15,0,36.966,0.419017,0.503194,1.63787,3.30086,1.12517,3.89774,0.42336,36.966,0.42336,423.524,0,0.381482,0,0,0.884676,0.503194,1.028160,1,0,43.5055,0,0,0,43.5055,0
57.2516,2.09943,0,0,3.7443,0.272148,0.36288,3.6288,61.308,0.361947,0,0,1.25418,0.203349,0.389542,0.66528,12.849,1,0.479637,0.36288,0,82.9191,3.8067,78.9957,0.84672,12.849,0.84672,3695.15,0,36.966,0.219309,0.503194,1.63851,9.94889,1.14743,10.7239,0.42336,36.966,0.42336,423.524,0,0.91476,0,0,1.41795,0.503194,1.028160,1,0,90.1091,0,0,0,90.1091,0
58.5872,2.10716,0,0,4.1175,0.311862,0.36288,3.6288,61.308,0.292231,0,0,0.942529,0.256171,0.394126,0.66528,12.849,1,0.47291,0.36288,0,63.7473,4.18929,59.448,0.84672,12.849,0.84672,3695.15,0,36.966,0.176202,0.682621,1.63914,5.27797,1.28096,6.14256,0.42336,36.966,0.42336,423.524,0,1.02816,0,0,1.71078,0.682621,1.028160,1,0,65.9847,0,0,0,65.9847,0
58.6838,2.32328,0,0,3.09151,0.308742,0.36288,3.6288,61.308,0.557698,0,0,0.862272,0.252008,0.052566,0.66528,12.849,1,0.509529,0.36288,0,41.2627,4.09173,37.0243,0.84672,12.849,0.84672,3695.15,0,36.966,0.336267,0.503194,1.63977,3.569,1.23866,4.13704,0.42336,36.966,0.42336,423.524,0,0.779242,0,0,1.28244,0.503194,1.028160,1,0,41.2139,0,0,0,41.2139,0
58.7876,2.32487,0,0,3.0825,0.290988,0.36288,3.6288,61.308,0.498498,0,0,0.752976,0.241598,0.0128798,0.66528,12.849,1,0.509037,0.36288,0,45.2371,3.84783,41.2432,0.84672,12.849,0.84672,3695.15,0,36.966,0.300572,0.503194,1.82359,3.91583,1.13291,4.80913,0.42336,36.966,0.42336,423.524,0,0.874783,0,0,1.37798,0.503194,1.028160,1,0,46.0652,0,0,0,46.0652,0
60.1246,2.32651,0,0,4.31768,0.29128,0.36288,3.6288,61.2335,0.572546,0,0,0.739619,0.241598,0,0.66528,12.849,1,0.508496,0.36288,0,64.9795,3.84783,60.986,0.84672,12.849,0.84672,3695.15,0,36.966,0.34522,0.608429,1.82429,8.21891,1.13291,9.1735,0.42336,36.966,0.42336,423.524,0,0.756734,0,0,1.36516,0.608429,1.028160,1,0,70.1595,0,0,0,70.1595,0
62.1011,2.33672,0,0,4.97095,0.294863,0.36288,3.6288,61.308,0.403436,0,0,1.21414,0.217985,0.51819,0.66528,12.849,1,0.499372,0.36288,0,134.767,3.65032,130.98,0.84672,12.849,0.84672,3695.15,0,36.966,0.24355,0.937284,1.825,7.72804,1.03761,9.20917,0.42336,36.966,0.42336,423.524,0,1.02816,0,0,1.96544,0.937284,1.028160,1,0,140.707,0,0,0,140.707,0
63.4155,2.05282,0,0,4.03675,0.306598,0.36288,3.6288,61.308,0.256417,0,0,0.855388,0.188122,0.410848,0.66528,12.849,1,0.424738,0.36288,0,89.2154,3.36926,85.7843,0.84672,12.849,0.84672,3695.15,0,36.966,0.154608,0.620473,1.8257,4.94955,0.871603,6.36952,0.42336,36.966,0.42336,423.524,0,1.02816,0,0,1.64863,0.620473,1.028160,1,0,92.5647,0,0,0,92.5647,0
63.931,2.06094,0,0,3.26705,0.32772,0.36288,3.6288,61.308,0.340681,0,0,0.861728,0.191573,0.329473,0.66528,12.849,1,0.417579,0.36288,0,69.9015,3.32493,66.5219,0.84672,12.849,0.84672,3695.15,0,36.966,0.205416,0.608429,1.57621,5.22234,0.774295,6.42726,0.42336,36.966,0.42336,423.524,0,0.893644,0,0,1.50207,0.608429,1.028160,1,0,73.2786,0,0,0,73.2786,0
65.6867,2.06454,0,0,4.51222,0.329095,0.36288,3.6288,61.308,0.283829,0,0,0.797947,0.191573,0.322545,0.66528,12.849,1,0.414935,0.36288,0,80.1999,3.32493,76.823,0.84672,12.849,0.84672,3695.15,0,36.966,0.171136,0.558835,1.57682,5.9318,0.774295,7.12202,0.42336,36.966,0.42336,423.524,0,0.985331,0,0,1.54417,0.558835,1.028160,1,0,84.2675,0,0,0,84.2675,0
66.2144,2.07461,0,0,3.29158,0.326454,0.36288,3.6288,61.308,0.269725,0,0,0.781462,0.23322,0.278518,0.66528,12.849,1,0.405815,0.36288,0,62.24,4.25051,57.9465,0.84672,12.849,0.84672,3695.15,0,36.966,0.162632,0.558835,1.57743,5.63965,1.02659,6.58669,0.42336,36.966,0.42336,423.524,0,1.0085,0,0,1.56733,0.558835,1.028160,1,0,64.8117,0,0,0,64.8117,0
67.4849,2.07812,0,0,4.03638,0.324889,0.36288,3.6288,61.308,0.257804,0,0,0.911157,0.249878,0.403475,0.66528,12.849,1,0.403263,0.36288,0,66.7521,4.62073,62.091,0.84672,12.849,0.84672,3695.15,0,36.966,0.155444,0.562516,1.57803,5.65193,1.12751,6.50953,0.42336,36.966,0.42336,423.524,0,1.02816,0,0,1.59068,0.562516,1.028160,1,0,69.004,0,0,0,69.004,0
69.1151,2.1615,0,0,4.43742,0.282828,0.36288,3.6288,61.308,0.29433,0,0,1.01414,0.192442,0.527365,0.66528,12.849,1,0.411545,0.36288,0,104.385,4.64774,99.6886,0.84672,12.849,0.84672,3695.15,0,36.966,0.177468,0.791476,1.57864,6.66729,1.0341,7.82584,0.42336,36.966,0.42336,423.524,0,1.02816,0,0,1.81964,0.791476,1.028160,1,0,108.042,0,0,0,108.042,0
72.0245,2.17052,0,0,5.72159,0.278804,0.36288,3.6288,61.308,0.294691,0,0,1.35128,0.182869,0.873718,0.66528,12.849,1,0.403515,0.36288,0,138.218,4.65223,133.525,0.84672,12.849,0.84672,3695.15,0,36.966,0.177686,1.77286,1.64106,8.65348,1.01853,10.8712,0.42336,36.966,0.42336,423.524,0,1.02816,0,0,2.80102,1.77286,1.028160,1,0,145.27,0,0,0,145.27,0
72.29,2.18519,0,0,4.08681,0.285111,1.35098,3.6288,61.308,0.295052,0,0,1.02504,0.182869,0.547119,0.66528,12.849,1,0.389833,1.35098,0,95.828,4.65223,92.1369,0.84672,12.849,0.84672,3695.15,0,36.966,0.177903,0.759663,1.64169,6.5644,1.01853,7.76932,0.42336,36.966,0.42336,423.524,0,1.02816,0,0,1.78782,0.759663,1.028160,1,0,100.453,0,0,0,100.453,0
72.29,2.18725,0,0,3.50393,0.252593,1.06408,3.6288,61.308,0.295413,0,0,0.831237,0.192461,0.343363,0.66528,12.849,1,0.388767,1.06408,0,81.2333,4.66229,77.2463,0.84672,12.849,0.84672,3695.15,0,36.966,0.178121,0.547785,1.64232,5.24626,1.03159,6.22665,0.42336,36.966,0.42336,423.524,0,1.02816,0,0,1.57594,0.547785,1.028160,1,0,83.8163,0,0,0,83.8163,0
72.29,2.15794,0,0,2.96241,0.255528,0.548949,3.6288,61.308,0.281701,0,0,0.742548,0.203877,0.25697,0.66528,12.849,1,0.383557,0.548949,0,62.2224,5.02176,57.3661,0.84672,12.849,0.84672,3695.15,0,36.966,0.169853,0.620188,1.64295,4.7239,1.05462,5.76257,0.42336,36.966,0.42336,423.524,0,1.02816,0,0,1.64835,0.620188,1.028160,1,0,63.3856,0,0,0,63.3856,0
72.1426,2.15877,0,0,2.58231,0.208086,0.36288,3.6288,61.308,0.282056,0,0,0.678517,0.221518,0.174942,0.66528,12.849,1,0.383705,0.36288,0,57.5046,5.19518,52.2886,0.84672,12.849,0.84672,3695.15,0,36.966,0.170068,0.716152,1.6195,4.43782,1.09519,5.50822,0.42336,36.966,0.42336,423.524,0,1.02816,0,0,1.74431,0.716152,1.028160,1,0,57.9718,0,0,0,57.9718,0
71.7994,2.15893,0,0,2.33155,0.152931,0.36288,3.6288,61.308,0.282412,0,0,0.739722,0.20454,0.25277,0.66528,12.849,1,0.384518,0.36288,0,52.1622,4.29187,47.8487,0.84672,12.849,0.84672,3695.15,0,36.966,0.170282,0.499176,1.62013,4.19158,0.991249,5.14936,0.42336,36.966,0.42336,423.524,0,1.02816,0,0,1.52734,0.499176,1.028160,1,0,53.2508,0,0,0,53.2508,0
71.3157,2.15821,0,0,2.18998,0.152533,0.36288,3.6288,61.308,0.287183,0,0,0.696816,0.20454,0.205094,0.66528,12.849,1,0.386226,0.36288,0,44.4525,4.29187,40.1373,0.84672,12.849,0.84672,3695.15,0,36.966,0.173158,0.402797,1.62075,3.82349,0.991249,4.68263,0.42336,36.966,0.42336,423.524,0,1.02108,0,0,1.42388,0.402797,1.028160,1,0,45.025,0,0,0,45.025,0
70.625,2.25913,0,0,2.08072,0.149499,0.36288,3.6288,61.308,0.382725,0,0,0.654178,0.20597,0.0654827,0.66528,12.849,1,0.407029,0.36288,0,41.4636,4.35371,37.0658,0.84672,12.849,0.84672,3695.15,0,36.966,0.230766,0.402797,1.62138,3.8184,1.00995,4.60187,0.42336,36.966,0.42336,423.524,0,0.948629,0,0,1.35143,0.402797,1.028160,1,0,41.7331,0,0,0,41.7331,0
69.6476,2.25663,0,0,1.77613,0.133954,0.36288,3.6288,61.308,0.333485,0,0,0.627864,0.21455,0.0798284,0.66528,12.849,1,0.410555,0.36288,0,38.0288,4.72468,33.2564,0.84672,12.849,0.84672,3695.15,0,36.966,0.201077,0.413597,1.70653,3.34547,1.12213,4.14239,0.42336,36.966,0.42336,423.524,0,1.02816,0,0,1.44176,0.413597,1.028160,1,0,37.4786,0,0,0,37.4786,0
68.5851,2.25263,0,0,1.68594,0.132948,0.36288,3.6288,61.3056,0.360892,0,0,0.573024,0.21455,0,0.66528,12.849,1,0.415579,0.36288,0,34.4621,4.72468,29.6847,0.84672,12.849,0.84672,3695.15,0,36.966,0.217602,0.30119,1.70719,3.14007,1.12213,3.80872,0.42336,36.966,0.42336,423.524,0,0.98483,0,0,1.28602,0.30119,1.028160,1,0,33.4934,0,0,0,33.4934,0
67.4056,2.24808,0,0,1.52836,0.0968745,0.36288,3.6288,61.227,0.387468,0,0,0.547031,0.238155,0,0.66528,12.849,1,0.421164,0.36288,0,30.3865,4.99243,25.3358,0.84672,12.849,0.84672,3695.15,0,36.966,0.233635,0.30119,1.70785,3.0585,1.19054,3.64336,0.42336,36.966,0.42336,423.524,0,0.942823,0,0,1.24401,0.30119,1.028160,1,0,28.9792,0,0,0,28.9792,0
66.1621,2.24275,0,0,1.44425,0.0821192,0.36288,3.6288,61.0619,0.440183,0,0,0.522555,0.247475,0,0.66528,12.849,1,0.427518,0.36288,0,29.4097,5.09954,24.2455,0.84672,12.849,0.84672,3695.15,0,36.966,0.265762,0.30119,1.7085,3.05,1.2179,3.57603,0.42336,36.966,0.42336,423.524,0,0.858583,0,0,1.15977,0.30119,1.028160,1,0,27.8216,0,0,0,27.8216,0
65.0116,2.21685,0,0,1.51855,0.0893166,0.36288,3.6288,60.8802,0.483659,0,0,0.561072,0.259125,0,0.66528,12.849,1,0.430523,0.36288,0,27.2389,5.37061,21.8006,0.84672,12.849,0.84672,3695.15,0,36.966,0.292801,0.30119,1.70916,3.03492,1.1979,3.55458,0.42336,36.966,0.42336,423.524,0,0.832792,0,0,1.13398,0.30119,1.028160,1,0,25.3552,0,0,0,25.3552,0
63.7777,2.21134,0,0,1.43008,0.0898203,0.36288,3.6288,60.7072,0.464815,0,0,0.55266,0.260809,0,0.66528,12.849,1,0.437052,0.36288,0,26.5794,5.4158,21.0894,0.84672,12.849,0.84672,3695.15,0,36.966,0.282232,0.261274,1.73943,3.06323,1.19456,3.58714,0.42336,36.966,0.42336,423.524,0,0.862825,0,0,1.1241,0.261274,1.028160,1,0,24.6766,0,0,0,24.6766,0
62.419,2.20515,0,0,1.29826,0.0889302,0.36288,3.6288,60.4355,0.533238,0,0,0.522093,0.260524,0,0.66528,12.849,1,0.444261,0.36288,0,25.7895,5.4158,20.2924,0.84672,12.849,0.84672,3695.15,0,36.966,0.324701,0.261274,1.7401,2.87941,1.19456,3.36151,0.42336,36.966,0.42336,423.524,0,0.752553,0,0,1.01383,0.261274,1.028160,1,0,23.6539,0,0,0,23.6539,0
60.9677,2.19797,0,0,1.18878,0.079142,0.36288,3.6288,60.092,0.55853,0,0,0.496904,0.281892,0,0.66528,12.849,1,0.452455,0.36288,0,22.7431,5.6981,16.9554,0.84672,12.849,0.84672,3695.15,0,36.966,0.34163,0.261274,1.74076,2.79634,1.29761,3.15914,0.42336,36.966,0.42336,423.524,0,0.710951,0,0,0.972225,0.261274,1.028160,1,0,20.1145,0,0,0,20.1145,0
59.3917,2.24103,0,0,1.0867,0.0588535,0.36288,3.6288,59.5707,0.618918,0,0,0.428951,0.331331,0,0.66528,12.849,1,0.472299,0.36288,0,19.2171,6.2265,12.8812,0.84672,12.849,0.84672,3695.15,0,36.966,0.380732,0.261274,1.74143,2.47246,1.52085,2.57359,0.42336,36.966,0.42336,423.524,0,0.651465,0,0,0.912738,0.261274,1.028160,1,0,15.4548,0,0,0,15.4548,0
57.8668,2.23158,0,0,1.13079,0.0611899,0.36288,3.6288,59.2172,0.530542,0,0,0.501399,0.324425,0,0.66528,12.849,1,0.482788,0.36288,0,23.8542,5.99004,17.7442,0.84672,12.849,0.84672,3695.15,0,36.966,0.329222,0.261274,1.78413,2.63712,1.47501,2.87828,0.42336,36.966,0.42336,423.524,0,0.791986,0,0,1.05326,0.261274,1.028160,1,0,20.6225,0,0,0,20.6225,0
56.2509,2.22203,0,0,1.02929,0.0602923,0.36288,3.6288,58.8122,0.49487,0,0,0.413554,0.323692,0,0.66528,12.849,1,0.493389,0.36288,0,19.2133,5.99004,13.0927,0.84672,12.849,0.84672,3695.15,0,36.966,0.30892,0.227405,1.78481,2.45049,1.47501,2.67877,0.42336,36.966,0.42336,423.524,0,0.848595,0,0,1.076,0.227405,1.028160,1,0,15.7715,0,0,0,15.7715,0
54.5535,2.21134,0,0,0.936118,0.0593412,0.36288,3.6288,58.2775,0.596936,0,0,0.385137,0.322852,0,0.66528,12.849,1,0.505121,0.36288,0,17.9112,5.99004,11.7789,0.84672,12.849,0.84672,3695.15,0,36.966,0.3752,0.227405,1.7855,2.18386,1.47501,2.34656,0.42336,36.966,0.42336,423.524,0,0.680884,0,0,0.908289,0.227405,1.028160,1,0,14.1254,0,0,0,14.1254,0
52.8117,2.34636,0,0,1.01943,0.0519264,0.36288,3.6288,57.8744,0.537718,0,0,0.454609,0.319977,0,0.66528,12.849,1,0.552638,0.36288,0,17.9959,6.09818,11.708,0.84672,12.849,0.84672,3695.15,0,36.966,0.34108,0.227405,1.78619,3.08782,1.50092,3.25941,0.42336,36.966,0.42336,423.524,0,0.917231,0,0,1.14464,0.227405,1.028160,1,0,14.9674,0,0,0,14.9674,0
50.895,2.33259,0,0,0.838823,0.0600744,0.36288,3.6288,57.0464,0.840616,0,0,0.357792,0.345154,0,0.66528,12.849,1,0.567516,0.36288,0,15.4997,6.06237,9.23272,0.84672,12.849,0.84672,3695.15,0,36.966,0.42336,0.227405,1.93088,2.28838,1.48754,2.53577,0.42336,36.966,0.42336,423.524,0,0.532742,0,0,0.760147,0.227405,1.028160,1,0,11.7685,0,0,0,11.7685,0
49.0982,2.31642,0,0,0.93731,0.0548369,0.36288,3.6288,56.5048,0.635463,0,0,0.43967,0.345827,0,0.66528,12.849,1,0.584805,0.36288,0,19.723,6.13714,13.3639,0.84672,12.849,0.84672,3695.15,0,36.966,0.411779,0.204422,1.93163,2.42897,1.50248,2.65076,0.42336,36.966,0.42336,423.524,0,0.750168,0,0,0.95459,0.204422,1.028160,1,0,16.0146,0,0,0,16.0146,0
47.1217,2.30034,0,0,0.7405,0.0538025,0.36288,3.6288,55.5859,0.895289,0,0,0.320942,0.34461,0,0.66528,12.849,1,0.601999,0.36288,0,20.3536,6.13714,13.9773,0.84672,12.849,0.84672,3695.15,0,36.966,0.42336,0.204422,1.93237,1.92465,1.50248,2.13559,0.42336,36.966,0.42336,423.524,0,0.479451,0,0,0.683873,0.204422,1.028160,1,0,16.1129,0,0,0,16.1129,0
45.3419,2.28138,0,0,0.917127,0.0526559,0.36288,3.6288,55.3067,0.470529,0,0,0.533938,0.342546,0,0.66528,12.849,1,0.622079,0.36288,0,18.0378,6.13714,11.6415,0.84672,12.849,0.84672,3695.15,0,36.966,0.312914,0.204422,1.93311,2.89217,1.50248,3.21431,0.42336,36.966,0.42336,423.524,0,1.01535,0,0,1.21977,0.204422,1.028160,1,0,14.8558,0,0,0,14.8558,0
43.9239,2.19416,0,0,1.14279,0.00375642,0.36288,3.6288,54.8076,0.469361,0,0,0.328299,0.35805,0,0.66528,12.849,1,0.621783,0.36288,0,22.2661,6.00424,16.0029,0.84672,12.849,0.84672,3695.15,0,36.966,0.313712,0.204422,1.93385,2.5607,1.58335,2.80191,0.42336,36.966,0.42336,423.524,0,0.929828,0,0,1.13425,0.204422,1.028160,1,0,18.8048,0,0,0,18.8048,0
42.5473,2.17947,0,0,1.22118,0.0553848,0.36288,3.6288,54.4066,0.422522,0,0,0.322548,0.301031,0,0.66528,12.849,1,0.637558,0.36288,0,22.057,4.36093,17.4214,0.84672,12.849,0.84672,3695.15,0,36.966,0.284978,0.216518,1.8511,2.41646,1.21081,2.98829,0.42336,36.966,0.42336,423.524,0,1.00606,0,0,1.22258,0.216518,1.028160,1,0,20.4096,0,0,0,20.4096,0
41.3114,2.16446,0,0,1.39,0.0985667,0.36288,3.6288,54.1824,0.408504,0,0,0.466429,0.282127,0,0.66528,12.849,1,0.653652,0.36288,0,21.7268,3.8388,17.5973,0.84672,12.849,0.84672,3695.15,0,36.966,0.277554,0.630357,1.85181,3.37198,1.11409,4.46251,0.42336,36.966,0.42336,423.524,0,1.02816,0,0,1.65852,0.630357,1.028160,1,0,22.0598,0,0,0,22.0598,0
40.0241,2.15037,0,0,1.32315,0.0971533,0.36288,3.6288,53.9463,0.408212,0,0,0.453838,0.281709,0,0.66528,12.849,1,0.668825,0.36288,0,27.6572,3.8388,23.5125,0.84672,12.849,0.84672,3695.15,0,36.966,0.278503,0.527083,1.85252,3.33837,1.11409,4.32538,0.42336,36.966,0.42336,423.524,0,1.02816,0,0,1.55524,0.527083,1.028160,1,0,27.8379,0,0,0,27.8379,0
38.7385,2.07976,0,0,1.26599,0.108958,0.36288,3.6288,53.8022,0.361043,0,0,0.477684,0.260761,0,0.66528,12.849,1,0.667666,0.36288,0,35.6477,3.82983,31.5131,0.84672,12.849,0.84672,3695.15,0,36.966,0.2474,0.507937,1.85323,3.36296,1.11069,4.36603,0.42336,36.966,0.42336,423.524,0,1.02816,0,0,1.5361,0.507937,1.028160,1,0,35.8791,0,0,0,35.8791,0
38.0758,2.06391,0,0,1.90407,0.140046,0.36288,3.6288,53.9481,0.361022,0,0,0.716239,0.209286,0,0.66528,12.849,1,0.684568,0.36288,0,35.6764,3.8074,31.5473,0.84672,12.849,0.84672,3695.15,0,36.966,0.248048,0.892158,1.77931,4.59637,1.10221,5.91757,0.42336,36.966,0.42336,423.524,0,1.02816,0,0,1.92032,0.892158,1.028160,1,0,37.4649,0,0,0,37.4649,0
36.7827,2.05579,0,0,1.26457,0.138969,0.36288,3.6288,54.0685,0.361793,0,0,0.691656,0.209496,0,0.66528,12.849,1,0.693744,0.36288,0,21.958,3.8074,17.8198,0.84672,12.849,0.84672,3695.15,0,36.966,0.247906,0.950962,1.77999,3.42338,1.10221,4.80421,0.42336,36.966,0.42336,423.524,0,1.02816,0,0,1.97912,0.950962,1.028160,1,0,22.624,0,0,0,22.624,0
36.0586,2.0385,0,0,1.8517,0.17447,0.36288,3.6288,54.0264,0.362495,0,0,0.546501,0.22612,0,0.66528,12.849,1,0.712091,0.36288,0,42.8412,4.09735,38.3946,0.84672,12.849,0.84672,3695.15,0,36.966,0.247833,0.490619,1.78067,6.29345,1.1699,7.147,0.42336,36.966,0.42336,423.524,0,1.02816,0,0,1.51878,0.490619,1.028160,1,0,45.5416,0,0,0,45.5416,0
37.5445,1.87594,0,0,3.91266,0.187881,0.36288,3.6288,54.2282,0.264997,0,0,0.699496,0.232638,0,0.66528,12.849,1,0.668468,0.36288,0,84.4901,4.21334,79.9712,0.84672,12.849,0.84672,3695.15,0,36.966,0.181316,1.62588,1.78136,4.97634,1.19698,7.00527,0.42336,36.966,0.42336,423.524,0,1.02816,0,0,2.65404,1.62588,1.028160,1,0,86.9765,0,0,0,86.9765,0
38.5999,1.89638,0,0,3.48722,0.172616,0.36288,3.6288,54.7647,0.265734,0,0,0.971162,0.16897,0,0.66528,12.849,1,0.649006,0.36288,0,59.1259,3.87586,54.9639,0.84672,12.849,0.84672,3695.15,0,36.966,0.181144,1.43769,1.616,5.33819,0.995624,7.21511,0.42336,36.966,0.42336,423.524,0,1.02816,0,0,2.46585,1.43769,1.028160,1,0,62.179,0,0,0,62.179,0
39.4693,1.91043,0,0,3.31756,0.17476,0.36288,3.6288,55.4412,0.267132,0,0,1.1132,0.16957,0,0.66528,12.849,1,0.635937,0.36288,0,75.0962,3.87586,70.9473,0.84672,12.849,0.84672,3695.15,0,36.966,0.180313,1.68868,1.61662,7.00325,0.995624,9.13261,0.42336,36.966,0.42336,423.524,0,1.02816,0,0,2.71684,1.68868,1.028160,1,0,80.0799,0,0,0,80.0799,0
41.3395,1.92173,0,0,4.3342,0.179414,0.36288,3.6288,56.2493,0.268791,0,0,1.29361,0.216747,0,0.66528,12.849,1,0.625608,0.36288,0,55.7162,4.59847,50.855,0.84672,12.849,0.84672,3695.15,0,36.966,0.179219,2.21914,1.61724,6.69202,1.28063,9.06855,0.42336,36.966,0.42336,423.524,0,1.02816,0,0,3.2473,2.21914,1.028160,1,0,59.9235,0,0,0,59.9235,0
42.9075,1.94407,0,0,4.09533,0.220383,0.36288,3.6288,56.9818,0.270687,0,0,1.22071,0.217467,0,0.66528,12.849,1,0.604249,0.36288,0,98.5288,4.72826,93.5592,0.84672,12.849,0.84672,3695.15,0,36.966,0.17789,2.26235,1.61786,9.22877,1.206,11.7251,0.42336,36.966,0.42336,423.524,0,1.02816,0,0,3.29051,2.26235,1.028160,1,0,105.284,0,0,0,105.284,0
44.7958,2.02325,0,0,4.47701,0.202633,0.36288,3.6288,57.6253,0.301381,0,0,1.175,0.230183,0,0.66528,12.849,1,0.60588,0.36288,0,68.6917,4.56251,63.8862,0.84672,12.849,0.84672,3695.15,0,36.966,0.195516,2.14019,1.61848,7.70717,1.21385,10.0565,0.42336,36.966,0.42336,423.524,0,1.02816,0,0,3.16835,2.14019,1.028160,1,0,73.9427,0,0,0,73.9427,0
45.2276,2.04386,0,0,3.04557,0.206984,0.36288,3.6288,57.8861,0.303054,0,0,0.819762,0.255836,0,0.66528,12.849,1,0.58625,0.36288,0,68.4719,5.00094,63.2476,0.84672,12.849,0.84672,3695.15,0,36.966,0.194406,1.35997,1.67096,8.98575,1.29004,10.5322,0.42336,36.966,0.42336,423.524,0,1.02816,0,0,2.38813,1.35997,1.028160,1,0,73.7798,0,0,0,73.7798,0
50.7952,2.04897,0,0,8.18747,0.207995,0.36288,3.6288,58.8328,0.303934,0,0,1.50686,0.256268,0,0.66528,12.849,1,0.582106,0.36288,0,146.431,5.00094,141.211,0.84672,12.849,0.84672,3695.15,0,36.966,0.194092,3.15941,1.67158,16.2061,1.29004,19.553,0.42336,36.966,0.42336,423.524,0,1.02816,0,0,4.18757,3.15941,1.028160,1,0,160.764,0,0,0,160.764,0
50.977,2.10067,0,0,2.86635,0.220995,0.36288,3.6288,59.4437,0.306199,0,0,1.17492,0.257836,0,0.66528,12.849,1,0.53138,0.36288,0,64.9113,5.00094,59.7418,0.84672,12.849,0.84672,3695.15,0,36.966,0.192392,1.94854,1.6722,5.76659,1.29004,7.9049,0.42336,36.966,0.42336,423.524,0,1.02816,0,0,2.9767,1.94854,1.028160,1,0,67.6467,0,0,0,67.6467,0
51.7382,2.30808,0,0,3.65475,0.22258,0.36288,3.6288,60.3825,0.41849,0,0,1.61086,0.253524,0,0.66528,12.849,1,0.581764,0.36288,0,71.8941,4.75972,66.9155,0.84672,12.849,0.84672,3695.15,0,36.966,0.260245,3.63025,1.67281,7.72822,1.24292,11.5281,0.42336,36.966,0.42336,423.524,0,1.02816,0,0,4.65841,3.63025,1.028160,1,0,78.4436,0,0,0,78.4436,0
52.208,2.3158,0,0,3.40329,0.254878,0.36288,3.6288,60.7814,0.421392,0,0,1.05996,0.239679,0,0.66528,12.849,1,0.57512,0.36288,0,51.4416,4.30899,46.9204,0.84672,12.849,0.84672,3695.15,0,36.966,0.257975,1.71169,1.8603,6.49862,1.16438,8.64826,0.42336,36.966,0.42336,423.524,0,1.02816,0,0,2.73985,1.71169,1.028160,1,0,55.5686,0,0,0,55.5686,0
53.3869,2.32081,0,0,4.11877,0.256121,0.36288,3.6288,61.0905,0.422837,0,0,0.972216,0.240286,0,0.66528,12.849,1,0.571178,0.36288,0,54.6683,4.30899,50.151,0.84672,12.849,0.84672,3695.15,0,36.966,0.257161,1.34534,1.86099,9.41252,1.16438,11.1973,0.42336,36.966,0.42336,423.524,0,1.02816,0,0,2.3735,1.34534,1.028160,1,0,61.3483,0,0,0,61.3483,0
55.5968,2.33184,0,0,5.16373,0.259184,0.36288,3.6288,61.308,0.424041,0,0,1.49978,0.232932,0.62531,0.66528,12.849,1,0.561219,0.36288,0,141.988,4.24316,137.547,0.84672,12.849,0.84672,3695.15,0,36.966,0.256588,2.24192,1.86168,14.1444,1.13261,16.8588,0.42336,36.966,0.42336,423.524,0,1.02816,0,0,3.27008,2.24192,1.028160,1,0,155.031,0,0,0,155.031,0
57.9558,2.05284,0,0,5.04017,0.265401,0.36288,3.6288,61.308,0.274435,0,0,1.25775,0.18644,0.796876,0.66528,12.849,1,0.474434,0.36288,0,116.417,3.73552,112.57,0.84672,12.849,0.84672,3695.15,0,36.966,0.165472,2.10549,1.86237,8.95363,0.929775,11.8262,0.42336,36.966,0.42336,423.524,0,1.02816,0,0,3.13365,2.10549,1.028160,1,0,125.193,0,0,0,125.193,0
58.8418,2.06942,0,0,3.59442,0.276089,0.36288,3.6288,61.308,0.274773,0,0,0.988114,0.187679,0.525661,0.66528,12.849,1,0.458797,0.36288,0,64.0408,3.05981,60.8851,0.84672,12.849,0.84672,3695.15,0,36.966,0.165676,2.10467,1.60784,8.05404,0.856485,10.7444,0.42336,36.966,0.42336,423.524,0,1.02816,0,0,3.13283,2.10467,1.028160,1,0,72.1551,0,0,0,72.1551,0
59.9483,2.07585,0,0,3.82367,0.278476,0.36288,3.6288,61.308,0.275112,0,0,1.24294,0.187679,0.78015,0.66528,12.849,1,0.453294,0.36288,0,86.4061,3.05981,83.2559,0.84672,12.849,0.84672,3695.15,0,36.966,0.16588,2.42394,1.60843,10.0145,0.856485,13.0246,0.42336,36.966,0.42336,423.524,0,1.02816,0,0,3.4521,2.42394,1.028160,1,0,97.0606,0,0,0,97.0606,0
62.2247,2.08351,0,0,5.00429,0.281455,0.36288,3.6288,61.308,0.275451,0,0,1.16657,0.187679,0.703443,0.66528,12.849,1,0.446569,0.36288,0,125.738,3.05981,122.594,0.84672,12.849,0.84672,3695.15,0,36.966,0.166085,2.57584,1.60903,11.7664,0.856485,14.9287,0.42336,36.966,0.42336,423.524,0,1.02816,0,0,3.604,2.57584,1.028160,1,0,138.227,0,0,0,138.227,0
63.9187,2.09783,0,0,4.43731,0.282671,0.36288,3.6288,61.308,0.27579,0,0,1.02831,0.212667,0.53985,0.66528,12.849,1,0.433188,0.36288,0,95.5005,3.61515,91.8151,0.84672,12.849,0.84672,3695.15,0,36.966,0.166289,2.5732,1.60962,10.6398,1.00786,13.6485,0.42336,36.966,0.42336,423.524,0,1.02816,0,0,3.60136,2.5732,1.028160,1,0,106.003,0,0,0,106.003,0
66.2782,2.18519,0,0,5.17471,0.267152,0.36288,3.6288,61.308,0.313032,0,0,2.22661,0.224939,1.68864,0.66528,12.849,1,0.43927,0.36288,0,109.595,4.06499,105.454,0.84672,12.849,0.84672,3695.15,0,36.966,0.188744,4.46007,1.61022,16.5889,1.12999,21.3404,0.42336,36.966,0.42336,423.524,0,1.02816,0,0,5.48823,4.46007,1.028160,1,0,128.483,0,0,0,128.483,0
66.8847,2.1991,0,0,3.4352,0.266684,0.36288,3.6288,61.308,0.313384,0,0,0.727125,0.216521,0.19722,0.66528,12.849,1,0.426329,0.36288,0,95.4469,3.94874,91.4348,0.84672,12.849,0.84672,3695.15,0,36.966,0.188957,1.86267,1.67385,7.01404,1.09811,9.2635,0.42336,36.966,0.42336,423.524,0,1.02816,0,0,2.89083,1.86267,1.028160,1,0,100.895,0,0,0,100.895,0
69.0317,2.20316,0,0,4.98106,0.26797,0.36288,3.6288,61.308,0.313737,0,0,1.52167,0.216521,0.99141,0.66528,12.849,1,0.423242,0.36288,0,131.751,3.94874,127.742,0.84672,12.849,0.84672,3695.15,0,36.966,0.189169,3.37471,1.67447,12.9268,1.09811,16.6887,0.42336,36.966,0.42336,423.524,0,1.02816,0,0,4.40287,3.37471,1.028160,1,0,145.422,0,0,0,145.422,0
69.9578,2.21508,0,0,3.72741,0.223355,0.36288,3.6288,61.308,0.31409,0,0,0.737035,0.223432,0.199513,0.66528,12.849,1,0.412296,0.36288,0,93.4217,3.96184,89.4105,0.84672,12.849,0.84672,3695.15,0,36.966,0.189382,1.91725,1.67509,7.50635,1.04769,9.86162,0.42336,36.966,0.42336,423.524,0,1.02816,0,0,2.94541,1.91725,1.028160,1,0,99.4716,0,0,0,99.4716,0
70.3966,2.1899,0,0,3.18528,0.193749,0.36288,3.6288,61.308,0.300089,0,0,0.82976,0.219964,0.309707,0.66528,12.849,1,0.402215,0.36288,0,80.8695,3.73117,77.099,0.84672,12.849,0.84672,3695.15,0,36.966,0.18094,1.92377,1.67571,6.79608,1.02461,9.19001,0.42336,36.966,0.42336,423.524,0,1.02816,0,0,2.95193,1.92377,1.028160,1,0,86.5987,0,0,0,86.5987,0
70.4808,2.19283,0,0,2.82009,0.180186,0.36288,3.6288,61.308,0.300437,0,0,0.900383,0.235679,0.364267,0.66528,12.849,1,0.400243,0.36288,0,64.9322,4.13521,60.7596,0.84672,12.849,0.84672,3695.15,0,36.966,0.18115,1.85623,1.65176,6.62365,1.09705,8.85345,0.42336,36.966,0.42336,423.524,0,1.02816,0,0,2.88439,1.85623,1.028160,1,0,69.9773,0,0,0,69.9773,0
69.9829,2.19405,0,0,2.23939,0.180303,0.36288,3.6288,61.308,0.300784,0,0,0.732871,0.235679,0.196407,0.66528,12.849,1,0.399986,0.36288,0,54.6676,4.13521,50.4953,0.84672,12.849,0.84672,3695.15,0,36.966,0.18136,1.40093,1.65237,5.48026,1.09705,7.25515,0.42336,36.966,0.42336,423.524,0,1.02816,0,0,2.42909,1.40093,1.028160,1,0,57.9469,0,0,0,57.9469,0
69.2298,2.19245,0,0,1.9818,0.179613,0.36288,3.6288,61.308,0.301132,0,0,0.648777,0.235679,0.111965,0.66528,12.849,1,0.402539,0.36288,0,51.5124,4.13521,47.3375,0.84672,12.849,0.84672,3695.15,0,36.966,0.181569,0.908185,1.65298,5.21937,1.09705,6.50192,0.42336,36.966,0.42336,423.524,0,1.02816,0,0,1.93634,0.908185,1.028160,1,0,53.9514,0,0,0,53.9514,0
68.7316,2.29343,0,0,2.33671,0.178568,0.36288,3.6288,61.308,0.352458,0,0,0.734763,0.235679,0.146625,0.66528,12.849,1,0.42566,0.36288,0,58.221,4.13521,54.023,0.84672,12.849,0.84672,3695.15,0,36.966,0.212517,0.980173,1.65359,6.12674,1.09705,7.45095,0.42336,36.966,0.42336,423.524,0,1.02816,0,0,2.00833,0.980173,1.028160,1,0,61.6206,0,0,0,61.6206,0
67.8608,2.29168,0,0,1.91285,0.129068,0.36288,3.6288,61.308,0.352825,0,0,0.609851,0.23214,0.0248861,0.66528,12.849,1,0.428417,0.36288,0,46.6276,3.9754,42.5866,0.84672,12.849,0.84672,3695.15,0,36.966,0.212738,1.0437,1.74041,4.94496,1.07212,6.44422,0.42336,36.966,0.42336,423.524,0,1.02816,0,0,2.07186,1.0437,1.028160,1,0,49.0557,0,0,0,49.0557,0
66.8736,2.2879,0,0,1.7697,0.106125,0.36288,3.6288,61.308,0.353192,0,0,0.61998,0.237495,0.0292927,0.66528,12.849,1,0.433199,0.36288,0,42.2414,4.13795,38.0331,0.84672,12.849,0.84672,3695.15,0,36.966,0.212959,1.04771,1.74106,4.87924,1.04203,6.41302,0.42336,36.966,0.42336,423.524,0,1.02816,0,0,2.07587,1.04771,1.028160,1,0,44.4754,0,0,0,44.4754,0
65.8366,2.28338,0,0,1.71457,0.105303,0.36288,3.6288,61.308,0.353559,0,0,0.64965,0.237495,0.0585963,0.66528,12.849,1,0.438725,0.36288,0,40.0813,4.13795,35.8675,0.84672,12.849,0.84672,3695.15,0,36.966,0.21318,0.972181,1.7417,5.06493,1.04203,6.5236,0.42336,36.966,0.42336,423.524,0,1.02816,0,0,2.00034,0.972181,1.028160,1,0,42.4497,0,0,0,42.4497,0
64.6966,2.27844,0,0,1.6057,0.104439,0.36288,3.6288,61.308,0.353926,0,0,0.599311,0.237495,0.00789,0.66528,12.849,1,0.444671,0.36288,0,37.5677,4.13795,33.3479,0.84672,12.849,0.84672,3695.15,0,36.966,0.213402,0.790698,1.74234,4.58915,1.04203,5.86676,0.42336,36.966,0.42336,423.524,0,1.02816,0,0,1.81886,0.790698,1.028160,1,0,39.2226,0,0,0,39.2226,0
63.8108,2.25238,0,0,1.8294,0.0998865,0.36288,3.6288,61.2104,0.382363,0,0,0.546533,0.261746,0,0.66528,12.849,1,0.447332,0.36288,0,32.8919,4.81775,27.9897,0.84672,12.849,0.84672,3695.15,0,36.966,0.230548,0.539456,1.74298,3.87036,1.19564,4.72661,0.42336,36.966,0.42336,423.524,0,1.02816,0,0,1.56762,0.539456,1.028160,1,0,32.7163,0,0,0,32.7163,0
62.9823,2.24804,0,0,1.88014,0.0977435,0.36288,3.6288,61.0727,0.382511,0,0,0.51609,0.271279,0,0.66528,12.849,1,0.452668,0.36288,0,31.6891,5.08966,26.5096,0.84672,12.849,0.84672,3695.15,0,36.966,0.231005,0.343172,1.77382,3.6503,1.25708,4.2792,0.42336,36.966,0.42336,423.524,0,1.02816,0,0,1.37133,0.343172,1.028160,1,0,30.7888,0,0,0,30.7888,0
62.0062,2.24392,0,0,1.72778,0.0970868,0.36288,3.6288,60.9204,0.382564,0,0,0.501258,0.271043,0,0.66528,12.849,1,0.457782,0.36288,0,31.1886,5.08966,26.004,0.84672,12.849,0.84672,3695.15,0,36.966,0.231558,0.34376,1.77447,3.68086,1.25708,4.31046,0.42336,36.966,0.42336,423.524,0,1.02816,0,0,1.37192,0.34376,1.028160,1,0,30.3145,0,0,0,30.3145,0
60.8809,2.23878,0,0,1.5727,0.0963131,0.36288,3.6288,60.6731,0.445284,0,0,0.468825,0.270782,0,0.66528,12.849,1,0.463923,0.36288,0,29.941,5.08966,24.7503,0.84672,12.849,0.84672,3695.15,0,36.966,0.270195,0.261274,1.77513,3.45784,1.25708,3.96696,0.42336,36.966,0.42336,423.524,0,0.927409,0,0,1.18868,0.261274,1.028160,1,0,28.7172,0,0,0,28.7172,0
59.7445,2.28463,0,0,1.59844,0.0873872,0.36288,3.6288,60.4236,0.436075,0,0,0.472715,0.286181,0,0.66528,12.849,1,0.482173,0.36288,0,27.5512,5.26661,22.1653,0.84672,12.849,0.84672,3695.15,0,36.966,0.265685,0.261274,1.77578,3.42069,1.34194,3.85012,0.42336,36.966,0.42336,423.524,0,0.981893,0,0,1.24317,0.261274,1.028160,1,0,26.0155,0,0,0,26.0155,0
58.6835,2.27792,0,0,1.66145,0.081688,0.36288,3.6288,60.2478,0.407073,0,0,0.518345,0.287047,0,0.66528,12.849,1,0.489902,0.36288,0,29.2552,5.21493,23.9133,0.84672,12.849,0.84672,3695.15,0,36.966,0.24904,0.362232,1.81929,3.69885,1.37375,4.25758,0.42336,36.966,0.42336,423.524,0,1.02816,0,0,1.39039,0.362232,1.028160,1,0,28.1708,0,0,0,28.1708,0
57.5017,2.27149,0,0,1.53344,0.0808571,0.36288,3.6288,60.0459,0.407008,0,0,0.491797,0.286726,0,0.66528,12.849,1,0.497352,0.36288,0,28.0469,5.21493,22.6975,0.84672,12.849,0.84672,3695.15,0,36.966,0.249726,0.292931,1.81996,3.5765,1.37375,4.06591,0.42336,36.966,0.42336,423.524,0,1.02816,0,0,1.32109,0.292931,1.028160,1,0,26.7634,0,0,0,26.7634,0
56.2141,2.26397,0,0,1.41919,0.0799316,0.36288,3.6288,59.7836,0.449456,0,0,0.473545,0.286358,0,0.66528,12.849,1,0.505893,0.36288,0,24.2041,5.21493,18.8462,0.84672,12.849,0.84672,3695.15,0,36.966,0.276699,0.227405,1.82063,3.43268,1.37375,3.83027,0.42336,36.966,0.42336,423.524,0,0.95936,0,0,1.18676,0.227405,1.028160,1,0,22.6764,0,0,0,22.6764,0
54.6859,2.40599,0,0,1.31827,0.0776139,0.36288,3.6288,59.3899,0.55757,0,0,0.451938,0.288077,0,0.66528,12.849,1,0.549944,0.36288,0,19.5572,5.21967,14.1504,0.84672,12.849,0.84672,3695.15,0,36.966,0.344762,0.227405,1.8213,3.18457,1.41038,3.47813,0.42336,36.966,0.42336,423.524,0,0.928973,0,0,1.15638,0.227405,1.028160,1,0,17.6286,0,0,0,17.6286,0
52.9762,2.39443,0,0,1.13619,0.0885905,0.36288,3.6288,58.9473,0.577554,0,0,0.41942,0.28447,0,0.66528,12.849,1,0.562595,0.36288,0,21.4154,5.02479,16.1909,0.84672,12.849,0.84672,3695.15,0,36.966,0.359486,0.227405,1.96881,3.08224,1.41561,3.50336,0.42336,36.966,0.42336,423.524,0,0.89494,0,0,1.12234,0.227405,1.028160,1,0,19.6943,0,0,0,19.6943,0
51.3447,2.38069,0,0,1.20173,0.0895832,0.36288,3.6288,58.5958,0.498703,0,0,0.42947,0.282274,0,0.66528,12.849,1,0.577421,0.36288,0,22.1956,4.99034,16.9907,0.84672,12.849,0.84672,3695.15,0,36.966,0.312738,0.204422,1.96953,3.75957,1.40122,4.21956,0.42336,36.966,0.42336,423.524,0,1.02121,0,0,1.22564,0.204422,1.028160,1,0,21.2102,0,0,0,21.2102,0
49.8822,2.36689,0,0,1.35531,0.0880849,0.36288,3.6288,58.2381,0.519937,0,0,0.443847,0.281638,0,0.66528,12.849,1,0.592313,0.36288,0,21.2311,4.99034,16.0113,0.84672,12.849,0.84672,3695.15,0,36.966,0.328009,0.204422,1.97026,4.17894,1.40122,4.6244,0.42336,36.966,0.42336,423.524,0,0.985383,0,0,1.18981,0.204422,1.028160,1,0,20.6357,0,0,0,20.6357,0
48.0533,2.35395,0,0,0.982861,0.0949597,0.36288,3.6288,57.7774,0.562287,0,0,0.382774,0.281149,0,0.66528,12.849,1,0.606346,0.36288,0,20.3592,5.03474,15.081,0.84672,12.849,0.84672,3695.15,0,36.966,0.356906,0.204422,1.97098,2.97416,1.39253,3.40013,0.42336,36.966,0.42336,423.524,0,0.914812,0,0,1.11923,0.204422,1.028160,1,0,18.4811,0,0,0,18.4811,0
46.7869,2.26531,0,0,1.46903,0.107195,0.36288,3.6288,57.3975,0.509318,0,0,0.382126,0.252712,0,0.66528,12.849,1,0.605722,0.36288,0,27.9247,5.15095,22.5309,0.84672,12.849,0.84672,3695.15,0,36.966,0.325861,0.204422,1.97171,3.45764,1.38754,3.92037,0.42336,36.966,0.42336,423.524,0,0.911226,0,0,1.11565,0.204422,1.028160,1,0,26.4513,0,0,0,26.4513,0
45.9501,2.25327,0,0,1.90417,0.124782,0.36288,3.6288,57.2206,0.437271,0,0,0.480508,0.220181,0,0.66528,12.849,1,0.618812,0.36288,0,38.3149,4.572,33.487,0.84672,12.849,0.84672,3695.15,0,36.966,0.281618,0.301251,1.8873,4.8497,1.19719,5.55945,0.42336,36.966,0.42336,423.524,0,1.02816,0,0,1.32941,0.301251,1.028160,1,0,39.0465,0,0,0,39.0465,0
44.9356,2.24529,0,0,1.74798,0.154335,0.36288,3.6288,57.2077,0.437132,0,0,0.630312,0.206074,0,0.66528,12.849,1,0.627849,0.36288,0,33.8862,3.93529,29.6859,0.84672,12.849,0.84672,3695.15,0,36.966,0.282399,0.529131,1.888,5.75886,1.03445,6.85914,0.42336,36.966,0.42336,423.524,0,1.02816,0,0,1.55729,0.529131,1.028160,1,0,36.545,0,0,0,36.545,0
44.1507,2.23509,0,0,1.9656,0.152588,0.36288,3.6288,57.4828,0.437484,0,0,0.918717,0.206057,0,0.66528,12.849,1,0.639108,0.36288,0,38.0675,3.93529,33.856,0.84672,12.849,0.84672,3695.15,0,36.966,0.28269,1.09672,1.88869,7.57035,1.03445,9.23862,0.42336,36.966,0.42336,423.524,0,1.02816,0,0,2.12488,1.09672,1.028160,1,0,43.0946,0,0,0,43.0946,0
43.1049,2.16958,0,0,1.62988,0.143162,0.36288,3.6288,57.5425,0.389724,0,0,0.658214,0.208854,0,0.66528,12.849,1,0.631404,0.36288,0,30.7212,3.9964,26.4563,0.84672,12.849,0.84672,3695.15,0,36.966,0.250623,0.539758,1.88939,5.43078,1.01162,6.59768,0.42336,36.966,0.42336,423.524,0,1.02816,0,0,1.56792,0.539758,1.028160,1,0,33.054,0,0,0,33.054,0
41.6733,2.15857,0,0,1.19807,0.108191,0.36288,3.6288,57.4694,0.401124,0,0,0.549617,0.221518,0,0.66528,12.849,1,0.643441,0.36288,0,20.8589,4.38253,16.1959,0.84672,12.849,0.84672,3695.15,0,36.966,0.257687,0.216518,1.81399,5.09944,0.899464,5.9728,0.42336,36.966,0.42336,423.524,0,1.01031,0,0,1.22683,0.216518,1.028160,1,0,22.1687,0,0,0,22.1687,0
40.5427,2.14246,0,0,1.5673,0.192555,0.36288,3.6288,57.1465,0.548211,0,0,0.434746,0.209454,0,0.66528,12.849,1,0.660579,0.36288,0,28.8999,4.49935,24.1029,0.84672,12.849,0.84672,3695.15,0,36.966,0.352625,0.292723,1.81466,4.949,1.04828,5.65548,0.42336,36.966,0.42336,423.524,0,0.7689,0,0,1.06162,0.292723,1.028160,1,0,29.7584,0,0,0,29.7584,0
39.1925,2.12926,0,0,1.33187,0.190003,0.36288,3.6288,57.0237,0.401731,0,0,0.48791,0.209015,0,0.66528,12.849,1,0.674815,0.36288,0,23.6244,4.49935,18.8131,0.84672,12.849,0.84672,3695.15,0,36.966,0.259865,0.292723,1.81533,5.50072,1.04828,6.30062,0.42336,36.966,0.42336,423.524,0,1.00875,0,0,1.30148,0.292723,1.028160,1,0,25.1137,0,0,0,25.1137,0
40.7914,1.95343,0,0,4.10228,0.187016,0.36288,3.6288,58.0881,0.28816,0,0,1.56139,0.208849,0,0.66528,12.849,1,0.640419,0.36288,0,81.8493,4.49935,77.0724,0.84672,12.849,0.84672,3695.15,0,36.966,0.186802,3.13409,1.816,13.0801,1.04828,16.7951,0.42336,36.966,0.42336,423.524,0,1.02816,0,0,4.16225,3.13409,1.028160,1,0,93.8675,0,0,0,93.8675,0
43.0144,1.97325,0,0,4.7695,0.210412,0.36288,3.6288,59.3142,0.290589,0,0,1.70591,0.189232,0,0.66528,12.849,1,0.621558,0.36288,0,95.0322,4.49972,90.2738,0.84672,12.849,0.84672,3695.15,0,36.966,0.184925,2.31879,1.6474,16.0745,1.19481,18.6609,0.42336,36.966,0.42336,423.524,0,1.02816,0,0,3.34695,2.31879,1.028160,1,0,108.935,0,0,0,108.935,0
44.5691,1.99871,0,0,4.13568,0.219347,0.36288,3.6288,60.272,0.293285,0,0,1.43834,0.187191,0,0.66528,12.849,1,0.597044,0.36288,0,77.8023,4.49977,73.0684,0.84672,12.849,0.84672,3695.15,0,36.966,0.182782,2.1093,1.648,10.2112,1.21923,12.5665,0.42336,36.966,0.42336,423.524,0,1.02816,0,0,3.13746,2.1093,1.028160,1,0,85.6349,0,0,0,85.6349,0
48.3066,2.01562,0,0,6.32661,0.21063,0.36288,3.6288,61.308,0.295428,0,0,1.59217,0.176019,0.0847495,0.66528,12.849,1,0.581091,0.36288,0,101.707,4.07101,97.4183,0.84672,12.849,0.84672,3695.15,0,36.966,0.181192,2.1584,1.64861,14.2507,1.16567,16.7109,0.42336,36.966,0.42336,423.524,0,1.02816,0,0,3.18656,2.1584,1.028160,1,0,114.214,0,0,0,114.214,0
50.5594,2.05189,0,0,4.86477,0.197207,0.36288,3.6288,61.308,0.297683,0,0,1.43551,0.191096,0.94673,0.66528,12.849,1,0.545778,0.36288,0,128.703,3.50427,125.016,0.84672,12.849,0.84672,3695.15,0,36.966,0.17949,2.14601,1.64922,11.2425,0.860964,13.9972,0.42336,36.966,0.42336,423.524,0,1.02816,0,0,3.17417,2.14601,1.028160,1,0,139.96,0,0,0,139.96,0
53.3022,2.13693,0,0,5.44785,0.205207,0.36288,3.6288,61.308,0.328396,0,0,1.09971,0.174633,0.596679,0.66528,12.849,1,0.543073,0.36288,0,115.742,3.38302,112.179,0.84672,12.849,0.84672,3695.15,0,36.966,0.198008,1.61071,1.64982,9.59671,0.824195,11.835,0.42336,36.966,0.42336,423.524,0,1.02816,0,0,2.63887,1.61071,1.028160,1,0,124.611,0,0,0,124.611,0
57.1138,2.16021,0,0,6.55661,0.221952,0.36288,3.6288,61.308,0.328739,0,0,1.52417,0.160872,1.03455,0.66528,12.849,1,0.52074,0.36288,0,85.8531,3.51887,82.1764,0.84672,12.849,0.84672,3695.15,0,36.966,0.198215,1.92873,1.70329,8.38002,0.903843,10.91,0.42336,36.966,0.42336,423.524,0,1.02816,0,0,2.95689,1.92873,1.028160,1,0,94.1209,0,0,0,94.1209,0
60.3125,2.18936,0,0,5.9815,0.230596,0.36288,3.6288,61.308,0.329083,0,0,1.42638,0.160872,0.936422,0.66528,12.849,1,0.492544,0.36288,0,109.339,3.51887,105.691,0.84672,12.849,0.84672,3695.15,0,36.966,0.198423,1.89593,1.70389,10.2232,0.903843,12.7207,0.42336,36.966,0.42336,423.524,0,1.02816,0,0,2.92409,1.89593,1.028160,1,0,119.348,0,0,0,119.348,0
61.8445,2.21168,0,0,4.34449,0.23785,0.36288,3.6288,61.308,0.329427,0,0,1.12894,0.160872,0.638638,0.66528,12.849,1,0.471177,0.36288,0,83.8884,3.51887,80.2612,0.84672,12.849,0.84672,3695.15,0,36.966,0.19863,1.20434,1.7045,7.65158,0.903843,9.45795,0.42336,36.966,0.42336,423.524,0,1.02816,0,0,2.2325,1.20434,1.028160,1,0,90.3578,0,0,0,90.3578,0
62.3932,2.43887,0,0,3.64313,0.292762,0.36288,3.6288,61.308,0.443962,0,0,1.14803,0.168489,0.535581,0.66528,12.849,1,0.506707,0.36288,0,81.9824,3.21195,78.6266,0.84672,12.849,0.84672,3695.15,0,36.966,0.267689,1.21334,1.7051,8.39169,1.05692,9.98552,0.42336,36.966,0.42336,423.524,0,1.02816,0,0,2.2415,1.21334,1.028160,1,0,89.1477,0,0,0,89.1477,0
63.499,2.44343,0,0,4.17209,0.259966,0.36288,3.6288,61.308,0.444346,0,0,1.42881,0.158789,0.82567,0.66528,12.849,1,0.50319,0.36288,0,97.2769,4.14372,92.9929,0.84672,12.849,0.84672,3695.15,0,36.966,0.267921,1.81348,1.89618,8.97281,1.0614,11.3532,0.42336,36.966,0.42336,423.524,0,1.02816,0,0,2.84164,1.81348,1.028160,1,0,105.172,0,0,0,105.172,0
65.2891,2.45159,0,0,4.86686,0.262325,0.36288,3.6288,61.308,0.444731,0,0,1.35231,0.158789,0.748787,0.66528,12.849,1,0.496078,0.36288,0,75.3417,4.14372,71.0647,0.84672,12.849,0.84672,3695.15,0,36.966,0.268153,1.28644,1.89685,8.27228,1.0614,10.126,0.42336,36.966,0.42336,423.524,0,1.02816,0,0,2.3146,1.28644,1.028160,1,0,81.9395,0,0,0,81.9395,0
69.2136,2.46382,0,0,7.00046,0.249197,0.36288,3.6288,61.308,0.445115,0,0,1.86387,0.181638,1.23712,0.66528,12.849,1,0.484885,0.36288,0,153.832,4.00056,149.709,0.84672,12.849,0.84672,3695.15,0,36.966,0.268385,2.25373,1.89752,12.663,1.08568,15.4601,0.42336,36.966,0.42336,423.524,0,1.02816,0,0,3.28189,2.25373,1.028160,1,0,166.406,0,0,0,166.406,0
71.3227,2.17254,0,0,4.91212,0.26764,0.36288,3.6288,61.308,0.292037,0,0,1.49748,0.217666,0.987782,0.66528,12.849,1,0.403315,0.36288,0,116.357,3.72796,112.589,0.84672,12.849,0.84672,3695.15,0,36.966,0.176085,1.51232,1.89819,9.75655,1.21225,11.7787,0.42336,36.966,0.42336,423.524,0,1.02816,0,0,2.54048,1.51232,1.028160,1,0,125.356,0,0,0,125.356,0
72.29,2.18341,0,0,6.9536,0.312314,3.49055,3.6288,61.308,0.292368,0,0,1.63305,0.231304,1.10938,0.66528,12.849,1,0.393349,3.49055,0,160.542,4.36433,159.275,0.84672,12.849,0.84672,3695.15,0,36.966,0.176285,1.97467,1.63874,8.63084,1.15805,10.9099,0.42336,36.966,0.42336,423.524,0,1.02816,0,0,3.00283,1.97467,1.028160,1,0,171.295,0,0,0,171.295,0
72.29,2.18866,0,0,6.84458,0.314623,4.3413,3.6288,61.308,0.292698,0,0,2.85202,0.231304,2.32802,0.66528,12.849,1,0.389017,4.3413,0,154.244,4.36433,153.832,0.84672,12.849,0.84672,3695.15,0,36.966,0.176484,3.64092,1.63932,12.7742,1.15805,16.72,0.42336,36.966,0.42336,423.524,0,1.02816,0,0,4.66908,3.64092,1.028160,1,0,172.88,0,0,0,172.88,0
72.29,2.18943,0,0,4.7521,0.314623,2.24804,3.6288,61.308,0.293029,0,0,1.43649,0.231304,0.912154,0.66528,12.849,1,0.389155,2.24804,0,117.36,4.36433,114.854,0.84672,12.849,0.84672,3695.15,0,36.966,0.176683,2.51725,1.6399,8.19081,1.15805,11.0132,0.42336,36.966,0.42336,423.524,0,1.02816,0,0,3.54541,2.51725,1.028160,1,0,126.78,0,0,0,126.78,0
72.29,2.19021,0,0,5.70362,0.320702,3.19271,3.6288,61.308,0.293359,0,0,2.89647,0.215447,2.38766,0.66528,12.849,1,0.389293,3.19271,0,151.709,4.33399,150.178,0.84672,12.849,0.84672,3695.15,0,36.966,0.176883,4.98801,1.64048,18.2846,1.12156,23.6146,0.42336,36.966,0.42336,423.524,0,1.02816,0,0,6.01617,4.98801,1.028160,1,0,176.181,0,0,0,176.181,0
72.29,2.27104,0,0,4.84522,0.334396,2.23979,3.6288,61.308,0.331299,0,0,2.06758,0.187267,1.54901,0.66528,12.849,1,0.403659,2.23979,0,100.711,3.97149,98.5754,0.84672,12.849,0.84672,3695.15,0,36.966,0.199759,3.12737,1.64106,12.6074,1.07061,16.1055,0.42336,36.966,0.42336,423.524,0,1.02816,0,0,4.15553,3.12737,1.028160,1,0,116.23,0,0,0,116.23,0
72.29,2.27184,0,0,4.68857,0.33327,2.08347,3.6288,61.308,0.331643,0,0,2.01079,0.195863,1.48328,0.66528,12.849,1,0.403802,2.08347,0,104.514,3.75648,102.437,0.84672,12.849,0.84672,3695.15,0,36.966,0.199966,3.88704,1.70589,13.6384,1.1008,17.9306,0.42336,36.966,0.42336,423.524,0,1.02816,0,0,4.9152,3.88704,1.028160,1,0,121.851,0,0,0,121.851,0
72.29,2.27264,0,0,4.16832,0.33327,1.56241,3.6288,61.308,0.331987,0,0,1.8039,0.195863,1.27605,0.66528,12.849,1,0.403945,1.56241,0,84.7826,3.75648,82.1846,0.84672,12.849,0.84672,3695.15,0,36.966,0.200174,3.32567,1.70649,9.29007,1.1008,13.0213,0.42336,36.966,0.42336,423.524,0,1.02816,0,0,4.35383,3.32567,1.028160,1,0,96.4819,0,0,0,96.4819,0
72.29,2.27345,0,0,3.96704,0.279702,1.41389,3.6288,61.308,0.332332,0,0,1.74892,0.224409,1.19218,0.66528,12.849,1,0.404088,1.41389,0,80.6086,4.1055,77.5129,0.84672,12.849,0.84672,3695.15,0,36.966,0.200381,2.98899,1.7071,8.85133,1.1695,12.1775,0.42336,36.966,0.42336,423.524,0,1.02816,0,0,4.01715,2.98899,1.028160,1,0,90.8826,0,0,0,90.8826,0
72.29,2.2429,0,0,3.1861,0.270228,0.672971,3.6288,61.308,0.318048,0,0,1.31668,0.283108,0.715528,0.66528,12.849,1,0.398659,0.672971,0,67.2347,5.44839,62.0607,0.84672,12.849,0.84672,3695.15,0,36.966,0.191769,2.28285,1.7077,7.21708,1.32506,9.6908,0.42336,36.966,0.42336,423.524,0,1.02816,0,0,3.31101,2.28285,1.028160,1,0,72.467,0,0,0,72.467,0
72.2412,2.2437,0,0,2.83089,0.273103,0.36288,3.6288,61.308,0.318387,0,0,1.19325,0.229724,0.645142,0.66528,12.849,1,0.3988,0.36288,0,60.279,3.40284,56.8403,0.84672,12.849,0.84672,3695.15,0,36.966,0.191973,2.16994,1.68327,7.11141,1.10694,9.6657,0.42336,36.966,0.42336,423.524,0,1.02816,0,0,3.1981,2.16994,1.028160,1,0,67.1511,0,0,0,67.1511,0
72.0143,2.24426,0,0,2.6532,0.273002,0.36288,3.6288,61.308,0.318727,0,0,1.02112,0.229724,0.472668,0.66528,12.849,1,0.39917,0.36288,0,57.0563,3.40284,53.6172,0.84672,12.849,0.84672,3695.15,0,36.966,0.192178,1.57194,1.68387,6.73212,1.10694,8.6888,0.42336,36.966,0.42336,423.524,0,1.02816,0,0,2.6001,1.57194,1.028160,1,0,62.7786,0,0,0,62.7786,0
72.29,2.24399,0,0,3.14084,0.248254,0.372857,3.6288,61.308,0.319066,0,0,1.01456,0.241593,0.453902,0.66528,12.849,1,0.400379,0.372857,0,60.3574,4.33854,55.9913,0.84672,12.849,0.84672,3695.15,0,36.966,0.192383,1.70414,1.68446,8.86455,1.14383,10.9169,0.42336,36.966,0.42336,423.524,0,1.02816,0,0,2.7323,1.70414,1.028160,1,0,67.3622,0,0,0,67.3622,0
71.7647,2.35262,0,0,2.3865,0.196276,0.36288,3.6288,61.308,0.371352,0,0,0.957476,0.261021,0.325103,0.66528,12.849,1,0.418161,0.36288,0,41.2876,5.21933,36.013,0.84672,12.849,0.84672,3695.15,0,36.966,0.223909,1.57008,1.68506,6.60355,1.24756,8.38722,0.42336,36.966,0.42336,423.524,0,1.02816,0,0,2.59824,1.57008,1.028160,1,0,44.7253,0,0,0,44.7253,0
70.9952,2.35086,0,0,2.14434,0.200093,0.36288,3.6288,61.308,0.37171,0,0,0.767033,0.246248,0.149075,0.66528,12.849,1,0.420906,0.36288,0,42.6395,4.72648,37.855,0.84672,12.849,0.84672,3695.15,0,36.966,0.224125,1.12272,1.7735,5.24719,1.1038,6.8155,0.42336,36.966,0.42336,423.524,0,1.02816,0,0,2.15088,1.12272,1.028160,1,0,44.8196,0,0,0,44.8196,0
70.1253,2.34783,0,0,1.99528,0.154461,0.36288,3.6288,61.308,0.372068,0,0,0.686422,0.257821,0.0565327,0.66528,12.849,1,0.424919,0.36288,0,34.9644,4.88302,30.0194,0.84672,12.849,0.84672,3695.15,0,36.966,0.224341,0.822787,1.77413,4.86518,1.18125,6.0565,0.42336,36.966,0.42336,423.524,0,1.02816,0,0,1.85095,0.822787,1.028160,1,0,36.1324,0,0,0,36.1324,0
69.181,2.3442,0,0,1.91613,0.153431,0.36288,3.6288,61.308,0.372426,0,0,0.679216,0.257821,0.0489689,0.66528,12.849,1,0.429525,0.36288,0,32.4529,4.88302,27.5032,0.84672,12.849,0.84672,3695.15,0,36.966,0.224557,0.829319,1.77475,4.66897,1.18125,5.86724,0.42336,36.966,0.42336,423.524,0,1.02816,0,0,1.85748,0.829319,1.028160,1,0,33.4194,0,0,0,33.4194,0
68.1393,2.34008,0,0,1.81846,0.157115,0.36288,3.6288,61.308,0.372784,0,0,0.668468,0.256504,0.0391794,0.66528,12.849,1,0.434624,0.36288,0,31.0872,4.79841,26.2171,0.84672,12.849,0.84672,3695.15,0,36.966,0.224772,0.980968,1.77538,4.37053,1.18451,5.71759,0.42336,36.966,0.42336,423.524,0,1.02816,0,0,2.00913,0.980968,1.028160,1,0,31.9739,0,0,0,31.9739,0
67.5373,2.3144,0,0,2.22091,0.145633,0.36288,3.6288,61.308,0.401744,0,0,0.854487,0.251361,0.201382,0.66528,12.849,1,0.436425,0.36288,0,39.1252,4.5585,34.4932,0.84672,12.849,0.84672,3695.15,0,36.966,0.242234,1.02921,1.77601,4.54625,1.15555,5.95368,0.42336,36.966,0.42336,423.524,0,1.02816,0,0,2.05737,1.02921,1.028160,1,0,40.6482,0,0,0,40.6482,0
67.3734,2.31195,0,0,2.6269,0.115995,0.36288,3.6288,61.308,0.402112,0,0,1.01457,0.253429,0.359028,0.66528,12.849,1,0.439849,0.36288,0,44.889,4.75933,40.0527,0.84672,12.849,0.84672,3695.15,0,36.966,0.242456,1.2811,1.8074,5.27559,1.11914,7.00249,0.42336,36.966,0.42336,423.524,0,1.02816,0,0,2.30926,1.2811,1.028160,1,0,47.4143,0,0,0,47.4143,0
67.1096,2.31186,0,0,2.52217,0.11124,0.36288,3.6288,61.308,0.402481,0,0,0.975378,0.261202,0.311696,0.66528,12.849,1,0.440903,0.36288,0,42.1354,4.86792,37.1894,0.84672,12.849,0.84672,3695.15,0,36.966,0.242678,1.30424,1.80804,5.34742,1.15589,7.06113,0.42336,36.966,0.42336,423.524,0,1.02816,0,0,2.3324,1.30424,1.028160,1,0,44.5623,0,0,0,44.5623,0
66.5706,2.31122,0,0,2.21877,0.0836332,0.36288,3.6288,61.308,0.402849,0,0,0.922977,0.305156,0.214971,0.66528,12.849,1,0.442514,0.36288,0,39.8649,5.65503,34.1302,0.84672,12.849,0.84672,3695.15,0,36.966,0.2429,1.01123,1.80867,5.13227,1.42668,6.28259,0.42336,36.966,0.42336,423.524,0,1.02816,0,0,2.03939,1.01123,1.028160,1,0,40.6278,0,0,0,40.6278,0
65.8889,2.36292,0,0,2.12857,0.0844632,0.36288,3.6288,61.308,0.428744,0,0,0.875526,0.301752,0.14503,0.66528,12.849,1,0.456075,0.36288,0,36.9391,5.9796,30.8663,0.84672,12.849,0.84672,3695.15,0,36.966,0.258514,1.11648,1.80931,4.91975,1.53905,6.04797,0.42336,36.966,0.42336,423.524,0,1.02816,0,0,2.14464,1.11648,1.028160,1,0,37.0593,0,0,0,37.0593,0
65.2511,2.35981,0,0,2.17303,0.0881457,0.36288,3.6288,61.308,0.429122,0,0,0.800116,0.32152,0.0494741,0.66528,12.849,1,0.460186,0.36288,0,36.7289,5.89302,30.7386,0.84672,12.849,0.84672,3695.15,0,36.966,0.258741,0.936948,1.85361,4.09413,1.45882,5.16713,0.42336,36.966,0.42336,423.524,0,1.02816,0,0,1.96511,0.936948,1.028160,1,0,35.9552,0,0,0,35.9552,0
64.4782,2.35688,0,0,2.0345,0.0876973,0.36288,3.6288,61.308,0.4295,0,0,0.771587,0.32152,0.020567,0.66528,12.849,1,0.464108,0.36288,0,34.4533,5.89302,28.459,0.84672,12.849,0.84672,3695.15,0,36.966,0.258969,0.950918,1.85427,4.23471,1.45882,5.3221,0.42336,36.966,0.42336,423.524,0,1.02816,0,0,1.97908,0.950918,1.028160,1,0,33.8017,0,0,0,33.8017,0
63.4739,2.35307,0,0,1.79887,0.087154,0.36288,3.6288,61.283,0.429877,0,0,0.726348,0.32152,0,0.66528,12.849,1,0.468913,0.36288,0,32.5458,5.89302,26.5468,0.84672,12.849,0.84672,3695.15,0,36.966,0.259197,0.745891,1.85492,3.97272,1.45882,4.85551,0.42336,36.966,0.42336,423.524,0,1.02816,0,0,1.77405,0.745891,1.028160,1,0,31.4023,0,0,0,31.4023,0
62.1548,2.50453,0,0,1.62555,0.0773008,0.36288,3.6288,61.153,0.522441,0,0,0.719168,0.326648,0,0.66528,12.849,1,0.50699,0.36288,0,30.8513,6.04257,24.6646,0.84672,12.849,0.84672,3695.15,0,36.966,0.315138,0.692937,1.85558,3.9639,1.4887,4.70858,0.42336,36.966,0.42336,423.524,0,1.02816,0,0,1.7211,0.692937,1.028160,1,0,29.3732,0,0,0,29.3732,0
61.0976,2.49649,0,0,1.88582,0.083637,0.36288,3.6288,61.0715,0.522434,0,0,0.758713,0.317819,0,0.66528,12.849,1,0.516089,0.36288,0,28.8718,6.13859,22.58,0.84672,12.849,0.84672,3695.15,0,36.966,0.315803,0.845994,2.00583,4.25425,1.44259,5.34768,0.42336,36.966,0.42336,423.524,0,1.02816,0,0,1.87415,0.845994,1.028160,1,0,27.9277,0,0,0,27.9277,0
60.5145,2.48999,0,0,2.35935,0.0895299,0.36288,3.6288,61.176,0.522582,0,0,0.940732,0.313664,0,0.66528,12.849,1,0.523652,0.36288,0,34.0317,6.10764,27.7633,0.84672,12.849,0.84672,3695.15,0,36.966,0.316314,1.32339,2.00654,4.68941,1.43586,6.26716,0.42336,36.966,0.42336,423.524,0,1.02816,0,0,2.35155,1.32339,1.028160,1,0,34.0305,0,0,0,34.0305,0
59.4466,2.4867,0,0,1.87072,0.089097,0.36288,3.6288,61.0449,0.523329,0,0,0.706095,0.313872,0,0.66528,12.849,1,0.528,0.36288,0,37.3682,6.10764,31.0954,0.84672,12.849,0.84672,3695.15,0,36.966,0.316225,0.737968,2.00724,3.76524,1.43586,4.75837,0.42336,36.966,0.42336,423.524,0,1.02816,0,0,1.76613,0.737968,1.028160,1,0,35.8538,0,0,0,35.8538,0
58.7895,2.47978,0,0,2.27376,0.0882129,0.36288,3.6288,61.308,0.523316,0,0,1.13522,0.313611,0.0351597,0.66528,12.849,1,0.535988,0.36288,0,32.5737,6.10764,26.2929,0.84672,12.849,0.84672,3695.15,0,36.966,0.316896,1.89998,2.00795,5.42523,1.43586,7.5804,0.42336,36.966,0.42336,423.524,0,1.02816,0,0,2.92814,1.89998,1.028160,1,0,33.9085,0,0,0,33.9085,0
57.8208,2.4002,0,0,1.9045,0.110053,0.36288,3.6288,61.3017,0.468475,0,0,0.737135,0.274977,0,0.66528,12.849,1,0.524586,0.36288,0,35.9312,5.58926,30.1802,0.84672,12.849,0.84672,3695.15,0,36.966,0.282469,1.86185,2.00866,5.16465,1.30482,7.44786,0.42336,36.966,0.42336,423.524,0,1.02816,0,0,2.89001,1.86185,1.028160,1,0,37.6281,0,0,0,37.6281,0
57.4194,2.39385,0,0,2.49894,0.143613,0.36288,3.6288,61.308,0.468848,0,0,0.809715,0.23106,0.10349,0.66528,12.849,1,0.531964,0.36288,0,53.5236,4.87079,48.4837,0.84672,12.849,0.84672,3695.15,0,36.966,0.282723,3.33801,1.92264,6.44259,1.1571,10.2634,0.42336,36.966,0.42336,423.524,0,1.02816,0,0,4.36617,3.33801,1.028160,1,0,58.8506,0,0,0,58.8506,0
56.5592,2.39165,0,0,2.07901,0.184694,0.36288,3.6288,61.308,0.469257,0,0,0.978584,0.213179,0.296148,0.66528,12.849,1,0.535191,0.36288,0,42.171,4.05153,37.9471,0.84672,12.849,0.84672,3695.15,0,36.966,0.282941,3.61431,1.92332,7.47334,0.943756,11.7843,0.42336,36.966,0.42336,423.524,0,1.02816,0,0,4.64247,3.61431,1.028160,1,0,50.0276,0,0,0,50.0276,0
56.1131,2.38586,0,0,2.48572,0.183137,0.36288,3.6288,61.308,0.469649,0,0,1.52756,0.213179,0.844733,0.66528,12.849,1,0.542015,0.36288,0,50.8164,4.05153,46.5858,0.84672,12.849,0.84672,3695.15,0,36.966,0.283177,5.34965,1.924,10.2385,0.943756,16.2852,0.42336,36.966,0.42336,423.524,0,1.02816,0,0,6.37781,5.34965,1.028160,1,0,63.7157,0,0,0,63.7157,0
55.5542,2.32163,0,0,2.30799,0.182329,0.36288,3.6288,61.308,0.418902,0,0,1.29329,0.213179,0.661206,0.66528,12.849,1,0.531617,0.36288,0,46.9009,4.05153,42.6806,0.84672,12.849,0.84672,3695.15,0,36.966,0.252579,5.1984,1.92467,8.21716,0.943756,14.1439,0.42336,36.966,0.42336,423.524,0,1.02816,0,0,6.22656,5.1984,1.028160,1,0,57.4857,0,0,0,57.4857,0
59.0738,2.3181,0,0,6.41062,0.21006,0.36288,3.6288,61.308,0.419276,0,0,2.67902,0.191477,2.06827,0.66528,12.849,1,0.536149,0.36288,0,100.581,3.31233,97.0952,0.84672,12.849,0.84672,3695.15,0,36.966,0.252805,5.56314,1.84784,13.4087,0.892676,19.6742,0.42336,36.966,0.42336,423.524,0,1.02816,0,0,6.5913,5.56314,1.028160,1,0,118.838,0,0,0,118.838,0
63.0117,2.34517,0,0,6.86338,0.217445,0.36288,3.6288,61.308,0.419649,0,0,3.90893,0.191477,3.29781,0.66528,12.849,1,0.510092,0.36288,0,87.4325,3.31233,83.9729,0.84672,12.849,0.84672,3695.15,0,36.966,0.25303,6.5756,1.84849,15.189,0.892676,22.4674,0.42336,36.966,0.42336,423.524,0,1.02816,0,0,7.60376,6.5756,1.028160,1,0,109.738,0,0,0,109.738,0
65.9143,2.37248,0,0,5.86296,0.225,0.36288,3.6288,61.308,0.420023,0,0,2.71652,0.191477,2.10502,0.66528,12.849,1,0.483783,0.36288,0,134.543,3.31233,131.11,0.84672,12.849,0.84672,3695.15,0,36.966,0.253255,5.50695,1.84914,21.6651,0.892676,27.8752,0.42336,36.966,0.42336,423.524,0,1.02816,0,0,6.53511,5.50695,1.028160,1,0,161.09,0,0,0,161.09,0
68.7392,2.21107,0,0,5.65301,0.254127,0.36288,3.6288,61.308,0.313742,0,0,2.21387,0.1863,1.71383,0.66528,12.849,1,0.431015,0.36288,0,139.575,3.73191,135.775,0.84672,12.849,0.84672,3695.15,0,36.966,0.189172,4.68864,1.8498,16.2389,0.982326,21.6058,0.42336,36.966,0.42336,423.524,0,1.02816,0,0,5.7168,4.68864,1.028160,1,0,159.094,0,0,0,159.094,0
70.6571,2.22678,0,0,4.79735,0.289833,0.36288,3.6288,61.308,0.314078,0,0,2.6137,0.218038,2.08158,0.66528,12.849,1,0.416238,0.36288,0,80.6721,4.3113,76.3075,0.84672,12.849,0.84672,3695.15,0,36.966,0.189375,3.92399,1.67803,9.35453,1.13153,13.6356,0.42336,36.966,0.42336,423.524,0,1.02816,0,0,4.95215,3.92399,1.028160,1,0,92.0247,0,0,0,92.0247,0
71.69,2.23712,0,0,3.92611,0.293169,0.36288,3.6288,61.308,0.314414,0,0,2.97725,0.233494,2.42934,0.66528,12.849,1,0.406821,0.36288,0,82.7404,4.31928,78.3771,0.84672,12.849,0.84672,3695.15,0,36.966,0.189578,3.55876,1.67863,9.85867,1.1434,13.7631,0.42336,36.966,0.42336,423.524,0,1.02816,0,0,4.58692,3.55876,1.028160,1,0,94.5696,0,0,0,94.5696,0
72.29,2.24288,0,0,6.45714,0.293727,3.32053,3.6288,61.308,0.314751,0,0,3.72267,0.240511,3.1674,0.66528,12.849,1,0.401992,3.32053,0,143.311,4.34517,141.884,0.84672,12.849,0.84672,3695.15,0,36.966,0.189781,5.21164,1.67922,13.8449,1.16338,19.3826,0.42336,36.966,0.42336,423.524,0,1.02816,0,0,6.2398,5.21164,1.028160,1,0,164.434,0,0,0,164.434,0
72.29,2.24651,0,0,13.2614,0.291703,10.7232,3.6288,61.308,0.315087,0,0,7.36465,0.247237,6.80233,0.66528,12.849,1,0.3993,10.7232,0,207.42,4.11003,213.634,0.84672,12.849,0.84672,3695.15,0,36.966,0.189984,16.7417,1.67981,29.7697,1.21173,46.7895,0.42336,36.966,0.42336,423.524,0,1.02816,0,0,17.7699,16.7417,1.028160,1,0,267.226,0,0,0,267.226,0
72.29,2.31768,0,0,7.59161,0.295482,4.97845,3.6288,61.308,0.346354,0,0,4.14891,0.207412,3.59514,0.66528,12.849,1,0.41195,4.97845,0,145.502,3.53172,146.537,0.84672,12.849,0.84672,3695.15,0,36.966,0.208836,8.65806,1.6804,16.3582,1.04059,25.4472,0.42336,36.966,0.42336,423.524,0,1.02816,0,0,9.68622,8.65806,1.028160,1,0,175.579,0,0,0,175.579,0
72.29,2.31847,0,0,4.86562,0.291258,2.2559,3.6288,61.308,0.346689,0,0,3.33053,0.174182,2.80966,0.66528,12.849,1,0.41209,2.2559,0,126.262,2.81809,125.287,0.84672,12.849,0.84672,3695.15,0,36.966,0.209038,7.05249,1.73483,12.5349,0.746799,20.3664,0.42336,36.966,0.42336,423.524,0,1.02816,0,0,8.08065,7.05249,1.028160,1,0,148.463,0,0,0,148.463,0
72.29,2.31925,0,0,6.09517,0.291258,3.48466,3.6288,61.308,0.347024,0,0,3.58334,0.174182,3.06214,0.66528,12.849,1,0.412229,3.48466,0,117.281,2.81809,117.535,0.84672,12.849,0.84672,3695.15,0,36.966,0.20924,7.30858,1.73542,14.2992,0.746799,22.3872,0.42336,36.966,0.42336,423.524,0,1.02816,0,0,8.33674,7.30858,1.028160,1,0,142.985,0,0,0,142.985,0
72.29,2.32004,0,0,10.3782,0.291258,7.7669,3.6288,61.308,0.347358,0,0,4.63644,0.174182,4.1149,0.66528,12.849,1,0.412369,7.7669,0,211.176,2.81809,215.713,0.84672,12.849,0.84672,3695.15,0,36.966,0.209442,9.63153,1.736,21.6224,0.746799,32.0337,0.42336,36.966,0.42336,423.524,0,1.02816,0,0,10.6597,9.63153,1.028160,1,0,251.861,0,0,0,251.861,0
72.29,2.54719,0,0,13.1809,0.334326,10.2994,3.6288,61.308,0.463992,0,0,4.81265,0.182629,4.16603,0.66528,12.849,1,0.452744,10.2994,0,339.771,3.86831,345.749,0.84672,12.849,0.84672,3695.15,0,36.966,0.279766,12.878,1.73659,29.6961,0.995057,43.0359,0.42336,36.966,0.42336,423.524,0,1.02816,0,0,13.9062,12.878,1.028160,1,0,392.951,0,0,0,392.951,0
72.29,2.54805,0,0,7.8332,0.30767,4.97747,3.6288,61.308,0.464366,0,0,4.41024,0.168685,3.77719,0.66528,12.849,1,0.452897,4.97747,0,237.862,3.75021,238.636,0.84672,12.849,0.84672,3695.15,0,36.966,0.279992,7.77946,1.93117,21.0151,1.03189,29.4138,0.42336,36.966,0.42336,423.524,0,1.02816,0,0,8.80762,7.77946,1.028160,1,0,271.827,0,0,0,271.827,0
72.29,2.54892,0,0,7.39437,0.302031,4.54342,3.6288,61.308,0.464741,0,0,5.48431,0.166127,4.85344,0.66528,12.849,1,0.453051,4.54342,0,239.347,3.70136,239.736,0.84672,12.849,0.84672,3695.15,0,36.966,0.280218,8.8935,1.93183,24.8717,1.03113,34.3857,0.42336,36.966,0.42336,423.524,0,1.02816,0,0,9.92166,8.8935,1.028160,1,0,278.975,0,0,0,278.975,0
72.29,2.54978,0,0,6.15634,0.308022,3.29853,3.6288,61.308,0.465116,0,0,4.48689,0.18041,3.84136,0.66528,12.849,1,0.453204,3.29853,0,163.997,4.16027,162.682,0.84672,12.849,0.84672,3695.15,0,36.966,0.280444,8.03909,1.93248,19.0025,1.15456,27.539,0.42336,36.966,0.42336,423.524,0,1.02816,0,0,9.06725,8.03909,1.028160,1,0,194.062,0,0,0,194.062,0
72.29,2.22733,0,0,7.76973,0.341179,5.20121,3.6288,61.308,0.309205,0,0,3.92907,0.17739,3.44248,0.66528,12.849,1,0.395892,5.20121,0,200.534,4.39026,200.949,0.84672,12.849,0.84672,3695.15,0,36.966,0.186437,6.49858,1.93314,19.0877,1.17614,26.1569,0.42336,36.966,0.42336,423.524,0,1.02816,0,0,7.52674,6.49858,1.028160,1,0,230.548,0,0,0,230.548,0
72.29,2.22809,0,0,4.3705,0.31529,1.82712,3.6288,61.308,0.309527,0,0,2.30964,0.188541,1.81157,0.66528,12.849,1,0.396026,1.82712,0,118.589,4.72085,115.299,0.84672,12.849,0.84672,3695.15,0,36.966,0.186631,3.7806,1.66888,9.73495,1.21056,13.7872,0.42336,36.966,0.42336,423.524,0,1.02816,0,0,4.80876,3.7806,1.028160,1,0,130.898,0,0,0,130.898,0
72.29,2.22884,0,0,4.87424,0.314228,2.33117,3.6288,61.308,0.309849,0,0,1.99646,0.182725,1.50389,0.66528,12.849,1,0.39616,2.33117,0,138.608,4.67397,135.869,0.84672,12.849,0.84672,3695.15,0,36.966,0.186825,3.31906,1.66945,7.27186,1.19459,10.879,0.42336,36.966,0.42336,423.524,0,1.02816,0,0,4.34722,3.31906,1.028160,1,0,148.252,0,0,0,148.252,0
72.29,2.2296,0,0,5.40779,0.314228,2.86397,3.6288,61.308,0.310171,0,0,2.85127,0.182725,2.35837,0.66528,12.849,1,0.396294,2.86397,0,146.497,4.67397,144.291,0.84672,12.849,0.84672,3695.15,0,36.966,0.18702,4.92196,1.67001,16.2867,1.19459,21.4971,0.42336,36.966,0.42336,423.524,0,1.02816,0,0,5.95012,4.92196,1.028160,1,0,168.146,0,0,0,168.146,0
72.29,2.23035,0,0,5.63566,0.314228,3.09108,3.6288,61.308,0.310493,0,0,2.82988,0.182725,2.33666,0.66528,12.849,1,0.396428,3.09108,0,113.389,4.67397,111.409,0.84672,12.849,0.84672,3695.15,0,36.966,0.187214,5.47496,1.67058,13.101,1.19459,18.8647,0.42336,36.966,0.42336,423.524,0,1.02816,0,0,6.50312,5.47496,1.028160,1,0,132.611,0,0,0,132.611,0
72.29,2.31263,0,0,8.91821,0.29408,6.3115,3.6288,61.308,0.349114,0,0,4.79587,0.166187,4.28056,0.66528,12.849,1,0.411052,6.3115,0,207.616,4.36029,209.156,0.84672,12.849,0.84672,3695.15,0,36.966,0.2105,9.25033,1.67114,28.3168,1.13959,37.8882,0.42336,36.966,0.42336,423.524,0,1.02816,0,0,10.2785,9.25033,1.028160,1,0,251.325,0,0,0,251.325,0
72.29,2.31341,0,0,8.31894,0.320994,5.68453,3.6288,61.308,0.349449,0,0,3.44949,0.190255,2.90979,0.66528,12.849,1,0.411191,5.68453,0,208.592,4.3324,209.533,0.84672,12.849,0.84672,3695.15,0,36.966,0.210702,5.95908,1.73713,22.723,1.10569,29.1028,0.42336,36.966,0.42336,423.524,0,1.02816,0,0,6.98724,5.95908,1.028160,1,0,241.546,0,0,0,241.546,0
72.29,2.31419,0,0,5.09498,0.320994,2.45979,3.6288,61.308,0.349784,0,0,2.30546,0.190255,1.76542,0.66528,12.849,1,0.41133,2.45979,0,120.276,4.3324,117.992,0.84672,12.849,0.84672,3695.15,0,36.966,0.210904,3.94747,1.73772,15.7604,1.10569,20.129,0.42336,36.966,0.42336,423.524,0,1.02816,0,0,4.97563,3.94747,1.028160,1,0,139.886,0,0,0,139.886,0
72.29,2.31498,0,0,4.29589,0.320994,1.65992,3.6288,61.308,0.350119,0,0,2.01816,0.190255,1.47778,0.66528,12.849,1,0.411469,1.65992,0,91.7819,4.3324,88.6979,0.84672,12.849,0.84672,3695.15,0,36.966,0.211106,3.67795,1.73831,14.3594,1.10569,18.4589,0.42336,36.966,0.42336,423.524,0,1.02816,0,0,4.70611,3.67795,1.028160,1,0,108.635,0,0,0,108.635,0
72.29,2.28384,0,0,3.91617,0.309549,1.32277,3.6288,61.308,0.33556,0,0,1.81614,0.192491,1.28809,0.66528,12.849,1,0.405936,1.32277,0,80.8808,4.32954,77.4681,0.84672,12.849,0.84672,3695.15,0,36.966,0.202328,3.18757,1.7389,12.5502,1.11629,16.1581,0.42336,36.966,0.42336,423.524,0,1.02816,0,0,4.21573,3.18757,1.028160,1,0,94.9142,0,0,0,94.9142,0
72.29,2.28461,0,0,3.99389,0.24088,1.4684,3.6288,61.308,0.335891,0,0,1.41756,0.205906,0.875768,0.66528,12.849,1,0.406073,1.4684,0,90.2076,4.31235,86.9576,0.84672,12.849,0.84672,3695.15,0,36.966,0.202527,1.90026,1.71399,8.18087,1.17986,10.4127,0.42336,36.966,0.42336,423.524,0,1.02816,0,0,2.92842,1.90026,1.028160,1,0,98.2461,0,0,0,98.2461,0
72.29,2.28539,0,0,3.7724,0.24088,1.24613,3.6288,61.308,0.336221,0,0,1.42087,0.205906,0.878747,0.66528,12.849,1,0.40621,1.24613,0,83.8624,4.31235,80.39,0.84672,12.849,0.84672,3695.15,0,36.966,0.202727,1.77448,1.71457,7.73245,1.17986,9.83892,0.42336,36.966,0.42336,423.524,0,1.02816,0,0,2.80264,1.77448,1.028160,1,0,91.1077,0,0,0,91.1077,0
72.29,2.28616,0,0,3.5753,0.24088,1.04826,3.6288,61.308,0.336552,0,0,1.73248,0.205906,1.19003,0.66528,12.849,1,0.406348,1.04826,0,78.859,4.31235,75.1886,0.84672,12.849,0.84672,3695.15,0,36.966,0.202926,2.33837,1.71515,9.08021,1.17986,11.7509,0.42336,36.966,0.42336,423.524,0,1.02816,0,0,3.36653,2.33837,1.028160,1,0,88.1295,0,0,0,88.1295,0
72.29,2.39542,0,0,3.31068,0.25219,0.663075,3.6288,61.308,0.389775,0,0,1.46177,0.153333,0.918659,0.66528,12.849,1,0.425768,0.663075,0,70.3037,3.83457,66.7064,0.84672,12.849,0.84672,3695.15,0,36.966,0.235017,1.84293,1.71573,7.97714,0.989778,10.311,0.42336,36.966,0.42336,423.524,0,1.02816,0,0,2.87109,1.84293,1.028160,1,0,77.9361,0,0,0,77.9361,0
72.29,2.39623,0,0,3.52728,0.176092,0.95496,3.6288,61.308,0.390123,0,0,1.49195,0.220683,0.88114,0.66528,12.849,1,0.425911,0.95496,0,67.1216,4.54147,63.1091,0.84672,12.849,0.84672,3695.15,0,36.966,0.235227,1.53218,1.80576,7.18252,1.07997,9.20527,0.42336,36.966,0.42336,423.524,0,1.02816,0,0,2.56034,1.53218,1.028160,1,0,73.1955,0,0,0,73.1955,0
72.29,2.39704,0,0,3.61046,0.179315,1.0341,3.6288,61.308,0.390472,0,0,1.54265,0.243419,0.908755,0.66528,12.849,1,0.426055,1.0341,0,64.1831,4.7314,60.0597,0.84672,12.849,0.84672,3695.15,0,36.966,0.235437,1.52194,1.80637,6.83303,1.1124,8.81351,0.42336,36.966,0.42336,423.524,0,1.02816,0,0,2.5501,1.52194,1.028160,1,0,69.782,0,0,0,69.782,0
72.29,2.39785,0,0,3.22798,0.18915,0.640983,3.6288,61.308,0.390821,0,0,1.48375,0.240785,0.852141,0.66528,12.849,1,0.426199,0.640983,0,60.8466,4.56218,56.4992,0.84672,12.849,0.84672,3695.15,0,36.966,0.235648,1.6356,1.80698,6.31425,1.11893,8.40226,0.42336,36.966,0.42336,423.524,0,1.02816,0,0,2.66376,1.6356,1.028160,1,0,65.7536,0,0,0,65.7536,0
72.29,2.39866,0,0,3.08831,0.191516,0.498132,3.6288,61.308,0.39117,0,0,1.45316,0.242503,0.819489,0.66528,12.849,1,0.426344,0.498132,0,56.496,4.20321,52.3646,0.84672,12.849,0.84672,3695.15,0,36.966,0.235858,1.6121,1.80759,5.97053,1.15429,8.00008,0.42336,36.966,0.42336,423.524,0,1.02816,0,0,2.64026,1.6121,1.028160,1,0,61.1842,0,0,0,61.1842,0
72.1536,2.37798,0,0,2.72667,0.122214,0.36288,3.6288,61.308,0.420638,0,0,1.20436,0.282252,0.501474,0.66528,12.849,1,0.422668,0.36288,0,48.8844,4.91671,43.9079,0.84672,12.849,0.84672,3695.15,0,36.966,0.253626,1.31617,1.8082,5.66823,1.28725,7.25172,0.42336,36.966,0.42336,423.524,0,1.02816,0,0,2.34433,1.31617,1.028160,1,0,51.6611,0,0,0,51.6611,0
71.4416,2.3781,0,0,2.13278,0.103768,0.36288,3.6288,61.308,0.420997,0,0,0.7816,0.307578,0.0530253,0.66528,12.849,1,0.423489,0.36288,0,39.6641,5.65436,33.9491,0.84672,12.849,0.84672,3695.15,0,36.966,0.253842,0.679311,1.84013,4.2698,1.40106,5.13435,0.42336,36.966,0.42336,423.524,0,1.02816,0,0,1.70747,0.679311,1.028160,1,0,39.1365,0,0,0,39.1365,0
70.5486,2.37533,0,0,1.94839,0.103207,0.36288,3.6288,61.308,0.421356,0,0,0.760415,0.307578,0.031481,0.66528,12.849,1,0.42721,0.36288,0,35.8729,5.65436,30.1543,0.84672,12.849,0.84672,3695.15,0,36.966,0.254059,0.607954,1.84076,4.09935,1.40106,4.89295,0.42336,36.966,0.42336,423.524,0,1.02816,0,0,1.63611,0.607954,1.028160,1,0,35.0787,0,0,0,35.0787,0
69.5633,2.37156,0,0,1.8516,0.102503,0.36288,3.6288,61.2808,0.421715,0,0,0.702121,0.307578,0,0.66528,12.849,1,0.431931,0.36288,0,32.7842,5.65436,27.0608,0.84672,12.849,0.84672,3695.15,0,36.966,0.254275,0.411696,1.84138,3.99298,1.40106,4.59072,0.42336,36.966,0.42336,423.524,0,1.02816,0,0,1.43986,0.411696,1.028160,1,0,31.6515,0,0,0,31.6515,0
68.4691,2.42244,0,0,1.79283,0.101726,0.36288,3.6288,61.2001,0.447986,0,0,0.674819,0.307525,0,0.66528,12.849,1,0.447447,0.36288,0,29.2752,5.65436,23.5362,0.84672,12.849,0.84672,3695.15,0,36.966,0.270235,0.33804,1.842,3.97691,1.40106,4.48566,0.42336,36.966,0.42336,423.524,0,1.02816,0,0,1.3662,0.33804,1.028160,1,0,28.0219,0,0,0,28.0219,0
67.5375,2.41723,0,0,1.92702,0.0784293,0.36288,3.6288,61.1526,0.448132,0,0,0.743852,0.343293,0,0.66528,12.849,1,0.453621,0.36288,0,36.8048,6.08853,30.6255,0.84672,12.849,0.84672,3695.15,0,36.966,0.27068,0.322885,1.88707,3.49408,1.46306,3.97029,0.42336,36.966,0.42336,423.524,0,1.02816,0,0,1.35105,0.322885,1.028160,1,0,34.5958,0,0,0,34.5958,0
66.438,2.41279,0,0,1.75404,0.0778584,0.36288,3.6288,60.9745,0.448368,0,0,0.613528,0.34319,0,0.66528,12.849,1,0.459033,0.36288,0,29.6444,6.08853,23.4597,0.84672,12.849,0.84672,3695.15,0,36.966,0.271033,0.352071,1.88771,3.2468,1.46306,3.75249,0.42336,36.966,0.42336,423.524,0,1.02816,0,0,1.38023,0.352071,1.028160,1,0,27.2122,0,0,0,27.2122,0
65.186,2.40724,0,0,1.5953,0.0771845,0.36288,3.6288,60.6985,0.504561,0,0,0.571373,0.342803,0,0.66528,12.849,1,0.465555,0.36288,0,27.6352,6.08853,21.444,0.84672,12.849,0.84672,3695.15,0,36.966,0.305891,0.227405,1.88835,2.89352,1.46306,3.24032,0.42336,36.966,0.42336,423.524,0,0.937699,0,0,1.1651,0.227405,1.028160,1,0,24.6843,0,0,0,24.6843,0
63.9302,2.5609,0,0,1.73726,0.0693521,0.36288,3.6288,60.4911,0.541414,0,0,0.674432,0.340411,0,0.66528,12.849,1,0.504786,0.36288,0,27.7659,6.19667,21.4274,0.84672,12.849,0.84672,3695.15,0,36.966,0.329726,0.440122,1.88898,4.09126,1.48897,4.60167,0.42336,36.966,0.42336,423.524,0,1.02816,0,0,1.46828,0.440122,1.028160,1,0,26.029,0,0,0,26.029,0
62.4993,2.55351,0,0,1.56136,0.0758139,0.36288,3.6288,60.2015,0.54111,0,0,0.57176,0.320271,0,0.66528,12.849,1,0.513216,0.36288,0,22.9082,6.21525,16.5426,0.84672,12.849,0.84672,3695.15,0,36.966,0.330671,0.235941,2.04191,3.04676,1.46311,3.53082,0.42336,36.966,0.42336,423.524,0,1.02816,0,0,1.2641,0.235941,1.028160,1,0,20.0734,0,0,0,20.0734,0
61.0747,2.54462,0,0,1.57039,0.0875281,0.36288,3.6288,59.9689,0.540522,0,0,0.634349,0.326488,0,0.66528,12.849,1,0.523139,0.36288,0,25.0419,6.13515,18.7465,0.84672,12.849,0.84672,3695.15,0,36.966,0.331901,0.318773,2.0426,2.76038,1.40557,3.38428,0.42336,36.966,0.42336,423.524,0,1.02816,0,0,1.34693,0.318773,1.028160,1,0,22.1308,0,0,0,22.1308,0
59.3515,2.53539,0,0,1.2616,0.0865061,0.36288,3.6288,59.3545,0.74718,0,0,0.458818,0.326005,0,0.66528,12.849,1,0.5334,0.36288,0,24.4699,6.13515,18.1643,0.84672,12.849,0.84672,3695.15,0,36.966,0.42336,0.204422,2.04329,2.21595,1.40557,2.63474,0.42336,36.966,0.42336,423.524,0,0.730685,0,0,0.935107,0.204422,1.028160,1,0,20.799,0,0,0,20.799,0
57.9511,2.52351,0,0,1.57118,0.0851719,0.36288,3.6288,59.2756,0.538394,0,0,0.784209,0.324728,0,0.66528,12.849,1,0.546315,0.36288,0,22.3486,6.13515,16.03,0.84672,12.849,0.84672,3695.15,0,36.966,0.335312,0.740725,2.04398,3.4263,1.40557,4.47013,0.42336,36.966,0.42336,423.524,0,1.02816,0,0,1.76888,0.740725,1.028160,1,0,20.5001,0,0,0,20.5001,0
56.348,2.43686,0,0,1.28237,0.0857383,0.36288,3.6288,59.0515,0.495487,0,0,0.551896,0.280444,0,0.66528,12.849,1,0.540305,0.36288,0,18.5248,5.17281,13.1745,0.84672,12.849,0.84672,3695.15,0,36.966,0.309,0.204422,2.04467,3.14398,1.04017,4.0439,0.42336,36.966,0.42336,423.524,0,1.00648,0,0,1.2109,0.204422,1.028160,1,0,17.2184,0,0,0,17.2184,0
54.7736,2.42516,0,0,1.2867,0.0730886,0.36288,3.6288,59.1458,0.48181,0,0,0.841145,0.265051,0,0.66528,12.849,1,0.553009,0.36288,0,21.2332,5.35479,15.6883,0.84672,12.849,0.84672,3695.15,0,36.966,0.301611,1.36398,1.95708,3.35529,1.13403,5.24071,0.42336,36.966,0.42336,423.524,0,1.02816,0,0,2.39214,1.36398,1.028160,1,0,20.929,0,0,0,20.929,0
53.0266,2.4131,0,0,1.101,0.0719483,0.36288,3.6288,58.8627,0.482482,0,0,0.464582,0.265211,0,0.66528,12.849,1,0.566075,0.36288,0,21.2125,5.35479,15.6545,0.84672,12.849,0.84672,3695.15,0,36.966,0.30155,0.305096,1.95774,2.49716,1.13403,3.32441,0.42336,36.966,0.42336,423.524,0,1.02816,0,0,1.33326,0.305096,1.028160,1,0,18.9789,0,0,0,18.9789,0
51.3263,2.3989,0,0,1.1487,0.0872867,0.36288,3.6288,58.5782,0.481966,0,0,0.447252,0.249803,0,0.66528,12.849,1,0.581283,0.36288,0,20.3893,5.14716,15.0237,0.84672,12.849,0.84672,3695.15,0,36.966,0.302676,0.26428,1.9584,2.51297,1.06913,3.36384,0.42336,36.966,0.42336,423.524,0,1.02816,0,0,1.29244,0.26428,1.028160,1,0,18.3876,0,0,0,18.3876,0
51.7893,2.32271,0,0,3.33228,0.183652,0.36288,3.6288,59.0419,0.430286,0,0,1.0539,0.159949,0,0.66528,12.849,1,0.581466,0.36288,0,61.4537,3.90138,57.3338,0.84672,12.849,0.84672,3695.15,0,36.966,0.271533,0.963567,1.95906,6.60026,0.679743,8.57161,0.42336,36.966,0.42336,423.524,0,1.02816,0,0,1.99173,0.963567,1.028160,1,0,65.9054,0,0,0,65.9054,0
50.1874,2.32766,0,0,1.28956,0.200971,0.36288,3.6288,58.9405,0.431956,0,0,0.583063,0.252502,0,0.66528,12.849,1,0.577496,0.36288,0,29.6632,4.22529,25.2233,0.84672,12.849,0.84672,3695.15,0,36.966,0.270447,0.578984,1.88082,2.7264,1.06918,3.84659,0.42336,36.966,0.42336,423.524,0,1.02816,0,0,1.60714,0.578984,1.028160,1,0,29.0699,0,0,0,29.0699,0
48.6249,2.31376,0,0,1.31446,0.200323,0.36288,3.6288,58.9569,0.432028,0,0,0.716113,0.267674,0,0.66528,12.849,1,0.592371,0.36288,0,35.56,4.27928,31.0512,0.84672,12.849,0.84672,3695.15,0,36.966,0.270957,0.870074,1.88146,4.90113,1.13408,6.24763,0.42336,36.966,0.42336,423.524,0,1.02816,0,0,1.89823,0.870074,1.028160,1,0,37.2989,0,0,0,37.2989,0
47.8026,2.29948,0,0,2.07001,0.229936,0.36288,3.6288,59.2941,0.432433,0,0,1.02539,0.25577,0,0.66528,12.849,1,0.607632,0.36288,0,50.2388,3.92182,46.0723,0.84672,12.849,0.84672,3695.15,0,36.966,0.271136,1.33428,1.88209,4.55599,1.08217,6.41907,0.42336,36.966,0.42336,423.524,0,1.02816,0,0,2.36244,1.33428,1.028160,1,0,52.4913,0,0,0,52.4913,0
48.525,2.1194,0,0,3.44561,0.240943,0.36288,3.6288,60.092,0.326559,0,0,1.37607,0.251541,0,0.66528,12.849,1,0.56968,0.36288,0,53.0404,3.77884,49.0548,0.84672,12.849,0.84672,3695.15,0,36.966,0.203589,1.82499,1.88273,7.58946,1.0614,10.0322,0.42336,36.966,0.42336,423.524,0,1.02816,0,0,2.85315,1.82499,1.028160,1,0,59.087,0,0,0,59.087,0
49.1755,2.12682,0,0,3.37357,0.233357,0.36288,3.6288,60.6386,0.328558,0,0,1.08819,0.213038,0,0.66528,12.849,1,0.563165,0.36288,0,54.1171,3.65561,50.2612,0.84672,12.849,0.84672,3695.15,0,36.966,0.202115,1.47024,1.70788,5.91262,0.976694,7.91194,0.42336,36.966,0.42336,423.524,0,1.02816,0,0,2.4984,1.47024,1.028160,1,0,58.1731,0,0,0,58.1731,0
49.9538,2.13345,0,0,3.50247,0.227838,0.36288,3.6288,61.308,0.330017,0,0,1.81831,0.183834,0.635088,0.66528,12.849,1,0.557446,0.36288,0,79.7213,3.56317,75.9635,0.84672,12.849,0.84672,3695.15,0,36.966,0.201182,2.52545,1.70846,8.12281,0.913162,11.2424,0.42336,36.966,0.42336,423.524,0,1.02816,0,0,3.55361,2.52545,1.028160,1,0,87.841,0,0,0,87.841,0
52.736,2.14108,0,0,5.51592,0.229737,0.36288,3.6288,61.308,0.331715,0,0,2.05655,0.184616,1.54022,0.66528,12.849,1,0.550723,0.36288,0,89.8655,3.56317,86.1145,0.84672,12.849,0.84672,3695.15,0,36.966,0.200009,2.54845,1.70903,12.2935,0.913162,15.4378,0.42336,36.966,0.42336,423.524,0,1.02816,0,0,3.57661,2.54845,1.028160,1,0,103.093,0,0,0,103.093,0
52.8932,2.16517,0,0,2.93942,0.254135,0.36288,3.6288,61.308,0.332042,0,0,1.74331,0.179706,1.23156,0.66528,12.849,1,0.527538,0.36288,0,62.0926,3.76664,58.1613,0.84672,12.849,0.84672,3695.15,0,36.966,0.200207,1.96036,1.70961,6.15225,0.881272,8.74074,0.42336,36.966,0.42336,423.524,0,1.02816,0,0,2.98852,1.96036,1.028160,1,0,68.1336,0,0,0,68.1336,0
53.5423,2.16643,0,0,3.45279,0.274473,0.36288,3.6288,61.308,0.332042,0,0,1.60066,0.221144,1.04748,0.66528,12.849,1,0.526276,0.36288,0,82.8843,4.56244,78.1585,0.84672,12.849,0.84672,3695.15,0,36.966,0.200207,1.93237,1.71019,6.6301,1.09993,8.97252,0.42336,36.966,0.42336,423.524,0,1.02816,0,0,2.96053,1.93237,1.028160,1,0,88.1785,0,0,0,88.1785,0
56.799,2.24034,0,0,6.15691,0.296951,0.36288,3.6288,61.308,0.363848,0,0,2.30943,0.210646,1.73494,0.66528,12.849,1,0.537634,0.36288,0,159.567,4.20651,155.186,0.84672,12.849,0.84672,3695.15,0,36.966,0.219384,2.26117,1.71019,11.1426,0.892839,14.0017,0.42336,36.966,0.42336,423.524,0,1.02816,0,0,3.28933,2.26117,1.028160,1,0,170.922,0,0,0,170.922,0
59.8718,2.26621,0,0,6.00871,0.306808,0.36288,3.6288,61.308,0.364174,0,0,1.39906,0.210646,0.824239,0.66528,12.849,1,0.51266,0.36288,0,126.128,4.20651,121.771,0.84672,12.849,0.84672,3695.15,0,36.966,0.219581,1.7556,1.76555,8.9659,0.892839,11.3746,0.42336,36.966,0.42336,423.524,0,1.02816,0,0,2.78376,1.7556,1.028160,1,0,133.97,0,0,0,133.97,0
61.6543,2.28862,0,0,4.72809,0.294084,0.36288,3.6288,61.308,0.364499,0,0,1.07822,0.217465,0.496256,0.66528,12.849,1,0.491157,0.36288,0,94.119,4.46145,89.5292,0.84672,12.849,0.84672,3695.15,0,36.966,0.219777,1.3056,1.76613,7.45243,0.958404,9.34598,0.42336,36.966,0.42336,423.524,0,1.02816,0,0,2.33376,1.3056,1.028160,1,0,99.3715,0,0,0,99.3715,0
63.131,2.30111,0,0,4.42253,0.281858,0.36288,3.6288,61.308,0.364825,0,0,1.20373,0.222579,0.616329,0.66528,12.849,1,0.479561,0.36288,0,81.4406,4.65266,76.6713,0.84672,12.849,0.84672,3695.15,0,36.966,0.219973,1.22601,1.7667,6.66524,1.00758,8.4304,0.42336,36.966,0.42336,423.524,0,1.02816,0,0,2.25417,1.22601,1.028160,1,0,85.718,0,0,0,85.718,0
64.8942,2.53661,0,0,4.96155,0.298896,0.36288,3.6288,61.308,0.483502,0,0,1.06733,0.250812,0.333011,0.66528,12.849,1,0.516274,0.36288,0,89.5977,4.55703,84.8872,0.84672,12.849,0.84672,3695.15,0,36.966,0.29153,1.01892,1.76727,7.31851,1.14225,8.67092,0.42336,36.966,0.42336,423.524,0,1.02816,0,0,2.04708,1.01892,1.028160,1,0,93.8912,0,0,0,93.8912,0
65.7442,2.54914,0,0,4.07074,0.308712,0.36288,3.6288,61.308,0.495024,0,0,0.946858,0.262106,0.189728,0.66528,12.849,1,0.504729,0.36288,0,82.3107,4.51878,77.6501,0.84672,12.849,0.84672,3695.15,0,36.966,0.298477,0.503194,1.96526,6.14434,1.19611,7.1182,0.42336,36.966,0.42336,423.524,0,1.01028,0,0,1.51347,0.503194,1.028160,1,0,84.958,0,0,0,84.958,0
67.6116,2.55543,0,0,5.09657,0.310822,0.36288,3.6288,61.308,0.484231,0,0,1.43866,0.262106,0.692318,0.66528,12.849,1,0.499432,0.36288,0,99.9596,4.51878,95.3043,0.84672,12.849,0.84672,3695.15,0,36.966,0.29197,1.92761,1.96589,8.57416,1.19611,10.9796,0.42336,36.966,0.42336,423.524,0,1.02816,0,0,2.95577,1.92761,1.028160,1,0,106.976,0,0,0,106.976,0
70.2069,2.56785,0,0,5.8415,0.315456,0.36288,3.6288,61.308,0.484595,0,0,1.80674,0.262106,1.06004,0.66528,12.849,1,0.487998,0.36288,0,108.512,4.51878,103.868,0.84672,12.849,0.84672,3695.15,0,36.966,0.292189,2.05353,1.96653,9.68985,1.19611,12.2216,0.42336,36.966,0.42336,423.524,0,1.02816,0,0,3.08169,2.05353,1.028160,1,0,117.15,0,0,0,117.15,0
71.8015,2.25641,0,0,4.55217,0.338261,0.36288,3.6288,61.308,0.325926,0,0,0.961114,0.246008,0.38918,0.66528,12.849,1,0.412959,0.36288,0,95.4027,3.9956,91.357,0.84672,12.849,0.84672,3695.15,0,36.966,0.196519,1.05519,1.96717,8.39756,1.11697,10.1064,0.42336,36.966,0.42336,423.524,0,1.02816,0,0,2.08335,1.05519,1.028160,1,0,101.853,0,0,0,101.853,0
72.29,2.26492,0,0,7.39189,0.330363,4.30815,3.6288,61.308,0.326239,0,0,1.75942,0.248914,1.18427,0.66528,12.849,1,0.405311,4.30815,0,123.78,3.78934,123.894,0.84672,12.849,0.84672,3695.15,0,36.966,0.196708,2.33234,1.69824,15.2271,1.07512,17.9858,0.42336,36.966,0.42336,423.524,0,1.02816,0,0,3.3605,2.33234,1.028160,1,0,143.064,0,0,0,143.064,0
72.29,2.26798,0,0,8.64138,0.331592,6.04181,3.6288,61.308,0.326552,0,0,2.14402,0.248914,1.56856,0.66528,12.849,1,0.403116,6.04181,0,237.659,3.78934,239.508,0.84672,12.849,0.84672,3695.15,0,36.966,0.196896,3.91281,1.69879,17.3296,1.07512,21.6692,0.42336,36.966,0.42336,423.524,0,1.02816,0,0,4.94097,3.91281,1.028160,1,0,262.746,0,0,0,262.746,0
72.29,2.26871,0,0,7.58116,0.331592,4.98086,3.6288,61.308,0.326865,0,0,1.64581,0.248914,1.07003,0.66528,12.849,1,0.403246,4.98086,0,239.579,3.78934,240.367,0.84672,12.849,0.84672,3695.15,0,36.966,0.197085,3.12472,1.69934,14.3713,1.07512,17.9232,0.42336,36.966,0.42336,423.524,0,1.02816,0,0,4.15288,3.12472,1.028160,1,0,259.36,0,0,0,259.36,0
72.29,2.26945,0,0,5.55578,0.333703,2.95263,3.6288,61.308,0.327179,0,0,1.05284,0.246079,0.479579,0.66528,12.849,1,0.403377,2.95263,0,162.094,3.74075,160.903,0.84672,12.849,0.84672,3695.15,0,36.966,0.197274,1.57158,1.69989,10.4834,1.08563,12.472,0.42336,36.966,0.42336,423.524,0,1.02816,0,0,2.59974,1.57158,1.028160,1,0,173.854,0,0,0,173.854,0
72.29,2.35313,0,0,3.89676,0.338982,1.20465,3.6288,61.308,0.366461,0,0,0.900487,0.238989,0.295037,0.66528,12.849,1,0.418251,1.20465,0,108.88,3.61925,106.047,0.84672,12.849,0.84672,3695.15,0,36.966,0.220959,1.22256,1.70044,7.39541,1.11191,8.98553,0.42336,36.966,0.42336,423.524,0,1.02816,0,0,2.25072,1.22256,1.028160,1,0,115.327,0,0,0,115.327,0
72.29,2.35389,0,0,5.44403,0.338982,2.75116,3.6288,61.308,0.366787,0,0,1.2013,0.238989,0.595521,0.66528,12.849,1,0.418386,2.75116,0,115.493,3.61925,114.207,0.84672,12.849,0.84672,3695.15,0,36.966,0.221156,1.8413,1.76755,8.14329,1.11191,10.4191,0.42336,36.966,0.42336,423.524,0,1.02816,0,0,2.86946,1.8413,1.028160,1,0,125.222,0,0,0,125.222,0
72.29,2.35465,0,0,5.4191,0.338982,2.72547,3.6288,61.308,0.367113,0,0,1.49467,0.238989,0.888566,0.66528,12.849,1,0.418521,2.72547,0,111.168,3.61925,109.856,0.84672,12.849,0.84672,3695.15,0,36.966,0.221353,2.73239,1.76813,11.5629,1.11191,14.7302,0.42336,36.966,0.42336,423.524,0,1.02816,0,0,3.76055,2.73239,1.028160,1,0,125.475,0,0,0,125.475,0
72.29,2.35541,0,0,5.95865,0.32683,3.2764,3.6288,61.308,0.367439,0,0,1.63408,0.17494,1.0917,0.66528,12.849,1,0.418657,3.2764,0,196.232,3.11149,195.978,0.84672,12.849,0.84672,3695.15,0,36.966,0.221549,2.02154,1.7687,12.3906,1.08474,14.8746,0.42336,36.966,0.42336,423.524,0,1.02816,0,0,3.0497,2.02154,1.028160,1,0,211.944,0,0,0,211.944,0
72.29,2.3237,0,0,3.65822,0.282295,1.05222,3.6288,61.308,0.352611,0,0,1.3227,0.228336,0.741751,0.66528,12.849,1,0.41302,1.05222,0,83.6205,3.91934,80.3404,0.84672,12.849,0.84672,3695.15,0,36.966,0.212609,1.56388,1.76927,8.69486,1.06428,10.7511,0.42336,36.966,0.42336,423.524,0,1.02816,0,0,2.59204,1.56388,1.028160,1,0,91.8333,0,0,0,91.8333,0
72.29,2.32445,0,0,4.0033,0.282295,1.39655,3.6288,61.308,0.352932,0,0,1.04447,0.228336,0.463204,0.66528,12.849,1,0.413154,1.39655,0,103.747,3.91934,100.811,0.84672,12.849,0.84672,3695.15,0,36.966,0.212802,1.29584,1.74391,6.3476,1.06428,8.11027,0.42336,36.966,0.42336,423.524,0,1.02816,0,0,2.324,1.29584,1.028160,1,0,109.384,0,0,0,109.384,0
72.29,2.3252,0,0,3.12556,0.282295,0.518065,3.6288,61.308,0.353254,0,0,0.773323,0.228336,0.191733,0.66528,12.849,1,0.413287,0.518065,0,83.2706,3.91934,79.456,0.84672,12.849,0.84672,3695.15,0,36.966,0.212996,1.14648,1.74447,5.78212,1.06428,7.39579,0.42336,36.966,0.42336,423.524,0,1.02816,0,0,2.17464,1.14648,1.028160,1,0,87.0436,0,0,0,87.0436,0
72.2104,2.32595,0,0,2.8915,0.282295,0.36288,3.6288,61.308,0.353575,0,0,0.620188,0.228336,0.0382763,0.66528,12.849,1,0.413421,0.36288,0,58.962,3.91934,54.9921,0.84672,12.849,0.84672,3695.15,0,36.966,0.21319,0.646747,1.74503,4.87339,1.06428,5.9877,0.42336,36.966,0.42336,423.524,0,1.02816,0,0,1.67491,0.646747,1.028160,1,0,61.0181,0,0,0,61.0181,0
72.0399,2.43667,0,0,2.84508,0.216033,0.36288,3.6288,61.308,0.407708,0,0,0.757096,0.221364,0.128023,0.66528,12.849,1,0.433578,0.36288,0,57.894,4.10582,53.7175,0.84672,12.849,0.84672,3695.15,0,36.966,0.24583,1.18361,1.7456,5.36779,1.04866,7.00251,0.42336,36.966,0.42336,423.524,0,1.02816,0,0,2.21177,1.18361,1.028160,1,0,60.8481,0,0,0,60.8481,0
72.0736,2.43659,0,0,2.99943,0.166249,0.36288,3.6288,61.308,0.408048,0,0,0.852569,0.216135,0.228386,0.66528,12.849,1,0.434589,0.36288,0,58.375,4.24567,54.0577,0.84672,12.849,0.84672,3695.15,0,36.966,0.246035,1.13902,1.83717,5.39617,1.03695,7.08937,0.42336,36.966,0.42336,423.524,0,1.02816,0,0,2.16718,1.13902,1.028160,1,0,61.3754,0,0,0,61.3754,0
71.8336,2.43755,0,0,2.72678,0.166291,0.36288,3.6288,61.308,0.408387,0,0,0.818968,0.216135,0.194446,0.66528,12.849,1,0.434557,0.36288,0,55.903,4.24567,51.5857,0.84672,12.849,0.84672,3695.15,0,36.966,0.246239,0.666144,1.83776,5.21274,1.03695,6.43345,0.42336,36.966,0.42336,423.524,0,1.02816,0,0,1.6943,0.666144,1.028160,1,0,58.2136,0,0,0,58.2136,0
71.2825,2.43711,0,0,2.41485,0.165988,0.36288,3.6288,61.308,0.408726,0,0,0.734571,0.216135,0.10971,0.66528,12.849,1,0.435929,0.36288,0,48.2071,4.24567,43.8883,0.84672,12.849,0.84672,3695.15,0,36.966,0.246444,0.469187,1.83835,4.90743,1.03695,5.93158,0.42336,36.966,0.42336,423.524,0,1.02816,0,0,1.49735,0.469187,1.028160,1,0,49.9296,0,0,0,49.9296,0
70.7707,2.43504,0,0,2.43558,0.149479,0.36288,3.6288,61.308,0.409065,0,0,0.831468,0.237927,0.184475,0.66528,12.849,1,0.438927,0.36288,0,50.0627,4.62782,45.3588,0.84672,12.849,0.84672,3695.15,0,36.966,0.246648,0.691511,1.83895,4.96883,1.10782,6.14482,0.42336,36.966,0.42336,423.524,0,1.02816,0,0,1.71967,0.691511,1.028160,1,0,51.6881,0,0,0,51.6881,0
70.7414,2.41134,0,0,2.86463,0.1197,0.36288,3.6288,61.308,0.439028,0,0,1.03743,0.297114,0.301288,0.66528,12.849,1,0.437799,0.36288,0,63.5697,5.30535,58.1894,0.84672,12.849,0.84672,3695.15,0,36.966,0.264715,1.00114,1.83954,5.4206,1.28808,6.70849,0.42336,36.966,0.42336,423.524,0,1.02816,0,0,2.0293,1.00114,1.028160,1,0,65.1992,0,0,0,65.1992,0
70.5785,2.41197,0,0,2.7191,0.107127,0.36288,3.6288,61.308,0.439377,0,0,1.00239,0.314798,0.248212,0.66528,12.849,1,0.438094,0.36288,0,59.3828,5.32434,53.9833,0.84672,12.849,0.84672,3695.15,0,36.966,0.264925,0.931789,1.872,5.46139,1.34666,6.65359,0.42336,36.966,0.42336,423.524,0,1.02816,0,0,1.95995,0.931789,1.028160,1,0,60.885,0,0,0,60.885,0
70.2488,2.41189,0,0,2.55205,0.106993,0.36288,3.6288,61.308,0.439726,0,0,0.882153,0.314798,0.127628,0.66528,12.849,1,0.439091,0.36288,0,54.2587,5.32434,48.8581,0.84672,12.849,0.84672,3695.15,0,36.966,0.265135,0.859274,1.8726,5.18298,1.34666,6.30306,0.42336,36.966,0.42336,423.524,0,1.02816,0,0,1.88743,0.859274,1.028160,1,0,55.2888,0,0,0,55.2888,0
69.7585,2.41093,0,0,2.3902,0.106722,0.36288,3.6288,61.308,0.440075,0,0,0.822502,0.314798,0.0676286,0.66528,12.849,1,0.440976,0.36288,0,51.9227,5.32434,46.5202,0.84672,12.849,0.84672,3695.15,0,36.966,0.265346,0.755162,1.87321,4.90572,1.34666,5.92208,0.42336,36.966,0.42336,423.524,0,1.02816,0,0,1.78332,0.755162,1.028160,1,0,52.51,0,0,0,52.51,0
69.1411,2.46531,0,0,2.29495,0.0841391,0.36288,3.6288,61.308,0.46686,0,0,0.847368,0.33486,0.0456479,0.66528,12.849,1,0.454092,0.36288,0,43.2091,6.01131,37.1065,0.84672,12.849,0.84672,3695.15,0,36.966,0.281496,0.741951,1.87381,4.29151,1.46474,5.16104,0.42336,36.966,0.42336,423.524,0,1.02816,0,0,1.77011,0.741951,1.028160,1,0,42.3132,0,0,0,42.3132,0
68.5139,2.46269,0,0,2.27848,0.0800583,0.36288,3.6288,61.2892,0.467218,0,0,0.786577,0.338204,0,0.66528,12.849,1,0.457659,0.36288,0,55.0346,6.1258,48.8141,0.84672,12.849,0.84672,3695.15,0,36.966,0.281712,0.931867,1.91963,4.63254,1.48441,5.71792,0.42336,36.966,0.42336,423.524,0,1.02816,0,0,1.96003,0.931867,1.028160,1,0,54.532,0,0,0,54.532,0
67.7449,2.45995,0,0,2.13347,0.079668,0.36288,3.6288,61.215,0.467522,0,0,0.731488,0.338164,0,0.66528,12.849,1,0.461336,0.36288,0,44.1876,6.1258,37.9634,0.84672,12.849,0.84672,3695.15,0,36.966,0.281981,0.895536,1.92025,4.17587,1.48441,5.22526,0.42336,36.966,0.42336,423.524,0,1.02816,0,0,1.9237,0.895536,1.028160,1,0,43.1886,0,0,0,43.1886,0
66.7889,2.45634,0,0,1.94245,0.0791894,0.36288,3.6288,61.1037,0.467666,0,0,0.694457,0.338005,0,0.66528,12.849,1,0.465888,0.36288,0,40.2713,6.1258,34.0425,0.84672,12.849,0.84672,3695.15,0,36.966,0.282411,0.599512,1.92087,3.89515,1.48441,4.64871,0.42336,36.966,0.42336,423.524,0,1.02816,0,0,1.62767,0.599512,1.028160,1,0,38.6912,0,0,0,38.6912,0
66.3464,2.32947,0,0,2.30238,0.0525776,0.36288,3.6288,61.1712,0.43158,0,0,0.834866,0.335828,0,0.66528,12.849,1,0.448149,0.36288,0,39.4229,6.14721,33.1905,0.84672,12.849,0.84672,3695.15,0,36.966,0.261093,1.06427,1.92149,5.21375,1.50213,6.43629,0.42336,36.966,0.42336,423.524,0,1.02816,0,0,2.09243,1.06427,1.028160,1,0,39.6267,0,0,0,39.6267,0
66.0197,2.32772,0,0,2.39269,0.0287462,0.36288,3.6288,61.2063,0.432105,0,0,0.794508,0.327348,0,0.66528,12.849,1,0.450798,0.36288,0,36.6378,6.00128,30.5486,0.84672,12.849,0.84672,3695.15,0,36.966,0.261123,0.716973,1.85004,3.55061,1.49088,4.36562,0.42336,36.966,0.42336,423.524,0,1.02816,0,0,1.74513,0.716973,1.028160,1,0,34.9143,0,0,0,34.9143,0
65.4013,2.3266,0,0,2.09968,0.0286716,0.36288,3.6288,61.2128,0.432545,0,0,0.76648,0.32742,0,0.66528,12.849,1,0.452812,0.36288,0,46.5733,6.00128,40.4821,0.84672,12.849,0.84672,3695.15,0,36.966,0.261239,0.639239,1.85064,3.40958,1.49088,4.14733,0.42336,36.966,0.42336,423.524,0,1.02816,0,0,1.6674,0.639239,1.028160,1,0,44.6294,0,0,0,44.6294,0
64.8305,2.32377,0,0,2.14441,0.0285303,0.36288,3.6288,61.308,0.432908,0,0,0.879232,0.327434,0.0236638,0.66528,12.849,1,0.456538,0.36288,0,40.3439,6.00128,34.2489,0.84672,12.849,0.84672,3695.15,0,36.966,0.261431,0.733743,1.85124,3.54074,1.49088,4.37341,0.42336,36.966,0.42336,423.524,0,1.02816,0,0,1.7619,0.733743,1.028160,1,0,38.646,0,0,0,38.646,0
64.3271,2.32117,0,0,2.2073,0.0266804,0.36288,3.6288,61.308,0.433508,0,0,0.887466,0.32236,0.131598,0.66528,12.849,1,0.460041,0.36288,0,40.4736,5.8755,34.501,0.84672,12.849,0.84672,3695.15,0,36.966,0.261386,1.09496,1.85183,4.61837,1.45529,5.84849,0.42336,36.966,0.42336,423.524,0,1.02816,0,0,2.12312,1.09496,1.028160,1,0,40.4811,0,0,0,40.4811,0
63.4551,2.52398,0,0,2.03119,0.0162966,0.36288,3.6288,61.308,0.507695,0,0,1.38434,0.290734,0.585915,0.66528,12.849,1,0.504153,0.36288,0,32.4686,5.12085,27.2065,0.84672,12.849,0.84672,3695.15,0,36.966,0.306117,1.84006,1.85243,5.9267,1.24176,8.07132,0.42336,36.966,0.42336,423.524,0,1.02816,0,0,2.86822,1.84006,1.028160,1,0,35.8637,0,0,0,35.8637,0
62.2793,2.51903,0,0,1.72231,0.0161818,0.36288,3.6288,61.2608,0.508065,0,0,0.751576,0.290734,0,0.66528,12.849,1,0.510078,0.36288,0,32.4231,5.12085,27.155,0.84672,12.849,0.84672,3695.15,0,36.966,0.306341,0.487763,1.99058,4.38376,1.24176,5.31401,0.42336,36.966,0.42336,423.524,0,1.02816,0,0,1.51592,0.487763,1.028160,1,0,32.469,0,0,0,32.469,0
61.3769,2.51186,0,0,2.02461,0.0523004,0.36288,3.6288,61.2557,0.508289,0,0,0.763577,0.260333,0,0.66528,12.849,1,0.518228,0.36288,0,32.6596,4.70559,27.7987,0.84672,12.849,0.84672,3695.15,0,36.966,0.306712,0.526098,1.99122,4.57803,1.11196,5.67668,0.42336,36.966,0.42336,423.524,0,1.02816,0,0,1.55426,0.526098,1.028160,1,0,33.4754,0,0,0,33.4754,0
64.0698,2.50637,0,0,5.70407,0.141924,0.36288,3.6288,61.308,0.508644,0,0,1.85372,0.184544,1.10827,0.66528,12.849,1,0.524698,0.36288,0,104.353,3.66744,100.523,0.84672,12.849,0.84672,3695.15,0,36.966,0.306951,1.52211,1.99186,12.1854,0.787473,14.605,0.42336,36.966,0.42336,423.524,0,1.02816,0,0,2.55027,1.52211,1.028160,1,0,116.237,0,0,0,116.237,0
63.68,2.46031,0,0,2.6326,0.199147,0.36288,3.6288,61.308,0.456239,0,0,1.06581,0.204162,0.405412,0.66528,12.849,1,0.493408,0.36288,0,66.175,4.70679,61.3377,0.84672,12.849,0.84672,3695.15,0,36.966,0.275092,0.973693,1.99251,5.60022,1.01009,7.28124,0.42336,36.966,0.42336,423.524,0,1.02816,0,0,2.00185,0.973693,1.028160,1,0,69.0243,0,0,0,69.0243,0
62.561,2.45859,0,0,1.92246,0.220076,0.36288,3.6288,61.308,0.456593,0,0,0.973642,0.211985,0.305064,0.66528,12.849,1,0.496081,0.36288,0,32.0298,5.12253,26.774,0.84672,12.849,0.84672,3695.15,0,36.966,0.275305,0.815149,1.91291,4.27913,1.09914,5.63274,0.42336,36.966,0.42336,423.524,0,1.02816,0,0,1.84331,0.815149,1.028160,1,0,32.7119,0,0,0,32.7119,0
67.1102,2.45202,0,0,7.55863,0.19453,0.36288,3.6288,61.308,0.456947,0,0,1.57842,0.193415,0.928053,0.66528,12.849,1,0.503605,0.36288,0,80.4389,4.69429,75.6039,0.84672,12.849,0.84672,3695.15,0,36.966,0.275519,1.77306,1.91353,11.4497,1.12764,13.7331,0.42336,36.966,0.42336,423.524,0,1.02816,0,0,2.80122,1.77306,1.028160,1,0,90.2651,0,0,0,90.2651,0
69.7341,2.48147,0,0,5.70135,0.233025,0.36288,3.6288,61.308,0.457301,0,0,1.69324,0.151494,1.08445,0.66528,12.849,1,0.475106,0.36288,0,94.9882,3.80489,91.071,0.84672,12.849,0.84672,3695.15,0,36.966,0.275732,1.84772,1.91414,11.9915,0.923025,14.5546,0.42336,36.966,0.42336,423.524,0,1.02816,0,0,2.87588,1.84772,1.028160,1,0,106.71,0,0,0,106.71,0
70.6383,2.30929,0,0,3.83894,0.262627,0.36288,3.6288,61.308,0.347257,0,0,0.983852,0.179227,0.457368,0.66528,12.849,1,0.425503,0.36288,0,67.2814,4.09189,63.1269,0.84672,12.849,0.84672,3695.15,0,36.966,0.20938,0.994784,1.91476,6.88166,1.01851,8.56332,0.42336,36.966,0.42336,423.524,0,1.02816,0,0,2.02294,0.994784,1.028160,1,0,72.1476,0,0,0,72.1476,0
71.8156,2.31464,0,0,4.15261,0.297725,0.36288,3.6288,61.308,0.347575,0,0,0.703849,0.216205,0.140068,0.66528,12.849,1,0.42103,0.36288,0,57.1725,4.47458,52.6398,0.84672,12.849,0.84672,3695.15,0,36.966,0.209573,0.471122,1.73691,7.62169,1.14582,8.47433,0.42336,36.966,0.42336,423.524,0,1.02816,0,0,1.49928,0.471122,1.028160,1,0,61.2542,0,0,0,61.2542,0
72.29,2.32125,0,0,5.4221,0.300419,2.32608,3.6288,61.308,0.347894,0,0,1.34695,0.216205,0.782851,0.66528,12.849,1,0.415309,2.32608,0,102.578,4.47458,100.014,0.84672,12.849,0.84672,3695.15,0,36.966,0.209765,0.726875,1.73747,8.72502,1.14582,9.83378,0.42336,36.966,0.42336,423.524,0,1.02816,0,0,1.75503,0.726875,1.028160,1,0,110.631,0,0,0,110.631,0
72.29,2.32431,0,0,5.76273,0.295087,3.14334,3.6288,61.308,0.348213,0,0,1.74652,0.218411,1.17989,0.66528,12.849,1,0.413128,3.14334,0,128.808,4.1558,127.382,0.84672,12.849,0.84672,3695.15,0,36.966,0.209957,1.74912,1.73803,10.4339,1.10643,12.6047,0.42336,36.966,0.42336,423.524,0,1.02816,0,0,2.77728,1.74912,1.028160,1,0,141.167,0,0,0,141.167,0
72.29,2.32506,0,0,5.84311,0.28653,3.23152,3.6288,61.308,0.348532,0,0,1.02408,0.221352,0.454198,0.66528,12.849,1,0.413261,3.23152,0,89.1216,3.73075,88.2091,0.84672,12.849,0.84672,3695.15,0,36.966,0.210149,1.22408,1.73859,8.9678,1.0539,10.6664,0.42336,36.966,0.42336,423.524,0,1.02816,0,0,2.25224,1.22408,1.028160,1,0,99.3297,0,0,0,99.3297,0
72.29,2.39865,0,0,5.63147,0.271794,2.96103,3.6288,61.308,0.380861,0,0,1.41352,0.203565,0.829096,0.66528,12.849,1,0.426341,2.96103,0,88.5064,3.90926,87.1319,0.84672,12.849,0.84672,3695.15,0,36.966,0.229642,1.22001,1.73915,7.88397,1.10998,9.50351,0.42336,36.966,0.42336,423.524,0,1.02816,0,0,2.24817,1.22001,1.028160,1,0,97.4645,0,0,0,97.4645,0
72.29,2.39939,0,0,3.63693,0.271794,0.965748,3.6288,61.308,0.381177,0,0,0.976873,0.203565,0.392131,0.66528,12.849,1,0.426473,0.965748,0,67.0818,3.90926,63.7118,0.84672,12.849,0.84672,3695.15,0,36.966,0.229833,0.700782,1.79543,4.92936,1.10998,6.08576,0.42336,36.966,0.42336,423.524,0,1.02816,0,0,1.72894,0.700782,1.028160,1,0,70.1897,0,0,0,70.1897,0
72.1777,2.40013,0,0,2.92246,0.271794,0.36288,3.6288,61.308,0.381493,0,0,1.20416,0.203565,0.619099,0.66528,12.849,1,0.426605,0.36288,0,73.4962,3.90926,69.5232,0.84672,12.849,0.84672,3695.15,0,36.966,0.230023,0.752311,1.79599,6.72667,1.10998,7.93497,0.42336,36.966,0.42336,423.524,0,1.02816,0,0,1.78047,0.752311,1.028160,1,0,78.0772,0,0,0,78.0772,0
72.29,2.40031,0,0,4.97633,0.292498,2.17118,3.6288,61.308,0.381809,0,0,2.02341,0.229783,1.41182,0.66528,12.849,1,0.427301,2.17118,0,142.861,4.10055,140.504,0.84672,12.849,0.84672,3695.15,0,36.966,0.230214,1.9298,1.79654,12.2358,1.17675,14.5552,0.42336,36.966,0.42336,423.524,0,1.02816,0,0,2.95796,1.9298,1.028160,1,0,156.471,0,0,0,156.471,0
72.29,2.63586,0,0,4.54377,0.315279,1.59263,3.6288,61.308,0.502472,0,0,1.42432,0.250733,0.671116,0.66528,12.849,1,0.468505,1.59263,0,102.745,4.57347,99.2958,0.84672,12.849,0.84672,3695.15,0,36.966,0.302969,1.14105,1.7971,6.56108,1.25396,7.9423,0.42336,36.966,0.42336,423.524,0,1.02816,0,0,2.16921,1.14105,1.028160,1,0,107.909,0,0,0,107.909,0
72.29,2.63668,0,0,3.5965,0.311223,0.648603,3.6288,61.308,0.502826,0,0,1.01365,0.240227,0.270601,0.66528,12.849,1,0.468649,0.648603,0,84.8379,4.73686,80.281,0.84672,12.849,0.84672,3695.15,0,36.966,0.303182,0.796885,1.9984,5.85776,1.2451,7.10476,0.42336,36.966,0.42336,423.524,0,1.02816,0,0,1.82504,0.796885,1.028160,1,0,87.6563,0,0,0,87.6563,0
72.29,2.63749,0,0,3.7316,0.315087,0.779019,3.6288,61.308,0.50318,0,0,1.08315,0.240529,0.339445,0.66528,12.849,1,0.468794,0.779019,0,79.2029,4.62681,74.8863,0.84672,12.849,0.84672,3695.15,0,36.966,0.303395,1.03864,1.99902,8.35904,1.21522,9.87809,0.42336,36.966,0.42336,423.524,0,1.02816,0,0,2.0668,1.03864,1.028160,1,0,85.1038,0,0,0,85.1038,0
72.29,2.63831,0,0,3.99063,0.33827,1.01406,3.6288,61.308,0.503533,0,0,1.1198,0.242342,0.373929,0.66528,12.849,1,0.468939,1.01406,0,92.3849,3.96648,88.9636,0.84672,12.849,0.84672,3695.15,0,36.966,0.303608,1.15046,1.99963,6.61656,1.03594,8.4271,0.42336,36.966,0.42336,423.524,0,1.02816,0,0,2.17862,1.15046,1.028160,1,0,97.7646,0,0,0,97.7646,0
72.29,2.3046,0,0,4.51146,0.317607,1.88926,3.6288,61.308,0.342181,0,0,1.51282,0.249128,0.921512,0.66528,12.849,1,0.409625,1.88926,0,89.3437,4.0329,86.7904,0.84672,12.849,0.84672,3695.15,0,36.966,0.20632,1.38962,2.00025,7.87838,1.08356,9.97838,0.42336,36.966,0.42336,423.524,0,1.02816,0,0,2.41778,1.38962,1.028160,1,0,97.6903,0,0,0,97.6903,0
72.29,2.30531,0,0,4.37746,0.30211,1.77005,3.6288,61.308,0.342485,0,0,1.65028,0.254217,1.05358,0.66528,12.849,1,0.409751,1.77005,0,102.759,4.08272,100.037,0.84672,12.849,0.84672,3695.15,0,36.966,0.206503,1.42804,1.72677,6.95461,1.11927,8.78364,0.42336,36.966,0.42336,423.524,0,1.02816,0,0,2.4562,1.42804,1.028160,1,0,109.874,0,0,0,109.874,0
72.29,2.30602,0,0,4.45104,0.30211,1.84291,3.6288,61.308,0.342789,0,0,1.45171,0.254217,0.854705,0.66528,12.849,1,0.409878,1.84291,0,104.871,4.08272,102.222,0.84672,12.849,0.84672,3695.15,0,36.966,0.206686,1.54735,1.72731,6.17022,1.11927,8.11892,0.42336,36.966,0.42336,423.524,0,1.02816,0,0,2.57551,1.54735,1.028160,1,0,111.195,0,0,0,111.195,0
72.29,2.30673,0,0,4.05869,0.30211,1.44985,3.6288,61.308,0.343093,0,0,1.66191,0.254217,1.0646,0.66528,12.849,1,0.410004,1.44985,0,95.205,4.08272,92.1622,0.84672,12.849,0.84672,3695.15,0,36.966,0.20687,1.56222,1.72784,7.69712,1.11927,9.66103,0.42336,36.966,0.42336,423.524,0,1.02816,0,0,2.59038,1.56222,1.028160,1,0,102.888,0,0,0,102.888,0
72.29,2.30745,0,0,5.69282,0.318657,3.06671,3.6288,61.308,0.343397,0,0,1.97462,0.198944,1.43228,0.66528,12.849,1,0.410131,3.06671,0,132.519,3.56091,131.614,0.84672,12.849,0.84672,3695.15,0,36.966,0.207053,1.36364,1.72837,8.83693,0.89011,10.8318,0.42336,36.966,0.42336,423.524,0,1.02816,0,0,2.3918,1.36364,1.028160,1,0,143.878,0,0,0,143.878,0
72.29,2.39249,0,0,4.31591,0.289992,1.63343,3.6288,61.308,0.383322,0,0,1.92264,0.223377,1.31594,0.66528,12.849,1,0.425248,1.63343,0,93.7924,4.41063,90.5899,0.84672,12.849,0.84672,3695.15,0,36.966,0.231126,1.65182,1.72891,7.86074,0.972121,10.0382,0.42336,36.966,0.42336,423.524,0,1.02816,0,0,2.67998,1.65182,1.028160,1,0,101.944,0,0,0,101.944,0
72.29,2.39323,0,0,3.09366,0.289992,0.410439,3.6288,61.308,0.398552,0,0,0.673488,0.223377,0.0515589,0.66528,12.849,1,0.425379,0.410439,0,85.2336,4.41063,80.808,0.84672,12.849,0.84672,3695.15,0,36.966,0.240309,0.528595,1.79712,3.7408,0.972121,4.85409,0.42336,36.966,0.42336,423.524,0,1.00425,0,0,1.53285,0.528595,1.028160,1,0,85.7137,0,0,0,85.7137,0
72.29,2.39397,0,0,4.59794,0.286782,1.91719,3.6288,61.308,0.383955,0,0,1.44579,0.22727,0.834567,0.66528,12.849,1,0.42551,1.91719,0,111.146,4.51416,108.123,0.84672,12.849,0.84672,3695.15,0,36.966,0.231508,1.28993,1.79768,6.87696,0.979663,8.7534,0.42336,36.966,0.42336,423.524,0,1.02816,0,0,2.31809,1.28993,1.028160,1,0,117.711,0,0,0,117.711,0
72.29,2.39471,0,0,3.25697,0.232593,0.629664,3.6288,61.308,0.413776,0,0,0.679519,0.225202,0.04054,0.66528,12.849,1,0.425642,0.629664,0,76.6584,4.24584,72.6166,0.84672,12.849,0.84672,3695.15,0,36.966,0.249489,0.528595,1.79823,3.83831,0.895893,5.01976,0.42336,36.966,0.42336,423.524,0,0.980865,0,0,1.50946,0.528595,1.028160,1,0,77.6769,0,0,0,77.6769,0
72.29,2.36244,0,0,3.63176,0.194707,1.07462,3.6288,61.308,0.369181,0,0,1.0472,0.221648,0.456374,0.66528,12.849,1,0.419905,1.07462,0,83.3993,4.42905,79.625,0.84672,12.849,0.84672,3695.15,0,36.966,0.222599,1.36223,1.79879,6.41409,1.03525,8.31726,0.42336,36.966,0.42336,423.524,0,1.02816,0,0,2.39039,1.36223,1.028160,1,0,88.3986,0,0,0,88.3986,0
72.29,2.36316,0,0,3.23152,0.190721,0.677638,3.6288,61.308,0.369493,0,0,1.07771,0.22275,0.485468,0.66528,12.849,1,0.420035,0.677638,0,77.0437,4.51888,72.7825,0.84672,12.849,0.84672,3695.15,0,36.966,0.222788,1.28626,1.77298,5.99876,1.06708,7.76813,0.42336,36.966,0.42336,423.524,0,1.02816,0,0,2.31442,1.28626,1.028160,1,0,81.0361,0,0,0,81.0361,0
72.2473,2.36389,0,0,2.87481,0.190721,0.36288,3.6288,61.308,0.369805,0,0,0.964328,0.22275,0.371773,0.66528,12.849,1,0.420164,0.36288,0,66.0588,4.51888,61.4827,0.84672,12.849,0.84672,3695.15,0,36.966,0.222976,0.996754,1.77352,5.12925,1.06708,6.60947,0.42336,36.966,0.42336,423.524,0,1.02816,0,0,2.02491,0.996754,1.028160,1,0,68.4639,0,0,0,68.4639,0
71.978,2.36441,0,0,2.63571,0.177701,0.36288,3.6288,61.308,0.370117,0,0,0.87251,0.205684,0.29671,0.66528,12.849,1,0.420505,0.36288,0,60.6111,4.165,56.3884,0.84672,12.849,0.84672,3695.15,0,36.966,0.223164,0.849891,1.77407,4.79332,0.977326,6.21679,0.42336,36.966,0.42336,423.524,0,1.02816,0,0,1.87805,0.849891,1.028160,1,0,62.9019,0,0,0,62.9019,0
71.4836,2.47594,0,0,2.49455,0.150199,0.36288,3.6288,61.308,0.425134,0,0,0.822251,0.202343,0.194774,0.66528,12.849,1,0.441987,0.36288,0,56.6715,3.68668,52.9057,0.84672,12.849,0.84672,3695.15,0,36.966,0.256337,0.895104,1.77462,4.49004,0.913779,5.98964,0.42336,36.966,0.42336,423.524,0,1.02816,0,0,1.92326,0.895104,1.028160,1,0,59.0901,0,0,0,59.0901,0
70.9341,2.47411,0,0,2.42406,0.136489,0.36288,3.6288,61.308,0.425463,0,0,0.793981,0.228229,0.140289,0.66528,12.849,1,0.444715,0.36288,0,52.0677,3.67805,48.3079,0.84672,12.849,0.84672,3695.15,0,36.966,0.256536,1.04334,1.86768,4.72039,0.988614,6.38626,0.42336,36.966,0.42336,423.524,0,1.02816,0,0,2.0715,1.04334,1.028160,1,0,54.8344,0,0,0,54.8344,0
70.3119,2.47196,0,0,2.34853,0.135916,0.36288,3.6288,61.308,0.425793,0,0,0.83198,0.228229,0.177958,0.66528,12.849,1,0.44777,0.36288,0,49.4052,3.67805,45.6423,0.84672,12.849,0.84672,3695.15,0,36.966,0.256734,0.967974,1.86826,4.90003,0.988614,6.49091,0.42336,36.966,0.42336,423.524,0,1.02816,0,0,1.99613,0.967974,1.028160,1,0,52.3112,0,0,0,52.3112,0
69.5438,2.46937,0,0,2.19941,0.135268,0.36288,3.6288,61.308,0.426122,0,0,0.767517,0.228229,0.113166,0.66528,12.849,1,0.451259,0.36288,0,46.3069,3.67805,42.5404,0.84672,12.849,0.84672,3695.15,0,36.966,0.256933,0.786862,1.86883,4.43976,0.988614,5.84991,0.42336,36.966,0.42336,423.524,0,1.02816,0,0,1.81502,0.786862,1.028160,1,0,48.5035,0,0,0,48.5035,0
68.6484,2.46592,0,0,2.02095,0.087587,0.36288,3.6288,61.308,0.426451,0,0,0.694606,0.266165,0.00198978,0.66528,12.849,1,0.455607,0.36288,0,42.0332,4.68178,37.2587,0.84672,12.849,0.84672,3695.15,0,36.966,0.257131,0.786741,1.86941,4.10103,1.13515,5.3649,0.42336,36.966,0.42336,423.524,0,1.02816,0,0,1.8149,0.786741,1.028160,1,0,42.6255,0,0,0,42.6255,0
67.4148,2.43963,0,0,1.64708,0.0781752,0.36288,3.6288,60.9616,0.552864,0,0,0.464524,0.258051,0,0.66528,12.849,1,0.456628,0.36288,0,31.0927,5.25136,25.7476,0.84672,12.849,0.84672,3695.15,0,36.966,0.333352,0.30119,1.86999,2.89609,1.24024,3.49368,0.42336,36.966,0.42336,423.524,0,0.874325,0,0,1.17552,0.30119,1.028160,1,0,29.2413,0,0,0,29.2413,0
66.0834,2.43336,0,0,1.54234,0.0774226,0.36288,3.6288,60.5744,0.571348,0,0,0.441607,0.257486,0,0.66528,12.849,1,0.463789,0.36288,0,31.0519,5.25136,25.6996,0.84672,12.849,0.84672,3695.15,0,36.966,0.346455,0.261274,1.90295,2.97624,1.24024,3.55377,0.42336,36.966,0.42336,423.524,0,0.843281,0,0,1.10455,0.261274,1.028160,1,0,29.2534,0,0,0,29.2534,0
64.6203,2.42628,0,0,1.40268,0.0766105,0.36288,3.6288,60.169,0.579195,0,0,0.430619,0.256855,0,0.66528,12.849,1,0.471757,0.36288,0,30.4441,5.25136,25.0838,0.84672,12.849,0.84672,3695.15,0,36.966,0.353458,0.261274,1.90354,2.85176,1.24024,3.42288,0.42336,36.966,0.42336,423.524,0,0.828973,0,0,1.09025,0.261274,1.028160,1,0,28.5067,0,0,0,28.5067,0
63.0368,2.41812,0,0,1.27313,0.075718,0.36288,3.6288,59.6625,0.654214,0,0,0.403987,0.256193,0,0.66528,12.849,1,0.480815,0.36288,0,27.1282,5.25136,21.7589,0.84672,12.849,0.84672,3695.15,0,36.966,0.401929,0.261274,1.90413,2.75869,1.24024,3.28192,0.42336,36.966,0.42336,423.524,0,0.706026,0,0,0.9673,0.261274,1.028160,1,0,25.0408,0,0,0,25.0408,0
61.4072,2.46505,0,0,1.24582,0.0474779,0.36288,3.6288,59.1498,0.654354,0,0,0.449315,0.307679,0,0.66528,12.849,1,0.502459,0.36288,0,24.45,5.99402,18.3164,0.84672,12.849,0.84672,3695.15,0,36.966,0.405428,0.261274,1.90471,2.53384,1.49809,2.7963,0.42336,36.966,0.42336,423.524,0,0.746004,0,0,1.00728,0.261274,1.028160,1,0,21.1127,0,0,0,21.1127,0
59.7792,2.45478,0,0,1.23802,0.0483101,0.36288,3.6288,58.6699,0.602112,0,0,0.419471,0.297233,0,0.66528,12.849,1,0.513644,0.36288,0,31.0451,5.89586,24.9985,0.84672,12.849,0.84672,3695.15,0,36.966,0.376293,0.261274,1.95126,2.70251,1.45697,3.08177,0.42336,36.966,0.42336,423.524,0,0.827937,0,0,1.08921,0.261274,1.028160,1,0,28.0802,0,0,0,28.0802,0
58.0839,2.44402,0,0,1.15923,0.0476295,0.36288,3.6288,58.1715,0.592175,0,0,0.390094,0.296318,0,0.66528,12.849,1,0.525319,0.36288,0,24.9262,5.89586,18.8679,0.84672,12.849,0.84672,3695.15,0,36.966,0.37311,0.227405,1.95186,2.4361,1.45697,2.78528,0.42336,36.966,0.42336,423.524,0,0.841614,0,0,1.06902,0.227405,1.028160,1,0,21.6532,0,0,0,21.6532,0
56.2974,2.43221,0,0,1.05545,0.0468556,0.36288,3.6288,57.5395,0.706979,0,0,0.370342,0.295369,0,0.66528,12.849,1,0.53804,0.36288,0,22.7169,5.89586,16.6459,0.84672,12.849,0.84672,3695.15,0,36.966,0.42336,0.227405,1.95246,2.27233,1.45697,2.57186,0.42336,36.966,0.42336,423.524,0,0.677117,0,0,0.904522,0.227405,1.028160,1,0,19.2177,0,0,0,19.2177,0
54.7652,2.2986,0,0,1.16401,0.0347297,0.36288,3.6288,57.1153,0.539998,0,0,0.416816,0.301034,0,0.66528,12.849,1,0.524619,0.36288,0,21.8295,6.02553,15.6422,0.84672,12.849,0.84672,3695.15,0,36.966,0.346919,0.227405,1.95306,3.19204,1.49529,3.5303,0.42336,36.966,0.42336,423.524,0,0.862167,0,0,1.08957,0.227405,1.028160,1,0,19.1725,0,0,0,19.1725,0
53.1258,2.28742,0,0,1.03975,0.0288585,0.36288,3.6288,56.0707,1.02814,0,0,0.306972,0.323468,0,0.66528,12.849,1,0.536673,0.36288,0,17.6806,5.97125,11.5356,0.84672,12.849,0.84672,3695.15,0,36.966,0.42336,0.227405,1.88041,2.22307,1.50039,2.40714,0.42336,36.966,0.42336,423.524,0,0.298125,0,0,0.52553,0.227405,1.028160,1,0,13.9427,0,0,0,13.9427,0
51.316,2.27478,0,0,0.856224,0.0283822,0.36288,3.6288,54.9497,1.06686,0,0,0.267182,0.321274,0,0.66528,12.849,1,0.550178,0.36288,0,21.9495,5.97125,15.7909,0.84672,12.849,0.84672,3695.15,0,36.966,0.42336,0.204422,1.88099,1.98333,1.50039,2.14499,0.42336,36.966,0.42336,423.524,0,0.259936,0,0,0.464359,0.204422,1.028160,1,0,17.9359,0,0,0,17.9359,0
49.6125,2.25996,0,0,0.947212,0.0278564,0.36288,3.6288,54.074,0.923879,0,0,0.367025,0.318919,0,0.66528,12.849,1,0.56587,0.36288,0,18.8186,5.97125,12.6444,0.84672,12.849,0.84672,3695.15,0,36.966,0.42336,0.204422,1.88157,2.37012,1.50039,2.53236,0.42336,36.966,0.42336,423.524,0,0.403461,0,0,0.607884,0.204422,1.028160,1,0,15.1767,0,0,0,15.1767,0
47.8547,2.24522,0,0,0.879733,0.0294326,0.36288,3.6288,53.0925,0.972579,0,0,0.294997,0.303921,0,0.66528,12.849,1,0.581482,0.36288,0,18.0546,5.60156,12.2344,0.84672,12.849,0.84672,3695.15,0,36.966,0.42336,0.204422,1.88215,2.69279,1.35648,2.99953,0.42336,36.966,0.42336,423.524,0,0.3553,0,0,0.559723,0.204422,1.028160,1,0,15.2339,0,0,0,15.2339,0
45.9362,2.42619,0,0,0.894136,0.0235442,0.36288,3.6288,52.0147,1.15739,0,0,0.345377,0.265783,0,0.66528,12.849,1,0.651432,0.36288,0,25.4543,5.44152,19.7242,0.84672,12.849,0.84672,3695.15,0,36.966,0.42336,0.204422,1.88273,1.7823,1.40774,2.03836,0.42336,36.966,0.42336,423.524,0,0.291321,0,0,0.495743,0.204422,1.028160,1,0,21.7626,0,0,0,21.7626,0
44.9267,2.40567,0,0,1.78207,0.0230506,0.36288,3.6288,51.6189,0.704808,0,0,0.572543,0.263494,0,0.66528,12.849,1,0.672899,0.36288,0,27.3385,5.44152,21.587,0.84672,12.849,0.84672,3695.15,0,36.966,0.42336,0.216518,2.02311,2.9155,1.40774,3.32403,0.42336,36.966,0.42336,423.524,0,0.744483,0,0,0.961001,0.216518,1.028160,1,0,24.911,0,0,0,24.911,0
42.9473,2.39465,0,0,0.800876,0.0227908,0.36288,3.6288,50.5484,1.14285,0,0,0.335051,0.262653,0,0.66528,12.849,1,0.684868,0.36288,0,23.4772,5.44152,17.7137,0.84672,12.849,0.84672,3695.15,0,36.966,0.42336,0.216518,2.02373,1.57609,1.40774,1.98524,0.42336,36.966,0.42336,423.524,0,0.307016,0,0,0.523535,0.216518,1.028160,1,0,19.6989,0,0,0,19.6989,0
41.0973,2.37108,0,0,0.906293,0.0222814,0.36288,3.6288,49.5067,1.17416,0,0,0.392751,0.260379,0,0.66528,12.849,1,0.709383,0.36288,0,18.8463,5.44152,13.0583,0.84672,12.849,0.84672,3695.15,0,36.966,0.42336,0.216518,2.02436,1.75503,1.40774,2.16481,0.42336,36.966,0.42336,423.524,0,0.276286,0,0,0.492804,0.216518,1.028160,1,0,15.2231,0,0,0,15.2231,0
41.0165,2.28684,0,0,2.69754,0.128632,0.36288,3.6288,49.5106,0.435098,0,0,0.662169,0.223141,0,0.66528,12.849,1,0.714976,0.36288,0,44.0182,4.23826,39.4278,0.84672,12.849,0.84672,3695.15,0,36.966,0.324883,0.301009,2.02498,3.32664,1.18497,4.14278,0.42336,36.966,0.42336,423.524,0,1.02816,0,0,1.32917,0.301009,1.028160,1,0,43.5706,0,0,0,43.5706,0
40.7634,2.28647,0,0,2.52668,0.130401,0.36288,3.6288,49.517,0.435428,0,0,0.633803,0.191921,0,0.66528,12.849,1,0.716269,0.36288,0,57.5078,3.98149,53.173,0.84672,12.849,0.84672,3695.15,0,36.966,0.325103,0.515782,1.94406,4.93744,1.1499,5.92228,0.42336,36.966,0.42336,423.524,0,1.02816,0,0,1.54394,0.515782,1.028160,1,0,59.0952,0,0,0,59.0952,0
40.6471,2.28379,0,0,2.66033,0.130012,0.36288,3.6288,49.8579,0.435768,0,0,0.968579,0.191932,0,0.66528,12.849,1,0.719871,0.36288,0,67.6374,3.98149,63.2989,0.84672,12.849,0.84672,3695.15,0,36.966,0.325314,0.748958,1.94466,5.83102,1.1499,7.04942,0.42336,36.966,0.42336,423.524,0,1.02816,0,0,1.77712,0.748958,1.028160,1,0,70.3483,0,0,0,70.3483,0
40.4987,2.28293,0,0,2.62722,0.129832,0.36288,3.6288,50.2333,0.437361,0,0,1.00518,0.19247,0,0.66528,12.849,1,0.721659,0.36288,0,53.3001,3.98149,48.9598,0.84672,12.849,0.84672,3695.15,0,36.966,0.324271,1.1051,1.94525,6.93472,1.1499,8.51091,0.42336,36.966,0.42336,423.524,0,1.02816,0,0,2.13326,1.1051,1.028160,1,0,57.4707,0,0,0,57.4707,0
40.9404,2.10979,0,0,3.07884,0.164396,0.36288,3.6288,50.9353,0.335476,0,0,1.24258,0.205066,0,0.66528,12.849,1,0.669372,0.36288,0,81.4717,3.45545,77.7098,0.84672,12.849,0.84672,3695.15,0,36.966,0.246873,0.925197,1.94585,6.37809,1.02424,7.97803,0.42336,36.966,0.42336,423.524,0,1.02816,0,0,1.95336,0.925197,1.028160,1,0,85.6878,0,0,0,85.6878,0
43.7615,2.11594,0,0,5.48514,0.185221,0.36288,3.6288,51.0179,0.337735,0,0,0.631765,0.211386,0,0.66528,12.849,1,0.664079,0.36288,0,81.0389,4.21355,76.5241,0.84672,12.849,0.84672,3695.15,0,36.966,0.245109,0.362232,1.76509,4.69899,1.15106,5.43014,0.42336,36.966,0.42336,423.524,0,1.02816,0,0,1.39039,0.362232,1.028160,1,0,81.9543,0,0,0,81.9543,0
48.2908,2.06986,0,0,7.15344,0.191398,0.36288,3.6288,51.1764,0.398138,0,0,0.768112,0.211528,0,0.66528,12.849,1,0.607739,0.36288,0,113.332,4.21355,108.873,0.84672,12.849,0.84672,3695.15,0,36.966,0.288478,0.479416,1.76564,7.88797,1.15106,8.69349,0.42336,36.966,0.42336,423.524,0,1.02816,0,0,1.50758,0.479416,1.028160,1,0,117.567,0,0,0,117.567,0
51.982,2.19713,0,0,6.43269,0.181537,0.36288,3.6288,52.22,0.338981,0,0,1.57703,0.194452,0,0.66528,12.849,1,0.584601,0.36288,0,125.514,3.57041,121.722,0.84672,12.849,0.84672,3695.15,0,36.966,0.244855,1.57577,1.82662,7.88531,1.07072,9.97213,0.42336,36.966,0.42336,423.524,0,1.02816,0,0,2.60393,1.57577,1.028160,1,0,131.694,0,0,0,131.694,0
54.6339,2.2311,0,0,5.43129,0.185349,0.36288,3.6288,52.3083,0.342137,0,0,0.623649,0.193183,0,0.66528,12.849,1,0.551486,0.36288,0,69.8616,3.46322,66.2098,0.84672,12.849,0.84672,3695.15,0,36.966,0.242195,0.494173,1.76672,4.67656,1.05733,5.63794,0.42336,36.966,0.42336,423.524,0,1.02816,0,0,1.52233,0.494173,1.028160,1,0,71.8477,0,0,0,71.8477,0
54.3842,2.32404,0,0,2.65944,0.222235,0.36288,3.6288,52.1647,0.575739,0,0,0.651497,0.219406,0,0.66528,12.849,1,0.546575,0.36288,0,49.9049,5.0383,44.6829,0.84672,12.849,0.84672,3695.15,0,36.966,0.406872,0.412474,1.76727,3.26665,1.20794,3.83159,0.42336,36.966,0.42336,423.524,0,0.682517,0,0,1.09499,0.412474,1.028160,1,0,48.5145,0,0,0,48.5145,0
56.0215,2.32269,0,0,4.54977,0.226961,0.36288,3.6288,52.225,0.519009,0,0,0.802803,0.223495,0,0.66528,12.849,1,0.548767,0.36288,0,44.7567,5.30082,39.27,0.84672,12.849,0.84672,3695.15,0,36.966,0.367791,0.503194,1.82443,9.30101,1.23304,10.0278,0.42336,36.966,0.42336,423.524,0,0.778818,0,0,1.28201,0.503194,1.028160,1,0,49.2978,0,0,0,49.2978,0
68.503,2.33643,0,0,15.4115,0.230716,0.36288,3.6288,53.1294,0.373546,0,0,1.5016,0.223604,0,0.66528,12.849,1,0.535879,0.36288,0,137.004,5.30082,131.531,0.84672,12.849,0.84672,3695.15,0,36.966,0.264404,1.60733,1.82497,7.84183,1.23304,9.77668,0.42336,36.966,0.42336,423.524,0,1.02816,0,0,2.63549,1.60733,1.028160,1,0,141.307,0,0,0,141.307,0
72.29,2.41936,0,0,10.756,0.263922,4.28571,3.6288,54.0698,0.37649,0,0,1.53378,0.21692,0,0.66528,12.849,1,0.453795,4.28571,0,185.344,4.82127,184.355,0.84672,12.849,0.84672,3695.15,0,36.966,0.261951,1.5391,1.82551,5.8438,1.10394,7.84251,0.42336,36.966,0.42336,423.524,0,1.02816,0,0,2.56726,1.5391,1.028160,1,0,192.198,0,0,0,192.198,0
72.29,2.67828,0,0,6.47653,0.288657,3.50959,3.6288,54.4777,0.495909,0,0,1.10207,0.198237,0,0.66528,12.849,1,0.476044,3.50959,0,90.5818,3.90418,89.7111,0.84672,12.849,0.84672,3695.15,0,36.966,0.339039,1.30801,1.82604,6.93763,0.986114,8.74654,0.42336,36.966,0.42336,423.524,0,1.02816,0,0,2.33617,1.30801,1.028160,1,0,98.4577,0,0,0,98.4577,0
72.29,2.67907,0,0,6.1548,0.307426,3.1683,3.6288,54.9381,0.497748,0,0,1.13431,0.176183,0,0.66528,12.849,1,0.476184,3.1683,0,98.1461,2.93716,97.901,0.84672,12.849,0.84672,3695.15,0,36.966,0.337748,2.79348,2.03056,7.95727,0.897865,11.5457,0.42336,36.966,0.42336,423.524,0,1.02816,0,0,3.82164,2.79348,1.028160,1,0,109.447,0,0,0,109.447,0
72.29,2.67986,0,0,6.39179,0.307426,3.4045,3.6288,55.3534,0.499769,0,0,1.09176,0.176719,0,0.66528,12.849,1,0.476325,3.4045,0,95.3873,2.93716,95.3783,0.84672,12.849,0.84672,3695.15,0,36.966,0.336278,2.40072,2.03116,6.40695,0.897865,9.60468,0.42336,36.966,0.42336,423.524,0,1.02816,0,0,3.42888,2.40072,1.028160,1,0,104.983,0,0,0,104.983,0
72.29,2.68065,0,0,5.42364,0.295732,2.44726,3.6288,55.9026,0.501611,0,0,1.24668,0.195876,0,0.66528,12.849,1,0.476465,2.44726,0,87.7409,3.52479,86.1869,0.84672,12.849,0.84672,3695.15,0,36.966,0.334985,2.6499,2.03175,7.29043,1.08987,10.5472,0.42336,36.966,0.42336,423.524,0,1.02816,0,0,3.67806,2.6499,1.028160,1,0,96.7342,0,0,0,96.7342,0
72.29,2.34155,0,0,6.25614,0.303667,3.61092,3.6288,56.4035,0.345389,0,0,1.02598,0.179632,0,0.66528,12.849,1,0.416193,3.61092,0,75.6572,3.89865,74.9533,0.84672,12.849,0.84672,3695.15,0,36.966,0.228391,2.88024,2.03235,7.80313,1.31608,11.1712,0.42336,36.966,0.42336,423.524,0,1.02816,0,0,3.9084,2.88024,1.028160,1,0,86.1245,0,0,0,86.1245,0
72.29,2.34224,0,0,5.09974,0.307526,2.44998,3.6288,56.7525,0.3469,0,0,0.865512,0.169642,0,0.66528,12.849,1,0.416315,2.44998,0,65.1257,2.90085,64.2585,0.84672,12.849,0.84672,3695.15,0,36.966,0.227353,3.43253,1.75446,6.77663,0.975945,10.7603,0.42336,36.966,0.42336,423.524,0,1.02816,0,0,4.46069,3.43253,1.028160,1,0,75.0189,0,0,0,75.0189,0
72.29,2.34293,0,0,5.98336,0.296504,3.34392,3.6288,57.19,0.348033,0,0,0.960595,0.175002,0,0.66528,12.849,1,0.416438,3.34392,0,88.4693,2.71509,88.6817,0.84672,12.849,0.84672,3695.15,0,36.966,0.226693,3.31634,1.75498,9.9608,0.874499,13.9309,0.42336,36.966,0.42336,423.524,0,1.02816,0,0,4.3445,3.31634,1.028160,1,0,102.613,0,0,0,102.613,0
72.29,2.34362,0,0,7.89734,0.296504,5.25722,3.6288,58.6158,0.349373,0,0,1.95064,0.175501,0,0.66528,12.849,1,0.416561,5.25722,0,138.951,2.71509,141.077,0.84672,12.849,0.84672,3695.15,0,36.966,0.225825,6.2226,1.75549,15.3074,0.874499,22.1852,0.42336,36.966,0.42336,423.524,0,1.02816,0,0,7.25076,6.2226,1.028160,1,0,163.262,0,0,0,163.262,0
72.29,2.34431,0,0,6.83065,0.304656,4.18169,3.6288,59.1692,0.353031,0,0,1.07287,0.166482,0,0.66528,12.849,1,0.416683,4.18169,0,103.321,2.59093,104.495,0.84672,12.849,0.84672,3695.15,0,36.966,0.222639,3.70586,1.75601,10.0298,0.839993,14.4291,0.42336,36.966,0.42336,423.524,0,1.02816,0,0,4.73402,3.70586,1.028160,1,0,118.924,0,0,0,118.924,0
72.29,2.43068,0,0,5.17501,0.274368,2.46996,3.6288,59.6329,0.394316,0,0,1.02451,0.166464,0,0.66528,12.849,1,0.432035,2.46996,0,68.6675,2.92729,67.7782,0.84672,12.849,0.84672,3695.15,0,36.966,0.24635,1.89318,1.75653,7.02431,0.946527,9.48114,0.42336,36.966,0.42336,423.524,0,1.02816,0,0,2.92134,1.89318,1.028160,1,0,77.2593,0,0,0,77.2593,0
72.29,2.4314,0,0,4.57637,0.274368,1.87061,3.6288,59.9599,0.395802,0,0,0.889721,0.166959,0,0.66528,12.849,1,0.432163,1.87061,0,79.7005,2.92729,78.2117,0.84672,12.849,0.84672,3695.15,0,36.966,0.245355,1.74922,1.82581,6.57379,0.946527,8.95693,0.42336,36.966,0.42336,423.524,0,1.02816,0,0,2.77738,1.74922,1.028160,1,0,87.1686,0,0,0,87.1686,0
72.29,2.43211,0,0,4.83322,0.274368,2.12674,3.6288,60.6911,0.396934,0,0,1.29549,0.167308,0,0.66528,12.849,1,0.43229,2.12674,0,91.7914,2.92729,90.5585,0.84672,12.849,0.84672,3695.15,0,36.966,0.244715,2.47546,1.82635,7.82839,0.946527,10.939,0.42336,36.966,0.42336,423.524,0,1.02816,0,0,3.50362,2.47546,1.028160,1,0,101.497,0,0,0,101.497,0
72.29,2.43283,0,0,4.12608,0.274368,1.41889,3.6288,61.158,0.399072,0,0,1.03403,0.168088,0,0.66528,12.849,1,0.432417,1.41889,0,71.3422,2.92729,69.4014,0.84672,12.849,0.84672,3695.15,0,36.966,0.243069,1.86163,1.82688,5.66609,0.946527,8.16501,0.42336,36.966,0.42336,423.524,0,1.02816,0,0,2.88979,1.86163,1.028160,1,0,77.5664,0,0,0,77.5664,0
72.29,2.40001,0,0,3.60965,0.249393,0.960245,3.6288,61.308,0.384897,0,0,0.756363,0.175324,0.046119,0.66528,12.849,1,0.426583,0.960245,0,59.2398,3.69589,56.0776,0.84672,12.849,0.84672,3695.15,0,36.966,0.232645,1.11525,1.82742,4.68943,1.00481,6.39465,0.42336,36.966,0.42336,423.524,0,1.02816,0,0,2.14341,1.11525,1.028160,1,0,62.5184,0,0,0,62.5184,0
72.29,2.40071,0,0,3.35137,0.16918,0.781477,3.6288,61.308,0.385555,0,0,0.622839,0.210887,0.026398,0.66528,12.849,1,0.426709,0.781477,0,53.1965,4.29163,49.2596,0.84672,12.849,0.84672,3695.15,0,36.966,0.232472,0.869443,1.80117,4.54436,1.04533,5.93717,0.42336,36.966,0.42336,423.524,0,1.02816,0,0,1.8976,0.869443,1.028160,1,0,55.2232,0,0,0,55.2232,0
72.29,2.40142,0,0,3.25434,0.14109,0.711832,3.6288,61.308,0.385857,0,0,0.673367,0.223966,0.0635438,0.66528,12.849,1,0.426834,0.711832,0,51.3079,4.40695,47.186,0.84672,12.849,0.84672,3695.15,0,36.966,0.232655,1.00622,1.8017,5.02907,1.05222,6.55212,0.42336,36.966,0.42336,423.524,0,1.02816,0,0,2.03438,1.00622,1.028160,1,0,53.8017,0,0,0,53.8017,0
72.29,2.40213,0,0,3.02654,0.14109,0.483323,3.6288,61.308,0.38616,0,0,0.623079,0.223966,0.0129532,0.66528,12.849,1,0.42696,0.483323,0,46.9318,4.40695,42.5812,0.84672,12.849,0.84672,3695.15,0,36.966,0.232837,0.814225,1.80223,4.64356,1.05222,5.97496,0.42336,36.966,0.42336,423.524,0,1.02816,0,0,1.84238,0.814225,1.028160,1,0,48.5691,0,0,0,48.5691,0
72.29,2.51682,0,0,3.11394,0.133171,0.463954,3.6288,61.3024,0.442034,0,0,0.659998,0.223518,0,0.66528,12.849,1,0.447345,0.463954,0,48.4507,4.46149,44.0058,0.84672,12.849,0.84672,3695.15,0,36.966,0.266527,0.733225,1.80276,4.24786,1.07516,5.44216,0.42336,36.966,0.42336,423.524,0,1.02816,0,0,1.76138,0.733225,1.028160,1,0,49.448,0,0,0,49.448,0
72.29,2.51756,0,0,3.08959,0.114192,0.457845,3.6288,61.2178,0.442338,0,0,0.592302,0.234611,0,0.66528,12.849,1,0.447477,0.457845,0,45.1801,4.95841,40.2321,0.84672,12.849,0.84672,3695.15,0,36.966,0.266735,0.566257,1.89728,3.48427,1.11645,4.56462,0.42336,36.966,0.42336,423.524,0,1.02816,0,0,1.59442,0.566257,1.028160,1,0,44.7967,0,0,0,44.7967,0
71.9979,2.5183,0,0,2.69608,0.106994,0.36288,3.6288,61.0867,0.442427,0,0,0.550525,0.239204,0,0.66528,12.849,1,0.447608,0.36288,0,40.3818,5.01197,35.2851,0.84672,12.849,0.84672,3695.15,0,36.966,0.267157,0.460987,1.89783,3.36996,1.13013,4.3315,0.42336,36.966,0.42336,423.524,0,1.02816,0,0,1.48915,0.460987,1.028160,1,0,39.6166,0,0,0,39.6166,0
71.5929,2.5175,0,0,2.53906,0.0636673,0.36288,3.6288,60.9046,0.442388,0,0,0.527594,0.267296,0,0.66528,12.849,1,0.449282,0.36288,0,36.2111,5.33326,30.7914,0.84672,12.849,0.84672,3695.15,0,36.966,0.267707,0.393483,1.89839,3.1872,1.21222,3.99914,0.42336,36.966,0.42336,423.524,0,1.02816,0,0,1.42164,0.393483,1.028160,1,0,34.7906,0,0,0,34.7906,0
71.0526,2.51608,0,0,2.40211,0.0634712,0.36288,3.6288,60.6862,0.452102,0,0,0.50069,0.266988,0,0.66528,12.849,1,0.451569,0.36288,0,36.3281,5.33326,30.9061,0.84672,12.849,0.84672,3695.15,0,36.966,0.274403,0.30119,1.89895,3.3924,1.21222,4.10592,0.42336,36.966,0.42336,423.524,0,1.01226,0,0,1.31345,0.30119,1.028160,1,0,35.0121,0,0,0,35.0121,0
70.0987,2.4914,0,0,1.98363,0.0832184,0.36288,3.6288,60.529,0.511572,0,0,0.650661,0.296314,0,0.66528,12.849,1,0.450539,0.36288,0,32.5233,5.28912,27.1465,0.84672,12.849,0.84672,3695.15,0,36.966,0.311616,0.30119,1.89951,2.31172,1.29812,2.90268,0.42336,36.966,0.42336,423.524,0,0.965123,0,0,1.26631,0.30119,1.028160,1,0,30.0492,0,0,0,30.0492,0
69.0613,2.48695,0,0,1.87419,0.0618059,0.36288,3.6288,60.312,0.511943,0,0,0.620274,0.325346,0,0.66528,12.849,1,0.455854,0.36288,0,30.8269,5.32077,25.4132,0.84672,12.849,0.84672,3695.15,0,36.966,0.312652,0.261274,1.93297,2.31244,1.39576,2.79827,0.42336,36.966,0.42336,423.524,0,0.964241,0,0,1.22551,0.261274,1.028160,1,0,28.2114,0,0,0,28.2114,0
67.935,2.48191,0,0,1.77983,0.0613111,0.36288,3.6288,60.0122,0.539149,0,0,0.5643,0.324898,0,0.66528,12.849,1,0.461764,0.36288,0,27.8986,5.32077,22.4789,0.84672,12.849,0.84672,3695.15,0,36.966,0.330451,0.261274,1.93354,2.26301,1.39576,2.73161,0.42336,36.966,0.42336,423.524,0,0.919763,0,0,1.18104,0.261274,1.028160,1,0,25.2105,0,0,0,25.2105,0
66.6843,2.4762,0,0,1.64908,0.060774,0.36288,3.6288,59.6226,0.576296,0,0,0.510921,0.324278,0,0.66528,12.849,1,0.468339,0.36288,0,26.557,5.32077,21.1308,0.84672,12.849,0.84672,3695.15,0,36.966,0.354984,0.261274,1.9341,2.08776,1.39576,2.5324,0.42336,36.966,0.42336,423.524,0,0.858609,0,0,1.11988,0.261274,1.028160,1,0,23.6632,0,0,0,23.6632,0
65.2147,2.52719,0,0,1.48253,0.0620598,0.36288,3.6288,59.0667,0.698255,0,0,0.464039,0.321644,0,0.66528,12.849,1,0.48695,0.36288,0,22.8108,5.50833,17.1784,0.84672,12.849,0.84672,3695.15,0,36.966,0.42336,0.261274,1.93467,2.01022,1.41063,2.37217,0.42336,36.966,0.42336,423.524,0,0.712549,0,0,0.973823,0.261274,1.028160,1,0,19.5506,0,0,0,19.5506,0
63.887,2.51876,0,0,1.61675,0.0627323,0.36288,3.6288,58.7551,0.594323,0,0,0.601873,0.319134,0,0.66528,12.849,1,0.496263,0.36288,0,28.1356,5.649,22.3533,0.84672,12.849,0.84672,3695.15,0,36.966,0.371948,0.261274,1.98193,2.36981,1.42179,2.81927,0.42336,36.966,0.42336,423.524,0,0.868432,0,0,1.12971,0.261274,1.028160,1,0,25.1725,0,0,0,25.1725,0
62.4228,2.51092,0,0,1.47161,0.0620645,0.36288,3.6288,58.3754,0.557688,0,0,0.496421,0.318497,0,0.66528,12.849,1,0.504997,0.36288,0,22.6619,5.649,16.8708,0.84672,12.849,0.84672,3695.15,0,36.966,0.350872,0.227405,1.98251,2.20208,1.42179,2.63933,0.42336,36.966,0.42336,423.524,0,0.926683,0,0,1.15409,0.227405,1.028160,1,0,19.5102,0,0,0,19.5102,0
60.8351,2.50183,0,0,1.33841,0.061328,0.36288,3.6288,57.8532,0.666755,0,0,0.462312,0.31772,0,0.66528,12.849,1,0.514972,0.36288,0,21.126,5.649,15.3249,0.84672,12.849,0.84672,3695.15,0,36.966,0.42222,0.227405,1.98309,1.96249,1.42179,2.32898,0.42336,36.966,0.42336,423.524,0,0.746807,0,0,0.974212,0.227405,1.028160,1,0,17.6539,0,0,0,17.6539,0
59.4684,2.3674,0,0,1.4123,0.0487778,0.36288,3.6288,57.5779,0.484251,0,0,0.527719,0.318714,0,0.66528,12.849,1,0.50002,0.36288,0,21.3945,5.76066,15.4967,0.84672,12.849,0.84672,3695.15,0,36.966,0.309418,0.227405,1.98367,2.65299,1.46306,3.0916,0.42336,36.966,0.42336,423.524,0,0.9828,0,0,1.2102,0.227405,1.028160,1,0,18.5883,0,0,0,18.5883,0
57.8016,2.35865,0,0,1.09519,0.040411,0.36288,3.6288,57.0696,0.607879,0,0,0.394647,0.295096,0,0.66528,12.849,1,0.50962,0.36288,0,21.2497,5.38377,15.7192,0.84672,12.849,0.84672,3695.15,0,36.966,0.390269,0.227405,1.90986,2.20856,1.5015,2.45404,0.42336,36.966,0.42336,423.524,0,0.778844,0,0,1.00625,0.227405,1.028160,1,0,18.1733,0,0,0,18.1733,0
56.0875,2.34731,0,0,1.03586,0.0397636,0.36288,3.6288,56.5082,0.63028,0,0,0.36297,0.294125,0,0.66528,12.849,1,0.521796,0.36288,0,19.0973,5.38377,13.5547,0.84672,12.849,0.84672,3695.15,0,36.966,0.408255,0.204422,1.91042,2.18349,1.5015,2.38857,0.42336,36.966,0.42336,423.524,0,0.738979,0,0,0.943402,0.204422,1.028160,1,0,15.9432,0,0,0,15.9432,0
54.781,2.33503,0,0,1.43046,0.0390977,0.36288,3.6288,56.0659,0.551228,0,0,0.401979,0.293052,0,0.66528,12.849,1,0.534927,0.36288,0,20.4846,5.38377,14.9288,0.84672,12.849,0.84672,3695.15,0,36.966,0.360597,0.204422,1.91098,2.43412,1.5015,2.68742,0.42336,36.966,0.42336,423.524,0,0.866212,0,0,1.07063,0.204422,1.028160,1,0,17.6162,0,0,0,17.6162,0
54.1126,2.32538,0,0,2.08266,0.0627726,0.36288,3.6288,55.8467,0.469152,0,0,0.535079,0.285081,0,0.66528,12.849,1,0.545422,0.36288,0,34.1825,5.24385,28.7561,0.84672,12.849,0.84672,3695.15,0,36.966,0.309327,0.204422,1.91154,2.70689,1.47914,3.03438,0.42336,36.966,0.42336,423.524,0,1.00008,0,0,1.2045,0.204422,1.028160,1,0,31.7905,0,0,0,31.7905,0
52.5571,2.52583,0,0,1.35115,0.0179445,0.36288,3.6288,55.473,0.577797,0,0,0.43675,0.232704,0,0.66528,12.849,1,0.599757,0.36288,0,18.6792,5.00564,13.4366,0.84672,12.849,0.84672,3695.15,0,36.966,0.382455,0.204422,1.9121,1.55601,1.45615,1.83393,0.42336,36.966,0.42336,423.524,0,0.941,0,0,1.14542,0.204422,1.028160,1,0,15.2706,0,0,0,15.2706,0
50.6186,2.51231,0,0,0.94837,0.0117355,0.36288,3.6288,54.7511,0.835531,0,0,0.338246,0.224567,0,0.66528,12.849,1,0.614201,0.36288,0,14.8293,4.93269,9.64525,0.84672,12.849,0.84672,3695.15,0,36.966,0.42336,0.216518,2.05464,1.24437,1.45344,1.63873,0.42336,36.966,0.42336,423.524,0,0.64292,0,0,0.859438,0.216518,1.028160,1,0,11.284,0,0,0,11.284,0
49.0653,2.49428,0,0,1.36401,0.0600832,0.36288,3.6288,54.2602,0.727053,0,0,0.416051,0.179904,0,0.66528,12.849,1,0.633147,0.36288,0,17.3071,4.3098,12.7271,0.84672,12.849,0.84672,3695.15,0,36.966,0.42336,0.216518,2.05525,1.36929,1.25875,1.95895,0.42336,36.966,0.42336,423.524,0,0.751956,0,0,0.968475,0.216518,1.028160,1,0,14.686,0,0,0,14.686,0
49.4328,2.47912,0,0,3.33234,0.122816,0.36288,3.6288,54.4735,0.520301,0,0,0.854923,0.121379,0,0.66528,12.849,1,0.649221,0.36288,0,52.1955,3.47928,48.4299,0.84672,12.849,0.84672,3695.15,0,36.966,0.354467,0.5144,2.05585,3.6472,0.999156,4.86383,0.42336,36.966,0.42336,423.524,0,1.02816,0,0,1.54256,0.5144,1.028160,1,0,53.2937,0,0,0,53.2937,0
48.4858,2.41952,0,0,1.96166,0.126298,0.36288,3.6288,54.4094,0.469287,0,0,0.546446,0.141266,0,0.66528,12.849,1,0.628903,0.36288,0,38.7728,3.81273,34.694,0.84672,12.849,0.84672,3695.15,0,36.966,0.318461,0.557081,2.05645,1.93278,0.965655,3.2622,0.42336,36.966,0.42336,423.524,0,1.02816,0,0,1.58524,0.557081,1.028160,1,0,37.9562,0,0,0,37.9562,0
50.3803,2.41052,0,0,4.7969,0.128965,0.36288,3.6288,54.695,0.469381,0,0,0.922476,0.167482,0,0.66528,12.849,1,0.638801,0.36288,0,52.5245,4.25733,47.9913,0.84672,12.849,0.84672,3695.15,0,36.966,0.3189,1.8297,1.97425,3.68705,0.920987,6.25111,0.42336,36.966,0.42336,423.524,0,1.02816,0,0,2.85786,1.8297,1.028160,1,0,54.2424,0,0,0,54.2424,0
52.7972,2.43037,0,0,5.3417,0.131605,0.36288,3.6288,55.1215,0.470693,0,0,1.06502,0.167798,0,0.66528,12.849,1,0.619843,0.36288,0,73.6897,4.25733,69.1754,0.84672,12.849,0.84672,3695.15,0,36.966,0.318121,2.06753,1.97483,5.64779,0.920987,8.45103,0.42336,36.966,0.42336,423.524,0,1.02816,0,0,3.09569,2.06753,1.028160,1,0,77.6264,0,0,0,77.6264,0
55.5312,2.45392,0,0,5.68575,0.134955,0.36288,3.6288,55.5835,0.472486,0,0,1.10281,0.168271,0,0.66528,12.849,1,0.597198,0.36288,0,87.1793,4.25733,82.6877,0.84672,12.849,0.84672,3695.15,0,36.966,0.316862,2.21981,1.9754,5.17353,0.920987,8.1309,0.42336,36.966,0.42336,423.524,0,1.02816,0,0,3.24797,2.21981,1.028160,1,0,90.8186,0,0,0,90.8186,0
60.8875,2.29186,0,0,8.20399,0.192976,0.36288,3.6288,57.326,0.364712,0,0,2.29781,0.190652,0,0.66528,12.849,1,0.530298,0.36288,0,114.024,4.68991,109.166,0.84672,12.849,0.84672,3695.15,0,36.966,0.242553,2.44451,1.97598,5.96181,1.11178,9.02796,0.42336,36.966,0.42336,423.524,0,1.02816,0,0,3.47267,2.44451,1.028160,1,0,118.194,0,0,0,118.194,0
61.7848,2.33106,0,0,3.84425,0.252966,0.36288,3.6288,57.4321,0.369486,0,0,0.692203,0.216657,0,0.66528,12.849,1,0.491921,0.36288,0,73.9895,4.54367,69.3168,0.84672,12.849,0.84672,3695.15,0,36.966,0.238259,1.22659,1.7924,4.73891,1.20649,6.31316,0.42336,36.966,0.42336,423.524,0,1.02816,0,0,2.25475,1.22659,1.028160,1,0,75.63,0,0,0,75.63,0
64.7121,2.33766,0,0,5.8827,0.254852,0.36288,3.6288,57.7592,0.370046,0,0,0.913981,0.216806,0,0.66528,12.849,1,0.48615,0.36288,0,77.1863,4.54367,72.5194,0.84672,12.849,0.84672,3695.15,0,36.966,0.238179,1.21192,1.79293,4.92109,1.20649,6.48127,0.42336,36.966,0.42336,423.524,0,1.02816,0,0,2.24008,1.21192,1.028160,1,0,79.0006,0,0,0,79.0006,0
69.4034,2.3567,0,0,7.67192,0.261003,0.36288,3.6288,58.282,0.371161,0,0,1.11121,0.217266,0,0.66528,12.849,1,0.467939,0.36288,0,107.945,4.54367,103.296,0.84672,12.849,0.84672,3695.15,0,36.966,0.237544,1.40073,1.79345,8.26083,1.20649,10.011,0.42336,36.966,0.42336,423.524,0,1.02816,0,0,2.42889,1.40073,1.028160,1,0,113.307,0,0,0,113.307,0
72.29,2.38409,0,0,6.89894,0.246821,1.38146,3.6288,59.9909,0.372759,0,0,2.28145,0.199754,0,0.66528,12.849,1,0.441379,1.38146,0,119.546,3.90053,116.586,0.84672,12.849,0.84672,3695.15,0,36.966,0.236426,3.16704,1.79398,8.25802,1.12615,11.8565,0.42336,36.966,0.42336,423.524,0,1.02816,0,0,4.1952,3.16704,1.028160,1,0,128.443,0,0,0,128.443,0
72.29,2.47492,0,0,8.97134,0.266442,6.22998,3.6288,60.7619,0.409981,0,0,1.36812,0.18713,0,0.66528,12.849,1,0.439898,6.22998,0,164.316,3.60411,166.502,0.84672,12.849,0.84672,3695.15,0,36.966,0.252628,2.66241,1.79451,6.72055,1.13564,9.7892,0.42336,36.966,0.42336,423.524,0,1.02816,0,0,3.69057,2.66241,1.028160,1,0,176.292,0,0,0,176.292,0
72.29,2.47561,0,0,6.29284,0.273718,3.54351,3.6288,61.308,0.41227,0,0,1.36153,0.183327,0.219838,0.66528,12.849,1,0.440022,3.54351,0,109.046,3.52842,108.621,0.84672,12.849,0.84672,3695.15,0,36.966,0.250814,2.55086,1.85252,6.23111,1.14479,9.23889,0.42336,36.966,0.42336,423.524,0,1.02816,0,0,3.57902,2.55086,1.028160,1,0,118.08,0,0,0,118.08,0
72.29,2.47631,0,0,5.76109,0.273718,3.01106,3.6288,61.308,0.41396,0,0,1.53968,0.183962,0.94176,0.66528,12.849,1,0.440145,3.01106,0,108.455,3.52842,107.498,0.84672,12.849,0.84672,3695.15,0,36.966,0.2496,3.03631,1.85305,5.70148,1.14479,9.19645,0.42336,36.966,0.42336,423.524,0,1.02816,0,0,4.06447,3.03631,1.028160,1,0,117.636,0,0,0,117.636,0
72.29,2.47701,0,0,6.50868,0.272272,3.7594,3.6288,61.308,0.414257,0,0,1.3972,0.193223,0.789721,0.66528,12.849,1,0.440269,3.7594,0,97.7711,4.02468,97.0656,0.84672,12.849,0.84672,3695.15,0,36.966,0.249778,2.79336,1.85357,6.5158,1.03747,9.87547,0.42336,36.966,0.42336,423.524,0,1.02816,0,0,3.82152,2.79336,1.028160,1,0,107.731,0,0,0,107.731,0
72.29,2.71937,0,0,10.3317,0.290103,7.32223,3.6288,61.308,0.538713,0,0,1.78196,0.182559,1.06069,0.66528,12.849,1,0.483348,7.32223,0,208.183,3.78413,211.238,0.84672,12.849,0.84672,3695.15,0,36.966,0.32482,4.53126,1.85409,9.87176,1.05243,14.8799,0.42336,36.966,0.42336,423.524,0,1.02816,0,0,5.55942,4.53126,1.028160,1,0,227.179,0,0,0,227.179,0
72.29,2.72014,0,0,10.7327,0.273595,7.73896,3.6288,61.308,0.539044,0,0,2.09344,0.154493,1.3999,0.66528,12.849,1,0.483484,7.73896,0,312.668,3.35002,316.573,0.84672,12.849,0.84672,3695.15,0,36.966,0.32502,4.99409,2.06171,10.7442,0.975789,16.4992,0.42336,36.966,0.42336,423.524,0,1.02816,0,0,6.02225,4.99409,1.028160,1,0,334.472,0,0,0,334.472,0
72.29,2.7209,0,0,6.8993,0.273595,3.9048,3.6288,61.308,0.539376,0,0,1.3872,0.154493,0.693326,0.66528,12.849,1,0.483619,3.9048,0,171.861,3.35002,171.932,0.84672,12.849,0.84672,3695.15,0,36.966,0.32522,2.70992,2.06229,6.70516,0.975789,10.1764,0.42336,36.966,0.42336,423.524,0,1.02816,0,0,3.73808,2.70992,1.028160,1,0,182.802,0,0,0,182.802,0
72.29,2.72166,0,0,5.63576,0.275107,2.63899,3.6288,61.308,0.539708,0,0,1.36265,0.145739,0.677203,0.66528,12.849,1,0.483755,2.63899,0,134.951,3.1988,133.907,0.84672,12.849,0.84672,3695.15,0,36.966,0.32542,3.17803,2.06287,6.00152,0.932426,9.98458,0.42336,36.966,0.42336,423.524,0,1.02816,0,0,4.20619,3.17803,1.028160,1,0,144.569,0,0,0,144.569,0
72.29,2.37734,0,0,5.80046,0.275257,3.14786,3.6288,61.308,0.373229,0,0,1.17669,0.135461,0.668001,0.66528,12.849,1,0.422555,3.14786,0,130.857,2.97909,130.603,0.84672,12.849,0.84672,3695.15,0,36.966,0.22504,2.40728,2.06345,5.52263,0.824296,8.94402,0.42336,36.966,0.42336,423.524,0,1.02816,0,0,3.43544,2.40728,1.028160,1,0,140.215,0,0,0,140.215,0
72.29,2.37801,0,0,9.05921,0.300458,6.38074,3.6288,61.308,0.373514,0,0,2.89403,0.141569,2.37895,0.66528,12.849,1,0.422673,6.38074,0,215.048,3.19221,217.814,0.84672,12.849,0.84672,3695.15,0,36.966,0.225212,5.24436,1.78128,15.5264,0.83627,21.4906,0.42336,36.966,0.42336,423.524,0,1.02816,0,0,6.27252,5.24436,1.028160,1,0,241.683,0,0,0,241.683,0
72.29,2.37868,0,0,7.23267,0.300458,4.55353,3.6288,61.308,0.373799,0,0,1.96943,0.141569,1.45406,0.66528,12.849,1,0.422792,4.55353,0,225.854,3.19221,226.792,0.84672,12.849,0.84672,3695.15,0,36.966,0.225384,4.00868,1.78178,11.554,0.83627,16.2828,0.42336,36.966,0.42336,423.524,0,1.02816,0,0,5.03684,4.00868,1.028160,1,0,244.529,0,0,0,244.529,0
72.29,2.37935,0,0,6.28263,0.300458,3.60282,3.6288,61.308,0.374084,0,0,1.43754,0.141569,0.921887,0.66528,12.849,1,0.422911,3.60282,0,229.096,3.19221,229.083,0.84672,12.849,0.84672,3695.15,0,36.966,0.225556,2.31214,1.78228,8.579,0.83627,11.6116,0.42336,36.966,0.42336,423.524,0,1.02816,0,0,3.3403,2.31214,1.028160,1,0,241.617,0,0,0,241.617,0
72.29,2.38001,0,0,4.72473,0.218445,2.12627,3.6288,61.308,0.374369,0,0,0.982005,0.184733,0.422904,0.66528,12.849,1,0.42303,2.12627,0,143.9,3.84471,141.759,0.84672,12.849,0.84672,3695.15,0,36.966,0.225728,1.19049,1.78278,5.7978,1.0492,7.49615,0.42336,36.966,0.42336,423.524,0,1.02816,0,0,2.21865,1.19049,1.028160,1,0,149.678,0,0,0,149.678,0
72.29,2.46767,0,0,7.58265,0.324616,4.79037,3.6288,61.308,0.41552,0,0,2.27794,0.179183,1.68324,0.66528,12.849,1,0.438609,4.79037,0,216.596,4.05342,216.895,0.84672,12.849,0.84672,3695.15,0,36.966,0.25054,3.558,1.78328,10.4778,0.95141,14.6172,0.42336,36.966,0.42336,423.524,0,1.02816,0,0,4.58616,3.558,1.028160,1,0,233.195,0,0,0,233.195,0
72.29,2.46836,0,0,7.89998,0.348042,5.08358,3.6288,61.308,0.415816,0,0,6.08747,0.177835,5.49382,0.66528,12.849,1,0.438732,5.08358,0,254.248,4.03536,254.857,0.84672,12.849,0.84672,3695.15,0,36.966,0.250719,8.13586,1.85359,14.0554,0.922454,22.8717,0.42336,36.966,0.42336,423.524,0,1.02816,0,0,9.16402,8.13586,1.028160,1,0,283.223,0,0,0,283.223,0
72.29,2.46905,0,0,6.36997,0.348042,3.55287,3.6288,61.308,0.416113,0,0,2.20393,0.177835,1.60999,0.66528,12.849,1,0.438856,3.55287,0,199.587,4.03536,198.665,0.84672,12.849,0.84672,3695.15,0,36.966,0.250898,3.62933,1.85411,9.81971,0.922454,14.1298,0.42336,36.966,0.42336,423.524,0,1.02816,0,0,4.65749,3.62933,1.028160,1,0,214.405,0,0,0,214.405,0
72.29,2.46975,0,0,7.31203,0.291627,4.55066,3.6288,61.308,0.41641,0,0,2.76845,0.201019,2.15102,0.66528,12.849,1,0.438979,4.55066,0,198.493,4.23066,198.374,0.84672,12.849,0.84672,3695.15,0,36.966,0.251077,4.54835,1.85463,11.3342,1.00702,16.4791,0.42336,36.966,0.42336,423.524,0,1.02816,0,0,5.57651,4.54835,1.028160,1,0,217.004,0,0,0,217.004,0
72.29,2.43639,0,0,5.36482,0.296811,2.63162,3.6288,61.308,0.400817,0,0,1.5668,0.202597,0.963389,0.66528,12.849,1,0.43305,2.63162,0,148.776,3.98353,146.992,0.84672,12.849,0.84672,3695.15,0,36.966,0.241675,3.07154,1.85515,8.06388,1.01948,11.7294,0.42336,36.966,0.42336,423.524,0,1.02816,0,0,4.0997,3.07154,1.028160,1,0,159.684,0,0,0,159.684,0
72.29,2.43707,0,0,4.44765,0.289298,1.72128,3.6288,61.308,0.40111,0,0,1.33956,0.222756,0.715698,0.66528,12.849,1,0.433172,1.72128,0,116.858,4.19548,113.95,0.84672,12.849,0.84672,3695.15,0,36.966,0.241851,2.63178,1.82848,5.88717,1.02054,9.08503,0.42336,36.966,0.42336,423.524,0,1.02816,0,0,3.65994,2.63178,1.028160,1,0,123.751,0,0,0,123.751,0
72.29,2.43776,0,0,4.05277,0.289298,1.32572,3.6288,61.308,0.401402,0,0,1.22122,0.222756,0.597063,0.66528,12.849,1,0.433293,1.32572,0,112.406,4.19548,109.102,0.84672,12.849,0.84672,3695.15,0,36.966,0.242028,1.97099,1.82899,4.87568,1.02054,7.4131,0.42336,36.966,0.42336,423.524,0,1.02816,0,0,2.99915,1.97099,1.028160,1,0,117.113,0,0,0,117.113,0
72.29,2.43844,0,0,3.79788,0.289298,1.07014,3.6288,61.308,0.401695,0,0,1.13553,0.222756,0.511079,0.66528,12.849,1,0.433415,1.07014,0,101.556,4.19548,97.9975,0.84672,12.849,0.84672,3695.15,0,36.966,0.242204,1.56171,1.82951,4.43214,1.02054,6.56061,0.42336,36.966,0.42336,423.524,0,1.02816,0,0,2.58987,1.56171,1.028160,1,0,105.069,0,0,0,105.069,0
72.29,2.55483,0,0,3.49657,0.255256,0.686487,3.6288,61.308,0.458399,0,0,1.05406,0.236452,0.359212,0.66528,12.849,1,0.454102,0.686487,0,93.7518,4.56537,89.4188,0.84672,12.849,0.84672,3695.15,0,36.966,0.276394,1.4985,1.83002,3.92787,1.06134,5.91865,0.42336,36.966,0.42336,423.524,0,1.02816,0,0,2.52666,1.4985,1.028160,1,0,95.6967,0,0,0,95.6967,0
72.29,2.55555,0,0,3.46801,0.190862,0.7216,3.6288,61.308,0.458708,0,0,1.00723,0.228936,0.319581,0.66528,12.849,1,0.454229,0.7216,0,87.9085,4.82475,83.3512,0.84672,12.849,0.84672,3695.15,0,36.966,0.27658,1.59381,1.92593,4.3345,1.03135,6.54631,0.42336,36.966,0.42336,423.524,0,1.02816,0,0,2.62197,1.59381,1.028160,1,0,90.2171,0,0,0,90.2171,0
72.29,2.55626,0,0,3.33045,0.190862,0.583326,3.6288,61.308,0.459016,0,0,0.99665,0.228936,0.308698,0.66528,12.849,1,0.454357,0.583326,0,81.5936,4.82475,76.8978,0.84672,12.849,0.84672,3695.15,0,36.966,0.276766,1.60304,1.92647,4.1597,1.03135,6.3811,0.42336,36.966,0.42336,423.524,0,1.02816,0,0,2.6312,1.60304,1.028160,1,0,83.5876,0,0,0,83.5876,0
72.29,2.55698,0,0,3.16072,0.195779,0.407959,3.6288,61.308,0.459325,0,0,0.980882,0.227619,0.293938,0.66528,12.849,1,0.454484,0.407959,0,78.16,4.74014,73.3734,0.84672,12.849,0.84672,3695.15,0,36.966,0.276952,1.81786,1.92701,3.89381,1.03462,6.32711,0.42336,36.966,0.42336,423.524,0,1.02816,0,0,2.84602,1.81786,1.028160,1,0,79.9944,0,0,0,79.9944,0
72.0892,2.5577,0,0,2.93393,0.214172,0.36288,3.6288,61.308,0.459633,0,0,0.942762,0.22387,0.259259,0.66528,12.849,1,0.454611,0.36288,0,72.3444,4.2645,67.9882,0.84672,12.849,0.84672,3695.15,0,36.966,0.277138,1.72275,1.92755,3.62192,1.06372,5.93136,0.42336,36.966,0.42336,423.524,0,1.02816,0,0,2.75091,1.72275,1.028160,1,0,74.1788,0,0,0,74.1788,0
72.29,2.53444,0,0,3.37256,0.164782,0.472524,3.6288,61.308,0.49099,0,0,1.06131,0.230179,0.340142,0.66528,12.849,1,0.451732,0.472524,0,75.4669,4.49385,70.9939,0.84672,12.849,0.84672,3695.15,0,36.966,0.296045,1.72032,1.92809,5.85432,1.16372,8.04297,0.42336,36.966,0.42336,423.524,0,1.02816,0,0,2.74848,1.72032,1.028160,1,0,79.377,0,0,0,79.377,0
72.29,2.53621,0,0,3.2779,0.116174,0.625518,3.6288,61.308,0.491308,0,0,1.07749,0.24645,0.339736,0.66528,12.849,1,0.450792,0.625518,0,71.5107,4.64961,67.0358,0.84672,12.849,0.84672,3695.15,0,36.966,0.296237,1.5672,1.96203,6.1883,1.21529,8.206,0.42336,36.966,0.42336,423.524,0,1.02816,0,0,2.59536,1.5672,1.028160,1,0,75.5815,0,0,0,75.5815,0
72.29,2.53692,0,0,3.04207,0.116108,0.389036,3.6288,61.308,0.491625,0,0,1.07109,0.24645,0.333016,0.66528,12.849,1,0.450919,0.389036,0,65.7219,4.64961,61.0104,0.84672,12.849,0.84672,3695.15,0,36.966,0.296428,1.61813,1.96258,5.67125,1.21529,7.74023,0.42336,36.966,0.42336,423.524,0,1.02816,0,0,2.64629,1.61813,1.028160,1,0,69.0836,0,0,0,69.0836,0
72.1014,2.53763,0,0,2.82804,0.116108,0.36288,3.6288,61.308,0.491943,0,0,1.06725,0.24645,0.328854,0.66528,12.849,1,0.451045,0.36288,0,61.3558,4.64961,56.6181,0.84672,12.849,0.84672,3695.15,0,36.966,0.29662,1.64585,1.96313,5.51513,1.21529,7.61219,0.42336,36.966,0.42336,423.524,0,1.02816,0,0,2.67401,1.64585,1.028160,1,0,64.5591,0,0,0,64.5591,0
72.0116,2.59656,0,0,2.97422,0.104558,0.36288,3.6288,61.308,0.519963,0,0,1.06764,0.299814,0.247868,0.66528,12.849,1,0.462726,0.36288,0,63.6573,5.21778,58.3396,0.84672,12.849,0.84672,3695.15,0,36.966,0.313514,1.45492,1.96368,5.14312,1.3924,6.8558,0.42336,36.966,0.42336,423.524,0,1.02816,0,0,2.48308,1.45492,1.028160,1,0,65.4433,0,0,0,65.4433,0
71.7049,2.5968,0,0,2.74837,0.0954661,0.36288,3.6288,61.291,0.520288,0,0,0.826243,0.322971,0,0.66528,12.849,1,0.463345,0.36288,0,58.7759,5.37107,53.3044,0.84672,12.849,0.84672,3695.15,0,36.966,0.313711,1.12037,2.01161,4.67011,1.48357,6.0048,0.42336,36.966,0.42336,423.524,0,1.02816,0,0,2.14853,1.12037,1.028160,1,0,59.3092,0,0,0,59.3092,0
71.2227,2.59584,0,0,2.57184,0.0952435,0.36288,3.6288,61.2123,0.520559,0,0,0.764813,0.322937,0,0.66528,12.849,1,0.465157,0.36288,0,53.0603,5.37107,47.587,0.84672,12.849,0.84672,3695.15,0,36.966,0.313961,1.02816,2.01217,4.16804,1.48357,5.41084,0.42336,36.966,0.42336,423.524,0,1.02816,0,0,2.05632,1.02816,1.028160,1,0,52.9978,0,0,0,52.9978,0
70.5321,2.5939,0,0,2.36106,0.0948935,0.36288,3.6288,61.1253,0.520633,0,0,0.756406,0.322776,0,0.66528,12.849,1,0.467955,0.36288,0,48.5034,5.37107,43.0273,0.84672,12.849,0.84672,3695.15,0,36.966,0.314409,0.859257,2.01274,4.0765,1.48357,5.15051,0.42336,36.966,0.42336,423.524,0,1.02816,0,0,1.88742,0.859257,1.028160,1,0,48.1778,0,0,0,48.1778,0
70.4647,2.46175,0,0,2.83662,0.079426,0.36288,3.6288,61.2559,0.482826,0,0,0.921076,0.307644,0,0.66528,12.849,1,0.448463,0.36288,0,50.7941,5.57928,45.1293,0.84672,12.849,0.84672,3695.15,0,36.966,0.291993,1.52959,2.0133,6.08688,1.54239,7.79539,0.42336,36.966,0.42336,423.524,0,1.02816,0,0,2.55775,1.52959,1.028160,1,0,52.9247,0,0,0,52.9247,0
69.5662,2.46208,0,0,2.01623,0.0897504,0.36288,3.6288,61.308,0.483529,0,0,0.83192,0.294241,0.00205323,0.66528,12.849,1,0.448952,0.36288,0,43.7542,5.64869,38.0194,0.84672,12.849,0.84672,3695.15,0,36.966,0.291795,1.62594,1.93836,4.05067,1.56913,5.75405,0.42336,36.966,0.42336,423.524,0,1.02816,0,0,2.6541,1.62594,1.028160,1,0,43.7755,0,0,0,43.7755,0
68.4442,2.45787,0,0,1.7879,0.08913,0.36288,3.6288,61.2786,0.483999,0,0,0.74895,0.294338,0,0.66528,12.849,1,0.453973,0.36288,0,38.8846,5.64869,33.1448,0.84672,12.849,0.84672,3695.15,0,36.966,0.29183,1.46398,1.9389,3.9313,1.56913,5.47321,0.42336,36.966,0.42336,423.524,0,1.02816,0,0,2.49214,1.46398,1.028160,1,0,38.618,0,0,0,38.618,0
67.5434,2.45229,0,0,2.00274,0.0883552,0.36288,3.6288,61.2684,0.484227,0,0,0.768295,0.294284,0,0.66528,12.849,1,0.460368,0.36288,0,38.6516,5.64869,32.9055,0.84672,12.849,0.84672,3695.15,0,36.966,0.292107,1.5334,1.93944,4.21357,1.56913,5.82518,0.42336,36.966,0.42336,423.524,0,1.02816,0,0,2.56156,1.5334,1.028160,1,0,38.7306,0,0,0,38.7306,0
67.8306,2.44782,0,0,3.20521,0.107361,0.36288,3.6288,61.308,0.484512,0,0,0.944231,0.289975,0.130142,0.66528,12.849,1,0.465656,0.36288,0,64.2113,5.52994,58.5786,0.84672,12.849,0.84672,3695.15,0,36.966,0.292328,2.08387,1.93998,4.59315,1.55457,6.77011,0.42336,36.966,0.42336,423.524,0,1.02816,0,0,3.11203,2.08387,1.028160,1,0,65.4788,0,0,0,65.4788,0
68.5281,2.3754,0,0,3.55034,0.11451,0.36288,3.6288,61.308,0.430751,0,0,1.33046,0.23794,0.661775,0.66528,12.849,1,0.449968,0.36288,0,51.1481,5.37206,45.689,0.84672,12.849,0.84672,3695.15,0,36.966,0.259723,2.75897,1.94053,7.17582,1.50461,10.111,0.42336,36.966,0.42336,423.524,0,1.02816,0,0,3.78713,2.75897,1.028160,1,0,56.4617,0,0,0,56.4617,0
66.797,2.37993,0,0,1.12701,0.115329,0.36288,3.6288,61.308,0.431051,0,0,0.673445,0.219692,0.0227022,0.66528,12.849,1,0.446236,0.36288,0,43.2025,5.29105,37.8281,0.84672,12.849,0.84672,3695.15,0,36.966,0.259904,1.05252,1.85729,3.72927,1.48971,4.88947,0.42336,36.966,0.42336,423.524,0,1.02816,0,0,2.08068,1.05252,1.028160,1,0,42.7403,0,0,0,42.7403,0
65.1086,2.37089,0,0,1.15912,0.11377,0.36288,3.6288,61.308,0.431351,0,0,0.731578,0.219692,0.0805353,0.66528,12.849,1,0.456062,0.36288,0,28.1746,5.29105,22.7904,0.84672,12.849,0.84672,3695.15,0,36.966,0.260085,0.744872,1.85781,3.02493,1.48971,3.87782,0.42336,36.966,0.42336,423.524,0,1.02816,0,0,1.77303,0.744872,1.028160,1,0,26.7487,0,0,0,26.7487,0
65.4057,2.36168,0,0,3.23892,0.217207,0.36288,3.6288,61.308,0.431651,0,0,1.36159,0.231289,0.698646,0.66528,12.849,1,0.46607,0.36288,0,45.8805,4.63937,41.1379,0.84672,12.849,0.84672,3695.15,0,36.966,0.260267,3.59667,1.85833,9.32957,1.34188,13.1824,0.42336,36.966,0.42336,423.524,0,1.02816,0,0,4.62483,3.59667,1.028160,1,0,55.019,0,0,0,55.019,0
64.258,2.58559,0,0,2.0371,0.236357,0.36288,3.6288,61.308,0.508197,0,0,0.85718,0.236564,0.112419,0.66528,12.849,1,0.507941,0.36288,0,70.4512,4.47141,65.8348,0.84672,12.849,0.84672,3695.15,0,36.966,0.30642,1.25302,1.85885,5.53518,1.24489,7.09574,0.42336,36.966,0.42336,423.524,0,1.02816,0,0,2.28118,1.25302,1.028160,1,0,73.0429,0,0,0,73.0429,0
64.6403,2.57875,0,0,3.58686,0.262937,0.36288,3.6288,61.308,0.508518,0,0,2.18903,0.229054,1.45146,0.66528,12.849,1,0.515646,0.36288,0,92.2025,4.07158,87.9781,0.84672,12.849,0.84672,3695.15,0,36.966,0.306614,5.56386,2.00346,14.2751,1.05521,20.4806,0.42336,36.966,0.42336,423.524,0,1.02816,0,0,6.59202,5.56386,1.028160,1,0,109.91,0,0,0,109.91,0
64.0316,2.58202,0,0,2.6,0.263749,0.36288,3.6288,61.308,0.50884,0,0,1.5233,0.229054,0.785407,0.66528,12.849,1,0.513246,0.36288,0,79.3437,4.07158,75.1218,0.84672,12.849,0.84672,3695.15,0,36.966,0.306808,3.19385,2.00402,11.6898,1.05521,15.5257,0.42336,36.966,0.42336,423.524,0,1.02816,0,0,4.22201,3.19385,1.028160,1,0,91.4328,0,0,0,91.4328,0
64.6239,2.57868,0,0,3.7963,0.262456,0.36288,3.6288,61.308,0.509162,0,0,1.56211,0.229054,0.823896,0.66528,12.849,1,0.517454,0.36288,0,104.702,4.07158,100.476,0.84672,12.849,0.84672,3695.15,0,36.966,0.307002,2.3765,2.00458,11.5462,1.05521,14.5651,0.42336,36.966,0.42336,423.524,0,1.02816,0,0,3.40466,2.3765,1.028160,1,0,115.865,0,0,0,115.865,0
65.3127,2.3888,0,0,3.73607,0.295651,0.36288,3.6288,61.308,0.39388,0,0,2.50236,0.267704,1.84078,0.66528,12.849,1,0.474958,0.36288,0,98.2429,4.89806,93.2327,0.84672,12.849,0.84672,3695.15,0,36.966,0.237492,5.87768,2.00514,17.1712,1.28828,23.5283,0.42336,36.966,0.42336,423.524,0,1.02816,0,0,6.90584,5.87768,1.028160,1,0,118.602,0,0,0,118.602,0
69.1093,2.39365,0,0,6.81394,0.260833,0.36288,3.6288,61.308,0.39417,0,0,6.81071,0.186228,6.23032,0.66528,12.849,1,0.470905,0.36288,0,223.148,3.98611,219.054,0.84672,12.849,0.84672,3695.15,0,36.966,0.237667,9.03671,1.81882,31.6958,0.946364,41.3673,0.42336,36.966,0.42336,423.524,0,1.02816,0,0,10.0649,9.03671,1.028160,1,0,266.651,0,0,0,266.651,0
71.0047,2.41614,0,0,4.94323,0.268767,0.36288,3.6288,61.308,0.394459,0,0,4.2985,0.186228,3.71782,0.66528,12.849,1,0.449217,0.36288,0,184.466,3.98611,180.393,0.84672,12.849,0.84672,3695.15,0,36.966,0.237841,5.69125,1.81933,19.8398,0.946364,26.1662,0.42336,36.966,0.42336,423.524,0,1.02816,0,0,6.71941,5.69125,1.028160,1,0,210.277,0,0,0,210.277,0
72.29,2.42698,0,0,5.78255,0.272728,1.79754,3.6288,61.308,0.394749,0,0,4.78657,0.186228,4.20559,0.66528,12.849,1,0.439185,1.79754,0,237.973,3.98611,235.345,0.84672,12.849,0.84672,3695.15,0,36.966,0.238016,6.61807,1.81984,20.3907,0.946364,27.6443,0.42336,36.966,0.42336,423.524,0,1.02816,0,0,7.64623,6.61807,1.028160,1,0,267.195,0,0,0,267.195,0
72.29,2.43429,0,0,5.14831,0.275414,2.43861,3.6288,61.308,0.395039,0,0,4.30307,0.186228,3.72181,0.66528,12.849,1,0.432676,2.43861,0,203.724,3.98611,201.744,0.84672,12.849,0.84672,3695.15,0,36.966,0.238191,5.29424,1.82035,15.3326,0.946364,21.2627,0.42336,36.966,0.42336,423.524,0,1.02816,0,0,6.3224,5.29424,1.028160,1,0,226.729,0,0,0,226.729,0
72.29,2.51123,0,0,4.67694,0.295923,1.86979,3.6288,61.308,0.428843,0,0,2.62582,0.199139,1.99784,0.66528,12.849,1,0.446352,1.86979,0,147.548,4.25382,144.717,0.84672,12.849,0.84672,3695.15,0,36.966,0.258573,3.13702,1.82086,12.2056,1.05365,15.8512,0.42336,36.966,0.42336,423.524,0,1.02816,0,0,4.16518,3.13702,1.028160,1,0,162.567,0,0,0,162.567,0
72.29,2.5119,0,0,6.78142,0.331088,3.93843,3.6288,61.308,0.42913,0,0,2.13206,0.205286,1.49764,0.66528,12.849,1,0.446472,3.93843,0,195.578,4.7643,194.305,0.84672,12.849,0.84672,3695.15,0,36.966,0.258746,2.88808,1.87971,13.4798,1.18797,16.8009,0.42336,36.966,0.42336,423.524,0,1.02816,0,0,3.91624,2.88808,1.028160,1,0,212.604,0,0,0,212.604,0
72.29,2.51258,0,0,6.61163,0.310608,3.78844,3.6288,61.308,0.429417,0,0,2.1619,0.189784,1.5427,0.66528,12.849,1,0.446592,3.78844,0,127.242,4.22835,126.356,0.84672,12.849,0.84672,3695.15,0,36.966,0.258919,2.87732,1.88021,12.6069,1.12101,15.9845,0.42336,36.966,0.42336,423.524,0,1.02816,0,0,3.90548,2.87732,1.028160,1,0,143.883,0,0,0,143.883,0
72.29,2.51325,0,0,6.78916,0.310608,3.9653,3.6288,61.308,0.429704,0,0,3.02835,0.189784,2.40886,0.66528,12.849,1,0.446712,3.9653,0,142.703,4.22835,141.994,0.84672,12.849,0.84672,3695.15,0,36.966,0.259093,3.99015,1.88071,15.902,1.12101,20.3928,0.42336,36.966,0.42336,423.524,0,1.02816,0,0,5.01831,3.99015,1.028160,1,0,164.795,0,0,0,164.795,0
72.29,2.45761,0,0,6.69864,0.309014,3.93201,3.6288,61.308,0.425115,0,0,1.78232,0.196888,1.16032,0.66528,12.849,1,0.436821,3.93201,0,154.354,4.10644,153.742,0.84672,12.849,0.84672,3695.15,0,36.966,0.256326,2.06998,1.88122,13.7119,1.12342,16.2834,0.42336,36.966,0.42336,423.524,0,1.02816,0,0,3.09814,2.06998,1.028160,1,0,171.186,0,0,0,171.186,0
72.29,2.45827,0,0,7.81065,0.299456,5.05292,3.6288,61.308,0.425401,0,0,2.48126,0.239514,1.81635,0.66528,12.849,1,0.436938,5.05292,0,203.739,3.37502,204.98,0.84672,12.849,0.84672,3695.15,0,36.966,0.256498,3.36823,1.86325,15.4181,1.13783,19.2552,0.42336,36.966,0.42336,423.524,0,1.02816,0,0,4.39639,3.36823,1.028160,1,0,226.052,0,0,0,226.052,0
72.29,2.45893,0,0,8.29025,0.299456,5.53187,3.6288,61.308,0.425687,0,0,3.19727,0.239514,2.53206,0.66528,12.849,1,0.437056,5.53187,0,217.46,3.37502,219.18,0.84672,12.849,0.84672,3695.15,0,36.966,0.256671,4.19374,1.86375,19.2943,1.13783,23.9573,0.42336,36.966,0.42336,423.524,0,1.02816,0,0,5.2219,4.19374,1.028160,1,0,245.669,0,0,0,245.669,0
72.29,2.45959,0,0,7.88244,0.296859,5.126,3.6288,61.308,0.425973,0,0,3.36921,0.245047,2.69819,0.66528,12.849,1,0.437173,5.126,0,195.148,3.50605,196.331,0.84672,12.849,0.84672,3695.15,0,36.966,0.256843,4.87159,1.86425,19.0636,1.17883,24.3637,0.42336,36.966,0.42336,423.524,0,1.02816,0,0,5.89975,4.87159,1.028160,1,0,223.393,0,0,0,223.393,0
72.29,2.41198,0,0,7.71828,0.324895,4.98141,3.6288,61.308,0.38801,0,0,2.66828,0.253667,2.02661,0.66528,12.849,1,0.42871,4.98141,0,159.108,4.02735,159.634,0.84672,12.849,0.84672,3695.15,0,36.966,0.233953,3.69591,1.86475,17.9493,1.24654,22.0295,0.42336,36.966,0.42336,423.524,0,1.02816,0,0,4.72407,3.69591,1.028160,1,0,183.69,0,0,0,183.69,0
72.29,2.41262,0,0,5.48149,0.341109,2.72776,3.6288,61.308,0.388286,0,0,1.54955,0.269588,0.891675,0.66528,12.849,1,0.428825,2.72776,0,147.628,3.67983,146.247,0.84672,12.849,0.84672,3695.15,0,36.966,0.234119,1.72454,1.80723,10.964,0.986712,13.2749,0.42336,36.966,0.42336,423.524,0,1.02816,0,0,2.7527,1.72454,1.028160,1,0,160.414,0,0,0,160.414,0
72.29,2.41327,0,0,5.54331,0.341109,2.78893,3.6288,61.308,0.388562,0,0,1.97086,0.269588,1.31271,0.66528,12.849,1,0.42894,2.78893,0,123.626,3.67983,122.306,0.84672,12.849,0.84672,3695.15,0,36.966,0.234285,2.19771,1.80771,12.8081,0.986712,15.5925,0.42336,36.966,0.42336,423.524,0,1.02816,0,0,3.22587,2.19771,1.028160,1,0,139.212,0,0,0,139.212,0
72.29,2.41392,0,0,5.65116,0.341109,2.89613,3.6288,61.308,0.388838,0,0,2.39979,0.269588,1.74136,0.66528,12.849,1,0.429055,2.89613,0,133.011,3.67983,131.798,0.84672,12.849,0.84672,3695.15,0,36.966,0.234452,2.59806,1.8082,14.4541,0.986712,17.6392,0.42336,36.966,0.42336,423.524,0,1.02816,0,0,3.62622,2.59806,1.028160,1,0,151.179,0,0,0,151.179,0
72.29,2.41456,0,0,5.25996,0.307124,2.53828,3.6288,61.308,0.389114,0,0,2.09894,0.251539,1.45829,0.66528,12.849,1,0.42917,2.53828,0,145.105,3.41825,143.796,0.84672,12.849,0.84672,3695.15,0,36.966,0.234618,2.36174,1.80868,12.8522,0.949135,15.8388,0.42336,36.966,0.42336,423.524,0,1.02816,0,0,3.3899,2.36174,1.028160,1,0,161.093,0,0,0,161.093,0
72.29,2.50346,0,0,9.6836,0.343346,6.8368,3.6288,61.308,0.430848,0,0,3.85125,0.202777,3.21763,0.66528,12.849,1,0.44497,6.8368,0,227.24,2.91103,230.721,0.84672,12.849,0.84672,3695.15,0,36.966,0.259782,4.83103,1.80917,20.9032,0.821824,26.4618,0.42336,36.966,0.42336,423.524,0,1.02816,0,0,5.85919,4.83103,1.028160,1,0,260.4,0,0,0,260.4,0
72.29,2.50413,0,0,7.89126,0.342813,5.04432,3.6288,61.308,0.431135,0,0,2.50004,0.185451,1.88346,0.66528,12.849,1,0.44509,5.04432,0,167.584,3.18098,169.002,0.84672,12.849,0.84672,3695.15,0,36.966,0.259955,3.79661,1.88047,14.9526,0.85567,19.514,0.42336,36.966,0.42336,423.524,0,1.02816,0,0,4.82477,3.79661,1.028160,1,0,190.4,0,0,0,190.4,0
72.29,2.5048,0,0,6.23352,0.342813,3.38591,3.6288,61.308,0.431422,0,0,2.17653,0.185451,1.55965,0.66528,12.849,1,0.445209,3.38591,0,138.014,3.18098,137.773,0.84672,12.849,0.84672,3695.15,0,36.966,0.260129,3.30654,1.88098,12.5406,0.85567,16.6123,0.42336,36.966,0.42336,423.524,0,1.02816,0,0,4.3347,3.30654,1.028160,1,0,155.945,0,0,0,155.945,0
72.29,2.50547,0,0,5.81522,0.342813,2.96694,3.6288,61.308,0.43171,0,0,2.69468,0.185451,2.07752,0.66528,12.849,1,0.445328,2.96694,0,138.474,3.18098,137.815,0.84672,12.849,0.84672,3695.15,0,36.966,0.260302,3.3491,1.88148,15.86,0.85567,19.9746,0.42336,36.966,0.42336,423.524,0,1.02816,0,0,4.37726,3.3491,1.028160,1,0,159.867,0,0,0,159.867,0
72.29,2.4716,0,0,5.23519,0.315931,2.44766,3.6288,61.308,0.415878,0,0,1.83598,0.200176,1.21993,0.66528,12.849,1,0.439308,2.44766,0,107.906,3.52515,106.389,0.84672,12.849,0.84672,3695.15,0,36.966,0.250756,2.45657,1.88198,10.7629,0.903528,13.9472,0.42336,36.966,0.42336,423.524,0,1.02816,0,0,3.48473,2.45657,1.028160,1,0,121.556,0,0,0,121.556,0
72.29,2.47226,0,0,4.9301,0.296688,2.16116,3.6288,61.308,0.416161,0,0,1.45386,0.198257,0.839443,0.66528,12.849,1,0.439426,2.16116,0,101.495,4.18729,99.0294,0.84672,12.849,0.84672,3695.15,0,36.966,0.250927,1.96449,1.8549,9.91803,0.992716,12.4938,0.42336,36.966,0.42336,423.524,0,1.02816,0,0,2.99265,1.96449,1.028160,1,0,112.363,0,0,0,112.363,0
72.29,2.47292,0,0,4.68686,0.296688,1.91725,3.6288,61.308,0.416444,0,0,1.24899,0.198257,0.634288,0.66528,12.849,1,0.439543,1.91725,0,86.2263,4.18729,83.5167,0.84672,12.849,0.84672,3695.15,0,36.966,0.251097,1.57453,1.8554,8.59922,0.992716,10.7853,0.42336,36.966,0.42336,423.524,0,1.02816,0,0,2.60269,1.57453,1.028160,1,0,94.9364,0,0,0,94.9364,0
72.29,2.47358,0,0,4.20962,0.256236,1.47979,3.6288,61.308,0.416728,0,0,1.03103,0.19347,0.42083,0.66528,12.849,1,0.439661,1.47979,0,79.3316,4.08961,76.2821,0.84672,12.849,0.84672,3695.15,0,36.966,0.251268,1.28903,1.8559,7.35964,0.913162,9.34013,0.42336,36.966,0.42336,423.524,0,1.02816,0,0,2.31719,1.28903,1.028160,1,0,86.0431,0,0,0,86.0431,0
72.29,2.59162,0,0,3.78969,0.225897,0.972171,3.6288,61.308,0.474235,0,0,0.911917,0.18988,0.247802,0.66528,12.849,1,0.46064,0.972171,0,72.239,4.01635,68.7342,0.84672,12.849,0.84672,3695.15,0,36.966,0.285943,1.0863,1.85639,6.39786,0.853496,8.20111,0.42336,36.966,0.42336,423.524,0,1.02816,0,0,2.11446,1.0863,1.028160,1,0,77.1831,0,0,0,77.1831,0
72.29,2.59231,0,0,4.24265,0.209496,1.44085,3.6288,61.308,0.474534,0,0,1.22164,0.151187,0.595923,0.66528,12.849,1,0.460764,1.44085,0,76.6809,4.34303,73.3179,0.84672,12.849,0.84672,3695.15,0,36.966,0.286123,1.23073,1.95366,7.16178,0.929565,9.13049,0.42336,36.966,0.42336,423.524,0,1.02816,0,0,2.25889,1.23073,1.028160,1,0,83.0443,0,0,0,83.0443,0
72.29,2.593,0,0,3.85698,0.146152,1.11783,3.6288,61.308,0.474832,0,0,1.03661,0.173716,0.388062,0.66528,12.849,1,0.460887,1.11783,0,72.6045,4.6453,68.6161,0.84672,12.849,0.84672,3695.15,0,36.966,0.286303,0.981495,1.95419,6.40723,0.99038,8.06623,0.42336,36.966,0.42336,423.524,0,1.02816,0,0,2.00966,0.981495,1.028160,1,0,77.0704,0,0,0,77.0704,0
72.29,2.5937,0,0,3.54542,0.146152,0.805565,3.6288,61.308,0.475131,0,0,0.835687,0.173716,0.18684,0.66528,12.849,1,0.46101,0.805565,0,66.5674,4.6453,62.2666,0.84672,12.849,0.84672,3695.15,0,36.966,0.286483,0.686163,1.95471,5.8057,0.99038,7.16971,0.42336,36.966,0.42336,423.524,0,1.02816,0,0,1.71432,0.686163,1.028160,1,0,69.6232,0,0,0,69.6232,0
72.29,2.59439,0,0,3.46383,0.150496,0.718938,3.6288,61.308,0.47543,0,0,0.693213,0.200296,0.0174869,0.66528,12.849,1,0.461134,0.718938,0,60.4168,5.10174,55.5728,0.84672,12.849,0.84672,3695.15,0,36.966,0.286663,0.607815,1.95523,5.58769,1.08284,6.78123,0.42336,36.966,0.42336,423.524,0,1.02816,0,0,1.63598,0.607815,1.028160,1,0,62.3715,0,0,0,62.3715,0
71.9122,2.57184,0,0,2.67937,0.12247,0.36288,3.6288,61.231,0.507222,0,0,0.717448,0.287226,0,0.66528,12.849,1,0.457126,0.36288,0,54.263,5.75244,48.4163,0.84672,12.849,0.84672,3695.15,0,36.966,0.305832,0.845752,1.95576,5.06662,1.34899,6.2133,0.42336,36.966,0.42336,423.524,0,1.02816,0,0,1.87391,0.845752,1.028160,1,0,54.6296,0,0,0,54.6296,0
71.1244,2.57049,0,0,2.26243,0.116791,0.36288,3.6288,61.1385,0.507289,0,0,0.707875,0.293124,0,0.66528,12.849,1,0.459286,0.36288,0,48.6546,5.5293,43.0289,0.84672,12.849,0.84672,3695.15,0,36.966,0.306258,0.831228,1.99015,4.52613,1.35462,5.68663,0.42336,36.966,0.42336,423.524,0,1.02816,0,0,1.85939,0.831228,1.028160,1,0,48.7155,0,0,0,48.7155,0
70.1757,2.56687,0,0,2.09708,0.116091,0.36288,3.6288,61.0063,0.507308,0,0,0.668114,0.292953,0,0.66528,12.849,1,0.463719,0.36288,0,44.1793,5.5293,38.5491,0.84672,12.849,0.84672,3695.15,0,36.966,0.306732,0.693498,1.99068,4.46971,1.35462,5.49253,0.42336,36.966,0.42336,423.524,0,1.02816,0,0,1.72166,0.693498,1.028160,1,0,44.0416,0,0,0,44.0416,0
69.1737,2.56226,0,0,2.03837,0.115248,0.36288,3.6288,60.8379,0.507201,0,0,0.631463,0.292708,0,0.66528,12.849,1,0.469144,0.36288,0,39.7119,5.5293,34.0763,0.84672,12.849,0.84672,3695.15,0,36.966,0.307332,0.536786,1.99122,4.40511,1.35462,5.27116,0.42336,36.966,0.42336,423.524,0,1.02816,0,0,1.56495,0.536786,1.028160,1,0,39.3475,0,0,0,39.3475,0
68.0719,2.61689,0,0,1.97745,0.0994429,0.36288,3.6288,60.5776,0.534994,0,0,0.581056,0.306319,0,0.66528,12.849,1,0.486087,0.36288,0,37.0385,5.75172,31.1635,0.84672,12.849,0.84672,3695.15,0,36.966,0.32507,0.410348,1.99175,4.05833,1.44446,4.69089,0.42336,36.966,0.42336,423.524,0,1.02816,0,0,1.43851,0.410348,1.028160,1,0,35.8544,0,0,0,35.8544,0
66.8984,2.61097,0,0,1.89712,0.0968083,0.36288,3.6288,60.2453,0.534441,0,0,0.511732,0.309613,0,0.66528,12.849,1,0.492837,0.36288,0,36.1198,6.04202,29.9478,0.84672,12.849,0.84672,3695.15,0,36.966,0.326129,0.272618,2.04034,3.3501,1.51164,3.82529,0.42336,36.966,0.42336,423.524,0,1.02816,0,0,1.30078,0.272618,1.028160,1,0,33.7731,0,0,0,33.7731,0
65.5585,2.60442,0,0,1.72332,0.0959178,0.36288,3.6288,59.8765,0.557691,0,0,0.497867,0.308959,0,0.66528,12.849,1,0.500224,0.36288,0,34.0008,6.04202,27.8215,0.84672,12.849,0.84672,3695.15,0,36.966,0.342195,0.227405,2.04089,3.2305,1.51164,3.64496,0.42336,36.966,0.42336,423.524,0,0.989349,0,0,1.21675,0.227405,1.028160,1,0,31.4664,0,0,0,31.4664,0
63.9801,2.59656,0,0,1.45959,0.0785322,0.36288,3.6288,59.4947,0.56317,0,0,0.495164,0.313841,0,0.66528,12.849,1,0.508908,0.36288,0,32.4035,6.31881,25.9386,0.84672,12.849,0.84672,3695.15,0,36.966,0.347684,0.227405,2.04143,3.17009,1.51214,3.57911,0.42336,36.966,0.42336,423.524,0,0.978886,0,0,1.20629,0.227405,1.028160,1,0,29.5177,0,0,0,29.5177,0
62.3506,2.45799,0,0,1.27949,0.0881376,0.36288,3.6288,59.106,0.547116,0,0,0.461073,0.302612,0,0.66528,12.849,1,0.493634,0.36288,0,29.8823,6.16444,23.5871,0.84672,12.849,0.84672,3695.15,0,36.966,0.339941,0.227405,2.04198,3.06114,1.40823,3.58236,0.42336,36.966,0.42336,423.524,0,0.941579,0,0,1.16898,0.227405,1.028160,1,0,27.1695,0,0,0,27.1695,0
60.7164,2.44795,0,0,1.24021,0.0635093,0.36288,3.6288,58.7696,0.492774,0,0,0.449201,0.292852,0,0.66528,12.849,1,0.504466,0.36288,0,27.3235,5.94152,21.2404,0.84672,12.849,0.84672,3695.15,0,36.966,0.30819,0.291013,1.96594,2.7402,1.41801,3.27095,0.42336,36.966,0.42336,423.524,0,1.02816,0,0,1.31917,0.291013,1.028160,1,0,24.5113,0,0,0,24.5113,0
58.9663,2.4374,0,0,1.10894,0.0587992,0.36288,3.6288,58.3924,0.491991,0,0,0.405562,0.290722,0,0.66528,12.849,1,0.515809,0.36288,0,25.1476,5.90436,19.0903,0.84672,12.849,0.84672,3695.15,0,36.966,0.309462,0.256288,1.96646,2.62824,1.41964,3.12189,0.42336,36.966,0.42336,423.524,0,1.02816,0,0,1.28445,0.256288,1.028160,1,0,22.2122,0,0,0,22.2122,0
57.3008,2.42547,0,0,1.18072,0.0578496,0.36288,3.6288,58.0136,0.491067,0,0,0.402246,0.290017,0,0.66528,12.849,1,0.528521,0.36288,0,23.4913,5.90436,17.4213,0.84672,12.849,0.84672,3695.15,0,36.966,0.310875,0.236451,1.96699,2.77003,1.41964,3.24295,0.42336,36.966,0.42336,423.524,0,1.02816,0,0,1.26461,0.236451,1.028160,1,0,20.6642,0,0,0,20.6642,0
56.2307,2.41357,0,0,1.7722,0.0659077,0.36288,3.6288,57.7152,0.490126,0,0,0.478957,0.287209,0,0.66528,12.849,1,0.541213,0.36288,0,34.6891,5.84499,28.6658,0.84672,12.849,0.84672,3695.15,0,36.966,0.312306,0.486337,1.96752,2.94372,1.41236,3.6729,0.42336,36.966,0.42336,423.524,0,1.02816,0,0,1.5145,0.486337,1.028160,1,0,32.3387,0,0,0,32.3387,0
55.4664,2.33242,0,0,1.97869,0.0476542,0.36288,3.6288,57.5069,0.435735,0,0,0.531853,0.304424,0,0.66528,12.849,1,0.532971,0.36288,0,43.6936,5.83108,37.6924,0.84672,12.849,0.84672,3695.15,0,36.966,0.279084,0.773055,1.96804,4.20644,1.4516,5.21685,0.42336,36.966,0.42336,423.524,0,1.02816,0,0,1.80122,0.773055,1.028160,1,0,42.9093,0,0,0,42.9093,0
54.5953,2.32708,0,0,1.86243,0.0435962,0.36288,3.6288,57.2636,0.435403,0,0,0.493086,0.301043,0,0.66528,12.849,1,0.539078,0.36288,0,36.2901,5.76633,30.3475,0.84672,12.849,0.84672,3695.15,0,36.966,0.279882,0.950754,1.8836,4.8673,1.43779,5.98398,0.42336,36.966,0.42336,423.524,0,1.02816,0,0,1.97891,0.950754,1.028160,1,0,36.3315,0,0,0,36.3315,0
54.2888,2.32074,0,0,2.45465,0.0774818,0.36288,3.6288,57.0733,0.434964,0,0,0.518397,0.273671,0,0.66528,12.849,1,0.546187,0.36288,0,36.7006,5.54547,30.9719,0.84672,12.849,0.84672,3695.15,0,36.966,0.280787,1.09047,1.8841,3.91473,1.36193,5.24659,0.42336,36.966,0.42336,423.524,0,1.02816,0,0,2.11863,1.09047,1.028160,1,0,36.2185,0,0,0,36.2185,0
55.0328,2.31887,0,0,3.50303,0.0772424,0.36288,3.6288,57.2185,0.434678,0,0,0.853203,0.273333,0,0.66528,12.849,1,0.548826,0.36288,0,67.8854,5.54547,62.154,0.84672,12.849,0.84672,3695.15,0,36.966,0.281538,2.54892,1.88461,7.33887,1.36193,10.1289,0.42336,36.966,0.42336,423.524,0,1.02816,0,0,3.57708,2.54892,1.028160,1,0,72.2829,0,0,0,72.2829,0
54.6872,2.54337,0,0,2.65323,0.0926502,0.36288,3.6288,57.059,0.510692,0,0,0.618989,0.267824,0,0.66528,12.849,1,0.593823,0.36288,0,84.5218,5.3618,78.9291,0.84672,12.849,0.84672,3695.15,0,36.966,0.329933,1.45722,1.88511,4.85127,1.32961,6.53406,0.42336,36.966,0.42336,423.524,0,1.02816,0,0,2.48538,1.45722,1.028160,1,0,85.4632,0,0,0,85.4632,0
52.8485,2.54101,0,0,1.2462,0.180979,0.36288,3.6288,56.0882,1.01432,0,0,0.276523,0.232977,0,0.66528,12.849,1,0.597022,0.36288,0,21.4272,4.25975,16.9333,0.84672,12.849,0.84672,3695.15,0,36.966,0.42336,0.216518,2.03173,3.61877,1.13571,4.30795,0.42336,36.966,0.42336,423.524,0,0.4316,0,0,0.648118,0.216518,1.028160,1,0,21.2413,0,0,0,21.2413,0
51.6589,2.52498,0,0,1.87585,0.177626,0.36288,3.6288,56.019,0.507287,0,0,0.66964,0.231507,0,0.66528,12.849,1,0.613895,0.36288,0,33.413,4.25975,28.9023,0.84672,12.849,0.84672,3695.15,0,36.966,0.334337,0.845104,2.03228,7.33778,1.13571,8.74511,0.42336,36.966,0.42336,423.524,0,1.02816,0,0,1.87326,0.845104,1.028160,1,0,37.6474,0,0,0,37.6474,0
53.1476,2.51433,0,0,4.54143,0.175457,0.36288,3.6288,56.7805,0.507339,0,0,1.5002,0.231403,0,0.66528,12.849,1,0.625383,0.36288,0,87.5643,4.25975,83.0421,0.84672,12.849,0.84672,3695.15,0,36.966,0.334784,1.9194,2.03282,11.1007,1.13571,13.5824,0.42336,36.966,0.42336,423.524,0,1.02816,0,0,2.94756,1.9194,1.028160,1,0,96.6245,0,0,0,96.6245,0
52.8827,2.33864,0,0,2.65578,0.219196,0.36288,3.6288,57.0069,0.396545,0,0,0.823254,0.200312,0,0.66528,12.849,1,0.56539,0.36288,0,49.4013,3.70376,45.495,0.84672,12.849,0.84672,3695.15,0,36.966,0.258164,0.320147,2.03336,6.72424,0.887812,7.93178,0.42336,36.966,0.42336,423.524,0,1.02816,0,0,1.34831,0.320147,1.028160,1,0,53.4268,0,0,0,53.4268,0
54.2972,2.33698,0,0,4.33679,0.222445,0.36288,3.6288,57.6547,0.397439,0,0,1.29622,0.250991,0,0.66528,12.849,1,0.567821,0.36288,0,110.543,4.29674,106.042,0.84672,12.849,0.84672,3695.15,0,36.966,0.257719,1.37116,1.8444,11.7541,1.01404,13.6979,0.42336,36.966,0.42336,423.524,0,1.02816,0,0,2.39932,1.37116,1.028160,1,0,119.739,0,0,0,119.739,0
56.1519,2.34957,0,0,4.79949,0.232266,0.36288,3.6288,58.595,0.399478,0,0,1.59563,0.255786,0,0.66528,12.849,1,0.556008,0.36288,0,99.379,4.34983,94.836,0.84672,12.849,0.84672,3695.15,0,36.966,0.25613,3.62641,1.84489,19.5552,1.04222,23.7281,0.42336,36.966,0.42336,423.524,0,1.02816,0,0,4.65457,3.62641,1.028160,1,0,118.564,0,0,0,118.564,0
57.8808,2.36515,0,0,4.69353,0.236624,0.36288,3.6288,59.3741,0.402274,0,0,1.43864,0.257342,0,0.66528,12.849,1,0.541206,0.36288,0,105.717,4.34983,101.189,0.84672,12.849,0.84672,3695.15,0,36.966,0.253783,3.1483,1.84538,16.6267,1.04222,20.3244,0.42336,36.966,0.42336,423.524,0,1.02816,0,0,4.17646,3.1483,1.028160,1,0,121.514,0,0,0,121.514,0
59.7441,2.37901,0,0,4.85682,0.251629,0.36288,3.6288,60.2533,0.404603,0,0,1.54079,0.256986,0,0.66528,12.849,1,0.528118,0.36288,0,105.372,4.37197,100.834,0.84672,12.849,0.84672,3695.15,0,36.966,0.251904,1.49609,1.84588,11.4949,1.14293,13.442,0.42336,36.966,0.42336,423.524,0,1.02816,0,0,2.52425,1.49609,1.028160,1,0,114.277,0,0,0,114.277,0
64.4637,2.46816,0,0,7.81891,0.268275,0.36288,3.6288,61.308,0.440921,0,0,2.53199,0.257957,0.778377,0.66528,12.849,1,0.530821,0.36288,0,138.997,4.43766,134.391,0.84672,12.849,0.84672,3695.15,0,36.966,0.27051,5.06851,1.84637,19.153,1.25356,24.5438,0.42336,36.966,0.42336,423.524,0,1.02816,0,0,6.09667,5.06851,1.028160,1,0,159.713,0,0,0,159.713,0
67.5421,2.50121,0,0,6.22568,0.283219,0.36288,3.6288,61.308,0.444103,0,0,1.96797,0.220742,1.30312,0.66528,12.849,1,0.498544,0.36288,0,151.688,4.03032,147.522,0.84672,12.849,0.84672,3695.15,0,36.966,0.267774,4.96638,1.90602,13.6427,1.13859,19.1088,0.42336,36.966,0.42336,423.524,0,1.02816,0,0,5.99454,4.96638,1.028160,1,0,167.934,0,0,0,167.934,0
72.29,2.52094,0,0,7.995,0.290252,0.435892,3.6288,61.308,0.444381,0,0,2.89894,0.220742,2.23382,0.66528,12.849,1,0.479577,0.435892,0,176.646,4.03032,172.572,0.84672,12.849,0.84672,3695.15,0,36.966,0.267942,5.24659,1.90651,22.6377,1.13859,28.3842,0.42336,36.966,0.42336,423.524,0,1.02816,0,0,6.27475,5.24659,1.028160,1,0,203.19,0,0,0,203.19,0
72.29,2.54834,0,0,9.30848,0.3011,6.45904,3.6288,61.308,0.444659,0,0,3.50853,0.220742,2.84313,0.66528,12.849,1,0.452948,6.45904,0,194.543,4.03032,196.518,0.84672,12.849,0.84672,3695.15,0,36.966,0.26811,5.87168,1.90699,17.2004,1.13859,23.5724,0.42336,36.966,0.42336,423.524,0,1.02816,0,0,6.89984,5.87168,1.028160,1,0,222.934,0,0,0,222.934,0
72.29,2.49189,0,0,7.1782,0.3011,4.38521,3.6288,61.308,0.439993,0,0,2.91862,0.220742,2.25788,0.66528,12.849,1,0.442915,4.38521,0,155.818,4.03032,155.73,0.84672,12.849,0.84672,3695.15,0,36.966,0.265296,4.28563,1.90748,14.1674,1.13859,18.9566,0.42336,36.966,0.42336,423.524,0,1.02816,0,0,5.31379,4.28563,1.028160,1,0,176.945,0,0,0,176.945,0
72.29,2.49253,0,0,7.90698,0.314258,5.1002,3.6288,61.308,0.44027,0,0,2.8529,0.184381,2.22825,0.66528,12.849,1,0.443028,5.1002,0,238.398,4.10714,238.948,0.84672,12.849,0.84672,3695.15,0,36.966,0.265463,3.73797,1.88925,19.5274,1.08257,23.8066,0.42336,36.966,0.42336,423.524,0,1.02816,0,0,4.76613,3.73797,1.028160,1,0,264.983,0,0,0,264.983,0
72.29,2.49317,0,0,6.64986,0.32008,3.83661,3.6288,61.308,0.440547,0,0,2.39633,0.176651,1.77913,0.66528,12.849,1,0.443142,3.83661,0,193.101,3.97835,192.516,0.84672,12.849,0.84672,3695.15,0,36.966,0.26563,2.86573,1.88973,14.1936,1.05246,17.631,0.42336,36.966,0.42336,423.524,0,1.02816,0,0,3.89389,2.86573,1.028160,1,0,211.926,0,0,0,211.926,0
72.29,2.49381,0,0,7.83959,0.32008,5.0257,3.6288,61.308,0.440824,0,0,2.72804,0.176651,2.11056,0.66528,12.849,1,0.443255,5.0257,0,229.382,3.97835,229.987,0.84672,12.849,0.84672,3695.15,0,36.966,0.265797,3.84815,1.89021,18.5377,1.05246,22.9578,0.42336,36.966,0.42336,423.524,0,1.02816,0,0,4.87631,3.84815,1.028160,1,0,255.055,0,0,0,255.055,0
72.29,2.4455,0,0,10.9159,0.307094,8.16326,3.6288,61.308,0.40232,0,0,4.64033,0.204315,4.03369,0.66528,12.849,1,0.43467,8.16326,0,265.002,4.63354,268.097,0.84672,12.849,0.84672,3695.15,0,36.966,0.242581,6.5843,1.8907,33.2497,1.25744,40.2247,0.42336,36.966,0.42336,423.524,0,1.02816,0,0,7.61246,6.5843,1.028160,1,0,312.355,0,0,0,312.355,0
72.29,2.44613,0,0,7.3948,0.316057,4.63262,3.6288,61.308,0.402587,0,0,4.08724,0.201281,3.48337,0.66528,12.849,1,0.434781,4.63262,0,261.552,4.09835,261.651,0.84672,12.849,0.84672,3695.15,0,36.966,0.242742,5.62931,1.83235,17.3852,0.987535,23.6166,0.42336,36.966,0.42336,423.524,0,1.02816,0,0,6.65747,5.62931,1.028160,1,0,288.751,0,0,0,288.751,0
72.29,2.44676,0,0,7.04264,0.318402,4.27748,3.6288,61.308,0.402854,0,0,3.13496,0.186356,2.54575,0.66528,12.849,1,0.434892,4.27748,0,195.032,3.88364,194.991,0.84672,12.849,0.84672,3695.15,0,36.966,0.242903,4.20461,1.83282,12.5313,0.893355,17.4325,0.42336,36.966,0.42336,423.524,0,1.02816,0,0,5.23277,4.20461,1.028160,1,0,214.97,0,0,0,214.97,0
72.29,2.44738,0,0,6.00893,0.318402,3.24314,3.6288,61.308,0.403121,0,0,2.65256,0.186356,2.06308,0.66528,12.849,1,0.435004,3.24314,0,191.436,3.88364,190.361,0.84672,12.849,0.84672,3695.15,0,36.966,0.243064,2.83529,1.83329,9.82757,0.893355,13.3597,0.42336,36.966,0.42336,423.524,0,1.02816,0,0,3.86345,2.83529,1.028160,1,0,205.784,0,0,0,205.784,0
72.29,2.44801,0,0,6.68373,0.307074,3.92865,3.6288,61.308,0.403389,0,0,2.58276,0.18034,1.99904,0.66528,12.849,1,0.435115,3.92865,0,201.327,3.79644,201.024,0.84672,12.849,0.84672,3695.15,0,36.966,0.243225,3.52013,1.83376,13.2388,0.88083,17.4687,0.42336,36.966,0.42336,423.524,0,1.02816,0,0,4.54829,3.52013,1.028160,1,0,220.491,0,0,0,220.491,0
72.29,2.5381,0,0,5.8461,0.297704,3.01029,3.6288,61.308,0.445688,0,0,2.25887,0.175022,1.63816,0.66528,12.849,1,0.451129,3.01029,0,175.636,3.57849,174.616,0.84672,12.849,0.84672,3695.15,0,36.966,0.26873,2.97819,1.83423,13.8708,0.876211,17.5383,0.42336,36.966,0.42336,423.524,0,1.02816,0,0,4.00635,2.97819,1.028160,1,0,193.793,0,0,0,193.793,0
72.29,2.53875,0,0,6.21381,0.341653,3.3334,3.6288,61.308,0.445966,0,0,3.23711,0.198107,2.59304,0.66528,12.849,1,0.451244,3.3334,0,187.354,3.8074,186.429,0.84672,12.849,0.84672,3695.15,0,36.966,0.268898,4.44413,1.9065,16.1898,0.929111,21.3424,0.42336,36.966,0.42336,423.524,0,1.02816,0,0,5.47229,4.44413,1.028160,1,0,210.364,0,0,0,210.364,0
72.29,2.5394,0,0,5.39974,0.341653,2.51868,3.6288,61.308,0.446244,0,0,2.63123,0.198107,1.98688,0.66528,12.849,1,0.45136,2.51868,0,155.057,3.8074,153.317,0.84672,12.849,0.84672,3695.15,0,36.966,0.269066,3.27573,1.90699,12.7814,0.929111,16.766,0.42336,36.966,0.42336,423.524,0,1.02816,0,0,4.30389,3.27573,1.028160,1,0,172.07,0,0,0,172.07,0
72.29,2.54005,0,0,4.34008,0.311475,1.48855,3.6288,61.308,0.446523,0,0,1.89989,0.194777,1.25859,0.66528,12.849,1,0.451475,1.48855,0,124.336,4.00511,121.368,0.84672,12.849,0.84672,3695.15,0,36.966,0.269233,2.33525,1.90747,8.56958,0.941966,11.6011,0.42336,36.966,0.42336,423.524,0,1.02816,0,0,3.36341,2.33525,1.028160,1,0,134.227,0,0,0,134.227,0
72.29,2.50568,0,0,3.79627,0.284322,1.00626,3.6288,61.308,0.430459,0,0,1.67058,0.197481,1.04264,0.66528,12.849,1,0.445367,1.00626,0,110.901,3.98409,107.478,0.84672,12.849,0.84672,3695.15,0,36.966,0.259548,1.60126,1.90796,7.33113,0.939373,9.64143,0.42336,36.966,0.42336,423.524,0,1.02816,0,0,2.62942,1.60126,1.028160,1,0,118.162,0,0,0,118.162,0
72.2658,2.50633,0,0,3.11799,0.273024,0.36288,3.6288,61.308,0.430734,0,0,1.55231,0.210485,0.911087,0.66528,12.849,1,0.44548,0.36288,0,74.1061,3.56086,70.4627,0.84672,12.849,0.84672,3695.15,0,36.966,0.259713,1.64077,1.88048,6.21832,0.908788,8.57107,0.42336,36.966,0.42336,423.524,0,1.02816,0,0,2.66893,1.64077,1.028160,1,0,79.9448,0,0,0,79.9448,0
71.8567,2.50684,0,0,2.73364,0.272974,0.36288,3.6288,61.308,0.431008,0,0,1.46374,0.210485,0.822244,0.66528,12.849,1,0.445721,0.36288,0,67.6668,3.56086,64.023,0.84672,12.849,0.84672,3695.15,0,36.966,0.259879,1.3178,1.88096,5.79152,0.908788,7.82162,0.42336,36.966,0.42336,423.524,0,1.02816,0,0,2.34596,1.3178,1.028160,1,0,72.6669,0,0,0,72.6669,0
71.6814,2.50533,0,0,2.96501,0.272126,0.36288,3.6288,61.308,0.431282,0,0,1.40453,0.210485,0.76276,0.66528,12.849,1,0.447988,0.36288,0,72.9441,3.56086,69.2981,0.84672,12.849,0.84672,3695.15,0,36.966,0.260044,0.877496,1.88145,6.33846,0.908788,7.92857,0.42336,36.966,0.42336,423.524,0,1.02816,0,0,1.90566,0.877496,1.028160,1,0,77.9894,0,0,0,77.9894,0
71.2355,2.62387,0,0,2.7473,0.206462,0.36288,3.6288,61.308,0.489567,0,0,1.35867,0.240777,0.628322,0.66528,12.849,1,0.470333,0.36288,0,66.5401,3.95492,62.4777,0.84672,12.849,0.84672,3695.15,0,36.966,0.295187,1.12149,1.88193,5.91574,0.994335,7.62963,0.42336,36.966,0.42336,423.524,0,1.02816,0,0,2.14965,1.12149,1.028160,1,0,70.7357,0,0,0,70.7357,0
70.6647,2.62205,0,0,2.58663,0.172444,0.36288,3.6288,61.308,0.489856,0,0,1.13146,0.262094,0.37951,0.66528,12.849,1,0.472948,0.36288,0,71.5174,4.21711,67.1902,0.84672,12.849,0.84672,3695.15,0,36.966,0.295362,0.982506,1.98051,5.31497,0.96947,7.01315,0.42336,36.966,0.42336,423.524,0,1.02816,0,0,2.01067,0.982506,1.028160,1,0,74.5829,0,0,0,74.5829,0
69.7335,2.61948,0,0,2.22165,0.170482,0.36288,3.6288,61.308,0.490145,0,0,1.17388,0.263627,0.42011,0.66528,12.849,1,0.476302,0.36288,0,47.5427,4.23454,43.1948,0.84672,12.849,0.84672,3695.15,0,36.966,0.295536,1.00955,1.98102,5.27901,0.959623,7.01442,0.42336,36.966,0.42336,423.524,0,1.02816,0,0,2.03771,1.00955,1.028160,1,0,50.6293,0,0,0,50.6293,0
68.8536,2.61478,0,0,2.267,0.169262,0.36288,3.6288,61.308,0.490435,0,0,1.12413,0.263627,0.370071,0.66528,12.849,1,0.481796,0.36288,0,47.578,4.23454,43.2245,0.84672,12.849,0.84672,3695.15,0,36.966,0.29571,0.426194,1.98152,4.60579,0.959623,5.75817,0.42336,36.966,0.42336,423.524,0,1.02816,0,0,1.45435,0.426194,1.028160,1,0,49.3528,0,0,0,49.3528,0
67.6424,2.61026,0,0,1.92274,0.160768,0.36288,3.6288,61.308,0.490724,0,0,0.907943,0.264085,0.153134,0.66528,12.849,1,0.487109,0.36288,0,48.2978,4.30758,43.866,0.84672,12.849,0.84672,3695.15,0,36.966,0.295885,0.342732,1.98203,4.41048,0.987123,5.45223,0.42336,36.966,0.42336,423.524,0,1.02816,0,0,1.37089,0.342732,1.028160,1,0,49.4713,0,0,0,49.4713,0
66.5695,2.58028,0,0,1.97297,0.102721,0.36288,3.6288,61.308,0.522938,0,0,0.949821,0.279573,0.14731,0.66528,12.849,1,0.490136,0.36288,0,41.6106,5.08959,36.3937,0.84672,12.849,0.84672,3695.15,0,36.966,0.315308,0.749071,1.98254,4.38982,1.25712,5.54899,0.42336,36.966,0.42336,423.524,0,1.02816,0,0,1.77723,0.749071,1.028160,1,0,42.09,0,0,0,42.09,0
65.4444,2.57431,0,0,1.90433,0.0922639,0.36288,3.6288,61.308,0.523235,0,0,0.918976,0.289127,0.106614,0.66528,12.849,1,0.496884,0.36288,0,44.2032,5.34744,38.7217,0.84672,12.849,0.84672,3695.15,0,36.966,0.315488,1.13592,2.01738,4.87602,1.33588,6.37795,0.42336,36.966,0.42336,423.524,0,1.02816,0,0,2.16408,1.13592,1.028160,1,0,45.2063,0,0,0,45.2063,0
64.1128,2.56783,0,0,1.69053,0.0914405,0.36288,3.6288,61.3037,0.523533,0,0,0.808315,0.289127,0,0.66528,12.849,1,0.504154,0.36288,0,51.6424,5.34744,46.1537,0.84672,12.849,0.84672,3695.15,0,36.966,0.315667,0.968751,2.0179,5.13073,1.33588,6.46584,0.42336,36.966,0.42336,423.524,0,1.02816,0,0,1.99691,0.968751,1.028160,1,0,52.6195,0,0,0,52.6195,0
62.6704,2.55976,0,0,1.57068,0.090466,0.36288,3.6288,61.2626,0.523817,0,0,0.771915,0.289119,0,0.66528,12.849,1,0.513008,0.36288,0,47.6706,5.34744,42.173,0.84672,12.849,0.84672,3695.15,0,36.966,0.315861,0.918622,2.01841,4.80619,1.33588,6.09149,0.42336,36.966,0.42336,423.524,0,1.02816,0,0,1.94678,0.918622,1.028160,1,0,48.2645,0,0,0,48.2645,0
61.331,2.3249,0,0,1.43038,0.0819078,0.36288,3.6288,61.243,0.422008,0,0,0.705456,0.30309,0,0.66528,12.849,1,0.476663,0.36288,0,43.1517,5.58441,37.4535,0.84672,12.849,0.84672,3695.15,0,36.966,0.25464,0.740431,2.01893,4.47457,1.3965,5.58279,0.42336,36.966,0.42336,423.524,0,1.02816,0,0,1.76859,0.740431,1.028160,1,0,43.0363,0,0,0,43.0363,0
59.9267,2.31689,0,0,1.34262,0.067188,0.36288,3.6288,61.271,0.422228,0,0,0.783122,0.332936,0,0.66528,12.849,1,0.485393,0.36288,0,40.175,6.24613,33.8064,0.84672,12.849,0.84672,3695.15,0,36.966,0.254855,0.544389,1.84215,3.64124,1.503,4.26992,0.42336,36.966,0.42336,423.524,0,1.02816,0,0,1.57255,0.544389,1.028160,1,0,38.0763,0,0,0,38.0763,0
58.4618,2.30811,0,0,1.27248,0.0663767,0.36288,3.6288,61.216,0.422573,0,0,0.700609,0.332995,0,0.66528,12.849,1,0.494886,0.36288,0,35.498,6.24613,29.1199,0.84672,12.849,0.84672,3695.15,0,36.966,0.254947,0.697663,1.84262,3.80316,1.503,4.5855,0.42336,36.966,0.42336,423.524,0,1.02816,0,0,1.72582,0.697663,1.028160,1,0,33.7054,0,0,0,33.7054,0
56.9245,2.29853,0,0,1.18955,0.0654462,0.36288,3.6288,61.1086,0.422702,0,0,0.648225,0.332879,0,0.66528,12.849,1,0.505181,0.36288,0,33.7535,6.24613,27.3651,0.84672,12.849,0.84672,3695.15,0,36.966,0.255253,0.549158,1.84309,3.33714,1.503,3.97113,0.42336,36.966,0.42336,423.524,0,1.02816,0,0,1.57732,0.549158,1.028160,1,0,31.3362,0,0,0,31.3362,0
55.2299,2.44079,0,0,1.17355,0.0644697,0.36288,3.6288,60.9631,0.514241,0,0,0.701326,0.332653,0,0.66528,12.849,1,0.550935,0.36288,0,31.3198,6.24613,24.8856,0.84672,12.849,0.84672,3695.15,0,36.966,0.311076,0.655474,1.84356,3.77388,1.503,4.45884,0.42336,36.966,0.42336,423.524,0,1.02816,0,0,1.68363,0.655474,1.028160,1,0,29.3445,0,0,0,29.3445,0
53.3329,2.4277,0,0,0.954642,0.0611046,0.36288,3.6288,60.6618,0.514073,0,0,0.556685,0.343875,0,0.66528,12.849,1,0.564793,0.36288,0,26.6459,6.87749,19.5665,0.84672,12.849,0.84672,3695.15,0,36.966,0.311717,0.42209,1.99265,3.17422,1.56894,3.7083,0.42336,36.966,0.42336,423.524,0,1.02816,0,0,1.45025,0.42209,1.028160,1,0,23.2748,0,0,0,23.2748,0
51.4185,2.41212,0,0,0.93128,0.0706901,0.36288,3.6288,60.4188,0.513406,0,0,0.610997,0.340599,0,0.66528,12.849,1,0.58113,0.36288,0,30.4425,6.92065,23.3036,0.84672,12.849,0.84672,3695.15,0,36.966,0.312858,0.640475,1.99315,2.75907,1.55348,3.52636,0.42336,36.966,0.42336,423.524,0,1.02816,0,0,1.66863,0.640475,1.028160,1,0,26.83,0,0,0,26.83,0
49.339,2.39542,0,0,0.748146,0.0693077,0.36288,3.6288,59.9617,0.558911,0,0,0.441926,0.340073,0,0.66528,12.849,1,0.598594,0.36288,0,29.7473,6.92065,22.591,0.84672,12.849,0.84672,3695.15,0,36.966,0.341958,0.204422,1.99366,2.21492,1.55348,2.51756,0.42336,36.966,0.42336,423.524,0,0.954029,0,0,1.15845,0.204422,1.028160,1,0,25.1085,0,0,0,25.1085,0
47.4641,2.37601,0,0,0.931738,0.0678051,0.36288,3.6288,59.8662,0.511732,0,0,0.755323,0.339085,0,0.66528,12.849,1,0.618768,0.36288,0,27.1685,6.92065,19.9919,0.84672,12.849,0.84672,3695.15,0,36.966,0.315479,1.16319,1.99417,3.4247,1.55348,4.7131,0.42336,36.966,0.42336,423.524,0,1.02816,0,0,2.19135,1.16319,1.028160,1,0,24.705,0,0,0,24.705,0
45.461,2.28545,0,0,0.707478,0.0622138,0.36288,3.6288,59.6617,0.456509,0,0,0.548522,0.296523,0,0.66528,12.849,1,0.618695,0.36288,0,25.9965,6.30519,19.4355,0.84672,12.849,0.84672,3695.15,0,36.966,0.281883,0.357592,1.99468,2.8904,1.34189,3.6189,0.42336,36.966,0.42336,423.524,0,1.02816,0,0,1.38575,0.357592,1.028160,1,0,23.0544,0,0,0,23.0544,0
43.5647,2.26478,0,0,0.795329,0.0639597,0.36288,3.6288,59.5011,0.456191,0,0,0.569377,0.273838,0,0.66528,12.849,1,0.640112,0.36288,0,25.1381,6.66805,18.1928,0.84672,12.849,0.84672,3695.15,0,36.966,0.282653,0.235224,1.90908,2.72289,1.52552,3.05901,0.42336,36.966,0.42336,423.524,0,1.02816,0,0,1.26338,0.235224,1.028160,1,0,21.2518,0,0,0,21.2518,0
41.8231,2.24383,0,0,0.96571,0.100643,0.36288,3.6288,59.3829,0.455998,0,0,0.577226,0.239447,0,0.66528,12.849,1,0.661798,0.36288,0,22.8211,6.39198,16.1302,0.84672,12.849,0.84672,3695.15,0,36.966,0.283296,0.256271,1.90956,2.01451,1.4307,2.46635,0.42336,36.966,0.42336,423.524,0,1.02816,0,0,1.28443,0.256271,1.028160,1,0,18.5965,0,0,0,18.5965,0
40.6227,2.22332,0,0,1.48447,0.0986326,0.36288,3.6288,59.6626,0.455929,0,0,0.974968,0.239266,0,0.66528,12.849,1,0.683054,0.36288,0,42.3461,6.39198,35.634,0.84672,12.849,0.84672,3695.15,0,36.966,0.283817,1.21071,1.91005,3.8945,1.4307,5.30075,0.42336,36.966,0.42336,423.524,0,1.02816,0,0,2.23887,1.21071,1.028160,1,0,40.9347,0,0,0,40.9347,0
38.9833,2.41546,0,0,1.23617,0.0972473,0.36288,3.6288,59.663,0.534588,0,0,0.774654,0.239694,0,0.66528,12.849,1,0.764012,0.36288,0,62.8355,6.39198,56.0424,0.84672,12.849,0.84672,3695.15,0,36.966,0.331222,0.740102,1.91054,2.74192,1.4307,3.63064,0.42336,36.966,0.42336,423.524,0,1.02816,0,0,1.76826,0.740102,1.028160,1,0,59.673,0,0,0,59.673,0
39.6203,2.39191,0,0,3.53387,0.142103,0.36288,3.6288,60.4183,0.534887,0,0,1.45519,0.165046,0,0.66528,12.849,1,0.788379,0.36288,0,98.1063,3.45755,94.2233,0.84672,12.849,0.84672,3695.15,0,36.966,0.331405,2.04858,2.05911,5.73716,0.9127,8.60075,0.42336,36.966,0.42336,423.524,0,1.02816,0,0,3.07674,2.04858,1.028160,1,0,102.824,0,0,0,102.824,0
40.4956,2.40209,0,0,3.78342,0.143151,0.36288,3.6288,61.308,0.537757,0,0,2.12323,0.165842,0.529897,0.66528,12.849,1,0.779006,0.36288,0,85.2811,3.45755,81.4074,0.84672,12.849,0.84672,3695.15,0,36.966,0.329019,2.5212,2.05964,6.49909,0.9127,9.8382,0.42336,36.966,0.42336,423.524,0,1.02816,0,0,3.54936,2.5212,1.028160,1,0,91.7755,0,0,0,91.7755,0
40.8045,2.41549,0,0,3.23196,0.144641,0.36288,3.6288,61.308,0.541038,0,0,1.47556,0.16678,0.767739,0.66528,12.849,1,0.76642,0.36288,0,131.236,3.45755,127.374,0.84672,12.849,0.84672,3695.15,0,36.966,0.326222,2.02235,2.06016,9.26991,0.9127,12.1135,0.42336,36.966,0.42336,423.524,0,1.02816,0,0,3.05051,2.02235,1.028160,1,0,140.256,0,0,0,140.256,0
41.156,2.23823,0,0,3.11624,0.163659,0.36288,3.6288,61.308,0.422536,0,0,1.20252,0.161604,0.618384,0.66528,12.849,1,0.704798,0.36288,0,136.142,3.87712,131.923,0.84672,12.849,0.84672,3695.15,0,36.966,0.25477,1.64037,2.06069,6.94815,1.00235,9.39209,0.42336,36.966,0.42336,423.524,0,1.02816,0,0,2.66853,1.64037,1.028160,1,0,141.934,0,0,0,141.934,0
40.7675,2.23667,0,0,2.39997,0.188919,0.36288,3.6288,61.308,0.428306,0,0,1.0918,0.1644,0.499097,0.66528,12.849,1,0.698293,0.36288,0,85.8872,4.00791,81.5439,0.84672,12.849,0.84672,3695.15,0,36.966,0.258249,1.39755,1.86917,5.20004,0.974776,7.23373,0.42336,36.966,0.42336,423.524,0,1.02816,0,0,2.42571,1.39755,1.028160,1,0,89.2767,0,0,0,89.2767,0
40.2812,2.23251,0,0,2.3138,0.204692,0.36288,3.6288,61.308,0.428306,0,0,1.6582,0.163208,1.06668,0.66528,12.849,1,0.703637,0.36288,0,94.7467,3.83029,90.5756,0.84672,12.849,0.84672,3695.15,0,36.966,0.258249,2.23876,1.8748,5.89897,0.908924,8.84536,0.42336,36.966,0.42336,423.524,0,1.02816,0,0,3.26692,2.23876,1.028160,1,0,100.488,0,0,0,100.488,0
43.5682,2.22697,0,0,6.08031,0.203513,0.36288,3.6288,61.308,0.428306,0,0,2.0323,0.163208,1.44079,0.66528,12.849,1,0.710364,0.36288,0,98.9487,3.83029,94.771,0.84672,12.849,0.84672,3695.15,0,36.966,0.258249,2.78881,1.87502,7.28819,0.908924,10.7848,0.42336,36.966,0.42336,423.524,0,1.02816,0,0,3.81697,2.78881,1.028160,1,0,106.997,0,0,0,106.997,0
43.8635,2.26927,0,0,3.14181,0.21429,0.36288,3.6288,61.308,0.428306,0,0,1.42352,0.158514,0.836698,0.66528,12.849,1,0.669247,0.36288,0,156.818,3.87557,152.636,0.84672,12.849,0.84672,3695.15,0,36.966,0.258249,1.87891,1.87525,6.14483,0.870404,8.77033,0.42336,36.966,0.42336,423.524,0,1.02816,0,0,2.90707,1.87891,1.028160,1,0,162.243,0,0,0,162.243,0
43.4876,2.27309,0,0,2.48168,0.221649,0.36288,3.6288,61.308,0.428034,0,0,1.14141,0.169342,0.544035,0.66528,12.849,1,0.66586,0.36288,0,89.3036,4.2864,84.7142,0.84672,12.849,0.84672,3695.15,0,36.966,0.258086,1.41015,1.87547,5.06585,0.920731,7.17265,0.42336,36.966,0.42336,423.524,0,1.02816,0,0,2.43831,1.41015,1.028160,1,0,92.4309,0,0,0,92.4309,0
41.7235,2.34048,0,0,1.15893,0.219687,0.36288,3.6288,61.1086,0.544177,0,0,0.57053,0.225744,0,0.66528,12.849,1,0.691525,0.36288,0,45.4082,5.03055,40.049,0.84672,12.849,0.84672,3695.15,0,36.966,0.328115,0.412474,1.87521,2.02416,1.2873,2.69644,0.42336,36.966,0.42336,423.524,0,0.897627,0,0,1.3101,0.412474,1.028160,1,0,42.7455,0,0,0,42.7455,0
41.392,2.3241,0,0,2.5707,0.215239,0.36288,3.6288,61.1411,0.458039,0,0,0.715946,0.22546,0,0.66528,12.849,1,0.71572,0.36288,0,47.7881,5.03055,42.4047,0.84672,12.849,0.84672,3695.15,0,36.966,0.277078,0.671337,1.93564,6.12285,1.2873,7.16545,0.42336,36.966,0.42336,423.524,0,1.02816,0,0,1.6995,0.671337,1.028160,1,0,49.5702,0,0,0,49.5702,0
46.3934,2.32029,0,0,7.89896,0.214403,0.36288,3.6288,61.308,0.458399,0,0,1.36158,0.225506,0.510729,0.66528,12.849,1,0.72027,0.36288,0,178.838,5.03055,173.45,0.84672,12.849,0.84672,3695.15,0,36.966,0.277149,2.52514,1.93197,5.00468,1.2873,7.89735,0.42336,36.966,0.42336,423.524,0,1.02816,0,0,3.5533,2.52514,1.028160,1,0,181.858,0,0,0,181.858,0
47.7436,2.38168,0,0,4.32861,0.233752,0.36288,3.6288,61.308,0.459138,0,0,1.18831,0.215217,0.513955,0.66528,12.849,1,0.659624,0.36288,0,132.097,4.45509,127.345,0.84672,12.849,0.84672,3695.15,0,36.966,0.27684,1.84227,1.93244,3.41907,1.13238,5.78457,0.42336,36.966,0.42336,423.524,0,1.02816,0,0,2.87043,1.84227,1.028160,1,0,133.644,0,0,0,133.644,0
49.2004,2.34327,0,0,4.36434,0.201487,0.36288,3.6288,61.308,0.454397,0,0,0.913334,0.257862,0.201075,0.66528,12.849,1,0.630631,0.36288,0,105.116,4.21865,100.63,0.84672,12.849,0.84672,3695.15,0,36.966,0.273981,2.38801,1.93291,5.98029,1.18377,8.84347,0.42336,36.966,0.42336,423.524,0,1.02816,0,0,3.41617,2.38801,1.028160,1,0,109.674,0,0,0,109.674,0
51.6271,2.35865,0,0,5.34832,0.20008,0.36288,3.6288,61.308,0.454665,0,0,0.895458,0.258721,0.182072,0.66528,12.849,1,0.615977,0.36288,0,132.281,4.11726,127.911,0.84672,12.849,0.84672,3695.15,0,36.966,0.274143,2.82354,1.91441,6.34782,1.16655,9.64508,0.42336,36.966,0.42336,423.524,0,1.02816,0,0,3.8517,2.82354,1.028160,1,0,137.738,0,0,0,137.738,0
53.5847,2.38241,0,0,4.90819,0.205265,0.36288,3.6288,61.308,0.454933,0,0,1.07534,0.258721,0.361689,0.66528,12.849,1,0.592938,0.36288,0,120.533,4.11726,116.186,0.84672,12.849,0.84672,3695.15,0,36.966,0.274304,2.92391,1.91488,6.94159,1.16655,10.3395,0.42336,36.966,0.42336,423.524,0,1.02816,0,0,3.95207,2.92391,1.028160,1,0,126.887,0,0,0,126.887,0
55.1135,2.40047,0,0,4.52269,0.230544,0.36288,3.6288,61.308,0.455201,0,0,1.22786,0.254894,0.517762,0.66528,12.849,1,0.575606,0.36288,0,110.038,4.1376,105.688,0.84672,12.849,0.84672,3695.15,0,36.966,0.274466,2.92613,1.91535,6.656,1.17207,10.0509,0.42336,36.966,0.42336,423.524,0,1.02816,0,0,3.95429,2.92613,1.028160,1,0,116.257,0,0,0,116.257,0
56.1666,2.36665,0,0,4.05844,0.275797,0.36288,3.6288,61.308,0.416173,0,0,1.03382,0.228881,0.388765,0.66528,12.849,1,0.551753,0.36288,0,81.0251,2.53677,78.2994,0.84672,12.849,0.84672,3695.15,0,36.966,0.250934,1.60194,1.91581,5.4719,0.758614,7.98011,0.42336,36.966,0.42336,423.524,0,1.02816,0,0,2.6301,1.60194,1.028160,1,0,86.6683,0,0,0,86.6683,0
56.6473,2.36017,0,0,3.48047,0.276704,0.36288,3.6288,61.308,0.428293,0,0,1.00361,0.22614,0.349172,0.66528,12.849,1,0.539927,0.36288,0,70.7405,2.26149,68.302,0.84672,12.849,0.84672,3695.15,0,36.966,0.258241,1.15176,1.85667,4.65986,0.687405,6.72265,0.42336,36.966,0.42336,423.524,0,1.02816,0,0,2.17992,1.15176,1.028160,1,0,75.3738,0,0,0,75.3738,0
61.7882,2.36483,0,0,8.14119,0.272614,0.36288,3.6288,61.308,0.428293,0,0,1.63563,0.259458,0.947879,0.66528,12.849,1,0.536401,0.36288,0,65.2618,3.00195,62.0863,0.84672,12.849,0.84672,3695.15,0,36.966,0.258241,2.69093,1.86825,11.4318,0.889241,14.8435,0.42336,36.966,0.42336,423.524,0,1.02816,0,0,3.71909,2.69093,1.028160,1,0,77.8778,0,0,0,77.8778,0
64.5063,2.40271,0,0,5.72749,0.243763,0.36288,3.6288,61.308,0.428293,0,0,1.2795,0.245336,0.605869,0.66528,12.849,1,0.499648,0.36288,0,151.984,4.04733,147.8,0.84672,12.849,0.84672,3695.15,0,36.966,0.258241,1.86681,1.86846,7.33355,1.0855,9.72507,0.42336,36.966,0.42336,423.524,0,1.02816,0,0,2.89497,1.86681,1.028160,1,0,158.13,0,0,0,158.13,0
67.0531,2.4212,0,0,5.61426,0.283362,0.36288,3.6288,61.308,0.428293,0,0,1.54093,0.19304,0.919594,0.66528,12.849,1,0.482279,0.36288,0,114.818,3.59197,111.106,0.84672,12.849,0.84672,3695.15,0,36.966,0.258242,1.85813,1.86867,5.50411,0.867497,8.10517,0.42336,36.966,0.42336,423.524,0,1.02816,0,0,2.88629,1.85813,1.028160,1,0,120.131,0,0,0,120.131,0
69.5631,2.52712,0,0,5.74047,0.340532,0.36288,3.6288,61.308,0.47088,0,0,1.52251,0.161049,0.890586,0.66528,12.849,1,0.484256,0.36288,0,110.443,3.03944,107.283,0.84672,12.849,0.84672,3695.15,0,36.966,0.28392,1.88402,1.86889,4.45776,0.724302,7.20244,0.42336,36.966,0.42336,423.524,0,1.02816,0,0,2.91218,1.88402,1.028160,1,0,115.376,0,0,0,115.376,0
72.29,2.55714,0,0,7.5282,0.347286,1.89686,3.6288,61.308,0.460321,0,0,1.51583,0.161049,0.894458,0.66528,12.849,1,0.472329,1.89686,0,115.117,3.03944,113.502,0.84672,12.849,0.84672,3695.15,0,36.966,0.277553,2.54888,1.94185,9.82116,0.724302,13.31,0.42336,36.966,0.42336,423.524,0,1.02816,0,0,3.57704,2.54888,1.028160,1,0,127.706,0,0,0,127.706,0
72.29,2.5729,0,0,6.11566,0.330241,3.21252,3.6288,61.308,0.46059,0,0,1.51683,0.146391,0.909849,0.66528,12.849,1,0.457313,3.21252,0,132.375,2.0229,133.107,0.84672,12.849,0.84672,3695.15,0,36.966,0.277715,2.39395,1.93216,6.56899,0.559038,10.0583,0.42336,36.966,0.42336,423.524,0,1.02816,0,0,3.42211,2.39395,1.028160,1,0,144.076,0,0,0,144.076,0
72.29,2.57352,0,0,5.16339,0.304131,2.28574,3.6288,61.308,0.460859,0,0,1.28046,0.178496,0.641102,0.66528,12.849,1,0.457424,2.28574,0,84.507,2.69986,83.6354,0.84672,12.849,0.84672,3695.15,0,36.966,0.277877,1.87429,1.93263,4.97922,0.706696,7.80157,0.42336,36.966,0.42336,423.524,0,1.02816,0,0,2.90245,1.87429,1.028160,1,0,92.0781,0,0,0,92.0781,0
72.29,2.53867,0,0,4.53535,0.246135,1.75054,3.6288,61.308,0.444571,0,0,0.98553,0.215359,0.3256,0.66528,12.849,1,0.45123,1.75054,0,97.5145,4.66284,94.151,0.84672,12.849,0.84672,3695.15,0,36.966,0.268057,1.22678,1.9331,4.46596,0.964649,6.39313,0.42336,36.966,0.42336,423.524,0,1.02816,0,0,2.25494,1.22678,1.028160,1,0,100.87,0,0,0,100.87,0
72.29,2.53929,0,0,4.29966,0.246135,1.51423,3.6288,61.308,0.444836,0,0,0.94646,0.215359,0.286265,0.66528,12.849,1,0.45134,1.51423,0,91.4622,4.66284,87.8622,0.84672,12.849,0.84672,3695.15,0,36.966,0.268216,1.14805,1.90524,4.18943,0.964649,6.00986,0.42336,36.966,0.42336,423.524,0,1.02816,0,0,2.17621,1.14805,1.028160,1,0,94.1583,0,0,0,94.1583,0
72.29,2.53991,0,0,3.9857,0.246135,1.19965,3.6288,61.308,0.445101,0,0,1.09462,0.215359,0.434159,0.66528,12.849,1,0.45145,1.19965,0,83.4572,4.66284,79.5426,0.84672,12.849,0.84672,3695.15,0,36.966,0.268376,1.44879,1.90571,4.58858,0.964649,6.71005,0.42336,36.966,0.42336,423.524,0,1.02816,0,0,2.47695,1.44879,1.028160,1,0,86.6868,0,0,0,86.6868,0
72.29,2.54053,0,0,3.75805,0.262423,0.955099,3.6288,61.308,0.445366,0,0,1.0429,0.180436,0.417097,0.66528,12.849,1,0.45156,0.955099,0,77.2571,4.33083,73.4299,0.84672,12.849,0.84672,3695.15,0,36.966,0.268536,1.32579,1.90617,4.47319,0.841475,6.59514,0.42336,36.966,0.42336,423.524,0,1.02816,0,0,2.35395,1.32579,1.028160,1,0,80.4421,0,0,0,80.4421,0
72.29,2.6617,0,0,3.24138,0.186619,0.393066,3.6288,61.308,0.504403,0,0,0.780045,0.207935,0.0677064,0.66528,12.849,1,0.473096,0.393066,0,62.1969,4.66497,57.4519,0.84672,12.849,0.84672,3695.15,0,36.966,0.304133,0.744414,1.90664,3.29097,1.00797,4.62991,0.42336,36.966,0.42336,423.524,0,1.02816,0,0,1.77257,0.744414,1.028160,1,0,62.1495,0,0,0,62.1495,0
72.1019,2.66235,0,0,3.00691,0.169781,0.36288,3.6288,61.288,0.504683,0,0,0.714372,0.229675,0,0.66528,12.849,1,0.473212,0.36288,0,55.4036,4.8699,50.4233,0.84672,12.849,0.84672,3695.15,0,36.966,0.304301,0.617242,2.00649,2.85097,1.11898,4.05142,0.42336,36.966,0.42336,423.524,0,1.02816,0,0,1.6454,0.617242,1.028160,1,0,54.4748,0,0,0,54.4748,0
71.7563,2.66195,0,0,2.85365,0.174449,0.36288,3.6288,61.2579,0.5049,0,0,0.703071,0.22833,0,0.66528,12.849,1,0.474375,0.36288,0,53.0721,4.78528,48.1753,0.84672,12.849,0.84672,3695.15,0,36.966,0.304532,0.751594,2.00698,2.66871,1.12224,4.00052,0.42336,36.966,0.42336,423.524,0,1.02816,0,0,1.77975,0.751594,1.028160,1,0,52.1758,0,0,0,52.1758,0
71.1893,2.66066,0,0,2.6489,0.192309,0.36288,3.6288,61.204,0.505086,0,0,0.675734,0.224537,0,0.66528,12.849,1,0.476429,0.36288,0,49.1234,4.30965,44.7002,0.84672,12.849,0.84672,3695.15,0,36.966,0.304794,0.692107,2.00747,2.48237,1.15135,3.7258,0.42336,36.966,0.42336,423.524,0,1.02816,0,0,1.72027,0.692107,1.028160,1,0,48.426,0,0,0,48.426,0
70.257,2.65809,0,0,2.21262,0.124006,0.36288,3.6288,61.0313,0.511404,0,0,0.604748,0.265983,0,0.66528,12.849,1,0.479761,0.36288,0,39.6193,4.91666,34.5858,0.84672,12.849,0.84672,3695.15,0,36.966,0.308878,0.30119,2.00796,2.26191,1.23514,3.02704,0.42336,36.966,0.42336,423.524,0,1.01821,0,0,1.3194,0.30119,1.028160,1,0,37.6128,0,0,0,37.6128,0
68.8924,2.62959,0,0,1.74922,0.121307,0.36288,3.6288,60.2153,1.01469,0,0,0.48655,0.287846,0,0.66528,12.849,1,0.480915,0.36288,0,30.7162,5.46956,25.1286,0.84672,12.849,0.84672,3695.15,0,36.966,0.42336,0.30119,2.00845,1.99022,1.27069,2.60581,0.42336,36.966,0.42336,423.524,0,0.452727,0,0,0.753918,0.30119,1.028160,1,0,27.7345,0,0,0,27.7345,0
67.4043,2.6222,0,0,1.61703,0.120032,0.36288,3.6288,59.4114,0.98798,0,0,0.470384,0.286359,0,0.66528,12.849,1,0.489063,0.36288,0,30.5307,5.46956,24.935,0.84672,12.849,0.84672,3695.15,0,36.966,0.42336,0.261274,2.04372,2.01808,1.27069,2.62902,0.42336,36.966,0.42336,423.524,0,0.4799,0,0,0.741174,0.261274,1.028160,1,0,27.564,0,0,0,27.564,0
65.777,2.61377,0,0,1.46801,0.11864,0.36288,3.6288,58.5097,1.06116,0,0,0.444368,0.284893,0,0.66528,12.849,1,0.498253,0.36288,0,29.6233,5.46956,24.0184,0.84672,12.849,0.84672,3695.15,0,36.966,0.42336,0.261274,2.04422,1.89697,1.27069,2.50842,0.42336,36.966,0.42336,423.524,0,0.407186,0,0,0.66846,0.261274,1.028160,1,0,26.5268,0,0,0,26.5268,0
64.0462,2.6041,0,0,1.34418,0.108069,0.36288,3.6288,57.5388,1.08905,0,0,0.422929,0.304799,0,0.66528,12.849,1,0.508689,0.36288,0,26.124,5.75185,20.2263,0.84672,12.849,0.84672,3695.15,0,36.966,0.42336,0.261274,2.04472,1.84224,1.37374,2.35113,0.42336,36.966,0.42336,423.524,0,0.379756,0,0,0.641029,0.261274,1.028160,1,0,22.5775,0,0,0,22.5775,0
62.6613,2.36379,0,0,1.43171,0.0899147,0.36288,3.6288,56.8657,0.877389,0,0,0.509852,0.305514,0,0.66528,12.849,1,0.474226,0.36288,0,29.1836,6.09021,22.982,0.84672,12.849,0.84672,3695.15,0,36.966,0.42336,0.261274,2.04522,1.94703,1.38946,2.44071,0.42336,36.966,0.42336,423.524,0,0.426241,0,0,0.687514,0.261274,1.028160,1,0,25.4227,0,0,0,25.4227,0
61.2504,2.35567,0,0,1.39656,0.0889069,0.36288,3.6288,56.2149,0.816461,0,0,0.469757,0.304183,0,0.66528,12.849,1,0.483041,0.36288,0,29.1463,6.09021,22.9359,0.84672,12.849,0.84672,3695.15,0,36.966,0.42336,0.261274,1.86612,2.08639,1.38946,2.40096,0.42336,36.966,0.42336,423.524,0,0.48759,0,0,0.748863,0.261274,1.028160,1,0,25.3369,0,0,0,25.3369,0
59.7594,2.34704,0,0,1.30684,0.0878801,0.36288,3.6288,55.5316,0.815163,0,0,0.434827,0.302895,0,0.66528,12.849,1,0.492358,0.36288,0,26.3117,6.09021,20.092,0.84672,12.849,0.84672,3695.15,0,36.966,0.42336,0.227405,1.86657,1.86208,1.38946,2.14324,0.42336,36.966,0.42336,423.524,0,0.489309,0,0,0.716714,0.227405,1.028160,1,0,22.2352,0,0,0,22.2352,0
58.1721,2.3375,0,0,1.19975,0.0867379,0.36288,3.6288,54.7857,0.874447,0,0,0.430051,0.301543,0,0.66528,12.849,1,0.502591,0.36288,0,24.0521,6.09021,17.8222,0.84672,12.849,0.84672,3695.15,0,36.966,0.42336,0.227405,1.86703,1.8212,1.38946,2.10282,0.42336,36.966,0.42336,423.524,0,0.430446,0,0,0.65785,0.227405,1.028160,1,0,19.925,0,0,0,19.925,0
56.4071,2.48223,0,0,1.14869,0.0685074,0.36288,3.6288,53.9607,0.974102,0,0,0.45211,0.303015,0,0.66528,12.849,1,0.548274,0.36288,0,23.4518,6.16098,17.1054,0.84672,12.849,0.84672,3695.15,0,36.966,0.42336,0.227405,1.86748,2.33299,1.49585,2.50867,0.42336,36.966,0.42336,423.524,0,0.480044,0,0,0.707448,0.227405,1.028160,1,0,19.6141,0,0,0,19.6141,0
54.2885,2.46886,0,0,0.783026,0.0698772,0.36288,3.6288,52.8228,1.18269,0,0,0.339779,0.294921,0,0.66528,12.849,1,0.562383,0.36288,0,20.0082,5.95234,13.8563,0.84672,12.849,0.84672,3695.15,0,36.966,0.42336,0.227405,2.01848,1.79372,1.52335,2.09289,0.42336,36.966,0.42336,423.524,0,0.271912,0,0,0.499317,0.227405,1.028160,1,0,15.9492,0,0,0,15.9492,0
52.2393,2.45171,0,0,0.833708,0.0684111,0.36288,3.6288,51.6997,1.16788,0,0,0.337,0.292307,0,0.66528,12.849,1,0.580271,0.36288,0,18.6905,5.95234,12.5207,0.84672,12.849,0.84672,3695.15,0,36.966,0.42336,0.204422,2.01897,1.89049,1.52335,2.16718,0.42336,36.966,0.42336,423.524,0,0.287182,0,0,0.491604,0.204422,1.028160,1,0,14.6879,0,0,0,14.6879,0
50.6181,2.43404,0,0,1.25135,0.0755356,0.36288,3.6288,50.7421,1.07119,0,0,0.401268,0.287668,0,0.66528,12.849,1,0.598687,0.36288,0,27.5997,5.89298,21.4709,0.84672,12.849,0.84672,3695.15,0,36.966,0.42336,0.204422,2.01946,2.00905,1.51607,2.29351,0.42336,36.966,0.42336,423.524,0,0.384325,0,0,0.588748,0.204422,1.028160,1,0,23.7644,0,0,0,23.7644,0
49.531,2.41934,0,0,1.76844,0.0733606,0.36288,3.6288,50.0435,0.97708,0,0,0.569187,0.290625,0,0.66528,12.849,1,0.614128,0.36288,0,35.4171,5.8332,29.3326,0.84672,12.849,0.84672,3695.15,0,36.966,0.42336,0.204422,2.01995,2.99964,1.52746,3.2732,0.42336,36.966,0.42336,423.524,0,0.478896,0,0,0.683319,0.204422,1.028160,1,0,32.6058,0,0,0,32.6058,0
48.119,2.33571,0,0,1.35962,0.0730777,0.36288,3.6288,49.4948,0.86232,0,0,0.601972,0.288407,0,0.66528,12.849,1,0.605914,0.36288,0,35.6524,5.51142,29.898,0.84672,12.849,0.84672,3695.15,0,36.966,0.42336,0.204422,2.02045,3.4984,1.51025,3.78965,0.42336,36.966,0.42336,423.524,0,0.503669,0,0,0.708091,0.204422,1.028160,1,0,33.6876,0,0,0,33.6876,0
47.385,2.32224,0,0,2.03913,0.0879829,0.36288,3.6288,49.2113,0.70188,0,0,0.692824,0.274414,0,0.66528,12.849,1,0.620099,0.36288,0,43.4195,5.40099,37.7612,0.84672,12.849,0.84672,3695.15,0,36.966,0.42336,0.216518,1.93371,3.72108,1.47232,3.97562,0.42336,36.966,0.42336,423.524,0,0.664546,0,0,0.881064,0.216518,1.028160,1,0,41.7369,0,0,0,41.7369,0
47.3727,2.31525,0,0,2.75315,0.0872791,0.36288,3.6288,49.622,0.435173,0,0,1.11958,0.273774,0,0.66528,12.849,1,0.627808,0.36288,0,86.6448,5.40099,80.9788,0.84672,12.849,0.84672,3695.15,0,36.966,0.326888,0.404421,1.93418,5.86145,1.47232,6.40085,0.42336,36.966,0.42336,423.524,0,1.02816,0,0,1.43258,0.404421,1.028160,1,0,87.3797,0,0,0,87.3797,0
46.961,2.31569,0,0,2.39702,0.130192,0.36288,3.6288,49.5893,0.577592,0,0,0.803969,0.259034,0,0.66528,12.849,1,0.628088,0.36288,0,81.3404,5.36198,75.7132,0.84672,12.849,0.84672,3695.15,0,36.966,0.42336,0.216518,1.93465,3.73017,1.48984,3.96815,0.42336,36.966,0.42336,423.524,0,0.789705,0,0,1.00622,0.216518,1.028160,1,0,79.6814,0,0,0,79.6814,0
45.5952,2.2522,0,0,1.46103,0.211716,0.36288,3.6288,49.5574,0.467578,0,0,0.646062,0.210376,0,0.66528,12.849,1,0.616226,0.36288,0,44.1563,4.21861,39.6843,0.84672,12.849,0.84672,3695.15,0,36.966,0.348552,0.216518,1.93513,4.35439,1.11756,5.03992,0.42336,36.966,0.42336,423.524,0,0.892555,0,0,1.10907,0.216518,1.028160,1,0,44.7242,0,0,0,44.7242,0
44.073,2.23835,0,0,1.29166,0.212651,0.36288,3.6288,48.8631,0.912698,0,0,0.424089,0.205704,0,0.66528,12.849,1,0.63078,0.36288,0,39.6197,4.03673,35.315,0.84672,12.849,0.84672,3695.15,0,36.966,0.42336,0.216518,1.85767,4.09903,1.05162,4.69824,0.42336,36.966,0.42336,423.524,0,0.373043,0,0,0.589562,0.216518,1.028160,1,0,40.0133,0,0,0,40.0133,0
43.9275,2.22202,0,0,2.64836,0.209024,0.36288,3.6288,49.2071,0.387902,0,0,0.936393,0.20453,0,0.66528,12.849,1,0.647806,0.36288,0,61.1995,4.03673,56.8778,0.84672,12.849,0.84672,3695.15,0,36.966,0.293456,0.429598,1.85813,5.86074,1.05162,6.80338,0.42336,36.966,0.42336,423.524,0,1.02816,0,0,1.45776,0.429598,1.028160,1,0,63.6812,0,0,0,63.6812,0
46.4238,2.2209,0,0,5.28882,0.208677,0.36288,3.6288,50.4146,0.389311,0,0,1.80201,0.205112,0,0.66528,12.849,1,0.649625,0.36288,0,112.815,4.03673,108.492,0.84672,12.849,0.84672,3695.15,0,36.966,0.292463,2.1328,1.85858,9.42903,1.05162,12.0763,0.42336,36.966,0.42336,423.524,0,1.02816,0,0,3.16096,2.1328,1.028160,1,0,120.568,0,0,0,120.568,0
48.093,2.33457,0,0,4.59844,0.231799,0.36288,3.6288,51.3353,0.40338,0,0,1.56038,0.236352,0,0.66528,12.849,1,0.646153,0.36288,0,135.287,4.009,130.995,0.84672,12.849,0.84672,3695.15,0,36.966,0.295774,1.05676,1.85903,7.39565,1.05848,8.95719,0.42336,36.966,0.42336,423.524,0,1.02816,0,0,2.08492,1.05676,1.028160,1,0,139.952,0,0,0,139.952,0
50.6975,2.35284,0,0,5.54985,0.229605,0.36288,3.6288,54.4407,0.406708,0,0,3.76471,0.252632,0,0.66528,12.849,1,0.628608,0.36288,0,119.897,4.20315,115.428,0.84672,12.849,0.84672,3695.15,0,36.966,0.292866,3.30928,1.89311,14.9848,1.13786,18.7565,0.42336,36.966,0.42336,423.524,0,1.02816,0,0,4.33744,3.30928,1.028160,1,0,134.185,0,0,0,134.185,0
56.9812,2.37918,0,0,9.26182,0.236095,0.36288,3.6288,57.3561,0.416908,0,0,3.59116,0.258786,0,0.66528,12.849,1,0.602991,0.36288,0,220.277,4.20315,215.834,0.84672,12.849,0.84672,3695.15,0,36.966,0.283087,2.52016,1.89357,15.5331,1.13786,18.5259,0.42336,36.966,0.42336,423.524,0,1.02816,0,0,3.54832,2.52016,1.028160,1,0,234.359,0,0,0,234.359,0
62.0242,2.43404,0,0,8.08808,0.248173,0.36288,3.6288,59.208,0.425914,0,0,2.52388,0.246069,0,0.66528,12.849,1,0.548864,0.36288,0,206.923,4.32631,202.411,0.84672,12.849,0.84672,3695.15,0,36.966,0.274501,1.95206,1.89403,12.5605,1.16563,14.9664,0.42336,36.966,0.42336,423.524,0,1.02816,0,0,2.98022,1.95206,1.028160,1,0,217.377,0,0,0,217.377,0
66.1323,2.47161,0,0,7.19973,0.257094,0.36288,3.6288,60.8411,0.431459,0,0,2.2968,0.232294,0,0.66528,12.849,1,0.512021,0.36288,0,130.836,4.49819,126.189,0.84672,12.849,0.84672,3695.15,0,36.966,0.269377,2.03863,1.89449,11.1671,1.21524,13.6156,0.42336,36.966,0.42336,423.524,0,1.02816,0,0,3.06679,2.03863,1.028160,1,0,139.805,0,0,0,139.805,0
71.2859,2.57711,0,0,8.38221,0.288603,0.36288,3.6288,61.308,0.470996,0,0,2.73976,0.225213,1.57663,0.66528,12.849,1,0.500713,0.36288,0,201.649,3.95837,197.553,0.84672,12.849,0.84672,3695.15,0,36.966,0.286169,3.34932,1.89495,14.5742,1.18348,18.3488,0.42336,36.966,0.42336,423.524,0,1.02816,0,0,4.37748,3.34932,1.028160,1,0,217.478,0,0,0,217.478,0
72.29,2.60839,0,0,5.95679,0.30225,2.04208,3.6288,61.308,0.472615,0,0,1.84625,0.217035,1.1566,0.66528,12.849,1,0.470152,2.04208,0,193.904,3.86075,191.615,0.84672,12.849,0.84672,3695.15,0,36.966,0.284966,1.36969,1.95613,12.3855,1.1656,14.2608,0.42336,36.966,0.42336,423.524,0,1.02816,0,0,2.39785,1.36969,1.028160,1,0,207.033,0,0,0,207.033,0
72.29,2.61455,0,0,12.0359,0.304571,9.11675,3.6288,61.308,0.472874,0,0,4.93814,0.217035,4.24823,0.66528,12.849,1,0.464716,9.11675,0,227.026,3.86075,231.818,0.84672,12.849,0.84672,3695.15,0,36.966,0.285122,4.16457,1.95658,21.2918,1.1656,25.9622,0.42336,36.966,0.42336,423.524,0,1.02816,0,0,5.19273,4.16457,1.028160,1,0,262.028,0,0,0,262.028,0
72.29,2.61515,0,0,7.34305,0.304571,4.42332,3.6288,61.308,0.473134,0,0,3.18395,0.217035,2.49378,0.66528,12.849,1,0.464824,4.42332,0,189.739,3.86075,189.836,0.84672,12.849,0.84672,3695.15,0,36.966,0.285279,1.78079,1.95704,11.0766,1.1656,13.3635,0.42336,36.966,0.42336,423.524,0,1.02816,0,0,2.80895,1.78079,1.028160,1,0,205.694,0,0,0,205.694,0
72.29,2.55716,0,0,5.4552,0.292356,2.60568,3.6288,61.308,0.46832,0,0,2.65302,0.218202,1.96649,0.66528,12.849,1,0.454517,2.60568,0,136.588,3.96507,134.774,0.84672,12.849,0.84672,3695.15,0,36.966,0.282376,1.70136,1.95749,10.0101,1.09581,12.2908,0.42336,36.966,0.42336,423.524,0,1.02816,0,0,2.72952,1.70136,1.028160,1,0,149.031,0,0,0,149.031,0
72.29,2.55776,0,0,5.81382,0.28747,2.96859,3.6288,61.308,0.468578,0,0,2.77938,0.218669,2.09213,0.66528,12.849,1,0.454622,2.96859,0,124.596,4.0068,123.103,0.84672,12.849,0.84672,3695.15,0,36.966,0.282532,2.98336,1.93873,10.3792,1.0679,13.9509,0.42336,36.966,0.42336,423.524,0,1.02816,0,0,4.01152,2.98336,1.028160,1,0,139.146,0,0,0,139.146,0
72.29,2.55836,0,0,4.60635,0.28747,1.76052,3.6288,61.308,0.468837,0,0,2.18896,0.218669,1.50146,0.66528,12.849,1,0.454728,1.76052,0,157.645,4.0068,154.944,0.84672,12.849,0.84672,3695.15,0,36.966,0.282688,1.58424,1.93918,9.51855,1.0679,11.6914,0.42336,36.966,0.42336,423.524,0,1.02816,0,0,2.6124,1.58424,1.028160,1,0,168.137,0,0,0,168.137,0
72.29,2.55895,0,0,3.3404,0.291249,0.490196,3.6288,61.308,0.665206,0,0,1.62416,0.196782,0.762167,0.66528,12.849,1,0.454834,0.490196,0,101.997,3.62872,98.4036,0.84672,12.849,0.84672,3695.15,0,36.966,0.40109,0.608429,1.93964,5.24568,0.959487,6.43317,0.42336,36.966,0.42336,423.524,0,0.713802,0,0,1.32223,0.608429,1.028160,1,0,105.599,0,0,0,105.599,0
72.29,2.50933,0,0,3.30531,0.31655,0.479429,3.6288,61.308,0.42956,0,0,1.33041,0.1946,0.706253,0.66528,12.849,1,0.446014,0.479429,0,71.8086,3.60527,68.2367,0.84672,12.849,0.84672,3695.15,0,36.966,0.259006,0.841018,1.94009,5.07008,0.828317,6.76386,0.42336,36.966,0.42336,423.524,0,1.02816,0,0,1.86918,0.841018,1.028160,1,0,75.7069,0,0,0,75.7069,0
72.29,2.50991,0,0,4.17356,0.341759,1.32189,3.6288,61.308,0.42981,0,0,1.48629,0.179784,0.876693,0.66528,12.849,1,0.446118,1.32189,0,100.712,3.40106,98.1869,0.84672,12.849,0.84672,3695.15,0,36.966,0.259156,1.26631,1.88017,6.56713,0.761716,8.69274,0.42336,36.966,0.42336,423.524,0,1.02816,0,0,2.29447,1.26631,1.028160,1,0,107.756,0,0,0,107.756,0
72.29,2.5105,0,0,4.1864,0.338676,1.33723,3.6288,61.308,0.430059,0,0,1.32176,0.196443,0.695254,0.66528,12.849,1,0.446222,1.33723,0,79.0534,3.77128,76.1731,0.84672,12.849,0.84672,3695.15,0,36.966,0.259306,1.31874,1.88061,5.76857,0.862633,7.84598,0.42336,36.966,0.42336,423.524,0,1.02816,0,0,2.3469,1.31874,1.028160,1,0,84.7144,0,0,0,84.7144,0
72.29,2.51108,0,0,4.50496,0.330968,1.66291,3.6288,61.308,0.430308,0,0,1.7022,0.23809,1.0338,0.66528,12.849,1,0.446326,1.66291,0,82.2061,4.69686,78.7259,0.84672,12.849,0.84672,3695.15,0,36.966,0.259457,1.58151,1.88105,6.84046,1.11493,8.92863,0.42336,36.966,0.42336,423.524,0,1.02816,0,0,2.60967,1.58151,1.028160,1,0,88.6883,0,0,0,88.6883,0
72.29,2.51167,0,0,3.68543,0.345613,0.828146,3.6288,61.308,0.430558,0,0,1.31184,0.22819,0.653089,0.66528,12.849,1,0.44643,0.828146,0,78.7268,4.68048,74.4281,0.84672,12.849,0.84672,3695.15,0,36.966,0.259607,1.14221,1.88149,5.68826,1.0754,7.37695,0.42336,36.966,0.42336,423.524,0,1.02816,0,0,2.17037,1.14221,1.028160,1,0,82.4581,0,0,0,82.4581,0
71.7858,2.60404,0,0,2.84498,0.382225,0.36288,3.6288,61.308,0.473931,0,0,0.886836,0.203442,0.209462,0.66528,12.849,1,0.462849,0.36288,0,52.8497,4.63953,48.1102,0.84672,12.849,0.84672,3695.15,0,36.966,0.285759,0.671155,1.88193,5.16383,0.976577,6.45457,0.42336,36.966,0.42336,423.524,0,1.02816,0,0,1.69932,0.671155,1.028160,1,0,54.7742,0,0,0,54.7742,0
70.7624,2.60189,0,0,2.32214,0.380762,0.36288,3.6288,61.2823,0.548697,0,0,0.726443,0.203442,0,0.66528,12.849,1,0.465715,0.36288,0,41.3673,4.63953,36.6249,0.84672,12.849,0.84672,3695.15,0,36.966,0.33084,0.528595,1.95603,4.81379,0.976577,5.991,0.42336,36.966,0.42336,423.524,0,0.908729,0,0,1.43732,0.528595,1.028160,1,0,42.6159,0,0,0,42.6159,0
69.8655,2.5968,0,0,2.37536,0.312579,0.36288,3.6288,61.224,0.59338,0,0,0.718157,0.183038,0,0.66528,12.849,1,0.471525,0.36288,0,48.764,3.55557,45.0998,0.84672,12.849,0.84672,3695.15,0,36.966,0.357932,0.528595,1.95648,4.6534,0.851843,5.92871,0.42336,36.966,0.42336,423.524,0,0.837371,0,0,1.36597,0.528595,1.028160,1,0,51.0285,0,0,0,51.0285,0
68.6124,2.59229,0,0,2.00169,0.299632,0.36288,3.6288,60.9933,0.670427,0,0,0.619228,0.179577,0,0.66528,12.849,1,0.476748,0.36288,0,40.1742,3.37491,36.6854,0.84672,12.849,0.84672,3695.15,0,36.966,0.404792,0.528595,1.95694,4.30457,0.831054,5.55426,0.42336,36.966,0.42336,423.524,0,0.71388,0,0,1.24248,0.528595,1.028160,1,0,42.2397,0,0,0,42.2397,0
67.4616,2.54992,0,0,2.02973,0.26778,0.36288,3.6288,60.9491,0.604977,0,0,0.762869,0.20208,0,0.66528,12.849,1,0.477521,0.36288,0,38.7404,4.49011,34.1356,0.84672,12.849,0.84672,3695.15,0,36.966,0.366656,0.528595,1.9574,4.62246,1.0836,5.65819,0.42336,36.966,0.42336,423.524,0,0.791009,0,0,1.3196,0.528595,1.028160,1,0,39.7938,0,0,0,39.7938,0
66.1918,2.54367,0,0,1.90214,0.265375,0.36288,3.6288,60.8776,0.624186,0,0,0.754756,0.202024,0,0.66528,12.849,1,0.484477,0.36288,0,36.7051,4.49011,32.0933,0.84672,12.849,0.84672,3695.15,0,36.966,0.378573,0.528595,1.92916,4.39879,1.0836,5.39437,0.42336,36.966,0.42336,423.524,0,0.760294,0,0,1.28889,0.528595,1.028160,1,0,37.4877,0,0,0,37.4877,0
66.0369,2.53647,0,0,2.99996,0.255462,0.36288,3.6288,61.1809,0.4575,0,0,0.964535,0.203712,0,0.66528,12.849,1,0.492375,0.36288,0,48.1627,4.5443,43.4889,0.84672,12.849,0.84672,3695.15,0,36.966,0.277803,0.565021,1.92961,4.35698,1.07357,5.50024,0.42336,36.966,0.42336,423.524,0,1.02816,0,0,1.59318,0.565021,1.028160,1,0,48.9892,0,0,0,48.9892,0
64.7691,2.5361,0,0,1.84281,0.211647,0.36288,3.6288,61.1739,0.560068,0,0,0.767802,0.214806,0,0.66528,12.849,1,0.493456,0.36288,0,36.3258,4.86937,31.3259,0.84672,12.849,0.84672,3695.15,0,36.966,0.338397,0.402797,1.93006,3.82819,1.01339,4.80926,0.42336,36.966,0.42336,423.524,0,0.865408,0,0,1.26821,0.402797,1.028160,1,0,36.1352,0,0,0,36.1352,0
63.3008,2.64858,0,0,1.73863,0.19548,0.36288,3.6288,61.0662,0.619934,0,0,0.740336,0.228062,0,0.66528,12.849,1,0.525429,0.36288,0,34.3152,4.69717,29.4555,0.84672,12.849,0.84672,3695.15,0,36.966,0.374612,0.402797,1.93051,3.50945,1.06517,4.40297,0.42336,36.966,0.42336,423.524,0,0.865123,0,0,1.26792,0.402797,1.028160,1,0,33.8585,0,0,0,33.8585,0
61.874,2.63906,0,0,1.75789,0.182773,0.36288,3.6288,60.9534,0.611832,0,0,0.736888,0.237849,0,0.66528,12.849,1,0.535684,0.36288,0,34.3939,4.56803,29.6531,0.84672,12.849,0.84672,3695.15,0,36.966,0.370368,0.402797,2.03159,3.31548,1.10401,4.27549,0.42336,36.966,0.42336,423.524,0,0.877902,0,0,1.2807,0.402797,1.028160,1,0,33.9286,0,0,0,33.9286,0
60.2655,2.62944,0,0,1.56443,0.18065,0.36288,3.6288,60.7729,0.618952,0,0,0.676089,0.237679,0,0.66528,12.849,1,0.54604,0.36288,0,31.0161,4.56803,26.2649,0.84672,12.849,0.84672,3695.15,0,36.966,0.375371,0.30119,2.03206,3.19502,1.10401,4.0489,0.42336,36.966,0.42336,423.524,0,0.866212,0,0,1.1674,0.30119,1.028160,1,0,30.3138,0,0,0,30.3138,0
58.6297,2.61804,0,0,1.47758,0.132459,0.36288,3.6288,60.5059,0.645904,0,0,0.649313,0.270347,0,0.66528,12.849,1,0.558183,0.36288,0,27.6449,4.94288,22.5067,0.84672,12.849,0.84672,3695.15,0,36.966,0.392881,0.30119,2.03253,3.04295,1.19978,3.78401,0.42336,36.966,0.42336,423.524,0,0.822182,0,0,1.12337,0.30119,1.028160,1,0,26.2907,0,0,0,26.2907,0
57.0443,2.60587,0,0,1.50501,0.121624,0.36288,3.6288,60.294,0.586669,0,0,0.654046,0.279329,0,0.66528,12.849,1,0.57109,0.36288,0,28.5874,5.19958,23.1796,0.84672,12.849,0.84672,3695.15,0,36.966,0.358425,0.30119,2.03301,3.33213,1.24935,4.05856,0.42336,36.966,0.42336,423.524,0,0.916307,0,0,1.2175,0.30119,1.028160,1,0,27.2382,0,0,0,27.2382,0
55.9391,2.28941,0,0,1.64527,0.0981723,0.36288,3.6288,60.2715,0.419666,0,0,0.69965,0.30252,0,0.66528,12.849,1,0.515679,0.36288,0,29.8468,5.84136,23.8526,0.84672,12.849,0.84672,3695.15,0,36.966,0.257296,0.470206,2.03348,3.55016,1.37326,4.42329,0.42336,36.966,0.42336,423.524,0,1.02816,0,0,1.49837,0.470206,1.028160,1,0,28.2759,0,0,0,28.2759,0
54.6874,2.28165,0,0,1.4899,0.0971045,0.36288,3.6288,60.2257,0.419852,0,0,0.67659,0.302477,0,0.66528,12.849,1,0.524086,0.36288,0,26.9817,5.84136,20.9791,0.84672,12.849,0.84672,3695.15,0,36.966,0.257506,0.404836,1.84305,3.48497,1.37326,4.10209,0.42336,36.966,0.42336,423.524,0,1.02816,0,0,1.433,0.404836,1.028160,1,0,25.0812,0,0,0,25.0812,0
53.3939,2.27247,0,0,1.43776,0.0958952,0.36288,3.6288,60.1175,0.435808,0,0,0.630029,0.302389,0,0.66528,12.849,1,0.533924,0.36288,0,24.6842,5.84136,18.6718,0.84672,12.849,0.84672,3695.15,0,36.966,0.267495,0.261274,1.84348,3.37513,1.37326,3.83913,0.42336,36.966,0.42336,423.524,0,1.00261,0,0,1.26389,0.261274,1.028160,1,0,22.5109,0,0,0,22.5109,0
52.0617,2.26257,0,0,1.38348,0.0902372,0.36288,3.6288,59.9361,0.477546,0,0,0.602656,0.306589,0,0.66528,12.849,1,0.544476,0.36288,0,22.1142,5.87932,16.0532,0.84672,12.849,0.84672,3695.15,0,36.966,0.293641,0.261274,1.84391,3.35814,1.39575,3.77393,0.42336,36.966,0.42336,423.524,0,0.935125,0,0,1.1964,0.261274,1.028160,1,0,19.8272,0,0,0,19.8272,0
50.7284,2.30447,0,0,1.4003,0.0662774,0.36288,3.6288,59.8635,0.471533,0,0,0.729583,0.330569,0,0.66528,12.849,1,0.568751,0.36288,0,22.3866,6.05681,16.1239,0.84672,12.849,0.84672,3695.15,0,36.966,0.290821,0.261274,1.84434,3.14067,1.50807,3.44739,0.42336,36.966,0.42336,423.524,0,0.986057,0,0,1.24733,0.261274,1.028160,1,0,19.5713,0,0,0,19.5713,0
49.4113,2.29307,0,0,1.40475,0.0659146,0.36288,3.6288,59.7848,0.445537,0,0,0.696833,0.330069,0,0.66528,12.849,1,0.580813,0.36288,0,29.5624,6.04842,23.296,0.84672,12.849,0.84672,3695.15,0,36.966,0.275121,0.366371,1.88926,3.43295,1.5043,3.90916,0.42336,36.966,0.42336,423.524,0,1.02816,0,0,1.39453,0.366371,1.028160,1,0,27.2052,0,0,0,27.2052,0
48.0174,2.28132,0,0,1.31535,0.065003,0.36288,3.6288,59.6573,0.445564,0,0,0.648017,0.329903,0,0.66528,12.849,1,0.593238,0.36288,0,23.7358,6.04842,17.457,0.84672,12.849,0.84672,3695.15,0,36.966,0.2755,0.340511,1.8897,3.09454,1.5043,3.54495,0.42336,36.966,0.42336,423.524,0,1.02816,0,0,1.36867,0.340511,1.028160,1,0,21.002,0,0,0,21.002,0
46.5198,2.26826,0,0,1.19758,0.0640293,0.36288,3.6288,59.4373,0.505647,0,0,0.615225,0.329634,0,0.66528,12.849,1,0.606965,0.36288,0,21.632,6.04842,15.3395,0.84672,12.849,0.84672,3695.15,0,36.966,0.313318,0.227405,1.89014,2.8865,1.5043,3.18643,0.42336,36.966,0.42336,423.524,0,0.930666,0,0,1.15807,0.227405,1.028160,1,0,18.5259,0,0,0,18.5259,0
45.1979,2.40397,0,0,1.49825,0.0533213,0.36288,3.6288,59.3742,0.537968,0,0,0.798025,0.323141,0,0.66528,12.849,1,0.663989,0.36288,0,25.0594,5.9165,18.8418,0.84672,12.849,0.84672,3695.15,0,36.966,0.33458,0.70746,1.89058,4.50725,1.48197,5.28875,0.42336,36.966,0.42336,423.524,0,1.02816,0,0,1.73562,0.70746,1.028160,1,0,24.1305,0,0,0,24.1305,0
43.8458,2.38941,0,0,1.45784,0.0576332,0.36288,3.6288,59.3147,0.538021,0,0,0.781549,0.303035,0,0.66528,12.849,1,0.679268,0.36288,0,28.9516,5.39164,23.2436,0.84672,12.849,0.84672,3695.15,0,36.966,0.334969,0.540691,2.04342,4.37287,1.38247,5.23954,0.42336,36.966,0.42336,423.524,0,1.02816,0,0,1.56885,0.540691,1.028160,1,0,28.4831,0,0,0,28.4831,0
42.5238,2.37376,0,0,1.47141,0.0567561,0.36288,3.6288,59.2461,0.538086,0,0,0.772416,0.30292,0,0.66528,12.849,1,0.695629,0.36288,0,28.4666,5.39164,22.7422,0.84672,12.849,0.84672,3695.15,0,36.966,0.335345,0.621726,2.0439,4.70595,1.38247,5.65375,0.42336,36.966,0.42336,423.524,0,1.02816,0,0,1.64989,0.621726,1.028160,1,0,28.396,0,0,0,28.396,0
41.5083,2.3577,0,0,1.76089,0.0558985,0.36288,3.6288,59.2182,0.538119,0,0,0.813059,0.302787,0,0.66528,12.849,1,0.712402,0.36288,0,27.8351,5.39164,22.094,0.84672,12.849,0.84672,3695.15,0,36.966,0.335754,0.6419,2.04437,6.32232,1.38247,7.29037,0.42336,36.966,0.42336,423.524,0,1.02816,0,0,1.67006,0.6419,1.028160,1,0,29.3843,0,0,0,29.3843,0
40.2171,2.34493,0,0,1.47558,0.058906,0.36288,3.6288,59.1339,0.538294,0,0,0.750142,0.296185,0,0.66528,12.849,1,0.72588,0.36288,0,26.4985,5.3295,20.806,0.84672,12.849,0.84672,3695.15,0,36.966,0.336021,0.617518,2.04485,4.50455,1.33917,5.49173,0.42336,36.966,0.42336,423.524,0,1.02816,0,0,1.64568,0.617518,1.028160,1,0,26.2978,0,0,0,26.2978,0
39.5326,2.25679,0,0,2.00191,0.0667817,0.36288,3.6288,59.7198,0.481932,0,0,1.3243,0.25648,0,0.66528,12.849,1,0.721023,0.36288,0,23.223,4.87893,17.986,0.84672,12.849,0.84672,3695.15,0,36.966,0.301267,1.95307,2.04532,6.6309,1.09455,9.23347,0.42336,36.966,0.42336,423.524,0,1.02816,0,0,2.98123,1.95307,1.028160,1,0,27.2194,0,0,0,27.2194,0
38.622,2.24789,0,0,1.7664,0.0662461,0.36288,3.6288,59.7469,0.484018,0,0,0.768571,0.257444,0,0.66528,12.849,1,0.730615,0.36288,0,23.7872,4.87893,18.5406,0.84672,12.849,0.84672,3695.15,0,36.966,0.299602,0.843549,1.9575,5.09321,1.09455,6.50011,0.42336,36.966,0.42336,423.524,0,1.02816,0,0,1.87171,0.843549,1.028160,1,0,25.0407,0,0,0,25.0407,0
37.4177,2.23548,0,0,1.45968,0.0655525,0.36288,3.6288,59.6821,0.484361,0,0,0.677091,0.257488,0,0.66528,12.849,1,0.743714,0.36288,0,21.9627,4.87893,16.7029,0.84672,12.849,0.84672,3695.15,0,36.966,0.299679,0.636111,1.95795,4.71671,1.09455,5.91655,0.42336,36.966,0.42336,423.524,0,1.02816,0,0,1.66427,0.636111,1.028160,1,0,22.6195,0,0,0,22.6195,0
37.4156,2.21818,0,0,2.71331,0.134364,0.36288,3.6288,60.0687,0.484421,0,0,1.05336,0.182355,0,0.66528,12.849,1,0.761707,0.36288,0,38.7787,3.84078,34.5391,0.84672,12.849,0.84672,3695.15,0,36.966,0.300041,1.05116,1.95841,8.18945,0.770061,10.1289,0.42336,36.966,0.42336,423.524,0,1.02816,0,0,2.07932,1.05116,1.028160,1,0,44.668,0,0,0,44.668,0
39.0042,2.16135,0,0,4.28117,0.168379,0.36288,3.6288,60.8218,0.434237,0,0,1.32875,0.141434,0,0.66528,12.849,1,0.742234,0.36288,0,61.1529,3.70273,57.0708,0.84672,12.849,0.84672,3695.15,0,36.966,0.267227,1.86036,1.95886,10.5437,0.929359,13.1663,0.42336,36.966,0.42336,423.524,0,1.02816,0,0,2.88852,1.86036,1.028160,1,0,70.2371,0,0,0,70.2371,0
40.8991,2.18459,0,0,4.62135,0.178977,0.36288,3.6288,61.2057,0.436545,0,0,1.03207,0.211653,0,0.66528,12.849,1,0.719662,0.36288,0,52.3518,3.9528,48.0423,0.84672,12.849,0.84672,3695.15,0,36.966,0.265321,1.59373,1.88044,7.04696,1.03828,9.21752,0.42336,36.966,0.42336,423.524,0,1.02816,0,0,2.62189,1.59373,1.028160,1,0,57.2598,0,0,0,57.2598,0
44.3045,2.21048,0,0,6.199,0.220262,0.36288,3.6288,61.308,0.437833,0,0,1.17101,0.168444,0.462398,0.66528,12.849,1,0.694452,0.36288,0,65.3295,3.37722,61.6207,0.84672,12.849,0.84672,3695.15,0,36.966,0.264435,1.64646,1.88088,8.64968,0.848796,11.0638,0.42336,36.966,0.42336,423.524,0,1.02816,0,0,2.67462,1.64646,1.028160,1,0,73.1469,0,0,0,73.1469,0
49.6982,2.25238,0,0,8.23809,0.229135,0.36288,3.6288,61.308,0.438359,0,0,1.57368,0.168553,0.966769,0.66528,12.849,1,0.653226,0.36288,0,70.1333,3.37722,66.4657,0.84672,12.849,0.84672,3695.15,0,36.966,0.264311,2.12274,1.88131,10.9376,0.848796,13.8286,0.42336,36.966,0.42336,423.524,0,1.02816,0,0,3.1509,2.12274,1.028160,1,0,81.2611,0,0,0,81.2611,0
53.3895,2.39731,0,0,6.69199,0.240465,0.36288,3.6288,61.308,0.449321,0,0,2.70612,0.182941,2.07386,0.66528,12.849,1,0.619803,0.36288,0,95.074,3.84252,90.9746,0.84672,12.849,0.84672,3695.15,0,36.966,0.270921,1.90747,1.88175,12.2649,0.962526,14.8207,0.42336,36.966,0.42336,423.524,0,1.02816,0,0,2.93563,1.90747,1.028160,1,0,107.869,0,0,0,107.869,0
59.0683,2.43242,0,0,8.72018,0.246116,0.36288,3.6288,61.308,0.449574,0,0,4.06266,0.202124,3.41096,0.66528,12.849,1,0.585398,0.36288,0,170.747,4.46292,166.062,0.84672,12.849,0.84672,3695.15,0,36.966,0.271073,2.88269,1.91622,12.6568,1.11417,16.0705,0.42336,36.966,0.42336,423.524,0,1.02816,0,0,3.91085,2.88269,1.028160,1,0,185.543,0,0,0,185.543,0
64.9833,2.47922,0,0,9.01748,0.260384,0.36288,3.6288,61.308,0.449827,0,0,5.32685,0.202124,4.6749,0.66528,12.849,1,0.539299,0.36288,0,110.672,4.46292,106.033,0.84672,12.849,0.84672,3695.15,0,36.966,0.271226,2.48671,1.91667,15.4529,1.11417,18.4709,0.42336,36.966,0.42336,423.524,0,1.02816,0,0,3.51487,2.48671,1.028160,1,0,129.179,0,0,0,129.179,0
71.456,2.52079,0,0,9.65028,0.293888,0.36288,3.6288,61.308,0.450081,0,0,4.1917,0.194974,3.54665,0.66528,12.849,1,0.49843,0.36288,0,150.564,4.18194,146.247,0.84672,12.849,0.84672,3695.15,0,36.966,0.271379,2.09415,1.91711,12.3903,1.05709,15.0731,0.42336,36.966,0.42336,423.524,0,1.02816,0,0,3.12231,2.09415,1.028160,1,0,164.866,0,0,0,164.866,0
72.29,2.55965,0,0,17.1951,0.337369,13.464,3.6288,61.308,0.450334,0,0,8.27852,0.18544,7.64275,0.66528,12.849,1,0.460268,13.464,0,215.571,3.8073,224.767,0.84672,12.849,0.84672,3695.15,0,36.966,0.271531,4.54925,1.91756,23.1851,0.980979,28.3994,0.42336,36.966,0.42336,423.524,0,1.02816,0,0,5.57741,4.54925,1.028160,1,0,260.809,0,0,0,260.809,0
72.29,2.64508,0,0,9.68017,0.343288,6.6918,3.6288,61.308,0.485889,0,0,3.92606,0.204497,3.23567,0.66528,12.849,1,0.470143,6.6918,0,210.404,4.18562,212.44,0.84672,12.849,0.84672,3695.15,0,36.966,0.292969,5.06246,1.918,21.6078,1.03241,27.2629,0.42336,36.966,0.42336,423.524,0,1.02816,0,0,6.09062,5.06246,1.028160,1,0,242.938,0,0,0,242.938,0
72.29,2.64567,0,0,8.68164,0.343288,5.69269,3.6288,61.308,0.486139,0,0,3.37861,0.204497,2.68798,0.66528,12.849,1,0.470248,5.69269,0,194.901,4.18562,195.938,0.84672,12.849,0.84672,3695.15,0,36.966,0.29312,4.58659,1.9799,16.1662,1.03241,21.4072,0.42336,36.966,0.42336,423.524,0,1.02816,0,0,5.61475,4.58659,1.028160,1,0,220.033,0,0,0,220.033,0
72.29,2.64626,0,0,6.47933,0.343288,3.48979,3.6288,61.308,0.486389,0,0,1.68611,0.204497,0.995227,0.66528,12.849,1,0.470352,3.48979,0,145.83,4.18562,144.664,0.84672,12.849,0.84672,3695.15,0,36.966,0.293271,2.34343,1.98033,9.60025,1.03241,12.5983,0.42336,36.966,0.42336,423.524,0,1.02816,0,0,3.37159,2.34343,1.028160,1,0,158.258,0,0,0,158.258,0
72.29,2.64684,0,0,6.01988,0.343288,3.02975,3.6288,61.308,0.486639,0,0,1.39509,0.204497,0.703956,0.66528,12.849,1,0.470456,3.02975,0,118.766,4.18562,117.14,0.84672,12.849,0.84672,3695.15,0,36.966,0.293422,1.95978,1.98077,8.5536,1.03241,11.1683,0.42336,36.966,0.42336,423.524,0,1.02816,0,0,2.98794,1.95978,1.028160,1,0,129.012,0,0,0,129.012,0
72.29,2.58812,0,0,7.52869,0.330977,4.60959,3.6288,61.308,0.481754,0,0,2.22994,0.228364,1.51982,0.66528,12.849,1,0.460019,4.60959,0,119.83,4.84956,119.13,0.84672,12.849,0.84672,3695.15,0,36.966,0.290476,2.75428,1.98121,12.2434,1.23455,15.4539,0.42336,36.966,0.42336,423.524,0,1.02816,0,0,3.78244,2.75428,1.028160,1,0,136.104,0,0,0,136.104,0
72.29,2.58869,0,0,5.78366,0.326307,2.86866,3.6288,61.308,0.482003,0,0,2.51459,0.22616,1.80643,0.66528,12.849,1,0.460121,2.86866,0,187.684,4.82159,185.271,0.84672,12.849,0.84672,3695.15,0,36.966,0.290626,2.79464,1.9622,13.1471,1.20652,16.4068,0.42336,36.966,0.42336,423.524,0,1.02816,0,0,3.8228,2.79464,1.028160,1,0,203.484,0,0,0,203.484,0
72.29,2.58927,0,0,5.65453,0.329746,2.73551,3.6288,61.308,0.482252,0,0,2.56072,0.214946,1.86353,0.66528,12.849,1,0.460223,2.73551,0,166.59,4.68794,164.177,0.84672,12.849,0.84672,3695.15,0,36.966,0.290776,2.72411,1.96264,13.302,1.15495,16.543,0.42336,36.966,0.42336,423.524,0,1.02816,0,0,3.75227,2.72411,1.028160,1,0,182.583,0,0,0,182.583,0
72.29,2.58984,0,0,5.7648,0.329746,2.84521,3.6288,61.308,0.482501,0,0,2.75112,0.214946,2.05368,0.66528,12.849,1,0.460325,2.84521,0,193.503,4.68794,191.2,0.84672,12.849,0.84672,3695.15,0,36.966,0.290927,3.14644,1.96307,13.3991,1.15495,17.0627,0.42336,36.966,0.42336,423.524,0,1.02816,0,0,4.1746,3.14644,1.028160,1,0,210.317,0,0,0,210.317,0
72.29,2.53959,0,0,5.46385,0.317816,2.60644,3.6288,61.308,0.442476,0,0,2.67229,0.241564,1.98825,0.66528,12.849,1,0.451393,2.60644,0,157.243,4.53692,154.861,0.84672,12.849,0.84672,3695.15,0,36.966,0.266794,3.87153,1.96351,12.3004,1.10941,16.7593,0.42336,36.966,0.42336,423.524,0,1.02816,0,0,4.89969,3.87153,1.028160,1,0,173.608,0,0,0,173.608,0
72.29,2.54016,0,0,6.64342,0.308868,3.79439,3.6288,61.308,0.442717,0,0,3.47855,0.261527,2.77431,0.66528,12.849,1,0.451493,3.79439,0,192.735,4.42365,191.654,0.84672,12.849,0.84672,3695.15,0,36.966,0.266938,5.46657,1.90285,14.6707,1.07526,20.6979,0.42336,36.966,0.42336,423.524,0,1.02816,0,0,6.49473,5.46657,1.028160,1,0,215.127,0,0,0,215.127,0
72.29,2.54072,0,0,5.10882,0.308868,2.25924,3.6288,61.308,0.442957,0,0,2.27887,0.261527,1.57438,0.66528,12.849,1,0.451593,2.25924,0,146.666,4.42365,144.05,0.84672,12.849,0.84672,3695.15,0,36.966,0.267083,3.79229,1.90327,10.2676,1.07526,14.6208,0.42336,36.966,0.42336,423.524,0,1.02816,0,0,4.82045,3.79229,1.028160,1,0,160.245,0,0,0,160.245,0
72.29,2.54128,0,0,4.74833,0.324064,1.88298,3.6288,61.308,0.443197,0,0,2.04454,0.221886,1.37946,0.66528,12.849,1,0.451694,1.88298,0,163.231,4.34783,160.315,0.84672,12.849,0.84672,3695.15,0,36.966,0.267228,3.46827,1.90369,9.38831,0.984045,13.509,0.42336,36.966,0.42336,423.524,0,1.02816,0,0,4.49643,3.46827,1.028160,1,0,175.203,0,0,0,175.203,0
72.29,2.54184,0,0,5.06955,0.325506,2.2022,3.6288,61.308,0.443437,0,0,2.11026,0.209069,1.45775,0.66528,12.849,1,0.451794,2.2022,0,125.665,3.79692,123.619,0.84672,12.849,0.84672,3695.15,0,36.966,0.267373,3.63943,1.90411,9.90913,0.871696,14.3136,0.42336,36.966,0.42336,423.524,0,1.02816,0,0,4.66759,3.63943,1.028160,1,0,139.39,0,0,0,139.39,0
72.29,2.6353,0,0,5.25858,0.335564,2.28772,3.6288,61.308,0.487319,0,0,2.10191,0.18829,1.4263,0.66528,12.849,1,0.468405,2.28772,0,167.768,4.48759,165.1,0.84672,12.849,0.84672,3695.15,0,36.966,0.293832,3.51372,1.90454,9.75326,0.882894,13.9948,0.42336,36.966,0.42336,423.524,0,1.02816,0,0,4.54188,3.51372,1.028160,1,0,180.521,0,0,0,180.521,0
72.29,2.63589,0,0,4.25646,0.335564,1.28501,3.6288,61.308,0.487569,0,0,1.73889,0.18829,1.06303,0.66528,12.849,1,0.468509,1.28501,0,116.382,4.48759,112.711,0.84672,12.849,0.84672,3695.15,0,36.966,0.293982,3.15388,1.97951,8.14916,0.882894,12.1057,0.42336,36.966,0.42336,423.524,0,1.02816,0,0,4.18204,3.15388,1.028160,1,0,125.879,0,0,0,125.879,0
72.29,2.63647,0,0,3.72027,0.335564,0.748239,3.6288,61.308,0.487819,0,0,1.58499,0.18829,0.908882,0.66528,12.849,1,0.468612,0.748239,0,99.633,4.48759,95.4251,0.84672,12.849,0.84672,3695.15,0,36.966,0.294133,2.91568,1.97995,7.30244,0.882894,11.021,0.42336,36.966,0.42336,423.524,0,1.02816,0,0,3.94384,2.91568,1.028160,1,0,107.355,0,0,0,107.355,0
72.29,2.63705,0,0,3.94921,0.304318,1.00784,3.6288,61.308,0.488069,0,0,1.55874,0.170523,0.90015,0.66528,12.849,1,0.468716,1.00784,0,95.1402,3.79917,91.8802,0.84672,12.849,0.84672,3695.15,0,36.966,0.294284,2.64279,1.98039,7.76148,0.87288,11.2175,0.42336,36.966,0.42336,423.524,0,1.02816,0,0,3.67095,2.64279,1.028160,1,0,103.998,0,0,0,103.998,0
71.9818,2.60128,0,0,2.93139,0.275423,0.36288,3.6288,61.308,0.471354,0,0,1.07585,0.183625,0.420873,0.66528,12.849,1,0.462358,0.36288,0,72.5656,3.94941,68.5167,0.84672,12.849,0.84672,3695.15,0,36.966,0.284206,1.81214,1.98082,6.36524,0.965616,8.90839,0.42336,36.966,0.42336,423.524,0,1.02816,0,0,2.8403,1.81214,1.028160,1,0,77.846,0,0,0,77.846,0
71.2333,2.60018,0,0,2.48661,0.272052,0.36288,3.6288,61.308,0.471601,0,0,0.947143,0.186994,0.288548,0.66528,12.849,1,0.464141,0.36288,0,61.6732,4.02034,57.5516,0.84672,12.849,0.84672,3695.15,0,36.966,0.284354,1.46246,1.95223,5.63863,0.98174,7.78722,0.42336,36.966,0.42336,423.524,0,1.02816,0,0,2.49062,1.46246,1.028160,1,0,65.6273,0,0,0,65.6273,0
71.9326,2.59662,0,0,3.92174,0.262953,0.36288,3.6288,61.308,0.471847,0,0,1.2104,0.188779,0.549778,0.66528,12.849,1,0.468376,0.36288,0,80.9266,4.07453,76.7465,0.84672,12.849,0.84672,3695.15,0,36.966,0.284503,2.05051,1.95266,5.58504,0.97171,8.332,0.42336,36.966,0.42336,423.524,0,1.02816,0,0,3.07867,2.05051,1.028160,1,0,85.6283,0,0,0,85.6283,0
71.1589,2.60106,0,0,2.40905,0.218817,0.36288,3.6288,61.308,0.472094,0,0,0.963524,0.199489,0.291941,0.66528,12.849,1,0.464616,0.36288,0,61.0362,4.39961,56.5349,0.84672,12.849,0.84672,3695.15,0,36.966,0.284652,1.4225,1.95309,4.90723,0.911532,7.08664,0.42336,36.966,0.42336,423.524,0,1.02816,0,0,2.45066,1.4225,1.028160,1,0,63.9135,0,0,0,63.9135,0
70.2311,2.72057,0,0,2.36677,0.211111,0.36288,3.6288,61.308,0.532556,0,0,0.933742,0.194164,0.207023,0.66528,12.849,1,0.491247,0.36288,0,54.701,4.27198,50.3007,0.84672,12.849,0.84672,3695.15,0,36.966,0.321107,1.26586,1.95353,4.60944,0.892423,6.6153,0.42336,36.966,0.42336,423.524,0,1.02816,0,0,2.29402,1.26586,1.028160,1,0,57.123,0,0,0,57.123,0
69.3085,2.71568,0,0,2.35706,0.201115,0.36288,3.6288,61.308,0.532816,0,0,0.881669,0.187063,0.16179,0.66528,12.849,1,0.496843,0.36288,0,52.4527,4.10182,48.2169,0.84672,12.849,0.84672,3695.15,0,36.966,0.321264,1.06195,2.05579,4.4729,0.866946,6.40243,0.42336,36.966,0.42336,423.524,0,1.02816,0,0,2.09011,1.06195,1.028160,1,0,54.7811,0,0,0,54.7811,0
68.1579,2.7107,0,0,2.12273,0.199685,0.36288,3.6288,61.308,0.533075,0,0,0.750496,0.187063,0.0303577,0.66528,12.849,1,0.502533,0.36288,0,49.1297,4.10182,44.8882,0.84672,12.849,0.84672,3695.15,0,36.966,0.321421,0.850764,2.05625,4.33243,0.866946,6.05108,0.42336,36.966,0.42336,423.524,0,1.02816,0,0,1.87892,0.850764,1.028160,1,0,50.9697,0,0,0,50.9697,0
66.865,2.70416,0,0,1.95361,0.179496,0.36288,3.6288,61.308,0.533335,0,0,0.745001,0.206819,0.00484677,0.66528,12.849,1,0.509784,0.36288,0,45.9448,4.49309,41.3049,0.84672,12.849,0.84672,3695.15,0,36.966,0.321578,0.902422,2.0567,4.26934,0.973717,5.93317,0.42336,36.966,0.42336,423.524,0,1.02816,0,0,1.93058,0.902422,1.028160,1,0,47.2429,0,0,0,47.2429,0
65.4923,2.69649,0,0,1.84707,0.160417,0.36288,3.6288,61.2184,0.533595,0,0,0.662593,0.218572,0,0.66528,12.849,1,0.518167,0.36288,0,44.4586,4.76584,39.5375,0.84672,12.849,0.84672,3695.15,0,36.966,0.321734,0.668148,2.05716,3.87895,1.04481,5.23771,0.42336,36.966,0.42336,423.524,0,1.02816,0,0,1.69631,0.668148,1.028160,1,0,44.7752,0,0,0,44.7752,0
64.2645,2.37282,0,0,1.6453,0.13733,0.36288,3.6288,61.2575,0.434693,0,0,0.673842,0.200077,0,0.66528,12.849,1,0.465525,0.36288,0,38.4911,4.64174,33.7467,0.84672,12.849,0.84672,3695.15,0,36.966,0.262484,0.638833,2.05761,3.16326,0.990923,4.6063,0.42336,36.966,0.42336,423.524,0,1.02816,0,0,1.66699,0.638833,1.028160,1,0,38.353,0,0,0,38.353,0
62.8884,2.36593,0,0,1.48861,0.135981,0.36288,3.6288,61.2477,0.435035,0,0,0.625347,0.200127,0,0.66528,12.849,1,0.473042,0.36288,0,34.5653,4.64174,29.8134,0.84672,12.849,0.84672,3695.15,0,36.966,0.262523,0.432052,1.8649,3.03385,0.990923,4.07736,0.42336,36.966,0.42336,423.524,0,1.02816,0,0,1.46021,0.432052,1.028160,1,0,33.8907,0,0,0,33.8907,0
61.4779,2.35785,0,0,1.41822,0.107945,0.36288,3.6288,61.1382,0.435247,0,0,0.591693,0.265904,0,0.66528,12.849,1,0.481744,0.36288,0,31.3138,5.48864,25.7063,0.84672,12.849,0.84672,3695.15,0,36.966,0.262693,0.439188,1.86531,2.87438,1.30006,3.61613,0.42336,36.966,0.42336,423.524,0,1.02816,0,0,1.46735,0.439188,1.028160,1,0,29.3224,0,0,0,29.3224,0
59.9225,2.34923,0,0,1.25907,0.102331,0.36288,3.6288,60.9796,0.435192,0,0,0.553255,0.276677,0,0.66528,12.849,1,0.490994,0.36288,0,28.6399,5.62979,22.882,0.84672,12.849,0.84672,3695.15,0,36.966,0.26313,0.399073,1.86573,2.77963,1.35158,3.42971,0.42336,36.966,0.42336,423.524,0,1.02816,0,0,1.42723,0.399073,1.028160,1,0,26.3117,0,0,0,26.3117,0
58.2331,2.39385,0,0,1.16651,0.0992238,0.36288,3.6288,60.6973,0.514722,0,0,0.526217,0.293759,0,0.66528,12.849,1,0.513305,0.36288,0,24.971,5.82906,18.9915,0.84672,12.849,0.84672,3695.15,0,36.966,0.312026,0.261274,1.86614,2.25785,1.41019,2.66304,0.42336,36.966,0.42336,423.524,0,0.942313,0,0,1.20359,0.261274,1.028160,1,0,21.6545,0,0,0,21.6545,0
56.5239,2.38218,0,0,1.13275,0.0969326,0.36288,3.6288,60.3578,0.507507,0,0,0.468132,0.300165,0,0.66528,12.849,1,0.525622,0.36288,0,30.8012,5.90877,24.7297,0.84672,12.849,0.84672,3695.15,0,36.966,0.309083,0.261274,1.91158,2.27362,1.43363,2.70376,0.42336,36.966,0.42336,423.524,0,0.952862,0,0,1.21414,0.261274,1.028160,1,0,27.4334,0,0,0,27.4334,0
54.7566,2.36975,0,0,1.06065,0.0953209,0.36288,3.6288,59.994,0.499636,0,0,0.435345,0.299518,0,0.66528,12.849,1,0.538691,0.36288,0,24.7304,5.90877,18.6458,0.84672,12.849,0.84672,3695.15,0,36.966,0.306001,0.227405,1.912,2.04949,1.43363,2.44926,0.42336,36.966,0.42336,423.524,0,0.964207,0,0,1.19161,0.227405,1.028160,1,0,21.095,0,0,0,21.095,0
52.9095,2.35619,0,0,0.965701,0.0936545,0.36288,3.6288,59.4963,0.612172,0,0,0.413303,0.298825,0,0.66528,12.849,1,0.552895,0.36288,0,22.5385,5.90877,16.4397,0.84672,12.849,0.84672,3695.15,0,36.966,0.377197,0.227405,1.91242,1.91173,1.43363,2.24073,0.42336,36.966,0.42336,423.524,0,0.780866,0,0,1.00827,0.227405,1.028160,1,0,18.6804,0,0,0,18.6804,0
50.9635,2.49753,0,0,0.997557,0.083143,0.36288,3.6288,59.1423,0.551965,0,0,0.49055,0.292601,0,0.66528,12.849,1,0.606522,0.36288,0,22.2653,5.86943,16.1522,0.84672,12.849,0.84672,3695.15,0,36.966,0.342945,0.372678,1.91285,2.69758,1.45132,3.18884,0.42336,36.966,0.42336,423.524,0,1.02816,0,0,1.40084,0.372678,1.028160,1,0,19.3411,0,0,0,19.3411,0
48.6454,2.47959,0,0,0.605923,0.081637,0.36288,3.6288,58.6102,0.620492,0,0,0.373425,0.284994,0,0.66528,12.849,1,0.625156,0.36288,0,16.3121,5.39259,10.6573,0.84672,12.849,0.84672,3695.15,0,36.966,0.387829,0.227405,2.06746,1.92478,1.40486,2.42696,0.42336,36.966,0.42336,423.524,0,0.915175,0,0,1.14258,0.227405,1.028160,1,0,13.0842,0,0,0,13.0842,0
46.4044,2.45656,0,0,0.658151,0.0796488,0.36288,3.6288,58.1048,0.599281,0,0,0.377853,0.284022,0,0.66528,12.849,1,0.648867,0.36288,0,15.59,5.39259,9.91144,0.84672,12.849,0.84672,3695.15,0,36.966,0.377972,0.204422,2.06792,2.04441,1.40486,2.53393,0.42336,36.966,0.42336,423.524,0,0.946668,0,0,1.15109,0.204422,1.028160,1,0,12.4454,0,0,0,12.4454,0
44.5358,2.43256,0,0,1.01657,0.089753,0.36288,3.6288,57.7316,0.547726,0,0,0.454494,0.279946,0,0.66528,12.849,1,0.673555,0.36288,0,25.1804,5.30353,19.5662,0.84672,12.849,0.84672,3695.15,0,36.966,0.348461,0.351665,2.06838,2.16057,1.39394,2.83822,0.42336,36.966,0.42336,423.524,0,1.02816,0,0,1.37983,0.351665,1.028160,1,0,22.4044,0,0,0,22.4044,0
43.0473,2.41116,0,0,1.37964,0.0941069,0.36288,3.6288,57.4891,0.546612,0,0,0.574604,0.270512,0,0.66528,12.849,1,0.695642,0.36288,0,30.76,5.37574,25.0515,0.84672,12.849,0.84672,3695.15,0,36.966,0.35,0.389612,2.06884,2.33347,1.37679,3.06513,0.42336,36.966,0.42336,423.524,0,1.02816,0,0,1.41777,0.389612,1.028160,1,0,28.1167,0,0,0,28.1167,0
41.015,2.32015,0,0,0.696496,0.0457687,0.36288,3.6288,57.1438,0.489594,0,0,0.44699,0.302703,0,0.66528,12.849,1,0.69253,0.36288,0,14.4167,4.96975,9.1173,0.84672,12.849,0.84672,3695.15,0,36.966,0.314813,1.23008,2.06929,1.53675,1.45738,3.06393,0.42336,36.966,0.42336,423.524,0,1.02816,0,0,2.25824,1.23008,1.028160,1,0,12.1812,0,0,0,12.1812,0
38.8908,2.29452,0,0,0.577926,0.0446957,0.36288,3.6288,56.5476,0.534605,0,0,0.240412,0.302026,0,0.66528,12.849,1,0.718818,0.36288,0,13.8133,4.96975,8.48759,0.84672,12.849,0.84672,3695.15,0,36.966,0.345833,0.216518,1.98042,1.14446,1.45738,1.53818,0.42336,36.966,0.42336,423.524,0,0.952534,0,0,1.16905,0.216518,1.028160,1,0,10.0258,0,0,0,10.0258,0
37.0075,2.26551,0,0,0.831224,0.0861589,0.36288,3.6288,56.0996,0.486914,0,0,0.295716,0.256742,0,0.66528,12.849,1,0.748494,0.36288,0,16.1214,4.34687,11.3889,0.84672,12.849,0.84672,3695.15,0,36.966,0.318303,0.289189,1.98085,1.25936,1.26269,1.94841,0.42336,36.966,0.42336,423.524,0,1.02816,0,0,1.31735,0.289189,1.028160,1,0,13.3373,0,0,0,13.3373,0
36.2978,2.23773,0,0,2.03074,0.139792,0.36288,3.6288,56.0243,0.485627,0,0,0.607649,0.197344,0,0.66528,12.849,1,0.776941,0.36288,0,48.6192,3.51635,44.6888,0.84672,12.849,0.84672,3695.15,0,36.966,0.319996,1.0701,1.98129,3.35438,1.0031,5.08268,0.42336,36.966,0.42336,423.524,0,1.02816,0,0,2.09826,1.0701,1.028160,1,0,49.7715,0,0,0,49.7715,0
36.1572,2.16948,0,0,2.53716,0.145451,0.36288,3.6288,55.9325,0.434768,0,0,0.566279,0.223271,0,0.66528,12.849,1,0.767969,0.36288,0,43.6005,3.9232,39.2722,0.84672,12.849,0.84672,3695.15,0,36.966,0.286869,1.20658,1.98173,3.21621,1.09384,5.02382,0.42336,36.966,0.42336,423.524,0,1.02816,0,0,2.23474,1.20658,1.028160,1,0,44.296,0,0,0,44.296,0
36.3892,2.16775,0,0,2.91299,0.150324,0.36288,3.6288,56.7228,0.434718,0,0,1.46768,0.242644,0,0.66528,12.849,1,0.770343,0.36288,0,60.8763,4.22835,56.2405,0.84672,12.849,0.84672,3695.15,0,36.966,0.287306,2.76784,1.90237,4.60391,1.1619,7.82491,0.42336,36.966,0.42336,423.524,0,1.02816,0,0,3.796,2.76784,1.028160,1,0,64.0654,0,0,0,64.0654,0
36.748,2.17186,0,0,3.0516,0.158051,0.36288,3.6288,57.1542,0.437375,0,0,1.11561,0.246884,0,0.66528,12.849,1,0.766882,0.36288,0,48.5327,3.99141,44.1373,0.84672,12.849,0.84672,3695.15,0,36.966,0.285035,2.48205,1.90279,5.95318,1.11151,8.94147,0.42336,36.966,0.42336,423.524,0,1.02816,0,0,3.51021,2.48205,1.028160,1,0,53.0788,0,0,0,53.0788,0
38.8677,2.17789,0,0,4.83748,0.177081,0.36288,3.6288,58.4693,0.438917,0,0,2.00914,0.255062,0,0.66528,12.849,1,0.761503,0.36288,0,93.2774,3.39906,89.4798,0.84672,12.849,0.84672,3695.15,0,36.966,0.283881,3.94442,1.90321,7.27023,0.985516,11.8485,0.42336,36.966,0.42336,423.524,0,1.02816,0,0,4.97258,3.94442,1.028160,1,0,101.328,0,0,0,101.328,0
42.9259,2.29386,0,0,6.9011,0.186114,0.36288,3.6288,58.6116,0.453708,0,0,0.858799,0.262873,0,0.66528,12.849,1,0.758311,0.36288,0,86.1054,3.57507,82.1349,0.84672,12.849,0.84672,3695.15,0,36.966,0.286847,2.93541,1.90363,5.97571,0.993846,9.53406,0.42336,36.966,0.42336,423.524,0,1.02816,0,0,3.96357,2.93541,1.028160,1,0,91.6689,0,0,0,91.6689,0
44.5986,2.34955,0,0,4.61349,0.228402,0.36288,3.6288,58.9688,0.454374,0,0,1.01269,0.201077,0,0.66528,12.849,1,0.703291,0.36288,0,73.0223,3.68705,68.9948,0.84672,12.849,0.84672,3695.15,0,36.966,0.286571,2.33243,1.93848,5.65781,0.949015,8.69314,0.42336,36.966,0.42336,423.524,0,1.02816,0,0,3.36059,2.33243,1.028160,1,0,77.6879,0,0,0,77.6879,0
46.1397,2.37055,0,0,4.51607,0.241475,0.36288,3.6288,59.5252,0.455681,0,0,1.18307,0.171015,0,0.66528,12.849,1,0.682964,0.36288,0,90.6025,3.55583,86.7266,0.84672,12.849,0.84672,3695.15,0,36.966,0.285655,2.52118,1.93891,6.87561,0.922753,10.1273,0.42336,36.966,0.42336,423.524,0,1.02816,0,0,3.54934,2.52118,1.028160,1,0,96.8539,0,0,0,96.8539,0
51.3356,2.38892,0,0,8.19334,0.245692,0.36288,3.6288,61.308,0.45757,0,0,2.86716,0.171626,0.455143,0.66528,12.849,1,0.665268,0.36288,0,126.033,3.55583,122.175,0.84672,12.849,0.84672,3695.15,0,36.966,0.284157,6.70635,1.93934,12.6799,0.922753,20.1186,0.42336,36.966,0.42336,423.524,0,1.02816,0,0,7.73451,6.70635,1.028160,1,0,142.749,0,0,0,142.749,0
53.569,2.44332,0,0,5.29559,0.255949,0.36288,3.6288,61.308,0.462968,0,0,1.38385,0.213856,0.707027,0.66528,12.849,1,0.611548,0.36288,0,127.89,4.0328,123.609,0.84672,12.849,0.84672,3695.15,0,36.966,0.279149,3.42503,1.93977,8.60859,1.04611,12.6481,0.42336,36.966,0.42336,423.524,0,1.02816,0,0,4.45319,3.42503,1.028160,1,0,136.964,0,0,0,136.964,0
57.1365,2.54161,0,0,6.7068,0.234863,0.36288,3.6288,61.308,0.498922,0,0,1.35772,0.253195,0.605607,0.66528,12.849,1,0.609629,0.36288,0,137.233,4.65447,132.331,0.84672,12.849,0.84672,3695.15,0,36.966,0.300828,2.89037,1.9402,9.23141,1.43248,12.3287,0.42336,36.966,0.42336,423.524,0,1.02816,0,0,3.91853,2.89037,1.028160,1,0,145.266,0,0,0,145.266,0
60.8046,2.57323,0,0,6.83575,0.231523,0.36288,3.6288,61.308,0.499162,0,0,1.31164,0.24675,0.565726,0.66528,12.849,1,0.578675,0.36288,0,192.832,4.47615,188.14,0.84672,12.849,0.84672,3695.15,0,36.966,0.300973,2.76283,2.00279,9.75301,1.45265,12.765,0.42336,36.966,0.42336,423.524,0,1.02816,0,0,3.79099,2.76283,1.028160,1,0,201.471,0,0,0,201.471,0
65.8489,2.6026,0,0,8.24956,0.239733,0.36288,3.6288,61.308,0.499402,0,0,1.90509,0.24675,1.15894,0.66528,12.849,1,0.549971,0.36288,0,207.369,4.47615,202.705,0.84672,12.849,0.84672,3695.15,0,36.966,0.301117,4.03208,2.00321,12.3978,1.45265,16.6793,0.42336,36.966,0.42336,423.524,0,1.02816,0,0,5.06024,4.03208,1.028160,1,0,220.544,0,0,0,220.544,0
72.29,2.6384,0,0,12.9009,0.249785,3.57163,3.6288,61.308,0.499642,0,0,2.79501,0.24675,2.04861,0.66528,12.849,1,0.514828,3.57163,0,244.692,4.47615,243.272,0.84672,12.849,0.84672,3695.15,0,36.966,0.301262,5.21207,2.00363,15.457,1.45265,20.9188,0.42336,36.966,0.42336,423.524,0,1.02816,0,0,6.24023,5.21207,1.028160,1,0,266.24,0,0,0,266.24,0
72.29,2.61792,0,0,11.2328,0.227195,8.38766,3.6288,61.308,0.494688,0,0,2.9904,0.233996,2.26172,0.66528,12.849,1,0.465316,8.38766,0,333.308,4.42163,336.809,0.84672,12.849,0.84672,3695.15,0,36.966,0.298275,5.47743,2.00405,17.3333,1.27888,23.2376,0.42336,36.966,0.42336,423.524,0,1.02816,0,0,6.50559,5.47743,1.028160,1,0,362.308,0,0,0,362.308,0
72.29,2.61848,0,0,8.14821,0.207461,5.32227,3.6288,61.308,0.494927,0,0,2.91608,0.228342,2.19281,0.66528,12.849,1,0.465414,5.32227,0,237.428,4.42313,237.862,0.84672,12.849,0.84672,3695.15,0,36.966,0.298419,4.8177,1.9848,16.8777,1.17514,22.2067,0.42336,36.966,0.42336,423.524,0,1.02816,0,0,5.84586,4.8177,1.028160,1,0,262.261,0,0,0,262.261,0
72.29,2.61903,0,0,8.87051,0.233351,6.01814,3.6288,61.308,0.495166,0,0,3.30663,0.231646,2.57982,0.66528,12.849,1,0.465512,6.01814,0,221.792,4.37033,222.975,0.84672,12.849,0.84672,3695.15,0,36.966,0.298563,4.86886,1.98522,18.638,1.16121,24.0323,0.42336,36.966,0.42336,423.524,0,1.02816,0,0,5.89702,4.86886,1.028160,1,0,249.587,0,0,0,249.587,0
72.29,2.61958,0,0,8.24403,0.298077,5.32638,3.6288,61.308,0.495405,0,0,2.55138,0.239905,1.81607,0.66528,12.849,1,0.46561,5.32638,0,255.848,4.23833,256.47,0.84672,12.849,0.84672,3695.15,0,36.966,0.298707,3.61117,1.98563,15.0039,1.12639,19.1756,0.42336,36.966,0.42336,423.524,0,1.02816,0,0,4.63933,3.61117,1.028160,1,0,277.462,0,0,0,277.462,0
72.29,2.56872,0,0,4.81643,0.301745,1.94596,3.6288,61.308,0.454909,0,0,1.18327,0.206218,0.522147,0.66528,12.849,1,0.456571,1.94596,0,131.188,4.02034,128.657,0.84672,12.849,0.84672,3695.15,0,36.966,0.27429,2.269,1.98605,8.60285,0.974423,11.6092,0.42336,36.966,0.42336,423.524,0,1.02816,0,0,3.29716,2.269,1.028160,1,0,140.788,0,0,0,140.788,0
71.9483,2.56926,0,0,2.8867,0.296246,0.36288,3.6288,61.308,0.455139,0,0,0.898335,0.183432,0.259764,0.66528,12.849,1,0.456667,0.36288,0,89.9035,4.25387,85.5559,0.84672,12.849,0.84672,3695.15,0,36.966,0.274429,1.33707,1.92468,7.73842,0.935779,9.78996,0.42336,36.966,0.42336,423.524,0,1.02816,0,0,2.36523,1.33707,1.028160,1,0,95.6056,0,0,0,95.6056,0
71.4566,2.56796,0,0,2.72684,0.287707,0.36288,3.6288,61.308,0.45537,0,0,0.944508,0.20003,0.289108,0.66528,12.849,1,0.458603,0.36288,0,114.604,4.64699,109.862,0.84672,12.849,0.84672,3695.15,0,36.966,0.274568,1.45142,1.92508,8.06751,1.05877,10.1107,0.42336,36.966,0.42336,423.524,0,1.02816,0,0,2.47958,1.45142,1.028160,1,0,120.261,0,0,0,120.261,0
72.29,2.56583,0,0,7.54357,0.28663,3.85771,3.6288,61.308,0.4556,0,0,2.11537,0.20003,1.45974,0.66528,12.849,1,0.461375,3.85771,0,113.507,4.64699,112.256,0.84672,12.849,0.84672,3695.15,0,36.966,0.274707,3.61838,1.92548,15.1698,1.05877,19.3802,0.42336,36.966,0.42336,423.524,0,1.02816,0,0,4.64654,3.61838,1.028160,1,0,133.096,0,0,0,133.096,0
72.29,2.57088,0,0,8.44892,0.288846,5.58919,3.6288,61.308,0.455831,0,0,3.18769,0.207763,2.5241,0.66528,12.849,1,0.456955,5.58919,0,275.549,4.63989,276.042,0.84672,12.849,0.84672,3695.15,0,36.966,0.274846,4.89855,1.92589,25.0303,1.05062,30.5293,0.42336,36.966,0.42336,423.524,0,1.02816,0,0,5.92671,4.89855,1.028160,1,0,309.095,0,0,0,309.095,0
72.29,2.66538,0,0,9.39859,0.317778,6.41544,3.6288,61.308,0.500201,0,0,3.01285,0.15602,2.35662,0.66528,12.849,1,0.473751,6.41544,0,154.649,3.78262,156.808,0.84672,12.849,0.84672,3695.15,0,36.966,0.301599,4.1903,1.92629,20.5203,0.713244,25.622,0.42336,36.966,0.42336,423.524,0,1.02816,0,0,5.21846,4.1903,1.028160,1,0,184.787,0,0,0,184.787,0
72.29,2.66594,0,0,10.4507,0.317778,7.46697,3.6288,61.308,0.500441,0,0,3.59828,0.15602,2.94182,0.66528,12.849,1,0.47385,7.46697,0,174.996,3.78262,178.207,0.84672,12.849,0.84672,3695.15,0,36.966,0.301744,3.81443,2.0021,21.9317,0.713244,26.7332,0.42336,36.966,0.42336,423.524,0,1.02816,0,0,4.84259,3.81443,1.028160,1,0,207.882,0,0,0,207.882,0
72.29,2.6665,0,0,8.70696,0.317778,5.72268,3.6288,61.308,0.500682,0,0,3.09103,0.15602,2.43433,0.66528,12.849,1,0.47395,5.72268,0,130.752,3.78262,132.218,0.84672,12.849,0.84672,3695.15,0,36.966,0.301889,3.82019,2.00252,16.4572,0.713244,21.2648,0.42336,36.966,0.42336,423.524,0,1.02816,0,0,4.84835,3.82019,1.028160,1,0,155.917,0,0,0,155.917,0
72.29,2.66706,0,0,6.96669,0.27251,4.02712,3.6288,61.308,0.500922,0,0,2.15181,0.151025,1.49986,0.66528,12.849,1,0.47405,4.02712,0,113.809,4.07917,113.283,0.84672,12.849,0.84672,3695.15,0,36.966,0.302033,2.30445,2.00294,11.4295,0.732527,14.7023,0.42336,36.966,0.42336,423.524,0,1.02816,0,0,3.33261,2.30445,1.028160,1,0,129.485,0,0,0,129.485,0
72.29,2.63085,0,0,5.27848,0.294736,2.35289,3.6288,61.308,0.484004,0,0,1.46201,0.163489,0.814516,0.66528,12.849,1,0.467614,2.35289,0,100.514,4.10465,98.2949,0.84672,12.849,0.84672,3695.15,0,36.966,0.291833,1.24051,2.00336,7.72874,0.866759,9.81402,0.42336,36.966,0.42336,423.524,0,1.02816,0,0,2.26867,1.24051,1.028160,1,0,108.923,0,0,0,108.923,0
72.29,2.63141,0,0,4.37741,0.25392,1.49209,3.6288,61.308,0.48424,0,0,1.07011,0.186281,0.399586,0.66528,12.849,1,0.467713,1.49209,0,86.8666,4.25071,83.6402,0.84672,12.849,0.84672,3695.15,0,36.966,0.291975,1.07823,1.97442,5.98874,0.930035,7.81938,0.42336,36.966,0.42336,423.524,0,1.02816,0,0,2.10639,1.07823,1.028160,1,0,91.8592,0,0,0,91.8592,0
72.29,2.63196,0,0,4.14918,0.25392,1.2633,3.6288,61.308,0.484477,0,0,1.05049,0.186281,0.379736,0.66528,12.849,1,0.467811,1.2633,0,81.267,4.25071,77.8117,0.84672,12.849,0.84672,3695.15,0,36.966,0.292118,0.979759,1.97484,5.65115,0.930035,7.38359,0.42336,36.966,0.42336,423.524,0,1.02816,0,0,2.00792,0.979759,1.028160,1,0,85.5751,0,0,0,85.5751,0
72.29,2.63251,0,0,3.89054,0.25392,1.00411,3.6288,61.308,0.484714,0,0,1.26091,0.186281,0.589918,0.66528,12.849,1,0.467909,1.00411,0,75.2691,4.25071,71.5546,0.84672,12.849,0.84672,3695.15,0,36.966,0.292261,1.34275,1.97525,6.45069,0.930035,8.5464,0.42336,36.966,0.42336,423.524,0,1.02816,0,0,2.37091,1.34275,1.028160,1,0,80.6909,0,0,0,80.6909,0
72.29,2.75797,0,0,3.67704,0.257149,0.661918,3.6288,61.308,0.545847,0,0,1.08087,0.169892,0.365133,0.66528,12.849,1,0.490208,0.661918,0,68.5636,4.12935,64.6059,0.84672,12.849,0.84672,3695.15,0,36.966,0.329122,0.971508,1.97567,5.58967,0.877099,7.33062,0.42336,36.966,0.42336,423.524,0,1.02816,0,0,1.99967,0.971508,1.028160,1,0,72.3017,0,0,0,72.3017,0
72.29,2.75855,0,0,3.52232,0.241697,0.522074,3.6288,61.308,0.546097,0,0,1.04838,0.174691,0.32759,0.66528,12.849,1,0.490311,0.522074,0,63.2842,4.30752,59.0084,0.84672,12.849,0.84672,3695.15,0,36.966,0.329272,0.887026,2.07907,4.88867,0.947614,6.57787,0.42336,36.966,0.42336,423.524,0,1.02816,0,0,1.91519,0.887026,1.028160,1,0,65.9139,0,0,0,65.9139,0
72.29,2.75913,0,0,3.48333,0.130844,0.593355,3.6288,61.308,0.546346,0,0,1.00456,0.214116,0.244101,0.66528,12.849,1,0.490414,0.593355,0,64.8493,4.83651,60.1157,0.84672,12.849,0.84672,3695.15,0,36.966,0.329423,0.928584,2.0795,5.0462,1.05404,6.67083,0.42336,36.966,0.42336,423.524,0,1.02816,0,0,1.95674,0.928584,1.028160,1,0,67.0306,0,0,0,67.0306,0
72.1302,2.75971,0,0,3.09364,0.130844,0.36288,3.6288,61.308,0.546596,0,0,0.818856,0.214116,0.0581438,0.66528,12.849,1,0.490517,0.36288,0,57.995,4.83651,53.0308,0.84672,12.849,0.84672,3695.15,0,36.966,0.329573,0.63574,2.07994,4.3278,1.05404,5.65987,0.42336,36.966,0.42336,423.524,0,1.02816,0,0,1.6639,0.63574,1.028160,1,0,58.7488,0,0,0,58.7488,0
71.8567,2.75937,0,0,2.97941,0.130685,0.36288,3.6288,61.2062,0.546845,0,0,0.659197,0.214116,0,0.66528,12.849,1,0.491543,0.36288,0,53.4439,4.83651,48.4788,0.84672,12.849,0.84672,3695.15,0,36.966,0.329723,0.511445,2.08038,4.1607,1.05404,5.36876,0.42336,36.966,0.42336,423.524,0,1.02816,0,0,1.5396,0.511445,1.028160,1,0,53.8475,0,0,0,53.8475,0
71.8451,2.43492,0,0,2.91862,0.132378,0.36288,3.6288,61.308,0.446778,0,0,1.14171,0.219898,0.373266,0.66528,12.849,1,0.435398,0.36288,0,63.0015,4.76949,58.1595,0.84672,12.849,0.84672,3695.15,0,36.966,0.269835,1.38081,2.08081,7.60113,1.16165,9.63127,0.42336,36.966,0.42336,423.524,0,1.02816,0,0,2.40897,1.38081,1.028160,1,0,68.164,0,0,0,68.164,0
71.632,2.43537,0,0,2.70645,0.121361,0.36288,3.6288,61.308,0.447286,0,0,1.12816,0.224191,0.456682,0.66528,12.849,1,0.435549,0.36288,0,57.6165,4.80154,52.7423,0.84672,12.849,0.84672,3695.15,0,36.966,0.269694,1.28278,1.88591,7.1706,1.17117,8.89842,0.42336,36.966,0.42336,423.524,0,1.02816,0,0,2.31094,1.28278,1.028160,1,0,62.0974,0,0,0,62.0974,0
71.2306,2.43478,0,0,2.51735,0.121098,0.36288,3.6288,61.308,0.447515,0,0,1.13327,0.224191,0.461569,0.66528,12.849,1,0.43674,0.36288,0,53.2884,4.80154,48.413,0.84672,12.849,0.84672,3695.15,0,36.966,0.269831,1.40003,1.88631,6.78491,1.17117,8.63023,0.42336,36.966,0.42336,423.524,0,1.02816,0,0,2.42819,1.40003,1.028160,1,0,57.5048,0,0,0,57.5048,0
70.7516,2.43321,0,0,2.43527,0.118108,0.36288,3.6288,61.308,0.447743,0,0,1.08541,0.24476,0.392905,0.66528,12.849,1,0.438917,0.36288,0,49.7798,5.06052,44.6432,0.84672,12.849,0.84672,3695.15,0,36.966,0.269969,1.31668,1.8867,6.54489,1.2333,8.245,0.42336,36.966,0.42336,423.524,0,1.02816,0,0,2.34484,1.31668,1.028160,1,0,53.2811,0,0,0,53.2811,0
70.1132,2.48794,0,0,2.32032,0.107924,0.36288,3.6288,61.308,0.474592,0,0,0.897117,0.276957,0.145568,0.66528,12.849,1,0.451828,0.36288,0,46.8027,5.43324,41.2805,0.84672,12.849,0.84672,3695.15,0,36.966,0.286158,1.0586,1.8871,5.89642,1.35229,7.20366,0.42336,36.966,0.42336,423.524,0,1.02816,0,0,2.08676,1.0586,1.028160,1,0,48.6298,0,0,0,48.6298,0
69.3382,2.48499,0,0,2.17561,0.102713,0.36288,3.6288,61.308,0.474826,0,0,0.755775,0.280536,0.0004133,0.66528,12.849,1,0.455401,0.36288,0,43.6627,5.4538,38.1163,0.84672,12.849,0.84672,3695.15,0,36.966,0.286299,0.954245,1.93302,5.57009,1.3794,6.79166,0.42336,36.966,0.42336,423.524,0,1.02816,0,0,1.9824,0.954245,1.028160,1,0,44.9084,0,0,0,44.9084,0
68.3157,2.48121,0,0,1.92364,0.102099,0.36288,3.6288,61.2639,0.47506,0,0,0.711487,0.280536,0,0.66528,12.849,1,0.459791,0.36288,0,41.2455,5.4538,35.6947,0.84672,12.849,0.84672,3695.15,0,36.966,0.28644,0.748872,1.93343,5.22546,1.3794,6.24192,0.42336,36.966,0.42336,423.524,0,1.02816,0,0,1.77703,0.748872,1.028160,1,0,41.9367,0,0,0,41.9367,0
67.1234,2.47594,0,0,1.73832,0.091781,0.36288,3.6288,61.2075,0.475166,0,0,0.704454,0.285636,0,0.66528,12.849,1,0.465682,0.36288,0,39.098,5.60336,33.3918,0.84672,12.849,0.84672,3695.15,0,36.966,0.28671,0.695831,1.93384,5.21387,1.40928,6.14754,0.42336,36.966,0.42336,423.524,0,1.02816,0,0,1.72399,0.695831,1.028160,1,0,39.5394,0,0,0,39.5394,0
65.5257,2.63445,0,0,1.48774,0.0880707,0.36288,3.6288,61.0441,0.571341,0,0,0.693075,0.285158,0,0.66528,12.849,1,0.504295,0.36288,0,37.06,5.68391,31.2347,0.84672,12.849,0.84672,3695.15,0,36.966,0.345059,0.713906,1.93424,4.92458,1.35049,5.87718,0.42336,36.966,0.42336,423.524,0,1.02816,0,0,1.74207,0.713906,1.028160,1,0,37.1118,0,0,0,37.1118,0
64.7359,2.62472,0,0,2.27271,0.0749773,0.36288,3.6288,61.0878,0.57102,0,0,0.934857,0.320133,0,0.66528,12.849,1,0.514683,0.36288,0,47.6969,5.92893,41.6162,0.84672,12.849,0.84672,3695.15,0,36.966,0.345788,1.62201,2.09057,5.61732,1.58945,7.39466,0.42336,36.966,0.42336,423.524,0,1.02816,0,0,2.65017,1.62201,1.028160,1,0,49.0109,0,0,0,49.0109,0
63.4805,2.62003,0,0,1.802,0.0745037,0.36288,3.6288,60.8979,0.571428,0,0,0.701698,0.320222,0,0.66528,12.849,1,0.520032,0.36288,0,52.3733,5.92893,46.2872,0.84672,12.849,0.84672,3695.15,0,36.966,0.345788,0.962254,2.09101,4.5103,1.58945,5.62832,0.42336,36.966,0.42336,423.524,0,1.02816,0,0,1.99041,0.962254,1.028160,1,0,51.9155,0,0,0,51.9155,0
62.6221,2.61202,0,0,2.19027,0.0737508,0.36288,3.6288,61.1352,0.571011,0,0,1.12814,0.319837,0,0.66528,12.849,1,0.528696,0.36288,0,45.6535,5.92893,39.5588,0.84672,12.849,0.84672,3695.15,0,36.966,0.346613,2.27186,2.09144,6.49876,1.58945,8.926,0.42336,36.966,0.42336,423.524,0,1.02816,0,0,3.30002,2.27186,1.028160,1,0,48.4847,0,0,0,48.4847,0
61.3396,2.60656,0,0,1.76485,0.0779403,0.36288,3.6288,61.0686,0.572104,0,0,0.798336,0.292769,0,0.66528,12.849,1,0.534821,0.36288,0,39.2861,5.18955,33.9246,0.84672,12.849,0.84672,3695.15,0,36.966,0.345929,1.36534,2.09188,6.51571,1.30164,8.32537,0.42336,36.966,0.42336,423.524,0,1.02816,0,0,2.3935,1.36534,1.028160,1,0,42.25,0,0,0,42.25,0
61.2842,2.51859,0,0,2.88191,0.055778,0.36288,3.6288,61.308,0.51378,0,0,1.37494,0.385279,0.236501,0.66528,12.849,1,0.527578,0.36288,0,54.422,6.1749,48.0824,0.84672,12.849,0.84672,3695.15,0,36.966,0.311001,4.69356,2.09232,14.736,1.54837,19.6625,0.42336,36.966,0.42336,423.524,0,1.02816,0,0,5.72172,4.69356,1.028160,1,0,67.9813,0,0,0,67.9813,0
61.6226,2.51873,0,0,3.3095,0.0895099,0.36288,3.6288,61.308,0.51478,0,0,1.53859,0.369125,0.654688,0.66528,12.849,1,0.528082,0.36288,0,44.6526,5.99503,38.4924,0.84672,12.849,0.84672,3695.15,0,36.966,0.31039,5.36198,2.00243,15.7748,1.46567,21.3632,0.42336,36.966,0.42336,423.524,0,1.02816,0,0,6.39014,5.36198,1.028160,1,0,60.5103,0,0,0,60.5103,0
63.2802,2.52165,0,0,4.6594,0.117241,0.36288,3.6288,61.308,0.515023,0,0,1.66984,0.348423,0.806398,0.66528,12.849,1,0.525793,0.36288,0,49.8388,5.82939,43.8465,0.84672,12.849,0.84672,3695.15,0,36.966,0.310536,6.20038,2.00285,14.0566,1.40877,20.5405,0.42336,36.966,0.42336,423.524,0,1.02816,0,0,7.22854,6.20038,1.028160,1,0,65.1934,0,0,0,65.1934,0
66.662,2.53363,0,0,6.39719,0.118846,0.36288,3.6288,61.308,0.515266,0,0,2.70088,0.348423,1.83719,0.66528,12.849,1,0.514452,0.36288,0,95.7493,5.82939,89.7684,0.84672,12.849,0.84672,3695.15,0,36.966,0.310682,10.9028,2.00327,24.9434,1.40877,36.1301,0.42336,36.966,0.42336,423.524,0,1.02816,0,0,11.931,10.9028,1.028160,1,0,127.736,0,0,0,127.736,0
69.0713,2.49002,0,0,5.38408,0.121903,0.36288,3.6288,61.308,0.462278,0,0,2.46067,0.328926,1.66947,0.66528,12.849,1,0.479948,0.36288,0,119.622,5.50445,114,0.84672,12.849,0.84672,3695.15,0,36.966,0.278733,7.11068,2.0037,18.0192,1.37709,25.4778,0.42336,36.966,0.42336,423.524,0,1.02816,0,0,8.13884,7.11068,1.028160,1,0,141.147,0,0,0,141.147,0
72.29,2.50466,0,0,6.67631,0.183015,0.769952,3.6288,61.308,0.46251,0,0,3.58695,0.235955,2.88848,0.66528,12.849,1,0.46593,0.769952,0,101.91,4.34207,97.8716,0.84672,12.849,0.84672,3695.15,0,36.966,0.278873,6.97568,1.92343,21.6569,1.10795,29.1691,0.42336,36.966,0.42336,423.524,0,1.02816,0,0,8.00384,6.97568,1.028160,1,0,129.929,0,0,0,129.929,0
72.29,2.52281,0,0,5.97713,0.233015,3.22131,3.6288,61.308,0.462742,0,0,2.9053,0.185724,2.25683,0.66528,12.849,1,0.44841,3.22131,0,80.644,3.79522,79.6217,0.84672,12.849,0.84672,3695.15,0,36.966,0.279013,6.34366,1.92384,23.4096,0.937778,30.4603,0.42336,36.966,0.42336,423.524,0,1.02816,0,0,7.37182,6.34366,1.028160,1,0,112.339,0,0,0,112.339,0
72.29,2.52334,0,0,6.88761,0.233015,4.13126,3.6288,61.308,0.462973,0,0,2.88243,0.185724,2.23374,0.66528,12.849,1,0.448504,4.13126,0,103.885,3.79522,103.772,0.84672,12.849,0.84672,3695.15,0,36.966,0.279152,13.1717,1.92424,27.2895,0.937778,41.1685,0.42336,36.966,0.42336,423.524,0,1.02816,0,0,14.1998,13.1717,1.028160,1,0,147.175,0,0,0,147.175,0
72.29,2.62012,0,0,8.04323,0.234112,5.189,3.6288,61.308,0.47416,0,0,3.79331,0.188524,3.13062,0.66528,12.849,1,0.465706,5.189,0,134.975,3.87192,135.826,0.84672,12.849,0.84672,3695.15,0,36.966,0.285898,6.06035,1.92465,39.4235,0.955908,46.1666,0.42336,36.966,0.42336,423.524,0,1.02816,0,0,7.08851,6.06035,1.028160,1,0,185.124,0,0,0,185.124,0
72.29,2.62067,0,0,8.66583,0.240695,5.80447,3.6288,61.308,0.474394,0,0,5.20016,0.205322,4.52044,0.66528,12.849,1,0.465804,5.80447,0,218.164,4.33209,219.171,0.84672,12.849,0.84672,3695.15,0,36.966,0.286039,11.1967,1.95986,32.037,1.06469,43.8428,0.42336,36.966,0.42336,423.524,0,1.02816,0,0,12.2248,11.1967,1.028160,1,0,267.534,0,0,0,267.534,0
72.29,2.62122,0,0,10.1963,0.240695,7.33441,3.6288,61.308,0.474628,0,0,5.32202,0.205322,4.64207,0.66528,12.849,1,0.465901,7.33441,0,186.862,4.33209,189.398,0.84672,12.849,0.84672,3695.15,0,36.966,0.28618,11.5226,1.96027,28.6077,1.06469,40.7397,0.42336,36.966,0.42336,423.524,0,1.02816,0,0,12.5507,11.5226,1.028160,1,0,234.78,0,0,0,234.78,0
72.29,2.62177,0,0,10.5426,0.237484,7.68336,3.6288,61.308,0.474862,0,0,11.0645,0.218657,10.371,0.66528,12.849,1,0.465999,7.68336,0,93.1625,4.45041,95.9295,0.84672,12.849,0.84672,3695.15,0,36.966,0.286321,14.0747,1.96068,35.5634,1.13836,50.1741,0.42336,36.966,0.42336,423.524,0,1.02816,0,0,15.1029,14.0747,1.028160,1,0,156.475,0,0,0,156.475,0
72.29,2.62232,0,0,8.17363,0.269115,5.2822,3.6288,61.308,0.475096,0,0,5.53553,0.244863,4.81557,0.66528,12.849,1,0.466097,5.2822,0,143.446,4.15802,144.105,0.84672,12.849,0.84672,3695.15,0,36.966,0.286462,11.4709,1.96109,26.4827,1.23232,38.3959,0.42336,36.966,0.42336,423.524,0,1.02816,0,0,12.4991,11.4709,1.028160,1,0,187.316,0,0,0,187.316,0
72.29,2.70502,0,0,5.86714,0.253592,2.90853,3.6288,61.308,0.511432,0,0,4.42832,0.219219,3.69767,0.66528,12.849,1,0.480796,2.90853,0,96.349,3.88408,94.8926,0.84672,12.849,0.84672,3695.15,0,36.966,0.308371,5.75095,1.96151,21.3698,1.03516,27.7387,0.42336,36.966,0.42336,423.524,0,1.02816,0,0,6.77911,5.75095,1.028160,1,0,126.329,0,0,0,126.329,0
71.9883,2.70555,0,0,3.00972,0.242945,0.36288,3.6288,61.308,0.511662,0,0,2.58465,0.204695,1.86829,0.66528,12.849,1,0.480892,0.36288,0,106.139,3.68309,102.338,0.84672,12.849,0.84672,3695.15,0,36.966,0.308509,5.14135,2.02476,16.4735,0.92778,22.4034,0.42336,36.966,0.42336,423.524,0,1.02816,0,0,6.16951,5.14135,1.028160,1,0,126.61,0,0,0,126.61,0
71.0739,2.70438,0,0,2.39525,0.242389,0.36288,3.6288,61.308,0.511891,0,0,1.92268,0.204695,1.20609,0.66528,12.849,1,0.482698,0.36288,0,77.5198,3.68309,73.7169,0.84672,12.849,0.84672,3695.15,0,36.966,0.308648,4.08669,2.02516,12.3264,0.92778,17.2018,0.42336,36.966,0.42336,423.524,0,1.02816,0,0,5.11485,4.08669,1.028160,1,0,92.1248,0,0,0,92.1248,0
69.8636,2.69966,0,0,2.12803,0.275799,0.36288,3.6288,61.308,0.512121,0,0,1.80464,0.208219,1.0843,0.66528,12.849,1,0.488054,0.36288,0,62.1384,3.88523,58.128,0.84672,12.849,0.84672,3695.15,0,36.966,0.308786,3.44164,2.02556,10.979,1.04088,15.0966,0.42336,36.966,0.42336,423.524,0,1.02816,0,0,4.4698,3.44164,1.028160,1,0,74.3089,0,0,0,74.3089,0
68.9164,2.63273,0,0,2.33168,0.283331,0.36288,3.6288,61.308,0.507099,0,0,2.35026,0.204534,1.63863,0.66528,12.849,1,0.484199,0.36288,0,65.316,3.48299,61.7117,0.84672,12.849,0.84672,3695.15,0,36.966,0.305758,3.81473,2.02597,11.3765,0.844387,16.0671,0.42336,36.966,0.42336,423.524,0,1.02816,0,0,4.84289,3.81473,1.028160,1,0,79.4174,0,0,0,79.4174,0
67.3237,2.62764,0,0,1.66209,0.264206,0.36288,3.6288,61.308,0.507328,0,0,1.95389,0.200181,1.24638,0.66528,12.849,1,0.489906,0.36288,0,51.7894,3.54514,48.1172,0.84672,12.849,0.84672,3695.15,0,36.966,0.305896,1.81748,2.00648,7.80477,0.931669,10.3912,0.42336,36.966,0.42336,423.524,0,1.02816,0,0,2.84564,1.81748,1.028160,1,0,59.7548,0,0,0,59.7548,0
65.9431,2.61843,0,0,1.87057,0.269881,0.36288,3.6288,61.308,0.507557,0,0,2.02342,0.201294,1.31457,0.66528,12.849,1,0.499737,0.36288,0,57.2873,3.74377,53.4066,0.84672,12.849,0.84672,3695.15,0,36.966,0.306034,2.49481,2.00688,8.6089,1.01141,11.7931,0.42336,36.966,0.42336,423.524,0,1.02816,0,0,3.52297,2.49481,1.028160,1,0,66.5143,0,0,0,66.5143,0
65.2488,2.61019,0,0,2.54569,0.266943,0.36288,3.6288,61.308,0.507785,0,0,1.97418,0.201294,1.2651,0.66528,12.849,1,0.508595,0.36288,0,82.8568,3.74377,78.9673,0.84672,12.849,0.84672,3695.15,0,36.966,0.306172,2.98515,2.00728,9.87163,1.01141,13.5465,0.42336,36.966,0.42336,423.524,0,1.02816,0,0,4.01331,2.98515,1.028160,1,0,93.7789,0,0,0,93.7789,0
64.4821,2.55506,0,0,2.42721,0.275987,0.36288,3.6288,61.308,0.466836,0,0,2.09648,0.196991,1.43265,0.66528,12.849,1,0.50315,0.36288,0,73.7545,3.70865,69.9056,0.84672,12.849,0.84672,3695.15,0,36.966,0.281481,2.94355,2.00768,8.14374,0.989658,11.8238,0.42336,36.966,0.42336,423.524,0,1.02816,0,0,3.97171,2.94355,1.028160,1,0,83.1621,0,0,0,83.1621,0
65.7938,2.55057,0,0,4.52567,0.300431,0.36288,3.6288,61.308,0.467056,0,0,2.23758,0.186233,1.58429,0.66528,12.849,1,0.508239,0.36288,0,91.5771,3.62082,87.8109,0.84672,12.849,0.84672,3695.15,0,36.966,0.281614,4.48578,1.94561,12.2939,0.935279,17.5084,0.42336,36.966,0.42336,423.524,0,1.02816,0,0,5.51394,4.48578,1.028160,1,0,106.904,0,0,0,106.904,0
66.1321,2.55956,0,0,3.56429,0.30361,0.36288,3.6288,61.308,0.467277,0,0,1.25765,0.186233,0.604137,0.66528,12.849,1,0.499861,0.36288,0,75.6302,3.62082,71.8724,0.84672,12.849,0.84672,3695.15,0,36.966,0.281747,2.74431,1.946,6.73493,0.935279,10.2082,0.42336,36.966,0.42336,423.524,0,1.02816,0,0,3.77247,2.74431,1.028160,1,0,82.6848,0,0,0,82.6848,0
66.0085,2.56221,0,0,3.10592,0.30443,0.36288,3.6288,61.308,0.467497,0,0,1.34199,0.186233,0.68826,0.66528,12.849,1,0.49782,0.36288,0,66.9194,3.62082,63.1636,0.84672,12.849,0.84672,3695.15,0,36.966,0.28188,2.4834,1.94639,5.79901,0.935279,9.01164,0.42336,36.966,0.42336,423.524,0,1.02816,0,0,3.51156,2.4834,1.028160,1,0,72.8635,0,0,0,72.8635,0
67.9869,2.56194,0,0,5.20673,0.30348,0.36288,3.6288,61.308,0.467718,0,0,1.94258,0.180506,1.29436,0.66528,12.849,1,0.498699,0.36288,0,136.099,3.53117,132.432,0.84672,12.849,0.84672,3695.15,0,36.966,0.282013,5.21383,1.94678,9.60294,0.919924,15.5616,0.42336,36.966,0.42336,423.524,0,1.02816,0,0,6.24199,5.21383,1.028160,1,0,149.288,0,0,0,149.288,0
68.4344,2.66873,0,0,3.77711,0.298063,0.36288,3.6288,61.308,0.512556,0,0,1.74484,0.180905,1.05138,0.66528,12.849,1,0.504369,0.36288,0,108.642,3.94984,104.551,0.84672,12.849,0.84672,3695.15,0,36.966,0.309049,4.17074,1.94716,9.61969,1.02386,14.4047,0.42336,36.966,0.42336,423.524,0,1.02816,0,0,5.1989,4.17074,1.028160,1,0,120.007,0,0,0,120.007,0
68.4983,2.67204,0,0,3.39692,0.298066,0.36288,3.6288,61.308,0.512786,0,0,1.86198,0.186699,1.1625,0.66528,12.849,1,0.501693,0.36288,0,97.7512,4.10928,93.5031,0.84672,12.849,0.84672,3695.15,0,36.966,0.309187,4.92149,2.02377,9.32066,1.05654,14.9002,0.42336,36.966,0.42336,423.524,0,1.02816,0,0,5.94965,4.92149,1.028160,1,0,109.566,0,0,0,109.566,0
67.6701,2.67297,0,0,2.50589,0.298215,0.36288,3.6288,61.308,0.513015,0,0,1.3816,0.186699,0.681882,0.66528,12.849,1,0.501398,0.36288,0,70.1879,4.10928,65.9401,0.84672,12.849,0.84672,3695.15,0,36.966,0.309325,2.87037,2.02417,6.6039,1.05654,10.1326,0.42336,36.966,0.42336,423.524,0,1.02816,0,0,3.89853,2.87037,1.028160,1,0,76.7546,0,0,0,76.7546,0
66.5877,2.66834,0,0,2.21397,0.265236,0.36288,3.6288,61.308,0.513245,0,0,1.15487,0.200156,0.441464,0.66528,12.849,1,0.506656,0.36288,0,61.5317,4.22148,57.1664,0.84672,12.849,0.84672,3695.15,0,36.966,0.309464,2.50253,2.02457,5.70736,1.07065,8.85435,0.42336,36.966,0.42336,423.524,0,1.02816,0,0,3.53069,2.50253,1.028160,1,0,66.4622,0,0,0,66.4622,0
65.5673,2.62528,0,0,2.21682,0.249012,0.36288,3.6288,61.308,0.496132,0,0,1.13433,0.210919,0.427278,0.66528,12.849,1,0.506583,0.36288,0,59.9159,4.0615,55.7107,0.84672,12.849,0.84672,3695.15,0,36.966,0.299146,1.97803,2.02498,5.14998,1.09474,7.7591,0.42336,36.966,0.42336,423.524,0,1.02816,0,0,3.00619,1.97803,1.028160,1,0,63.8971,0,0,0,63.8971,0
64.4798,2.6192,0,0,2.10597,0.211422,0.36288,3.6288,61.308,0.496358,0,0,1.30413,0.218937,0.588835,0.66528,12.849,1,0.513277,0.36288,0,59.5693,3.75753,55.6614,0.84672,12.849,0.84672,3695.15,0,36.966,0.299282,1.98933,1.9957,5.11472,1.12063,7.67984,0.42336,36.966,0.42336,423.524,0,1.02816,0,0,3.01749,1.98933,1.028160,1,0,63.9301,0,0,0,63.9301,0
63.2686,2.61251,0,0,1.97379,0.209584,0.36288,3.6288,61.308,0.496584,0,0,1.116,0.218937,0.400482,0.66528,12.849,1,0.520599,0.36288,0,56.3852,3.75753,52.47,0.84672,12.849,0.84672,3695.15,0,36.966,0.299418,1.42508,1.99609,4.84181,1.12063,6.84294,0.42336,36.966,0.42336,423.524,0,1.02816,0,0,2.45324,1.42508,1.028160,1,0,59.7134,0,0,0,59.7134,0
62.4527,2.60474,0,0,2.33658,0.184873,0.36288,3.6288,61.308,0.496811,0,0,1.10884,0.230806,0.381224,0.66528,12.849,1,0.528988,0.36288,0,59.648,4.69323,54.7886,0.84672,12.849,0.84672,3695.15,0,36.966,0.299555,1.54983,1.99649,6.37552,1.15752,8.46477,0.42336,36.966,0.42336,423.524,0,1.02816,0,0,2.57799,1.54983,1.028160,1,0,63.6346,0,0,0,63.6346,0
61.3361,2.42528,0,0,1.81719,0.145582,0.36288,3.6288,61.308,0.427451,0,0,1.08686,0.247949,0.41146,0.66528,12.849,1,0.498978,0.36288,0,43.3205,5.41205,37.7724,0.84672,12.849,0.84672,3695.15,0,36.966,0.257734,1.42182,1.99689,4.7634,1.2334,6.69097,0.42336,36.966,0.42336,423.524,0,1.02816,0,0,2.44998,1.42182,1.028160,1,0,44.8748,0,0,0,44.8748,0
60.1236,2.41826,0,0,1.71851,0.149876,0.36288,3.6288,61.308,0.427663,0,0,0.993289,0.23439,0.331236,0.66528,12.849,1,0.506588,0.36288,0,43.7627,4.27216,39.3468,0.84672,12.849,0.84672,3695.15,0,36.966,0.257862,1.1035,1.87174,4.38982,1.17062,5.93658,0.42336,36.966,0.42336,423.524,0,1.02816,0,0,2.13166,1.1035,1.028160,1,0,45.6147,0,0,0,45.6147,0
58.7791,2.41032,0,0,1.54207,0.11338,0.36288,3.6288,61.308,0.427876,0,0,0.965157,0.236333,0.300948,0.66528,12.849,1,0.515108,0.36288,0,38.2813,4.33703,33.7921,0.84672,12.849,0.84672,3695.15,0,36.966,0.25799,1.11294,1.87211,4.103,1.12965,5.70041,0.42336,36.966,0.42336,423.524,0,1.02816,0,0,2.1411,1.11294,1.028160,1,0,39.7934,0,0,0,39.7934,0
57.4259,2.40113,0,0,1.52275,0.111924,0.36288,3.6288,61.308,0.428088,0,0,1.04833,0.236333,0.383913,0.66528,12.849,1,0.524882,0.36288,0,37.0198,4.33703,32.5208,0.84672,12.849,0.84672,3695.15,0,36.966,0.258118,1.06797,1.87248,4.49842,1.12965,6.05111,0.42336,36.966,0.42336,423.524,0,1.02816,0,0,2.09613,1.06797,1.028160,1,0,38.9558,0,0,0,38.9558,0
55.9852,2.39149,0,0,1.42415,0.110459,0.36288,3.6288,61.308,0.428301,0,0,0.967326,0.236333,0.302692,0.66528,12.849,1,0.535095,0.36288,0,34.6294,4.33703,30.1201,0.84672,12.849,0.84672,3695.15,0,36.966,0.258246,0.981513,1.87285,3.94981,1.12965,5.41628,0.42336,36.966,0.42336,423.524,0,1.02816,0,0,2.00967,0.981513,1.028160,1,0,35.8391,0,0,0,35.8391,0
54.5394,2.35944,0,0,1.3546,0.0780624,0.36288,3.6288,61.294,0.458676,0,0,0.721138,0.276484,0,0.66528,12.849,1,0.541509,0.36288,0,30.738,5.23046,25.3289,0.84672,12.849,0.84672,3695.15,0,36.966,0.276561,0.469264,1.87323,2.76584,1.3049,3.52686,0.42336,36.966,0.42336,423.524,0,1.02816,0,0,1.49742,0.469264,1.028160,1,0,28.8558,0,0,0,28.8558,0
53.0601,2.34829,0,0,1.30375,0.0718746,0.36288,3.6288,61.2056,0.458855,0,0,0.653616,0.283151,0,0.66528,12.849,1,0.553237,0.36288,0,30.2086,5.37936,24.6389,0.84672,12.849,0.84672,3695.15,0,36.966,0.276733,0.328769,1.90604,2.63795,1.33411,3.26191,0.42336,36.966,0.42336,423.524,0,1.02816,0,0,1.35693,0.328769,1.028160,1,0,27.9008,0,0,0,27.9008,0
51.4821,2.33634,0,0,1.19199,0.0708017,0.36288,3.6288,61.1017,0.458824,0,0,0.637917,0.282993,0,0.66528,12.849,1,0.565766,0.36288,0,29.7822,5.37936,24.1999,0.84672,12.849,0.84672,3695.15,0,36.966,0.277114,0.353687,1.90642,2.60552,1.33411,3.2544,0.42336,36.966,0.42336,423.524,0,1.02816,0,0,1.38185,0.353687,1.028160,1,0,27.4543,0,0,0,27.4543,0
49.816,2.32292,0,0,1.08939,0.0696573,0.36288,3.6288,60.8891,0.526352,0,0,0.596564,0.282807,0,0.66528,12.849,1,0.57976,0.36288,0,28.0127,5.37936,22.4165,0.84672,12.849,0.84672,3695.15,0,36.966,0.318438,0.261274,1.9068,2.47938,1.33411,2.9949,0.42336,36.966,0.42336,423.524,0,0.919659,0,0,1.18093,0.261274,1.028160,1,0,25.4114,0,0,0,25.4114,0
48.0324,2.36183,0,0,0.994654,0.0535826,0.36288,3.6288,60.4827,0.623225,0,0,0.5287,0.311821,0,0.66528,12.849,1,0.609185,0.36288,0,24.1972,5.71851,18.2324,0.84672,12.849,0.84672,3695.15,0,36.966,0.378362,0.261274,1.90718,2.20429,1.4498,2.54457,0.42336,36.966,0.42336,423.524,0,0.806337,0,0,1.06761,0.261274,1.028160,1,0,20.7769,0,0,0,20.7769,0
46.3896,2.34445,0,0,1.10654,0.0420317,0.36288,3.6288,60.2645,0.537812,0,0,0.644252,0.324648,0,0.66528,12.849,1,0.627157,0.36288,0,29.4132,5.84136,23.3076,0.84672,12.849,0.84672,3695.15,0,36.966,0.328702,0.261274,1.95357,2.37784,1.48384,2.78014,0.42336,36.966,0.42336,423.524,0,0.941769,0,0,1.20304,0.261274,1.028160,1,0,26.0877,0,0,0,26.0877,0
44.6765,2.32752,0,0,1.01863,0.0412785,0.36288,3.6288,60.0028,0.483751,0,0,0.546181,0.324198,0,0.66528,12.849,1,0.644677,0.36288,0,24.1598,5.84136,18.0366,0.84672,12.849,0.84672,3695.15,0,36.966,0.296731,0.247856,1.95396,2.29914,1.48384,2.72038,0.42336,36.966,0.42336,423.524,0,1.02816,0,0,1.27602,0.247856,1.028160,1,0,20.757,0,0,0,20.757,0
42.8971,2.30878,0,0,0.932723,0.0404931,0.36288,3.6288,59.5998,0.585148,0,0,0.505877,0.323658,0,0.66528,12.849,1,0.664007,0.36288,0,22.9637,5.84136,16.8212,0.84672,12.849,0.84672,3695.15,0,36.966,0.360493,0.227405,1.95435,2.02092,1.48384,2.35834,0.42336,36.966,0.42336,423.524,0,0.863361,0,0,1.09077,0.227405,1.028160,1,0,19.1795,0,0,0,19.1795,0
41.0466,2.44085,0,0,0.985478,0.0322515,0.36288,3.6288,59.2743,0.578298,0,0,0.580738,0.327951,0,0.66528,12.849,1,0.731109,0.36288,0,22.522,5.99091,16.1628,0.84672,12.849,0.84672,3695.15,0,36.966,0.358681,0.280757,1.95473,2.67343,1.51372,3.03652,0.42336,36.966,0.42336,423.524,0,1.02816,0,0,1.30892,0.280757,1.028160,1,0,19.1994,0,0,0,19.1994,0
39.0592,2.41623,0,0,0.832049,0.0403468,0.36288,3.6288,58.8789,0.656943,0,0,0.572987,0.311459,0,0.66528,12.849,1,0.756362,0.36288,0,20.7093,5.79905,14.5168,0.84672,12.849,0.84672,3695.15,0,36.966,0.409698,0.227405,2.11269,2.24977,1.47499,2.70518,0.42336,36.966,0.42336,423.524,0,0.898888,0,0,1.12629,0.227405,1.028160,1,0,17.222,0,0,0,17.222,0
37.0151,2.38774,0,0,0.745995,0.0394155,0.36288,3.6288,58.3938,0.69381,0,0,0.519401,0.310671,0,0.66528,12.849,1,0.785477,0.36288,0,18.4874,5.79905,12.2657,0.84672,12.849,0.84672,3695.15,0,36.966,0.42336,0.204422,2.11311,2.19388,1.47499,2.61306,0.42336,36.966,0.42336,423.524,0,0.84875,0,0,1.05317,0.204422,1.028160,1,0,14.8788,0,0,0,14.8788,0
35.1506,2.35601,0,0,0.892866,0.038484,0.36288,3.6288,58.0132,0.628868,0,0,0.557978,0.309703,0,0.66528,12.849,1,0.817838,0.36288,0,19.1332,5.79905,12.8792,0.84672,12.849,0.84672,3695.15,0,36.966,0.398102,0.204422,2.11353,2.40641,1.47499,2.85128,0.42336,36.966,0.42336,423.524,0,0.939341,0,0,1.14376,0.204422,1.028160,1,0,15.7305,0,0,0,15.7305,0
33.9315,2.32776,0,0,1.52671,0.0552357,0.36288,3.6288,57.853,0.57326,0,0,0.716679,0.303692,0,0.66528,12.849,1,0.84672,0.36288,0,31.7971,5.65062,25.6626,0.84672,12.849,0.84672,3695.15,0,36.966,0.365281,0.304111,2.11395,2.6637,1.45678,3.2597,0.42336,36.966,0.42336,423.524,0,1.02816,0,0,1.33227,0.304111,1.028160,1,0,28.9223,0,0,0,28.9223,0
33.431,2.23275,0,0,2.15896,0.0637971,0.36288,3.6288,58.0857,0.515134,0,0,1.03677,0.288929,0,0.66528,12.849,1,0.845486,0.36288,0,45.7278,5.6941,39.5511,0.84672,12.849,0.84672,3695.15,0,36.966,0.329152,0.686776,2.11437,4.42168,1.43743,5.45624,0.42336,36.966,0.42336,423.524,0,1.02816,0,0,1.71494,0.686776,1.028160,1,0,45.0073,0,0,0,45.0073,0
33.8359,2.23213,0,0,3.06897,0.0690422,0.36288,3.6288,58.787,0.516167,0,0,1.50444,0.286978,0,0.66528,12.849,1,0.84672,0.36288,0,37.2303,5.62831,31.1181,0.84672,12.849,0.84672,3695.15,0,36.966,0.328491,1.91924,2.02351,6.81376,1.43404,8.99398,0.42336,36.966,0.42336,423.524,0,1.02816,0,0,2.9474,1.91924,1.028160,1,0,40.1121,0,0,0,40.1121,0
33.1236,2.23274,0,0,1.95263,0.0693879,0.36288,3.6288,59.0379,0.518801,0,0,1.05805,0.288277,0,0.66528,12.849,1,0.84672,0.36288,0,56.8242,5.62831,50.7121,0.84672,12.849,0.84672,3695.15,0,36.966,0.326229,1.3433,2.02391,4.67163,1.43404,6.27857,0.42336,36.966,0.42336,423.524,0,1.02816,0,0,2.37146,1.3433,1.028160,1,0,56.9907,0,0,0,56.9907,0
32.0596,2.23335,0,0,1.6011,0.0687797,0.36288,3.6288,59.1955,0.519883,0,0,0.966151,0.288742,0,0.66528,12.849,1,0.84672,0.36288,0,32.9656,5.62831,26.8534,0.84672,12.849,0.84672,3695.15,0,36.966,0.325519,0.606899,2.02432,3.33837,1.43404,4.21002,0.42336,36.966,0.42336,423.524,0,1.02816,0,0,1.63506,0.606899,1.028160,1,0,31.0634,0,0,0,31.0634,0
31.8473,2.15438,0,0,2.42879,0.123896,0.36288,3.6288,59.7175,0.46757,0,0,1.2568,0.267148,0,0.66528,12.849,1,0.84672,0.36288,0,53.0963,4.96003,47.6525,0.84672,12.849,0.84672,3695.15,0,36.966,0.291985,0.992062,2.02472,5.7916,1.25537,7.26103,0.42336,36.966,0.42336,423.524,0,1.02816,0,0,2.02022,0.992062,1.028160,1,0,54.9135,0,0,0,54.9135,0
32.5959,2.15497,0,0,3.42898,0.162548,0.36288,3.6288,60.0959,0.469366,0,0,1.06004,0.212313,0,0.66528,12.849,1,0.84672,0.36288,0,74.3826,4.25082,69.648,0.84672,12.849,0.84672,3695.15,0,36.966,0.290544,1.05181,1.94359,6.75422,0.988206,8.47087,0.42336,36.966,0.42336,423.524,0,1.02816,0,0,2.07997,1.05181,1.028160,1,0,78.1188,0,0,0,78.1188,0
33.3509,2.15557,0,0,3.43762,0.164083,0.36288,3.6288,60.6273,0.470718,0,0,1.21494,0.212826,0,0.66528,12.849,1,0.84672,0.36288,0,80.3511,4.25082,75.6165,0.84672,12.849,0.84672,3695.15,0,36.966,0.289547,1.07041,1.94398,7.60804,0.988206,9.34468,0.42336,36.966,0.42336,423.524,0,1.02816,0,0,2.09857,1.07041,1.028160,1,0,84.9612,0,0,0,84.9612,0
34.4096,2.16773,0,0,3.75493,0.165631,0.36288,3.6288,61.308,0.472515,0,0,1.85703,0.213547,0.490268,0.66528,12.849,1,0.835154,0.36288,0,75.5767,4.25082,70.8536,0.84672,12.849,0.84672,3695.15,0,36.966,0.288104,1.75578,1.94437,9.02175,0.988206,11.4456,0.42336,36.966,0.42336,423.524,0,1.02816,0,0,2.78394,1.75578,1.028160,1,0,82.7894,0,0,0,82.7894,0
35.0441,2.27131,0,0,3.45429,0.185645,0.36288,3.6288,61.308,0.485802,0,0,2.0897,0.222156,1.38175,0.66528,12.849,1,0.84672,0.36288,0,91.0898,3.65847,86.9475,0.84672,12.849,0.84672,3695.15,0,36.966,0.292917,1.58141,1.94475,9.6916,0.862214,12.0626,0.42336,36.966,0.42336,423.524,0,1.02816,0,0,2.60957,1.58141,1.028160,1,0,100.392,0,0,0,100.392,0
37.8355,2.28196,0,0,5.63471,0.198422,0.36288,3.6288,61.308,0.486026,0,0,3.30833,0.213527,2.60877,0.66528,12.849,1,0.836686,0.36288,0,123.764,4.4668,118.823,0.84672,12.849,0.84672,3695.15,0,36.966,0.293052,3.57892,1.98031,15.4947,1.08159,19.6793,0.42336,36.966,0.42336,423.524,0,1.02816,0,0,4.60708,3.57892,1.028160,1,0,141.111,0,0,0,141.111,0
41.1951,2.3285,0,0,6.2561,0.205138,0.36288,3.6288,61.308,0.48625,0,0,2.71572,0.213527,2.01594,0.66528,12.849,1,0.790763,0.36288,0,138.574,4.4668,133.679,0.84672,12.849,0.84672,3695.15,0,36.966,0.293187,1.78488,1.98071,11.8512,1.08159,14.242,0.42336,36.966,0.42336,423.524,0,1.02816,0,0,2.81304,1.78488,1.028160,1,0,149.937,0,0,0,149.937,0
46.7642,2.37813,0,0,8.52347,0.213372,0.36288,3.6288,61.308,0.486474,0,0,6.752,0.213527,6.052,0.66528,12.849,1,0.741753,0.36288,0,189.671,4.4668,184.826,0.84672,12.849,0.84672,3695.15,0,36.966,0.293322,2.26762,1.9811,13.6522,1.08159,16.526,0.42336,36.966,0.42336,423.524,0,1.02816,0,0,3.29578,2.26762,1.028160,1,0,207.404,0,0,0,207.404,0
49.7009,2.44791,0,0,5.97229,0.224766,0.36288,3.6288,61.308,0.486697,0,0,6.5472,0.207721,5.85278,0.66528,12.849,1,0.672592,0.36288,0,131.252,4.40558,126.537,0.84672,12.849,0.84672,3695.15,0,36.966,0.293457,2.68889,1.98149,14.5463,1.03746,17.8858,0.42336,36.966,0.42336,423.524,0,1.02816,0,0,3.71705,2.68889,1.028160,1,0,150.275,0,0,0,150.275,0
51.2562,2.55766,0,0,4.7177,0.241928,0.36288,3.6288,61.308,0.523398,0,0,2.55944,0.205261,1.83079,0.66528,12.849,1,0.661222,0.36288,0,112.474,4.37696,107.798,0.84672,12.849,0.84672,3695.15,0,36.966,0.315586,1.95812,1.98189,11.2571,0.928882,13.9526,0.42336,36.966,0.42336,423.524,0,1.02816,0,0,2.98628,1.95812,1.028160,1,0,123.582,0,0,0,123.582,0
54.2786,2.57418,0,0,6.22531,0.265777,0.36288,3.6288,61.308,0.523617,0,0,3.51746,0.229542,2.76431,0.66528,12.849,1,0.645301,0.36288,0,159.074,4.63103,154.161,0.84672,12.849,0.84672,3695.15,0,36.966,0.315718,2.82251,2.04577,13.4668,1.04602,16.9734,0.42336,36.966,0.42336,423.524,0,1.02816,0,0,3.85067,2.82251,1.028160,1,0,173.899,0,0,0,173.899,0
57.1071,2.60373,0,0,6.06924,0.27416,0.36288,3.6288,61.308,0.523836,0,0,4.41576,0.229542,3.66238,0.66528,12.849,1,0.616362,0.36288,0,187.022,4.63103,182.138,0.84672,12.849,0.84672,3695.15,0,36.966,0.31585,3.91955,2.04616,16.5135,1.04602,21.1173,0.42336,36.966,0.42336,423.524,0,1.02816,0,0,4.94771,3.91955,1.028160,1,0,206.917,0,0,0,206.917,0
57.5844,2.62914,0,0,3.78079,0.311435,0.36288,3.6288,61.308,0.524055,0,0,2.51113,0.220616,1.76646,0.66528,12.849,1,0.591552,0.36288,0,104.647,4.72598,99.6922,0.84672,12.849,0.84672,3695.15,0,36.966,0.315982,1.96648,2.04654,9.87578,1.21159,12.3612,0.42336,36.966,0.42336,423.524,0,1.02816,0,0,2.99464,1.96648,1.028160,1,0,113.82,0,0,0,113.82,0
61.8641,2.57465,0,0,7.47057,0.253399,0.36288,3.6288,61.308,0.518969,0,0,3.36468,0.26402,2.58169,0.66528,12.849,1,0.574489,0.36288,0,136.399,4.79032,131.397,0.84672,12.849,0.84672,3695.15,0,36.966,0.312915,2.9708,2.04693,11.7227,1.2811,15.1464,0.42336,36.966,0.42336,423.524,0,1.02816,0,0,3.99896,2.9708,1.028160,1,0,149.125,0,0,0,149.125,0
64.8005,2.60804,0,0,6.19225,0.284863,0.36288,3.6288,61.308,0.519187,0,0,3.11026,0.267917,2.32316,0.66528,12.849,1,0.541684,0.36288,0,160.49,4.32327,155.988,0.84672,12.849,0.84672,3695.15,0,36.966,0.313047,3.00282,2.02722,10.9473,1.16756,14.4968,0.42336,36.966,0.42336,423.524,0,1.02816,0,0,4.03098,3.00282,1.028160,1,0,172.808,0,0,0,172.808,0
67.9124,2.62902,0,0,6.39554,0.291755,0.36288,3.6288,61.308,0.519405,0,0,3.57445,0.267917,2.78713,0.66528,12.849,1,0.521297,0.36288,0,179.13,4.32327,174.648,0.84672,12.849,0.84672,3695.15,0,36.966,0.313178,3.32706,2.0276,11.1628,1.16756,15.0367,0.42336,36.966,0.42336,423.524,0,1.02816,0,0,4.35522,3.32706,1.028160,1,0,192.472,0,0,0,192.472,0
69.8076,2.64961,0,0,5.2198,0.312118,0.36288,3.6288,61.308,0.519623,0,0,2.53325,0.265844,1.74778,0.66528,12.849,1,0.501305,0.36288,0,138.214,4.37562,133.7,0.84672,12.849,0.84672,3695.15,0,36.966,0.31331,2.3449,2.02798,8.53062,1.16297,11.4272,0.42336,36.966,0.42336,423.524,0,1.02816,0,0,3.37306,2.3449,1.028160,1,0,146.875,0,0,0,146.875,0
71.0366,2.60938,0,0,4.55106,0.349811,0.36288,3.6288,61.308,0.478239,0,0,2.74899,0.253758,2.01699,0.66528,12.849,1,0.480291,0.36288,0,105.33,4.3596,100.853,0.84672,12.849,0.84672,3695.15,0,36.966,0.288357,2.30726,2.02836,8.48552,1.10204,11.4307,0.42336,36.966,0.42336,423.524,0,1.02816,0,0,3.33542,2.30726,1.028160,1,0,114.301,0,0,0,114.301,0
72.29,2.61691,0,0,9.92123,0.352644,5.69828,3.6288,61.308,0.47845,0,0,14.2951,0.212349,13.6043,0.66528,12.849,1,0.473343,5.69828,0,171.228,3.47823,172.975,0.84672,12.849,0.84672,3695.15,0,36.966,0.288484,9.35846,1.96563,24.9377,0.805296,35.168,0.42336,36.966,0.42336,423.524,0,1.02816,0,0,10.3866,9.35846,1.028160,1,0,221.747,0,0,0,221.747,0
72.29,2.62437,0,0,7.94154,0.356029,4.96114,3.6288,61.308,0.47866,0,0,11.4315,0.212349,10.7405,0.66528,12.849,1,0.466462,4.96114,0,215.139,3.47823,216.156,0.84672,12.849,0.84672,3695.15,0,36.966,0.288611,8.25898,1.966,19.4462,0.805296,28.5773,0.42336,36.966,0.42336,423.524,0,1.02816,0,0,9.28714,8.25898,1.028160,1,0,255.474,0,0,0,255.474,0
72.29,2.62487,0,0,7.91433,0.356029,4.93343,3.6288,61.308,0.478871,0,0,8.86343,0.212349,8.17221,0.66528,12.849,1,0.46655,4.93343,0,232.76,3.47823,233.749,0.84672,12.849,0.84672,3695.15,0,36.966,0.288738,6.3277,1.96637,16.8127,0.805296,24.0128,0.42336,36.966,0.42336,423.524,0,1.02816,0,0,7.35586,6.3277,1.028160,1,0,265.934,0,0,0,265.934,0
72.29,2.62536,0,0,5.5863,0.307273,2.65366,3.6288,61.308,0.479081,0,0,6.07377,0.242454,5.35224,0.66528,12.849,1,0.466638,2.65366,0,151.743,3.85371,150.077,0.84672,12.849,0.84672,3695.15,0,36.966,0.288865,3.90987,1.96674,12.5162,0.93569,17.1682,0.42336,36.966,0.42336,423.524,0,1.02816,0,0,4.93803,3.90987,1.028160,1,0,172.597,0,0,0,172.597,0
72.29,2.7218,0,0,7.28407,0.315636,4.24664,3.6288,61.308,0.524365,0,0,10.3349,0.184533,9.62602,0.66528,12.849,1,0.483778,4.24664,0,217.411,3.44535,217.728,0.84672,12.849,0.84672,3695.15,0,36.966,0.316169,7.46588,1.96711,22.1062,0.784119,30.4389,0.42336,36.966,0.42336,423.524,0,1.02816,0,0,8.49404,7.46588,1.028160,1,0,257.793,0,0,0,257.793,0
72.29,2.72231,0,0,8.08704,0.346038,5.0187,3.6288,61.308,0.524584,0,0,10.949,0.155125,10.2693,0.66528,12.849,1,0.483869,5.0187,0,251.035,3.04437,252.526,0.84672,12.849,0.84672,3695.15,0,36.966,0.316301,8.97083,2.04448,22.754,0.660099,32.7929,0.42336,36.966,0.42336,423.524,0,1.02816,0,0,9.99899,8.97083,1.028160,1,0,295.588,0,0,0,295.588,0
72.29,2.72282,0,0,6.34952,0.346038,3.28066,3.6288,61.308,0.524804,0,0,8.69132,0.155125,8.01139,0.66528,12.849,1,0.48396,3.28066,0,247.438,3.04437,247.191,0.84672,12.849,0.84672,3695.15,0,36.966,0.316433,7.1178,2.04486,19.1282,0.660099,27.3143,0.42336,36.966,0.42336,423.524,0,1.02816,0,0,8.14596,7.1178,1.028160,1,0,282.516,0,0,0,282.516,0
72.29,2.72333,0,0,5.62982,0.270484,2.636,3.6288,61.308,0.525023,0,0,8.23349,0.157627,7.55084,0.66528,12.849,1,0.484051,2.636,0,186.036,2.3437,185.844,0.84672,12.849,0.84672,3695.15,0,36.966,0.316565,6.71751,2.04525,15.5852,0.679766,23.3516,0.42336,36.966,0.42336,423.524,0,1.02816,0,0,7.74567,6.71751,1.028160,1,0,216.746,0,0,0,216.746,0
72.29,2.6863,0,0,6.15123,0.24353,3.2214,3.6288,61.308,0.507722,0,0,6.1124,0.167724,5.43696,0.66528,12.849,1,0.477469,3.2214,0,196.734,2.89552,196.582,0.84672,12.849,0.84672,3695.15,0,36.966,0.306134,5.90449,2.04563,15.9553,0.718748,22.8806,0.42336,36.966,0.42336,423.524,0,1.02816,0,0,6.93265,5.90449,1.028160,1,0,224.9,0,0,0,224.9,0
72.29,2.6868,0,0,5.2953,0.234126,2.37437,3.6288,61.308,0.507938,0,0,3.78034,0.187549,3.08485,0.66528,12.849,1,0.477559,2.37437,0,137.536,3.41802,136.015,0.84672,12.849,0.84672,3695.15,0,36.966,0.306264,4.32,2.01603,13.0715,0.816141,18.2852,0.42336,36.966,0.42336,423.524,0,1.02816,0,0,5.34816,4.32,1.028160,1,0,157.385,0,0,0,157.385,0
72.29,2.68731,0,0,5.21525,0.224983,2.30296,3.6288,61.308,0.508154,0,0,3.49068,0.197416,2.78511,0.66528,12.849,1,0.477649,2.30296,0,107.241,3.54543,105.52,0.84672,12.849,0.84672,3695.15,0,36.966,0.306394,3.82881,2.01641,10.908,0.851785,15.595,0.42336,36.966,0.42336,423.524,0,1.02816,0,0,4.85697,3.82881,1.028160,1,0,123.901,0,0,0,123.901,0
72.29,2.68781,0,0,4.99119,0.224983,2.07839,3.6288,61.308,0.50837,0,0,3.63105,0.197416,2.92526,0.66528,12.849,1,0.477739,2.07839,0,128.928,3.54543,126.983,0.84672,12.849,0.84672,3695.15,0,36.966,0.306525,3.87455,2.01679,9.75318,0.851785,14.4862,0.42336,36.966,0.42336,423.524,0,1.02816,0,0,4.90271,3.87455,1.028160,1,0,144.395,0,0,0,144.395,0
72.29,2.50813,0,0,4.25625,0.224983,1.52314,3.6288,61.308,0.438293,0,0,3.14317,0.197416,2.50746,0.66528,12.849,1,0.4458,1.52314,0,94.2114,3.54543,91.7433,0.84672,12.849,0.84672,3695.15,0,36.966,0.264271,3.12444,2.01717,8.39212,0.851785,12.4177,0.42336,36.966,0.42336,423.524,0,1.02816,0,0,4.1526,3.12444,1.028160,1,0,106.668,0,0,0,106.668,0
72.29,2.5086,0,0,4.12971,0.170454,1.45066,3.6288,61.308,0.438496,0,0,2.94234,0.160501,2.34335,0.66528,12.849,1,0.445884,1.45066,0,92.4117,4.05018,89.3663,0.84672,12.849,0.84672,3695.15,0,36.966,0.264394,3.29247,1.89072,9.07615,0.990834,13.0041,0.42336,36.966,0.42336,423.524,0,1.02816,0,0,4.32063,3.29247,1.028160,1,0,104.714,0,0,0,104.714,0
72.29,2.50907,0,0,3.7543,0.107109,1.13813,3.6288,61.308,0.438699,0,0,2.4967,0.18303,1.87497,0.66528,12.849,1,0.445968,1.13813,0,87.4999,4.35246,83.8396,0.84672,12.849,0.84672,3695.15,0,36.966,0.264516,2.81574,1.89108,8.11979,1.05165,11.5104,0.42336,36.966,0.42336,423.524,0,1.02816,0,0,3.8439,2.81574,1.028160,1,0,97.225,0,0,0,97.225,0
72.29,2.50954,0,0,3.45102,0.107109,0.834374,3.6288,61.308,0.438902,0,0,2.01277,0.18303,1.39084,0.66528,12.849,1,0.446052,0.834374,0,80.225,4.35246,76.2609,0.84672,12.849,0.84672,3695.15,0,36.966,0.264638,2.25084,1.89143,7.35756,1.05165,10.1836,0.42336,36.966,0.42336,423.524,0,1.02816,0,0,3.279,2.25084,1.028160,1,0,87.8352,0,0,0,87.8352,0
72.29,2.51001,0,0,3.37162,0.111454,0.750157,3.6288,61.308,0.439105,0,0,1.6696,0.20961,1.02089,0.66528,12.849,1,0.446135,0.750157,0,72.811,4.8089,68.3061,0.84672,12.849,0.84672,3695.15,0,36.966,0.264761,2.101,1.89179,7.08108,1.1441,9.66501,0.42336,36.966,0.42336,423.524,0,1.02816,0,0,3.12916,2.101,1.028160,1,0,78.992,0,0,0,78.992,0
72.29,2.488,0,0,2.97016,0.117974,0.364192,3.6288,61.308,0.469774,0,0,1.26074,0.227906,0.56306,0.66528,12.849,1,0.442223,0.364192,0,56.6238,4.89282,51.6529,0.84672,12.849,0.84672,3695.15,0,36.966,0.283253,1.53221,1.89214,5.66628,1.13392,7.67345,0.42336,36.966,0.42336,423.524,0,1.02816,0,0,2.56037,1.53221,1.028160,1,0,59.8895,0,0,0,59.8895,0
72.0361,2.48846,0,0,2.72391,0.12645,0.36288,3.6288,61.308,0.469983,0,0,1.03527,0.206495,0.358793,0.66528,12.849,1,0.442306,0.36288,0,50.131,4.44297,45.6086,0.84672,12.849,0.84672,3695.15,0,36.966,0.283379,0.972985,1.92527,4.83585,1.02902,6.42171,0.42336,36.966,0.42336,423.524,0,1.02816,0,0,2.00114,0.972985,1.028160,1,0,52.3891,0,0,0,52.3891,0
71.5784,2.48761,0,0,2.50473,0.111954,0.36288,3.6288,61.308,0.470191,0,0,0.988407,0.239402,0.278814,0.66528,12.849,1,0.443712,0.36288,0,44.4427,4.86642,39.4954,0.84672,12.849,0.84672,3695.15,0,36.966,0.283504,0.963014,1.92563,4.65312,1.18358,6.07467,0.42336,36.966,0.42336,423.524,0,1.02816,0,0,1.99117,0.963014,1.028160,1,0,45.8489,0,0,0,45.8489,0
70.9912,2.48567,0,0,2.35399,0.0926258,0.36288,3.6288,61.308,0.4704,0,0,0.922069,0.283278,0.168391,0.66528,12.849,1,0.446201,0.36288,0,39.453,5.43102,33.9387,0.84672,12.849,0.84672,3695.15,0,36.966,0.28363,0.926096,1.92599,4.47949,1.38967,5.65827,0.42336,36.966,0.42336,423.524,0,1.02816,0,0,1.95426,0.926096,1.028160,1,0,39.7653,0,0,0,39.7653,0
70.1711,2.54096,0,0,2.17585,0.092099,0.36288,3.6288,61.308,0.497782,0,0,0.873323,0.293262,0.0822793,0.66528,12.849,1,0.459899,0.36288,0,39.5284,5.63244,33.799,0.84672,12.849,0.84672,3695.15,0,36.966,0.30014,0.894819,1.92635,4.1154,1.41108,5.22535,0.42336,36.966,0.42336,423.524,0,1.02816,0,0,1.92298,0.894819,1.028160,1,0,39.1066,0,0,0,39.1066,0
69.514,2.53689,0,0,2.33389,0.0912423,0.36288,3.6288,61.308,0.497995,0,0,0.875699,0.318221,0.0594826,0.66528,12.849,1,0.464529,0.36288,0,39.5827,6.13599,33.3451,0.84672,12.849,0.84672,3695.15,0,36.966,0.300269,1.00194,1.97319,3.66347,1.46461,4.87372,0.42336,36.966,0.42336,423.524,0,1.02816,0,0,2.0301,1.00194,1.028160,1,0,38.2783,0,0,0,38.2783,0
68.7118,2.53366,0,0,2.18508,0.09078,0.36288,3.6288,61.308,0.498209,0,0,0.844465,0.318221,0.0280351,0.66528,12.849,1,0.468323,0.36288,0,37.1303,6.13599,30.8889,0.84672,12.849,0.84672,3695.15,0,36.966,0.300398,1.01638,1.97356,3.78925,1.46461,5.01419,0.42336,36.966,0.42336,423.524,0,1.02816,0,0,2.04454,1.01638,1.028160,1,0,35.9311,0,0,0,35.9311,0
67.6611,2.52953,0,0,1.93202,0.0902155,0.36288,3.6288,61.2863,0.498423,0,0,0.794949,0.318221,0,0.66528,12.849,1,0.473018,0.36288,0,35.0745,6.13599,28.8284,0.84672,12.849,0.84672,3695.15,0,36.966,0.300527,0.80454,1.97393,3.5548,1.46461,4.56814,0.42336,36.966,0.42336,423.524,0,1.02816,0,0,1.8327,0.80454,1.028160,1,0,33.3965,0,0,0,33.3965,0
66.2717,2.69239,0,0,1.74588,0.0800176,0.36288,3.6288,61.1533,0.596711,0,0,0.787095,0.323356,0,0.66528,12.849,1,0.51129,0.36288,0,33.2484,6.28554,26.8145,0.84672,12.849,0.84672,3695.15,0,36.966,0.359918,0.749866,1.9743,3.54693,1.49449,4.41669,0.42336,36.966,0.42336,423.524,0,1.02816,0,0,1.77803,0.749866,1.028160,1,0,31.2312,0,0,0,31.2312,0
64.8368,2.68391,0,0,1.69614,0.0843241,0.36288,3.6288,60.9265,0.596456,0,0,0.684694,0.315108,0,0.66528,12.849,1,0.520366,0.36288,0,27.9236,6.55456,21.2116,0.84672,12.849,0.84672,3695.15,0,36.966,0.360546,0.822692,2.13382,3.34535,1.61965,4.32166,0.42336,36.966,0.42336,423.524,0,1.02816,0,0,1.85085,0.822692,1.028160,1,0,25.5332,0,0,0,25.5332,0
63.6486,2.6748,0,0,1.93757,0.0880693,0.36288,3.6288,60.8532,0.595852,0,0,0.833769,0.311175,0,0.66528,12.849,1,0.530078,0.36288,0,34.7072,6.53709,28.0029,0.84672,12.849,0.84672,3695.15,0,36.966,0.361522,1.2936,2.13422,3.72506,1.62806,5.16329,0.42336,36.966,0.42336,423.524,0,1.02816,0,0,2.32176,1.2936,1.028160,1,0,33.1662,0,0,0,33.1662,0
62.088,2.66707,0,0,1.55657,0.0872277,0.36288,3.6288,60.5494,0.595813,0,0,0.603057,0.311031,0,0.66528,12.849,1,0.538412,0.36288,0,33.9145,6.53709,27.2019,0.84672,12.849,0.84672,3695.15,0,36.966,0.361933,0.583718,2.13462,2.99038,1.62806,3.71872,0.42336,36.966,0.42336,423.524,0,1.02816,0,0,1.61188,0.583718,1.028160,1,0,30.9206,0,0,0,30.9206,0
60.9212,2.65635,0,0,1.93854,0.0861223,0.36288,3.6288,60.6748,0.594917,0,0,1.03073,0.310431,0,0.66528,12.849,1,0.549728,0.36288,0,30.9745,6.53709,24.2505,0.84672,12.849,0.84672,3695.15,0,36.966,0.363202,2.02095,2.13502,4.62373,1.62806,6.78843,0.42336,36.966,0.42336,423.524,0,1.02816,0,0,3.04911,2.02095,1.028160,1,0,31.039,0,0,0,31.039,0
59.2517,2.56736,0,0,1.35396,0.0932128,0.36288,3.6288,60.5722,0.536216,0,0,0.752492,0.318844,0,0.66528,12.849,1,0.541486,0.36288,0,26.3033,6.2592,19.8655,0.84672,12.849,0.84672,3695.15,0,36.966,0.326689,1.1351,2.13542,4.09826,1.54703,5.49506,0.42336,36.966,0.42336,423.524,0,1.02816,0,0,2.16326,1.1351,1.028160,1,0,25.3605,0,0,0,25.3605,0
57.5611,2.5553,0,0,1.35717,0.12953,0.36288,3.6288,60.5335,0.536093,0,0,0.818623,0.3213,0,0.66528,12.849,1,0.554128,0.36288,0,22.2871,6.47688,15.6189,0.84672,12.849,0.84672,3695.15,0,36.966,0.327167,1.27857,2.04363,3.8139,1.66224,5.1467,0.42336,36.966,0.42336,423.524,0,1.02816,0,0,2.30673,1.27857,1.028160,1,0,20.7656,0,0,0,20.7656,0
56.4126,2.54247,0,0,1.91075,0.153889,0.36288,3.6288,60.5851,0.536183,0,0,0.888443,0.30062,0,0.66528,12.849,1,0.567539,0.36288,0,24.8756,6.31124,18.3597,0.84672,12.849,0.84672,3695.15,0,36.966,0.327431,1.58122,2.04402,3.3985,1.60535,5.09096,0.42336,36.966,0.42336,423.524,0,1.02816,0,0,2.60938,1.58122,1.028160,1,0,23.4507,0,0,0,23.4507,0
55.9874,2.53353,0,0,2.62336,0.152158,0.36288,3.6288,61.1848,0.536577,0,0,1.43701,0.300719,0,0.66528,12.849,1,0.577058,0.36288,0,47.7904,6.31124,41.265,0.84672,12.849,0.84672,3695.15,0,36.966,0.327392,3.27875,2.0444,6.03069,1.60535,9.4211,0.42336,36.966,0.42336,423.524,0,1.02816,0,0,4.30691,3.27875,1.028160,1,0,50.6861,0,0,0,50.6861,0
55.0921,2.46508,0,0,2.1067,0.174034,0.36288,3.6288,61.308,0.484519,0,0,1.23826,0.29827,0.332296,0.66528,12.849,1,0.56573,0.36288,0,56.236,6.09139,49.9418,0.84672,12.849,0.84672,3695.15,0,36.966,0.292732,2.08189,2.04478,4.57463,1.55639,6.85217,0.42336,36.966,0.42336,423.524,0,1.02816,0,0,3.11005,2.08189,1.028160,1,0,57.1263,0,0,0,57.1263,0
54.7483,2.45808,0,0,2.6749,0.197788,0.36288,3.6288,61.308,0.485097,0,0,1.34626,0.316619,0.544542,0.66528,12.849,1,0.573292,0.36288,0,40.8878,4.86339,35.814,0.84672,12.849,0.84672,3695.15,0,36.966,0.292492,1.82739,1.96283,4.08626,1.22179,6.36221,0.42336,36.966,0.42336,423.524,0,1.02816,0,0,2.85555,1.82739,1.028160,1,0,42.7208,0,0,0,42.7208,0
52.8741,2.45563,0,0,1.14137,0.197105,0.36288,3.6288,61.308,0.485309,0,0,0.83579,0.316619,0.0338625,0.66528,12.849,1,0.576317,0.36288,0,18.3424,4.86339,13.2655,0.84672,12.849,0.84672,3695.15,0,36.966,0.29262,0.882446,1.9632,2.73315,1.22179,4.06439,0.42336,36.966,0.42336,423.524,0,1.02816,0,0,1.91061,0.882446,1.028160,1,0,17.3638,0,0,0,17.3638,0
51.4336,2.43965,0,0,1.55541,0.193385,0.36288,3.6288,61.308,0.48552,0,0,1.09579,0.316619,0.293646,0.66528,12.849,1,0.592863,0.36288,0,28.4072,4.86339,23.3138,0.84672,12.849,0.84672,3695.15,0,36.966,0.292747,1.37285,1.96357,5.42058,1.22179,7.24247,0.42336,36.966,0.42336,423.524,0,1.02816,0,0,2.40101,1.37285,1.028160,1,0,30.8499,0,0,0,30.8499,0
50.7763,2.51937,0,0,2.44947,0.224456,0.36288,3.6288,61.308,0.49691,0,0,1.56902,0.304507,0.767607,0.66528,12.849,1,0.629383,0.36288,0,40.1334,4.50594,35.361,0.84672,12.849,0.84672,3695.15,0,36.966,0.299615,1.96001,1.96394,5.03883,1.16987,7.49329,0.42336,36.966,0.42336,423.524,0,1.02816,0,0,2.98817,1.96001,1.028160,1,0,43.6219,0,0,0,43.6219,0
51.4793,2.51334,0,0,3.81339,0.234189,0.36288,3.6288,61.308,0.497124,0,0,2.83858,0.237548,2.10391,0.66528,12.849,1,0.636003,0.36288,0,83.6211,4.11132,79.2367,0.84672,12.849,0.84672,3695.15,0,36.966,0.299744,3.13657,1.99983,9.77505,1.06338,13.5483,0.42336,36.966,0.42336,423.524,0,1.02816,0,0,4.16473,3.13657,1.028160,1,0,94.8889,0,0,0,94.8889,0
52.4285,2.52076,0,0,4.06842,0.235545,0.36288,3.6288,61.308,0.497337,0,0,3.07516,0.227196,2.35062,0.66528,12.849,1,0.629171,0.36288,0,90.3087,4.06938,85.9731,0.84672,12.849,0.84672,3695.15,0,36.966,0.299872,5.1662,2.0002,12.4557,1.04909,18.2731,0.42336,36.966,0.42336,423.524,0,1.02816,0,0,6.19436,5.1662,1.028160,1,0,106.597,0,0,0,106.597,0
52.4892,2.53039,0,0,3.19185,0.237873,0.36288,3.6288,61.308,0.497551,0,0,1.24184,0.227196,0.51709,0.66528,12.849,1,0.620138,0.36288,0,78.5972,4.06938,74.2706,0.84672,12.849,0.84672,3695.15,0,36.966,0.300001,2.55404,2.00058,6.87402,1.04909,10.0795,0.42336,36.966,0.42336,423.524,0,1.02816,0,0,3.5822,2.55404,1.028160,1,0,84.8672,0,0,0,84.8672,0
52.3725,2.53144,0,0,3.00962,0.232044,0.36288,3.6288,61.308,0.497764,0,0,1.19858,0.255264,0.445547,0.66528,12.849,1,0.619678,0.36288,0,68.6923,4.17294,64.2626,0.84672,12.849,0.84672,3695.15,0,36.966,0.30013,1.73625,2.00095,5.5229,1.12901,7.83097,0.42336,36.966,0.42336,423.524,0,1.02816,0,0,2.76441,1.73625,1.028160,1,0,72.5391,0,0,0,72.5391,0
51.792,2.53033,0,0,2.54291,0.23016,0.36288,3.6288,61.308,0.497764,0,0,1.12354,0.243833,0.381943,0.66528,12.849,1,0.620787,0.36288,0,67.3162,4.25785,62.8005,0.84672,12.849,0.84672,3695.15,0,36.966,0.30013,1.50185,2.00133,4.64435,1.09059,6.75681,0.42336,36.966,0.42336,423.524,0,1.02816,0,0,2.53001,1.50185,1.028160,1,0,69.9392,0,0,0,69.9392,0
50.4454,2.60432,0,0,1.85318,0.23259,0.36288,3.6288,61.308,0.534812,0,0,1.30277,0.200523,0.567431,0.66528,12.849,1,0.646101,0.36288,0,35.7464,4.26752,31.1956,0.84672,12.849,0.84672,3695.15,0,36.966,0.322468,1.26399,2.00133,5.99634,0.95946,7.97973,0.42336,36.966,0.42336,423.524,0,1.02816,0,0,2.29215,1.26399,1.028160,1,0,39.7428,0,0,0,39.7428,0
50.0112,2.59103,0,0,2.74901,0.22934,0.36288,3.6288,61.308,0.53502,0,0,1.49612,0.200523,0.760577,0.66528,12.849,1,0.659964,0.36288,0,56.982,4.26752,52.4174,0.84672,12.849,0.84672,3695.15,0,36.966,0.322593,1.68604,2.06582,7.71068,0.95946,10.1805,0.42336,36.966,0.42336,423.524,0,1.02816,0,0,2.7142,1.68604,1.028160,1,0,63.3585,0,0,0,63.3585,0
48.7266,2.58693,0,0,1.89353,0.228292,0.36288,3.6288,61.308,0.535228,0,0,1.31554,0.200523,0.579792,0.66528,12.849,1,0.664641,0.36288,0,36.578,4.26752,32.0088,0.84672,12.849,0.84672,3695.15,0,36.966,0.322719,1.26715,2.06619,6.09311,0.95946,8.14427,0.42336,36.966,0.42336,423.524,0,1.02816,0,0,2.29531,1.26715,1.028160,1,0,40.7328,0,0,0,40.7328,0
47.462,2.57352,0,0,1.89463,0.222883,0.36288,3.6288,61.308,0.535437,0,0,1.11528,0.18384,0.396001,0.66528,12.849,1,0.678626,0.36288,0,37.1063,4.40324,32.3873,0.84672,12.849,0.84672,3695.15,0,36.966,0.322845,1.03355,2.06655,5.75571,0.989712,7.54325,0.42336,36.966,0.42336,423.524,0,1.02816,0,0,2.06171,1.03355,1.028160,1,0,40.3266,0,0,0,40.3266,0
45.4106,2.5024,0,0,1.06861,0.254672,0.36288,3.6288,61.0908,0.823979,0,0,0.781349,0.174578,0,0.66528,12.849,1,0.677455,0.36288,0,30.3132,3.93845,26.0602,0.84672,12.849,0.84672,3695.15,0,36.966,0.42336,0.503194,2.06692,4.65112,0.988206,5.80966,0.42336,36.966,0.42336,423.524,0,0.63085,0,0,1.13404,0.503194,1.028160,1,0,31.8698,0,0,0,31.8698,0
44.7831,2.47899,0,0,2.46326,0.248938,0.36288,3.6288,61.308,0.529787,0,0,1.57886,0.174339,0.657522,0.66528,12.849,1,0.701433,0.36288,0,46.7757,3.93845,42.4988,0.84672,12.849,0.84672,3695.15,0,36.966,0.320574,1.61615,2.04699,7.63159,0.988206,9.98595,0.42336,36.966,0.42336,423.524,0,1.02816,0,0,2.64431,1.61615,1.028160,1,0,53.1422,0,0,0,53.1422,0
43.9121,2.47179,0,0,2.21083,0.247183,0.36288,3.6288,61.308,0.530703,0,0,1.01735,0.174578,0.31207,0.66528,12.849,1,0.709196,0.36288,0,45.3237,3.93845,41.039,0.84672,12.849,0.84672,3695.15,0,36.966,0.319991,1.13744,2.04736,6.78632,0.988206,8.66292,0.42336,36.966,0.42336,423.524,0,1.02816,0,0,2.1656,1.13744,1.028160,1,0,50.0139,0,0,0,50.0139,0
42.114,2.46134,0,0,1.257,0.230884,0.36288,3.6288,61.0911,0.729056,0,0,0.692944,0.180758,0,0.66528,12.849,1,0.720206,0.36288,0,25.2836,3.90096,21.0253,0.84672,12.849,0.84672,3695.15,0,36.966,0.42336,0.608429,2.04772,4.2344,0.963101,5.50408,0.42336,36.966,0.42336,423.524,0,0.726771,0,0,1.3352,0.608429,1.028160,1,0,26.5294,0,0,0,26.5294,0
42.2281,2.12915,0,0,2.84984,0.243654,0.36288,3.6288,61.308,0.36508,0,0,1.67187,0.172718,0.917206,0.66528,12.849,1,0.649605,0.36288,0,47.1834,3.43214,43.4645,0.84672,12.849,0.84672,3695.15,0,36.966,0.220908,1.22321,2.04808,9.42477,0.98481,11.4903,0.42336,36.966,0.42336,423.524,0,1.02816,0,0,2.25137,1.22321,1.028160,1,0,55.8721,0,0,0,55.8721,0
42.7721,2.13088,0,0,3.28174,0.243978,0.36288,3.6288,61.308,0.365746,0,0,1.86157,0.172956,1.32286,0.66528,12.849,1,0.648374,0.36288,0,66.6257,3.43214,62.9081,0.84672,12.849,0.84672,3695.15,0,36.966,0.220528,1.59639,1.76783,8.56734,0.98481,10.7262,0.42336,36.966,0.42336,423.524,0,1.02816,0,0,2.62455,1.59639,1.028160,1,0,74.9572,0,0,0,74.9572,0
43.7488,2.1376,0,0,3.70927,0.232091,0.36288,3.6288,61.308,0.365924,0,0,2.20904,0.168966,1.67415,0.66528,12.849,1,0.642146,0.36288,0,61.1239,3.61069,57.234,0.84672,12.849,0.84672,3695.15,0,36.966,0.220636,1.69662,1.76814,9.78929,1.01949,12.0139,0.42336,36.966,0.42336,423.524,0,1.02816,0,0,2.72478,1.69662,1.028160,1,0,70.9221,0,0,0,70.9221,0
45.0377,2.14906,0,0,4.02552,0.224721,0.36288,3.6288,61.308,0.366103,0,0,2.16756,0.166531,1.63493,0.66528,12.849,1,0.631176,0.36288,0,71.2986,3.58946,67.4408,0.84672,12.849,0.84672,3695.15,0,36.966,0.220744,1.87009,1.76846,10.7715,1.03044,13.1589,0.42336,36.966,0.42336,423.524,0,1.02816,0,0,2.89825,1.87009,1.028160,1,0,82.2346,0,0,0,82.2346,0
46.0143,2.16349,0,0,3.73659,0.233663,0.36288,3.6288,61.308,0.366281,0,0,1.85683,0.1822,1.30835,0.66528,12.849,1,0.617232,0.36288,0,71.9884,3.31804,68.416,0.84672,12.849,0.84672,3695.15,0,36.966,0.220851,1.72574,1.76877,10.8058,0.99817,13.0813,0.42336,36.966,0.42336,423.524,0,1.02816,0,0,2.7539,1.72574,1.028160,1,0,82.8056,0,0,0,82.8056,0
47.5863,2.25356,0,0,4.43035,0.241914,0.36288,3.6288,61.308,0.406995,0,0,2.03241,0.194074,1.43134,0.66528,12.849,1,0.629282,0.36288,0,102.907,3.18223,99.4581,0.84672,12.849,0.84672,3695.15,0,36.966,0.2454,2.53702,1.76908,12.1452,0.978642,15.2272,0.42336,36.966,0.42336,423.524,0,1.02816,0,0,3.56518,2.53702,1.028160,1,0,116.117,0,0,0,116.117,0
48.6937,2.27033,0,0,3.97221,0.231552,0.36288,3.6288,61.308,0.407181,0,0,1.29293,0.213809,0.671943,0.66528,12.849,1,0.613022,0.36288,0,80.1006,3.43706,76.4134,0.84672,12.849,0.84672,3695.15,0,36.966,0.245512,1.38681,1.83864,7.26016,1.04993,9.19017,0.42336,36.966,0.42336,423.524,0,1.02816,0,0,2.41497,1.38681,1.028160,1,0,86.2755,0,0,0,86.2755,0
49.0025,2.28176,0,0,3.15083,0.197411,0.36288,3.6288,61.308,0.407367,0,0,1.27957,0.263145,0.609055,0.66528,12.849,1,0.602097,0.36288,0,65.2268,4.0741,60.9135,0.84672,12.849,0.84672,3695.15,0,36.966,0.245624,1.31979,1.83897,8.92384,1.22815,10.6088,0.42336,36.966,0.42336,423.524,0,1.02816,0,0,2.34795,1.31979,1.028160,1,0,72.1314,0,0,0,72.1314,0
48.9426,2.28517,0,0,2.77961,0.191464,0.36288,3.6288,61.308,0.407552,0,0,1.13555,0.257985,0.47001,0.66528,12.849,1,0.599197,0.36288,0,51.6245,3.99073,47.3975,0.84672,12.849,0.84672,3695.15,0,36.966,0.245736,1.32302,1.83929,5.59937,1.1909,7.32504,0.42336,36.966,0.42336,423.524,0,1.02816,0,0,2.35118,1.32302,1.028160,1,0,55.1925,0,0,0,55.1925,0
49.1834,2.2535,0,0,3.032,0.174832,0.36288,3.6288,61.308,0.391983,0,0,1.3538,0.245085,0.716734,0.66528,12.849,1,0.591617,0.36288,0,52.0634,3.78231,48.0524,0.84672,12.849,0.84672,3695.15,0,36.966,0.236348,2.18296,1.83962,6.53943,1.09778,9.22787,0.42336,36.966,0.42336,423.524,0,1.02816,0,0,3.21112,2.18296,1.028160,1,0,57.997,0,0,0,57.997,0
48.7768,2.2562,0,0,2.38784,0.175286,0.36288,3.6288,61.308,0.392166,0,0,1.02546,0.245085,0.388205,0.66528,12.849,1,0.589425,0.36288,0,43.1927,3.78231,39.1839,0.84672,12.849,0.84672,3695.15,0,36.966,0.236459,1.47485,1.81298,5.15351,1.09778,7.1071,0.42336,36.966,0.42336,423.524,0,1.02816,0,0,2.50301,1.47485,1.028160,1,0,46.6792,0,0,0,46.6792,0
48.0844,2.25271,0,0,2.09765,0.174519,0.36288,3.6288,61.308,0.392349,0,0,0.988062,0.245085,0.350628,0.66528,12.849,1,0.593418,0.36288,0,40.1405,3.78231,36.1276,0.84672,12.849,0.84672,3695.15,0,36.966,0.236569,1.28917,1.8133,5.05742,1.09778,6.82555,0.42336,36.966,0.42336,423.524,0,1.02816,0,0,2.31733,1.28917,1.028160,1,0,43.3038,0,0,0,43.3038,0
47.6807,2.24636,0,0,2.37874,0.173211,0.36288,3.6288,61.308,0.392532,0,0,1.03142,0.245085,0.393801,0.66528,12.849,1,0.600268,0.36288,0,45.0113,3.78231,40.9916,0.84672,12.849,0.84672,3695.15,0,36.966,0.236679,1.12136,1.81362,5.85058,1.09778,7.4511,0.42336,36.966,0.42336,423.524,0,1.02816,0,0,2.14952,1.12136,1.028160,1,0,48.8365,0,0,0,48.8365,0
46.9589,2.34915,0,0,2.10391,0.113623,0.36288,3.6288,61.308,0.448625,0,0,0.95059,0.278033,0.223932,0.66528,12.849,1,0.633048,0.36288,0,38.7095,4.7139,33.7255,0.84672,12.849,0.84672,3695.15,0,36.966,0.270501,1.22564,1.81394,5.02457,1.24557,6.54807,0.42336,36.966,0.42336,423.524,0,1.02816,0,0,2.2538,1.22564,1.028160,1,0,40.4975,0,0,0,40.4975,0
45.9834,2.34192,0,0,1.83229,0.102999,0.36288,3.6288,61.308,0.448818,0,0,0.906448,0.283525,0.174106,0.66528,12.849,1,0.640801,0.36288,0,35.6626,4.86916,30.5155,0.84672,12.849,0.84672,3695.15,0,36.966,0.270617,1.19365,1.90882,4.54708,1.27021,6.10872,0.42336,36.966,0.42336,423.524,0,1.02816,0,0,2.22181,1.19365,1.028160,1,0,36.7983,0,0,0,36.7983,0
44.9068,2.33171,0,0,1.71984,0.10189,0.36288,3.6288,61.308,0.449011,0,0,0.850487,0.283525,0.117951,0.66528,12.849,1,0.651541,0.36288,0,33.7079,4.86916,28.5501,0.84672,12.849,0.84672,3695.15,0,36.966,0.270734,1.00958,1.90915,4.20882,1.27021,5.58661,0.42336,36.966,0.42336,423.524,0,1.02816,0,0,2.03774,1.00958,1.028160,1,0,34.2547,0,0,0,34.2547,0
43.6987,2.31997,0,0,1.57542,0.100666,0.36288,3.6288,61.308,0.449204,0,0,0.777954,0.283525,0.0452257,0.66528,12.849,1,0.663804,0.36288,0,30.2458,4.86916,25.0757,0.84672,12.849,0.84672,3695.15,0,36.966,0.27085,0.808963,1.90949,4.02017,1.27021,5.19757,0.42336,36.966,0.42336,423.524,0,1.02816,0,0,1.83712,0.808963,1.028160,1,0,30.3185,0,0,0,30.3185,0
42.5372,2.3062,0,0,1.57395,0.0663386,0.36288,3.6288,61.308,0.449397,0,0,0.856077,0.315928,0.0907519,0.66528,12.849,1,0.678106,0.36288,0,27.7648,5.16838,22.2812,0.84672,12.849,0.84672,3695.15,0,36.966,0.270966,0.899173,1.90983,3.74929,1.3849,4.90243,0.42336,36.966,0.42336,423.524,0,1.02816,0,0,1.92733,0.899173,1.028160,1,0,27.2744,0,0,0,27.2744,0
41.3889,2.27185,0,0,1.54644,0.0600778,0.36288,3.6288,61.308,0.480347,0,0,0.924981,0.323705,0.120929,0.66528,12.849,1,0.686247,0.36288,0,26.3136,5.20537,20.7848,0.84672,12.849,0.84672,3695.15,0,36.966,0.289628,0.940887,1.91017,3.70259,1.42304,4.84098,0.42336,36.966,0.42336,423.524,0,1.02816,0,0,1.96905,0.940887,1.028160,1,0,25.7467,0,0,0,25.7467,0
40.1604,2.25772,0,0,1.45142,0.0592773,0.36288,3.6288,61.308,0.480545,0,0,0.814009,0.323705,0.00975879,0.66528,12.849,1,0.700901,0.36288,0,24.0429,5.20537,18.4995,0.84672,12.849,0.84672,3695.15,0,36.966,0.289747,0.868044,1.94359,3.51384,1.42304,4.61269,0.42336,36.966,0.42336,423.524,0,1.02816,0,0,1.8962,0.868044,1.028160,1,0,23.1219,0,0,0,23.1219,0
38.8566,2.24188,0,0,1.35937,0.0584209,0.36288,3.6288,61.2625,0.480743,0,0,0.758981,0.323705,0,0.66528,12.849,1,0.71727,0.36288,0,23.0078,5.20537,17.448,0.84672,12.849,0.84672,3695.15,0,36.966,0.289867,0.763448,1.94393,3.32588,1.42304,4.32036,0.42336,36.966,0.42336,423.524,0,1.02816,0,0,1.79161,0.763448,1.028160,1,0,21.7684,0,0,0,21.7684,0
37.4707,2.22418,0,0,1.2543,0.0530787,0.36288,3.6288,61.206,0.480808,0,0,0.752075,0.327777,0,0.66528,12.849,1,0.735487,0.36288,0,20.2078,5.29338,14.5418,0.84672,12.849,0.84672,3695.15,0,36.966,0.290121,0.469912,1.94427,3.05768,1.42483,3.75692,0.42336,36.966,0.42336,423.524,0,1.02816,0,0,1.49807,0.469912,1.028160,1,0,18.2988,0,0,0,18.2988,0
35.8889,2.25576,0,0,1.07866,0.0418785,0.36288,3.6288,61.0728,0.508252,0,0,0.701707,0.326703,0,0.66528,12.849,1,0.773517,0.36288,0,21.2437,5.57277,15.2603,0.84672,12.849,0.84672,3695.15,0,36.966,0.306964,0.512162,1.94462,2.94555,1.39399,3.70137,0.42336,36.966,0.42336,423.524,0,1.02816,0,0,1.54032,0.512162,1.028160,1,0,18.9617,0,0,0,18.9617,0
34.2357,2.23105,0,0,0.981841,0.0410983,0.36288,3.6288,60.8171,0.508038,0,0,0.578769,0.326427,0,0.66528,12.849,1,0.798764,0.36288,0,17.1107,5.57277,11.102,0.84672,12.849,0.84672,3695.15,0,36.966,0.307504,0.545443,1.99188,2.73708,1.39399,3.57291,0.42336,36.966,0.42336,423.524,0,1.02816,0,0,1.5736,0.545443,1.028160,1,0,14.6749,0,0,0,14.6749,0
32.5221,2.20339,0,0,0.892961,0.0402829,0.36288,3.6288,60.5227,0.507437,0,0,0.539004,0.325899,0,0.66528,12.849,1,0.826956,0.36288,0,15.951,5.57277,9.91415,0.84672,12.849,0.84672,3695.15,0,36.966,0.308432,0.300171,1.99223,2.43927,1.39399,3.02925,0.42336,36.966,0.42336,423.524,0,1.02816,0,0,1.32833,0.300171,1.028160,1,0,12.9434,0,0,0,12.9434,0
30.913,2.18417,0,0,0.972432,0.0344382,0.36288,3.6288,60.3288,0.506708,0,0,0.636221,0.323499,0,0.66528,12.849,1,0.84672,0.36288,0,16.0264,5.68091,9.86168,0.84672,12.849,0.84672,3695.15,0,36.966,0.309486,0.645797,1.99258,3.44898,1.4199,4.35798,0.42336,36.966,0.42336,423.524,0,1.02816,0,0,1.67396,0.645797,1.028160,1,0,14.2197,0,0,0,14.2197,0
29.0335,2.38716,0,0,0.92321,0.0527493,0.36288,3.6288,60.0732,0.604771,0,0,0.632293,0.283124,0,0.66528,12.849,1,0.84672,0.36288,0,15.4856,5.42679,9.57493,0.84672,12.849,0.84672,3695.15,0,36.966,0.370569,0.549729,1.99294,2.48968,1.36534,3.29644,0.42336,36.966,0.42336,423.524,0,1.02816,0,0,1.57789,0.549729,1.028160,1,0,12.8714,0,0,0,12.8714,0
27.0221,2.38773,0,0,0.80079,0.0615358,0.36288,3.6288,59.7885,0.604014,0,0,0.597515,0.278181,0,0.66528,12.849,1,0.84672,0.36288,0,15.3831,5.27499,9.62426,0.84672,12.849,0.84672,3695.15,0,36.966,0.37168,0.368505,2.15393,2.05014,1.32316,2.87774,0.42336,36.966,0.42336,423.524,0,1.02816,0,0,1.39666,0.368505,1.028160,1,0,12.502,0,0,0,12.502,0
25.0662,2.3883,0,0,0.855127,0.059856,0.36288,3.6288,59.5134,0.60314,0,0,0.605782,0.277677,0,0.66528,12.849,1,0.84672,0.36288,0,15.3798,5.27499,9.62097,0.84672,12.849,0.84672,3695.15,0,36.966,0.372909,0.484376,2.15431,2.47606,1.32316,3.41868,0.42336,36.966,0.42336,423.524,0,1.02816,0,0,1.51254,0.484376,1.028160,1,0,13.0397,0,0,0,13.0397,0
23.2207,2.38887,0,0,0.964423,0.0582225,0.36288,3.6288,59.26,0.602295,0,0,0.62606,0.277189,0,0.66528,12.849,1,0.84672,0.36288,0,14.7115,5.27499,8.95267,0.84672,12.849,0.84672,3695.15,0,36.966,0.374108,0.440165,2.15469,2.75224,1.32316,3.64983,0.42336,36.966,0.42336,423.524,0,1.02816,0,0,1.46832,0.440165,1.028160,1,0,12.6025,0,0,0,12.6025,0
21.2663,2.38945,0,0,0.863283,0.0653122,0.36288,3.6288,58.9471,0.601528,0,0,0.520982,0.232353,0,0.66528,12.849,1,0.84672,0.36288,0,17.8733,5.13023,12.2592,0.84672,12.849,0.84672,3695.15,0,36.966,0.375229,0.385154,2.15508,2.05469,1.2414,2.97829,0.42336,36.966,0.42336,423.524,0,1.02816,0,0,1.41331,0.385154,1.028160,1,0,15.2375,0,0,0,15.2375,0
19.5614,2.29126,0,0,1.03432,0.085092,0.36288,3.6288,58.9468,0.541225,0,0,0.708679,0.1678,0,0.66528,12.849,1,0.84672,0.36288,0,21.7731,4.77277,16.5164,0.84672,12.849,0.84672,3695.15,0,36.966,0.339404,1.03021,2.15546,2.62291,1.12047,4.34869,0.42336,36.966,0.42336,423.524,0,1.02816,0,0,2.05837,1.03021,1.028160,1,0,20.8651,0,0,0,20.8651,0
17.9867,2.29182,0,0,1.16309,0.0831119,0.36288,3.6288,59.2705,0.541431,0,0,1.03295,0.167799,0,0.66528,12.849,1,0.84672,0.36288,0,24.4597,4.77277,19.2031,0.84672,12.849,0.84672,3695.15,0,36.966,0.339536,1.7804,2.06279,3.44798,1.12047,5.83117,0.42336,36.966,0.42336,423.524,0,1.02816,0,0,2.80856,1.7804,1.028160,1,0,25.0342,0,0,0,25.0342,0
16.2826,2.29237,0,0,1.03249,0.0812829,0.36288,3.6288,59.364,0.542781,0,0,0.804462,0.168148,0,0.66528,12.849,1,0.84672,0.36288,0,21.3347,4.77277,16.0781,0.84672,12.849,0.84672,3695.15,0,36.966,0.338523,1.24868,2.06315,2.64544,1.12047,4.49828,0.42336,36.966,0.42336,423.524,0,1.02816,0,0,2.27684,1.24868,1.028160,1,0,20.5763,0,0,0,20.5763,0
14.8863,2.29293,0,0,1.34909,0.0895874,0.36288,3.6288,59.8544,0.543318,0,0,1.19995,0.166231,0,0.66528,12.849,1,0.84672,0.36288,0,29.3954,4.79224,24.1194,0.84672,12.849,0.84672,3695.15,0,36.966,0.338324,2.62838,2.06352,4.18421,1.14527,7.39252,0.42336,36.966,0.42336,423.524,0,1.02816,0,0,3.65654,2.62838,1.028160,1,0,31.5119,0,0,0,31.5119,0
13.955,2.21236,0,0,1.75236,0.108474,0.36288,3.6288,60.1088,0.490909,0,0,0.917308,0.172003,0,0.66528,12.849,1,0.84672,0.36288,0,43.8226,4.07956,39.2592,0.84672,12.849,0.84672,3695.15,0,36.966,0.303185,0.78808,2.06388,2.86263,0.881971,4.52944,0.42336,36.966,0.42336,423.524,0,1.02816,0,0,1.81624,0.78808,1.028160,1,0,43.7886,0,0,0,43.7886,0
14.7577,2.2129,0,0,3.48487,0.10634,0.36288,3.6288,61.1493,0.491903,0,0,1.70467,0.172282,0,0.66528,12.849,1,0.84672,0.36288,0,64.6296,4.07956,60.0662,0.84672,12.849,0.84672,3695.15,0,36.966,0.302513,1.83806,1.98115,5.85438,0.881971,8.4891,0.42336,36.966,0.42336,423.524,0,1.02816,0,0,2.86622,1.83806,1.028160,1,0,68.5553,0,0,0,68.5553,0
14.6778,2.21344,0,0,2.60454,0.108179,0.36288,3.6288,61.308,0.495312,0,0,1.79296,0.173424,0.96553,0.66528,12.849,1,0.84672,0.36288,0,45.3901,4.07956,40.8267,0.84672,12.849,0.84672,3695.15,0,36.966,0.299426,2.12461,1.9815,4.56594,0.881971,7.49065,0.42336,36.966,0.42336,423.524,0,1.02816,0,0,3.15277,2.12461,1.028160,1,0,49.2828,0,0,0,49.2828,0
15.3497,2.21398,0,0,3.37887,0.130072,0.36288,3.6288,61.308,0.495996,0,0,1.34906,0.187395,0.665667,0.66528,12.849,1,0.84672,0.36288,0,60.6396,4.31152,55.8442,0.84672,12.849,0.84672,3695.15,0,36.966,0.299064,1.28964,1.98185,7.86447,0.936125,9.90077,0.42336,36.966,0.42336,423.524,0,1.02816,0,0,2.3178,1.28964,1.028160,1,0,66.4107,0,0,0,66.4107,0
18.7365,2.33127,0,0,6.22413,0.143214,0.36288,3.6288,61.308,0.50748,0,0,2.21589,0.183335,1.52508,0.66528,12.849,1,0.84672,0.36288,0,110.271,4.10907,105.678,0.84672,12.849,0.84672,3695.15,0,36.966,0.305988,3.31246,1.9822,9.99484,0.911784,14.0717,0.42336,36.966,0.42336,423.524,0,1.02816,0,0,4.34062,3.31246,1.028160,1,0,121.274,0,0,0,121.274,0
19.3428,2.33183,0,0,3.44993,0.148866,0.36288,3.6288,61.308,0.507683,0,0,1.51269,0.177572,0.827436,0.66528,12.849,1,0.84672,0.36288,0,74.1666,3.9585,69.7243,0.84672,12.849,0.84672,3695.15,0,36.966,0.30611,2.09802,2.0184,5.63961,0.885802,8.56412,0.42336,36.966,0.42336,423.524,0,1.02816,0,0,3.12618,2.09802,1.028160,1,0,79.1158,0,0,0,79.1158,0
19.8007,2.33239,0,0,3.30332,0.150142,0.36288,3.6288,61.308,0.507886,0,0,1.44717,0.177572,0.761707,0.66528,12.849,1,0.84672,0.36288,0,69.5641,3.9585,65.1218,0.84672,12.849,0.84672,3695.15,0,36.966,0.306233,2.12376,2.01875,5.72301,0.885802,8.67348,0.42336,36.966,0.42336,423.524,0,1.02816,0,0,3.15192,2.12376,1.028160,1,0,74.5569,0,0,0,74.5569,0
20.2348,2.33296,0,0,3.27931,0.149414,0.36288,3.6288,61.308,0.508089,0,0,1.36496,0.200827,0.656048,0.66528,12.849,1,0.84672,0.36288,0,79.8466,4.52671,74.836,0.84672,12.849,0.84672,3695.15,0,36.966,0.306355,1.6408,2.01911,6.33416,1.14396,8.54375,0.42336,36.966,0.42336,423.524,0,1.02816,0,0,2.66896,1.6408,1.028160,1,0,84.0358,0,0,0,84.0358,0
21.138,2.33352,0,0,3.7544,0.154836,0.36288,3.6288,61.308,0.508292,0,0,1.85827,0.23276,1.11722,0.66528,12.849,1,0.84672,0.36288,0,85.7606,5.02577,80.251,0.84672,12.849,0.84672,3695.15,0,36.966,0.306478,1.9023,2.01947,6.73821,1.41316,8.94035,0.42336,36.966,0.42336,423.524,0,1.02816,0,0,2.93046,1.9023,1.028160,1,0,90.3086,0,0,0,90.3086,0
24.3694,2.43371,0,0,6.20893,0.180903,0.36288,3.6288,61.308,0.545669,0,0,2.77613,0.185788,2.04467,0.66528,12.849,1,0.84672,0.36288,0,136.736,3.36627,132.886,0.84672,12.849,0.84672,3695.15,0,36.966,0.329014,3.02517,2.01982,10.8423,0.95087,14.6074,0.42336,36.966,0.42336,423.524,0,1.02816,0,0,4.05333,3.02517,1.028160,1,0,149.538,0,0,0,149.538,0
28.4773,2.43425,0,0,7.09001,0.185016,0.36288,3.6288,61.308,0.545867,0,0,2.5537,0.160412,1.84742,0.66528,12.849,1,0.84672,0.36288,0,137.232,2.80707,133.941,0.84672,12.849,0.84672,3695.15,0,36.966,0.329134,2.95034,2.08489,10.8463,0.791059,14.7614,0.42336,36.966,0.42336,423.524,0,1.02816,0,0,3.9785,2.95034,1.028160,1,0,150.55,0,0,0,150.55,0
30.7515,2.4348,0,0,5.26793,0.196028,0.36288,3.6288,61.308,0.546065,0,0,2.27745,0.160412,1.57098,0.66528,12.849,1,0.84672,0.36288,0,97.6476,2.80707,94.3566,0.84672,12.849,0.84672,3695.15,0,36.966,0.329253,2.58708,2.08524,8.40776,0.791059,11.9598,0.42336,36.966,0.42336,423.524,0,1.02816,0,0,3.61524,2.58708,1.028160,1,0,107.887,0,0,0,107.887,0
36.4798,2.43534,0,0,8.72869,0.202125,0.36288,3.6288,61.308,0.546262,0,0,3.08178,0.160412,2.37511,0.66528,12.849,1,0.84672,0.36288,0,134.856,2.80707,131.565,0.84672,12.849,0.84672,3695.15,0,36.966,0.329372,3.63461,2.08558,12.1708,0.791059,16.7706,0.42336,36.966,0.42336,423.524,0,1.02816,0,0,4.66277,3.63461,1.028160,1,0,150.71,0,0,0,150.71,0
38.7664,2.37318,0,0,5.22363,0.201031,0.36288,3.6288,61.308,0.541054,0,0,3.15663,0.161261,2.45432,0.66528,12.849,1,0.835888,0.36288,0,97.8834,3.22071,94.1897,0.84672,12.849,0.84672,3695.15,0,36.966,0.326231,2.70912,2.08593,10.3037,0.98531,13.7872,0.42336,36.966,0.42336,423.524,0,1.02816,0,0,3.73728,2.70912,1.028160,1,0,110.431,0,0,0,110.431,0
40.1628,2.41062,0,0,4.37374,0.203781,0.36288,3.6288,61.308,0.541251,0,0,3.77354,0.161403,3.07088,0.66528,12.849,1,0.798992,0.36288,0,102.491,3.28965,98.7654,0.84672,12.849,0.84672,3695.15,0,36.966,0.32635,4.68845,2.0658,14.4867,1.01769,19.8969,0.42336,36.966,0.42336,423.524,0,1.02816,0,0,5.71661,4.68845,1.028160,1,0,121.733,0,0,0,121.733,0
41.6186,2.43207,0,0,4.47373,0.223032,0.36288,3.6288,61.308,0.541448,0,0,2.48508,0.150098,1.79353,0.66528,12.849,1,0.778074,0.36288,0,129.097,3.35531,125.327,0.84672,12.849,0.84672,3695.15,0,36.966,0.326469,3.36782,2.06615,10.7285,0.988936,14.847,0.42336,36.966,0.42336,423.524,0,1.02816,0,0,4.39598,3.36782,1.028160,1,0,141.967,0,0,0,141.967,0
46.6298,2.45327,0,0,8.09478,0.267441,0.36288,3.6288,61.308,0.541644,0,0,2.80586,0.169314,2.0949,0.66528,12.849,1,0.757404,0.36288,0,138.415,3.3485,134.672,0.84672,12.849,0.84672,3695.15,0,36.966,0.326588,6.17882,2.06649,14.0728,1.00199,20.9896,0.42336,36.966,0.42336,423.524,0,1.02816,0,0,7.20698,6.17882,1.028160,1,0,157.756,0,0,0,157.756,0
51.0293,2.46811,0,0,7.49237,0.261811,0.36288,3.6288,61.308,0.499451,0,0,3.7595,0.186744,3.0733,0.66528,12.849,1,0.680097,0.36288,0,165.253,3.88523,161.051,0.84672,12.849,0.84672,3695.15,0,36.966,0.301147,4.12694,2.06683,15.0172,1.03839,19.8714,0.42336,36.966,0.42336,423.524,0,1.02816,0,0,5.1551,4.12694,1.028160,1,0,183.995,0,0,0,183.995,0
55.7125,2.51537,0,0,7.83086,0.269393,0.36288,3.6288,61.308,0.499641,0,0,3.55476,0.187363,2.86776,0.66528,12.849,1,0.633361,0.36288,0,169.837,3.98097,165.586,0.84672,12.849,0.84672,3695.15,0,36.966,0.301261,4.09271,2.00287,15.8136,1.04102,20.5669,0.42336,36.966,0.42336,423.524,0,1.02816,0,0,5.12087,4.09271,1.028160,1,0,189.021,0,0,0,189.021,0
60.3254,2.55906,0,0,7.77799,0.243203,0.36288,3.6288,61.308,0.499831,0,0,3.23795,0.163298,2.57482,0.66528,12.849,1,0.590196,0.36288,0,183.16,3.63219,179.301,0.84672,12.849,0.84672,3695.15,0,36.966,0.301376,4.2231,2.00321,16.2557,0.990923,21.1897,0.42336,36.966,0.42336,423.524,0,1.02816,0,0,5.25126,4.2231,1.028160,1,0,203.065,0,0,0,203.065,0
63.8409,2.5967,0,0,6.74784,0.272805,0.36288,3.6288,61.308,0.500021,0,0,2.70886,0.154584,2.05425,0.66528,12.849,1,0.553083,0.36288,0,156.37,3.83403,152.346,0.84672,12.849,0.84672,3695.15,0,36.966,0.30149,3.33676,2.00354,12.8752,1.01566,16.8983,0.42336,36.966,0.42336,423.524,0,1.02816,0,0,4.36492,3.33676,1.028160,1,0,171.298,0,0,0,171.298,0
65.9833,2.62249,0,0,5.42355,0.295775,0.36288,3.6288,61.308,0.500211,0,0,2.47756,0.173922,1.80343,0.66528,12.849,1,0.527817,0.36288,0,122.056,4.28436,117.607,0.84672,12.849,0.84672,3695.15,0,36.966,0.301605,2.5216,2.00387,10.1117,1.061,13.2745,0.42336,36.966,0.42336,423.524,0,1.02816,0,0,3.54976,2.5216,1.028160,1,0,132.685,0,0,0,132.685,0
68.4908,2.73363,0,0,5.89769,0.293669,0.36288,3.6288,61.308,0.546323,0,0,3.02158,0.194728,2.28053,0.66528,12.849,1,0.532323,0.36288,0,115.201,4.63764,110.394,0.84672,12.849,0.84672,3695.15,0,36.966,0.329409,3.86258,2.00421,12.4031,1.08822,16.8522,0.42336,36.966,0.42336,423.524,0,1.02816,0,0,4.89074,3.86258,1.028160,1,0,129.527,0,0,0,129.527,0
69.5812,2.7505,0,0,4.50335,0.299537,0.36288,3.6288,61.308,0.546521,0,0,2.5431,0.194728,1.80185,0.66528,12.849,1,0.515998,0.36288,0,85.86,4.63764,81.0692,0.84672,12.849,0.84672,3695.15,0,36.966,0.329528,2.5234,2.08299,9.98352,1.08822,13.1722,0.42336,36.966,0.42336,423.524,0,1.02816,0,0,3.55156,2.5234,1.028160,1,0,96.0432,0,0,0,96.0432,0
69.8177,2.75778,0,0,3.65926,0.302089,0.36288,3.6288,61.308,0.546719,0,0,2.00184,0.194728,1.2604,0.66528,12.849,1,0.509257,0.36288,0,68.5774,4.63764,63.7934,0.84672,12.849,0.84672,3695.15,0,36.966,0.329647,1.88053,2.08333,7.61996,1.08822,10.166,0.42336,36.966,0.42336,423.524,0,1.02816,0,0,2.90869,1.88053,1.028160,1,0,75.2197,0,0,0,75.2197,0
69.7715,2.7597,0,0,3.34863,0.2723,0.36288,3.6288,61.308,0.546916,0,0,1.69455,0.207828,0.93981,0.66528,12.849,1,0.507885,0.36288,0,61.9792,4.70424,57.13,0.84672,12.849,0.84672,3695.15,0,36.966,0.329766,1.59667,2.08368,6.74649,1.09181,9.00527,0.42336,36.966,0.42336,423.524,0,1.02816,0,0,2.62483,1.59667,1.028160,1,0,67.0751,0,0,0,67.0751,0
69.562,2.72183,0,0,3.18012,0.304853,0.36288,3.6288,61.308,0.529266,0,0,1.23214,0.165173,0.537702,0.66528,12.849,1,0.501248,0.36288,0,55.3084,3.60339,51.5667,0.84672,12.849,0.84672,3695.15,0,36.966,0.319124,1.07084,2.08403,5.07739,1.0072,6.90594,0.42336,36.966,0.42336,423.524,0,1.02816,0,0,2.099,1.07084,1.028160,1,0,59.0103,0,0,0,59.0103,0
69.1868,2.72101,0,0,2.91675,0.208081,0.36288,3.6288,61.308,0.529461,0,0,1.05515,0.210951,0.31474,0.66528,12.849,1,0.502606,0.36288,0,50.4928,4.00701,46.346,0.84672,12.849,0.84672,3695.15,0,36.966,0.319241,0.902249,2.05383,4.732,1.0313,6.33754,0.42336,36.966,0.42336,423.524,0,1.02816,0,0,1.93041,0.902249,1.028160,1,0,52.9983,0,0,0,52.9983,0
68.7348,2.71917,0,0,2.83748,0.207476,0.36288,3.6288,61.308,0.529656,0,0,1.16387,0.210951,0.423262,0.66528,12.849,1,0.504989,0.36288,0,48.7994,4.00701,44.6503,0.84672,12.849,0.84672,3695.15,0,36.966,0.319359,1.11415,2.05417,5.48658,1.0313,7.30425,0.42336,36.966,0.42336,423.524,0,1.02816,0,0,2.14231,1.11415,1.028160,1,0,52.3778,0,0,0,52.3778,0
68.1936,2.71682,0,0,2.74533,0.206747,0.36288,3.6288,61.308,0.52985,0,0,1.16847,0.210951,0.427672,0.66528,12.849,1,0.507871,0.36288,0,46.2649,4.00701,42.1129,0.84672,12.849,0.84672,3695.15,0,36.966,0.319476,0.85466,2.05451,4.8144,1.0313,6.3728,0.42336,36.966,0.42336,423.524,0,1.02816,0,0,1.88282,0.85466,1.028160,1,0,48.9133,0,0,0,48.9133,0
68.0385,2.53197,0,0,2.8938,0.154041,0.36288,3.6288,61.308,0.458441,0,0,1.04989,0.257135,0.334314,0.66528,12.849,1,0.477073,0.36288,0,49.0744,5.06421,43.896,0.84672,12.849,0.84672,3695.15,0,36.966,0.27642,0.798379,2.05485,4.58914,1.23655,5.9294,0.42336,36.966,0.42336,423.524,0,1.02816,0,0,1.82654,0.798379,1.028160,1,0,50.1597,0,0,0,50.1597,0
67.6885,2.53148,0,0,2.67743,0.133146,0.36288,3.6288,61.308,0.458624,0,0,1.01774,0.275608,0.283508,0.66528,12.849,1,0.478067,0.36288,0,47.3804,5.48709,41.7781,0.84672,12.849,0.84672,3695.15,0,36.966,0.27653,0.703953,1.92601,4.21747,1.31865,5.25225,0.42336,36.966,0.42336,423.524,0,1.02816,0,0,1.73211,0.703953,1.028160,1,0,47.3139,0,0,0,47.3139,0
67.1116,2.52982,0,0,2.44865,0.13278,0.36288,3.6288,61.308,0.458807,0,0,0.952612,0.275608,0.218197,0.66528,12.849,1,0.480225,0.36288,0,44.4382,5.48709,38.8338,0.84672,12.849,0.84672,3695.15,0,36.966,0.27664,0.566326,1.92633,3.85554,1.31865,4.7529,0.42336,36.966,0.42336,423.524,0,1.02816,0,0,1.59449,0.566326,1.028160,1,0,43.8049,0,0,0,43.8049,0
66.4141,2.52678,0,0,2.32432,0.132178,0.36288,3.6288,61.308,0.45899,0,0,0.8694,0.275608,0.134802,0.66528,12.849,1,0.48377,0.36288,0,40.2704,5.48709,34.6625,0.84672,12.849,0.84672,3695.15,0,36.966,0.27675,0.394088,1.92665,3.61882,1.31865,4.34415,0.42336,36.966,0.42336,423.524,0,1.02816,0,0,1.42225,0.394088,1.028160,1,0,39.1414,0,0,0,39.1414,0
65.2979,2.52294,0,0,1.88417,0.114569,0.36288,3.6288,61.2875,0.461771,0,0,0.723982,0.282681,0,0.66528,12.849,1,0.488108,0.36288,0,36.345,5.38629,30.8335,0.84672,12.849,0.84672,3695.15,0,36.966,0.278427,0.30119,1.92697,3.15457,1.32403,3.78027,0.42336,36.966,0.42336,423.524,0,1.024,0,0,1.32519,0.30119,1.028160,1,0,34.6138,0,0,0,34.6138,0
63.7942,2.49385,0,0,1.44803,0.0950029,0.36288,3.6288,60.9548,0.567151,0,0,0.545755,0.311298,0,0.66528,12.849,1,0.490728,0.36288,0,34.7591,5.0463,29.5849,0.84672,12.849,0.84672,3695.15,0,36.966,0.342081,0.30119,1.92729,2.69611,1.40405,3.17846,0.42336,36.966,0.42336,423.524,0,0.904997,0,0,1.20619,0.30119,1.028160,1,0,32.7634,0,0,0,32.7634,0
62.2295,2.48464,0,0,1.37673,0.0938582,0.36288,3.6288,60.5962,0.567107,0,0,0.519086,0.310643,0,0.66528,12.849,1,0.500439,0.36288,0,31.6603,5.0463,26.4765,0.84672,12.849,0.84672,3695.15,0,36.966,0.343922,0.261274,1.96098,2.57576,1.40405,3.05005,0.42336,36.966,0.42336,423.524,0,0.903502,0,0,1.16478,0.261274,1.028160,1,0,29.5265,0,0,0,29.5265,0
60.5747,2.47462,0,0,1.27533,0.0926672,0.36288,3.6288,60.1442,0.600171,0,0,0.458107,0.309937,0,0.66528,12.849,1,0.510953,0.36288,0,29.7345,5.0463,24.5401,0.84672,12.849,0.84672,3695.15,0,36.966,0.366127,0.261274,1.96131,2.42889,1.40405,2.8813,0.42336,36.966,0.42336,423.524,0,0.848534,0,0,1.10981,0.261274,1.028160,1,0,27.4214,0,0,0,27.4214,0
58.8705,2.46351,0,0,1.21358,0.0914075,0.36288,3.6288,59.6312,0.643025,0,0,0.439061,0.309048,0,0.66528,12.849,1,0.522556,0.36288,0,28.1615,5.0463,22.9555,0.84672,12.849,0.84672,3695.15,0,36.966,0.395218,0.261274,1.96164,2.31853,1.40405,2.74217,0.42336,36.966,0.42336,423.524,0,0.776891,0,0,1.03817,0.261274,1.028160,1,0,25.6977,0,0,0,25.6977,0
56.9014,2.50871,0,0,0.972855,0.0703201,0.36288,3.6288,58.8624,0.881153,0,0,0.419368,0.307005,0,0.66528,12.849,1,0.547549,0.36288,0,23.0179,5.29481,17.5384,0.84672,12.849,0.84672,3695.15,0,36.966,0.42336,0.261274,1.96196,2.38592,1.3443,2.84149,0.42336,36.966,0.42336,423.524,0,0.555284,0,0,0.816558,0.261274,1.028160,1,0,20.3799,0,0,0,20.3799,0
54.907,2.49367,0,0,0.927141,0.0650239,0.36288,3.6288,58.1991,0.70912,0,0,0.370099,0.324264,0,0.66528,12.849,1,0.5631,0.36288,0,21.9721,5.65729,16.1146,0.84672,12.849,0.84672,3695.15,0,36.966,0.42336,0.261274,2.00962,2.03888,1.45496,2.43146,0.42336,36.966,0.42336,423.524,0,0.727626,0,0,0.9889,0.261274,1.028160,1,0,18.5461,0,0,0,18.5461,0
53.0706,2.47751,0,0,1.06777,0.0637458,0.36288,3.6288,57.5939,0.739954,0,0,0.457669,0.322883,0,0.66528,12.849,1,0.579771,0.36288,0,25.3562,5.65729,19.4821,0.84672,12.849,0.84672,3695.15,0,36.966,0.42336,0.227405,2.00996,2.41066,1.45496,2.7697,0.42336,36.966,0.42336,423.524,0,0.697101,0,0,0.924506,0.227405,1.028160,1,0,22.2518,0,0,0,22.2518,0
51.0989,2.46177,0,0,0.915443,0.0625689,0.36288,3.6288,56.8252,0.812269,0,0,0.365176,0.321623,0,0.66528,12.849,1,0.596021,0.36288,0,24.2524,5.65729,18.362,0.84672,12.849,0.84672,3695.15,0,36.966,0.42336,0.227405,2.01029,2.17009,1.45496,2.52947,0.42336,36.966,0.42336,423.524,0,0.625095,0,0,0.8525,0.227405,1.028160,1,0,20.8914,0,0,0,20.8914,0
49.072,2.607,0,0,0.988528,0.0454901,0.36288,3.6288,55.9952,0.898078,0,0,0.404259,0.33614,0,0.66528,12.849,1,0.655541,0.36288,0,22.5834,5.90191,16.3888,0.84672,12.849,0.84672,3695.15,0,36.966,0.42336,0.227405,2.01063,2.36726,1.5436,2.63833,0.42336,36.966,0.42336,423.524,0,0.699823,0,0,0.927227,0.227405,1.028160,1,0,19.0272,0,0,0,19.0272,0
47.2714,2.58598,0,0,1.18116,0.0329147,0.36288,3.6288,55.4309,0.714287,0,0,0.496277,0.346349,0,0.66528,12.849,1,0.677111,0.36288,0,27.1144,6.08538,20.7148,0.84672,12.849,0.84672,3695.15,0,36.966,0.42336,0.227405,2.17303,2.58257,1.61008,2.94956,0.42336,36.966,0.42336,423.524,0,0.88395,0,0,1.11135,0.227405,1.028160,1,0,23.6643,0,0,0,23.6643,0
45.2578,2.56612,0,0,0.947678,0.0322755,0.36288,3.6288,54.5646,0.911494,0,0,0.390239,0.34507,0,0.66528,12.849,1,0.697507,0.36288,0,31.8926,6.08538,25.4726,0.84672,12.849,0.84672,3695.15,0,36.966,0.42336,0.204422,2.17339,2.1453,1.61008,2.48968,0.42336,36.966,0.42336,423.524,0,0.687079,0,0,0.891501,0.204422,1.028160,1,0,27.9622,0,0,0,27.9622,0
43.4433,2.54237,0,0,1.12234,0.0315606,0.36288,3.6288,54.2245,0.592623,0,0,0.595687,0.343107,0,0.66528,12.849,1,0.721798,0.36288,0,27.3742,6.08538,20.9299,0.84672,12.849,0.84672,3695.15,0,36.966,0.401486,0.312924,2.17375,2.9011,1.61008,3.37622,0.42336,36.966,0.42336,423.524,0,1.02816,0,0,1.34108,0.312924,1.028160,1,0,24.3061,0,0,0,24.3061,0
41.4512,2.51953,0,0,0.929102,0.038801,0.36288,3.6288,53.4541,0.849382,0,0,0.400284,0.321338,0,0.66528,12.849,1,0.745187,0.36288,0,23.7317,5.76532,17.5841,0.84672,12.849,0.84672,3695.15,0,36.966,0.42336,0.204422,2.17411,2.8587,1.54162,3.27226,0.42336,36.966,0.42336,423.524,0,0.749862,0,0,0.954285,0.204422,1.028160,1,0,20.8564,0,0,0,20.8564,0
39.0625,2.41655,0,0,0.444606,0.0538666,0.36288,3.6288,52.1832,1.1856,0,0,0.204959,0.29026,0,0.66528,12.849,1,0.74908,0.36288,0,17.3148,5.61215,11.3165,0.84672,12.849,0.84672,3695.15,0,36.966,0.42336,0.204422,2.17447,1.69484,1.6223,2.02807,0.42336,36.966,0.42336,423.524,0,0.316645,0,0,0.521067,0.204422,1.028160,1,0,13.3445,0,0,0,13.3445,0
37.1509,2.38248,0,0,0.886106,0.052375,0.36288,3.6288,51.5266,0.708993,0,0,0.339765,0.287319,0,0.66528,12.849,1,0.783678,0.36288,0,18.5965,5.61215,12.5635,0.84672,12.849,0.84672,3695.15,0,36.966,0.42336,0.216518,2.08096,2.77248,1.6223,3.0243,0.42336,36.966,0.42336,423.524,0,0.793575,0,0,1.01009,0.216518,1.028160,1,0,15.5878,0,0,0,15.5878,0
34.7821,2.35291,0,0,0.398226,0.0512175,0.36288,3.6288,50.2705,1.16914,0,0,0.198831,0.2858,0,0.66528,12.849,1,0.813776,0.36288,0,15.9699,5.61215,9.90688,0.84672,12.849,0.84672,3695.15,0,36.966,0.42336,0.216518,2.08131,1.49875,1.6223,1.75091,0.42336,36.966,0.42336,423.524,0,0.333751,0,0,0.550269,0.216518,1.028160,1,0,11.6578,0,0,0,11.6578,0
32.4996,2.32049,0,0,0.45065,0.0497832,0.36288,3.6288,49.0189,1.20175,0,0,0.23307,0.282894,0,0.66528,12.849,1,0.84672,0.36288,0,12.82,5.61215,6.72405,0.84672,12.849,0.84672,3695.15,0,36.966,0.42336,0.216518,2.08166,1.66893,1.6223,1.92144,0.42336,36.966,0.42336,423.524,0,0.301459,0,0,0.517977,0.216518,1.028160,1,0,8.64549,0,0,0,8.64549,0
30.8378,2.23918,0,0,1.01664,0.0763774,0.36288,3.6288,48.5394,0.685328,0,0,0.405428,0.19963,0,0.66528,12.849,1,0.84672,0.36288,0,17.9345,4.34007,13.1106,0.84672,12.849,0.84672,3695.15,0,36.966,0.42336,0.216518,2.082,2.73763,0.970635,3.64215,0.42336,36.966,0.42336,423.524,0,0.729544,0,0,0.946063,0.216518,1.028160,1,0,16.7527,0,0,0,16.7527,0
29.9344,2.2397,0,0,1.83386,0.134737,0.36288,3.6288,48.1511,0.621378,0,0,0.4101,0.177079,0,0.66528,12.849,1,0.84672,0.36288,0,32.4476,4.45542,27.5083,0.84672,12.849,0.84672,3695.15,0,36.966,0.42336,0.216518,1.99852,3.39058,1.04252,4.13973,0.42336,36.966,0.42336,423.524,0,0.7938,0,0,1.01032,0.216518,1.028160,1,0,31.6481,0,0,0,31.6481,0
28.6605,2.24021,0,0,1.4748,0.145572,0.36288,3.6288,47.4775,0.809689,0,0,0.310746,0.17465,0,0.66528,12.849,1,0.84672,0.36288,0,25.2823,4.47489,20.3236,0.84672,12.849,0.84672,3695.15,0,36.966,0.42336,0.292723,1.99885,2.91381,1.06733,3.71469,0.42336,36.966,0.42336,423.524,0,0.605794,0,0,0.898517,0.292723,1.028160,1,0,24.0382,0,0,0,24.0382,0
28.6694,2.24072,0,0,2.75562,0.143086,0.36288,3.6288,47.6956,0.45597,0,0,0.847822,0.173671,0,0.66528,12.849,1,0.84672,0.36288,0,50.3694,4.47489,45.4107,0.84672,12.849,0.84672,3695.15,0,36.966,0.355018,1.72409,1.99918,6.42833,1.06733,8.72926,0.42336,36.966,0.42336,423.524,0,1.02816,0,0,2.75225,1.72409,1.028160,1,0,54.1399,0,0,0,54.1399,0
29.6506,2.359,0,0,3.87161,0.168582,0.36288,3.6288,48.2756,0.467335,0,0,1.21538,0.168046,0,0.66528,12.849,1,0.84672,0.36288,0,77.9357,4.06009,73.3918,0.84672,12.849,0.84672,3695.15,0,36.966,0.362203,1.69415,1.99951,7.11934,1.0798,9.371,0.42336,36.966,0.42336,423.524,0,1.02816,0,0,2.72231,1.69415,1.028160,1,0,82.7628,0,0,0,82.7628,0
28.1388,2.35953,0,0,1.37659,0.165952,0.36288,3.6288,48.2393,0.469974,0,0,0.615146,0.181507,0,0.66528,12.849,1,0.84672,0.36288,0,31.3864,3.97519,26.9273,0.84672,12.849,0.84672,3695.15,0,36.966,0.359872,1.78794,2.03601,4.98727,1.00256,7.44878,0.42336,36.966,0.42336,423.524,0,1.02816,0,0,2.8161,1.78794,1.028160,1,0,34.3761,0,0,0,34.3761,0
27.3941,2.36006,0,0,2.142,0.163752,0.36288,3.6288,48.1978,0.469995,0,0,0.592036,0.163568,0,0.66528,12.849,1,0.84672,0.36288,0,51.0656,4.05646,46.5253,0.84672,12.849,0.84672,3695.15,0,36.966,0.360159,1.49104,2.03635,5.09521,1.0708,7.19163,0.42336,36.966,0.42336,423.524,0,1.02816,0,0,2.5192,1.49104,1.028160,1,0,53.7169,0,0,0,53.7169,0
26.8665,2.3606,0,0,2.35791,0.162077,0.36288,3.6288,48.1588,0.469994,0,0,0.594492,0.163512,0,0.66528,12.849,1,0.84672,0.36288,0,56.1849,4.05646,51.6446,0.84672,12.849,0.84672,3695.15,0,36.966,0.360469,0.595253,2.03669,4.13197,1.0708,5.33263,0.42336,36.966,0.42336,423.524,0,1.02816,0,0,1.62341,0.595253,1.028160,1,0,56.9772,0,0,0,56.9772,0
27.0436,2.36113,0,0,3.06917,0.167985,0.36288,3.6288,49.2949,0.470003,0,0,1.77308,0.166981,0,0.66528,12.849,1,0.84672,0.36288,0,74.3166,4.06778,69.765,0.84672,12.849,0.84672,3695.15,0,36.966,0.360768,1.78198,2.03702,6.60696,1.06308,9.00211,0.42336,36.966,0.42336,423.524,0,1.02816,0,0,2.81014,1.78198,1.028160,1,0,78.7671,0,0,0,78.7671,0
29.7858,1.99799,0,0,5.31407,0.211077,0.36288,3.6288,50.1265,0.389416,0,0,1.41097,0.189894,0,0.66528,12.849,1,0.949286,0.36288,0,146.337,4.13563,141.615,0.84672,12.849,0.84672,3695.15,0,36.966,0.292021,2.2722,2.03736,8.63205,1.01676,11.6328,0.42336,36.966,0.42336,423.524,0,1.02816,0,0,3.30036,2.2722,1.028160,1,0,153.248,0,0,0,153.248,0
32.2734,2.05937,0,0,5.12907,0.21915,0.36288,3.6288,50.6638,0.392358,0,0,1.12086,0.191196,0,0.66528,12.849,1,0.88837,0.36288,0,118.223,4.13563,113.562,0.84672,12.849,0.84672,3695.15,0,36.966,0.289346,2.00769,1.87315,7.58722,1.01676,10.162,0.42336,36.966,0.42336,423.524,0,1.02816,0,0,3.03585,2.00769,1.028160,1,0,123.724,0,0,0,123.724,0
33.6544,2.10867,0,0,4.05857,0.206052,0.36288,3.6288,50.9114,0.394286,0,0,0.841752,0.199953,0,0.66528,12.849,1,0.839524,0.36288,0,84.4413,4.45431,79.5104,0.84672,12.849,0.84672,3695.15,0,36.966,0.287684,1.47063,1.87345,6.20518,1.09872,8.16285,0.42336,36.966,0.42336,423.524,0,1.02816,0,0,2.49879,1.47063,1.028160,1,0,87.6732,0,0,0,87.6732,0
34.7351,2.13393,0,0,3.77889,0.201362,0.36288,3.6288,51.293,0.395251,0,0,0.980441,0.203529,0,0.66528,12.849,1,0.81472,0.36288,0,77.9777,4.58178,72.9441,0.84672,12.849,0.84672,3695.15,0,36.966,0.286986,1.37544,1.87374,6.14971,1.1315,7.9804,0.42336,36.966,0.42336,423.524,0,1.02816,0,0,2.4036,1.37544,1.028160,1,0,80.9245,0,0,0,80.9245,0
38.7712,2.36275,0,0,6.986,0.224241,0.36288,3.6288,53.0342,0.513541,0,0,2.45392,0.199197,0,0.66528,12.849,1,0.874014,0.36288,0,173.41,4.25358,168.645,0.84672,12.849,0.84672,3695.15,0,36.966,0.3701,3.05482,1.87403,10.978,1.06835,14.4684,0.42336,36.966,0.42336,423.524,0,1.02816,0,0,4.08298,3.05482,1.028160,1,0,183.114,0,0,0,183.114,0
51.125,2.43147,0,0,15.3907,0.242614,0.36288,3.6288,56.1972,0.520876,0,0,3.84964,0.16573,0,0.66528,12.849,1,0.805801,0.36288,0,176.641,3.65495,172.543,0.84672,12.849,0.84672,3695.15,0,36.966,0.363062,5.41225,2.08363,20.0817,0.944462,26.27,0.42336,36.966,0.42336,423.524,0,1.02816,0,0,6.44041,5.41225,1.028160,1,0,198.814,0,0,0,198.814,0
56.8183,2.58747,0,0,8.92244,0.278781,0.36288,3.6288,58.1918,0.533382,0,0,2.69738,0.169404,0,0.66528,12.849,1,0.650297,0.36288,0,331.03,3.65495,327.087,0.84672,12.849,0.84672,3695.15,0,36.966,0.350854,3.58402,2.08395,14.7352,0.944462,19.1078,0.42336,36.966,0.42336,423.524,0,1.02816,0,0,4.61218,3.58402,1.028160,1,0,346.195,0,0,0,346.195,0
59.1286,2.64103,0,0,5.60959,0.295368,0.36288,3.6288,59.2246,0.540919,0,0,1.74528,0.171612,0,0.66528,12.849,1,0.597247,0.36288,0,152.374,3.65495,148.485,0.84672,12.849,0.84672,3695.15,0,36.966,0.343615,2.36555,2.08428,8.98439,0.944462,12.1461,0.42336,36.966,0.42336,423.524,0,1.02816,0,0,3.39371,2.36555,1.028160,1,0,160.631,0,0,0,160.631,0
60.8775,2.60841,0,0,5.01751,0.297304,0.36288,3.6288,60.4085,0.502595,0,0,1.91058,0.224061,0,0.66528,12.849,1,0.566824,0.36288,0,151.43,3.87236,147.354,0.84672,12.849,0.84672,3695.15,0,36.966,0.313703,1.95756,2.0846,9.50875,0.960395,12.2768,0.42336,36.966,0.42336,423.524,0,1.02816,0,0,2.98572,1.95756,1.028160,1,0,159.63,0,0,0,159.63,0
61.6164,2.62227,0,0,4.01862,0.294619,0.36288,3.6288,60.8184,0.506588,0,0,1.11817,0.201688,0,0.66528,12.849,1,0.553464,0.36288,0,106.998,3.42017,103.387,0.84672,12.849,0.84672,3695.15,0,36.966,0.309998,0.80422,2.02007,6.73773,0.873575,8.37845,0.42336,36.966,0.42336,423.524,0,1.02816,0,0,1.83238,0.80422,1.028160,1,0,111.765,0,0,0,111.765,0
62.9335,2.62817,0,0,4.60459,0.296427,0.36288,3.6288,61.308,0.508066,0,0,1.40962,0.202214,0.209727,0.66528,12.849,1,0.548058,0.36288,0,121.918,3.42017,118.313,0.84672,12.849,0.84672,3695.15,0,36.966,0.308807,0.92588,2.02038,8.23133,0.873575,9.99521,0.42336,36.966,0.42336,423.524,0,1.02816,0,0,1.95404,0.92588,1.028160,1,0,128.518,0,0,0,128.518,0
66.3406,2.6381,0,0,6.70771,0.299651,0.36288,3.6288,61.308,0.509783,0,0,2.36711,0.202842,1.65448,0.66528,12.849,1,0.538616,0.36288,0,181.552,3.42017,177.956,0.84672,12.849,0.84672,3695.15,0,36.966,0.307377,2.64819,2.0207,16.5873,0.873575,20.0753,0.42336,36.966,0.42336,423.524,0,1.02816,0,0,3.67635,2.64819,1.028160,1,0,199.686,0,0,0,199.686,0
69.7663,2.66169,0,0,6.77128,0.320992,0.36288,3.6288,61.308,0.509963,0,0,2.92401,0.226847,2.1872,0.66528,12.849,1,0.515523,0.36288,0,172.976,4.27762,168.546,0.84672,12.849,0.84672,3695.15,0,36.966,0.307485,2.94779,2.02101,15.2137,1.01786,18.8572,0.42336,36.966,0.42336,423.524,0,1.02816,0,0,3.97595,2.94779,1.028160,1,0,189.59,0,0,0,189.59,0
72.29,2.47757,0,0,8.4488,0.354521,3.09299,3.6288,61.308,0.425552,0,0,4.53747,0.179774,3.93214,0.66528,12.849,1,0.456298,3.09299,0,186.15,3.38951,185.397,0.84672,12.849,0.84672,3695.15,0,36.966,0.256589,3.81014,2.02133,15.0782,0.911695,19.7414,0.42336,36.966,0.42336,423.524,0,1.02816,0,0,4.8383,3.81014,1.028160,1,0,209.07,0,0,0,209.07,0
72.29,2.49148,0,0,6.95375,0.344896,4.11737,3.6288,61.308,0.425718,0,0,3.67101,0.18457,3.06072,0.66528,12.849,1,0.442842,4.11737,0,156.699,3.39453,156.979,0.84672,12.849,0.84672,3695.15,0,36.966,0.256689,3.08069,1.87118,13.928,0.918227,17.705,0.42336,36.966,0.42336,423.524,0,1.02816,0,0,4.10885,3.08069,1.028160,1,0,177.744,0,0,0,177.744,0
72.29,2.49187,0,0,6.31216,0.245616,3.57468,3.6288,61.308,0.425884,0,0,3.4458,0.213345,2.80657,0.66528,12.849,1,0.442911,3.57468,0,153.504,3.42468,153.211,0.84672,12.849,0.84672,3695.15,0,36.966,0.256789,2.64996,1.87148,13.6725,0.957422,16.9798,0.42336,36.966,0.42336,423.524,0,1.02816,0,0,3.67812,2.64996,1.028160,1,0,172.998,0,0,0,172.998,0
72.29,2.49226,0,0,5.45498,0.245616,2.7171,3.6288,61.308,0.426051,0,0,3.21872,0.213345,2.57932,0.66528,12.849,1,0.442979,2.7171,0,117.869,3.42468,116.719,0.84672,12.849,0.84672,3695.15,0,36.966,0.25689,2.15012,1.87177,11.3862,0.957422,14.1938,0.42336,36.966,0.42336,423.524,0,1.02816,0,0,3.17828,2.15012,1.028160,1,0,133.492,0,0,0,133.492,0
72.29,2.75989,0,0,4.49572,0.24225,1.49358,3.6288,61.308,0.539203,0,0,1.88096,0.226119,1.11564,0.66528,12.849,1,0.49055,1.49358,0,106.072,4.4289,102.647,0.84672,12.849,0.84672,3695.15,0,36.966,0.325116,2.26959,1.87206,9.90844,1.11031,12.6147,0.42336,36.966,0.42336,423.524,0,1.02816,0,0,3.29775,2.26959,1.028160,1,0,116.377,0,0,0,116.377,0
72.29,2.76032,0,0,4.0966,0.24225,1.09402,3.6288,61.308,0.539387,0,0,1.71478,0.226119,0.949275,0.66528,12.849,1,0.490626,1.09402,0,102.033,4.4289,98.2077,0.84672,12.849,0.84672,3695.15,0,36.966,0.325226,1.6742,2.07126,8.20619,1.11031,10.5161,0.42336,36.966,0.42336,423.524,0,1.02816,0,0,2.70236,1.6742,1.028160,1,0,109.673,0,0,0,109.673,0
72.29,2.76075,0,0,3.83895,0.24225,0.835949,3.6288,61.308,0.539571,0,0,1.59446,0.226119,0.82877,0.66528,12.849,1,0.490703,0.835949,0,92.1836,4.4289,88.1,0.84672,12.849,0.84672,3695.15,0,36.966,0.325337,1.30543,2.07158,7.4596,1.11031,9.40097,0.42336,36.966,0.42336,423.524,0,1.02816,0,0,2.33359,1.30543,1.028160,1,0,98.3297,0,0,0,98.3297,0
72.29,2.76118,0,0,3.49457,0.218757,0.514632,3.6288,61.308,0.539755,0,0,1.46785,0.242682,0.685413,0.66528,12.849,1,0.490779,0.514632,0,84.1467,4.70684,79.4637,0.84672,12.849,0.84672,3695.15,0,36.966,0.325448,1.20588,2.07191,6.46548,1.13997,8.27785,0.42336,36.966,0.42336,423.524,0,1.02816,0,0,2.23404,1.20588,1.028160,1,0,88.427,0,0,0,88.427,0
72.29,2.57651,0,0,3.20233,0.229902,0.395922,3.6288,61.308,0.46773,0,0,1.25925,0.251319,0.540206,0.66528,12.849,1,0.457954,0.395922,0,78.7536,4.62098,74.0706,0.84672,12.849,0.84672,3695.15,0,36.966,0.28202,1.23406,2.07223,6.46759,1.01873,8.47313,0.42336,36.966,0.42336,423.524,0,1.02816,0,0,2.26222,1.23406,1.028160,1,0,83.0839,0,0,0,83.0839,0
72.0211,2.57691,0,0,2.84149,0.170583,0.36288,3.6288,61.308,0.467902,0,0,1.05621,0.271585,0.316727,0.66528,12.849,1,0.458026,0.36288,0,57.6676,5.13384,52.4386,0.84672,12.849,0.84672,3695.15,0,36.966,0.282124,0.815547,1.94227,5.6738,1.15253,6.99697,0.42336,36.966,0.42336,423.524,0,1.02816,0,0,1.84371,0.815547,1.028160,1,0,59.7523,0,0,0,59.7523,0
71.6339,2.57586,0,0,2.71032,0.158841,0.36288,3.6288,61.308,0.468075,0,0,0.99671,0.275094,0.253541,0.66528,12.849,1,0.459548,0.36288,0,52.6372,5.19351,47.347,0.84672,12.849,0.84672,3695.15,0,36.966,0.282228,0.70397,1.94257,5.48498,1.17788,6.67142,0.42336,36.966,0.42336,423.524,0,1.02816,0,0,1.73213,0.70397,1.028160,1,0,54.272,0,0,0,54.272,0
71.1571,2.57415,0,0,2.61868,0.158373,0.36288,3.6288,61.308,0.468247,0,0,1.01669,0.275094,0.273353,0.66528,12.849,1,0.461727,0.36288,0,50.186,5.19351,44.8936,0.84672,12.849,0.84672,3695.15,0,36.966,0.282332,0.89265,1.94288,5.24638,1.17788,6.62169,0.42336,36.966,0.42336,423.524,0,1.02816,0,0,1.92081,0.89265,1.028160,1,0,51.7886,0,0,0,51.7886,0
70.6433,2.57193,0,0,2.57988,0.158882,0.36288,3.6288,61.308,0.46842,0,0,0.939704,0.270812,0.200472,0.66528,12.849,1,0.464419,0.36288,0,47.1712,4.97474,42.0949,0.84672,12.849,0.84672,3695.15,0,36.966,0.282436,0.784512,1.94318,4.83169,1.21406,6.06288,0.42336,36.966,0.42336,423.524,0,1.02816,0,0,1.81267,0.784512,1.028160,1,0,48.3583,0,0,0,48.3583,0
70.5484,2.54646,0,0,2.92439,0.109971,0.36288,3.6288,61.308,0.499885,0,0,0.901368,0.273932,0.127551,0.66528,12.849,1,0.463164,0.36288,0,43.3653,5.31625,37.9487,0.84672,12.849,0.84672,3695.15,0,36.966,0.301408,0.687563,1.94348,4.84242,1.27023,5.90182,0.42336,36.966,0.42336,423.524,0,1.02816,0,0,1.71572,0.687563,1.028160,1,0,43.9781,0,0,0,43.9781,0
70.2678,2.54633,0,0,2.73846,0.109891,0.36288,3.6288,61.308,0.500063,0,0,0.856915,0.273932,0.0829207,0.66528,12.849,1,0.463763,0.36288,0,43.3085,5.31625,37.8914,0.84672,12.849,0.84672,3695.15,0,36.966,0.301515,0.583986,1.97744,4.97641,1.27023,5.96608,0.42336,36.966,0.42336,423.524,0,1.02816,0,0,1.61215,0.583986,1.028160,1,0,43.9404,0,0,0,43.9404,0
69.7406,2.54516,0,0,2.49049,0.109654,0.36288,3.6288,61.308,0.50024,0,0,0.835583,0.273932,0.061411,0.66528,12.849,1,0.465402,0.36288,0,42.4608,5.31625,37.0421,0.84672,12.849,0.84672,3695.15,0,36.966,0.301623,0.563129,1.97775,4.76829,1.27023,5.73731,0.42336,36.966,0.42336,423.524,0,1.02816,0,0,1.59129,0.563129,1.028160,1,0,42.8408,0,0,0,42.8408,0
68.9864,2.54258,0,0,2.26048,0.109208,0.36288,3.6288,61.308,0.500418,0,0,0.783907,0.273932,0.00955751,0.66528,12.849,1,0.468445,0.36288,0,37.8361,5.31625,32.4143,0.84672,12.849,0.84672,3695.15,0,36.966,0.30173,0.383668,1.97805,4.61267,1.27023,5.40243,0.42336,36.966,0.42336,423.524,0,1.02816,0,0,1.41183,0.383668,1.028160,1,0,37.8263,0,0,0,37.8263,0
68.4769,2.59791,0,0,2.52057,0.0692871,0.36288,3.6288,61.2973,0.528501,0,0,0.829043,0.311225,0,0.66528,12.849,1,0.483871,0.36288,0,34.7386,5.91713,28.7005,0.84672,12.849,0.84672,3695.15,0,36.966,0.318663,0.280498,1.97836,4.05333,1.5004,4.49312,0.42336,36.966,0.42336,423.524,0,1.02816,0,0,1.30866,0.280498,1.028160,1,0,33.1936,0,0,0,33.1936,0
68.0266,2.59528,0,0,2.5758,0.0678837,0.36288,3.6288,61.2438,0.528648,0,0,0.779795,0.304623,0,0.66528,12.849,1,0.486978,0.36288,0,45.1734,5.85259,39.1967,0.84672,12.849,0.84672,3695.15,0,36.966,0.318807,0.413104,2.0264,4.40814,1.47865,5.05018,0.42336,36.966,0.42336,423.524,0,1.02816,0,0,1.44126,0.413104,1.028160,1,0,44.2469,0,0,0,44.2469,0
67.415,2.59297,0,0,2.41186,0.0676449,0.36288,3.6288,61.1358,0.528656,0,0,0.725181,0.30452,0,0.66528,12.849,1,0.489765,0.36288,0,36.27,5.85259,30.2905,0.84672,12.849,0.84672,3695.15,0,36.966,0.31909,0.386381,2.02672,3.97358,1.47865,4.58893,0.42336,36.966,0.42336,423.524,0,1.02816,0,0,1.41454,0.386381,1.028160,1,0,34.8795,0,0,0,34.8795,0
66.5911,2.58964,0,0,2.19593,0.0673204,0.36288,3.6288,60.9549,0.565068,0,0,0.688461,0.304312,0,0.66528,12.849,1,0.493574,0.36288,0,33.0553,5.85259,27.072,0.84672,12.849,0.84672,3695.15,0,36.966,0.34167,0.227405,2.02703,3.70646,1.47865,4.14057,0.42336,36.966,0.42336,423.524,0,0.96946,0,0,1.19686,0.227405,1.028160,1,0,31.2125,0,0,0,31.2125,0
65.6651,2.75756,0,0,2.23815,0.043727,0.36288,3.6288,60.779,0.628647,0,0,0.753464,0.300731,0,0.66528,12.849,1,0.532082,0.36288,0,32.9721,5.96088,26.842,0.84672,12.849,0.84672,3695.15,0,36.966,0.381242,0.617147,2.02735,4.9883,1.51466,5.7369,0.42336,36.966,0.42336,423.524,0,1.02816,0,0,1.64531,0.617147,1.028160,1,0,32.5789,0,0,0,32.5789,0
64.1493,2.75171,0,0,1.63336,0.0344784,0.36288,3.6288,60.4001,0.628158,0,0,0.533276,0.284044,0,0.66528,12.849,1,0.538441,0.36288,0,28.4394,5.75631,22.5076,0.84672,12.849,0.84672,3695.15,0,36.966,0.382048,0.33766,2.19108,3.85479,1.49295,4.50853,0.42336,36.966,0.42336,423.524,0,1.02816,0,0,1.36582,0.33766,1.028160,1,0,27.0161,0,0,0,27.0161,0
62.6096,2.74154,0,0,1.59872,0.0340609,0.36288,3.6288,59.9885,0.626867,0,0,0.498601,0.283362,0,0.66528,12.849,1,0.549126,0.36288,0,25.952,5.75631,20.0094,0.84672,12.849,0.84672,3695.15,0,36.966,0.383655,0.260954,2.19142,3.86902,1.49295,4.44479,0.42336,36.966,0.42336,423.524,0,1.02816,0,0,1.28911,0.260954,1.028160,1,0,24.4542,0,0,0,24.4542,0
61.805,2.73076,0,0,2.32269,0.0336368,0.36288,3.6288,59.6533,0.625435,0,0,0.572915,0.28262,0,0.66528,12.849,1,0.560418,0.36288,0,29.5576,5.75631,23.6038,0.84672,12.849,0.84672,3695.15,0,36.966,0.385404,0.490061,2.19176,4.28967,1.49295,5.09314,0.42336,36.966,0.42336,423.524,0,1.02816,0,0,1.51822,0.490061,1.028160,1,0,28.6969,0,0,0,28.6969,0
61.6803,2.72514,0,0,3.02923,0.0658921,0.36288,3.6288,59.4535,0.624294,0,0,0.686122,0.261611,0,0.66528,12.849,1,0.566546,0.36288,0,45.7613,5.54709,40.0106,0.84672,12.849,0.84672,3695.15,0,36.966,0.386863,0.573394,2.1921,4.60774,1.45274,5.53362,0.42336,36.966,0.42336,423.524,0,1.02816,0,0,1.60155,0.573394,1.028160,1,0,45.5442,0,0,0,45.5442,0
60.7964,2.64149,0,0,2.20285,0.0823827,0.36288,3.6288,59.1421,0.563176,0,0,0.439197,0.187429,0,0.66528,12.849,1,0.550264,0.36288,0,40.8237,5.11834,35.5179,0.84672,12.849,0.84672,3695.15,0,36.966,0.350162,0.798526,2.19244,4.2678,1.32108,5.58752,0.42336,36.966,0.42336,423.524,0,1.02816,0,0,1.82669,0.798526,1.028160,1,0,41.1054,0,0,0,41.1054,0
59.5993,2.63529,0,0,1.92181,0.120728,0.36288,3.6288,58.8772,0.562227,0,0,0.463739,0.166407,0,0.66528,12.849,1,0.556955,0.36288,0,34.2554,4.05273,30.0085,0.84672,12.849,0.84672,3695.15,0,36.966,0.351412,0.562637,2.09814,4.9149,1.02108,6.20318,0.42336,36.966,0.42336,423.524,0,1.02816,0,0,1.5908,0.562637,1.028160,1,0,36.2117,0,0,0,36.2117,0
58.7043,2.6265,0,0,2.22302,0.128618,0.36288,3.6288,58.983,0.561441,0,0,0.831246,0.164012,0,0.66528,12.849,1,0.566246,0.36288,0,39.4721,3.99336,35.2754,0.84672,12.849,0.84672,3695.15,0,36.966,0.3525,1.60353,2.09846,7.1095,1.0138,9.4452,0.42336,36.966,0.42336,423.524,0,1.02816,0,0,2.63169,1.60353,1.028160,1,0,44.7206,0,0,0,44.7206,0
57.7357,2.61982,0,0,2.14161,0.127513,0.36288,3.6288,59.0203,0.562015,0,0,0.763367,0.164123,0,0.66528,12.849,1,0.573418,0.36288,0,37.857,3.99336,33.6531,0.84672,12.849,0.84672,3695.15,0,36.966,0.352228,1.52875,2.09879,6.0981,1.0138,8.35962,0.42336,36.966,0.42336,423.524,0,1.02816,0,0,2.55691,1.52875,1.028160,1,0,42.0127,0,0,0,42.0127,0
55.9829,2.54488,0,0,1.3509,0.195999,0.36288,3.6288,58.7673,0.507377,0,0,0.452128,0.197745,0,0.66528,12.849,1,0.566358,0.36288,0,24.2834,4.21633,19.8636,0.84672,12.849,0.84672,3695.15,0,36.966,0.317784,0.35888,2.09911,4.08002,1.06036,5.15988,0.42336,36.966,0.42336,423.524,0,1.02816,0,0,1.38704,0.35888,1.028160,1,0,25.0235,0,0,0,25.0235,0
53.7466,2.53085,0,0,0.877496,0.220036,0.36288,3.6288,58.0056,0.827592,0,0,0.27679,0.210835,0,0.66528,12.849,1,0.580871,0.36288,0,15.6406,4.30553,11.117,0.84672,12.849,0.84672,3695.15,0,36.966,0.42336,0.216518,2.01492,3.18519,1.07898,3.91429,0.42336,36.966,0.42336,423.524,0,0.602657,0,0,0.819176,0.216518,1.028160,1,0,15.0313,0,0,0,15.0313,0
51.9777,2.51173,0,0,1.32087,0.215142,0.36288,3.6288,57.9618,0.504334,0,0,0.670291,0.209804,0,0.66528,12.849,1,0.60047,0.36288,0,24.3896,4.30553,19.8465,0.84672,12.849,0.84672,3695.15,0,36.966,0.321404,1.33952,2.01523,6.45862,1.07898,8.41299,0.42336,36.966,0.42336,423.524,0,1.02816,0,0,2.36768,1.33952,1.028160,1,0,28.2595,0,0,0,28.2595,0
52.1056,2.49574,0,0,3.19774,0.211271,0.36288,3.6288,58.7493,0.504362,0,0,1.50165,0.209744,0,0.66528,12.849,1,0.616951,0.36288,0,63.9169,4.30553,59.3573,0.84672,12.849,0.84672,3695.15,0,36.966,0.321664,2.69743,2.01555,9.77049,1.07898,13.0828,0.42336,36.966,0.42336,423.524,0,1.02816,0,0,3.72559,2.69743,1.028160,1,0,72.4401,0,0,0,72.4401,0
51.1268,2.59258,0,0,2.24715,0.270518,0.36288,3.6288,58.845,0.518474,0,0,0.786491,0.172371,0,0.66528,12.849,1,0.639318,0.36288,0,41.3215,3.64306,37.402,0.84672,12.849,0.84672,3695.15,0,36.966,0.326232,1.23887,2.01586,6.69676,0.885495,8.73977,0.42336,36.966,0.42336,423.524,0,1.02816,0,0,2.26703,1.23887,1.028160,1,0,46.1418,0,0,0,46.1418,0
50.2753,2.5832,0,0,2.3522,0.257524,0.36288,3.6288,58.9462,0.518979,0,0,0.81333,0.193146,0,0.66528,12.849,1,0.649201,0.36288,0,46.212,3.77549,42.1502,0.84672,12.849,0.84672,3695.15,0,36.966,0.326019,1.67572,2.05263,8.12592,0.915227,10.613,0.42336,36.966,0.42336,423.524,0,1.02816,0,0,2.70388,1.67572,1.028160,1,0,52.7632,0,0,0,52.7632,0
51.4109,2.57484,0,0,4.32849,0.255233,0.36288,3.6288,59.359,0.519502,0,0,1.12561,0.193271,0,0.66528,12.849,1,0.658059,0.36288,0,113.724,3.77549,109.653,0.84672,12.849,0.84672,3695.15,0,36.966,0.325787,2.80621,2.05295,11.6805,0.915227,15.2987,0.42336,36.966,0.42336,423.524,0,1.02816,0,0,3.83437,2.80621,1.028160,1,0,124.952,0,0,0,124.952,0
51.6826,2.58687,0,0,3.47979,0.258289,0.36288,3.6288,60.2706,0.521077,0,0,1.62644,0.193783,0,0.66528,12.849,1,0.646531,0.36288,0,103.882,3.77549,99.823,0.84672,12.849,0.84672,3695.15,0,36.966,0.324503,3.26182,2.05327,11.1704,0.915227,15.2458,0.42336,36.966,0.42336,423.524,0,1.02816,0,0,4.28998,3.26182,1.028160,1,0,115.069,0,0,0,115.069,0
51.4192,2.59,0,0,2.95229,0.262884,0.36288,3.6288,60.2395,0.5243,0,0,0.744008,0.250788,0,0.66528,12.849,1,0.643908,0.36288,0,66.3932,4.61853,61.4937,0.84672,12.849,0.84672,3695.15,0,36.966,0.321571,2.03176,2.05359,8.46193,1.24774,10.978,0.42336,36.966,0.42336,423.524,0,1.02816,0,0,3.05992,2.03176,1.028160,1,0,72.4716,0,0,0,72.4716,0
49.5862,2.37716,0,0,1.12168,0.214574,0.36288,3.6288,60.4112,0.43089,0,0,0.760538,0.157993,0,0.66528,12.849,1,0.594023,0.36288,0,28.2533,3.50123,24.521,0.84672,12.849,0.84672,3695.15,0,36.966,0.264416,0.840914,2.05391,4.00099,0.847302,5.78409,0.42336,36.966,0.42336,423.524,0,1.02816,0,0,1.86907,0.840914,1.028160,1,0,30.305,0,0,0,30.305,0
47.6698,2.36007,0,0,1.01698,0.210477,0.36288,3.6288,60.7163,0.431511,0,0,0.894776,0.158166,0,0.66528,12.849,1,0.61155,0.36288,0,25.8974,3.50123,22.1476,0.84672,12.849,0.84672,3695.15,0,36.966,0.264045,0.689083,1.88835,4.14958,0.847302,5.61566,0.42336,36.966,0.42336,423.524,0,1.02816,0,0,1.71724,0.689083,1.028160,1,0,27.7632,0,0,0,27.7632,0
46.5283,2.34104,0,0,1.76854,0.206152,0.36288,3.6288,61.1896,0.432492,0,0,1.06431,0.158472,0,0.66528,12.849,1,0.631008,0.36288,0,28.961,3.50123,25.1917,0.84672,12.849,0.84672,3695.15,0,36.966,0.263315,1.22308,1.88862,5.79328,0.847302,7.79437,0.42336,36.966,0.42336,423.524,0,1.02816,0,0,2.25124,1.22308,1.028160,1,0,32.986,0,0,0,32.986,0
46.3945,2.32925,0,0,2.7806,0.222217,0.36288,3.6288,61.308,0.433917,0,0,1.01307,0.161296,0.29947,0.66528,12.849,1,0.643233,0.36288,0,47.961,3.63598,44.0446,0.84672,12.849,0.84672,3695.15,0,36.966,0.262139,0.981858,1.8889,5.34603,0.922703,7.03195,0.42336,36.966,0.42336,423.524,0,1.02816,0,0,2.01002,0.981858,1.028160,1,0,51.3761,0,0,0,51.3761,0
45.9396,2.55521,0,0,2.73683,0.273626,0.36288,3.6288,61.308,0.596822,0,0,0.759503,0.156959,0.00572113,0.66528,12.849,1,0.707668,0.36288,0,48.641,3.76936,44.5268,0.84672,12.849,0.84672,3695.15,0,36.966,0.359857,0.503194,1.88917,5.90404,0.981922,6.95463,0.42336,36.966,0.42336,423.524,0,0.970549,0,0,1.47374,0.503194,1.028160,1,0,51.4871,0,0,0,51.4871,0
43.8795,2.55011,0,0,1.12895,0.276128,0.36288,3.6288,60.6638,1.0241,0,0,0.529146,0.149212,0,0.66528,12.849,1,0.713248,0.36288,0,26.8625,3.61673,22.8954,0.84672,12.849,0.84672,3695.15,0,36.966,0.42336,0.503194,2.10044,3.01226,0.884959,4.30757,0.42336,36.966,0.42336,423.524,0,0.480047,0,0,0.983241,0.503194,1.028160,1,0,27.203,0,0,0,27.203,0
44.0398,2.52457,0,0,3.31757,0.269778,0.36288,3.6288,61.027,0.558998,0,0,1.07077,0.148605,0,0.66528,12.849,1,0.739257,0.36288,0,49.2693,3.61673,45.2762,0.84672,12.849,0.84672,3695.15,0,36.966,0.34063,1.41722,2.10074,5.7608,0.884959,8.05317,0.42336,36.966,0.42336,423.524,0,1.02816,0,0,2.44538,1.41722,1.028160,1,0,53.3294,0,0,0,53.3294,0
43.2479,2.52702,0,0,2.36831,0.270272,0.36288,3.6288,60.9219,0.563119,0,0,0.606991,0.148947,0,0.66528,12.849,1,0.737281,0.36288,0,38.482,3.61673,34.4909,0.84672,12.849,0.84672,3695.15,0,36.966,0.341099,0.608429,2.10105,4.05257,0.884959,5.53599,0.42336,36.966,0.42336,423.524,0,1.02385,0,0,1.63228,0.608429,1.028160,1,0,40.0269,0,0,0,40.0269,0
42.5398,2.19794,0,0,2.12044,0.267713,0.36288,3.6288,61.308,0.390796,0,0,1.09286,0.143627,0.172361,0.66528,12.849,1,0.653009,0.36288,0,38.5513,3.52913,34.7321,0.84672,12.849,0.84672,3695.15,0,36.966,0.237126,0.908712,2.10136,4.75915,0.871095,6.66099,0.42336,36.966,0.42336,423.524,0,1.02816,0,0,1.93687,0.908712,1.028160,1,0,41.5654,0,0,0,41.5654,0
42.926,2.18991,0,0,3.20436,0.265443,0.36288,3.6288,61.308,0.391878,0,0,1.78858,0.140054,1.25665,0.66528,12.849,1,0.661453,0.36288,0,57.2922,3.46343,53.5302,0.84672,12.849,0.84672,3695.15,0,36.966,0.236285,1.72999,1.81376,6.82579,0.860696,9.27255,0.42336,36.966,0.42336,423.524,0,1.02816,0,0,2.75815,1.72999,1.028160,1,0,64.0594,0,0,0,64.0594,0
43.1241,2.1948,0,0,3.02245,0.266632,0.36288,3.6288,61.308,0.392028,0,0,1.75962,0.140054,1.22754,0.66528,12.849,1,0.656969,0.36288,0,55.6904,3.46343,51.9329,0.84672,12.849,0.84672,3695.15,0,36.966,0.236375,1.82051,1.81402,5.77509,0.860696,8.31254,0.42336,36.966,0.42336,423.524,0,1.02816,0,0,2.84867,1.82051,1.028160,1,0,61.473,0,0,0,61.473,0
44.4552,2.19745,0,0,4.13619,0.244763,0.36288,3.6288,61.308,0.392177,0,0,2.16972,0.133405,1.64414,0.66528,12.849,1,0.654738,0.36288,0,63.8976,3.76103,59.8448,0.84672,12.849,0.84672,3695.15,0,36.966,0.236466,2.17555,1.81428,7.1583,0.918491,9.99318,0.42336,36.966,0.42336,423.524,0,1.02816,0,0,3.20371,2.17555,1.028160,1,0,71.4821,0,0,0,71.4821,0
45.2621,2.21298,0,0,3.634,0.251274,0.36288,3.6288,61.308,0.392328,0,0,2.05315,0.141941,1.51888,0.66528,12.849,1,0.639623,0.36288,0,71.5611,3.64786,67.6365,0.84672,12.849,0.84672,3695.15,0,36.966,0.236556,2.11551,1.81455,7.24527,0.921635,10.0171,0.42336,36.966,0.42336,423.524,0,1.02816,0,0,3.14367,2.11551,1.028160,1,0,79.1725,0,0,0,79.1725,0
45.8294,2.30338,0,0,3.49491,0.261325,0.36288,3.6288,61.308,0.43406,0,0,1.62605,0.186201,1.00579,0.66528,12.849,1,0.653882,0.36288,0,63.7579,4.41955,59.0474,0.84672,12.849,0.84672,3695.15,0,36.966,0.261719,1.65008,1.81481,5.11186,1.09028,7.22475,0.42336,36.966,0.42336,423.524,0,1.02816,0,0,2.67824,1.65008,1.028160,1,0,67.2779,0,0,0,67.2779,0
45.6748,2.31003,0,0,2.78127,0.262993,0.36288,3.6288,61.308,0.434216,0,0,1.31797,0.186201,0.697555,0.66528,12.849,1,0.647654,0.36288,0,46.108,4.41955,41.4036,0.84672,12.849,0.84672,3695.15,0,36.966,0.261813,1.18053,1.88611,4.82403,1.09028,6.53857,0.42336,36.966,0.42336,423.524,0,1.02816,0,0,2.20869,1.18053,1.028160,1,0,48.6398,0,0,0,48.6398,0
45.4841,2.30866,0,0,2.70045,0.219546,0.36288,3.6288,61.308,0.434372,0,0,1.27297,0.169222,0.66938,0.66528,12.849,1,0.64946,0.36288,0,53.3326,3.51626,49.5298,0.84672,12.849,0.84672,3695.15,0,36.966,0.261907,1.05844,1.88638,4.62517,0.986339,6.32175,0.42336,36.966,0.42336,423.524,0,1.02816,0,0,2.0866,1.05844,1.028160,1,0,56.5209,0,0,0,56.5209,0
45.1465,2.30687,0,0,2.53404,0.201917,0.36288,3.6288,61.308,0.434528,0,0,1.16059,0.162431,0.563626,0.66528,12.849,1,0.651677,0.36288,0,46.8202,3.15494,43.3764,0.84672,12.849,0.84672,3695.15,0,36.966,0.262001,0.95415,1.88665,4.43908,0.944761,6.07312,0.42336,36.966,0.42336,423.524,0,1.02816,0,0,1.98231,0.95415,1.028160,1,0,50.0132,0,0,0,50.0132,0
44.3398,2.27166,0,0,2.01297,0.185136,0.36288,3.6288,61.308,0.472253,0,0,0.843808,0.165372,0.206183,0.66528,12.849,1,0.64653,0.36288,0,35.5393,3.42928,31.8263,0.84672,12.849,0.84672,3695.15,0,36.966,0.284747,0.528595,1.88693,3.46348,0.989592,4.60466,0.42336,36.966,0.42336,423.524,0,0.942037,0,0,1.47063,0.528595,1.028160,1,0,36.6372,0,0,0,36.6372,0
43.303,2.26287,0,0,1.78388,0.194984,0.36288,3.6288,61.308,0.546196,0,0,0.747809,0.188681,0.0129324,0.66528,12.849,1,0.655745,0.36288,0,30.779,3.75534,26.7308,0.84672,12.849,0.84672,3695.15,0,36.966,0.329332,0.528595,1.85955,3.10364,1.02317,4.13929,0.42336,36.966,0.42336,423.524,0,0.823755,0,0,1.35235,0.528595,1.028160,1,0,30.8831,0,0,0,30.8831,0
42.203,2.25109,0,0,1.64256,0.128546,0.36288,3.6288,61.2041,0.535225,0,0,0.659249,0.227919,0,0.66528,12.849,1,0.667951,0.36288,0,28.1385,4.1013,23.7321,0.84672,12.849,0.84672,3695.15,0,36.966,0.322717,0.402797,1.85981,2.89273,1.04382,3.7888,0.42336,36.966,0.42336,423.524,0,0.841588,0,0,1.24438,0.402797,1.028160,1,0,27.5209,0,0,0,27.5209,0
41.0771,2.23807,0,0,1.60193,0.12692,0.36288,3.6288,61.2773,0.435945,0,0,0.736923,0.227769,0,0.66528,12.849,1,0.681395,0.36288,0,27.2559,4.1013,22.8361,0.84672,12.849,0.84672,3695.15,0,36.966,0.263302,0.402797,1.86008,3.42401,1.04382,4.37977,0.42336,36.966,0.42336,423.524,0,1.00053,0,0,1.40333,0.402797,1.028160,1,0,27.2159,0,0,0,27.2159,0
39.7464,2.32967,0,0,1.47753,0.11561,0.36288,3.6288,61.0742,0.611907,0,0,0.64505,0.236304,0,0.66528,12.849,1,0.728726,0.36288,0,26.065,4.55364,21.1455,0.84672,12.849,0.84672,3695.15,0,36.966,0.369138,0.402797,1.86035,2.79372,1.13545,3.55228,0.42336,36.966,0.42336,423.524,0,0.81089,0,0,1.21369,0.402797,1.028160,1,0,24.6978,0,0,0,24.6978,0
38.344,2.31157,0,0,1.37319,0.10114,0.36288,3.6288,60.7652,0.631596,0,0,0.569861,0.247225,0,0.66528,12.849,1,0.747271,0.36288,0,25.3616,5.15676,19.8204,0.84672,12.849,0.84672,3695.15,0,36.966,0.382282,0.402797,1.95759,2.53326,1.25763,3.25374,0.42336,36.966,0.42336,423.524,0,0.778317,0,0,1.18111,0.402797,1.028160,1,0,23.0742,0,0,0,23.0742,0
36.8779,2.29143,0,0,1.28771,0.0995134,0.36288,3.6288,60.4486,0.615357,0,0,0.545466,0.246742,0,0.66528,12.849,1,0.767854,0.36288,0,23.7076,5.15676,18.1459,0.84672,12.849,0.84672,3695.15,0,36.966,0.374347,0.30119,1.95788,2.45298,1.25763,3.08008,0.42336,36.966,0.42336,423.524,0,0.802751,0,0,1.10394,0.30119,1.028160,1,0,21.226,0,0,0,21.226,0
35.3777,2.26912,0,0,1.20883,0.0769936,0.36288,3.6288,60.0472,0.64803,0,0,0.516402,0.269757,0,0.66528,12.849,1,0.790607,0.36288,0,22.057,4.75176,16.8775,0.84672,12.849,0.84672,3695.15,0,36.966,0.396288,0.30119,1.95816,2.32146,1.30471,2.87981,0.42336,36.966,0.42336,423.524,0,0.748397,0,0,1.04959,0.30119,1.028160,1,0,19.7573,0,0,0,19.7573,0
33.8061,2.24485,0,0,1.10452,0.0683957,0.36288,3.6288,59.6015,0.665113,0,0,0.498286,0.278893,0,0.66528,12.849,1,0.815318,0.36288,0,20.2014,4.57909,15.1698,0.84672,12.849,0.84672,3695.15,0,36.966,0.409454,0.30119,1.95844,2.28234,1.32817,2.80435,0.42336,36.966,0.42336,423.524,0,0.718407,0,0,1.0196,0.30119,1.028160,1,0,17.9742,0,0,0,17.9742,0
32.1913,2.19785,0,0,1.0186,0.0726982,0.36288,3.6288,58.8644,0.916362,0,0,0.460051,0.280762,0,0.66528,12.849,1,0.835356,0.36288,0,17.3683,4.51511,12.3807,0.84672,12.849,0.84672,3695.15,0,36.966,0.42336,0.30119,1.95873,1.76574,1.35595,2.24634,0.42336,36.966,0.42336,423.524,0,0.504066,0,0,0.805257,0.30119,1.028160,1,0,14.6271,0,0,0,14.6271,0
30.5472,2.16821,0,0,0.958228,0.0712532,0.36288,3.6288,58.0888,0.930082,0,0,0.433973,0.27944,0,0.66528,12.849,1,0.865431,0.36288,0,17.2397,4.51511,12.2221,0.84672,12.849,0.84672,3695.15,0,36.966,0.42336,0.261274,1.99293,1.84549,1.35595,2.32038,0.42336,36.966,0.42336,423.524,0,0.490614,0,0,0.751887,0.261274,1.028160,1,0,14.5425,0,0,0,14.5425,0
28.8513,2.13573,0,0,0.872536,0.0697644,0.36288,3.6288,57.3111,0.929286,0,0,0.429587,0.278048,0,0.66528,12.849,1,0.89835,0.36288,0,17.1065,4.51511,12.0559,0.84672,12.849,0.84672,3695.15,0,36.966,0.42336,0.261274,1.99322,1.77619,1.35595,2.25137,0.42336,36.966,0.42336,423.524,0,0.491676,0,0,0.75295,0.261274,1.028160,1,0,14.3073,0,0,0,14.3073,0
27.1102,2.09951,0,0,0.789445,0.068191,0.36288,3.6288,56.4102,1.02295,0,0,0.398671,0.276653,0,0.66528,12.849,1,0.935019,0.36288,0,15.3617,4.51511,10.2744,0.84672,12.849,0.84672,3695.15,0,36.966,0.42336,0.261274,1.99351,1.70352,1.35595,2.17899,0.42336,36.966,0.42336,423.524,0,0.398282,0,0,0.659555,0.261274,1.028160,1,0,12.4534,0,0,0,12.4534,0
25.271,2.10712,0,0,0.686396,0.0555662,0.36288,3.6288,55.3295,1.11574,0,0,0.352644,0.317593,0,0.66528,12.849,1,0.998677,0.36288,0,14.2893,5.37941,8.27406,0.84672,12.849,0.84672,3695.15,0,36.966,0.42336,0.261274,1.9938,1.53363,1.47261,1.89273,0.42336,36.966,0.42336,423.524,0,0.350839,0,0,0.612113,0.261274,1.028160,1,0,10.1668,0,0,0,10.1668,0
23.4292,2.05923,0,0,0.634133,0.0538968,0.36288,3.6288,54.2278,1.10738,0,0,0.323222,0.31748,0,0.66528,12.849,1,1.04701,0.36288,0,12.3949,5.52752,6.18321,0.84672,12.849,0.84672,3695.15,0,36.966,0.42336,0.261274,2.04219,1.3804,1.44714,1.81337,0.42336,36.966,0.42336,423.524,0,0.359475,0,0,0.620749,0.261274,1.028160,1,0,7.99658,0,0,0,7.99658,0
21.5843,2.00637,0,0,0.576805,0.052477,0.36288,3.6288,53.0453,1.17093,0,0,0.303606,0.315182,0,0.66528,12.849,1,1.10033,0.36288,0,11.3974,5.52752,5.13241,0.84672,12.849,0.84672,3695.15,0,36.966,0.42336,0.227405,2.04249,1.26336,1.44714,1.66275,0.42336,36.966,0.42336,423.524,0,0.296198,0,0,0.523603,0.227405,1.028160,1,0,6.79516,0,0,0,6.79516,0
19.8809,1.94769,0,0,0.652584,0.0453974,0.36288,3.6288,52.1213,0.986599,0,0,0.369118,0.306531,0,0.66528,12.849,1,1.15945,0.36288,0,11.7209,5.66901,5.25536,0.84672,12.849,0.84672,3695.15,0,36.966,0.42336,0.227405,2.04278,1.85217,1.48401,2.21498,0.42336,36.966,0.42336,423.524,0,0.480801,0,0,0.708206,0.227405,1.028160,1,0,7.47034,0,0,0,7.47034,0
18.0624,2.01369,0,0,0.606559,0.0484468,0.36288,3.6288,50.9088,1.24569,0,0,0.318812,0.285622,0,0.66528,12.849,1,1.30145,0.36288,0,11.4585,5.67612,4.84377,0.84672,12.849,0.84672,3695.15,0,36.966,0.42336,0.227405,2.04308,1.48899,1.51221,1.82391,0.42336,36.966,0.42336,423.524,0,0.384794,0,0,0.612198,0.227405,1.028160,1,0,6.66767,0,0,0,6.66767,0
16.257,1.93741,0,0,0.553528,0.0586781,0.36288,3.6288,49.4524,1.40585,0,0,0.251659,0.30221,0,0.66528,12.849,1,1.37821,0.36288,0,12.3169,5.72554,5.57605,0.84672,12.849,0.84672,3695.15,0,36.966,0.42336,0.227405,2.20806,1.09912,1.53522,1.576,0.42336,36.966,0.42336,423.524,0,0.224929,0,0,0.452333,0.227405,1.028160,1,0,7.15205,0,0,0,7.15205,0
14.5742,1.85219,0,0,0.58943,0.057166,0.36288,3.6288,48.1853,1.27799,0,0,0.309551,0.298629,0,0.66528,12.849,1,1.46391,0.36288,0,15.6735,5.72554,8.8469,0.84672,12.849,0.84672,3695.15,0,36.966,0.42336,0.204422,2.20838,1.22766,1.53522,1.68187,0.42336,36.966,0.42336,423.524,0,0.353086,0,0,0.557508,0.204422,1.028160,1,0,10.5288,0,0,0,10.5288,0
12.8784,1.76261,0,0,0.484921,0.0552064,0.36288,3.6288,46.6605,1.45477,0,0,0.225443,0.295514,0,0.66528,12.849,1,1.55397,0.36288,0,14.3596,5.72554,7.44296,0.84672,12.849,0.84672,3695.15,0,36.966,0.42336,0.204422,2.2087,1.00551,1.53522,1.46004,0.42336,36.966,0.42336,423.524,0,0.176603,0,0,0.381026,0.204422,1.028160,1,0,8.903,0,0,0,8.903,0
11.4062,1.66043,0,0,0.604297,0.0532158,0.36288,3.6288,45.6762,1.08313,0,0,0.390535,0.291746,0,0.66528,12.849,1,1.65664,0.36288,0,13.9971,5.72554,6.97776,0.84672,12.849,0.84672,3695.15,0,36.966,0.42336,0.204422,2.20902,1.56825,1.53522,2.0231,0.42336,36.966,0.42336,423.524,0,0.548549,0,0,0.752972,0.204422,1.028160,1,0,9.00086,0,0,0,9.00086,0
10.5452,1.5125,0,0,1.09978,0.0853825,0.36288,3.6288,44.943,1.05163,0,0,0.553372,0.234868,0,0.66528,12.849,1,1.70382,0.36288,0,19.6118,4.72636,13.5445,0.84672,12.849,0.84672,3695.15,0,36.966,0.42336,0.204422,2.20934,1.5842,1.35036,2.22425,0.42336,36.966,0.42336,423.524,0,0.481455,0,0,0.685878,0.204422,1.028160,1,0,15.7687,0,0,0,15.7687,0
9.59809,1.45,0,0,0.949501,0.0837065,0.36288,3.6288,44.9425,0.568434,0,0,0.80118,0.233268,0,0.66528,12.849,1,1.76679,0.36288,0,16.9746,4.72636,10.8443,0.84672,12.849,0.84672,3695.15,0,36.966,0.42336,0.216518,2.11429,1.80535,1.35036,2.36244,0.42336,36.966,0.42336,423.524,0,0.964932,0,0,1.18145,0.216518,1.028160,1,0,13.2067,0,0,0,13.2067,0
8.6018,1.37566,0,0,0.823979,0.0817299,0.36288,3.6288,44.0907,1.06192,0,0,0.443344,0.233266,0,0.66528,12.849,1,1.8416,0.36288,0,17.4296,4.72636,11.2246,0.84672,12.849,0.84672,3695.15,0,36.966,0.42336,0.216518,2.11459,1.33911,1.35036,1.89651,0.42336,36.966,0.42336,423.524,0,0.471728,0,0,0.688247,0.216518,1.028160,1,0,13.1211,0,0,0,13.1211,0
7.67076,1.29031,0,0,0.801524,0.0793791,0.36288,3.6288,43.1483,1.12111,0,0,0.410144,0.231407,0,0.66528,12.849,1,1.92741,0.36288,0,15.9216,4.72636,9.63073,0.84672,12.849,0.84672,3695.15,0,36.966,0.42336,0.216518,2.1149,1.31581,1.35036,1.87351,0.42336,36.966,0.42336,423.524,0,0.412824,0,0,0.629342,0.216518,1.028160,1,0,11.5042,0,0,0,11.5042,0
7.59567,1.17195,0,0,1.56019,0.100436,0.36288,3.6288,42.8937,0.7389,0,0,0.658917,0.174612,0,0.66528,12.849,1,1.9631,0.36288,0,26.1471,3.82064,20.7263,0.84672,12.849,0.84672,3695.15,0,36.966,0.42336,0.216518,2.11521,2.1326,0.847585,3.19338,0.42336,36.966,0.42336,423.524,0,0.705249,0,0,0.921767,0.216518,1.028160,1,0,23.9197,0,0,0,23.9197,0
8.01171,1.16491,0,0,2.07513,0.1313,0.36288,3.6288,42.5373,0.712422,0,0,0.54585,0.189861,0,0.66528,12.849,1,1.97059,0.36288,0,34.5888,4.36768,28.6134,0.84672,12.849,0.84672,3695.15,0,36.966,0.42336,0.216518,2.03035,2.34816,0.984837,3.18683,0.42336,36.966,0.42336,423.524,0,0.731998,0,0,0.948516,0.216518,1.028160,1,0,31.8002,0,0,0,31.8002,0
8.02715,1.20439,0,0,1.71569,0.132974,0.36288,3.6288,42.1106,0.707768,0,0,0.470333,0.189215,0,0.66528,12.849,1,1.93157,0.36288,0,27.7397,4.36768,21.8033,0.84672,12.849,0.84672,3695.15,0,36.966,0.42336,0.292723,2.03064,2.27769,0.984837,3.19286,0.42336,36.966,0.42336,423.524,0,0.736923,0,0,1.02965,0.292723,1.028160,1,0,24.9962,0,0,0,24.9962,0
10.6878,1.20599,0,0,4.36256,0.133036,0.36288,3.6288,42.9806,0.44741,0,0,1.50581,0.188442,0,0.66528,12.849,1,1.93042,0.36288,0,77.3899,4.36768,71.4547,0.84672,12.849,0.84672,3695.15,0,36.966,0.392751,2.10495,2.03093,5.32299,0.984837,8.08129,0.42336,36.966,0.42336,423.524,0,1.02816,0,0,3.13311,2.10495,1.028160,1,0,79.536,0,0,0,79.536,0
13.6628,1.31714,0,0,4.79258,0.137563,0.36288,3.6288,44.2683,0.350923,0,0,1.82189,0.183237,0,0.66528,12.849,1,1.58348,0.36288,0,101.292,4.19504,95.8763,0.84672,12.849,0.84672,3695.15,0,36.966,0.301815,1.12281,2.03123,5.15837,0.984503,7.02609,0.42336,36.966,0.42336,423.524,0,1.02816,0,0,2.15097,1.12281,1.028160,1,0,102.902,0,0,0,102.902,0
13.6481,1.49505,0,0,1.97523,0.131986,0.36288,3.6288,44.1983,0.41871,0,0,0.517025,0.168324,0,0.66528,12.849,1,1.406,0.36288,0,50.3973,3.76341,45.5908,0.84672,12.849,0.84672,3695.15,0,36.966,0.349641,0.292723,1.84224,2.28914,0.983669,3.09079,0.42336,36.966,0.42336,423.524,0,0.91279,0,0,1.20551,0.292723,1.028160,1,0,48.6816,0,0,0,48.6816,0
14.1821,1.49449,0,0,2.52328,0.131944,0.36288,3.6288,44.1432,0.445976,0,0,0.559042,0.168213,0,0.66528,12.849,1,1.40698,0.36288,0,37.9966,3.76341,33.1891,0.84672,12.849,0.84672,3695.15,0,36.966,0.372999,0.412474,1.84251,2.80959,0.983669,3.7079,0.42336,36.966,0.42336,423.524,0,0.86241,0,0,1.27488,0.412474,1.028160,1,0,36.897,0,0,0,36.897,0
19.4443,1.5225,0,0,7.28103,0.133473,0.36288,3.6288,45.3368,0.355646,0,0,1.71738,0.168125,0,0.66528,12.849,1,1.37939,0.36288,0,121.902,3.76341,117.122,0.84672,12.849,0.84672,3695.15,0,36.966,0.297822,1.78235,1.84277,6.11772,0.983669,8.46135,0.42336,36.966,0.42336,423.524,0,1.02816,0,0,2.81051,1.78235,1.028160,1,0,125.583,0,0,0,125.583,0
23.6021,1.74752,0,0,6.43882,0.170619,0.36288,3.6288,46.3342,0.3601,0,0,1.56414,0.206607,0,0.66528,12.849,1,1.15478,0.36288,0,185.823,4.54618,180.485,0.84672,12.849,0.84672,3695.15,0,36.966,0.293613,1.68072,1.84304,7.32507,1.09857,9.45665,0.42336,36.966,0.42336,423.524,0,1.02816,0,0,2.70888,1.68072,1.028160,1,0,189.942,0,0,0,189.942,0
25.568,1.93839,0,0,4.44491,0.177668,0.36288,3.6288,47.1813,0.393999,0,0,1.40122,0.160131,0,0.66528,12.849,1,1.05526,0.36288,0,117.855,3.11654,114.046,0.84672,12.849,0.84672,3695.15,0,36.966,0.314337,1.4583,1.84331,6.55714,1.02938,8.51503,0.42336,36.966,0.42336,423.524,0,1.02816,0,0,2.48646,1.4583,1.028160,1,0,122.561,0,0,0,122.561,0
27.3978,1.99266,0,0,4.36755,0.182278,0.36288,3.6288,48.5064,0.397294,0,0,1.87566,0.153202,0,0.66528,12.849,1,1.00139,0.36288,0,97.8661,2.87826,94.3494,0.84672,12.849,0.84672,3695.15,0,36.966,0.311276,1.91095,1.90263,8.48319,1.01785,10.9676,0.42336,36.966,0.42336,423.524,0,1.02816,0,0,2.93911,1.91095,1.028160,1,0,105.317,0,0,0,105.317,0
29.7707,2.03846,0,0,4.96133,0.187028,0.36288,3.6288,49.577,0.402254,0,0,1.62772,0.154905,0,0.66528,12.849,1,0.955996,0.36288,0,56.2398,2.87826,52.7685,0.84672,12.849,0.84672,3695.15,0,36.966,0.306551,1.80942,1.90288,7.48509,1.01785,9.873,0.42336,36.966,0.42336,423.524,0,1.02816,0,0,2.83758,1.80942,1.028160,1,0,62.6415,0,0,0,62.6415,0
33.9681,2.09197,0,0,6.85439,0.202214,0.36288,3.6288,50.6334,0.40618,0,0,1.63496,0.172371,0,0.66528,12.849,1,0.902891,0.36288,0,156.971,3.00579,153.425,0.84672,12.849,0.84672,3695.15,0,36.966,0.302859,1.94594,1.90314,10.5785,1.06236,13.0623,0.42336,36.966,0.42336,423.524,0,1.02816,0,0,2.9741,1.94594,1.028160,1,0,166.487,0,0,0,166.487,0
37.3797,2.38518,0,0,6.38715,0.227438,0.36288,3.6288,51.6232,0.528047,0,0,1.71095,0.193065,0,0.66528,12.849,1,0.902235,0.36288,0,171.399,3.57445,167.286,0.84672,12.849,0.84672,3695.15,0,36.966,0.385512,2.06114,1.9034,9.1188,1.10429,11.5935,0.42336,36.966,0.42336,423.524,0,1.02816,0,0,3.0893,2.06114,1.028160,1,0,178.879,0,0,0,178.879,0
40.6552,2.44679,0,0,6.30965,0.224474,0.36288,3.6288,53.2485,0.532507,0,0,2.35443,0.196647,0,0.66528,12.849,1,0.841067,0.36288,0,113.276,3.97226,108.825,0.84672,12.849,0.84672,3695.15,0,36.966,0.381314,2.61512,2.11623,8.754,1.08423,12.0198,0.42336,36.966,0.42336,423.524,0,1.02816,0,0,3.64328,2.61512,1.028160,1,0,120.845,0,0,0,120.845,0
44.2225,2.49862,0,0,6.66201,0.233245,0.36288,3.6288,54.8009,0.539532,0,0,2.29118,0.199232,0,0.66528,12.849,1,0.789684,0.36288,0,139.355,3.97226,134.956,0.84672,12.849,0.84672,3695.15,0,36.966,0.374552,3.83019,2.11652,12.1802,1.08423,16.6681,0.42336,36.966,0.42336,423.524,0,1.02816,0,0,4.85835,3.83019,1.028160,1,0,151.624,0,0,0,151.624,0
45.5705,2.54832,0,0,4.50295,0.243697,0.36288,3.6288,55.7656,0.546025,0,0,1.70797,0.197249,0,0.66528,12.849,1,0.740425,0.36288,0,127.046,3.89664,122.772,0.84672,12.849,0.84672,3695.15,0,36.966,0.368321,0.81769,2.11681,6.42713,1.06254,7.93076,0.42336,36.966,0.42336,423.524,0,1.02816,0,0,1.84585,0.81769,1.028160,1,0,130.703,0,0,0,130.703,0
46.1895,2.24053,0,0,3.47401,0.251621,0.36288,3.6288,56.376,0.385059,0,0,1.1685,0.173111,0,0.66528,12.849,1,0.631737,0.36288,0,86.5434,3.62317,82.6514,0.84672,12.849,0.84672,3695.15,0,36.966,0.255248,0.648372,2.11709,5.06239,0.885654,6.68695,0.42336,36.966,0.42336,423.524,0,1.02816,0,0,1.67653,0.648372,1.028160,1,0,89.3383,0,0,0,89.3383,0
47.1275,2.24746,0,0,3.79648,0.248104,0.36288,3.6288,56.8581,0.386864,0,0,1.05879,0.189819,0,0.66528,12.849,1,0.625198,0.36288,0,79.126,4.25659,74.6071,0.84672,12.849,0.84672,3695.15,0,36.966,0.253668,0.96342,1.82732,5.96833,0.946244,7.55916,0.42336,36.966,0.42336,423.524,0,1.02816,0,0,1.99158,0.96342,1.028160,1,0,82.1662,0,0,0,82.1662,0
47.8729,2.25754,0,0,3.60826,0.242439,0.36288,3.6288,57.3502,0.388304,0,0,1.09237,0.211924,0,0.66528,12.849,1,0.615502,0.36288,0,99.1224,4.78076,94.089,0.84672,12.849,0.84672,3695.15,0,36.966,0.252454,1.02528,1.82757,6.34097,1.11023,7.83114,0.42336,36.966,0.42336,423.524,0,1.02816,0,0,2.05344,1.02528,1.028160,1,0,101.92,0,0,0,101.92,0
53.7075,2.2654,0,0,8.70725,0.24443,0.36288,3.6288,59.0248,0.389758,0,0,2.27697,0.212603,0,0.66528,12.849,1,0.608029,0.36288,0,89.7903,4.78076,84.7644,0.84672,12.849,0.84672,3695.15,0,36.966,0.251225,2.5347,1.82781,10.5811,1.11023,13.5821,0.42336,36.966,0.42336,423.524,0,1.02816,0,0,3.56286,2.5347,1.028160,1,0,98.3466,0,0,0,98.3466,0
61.9625,2.31902,0,0,11.1968,0.259903,0.36288,3.6288,61.308,0.394279,0,0,3.57458,0.214911,0.682228,0.66528,12.849,1,0.554802,0.36288,0,222.764,4.78076,217.792,0.84672,12.849,0.84672,3695.15,0,36.966,0.246929,3.8757,1.82806,19.1165,1.11023,23.4631,0.42336,36.966,0.42336,423.524,0,1.02816,0,0,4.90386,3.8757,1.028160,1,0,241.937,0,0,0,241.937,0
63.8923,2.46754,0,0,5.051,0.290811,0.36288,3.6288,61.308,0.442048,0,0,2.29427,0.241887,1.61034,0.66528,12.849,1,0.511686,0.36288,0,134.084,4.97711,128.958,0.84672,12.849,0.84672,3695.15,0,36.966,0.266535,3.13929,1.82831,8.34235,1.17758,11.8658,0.42336,36.966,0.42336,423.524,0,1.02816,0,0,4.16745,3.13929,1.028160,1,0,142.434,0,0,0,142.434,0
65.0203,2.48074,0,0,4.26704,0.295432,0.36288,3.6288,61.308,0.442194,0,0,1.9758,0.241887,1.29171,0.66528,12.849,1,0.498887,0.36288,0,109.676,4.97711,104.563,0.84672,12.849,0.84672,3695.15,0,36.966,0.266623,2.43448,1.90011,6.22875,1.17758,9.11913,0.42336,36.966,0.42336,423.524,0,1.02816,0,0,3.46264,2.43448,1.028160,1,0,114.974,0,0,0,114.974,0
66.5042,2.4883,0,0,4.63322,0.298132,0.36288,3.6288,61.308,0.44234,0,0,1.93163,0.241887,1.2474,0.66528,12.849,1,0.491726,0.36288,0,90.9809,4.97711,85.875,0.84672,12.849,0.84672,3695.15,0,36.966,0.266711,2.17904,1.90037,8.43223,1.17758,11.0673,0.42336,36.966,0.42336,423.524,0,1.02816,0,0,3.2072,2.17904,1.028160,1,0,98.1897,0,0,0,98.1897,0
68.1241,2.49783,0,0,4.74626,0.265618,0.36288,3.6288,61.308,0.442486,0,0,2.78289,0.237725,2.10268,0.66528,12.849,1,0.482596,0.36288,0,99.9147,5.22423,94.5707,0.84672,12.849,0.84672,3695.15,0,36.966,0.2668,2.58416,1.90063,12.9473,1.19365,15.9716,0.42336,36.966,0.42336,423.524,0,1.02816,0,0,3.61232,2.58416,1.028160,1,0,112.645,0,0,0,112.645,0
68.6935,2.47326,0,0,3.6582,0.252709,0.36288,3.6288,61.308,0.426354,0,0,1.61176,0.227852,0.957551,0.66528,12.849,1,0.466486,0.36288,0,85.968,4.78966,81.0747,0.84672,12.849,0.84672,3695.15,0,36.966,0.257072,1.843,1.90088,6.26184,1.17757,8.57108,0.42336,36.966,0.42336,423.524,0,1.02816,0,0,2.87116,1.843,1.028160,1,0,90.6034,0,0,0,90.6034,0
68.8255,2.47685,0,0,3.21052,0.238742,0.36288,3.6288,61.308,0.426498,0,0,1.41693,0.235165,0.755262,0.66528,12.849,1,0.463291,0.36288,0,66.6861,4.77823,61.8075,0.84672,12.849,0.84672,3695.15,0,36.966,0.257159,1.5462,1.87328,4.94616,1.18432,6.92416,0.42336,36.966,0.42336,423.524,0,1.02816,0,0,2.57436,1.5462,1.028160,1,0,69.4869,0,0,0,69.4869,0
68.5774,2.47794,0,0,2.83168,0.238988,0.36288,3.6288,61.308,0.426642,0,0,1.56099,0.235165,0.899181,0.66528,12.849,1,0.462605,0.36288,0,62.3403,4.77823,57.4623,0.84672,12.849,0.84672,3695.15,0,36.966,0.257246,1.8164,1.87353,5.15468,1.18432,7.40306,0.42336,36.966,0.42336,423.524,0,1.02816,0,0,2.84456,1.8164,1.028160,1,0,65.7646,0,0,0,65.7646,0
68.0568,2.47686,0,0,2.55769,0.238526,0.36288,3.6288,61.308,0.426786,0,0,1.3634,0.235165,0.701449,0.66528,12.849,1,0.464077,0.36288,0,58.1062,4.77823,53.2268,0.84672,12.849,0.84672,3695.15,0,36.966,0.257333,1.29893,1.87379,4.82849,1.18432,6.55955,0.42336,36.966,0.42336,423.524,0,1.02816,0,0,2.32709,1.29893,1.028160,1,0,60.4878,0,0,0,60.4878,0
67.868,2.59158,0,0,2.96809,0.202493,0.36288,3.6288,61.308,0.484691,0,0,1.25206,0.239654,0.527713,0.66528,12.849,1,0.489285,0.36288,0,60.3137,5.09052,55.0968,0.84672,12.849,0.84672,3695.15,0,36.966,0.292247,1.27046,1.87404,6.11134,1.20471,7.75888,0.42336,36.966,0.42336,423.524,0,1.02816,0,0,2.29862,1.27046,1.028160,1,0,63.3833,0,0,0,63.3833,0
67.1488,2.59078,0,0,2.36976,0.135235,0.36288,3.6288,61.308,0.484843,0,0,1.00291,0.240489,0.277573,0.66528,12.849,1,0.490496,0.36288,0,49.2684,5.0525,44.0883,0.84672,12.849,0.84672,3695.15,0,36.966,0.292339,0.81724,1.97197,4.00073,1.22342,5.27419,0.42336,36.966,0.42336,423.524,0,1.02816,0,0,1.8454,0.81724,1.028160,1,0,49.64,0,0,0,49.64,0
66.3405,2.58672,0,0,2.27577,0.134472,0.36288,3.6288,61.308,0.484995,0,0,0.992382,0.240489,0.266898,0.66528,12.849,1,0.494972,0.36288,0,45.7294,5.0525,40.5448,0.84672,12.849,0.84672,3695.15,0,36.966,0.29243,0.823729,1.97224,3.8394,1.22342,5.11952,0.42336,36.966,0.42336,423.524,0,1.02816,0,0,1.85189,0.823729,1.028160,1,0,45.9312,0,0,0,45.9312,0
65.4171,2.58202,0,0,2.15978,0.138309,0.36288,3.6288,61.308,0.485147,0,0,0.976683,0.239172,0.252364,0.66528,12.849,1,0.500092,0.36288,0,43.8051,4.96788,38.7,0.84672,12.849,0.84672,3695.15,0,36.966,0.292522,0.974929,1.9725,3.594,1.22668,5.02223,0.42336,36.966,0.42336,423.524,0,1.02816,0,0,2.00309,0.974929,1.028160,1,0,43.9746,0,0,0,43.9746,0
64.3278,2.57647,0,0,2.00481,0.154728,0.36288,3.6288,61.308,0.485299,0,0,0.93871,0.235422,0.217989,0.66528,12.849,1,0.506061,0.36288,0,40.5458,4.49225,35.9104,0.84672,12.849,0.84672,3695.15,0,36.966,0.292614,0.907978,1.97277,3.34303,1.25579,4.67538,0.42336,36.966,0.42336,423.524,0,1.02816,0,0,1.93614,0.907978,1.028160,1,0,40.8037,0,0,0,40.8037,0
64.2958,2.54665,0,0,2.98351,0.105997,0.36288,3.6288,61.308,0.517218,0,0,1.19161,0.302206,0.372187,0.66528,12.849,1,0.508675,0.36288,0,30.9436,5.52122,25.2765,0.84672,12.849,0.84672,3695.15,0,36.966,0.311859,1.03647,1.97304,5.11768,1.35163,6.46369,0.42336,36.966,0.42336,423.524,0,1.02816,0,0,2.06463,1.03647,1.028160,1,0,32.1124,0,0,0,32.1124,0
63.9536,2.54679,0,0,2.67344,0.10597,0.36288,3.6288,61.308,0.517374,0,0,1.05679,0.302206,0.237212,0.66528,12.849,1,0.508955,0.36288,0,42.801,5.52122,37.1337,0.84672,12.849,0.84672,3695.15,0,36.966,0.311954,0.968527,2.00747,5.86671,1.35163,7.17912,0.42336,36.966,0.42336,423.524,0,1.02816,0,0,1.99669,0.968527,1.028160,1,0,44.55,0,0,0,44.55,0
63.3162,2.54486,0,0,2.37601,0.105677,0.36288,3.6288,61.308,0.517531,0,0,0.958349,0.302206,0.138612,0.66528,12.849,1,0.511292,0.36288,0,41.1994,5.52122,35.5298,0.84672,12.849,0.84672,3695.15,0,36.966,0.312048,0.845554,2.00774,5.70206,1.35163,6.89168,0.42336,36.966,0.42336,423.524,0,1.02816,0,0,1.87371,0.845554,1.028160,1,0,42.5601,0,0,0,42.5601,0
62.5408,2.54093,0,0,2.23354,0.105131,0.36288,3.6288,61.308,0.517687,0,0,0.920834,0.302206,0.100941,0.66528,12.849,1,0.51564,0.36288,0,38.6294,5.52122,32.9554,0.84672,12.849,0.84672,3695.15,0,36.966,0.312142,0.798863,2.00801,5.4331,1.35163,6.5762,0.42336,36.966,0.42336,423.524,0,1.02816,0,0,1.82702,0.798863,1.028160,1,0,39.6325,0,0,0,39.6325,0
61.7549,2.59515,0,0,2.24746,0.0753108,0.36288,3.6288,61.308,0.54617,0,0,0.870627,0.317156,0.00730096,0.66528,12.849,1,0.533173,0.36288,0,33.3361,5.74956,27.4162,0.84672,12.849,0.84672,3695.15,0,36.966,0.329316,0.597275,2.00828,4.61962,1.42732,5.46854,0.42336,36.966,0.42336,423.524,0,1.02816,0,0,1.62543,0.597275,1.028160,1,0,32.892,0,0,0,32.892,0
61.4111,2.58988,0,0,2.66978,0.0608021,0.36288,3.6288,61.308,0.546331,0,0,1.14776,0.314766,0.286667,0.66528,12.849,1,0.538862,0.36288,0,41.228,5.73079,35.3212,0.84672,12.849,0.84672,3695.15,0,36.966,0.329413,0.834529,2.05701,4.96568,1.41978,6.10802,0.42336,36.966,0.42336,423.524,0,1.02816,0,0,1.86269,0.834529,1.028160,1,0,41.7159,0,0,0,41.7159,0
60.83,2.58774,0,0,2.43009,0.0606297,0.36288,3.6288,61.308,0.546491,0,0,0.946693,0.314766,0.0854366,0.66528,12.849,1,0.54143,0.36288,0,33.2072,5.73079,27.2979,0.84672,12.849,0.84672,3695.15,0,36.966,0.32951,0.874765,2.05728,4.61424,1.41978,5.797,0.42336,36.966,0.42336,423.524,0,1.02816,0,0,1.90293,0.874765,1.028160,1,0,33.1803,0,0,0,33.1803,0
60.0331,2.58381,0,0,2.21017,0.0603383,0.36288,3.6288,61.308,0.546651,0,0,0.881643,0.314766,0.0202259,0.66528,12.849,1,0.545774,0.36288,0,30.9566,5.73079,25.0429,0.84672,12.849,0.84672,3695.15,0,36.966,0.329606,0.578163,2.05756,4.11219,1.41978,4.99853,0.42336,36.966,0.42336,423.524,0,1.02816,0,0,1.60632,0.578163,1.028160,1,0,30.0617,0,0,0,30.0617,0
59.2335,2.75038,0,0,2.36079,0.0471247,0.36288,3.6288,61.308,0.649112,0,0,0.994594,0.322772,0.0227096,0.66528,12.849,1,0.588669,0.36288,0,30.6138,5.90277,24.4852,0.84672,12.849,0.84672,3695.15,0,36.966,0.391386,0.919892,2.05784,5.35572,1.46274,6.47932,0.42336,36.966,0.42336,423.524,0,1.02816,0,0,1.94805,0.919892,1.028160,1,0,30.9872,0,0,0,30.9872,0
58.1565,2.74422,0,0,2.06241,0.0323207,0.36288,3.6288,61.1843,0.649286,0,0,0.860086,0.334546,0,0.66528,12.849,1,0.59528,0.36288,0,29.1624,5.88777,23.0422,0.84672,12.849,0.84672,3695.15,0,36.966,0.391491,0.613535,2.22398,3.76834,1.51137,4.703,0.42336,36.966,0.42336,423.524,0,1.02816,0,0,1.6417,0.613535,1.028160,1,0,27.7453,0,0,0,27.7453,0
56.7228,2.73556,0,0,1.69672,0.0319853,0.36288,3.6288,60.7251,0.751236,0,0,0.626391,0.334284,0,0.66528,12.849,1,0.60439,0.36288,0,26.7175,5.88777,20.5882,0.84672,12.849,0.84672,3695.15,0,36.966,0.42336,0.227405,2.22428,3.08643,1.51137,3.60339,0.42336,36.966,0.42336,423.524,0,0.89462,0,0,1.12203,0.227405,1.028160,1,0,24.1916,0,0,0,24.1916,0
55.7193,2.72347,0,0,2.11442,0.0315389,0.36288,3.6288,60.8296,0.647298,0,0,1.08509,0.333313,0,0.66528,12.849,1,0.616928,0.36288,0,26.0431,5.88777,19.9013,0.84672,12.849,0.84672,3695.15,0,36.966,0.394038,1.18911,2.22458,4.81381,1.51137,6.3221,0.42336,36.966,0.42336,423.524,0,1.02816,0,0,2.21727,1.18911,1.028160,1,0,26.2234,0,0,0,26.2234,0
54.382,2.71481,0,0,1.77924,0.0389456,0.36288,3.6288,60.6795,0.647892,0,0,0.783207,0.285417,0,0.66528,12.849,1,0.626041,0.36288,0,18.0969,4.59385,13.2399,0.84672,12.849,0.84672,3695.15,0,36.966,0.393722,0.517925,2.22488,4.90408,1.00769,6.24548,0.42336,36.966,0.42336,423.524,0,1.02816,0,0,1.54608,0.517925,1.028160,1,0,19.4854,0,0,0,19.4854,0
53.8285,2.62026,0,0,2.48229,0.0525918,0.36288,3.6288,60.7072,0.585566,0,0,0.907908,0.294615,0,0.66528,12.849,1,0.619097,0.36288,0,30.4202,5.46164,24.7024,0.84672,12.849,0.84672,3695.15,0,36.966,0.356728,0.384575,2.22518,5.55345,1.31063,6.49586,0.42336,36.966,0.42336,423.524,0,1.02816,0,0,1.41273,0.384575,1.028160,1,0,31.1982,0,0,0,31.1982,0
53.3295,2.61547,0,0,2.53395,0.0546453,0.36288,3.6288,61.2391,0.585833,0,0,1.41396,0.296246,0,0.66528,12.849,1,0.62432,0.36288,0,28.7358,5.60627,22.8681,0.84672,12.849,0.84672,3695.15,0,36.966,0.356727,1.26151,2.12943,6.59753,1.36112,8.27062,0.42336,36.966,0.42336,423.524,0,1.02816,0,0,2.28967,1.26151,1.028160,1,0,31.1387,0,0,0,31.1387,0
52.5214,2.61112,0,0,2.22026,0.0543682,0.36288,3.6288,61.2279,0.587931,0,0,0.873988,0.297246,0,0.66528,12.849,1,0.629113,0.36288,0,29.1758,5.60627,23.3033,0.84672,12.849,0.84672,3695.15,0,36.966,0.354895,0.628715,2.12972,5.20116,1.36112,6.24358,0.42336,36.966,0.42336,423.524,0,1.02816,0,0,1.65688,0.628715,1.028160,1,0,29.5469,0,0,0,29.5469,0
51.307,2.60369,0,0,1.80613,0.0539194,0.36288,3.6288,61.062,0.588056,0,0,0.719349,0.297225,0,0.66528,12.849,1,0.636975,0.36288,0,26.7919,5.60627,20.9115,0.84672,12.849,0.84672,3695.15,0,36.966,0.355035,0.265524,2.13,4.69949,1.36112,5.37886,0.42336,36.966,0.42336,423.524,0,1.02816,0,0,1.29368,0.265524,1.028160,1,0,26.2904,0,0,0,26.2904,0
50.2252,2.52503,0,0,1.88628,0.0802227,0.36288,3.6288,60.9485,0.550185,0,0,0.674615,0.237939,0,0.66528,12.849,1,0.632351,0.36288,0,22.675,4.6933,17.7122,0.84672,12.849,0.84672,3695.15,0,36.966,0.333074,0.216518,2.13029,4.46678,1.06039,5.42012,0.42336,36.966,0.42336,423.524,0,0.997548,0,0,1.21407,0.216518,1.028160,1,0,23.1323,0,0,0,23.1323,0
49.1939,2.51452,0,0,2.01815,0.172029,0.36288,3.6288,60.5841,0.690987,0,0,0.508893,0.182258,0,0.66528,12.849,1,0.643284,0.36288,0,26.2213,4.07731,21.8636,0.84672,12.849,0.84672,3695.15,0,36.966,0.419092,0.216518,2.0448,3.75903,0.959654,4.64161,0.42336,36.966,0.42336,423.524,0,0.770982,0,0,0.9875,0.216518,1.028160,1,0,26.5052,0,0,0,26.5052,0
47.7641,2.50416,0,0,1.623,0.185776,0.36288,3.6288,59.9937,0.79626,0,0,0.385606,0.179804,0,0.66528,12.849,1,0.654065,0.36288,0,20.4308,4.09678,16.0429,0.84672,12.849,0.84672,3695.15,0,36.966,0.42336,0.216518,2.04508,3.23045,0.984457,4.08423,0.42336,36.966,0.42336,423.524,0,0.661694,0,0,0.878213,0.216518,1.028160,1,0,20.1271,0,0,0,20.1271,0
47.7617,2.48907,0,0,3.03254,0.182914,0.36288,3.6288,60.3386,0.528045,0,0,1.05208,0.17913,0,0.66528,12.849,1,0.669584,0.36288,0,40.7043,4.09678,36.3008,0.84672,12.849,0.84672,3695.15,0,36.966,0.325363,1.66192,2.04536,7.12684,0.984457,9.5243,0.42336,36.966,0.42336,423.524,0,1.02816,0,0,2.69008,1.66192,1.028160,1,0,45.8251,0,0,0,45.8251,0
50.2221,2.58432,0,0,5.58273,0.17514,0.36288,3.6288,61.308,0.540929,0,0,1.89807,0.185449,0.202264,0.66528,12.849,1,0.695241,0.36288,0,80.2502,3.96898,75.9489,0.84672,12.849,0.84672,3695.15,0,36.966,0.331396,1.75317,2.04563,9.52769,0.966307,12.0288,0.42336,36.966,0.42336,423.524,0,1.02816,0,0,2.78133,1.75317,1.028160,1,0,88.1799,0,0,0,88.1799,0
50.2171,2.61179,0,0,3.19054,0.220895,0.36288,3.6288,61.308,0.544358,0,0,0.789146,0.184123,0.0606647,0.66528,12.849,1,0.668209,0.36288,0,46.1431,3.60791,42.2299,0.84672,12.849,0.84672,3695.15,0,36.966,0.328224,0.814562,2.0829,6.07175,0.889606,7.75139,0.42336,36.966,0.42336,423.524,0,1.02816,0,0,1.84272,0.814562,1.028160,1,0,50.042,0,0,0,50.042,0
51.1589,2.61209,0,0,4.13769,0.220883,0.36288,3.6288,61.308,0.544518,0,0,1.14202,0.184123,0.413377,0.66528,12.849,1,0.668353,0.36288,0,84.5136,3.60791,80.6002,0.84672,12.849,0.84672,3695.15,0,36.966,0.32832,0.939756,2.08319,8.03866,0.889606,9.84367,0.42336,36.966,0.42336,423.524,0,1.02816,0,0,1.96792,0.939756,1.028160,1,0,90.8573,0,0,0,90.8573,0
52.6543,2.62228,0,0,4.70356,0.223078,0.36288,3.6288,61.308,0.544678,0,0,1.36661,0.184123,0.637814,0.66528,12.849,1,0.658607,0.36288,0,78.8936,3.60791,74.9899,0.84672,12.849,0.84672,3695.15,0,36.966,0.328417,1.30817,2.08347,8.92633,0.889606,11.0999,0.42336,36.966,0.42336,423.524,0,1.02816,0,0,2.33633,1.30817,1.028160,1,0,86.7277,0,0,0,86.7277,0
55.2057,2.63767,0,0,5.74664,0.194608,0.36288,3.6288,61.308,0.544838,0,0,2.01423,0.229052,1.24035,0.66528,12.849,1,0.643659,0.36288,0,157.156,4.38783,152.487,0.84672,12.849,0.84672,3695.15,0,36.966,0.328513,2.17233,2.08375,13.8904,1.20658,16.6114,0.42336,36.966,0.42336,423.524,0,1.02816,0,0,3.20049,2.17233,1.028160,1,0,170.339,0,0,0,170.339,0
57.1337,2.44551,0,0,4.97622,0.239835,0.36288,3.6288,61.308,0.449509,0,0,2.11991,0.246377,1.42402,0.66528,12.849,1,0.569185,0.36288,0,78.0104,5.18227,72.6218,0.84672,12.849,0.84672,3695.15,0,36.966,0.271034,2.1545,2.08403,11.5862,1.27302,14.2806,0.42336,36.966,0.42336,423.524,0,1.02816,0,0,3.18266,2.1545,1.028160,1,0,88.3265,0,0,0,88.3265,0
59.7545,2.4615,0,0,5.71136,0.266176,0.36288,3.6288,61.308,0.449645,0,0,2.74271,0.246118,2.04694,0.66528,12.849,1,0.553574,0.36288,0,132.317,5.37527,126.751,0.84672,12.849,0.84672,3695.15,0,36.966,0.271116,2.75549,1.916,13.8101,1.24888,16.9616,0.42336,36.966,0.42336,423.524,0,1.02816,0,0,3.78365,2.75549,1.028160,1,0,145.76,0,0,0,145.76,0
64.6131,2.48179,0,0,7.97626,0.273035,0.36288,3.6288,61.308,0.449782,0,0,4.00143,0.246118,3.30553,0.66528,12.849,1,0.533658,0.36288,0,89.7998,5.37527,84.2538,0.84672,12.849,0.84672,3695.15,0,36.966,0.271198,3.69614,1.91624,16.5207,1.24888,20.613,0.42336,36.966,0.42336,423.524,0,1.02816,0,0,4.7243,3.69614,1.028160,1,0,108.172,0,0,0,108.172,0
72.29,2.51558,0,0,13.3276,0.284347,2.85081,3.6288,61.308,0.449918,0,0,6.96995,0.246118,6.27391,0.66528,12.849,1,0.500249,2.85081,0,265.497,5.37527,262.472,0.84672,12.849,0.84672,3695.15,0,36.966,0.271281,6.396,1.91648,24.8873,1.24888,31.6797,0.42336,36.966,0.42336,423.524,0,1.02816,0,0,7.42416,6.396,1.028160,1,0,300.426,0,0,0,300.426,0
72.29,2.8108,0,0,11.3922,0.321688,8.25971,3.6288,61.308,0.578389,0,0,4.3713,0.226873,3.56603,0.66528,12.849,1,0.499598,8.25971,0,225.201,4.69459,228.266,0.84672,12.849,0.84672,3695.15,0,36.966,0.348743,3.94557,1.91672,17.8585,1.10154,22.2705,0.42336,36.966,0.42336,423.524,0,1.02816,0,0,4.97373,3.94557,1.028160,1,0,254.103,0,0,0,254.103,0
72.29,2.81115,0,0,4.69565,0.351126,1.53338,3.6288,61.308,0.578541,0,0,3.47581,0.203324,2.69395,0.66528,12.849,1,0.49966,1.53338,0,91.4121,4.33566,88.1101,0.84672,12.849,0.84672,3695.15,0,36.966,0.348835,2.98292,2.13103,13.6756,1.09466,17.346,0.42336,36.966,0.42336,423.524,0,1.02816,0,0,4.01108,2.98292,1.028160,1,0,108.15,0,0,0,108.15,0
72.29,2.8115,0,0,5.50717,0.351126,2.34454,3.6288,61.308,0.578694,0,0,3.67839,0.203324,2.89638,0.66528,12.849,1,0.499723,2.34454,0,109.262,4.33566,106.771,0.84672,12.849,0.84672,3695.15,0,36.966,0.348927,2.97189,2.13129,14.4082,1.09466,18.0678,0.42336,36.966,0.42336,423.524,0,1.02816,0,0,4.00005,2.97189,1.028160,1,0,127.736,0,0,0,127.736,0
72.29,2.81185,0,0,5.67257,0.345539,2.51518,3.6288,61.308,0.578847,0,0,3.79796,0.195109,3.02401,0.66528,12.849,1,0.499786,2.51518,0,112.91,4.14985,110.776,0.84672,12.849,0.84672,3695.15,0,36.966,0.349019,3.44307,2.13156,15.9839,1.03987,20.1697,0.42336,36.966,0.42336,423.524,0,1.02816,0,0,4.47123,3.44307,1.028160,1,0,133.969,0,0,0,133.969,0
72.29,2.75703,0,0,7.33005,0.321638,4.25138,3.6288,61.308,0.535278,0,0,4.57063,0.201916,3.83343,0.66528,12.849,1,0.490041,4.25138,0,122.498,3.82882,122.43,0.84672,12.849,0.84672,3695.15,0,36.966,0.322749,4.21928,2.13183,18.0397,0.945627,23.1224,0.42336,36.966,0.42336,423.524,0,1.02816,0,0,5.24744,4.21928,1.028160,1,0,149.386,0,0,0,149.386,0
72.29,2.75738,0,0,9.3223,0.334035,6.23089,3.6288,61.308,0.535425,0,0,4.69101,0.176919,3.97867,0.66528,12.849,1,0.490103,6.23089,0,106.612,3.49808,108.854,0.84672,12.849,0.84672,3695.15,0,36.966,0.322838,4.40352,2.06577,18.7504,0.962123,23.9347,0.42336,36.966,0.42336,423.524,0,1.02816,0,0,5.43168,4.40352,1.028160,1,0,136.768,0,0,0,136.768,0
72.29,2.75772,0,0,7.52583,0.334035,4.43407,3.6288,61.308,0.535573,0,0,3.31251,0.176919,2.60002,0.66528,12.849,1,0.490164,4.43407,0,115.231,3.49808,115.677,0.84672,12.849,0.84672,3695.15,0,36.966,0.322927,2.55074,2.06603,13.0063,0.962123,16.338,0.42336,36.966,0.42336,423.524,0,1.02816,0,0,3.5789,2.55074,1.028160,1,0,134.615,0,0,0,134.615,0
72.29,2.75807,0,0,5.29793,0.334035,2.20583,3.6288,61.308,0.53572,0,0,2.34973,0.176919,1.6371,0.66528,12.849,1,0.490225,2.20583,0,102.441,3.49808,100.659,0.84672,12.849,0.84672,3695.15,0,36.966,0.323015,2.06192,2.06629,12.4996,0.962123,15.3426,0.42336,36.966,0.42336,423.524,0,1.02816,0,0,3.09008,2.06192,1.028160,1,0,117.638,0,0,0,117.638,0
72.29,2.75841,0,0,6.43785,0.254737,3.4247,3.6288,61.308,0.535867,0,0,2.5014,0.134805,1.83073,0.66528,12.849,1,0.490287,3.4247,0,96.9408,2.88771,96.9875,0.84672,12.849,0.84672,3695.15,0,36.966,0.323104,2.28021,2.06654,12.531,0.874445,15.6802,0.42336,36.966,0.42336,423.524,0,1.02816,0,0,3.30837,2.28021,1.028160,1,0,114.498,0,0,0,114.498,0
72.29,2.54706,0,0,6.30771,0.325938,3.43471,3.6288,61.308,0.449524,0,0,4.77049,0.169034,4.15193,0.66528,12.849,1,0.452721,3.43471,0,126.56,3.42609,126.116,0.84672,12.849,0.84672,3695.15,0,36.966,0.271043,3.29832,2.0668,13.0373,0.898292,17.2331,0.42336,36.966,0.42336,423.524,0,1.02816,0,0,4.32648,3.29832,1.028160,1,0,147.501,0,0,0,147.501,0
72.29,2.54738,0,0,6.01088,0.337804,3.1257,3.6288,61.308,0.449661,0,0,3.95048,0.174739,3.32608,0.66528,12.849,1,0.452777,3.1257,0,124.327,3.51582,123.484,0.84672,12.849,0.84672,3695.15,0,36.966,0.271125,2.77905,1.91323,11.0536,0.902267,14.5725,0.42336,36.966,0.42336,423.524,0,1.02816,0,0,3.80721,2.77905,1.028160,1,0,141.383,0,0,0,141.383,0
72.29,2.5477,0,0,7.2205,0.337804,4.335,3.6288,61.308,0.449797,0,0,3.64803,0.174739,3.0235,0.66528,12.849,1,0.452834,4.335,0,109.291,3.51582,109.657,0.84672,12.849,0.84672,3695.15,0,36.966,0.271208,3.30229,1.91347,21.7355,0.902267,25.7778,0.42336,36.966,0.42336,423.524,0,1.02816,0,0,4.33045,3.30229,1.028160,1,0,138.458,0,0,0,138.458,0
72.29,2.54802,0,0,6.63631,0.320823,3.76747,3.6288,61.308,0.449934,0,0,3.98313,0.157946,3.37525,0.66528,12.849,1,0.452891,3.76747,0,156.444,2.5899,157.168,0.84672,12.849,0.84672,3695.15,0,36.966,0.27129,3.73208,1.9137,16.8608,0.745336,21.4899,0.42336,36.966,0.42336,423.524,0,1.02816,0,0,4.76024,3.73208,1.028160,1,0,182.033,0,0,0,182.033,0
72.29,2.51321,0,0,4.76666,0.293757,1.95969,3.6288,61.308,0.43368,0,0,2.54327,0.202641,1.90695,0.66528,12.849,1,0.446705,1.95969,0,74.8551,3.60007,72.768,0.84672,12.849,0.84672,3695.15,0,36.966,0.26149,2.11476,1.91394,10.8681,0.885448,13.7498,0.42336,36.966,0.42336,423.524,0,1.02816,0,0,3.14292,2.11476,1.028160,1,0,88.4248,0,0,0,88.4248,0
72.29,2.51353,0,0,4.20644,0.279475,1.41343,3.6288,61.308,0.433814,0,0,1.69695,0.168127,1.09501,0.66528,12.849,1,0.44676,1.41343,0,66.3823,3.26217,64.0868,0.84672,12.849,0.84672,3695.15,0,36.966,0.261571,1.08734,1.88613,7.85678,0.793718,9.77497,0.42336,36.966,0.42336,423.524,0,1.02816,0,0,2.1155,1.08734,1.028160,1,0,74.9568,0,0,0,74.9568,0
72.29,2.51384,0,0,4.31152,0.234863,1.56282,3.6288,61.308,0.433949,0,0,1.65509,0.189903,1.03124,0.66528,12.849,1,0.446816,1.56282,0,65.3557,3.42108,63.0507,0.84672,12.849,0.84672,3695.15,0,36.966,0.261652,1.20246,1.88637,6.66973,0.887145,8.60977,0.42336,36.966,0.42336,423.524,0,1.02816,0,0,2.23062,1.20246,1.028160,1,0,72.6917,0,0,0,72.6917,0
72.29,2.51416,0,0,3.69284,0.207435,0.971248,3.6288,61.308,0.434083,0,0,1.65143,0.219504,0.997844,0.66528,12.849,1,0.446872,0.971248,0,54.706,3.80331,51.427,0.84672,12.849,0.84672,3695.15,0,36.966,0.261733,1.04655,1.8866,6.05211,0.994075,7.72946,0.42336,36.966,0.42336,423.524,0,1.02816,0,0,2.07471,1.04655,1.028160,1,0,60.1543,0,0,0,60.1543,0
72.29,2.63375,0,0,3.5673,0.200453,0.733098,3.6288,61.308,0.492372,0,0,1.5669,0.224013,0.850514,0.66528,12.849,1,0.468129,0.733098,0,57.6674,3.9725,53.9599,0.84672,12.849,0.84672,3695.15,0,36.966,0.296879,1.06308,1.88684,5.98814,0.999901,7.64129,0.42336,36.966,0.42336,423.524,0,1.02816,0,0,2.09124,1.06308,1.028160,1,0,62.4517,0,0,0,62.4517,0
72.29,2.63408,0,0,3.62332,0.158559,0.830683,3.6288,61.308,0.492514,0,0,1.2633,0.251062,0.519721,0.66528,12.849,1,0.468188,0.830683,0,50.6512,4.98761,46.0261,0.84672,12.849,0.84672,3695.15,0,36.966,0.296964,0.627454,1.98542,5.66315,1.03486,6.9442,0.42336,36.966,0.42336,423.524,0,1.02816,0,0,1.65561,0.627454,1.028160,1,0,53.49,0,0,0,53.49,0
72.29,2.63441,0,0,3.5738,0.158559,0.780829,3.6288,61.308,0.492656,0,0,1.26701,0.251062,0.523295,0.66528,12.849,1,0.468246,0.780829,0,47.9295,4.98761,43.2544,0.84672,12.849,0.84672,3695.15,0,36.966,0.29705,0.697663,1.98567,5.39158,1.03486,6.74301,0.42336,36.966,0.42336,423.524,0,1.02816,0,0,1.72582,0.697663,1.028160,1,0,50.5207,0,0,0,50.5207,0
72.29,2.63474,0,0,3.20573,0.173311,0.397684,3.6288,61.308,0.492798,0,0,1.20817,0.247111,0.468256,0.66528,12.849,1,0.468305,0.397684,0,45.2643,4.73376,40.4599,0.84672,12.849,0.84672,3695.15,0,36.966,0.297135,0.70734,1.98592,4.96577,1.04465,6.31725,0.42336,36.966,0.42336,423.524,0,1.02816,0,0,1.7355,0.70734,1.028160,1,0,47.2454,0,0,0,47.2454,0
72.1924,2.63507,0,0,3.06004,0.15965,0.36288,3.6288,61.308,0.49294,0,0,1.19533,0.254297,0.44809,0.66528,12.849,1,0.468363,0.36288,0,42.0371,4.49147,37.4401,0.84672,12.849,0.84672,3695.15,0,36.966,0.297221,0.737364,1.98617,4.75428,1.08627,6.09432,0.42336,36.966,0.42336,423.524,0,1.02816,0,0,1.76552,0.737364,1.028160,1,0,43.9825,0,0,0,43.9825,0
71.6259,2.61126,0,0,2.51916,0.111596,0.36288,3.6288,61.308,0.525064,0,0,1.34093,0.243796,0.572068,0.66528,12.849,1,0.464759,0.36288,0,42.6788,4.88762,37.6893,0.84672,12.849,0.84672,3695.15,0,36.966,0.31659,0.839143,1.98642,4.90384,1.19248,6.22033,0.42336,36.966,0.42336,423.524,0,1.02816,0,0,1.8673,0.839143,1.028160,1,0,44.4817,0,0,0,44.4817,0
70.8315,2.60847,0,0,2.28752,0.11053,0.36288,3.6288,61.308,0.52521,0,0,1.29612,0.239279,0.531632,0.66528,12.849,1,0.467935,0.36288,0,42.7553,4.93227,37.718,0.84672,12.849,0.84672,3695.15,0,36.966,0.316678,0.752967,2.02106,5.02003,1.20383,6.27356,0.42336,36.966,0.42336,423.524,0,1.02816,0,0,1.78113,0.752967,1.028160,1,0,44.5232,0,0,0,44.5232,0
69.8348,2.60435,0,0,2.08038,0.109861,0.36288,3.6288,61.308,0.525356,0,0,1.26389,0.239279,0.49925,0.66528,12.849,1,0.472436,0.36288,0,41.9184,4.93227,36.8766,0.84672,12.849,0.84672,3695.15,0,36.966,0.316766,0.729899,2.02132,4.81009,1.20383,6.04071,0.42336,36.966,0.42336,423.524,0,1.02816,0,0,1.75806,0.729899,1.028160,1,0,43.4166,0,0,0,43.4166,0
68.6522,2.59898,0,0,1.88825,0.109021,0.36288,3.6288,61.308,0.525502,0,0,1.18571,0.239279,0.42093,0.66528,12.849,1,0.478191,0.36288,0,37.3528,4.93227,32.3052,0.84672,12.849,0.84672,3695.15,0,36.966,0.316854,0.531636,2.02157,4.65312,1.20383,5.68565,0.42336,36.966,0.42336,423.524,0,1.02816,0,0,1.5598,0.531636,1.028160,1,0,38.4118,0,0,0,38.4118,0
67.4237,2.65287,0,0,1.86491,0.0776523,0.36288,3.6288,61.308,0.554166,0,0,1.1606,0.306743,0.299694,0.66528,12.849,1,0.496514,0.36288,0,34.742,5.79175,28.8166,0.84672,12.849,0.84672,3695.15,0,36.966,0.334137,0.560503,2.02182,4.14381,1.48639,4.90562,0.42336,36.966,0.42336,423.524,0,1.02816,0,0,1.58866,0.560503,1.028160,1,0,34.0219,0,0,0,34.0219,0
66.2732,2.6456,0,0,1.93763,0.0795895,0.36288,3.6288,61.308,0.554315,0,0,1.19137,0.294317,0.342738,0.66528,12.849,1,0.504175,0.36288,0,32.6412,5.62033,26.8796,0.84672,12.849,0.84672,3695.15,0,36.966,0.334227,0.563432,2.07085,3.73075,1.38225,4.64856,0.42336,36.966,0.42336,423.524,0,1.02816,0,0,1.59159,0.563432,1.028160,1,0,31.8709,0,0,0,31.8709,0
64.9079,2.6386,0,0,1.71503,0.0788681,0.36288,3.6288,61.308,0.554465,0,0,1.11821,0.294317,0.269425,0.66528,12.849,1,0.51157,0.36288,0,30.8129,5.62033,25.0439,0.84672,12.849,0.84672,3695.15,0,36.966,0.334318,0.482138,2.07111,3.73283,1.38225,4.56951,0.42336,36.966,0.42336,423.524,0,1.02816,0,0,1.5103,0.482138,1.028160,1,0,29.8828,0,0,0,29.8828,0
63.4051,2.62995,0,0,1.56805,0.078012,0.36288,3.6288,61.308,0.554614,0,0,1.08018,0.294317,0.23125,0.66528,12.849,1,0.520618,0.36288,0,28.9366,5.62033,23.1585,0.84672,12.849,0.84672,3695.15,0,36.966,0.334408,0.363364,2.07137,3.5566,1.38225,4.27468,0.42336,36.966,0.42336,423.524,0,1.02816,0,0,1.39152,0.363364,1.028160,1,0,27.6644,0,0,0,27.6644,0
61.531,2.79499,0,0,1.34557,0.0617741,0.36288,3.6288,61.308,0.65775,0,0,1.07578,0.300679,0.117346,0.66528,12.849,1,0.566404,0.36288,0,27.6018,5.87964,21.5186,0.84672,12.849,0.84672,3695.15,0,36.966,0.396594,0.349747,2.07163,3.53402,1.39753,4.16127,0.42336,36.966,0.42336,423.524,0,1.02816,0,0,1.37791,0.349747,1.028160,1,0,25.7972,0,0,0,25.7972,0
60.1494,2.78107,0,0,1.79849,0.0362086,0.36288,3.6288,61.308,0.657912,0,0,1.12321,0.329918,0.135379,0.66528,12.849,1,0.580747,0.36288,0,28.2836,5.83002,22.2358,0.84672,12.849,0.84672,3695.15,0,36.966,0.396692,0.460184,2.23887,3.94095,1.52933,4.71398,0.42336,36.966,0.42336,423.524,0,1.02816,0,0,1.48834,0.460184,1.028160,1,0,27.0851,0,0,0,27.0851,0
58.954,2.77043,0,0,1.97376,0.0357884,0.36288,3.6288,61.308,0.658074,0,0,1.387,0.329918,0.399004,0.66528,12.849,1,0.591813,0.36288,0,36.375,5.83002,30.3161,0.84672,12.849,0.84672,3695.15,0,36.966,0.39679,0.820955,2.23915,4.2991,1.52933,5.43309,0.42336,36.966,0.42336,423.524,0,1.02816,0,0,1.84912,0.820955,1.028160,1,0,36.1481,0,0,0,36.1481,0
57.3805,2.76092,0,0,1.58563,0.0353799,0.36288,3.6288,61.308,0.658237,0,0,1.00319,0.329918,0.0150353,0.66528,12.849,1,0.601741,0.36288,0,35.5441,5.83002,29.4752,0.84672,12.849,0.84672,3695.15,0,36.966,0.396888,0.25558,2.23943,3.4512,1.52933,4.02,0.42336,36.966,0.42336,423.524,0,1.02816,0,0,1.28374,0.25558,1.028160,1,0,33.5103,0,0,0,33.5103,0
56.2097,2.74778,0,0,1.97472,0.0348421,0.36288,3.6288,61.308,0.658399,0,0,1.71463,0.329918,0.726316,0.66528,12.849,1,0.6153,0.36288,0,32.4628,5.83002,26.3804,0.84672,12.849,0.84672,3695.15,0,36.966,0.396986,1.40021,2.23971,5.33618,1.52933,7.04978,0.42336,36.966,0.42336,423.524,0,1.02816,0,0,2.42837,1.40021,1.028160,1,0,34.1565,0,0,0,34.1565,0
55.2045,2.65416,0,0,2.00891,-0.00293936,0.36288,3.6288,61.308,0.596014,0,0,1.31311,0.347938,0.369155,0.66528,12.849,1,0.606716,0.36288,0,37.5571,6.13524,31.1781,0.84672,12.849,0.84672,3695.15,0,36.966,0.35937,0.897782,2.23999,6.2138,1.60054,7.39166,0.42336,36.966,0.42336,423.524,0,1.02816,0,0,1.92594,0.897782,1.028160,1,0,38.9389,0,0,0,38.9389,0
54.6906,2.64553,0,0,2.49553,0.00106125,0.36288,3.6288,61.308,0.596169,0,0,1.37411,0.331692,0.446254,0.66528,12.849,1,0.615754,0.36288,0,29.7448,5.88811,23.6039,0.84672,12.849,0.84672,3695.15,0,36.966,0.359463,1.03952,2.14357,7.64312,1.49036,8.97638,0.42336,36.966,0.42336,423.524,0,1.02816,0,0,2.06768,1.03952,1.028160,1,0,33.0265,0,0,0,33.0265,0
54.6728,2.64117,0,0,3.03017,0.0439307,0.36288,3.6288,61.308,0.596324,0,0,1.39305,0.297188,0.499542,0.66528,12.849,1,0.620517,0.36288,0,27.0035,5.61204,21.1338,0.84672,12.849,0.84672,3695.15,0,36.966,0.359557,1.07395,2.14384,5.65473,1.39554,7.11743,0.42336,36.966,0.42336,423.524,0,1.02816,0,0,2.10211,1.07395,1.028160,1,0,28.7508,0,0,0,28.7508,0
56.2825,2.64134,0,0,4.65792,0.0439228,0.36288,3.6288,61.308,0.596478,0,0,2.35297,0.297188,1.4593,0.66528,12.849,1,0.620758,0.36288,0,50.1059,5.61204,44.2359,0.84672,12.849,0.84672,3695.15,0,36.966,0.35965,2.63602,2.14411,10.932,1.39554,13.957,0.42336,36.966,0.42336,423.524,0,1.02816,0,0,3.66418,2.63602,1.028160,1,0,59.6522,0,0,0,59.6522,0
57.1296,2.58751,0,0,3.86797,0.0705472,0.36288,3.6288,61.308,0.539671,0,0,1.74892,0.277324,0.931923,0.66528,12.849,1,0.590715,0.36288,0,64.6349,5.23734,59.1697,0.84672,12.849,0.84672,3695.15,0,36.966,0.325397,1.65658,2.14438,7.09474,1.30045,9.26985,0.42336,36.966,0.42336,423.524,0,1.02816,0,0,2.68474,1.65658,1.028160,1,0,69.3715,0,0,0,69.3715,0
57.8432,2.59499,0,0,3.82922,0.1577,0.36288,3.6288,61.308,0.539818,0,0,1.61921,0.218867,0.86052,0.66528,12.849,1,0.583638,0.36288,0,51.1028,4.13196,46.7501,0.84672,12.849,0.84672,3695.15,0,36.966,0.325486,1.30959,2.05831,7.50845,0.916287,9.63458,0.42336,36.966,0.42336,423.524,0,1.02816,0,0,2.33775,1.30959,1.028160,1,0,57.2452,0,0,0,57.2452,0
59.8714,2.6012,0,0,5.1511,0.158807,0.36288,3.6288,61.308,0.539966,0,0,2.40787,0.218867,1.64904,0.66528,12.849,1,0.577818,0.36288,0,124.365,4.13196,120.018,0.84672,12.849,0.84672,3695.15,0,36.966,0.325575,3.11857,2.05857,15.4956,0.916287,19.4309,0.42336,36.966,0.42336,423.524,0,1.02816,0,0,4.14673,3.11857,1.028160,1,0,141.098,0,0,0,141.098,0
62.9528,2.61765,0,0,6.2238,0.161952,0.36288,3.6288,61.308,0.540114,0,0,2.35624,0.218867,1.59726,0.66528,12.849,1,0.561773,0.36288,0,76.9313,4.13196,72.6004,0.84672,12.849,0.84672,3695.15,0,36.966,0.325664,2.55897,2.05882,16.2765,0.916287,19.6523,0.42336,36.966,0.42336,423.524,0,1.02816,0,0,3.58713,2.55897,1.028160,1,0,93.85,0,0,0,93.85,0
66.8868,2.44193,0,0,6.92012,0.181225,0.36288,3.6288,61.308,0.421566,0,0,2.4447,0.215245,1.80789,0.66528,12.849,1,0.498411,0.36288,0,63.845,4.12757,59.5819,0.84672,12.849,0.84672,3695.15,0,36.966,0.254185,2.69475,2.05908,13.7395,0.91128,17.3279,0.42336,36.966,0.42336,423.524,0,1.02816,0,0,3.72291,2.69475,1.028160,1,0,78.7177,0,0,0,78.7177,0
66.8416,2.46683,0,0,3.05107,0.266617,0.36288,3.6288,61.308,0.421699,0,0,2.71017,0.194733,2.09374,0.66528,12.849,1,0.473879,0.36288,0,63.672,3.96963,59.5913,0.84672,12.849,0.84672,3695.15,0,36.966,0.254265,2.47316,1.86746,12.1813,0.995732,15.2719,0.42336,36.966,0.42336,423.524,0,1.02816,0,0,3.50132,2.47316,1.028160,1,0,76.957,0,0,0,76.957,0
66.7487,2.46687,0,0,3.0034,0.266522,0.36288,3.6288,61.308,0.421831,0,0,2.36048,0.194733,1.74392,0.66528,12.849,1,0.474208,0.36288,0,49.9033,3.96963,45.8224,0.84672,12.849,0.84672,3695.15,0,36.966,0.254346,1.91168,1.86769,10.0418,0.995732,12.571,0.42336,36.966,0.42336,423.524,0,1.02816,0,0,2.93984,1.91168,1.028160,1,0,60.1374,0,0,0,60.1374,0
66.3077,2.46662,0,0,2.6548,0.266326,0.36288,3.6288,61.308,0.421964,0,0,2.42037,0.194733,1.80367,0.66528,12.849,1,0.47482,0.36288,0,57.8317,3.96963,53.7501,0.84672,12.849,0.84672,3695.15,0,36.966,0.254426,1.94064,1.86793,10.3814,0.995732,12.9398,0.42336,36.966,0.42336,423.524,0,1.02816,0,0,2.9688,1.94064,1.028160,1,0,68.4936,0,0,0,68.4936,0
67.6117,2.46429,0,0,4.39438,0.263155,0.36288,3.6288,61.308,0.422097,0,0,2.49574,0.221666,1.85198,0.66528,12.849,1,0.477525,0.36288,0,52.2721,4.7965,47.3609,0.84672,12.849,0.84672,3695.15,0,36.966,0.254506,2.44183,1.86816,11.2526,1.25243,14.0556,0.42336,36.966,0.42336,423.524,0,1.02816,0,0,3.46999,2.44183,1.028160,1,0,63.2685,0,0,0,63.2685,0
69.0757,2.47202,0,0,4.54629,0.247406,0.36288,3.6288,61.308,0.422097,0,0,1.54508,0.221424,0.901561,0.66528,12.849,1,0.469786,0.36288,0,75.6354,4.313,71.2155,0.84672,12.849,0.84672,3695.15,0,36.966,0.254506,1.71975,1.8684,8.28925,1.20342,10.4195,0.42336,36.966,0.42336,423.524,0,1.02816,0,0,2.74791,1.71975,1.028160,1,0,82.5365,0,0,0,82.5365,0
72.29,2.55843,0,0,6.80347,0.236925,0.793846,3.6288,61.308,0.456616,0,0,1.16391,0.213163,0.494133,0.66528,12.849,1,0.475902,0.793846,0,80.4151,3.7023,77.0307,0.84672,12.849,0.84672,3695.15,0,36.966,0.275319,1.86702,1.8684,6.18363,1.08966,8.55407,0.42336,36.966,0.42336,423.524,0,1.02816,0,0,2.89518,1.86702,1.028160,1,0,86.0789,0,0,0,86.0789,0
72.29,2.5767,0,0,4.20461,0.242848,1.38507,3.6288,61.285,0.456743,0,0,0.646875,0.213163,0,0.66528,12.849,1,0.457988,1.38507,0,59.8132,3.7023,57.0379,0.84672,12.849,0.84672,3695.15,0,36.966,0.275396,0.853304,1.92848,5.75625,1.08966,7.17299,0.42336,36.966,0.42336,423.524,0,1.02816,0,0,1.88146,0.853304,1.028160,1,0,64.2109,0,0,0,64.2109,0
72.29,2.57699,0,0,7.32813,0.247561,4.50358,3.6288,61.308,0.456805,0,0,1.92364,0.195149,1.24865,0.66528,12.849,1,0.458041,4.50358,0,91.1313,3.58362,91.5932,0.84672,12.849,0.84672,3695.15,0,36.966,0.275537,2.36317,1.92871,8.1413,1.06133,11.0963,0.42336,36.966,0.42336,423.524,0,1.02816,0,0,3.39133,2.36317,1.028160,1,0,103.938,0,0,0,103.938,0
72.29,2.57729,0,0,5.75056,0.266281,2.90699,3.6288,61.308,0.456997,0,0,1.17789,0.153511,0.567384,0.66528,12.849,1,0.458094,2.90699,0,116.002,3.26996,115.18,0.84672,12.849,0.84672,3695.15,0,36.966,0.275549,1.46687,1.92893,6.3509,0.958816,8.51234,0.42336,36.966,0.42336,423.524,0,1.02816,0,0,2.49503,1.46687,1.028160,1,0,124.26,0,0,0,124.26,0
72.29,2.829,0,0,5.34807,0.307919,2.21115,3.6288,61.308,0.586289,0,0,1.10194,0.173293,0.342355,0.66528,12.849,1,0.502833,2.21115,0,88.2723,3.16816,86.8124,0.84672,12.849,0.84672,3695.15,0,36.966,0.353506,1.11491,1.92915,5.71514,0.768617,7.63707,0.42336,36.966,0.42336,423.524,0,1.02816,0,0,2.14307,1.11491,1.028160,1,0,94.7919,0,0,0,94.7919,0
72.29,2.82933,0,0,4.91108,0.307919,1.77383,3.6288,61.308,0.58643,0,0,1.06323,0.173293,0.303507,0.66528,12.849,1,0.502891,1.77383,0,87.0065,3.16816,85.1093,0.84672,12.849,0.84672,3695.15,0,36.966,0.353591,1.00665,2.14483,5.29512,0.768617,7.32438,0.42336,36.966,0.42336,423.524,0,1.02816,0,0,2.03481,1.00665,1.028160,1,0,92.7372,0,0,0,92.7372,0
72.29,2.82965,0,0,4.92414,0.288418,1.80607,3.6288,61.308,0.586572,0,0,1.16897,0.198311,0.384083,0.66528,12.849,1,0.50295,1.80607,0,84.5433,4.1448,81.7016,0.84672,12.849,0.84672,3695.15,0,36.966,0.353677,1.14491,2.14507,5.89926,1.09865,7.73692,0.42336,36.966,0.42336,423.524,0,1.02816,0,0,2.17307,1.14491,1.028160,1,0,89.8226,0,0,0,89.8226,0
72.29,2.82998,0,0,5.1517,0.265312,2.0564,3.6288,61.308,0.586714,0,0,1.07334,0.193393,0.293231,0.66528,12.849,1,0.503008,2.0564,0,99.3972,4.10285,96.8477,0.84672,12.849,0.84672,3695.15,0,36.966,0.353763,1.17285,2.14532,6.45345,1.03539,8.38246,0.42336,36.966,0.42336,423.524,0,1.02816,0,0,2.20101,1.17285,1.028160,1,0,105.523,0,0,0,105.523,0
72.29,2.77478,0,0,3.74822,0.289324,0.684119,3.6288,61.308,0.542853,0,0,0.814208,0.142341,0.129014,0.66528,12.849,1,0.493196,0.684119,0,110.084,3.4922,106.783,0.84672,12.849,0.84672,3695.15,0,36.966,0.327316,0.893324,2.14557,5.84966,0.802552,7.75869,0.42336,36.966,0.42336,423.524,0,1.02816,0,0,1.92148,0.893324,1.028160,1,0,114.67,0,0,0,114.67,0
72.29,2.7751,0,0,5.08634,0.289324,2.02192,3.6288,61.308,0.54299,0,0,0.840796,0.142341,0.155466,0.66528,12.849,1,0.493253,2.02192,0,93.7587,3.4922,91.7952,0.84672,12.849,0.84672,3695.15,0,36.966,0.327399,1.29998,2.07907,5.47499,0.802552,7.72409,0.42336,36.966,0.42336,423.524,0,1.02816,0,0,2.32814,1.29998,1.028160,1,0,99.6747,0,0,0,99.6747,0
72.29,2.77542,0,0,4.53538,0.289324,1.47063,3.6288,61.2395,0.633792,0,0,0.707627,0.142341,0,0.66528,12.849,1,0.49331,1.47063,0,92.1983,3.4922,89.6834,0.84672,12.849,0.84672,3695.15,0,36.966,0.382149,0.558835,2.07931,5.6984,0.802552,7.15184,0.42336,36.966,0.42336,423.524,0,0.882827,0,0,1.44166,0.558835,1.028160,1,0,96.8353,0,0,0,96.8353,0
72.29,2.77574,0,0,4.22369,0.256711,1.19124,3.6288,61.2664,0.543035,0,0,0.718632,0.148669,0,0.66528,12.849,1,0.493367,1.19124,0,102.009,3.86159,98.8453,0.84672,12.849,0.84672,3695.15,0,36.966,0.327792,1.08108,2.07955,4.76252,0.903808,6.69155,0.42336,36.966,0.42336,423.524,0,1.02816,0,0,2.10924,1.08108,1.028160,1,0,105.537,0,0,0,105.537,0
72.2169,2.77606,0,0,3.35839,0.29259,0.36288,3.6288,61.2461,0.543261,0,0,0.680091,0.157169,0,0.66528,12.849,1,0.493424,0.36288,0,57.5557,3.81861,53.6066,0.84672,12.849,0.84672,3695.15,0,36.966,0.327785,0.882395,2.07979,3.66797,0.786297,5.51607,0.42336,36.966,0.42336,423.524,0,1.02816,0,0,1.91055,0.882395,1.028160,1,0,59.1226,0,0,0,59.1226,0
72.29,2.56294,0,0,4.2983,0.299606,1.3626,3.6288,61.308,0.456321,0,0,0.887492,0.16173,0.207523,0.66528,12.849,1,0.456005,1.3626,0,87.0279,3.70902,84.2254,0.84672,12.849,0.84672,3695.15,0,36.966,0.275419,1.21434,2.08003,4.3574,0.821191,6.55516,0.42336,36.966,0.42336,423.524,0,1.02816,0,0,2.2425,1.21434,1.028160,1,0,90.9881,0,0,0,90.9881,0
71.9226,2.56363,0,0,2.8589,0.299773,0.36288,3.6288,61.308,0.462631,0,0,0.651325,0.161794,0.0269002,0.66528,12.849,1,0.455666,0.36288,0,46.4972,3.70902,42.6954,0.84672,12.849,0.84672,3695.15,0,36.966,0.278946,0.528595,1.92545,3.35789,0.821191,4.7118,0.42336,36.966,0.42336,423.524,0,1.01853,0,0,1.54712,0.528595,1.028160,1,0,47.4341,0,0,0,47.4341,0
72.29,2.56195,0,0,3.77805,0.298937,0.549776,3.6288,61.308,0.456748,0,0,1.263,0.161794,0.644462,0.66528,12.849,1,0.457693,0.549776,0,94.6218,3.70902,91.0049,0.84672,12.849,0.84672,3695.15,0,36.966,0.275399,2.06375,1.92567,6.05648,0.821191,8.94931,0.42336,36.966,0.42336,423.524,0,1.02816,0,0,3.09191,2.06375,1.028160,1,0,100.599,0,0,0,100.599,0
72.2123,2.56422,0,0,3.13373,0.284307,0.36288,3.6288,61.308,0.456875,0,0,0.79736,0.160924,0.179561,0.66528,12.849,1,0.455771,0.36288,0,69.3714,3.78409,65.4944,0.84672,12.849,0.84672,3695.15,0,36.966,0.275475,0.855222,1.92589,3.80383,0.88704,5.42243,0.42336,36.966,0.42336,423.524,0,1.02816,0,0,1.88338,0.855222,1.028160,1,0,71.0964,0,0,0,71.0964,0
71.5914,2.52876,0,0,2.5638,0.293087,0.36288,3.6288,61.238,0.522937,0,0,0.618698,0.165762,0,0.66528,12.849,1,0.449952,0.36288,0,50.5753,3.87621,46.612,0.84672,12.849,0.84672,3695.15,0,36.966,0.315308,0.528595,1.92612,2.90013,0.962996,4.07654,0.42336,36.966,0.42336,423.524,0,0.896029,0,0,1.42462,0.528595,1.028160,1,0,50.6885,0,0,0,50.6885,0
70.681,2.52574,0,0,2.26966,0.291431,0.36288,3.6288,60.9904,0.590259,0,0,0.53539,0.192709,0,0.66528,12.849,1,0.453313,0.36288,0,44.4446,4.18239,40.1718,0.84672,12.849,0.84672,3695.15,0,36.966,0.356307,0.528595,1.89811,2.61973,0.989304,3.70082,0.42336,36.966,0.42336,423.524,0,0.787907,0,0,1.3165,0.528595,1.028160,1,0,43.8726,0,0,0,43.8726,0
69.6792,2.52109,0,0,2.10221,0.220041,0.36288,3.6288,60.6807,0.572581,0,0,0.487874,0.22504,0,0.66528,12.849,1,0.458306,0.36288,0,40.7841,4.47069,36.218,0.84672,12.849,0.84672,3695.15,0,36.966,0.347038,0.402797,1.89833,2.4716,1.00652,3.41917,0.42336,36.966,0.42336,423.524,0,0.815054,0,0,1.21785,0.402797,1.028160,1,0,39.6371,0,0,0,39.6371,0
68.6362,2.51582,0,0,2.05407,0.218347,0.36288,3.6288,60.5392,0.464473,0,0,0.547553,0.224598,0,0.66528,12.849,1,0.463923,0.36288,0,39.5958,4.47069,35.0241,0.84672,12.849,0.84672,3695.15,0,36.966,0.282952,0.402797,1.89855,2.9423,1.00652,3.95417,0.42336,36.966,0.42336,423.524,0,0.987448,0,0,1.39025,0.402797,1.028160,1,0,38.9783,0,0,0,38.9783,0
67.5587,2.62925,0,0,2.12179,0.207185,0.36288,3.6288,60.2199,0.614296,0,0,0.507228,0.21215,0,0.66528,12.849,1,0.492207,0.36288,0,38.6765,3.95853,34.5887,0.84672,12.849,0.84672,3695.15,0,36.966,0.375097,0.402797,1.89877,2.37845,1.1594,3.14552,0.42336,36.966,0.42336,423.524,0,0.839488,0,0,1.24229,0.402797,1.028160,1,0,37.7342,0,0,0,37.7342,0
66.3085,2.62296,0,0,1.90394,0.168303,0.36288,3.6288,59.8894,0.609774,0,0,0.492871,0.213649,0,0.66528,12.849,1,0.498861,0.36288,0,33.8323,4.02339,29.6729,0.84672,12.849,0.84672,3695.15,0,36.966,0.374309,0.402797,1.99795,2.22304,1.11843,3.13105,0.42336,36.966,0.42336,423.524,0,0.845009,0,0,1.24781,0.402797,1.028160,1,0,32.8039,0,0,0,32.8039,0
65.0437,2.61538,0,0,1.88008,0.166647,0.36288,3.6288,59.6495,0.562019,0,0,0.535342,0.213199,0,0.66528,12.849,1,0.506798,0.36288,0,32.7173,4.02339,28.55,0.84672,12.849,0.84672,3695.15,0,36.966,0.3469,0.30119,1.99819,2.4373,1.11843,3.27134,0.42336,36.966,0.42336,423.524,0,0.920385,0,0,1.22158,0.30119,1.028160,1,0,31.8214,0,0,0,31.8214,0
63.6667,2.60745,0,0,1.75835,0.164972,0.36288,3.6288,59.3382,0.592398,0,0,0.493976,0.212873,0,0.66528,12.849,1,0.515087,0.36288,0,30.6047,4.02339,26.4291,0.84672,12.849,0.84672,3695.15,0,36.966,0.367121,0.30119,1.99842,2.14002,1.11843,2.95408,0.42336,36.966,0.42336,423.524,0,0.869996,0,0,1.17119,0.30119,1.028160,1,0,29.3832,0,0,0,29.3832,0
62.3738,2.59848,0,0,1.80208,0.133595,0.36288,3.6288,58.9736,0.669747,0,0,0.498065,0.192978,0,0.66528,12.849,1,0.524417,0.36288,0,29.0123,4.37672,24.474,0.84672,12.849,0.84672,3695.15,0,36.966,0.417233,0.30119,1.99865,1.81451,1.08028,2.61684,0.42336,36.966,0.42336,423.524,0,0.742746,0,0,1.04394,0.30119,1.028160,1,0,27.0908,0,0,0,27.0908,0
61.0159,2.56657,0,0,1.692,0.120496,0.36288,3.6288,58.5235,0.754895,0,0,0.489618,0.184756,0,0.66528,12.849,1,0.528713,0.36288,0,28.5304,4.51804,23.8465,0.84672,12.849,0.84672,3695.15,0,36.966,0.42336,0.30119,1.99888,1.60861,1.06502,2.4203,0.42336,36.966,0.42336,423.524,0,0.70327,0,0,1.00446,0.30119,1.028160,1,0,26.2668,0,0,0,26.2668,0
59.5216,2.55715,0,0,1.54057,0.1148,0.36288,3.6288,57.9804,0.81116,0,0,0.463043,0.194999,0,0.66528,12.849,1,0.538496,0.36288,0,25.1151,4.65919,20.2803,0.84672,12.849,0.84672,3695.15,0,36.966,0.42336,0.261274,2.03372,1.56129,1.11654,2.31639,0.42336,36.966,0.42336,423.524,0,0.647222,0,0,0.908496,0.261274,1.028160,1,0,22.5967,0,0,0,22.5967,0
57.9875,2.54632,0,0,1.46261,0.0874996,0.36288,3.6288,57.3565,0.798918,0,0,0.433753,0.258747,0,0.66528,12.849,1,0.549678,0.36288,0,22.652,5.50609,16.9591,0.84672,12.849,0.84672,3695.15,0,36.966,0.42336,0.261274,2.03396,1.48879,1.42567,1.93499,0.42336,36.966,0.42336,423.524,0,0.659681,0,0,0.920955,0.261274,1.028160,1,0,18.8941,0,0,0,18.8941,0
56.3439,2.53471,0,0,1.33935,0.0853417,0.36288,3.6288,56.6663,0.831207,0,0,0.412082,0.271083,0,0.66528,12.849,1,0.561647,0.36288,0,21.4404,5.66123,15.5804,0.84672,12.849,0.84672,3695.15,0,36.966,0.42336,0.261274,2.03419,1.42172,1.44399,1.84984,0.42336,36.966,0.42336,423.524,0,0.62761,0,0,0.888883,0.261274,1.028160,1,0,17.4303,0,0,0,17.4303,0
54.6743,2.58051,0,0,1.35561,0.0818383,0.36288,3.6288,55.8389,0.929806,0,0,0.405544,0.303164,0,0.66528,12.849,1,0.588475,0.36288,0,20.2846,6.04905,14.01,0.84672,12.849,0.84672,3695.15,0,36.966,0.42336,0.261274,2.03443,1.38103,1.48977,1.7636,0.42336,36.966,0.42336,423.524,0,0.575225,0,0,0.836499,0.261274,1.028160,1,0,15.7736,0,0,0,15.7736,0
52.8841,2.56626,0,0,1.21935,0.0804842,0.36288,3.6288,54.961,0.956743,0,0,0.380396,0.30153,0,0.66528,12.849,1,0.603095,0.36288,0,19.1172,6.04905,12.8279,0.84672,12.849,0.84672,3695.15,0,36.966,0.42336,0.261274,2.08374,1.40985,1.48977,1.84174,0.42336,36.966,0.42336,423.524,0,0.54851,0,0,0.809784,0.261274,1.028160,1,0,14.6697,0,0,0,14.6697,0
51.0017,2.55013,0,0,1.10965,0.0790323,0.36288,3.6288,54.0265,0.999596,0,0,0.364929,0.299797,0,0.66528,12.849,1,0.619592,0.36288,0,17.9561,6.04905,11.6503,0.84672,12.849,0.84672,3695.15,0,36.966,0.42336,0.227405,2.08398,1.31069,1.48977,1.70895,0.42336,36.966,0.42336,423.524,0,0.505881,0,0,0.733285,0.227405,1.028160,1,0,13.3593,0,0,0,13.3593,0
49.0022,2.53215,0,0,0.960189,0.0646216,0.36288,3.6288,53.0774,1.00785,0,0,0.363399,0.304693,0,0.66528,12.849,1,0.637932,0.36288,0,17.1321,6.29086,10.5662,0.84672,12.849,0.84672,3695.15,0,36.966,0.42336,0.227405,2.08422,1.32819,1.51981,1.69665,0.42336,36.966,0.42336,423.524,0,0.497845,0,0,0.72525,0.227405,1.028160,1,0,12.2628,0,0,0,12.2628,0
46.9197,2.67957,0,0,1.01822,0.0582828,0.36288,3.6288,51.7996,1.29162,0,0,0.309252,0.295443,0,0.66528,12.849,1,0.702618,0.36288,0,14.3103,6.19976,7.77085,0.84672,12.849,0.84672,3695.15,0,36.966,0.42336,0.227405,2.08446,1.25473,1.49361,1.64962,0.42336,36.966,0.42336,423.524,0,0.380405,0,0,0.607809,0.227405,1.028160,1,0,9.42048,0,0,0,9.42048,0
45.0188,2.6554,0,0,1.16775,0.0503581,0.36288,3.6288,50.6887,1.17637,0,0,0.36146,0.295971,0,0.66528,12.849,1,0.727183,0.36288,0,16.8017,6.2917,10.1457,0.84672,12.849,0.84672,3695.15,0,36.966,0.42336,0.227405,2.25272,1.27798,1.52892,1.80582,0.42336,36.966,0.42336,423.524,0,0.495895,0,0,0.723299,0.227405,1.028160,1,0,11.9515,0,0,0,11.9515,0
42.9007,2.63181,0,0,0.925888,0.0493011,0.36288,3.6288,49.333,1.3337,0,0,0.271305,0.293315,0,0.66528,12.849,1,0.751157,0.36288,0,18.4491,6.2917,11.7691,0.84672,12.849,0.84672,3695.15,0,36.966,0.42336,0.204422,2.25298,1.02611,1.52892,1.53123,0.42336,36.966,0.42336,423.524,0,0.338811,0,0,0.543233,0.204422,1.028160,1,0,13.3003,0,0,0,13.3003,0
41.0115,2.60358,0,0,1.12539,0.0481233,0.36288,3.6288,48.5026,0.976524,0,0,0.43619,0.290074,0,0.66528,12.849,1,0.779785,0.36288,0,16.0821,6.2917,9.37345,0.84672,12.849,0.84672,3695.15,0,36.966,0.42336,0.204422,2.25324,1.47849,1.52892,1.98387,0.42336,36.966,0.42336,423.524,0,0.696226,0,0,0.900648,0.204422,1.028160,1,0,11.3573,0,0,0,11.3573,0
39.2074,2.57652,0,0,1.18979,0.0545149,0.36288,3.6288,47.3582,1.16464,0,0,0.302435,0.282147,0,0.66528,12.849,1,0.80723,0.36288,0,13.8065,5.60908,7.75311,0.84672,12.849,0.84672,3695.15,0,36.966,0.42336,0.204422,2.2535,1.21406,1.38459,1.86403,0.42336,36.966,0.42336,423.524,0,0.508352,0,0,0.712774,0.204422,1.028160,1,0,9.61714,0,0,0,9.61714,0
37.8897,2.47107,0,0,1.58856,0.0722539,0.36288,3.6288,46.7221,0.776467,0,0,0.420884,0.280509,0,0.66528,12.849,1,0.809817,0.36288,0,11.9883,5.19477,6.34655,0.84672,12.849,0.84672,3695.15,0,36.966,0.42336,0.204422,2.25376,1.45312,1.33226,2.15568,0.42336,36.966,0.42336,423.524,0,0.795891,0,0,1.00031,0.204422,1.028160,1,0,8.50223,0,0,0,8.50223,0
36.4934,2.45032,0,0,1.4902,0.0733576,0.36288,3.6288,46.0512,0.818558,0,0,0.427597,0.279914,0,0.66528,12.849,1,0.830943,0.36288,0,14.7557,5.21104,9.07654,0.84672,12.849,0.84672,3695.15,0,36.966,0.42336,0.216518,2.15673,1.47026,1.34158,2.07857,0.42336,36.966,0.42336,423.524,0,0.75403,0,0,0.970548,0.216518,1.028160,1,0,11.1551,0,0,0,11.1551,0
35.3043,2.42709,0,0,1.67303,0.0721571,0.36288,3.6288,45.6753,0.630289,0,0,0.532533,0.278185,0,0.66528,12.849,1,0.854557,0.36288,0,23.7393,5.21104,18.0365,0.84672,12.849,0.84672,3695.15,0,36.966,0.42336,0.216518,2.15698,1.87176,1.34158,2.48032,0.42336,36.966,0.42336,423.524,0,0.942529,0,0,1.15905,0.216518,1.028160,1,0,20.5169,0,0,0,20.5169,0
34.2893,2.40626,0,0,1.8326,0.0784719,0.36288,3.6288,45.1912,0.738502,0,0,0.524201,0.269837,0,0.66528,12.849,1,0.87576,0.36288,0,51.1363,5.02467,45.5987,0.84672,12.849,0.84672,3695.15,0,36.966,0.42336,0.216518,2.15723,2.1128,1.28966,2.77353,0.42336,36.966,0.42336,423.524,0,0.834546,0,0,1.05106,0.216518,1.028160,1,0,48.3723,0,0,0,48.3723,0
35.6403,2.326,0,0,4.16095,0.120992,0.36288,3.6288,45.0025,0.482188,0,0,0.518031,0.224549,0,0.66528,12.849,1,0.871608,0.36288,0,57.8182,3.90642,53.403,0.84672,12.849,0.84672,3695.15,0,36.966,0.394426,0.316803,2.15748,3.20184,0.978099,4.30359,0.42336,36.966,0.42336,423.524,0,1.02816,0,0,1.34496,0.316803,1.028160,1,0,57.7066,0,0,0,57.7066,0
36.4277,2.35056,0,0,3.62382,0.122993,0.36288,3.6288,45.3667,0.4814,0,0,1.06984,0.224153,0,0.66528,12.849,1,0.84742,0.36288,0,62.8065,3.90642,58.4155,0.84672,12.849,0.84672,3695.15,0,36.966,0.395433,1.87796,2.07086,4.13642,0.978099,6.71171,0.42336,36.966,0.42336,423.524,0,1.02816,0,0,2.90612,1.87796,1.028160,1,0,65.1272,0,0,0,65.1272,0
37.7699,2.36437,0,0,4.19357,0.124158,0.36288,3.6288,45.2456,0.510122,0,0,0.613893,0.224917,0,0.66528,12.849,1,0.833975,0.36288,0,63.6226,3.90642,59.2451,0.84672,12.849,0.84672,3695.15,0,36.966,0.415661,0.292723,2.0711,2.7777,0.978099,3.74776,0.42336,36.966,0.42336,423.524,0,0.97943,0,0,1.27215,0.292723,1.028160,1,0,62.9929,0,0,0,62.9929,0
39.9156,2.38676,0,0,5.04165,0.146307,0.36288,3.6288,45.5699,0.482812,0,0,1.06028,0.253221,0,0.66528,12.849,1,0.811956,0.36288,0,77.5178,4.59514,72.4736,0.84672,12.849,0.84672,3695.15,0,36.966,0.394461,1.5798,2.07134,4.78195,1.17233,6.86629,0.42336,36.966,0.42336,423.524,0,1.02816,0,0,2.60796,1.5798,1.028160,1,0,79.3399,0,0,0,79.3399,0
44.2117,2.2378,0,0,7.0634,0.166593,0.36288,3.6288,47.0296,0.378798,0,0,2.03742,0.198853,0,0.66528,12.849,1,0.720357,0.36288,0,83.048,4.05686,78.6337,0.84672,12.849,0.84672,3695.15,0,36.966,0.307278,2.2281,2.07158,6.53244,1.04014,9.4847,0.42336,36.966,0.42336,423.524,0,1.02816,0,0,3.25626,2.2281,1.028160,1,0,88.1184,0,0,0,88.1184,0
48.4877,2.2923,0,0,7.10778,0.176617,0.36288,3.6288,48.9955,0.384249,0,0,2.54041,0.190262,0,0.66528,12.849,1,0.666198,0.36288,0,101.537,3.92122,97.3127,0.84672,12.849,0.84672,3695.15,0,36.966,0.302025,2.38583,1.87878,7.02689,1.00516,9.98431,0.42336,36.966,0.42336,423.524,0,1.02816,0,0,3.41399,2.38583,1.028160,1,0,107.297,0,0,0,107.297,0
53.7928,2.33901,0,0,8.19219,0.185213,0.36288,3.6288,50.8198,0.391268,0,0,2.40894,0.193404,0,0.66528,12.849,1,0.619827,0.36288,0,153.169,3.92122,148.991,0.84672,12.849,0.84672,3695.15,0,36.966,0.295203,2.46976,1.87899,9.06781,1.00516,12.1162,0.42336,36.966,0.42336,423.524,0,1.02816,0,0,3.49792,2.46976,1.028160,1,0,161.107,0,0,0,161.107,0
57.2254,2.38863,0,0,6.39294,0.20886,0.36288,3.6288,51.0538,0.397518,0,0,0.827021,0.195458,0,0.66528,12.849,1,0.570551,0.36288,0,105.691,4.17098,101.313,0.84672,12.849,0.84672,3695.15,0,36.966,0.289152,0.682024,1.87921,4.76769,1.03524,6.00453,0.42336,36.966,0.42336,423.524,0,1.02816,0,0,1.71018,0.682024,1.028160,1,0,107.317,0,0,0,107.317,0
61.6126,2.41686,0,0,7.4147,0.247715,0.36288,3.6288,51.5528,0.398401,0,0,1.09912,0.201804,0,0.66528,12.849,1,0.542665,0.36288,0,160.264,4.64253,155.442,0.84672,12.849,0.84672,3695.15,0,36.966,0.288466,1.40421,1.87943,6.40653,1.10794,8.29375,0.42336,36.966,0.42336,423.524,0,1.02816,0,0,2.43237,1.40421,1.028160,1,0,163.736,0,0,0,163.736,0
63.6608,2.52582,0,0,5.19177,0.254886,0.36288,3.6288,52.4272,0.432436,0,0,1.52042,0.21351,0,0.66528,12.849,1,0.526748,0.36288,0,105.377,4.43877,100.774,0.84672,12.849,0.84672,3695.15,0,36.966,0.310079,1.6318,1.87964,13.4067,1.1046,15.5035,0.42336,36.966,0.42336,423.524,0,1.02816,0,0,2.65996,1.6318,1.028160,1,0,116.278,0,0,0,116.278,0
68.9015,2.5402,0,0,8.41548,0.271678,0.36288,3.6288,54.6104,0.43558,0,0,2.83039,0.211658,0,0.66528,12.849,1,0.512701,0.36288,0,185.592,4.47675,180.965,0.84672,12.849,0.84672,3695.15,0,36.966,0.307124,2.70247,1.94008,15.2438,1.17083,18.4084,0.42336,36.966,0.42336,423.524,0,1.02816,0,0,3.73063,2.70247,1.028160,1,0,199.373,0,0,0,199.373,0
70.2711,2.57334,0,0,4.6028,0.296993,0.36288,3.6288,55.4657,0.443014,0,0,1.47707,0.178779,0,0.66528,12.849,1,0.479885,0.36288,0,141.782,4.04421,137.62,0.84672,12.849,0.84672,3695.15,0,36.966,0.299878,1.1785,1.94028,6.72631,1.03329,8.51193,0.42336,36.966,0.42336,423.524,0,1.02816,0,0,2.20666,1.1785,1.028160,1,0,146.132,0,0,0,146.132,0
72.29,2.58152,0,0,6.1859,0.296998,1.28849,3.6288,56.4786,0.445901,0,0,1.63396,0.175125,0,0.66528,12.849,1,0.472028,1.28849,0,131.254,3.95629,128.114,0.84672,12.849,0.84672,3695.15,0,36.966,0.297178,1.24731,1.94049,7.9912,0.982772,9.89905,0.42336,36.966,0.42336,423.524,0,1.02816,0,0,2.27547,1.24731,1.028160,1,0,138.013,0,0,0,138.013,0
72.29,2.8459,0,0,3.72832,0.35233,0.530087,3.6288,56.9162,0.575123,0,0,1.1832,0.170464,0,0.66528,12.849,1,0.505837,0.530087,0,117.235,2.99901,114.261,0.84672,12.849,0.84672,3695.15,0,36.966,0.376426,0.55626,1.94069,7.8071,0.747207,9.18043,0.42336,36.966,0.42336,423.524,0,1.02816,0,0,1.58442,0.55626,1.028160,1,0,123.441,0,0,0,123.441,0
71.5852,2.8462,0,0,2.85663,0.35233,0.36288,3.6288,56.9786,0.796948,0,0,1.03029,0.17095,0,0.66528,12.849,1,0.505891,0.36288,0,100.793,2.99901,97.6505,0.84672,12.849,0.84672,3695.15,0,36.966,0.42336,0.503194,2.15764,7.22062,0.747207,8.71089,0.42336,36.966,0.42336,423.524,0,0.759612,0,0,1.26281,0.503194,1.028160,1,0,106.361,0,0,0,106.361,0
72.29,2.84228,0,0,5.71359,0.334945,1.83159,3.6288,58.2707,0.577382,0,0,2.07281,0.203307,0,0.66528,12.849,1,0.510167,1.83159,0,138.292,3.78525,135.828,0.84672,12.849,0.84672,3695.15,0,36.966,0.374588,1.8074,2.15787,10.3688,0.993182,12.9663,0.42336,36.966,0.42336,423.524,0,1.02816,0,0,2.83556,1.8074,1.028160,1,0,148.794,0,0,0,148.794,0
72.29,2.8468,0,0,7.41061,0.334149,4.22965,3.6288,60.219,0.582592,0,0,2.74131,0.210441,0,0.66528,12.849,1,0.505998,4.22965,0,162.194,3.91629,162.002,0.84672,12.849,0.84672,3695.15,0,36.966,0.369587,3.54334,2.1581,12.2612,1.03418,16.5589,0.42336,36.966,0.42336,423.524,0,1.02816,0,0,4.5715,3.54334,1.028160,1,0,178.561,0,0,0,178.561,0
72.29,2.48622,0,0,4.21356,0.325669,1.40167,3.6288,61.308,0.41686,0,0,1.84444,0.174323,0.164257,0.66528,12.849,1,0.441906,1.40167,0,70.8618,3.09519,68.7264,0.84672,12.849,0.84672,3695.15,0,36.966,0.255893,1.50029,2.15833,7.67819,0.910744,10.1702,0.42336,36.966,0.42336,423.524,0,1.02816,0,0,2.52845,1.50029,1.028160,1,0,79.0608,0,0,0,79.0608,0
72.29,2.48648,0,0,3.87998,0.325669,1.06783,3.6288,61.308,0.419808,0,0,1.8186,0.175532,1.22326,0.66528,12.849,1,0.441953,1.06783,0,72.3367,3.09519,69.8674,0.84672,12.849,0.84672,3695.15,0,36.966,0.253126,1.46128,1.86286,6.95598,0.910744,9.11625,0.42336,36.966,0.42336,423.524,0,1.02816,0,0,2.48944,1.46128,1.028160,1,0,80.2069,0,0,0,80.2069,0
72.29,2.48674,0,0,6.99573,0.325669,4.18332,3.6288,61.308,0.419921,0,0,3.04316,0.175532,2.44771,0.66528,12.849,1,0.442,4.18332,0,136.877,3.09519,137.523,0.84672,12.849,0.84672,3695.15,0,36.966,0.253194,3.29165,1.86305,13.8116,0.910744,17.8023,0.42336,36.966,0.42336,423.524,0,1.02816,0,0,4.31981,3.29165,1.028160,1,0,157.773,0,0,0,157.773,0
72.29,2.48701,0,0,6.63471,0.305428,3.84227,3.6288,61.308,0.420033,0,0,3.50997,0.183426,2.90651,0.66528,12.849,1,0.442047,3.84227,0,146.955,3.61887,146.737,0.84672,12.849,0.84672,3695.15,0,36.966,0.253261,4.21683,1.86325,21.7824,0.998573,26.6106,0.42336,36.966,0.42336,423.524,0,1.02816,0,0,5.24499,4.21683,1.028160,1,0,176.254,0,0,0,176.254,0
72.29,2.48727,0,0,6.02084,0.302857,3.23071,3.6288,61.308,0.420146,0,0,2.879,0.17765,2.28121,0.66528,12.849,1,0.442094,3.23071,0,135.669,3.61388,134.843,0.84672,12.849,0.84672,3695.15,0,36.966,0.253329,2.65067,1.86345,12.9651,1.02176,16.2041,0.42336,36.966,0.42336,423.524,0,1.02816,0,0,3.67883,2.65067,1.028160,1,0,153.329,0,0,0,153.329,0
72.29,2.57842,0,0,5.48061,0.295107,2.60708,3.6288,61.308,0.462958,0,0,2.46948,0.164632,1.84189,0.66528,12.849,1,0.458295,2.60708,0,106.852,3.36147,105.639,0.84672,12.849,0.84672,3695.15,0,36.966,0.279143,2.36745,1.86365,14.367,0.999645,17.3193,0.42336,36.966,0.42336,423.524,0,1.02816,0,0,3.39561,2.36745,1.028160,1,0,124.8,0,0,0,124.8,0
72.29,2.5787,0,0,5.78822,0.295107,2.91442,3.6288,61.308,0.463075,0,0,3.59574,0.164632,2.96804,0.66528,12.849,1,0.458344,2.91442,0,123.063,3.36147,122.158,0.84672,12.849,0.84672,3695.15,0,36.966,0.279214,3.25534,1.93678,17.1089,0.999645,21.0222,0.42336,36.966,0.42336,423.524,0,1.02816,0,0,4.2835,3.25534,1.028160,1,0,146.148,0,0,0,146.148,0
72.29,2.57897,0,0,4.94129,0.295107,2.06721,3.6288,61.308,0.463192,0,0,2.86999,0.164632,2.24217,0.66528,12.849,1,0.458393,2.06721,0,95.6448,3.36147,93.8921,0.84672,12.849,0.84672,3695.15,0,36.966,0.279284,2.50489,1.93699,12.3834,0.999645,15.5463,0.42336,36.966,0.42336,423.524,0,1.02816,0,0,3.53305,2.50489,1.028160,1,0,111.681,0,0,0,111.681,0
72.29,2.57924,0,0,4.04609,0.249543,1.21731,3.6288,61.308,0.463309,0,0,1.94067,0.178209,1.29916,0.66528,12.849,1,0.458441,1.21731,0,77.8395,3.84161,74.7567,0.84672,12.849,0.84672,3695.15,0,36.966,0.279355,1.63121,1.9372,8.83241,1.06096,11.0605,0.42336,36.966,0.42336,423.524,0,1.02816,0,0,2.65937,1.63121,1.028160,1,0,87.1164,0,0,0,87.1164,0
72.29,2.54397,0,0,3.69456,0.214851,0.935742,3.6288,61.308,0.446835,0,0,1.55234,0.220892,0.884613,0.66528,12.849,1,0.452171,0.935742,0,65.9033,4.52298,61.8639,0.84672,12.849,0.84672,3695.15,0,36.966,0.269422,1.3487,1.9374,8.38374,1.18049,10.2199,0.42336,36.966,0.42336,423.524,0,1.02816,0,0,2.37686,1.3487,1.028160,1,0,72.9685,0,0,0,72.9685,0
72.29,2.54424,0,0,3.28677,0.214851,0.527682,3.6288,61.308,0.446951,0,0,1.38903,0.220892,0.721185,0.66528,12.849,1,0.452219,0.527682,0,56.5106,4.52298,52.0631,0.84672,12.849,0.84672,3695.15,0,36.966,0.269491,1.05138,1.90921,7.16852,1.18049,8.67913,0.42336,36.966,0.42336,423.524,0,1.02816,0,0,2.07954,1.05138,1.028160,1,0,61.4634,0,0,0,61.4634,0
72.1941,2.54451,0,0,3.01339,0.201889,0.36288,3.6288,61.308,0.447066,0,0,1.2568,0.203825,0.605909,0.66528,12.849,1,0.452267,0.36288,0,51.8496,4.1691,47.5911,0.84672,12.849,0.84672,3695.15,0,36.966,0.269561,0.900521,1.90941,6.69902,1.09073,8.14866,0.42336,36.966,0.42336,423.524,0,1.02816,0,0,1.92868,0.900521,1.028160,1,0,56.3457,0,0,0,56.3457,0
71.9413,2.54426,0,0,2.83878,0.184471,0.36288,3.6288,61.308,0.447181,0,0,1.20156,0.18107,0.573305,0.66528,12.849,1,0.452824,0.36288,0,48.5508,3.69726,44.7636,0.84672,12.849,0.84672,3695.15,0,36.966,0.26963,0.993738,1.90962,6.28849,0.971062,7.95116,0.42336,36.966,0.42336,423.524,0,1.02816,0,0,2.0219,0.993738,1.028160,1,0,53.2881,0,0,0,53.2881,0
71.6966,2.66383,0,0,2.92173,0.139747,0.36288,3.6288,61.308,0.506158,0,0,1.10138,0.200187,0.39503,0.66528,12.849,1,0.47577,0.36288,0,50.7775,4.36173,46.3028,0.84672,12.849,0.84672,3695.15,0,36.966,0.305191,0.924817,1.90982,6.32024,1.11598,7.7337,0.42336,36.966,0.42336,423.524,0,1.02816,0,0,1.95298,0.924817,1.028160,1,0,54.4316,0,0,0,54.4316,0
71.3198,2.66273,0,0,2.77208,0.123265,0.36288,3.6288,61.308,0.50628,0,0,1.13533,0.205456,0.423595,0.66528,12.849,1,0.477198,0.36288,0,47.9442,4.53568,43.2942,0.84672,12.849,0.84672,3695.15,0,36.966,0.305264,0.870083,2.00956,6.25642,1.12843,7.70237,0.42336,36.966,0.42336,423.524,0,1.02816,0,0,1.89824,0.870083,1.028160,1,0,51.4202,0,0,0,51.4202,0
70.8369,2.66088,0,0,2.6638,0.122911,0.36288,3.6288,61.308,0.506401,0,0,1.15658,0.205456,0.444719,0.66528,12.849,1,0.479385,0.36288,0,45.1981,4.53568,40.5459,0.84672,12.849,0.84672,3695.15,0,36.966,0.305338,0.775587,2.00978,6.23856,1.12843,7.59015,0.42336,36.966,0.42336,423.524,0,1.02816,0,0,1.80375,0.775587,1.028160,1,0,48.5808,0,0,0,48.5808,0
70.1892,2.65839,0,0,2.496,0.122458,0.36288,3.6288,61.308,0.506523,0,0,1.07637,0.205456,0.364392,0.66528,12.849,1,0.482202,0.36288,0,42.3416,4.53568,37.6866,0.84672,12.849,0.84672,3695.15,0,36.966,0.305411,0.652735,2.00999,5.78419,1.12843,7.01307,0.42336,36.966,0.42336,423.524,0,1.02816,0,0,1.68089,0.652735,1.028160,1,0,45.0641,0,0,0,45.0641,0
69.4909,2.65491,0,0,2.40437,0.0848274,0.36288,3.6288,61.308,0.506645,0,0,1.10374,0.244896,0.352202,0.66528,12.849,1,0.486015,0.36288,0,42.4505,5.00419,37.3232,0.84672,12.849,0.84672,3695.15,0,36.966,0.305484,0.857857,2.0102,5.48656,1.16107,6.88807,0.42336,36.966,0.42336,423.524,0,1.02816,0,0,1.88602,0.857857,1.028160,1,0,44.5634,0,0,0,44.5634,0
68.8269,2.62733,0,0,2.41703,0.0907895,0.36288,3.6288,61.308,0.539135,0,0,1.10989,0.24501,0.32575,0.66528,12.849,1,0.485798,0.36288,0,41.7031,4.67397,36.9062,0.84672,12.849,0.84672,3695.15,0,36.966,0.325074,0.931772,2.01042,5.61795,1.08879,7.14628,0.42336,36.966,0.42336,423.524,0,1.02816,0,0,1.95993,0.931772,1.028160,1,0,44.3783,0,0,0,44.3783,0
68.0651,2.62366,0,0,2.30566,0.0810057,0.36288,3.6288,61.308,0.53926,0,0,1.08355,0.260554,0.283737,0.66528,12.849,1,0.489799,0.36288,0,39.2157,4.89114,34.1976,0.84672,12.849,0.84672,3695.15,0,36.966,0.32515,0.943998,2.04544,5.62697,1.16229,7.12898,0.42336,36.966,0.42336,423.524,0,1.02816,0,0,1.97216,0.943998,1.028160,1,0,41.6103,0,0,0,41.6103,0
67.0429,2.61932,0,0,2.01773,0.0576706,0.36288,3.6288,61.308,0.539385,0,0,1.02374,0.295396,0.188964,0.66528,12.849,1,0.494463,0.36288,0,36.8496,5.63747,31.0806,0.84672,12.849,0.84672,3695.15,0,36.966,0.325225,0.752138,2.04566,5.47575,1.42148,6.52684,0.42336,36.966,0.42336,423.524,0,1.02816,0,0,1.7803,0.752138,1.028160,1,0,37.7964,0,0,0,37.7964,0
65.9682,2.61327,0,0,1.95649,0.0550112,0.36288,3.6288,61.308,0.53951,0,0,0.981072,0.293845,0.147717,0.66528,12.849,1,0.500842,0.36288,0,33.6138,5.88464,27.5912,0.84672,12.849,0.84672,3695.15,0,36.966,0.325301,0.815815,2.04588,5.27063,1.51493,6.29209,0.42336,36.966,0.42336,423.524,0,1.02816,0,0,1.84397,0.815815,1.028160,1,0,34.031,0,0,0,34.031,0
65.1734,2.66755,0,0,2.2747,0.0391205,0.36288,3.6288,61.308,0.568495,0,0,1.11083,0.316689,0.225644,0.66528,12.849,1,0.519574,0.36288,0,39.294,5.74046,33.3969,0.84672,12.849,0.84672,3695.15,0,36.966,0.342777,0.759715,2.04609,4.76045,1.47211,5.75138,0.42336,36.966,0.42336,423.524,0,1.02816,0,0,1.78788,0.759715,1.028160,1,0,39.3739,0,0,0,39.3739,0
64.2649,2.66254,0,0,2.15584,0.0388727,0.36288,3.6288,61.308,0.568623,0,0,0.993799,0.316689,0.108487,0.66528,12.849,1,0.524923,0.36288,0,34.7198,5.74046,28.8173,0.84672,12.849,0.84672,3695.15,0,36.966,0.342854,0.933967,2.09567,4.97212,1.47211,6.1868,0.42336,36.966,0.42336,423.524,0,1.02816,0,0,1.96213,0.933967,1.028160,1,0,35.1126,0,0,0,35.1126,0
63.2222,2.65664,0,0,2.01533,0.0385894,0.36288,3.6288,61.308,0.568751,0,0,0.919495,0.316689,0.0340548,0.66528,12.849,1,0.531163,0.36288,0,33.0134,5.74046,27.1047,0.84672,12.849,0.84672,3695.15,0,36.966,0.342932,0.765115,2.09589,4.36287,1.47211,5.40884,0.42336,36.966,0.42336,423.524,0,1.02816,0,0,1.79328,0.765115,1.028160,1,0,32.5476,0,0,0,32.5476,0
62.1596,2.64964,0,0,1.98825,0.0382643,0.36288,3.6288,61.308,0.568879,0,0,0.994801,0.316689,0.109233,0.66528,12.849,1,0.538502,0.36288,0,30.6332,5.74046,24.7171,0.84672,12.849,0.84672,3695.15,0,36.966,0.343009,0.885989,2.09612,4.93392,1.47211,6.10091,0.42336,36.966,0.42336,423.524,0,1.02816,0,0,1.91415,0.885989,1.028160,1,0,30.9273,0,0,0,30.9273,0
61.397,2.81876,0,0,2.43127,0.0122536,0.36288,3.6288,61.308,0.66528,0,0,1.15302,0.310063,0.177674,0.66528,12.849,1,0.582665,0.36288,0,32.9354,5.77098,26.9447,0.84672,12.849,0.84672,3695.15,0,36.966,0.413861,1.05154,2.09634,5.31907,1.53182,6.52127,0.42336,36.966,0.42336,423.524,0,1.02816,0,0,2.0797,1.05154,1.028160,1,0,33.6436,0,0,0,33.6436,0
60.3594,2.81307,0,0,2.1529,0.0145575,0.36288,3.6288,61.308,0.66528,0,0,1.109,0.30016,0.143556,0.66528,12.849,1,0.588712,0.36288,0,40.9241,5.57382,35.1245,0.84672,12.849,0.84672,3695.15,0,36.966,0.414085,0.897834,2.26553,4.56825,1.51387,5.80366,0.42336,36.966,0.42336,423.524,0,1.02816,0,0,1.92599,0.897834,1.028160,1,0,41.0717,0,0,0,41.0717,0
59.3758,2.80503,0,0,2.19878,0.0144326,0.36288,3.6288,61.308,0.66528,0,0,1.27214,0.30016,0.306705,0.66528,12.849,1,0.59712,0.36288,0,35.4504,5.57382,29.6423,0.84672,12.849,0.84672,3695.15,0,36.966,0.414308,1.007,2.26577,4.74406,1.51387,6.08865,0.42336,36.966,0.42336,423.524,0,1.02816,0,0,2.03516,1.007,1.028160,1,0,36.0377,0,0,0,36.0377,0
58.4188,2.79719,0,0,2.21853,0.0154411,0.36288,3.6288,61.308,0.66528,0,0,1.28178,0.293266,0.323233,0.66528,12.849,1,0.605315,0.36288,0,35.97,5.38897,30.3386,0.84672,12.849,0.84672,3695.15,0,36.966,0.414531,1.50422,2.26601,6.06795,1.44191,7.98173,0.42336,36.966,0.42336,423.524,0,1.02816,0,0,2.53238,1.50422,1.028160,1,0,38.6435,0,0,0,38.6435,0
57.6694,2.78936,0,0,2.43322,0.0303937,0.36288,3.6288,61.308,0.66528,0,0,1.13442,0.259938,0.209205,0.66528,12.849,1,0.613509,0.36288,0,31.9174,4.69588,26.9709,0.84672,12.849,0.84672,3695.15,0,36.966,0.414755,0.897204,2.26625,6.56924,1.13245,8.18549,0.42336,36.966,0.42336,423.524,0,1.02816,0,0,1.92536,0.897204,1.028160,1,0,35.3655,0,0,0,35.3655,0
58.0508,2.69822,0,0,3.4836,0.0411591,0.36288,3.6288,61.308,0.61063,0,0,1.36717,0.270659,0.485878,0.66528,12.849,1,0.601174,0.36288,0,38.7275,5.25052,33.2387,0.84672,12.849,0.84672,3695.15,0,36.966,0.368183,0.946382,2.26649,7.33225,1.29547,8.88146,0.42336,36.966,0.42336,423.524,0,1.02816,0,0,1.97454,0.946382,1.028160,1,0,42.606,0,0,0,42.606,0
57.8755,2.70174,0,0,2.93062,0.0413127,0.36288,3.6288,61.308,0.610762,0,0,1.93939,0.270659,1.05797,0.66528,12.849,1,0.598004,0.36288,0,35.1203,5.25052,29.6347,0.84672,12.849,0.84672,3695.15,0,36.966,0.368263,2.39598,2.16889,8.2766,1.29547,11.1777,0.42336,36.966,0.42336,423.524,0,1.02816,0,0,3.42414,2.39598,1.028160,1,0,41.8704,0,0,0,41.8704,0
57.2785,2.70054,0,0,2.50765,0.0412421,0.36288,3.6288,61.308,0.610895,0,0,1.07118,0.270659,0.189624,0.66528,12.849,1,0.59955,0.36288,0,35.0858,5.25052,29.5986,0.84672,12.849,0.84672,3695.15,0,36.966,0.368343,0.880304,2.16912,6.1598,1.29547,7.54541,0.42336,36.966,0.42336,423.524,0,1.02816,0,0,1.90846,0.880304,1.028160,1,0,37.3337,0,0,0,37.3337,0
56.7778,2.69572,0,0,2.61626,0.0583288,0.36288,3.6288,61.308,0.611028,0,0,1.03121,0.255498,0.164684,0.66528,12.849,1,0.604718,0.36288,0,33.7243,5.0429,28.4396,0.84672,12.849,0.84672,3695.15,0,36.966,0.368423,0.821854,2.16935,6.19872,1.23058,7.59092,0.42336,36.966,0.42336,423.524,0,1.02816,0,0,1.85001,0.821854,1.028160,1,0,36.1952,0,0,0,36.1952,0
55.8781,2.62213,0,0,2.25211,0.166835,0.36288,3.6288,61.308,0.55353,0,0,1.46033,0.266326,0.640477,0.66528,12.849,1,0.593396,0.36288,0,46.84,5.01984,41.5897,0.84672,12.849,0.84672,3695.15,0,36.966,0.333754,1.51061,2.16958,5.9448,1.03817,8.25307,0.42336,36.966,0.42336,423.524,0,1.02816,0,0,2.53877,1.51061,1.028160,1,0,50.4832,0,0,0,50.4832,0
54.3995,2.61463,0,0,1.66431,0.165354,0.36288,3.6288,61.308,0.553656,0,0,1.20698,0.266326,0.387,0.66528,12.849,1,0.601228,0.36288,0,45.0016,5.01984,39.7434,0.84672,12.849,0.84672,3695.15,0,36.966,0.33383,1.11251,2.08246,4.11074,1.03817,5.93371,0.42336,36.966,0.42336,423.524,0,1.02816,0,0,2.14067,1.11251,1.028160,1,0,46.0641,0,0,0,46.0641,0
55.4629,2.60169,0,0,4.17731,0.149312,0.36288,3.6288,61.308,0.553783,0,0,1.82567,0.26037,1.01151,0.66528,12.849,1,0.614512,0.36288,0,43.2048,4.87584,38.0773,0.84672,12.849,0.84672,3695.15,0,36.966,0.333906,2.08589,2.08268,8.60017,1.07037,11.3645,0.42336,36.966,0.42336,423.524,0,1.02816,0,0,3.11405,2.08589,1.028160,1,0,50.4533,0,0,0,50.4533,0
60.9464,2.61153,0,0,8.61774,0.159899,0.36288,3.6288,61.308,0.553909,0,0,2.93495,0.219148,2.16189,0.66528,12.849,1,0.60501,0.36288,0,118.765,3.98266,114.54,0.84672,12.849,0.84672,3695.15,0,36.966,0.333983,3.64801,2.0829,19.338,0.933839,23.801,0.42336,36.966,0.42336,423.524,0,1.02816,0,0,4.67617,3.64801,1.028160,1,0,140.503,0,0,0,140.503,0
66.513,2.45669,0,0,8.61091,0.224703,0.36288,3.6288,61.308,0.433957,0,0,8.07192,0.233698,7.40427,0.66528,12.849,1,0.51793,0.36288,0,199.865,4.35913,195.351,0.84672,12.849,0.84672,3695.15,0,36.966,0.261657,4.18378,2.08312,19.0169,1.06882,23.9533,0.42336,36.966,0.42336,423.524,0,1.02816,0,0,5.21194,4.18378,1.028160,1,0,226.708,0,0,0,226.708,0
72.29,2.49328,0,0,9.50599,0.246949,0.988752,3.6288,61.308,0.434071,0,0,9.31444,0.227935,8.65243,0.66528,12.849,1,0.481652,0.988752,0,171.518,4.20021,167.825,0.84672,12.849,0.84672,3695.15,0,36.966,0.261725,4.30516,1.88923,21.2801,1.05964,26.1531,0.42336,36.966,0.42336,423.524,0,1.02816,0,0,5.33332,4.30516,1.028160,1,0,202.63,0,0,0,202.63,0
72.29,2.52623,0,0,12.0175,0.25827,9.23305,3.6288,61.308,0.434184,0,0,11.6808,0.227935,11.0186,0.66528,12.849,1,0.449018,9.23305,0,181.904,4.20021,186.488,0.84672,12.849,0.84672,3695.15,0,36.966,0.261794,5.7904,1.88943,25.3562,1.05964,31.7146,0.42336,36.966,0.42336,423.524,0,1.02816,0,0,6.81856,5.7904,1.028160,1,0,229.221,0,0,0,229.221,0
72.29,2.5265,0,0,12.2431,0.25827,9.45829,3.6288,61.308,0.434298,0,0,16.3874,0.227935,15.7252,0.66528,12.849,1,0.449065,9.45829,0,209.46,4.20021,214.269,0.84672,12.849,0.84672,3695.15,0,36.966,0.261863,8.00194,1.88963,32.0441,1.05964,40.6142,0.42336,36.966,0.42336,423.524,0,1.02816,0,0,9.0301,8.00194,1.028160,1,0,270.609,0,0,0,270.609,0
72.29,2.52676,0,0,8.47752,0.267991,5.68277,3.6288,61.308,0.434412,0,0,11.1466,0.230301,10.4819,0.66528,12.849,1,0.449113,5.68277,0,178.231,4.46958,178.995,0.84672,12.849,0.84672,3695.15,0,36.966,0.261931,4.83867,1.88983,21.8352,1.12583,27.176,0.42336,36.966,0.42336,423.524,0,1.02816,0,0,5.86683,4.83867,1.028160,1,0,216.653,0,0,0,216.653,0
71.8635,2.60618,0,0,2.83487,0.292295,0.36288,3.6288,61.308,0.46931,0,0,1.63462,0.236215,0.929094,0.66528,12.849,1,0.463229,0.36288,0,53.6392,5.143,48.3958,0.84672,12.849,0.84672,3695.15,0,36.966,0.282973,0.714943,1.89003,13.5349,1.29132,14.5656,0.42336,36.966,0.42336,423.524,0,1.02816,0,0,1.7431,0.714943,1.028160,1,0,63.8905,0,0,0,63.8905,0
72.29,2.6041,0,0,8.71067,0.291349,5.38873,3.6288,61.308,0.469418,0,0,3.10866,0.236215,2.40303,0.66528,12.849,1,0.465606,5.38873,0,200.732,5.143,200.512,0.84672,12.849,0.84672,3695.15,0,36.966,0.283038,2.61632,1.95078,11.0631,1.29132,14.0558,0.42336,36.966,0.42336,423.524,0,1.02816,0,0,3.64448,2.61632,1.028160,1,0,216.971,0,0,0,216.971,0
72.29,2.60669,0,0,4.77342,0.300843,1.86589,3.6288,61.308,0.469525,0,0,2.71304,0.225688,2.01782,0.66528,12.849,1,0.463319,1.86589,0,148.27,4.56754,145.105,0.84672,12.849,0.84672,3695.15,0,36.966,0.283103,1.91592,1.95097,7.55814,1.1364,10.0055,0.42336,36.966,0.42336,423.524,0,1.02816,0,0,2.94408,1.91592,1.028160,1,0,157.129,0,0,0,157.129,0
72.2672,2.60694,0,0,3.24928,0.302268,0.36288,3.6288,61.308,0.469632,0,0,1.94682,0.223934,1.25325,0.66528,12.849,1,0.463364,0.36288,0,78.7709,4.47163,74.1988,0.84672,12.849,0.84672,3695.15,0,36.966,0.283168,1.12209,1.95116,5.73373,1.11058,7.41322,0.42336,36.966,0.42336,423.524,0,1.02816,0,0,2.15025,1.12209,1.028160,1,0,82.8652,0,0,0,82.8652,0
72.29,2.86135,0,0,3.83572,0.304513,0.647045,3.6288,61.308,0.600388,0,0,1.57751,0.236334,0.740786,0.66528,12.849,1,0.508745,0.647045,0,91.4129,4.34357,87.2077,0.84672,12.849,0.84672,3695.15,0,36.966,0.362007,1.31755,1.95134,6.15393,1.11538,7.94543,0.42336,36.966,0.42336,423.524,0,1.02816,0,0,2.34571,1.31755,1.028160,1,0,95.8939,0,0,0,95.8939,0
72.29,2.86177,0,0,4.87852,0.304948,1.71181,3.6288,61.308,0.600508,0,0,2.10183,0.2384,1.26292,0.66528,12.849,1,0.508657,1.71181,0,123.31,4.32222,120.191,0.84672,12.849,0.84672,3695.15,0,36.966,0.36208,1.49151,2.16946,8.15348,1.11618,10.3362,0.42336,36.966,0.42336,423.524,0,1.02816,0,0,2.51967,1.49151,1.028160,1,0,131.79,0,0,0,131.79,0
72.29,2.86204,0,0,6.34976,0.298919,3.1888,3.6288,61.308,0.600628,0,0,2.29189,0.24046,1.4508,0.66528,12.849,1,0.508707,3.1888,0,102.927,4.30972,101.297,0.84672,12.849,0.84672,3695.15,0,36.966,0.362152,2.07421,2.16967,10.9093,1.10781,13.6832,0.42336,36.966,0.42336,423.524,0,1.02816,0,0,3.10237,2.07421,1.028160,1,0,116.431,0,0,0,116.431,0
72.29,2.86232,0,0,4.40156,0.322271,1.21697,3.6288,61.308,0.600749,0,0,1.95424,0.225993,1.1275,0.66528,12.849,1,0.508756,1.21697,0,107.902,3.96071,104.649,0.84672,12.849,0.84672,3695.15,0,36.966,0.362225,1.47565,2.16988,7.22478,1.08326,9.42483,0.42336,36.966,0.42336,423.524,0,1.02816,0,0,2.50381,1.47565,1.028160,1,0,115.201,0,0,0,115.201,0
72.29,2.49975,0,0,3.53004,0.325038,0.705253,3.6288,61.308,0.42547,0,0,1.03372,0.179527,0.428719,0.66528,12.849,1,0.444311,0.705253,0,76.5876,3.02966,73.8188,0.84672,12.849,0.84672,3695.15,0,36.966,0.256539,0.811763,2.17009,4.5516,0.797472,6.47944,0.42336,36.966,0.42336,423.524,0,1.02816,0,0,1.83992,0.811763,1.028160,1,0,80.727,0,0,0,80.727,0
72.29,2.49999,0,0,3.40276,0.32153,0.581243,3.6288,61.308,0.425573,0,0,1.00679,0.173571,0.407649,0.66528,12.849,1,0.444354,0.581243,0,68.7986,2.89275,66.0427,0.84672,12.849,0.84672,3695.15,0,36.966,0.256601,0.950219,1.87299,3.52383,0.74813,5.34231,0.42336,36.966,0.42336,423.524,0,1.02816,0,0,1.97838,0.950219,1.028160,1,0,71.7927,0,0,0,71.7927,0
72.29,2.50023,0,0,5.53844,0.310202,2.72801,3.6288,61.308,0.425676,0,0,1.55487,0.167555,0.961641,0.66528,12.849,1,0.444397,2.72801,0,132.384,2.80556,131.862,0.84672,12.849,0.84672,3695.15,0,36.966,0.256664,2.27376,1.87317,6.98953,0.735605,10.1442,0.42336,36.966,0.42336,423.524,0,1.02816,0,0,3.30192,2.27376,1.028160,1,0,142.968,0,0,0,142.968,0
72.29,2.50047,0,0,5.57608,0.309052,2.76656,3.6288,61.308,0.425779,0,0,1.64167,0.193046,1.02284,0.66528,12.849,1,0.44444,2.76656,0,169.423,3.74797,167.997,0.84672,12.849,0.84672,3695.15,0,36.966,0.256726,2.52086,1.87335,10.352,0.888627,13.6009,0.42336,36.966,0.42336,423.524,0,1.02816,0,0,3.54902,2.52086,1.028160,1,0,182.62,0,0,0,182.62,0
72.29,2.50071,0,0,4.34263,0.303727,1.53819,3.6288,61.308,0.425882,0,0,1.57588,0.183765,0.966228,0.66528,12.849,1,0.444483,1.53819,0,138.664,3.89666,135.861,0.84672,12.849,0.84672,3695.15,0,36.966,0.256788,2.11134,1.87354,6.38158,0.894927,9.21474,0.42336,36.966,0.42336,423.524,0,1.02816,0,0,3.1395,2.11134,1.028160,1,0,146.042,0,0,0,146.042,0
72.29,2.59233,0,0,3.98391,0.338059,1.05352,3.6288,61.308,0.468916,0,0,1.38106,0.1807,0.731445,0.66528,12.849,1,0.460768,1.05352,0,108.504,3.67826,105.418,0.84672,12.849,0.84672,3695.15,0,36.966,0.282735,2.0288,1.87372,6.061,0.822414,8.85837,0.42336,36.966,0.42336,423.524,0,1.02816,0,0,3.05696,2.0288,1.028160,1,0,115.008,0,0,0,115.008,0
72.29,2.59258,0,0,3.53791,0.338059,0.607263,3.6288,61.308,0.469023,0,0,1.0985,0.1807,0.448775,0.66528,12.849,1,0.460812,0.607263,0,99.138,3.67826,95.6062,0.84672,12.849,0.84672,3695.15,0,36.966,0.2828,1.92129,1.94723,4.9617,0.822414,7.72501,0.42336,36.966,0.42336,423.524,0,1.02816,0,0,2.94945,1.92129,1.028160,1,0,103.78,0,0,0,103.78,0
72.29,2.59284,0,0,5.29083,0.341542,2.35646,3.6288,61.308,0.46913,0,0,1.24411,0.165235,0.609743,0.66528,12.849,1,0.460857,2.35646,0,136.752,3.24221,135.406,0.84672,12.849,0.84672,3695.15,0,36.966,0.282865,2.89132,1.94742,13.2346,0.73446,17.056,0.42336,36.966,0.42336,423.524,0,1.02816,0,0,3.91948,2.89132,1.028160,1,0,153.071,0,0,0,153.071,0
72.29,2.59309,0,0,3.65548,0.301106,0.761288,3.6288,61.308,0.469238,0,0,1.08549,0.179972,0.436277,0.66528,12.849,1,0.460901,0.761288,0,99.995,2.99614,97.2993,0.84672,12.849,0.84672,3695.15,0,36.966,0.28293,2.15992,1.94761,6.86253,0.744404,9.94273,0.42336,36.966,0.42336,423.524,0,1.02816,0,0,3.18808,2.15992,1.028160,1,0,107.678,0,0,0,107.678,0
72.29,2.55759,0,0,3.44477,0.254747,0.632426,3.6288,61.308,0.452665,0,0,1.10192,0.18304,0.466214,0.66528,12.849,1,0.454593,0.632426,0,84.3299,3.25756,81.2501,0.84672,12.849,0.84672,3695.15,0,36.966,0.272937,1.68582,1.9478,6.25732,0.881447,8.73656,0.42336,36.966,0.42336,423.524,0,1.02816,0,0,2.71398,1.68582,1.028160,1,0,90.4529,0,0,0,90.4529,0
72.2869,2.55784,0,0,3.14438,0.226781,0.36288,3.6288,61.308,0.452771,0,0,0.957416,0.207176,0.297468,0.66528,12.849,1,0.454637,0.36288,0,83.4486,3.71795,79.6389,0.84672,12.849,0.84672,3695.15,0,36.966,0.273001,1.33635,1.91944,5.07385,0.920087,7.13655,0.42336,36.966,0.42336,423.524,0,1.02816,0,0,2.36451,1.33635,1.028160,1,0,87.0729,0,0,0,87.0729,0
72.0229,2.55807,0,0,2.87737,0.220356,0.36288,3.6288,61.308,0.452877,0,0,0.848163,0.214963,0.180323,0.66528,12.849,1,0.454698,0.36288,0,68.3035,3.92501,64.2867,0.84672,12.849,0.84672,3695.15,0,36.966,0.273065,1.12843,1.91963,4.4843,0.93517,6.32412,0.42336,36.966,0.42336,423.524,0,1.02816,0,0,2.15659,1.12843,1.028160,1,0,70.7911,0,0,0,70.7911,0
71.6926,2.55691,0,0,2.80933,0.219915,0.36288,3.6288,61.308,0.452983,0,0,0.824489,0.214963,0.156544,0.66528,12.849,1,0.456156,0.36288,0,56.3719,3.92501,52.3536,0.84672,12.849,0.84672,3695.15,0,36.966,0.273128,1.08021,1.91981,4.45662,0.93517,6.24835,0.42336,36.966,0.42336,423.524,0,1.02816,0,0,2.10837,1.08021,1.028160,1,0,58.7585,0,0,0,58.7585,0
71.295,2.67659,0,0,2.84732,0.205422,0.36288,3.6288,61.308,0.512263,0,0,0.969149,0.222071,0.234815,0.66528,12.849,1,0.479708,0.36288,0,66.8797,4.57525,62.1877,0.84672,12.849,0.84672,3695.15,0,36.966,0.308872,1.18504,1.92,4.31361,0.988598,6.12118,0.42336,36.966,0.42336,423.524,0,1.02816,0,0,2.2132,1.18504,1.028160,1,0,68.5436,0,0,0,68.5436,0
70.7116,2.67458,0,0,2.6293,0.175189,0.36288,3.6288,61.308,0.512375,0,0,0.794483,0.209321,0.0727866,0.66528,12.849,1,0.482021,0.36288,0,66.8192,4.37977,62.3203,0.84672,12.849,0.84672,3695.15,0,36.966,0.308939,1.22977,2.02026,4.09469,1.00743,6.02834,0.42336,36.966,0.42336,423.524,0,1.02816,0,0,2.25793,1.22977,1.028160,1,0,68.4214,0,0,0,68.4214,0
69.935,2.67147,0,0,2.40182,0.144098,0.36288,3.6288,61.308,0.512486,0,0,0.787778,0.21297,0.0623214,0.66528,12.849,1,0.485433,0.36288,0,59.7222,4.49347,55.1062,0.84672,12.849,0.84672,3695.15,0,36.966,0.309007,1.2292,2.02045,3.9113,0.971904,5.88004,0.42336,36.966,0.42336,423.524,0,1.02816,0,0,2.25736,1.2292,1.028160,1,0,61.0485,0,0,0,61.0485,0
69.1159,2.66718,0,0,2.3542,0.143238,0.36288,3.6288,61.308,0.512598,0,0,0.852008,0.21297,0.12644,0.66528,12.849,1,0.490035,0.36288,0,57.2111,4.49347,52.5904,0.84672,12.849,0.84672,3695.15,0,36.966,0.309074,1.18659,2.02065,4.21456,0.971904,6.14082,0.42336,36.966,0.42336,423.524,0,1.02816,0,0,2.21475,1.18659,1.028160,1,0,58.8577,0,0,0,58.8577,0
67.8867,2.66254,0,0,1.9469,0.150737,0.36288,3.6288,61.1989,0.512709,0,0,0.627246,0.223591,0,0.66528,12.849,1,0.494979,0.36288,0,46.6455,4.68023,41.8332,0.84672,12.849,0.84672,3695.15,0,36.966,0.309141,0.768865,2.02084,3.36171,1.06246,4.77982,0.42336,36.966,0.42336,423.524,0,1.02816,0,0,1.79702,0.768865,1.028160,1,0,46.613,0,0,0,46.613,0
66.257,2.63148,0,0,1.49286,0.128181,0.36288,3.6288,60.835,0.544995,0,0,0.431083,0.250032,0,0.66528,12.849,1,0.498063,0.36288,0,33.8168,5.02539,28.6562,0.84672,12.849,0.84672,3695.15,0,36.966,0.329193,0.419403,2.02104,2.86794,1.21177,3.76742,0.42336,36.966,0.42336,423.524,0,1.02816,0,0,1.44756,0.419403,1.028160,1,0,32.4236,0,0,0,32.4236,0
64.5827,2.62147,0,0,1.39425,0.0841999,0.36288,3.6288,60.4523,0.543884,0,0,0.427235,0.266011,0,0.66528,12.849,1,0.508373,0.36288,0,31.3273,5.15361,26.0282,0.84672,12.849,0.84672,3695.15,0,36.966,0.330488,0.337288,2.05623,2.82681,1.24985,3.63999,0.42336,36.966,0.42336,423.524,0,1.02816,0,0,1.36545,0.337288,1.028160,1,0,29.6681,0,0,0,29.6681,0
62.8257,2.61073,0,0,1.29961,0.0830162,0.36288,3.6288,60.0722,0.5427,0,0,0.427882,0.265365,0,0.66528,12.849,1,0.519416,0.36288,0,28.9412,5.15361,23.6311,0.84672,12.849,0.84672,3695.15,0,36.966,0.331856,0.390951,2.05643,2.58975,1.24985,3.45542,0.42336,36.966,0.42336,423.524,0,1.02816,0,0,1.41911,0.390951,1.028160,1,0,27.0865,0,0,0,27.0865,0
60.991,2.59892,0,0,1.20897,0.0818408,0.36288,3.6288,59.6873,0.541514,0,0,0.421407,0.264724,0,0.66528,12.849,1,0.531527,0.36288,0,26.9504,5.15361,21.6281,0.84672,12.849,0.84672,3695.15,0,36.966,0.333226,0.379486,2.05663,2.53002,1.24985,3.38305,0.42336,36.966,0.42336,423.524,0,1.02816,0,0,1.40765,0.379486,1.028160,1,0,25.0112,0,0,0,25.0112,0
59.1833,2.64632,0,0,1.28288,0.0813846,0.36288,3.6288,59.1951,0.569018,0,0,0.371415,0.294641,0,0.66528,12.849,1,0.557501,0.36288,0,26.8764,5.77164,20.9101,0.84672,12.849,0.84672,3695.15,0,36.966,0.352409,0.344019,2.05683,2.34342,1.42355,2.9683,0.42336,36.966,0.42336,423.524,0,1.02816,0,0,1.37218,0.344019,1.028160,1,0,23.8784,0,0,0,23.8784,0
57.3361,2.63258,0,0,1.22828,0.0800552,0.36288,3.6288,58.6971,0.56733,0,0,0.363076,0.293715,0,0.66528,12.849,1,0.571547,0.36288,0,25.15,5.77164,19.1697,0.84672,12.849,0.84672,3695.15,0,36.966,0.354285,0.37171,2.10665,2.40851,1.42355,3.10903,0.42336,36.966,0.42336,423.524,0,1.02816,0,0,1.39987,0.37171,1.028160,1,0,22.2787,0,0,0,22.2787,0
55.3478,2.61779,0,0,1.07105,0.0786299,0.36288,3.6288,58.1811,0.565602,0,0,0.342382,0.292778,0,0.66528,12.849,1,0.586646,0.36288,0,23.8277,5.77164,17.8323,0.84672,12.849,0.84672,3695.15,0,36.966,0.356202,0.241695,2.10685,2.30138,1.42355,2.87017,0.42336,36.966,0.42336,423.524,0,1.02816,0,0,1.26986,0.241695,1.028160,1,0,20.7025,0,0,0,20.7025,0
53.2989,2.60094,0,0,0.987759,0.0728509,0.36288,3.6288,57.6339,0.589361,0,0,0.336499,0.294345,0,0.66528,12.849,1,0.603808,0.36288,0,22.4795,5.84642,16.3921,0.84672,12.849,0.84672,3695.15,0,36.966,0.374457,0.227405,2.10705,2.28042,1.43849,2.80193,0.42336,36.966,0.42336,423.524,0,0.986334,0,0,1.21374,0.227405,1.028160,1,0,19.1941,0,0,0,19.1941,0
51.2455,2.75496,0,0,1.1097,0.0452886,0.36288,3.6288,57.0248,0.66528,0,0,0.363977,0.307776,0,0.66528,12.849,1,0.66415,0.36288,0,24.5871,6.03312,18.2527,0.84672,12.849,0.84672,3695.15,0,36.966,0.42336,0.242006,2.10726,2.18369,1.52626,2.58334,0.42336,36.966,0.42336,423.524,0,1.02816,0,0,1.27017,0.242006,1.028160,1,0,20.8361,0,0,0,20.8361,0
49.0723,2.73394,0,0,0.961312,0.0376241,0.36288,3.6288,55.9441,1.02607,0,0,0.256936,0.311642,0,0.66528,12.849,1,0.685494,0.36288,0,28.5556,5.93691,22.2961,0.84672,12.849,0.84672,3695.15,0,36.966,0.42336,0.227405,2.27618,1.60048,1.57685,2.10386,0.42336,36.966,0.42336,423.524,0,0.667371,0,0,0.894776,0.227405,1.028160,1,0,24.4,0,0,0,24.4,0
47.101,2.71015,0,0,1.13849,0.0367691,0.36288,3.6288,55.3615,0.66528,0,0,0.392209,0.309453,0,0.66528,12.849,1,0.70962,0.36288,0,24.5101,5.93691,18.2265,0.84672,12.849,0.84672,3695.15,0,36.966,0.42336,0.31784,2.27624,2.16434,1.57685,2.75821,0.42336,36.966,0.42336,423.524,0,1.02816,0,0,1.346,0.31784,1.028160,1,0,20.9847,0,0,0,20.9847,0
44.9633,2.68707,0,0,0.951212,0.0390105,0.36288,3.6288,54.5251,0.835911,0,0,0.28783,0.288367,0,0.66528,12.849,1,0.733025,0.36288,0,22.3667,5.38237,16.6142,0.84672,12.849,0.84672,3695.15,0,36.966,0.42336,0.204422,2.2763,2.24234,1.36098,2.93872,0.42336,36.966,0.42336,423.524,0,0.857529,0,0,1.06195,0.204422,1.028160,1,0,19.5529,0,0,0,19.5529,0
43.0771,2.66023,0,0,1.15938,0.0224271,0.36288,3.6288,53.8698,0.680227,0,0,0.314208,0.289312,0,0.66528,12.849,1,0.760204,0.36288,0,18.9917,5.05309,13.5413,0.84672,12.849,0.84672,3695.15,0,36.966,0.42336,0.204422,2.27637,2.74431,1.26759,3.53415,0.42336,36.966,0.42336,423.524,0,1.01321,0,0,1.21764,0.204422,1.028160,1,0,17.0754,0,0,0,17.0754,0
41.4784,2.55445,0,0,1.34851,0.0298715,0.36288,3.6288,53.3213,0.586613,0,0,0.348737,0.310548,0,0.66528,12.849,1,0.761939,0.36288,0,25.1192,4.80623,19.9139,0.84672,12.849,0.84672,3695.15,0,36.966,0.40254,0.496515,2.27643,2.84116,1.42973,3.78183,0.42336,36.966,0.42336,423.524,0,1.02816,0,0,1.52467,0.496515,1.028160,1,0,23.6957,0,0,0,23.6957,0
40.0185,2.53227,0,0,1.51941,0.0842425,0.36288,3.6288,52.9476,0.584283,0,0,0.488481,0.277965,0,0.66528,12.849,1,0.784436,0.36288,0,24.2216,3.94979,19.8503,0.84672,12.849,0.84672,3695.15,0,36.966,0.405065,0.959118,2.18007,3.79424,1.24271,5.28565,0.42336,36.966,0.42336,423.524,0,1.02816,0,0,1.98728,0.959118,1.028160,1,0,25.1359,0,0,0,25.1359,0
38.485,2.51085,0,0,1.42534,0.0850556,0.36288,3.6288,52.583,0.582714,0,0,0.496275,0.278087,0,0.66528,12.849,1,0.806177,0.36288,0,29.813,3.96606,25.4037,0.84672,12.849,0.84672,3695.15,0,36.966,0.406829,0.899994,2.18028,3.83899,1.25203,5.26041,0.42336,36.966,0.42336,423.524,0,1.02816,0,0,1.92815,0.899994,1.028160,1,0,30.6641,0,0,0,30.6641,0
37.1518,2.48701,0,0,1.60021,0.0835551,0.36288,3.6288,52.3427,0.581172,0,0,0.618062,0.277276,0,0.66528,12.849,1,0.830339,0.36288,0,47.9637,3.96606,43.5302,0.84672,12.849,0.84672,3695.15,0,36.966,0.408565,1.27447,2.18049,4.88728,1.25203,6.68164,0.42336,36.966,0.42336,423.524,0,1.02816,0,0,2.30263,1.27447,1.028160,1,0,50.2119,0,0,0,50.2119,0
37.2904,2.40143,0,0,3.03081,0.127846,0.36288,3.6288,52.4897,0.525767,0,0,0.898214,0.225438,0,0.66528,12.849,1,0.830538,0.36288,0,83.0047,3.91467,78.6223,0.84672,12.849,0.84672,3695.15,0,36.966,0.371313,2.51124,2.1807,6.50085,0.96432,9.85716,0.42336,36.966,0.42336,423.524,0,1.02816,0,0,3.5394,2.51124,1.028160,1,0,88.4795,0,0,0,88.4795,0
36.3,2.40396,0,0,1.91208,0.135666,0.36288,3.6288,52.2283,0.526487,0,0,0.482254,0.217143,0,0.66528,12.849,1,0.828322,0.36288,0,46.1955,3.9061,41.8239,0.84672,12.849,0.84672,3695.15,0,36.966,0.37078,0.801645,2.09311,4.30693,0.916368,5.91454,0.42336,36.966,0.42336,423.524,0,1.02816,0,0,1.82981,0.801645,1.028160,1,0,47.7385,0,0,0,47.7385,0
36.6647,2.3875,0,0,3.2492,0.13408,0.36288,3.6288,52.0973,0.525509,0,0,0.611252,0.216688,0,0.66528,12.849,1,0.845095,0.36288,0,81.3745,3.9061,76.9861,0.84672,12.849,0.84672,3695.15,0,36.966,0.371943,0.795286,2.09331,5.57574,0.916368,7.17603,0.42336,36.966,0.42336,423.524,0,1.02816,0,0,1.82345,0.795286,1.028160,1,0,84.1622,0,0,0,84.1622,0
36.4667,2.39395,0,0,2.72132,0.162524,0.36288,3.6288,52.2085,0.525071,0,0,0.895104,0.258828,0,0.66528,12.849,1,0.838951,0.36288,0,59.0281,4.87032,53.6817,0.84672,12.849,0.84672,3695.15,0,36.966,0.372567,2.48457,2.09352,6.62289,1.18829,9.64012,0.42336,36.966,0.42336,423.524,0,1.02816,0,0,3.51273,2.48457,1.028160,1,0,63.3219,0,0,0,63.3219,0
37.8523,2.21076,0,0,4.15073,0.191539,0.36288,3.6288,52.6081,0.412381,0,0,1.04877,0.236883,0,0.66528,12.849,1,0.778959,0.36288,0,104.866,4.56192,99.8883,0.84672,12.849,0.84672,3695.15,0,36.966,0.291985,2.35436,2.09372,7.82177,1.16477,10.8131,0.42336,36.966,0.42336,423.524,0,1.02816,0,0,3.38252,2.35436,1.028160,1,0,110.701,0,0,0,110.701,0
39.5407,2.23226,0,0,4.5007,0.217115,0.36288,3.6288,53.3112,0.413782,0,0,1.3379,0.220958,0,0.66528,12.849,1,0.757745,0.36288,0,97.0929,4.33062,92.3674,0.84672,12.849,0.84672,3695.15,0,36.966,0.290751,2.6851,1.89882,11.8034,1.14712,14.9495,0.42336,36.966,0.42336,423.524,0,1.02816,0,0,3.71326,2.6851,1.028160,1,0,107.317,0,0,0,107.317,0
42.6867,2.2569,0,0,5.98719,0.221413,0.36288,3.6288,54.3718,0.416145,0,0,1.69891,0.222205,0,0.66528,12.849,1,0.733395,0.36288,0,217.026,4.33062,212.325,0.84672,12.849,0.84672,3695.15,0,36.966,0.288555,3.62707,1.89901,12.4113,1.14712,16.5017,0.42336,36.966,0.42336,423.524,0,1.02816,0,0,4.65523,3.62707,1.028160,1,0,228.827,0,0,0,228.827,0
46.5713,2.29867,0,0,6.77589,0.229754,0.36288,3.6288,55.6134,0.419596,0,0,1.88519,0.223927,0,0.66528,12.849,1,0.691916,0.36288,0,142.26,4.33062,137.601,0.84672,12.849,0.84672,3695.15,0,36.966,0.285273,3.38941,1.89919,12.8857,1.14712,16.7419,0.42336,36.966,0.42336,423.524,0,1.02816,0,0,4.41757,3.38941,1.028160,1,0,154.342,0,0,0,154.342,0
49.6516,2.34413,0,0,6.02184,0.234495,0.36288,3.6288,56.9011,0.423522,0,0,1.93065,0.219473,0,0.66528,12.849,1,0.646745,0.36288,0,136.839,4.20785,132.347,0.84672,12.849,0.84672,3695.15,0,36.966,0.281513,3.23894,1.89937,11.4953,1.15013,15.202,0.42336,36.966,0.42336,423.524,0,1.02816,0,0,4.2671,3.23894,1.028160,1,0,147.549,0,0,0,147.549,0
51.4205,2.45066,0,0,4.79021,0.207767,0.36288,3.6288,57.4581,0.461455,0,0,1.20176,0.183258,0,0.66528,12.849,1,0.63419,0.36288,0,73.5057,3.47119,69.7632,0.84672,12.849,0.84672,3695.15,0,36.966,0.299786,2.21123,1.89956,8.58851,1.16818,11.2313,0.42336,36.966,0.42336,423.524,0,1.02816,0,0,3.23939,2.21123,1.028160,1,0,80.9945,0,0,0,80.9945,0
51.8967,2.46834,0,0,3.51911,0.211667,0.36288,3.6288,57.8126,0.463319,0,0,1.00168,0.183921,0,0.66528,12.849,1,0.61679,0.36288,0,66.9108,3.47119,63.1856,0.84672,12.849,0.84672,3695.15,0,36.966,0.298079,1.68689,1.96059,6.96539,1.16818,9.14662,0.42336,36.966,0.42336,423.524,0,1.02816,0,0,2.71505,1.68689,1.028160,1,0,72.3323,0,0,0,72.3323,0
53.2757,2.47309,0,0,4.42768,0.212718,0.36288,3.6288,59.1881,0.46453,0,0,2.02434,0.184344,0,0.66528,12.849,1,0.612307,0.36288,0,116.959,3.47119,113.238,0.84672,12.849,0.84672,3695.15,0,36.966,0.297025,2.78127,1.96076,19.67,1.16818,22.9468,0.42336,36.966,0.42336,423.524,0,1.02816,0,0,3.80943,2.78127,1.028160,1,0,136.185,0,0,0,136.185,0
55.6332,2.48608,0,0,5.46362,0.257226,0.36288,3.6288,60.3392,0.468875,0,0,1.86632,0.246339,0,0.66528,12.849,1,0.59959,0.36288,0,112.418,3.91755,108.263,0.84672,12.849,0.84672,3695.15,0,36.966,0.292837,4.39544,1.96094,12.2838,1.32397,17.0234,0.42336,36.966,0.42336,423.524,0,1.02816,0,0,5.4236,4.39544,1.028160,1,0,125.287,0,0,0,125.287,0
56.3973,2.75146,0,0,4.09414,0.215639,0.36288,3.6288,61.2908,0.602949,0,0,1.74969,0.195069,0,0.66528,12.849,1,0.635475,0.36288,0,83.9462,3.6327,80.0409,0.84672,12.849,0.84672,3695.15,0,36.966,0.369389,2.9252,1.96111,8.11789,1.04269,11.5921,0.42336,36.966,0.42336,423.524,0,1.02816,0,0,3.95336,2.9252,1.028160,1,0,91.6331,0,0,0,91.6331,0
58.6874,2.75871,0,0,5.60972,0.198025,0.36288,3.6288,61.308,0.606636,0,0,1.35824,0.174886,0.559548,0.66528,12.849,1,0.628517,0.36288,0,139.804,3.51876,136.019,0.84672,12.849,0.84672,3695.15,0,36.966,0.365877,3.66005,2.1803,9.70989,0.930171,14.2542,0.42336,36.966,0.42336,423.524,0,1.02816,0,0,4.68821,3.66005,1.028160,1,0,150.833,0,0,0,150.833,0
60.4167,2.77908,0,0,5.1171,0.245885,0.36288,3.6288,61.308,0.60681,0,0,1.31318,0.159153,0.547213,0.66528,12.849,1,0.60845,0.36288,0,119.381,3.6312,115.505,0.84672,12.849,0.84672,3695.15,0,36.966,0.365879,4.07595,2.18049,8.31082,0.882949,13.3184,0.42336,36.966,0.42336,423.524,0,1.02816,0,0,5.10411,4.07595,1.028160,1,0,129.37,0,0,0,129.37,0
65.2211,2.79368,0,0,8.24527,0.284272,0.36288,3.6288,61.308,0.606919,0,0,1.1467,0.196533,0.343249,0.66528,12.849,1,0.594141,0.36288,0,173.855,3.53986,170.084,0.84672,12.849,0.84672,3695.15,0,36.966,0.365945,3.39477,2.18068,9.61693,0.935034,13.8914,0.42336,36.966,0.42336,423.524,0,1.02816,0,0,4.42293,3.39477,1.028160,1,0,184.318,0,0,0,184.318,0
70.3648,2.47171,0,0,8.22586,0.247606,0.36288,3.6288,61.308,0.43076,0,0,4.85777,0.212031,4.21498,0.66528,12.849,1,0.486944,0.36288,0,270.74,4.36831,266.247,0.84672,12.849,0.84672,3695.15,0,36.966,0.259729,9.40015,2.18087,18.8697,0.991024,29.1999,0.42336,36.966,0.42336,423.524,0,1.02816,0,0,10.4283,9.40015,1.028160,1,0,299.662,0,0,0,299.662,0
72.29,2.50203,0,0,5.81621,0.288985,1.1,3.6288,61.308,0.430854,0,0,2.48802,0.133983,1.92318,0.66528,12.849,1,0.456884,1.1,0,173.403,3.50161,170.545,0.84672,12.849,0.84672,3695.15,0,36.966,0.259786,4.69259,1.88228,12.8774,0.765512,18.427,0.42336,36.966,0.42336,423.524,0,1.02816,0,0,5.72075,4.69259,1.028160,1,0,190.895,0,0,0,190.895,0
72.29,2.51258,0,0,6.13232,0.301926,3.31781,3.6288,61.308,0.430948,0,0,2.83939,0.119942,2.2885,0.66528,12.849,1,0.446592,3.31781,0,179.437,3.30194,179.007,0.84672,12.849,0.84672,3695.15,0,36.966,0.259842,4.79185,1.88244,14.079,0.724194,19.7692,0.42336,36.966,0.42336,423.524,0,1.02816,0,0,5.82001,4.79185,1.028160,1,0,201.064,0,0,0,201.064,0
72.29,2.5128,0,0,7.01024,0.301926,4.19551,3.6288,61.308,0.431042,0,0,3.72492,0.119942,3.17394,0.66528,12.849,1,0.446631,4.19551,0,220.79,3.30194,221.237,0.84672,12.849,0.84672,3695.15,0,36.966,0.259899,5.45345,1.88261,17.6846,0.724194,24.0366,0.42336,36.966,0.42336,423.524,0,1.02816,0,0,6.48161,5.45345,1.028160,1,0,248.447,0,0,0,248.447,0
72.29,2.51302,0,0,6.90336,0.294519,4.09582,3.6288,61.308,0.431136,0,0,3.60974,0.128309,3.0503,0.66528,12.849,1,0.446671,4.09582,0,221.275,3.40455,221.519,0.84672,12.849,0.84672,3695.15,0,36.966,0.259956,7.29677,1.88278,17.0167,0.745181,25.1911,0.42336,36.966,0.42336,423.524,0,1.02816,0,0,8.32493,7.29677,1.028160,1,0,249.761,0,0,0,249.761,0
72.29,2.60507,0,0,5.2265,0.315651,2.30578,3.6288,61.308,0.474371,0,0,2.16897,0.170283,1.52431,0.66528,12.849,1,0.463032,2.30578,0,201.671,3.96627,199.548,0.84672,12.849,0.84672,3695.15,0,36.966,0.286025,4.66415,1.88294,10.7359,0.841487,16.1555,0.42336,36.966,0.42336,423.524,0,1.02816,0,0,5.69231,4.66415,1.028160,1,0,217.228,0,0,0,217.228,0
72.29,2.6053,0,0,7.34228,0.315651,4.42133,3.6288,61.308,0.474469,0,0,3.01609,0.170283,2.37134,0.66528,12.849,1,0.463072,4.42133,0,204.263,3.96627,204.255,0.84672,12.849,0.84672,3695.15,0,36.966,0.286084,8.25326,1.9568,18.3814,0.841487,27.4639,0.42336,36.966,0.42336,423.524,0,1.02816,0,0,9.28142,8.25326,1.028160,1,0,234.091,0,0,0,234.091,0
72.29,2.60553,0,0,5.81851,0.297796,2.91519,3.6288,61.308,0.474567,0,0,2.99534,0.179798,2.34098,0.66528,12.849,1,0.463113,2.91519,0,243.475,4.08261,241.845,0.84672,12.849,0.84672,3695.15,0,36.966,0.286143,6.77316,1.95697,13.3785,0.864388,20.9581,0.42336,36.966,0.42336,423.524,0,1.02816,0,0,7.80132,6.77316,1.028160,1,0,265.144,0,0,0,265.144,0
72.29,2.60576,0,0,4.82083,0.231994,1.98308,3.6288,61.308,0.474664,0,0,1.93338,0.223699,1.23502,0.66528,12.849,1,0.463153,1.98308,0,212.468,4.33269,209.655,0.84672,12.849,0.84672,3695.15,0,36.966,0.286202,4.74682,1.95714,10.287,0.979942,15.7249,0.42336,36.966,0.42336,423.524,0,1.02816,0,0,5.77498,4.74682,1.028160,1,0,226.615,0,0,0,226.615,0
72.29,2.57007,0,0,3.90538,0.217277,1.11804,3.6288,61.308,0.458001,0,0,1.38393,0.224577,0.701352,0.66528,12.849,1,0.45681,1.11804,0,110.669,4.36768,106.962,0.84672,12.849,0.84672,3695.15,0,36.966,0.276154,2.51588,1.95732,7.32905,1.15115,10.3749,0.42336,36.966,0.42336,423.524,0,1.02816,0,0,3.54404,2.51588,1.028160,1,0,118.039,0,0,0,118.039,0
72.2544,2.57029,0,0,3.11487,0.217277,0.36288,3.6288,61.308,0.458097,0,0,1.03669,0.224577,0.354014,0.66528,12.849,1,0.45685,0.36288,0,90.2742,4.36768,85.8125,0.84672,12.849,0.84672,3695.15,0,36.966,0.276212,1.4659,1.9288,6.40343,1.15115,8.37077,0.42336,36.966,0.42336,423.524,0,1.02816,0,0,2.49406,1.4659,1.028160,1,0,94.5373,0,0,0,94.5373,0
72.2691,2.57033,0,0,3.16511,0.217218,0.36288,3.6288,61.308,0.458194,0,0,1.00733,0.224577,0.324559,0.66528,12.849,1,0.457081,0.36288,0,83.478,4.36768,79.0161,0.84672,12.849,0.84672,3695.15,0,36.966,0.27627,1.39129,1.92897,6.45596,1.15115,8.3488,0.42336,36.966,0.42336,423.524,0,1.02816,0,0,2.41945,1.39129,1.028160,1,0,87.6894,0,0,0,87.6894,0
71.8595,2.57063,0,0,2.67124,0.147364,0.36288,3.6288,61.308,0.45829,0,0,0.886395,0.25904,0.169065,0.66528,12.849,1,0.457042,0.36288,0,76.7457,4.25654,72.395,0.84672,12.849,0.84672,3695.15,0,36.966,0.276329,1.80852,1.92914,5.43812,1.08973,7.80971,0.42336,36.966,0.42336,423.524,0,1.02816,0,0,2.83668,1.80852,1.028160,1,0,80.3737,0,0,0,80.3737,0
71.2023,2.6905,0,0,2.54913,0.152898,0.36288,3.6288,61.308,0.517848,0,0,0.802043,0.27108,0.0131154,0.66528,12.849,1,0.48108,0.36288,0,66.191,4.58799,61.4848,0.84672,12.849,0.84672,3695.15,0,36.966,0.312239,1.28392,1.92931,5.24516,1.17362,6.97254,0.42336,36.966,0.42336,423.524,0,1.02816,0,0,2.31208,1.28392,1.028160,1,0,68.4704,0,0,0,68.4704,0
70.5292,2.68697,0,0,2.54996,0.173249,0.36288,3.6288,61.2605,0.517949,0,0,0.765521,0.295117,0,0.66528,12.849,1,0.484884,0.36288,0,66.6714,4.8546,61.6948,0.84672,12.849,0.84672,3695.15,0,36.966,0.3123,0.998896,2.03003,5.1497,1.3047,6.56163,0.42336,36.966,0.42336,423.524,0,1.02816,0,0,2.02706,0.998896,1.028160,1,0,68.2565,0,0,0,68.2565,0
69.7467,2.68329,0,0,2.37718,0.113447,0.36288,3.6288,61.1865,0.5179,0,0,0.729795,0.285838,0,0.66528,12.849,1,0.488842,0.36288,0,64.3049,4.99789,59.1811,0.84672,12.849,0.84672,3695.15,0,36.966,0.312513,0.767768,2.03021,4.90633,1.27846,6.11333,0.42336,36.966,0.42336,423.524,0,1.02816,0,0,1.79593,0.767768,1.028160,1,0,65.2944,0,0,0,65.2944,0
68.8114,2.67889,0,0,2.21924,0.112764,0.36288,3.6288,61.0812,0.517766,0,0,0.698121,0.285704,0,0.66528,12.849,1,0.493516,0.36288,0,58.9766,4.99789,53.8481,0.84672,12.849,0.84672,3695.15,0,36.966,0.31281,0.741424,2.03039,4.49805,1.27846,5.67859,0.42336,36.966,0.42336,423.524,0,1.02816,0,0,1.76958,0.741424,1.028160,1,0,59.5267,0,0,0,59.5267,0
67.7256,2.67348,0,0,2.05901,0.108492,0.36288,3.6288,60.9477,0.517531,0,0,0.661256,0.277197,0,0.66528,12.849,1,0.499212,0.36288,0,49.6756,5.08132,44.4579,0.84672,12.849,0.84672,3695.15,0,36.966,0.313207,0.734823,2.03057,3.95382,1.26453,5.14147,0.42336,36.966,0.42336,423.524,0,1.02816,0,0,1.76298,0.734823,1.028160,1,0,49.5994,0,0,0,49.5994,0
66.4328,2.6431,0,0,1.79582,0.0826668,0.36288,3.6288,60.646,0.549828,0,0,0.527818,0.279711,0,0.66528,12.849,1,0.501452,0.36288,0,44.5103,5.31522,39.0565,0.84672,12.849,0.84672,3695.15,0,36.966,0.333482,0.330731,2.03075,3.22115,1.3078,3.94134,0.42336,36.966,0.42336,423.524,0,1.02816,0,0,1.35889,0.330731,1.028160,1,0,42.9979,0,0,0,42.9979,0
65.0696,2.63515,0,0,1.70459,0.0696972,0.36288,3.6288,60.3103,0.548902,0,0,0.509989,0.296787,0,0.66528,12.849,1,0.509674,0.36288,0,41.579,5.33421,36.098,0.84672,12.849,0.84672,3695.15,0,36.966,0.334576,0.284265,2.06609,3.24538,1.36639,3.89477,0.42336,36.966,0.42336,423.524,0,1.02816,0,0,1.31242,0.284265,1.028160,1,0,39.9928,0,0,0,39.9928,0
63.6112,2.62646,0,0,1.59989,0.0689428,0.36288,3.6288,59.8992,0.563701,0,0,0.448816,0.296154,0,0.66528,12.849,1,0.518636,0.36288,0,37.9912,5.33421,32.5012,0.84672,12.849,0.84672,3695.15,0,36.966,0.34551,0.261274,2.06627,3.07994,1.36639,3.69559,0.42336,36.966,0.42336,423.524,0,1.00259,0,0,1.26387,0.261274,1.028160,1,0,36.1968,0,0,0,36.1968,0
62.0619,2.6168,0,0,1.49842,0.0681357,0.36288,3.6288,59.4169,0.60545,0,0,0.418464,0.29538,0,0.66528,12.849,1,0.528574,0.36288,0,36.3555,5.33421,30.8556,0.84672,12.849,0.84672,3695.15,0,36.966,0.373645,0.261274,2.06645,2.91519,1.36639,3.50288,0.42336,36.966,0.42336,423.524,0,0.932878,0,0,1.19415,0.261274,1.028160,1,0,34.3585,0,0,0,34.3585,0
60.2826,2.66692,0,0,1.30804,0.0574968,0.36288,3.6288,59.0121,0.595975,0,0,0.493728,0.302522,0,0.66528,12.849,1,0.552146,0.36288,0,28.9721,5.61672,23.1661,0.84672,12.849,0.84672,3695.15,0,36.966,0.370784,0.261274,2.06663,2.71629,1.44655,3.22686,0.42336,36.966,0.42336,423.524,0,0.992105,0,0,1.25338,0.261274,1.028160,1,0,26.393,0,0,0,26.393,0
58.4875,2.65372,0,0,1.27651,0.0550471,0.36288,3.6288,58.6043,0.572349,0,0,0.467663,0.303077,0,0.66528,12.849,1,0.565629,0.36288,0,36.5754,5.66381,30.7088,0.84672,12.849,0.84672,3695.15,0,36.966,0.358527,0.371814,2.11667,2.96581,1.45991,3.63586,0.42336,36.966,0.42336,423.524,0,1.02816,0,0,1.39997,0.371814,1.028160,1,0,34.3447,0,0,0,34.3447,0
56.626,2.63971,0,0,1.19527,0.0541046,0.36288,3.6288,58.166,0.570924,0,0,0.434909,0.302284,0,0.66528,12.849,1,0.579914,0.36288,0,29.3665,5.66381,23.4857,0.84672,12.849,0.84672,3695.15,0,36.966,0.360123,0.345859,2.11686,2.67345,1.45991,3.31613,0.42336,36.966,0.42336,423.524,0,1.02816,0,0,1.37402,0.345859,1.028160,1,0,26.8018,0,0,0,26.8018,0
54.6739,2.62441,0,0,1.08824,0.0531274,0.36288,3.6288,57.6513,0.626217,0,0,0.41289,0.301432,0,0.66528,12.849,1,0.595503,0.36288,0,26.7636,5.66381,20.8672,0.84672,12.849,0.84672,3695.15,0,36.966,0.397977,0.227405,2.11704,2.49373,1.45991,2.98029,0.42336,36.966,0.42336,423.524,0,0.935185,0,0,1.16259,0.227405,1.028160,1,0,23.8475,0,0,0,23.8475,0
52.5583,2.78156,0,0,1.06225,0.0334306,0.36288,3.6288,57.1687,0.66528,0,0,0.485837,0.30309,0,0.66528,12.849,1,0.653698,0.36288,0,25.7353,5.93643,19.508,0.84672,12.849,0.84672,3695.15,0,36.966,0.42336,0.579649,2.11723,3.31584,1.50271,4.08665,0.42336,36.966,0.42336,423.524,0,1.02816,0,0,1.60781,0.579649,1.028160,1,0,23.5947,0,0,0,23.5947,0
50.0933,2.76065,0,0,0.686223,0.0276077,0.36288,3.6288,56.5999,0.66528,0,0,0.390383,0.293907,0,0.66528,12.849,1,0.674902,0.36288,0,20.9542,5.95098,14.6912,0.84672,12.849,0.84672,3695.15,0,36.966,0.42336,0.310375,2.27921,2.49603,1.49007,3.17218,0.42336,36.966,0.42336,423.524,0,1.02816,0,0,1.33853,0.310375,1.028160,1,0,17.8633,0,0,0,17.8633,0
47.6696,2.73446,0,0,0.700548,0.026907,0.36288,3.6288,56.0157,0.66528,0,0,0.373869,0.292822,0,0.66528,12.849,1,0.701393,0.36288,0,19.3324,5.95098,13.0429,0.84672,12.849,0.84672,3695.15,0,36.966,0.42336,0.255882,2.27926,2.55887,1.49007,3.18058,0.42336,36.966,0.42336,423.524,0,1.02816,0,0,1.28404,0.255882,1.028160,1,0,16.2235,0,0,0,16.2235,0
45.6139,2.70661,0,0,1.044,0.0302821,0.36288,3.6288,55.5024,0.66528,0,0,0.442624,0.29067,0,0.66528,12.849,1,0.729547,0.36288,0,24.8857,5.9213,18.5977,0.84672,12.849,0.84672,3695.15,0,36.966,0.42336,0.518772,2.27932,2.80446,1.48643,3.69276,0.42336,36.966,0.42336,423.524,0,1.02816,0,0,1.54693,0.518772,1.028160,1,0,22.2905,0,0,0,22.2905,0
44.0214,2.68119,0,0,1.49029,0.0386839,0.36288,3.6288,55.1547,0.66528,0,0,0.592538,0.274919,0,0.66528,12.849,1,0.755267,0.36288,0,39.0779,5.81235,32.8732,0.84672,12.849,0.84672,3695.15,0,36.966,0.42336,0.656649,2.27938,4.00855,1.44264,5.07857,0.42336,36.966,0.42336,423.524,0,1.02816,0,0,1.68481,0.656649,1.028160,1,0,37.9518,0,0,0,37.9518,0
43.453,2.57911,0,0,2.35098,-0.0226637,0.36288,3.6288,55.3149,0.597877,0,0,0.99354,0.235525,0,0.66528,12.849,1,0.752792,0.36288,0,63.2307,5.69268,57.1481,0.84672,12.849,0.84672,3695.15,0,36.966,0.400711,1.15436,2.27943,6.96781,1.31821,8.68268,0.42336,36.966,0.42336,423.524,0,1.02816,0,0,2.18252,1.15436,1.028160,1,0,65.8308,0,0,0,65.8308,0
42.0309,2.57173,0,0,1.48999,-0.0225168,0.36288,3.6288,55.3336,0.598679,0,0,0.853226,0.235773,0,0.66528,12.849,1,0.760458,0.36288,0,69.2118,5.69268,63.1216,0.84672,12.849,0.84672,3695.15,0,36.966,0.400087,1.22923,2.19026,6.59108,1.31821,8.29227,0.42336,36.966,0.42336,423.524,0,1.02816,0,0,2.25739,1.22923,1.028160,1,0,71.4139,0,0,0,71.4139,0
40.4635,2.55225,0,0,1.3256,-0.0221491,0.36288,3.6288,55.167,0.598867,0,0,0.66801,0.235802,0,0.66528,12.849,1,0.780232,0.36288,0,65.067,5.69268,58.9569,0.84672,12.849,0.84672,3695.15,0,36.966,0.400077,0.85142,2.19046,6.13784,1.31821,7.46142,0.42336,36.966,0.42336,423.524,0,1.02816,0,0,1.87958,0.85142,1.028160,1,0,66.4184,0,0,0,66.4184,0
39.4021,2.52954,0,0,1.92599,0.0949815,0.36288,3.6288,55.3747,0.598249,0,0,1.02654,0.22055,0,0.66528,12.849,1,0.803242,0.36288,0,74.2046,4.60989,69.1544,0.84672,12.849,0.84672,3695.15,0,36.966,0.400872,1.7541,2.19065,7.74146,1.15526,10.1301,0.42336,36.966,0.42336,423.524,0,1.02816,0,0,2.78226,1.7541,1.028160,1,0,79.2845,0,0,0,79.2845,0
40.0453,2.44851,0,0,3.56475,0.110161,0.36288,3.6288,56.1301,0.543318,0,0,1.49374,0.194988,0,0.66528,12.849,1,0.798457,0.36288,0,87.734,4.31097,82.9875,0.84672,12.849,0.84672,3695.15,0,36.966,0.362698,2.73664,2.19084,11.4828,1.0718,14.9758,0.42336,36.966,0.42336,423.524,0,1.02816,0,0,3.7648,2.73664,1.028160,1,0,97.9633,0,0,0,97.9633,0
42.4311,2.45844,0,0,5.34317,0.136045,0.36288,3.6288,57.2856,0.546363,0,0,1.85677,0.154995,0,0.66528,12.849,1,0.788817,0.36288,0,115.188,3.82095,110.941,0.84672,12.849,0.84672,3695.15,0,36.966,0.359822,2.66233,2.10283,14.377,0.871374,17.9109,0.42336,36.966,0.42336,423.524,0,1.02816,0,0,3.69049,2.66233,1.028160,1,0,128.852,0,0,0,128.852,0
44.2515,2.4927,0,0,4.81583,0.139924,0.36288,3.6288,58.3857,0.550877,0,0,1.80723,0.156166,0,0.66528,12.849,1,0.754839,0.36288,0,189.623,3.82095,185.41,0.84672,12.849,0.84672,3695.15,0,36.966,0.355477,2.74082,2.10301,15.5006,0.871374,19.1176,0.42336,36.966,0.42336,423.524,0,1.02816,0,0,3.76898,2.74082,1.028160,1,0,204.528,0,0,0,204.528,0
45.7039,2.51698,0,0,4.47516,0.142883,0.36288,3.6288,59.3743,0.555082,0,0,1.70094,0.15728,0,0.66528,12.849,1,0.730839,0.36288,0,126.784,3.82095,122.595,0.84672,12.849,0.84672,3695.15,0,36.966,0.351442,2.77283,2.10319,13.6139,0.871374,17.2671,0.42336,36.966,0.42336,423.524,0,1.02816,0,0,3.80099,2.77283,1.028160,1,0,139.862,0,0,0,139.862,0
49.332,2.34439,0,0,6.4975,0.162078,0.36288,3.6288,61.308,0.439016,0,0,2.96843,0.175257,0.420472,0.66528,12.849,1,0.659093,0.36288,0,279.337,3.8601,275.181,0.84672,12.849,0.84672,3695.15,0,36.966,0.273328,4.04133,2.10338,17.765,0.905003,22.7313,0.42336,36.966,0.42336,423.524,0,1.02816,0,0,5.06949,4.04133,1.028160,1,0,298.333,0,0,0,298.333,0
52.8247,2.38306,0,0,6.43061,0.192017,0.36288,3.6288,61.308,0.444489,0,0,2.88903,0.200341,2.2442,0.66528,12.849,1,0.62069,0.36288,0,233.417,3.9123,229.247,0.84672,12.849,0.84672,3695.15,0,36.966,0.268007,4.02997,1.90757,13.2926,0.949842,18.0123,0.42336,36.966,0.42336,423.524,0,1.02816,0,0,5.05813,4.02997,1.028160,1,0,249.504,0,0,0,249.504,0
58.0043,2.41628,0,0,8.15789,0.199163,0.36288,3.6288,61.308,0.444584,0,0,3.69439,0.200341,3.04947,0.66528,12.849,1,0.587732,0.36288,0,222.778,3.9123,218.641,0.84672,12.849,0.84672,3695.15,0,36.966,0.268065,5.49735,1.90773,15.9762,0.949842,22.1634,0.42336,36.966,0.42336,423.524,0,1.02816,0,0,6.52551,5.49735,1.028160,1,0,243.854,0,0,0,243.854,0
63.3755,2.45946,0,0,8.40335,0.209755,0.36288,3.6288,61.308,0.444679,0,0,5.45985,0.200341,4.81483,0.66528,12.849,1,0.544815,0.36288,0,260.2,3.9123,256.105,0.84672,12.849,0.84672,3695.15,0,36.966,0.268122,8.22796,1.9079,20.8434,0.949842,29.7613,0.42336,36.966,0.42336,423.524,0,1.02816,0,0,9.25612,8.22796,1.028160,1,0,290.682,0,0,0,290.682,0
68.2898,2.49807,0,0,8.00021,0.224975,0.36288,3.6288,61.308,0.444775,0,0,5.20665,0.200562,4.56132,0.66528,12.849,1,0.506469,0.36288,0,280.638,3.9263,276.568,0.84672,12.849,0.84672,3695.15,0,36.966,0.268179,6.99676,1.90807,18.8514,0.963605,26.5245,0.42336,36.966,0.42336,423.524,0,1.02816,0,0,8.02492,6.99676,1.028160,1,0,307.653,0,0,0,307.653,0
67.8048,2.60818,0,0,2.70564,0.219535,0.36288,3.6288,61.308,0.479988,0,0,1.10792,0.177669,0.450267,0.66528,12.849,1,0.49074,0.36288,0,53.6475,3.95629,49.5633,0.84672,12.849,0.84672,3695.15,0,36.966,0.289412,1.27807,1.90824,6.22782,1.01339,8.11133,0.42336,36.966,0.42336,423.524,0,1.02816,0,0,2.30623,1.27807,1.028160,1,0,58.1249,0,0,0,58.1249,0
66.7767,2.60543,0,0,2.15892,0.218702,0.36288,3.6288,61.308,0.480077,0,0,1.14706,0.177669,0.489318,0.66528,12.849,1,0.493729,0.36288,0,54.8375,3.95629,50.7503,0.84672,12.849,0.84672,3695.15,0,36.966,0.289465,1.13217,1.96953,6.07431,1.01339,7.87315,0.42336,36.966,0.42336,423.524,0,1.02816,0,0,2.16033,1.13217,1.028160,1,0,59.1128,0,0,0,59.1128,0
66.9505,2.59926,0,0,3.36624,0.230321,0.36288,3.6288,61.308,0.480165,0,0,2.35481,0.195148,1.67949,0.66528,12.849,1,0.500143,0.36288,0,108.232,4.08383,104.01,0.84672,12.849,0.84672,3695.15,0,36.966,0.289518,2.70467,1.96969,16.6126,1.05791,19.9395,0.42336,36.966,0.42336,423.524,0,1.02816,0,0,3.73283,2.70467,1.028160,1,0,125.629,0,0,0,125.629,0
66.7291,2.60056,0,0,3.00621,0.264146,0.36288,3.6288,61.308,0.480253,0,0,1.42887,0.238845,0.709768,0.66528,12.849,1,0.499094,0.36288,0,70.3967,4.40265,65.8579,0.84672,12.849,0.84672,3695.15,0,36.966,0.289571,2.69903,1.96984,7.67188,1.16919,10.882,0.42336,36.966,0.42336,423.524,0,1.02816,0,0,3.72719,2.69903,1.028160,1,0,77.4496,0,0,0,77.4496,0
65.4058,2.85291,0,0,2.16062,0.268205,0.36288,3.6288,61.308,0.612236,0,0,1.15954,0.220885,0.326418,0.66528,12.849,1,0.549341,0.36288,0,42.2018,4.11945,37.8959,0.84672,12.849,0.84672,3695.15,0,36.966,0.369151,0.922622,1.97,5.10912,1.08771,6.54488,0.42336,36.966,0.42336,423.524,0,1.02816,0,0,1.95078,0.922622,1.028160,1,0,44.7672,0,0,0,44.7672,0
64.0347,2.84385,0,0,2.1044,0.268748,0.36288,3.6288,61.308,0.612335,0,0,0.977504,0.207416,0.157752,0.66528,12.849,1,0.558675,0.36288,0,41.9018,3.90705,37.799,0.84672,12.849,0.84672,3695.15,0,36.966,0.369211,1.40923,2.19016,6.15924,1.0266,8.36282,0.42336,36.966,0.42336,423.524,0,1.02816,0,0,2.43739,1.40923,1.028160,1,0,46.3196,0,0,0,46.3196,0
63.1439,2.83411,0,0,2.57201,0.265798,0.36288,3.6288,61.308,0.612434,0,0,1.06406,0.207416,0.244209,0.66528,12.849,1,0.568683,0.36288,0,52.6969,3.90705,48.5841,0.84672,12.849,0.84672,3695.15,0,36.966,0.36927,1.41988,2.19033,6.31831,1.0266,8.53266,0.42336,36.966,0.42336,423.524,0,1.02816,0,0,2.44804,1.41988,1.028160,1,0,57.3609,0,0,0,57.3609,0
62.4446,2.82766,0,0,2.7439,0.25266,0.36288,3.6288,61.308,0.612533,0,0,1.13053,0.211535,0.306458,0.66528,12.849,1,0.575394,0.36288,0,56.4833,3.88206,52.3887,0.84672,12.849,0.84672,3695.15,0,36.966,0.36933,1.24264,2.1905,6.18665,1.00986,8.24061,0.42336,36.966,0.42336,423.524,0,1.02816,0,0,2.2708,1.24264,1.028160,1,0,60.9358,0,0,0,60.9358,0
62.8347,2.46477,0,0,3.48172,0.26396,0.36288,3.6288,61.308,0.435571,0,0,1.1868,0.221277,0.52995,0.66528,12.849,1,0.507166,0.36288,0,75.4452,4.17412,71.1268,0.84672,12.849,0.84672,3695.15,0,36.966,0.26263,1.46558,2.19068,7.76319,1.09058,10.0662,0.42336,36.966,0.42336,423.524,0,1.02816,0,0,2.49374,1.46558,1.028160,1,0,81.7229,0,0,0,81.7229,0
64.2086,2.46757,0,0,4.47626,0.271921,0.36288,3.6288,61.308,0.435656,0,0,1.38065,0.217554,0.727444,0.66528,12.849,1,0.504591,0.36288,0,100.829,4.0402,96.6469,0.84672,12.849,0.84672,3695.15,0,36.966,0.262681,2.6743,1.89073,9.47704,1.03878,12.7406,0.42336,36.966,0.42336,423.524,0,1.02816,0,0,3.70246,2.6743,1.028160,1,0,110.115,0,0,0,110.115,0
65.9954,2.47677,0,0,4.89259,0.266171,0.36288,3.6288,61.308,0.435741,0,0,1.44507,0.205941,0.803384,0.66528,12.849,1,0.495634,0.36288,0,110.786,3.86799,106.786,0.84672,12.849,0.84672,3695.15,0,36.966,0.262733,2.26298,1.89088,9.3909,0.93156,12.3505,0.42336,36.966,0.42336,423.524,0,1.02816,0,0,3.29114,2.26298,1.028160,1,0,119.94,0,0,0,119.94,0
67.2858,2.48819,0,0,4.4112,0.269757,0.36288,3.6288,61.308,0.435826,0,0,1.38579,0.174594,0.775366,0.66528,12.849,1,0.48444,0.36288,0,98.8718,3.60465,95.1456,0.84672,12.849,0.84672,3695.15,0,36.966,0.262784,2.40538,1.89103,9.41155,0.804481,12.6407,0.42336,36.966,0.42336,423.524,0,1.02816,0,0,3.43354,2.40538,1.028160,1,0,108.562,0,0,0,108.562,0
69.2732,2.49619,0,0,5.12539,0.27888,0.36288,3.6288,61.308,0.435911,0,0,1.22681,0.170079,0.620821,0.66528,12.849,1,0.476677,0.36288,0,117.391,3.57464,113.702,0.84672,12.849,0.84672,3695.15,0,36.966,0.262835,2.02101,1.89117,9.41561,0.811084,12.2539,0.42336,36.966,0.42336,423.524,0,1.02816,0,0,3.04917,2.02101,1.028160,1,0,126.577,0,0,0,126.577,0
71.7993,2.59956,0,0,5.81049,0.321941,0.36288,3.6288,61.308,0.479328,0,0,1.70167,0.142983,1.07936,0.66528,12.849,1,0.482174,0.36288,0,118.514,3.39455,115,0.84672,12.849,0.84672,3695.15,0,36.966,0.289014,3.16575,1.89132,10.6544,0.850698,14.5718,0.42336,36.966,0.42336,423.524,0,1.02816,0,0,4.19391,3.16575,1.028160,1,0,130.651,0,0,0,130.651,0
72.29,2.61415,0,0,5.04883,0.328256,1.61574,3.6288,61.308,0.479417,0,0,2.12903,0.142983,1.50663,0.66528,12.849,1,0.467822,1.61574,0,130.702,3.39455,128.455,0.84672,12.849,0.84672,3695.15,0,36.966,0.289067,4.61169,1.96549,15.4274,0.850698,20.8648,0.42336,36.966,0.42336,423.524,0,1.02816,0,0,5.63985,4.61169,1.028160,1,0,150.826,0,0,0,150.826,0
72.29,2.61706,0,0,3.93746,0.329483,0.990924,3.6288,61.308,0.479505,0,0,1.68578,0.142983,1.06329,0.66528,12.849,1,0.465162,0.990924,0,149.806,3.39455,146.938,0.84672,12.849,0.84672,3695.15,0,36.966,0.28912,4.67249,1.96565,10.585,0.850698,16.0833,0.42336,36.966,0.42336,423.524,0,1.02816,0,0,5.70065,4.67249,1.028160,1,0,164.084,0,0,0,164.084,0
72.1461,2.61726,0,0,3.1272,0.29096,0.36288,3.6288,61.308,0.479593,0,0,1.21766,0.107417,0.630651,0.66528,12.849,1,0.465199,0.36288,0,105.157,2.13852,102.917,0.84672,12.849,0.84672,3695.15,0,36.966,0.289173,3.23802,1.9658,8.41381,0.710628,12.6178,0.42336,36.966,0.42336,423.524,0,1.02816,0,0,4.26618,3.23802,1.028160,1,0,116.165,0,0,0,116.165,0
72.29,2.58062,0,0,3.90253,0.269168,0.908839,3.6288,61.308,0.462846,0,0,1.41912,0.199178,0.757096,0.66528,12.849,1,0.4596,0.908839,0,102.171,3.92424,98.6965,0.84672,12.849,0.84672,3695.15,0,36.966,0.279076,2.8937,1.96596,13.3024,0.979717,16.9033,0.42336,36.966,0.42336,423.524,0,1.02816,0,0,3.92186,2.8937,1.028160,1,0,116.357,0,0,0,116.357,0
72.2747,2.5816,0,0,3.20267,0.273498,0.36288,3.6288,61.308,0.462933,0,0,1.05968,0.206248,0.390497,0.66528,12.849,1,0.458859,0.36288,0,70.3996,4.11569,66.1879,0.84672,12.849,0.84672,3695.15,0,36.966,0.279128,1.99811,1.9373,7.15107,0.994863,9.81249,0.42336,36.966,0.42336,423.524,0,1.02816,0,0,3.02627,1.99811,1.028160,1,0,76.3909,0,0,0,76.3909,0
71.8449,2.58172,0,0,2.78828,0.273467,0.36288,3.6288,61.308,0.46302,0,0,1.01789,0.206248,0.348619,0.66528,12.849,1,0.458978,0.36288,0,62.5294,4.11569,58.3176,0.84672,12.849,0.84672,3695.15,0,36.966,0.279181,1.6675,1.93745,6.68935,0.994863,9.02026,0.42336,36.966,0.42336,423.524,0,1.02816,0,0,2.69566,1.6675,1.028160,1,0,67.6865,0,0,0,67.6865,0
71.1282,2.57959,0,0,2.49839,0.272575,0.36288,3.6288,61.308,0.463107,0,0,0.899424,0.206248,0.230069,0.66528,12.849,1,0.461344,0.36288,0,53.6677,4.11569,49.4536,0.84672,12.849,0.84672,3695.15,0,36.966,0.279233,1.33589,1.93761,5.82757,0.994863,7.82697,0.42336,36.966,0.42336,423.524,0,1.02816,0,0,2.36405,1.33589,1.028160,1,0,57.5106,0,0,0,57.5106,0
70.1486,2.69805,0,0,2.30722,0.225944,0.36288,3.6288,61.308,0.522915,0,0,0.828239,0.200837,0.104487,0.66528,12.849,1,0.48739,0.36288,0,51.033,4.18145,46.7271,0.84672,12.849,0.84672,3695.15,0,36.966,0.315295,1.16063,1.93776,5.57592,0.981487,7.37753,0.42336,36.966,0.42336,423.524,0,1.02816,0,0,2.18879,1.16063,1.028160,1,0,54.2091,0,0,0,54.2091,0
69.1255,2.69251,0,0,2.21663,0.184346,0.36288,3.6288,61.308,0.523007,0,0,0.798051,0.220169,0.0548755,0.66528,12.849,1,0.493182,0.36288,0,49.275,4.8196,44.325,0.84672,12.849,0.84672,3695.15,0,36.966,0.31535,1.0625,2.03891,5.75368,1.10327,7.43647,0.42336,36.966,0.42336,423.524,0,1.02816,0,0,2.09066,1.0625,1.028160,1,0,51.8164,0,0,0,51.8164,0
68.0156,2.68656,0,0,2.12247,0.182891,0.36288,3.6288,61.308,0.523098,0,0,0.811296,0.220169,0.0680289,0.66528,12.849,1,0.499377,0.36288,0,47.0133,4.8196,42.0572,0.84672,12.849,0.84672,3695.15,0,36.966,0.315405,1.31581,2.03907,5.47811,1.10327,7.41432,0.42336,36.966,0.42336,423.524,0,1.02816,0,0,2.34397,1.31581,1.028160,1,0,49.5395,0,0,0,49.5395,0
66.718,2.67992,0,0,1.95509,0.209859,0.36288,3.6288,61.308,0.52319,0,0,0.760294,0.212268,0.0248362,0.66528,12.849,1,0.506271,0.36288,0,43.9487,4.31192,39.4933,0.84672,12.849,0.84672,3695.15,0,36.966,0.31546,1.20013,2.03923,5.01629,1.12286,6.81733,0.42336,36.966,0.42336,423.524,0,1.02816,0,0,2.22829,1.20013,1.028160,1,0,46.3355,0,0,0,46.3355,0
65.3344,2.67188,0,0,1.79705,0.145962,0.36288,3.6288,61.2864,0.523282,0,0,0.737539,0.235838,0,0.66528,12.849,1,0.514567,0.36288,0,39.7424,4.45848,35.1323,0.84672,12.849,0.84672,3695.15,0,36.966,0.315516,1.08768,2.03939,4.69908,1.17468,6.33596,0.42336,36.966,0.42336,423.524,0,1.02816,0,0,2.11584,1.08768,1.028160,1,0,41.4682,0,0,0,41.4682,0
63.56,2.63913,0,0,1.34589,0.118229,0.36288,3.6288,61.0055,0.599785,0,0,0.558686,0.239846,0,0.66528,12.849,1,0.519025,0.36288,0,28.5835,4.72364,23.7037,0.84672,12.849,0.84672,3695.15,0,36.966,0.361771,0.30119,2.03955,2.91568,1.13278,3.76187,0.42336,36.966,0.42336,423.524,0,0.958185,0,0,1.25938,0.30119,1.028160,1,0,27.4655,0,0,0,27.4655,0
61.6788,2.62728,0,0,1.22552,0.116548,0.36288,3.6288,60.7214,0.597711,0,0,0.553037,0.23942,0,0.66528,12.849,1,0.531119,0.36288,0,28.3624,4.72364,23.4706,0.84672,12.849,0.84672,3695.15,0,36.966,0.362181,0.30119,2.07503,2.80619,1.13278,3.68745,0.42336,36.966,0.42336,423.524,0,0.959999,0,0,1.26119,0.30119,1.028160,1,0,27.158,0,0,0,27.158,0
59.6959,2.61408,0,0,1.10881,0.114767,0.36288,3.6288,60.3264,0.669195,0,0,0.513241,0.238989,0,0.66528,12.849,1,0.544568,0.36288,0,25.4696,4.72364,20.5643,0.84672,12.849,0.84672,3695.15,0,36.966,0.407393,0.261274,2.07519,2.69139,1.13278,3.48769,0.42336,36.966,0.42336,423.524,0,0.843454,0,0,1.10473,0.261274,1.028160,1,0,24.052,0,0,0,24.052,0
57.703,2.5994,0,0,1.05639,0.0869926,0.36288,3.6288,59.844,0.664282,0,0,0.485618,0.303796,0,0.66528,12.849,1,0.559497,0.36288,0,23.0736,5.57054,17.3065,0.84672,12.849,0.84672,3695.15,0,36.966,0.407049,0.261274,2.07536,2.54992,1.44191,3.03759,0.42336,36.966,0.42336,423.524,0,0.848863,0,0,1.11014,0.261274,1.028160,1,0,20.3441,0,0,0,20.3441,0
55.5904,2.6441,0,0,0.969814,0.0754826,0.36288,3.6288,59.0846,0.879537,0,0,0.444022,0.323882,0,0.66528,12.849,1,0.588774,0.36288,0,19.286,5.82134,13.2388,0.84672,12.849,0.84672,3695.15,0,36.966,0.42336,0.261274,2.07552,2.20327,1.47783,2.63887,0.42336,36.966,0.42336,423.524,0,0.664373,0,0,0.925646,0.261274,1.028160,1,0,15.8777,0,0,0,15.8777,0
53.5392,2.62613,0,0,1.0096,0.071719,0.36288,3.6288,58.4765,0.744648,0,0,0.462899,0.326353,0,0.66528,12.849,1,0.606997,0.36288,0,25.6018,5.86519,19.4925,0.84672,12.849,0.84672,3695.15,0,36.966,0.42336,0.261274,2.12575,2.36956,1.47159,2.86164,0.42336,36.966,0.42336,423.524,0,0.799416,0,0,1.06069,0.261274,1.028160,1,0,22.3541,0,0,0,22.3541,0
51.4401,2.60758,0,0,0.941596,0.0702502,0.36288,3.6288,57.8029,0.758463,0,0,0.410005,0.32508,0,0.66528,12.849,1,0.6258,0.36288,0,20.2535,5.86519,14.1253,0.84672,12.849,0.84672,3695.15,0,36.966,0.42336,0.261274,2.12592,2.16286,1.47159,2.6551,0.42336,36.966,0.42336,423.524,0,0.785756,0,0,1.04703,0.261274,1.028160,1,0,16.7804,0,0,0,16.7804,0
49.2776,2.58736,0,0,0.856483,0.0687471,0.36288,3.6288,56.9758,0.888624,0,0,0.385122,0.323671,0,0.66528,12.849,1,0.646284,0.36288,0,18.6237,5.86519,12.4751,0.84672,12.849,0.84672,3695.15,0,36.966,0.42336,0.227405,2.12609,1.97948,1.47159,2.43802,0.42336,36.966,0.42336,423.524,0,0.65575,0,0,0.883155,0.227405,1.028160,1,0,14.9131,0,0,0,14.9131,0
47.1085,2.73637,0,0,0.984372,0.054246,0.36288,3.6288,56.3428,0.771526,0,0,0.463146,0.324611,0,0.66528,12.849,1,0.713501,0.36288,0,19.0654,5.98023,12.7345,0.84672,12.849,0.84672,3695.15,0,36.966,0.42336,0.227405,2.12626,2.87819,1.49283,3.31566,0.42336,36.966,0.42336,423.524,0,0.921914,0,0,1.14932,0.227405,1.028160,1,0,16.0502,0,0,0,16.0502,0
44.8829,2.71077,0,0,0.898016,0.0500088,0.36288,3.6288,55.2668,1.16575,0,0,0.367872,0.278068,0,0.66528,12.849,1,0.739372,0.36288,0,16.9181,5.68284,10.8587,0.84672,12.849,0.84672,3695.15,0,36.966,0.42336,0.227405,2.28195,2.21184,1.45489,2.84294,0.42336,36.966,0.42336,423.524,0,0.527688,0,0,0.755093,0.227405,1.028160,1,0,13.7017,0,0,0,13.7017,0
42.7865,2.68248,0,0,0.995803,0.0467943,0.36288,3.6288,54.4451,0.989159,0,0,0.439277,0.271893,0,0.66528,12.849,1,0.767936,0.36288,0,20.283,5.7162,14.1617,0.84672,12.849,0.84672,3695.15,0,36.966,0.42336,0.227405,2.282,2.21266,1.46586,2.83284,0.42336,36.966,0.42336,423.524,0,0.704281,0,0,0.931686,0.227405,1.028160,1,0,16.9946,0,0,0,16.9946,0
40.5138,2.65375,0,0,0.789566,0.0456862,0.36288,3.6288,53.3062,1.19813,0,0,0.329713,0.270424,0,0.66528,12.849,1,0.796935,0.36288,0,22.2715,5.7162,16.1212,0.84672,12.849,0.84672,3695.15,0,36.966,0.42336,0.204422,2.28205,1.7766,1.46586,2.37385,0.42336,36.966,0.42336,423.524,0,0.495314,0,0,0.699736,0.204422,1.028160,1,0,18.4951,0,0,0,18.4951,0
38.446,2.62002,0,0,0.959662,0.0444848,0.36288,3.6288,52.8304,0.737721,0,0,0.530086,0.268204,0,0.66528,12.849,1,0.830942,0.36288,0,19.4139,5.7162,13.2296,0.84672,12.849,0.84672,3695.15,0,36.966,0.42336,0.204422,2.2821,2.55985,1.46586,3.15715,0.42336,36.966,0.42336,423.524,0,0.955719,0,0,1.16014,0.204422,1.028160,1,0,16.3868,0,0,0,16.3868,0
37.2141,2.5078,0,0,1.69103,0.0522918,0.36288,3.6288,52.8054,0.592525,0,0,0.805732,0.238189,0,0.66528,12.849,1,0.838129,0.36288,0,69.8577,5.56342,63.819,0.84672,12.849,0.84672,3695.15,0,36.966,0.414596,0.84151,2.28215,3.03991,1.36033,4.38865,0.42336,36.966,0.42336,423.524,0,1.02816,0,0,1.86967,0.84151,1.028160,1,0,68.2077,0,0,0,68.2077,0
36.1858,2.48737,0,0,1.87352,0.0515417,0.36288,3.6288,53.0687,0.592504,0,0,1.09393,0.238142,0,0.66528,12.849,1,0.858821,0.36288,0,69.5833,5.56342,63.5239,0.84672,12.849,0.84672,3695.15,0,36.966,0.414778,1.20074,2.19949,3.78429,1.36033,5.40941,0.42336,36.966,0.42336,423.524,0,1.02816,0,0,2.2289,1.20074,1.028160,1,0,68.9333,0,0,0,68.9333,0
34.74,2.46956,0,0,1.4375,0.0509156,0.36288,3.6288,52.9916,0.593811,0,0,0.755412,0.238644,0,0.66528,12.849,1,0.876899,0.36288,0,52.2996,5.56342,46.2221,0.84672,12.849,0.84672,3695.15,0,36.966,0.41363,0.795675,2.19966,3.72816,1.36033,4.94953,0.42336,36.966,0.42336,423.524,0,1.02816,0,0,1.82383,0.795675,1.028160,1,0,51.1717,0,0,0,51.1717,0
33.6297,2.44311,0,0,1.76877,0.0730158,0.36288,3.6288,52.9071,0.593551,0,0,0.72455,0.215542,0,0.66528,12.849,1,0.903613,0.36288,0,45.6077,5.2893,39.7777,0.84672,12.849,0.84672,3695.15,0,36.966,0.41405,0.762981,2.19983,4.30167,1.15788,5.69255,0.42336,36.966,0.42336,423.524,0,1.02816,0,0,1.79114,0.762981,1.028160,1,0,45.4702,0,0,0,45.4702,0
35.2878,2.35915,0,0,4.46726,0.0871439,0.36288,3.6288,53.5253,0.538112,0,0,1.38383,0.227488,0,0.66528,12.849,1,0.901368,0.36288,0,73.5969,4.77467,68.2837,0.84672,12.849,0.84672,3695.15,0,36.966,0.375977,1.47938,2.2,7.74954,1.13393,9.91902,0.42336,36.966,0.42336,423.524,0,1.02816,0,0,2.50754,1.47938,1.028160,1,0,78.2028,0,0,0,78.2028,0
37.6243,2.39039,0,0,5.22143,0.131723,0.36288,3.6288,54.251,0.540771,0,0,1.47757,0.211156,0,0.66528,12.849,1,0.870389,0.36288,0,84.1666,3.88132,79.7777,0.84672,12.849,0.84672,3695.15,0,36.966,0.373471,1.18418,2.1116,5.23779,1.0582,7.10191,0.42336,36.966,0.42336,423.524,0,1.02816,0,0,2.21234,1.18418,1.028160,1,0,86.8796,0,0,0,86.8796,0
40.6555,2.43087,0,0,5.96048,0.135443,0.36288,3.6288,55.2825,0.543833,0,0,1.78766,0.21226,0,0.66528,12.849,1,0.830163,0.36288,0,141.509,3.88132,137.16,0.84672,12.849,0.84672,3695.15,0,36.966,0.370562,1.61016,2.11177,6.23153,1.0582,8.5247,0.42336,36.966,0.42336,423.524,0,1.02816,0,0,2.63832,1.61016,1.028160,1,0,145.685,0,0,0,145.685,0
42.8665,2.4781,0,0,5.2248,0.172848,0.36288,3.6288,56.069,0.548069,0,0,1.57092,0.236332,0,0.66528,12.849,1,0.783192,0.36288,0,124.244,4.18696,119.637,0.84672,12.849,0.84672,3695.15,0,36.966,0.366479,1.2069,2.11194,5.49536,1.12811,7.31961,0.42336,36.966,0.42336,423.524,0,1.02816,0,0,2.23506,1.2069,1.028160,1,0,126.956,0,0,0,126.956,0
44.7466,2.32039,0,0,4.74206,0.17872,0.36288,3.6288,56.7082,0.433646,0,0,1.32151,0.248739,0,0.66528,12.849,1,0.695525,0.36288,0,103.992,4.30434,99.3549,0.84672,12.849,0.84672,3695.15,0,36.966,0.285901,0.885885,2.1121,4.43972,1.10314,6.04867,0.42336,36.966,0.42336,423.524,0,1.02816,0,0,1.91405,0.885885,1.028160,1,0,105.404,0,0,0,105.404,0
45.5299,2.34328,0,0,3.67992,0.19039,0.36288,3.6288,57.135,0.43568,0,0,1.075,0.212497,0,0.66528,12.849,1,0.672874,0.36288,0,73.542,4.34674,68.8852,0.84672,12.849,0.84672,3695.15,0,36.966,0.284004,0.634548,1.91546,3.19713,1.00959,4.45355,0.42336,36.966,0.42336,423.524,0,1.02816,0,0,1.66271,0.634548,1.028160,1,0,73.3388,0,0,0,73.3388,0
46.1783,2.35249,0,0,3.56893,0.205204,0.36288,3.6288,57.6812,0.437052,0,0,1.15111,0.16784,0,0.66528,12.849,1,0.663897,0.36288,0,94.5622,4.14992,90.1113,0.84672,12.849,0.84672,3695.15,0,36.966,0.28277,0.62583,1.91561,3.59782,0.970192,4.8863,0.42336,36.966,0.42336,423.524,0,1.02816,0,0,1.65399,0.62583,1.028160,1,0,94.9976,0,0,0,94.9976,0
49.6009,2.35997,0,0,6.35216,0.206696,0.36288,3.6288,59.9693,0.438768,0,0,2.89529,0.168435,0,0.66528,12.849,1,0.656656,0.36288,0,129.658,4.14992,125.214,0.84672,12.849,0.84672,3695.15,0,36.966,0.281192,2.66551,1.91576,6.68404,0.970192,10.0139,0.42336,36.966,0.42336,423.524,0,1.02816,0,0,3.69367,2.66551,1.028160,1,0,135.228,0,0,0,135.228,0
51.0914,2.39615,0,0,4.4587,0.209173,0.36288,3.6288,60.7685,0.44549,0,0,1.43598,0.191279,0,0.66528,12.849,1,0.620717,0.36288,0,140.567,4.3257,135.983,0.84672,12.849,0.84672,3695.15,0,36.966,0.274607,1.21602,1.91591,5.04576,1.00551,6.89757,0.42336,36.966,0.42336,423.524,0,1.02816,0,0,2.24418,1.21602,1.028160,1,0,142.881,0,0,0,142.881,0
51.2181,2.48632,0,0,3.20265,0.226721,0.36288,3.6288,61.1515,0.482966,0,0,1.05023,0.184263,0,0.66528,12.849,1,0.625286,0.36288,0,84.3696,3.79437,80.3128,0.84672,12.849,0.84672,3695.15,0,36.966,0.293793,0.926502,1.91606,4.71971,0.96489,6.3036,0.42336,36.966,0.42336,423.524,0,1.02816,0,0,1.95466,0.926502,1.028160,1,0,86.6164,0,0,0,86.6164,0
52.1926,2.48773,0,0,4.05172,0.226638,0.36288,3.6288,61.308,0.484192,0,0,1.87622,0.163774,1.07176,0.66528,12.849,1,0.624092,0.36288,0,87.5137,3.38373,83.8688,0.84672,12.849,0.84672,3695.15,0,36.966,0.292693,2.05275,1.9776,5.83483,0.861294,8.71119,0.42336,36.966,0.42336,423.524,0,1.02816,0,0,3.08091,2.05275,1.028160,1,0,93.6517,0,0,0,93.6517,0
52.3527,2.49726,0,0,3.24914,0.228943,0.36288,3.6288,61.308,0.484737,0,0,1.47354,0.163936,0.824871,0.66528,12.849,1,0.614785,0.36288,0,101.399,3.38373,97.7634,0.84672,12.849,0.84672,3695.15,0,36.966,0.292275,1.36282,1.97773,5.41129,0.861294,7.59828,0.42336,36.966,0.42336,423.524,0,1.02816,0,0,2.39098,1.36282,1.028160,1,0,106.187,0,0,0,106.187,0
51.5559,2.49894,0,0,2.30109,0.236083,0.36288,3.6288,61.308,0.484815,0,0,1.296,0.165024,0.646161,0.66528,12.849,1,0.613319,0.36288,0,76.3379,3.33989,72.7475,0.84672,12.849,0.84672,3695.15,0,36.966,0.292322,1.06131,1.97787,4.56761,0.883162,6.4313,0.42336,36.966,0.42336,423.524,0,1.02816,0,0,2.08947,1.06131,1.028160,1,0,79.825,0,0,0,79.825,0
51.4125,2.73454,0,0,3.22898,0.274907,0.36288,3.6288,61.308,0.617324,0,0,1.53317,0.183417,0.732427,0.66528,12.849,1,0.681516,0.36288,0,85.2137,3.44667,81.4484,0.84672,12.849,0.84672,3695.15,0,36.966,0.372219,1.31682,1.97801,4.97498,1.08591,6.81168,0.42336,36.966,0.42336,423.524,0,1.02816,0,0,2.34498,1.31682,1.028160,1,0,88.9925,0,0,0,88.9925,0
51.5181,2.73321,0,0,3.47685,0.275203,0.36288,3.6288,61.308,0.617412,0,0,1.23638,0.199237,0.419735,0.66528,12.849,1,0.683084,0.36288,0,95.3545,3.93981,91.0945,0.84672,12.849,0.84672,3695.15,0,36.966,0.372272,1.47082,2.19905,5.48808,1.1813,7.60438,0.42336,36.966,0.42336,423.524,0,1.02816,0,0,2.49898,1.47082,1.028160,1,0,99.1186,0,0,0,99.1186,0
49.9994,2.73453,0,0,1.84423,0.265462,0.36288,3.6288,61.229,0.670468,0,0,0.79485,0.203357,0,0.66528,12.849,1,0.682012,0.36288,0,48.4872,3.91482,44.2532,0.84672,12.849,0.84672,3695.15,0,36.966,0.404262,0.503194,2.1992,3.10533,1.16457,4.23889,0.42336,36.966,0.42336,423.524,0,0.943255,0,0,1.44645,0.503194,1.028160,1,0,48.4921,0,0,0,48.4921,0
49.0282,2.71824,0,0,2.34643,0.236554,0.36288,3.6288,61.308,0.617288,0,0,0.970497,0.213549,0.0606846,0.66528,12.849,1,0.69854,0.36288,0,60.2241,3.85234,56.0361,0.84672,12.849,0.84672,3695.15,0,36.966,0.372677,0.771777,2.19935,4.51384,1.12273,5.98957,0.42336,36.966,0.42336,423.524,0,1.02816,0,0,1.79994,0.771777,1.028160,1,0,62.0863,0,0,0,62.0863,0
48.3707,2.36427,0,0,2.31063,0.240926,0.36288,3.6288,61.308,0.46114,0,0,1.00455,0.214881,0.328529,0.66528,12.849,1,0.619614,0.36288,0,53.7818,4.00332,49.5218,0.84672,12.849,0.84672,3695.15,0,36.966,0.278047,0.608429,2.19951,2.90953,1.07831,4.3611,0.42336,36.966,0.42336,423.524,0,0.994118,0,0,1.60255,0.608429,1.028160,1,0,54.2114,0,0,0,54.2114,0
48.7516,2.35778,0,0,3.34979,0.248237,0.36288,3.6288,61.308,0.439979,0,0,0.761212,0.216516,0.104717,0.66528,12.849,1,0.626312,0.36288,0,88.5151,4.20462,84.047,0.84672,12.849,0.84672,3695.15,0,36.966,0.265288,0.667639,1.89833,4.3002,1.0191,5.58178,0.42336,36.966,0.42336,423.524,0,1.02816,0,0,1.6958,0.667639,1.028160,1,0,89.7335,0,0,0,89.7335,0
49.1452,2.36182,0,0,3.36754,0.249265,0.36288,3.6288,61.308,0.440055,0,0,1.21142,0.216516,0.554846,0.66528,12.849,1,0.622483,0.36288,0,85.8466,4.20462,81.3824,0.84672,12.849,0.84672,3695.15,0,36.966,0.265333,0.740197,1.89846,4.00524,1.0191,5.35947,0.42336,36.966,0.42336,423.524,0,1.02816,0,0,1.76836,0.740197,1.028160,1,0,87.2967,0,0,0,87.2967,0
49.0319,2.36594,0,0,2.86584,0.250326,0.36288,3.6288,61.1325,0.568968,0,0,0.609943,0.216516,0,0.66528,12.849,1,0.618574,0.36288,0,53.1512,4.20462,48.6909,0.84672,12.849,0.84672,3695.15,0,36.966,0.343063,0.558835,1.8986,3.98839,1.0191,5.08366,0.42336,36.966,0.42336,423.524,0,0.821638,0,0,1.38047,0.558835,1.028160,1,0,53.7746,0,0,0,53.7746,0
50.2121,2.36497,0,0,4.15453,0.24647,0.36288,3.6288,61.308,0.439731,0,0,0.981179,0.183964,0.181943,0.66528,12.849,1,0.61975,0.36288,0,94.3168,4.15782,89.9021,0.84672,12.849,0.84672,3695.15,0,36.966,0.265899,1.27439,1.89873,8.38198,0.892687,10.3965,0.42336,36.966,0.42336,423.524,0,1.02816,0,0,2.30255,1.27439,1.028160,1,0,100.481,0,0,0,100.481,0
50.9122,2.46358,0,0,3.7921,0.265531,0.36288,3.6288,61.2786,0.544904,0,0,0.732318,0.216826,0,0.66528,12.849,1,0.630416,0.36288,0,72.4965,4.72437,67.5046,0.84672,12.849,0.84672,3695.15,0,36.966,0.328553,0.558835,1.89886,3.8315,1.03206,4.92859,0.42336,36.966,0.42336,423.524,0,0.930191,0,0,1.48903,0.558835,1.028160,1,0,72.4332,0,0,0,72.4332,0
53.689,2.47067,0,0,5.87789,0.267492,0.36288,3.6288,61.308,0.483777,0,0,1.27742,0.216786,0.547448,0.66528,12.849,1,0.623537,0.36288,0,114.801,4.72437,109.816,0.84672,12.849,0.84672,3695.15,0,36.966,0.291836,1.58003,1.97331,7.11368,1.03206,9.34312,0.42336,36.966,0.42336,423.524,0,1.02816,0,0,2.60819,1.58003,1.028160,1,0,119.707,0,0,0,119.707,0
54.7828,2.49687,0,0,4.19421,0.240728,0.36288,3.6288,61.308,0.483943,0,0,0.837415,0.239736,0.113735,0.66528,12.849,1,0.597557,0.36288,0,97.6596,4.67756,92.7474,0.84672,12.849,0.84672,3695.15,0,36.966,0.291796,0.793238,1.97345,4.54974,1.093,5.93163,0.42336,36.966,0.42336,423.524,0,1.02816,0,0,1.8214,0.793238,1.028160,1,0,98.7928,0,0,0,98.7928,0
55.2049,2.50671,0,0,3.50649,0.214776,0.36288,3.6288,61.162,0.555731,0,0,0.668909,0.259182,0,0.66528,12.849,1,0.587934,0.36288,0,86.0916,4.47941,81.3871,0.84672,12.849,0.84672,3695.15,0,36.966,0.335081,0.528595,1.97359,3.58177,1.14753,4.60134,0.42336,36.966,0.42336,423.524,0,0.913213,0,0,1.44181,0.528595,1.028160,1,0,85.9884,0,0,0,85.9884,0
55.3068,2.47593,0,0,3.15179,0.211123,0.36288,3.6288,61.308,0.46678,0,0,0.867551,0.225831,0.0289362,0.66528,12.849,1,0.576275,0.36288,0,69.8155,3.69453,65.9076,0.84672,12.849,0.84672,3695.15,0,36.966,0.282119,0.69482,1.97373,3.40203,1.03212,4.75634,0.42336,36.966,0.42336,423.524,0,1.02816,0,0,1.72298,0.69482,1.028160,1,0,70.6929,0,0,0,70.6929,0
55.095,2.47696,0,0,2.8376,0.209511,0.36288,3.6288,61.308,0.467277,0,0,0.940913,0.212783,0.260854,0.66528,12.849,1,0.575454,0.36288,0,60.4221,3.38058,56.829,0.84672,12.849,0.84672,3695.15,0,36.966,0.281747,0.719885,1.94494,3.27136,0.985951,4.66849,0.42336,36.966,0.42336,423.524,0,1.02816,0,0,1.74804,0.719885,1.028160,1,0,61.7583,0,0,0,61.7583,0
55.2616,2.47534,0,0,3.20859,0.203812,0.36288,3.6288,61.308,0.467354,0,0,0.829656,0.21575,0.146552,0.66528,12.849,1,0.577287,0.36288,0,64.0011,3.6145,60.1722,0.84672,12.849,0.84672,3695.15,0,36.966,0.281794,0.553072,1.94507,4.16424,0.995173,5.38542,0.42336,36.966,0.42336,423.524,0,1.02816,0,0,1.58123,0.553072,1.028160,1,0,65.7042,0,0,0,65.7042,0
54.9702,2.47693,0,0,2.72102,0.172574,0.36288,3.6288,61.308,0.467431,0,0,0.814182,0.233553,0.113197,0.66528,12.849,1,0.575916,0.36288,0,53.4749,5.01806,48.2439,0.84672,12.849,0.84672,3695.15,0,36.966,0.28184,0.605724,1.94521,3.32815,1.05051,4.54674,0.42336,36.966,0.42336,423.524,0,1.02816,0,0,1.63388,0.605724,1.028160,1,0,52.9038,0,0,0,52.9038,0
54.3081,2.59201,0,0,2.41776,0.125023,0.36288,3.6288,61.308,0.527463,0,0,0.792703,0.250177,0.015063,0.66528,12.849,1,0.605869,0.36288,0,40.9858,5.24751,35.4953,0.84672,12.849,0.84672,3695.15,0,36.966,0.318037,0.406089,1.94535,3.08137,1.16513,3.94963,0.42336,36.966,0.42336,423.524,0,1.02816,0,0,1.43425,0.406089,1.028160,1,0,39.46,0,0,0,39.46,0
53.4436,2.58622,0,0,2.2757,0.191012,0.36288,3.6288,61.308,0.527545,0,0,0.928135,0.194615,0.205975,0.66528,12.849,1,0.611886,0.36288,0,48.9849,4.48381,44.2521,0.84672,12.849,0.84672,3695.15,0,36.966,0.318086,0.666179,2.04687,3.30578,0.92346,4.77728,0.42336,36.966,0.42336,423.524,0,1.02816,0,0,1.69434,0.666179,1.028160,1,0,49.2353,0,0,0,49.2353,0
52.6577,2.57842,0,0,2.2505,0.0951638,0.36288,3.6288,61.308,0.527626,0,0,0.889332,0.234041,0.127665,0.66528,12.849,1,0.619908,0.36288,0,50.1962,5.01281,44.9263,0.84672,12.849,0.84672,3695.15,0,36.966,0.318135,0.702968,2.04702,3.41231,1.02989,4.81427,0.42336,36.966,0.42336,423.524,0,1.02816,0,0,1.73113,0.702968,1.028160,1,0,49.8683,0,0,0,49.8683,0
51.628,2.57116,0,0,1.99874,0.0944007,0.36288,3.6288,61.2712,0.527708,0,0,0.724939,0.234041,0,0.66528,12.849,1,0.62739,0.36288,0,44.8912,5.01281,39.6139,0.84672,12.849,0.84672,3695.15,0,36.966,0.318185,0.44388,2.04716,2.92651,1.02989,4.06948,0.42336,36.966,0.42336,423.524,0,1.02816,0,0,1.47204,0.44388,1.028160,1,0,43.6834,0,0,0,43.6834,0
50.5353,2.56132,0,0,1.92493,0.0934009,0.36288,3.6288,61.0931,0.527671,0,0,0.583575,0.233986,0,0.66528,12.849,1,0.637453,0.36288,0,41.3681,5.01281,36.0808,0.84672,12.849,0.84672,3695.15,0,36.966,0.318353,0.333893,2.0473,2.8135,1.02989,3.84646,0.42336,36.966,0.42336,423.524,0,1.02816,0,0,1.36205,0.333893,1.028160,1,0,39.9272,0,0,0,39.9272,0
49.3347,2.52767,0,0,1.8025,0.112558,0.36288,3.6288,60.9481,0.560094,0,0,0.664356,0.249234,0,0.66528,12.849,1,0.64268,0.36288,0,32.8558,4.86937,27.7067,0.84672,12.849,0.84672,3695.15,0,36.966,0.338899,0.376315,2.04744,3.89809,1.10452,4.87843,0.42336,36.966,0.42336,423.524,0,1.02816,0,0,1.40448,0.376315,1.028160,1,0,32.5851,0,0,0,32.5851,0
47.9816,2.51544,0,0,1.63638,0.111135,0.36288,3.6288,60.7281,0.598667,0,0,0.627601,0.249005,0,0.66528,12.849,1,0.655134,0.36288,0,31.8794,4.86937,26.7178,0.84672,12.849,0.84672,3695.15,0,36.966,0.363101,0.30119,2.08304,3.66415,1.10452,4.58076,0.42336,36.966,0.42336,423.524,0,0.96552,0,0,1.26671,0.30119,1.028160,1,0,31.2986,0,0,0,31.2986,0
46.5142,2.50104,0,0,1.49834,0.101882,0.36288,3.6288,60.4494,0.60543,0,0,0.59733,0.270516,0,0.66528,12.849,1,0.669753,0.36288,0,28.1136,5.15167,22.6551,0.84672,12.849,0.84672,3695.15,0,36.966,0.368534,0.261274,2.08319,3.55844,1.20757,4.32681,0.42336,36.966,0.42336,423.524,0,0.953459,0,0,1.21473,0.261274,1.028160,1,0,26.9819,0,0,0,26.9819,0
44.9997,2.48466,0,0,1.41457,0.0814645,0.36288,3.6288,60.0647,0.617643,0,0,0.55744,0.324585,0,0.66528,12.849,1,0.686357,0.36288,0,25.0049,5.85742,18.8239,0.84672,12.849,0.84672,3695.15,0,36.966,0.377701,0.261274,2.08333,3.3943,1.46518,3.89603,0.42336,36.966,0.42336,423.524,0,0.932213,0,0,1.19349,0.261274,1.028160,1,0,22.72,0,0,0,22.72,0
43.2193,2.52443,0,0,1.18539,0.078553,0.36288,3.6288,59.4401,0.760582,0,0,0.470124,0.334088,0,0.66528,12.849,1,0.720813,0.36288,0,21.351,6.15628,14.8368,0.84672,12.849,0.84672,3695.15,0,36.966,0.42336,0.261274,2.08348,3.11686,1.53034,3.50791,0.42336,36.966,0.42336,423.524,0,0.790854,0,0,1.05213,0.261274,1.028160,1,0,18.3447,0,0,0,18.3447,0
41.5506,2.50172,0,0,1.27181,0.0758411,0.36288,3.6288,59.0095,0.652078,0,0,0.561946,0.34045,0,0.66528,12.849,1,0.743755,0.36288,0,25.7956,6.38043,19.0343,0.84672,12.849,0.84672,3695.15,0,36.966,0.40553,0.261274,2.13389,3.53982,1.57921,3.95024,0.42336,36.966,0.42336,423.524,0,0.917326,0,0,1.1786,0.261274,1.028160,1,0,22.9845,0,0,0,22.9845,0
39.7919,2.47908,0,0,1.15762,0.0743842,0.36288,3.6288,58.4988,0.634683,0,0,0.46349,0.339513,0,0.66528,12.849,1,0.766622,0.36288,0,20.777,6.38043,13.9928,0.84672,12.849,0.84672,3695.15,0,36.966,0.397592,0.261274,2.13404,3.28929,1.57921,3.7078,0.42336,36.966,0.42336,423.524,0,0.942797,0,0,1.20407,0.261274,1.028160,1,0,17.7006,0,0,0,17.7006,0
37.9554,2.45363,0,0,1.05286,0.0728493,0.36288,3.6288,57.8292,0.762862,0,0,0.431645,0.3384,0,0.66528,12.849,1,0.79229,0.36288,0,19.3689,6.38043,12.5591,0.84672,12.849,0.84672,3695.15,0,36.966,0.42336,0.227405,2.13418,2.93141,1.57921,3.29042,0.42336,36.966,0.42336,423.524,0,0.788988,0,0,1.01639,0.227405,1.028160,1,0,15.8495,0,0,0,15.8495,0
36.0035,2.58713,0,0,1.0627,0.0646392,0.36288,3.6288,57.2642,0.709119,0,0,0.48647,0.342387,0,0.66528,12.849,1,0.875818,0.36288,0,18.5936,6.54969,11.531,0.84672,12.849,0.84672,3695.15,0,36.966,0.42336,0.227405,2.13433,3.84953,1.58863,4.19928,0.42336,36.966,0.42336,423.524,0,0.984321,0,0,1.21173,0.227405,1.028160,1,0,15.7303,0,0,0,15.7303,0
33.5531,2.55231,0,0,0.536767,0.0719631,0.36288,3.6288,56.0077,1.23643,0,0,0.31834,0.338352,0,0.66528,12.849,1,0.910875,0.36288,0,12.5726,6.5184,5.50619,0.84672,12.849,0.84672,3695.15,0,36.966,0.42336,0.227405,2.2844,2.48791,1.436,3.14035,0.42336,36.966,0.42336,423.524,0,0.457013,0,0,0.684418,0.227405,1.028160,1,0,8.64654,0,0,0,8.64654,0
31.1413,2.50439,0,0,0.525384,0.0698497,0.36288,3.6288,54.6949,1.27488,0,0,0.29764,0.335594,0,0.66528,12.849,1,0.959044,0.36288,0,11.4728,6.5184,4.35823,0.84672,12.849,0.84672,3695.15,0,36.966,0.42336,0.227405,2.28444,2.49708,1.436,3.14957,0.42336,36.966,0.42336,423.524,0,0.418565,0,0,0.64597,0.227405,1.028160,1,0,7.5078,0,0,0,7.5078,0
29.022,2.45198,0,0,0.763305,0.0677696,0.36288,3.6288,53.5671,1.13708,0,0,0.342,0.332712,0,0.66528,12.849,1,1.01169,0.36288,0,13.0669,6.5184,5.89966,0.84672,12.849,0.84672,3695.15,0,36.966,0.42336,0.204422,2.28449,2.76858,1.436,3.39813,0.42336,36.966,0.42336,423.524,0,0.556355,0,0,0.760778,0.204422,1.028160,1,0,9.29779,0,0,0,9.29779,0
27.2729,2.40094,0,0,1.10017,0.085518,0.36288,3.6288,52.6254,1.07317,0,0,0.452687,0.321207,0,0.66528,12.849,1,1.06297,0.36288,0,21.3191,6.38698,14.232,0.84672,12.849,0.84672,3695.15,0,36.966,0.42336,0.204422,2.28453,3.08225,1.40948,3.73837,0.42336,36.966,0.42336,423.524,0,0.620266,0,0,0.824688,0.204422,1.028160,1,0,17.9704,0,0,0,17.9704,0
25.8622,2.28292,0,0,1.27723,0.0420921,0.36288,3.6288,52.1652,0.757609,0,0,0.614572,0.317146,0,0.66528,12.849,1,1.07555,0.36288,0,35.366,6.08743,28.5659,0.84672,12.849,0.84672,3695.15,0,36.966,0.42336,0.204422,2.28458,4.1364,1.39523,4.80681,0.42336,36.966,0.42336,423.524,0,0.861935,0,0,1.06636,0.204422,1.028160,1,0,33.3727,0,0,0,33.3727,0
24.3837,2.24388,0,0,1.23352,0.105234,0.36288,3.6288,51.9407,0.676303,0,0,0.695848,0.24411,0,0.66528,12.849,1,1.11482,0.36288,0,33.874,4.11378,29.0083,0.84672,12.849,0.84672,3695.15,0,36.966,0.42336,0.204422,2.20772,4.24998,0.916733,5.32203,0.42336,36.966,0.42336,423.524,0,0.943384,0,0,1.14781,0.204422,1.028160,1,0,34.3303,0,0,0,34.3303,0
23.1127,2.19976,0,0,1.4168,0.125143,0.36288,3.6288,52.0602,0.592996,0,0,0.949674,0.237145,0,0.66528,12.849,1,1.15917,0.36288,0,34.2319,3.8934,29.5422,0.84672,12.849,0.84672,3695.15,0,36.966,0.422033,0.391332,2.20788,5.89372,0.89167,7.17922,0.42336,36.966,0.42336,423.524,0,1.02816,0,0,1.41949,0.391332,1.028160,1,0,36.7214,0,0,0,36.7214,0
21.8246,2.15895,0,0,1.35656,0.122868,0.36288,3.6288,52.1606,0.593646,0,0,0.931452,0.237374,0,0.66528,12.849,1,1.20022,0.36288,0,45.6421,3.8934,40.9114,0.84672,12.849,0.84672,3695.15,0,36.966,0.421526,0.352676,2.20803,5.8922,0.89167,7.13971,0.42336,36.966,0.42336,423.524,0,1.02816,0,0,1.38084,0.352676,1.028160,1,0,48.0511,0,0,0,48.0511,0
20.6937,2.05988,0,0,1.41391,0.122092,0.36288,3.6288,52.5255,0.53918,0,0,1.10574,0.201676,0,0.66528,12.849,1,1.21273,0.36288,0,56.8236,3.95289,52.0209,0.84672,12.849,0.84672,3695.15,0,36.966,0.382115,0.548182,2.20819,7.14971,0.957962,8.566,0.42336,36.966,0.42336,423.524,0,1.02816,0,0,1.57634,0.548182,1.028160,1,0,60.5869,0,0,0,60.5869,0
19.7461,2.01914,0,0,1.55645,0.121969,0.36288,3.6288,53.6818,0.540818,0,0,1.85141,0.154274,0,0.66528,12.849,1,1.25371,0.36288,0,38.2336,4.03221,33.3106,0.84672,12.849,0.84672,3695.15,0,36.966,0.380613,1.14223,2.11944,8.12929,1.04635,9.96399,0.42336,36.966,0.42336,423.524,0,1.02816,0,0,2.17039,1.14223,1.028160,1,0,43.2746,0,0,0,43.2746,0
18.2374,1.98283,0,0,0.963386,0.126373,0.36288,3.6288,54.2169,0.545754,0,0,1.23978,0.158989,0,0.66528,12.849,1,1.29025,0.36288,0,31.7933,4.0902,26.7757,0.84672,12.849,0.84672,3695.15,0,36.966,0.375813,0.73262,2.11959,8.05131,1.05989,9.46782,0.42336,36.966,0.42336,423.524,0,1.02816,0,0,1.76078,0.73262,1.028160,1,0,36.2435,0,0,0,36.2435,0
18.6373,1.92034,0,0,2.84203,0.158922,0.36288,3.6288,55.1734,0.54804,0,0,1.68396,0.179353,0,0.66528,12.849,1,1.35296,0.36288,0,91.8213,4.43814,86.393,0.84672,12.849,0.84672,3695.15,0,36.966,0.373663,0.988461,2.11973,11.6611,1.14112,13.2546,0.42336,36.966,0.42336,423.524,0,1.02816,0,0,2.01662,0.988461,1.028160,1,0,99.6476,0,0,0,99.6476,0
18.8961,1.79173,0,0,2.57193,0.158551,0.36288,3.6288,55.5175,0.434713,0,0,0.958562,0.179817,0,0.66528,12.849,1,1.23526,0.36288,0,78.494,4.34634,73.2752,0.84672,12.849,0.84672,3695.15,0,36.966,0.291256,1.03864,2.11988,9.28816,1.11615,11.0393,0.42336,36.966,0.42336,423.524,0,1.02816,0,0,2.0668,1.03864,1.028160,1,0,84.3145,0,0,0,84.3145,0
19.4652,1.80193,0,0,2.88537,0.151447,0.36288,3.6288,56.0762,0.43587,0,0,1.17081,0.176186,0,0.66528,12.849,1,1.22528,0.36288,0,71.5679,3.79554,66.9099,0.84672,12.849,0.84672,3695.15,0,36.966,0.290221,0.447163,1.9225,11.0326,0.966307,12.1457,0.42336,36.966,0.42336,423.524,0,1.02816,0,0,1.47532,0.447163,1.028160,1,0,79.0556,0,0,0,79.0556,0
19.9212,1.82364,0,0,2.79521,0.152663,0.36288,3.6288,56.3977,0.437686,0,0,0.935961,0.176832,0,0.66528,12.849,1,1.20378,0.36288,0,84.9787,3.79554,80.3423,0.84672,12.849,0.84672,3695.15,0,36.966,0.288527,0.452002,1.92263,9.72556,0.966307,10.8454,0.42336,36.966,0.42336,423.524,0,1.02816,0,0,1.48016,0.452002,1.028160,1,0,91.1876,0,0,0,91.1876,0
21.4252,1.84052,0,0,3.86097,0.153637,0.36288,3.6288,56.8039,0.438754,0,0,1.02223,0.177203,0,0.66528,12.849,1,1.18712,0.36288,0,83.4633,3.79554,78.8435,0.84672,12.849,0.84672,3695.15,0,36.966,0.287582,0.456702,1.92277,8.6273,0.966307,9.75288,0.42336,36.966,0.42336,423.524,0,1.02816,0,0,1.48486,0.456702,1.028160,1,0,88.5964,0,0,0,88.5964,0
24.4351,1.89274,0,0,5.42244,0.15685,0.36288,3.6288,57.9837,0.440074,0,0,1.79753,0.177673,0,0.66528,12.849,1,1.1351,0.36288,0,135.649,3.79554,131.081,0.84672,12.849,0.84672,3695.15,0,36.966,0.286384,0.971698,1.9229,18.5172,0.966307,20.1591,0.42336,36.966,0.42336,423.524,0,1.02816,0,0,1.99986,0.971698,1.028160,1,0,151.24,0,0,0,151.24,0
27.1975,1.98438,0,0,5.26224,0.152655,0.36288,3.6288,58.9486,0.443632,0,0,1.60706,0.198581,0,0.66528,12.849,1,1.04347,0.36288,0,139.302,4.06663,134.555,0.84672,12.849,0.84672,3695.15,0,36.966,0.282826,2.18443,1.92304,9.38321,1.03082,12.177,0.42336,36.966,0.42336,423.524,0,1.02816,0,0,3.21259,2.18443,1.028160,1,0,146.732,0,0,0,146.732,0
30.1731,2.12091,0,0,5.62081,0.161382,0.36288,3.6288,59.6492,0.481418,0,0,1.39832,0.216236,0,0.66528,12.849,1,1.00199,0.36288,0,177.847,4.47521,172.732,0.84672,12.849,0.84672,3695.15,0,36.966,0.301892,1.94047,1.92304,12.5659,1.09412,15.0334,0.42336,36.966,0.42336,423.524,0,1.02816,0,0,2.96863,1.94047,1.028160,1,0,187.766,0,0,0,187.766,0
37.8028,2.19035,0,0,10.351,0.168066,0.36288,3.6288,61.308,0.483676,0,0,3.03264,0.217208,0.673005,0.66528,12.849,1,0.932744,0.36288,0,207.884,4.47521,202.839,0.84672,12.849,0.84672,3695.15,0,36.966,0.299745,3.72396,1.98477,15.8111,1.09412,20.126,0.42336,36.966,0.42336,423.524,0,1.02816,0,0,4.75212,3.72396,1.028160,1,0,223.638,0,0,0,223.638,0
41.4852,2.33099,0,0,6.56093,0.184669,0.36288,3.6288,61.308,0.488804,0,0,2.02721,0.21951,1.3189,0.66528,12.849,1,0.792293,0.36288,0,159.782,4.47521,154.877,0.84672,12.849,0.84672,3695.15,0,36.966,0.294727,1.91606,1.98489,9.43186,1.09412,11.944,0.42336,36.966,0.42336,423.524,0,1.02816,0,0,2.94422,1.91606,1.028160,1,0,168.14,0,0,0,168.14,0
44.9742,2.38483,0,0,6.42927,0.192495,0.36288,3.6288,61.308,0.488873,0,0,2.6124,0.208193,1.91533,0.66528,12.849,1,0.738642,0.36288,0,200.812,4.28474,196.151,0.84672,12.849,0.84672,3695.15,0,36.966,0.294769,3.29721,1.98502,11.6196,1.01995,15.5871,0.42336,36.966,0.42336,423.524,0,1.02816,0,0,4.32537,3.29721,1.028160,1,0,213.654,0,0,0,213.654,0
49.6507,2.66652,0,0,7.89273,0.186842,0.36288,3.6288,61.308,0.621848,0,0,1.73193,0.252272,0.857811,0.66528,12.849,1,0.761817,0.36288,0,173.779,4.57642,168.804,0.84672,12.849,0.84672,3695.15,0,36.966,0.374947,4.08732,1.98514,12.7593,1.23896,17.2178,0.42336,36.966,0.42336,423.524,0,1.02816,0,0,5.11548,4.08732,1.028160,1,0,186.879,0,0,0,186.879,0
54.8023,2.72369,0,0,8.4348,0.196698,0.36288,3.6288,61.308,0.621925,0,0,2.57667,0.252272,1.70247,0.66528,12.849,1,0.704858,0.36288,0,245.294,4.57642,240.376,0.84672,12.849,0.84672,3695.15,0,36.966,0.374993,4.935,2.20695,14.7504,1.23896,20.2784,0.42336,36.966,0.42336,423.524,0,1.02816,0,0,5.96316,4.935,1.028160,1,0,262.356,0,0,0,262.356,0
58.5759,2.77753,0,0,7.12153,0.207453,0.36288,3.6288,61.308,0.622003,0,0,2.52894,0.252272,1.65466,0.66528,12.849,1,0.651224,0.36288,0,189.694,4.57642,184.829,0.84672,12.849,0.84672,3695.15,0,36.966,0.37504,5.16519,2.20709,13.7861,1.23896,19.5443,0.42336,36.966,0.42336,423.524,0,1.02816,0,0,6.19335,5.16519,1.028160,1,0,206.028,0,0,0,206.028,0
63.4647,2.81211,0,0,8.29431,0.230582,0.36288,3.6288,61.308,0.62208,0,0,2.66784,0.25004,1.79572,0.66528,12.849,1,0.616855,0.36288,0,192.589,4.37656,187.959,0.84672,12.849,0.84672,3695.15,0,36.966,0.375086,5.07971,2.20722,16.2759,1.19187,21.9958,0.42336,36.966,0.42336,423.524,0,1.02816,0,0,6.10787,5.07971,1.028160,1,0,211.75,0,0,0,211.75,0
67.8046,2.49032,0,0,7.4736,0.28042,0.36288,3.6288,61.308,0.443752,0,0,2.39227,0.244458,1.70406,0.66528,12.849,1,0.504188,0.36288,0,289.541,3.87691,285.523,0.84672,12.849,0.84672,3695.15,0,36.966,0.267563,4.8935,2.20736,13.4996,1.07415,19.2587,0.42336,36.966,0.42336,423.524,0,1.02816,0,0,5.92166,4.8935,1.028160,1,0,306.486,0,0,0,306.486,0
72.29,2.5176,0,0,8.29656,0.290317,1.00328,3.6288,61.308,0.443818,0,0,1.75849,0.244458,1.07021,0.66528,12.849,1,0.477086,1.00328,0,220.338,3.87691,216.987,0.84672,12.849,0.84672,3695.15,0,36.966,0.267603,6.14098,1.90509,14.123,1.07415,20.8273,0.42336,36.966,0.42336,423.524,0,1.02816,0,0,7.16914,6.14098,1.028160,1,0,238.885,0,0,0,238.885,0
72.29,2.54289,0,0,15.1793,0.300546,12.3358,3.6288,61.308,0.443884,0,0,3.80783,0.244458,3.11949,0.66528,12.849,1,0.45198,12.3358,0,240.539,3.87691,248.546,0.84672,12.849,0.84672,3695.15,0,36.966,0.267643,8.57995,1.9052,20.7136,1.07415,29.857,0.42336,36.966,0.42336,423.524,0,1.02816,0,0,9.60811,8.57995,1.028160,1,0,281.523,0,0,0,281.523,0
72.29,2.54305,0,0,9.27953,0.302143,6.43434,3.6288,61.308,0.443951,0,0,1.88209,0.17633,1.26181,0.66528,12.849,1,0.452007,6.43434,0,216.702,3.56434,219.12,0.84672,12.849,0.84672,3695.15,0,36.966,0.267683,4.6936,1.90532,13.7463,0.961498,19.1161,0.42336,36.966,0.42336,423.524,0,1.02816,0,0,5.72176,4.6936,1.028160,1,0,239.497,0,0,0,239.497,0
72.29,2.5432,0,0,9.18605,0.334704,6.30814,3.6288,61.308,0.444017,0,0,2.76223,0.146668,2.17154,0.66528,12.849,1,0.452035,6.30814,0,229.571,2.8808,232.546,0.84672,12.849,0.84672,3695.15,0,36.966,0.267723,5.75146,1.90544,17.9249,0.772952,24.5411,0.42336,36.966,0.42336,423.524,0,1.02816,0,0,6.77962,5.75146,1.028160,1,0,259.259,0,0,0,259.259,0
72.29,2.63629,0,0,8.13439,0.340397,5.1577,3.6288,61.308,0.487741,0,0,2.71641,0.13037,2.0983,0.66528,12.849,1,0.46858,5.1577,0,176.549,2.71477,178.523,0.84672,12.849,0.84672,3695.15,0,36.966,0.294086,5.64409,1.90555,14.2875,0.722754,20.8203,0.42336,36.966,0.42336,423.524,0,1.02816,0,0,6.67225,5.64409,1.028160,1,0,201.442,0,0,0,201.442,0
72.29,2.63645,0,0,7.77652,0.340397,4.79967,3.6288,61.308,0.48781,0,0,5.03743,0.13037,4.41925,0.66528,12.849,1,0.468609,4.79967,0,197.447,2.71477,199.064,0.84672,12.849,0.84672,3695.15,0,36.966,0.294128,9.70687,1.98025,17.6644,0.722754,28.3346,0.42336,36.966,0.42336,423.524,0,1.02816,0,0,10.735,9.70687,1.028160,1,0,231.817,0,0,0,231.817,0
72.29,2.63661,0,0,6.43645,0.331469,3.46837,3.6288,61.308,0.487879,0,0,1.81019,0.135128,1.18719,0.66528,12.849,1,0.468637,3.46837,0,148.783,2.77295,149.009,0.84672,12.849,0.84672,3695.15,0,36.966,0.294169,4.39629,1.98037,12.2234,0.734204,17.5716,0.42336,36.966,0.42336,423.524,0,1.02816,0,0,5.42445,4.39629,1.028160,1,0,167.768,0,0,0,167.768,0
72.29,2.63677,0,0,6.26909,0.284318,3.348,3.6288,61.308,0.487948,0,0,1.88527,0.165455,1.23186,0.66528,12.849,1,0.468666,3.348,0,127.521,3.39964,127.001,0.84672,12.849,0.84672,3695.15,0,36.966,0.294211,3.867,1.98049,11.0776,0.847294,15.7836,0.42336,36.966,0.42336,423.524,0,1.02816,0,0,4.89516,3.867,1.028160,1,0,144.016,0,0,0,144.016,0
72.29,2.60059,0,0,4.66114,0.289131,1.77142,3.6288,61.308,0.471056,0,0,1.25775,0.166791,0.619903,0.66528,12.849,1,0.462235,1.77142,0,100.95,3.60791,98.651,0.84672,12.849,0.84672,3695.15,0,36.966,0.284026,2.30672,1.98061,7.49978,0.880585,10.6225,0.42336,36.966,0.42336,423.524,0,1.02816,0,0,3.33488,2.30672,1.028160,1,0,109.893,0,0,0,109.893,0
72.29,2.60075,0,0,4.31473,0.289131,1.42485,3.6288,61.308,0.471124,0,0,1.16575,0.166791,0.527837,0.66528,12.849,1,0.462263,1.42485,0,99.4524,3.60791,96.8071,0.84672,12.849,0.84672,3695.15,0,36.966,0.284067,2.15838,1.95171,7.27289,0.880585,10.2183,0.42336,36.966,0.42336,423.524,0,1.02816,0,0,3.18654,2.15838,1.028160,1,0,107.553,0,0,0,107.553,0
72.29,2.6009,0,0,3.91043,0.289131,1.02039,3.6288,61.308,0.471192,0,0,1.01164,0.166791,0.373657,0.66528,12.849,1,0.462291,1.02039,0,89.4326,3.60791,86.3828,0.84672,12.849,0.84672,3695.15,0,36.966,0.284108,1.86081,1.95183,6.54802,0.880585,9.19597,0.42336,36.966,0.42336,423.524,0,1.02816,0,0,2.88897,1.86081,1.028160,1,0,95.9525,0,0,0,95.9525,0
72.29,2.60106,0,0,3.73226,0.253685,0.877515,3.6288,61.308,0.47126,0,0,0.948862,0.172427,0.305175,0.66528,12.849,1,0.462319,0.877515,0,81.356,3.71549,78.0557,0.84672,12.849,0.84672,3695.15,0,36.966,0.284149,1.51988,1.95194,6.11807,0.859043,8.4467,0.42336,36.966,0.42336,423.524,0,1.02816,0,0,2.54804,1.51988,1.028160,1,0,86.8076,0,0,0,86.8076,0
72.29,2.72462,0,0,3.66035,0.17848,0.757256,3.6288,61.308,0.531489,0,0,0.933664,0.165966,0.236209,0.66528,12.849,1,0.48428,0.757256,0,64.4389,3.87209,60.8397,0.84672,12.849,0.84672,3695.15,0,36.966,0.320464,1.40507,1.95206,5.05178,0.970844,7.11761,0.42336,36.966,0.42336,423.524,0,1.02816,0,0,2.43323,1.40507,1.028160,1,0,68.1936,0,0,0,68.1936,0
72.1992,2.72478,0,0,3.17537,0.17848,0.36288,3.6288,61.308,0.531561,0,0,0.863654,0.165966,0.166128,0.66528,12.849,1,0.48431,0.36288,0,59.8174,3.87209,55.8239,0.84672,12.849,0.84672,3695.15,0,36.966,0.320507,1.40982,2.05392,4.97432,0.970844,7.14672,0.42336,36.966,0.42336,423.524,0,1.02816,0,0,2.43798,1.40982,1.028160,1,0,63.1367,0,0,0,63.1367,0
71.7888,2.72443,0,0,2.85523,0.178358,0.36288,3.6288,61.308,0.531632,0,0,0.718062,0.165966,0.0204635,0.66528,12.849,1,0.484856,0.36288,0,55.61,3.87209,51.6159,0.84672,12.849,0.84672,3695.15,0,36.966,0.320551,1.07246,2.05405,4.71012,0.970844,6.54523,0.42336,36.966,0.42336,423.524,0,1.02816,0,0,2.10062,1.07246,1.028160,1,0,58.1816,0,0,0,58.1816,0
71.2061,2.72225,0,0,2.6566,0.154141,0.36288,3.6288,61.2884,0.531704,0,0,0.702778,0.190661,0,0.66528,12.849,1,0.487237,0.36288,0,52.5952,4.36116,48.1097,0.84672,12.849,0.84672,3695.15,0,36.966,0.320594,1.07682,2.05417,4.61977,1.10431,6.32587,0.42336,36.966,0.42336,423.524,0,1.02816,0,0,2.10498,1.07682,1.028160,1,0,54.4356,0,0,0,54.4356,0
70.3179,2.71904,0,0,2.31544,0.121714,0.36288,3.6288,61.2672,0.531712,0,0,0.716394,0.205871,0,0.66528,12.849,1,0.490644,0.36288,0,66.6943,4.89276,61.6738,0.84672,12.849,0.84672,3695.15,0,36.966,0.320701,1.10293,2.0543,4.04774,1.26305,5.62121,0.42336,36.966,0.42336,423.524,0,1.02816,0,0,2.13109,1.10293,1.028160,1,0,67.295,0,0,0,67.295,0
69.2598,2.68965,0,0,2.11168,0.117258,0.36288,3.6288,61.2174,0.564781,0,0,0.721673,0.206736,0,0.66528,12.849,1,0.491473,0.36288,0,63.6168,4.94876,58.5395,0.84672,12.849,0.84672,3695.15,0,36.966,0.340765,1.07714,2.05442,3.76178,1.28061,5.27197,0.42336,36.966,0.42336,423.524,0,1.02816,0,0,2.1053,1.07714,1.028160,1,0,63.8115,0,0,0,63.8115,0
68.0613,2.68348,0,0,1.96412,0.116237,0.36288,3.6288,61.171,0.564682,0,0,0.724956,0.206671,0,0.66528,12.849,1,0.497837,0.36288,0,58.8389,4.94876,53.7552,0.84672,12.849,0.84672,3695.15,0,36.966,0.340982,1.18392,2.09012,3.55939,1.28061,5.21185,0.42336,36.966,0.42336,423.524,0,1.02816,0,0,2.21208,1.18392,1.028160,1,0,58.9671,0,0,0,58.9671,0
66.8097,2.67627,0,0,1.90009,0.1126,0.36288,3.6288,61.0736,0.564594,0,0,0.694328,0.227162,0,0.66528,12.849,1,0.505242,0.36288,0,54.9647,5.20773,49.6146,0.84672,12.849,0.84672,3695.15,0,36.966,0.341188,1.10801,2.09025,3.43353,1.34275,4.94786,0.42336,36.966,0.42336,423.524,0,1.02816,0,0,2.13617,1.10801,1.028160,1,0,54.5625,0,0,0,54.5625,0
65.3019,2.6685,0,0,1.61745,0.0938436,0.36288,3.6288,60.8303,0.564329,0,0,0.594949,0.273926,0,0.66528,12.849,1,0.513212,0.36288,0,47.5763,5.7968,41.6292,0.84672,12.849,0.84672,3695.15,0,36.966,0.341571,0.671449,2.09038,3.04787,1.43402,4.03411,0.42336,36.966,0.42336,423.524,0,1.02816,0,0,1.69961,0.671449,1.028160,1,0,45.6633,0,0,0,45.6633,0
63.7045,2.72081,0,0,1.56023,0.0739136,0.36288,3.6288,60.6132,0.59295,0,0,0.675402,0.299489,0,0.66528,12.849,1,0.535355,0.36288,0,52.0521,6.12182,45.7578,0.84672,12.849,0.84672,3695.15,0,36.966,0.360331,0.561686,2.09051,2.98609,1.44526,3.83269,0.42336,36.966,0.42336,423.524,0,1.02816,0,0,1.58985,0.561686,1.028160,1,0,49.5905,0,0,0,49.5905,0
61.9951,2.7098,0,0,1.43625,0.0729676,0.36288,3.6288,60.2945,0.592224,0,0,0.57258,0.299076,0,0.66528,12.849,1,0.546559,0.36288,0,42.7547,6.12182,36.4492,0.84672,12.849,0.84672,3695.15,0,36.966,0.361178,0.658083,2.14107,2.88727,1.44526,3.87998,0.42336,36.966,0.42336,423.524,0,1.02816,0,0,1.68624,0.658083,1.028160,1,0,40.3292,0,0,0,40.3292,0
60.1779,2.69749,0,0,1.31512,0.0719552,0.36288,3.6288,59.9352,0.591115,0,0,0.530331,0.298471,0,0.66528,12.849,1,0.559076,0.36288,0,40.6381,6.12182,34.3201,0.84672,12.849,0.84672,3695.15,0,36.966,0.362407,0.413286,2.1412,2.53788,1.44526,3.28469,0.42336,36.966,0.42336,423.524,0,1.02816,0,0,1.44145,0.413286,1.028160,1,0,37.6047,0,0,0,37.6047,0
58.4589,2.68374,0,0,1.3895,0.0619684,0.36288,3.6288,59.6513,0.589846,0,0,0.60881,0.302924,0,0.66528,12.849,1,0.573023,0.36288,0,39.8564,6.27136,33.3749,0.84672,12.849,0.84672,3695.15,0,36.966,0.363797,0.701585,2.14133,3.35729,1.47514,4.36126,0.42336,36.966,0.42336,423.524,0,1.02816,0,0,1.72975,0.701585,1.028160,1,0,37.7362,0,0,0,37.7362,0
56.6695,2.84841,0,0,1.45946,0.0375555,0.36288,3.6288,59.3017,0.66528,0,0,0.616029,0.300297,0,0.66528,12.849,1,0.626068,0.36288,0,37.3705,5.8023,31.305,0.84672,12.849,0.84672,3695.15,0,36.966,0.42336,0.862065,2.14146,3.1684,1.40437,4.34419,0.42336,36.966,0.42336,423.524,0,1.02816,0,0,1.89022,0.862065,1.028160,1,0,35.6492,0,0,0,35.6492,0
54.718,2.83247,0,0,1.28075,0.0369032,0.36288,3.6288,58.9311,0.66528,0,0,0.594311,0.299627,0,0.66528,12.849,1,0.642222,0.36288,0,47.5045,5.8023,41.4229,0.84672,12.849,0.84672,3695.15,0,36.966,0.42336,0.777859,2.28656,3.04257,1.40437,4.27925,0.42336,36.966,0.42336,423.524,0,1.02816,0,0,1.80602,0.777859,1.028160,1,0,45.7021,0,0,0,45.7021,0
52.8128,2.81409,0,0,1.30803,0.0361918,0.36288,3.6288,58.6487,0.66528,0,0,0.68173,0.298916,0,0.66528,12.849,1,0.660811,0.36288,0,41.1505,5.8023,35.0503,0.84672,12.849,0.84672,3695.15,0,36.966,0.42336,0.880235,2.2866,3.15964,1.40437,4.49874,0.42336,36.966,0.42336,423.524,0,1.02816,0,0,1.90839,0.880235,1.028160,1,0,39.549,0,0,0,39.549,0
50.9381,2.79509,0,0,1.31978,0.0365681,0.36288,3.6288,58.3787,0.66528,0,0,0.686884,0.291595,0,0.66528,12.849,1,0.680026,0.36288,0,41.7539,5.61746,35.8193,0.84672,12.849,0.84672,3695.15,0,36.966,0.42336,1.34648,2.28664,4.04137,1.33242,5.91871,0.42336,36.966,0.42336,423.524,0,1.02816,0,0,2.37464,1.34648,1.028160,1,0,41.738,0,0,0,41.738,0
49.6324,2.77527,0,0,1.81882,-0.013616,0.36288,3.6288,57.9311,0.66528,0,0,0.523466,0.305769,0,0.66528,12.849,1,0.700055,0.36288,0,38.1229,5.44926,32.3364,0.84672,12.849,0.84672,3695.15,0,36.966,0.42336,1.03891,2.28668,3.852,1.27024,5.48398,0.42336,36.966,0.42336,423.524,0,1.02816,0,0,2.06707,1.03891,1.028160,1,0,37.8204,0,0,0,37.8204,0
48.4985,2.67657,0,0,1.94523,0.0396884,0.36288,3.6288,57.559,0.62356,0,0,0.514848,0.263379,0,0.66528,12.849,1,0.692921,0.36288,0,38.2353,4.23546,33.6698,0.84672,12.849,0.84672,3695.15,0,36.966,0.397896,1.0869,2.28672,3.57593,1.01317,5.53848,0.42336,36.966,0.42336,423.524,0,1.02816,0,0,2.11506,1.0869,1.028160,1,0,39.2083,0,0,0,39.2083,0
47.5995,2.66393,0,0,2.21416,0.0862983,0.36288,3.6288,57.4372,0.62207,0,0,0.7445,0.244259,0,0.66528,12.849,1,0.705771,0.36288,0,37.6631,3.71332,33.6068,0.84672,12.849,0.84672,3695.15,0,36.966,0.399511,1.84106,2.21498,4.98988,0.91645,7.72996,0.42336,36.966,0.42336,423.524,0,1.02816,0,0,2.86922,1.84106,1.028160,1,0,41.3368,0,0,0,41.3368,0
46.6052,2.6536,0,0,2.10768,0.0854563,0.36288,3.6288,57.2959,0.621631,0,0,0.724412,0.244067,0,0.66528,12.849,1,0.716311,0.36288,0,47.9428,3.71332,43.876,0.84672,12.849,0.84672,3695.15,0,36.966,0.400075,1.66241,2.21511,4.9402,0.91645,7.5012,0.42336,36.966,0.42336,423.524,0,1.02816,0,0,2.69057,1.66241,1.028160,1,0,51.3772,0,0,0,51.3772,0
45.7321,2.64178,0,0,2.23567,0.104194,0.36288,3.6288,57.1576,0.621107,0,0,0.739795,0.256968,0,0.66528,12.849,1,0.728334,0.36288,0,69.3236,4.01821,64.94,0.84672,12.849,0.84672,3695.15,0,36.966,0.400724,1.7678,2.21525,4.90696,0.967863,7.52142,0.42336,36.966,0.42336,423.524,0,1.02816,0,0,2.79596,1.7678,1.028160,1,0,72.4614,0,0,0,72.4614,0
44.1552,2.56311,0,0,1.50104,0.151883,0.36288,3.6288,56.791,0.563314,0,0,0.486191,0.289521,0,0.66528,12.849,1,0.720139,0.36288,0,36.7305,4.78044,31.5928,0.84672,12.849,0.84672,3695.15,0,36.966,0.364317,0.6156,2.21538,2.69256,1.0964,4.06283,0.42336,36.966,0.42336,423.524,0,1.02816,0,0,1.64376,0.6156,1.028160,1,0,35.6556,0,0,0,35.6556,0
42.8836,2.54335,0,0,1.78386,0.149203,0.36288,3.6288,56.5163,0.561962,0,0,0.576174,0.288831,0,0.66528,12.849,1,0.740105,0.36288,0,47.5592,4.78044,42.4016,0.84672,12.849,0.84672,3695.15,0,36.966,0.365788,0.880727,2.12633,5.10698,1.0964,6.65185,0.42336,36.966,0.42336,423.524,0,1.02816,0,0,1.90889,0.880727,1.028160,1,0,49.0534,0,0,0,49.0534,0
42.388,2.52662,0,0,2.56558,0.17175,0.36288,3.6288,56.4282,0.560959,0,0,0.751733,0.278919,0,0.66528,12.849,1,0.757037,0.36288,0,71.3534,4.49448,66.4648,0.84672,12.849,0.84672,3695.15,0,36.966,0.36691,1.26268,2.12646,4.86422,1.05487,6.83158,0.42336,36.966,0.42336,423.524,0,1.02816,0,0,2.29084,1.26268,1.028160,1,0,73.2964,0,0,0,73.2964,0
44.6107,2.51998,0,0,5.29479,0.189191,0.36288,3.6288,56.8826,0.560685,0,0,1.28682,0.271716,0,0.66528,12.849,1,0.763877,0.36288,0,78.7821,4.28001,74.1011,0.84672,12.849,0.84672,3695.15,0,36.966,0.367304,2.20191,2.12659,8.19956,1.02372,11.137,0.42336,36.966,0.42336,423.524,0,1.02816,0,0,3.23007,2.20191,1.028160,1,0,85.2381,0,0,0,85.2381,0
47.0959,2.35766,0,0,5.38995,0.184229,0.36288,3.6288,58.893,0.443435,0,0,2.68293,0.229144,0,0.66528,12.849,1,0.679066,0.36288,0,125.54,4.28186,120.942,0.84672,12.849,0.84672,3695.15,0,36.966,0.288173,1.85193,2.12671,8.06527,1.11288,10.6429,0.42336,36.966,0.42336,423.524,0,1.02816,0,0,2.88009,1.85193,1.028160,1,0,131.585,0,0,0,131.585,0
48.1931,2.38596,0,0,4.03374,0.187678,0.36288,3.6288,60.5833,0.449544,0,0,2.382,0.242145,0,0.66528,12.849,1,0.650953,0.36288,0,117.796,4.4121,113.096,0.84672,12.849,0.84672,3695.15,0,36.966,0.28217,3.23941,1.92868,7.44898,1.12033,11.2146,0.42336,36.966,0.42336,423.524,0,1.02816,0,0,4.26757,3.23941,1.028160,1,0,124.31,0,0,0,124.31,0
49.2641,2.39781,0,0,4.0216,0.189948,0.36288,3.6288,61.308,0.4545,0,0,2.70048,0.244772,1.27648,0.66528,12.849,1,0.639291,0.36288,0,94.8612,4.4121,90.1726,0.84672,12.849,0.84672,3695.15,0,36.966,0.277322,6.68234,1.9288,11.4751,1.12033,18.6886,0.42336,36.966,0.42336,423.524,0,1.02816,0,0,7.7105,6.68234,1.028160,1,0,110.138,0,0,0,110.138,0
50.2329,2.40898,0,0,3.93282,0.192163,0.36288,3.6288,61.308,0.456613,0,0,2.43477,0.245899,1.73226,0.66528,12.849,1,0.628307,0.36288,0,100.913,4.4121,96.2351,0.84672,12.849,0.84672,3695.15,0,36.966,0.275317,5.89041,1.92891,9.75672,1.12033,16.1804,0.42336,36.966,0.42336,423.524,0,1.02816,0,0,6.91857,5.89041,1.028160,1,0,114.148,0,0,0,114.148,0
50.4648,2.41877,0,0,3.24182,0.228228,0.36288,3.6288,61.308,0.45668,0,0,2.02764,0.164809,1.40615,0.66528,12.849,1,0.618695,0.36288,0,80.9093,3.63495,77.0185,0.84672,12.849,0.84672,3695.15,0,36.966,0.275357,2.55691,1.92903,7.81609,0.915277,11.1114,0.42336,36.966,0.42336,423.524,0,1.02816,0,0,3.58507,2.55691,1.028160,1,0,89.5361,0,0,0,89.5361,0
50.127,2.49703,0,0,2.78332,0.261222,0.36288,3.6288,61.308,0.492249,0,0,2.14316,0.0753159,1.5756,0.66528,12.849,1,0.635776,0.36288,0,79.6243,2.64012,76.7113,0.84672,12.849,0.84672,3695.15,0,36.966,0.296805,2.81314,1.92915,12.4153,0.55112,16.3097,0.42336,36.966,0.42336,423.524,0,1.02816,0,0,3.8413,2.81314,1.028160,1,0,94.5966,0,0,0,94.5966,0
49.2833,2.49375,0,0,2.27323,0.260294,0.36288,3.6288,61.308,0.492309,0,0,2.004,0.0753159,1.43637,0.66528,12.849,1,0.639219,0.36288,0,59.9594,2.64012,57.0429,0.84672,12.849,0.84672,3695.15,0,36.966,0.29684,2.58793,1.99107,9.59999,0.55112,13.331,0.42336,36.966,0.42336,423.524,0,1.02816,0,0,3.61609,2.58793,1.028160,1,0,71.8103,0,0,0,71.8103,0
48.5282,2.4852,0,0,2.35088,0.257969,0.36288,3.6288,61.308,0.492368,0,0,1.81446,0.0753159,1.24678,0.66528,12.849,1,0.647933,0.36288,0,48.8983,2.64012,45.9732,0.84672,12.849,0.84672,3695.15,0,36.966,0.296876,2.17555,1.99117,9.73521,0.55112,13.0539,0.42336,36.966,0.42336,423.524,0,1.02816,0,0,3.20371,2.17555,1.028160,1,0,60.2739,0,0,0,60.2739,0
48.3471,2.47736,0,0,2.93066,0.271515,0.36288,3.6288,61.308,0.492428,0,0,1.97293,0.0670095,1.41349,0.66528,12.849,1,0.65594,0.36288,0,91.2902,2.90565,88.0915,0.84672,12.849,0.84672,3695.15,0,36.966,0.296912,2.46983,1.99128,10.3634,0.56212,13.9655,0.42336,36.966,0.42336,423.524,0,1.02816,0,0,3.49799,2.46983,1.028160,1,0,103.471,0,0,0,103.471,0
48.9718,2.717,0,0,3.95159,0.246956,0.36288,3.6288,61.308,0.62581,0,0,1.52415,0.0865206,0.811817,0.66528,12.849,1,0.722087,0.36288,0,149.676,3.46815,145.849,0.84672,12.849,0.84672,3695.15,0,36.966,0.377336,1.49269,1.99138,8.88555,0.855806,11.1365,0.42336,36.966,0.42336,423.524,0,1.02816,0,0,2.52085,1.49269,1.028160,1,0,157.797,0,0,0,157.797,0
49.0908,2.72444,0,0,3.45496,0.248633,0.36288,3.6288,61.308,0.625877,0,0,1.62631,0.0865206,0.91391,0.66528,12.849,1,0.714827,0.36288,0,134.815,3.46815,130.995,0.84672,12.849,0.84672,3695.15,0,36.966,0.377376,1.72042,2.21387,9.05247,0.855806,11.7536,0.42336,36.966,0.42336,423.524,0,1.02816,0,0,2.74858,1.72042,1.028160,1,0,143.663,0,0,0,143.663,0
48.8995,2.72596,0,0,3.18753,0.290036,0.36288,3.6288,61.308,0.625943,0,0,1.38597,0.0601424,0.699883,0.66528,12.849,1,0.713491,0.36288,0,118.854,3.62134,114.882,0.84672,12.849,0.84672,3695.15,0,36.966,0.377416,1.29315,2.21399,9.66989,0.788723,12.0109,0.42336,36.966,0.42336,423.524,0,1.02816,0,0,2.32131,1.29315,1.028160,1,0,127.592,0,0,0,127.592,0
50.9545,2.72389,0,0,5.42839,0.286615,0.36288,3.6288,61.308,0.626009,0,0,4.59035,0.0699186,3.89443,0.66528,12.849,1,0.71574,0.36288,0,136.86,3.67173,132.836,0.84672,12.849,0.84672,3695.15,0,36.966,0.377456,8.01415,2.2141,23.603,0.824428,32.6294,0.42336,36.966,0.42336,423.524,0,1.02816,0,0,9.04231,8.01415,1.028160,1,0,169.359,0,0,0,169.359,0
49.737,2.39888,0,0,1.81986,0.275629,0.36288,3.6288,61.308,0.447118,0,0,0.926364,0.128576,0.35067,0.66528,12.849,1,0.604916,0.36288,0,63.095,3.97404,58.8789,0.84672,12.849,0.84672,3695.15,0,36.966,0.269592,0.838106,2.21422,4.57497,1.03866,6.31904,0.42336,36.966,0.42336,423.524,0,1.02816,0,0,1.86627,0.838106,1.028160,1,0,65.5486,0,0,0,65.5486,0
49.9723,2.38724,0,0,3.25761,0.272116,0.36288,3.6288,61.308,0.447175,0,0,1.77142,0.128576,1.19567,0.66528,12.849,1,0.616716,0.36288,0,58.7398,3.97404,54.5119,0.84672,12.849,0.84672,3695.15,0,36.966,0.269626,1.96155,1.911,6.9393,1.03866,9.50356,0.42336,36.966,0.42336,423.524,0,1.02816,0,0,2.98971,1.96155,1.028160,1,0,65.2112,0,0,0,65.2112,0
52.6517,2.38967,0,0,5.70472,0.272795,0.36288,3.6288,61.308,0.447232,0,0,2.96387,0.128576,2.38806,0.66528,12.849,1,0.614438,0.36288,0,131.083,3.97404,126.858,0.84672,12.849,0.84672,3695.15,0,36.966,0.269661,3.46313,1.9111,13.5824,1.03866,17.6483,0.42336,36.966,0.42336,423.524,0,1.02816,0,0,4.49129,3.46313,1.028160,1,0,146.894,0,0,0,146.894,0
55.3885,2.41493,0,0,5.79707,0.282507,0.36288,3.6288,61.308,0.447289,0,0,2.41075,0.174971,1.78849,0.66528,12.849,1,0.589334,0.36288,0,215.884,3.93147,211.726,0.84672,12.849,0.84672,3695.15,0,36.966,0.269695,2.84571,1.9112,11.2556,0.989778,14.753,0.42336,36.966,0.42336,423.524,0,1.02816,0,0,3.87387,2.84571,1.028160,1,0,228.268,0,0,0,228.268,0
56.8907,2.4387,0,0,4.58825,0.28443,0.36288,3.6288,61.308,0.447346,0,0,2.67978,0.202486,2.02995,0.66528,12.849,1,0.565728,0.36288,0,162.835,4.2801,158.352,0.84672,12.849,0.84672,3695.15,0,36.966,0.26973,4.4153,1.9113,14.2728,1.13361,19.196,0.42336,36.966,0.42336,423.524,0,1.02816,0,0,5.44346,4.4153,1.028160,1,0,179.578,0,0,0,179.578,0
56.782,2.54057,0,0,3.08089,0.28612,0.36288,3.6288,61.308,0.491194,0,0,1.43333,0.210399,0.731739,0.66528,12.849,1,0.573797,0.36288,0,107.312,4.42239,102.679,0.84672,12.849,0.84672,3695.15,0,36.966,0.296168,2.44445,1.9114,6.55911,1.1944,9.42438,0.42336,36.966,0.42336,423.524,0,1.02816,0,0,3.47261,2.44445,1.028160,1,0,112.835,0,0,0,112.835,0
56.4274,2.5398,0,0,2.82652,0.27848,0.36288,3.6288,61.308,0.491254,0,0,1.20704,0.215878,0.49991,0.66528,12.849,1,0.574723,0.36288,0,95.8556,4.53036,91.1134,0.84672,12.849,0.84672,3695.15,0,36.966,0.296204,1.95286,1.9863,5.67941,1.21432,8.10806,0.42336,36.966,0.42336,423.524,0,1.02816,0,0,2.98102,1.95286,1.028160,1,0,99.7214,0,0,0,99.7214,0
55.8308,2.53699,0,0,2.53698,0.233663,0.36288,3.6288,61.308,0.491313,0,0,1.05335,0.248753,0.313288,0.66528,12.849,1,0.577695,0.36288,0,94.8309,5.17818,89.4379,0.84672,12.849,0.84672,3695.15,0,36.966,0.29624,1.43021,1.98641,5.01962,1.33381,6.8062,0.42336,36.966,0.42336,423.524,0,1.02816,0,0,2.45837,1.43021,1.028160,1,0,96.5574,0,0,0,96.5574,0
54.8852,2.53211,0,0,2.15938,0.209999,0.36288,3.6288,61.308,0.491372,0,0,1.15337,0.246929,0.41507,0.66528,12.849,1,0.582744,0.36288,0,64.2639,4.86903,59.175,0.84672,12.849,0.84672,3695.15,0,36.966,0.296276,1.60595,1.98651,4.7941,1.30952,6.78077,0.42336,36.966,0.42336,423.524,0,1.02816,0,0,2.63411,1.60595,1.028160,1,0,66.3708,0,0,0,66.3708,0
53.7699,2.48932,0,0,1.91545,0.17859,0.36288,3.6288,61.308,0.47442,0,0,1.27811,0.244495,0.559191,0.66528,12.849,1,0.582766,0.36288,0,58.9293,4.45683,54.2526,0.84672,12.849,0.84672,3695.15,0,36.966,0.286054,1.93863,1.98662,4.8951,1.27713,7.25717,0.42336,36.966,0.42336,423.524,0,1.02816,0,0,2.96679,1.93863,1.028160,1,0,62.0689,0,0,0,62.0689,0
52.4401,2.47969,0,0,1.68941,0.176587,0.36288,3.6288,61.308,0.474479,0,0,1.38942,0.244495,0.67045,0.66528,12.849,1,0.592554,0.36288,0,54.9235,4.45683,50.237,0.84672,12.849,0.84672,3695.15,0,36.966,0.28609,2.1711,1.95761,5.05574,1.27713,7.62123,0.42336,36.966,0.42336,423.524,0,1.02816,0,0,3.19926,2.1711,1.028160,1,0,58.5287,0,0,0,58.5287,0
51.1593,2.46775,0,0,1.72403,0.174199,0.36288,3.6288,61.308,0.474537,0,0,1.1958,0.244495,0.476769,0.66528,12.849,1,0.604654,0.36288,0,53.0213,4.45683,48.3227,0.84672,12.849,0.84672,3695.15,0,36.966,0.286125,1.60646,1.95771,5.00042,1.27713,7.00133,0.42336,36.966,0.42336,423.524,0,1.02816,0,0,2.63462,1.60646,1.028160,1,0,55.8008,0,0,0,55.8008,0
49.9574,2.45578,0,0,1.76335,0.146665,0.36288,3.6288,61.308,0.474596,0,0,1.16938,0.259332,0.435454,0.66528,12.849,1,0.616785,0.36288,0,54.9473,5.62646,49.0669,0.84672,12.849,0.84672,3695.15,0,36.966,0.28616,1.72265,1.95781,6.21869,1.32325,8.28975,0.42336,36.966,0.42336,423.524,0,1.02816,0,0,2.75081,1.72265,1.028160,1,0,57.7921,0,0,0,57.7921,0
48.3493,2.56005,0,0,1.43477,0.119948,0.36288,3.6288,61.308,0.534995,0,0,0.95847,0.224995,0.19848,0.66528,12.849,1,0.658442,0.36288,0,48.4309,4.24242,43.8929,0.84672,12.849,0.84672,3695.15,0,36.966,0.322578,1.36393,1.95792,4.66817,1.19569,6.47175,0.42336,36.966,0.42336,423.524,0,1.02816,0,0,2.39209,1.36393,1.028160,1,0,50.5632,0,0,0,50.5632,0
46.6714,2.54288,0,0,1.32739,0.0995051,0.36288,3.6288,61.308,0.535057,0,0,0.974376,0.23035,0.208969,0.66528,12.849,1,0.675779,0.36288,0,43.8753,4.40496,39.1574,0.84672,12.849,0.84672,3695.15,0,36.966,0.322615,1.36857,2.06006,4.60615,1.1656,6.54656,0.42336,36.966,0.42336,423.524,0,1.02816,0,0,2.39673,1.36857,1.028160,1,0,45.913,0,0,0,45.913,0
44.9729,2.52396,0,0,1.28604,0.0976902,0.36288,3.6288,61.308,0.535118,0,0,1.02101,0.23035,0.255546,0.66528,12.849,1,0.694866,0.36288,0,41.6316,4.40496,36.8946,0.84672,12.849,0.84672,3695.15,0,36.966,0.322652,1.28136,2.06017,4.78142,1.1656,6.63469,0.42336,36.966,0.42336,423.524,0,1.02816,0,0,2.30952,1.28136,1.028160,1,0,43.7849,0,0,0,43.7849,0
43.2149,2.50368,0,0,1.20438,0.095853,0.36288,3.6288,61.308,0.53518,0,0,0.941898,0.23035,0.176368,0.66528,12.849,1,0.715315,0.36288,0,39.0208,4.40496,34.2634,0.84672,12.849,0.84672,3695.15,0,36.966,0.32269,1.07182,2.06028,4.33229,1.1656,5.9761,0.42336,36.966,0.42336,423.524,0,1.02816,0,0,2.09998,1.07182,1.028160,1,0,40.4159,0,0,0,40.4159,0
41.7198,2.48138,0,0,1.44453,0.0953498,0.36288,3.6288,61.308,0.535242,0,0,0.8154,0.24146,0.0386983,0.66528,12.849,1,0.737784,0.36288,0,36.1939,4.61871,31.2003,0.84672,12.849,0.84672,3695.15,0,36.966,0.322727,0.965252,2.06039,4.30166,1.10876,5.89581,0.42336,36.966,0.42336,423.524,0,1.02816,0,0,1.99341,0.965252,1.028160,1,0,37.1348,0,0,0,37.1348,0
40.3274,2.43925,0,0,1.50402,0.0942582,0.36288,3.6288,61.2303,0.568476,0,0,0.736707,0.245904,0,0.66528,12.849,1,0.751248,0.36288,0,33.8673,4.70421,28.7748,0.84672,12.849,0.84672,3695.15,0,36.966,0.342766,0.882421,2.06049,4.35498,1.08602,5.86911,0.42336,36.966,0.42336,423.524,0,1.02816,0,0,1.91058,0.882421,1.028160,1,0,34.6439,0,0,0,34.6439,0
38.8448,2.41971,0,0,1.37163,0.0716201,0.36288,3.6288,61.0869,0.568268,0,0,0.717284,0.292394,0,0.66528,12.849,1,0.770959,0.36288,0,32.2067,5.35572,26.4429,0.84672,12.849,0.84672,3695.15,0,36.966,0.343075,0.726132,2.09628,4.19737,1.30652,5.37019,0.42336,36.966,0.42336,423.524,0,1.02816,0,0,1.75429,0.726132,1.028160,1,0,31.8131,0,0,0,31.8131,0
37.256,2.39772,0,0,1.2392,0.0674555,0.36288,3.6288,60.9065,0.56783,0,0,0.67792,0.290525,0,0.66528,12.849,1,0.793112,0.36288,0,29.5018,5.9389,23.1327,0.84672,12.849,0.84672,3695.15,0,36.966,0.343615,0.773738,2.09639,4.1515,1.5193,5.15872,0.42336,36.966,0.42336,423.524,0,1.02816,0,0,1.8019,0.773738,1.028160,1,0,28.2914,0,0,0,28.2914,0
35.6855,2.37269,0,0,1.22881,0.0637232,0.36288,3.6288,60.6918,0.56726,0,0,0.660571,0.308023,0,0.66528,12.849,1,0.818305,0.36288,0,27.1873,5.99383,20.7381,0.84672,12.849,0.84672,3695.15,0,36.966,0.344287,0.737061,2.0965,4.12066,1.55318,5.05675,0.42336,36.966,0.42336,423.524,0,1.02816,0,0,1.76522,0.737061,1.028160,1,0,25.7948,0,0,0,25.7948,0
34.2296,2.4011,0,0,1.36453,0.0564318,0.36288,3.6288,60.5657,0.596024,0,0,0.822018,0.352118,0,0.66528,12.849,1,0.864545,0.36288,0,32.8186,6.13116,26.1858,0.84672,12.849,0.84672,3695.15,0,36.966,0.363025,0.810605,2.09661,4.53597,1.63787,5.44228,0.42336,36.966,0.42336,423.524,0,1.02816,0,0,1.83876,0.810605,1.028160,1,0,31.6281,0,0,0,31.6281,0
32.6929,2.37449,0,0,1.25613,0.0554434,0.36288,3.6288,60.3151,0.595619,0,0,0.696868,0.351836,0,0.66528,12.849,1,0.891327,0.36288,0,26.9567,6.13116,20.2971,0.84672,12.849,0.84672,3695.15,0,36.966,0.363534,0.922121,2.1473,4.38585,1.63787,5.45386,0.42336,36.966,0.42336,423.524,0,1.02816,0,0,1.95028,0.922121,1.028160,1,0,25.751,0,0,0,25.751,0
31.0813,2.34453,0,0,1.15017,0.0544001,0.36288,3.6288,60.0145,0.594747,0,0,0.645451,0.351276,0,0.66528,12.849,1,0.921451,0.36288,0,25.6222,6.13116,18.9324,0.84672,12.849,0.84672,3695.15,0,36.966,0.36451,0.63898,2.14741,3.85511,1.63787,4.63912,0.42336,36.966,0.42336,423.524,0,1.02816,0,0,1.66714,0.63898,1.028160,1,0,23.5716,0,0,0,23.5716,0
29.5759,2.31085,0,0,1.21524,0.0468615,0.36288,3.6288,59.8061,0.593682,0,0,0.740966,0.355742,0,0.66528,12.849,1,0.955305,0.36288,0,25.1294,6.28071,18.2563,0.84672,12.849,0.84672,3695.15,0,36.966,0.365679,0.972423,2.14752,5.09983,1.66775,6.18635,0.42336,36.966,0.42336,423.524,0,1.02816,0,0,2.00058,0.972423,1.028160,1,0,24.4427,0,0,0,24.4427,0
27.8538,2.42915,0,0,1.1178,0.0479547,0.36288,3.6288,59.3831,0.66528,0,0,0.555765,0.313463,0,0.66528,12.849,1,1.05532,0.36288,0,22.7457,5.86439,16.1888,0.84672,12.849,0.84672,3695.15,0,36.966,0.42336,0.63148,2.14764,4.69012,1.56487,5.481,0.42336,36.966,0.42336,423.524,0,1.02816,0,0,1.65964,0.63148,1.028160,1,0,21.6698,0,0,0,21.6698,0
26.2902,2.38462,0,0,1.22839,0.0444292,0.36288,3.6288,59.05,0.66528,0,0,0.646795,0.314565,0,0.66528,12.849,1,1.10003,0.36288,0,28.5758,5.86824,21.9705,0.84672,12.849,0.84672,3695.15,0,36.966,0.42336,0.981081,2.28843,4.91286,1.55734,6.20167,0.42336,36.966,0.42336,423.524,0,1.02816,0,0,2.00924,0.981081,1.028160,1,0,28.1721,0,0,0,28.1721,0
24.5135,2.3408,0,0,0.970471,0.043471,0.36288,3.6288,58.543,0.66528,0,0,0.472135,0.313895,0,0.66528,12.849,1,1.14404,0.36288,0,29.4894,5.86824,22.84,0.84672,12.849,0.84672,3695.15,0,36.966,0.42336,0.411281,2.28846,3.89279,1.55734,4.61183,0.42336,36.966,0.42336,423.524,0,1.02816,0,0,1.43944,0.411281,1.028160,1,0,27.4519,0,0,0,27.4519,0
23.0237,2.28652,0,0,1.20195,0.0423823,0.36288,3.6288,58.3503,0.66528,0,0,0.785476,0.312874,0,0.66528,12.849,1,1.1985,0.36288,0,26.1343,5.86824,19.4304,0.84672,12.849,0.84672,3695.15,0,36.966,0.42336,1.53922,2.2885,5.84965,1.55734,7.69667,0.42336,36.966,0.42336,423.524,0,1.02816,0,0,2.56738,1.53922,1.028160,1,0,27.1271,0,0,0,27.1271,0
21.961,2.23686,0,0,1.59235,0.055365,0.36288,3.6288,58.6731,0.66528,0,0,1.24512,0.257078,0,0.66528,12.849,1,1.24834,0.36288,0,28.5172,5.00977,22.6219,0.84672,12.849,0.84672,3695.15,0,36.966,0.42336,2.56084,2.28853,8.40177,1.26275,11.565,0.42336,36.966,0.42336,423.524,0,1.02816,0,0,3.589,2.56084,1.028160,1,0,34.187,0,0,0,34.187,0
21.1371,2.13177,0,0,1.73439,0.0635573,0.36288,3.6288,59.3183,0.63021,0,0,1.50326,0.227835,0,0.66528,12.849,1,1.24727,0.36288,0,27.4765,4.68941,21.9027,0.84672,12.849,0.84672,3695.15,0,36.966,0.397053,3.21379,2.28857,8.31375,1.16772,12.2513,0.42336,36.966,0.42336,423.524,0,1.02816,0,0,4.24195,3.21379,1.028160,1,0,34.154,0,0,0,34.154,0
20.1804,2.10165,0,0,1.57065,0.0628493,0.36288,3.6288,60.2478,0.632937,0,0,1.79119,0.22878,0,0.66528,12.849,1,1.27757,0.36288,0,28.3351,4.68941,22.731,0.84672,12.849,0.84672,3695.15,0,36.966,0.394434,3.65202,2.22125,8.95674,1.16772,13.2679,0.42336,36.966,0.42336,423.524,0,1.02816,0,0,4.68018,3.65202,1.028160,1,0,35.9988,0,0,0,35.9988,0
20.16,2.06475,0,0,2.49509,0.087862,0.36288,3.6288,61.308,0.636775,0,0,2.43642,0.222367,0.517045,0.66528,12.849,1,1.31464,0.36288,0,68.4769,4.27045,63.2547,0.84672,12.849,0.84672,3695.15,0,36.966,0.390704,5.934,2.22137,12.4395,1.06393,19.1403,0.42336,36.966,0.42336,423.524,0,1.02816,0,0,6.96216,5.934,1.028160,1,0,82.912,0,0,0,82.912,0
21.8433,2.06405,0,0,4.22022,0.110014,0.36288,3.6288,61.308,0.641057,0,0,2.56935,0.220019,1.70827,0.66528,12.849,1,1.31552,0.36288,0,74.3962,4.21098,69.2326,0.84672,12.849,0.84672,3695.15,0,36.966,0.386529,5.17899,2.22149,16.5546,1.04294,22.5256,0.42336,36.966,0.42336,423.524,0,1.02816,0,0,6.20715,5.17899,1.028160,1,0,93.4665,0,0,0,93.4665,0
21.9336,2.07302,0,0,2.71152,0.185315,0.36288,3.6288,61.308,0.582115,0,0,1.82902,0.215718,1.03119,0.66528,12.849,1,1.21942,0.36288,0,35.9417,4.85961,30.2256,0.84672,12.849,0.84672,3695.15,0,36.966,0.350989,2.26614,2.2216,6.82189,1.16612,9.79253,0.42336,36.966,0.42336,423.524,0,1.02816,0,0,3.2943,2.26614,1.028160,1,0,41.0493,0,0,0,41.0493,0
22.4656,2.07629,0,0,3.15678,0.185542,0.36288,3.6288,61.308,0.582179,0,0,2.25159,0.215718,1.4537,0.66528,12.849,1,1.21632,0.36288,0,83.395,4.85961,77.682,0.84672,12.849,0.84672,3695.15,0,36.966,0.351028,4.30116,2.13228,13.4471,1.16612,18.3634,0.42336,36.966,0.42336,423.524,0,1.02816,0,0,5.32932,4.30116,1.028160,1,0,97.4991,0,0,0,97.4991,0
22.3941,2.09473,0,0,2.53223,0.146154,0.36288,3.6288,61.308,0.582243,0,0,1.75173,0.214965,0.954526,0.66528,12.849,1,1.19806,0.36288,0,63.0669,4.70211,57.5296,0.84672,12.849,0.84672,3695.15,0,36.966,0.351067,3.74251,2.13239,11.6003,1.09917,16.025,0.42336,36.966,0.42336,423.524,0,1.02816,0,0,4.77067,3.74251,1.028160,1,0,74.5091,0,0,0,74.5091,0
25.2333,2.09241,0,0,5.47582,0.181387,0.36288,3.6288,61.308,0.582307,0,0,2.86476,0.189045,2.09341,0.66528,12.849,1,1.20055,0.36288,0,67.6786,4.55322,62.2877,0.84672,12.849,0.84672,3695.15,0,36.966,0.351105,5.54579,2.1325,24.2369,1.01391,30.5502,0.42336,36.966,0.42336,423.524,0,1.02816,0,0,6.57395,5.54579,1.028160,1,0,94.9313,0,0,0,94.9313,0
28.8979,2.01769,0,0,6.18843,0.143222,0.36288,3.6288,61.308,0.459446,0,0,3.38264,0.19183,2.73136,0.66528,12.849,1,1.02743,0.36288,0,158.342,4.06199,153.615,0.84672,12.849,0.84672,3695.15,0,36.966,0.277026,5.93654,2.13261,23.1364,0.991249,29.9372,0.42336,36.966,0.42336,423.524,0,1.02816,0,0,6.9647,5.93654,1.028160,1,0,186.284,0,0,0,186.284,0
34.4644,2.10799,0,0,8.17508,0.137703,0.36288,3.6288,61.308,0.459504,0,0,3.77746,0.18212,3.13584,0.66528,12.849,1,0.937287,0.36288,0,179.251,3.26823,175.409,0.84672,12.849,0.84672,3695.15,0,36.966,0.27706,7.03979,1.93401,28.1152,0.91933,35.8926,0.42336,36.966,0.42336,423.524,0,1.02816,0,0,8.06795,7.03979,1.028160,1,0,214.437,0,0,0,214.437,0
37.6232,2.21838,0,0,5.95155,0.211519,0.36288,3.6288,61.308,0.459562,0,0,3.25497,0.149341,2.64607,0.66528,12.849,1,0.827057,0.36288,0,76.3042,3.61599,72.224,0.84672,12.849,0.84672,3695.15,0,36.966,0.277095,5.94838,1.93411,20.5015,0.946927,27.16,0.42336,36.966,0.42336,423.524,0,1.02816,0,0,6.97654,5.94838,1.028160,1,0,102.03,0,0,0,102.03,0
42.5025,2.27026,0,0,7.74317,0.230689,0.36288,3.6288,61.308,0.459619,0,0,4.2989,0.143878,3.6954,0.66528,12.849,1,0.775337,0.36288,0,134.522,3.67395,130.436,0.84672,12.849,0.84672,3695.15,0,36.966,0.27713,6.08731,1.93421,26.1859,0.951526,32.9787,0.42336,36.966,0.42336,423.524,0,1.02816,0,0,7.11547,6.08731,1.028160,1,0,167.11,0,0,0,167.11,0
49.2587,2.33873,0,0,9.69443,0.236569,0.36288,3.6288,61.308,0.459677,0,0,4.59793,0.179344,3.95891,0.66528,12.849,1,0.707027,0.36288,0,147.233,4.03431,142.855,0.84672,12.849,0.84672,3695.15,0,36.966,0.277165,6.41727,1.93431,24.6906,0.983874,31.7812,0.42336,36.966,0.42336,423.524,0,1.02816,0,0,7.44543,6.41727,1.028160,1,0,178.595,0,0,0,178.595,0
53.5043,2.49144,0,0,7.33588,0.23602,0.36288,3.6288,61.308,0.495334,0,0,3.18079,0.209216,2.47624,0.66528,12.849,1,0.649885,0.36288,0,113.302,4.3311,108.683,0.84672,12.849,0.84672,3695.15,0,36.966,0.298664,4.21923,1.93442,16.2865,0.89462,21.2468,0.42336,36.966,0.42336,423.524,0,1.02816,0,0,5.24739,4.21923,1.028160,1,0,132.406,0,0,0,132.406,0
56.8012,2.53313,0,0,6.42846,0.235483,0.36288,3.6288,61.308,0.495384,0,0,1.33337,0.185992,0.651992,0.66528,12.849,1,0.60833,0.36288,0,99.6814,4.08618,95.3498,0.84672,12.849,0.84672,3695.15,0,36.966,0.298695,3.01523,1.99648,11.8767,0.718107,15.8716,0.42336,36.966,0.42336,423.524,0,1.02816,0,0,4.04339,3.01523,1.028160,1,0,111.873,0,0,0,111.873,0
59.1156,2.56204,0,0,5.48263,0.2434,0.36288,3.6288,61.308,0.495434,0,0,1.13746,0.185992,0.45603,0.66528,12.849,1,0.579559,0.36288,0,84.6046,4.08618,80.3017,0.84672,12.849,0.84672,3695.15,0,36.966,0.298725,2.44745,1.99657,10.7587,0.718107,14.1859,0.42336,36.966,0.42336,423.524,0,1.02816,0,0,3.47561,2.44745,1.028160,1,0,94.9437,0,0,0,94.9437,0
61.0387,2.58079,0,0,5.11575,0.248957,0.36288,3.6288,61.308,0.495484,0,0,1.11548,0.185992,0.434,0.66528,12.849,1,0.560946,0.36288,0,78.4287,4.08618,74.1445,0.84672,12.849,0.84672,3695.15,0,36.966,0.298755,2.38685,1.99666,10.6506,0.718107,14.0173,0.42336,36.966,0.42336,423.524,0,1.02816,0,0,3.41501,2.38685,1.028160,1,0,88.5958,0,0,0,88.5958,0
63.0335,2.84867,0,0,5.49736,0.290984,0.36288,3.6288,61.308,0.629215,0,0,2.31681,0.240572,1.44702,0.66528,12.849,1,0.599661,0.36288,0,110.006,4.44198,105.327,0.84672,12.849,0.84672,3695.15,0,36.966,0.379388,3.42168,1.99675,12.2227,1.12068,16.141,0.42336,36.966,0.42336,423.524,0,1.02816,0,0,4.44984,3.42168,1.028160,1,0,122.915,0,0,0,122.915,0
65.7748,2.86456,0,0,6.22869,0.259997,0.36288,3.6288,61.308,0.62927,0,0,1.73567,0.241371,0.865031,0.66528,12.849,1,0.583923,0.36288,0,140.675,4.25763,136.196,0.84672,12.849,0.84672,3695.15,0,36.966,0.379422,3.34126,2.21982,13.6725,1.18035,17.6738,0.42336,36.966,0.42336,423.524,0,1.02816,0,0,4.36942,3.34126,1.028160,1,0,154.735,0,0,0,154.735,0
69.5962,2.88504,0,0,7.33848,0.269083,0.36288,3.6288,61.308,0.629326,0,0,1.70969,0.230157,0.850208,0.66528,12.849,1,0.563589,0.36288,0,167.457,4.12398,163.132,0.84672,12.849,0.84672,3695.15,0,36.966,0.379456,3.81537,2.21992,12.421,1.12878,16.9481,0.42336,36.966,0.42336,423.524,0,1.02816,0,0,4.84353,3.81537,1.028160,1,0,180.931,0,0,0,180.931,0
72.29,2.91129,0,0,6.73466,0.277291,0.8523,3.6288,61.308,0.629382,0,0,2.05309,0.230157,1.19355,0.66528,12.849,1,0.537489,0.8523,0,152.586,4.12398,148.777,0.84672,12.849,0.84672,3695.15,0,36.966,0.379489,3.94163,2.22001,13.583,1.12878,18.2364,0.42336,36.966,0.42336,423.524,0,1.02816,0,0,4.96979,3.94163,1.028160,1,0,168.207,0,0,0,168.207,0
71.4036,2.55723,0,0,2.39342,0.359755,0.36288,3.6288,61.308,0.450005,0,0,1.09242,0.274312,0.368107,0.66528,12.849,1,0.454529,0.36288,0,39.4132,3.86757,35.454,0.84672,12.849,0.84672,3695.15,0,36.966,0.271333,2.06455,2.22011,5.35386,1.19084,8.17635,0.42336,36.966,0.42336,423.524,0,1.02816,0,0,3.09271,2.06455,1.028160,1,0,43.9984,0,0,0,43.9984,0
70.8379,2.55256,0,0,2.70715,0.357336,0.36288,3.6288,61.308,0.450053,0,0,1.62276,0.274312,0.8984,0.66528,12.849,1,0.459331,0.36288,0,65.3743,3.86757,61.4103,0.84672,12.849,0.84672,3695.15,0,36.966,0.271362,3.54486,1.91607,7.66178,1.19084,11.6605,0.42336,36.966,0.42336,423.524,0,1.02816,0,0,4.57302,3.54486,1.028160,1,0,73.9692,0,0,0,73.9692,0
71.5777,2.54957,0,0,4.00799,0.355792,0.36288,3.6288,61.308,0.4501,0,0,1.74351,0.274312,1.0191,0.66528,12.849,1,0.462456,0.36288,0,76.0769,3.86757,72.1098,0.84672,12.849,0.84672,3695.15,0,36.966,0.271391,3.40858,1.91615,9.5618,1.19084,13.4243,0.42336,36.966,0.42336,423.524,0,1.02816,0,0,4.43674,3.40858,1.028160,1,0,86.5532,0,0,0,86.5532,0
71.632,2.55373,0,0,3.2676,0.296702,0.36288,3.6288,61.308,0.450148,0,0,1.93777,0.245214,1.24241,0.66528,12.849,1,0.458424,0.36288,0,99.0706,3.43758,95.5374,0.84672,12.849,0.84672,3695.15,0,36.966,0.271419,3.34282,1.91623,10.3762,1.09422,14.2696,0.42336,36.966,0.42336,423.524,0,1.02816,0,0,4.37098,3.34282,1.028160,1,0,111.049,0,0,0,111.049,0
71.2648,2.55414,0,0,2.85202,0.302151,0.36288,3.6288,61.308,0.450196,0,0,1.77829,0.220781,1.10732,0.66528,12.849,1,0.458149,0.36288,0,73.4141,3.54074,69.7781,0.84672,12.849,0.84672,3695.15,0,36.966,0.271448,2.90733,1.91632,6.88999,1.0603,10.3819,0.42336,36.966,0.42336,423.524,0,1.02816,0,0,3.93549,2.90733,1.028160,1,0,81.2673,0,0,0,81.2673,0
70.953,2.64551,0,0,2.99813,0.301574,0.36288,3.6288,61.308,0.49415,0,0,1.54004,0.193844,0.852043,0.66528,12.849,1,0.476983,0.36288,0,89.862,3.50878,86.2392,0.84672,12.849,0.84672,3695.15,0,36.966,0.29795,3.68504,1.9164,8.75225,1.0845,12.9712,0.42336,36.966,0.42336,423.524,0,1.02816,0,0,4.7132,3.68504,1.028160,1,0,100.062,0,0,0,100.062,0
70.8032,2.64385,0,0,3.15776,0.300855,0.36288,3.6288,61.308,0.494199,0,0,1.09925,0.193844,0.411207,0.66528,12.849,1,0.478779,0.36288,0,74.4889,3.50878,70.8642,0.84672,12.849,0.84672,3695.15,0,36.966,0.29798,2.34738,1.99149,5.95802,1.0845,8.91441,0.42336,36.966,0.42336,423.524,0,1.02816,0,0,3.37554,2.34738,1.028160,1,0,80.1898,0,0,0,80.1898,0
70.1187,2.6431,0,0,2.55878,0.237232,0.36288,3.6288,61.308,0.494249,0,0,1.02283,0.262915,0.265665,0.66528,12.849,1,0.479657,0.36288,0,64.9518,4.40066,60.4344,0.84672,12.849,0.84672,3695.15,0,36.966,0.29801,2.31929,1.99157,7.37253,1.334,10.0514,0.42336,36.966,0.42336,423.524,0,1.02816,0,0,3.34745,2.31929,1.028160,1,0,70.7514,0,0,0,70.7514,0
68.8878,2.63926,0,0,2.01709,0.245866,0.36288,3.6288,61.308,0.494299,0,0,0.762057,0.237344,0.0304139,0.66528,12.849,1,0.483636,0.36288,0,42.9977,4.21912,38.6578,0.84672,12.849,0.84672,3695.15,0,36.966,0.29804,1.39914,1.99166,4.30882,1.2642,6.13737,0.42336,36.966,0.42336,423.524,0,1.02816,0,0,2.4273,1.39914,1.028160,1,0,44.8256,0,0,0,44.8256,0
67.8269,2.59582,0,0,2.09735,0.199585,0.36288,3.6288,61.308,0.477293,0,0,0.742617,0.206114,0.0592088,0.66528,12.849,1,0.484174,0.36288,0,41.8845,4.0536,37.7096,0.84672,12.849,0.84672,3695.15,0,36.966,0.287787,1.38029,1.99175,4.93424,1.10693,6.91157,0.42336,36.966,0.42336,423.524,0,1.02816,0,0,2.40845,1.38029,1.028160,1,0,44.6804,0,0,0,44.6804,0
66.7403,2.58957,0,0,2.03663,0.170798,0.36288,3.6288,61.308,0.477342,0,0,0.802855,0.219194,0.106319,0.66528,12.849,1,0.490563,0.36288,0,40.3976,4.16892,36.101,0.84672,12.849,0.84672,3695.15,0,36.966,0.287816,1.5539,1.96265,5.4606,1.11381,7.57551,0.42336,36.966,0.42336,423.524,0,1.02816,0,0,2.58206,1.5539,1.028160,1,0,43.7828,0,0,0,43.7828,0
65.5191,2.58298,0,0,1.89407,0.16934,0.36288,3.6288,61.308,0.477392,0,0,0.742876,0.219194,0.0462905,0.66528,12.849,1,0.497282,0.36288,0,36.952,4.16892,32.6487,0.84672,12.849,0.84672,3695.15,0,36.966,0.287846,1.3102,1.96273,5.04195,1.11381,6.91322,0.42336,36.966,0.42336,423.524,0,1.02816,0,0,2.33836,1.3102,1.028160,1,0,39.6082,0,0,0,39.6082,0
64.3476,2.57535,0,0,1.93375,0.167038,0.36288,3.6288,61.308,0.477441,0,0,0.750859,0.20872,0.0646989,0.66528,12.849,1,0.505053,0.36288,0,37.6431,3.85986,33.6411,0.84672,12.849,0.84672,3695.15,0,36.966,0.287875,1.20414,1.96282,4.76493,1.12759,6.51642,0.42336,36.966,0.42336,423.524,0,1.02816,0,0,2.2323,1.20414,1.028160,1,0,40.2222,0,0,0,40.2222,0
62.9068,2.6896,0,0,1.74582,0.134159,0.36288,3.6288,61.1121,0.537984,0,0,0.560142,0.218041,0,0.66528,12.849,1,0.537063,0.36288,0,35.653,3.98787,31.4909,0.84672,12.849,0.84672,3695.15,0,36.966,0.32438,0.818329,1.96291,3.78541,1.03711,5.20515,0.42336,36.966,0.42336,423.524,0,1.02816,0,0,1.84649,0.818329,1.028160,1,0,36.6961,0,0,0,36.6961,0
61.3454,2.67951,0,0,1.59208,0.11109,0.36288,3.6288,60.8965,0.537387,0,0,0.547594,0.225807,0,0.66528,12.849,1,0.547301,0.36288,0,32.1389,4.20431,27.7502,0.84672,12.849,0.84672,3695.15,0,36.966,0.325059,0.73859,2.0653,3.50536,0.995569,4.98862,0.42336,36.966,0.42336,423.524,0,1.02816,0,0,1.76675,0.73859,1.028160,1,0,32.7388,0,0,0,32.7388,0
59.7652,2.6681,0,0,1.5605,0.109673,0.36288,3.6288,60.7265,0.536723,0,0,0.59225,0.225499,0,0.66528,12.849,1,0.558843,0.36288,0,30.7879,4.20431,26.3876,0.84672,12.849,0.84672,3695.15,0,36.966,0.325807,0.705249,2.06539,3.77713,0.995569,5.22639,0.42336,36.966,0.42336,423.524,0,1.02816,0,0,1.73341,0.705249,1.028160,1,0,31.614,0,0,0,31.614,0
58.0946,2.65606,0,0,1.45648,0.108168,0.36288,3.6288,60.5063,0.536207,0,0,0.541243,0.225256,0,0.66528,12.849,1,0.571029,0.36288,0,28.781,4.20431,24.3685,0.84672,12.849,0.84672,3695.15,0,36.966,0.326405,0.580833,2.06548,3.34472,0.995569,4.66905,0.42336,36.966,0.42336,423.524,0,1.02816,0,0,1.60899,0.580833,1.028160,1,0,29.0376,0,0,0,29.0376,0
56.2669,2.64273,0,0,1.28599,0.108094,0.36288,3.6288,60.0906,0.634469,0,0,0.435501,0.216713,0,0.66528,12.849,1,0.584502,0.36288,0,24.7651,4.15601,20.3875,0.84672,12.849,0.84672,3695.15,0,36.966,0.387625,0.30119,2.06557,2.58287,1.05378,3.50822,0.42336,36.966,0.42336,423.524,0,0.868761,0,0,1.16995,0.30119,1.028160,1,0,23.8957,0,0,0,23.8957,0
54.2927,2.60386,0,0,1.09992,0.107391,0.36288,3.6288,59.3339,0.921728,0,0,0.375017,0.209987,0,0.66528,12.849,1,0.594611,0.36288,0,22.362,4.11978,18.0105,0.84672,12.849,0.84672,3695.15,0,36.966,0.42336,0.30119,2.06566,1.96381,1.09743,2.80987,0.42336,36.966,0.42336,423.524,0,0.599158,0,0,0.900348,0.30119,1.028160,1,0,20.8204,0,0,0,20.8204,0
52.2332,2.58649,0,0,0.995173,0.105288,0.36288,3.6288,58.4794,0.993585,0,0,0.34803,0.208974,0,0.66528,12.849,1,0.612122,0.36288,0,20.0813,4.11978,15.7123,0.84672,12.849,0.84672,3695.15,0,36.966,0.42336,0.261274,2.10152,1.88347,1.09743,2.72547,0.42336,36.966,0.42336,423.524,0,0.527386,0,0,0.788659,0.261274,1.028160,1,0,18.4378,0,0,0,18.4378,0
50.1721,2.56723,0,0,0.94811,0.0791291,0.36288,3.6288,57.5464,0.989809,0,0,0.329299,0.272469,0,0.66528,12.849,1,0.63152,0.36288,0,18.1922,4.96668,12.9569,0.84672,12.849,0.84672,3695.15,0,36.966,0.42336,0.261274,2.10161,1.78448,1.40656,2.31744,0.42336,36.966,0.42336,423.524,0,0.531248,0,0,0.792521,0.261274,1.028160,1,0,15.2743,0,0,0,15.2743,0
48.0666,2.54669,0,0,0.877427,0.0733576,0.36288,3.6288,56.5855,0.999009,0,0,0.321442,0.283328,0,0.66528,12.849,1,0.652203,0.36288,0,17.1263,5.18986,11.6471,0.84672,12.849,0.84672,3695.15,0,36.966,0.42336,0.261274,2.1017,1.75136,1.45423,2.23674,0.42336,36.966,0.42336,423.524,0,0.522132,0,0,0.783406,0.261274,1.028160,1,0,13.8839,0,0,0,13.8839,0
46.0445,2.58316,0,0,0.994602,0.0706763,0.36288,3.6288,55.6963,0.985898,0,0,0.388925,0.292223,0,0.66528,12.849,1,0.690523,0.36288,0,18.1751,5.68208,12.1654,0.84672,12.849,0.84672,3695.15,0,36.966,0.42336,0.261274,2.10179,1.89293,1.43111,2.40153,0.42336,36.966,0.42336,423.524,0,0.582846,0,0,0.844119,0.261274,1.028160,1,0,14.5669,0,0,0,14.5669,0
43.9628,2.55957,0,0,0.909853,0.0691179,0.36288,3.6288,54.7695,1.00187,0,0,0.365545,0.29053,0,0.66528,12.849,1,0.714263,0.36288,0,17.0886,5.68208,11.0552,0.84672,12.849,0.84672,3695.15,0,36.966,0.42336,0.261274,2.15259,1.92674,1.43111,2.48613,0.42336,36.966,0.42336,423.524,0,0.566965,0,0,0.828239,0.261274,1.028160,1,0,13.5413,0,0,0,13.5413,0
41.8227,2.53351,0,0,0.823833,0.0675136,0.36288,3.6288,53.7775,1.05251,0,0,0.349259,0.288765,0,0.66528,12.849,1,0.740468,0.36288,0,16.0942,5.68208,10.0346,0.84672,12.849,0.84672,3695.15,0,36.966,0.42336,0.227405,2.15268,1.79145,1.43111,2.31707,0.42336,36.966,0.42336,423.524,0,0.516413,0,0,0.743818,0.227405,1.028160,1,0,12.3517,0,0,0,12.3517,0
39.6208,2.50463,0,0,0.720455,0.0548644,0.36288,3.6288,52.7655,1.06446,0,0,0.346782,0.294256,0,0.66528,12.849,1,0.769487,0.36288,0,15.3251,5.9064,9.01211,0.84672,12.849,0.84672,3695.15,0,36.966,0.42336,0.227405,2.15278,1.81061,1.47593,2.2915,0.42336,36.966,0.42336,423.524,0,0.504541,0,0,0.731946,0.227405,1.028160,1,0,11.3036,0,0,0,11.3036,0
37.2636,2.63757,0,0,0.707417,0.0641591,0.36288,3.6288,51.499,1.25687,0,0,0.309642,0.319293,0,0.66528,12.849,1,0.855363,0.36288,0,14.5029,6.28203,7.72842,0.84672,12.849,0.84672,3695.15,0,36.966,0.42336,0.227405,2.15287,1.92376,1.45972,2.42095,0.42336,36.966,0.42336,423.524,0,0.436569,0,0,0.663974,0.227405,1.028160,1,0,10.1494,0,0,0,10.1494,0
35.0714,2.59745,0,0,0.832222,0.0641002,0.36288,3.6288,50.3774,1.14756,0,0,0.357605,0.331652,0,0.66528,12.849,1,0.895637,0.36288,0,17.2243,6.47304,10.2185,0.84672,12.849,0.84672,3695.15,0,36.966,0.42336,0.227405,2.29002,2.11086,1.51254,2.69239,0.42336,36.966,0.42336,423.524,0,0.545875,0,0,0.77328,0.227405,1.028160,1,0,12.9109,0,0,0,12.9109,0
32.7493,2.55659,0,0,0.659863,0.0624411,0.36288,3.6288,49.0001,1.31708,0,0,0.268413,0.328641,0,0.66528,12.849,1,0.936651,0.36288,0,18.9129,6.47304,11.8661,0.84672,12.849,0.84672,3695.15,0,36.966,0.42336,0.204422,2.29004,1.69487,1.51254,2.25345,0.42336,36.966,0.42336,423.524,0,0.376363,0,0,0.580785,0.204422,1.028160,1,0,14.1195,0,0,0,14.1195,0
30.6188,2.509,0,0,0.802043,0.0606837,0.36288,3.6288,48.1717,0.934959,0,0,0.431531,0.324942,0,0.66528,12.849,1,0.984392,0.36288,0,16.4862,6.47304,9.39169,0.84672,12.849,0.84672,3695.15,0,36.966,0.42336,0.204422,2.29007,2.44209,1.51254,3.00069,0.42336,36.966,0.42336,423.524,0,0.758481,0,0,0.962903,0.204422,1.028160,1,0,12.3924,0,0,0,12.3924,0
28.6065,2.46086,0,0,0.890689,0.0792333,0.36288,3.6288,47.2786,0.966954,0,0,0.387951,0.314118,0,0.66528,12.849,1,1.03269,0.36288,0,19.8672,6.04191,13.1554,0.84672,12.849,0.84672,3695.15,0,36.966,0.42336,0.204422,2.2901,2.42709,1.3584,3.13986,0.42336,36.966,0.42336,423.524,0,0.726486,0,0,0.930908,0.204422,1.028160,1,0,16.2953,0,0,0,16.2953,0
26.7327,2.33728,0,0,0.92772,0.101412,0.36288,3.6288,46.4811,0.860611,0,0,0.378054,0.314931,0,0.66528,12.849,1,1.04982,0.36288,0,19.9079,5.89837,13.3225,0.84672,12.849,0.84672,3695.15,0,36.966,0.42336,0.204422,2.29013,1.91791,1.32077,2.66833,0.42336,36.966,0.42336,423.524,0,0.776356,0,0,0.980778,0.204422,1.028160,1,0,15.9909,0,0,0,15.9909,0
24.7771,2.28768,0,0,0.7938,0.098818,0.36288,3.6288,45.4878,0.997171,0,0,0.316608,0.312761,0,0.66528,12.849,1,1.09957,0.36288,0,18.1449,5.89837,11.5098,0.84672,12.849,0.84672,3695.15,0,36.966,0.42336,0.216518,2.22655,1.79515,1.32077,2.49409,0.42336,36.966,0.42336,423.524,0,0.639887,0,0,0.856405,0.216518,1.028160,1,0,14.0039,0,0,0,14.0039,0
23.1765,2.23063,0,0,1.08903,0.0961107,0.36288,3.6288,44.855,0.763454,0,0,0.440521,0.309895,0,0.66528,12.849,1,1.15677,0.36288,0,21.4301,5.89837,14.7378,0.84672,12.849,0.84672,3695.15,0,36.966,0.42336,0.216518,2.22665,2.82866,1.32077,3.5277,0.42336,36.966,0.42336,423.524,0,0.873694,0,0,1.09021,0.216518,1.028160,1,0,18.2655,0,0,0,18.2655,0
22.1481,2.17933,0,0,1.61727,0.103462,0.36288,3.6288,44.4237,0.649315,0,0,0.516742,0.298735,0,0.66528,12.849,1,1.20822,0.36288,0,31.2178,5.73036,24.6421,0.84672,12.849,0.84672,3695.15,0,36.966,0.42336,0.216518,2.22675,5.2458,1.27718,5.98853,0.42336,36.966,0.42336,423.524,0,0.987924,0,0,1.20444,0.216518,1.028160,1,0,30.6306,0,0,0,30.6306,0
20.8887,2.08854,0,0,1.30417,0.112154,0.36288,3.6288,43.7665,0.847014,0,0,0.410098,0.220271,0,0.66528,12.849,1,1.21165,0.36288,0,23.41,4.46158,18.0996,0.84672,12.849,0.84672,3695.15,0,36.966,0.42336,0.216518,2.22684,2.93939,1.03585,3.92354,0.42336,36.966,0.42336,423.524,0,0.695503,0,0,0.912021,0.216518,1.028160,1,0,22.0232,0,0,0,22.0232,0
19.7133,2.0434,0,0,1.38507,0.154158,0.36288,3.6288,42.7749,1.07143,0,0,0.29161,0.211764,0,0.66528,12.849,1,1.25693,0.36288,0,25.406,4.53947,19.9725,0.84672,12.849,0.84672,3695.15,0,36.966,0.42336,0.216518,2.13729,2.56471,1.13506,3.36009,0.42336,36.966,0.42336,423.524,0,0.471172,0,0,0.68769,0.216518,1.028160,1,0,23.3326,0,0,0,23.3326,0
18.8173,1.99812,0,0,1.61669,0.151672,0.36288,3.6288,42.6224,0.514529,0,0,0.571845,0.209777,0,0.66528,12.849,1,1.30236,0.36288,0,29.5724,4.53947,24.0934,0.84672,12.849,0.84672,3695.15,0,36.966,0.42336,0.562304,2.13738,4.07198,1.13506,5.21325,0.42336,36.966,0.42336,423.524,0,1.02816,0,0,1.59046,0.562304,1.028160,1,0,29.3067,0,0,0,29.3067,0
20.658,1.96135,0,0,4.31466,0.149777,0.36288,3.6288,43.2988,0.514615,0,0,1.40042,0.209471,0,0.66528,12.849,1,1.33927,0.36288,0,86.9114,4.53947,81.3955,0.84672,12.849,0.84672,3695.15,0,36.966,0.42336,1.94762,2.13748,7.68768,1.13506,10.2144,0.42336,36.966,0.42336,423.524,0,1.02816,0,0,2.97578,1.94762,1.028160,1,0,91.6099,0,0,0,91.6099,0
20.8784,1.88175,0,0,2.62291,0.157851,0.36288,3.6288,43.5446,0.399495,0,0,0.836968,0.191679,0,0.66528,12.849,1,1.17043,0.36288,0,58.9055,3.99684,54.1011,0.84672,12.849,0.84672,3695.15,0,36.966,0.341066,0.76413,2.13757,6.52491,1.01307,8.07248,0.42336,36.966,0.42336,423.524,0,1.02816,0,0,1.79229,0.76413,1.028160,1,0,62.1736,0,0,0,62.1736,0
22.5901,1.88948,0,0,4.12407,0.160007,0.36288,3.6288,43.3981,0.400578,0,0,0.438601,0.18445,0,0.66528,12.849,1,1.16283,0.36288,0,74.0591,3.77979,69.4794,0.84672,12.849,0.84672,3695.15,0,36.966,0.34006,0.413709,1.93849,5.99873,0.964269,7.04661,0.42336,36.966,0.42336,423.524,0,1.02816,0,0,1.44187,0.413709,1.028160,1,0,76.526,0,0,0,76.526,0
23.7687,1.94573,0,0,3.65101,0.163765,0.36288,3.6288,44.9083,0.400001,0,0,2.09439,0.184194,0,0.66528,12.849,1,1.10671,0.36288,0,91.1295,3.77979,86.6059,0.84672,12.849,0.84672,3695.15,0,36.966,0.340716,2.40336,1.93858,7.08687,0.964269,10.1238,0.42336,36.966,0.42336,423.524,0,1.02816,0,0,3.43152,2.40336,1.028160,1,0,96.7297,0,0,0,96.7297,0
25.0626,1.98144,0,0,3.80976,0.171526,0.36288,3.6288,45.8557,0.406328,0,0,1.53981,0.186151,0,0.66528,12.849,1,1.07114,0.36288,0,100.583,3.90519,95.9691,0.84672,12.849,0.84672,3695.15,0,36.966,0.334466,1.78592,1.93866,5.83777,1.01699,8.2109,0.42336,36.966,0.42336,423.524,0,1.02816,0,0,2.81408,1.78592,1.028160,1,0,104.18,0,0,0,104.18,0
25.18,2.01809,0,0,2.68999,0.191622,0.36288,3.6288,46.0602,0.410196,0,0,0.802595,0.187873,0,0.66528,12.849,1,1.03462,0.36288,0,57.4285,4.33113,52.4256,0.84672,12.849,0.84672,3695.15,0,36.966,0.330675,1.31991,1.93875,4.57654,1.16695,6.33757,0.42336,36.966,0.42336,423.524,0,1.02816,0,0,2.34807,1.31991,1.028160,1,0,58.7632,0,0,0,58.7632,0
29.0338,2.08469,0,0,6.47,0.168635,0.36288,3.6288,46.6735,0.442783,0,0,1.24315,0.187096,0,0.66528,12.849,1,1.06378,0.36288,0,99.735,3.91227,95.1218,0.84672,12.849,0.84672,3695.15,0,36.966,0.35536,2.88851,1.93883,10.7829,0.838145,14.4167,0.42336,36.966,0.42336,423.524,0,1.02816,0,0,3.91667,2.88851,1.028160,1,0,109.539,0,0,0,109.539,0
31.9037,2.18265,0,0,5.59893,0.183574,0.36288,3.6288,46.9807,0.445425,0,0,0.969615,0.216896,0,0.66528,12.849,1,0.965936,0.36288,0,136.012,4.81803,130.591,0.84672,12.849,0.84672,3695.15,0,36.966,0.352782,2.49632,2.00103,11.01,1.12873,14.0258,0.42336,36.966,0.42336,423.524,0,1.02816,0,0,3.52448,2.49632,1.028160,1,0,144.616,0,0,0,144.616,0
37.7249,2.24467,0,0,8.61944,0.190651,0.36288,3.6288,48.9209,0.446752,0,0,2.60438,0.21747,0,0.66528,12.849,1,0.904026,0.36288,0,194.206,4.81803,188.847,0.84672,12.849,0.84672,3695.15,0,36.966,0.351519,5.18055,2.0011,17.7698,1.12873,23.4712,0.42336,36.966,0.42336,423.524,0,1.02816,0,0,6.20871,5.18055,1.028160,1,0,212.318,0,0,0,212.318,0
42.4855,2.34881,0,0,7.67688,0.20464,0.36288,3.6288,51.2076,0.45473,0,0,2.96245,0.221016,0,0.66528,12.849,1,0.799997,0.36288,0,310.309,4.81803,305.054,0.84672,12.849,0.84672,3695.15,0,36.966,0.343606,5.46354,2.00117,17.6527,1.12873,23.6451,0.42336,36.966,0.42336,423.524,0,1.02816,0,0,6.4917,5.46354,1.028160,1,0,328.699,0,0,0,328.699,0
46.4392,2.65354,0,0,7.16822,0.198017,0.36288,3.6288,51.9391,0.589805,0,0,1.51684,0.195567,0,0.66528,12.849,1,0.802517,0.36288,0,228.192,3.24906,224.503,0.84672,12.849,0.84672,3695.15,0,36.966,0.42336,3.49987,2.00124,9.13222,0.918317,13.2916,0.42336,36.966,0.42336,423.524,0,1.02816,0,0,4.52803,3.49987,1.028160,1,0,237.795,0,0,0,237.795,0
50.6971,2.70715,0,0,7.53175,0.203908,0.36288,3.6288,52.9954,0.591941,0,0,1.83998,0.191761,0,0.66528,12.849,1,0.749025,0.36288,0,241.504,2.98757,238.131,0.84672,12.849,0.84672,3695.15,0,36.966,0.421295,4.18289,2.22479,10.566,0.883248,15.6692,0.42336,36.966,0.42336,423.524,0,1.02816,0,0,5.21105,4.18289,1.028160,1,0,253.8,0,0,0,253.8,0
53.629,2.75743,0,0,6.27077,0.218466,0.36288,3.6288,53.6969,0.59693,0,0,1.50534,0.206914,0,0.66528,12.849,1,0.698862,0.36288,0,165.475,3.44648,161.693,0.84672,12.849,0.84672,3695.15,0,36.966,0.416378,3.73405,2.22487,8.0727,1.00667,12.6086,0.42336,36.966,0.42336,423.524,0,1.02816,0,0,4.76221,3.73405,1.028160,1,0,174.301,0,0,0,174.301,0
58.1386,2.78836,0,0,7.91415,0.253413,0.36288,3.6288,54.2097,0.600194,0,0,1.3182,0.205201,0,0.66528,12.849,1,0.668063,0.36288,0,202.342,3.67647,198.36,0.84672,12.849,0.84672,3695.15,0,36.966,0.413186,2.92504,2.22495,8.10873,1.02825,11.8173,0.42336,36.966,0.42336,423.524,0,1.02816,0,0,3.9532,2.92504,1.028160,1,0,210.178,0,0,0,210.178,0
63.0862,2.47206,0,0,8.06454,0.282002,0.36288,3.6288,55.5294,0.431174,0,0,1.90884,0.157943,0,0.66528,12.849,1,0.546341,0.36288,0,162.452,2.49873,159.77,0.84672,12.849,0.84672,3695.15,0,36.966,0.294021,3.68974,2.22503,11.0116,0.894321,15.738,0.42336,36.966,0.42336,423.524,0,1.02816,0,0,4.7179,3.68974,1.028160,1,0,175.508,0,0,0,175.508,0
65.9086,2.50775,0,0,5.99062,0.297588,0.36288,3.6288,56.3928,0.435406,0,0,1.45008,0.151254,0,0.66528,12.849,1,0.510762,0.36288,0,143.818,2.30244,141.368,0.84672,12.849,0.84672,3695.15,0,36.966,0.289851,2.29583,1.92029,10.2836,0.871999,13.3379,0.42336,36.966,0.42336,423.524,0,1.02816,0,0,3.32399,2.29583,1.028160,1,0,154.706,0,0,0,154.706,0
68.6903,2.52614,0,0,5.94733,0.276564,0.36288,3.6288,57.3638,0.438124,0,0,1.56145,0.152354,0,0.66528,12.849,1,0.492475,0.36288,0,162.815,2.49057,160.195,0.84672,12.849,0.84672,3695.15,0,36.966,0.287194,3.22501,1.92036,8.96262,0.931153,12.8896,0.42336,36.966,0.42336,423.524,0,1.02816,0,0,4.25317,3.22501,1.028160,1,0,173.084,0,0,0,173.084,0
71.8824,2.54303,0,0,6.38372,0.285756,0.36288,3.6288,58.531,0.441118,0,0,1.78236,0.173968,0,0.66528,12.849,1,0.475691,0.36288,0,126.309,3.54006,122.656,0.84672,12.849,0.84672,3695.15,0,36.966,0.284262,3.0211,1.92043,9.84105,1.08244,13.4159,0.42336,36.966,0.42336,423.524,0,1.02816,0,0,4.04926,3.0211,1.028160,1,0,136.072,0,0,0,136.072,0
72.29,2.56104,0,0,9.21223,0.295768,5.94779,3.6288,60.8479,0.44463,0,0,2.95215,0.190663,0,0.66528,12.849,1,0.457787,5.94779,0,164.557,3.55506,166.492,0.84672,12.849,0.84672,3695.15,0,36.966,0.280812,3.57087,1.92049,13.3967,1.05072,17.5565,0.42336,36.966,0.42336,423.524,0,1.02816,0,0,4.59903,3.57087,1.028160,1,0,184.049,0,0,0,184.049,0
72.29,2.65698,0,0,7.20282,0.30472,4.24112,3.6288,61.308,0.495196,0,0,1.26722,0.182984,0.128939,0.66528,12.849,1,0.472258,4.24112,0,184.302,3.36315,184.707,0.84672,12.849,0.84672,3695.15,0,36.966,0.300839,2.0721,1.92056,10.9576,1.00508,13.6443,0.42336,36.966,0.42336,423.524,0,1.02816,0,0,3.10026,2.0721,1.028160,1,0,198.481,0,0,0,198.481,0
72.29,2.65707,0,0,6.92643,0.30472,3.96464,3.6288,61.308,0.496644,0,0,2.89872,0.183518,2.21856,0.66528,12.849,1,0.472275,3.96464,0,158.227,3.36315,158.356,0.84672,12.849,0.84672,3695.15,0,36.966,0.299454,4.09317,1.99579,11.9242,1.00508,16.7086,0.42336,36.966,0.42336,423.524,0,1.02816,0,0,5.12133,4.09317,1.028160,1,0,177.283,0,0,0,177.283,0
72.29,2.65717,0,0,5.78357,0.30472,2.82169,3.6288,61.308,0.496684,0,0,2.16039,0.183518,1.48019,0.66528,12.849,1,0.472291,2.82169,0,161.101,3.36315,160.087,0.84672,12.849,0.84672,3695.15,0,36.966,0.299479,3.35833,1.99586,10.1822,1.00508,14.2318,0.42336,36.966,0.42336,423.524,0,1.02816,0,0,4.38649,3.35833,1.028160,1,0,175.799,0,0,0,175.799,0
72.29,2.65726,0,0,5.69352,0.263137,2.77312,3.6288,61.308,0.496724,0,0,1.26577,0.206935,0.562109,0.66528,12.849,1,0.472308,2.77312,0,123.485,3.72029,122.066,0.84672,12.849,0.84672,3695.15,0,36.966,0.299503,2.04607,1.99593,9.38269,1.05547,12.0697,0.42336,36.966,0.42336,423.524,0,1.02816,0,0,3.07423,2.04607,1.028160,1,0,134.698,0,0,0,134.698,0
72.29,2.62073,0,0,4.49415,0.201126,1.67229,3.6288,61.308,0.479673,0,0,1.20635,0.247532,0.479146,0.66528,12.849,1,0.465815,1.67229,0,94.7316,4.64153,91.2965,0.84672,12.849,0.84672,3695.15,0,36.966,0.289221,1.84885,1.996,6.37814,1.11735,8.81643,0.42336,36.966,0.42336,423.524,0,1.02816,0,0,2.87701,1.84885,1.028160,1,0,100.592,0,0,0,100.592,0
72.29,2.62082,0,0,4.2318,0.201126,1.40986,3.6288,61.308,0.479712,0,0,1.16129,0.247532,0.434049,0.66528,12.849,1,0.465831,1.40986,0,92.9007,4.64153,89.2032,0.84672,12.849,0.84672,3695.15,0,36.966,0.289245,1.86866,1.96682,6.94905,1.11735,9.37794,0.42336,36.966,0.42336,423.524,0,1.02816,0,0,2.89682,1.86866,1.028160,1,0,99.0152,0,0,0,99.0152,0
72.29,2.62091,0,0,3.37521,0.201126,0.553168,3.6288,61.308,0.479752,0,0,0.869927,0.247532,0.142643,0.66528,12.849,1,0.465848,0.553168,0,75.7797,4.64153,71.2255,0.84672,12.849,0.84672,3695.15,0,36.966,0.289269,1.01041,1.96689,6.07135,1.11735,7.64204,0.42336,36.966,0.42336,423.524,0,1.02816,0,0,2.03857,1.01041,1.028160,1,0,79.0102,0,0,0,79.0102,0
72.29,2.62101,0,0,3.42964,0.201126,0.607508,3.6288,61.308,0.479791,0,0,0.845294,0.247532,0.117971,0.66528,12.849,1,0.465864,0.607508,0,70.0756,4.64153,65.5757,0.84672,12.849,0.84672,3695.15,0,36.966,0.289293,0.949432,1.96696,6.12127,1.11735,7.63102,0.42336,36.966,0.42336,423.524,0,1.02816,0,0,1.97759,0.949432,1.028160,1,0,73.3247,0,0,0,73.3247,0
71.9879,2.74544,0,0,2.95284,0.146607,0.36288,3.6288,61.2479,0.540451,0,0,0.721872,0.241527,0,0.66528,12.849,1,0.48798,0.36288,0,59.2428,4.88347,54.2342,0.84672,12.849,0.84672,3695.15,0,36.966,0.325868,0.842193,1.96703,4.52992,1.04444,5.96883,0.42336,36.966,0.42336,423.524,0,1.02816,0,0,1.87035,0.842193,1.028160,1,0,60.203,0,0,0,60.203,0
71.6002,2.74379,0,0,2.85975,0.140784,0.36288,3.6288,61.1904,0.540293,0,0,0.713776,0.230996,0,0.66528,12.849,1,0.489735,0.36288,0,53.3323,5.00619,48.1993,0.84672,12.849,0.84672,3695.15,0,36.966,0.326093,0.678413,2.06962,4.10977,1.02961,5.5021,0.42336,36.966,0.42336,423.524,0,1.02816,0,0,1.70657,0.678413,1.028160,1,0,53.7014,0,0,0,53.7014,0
71.0645,2.74164,0,0,2.71402,0.145261,0.36288,3.6288,61.1231,0.540144,0,0,0.702492,0.229596,0,0.66528,12.849,1,0.492001,0.36288,0,51.0881,4.92158,46.0375,0.84672,12.849,0.84672,3695.15,0,36.966,0.326309,0.817733,2.06969,3.84706,1.03288,5.3753,0.42336,36.966,0.42336,423.524,0,1.02816,0,0,1.84589,0.817733,1.028160,1,0,51.4128,0,0,0,51.4128,0
70.3194,2.7386,0,0,2.51928,0.162889,0.36288,3.6288,61.0326,0.539962,0,0,0.67519,0.225753,0,0.66528,12.849,1,0.49516,0.36288,0,47.2869,4.44594,42.7087,0.84672,12.849,0.84672,3695.15,0,36.966,0.326558,0.756043,2.06976,3.57843,1.06198,5.01569,0.42336,36.966,0.42336,423.524,0,1.02816,0,0,1.7842,0.756043,1.028160,1,0,47.7244,0,0,0,47.7244,0
69.715,2.73426,0,0,2.60299,0.110239,0.36288,3.6288,60.9797,0.539702,0,0,0.745209,0.258389,0,0.66528,12.849,1,0.499613,0.36288,0,46.7676,4.85553,41.7754,0.84672,12.849,0.84672,3695.15,0,36.966,0.326884,0.777565,2.06984,4.18936,1.1264,5.58348,0.42336,36.966,0.42336,423.524,0,1.02816,0,0,1.80573,0.777565,1.028160,1,0,47.3588,0,0,0,47.3588,0
69.263,2.70624,0,0,2.74534,0.128227,0.36288,3.6288,60.9596,0.572823,0,0,0.821517,0.268836,0,0.66528,12.849,1,0.498781,0.36288,0,49.2643,5.14521,43.9832,0.84672,12.849,0.84672,3695.15,0,36.966,0.347246,0.739394,2.06991,4.89664,1.13612,6.22258,0.42336,36.966,0.42336,423.524,0,1.02816,0,0,1.76755,0.739394,1.028160,1,0,50.2058,0,0,0,50.2058,0
68.699,2.70359,0,0,2.61153,0.109077,0.36288,3.6288,60.8729,0.572794,0,0,0.785946,0.299823,0,0.66528,12.849,1,0.501544,0.36288,0,47.1309,5.57955,41.4126,0.84672,12.849,0.84672,3695.15,0,36.966,0.347344,0.72201,2.10582,4.66451,1.28312,5.86188,0.42336,36.966,0.42336,423.524,0,1.02816,0,0,1.75017,0.72201,1.028160,1,0,47.2745,0,0,0,47.2745,0
67.9787,2.70022,0,0,2.45093,0.108055,0.36288,3.6288,60.7698,0.572529,0,0,0.765858,0.296477,0,0.66528,12.849,1,0.505031,0.36288,0,45.4791,5.93093,39.4061,0.84672,12.849,0.84672,3695.15,0,36.966,0.347677,0.771129,2.1059,4.62953,1.32982,5.82906,0.42336,36.966,0.42336,423.524,0,1.02816,0,0,1.79929,0.771129,1.028160,1,0,45.2351,0,0,0,45.2351,0
67.0714,2.69581,0,0,2.25882,0.107448,0.36288,3.6288,60.6405,0.572205,0,0,0.739238,0.296283,0,0.66528,12.849,1,0.509549,0.36288,0,42.8897,5.93093,36.8121,0.84672,12.849,0.84672,3695.15,0,36.966,0.34807,0.662463,2.10597,4.22811,1.32982,5.31866,0.42336,36.966,0.42336,423.524,0,1.02816,0,0,1.69062,0.662463,1.028160,1,0,42.1308,0,0,0,42.1308,0
65.8491,2.7529,0,0,1.99034,0.0968762,0.36288,3.6288,60.3855,0.617949,0,0,0.680287,0.317395,0,0.66528,12.849,1,0.527379,0.36288,0,37.1125,5.8106,31.1374,0.84672,12.849,0.84672,3695.15,0,36.966,0.376697,0.261274,2.10605,2.71333,1.44431,3.25964,0.42336,36.966,0.42336,423.524,0,1.00147,0,0,1.26274,0.261274,1.028160,1,0,34.3971,0,0,0,34.3971,0
64.5869,2.74481,0,0,1.94147,0.0959407,0.36288,3.6288,60.0949,0.600451,0,0,0.626789,0.316881,0,0.66528,12.849,1,0.535589,0.36288,0,37.0653,5.8106,31.082,0.84672,12.849,0.84672,3695.15,0,36.966,0.367576,0.347224,2.15692,2.90752,1.44431,3.59978,0.42336,36.966,0.42336,423.524,0,1.02816,0,0,1.37538,0.347224,1.028160,1,0,34.6818,0,0,0,34.6818,0
63.2097,2.73617,0,0,1.81676,0.0949747,0.36288,3.6288,59.7594,0.599394,0,0,0.580179,0.316296,0,0.66528,12.849,1,0.544338,0.36288,0,33.4607,5.8106,27.4687,0.84672,12.849,0.84672,3695.15,0,36.966,0.368703,0.288213,2.157,2.59495,1.44431,3.22714,0.42336,36.966,0.42336,423.524,0,1.02816,0,0,1.31637,0.288213,1.028160,1,0,30.6958,0,0,0,30.6958,0
61.6943,2.72641,0,0,1.66786,0.0939205,0.36288,3.6288,59.3902,0.627384,0,0,0.573804,0.31562,0,0.66528,12.849,1,0.554214,0.36288,0,30.5871,5.8106,24.5851,0.84672,12.849,0.84672,3695.15,0,36.966,0.388087,0.227405,2.15708,2.53796,1.44431,3.09004,0.42336,36.966,0.42336,423.524,0,0.980856,0,0,1.20826,0.227405,1.028160,1,0,27.6752,0,0,0,27.6752,0
59.9781,2.89658,0,0,1.6446,0.101349,0.36288,3.6288,59.0615,0.66528,0,0,0.643999,0.307449,0,0.66528,12.849,1,0.603268,0.36288,0,29.5921,5.78141,23.5703,0.84672,12.849,0.84672,3695.15,0,36.966,0.42336,0.507635,2.15715,3.28012,1.4412,4.08035,0.42336,36.966,0.42336,423.524,0,1.02816,0,0,1.53579,0.507635,1.028160,1,0,27.6506,0,0,0,27.6506,0
58.0284,2.88247,0,0,1.41747,0.121767,0.36288,3.6288,58.6975,0.66528,0,0,0.59359,0.292307,0,0.66528,12.849,1,0.617506,0.36288,0,27.2824,5.4978,21.53,0.84672,12.849,0.84672,3695.15,0,36.966,0.42336,0.536077,2.29131,3.00122,1.38658,4.01868,0.42336,36.966,0.42336,423.524,0,1.02816,0,0,1.56424,0.536077,1.028160,1,0,25.5487,0,0,0,25.5487,0
56.3239,2.86558,0,0,1.64345,0.119496,0.36288,3.6288,58.3611,0.66528,0,0,0.620548,0.291625,0,0.66528,12.849,1,0.634514,0.36288,0,26.0315,5.4978,20.2621,0.84672,12.849,0.84672,3695.15,0,36.966,0.42336,0.483261,2.29133,3.74463,1.38658,4.70929,0.42336,36.966,0.42336,423.524,0,1.02816,0,0,1.51142,0.483261,1.028160,1,0,24.9714,0,0,0,24.9714,0
54.1977,2.85005,0,0,1.21078,0.124095,0.36288,3.6288,57.9416,0.66528,0,0,0.536922,0.291114,0,0.66528,12.849,1,0.650172,0.36288,0,25.3121,5.5311,19.4937,0.84672,12.849,0.84672,3695.15,0,36.966,0.42336,0.422608,2.29136,2.5575,1.38005,3.46805,0.42336,36.966,0.42336,423.524,0,1.02816,0,0,1.45077,0.422608,1.028160,1,0,22.9617,0,0,0,22.9617,0
52.1297,2.82953,0,0,1.27057,0.146196,0.36288,3.6288,57.5534,0.66528,0,0,0.552507,0.275453,0,0.66528,12.849,1,0.670815,0.36288,0,26.0445,5.22762,20.5089,0.84672,12.849,0.84672,3695.15,0,36.966,0.42336,0.244771,2.29138,3.58335,1.26964,4.4265,0.42336,36.966,0.42336,423.524,0,1.02816,0,0,1.27293,0.244771,1.028160,1,0,24.9355,0,0,0,24.9355,0
50.1786,2.72259,0,0,1.31703,0.182598,0.36288,3.6288,57.0171,0.820941,0,0,0.521846,0.237275,0,0.66528,12.849,1,0.671069,0.36288,0,28.6965,4.35792,24.0304,0.84672,12.849,0.84672,3695.15,0,36.966,0.42336,0.204422,2.2914,4.83118,1.01535,5.88829,0.42336,36.966,0.42336,423.524,0,0.820016,0,0,1.02444,0.204422,1.028160,1,0,29.9186,0,0,0,29.9186,0
48.5141,2.70192,0,0,1.57918,0.178914,0.36288,3.6288,56.8272,0.628653,0,0,0.675295,0.236451,0,0.66528,12.849,1,0.691867,0.36288,0,42.5259,4.35792,37.839,0.84672,12.849,0.84672,3695.15,0,36.966,0.407576,0.443448,2.23086,5.06273,1.01535,6.31412,0.42336,36.966,0.42336,423.524,0,1.02816,0,0,1.47161,0.443448,1.028160,1,0,44.1531,0,0,0,44.1531,0
46.8782,2.68324,0,0,1.58603,0.175752,0.36288,3.6288,56.604,0.627873,0,0,0.640741,0.23616,0,0.66528,12.849,1,0.710659,0.36288,0,36.751,4.35792,32.0453,0.84672,12.849,0.84672,3695.15,0,36.966,0.40843,0.461471,2.23094,5.75064,1.01535,7.01927,0.42336,36.966,0.42336,423.524,0,1.02816,0,0,1.48963,0.461471,1.028160,1,0,39.0646,0,0,0,39.0646,0
47.8189,2.66387,0,0,4.14003,0.172632,0.36288,3.6288,57.7591,0.626942,0,0,2.01788,0.235816,0,0.66528,12.849,1,0.730149,0.36288,0,80.7153,4.35792,75.9901,0.84672,12.849,0.84672,3695.15,0,36.966,0.409433,4.99635,2.23102,8.24339,1.01535,14.046,0.42336,36.966,0.42336,423.524,0,1.02816,0,0,6.02451,4.99635,1.028160,1,0,90.0361,0,0,0,90.0361,0
46.0588,2.60618,0,0,1.4612,0.252215,0.36288,3.6288,57.6697,0.574057,0,0,0.659693,0.175048,0,0.66528,12.849,1,0.700284,0.36288,0,34.1984,3.87051,29.9905,0.84672,12.849,0.84672,3695.15,0,36.966,0.367398,0.445644,2.2311,4.11432,0.943748,5.47991,0.42336,36.966,0.42336,423.524,0,1.02816,0,0,1.4738,0.445644,1.028160,1,0,35.4704,0,0,0,35.4704,0
44.9162,2.58535,0,0,2.04305,0.237459,0.36288,3.6288,57.5558,0.604021,0,0,0.676079,0.185953,0,0.66528,12.849,1,0.721232,0.36288,0,38.932,4.07012,34.5035,0.84672,12.849,0.84672,3695.15,0,36.966,0.387175,0.216518,2.14136,5.76918,1.00263,6.73724,0.42336,36.966,0.42336,423.524,0,0.978489,0,0,1.19501,0.216518,1.028160,1,0,41.2408,0,0,0,41.2408,0
44.9883,2.57117,0,0,3.2406,0.234434,0.36288,3.6288,58.212,0.573351,0,0,1.41542,0.185816,0,0.66528,12.849,1,0.735525,0.36288,0,52.9693,4.07012,48.5266,0.84672,12.849,0.84672,3695.15,0,36.966,0.368243,1.01952,2.14143,9.28912,1.00263,11.0792,0.42336,36.966,0.42336,423.524,0,1.02816,0,0,2.04768,1.01952,1.028160,1,0,59.6058,0,0,0,59.6058,0
43.9006,2.57218,0,0,2.08202,0.234625,0.36288,3.6288,58.5048,0.575933,0,0,1.05533,0.186605,0,0.66528,12.849,1,0.734634,0.36288,0,36.4321,4.07012,31.9902,0.84672,12.849,0.84672,3695.15,0,36.966,0.365731,0.747939,2.14151,9.16483,1.00263,10.6859,0.42336,36.966,0.42336,423.524,0,1.02816,0,0,1.7761,0.747939,1.028160,1,0,42.6762,0,0,0,42.6762,0
44.1301,2.36553,0,0,3.21019,0.252335,0.36288,3.6288,58.9115,0.455842,0,0,1.07003,0.207488,0,0.66528,12.849,1,0.692351,0.36288,0,46.7471,3.95368,42.4639,0.84672,12.849,0.84672,3695.15,0,36.966,0.288022,0.842422,2.14158,5.88184,1.03095,7.54687,0.42336,36.966,0.42336,423.524,0,1.02816,0,0,1.87058,0.842422,1.028160,1,0,50.0108,0,0,0,50.0108,0
47.3583,2.3684,0,0,6.18495,0.225459,0.36288,3.6288,59.8254,0.457102,0,0,1.57666,0.205635,0,0.66528,12.849,1,0.689587,0.36288,0,96.7317,3.56192,92.8431,0.84672,12.849,0.84672,3695.15,0,36.966,0.286824,1.22139,1.94211,5.10121,0.981115,6.99678,0.42336,36.966,0.42336,423.524,0,1.02816,0,0,2.24955,1.22139,1.028160,1,0,99.8399,0,0,0,99.8399,0
48.5562,2.40546,0,0,4.20004,0.233752,0.36288,3.6288,60.3492,0.459849,0,0,1.19051,0.206841,0,0.66528,12.849,1,0.652636,0.36288,0,91.0846,3.56192,87.2329,0.84672,12.849,0.84672,3695.15,0,36.966,0.284139,2.02109,1.94218,4.6312,0.981115,7.32921,0.42336,36.966,0.42336,423.524,0,1.02816,0,0,3.04925,2.02109,1.028160,1,0,94.5621,0,0,0,94.5621,0
48.3374,2.41827,0,0,2.79912,0.236829,0.36288,3.6288,60.3213,0.461417,0,0,0.641,0.207532,0,0.66528,12.849,1,0.639926,0.36288,0,49.6986,3.56192,45.8596,0.84672,12.849,0.84672,3695.15,0,36.966,0.282634,0.439569,1.94225,3.88233,0.981115,5.0004,0.42336,36.966,0.42336,423.524,0,1.02816,0,0,1.46773,0.439569,1.028160,1,0,50.86,0,0,0,50.86,0
49.2715,2.41607,0,0,3.97666,0.263607,0.36288,3.6288,60.6483,0.461374,0,0,1.02565,0.237286,0,0.66528,12.849,1,0.642238,0.36288,0,62.0873,4.30351,57.5044,0.84672,12.849,0.84672,3695.15,0,36.966,0.282739,1.02095,1.94232,5.47863,1.18248,6.97668,0.42336,36.966,0.42336,423.524,0,1.02816,0,0,2.04911,1.02095,1.028160,1,0,64.4811,0,0,0,64.4811,0
47.8475,2.5018,0,0,1.71476,0.274033,0.36288,3.6288,60.8744,0.49796,0,0,0.955057,0.231016,0,0.66528,12.849,1,0.652418,0.36288,0,41.2108,4.75314,36.1681,0.84672,12.849,0.84672,3695.15,0,36.966,0.303514,0.42768,1.94239,3.06761,1.14289,3.99127,0.42336,36.966,0.42336,423.524,0,1.02816,0,0,1.45584,0.42768,1.028160,1,0,40.1594,0,0,0,40.1594,0
47.5856,2.48656,0,0,2.85733,0.269833,0.36288,3.6288,61.308,0.498692,0,0,1.16427,0.231348,0.00060148,0.66528,12.849,1,0.667741,0.36288,0,70.5058,4.75314,65.4478,0.84672,12.849,0.84672,3695.15,0,36.966,0.302831,0.642228,2.00467,3.86806,1.14289,5.06925,0.42336,36.966,0.42336,423.524,0,1.02816,0,0,1.67039,0.642228,1.028160,1,0,70.5176,0,0,0,70.5176,0
48.7431,2.48373,0,0,4.27315,0.26906,0.36288,3.6288,61.308,0.500058,0,0,2.6166,0.231984,1.88456,0.66528,12.849,1,0.670653,0.36288,0,78.5913,4.75314,73.5303,0.84672,12.849,0.84672,3695.15,0,36.966,0.301513,3.87918,2.00473,11.588,1.14289,16.0275,0.42336,36.966,0.42336,423.524,0,1.02816,0,0,4.90734,3.87918,1.028160,1,0,91.4424,0,0,0,91.4424,0
49.1949,2.4964,0,0,3.56197,0.25083,0.36288,3.6288,61.308,0.500088,0,0,2.60969,0.235064,1.87454,0.66528,12.849,1,0.658067,0.36288,0,90.2258,4.4682,85.4624,0.84672,12.849,0.84672,3695.15,0,36.966,0.301531,1.30041,2.00478,8.53995,1.19144,10.3522,0.42336,36.966,0.42336,423.524,0,1.02816,0,0,2.32857,1.30041,1.028160,1,0,97.6891,0,0,0,97.6891,0
49.9163,2.74522,0,0,4.08791,0.25842,0.36288,3.6288,61.308,0.634339,0,0,3.70248,0.201261,2.86688,0.66528,12.849,1,0.717013,0.36288,0,87.893,4.33303,83.2058,0.84672,12.849,0.84672,3695.15,0,36.966,0.382478,1.96004,2.00483,11.5518,1.07469,14.0595,0.42336,36.966,0.42336,423.524,0,1.02816,0,0,2.9882,1.96004,1.028160,1,0,100.132,0,0,0,100.132,0
51.4406,2.75354,0,0,4.90517,0.264443,0.36288,3.6288,61.308,0.634373,0,0,3.75468,0.187535,2.93278,0.66528,12.849,1,0.708791,0.36288,0,96.7948,4.29796,92.1509,0.84672,12.849,0.84672,3695.15,0,36.966,0.382499,2.72139,2.22877,13.93,1.02475,17.4729,0.42336,36.966,0.42336,423.524,0,1.02816,0,0,3.74955,2.72139,1.028160,1,0,112.557,0,0,0,112.557,0
53.1019,2.77042,0,0,5.06332,0.268709,0.36288,3.6288,61.308,0.634407,0,0,3.83659,0.187535,3.01465,0.66528,12.849,1,0.692003,0.36288,0,100.236,4.29796,95.609,0.84672,12.849,0.84672,3695.15,0,36.966,0.382519,2.52122,2.22883,13.6449,1.02475,16.9877,0.42336,36.966,0.42336,423.524,0,1.02816,0,0,3.54938,2.52122,1.028160,1,0,115.611,0,0,0,115.611,0
55.2523,2.78792,0,0,5.56151,0.260296,0.36288,3.6288,61.308,0.634441,0,0,3.93708,0.181775,3.12086,0.66528,12.849,1,0.67459,0.36288,0,111.344,4.00515,107.027,0.84672,12.849,0.84672,3695.15,0,36.966,0.382539,2.97523,2.22889,15.4195,0.925493,19.3155,0.42336,36.966,0.42336,423.524,0,1.02816,0,0,4.00339,2.97523,1.028160,1,0,129.463,0,0,0,129.463,0
57.1806,2.4532,0,0,5.02264,0.278292,0.36288,3.6288,61.308,0.45433,0,0,3.83041,0.193157,3.18293,0.66528,12.849,1,0.570495,0.36288,0,101.948,3.61571,98.1244,0.84672,12.849,0.84672,3695.15,0,36.966,0.273941,2.7391,2.22895,16.2324,0.92148,20.005,0.42336,36.966,0.42336,423.524,0,1.02816,0,0,3.76726,2.7391,1.028160,1,0,121.312,0,0,0,121.312,0
58.1183,2.46898,0,0,4.0649,0.295377,0.36288,3.6288,61.308,0.45436,0,0,3.30795,0.191969,2.66162,0.66528,12.849,1,0.554801,0.36288,0,92.5845,3.49262,88.9,0.84672,12.849,0.84672,3695.15,0,36.966,0.273959,2.03861,1.92366,11.7605,0.942424,14.5064,0.42336,36.966,0.42336,423.524,0,1.02816,0,0,3.06677,2.03861,1.028160,1,0,106.068,0,0,0,106.068,0
60.0597,2.47637,0,0,5.07877,0.298099,0.36288,3.6288,61.308,0.454389,0,0,4.34515,0.191969,3.69879,0.66528,12.849,1,0.547486,0.36288,0,122.729,3.49262,119.052,0.84672,12.849,0.84672,3695.15,0,36.966,0.273976,2.91075,1.92371,13.3782,0.942424,16.9962,0.42336,36.966,0.42336,423.524,0,1.02816,0,0,3.93891,2.91075,1.028160,1,0,139.747,0,0,0,139.747,0
63.7333,2.49102,0,0,6.82811,0.300639,0.36288,3.6288,61.308,0.454418,0,0,5.43843,0.163334,4.82068,0.66528,12.849,1,0.532921,0.36288,0,191.389,3.04434,188.175,0.84672,12.849,0.84672,3695.15,0,36.966,0.273994,4.62941,1.92376,20.2389,0.865649,25.6525,0.42336,36.966,0.42336,423.524,0,1.02816,0,0,5.65757,4.62941,1.028160,1,0,218.648,0,0,0,218.648,0
66.3486,2.51665,0,0,5.80135,0.306517,0.36288,3.6288,61.308,0.454447,0,0,4.17601,0.152299,3.56927,0.66528,12.849,1,0.507371,0.36288,0,169.421,2.84988,166.427,0.84672,12.849,0.84672,3695.15,0,36.966,0.274011,3.80155,1.92381,15.1761,0.823489,19.8039,0.42336,36.966,0.42336,423.524,0,1.02816,0,0,4.82971,3.80155,1.028160,1,0,189.8,0,0,0,189.8,0
67.2742,2.62604,0,0,4.22203,0.307472,0.36288,3.6288,61.308,0.498552,0,0,3.01208,0.153347,2.36018,0.66528,12.849,1,0.508556,0.36288,0,93.655,2.812,90.6973,0.84672,12.849,0.84672,3695.15,0,36.966,0.300605,2.83457,1.92386,8.95484,0.794863,12.6178,0.42336,36.966,0.42336,423.524,0,1.02816,0,0,3.86273,2.83457,1.028160,1,0,105.675,0,0,0,105.675,0
67.6024,2.63198,0,0,3.63276,0.309733,0.36288,3.6288,61.308,0.498582,0,0,3.60139,0.153347,2.94946,0.66528,12.849,1,0.502694,0.36288,0,110.404,2.812,107.452,0.84672,12.849,0.84672,3695.15,0,36.966,0.300623,3.10169,1.99921,12.0512,0.794863,16.0567,0.42336,36.966,0.42336,423.524,0,1.02816,0,0,4.12985,3.10169,1.028160,1,0,126.458,0,0,0,126.458,0
68.4014,2.6341,0,0,4.10655,0.310535,0.36288,3.6288,61.308,0.498612,0,0,3.55718,0.153347,2.90522,0.66528,12.849,1,0.500657,0.36288,0,114.096,2.812,111.146,0.84672,12.849,0.84672,3695.15,0,36.966,0.300641,2.57439,1.99926,11.6062,0.794863,15.0843,0.42336,36.966,0.42336,423.524,0,1.02816,0,0,3.60255,2.57439,1.028160,1,0,129.135,0,0,0,129.135,0
68.4175,2.6391,0,0,3.32324,0.305165,0.36288,3.6288,61.308,0.498643,0,0,3.11804,0.152515,2.46688,0.66528,12.849,1,0.495747,0.36288,0,83.8685,2.86143,80.8742,0.84672,12.849,0.84672,3695.15,0,36.966,0.300659,2.75443,1.99931,8.45657,0.798077,12.1116,0.42336,36.966,0.42336,423.524,0,1.02816,0,0,3.78259,2.75443,1.028160,1,0,95.4526,0,0,0,95.4526,0
67.2179,2.60289,0,0,2.04244,0.276294,0.36288,3.6288,61.308,0.481553,0,0,1.14185,0.178354,0.481947,0.66528,12.849,1,0.48883,0.36288,0,51.0075,3.57514,47.3064,0.84672,12.849,0.84672,3695.15,0,36.966,0.290355,1.17534,1.99937,5.47599,0.954135,7.40621,0.42336,36.966,0.42336,423.524,0,1.02816,0,0,2.2035,1.17534,1.028160,1,0,55.1945,0,0,0,55.1945,0
66.0909,2.59563,0,0,2.1053,0.273703,0.36288,3.6288,61.308,0.481582,0,0,1.205,0.178354,0.545067,0.66528,12.849,1,0.496167,0.36288,0,49.1297,3.57514,45.4213,0.84672,12.849,0.84672,3695.15,0,36.966,0.290373,1.15733,1.97012,4.72203,0.954135,6.60497,0.42336,36.966,0.42336,423.524,0,1.02816,0,0,2.18549,1.15733,1.028160,1,0,52.5713,0,0,0,52.5713,0
65.7757,2.58862,0,0,2.89303,0.256763,0.36288,3.6288,61.308,0.481612,0,0,1.32516,0.181925,0.661623,0.66528,12.849,1,0.503264,0.36288,0,64.0545,3.68351,60.2306,0.84672,12.849,0.84672,3695.15,0,36.966,0.290391,1.42318,1.97017,4.71667,0.934075,6.88556,0.42336,36.966,0.42336,423.524,0,1.02816,0,0,2.45134,1.42318,1.028160,1,0,67.7777,0,0,0,67.7777,0
64.4493,2.58667,0,0,1.84311,0.219944,0.36288,3.6288,61.308,0.481642,0,0,1.11808,0.19085,0.445584,0.66528,12.849,1,0.505295,0.36288,0,46.8867,3.95441,42.7899,0.84672,12.849,0.84672,3695.15,0,36.966,0.290409,0.999,1.97023,4.18402,0.883927,5.97891,0.42336,36.966,0.42336,423.524,0,1.02816,0,0,2.02716,0.999,1.028160,1,0,49.2144,0,0,0,49.2144,0
62.848,2.70037,0,0,1.68281,0.220916,0.36288,3.6288,61.308,0.542392,0,0,0.937077,0.216413,0.178272,0.66528,12.849,1,0.538361,0.36288,0,40.7049,4.19038,36.3391,0.84672,12.849,0.84672,3695.15,0,36.966,0.327038,0.77169,1.97028,3.86654,1.01103,5.27044,0.42336,36.966,0.42336,423.524,0,1.02816,0,0,1.79985,0.77169,1.028160,1,0,41.7878,0,0,0,41.7878,0
61.1612,2.68905,0,0,1.54254,0.177352,0.36288,3.6288,61.308,0.542423,0,0,0.803339,0.234077,0.0268386,0.66528,12.849,1,0.549764,0.36288,0,35.2702,4.33188,30.7514,0.84672,12.849,0.84672,3695.15,0,36.966,0.327057,0.677756,2.07302,3.60224,1.06225,4.96371,0.42336,36.966,0.42336,423.524,0,1.02816,0,0,1.70592,0.677756,1.028160,1,0,35.742,0,0,0,35.742,0
59.43,2.67659,0,0,1.47617,0.167939,0.36288,3.6288,61.308,0.542455,0,0,0.844664,0.235862,0.0663471,0.66528,12.849,1,0.562309,0.36288,0,33.1389,4.38606,28.5534,0.84672,12.849,0.84672,3695.15,0,36.966,0.327076,0.668209,2.07307,3.75281,1.05222,5.11479,0.42336,36.966,0.42336,423.524,0,1.02816,0,0,1.69637,0.668209,1.028160,1,0,33.7345,0,0,0,33.7345,0
57.6488,2.66319,0,0,1.41022,0.165355,0.36288,3.6288,61.308,0.542486,0,0,0.848232,0.235862,0.0698839,0.66528,12.849,1,0.575792,0.36288,0,31.1356,4.38606,26.5366,0.84672,12.849,0.84672,3695.15,0,36.966,0.327095,0.593482,2.07313,3.60858,1.05222,4.89588,0.42336,36.966,0.42336,423.524,0,1.02816,0,0,1.62164,0.593482,1.028160,1,0,31.5024,0,0,0,31.5024,0
55.8951,2.64871,0,0,1.40994,0.152021,0.36288,3.6288,61.308,0.542518,0,0,0.80879,0.228851,0.0374211,0.66528,12.849,1,0.590356,0.36288,0,32.2614,4.34442,27.6895,0.84672,12.849,0.84672,3695.15,0,36.966,0.327114,0.53244,2.07318,3.48413,1.0311,4.73153,0.42336,36.966,0.42336,423.524,0,1.02816,0,0,1.5606,0.53244,1.028160,1,0,32.4585,0,0,0,32.4585,0
54.3529,2.61014,0,0,1.55434,0.123608,0.36288,3.6288,61.308,0.575927,0,0,0.815201,0.211326,0.0279489,0.66528,12.849,1,0.60001,0.36288,0,38.9597,4.24032,34.4823,0.84672,12.849,0.84672,3695.15,0,36.966,0.347258,0.574456,2.07324,3.52596,0.978316,4.84808,0.42336,36.966,0.42336,423.524,0,1.02816,0,0,1.60262,0.574456,1.028160,1,0,39.3583,0,0,0,39.3583,0
52.6826,2.59643,0,0,1.4108,0.12171,0.36288,3.6288,61.2855,0.575959,0,0,0.764787,0.211326,0,0.66528,12.849,1,0.613796,0.36288,0,34.7164,4.24032,30.2251,0.84672,12.849,0.84672,3695.15,0,36.966,0.347278,0.393707,2.10919,3.4109,0.978316,4.5882,0.42336,36.966,0.42336,423.524,0,1.02816,0,0,1.42187,0.393707,1.028160,1,0,34.8134,0,0,0,34.8134,0
50.9858,2.58086,0,0,1.33848,0.0915656,0.36288,3.6288,61.1389,0.575912,0,0,0.717379,0.288068,0,0.66528,12.849,1,0.629457,0.36288,0,31.2272,5.22837,25.7323,0.84672,12.849,0.84672,3695.15,0,36.966,0.347377,0.39928,2.10925,3.23255,1.33897,4.05473,0.42336,36.966,0.42336,423.524,0,1.02816,0,0,1.42744,0.39928,1.028160,1,0,29.787,0,0,0,29.787,0
49.1558,2.56419,0,0,1.18707,0.0899679,0.36288,3.6288,60.9499,0.575425,0,0,0.674205,0.287801,0,0.66528,12.849,1,0.646206,0.36288,0,29.2925,5.22837,23.7808,0.84672,12.849,0.84672,3695.15,0,36.966,0.347915,0.380324,2.1093,3.11002,1.33897,3.91276,0.42336,36.966,0.42336,423.524,0,1.02816,0,0,1.40848,0.380324,1.028160,1,0,27.6936,0,0,0,27.6936,0
47.2902,2.60459,0,0,1.18083,0.0790206,0.36288,3.6288,60.6162,0.697124,0,0,0.67495,0.311481,0,0.66528,12.849,1,0.680822,0.36288,0,30.8765,5.57361,24.985,0.84672,12.849,0.84672,3695.15,0,36.966,0.422805,0.261274,2.10936,2.76249,1.45665,3.25367,0.42336,36.966,0.42336,423.524,0,0.87931,0,0,1.14058,0.261274,1.028160,1,0,28.2386,0,0,0,28.2386,0
45.4087,2.58354,0,0,1.14084,0.0759259,0.36288,3.6288,60.24,0.667841,0,0,0.606387,0.314819,0,0.66528,12.849,1,0.701962,0.36288,0,30.4243,5.63115,24.4541,0.84672,12.849,0.84672,3695.15,0,36.966,0.407274,0.261274,2.1603,2.88291,1.47626,3.42094,0.42336,36.966,0.42336,423.524,0,0.924178,0,0,1.18545,0.261274,1.028160,1,0,27.875,0,0,0,27.875,0
43.478,2.56094,0,0,1.06754,0.0743549,0.36288,3.6288,59.7845,0.702672,0,0,0.561289,0.314066,0,0.66528,12.849,1,0.724652,0.36288,0,27.4655,5.63115,21.4726,0.84672,12.849,0.84672,3695.15,0,36.966,0.42336,0.261274,2.16036,2.57297,1.47626,3.09497,0.42336,36.966,0.42336,423.524,0,0.873314,0,0,1.13459,0.261274,1.028160,1,0,24.5676,0,0,0,24.5676,0
41.4863,2.53617,0,0,0.980061,0.0727429,0.36288,3.6288,59.2644,0.762056,0,0,0.55512,0.313156,0,0.66528,12.849,1,0.749509,0.36288,0,25.1067,5.63115,19.0889,0.84672,12.849,0.84672,3695.15,0,36.966,0.42336,0.227405,2.16041,2.51645,1.47626,3.00465,0.42336,36.966,0.42336,423.524,0,0.813983,0,0,1.04139,0.227405,1.028160,1,0,22.0936,0,0,0,22.0936,0
39.3953,2.67631,0,0,1.01923,0.0710875,0.36288,3.6288,58.9536,0.66528,0,0,0.663993,0.309569,0,0.66528,12.849,1,0.828897,0.36288,0,24.3978,5.70585,18.2259,0.84672,12.849,0.84672,3695.15,0,36.966,0.42336,0.270277,2.16047,3.14029,1.46986,3.67782,0.42336,36.966,0.42336,423.524,0,1.02816,0,0,1.29844,0.270277,1.028160,1,0,21.9038,0,0,0,21.9038,0
37.0565,2.6432,0,0,0.749382,0.082038,0.36288,3.6288,58.4064,0.836931,0,0,0.599467,0.309701,0,0.66528,12.849,1,0.862096,0.36288,0,20.3311,5.55313,14.2788,0.84672,12.849,0.84672,3695.15,0,36.966,0.42336,0.227405,2.29231,1.90911,1.40087,2.6046,0.42336,36.966,0.42336,423.524,0,0.856509,0,0,1.08391,0.227405,1.028160,1,0,16.8834,0,0,0,16.8834,0
34.9425,2.60287,0,0,0.931496,0.0798283,0.36288,3.6288,58.0213,0.71356,0,0,0.637098,0.308614,0,0.66528,12.849,1,0.90252,0.36288,0,20.8023,5.55313,14.7095,0.84672,12.849,0.84672,3695.15,0,36.966,0.42336,0.227405,2.29233,2.82194,1.40087,3.51745,0.42336,36.966,0.42336,423.524,0,0.97988,0,0,1.20728,0.227405,1.028160,1,0,18.2269,0,0,0,18.2269,0
32.6896,2.56301,0,0,0.750859,0.0778309,0.36288,3.6288,57.505,0.796064,0,0,0.587581,0.307848,0,0.66528,12.849,1,0.942469,0.36288,0,19.1926,5.55313,13.0599,0.84672,12.849,0.84672,3695.15,0,36.966,0.42336,0.204422,2.29235,1.91888,1.40087,2.59143,0.42336,36.966,0.42336,423.524,0,0.897376,0,0,1.1018,0.204422,1.028160,1,0,15.6513,0,0,0,15.6513,0
30.4936,2.51646,0,0,0.773418,0.0901117,0.36288,3.6288,56.9011,0.849951,0,0,0.545669,0.299603,0,0.66528,12.849,1,0.989121,0.36288,0,19.5185,5.71131,13.181,0.84672,12.849,0.84672,3695.15,0,36.966,0.42336,0.204422,2.29237,1.99138,1.37579,2.68902,0.42336,36.966,0.42336,423.524,0,0.843489,0,0,1.04791,0.204422,1.028160,1,0,15.87,0,0,0,15.87,0
28.5149,2.39115,0,0,0.878265,0.102924,0.36288,3.6288,56.2157,0.855954,0,0,0.424224,0.253632,0,0.66528,12.849,1,1.00755,0.36288,0,34.2677,6.19416,27.4289,0.84672,12.849,0.84672,3695.15,0,36.966,0.42336,0.204422,2.29238,1.95682,1.31661,2.71366,0.42336,36.966,0.42336,423.524,0,0.788072,0,0,0.992494,0.204422,1.028160,1,0,30.1425,0,0,0,30.1425,0
27.213,2.34302,0,0,1.50426,0.100214,0.36288,3.6288,55.9922,0.626989,0,0,0.655944,0.252502,0,0.66528,12.849,1,1.05578,0.36288,0,33.1075,6.19416,26.2205,0.84672,12.849,0.84672,3695.15,0,36.966,0.412292,0.817603,2.23418,2.9693,1.31661,4.29218,0.42336,36.966,0.42336,423.524,0,1.02816,0,0,1.84576,0.817603,1.028160,1,0,30.5126,0,0,0,30.5126,0
25.1814,2.30877,0,0,0.738452,0.0984304,0.36288,3.6288,55.3962,0.746008,0,0,0.402163,0.252133,0,0.66528,12.849,1,1.09012,0.36288,0,33.3563,6.19416,26.4349,0.84672,12.849,0.84672,3695.15,0,36.966,0.42336,0.216518,2.23424,1.70256,1.31661,2.41335,0.42336,36.966,0.42336,423.524,0,0.898128,0,0,1.11465,0.216518,1.028160,1,0,28.8482,0,0,0,28.8482,0
23.2317,2.25059,0,0,0.759482,0.0956476,0.36288,3.6288,54.6711,0.910879,0,0,0.436884,0.25115,0,0.66528,12.849,1,1.14838,0.36288,0,21.7534,6.19416,14.7737,0.84672,12.849,0.84672,3695.15,0,36.966,0.42336,0.216518,2.2343,1.38101,1.31661,2.09185,0.42336,36.966,0.42336,423.524,0,0.733311,0,0,0.94983,0.216518,1.028160,1,0,16.8656,0,0,0,16.8656,0
21.9239,2.13206,0,0,1.31921,0.132088,0.36288,3.6288,54.5534,0.563382,0,0,0.658075,0.212355,0,0.66528,12.849,1,1.1792,0.36288,0,27.081,5.0727,21.1919,0.84672,12.849,0.84672,3695.15,0,36.966,0.380933,0.228649,2.23436,3.45572,1.20874,4.32906,0.42336,36.966,0.42336,423.524,0,1.02816,0,0,1.25681,0.228649,1.028160,1,0,25.521,0,0,0,25.521,0
21.4221,2.08777,0,0,2.11284,0.163976,0.36288,3.6288,55.0505,0.562924,0,0,1.26851,0.208506,0,0.66528,12.849,1,1.22358,0.36288,0,31.2512,4.97983,25.4107,0.84672,12.849,0.84672,3695.15,0,36.966,0.381444,0.590121,2.14446,3.47698,1.20921,4.62091,0.42336,36.966,0.42336,423.524,0,1.02816,0,0,1.61828,0.590121,1.028160,1,0,30.0316,0,0,0,30.0316,0
21.9146,2.06991,0,0,3.08808,0.162863,0.36288,3.6288,55.8288,0.565016,0,0,1.55257,0.209191,0,0.66528,12.849,1,1.24153,0.36288,0,62.8396,4.97983,56.9811,0.84672,12.849,0.84672,3695.15,0,36.966,0.379404,1.40048,2.14452,7.31754,1.20921,9.27394,0.42336,36.966,0.42336,423.524,0,1.02816,0,0,2.42864,1.40048,1.028160,1,0,66.255,0,0,0,66.255,0
22.2192,2.08755,0,0,2.90886,0.15385,0.36288,3.6288,56.2396,0.56823,0,0,1.18904,0.210081,0,0.66528,12.849,1,1.22398,0.36288,0,62.7651,4.94046,56.9635,0.84672,12.849,0.84672,3695.15,0,36.966,0.376243,1.4601,2.14458,6.4944,1.19247,8.53037,0.42336,36.966,0.42336,423.524,0,1.02816,0,0,2.48826,1.4601,1.028160,1,0,65.4939,0,0,0,65.4939,0
21.3911,1.94022,0,0,1.61649,0.141421,0.36288,3.6288,56.7576,0.450357,0,0,1.14499,0.176604,0,0.66528,12.849,1,1.122,0.36288,0,43.4276,4.39687,38.2716,0.84672,12.849,0.84672,3695.15,0,36.966,0.296018,1.22419,2.14464,5.68401,1.0053,7.75152,0.42336,36.966,0.42336,423.524,0,1.02816,0,0,2.25235,1.22419,1.028160,1,0,46.0231,0,0,0,46.0231,0
20.2315,1.91313,0,0,1.2976,0.181225,0.36288,3.6288,57.3527,0.452022,0,0,1.18847,0.141331,0,0.66528,12.849,1,1.14916,0.36288,0,30.4931,3.99735,25.7094,0.84672,12.849,0.84672,3695.15,0,36.966,0.2944,1.29802,1.94486,5.57773,0.901316,7.6249,0.42336,36.966,0.42336,423.524,0,1.02816,0,0,2.32618,1.29802,1.028160,1,0,33.3343,0,0,0,33.3343,0
20.5655,1.8729,0,0,2.74819,0.178362,0.36288,3.6288,58.7193,0.453908,0,0,1.96236,0.141878,0,0.66528,12.849,1,1.18948,0.36288,0,72.4913,3.99735,67.6674,0.84672,12.849,0.84672,3695.15,0,36.966,0.292561,2.88757,1.94492,8.30872,0.901316,11.9473,0.42336,36.966,0.42336,423.524,0,1.02816,0,0,3.91573,2.88757,1.028160,1,0,79.6147,0,0,0,79.6147,0
20.4912,1.88484,0,0,2.35394,0.180591,0.36288,3.6288,59.847,0.458116,0,0,1.78899,0.203135,0,0.66528,12.849,1,1.17762,0.36288,0,64.4478,4.83743,58.7957,0.84672,12.849,0.84672,3695.15,0,36.966,0.288401,1.69956,1.94497,8.81522,1.22271,10.9486,0.42336,36.966,0.42336,423.524,0,1.02816,0,0,2.72772,1.69956,1.028160,1,0,69.7443,0,0,0,69.7443,0
21.6605,1.88226,0,0,3.57839,0.163916,0.36288,3.6288,61.308,0.461504,0,0,3.0357,0.181851,0.931372,0.66528,12.849,1,1.18027,0.36288,0,86.5218,3.88225,81.8222,0.84672,12.849,0.84672,3695.15,0,36.966,0.28506,3.85987,1.94502,12.271,0.886469,16.9043,0.42336,36.966,0.42336,423.524,0,1.02816,0,0,4.88803,3.85987,1.028160,1,0,99.6579,0,0,0,99.6579,0
21.9031,1.98252,0,0,2.78313,0.195145,0.36288,3.6288,61.308,0.501566,0,0,1.4266,0.113954,0.811082,0.66528,12.849,1,1.17603,0.36288,0,50.1301,3.92868,45.3882,0.84672,12.849,0.84672,3695.15,0,36.966,0.302422,1.96899,1.94507,8.15858,0.748864,11.0214,0.42336,36.966,0.42336,423.524,0,1.02816,0,0,2.99715,1.96899,1.028160,1,0,57.2207,0,0,0,57.2207,0
21.5139,1.99076,0,0,2.16028,0.195788,0.36288,3.6288,61.308,0.501587,0,0,1.17857,0.113954,0.563024,0.66528,12.849,1,1.16784,0.36288,0,47.0137,3.92868,42.2801,0.84672,12.849,0.84672,3695.15,0,36.966,0.302435,1.25024,2.00743,8.37346,0.748864,10.5798,0.42336,36.966,0.42336,423.524,0,1.02816,0,0,2.2784,1.25024,1.028160,1,0,53.4229,0,0,0,53.4229,0
22.8552,1.97757,0,0,3.87643,0.194757,0.36288,3.6288,61.308,0.501607,0,0,2.09377,0.113954,1.47821,0.66528,12.849,1,1.18109,0.36288,0,96.7521,3.92868,92.0052,0.84672,12.849,0.84672,3695.15,0,36.966,0.302447,1.86277,2.00747,9.47454,0.748864,12.2935,0.42336,36.966,0.42336,423.524,0,1.02816,0,0,2.89093,1.86277,1.028160,1,0,105.777,0,0,0,105.777,0
24.1882,2.02198,0,0,3.91623,0.19831,0.36288,3.6288,61.308,0.501628,0,0,2.70104,0.113954,2.08545,0.66528,12.849,1,1.13674,0.36288,0,80.3339,3.92868,75.6313,0.84672,12.849,0.84672,3695.15,0,36.966,0.302459,3.00649,2.0075,10.9101,0.748864,14.8727,0.42336,36.966,0.42336,423.524,0,1.02816,0,0,4.03465,3.00649,1.028160,1,0,92.5895,0,0,0,92.5895,0
28.0397,2.26414,0,0,6.67258,0.194077,0.36288,3.6288,61.308,0.636049,0,0,2.55929,0.11373,1.80951,0.66528,12.849,1,1.20273,0.36288,0,143.194,3.60459,138.75,0.84672,12.849,0.84672,3695.15,0,36.966,0.383509,3.19169,2.00754,17.4788,0.83072,21.4638,0.42336,36.966,0.42336,423.524,0,1.02816,0,0,4.21985,3.19169,1.028160,1,0,162.023,0,0,0,162.023,0
30.8139,2.37748,0,0,5.70739,0.192815,0.36288,3.6288,61.308,0.636072,0,0,2.33132,0.117896,1.57735,0.66528,12.849,1,1.08946,0.36288,0,136.477,3.2971,132.453,0.84672,12.849,0.84672,3695.15,0,36.966,0.383523,3.21106,2.23176,14.6428,0.906342,18.7958,0.42336,36.966,0.42336,423.524,0,1.02816,0,0,4.23922,3.21106,1.028160,1,0,152.826,0,0,0,152.826,0
31.682,2.44674,0,0,3.87784,0.200174,0.36288,3.6288,61.308,0.636095,0,0,1.60075,0.117896,0.846759,0.66528,12.849,1,1.02026,0.36288,0,78.408,3.2971,74.4535,0.84672,12.849,0.84672,3695.15,0,36.966,0.383537,0.958418,2.2318,7.93714,0.906342,9.83747,0.42336,36.966,0.42336,423.524,0,1.02816,0,0,1.98658,0.958418,1.028160,1,0,85.1377,0,0,0,85.1377,0
31.8533,2.46667,0,0,3.20332,0.20242,0.36288,3.6288,61.308,0.64776,0,0,1.35524,0.117896,0.589579,0.66528,12.849,1,1.00039,0.36288,0,54.8784,3.2971,50.9438,0.84672,12.849,0.84672,3695.15,0,36.966,0.390571,0.608429,2.23184,6.32186,0.906342,7.86522,0.42336,36.966,0.42336,423.524,0,1.0095,0,0,1.61793,0.608429,1.028160,1,0,59.3986,0,0,0,59.3986,0
33.4184,2.1574,0,0,4.29932,0.213993,0.36288,3.6288,61.308,0.455761,0,0,2.57599,0.142741,1.97749,0.66528,12.849,1,0.870251,0.36288,0,96.9173,3.06006,93.3499,0.84672,12.849,0.84672,3695.15,0,36.966,0.274804,2.25449,2.23188,10.8172,0.91298,14.1158,0.42336,36.966,0.42336,423.524,0,1.02816,0,0,3.28265,2.25449,1.028160,1,0,109.443,0,0,0,109.443,0
36.9704,2.18687,0,0,6.33431,0.232522,0.36288,3.6288,61.308,0.455781,0,0,3.46577,0.149539,2.86045,0.66528,12.849,1,0.840829,0.36288,0,93.9427,2.85947,90.6053,0.84672,12.849,0.84672,3695.15,0,36.966,0.274816,3.06288,1.92617,15.2779,0.897892,19.0943,0.42336,36.966,0.42336,423.524,0,1.02816,0,0,4.09104,3.06288,1.028160,1,0,112.56,0,0,0,112.56,0
38.6104,2.24686,0,0,4.49251,0.242737,0.36288,3.6288,61.308,0.455801,0,0,2.6883,0.149539,2.08296,0.66528,12.849,1,0.780893,0.36288,0,85.7935,2.85947,82.516,0.84672,12.849,0.84672,3695.15,0,36.966,0.274828,2.96793,1.92621,12.0494,0.897892,15.7708,0.42336,36.966,0.42336,423.524,0,1.02816,0,0,3.99609,2.96793,1.028160,1,0,100.37,0,0,0,100.37,0
41.7745,2.27179,0,0,6.03801,0.239292,0.36288,3.6288,61.308,0.455821,0,0,2.87193,0.143523,2.27258,0.66528,12.849,1,0.75602,0.36288,0,98.9142,2.77227,95.7488,0.84672,12.849,0.84672,3695.15,0,36.966,0.27484,2.5143,1.92624,13.2819,0.885367,16.5623,0.42336,36.966,0.42336,423.524,0,1.02816,0,0,3.54246,2.5143,1.028160,1,0,114.584,0,0,0,114.584,0
44.1388,2.31562,0,0,5.27529,0.232482,0.36288,3.6288,61.308,0.455841,0,0,3.35317,0.186126,2.7112,0.66528,12.849,1,0.71224,0.36288,0,89.5415,3.80564,85.3865,0.84672,12.849,0.84672,3695.15,0,36.966,0.274852,4.3666,1.92628,12.9889,1.13104,17.8758,0.42336,36.966,0.42336,423.524,0,1.02816,0,0,5.39476,4.3666,1.028160,1,0,105.974,0,0,0,105.974,0
47.3826,2.43091,0,0,6.27671,0.239116,0.36288,3.6288,61.308,0.499992,0,0,2.39846,0.232798,1.66567,0.66528,12.849,1,0.707648,0.36288,0,133.342,3.74892,129.248,0.84672,12.849,0.84672,3695.15,0,36.966,0.301473,2.08535,1.92631,8.80347,1.14403,11.3696,0.42336,36.966,0.42336,423.524,0,1.02816,0,0,3.11351,2.08535,1.028160,1,0,142.284,0,0,0,142.284,0
48.8054,2.46906,0,0,4.5027,0.247952,0.36288,3.6288,61.308,0.500013,0,0,1.75594,0.232798,1.02313,0.66528,12.849,1,0.669549,0.36288,0,72.1267,3.74892,68.0711,0.84672,12.849,0.84672,3695.15,0,36.966,0.301485,1.10347,2.00173,5.10752,1.14403,6.76721,0.42336,36.966,0.42336,423.524,0,1.02816,0,0,2.13163,1.10347,1.028160,1,0,75.8615,0,0,0,75.8615,0
49.592,2.48456,0,0,3.85703,0.222925,0.36288,3.6288,61.308,0.500033,0,0,1.5264,0.251829,0.774541,0.66528,12.849,1,0.65411,0.36288,0,58.395,3.9816,54.1222,0.84672,12.849,0.84672,3695.15,0,36.966,0.301498,0.829656,2.00177,4.54688,1.18983,5.88698,0.42336,36.966,0.42336,423.524,0,1.02816,0,0,1.85782,0.829656,1.028160,1,0,60.7837,0,0,0,60.7837,0
51.0751,2.49284,0,0,4.57675,0.237995,0.36288,3.6288,61.308,0.500054,0,0,2.13595,0.258638,1.37726,0.66528,12.849,1,0.64588,0.36288,0,87.8584,4.70368,82.8717,0.84672,12.849,0.84672,3695.15,0,36.966,0.30151,1.63079,2.00181,8.24991,1.42339,10.1576,0.42336,36.966,0.42336,423.524,0,1.02816,0,0,2.65895,1.63079,1.028160,1,0,94.4066,0,0,0,94.4066,0
52.2718,2.47331,0,0,4.21792,0.184967,0.36288,3.6288,61.308,0.482933,0,0,1.56984,0.229828,0.857084,0.66528,12.849,1,0.622212,0.36288,0,76.1495,3.74921,72.141,0.84672,12.849,0.84672,3695.15,0,36.966,0.291187,1.2757,2.00184,6.03749,1.23568,7.78817,0.42336,36.966,0.42336,423.524,0,1.02816,0,0,2.30386,1.2757,1.028160,1,0,80.7862,0,0,0,80.7862,0
52.9773,2.48479,0,0,3.72843,0.175298,0.36288,3.6288,61.308,0.482953,0,0,1.39516,0.225525,0.686684,0.66528,12.849,1,0.610788,0.36288,0,62.0808,3.55362,58.2793,0.84672,12.849,0.84672,3695.15,0,36.966,0.291199,0.937889,1.97254,5.53079,1.19111,6.95891,0.42336,36.966,0.42336,423.524,0,1.02816,0,0,1.96605,0.937889,1.028160,1,0,65.9249,0,0,0,65.9249,0
53.298,2.49138,0,0,3.3515,0.176575,0.36288,3.6288,61.308,0.482973,0,0,1.23619,0.225525,0.527696,0.66528,12.849,1,0.604253,0.36288,0,53.6442,3.55362,49.8492,0.84672,12.849,0.84672,3695.15,0,36.966,0.291212,0.716679,1.97258,4.83956,1.19111,6.04649,0.42336,36.966,0.42336,423.524,0,1.02816,0,0,1.74484,0.716679,1.028160,1,0,56.4234,0,0,0,56.4234,0
53.3792,2.49435,0,0,3.0936,0.155163,0.36288,3.6288,61.308,0.482994,0,0,1.15735,0.191392,0.48296,0.66528,12.849,1,0.601335,0.36288,0,51.4811,2.84586,48.3968,0.84672,12.849,0.84672,3695.15,0,36.966,0.291224,0.635489,1.97261,4.37035,1.0116,5.67563,0.42336,36.966,0.42336,423.524,0,1.02816,0,0,1.66365,0.635489,1.028160,1,0,54.5554,0,0,0,54.5554,0
53.2925,2.6135,0,0,3.03539,0.145698,0.36288,3.6288,61.308,0.543807,0,0,1.10079,0.200211,0.35677,0.66528,12.849,1,0.6291,0.36288,0,48.627,3.41258,44.9482,0.84672,12.849,0.84672,3695.15,0,36.966,0.327891,0.769841,1.97265,4.35288,1.05427,5.7132,0.42336,36.966,0.42336,423.524,0,1.02816,0,0,1.798,0.769841,1.028160,1,0,51.0181,0,0,0,51.0181,0
53.0332,2.61272,0,0,2.82383,0.107547,0.36288,3.6288,61.308,0.543828,0,0,1.12681,0.227887,0.355097,0.66528,12.849,1,0.629935,0.36288,0,44.776,4.57832,39.9307,0.84672,12.849,0.84672,3695.15,0,36.966,0.327904,0.683934,2.07549,4.10035,1.10425,5.42762,0.42336,36.966,0.42336,423.524,0,1.02816,0,0,1.71209,0.683934,1.028160,1,0,45.7134,0,0,0,45.7134,0
52.7423,2.61029,0,0,2.78959,0.107262,0.36288,3.6288,61.308,0.543849,0,0,1.21511,0.227887,0.443377,0.66528,12.849,1,0.632426,0.36288,0,43.4414,4.57832,38.5935,0.84672,12.849,0.84672,3695.15,0,36.966,0.327917,0.652562,2.07553,4.44283,1.10425,5.73876,0.42336,36.966,0.42336,423.524,0,1.02816,0,0,1.68072,0.652562,1.028160,1,0,44.7757,0,0,0,44.7757,0
52.2786,2.60753,0,0,2.61363,0.106943,0.36288,3.6288,61.308,0.543871,0,0,1.14019,0.227887,0.368438,0.66528,12.849,1,0.635242,0.36288,0,40.5326,4.57832,35.6819,0.84672,12.849,0.84672,3695.15,0,36.966,0.32793,0.598441,2.07557,3.97258,1.10425,5.21441,0.42336,36.966,0.42336,423.524,0,1.02816,0,0,1.6266,0.598441,1.028160,1,0,41.2647,0,0,0,41.2647,0
51.5958,2.60305,0,0,2.38169,0.0985706,0.36288,3.6288,61.308,0.543892,0,0,1.06944,0.233779,0.291771,0.66528,12.849,1,0.639777,0.36288,0,36.7535,4.71459,31.762,0.84672,12.849,0.84672,3695.15,0,36.966,0.327943,0.527964,2.0756,3.96668,1.12785,5.11445,0.42336,36.966,0.42336,423.524,0,1.02816,0,0,1.55612,0.527964,1.028160,1,0,37.1683,0,0,0,37.1683,0
50.3785,2.57307,0,0,1.82768,0.109008,0.36288,3.6288,61.308,0.577329,0,0,0.951264,0.210201,0.163734,0.66528,12.849,1,0.640776,0.36288,0,31.0439,4.16903,26.5969,0.84672,12.849,0.84672,3695.15,0,36.966,0.348104,0.811754,2.07564,4.09547,1.07594,5.55883,0.42336,36.966,0.42336,423.524,0,1.02816,0,0,1.83991,0.811754,1.028160,1,0,32.3195,0,0,0,32.3195,0
49.0064,2.56078,0,0,1.65923,0.107628,0.36288,3.6288,61.308,0.577351,0,0,0.898629,0.210201,0.111077,0.66528,12.849,1,0.653124,0.36288,0,30.1213,4.16903,25.662,0.84672,12.849,0.84672,3695.15,0,36.966,0.348117,0.631264,2.11162,3.84967,1.07594,5.1685,0.42336,36.966,0.42336,423.524,0,1.02816,0,0,1.65942,0.631264,1.028160,1,0,30.9416,0,0,0,30.9416,0
47.5182,2.54634,0,0,1.51928,0.0983456,0.36288,3.6288,61.308,0.577373,0,0,0.855282,0.232139,0.0457701,0.66528,12.849,1,0.667624,0.36288,0,26.5631,4.45132,21.807,0.84672,12.849,0.84672,3695.15,0,36.966,0.34813,0.56319,2.11166,3.73862,1.17898,4.88636,0.42336,36.966,0.42336,423.524,0,1.02816,0,0,1.59135,0.56319,1.028160,1,0,26.7391,0,0,0,26.7391,0
45.9819,2.52992,0,0,1.43432,0.0777713,0.36288,3.6288,61.2418,0.577395,0,0,0.79818,0.286985,0,0.66528,12.849,1,0.684096,0.36288,0,23.6258,5.15708,18.1475,0.84672,12.849,0.84672,3695.15,0,36.966,0.348144,0.53536,2.1117,3.56617,1.4366,4.42849,0.42336,36.966,0.42336,423.524,0,1.02816,0,0,1.56352,0.53536,1.028160,1,0,22.576,0,0,0,22.576,0
44.4296,2.57073,0,0,1.45312,0.0718315,0.36288,3.6288,61.2905,0.606953,0,0,0.977348,0.32171,0,0.66528,12.849,1,0.718355,0.36288,0,21.9173,5.64502,15.9168,0.84672,12.849,0.84672,3695.15,0,36.966,0.366361,0.560943,2.11173,3.43508,1.54933,4.19207,0.42336,36.966,0.42336,423.524,0,1.02816,0,0,1.5891,0.560943,1.028160,1,0,20.1089,0,0,0,20.1089,0
42.9207,2.55131,0,0,1.47404,0.0687677,0.36288,3.6288,61.2788,0.607157,0,0,0.931185,0.335751,0,0.66528,12.849,1,0.737836,0.36288,0,28.0069,5.8402,21.7917,0.84672,12.849,0.84672,3695.15,0,36.966,0.366193,0.680141,2.16271,3.69073,1.59443,4.57297,0.42336,36.966,0.42336,423.524,0,1.02816,0,0,1.7083,0.680141,1.028160,1,0,26.3647,0,0,0,26.3647,0
41.339,2.53139,0,0,1.38023,0.0675895,0.36288,3.6288,61.2019,0.607136,0,0,0.865987,0.335726,0,0.66528,12.849,1,0.757813,0.36288,0,22.487,5.8402,16.2518,0.84672,12.849,0.84672,3695.15,0,36.966,0.366251,0.648458,2.16275,3.32691,1.59443,4.17744,0.42336,36.966,0.42336,423.524,0,1.02816,0,0,1.67662,0.648458,1.028160,1,0,20.4293,0,0,0,20.4293,0
39.6571,2.50932,0,0,1.25666,0.0663546,0.36288,3.6288,61.0816,0.606872,0,0,0.822139,0.335563,0,0.66528,12.849,1,0.779946,0.36288,0,20.4938,5.8402,14.2365,0.84672,12.849,0.84672,3695.15,0,36.966,0.366551,0.390468,2.16279,3.10326,1.59443,3.69554,0.42336,36.966,0.42336,423.524,0,1.02816,0,0,1.41863,0.390468,1.028160,1,0,17.9321,0,0,0,17.9321,0
37.9947,2.6503,0,0,1.41772,0.0669491,0.36288,3.6288,61.0492,0.66528,0,0,0.977063,0.344181,0,0.66528,12.849,1,0.858703,0.36288,0,20.4851,6.09997,13.8893,0.84672,12.849,0.84672,3695.15,0,36.966,0.42336,0.826001,2.16283,4.29498,1.61026,5.2502,0.42336,36.966,0.42336,423.524,0,1.02816,0,0,1.85416,0.826001,1.028160,1,0,19.1395,0,0,0,19.1395,0
36.1519,2.62227,0,0,1.21906,0.0767607,0.36288,3.6288,60.7782,0.66528,0,0,0.775881,0.381631,0,0.66528,12.849,1,0.886795,0.36288,0,18.5765,6.63264,11.42,0.84672,12.849,0.84672,3695.15,0,36.966,0.42336,0.311783,2.29303,2.3531,1.61144,2.92311,0.42336,36.966,0.42336,423.524,0,1.02816,0,0,1.33994,0.311783,1.028160,1,0,14.3431,0,0,0,14.3431,0
34.423,2.58897,0,0,1.29811,0.0751049,0.36288,3.6288,60.6863,0.66528,0,0,0.954366,0.380976,0,0.66528,12.849,1,0.920163,0.36288,0,23.6392,6.63264,16.4493,0.84672,12.849,0.84672,3695.15,0,36.966,0.42336,0.623341,2.29304,2.62831,1.61144,3.5099,0.42336,36.966,0.42336,423.524,0,1.02816,0,0,1.6515,0.623341,1.028160,1,0,19.9592,0,0,0,19.9592,0
32.4992,2.55536,0,0,1.06795,0.0735514,0.36288,3.6288,60.2314,0.76915,0,0,0.695045,0.380754,0,0.66528,12.849,1,0.953833,0.36288,0,21.6574,6.63264,14.4338,0.84672,12.849,0.84672,3695.15,0,36.966,0.42336,0.204422,2.29305,2.1527,1.61144,2.61538,0.42336,36.966,0.42336,423.524,0,0.92429,0,0,1.12871,0.204422,1.028160,1,0,17.0492,0,0,0,17.0492,0
30.8804,2.51494,0,0,1.33086,0.0718228,0.36288,3.6288,60.3905,0.66528,0,0,1.20404,0.379655,0,0.66528,12.849,1,0.994316,0.36288,0,21.1106,6.63264,13.8466,0.84672,12.849,0.84672,3695.15,0,36.966,0.42336,1.20235,2.29306,3.35749,1.61144,4.8181,0.42336,36.966,0.42336,423.524,0,1.02816,0,0,2.23051,1.20235,1.028160,1,0,18.6647,0,0,0,18.6647,0
29.0727,2.40257,0,0,1.05353,0.0958073,0.36288,3.6288,60.0106,0.950606,0,0,0.938917,0.36824,0,0.66528,12.849,1,0.999681,0.36288,0,20.2724,6.20025,13.4353,0.84672,12.849,0.84672,3695.15,0,36.966,0.42336,0.204422,2.29307,3.09906,1.54424,3.62895,0.42336,36.966,0.42336,423.524,0,0.695572,0,0,0.899994,0.204422,1.028160,1,0,17.0643,0,0,0,17.0643,0
27.4078,2.3595,0,0,1.19561,0.138165,0.36288,3.6288,59.588,1.00883,0,0,0.905653,0.319441,0,0.66528,12.849,1,1.04281,0.36288,0,17.1018,5.81374,10.6082,0.84672,12.849,0.84672,3695.15,0,36.966,0.42336,0.204422,2.23651,2.337,1.41149,2.94308,0.42336,36.966,0.42336,423.524,0,0.63739,0,0,0.841812,0.204422,1.028160,1,0,13.5512,0,0,0,13.5512,0
26.1751,2.31641,0,0,1.58168,0.135045,0.36288,3.6288,59.7498,0.697831,0,0,1.17819,0.31858,0,0.66528,12.849,1,1.08596,0.36288,0,24.8953,5.81374,18.3585,0.84672,12.849,0.84672,3695.15,0,36.966,0.42336,0.216518,2.23655,3.35495,1.41149,3.97316,0.42336,36.966,0.42336,423.524,0,0.948421,0,0,1.16494,0.216518,1.028160,1,0,22.3316,0,0,0,22.3316,0
25.4557,2.28215,0,0,2.05838,0.132735,0.36288,3.6288,60.4546,0.643419,0,0,1.66717,0.31891,0,0.66528,12.849,1,1.12028,0.36288,0,48.7458,5.81374,42.1747,0.84672,12.849,0.84672,3695.15,0,36.966,0.398071,0.6041,2.23659,3.98406,1.41149,5.01519,0.42336,36.966,0.42336,423.524,0,1.02816,0,0,1.63226,0.6041,1.028160,1,0,47.1899,0,0,0,47.1899,0
25.0778,2.20274,0,0,2.3529,0.165167,0.36288,3.6288,61.1479,0.58723,0,0,1.53147,0.250946,0,0.66528,12.849,1,1.11185,0.36288,0,62.0285,4.9629,56.3167,0.84672,12.849,0.84672,3695.15,0,36.966,0.359072,0.860872,2.23663,3.65231,1.21535,5.17538,0.42336,36.966,0.42336,423.524,0,1.02816,0,0,1.88903,0.860872,1.028160,1,0,61.4921,0,0,0,61.4921,0
26.7918,2.1917,0,0,4.43904,0.170452,0.36288,3.6288,61.308,0.589789,0,0,1.87317,0.209689,0.913592,0.66528,12.849,1,1.12295,0.36288,0,80.0453,4.34753,74.9377,0.84672,12.849,0.84672,3695.15,0,36.966,0.356548,1.58015,2.14662,7.14013,1.05803,9.45233,0.42336,36.966,0.42336,423.524,0,1.02816,0,0,2.60831,1.58015,1.028160,1,0,85.3036,0,0,0,85.3036,0
28.3563,2.2403,0,0,4.3423,0.174642,0.36288,3.6288,61.308,0.590392,0,0,1.65416,0.209901,0.853869,0.66528,12.849,1,1.07442,0.36288,0,78.9877,4.34753,73.9287,0.84672,12.849,0.84672,3695.15,0,36.966,0.35598,1.54985,2.14666,9.04331,1.05803,11.3258,0.42336,36.966,0.42336,423.524,0,1.02816,0,0,2.57801,1.54985,1.028160,1,0,86.1084,0,0,0,86.1084,0
30.1206,2.28113,0,0,4.58673,0.178466,0.36288,3.6288,61.308,0.590414,0,0,3.14092,0.209901,2.3406,0.66528,12.849,1,1.03364,0.36288,0,88.7276,4.34753,83.7093,0.84672,12.849,0.84672,3695.15,0,36.966,0.355994,2.52666,2.1467,8.01914,1.05803,11.2785,0.42336,36.966,0.42336,423.524,0,1.02816,0,0,3.55482,2.52666,1.028160,1,0,97.3284,0,0,0,97.3284,0
30.9519,2.14862,0,0,3.53019,0.187316,0.36288,3.6288,61.308,0.466701,0,0,1.98391,0.200344,1.31686,0.66528,12.849,1,0.916571,0.36288,0,73.2188,4.11883,68.5463,0.84672,12.849,0.84672,3695.15,0,36.966,0.2814,1.80512,2.14674,11.1439,0.956006,13.8583,0.42336,36.966,0.42336,423.524,0,1.02816,0,0,2.83328,1.80512,1.028160,1,0,83.7215,0,0,0,83.7215,0
32.7082,2.16606,0,0,4.47415,0.188907,0.36288,3.6288,61.308,0.466721,0,0,1.44239,0.17107,0.804594,0.66528,12.849,1,0.89919,0.36288,0,88.5902,3.96175,84.0922,0.84672,12.849,0.84672,3695.15,0,36.966,0.281412,0.831505,1.94676,4.69632,0.78913,6.40404,0.42336,36.966,0.42336,423.524,0,1.02816,0,0,1.85966,0.831505,1.028160,1,0,91.3008,0,0,0,91.3008,0
34.9939,2.20076,0,0,5.04246,0.193151,0.36288,3.6288,61.308,0.466741,0,0,1.23195,0.17107,0.59414,0.66528,12.849,1,0.86454,0.36288,0,100.577,3.96175,96.114,0.84672,12.849,0.84672,3695.15,0,36.966,0.281424,0.81642,1.94679,5.03419,0.78913,6.72685,0.42336,36.966,0.42336,423.524,0,1.02816,0,0,1.84458,0.81642,1.028160,1,0,103.435,0,0,0,103.435,0
39.1851,2.2421,0,0,6.9948,0.198659,0.36288,3.6288,61.308,0.466761,0,0,1.37204,0.17107,0.734209,0.66528,12.849,1,0.823252,0.36288,0,104.858,3.96175,100.436,0.84672,12.849,0.84672,3695.15,0,36.966,0.281436,0.8546,1.94683,6.1723,0.78913,7.90316,0.42336,36.966,0.42336,423.524,0,1.02816,0,0,1.88276,0.8546,1.028160,1,0,109.073,0,0,0,109.073,0
43.8404,2.30846,0,0,7.5235,0.196876,0.36288,3.6288,61.308,0.466781,0,0,3.91564,0.158669,3.29019,0.66528,12.849,1,0.756956,0.36288,0,175.767,3.533,171.84,0.84672,12.849,0.84672,3695.15,0,36.966,0.281448,2.41548,1.94686,9.00134,0.735566,12.3467,0.42336,36.966,0.42336,423.524,0,1.02816,0,0,3.44364,2.41548,1.028160,1,0,187.477,0,0,0,187.477,0
46.2849,2.37062,0,0,5.3855,0.207473,0.36288,3.6288,61.308,0.466781,0,0,1.66755,0.209526,0.991239,0.66528,12.849,1,0.694795,0.36288,0,90.0132,3.81218,85.8692,0.84672,12.849,0.84672,3695.15,0,36.966,0.281448,2.82874,1.9469,8.64553,0.985477,12.1542,0.42336,36.966,0.42336,423.524,0,1.02816,0,0,3.8569,2.82874,1.028160,1,0,99.0146,0,0,0,99.0146,0
47.5289,2.47454,0,0,4.29621,0.214814,0.36288,3.6288,61.308,0.502629,0,0,0.940628,0.219553,0.218446,0.66528,12.849,1,0.686949,0.36288,0,86.2989,3.9123,82.0625,0.84672,12.849,0.84672,3695.15,0,36.966,0.303063,1.70941,1.9469,7.62178,1.03382,9.94119,0.42336,36.966,0.42336,423.524,0,1.02816,0,0,2.73757,1.70941,1.028160,1,0,92.2222,0,0,0,92.2222,0
50.1325,2.48872,0,0,5.67302,0.217785,0.36288,3.6288,61.308,0.50264,0,0,1.04495,0.219553,0.322755,0.66528,12.849,1,0.672802,0.36288,0,79.2141,3.9123,74.9919,0.84672,12.849,0.84672,3695.15,0,36.966,0.30307,2.23704,2.0093,7.50954,1.03382,10.419,0.42336,36.966,0.42336,423.524,0,1.02816,0,0,3.2652,2.23704,1.028160,1,0,85.7336,0,0,0,85.7336,0
50.5631,2.51655,0,0,3.53398,0.22399,0.36288,3.6288,61.308,0.502651,0,0,0.802867,0.219553,0.0806628,0.66528,12.849,1,0.644995,0.36288,0,61.2521,3.9123,57.0577,0.84672,12.849,0.84672,3695.15,0,36.966,0.303076,1.32337,2.00932,9.30658,1.03382,11.3024,0.42336,36.966,0.42336,423.524,0,1.02816,0,0,2.35153,1.32337,1.028160,1,0,68.4407,0,0,0,68.4407,0
52.9464,2.52096,0,0,5.48442,0.217253,0.36288,3.6288,61.308,0.502662,0,0,1.34533,0.212201,0.630462,0.66528,12.849,1,0.640621,0.36288,0,76.2929,3.53832,72.4769,0.84672,12.849,0.84672,3695.15,0,36.966,0.303083,2.17217,2.00934,7.34927,0.992658,10.235,0.42336,36.966,0.42336,423.524,0,1.02816,0,0,3.20033,2.17217,1.028160,1,0,83.3424,0,0,0,83.3424,0
53.2007,2.79234,0,0,3.65833,0.248817,0.36288,3.6288,61.138,0.637194,0,0,0.674768,0.207529,0,0.66528,12.849,1,0.677644,0.36288,0,53.5641,3.70065,49.5487,0.84672,12.849,0.84672,3695.15,0,36.966,0.3842,1.25306,2.00936,6.92997,1.02022,8.78797,0.42336,36.966,0.42336,423.524,0,1.02816,0,0,2.28122,1.25306,1.028160,1,0,58.3367,0,0,0,58.3367,0
53.9027,2.79498,0,0,4.11718,0.257349,0.36288,3.6288,60.9919,0.636541,0,0,0.698783,0.208418,0,0.66528,12.849,1,0.675041,0.36288,0,59.251,3.89928,55.0396,0.84672,12.849,0.84672,3695.15,0,36.966,0.384873,1.79603,2.23376,7.64372,1.09996,10.1887,0.42336,36.966,0.42336,423.524,0,1.02816,0,0,2.82419,1.79603,1.028160,1,0,65.2283,0,0,0,65.2283,0
56.0816,2.8021,0,0,5.6031,0.259197,0.36288,3.6288,60.8294,0.635979,0,0,0.681777,0.208226,0,0.66528,12.849,1,0.667949,0.36288,0,85.6953,3.89928,81.491,0.84672,12.849,0.84672,3695.15,0,36.966,0.385454,2.18913,2.23378,8.76511,1.09996,11.7026,0.42336,36.966,0.42336,423.524,0,1.02816,0,0,3.21729,2.18913,1.028160,1,0,93.1936,0,0,0,93.1936,0
60.0012,2.82324,0,0,7.397,0.29124,0.36288,3.6288,61.308,0.635351,0,0,1.62821,0.198633,0.315667,0.66528,12.849,1,0.646841,0.36288,0,105.73,3.94487,101.501,0.84672,12.849,0.84672,3695.15,0,36.966,0.386102,3.25135,2.2338,14.156,1.05173,18.2034,0.42336,36.966,0.42336,423.524,0,1.02816,0,0,4.27951,3.25135,1.028160,1,0,120.02,0,0,0,120.02,0
66.8436,2.4958,0,0,10.0401,0.339026,0.36288,3.6288,61.308,0.456708,0,0,2.63311,0.186694,1.98971,0.66528,12.849,1,0.534464,0.36288,0,176.361,4.00565,172.184,0.84672,12.849,0.84672,3695.15,0,36.966,0.275375,4.73086,2.23382,19.15,0.987418,24.8518,0.42336,36.966,0.42336,423.524,0,1.02816,0,0,5.75902,4.73086,1.028160,1,0,199.026,0,0,0,199.026,0
72.29,2.54171,0,0,10.898,0.358569,2.55132,3.6288,61.308,0.456719,0,0,2.46704,0.186694,1.82363,0.66528,12.849,1,0.488579,2.55132,0,185.837,4.00565,183.894,0.84672,12.849,0.84672,3695.15,0,36.966,0.275381,5.29273,1.92783,23.7071,0.987418,29.6649,0.42336,36.966,0.42336,423.524,0,1.02816,0,0,6.32089,5.29273,1.028160,1,0,215.383,0,0,0,215.383,0
72.29,2.57299,0,0,9.75361,0.305577,6.87504,3.6288,61.308,0.456729,0,0,2.11149,0.146446,1.50831,0.66528,12.849,1,0.457329,6.87504,0,177.748,3.48797,180.678,0.84672,12.849,0.84672,3695.15,0,36.966,0.275388,4.6195,1.92785,21.0444,0.912203,26.4041,0.42336,36.966,0.42336,423.524,0,1.02816,0,0,5.64766,4.6195,1.028160,1,0,208.59,0,0,0,208.59,0
72.29,2.57301,0,0,8.29673,0.370669,5.35305,3.6288,61.308,0.45674,0,0,1.8019,0.157648,1.18751,0.66528,12.849,1,0.457334,5.35305,0,152.73,4.04407,153.582,0.84672,12.849,0.84672,3695.15,0,36.966,0.275394,3.39287,1.92787,15.8115,0.986983,19.8699,0.42336,36.966,0.42336,423.524,0,1.02816,0,0,4.42103,3.39287,1.028160,1,0,174.639,0,0,0,174.639,0
72.29,2.57304,0,0,10.0336,0.331091,7.1295,3.6288,61.308,0.456751,0,0,2.51408,0.182527,1.87481,0.66528,12.849,1,0.457338,7.1295,0,150.853,4.13343,153.391,0.84672,12.849,0.84672,3695.15,0,36.966,0.2754,4.03657,1.92789,16.959,0.951934,21.6962,0.42336,36.966,0.42336,423.524,0,1.02816,0,0,5.06473,4.03657,1.028160,1,0,176.962,0,0,0,176.962,0
72.29,2.66708,0,0,8.92935,0.331091,5.93119,3.6288,61.308,0.500929,0,0,2.34297,0.182527,1.65951,0.66528,12.849,1,0.474053,5.93119,0,198.737,4.13343,200.061,0.84672,12.849,0.84672,3695.15,0,36.966,0.302038,3.81347,1.92791,12.8833,0.951934,17.3707,0.42336,36.966,0.42336,423.524,0,1.02816,0,0,4.84163,3.81347,1.028160,1,0,219.091,0,0,0,219.091,0
72.29,2.6671,0,0,8.74308,0.331091,5.74488,3.6288,61.308,0.50094,0,0,2.02725,0.182527,1.34378,0.66528,12.849,1,0.474057,5.74488,0,191.515,4.13343,192.653,0.84672,12.849,0.84672,3695.15,0,36.966,0.302045,3.88832,2.00338,14.1674,0.951934,18.8052,0.42336,36.966,0.42336,423.524,0,1.02816,0,0,4.91648,3.88832,1.028160,1,0,212.801,0,0,0,212.801,0
72.29,2.66713,0,0,7.73107,0.331091,4.73285,3.6288,61.308,0.500951,0,0,1.48068,0.182527,0.797202,0.66528,12.849,1,0.474062,4.73285,0,125.882,4.13343,126.008,0.84672,12.849,0.84672,3695.15,0,36.966,0.302051,2.80435,2.0034,10.7345,0.951934,14.2883,0.42336,36.966,0.42336,423.524,0,1.02816,0,0,3.83251,2.80435,1.028160,1,0,141.093,0,0,0,141.093,0
72.29,2.66715,0,0,7.09145,0.245277,4.17902,3.6288,61.308,0.500962,0,0,1.30298,0.220928,0.581092,0.66528,12.849,1,0.474066,4.17902,0,126.938,4.93117,125.712,0.84672,12.849,0.84672,3695.15,0,36.966,0.302058,2.67486,2.00341,11.6845,1.07641,14.9843,0.42336,36.966,0.42336,423.524,0,1.02816,0,0,3.70302,2.67486,1.028160,1,0,141.277,0,0,0,141.277,0
72.29,2.63042,0,0,6.00537,0.210256,3.1647,3.6288,61.308,0.483818,0,0,1.12593,0.222038,0.420074,0.66528,12.849,1,0.467537,3.1647,0,119.159,4.80323,117.053,0.84672,12.849,0.84672,3695.15,0,36.966,0.291721,2.06433,2.00343,9.77564,1.05673,12.495,0.42336,36.966,0.42336,423.524,0,1.02816,0,0,3.09249,2.06433,1.028160,1,0,129.968,0,0,0,129.968,0
72.29,2.63044,0,0,5.42724,0.210256,2.58654,3.6288,61.308,0.483829,0,0,1.02673,0.222038,0.320868,0.66528,12.849,1,0.467542,2.58654,0,118.812,4.80323,116.128,0.84672,12.849,0.84672,3695.15,0,36.966,0.291727,1.54122,1.97409,7.8643,1.05673,10.0312,0.42336,36.966,0.42336,423.524,0,1.02816,0,0,2.56938,1.54122,1.028160,1,0,126.48,0,0,0,126.48,0
72.29,2.63047,0,0,5.09623,0.210256,2.2555,3.6288,61.308,0.48384,0,0,0.944819,0.222038,0.238941,0.66528,12.849,1,0.467546,2.2555,0,106.362,4.80323,103.347,0.84672,12.849,0.84672,3695.15,0,36.966,0.291734,1.11942,1.97411,7.25985,1.05673,9.00492,0.42336,36.966,0.42336,423.524,0,1.02816,0,0,2.14758,1.11942,1.028160,1,0,112.59,0,0,0,112.59,0
72.29,2.6305,0,0,4.62313,0.20106,1.79158,3.6288,61.308,0.483851,0,0,0.870826,0.223533,0.163442,0.66528,12.849,1,0.467551,1.79158,0,90.2137,4.81759,86.7201,0.84672,12.849,0.84672,3695.15,0,36.966,0.29174,1.17008,1.97413,6.23082,1.03256,8.05074,0.42336,36.966,0.42336,423.524,0,1.02816,0,0,2.19824,1.17008,1.028160,1,0,94.9343,0,0,0,94.9343,0
72.29,2.7553,0,0,4.18725,0.138111,1.29384,3.6288,61.2862,0.5447,0,0,0.762497,0.239552,0,0.66528,12.849,1,0.489735,1.29384,0,63.3485,5.06236,59.0902,0.84672,12.849,0.84672,3695.15,0,36.966,0.32843,0.923616,1.97415,5.90776,1.06086,7.41624,0.42336,36.966,0.42336,423.524,0,1.02816,0,0,1.95178,0.923616,1.028160,1,0,66.5065,0,0,0,66.5065,0
72.29,2.75533,0,0,4.01447,0.138111,1.12103,3.6288,61.246,0.544638,0,0,0.743878,0.239519,0,0.66528,12.849,1,0.489739,1.12103,0,58.615,5.06236,54.1839,0.84672,12.849,0.84672,3695.15,0,36.966,0.328509,0.920747,2.07706,5.70827,1.06086,7.3167,0.42336,36.966,0.42336,423.524,0,1.02816,0,0,1.94891,0.920747,1.028160,1,0,61.5006,0,0,0,61.5006,0
72.29,2.75536,0,0,3.83542,0.138111,0.941948,3.6288,61.2088,0.544515,0,0,0.74679,0.239458,0,0.66528,12.849,1,0.489744,0.941948,0,56.0059,5.06236,51.3958,0.84672,12.849,0.84672,3695.15,0,36.966,0.328651,1.09412,2.07708,5.43631,1.06086,7.218,0.42336,36.966,0.42336,423.524,0,1.02816,0,0,2.12228,1.09412,1.028160,1,0,58.6138,0,0,0,58.6138,0
72.29,2.75538,0,0,3.54777,0.172531,0.619858,3.6288,61.1388,0.544402,0,0,0.704601,0.23019,0,0.66528,12.849,1,0.489749,0.619858,0,52.1067,4.47006,47.7668,0.84672,12.849,0.84672,3695.15,0,36.966,0.328782,1.02048,2.0771,4.94448,1.08371,6.62957,0.42336,36.966,0.42336,423.524,0,1.02816,0,0,2.04864,1.02048,1.028160,1,0,54.3963,0,0,0,54.3963,0
72.1312,2.75541,0,0,3.05785,0.0983835,0.36288,3.6288,60.9043,0.544179,0,0,0.595333,0.285693,0,0.66528,12.849,1,0.489753,0.36288,0,49.9058,5.14783,44.6311,0.84672,12.849,0.84672,3695.15,0,36.966,0.329024,0.438826,2.07712,4.41285,1.16101,5.43876,0.42336,36.966,0.42336,423.524,0,1.02816,0,0,1.46699,0.438826,1.028160,1,0,50.0698,0,0,0,50.0698,0
71.8606,2.72985,0,0,2.9156,0.093486,0.36288,3.6288,60.61,0.576758,0,0,0.575492,0.293021,0,0.66528,12.849,1,0.486279,0.36288,0,48.0501,5.25642,42.6702,0.84672,12.849,0.84672,3695.15,0,36.966,0.350065,0.421347,2.07714,4.21851,1.19776,5.16918,0.42336,36.966,0.42336,423.524,0,1.02816,0,0,1.44951,0.421347,1.028160,1,0,47.8394,0,0,0,47.8394,0
71.4522,2.72832,0,0,2.75542,0.0725373,0.36288,3.6288,60.2626,0.575714,0,0,0.552167,0.323823,0,0.66528,12.849,1,0.487837,0.36288,0,45.2665,5.92257,39.219,0.84672,12.849,0.84672,3695.15,0,36.966,0.351128,0.449643,2.11312,4.14972,1.38194,4.97942,0.42336,36.966,0.42336,423.524,0,1.02816,0,0,1.4778,0.449643,1.028160,1,0,44.1984,0,0,0,44.1984,0
70.8048,2.72599,0,0,2.51964,0.0781873,0.36288,3.6288,59.9137,0.574471,0,0,0.537372,0.311824,0,0.66528,12.849,1,0.490205,0.36288,0,45.1583,5.93355,39.0974,0.84672,12.849,0.84672,3695.15,0,36.966,0.352389,0.395626,2.11314,3.92061,1.3547,4.72228,0.42336,36.966,0.42336,423.524,0,1.02816,0,0,1.42379,0.395626,1.028160,1,0,43.8197,0,0,0,43.8197,0
69.8623,2.72222,0,0,2.22626,0.0837108,0.36288,3.6288,59.5667,0.573214,0,0,0.501592,0.275393,0,0.66528,12.849,1,0.494003,0.36288,0,37.2649,5.11989,32.0139,0.84672,12.849,0.84672,3695.15,0,36.966,0.353666,0.368807,2.11316,3.64915,1.19861,4.57884,0.42336,36.966,0.42336,423.524,0,1.02816,0,0,1.39697,0.368807,1.028160,1,0,36.5928,0,0,0,36.5928,0
68.6474,2.78002,0,0,1.98966,0.0616386,0.36288,3.6288,59.0825,0.645828,0,0,0.48095,0.319261,0,0.66528,12.849,1,0.511298,0.36288,0,32.3892,5.7392,26.5016,0.84672,12.849,0.84672,3695.15,0,36.966,0.400789,0.261274,2.11318,3.24544,1.43727,3.78184,0.42336,36.966,0.42336,423.524,0,0.956215,0,0,1.21749,0.261274,1.028160,1,0,30.2834,0,0,0,30.2834,0
67.3538,2.77242,0,0,1.90218,0.0604345,0.36288,3.6288,58.5742,0.599563,0,0,0.417086,0.325842,0,0.66528,12.849,1,0.518925,0.36288,0,30.9069,5.90268,24.8482,0.84672,12.849,0.84672,3695.15,0,36.966,0.375127,0.439007,2.16418,2.8139,1.48963,3.55233,0.42336,36.966,0.42336,423.524,0,1.02816,0,0,1.46717,0.439007,1.028160,1,0,28.4005,0,0,0,28.4005,0
66.3884,2.76408,0,0,2.22139,0.0598244,0.36288,3.6288,58.1847,0.597579,0,0,0.532825,0.32478,0,0.66528,12.849,1,0.5273,0.36288,0,37.1559,5.90268,31.0888,0.84672,12.849,0.84672,3695.15,0,36.966,0.377131,0.313312,2.1642,3.44726,1.48963,4.05802,0.42336,36.966,0.42336,423.524,0,1.02816,0,0,1.34147,0.313312,1.028160,1,0,35.1468,0,0,0,35.1468,0
64.9685,2.75768,0,0,1.76069,0.0600319,0.36288,3.6288,57.6545,0.614708,0,0,0.405281,0.320708,0,0.66528,12.849,1,0.533729,0.36288,0,31.4668,5.85822,25.4377,0.84672,12.849,0.84672,3695.15,0,36.966,0.390538,0.227405,2.16422,2.9214,1.49095,3.43154,0.42336,36.966,0.42336,423.524,0,0.997644,0,0,1.22505,0.227405,1.028160,1,0,28.8693,0,0,0,28.8693,0
62.6564,2.93149,0,0,1.04556,0.0632865,0.36288,3.6288,56.6204,1.04281,0,0,0.308864,0.300134,0,0.66528,12.849,1,0.579769,0.36288,0,18.4973,5.59146,12.6889,0.84672,12.849,0.84672,3695.15,0,36.966,0.42336,0.227405,2.16424,2.42332,1.49884,2.89277,0.42336,36.966,0.42336,423.524,0,0.650627,0,0,0.878031,0.227405,1.028160,1,0,15.5817,0,0,0,15.5817,0
60.3066,2.91377,0,0,0.9889,0.062111,0.36288,3.6288,55.5087,1.09765,0,0,0.284073,0.298126,0,0.66528,12.849,1,0.597529,0.36288,0,16.6236,5.59146,10.7975,0.84672,12.849,0.84672,3695.15,0,36.966,0.42336,0.227405,2.29345,2.39581,1.49884,2.99446,0.42336,36.966,0.42336,423.524,0,0.595788,0,0,0.823193,0.227405,1.028160,1,0,13.792,0,0,0,13.792,0
58.3538,2.8946,0,0,1.36565,0.060916,0.36288,3.6288,54.5637,0.963662,0,0,0.314601,0.295967,0,0.66528,12.849,1,0.616728,0.36288,0,17.8311,5.59146,11.9858,0.84672,12.849,0.84672,3695.15,0,36.966,0.42336,0.204422,2.29346,2.67079,1.49884,3.24647,0.42336,36.966,0.42336,423.524,0,0.729778,0,0,0.9342,0.204422,1.028160,1,0,15.2323,0,0,0,15.2323,0
57.0167,2.87772,0,0,1.98826,0.0848359,0.36288,3.6288,53.8486,0.846858,0,0,0.418772,0.287075,0,0.66528,12.849,1,0.633648,0.36288,0,29.7549,5.45154,24.0326,0.84672,12.849,0.84672,3695.15,0,36.966,0.42336,0.204422,2.29346,2.9701,1.47648,3.56815,0.42336,36.966,0.42336,423.524,0,0.846582,0,0,1.051,0.204422,1.028160,1,0,27.6008,0,0,0,27.6008,0
55.4741,2.86562,0,0,1.77308,0.0871023,0.36288,3.6288,52.9286,1.151,0,0,0.497045,0.265997,0,0.66528,12.849,1,0.645782,0.36288,0,28.914,5.28046,23.3507,0.84672,12.849,0.84672,3695.15,0,36.966,0.42336,0.204422,2.29347,3.61471,1.44466,4.24458,0.42336,36.966,0.42336,423.524,0,0.542438,0,0,0.746861,0.204422,1.028160,1,0,27.5952,0,0,0,27.5952,0
53.7383,2.76408,0,0,1.47887,0.087732,0.36288,3.6288,52.0814,1.08051,0,0,0.495159,0.261848,0,0.66528,12.849,1,0.640219,0.36288,0,40.2501,5.21871,34.7541,0.84672,12.849,0.84672,3695.15,0,36.966,0.42336,0.204422,2.29348,3.36299,1.44048,3.99705,0.42336,36.966,0.42336,423.524,0,0.566916,0,0,0.771339,0.204422,1.028160,1,0,38.7511,0,0,0,38.7511,0
51.4201,2.74741,0,0,0.878316,0.0862097,0.36288,3.6288,50.7481,1.41152,0,0,0.338339,0.260073,0,0.66528,12.849,1,0.656915,0.36288,0,27.9822,5.21871,22.4694,0.84672,12.849,0.84672,3695.15,0,36.966,0.42336,0.216518,2.23785,2.18608,1.44048,2.77662,0.42336,36.966,0.42336,423.524,0,0.235925,0,0,0.452443,0.216518,1.028160,1,0,25.2461,0,0,0,25.2461,0
49.4261,2.72374,0,0,1.21287,0.120237,0.36288,3.6288,49.613,1.3419,0,0,0.464213,0.257501,0,0.66528,12.849,1,0.680617,0.36288,0,29.4513,4.944,24.1895,0.84672,12.849,0.84672,3695.15,0,36.966,0.42336,0.216518,2.23787,2.9343,1.38919,3.57615,0.42336,36.966,0.42336,423.524,0,0.305563,0,0,0.522081,0.216518,1.028160,1,0,27.7657,0,0,0,27.7657,0
49.5618,2.70198,0,0,3.39098,0.190483,0.36288,3.6288,49.6567,0.619325,0,0,0.907066,0.244033,0,0.66528,12.849,1,0.702416,0.36288,0,48.9966,4.21898,44.4381,0.84672,12.849,0.84672,3695.15,0,36.966,0.42336,0.614987,2.2379,6.82504,1.21221,8.04235,0.42336,36.966,0.42336,423.524,0,1.02816,0,0,1.64315,0.614987,1.028160,1,0,52.4804,0,0,0,52.4804,0
49.0723,2.63369,0,0,2.71326,0.206213,0.36288,3.6288,49.6392,0.543113,0,0,0.730858,0.205216,0,0.66528,12.849,1,0.68279,0.36288,0,64.4838,3.76561,60.3982,0.84672,12.849,0.84672,3695.15,0,36.966,0.404311,0.450058,2.23792,8.21899,1.1331,9.36955,0.42336,36.966,0.42336,423.524,0,1.02816,0,0,1.47822,0.450058,1.028160,1,0,69.7678,0,0,0,69.7678,0
48.4092,2.62832,0,0,2.53328,0.205132,0.36288,3.6288,50.3157,0.543043,0,0,1.42473,0.205187,0,0.66528,12.849,1,0.688195,0.36288,0,76.8822,3.76561,72.7912,0.84672,12.849,0.84672,3695.15,0,36.966,0.404401,0.99049,2.14785,7.75989,1.1331,9.36072,0.42336,36.966,0.42336,423.524,0,1.02816,0,0,2.01865,0.99049,1.028160,1,0,82.152,0,0,0,82.152,0
47.8672,2.6209,0,0,2.65383,0.212057,0.36288,3.6288,50.6433,0.546188,0,0,1.08296,0.209175,0,0.66528,12.849,1,0.69565,0.36288,0,61.2943,3.52867,57.4329,0.84672,12.849,0.84672,3695.15,0,36.966,0.401274,0.838503,2.14787,10.0343,1.08271,11.5367,0.42336,36.966,0.42336,423.524,0,1.02816,0,0,1.86666,0.838503,1.028160,1,0,68.9696,0,0,0,68.9696,0
47.8294,2.61471,0,0,3.17111,0.231345,0.36288,3.6288,51.4746,0.5477,0,0,1.59302,0.214042,0,0.66528,12.849,1,0.701867,0.36288,0,110.452,3.02916,107.084,0.84672,12.849,0.84672,3695.15,0,36.966,0.399782,1.05968,2.14789,10.0375,0.943907,11.9014,0.42336,36.966,0.42336,423.524,0,1.02816,0,0,2.08784,1.05968,1.028160,1,0,118.985,0,0,0,118.985,0
47.1375,2.41741,0,0,2.31771,0.229325,0.36288,3.6288,51.4565,0.435966,0,0,0.616295,0.198393,0,0.66528,12.849,1,0.649419,0.36288,0,61.7161,3.58617,57.8434,0.84672,12.849,0.84672,3695.15,0,36.966,0.313085,0.382804,2.14791,5.84287,0.867054,7.19344,0.42336,36.966,0.42336,423.524,0,1.02816,0,0,1.41096,0.382804,1.028160,1,0,65.0369,0,0,0,65.0369,0
46.9074,2.40994,0,0,2.77032,0.227591,0.36288,3.6288,51.6385,0.435913,0,0,0.816231,0.198364,0,0.66528,12.849,1,0.656916,0.36288,0,64.9115,3.58617,61.0312,0.84672,12.849,0.84672,3695.15,0,36.966,0.313157,0.85352,1.9478,6.97163,0.867054,8.59274,0.42336,36.966,0.42336,423.524,0,1.02816,0,0,1.88168,0.85352,1.028160,1,0,69.624,0,0,0,69.624,0
46.7195,2.40744,0,0,2.8095,0.227014,0.36288,3.6288,52.0141,0.436566,0,0,1.01089,0.198657,0,0.66528,12.849,1,0.659452,0.36288,0,78.9411,3.58617,75.0583,0.84672,12.849,0.84672,3695.15,0,36.966,0.312521,1.11195,1.94782,8.28507,0.867054,10.1653,0.42336,36.966,0.42336,423.524,0,1.02816,0,0,2.14011,1.11195,1.028160,1,0,85.2236,0,0,0,85.2236,0
48.0185,2.40538,0,0,4.30605,0.238883,0.36288,3.6288,52.5943,0.437895,0,0,1.20247,0.184441,0,0.66528,12.849,1,0.661538,0.36288,0,83.2974,3.79731,79.2014,0.84672,12.849,0.84672,3695.15,0,36.966,0.311208,1.24683,1.94784,10.3633,0.900159,12.3466,0.42336,36.966,0.42336,423.524,0,1.02816,0,0,2.27499,1.24683,1.028160,1,0,91.548,0,0,0,91.548,0
54.102,2.41952,0,0,9.11639,0.250439,0.36288,3.6288,53.9648,0.439921,0,0,2.02605,0.215645,0,0.66528,12.849,1,0.647427,0.36288,0,155.739,4.21722,151.238,0.84672,12.849,0.84672,3695.15,0,36.966,0.309199,2.06204,1.94785,13.9414,1.12266,16.5195,0.42336,36.966,0.42336,423.524,0,1.02816,0,0,3.0902,2.06204,1.028160,1,0,167.757,0,0,0,167.757,0
58.5058,2.55601,0,0,7.58872,0.265997,0.36288,3.6288,54.8556,0.478692,0,0,1.58655,0.217017,0,0.66528,12.849,1,0.607041,0.36288,0,173.647,3.94842,169.454,0.84672,12.849,0.84672,3695.15,0,36.966,0.327905,1.62301,1.94787,13.3257,1.07385,15.4949,0.42336,36.966,0.42336,423.524,0,1.02816,0,0,2.65117,1.62301,1.028160,1,0,184.949,0,0,0,184.949,0
62.7393,2.59347,0,0,7.46764,0.277869,0.36288,3.6288,56.0794,0.481875,0,0,1.924,0.218298,0,0.66528,12.849,1,0.569576,0.36288,0,196.079,3.94842,191.924,0.84672,12.849,0.84672,3695.15,0,36.966,0.324725,2.13462,2.01029,13.7179,1.07385,16.4642,0.42336,36.966,0.42336,423.524,0,1.02816,0,0,3.16278,2.13462,1.028160,1,0,208.388,0,0,0,208.388,0
68.0639,2.62538,0,0,8.60138,0.288465,0.36288,3.6288,56.6376,0.486147,0,0,1.2644,0.220059,0,0.66528,12.849,1,0.537677,0.36288,0,204.558,3.94842,200.435,0.84672,12.849,0.84672,3695.15,0,36.966,0.320455,1.32074,2.01029,12.7451,1.07385,14.6818,0.42336,36.966,0.42336,423.524,0,1.02816,0,0,2.3489,1.32074,1.028160,1,0,215.117,0,0,0,215.117,0
72.29,2.66076,0,0,10.3148,0.295723,3.13225,3.6288,58.0163,0.488059,0,0,2.10751,0.24074,0,0.66528,12.849,1,0.502295,3.13225,0,245.472,4.31079,243.791,0.84672,12.849,0.84672,3695.15,0,36.966,0.318545,2.50691,2.01029,16.857,1.09941,19.9562,0.42336,36.966,0.42336,423.524,0,1.02816,0,0,3.53507,2.50691,1.028160,1,0,263.747,0,0,0,263.747,0
72.29,2.94766,0,0,5.12853,0.303006,1.87787,3.6288,58.4554,0.624455,0,0,1.31858,0.255073,0,0.66528,12.849,1,0.523924,1.87787,0,100.827,4.35236,97.8287,0.84672,12.849,0.84672,3695.15,0,36.966,0.397881,1.4643,2.0103,7.81937,1.09469,9.8014,0.42336,36.966,0.42336,423.524,0,1.02816,0,0,2.49246,1.4643,1.028160,1,0,107.63,0,0,0,107.63,0
72.29,2.94766,0,0,6.38827,0.303006,3.1376,3.6288,58.9861,0.626287,0,0,1.4128,0.255796,0,0.66528,12.849,1,0.523924,3.1376,0,102.412,4.35236,100.673,0.84672,12.849,0.84672,3695.15,0,36.966,0.396051,1.69843,2.23479,10.3632,1.09469,12.8057,0.42336,36.966,0.42336,423.524,0,1.02816,0,0,2.72659,1.69843,1.028160,1,0,113.479,0,0,0,113.479,0
72.29,2.94766,0,0,7.17932,0.325053,3.9066,3.6288,59.8142,0.62848,0,0,1.66657,0.209993,0,0.66528,12.849,1,0.523925,3.9066,0,127.009,3.54101,126.851,0.84672,12.849,0.84672,3695.15,0,36.966,0.393862,1.91126,2.23479,13.6559,0.928381,16.4797,0.42336,36.966,0.42336,423.524,0,1.02816,0,0,2.93942,1.91126,1.028160,1,0,143.33,0,0,0,143.33,0
72.29,2.94767,0,0,7.53874,0.327899,4.26317,3.6288,60.9026,0.631851,0,0,1.93494,0.214664,0,0.66528,12.849,1,0.523926,4.26317,0,143.363,3.63696,143.465,0.84672,12.849,0.84672,3695.15,0,36.966,0.390493,2.94951,2.23479,14.3678,0.922237,18.2394,0.42336,36.966,0.42336,423.524,0,1.02816,0,0,3.97767,2.94951,1.028160,1,0,161.704,0,0,0,161.704,0
72.29,2.57404,0,0,8.16463,0.325827,5.26476,3.6288,61.308,0.456035,0,0,2.05119,0.244793,0.944984,0.66528,12.849,1,0.457515,5.26476,0,174.871,4.21491,175.463,0.84672,12.849,0.84672,3695.15,0,36.966,0.276799,2.92792,2.2348,13.3932,0.97617,17.303,0.42336,36.966,0.42336,423.524,0,1.02816,0,0,3.95608,2.92792,1.028160,1,0,193.711,0,0,0,193.711,0
72.29,2.57404,0,0,8.86222,0.325827,5.96235,3.6288,61.308,0.457178,0,0,1.92181,0.245422,1.21921,0.66528,12.849,1,0.457516,5.96235,0,184.265,4.21491,185.555,0.84672,12.849,0.84672,3695.15,0,36.966,0.275658,3.31391,1.92866,16.5805,0.97617,20.5712,0.42336,36.966,0.42336,423.524,0,1.02816,0,0,4.34207,3.31391,1.028160,1,0,207.346,0,0,0,207.346,0
72.29,2.57404,0,0,7.93178,0.257379,5.10036,3.6288,61.308,0.457179,0,0,1.64484,0.205175,0.982486,0.66528,12.849,1,0.457517,5.10036,0,176.246,3.69723,177.191,0.84672,12.849,0.84672,3695.15,0,36.966,0.275659,2.85146,1.92866,14.7182,0.900955,18.3217,0.42336,36.966,0.42336,423.524,0,1.02816,0,0,3.87962,2.85146,1.028160,1,0,196.495,0,0,0,196.495,0
72.29,2.57405,0,0,6.7468,0.32247,3.85029,3.6288,61.308,0.457181,0,0,1.40367,0.216377,0.730114,0.66528,12.849,1,0.457517,3.85029,0,151.439,4.25334,150.579,0.84672,12.849,0.84672,3695.15,0,36.966,0.27566,2.00883,1.92866,11.0585,0.975735,13.7446,0.42336,36.966,0.42336,423.524,0,1.02816,0,0,3.03699,2.00883,1.028160,1,0,165.053,0,0,0,165.053,0
72.29,2.57405,0,0,9.29431,0.304205,6.41605,3.6288,61.308,0.457182,0,0,2.77589,0.177175,2.14154,0.66528,12.849,1,0.457518,6.41605,0,137.024,3.76662,139.216,0.84672,12.849,0.84672,3695.15,0,36.966,0.275661,2.88259,1.92866,20.9651,1.01286,24.4879,0.42336,36.966,0.42336,423.524,0,1.02816,0,0,3.91075,2.88259,1.028160,1,0,165.846,0,0,0,165.846,0
72.29,2.6681,0,0,7.81704,0.301161,4.84778,3.6288,61.308,0.501368,0,0,2.04933,0.170642,1.37732,0.66528,12.849,1,0.474235,4.84778,0,177.641,3.6855,178.329,0.84672,12.849,0.84672,3695.15,0,36.966,0.302303,1.86818,1.92867,15.5498,1.01904,18.0253,0.42336,36.966,0.42336,423.524,0,1.02816,0,0,2.89634,1.86818,1.028160,1,0,197.732,0,0,0,197.732,0
72.29,2.66811,0,0,5.91975,0.301161,2.95048,3.6288,61.308,0.50137,0,0,1.80965,0.170642,1.13764,0.66528,12.849,1,0.474236,2.95048,0,101.772,3.6855,100.563,0.84672,12.849,0.84672,3695.15,0,36.966,0.302304,1.42405,2.00415,12.3755,1.01904,14.4824,0.42336,36.966,0.42336,423.524,0,1.02816,0,0,2.45221,1.42405,1.028160,1,0,116.183,0,0,0,116.183,0
72.29,2.66811,0,0,6.15863,0.30433,3.18619,3.6288,61.308,0.501371,0,0,2.00502,0.186769,1.31688,0.66528,12.849,1,0.474236,3.18619,0,103.442,4.02669,102.127,0.84672,12.849,0.84672,3695.15,0,36.966,0.302305,1.7185,2.00415,15.1572,1.04832,17.5292,0.42336,36.966,0.42336,423.524,0,1.02816,0,0,2.74666,1.7185,1.028160,1,0,120.973,0,0,0,120.973,0
72.29,2.66811,0,0,5.38589,0.270985,2.44679,3.6288,61.308,0.501373,0,0,1.56031,0.22296,0.835974,0.66528,12.849,1,0.474237,2.44679,0,94.5432,4.53664,91.9791,0.84672,12.849,0.84672,3695.15,0,36.966,0.302306,1.30892,2.00415,12.1164,1.11017,14.017,0.42336,36.966,0.42336,423.524,0,1.02816,0,0,2.33708,1.30892,1.028160,1,0,106.832,0,0,0,106.832,0
72.29,2.63134,0,0,4.92378,0.240036,2.0524,3.6288,61.308,0.484213,0,0,1.11521,0.219863,0.411131,0.66528,12.849,1,0.467701,2.0524,0,93.0156,4.27938,90.321,0.84672,12.849,0.84672,3695.15,0,36.966,0.291959,0.855153,2.00415,8.48845,1.10167,9.95413,0.42336,36.966,0.42336,423.524,0,1.02816,0,0,1.88331,0.855153,1.028160,1,0,100.686,0,0,0,100.686,0
72.29,2.63135,0,0,4.58133,0.240036,1.70995,3.6288,61.308,0.484215,0,0,1.11268,0.219863,0.408598,0.66528,12.849,1,0.467702,1.70995,0,85.0435,4.27938,82.0064,0.84672,12.849,0.84672,3695.15,0,36.966,0.29196,0.862263,1.97479,8.06682,1.10167,9.51025,0.42336,36.966,0.42336,423.524,0,1.02816,0,0,1.89042,0.862263,1.028160,1,0,91.9252,0,0,0,91.9252,0
72.29,2.63135,0,0,4.40179,0.240036,1.5304,3.6288,61.308,0.484216,0,0,1.40538,0.219863,0.701303,0.66528,12.849,1,0.467703,1.5304,0,81.5124,4.27938,78.2957,0.84672,12.849,0.84672,3695.15,0,36.966,0.291961,1.25499,1.97479,9.84226,1.10167,11.6784,0.42336,36.966,0.42336,423.524,0,1.02816,0,0,2.28315,1.25499,1.028160,1,0,90.6754,0,0,0,90.6754,0
72.29,2.63135,0,0,4.04752,0.243427,1.17274,3.6288,61.308,0.484218,0,0,1.17432,0.152934,0.537171,0.66528,12.849,1,0.467703,1.17274,0,69.7853,3.69319,66.7971,0.84672,12.849,0.84672,3695.15,0,36.966,0.291962,0.884459,1.97479,8.01533,0.860006,9.72261,0.42336,36.966,0.42336,423.524,0,1.02816,0,0,1.91262,0.884459,1.028160,1,0,77.0569,0,0,0,77.0569,0
72.29,2.75618,0,0,4.00262,0.178263,1.06817,3.6288,61.308,0.545077,0,0,1.25526,0.189585,0.5206,0.66528,12.849,1,0.48989,1.06817,0,62.1484,4.1441,58.5826,0.84672,12.849,0.84672,3695.15,0,36.966,0.328657,1.02652,1.9748,7.48388,0.99763,9.15891,0.42336,36.966,0.42336,423.524,0,1.02816,0,0,2.05468,1.02652,1.028160,1,0,68.2621,0,0,0,68.2621,0
72.29,2.75618,0,0,3.5341,0.146591,0.631322,3.6288,61.308,0.545078,0,0,1.02833,0.20085,0.282405,0.66528,12.849,1,0.489891,0.631322,0,56.6613,4.29524,52.5075,0.84672,12.849,0.84672,3695.15,0,36.966,0.328658,0.712204,2.07772,6.30475,1.02804,7.73797,0.42336,36.966,0.42336,423.524,0,1.02816,0,0,1.74036,0.712204,1.028160,1,0,60.5279,0,0,0,60.5279,0
72.29,2.75619,0,0,3.33336,0.146591,0.430585,3.6288,61.308,0.54508,0,0,0.821232,0.20085,0.0753026,0.66528,12.849,1,0.489892,0.430585,0,52.3485,4.29524,47.9939,0.84672,12.849,0.84672,3695.15,0,36.966,0.328659,0.513579,2.07772,5.92118,1.02804,7.15578,0.42336,36.966,0.42336,423.524,0,1.02816,0,0,1.54174,0.513579,1.028160,1,0,55.225,0,0,0,55.225,0
72.2337,2.75619,0,0,3.21076,0.147986,0.36288,3.6288,61.2192,0.545081,0,0,0.711832,0.255546,0,0.66528,12.849,1,0.489892,0.36288,0,47.5727,5.22738,42.2183,0.84672,12.849,0.84672,3695.15,0,36.966,0.32866,0.452209,2.07772,5.70992,1.21894,6.69225,0.42336,36.966,0.42336,423.524,0,1.02816,0,0,1.48037,0.452209,1.028160,1,0,48.9106,0,0,0,48.9106,0
71.4717,2.75587,0,0,2.47943,0.122731,0.36288,3.6288,61.2832,0.544786,0,0,0.871171,0.262353,0,0.66528,12.849,1,0.490217,0.36288,0,46.4626,5.1738,41.1615,0.84672,12.849,0.84672,3695.15,0,36.966,0.328958,0.880848,2.07773,5.58694,1.2846,6.93195,0.42336,36.966,0.42336,423.524,0,1.02816,0,0,1.90901,0.880848,1.028160,1,0,48.0935,0,0,0,48.0935,0
70.559,2.7268,0,0,2.29677,0.119788,0.36288,3.6288,61.308,0.578445,0,0,0.864527,0.256335,0.00498413,0.66528,12.849,1,0.490218,0.36288,0,46.1198,5.04273,40.9497,0.84672,12.849,0.84672,3695.15,0,36.966,0.348918,0.820489,2.07773,5.7407,1.26993,7.02007,0.42336,36.966,0.42336,423.524,0,1.02816,0,0,1.84865,0.820489,1.028160,1,0,47.9748,0,0,0,47.9748,0
69.4556,2.72144,0,0,2.09988,0.118953,0.36288,3.6288,61.308,0.578535,0,0,0.843765,0.256375,0.0088554,0.66528,12.849,1,0.495583,0.36288,0,45.4686,5.04273,40.2932,0.84672,12.849,0.84672,3695.15,0,36.966,0.348831,0.854444,2.11371,5.67014,1.26993,7.01952,0.42336,36.966,0.42336,423.524,0,1.02816,0,0,1.8826,0.854444,1.028160,1,0,47.3216,0,0,0,47.3216,0
68.1791,2.7148,0,0,1.91914,0.117944,0.36288,3.6288,61.2622,0.578536,0,0,0.789065,0.256375,0,0.66528,12.849,1,0.502227,0.36288,0,42.7672,5.04273,37.5851,0.84672,12.849,0.84672,3695.15,0,36.966,0.348832,0.580729,2.11371,5.39559,1.26993,6.47126,0.42336,36.966,0.42336,423.524,0,1.02816,0,0,1.60889,0.580729,1.028160,1,0,44.0564,0,0,0,44.0564,0
66.7225,2.70689,0,0,1.70983,0.0966301,0.36288,3.6288,61.0587,0.578375,0,0,0.668027,0.29311,0,0.66528,12.849,1,0.51014,0.36288,0,35.3246,5.67159,29.5057,0.84672,12.849,0.84672,3695.15,0,36.966,0.348995,0.381102,2.11371,4.53406,1.42575,5.25413,0.42336,36.966,0.42336,423.524,0,1.02816,0,0,1.40926,0.381102,1.028160,1,0,34.7598,0,0,0,34.7598,0
65.3682,2.76051,0,0,1.84868,0.0796094,0.36288,3.6288,60.9001,0.607417,0,0,0.765046,0.316195,0,0.66528,12.849,1,0.531602,0.36288,0,41.1975,6.18072,34.8481,0.84672,12.849,0.84672,3695.15,0,36.966,0.367741,0.520854,2.11371,4.55271,1.5133,5.30624,0.42336,36.966,0.42336,423.524,0,1.02816,0,0,1.54901,0.520854,1.028160,1,0,40.1543,0,0,0,40.1543,0
63.858,2.75131,0,0,1.68272,0.0787552,0.36288,3.6288,60.6084,0.606823,0,0,0.630996,0.315878,0,0.66528,12.849,1,0.540807,0.36288,0,33.1824,6.18072,26.8238,0.84672,12.849,0.84672,3695.15,0,36.966,0.368338,0.554308,2.16471,4.2305,1.5133,5.06788,0.42336,36.966,0.42336,423.524,0,1.02816,0,0,1.58247,0.554308,1.028160,1,0,31.8917,0,0,0,31.8917,0
62.207,2.74067,0,0,1.53043,0.0778027,0.36288,3.6288,60.2751,0.605723,0,0,0.587654,0.315294,0,0.66528,12.849,1,0.551456,0.36288,0,30.9335,6.18072,24.5642,0.84672,12.849,0.84672,3695.15,0,36.966,0.36944,0.307662,2.16471,3.77021,1.5133,4.35984,0.42336,36.966,0.42336,423.524,0,1.02816,0,0,1.33582,0.307662,1.028160,1,0,28.9241,0,0,0,28.9241,0
60.7124,2.72854,0,0,1.66663,0.0698659,0.36288,3.6288,60.0514,0.604458,0,0,0.693642,0.312838,0,0.66528,12.849,1,0.563586,0.36288,0,31.0798,6.28886,24.5902,0.84672,12.849,0.84672,3695.15,0,36.966,0.370707,0.65524,2.16471,5.33078,1.53921,6.24082,0.42336,36.966,0.42336,423.524,0,1.02816,0,0,1.6834,0.65524,1.028160,1,0,30.8311,0,0,0,30.8311,0
58.8222,2.89856,0,0,1.44292,0.0716672,0.36288,3.6288,59.4887,0.753019,0,0,0.504616,0.314292,0,0.66528,12.849,1,0.613443,0.36288,0,25.1199,6.64166,18.2276,0.84672,12.849,0.84672,3695.15,0,36.966,0.42336,0.227405,2.16471,3.46571,1.52284,3.91163,0.42336,36.966,0.42336,423.524,0,0.940421,0,0,1.16783,0.227405,1.028160,1,0,22.1393,0,0,0,22.1393,0
57.1232,2.88238,0,0,1.61231,0.0660224,0.36288,3.6288,59.1278,0.66528,0,0,0.620094,0.315726,0,0.66528,12.849,1,0.629622,0.36288,0,31.9645,6.71643,24.9814,0.84672,12.849,0.84672,3695.15,0,36.966,0.42336,0.438394,2.29359,3.67866,1.53778,4.44951,0.42336,36.966,0.42336,423.524,0,1.02816,0,0,1.46655,0.438394,1.028160,1,0,29.4309,0,0,0,29.4309,0
55.1021,2.8671,0,0,1.27378,0.0649375,0.36288,3.6288,58.4182,0.847204,0,0,0.452643,0.314997,0,0.66528,12.849,1,0.64491,0.36288,0,32.9865,6.71643,25.988,0.84672,12.849,0.84672,3695.15,0,36.966,0.42336,0.204422,2.29359,2.91483,1.53778,3.45171,0.42336,36.966,0.42336,423.524,0,0.846236,0,0,1.05066,0.204422,1.028160,1,0,29.4397,0,0,0,29.4397,0
53.4052,2.84792,0,0,1.57759,0.0636468,0.36288,3.6288,58.1924,0.66528,0,0,0.753038,0.313564,0,0.66528,12.849,1,0.664093,0.36288,0,29.2334,6.71643,22.2157,0.84672,12.849,0.84672,3695.15,0,36.966,0.42336,0.845778,2.29359,4.38017,1.53778,5.5584,0.42336,36.966,0.42336,423.524,0,1.02816,0,0,1.87394,0.845778,1.028160,1,0,27.7741,0,0,0,27.7741,0
51.5625,2.83092,0,0,1.45117,0.100146,0.36288,3.6288,58.0609,0.66528,0,0,0.838217,0.304445,0,0.66528,12.849,1,0.681102,0.36288,0,37.9904,5.97453,31.6977,0.84672,12.849,0.84672,3695.15,0,36.966,0.42336,0.642332,2.29359,4.23611,1.33526,5.41341,0.42336,36.966,0.42336,423.524,0,1.02816,0,0,1.67049,0.642332,1.028160,1,0,37.1111,0,0,0,37.1111,0
49.7814,2.72565,0,0,1.42049,0.113012,0.36288,3.6288,57.8932,0.63725,0,0,0.770247,0.300724,0,0.66528,12.849,1,0.679213,0.36288,0,47.1674,5.67777,41.1733,0.84672,12.849,0.84672,3695.15,0,36.966,0.405722,0.675164,2.29359,3.88127,1.25426,5.19005,0.42336,36.966,0.42336,423.524,0,1.02816,0,0,1.70332,0.675164,1.028160,1,0,46.3633,0,0,0,46.3633,0
47.7721,2.70634,0,0,1.19731,0.137449,0.36288,3.6288,57.6342,0.636534,0,0,0.65721,0.279725,0,0.66528,12.849,1,0.698529,0.36288,0,32.9907,5.34174,27.3133,0.84672,12.849,0.84672,3695.15,0,36.966,0.40644,0.463648,2.23823,5.06039,1.16707,6.18875,0.42336,36.966,0.42336,423.524,0,1.02816,0,0,1.49181,0.463648,1.028160,1,0,33.5021,0,0,0,33.5021,0
46.3543,2.68319,0,0,1.73147,0.103193,0.36288,3.6288,57.5092,0.635423,0,0,0.810907,0.300477,0,0.66528,12.849,1,0.721684,0.36288,0,33.2155,5.85463,27.0021,0.84672,12.849,0.84672,3695.15,0,36.966,0.407554,0.804298,2.23823,7.15081,1.10316,8.68262,0.42336,36.966,0.42336,423.524,0,1.02816,0,0,1.83246,0.804298,1.028160,1,0,35.6847,0,0,0,35.6847,0
48.7085,2.66591,0,0,5.52605,0.143006,0.36288,3.6288,57.9506,0.634885,0,0,1.32907,0.252716,0,0.66528,12.849,1,0.738968,0.36288,0,61.0283,5.12571,55.5265,0.84672,12.849,0.84672,3695.15,0,36.966,0.408095,1.77608,2.23823,11.5448,0.957768,14.1933,0.42336,36.966,0.42336,423.524,0,1.02816,0,0,2.80424,1.77608,1.028160,1,0,69.7198,0,0,0,69.7198,0
46.9826,2.62458,0,0,1.42654,0.164969,0.36288,3.6288,57.699,0.578605,0,0,0.602924,0.275976,0,0.66528,12.849,1,0.692348,0.36288,0,21.9234,4.6536,16.9403,0.84672,12.849,0.84672,3695.15,0,36.966,0.369085,0.313969,2.23824,3.65051,1.12569,4.70795,0.42336,36.966,0.42336,423.524,0,1.02816,0,0,1.34213,0.313969,1.028160,1,0,21.6483,0,0,0,21.6483,0
45.9075,2.60461,0,0,2.05422,0.161886,0.36288,3.6288,57.824,0.577625,0,0,0.978221,0.275528,0,0.66528,12.849,1,0.71232,0.36288,0,39.4753,4.6536,34.4723,0.84672,12.849,0.84672,3695.15,0,36.966,0.370067,1.10883,2.14813,5.76006,1.12569,7.52127,0.42336,36.966,0.42336,423.524,0,1.02816,0,0,2.13699,1.10883,1.028160,1,0,41.9935,0,0,0,41.9935,0
46.8975,2.59158,0,0,4.14919,0.204715,0.36288,3.6288,58.6442,0.578115,0,0,1.65749,0.259167,0,0.66528,12.849,1,0.725355,0.36288,0,51.3381,4.15317,46.8225,0.84672,12.849,0.84672,3695.15,0,36.966,0.36958,1.48223,2.14814,9.33898,1.05301,11.5468,0.42336,36.966,0.42336,423.524,0,1.02816,0,0,2.51039,1.48223,1.028160,1,0,58.3692,0,0,0,58.3692,0
48.0233,2.6036,0,0,4.29924,0.206979,0.36288,3.6288,59.1047,0.581287,0,0,1.30226,0.260541,0,0.66528,12.849,1,0.713337,0.36288,0,51.5151,4.15317,47.0115,0.84672,12.849,0.84672,3695.15,0,36.966,0.36641,1.64913,2.14814,5.93267,1.05301,8.31053,0.42336,36.966,0.42336,423.524,0,1.02816,0,0,2.67729,1.64913,1.028160,1,0,55.322,0,0,0,55.322,0
50.3594,2.41972,0,0,5.35094,0.232188,0.36288,3.6288,59.8467,0.460943,0,0,1.45414,0.251151,0,0.66528,12.849,1,0.647416,0.36288,0,59.406,4.45368,54.6678,0.84672,12.849,0.84672,3695.15,0,36.966,0.288289,1.19264,2.14814,5.59785,1.14908,7.50126,0.42336,36.966,0.42336,423.524,0,1.02816,0,0,2.2208,1.19264,1.028160,1,0,62.1691,0,0,0,62.1691,0
52.6292,2.44366,0,0,5.31441,0.238084,0.36288,3.6288,61.2716,0.463154,0,0,2.14039,0.252346,0,0.66528,12.849,1,0.623489,0.36288,0,67.8239,4.45368,63.1096,0.84672,12.849,0.84672,3695.15,0,36.966,0.28608,2.33263,1.94799,10.3882,1.14908,13.2337,0.42336,36.966,0.42336,423.524,0,1.02816,0,0,3.36079,2.33263,1.028160,1,0,76.3433,0,0,0,76.3433,0
53.0431,2.46527,0,0,3.47683,0.234749,0.36288,3.6288,61.308,0.467305,0,0,0.912375,0.220318,0.188365,0.66528,12.849,1,0.601877,0.36288,0,40.2726,3.82878,36.2048,0.84672,12.849,0.84672,3695.15,0,36.966,0.281931,0.604714,1.948,4.32599,0.969369,5.6274,0.42336,36.966,0.42336,423.524,0,1.02816,0,0,1.63287,0.604714,1.028160,1,0,42.0206,0,0,0,42.0206,0
52.8897,2.46906,0,0,2.90748,0.228948,0.36288,3.6288,61.308,0.50796,0,0,1.16173,0.194621,0.459145,0.66528,12.849,1,0.598096,0.36288,0,43.4243,3.36011,39.829,0.84672,12.849,0.84672,3695.15,0,36.966,0.306277,0.412474,1.948,4.72731,0.834586,5.94692,0.42336,36.966,0.42336,423.524,0,0.963161,0,0,1.37563,0.412474,1.028160,1,0,46.235,0,0,0,46.235,0
51.8566,2.46766,0,0,2.02782,0.2304,0.36288,3.6288,61.308,0.630331,0,0,0.874242,0.198667,0.0452438,0.66528,12.849,1,0.599493,0.36288,0,38.7775,3.51689,35.024,0.84672,12.849,0.84672,3695.15,0,36.966,0.380062,0.412474,1.948,4.69382,0.772405,5.90183,0.42336,36.966,0.42336,423.524,0,0.767007,0,0,1.17948,0.412474,1.028160,1,0,40.9711,0,0,0,40.9711,0
50.1164,2.53509,0,0,1.38703,0.229301,0.36288,3.6288,61.1368,0.6878,0,0,0.718286,0.201701,0,0.66528,12.849,1,0.628143,0.36288,0,32.6404,3.63447,28.7406,0.84672,12.849,0.84672,3695.15,0,36.966,0.414713,0.412474,1.948,3.71362,0.725769,4.93362,0.42336,36.966,0.42336,423.524,0,0.732352,0,0,1.14483,0.412474,1.028160,1,0,33.6742,0,0,0,33.6742,0
48.8208,2.51771,0,0,1.8102,0.225163,0.36288,3.6288,60.9404,0.702071,0,0,0.707179,0.201483,0,0.66528,12.849,1,0.645499,0.36288,0,30.6691,3.63447,26.752,0.84672,12.849,0.84672,3695.15,0,36.966,0.42336,0.503194,2.01041,3.36804,0.725769,4.73251,0.42336,36.966,0.42336,423.524,0,0.709422,0,0,1.21262,0.503194,1.028160,1,0,31.4845,0,0,0,31.4845,0
48.6635,2.50413,0,0,2.93179,0.222066,0.36288,3.6288,60.9346,0.615041,0,0,0.810449,0.201232,0,0.66528,12.849,1,0.659055,0.36288,0,48.0805,3.63447,44.1498,0.84672,12.849,0.84672,3695.15,0,36.966,0.373079,0.503194,2.01039,5.48603,0.725769,6.90077,0.42336,36.966,0.42336,423.524,0,0.84672,0,0,1.34991,0.503194,1.028160,1,0,51.0506,0,0,0,51.0506,0
49.4044,2.50243,0,0,3.88258,0.276367,0.36288,3.6288,60.6907,0.750773,0,0,0.713196,0.206301,0,0.66528,12.849,1,0.660736,0.36288,0,65.4007,4.03814,61.0647,0.84672,12.849,0.84672,3695.15,0,36.966,0.42336,0.503194,2.01038,5.53558,0.946938,6.67885,0.42336,36.966,0.42336,423.524,0,0.660694,0,0,1.16389,0.503194,1.028160,1,0,67.7435,0,0,0,67.7435,0
47.9432,2.75512,0,0,1.92947,0.272657,0.36288,3.6288,60.754,0.635384,0,0,0.89416,0.195446,0,0.66528,12.849,1,0.716547,0.36288,0,44.0142,4.10182,39.5587,0.84672,12.849,0.84672,3695.15,0,36.966,0.387005,0.506393,2.01036,3.95366,0.954433,5.12898,0.42336,36.966,0.42336,423.524,0,1.02816,0,0,1.53455,0.506393,1.028160,1,0,44.6877,0,0,0,44.6877,0
48.8328,2.73788,0,0,4.25869,0.268375,0.36288,3.6288,60.6805,0.635626,0,0,0.757586,0.195524,0,0.66528,12.849,1,0.733764,0.36288,0,77.8208,4.10182,73.3481,0.84672,12.849,0.84672,3695.15,0,36.966,0.386749,0.714433,2.23485,5.13502,0.954433,6.74312,0.42336,36.966,0.42336,423.524,0,1.02816,0,0,1.74259,0.714433,1.028160,1,0,80.0912,0,0,0,80.0912,0
47.3869,2.74844,0,0,1.93151,0.2661,0.36288,3.6288,59.7446,1.21402,0,0,0.475661,0.197484,0,0.66528,12.849,1,0.723177,0.36288,0,38.3552,4.08933,33.9056,0.84672,12.849,0.84672,3695.15,0,36.966,0.42336,0.608429,2.23483,3.05895,0.946065,4.53278,0.42336,36.966,0.42336,423.524,0,0.413139,0,0,1.02157,0.608429,1.028160,1,0,38.4384,0,0,0,38.4384,0
46.2986,2.73107,0,0,2.24015,0.234509,0.36288,3.6288,58.8895,1.12183,0,0,0.474472,0.207745,0,0.66528,12.849,1,0.740531,0.36288,0,43.0491,4.00227,38.6692,0.84672,12.849,0.84672,3695.15,0,36.966,0.42336,0.608429,2.23481,3.64565,0.907317,5.15821,0.42336,36.966,0.42336,423.524,0,0.505319,0,0,1.11375,0.608429,1.028160,1,0,43.8274,0,0,0,43.8274,0
47.1204,2.37297,0,0,3.79768,0.239997,0.36288,3.6288,59.1155,0.450213,0,0,0.878011,0.201819,0,0.66528,12.849,1,0.658558,0.36288,0,64.406,3.92973,60.1806,0.84672,12.849,0.84672,3695.15,0,36.966,0.282607,0.830131,2.2348,6.10579,0.976088,7.91203,0.42336,36.966,0.42336,423.524,0,1.02816,0,0,1.85829,0.830131,1.028160,1,0,68.0926,0,0,0,68.0926,0
49.5992,2.38198,0,0,5.46583,0.24219,0.36288,3.6288,59.5835,0.45087,0,0,1.12101,0.202112,0,0.66528,12.849,1,0.649529,0.36288,0,81.5642,3.92973,77.3478,0.84672,12.849,0.84672,3695.15,0,36.966,0.281937,1.37874,1.92864,6.21333,0.976088,8.26268,0.42336,36.966,0.42336,423.524,0,1.02816,0,0,2.4069,1.37874,1.028160,1,0,85.6105,0,0,0,85.6105,0
51.4139,2.40774,0,0,4.83413,0.248801,0.36288,3.6288,59.8565,0.45223,0,0,0.927945,0.202718,0,0.66528,12.849,1,0.623742,0.36288,0,60.9142,3.92973,56.7237,0.84672,12.849,0.84672,3695.15,0,36.966,0.280566,0.993842,1.92863,5.91475,0.976088,7.58057,0.42336,36.966,0.42336,423.524,0,1.02816,0,0,2.022,0.993842,1.028160,1,0,64.3042,0,0,0,64.3042,0
52.5438,2.42534,0,0,4.18783,0.269657,0.36288,3.6288,60.2481,0.453013,0,0,1.02481,0.180269,0,0.66528,12.849,1,0.606124,0.36288,0,63.308,3.9615,59.1032,0.84672,12.849,0.84672,3695.15,0,36.966,0.27977,1.30793,1.92861,5.78465,0.919147,7.82228,0.42336,36.966,0.42336,423.524,0,1.02816,0,0,2.33609,1.30793,1.028160,1,0,66.9255,0,0,0,66.9255,0
53.0178,2.4358,0,0,3.53204,0.259388,0.36288,3.6288,60.5049,0.454132,0,0,0.903044,0.192117,0,0.66528,12.849,1,0.595646,0.36288,0,61.8794,3.78905,57.8576,0.84672,12.849,0.84672,3695.15,0,36.966,0.278639,0.91025,1.9286,3.77262,0.995457,5.33738,0.42336,36.966,0.42336,423.524,0,1.02816,0,0,1.93841,0.91025,1.028160,1,0,63.195,0,0,0,63.195,0
53.9884,2.52922,0,0,4.1169,0.254162,0.36288,3.6288,60.7636,0.498821,0,0,0.956059,0.198524,0,0.66528,12.849,1,0.612963,0.36288,0,78.7925,3.71795,74.8245,0.84672,12.849,0.84672,3695.15,0,36.966,0.30476,1.2549,1.92859,4.34401,1.02978,6.19296,0.42336,36.966,0.42336,423.524,0,1.02816,0,0,2.28306,1.2549,1.028160,1,0,81.0174,0,0,0,81.0174,0
54.5191,2.5381,0,0,3.68053,0.248879,0.36288,3.6288,60.664,0.523133,0,0,0.632213,0.208684,0,0.66528,12.849,1,0.604057,0.36288,0,62.6904,3.84535,58.6038,0.84672,12.849,0.84672,3695.15,0,36.966,0.318252,0.528595,2.00405,2.38264,1.06542,3.53161,0.42336,36.966,0.42336,423.524,0,0.990343,0,0,1.51894,0.528595,1.028160,1,0,62.1354,0,0,0,62.1354,0
54.4768,2.54284,0,0,3.06651,0.203103,0.36288,3.6288,60.4968,0.517362,0,0,0.617732,0.267515,0,0.66528,12.849,1,0.599295,0.36288,0,53.4586,4.60981,48.6124,0.84672,12.849,0.84672,3695.15,0,36.966,0.315258,0.528595,2.00403,3.28863,1.27928,4.22673,0.42336,36.966,0.42336,423.524,0,0.999095,0,0,1.52769,0.528595,1.028160,1,0,52.8391,0,0,0,52.8391,0
53.7495,2.54245,0,0,2.39917,0.221107,0.36288,3.6288,60.0509,0.712814,0,0,0.502172,0.235319,0,0.66528,12.849,1,0.599667,0.36288,0,36.5004,4.41929,31.8443,0.84672,12.849,0.84672,3695.15,0,36.966,0.42336,0.528595,2.00402,2.02513,1.19068,2.94371,0.42336,36.966,0.42336,423.524,0,0.695529,0,0,1.22412,0.528595,1.028160,1,0,34.788,0,0,0,34.788,0
52.9494,2.50093,0,0,2.23534,0.17161,0.36288,3.6288,59.7128,0.641637,0,0,0.53473,0.23115,0,0.66528,12.849,1,0.597856,0.36288,0,34.7786,4.5112,30.0324,0.84672,12.849,0.84672,3695.15,0,36.966,0.394978,0.528595,2.00401,2.42876,1.0932,3.47319,0.42336,36.966,0.42336,423.524,0,0.767569,0,0,1.29616,0.528595,1.028160,1,0,33.5056,0,0,0,33.5056,0
52.1137,2.49365,0,0,2.17915,0.158341,0.36288,3.6288,59.4918,0.567961,0,0,0.584074,0.237126,0,0.66528,12.849,1,0.605122,0.36288,0,33.7008,4.56886,28.8897,0.84672,12.849,0.84672,3695.15,0,36.966,0.351604,0.528595,1.97463,2.75277,1.09664,3.80775,0.42336,36.966,0.42336,423.524,0,0.884606,0,0,1.4132,0.528595,1.028160,1,0,32.6975,0,0,0,32.6975,0
51.1455,2.48584,0,0,2.03748,0.156984,0.36288,3.6288,59.2459,0.58356,0,0,0.574424,0.236791,0,0.66528,12.849,1,0.612902,0.36288,0,30.7314,4.56886,25.9125,0.84672,12.849,0.84672,3695.15,0,36.966,0.362603,0.402797,1.97461,2.47083,1.09664,3.389,0.42336,36.966,0.42336,423.524,0,0.857995,0,0,1.26079,0.402797,1.028160,1,0,29.3015,0,0,0,29.3015,0
50.2086,2.47655,0,0,2.05089,0.148323,0.36288,3.6288,58.9038,0.61666,0,0,0.499031,0.224397,0,0.66528,12.849,1,0.622171,0.36288,0,31.3133,4.21097,26.843,0.84672,12.849,0.84672,3695.15,0,36.966,0.38476,0.402797,1.9746,2.33063,1.10498,3.21829,0.42336,36.966,0.42336,423.524,0,0.802725,0,0,1.20552,0.402797,1.028160,1,0,30.0613,0,0,0,30.0613,0
48.7904,2.58433,0,0,1.68098,0.152022,0.36288,3.6288,58.4577,0.699115,0,0,0.462615,0.209679,0,0.66528,12.849,1,0.661362,0.36288,0,25.9195,3.64203,21.979,0.84672,12.849,0.84672,3695.15,0,36.966,0.42336,0.402797,1.97458,2.10812,0.93262,3.12952,0.42336,36.966,0.42336,423.524,0,0.779198,0,0,1.182,0.402797,1.028160,1,0,25.1085,0,0,0,25.1085,0
47.3235,2.5691,0,0,1.60865,0.143577,0.36288,3.6288,58.0275,0.705711,0,0,0.486409,0.210831,0,0.66528,12.849,1,0.676575,0.36288,0,24.3531,3.69621,20.3432,0.84672,12.849,0.84672,3695.15,0,36.966,0.42336,0.402797,2.07748,2.19623,0.92259,3.33055,0.42336,36.966,0.42336,423.524,0,0.772589,0,0,1.17539,0.402797,1.028160,1,0,23.6738,0,0,0,23.6738,0
45.8035,2.55259,0,0,1.53678,0.141299,0.36288,3.6288,57.6465,0.659251,0,0,0.488464,0.210248,0,0.66528,12.849,1,0.693063,0.36288,0,22.8811,3.69621,18.8547,0.84672,12.849,0.84672,3695.15,0,36.966,0.419971,0.30119,2.07746,2.11183,0.92259,3.14792,0.42336,36.966,0.42336,423.524,0,0.822424,0,0,1.12361,0.30119,1.028160,1,0,22.0026,0,0,0,22.0026,0
44.2038,2.53461,0,0,1.43674,0.138938,0.36288,3.6288,57.1755,0.716018,0,0,0.454711,0.20973,0,0.66528,12.849,1,0.711019,0.36288,0,21.355,3.69621,17.3106,0.84672,12.849,0.84672,3695.15,0,36.966,0.42336,0.30119,2.07745,2.00043,0.92259,3.03311,0.42336,36.966,0.42336,423.524,0,0.762255,0,0,1.06345,0.30119,1.028160,1,0,20.3437,0,0,0,20.3437,0
42.4636,2.51465,0,0,1.23143,0.0941011,0.36288,3.6288,56.6268,0.754003,0,0,0.454401,0.249047,0,0.66528,12.849,1,0.73095,0.36288,0,22.4939,5.07907,17.0467,0.84672,12.849,0.84672,3695.15,0,36.966,0.42336,0.30119,2.07743,2.06331,1.16551,2.85306,0.42336,36.966,0.42336,423.524,0,0.724257,0,0,1.02545,0.30119,1.028160,1,0,19.8998,0,0,0,19.8998,0
40.6215,2.46932,0,0,1.08678,0.0966532,0.36288,3.6288,55.9345,0.904971,0,0,0.453837,0.24121,0,0.66528,12.849,1,0.747189,0.36288,0,21.5236,5.08694,16.0524,0.84672,12.849,0.84672,3695.15,0,36.966,0.42336,0.30119,2.07742,2.00177,1.18527,2.77174,0.42336,36.966,0.42336,423.524,0,0.626884,0,0,0.928074,0.30119,1.028160,1,0,18.8241,0,0,0,18.8241,0
38.7367,2.44356,0,0,1.01616,0.0945364,0.36288,3.6288,55.3326,0.816993,0,0,0.455208,0.240122,0,0.66528,12.849,1,0.772924,0.36288,0,20.0746,5.08694,14.5776,0.84672,12.849,0.84672,3695.15,0,36.966,0.42336,0.261274,2.11337,1.87272,1.18527,2.63874,0.42336,36.966,0.42336,423.524,0,0.714848,0,0,0.976121,0.261274,1.028160,1,0,17.2164,0,0,0,17.2164,0
36.8391,2.41531,0,0,0.971749,0.0912041,0.36288,3.6288,54.6754,0.844671,0,0,0.439874,0.252371,0,0.66528,12.849,1,0.801159,0.36288,0,18.618,5.25958,12.9201,0.84672,12.849,0.84672,3695.15,0,36.966,0.42336,0.261274,2.11336,1.81328,1.22669,2.53785,0.42336,36.966,0.42336,423.524,0,0.687156,0,0,0.94843,0.261274,1.028160,1,0,15.458,0,0,0,15.458,0
34.9567,2.38469,0,0,0.947989,0.0828218,0.36288,3.6288,53.9413,0.873592,0,0,0.421377,0.281851,0,0.66528,12.849,1,0.831751,0.36288,0,18.0472,5.62791,11.9505,0.84672,12.849,0.84672,3695.15,0,36.966,0.42336,0.261274,2.11334,1.83857,1.38507,2.40476,0.42336,36.966,0.42336,423.524,0,0.658221,0,0,0.919495,0.261274,1.028160,1,0,14.3552,0,0,0,14.3552,0
33.0641,2.40681,0,0,0.950098,0.0729821,0.36288,3.6288,53.2435,0.843706,0,0,0.420756,0.274825,0,0.66528,12.849,1,0.884671,0.36288,0,17.8813,5.46966,11.8899,0.84672,12.849,0.84672,3695.15,0,36.966,0.42336,0.261274,2.11333,2.00434,1.5221,2.43348,0.42336,36.966,0.42336,423.524,0,0.735869,0,0,0.997142,0.261274,1.028160,1,0,14.3234,0,0,0,14.3234,0
31.088,2.37033,0,0,0.828464,0.0713056,0.36288,3.6288,52.4307,0.936278,0,0,0.396776,0.273342,0,0.66528,12.849,1,0.921132,0.36288,0,16.9411,5.46966,10.9132,0.84672,12.849,0.84672,3695.15,0,36.966,0.42336,0.261274,2.16429,1.91517,1.5221,2.39527,0.42336,36.966,0.42336,423.524,0,0.643283,0,0,0.904556,0.261274,1.028160,1,0,13.3085,0,0,0,13.3085,0
29.094,2.32889,0,0,0.764027,0.0663328,0.36288,3.6288,51.6043,0.942364,0,0,0.389956,0.274008,0,0.66528,12.849,1,0.962553,0.36288,0,15.9826,5.54444,9.83851,0.84672,12.849,0.84672,3695.15,0,36.966,0.42336,0.227405,2.16428,1.89775,1.53704,2.32903,0.42336,36.966,0.42336,423.524,0,0.637183,0,0,0.864588,0.227405,1.028160,1,0,12.1675,0,0,0,12.1675,0
27.0126,2.28311,0,0,0.623411,0.0587324,0.36288,3.6288,50.7792,0.942013,0,0,0.388282,0.271318,0,0.66528,12.849,1,1.00831,0.36288,0,15.1123,5.70666,8.76022,0.84672,12.849,0.84672,3695.15,0,36.966,0.42336,0.227405,2.16426,1.82523,1.47812,2.31543,0.42336,36.966,0.42336,423.524,0,0.63752,0,0,0.864924,0.227405,1.028160,1,0,11.0756,0,0,0,11.0756,0
24.9818,2.37941,0,0,0.784961,0.073476,0.36288,3.6288,49.9572,1.03428,0,0,0.463454,0.251216,0,0.66528,12.849,1,1.1318,0.36288,0,17.3515,5.24325,11.3394,0.84672,12.849,0.84672,3695.15,0,36.966,0.42336,0.227405,2.16425,1.9665,1.41082,2.52397,0.42336,36.966,0.42336,423.524,0,0.659163,0,0,0.886568,0.227405,1.028160,1,0,13.8633,0,0,0,13.8633,0
22.9706,2.31864,0,0,0.743481,0.0732332,0.36288,3.6288,49.0702,1.08926,0,0,0.449818,0.24752,0,0.66528,12.849,1,1.19255,0.36288,0,17.7191,5.18511,11.7043,0.84672,12.849,0.84672,3695.15,0,36.966,0.42336,0.227405,2.29344,1.93473,1.40951,2.62271,0.42336,36.966,0.42336,423.524,0,0.604178,0,0,0.831583,0.227405,1.028160,1,0,14.327,0,0,0,14.327,0
21.1325,2.25166,0,0,0.847567,0.0711497,0.36288,3.6288,48.2893,0.996814,0,0,0.461628,0.24572,0,0.66528,12.849,1,1.2595,0.36288,0,17.9502,5.18511,11.8685,0.84672,12.849,0.84672,3695.15,0,36.966,0.42336,0.204422,2.29344,2.73172,1.40951,3.39671,0.42336,36.966,0.42336,423.524,0,0.696626,0,0,0.901048,0.204422,1.028160,1,0,15.2652,0,0,0,15.2652,0
19.3556,2.18351,0,0,0.83897,0.0694052,0.36288,3.6288,47.4913,1.02366,0,0,0.469727,0.244135,0,0.66528,12.849,1,1.32762,0.36288,0,16.6069,5.18511,10.457,0.84672,12.849,0.84672,3695.15,0,36.966,0.42336,0.204422,2.29343,2.16905,1.40951,2.83404,0.42336,36.966,0.42336,423.524,0,0.669781,0,0,0.874204,0.204422,1.028160,1,0,13.291,0,0,0,13.291,0
17.5356,2.11025,0,0,0.727376,0.0742921,0.36288,3.6288,47.1873,0.66528,0,0,0.595584,0.23422,0,0.66528,12.849,1,1.40086,0.36288,0,13.9142,5.01663,7.85959,0.84672,12.849,0.84672,3695.15,0,36.966,0.42336,0.3341,2.29343,1.78486,1.36265,2.62638,0.42336,36.966,0.42336,423.524,0,1.02816,0,0,1.36226,0.3341,1.028160,1,0,10.486,0,0,0,10.486,0
15.8565,1.9645,0,0,0.723082,0.074809,0.36288,3.6288,46.293,1.00898,0,0,0.34199,0.227355,0,0.66528,12.849,1,1.43946,0.36288,0,12.448,4.87084,6.50057,0.84672,12.849,0.84672,3695.15,0,36.966,0.42336,0.204422,2.29342,1.20677,1.33131,1.94995,0.42336,36.966,0.42336,423.524,0,0.638237,0,0,0.842659,0.204422,1.028160,1,0,8.45051,0,0,0,8.45051,0
14.138,1.88028,0,0,0.597515,0.0728498,0.36288,3.6288,45.2543,1.11444,0,0,0.301288,0.225569,0,0.66528,12.849,1,1.52365,0.36288,0,11.4932,4.87084,5.46157,0.84672,12.849,0.84672,3695.15,0,36.966,0.42336,0.216518,2.23763,1.11756,1.33131,1.81704,0.42336,36.966,0.42336,423.524,0,0.532768,0,0,0.749287,0.216518,1.028160,1,0,7.27861,0,0,0,7.27861,0
12.9821,1.78325,0,0,1.11069,0.120466,0.36288,3.6288,44.6392,0.927575,0,0,0.468715,0.156182,0,0.66528,12.849,1,1.62067,0.36288,0,20.2931,3.8327,15.2026,0.84672,12.849,0.84672,3695.15,0,36.966,0.42336,0.216518,2.23762,1.94038,1.00682,2.96433,0.42336,36.966,0.42336,423.524,0,0.719617,0,0,0.936135,0.216518,1.028160,1,0,18.167,0,0,0,18.167,0
12.9591,1.71071,0,0,2.18732,0.136715,0.36288,3.6288,44.589,0.622007,0,0,0.711265,0.13952,0,0.66528,12.849,1,1.69318,0.36288,0,38.6999,3.49694,33.8726,0.84672,12.849,0.84672,3695.15,0,36.966,0.42336,0.216518,2.2376,2.91526,0.90817,4.03785,0.42336,36.966,0.42336,423.524,0,1.02517,0,0,1.24169,0.216518,1.028160,1,0,37.9105,0,0,0,37.9105,0
12.0634,1.66504,0,0,1.26678,0.134569,0.36288,3.6288,43.451,1.24337,0,0,0.310611,0.205232,0,0.66528,12.849,1,1.6509,0.36288,0,15.9969,3.97393,10.7349,0.84672,12.849,0.84672,3695.15,0,36.966,0.42336,0.216518,2.23759,2.22496,1.09504,3.16066,0.42336,36.966,0.42336,423.524,0,0.308527,0,0,0.525046,0.216518,1.028160,1,0,13.8956,0,0,0,13.8956,0
11.0394,1.60567,0,0,1.07648,0.131915,0.36288,3.6288,42.4718,1.12472,0,0,0.348594,0.203039,0,0.66528,12.849,1,1.71024,0.36288,0,13.0767,3.97393,7.75543,0.84672,12.849,0.84672,3695.15,0,36.966,0.42336,0.216518,2.14749,2.47303,1.09504,3.31864,0.42336,36.966,0.42336,423.524,0,0.427167,0,0,0.643685,0.216518,1.028160,1,0,11.0741,0,0,0,11.0741,0
12.331,1.53235,0,0,3.31567,0.128881,0.36288,3.6288,42.8625,0.52371,0,0,1.11555,0.201152,0,0.66528,12.849,1,1.78354,0.36288,0,45.3065,3.97393,39.9119,0.84672,12.849,0.84672,3695.15,0,36.966,0.42336,1.0304,2.14748,5.88044,1.09504,7.53991,0.42336,36.966,0.42336,423.524,0,1.02816,0,0,2.05856,1.0304,1.028160,1,0,47.4518,0,0,0,47.4518,0
12.9171,1.62382,0,0,2.72239,0.149493,0.36288,3.6288,42.6864,0.945893,0,0,0.95135,0.181537,0,0.66528,12.849,1,1.69204,0.36288,0,36.7497,3.64746,31.7731,0.84672,12.849,0.84672,3695.15,0,36.966,0.42336,0.292723,2.14746,4.44661,1.00256,5.46087,0.42336,36.966,0.42336,423.524,0,0.605963,0,0,0.898686,0.292723,1.028160,1,0,37.234,0,0,0,37.234,0
12.0551,1.53711,0,0,1.20194,0.164016,0.36288,3.6288,42.4228,0.679727,0,0,0.608085,0.191979,0,0.66528,12.849,1,1.52901,0.36288,0,31.0535,4.46073,25.4266,0.84672,12.849,0.84672,3695.15,0,36.966,0.42336,0.292723,2.14745,4.14695,0.940782,5.22298,0.42336,36.966,0.42336,423.524,0,0.673713,0,0,0.966436,0.292723,1.028160,1,0,30.6496,0,0,0,30.6496,0
11.2282,1.48418,0,0,1.17938,0.159248,0.36288,3.6288,42.2986,0.57594,0,0,0.649515,0.197789,0,0.66528,12.849,1,1.58192,0.36288,0,35.9728,4.66882,30.0849,0.84672,12.849,0.84672,3695.15,0,36.966,0.42336,0.292723,1.94735,4.50331,0.951037,5.36899,0.42336,36.966,0.42336,423.524,0,0.777488,0,0,1.07021,0.292723,1.028160,1,0,35.4539,0,0,0,35.4539,0
10.8747,1.42984,0,0,1.59555,0.156289,0.36288,3.6288,41.9779,0.751604,0,0,0.628432,0.197553,0,0.66528,12.849,1,1.63624,0.36288,0,36.1728,4.66882,30.2306,0.84672,12.849,0.84672,3695.15,0,36.966,0.42336,0.412474,1.94733,4.11608,0.951037,5.10149,0.42336,36.966,0.42336,423.524,0,0.601811,0,0,1.01428,0.412474,1.028160,1,0,35.3321,0,0,0,35.3321,0
13.7943,1.40545,0,0,4.83734,0.149439,0.36288,3.6288,42.5566,0.398064,0,0,1.17789,0.201076,0,0.66528,12.849,1,1.66061,0.36288,0,32.1503,4.92707,25.9255,0.84672,12.849,0.84672,3695.15,0,36.966,0.350538,0.588591,1.94732,7.03218,1.17099,8.04656,0.42336,36.966,0.42336,423.524,0,1.02816,0,0,1.61675,0.588591,1.028160,1,0,33.9721,0,0,0,33.9721,0
18.1419,1.58741,0,0,6.45805,0.160074,0.36288,3.6288,44.3453,0.400609,0,0,2.38708,0.197787,0,0.66528,12.849,1,1.47863,0.36288,0,129.853,4.66791,124.069,0.84672,12.849,0.84672,3695.15,0,36.966,0.347981,1.44208,1.94731,8.61576,1.21837,10.4388,0.42336,36.966,0.42336,423.524,0,1.02816,0,0,2.47024,1.44208,1.028160,1,0,134.508,0,0,0,134.508,0
22.2608,1.85105,0,0,6.5132,0.180474,0.36288,3.6288,46.2509,0.439584,0,0,2.53613,0.19097,0,0.66528,12.849,1,1.311,0.36288,0,136.975,4.06413,131.963,0.84672,12.849,0.84672,3695.15,0,36.966,0.366435,2.94204,1.94729,9.62721,1.06159,13.0885,0.42336,36.966,0.42336,423.524,0,1.02816,0,0,3.9702,2.94204,1.028160,1,0,145.051,0,0,0,145.051,0
25.6776,2.00481,0,0,5.97557,0.191071,0.36288,3.6288,48.0449,0.447959,0,0,2.43632,0.194395,0,0.66528,12.849,1,1.15719,0.36288,0,114.725,4.06413,109.867,0.84672,12.849,0.84672,3695.15,0,36.966,0.358031,2.63816,2.00965,9.12531,1.06159,12.3535,0.42336,36.966,0.42336,423.524,0,1.02816,0,0,3.66632,2.63816,1.028160,1,0,122.22,0,0,0,122.22,0
28.2731,2.10741,0,0,5.27048,0.204608,0.36288,3.6288,48.9959,0.455499,0,0,1.60233,0.195797,0,0.66528,12.849,1,1.05454,0.36288,0,93.3967,4.08312,88.6219,0.84672,12.849,0.84672,3695.15,0,36.966,0.350464,1.83243,2.00962,8.4888,1.09471,10.8857,0.42336,36.966,0.42336,423.524,0,1.02816,0,0,2.86059,1.83243,1.028160,1,0,99.5076,0,0,0,99.5076,0
31.4862,2.17394,0,0,5.98745,0.237528,0.36288,3.6288,50.1371,0.45936,0,0,1.78814,0.187536,0,0.66528,12.849,1,0.987967,0.36288,0,124.179,4.19706,119.357,0.84672,12.849,0.84672,3695.15,0,36.966,0.346574,1.9759,2.00959,9.39557,1.29338,11.7411,0.42336,36.966,0.42336,423.524,0,1.02816,0,0,3.00406,1.9759,1.028160,1,0,131.098,0,0,0,131.098,0
38.3666,2.46452,0,0,9.90896,0.201217,0.36288,3.6288,51.4142,0.598194,0,0,2.10044,0.225178,0,0.66528,12.849,1,1.00573,0.36288,0,308.507,4.53317,303.331,0.84672,12.849,0.84672,3695.15,0,36.966,0.42336,2.49385,2.00956,14.2656,1.24618,17.0995,0.42336,36.966,0.42336,423.524,0,1.02816,0,0,3.52201,2.49385,1.028160,1,0,320.43,0,0,0,320.43,0
47.644,2.5996,0,0,12.4819,0.24198,0.36288,3.6288,53.4707,0.598162,0,0,2.83128,0.17659,0,0.66528,12.849,1,0.870607,0.36288,0,242.7,4.04702,238.145,0.84672,12.849,0.84672,3695.15,0,36.966,0.42336,2.64178,2.23393,16.7313,1.10194,20.0817,0.42336,36.966,0.42336,423.524,0,1.02816,0,0,3.66994,2.64178,1.028160,1,0,258.227,0,0,0,258.227,0
53.0545,2.73307,0,0,8.77565,0.269148,0.36288,3.6288,56.3294,0.603957,0,0,3.64213,0.179533,0,0.66528,12.849,1,0.737076,0.36288,0,221.287,4.04702,216.866,0.84672,12.849,0.84672,3695.15,0,36.966,0.417534,3.61816,2.2339,16.2359,1.10194,20.5685,0.42336,36.966,0.42336,423.524,0,1.02816,0,0,4.64632,3.61816,1.028160,1,0,237.434,0,0,0,237.434,0
60.2258,2.79354,0,0,10.6085,0.280863,0.36288,3.6288,59.3512,0.616731,0,0,3.82818,0.189583,0,0.66528,12.849,1,0.676554,0.36288,0,250.401,4.06005,246.027,0.84672,12.849,0.84672,3695.15,0,36.966,0.404728,4.24523,2.23387,15.0118,1.11341,19.9728,0.42336,36.966,0.42336,423.524,0,1.02816,0,0,5.27339,4.24523,1.028160,1,0,266,0,0,0,266,0
60.9614,2.49738,0,0,3.91889,0.323047,0.36288,3.6288,60.3787,0.45109,0,0,1.70294,0.224385,0,0.66528,12.849,1,0.53281,0.36288,0,96.3956,4.38869,91.837,0.84672,12.849,0.84672,3695.15,0,36.966,0.280955,1.52001,2.23383,9.44395,0.981712,11.9351,0.42336,36.966,0.42336,423.524,0,1.02816,0,0,2.54817,1.52001,1.028160,1,0,103.772,0,0,0,103.772,0
61.9983,2.50265,0,0,4.22752,0.325065,0.36288,3.6288,61.308,0.454039,0,0,2.02501,0.225861,0.415802,0.66528,12.849,1,0.527492,0.36288,0,109.185,4.38869,104.631,0.84672,12.849,0.84672,3695.15,0,36.966,0.277979,1.62346,1.92779,7.67949,0.981712,9.97105,0.42336,36.966,0.42336,423.524,0,1.02816,0,0,2.65162,1.62346,1.028160,1,0,115.018,0,0,0,115.018,0
65.3865,2.50992,0,0,6.58635,0.325344,0.36288,3.6288,61.308,0.456651,0,0,3.14407,0.204287,2.48313,0.66528,12.849,1,0.520176,0.36288,0,201.864,4.03006,197.677,0.84672,12.849,0.84672,3695.15,0,36.966,0.27534,4.06147,1.92776,16.1904,0.920292,20.984,0.42336,36.966,0.42336,423.524,0,1.02816,0,0,5.08963,4.06147,1.028160,1,0,221.144,0,0,0,221.144,0
68.065,2.53241,0,0,5.90632,0.332476,0.36288,3.6288,61.308,0.456634,0,0,2.32649,0.187106,1.68275,0.66528,12.849,1,0.497641,0.36288,0,202.073,3.7611,198.177,0.84672,12.849,0.84672,3695.15,0,36.966,0.27533,3.16524,1.92773,10.6419,0.874227,14.5853,0.42336,36.966,0.42336,423.524,0,1.02816,0,0,4.1934,3.16524,1.028160,1,0,214.445,0,0,0,214.445,0
70.7623,2.54885,0,0,5.95255,0.343519,0.36288,3.6288,61.308,0.456617,0,0,2.86561,0.159882,2.24911,0.66528,12.849,1,0.48116,0.36288,0,178.246,3.69516,174.432,0.84672,12.849,0.84672,3695.15,0,36.966,0.27532,2.9948,1.9277,14.4561,0.856295,18.247,0.42336,36.966,0.42336,423.524,0,1.02816,0,0,4.02296,2.9948,1.028160,1,0,194.928,0,0,0,194.928,0
72.29,2.65803,0,0,5.99754,0.353779,1.45808,3.6288,61.308,0.500761,0,0,2.94225,0.139465,2.30202,0.66528,12.849,1,0.482643,1.45808,0,170.41,3.64571,167.74,0.84672,12.849,0.84672,3695.15,0,36.966,0.301937,3.08222,1.92767,12.297,0.842846,16.1621,0.42336,36.966,0.42336,423.524,0,1.02816,0,0,4.11038,3.08222,1.028160,1,0,186.204,0,0,0,186.204,0
72.29,2.66665,0,0,5.18655,0.331144,2.18876,3.6288,61.308,0.500744,0,0,2.33204,0.153737,1.67756,0.66528,12.849,1,0.473976,2.18876,0,161.848,3.82022,159.742,0.84672,12.849,0.84672,3695.15,0,36.966,0.301926,2.47699,2.00308,11.9668,0.877197,15.2678,0.42336,36.966,0.42336,423.524,0,1.02816,0,0,3.50515,2.47699,1.028160,1,0,176.688,0,0,0,176.688,0
72.29,2.6666,0,0,4.80489,0.295432,1.84285,3.6288,61.308,0.500726,0,0,2.62839,0.172768,1.9549,0.66528,12.849,1,0.473969,1.84285,0,117.562,4.0529,114.878,0.84672,12.849,0.84672,3695.15,0,36.966,0.301916,2.8729,2.00305,11.4586,0.922998,15.1097,0.42336,36.966,0.42336,423.524,0,1.02816,0,0,3.90106,2.8729,1.028160,1,0,131.942,0,0,0,131.942,0
72.29,2.66656,0,0,4.62648,0.278999,1.68092,3.6288,61.308,0.500709,0,0,1.96477,0.176084,1.28798,0.66528,12.849,1,0.473961,1.68092,0,107.057,4.07701,104.187,0.84672,12.849,0.84672,3695.15,0,36.966,0.301905,2.54838,2.00302,9.38209,0.939789,12.6918,0.42336,36.966,0.42336,423.524,0,1.02816,0,0,3.57654,2.54838,1.028160,1,0,118.167,0,0,0,118.167,0
72.29,2.62977,0,0,4.4098,0.237918,1.54211,3.6288,61.308,0.483541,0,0,2.1525,0.184374,1.48459,0.66528,12.849,1,0.467422,1.54211,0,109.647,4.13731,106.584,0.84672,12.849,0.84672,3695.15,0,36.966,0.291554,3.38494,2.00299,11.6527,0.981767,15.7673,0.42336,36.966,0.42336,423.524,0,1.02816,0,0,4.4131,3.38494,1.028160,1,0,123.836,0,0,0,123.836,0
72.29,2.62973,0,0,3.53424,0.237918,0.666586,3.6288,61.308,0.483523,0,0,1.6158,0.184374,0.947903,0.66528,12.849,1,0.467415,0.666586,0,77.1474,4.13731,73.2093,0.84672,12.849,0.84672,3695.15,0,36.966,0.291543,2.33207,1.97361,6.20527,0.981767,9.23763,0.42336,36.966,0.42336,423.524,0,1.02816,0,0,3.36023,2.33207,1.028160,1,0,83.3948,0,0,0,83.3948,0
72.1544,2.62969,0,0,3.09485,0.237918,0.36288,3.6288,61.308,0.483506,0,0,1.53334,0.184374,0.86546,0.66528,12.849,1,0.467408,0.36288,0,67.9173,4.13731,63.6755,0.84672,12.849,0.84672,3695.15,0,36.966,0.291533,1.93321,1.97358,5.78597,0.981767,8.41945,0.42336,36.966,0.42336,423.524,0,1.02816,0,0,2.96137,1.93321,1.028160,1,0,72.9604,0,0,0,72.9604,0
71.7069,2.6289,0,0,2.78199,0.237673,0.36288,3.6288,61.308,0.483489,0,0,1.35863,0.184374,0.690768,0.66528,12.849,1,0.468146,0.36288,0,58.6888,4.13731,54.4462,0.84672,12.849,0.84672,3695.15,0,36.966,0.291522,1.59997,1.97355,5.06288,0.981767,7.36311,0.42336,36.966,0.42336,423.524,0,1.02816,0,0,2.62813,1.59997,1.028160,1,0,62.5,0,0,0,62.5,0
71.4837,2.75097,0,0,3.06925,0.178563,0.36288,3.6288,61.308,0.544289,0,0,1.3768,0.210639,0.621873,0.66528,12.849,1,0.492941,0.36288,0,68.0185,4.78828,63.1001,0.84672,12.849,0.84672,3695.15,0,36.966,0.328182,1.71497,1.97352,7.10178,0.972451,9.48963,0.42336,36.966,0.42336,423.524,0,1.02816,0,0,2.74313,1.71497,1.028160,1,0,73.2116,0,0,0,73.2116,0
71.2264,2.74963,0,0,3.02377,0.168559,0.36288,3.6288,61.308,0.544271,0,0,1.38162,0.215016,0.622335,0.66528,12.849,1,0.494238,0.36288,0,65.2864,4.89678,60.2583,0.84672,12.849,0.84672,3695.15,0,36.966,0.328171,1.75724,2.07634,7.2017,0.970899,9.7362,0.42336,36.966,0.42336,423.524,0,1.02816,0,0,2.7854,1.75724,1.028160,1,0,70.6168,0,0,0,70.6168,0
70.812,2.74807,0,0,2.86967,0.173105,0.36288,3.6288,61.308,0.544253,0,0,1.35977,0.213699,0.60182,0.66528,12.849,1,0.495743,0.36288,0,62.5393,4.81216,57.5942,0.84672,12.849,0.84672,3695.15,0,36.966,0.32816,1.98465,2.07631,6.74136,0.974163,9.49999,0.42336,36.966,0.42336,423.524,0,1.02816,0,0,3.01281,1.98465,1.028160,1,0,67.696,0,0,0,67.696,0
70.1766,2.74558,0,0,2.66376,0.190744,0.36288,3.6288,61.308,0.544235,0,0,1.30692,0.209949,0.552737,0.66528,12.849,1,0.498191,0.36288,0,57.8854,4.33653,53.4136,0.84672,12.849,0.84672,3695.15,0,36.966,0.328149,1.88393,2.07627,6.27065,1.00327,8.89944,0.42336,36.966,0.42336,423.524,0,1.02816,0,0,2.91209,1.88393,1.028160,1,0,62.8657,0,0,0,62.8657,0
69.985,2.74172,0,0,3.05403,0.141018,0.36288,3.6288,61.308,0.544217,0,0,1.14288,0.239761,0.358905,0.66528,12.849,1,0.501996,0.36288,0,56.5665,4.8198,51.6076,0.84672,12.849,0.84672,3695.15,0,36.966,0.328138,1.34557,2.07624,6.0836,1.14374,8.03353,0.42336,36.966,0.42336,423.524,0,1.02816,0,0,2.37373,1.34557,1.028160,1,0,60,0,0,0,60,0
70.0761,2.71597,0,0,3.27969,0.109723,0.36288,3.6288,61.308,0.577622,0,0,1.01931,0.260044,0.181647,0.66528,12.849,1,0.498643,0.36288,0,54.2857,5.16622,48.9837,0.84672,12.849,0.84672,3695.15,0,36.966,0.34828,0.98483,2.07621,5.8835,1.24433,7.35193,0.42336,36.966,0.42336,423.524,0,1.02816,0,0,2.01299,0.98483,1.028160,1,0,56.5173,0,0,0,56.5173,0
69.954,2.71648,0,0,3.03431,0.077095,0.36288,3.6288,61.308,0.577603,0,0,1.00871,0.272497,0.158612,0.66528,12.849,1,0.498087,0.36288,0,50.0392,5.26239,44.6416,0.84672,12.849,0.84672,3695.15,0,36.966,0.348269,0.865624,2.11213,5.71871,1.2729,7.0753,0.42336,36.966,0.42336,423.524,0,1.02816,0,0,1.89378,0.865624,1.028160,1,0,51.8755,0,0,0,51.8755,0
69.6334,2.7157,0,0,2.83501,0.076957,0.36288,3.6288,61.308,0.577585,0,0,1.01175,0.272497,0.161672,0.66528,12.849,1,0.498815,0.36288,0,46.3514,5.26239,40.953,0.84672,12.849,0.84672,3695.15,0,36.966,0.348258,0.956802,2.1121,5.28694,1.2729,6.73468,0.42336,36.966,0.42336,423.524,0,1.02816,0,0,1.98496,0.956802,1.028160,1,0,47.8494,0,0,0,47.8494,0
69.0862,2.71372,0,0,2.6075,0.0781125,0.36288,3.6288,61.308,0.577566,0,0,0.9213,0.277775,0.0659585,0.66528,12.849,1,0.500745,0.36288,0,42.178,5.34919,36.6909,0.84672,12.849,0.84672,3695.15,0,36.966,0.348247,0.830408,2.11206,5.04365,1.29946,6.33842,0.42336,36.966,0.42336,423.524,0,1.02816,0,0,1.85857,0.830408,1.028160,1,0,43.0953,0,0,0,43.0953,0
68.3879,2.77359,0,0,2.52398,0.0858234,0.36288,3.6288,61.0163,0.607333,0,0,0.625073,0.309448,0,0.66528,12.849,1,0.515846,0.36288,0,43.8284,5.87002,37.8054,0.84672,12.849,0.84672,3695.15,0,36.966,0.366195,0.486311,2.11203,4.74727,1.45885,5.52056,0.42336,36.966,0.42336,423.524,0,1.02816,0,0,1.51447,0.486311,1.028160,1,0,43.326,0,0,0,43.326,0
67.5627,2.76911,0,0,2.39209,0.0853573,0.36288,3.6288,60.6604,0.606224,0,0,0.55922,0.308877,0,0.66528,12.849,1,0.520272,0.36288,0,38.7259,5.87002,32.6984,0.84672,12.849,0.84672,3695.15,0,36.966,0.367274,0.633908,2.16294,4.95838,1.45885,5.92912,0.42336,36.966,0.42336,423.524,0,1.02816,0,0,1.66207,0.633908,1.028160,1,0,38.6276,0,0,0,38.6276,0
66.5874,2.76373,0,0,2.2362,0.0848065,0.36288,3.6288,60.2648,0.604866,0,0,0.517404,0.308181,0,0.66528,12.849,1,0.525604,0.36288,0,36.8226,5.87002,30.7898,0.84672,12.849,0.84672,3695.15,0,36.966,0.368601,0.49089,2.16291,4.3508,1.45885,5.17715,0.42336,36.966,0.42336,423.524,0,1.02816,0,0,1.51905,0.49089,1.028160,1,0,35.967,0,0,0,35.967,0
65.5893,2.75724,0,0,2.20614,0.0841557,0.36288,3.6288,59.9138,0.603347,0,0,0.55978,0.307407,0,0.66528,12.849,1,0.532049,0.36288,0,34.1677,5.87002,28.1286,0.84672,12.849,0.84672,3695.15,0,36.966,0.370089,0.593266,2.16288,4.92029,1.45885,5.8475,0.42336,36.966,0.42336,423.524,0,1.02816,0,0,1.62143,0.593266,1.028160,1,0,33.976,0,0,0,33.976,0
64.8609,2.93411,0,0,2.64249,0.0739067,0.36288,3.6288,59.4702,0.66528,0,0,0.537601,0.315872,0,0.66528,12.849,1,0.574796,0.36288,0,40.0228,6.18766,33.6232,0.84672,12.849,0.84672,3695.15,0,36.966,0.42336,0.518763,2.16285,5.63235,1.4777,6.4129,0.42336,36.966,0.42336,423.524,0,1.02816,0,0,1.54692,0.518763,1.028160,1,0,40.0361,0,0,0,40.0361,0
64.3973,2.92868,0,0,2.90725,0.0792255,0.36288,3.6288,59.0609,0.66528,0,0,0.561302,0.305387,0,0.66528,12.849,1,0.580174,0.36288,0,44.5408,6.15205,38.1714,0.84672,12.849,0.84672,3695.15,0,36.966,0.42336,0.651491,2.29301,4.75105,1.45877,5.81342,0.42336,36.966,0.42336,423.524,0,1.02816,0,0,1.67965,0.651491,1.028160,1,0,43.9848,0,0,0,43.9848,0
63.4245,2.92515,0,0,2.39408,0.0789302,0.36288,3.6288,58.5796,0.66528,0,0,0.48854,0.304587,0,0.66528,12.849,1,0.583647,0.36288,0,55.2945,6.15205,48.9217,0.84672,12.849,0.84672,3695.15,0,36.966,0.42336,0.456002,2.293,4.23871,1.45877,5.10559,0.42336,36.966,0.42336,423.524,0,1.02816,0,0,1.48416,0.456002,1.028160,1,0,54.0273,0,0,0,54.0273,0
62.7141,2.91767,0,0,2.64848,0.0783104,0.36288,3.6288,58.2817,0.66528,0,0,0.671107,0.303647,0,0.66528,12.849,1,0.591082,0.36288,0,47.4077,6.15205,41.0274,0.84672,12.849,0.84672,3695.15,0,36.966,0.42336,0.914717,2.29299,5.06531,1.45877,6.39089,0.42336,36.966,0.42336,423.524,0,1.02816,0,0,1.94288,0.914717,1.028160,1,0,47.4183,0,0,0,47.4183,0
61.6206,2.91206,0,0,2.2313,0.0497948,0.36288,3.6288,57.7863,0.66528,0,0,0.505127,0.335266,0,0.66528,12.849,1,0.59663,0.36288,0,39.8483,6.21195,33.4026,0.84672,12.849,0.84672,3695.15,0,36.966,0.42336,0.733147,2.29298,5.08507,1.47549,6.21235,0.42336,36.966,0.42336,423.524,0,1.02816,0,0,1.76131,0.733147,1.028160,1,0,39.6149,0,0,0,39.6149,0
60.0565,2.81468,0,0,1.68064,0.067224,0.36288,3.6288,57.2223,0.634858,0,0,0.407396,0.33651,0,0.66528,12.849,1,0.58691,0.36288,0,23.7871,5.96052,17.6026,0.84672,12.849,0.84672,3695.15,0,36.966,0.40612,0.306046,2.29297,2.97483,1.38399,3.78373,0.42336,36.966,0.42336,423.524,0,1.02816,0,0,1.33421,0.306046,1.028160,1,0,21.3863,0,0,0,21.3863,0
59.0669,2.80204,0,0,2.25074,0.0753744,0.36288,3.6288,56.7624,0.632407,0,0,0.501027,0.328561,0,0.66528,12.849,1,0.599493,0.36288,0,31.5636,5.9053,25.4216,0.84672,12.849,0.84672,3695.15,0,36.966,0.408539,0.738132,2.23607,3.65635,1.36503,4.85699,0.42336,36.966,0.42336,423.524,0,1.02816,0,0,1.76629,0.738132,1.028160,1,0,30.2786,0,0,0,30.2786,0
58.6706,2.79375,0,0,2.83493,0.0746615,0.36288,3.6288,56.5556,0.630383,0,0,0.751165,0.32758,0,0.66528,12.849,1,0.607733,0.36288,0,64.2431,5.9053,58.093,0.84672,12.849,0.84672,3695.15,0,36.966,0.410531,1.62194,2.23604,5.05048,1.36503,7.1329,0.42336,36.966,0.42336,423.524,0,1.02816,0,0,2.6501,1.62194,1.028160,1,0,65.2259,0,0,0,65.2259,0
58.0284,2.79034,0,0,2.64972,0.138656,0.36288,3.6288,56.1294,0.629456,0,0,0.508388,0.305136,0,0.66528,12.849,1,0.611091,0.36288,0,50.5175,5.85329,44.416,0.84672,12.849,0.84672,3695.15,0,36.966,0.411426,0.738901,2.236,3.04425,1.38838,4.21935,0.42336,36.966,0.42336,423.524,0,1.02816,0,0,1.76706,0.738901,1.028160,1,0,48.6353,0,0,0,48.6353,0
60.4434,2.71282,0,0,5.61401,0.123317,0.36288,3.6288,56.7835,0.570158,0,0,1.51354,0.289264,0,0.66528,12.849,1,0.60069,0.36288,0,115.159,4.82769,110.094,0.84672,12.849,0.84672,3695.15,0,36.966,0.375498,2.04867,2.23597,7.10211,1.31249,9.69876,0.42336,36.966,0.42336,423.524,0,1.02816,0,0,3.07683,2.04867,1.028160,1,0,119.792,0,0,0,119.792,0
62.0686,2.73257,0,0,4.93411,0.213485,0.36288,3.6288,57.8483,0.57276,0,0,1.81875,0.181234,0,0.66528,12.849,1,0.580888,0.36288,0,100.825,3.49608,97.1113,0.84672,12.849,0.84672,3695.15,0,36.966,0.372866,2.61347,2.14592,7.20749,0.934708,10.6593,0.42336,36.966,0.42336,423.524,0,1.02816,0,0,3.64163,2.61347,1.028160,1,0,107.771,0,0,0,107.771,0
63.6278,2.74513,0,0,4.88361,0.216378,0.36288,3.6288,58.4619,0.576929,0,0,1.37307,0.18249,0,0.66528,12.849,1,0.568278,0.36288,0,83.8045,3.49608,80.1031,0.84672,12.849,0.84672,3695.15,0,36.966,0.368667,4.65476,2.14589,8.47705,0.934708,13.9743,0.42336,36.966,0.42336,423.524,0,1.02816,0,0,5.68292,4.65476,1.028160,1,0,94.0774,0,0,0,94.0774,0
