0cont_fund,0ins_pout,0ins_price,0infra_npv,0debt_serv,0gross_rev,0cont_contrib,0drought_cost,0water_price
600507,0,0,0,1.25761e-71,2.02268e+07,600507,0,1.29767e+07
1.20122e+06,0,0,0,0,2.02336e+07,600709,0,1.29767e+07
1.80213e+06,0,0,0,0,2.02404e+07,600911,0,1.29767e+07
2.40324e+06,0,0,0,0,2.02472e+07,601112,0,1.29767e+07
3.06903e+06,0,0,0,0,2.24265e+07,665794,0,1.29767e+07
3.73505e+06,0,0,0,0,2.2434e+07,666017,0,1.29767e+07
4.40129e+06,0,0,0,0,2.24415e+07,666241,0,1.29767e+07
5.06775e+06,0,0,0,0,2.2449e+07,666464,0,1.29767e+07
5.64524e+06,0,0,0,0,1.94513e+07,577483,0,1.29767e+07
6.22291e+06,0,0,0,0,1.94578e+07,577676,0,1.29767e+07
6.80078e+06,0,0,0,0,1.94644e+07,577870,0,1.29767e+07
7.37885e+06,0,0,0,0,1.94709e+07,578064,0,1.29767e+07
7.95711e+06,0,0,0,0,1.94774e+07,578258,0,1.29767e+07
8.55772e+06,0,0,0,0,2.02307e+07,600618,0,1.29767e+07
9.15854e+06,0,0,0,0,2.02375e+07,600819,0,1.29767e+07
9.75956e+06,0,0,0,0,2.02442e+07,601021,0,1.29767e+07
1.03608e+07,0,0,0,0,2.0251e+07,601222,0,1.29767e+07
1.09536e+07,0,0,0,0,1.99665e+07,592775,0,1.29767e+07
1.15465e+07,0,0,0,0,1.99731e+07,592973,0,1.29767e+07
1.21397e+07,0,0,0,0,1.99798e+07,593172,0,1.29767e+07
1.27331e+07,0,0,0,0,1.99865e+07,593371,0,1.29767e+07
1.33567e+07,0,0,0,0,2.10061e+07,623634,0,1.29767e+07
1.39806e+07,0,0,0,0,2.10131e+07,623842,0,1.29767e+07
1.46046e+07,0,0,0,0,2.10202e+07,624052,0,1.29767e+07
1.52289e+07,0,0,0,0,2.10272e+07,624261,0,1.29767e+07
1.58533e+07,0,0,0,0,2.10343e+07,624470,0,1.29767e+07
1.64837e+07,0,0,0,0,2.12341e+07,630366,0,1.29767e+07
1.71143e+07,0,0,0,0,2.12412e+07,630577,0,1.29767e+07
1.77451e+07,0,0,0,0,2.12483e+07,630788,0,1.29767e+07
1.83761e+07,0,0,0,0,2.12554e+07,631000,0,1.29767e+07
1.90224e+07,0,0,0,0,2.17704e+07,646285,0,1.29767e+07
1.96689e+07,0,0,0,0,2.17777e+07,646502,0,1.29767e+07
2.03156e+07,0,0,0,0,2.1785e+07,646718,0,1.29767e+07
2.09625e+07,0,0,0,0,2.17922e+07,646935,0,1.29767e+07
2.16591e+07,0,0,0,0,2.34647e+07,696566,0,1.29767e+07
2.23559e+07,0,0,0,0,2.34726e+07,696799,0,1.29767e+07
2.30529e+07,0,0,0,0,2.34805e+07,697032,0,1.29767e+07
2.37502e+07,0,0,0,0,2.34883e+07,697265,0,1.29767e+07
2.44477e+07,0,0,0,0,2.34962e+07,697499,0,1.29767e+07
2.5118e+07,0,0,0,0,2.25793e+07,670301,0,1.29767e+07
2.57885e+07,0,0,0,0,2.25869e+07,670525,0,1.29767e+07
2.64592e+07,0,0,0,0,2.25944e+07,670749,0,1.29767e+07
2.71302e+07,0,0,0,0,2.2602e+07,670974,0,1.29767e+07
2.77774e+07,0,0,0,0,2.17987e+07,647148,0,1.29767e+07
2.84247e+07,0,0,0,0,2.1806e+07,647365,0,1.29767e+07
2.90723e+07,0,0,0,0,2.18133e+07,647581,0,1.29767e+07
2.97201e+07,0,0,0,0,2.18206e+07,647798,0,1.29767e+07
3.03113e+07,0,0,0,0,1.99141e+07,591225,0,1.29767e+07
3.09028e+07,0,0,0,0,1.99208e+07,591423,0,1.29767e+07
3.14944e+07,0,0,0,0,1.99274e+07,591621,0,1.29767e+07
3.20862e+07,0,0,0,0,1.99341e+07,591818,0,1.29767e+07
3.26782e+07,0,0,0,0,1.99408e+07,592016,0,1.29767e+07
3.32893e+07,0,0,0,1.25761e-71,2.05819e+07,611051,0,1.29767e+07
3.39005e+07,0,0,0,0,2.05886e+07,611249,0,1.29767e+07
3.4512e+07,0,0,0,0,2.05953e+07,611447,0,1.29767e+07
3.51236e+07,0,0,0,0,2.0602e+07,611645,0,1.29767e+07
3.58011e+07,0,0,0,0,2.28192e+07,677452,0,1.29767e+07
3.64787e+07,0,0,0,0,2.28265e+07,677671,0,1.29767e+07
3.71566e+07,0,0,0,0,2.28339e+07,677891,0,1.29767e+07
3.78347e+07,0,0,0,0,2.28413e+07,678110,0,1.29767e+07
3.84223e+07,0,0,0,0,1.9791e+07,587567,0,1.29767e+07
3.90101e+07,0,0,0,0,1.97974e+07,587757,0,1.29767e+07
3.9598e+07,0,0,0,0,1.98038e+07,587947,0,1.29767e+07
4.01861e+07,0,0,0,0,1.98102e+07,588138,0,1.29767e+07
4.07745e+07,0,0,0,0,1.98166e+07,588328,0,1.29767e+07
4.13855e+07,0,0,0,0,2.05828e+07,611070,0,1.29767e+07
4.19968e+07,0,0,0,0,2.05894e+07,611268,0,1.29767e+07
4.26083e+07,0,0,0,0,2.05961e+07,611466,0,1.29767e+07
4.32199e+07,0,0,0,0,2.06027e+07,611664,0,1.29767e+07
4.3823e+07,0,0,0,0,2.0313e+07,603062,0,1.29767e+07
4.44263e+07,0,0,0,0,2.03196e+07,603258,0,1.29767e+07
4.50297e+07,0,0,0,0,2.03261e+07,603453,0,1.29767e+07
4.56334e+07,0,0,0,0,2.03327e+07,603648,0,1.29767e+07
4.62678e+07,0,0,0,0,2.13697e+07,634427,0,1.29767e+07
4.69024e+07,0,0,0,0,2.13766e+07,634632,0,1.29767e+07
4.75373e+07,0,0,0,0,2.13835e+07,634838,0,1.29767e+07
4.81723e+07,0,0,0,0,2.13904e+07,635043,0,1.29767e+07
4.88075e+07,0,0,0,0,2.13973e+07,635248,0,1.29767e+07
4.94488e+07,0,0,0,0,2.16003e+07,641239,0,1.29767e+07
5.00902e+07,0,0,0,0,2.16073e+07,641446,0,1.29767e+07
5.07319e+07,0,0,0,0,2.16143e+07,641654,0,1.29767e+07
5.13737e+07,0,0,0,0,2.16213e+07,641861,0,1.29767e+07
5.20311e+07,0,0,0,0,2.21448e+07,657402,0,1.29767e+07
5.26888e+07,0,0,0,0,2.2152e+07,657615,0,1.29767e+07
5.33466e+07,0,0,0,0,2.21592e+07,657827,0,1.29767e+07
5.40046e+07,0,0,0,0,2.21663e+07,658040,0,1.29767e+07
5.47131e+07,0,0,0,0,2.38672e+07,708514,0,1.29767e+07
5.54219e+07,0,0,0,0,2.3875e+07,708743,0,1.29767e+07
5.61309e+07,0,0,0,0,2.38827e+07,708972,0,1.29767e+07
5.68401e+07,0,0,0,0,2.38904e+07,709201,0,1.29767e+07
5.75495e+07,0,0,0,0,2.38981e+07,709430,0,1.29767e+07
5.82312e+07,0,0,0,0,2.29653e+07,681759,0,1.29767e+07
5.89132e+07,0,0,0,0,2.29727e+07,681979,0,1.29767e+07
5.95954e+07,0,0,0,0,2.29801e+07,682199,0,1.29767e+07
6.02778e+07,0,0,0,0,2.29876e+07,682420,0,1.29767e+07
6.0936e+07,0,0,0,0,2.21703e+07,658180,0,1.29767e+07
6.15944e+07,0,0,0,0,2.21775e+07,658393,0,1.29767e+07
6.2253e+07,0,0,0,0,2.21846e+07,658605,0,1.29767e+07
6.29118e+07,0,0,0,0,2.21918e+07,658818,0,1.29767e+07
6.35131e+07,0,0,0,0,2.02527e+07,601276,0,1.29767e+07
6.41146e+07,0,0,0,0,2.02592e+07,601470,0,1.29767e+07
6.47162e+07,0,0,0,0,2.02657e+07,601664,0,1.29767e+07
6.53181e+07,0,0,0,0,2.02723e+07,601858,0,1.29767e+07
6.59202e+07,0,0,0,0,2.02788e+07,602052,0,1.29767e+07
6.65416e+07,0,0,0,1.25761e-71,2.09306e+07,621402,0,1.29767e+07
6.71632e+07,0,0,0,0,2.09371e+07,621596,0,1.29767e+07
6.77849e+07,0,0,0,0,2.09437e+07,621790,0,1.29767e+07
6.84069e+07,0,0,0,0,2.09502e+07,621984,0,1.29767e+07
6.90958e+07,0,0,0,0,2.32046e+07,688895,0,1.29767e+07
6.97849e+07,0,0,0,0,2.32118e+07,689110,0,1.29767e+07
7.04743e+07,0,0,0,0,2.32191e+07,689325,0,1.29767e+07
7.11638e+07,0,0,0,0,2.32263e+07,689540,0,1.29767e+07
7.17613e+07,0,0,0,0,2.01243e+07,597463,0,1.29767e+07
7.23589e+07,0,0,0,0,2.01306e+07,597650,0,1.29767e+07
7.29567e+07,0,0,0,0,2.01369e+07,597836,0,1.29767e+07
7.35548e+07,0,0,0,0,2.01431e+07,598022,0,1.29767e+07
7.4153e+07,0,0,0,0,2.01494e+07,598209,0,1.29767e+07
7.47743e+07,0,0,0,0,2.09282e+07,621326,0,1.29767e+07
7.53958e+07,0,0,0,0,2.09347e+07,621519,0,1.29767e+07
7.60175e+07,0,0,0,0,2.09412e+07,621713,0,1.29767e+07
7.66394e+07,0,0,0,0,2.09478e+07,621907,0,1.29767e+07
7.72526e+07,0,0,0,0,2.06529e+07,613154,0,1.29767e+07
7.78659e+07,0,0,0,0,2.06593e+07,613345,0,1.29767e+07
7.84795e+07,0,0,0,0,2.06658e+07,613536,0,1.29767e+07
7.90932e+07,0,0,0,0,2.06722e+07,613728,0,1.29767e+07
7.97382e+07,0,0,0,0,2.17262e+07,645013,0,1.29767e+07
8.03834e+07,0,0,0,0,2.1733e+07,645214,0,1.29767e+07
8.10289e+07,0,0,0,0,2.17398e+07,645415,0,1.29767e+07
8.16745e+07,0,0,0,0,2.17465e+07,645616,0,1.29767e+07
8.23203e+07,0,0,0,0,2.17533e+07,645817,0,1.29767e+07
8.29722e+07,0,0,0,0,2.19595e+07,651900,0,1.29767e+07
8.36243e+07,0,0,0,0,2.19663e+07,652103,0,1.29767e+07
8.42766e+07,0,0,0,0,2.19731e+07,652306,0,1.29767e+07
8.49291e+07,0,0,0,0,2.198e+07,652509,0,1.29767e+07
8.55974e+07,0,0,0,0,2.25119e+07,668300,0,1.29767e+07
8.62659e+07,0,0,0,0,2.25189e+07,668508,0,1.29767e+07
8.69346e+07,0,0,0,0,2.2526e+07,668716,0,1.29767e+07
8.76035e+07,0,0,0,0,2.2533e+07,668924,0,1.29767e+07
8.83238e+07,0,0,0,0,2.42617e+07,720225,0,1.29767e+07
8.90442e+07,0,0,0,0,2.42693e+07,720449,0,1.29767e+07
8.97649e+07,0,0,0,0,2.42769e+07,720674,0,1.29767e+07
9.04858e+07,0,0,0,0,2.42844e+07,720898,0,1.29767e+07
9.12069e+07,0,0,0,0,2.4292e+07,721122,0,1.29767e+07
9.18999e+07,0,0,0,0,2.33435e+07,692987,0,1.29767e+07
9.25931e+07,0,0,0,0,2.33508e+07,693202,0,1.29767e+07
9.32865e+07,0,0,0,0,2.3358e+07,693418,0,1.29767e+07
9.39802e+07,0,0,0,0,2.33653e+07,693634,0,1.29767e+07
9.46491e+07,0,0,0,0,2.25344e+07,668988,0,1.29767e+07
9.53183e+07,0,0,0,0,2.25414e+07,669196,0,1.29767e+07
9.59877e+07,0,0,0,0,2.25484e+07,669404,0,1.29767e+07
9.66574e+07,0,0,0,0,2.25554e+07,669612,0,1.29767e+07
9.72685e+07,0,0,0,0,2.05842e+07,611120,0,1.29767e+07
9.78798e+07,0,0,0,0,2.05906e+07,611310,0,1.29767e+07
9.84913e+07,0,0,0,0,2.0597e+07,611500,0,1.29767e+07
9.9103e+07,0,0,0,0,2.06034e+07,611690,0,1.29767e+07
9.97149e+07,0,0,0,0,2.06098e+07,611880,0,1.29767e+07
1.00346e+08,0,0,0,1.25761e-71,2.1272e+07,631539,0,1.29767e+07
1.00978e+08,0,0,0,0,2.12784e+07,631728,0,1.29767e+07
1.0161e+08,0,0,0,0,2.12848e+07,631918,0,1.29767e+07
1.02242e+08,0,0,0,0,2.12912e+07,632107,0,1.29767e+07
1.02942e+08,0,0,0,0,2.3582e+07,700099,0,1.29767e+07
1.03643e+08,0,0,0,0,2.35891e+07,700309,0,1.29767e+07
1.04343e+08,0,0,0,0,2.35962e+07,700519,0,1.29767e+07
1.05044e+08,0,0,0,0,2.36032e+07,700729,0,1.29767e+07
1.05651e+08,0,0,0,0,2.04506e+07,607151,0,1.29767e+07
1.06258e+08,0,0,0,0,2.04568e+07,607333,0,1.29767e+07
1.06866e+08,0,0,0,0,2.04629e+07,607516,0,1.29767e+07
1.07474e+08,0,0,0,0,2.0469e+07,607698,0,1.29767e+07
1.08081e+08,0,0,0,0,2.04752e+07,607880,0,1.29767e+07
1.08713e+08,0,0,0,0,2.12663e+07,631363,0,1.29767e+07
1.09344e+08,0,0,0,0,2.12726e+07,631552,0,1.29767e+07
1.09976e+08,0,0,0,0,2.1279e+07,631742,0,1.29767e+07
1.10608e+08,0,0,0,0,2.12854e+07,631931,0,1.29767e+07
1.11231e+08,0,0,0,0,2.09855e+07,623030,0,1.29767e+07
1.11854e+08,0,0,0,0,2.09918e+07,623217,0,1.29767e+07
1.12478e+08,0,0,0,0,2.09981e+07,623403,0,1.29767e+07
1.13101e+08,0,0,0,0,2.10044e+07,623590,0,1.29767e+07
1.13757e+08,0,0,0,0,2.20751e+07,655371,0,1.29767e+07
1.14412e+08,0,0,0,0,2.20817e+07,655567,0,1.29767e+07
1.15068e+08,0,0,0,0,2.20883e+07,655764,0,1.29767e+07
1.15724e+08,0,0,0,0,2.2095e+07,655960,0,1.29767e+07
1.1638e+08,0,0,0,0,2.21016e+07,656157,0,1.29767e+07
1.17042e+08,0,0,0,0,2.23108e+07,662329,0,1.29767e+07
1.17705e+08,0,0,0,0,2.23174e+07,662527,0,1.29767e+07
1.18368e+08,0,0,0,0,2.23241e+07,662725,0,1.29767e+07
1.19031e+08,0,0,0,0,2.23308e+07,662924,0,1.29767e+07
1.19709e+08,0,0,0,0,2.2871e+07,678959,0,1.29767e+07
1.20389e+08,0,0,0,0,2.28778e+07,679162,0,1.29767e+07
1.21068e+08,0,0,0,0,2.28847e+07,679366,0,1.29767e+07
1.21748e+08,0,0,0,0,2.28915e+07,679569,0,1.29767e+07
1.22479e+08,0,0,0,0,2.46475e+07,731678,0,1.29767e+07
1.23211e+08,0,0,0,0,2.46549e+07,731897,0,1.29767e+07
1.23943e+08,0,0,0,0,2.46623e+07,732116,0,1.29767e+07
1.24676e+08,0,0,0,0,2.46697e+07,732335,0,1.29767e+07
1.25408e+08,0,0,0,0,2.46771e+07,732554,0,1.29767e+07
1.26112e+08,0,0,0,0,2.37133e+07,703964,0,1.29767e+07
1.26816e+08,0,0,0,0,2.37204e+07,704175,0,1.29767e+07
1.27521e+08,0,0,0,0,2.37275e+07,704386,0,1.29767e+07
1.28225e+08,0,0,0,0,2.37346e+07,704596,0,1.29767e+07
1.28905e+08,0,0,0,0,2.28902e+07,679553,0,1.29767e+07
1.29585e+08,0,0,0,0,2.28971e+07,679756,0,1.29767e+07
1.30265e+08,0,0,0,0,2.29039e+07,679960,0,1.29767e+07
1.30945e+08,0,0,0,0,2.29108e+07,680163,0,1.29767e+07
1.31565e+08,0,0,0,0,2.09083e+07,620742,0,1.29767e+07
1.32186e+08,0,0,0,0,2.09146e+07,620928,0,1.29767e+07
1.32808e+08,0,0,0,0,2.09208e+07,621113,0,1.29767e+07
1.33429e+08,0,0,0,0,2.09271e+07,621299,0,1.29767e+07
1.3405e+08,0,0,0,0,2.09334e+07,621485,0,1.29767e+07
1.34692e+08,0,0,0,1.25761e-71,2.16057e+07,641444,0,1.29767e+07
1.35333e+08,0,0,0,0,2.16119e+07,641629,0,1.29767e+07
1.35975e+08,0,0,0,0,2.16181e+07,641814,0,1.29767e+07
1.36617e+08,0,0,0,0,2.16244e+07,641999,0,1.29767e+07
1.37328e+08,0,0,0,0,2.39508e+07,711046,0,1.29767e+07
1.38039e+08,0,0,0,0,2.39577e+07,711251,0,1.29767e+07
1.38751e+08,0,0,0,0,2.39646e+07,711456,0,1.29767e+07
1.39463e+08,0,0,0,0,2.39715e+07,711661,0,1.29767e+07
1.40079e+08,0,0,0,0,2.07694e+07,616616,0,1.29767e+07
1.40696e+08,0,0,0,0,2.07754e+07,616794,0,1.29767e+07
1.41313e+08,0,0,0,0,2.07814e+07,616972,0,1.29767e+07
1.4193e+08,0,0,0,0,2.07874e+07,617149,0,1.29767e+07
1.42547e+08,0,0,0,0,2.07934e+07,617327,0,1.29767e+07
1.43189e+08,0,0,0,0,2.15965e+07,641168,0,1.29767e+07
1.4383e+08,0,0,0,0,2.16027e+07,641352,0,1.29767e+07
1.44472e+08,0,0,0,0,2.1609e+07,641537,0,1.29767e+07
1.45113e+08,0,0,0,0,2.16152e+07,641722,0,1.29767e+07
1.45746e+08,0,0,0,0,2.13104e+07,632675,0,1.29767e+07
1.46379e+08,0,0,0,0,2.13166e+07,632857,0,1.29767e+07
1.47012e+08,0,0,0,0,2.13227e+07,633040,0,1.29767e+07
1.47645e+08,0,0,0,0,2.13288e+07,633222,0,1.29767e+07
1.48311e+08,0,0,0,0,2.24158e+07,665486,0,1.29767e+07
1.48976e+08,0,0,0,0,2.24223e+07,665677,0,1.29767e+07
1.49642e+08,0,0,0,0,2.24287e+07,665869,0,1.29767e+07
1.50308e+08,0,0,0,0,2.24352e+07,666060,0,1.29767e+07
1.50974e+08,0,0,0,0,2.24416e+07,666252,0,1.29767e+07
1.51647e+08,0,0,0,0,2.26538e+07,672511,0,1.29767e+07
1.5232e+08,0,0,0,0,2.26603e+07,672705,0,1.29767e+07
1.52992e+08,0,0,0,0,2.26668e+07,672898,0,1.29767e+07
1.53666e+08,0,0,0,0,2.26733e+07,673092,0,1.29767e+07
1.54355e+08,0,0,0,0,2.32215e+07,689365,0,1.29767e+07
1.55045e+08,0,0,0,0,2.32282e+07,689563,0,1.29767e+07
1.55734e+08,0,0,0,0,2.32349e+07,689762,0,1.29767e+07
1.56424e+08,0,0,0,0,2.32416e+07,689960,0,1.29767e+07
1.57167e+08,0,0,0,0,2.50241e+07,742857,0,1.29767e+07
1.5791e+08,0,0,0,0,2.50313e+07,743070,0,1.29767e+07
1.58653e+08,0,0,0,0,2.50385e+07,743284,0,1.29767e+07
1.59397e+08,0,0,0,0,2.50457e+07,743498,0,1.29767e+07
1.60141e+08,0,0,0,0,2.50529e+07,743712,0,1.29767e+07
1.60855e+08,0,0,0,0,2.40742e+07,714678,0,1.29767e+07
1.6157e+08,0,0,0,0,2.40811e+07,714884,0,1.29767e+07
1.62285e+08,0,0,0,0,2.4088e+07,715089,0,1.29767e+07
1.63001e+08,0,0,0,0,2.4095e+07,715295,0,1.29767e+07
1.6369e+08,0,0,0,0,2.32375e+07,689863,0,1.29767e+07
1.64381e+08,0,0,0,0,2.32442e+07,690061,0,1.29767e+07
1.65071e+08,0,0,0,0,2.32509e+07,690260,0,1.29767e+07
1.65761e+08,0,0,0,0,2.32576e+07,690458,0,1.29767e+07
1.66391e+08,0,0,0,0,2.12245e+07,630130,0,1.29767e+07
1.67022e+08,0,0,0,0,2.12306e+07,630311,0,1.29767e+07
1.67652e+08,0,0,0,0,2.12367e+07,630492,0,1.29767e+07
1.68283e+08,0,0,0,0,2.12429e+07,630674,0,1.29767e+07
1.68914e+08,0,0,0,0,2.1249e+07,630855,0,1.29767e+07
1.69565e+08,0,0,0,0,2.19312e+07,651108,0,1.29767e+07
1.70216e+08,0,0,0,1.25761e-71,2.19372e+07,651288,0,1.29767e+07
1.70868e+08,0,0,0,0,2.19433e+07,651468,0,1.29767e+07
1.71519e+08,0,0,0,0,2.19494e+07,651648,0,1.29767e+07
1.72241e+08,0,0,0,0,2.43104e+07,721725,0,1.29767e+07
1.72963e+08,0,0,0,0,2.43172e+07,721924,0,1.29767e+07
1.73685e+08,0,0,0,0,2.43239e+07,722124,0,1.29767e+07
1.74407e+08,0,0,0,0,2.43306e+07,722324,0,1.29767e+07
1.75033e+08,0,0,0,0,2.10804e+07,625848,0,1.29767e+07
1.75659e+08,0,0,0,0,2.10862e+07,626021,0,1.29767e+07
1.76285e+08,0,0,0,0,2.1092e+07,626194,0,1.29767e+07
1.76912e+08,0,0,0,0,2.10979e+07,626367,0,1.29767e+07
1.77538e+08,0,0,0,0,2.11037e+07,626540,0,1.29767e+07
1.78189e+08,0,0,0,0,2.19186e+07,650729,0,1.29767e+07
1.7884e+08,0,0,0,0,2.19246e+07,650909,0,1.29767e+07
1.79491e+08,0,0,0,0,2.19307e+07,651089,0,1.29767e+07
1.80142e+08,0,0,0,0,2.19368e+07,651269,0,1.29767e+07
1.80784e+08,0,0,0,0,2.16272e+07,642080,0,1.29767e+07
1.81427e+08,0,0,0,0,2.16332e+07,642258,0,1.29767e+07
1.82069e+08,0,0,0,0,2.16392e+07,642436,0,1.29767e+07
1.82712e+08,0,0,0,0,2.16452e+07,642613,0,1.29767e+07
1.83387e+08,0,0,0,0,2.2748e+07,675347,0,1.29767e+07
1.84063e+08,0,0,0,0,2.27543e+07,675534,0,1.29767e+07
1.84738e+08,0,0,0,0,2.27606e+07,675721,0,1.29767e+07
1.85414e+08,0,0,0,0,2.27669e+07,675908,0,1.29767e+07
1.8609e+08,0,0,0,0,2.27731e+07,676094,0,1.29767e+07
1.86773e+08,0,0,0,0,2.29881e+07,682438,0,1.29767e+07
1.87455e+08,0,0,0,0,2.29945e+07,682627,0,1.29767e+07
1.88138e+08,0,0,0,0,2.30009e+07,682815,0,1.29767e+07
1.88821e+08,0,0,0,0,2.30072e+07,683004,0,1.29767e+07
1.89521e+08,0,0,0,0,2.35632e+07,699508,0,1.29767e+07
1.9022e+08,0,0,0,0,2.35697e+07,699701,0,1.29767e+07
1.9092e+08,0,0,0,0,2.35762e+07,699895,0,1.29767e+07
1.9162e+08,0,0,0,0,2.35827e+07,700088,0,1.29767e+07
1.92374e+08,0,0,0,0,2.53912e+07,753752,0,1.29767e+07
1.93128e+08,0,0,0,0,2.53982e+07,753961,0,1.29767e+07
1.93882e+08,0,0,0,0,2.54052e+07,754169,0,1.29767e+07
1.94637e+08,0,0,0,0,2.54122e+07,754377,0,1.29767e+07
1.95391e+08,0,0,0,0,2.54192e+07,754585,0,1.29767e+07
1.96116e+08,0,0,0,0,2.44259e+07,725119,0,1.29767e+07
1.96842e+08,0,0,0,0,2.44326e+07,725319,0,1.29767e+07
1.97567e+08,0,0,0,0,2.44394e+07,725519,0,1.29767e+07
1.98293e+08,0,0,0,0,2.44461e+07,725719,0,1.29767e+07
1.98993e+08,0,0,0,0,2.35759e+07,699909,0,1.29767e+07
1.99693e+08,0,0,0,0,2.35824e+07,700102,0,1.29767e+07
2.00393e+08,0,0,0,0,2.35889e+07,700295,0,1.29767e+07
2.01094e+08,0,0,0,0,2.35954e+07,700489,0,1.29767e+07
2.01733e+08,0,0,0,0,2.15326e+07,639277,0,1.29767e+07
2.02372e+08,0,0,0,0,2.15386e+07,639453,0,1.29767e+07
2.03012e+08,0,0,0,0,2.15445e+07,639630,0,1.29767e+07
2.03652e+08,0,0,0,0,2.15505e+07,639806,0,1.29767e+07
2.04292e+08,0,0,0,0,2.15564e+07,639983,0,1.29767e+07
2.04932e+08,0,0,0,0,2.15564e+07,639983,0,1.29767e+07
2.05592e+08,0,0,0,1.25761e-71,2.22482e+07,660521,0,1.29767e+07
2.06253e+08,0,0,0,0,2.22541e+07,660696,0,1.29767e+07
2.06914e+08,0,0,0,0,2.226e+07,660872,0,1.29767e+07
2.07575e+08,0,0,0,0,2.2266e+07,661047,0,1.29767e+07
2.08307e+08,0,0,0,0,2.46608e+07,732126,0,1.29767e+07
2.09039e+08,0,0,0,0,2.46673e+07,732320,0,1.29767e+07
2.09772e+08,0,0,0,0,2.46739e+07,732515,0,1.29767e+07
2.10505e+08,0,0,0,0,2.46804e+07,732709,0,1.29767e+07
2.11139e+08,0,0,0,0,2.13832e+07,634838,0,1.29767e+07
2.11774e+08,0,0,0,0,2.13889e+07,635007,0,1.29767e+07
2.1241e+08,0,0,0,0,2.13946e+07,635175,0,1.29767e+07
2.13045e+08,0,0,0,0,2.14002e+07,635344,0,1.29767e+07
2.1368e+08,0,0,0,0,2.14059e+07,635512,0,1.29767e+07
2.14341e+08,0,0,0,0,2.22322e+07,660040,0,1.29767e+07
2.15001e+08,0,0,0,0,2.22381e+07,660215,0,1.29767e+07
2.15661e+08,0,0,0,0,2.2244e+07,660390,0,1.29767e+07
2.16322e+08,0,0,0,0,2.22499e+07,660565,0,1.29767e+07
2.16973e+08,0,0,0,0,2.19357e+07,651238,0,1.29767e+07
2.17624e+08,0,0,0,0,2.19415e+07,651410,0,1.29767e+07
2.18276e+08,0,0,0,0,2.19473e+07,651583,0,1.29767e+07
2.18928e+08,0,0,0,0,2.19531e+07,651756,0,1.29767e+07
2.19613e+08,0,0,0,0,2.30714e+07,684948,0,1.29767e+07
2.20298e+08,0,0,0,0,2.30775e+07,685130,0,1.29767e+07
2.20983e+08,0,0,0,0,2.30836e+07,685311,0,1.29767e+07
2.21669e+08,0,0,0,0,2.30897e+07,685493,0,1.29767e+07
2.22354e+08,0,0,0,0,2.30958e+07,685674,0,1.29767e+07
2.23046e+08,0,0,0,0,2.33136e+07,692100,0,1.29767e+07
2.23739e+08,0,0,0,0,2.33198e+07,692283,0,1.29767e+07
2.24431e+08,0,0,0,0,2.3326e+07,692467,0,1.29767e+07
2.25124e+08,0,0,0,0,2.33322e+07,692650,0,1.29767e+07
2.25833e+08,0,0,0,0,2.38957e+07,709380,0,1.29767e+07
2.26543e+08,0,0,0,0,2.39021e+07,709568,0,1.29767e+07
2.27252e+08,0,0,0,0,2.39084e+07,709756,0,1.29767e+07
2.27962e+08,0,0,0,0,2.39147e+07,709944,0,1.29767e+07
2.28727e+08,0,0,0,0,2.57483e+07,764355,0,1.29767e+07
2.29491e+08,0,0,0,0,2.57551e+07,764557,0,1.29767e+07
2.30256e+08,0,0,0,0,2.5762e+07,764760,0,1.29767e+07
2.31021e+08,0,0,0,0,2.57688e+07,764962,0,1.29767e+07
2.31786e+08,0,0,0,0,2.57756e+07,765165,0,1.29767e+07
2.32521e+08,0,0,0,0,2.47681e+07,735277,0,1.29767e+07
2.33257e+08,0,0,0,0,2.47746e+07,735472,0,1.29767e+07
2.33993e+08,0,0,0,0,2.47812e+07,735666,0,1.29767e+07
2.34728e+08,0,0,0,0,2.47877e+07,735861,0,1.29767e+07
2.35438e+08,0,0,0,0,2.39051e+07,709682,0,1.29767e+07
2.36148e+08,0,0,0,0,2.39114e+07,709870,0,1.29767e+07
2.36858e+08,0,0,0,0,2.39178e+07,710057,0,1.29767e+07
2.37568e+08,0,0,0,0,2.39241e+07,710245,0,1.29767e+07
2.38216e+08,0,0,0,0,2.18323e+07,648174,0,1.29767e+07
2.38865e+08,0,0,0,0,2.18381e+07,648345,0,1.29767e+07
2.39513e+08,0,0,0,0,2.18439e+07,648517,0,1.29767e+07
2.40162e+08,0,0,0,0,2.18496e+07,648689,0,1.29767e+07
2.40811e+08,0,0,0,0,2.18554e+07,648860,0,1.29767e+07
2.41481e+08,0,0,0,1.25761e-71,2.25566e+07,669676,0,1.29767e+07
2.4215e+08,0,0,0,0,2.25623e+07,669846,0,1.29767e+07
2.4282e+08,0,0,0,0,2.25681e+07,670016,0,1.29767e+07
2.43491e+08,0,0,0,0,2.25738e+07,670186,0,1.29767e+07
2.44233e+08,0,0,0,0,2.50015e+07,742240,0,1.29767e+07
2.44975e+08,0,0,0,0,2.50078e+07,742428,0,1.29767e+07
2.45718e+08,0,0,0,0,2.50142e+07,742617,0,1.29767e+07
2.46461e+08,0,0,0,0,2.50205e+07,742805,0,1.29767e+07
2.47104e+08,0,0,0,0,2.16776e+07,643579,0,1.29767e+07
2.47748e+08,0,0,0,0,2.16831e+07,643742,0,1.29767e+07
2.48392e+08,0,0,0,0,2.16886e+07,643906,0,1.29767e+07
2.49036e+08,0,0,0,0,2.16941e+07,644069,0,1.29767e+07
2.4968e+08,0,0,0,0,2.16996e+07,644233,0,1.29767e+07
2.50349e+08,0,0,0,0,2.2537e+07,669089,0,1.29767e+07
2.51019e+08,0,0,0,0,2.25427e+07,669259,0,1.29767e+07
2.51688e+08,0,0,0,0,2.25485e+07,669429,0,1.29767e+07
2.52358e+08,0,0,0,0,2.25542e+07,669599,0,1.29767e+07
2.53018e+08,0,0,0,0,2.22354e+07,660137,0,1.29767e+07
2.53678e+08,0,0,0,0,2.22411e+07,660305,0,1.29767e+07
2.54339e+08,0,0,0,0,2.22467e+07,660472,0,1.29767e+07
2.54999e+08,0,0,0,0,2.22524e+07,660640,0,1.29767e+07
2.55693e+08,0,0,0,0,2.33856e+07,694277,0,1.29767e+07
2.56388e+08,0,0,0,0,2.33915e+07,694453,0,1.29767e+07
2.57083e+08,0,0,0,0,2.33975e+07,694629,0,1.29767e+07
2.57777e+08,0,0,0,0,2.34034e+07,694805,0,1.29767e+07
2.58472e+08,0,0,0,0,2.34093e+07,694982,0,1.29767e+07
2.59174e+08,0,0,0,0,2.36298e+07,701487,0,1.29767e+07
2.59875e+08,0,0,0,0,2.36358e+07,701665,0,1.29767e+07
2.60577e+08,0,0,0,0,2.36418e+07,701843,0,1.29767e+07
2.61279e+08,0,0,0,0,2.36478e+07,702021,0,1.29767e+07
2.61998e+08,0,0,0,0,2.42187e+07,718968,0,1.29767e+07
2.62717e+08,0,0,0,0,2.42249e+07,719151,0,1.29767e+07
2.63437e+08,0,0,0,0,2.4231e+07,719333,0,1.29767e+07
2.64156e+08,0,0,0,0,2.42372e+07,719515,0,1.29767e+07
2.64931e+08,0,0,0,0,2.60952e+07,774652,0,1.29767e+07
2.65706e+08,0,0,0,0,2.61018e+07,774848,0,1.29767e+07
2.66481e+08,0,0,0,0,2.61084e+07,775044,0,1.29767e+07
2.67256e+08,0,0,0,0,2.6115e+07,775241,0,1.29767e+07
2.68032e+08,0,0,0,0,2.61216e+07,775438,0,1.29767e+07
2.68777e+08,0,0,0,0,2.51003e+07,745140,0,1.29767e+07
2.69522e+08,0,0,0,0,2.51067e+07,745329,0,1.29767e+07
2.70267e+08,0,0,0,0,2.5113e+07,745518,0,1.29767e+07
2.71013e+08,0,0,0,0,2.51194e+07,745707,0,1.29767e+07
2.71732e+08,0,0,0,0,2.42247e+07,719169,0,1.29767e+07
2.72452e+08,0,0,0,0,2.42308e+07,719351,0,1.29767e+07
2.73171e+08,0,0,0,0,2.4237e+07,719534,0,1.29767e+07
2.73891e+08,0,0,0,0,2.42431e+07,719716,0,1.29767e+07
2.74548e+08,0,0,0,0,2.21232e+07,656810,0,1.29767e+07
2.75205e+08,0,0,0,0,2.21288e+07,656976,0,1.29767e+07
2.75862e+08,0,0,0,0,2.21344e+07,657142,0,1.29767e+07
2.76519e+08,0,0,0,0,2.214e+07,657309,0,1.29767e+07
2.77177e+08,0,0,0,0,2.21456e+07,657475,0,1.29767e+07
2.77855e+08,0,0,0,1.25761e-71,2.28558e+07,678560,0,1.29767e+07
2.78534e+08,0,0,0,0,2.28614e+07,678725,0,1.29767e+07
2.79213e+08,0,0,0,0,2.28669e+07,678890,0,1.29767e+07
2.79892e+08,0,0,0,0,2.28725e+07,679055,0,1.29767e+07
2.80644e+08,0,0,0,0,2.5332e+07,752053,0,1.29767e+07
2.81396e+08,0,0,0,0,2.53382e+07,752236,0,1.29767e+07
2.82149e+08,0,0,0,0,2.53443e+07,752418,0,1.29767e+07
2.82901e+08,0,0,0,0,2.53505e+07,752601,0,1.29767e+07
2.83553e+08,0,0,0,0,2.19633e+07,652059,0,1.29767e+07
2.84205e+08,0,0,0,0,2.19686e+07,652217,0,1.29767e+07
2.84858e+08,0,0,0,0,2.19739e+07,652376,0,1.29767e+07
2.8551e+08,0,0,0,0,2.19793e+07,652534,0,1.29767e+07
2.86163e+08,0,0,0,0,2.19846e+07,652693,0,1.29767e+07
2.86841e+08,0,0,0,0,2.28327e+07,677868,0,1.29767e+07
2.87519e+08,0,0,0,0,2.28383e+07,678033,0,1.29767e+07
2.88197e+08,0,0,0,0,2.28438e+07,678197,0,1.29767e+07
2.88876e+08,0,0,0,0,2.28493e+07,678362,0,1.29767e+07
2.89544e+08,0,0,0,0,2.25262e+07,668769,0,1.29767e+07
2.90213e+08,0,0,0,0,2.25316e+07,668931,0,1.29767e+07
2.90882e+08,0,0,0,0,2.25371e+07,669094,0,1.29767e+07
2.91552e+08,0,0,0,0,2.25426e+07,669256,0,1.29767e+07
2.92255e+08,0,0,0,0,2.36903e+07,703324,0,1.29767e+07
2.92958e+08,0,0,0,0,2.36961e+07,703494,0,1.29767e+07
2.93662e+08,0,0,0,0,2.37018e+07,703665,0,1.29767e+07
2.94366e+08,0,0,0,0,2.37076e+07,703836,0,1.29767e+07
2.9507e+08,0,0,0,0,2.37133e+07,704007,0,1.29767e+07
2.95781e+08,0,0,0,0,2.39364e+07,710588,0,1.29767e+07
2.96491e+08,0,0,0,0,2.39422e+07,710761,0,1.29767e+07
2.97202e+08,0,0,0,0,2.3948e+07,710933,0,1.29767e+07
2.97913e+08,0,0,0,0,2.39538e+07,711106,0,1.29767e+07
2.98642e+08,0,0,0,0,2.45319e+07,728265,0,1.29767e+07
2.9937e+08,0,0,0,0,2.45378e+07,728442,0,1.29767e+07
3.00099e+08,0,0,0,0,2.45438e+07,728618,0,1.29767e+07
3.00827e+08,0,0,0,0,2.45497e+07,728795,0,1.29767e+07
3.01612e+08,0,0,0,0,2.64314e+07,784634,0,1.29767e+07
3.02397e+08,0,0,0,0,2.64378e+07,784824,0,1.29767e+07
3.03182e+08,0,0,0,0,2.64443e+07,785014,0,1.29767e+07
3.03967e+08,0,0,0,0,2.64507e+07,785205,0,1.29767e+07
3.04753e+08,0,0,0,0,2.64571e+07,785395,0,1.29767e+07
3.05507e+08,0,0,0,0,2.54223e+07,754700,0,1.29767e+07
3.06262e+08,0,0,0,0,2.54285e+07,754883,0,1.29767e+07
3.07017e+08,0,0,0,0,2.54347e+07,755066,0,1.29767e+07
3.07772e+08,0,0,0,0,2.54408e+07,755249,0,1.29767e+07
3.08501e+08,0,0,0,0,2.45344e+07,728364,0,1.29767e+07
3.09229e+08,0,0,0,0,2.45403e+07,728540,0,1.29767e+07
3.09958e+08,0,0,0,0,2.45463e+07,728717,0,1.29767e+07
3.10687e+08,0,0,0,0,2.45522e+07,728894,0,1.29767e+07
3.11352e+08,0,0,0,0,2.2405e+07,665178,0,1.29767e+07
3.12017e+08,0,0,0,0,2.24105e+07,665339,0,1.29767e+07
3.12683e+08,0,0,0,0,2.24159e+07,665500,0,1.29767e+07
3.13349e+08,0,0,0,0,2.24213e+07,665661,0,1.29767e+07
3.14014e+08,0,0,0,0,2.24268e+07,665823,0,1.29767e+07
3.14702e+08,0,0,0,1.25761e-71,2.31458e+07,687168,0,1.29767e+07
3.15389e+08,0,0,0,0,2.31511e+07,687327,0,1.29767e+07
3.16076e+08,0,0,0,0,2.31565e+07,687487,0,1.29767e+07
3.16764e+08,0,0,0,0,2.31619e+07,687646,0,1.29767e+07
3.17526e+08,0,0,0,0,2.56522e+07,761560,0,1.29767e+07
3.18287e+08,0,0,0,0,2.56582e+07,761737,0,1.29767e+07
3.19049e+08,0,0,0,0,2.56642e+07,761914,0,1.29767e+07
3.19811e+08,0,0,0,0,2.56701e+07,762090,0,1.29767e+07
3.20472e+08,0,0,0,0,2.22399e+07,660273,0,1.29767e+07
3.21132e+08,0,0,0,0,2.22451e+07,660427,0,1.29767e+07
3.21793e+08,0,0,0,0,2.22503e+07,660580,0,1.29767e+07
3.22453e+08,0,0,0,0,2.22554e+07,660733,0,1.29767e+07
3.23114e+08,0,0,0,0,2.22606e+07,660886,0,1.29767e+07
3.23801e+08,0,0,0,0,2.31191e+07,686371,0,1.29767e+07
3.24487e+08,0,0,0,0,2.31245e+07,686530,0,1.29767e+07
3.25174e+08,0,0,0,0,2.31298e+07,686689,0,1.29767e+07
3.25861e+08,0,0,0,0,2.31352e+07,686849,0,1.29767e+07
3.26538e+08,0,0,0,0,2.28077e+07,677128,0,1.29767e+07
3.27215e+08,0,0,0,0,2.2813e+07,677285,0,1.29767e+07
3.27893e+08,0,0,0,0,2.28183e+07,677442,0,1.29767e+07
3.2857e+08,0,0,0,0,2.28236e+07,677599,0,1.29767e+07
3.29282e+08,0,0,0,0,2.39854e+07,712084,0,1.29767e+07
3.29994e+08,0,0,0,0,2.3991e+07,712249,0,1.29767e+07
3.30707e+08,0,0,0,0,2.39965e+07,712414,0,1.29767e+07
3.31419e+08,0,0,0,0,2.40021e+07,712580,0,1.29767e+07
3.32132e+08,0,0,0,0,2.40077e+07,712745,0,1.29767e+07
3.32852e+08,0,0,0,0,2.42332e+07,719401,0,1.29767e+07
3.33571e+08,0,0,0,0,2.42389e+07,719567,0,1.29767e+07
3.34291e+08,0,0,0,0,2.42445e+07,719734,0,1.29767e+07
3.35011e+08,0,0,0,0,2.42501e+07,719901,0,1.29767e+07
3.35748e+08,0,0,0,0,2.4835e+07,737264,0,1.29767e+07
3.36486e+08,0,0,0,0,2.48408e+07,737435,0,1.29767e+07
3.37223e+08,0,0,0,0,2.48466e+07,737606,0,1.29767e+07
3.37961e+08,0,0,0,0,2.48523e+07,737777,0,1.29767e+07
3.38755e+08,0,0,0,0,2.67569e+07,794296,0,1.29767e+07
3.3955e+08,0,0,0,0,2.67631e+07,794480,0,1.29767e+07
3.40344e+08,0,0,0,0,2.67693e+07,794664,0,1.29767e+07
3.41139e+08,0,0,0,0,2.67755e+07,794848,0,1.29767e+07
3.41934e+08,0,0,0,0,2.67817e+07,795032,0,1.29767e+07
3.42698e+08,0,0,0,0,2.5734e+07,763952,0,1.29767e+07
3.43462e+08,0,0,0,0,2.574e+07,764129,0,1.29767e+07
3.44227e+08,0,0,0,0,2.57459e+07,764306,0,1.29767e+07
3.44991e+08,0,0,0,0,2.57519e+07,764483,0,1.29767e+07
3.45728e+08,0,0,0,0,2.48341e+07,737262,0,1.29767e+07
3.46466e+08,0,0,0,0,2.48399e+07,737432,0,1.29767e+07
3.47203e+08,0,0,0,0,2.48456e+07,737603,0,1.29767e+07
3.47941e+08,0,0,0,0,2.48514e+07,737774,0,1.29767e+07
3.48614e+08,0,0,0,0,2.26778e+07,673275,0,1.29767e+07
3.49288e+08,0,0,0,0,2.2683e+07,673430,0,1.29767e+07
3.49961e+08,0,0,0,0,2.26883e+07,673586,0,1.29767e+07
3.50635e+08,0,0,0,0,2.26935e+07,673742,0,1.29767e+07
3.51309e+08,0,0,0,0,2.26988e+07,673898,0,1.29767e+07
3.52005e+08,0,0,0,1.25761e-71,2.34263e+07,695495,0,1.29767e+07
3.527e+08,0,0,0,0,2.34315e+07,695650,0,1.29767e+07
3.53396e+08,0,0,0,0,2.34367e+07,695804,0,1.29767e+07
3.54092e+08,0,0,0,0,2.34419e+07,695959,0,1.29767e+07
3.54863e+08,0,0,0,0,2.59621e+07,770758,0,1.29767e+07
3.55634e+08,0,0,0,0,2.59678e+07,770929,0,1.29767e+07
3.56405e+08,0,0,0,0,2.59736e+07,771101,0,1.29767e+07
3.57176e+08,0,0,0,0,2.59794e+07,771272,0,1.29767e+07
3.57844e+08,0,0,0,0,2.25077e+07,668221,0,1.29767e+07
3.58513e+08,0,0,0,0,2.25126e+07,668370,0,1.29767e+07
3.59181e+08,0,0,0,0,2.25176e+07,668518,0,1.29767e+07
3.5985e+08,0,0,0,0,2.25226e+07,668666,0,1.29767e+07
3.60519e+08,0,0,0,0,2.25276e+07,668815,0,1.29767e+07
3.61213e+08,0,0,0,0,2.33962e+07,694598,0,1.29767e+07
3.61908e+08,0,0,0,0,2.34014e+07,694752,0,1.29767e+07
3.62603e+08,0,0,0,0,2.34066e+07,694906,0,1.29767e+07
3.63298e+08,0,0,0,0,2.34118e+07,695060,0,1.29767e+07
3.63983e+08,0,0,0,0,2.30802e+07,685217,0,1.29767e+07
3.64669e+08,0,0,0,0,2.30853e+07,685369,0,1.29767e+07
3.65354e+08,0,0,0,0,2.30904e+07,685521,0,1.29767e+07
3.6604e+08,0,0,0,0,2.30956e+07,685673,0,1.29767e+07
3.6676e+08,0,0,0,0,2.4271e+07,720562,0,1.29767e+07
3.67481e+08,0,0,0,0,2.42763e+07,720721,0,1.29767e+07
3.68202e+08,0,0,0,0,2.42817e+07,720881,0,1.29767e+07
3.68923e+08,0,0,0,0,2.42871e+07,721041,0,1.29767e+07
3.69644e+08,0,0,0,0,2.42925e+07,721201,0,1.29767e+07
3.70372e+08,0,0,0,0,2.45205e+07,727929,0,1.29767e+07
3.711e+08,0,0,0,0,2.4526e+07,728090,0,1.29767e+07
3.71828e+08,0,0,0,0,2.45314e+07,728252,0,1.29767e+07
3.72557e+08,0,0,0,0,2.45368e+07,728413,0,1.29767e+07
3.73303e+08,0,0,0,0,2.51284e+07,745974,0,1.29767e+07
3.74049e+08,0,0,0,0,2.5134e+07,746140,0,1.29767e+07
3.74795e+08,0,0,0,0,2.51396e+07,746305,0,1.29767e+07
3.75542e+08,0,0,0,0,2.51452e+07,746471,0,1.29767e+07
3.76345e+08,0,0,0,0,2.70719e+07,803647,0,1.29767e+07
3.77149e+08,0,0,0,0,2.70779e+07,803825,0,1.29767e+07
3.77953e+08,0,0,0,0,2.70839e+07,804003,0,1.29767e+07
3.78757e+08,0,0,0,0,2.70899e+07,804182,0,1.29767e+07
3.79562e+08,0,0,0,0,2.70959e+07,804360,0,1.29767e+07
3.80335e+08,0,0,0,0,2.60357e+07,772908,0,1.29767e+07
3.81108e+08,0,0,0,0,2.60414e+07,773079,0,1.29767e+07
3.81881e+08,0,0,0,0,2.60472e+07,773250,0,1.29767e+07
3.82654e+08,0,0,0,0,2.6053e+07,773422,0,1.29767e+07
3.834e+08,0,0,0,0,2.51242e+07,745874,0,1.29767e+07
3.84146e+08,0,0,0,0,2.51298e+07,746040,0,1.29767e+07
3.84893e+08,0,0,0,0,2.51354e+07,746205,0,1.29767e+07
3.85639e+08,0,0,0,0,2.51409e+07,746370,0,1.29767e+07
3.8632e+08,0,0,0,0,2.29418e+07,681112,0,1.29767e+07
3.87001e+08,0,0,0,0,2.29469e+07,681263,0,1.29767e+07
3.87683e+08,0,0,0,0,2.29519e+07,681414,0,1.29767e+07
3.88364e+08,0,0,0,0,2.2957e+07,681565,0,1.29767e+07
3.89046e+08,0,0,0,0,2.29621e+07,681716,0,1.29767e+07
3.8975e+08,0,0,0,0,2.36978e+07,703557,0,1.29767e+07
3.90453e+08,0,0,0,1.25761e-71,2.37028e+07,703706,0,1.29767e+07
3.91157e+08,0,0,0,0,2.37079e+07,703856,0,1.29767e+07
3.91861e+08,0,0,0,0,2.37129e+07,704006,0,1.29767e+07
3.92641e+08,0,0,0,0,2.6262e+07,779663,0,1.29767e+07
3.93421e+08,0,0,0,0,2.62676e+07,779829,0,1.29767e+07
3.94201e+08,0,0,0,0,2.62732e+07,779994,0,1.29767e+07
3.94981e+08,0,0,0,0,2.62788e+07,780160,0,1.29767e+07
3.95657e+08,0,0,0,0,2.27668e+07,675916,0,1.29767e+07
3.96333e+08,0,0,0,0,2.27717e+07,676059,0,1.29767e+07
3.97009e+08,0,0,0,0,2.27765e+07,676203,0,1.29767e+07
3.97685e+08,0,0,0,0,2.27813e+07,676347,0,1.29767e+07
3.98362e+08,0,0,0,0,2.27862e+07,676491,0,1.29767e+07
3.99064e+08,0,0,0,0,2.36645e+07,702563,0,1.29767e+07
3.99767e+08,0,0,0,0,2.36695e+07,702712,0,1.29767e+07
4.0047e+08,0,0,0,0,2.36746e+07,702861,0,1.29767e+07
4.01173e+08,0,0,0,0,2.36796e+07,703011,0,1.29767e+07
4.01866e+08,0,0,0,0,2.3344e+07,693048,0,1.29767e+07
4.02559e+08,0,0,0,0,2.33489e+07,693195,0,1.29767e+07
4.03252e+08,0,0,0,0,2.33539e+07,693343,0,1.29767e+07
4.03946e+08,0,0,0,0,2.33589e+07,693490,0,1.29767e+07
4.04675e+08,0,0,0,0,2.45474e+07,728769,0,1.29767e+07
4.05404e+08,0,0,0,0,2.45526e+07,728924,0,1.29767e+07
4.06133e+08,0,0,0,0,2.45578e+07,729079,0,1.29767e+07
4.06862e+08,0,0,0,0,2.45631e+07,729234,0,1.29767e+07
4.07591e+08,0,0,0,0,2.45683e+07,729389,0,1.29767e+07
4.08328e+08,0,0,0,0,2.47987e+07,736185,0,1.29767e+07
4.09064e+08,0,0,0,0,2.48039e+07,736342,0,1.29767e+07
4.098e+08,0,0,0,0,2.48092e+07,736498,0,1.29767e+07
4.10537e+08,0,0,0,0,2.48145e+07,736655,0,1.29767e+07
4.11291e+08,0,0,0,0,2.54125e+07,754407,0,1.29767e+07
4.12046e+08,0,0,0,0,2.54179e+07,754568,0,1.29767e+07
4.12801e+08,0,0,0,0,2.54233e+07,754728,0,1.29767e+07
4.13556e+08,0,0,0,0,2.54287e+07,754888,0,1.29767e+07
4.14368e+08,0,0,0,0,2.73769e+07,812701,0,1.29767e+07
4.15181e+08,0,0,0,0,2.73827e+07,812874,0,1.29767e+07
4.15994e+08,0,0,0,0,2.73886e+07,813046,0,1.29767e+07
4.16807e+08,0,0,0,0,2.73944e+07,813219,0,1.29767e+07
4.17621e+08,0,0,0,0,2.74002e+07,813392,0,1.29767e+07
4.18402e+08,0,0,0,0,2.63278e+07,781579,0,1.29767e+07
4.19184e+08,0,0,0,0,2.63334e+07,781745,0,1.29767e+07
4.19966e+08,0,0,0,0,2.6339e+07,781911,0,1.29767e+07
4.20748e+08,0,0,0,0,2.63445e+07,782077,0,1.29767e+07
4.21502e+08,0,0,0,0,2.54051e+07,754214,0,1.29767e+07
4.22257e+08,0,0,0,0,2.54105e+07,754374,0,1.29767e+07
4.23011e+08,0,0,0,0,2.54159e+07,754534,0,1.29767e+07
4.23766e+08,0,0,0,0,2.54213e+07,754694,0,1.29767e+07
4.24455e+08,0,0,0,0,2.31974e+07,688702,0,1.29767e+07
4.25144e+08,0,0,0,0,2.32023e+07,688848,0,1.29767e+07
4.25833e+08,0,0,0,0,2.32073e+07,688994,0,1.29767e+07
4.26522e+08,0,0,0,0,2.32122e+07,689140,0,1.29767e+07
4.27211e+08,0,0,0,0,2.32171e+07,689287,0,1.29767e+07
4.279e+08,0,0,0,0,2.32171e+07,689287,0,1.29767e+07
4.28612e+08,0,0,0,1.25761e-71,2.39607e+07,711363,0,1.29767e+07
4.29323e+08,0,0,0,0,2.39656e+07,711508,0,1.29767e+07
4.30035e+08,0,0,0,0,2.39705e+07,711652,0,1.29767e+07
4.30747e+08,0,0,0,0,2.39754e+07,711797,0,1.29767e+07
4.31535e+08,0,0,0,0,2.65524e+07,788284,0,1.29767e+07
4.32323e+08,0,0,0,0,2.65578e+07,788444,0,1.29767e+07
4.33112e+08,0,0,0,0,2.65632e+07,788605,0,1.29767e+07
4.33901e+08,0,0,0,0,2.65686e+07,788765,0,1.29767e+07
4.34584e+08,0,0,0,0,2.30177e+07,683365,0,1.29767e+07
4.35268e+08,0,0,0,0,2.30224e+07,683503,0,1.29767e+07
4.35951e+08,0,0,0,0,2.30271e+07,683642,0,1.29767e+07
4.36635e+08,0,0,0,0,2.30318e+07,683781,0,1.29767e+07
4.37319e+08,0,0,0,0,2.30364e+07,683920,0,1.29767e+07
4.38029e+08,0,0,0,0,2.39242e+07,710272,0,1.29767e+07
4.3874e+08,0,0,0,0,2.3929e+07,710417,0,1.29767e+07
4.3945e+08,0,0,0,0,2.39339e+07,710561,0,1.29767e+07
4.40161e+08,0,0,0,0,2.39388e+07,710705,0,1.29767e+07
4.40861e+08,0,0,0,0,2.35993e+07,700627,0,1.29767e+07
4.41562e+08,0,0,0,0,2.3604e+07,700769,0,1.29767e+07
4.42263e+08,0,0,0,0,2.36088e+07,700912,0,1.29767e+07
4.42964e+08,0,0,0,0,2.36136e+07,701054,0,1.29767e+07
4.43701e+08,0,0,0,0,2.48149e+07,736712,0,1.29767e+07
4.44438e+08,0,0,0,0,2.482e+07,736861,0,1.29767e+07
4.45175e+08,0,0,0,0,2.4825e+07,737011,0,1.29767e+07
4.45912e+08,0,0,0,0,2.48301e+07,737161,0,1.29767e+07
4.46649e+08,0,0,0,0,2.48351e+07,737310,0,1.29767e+07
4.47393e+08,0,0,0,0,2.50677e+07,744174,0,1.29767e+07
4.48138e+08,0,0,0,0,2.50728e+07,744325,0,1.29767e+07
4.48882e+08,0,0,0,0,2.50779e+07,744476,0,1.29767e+07
4.49627e+08,0,0,0,0,2.5083e+07,744628,0,1.29767e+07
4.50389e+08,0,0,0,0,2.56873e+07,762565,0,1.29767e+07
4.51152e+08,0,0,0,0,2.56925e+07,762720,0,1.29767e+07
4.51915e+08,0,0,0,0,2.56977e+07,762875,0,1.29767e+07
4.52678e+08,0,0,0,0,2.5703e+07,763030,0,1.29767e+07
4.535e+08,0,0,0,0,2.76719e+07,821459,0,1.29767e+07
4.54321e+08,0,0,0,0,2.76776e+07,821626,0,1.29767e+07
4.55143e+08,0,0,0,0,2.76832e+07,821793,0,1.29767e+07
4.55965e+08,0,0,0,0,2.76888e+07,821960,0,1.29767e+07
4.56787e+08,0,0,0,0,2.76944e+07,822126,0,1.29767e+07
4.57577e+08,0,0,0,0,2.66103e+07,789965,0,1.29767e+07
4.58367e+08,0,0,0,0,2.66157e+07,790125,0,1.29767e+07
4.59157e+08,0,0,0,0,2.66211e+07,790286,0,1.29767e+07
4.59948e+08,0,0,0,0,2.66265e+07,790446,0,1.29767e+07
4.6071e+08,0,0,0,0,2.56768e+07,762278,0,1.29767e+07
4.61473e+08,0,0,0,0,2.5682e+07,762433,0,1.29767e+07
4.62235e+08,0,0,0,0,2.56872e+07,762587,0,1.29767e+07
4.62998e+08,0,0,0,0,2.56924e+07,762742,0,1.29767e+07
4.63694e+08,0,0,0,0,2.34446e+07,696040,0,1.29767e+07
4.6439e+08,0,0,0,0,2.34493e+07,696181,0,1.29767e+07
4.65086e+08,0,0,0,0,2.34541e+07,696322,0,1.29767e+07
4.65783e+08,0,0,0,0,2.34588e+07,696464,0,1.29767e+07
4.66479e+08,0,0,0,0,2.34636e+07,696605,0,1.29767e+07
4.67198e+08,0,0,0,1.25761e-71,2.42149e+07,718909,0,1.29767e+07
4.67917e+08,0,0,0,1.25761e-71,2.42196e+07,719049,0,1.29767e+07
4.68637e+08,0,0,0,0,2.42243e+07,719188,0,1.29767e+07
4.69356e+08,0,0,0,0,2.4229e+07,719328,0,1.29767e+07
4.70153e+08,0,0,0,0,2.68331e+07,796617,0,1.29767e+07
4.70949e+08,0,0,0,0,2.68383e+07,796772,0,1.29767e+07
4.71746e+08,0,0,0,0,2.68435e+07,796927,0,1.29767e+07
4.72543e+08,0,0,0,0,2.68487e+07,797081,0,1.29767e+07
4.73234e+08,0,0,0,0,2.32602e+07,690563,0,1.29767e+07
4.73925e+08,0,0,0,0,2.32647e+07,690697,0,1.29767e+07
4.74615e+08,0,0,0,0,2.32692e+07,690831,0,1.29767e+07
4.75306e+08,0,0,0,0,2.32737e+07,690965,0,1.29767e+07
4.75998e+08,0,0,0,0,2.32783e+07,691100,0,1.29767e+07
4.76715e+08,0,0,0,0,2.41751e+07,717722,0,1.29767e+07
4.77433e+08,0,0,0,0,2.41798e+07,717861,0,1.29767e+07
4.78151e+08,0,0,0,0,2.41845e+07,718000,0,1.29767e+07
4.78869e+08,0,0,0,0,2.41892e+07,718140,0,1.29767e+07
4.79577e+08,0,0,0,0,2.38459e+07,707949,0,1.29767e+07
4.80285e+08,0,0,0,0,2.38505e+07,708087,0,1.29767e+07
4.80994e+08,0,0,0,0,2.38552e+07,708224,0,1.29767e+07
4.81702e+08,0,0,0,0,2.38598e+07,708362,0,1.29767e+07
4.82446e+08,0,0,0,0,2.50734e+07,744384,0,1.29767e+07
4.83191e+08,0,0,0,0,2.50782e+07,744528,0,1.29767e+07
4.83935e+08,0,0,0,0,2.50831e+07,744673,0,1.29767e+07
4.8468e+08,0,0,0,0,2.5088e+07,744817,0,1.29767e+07
4.85425e+08,0,0,0,0,2.50928e+07,744962,0,1.29767e+07
4.86177e+08,0,0,0,0,2.53277e+07,751890,0,1.29767e+07
4.86929e+08,0,0,0,0,2.53326e+07,752036,0,1.29767e+07
4.87681e+08,0,0,0,0,2.53375e+07,752182,0,1.29767e+07
4.88434e+08,0,0,0,0,2.53424e+07,752328,0,1.29767e+07
4.89204e+08,0,0,0,0,2.59527e+07,770444,0,1.29767e+07
4.89975e+08,0,0,0,0,2.59577e+07,770593,0,1.29767e+07
4.90745e+08,0,0,0,0,2.59628e+07,770743,0,1.29767e+07
4.91516e+08,0,0,0,0,2.59678e+07,770892,0,1.29767e+07
4.92346e+08,0,0,0,0,2.79568e+07,829916,0,1.29767e+07
4.93176e+08,0,0,0,0,2.79623e+07,830077,0,1.29767e+07
4.94007e+08,0,0,0,0,2.79677e+07,830238,0,1.29767e+07
4.94837e+08,0,0,0,0,2.79731e+07,830399,0,1.29767e+07
4.95668e+08,0,0,0,0,2.79785e+07,830560,0,1.29767e+07
4.96466e+08,0,0,0,0,2.6883e+07,798061,0,1.29767e+07
4.97264e+08,0,0,0,0,2.68882e+07,798216,0,1.29767e+07
4.98062e+08,0,0,0,0,2.68934e+07,798371,0,1.29767e+07
4.98861e+08,0,0,0,0,2.68986e+07,798526,0,1.29767e+07
4.99631e+08,0,0,0,0,2.5939e+07,770063,0,1.29767e+07
5.00401e+08,0,0,0,0,2.5944e+07,770212,0,1.29767e+07
5.01171e+08,0,0,0,0,2.5949e+07,770361,0,1.29767e+07
5.01942e+08,0,0,0,0,2.59541e+07,770511,0,1.29767e+07
5.02645e+08,0,0,0,0,2.36831e+07,703122,0,1.29767e+07
5.03348e+08,0,0,0,0,2.36877e+07,703259,0,1.29767e+07
5.04052e+08,0,0,0,0,2.36923e+07,703395,0,1.29767e+07
5.04755e+08,0,0,0,0,2.36969e+07,703531,0,1.29767e+07
5.05459e+08,0,0,0,0,2.37015e+07,703668,0,1.29767e+07
5.06185e+08,0,0,0,0,2.44602e+07,726192,0,1.29767e+07
5.06911e+08,0,0,0,0,2.44647e+07,726326,0,1.29767e+07
5.07638e+08,0,0,0,0,2.44693e+07,726461,0,1.29767e+07
5.08364e+08,0,0,0,0,2.44738e+07,726595,0,1.29767e+07
5.09169e+08,0,0,0,0,2.71039e+07,804658,0,1.29767e+07
5.09974e+08,0,0,0,0,2.7109e+07,804807,0,1.29767e+07
5.10779e+08,0,0,0,0,2.7114e+07,804956,0,1.29767e+07
5.11584e+08,0,0,0,0,2.7119e+07,805105,0,1.29767e+07
5.12281e+08,0,0,0,0,2.34941e+07,697508,0,1.29767e+07
5.12979e+08,0,0,0,0,2.34985e+07,697637,0,1.29767e+07
5.13677e+08,0,0,0,0,2.35028e+07,697767,0,1.29767e+07
5.14375e+08,0,0,0,0,2.35072e+07,697896,0,1.29767e+07
5.15073e+08,0,0,0,0,2.35115e+07,698025,0,1.29767e+07
5.15798e+08,0,0,0,0,2.44171e+07,724907,0,1.29767e+07
5.16523e+08,0,0,0,0,2.44217e+07,725041,0,1.29767e+07
5.17248e+08,0,0,0,0,2.44262e+07,725176,0,1.29767e+07
5.17973e+08,0,0,0,0,2.44307e+07,725310,0,1.29767e+07
5.18688e+08,0,0,0,0,2.40838e+07,715011,0,1.29767e+07
5.19403e+08,0,0,0,0,2.40882e+07,715144,0,1.29767e+07
5.20119e+08,0,0,0,0,2.40927e+07,715276,0,1.29767e+07
5.20834e+08,0,0,0,0,2.40971e+07,715408,0,1.29767e+07
5.21586e+08,0,0,0,0,2.53226e+07,751782,0,1.29767e+07
5.22338e+08,0,0,0,0,2.53273e+07,751921,0,1.29767e+07
5.2309e+08,0,0,0,0,2.53319e+07,752061,0,1.29767e+07
5.23842e+08,0,0,0,0,2.53366e+07,752200,0,1.29767e+07
5.24594e+08,0,0,0,0,2.53413e+07,752339,0,1.29767e+07
5.25354e+08,0,0,0,0,2.55782e+07,759329,0,1.29767e+07
5.26113e+08,0,0,0,0,2.5583e+07,759469,0,1.29767e+07
5.26873e+08,0,0,0,0,2.55877e+07,759610,0,1.29767e+07
5.27632e+08,0,0,0,0,2.55924e+07,759750,0,1.29767e+07
5.28411e+08,0,0,0,0,2.62085e+07,778038,0,1.29767e+07
5.29189e+08,0,0,0,0,2.62134e+07,778182,0,1.29767e+07
5.29967e+08,0,0,0,0,2.62182e+07,778326,0,1.29767e+07
5.30746e+08,0,0,0,0,2.62231e+07,778470,0,1.29767e+07
5.31584e+08,0,0,0,0,2.82314e+07,838067,0,1.29767e+07
5.32422e+08,0,0,0,0,2.82366e+07,838222,0,1.29767e+07
5.3326e+08,0,0,0,0,2.82418e+07,838377,0,1.29767e+07
5.34099e+08,0,0,0,0,2.82471e+07,838532,0,1.29767e+07
5.34937e+08,0,0,0,0,2.82523e+07,838687,0,1.29767e+07
5.35743e+08,0,0,0,0,2.71458e+07,805863,0,1.29767e+07
5.36549e+08,0,0,0,0,2.71508e+07,806012,0,1.29767e+07
5.37355e+08,0,0,0,0,2.71558e+07,806161,0,1.29767e+07
5.38162e+08,0,0,0,0,2.71608e+07,806310,0,1.29767e+07
5.38939e+08,0,0,0,0,2.61916e+07,777562,0,1.29767e+07
5.39717e+08,0,0,0,0,2.61965e+07,777706,0,1.29767e+07
5.40495e+08,0,0,0,0,2.62013e+07,777850,0,1.29767e+07
5.41273e+08,0,0,0,0,2.62061e+07,777994,0,1.29767e+07
5.41983e+08,0,0,0,0,2.39129e+07,709945,0,1.29767e+07
5.42693e+08,0,0,0,0,2.39173e+07,710076,0,1.29767e+07
5.43403e+08,0,0,0,0,2.39218e+07,710207,0,1.29767e+07
5.44113e+08,0,0,0,0,2.39262e+07,710339,0,1.29767e+07
5.44824e+08,0,0,0,0,2.39306e+07,710470,0,1.29767e+07
5.45557e+08,0,0,0,0,2.46964e+07,733205,0,1.29767e+07
5.4629e+08,0,0,0,0,2.47008e+07,733334,0,1.29767e+07
5.47024e+08,0,0,0,0,2.47051e+07,733463,0,1.29767e+07
5.47757e+08,0,0,0,0,2.47095e+07,733592,0,1.29767e+07
5.4857e+08,0,0,0,0,2.73647e+07,812399,0,1.29767e+07
5.49382e+08,0,0,0,0,2.73695e+07,812542,0,1.29767e+07
5.50195e+08,0,0,0,0,2.73743e+07,812685,0,1.29767e+07
5.51008e+08,0,0,0,0,2.73792e+07,812828,0,1.29767e+07
5.51712e+08,0,0,0,0,2.37193e+07,704193,0,1.29767e+07
5.52416e+08,0,0,0,0,2.37235e+07,704317,0,1.29767e+07
5.53121e+08,0,0,0,0,2.37276e+07,704441,0,1.29767e+07
5.53825e+08,0,0,0,0,2.37318e+07,704565,0,1.29767e+07
5.5453e+08,0,0,0,0,2.3736e+07,704689,0,1.29767e+07
5.55262e+08,0,0,0,0,2.465e+07,731821,0,1.29767e+07
5.55994e+08,0,0,0,0,2.46544e+07,731950,0,1.29767e+07
5.56726e+08,0,0,0,0,2.46587e+07,732079,0,1.29767e+07
5.57458e+08,0,0,0,0,2.4663e+07,732208,0,1.29767e+07
5.5818e+08,0,0,0,0,2.43126e+07,721805,0,1.29767e+07
5.58902e+08,0,0,0,0,2.43169e+07,721932,0,1.29767e+07
5.59624e+08,0,0,0,0,2.43212e+07,722059,0,1.29767e+07
5.60346e+08,0,0,0,0,2.43254e+07,722186,0,1.29767e+07
5.61105e+08,0,0,0,0,2.55622e+07,758898,0,1.29767e+07
5.61864e+08,0,0,0,0,2.55667e+07,759031,0,1.29767e+07
5.62623e+08,0,0,0,0,2.55712e+07,759165,0,1.29767e+07
5.63383e+08,0,0,0,0,2.55757e+07,759299,0,1.29767e+07
5.64142e+08,0,0,0,0,2.55802e+07,759432,0,1.29767e+07
5.64908e+08,0,0,0,0,2.58192e+07,766481,0,1.29767e+07
5.65675e+08,0,0,0,0,2.58237e+07,766616,0,1.29767e+07
5.66442e+08,0,0,0,0,2.58282e+07,766751,0,1.29767e+07
5.67209e+08,0,0,0,0,2.58328e+07,766886,0,1.29767e+07
5.67994e+08,0,0,0,0,2.64544e+07,785338,0,1.29767e+07
5.6878e+08,0,0,0,0,2.64591e+07,785476,0,1.29767e+07
5.69565e+08,0,0,0,0,2.64637e+07,785615,0,1.29767e+07
5.70351e+08,0,0,0,0,2.64684e+07,785753,0,1.29767e+07
5.71197e+08,0,0,0,0,2.84952e+07,845899,0,1.29767e+07
5.72043e+08,0,0,0,0,2.85002e+07,846048,0,1.29767e+07
5.72889e+08,0,0,0,0,2.85053e+07,846197,0,1.29767e+07
5.73735e+08,0,0,0,0,2.85103e+07,846345,0,1.29767e+07
5.74582e+08,0,0,0,0,2.85153e+07,846494,0,1.29767e+07
5.75395e+08,0,0,0,0,2.73982e+07,813357,0,1.29767e+07
5.76209e+08,0,0,0,0,2.74031e+07,813500,0,1.29767e+07
5.77022e+08,0,0,0,0,2.74079e+07,813643,0,1.29767e+07
5.77836e+08,0,0,0,0,2.74127e+07,813786,0,1.29767e+07
5.78621e+08,0,0,0,0,2.64342e+07,784765,0,1.29767e+07
5.79406e+08,0,0,0,0,2.64389e+07,784903,0,1.29767e+07
5.80191e+08,0,0,0,0,2.64435e+07,785041,0,1.29767e+07
5.80976e+08,0,0,0,0,2.64482e+07,785179,0,1.29767e+07
5.81693e+08,0,0,0,0,2.41336e+07,716495,0,1.29767e+07
5.82409e+08,0,0,0,0,2.41378e+07,716621,0,1.29767e+07
5.83126e+08,0,0,0,0,2.41421e+07,716747,0,1.29767e+07
5.83843e+08,0,0,0,0,2.41463e+07,716873,0,1.29767e+07
5.8456e+08,0,0,0,0,2.41505e+07,716999,0,1.29767e+07
5.853e+08,0,0,0,0,2.49232e+07,739936,0,1.29767e+07
5.8604e+08,0,0,0,0,2.49273e+07,740060,0,1.29767e+07
5.8678e+08,0,0,0,0,2.49315e+07,740183,0,1.29767e+07
5.8752e+08,0,0,0,0,2.49357e+07,740307,0,1.29767e+07
5.8834e+08,0,0,0,0,2.76149e+07,819828,0,1.29767e+07
5.8916e+08,0,0,0,0,2.76195e+07,819965,0,1.29767e+07
5.8998e+08,0,0,0,0,2.76241e+07,820102,0,1.29767e+07
5.908e+08,0,0,0,0,2.76288e+07,820238,0,1.29767e+07
5.91511e+08,0,0,0,0,2.39353e+07,710606,0,1.29767e+07
5.92222e+08,0,0,0,0,2.39393e+07,710725,0,1.29767e+07
5.92933e+08,0,0,0,0,2.39433e+07,710844,0,1.29767e+07
5.93644e+08,0,0,0,0,2.39473e+07,710962,0,1.29767e+07
5.94355e+08,0,0,0,0,2.39513e+07,711081,0,1.29767e+07
5.95093e+08,0,0,0,0,2.48734e+07,738452,0,1.29767e+07
5.95832e+08,0,0,0,0,2.48775e+07,738576,0,1.29767e+07
5.9657e+08,0,0,0,0,2.48817e+07,738699,0,1.29767e+07
5.97309e+08,0,0,0,0,2.48858e+07,738822,0,1.29767e+07
5.98038e+08,0,0,0,0,2.4532e+07,728319,0,1.29767e+07
5.98766e+08,0,0,0,0,2.45361e+07,728440,0,1.29767e+07
5.99495e+08,0,0,0,0,2.45402e+07,728562,0,1.29767e+07
6.00223e+08,0,0,0,0,2.45443e+07,728683,0,1.29767e+07
6.00989e+08,0,0,0,0,2.5792e+07,765718,0,1.29767e+07
6.01755e+08,0,0,0,0,2.57963e+07,765846,0,1.29767e+07
6.02521e+08,0,0,0,0,2.58006e+07,765974,0,1.29767e+07
6.03287e+08,0,0,0,0,2.58049e+07,766102,0,1.29767e+07
6.04053e+08,0,0,0,0,2.58092e+07,766229,0,1.29767e+07
6.04826e+08,0,0,0,0,2.605e+07,773334,0,1.29767e+07
6.056e+08,0,0,0,0,2.60544e+07,773463,0,1.29767e+07
6.06373e+08,0,0,0,0,2.60587e+07,773592,0,1.29767e+07
6.07147e+08,0,0,0,0,2.6063e+07,773721,0,1.29767e+07
6.0794e+08,0,0,0,0,2.669e+07,792331,0,1.29767e+07
6.08732e+08,0,0,0,0,2.66944e+07,792463,0,1.29767e+07
6.09525e+08,0,0,0,0,2.66989e+07,792595,0,1.29767e+07
6.10317e+08,0,0,0,0,2.67033e+07,792727,0,1.29767e+07
6.11171e+08,0,0,0,0,2.87479e+07,853400,0,1.29767e+07
6.12024e+08,0,0,0,0,2.87527e+07,853542,0,1.29767e+07
6.12878e+08,0,0,0,0,2.87575e+07,853684,0,1.29767e+07
6.13732e+08,0,0,0,0,2.87623e+07,853827,0,1.29767e+07
6.14586e+08,0,0,0,0,2.87671e+07,853969,0,1.29767e+07
6.15406e+08,0,0,0,0,2.76399e+07,820532,0,1.29767e+07
6.16227e+08,0,0,0,0,2.76445e+07,820669,0,1.29767e+07
6.17048e+08,0,0,0,0,2.76491e+07,820806,0,1.29767e+07
6.17869e+08,0,0,0,0,2.76537e+07,820943,0,1.29767e+07
6.1866e+08,0,0,0,0,2.66664e+07,791659,0,1.29767e+07
6.19344e+08,0,0,0,0,2.68398e+07,683242,0,1.29767e+07
6.20135e+08,0,0,0,0,2.66753e+07,791923,0,1.29767e+07
6.20928e+08,0,0,0,0,2.66798e+07,792055,0,1.29767e+07
6.2165e+08,0,0,0,0,2.43447e+07,722763,0,1.29767e+07
6.22373e+08,0,0,0,0,2.43487e+07,722883,0,1.29767e+07
6.22552e+08,0,0,0,0,2.52001e+07,178373,0,1.29767e+07
6.22731e+08,0,0,0,0,2.52032e+07,179150,0,1.29767e+07
6.22911e+08,0,0,0,0,2.52062e+07,179927,0,1.29767e+07
6.23114e+08,0,0,0,0,2.59843e+07,203714,0,1.29767e+07
6.23446e+08,0,0,0,0,2.57891e+07,331886,0,1.29767e+07
6.23779e+08,0,0,0,0,2.5792e+07,332646,0,1.29767e+07
6.24112e+08,0,0,0,0,2.5795e+07,333406,0,1.29767e+07
6.24527e+08,0,0,0,0,2.84963e+07,414252,0,1.29767e+07
6.25354e+08,0,0,0,0,2.78586e+07,827062,0,1.29767e+07
6.26181e+08,0,0,0,0,2.7863e+07,827193,0,1.29767e+07
6.27008e+08,0,0,0,0,2.78674e+07,827324,0,1.29767e+07
6.27725e+08,0,0,0,0,2.41418e+07,716738,0,1.29767e+07
6.27868e+08,0,0,0,0,2.50375e+07,143590,0,1.29767e+07
6.28013e+08,0,0,0,0,2.50404e+07,144320,0,1.29767e+07
6.28158e+08,0,0,0,0,2.50432e+07,145051,0,1.29767e+07
6.28304e+08,0,0,0,0,2.50461e+07,145781,0,1.29767e+07
6.29048e+08,0,0,0,0,2.50869e+07,744791,0,1.29767e+07
6.29793e+08,0,0,0,0,2.50908e+07,744908,0,1.29767e+07
6.30538e+08,0,0,0,0,2.50948e+07,745026,0,1.29767e+07
6.31283e+08,0,0,0,0,2.50988e+07,745144,0,1.29767e+07
6.32018e+08,0,0,0,0,2.47417e+07,734544,0,1.29767e+07
6.32753e+08,0,0,0,0,2.47456e+07,734660,0,1.29767e+07
6.33487e+08,0,0,0,0,2.47495e+07,734775,0,1.29767e+07
6.34222e+08,0,0,0,0,2.47534e+07,734891,0,1.29767e+07
6.34995e+08,0,0,0,0,2.60115e+07,772235,0,1.29767e+07
6.35767e+08,0,0,0,0,2.60156e+07,772357,0,1.29767e+07
6.36539e+08,0,0,0,0,2.60197e+07,772479,0,1.29767e+07
6.37312e+08,0,0,0,0,2.60238e+07,772600,0,1.29767e+07
6.38085e+08,0,0,0,0,2.60279e+07,772722,0,1.29767e+07
6.38865e+08,0,0,0,0,2.62705e+07,779880,0,1.29767e+07
6.39645e+08,0,0,0,0,2.62747e+07,780003,0,1.29767e+07
6.40425e+08,0,0,0,0,2.62788e+07,780126,0,1.29767e+07
6.41205e+08,0,0,0,0,2.6283e+07,780250,0,1.29767e+07
6.42004e+08,0,0,0,0,2.69149e+07,799009,0,1.29767e+07
6.42803e+08,0,0,0,0,2.69192e+07,799135,0,1.29767e+07
6.43602e+08,0,0,0,0,2.69234e+07,799261,0,1.29767e+07
6.44402e+08,0,0,0,0,2.69277e+07,799387,0,1.29767e+07
6.45262e+08,0,0,0,0,2.89892e+07,860562,0,1.29767e+07
6.46123e+08,0,0,0,0,2.89937e+07,860698,0,1.29767e+07
6.46984e+08,0,0,0,0,2.89983e+07,860833,0,1.29767e+07
6.47845e+08,0,0,0,0,2.90029e+07,860969,0,1.29767e+07
6.48706e+08,0,0,0,0,2.90075e+07,861105,0,1.29767e+07
6.49533e+08,0,0,0,0,2.78706e+07,827381,0,1.29767e+07
6.50361e+08,0,0,0,0,2.7875e+07,827511,0,1.29767e+07
6.51188e+08,0,0,0,0,2.78794e+07,827642,0,1.29767e+07
6.52016e+08,0,0,0,0,2.78838e+07,827772,0,1.29767e+07
6.52815e+08,0,0,0,0,2.68881e+07,798238,0,1.29767e+07
6.53541e+08,0,0,0,0,2.70046e+07,726166,0,1.29767e+07
6.54339e+08,0,0,0,0,2.68965e+07,798490,0,1.29767e+07
6.55138e+08,0,0,0,0,2.69008e+07,798616,0,1.29767e+07
6.55796e+08,0,0,0,0,2.46552e+07,658632,0,1.29767e+07
6.56013e+08,0,0,0,0,2.53477e+07,216150,0,1.29767e+07
6.56229e+08,0,0,0,0,2.53506e+07,216891,0,1.29767e+07
6.56447e+08,0,0,0,0,2.53535e+07,217631,0,1.29767e+07
6.56665e+08,0,0,0,0,2.53564e+07,218372,0,1.29767e+07
6.56884e+08,0,0,0,0,2.53554e+07,218999,0,1.29767e+07
6.57127e+08,0,0,0,0,2.61407e+07,242313,0,1.29767e+07
6.57498e+08,0,0,0,0,2.59437e+07,371497,0,1.29767e+07
6.58251e+08,0,0,0,0,2.53545e+07,752741,0,1.29767e+07
6.59004e+08,0,0,0,0,2.53583e+07,752853,0,1.29767e+07
6.59838e+08,0,0,0,0,2.80824e+07,833707,0,1.29767e+07
6.60671e+08,0,0,0,0,2.80866e+07,833831,0,1.29767e+07
6.61505e+08,0,0,0,0,2.80908e+07,833955,0,1.29767e+07
6.62339e+08,0,0,0,0,2.8095e+07,834080,0,1.29767e+07
6.63062e+08,0,0,0,0,2.43388e+07,722585,0,1.29767e+07
6.63785e+08,0,0,0,0,2.43424e+07,722692,0,1.29767e+07
6.64508e+08,0,0,0,0,2.4346e+07,722800,0,1.29767e+07
6.6523e+08,0,0,0,0,2.43496e+07,722908,0,1.29767e+07
6.65953e+08,0,0,0,0,2.43533e+07,723015,0,1.29767e+07
6.66704e+08,0,0,0,0,2.52904e+07,750833,0,1.29767e+07
6.67455e+08,0,0,0,0,2.52942e+07,750945,0,1.29767e+07
6.68206e+08,0,0,0,0,2.52979e+07,751057,0,1.29767e+07
6.68957e+08,0,0,0,0,2.53017e+07,751169,0,1.29767e+07
6.69698e+08,0,0,0,0,2.49415e+07,740476,0,1.29767e+07
6.70438e+08,0,0,0,0,2.49452e+07,740587,0,1.29767e+07
6.71179e+08,0,0,0,0,2.49489e+07,740697,0,1.29767e+07
6.7192e+08,0,0,0,0,2.49526e+07,740807,0,1.29767e+07
6.72698e+08,0,0,0,0,2.62206e+07,778444,0,1.29767e+07
6.73477e+08,0,0,0,0,2.62245e+07,778560,0,1.29767e+07
6.74256e+08,0,0,0,0,2.62285e+07,778676,0,1.29767e+07
6.75034e+08,0,0,0,0,2.62324e+07,778792,0,1.29767e+07
6.75813e+08,0,0,0,0,2.62363e+07,778908,0,1.29767e+07
6.76599e+08,0,0,0,0,2.64806e+07,786117,0,1.29767e+07
6.77386e+08,0,0,0,0,2.64845e+07,786234,0,1.29767e+07
6.78172e+08,0,0,0,0,2.64885e+07,786351,0,1.29767e+07
6.78959e+08,0,0,0,0,2.64924e+07,786468,0,1.29767e+07
6.79764e+08,0,0,0,0,2.71292e+07,805370,0,1.29767e+07
6.80569e+08,0,0,0,0,2.71332e+07,805490,0,1.29767e+07
6.81375e+08,0,0,0,0,2.71373e+07,805610,0,1.29767e+07
6.82181e+08,0,0,0,0,2.71413e+07,805730,0,1.29767e+07
6.83048e+08,0,0,0,0,2.92189e+07,867382,0,1.29767e+07
6.83916e+08,0,0,0,0,2.92233e+07,867511,0,1.29767e+07
6.84783e+08,0,0,0,0,2.92276e+07,867640,0,1.29767e+07
6.85651e+08,0,0,0,0,2.9232e+07,867769,0,1.29767e+07
6.86519e+08,0,0,0,0,2.92363e+07,867898,0,1.29767e+07
6.87353e+08,0,0,0,0,2.80903e+07,833901,0,1.29767e+07
6.88187e+08,0,0,0,0,2.80944e+07,834025,0,1.29767e+07
6.89021e+08,0,0,0,0,2.80986e+07,834149,0,1.29767e+07
6.89855e+08,0,0,0,0,2.81028e+07,834273,0,1.29767e+07
6.9066e+08,0,0,0,0,2.7099e+07,804500,0,1.29767e+07
6.91427e+08,0,0,0,0,2.71615e+07,767019,0,1.29767e+07
6.92195e+08,0,0,0,0,2.71645e+07,767800,0,1.29767e+07
6.92963e+08,0,0,0,0,2.71675e+07,768581,0,1.29767e+07
6.93662e+08,0,0,0,0,2.47932e+07,698818,0,1.29767e+07
6.93915e+08,0,0,0,0,2.54909e+07,252835,0,1.29767e+07
6.94168e+08,0,0,0,0,2.54937e+07,253539,0,1.29767e+07
6.94423e+08,0,0,0,0,2.54964e+07,254244,0,1.29767e+07
6.94678e+08,0,0,0,0,2.54992e+07,254949,0,1.29767e+07
6.94957e+08,0,0,0,0,2.62895e+07,279033,0,1.29767e+07
6.95366e+08,0,0,0,0,2.60907e+07,409179,0,1.29767e+07
6.95776e+08,0,0,0,0,2.60934e+07,409865,0,1.29767e+07
6.96534e+08,0,0,0,0,2.55545e+07,758679,0,1.29767e+07
6.97374e+08,0,0,0,0,2.82995e+07,840151,0,1.29767e+07
6.98215e+08,0,0,0,0,2.83034e+07,840268,0,1.29767e+07
6.99055e+08,0,0,0,0,2.83074e+07,840386,0,1.29767e+07
6.99896e+08,0,0,0,0,2.83114e+07,840504,0,1.29767e+07
7.00624e+08,0,0,0,0,2.4526e+07,728144,0,1.29767e+07
7.01352e+08,0,0,0,0,2.45295e+07,728246,0,1.29767e+07
7.0208e+08,0,0,0,0,2.45329e+07,728348,0,1.29767e+07
7.02809e+08,0,0,0,0,2.45363e+07,728450,0,1.29767e+07
7.03537e+08,0,0,0,0,2.45398e+07,728552,0,1.29767e+07
7.04294e+08,0,0,0,0,2.54838e+07,756576,0,1.29767e+07
7.05051e+08,0,0,0,0,2.54874e+07,756682,0,1.29767e+07
7.05807e+08,0,0,0,0,2.5491e+07,756788,0,1.29767e+07
7.06564e+08,0,0,0,0,2.54946e+07,756894,0,1.29767e+07
7.0731e+08,0,0,0,0,2.51314e+07,746114,0,1.29767e+07
7.08057e+08,0,0,0,0,2.51349e+07,746219,0,1.29767e+07
7.08803e+08,0,0,0,0,2.51384e+07,746323,0,1.29767e+07
7.09549e+08,0,0,0,0,2.5142e+07,746428,0,1.29767e+07
7.10334e+08,0,0,0,0,2.64193e+07,784344,0,1.29767e+07
7.11118e+08,0,0,0,0,2.64231e+07,784454,0,1.29767e+07
7.11903e+08,0,0,0,0,2.64268e+07,784564,0,1.29767e+07
7.12687e+08,0,0,0,0,2.64305e+07,784673,0,1.29767e+07
7.13472e+08,0,0,0,0,2.64342e+07,784783,0,1.29767e+07
7.14264e+08,0,0,0,0,2.66801e+07,792039,0,1.29767e+07
7.15056e+08,0,0,0,0,2.66838e+07,792150,0,1.29767e+07
7.15849e+08,0,0,0,0,2.66876e+07,792261,0,1.29767e+07
7.16641e+08,0,0,0,0,2.66913e+07,792372,0,1.29767e+07
7.17452e+08,0,0,0,0,2.73326e+07,811409,0,1.29767e+07
7.18264e+08,0,0,0,0,2.73365e+07,811523,0,1.29767e+07
7.19076e+08,0,0,0,0,2.73403e+07,811636,0,1.29767e+07
7.19887e+08,0,0,0,0,2.73441e+07,811750,0,1.29767e+07
7.20761e+08,0,0,0,0,2.9437e+07,873855,0,1.29767e+07
7.21635e+08,0,0,0,0,2.94411e+07,873978,0,1.29767e+07
7.22509e+08,0,0,0,0,2.94452e+07,874100,0,1.29767e+07
7.23384e+08,0,0,0,0,2.94494e+07,874222,0,1.29767e+07
7.24258e+08,0,0,0,0,2.94535e+07,874345,0,1.29767e+07
7.25098e+08,0,0,0,0,2.82987e+07,840088,0,1.29767e+07
7.25938e+08,0,0,0,0,2.83026e+07,840205,0,1.29767e+07
7.26778e+08,0,0,0,0,2.83066e+07,840323,0,1.29767e+07
7.27619e+08,0,0,0,0,2.83106e+07,840441,0,1.29767e+07
7.28429e+08,0,0,0,0,2.72991e+07,810440,0,1.29767e+07
7.2924e+08,0,0,0,0,2.73029e+07,810554,0,1.29767e+07
7.30051e+08,0,0,0,0,2.73067e+07,810667,0,1.29767e+07
7.30861e+08,0,0,0,0,2.73105e+07,810781,0,1.29767e+07
7.31601e+08,0,0,0,0,2.49196e+07,739831,0,1.29767e+07
7.32341e+08,0,0,0,0,2.49231e+07,739934,0,1.29767e+07
7.33081e+08,0,0,0,0,2.49266e+07,740038,0,1.29767e+07
7.33821e+08,0,0,0,0,2.493e+07,740142,0,1.29767e+07
7.34562e+08,0,0,0,0,2.49335e+07,740245,0,1.29767e+07
7.35325e+08,0,0,0,0,2.57303e+07,763899,0,1.29767e+07
7.36089e+08,0,0,0,0,2.57337e+07,763999,0,1.29767e+07
7.36854e+08,0,0,0,0,2.57371e+07,764100,0,1.29767e+07
7.37618e+08,0,0,0,0,2.57404e+07,764200,0,1.29767e+07
7.38464e+08,0,0,0,0,2.85052e+07,846257,0,1.29767e+07
7.3931e+08,0,0,0,0,2.85089e+07,846368,0,1.29767e+07
7.40157e+08,0,0,0,0,2.85127e+07,846480,0,1.29767e+07
7.41003e+08,0,0,0,0,2.85164e+07,846591,0,1.29767e+07
7.41737e+08,0,0,0,0,2.47034e+07,733411,0,1.29767e+07
7.4247e+08,0,0,0,0,2.47067e+07,733507,0,1.29767e+07
7.43204e+08,0,0,0,0,2.47099e+07,733603,0,1.29767e+07
7.43938e+08,0,0,0,0,2.47132e+07,733700,0,1.29767e+07
7.44671e+08,0,0,0,0,2.47164e+07,733796,0,1.29767e+07
7.45433e+08,0,0,0,0,2.5667e+07,762015,0,1.29767e+07
7.46196e+08,0,0,0,0,2.56704e+07,762115,0,1.29767e+07
7.46958e+08,0,0,0,0,2.56738e+07,762215,0,1.29767e+07
7.4772e+08,0,0,0,0,2.56772e+07,762315,0,1.29767e+07
7.48472e+08,0,0,0,0,2.53112e+07,751451,0,1.29767e+07
7.49223e+08,0,0,0,0,2.53145e+07,751550,0,1.29767e+07
7.49975e+08,0,0,0,0,2.53178e+07,751648,0,1.29767e+07
7.50727e+08,0,0,0,0,2.53211e+07,751747,0,1.29767e+07
7.51516e+08,0,0,0,0,2.66074e+07,789926,0,1.29767e+07
7.52306e+08,0,0,0,0,2.66109e+07,790030,0,1.29767e+07
7.53097e+08,0,0,0,0,2.66144e+07,790134,0,1.29767e+07
7.53887e+08,0,0,0,0,2.66179e+07,790237,0,1.29767e+07
7.54677e+08,0,0,0,0,2.66214e+07,790341,0,1.29767e+07
7.55475e+08,0,0,0,0,2.68688e+07,797641,0,1.29767e+07
7.56273e+08,0,0,0,0,2.68723e+07,797746,0,1.29767e+07
7.5707e+08,0,0,0,0,2.68759e+07,797851,0,1.29767e+07
7.57868e+08,0,0,0,0,2.68794e+07,797956,0,1.29767e+07
7.58686e+08,0,0,0,0,2.7525e+07,817119,0,1.29767e+07
7.59503e+08,0,0,0,0,2.75286e+07,817227,0,1.29767e+07
7.6032e+08,0,0,0,0,2.75322e+07,817334,0,1.29767e+07
7.61138e+08,0,0,0,0,2.75358e+07,817441,0,1.29767e+07
7.62017e+08,0,0,0,0,2.96431e+07,879974,0,1.29767e+07
7.62898e+08,0,0,0,0,2.9647e+07,880089,0,1.29767e+07
7.63778e+08,0,0,0,0,2.96509e+07,880205,0,1.29767e+07
7.64658e+08,0,0,0,0,2.96548e+07,880320,0,1.29767e+07
7.65539e+08,0,0,0,0,2.96587e+07,880436,0,1.29767e+07
7.66384e+08,0,0,0,0,2.84955e+07,845933,0,1.29767e+07
7.67231e+08,0,0,0,0,2.84993e+07,846044,0,1.29767e+07
7.68077e+08,0,0,0,0,2.8503e+07,846155,0,1.29767e+07
7.68923e+08,0,0,0,0,2.85068e+07,846266,0,1.29767e+07
7.69739e+08,0,0,0,0,2.7488e+07,816050,0,1.29767e+07
7.70555e+08,0,0,0,0,2.74916e+07,816157,0,1.29767e+07
7.71371e+08,0,0,0,0,2.74952e+07,816264,0,1.29767e+07
7.72188e+08,0,0,0,0,2.74989e+07,816371,0,1.29767e+07
7.72933e+08,0,0,0,0,2.50912e+07,744926,0,1.29767e+07
7.73678e+08,0,0,0,0,2.50945e+07,745023,0,1.29767e+07
7.74423e+08,0,0,0,0,2.50978e+07,745121,0,1.29767e+07
7.75168e+08,0,0,0,0,2.51011e+07,745219,0,1.29767e+07
7.75913e+08,0,0,0,0,2.51044e+07,745317,0,1.29767e+07
7.76683e+08,0,0,0,0,2.59063e+07,769126,0,1.29767e+07
7.77452e+08,0,0,0,0,2.59095e+07,769220,0,1.29767e+07
7.78221e+08,0,0,0,0,2.59127e+07,769314,0,1.29767e+07
7.7899e+08,0,0,0,0,2.59159e+07,769409,0,1.29767e+07
7.79842e+08,0,0,0,0,2.86992e+07,852018,0,1.29767e+07
7.80695e+08,0,0,0,0,2.87027e+07,852122,0,1.29767e+07
7.81547e+08,0,0,0,0,2.87062e+07,852227,0,1.29767e+07
7.82399e+08,0,0,0,0,2.87098e+07,852331,0,1.29767e+07
7.83138e+08,0,0,0,0,2.48707e+07,738377,0,1.29767e+07
7.83876e+08,0,0,0,0,2.48737e+07,738467,0,1.29767e+07
7.84615e+08,0,0,0,0,2.48768e+07,738558,0,1.29767e+07
7.85353e+08,0,0,0,0,2.48798e+07,738649,0,1.29767e+07
7.86092e+08,0,0,0,0,2.48829e+07,738739,0,1.29767e+07
7.86859e+08,0,0,0,0,2.58397e+07,767141,0,1.29767e+07
7.87626e+08,0,0,0,0,2.58429e+07,767236,0,1.29767e+07
7.88394e+08,0,0,0,0,2.5846e+07,767330,0,1.29767e+07
7.89161e+08,0,0,0,0,2.58492e+07,767424,0,1.29767e+07
7.89918e+08,0,0,0,0,2.54806e+07,756480,0,1.29767e+07
7.90674e+08,0,0,0,0,2.54837e+07,756573,0,1.29767e+07
7.91431e+08,0,0,0,0,2.54868e+07,756665,0,1.29767e+07
7.92188e+08,0,0,0,0,2.54899e+07,756758,0,1.29767e+07
7.92983e+08,0,0,0,0,2.67845e+07,795185,0,1.29767e+07
7.93778e+08,0,0,0,0,2.67878e+07,795282,0,1.29767e+07
7.94573e+08,0,0,0,0,2.67911e+07,795380,0,1.29767e+07
7.95369e+08,0,0,0,0,2.67944e+07,795477,0,1.29767e+07
7.96164e+08,0,0,0,0,2.67976e+07,795575,0,1.29767e+07
7.96967e+08,0,0,0,0,2.70465e+07,802916,0,1.29767e+07
7.9777e+08,0,0,0,0,2.70498e+07,803015,0,1.29767e+07
7.98573e+08,0,0,0,0,2.70531e+07,803113,0,1.29767e+07
7.99377e+08,0,0,0,0,2.70564e+07,803211,0,1.29767e+07
8.00199e+08,0,0,0,0,2.7706e+07,822494,0,1.29767e+07
8.01022e+08,0,0,0,0,2.77094e+07,822595,0,1.29767e+07
8.01844e+08,0,0,0,0,2.77128e+07,822696,0,1.29767e+07
8.02667e+08,0,0,0,0,2.77162e+07,822797,0,1.29767e+07
8.03553e+08,0,0,0,0,2.9837e+07,885731,0,1.29767e+07
8.04439e+08,0,0,0,0,2.98407e+07,885840,0,1.29767e+07
8.05325e+08,0,0,0,0,2.98444e+07,885948,0,1.29767e+07
8.06211e+08,0,0,0,0,2.9848e+07,886057,0,1.29767e+07
8.07097e+08,0,0,0,0,2.98517e+07,886165,0,1.29767e+07
8.07948e+08,0,0,0,0,2.86807e+07,851430,0,1.29767e+07
8.088e+08,0,0,0,0,2.86842e+07,851534,0,1.29767e+07
8.09652e+08,0,0,0,0,2.86878e+07,851639,0,1.29767e+07
8.10503e+08,0,0,0,0,2.86913e+07,851743,0,1.29767e+07
8.11325e+08,0,0,0,0,2.76657e+07,821324,0,1.29767e+07
8.12146e+08,0,0,0,0,2.76691e+07,821425,0,1.29767e+07
8.12968e+08,0,0,0,0,2.76725e+07,821526,0,1.29767e+07
8.13789e+08,0,0,0,0,2.76759e+07,821626,0,1.29767e+07
8.14539e+08,0,0,0,0,2.52525e+07,749714,0,1.29767e+07
8.15289e+08,0,0,0,0,2.52556e+07,749806,0,1.29767e+07
8.15641e+08,0,0,0,0,2.58778e+07,351933,0,1.29767e+07
8.16391e+08,0,0,0,0,2.52618e+07,749990,0,1.29767e+07
8.17141e+08,0,0,0,0,2.52649e+07,750082,0,1.29767e+07
8.17915e+08,0,0,0,0,2.60718e+07,774036,0,1.29767e+07
8.18689e+08,0,0,0,0,2.60747e+07,774125,0,1.29767e+07
8.19463e+08,0,0,0,0,2.60777e+07,774213,0,1.29767e+07
8.20237e+08,0,0,0,0,2.60807e+07,774302,0,1.29767e+07
8.21095e+08,0,0,0,0,2.88815e+07,857429,0,1.29767e+07
8.21952e+08,0,0,0,0,2.88848e+07,857527,0,1.29767e+07
8.2281e+08,0,0,0,0,2.88881e+07,857624,0,1.29767e+07
8.23668e+08,0,0,0,0,2.88914e+07,857722,0,1.29767e+07
8.24411e+08,0,0,0,0,2.50278e+07,743041,0,1.29767e+07
8.25154e+08,0,0,0,0,2.50307e+07,743126,0,1.29767e+07
8.25897e+08,0,0,0,0,2.50335e+07,743211,0,1.29767e+07
8.2664e+08,0,0,0,0,2.50364e+07,743296,0,1.29767e+07
8.27384e+08,0,0,0,0,2.50392e+07,743380,0,1.29767e+07
8.28156e+08,0,0,0,0,2.60018e+07,771955,0,1.29767e+07
8.28928e+08,0,0,0,0,2.60048e+07,772043,0,1.29767e+07
8.297e+08,0,0,0,0,2.60078e+07,772131,0,1.29767e+07
8.30472e+08,0,0,0,0,2.60107e+07,772219,0,1.29767e+07
8.31233e+08,0,0,0,0,2.56396e+07,761201,0,1.29767e+07
8.31995e+08,0,0,0,0,2.56425e+07,761288,0,1.29767e+07
8.32756e+08,0,0,0,0,2.56454e+07,761374,0,1.29767e+07
8.33517e+08,0,0,0,0,2.56483e+07,761461,0,1.29767e+07
8.34318e+08,0,0,0,0,2.69507e+07,800120,0,1.29767e+07
8.35118e+08,0,0,0,0,2.69538e+07,800211,0,1.29767e+07
8.35918e+08,0,0,0,0,2.69569e+07,800303,0,1.29767e+07
8.36719e+08,0,0,0,0,2.696e+07,800394,0,1.29767e+07
8.37519e+08,0,0,0,0,2.69631e+07,800485,0,1.29767e+07
8.38327e+08,0,0,0,0,2.72132e+07,807865,0,1.29767e+07
8.39135e+08,0,0,0,0,2.72163e+07,807957,0,1.29767e+07
8.39943e+08,0,0,0,0,2.72194e+07,808050,0,1.29767e+07
8.40751e+08,0,0,0,0,2.72225e+07,808142,0,1.29767e+07
8.41579e+08,0,0,0,0,2.78759e+07,827536,0,1.29767e+07
8.42406e+08,0,0,0,0,2.78791e+07,827630,0,1.29767e+07
8.43234e+08,0,0,0,0,2.78822e+07,827725,0,1.29767e+07
8.44062e+08,0,0,0,0,2.78854e+07,827819,0,1.29767e+07
8.43879e+08,0,0,0,0,2.89447e+07,-183119,0,1.29767e+07
8.43695e+08,0,0,0,0,2.8948e+07,-183140,0,1.29767e+07
8.43512e+08,0,0,0,0,2.89513e+07,-183161,0,1.29767e+07
8.43329e+08,0,0,0,0,2.89546e+07,-183182,0,1.29767e+07
8.43146e+08,0,0,0,0,2.89579e+07,-183203,0,1.29767e+07
8.44003e+08,0,0,0,0,2.88544e+07,856584,0,1.29767e+07
8.44859e+08,0,0,0,0,2.88576e+07,856682,0,1.29767e+07
8.45716e+08,0,0,0,0,2.88609e+07,856780,0,1.29767e+07
8.46573e+08,0,0,0,0,2.88642e+07,856877,0,1.29767e+07
8.47399e+08,0,0,0,0,2.78322e+07,826269,0,1.29767e+07
8.48225e+08,0,0,0,0,2.78354e+07,826363,0,1.29767e+07
8.49052e+08,0,0,0,0,2.78386e+07,826457,0,1.29767e+07
8.49878e+08,0,0,0,0,2.78418e+07,826551,0,1.29767e+07
8.50633e+08,0,0,0,0,2.54036e+07,754202,0,1.29767e+07
8.51013e+08,0,0,0,0,2.59884e+07,380269,0,1.29767e+07
8.51394e+08,0,0,0,0,2.59906e+07,380823,0,1.29767e+07
8.51775e+08,0,0,0,0,2.59928e+07,381378,0,1.29767e+07
8.52157e+08,0,0,0,0,2.59949e+07,381933,0,1.29767e+07
8.52564e+08,0,0,0,0,2.68057e+07,406492,0,1.29767e+07
8.53104e+08,0,0,0,0,2.6601e+07,539950,0,1.29767e+07
8.53644e+08,0,0,0,0,2.6603e+07,540483,0,1.29767e+07
8.54185e+08,0,0,0,0,2.66051e+07,541015,0,1.29767e+07
8.5481e+08,0,0,0,0,2.94215e+07,625077,0,1.29767e+07
8.55673e+08,0,0,0,0,2.90552e+07,862588,0,1.29767e+07
8.56535e+08,0,0,0,0,2.90583e+07,862679,0,1.29767e+07
8.57398e+08,0,0,0,0,2.90614e+07,862771,0,1.29767e+07
8.58146e+08,0,0,0,0,2.51749e+07,747408,0,1.29767e+07
8.58893e+08,0,0,0,0,2.51776e+07,747487,0,1.29767e+07
8.59641e+08,0,0,0,0,2.51802e+07,747567,0,1.29767e+07
8.60388e+08,0,0,0,0,2.51829e+07,747646,0,1.29767e+07
8.61136e+08,0,0,0,0,2.51856e+07,747725,0,1.29767e+07
8.61912e+08,0,0,0,0,2.61536e+07,776460,0,1.29767e+07
8.62689e+08,0,0,0,0,2.61564e+07,776542,0,1.29767e+07
8.63466e+08,0,0,0,0,2.61591e+07,776624,0,1.29767e+07
8.64242e+08,0,0,0,0,2.61619e+07,776707,0,1.29767e+07
8.65008e+08,0,0,0,0,2.57883e+07,765618,0,1.29767e+07
8.65774e+08,0,0,0,0,2.57911e+07,765699,0,1.29767e+07
8.66539e+08,0,0,0,0,2.57938e+07,765780,0,1.29767e+07
8.67305e+08,0,0,0,0,2.57965e+07,765861,0,1.29767e+07
8.6811e+08,0,0,0,0,2.71063e+07,804737,0,1.29767e+07
8.68915e+08,0,0,0,0,2.71091e+07,804822,0,1.29767e+07
8.6972e+08,0,0,0,0,2.7112e+07,804907,0,1.29767e+07
8.70525e+08,0,0,0,0,2.71149e+07,804992,0,1.29767e+07
8.7133e+08,0,0,0,0,2.71177e+07,805078,0,1.29767e+07
8.72142e+08,0,0,0,0,2.73691e+07,812493,0,1.29767e+07
8.72955e+08,0,0,0,0,2.7372e+07,812579,0,1.29767e+07
8.73768e+08,0,0,0,0,2.73749e+07,812665,0,1.29767e+07
8.7458e+08,0,0,0,0,2.73778e+07,812751,0,1.29767e+07
8.75413e+08,0,0,0,0,2.80346e+07,832249,0,1.29767e+07
8.76245e+08,0,0,0,0,2.80376e+07,832338,0,1.29767e+07
8.77077e+08,0,0,0,0,2.80406e+07,832426,0,1.29767e+07
8.7791e+08,0,0,0,0,2.80436e+07,832514,0,1.29767e+07
8.77726e+08,0,0,0,0,2.91086e+07,-184156,0,1.29767e+07
8.77541e+08,0,0,0,0,2.91117e+07,-184176,0,1.29767e+07
8.77357e+08,0,0,0,0,2.91147e+07,-184195,0,1.29767e+07
8.77173e+08,0,0,0,0,2.91178e+07,-184215,0,1.29767e+07
8.76989e+08,0,0,0,0,2.91209e+07,-184234,0,1.29767e+07
8.7785e+08,0,0,0,0,2.90166e+07,861399,0,1.29767e+07
8.78712e+08,0,0,0,0,2.90196e+07,861491,0,1.29767e+07
8.79573e+08,0,0,0,0,2.90227e+07,861582,0,1.29767e+07
8.80435e+08,0,0,0,0,2.90258e+07,861673,0,1.29767e+07
8.81266e+08,0,0,0,0,2.79878e+07,830886,0,1.29767e+07
8.82097e+08,0,0,0,0,2.79907e+07,830974,0,1.29767e+07
8.82928e+08,0,0,0,0,2.79937e+07,831062,0,1.29767e+07
8.83759e+08,0,0,0,0,2.79967e+07,831150,0,1.29767e+07
8.84517e+08,0,0,0,0,2.55448e+07,758392,0,1.29767e+07
8.85276e+08,0,0,0,0,2.55475e+07,758472,0,1.29767e+07
8.86034e+08,0,0,0,0,2.55502e+07,758552,0,1.29767e+07
8.86793e+08,0,0,0,0,2.55529e+07,758633,0,1.29767e+07
8.87552e+08,0,0,0,0,2.55556e+07,758713,0,1.29767e+07
8.88311e+08,0,0,0,0,2.55556e+07,758713,0,1.29767e+07
8.89093e+08,0,0,0,0,2.63713e+07,782931,0,1.29767e+07
8.89876e+08,0,0,0,0,2.63739e+07,783007,0,1.29767e+07
8.9066e+08,0,0,0,0,2.63765e+07,783084,0,1.29767e+07
8.91443e+08,0,0,0,0,2.63791e+07,783161,0,1.29767e+07
8.9231e+08,0,0,0,0,2.92114e+07,867225,0,1.29767e+07
8.93177e+08,0,0,0,0,2.92143e+07,867310,0,1.29767e+07
8.94045e+08,0,0,0,0,2.92171e+07,867394,0,1.29767e+07
8.94912e+08,0,0,0,0,2.922e+07,867479,0,1.29767e+07
8.95664e+08,0,0,0,0,2.53121e+07,751481,0,1.29767e+07
8.96415e+08,0,0,0,0,2.53146e+07,751555,0,1.29767e+07
8.97167e+08,0,0,0,0,2.5317e+07,751628,0,1.29767e+07
8.97918e+08,0,0,0,0,2.53195e+07,751702,0,1.29767e+07
8.9867e+08,0,0,0,0,2.5322e+07,751776,0,1.29767e+07
8.99451e+08,0,0,0,0,2.62951e+07,780660,0,1.29767e+07
9.00232e+08,0,0,0,0,2.62976e+07,780736,0,1.29767e+07
9.01012e+08,0,0,0,0,2.63002e+07,780813,0,1.29767e+07
9.01793e+08,0,0,0,0,2.63028e+07,780889,0,1.29767e+07
9.02563e+08,0,0,0,0,2.5927e+07,769734,0,1.29767e+07
9.03333e+08,0,0,0,0,2.59295e+07,769810,0,1.29767e+07
9.04103e+08,0,0,0,0,2.59321e+07,769885,0,1.29767e+07
9.04873e+08,0,0,0,0,2.59346e+07,769960,0,1.29767e+07
9.05682e+08,0,0,0,0,2.72511e+07,809037,0,1.29767e+07
9.06491e+08,0,0,0,0,2.72538e+07,809117,0,1.29767e+07
9.073e+08,0,0,0,0,2.72564e+07,809196,0,1.29767e+07
9.08109e+08,0,0,0,0,2.72591e+07,809275,0,1.29767e+07
9.08919e+08,0,0,0,0,2.72618e+07,809354,0,1.29767e+07
9.09736e+08,0,0,0,0,2.75143e+07,816802,0,1.29767e+07
9.10552e+08,0,0,0,0,2.7517e+07,816882,0,1.29767e+07
9.11369e+08,0,0,0,0,2.75196e+07,816962,0,1.29767e+07
9.12186e+08,0,0,0,0,2.75223e+07,817042,0,1.29767e+07
9.13023e+08,0,0,0,0,2.81824e+07,836636,0,1.29767e+07
9.1386e+08,0,0,0,0,2.81852e+07,836718,0,1.29767e+07
9.14697e+08,0,0,0,0,2.81879e+07,836800,0,1.29767e+07
9.15533e+08,0,0,0,0,2.81907e+07,836882,0,1.29767e+07
9.15348e+08,0,0,0,0,2.92611e+07,-185121,0,1.29767e+07
9.15163e+08,0,0,0,0,2.92639e+07,-185139,0,1.29767e+07
9.14978e+08,0,0,0,0,2.92668e+07,-185157,0,1.29767e+07
9.14793e+08,0,0,0,0,2.92697e+07,-185175,0,1.29767e+07
9.14608e+08,0,0,0,0,2.92725e+07,-185194,0,1.29767e+07
9.15474e+08,0,0,0,0,2.91674e+07,865877,0,1.29767e+07
9.1634e+08,0,0,0,0,2.91702e+07,865962,0,1.29767e+07
9.17206e+08,0,0,0,0,2.91731e+07,866047,0,1.29767e+07
9.18072e+08,0,0,0,0,2.9176e+07,866131,0,1.29767e+07
9.18907e+08,0,0,0,0,2.81324e+07,835178,0,1.29767e+07
9.19742e+08,0,0,0,0,2.81351e+07,835260,0,1.29767e+07
9.20577e+08,0,0,0,0,2.81379e+07,835342,0,1.29767e+07
9.21413e+08,0,0,0,0,2.81406e+07,835424,0,1.29767e+07
9.22175e+08,0,0,0,0,2.56759e+07,762285,0,1.29767e+07
9.22608e+08,0,0,0,0,2.61918e+07,432375,0,1.29767e+07
9.2304e+08,0,0,0,0,2.61937e+07,432855,0,1.29767e+07
9.23803e+08,0,0,0,0,2.56834e+07,762509,0,1.29767e+07
9.24566e+08,0,0,0,0,2.56859e+07,762583,0,1.29767e+07
9.25352e+08,0,0,0,0,2.65056e+07,786918,0,1.29767e+07
9.26139e+08,0,0,0,0,2.6508e+07,786989,0,1.29767e+07
9.26926e+08,0,0,0,0,2.65104e+07,787060,0,1.29767e+07
9.27714e+08,0,0,0,0,2.65128e+07,787131,0,1.29767e+07
9.28585e+08,0,0,0,0,2.93593e+07,871614,0,1.29767e+07
9.29457e+08,0,0,0,0,2.93619e+07,871692,0,1.29767e+07
9.30329e+08,0,0,0,0,2.93646e+07,871771,0,1.29767e+07
9.31201e+08,0,0,0,0,2.93672e+07,871849,0,1.29767e+07
9.31956e+08,0,0,0,0,2.54394e+07,755261,0,1.29767e+07
9.32711e+08,0,0,0,0,2.54417e+07,755328,0,1.29767e+07
9.33467e+08,0,0,0,0,2.5444e+07,755396,0,1.29767e+07
9.34222e+08,0,0,0,0,2.54463e+07,755464,0,1.29767e+07
9.34978e+08,0,0,0,0,2.54485e+07,755532,0,1.29767e+07
9.35762e+08,0,0,0,0,2.64262e+07,784555,0,1.29767e+07
9.36547e+08,0,0,0,0,2.64286e+07,784625,0,1.29767e+07
9.37331e+08,0,0,0,0,2.6431e+07,784696,0,1.29767e+07
9.38116e+08,0,0,0,0,2.64334e+07,784766,0,1.29767e+07
9.3889e+08,0,0,0,0,2.60555e+07,773550,0,1.29767e+07
9.39663e+08,0,0,0,0,2.60579e+07,773620,0,1.29767e+07
9.40437e+08,0,0,0,0,2.60602e+07,773689,0,1.29767e+07
9.41211e+08,0,0,0,0,2.60626e+07,773759,0,1.29767e+07
9.42024e+08,0,0,0,0,2.73853e+07,813022,0,1.29767e+07
9.42837e+08,0,0,0,0,2.73878e+07,813095,0,1.29767e+07
9.4365e+08,0,0,0,0,2.73903e+07,813168,0,1.29767e+07
9.44463e+08,0,0,0,0,2.73927e+07,813241,0,1.29767e+07
9.45277e+08,0,0,0,0,2.73952e+07,813314,0,1.29767e+07
9.46097e+08,0,0,0,0,2.76487e+07,820793,0,1.29767e+07
9.46918e+08,0,0,0,0,2.76512e+07,820867,0,1.29767e+07
9.47739e+08,0,0,0,0,2.76536e+07,820940,0,1.29767e+07
9.4856e+08,0,0,0,0,2.76561e+07,821014,0,1.29767e+07
9.49401e+08,0,0,0,0,2.83192e+07,840697,0,1.29767e+07
9.50242e+08,0,0,0,0,2.83217e+07,840773,0,1.29767e+07
9.51083e+08,0,0,0,0,2.83243e+07,840848,0,1.29767e+07
9.51923e+08,0,0,0,0,2.83268e+07,840924,0,1.29767e+07
9.51737e+08,0,0,0,0,2.94022e+07,-186014,0,1.29767e+07
9.51551e+08,0,0,0,0,2.94048e+07,-186030,0,1.29767e+07
9.51365e+08,0,0,0,0,2.94074e+07,-186047,0,1.29767e+07
9.51179e+08,0,0,0,0,2.94101e+07,-186064,0,1.29767e+07
9.50993e+08,0,0,0,0,2.94127e+07,-186081,0,1.29767e+07
9.51863e+08,0,0,0,0,2.93069e+07,870017,0,1.29767e+07
9.52733e+08,0,0,0,0,2.93095e+07,870096,0,1.29767e+07
9.53604e+08,0,0,0,0,2.93121e+07,870174,0,1.29767e+07
9.54474e+08,0,0,0,0,2.93148e+07,870252,0,1.29767e+07
9.55313e+08,0,0,0,0,2.8266e+07,839145,0,1.29767e+07
9.56152e+08,0,0,0,0,2.82685e+07,839221,0,1.29767e+07
9.56991e+08,0,0,0,0,2.82711e+07,839296,0,1.29767e+07
9.57831e+08,0,0,0,0,2.82736e+07,839371,0,1.29767e+07
9.58597e+08,0,0,0,0,2.5797e+07,765881,0,1.29767e+07
9.59363e+08,0,0,0,0,2.57993e+07,765950,0,1.29767e+07
9.60129e+08,0,0,0,0,2.58017e+07,766019,0,1.29767e+07
9.60585e+08,0,0,0,0,2.62857e+07,456443,0,1.29767e+07
9.61042e+08,0,0,0,0,2.62875e+07,456887,0,1.29767e+07
9.61524e+08,0,0,0,0,2.71102e+07,481705,0,1.29767e+07
9.62141e+08,0,0,0,0,2.69019e+07,617095,0,1.29767e+07
9.62932e+08,0,0,0,0,2.6634e+07,790729,0,1.29767e+07
9.63722e+08,0,0,0,0,2.66362e+07,790794,0,1.29767e+07
9.64598e+08,0,0,0,0,2.94957e+07,875664,0,1.29767e+07
9.65474e+08,0,0,0,0,2.94981e+07,875736,0,1.29767e+07
9.6635e+08,0,0,0,0,2.95005e+07,875808,0,1.29767e+07
9.67225e+08,0,0,0,0,2.9503e+07,875879,0,1.29767e+07
9.67984e+08,0,0,0,0,2.55568e+07,758746,0,1.29767e+07
9.68743e+08,0,0,0,0,2.55589e+07,758808,0,1.29767e+07
9.69502e+08,0,0,0,0,2.5561e+07,758871,0,1.29767e+07
9.70261e+08,0,0,0,0,2.55631e+07,758933,0,1.29767e+07
9.7102e+08,0,0,0,0,2.55652e+07,758995,0,1.29767e+07
9.71808e+08,0,0,0,0,2.65472e+07,788145,0,1.29767e+07
9.72596e+08,0,0,0,0,2.65493e+07,788209,0,1.29767e+07
9.73384e+08,0,0,0,0,2.65515e+07,788274,0,1.29767e+07
9.74173e+08,0,0,0,0,2.65537e+07,788339,0,1.29767e+07
9.7495e+08,0,0,0,0,2.61739e+07,777065,0,1.29767e+07
9.75727e+08,0,0,0,0,2.61761e+07,777129,0,1.29767e+07
9.76504e+08,0,0,0,0,2.61782e+07,777193,0,1.29767e+07
9.77281e+08,0,0,0,0,2.61804e+07,777257,0,1.29767e+07
9.78098e+08,0,0,0,0,2.75089e+07,816691,0,1.29767e+07
9.78915e+08,0,0,0,0,2.75112e+07,816758,0,1.29767e+07
9.79732e+08,0,0,0,0,2.75134e+07,816825,0,1.29767e+07
9.80549e+08,0,0,0,0,2.75157e+07,816892,0,1.29767e+07
9.81365e+08,0,0,0,0,2.7518e+07,816959,0,1.29767e+07
9.8219e+08,0,0,0,0,2.77724e+07,824465,0,1.29767e+07
9.83014e+08,0,0,0,0,2.77747e+07,824533,0,1.29767e+07
9.83839e+08,0,0,0,0,2.77769e+07,824600,0,1.29767e+07
9.84664e+08,0,0,0,0,2.77792e+07,824668,0,1.29767e+07
9.85508e+08,0,0,0,0,2.8445e+07,844432,0,1.29767e+07
9.86353e+08,0,0,0,0,2.84473e+07,844501,0,1.29767e+07
9.87197e+08,0,0,0,0,2.84497e+07,844570,0,1.29767e+07
9.88042e+08,0,0,0,0,2.8452e+07,844640,0,1.29767e+07
9.87855e+08,0,0,0,0,2.95318e+07,-186834,0,1.29767e+07
9.87668e+08,0,0,0,0,2.95343e+07,-186850,0,1.29767e+07
9.87481e+08,0,0,0,0,2.95367e+07,-186865,0,1.29767e+07
9.87294e+08,0,0,0,0,2.95391e+07,-186880,0,1.29767e+07
9.87108e+08,0,0,0,0,2.95415e+07,-186896,0,1.29767e+07
9.87981e+08,0,0,0,0,2.9435e+07,873821,0,1.29767e+07
9.88855e+08,0,0,0,0,2.94374e+07,873893,0,1.29767e+07
9.89729e+08,0,0,0,0,2.94398e+07,873965,0,1.29767e+07
9.90603e+08,0,0,0,0,2.94422e+07,874036,0,1.29767e+07
9.91446e+08,0,0,0,0,2.83887e+07,842787,0,1.29767e+07
9.92289e+08,0,0,0,0,2.8391e+07,842857,0,1.29767e+07
9.93132e+08,0,0,0,0,2.83933e+07,842926,0,1.29767e+07
9.93975e+08,0,0,0,0,2.83957e+07,842995,0,1.29767e+07
9.94744e+08,0,0,0,0,2.59082e+07,769182,0,1.29767e+07
9.95513e+08,0,0,0,0,2.59103e+07,769245,0,1.29767e+07
9.96283e+08,0,0,0,0,2.59124e+07,769308,0,1.29767e+07
9.97052e+08,0,0,0,0,2.59146e+07,769371,0,1.29767e+07
9.97821e+08,0,0,0,0,2.59167e+07,769434,0,1.29767e+07
9.98615e+08,0,0,0,0,2.67434e+07,793975,0,1.29767e+07
9.99409e+08,0,0,0,0,2.67453e+07,794034,0,1.29767e+07
1.0002e+09,0,0,0,0,2.67473e+07,794094,0,1.29767e+07
1.001e+09,0,0,0,0,2.67493e+07,794153,0,1.29767e+07
1.00188e+09,0,0,0,0,2.96207e+07,879376,0,1.29767e+07
1.00276e+09,0,0,0,0,2.96229e+07,879442,0,1.29767e+07
1.00364e+09,0,0,0,0,2.96252e+07,879507,0,1.29767e+07
1.00452e+09,0,0,0,0,2.96274e+07,879573,0,1.29767e+07
1.00528e+09,0,0,0,0,2.56644e+07,761940,0,1.29767e+07
1.00604e+09,0,0,0,0,2.56663e+07,761996,0,1.29767e+07
1.0068e+09,0,0,0,0,2.56682e+07,762053,0,1.29767e+07
1.00756e+09,0,0,0,0,2.56701e+07,762110,0,1.29767e+07
1.00833e+09,0,0,0,0,2.5672e+07,762167,0,1.29767e+07
1.00912e+09,0,0,0,0,2.66579e+07,791432,0,1.29767e+07
1.00991e+09,0,0,0,0,2.66599e+07,791491,0,1.29767e+07
1.0107e+09,0,0,0,0,2.66619e+07,791550,0,1.29767e+07
1.01149e+09,0,0,0,0,2.66638e+07,791609,0,1.29767e+07
1.01227e+09,0,0,0,0,2.62823e+07,780283,0,1.29767e+07
1.01305e+09,0,0,0,0,2.62843e+07,780341,0,1.29767e+07
1.01383e+09,0,0,0,0,2.62862e+07,780399,0,1.29767e+07
1.01461e+09,0,0,0,0,2.62882e+07,780457,0,1.29767e+07
1.01543e+09,0,0,0,0,2.7622e+07,820048,0,1.29767e+07
1.01625e+09,0,0,0,0,2.7624e+07,820109,0,1.29767e+07
1.01707e+09,0,0,0,0,2.76261e+07,820170,0,1.29767e+07
1.01789e+09,0,0,0,0,2.76281e+07,820231,0,1.29767e+07
1.01871e+09,0,0,0,0,2.76302e+07,820292,0,1.29767e+07
1.01954e+09,0,0,0,0,2.78854e+07,827822,0,1.29767e+07
1.02037e+09,0,0,0,0,2.78875e+07,827883,0,1.29767e+07
1.0212e+09,0,0,0,0,2.78896e+07,827945,0,1.29767e+07
1.02203e+09,0,0,0,0,2.78917e+07,828007,0,1.29767e+07
1.02287e+09,0,0,0,0,2.85599e+07,847844,0,1.29767e+07
1.02372e+09,0,0,0,0,2.85621e+07,847907,0,1.29767e+07
1.02457e+09,0,0,0,0,2.85642e+07,847970,0,1.29767e+07
1.02542e+09,0,0,0,0,2.85663e+07,848033,0,1.29767e+07
1.02523e+09,0,0,0,0,2.96503e+07,-187583,0,1.29767e+07
1.02504e+09,0,0,0,0,2.96525e+07,-187597,0,1.29767e+07
1.02485e+09,0,0,0,0,2.96547e+07,-187611,0,1.29767e+07
1.02467e+09,0,0,0,0,2.96569e+07,-187625,0,1.29767e+07
1.02448e+09,0,0,0,0,2.96591e+07,-187639,0,1.29767e+07
1.02536e+09,0,0,0,0,2.95519e+07,877292,0,1.29767e+07
1.02623e+09,0,0,0,0,2.95541e+07,877357,0,1.29767e+07
1.02711e+09,0,0,0,0,2.95563e+07,877423,0,1.29767e+07
1.02799e+09,0,0,0,0,2.95585e+07,877488,0,1.29767e+07
1.02884e+09,0,0,0,0,2.85006e+07,846109,0,1.29767e+07
1.02968e+09,0,0,0,0,2.85027e+07,846172,0,1.29767e+07
1.03053e+09,0,0,0,0,2.85048e+07,846235,0,1.29767e+07
1.03137e+09,0,0,0,0,2.85069e+07,846298,0,1.29767e+07
1.03215e+09,0,0,0,0,2.60095e+07,772190,0,1.29767e+07
1.03292e+09,0,0,0,0,2.60115e+07,772247,0,1.29767e+07
1.03369e+09,0,0,0,0,2.60134e+07,772305,0,1.29767e+07
1.03446e+09,0,0,0,0,2.60153e+07,772362,0,1.29767e+07
1.03524e+09,0,0,0,0,2.60173e+07,772420,0,1.29767e+07
1.03603e+09,0,0,0,0,2.68469e+07,797050,0,1.29767e+07
1.03683e+09,0,0,0,0,2.68487e+07,797104,0,1.29767e+07
1.03763e+09,0,0,0,0,2.68505e+07,797157,0,1.29767e+07
1.03842e+09,0,0,0,0,2.68523e+07,797210,0,1.29767e+07
1.03931e+09,0,0,0,0,2.97346e+07,882755,0,1.29767e+07
1.04019e+09,0,0,0,0,2.97365e+07,882814,0,1.29767e+07
1.04107e+09,0,0,0,0,2.97385e+07,882873,0,1.29767e+07
1.04196e+09,0,0,0,0,2.97405e+07,882933,0,1.29767e+07
1.04272e+09,0,0,0,0,2.57622e+07,764844,0,1.29767e+07
1.04349e+09,0,0,0,0,2.57639e+07,764896,0,1.29767e+07
1.04425e+09,0,0,0,0,2.57657e+07,764947,0,1.29767e+07
1.04502e+09,0,0,0,0,2.57674e+07,764998,0,1.29767e+07
1.04578e+09,0,0,0,0,2.57691e+07,765049,0,1.29767e+07
1.04657e+09,0,0,0,0,2.67585e+07,794419,0,1.29767e+07
1.04737e+09,0,0,0,0,2.67603e+07,794472,0,1.29767e+07
1.04816e+09,0,0,0,0,2.67621e+07,794525,0,1.29767e+07
1.04896e+09,0,0,0,0,2.67639e+07,794579,0,1.29767e+07
1.04974e+09,0,0,0,0,2.63807e+07,783204,0,1.29767e+07
1.05052e+09,0,0,0,0,2.63825e+07,783257,0,1.29767e+07
1.05131e+09,0,0,0,0,2.63842e+07,783309,0,1.29767e+07
1.05209e+09,0,0,0,0,2.6386e+07,783361,0,1.29767e+07
1.05291e+09,0,0,0,0,2.77246e+07,823093,0,1.29767e+07
1.05374e+09,0,0,0,0,2.77264e+07,823148,0,1.29767e+07
1.05456e+09,0,0,0,0,2.77283e+07,823203,0,1.29767e+07
1.05538e+09,0,0,0,0,2.77301e+07,823258,0,1.29767e+07
1.05621e+09,0,0,0,0,2.7732e+07,823314,0,1.29767e+07
1.05704e+09,0,0,0,0,2.7988e+07,830865,0,1.29767e+07
1.05787e+09,0,0,0,0,2.79898e+07,830920,0,1.29767e+07
1.0587e+09,0,0,0,0,2.79917e+07,830976,0,1.29767e+07
1.05953e+09,0,0,0,0,2.79936e+07,831032,0,1.29767e+07
1.06038e+09,0,0,0,0,2.86641e+07,850935,0,1.29767e+07
1.06123e+09,0,0,0,0,2.8666e+07,850992,0,1.29767e+07
1.06208e+09,0,0,0,0,2.86679e+07,851049,0,1.29767e+07
1.06294e+09,0,0,0,0,2.86698e+07,851106,0,1.29767e+07
1.06275e+09,0,0,0,0,2.97575e+07,-188262,0,1.29767e+07
1.06256e+09,0,0,0,0,2.97595e+07,-188274,0,1.29767e+07
1.06237e+09,0,0,0,0,2.97615e+07,-188287,0,1.29767e+07
1.06218e+09,0,0,0,0,2.97635e+07,-188299,0,1.29767e+07
1.06199e+09,0,0,0,0,2.97655e+07,-188312,0,1.29767e+07
1.06287e+09,0,0,0,0,2.96576e+07,880431,0,1.29767e+07
1.06375e+09,0,0,0,0,2.96596e+07,880490,0,1.29767e+07
1.06464e+09,0,0,0,0,2.96616e+07,880549,0,1.29767e+07
1.06552e+09,0,0,0,0,2.96636e+07,880608,0,1.29767e+07
1.06636e+09,0,0,0,0,2.86017e+07,849111,0,1.29767e+07
1.06721e+09,0,0,0,0,2.86036e+07,849168,0,1.29767e+07
1.06806e+09,0,0,0,0,2.86055e+07,849225,0,1.29767e+07
1.06891e+09,0,0,0,0,2.86074e+07,849281,0,1.29767e+07
1.06969e+09,0,0,0,0,2.6101e+07,774906,0,1.29767e+07
1.07046e+09,0,0,0,0,2.61027e+07,774958,0,1.29767e+07
1.07098e+09,0,0,0,0,2.65105e+07,514061,0,1.29767e+07
1.07149e+09,0,0,0,0,2.65118e+07,514395,0,1.29767e+07
1.07201e+09,0,0,0,0,2.65131e+07,514730,0,1.29767e+07
1.07255e+09,0,0,0,0,2.7345e+07,539722,0,1.29767e+07
1.07322e+09,0,0,0,0,2.71338e+07,676578,0,1.29767e+07
1.0739e+09,0,0,0,0,2.7135e+07,676885,0,1.29767e+07
1.0747e+09,0,0,0,0,2.69451e+07,799966,0,1.29767e+07
1.07558e+09,0,0,0,0,2.98371e+07,885800,0,1.29767e+07
1.07647e+09,0,0,0,0,2.98389e+07,885853,0,1.29767e+07
1.07736e+09,0,0,0,0,2.98407e+07,885905,0,1.29767e+07
1.07824e+09,0,0,0,0,2.98424e+07,885958,0,1.29767e+07
1.07901e+09,0,0,0,0,2.58503e+07,767460,0,1.29767e+07
1.07978e+09,0,0,0,0,2.58518e+07,767505,0,1.29767e+07
1.08054e+09,0,0,0,0,2.58534e+07,767551,0,1.29767e+07
1.08131e+09,0,0,0,0,2.58549e+07,767596,0,1.29767e+07
1.08208e+09,0,0,0,0,2.58564e+07,767642,0,1.29767e+07
1.08288e+09,0,0,0,0,2.6849e+07,797105,0,1.29767e+07
1.08367e+09,0,0,0,0,2.68506e+07,797153,0,1.29767e+07
1.08447e+09,0,0,0,0,2.68522e+07,797200,0,1.29767e+07
1.08527e+09,0,0,0,0,2.68538e+07,797247,0,1.29767e+07
1.08605e+09,0,0,0,0,2.64691e+07,785829,0,1.29767e+07
1.08684e+09,0,0,0,0,2.64707e+07,785875,0,1.29767e+07
1.08763e+09,0,0,0,0,2.64723e+07,785922,0,1.29767e+07
1.08841e+09,0,0,0,0,2.64738e+07,785969,0,1.29767e+07
1.08924e+09,0,0,0,0,2.78166e+07,825827,0,1.29767e+07
1.09006e+09,0,0,0,0,2.78183e+07,825876,0,1.29767e+07
1.09089e+09,0,0,0,0,2.78199e+07,825925,0,1.29767e+07
1.09172e+09,0,0,0,0,2.78216e+07,825974,0,1.29767e+07
1.09254e+09,0,0,0,0,2.78232e+07,826023,0,1.29767e+07
1.09338e+09,0,0,0,0,2.80798e+07,833593,0,1.29767e+07
1.09421e+09,0,0,0,0,2.80815e+07,833642,0,1.29767e+07
1.09504e+09,0,0,0,0,2.80832e+07,833692,0,1.29767e+07
1.09588e+09,0,0,0,0,2.80848e+07,833741,0,1.29767e+07
1.09673e+09,0,0,0,0,2.87573e+07,853703,0,1.29767e+07
1.09758e+09,0,0,0,0,2.8759e+07,853754,0,1.29767e+07
1.09844e+09,0,0,0,0,2.87607e+07,853805,0,1.29767e+07
1.09929e+09,0,0,0,0,2.87624e+07,853855,0,1.29767e+07
1.0991e+09,0,0,0,0,2.98534e+07,-188868,0,1.29767e+07
1.09891e+09,0,0,0,0,2.98552e+07,-188880,0,1.29767e+07
1.09873e+09,0,0,0,0,2.98569e+07,-188891,0,1.29767e+07
1.09854e+09,0,0,0,0,2.98587e+07,-188902,0,1.29767e+07
1.09835e+09,0,0,0,0,2.98605e+07,-188913,0,1.29767e+07
1.09923e+09,0,0,0,0,2.97521e+07,883235,0,1.29767e+07
1.10011e+09,0,0,0,0,2.97539e+07,883287,0,1.29767e+07
1.101e+09,0,0,0,0,2.97556e+07,883340,0,1.29767e+07
1.10188e+09,0,0,0,0,2.97574e+07,883392,0,1.29767e+07
1.10273e+09,0,0,0,0,2.86919e+07,851790,0,1.29767e+07
1.10358e+09,0,0,0,0,2.86936e+07,851840,0,1.29767e+07
1.10444e+09,0,0,0,0,2.86953e+07,851891,0,1.29767e+07
1.10529e+09,0,0,0,0,2.8697e+07,851942,0,1.29767e+07
1.10607e+09,0,0,0,0,2.61826e+07,777327,0,1.29767e+07
1.10684e+09,0,0,0,0,2.61841e+07,777373,0,1.29767e+07
1.10762e+09,0,0,0,0,2.61857e+07,777420,0,1.29767e+07
1.1084e+09,0,0,0,0,2.61872e+07,777466,0,1.29767e+07
1.10918e+09,0,0,0,0,2.61888e+07,777512,0,1.29767e+07
1.10995e+09,0,0,0,0,2.61888e+07,777512,0,1.29767e+07
1.11075e+09,0,0,0,0,2.70235e+07,802293,0,1.29767e+07
1.11156e+09,0,0,0,0,2.70249e+07,802334,0,1.29767e+07
1.11236e+09,0,0,0,0,2.70263e+07,802376,0,1.29767e+07
1.11316e+09,0,0,0,0,2.70277e+07,802418,0,1.29767e+07
1.11405e+09,0,0,0,0,2.99283e+07,888508,0,1.29767e+07
1.11494e+09,0,0,0,0,2.99299e+07,888554,0,1.29767e+07
1.11583e+09,0,0,0,0,2.99314e+07,888600,0,1.29767e+07
1.11672e+09,0,0,0,0,2.9933e+07,888647,0,1.29767e+07
1.11749e+09,0,0,0,0,2.59285e+07,769783,0,1.29767e+07
1.11826e+09,0,0,0,0,2.59299e+07,769823,0,1.29767e+07
1.11903e+09,0,0,0,0,2.59312e+07,769863,0,1.29767e+07
1.1198e+09,0,0,0,0,2.59326e+07,769903,0,1.29767e+07
1.12057e+09,0,0,0,0,2.59339e+07,769943,0,1.29767e+07
1.12137e+09,0,0,0,0,2.69293e+07,799488,0,1.29767e+07
1.12216e+09,0,0,0,0,2.69307e+07,799530,0,1.29767e+07
1.12296e+09,0,0,0,0,2.69321e+07,799571,0,1.29767e+07
1.12376e+09,0,0,0,0,2.69335e+07,799613,0,1.29767e+07
1.12455e+09,0,0,0,0,2.65475e+07,788155,0,1.29767e+07
1.12534e+09,0,0,0,0,2.65488e+07,788196,0,1.29767e+07
1.12613e+09,0,0,0,0,2.65502e+07,788237,0,1.29767e+07
1.12692e+09,0,0,0,0,2.65516e+07,788278,0,1.29767e+07
1.12774e+09,0,0,0,0,2.78981e+07,828246,0,1.29767e+07
1.12857e+09,0,0,0,0,2.78996e+07,828289,0,1.29767e+07
1.1294e+09,0,0,0,0,2.7901e+07,828332,0,1.29767e+07
1.13023e+09,0,0,0,0,2.79025e+07,828375,0,1.29767e+07
1.13106e+09,0,0,0,0,2.79039e+07,828418,0,1.29767e+07
1.13189e+09,0,0,0,0,2.81611e+07,836004,0,1.29767e+07
1.13273e+09,0,0,0,0,2.81625e+07,836047,0,1.29767e+07
1.13357e+09,0,0,0,0,2.8164e+07,836091,0,1.29767e+07
1.1344e+09,0,0,0,0,2.81655e+07,836134,0,1.29767e+07
1.13526e+09,0,0,0,0,2.88396e+07,856147,0,1.29767e+07
1.13611e+09,0,0,0,0,2.88411e+07,856191,0,1.29767e+07
1.13697e+09,0,0,0,0,2.88426e+07,856236,0,1.29767e+07
1.13783e+09,0,0,0,0,2.88441e+07,856280,0,1.29767e+07
1.13764e+09,0,0,0,0,2.99379e+07,-189403,0,1.29767e+07
1.13745e+09,0,0,0,0,2.99395e+07,-189413,0,1.29767e+07
1.13726e+09,0,0,0,0,2.99411e+07,-189423,0,1.29767e+07
1.13707e+09,0,0,0,0,2.99426e+07,-189433,0,1.29767e+07
1.13688e+09,0,0,0,0,2.99442e+07,-189443,0,1.29767e+07
1.13777e+09,0,0,0,0,2.98353e+07,885704,0,1.29767e+07
1.13865e+09,0,0,0,0,2.98368e+07,885750,0,1.29767e+07
1.13954e+09,0,0,0,0,2.98384e+07,885796,0,1.29767e+07
1.14042e+09,0,0,0,0,2.98399e+07,885842,0,1.29767e+07
1.14128e+09,0,0,0,0,2.87712e+07,854145,0,1.29767e+07
1.14213e+09,0,0,0,0,2.87727e+07,854190,0,1.29767e+07
1.14299e+09,0,0,0,0,2.87742e+07,854234,0,1.29767e+07
1.14384e+09,0,0,0,0,2.87757e+07,854278,0,1.29767e+07
1.14462e+09,0,0,0,0,2.62542e+07,779454,0,1.29767e+07
1.1454e+09,0,0,0,0,2.62555e+07,779494,0,1.29767e+07
1.14618e+09,0,0,0,0,2.62569e+07,779535,0,1.29767e+07
1.14696e+09,0,0,0,0,2.62583e+07,779575,0,1.29767e+07
1.14774e+09,0,0,0,0,2.62596e+07,779616,0,1.29767e+07
1.14854e+09,0,0,0,0,2.70964e+07,804457,0,1.29767e+07
1.14935e+09,0,0,0,0,2.70976e+07,804493,0,1.29767e+07
1.15015e+09,0,0,0,0,2.70988e+07,804529,0,1.29767e+07
1.15096e+09,0,0,0,0,2.71e+07,804565,0,1.29767e+07
1.15185e+09,0,0,0,0,3.00082e+07,890879,0,1.29767e+07
1.15274e+09,0,0,0,0,3.00096e+07,890919,0,1.29767e+07
1.15363e+09,0,0,0,0,3.00109e+07,890959,0,1.29767e+07
1.15452e+09,0,0,0,0,3.00122e+07,890999,0,1.29767e+07
1.15529e+09,0,0,0,0,2.5997e+07,771814,0,1.29767e+07
1.15606e+09,0,0,0,0,2.59981e+07,771849,0,1.29767e+07
1.15684e+09,0,0,0,0,2.59993e+07,771883,0,1.29767e+07
1.15761e+09,0,0,0,0,2.60005e+07,771918,0,1.29767e+07
1.15838e+09,0,0,0,0,2.60016e+07,771952,0,1.29767e+07
1.15918e+09,0,0,0,0,2.69993e+07,801569,0,1.29767e+07
1.15998e+09,0,0,0,0,2.70006e+07,801605,0,1.29767e+07
1.16078e+09,0,0,0,0,2.70018e+07,801641,0,1.29767e+07
1.16159e+09,0,0,0,0,2.7003e+07,801677,0,1.29767e+07
1.16238e+09,0,0,0,0,2.66158e+07,790183,0,1.29767e+07
1.16317e+09,0,0,0,0,2.6617e+07,790218,0,1.29767e+07
1.16396e+09,0,0,0,0,2.66181e+07,790253,0,1.29767e+07
1.16475e+09,0,0,0,0,2.66193e+07,790289,0,1.29767e+07
1.16558e+09,0,0,0,0,2.79691e+07,830353,0,1.29767e+07
1.16641e+09,0,0,0,0,2.79704e+07,830390,0,1.29767e+07
1.16724e+09,0,0,0,0,2.79716e+07,830427,0,1.29767e+07
1.16807e+09,0,0,0,0,2.79728e+07,830464,0,1.29767e+07
1.1689e+09,0,0,0,0,2.79741e+07,830501,0,1.29767e+07
1.16974e+09,0,0,0,0,2.82317e+07,838100,0,1.29767e+07
1.17058e+09,0,0,0,0,2.82329e+07,838137,0,1.29767e+07
1.17141e+09,0,0,0,0,2.82342e+07,838175,0,1.29767e+07
1.17225e+09,0,0,0,0,2.82354e+07,838212,0,1.29767e+07
1.17311e+09,0,0,0,0,2.89111e+07,858268,0,1.29767e+07
1.17397e+09,0,0,0,0,2.89124e+07,858307,0,1.29767e+07
1.17483e+09,0,0,0,0,2.89137e+07,858345,0,1.29767e+07
1.17568e+09,0,0,0,0,2.8915e+07,858383,0,1.29767e+07
1.17549e+09,0,0,0,0,3.00113e+07,-189867,0,1.29767e+07
1.1753e+09,0,0,0,0,3.00126e+07,-189876,0,1.29767e+07
1.17512e+09,0,0,0,0,3.00139e+07,-189884,0,1.29767e+07
1.17493e+09,0,0,0,0,3.00153e+07,-189893,0,1.29767e+07
1.17474e+09,0,0,0,0,3.00166e+07,-189901,0,1.29767e+07
1.17562e+09,0,0,0,0,2.99072e+07,887840,0,1.29767e+07
1.17651e+09,0,0,0,0,2.99085e+07,887880,0,1.29767e+07
1.1774e+09,0,0,0,0,2.99099e+07,887919,0,1.29767e+07
1.17829e+09,0,0,0,0,2.99112e+07,887959,0,1.29767e+07
1.17914e+09,0,0,0,0,2.88398e+07,856180,0,1.29767e+07
1.18e+09,0,0,0,0,2.88411e+07,856218,0,1.29767e+07
1.18086e+09,0,0,0,0,2.88424e+07,856257,0,1.29767e+07
1.18171e+09,0,0,0,0,2.88437e+07,856295,0,1.29767e+07
1.18249e+09,0,0,0,0,2.6316e+07,781288,0,1.29767e+07
1.18327e+09,0,0,0,0,2.63171e+07,781323,0,1.29767e+07
1.18406e+09,0,0,0,0,2.63183e+07,781357,0,1.29767e+07
1.18484e+09,0,0,0,0,2.63195e+07,781392,0,1.29767e+07
1.18562e+09,0,0,0,0,2.63207e+07,781427,0,1.29767e+07
1.18642e+09,0,0,0,0,2.71592e+07,806321,0,1.29767e+07
1.18723e+09,0,0,0,0,2.71602e+07,806351,0,1.29767e+07
1.18804e+09,0,0,0,0,2.71612e+07,806381,0,1.29767e+07
1.18884e+09,0,0,0,0,2.71622e+07,806411,0,1.29767e+07
1.18974e+09,0,0,0,0,3.00768e+07,892917,0,1.29767e+07
1.19063e+09,0,0,0,0,3.0078e+07,892950,0,1.29767e+07
1.19152e+09,0,0,0,0,3.00791e+07,892984,0,1.29767e+07
1.19242e+09,0,0,0,0,3.00802e+07,893017,0,1.29767e+07
1.19319e+09,0,0,0,0,2.60557e+07,773557,0,1.29767e+07
1.19396e+09,0,0,0,0,2.60567e+07,773586,0,1.29767e+07
1.19474e+09,0,0,0,0,2.60576e+07,773615,0,1.29767e+07
1.19551e+09,0,0,0,0,2.60586e+07,773644,0,1.29767e+07
1.19628e+09,0,0,0,0,2.60596e+07,773673,0,1.29767e+07
1.19709e+09,0,0,0,0,2.70593e+07,803350,0,1.29767e+07
1.19789e+09,0,0,0,0,2.70603e+07,803380,0,1.29767e+07
1.19869e+09,0,0,0,0,2.70614e+07,803410,0,1.29767e+07
1.1995e+09,0,0,0,0,2.70624e+07,803440,0,1.29767e+07
1.20029e+09,0,0,0,0,2.66741e+07,791915,0,1.29767e+07
1.20108e+09,0,0,0,0,2.66751e+07,791945,0,1.29767e+07
1.20187e+09,0,0,0,0,2.66761e+07,791974,0,1.29767e+07
1.20267e+09,0,0,0,0,2.66771e+07,792004,0,1.29767e+07
1.2035e+09,0,0,0,0,2.80296e+07,832149,0,1.29767e+07
1.20433e+09,0,0,0,0,2.80307e+07,832180,0,1.29767e+07
1.20516e+09,0,0,0,0,2.80317e+07,832212,0,1.29767e+07
1.20599e+09,0,0,0,0,2.80327e+07,832243,0,1.29767e+07
1.20683e+09,0,0,0,0,2.80338e+07,832274,0,1.29767e+07
1.20767e+09,0,0,0,0,2.82917e+07,839882,0,1.29767e+07
1.20851e+09,0,0,0,0,2.82928e+07,839914,0,1.29767e+07
1.20935e+09,0,0,0,0,2.82938e+07,839945,0,1.29767e+07
1.21019e+09,0,0,0,0,2.82949e+07,839976,0,1.29767e+07
1.21105e+09,0,0,0,0,2.89717e+07,860069,0,1.29767e+07
1.21191e+09,0,0,0,0,2.89728e+07,860101,0,1.29767e+07
1.21277e+09,0,0,0,0,2.89739e+07,860133,0,1.29767e+07
1.21363e+09,0,0,0,0,2.8975e+07,860165,0,1.29767e+07
1.21344e+09,0,0,0,0,3.00733e+07,-190260,0,1.29767e+07
1.21325e+09,0,0,0,0,3.00745e+07,-190267,0,1.29767e+07
1.21306e+09,0,0,0,0,3.00756e+07,-190274,0,1.29767e+07
1.21287e+09,0,0,0,0,3.00767e+07,-190281,0,1.29767e+07
1.21268e+09,0,0,0,0,3.00778e+07,-190288,0,1.29767e+07
1.21356e+09,0,0,0,0,2.9968e+07,889644,0,1.29767e+07
1.21445e+09,0,0,0,0,2.99691e+07,889677,0,1.29767e+07
1.21534e+09,0,0,0,0,2.99702e+07,889710,0,1.29767e+07
1.21623e+09,0,0,0,0,2.99713e+07,889744,0,1.29767e+07
1.21709e+09,0,0,0,0,2.88976e+07,857895,0,1.29767e+07
1.21795e+09,0,0,0,0,2.88986e+07,857927,0,1.29767e+07
1.21881e+09,0,0,0,0,2.88997e+07,857959,0,1.29767e+07
1.21967e+09,0,0,0,0,2.89008e+07,857991,0,1.29767e+07
1.22045e+09,0,0,0,0,2.63679e+07,782830,0,1.29767e+07
1.22123e+09,0,0,0,0,2.63689e+07,782859,0,1.29767e+07
1.22201e+09,0,0,0,0,2.63699e+07,782888,0,1.29767e+07
1.2228e+09,0,0,0,0,2.63708e+07,782917,0,1.29767e+07
1.22358e+09,0,0,0,0,2.63718e+07,782947,0,1.29767e+07
1.22439e+09,0,0,0,0,2.72118e+07,807883,0,1.29767e+07
1.2252e+09,0,0,0,0,2.72126e+07,807907,0,1.29767e+07
1.226e+09,0,0,0,0,2.72134e+07,807931,0,1.29767e+07
1.22681e+09,0,0,0,0,2.72142e+07,807955,0,1.29767e+07
1.22771e+09,0,0,0,0,3.01342e+07,894620,0,1.29767e+07
1.2286e+09,0,0,0,0,3.01351e+07,894647,0,1.29767e+07
1.2295e+09,0,0,0,0,3.0136e+07,894674,0,1.29767e+07
1.23039e+09,0,0,0,0,3.01369e+07,894701,0,1.29767e+07
1.23117e+09,0,0,0,0,2.61046e+07,775010,0,1.29767e+07
1.23169e+09,0,0,0,0,2.65028e+07,519611,0,1.29767e+07
1.23246e+09,0,0,0,0,2.61062e+07,775057,0,1.29767e+07
1.23324e+09,0,0,0,0,2.6107e+07,775080,0,1.29767e+07
1.23401e+09,0,0,0,0,2.61077e+07,775103,0,1.29767e+07
1.23482e+09,0,0,0,0,2.71091e+07,804829,0,1.29767e+07
1.23562e+09,0,0,0,0,2.711e+07,804853,0,1.29767e+07
1.23643e+09,0,0,0,0,2.71108e+07,804877,0,1.29767e+07
1.23723e+09,0,0,0,0,2.71116e+07,804901,0,1.29767e+07
1.23802e+09,0,0,0,0,2.67224e+07,793350,0,1.29767e+07
1.23882e+09,0,0,0,0,2.67232e+07,793374,0,1.29767e+07
1.23961e+09,0,0,0,0,2.67241e+07,793398,0,1.29767e+07
1.2404e+09,0,0,0,0,2.67249e+07,793421,0,1.29767e+07
1.24124e+09,0,0,0,0,2.80796e+07,833632,0,1.29767e+07
1.24207e+09,0,0,0,0,2.80804e+07,833658,0,1.29767e+07
1.2429e+09,0,0,0,0,2.80812e+07,833683,0,1.29767e+07
1.24374e+09,0,0,0,0,2.80821e+07,833708,0,1.29767e+07
1.24457e+09,0,0,0,0,2.80829e+07,833733,0,1.29767e+07
1.24541e+09,0,0,0,0,2.83411e+07,841348,0,1.29767e+07
1.24625e+09,0,0,0,0,2.83419e+07,841373,0,1.29767e+07
1.2471e+09,0,0,0,0,2.83428e+07,841399,0,1.29767e+07
1.24794e+09,0,0,0,0,2.83436e+07,841424,0,1.29767e+07
1.2488e+09,0,0,0,0,2.90215e+07,861544,0,1.29767e+07
1.24966e+09,0,0,0,0,2.90223e+07,861570,0,1.29767e+07
1.25052e+09,0,0,0,0,2.90232e+07,861596,0,1.29767e+07
1.25138e+09,0,0,0,0,2.90241e+07,861622,0,1.29767e+07
1.25119e+09,0,0,0,0,3.0124e+07,-190581,0,1.29767e+07
1.251e+09,0,0,0,0,3.01249e+07,-190586,0,1.29767e+07
1.25081e+09,0,0,0,0,3.01259e+07,-190592,0,1.29767e+07
1.25062e+09,0,0,0,0,3.01268e+07,-190598,0,1.29767e+07
1.25043e+09,0,0,0,0,3.01277e+07,-190604,0,1.29767e+07
1.25132e+09,0,0,0,0,3.00174e+07,891112,0,1.29767e+07
1.25221e+09,0,0,0,0,3.00183e+07,891138,0,1.29767e+07
1.2531e+09,0,0,0,0,3.00192e+07,891165,0,1.29767e+07
1.254e+09,0,0,0,0,3.00201e+07,891192,0,1.29767e+07
1.25485e+09,0,0,0,0,2.89444e+07,859285,0,1.29767e+07
1.25571e+09,0,0,0,0,2.89452e+07,859311,0,1.29767e+07
1.25657e+09,0,0,0,0,2.89461e+07,859336,0,1.29767e+07
1.25743e+09,0,0,0,0,2.8947e+07,859362,0,1.29767e+07
1.25822e+09,0,0,0,0,2.64098e+07,784075,0,1.29767e+07
1.259e+09,0,0,0,0,2.64106e+07,784098,0,1.29767e+07
1.25979e+09,0,0,0,0,2.64114e+07,784122,0,1.29767e+07
1.26057e+09,0,0,0,0,2.64122e+07,784145,0,1.29767e+07
1.26135e+09,0,0,0,0,2.6413e+07,784169,0,1.29767e+07
1.26216e+09,0,0,0,0,2.72541e+07,809138,0,1.29767e+07
1.26297e+09,0,0,0,0,2.72547e+07,809156,0,1.29767e+07
1.26378e+09,0,0,0,0,2.72553e+07,809175,0,1.29767e+07
1.26459e+09,0,0,0,0,2.72559e+07,809193,0,1.29767e+07
1.26549e+09,0,0,0,0,3.01802e+07,895984,0,1.29767e+07
1.26638e+09,0,0,0,0,3.01808e+07,896004,0,1.29767e+07
1.26728e+09,0,0,0,0,3.01815e+07,896025,0,1.29767e+07
1.26817e+09,0,0,0,0,3.01822e+07,896045,0,1.29767e+07
1.26895e+09,0,0,0,0,2.61436e+07,776169,0,1.29767e+07
1.26973e+09,0,0,0,0,2.61442e+07,776186,0,1.29767e+07
1.2705e+09,0,0,0,0,2.61448e+07,776204,0,1.29767e+07
1.27128e+09,0,0,0,0,2.61454e+07,776221,0,1.29767e+07
1.27206e+09,0,0,0,0,2.6146e+07,776239,0,1.29767e+07
1.27286e+09,0,0,0,0,2.71487e+07,806003,0,1.29767e+07
1.27367e+09,0,0,0,0,2.71493e+07,806021,0,1.29767e+07
1.27447e+09,0,0,0,0,2.71499e+07,806039,0,1.29767e+07
1.27528e+09,0,0,0,0,2.71505e+07,806057,0,1.29767e+07
1.27607e+09,0,0,0,0,2.67606e+07,794483,0,1.29767e+07
1.27687e+09,0,0,0,0,2.67612e+07,794501,0,1.29767e+07
1.27766e+09,0,0,0,0,2.67618e+07,794519,0,1.29767e+07
1.27846e+09,0,0,0,0,2.67624e+07,794537,0,1.29767e+07
1.27879e+09,0,0,0,0,2.76157e+07,331672,0,1.29767e+07
1.27912e+09,0,0,0,0,2.76164e+07,331679,0,1.29767e+07
1.27945e+09,0,0,0,0,2.7617e+07,331687,0,1.29767e+07
1.27978e+09,0,0,0,0,2.76176e+07,331694,0,1.29767e+07
1.28012e+09,0,0,0,0,2.76182e+07,331702,0,1.29767e+07
1.28045e+09,0,0,0,0,2.78719e+07,334700,0,1.29767e+07
1.28079e+09,0,0,0,0,2.78725e+07,334707,0,1.29767e+07
1.28112e+09,0,0,0,0,2.78732e+07,334715,0,1.29767e+07
1.28145e+09,0,0,0,0,2.78738e+07,334723,0,1.29767e+07
1.2818e+09,0,0,0,0,2.85402e+07,342723,0,1.29767e+07
1.28214e+09,0,0,0,0,2.85408e+07,342731,0,1.29767e+07
1.28248e+09,0,0,0,0,2.85415e+07,342739,0,1.29767e+07
1.28283e+09,0,0,0,0,2.85421e+07,342747,0,1.29767e+07
1.28263e+09,0,0,0,0,3.01633e+07,-190829,0,1.29767e+07
1.28244e+09,0,0,0,0,3.0164e+07,-190834,0,1.29767e+07
1.28225e+09,0,0,0,0,3.01647e+07,-190838,0,1.29767e+07
1.28206e+09,0,0,0,0,3.01654e+07,-190842,0,1.29767e+07
1.28187e+09,0,0,0,0,3.0166e+07,-190846,0,1.29767e+07
1.28276e+09,0,0,0,0,3.00554e+07,892240,0,1.29767e+07
1.28366e+09,0,0,0,0,3.00561e+07,892261,0,1.29767e+07
1.28455e+09,0,0,0,0,3.00568e+07,892281,0,1.29767e+07
1.28544e+09,0,0,0,0,3.00575e+07,892301,0,1.29767e+07
1.2863e+09,0,0,0,0,2.89802e+07,860348,0,1.29767e+07
1.28716e+09,0,0,0,0,2.89808e+07,860368,0,1.29767e+07
1.28802e+09,0,0,0,0,2.89815e+07,860387,0,1.29767e+07
1.28888e+09,0,0,0,0,2.89822e+07,860407,0,1.29767e+07
1.28967e+09,0,0,0,0,2.64417e+07,785022,0,1.29767e+07
1.29045e+09,0,0,0,0,2.64423e+07,785040,0,1.29767e+07
1.29124e+09,0,0,0,0,2.64429e+07,785058,0,1.29767e+07
1.29202e+09,0,0,0,0,2.64435e+07,785075,0,1.29767e+07
1.29281e+09,0,0,0,0,2.64441e+07,785093,0,1.29767e+07
1.29362e+09,0,0,0,0,2.7286e+07,810086,0,1.29767e+07
1.29443e+09,0,0,0,0,2.72864e+07,810098,0,1.29767e+07
1.29524e+09,0,0,0,0,2.72868e+07,810111,0,1.29767e+07
1.29605e+09,0,0,0,0,2.72873e+07,810123,0,1.29767e+07
1.29694e+09,0,0,0,0,3.02146e+07,897007,0,1.29767e+07
1.29784e+09,0,0,0,0,3.02151e+07,897021,0,1.29767e+07
1.29874e+09,0,0,0,0,3.02156e+07,897035,0,1.29767e+07
1.29964e+09,0,0,0,0,3.0216e+07,897049,0,1.29767e+07
1.30041e+09,0,0,0,0,2.61727e+07,777033,0,1.29767e+07
1.30119e+09,0,0,0,0,2.61731e+07,777045,0,1.29767e+07
1.30172e+09,0,0,0,0,2.65537e+07,532730,0,1.29767e+07
1.30226e+09,0,0,0,0,2.6554e+07,532808,0,1.29767e+07
1.30279e+09,0,0,0,0,2.65543e+07,532885,0,1.29767e+07
1.30335e+09,0,0,0,0,2.75577e+07,562740,0,1.29767e+07
1.30408e+09,0,0,0,0,2.72928e+07,733289,0,1.29767e+07
1.30482e+09,0,0,0,0,2.72931e+07,733369,0,1.29767e+07
1.30562e+09,0,0,0,0,2.71792e+07,806908,0,1.29767e+07
1.30642e+09,0,0,0,0,2.67887e+07,795316,0,1.29767e+07
1.30722e+09,0,0,0,0,2.67891e+07,795328,0,1.29767e+07
1.30801e+09,0,0,0,0,2.67895e+07,795340,0,1.29767e+07
1.30881e+09,0,0,0,0,2.67899e+07,795352,0,1.29767e+07
1.30964e+09,0,0,0,0,2.81475e+07,835649,0,1.29767e+07
1.31048e+09,0,0,0,0,2.81479e+07,835662,0,1.29767e+07
1.31131e+09,0,0,0,0,2.81484e+07,835675,0,1.29767e+07
1.31215e+09,0,0,0,0,2.81488e+07,835688,0,1.29767e+07
1.31298e+09,0,0,0,0,2.81492e+07,835701,0,1.29767e+07
1.31383e+09,0,0,0,0,2.84076e+07,843322,0,1.29767e+07
1.31467e+09,0,0,0,0,2.8408e+07,843335,0,1.29767e+07
1.31551e+09,0,0,0,0,2.84084e+07,843348,0,1.29767e+07
1.31636e+09,0,0,0,0,2.84089e+07,843361,0,1.29767e+07
1.31722e+09,0,0,0,0,2.90878e+07,863515,0,1.29767e+07
1.31808e+09,0,0,0,0,2.90883e+07,863528,0,1.29767e+07
1.31895e+09,0,0,0,0,2.90887e+07,863541,0,1.29767e+07
1.31981e+09,0,0,0,0,2.90892e+07,863555,0,1.29767e+07
1.31962e+09,0,0,0,0,3.01912e+07,-191005,0,1.29767e+07
1.31943e+09,0,0,0,0,3.01916e+07,-191008,0,1.29767e+07
1.31924e+09,0,0,0,0,3.01921e+07,-191011,0,1.29767e+07
1.31905e+09,0,0,0,0,3.01926e+07,-191014,0,1.29767e+07
1.31886e+09,0,0,0,0,3.0193e+07,-191017,0,1.29767e+07
1.31975e+09,0,0,0,0,3.00821e+07,893032,0,1.29767e+07
1.32064e+09,0,0,0,0,3.00826e+07,893046,0,1.29767e+07
1.32154e+09,0,0,0,0,3.0083e+07,893060,0,1.29767e+07
1.32243e+09,0,0,0,0,3.00835e+07,893073,0,1.29767e+07
1.32329e+09,0,0,0,0,2.90051e+07,861086,0,1.29767e+07
1.32415e+09,0,0,0,0,2.90055e+07,861100,0,1.29767e+07
1.32501e+09,0,0,0,0,2.9006e+07,861113,0,1.29767e+07
1.32587e+09,0,0,0,0,2.90064e+07,861126,0,1.29767e+07
1.32666e+09,0,0,0,0,2.64637e+07,785673,0,1.29767e+07
1.32724e+09,0,0,0,0,2.67792e+07,583108,0,1.29767e+07
1.32783e+09,0,0,0,0,2.67795e+07,583186,0,1.29767e+07
1.32841e+09,0,0,0,0,2.67799e+07,583264,0,1.29767e+07
1.32899e+09,0,0,0,0,2.67802e+07,583342,0,1.29767e+07
1.32958e+09,0,0,0,0,2.67801e+07,583408,0,1.29767e+07
1.33039e+09,0,0,0,0,2.73076e+07,810728,0,1.29767e+07
1.33113e+09,0,0,0,0,2.74072e+07,746875,0,1.29767e+07
1.33188e+09,0,0,0,0,2.74074e+07,746918,0,1.29767e+07
1.33263e+09,0,0,0,0,2.74075e+07,746961,0,1.29767e+07
1.33346e+09,0,0,0,0,3.03369e+07,833942,0,1.29767e+07
1.33436e+09,0,0,0,0,3.0238e+07,897700,0,1.29767e+07
1.33526e+09,0,0,0,0,3.02382e+07,897708,0,1.29767e+07
1.33615e+09,0,0,0,0,3.02385e+07,897715,0,1.29767e+07
1.33693e+09,0,0,0,0,2.6192e+07,777604,0,1.29767e+07
1.33771e+09,0,0,0,0,2.61922e+07,777611,0,1.29767e+07
1.33849e+09,0,0,0,0,2.61924e+07,777617,0,1.29767e+07
1.33926e+09,0,0,0,0,2.61926e+07,777623,0,1.29767e+07
1.34004e+09,0,0,0,0,2.61928e+07,777630,0,1.29767e+07
1.34085e+09,0,0,0,0,2.71969e+07,807435,0,1.29767e+07
1.34166e+09,0,0,0,0,2.71971e+07,807442,0,1.29767e+07
1.34246e+09,0,0,0,0,2.71974e+07,807448,0,1.29767e+07
1.34327e+09,0,0,0,0,2.71976e+07,807455,0,1.29767e+07
1.34407e+09,0,0,0,0,2.68066e+07,795849,0,1.29767e+07
1.34486e+09,0,0,0,0,2.68069e+07,795856,0,1.29767e+07
1.34566e+09,0,0,0,0,2.68071e+07,795862,0,1.29767e+07
1.34646e+09,0,0,0,0,2.68073e+07,795869,0,1.29767e+07
1.34729e+09,0,0,0,0,2.81656e+07,836186,0,1.29767e+07
1.34813e+09,0,0,0,0,2.81658e+07,836193,0,1.29767e+07
1.34896e+09,0,0,0,0,2.8166e+07,836200,0,1.29767e+07
1.3498e+09,0,0,0,0,2.81663e+07,836207,0,1.29767e+07
1.35064e+09,0,0,0,0,2.81665e+07,836213,0,1.29767e+07
1.35148e+09,0,0,0,0,2.84248e+07,843833,0,1.29767e+07
1.35232e+09,0,0,0,0,2.8425e+07,843840,0,1.29767e+07
1.35317e+09,0,0,0,0,2.84253e+07,843847,0,1.29767e+07
1.35401e+09,0,0,0,0,2.84255e+07,843854,0,1.29767e+07
1.35488e+09,0,0,0,0,2.91046e+07,864014,0,1.29767e+07
1.35574e+09,0,0,0,0,2.91049e+07,864021,0,1.29767e+07
1.3566e+09,0,0,0,0,2.91051e+07,864028,0,1.29767e+07
1.35747e+09,0,0,0,0,2.91054e+07,864035,0,1.29767e+07
1.35728e+09,0,0,0,0,3.02078e+07,-191110,0,1.29767e+07
1.35709e+09,0,0,0,0,3.0208e+07,-191112,0,1.29767e+07
1.35689e+09,0,0,0,0,3.02083e+07,-191114,0,1.29767e+07
1.3567e+09,0,0,0,0,3.02085e+07,-191115,0,1.29767e+07
1.35651e+09,0,0,0,0,3.02088e+07,-191117,0,1.29767e+07
1.35741e+09,0,0,0,0,3.00976e+07,893491,0,1.29767e+07
1.3583e+09,0,0,0,0,3.00978e+07,893498,0,1.29767e+07
1.35919e+09,0,0,0,0,3.00981e+07,893505,0,1.29767e+07
1.36009e+09,0,0,0,0,3.00983e+07,893513,0,1.29767e+07
1.36095e+09,0,0,0,0,2.90191e+07,861504,0,1.29767e+07
1.36181e+09,0,0,0,0,2.90194e+07,861511,0,1.29767e+07
1.36267e+09,0,0,0,0,2.90196e+07,861518,0,1.29767e+07
1.36353e+09,0,0,0,0,2.90198e+07,861525,0,1.29767e+07
1.36432e+09,0,0,0,0,2.64757e+07,786031,0,1.29767e+07
1.3649e+09,0,0,0,0,2.67881e+07,585414,0,1.29767e+07
1.36549e+09,0,0,0,0,2.67883e+07,585455,0,1.29767e+07
1.36607e+09,0,0,0,0,2.67884e+07,585497,0,1.29767e+07
1.36666e+09,0,0,0,0,2.67886e+07,585539,0,1.29767e+07
1.36727e+09,0,0,0,0,2.7631e+07,610586,0,1.29767e+07
1.36802e+09,0,0,0,0,2.74156e+07,749068,0,1.29767e+07
1.36877e+09,0,0,0,0,2.74156e+07,749074,0,1.29767e+07
1.36952e+09,0,0,0,0,2.74157e+07,749080,0,1.29767e+07
1.37035e+09,0,0,0,0,3.0346e+07,836058,0,1.29767e+07
1.37125e+09,0,0,0,0,3.02496e+07,898046,0,1.29767e+07
1.37215e+09,0,0,0,0,3.02496e+07,898047,0,1.29767e+07
1.37305e+09,0,0,0,0,3.02497e+07,898048,0,1.29767e+07
1.37383e+09,0,0,0,0,2.62015e+07,777887,0,1.29767e+07
1.3746e+09,0,0,0,0,2.62015e+07,777888,0,1.29767e+07
1.37538e+09,0,0,0,0,2.62016e+07,777889,0,1.29767e+07
1.37616e+09,0,0,0,0,2.62016e+07,777889,0,1.29767e+07
1.37694e+09,0,0,0,0,2.62016e+07,777890,0,1.29767e+07
1.37775e+09,0,0,0,0,2.72058e+07,807700,0,1.29767e+07
1.37855e+09,0,0,0,0,2.72059e+07,807701,0,1.29767e+07
1.37936e+09,0,0,0,0,2.72059e+07,807702,0,1.29767e+07
1.38017e+09,0,0,0,0,2.72059e+07,807702,0,1.29767e+07
1.38096e+09,0,0,0,0,2.68147e+07,796088,0,1.29767e+07
1.38176e+09,0,0,0,0,2.68147e+07,796089,0,1.29767e+07
1.38256e+09,0,0,0,0,2.68147e+07,796089,0,1.29767e+07
1.38335e+09,0,0,0,0,2.68148e+07,796090,0,1.29767e+07
1.38419e+09,0,0,0,0,2.81732e+07,836413,0,1.29767e+07
1.38503e+09,0,0,0,0,2.81732e+07,836414,0,1.29767e+07
1.38586e+09,0,0,0,0,2.81733e+07,836414,0,1.29767e+07
1.3867e+09,0,0,0,0,2.81733e+07,836415,0,1.29767e+07
1.38753e+09,0,0,0,0,2.81733e+07,836416,0,1.29767e+07
1.38838e+09,0,0,0,0,2.84315e+07,844032,0,1.29767e+07
1.38922e+09,0,0,0,0,2.84315e+07,844033,0,1.29767e+07
1.39007e+09,0,0,0,0,2.84316e+07,844034,0,1.29767e+07
1.39091e+09,0,0,0,0,2.84316e+07,844035,0,1.29767e+07
1.39178e+09,0,0,0,0,2.91107e+07,864193,0,1.29767e+07
1.39264e+09,0,0,0,0,2.91107e+07,864194,0,1.29767e+07
1.3935e+09,0,0,0,0,2.91107e+07,864195,0,1.29767e+07
1.39437e+09,0,0,0,0,2.91108e+07,864196,0,1.29767e+07
1.39418e+09,0,0,0,0,3.02132e+07,-191144,0,1.29767e+07
1.39399e+09,0,0,0,0,3.02132e+07,-191145,0,1.29767e+07
1.39379e+09,0,0,0,0,3.02132e+07,-191145,0,1.29767e+07
1.3936e+09,0,0,0,0,3.02133e+07,-191145,0,1.29767e+07
1.39341e+09,0,0,0,0,3.02133e+07,-191145,0,1.29767e+07
1.39431e+09,0,0,0,0,3.01019e+07,893618,0,1.29767e+07
1.3952e+09,0,0,0,0,3.01019e+07,893619,0,1.29767e+07
1.39609e+09,0,0,0,0,3.01019e+07,893620,0,1.29767e+07
1.39699e+09,0,0,0,0,3.0102e+07,893621,0,1.29767e+07
1.39785e+09,0,0,0,0,2.90224e+07,861603,0,1.29767e+07
1.39871e+09,0,0,0,0,2.90225e+07,861604,0,1.29767e+07
1.39957e+09,0,0,0,0,2.90225e+07,861605,0,1.29767e+07
1.40043e+09,0,0,0,0,2.90225e+07,861606,0,1.29767e+07
1.40122e+09,0,0,0,0,2.6478e+07,786099,0,1.29767e+07
1.402e+09,0,0,0,0,2.6478e+07,786100,0,1.29767e+07
1.40279e+09,0,0,0,0,2.64781e+07,786101,0,1.29767e+07
1.40358e+09,0,0,0,0,2.64781e+07,786102,0,1.29767e+07
1.40436e+09,0,0,0,0,2.64781e+07,786102,0,1.29767e+07
1.40517e+09,0,0,0,0,2.73205e+07,811110,0,1.29767e+07
1.40599e+09,0,0,0,0,2.73203e+07,811105,0,1.29767e+07
1.4068e+09,0,0,0,0,2.73202e+07,811100,0,1.29767e+07
1.40761e+09,0,0,0,0,2.732e+07,811095,0,1.29767e+07
1.40851e+09,0,0,0,0,3.02502e+07,898065,0,1.29767e+07
1.4094e+09,0,0,0,0,3.02501e+07,898059,0,1.29767e+07
1.4103e+09,0,0,0,0,3.02499e+07,898054,0,1.29767e+07
1.4112e+09,0,0,0,0,3.02497e+07,898048,0,1.29767e+07
1.41198e+09,0,0,0,0,2.62013e+07,777882,0,1.29767e+07
1.41276e+09,0,0,0,0,2.62012e+07,777877,0,1.29767e+07
1.41353e+09,0,0,0,0,2.6201e+07,777873,0,1.29767e+07
1.41431e+09,0,0,0,0,2.62009e+07,777868,0,1.29767e+07
1.41509e+09,0,0,0,0,2.62007e+07,777863,0,1.29767e+07
1.4159e+09,0,0,0,0,2.72047e+07,807666,0,1.29767e+07
1.4167e+09,0,0,0,0,2.72045e+07,807661,0,1.29767e+07
1.41751e+09,0,0,0,0,2.72044e+07,807656,0,1.29767e+07
1.41832e+09,0,0,0,0,2.72042e+07,807651,0,1.29767e+07
1.41912e+09,0,0,0,0,2.68128e+07,796032,0,1.29767e+07
1.41991e+09,0,0,0,0,2.68126e+07,796027,0,1.29767e+07
1.42071e+09,0,0,0,0,2.68125e+07,796022,0,1.29767e+07
1.4215e+09,0,0,0,0,2.68123e+07,796017,0,1.29767e+07
1.42234e+09,0,0,0,0,2.81704e+07,836330,0,1.29767e+07
1.42318e+09,0,0,0,0,2.81703e+07,836325,0,1.29767e+07
1.42401e+09,0,0,0,0,2.81701e+07,836320,0,1.29767e+07
1.42485e+09,0,0,0,0,2.81699e+07,836315,0,1.29767e+07
1.42569e+09,0,0,0,0,2.81697e+07,836310,0,1.29767e+07
1.42653e+09,0,0,0,0,2.84277e+07,843919,0,1.29767e+07
1.42737e+09,0,0,0,0,2.84275e+07,843914,0,1.29767e+07
1.42822e+09,0,0,0,0,2.84273e+07,843909,0,1.29767e+07
1.42906e+09,0,0,0,0,2.84272e+07,843903,0,1.29767e+07
1.42993e+09,0,0,0,0,2.91059e+07,864052,0,1.29767e+07
1.43079e+09,0,0,0,0,2.91058e+07,864047,0,1.29767e+07
1.43165e+09,0,0,0,0,2.91056e+07,864042,0,1.29767e+07
1.43252e+09,0,0,0,0,2.91054e+07,864037,0,1.29767e+07
1.43233e+09,0,0,0,0,3.02074e+07,-191108,0,1.29767e+07
1.43214e+09,0,0,0,0,3.02072e+07,-191107,0,1.29767e+07
1.43194e+09,0,0,0,0,3.0207e+07,-191106,0,1.29767e+07
1.43175e+09,0,0,0,0,3.02068e+07,-191105,0,1.29767e+07
1.43156e+09,0,0,0,0,3.02067e+07,-191103,0,1.29767e+07
1.43246e+09,0,0,0,0,3.0095e+07,893416,0,1.29767e+07
1.43335e+09,0,0,0,0,3.00949e+07,893410,0,1.29767e+07
1.43424e+09,0,0,0,0,3.00947e+07,893405,0,1.29767e+07
1.43514e+09,0,0,0,0,3.00945e+07,893400,0,1.29767e+07
1.436e+09,0,0,0,0,2.9015e+07,861383,0,1.29767e+07
1.43686e+09,0,0,0,0,2.90149e+07,861378,0,1.29767e+07
1.43772e+09,0,0,0,0,2.90147e+07,861372,0,1.29767e+07
1.43858e+09,0,0,0,0,2.90145e+07,861367,0,1.29767e+07
1.43937e+09,0,0,0,0,2.64705e+07,785876,0,1.29767e+07
1.43995e+09,0,0,0,0,2.67838e+07,584401,0,1.29767e+07
1.44054e+09,0,0,0,0,2.67837e+07,584370,0,1.29767e+07
1.44112e+09,0,0,0,0,2.67836e+07,584340,0,1.29767e+07
1.4417e+09,0,0,0,0,2.67834e+07,584310,0,1.29767e+07
1.44231e+09,0,0,0,0,2.76254e+07,609278,0,1.29767e+07
1.44306e+09,0,0,0,0,2.74097e+07,747651,0,1.29767e+07
1.44381e+09,0,0,0,0,2.74095e+07,747583,0,1.29767e+07
1.44456e+09,0,0,0,0,2.74092e+07,747515,0,1.29767e+07
1.44545e+09,0,0,0,0,3.02397e+07,897753,0,1.29767e+07
1.44635e+09,0,0,0,0,3.02393e+07,897741,0,1.29767e+07
1.44725e+09,0,0,0,0,3.02389e+07,897729,0,1.29767e+07
1.44815e+09,0,0,0,0,3.02385e+07,897717,0,1.29767e+07
1.44892e+09,0,0,0,0,2.61915e+07,777590,0,1.29767e+07
1.4497e+09,0,0,0,0,2.61912e+07,777580,0,1.29767e+07
1.45048e+09,0,0,0,0,2.61908e+07,777569,0,1.29767e+07
1.45126e+09,0,0,0,0,2.61905e+07,777559,0,1.29767e+07
1.45204e+09,0,0,0,0,2.61901e+07,777549,0,1.29767e+07
1.45284e+09,0,0,0,0,2.71935e+07,807334,0,1.29767e+07
1.45365e+09,0,0,0,0,2.71932e+07,807323,0,1.29767e+07
1.45446e+09,0,0,0,0,2.71928e+07,807313,0,1.29767e+07
1.45526e+09,0,0,0,0,2.71925e+07,807302,0,1.29767e+07
1.45606e+09,0,0,0,0,2.6801e+07,795682,0,1.29767e+07
1.45686e+09,0,0,0,0,2.68007e+07,795672,0,1.29767e+07
1.45765e+09,0,0,0,0,2.68003e+07,795661,0,1.29767e+07
1.45845e+09,0,0,0,0,2.68e+07,795651,0,1.29767e+07
1.45928e+09,0,0,0,0,2.81573e+07,835939,0,1.29767e+07
1.46012e+09,0,0,0,0,2.81569e+07,835928,0,1.29767e+07
1.46095e+09,0,0,0,0,2.81565e+07,835917,0,1.29767e+07
1.46179e+09,0,0,0,0,2.81562e+07,835906,0,1.29767e+07
1.46263e+09,0,0,0,0,2.81558e+07,835895,0,1.29767e+07
1.46347e+09,0,0,0,0,2.84134e+07,843495,0,1.29767e+07
1.46431e+09,0,0,0,0,2.8413e+07,843484,0,1.29767e+07
1.46516e+09,0,0,0,0,2.84126e+07,843473,0,1.29767e+07
1.466e+09,0,0,0,0,2.84123e+07,843461,0,1.29767e+07
1.46686e+09,0,0,0,0,2.90905e+07,863593,0,1.29767e+07
1.46773e+09,0,0,0,0,2.90901e+07,863582,0,1.29767e+07
1.46859e+09,0,0,0,0,2.90897e+07,863571,0,1.29767e+07
1.46945e+09,0,0,0,0,2.90893e+07,863560,0,1.29767e+07
1.46926e+09,0,0,0,0,3.01905e+07,-191001,0,1.29767e+07
1.46907e+09,0,0,0,0,3.01901e+07,-190999,0,1.29767e+07
1.46888e+09,0,0,0,0,3.01897e+07,-190996,0,1.29767e+07
1.46869e+09,0,0,0,0,3.01893e+07,-190994,0,1.29767e+07
1.4685e+09,0,0,0,0,3.01889e+07,-190991,0,1.29767e+07
1.46939e+09,0,0,0,0,3.00772e+07,892885,0,1.29767e+07
1.47029e+09,0,0,0,0,3.00768e+07,892873,0,1.29767e+07
1.47118e+09,0,0,0,0,3.00764e+07,892862,0,1.29767e+07
1.47207e+09,0,0,0,0,3.0076e+07,892850,0,1.29767e+07
1.47293e+09,0,0,0,0,2.8997e+07,860847,0,1.29767e+07
1.47379e+09,0,0,0,0,2.89966e+07,860835,0,1.29767e+07
1.47465e+09,0,0,0,0,2.89962e+07,860824,0,1.29767e+07
1.47551e+09,0,0,0,0,2.89958e+07,860813,0,1.29767e+07
1.4763e+09,0,0,0,0,2.64533e+07,785365,0,1.29767e+07
1.47709e+09,0,0,0,0,2.64529e+07,785354,0,1.29767e+07
1.47787e+09,0,0,0,0,2.64526e+07,785344,0,1.29767e+07
1.47866e+09,0,0,0,0,2.64522e+07,785334,0,1.29767e+07
1.47944e+09,0,0,0,0,2.64519e+07,785324,0,1.29767e+07
