0cont_fund,0ins_pout,0ins_price,0infra_npv,0debt_serv,0gross_rev,0cont_contrib,0drought_cost,0water_price
590638,0,0,0,1.25761e-71,1.98944e+07,590638,0,1.27634e+07
1.18149e+06,0,0,0,0,1.99017e+07,590854,0,1.27634e+07
1.77256e+06,0,0,0,0,1.9909e+07,591071,0,1.27634e+07
2.36385e+06,0,0,0,0,1.99163e+07,591288,0,1.27634e+07
3.01878e+06,0,0,0,0,2.20606e+07,654933,0,1.27634e+07
3.67396e+06,0,0,0,0,2.20687e+07,655173,0,1.27634e+07
4.32937e+06,0,0,0,0,2.20768e+07,655414,0,1.27634e+07
4.98503e+06,0,0,0,0,2.20849e+07,655654,0,1.27634e+07
5.55316e+06,0,0,0,0,1.91364e+07,568134,0,1.27634e+07
6.1215e+06,0,0,0,0,1.91434e+07,568342,0,1.27634e+07
6.69005e+06,0,0,0,0,1.91504e+07,568550,0,1.27634e+07
7.25881e+06,0,0,0,0,1.91575e+07,568759,0,1.27634e+07
7.82778e+06,0,0,0,0,1.91645e+07,568967,0,1.27634e+07
8.41876e+06,0,0,0,0,1.99063e+07,590987,0,1.27634e+07
9.00997e+06,0,0,0,0,1.99136e+07,591203,0,1.27634e+07
9.60139e+06,0,0,0,0,1.99209e+07,591420,0,1.27634e+07
1.0193e+07,0,0,0,0,1.99282e+07,591637,0,1.27634e+07
1.07764e+07,0,0,0,0,1.96487e+07,583342,0,1.27634e+07
1.13599e+07,0,0,0,0,1.96559e+07,583556,0,1.27634e+07
1.19437e+07,0,0,0,0,1.96631e+07,583769,0,1.27634e+07
1.25277e+07,0,0,0,0,1.96703e+07,583983,0,1.27634e+07
1.31415e+07,0,0,0,0,2.06744e+07,613786,0,1.27634e+07
1.37555e+07,0,0,0,0,2.0682e+07,614011,0,1.27634e+07
1.43697e+07,0,0,0,0,2.06895e+07,614236,0,1.27634e+07
1.49842e+07,0,0,0,0,2.06971e+07,614461,0,1.27634e+07
1.55989e+07,0,0,0,0,2.07047e+07,614686,0,1.27634e+07
1.62194e+07,0,0,0,0,2.0902e+07,620509,0,1.27634e+07
1.68401e+07,0,0,0,0,2.09097e+07,620736,0,1.27634e+07
1.74611e+07,0,0,0,0,2.09173e+07,620963,0,1.27634e+07
1.80823e+07,0,0,0,0,2.0925e+07,621190,0,1.27634e+07
1.87185e+07,0,0,0,0,2.14326e+07,636258,0,1.27634e+07
1.9355e+07,0,0,0,0,2.14404e+07,636491,0,1.27634e+07
1.99917e+07,0,0,0,0,2.14483e+07,636724,0,1.27634e+07
2.06287e+07,0,0,0,0,2.14561e+07,636956,0,1.27634e+07
2.13145e+07,0,0,0,0,2.31035e+07,685843,0,1.27634e+07
2.20006e+07,0,0,0,0,2.3112e+07,686094,0,1.27634e+07
2.2687e+07,0,0,0,0,2.31204e+07,686345,0,1.27634e+07
2.33736e+07,0,0,0,0,2.31289e+07,686596,0,1.27634e+07
2.40604e+07,0,0,0,0,2.31373e+07,686847,0,1.27634e+07
2.47205e+07,0,0,0,0,2.22352e+07,660084,0,1.27634e+07
2.53808e+07,0,0,0,0,2.22433e+07,660326,0,1.27634e+07
2.60414e+07,0,0,0,0,2.22514e+07,660567,0,1.27634e+07
2.67022e+07,0,0,0,0,2.22596e+07,660808,0,1.27634e+07
2.73396e+07,0,0,0,0,2.14691e+07,637363,0,1.27634e+07
2.79771e+07,0,0,0,0,2.1477e+07,637596,0,1.27634e+07
2.8615e+07,0,0,0,0,2.14848e+07,637829,0,1.27634e+07
2.9253e+07,0,0,0,0,2.14926e+07,638062,0,1.27634e+07
2.98354e+07,0,0,0,0,1.96154e+07,582357,0,1.27634e+07
3.0418e+07,0,0,0,0,1.96226e+07,582570,0,1.27634e+07
3.10007e+07,0,0,0,0,1.96298e+07,582783,0,1.27634e+07
3.15837e+07,0,0,0,0,1.96369e+07,582996,0,1.27634e+07
3.2167e+07,0,0,0,0,1.96441e+07,583208,0,1.27634e+07
3.27689e+07,0,0,0,1.25761e-71,2.02763e+07,601978,0,1.27634e+07
3.33711e+07,0,0,0,0,2.02835e+07,602191,0,1.27634e+07
3.39735e+07,0,0,0,0,2.02907e+07,602404,0,1.27634e+07
3.45761e+07,0,0,0,0,2.02978e+07,602617,0,1.27634e+07
3.52436e+07,0,0,0,0,2.2483e+07,667472,0,1.27634e+07
3.59113e+07,0,0,0,0,2.24909e+07,667708,0,1.27634e+07
3.65793e+07,0,0,0,0,2.24989e+07,667944,0,1.27634e+07
3.72474e+07,0,0,0,0,2.25068e+07,668180,0,1.27634e+07
3.78264e+07,0,0,0,0,1.95017e+07,578980,0,1.27634e+07
3.84056e+07,0,0,0,0,1.95086e+07,579184,0,1.27634e+07
3.8985e+07,0,0,0,0,1.95155e+07,579389,0,1.27634e+07
3.95646e+07,0,0,0,0,1.95224e+07,579594,0,1.27634e+07
4.01444e+07,0,0,0,0,1.95293e+07,579798,0,1.27634e+07
4.07466e+07,0,0,0,0,2.02849e+07,602229,0,1.27634e+07
4.13491e+07,0,0,0,0,2.02921e+07,602441,0,1.27634e+07
4.19517e+07,0,0,0,0,2.02993e+07,602654,0,1.27634e+07
4.25546e+07,0,0,0,0,2.03064e+07,602867,0,1.27634e+07
4.3149e+07,0,0,0,0,2.00214e+07,594407,0,1.27634e+07
4.37436e+07,0,0,0,0,2.00285e+07,594617,0,1.27634e+07
4.43384e+07,0,0,0,0,2.00356e+07,594827,0,1.27634e+07
4.49335e+07,0,0,0,0,2.00426e+07,595037,0,1.27634e+07
4.55589e+07,0,0,0,0,2.10654e+07,625395,0,1.27634e+07
4.61845e+07,0,0,0,0,2.10729e+07,625616,0,1.27634e+07
4.68103e+07,0,0,0,0,2.10803e+07,625837,0,1.27634e+07
4.74364e+07,0,0,0,0,2.10877e+07,626057,0,1.27634e+07
4.80627e+07,0,0,0,0,2.10952e+07,626278,0,1.27634e+07
4.86949e+07,0,0,0,0,2.1296e+07,632203,0,1.27634e+07
4.93273e+07,0,0,0,0,2.13035e+07,632426,0,1.27634e+07
4.99599e+07,0,0,0,0,2.1311e+07,632649,0,1.27634e+07
5.05928e+07,0,0,0,0,2.13185e+07,632872,0,1.27634e+07
5.1241e+07,0,0,0,0,2.18354e+07,648215,0,1.27634e+07
5.18895e+07,0,0,0,0,2.18431e+07,648443,0,1.27634e+07
5.25381e+07,0,0,0,0,2.18508e+07,648672,0,1.27634e+07
5.3187e+07,0,0,0,0,2.18585e+07,648900,0,1.27634e+07
5.38857e+07,0,0,0,0,2.35364e+07,698694,0,1.27634e+07
5.45847e+07,0,0,0,0,2.35447e+07,698940,0,1.27634e+07
5.52839e+07,0,0,0,0,2.3553e+07,699187,0,1.27634e+07
5.59833e+07,0,0,0,0,2.35613e+07,699433,0,1.27634e+07
5.6683e+07,0,0,0,0,2.35696e+07,699679,0,1.27634e+07
5.73554e+07,0,0,0,0,2.26503e+07,672408,0,1.27634e+07
5.8028e+07,0,0,0,0,2.26583e+07,672645,0,1.27634e+07
5.87009e+07,0,0,0,0,2.26663e+07,672882,0,1.27634e+07
5.9374e+07,0,0,0,0,2.26743e+07,673119,0,1.27634e+07
6.00232e+07,0,0,0,0,2.18688e+07,649228,0,1.27634e+07
6.06727e+07,0,0,0,0,2.18765e+07,649457,0,1.27634e+07
6.13224e+07,0,0,0,0,2.18842e+07,649686,0,1.27634e+07
6.19723e+07,0,0,0,0,2.18919e+07,649914,0,1.27634e+07
6.25655e+07,0,0,0,0,1.99795e+07,593167,0,1.27634e+07
6.31588e+07,0,0,0,0,1.99866e+07,593376,0,1.27634e+07
6.37524e+07,0,0,0,0,1.99936e+07,593585,0,1.27634e+07
6.43462e+07,0,0,0,0,2.00006e+07,593794,0,1.27634e+07
6.49402e+07,0,0,0,0,2.00077e+07,594002,0,1.27634e+07
6.55533e+07,0,0,0,1.25761e-71,2.06513e+07,613111,0,1.27634e+07
6.61667e+07,0,0,0,0,2.06584e+07,613320,0,1.27634e+07
6.67802e+07,0,0,0,0,2.06654e+07,613528,0,1.27634e+07
6.73939e+07,0,0,0,0,2.06724e+07,613737,0,1.27634e+07
6.80737e+07,0,0,0,0,2.28976e+07,679780,0,1.27634e+07
6.87537e+07,0,0,0,0,2.29053e+07,680011,0,1.27634e+07
6.9434e+07,0,0,0,0,2.29131e+07,680242,0,1.27634e+07
7.01144e+07,0,0,0,0,2.29209e+07,680473,0,1.27634e+07
7.07041e+07,0,0,0,0,1.98603e+07,589624,0,1.27634e+07
7.12939e+07,0,0,0,0,1.9867e+07,589824,0,1.27634e+07
7.18839e+07,0,0,0,0,1.98738e+07,590025,0,1.27634e+07
7.24741e+07,0,0,0,0,1.98805e+07,590225,0,1.27634e+07
7.30646e+07,0,0,0,0,1.98873e+07,590426,0,1.27634e+07
7.36778e+07,0,0,0,0,2.06565e+07,613259,0,1.27634e+07
7.42913e+07,0,0,0,0,2.06635e+07,613467,0,1.27634e+07
7.4905e+07,0,0,0,0,2.06705e+07,613675,0,1.27634e+07
7.55188e+07,0,0,0,0,2.06775e+07,613884,0,1.27634e+07
7.61241e+07,0,0,0,0,2.0387e+07,605261,0,1.27634e+07
7.67296e+07,0,0,0,0,2.0394e+07,605467,0,1.27634e+07
7.73352e+07,0,0,0,0,2.04009e+07,605672,0,1.27634e+07
7.79411e+07,0,0,0,0,2.04078e+07,605878,0,1.27634e+07
7.85779e+07,0,0,0,0,2.14489e+07,636781,0,1.27634e+07
7.92149e+07,0,0,0,0,2.14562e+07,636997,0,1.27634e+07
7.98521e+07,0,0,0,0,2.14635e+07,637213,0,1.27634e+07
8.04895e+07,0,0,0,0,2.14708e+07,637429,0,1.27634e+07
8.11272e+07,0,0,0,0,2.14781e+07,637646,0,1.27634e+07
8.17709e+07,0,0,0,0,2.16822e+07,643669,0,1.27634e+07
8.24147e+07,0,0,0,0,2.16896e+07,643887,0,1.27634e+07
8.30588e+07,0,0,0,0,2.16969e+07,644106,0,1.27634e+07
8.37032e+07,0,0,0,0,2.17043e+07,644324,0,1.27634e+07
8.43631e+07,0,0,0,0,2.22302e+07,659936,0,1.27634e+07
8.50233e+07,0,0,0,0,2.22377e+07,660159,0,1.27634e+07
8.56836e+07,0,0,0,0,2.22453e+07,660383,0,1.27634e+07
8.63443e+07,0,0,0,0,2.22528e+07,660607,0,1.27634e+07
8.70555e+07,0,0,0,0,2.39607e+07,711290,0,1.27634e+07
8.77671e+07,0,0,0,0,2.39689e+07,711531,0,1.27634e+07
8.84788e+07,0,0,0,0,2.3977e+07,711772,0,1.27634e+07
8.91909e+07,0,0,0,0,2.39851e+07,712013,0,1.27634e+07
8.99031e+07,0,0,0,0,2.39932e+07,712255,0,1.27634e+07
9.05876e+07,0,0,0,0,2.30571e+07,684484,0,1.27634e+07
9.12723e+07,0,0,0,0,2.30649e+07,684716,0,1.27634e+07
9.19573e+07,0,0,0,0,2.30727e+07,684948,0,1.27634e+07
9.26424e+07,0,0,0,0,2.30805e+07,685180,0,1.27634e+07
9.33033e+07,0,0,0,0,2.22603e+07,660853,0,1.27634e+07
9.39644e+07,0,0,0,0,2.22679e+07,661076,0,1.27634e+07
9.46257e+07,0,0,0,0,2.22754e+07,661300,0,1.27634e+07
9.52872e+07,0,0,0,0,2.22829e+07,661524,0,1.27634e+07
9.5891e+07,0,0,0,0,2.03362e+07,603755,0,1.27634e+07
9.64949e+07,0,0,0,0,2.03431e+07,603960,0,1.27634e+07
9.70991e+07,0,0,0,0,2.03499e+07,604164,0,1.27634e+07
9.77034e+07,0,0,0,0,2.03568e+07,604368,0,1.27634e+07
9.8308e+07,0,0,0,0,2.03637e+07,604573,0,1.27634e+07
9.8932e+07,0,0,0,1.25761e-71,2.10185e+07,624013,0,1.27634e+07
9.95562e+07,0,0,0,0,2.10254e+07,624217,0,1.27634e+07
1.00181e+08,0,0,0,0,2.10323e+07,624421,0,1.27634e+07
1.00805e+08,0,0,0,0,2.10391e+07,624625,0,1.27634e+07
1.01497e+08,0,0,0,0,2.33035e+07,691830,0,1.27634e+07
1.02189e+08,0,0,0,0,2.33111e+07,692056,0,1.27634e+07
1.02881e+08,0,0,0,0,2.33187e+07,692282,0,1.27634e+07
1.03574e+08,0,0,0,0,2.33263e+07,692508,0,1.27634e+07
1.04174e+08,0,0,0,0,2.02112e+07,600044,0,1.27634e+07
1.04774e+08,0,0,0,0,2.02178e+07,600240,0,1.27634e+07
1.05375e+08,0,0,0,0,2.02244e+07,600435,0,1.27634e+07
1.05975e+08,0,0,0,0,2.0231e+07,600631,0,1.27634e+07
1.06576e+08,0,0,0,0,2.02376e+07,600827,0,1.27634e+07
1.072e+08,0,0,0,0,2.10201e+07,624054,0,1.27634e+07
1.07824e+08,0,0,0,0,2.1027e+07,624258,0,1.27634e+07
1.08449e+08,0,0,0,0,2.10338e+07,624462,0,1.27634e+07
1.09074e+08,0,0,0,0,2.10407e+07,624665,0,1.27634e+07
1.09689e+08,0,0,0,0,2.07448e+07,615883,0,1.27634e+07
1.10306e+08,0,0,0,0,2.07516e+07,616084,0,1.27634e+07
1.10922e+08,0,0,0,0,2.07583e+07,616284,0,1.27634e+07
1.11538e+08,0,0,0,0,2.07651e+07,616485,0,1.27634e+07
1.12186e+08,0,0,0,0,2.18242e+07,647921,0,1.27634e+07
1.12834e+08,0,0,0,0,2.18313e+07,648132,0,1.27634e+07
1.13483e+08,0,0,0,0,2.18384e+07,648343,0,1.27634e+07
1.14131e+08,0,0,0,0,2.18455e+07,648555,0,1.27634e+07
1.1478e+08,0,0,0,0,2.18526e+07,648766,0,1.27634e+07
1.15435e+08,0,0,0,0,2.206e+07,654886,0,1.27634e+07
1.1609e+08,0,0,0,0,2.20672e+07,655099,0,1.27634e+07
1.16745e+08,0,0,0,0,2.20744e+07,655313,0,1.27634e+07
1.17401e+08,0,0,0,0,2.20816e+07,655526,0,1.27634e+07
1.18072e+08,0,0,0,0,2.26164e+07,671400,0,1.27634e+07
1.18744e+08,0,0,0,0,2.26237e+07,671619,0,1.27634e+07
1.19416e+08,0,0,0,0,2.26311e+07,671837,0,1.27634e+07
1.20088e+08,0,0,0,0,2.26385e+07,672056,0,1.27634e+07
1.20811e+08,0,0,0,0,2.43757e+07,723608,0,1.27634e+07
1.21535e+08,0,0,0,0,2.43836e+07,723843,0,1.27634e+07
1.22259e+08,0,0,0,0,2.43916e+07,724079,0,1.27634e+07
1.22984e+08,0,0,0,0,2.43995e+07,724314,0,1.27634e+07
1.23708e+08,0,0,0,0,2.44074e+07,724550,0,1.27634e+07
1.24404e+08,0,0,0,0,2.34548e+07,696291,0,1.27634e+07
1.25101e+08,0,0,0,0,2.34624e+07,696518,0,1.27634e+07
1.25798e+08,0,0,0,0,2.34701e+07,696744,0,1.27634e+07
1.26495e+08,0,0,0,0,2.34777e+07,696971,0,1.27634e+07
1.27167e+08,0,0,0,0,2.26431e+07,672216,0,1.27634e+07
1.27839e+08,0,0,0,0,2.26505e+07,672435,0,1.27634e+07
1.28512e+08,0,0,0,0,2.26578e+07,672653,0,1.27634e+07
1.29185e+08,0,0,0,0,2.26652e+07,672872,0,1.27634e+07
1.29799e+08,0,0,0,0,2.06847e+07,614104,0,1.27634e+07
1.30413e+08,0,0,0,0,2.06915e+07,614304,0,1.27634e+07
1.31028e+08,0,0,0,0,2.06982e+07,614503,0,1.27634e+07
1.31642e+08,0,0,0,0,2.07049e+07,614703,0,1.27634e+07
1.32257e+08,0,0,0,0,2.07117e+07,614903,0,1.27634e+07
1.32892e+08,0,0,0,1.25761e-71,2.13774e+07,634667,0,1.27634e+07
1.33527e+08,0,0,0,0,2.13841e+07,634866,0,1.27634e+07
1.34162e+08,0,0,0,0,2.13908e+07,635065,0,1.27634e+07
1.34797e+08,0,0,0,0,2.13975e+07,635264,0,1.27634e+07
1.35501e+08,0,0,0,0,2.37001e+07,703604,0,1.27634e+07
1.36205e+08,0,0,0,0,2.37075e+07,703825,0,1.27634e+07
1.36909e+08,0,0,0,0,2.37149e+07,704045,0,1.27634e+07
1.37613e+08,0,0,0,0,2.37223e+07,704266,0,1.27634e+07
1.38223e+08,0,0,0,0,2.05541e+07,610224,0,1.27634e+07
1.38834e+08,0,0,0,0,2.05606e+07,610415,0,1.27634e+07
1.39444e+08,0,0,0,0,2.0567e+07,610606,0,1.27634e+07
1.40055e+08,0,0,0,0,2.05734e+07,610797,0,1.27634e+07
1.40666e+08,0,0,0,0,2.05799e+07,610988,0,1.27634e+07
1.41301e+08,0,0,0,0,2.13753e+07,634600,0,1.27634e+07
1.41935e+08,0,0,0,0,2.1382e+07,634798,0,1.27634e+07
1.4257e+08,0,0,0,0,2.13887e+07,634997,0,1.27634e+07
1.43206e+08,0,0,0,0,2.13954e+07,635196,0,1.27634e+07
1.43832e+08,0,0,0,0,2.10942e+07,626257,0,1.27634e+07
1.44458e+08,0,0,0,0,2.11008e+07,626453,0,1.27634e+07
1.45085e+08,0,0,0,0,2.11074e+07,626649,0,1.27634e+07
1.45712e+08,0,0,0,0,2.1114e+07,626845,0,1.27634e+07
1.46371e+08,0,0,0,0,2.21906e+07,658800,0,1.27634e+07
1.4703e+08,0,0,0,0,2.21976e+07,659006,0,1.27634e+07
1.47689e+08,0,0,0,0,2.22045e+07,659212,0,1.27634e+07
1.48348e+08,0,0,0,0,2.22114e+07,659418,0,1.27634e+07
1.49008e+08,0,0,0,0,2.22184e+07,659624,0,1.27634e+07
1.49674e+08,0,0,0,0,2.2429e+07,665838,0,1.27634e+07
1.5034e+08,0,0,0,0,2.2436e+07,666046,0,1.27634e+07
1.51006e+08,0,0,0,0,2.2443e+07,666254,0,1.27634e+07
1.51672e+08,0,0,0,0,2.245e+07,666462,0,1.27634e+07
1.52355e+08,0,0,0,0,2.29934e+07,682592,0,1.27634e+07
1.53038e+08,0,0,0,0,2.30006e+07,682805,0,1.27634e+07
1.53721e+08,0,0,0,0,2.30077e+07,683019,0,1.27634e+07
1.54404e+08,0,0,0,0,2.30149e+07,683232,0,1.27634e+07
1.5514e+08,0,0,0,0,2.47807e+07,735631,0,1.27634e+07
1.55876e+08,0,0,0,0,2.47885e+07,735861,0,1.27634e+07
1.56612e+08,0,0,0,0,2.47962e+07,736091,0,1.27634e+07
1.57348e+08,0,0,0,0,2.48039e+07,736321,0,1.27634e+07
1.58085e+08,0,0,0,0,2.48117e+07,736551,0,1.27634e+07
1.58792e+08,0,0,0,0,2.3843e+07,707814,0,1.27634e+07
1.595e+08,0,0,0,0,2.38504e+07,708035,0,1.27634e+07
1.60209e+08,0,0,0,0,2.38579e+07,708256,0,1.27634e+07
1.60917e+08,0,0,0,0,2.38653e+07,708477,0,1.27634e+07
1.616e+08,0,0,0,0,2.30166e+07,683305,0,1.27634e+07
1.62284e+08,0,0,0,0,2.30238e+07,683518,0,1.27634e+07
1.62968e+08,0,0,0,0,2.3031e+07,683731,0,1.27634e+07
1.63652e+08,0,0,0,0,2.30382e+07,683945,0,1.27634e+07
1.64276e+08,0,0,0,0,2.10249e+07,624201,0,1.27634e+07
1.649e+08,0,0,0,0,2.10314e+07,624396,0,1.27634e+07
1.65525e+08,0,0,0,0,2.1038e+07,624591,0,1.27634e+07
1.6615e+08,0,0,0,0,2.10445e+07,624786,0,1.27634e+07
1.66775e+08,0,0,0,0,2.10511e+07,624981,0,1.27634e+07
1.6742e+08,0,0,0,0,2.17275e+07,645060,0,1.27634e+07
1.68065e+08,0,0,0,1.25761e-71,2.1734e+07,645254,0,1.27634e+07
1.6871e+08,0,0,0,0,2.17405e+07,645448,0,1.27634e+07
1.69356e+08,0,0,0,0,2.17471e+07,645642,0,1.27634e+07
1.70071e+08,0,0,0,0,2.40869e+07,715089,0,1.27634e+07
1.70786e+08,0,0,0,0,2.40942e+07,715304,0,1.27634e+07
1.71502e+08,0,0,0,0,2.41014e+07,715519,0,1.27634e+07
1.72218e+08,0,0,0,0,2.41086e+07,715734,0,1.27634e+07
1.72838e+08,0,0,0,0,2.08885e+07,620152,0,1.27634e+07
1.73458e+08,0,0,0,0,2.08948e+07,620339,0,1.27634e+07
1.74079e+08,0,0,0,0,2.09011e+07,620525,0,1.27634e+07
1.74699e+08,0,0,0,0,2.09074e+07,620711,0,1.27634e+07
1.7532e+08,0,0,0,0,2.09136e+07,620897,0,1.27634e+07
1.75965e+08,0,0,0,0,2.17217e+07,644883,0,1.27634e+07
1.7661e+08,0,0,0,0,2.17282e+07,645077,0,1.27634e+07
1.77256e+08,0,0,0,0,2.17347e+07,645270,0,1.27634e+07
1.77901e+08,0,0,0,0,2.17412e+07,645464,0,1.27634e+07
1.78537e+08,0,0,0,0,2.1435e+07,636373,0,1.27634e+07
1.79174e+08,0,0,0,0,2.14414e+07,636563,0,1.27634e+07
1.79811e+08,0,0,0,0,2.14478e+07,636754,0,1.27634e+07
1.80448e+08,0,0,0,0,2.14543e+07,636945,0,1.27634e+07
1.81117e+08,0,0,0,0,2.25479e+07,669407,0,1.27634e+07
1.81787e+08,0,0,0,0,2.25546e+07,669608,0,1.27634e+07
1.82456e+08,0,0,0,0,2.25614e+07,669808,0,1.27634e+07
1.83126e+08,0,0,0,0,2.25682e+07,670009,0,1.27634e+07
1.83797e+08,0,0,0,0,2.25749e+07,670210,0,1.27634e+07
1.84473e+08,0,0,0,0,2.27886e+07,676514,0,1.27634e+07
1.8515e+08,0,0,0,0,2.27954e+07,676717,0,1.27634e+07
1.85827e+08,0,0,0,0,2.28023e+07,676920,0,1.27634e+07
1.86504e+08,0,0,0,0,2.28091e+07,677123,0,1.27634e+07
1.87197e+08,0,0,0,0,2.33609e+07,693502,0,1.27634e+07
1.87891e+08,0,0,0,0,2.33679e+07,693709,0,1.27634e+07
1.88585e+08,0,0,0,0,2.33749e+07,693917,0,1.27634e+07
1.89279e+08,0,0,0,0,2.33819e+07,694125,0,1.27634e+07
1.90027e+08,0,0,0,0,2.51755e+07,747350,0,1.27634e+07
1.90774e+08,0,0,0,0,2.5183e+07,747574,0,1.27634e+07
1.91522e+08,0,0,0,0,2.51906e+07,747798,0,1.27634e+07
1.9227e+08,0,0,0,0,2.51981e+07,748022,0,1.27634e+07
1.93018e+08,0,0,0,0,2.52057e+07,748246,0,1.27634e+07
1.93737e+08,0,0,0,0,2.42212e+07,719044,0,1.27634e+07
1.94456e+08,0,0,0,0,2.42285e+07,719259,0,1.27634e+07
1.95176e+08,0,0,0,0,2.42358e+07,719474,0,1.27634e+07
1.95896e+08,0,0,0,0,2.4243e+07,719690,0,1.27634e+07
1.9659e+08,0,0,0,0,2.33806e+07,694110,0,1.27634e+07
1.97284e+08,0,0,0,0,2.33876e+07,694318,0,1.27634e+07
1.97979e+08,0,0,0,0,2.33946e+07,694525,0,1.27634e+07
1.98673e+08,0,0,0,0,2.34016e+07,694733,0,1.27634e+07
1.99307e+08,0,0,0,0,2.13562e+07,634039,0,1.27634e+07
1.99942e+08,0,0,0,0,2.13626e+07,634229,0,1.27634e+07
2.00576e+08,0,0,0,0,2.1369e+07,634419,0,1.27634e+07
2.01211e+08,0,0,0,0,2.13754e+07,634609,0,1.27634e+07
2.01845e+08,0,0,0,0,2.13818e+07,634798,0,1.27634e+07
2.0248e+08,0,0,0,0,2.13818e+07,634798,0,1.27634e+07
2.03135e+08,0,0,0,1.25761e-71,2.20685e+07,655185,0,1.27634e+07
2.03791e+08,0,0,0,0,2.20749e+07,655374,0,1.27634e+07
2.04446e+08,0,0,0,0,2.20812e+07,655562,0,1.27634e+07
2.05102e+08,0,0,0,0,2.20876e+07,655751,0,1.27634e+07
2.05828e+08,0,0,0,0,2.44638e+07,726276,0,1.27634e+07
2.06555e+08,0,0,0,0,2.44708e+07,726485,0,1.27634e+07
2.07282e+08,0,0,0,0,2.44778e+07,726694,0,1.27634e+07
2.08008e+08,0,0,0,0,2.44849e+07,726903,0,1.27634e+07
2.08638e+08,0,0,0,0,2.12143e+07,629822,0,1.27634e+07
2.09268e+08,0,0,0,0,2.12204e+07,630003,0,1.27634e+07
2.09898e+08,0,0,0,0,2.12265e+07,630184,0,1.27634e+07
2.10529e+08,0,0,0,0,2.12326e+07,630366,0,1.27634e+07
2.11159e+08,0,0,0,0,2.12387e+07,630547,0,1.27634e+07
2.11814e+08,0,0,0,0,2.2059e+07,654897,0,1.27634e+07
2.12469e+08,0,0,0,0,2.20653e+07,655086,0,1.27634e+07
2.13125e+08,0,0,0,0,2.20717e+07,655274,0,1.27634e+07
2.1378e+08,0,0,0,0,2.2078e+07,655462,0,1.27634e+07
2.14426e+08,0,0,0,0,2.17667e+07,646222,0,1.27634e+07
2.15073e+08,0,0,0,0,2.1773e+07,646407,0,1.27634e+07
2.15719e+08,0,0,0,0,2.17792e+07,646593,0,1.27634e+07
2.16366e+08,0,0,0,0,2.17855e+07,646779,0,1.27634e+07
2.17046e+08,0,0,0,0,2.28957e+07,679733,0,1.27634e+07
2.17726e+08,0,0,0,0,2.29023e+07,679928,0,1.27634e+07
2.18406e+08,0,0,0,0,2.29088e+07,680123,0,1.27634e+07
2.19086e+08,0,0,0,0,2.29154e+07,680318,0,1.27634e+07
2.19767e+08,0,0,0,0,2.2922e+07,680514,0,1.27634e+07
2.20454e+08,0,0,0,0,2.31387e+07,686906,0,1.27634e+07
2.21141e+08,0,0,0,0,2.31453e+07,687104,0,1.27634e+07
2.21828e+08,0,0,0,0,2.3152e+07,687301,0,1.27634e+07
2.22516e+08,0,0,0,0,2.31586e+07,687498,0,1.27634e+07
2.2322e+08,0,0,0,0,2.37185e+07,704119,0,1.27634e+07
2.23924e+08,0,0,0,0,2.37253e+07,704321,0,1.27634e+07
2.24628e+08,0,0,0,0,2.37321e+07,704523,0,1.27634e+07
2.25333e+08,0,0,0,0,2.37389e+07,704725,0,1.27634e+07
2.26092e+08,0,0,0,0,2.55596e+07,758753,0,1.27634e+07
2.26851e+08,0,0,0,0,2.5567e+07,758971,0,1.27634e+07
2.2761e+08,0,0,0,0,2.55743e+07,759189,0,1.27634e+07
2.2837e+08,0,0,0,0,2.55816e+07,759407,0,1.27634e+07
2.29129e+08,0,0,0,0,2.5589e+07,759624,0,1.27634e+07
2.29859e+08,0,0,0,0,2.45893e+07,729969,0,1.27634e+07
2.30589e+08,0,0,0,0,2.45963e+07,730178,0,1.27634e+07
2.3132e+08,0,0,0,0,2.46034e+07,730388,0,1.27634e+07
2.3205e+08,0,0,0,0,2.46104e+07,730597,0,1.27634e+07
2.32755e+08,0,0,0,0,2.37346e+07,704621,0,1.27634e+07
2.3346e+08,0,0,0,0,2.37414e+07,704823,0,1.27634e+07
2.34165e+08,0,0,0,0,2.37482e+07,705025,0,1.27634e+07
2.3487e+08,0,0,0,0,2.3755e+07,705227,0,1.27634e+07
2.35514e+08,0,0,0,0,2.16785e+07,643608,0,1.27634e+07
2.36157e+08,0,0,0,0,2.16847e+07,643793,0,1.27634e+07
2.36801e+08,0,0,0,0,2.1691e+07,643977,0,1.27634e+07
2.37446e+08,0,0,0,0,2.16972e+07,644162,0,1.27634e+07
2.3809e+08,0,0,0,0,2.17034e+07,644346,0,1.27634e+07
2.38755e+08,0,0,0,1.25761e-71,2.24001e+07,665031,0,1.27634e+07
2.3942e+08,0,0,0,0,2.24063e+07,665214,0,1.27634e+07
2.40086e+08,0,0,0,0,2.24125e+07,665397,0,1.27634e+07
2.40751e+08,0,0,0,0,2.24186e+07,665580,0,1.27634e+07
2.41488e+08,0,0,0,0,2.48302e+07,737154,0,1.27634e+07
2.42226e+08,0,0,0,0,2.4837e+07,737357,0,1.27634e+07
2.42963e+08,0,0,0,0,2.48438e+07,737559,0,1.27634e+07
2.43701e+08,0,0,0,0,2.48506e+07,737762,0,1.27634e+07
2.4434e+08,0,0,0,0,2.15309e+07,639223,0,1.27634e+07
2.4498e+08,0,0,0,0,2.15368e+07,639399,0,1.27634e+07
2.45619e+08,0,0,0,0,2.15427e+07,639575,0,1.27634e+07
2.46259e+08,0,0,0,0,2.15487e+07,639750,0,1.27634e+07
2.46899e+08,0,0,0,0,2.15546e+07,639926,0,1.27634e+07
2.47563e+08,0,0,0,0,2.23868e+07,664631,0,1.27634e+07
2.48228e+08,0,0,0,0,2.2393e+07,664813,0,1.27634e+07
2.48893e+08,0,0,0,0,2.23991e+07,664996,0,1.27634e+07
2.49558e+08,0,0,0,0,2.24053e+07,665179,0,1.27634e+07
2.50214e+08,0,0,0,0,2.20891e+07,655793,0,1.27634e+07
2.5087e+08,0,0,0,0,2.20952e+07,655973,0,1.27634e+07
2.51526e+08,0,0,0,0,2.21013e+07,656154,0,1.27634e+07
2.52183e+08,0,0,0,0,2.21073e+07,656334,0,1.27634e+07
2.52872e+08,0,0,0,0,2.32336e+07,689766,0,1.27634e+07
2.53562e+08,0,0,0,0,2.324e+07,689955,0,1.27634e+07
2.54253e+08,0,0,0,0,2.32464e+07,690145,0,1.27634e+07
2.54943e+08,0,0,0,0,2.32528e+07,690334,0,1.27634e+07
2.55633e+08,0,0,0,0,2.32592e+07,690524,0,1.27634e+07
2.5633e+08,0,0,0,0,2.34787e+07,697002,0,1.27634e+07
2.57028e+08,0,0,0,0,2.34852e+07,697193,0,1.27634e+07
2.57725e+08,0,0,0,0,2.34916e+07,697385,0,1.27634e+07
2.58423e+08,0,0,0,0,2.34981e+07,697576,0,1.27634e+07
2.59137e+08,0,0,0,0,2.40659e+07,714432,0,1.27634e+07
2.59852e+08,0,0,0,0,2.40725e+07,714628,0,1.27634e+07
2.60566e+08,0,0,0,0,2.40791e+07,714824,0,1.27634e+07
2.61281e+08,0,0,0,0,2.40857e+07,715020,0,1.27634e+07
2.62051e+08,0,0,0,0,2.59327e+07,769828,0,1.27634e+07
2.62821e+08,0,0,0,0,2.59398e+07,770039,0,1.27634e+07
2.63592e+08,0,0,0,0,2.59469e+07,770250,0,1.27634e+07
2.64362e+08,0,0,0,0,2.5954e+07,770462,0,1.27634e+07
2.65133e+08,0,0,0,0,2.59612e+07,770673,0,1.27634e+07
2.65873e+08,0,0,0,0,2.49466e+07,740577,0,1.27634e+07
2.66614e+08,0,0,0,0,2.49535e+07,740780,0,1.27634e+07
2.67355e+08,0,0,0,0,2.49603e+07,740983,0,1.27634e+07
2.67825e+08,0,0,0,0,2.53891e+07,470002,0,1.27634e+07
2.6827e+08,0,0,0,0,2.44985e+07,444775,0,1.27634e+07
2.68525e+08,0,0,0,0,2.47997e+07,255623,0,1.27634e+07
2.68782e+08,0,0,0,0,2.48046e+07,256903,0,1.27634e+07
2.69498e+08,0,0,0,0,2.40982e+07,715413,0,1.27634e+07
2.70151e+08,0,0,0,0,2.19914e+07,652896,0,1.27634e+07
2.70804e+08,0,0,0,0,2.19974e+07,653075,0,1.27634e+07
2.71457e+08,0,0,0,0,2.20034e+07,653254,0,1.27634e+07
2.7211e+08,0,0,0,0,2.20095e+07,653433,0,1.27634e+07
2.72764e+08,0,0,0,0,2.20155e+07,653612,0,1.27634e+07
2.73439e+08,0,0,0,1.25761e-71,2.2722e+07,674586,0,1.27634e+07
2.73381e+08,0,0,0,0,2.38672e+07,-57443.1,0,1.27634e+07
2.73325e+08,0,0,0,0,2.38716e+07,-56299.4,0,1.27634e+07
2.7327e+08,0,0,0,0,2.38761e+07,-55155.4,0,1.27634e+07
2.74017e+08,0,0,0,0,2.51857e+07,747709,0,1.27634e+07
2.74765e+08,0,0,0,0,2.51923e+07,747905,0,1.27634e+07
2.75513e+08,0,0,0,0,2.51989e+07,748102,0,1.27634e+07
2.76262e+08,0,0,0,0,2.52055e+07,748298,0,1.27634e+07
2.7691e+08,0,0,0,0,2.18381e+07,648344,0,1.27634e+07
2.76686e+08,0,0,0,0,2.32015e+07,-224121,0,1.27634e+07
2.76463e+08,0,0,0,0,2.32058e+07,-223022,0,1.27634e+07
2.76241e+08,0,0,0,0,2.32101e+07,-221923,0,1.27634e+07
2.7602e+08,0,0,0,0,2.32144e+07,-220823,0,1.27634e+07
2.76694e+08,0,0,0,0,2.27049e+07,674073,0,1.27634e+07
2.77369e+08,0,0,0,0,2.27108e+07,674250,0,1.27634e+07
2.78043e+08,0,0,0,0,2.27168e+07,674427,0,1.27634e+07
2.78718e+08,0,0,0,0,2.27228e+07,674604,0,1.27634e+07
2.79383e+08,0,0,0,0,2.24018e+07,665077,0,1.27634e+07
2.80048e+08,0,0,0,0,2.24077e+07,665252,0,1.27634e+07
2.80713e+08,0,0,0,0,2.24136e+07,665426,0,1.27634e+07
2.81379e+08,0,0,0,0,2.24195e+07,665601,0,1.27634e+07
2.82078e+08,0,0,0,0,2.35614e+07,699497,0,1.27634e+07
2.82778e+08,0,0,0,0,2.35676e+07,699680,0,1.27634e+07
2.83478e+08,0,0,0,0,2.35738e+07,699864,0,1.27634e+07
2.84178e+08,0,0,0,0,2.358e+07,700047,0,1.27634e+07
2.84878e+08,0,0,0,0,2.35862e+07,700231,0,1.27634e+07
2.85585e+08,0,0,0,0,2.38085e+07,706791,0,1.27634e+07
2.86292e+08,0,0,0,0,2.38147e+07,706977,0,1.27634e+07
2.86999e+08,0,0,0,0,2.3821e+07,707162,0,1.27634e+07
2.87706e+08,0,0,0,0,2.38272e+07,707348,0,1.27634e+07
2.88431e+08,0,0,0,0,2.44027e+07,724431,0,1.27634e+07
2.89156e+08,0,0,0,0,2.44091e+07,724621,0,1.27634e+07
2.8988e+08,0,0,0,0,2.44155e+07,724811,0,1.27634e+07
2.90605e+08,0,0,0,0,2.44219e+07,725001,0,1.27634e+07
2.91386e+08,0,0,0,0,2.62943e+07,780564,0,1.27634e+07
2.92157e+08,0,0,0,0,2.63166e+07,770901,0,1.27634e+07
2.92929e+08,0,0,0,0,2.63217e+07,772259,0,1.27634e+07
2.93703e+08,0,0,0,0,2.63268e+07,773617,0,1.27634e+07
2.94478e+08,0,0,0,0,2.63319e+07,774976,0,1.27634e+07
2.95223e+08,0,0,0,0,2.53011e+07,745607,0,1.27634e+07
2.95758e+08,0,0,0,0,2.56357e+07,535021,0,1.27634e+07
2.96295e+08,0,0,0,0,2.56406e+07,536317,0,1.27634e+07
2.96832e+08,0,0,0,0,2.56456e+07,537613,0,1.27634e+07
2.97344e+08,0,0,0,0,2.47424e+07,511976,0,1.27634e+07
2.97664e+08,0,0,0,0,2.50476e+07,320148,0,1.27634e+07
2.97986e+08,0,0,0,0,2.50524e+07,321387,0,1.27634e+07
2.98308e+08,0,0,0,0,2.50571e+07,322626,0,1.27634e+07
2.98569e+08,0,0,0,0,2.29194e+07,260289,0,1.27634e+07
2.98428e+08,0,0,0,0,2.355e+07,-141119,0,1.27634e+07
2.98288e+08,0,0,0,0,2.35544e+07,-140000,0,1.27634e+07
2.98149e+08,0,0,0,0,2.35587e+07,-138882,0,1.27634e+07
2.98011e+08,0,0,0,0,2.35631e+07,-137764,0,1.27634e+07
2.97895e+08,0,0,0,1.25761e-71,2.42776e+07,-115565,0,1.27634e+07
2.97898e+08,0,0,0,0,2.41003e+07,2268.01,0,1.27634e+07
2.97901e+08,0,0,0,0,2.41046e+07,3374.8,0,1.27634e+07
2.97905e+08,0,0,0,0,2.41089e+07,4481.93,0,1.27634e+07
2.97984e+08,0,0,0,0,2.65864e+07,78992.2,0,1.27634e+07
2.98503e+08,0,0,0,0,2.59089e+07,518799,0,1.27634e+07
2.99023e+08,0,0,0,0,2.59136e+07,520035,0,1.27634e+07
2.99545e+08,0,0,0,0,2.59184e+07,521271,0,1.27634e+07
2.99966e+08,0,0,0,0,2.25032e+07,420991,0,1.27634e+07
2.99798e+08,0,0,0,0,2.34239e+07,-167102,0,1.27634e+07
2.99632e+08,0,0,0,0,2.34281e+07,-166039,0,1.27634e+07
2.99467e+08,0,0,0,0,2.34323e+07,-164975,0,1.27634e+07
2.99304e+08,0,0,0,0,2.34364e+07,-163911,0,1.27634e+07
2.99166e+08,0,0,0,0,2.429e+07,-137632,0,1.27634e+07
2.99174e+08,0,0,0,0,2.40698e+07,7785.86,0,1.27634e+07
2.99183e+08,0,0,0,0,2.40741e+07,8893.01,0,1.27634e+07
2.99193e+08,0,0,0,0,2.40784e+07,10000.5,0,1.27634e+07
2.99194e+08,0,0,0,0,2.37514e+07,1272.86,0,1.27634e+07
2.9914e+08,0,0,0,0,2.38429e+07,-53740.9,0,1.27634e+07
2.99087e+08,0,0,0,0,2.38472e+07,-52649.5,0,1.27634e+07
2.99036e+08,0,0,0,0,2.38515e+07,-51557.6,0,1.27634e+07
2.9902e+08,0,0,0,0,2.50071e+07,-16290.6,0,1.27634e+07
2.99204e+08,0,0,0,0,2.47017e+07,184023,0,1.27634e+07
2.99389e+08,0,0,0,0,2.47062e+07,185173,0,1.27634e+07
2.99575e+08,0,0,0,0,2.47106e+07,186324,0,1.27634e+07
2.99763e+08,0,0,0,0,2.47151e+07,187475,0,1.27634e+07
2.99958e+08,0,0,0,0,2.49386e+07,195089,0,1.27634e+07
3.00264e+08,0,0,0,0,2.47726e+07,305870,0,1.27634e+07
3.00571e+08,0,0,0,0,2.47771e+07,307051,0,1.27634e+07
3.00879e+08,0,0,0,0,2.47816e+07,308232,0,1.27634e+07
3.01205e+08,0,0,0,0,2.53629e+07,326536,0,1.27634e+07
3.01181e+08,0,0,0,0,2.47653e+07,-24556.4,0,1.27634e+07
3.01157e+08,0,0,0,0,2.47698e+07,-23458.6,0,1.27634e+07
3.01135e+08,0,0,0,0,2.47742e+07,-22360.5,0,1.27634e+07
3.01135e+08,0,0,0,0,2.66352e+07,442.01,0,1.27634e+07
3.01927e+08,0,0,0,0,2.66511e+07,791154,0,1.27634e+07
3.02718e+08,0,0,0,0,2.66577e+07,791352,0,1.27634e+07
3.03509e+08,0,0,0,0,2.66644e+07,791550,0,1.27634e+07
3.04301e+08,0,0,0,0,2.66711e+07,791748,0,1.27634e+07
3.05062e+08,0,0,0,0,2.56282e+07,760811,0,1.27634e+07
3.05663e+08,0,0,0,0,2.58843e+07,600534,0,1.27634e+07
3.06264e+08,0,0,0,0,2.5889e+07,601788,0,1.27634e+07
3.06867e+08,0,0,0,0,2.58938e+07,603042,0,1.27634e+07
3.07444e+08,0,0,0,0,2.49785e+07,577008,0,1.27634e+07
3.07827e+08,0,0,0,0,2.52875e+07,382587,0,1.27634e+07
3.08211e+08,0,0,0,0,2.52921e+07,383785,0,1.27634e+07
3.08596e+08,0,0,0,0,2.52967e+07,384984,0,1.27634e+07
3.08918e+08,0,0,0,0,2.31306e+07,321769,0,1.27634e+07
3.08833e+08,0,0,0,0,2.37693e+07,-84975,0,1.27634e+07
3.08749e+08,0,0,0,0,2.37735e+07,-83893.7,0,1.27634e+07
3.08666e+08,0,0,0,0,2.37778e+07,-82812,0,1.27634e+07
3.08584e+08,0,0,0,0,2.3782e+07,-81730.2,0,1.27634e+07
3.08525e+08,0,0,0,1.25761e-71,2.45056e+07,-59291.1,0,1.27634e+07
3.09218e+08,0,0,0,0,2.33411e+07,692967,0,1.27634e+07
3.09911e+08,0,0,0,0,2.33467e+07,693133,0,1.27634e+07
3.10604e+08,0,0,0,0,2.33523e+07,693300,0,1.27634e+07
3.11372e+08,0,0,0,0,2.58633e+07,767827,0,1.27634e+07
3.1214e+08,0,0,0,0,2.58695e+07,768011,0,1.27634e+07
3.12908e+08,0,0,0,0,2.58757e+07,768195,0,1.27634e+07
3.13677e+08,0,0,0,0,2.58819e+07,768379,0,1.27634e+07
3.14342e+08,0,0,0,0,2.24236e+07,665727,0,1.27634e+07
3.15008e+08,0,0,0,0,2.2429e+07,665887,0,1.27634e+07
3.15674e+08,0,0,0,0,2.24344e+07,666046,0,1.27634e+07
3.16341e+08,0,0,0,0,2.24398e+07,666206,0,1.27634e+07
3.17007e+08,0,0,0,0,2.24451e+07,666365,0,1.27634e+07
3.17699e+08,0,0,0,0,2.33109e+07,692066,0,1.27634e+07
3.18391e+08,0,0,0,0,2.33165e+07,692232,0,1.27634e+07
3.19084e+08,0,0,0,0,2.33221e+07,692398,0,1.27634e+07
3.19776e+08,0,0,0,0,2.33277e+07,692564,0,1.27634e+07
3.20459e+08,0,0,0,0,2.29977e+07,682767,0,1.27634e+07
3.21142e+08,0,0,0,0,2.30032e+07,682931,0,1.27634e+07
3.21825e+08,0,0,0,0,2.30087e+07,683095,0,1.27634e+07
3.22508e+08,0,0,0,0,2.30142e+07,683258,0,1.27634e+07
3.23226e+08,0,0,0,0,2.41859e+07,718037,0,1.27634e+07
3.23944e+08,0,0,0,0,2.41917e+07,718209,0,1.27634e+07
3.24663e+08,0,0,0,0,2.41975e+07,718380,0,1.27634e+07
3.25381e+08,0,0,0,0,2.42033e+07,718552,0,1.27634e+07
3.261e+08,0,0,0,0,2.42091e+07,718725,0,1.27634e+07
3.26826e+08,0,0,0,0,2.44367e+07,725442,0,1.27634e+07
3.27551e+08,0,0,0,0,2.44426e+07,725615,0,1.27634e+07
3.28277e+08,0,0,0,0,2.44484e+07,725789,0,1.27634e+07
3.29003e+08,0,0,0,0,2.44543e+07,725963,0,1.27634e+07
3.29746e+08,0,0,0,0,2.50443e+07,743478,0,1.27634e+07
3.3049e+08,0,0,0,0,2.50503e+07,743656,0,1.27634e+07
3.31234e+08,0,0,0,0,2.50563e+07,743834,0,1.27634e+07
3.31978e+08,0,0,0,0,2.50623e+07,744012,0,1.27634e+07
3.32779e+08,0,0,0,0,2.69832e+07,801014,0,1.27634e+07
3.3358e+08,0,0,0,0,2.69897e+07,801205,0,1.27634e+07
3.34381e+08,0,0,0,0,2.69961e+07,801397,0,1.27634e+07
3.35183e+08,0,0,0,0,2.70026e+07,801589,0,1.27634e+07
3.35985e+08,0,0,0,0,2.7009e+07,801780,0,1.27634e+07
3.36755e+08,0,0,0,0,2.59526e+07,770443,0,1.27634e+07
3.37526e+08,0,0,0,0,2.59588e+07,770627,0,1.27634e+07
3.38297e+08,0,0,0,0,2.59651e+07,770811,0,1.27634e+07
3.39068e+08,0,0,0,0,2.59713e+07,770995,0,1.27634e+07
3.39811e+08,0,0,0,0,2.50458e+07,743547,0,1.27634e+07
3.40555e+08,0,0,0,0,2.50518e+07,743725,0,1.27634e+07
3.41299e+08,0,0,0,0,2.50578e+07,743903,0,1.27634e+07
3.42043e+08,0,0,0,0,2.50638e+07,744081,0,1.27634e+07
3.42722e+08,0,0,0,0,2.28718e+07,679035,0,1.27634e+07
3.43401e+08,0,0,0,0,2.28773e+07,679197,0,1.27634e+07
3.43372e+08,0,0,0,0,2.39857e+07,-29580.7,0,1.27634e+07
3.44051e+08,0,0,0,0,2.28882e+07,679522,0,1.27634e+07
3.44731e+08,0,0,0,0,2.28937e+07,679685,0,1.27634e+07
3.45432e+08,0,0,0,0,2.36276e+07,701472,0,1.27634e+07
3.46134e+08,0,0,0,1.25761e-71,2.3633e+07,701633,0,1.27634e+07
3.46836e+08,0,0,0,0,2.36384e+07,701794,0,1.27634e+07
3.47538e+08,0,0,0,0,2.36438e+07,701955,0,1.27634e+07
3.48315e+08,0,0,0,0,2.61859e+07,777404,0,1.27634e+07
3.49093e+08,0,0,0,0,2.61919e+07,777582,0,1.27634e+07
3.4987e+08,0,0,0,0,2.61979e+07,777761,0,1.27634e+07
3.50648e+08,0,0,0,0,2.6204e+07,777939,0,1.27634e+07
3.51322e+08,0,0,0,0,2.27024e+07,674003,0,1.27634e+07
3.51997e+08,0,0,0,0,2.27076e+07,674157,0,1.27634e+07
3.52671e+08,0,0,0,0,2.27128e+07,674312,0,1.27634e+07
3.53345e+08,0,0,0,0,2.2718e+07,674466,0,1.27634e+07
3.5402e+08,0,0,0,0,2.27232e+07,674621,0,1.27634e+07
3.54721e+08,0,0,0,0,2.35995e+07,700633,0,1.27634e+07
3.55421e+08,0,0,0,0,2.36049e+07,700793,0,1.27634e+07
3.56122e+08,0,0,0,0,2.36103e+07,700954,0,1.27634e+07
3.56823e+08,0,0,0,0,2.36157e+07,701115,0,1.27634e+07
3.57515e+08,0,0,0,0,2.32814e+07,691190,0,1.27634e+07
3.58206e+08,0,0,0,0,2.32867e+07,691349,0,1.27634e+07
3.58897e+08,0,0,0,0,2.32921e+07,691507,0,1.27634e+07
3.59589e+08,0,0,0,0,2.32974e+07,691666,0,1.27634e+07
3.60316e+08,0,0,0,0,2.44832e+07,726864,0,1.27634e+07
3.61043e+08,0,0,0,0,2.44889e+07,727031,0,1.27634e+07
3.6177e+08,0,0,0,0,2.44945e+07,727197,0,1.27634e+07
3.62498e+08,0,0,0,0,2.45001e+07,727364,0,1.27634e+07
3.63225e+08,0,0,0,0,2.45057e+07,727531,0,1.27634e+07
3.63959e+08,0,0,0,0,2.47359e+07,734322,0,1.27634e+07
3.64384e+08,0,0,0,0,2.52235e+07,424687,0,1.27634e+07
3.6481e+08,0,0,0,0,2.52278e+07,425794,0,1.27634e+07
3.65545e+08,0,0,0,0,2.47529e+07,734827,0,1.27634e+07
3.66297e+08,0,0,0,0,2.53499e+07,752548,0,1.27634e+07
3.6705e+08,0,0,0,0,2.53557e+07,752720,0,1.27634e+07
3.67803e+08,0,0,0,0,2.53615e+07,752893,0,1.27634e+07
3.68352e+08,0,0,0,0,2.56845e+07,549199,0,1.27634e+07
3.6896e+08,0,0,0,0,2.76269e+07,607849,0,1.27634e+07
3.69771e+08,0,0,0,0,2.73175e+07,810938,0,1.27634e+07
3.70582e+08,0,0,0,0,2.73238e+07,811123,0,1.27634e+07
3.71393e+08,0,0,0,0,2.733e+07,811309,0,1.27634e+07
3.72205e+08,0,0,0,0,2.73363e+07,811495,0,1.27634e+07
3.72985e+08,0,0,0,0,2.62668e+07,779769,0,1.27634e+07
3.7371e+08,0,0,0,0,2.63578e+07,725347,0,1.27634e+07
3.74436e+08,0,0,0,0,2.63622e+07,726522,0,1.27634e+07
3.75164e+08,0,0,0,0,2.63667e+07,727697,0,1.27634e+07
3.75865e+08,0,0,0,0,2.54283e+07,700907,0,1.27634e+07
3.76367e+08,0,0,0,0,2.57445e+07,501549,0,1.27634e+07
3.76869e+08,0,0,0,0,2.57488e+07,502672,0,1.27634e+07
3.77373e+08,0,0,0,0,2.57531e+07,503795,0,1.27634e+07
3.77812e+08,0,0,0,0,2.3533e+07,438911,0,1.27634e+07
3.77834e+08,0,0,0,0,2.41872e+07,21999.2,0,1.27634e+07
3.77857e+08,0,0,0,0,2.41912e+07,23012.7,0,1.27634e+07
3.77881e+08,0,0,0,0,2.41951e+07,24026.3,0,1.27634e+07
3.77906e+08,0,0,0,0,2.41991e+07,25040,0,1.27634e+07
3.77932e+08,0,0,0,0,2.41978e+07,25896.7,0,1.27634e+07
3.7798e+08,0,0,0,1.25761e-71,2.49402e+07,47937.7,0,1.27634e+07
3.7815e+08,0,0,0,0,2.47556e+07,170113,0,1.27634e+07
3.78321e+08,0,0,0,0,2.47595e+07,171117,0,1.27634e+07
3.78493e+08,0,0,0,0,2.47635e+07,172120,0,1.27634e+07
3.78743e+08,0,0,0,0,2.73343e+07,249311,0,1.27634e+07
3.79448e+08,0,0,0,0,2.66304e+07,705648,0,1.27634e+07
3.80235e+08,0,0,0,0,2.65099e+07,787022,0,1.27634e+07
3.81022e+08,0,0,0,0,2.65157e+07,787194,0,1.27634e+07
3.81704e+08,0,0,0,0,2.29722e+07,682014,0,1.27634e+07
3.82387e+08,0,0,0,0,2.29773e+07,682164,0,1.27634e+07
3.83069e+08,0,0,0,0,2.29823e+07,682313,0,1.27634e+07
3.83751e+08,0,0,0,0,2.29873e+07,682463,0,1.27634e+07
3.84434e+08,0,0,0,0,2.29924e+07,682612,0,1.27634e+07
3.85143e+08,0,0,0,0,2.38788e+07,708925,0,1.27634e+07
3.85852e+08,0,0,0,0,2.3884e+07,709080,0,1.27634e+07
3.86561e+08,0,0,0,0,2.38893e+07,709235,0,1.27634e+07
3.87271e+08,0,0,0,0,2.38945e+07,709391,0,1.27634e+07
3.8797e+08,0,0,0,0,2.3556e+07,699342,0,1.27634e+07
3.88669e+08,0,0,0,0,2.35611e+07,699495,0,1.27634e+07
3.89369e+08,0,0,0,0,2.35663e+07,699648,0,1.27634e+07
3.90069e+08,0,0,0,0,2.35714e+07,699801,0,1.27634e+07
3.90804e+08,0,0,0,0,2.4771e+07,735407,0,1.27634e+07
3.9154e+08,0,0,0,0,2.47764e+07,735567,0,1.27634e+07
3.92276e+08,0,0,0,0,2.47818e+07,735728,0,1.27634e+07
3.93012e+08,0,0,0,0,2.47872e+07,735889,0,1.27634e+07
3.93748e+08,0,0,0,0,2.47927e+07,736051,0,1.27634e+07
3.9449e+08,0,0,0,0,2.50253e+07,742914,0,1.27634e+07
3.94972e+08,0,0,0,0,2.54382e+07,481236,0,1.27634e+07
3.95715e+08,0,0,0,0,2.50363e+07,743239,0,1.27634e+07
3.96458e+08,0,0,0,0,2.50417e+07,743402,0,1.27634e+07
3.9722e+08,0,0,0,0,2.56454e+07,761322,0,1.27634e+07
3.97981e+08,0,0,0,0,2.5651e+07,761489,0,1.27634e+07
3.98743e+08,0,0,0,0,2.56567e+07,761655,0,1.27634e+07
3.99505e+08,0,0,0,0,2.56623e+07,761822,0,1.27634e+07
4.00325e+08,0,0,0,0,2.76286e+07,820171,0,1.27634e+07
4.01145e+08,0,0,0,0,2.76346e+07,820351,0,1.27634e+07
4.01966e+08,0,0,0,0,2.76407e+07,820530,0,1.27634e+07
4.02786e+08,0,0,0,0,2.76467e+07,820710,0,1.27634e+07
4.03607e+08,0,0,0,0,2.76527e+07,820889,0,1.27634e+07
4.04396e+08,0,0,0,0,2.65706e+07,788788,0,1.27634e+07
4.05181e+08,0,0,0,0,2.6583e+07,784726,0,1.27634e+07
4.05967e+08,0,0,0,0,2.65873e+07,785861,0,1.27634e+07
4.06754e+08,0,0,0,0,2.65916e+07,786997,0,1.27634e+07
4.07514e+08,0,0,0,0,2.56422e+07,759845,0,1.27634e+07
4.08072e+08,0,0,0,0,2.59619e+07,558137,0,1.27634e+07
4.08631e+08,0,0,0,0,2.59661e+07,559223,0,1.27634e+07
4.09191e+08,0,0,0,0,2.59703e+07,560309,0,1.27634e+07
4.09686e+08,0,0,0,0,2.37245e+07,494629,0,1.27634e+07
4.09759e+08,0,0,0,0,2.4386e+07,72879.1,0,1.27634e+07
4.09833e+08,0,0,0,0,2.43898e+07,73858.3,0,1.27634e+07
4.09907e+08,0,0,0,0,2.43936e+07,74838.2,0,1.27634e+07
4.09983e+08,0,0,0,0,2.43975e+07,75817.8,0,1.27634e+07
4.10082e+08,0,0,0,1.25761e-71,2.51469e+07,98931.7,0,1.27634e+07
4.10305e+08,0,0,0,1.25761e-71,2.496e+07,222459,0,1.27634e+07
4.11023e+08,0,0,0,0,2.41939e+07,718284,0,1.27634e+07
4.11741e+08,0,0,0,0,2.41989e+07,718434,0,1.27634e+07
4.12537e+08,0,0,0,0,2.68002e+07,795639,0,1.27634e+07
4.13333e+08,0,0,0,0,2.68058e+07,795806,0,1.27634e+07
4.14129e+08,0,0,0,0,2.68114e+07,795972,0,1.27634e+07
4.14925e+08,0,0,0,0,2.6817e+07,796139,0,1.27634e+07
4.15615e+08,0,0,0,0,2.3233e+07,689757,0,1.27634e+07
4.16305e+08,0,0,0,0,2.32379e+07,689901,0,1.27634e+07
4.16995e+08,0,0,0,0,2.32427e+07,690045,0,1.27634e+07
4.17685e+08,0,0,0,0,2.32476e+07,690189,0,1.27634e+07
4.18375e+08,0,0,0,0,2.32525e+07,690334,0,1.27634e+07
4.19092e+08,0,0,0,0,2.41487e+07,716937,0,1.27634e+07
4.19809e+08,0,0,0,0,2.41537e+07,717087,0,1.27634e+07
4.20526e+08,0,0,0,0,2.41588e+07,717237,0,1.27634e+07
4.21244e+08,0,0,0,0,2.41638e+07,717386,0,1.27634e+07
4.21951e+08,0,0,0,0,2.38212e+07,707217,0,1.27634e+07
4.22658e+08,0,0,0,0,2.38262e+07,707365,0,1.27634e+07
4.23366e+08,0,0,0,0,2.38312e+07,707513,0,1.27634e+07
4.24074e+08,0,0,0,0,2.38362e+07,707661,0,1.27634e+07
4.24817e+08,0,0,0,0,2.50489e+07,743659,0,1.27634e+07
4.25561e+08,0,0,0,0,2.50542e+07,743814,0,1.27634e+07
4.26305e+08,0,0,0,0,2.50594e+07,743969,0,1.27634e+07
4.27049e+08,0,0,0,0,2.50646e+07,744125,0,1.27634e+07
4.27793e+08,0,0,0,0,2.50699e+07,744280,0,1.27634e+07
4.28545e+08,0,0,0,0,2.53049e+07,751213,0,1.27634e+07
4.29296e+08,0,0,0,0,2.53101e+07,751370,0,1.27634e+07
4.30047e+08,0,0,0,0,2.53154e+07,751527,0,1.27634e+07
4.30799e+08,0,0,0,0,2.53207e+07,751684,0,1.27634e+07
4.31569e+08,0,0,0,0,2.59309e+07,769796,0,1.27634e+07
4.32339e+08,0,0,0,0,2.59363e+07,769957,0,1.27634e+07
4.33109e+08,0,0,0,0,2.59417e+07,770118,0,1.27634e+07
4.33879e+08,0,0,0,0,2.59471e+07,770278,0,1.27634e+07
4.34709e+08,0,0,0,0,2.7935e+07,829267,0,1.27634e+07
4.35538e+08,0,0,0,0,2.79408e+07,829440,0,1.27634e+07
4.36368e+08,0,0,0,0,2.79466e+07,829614,0,1.27634e+07
4.37197e+08,0,0,0,0,2.79525e+07,829787,0,1.27634e+07
4.38027e+08,0,0,0,0,2.79583e+07,829960,0,1.27634e+07
4.38825e+08,0,0,0,0,2.6864e+07,797496,0,1.27634e+07
4.39623e+08,0,0,0,0,2.68696e+07,797663,0,1.27634e+07
4.4042e+08,0,0,0,0,2.68752e+07,797829,0,1.27634e+07
4.41218e+08,0,0,0,0,2.68808e+07,797996,0,1.27634e+07
4.41988e+08,0,0,0,0,2.59222e+07,769563,0,1.27634e+07
4.42758e+08,0,0,0,0,2.59276e+07,769724,0,1.27634e+07
4.43528e+08,0,0,0,0,2.5933e+07,769884,0,1.27634e+07
4.44298e+08,0,0,0,0,2.59384e+07,770045,0,1.27634e+07
4.45e+08,0,0,0,0,2.36692e+07,702708,0,1.27634e+07
4.45703e+08,0,0,0,0,2.36741e+07,702854,0,1.27634e+07
4.46406e+08,0,0,0,0,2.3679e+07,703001,0,1.27634e+07
4.47109e+08,0,0,0,0,2.3684e+07,703148,0,1.27634e+07
4.47813e+08,0,0,0,0,2.36889e+07,703294,0,1.27634e+07
4.48538e+08,0,0,0,0,2.44476e+07,725817,0,1.27634e+07
4.49264e+08,0,0,0,0,2.44524e+07,725961,0,1.27634e+07
4.4999e+08,0,0,0,0,2.44573e+07,726106,0,1.27634e+07
4.50717e+08,0,0,0,0,2.44622e+07,726251,0,1.27634e+07
4.51521e+08,0,0,0,0,2.70915e+07,804287,0,1.27634e+07
4.52325e+08,0,0,0,0,2.70969e+07,804448,0,1.27634e+07
4.5313e+08,0,0,0,0,2.71023e+07,804608,0,1.27634e+07
4.53935e+08,0,0,0,0,2.71077e+07,804768,0,1.27634e+07
4.54632e+08,0,0,0,0,2.34846e+07,697226,0,1.27634e+07
4.55329e+08,0,0,0,0,2.34893e+07,697365,0,1.27634e+07
4.56027e+08,0,0,0,0,2.3494e+07,697504,0,1.27634e+07
4.56725e+08,0,0,0,0,2.34987e+07,697643,0,1.27634e+07
4.57422e+08,0,0,0,0,2.35033e+07,697782,0,1.27634e+07
4.58147e+08,0,0,0,0,2.4409e+07,724665,0,1.27634e+07
4.58872e+08,0,0,0,0,2.44138e+07,724810,0,1.27634e+07
4.59597e+08,0,0,0,0,2.44187e+07,724954,0,1.27634e+07
4.60322e+08,0,0,0,0,2.44236e+07,725098,0,1.27634e+07
4.61037e+08,0,0,0,0,2.40771e+07,714813,0,1.27634e+07
4.61752e+08,0,0,0,0,2.40819e+07,714955,0,1.27634e+07
4.62467e+08,0,0,0,0,2.40867e+07,715098,0,1.27634e+07
4.63182e+08,0,0,0,0,2.40915e+07,715240,0,1.27634e+07
4.63934e+08,0,0,0,0,2.5317e+07,751616,0,1.27634e+07
4.64685e+08,0,0,0,0,2.5322e+07,751765,0,1.27634e+07
4.65437e+08,0,0,0,0,2.5327e+07,751915,0,1.27634e+07
4.66189e+08,0,0,0,0,2.53321e+07,752065,0,1.27634e+07
4.66942e+08,0,0,0,0,2.53371e+07,752214,0,1.27634e+07
4.67701e+08,0,0,0,0,2.55744e+07,759214,0,1.27634e+07
4.6846e+08,0,0,0,0,2.55795e+07,759365,0,1.27634e+07
4.6922e+08,0,0,0,0,2.55845e+07,759516,0,1.27634e+07
4.69979e+08,0,0,0,0,2.55896e+07,759667,0,1.27634e+07
4.70757e+08,0,0,0,0,2.6206e+07,777964,0,1.27634e+07
4.71535e+08,0,0,0,0,2.62112e+07,778119,0,1.27634e+07
4.72314e+08,0,0,0,0,2.62164e+07,778274,0,1.27634e+07
4.73092e+08,0,0,0,0,2.62217e+07,778429,0,1.27634e+07
4.7393e+08,0,0,0,0,2.82303e+07,838033,0,1.27634e+07
4.74768e+08,0,0,0,0,2.82359e+07,838200,0,1.27634e+07
4.75607e+08,0,0,0,0,2.82415e+07,838367,0,1.27634e+07
4.76445e+08,0,0,0,0,2.82471e+07,838534,0,1.27634e+07
4.77284e+08,0,0,0,0,2.82527e+07,838700,0,1.27634e+07
4.7809e+08,0,0,0,0,2.71466e+07,805887,0,1.27634e+07
4.78896e+08,0,0,0,0,2.7152e+07,806047,0,1.27634e+07
4.79702e+08,0,0,0,0,2.71574e+07,806208,0,1.27634e+07
4.80508e+08,0,0,0,0,2.71628e+07,806368,0,1.27634e+07
4.81286e+08,0,0,0,0,2.61939e+07,777629,0,1.27634e+07
4.81951e+08,0,0,0,0,2.63739e+07,665394,0,1.27634e+07
4.82729e+08,0,0,0,0,2.62043e+07,777939,0,1.27634e+07
4.83397e+08,0,0,0,0,2.63817e+07,667412,0,1.27634e+07
4.84107e+08,0,0,0,0,2.39163e+07,710046,0,1.27634e+07
4.84817e+08,0,0,0,0,2.39211e+07,710187,0,1.27634e+07
4.85527e+08,0,0,0,0,2.39258e+07,710328,0,1.27634e+07
4.85698e+08,0,0,0,0,2.47697e+07,171116,0,1.27634e+07
4.85871e+08,0,0,0,0,2.47733e+07,172026,0,1.27634e+07
4.86604e+08,0,0,0,0,2.47016e+07,733359,0,1.27634e+07
4.87337e+08,0,0,0,0,2.47063e+07,733498,0,1.27634e+07
4.8766e+08,0,0,0,0,2.53506e+07,322522,0,1.27634e+07
4.87983e+08,0,0,0,0,2.53541e+07,323418,0,1.27634e+07
4.88386e+08,0,0,0,0,2.80092e+07,403013,0,1.27634e+07
4.89199e+08,0,0,0,0,2.73771e+07,812768,0,1.27634e+07
4.90012e+08,0,0,0,0,2.73823e+07,812921,0,1.27634e+07
4.90825e+08,0,0,0,0,2.73875e+07,813075,0,1.27634e+07
4.9153e+08,0,0,0,0,2.37268e+07,704416,0,1.27634e+07
4.91667e+08,0,0,0,0,2.46131e+07,137756,0,1.27634e+07
4.92372e+08,0,0,0,0,2.37358e+07,704683,0,1.27634e+07
4.93077e+08,0,0,0,0,2.37403e+07,704816,0,1.27634e+07
4.93782e+08,0,0,0,0,2.37448e+07,704950,0,1.27634e+07
4.94514e+08,0,0,0,0,2.46595e+07,732102,0,1.27634e+07
4.95246e+08,0,0,0,0,2.46641e+07,732240,0,1.27634e+07
4.95978e+08,0,0,0,0,2.46688e+07,732379,0,1.27634e+07
4.96711e+08,0,0,0,0,2.46735e+07,732518,0,1.27634e+07
4.97433e+08,0,0,0,0,2.43232e+07,722120,0,1.27634e+07
4.98155e+08,0,0,0,0,2.43278e+07,722256,0,1.27634e+07
4.98878e+08,0,0,0,0,2.43324e+07,722393,0,1.27634e+07
4.996e+08,0,0,0,0,2.4337e+07,722530,0,1.27634e+07
5.0036e+08,0,0,0,0,2.55747e+07,759269,0,1.27634e+07
5.01119e+08,0,0,0,0,2.55796e+07,759413,0,1.27634e+07
5.01878e+08,0,0,0,0,2.55844e+07,759556,0,1.27634e+07
5.02638e+08,0,0,0,0,2.55893e+07,759700,0,1.27634e+07
5.03398e+08,0,0,0,0,2.55941e+07,759843,0,1.27634e+07
5.04165e+08,0,0,0,0,2.58335e+07,766906,0,1.27634e+07
5.04932e+08,0,0,0,0,2.58384e+07,767051,0,1.27634e+07
5.05699e+08,0,0,0,0,2.58433e+07,767196,0,1.27634e+07
5.06467e+08,0,0,0,0,2.58481e+07,767341,0,1.27634e+07
5.07252e+08,0,0,0,0,2.64705e+07,785815,0,1.27634e+07
5.08038e+08,0,0,0,0,2.64755e+07,785964,0,1.27634e+07
5.08805e+08,0,0,0,0,2.65103e+07,766959,0,1.27634e+07
5.09573e+08,0,0,0,0,2.6514e+07,767937,0,1.27634e+07
5.10402e+08,0,0,0,0,2.85413e+07,828964,0,1.27634e+07
5.11249e+08,0,0,0,0,2.85194e+07,846618,0,1.27634e+07
5.12096e+08,0,0,0,0,2.85248e+07,846778,0,1.27634e+07
5.12943e+08,0,0,0,0,2.85302e+07,846938,0,1.27634e+07
5.1379e+08,0,0,0,0,2.85356e+07,847098,0,1.27634e+07
5.14604e+08,0,0,0,0,2.74181e+07,813948,0,1.27634e+07
5.15418e+08,0,0,0,0,2.74233e+07,814102,0,1.27634e+07
5.16232e+08,0,0,0,0,2.74285e+07,814255,0,1.27634e+07
5.17046e+08,0,0,0,0,2.74337e+07,814409,0,1.27634e+07
5.17832e+08,0,0,0,0,2.64548e+07,785376,0,1.27634e+07
5.18548e+08,0,0,0,0,2.65681e+07,715938,0,1.27634e+07
5.19265e+08,0,0,0,0,2.65718e+07,716907,0,1.27634e+07
5.2005e+08,0,0,0,0,2.64698e+07,785822,0,1.27634e+07
5.20767e+08,0,0,0,0,2.41536e+07,717091,0,1.27634e+07
5.21485e+08,0,0,0,0,2.41582e+07,717226,0,1.27634e+07
5.22202e+08,0,0,0,0,2.41628e+07,717362,0,1.27634e+07
5.2292e+08,0,0,0,0,2.41673e+07,717497,0,1.27634e+07
5.23637e+08,0,0,0,0,2.41719e+07,717633,0,1.27634e+07
5.23878e+08,0,0,0,0,2.57227e+07,241042,0,1.27634e+07
5.24619e+08,0,0,0,0,2.495e+07,740732,0,1.27634e+07
5.24988e+08,0,0,0,0,2.55327e+07,369179,0,1.27634e+07
5.25358e+08,0,0,0,0,2.55361e+07,370036,0,1.27634e+07
5.25809e+08,0,0,0,0,2.82171e+07,450366,0,1.27634e+07
5.26629e+08,0,0,0,0,2.7646e+07,820751,0,1.27634e+07
5.2745e+08,0,0,0,0,2.7651e+07,820898,0,1.27634e+07
5.28271e+08,0,0,0,0,2.76559e+07,821045,0,1.27634e+07
5.28983e+08,0,0,0,0,2.39591e+07,711314,0,1.27634e+07
5.29165e+08,0,0,0,0,2.47867e+07,182271,0,1.27634e+07
5.29348e+08,0,0,0,0,2.47899e+07,183094,0,1.27634e+07
5.29532e+08,0,0,0,0,2.47932e+07,183917,0,1.27634e+07
5.29717e+08,0,0,0,0,2.47964e+07,184741,0,1.27634e+07
5.29929e+08,0,0,0,0,2.57187e+07,212847,0,1.27634e+07
5.30299e+08,0,0,0,0,2.54791e+07,369857,0,1.27634e+07
5.3067e+08,0,0,0,0,2.54824e+07,370714,0,1.27634e+07
5.31042e+08,0,0,0,0,2.54857e+07,371571,0,1.27634e+07
5.31403e+08,0,0,0,0,2.51307e+07,361789,0,1.27634e+07
5.31705e+08,0,0,0,0,2.52284e+07,301941,0,1.27634e+07
5.32008e+08,0,0,0,0,2.52317e+07,302786,0,1.27634e+07
5.32312e+08,0,0,0,0,2.5235e+07,303630,0,1.27634e+07
5.32653e+08,0,0,0,0,2.64833e+07,341431,0,1.27634e+07
5.33211e+08,0,0,0,0,2.61517e+07,557705,0,1.27634e+07
5.33769e+08,0,0,0,0,2.61551e+07,558595,0,1.27634e+07
5.34329e+08,0,0,0,0,2.61586e+07,559486,0,1.27634e+07
5.34889e+08,0,0,0,0,2.61621e+07,560376,0,1.27634e+07
5.35458e+08,0,0,0,0,2.64023e+07,568252,0,1.27634e+07
5.36145e+08,0,0,0,0,2.62214e+07,687650,0,1.27634e+07
5.36834e+08,0,0,0,0,2.62249e+07,688563,0,1.27634e+07
5.37523e+08,0,0,0,0,2.62284e+07,689477,0,1.27634e+07
5.38232e+08,0,0,0,0,2.68552e+07,708894,0,1.27634e+07
5.39026e+08,0,0,0,0,2.67286e+07,793479,0,1.27634e+07
5.39819e+08,0,0,0,0,2.67334e+07,793621,0,1.27634e+07
5.40613e+08,0,0,0,0,2.67382e+07,793763,0,1.27634e+07
5.41468e+08,0,0,0,0,2.87858e+07,854525,0,1.27634e+07
5.42322e+08,0,0,0,0,2.8791e+07,854678,0,1.27634e+07
5.43177e+08,0,0,0,0,2.87961e+07,854831,0,1.27634e+07
5.44032e+08,0,0,0,0,2.88013e+07,854984,0,1.27634e+07
5.44887e+08,0,0,0,0,2.88064e+07,855137,0,1.27634e+07
5.45709e+08,0,0,0,0,2.76781e+07,821665,0,1.27634e+07
5.46531e+08,0,0,0,0,2.7683e+07,821812,0,1.27634e+07
5.47353e+08,0,0,0,0,2.7688e+07,821959,0,1.27634e+07
5.48175e+08,0,0,0,0,2.76929e+07,822106,0,1.27634e+07
5.48967e+08,0,0,0,0,2.67046e+07,792791,0,1.27634e+07
5.49732e+08,0,0,0,0,2.67539e+07,764313,0,1.27634e+07
5.50497e+08,0,0,0,0,2.67574e+07,765239,0,1.27634e+07
5.51263e+08,0,0,0,0,2.6761e+07,766166,0,1.27634e+07
5.51961e+08,0,0,0,0,2.44216e+07,697566,0,1.27634e+07
5.52219e+08,0,0,0,0,2.51097e+07,258175,0,1.27634e+07
5.52478e+08,0,0,0,0,2.5113e+07,259010,0,1.27634e+07
5.52738e+08,0,0,0,0,2.51163e+07,259845,0,1.27634e+07
5.52998e+08,0,0,0,0,2.51195e+07,260681,0,1.27634e+07
5.53283e+08,0,0,0,0,2.58991e+07,284562,0,1.27634e+07
5.53696e+08,0,0,0,0,2.57037e+07,412985,0,1.27634e+07
5.5411e+08,0,0,0,0,2.57069e+07,413803,0,1.27634e+07
5.54524e+08,0,0,0,0,2.57101e+07,414621,0,1.27634e+07
5.55353e+08,0,0,0,0,2.78984e+07,828244,0,1.27634e+07
5.56181e+08,0,0,0,0,2.79031e+07,828385,0,1.27634e+07
5.5701e+08,0,0,0,0,2.79079e+07,828525,0,1.27634e+07
5.57838e+08,0,0,0,0,2.79126e+07,828666,0,1.27634e+07
5.58556e+08,0,0,0,0,2.41813e+07,717909,0,1.27634e+07
5.59274e+08,0,0,0,0,2.41854e+07,718031,0,1.27634e+07
5.59992e+08,0,0,0,0,2.41895e+07,718152,0,1.27634e+07
5.60711e+08,0,0,0,0,2.41936e+07,718274,0,1.27634e+07
5.61429e+08,0,0,0,0,2.41977e+07,718396,0,1.27634e+07
5.62175e+08,0,0,0,0,2.51293e+07,746051,0,1.27634e+07
5.62921e+08,0,0,0,0,2.51336e+07,746177,0,1.27634e+07
5.63668e+08,0,0,0,0,2.51378e+07,746304,0,1.27634e+07
5.64414e+08,0,0,0,0,2.51421e+07,746430,0,1.27634e+07
5.6515e+08,0,0,0,0,2.47847e+07,735821,0,1.27634e+07
5.65886e+08,0,0,0,0,2.47889e+07,735945,0,1.27634e+07
5.66622e+08,0,0,0,0,2.47931e+07,736070,0,1.27634e+07
5.67358e+08,0,0,0,0,2.47973e+07,736195,0,1.27634e+07
5.68132e+08,0,0,0,0,2.60579e+07,773613,0,1.27634e+07
5.68905e+08,0,0,0,0,2.60623e+07,773744,0,1.27634e+07
5.69679e+08,0,0,0,0,2.60667e+07,773876,0,1.27634e+07
5.70453e+08,0,0,0,0,2.60712e+07,774007,0,1.27634e+07
5.71227e+08,0,0,0,0,2.60756e+07,774138,0,1.27634e+07
5.72009e+08,0,0,0,0,2.6319e+07,781318,0,1.27634e+07
5.7279e+08,0,0,0,0,2.63234e+07,781450,0,1.27634e+07
5.73572e+08,0,0,0,0,2.63279e+07,781583,0,1.27634e+07
5.74353e+08,0,0,0,0,2.63323e+07,781715,0,1.27634e+07
5.75154e+08,0,0,0,0,2.69658e+07,800519,0,1.27634e+07
5.75955e+08,0,0,0,0,2.69704e+07,800655,0,1.27634e+07
5.76755e+08,0,0,0,0,2.69749e+07,800790,0,1.27634e+07
5.77556e+08,0,0,0,0,2.69795e+07,800926,0,1.27634e+07
5.78419e+08,0,0,0,0,2.90453e+07,862228,0,1.27634e+07
5.79281e+08,0,0,0,0,2.90502e+07,862374,0,1.27634e+07
5.80143e+08,0,0,0,0,2.90551e+07,862520,0,1.27634e+07
5.81006e+08,0,0,0,0,2.90601e+07,862666,0,1.27634e+07
5.81869e+08,0,0,0,0,2.9065e+07,862812,0,1.27634e+07
5.82698e+08,0,0,0,0,2.79262e+07,829031,0,1.27634e+07
5.83527e+08,0,0,0,0,2.79309e+07,829171,0,1.27634e+07
5.84356e+08,0,0,0,0,2.79357e+07,829312,0,1.27634e+07
5.85186e+08,0,0,0,0,2.79404e+07,829452,0,1.27634e+07
5.85986e+08,0,0,0,0,2.69429e+07,799867,0,1.27634e+07
5.86786e+08,0,0,0,0,2.69475e+07,800002,0,1.27634e+07
5.87586e+08,0,0,0,0,2.6952e+07,800138,0,1.27634e+07
5.88386e+08,0,0,0,0,2.69566e+07,800273,0,1.27634e+07
5.89116e+08,0,0,0,0,2.45973e+07,730264,0,1.27634e+07
5.89847e+08,0,0,0,0,2.46015e+07,730388,0,1.27634e+07
5.90577e+08,0,0,0,0,2.46057e+07,730511,0,1.27634e+07
5.91308e+08,0,0,0,0,2.46098e+07,730635,0,1.27634e+07
5.92039e+08,0,0,0,0,2.4614e+07,730758,0,1.27634e+07
5.9277e+08,0,0,0,0,2.4614e+07,730758,0,1.27634e+07
5.93524e+08,0,0,0,0,2.54013e+07,754131,0,1.27634e+07
5.94278e+08,0,0,0,0,2.54053e+07,754251,0,1.27634e+07
5.95032e+08,0,0,0,0,2.54094e+07,754372,0,1.27634e+07
5.95787e+08,0,0,0,0,2.54135e+07,754492,0,1.27634e+07
5.96622e+08,0,0,0,0,2.81439e+07,835531,0,1.27634e+07
5.97458e+08,0,0,0,0,2.81484e+07,835665,0,1.27634e+07
5.98294e+08,0,0,0,0,2.81529e+07,835798,0,1.27634e+07
5.9913e+08,0,0,0,0,2.81574e+07,835932,0,1.27634e+07
5.99854e+08,0,0,0,0,2.43931e+07,724197,0,1.27634e+07
6.00578e+08,0,0,0,0,2.4397e+07,724313,0,1.27634e+07
6.01303e+08,0,0,0,0,2.44009e+07,724429,0,1.27634e+07
6.02027e+08,0,0,0,0,2.44048e+07,724545,0,1.27634e+07
6.02752e+08,0,0,0,0,2.44087e+07,724661,0,1.27634e+07
6.03504e+08,0,0,0,0,2.53482e+07,752550,0,1.27634e+07
6.04257e+08,0,0,0,0,2.53523e+07,752670,0,1.27634e+07
6.0501e+08,0,0,0,0,2.53563e+07,752790,0,1.27634e+07
6.05763e+08,0,0,0,0,2.53604e+07,752911,0,1.27634e+07
6.06505e+08,0,0,0,0,2.49996e+07,742202,0,1.27634e+07
6.07247e+08,0,0,0,0,2.50036e+07,742320,0,1.27634e+07
6.0799e+08,0,0,0,0,2.50076e+07,742439,0,1.27634e+07
6.08732e+08,0,0,0,0,2.50116e+07,742557,0,1.27634e+07
6.09513e+08,0,0,0,0,2.62829e+07,780292,0,1.27634e+07
6.10293e+08,0,0,0,0,2.62871e+07,780417,0,1.27634e+07
6.11074e+08,0,0,0,0,2.62913e+07,780541,0,1.27634e+07
6.11854e+08,0,0,0,0,2.62955e+07,780666,0,1.27634e+07
6.12635e+08,0,0,0,0,2.62997e+07,780791,0,1.27634e+07
6.13423e+08,0,0,0,0,2.65449e+07,788025,0,1.27634e+07
6.14211e+08,0,0,0,0,2.65491e+07,788151,0,1.27634e+07
6.14999e+08,0,0,0,0,2.65534e+07,788277,0,1.27634e+07
6.15788e+08,0,0,0,0,2.65576e+07,788403,0,1.27634e+07
6.16595e+08,0,0,0,0,2.71962e+07,807360,0,1.27634e+07
6.17403e+08,0,0,0,0,2.72006e+07,807489,0,1.27634e+07
6.1821e+08,0,0,0,0,2.72049e+07,807618,0,1.27634e+07
6.19018e+08,0,0,0,0,2.72093e+07,807747,0,1.27634e+07
6.19888e+08,0,0,0,0,2.92924e+07,869563,0,1.27634e+07
6.20757e+08,0,0,0,0,2.92971e+07,869702,0,1.27634e+07
6.21627e+08,0,0,0,0,2.93017e+07,869841,0,1.27634e+07
6.22497e+08,0,0,0,0,2.93064e+07,869980,0,1.27634e+07
6.23367e+08,0,0,0,0,2.93111e+07,870119,0,1.27634e+07
6.24203e+08,0,0,0,0,2.81624e+07,836043,0,1.27634e+07
6.25039e+08,0,0,0,0,2.81669e+07,836177,0,1.27634e+07
6.25876e+08,0,0,0,0,2.81714e+07,836310,0,1.27634e+07
6.26712e+08,0,0,0,0,2.81759e+07,836444,0,1.27634e+07
6.27519e+08,0,0,0,0,2.71698e+07,806602,0,1.27634e+07
6.28326e+08,0,0,0,0,2.71741e+07,806730,0,1.27634e+07
6.29132e+08,0,0,0,0,2.71785e+07,806859,0,1.27634e+07
6.29939e+08,0,0,0,0,2.71828e+07,806988,0,1.27634e+07
6.30676e+08,0,0,0,0,2.48035e+07,736385,0,1.27634e+07
6.31412e+08,0,0,0,0,2.48075e+07,736502,0,1.27634e+07
6.32149e+08,0,0,0,0,2.48114e+07,736620,0,1.27634e+07
6.32886e+08,0,0,0,0,2.48154e+07,736737,0,1.27634e+07
6.33622e+08,0,0,0,0,2.48193e+07,736855,0,1.27634e+07
6.34383e+08,0,0,0,0,2.56129e+07,760415,0,1.27634e+07
6.35143e+08,0,0,0,0,2.56168e+07,760529,0,1.27634e+07
6.35904e+08,0,0,0,0,2.56206e+07,760643,0,1.27634e+07
6.36665e+08,0,0,0,0,2.56245e+07,760758,0,1.27634e+07
6.37507e+08,0,0,0,0,2.83773e+07,842461,0,1.27634e+07
6.3835e+08,0,0,0,0,2.83816e+07,842588,0,1.27634e+07
6.39193e+08,0,0,0,0,2.83858e+07,842715,0,1.27634e+07
6.40035e+08,0,0,0,0,2.83901e+07,842842,0,1.27634e+07
6.40766e+08,0,0,0,0,2.45945e+07,730176,0,1.27634e+07
6.41496e+08,0,0,0,0,2.45982e+07,730286,0,1.27634e+07
6.42226e+08,0,0,0,0,2.46019e+07,730396,0,1.27634e+07
6.42957e+08,0,0,0,0,2.46056e+07,730506,0,1.27634e+07
6.43687e+08,0,0,0,0,2.46093e+07,730616,0,1.27634e+07
6.44446e+08,0,0,0,0,2.55563e+07,758727,0,1.27634e+07
6.45205e+08,0,0,0,0,2.55601e+07,758841,0,1.27634e+07
6.45964e+08,0,0,0,0,2.5564e+07,758955,0,1.27634e+07
6.46723e+08,0,0,0,0,2.55678e+07,759069,0,1.27634e+07
6.47471e+08,0,0,0,0,2.52039e+07,748265,0,1.27634e+07
6.4822e+08,0,0,0,0,2.52076e+07,748378,0,1.27634e+07
6.48968e+08,0,0,0,0,2.52114e+07,748490,0,1.27634e+07
6.49717e+08,0,0,0,0,2.52152e+07,748603,0,1.27634e+07
6.50503e+08,0,0,0,0,2.64966e+07,786637,0,1.27634e+07
6.5129e+08,0,0,0,0,2.65006e+07,786755,0,1.27634e+07
6.52077e+08,0,0,0,0,2.65046e+07,786873,0,1.27634e+07
6.52864e+08,0,0,0,0,2.65085e+07,786992,0,1.27634e+07
6.53651e+08,0,0,0,0,2.65125e+07,787110,0,1.27634e+07
6.54446e+08,0,0,0,0,2.67595e+07,794395,0,1.27634e+07
6.5524e+08,0,0,0,0,2.67635e+07,794515,0,1.27634e+07
6.56035e+08,0,0,0,0,2.67675e+07,794634,0,1.27634e+07
6.56829e+08,0,0,0,0,2.67715e+07,794753,0,1.27634e+07
6.57643e+08,0,0,0,0,2.7415e+07,813856,0,1.27634e+07
6.58457e+08,0,0,0,0,2.74192e+07,813978,0,1.27634e+07
6.59271e+08,0,0,0,0,2.74233e+07,814100,0,1.27634e+07
6.60086e+08,0,0,0,0,2.74274e+07,814223,0,1.27634e+07
6.59888e+08,0,0,0,0,2.84524e+07,-198021,0,1.27634e+07
6.5969e+08,0,0,0,0,2.84567e+07,-198051,0,1.27634e+07
6.59491e+08,0,0,0,0,2.84609e+07,-198081,0,1.27634e+07
6.59293e+08,0,0,0,0,2.84652e+07,-198111,0,1.27634e+07
6.59095e+08,0,0,0,0,2.84695e+07,-198140,0,1.27634e+07
6.59938e+08,0,0,0,0,2.83866e+07,842698,0,1.27634e+07
6.60781e+08,0,0,0,0,2.83908e+07,842824,0,1.27634e+07
6.61624e+08,0,0,0,0,2.83951e+07,842951,0,1.27634e+07
6.62467e+08,0,0,0,0,2.83994e+07,843077,0,1.27634e+07
6.6328e+08,0,0,0,0,2.7385e+07,812991,0,1.27634e+07
6.64093e+08,0,0,0,0,2.73891e+07,813113,0,1.27634e+07
6.64906e+08,0,0,0,0,2.73932e+07,813235,0,1.27634e+07
6.65719e+08,0,0,0,0,2.73973e+07,813357,0,1.27634e+07
6.66462e+08,0,0,0,0,2.4999e+07,742189,0,1.27634e+07
6.66838e+08,0,0,0,0,2.55719e+07,376517,0,1.27634e+07
6.67215e+08,0,0,0,0,2.55747e+07,377235,0,1.27634e+07
6.67593e+08,0,0,0,0,2.55775e+07,377954,0,1.27634e+07
6.67972e+08,0,0,0,0,2.55803e+07,378673,0,1.27634e+07
6.68375e+08,0,0,0,0,2.63789e+07,403017,0,1.27634e+07
6.6891e+08,0,0,0,0,2.61781e+07,534541,0,1.27634e+07
6.69445e+08,0,0,0,0,2.61808e+07,535237,0,1.27634e+07
6.69981e+08,0,0,0,0,2.61835e+07,535934,0,1.27634e+07
6.706e+08,0,0,0,0,2.89567e+07,618856,0,1.27634e+07
6.71449e+08,0,0,0,0,2.86026e+07,849149,0,1.27634e+07
6.72298e+08,0,0,0,0,2.86066e+07,849269,0,1.27634e+07
6.73147e+08,0,0,0,0,2.86106e+07,849388,0,1.27634e+07
6.73883e+08,0,0,0,0,2.47853e+07,735841,0,1.27634e+07
6.74224e+08,0,0,0,0,2.54039e+07,340553,0,1.27634e+07
6.74565e+08,0,0,0,0,2.54065e+07,341222,0,1.27634e+07
6.74907e+08,0,0,0,0,2.54092e+07,341891,0,1.27634e+07
6.75249e+08,0,0,0,0,2.54118e+07,342560,0,1.27634e+07
6.76014e+08,0,0,0,0,2.57533e+07,764576,0,1.27634e+07
6.76779e+08,0,0,0,0,2.57569e+07,764684,0,1.27634e+07
6.77543e+08,0,0,0,0,2.57606e+07,764792,0,1.27634e+07
6.78308e+08,0,0,0,0,2.57642e+07,764899,0,1.27634e+07
6.79062e+08,0,0,0,0,2.53972e+07,754005,0,1.27634e+07
6.79817e+08,0,0,0,0,2.54008e+07,754111,0,1.27634e+07
6.80571e+08,0,0,0,0,2.54044e+07,754218,0,1.27634e+07
6.81325e+08,0,0,0,0,2.54079e+07,754324,0,1.27634e+07
6.82118e+08,0,0,0,0,2.66988e+07,792641,0,1.27634e+07
6.8291e+08,0,0,0,0,2.67026e+07,792753,0,1.27634e+07
6.83703e+08,0,0,0,0,2.67064e+07,792864,0,1.27634e+07
6.84496e+08,0,0,0,0,2.67101e+07,792976,0,1.27634e+07
6.85289e+08,0,0,0,0,2.67139e+07,793088,0,1.27634e+07
6.8609e+08,0,0,0,0,2.69624e+07,800421,0,1.27634e+07
6.8689e+08,0,0,0,0,2.69662e+07,800533,0,1.27634e+07
6.87691e+08,0,0,0,0,2.697e+07,800646,0,1.27634e+07
6.88492e+08,0,0,0,0,2.69738e+07,800759,0,1.27634e+07
6.89312e+08,0,0,0,0,2.76219e+07,819997,0,1.27634e+07
6.90132e+08,0,0,0,0,2.76258e+07,820113,0,1.27634e+07
6.90952e+08,0,0,0,0,2.76297e+07,820228,0,1.27634e+07
6.91772e+08,0,0,0,0,2.76336e+07,820344,0,1.27634e+07
6.91573e+08,0,0,0,0,2.8666e+07,-199508,0,1.27634e+07
6.91373e+08,0,0,0,0,2.867e+07,-199536,0,1.27634e+07
6.91174e+08,0,0,0,0,2.86741e+07,-199564,0,1.27634e+07
6.90974e+08,0,0,0,0,2.86781e+07,-199592,0,1.27634e+07
6.90775e+08,0,0,0,0,2.86821e+07,-199620,0,1.27634e+07
6.91624e+08,0,0,0,0,2.85983e+07,848984,0,1.27634e+07
6.92473e+08,0,0,0,0,2.86024e+07,849103,0,1.27634e+07
6.93322e+08,0,0,0,0,2.86064e+07,849223,0,1.27634e+07
6.94171e+08,0,0,0,0,2.86104e+07,849342,0,1.27634e+07
6.9499e+08,0,0,0,0,2.75882e+07,819024,0,1.27634e+07
6.95809e+08,0,0,0,0,2.75921e+07,819140,0,1.27634e+07
6.96629e+08,0,0,0,0,2.7596e+07,819255,0,1.27634e+07
6.97448e+08,0,0,0,0,2.75999e+07,819370,0,1.27634e+07
6.98196e+08,0,0,0,0,2.51836e+07,747669,0,1.27634e+07
6.98608e+08,0,0,0,0,2.57098e+07,411842,0,1.27634e+07
6.9902e+08,0,0,0,0,2.57124e+07,412520,0,1.27634e+07
6.99433e+08,0,0,0,0,2.57151e+07,413197,0,1.27634e+07
6.99847e+08,0,0,0,0,2.57177e+07,413875,0,1.27634e+07
7.00285e+08,0,0,0,0,2.6522e+07,438353,0,1.27634e+07
7.00856e+08,0,0,0,0,2.63196e+07,570795,0,1.27634e+07
7.01428e+08,0,0,0,0,2.63221e+07,571450,0,1.27634e+07
7.02e+08,0,0,0,0,2.63247e+07,572104,0,1.27634e+07
7.02655e+08,0,0,0,0,2.91178e+07,655584,0,1.27634e+07
7.03511e+08,0,0,0,0,2.8811e+07,855337,0,1.27634e+07
7.04366e+08,0,0,0,0,2.88148e+07,855450,0,1.27634e+07
7.05222e+08,0,0,0,0,2.88186e+07,855562,0,1.27634e+07
7.05963e+08,0,0,0,0,2.49652e+07,741183,0,1.27634e+07
7.06338e+08,0,0,0,0,2.55383e+07,375023,0,1.27634e+07
7.06714e+08,0,0,0,0,2.55408e+07,375652,0,1.27634e+07
7.0709e+08,0,0,0,0,2.55432e+07,376280,0,1.27634e+07
7.07467e+08,0,0,0,0,2.55457e+07,376909,0,1.27634e+07
7.07873e+08,0,0,0,0,2.65056e+07,405958,0,1.27634e+07
7.08643e+08,0,0,0,0,2.59424e+07,770191,0,1.27634e+07
7.09413e+08,0,0,0,0,2.59458e+07,770292,0,1.27634e+07
7.10184e+08,0,0,0,0,2.59493e+07,770394,0,1.27634e+07
7.10943e+08,0,0,0,0,2.55794e+07,759414,0,1.27634e+07
7.11703e+08,0,0,0,0,2.55827e+07,759514,0,1.27634e+07
7.12462e+08,0,0,0,0,2.55861e+07,759614,0,1.27634e+07
7.13222e+08,0,0,0,0,2.55895e+07,759713,0,1.27634e+07
7.1402e+08,0,0,0,0,2.68893e+07,798297,0,1.27634e+07
7.14819e+08,0,0,0,0,2.68929e+07,798402,0,1.27634e+07
7.15617e+08,0,0,0,0,2.68964e+07,798507,0,1.27634e+07
7.16416e+08,0,0,0,0,2.68999e+07,798612,0,1.27634e+07
7.17214e+08,0,0,0,0,2.69035e+07,798716,0,1.27634e+07
7.18021e+08,0,0,0,0,2.71535e+07,806094,0,1.27634e+07
7.18827e+08,0,0,0,0,2.71571e+07,806200,0,1.27634e+07
7.19633e+08,0,0,0,0,2.71607e+07,806306,0,1.27634e+07
7.20439e+08,0,0,0,0,2.71642e+07,806411,0,1.27634e+07
7.21265e+08,0,0,0,0,2.78167e+07,825778,0,1.27634e+07
7.22091e+08,0,0,0,0,2.78203e+07,825887,0,1.27634e+07
7.22917e+08,0,0,0,0,2.7824e+07,825995,0,1.27634e+07
7.23743e+08,0,0,0,0,2.78276e+07,826104,0,1.27634e+07
7.23542e+08,0,0,0,0,2.8867e+07,-200907,0,1.27634e+07
7.23341e+08,0,0,0,0,2.88708e+07,-200933,0,1.27634e+07
7.2314e+08,0,0,0,0,2.88746e+07,-200960,0,1.27634e+07
7.22939e+08,0,0,0,0,2.88784e+07,-200986,0,1.27634e+07
7.22738e+08,0,0,0,0,2.88822e+07,-201013,0,1.27634e+07
7.23593e+08,0,0,0,0,2.87975e+07,854897,0,1.27634e+07
7.24448e+08,0,0,0,0,2.88013e+07,855009,0,1.27634e+07
7.25303e+08,0,0,0,0,2.88051e+07,855121,0,1.27634e+07
7.26159e+08,0,0,0,0,2.88089e+07,855233,0,1.27634e+07
7.26983e+08,0,0,0,0,2.77793e+07,824697,0,1.27634e+07
7.27808e+08,0,0,0,0,2.7783e+07,824806,0,1.27634e+07
7.28633e+08,0,0,0,0,2.77866e+07,824914,0,1.27634e+07
7.29458e+08,0,0,0,0,2.77903e+07,825022,0,1.27634e+07
7.30211e+08,0,0,0,0,2.53571e+07,752819,0,1.27634e+07
7.30656e+08,0,0,0,0,2.58394e+07,445043,0,1.27634e+07
7.31102e+08,0,0,0,0,2.58419e+07,445680,0,1.27634e+07
7.31548e+08,0,0,0,0,2.58444e+07,446317,0,1.27634e+07
7.31995e+08,0,0,0,0,2.58469e+07,446954,0,1.27634e+07
7.32466e+08,0,0,0,0,2.66565e+07,471553,0,1.27634e+07
7.33071e+08,0,0,0,0,2.64525e+07,604858,0,1.27634e+07
7.33677e+08,0,0,0,0,2.64549e+07,605471,0,1.27634e+07
7.34283e+08,0,0,0,0,2.64573e+07,606084,0,1.27634e+07
7.34973e+08,0,0,0,0,2.92692e+07,690086,0,1.27634e+07
7.35834e+08,0,0,0,0,2.90068e+07,861150,0,1.27634e+07
7.36695e+08,0,0,0,0,2.90104e+07,861255,0,1.27634e+07
7.37557e+08,0,0,0,0,2.90139e+07,861361,0,1.27634e+07
7.38303e+08,0,0,0,0,2.51342e+07,746199,0,1.27634e+07
7.3871e+08,0,0,0,0,2.56645e+07,407396,0,1.27634e+07
7.39118e+08,0,0,0,0,2.56668e+07,407984,0,1.27634e+07
7.39527e+08,0,0,0,0,2.56691e+07,408573,0,1.27634e+07
7.39936e+08,0,0,0,0,2.56714e+07,409162,0,1.27634e+07
7.40374e+08,0,0,0,0,2.66376e+07,438363,0,1.27634e+07
7.4115e+08,0,0,0,0,2.61166e+07,775362,0,1.27634e+07
7.41925e+08,0,0,0,0,2.61198e+07,775456,0,1.27634e+07
7.42701e+08,0,0,0,0,2.6123e+07,775551,0,1.27634e+07
7.43465e+08,0,0,0,0,2.57504e+07,764492,0,1.27634e+07
7.4423e+08,0,0,0,0,2.57536e+07,764585,0,1.27634e+07
7.44995e+08,0,0,0,0,2.57567e+07,764678,0,1.27634e+07
7.45759e+08,0,0,0,0,2.57598e+07,764772,0,1.27634e+07
7.46563e+08,0,0,0,0,2.70681e+07,803605,0,1.27634e+07
7.47367e+08,0,0,0,0,2.70714e+07,803703,0,1.27634e+07
7.4817e+08,0,0,0,0,2.70748e+07,803802,0,1.27634e+07
7.48974e+08,0,0,0,0,2.70781e+07,803900,0,1.27634e+07
7.49778e+08,0,0,0,0,2.70814e+07,803998,0,1.27634e+07
7.5059e+08,0,0,0,0,2.73328e+07,811417,0,1.27634e+07
7.51401e+08,0,0,0,0,2.73362e+07,811516,0,1.27634e+07
7.52213e+08,0,0,0,0,2.73395e+07,811615,0,1.27634e+07
7.53025e+08,0,0,0,0,2.73429e+07,811714,0,1.27634e+07
7.53856e+08,0,0,0,0,2.79993e+07,831201,0,1.27634e+07
7.54687e+08,0,0,0,0,2.80027e+07,831303,0,1.27634e+07
7.55519e+08,0,0,0,0,2.80062e+07,831404,0,1.27634e+07
7.5635e+08,0,0,0,0,2.80096e+07,831506,0,1.27634e+07
7.56148e+08,0,0,0,0,2.90555e+07,-202219,0,1.27634e+07
7.55946e+08,0,0,0,0,2.90591e+07,-202244,0,1.27634e+07
7.55743e+08,0,0,0,0,2.90626e+07,-202268,0,1.27634e+07
7.55541e+08,0,0,0,0,2.90662e+07,-202293,0,1.27634e+07
7.55339e+08,0,0,0,0,2.90697e+07,-202318,0,1.27634e+07
7.56199e+08,0,0,0,0,2.89842e+07,860440,0,1.27634e+07
7.5706e+08,0,0,0,0,2.89878e+07,860545,0,1.27634e+07
7.5792e+08,0,0,0,0,2.89913e+07,860651,0,1.27634e+07
7.58781e+08,0,0,0,0,2.89949e+07,860756,0,1.27634e+07
7.59611e+08,0,0,0,0,2.79584e+07,830015,0,1.27634e+07
7.60441e+08,0,0,0,0,2.79619e+07,830116,0,1.27634e+07
7.61271e+08,0,0,0,0,2.79653e+07,830218,0,1.27634e+07
7.62102e+08,0,0,0,0,2.79687e+07,830319,0,1.27634e+07
7.62859e+08,0,0,0,0,2.55196e+07,757646,0,1.27634e+07
7.63336e+08,0,0,0,0,2.59608e+07,476157,0,1.27634e+07
7.63812e+08,0,0,0,0,2.59632e+07,476753,0,1.27634e+07
7.6429e+08,0,0,0,0,2.59655e+07,477350,0,1.27634e+07
7.64768e+08,0,0,0,0,2.59678e+07,477947,0,1.27634e+07
7.6527e+08,0,0,0,0,2.67825e+07,502658,0,1.27634e+07
7.65907e+08,0,0,0,0,2.6577e+07,636768,0,1.27634e+07
7.66544e+08,0,0,0,0,2.65792e+07,637341,0,1.27634e+07
7.67182e+08,0,0,0,0,2.65814e+07,637913,0,1.27634e+07
7.67905e+08,0,0,0,0,2.9411e+07,722402,0,1.27634e+07
7.68771e+08,0,0,0,0,2.91902e+07,866594,0,1.27634e+07
7.69638e+08,0,0,0,0,2.91935e+07,866692,0,1.27634e+07
7.70505e+08,0,0,0,0,2.91968e+07,866790,0,1.27634e+07
7.71256e+08,0,0,0,0,2.52924e+07,750896,0,1.27634e+07
7.71693e+08,0,0,0,0,2.57826e+07,437706,0,1.27634e+07
7.72444e+08,0,0,0,0,2.52981e+07,751066,0,1.27634e+07
7.73196e+08,0,0,0,0,2.5301e+07,751152,0,1.27634e+07
7.73947e+08,0,0,0,0,2.53039e+07,751237,0,1.27634e+07
7.74727e+08,0,0,0,0,2.62766e+07,780112,0,1.27634e+07
7.75507e+08,0,0,0,0,2.62796e+07,780201,0,1.27634e+07
7.76287e+08,0,0,0,0,2.62826e+07,780289,0,1.27634e+07
7.77068e+08,0,0,0,0,2.62856e+07,780378,0,1.27634e+07
7.77837e+08,0,0,0,0,2.59104e+07,769242,0,1.27634e+07
7.78606e+08,0,0,0,0,2.59134e+07,769330,0,1.27634e+07
7.79376e+08,0,0,0,0,2.59163e+07,769417,0,1.27634e+07
7.80145e+08,0,0,0,0,2.59192e+07,769504,0,1.27634e+07
7.80954e+08,0,0,0,0,2.72354e+07,808571,0,1.27634e+07
7.81763e+08,0,0,0,0,2.72385e+07,808662,0,1.27634e+07
7.82571e+08,0,0,0,0,2.72416e+07,808754,0,1.27634e+07
7.8338e+08,0,0,0,0,2.72447e+07,808846,0,1.27634e+07
7.84189e+08,0,0,0,0,2.72477e+07,808937,0,1.27634e+07
7.85005e+08,0,0,0,0,2.75005e+07,816395,0,1.27634e+07
7.85822e+08,0,0,0,0,2.75036e+07,816487,0,1.27634e+07
7.86639e+08,0,0,0,0,2.75068e+07,816580,0,1.27634e+07
7.87455e+08,0,0,0,0,2.75099e+07,816672,0,1.27634e+07
7.88291e+08,0,0,0,0,2.81701e+07,836271,0,1.27634e+07
7.89128e+08,0,0,0,0,2.81733e+07,836365,0,1.27634e+07
7.89964e+08,0,0,0,0,2.81765e+07,836460,0,1.27634e+07
7.90801e+08,0,0,0,0,2.81797e+07,836555,0,1.27634e+07
7.90597e+08,0,0,0,0,2.92317e+07,-203445,0,1.27634e+07
7.90394e+08,0,0,0,0,2.9235e+07,-203468,0,1.27634e+07
7.9019e+08,0,0,0,0,2.92383e+07,-203491,0,1.27634e+07
7.89987e+08,0,0,0,0,2.92416e+07,-203514,0,1.27634e+07
7.89783e+08,0,0,0,0,2.9245e+07,-203537,0,1.27634e+07
7.90649e+08,0,0,0,0,2.91587e+07,865619,0,1.27634e+07
7.91515e+08,0,0,0,0,2.9162e+07,865717,0,1.27634e+07
7.92381e+08,0,0,0,0,2.91653e+07,865816,0,1.27634e+07
7.93246e+08,0,0,0,0,2.91686e+07,865914,0,1.27634e+07
7.94081e+08,0,0,0,0,2.81257e+07,834981,0,1.27634e+07
7.94916e+08,0,0,0,0,2.81289e+07,835076,0,1.27634e+07
7.95752e+08,0,0,0,0,2.81321e+07,835171,0,1.27634e+07
7.96587e+08,0,0,0,0,2.81353e+07,835265,0,1.27634e+07
7.97349e+08,0,0,0,0,2.56714e+07,762152,0,1.27634e+07
7.97854e+08,0,0,0,0,2.60742e+07,505207,0,1.27634e+07
7.9836e+08,0,0,0,0,2.60764e+07,505764,0,1.27634e+07
7.98866e+08,0,0,0,0,2.60786e+07,506321,0,1.27634e+07
7.99373e+08,0,0,0,0,2.60808e+07,506877,0,1.27634e+07
7.99881e+08,0,0,0,0,2.608e+07,507348,0,1.27634e+07
8.00412e+08,0,0,0,0,2.69e+07,531692,0,1.27634e+07
8.01079e+08,0,0,0,0,2.66931e+07,666550,0,1.27634e+07
8.01746e+08,0,0,0,0,2.66952e+07,667082,0,1.27634e+07
8.02533e+08,0,0,0,0,2.65114e+07,787089,0,1.27634e+07
8.03405e+08,0,0,0,0,2.93582e+07,871581,0,1.27634e+07
8.04276e+08,0,0,0,0,2.93612e+07,871672,0,1.27634e+07
8.05148e+08,0,0,0,0,2.93643e+07,871763,0,1.27634e+07
8.0602e+08,0,0,0,0,2.93674e+07,871855,0,1.27634e+07
8.06775e+08,0,0,0,0,2.54399e+07,755277,0,1.27634e+07
8.07531e+08,0,0,0,0,2.54426e+07,755356,0,1.27634e+07
8.08286e+08,0,0,0,0,2.54453e+07,755435,0,1.27634e+07
8.09041e+08,0,0,0,0,2.54479e+07,755514,0,1.27634e+07
8.09797e+08,0,0,0,0,2.54506e+07,755593,0,1.27634e+07
8.10582e+08,0,0,0,0,2.64288e+07,784630,0,1.27634e+07
8.11366e+08,0,0,0,0,2.64315e+07,784712,0,1.27634e+07
8.12151e+08,0,0,0,0,2.64343e+07,784794,0,1.27634e+07
8.12936e+08,0,0,0,0,2.64371e+07,784876,0,1.27634e+07
8.1371e+08,0,0,0,0,2.60596e+07,773670,0,1.27634e+07
8.14483e+08,0,0,0,0,2.60623e+07,773751,0,1.27634e+07
8.15257e+08,0,0,0,0,2.6065e+07,773832,0,1.27634e+07
8.16031e+08,0,0,0,0,2.60677e+07,773913,0,1.27634e+07
8.16844e+08,0,0,0,0,2.73912e+07,813196,0,1.27634e+07
8.17658e+08,0,0,0,0,2.73941e+07,813281,0,1.27634e+07
8.18471e+08,0,0,0,0,2.73969e+07,813366,0,1.27634e+07
8.19285e+08,0,0,0,0,2.73998e+07,813452,0,1.27634e+07
8.20098e+08,0,0,0,0,2.74027e+07,813537,0,1.27634e+07
8.20919e+08,0,0,0,0,2.76566e+07,821029,0,1.27634e+07
8.2174e+08,0,0,0,0,2.76595e+07,821115,0,1.27634e+07
8.22561e+08,0,0,0,0,2.76624e+07,821201,0,1.27634e+07
8.23383e+08,0,0,0,0,2.76653e+07,821287,0,1.27634e+07
8.24224e+08,0,0,0,0,2.8329e+07,840989,0,1.27634e+07
8.25065e+08,0,0,0,0,2.8332e+07,841077,0,1.27634e+07
8.25906e+08,0,0,0,0,2.8335e+07,841165,0,1.27634e+07
8.26747e+08,0,0,0,0,2.83379e+07,841253,0,1.27634e+07
8.26543e+08,0,0,0,0,2.93956e+07,-204586,0,1.27634e+07
8.26338e+08,0,0,0,0,2.93987e+07,-204607,0,1.27634e+07
8.26133e+08,0,0,0,0,2.94018e+07,-204629,0,1.27634e+07
8.25929e+08,0,0,0,0,2.94048e+07,-204650,0,1.27634e+07
8.25724e+08,0,0,0,0,2.94079e+07,-204672,0,1.27634e+07
8.26594e+08,0,0,0,0,2.93209e+07,870435,0,1.27634e+07
8.27465e+08,0,0,0,0,2.9324e+07,870527,0,1.27634e+07
8.28336e+08,0,0,0,0,2.93271e+07,870618,0,1.27634e+07
8.29206e+08,0,0,0,0,2.93301e+07,870709,0,1.27634e+07
8.30046e+08,0,0,0,0,2.82812e+07,839598,0,1.27634e+07
8.30886e+08,0,0,0,0,2.82842e+07,839686,0,1.27634e+07
8.31725e+08,0,0,0,0,2.82872e+07,839774,0,1.27634e+07
8.32565e+08,0,0,0,0,2.82901e+07,839862,0,1.27634e+07
8.33332e+08,0,0,0,0,2.58125e+07,766340,0,1.27634e+07
8.33864e+08,0,0,0,0,2.61796e+07,532200,0,1.27634e+07
8.34397e+08,0,0,0,0,2.61816e+07,532716,0,1.27634e+07
8.3493e+08,0,0,0,0,2.61836e+07,533233,0,1.27634e+07
8.35463e+08,0,0,0,0,2.61856e+07,533751,0,1.27634e+07
8.36022e+08,0,0,0,0,2.70092e+07,558658,0,1.27634e+07
8.36716e+08,0,0,0,0,2.6801e+07,694209,0,1.27634e+07
8.37508e+08,0,0,0,0,2.66527e+07,791283,0,1.27634e+07
8.38299e+08,0,0,0,0,2.66552e+07,791359,0,1.27634e+07
8.39175e+08,0,0,0,0,2.95172e+07,876302,0,1.27634e+07
8.40052e+08,0,0,0,0,2.952e+07,876386,0,1.27634e+07
8.40928e+08,0,0,0,0,2.95229e+07,876470,0,1.27634e+07
8.41805e+08,0,0,0,0,2.95257e+07,876554,0,1.27634e+07
8.42564e+08,0,0,0,0,2.55768e+07,759342,0,1.27634e+07
8.43323e+08,0,0,0,0,2.55793e+07,759415,0,1.27634e+07
8.44083e+08,0,0,0,0,2.55818e+07,759488,0,1.27634e+07
8.44843e+08,0,0,0,0,2.55842e+07,759561,0,1.27634e+07
8.45602e+08,0,0,0,0,2.55867e+07,759634,0,1.27634e+07
8.46391e+08,0,0,0,0,2.65699e+07,788819,0,1.27634e+07
8.4718e+08,0,0,0,0,2.65724e+07,788895,0,1.27634e+07
8.47969e+08,0,0,0,0,2.6575e+07,788970,0,1.27634e+07
8.48758e+08,0,0,0,0,2.65775e+07,789046,0,1.27634e+07
8.49536e+08,0,0,0,0,2.61978e+07,777774,0,1.27634e+07
8.50313e+08,0,0,0,0,2.62003e+07,777849,0,1.27634e+07
8.51091e+08,0,0,0,0,2.62028e+07,777923,0,1.27634e+07
8.51869e+08,0,0,0,0,2.62054e+07,777998,0,1.27634e+07
8.52687e+08,0,0,0,0,2.75356e+07,817482,0,1.27634e+07
8.53504e+08,0,0,0,0,2.75382e+07,817560,0,1.27634e+07
8.54322e+08,0,0,0,0,2.75408e+07,817639,0,1.27634e+07
8.5514e+08,0,0,0,0,2.75435e+07,817718,0,1.27634e+07
8.55958e+08,0,0,0,0,2.75461e+07,817796,0,1.27634e+07
8.56783e+08,0,0,0,0,2.78012e+07,825321,0,1.27634e+07
8.57608e+08,0,0,0,0,2.78039e+07,825400,0,1.27634e+07
8.58434e+08,0,0,0,0,2.78066e+07,825480,0,1.27634e+07
8.59259e+08,0,0,0,0,2.78092e+07,825559,0,1.27634e+07
8.60105e+08,0,0,0,0,2.84761e+07,845356,0,1.27634e+07
8.6095e+08,0,0,0,0,2.84789e+07,845437,0,1.27634e+07
8.61796e+08,0,0,0,0,2.84816e+07,845519,0,1.27634e+07
8.62641e+08,0,0,0,0,2.84844e+07,845600,0,1.27634e+07
8.62436e+08,0,0,0,0,2.95473e+07,-205641,0,1.27634e+07
8.6223e+08,0,0,0,0,2.95501e+07,-205661,0,1.27634e+07
8.62024e+08,0,0,0,0,2.95529e+07,-205681,0,1.27634e+07
8.61819e+08,0,0,0,0,2.95558e+07,-205701,0,1.27634e+07
8.61613e+08,0,0,0,0,2.95586e+07,-205720,0,1.27634e+07
8.62488e+08,0,0,0,0,2.94709e+07,874888,0,1.27634e+07
8.63363e+08,0,0,0,0,2.94738e+07,874973,0,1.27634e+07
8.64238e+08,0,0,0,0,2.94766e+07,875057,0,1.27634e+07
8.65113e+08,0,0,0,0,2.94794e+07,875141,0,1.27634e+07
8.65957e+08,0,0,0,0,2.84249e+07,843864,0,1.27634e+07
8.66801e+08,0,0,0,0,2.84277e+07,843945,0,1.27634e+07
8.67645e+08,0,0,0,0,2.84304e+07,844027,0,1.27634e+07
8.68489e+08,0,0,0,0,2.84331e+07,844108,0,1.27634e+07
8.69259e+08,0,0,0,0,2.59428e+07,770208,0,1.27634e+07
8.69816e+08,0,0,0,0,2.62769e+07,557132,0,1.27634e+07
8.70374e+08,0,0,0,0,2.62787e+07,557609,0,1.27634e+07
8.70932e+08,0,0,0,0,2.62806e+07,558086,0,1.27634e+07
8.7149e+08,0,0,0,0,2.62825e+07,558564,0,1.27634e+07
8.72074e+08,0,0,0,0,2.711e+07,583553,0,1.27634e+07
8.72794e+08,0,0,0,0,2.69006e+07,719740,0,1.27634e+07
8.73514e+08,0,0,0,0,2.69023e+07,720191,0,1.27634e+07
8.74235e+08,0,0,0,0,2.69041e+07,720641,0,1.27634e+07
8.75041e+08,0,0,0,0,2.97795e+07,806380,0,1.27634e+07
8.75922e+08,0,0,0,0,2.96665e+07,880735,0,1.27634e+07
8.76803e+08,0,0,0,0,2.96691e+07,880812,0,1.27634e+07
8.77683e+08,0,0,0,0,2.96717e+07,880889,0,1.27634e+07
8.78447e+08,0,0,0,0,2.57031e+07,763090,0,1.27634e+07
8.7921e+08,0,0,0,0,2.57054e+07,763157,0,1.27634e+07
8.79973e+08,0,0,0,0,2.57076e+07,763224,0,1.27634e+07
8.80736e+08,0,0,0,0,2.57099e+07,763292,0,1.27634e+07
8.815e+08,0,0,0,0,2.57122e+07,763359,0,1.27634e+07
8.82292e+08,0,0,0,0,2.66999e+07,792680,0,1.27634e+07
8.83085e+08,0,0,0,0,2.67023e+07,792749,0,1.27634e+07
8.83878e+08,0,0,0,0,2.67046e+07,792819,0,1.27634e+07
8.84671e+08,0,0,0,0,2.6707e+07,792889,0,1.27634e+07
8.85452e+08,0,0,0,0,2.63251e+07,781555,0,1.27634e+07
8.86234e+08,0,0,0,0,2.63275e+07,781623,0,1.27634e+07
8.87016e+08,0,0,0,0,2.63298e+07,781692,0,1.27634e+07
8.87797e+08,0,0,0,0,2.63321e+07,781761,0,1.27634e+07
8.88619e+08,0,0,0,0,2.76685e+07,821428,0,1.27634e+07
8.8944e+08,0,0,0,0,2.76709e+07,821500,0,1.27634e+07
8.90262e+08,0,0,0,0,2.76733e+07,821572,0,1.27634e+07
8.91083e+08,0,0,0,0,2.76758e+07,821645,0,1.27634e+07
8.91905e+08,0,0,0,0,2.76782e+07,821717,0,1.27634e+07
8.92734e+08,0,0,0,0,2.79342e+07,829270,0,1.27634e+07
8.93564e+08,0,0,0,0,2.79367e+07,829343,0,1.27634e+07
8.94393e+08,0,0,0,0,2.79392e+07,829416,0,1.27634e+07
8.95223e+08,0,0,0,0,2.79416e+07,829489,0,1.27634e+07
8.96072e+08,0,0,0,0,2.86115e+07,849373,0,1.27634e+07
8.96922e+08,0,0,0,0,2.8614e+07,849448,0,1.27634e+07
8.97771e+08,0,0,0,0,2.86165e+07,849522,0,1.27634e+07
8.98621e+08,0,0,0,0,2.8619e+07,849597,0,1.27634e+07
8.98414e+08,0,0,0,0,2.96867e+07,-206612,0,1.27634e+07
8.98207e+08,0,0,0,0,2.96893e+07,-206630,0,1.27634e+07
8.98001e+08,0,0,0,0,2.96919e+07,-206648,0,1.27634e+07
8.97794e+08,0,0,0,0,2.96945e+07,-206666,0,1.27634e+07
8.97587e+08,0,0,0,0,2.96971e+07,-206684,0,1.27634e+07
8.98466e+08,0,0,0,0,2.96087e+07,878979,0,1.27634e+07
8.99345e+08,0,0,0,0,2.96113e+07,879057,0,1.27634e+07
9.00225e+08,0,0,0,0,2.96139e+07,879134,0,1.27634e+07
9.01104e+08,0,0,0,0,2.96165e+07,879211,0,1.27634e+07
9.01952e+08,0,0,0,0,2.85569e+07,847782,0,1.27634e+07
9.02799e+08,0,0,0,0,2.85594e+07,847856,0,1.27634e+07
9.03647e+08,0,0,0,0,2.85619e+07,847931,0,1.27634e+07
9.04495e+08,0,0,0,0,2.85644e+07,848005,0,1.27634e+07
9.05269e+08,0,0,0,0,2.60623e+07,773757,0,1.27634e+07
9.05849e+08,0,0,0,0,2.63661e+07,580012,0,1.27634e+07
9.0643e+08,0,0,0,0,2.63679e+07,580450,0,1.27634e+07
9.0701e+08,0,0,0,0,2.63696e+07,580888,0,1.27634e+07
9.07592e+08,0,0,0,0,2.63713e+07,581326,0,1.27634e+07
9.08198e+08,0,0,0,0,2.72024e+07,606387,0,1.27634e+07
9.08941e+08,0,0,0,0,2.69919e+07,743156,0,1.27634e+07
9.09685e+08,0,0,0,0,2.69935e+07,743566,0,1.27634e+07
9.10429e+08,0,0,0,0,2.69951e+07,743977,0,1.27634e+07
9.11259e+08,0,0,0,0,2.98833e+07,830062,0,1.27634e+07
9.12144e+08,0,0,0,0,2.98008e+07,884721,0,1.27634e+07
9.13028e+08,0,0,0,0,2.98031e+07,884791,0,1.27634e+07
9.13913e+08,0,0,0,0,2.98055e+07,884862,0,1.27634e+07
9.1468e+08,0,0,0,0,2.58188e+07,766525,0,1.27634e+07
9.15446e+08,0,0,0,0,2.58209e+07,766586,0,1.27634e+07
9.16213e+08,0,0,0,0,2.58229e+07,766647,0,1.27634e+07
9.1698e+08,0,0,0,0,2.5825e+07,766708,0,1.27634e+07
9.17747e+08,0,0,0,0,2.5827e+07,766770,0,1.27634e+07
9.18543e+08,0,0,0,0,2.6819e+07,796215,0,1.27634e+07
9.19339e+08,0,0,0,0,2.68211e+07,796279,0,1.27634e+07
9.20135e+08,0,0,0,0,2.68233e+07,796342,0,1.27634e+07
9.20932e+08,0,0,0,0,2.68254e+07,796406,0,1.27634e+07
9.21717e+08,0,0,0,0,2.64417e+07,785015,0,1.27634e+07
9.22502e+08,0,0,0,0,2.64438e+07,785077,0,1.27634e+07
9.23287e+08,0,0,0,0,2.64459e+07,785140,0,1.27634e+07
9.24072e+08,0,0,0,0,2.6448e+07,785203,0,1.27634e+07
9.24897e+08,0,0,0,0,2.77901e+07,825038,0,1.27634e+07
9.25722e+08,0,0,0,0,2.77923e+07,825104,0,1.27634e+07
9.26548e+08,0,0,0,0,2.77945e+07,825169,0,1.27634e+07
9.27373e+08,0,0,0,0,2.77967e+07,825235,0,1.27634e+07
9.28198e+08,0,0,0,0,2.77989e+07,825301,0,1.27634e+07
9.29031e+08,0,0,0,0,2.80559e+07,832881,0,1.27634e+07
9.29864e+08,0,0,0,0,2.80581e+07,832947,0,1.27634e+07
9.30697e+08,0,0,0,0,2.80603e+07,833013,0,1.27634e+07
9.3153e+08,0,0,0,0,2.80626e+07,833080,0,1.27634e+07
9.32383e+08,0,0,0,0,2.87351e+07,853043,0,1.27634e+07
9.33236e+08,0,0,0,0,2.87374e+07,853111,0,1.27634e+07
9.34089e+08,0,0,0,0,2.87397e+07,853179,0,1.27634e+07
9.34943e+08,0,0,0,0,2.87419e+07,853247,0,1.27634e+07
9.34735e+08,0,0,0,0,2.9814e+07,-207498,0,1.27634e+07
9.34528e+08,0,0,0,0,2.98163e+07,-207514,0,1.27634e+07
9.3432e+08,0,0,0,0,2.98187e+07,-207531,0,1.27634e+07
9.34112e+08,0,0,0,0,2.98211e+07,-207547,0,1.27634e+07
9.33905e+08,0,0,0,0,2.98234e+07,-207564,0,1.27634e+07
9.33706e+08,0,0,0,0,2.86524e+07,-199388,0,1.27634e+07
9.33506e+08,0,0,0,0,2.86547e+07,-199404,0,1.27634e+07
9.33307e+08,0,0,0,0,2.8657e+07,-199420,0,1.27634e+07
9.33107e+08,0,0,0,0,2.86592e+07,-199436,0,1.27634e+07
9.33959e+08,0,0,0,0,2.86772e+07,851355,0,1.27634e+07
9.3481e+08,0,0,0,0,2.86795e+07,851422,0,1.27634e+07
9.35662e+08,0,0,0,0,2.86818e+07,851490,0,1.27634e+07
9.36513e+08,0,0,0,0,2.86841e+07,851558,0,1.27634e+07
9.3729e+08,0,0,0,0,2.61713e+07,776993,0,1.27634e+07
9.37891e+08,0,0,0,0,2.64475e+07,600868,0,1.27634e+07
9.38492e+08,0,0,0,0,2.64491e+07,601266,0,1.27634e+07
9.39094e+08,0,0,0,0,2.64506e+07,601665,0,1.27634e+07
9.39696e+08,0,0,0,0,2.64522e+07,602064,0,1.27634e+07
9.40323e+08,0,0,0,0,2.72866e+07,627188,0,1.27634e+07
9.41088e+08,0,0,0,0,2.7075e+07,764482,0,1.27634e+07
9.41852e+08,0,0,0,0,2.70765e+07,764853,0,1.27634e+07
9.42655e+08,0,0,0,0,2.70204e+07,802200,0,1.27634e+07
9.43543e+08,0,0,0,0,2.99208e+07,888285,0,1.27634e+07
9.44431e+08,0,0,0,0,2.9923e+07,888348,0,1.27634e+07
9.4532e+08,0,0,0,0,2.99251e+07,888412,0,1.27634e+07
9.46208e+08,0,0,0,0,2.99272e+07,888475,0,1.27634e+07
9.46978e+08,0,0,0,0,2.5924e+07,769649,0,1.27634e+07
9.47748e+08,0,0,0,0,2.59259e+07,769705,0,1.27634e+07
9.48517e+08,0,0,0,0,2.59278e+07,769760,0,1.27634e+07
9.49287e+08,0,0,0,0,2.59296e+07,769815,0,1.27634e+07
9.50057e+08,0,0,0,0,2.59315e+07,769870,0,1.27634e+07
9.50856e+08,0,0,0,0,2.69272e+07,799428,0,1.27634e+07
9.51656e+08,0,0,0,0,2.69292e+07,799485,0,1.27634e+07
9.52455e+08,0,0,0,0,2.69311e+07,799543,0,1.27634e+07
9.53255e+08,0,0,0,0,2.6933e+07,799600,0,1.27634e+07
9.54043e+08,0,0,0,0,2.65475e+07,788157,0,1.27634e+07
9.54831e+08,0,0,0,0,2.65494e+07,788214,0,1.27634e+07
9.5562e+08,0,0,0,0,2.65513e+07,788270,0,1.27634e+07
9.56408e+08,0,0,0,0,2.65532e+07,788326,0,1.27634e+07
9.57236e+08,0,0,0,0,2.79004e+07,828314,0,1.27634e+07
9.58065e+08,0,0,0,0,2.79024e+07,828373,0,1.27634e+07
9.58893e+08,0,0,0,0,2.79044e+07,828432,0,1.27634e+07
9.59722e+08,0,0,0,0,2.79064e+07,828492,0,1.27634e+07
9.6055e+08,0,0,0,0,2.79084e+07,828551,0,1.27634e+07
9.61386e+08,0,0,0,0,2.81661e+07,836154,0,1.27634e+07
9.62223e+08,0,0,0,0,2.81681e+07,836214,0,1.27634e+07
9.63059e+08,0,0,0,0,2.81701e+07,836273,0,1.27634e+07
9.63895e+08,0,0,0,0,2.81722e+07,836333,0,1.27634e+07
9.64752e+08,0,0,0,0,2.88471e+07,856368,0,1.27634e+07
9.65608e+08,0,0,0,0,2.88491e+07,856429,0,1.27634e+07
9.66464e+08,0,0,0,0,2.88512e+07,856490,0,1.27634e+07
9.67321e+08,0,0,0,0,2.88533e+07,856551,0,1.27634e+07
9.67113e+08,0,0,0,0,2.99292e+07,-208300,0,1.27634e+07
9.66904e+08,0,0,0,0,2.99313e+07,-208314,0,1.27634e+07
9.66696e+08,0,0,0,0,2.99335e+07,-208329,0,1.27634e+07
9.66488e+08,0,0,0,0,2.99356e+07,-208344,0,1.27634e+07
9.66279e+08,0,0,0,0,2.99377e+07,-208359,0,1.27634e+07
9.66079e+08,0,0,0,0,2.8762e+07,-200151,0,1.27634e+07
9.65879e+08,0,0,0,0,2.8764e+07,-200165,0,1.27634e+07
9.65679e+08,0,0,0,0,2.87661e+07,-200179,0,1.27634e+07
9.65479e+08,0,0,0,0,2.87681e+07,-200193,0,1.27634e+07
9.66333e+08,0,0,0,0,2.8786e+07,854583,0,1.27634e+07
9.67188e+08,0,0,0,0,2.87881e+07,854644,0,1.27634e+07
9.68043e+08,0,0,0,0,2.87901e+07,854705,0,1.27634e+07
9.68897e+08,0,0,0,0,2.87922e+07,854766,0,1.27634e+07
9.69677e+08,0,0,0,0,2.62697e+07,779914,0,1.27634e+07
9.70457e+08,0,0,0,0,2.62716e+07,779970,0,1.27634e+07
9.71237e+08,0,0,0,0,2.62734e+07,780026,0,1.27634e+07
9.72017e+08,0,0,0,0,2.62753e+07,780081,0,1.27634e+07
9.72797e+08,0,0,0,0,2.62772e+07,780137,0,1.27634e+07
9.73602e+08,0,0,0,0,2.71151e+07,805011,0,1.27634e+07
9.74408e+08,0,0,0,0,2.71168e+07,805062,0,1.27634e+07
9.75213e+08,0,0,0,0,2.71185e+07,805113,0,1.27634e+07
9.76018e+08,0,0,0,0,2.71202e+07,805164,0,1.27634e+07
9.76909e+08,0,0,0,0,3.00311e+07,891560,0,1.27634e+07
9.77801e+08,0,0,0,0,3.0033e+07,891616,0,1.27634e+07
9.78693e+08,0,0,0,0,3.00349e+07,891673,0,1.27634e+07
9.79584e+08,0,0,0,0,3.00368e+07,891729,0,1.27634e+07
9.80357e+08,0,0,0,0,2.60188e+07,772462,0,1.27634e+07
9.81129e+08,0,0,0,0,2.60204e+07,772511,0,1.27634e+07
9.81902e+08,0,0,0,0,2.60221e+07,772560,0,1.27634e+07
9.82675e+08,0,0,0,0,2.60237e+07,772609,0,1.27634e+07
9.83447e+08,0,0,0,0,2.60254e+07,772658,0,1.27634e+07
9.8425e+08,0,0,0,0,2.70245e+07,802317,0,1.27634e+07
9.85052e+08,0,0,0,0,2.70263e+07,802368,0,1.27634e+07
9.85854e+08,0,0,0,0,2.7028e+07,802419,0,1.27634e+07
9.86657e+08,0,0,0,0,2.70297e+07,802470,0,1.27634e+07
9.87448e+08,0,0,0,0,2.66426e+07,790980,0,1.27634e+07
9.88239e+08,0,0,0,0,2.66443e+07,791030,0,1.27634e+07
9.8903e+08,0,0,0,0,2.6646e+07,791081,0,1.27634e+07
9.89821e+08,0,0,0,0,2.66477e+07,791131,0,1.27634e+07
9.90652e+08,0,0,0,0,2.79994e+07,831254,0,1.27634e+07
9.91484e+08,0,0,0,0,2.80012e+07,831306,0,1.27634e+07
9.92315e+08,0,0,0,0,2.8003e+07,831359,0,1.27634e+07
9.93146e+08,0,0,0,0,2.80048e+07,831412,0,1.27634e+07
9.93978e+08,0,0,0,0,2.80065e+07,831465,0,1.27634e+07
9.94817e+08,0,0,0,0,2.82649e+07,839088,0,1.27634e+07
9.95656e+08,0,0,0,0,2.82667e+07,839141,0,1.27634e+07
9.96495e+08,0,0,0,0,2.82685e+07,839194,0,1.27634e+07
9.97334e+08,0,0,0,0,2.82703e+07,839248,0,1.27634e+07
9.98194e+08,0,0,0,0,2.89474e+07,859345,0,1.27634e+07
9.99053e+08,0,0,0,0,2.89492e+07,859399,0,1.27634e+07
9.99913e+08,0,0,0,0,2.8951e+07,859454,0,1.27634e+07
1.00077e+09,0,0,0,0,2.89529e+07,859509,0,1.27634e+07
1.00056e+09,0,0,0,0,3.00323e+07,-209017,0,1.27634e+07
1.00035e+09,0,0,0,0,3.00342e+07,-209030,0,1.27634e+07
1.00015e+09,0,0,0,0,3.00361e+07,-209043,0,1.27634e+07
9.99936e+08,0,0,0,0,3.0038e+07,-209057,0,1.27634e+07
9.99727e+08,0,0,0,0,3.00399e+07,-209070,0,1.27634e+07
9.99526e+08,0,0,0,0,2.88599e+07,-200832,0,1.27634e+07
9.99325e+08,0,0,0,0,2.88617e+07,-200845,0,1.27634e+07
9.99124e+08,0,0,0,0,2.88635e+07,-200857,0,1.27634e+07
9.98924e+08,0,0,0,0,2.88654e+07,-200870,0,1.27634e+07
9.99781e+08,0,0,0,0,2.8883e+07,857464,0,1.27634e+07
1.00064e+09,0,0,0,0,2.88849e+07,857519,0,1.27634e+07
1.0015e+09,0,0,0,0,2.88867e+07,857573,0,1.27634e+07
1.00235e+09,0,0,0,0,2.88885e+07,857628,0,1.27634e+07
1.00314e+09,0,0,0,0,2.63574e+07,782518,0,1.27634e+07
1.00377e+09,0,0,0,0,2.65864e+07,636482,0,1.27634e+07
1.00441e+09,0,0,0,0,2.65876e+07,636802,0,1.27634e+07
1.00505e+09,0,0,0,0,2.65889e+07,637122,0,1.27634e+07
1.00568e+09,0,0,0,0,2.65901e+07,637442,0,1.27634e+07
1.00632e+09,0,0,0,0,2.65897e+07,637713,0,1.27634e+07
1.00698e+09,0,0,0,0,2.74301e+07,662662,0,1.27634e+07
1.00779e+09,0,0,0,0,2.72167e+07,800840,0,1.27634e+07
1.00859e+09,0,0,0,0,2.72178e+07,801130,0,1.27634e+07
1.00939e+09,0,0,0,0,2.7209e+07,807801,0,1.27634e+07
1.01029e+09,0,0,0,0,3.01292e+07,894472,0,1.27634e+07
1.01118e+09,0,0,0,0,3.01309e+07,894522,0,1.27634e+07
1.01208e+09,0,0,0,0,3.01326e+07,894571,0,1.27634e+07
1.01297e+09,0,0,0,0,3.01342e+07,894621,0,1.27634e+07
1.01375e+09,0,0,0,0,2.6103e+07,774961,0,1.27634e+07
1.01452e+09,0,0,0,0,2.61044e+07,775004,0,1.27634e+07
1.0153e+09,0,0,0,0,2.61058e+07,775047,0,1.27634e+07
1.01607e+09,0,0,0,0,2.61073e+07,775090,0,1.27634e+07
1.01685e+09,0,0,0,0,2.61087e+07,775133,0,1.27634e+07
1.01765e+09,0,0,0,0,2.71109e+07,804881,0,1.27634e+07
1.01846e+09,0,0,0,0,2.71124e+07,804925,0,1.27634e+07
1.01926e+09,0,0,0,0,2.71139e+07,804970,0,1.27634e+07
1.02007e+09,0,0,0,0,2.71154e+07,805015,0,1.27634e+07
1.02086e+09,0,0,0,0,2.67269e+07,793482,0,1.27634e+07
1.02165e+09,0,0,0,0,2.67284e+07,793526,0,1.27634e+07
1.02245e+09,0,0,0,0,2.67299e+07,793570,0,1.27634e+07
1.02324e+09,0,0,0,0,2.67313e+07,793614,0,1.27634e+07
1.02408e+09,0,0,0,0,2.80871e+07,833856,0,1.27634e+07
1.02491e+09,0,0,0,0,2.80887e+07,833902,0,1.27634e+07
1.02574e+09,0,0,0,0,2.80902e+07,833949,0,1.27634e+07
1.02658e+09,0,0,0,0,2.80918e+07,833995,0,1.27634e+07
1.02741e+09,0,0,0,0,2.80933e+07,834041,0,1.27634e+07
1.02825e+09,0,0,0,0,2.83523e+07,841681,0,1.27634e+07
1.02909e+09,0,0,0,0,2.83539e+07,841728,0,1.27634e+07
1.02994e+09,0,0,0,0,2.83555e+07,841775,0,1.27634e+07
1.03078e+09,0,0,0,0,2.8357e+07,841821,0,1.27634e+07
1.03164e+09,0,0,0,0,2.90359e+07,861973,0,1.27634e+07
1.0325e+09,0,0,0,0,2.90375e+07,862021,0,1.27634e+07
1.03336e+09,0,0,0,0,2.90391e+07,862069,0,1.27634e+07
1.03423e+09,0,0,0,0,2.90407e+07,862117,0,1.27634e+07
1.03402e+09,0,0,0,0,3.01232e+07,-209650,0,1.27634e+07
1.03381e+09,0,0,0,0,3.01248e+07,-209661,0,1.27634e+07
1.0336e+09,0,0,0,0,3.01265e+07,-209673,0,1.27634e+07
1.03339e+09,0,0,0,0,3.01282e+07,-209684,0,1.27634e+07
1.03318e+09,0,0,0,0,3.01298e+07,-209696,0,1.27634e+07
1.03298e+09,0,0,0,0,2.89461e+07,-201432,0,1.27634e+07
1.03278e+09,0,0,0,0,2.89477e+07,-201443,0,1.27634e+07
1.03257e+09,0,0,0,0,2.89493e+07,-201454,0,1.27634e+07
1.03237e+09,0,0,0,0,2.89509e+07,-201465,0,1.27634e+07
1.03323e+09,0,0,0,0,2.89684e+07,859998,0,1.27634e+07
1.03409e+09,0,0,0,0,2.897e+07,860045,0,1.27634e+07
1.03495e+09,0,0,0,0,2.89716e+07,860093,0,1.27634e+07
1.03581e+09,0,0,0,0,2.89732e+07,860141,0,1.27634e+07
1.0366e+09,0,0,0,0,2.64344e+07,784805,0,1.27634e+07
1.03725e+09,0,0,0,0,2.66438e+07,651221,0,1.27634e+07
1.0379e+09,0,0,0,0,2.66449e+07,651502,0,1.27634e+07
1.03855e+09,0,0,0,0,2.6646e+07,651782,0,1.27634e+07
1.03934e+09,0,0,0,0,2.64403e+07,784979,0,1.27634e+07
1.04001e+09,0,0,0,0,2.74894e+07,677316,0,1.27634e+07
1.04082e+09,0,0,0,0,2.72842e+07,810033,0,1.27634e+07
1.04163e+09,0,0,0,0,2.72855e+07,810072,0,1.27634e+07
1.04244e+09,0,0,0,0,2.72868e+07,810111,0,1.27634e+07
1.04224e+09,0,0,0,0,2.91155e+07,-202570,0,1.27634e+07
1.04204e+09,0,0,0,0,2.91169e+07,-202579,0,1.27634e+07
1.04184e+09,0,0,0,0,2.91183e+07,-202589,0,1.27634e+07
1.04163e+09,0,0,0,0,2.91197e+07,-202599,0,1.27634e+07
1.04241e+09,0,0,0,0,2.61766e+07,777146,0,1.27634e+07
1.04319e+09,0,0,0,0,2.61778e+07,777183,0,1.27634e+07
1.04397e+09,0,0,0,0,2.61791e+07,777220,0,1.27634e+07
1.04474e+09,0,0,0,0,2.61803e+07,777257,0,1.27634e+07
1.04552e+09,0,0,0,0,2.61815e+07,777294,0,1.27634e+07
1.04633e+09,0,0,0,0,2.71863e+07,807119,0,1.27634e+07
1.04713e+09,0,0,0,0,2.71876e+07,807157,0,1.27634e+07
1.04794e+09,0,0,0,0,2.71889e+07,807196,0,1.27634e+07
1.04875e+09,0,0,0,0,2.71902e+07,807234,0,1.27634e+07
1.04954e+09,0,0,0,0,2.68004e+07,795663,0,1.27634e+07
1.05034e+09,0,0,0,0,2.68016e+07,795701,0,1.27634e+07
1.05114e+09,0,0,0,0,2.68029e+07,795739,0,1.27634e+07
1.05193e+09,0,0,0,0,2.68042e+07,795777,0,1.27634e+07
1.05277e+09,0,0,0,0,2.81634e+07,836122,0,1.27634e+07
1.0536e+09,0,0,0,0,2.81648e+07,836162,0,1.27634e+07
1.05444e+09,0,0,0,0,2.81661e+07,836202,0,1.27634e+07
1.05528e+09,0,0,0,0,2.81675e+07,836242,0,1.27634e+07
1.05611e+09,0,0,0,0,2.81688e+07,836282,0,1.27634e+07
1.05696e+09,0,0,0,0,2.84282e+07,843935,0,1.27634e+07
1.0578e+09,0,0,0,0,2.84296e+07,843976,0,1.27634e+07
1.05864e+09,0,0,0,0,2.8431e+07,844016,0,1.27634e+07
1.05949e+09,0,0,0,0,2.84323e+07,844056,0,1.27634e+07
1.06035e+09,0,0,0,0,2.91128e+07,864255,0,1.27634e+07
1.06122e+09,0,0,0,0,2.91141e+07,864296,0,1.27634e+07
1.06208e+09,0,0,0,0,2.91155e+07,864337,0,1.27634e+07
1.06295e+09,0,0,0,0,2.91169e+07,864379,0,1.27634e+07
1.06274e+09,0,0,0,0,3.0202e+07,-210198,0,1.27634e+07
1.06253e+09,0,0,0,0,3.02034e+07,-210208,0,1.27634e+07
1.06232e+09,0,0,0,0,3.02048e+07,-210218,0,1.27634e+07
1.06211e+09,0,0,0,0,3.02063e+07,-210228,0,1.27634e+07
1.0619e+09,0,0,0,0,3.02077e+07,-210238,0,1.27634e+07
1.06169e+09,0,0,0,0,2.90206e+07,-201951,0,1.27634e+07
1.06149e+09,0,0,0,0,2.9022e+07,-201960,0,1.27634e+07
1.06129e+09,0,0,0,0,2.90234e+07,-201970,0,1.27634e+07
1.06109e+09,0,0,0,0,2.90248e+07,-201979,0,1.27634e+07
1.06195e+09,0,0,0,0,2.90421e+07,862186,0,1.27634e+07
1.06281e+09,0,0,0,0,2.90435e+07,862227,0,1.27634e+07
1.06367e+09,0,0,0,0,2.90449e+07,862269,0,1.27634e+07
1.06454e+09,0,0,0,0,2.90463e+07,862310,0,1.27634e+07
1.06532e+09,0,0,0,0,2.65009e+07,786778,0,1.27634e+07
1.06599e+09,0,0,0,0,2.66933e+07,663934,0,1.27634e+07
1.06665e+09,0,0,0,0,2.66943e+07,664176,0,1.27634e+07
1.06732e+09,0,0,0,0,2.66952e+07,664418,0,1.27634e+07
1.06798e+09,0,0,0,0,2.66962e+07,664660,0,1.27634e+07
1.06867e+09,0,0,0,0,2.75404e+07,689935,0,1.27634e+07
1.06948e+09,0,0,0,0,2.73515e+07,812031,0,1.27634e+07
1.07029e+09,0,0,0,0,2.73526e+07,812064,0,1.27634e+07
1.07111e+09,0,0,0,0,2.73537e+07,812096,0,1.27634e+07
1.0709e+09,0,0,0,0,2.91867e+07,-203064,0,1.27634e+07
1.0707e+09,0,0,0,0,2.91878e+07,-203073,0,1.27634e+07
1.0705e+09,0,0,0,0,2.9189e+07,-203081,0,1.27634e+07
1.07029e+09,0,0,0,0,2.91902e+07,-203089,0,1.27634e+07
1.07107e+09,0,0,0,0,2.62397e+07,779021,0,1.27634e+07
1.07169e+09,0,0,0,0,2.64895e+07,619179,0,1.27634e+07
1.07231e+09,0,0,0,0,2.64903e+07,619380,0,1.27634e+07
1.07293e+09,0,0,0,0,2.6491e+07,619580,0,1.27634e+07
1.07355e+09,0,0,0,0,2.64918e+07,619781,0,1.27634e+07
1.0742e+09,0,0,0,0,2.74985e+07,649839,0,1.27634e+07
1.07501e+09,0,0,0,0,2.72519e+07,809066,0,1.27634e+07
1.07582e+09,0,0,0,0,2.7253e+07,809098,0,1.27634e+07
1.07663e+09,0,0,0,0,2.7254e+07,809131,0,1.27634e+07
1.07743e+09,0,0,0,0,2.68631e+07,797526,0,1.27634e+07
1.07822e+09,0,0,0,0,2.68642e+07,797558,0,1.27634e+07
1.07902e+09,0,0,0,0,2.68653e+07,797590,0,1.27634e+07
1.07982e+09,0,0,0,0,2.68663e+07,797622,0,1.27634e+07
1.08066e+09,0,0,0,0,2.82285e+07,838054,0,1.27634e+07
1.08149e+09,0,0,0,0,2.82296e+07,838088,0,1.27634e+07
1.08233e+09,0,0,0,0,2.82308e+07,838121,0,1.27634e+07
1.08317e+09,0,0,0,0,2.82319e+07,838154,0,1.27634e+07
1.08401e+09,0,0,0,0,2.8233e+07,838188,0,1.27634e+07
1.08485e+09,0,0,0,0,2.84928e+07,845853,0,1.27634e+07
1.0857e+09,0,0,0,0,2.8494e+07,845886,0,1.27634e+07
1.08655e+09,0,0,0,0,2.84951e+07,845920,0,1.27634e+07
1.08739e+09,0,0,0,0,2.84962e+07,845954,0,1.27634e+07
1.08826e+09,0,0,0,0,2.9178e+07,866191,0,1.27634e+07
1.08912e+09,0,0,0,0,2.91791e+07,866226,0,1.27634e+07
1.08999e+09,0,0,0,0,2.91803e+07,866260,0,1.27634e+07
1.09086e+09,0,0,0,0,2.91815e+07,866295,0,1.27634e+07
1.09065e+09,0,0,0,0,3.02687e+07,-210662,0,1.27634e+07
1.09044e+09,0,0,0,0,3.02699e+07,-210671,0,1.27634e+07
1.09023e+09,0,0,0,0,3.02711e+07,-210679,0,1.27634e+07
1.09001e+09,0,0,0,0,3.02723e+07,-210688,0,1.27634e+07
1.0898e+09,0,0,0,0,3.02735e+07,-210696,0,1.27634e+07
1.0896e+09,0,0,0,0,2.90836e+07,-202389,0,1.27634e+07
1.0894e+09,0,0,0,0,2.90848e+07,-202397,0,1.27634e+07
1.0892e+09,0,0,0,0,2.90859e+07,-202405,0,1.27634e+07
1.08899e+09,0,0,0,0,2.90871e+07,-202413,0,1.27634e+07
1.08986e+09,0,0,0,0,2.91042e+07,864031,0,1.27634e+07
1.09072e+09,0,0,0,0,2.91054e+07,864065,0,1.27634e+07
1.09159e+09,0,0,0,0,2.91066e+07,864100,0,1.27634e+07
1.09245e+09,0,0,0,0,2.91077e+07,864134,0,1.27634e+07
1.09324e+09,0,0,0,0,2.65567e+07,788436,0,1.27634e+07
1.09391e+09,0,0,0,0,2.67349e+07,674621,0,1.27634e+07
1.09459e+09,0,0,0,0,2.67357e+07,674824,0,1.27634e+07
1.09526e+09,0,0,0,0,2.67365e+07,675026,0,1.27634e+07
1.09594e+09,0,0,0,0,2.67373e+07,675229,0,1.27634e+07
1.09664e+09,0,0,0,0,2.75831e+07,700517,0,1.27634e+07
1.09745e+09,0,0,0,0,2.74079e+07,813705,0,1.27634e+07
1.09827e+09,0,0,0,0,2.74088e+07,813731,0,1.27634e+07
1.09908e+09,0,0,0,0,2.74097e+07,813757,0,1.27634e+07
1.09888e+09,0,0,0,0,2.92461e+07,-203478,0,1.27634e+07
1.09867e+09,0,0,0,0,2.92471e+07,-203485,0,1.27634e+07
1.09847e+09,0,0,0,0,2.9248e+07,-203491,0,1.27634e+07
1.09827e+09,0,0,0,0,2.9249e+07,-203498,0,1.27634e+07
1.09905e+09,0,0,0,0,2.62923e+07,780583,0,1.27634e+07
1.09968e+09,0,0,0,0,2.65286e+07,629258,0,1.27634e+07
1.10031e+09,0,0,0,0,2.65293e+07,629419,0,1.27634e+07
1.10094e+09,0,0,0,0,2.65299e+07,629581,0,1.27634e+07
1.10157e+09,0,0,0,0,2.65305e+07,629742,0,1.27634e+07
1.10223e+09,0,0,0,0,2.7539e+07,659820,0,1.27634e+07
1.10304e+09,0,0,0,0,2.73052e+07,810651,0,1.27634e+07
1.10385e+09,0,0,0,0,2.73061e+07,810677,0,1.27634e+07
1.10466e+09,0,0,0,0,2.7307e+07,810703,0,1.27634e+07
1.10546e+09,0,0,0,0,2.69151e+07,799069,0,1.27634e+07
1.10626e+09,0,0,0,0,2.6916e+07,799095,0,1.27634e+07
1.10705e+09,0,0,0,0,2.69168e+07,799121,0,1.27634e+07
1.10785e+09,0,0,0,0,2.69177e+07,799146,0,1.27634e+07
1.10869e+09,0,0,0,0,2.82822e+07,839649,0,1.27634e+07
1.10953e+09,0,0,0,0,2.82831e+07,839676,0,1.27634e+07
1.11037e+09,0,0,0,0,2.8284e+07,839703,0,1.27634e+07
1.11121e+09,0,0,0,0,2.82849e+07,839730,0,1.27634e+07
1.11205e+09,0,0,0,0,2.82859e+07,839757,0,1.27634e+07
1.1129e+09,0,0,0,0,2.85459e+07,847429,0,1.27634e+07
1.11375e+09,0,0,0,0,2.85468e+07,847456,0,1.27634e+07
1.11459e+09,0,0,0,0,2.85478e+07,847484,0,1.27634e+07
1.11544e+09,0,0,0,0,2.85487e+07,847511,0,1.27634e+07
1.11631e+09,0,0,0,0,2.92315e+07,867778,0,1.27634e+07
1.11718e+09,0,0,0,0,2.92324e+07,867806,0,1.27634e+07
1.11805e+09,0,0,0,0,2.92333e+07,867834,0,1.27634e+07
1.11891e+09,0,0,0,0,2.92343e+07,867862,0,1.27634e+07
1.1187e+09,0,0,0,0,3.03232e+07,-211042,0,1.27634e+07
1.11849e+09,0,0,0,0,3.03242e+07,-211048,0,1.27634e+07
1.11828e+09,0,0,0,0,3.03251e+07,-211055,0,1.27634e+07
1.11807e+09,0,0,0,0,3.03261e+07,-211062,0,1.27634e+07
1.11786e+09,0,0,0,0,3.03271e+07,-211069,0,1.27634e+07
1.11766e+09,0,0,0,0,2.91349e+07,-202745,0,1.27634e+07
1.11745e+09,0,0,0,0,2.91358e+07,-202752,0,1.27634e+07
1.11725e+09,0,0,0,0,2.91367e+07,-202758,0,1.27634e+07
1.11705e+09,0,0,0,0,2.91377e+07,-202765,0,1.27634e+07
1.11791e+09,0,0,0,0,2.91546e+07,865526,0,1.27634e+07
1.11878e+09,0,0,0,0,2.91555e+07,865553,0,1.27634e+07
1.11964e+09,0,0,0,0,2.91565e+07,865581,0,1.27634e+07
1.12051e+09,0,0,0,0,2.91574e+07,865609,0,1.27634e+07
1.1213e+09,0,0,0,0,2.66019e+07,789776,0,1.27634e+07
1.12198e+09,0,0,0,0,2.67685e+07,683250,0,1.27634e+07
1.12267e+09,0,0,0,0,2.67691e+07,683413,0,1.27634e+07
1.12335e+09,0,0,0,0,2.67698e+07,683576,0,1.27634e+07
1.12403e+09,0,0,0,0,2.67704e+07,683739,0,1.27634e+07
1.12474e+09,0,0,0,0,2.76174e+07,709030,0,1.27634e+07
1.12556e+09,0,0,0,0,2.74532e+07,815049,0,1.27634e+07
1.12637e+09,0,0,0,0,2.74538e+07,815068,0,1.27634e+07
1.12719e+09,0,0,0,0,2.74545e+07,815088,0,1.27634e+07
1.12698e+09,0,0,0,0,2.92937e+07,-203809,0,1.27634e+07
1.12678e+09,0,0,0,0,2.92945e+07,-203814,0,1.27634e+07
1.12658e+09,0,0,0,0,2.92952e+07,-203819,0,1.27634e+07
1.12637e+09,0,0,0,0,2.92959e+07,-203824,0,1.27634e+07
1.12715e+09,0,0,0,0,2.63343e+07,781829,0,1.27634e+07
1.12794e+09,0,0,0,0,2.63349e+07,781848,0,1.27634e+07
1.12872e+09,0,0,0,0,2.63356e+07,781867,0,1.27634e+07
1.1295e+09,0,0,0,0,2.63362e+07,781886,0,1.27634e+07
1.13028e+09,0,0,0,0,2.63368e+07,781905,0,1.27634e+07
1.13109e+09,0,0,0,0,2.73469e+07,811887,0,1.27634e+07
1.13191e+09,0,0,0,0,2.73475e+07,811907,0,1.27634e+07
1.13272e+09,0,0,0,0,2.73482e+07,811926,0,1.27634e+07
1.13353e+09,0,0,0,0,2.73489e+07,811946,0,1.27634e+07
1.13433e+09,0,0,0,0,2.69562e+07,800289,0,1.27634e+07
1.13513e+09,0,0,0,0,2.69568e+07,800308,0,1.27634e+07
1.13593e+09,0,0,0,0,2.69575e+07,800327,0,1.27634e+07
1.13673e+09,0,0,0,0,2.69581e+07,800347,0,1.27634e+07
1.13757e+09,0,0,0,0,2.83245e+07,840904,0,1.27634e+07
1.13841e+09,0,0,0,0,2.83252e+07,840924,0,1.27634e+07
1.13925e+09,0,0,0,0,2.83259e+07,840945,0,1.27634e+07
1.14009e+09,0,0,0,0,2.83265e+07,840965,0,1.27634e+07
1.14093e+09,0,0,0,0,2.83272e+07,840985,0,1.27634e+07
1.14178e+09,0,0,0,0,2.85875e+07,848662,0,1.27634e+07
1.14263e+09,0,0,0,0,2.85882e+07,848683,0,1.27634e+07
1.14348e+09,0,0,0,0,2.85888e+07,848703,0,1.27634e+07
1.14433e+09,0,0,0,0,2.85895e+07,848724,0,1.27634e+07
1.1452e+09,0,0,0,0,2.92731e+07,869014,0,1.27634e+07
1.14607e+09,0,0,0,0,2.92738e+07,869035,0,1.27634e+07
1.14694e+09,0,0,0,0,2.92745e+07,869056,0,1.27634e+07
1.14781e+09,0,0,0,0,2.92752e+07,869077,0,1.27634e+07
1.14759e+09,0,0,0,0,3.03654e+07,-211335,0,1.27634e+07
1.14738e+09,0,0,0,0,3.03661e+07,-211341,0,1.27634e+07
1.14717e+09,0,0,0,0,3.03669e+07,-211346,0,1.27634e+07
1.14696e+09,0,0,0,0,3.03676e+07,-211351,0,1.27634e+07
1.14675e+09,0,0,0,0,3.03683e+07,-211356,0,1.27634e+07
1.14655e+09,0,0,0,0,2.91743e+07,-203020,0,1.27634e+07
1.14634e+09,0,0,0,0,2.9175e+07,-203025,0,1.27634e+07
1.14614e+09,0,0,0,0,2.91757e+07,-203029,0,1.27634e+07
1.14594e+09,0,0,0,0,2.91764e+07,-203034,0,1.27634e+07
1.1468e+09,0,0,0,0,2.91931e+07,866669,0,1.27634e+07
1.14767e+09,0,0,0,0,2.91938e+07,866690,0,1.27634e+07
1.14854e+09,0,0,0,0,2.91945e+07,866711,0,1.27634e+07
1.1494e+09,0,0,0,0,2.91952e+07,866732,0,1.27634e+07
1.15019e+09,0,0,0,0,2.66362e+07,790794,0,1.27634e+07
1.15088e+09,0,0,0,0,2.6794e+07,689812,0,1.27634e+07
1.15157e+09,0,0,0,0,2.67944e+07,689935,0,1.27634e+07
1.15226e+09,0,0,0,0,2.67949e+07,690059,0,1.27634e+07
1.15295e+09,0,0,0,0,2.67954e+07,690182,0,1.27634e+07
1.15367e+09,0,0,0,0,2.76433e+07,715464,0,1.27634e+07
1.15449e+09,0,0,0,0,2.74873e+07,816062,0,1.27634e+07
1.1553e+09,0,0,0,0,2.74877e+07,816075,0,1.27634e+07
1.15612e+09,0,0,0,0,2.74882e+07,816089,0,1.27634e+07
1.15591e+09,0,0,0,0,2.93295e+07,-204058,0,1.27634e+07
1.15571e+09,0,0,0,0,2.933e+07,-204061,0,1.27634e+07
1.15551e+09,0,0,0,0,2.93304e+07,-204065,0,1.27634e+07
1.1553e+09,0,0,0,0,2.93309e+07,-204068,0,1.27634e+07
1.15608e+09,0,0,0,0,2.63656e+07,782758,0,1.27634e+07
1.15673e+09,0,0,0,0,2.6583e+07,643286,0,1.27634e+07
1.15751e+09,0,0,0,0,2.63665e+07,782784,0,1.27634e+07
1.15829e+09,0,0,0,0,2.63669e+07,782797,0,1.27634e+07
1.15908e+09,0,0,0,0,2.63673e+07,782810,0,1.27634e+07
1.15989e+09,0,0,0,0,2.73783e+07,812820,0,1.27634e+07
1.1607e+09,0,0,0,0,2.73788e+07,812834,0,1.27634e+07
1.16152e+09,0,0,0,0,2.73792e+07,812847,0,1.27634e+07
1.16233e+09,0,0,0,0,2.73797e+07,812860,0,1.27634e+07
1.16313e+09,0,0,0,0,2.69863e+07,801184,0,1.27634e+07
1.16393e+09,0,0,0,0,2.69868e+07,801197,0,1.27634e+07
1.16473e+09,0,0,0,0,2.69872e+07,801210,0,1.27634e+07
1.16553e+09,0,0,0,0,2.69876e+07,801223,0,1.27634e+07
1.16637e+09,0,0,0,0,2.83553e+07,841818,0,1.27634e+07
1.16722e+09,0,0,0,0,2.83557e+07,841832,0,1.27634e+07
1.16806e+09,0,0,0,0,2.83562e+07,841846,0,1.27634e+07
1.1689e+09,0,0,0,0,2.83567e+07,841860,0,1.27634e+07
1.16974e+09,0,0,0,0,2.83571e+07,841873,0,1.27634e+07
1.17059e+09,0,0,0,0,2.86174e+07,849552,0,1.27634e+07
1.17144e+09,0,0,0,0,2.86179e+07,849566,0,1.27634e+07
1.17229e+09,0,0,0,0,2.86184e+07,849580,0,1.27634e+07
1.17314e+09,0,0,0,0,2.86188e+07,849594,0,1.27634e+07
1.17401e+09,0,0,0,0,2.93028e+07,869898,0,1.27634e+07
1.17488e+09,0,0,0,0,2.93033e+07,869912,0,1.27634e+07
1.17575e+09,0,0,0,0,2.93038e+07,869926,0,1.27634e+07
1.17662e+09,0,0,0,0,2.93043e+07,869941,0,1.27634e+07
1.17641e+09,0,0,0,0,3.03953e+07,-211544,0,1.27634e+07
1.1762e+09,0,0,0,0,3.03958e+07,-211547,0,1.27634e+07
1.17599e+09,0,0,0,0,3.03963e+07,-211551,0,1.27634e+07
1.17577e+09,0,0,0,0,3.03968e+07,-211554,0,1.27634e+07
1.17556e+09,0,0,0,0,3.03973e+07,-211558,0,1.27634e+07
1.17536e+09,0,0,0,0,2.92019e+07,-203212,0,1.27634e+07
1.17516e+09,0,0,0,0,2.92024e+07,-203215,0,1.27634e+07
1.17495e+09,0,0,0,0,2.92029e+07,-203219,0,1.27634e+07
1.17475e+09,0,0,0,0,2.92033e+07,-203222,0,1.27634e+07
1.17562e+09,0,0,0,0,2.92199e+07,867463,0,1.27634e+07
1.17648e+09,0,0,0,0,2.92203e+07,867477,0,1.27634e+07
1.17735e+09,0,0,0,0,2.92208e+07,867492,0,1.27634e+07
1.17822e+09,0,0,0,0,2.92213e+07,867506,0,1.27634e+07
1.17901e+09,0,0,0,0,2.66597e+07,791494,0,1.27634e+07
1.17971e+09,0,0,0,0,2.68114e+07,694320,0,1.27634e+07
1.1804e+09,0,0,0,0,2.68117e+07,694403,0,1.27634e+07
1.18109e+09,0,0,0,0,2.6812e+07,694487,0,1.27634e+07
1.18179e+09,0,0,0,0,2.68124e+07,694571,0,1.27634e+07
1.18258e+09,0,0,0,0,2.66615e+07,791546,0,1.27634e+07
1.1834e+09,0,0,0,0,2.75101e+07,816739,0,1.27634e+07
1.18421e+09,0,0,0,0,2.75103e+07,816746,0,1.27634e+07
1.18503e+09,0,0,0,0,2.75106e+07,816753,0,1.27634e+07
1.18585e+09,0,0,0,0,2.75108e+07,816761,0,1.27634e+07
1.18564e+09,0,0,0,0,2.93534e+07,-204224,0,1.27634e+07
1.18544e+09,0,0,0,0,2.93537e+07,-204226,0,1.27634e+07
1.18523e+09,0,0,0,0,2.93539e+07,-204228,0,1.27634e+07
1.18503e+09,0,0,0,0,2.93542e+07,-204230,0,1.27634e+07
1.18581e+09,0,0,0,0,2.63863e+07,783373,0,1.27634e+07
1.1866e+09,0,0,0,0,2.63865e+07,783380,0,1.27634e+07
1.18738e+09,0,0,0,0,2.63868e+07,783387,0,1.27634e+07
1.18816e+09,0,0,0,0,2.6387e+07,783394,0,1.27634e+07
1.18895e+09,0,0,0,0,2.63872e+07,783401,0,1.27634e+07
1.18976e+09,0,0,0,0,2.73988e+07,813427,0,1.27634e+07
1.19057e+09,0,0,0,0,2.7399e+07,813435,0,1.27634e+07
1.19139e+09,0,0,0,0,2.73993e+07,813442,0,1.27634e+07
1.1922e+09,0,0,0,0,2.73995e+07,813449,0,1.27634e+07
1.193e+09,0,0,0,0,2.70056e+07,801758,0,1.27634e+07
1.1938e+09,0,0,0,0,2.70059e+07,801765,0,1.27634e+07
1.19461e+09,0,0,0,0,2.70061e+07,801772,0,1.27634e+07
1.19541e+09,0,0,0,0,2.70064e+07,801779,0,1.27634e+07
1.19625e+09,0,0,0,0,2.83747e+07,842396,0,1.27634e+07
1.19709e+09,0,0,0,0,2.8375e+07,842403,0,1.27634e+07
1.19794e+09,0,0,0,0,2.83752e+07,842410,0,1.27634e+07
1.19878e+09,0,0,0,0,2.83755e+07,842418,0,1.27634e+07
1.19962e+09,0,0,0,0,2.83757e+07,842425,0,1.27634e+07
1.20047e+09,0,0,0,0,2.8636e+07,850102,0,1.27634e+07
1.20132e+09,0,0,0,0,2.86362e+07,850110,0,1.27634e+07
1.20217e+09,0,0,0,0,2.86365e+07,850117,0,1.27634e+07
1.20302e+09,0,0,0,0,2.86367e+07,850125,0,1.27634e+07
1.20389e+09,0,0,0,0,2.93209e+07,870435,0,1.27634e+07
1.20476e+09,0,0,0,0,2.93212e+07,870442,0,1.27634e+07
1.20563e+09,0,0,0,0,2.93214e+07,870450,0,1.27634e+07
1.2065e+09,0,0,0,0,2.93217e+07,870457,0,1.27634e+07
1.20629e+09,0,0,0,0,3.04132e+07,-211668,0,1.27634e+07
1.20608e+09,0,0,0,0,3.04134e+07,-211670,0,1.27634e+07
1.20587e+09,0,0,0,0,3.04137e+07,-211672,0,1.27634e+07
1.20566e+09,0,0,0,0,3.0414e+07,-211674,0,1.27634e+07
1.20544e+09,0,0,0,0,3.04142e+07,-211675,0,1.27634e+07
1.20524e+09,0,0,0,0,2.92179e+07,-203323,0,1.27634e+07
1.20504e+09,0,0,0,0,2.92182e+07,-203325,0,1.27634e+07
1.20483e+09,0,0,0,0,2.92184e+07,-203327,0,1.27634e+07
1.20463e+09,0,0,0,0,2.92187e+07,-203329,0,1.27634e+07
1.2055e+09,0,0,0,0,2.9235e+07,867912,0,1.27634e+07
1.20637e+09,0,0,0,0,2.92352e+07,867920,0,1.27634e+07
1.20723e+09,0,0,0,0,2.92355e+07,867928,0,1.27634e+07
1.2081e+09,0,0,0,0,2.92358e+07,867935,0,1.27634e+07
1.20889e+09,0,0,0,0,2.66727e+07,791880,0,1.27634e+07
1.20959e+09,0,0,0,0,2.68209e+07,696799,0,1.27634e+07
1.21029e+09,0,0,0,0,2.68211e+07,696844,0,1.27634e+07
1.21098e+09,0,0,0,0,2.68213e+07,696889,0,1.27634e+07
1.21168e+09,0,0,0,0,2.68214e+07,696934,0,1.27634e+07
1.2124e+09,0,0,0,0,2.76702e+07,722170,0,1.27634e+07
1.21322e+09,0,0,0,0,2.75225e+07,817107,0,1.27634e+07
1.21404e+09,0,0,0,0,2.75225e+07,817108,0,1.27634e+07
1.21486e+09,0,0,0,0,2.75226e+07,817109,0,1.27634e+07
1.21465e+09,0,0,0,0,2.93657e+07,-204310,0,1.27634e+07
1.21445e+09,0,0,0,0,2.93657e+07,-204310,0,1.27634e+07
1.21424e+09,0,0,0,0,2.93658e+07,-204310,0,1.27634e+07
1.21404e+09,0,0,0,0,2.93658e+07,-204311,0,1.27634e+07
1.21482e+09,0,0,0,0,2.63965e+07,783677,0,1.27634e+07
1.21561e+09,0,0,0,0,2.63966e+07,783678,0,1.27634e+07
1.21639e+09,0,0,0,0,2.63966e+07,783679,0,1.27634e+07
1.21717e+09,0,0,0,0,2.63966e+07,783680,0,1.27634e+07
1.21796e+09,0,0,0,0,2.63967e+07,783681,0,1.27634e+07
1.21877e+09,0,0,0,0,2.74084e+07,813712,0,1.27634e+07
1.21958e+09,0,0,0,0,2.74084e+07,813713,0,1.27634e+07
1.2204e+09,0,0,0,0,2.74084e+07,813714,0,1.27634e+07
1.22121e+09,0,0,0,0,2.74085e+07,813715,0,1.27634e+07
1.22201e+09,0,0,0,0,2.70143e+07,802014,0,1.27634e+07
1.22282e+09,0,0,0,0,2.70143e+07,802015,0,1.27634e+07
1.22362e+09,0,0,0,0,2.70143e+07,802016,0,1.27634e+07
1.22442e+09,0,0,0,0,2.70144e+07,802017,0,1.27634e+07
1.22526e+09,0,0,0,0,2.83829e+07,842639,0,1.27634e+07
1.2261e+09,0,0,0,0,2.8383e+07,842640,0,1.27634e+07
1.22695e+09,0,0,0,0,2.8383e+07,842641,0,1.27634e+07
1.22779e+09,0,0,0,0,2.8383e+07,842642,0,1.27634e+07
1.22863e+09,0,0,0,0,2.83831e+07,842643,0,1.27634e+07
1.22948e+09,0,0,0,0,2.86432e+07,850316,0,1.27634e+07
1.23033e+09,0,0,0,0,2.86432e+07,850317,0,1.27634e+07
1.23118e+09,0,0,0,0,2.86432e+07,850318,0,1.27634e+07
1.23203e+09,0,0,0,0,2.86433e+07,850319,0,1.27634e+07
1.2329e+09,0,0,0,0,2.93274e+07,870627,0,1.27634e+07
1.23377e+09,0,0,0,0,2.93274e+07,870628,0,1.27634e+07
1.23465e+09,0,0,0,0,2.93275e+07,870629,0,1.27634e+07
1.23552e+09,0,0,0,0,2.93275e+07,870630,0,1.27634e+07
1.2353e+09,0,0,0,0,3.0419e+07,-211708,0,1.27634e+07
1.23509e+09,0,0,0,0,3.0419e+07,-211709,0,1.27634e+07
1.23488e+09,0,0,0,0,3.0419e+07,-211709,0,1.27634e+07
1.23467e+09,0,0,0,0,3.04191e+07,-211709,0,1.27634e+07
1.23446e+09,0,0,0,0,3.04191e+07,-211709,0,1.27634e+07
1.23425e+09,0,0,0,0,2.92224e+07,-203354,0,1.27634e+07
1.23405e+09,0,0,0,0,2.92224e+07,-203355,0,1.27634e+07
1.23385e+09,0,0,0,0,2.92224e+07,-203355,0,1.27634e+07
1.23364e+09,0,0,0,0,2.92225e+07,-203355,0,1.27634e+07
1.23451e+09,0,0,0,0,2.92386e+07,868018,0,1.27634e+07
1.23538e+09,0,0,0,0,2.92386e+07,868019,0,1.27634e+07
1.23625e+09,0,0,0,0,2.92386e+07,868020,0,1.27634e+07
1.23712e+09,0,0,0,0,2.92387e+07,868021,0,1.27634e+07
1.23791e+09,0,0,0,0,2.66752e+07,791953,0,1.27634e+07
1.23861e+09,0,0,0,0,2.68225e+07,697262,0,1.27634e+07
1.2393e+09,0,0,0,0,2.68226e+07,697268,0,1.27634e+07
1.24e+09,0,0,0,0,2.68226e+07,697274,0,1.27634e+07
1.2407e+09,0,0,0,0,2.68226e+07,697280,0,1.27634e+07
1.24142e+09,0,0,0,0,2.76712e+07,722479,0,1.27634e+07
1.24224e+09,0,0,0,0,2.75238e+07,817145,0,1.27634e+07
1.24305e+09,0,0,0,0,2.75236e+07,817139,0,1.27634e+07
1.24387e+09,0,0,0,0,2.75234e+07,817134,0,1.27634e+07
1.24367e+09,0,0,0,0,2.93664e+07,-204315,0,1.27634e+07
1.24346e+09,0,0,0,0,2.93662e+07,-204313,0,1.27634e+07
1.24326e+09,0,0,0,0,2.9366e+07,-204312,0,1.27634e+07
1.24305e+09,0,0,0,0,2.93658e+07,-204311,0,1.27634e+07
1.24384e+09,0,0,0,0,2.63964e+07,783672,0,1.27634e+07
1.24462e+09,0,0,0,0,2.63962e+07,783667,0,1.27634e+07
1.2454e+09,0,0,0,0,2.6396e+07,783662,0,1.27634e+07
1.24619e+09,0,0,0,0,2.63959e+07,783657,0,1.27634e+07
1.24697e+09,0,0,0,0,2.63957e+07,783652,0,1.27634e+07
1.24779e+09,0,0,0,0,2.74071e+07,813676,0,1.27634e+07
1.2486e+09,0,0,0,0,2.7407e+07,813671,0,1.27634e+07
1.24941e+09,0,0,0,0,2.74068e+07,813665,0,1.27634e+07
1.25023e+09,0,0,0,0,2.74066e+07,813660,0,1.27634e+07
1.25103e+09,0,0,0,0,2.70122e+07,801954,0,1.27634e+07
1.25183e+09,0,0,0,0,2.70121e+07,801949,0,1.27634e+07
1.25263e+09,0,0,0,0,2.70119e+07,801943,0,1.27634e+07
1.25343e+09,0,0,0,0,2.70117e+07,801938,0,1.27634e+07
1.25428e+09,0,0,0,0,2.83799e+07,842550,0,1.27634e+07
1.25512e+09,0,0,0,0,2.83798e+07,842545,0,1.27634e+07
1.25596e+09,0,0,0,0,2.83796e+07,842540,0,1.27634e+07
1.2568e+09,0,0,0,0,2.83794e+07,842534,0,1.27634e+07
1.25765e+09,0,0,0,0,2.83792e+07,842529,0,1.27634e+07
1.2585e+09,0,0,0,0,2.86391e+07,850194,0,1.27634e+07
1.25935e+09,0,0,0,0,2.86389e+07,850188,0,1.27634e+07
1.2602e+09,0,0,0,0,2.86387e+07,850183,0,1.27634e+07
1.26105e+09,0,0,0,0,2.86385e+07,850178,0,1.27634e+07
1.26192e+09,0,0,0,0,2.93223e+07,870476,0,1.27634e+07
1.26279e+09,0,0,0,0,2.93221e+07,870470,0,1.27634e+07
1.26366e+09,0,0,0,0,2.93219e+07,870464,0,1.27634e+07
1.26453e+09,0,0,0,0,2.93217e+07,870459,0,1.27634e+07
1.26432e+09,0,0,0,0,3.04128e+07,-211665,0,1.27634e+07
1.26411e+09,0,0,0,0,3.04126e+07,-211664,0,1.27634e+07
1.2639e+09,0,0,0,0,3.04124e+07,-211662,0,1.27634e+07
1.26368e+09,0,0,0,0,3.04122e+07,-211661,0,1.27634e+07
1.26347e+09,0,0,0,0,3.0412e+07,-211660,0,1.27634e+07
1.26327e+09,0,0,0,0,2.92153e+07,-203305,0,1.27634e+07
1.26307e+09,0,0,0,0,2.92151e+07,-203304,0,1.27634e+07
1.26286e+09,0,0,0,0,2.92149e+07,-203303,0,1.27634e+07
1.26266e+09,0,0,0,0,2.92147e+07,-203301,0,1.27634e+07
1.26353e+09,0,0,0,0,2.92306e+07,867782,0,1.27634e+07
1.26439e+09,0,0,0,0,2.92304e+07,867776,0,1.27634e+07
1.26526e+09,0,0,0,0,2.92302e+07,867771,0,1.27634e+07
1.26613e+09,0,0,0,0,2.923e+07,867765,0,1.27634e+07
1.26692e+09,0,0,0,0,2.66671e+07,791713,0,1.27634e+07
1.26762e+09,0,0,0,0,2.68163e+07,695710,0,1.27634e+07
1.26831e+09,0,0,0,0,2.68162e+07,695677,0,1.27634e+07
1.26901e+09,0,0,0,0,2.6816e+07,695644,0,1.27634e+07
1.2697e+09,0,0,0,0,2.68159e+07,695612,0,1.27634e+07
1.27042e+09,0,0,0,0,2.76641e+07,720763,0,1.27634e+07
1.27124e+09,0,0,0,0,2.75142e+07,816860,0,1.27634e+07
1.27206e+09,0,0,0,0,2.75138e+07,816849,0,1.27634e+07
1.27288e+09,0,0,0,0,2.75134e+07,816837,0,1.27634e+07
1.27267e+09,0,0,0,0,2.93555e+07,-204239,0,1.27634e+07
1.27247e+09,0,0,0,0,2.93551e+07,-204236,0,1.27634e+07
1.27226e+09,0,0,0,0,2.93547e+07,-204233,0,1.27634e+07
1.27206e+09,0,0,0,0,2.93543e+07,-204230,0,1.27634e+07
1.27284e+09,0,0,0,0,2.63858e+07,783358,0,1.27634e+07
1.27349e+09,0,0,0,0,2.65973e+07,647129,0,1.27634e+07
1.27414e+09,0,0,0,0,2.65971e+07,647059,0,1.27634e+07
1.27478e+09,0,0,0,0,2.65968e+07,646989,0,1.27634e+07
1.27543e+09,0,0,0,0,2.65965e+07,646918,0,1.27634e+07
1.27611e+09,0,0,0,0,2.76074e+07,676864,0,1.27634e+07
1.27692e+09,0,0,0,0,2.73947e+07,813308,0,1.27634e+07
1.27773e+09,0,0,0,0,2.73944e+07,813296,0,1.27634e+07
1.27855e+09,0,0,0,0,2.7394e+07,813285,0,1.27634e+07
1.27935e+09,0,0,0,0,2.69996e+07,801578,0,1.27634e+07
1.28012e+09,0,0,0,0,2.70485e+07,769903,0,1.27634e+07
1.28089e+09,0,0,0,0,2.70482e+07,769831,0,1.27634e+07
1.28166e+09,0,0,0,0,2.70479e+07,769759,0,1.27634e+07
1.28247e+09,0,0,0,0,2.84153e+07,810283,0,1.27634e+07
1.28331e+09,0,0,0,0,2.83654e+07,842118,0,1.27634e+07
1.28415e+09,0,0,0,0,2.8365e+07,842107,0,1.27634e+07
1.28499e+09,0,0,0,0,2.83646e+07,842095,0,1.27634e+07
1.28584e+09,0,0,0,0,2.83642e+07,842083,0,1.27634e+07
1.28669e+09,0,0,0,0,2.86237e+07,849738,0,1.27634e+07
1.28754e+09,0,0,0,0,2.86233e+07,849726,0,1.27634e+07
1.28839e+09,0,0,0,0,2.86229e+07,849714,0,1.27634e+07
1.28924e+09,0,0,0,0,2.86225e+07,849702,0,1.27634e+07
1.29011e+09,0,0,0,0,2.93057e+07,869982,0,1.27634e+07
1.29098e+09,0,0,0,0,2.93053e+07,869970,0,1.27634e+07
1.29185e+09,0,0,0,0,2.93049e+07,869958,0,1.27634e+07
1.29271e+09,0,0,0,0,2.93045e+07,869946,0,1.27634e+07
1.2925e+09,0,0,0,0,3.03946e+07,-211539,0,1.27634e+07
1.29229e+09,0,0,0,0,3.03942e+07,-211536,0,1.27634e+07
1.29208e+09,0,0,0,0,3.03938e+07,-211533,0,1.27634e+07
1.29187e+09,0,0,0,0,3.03933e+07,-211530,0,1.27634e+07
1.29166e+09,0,0,0,0,3.03929e+07,-211527,0,1.27634e+07
1.29145e+09,0,0,0,0,2.91968e+07,-203176,0,1.27634e+07
1.29125e+09,0,0,0,0,2.91964e+07,-203173,0,1.27634e+07
1.29105e+09,0,0,0,0,2.9196e+07,-203171,0,1.27634e+07
1.29084e+09,0,0,0,0,2.91955e+07,-203168,0,1.27634e+07
1.29171e+09,0,0,0,0,2.92112e+07,867205,0,1.27634e+07
1.29258e+09,0,0,0,0,2.92108e+07,867193,0,1.27634e+07
1.29345e+09,0,0,0,0,2.92103e+07,867181,0,1.27634e+07
1.29431e+09,0,0,0,0,2.92099e+07,867169,0,1.27634e+07
1.2951e+09,0,0,0,0,2.66486e+07,791163,0,1.27634e+07
1.2958e+09,0,0,0,0,2.68022e+07,692158,0,1.27634e+07
1.29649e+09,0,0,0,0,2.68019e+07,692087,0,1.27634e+07
1.29718e+09,0,0,0,0,2.68017e+07,692016,0,1.27634e+07
1.29787e+09,0,0,0,0,2.68014e+07,691945,0,1.27634e+07
