0st_vol,0capacity,0net_inf,0st_rof,0lt_rof,0rest_demand,0unrest_demand,0unfulf_demand,0wastewater,0treat_capacity,0agg_price,0res_price,0gross_rev,0drought_cost,0cont_contrib,0debt_serv,0infra_npv,1st_vol,1capacity,1net_inf,1st_rof,1lt_rof,1rest_demand,1unrest_demand,1unfulf_demand,1wastewater,1treat_capacity,1agg_price,1res_price,1gross_rev,1drought_cost,1cont_contrib,1debt_serv,1infra_npv
85.1408,85.1408,9.29546,0,0,2.46977,2.46977,0,0,4.6872,4.03025e+06,2.75803e+06,9.9538e+06,0,296416,0,0,62.338,61.3098,12.5026,0,0,1.12031,1.12031,0,0,1.90512,8.37568e+06,3.68648e+06,9.38332e+06,0,277678,0,0
85.1408,85.1408,4.99419,0,0,2.47026,2.47026,0,0.462835,4.6872,4.03025e+06,2.75803e+06,9.95575e+06,0,296474,0,0,62.338,61.3098,8.1742,0,0,1.12053,1.12053,0,0.865549,1.90512,8.37568e+06,3.68648e+06,9.38516e+06,0,277732,0,0
85.1408,85.1408,5.02101,0,0,2.47074,2.47074,0,0.462926,4.6872,4.03025e+06,2.75803e+06,9.9577e+06,0,296532,0,0,62.338,61.3098,7.65485,0,0,1.12075,1.12075,0,0.865718,1.90512,8.37568e+06,3.68648e+06,9.38701e+06,0,277787,0,0
85.1408,85.1408,4.9437,0,0,2.47123,2.47123,0,0.463017,4.6872,4.03025e+06,2.75803e+06,9.95966e+06,0,296590,0,0,62.338,61.3098,7.99434,0,0,1.12097,1.12097,0,0.865888,1.90512,8.37568e+06,3.68648e+06,9.38885e+06,0,277841,0,0
85.1408,85.1408,4.6246,0,0,2.7128,2.7128,0,0.463108,4.6872,4.03025e+06,2.75803e+06,1.09332e+07,0,325583,0,0,62.338,61.3098,6.78074,0,0,1.25301,1.25301,0,0.866058,1.90512,8.37568e+06,3.68648e+06,1.04948e+07,0,310571,0,0
85.1408,85.1408,5.0434,0,0,2.71333,2.71333,0,0.508378,4.6872,4.03025e+06,2.75803e+06,1.09354e+07,0,325647,0,0,62.338,61.3098,6.24458,0,0,1.25326,1.25326,0,0.968078,1.90512,8.37568e+06,3.68648e+06,1.04969e+07,0,310632,0,0
85.1408,85.1408,4.64585,0,0,2.71386,2.71386,0,0.508478,4.6872,4.03025e+06,2.75803e+06,1.09375e+07,0,325711,0,0,62.338,61.3098,7.33516,0,0,1.25351,1.25351,0,0.968268,1.90512,8.37568e+06,3.68648e+06,1.0499e+07,0,310693,0,0
85.1408,85.1408,4.54367,0,0,2.7144,2.7144,0,0.508578,4.6872,4.03025e+06,2.75803e+06,1.09397e+07,0,325775,0,0,62.338,61.3098,7.44661,0,0,1.25375,1.25375,0,0.968459,1.90512,8.37568e+06,3.68648e+06,1.0501e+07,0,310754,0,0
85.1408,85.1408,5.91167,0,0,2.37079,2.37079,0,0.508678,4.6872,4.03025e+06,2.75803e+06,9.55489e+06,0,284537,0,0,62.338,61.3098,8.85191,0,0,1.07694,1.07694,0,0.968649,1.90512,8.37568e+06,3.68648e+06,9.02014e+06,0,266930,0,0
85.1408,85.1408,6.1748,0,0,2.37126,2.37126,0,0.444287,4.6872,4.03025e+06,2.75803e+06,9.55677e+06,0,284593,0,0,62.338,61.3098,6.86022,0,0,1.07716,1.07716,0,0.832048,1.90512,8.37568e+06,3.68648e+06,9.02191e+06,0,266983,0,0
85.1408,85.1408,6.84978,0,0,2.37173,2.37173,0,0.444374,4.6872,4.03025e+06,2.75803e+06,9.55864e+06,0,284649,0,0,62.338,61.3098,9.50419,0,0,1.07737,1.07737,0,0.832211,1.90512,8.37568e+06,3.68648e+06,9.02369e+06,0,267035,0,0
85.1408,85.1408,7.5351,0,0,2.37219,2.37219,0,0.444461,4.6872,4.03025e+06,2.75803e+06,9.56052e+06,0,284704,0,0,62.338,61.3098,9.663,0,0,1.07758,1.07758,0,0.832375,1.90512,8.37568e+06,3.68648e+06,9.02546e+06,0,267088,0,0
85.1408,85.1408,7.95754,0,0,2.37266,2.37266,0,0.444549,4.6872,4.03025e+06,2.75803e+06,9.5624e+06,0,284760,0,0,62.338,61.3098,9.45904,0,0,1.07779,1.07779,0,0.832538,1.90512,8.37568e+06,3.68648e+06,9.02723e+06,0,267140,0,0
85.1408,85.1408,5.56026,0,0,2.45983,2.45983,0,0.444636,4.6872,4.03025e+06,2.75803e+06,9.91373e+06,0,295223,0,0,62.338,61.3098,8.05362,0,0,1.12136,1.12136,0,0.832702,1.90512,8.37568e+06,3.68648e+06,9.39214e+06,0,277939,0,0
85.1408,85.1408,4.98041,0,0,2.46032,2.46032,0,0.460973,4.6872,4.03025e+06,2.75803e+06,9.91568e+06,0,295281,0,0,62.338,61.3098,6.23904,0,0,1.12158,1.12158,0,0.866362,1.90512,8.37568e+06,3.68648e+06,9.39399e+06,0,277994,0,0
85.1408,85.1408,4.26215,0,0,2.4608,2.4608,0,0.461063,4.6872,4.03025e+06,2.75803e+06,9.91763e+06,0,295339,0,0,62.338,61.3098,5.15401,0,0,1.1218,1.1218,0,0.866532,1.90512,8.37568e+06,3.68648e+06,9.39583e+06,0,278048,0,0
85.1408,85.1408,3.84129,0,0,2.46128,2.46128,0,0.461154,4.6872,4.03025e+06,2.75803e+06,9.91958e+06,0,295397,0,0,62.338,61.3098,5.73654,0,0,1.12202,1.12202,0,0.866703,1.90512,8.37568e+06,3.68648e+06,9.39768e+06,0,278103,0,0
85.1408,85.1408,3.19235,0,0,2.42784,2.42784,0,0.461244,4.6872,4.03025e+06,2.75803e+06,9.78478e+06,0,291383,0,0,62.338,61.3098,3.13197,0,0,1.10539,1.10539,0,0.866873,1.90512,8.37568e+06,3.68648e+06,9.25838e+06,0,273980,0,0
85.1358,85.1408,2.89585,0,0,2.42831,2.42831,0,0.454977,4.6872,4.03025e+06,2.75803e+06,9.78671e+06,0,291440,0,0,62.338,61.3098,3.00944,0,0,1.10561,1.10561,0,0.854023,1.90512,8.37568e+06,3.68648e+06,9.26019e+06,0,274034,0,0
85.1408,85.1408,4.17833,0,0,2.42879,2.42879,0,0.455066,4.6872,4.03025e+06,2.75803e+06,9.78863e+06,0,291497,0,0,62.338,61.3098,3.41485,0,0,1.10582,1.10582,0,0.854191,1.90512,8.37568e+06,3.68648e+06,9.26201e+06,0,274088,0,0
85.1408,85.1408,3.16373,0,0,2.42927,2.42927,0,0.455155,4.6872,4.03025e+06,2.75803e+06,9.79055e+06,0,291555,0,0,62.338,61.3098,3.08981,0,0,1.10604,1.10604,0,0.854359,1.90512,8.37568e+06,3.68648e+06,9.26383e+06,0,274142,0,0
84.8865,85.1408,2.66513,0,0,2.54501,2.54501,0,0.455245,4.6872,4.03025e+06,2.75803e+06,1.0257e+07,0,305445,0,0,62.3021,61.3098,2.56463,0,0,1.16607,1.16607,0,0.854527,1.90512,8.37568e+06,3.68648e+06,9.7666e+06,0,289020,0,0
84.7073,85.1408,2.72387,0,0,2.54551,2.54551,0,0.476934,4.6872,4.03025e+06,2.75803e+06,1.0259e+07,0,305505,0,0,62.338,61.3098,2.29057,0,0,1.1663,1.1663,0,0.900904,1.90512,8.37568e+06,3.68648e+06,9.76852e+06,0,289077,0,0
84.2752,85.1408,2.39376,0,0,2.54601,2.54601,0,0.477028,4.6872,4.03025e+06,2.75803e+06,1.0261e+07,0,305565,0,0,62.338,61.3098,2.15841,0,0,1.16653,1.16653,0,0.901081,1.90512,8.37568e+06,3.68648e+06,9.77044e+06,0,289134,0,0
83.7791,85.1408,2.32101,0,0,2.54651,2.54651,0,0.477121,4.6872,4.03025e+06,2.75803e+06,1.02631e+07,0,305625,0,0,62.2854,61.3098,2.18974,0,0,1.16676,1.16676,0,0.901258,1.90512,8.37568e+06,3.68648e+06,9.77236e+06,0,289191,0,0
83.0433,85.1408,2.06027,0,0,2.54701,2.54701,0,0.477215,4.6872,4.03025e+06,2.75803e+06,1.02651e+07,0,305685,0,0,62.0608,61.3098,2.05184,0,0,1.16698,1.16698,0,0.901435,1.90512,8.37568e+06,3.68648e+06,9.77428e+06,0,289248,0,0
81.475,85.1408,1.14351,0,0,2.52469,2.52469,0,0.477309,4.6872,4.03025e+06,2.75803e+06,1.01751e+07,0,303007,0,0,62.0269,61.3098,1.72696,0,0,1.20012,1.20012,0,0.901612,1.90512,8.37568e+06,3.68648e+06,1.00518e+07,0,297460,0,0
79.8437,85.1408,1.07082,0,0,2.52519,2.52519,0,0.473127,4.6872,4.03025e+06,2.75803e+06,1.01771e+07,0,303067,0,0,61.9162,61.3098,1.65811,0,0,1.20035,1.20035,0,0.927212,1.90512,8.37568e+06,3.68648e+06,1.00538e+07,0,297519,0,0
78.129,85.1408,0.976531,0,0,2.52568,2.52568,0,0.47322,4.6872,4.03025e+06,2.75803e+06,1.01791e+07,0,303126,0,0,61.6849,61.3098,1.57915,0,0,1.20059,1.20059,0,0.927394,1.90512,8.37568e+06,3.68648e+06,1.00558e+07,0,297577,0,0
76.349,85.1408,0.886613,0,0,2.52618,2.52618,0,0.473313,4.6872,4.03025e+06,2.75803e+06,1.01811e+07,0,303186,0,0,61.4273,61.3098,1.45386,0,0,1.20083,1.20083,0,0.927576,1.90512,8.37568e+06,3.68648e+06,1.00577e+07,0,297636,0,0
74.5379,85.1408,0.872272,0,0,2.58564,2.58564,0,0.473406,4.6872,4.03025e+06,2.75803e+06,1.04208e+07,0,310323,0,0,61.1484,61.3098,1.52841,0,0,1.23041,1.23041,0,0.927759,1.90512,8.37568e+06,3.68648e+06,1.03055e+07,0,304969,0,0
72.7316,85.1408,0.864805,0,0,2.58615,2.58615,0,0.48455,4.6872,4.03025e+06,2.75803e+06,1.04228e+07,0,310384,0,0,60.8523,61.3098,1.54818,0,0,1.23065,1.23065,0,0.950616,1.90512,8.37568e+06,3.68648e+06,1.03076e+07,0,305029,0,0
70.8339,85.1408,0.757523,0,0,2.58666,2.58666,0,0.484645,4.6872,4.03025e+06,2.75803e+06,1.04249e+07,0,310445,0,0,60.4749,61.3098,1.43346,0,0,1.2309,1.2309,0,0.950803,1.90512,8.37568e+06,3.68648e+06,1.03096e+07,0,305088,0,0
68.8952,85.1408,0.699071,0,0,2.58717,2.58717,0,0.48474,4.6872,4.03025e+06,2.75803e+06,1.04269e+07,0,310506,0,0,60.0937,61.3098,1.3791,0,0,1.23114,1.23114,0,0.95099,1.90512,8.37568e+06,3.68648e+06,1.03116e+07,0,305148,0,0
66.7921,85.1408,0.642285,0,0,2.7605,2.7605,0,0.484836,4.6872,4.03025e+06,2.75803e+06,1.11255e+07,0,331308,0,0,59.675,61.3098,1.41484,0,0,1.3374,1.3374,0,0.951177,1.90512,8.37568e+06,3.68648e+06,1.12016e+07,0,331486,0,0
64.787,85.1408,0.719211,0,0,2.76104,2.76104,0,0.517318,4.6872,4.03025e+06,2.75803e+06,1.11277e+07,0,331373,0,0,59.4935,61.3098,1.4965,0,0,1.33766,1.33766,0,1.03327,1.90512,8.37568e+06,3.68648e+06,1.12038e+07,0,331551,0,0
62.8427,85.1408,0.777101,0,0,2.76158,2.76158,0,0.517419,4.6872,4.03025e+06,2.75803e+06,1.11299e+07,0,331438,0,0,59.142,61.3098,1.84284,0,0,1.33792,1.33792,0,1.03348,1.90512,8.37568e+06,3.68648e+06,1.1206e+07,0,331616,0,0
60.7909,85.1408,0.645771,0,0,2.76213,2.76213,0,0.517521,4.6872,4.03025e+06,2.75803e+06,1.11321e+07,0,331504,0,0,59.101,61.3098,1.29624,0,0,1.33819,1.33819,0,1.03368,1.90512,8.37568e+06,3.68648e+06,1.12082e+07,0,331681,0,0
58.9027,85.1408,0.787601,0,0,2.76267,2.76267,0,0.517623,4.6872,4.03025e+06,2.75803e+06,1.11343e+07,0,331569,0,0,58.8797,61.3098,2.41598,0,0,1.33845,1.33845,0,1.03388,1.90512,8.37568e+06,3.68648e+06,1.12104e+07,0,331747,0,0
57.2337,85.1408,0.877605,0.01,0,2.67891,2.67891,0,0.517725,4.6872,4.03025e+06,2.75803e+06,1.07967e+07,0,321516,0,0,58.2476,61.3098,1.06781,0,0,1.2743,1.2743,0,1.03409,1.90512,8.37568e+06,3.68648e+06,1.06731e+07,0,315847,0,0
55.5997,85.1408,0.961078,0.01,0,2.67943,2.67943,0,0.502027,4.6872,4.03025e+06,2.75803e+06,1.07988e+07,0,321579,0,0,57.8257,61.3098,1.36974,0,0,1.27455,1.27455,0,0.984525,1.90512,8.37568e+06,3.68648e+06,1.06752e+07,0,315909,0,0
53.9235,85.1408,0.913539,0.01,0,2.67996,2.67996,0,0.502126,4.6872,4.03025e+06,2.75803e+06,1.08009e+07,0,321642,0,0,57.5515,61.3098,1.42596,0,0,1.2748,1.2748,0,0.984718,1.90512,8.37568e+06,3.68648e+06,1.06773e+07,0,315971,0,0
52.3647,85.1408,1.03936,0.02,0,2.68049,2.68049,0,0.502225,4.6872,4.03025e+06,2.75803e+06,1.0803e+07,0,321705,0,0,57.6195,61.3098,1.60963,0,0,1.27505,1.27505,0,0.984912,1.90512,8.37568e+06,3.68648e+06,1.06794e+07,0,316033,0,0
51.3849,85.1408,1.65749,0.02,0,2.61176,2.61176,0,0.502323,4.6872,4.03025e+06,2.75803e+06,1.0526e+07,0,313457,0,0,57.3973,61.3098,2.04952,0,0,1.21663,1.21663,0,0.985106,1.90512,8.37568e+06,3.68648e+06,1.01901e+07,0,301552,0,0
50.2944,85.1408,1.51741,0.02,0,2.61227,2.61227,0,0.489443,4.6872,4.03025e+06,2.75803e+06,1.05281e+07,0,313518,0,0,57.3902,61.3098,1.03573,0,0,1.21687,1.21687,0,0.939966,1.90512,8.37568e+06,3.68648e+06,1.01921e+07,0,301611,0,0
50.8751,85.1408,3.22369,0.02,0,2.61279,2.61279,0,0.48954,4.6872,4.03025e+06,2.75803e+06,1.05302e+07,0,313580,0,0,57.9312,61.3098,2.24873,0,0,1.21711,1.21711,0,0.940151,1.90512,8.37568e+06,3.68648e+06,1.01941e+07,0,301671,0,0
54.6487,85.1408,6.58079,0.02,0,2.6133,2.6133,0,0.489636,4.6872,4.03025e+06,2.75803e+06,1.05322e+07,0,313642,0,0,59.3782,61.3098,4.67005,0,0,1.21735,1.21735,0,0.940336,1.90512,8.37568e+06,3.68648e+06,1.01961e+07,0,301730,0,0
56.7271,85.1408,4.66712,0.01,0,2.41696,2.41696,0,0.489732,4.6872,4.03025e+06,2.75803e+06,9.74096e+06,0,290078,0,0,60.3144,61.3098,3.09591,0,0,1.09528,1.09528,0,0.940521,1.90512,8.37568e+06,3.68648e+06,9.17373e+06,0,271476,0,0
59.5366,85.1408,5.4369,0.01,0,2.41744,2.41744,0,0.452939,4.6872,4.03025e+06,2.75803e+06,9.74288e+06,0,290135,0,0,61.712,61.3098,5.59448,0,0,1.0955,1.0955,0,0.846216,1.90512,8.37568e+06,3.68648e+06,9.17554e+06,0,271529,0,0
60.4465,85.1408,3.57844,0.01,0,2.41792,2.41792,0,0.453028,4.6872,4.03025e+06,2.75803e+06,9.7448e+06,0,290192,0,0,62.3274,61.3098,3.46311,0,0,1.09571,1.09571,0,0.846382,1.90512,8.37568e+06,3.68648e+06,9.17735e+06,0,271583,0,0
62.2751,85.1408,4.51066,0,0,2.41839,2.41839,0,0.453117,4.6872,4.03025e+06,2.75803e+06,9.74672e+06,0,290249,0,0,62.338,61.3098,4.22787,0,0,1.09593,1.09593,0,0.846549,1.90512,8.37568e+06,3.68648e+06,9.17915e+06,0,271636,0,0
63.9297,85.1408,4.50644,0,0,2.41887,2.41887,0,0.453207,4.6872,4.03025e+06,2.75803e+06,9.74864e+06,0,290306,0,0,62.338,61.3098,4.15406,0,0,1.09615,1.09615,0,0.846715,1.90512,8.37568e+06,3.68648e+06,9.18096e+06,0,271689,0,0
64.2462,85.1408,3.13097,0,0,2.49513,2.49513,0,0.453296,4.6872,4.03025e+06,2.75803e+06,1.0056e+07,0,299459,0,0,62.338,61.3098,3.10443,0,0,1.13181,1.13181,0,0.846882,1.90512,8.37568e+06,3.68648e+06,9.47966e+06,0,280529,0,0
69.8115,85.1408,8.73709,0,0,2.49561,2.49561,0,0.467587,4.6872,4.03025e+06,2.75803e+06,1.00579e+07,0,299516,0,0,62.338,61.3098,6.44711,0,0,1.13202,1.13202,0,0.874435,1.90512,8.37568e+06,3.68648e+06,9.48147e+06,0,280582,0,0
70.5176,85.1408,3.62506,0,0,2.49608,2.49608,0,0.467677,4.6872,4.03025e+06,2.75803e+06,1.00598e+07,0,299574,0,0,62.338,61.3098,4.81534,0,0,1.13224,1.13224,0,0.874602,1.90512,8.37568e+06,3.68648e+06,9.48328e+06,0,280636,0,0
70.9141,85.1408,3.30219,0,0,2.49656,2.49656,0,0.467766,4.6872,4.03025e+06,2.75803e+06,1.00618e+07,0,299631,0,0,62.338,61.3098,6.22098,0,0,1.13246,1.13246,0,0.874769,1.90512,8.37568e+06,3.68648e+06,9.48509e+06,0,280690,0,0
78.1986,85.1408,10.851,0,0,2.74059,2.74059,0,0.467855,4.6872,4.03025e+06,2.75803e+06,1.10453e+07,0,328919,0,0,62.338,61.3098,14.4667,0,0,1.26585,1.26585,0,0.874936,1.90512,8.37568e+06,3.68648e+06,1.06024e+07,0,313753,0,0
79.6382,85.1408,4.71353,0,0,2.74111,2.74111,0,0.513587,4.6872,4.03025e+06,2.75803e+06,1.10474e+07,0,328982,0,0,62.338,61.3098,4.1577,0,0,1.26609,1.26609,0,0.977997,1.90512,8.37568e+06,3.68648e+06,1.06044e+07,0,313812,0,0
80.8582,85.1408,4.51072,0,0,2.74164,2.74164,0,0.513685,4.6872,4.03025e+06,2.75803e+06,1.10495e+07,0,329044,0,0,62.338,61.3098,4.73784,0,0,1.26633,1.26633,0,0.978183,1.90512,8.37568e+06,3.68648e+06,1.06064e+07,0,313872,0,0
83.1301,85.1408,5.62137,0,0,2.74216,2.74216,0,0.513783,4.6872,4.03025e+06,2.75803e+06,1.10516e+07,0,329107,0,0,62.338,61.3098,7.57988,0,0,1.26658,1.26658,0,0.97837,1.90512,8.37568e+06,3.68648e+06,1.06084e+07,0,313932,0,0
85.1408,85.1408,5.83154,0,0,2.39503,2.39503,0,0.513881,4.6872,4.03025e+06,2.75803e+06,9.65257e+06,0,287446,0,0,62.338,61.3098,6.71309,0,0,1.08795,1.08795,0,0.978557,1.90512,8.37568e+06,3.68648e+06,9.11235e+06,0,269659,0,0
85.1408,85.1408,5.45903,0,0,2.39549,2.39549,0,0.448829,4.6872,4.03025e+06,2.75803e+06,9.65441e+06,0,287500,0,0,62.338,61.3098,5.45588,0,0,1.08816,1.08816,0,0.840554,1.90512,8.37568e+06,3.68648e+06,9.11409e+06,0,269711,0,0
85.1408,85.1408,6.93073,0,0,2.39595,2.39595,0,0.448914,4.6872,4.03025e+06,2.75803e+06,9.65625e+06,0,287555,0,0,62.338,61.3098,7.68934,0,0,1.08837,1.08837,0,0.840714,1.90512,8.37568e+06,3.68648e+06,9.11583e+06,0,269762,0,0
85.1408,85.1408,8.58183,0,0,2.3964,2.3964,0,0.449,4.6872,4.03025e+06,2.75803e+06,9.6581e+06,0,287610,0,0,62.338,61.3098,11.8174,0,0,1.08858,1.08858,0,0.840875,1.90512,8.37568e+06,3.68648e+06,9.11757e+06,0,269814,0,0
85.1408,85.1408,5.81264,0,0,2.39686,2.39686,0,0.449086,4.6872,4.03025e+06,2.75803e+06,9.65994e+06,0,287665,0,0,62.338,61.3098,6.42169,0,0,1.08879,1.08879,0,0.841035,1.90512,8.37568e+06,3.68648e+06,9.11932e+06,0,269865,0,0
85.1408,85.1408,7.67497,0,0,2.48491,2.48491,0,0.449172,4.6872,4.03025e+06,2.75803e+06,1.00148e+07,0,298233,0,0,62.338,61.3098,7.07152,0,0,1.13279,1.13279,0,0.841196,1.90512,8.37568e+06,3.68648e+06,9.4879e+06,0,280773,0,0
85.1408,85.1408,6.0875,0,0,2.48538,2.48538,0,0.465672,4.6872,4.03025e+06,2.75803e+06,1.00167e+07,0,298290,0,0,62.338,61.3098,6.27355,0,0,1.13301,1.13301,0,0.875195,1.90512,8.37568e+06,3.68648e+06,9.48971e+06,0,280826,0,0
85.1408,85.1408,5.72175,0,0,2.48586,2.48586,0,0.465761,4.6872,4.03025e+06,2.75803e+06,1.00186e+07,0,298347,0,0,62.338,61.3098,6.90405,0,0,1.13322,1.13322,0,0.875362,1.90512,8.37568e+06,3.68648e+06,9.49152e+06,0,280880,0,0
85.1408,85.1408,5.4376,0,0,2.48633,2.48633,0,0.46585,4.6872,4.03025e+06,2.75803e+06,1.00205e+07,0,298404,0,0,62.338,61.3098,6.35966,0,0,1.13344,1.13344,0,0.875529,1.90512,8.37568e+06,3.68648e+06,9.49333e+06,0,280933,0,0
85.1408,85.1408,5.18816,0,0,2.45253,2.45253,0,0.465939,4.6872,4.03025e+06,2.75803e+06,9.88432e+06,0,294347,0,0,62.338,61.3098,5.61531,0,0,1.11663,1.11663,0,0.875696,1.90512,8.37568e+06,3.68648e+06,9.35256e+06,0,276768,0,0
85.1408,85.1408,4.92232,0,0,2.453,2.453,0,0.459605,4.6872,4.03025e+06,2.75803e+06,9.88621e+06,0,294403,0,0,62.338,61.3098,4.6231,0,0,1.11685,1.11685,0,0.862711,1.90512,8.37568e+06,3.68648e+06,9.35435e+06,0,276820,0,0
85.1408,85.1408,4.55141,0,0,2.45347,2.45347,0,0.459693,4.6872,4.03025e+06,2.75803e+06,9.8881e+06,0,294459,0,0,62.338,61.3098,4.30801,0,0,1.11706,1.11706,0,0.862876,1.90512,8.37568e+06,3.68648e+06,9.35613e+06,0,276873,0,0
85.1408,85.1408,4.16441,0,0,2.45394,2.45394,0,0.459781,4.6872,4.03025e+06,2.75803e+06,9.88999e+06,0,294516,0,0,62.338,61.3098,4.09474,0,0,1.11727,1.11727,0,0.863041,1.90512,8.37568e+06,3.68648e+06,9.35792e+06,0,276926,0,0
85.1408,85.1408,3.96171,0,0,2.57084,2.57084,0,0.459868,4.6872,4.03025e+06,2.75803e+06,1.03611e+07,0,308546,0,0,62.338,61.3098,3.8888,0,0,1.1779,1.1779,0,0.863205,1.90512,8.37568e+06,3.68648e+06,9.86574e+06,0,291954,0,0
85.1408,85.1408,3.83771,0,0,2.57133,2.57133,0,0.481775,4.6872,4.03025e+06,2.75803e+06,1.03631e+07,0,308604,0,0,62.338,61.3098,3.48536,0,0,1.17813,1.17813,0,0.910049,1.90512,8.37568e+06,3.68648e+06,9.86763e+06,0,292010,0,0
85.1408,85.1408,3.68602,0,0,2.57182,2.57182,0,0.481867,4.6872,4.03025e+06,2.75803e+06,1.03651e+07,0,308663,0,0,62.338,61.3098,3.55861,0,0,1.17835,1.17835,0,0.910222,1.90512,8.37568e+06,3.68648e+06,9.86951e+06,0,292066,0,0
85.1408,85.1408,3.59466,0,0,2.57231,2.57231,0,0.481959,4.6872,4.03025e+06,2.75803e+06,1.03671e+07,0,308722,0,0,62.338,61.3098,3.44253,0,0,1.17858,1.17858,0,0.910396,1.90512,8.37568e+06,3.68648e+06,9.8714e+06,0,292121,0,0
85.1408,85.1408,3.43605,0,0,2.5728,2.5728,0,0.482051,4.6872,4.03025e+06,2.75803e+06,1.0369e+07,0,308781,0,0,62.338,61.3098,3.41399,0,0,1.1788,1.1788,0,0.91057,1.90512,8.37568e+06,3.68648e+06,9.87328e+06,0,292177,0,0
84.966,85.1408,2.63091,0,0,2.55025,2.55025,0,0.482143,4.6872,4.03025e+06,2.75803e+06,1.02781e+07,0,306074,0,0,62.338,61.3098,3.54563,0,0,1.21227,1.21227,0,0.910744,1.90512,8.37568e+06,3.68648e+06,1.01536e+07,0,300471,0,0
84.5112,85.1408,2.33072,0,0,2.55073,2.55073,0,0.477916,4.6872,4.03025e+06,2.75803e+06,1.02801e+07,0,306133,0,0,62.338,61.3098,3.18941,0,0,1.2125,1.2125,0,0.936598,1.90512,8.37568e+06,3.68648e+06,1.01555e+07,0,300529,0,0
83.9012,85.1408,2.15697,0,0,2.55122,2.55122,0,0.478008,4.6872,4.03025e+06,2.75803e+06,1.02821e+07,0,306191,0,0,62.338,61.3098,2.97188,0,0,1.21273,1.21273,0,0.936777,1.90512,8.37568e+06,3.68648e+06,1.01574e+07,0,300586,0,0
83.2381,85.1408,2.08456,0,0,2.55171,2.55171,0,0.478099,4.6872,4.03025e+06,2.75803e+06,1.0284e+07,0,306250,0,0,62.338,61.3098,2.73709,0,0,1.21296,1.21296,0,0.936956,1.90512,8.37568e+06,3.68648e+06,1.01594e+07,0,300644,0,0
82.5154,85.1408,2.05854,0,0,2.61176,2.61176,0,0.47819,4.6872,4.03025e+06,2.75803e+06,1.0526e+07,0,313457,0,0,62.338,61.3098,2.58674,0,0,1.24284,1.24284,0,0.937135,1.90512,8.37568e+06,3.68648e+06,1.04096e+07,0,308049,0,0
81.789,85.1408,2.04022,0,0,2.61226,2.61226,0,0.489444,4.6872,4.03025e+06,2.75803e+06,1.05281e+07,0,313517,0,0,62.338,61.3098,2.61063,0,0,1.24308,1.24308,0,0.960218,1.90512,8.37568e+06,3.68648e+06,1.04116e+07,0,308108,0,0
80.8481,85.1408,1.81439,0,0,2.61276,2.61276,0,0.489537,4.6872,4.03025e+06,2.75803e+06,1.05301e+07,0,313577,0,0,62.338,61.3098,2.43644,0,0,1.24331,1.24331,0,0.960401,1.90512,8.37568e+06,3.68648e+06,1.04136e+07,0,308167,0,0
79.7574,85.1408,1.65235,0,0,2.61326,2.61326,0,0.489631,4.6872,4.03025e+06,2.75803e+06,1.05321e+07,0,313637,0,0,62.338,61.3098,2.30559,0,0,1.24355,1.24355,0,0.960585,1.90512,8.37568e+06,3.68648e+06,1.04156e+07,0,308226,0,0
78.3246,85.1408,1.42883,0,0,2.78832,2.78832,0,0.489725,4.6872,4.03025e+06,2.75803e+06,1.12376e+07,0,334647,0,0,62.338,61.3098,2.27625,0,0,1.35087,1.35087,0,0.960768,1.90512,8.37568e+06,3.68648e+06,1.13145e+07,0,334826,0,0
76.7795,85.1408,1.31299,0,0,2.78885,2.78885,0,0.522531,4.6872,4.03025e+06,2.75803e+06,1.12398e+07,0,334711,0,0,62.3083,61.3098,2.15517,0,0,1.35113,1.35113,0,1.04369,1.90512,8.37568e+06,3.68648e+06,1.13167e+07,0,334890,0,0
75.1635,85.1408,1.22994,0,0,2.78939,2.78939,0,0.522631,4.6872,4.03025e+06,2.75803e+06,1.12419e+07,0,334775,0,0,62.2514,61.3098,2.03574,0,0,1.35139,1.35139,0,1.04389,1.90512,8.37568e+06,3.68648e+06,1.13188e+07,0,334954,0,0
73.8347,85.1408,1.5087,0,0,2.78992,2.78992,0,0.522731,4.6872,4.03025e+06,2.75803e+06,1.12441e+07,0,334839,0,0,62.229,61.3098,2.23932,0,0,1.35165,1.35165,0,1.04408,1.90512,8.37568e+06,3.68648e+06,1.1321e+07,0,335018,0,0
72.2404,85.1408,1.22707,0,0,2.79045,2.79045,0,0.522831,4.6872,4.03025e+06,2.75803e+06,1.12462e+07,0,334903,0,0,62.1608,61.3098,2.04932,0,0,1.35191,1.35191,0,1.04428,1.90512,8.37568e+06,3.68648e+06,1.13231e+07,0,335083,0,0
70.7216,85.1408,1.24604,0,0,2.70583,2.70583,0,0.522931,4.6872,4.03025e+06,2.75803e+06,1.09052e+07,0,324747,0,0,62.1835,61.3098,2.3317,0,0,1.28711,1.28711,0,1.04448,1.90512,8.37568e+06,3.68648e+06,1.07804e+07,0,319021,0,0
68.9187,85.1408,0.896361,0,0,2.70635,2.70635,0,0.507073,4.6872,4.03025e+06,2.75803e+06,1.09073e+07,0,324809,0,0,62.1697,61.3098,1.63952,0,0,1.28735,1.28735,0,0.994419,1.90512,8.37568e+06,3.68648e+06,1.07825e+07,0,319082,0,0
67.856,85.1408,1.69082,0,0,2.70686,2.70686,0,0.507169,4.6872,4.03025e+06,2.75803e+06,1.09093e+07,0,324871,0,0,62.338,61.3098,2.45199,0,0,1.2876,1.2876,0,0.99461,1.90512,8.37568e+06,3.68648e+06,1.07845e+07,0,319143,0,0
67.7785,85.1408,2.7932,0.01,0,2.70738,2.70738,0,0.507266,4.6872,4.03025e+06,2.75803e+06,1.09114e+07,0,324933,0,0,62.338,61.3098,3.99127,0,0,1.28785,1.28785,0,0.9948,1.90512,8.37568e+06,3.68648e+06,1.07866e+07,0,319204,0,0
66.4917,85.1408,1.51923,0.01,0,2.63795,2.63795,0,0.507363,4.6872,4.03025e+06,2.75803e+06,1.06316e+07,0,316600,0,0,62.338,61.3098,2.22883,0,0,1.22883,1.22883,0,0.99499,1.90512,8.37568e+06,3.68648e+06,1.02923e+07,0,304576,0,0
64.794,85.1408,1.1006,0.01,0,2.63845,2.63845,0,0.494352,4.6872,4.03025e+06,2.75803e+06,1.06336e+07,0,316660,0,0,62.338,61.3098,2.42737,0,0,1.22906,1.22906,0,0.949392,1.90512,8.37568e+06,3.68648e+06,1.02942e+07,0,304634,0,0
65.3405,85.1408,3.39789,0.01,0,2.63896,2.63896,0,0.494446,4.6872,4.03025e+06,2.75803e+06,1.06357e+07,0,316721,0,0,62.338,61.3098,3.42536,0,0,1.2293,1.2293,0,0.949574,1.90512,8.37568e+06,3.68648e+06,1.02962e+07,0,304692,0,0
66.888,85.1408,4.54483,0,0,2.63946,2.63946,0,0.494541,4.6872,4.03025e+06,2.75803e+06,1.06377e+07,0,316782,0,0,62.338,61.3098,4.72225,0,0,1.22953,1.22953,0,0.949755,1.90512,8.37568e+06,3.68648e+06,1.02982e+07,0,304751,0,0
66.9468,85.1408,2.81548,0,0,2.44115,2.44115,0,0.494635,4.6872,4.03025e+06,2.75803e+06,9.83843e+06,0,292980,0,0,62.338,61.3098,3.15735,0,0,1.10624,1.10624,0,0.949937,1.90512,8.37568e+06,3.68648e+06,9.26552e+06,0,274192,0,0
67.4594,85.1408,3.28713,0,0,2.44161,2.44161,0,0.457471,4.6872,4.03025e+06,2.75803e+06,9.84031e+06,0,293036,0,0,62.338,61.3098,2.09517,0,0,1.10645,1.10645,0,0.854682,1.90512,8.37568e+06,3.68648e+06,9.2673e+06,0,274244,0,0
69.2208,85.1408,4.5226,0,0,2.44208,2.44208,0,0.457559,4.6872,4.03025e+06,2.75803e+06,9.84219e+06,0,293092,0,0,62.338,61.3098,2.46131,0,0,1.10667,1.10667,0,0.854846,1.90512,8.37568e+06,3.68648e+06,9.26907e+06,0,274297,0,0
72.0071,85.1408,5.6458,0,0,2.44255,2.44255,0,0.457646,4.6872,4.03025e+06,2.75803e+06,9.84408e+06,0,293149,0,0,62.338,61.3098,2.94854,0,0,1.10688,1.10688,0,0.855009,1.90512,8.37568e+06,3.68648e+06,9.27084e+06,0,274349,0,0
78.389,85.1408,9.41848,0,0,2.44302,2.44302,0,0.457734,4.6872,4.03025e+06,2.75803e+06,9.84596e+06,0,293205,0,0,62.338,61.3098,6.04446,0,0,1.10709,1.10709,0,0.855173,1.90512,8.37568e+06,3.68648e+06,9.27262e+06,0,274402,0,0
82.3792,85.1408,7.2759,0,0,2.52003,2.52003,0,0.457821,4.6872,4.03025e+06,2.75803e+06,1.01563e+07,0,302447,0,0,62.338,61.3098,6.69307,0,0,1.1431,1.1431,0,0.855337,1.90512,8.37568e+06,3.68648e+06,9.57425e+06,0,283328,0,0
85.1408,85.1408,9.67493,0,0,2.52049,2.52049,0,0.472253,4.6872,4.03025e+06,2.75803e+06,1.01582e+07,0,302503,0,0,62.338,61.3098,9.59508,0,0,1.14331,1.14331,0,0.88316,1.90512,8.37568e+06,3.68648e+06,9.57602e+06,0,283380,0,0
85.1408,85.1408,10.4111,0,0,2.52096,2.52096,0,0.47234,4.6872,4.03025e+06,2.75803e+06,1.01601e+07,0,302559,0,0,62.338,61.3098,9.17824,0,0,1.14352,1.14352,0,0.883324,1.90512,8.37568e+06,3.68648e+06,9.57779e+06,0,283433,0,0
85.1408,85.1408,8.16851,0,0,2.52143,2.52143,0,0.472428,4.6872,4.03025e+06,2.75803e+06,1.0162e+07,0,302615,0,0,62.338,61.3098,8.48416,0,0,1.14374,1.14374,0,0.883487,1.90512,8.37568e+06,3.68648e+06,9.57956e+06,0,283485,0,0
85.1408,85.1408,11.1008,0,0,2.76787,2.76787,0,0.472515,4.6872,4.03025e+06,2.75803e+06,1.11552e+07,0,332193,0,0,62.338,61.3098,10.1233,0,0,1.27845,1.27845,0,0.88365,1.90512,8.37568e+06,3.68648e+06,1.07079e+07,0,316876,0,0
85.1408,85.1408,8.72256,0,0,2.76838,2.76838,0,0.518699,4.6872,4.03025e+06,2.75803e+06,1.11573e+07,0,332254,0,0,62.338,61.3098,8.4615,0,0,1.27869,1.27869,0,0.987732,1.90512,8.37568e+06,3.68648e+06,1.07099e+07,0,316934,0,0
85.1408,85.1408,7.8956,0,0,2.7689,2.7689,0,0.518795,4.6872,4.03025e+06,2.75803e+06,1.11593e+07,0,332316,0,0,62.338,61.3098,8.60798,0,0,1.27892,1.27892,0,0.987915,1.90512,8.37568e+06,3.68648e+06,1.07119e+07,0,316993,0,0
85.1408,85.1408,8.20399,0,0,2.76941,2.76941,0,0.518891,4.6872,4.03025e+06,2.75803e+06,1.11614e+07,0,332377,0,0,62.338,61.3098,9.57222,0,0,1.27916,1.27916,0,0.988097,1.90512,8.37568e+06,3.68648e+06,1.07138e+07,0,317052,0,0
85.1408,85.1408,7.10331,0,0,2.41882,2.41882,0,0.518987,4.6872,4.03025e+06,2.75803e+06,9.74843e+06,0,290300,0,0,62.338,61.3098,7.63237,0,0,1.09876,1.09876,0,0.98828,1.90512,8.37568e+06,3.68648e+06,9.20285e+06,0,272337,0,0
85.1408,85.1408,7.20015,0,0,2.41926,2.41926,0,0.453286,4.6872,4.03025e+06,2.75803e+06,9.75023e+06,0,290354,0,0,62.338,61.3098,6.27526,0,0,1.09896,1.09896,0,0.848901,1.90512,8.37568e+06,3.68648e+06,9.20455e+06,0,272388,0,0
85.1408,85.1408,5.87715,0,0,2.41971,2.41971,0,0.45337,4.6872,4.03025e+06,2.75803e+06,9.75204e+06,0,290408,0,0,62.338,61.3098,5.31897,0,0,1.09917,1.09917,0,0.849058,1.90512,8.37568e+06,3.68648e+06,9.20626e+06,0,272438,0,0
85.1408,85.1408,8.01928,0,0,2.42016,2.42016,0,0.453454,4.6872,4.03025e+06,2.75803e+06,9.75384e+06,0,290461,0,0,62.338,61.3098,7.66217,0,0,1.09937,1.09937,0,0.849215,1.90512,8.37568e+06,3.68648e+06,9.20796e+06,0,272489,0,0
85.1408,85.1408,10.0398,0,0,2.42061,2.42061,0,0.453538,4.6872,4.03025e+06,2.75803e+06,9.75565e+06,0,290515,0,0,62.338,61.3098,8.76075,0,0,1.09957,1.09957,0,0.849373,1.90512,8.37568e+06,3.68648e+06,9.20967e+06,0,272539,0,0
85.1408,85.1408,7.37937,0,0,2.50952,2.50952,0,0.453622,4.6872,4.03025e+06,2.75803e+06,1.0114e+07,0,301186,0,0,62.338,61.3098,5.65478,0,0,1.14401,1.14401,0,0.84953,1.90512,8.37568e+06,3.68648e+06,9.58184e+06,0,283553,0,0
85.1408,85.1408,4.32922,0,0,2.50998,2.50998,0,0.470283,4.6872,4.03025e+06,2.75803e+06,1.01158e+07,0,301242,0,0,62.338,61.3098,4.08883,0,0,1.14422,1.14422,0,0.883861,1.90512,8.37568e+06,3.68648e+06,9.58362e+06,0,283605,0,0
85.1408,85.1408,4.74032,0,0,2.51045,2.51045,0,0.47037,4.6872,4.03025e+06,2.75803e+06,1.01177e+07,0,301297,0,0,62.338,61.3098,4.07649,0,0,1.14443,1.14443,0,0.884025,1.90512,8.37568e+06,3.68648e+06,9.58539e+06,0,283658,0,0
85.1408,85.1408,3.80608,0,0,2.51091,2.51091,0,0.470457,4.6872,4.03025e+06,2.75803e+06,1.01196e+07,0,301353,0,0,62.338,61.3098,3.61867,0,0,1.14464,1.14464,0,0.884188,1.90512,8.37568e+06,3.68648e+06,9.58717e+06,0,283710,0,0
85.1408,85.1408,4.16596,0,0,2.47676,2.47676,0,0.470545,4.6872,4.03025e+06,2.75803e+06,9.98197e+06,0,297255,0,0,62.338,61.3098,3.82306,0,0,1.12766,1.12766,0,0.884352,1.90512,8.37568e+06,3.68648e+06,9.44495e+06,0,279502,0,0
85.1408,85.1408,3.56402,0,0,2.47722,2.47722,0,0.464145,4.6872,4.03025e+06,2.75803e+06,9.98381e+06,0,297310,0,0,62.338,61.3098,3.17817,0,0,1.12787,1.12787,0,0.871233,1.90512,8.37568e+06,3.68648e+06,9.4467e+06,0,279553,0,0
85.1408,85.1408,3.20529,0,0,2.47768,2.47768,0,0.464231,4.6872,4.03025e+06,2.75803e+06,9.98566e+06,0,297365,0,0,62.338,61.3098,2.81975,0,0,1.12808,1.12808,0,0.871395,1.90512,8.37568e+06,3.68648e+06,9.44845e+06,0,279605,0,0
85.1408,85.1408,3.08796,0,0,2.47814,2.47814,0,0.464317,4.6872,4.03025e+06,2.75803e+06,9.98751e+06,0,297420,0,0,62.338,61.3098,2.94249,0,0,1.12829,1.12829,0,0.871556,1.90512,8.37568e+06,3.68648e+06,9.4502e+06,0,279657,0,0
85.124,85.1408,2.90134,0,0,2.59617,2.59617,0,0.464403,4.6872,4.03025e+06,2.75803e+06,1.04632e+07,0,311586,0,0,62.338,61.3098,2.80487,0,0,1.18951,1.18951,0,0.871717,1.90512,8.37568e+06,3.68648e+06,9.96297e+06,0,294831,0,0
85.1408,85.1408,3.08235,0,0,2.59666,2.59666,0,0.486523,4.6872,4.03025e+06,2.75803e+06,1.04652e+07,0,311644,0,0,62.338,61.3098,2.81481,0,0,1.18973,1.18973,0,0.919017,1.90512,8.37568e+06,3.68648e+06,9.96482e+06,0,294886,0,0
85.0014,85.1408,2.74472,0,0,2.59714,2.59714,0,0.486613,4.6872,4.03025e+06,2.75803e+06,1.04671e+07,0,311702,0,0,62.338,61.3098,2.57216,0,0,1.18995,1.18995,0,0.919187,1.90512,8.37568e+06,3.68648e+06,9.96666e+06,0,294941,0,0
84.7671,85.1408,2.58592,0,0,2.59762,2.59762,0,0.486703,4.6872,4.03025e+06,2.75803e+06,1.0469e+07,0,311760,0,0,62.338,61.3098,2.47328,0,0,1.19017,1.19017,0,0.919358,1.90512,8.37568e+06,3.68648e+06,9.96851e+06,0,294995,0,0
84.3861,85.1408,2.43684,0,0,2.5981,2.5981,0,0.486794,4.6872,4.03025e+06,2.75803e+06,1.0471e+07,0,311817,0,0,62.338,61.3098,2.3177,0,0,1.19039,1.19039,0,0.919528,1.90512,8.37568e+06,3.68648e+06,9.97036e+06,0,295050,0,0
84.0216,85.1408,2.40089,0,0,2.57531,2.57531,0,0.486884,4.6872,4.03025e+06,2.75803e+06,1.03791e+07,0,309082,0,0,62.338,61.3098,3.12786,0,0,1.22418,1.22418,0,0.919698,1.90512,8.37568e+06,3.68648e+06,1.02533e+07,0,303424,0,0
83.493,85.1408,2.22822,0,0,2.57578,2.57578,0,0.482612,4.6872,4.03025e+06,2.75803e+06,1.0381e+07,0,309139,0,0,62.338,61.3098,3.17883,0,0,1.22441,1.22441,0,0.945801,1.90512,8.37568e+06,3.68648e+06,1.02552e+07,0,303480,0,0
82.769,85.1408,2.02811,0,0,2.57626,2.57626,0,0.482702,4.6872,4.03025e+06,2.75803e+06,1.0383e+07,0,309196,0,0,62.338,61.3098,3.02687,0,0,1.22463,1.22463,0,0.945976,1.90512,8.37568e+06,3.68648e+06,1.02571e+07,0,303536,0,0
81.8827,85.1408,1.84288,0,0,2.57674,2.57674,0,0.482791,4.6872,4.03025e+06,2.75803e+06,1.03849e+07,0,309254,0,0,62.338,61.3098,2.78276,0,0,1.22486,1.22486,0,0.946151,1.90512,8.37568e+06,3.68648e+06,1.0259e+07,0,303592,0,0
81.0377,85.1408,1.91906,0,0,2.63736,2.63736,0,0.482881,4.6872,4.03025e+06,2.75803e+06,1.06292e+07,0,316530,0,0,62.338,61.3098,2.92207,0,0,1.25502,1.25502,0,0.946327,1.90512,8.37568e+06,3.68648e+06,1.05117e+07,0,311069,0,0
80.1294,85.1408,1.83554,0,0,2.63785,2.63785,0,0.494242,4.6872,4.03025e+06,2.75803e+06,1.06312e+07,0,316588,0,0,62.338,61.3098,2.81081,0,0,1.25526,1.25526,0,0.96963,1.90512,8.37568e+06,3.68648e+06,1.05136e+07,0,311126,0,0
79.113,85.1408,1.71756,0,0,2.63834,2.63834,0,0.494333,4.6872,4.03025e+06,2.75803e+06,1.06332e+07,0,316647,0,0,62.338,61.3098,2.581,0,0,1.25549,1.25549,0,0.96981,1.90512,8.37568e+06,3.68648e+06,1.05156e+07,0,311184,0,0
78.0803,85.1408,1.68869,0,0,2.63883,2.63883,0,0.494425,4.6872,4.03025e+06,2.75803e+06,1.06351e+07,0,316706,0,0,62.338,61.3098,2.76934,0,0,1.25572,1.25572,0,0.96999,1.90512,8.37568e+06,3.68648e+06,1.05175e+07,0,311242,0,0
77.0491,85.1408,1.81771,0,0,2.81559,2.81559,0,0.494517,4.6872,4.03025e+06,2.75803e+06,1.13475e+07,0,337920,0,0,62.338,61.3098,3.00703,0,0,1.36409,1.36409,0,0.97017,1.90512,8.37568e+06,3.68648e+06,1.14251e+07,0,338101,0,0
75.18,85.1408,0.938911,0,0,2.81611,2.81611,0,0.527641,4.6872,4.03025e+06,2.75803e+06,1.13496e+07,0,337982,0,0,62.338,61.3098,2.20271,0,0,1.36434,1.36434,0,1.05389,1.90512,8.37568e+06,3.68648e+06,1.14273e+07,0,338163,0,0
73.2238,85.1408,0.832712,0,0,2.81663,2.81663,0,0.527739,4.6872,4.03025e+06,2.75803e+06,1.13517e+07,0,338045,0,0,62.338,61.3098,2.03436,0,0,1.36459,1.36459,0,1.05409,1.90512,8.37568e+06,3.68648e+06,1.14294e+07,0,338226,0,0
71.3736,85.1408,0.925463,0,0,2.81715,2.81715,0,0.527837,4.6872,4.03025e+06,2.75803e+06,1.13538e+07,0,338108,0,0,62.338,61.3098,2.08945,0,0,1.36484,1.36484,0,1.05428,1.90512,8.37568e+06,3.68648e+06,1.14315e+07,0,338289,0,0
70.0393,85.1408,1.48461,0,0,2.81768,2.81768,0,0.527935,4.6872,4.03025e+06,2.75803e+06,1.13559e+07,0,338170,0,0,62.338,61.3098,2.54986,0,0,1.3651,1.3651,0,1.05448,1.90512,8.37568e+06,3.68648e+06,1.14336e+07,0,338352,0,0
68.8775,85.1408,1.52781,0,0,2.73221,2.73221,0,0.528032,4.6872,4.03025e+06,2.75803e+06,1.10115e+07,0,327913,0,0,62.338,61.3098,2.96453,0,0,1.29966,1.29966,0,1.05467,1.90512,8.37568e+06,3.68648e+06,1.08855e+07,0,322132,0,0
67.1704,85.1408,0.953244,0,0,2.73272,2.73272,0,0.512017,4.6872,4.03025e+06,2.75803e+06,1.10135e+07,0,327974,0,0,62.338,61.3098,2.25576,0,0,1.2999,1.2999,0,1.00412,1.90512,8.37568e+06,3.68648e+06,1.08875e+07,0,322191,0,0
65.6003,85.1408,1.11145,0.01,0,2.73323,2.73323,0,0.512111,4.6872,4.03025e+06,2.75803e+06,1.10156e+07,0,328035,0,0,62.338,61.3098,2.30364,0,0,1.30014,1.30014,0,1.0043,1.90512,8.37568e+06,3.68648e+06,1.08895e+07,0,322251,0,0
65.8811,85.1408,3.15196,0.01,0,2.73373,2.73373,0,0.512206,4.6872,4.03025e+06,2.75803e+06,1.10176e+07,0,328096,0,0,62.338,61.3098,4.56505,0,0,1.30038,1.30038,0,1.00449,1.90512,8.37568e+06,3.68648e+06,1.08916e+07,0,322311,0,0
64.8939,85.1408,1.75639,0.01,0,2.66361,2.66361,0,0.512301,4.6872,4.03025e+06,2.75803e+06,1.0735e+07,0,319679,0,0,62.1082,61.3098,2.91951,0,0,1.24078,1.24078,0,1.00467,1.90512,8.37568e+06,3.68648e+06,1.03924e+07,0,307538,0,0
63.4683,85.1408,1.30768,0.01,0,2.6641,2.6641,0,0.49916,4.6872,4.03025e+06,2.75803e+06,1.0737e+07,0,319739,0,0,61.7824,61.3098,1.72712,0,0,1.24101,1.24101,0,0.958627,1.90512,8.37568e+06,3.68648e+06,1.03943e+07,0,307596,0,0
62.0698,85.1408,1.39051,0.01,0,2.6646,2.6646,0,0.499253,4.6872,4.03025e+06,2.75803e+06,1.0739e+07,0,319798,0,0,61.8862,61.3098,1.27171,0,0,1.24124,1.24124,0,0.958804,1.90512,8.37568e+06,3.68648e+06,1.03962e+07,0,307653,0,0
60.9055,85.1408,1.62279,0.01,0,2.66509,2.66509,0,0.499345,4.6872,4.03025e+06,2.75803e+06,1.0741e+07,0,319857,0,0,62.338,61.3098,2.763,0,0,1.24147,1.24147,0,0.958982,1.90512,8.37568e+06,3.68648e+06,1.03982e+07,0,307710,0,0
62.4665,85.1408,4.35575,0.01,0,2.46483,2.46483,0,0.499438,4.6872,4.03025e+06,2.75803e+06,9.93389e+06,0,295823,0,0,62.338,61.3098,5.74354,0,0,1.11698,1.11698,0,0.95916,1.90512,8.37568e+06,3.68648e+06,9.35543e+06,0,276853,0,0
64.954,85.1408,5.27064,0.01,0,2.46529,2.46529,0,0.46191,4.6872,4.03025e+06,2.75803e+06,9.93574e+06,0,295878,0,0,62.338,61.3098,5.03819,0,0,1.11718,1.11718,0,0.862976,1.90512,8.37568e+06,3.68648e+06,9.35716e+06,0,276904,0,0
65.6732,85.1408,3.41953,0.01,0,2.46575,2.46575,0,0.461996,4.6872,4.03025e+06,2.75803e+06,9.93758e+06,0,295933,0,0,62.338,61.3098,2.76519,0,0,1.11739,1.11739,0,0.863136,1.90512,8.37568e+06,3.68648e+06,9.3589e+06,0,276955,0,0
67.0515,85.1408,4.10671,0.01,0,2.46621,2.46621,0,0.462081,4.6872,4.03025e+06,2.75803e+06,9.93942e+06,0,295988,0,0,62.338,61.3098,3.08421,0,0,1.1176,1.1176,0,0.863296,1.90512,8.37568e+06,3.68648e+06,9.36064e+06,0,277007,0,0
68.5273,85.1408,4.31892,0,0,2.46666,2.46666,0,0.462167,4.6872,4.03025e+06,2.75803e+06,9.94127e+06,0,296043,0,0,62.338,61.3098,3.44043,0,0,1.11781,1.11781,0,0.863456,1.90512,8.37568e+06,3.68648e+06,9.36237e+06,0,277058,0,0
71.341,85.1408,5.77379,0,0,2.5444,2.5444,0,0.462253,4.6872,4.03025e+06,2.75803e+06,1.02546e+07,0,305373,0,0,62.255,61.3098,3.18718,0,0,1.15416,1.15416,0,0.863616,1.90512,8.37568e+06,3.68648e+06,9.66687e+06,0,286069,0,0
73.5939,85.1408,5.24689,0,0,2.54486,2.54486,0,0.476821,4.6872,4.03025e+06,2.75803e+06,1.02564e+07,0,305428,0,0,62.338,61.3098,2.91266,0,0,1.15437,1.15437,0,0.891704,1.90512,8.37568e+06,3.68648e+06,9.6686e+06,0,286120,0,0
80.7183,85.1408,10.1848,0,0,2.54532,2.54532,0,0.476907,4.6872,4.03025e+06,2.75803e+06,1.02583e+07,0,305482,0,0,62.338,61.3098,7.01233,0,0,1.15457,1.15457,0,0.891863,1.90512,8.37568e+06,3.68648e+06,9.67033e+06,0,286171,0,0
85.1408,85.1408,8.18712,0,0,2.54577,2.54577,0,0.476992,4.6872,4.03025e+06,2.75803e+06,1.02601e+07,0,305537,0,0,62.338,61.3098,5.87576,0,0,1.15478,1.15478,0,0.892023,1.90512,8.37568e+06,3.68648e+06,9.67206e+06,0,286223,0,0
85.1408,85.1408,7.2349,0,0,2.79458,2.79458,0,0.477078,4.6872,4.03025e+06,2.75803e+06,1.12629e+07,0,335399,0,0,62.338,61.3098,5.48909,0,0,1.29079,1.29079,0,0.892183,1.90512,8.37568e+06,3.68648e+06,1.08112e+07,0,319934,0,0
85.1408,85.1408,5.22351,0,0,2.79508,2.79508,0,0.523705,4.6872,4.03025e+06,2.75803e+06,1.12649e+07,0,335459,0,0,62.338,61.3098,4.2197,0,0,1.29102,1.29102,0,0.997263,1.90512,8.37568e+06,3.68648e+06,1.08132e+07,0,319991,0,0
85.1408,85.1408,8.90721,0,0,2.79558,2.79558,0,0.523798,4.6872,4.03025e+06,2.75803e+06,1.12669e+07,0,335519,0,0,62.338,61.3098,5.70358,0,0,1.29125,1.29125,0,0.997442,1.90512,8.37568e+06,3.68648e+06,1.08151e+07,0,320048,0,0
85.1408,85.1408,6.98693,0,0,2.79608,2.79608,0,0.523892,4.6872,4.03025e+06,2.75803e+06,1.12689e+07,0,335579,0,0,62.338,61.3098,5.42356,0,0,1.29148,1.29148,0,0.997621,1.90512,8.37568e+06,3.68648e+06,1.0817e+07,0,320106,0,0
85.1408,85.1408,6.09024,0,0,2.4421,2.4421,0,0.523986,4.6872,4.03025e+06,2.75803e+06,9.84227e+06,0,293095,0,0,62.338,61.3098,6.44954,0,0,1.10934,1.10934,0,0.9978,1.90512,8.37568e+06,3.68648e+06,9.29144e+06,0,274959,0,0
85.1408,85.1408,7.34318,0,0,2.44254,2.44254,0,0.45765,4.6872,4.03025e+06,2.75803e+06,9.84403e+06,0,293147,0,0,62.338,61.3098,8.87583,0,0,1.10953,1.10953,0,0.857073,1.90512,8.37568e+06,3.68648e+06,9.2931e+06,0,275008,0,0
85.1408,85.1408,5.79599,0,0,2.44298,2.44298,0,0.457731,4.6872,4.03025e+06,2.75803e+06,9.84579e+06,0,293200,0,0,62.338,61.3098,5.73689,0,0,1.10973,1.10973,0,0.857226,1.90512,8.37568e+06,3.68648e+06,9.29477e+06,0,275057,0,0
85.1408,85.1408,5.05426,0,0,2.44341,2.44341,0,0.457814,4.6872,4.03025e+06,2.75803e+06,9.84756e+06,0,293252,0,0,62.338,61.3098,5.55058,0,0,1.10993,1.10993,0,0.85738,1.90512,8.37568e+06,3.68648e+06,9.29643e+06,0,275107,0,0
85.1408,85.1408,8.55944,0,0,2.44385,2.44385,0,0.457896,4.6872,4.03025e+06,2.75803e+06,9.84932e+06,0,293305,0,0,62.338,61.3098,9.3224,0,0,1.11013,1.11013,0,0.857534,1.90512,8.37568e+06,3.68648e+06,9.2981e+06,0,275156,0,0
85.1408,85.1408,8.18591,0,0,2.5336,2.5336,0,0.457978,4.6872,4.03025e+06,2.75803e+06,1.0211e+07,0,304076,0,0,62.338,61.3098,6.2397,0,0,1.15499,1.15499,0,0.857687,1.90512,8.37568e+06,3.68648e+06,9.67379e+06,0,286274,0,0
85.1408,85.1408,6.94271,0,0,2.53405,2.53405,0,0.474796,4.6872,4.03025e+06,2.75803e+06,1.02129e+07,0,304131,0,0,62.338,61.3098,5.41701,0,0,1.15519,1.15519,0,0.892343,1.90512,8.37568e+06,3.68648e+06,9.67553e+06,0,286325,0,0
85.1408,85.1408,5.05053,0,0,2.53451,2.53451,0,0.474881,4.6872,4.03025e+06,2.75803e+06,1.02147e+07,0,304185,0,0,62.338,61.3098,5.5499,0,0,1.1554,1.1554,0,0.892503,1.90512,8.37568e+06,3.68648e+06,9.67726e+06,0,286376,0,0
85.1408,85.1408,4.63581,0,0,2.53496,2.53496,0,0.474966,4.6872,4.03025e+06,2.75803e+06,1.02165e+07,0,304240,0,0,62.338,61.3098,5.58846,0,0,1.15561,1.15561,0,0.892663,1.90512,8.37568e+06,3.68648e+06,9.679e+06,0,286428,0,0
85.1408,85.1408,4.70508,0,0,2.50047,2.50047,0,0.475052,4.6872,4.03025e+06,2.75803e+06,1.00775e+07,0,300100,0,0,62.338,61.3098,5.7456,0,0,1.13846,1.13846,0,0.892823,1.90512,8.37568e+06,3.68648e+06,9.53536e+06,0,282177,0,0
85.1408,85.1408,4.9277,0,0,2.50092,2.50092,0,0.468588,4.6872,4.03025e+06,2.75803e+06,1.00793e+07,0,300154,0,0,62.338,61.3098,3.89654,0,0,1.13866,1.13866,0,0.879573,1.90512,8.37568e+06,3.68648e+06,9.53707e+06,0,282228,0,0
85.1408,85.1408,4.59413,0,0,2.50137,2.50137,0,0.468672,4.6872,4.03025e+06,2.75803e+06,1.00811e+07,0,300208,0,0,62.338,61.3098,3.77972,0,0,1.13887,1.13887,0,0.879731,1.90512,8.37568e+06,3.68648e+06,9.53878e+06,0,282278,0,0
85.1408,85.1408,4.1381,0,0,2.50182,2.50182,0,0.468756,4.6872,4.03025e+06,2.75803e+06,1.00829e+07,0,300262,0,0,62.338,61.3098,3.85603,0,0,1.13907,1.13907,0,0.879888,1.90512,8.37568e+06,3.68648e+06,9.54049e+06,0,282329,0,0
85.1408,85.1408,4.02332,0,0,2.62096,2.62096,0,0.46884,4.6872,4.03025e+06,2.75803e+06,1.05631e+07,0,314562,0,0,62.338,61.3098,3.75684,0,0,1.20087,1.20087,0,0.880046,1.90512,8.37568e+06,3.68648e+06,1.00581e+07,0,297647,0,0
85.1408,85.1408,3.72687,0,0,2.62143,2.62143,0,0.491169,4.6872,4.03025e+06,2.75803e+06,1.0565e+07,0,314618,0,0,62.338,61.3098,3.17084,0,0,1.20109,1.20109,0,0.927793,1.90512,8.37568e+06,3.68648e+06,1.00599e+07,0,297700,0,0
85.1408,85.1408,3.64958,0,0,2.6219,2.6219,0,0.491257,4.6872,4.03025e+06,2.75803e+06,1.05669e+07,0,314674,0,0,62.338,61.3098,3.20954,0,0,1.2013,1.2013,0,0.927959,1.90512,8.37568e+06,3.68648e+06,1.00617e+07,0,297753,0,0
85.1408,85.1408,3.4065,0,0,2.62237,2.62237,0,0.491345,4.6872,4.03025e+06,2.75803e+06,1.05688e+07,0,314731,0,0,62.338,61.3098,2.96394,0,0,1.20152,1.20152,0,0.928125,1.90512,8.37568e+06,3.68648e+06,1.00635e+07,0,297807,0,0
85.1408,85.1408,3.20951,0,0,2.62284,2.62284,0,0.491433,4.6872,4.03025e+06,2.75803e+06,1.05707e+07,0,314787,0,0,62.338,61.3098,2.93504,0,0,1.20173,1.20173,0,0.928292,1.90512,8.37568e+06,3.68648e+06,1.00653e+07,0,297860,0,0
84.8019,85.1408,2.48524,0,0,2.59982,2.59982,0,0.491521,4.6872,4.03025e+06,2.75803e+06,1.04779e+07,0,312024,0,0,62.338,61.3098,2.74232,0,0,1.23583,1.23583,0,0.928458,1.90512,8.37568e+06,3.68648e+06,1.03509e+07,0,306312,0,0
84.0253,85.1408,2.04525,0,0,2.60029,2.60029,0,0.487206,4.6872,4.03025e+06,2.75803e+06,1.04798e+07,0,312080,0,0,62.338,61.3098,2.7521,0,0,1.23605,1.23605,0,0.954804,1.90512,8.37568e+06,3.68648e+06,1.03528e+07,0,306367,0,0
83.0619,85.1408,1.84614,0,0,2.60075,2.60075,0,0.487294,4.6872,4.03025e+06,2.75803e+06,1.04817e+07,0,312136,0,0,62.338,61.3098,2.45036,0,0,1.23628,1.23628,0,0.954975,1.90512,8.37568e+06,3.68648e+06,1.03546e+07,0,306422,0,0
82.0509,85.1408,1.7597,0,0,2.60122,2.60122,0,0.487381,4.6872,4.03025e+06,2.75803e+06,1.04836e+07,0,312192,0,0,62.338,61.3098,2.38688,0,0,1.2365,1.2365,0,0.955146,1.90512,8.37568e+06,3.68648e+06,1.03565e+07,0,306477,0,0
80.9137,85.1408,1.66423,0,0,2.6624,2.6624,0,0.487469,4.6872,4.03025e+06,2.75803e+06,1.07301e+07,0,319535,0,0,62.338,61.3098,2.35783,0,0,1.26694,1.26694,0,0.955318,1.90512,8.37568e+06,3.68648e+06,1.06115e+07,0,314022,0,0
79.9199,85.1408,1.80263,0,0,2.66288,2.66288,0,0.498935,4.6872,4.03025e+06,2.75803e+06,1.07321e+07,0,319592,0,0,62.338,61.3098,2.52682,0,0,1.26717,1.26717,0,0.978837,1.90512,8.37568e+06,3.68648e+06,1.06134e+07,0,314078,0,0
78.7596,85.1408,1.62529,0,0,2.66336,2.66336,0,0.499024,4.6872,4.03025e+06,2.75803e+06,1.0734e+07,0,319650,0,0,62.338,61.3098,2.42434,0,0,1.26739,1.26739,0,0.979012,1.90512,8.37568e+06,3.68648e+06,1.06153e+07,0,314135,0,0
77.4676,85.1408,1.48159,0,0,2.66384,2.66384,0,0.499114,4.6872,4.03025e+06,2.75803e+06,1.07359e+07,0,319707,0,0,62.338,61.3098,2.23185,0,0,1.26762,1.26762,0,0.979188,1.90512,8.37568e+06,3.68648e+06,1.06172e+07,0,314191,0,0
75.8608,85.1408,1.2891,0,0,2.84225,2.84225,0,0.499203,4.6872,4.03025e+06,2.75803e+06,1.1455e+07,0,341120,0,0,62.338,61.3098,2.21179,0,0,1.377,1.377,0,0.979364,1.90512,8.37568e+06,3.68648e+06,1.15333e+07,0,341303,0,0
74.6561,85.1408,1.72785,0,0,2.84276,2.84276,0,0.532638,4.6872,4.03025e+06,2.75803e+06,1.1457e+07,0,341181,0,0,62.338,61.3098,2.69013,0,0,1.37725,1.37725,0,1.06387,1.90512,8.37568e+06,3.68648e+06,1.15354e+07,0,341364,0,0
73.1623,85.1408,1.44367,0,0,2.84327,2.84327,0,0.532734,4.6872,4.03025e+06,2.75803e+06,1.14591e+07,0,341243,0,0,62.2377,61.3098,1.9997,0,0,1.3775,1.3775,0,1.06406,1.90512,8.37568e+06,3.68648e+06,1.15375e+07,0,341425,0,0
71.966,85.1408,1.71579,0,0,2.84378,2.84378,0,0.53283,4.6872,4.03025e+06,2.75803e+06,1.14612e+07,0,341304,0,0,62.338,61.3098,3.28773,0,0,1.37775,1.37775,0,1.06426,1.90512,8.37568e+06,3.68648e+06,1.15396e+07,0,341487,0,0
70.4602,85.1408,1.38794,0,0,2.84429,2.84429,0,0.532925,4.6872,4.03025e+06,2.75803e+06,1.14632e+07,0,341365,0,0,62.338,61.3098,2.36899,0,0,1.37799,1.37799,0,1.06445,1.90512,8.37568e+06,3.68648e+06,1.15416e+07,0,341548,0,0
69.0581,85.1408,1.41408,0,0,2.75801,2.75801,0,0.533021,4.6872,4.03025e+06,2.75803e+06,1.11155e+07,0,331009,0,0,62.338,61.3098,2.51725,0,0,1.31193,1.31193,0,1.06464,1.90512,8.37568e+06,3.68648e+06,1.09883e+07,0,325173,0,0
67.6317,85.1408,1.36515,0,0,2.7585,2.7585,0,0.51685,4.6872,4.03025e+06,2.75803e+06,1.11174e+07,0,331068,0,0,62.338,61.3098,2.44569,0,0,1.31216,1.31216,0,1.01359,1.90512,8.37568e+06,3.68648e+06,1.09902e+07,0,325231,0,0
66.3308,85.1408,1.52683,0.01,0,2.759,2.759,0,0.516943,4.6872,4.03025e+06,2.75803e+06,1.11194e+07,0,331128,0,0,62.338,61.3098,2.30907,0,0,1.3124,1.3124,0,1.01378,1.90512,8.37568e+06,3.68648e+06,1.09922e+07,0,325290,0,0
65.514,85.1408,2.02846,0.01,0,2.75949,2.75949,0,0.517036,4.6872,4.03025e+06,2.75803e+06,1.11214e+07,0,331187,0,0,62.338,61.3098,3.13656,0,0,1.31263,1.31263,0,1.01396,1.90512,8.37568e+06,3.68648e+06,1.09942e+07,0,325348,0,0
65.3908,85.1408,2.75722,0.01,0,2.68869,2.68869,0,0.517129,4.6872,4.03025e+06,2.75803e+06,1.08361e+07,0,322690,0,0,62.338,61.3098,5.01691,0,0,1.25246,1.25246,0,1.01414,1.90512,8.37568e+06,3.68648e+06,1.04902e+07,0,310435,0,0
65.5659,85.1408,3.26255,0.01,0,2.68917,2.68917,0,0.503861,4.6872,4.03025e+06,2.75803e+06,1.0838e+07,0,322748,0,0,62.338,61.3098,5.72641,0,0,1.25269,1.25269,0,0.967654,1.90512,8.37568e+06,3.68648e+06,1.04921e+07,0,310490,0,0
65.5772,85.1408,3.01431,0.01,0,2.68966,2.68966,0,0.503951,4.6872,4.03025e+06,2.75803e+06,1.084e+07,0,322806,0,0,62.338,61.3098,3.26066,0,0,1.25291,1.25291,0,0.967828,1.90512,8.37568e+06,3.68648e+06,1.0494e+07,0,310546,0,0
65.8362,85.1408,3.1232,0.01,0,2.69014,2.69014,0,0.504041,4.6872,4.03025e+06,2.75803e+06,1.08419e+07,0,322864,0,0,62.338,61.3098,3.36134,0,0,1.25314,1.25314,0,0.968001,1.90512,8.37568e+06,3.68648e+06,1.04959e+07,0,310602,0,0
66.0547,85.1408,2.93909,0.01,0,2.48799,2.48799,0,0.504132,4.6872,4.03025e+06,2.75803e+06,1.00272e+07,0,298602,0,0,62.338,61.3098,4.48894,0,0,1.12747,1.12747,0,0.968175,1.90512,8.37568e+06,3.68648e+06,9.44331e+06,0,279453,0,0
68.129,85.1408,5.11844,0.01,0,2.48843,2.48843,0,0.466249,4.6872,4.03025e+06,2.75803e+06,1.0029e+07,0,298656,0,0,62.338,61.3098,6.04968,0,0,1.12767,1.12767,0,0.871082,1.90512,8.37568e+06,3.68648e+06,9.445e+06,0,279503,0,0
70.6018,85.1408,5.52871,0,0,2.48888,2.48888,0,0.466332,4.6872,4.03025e+06,2.75803e+06,1.00308e+07,0,298709,0,0,62.338,61.3098,9.09006,0,0,1.12787,1.12787,0,0.871238,1.90512,8.37568e+06,3.68648e+06,9.4467e+06,0,279553,0,0
72.1656,85.1408,4.63026,0,0,2.48933,2.48933,0,0.466416,4.6872,4.03025e+06,2.75803e+06,1.00326e+07,0,298763,0,0,62.338,61.3098,6.80866,0,0,1.12808,1.12808,0,0.871394,1.90512,8.37568e+06,3.68648e+06,9.44839e+06,0,279604,0,0
75.1801,85.1408,6.20466,0,0,2.48977,2.48977,0,0.4665,4.6872,4.03025e+06,2.75803e+06,1.00344e+07,0,298816,0,0,62.338,61.3098,9.49644,0,0,1.12828,1.12828,0,0.871551,1.90512,8.37568e+06,3.68648e+06,9.45009e+06,0,279654,0,0
81.4615,85.1408,9.60268,0,0,2.56823,2.56823,0,0.466584,4.6872,4.03025e+06,2.75803e+06,1.03506e+07,0,308232,0,0,62.338,61.3098,10.6514,0,0,1.16497,1.16497,0,0.871707,1.90512,8.37568e+06,3.68648e+06,9.75738e+06,0,288747,0,0
85.1408,85.1408,10.0118,0,0,2.56867,2.56867,0,0.481286,4.6872,4.03025e+06,2.75803e+06,1.03524e+07,0,308286,0,0,62.338,61.3098,14.1077,0,0,1.16517,1.16517,0,0.900053,1.90512,8.37568e+06,3.68648e+06,9.75907e+06,0,288797,0,0
85.1408,85.1408,9.89545,0,0,2.56912,2.56912,0,0.481369,4.6872,4.03025e+06,2.75803e+06,1.03542e+07,0,308339,0,0,62.338,61.3098,13.7294,0,0,1.16537,1.16537,0,0.900209,1.90512,8.37568e+06,3.68648e+06,9.76076e+06,0,288847,0,0
85.1408,85.1408,6.46728,0,0,2.56956,2.56956,0,0.481453,4.6872,4.03025e+06,2.75803e+06,1.0356e+07,0,308392,0,0,62.338,61.3098,7.40495,0,0,1.16557,1.16557,0,0.900364,1.90512,8.37568e+06,3.68648e+06,9.76245e+06,0,288897,0,0
85.1408,85.1408,5.60386,0,0,2.82068,2.82068,0,0.481536,4.6872,4.03025e+06,2.75803e+06,1.1368e+07,0,338531,0,0,62.338,61.3098,5.45647,0,0,1.30284,1.30284,0,0.90052,1.90512,8.37568e+06,3.68648e+06,1.09122e+07,0,322921,0,0
85.1408,85.1408,11.235,0,0,2.82117,2.82117,0,0.528595,4.6872,4.03025e+06,2.75803e+06,1.137e+07,0,338589,0,0,62.338,61.3098,17.0586,0,0,1.30307,1.30307,0,1.00658,1.90512,8.37568e+06,3.68648e+06,1.09141e+07,0,322977,0,0
85.1408,85.1408,7.75347,0,0,2.82166,2.82166,0,0.528687,4.6872,4.03025e+06,2.75803e+06,1.1372e+07,0,338648,0,0,62.338,61.3098,8.06636,0,0,1.30329,1.30329,0,1.00675,1.90512,8.37568e+06,3.68648e+06,1.0916e+07,0,323033,0,0
85.1408,85.1408,6.27051,0,0,2.82215,2.82215,0,0.528778,4.6872,4.03025e+06,2.75803e+06,1.13739e+07,0,338707,0,0,62.338,61.3098,5.84276,0,0,1.30352,1.30352,0,1.00693,1.90512,8.37568e+06,3.68648e+06,1.09179e+07,0,323089,0,0
85.1408,85.1408,5.88212,0,0,2.46485,2.46485,0,0.52887,4.6872,4.03025e+06,2.75803e+06,9.93395e+06,0,295825,0,0,62.338,61.3098,6.08376,0,0,1.11967,1.11967,0,1.0071,1.90512,8.37568e+06,3.68648e+06,9.37799e+06,0,277520,0,0
85.1408,85.1408,7.49173,0,0,2.46527,2.46527,0,0.461912,4.6872,4.03025e+06,2.75803e+06,9.93567e+06,0,295876,0,0,62.338,61.3098,9.81994,0,0,1.11986,1.11986,0,0.865056,1.90512,8.37568e+06,3.68648e+06,9.37961e+06,0,277568,0,0
85.1408,85.1408,6.09216,0,0,2.4657,2.4657,0,0.461992,4.6872,4.03025e+06,2.75803e+06,9.93739e+06,0,295927,0,0,62.338,61.3098,6.94762,0,0,1.12006,1.12006,0,0.865206,1.90512,8.37568e+06,3.68648e+06,9.38123e+06,0,277616,0,0
85.1408,85.1408,4.18605,0,0,2.46613,2.46613,0,0.462072,4.6872,4.03025e+06,2.75803e+06,9.93911e+06,0,295979,0,0,62.338,61.3098,5.46861,0,0,1.12025,1.12025,0,0.865356,1.90512,8.37568e+06,3.68648e+06,9.38286e+06,0,277664,0,0
85.1408,85.1408,5.5684,0,0,2.46656,2.46656,0,0.462152,4.6872,4.03025e+06,2.75803e+06,9.94083e+06,0,296030,0,0,62.338,61.3098,6.49352,0,0,1.12045,1.12045,0,0.865506,1.90512,8.37568e+06,3.68648e+06,9.38449e+06,0,277712,0,0
85.1408,85.1408,6.05854,0,0,2.55712,2.55712,0,0.462233,4.6872,4.03025e+06,2.75803e+06,1.03058e+07,0,306899,0,0,62.338,61.3098,9.45109,0,0,1.16571,1.16571,0,0.865656,1.90512,8.37568e+06,3.68648e+06,9.76361e+06,0,288932,0,0
85.1408,85.1408,5.93808,0,0,2.55756,2.55756,0,0.479205,4.6872,4.03025e+06,2.75803e+06,1.03076e+07,0,306952,0,0,62.338,61.3098,13.8222,0,0,1.16591,1.16591,0,0.900628,1.90512,8.37568e+06,3.68648e+06,9.76531e+06,0,288982,0,0
85.1408,85.1408,5.29822,0,0,2.55801,2.55801,0,0.479288,4.6872,4.03025e+06,2.75803e+06,1.03094e+07,0,307006,0,0,62.338,61.3098,10.6039,0,0,1.16611,1.16611,0,0.900784,1.90512,8.37568e+06,3.68648e+06,9.767e+06,0,289032,0,0
85.1408,85.1408,4.52628,0,0,2.55845,2.55845,0,0.479371,4.6872,4.03025e+06,2.75803e+06,1.03112e+07,0,307059,0,0,62.338,61.3098,8.71909,0,0,1.16632,1.16632,0,0.90094,1.90512,8.37568e+06,3.68648e+06,9.76869e+06,0,289082,0,0
85.1408,85.1408,4.35288,0,0,2.52363,2.52363,0,0.479454,4.6872,4.03025e+06,2.75803e+06,1.01708e+07,0,302879,0,0,62.338,61.3098,9.40163,0,0,1.149,1.149,0,0.901096,1.90512,8.37568e+06,3.68648e+06,9.62366e+06,0,284790,0,0
85.1408,85.1408,4.0963,0,0,2.52406,2.52406,0,0.472928,4.6872,4.03025e+06,2.75803e+06,1.01726e+07,0,302932,0,0,62.338,61.3098,6.06122,0,0,1.1492,1.1492,0,0.887718,1.90512,8.37568e+06,3.68648e+06,9.62533e+06,0,284840,0,0
85.1408,85.1408,3.58826,0,0,2.5245,2.5245,0,0.47301,4.6872,4.03025e+06,2.75803e+06,1.01744e+07,0,302984,0,0,62.338,61.3098,5.47796,0,0,1.1494,1.1494,0,0.887872,1.90512,8.37568e+06,3.68648e+06,9.627e+06,0,284889,0,0
85.1408,85.1408,3.21759,0,0,2.52494,2.52494,0,0.473092,4.6872,4.03025e+06,2.75803e+06,1.01761e+07,0,303037,0,0,62.338,61.3098,4.85884,0,0,1.1496,1.1496,0,0.888026,1.90512,8.37568e+06,3.68648e+06,9.62867e+06,0,284938,0,0
85.1395,85.1408,2.97718,0,0,2.64517,2.64517,0,0.473174,4.6872,4.03025e+06,2.75803e+06,1.06607e+07,0,317467,0,0,62.338,61.3098,4.60353,0,0,1.21196,1.21196,0,0.88818,1.90512,8.37568e+06,3.68648e+06,1.0151e+07,0,300396,0,0
85.1408,85.1408,3.14403,0,0,2.64563,2.64563,0,0.495705,4.6872,4.03025e+06,2.75803e+06,1.06625e+07,0,317522,0,0,62.338,61.3098,4.03748,0,0,1.21217,1.21217,0,0.936362,1.90512,8.37568e+06,3.68648e+06,1.01528e+07,0,300448,0,0
84.9988,85.1408,2.75576,0,0,2.64609,2.64609,0,0.495791,4.6872,4.03025e+06,2.75803e+06,1.06644e+07,0,317577,0,0,62.338,61.3098,3.59288,0,0,1.21238,1.21238,0,0.936524,1.90512,8.37568e+06,3.68648e+06,1.01545e+07,0,300500,0,0
84.7488,85.1408,2.62194,0,0,2.64655,2.64655,0,0.495877,4.6872,4.03025e+06,2.75803e+06,1.06662e+07,0,317632,0,0,62.338,61.3098,3.3806,0,0,1.21259,1.21259,0,0.936687,1.90512,8.37568e+06,3.68648e+06,1.01563e+07,0,300552,0,0
84.4162,85.1408,2.53141,0,0,2.64701,2.64701,0,0.495963,4.6872,4.03025e+06,2.75803e+06,1.06681e+07,0,317687,0,0,62.338,61.3098,3.64532,0,0,1.2128,1.2128,0,0.936849,1.90512,8.37568e+06,3.68648e+06,1.0158e+07,0,300604,0,0
83.944,85.1408,2.37764,0,0,2.62375,2.62375,0,0.496049,4.6872,4.03025e+06,2.75803e+06,1.05744e+07,0,314896,0,0,62.338,61.3098,3.71705,0,0,1.24721,1.24721,0,0.937012,1.90512,8.37568e+06,3.68648e+06,1.04462e+07,0,309132,0,0
83.3888,85.1408,2.26978,0,0,2.62421,2.62421,0,0.491692,4.6872,4.03025e+06,2.75803e+06,1.05762e+07,0,314951,0,0,62.338,61.3098,3.7118,0,0,1.24743,1.24743,0,0.963594,1.90512,8.37568e+06,3.68648e+06,1.0448e+07,0,309186,0,0
82.7403,85.1408,2.15248,0,0,2.62466,2.62466,0,0.491777,4.6872,4.03025e+06,2.75803e+06,1.0578e+07,0,315006,0,0,62.338,61.3098,3.58541,0,0,1.24764,1.24764,0,0.963761,1.90512,8.37568e+06,3.68648e+06,1.04498e+07,0,309239,0,0
81.9706,85.1408,2.01716,0,0,2.62512,2.62512,0,0.491862,4.6872,4.03025e+06,2.75803e+06,1.05799e+07,0,315060,0,0,62.338,61.3098,3.36263,0,0,1.24786,1.24786,0,0.963928,1.90512,8.37568e+06,3.68648e+06,1.04517e+07,0,309293,0,0
81.0901,85.1408,1.95187,0,0,2.68685,2.68685,0,0.491947,4.6872,4.03025e+06,2.75803e+06,1.08287e+07,0,322469,0,0,62.338,61.3098,3.26242,0,0,1.27857,1.27857,0,0.964095,1.90512,8.37568e+06,3.68648e+06,1.07089e+07,0,316905,0,0
80.4949,85.1408,2.23795,0,0,2.68732,2.68732,0,0.503516,4.6872,4.03025e+06,2.75803e+06,1.08306e+07,0,322525,0,0,62.338,61.3098,3.86363,0,0,1.27879,1.27879,0,0.987825,1.90512,8.37568e+06,3.68648e+06,1.07108e+07,0,316960,0,0
79.6905,85.1408,2.01835,0,0,2.68778,2.68778,0,0.503603,4.6872,4.03025e+06,2.75803e+06,1.08324e+07,0,322581,0,0,62.338,61.3098,3.70522,0,0,1.27902,1.27902,0,0.987996,1.90512,8.37568e+06,3.68648e+06,1.07126e+07,0,317015,0,0
78.7196,85.1408,1.84024,0,0,2.68825,2.68825,0,0.50369,4.6872,4.03025e+06,2.75803e+06,1.08343e+07,0,322637,0,0,62.338,61.3098,3.41393,0,0,1.27924,1.27924,0,0.988167,1.90512,8.37568e+06,3.68648e+06,1.07145e+07,0,317070,0,0
77.3858,85.1408,1.60219,0,0,2.86828,2.86828,0,0.503778,4.6872,4.03025e+06,2.75803e+06,1.15599e+07,0,344244,0,0,62.338,61.3098,3.38361,0,0,1.38961,1.38961,0,0.988339,1.90512,8.37568e+06,3.68648e+06,1.1639e+07,0,344429,0,0
76.3591,85.1408,1.92911,0,0,2.86878,2.86878,0,0.537516,4.6872,4.03025e+06,2.75803e+06,1.15619e+07,0,344304,0,0,62.338,61.3098,3.72874,0,0,1.38986,1.38986,0,1.07362,1.90512,8.37568e+06,3.68648e+06,1.1641e+07,0,344488,0,0
75.2243,85.1408,1.84779,0,0,2.86928,2.86928,0,0.537609,4.6872,4.03025e+06,2.75803e+06,1.15639e+07,0,344364,0,0,62.338,61.3098,3.58695,0,0,1.3901,1.3901,0,1.0738,1.90512,8.37568e+06,3.68648e+06,1.1643e+07,0,344548,0,0
74.1341,85.1408,1.86828,0,0,2.86978,2.86978,0,0.537703,4.6872,4.03025e+06,2.75803e+06,1.15659e+07,0,344423,0,0,62.338,61.3098,3.88096,0,0,1.39034,1.39034,0,1.07399,1.90512,8.37568e+06,3.68648e+06,1.1645e+07,0,344608,0,0
73.0664,85.1408,1.88569,0,0,2.87027,2.87027,0,0.537796,4.6872,4.03025e+06,2.75803e+06,1.15679e+07,0,344483,0,0,62.338,61.3098,4.55674,0,0,1.39058,1.39058,0,1.07418,1.90512,8.37568e+06,3.68648e+06,1.1647e+07,0,344668,0,0
72.0215,85.1408,1.79707,0,0,2.78318,2.78318,0,0.537889,4.6872,4.03025e+06,2.75803e+06,1.12169e+07,0,334030,0,0,62.338,61.3098,3.88137,0,0,1.3239,1.3239,0,1.07436,1.90512,8.37568e+06,3.68648e+06,1.10886e+07,0,328141,0,0
70.9325,85.1408,1.73822,0,0,2.78366,2.78366,0,0.521568,4.6872,4.03025e+06,2.75803e+06,1.12189e+07,0,334088,0,0,62.338,61.3098,3.40434,0,0,1.32413,1.32413,0,1.02285,1.90512,8.37568e+06,3.68648e+06,1.10905e+07,0,328198,0,0
69.8065,85.1408,1.68669,0,0,2.78415,2.78415,0,0.521659,4.6872,4.03025e+06,2.75803e+06,1.12208e+07,0,334146,0,0,62.338,61.3098,3.12337,0,0,1.32436,1.32436,0,1.02302,1.90512,8.37568e+06,3.68648e+06,1.10924e+07,0,328255,0,0
70.2076,85.1408,3.43626,0,0,2.78463,2.78463,0,0.521749,4.6872,4.03025e+06,2.75803e+06,1.12227e+07,0,334204,0,0,62.338,61.3098,5.12318,0,0,1.32459,1.32459,0,1.0232,1.90512,8.37568e+06,3.68648e+06,1.10943e+07,0,328312,0,0
72.5422,85.1408,5.33815,0,0,2.71317,2.71317,0,0.52184,4.6872,4.03025e+06,2.75803e+06,1.09347e+07,0,325627,0,0,62.338,61.3098,5.47101,0,0,1.26387,1.26387,0,1.02338,1.90512,8.37568e+06,3.68648e+06,1.05857e+07,0,313261,0,0
74.1558,85.1408,4.66057,0,0,2.71364,2.71364,0,0.508447,4.6872,4.03025e+06,2.75803e+06,1.09366e+07,0,325684,0,0,62.338,61.3098,5.93605,0,0,1.26409,1.26409,0,0.976463,1.90512,8.37568e+06,3.68648e+06,1.05876e+07,0,313315,0,0
74.2637,85.1408,3.09359,0,0,2.71411,2.71411,0,0.508536,4.6872,4.03025e+06,2.75803e+06,1.09385e+07,0,325740,0,0,62.338,61.3098,2.6515,0,0,1.2643,1.2643,0,0.976633,1.90512,8.37568e+06,3.68648e+06,1.05894e+07,0,313369,0,0
76.949,85.1408,5.79742,0,0,2.71458,2.71458,0,0.508624,4.6872,4.03025e+06,2.75803e+06,1.09404e+07,0,325797,0,0,62.338,61.3098,4.29344,0,0,1.26452,1.26452,0,0.976802,1.90512,8.37568e+06,3.68648e+06,1.05912e+07,0,313424,0,0
79.0947,85.1408,5.11626,0,0,2.51058,2.51058,0,0.508712,4.6872,4.03025e+06,2.75803e+06,1.01182e+07,0,301313,0,0,62.338,61.3098,5.54255,0,0,1.1377,1.1377,0,0.976971,1.90512,8.37568e+06,3.68648e+06,9.52904e+06,0,281990,0,0
85.1408,85.1408,9.5397,0,0,2.51101,2.51101,0,0.470482,4.6872,4.03025e+06,2.75803e+06,1.012e+07,0,301365,0,0,62.338,61.3098,8.90517,0,0,1.1379,1.1379,0,0.87899,1.90512,8.37568e+06,3.68648e+06,9.5307e+06,0,282039,0,0
85.1408,85.1408,6.62789,0,0,2.51145,2.51145,0,0.470564,4.6872,4.03025e+06,2.75803e+06,1.01218e+07,0,301418,0,0,62.338,61.3098,9.73479,0,0,1.1381,1.1381,0,0.879143,1.90512,8.37568e+06,3.68648e+06,9.53235e+06,0,282088,0,0
85.1408,85.1408,8.44585,0,0,2.51188,2.51188,0,0.470645,4.6872,4.03025e+06,2.75803e+06,1.01235e+07,0,301470,0,0,62.338,61.3098,11.9903,0,0,1.1383,1.1383,0,0.879296,1.90512,8.37568e+06,3.68648e+06,9.53401e+06,0,282137,0,0
85.1408,85.1408,6.94281,0,0,2.51232,2.51232,0,0.470727,4.6872,4.03025e+06,2.75803e+06,1.01253e+07,0,301522,0,0,62.338,61.3098,6.44804,0,0,1.13849,1.13849,0,0.879448,1.90512,8.37568e+06,3.68648e+06,9.53566e+06,0,282186,0,0
85.1408,85.1408,5.51215,0,0,2.59147,2.59147,0,0.470809,4.6872,4.03025e+06,2.75803e+06,1.04443e+07,0,311021,0,0,62.338,61.3098,4.21128,0,0,1.17551,1.17551,0,0.879601,1.90512,8.37568e+06,3.68648e+06,9.84567e+06,0,291360,0,0
84.7625,85.1408,2.64659,0,0,2.5919,2.5919,0,0.485641,4.6872,4.03025e+06,2.75803e+06,1.0446e+07,0,311073,0,0,62.338,61.3098,2.68808,0,1,1.1757,1.1757,0,0.908197,1.90512,8.37568e+06,3.68648e+06,9.84732e+06,0,291409,0,0
84.416,85.1408,2.77655,0,0,2.59233,2.59233,0,0.485722,4.6872,4.03025e+06,2.75803e+06,1.04478e+07,0,311125,0,0,62.338,61.3098,2.37343,0,1,1.1759,1.1759,0,0.908349,1.90512,8.37568e+06,3.68648e+06,9.84897e+06,0,291458,0,0
85.1408,85.1408,3.98159,0,0,2.59277,2.59277,0,0.485804,4.6872,4.03025e+06,2.75803e+06,1.04495e+07,0,311178,0,0,62.338,61.3098,3.57127,0,1,1.1761,1.1761,0,0.908501,1.90512,8.37568e+06,3.68648e+06,9.85061e+06,0,291506,0,0
85.1408,85.1408,4.96362,0,0,2.84614,2.84614,0,0.485885,4.6872,4.03025e+06,2.75803e+06,1.14706e+07,0,341586,0,0,62.338,61.3098,4.81682,0,1,1.3146,1.3146,0,0.908653,1.90512,8.37568e+06,3.68648e+06,1.10107e+07,0,325836,0,0
85.1408,85.1408,3.82861,0,0,2.84661,2.84661,0,0.533366,4.6872,4.03025e+06,2.75803e+06,1.14726e+07,0,341643,0,0,62.338,61.3098,3.66368,0,1,1.31482,1.31482,0,1.01566,1.90512,8.37568e+06,3.68648e+06,1.10125e+07,0,325890,0,0
85.1133,85.1408,3.37514,0,0,2.84709,2.84709,0,0.533455,4.6872,4.03025e+06,2.75803e+06,1.14745e+07,0,341700,0,0,62.338,61.3098,3.19974,0,1,1.31504,1.31504,0,1.01583,1.90512,8.37568e+06,3.68648e+06,1.10144e+07,0,325945,0,0
85.1408,85.1408,3.93602,0,0,2.84757,2.84757,0,0.533544,4.6872,4.03025e+06,2.75803e+06,1.14764e+07,0,341758,0,0,62.338,61.3098,3.49475,0,1,1.31526,1.31526,0,1.016,1.90512,8.37568e+06,3.68648e+06,1.10162e+07,0,325999,0,0
85.1408,85.1408,3.99191,0,0,2.48703,2.48703,0,0.533634,4.6872,4.03025e+06,2.75803e+06,1.00234e+07,0,298488,0,0,62.338,61.3098,3.49026,0,1,1.12975,1.12975,0,1.01617,1.90512,8.37568e+06,3.68648e+06,9.4624e+06,0,280018,0,0
85.1408,85.1408,6.15509,0,0,2.48745,2.48745,0,0.46607,4.6872,4.03025e+06,2.75803e+06,1.0025e+07,0,298537,0,0,62.338,61.3098,6.61364,0,1,1.12994,1.12994,0,0.872843,1.90512,8.37568e+06,3.68648e+06,9.46398e+06,0,280065,0,0
85.1408,85.1408,7.04899,0,0,2.48787,2.48787,0,0.466148,4.6872,4.03025e+06,2.75803e+06,1.00267e+07,0,298587,0,0,62.338,61.3098,7.22416,0,1,1.13013,1.13013,0,0.872989,1.90512,8.37568e+06,3.68648e+06,9.46556e+06,0,280112,0,0
85.1408,85.1408,8.58346,0,0,2.48828,2.48828,0,0.466226,4.6872,4.03025e+06,2.75803e+06,1.00284e+07,0,298637,0,0,62.338,61.3098,12.0881,0,1,1.13031,1.13031,0,0.873135,1.90512,8.37568e+06,3.68648e+06,9.46715e+06,0,280159,0,0
85.1408,85.1408,5.63017,0,0,2.4887,2.4887,0,0.466304,4.6872,4.03025e+06,2.75803e+06,1.00301e+07,0,298687,0,0,62.338,61.3098,10.0518,0,1,1.1305,1.1305,0,0.873281,1.90512,8.37568e+06,3.68648e+06,9.46873e+06,0,280205,0,0
85.1408,85.1408,6.06927,0,0,2.58006,2.58006,0,0.466382,4.6872,4.03025e+06,2.75803e+06,1.03983e+07,0,309653,0,0,62.338,61.3098,8.3284,0,1,1.17617,1.17617,0,0.873427,1.90512,8.37568e+06,3.68648e+06,9.8512e+06,0,291524,0,0
85.1408,85.1408,9.32191,0,0,2.58049,2.58049,0,0.483504,4.6872,4.03025e+06,2.75803e+06,1.04e+07,0,309704,0,0,62.338,61.3098,10.6679,0,1,1.17637,1.17637,0,0.908708,1.90512,8.37568e+06,3.68648e+06,9.85285e+06,0,291573,0,0
85.1408,85.1408,8.54925,0,0,2.58093,2.58093,0,0.483585,4.6872,4.03025e+06,2.75803e+06,1.04018e+07,0,309756,0,0,62.338,61.3098,11.4878,0,1,1.17656,1.17656,0,0.90886,1.90512,8.37568e+06,3.68648e+06,9.8545e+06,0,291621,0,0
85.1408,85.1408,7.17691,0,0,2.58136,2.58136,0,0.483665,4.6872,4.03025e+06,2.75803e+06,1.04035e+07,0,309808,0,0,62.338,61.3098,8.94516,0,1,1.17676,1.17676,0,0.909012,1.90512,8.37568e+06,3.68648e+06,9.85615e+06,0,291670,0,0
85.1408,85.1408,6.33178,0,0,2.54621,2.54621,0,0.483746,4.6872,4.03025e+06,2.75803e+06,1.02618e+07,0,305589,0,0,62.338,61.3098,8.83979,0,1,1.15928,1.15928,0,0.909164,1.90512,8.37568e+06,3.68648e+06,9.70977e+06,0,287338,0,0
85.1408,85.1408,7.27327,0,0,2.54663,2.54663,0,0.477159,4.6872,4.03025e+06,2.75803e+06,1.02636e+07,0,305640,0,0,62.338,61.3098,8.47796,0,1,1.15948,1.15948,0,0.895661,1.90512,8.37568e+06,3.68648e+06,9.71139e+06,0,287386,0,0
85.1408,85.1408,5.57661,0,0,2.54706,2.54706,0,0.477239,4.6872,4.03025e+06,2.75803e+06,1.02653e+07,0,305691,0,0,62.338,61.3098,5.77359,0,1,1.15967,1.15967,0,0.895811,1.90512,8.37568e+06,3.68648e+06,9.71302e+06,0,287435,0,0
85.1408,85.1408,5.11562,0,0,2.54748,2.54748,0,0.477319,4.6872,4.03025e+06,2.75803e+06,1.0267e+07,0,305743,0,0,62.338,61.3098,4.3652,0,1,1.15986,1.15986,0,0.895961,1.90512,8.37568e+06,3.68648e+06,9.71464e+06,0,287483,0,0
85.1408,85.1408,4.78668,0,0,2.66878,2.66878,0,0.477399,4.6872,4.03025e+06,2.75803e+06,1.07558e+07,0,320300,0,0,62.338,61.3098,4.2012,0,1,1.22278,1.22278,0,0.896111,1.90512,8.37568e+06,3.68648e+06,1.02416e+07,0,303076,0,0
85.1408,85.1408,4.45062,0,0,2.66922,2.66922,0,0.500129,4.6872,4.03025e+06,2.75803e+06,1.07576e+07,0,320353,0,0,62.338,61.3098,4.40927,0,1,1.22298,1.22298,0,0.944717,1.90512,8.37568e+06,3.68648e+06,1.02433e+07,0,303127,0,0
85.1408,85.1408,4.23057,0,0,2.66967,2.66967,0,0.500212,4.6872,4.03025e+06,2.75803e+06,1.07594e+07,0,320407,0,0,62.338,61.3098,4.34538,0,1,1.22319,1.22319,0,0.944875,1.90512,8.37568e+06,3.68648e+06,1.0245e+07,0,303178,0,0
85.1408,85.1408,3.80333,0,0,2.67012,2.67012,0,0.500296,4.6872,4.03025e+06,2.75803e+06,1.07612e+07,0,320461,0,0,62.338,61.3098,3.41679,0,1,1.22339,1.22339,0,0.945034,1.90512,8.37568e+06,3.68648e+06,1.02467e+07,0,303228,0,0
85.1408,85.1408,3.69194,0,0,2.67056,2.67056,0,0.50038,4.6872,4.03025e+06,2.75803e+06,1.0763e+07,0,320514,0,0,62.338,61.3098,4.59698,0,1,1.2236,1.2236,0,0.945192,1.90512,8.37568e+06,3.68648e+06,1.02484e+07,0,303279,0,0
85.1408,85.1408,3.12903,0,0,2.64709,2.64709,0,0.500464,4.6872,4.03025e+06,2.75803e+06,1.06684e+07,0,317697,0,0,62.338,61.3098,3.03104,0,1,1.2583,1.2583,0,0.94535,1.90512,8.37568e+06,3.68648e+06,1.05391e+07,0,311881,0,0
84.9251,85.1408,2.69222,0,0,2.64753,2.64753,0,0.496064,4.6872,4.03025e+06,2.75803e+06,1.06702e+07,0,317750,0,0,62.338,61.3098,2.41616,0,1,1.25851,1.25851,0,0.972163,1.90512,8.37568e+06,3.68648e+06,1.05409e+07,0,311933,0,0
84.6412,85.1408,2.6118,0,0,2.64797,2.64797,0,0.496147,4.6872,4.03025e+06,2.75803e+06,1.0672e+07,0,317803,0,0,62.338,61.3098,2.36932,0,1,1.25872,1.25872,0,0.972326,1.90512,8.37568e+06,3.68648e+06,1.05426e+07,0,311986,0,0
84.1727,85.1408,2.38876,0,0,2.64842,2.64842,0,0.49623,4.6872,4.03025e+06,2.75803e+06,1.06738e+07,0,317856,0,0,62.338,61.3098,2.22012,0,1,1.25893,1.25893,0,0.972489,1.90512,8.37568e+06,3.68648e+06,1.05444e+07,0,312038,0,0
83.4435,85.1408,2.16024,0,0,2.71068,2.71068,0,0.496313,4.6872,4.03025e+06,2.75803e+06,1.09247e+07,0,325329,0,0,62.338,61.3098,2.21614,0,1,1.28991,1.28991,0,0.972651,1.90512,8.37568e+06,3.68648e+06,1.08039e+07,0,319716,0,0
82.8789,85.1408,2.30841,0,0,2.71113,2.71113,0,0.507981,4.6872,4.03025e+06,2.75803e+06,1.09265e+07,0,325383,0,0,62.338,61.3098,2.33144,0,1,1.29013,1.29013,0,0.996586,1.90512,8.37568e+06,3.68648e+06,1.08057e+07,0,319770,0,0
82.2641,85.1408,2.25513,0,0,2.71159,2.71159,0,0.508067,4.6872,4.03025e+06,2.75803e+06,1.09284e+07,0,325438,0,0,62.338,61.3098,2.40387,0,1,1.29034,1.29034,0,0.996752,1.90512,8.37568e+06,3.68648e+06,1.08075e+07,0,319823,0,0
81.5168,85.1408,2.10545,0,0,2.71204,2.71204,0,0.508152,4.6872,4.03025e+06,2.75803e+06,1.09302e+07,0,325492,0,0,62.338,61.3098,2.2773,0,1,1.29056,1.29056,0,0.996919,1.90512,8.37568e+06,3.68648e+06,1.08093e+07,0,319877,0,0
80.4591,85.1408,1.93239,0,0,2.89365,2.89365,0,0.508237,4.6872,4.03025e+06,2.75803e+06,1.16621e+07,0,347289,0,0,62.3323,61.3098,2.13926,0,1,1.40191,1.40191,0,0.997086,1.90512,8.37568e+06,3.68648e+06,1.17419e+07,0,347475,0,0
79.2123,85.1408,1.70415,0,0,2.89414,2.89414,0,0.542271,4.6872,4.03025e+06,2.75803e+06,1.16641e+07,0,347347,0,0,62.1818,61.3098,2.27117,0,1,1.40214,1.40214,0,1.08311,1.90512,8.37568e+06,3.68648e+06,1.17439e+07,0,347533,0,0
77.3578,85.1408,1.06464,0,0,2.89462,2.89462,0,0.542361,4.6872,4.03025e+06,2.75803e+06,1.1666e+07,0,347405,0,0,61.9174,61.3098,1.62306,0,1,1.40238,1.40238,0,1.08329,1.90512,8.37568e+06,3.68648e+06,1.17458e+07,0,347591,0,0
75.6356,85.1408,1.18466,0,0,2.89511,2.89511,0,0.542452,4.6872,4.03025e+06,2.75803e+06,1.1668e+07,0,347463,0,0,61.7696,61.3098,1.66721,0,1,1.40261,1.40261,0,1.08348,1.90512,8.37568e+06,3.68648e+06,1.17478e+07,0,347650,0,0
74.5797,85.1408,1.89972,0,0,2.89559,2.89559,0,0.542543,4.6872,4.03025e+06,2.75803e+06,1.167e+07,0,347522,0,0,61.7493,61.3098,2.03305,0,1,1.40285,1.40285,0,1.08366,1.90512,8.37568e+06,3.68648e+06,1.17498e+07,0,347708,0,0
74.1344,85.1408,2.42535,0,0,2.80771,2.80771,0,0.542634,4.6872,4.03025e+06,2.75803e+06,1.13158e+07,0,336975,0,0,62.338,61.3098,3.76483,0,1,1.33557,1.33557,0,1.08384,1.90512,8.37568e+06,3.68648e+06,1.11863e+07,0,331034,0,0
73.0305,85.1408,1.72379,0,0,2.80818,2.80818,0,0.526166,4.6872,4.03025e+06,2.75803e+06,1.13177e+07,0,337031,0,0,62.338,61.3098,2.71025,0,1,1.3358,1.3358,0,1.03186,1.90512,8.37568e+06,3.68648e+06,1.11882e+07,0,331089,0,0
71.6297,85.1408,1.41189,0,0,2.80866,2.80866,0,0.526254,4.6872,4.03025e+06,2.75803e+06,1.13196e+07,0,337088,0,0,62.338,61.3098,2.15983,0,1,1.33602,1.33602,0,1.03204,1.90512,8.37568e+06,3.68648e+06,1.11901e+07,0,331144,0,0
71.0343,85.1408,2.31342,0,0,2.80913,2.80913,0,0.526342,4.6872,4.03025e+06,2.75803e+06,1.13215e+07,0,337144,0,0,62.338,61.3098,2.95214,0,1,1.33624,1.33624,0,1.03221,1.90512,8.37568e+06,3.68648e+06,1.11919e+07,0,331200,0,0
73.1493,85.1408,5.19935,0,0,2.73702,2.73702,0,0.52643,4.6872,4.03025e+06,2.75803e+06,1.10309e+07,0,328490,0,0,62.338,61.3098,4.36032,0,1,1.27498,1.27498,0,1.03238,1.90512,8.37568e+06,3.68648e+06,1.06788e+07,0,316014,0,0
72.5704,85.1408,2.39951,0,0,2.73748,2.73748,0,0.512917,4.6872,4.03025e+06,2.75803e+06,1.10327e+07,0,328545,0,0,62.338,61.3098,3.06666,0,1,1.27519,1.27519,0,0.985047,1.90512,8.37568e+06,3.68648e+06,1.06806e+07,0,316067,0,0
71.9397,85.1408,2.36083,0,0,2.73793,2.73793,0,0.513003,4.6872,4.03025e+06,2.75803e+06,1.10346e+07,0,328600,0,0,62.338,61.3098,4.91073,0,1,1.2754,1.2754,0,0.985212,1.90512,8.37568e+06,3.68648e+06,1.06824e+07,0,316120,0,0
70.9423,85.1408,1.97962,0,0,2.73839,2.73839,0,0.513089,4.6872,4.03025e+06,2.75803e+06,1.10364e+07,0,328655,0,0,62.338,61.3098,3.99052,0,1,1.27562,1.27562,0,0.985377,1.90512,8.37568e+06,3.68648e+06,1.06842e+07,0,316173,0,0
71.8328,85.1408,3.86011,0,0,2.53259,2.53259,0,0.513175,4.6872,4.03025e+06,2.75803e+06,1.02069e+07,0,303955,0,0,62.338,61.3098,6.48846,0,1,1.14768,1.14768,0,0.985542,1.90512,8.37568e+06,3.68648e+06,9.61258e+06,0,284462,0,0
72.3672,85.1408,3.45991,0,0,2.53301,2.53301,0,0.474606,4.6872,4.03025e+06,2.75803e+06,1.02087e+07,0,304005,0,0,62.338,61.3098,3.52223,0,1,1.14787,1.14787,0,0.886696,1.90512,8.37568e+06,3.68648e+06,9.61419e+06,0,284510,0,0
72.5437,85.1408,3.08972,0,0,2.53343,2.53343,0,0.474686,4.6872,4.03025e+06,2.75803e+06,1.02104e+07,0,304056,0,0,62.338,61.3098,3.84167,0,1,1.14806,1.14806,0,0.886845,1.90512,8.37568e+06,3.68648e+06,9.6158e+06,0,284558,0,0
72.8516,85.1408,3.25739,0,0,2.53386,2.53386,0,0.474766,4.6872,4.03025e+06,2.75803e+06,1.02121e+07,0,304107,0,0,62.338,61.3098,5.87533,0,1,1.14826,1.14826,0,0.886994,1.90512,8.37568e+06,3.68648e+06,9.61742e+06,0,284605,0,0
73.114,85.1408,3.24706,0,0,2.53428,2.53428,0,0.474845,4.6872,4.03025e+06,2.75803e+06,1.02138e+07,0,304158,0,0,62.338,61.3098,5.03365,0,1,1.14845,1.14845,0,0.887142,1.90512,8.37568e+06,3.68648e+06,9.61903e+06,0,284653,0,0
77.637,85.1408,7.64021,0,0,2.53428,2.53428,0,0.474925,4.6872,4.03025e+06,2.75803e+06,1.02138e+07,0,304158,0,0,62.338,61.3098,8.73259,0,1,1.14845,1.14845,0,0.887291,1.90512,8.37568e+06,3.68648e+06,9.61903e+06,0,284653,0,0
83.2431,85.1408,8.74645,0,0,2.61411,2.61411,0,0.474925,4.6872,4.03025e+06,2.75803e+06,1.05355e+07,0,313739,0,0,62.338,61.3098,5.27072,0,1,1.18578,1.18578,0,0.887291,1.90512,8.37568e+06,3.68648e+06,9.93169e+06,0,293906,0,0
85.1408,85.1408,7.71842,0,0,2.61453,2.61453,0,0.489884,4.6872,4.03025e+06,2.75803e+06,1.05372e+07,0,313789,0,0,62.338,61.3098,4.49614,0,1,1.18597,1.18597,0,0.916132,1.90512,8.37568e+06,3.68648e+06,9.93329e+06,0,293953,0,0
85.1408,85.1408,11.8367,0,0,2.61495,2.61495,0,0.489963,4.6872,4.03025e+06,2.75803e+06,1.05389e+07,0,313840,0,0,62.338,61.3098,9.4045,0,1,1.18616,1.18616,0,0.91628,1.90512,8.37568e+06,3.68648e+06,9.93489e+06,0,294000,0,0
85.1408,85.1408,10.9557,0,0,2.61537,2.61537,0,0.490042,4.6872,4.03025e+06,2.75803e+06,1.05406e+07,0,313890,0,0,62.338,61.3098,10.2295,0,1,1.18635,1.18635,0,0.916427,1.90512,8.37568e+06,3.68648e+06,9.9365e+06,0,294048,0,0
85.1408,85.1408,7.10185,0,0,2.87093,2.87093,0,0.490121,4.6872,4.03025e+06,2.75803e+06,1.15706e+07,0,344562,0,0,62.338,61.3098,5.71449,0,1,1.32606,1.32606,0,0.916575,1.90512,8.37568e+06,3.68648e+06,1.11066e+07,0,328675,0,0
85.1408,85.1408,7.43527,0,0,2.8714,2.8714,0,0.538013,4.6872,4.03025e+06,2.75803e+06,1.15724e+07,0,344618,0,0,62.338,61.3098,5.34251,0,1,1.32627,1.32627,0,1.02451,1.90512,8.37568e+06,3.68648e+06,1.11084e+07,0,328728,0,0
85.1408,85.1408,9.16009,0,0,2.87186,2.87186,0,0.5381,4.6872,4.03025e+06,2.75803e+06,1.15743e+07,0,344673,0,0,62.338,61.3098,5.90928,0,1,1.32648,1.32648,0,1.02468,1.90512,8.37568e+06,3.68648e+06,1.11102e+07,0,328781,0,0
85.1408,85.1408,8.42552,0,0,2.87232,2.87232,0,0.538186,4.6872,4.03025e+06,2.75803e+06,1.15762e+07,0,344729,0,0,62.338,61.3098,7.27633,0,1,1.3267,1.3267,0,1.02484,1.90512,8.37568e+06,3.68648e+06,1.1112e+07,0,328834,0,0
85.1408,85.1408,5.35794,0,0,2.50864,2.50864,0,0.538273,4.6872,4.03025e+06,2.75803e+06,1.01104e+07,0,301081,0,0,62.338,61.3098,4.72879,0,1,1.13956,1.13956,0,1.02501,1.90512,8.37568e+06,3.68648e+06,9.54461e+06,0,282451,0,0
85.1408,85.1408,5.42473,0,0,2.50905,2.50905,0,0.470119,4.6872,4.03025e+06,2.75803e+06,1.01121e+07,0,301129,0,0,62.338,61.3098,5.66966,0,1,1.13975,1.13975,0,0.880426,1.90512,8.37568e+06,3.68648e+06,9.54615e+06,0,282496,0,0
85.1408,85.1408,3.83704,0,0,2.50945,2.50945,0,0.470195,4.6872,4.03025e+06,2.75803e+06,1.01137e+07,0,301178,0,0,62.338,61.3098,3.4014,0,1,1.13993,1.13993,0,0.880568,1.90512,8.37568e+06,3.68648e+06,9.54769e+06,0,282542,0,0
85.1408,85.1408,4.4903,0,0,2.50986,2.50986,0,0.470271,4.6872,4.03025e+06,2.75803e+06,1.01153e+07,0,301227,0,0,62.338,61.3098,4.65048,0,1,1.14011,1.14011,0,0.88071,1.90512,8.37568e+06,3.68648e+06,9.54923e+06,0,282588,0,0
85.1408,85.1408,6.38029,0,0,2.51026,2.51026,0,0.470347,4.6872,4.03025e+06,2.75803e+06,1.0117e+07,0,301275,0,0,62.338,61.3098,4.87808,0,1,1.1403,1.1403,0,0.880852,1.90512,8.37568e+06,3.68648e+06,9.55077e+06,0,282633,0,0
85.1408,85.1408,8.11397,0,0,2.6024,2.6024,0,0.470423,4.6872,4.03025e+06,2.75803e+06,1.04883e+07,0,312334,0,0,62.338,61.3098,3.85944,0,1,1.18635,1.18635,0,0.880995,1.90512,8.37568e+06,3.68648e+06,9.9365e+06,0,294048,0,0
85.1408,85.1408,6.49147,0,0,2.60282,2.60282,0,0.48769,4.6872,4.03025e+06,2.75803e+06,1.049e+07,0,312384,0,0,62.338,61.3098,4.02975,0,1,1.18654,1.18654,0,0.916575,1.90512,8.37568e+06,3.68648e+06,9.9381e+06,0,294095,0,0
85.1408,85.1408,5.01907,0,0,2.60324,2.60324,0,0.487769,4.6872,4.03025e+06,2.75803e+06,1.04917e+07,0,312434,0,0,62.338,61.3098,4.21059,0,1,1.18673,1.18673,0,0.916723,1.90512,8.37568e+06,3.68648e+06,9.9397e+06,0,294143,0,0
85.1408,85.1408,4.64673,0,0,2.60366,2.60366,0,0.487847,4.6872,4.03025e+06,2.75803e+06,1.04934e+07,0,312485,0,0,62.338,61.3098,4.23894,0,1,1.18693,1.18693,0,0.916871,1.90512,8.37568e+06,3.68648e+06,9.94131e+06,0,294190,0,0
85.1408,85.1408,5.20193,0,0,2.56819,2.56819,0,0.487926,4.6872,4.03025e+06,2.75803e+06,1.03504e+07,0,308228,0,0,62.338,61.3098,3.33714,0,1,1.16929,1.16929,0,0.917019,1.90512,8.37568e+06,3.68648e+06,9.7936e+06,0,289819,0,0
85.1408,85.1408,4.69833,0,0,2.5686,2.5686,0,0.481279,4.6872,4.03025e+06,2.75803e+06,1.03521e+07,0,308277,0,0,62.338,61.3098,3.23846,0,1,1.16948,1.16948,0,0.903394,1.90512,8.37568e+06,3.68648e+06,9.79518e+06,0,289866,0,0
85.1408,85.1408,5.2935,0,0,2.56902,2.56902,0,0.481356,4.6872,4.03025e+06,2.75803e+06,1.03538e+07,0,308327,0,0,62.338,61.3098,2.90284,0,1,1.16967,1.16967,0,0.90354,1.90512,8.37568e+06,3.68648e+06,9.79676e+06,0,289913,0,0
85.1408,85.1408,4.48554,0,0,2.56943,2.56943,0,0.481434,4.6872,4.03025e+06,2.75803e+06,1.03555e+07,0,308377,0,0,62.338,61.3098,2.94614,0,1,1.16986,1.16986,0,0.903686,1.90512,8.37568e+06,3.68648e+06,9.79834e+06,0,289960,0,0
85.1408,85.1408,4.33753,0,0,2.69175,2.69175,0,0.481512,4.6872,4.03025e+06,2.75803e+06,1.08484e+07,0,323058,0,0,62.338,61.3098,2.97557,0,1,1.2333,1.2333,0,0.903832,1.90512,8.37568e+06,3.68648e+06,1.03298e+07,0,305686,0,0
85.1408,85.1408,4.5129,0,0,2.69219,2.69219,0,0.504435,4.6872,4.03025e+06,2.75803e+06,1.08502e+07,0,323110,0,0,62.338,61.3098,2.9047,0,1,1.2335,1.2335,0,0.952851,1.90512,8.37568e+06,3.68648e+06,1.03314e+07,0,305735,0,0
85.1408,85.1408,4.00931,0,0,2.69262,2.69262,0,0.504516,4.6872,4.03025e+06,2.75803e+06,1.08519e+07,0,323162,0,0,62.338,61.3098,2.43173,0,1,1.2337,1.2337,0,0.953005,1.90512,8.37568e+06,3.68648e+06,1.03331e+07,0,305784,0,0
85.1408,85.1408,3.85349,0,0,2.69306,2.69306,0,0.504597,4.6872,4.03025e+06,2.75803e+06,1.08537e+07,0,323214,0,0,62.3149,61.3098,2.14348,0,1,1.2339,1.2339,0,0.953159,1.90512,8.37568e+06,3.68648e+06,1.03348e+07,0,305834,0,0
85.1408,85.1408,3.37923,0,0,2.69349,2.69349,0,0.504679,4.6872,4.03025e+06,2.75803e+06,1.08554e+07,0,323266,0,0,62.1671,61.3098,1.95418,0,1,1.2341,1.2341,0,0.953313,1.90512,8.37568e+06,3.68648e+06,1.03364e+07,0,305883,0,0
84.814,85.1408,2.50539,0,0,2.6698,2.6698,0,0.50476,4.6872,4.03025e+06,2.75803e+06,1.076e+07,0,320423,0,0,62.0744,61.3098,1.76708,0,1,1.2691,1.2691,0,0.953467,1.90512,8.37568e+06,3.68648e+06,1.06295e+07,0,314557,0,0
84.2212,85.1408,2.27635,0,0,2.67023,2.67023,0,0.50032,4.6872,4.03025e+06,2.75803e+06,1.07617e+07,0,320474,0,0,61.8452,61.3098,1.65026,0,1,1.2693,1.2693,0,0.980504,1.90512,8.37568e+06,3.68648e+06,1.06313e+07,0,314608,0,0
83.4403,85.1408,2.07064,0,0,2.67066,2.67066,0,0.500401,4.6872,4.03025e+06,2.75803e+06,1.07634e+07,0,320526,0,0,61.5348,61.3098,1.56004,0,1,1.26951,1.26951,0,0.980662,1.90512,8.37568e+06,3.68648e+06,1.0633e+07,0,314659,0,0
82.5237,85.1408,1.92386,0,0,2.67109,2.67109,0,0.500482,4.6872,4.03025e+06,2.75803e+06,1.07652e+07,0,320578,0,0,61.2139,61.3098,1.46877,0,1,1.26971,1.26971,0,0.98082,1.90512,8.37568e+06,3.68648e+06,1.06347e+07,0,314709,0,0
82.0342,85.1408,2.37257,0,0,2.73387,2.73387,0,0.500563,4.6872,4.03025e+06,2.75803e+06,1.10182e+07,0,328112,0,0,60.9548,61.3098,1.60135,0,1,1.30095,1.30095,0,0.980979,1.90512,8.37568e+06,3.68648e+06,1.08963e+07,0,322451,0,0
81.4951,85.1408,2.31524,0,0,2.73431,2.73431,0,0.512328,4.6872,4.03025e+06,2.75803e+06,1.102e+07,0,328165,0,0,60.6247,61.3098,1.60801,0,1,1.30116,1.30116,0,1.00511,1.90512,8.37568e+06,3.68648e+06,1.08981e+07,0,322504,0,0
80.7041,85.1408,2.05415,0,0,2.73475,2.73475,0,0.51241,4.6872,4.03025e+06,2.75803e+06,1.10217e+07,0,328218,0,0,60.2339,61.3098,1.46699,0,1,1.30137,1.30137,0,1.00527,1.90512,8.37568e+06,3.68648e+06,1.08998e+07,0,322556,0,0
79.7395,85.1408,1.86111,0,0,2.7352,2.7352,0,0.512493,4.6872,4.03025e+06,2.75803e+06,1.10235e+07,0,328271,0,0,59.8665,61.3098,1.43392,0,1,1.30158,1.30158,0,1.00544,1.90512,8.37568e+06,3.68648e+06,1.09016e+07,0,322608,0,0
78.4957,85.1408,1.72462,0,0,2.91834,2.91834,0,0.512576,4.6872,4.03025e+06,2.75803e+06,1.17616e+07,0,350252,0,0,59.4263,61.3098,1.46632,0,1,1.41387,1.41387,0,1.0056,1.90512,8.37568e+06,3.68648e+06,1.18421e+07,0,350439,0,0
77.3714,85.1408,1.83464,0,0,2.91881,2.91881,0,0.546897,4.6872,4.03025e+06,2.75803e+06,1.17635e+07,0,350308,0,0,58.9239,61.3098,1.47699,0,1,1.41409,1.41409,0,1.09235,1.90512,8.37568e+06,3.68648e+06,1.1844e+07,0,350496,0,0
76.2174,85.1408,1.78893,0,0,2.91928,2.91928,0,0.546985,4.6872,4.03025e+06,2.75803e+06,1.17654e+07,0,350365,0,0,58.5532,61.3098,1.38958,0,1,1.41432,1.41432,0,1.09253,1.90512,8.37568e+06,3.68648e+06,1.18459e+07,0,350553,0,0
75.8386,85.1408,2.56965,0,0,2.91975,2.91975,0,0.547073,4.6872,4.03025e+06,2.75803e+06,1.17673e+07,0,350421,0,0,58.3141,61.3098,1.6231,0,1,1.41455,1.41455,0,1.09271,1.90512,8.37568e+06,3.68648e+06,1.18478e+07,0,350609,0,0
76.2491,85.1408,3.44027,0,0,2.92023,2.92023,0,0.547162,4.6872,4.03025e+06,2.75803e+06,1.17692e+07,0,350478,0,0,58.3229,61.3098,1.83301,0,1,1.41478,1.41478,0,1.09288,1.90512,8.37568e+06,3.68648e+06,1.18497e+07,0,350666,0,0
75.7385,85.1408,2.36317,0,0,2.83158,2.83158,0,0.54725,4.6872,4.03025e+06,2.75803e+06,1.1412e+07,0,339839,0,0,58.4245,61.3098,2.84887,0,1,1.34693,1.34693,0,1.09306,1.90512,8.37568e+06,3.68648e+06,1.12814e+07,0,333848,0,0
74.8875,85.1408,2.01953,0,0,2.83204,2.83204,0,0.530639,4.6872,4.03025e+06,2.75803e+06,1.14138e+07,0,339894,0,0,58.1285,61.3098,1.51901,0,1,1.34714,1.34714,0,1.04064,1.90512,8.37568e+06,3.68648e+06,1.12832e+07,0,333902,0,0
74.3419,85.1408,2.35647,0,0,2.8325,2.8325,0,0.530724,4.6872,4.03025e+06,2.75803e+06,1.14157e+07,0,339949,0,0,58.0722,61.3098,1.55273,0,1,1.34736,1.34736,0,1.0408,1.90512,8.37568e+06,3.68648e+06,1.12851e+07,0,333956,0,0
77.8015,85.1408,6.67873,0.01,0,2.83296,2.83296,0,0.53081,4.6872,4.03025e+06,2.75803e+06,1.14175e+07,0,340004,0,0,58.7819,61.3098,2.94897,0,1,1.34758,1.34758,0,1.04097,1.90512,8.37568e+06,3.68648e+06,1.12869e+07,0,334009,0,0
77.7117,85.1408,2.87757,0,0,2.76022,2.76022,0,0.530896,4.6872,4.03025e+06,2.75803e+06,1.11244e+07,0,331275,0,0,58.5409,61.3098,1.82729,0,1,1.28578,1.28578,0,1.04114,1.90512,8.37568e+06,3.68648e+06,1.07693e+07,0,318693,0,0
76.8426,85.1408,2.14691,0,0,2.76066,2.76066,0,0.517265,4.6872,4.03025e+06,2.75803e+06,1.11262e+07,0,331328,0,0,58.1716,61.3098,1.22282,0,1,1.28599,1.28599,0,0.993397,1.90512,8.37568e+06,3.68648e+06,1.07711e+07,0,318745,0,0
75.6775,85.1408,1.82007,0,0,2.76111,2.76111,0,0.517349,4.6872,4.03025e+06,2.75803e+06,1.1128e+07,0,331382,0,0,58.132,61.3098,1.46009,0,1,1.2862,1.2862,0,0.993558,1.90512,8.37568e+06,3.68648e+06,1.07728e+07,0,318796,0,0
78.0791,85.1408,5.64811,0,0,2.76156,2.76156,0,0.517432,4.6872,4.03025e+06,2.75803e+06,1.11298e+07,0,331435,0,0,59.0221,61.3098,4.67037,0,1,1.28641,1.28641,0,0.993718,1.90512,8.37568e+06,3.68648e+06,1.07745e+07,0,318848,0,0
79.2384,85.1408,4.20958,0,0,2.55399,2.55399,0,0.517516,4.6872,4.03025e+06,2.75803e+06,1.02932e+07,0,306524,0,0,59.9574,61.3098,3.11499,0,1,1.15738,1.15738,0,0.993879,1.90512,8.37568e+06,3.68648e+06,9.69383e+06,0,286867,0,0
79.17,85.1408,2.93823,0,0,2.55441,2.55441,0,0.478618,4.6872,4.03025e+06,2.75803e+06,1.02949e+07,0,306573,0,0,60.5905,61.3098,2.54662,0,1,1.15757,1.15757,0,0.894191,1.90512,8.37568e+06,3.68648e+06,9.6954e+06,0,286913,0,0
78.7116,85.1408,2.52702,0,0,2.55482,2.55482,0,0.478696,4.6872,4.03025e+06,2.75803e+06,1.02966e+07,0,306623,0,0,61.2104,61.3098,2.47752,0,1,1.15775,1.15775,0,0.894336,1.90512,8.37568e+06,3.68648e+06,9.69697e+06,0,286960,0,0
79.4139,85.1408,3.67076,0,0,2.55523,2.55523,0,0.478773,4.6872,4.03025e+06,2.75803e+06,1.02982e+07,0,306672,0,0,61.773,61.3098,2.62255,0,1,1.15794,1.15794,0,0.89448,1.90512,8.37568e+06,3.68648e+06,9.69853e+06,0,287006,0,0
80.6344,85.1408,4.38576,0,0,2.55564,2.55564,0,0.47885,4.6872,4.03025e+06,2.75803e+06,1.02999e+07,0,306722,0,0,62.338,61.3098,3.26836,0,1,1.15813,1.15813,0,0.894625,1.90512,8.37568e+06,3.68648e+06,9.7001e+06,0,287052,0,0
84.8675,85.1408,7.66578,0,0,2.63613,2.63613,0,0.478928,4.6872,4.03025e+06,2.75803e+06,1.06242e+07,0,316381,0,0,62.338,61.3098,4.12712,0,1,1.19577,1.19577,0,0.894769,1.90512,8.37568e+06,3.68648e+06,1.00153e+07,0,296381,0,0
85.1408,85.1408,5.33109,0,0,2.63653,2.63653,0,0.49401,4.6872,4.03025e+06,2.75803e+06,1.06259e+07,0,316430,0,0,62.338,61.3098,3.41995,0,1,1.19595,1.19595,0,0.923848,1.90512,8.37568e+06,3.68648e+06,1.00169e+07,0,296427,0,0
85.1408,85.1408,5.78442,0,0,2.63694,2.63694,0,0.494087,4.6872,4.03025e+06,2.75803e+06,1.06275e+07,0,316479,0,0,62.338,61.3098,4.03323,0,1,1.19614,1.19614,0,0.923991,1.90512,8.37568e+06,3.68648e+06,1.00184e+07,0,296473,0,0
85.1408,85.1408,7.8657,0,0,2.63735,2.63735,0,0.494163,4.6872,4.03025e+06,2.75803e+06,1.06292e+07,0,316528,0,0,62.338,61.3098,4.3001,0,1,1.19632,1.19632,0,0.924135,1.90512,8.37568e+06,3.68648e+06,1.002e+07,0,296519,0,0
85.1408,85.1408,6.7774,0,0,2.89504,2.89504,0,0.49424,4.6872,4.03025e+06,2.75803e+06,1.16677e+07,0,347456,0,0,62.338,61.3098,3.54316,0,1,1.33719,1.33719,0,0.924278,1.90512,8.37568e+06,3.68648e+06,1.11999e+07,0,331435,0,0
85.1408,85.1408,4.60772,0,0,2.89549,2.89549,0,0.542531,4.6872,4.03025e+06,2.75803e+06,1.16696e+07,0,347510,0,0,62.338,61.3098,4.26467,0,1,1.3374,1.3374,0,1.03311,1.90512,8.37568e+06,3.68648e+06,1.12016e+07,0,331486,0,0
85.1408,85.1408,6.25415,0,0,2.89594,2.89594,0,0.542615,4.6872,4.03025e+06,2.75803e+06,1.16714e+07,0,347564,0,0,62.338,61.3098,4.51141,0,1,1.33761,1.33761,0,1.03327,1.90512,8.37568e+06,3.68648e+06,1.12034e+07,0,331538,0,0
85.1408,85.1408,5.65896,0,0,2.89639,2.89639,0,0.5427,4.6872,4.03025e+06,2.75803e+06,1.16732e+07,0,347618,0,0,62.338,61.3098,5.47754,0,1,1.33781,1.33781,0,1.03343,1.90512,8.37568e+06,3.68648e+06,1.12051e+07,0,331589,0,0
85.1408,85.1408,9.10561,0,0,2.52965,2.52965,0,0.542784,4.6872,4.03025e+06,2.75803e+06,1.01951e+07,0,303602,0,0,62.338,61.3098,4.43578,0,1,1.14911,1.14911,0,1.0336,1.90512,8.37568e+06,3.68648e+06,9.62453e+06,0,284816,0,0
85.1408,85.1408,5.03866,0,0,2.53004,2.53004,0,0.474056,4.6872,4.03025e+06,2.75803e+06,1.01967e+07,0,303649,0,0,62.338,61.3098,4.14577,0,1,1.14928,1.14928,0,0.887799,1.90512,8.37568e+06,3.68648e+06,9.62603e+06,0,284860,0,0
85.1408,85.1408,3.53004,0,0,2.53043,2.53043,0,0.47413,4.6872,4.03025e+06,2.75803e+06,1.01983e+07,0,303696,0,0,62.338,61.3098,3.83541,0,1,1.14946,1.14946,0,0.887937,1.90512,8.37568e+06,3.68648e+06,9.62752e+06,0,284905,0,0
85.1408,85.1408,4.75104,0,0,2.53083,2.53083,0,0.474203,4.6872,4.03025e+06,2.75803e+06,1.01999e+07,0,303744,0,0,62.338,61.3098,3.6603,0,1,1.14964,1.14964,0,0.888075,1.90512,8.37568e+06,3.68648e+06,9.62902e+06,0,284949,0,0
85.1408,85.1408,4.1038,0,0,2.53122,2.53122,0,0.474277,4.6872,4.03025e+06,2.75803e+06,1.02014e+07,0,303791,0,0,62.338,61.3098,4.27951,0,1,1.14982,1.14982,0,0.888212,1.90512,8.37568e+06,3.68648e+06,9.63051e+06,0,284993,0,0
85.1408,85.1408,4.78606,0,0,2.62411,2.62411,0,0.474351,4.6872,4.03025e+06,2.75803e+06,1.05758e+07,0,314939,0,0,62.338,61.3098,4.51921,0,1,1.19625,1.19625,0,0.88835,1.90512,8.37568e+06,3.68648e+06,1.00194e+07,0,296501,0,0
85.1408,85.1408,3.27521,0,0,2.62452,2.62452,0,0.491759,4.6872,4.03025e+06,2.75803e+06,1.05775e+07,0,314988,0,0,62.338,61.3098,3.60225,0,1,1.19644,1.19644,0,0.924223,1.90512,8.37568e+06,3.68648e+06,1.0021e+07,0,296547,0,0
85.1408,85.1408,3.43148,0,0,2.62493,2.62493,0,0.491835,4.6872,4.03025e+06,2.75803e+06,1.05791e+07,0,315037,0,0,62.338,61.3098,3.58281,0,1,1.19662,1.19662,0,0.924366,1.90512,8.37568e+06,3.68648e+06,1.00225e+07,0,296593,0,0
84.9314,85.1408,2.9147,0,0,2.62534,2.62534,0,0.491912,4.6872,4.03025e+06,2.75803e+06,1.05808e+07,0,315086,0,0,62.338,61.3098,3.18074,0,1,1.19681,1.19681,0,0.92451,1.90512,8.37568e+06,3.68648e+06,1.00241e+07,0,296639,0,0
85.1408,85.1408,3.33597,0,0,2.58955,2.58955,0,0.491988,4.6872,4.03025e+06,2.75803e+06,1.04365e+07,0,310792,0,0,62.338,61.3098,3.59835,0,1,1.17902,1.17902,0,0.924653,1.90512,8.37568e+06,3.68648e+06,9.87507e+06,0,292230,0,0
84.9318,85.1408,2.82681,0,0,2.58996,2.58996,0,0.485282,4.6872,4.03025e+06,2.75803e+06,1.04382e+07,0,310840,0,0,62.338,61.3098,3.16118,0,1,1.1792,1.1792,0,0.910909,1.90512,8.37568e+06,3.68648e+06,9.87661e+06,0,292276,0,0
84.5721,85.1408,2.57413,0,0,2.59036,2.59036,0,0.485358,4.6872,4.03025e+06,2.75803e+06,1.04398e+07,0,310888,0,0,62.338,61.3098,2.82251,0,1,1.17938,1.17938,0,0.911051,1.90512,8.37568e+06,3.68648e+06,9.87814e+06,0,292321,0,0
84.1676,85.1408,2.50848,0,0,2.59076,2.59076,0,0.485433,4.6872,4.03025e+06,2.75803e+06,1.04414e+07,0,310937,0,0,62.338,61.3098,3.07886,0,1,1.17957,1.17957,0,0.911192,1.90512,8.37568e+06,3.68648e+06,9.87968e+06,0,292366,0,0
83.5108,85.1408,2.33487,0,0,2.71408,2.71408,0,0.485509,4.6872,4.03025e+06,2.75803e+06,1.09384e+07,0,325737,0,0,62.338,61.3098,2.75612,0,1,1.24353,1.24353,0,0.911334,1.90512,8.37568e+06,3.68648e+06,1.04154e+07,0,308221,0,0
82.8236,85.1408,2.28842,0,0,2.7145,2.7145,0,0.508619,4.6872,4.03025e+06,2.75803e+06,1.09401e+07,0,325788,0,0,62.338,61.3098,2.64417,0,1,1.24373,1.24373,0,0.960755,1.90512,8.37568e+06,3.68648e+06,1.04171e+07,0,308269,0,0
82.0308,85.1408,2.16661,0,0,2.71492,2.71492,0,0.508698,4.6872,4.03025e+06,2.75803e+06,1.09418e+07,0,325838,0,0,62.338,61.3098,2.37327,0,1,1.24392,1.24392,0,0.960904,1.90512,8.37568e+06,3.68648e+06,1.04187e+07,0,308317,0,0
81.0866,85.1408,1.96116,0,0,2.71535,2.71535,0,0.508777,4.6872,4.03025e+06,2.75803e+06,1.09435e+07,0,325889,0,0,62.338,61.3098,2.28747,0,1,1.24411,1.24411,0,0.961053,1.90512,8.37568e+06,3.68648e+06,1.04203e+07,0,308365,0,0
80.1142,85.1408,1.9081,0,0,2.71577,2.71577,0,0.508856,4.6872,4.03025e+06,2.75803e+06,1.09452e+07,0,325940,0,0,62.338,61.3098,2.20059,0,1,1.24431,1.24431,0,0.961203,1.90512,8.37568e+06,3.68648e+06,1.04219e+07,0,308413,0,0
79.4216,85.1408,2.14221,0,0,2.69186,2.69186,0,0.508935,4.6872,4.03025e+06,2.75803e+06,1.08489e+07,0,323071,0,0,62.338,61.3098,2.43954,0,1,1.27958,1.27958,0,0.961352,1.90512,8.37568e+06,3.68648e+06,1.07174e+07,0,317156,0,0
78.6033,85.1408,2.01251,0,0,2.69228,2.69228,0,0.504455,4.6872,4.03025e+06,2.75803e+06,1.08506e+07,0,323121,0,0,62.338,61.3098,2.30079,0,1,1.27978,1.27978,0,0.988607,1.90512,8.37568e+06,3.68648e+06,1.0719e+07,0,317206,0,0
77.6172,85.1408,1.83769,0,0,2.6927,2.6927,0,0.504533,4.6872,4.03025e+06,2.75803e+06,1.08522e+07,0,323171,0,0,62.338,61.3098,2.26229,0,1,1.27998,1.27998,0,0.98876,1.90512,8.37568e+06,3.68648e+06,1.07207e+07,0,317255,0,0
76.4769,85.1408,1.66627,0,0,2.69312,2.69312,0,0.504612,4.6872,4.03025e+06,2.75803e+06,1.08539e+07,0,323221,0,0,62.338,61.3098,2.04346,0,1,1.28018,1.28018,0,0.988914,1.90512,8.37568e+06,3.68648e+06,1.07224e+07,0,317304,0,0
75.4244,85.1408,1.76546,0,0,2.7564,2.7564,0,0.50469,4.6872,4.03025e+06,2.75803e+06,1.1109e+07,0,330816,0,0,62.338,61.3098,2.1574,0,1,1.31167,1.31167,0,0.989068,1.90512,8.37568e+06,3.68648e+06,1.09861e+07,0,325108,0,0
74.4191,85.1408,1.83275,0,0,2.75683,2.75683,0,0.516549,4.6872,4.03025e+06,2.75803e+06,1.11107e+07,0,330867,0,0,62.338,61.3098,2.20382,0,1,1.31187,1.31187,0,1.01339,1.90512,8.37568e+06,3.68648e+06,1.09878e+07,0,325159,0,0
73.311,85.1408,1.70107,0,0,2.75725,2.75725,0,0.516629,4.6872,4.03025e+06,2.75803e+06,1.11124e+07,0,330919,0,0,62.2917,61.3098,2.12451,0,1,1.31207,1.31207,0,1.01355,1.90512,8.37568e+06,3.68648e+06,1.09895e+07,0,325209,0,0
72.0662,85.1408,1.54885,0,0,2.75768,2.75768,0,0.516709,4.6872,4.03025e+06,2.75803e+06,1.11141e+07,0,330970,0,0,62.338,61.3098,1.86935,0,1,1.31228,1.31228,0,1.01371,1.90512,8.37568e+06,3.68648e+06,1.09912e+07,0,325260,0,0
70.886,85.1408,1.75194,0,0,2.94231,2.94231,0,0.51679,4.6872,4.03025e+06,2.75803e+06,1.18583e+07,0,353129,0,0,62.338,61.3098,2.55476,0,1,1.42548,1.42548,0,1.01387,1.90512,8.37568e+06,3.68648e+06,1.19394e+07,0,353318,0,0
69.4913,85.1408,1.52566,0,0,2.94277,2.94277,0,0.55139,4.6872,4.03025e+06,2.75803e+06,1.18601e+07,0,353184,0,0,62.338,61.3098,2.34326,0,1,1.4257,1.4257,0,1.10133,1.90512,8.37568e+06,3.68648e+06,1.19412e+07,0,353373,0,0
68.03,85.1408,1.43855,0,0,2.94323,2.94323,0,0.551475,4.6872,4.03025e+06,2.75803e+06,1.18619e+07,0,353239,0,0,62.3346,61.3098,2.18275,0,1,1.42592,1.42592,0,1.1015,1.90512,8.37568e+06,3.68648e+06,1.19431e+07,0,353428,0,0
67.0965,85.1408,1.96039,0.01,0,2.94369,2.94369,0,0.551561,4.6872,4.03025e+06,2.75803e+06,1.18638e+07,0,353294,0,0,62.338,61.3098,2.45709,0,1,1.42615,1.42615,0,1.10167,1.90512,8.37568e+06,3.68648e+06,1.19449e+07,0,353483,0,0
66.9991,85.1408,2.87355,0.01,0,2.94414,2.94414,0,0.551647,4.6872,4.03025e+06,2.75803e+06,1.18656e+07,0,353349,0,0,62.338,61.3098,2.93126,0,1,1.42637,1.42637,0,1.10184,1.90512,8.37568e+06,3.68648e+06,1.19468e+07,0,353538,0,0
65.6313,85.1408,1.47142,0.01,0,2.85476,2.85476,0,0.551733,4.6872,4.03025e+06,2.75803e+06,1.15054e+07,0,342621,0,0,62.338,61.3098,1.99887,0,1,1.35795,1.35795,0,1.10201,1.90512,8.37568e+06,3.68648e+06,1.13738e+07,0,336580,0,0
65.2702,85.1408,2.46306,0.01,0,2.8552,2.8552,0,0.534982,4.6872,4.03025e+06,2.75803e+06,1.15072e+07,0,342674,0,0,62.338,61.3098,3.50454,0,1,1.35816,1.35816,0,1.04915,1.90512,8.37568e+06,3.68648e+06,1.13755e+07,0,336632,0,0
63.6958,85.1408,1.24734,0.02,0,2.85565,2.85565,0,0.535065,4.6872,4.03025e+06,2.75803e+06,1.1509e+07,0,342727,0,0,62.338,61.3098,2.12603,0,1,1.35837,1.35837,0,1.04932,1.90512,8.37568e+06,3.68648e+06,1.13773e+07,0,336685,0,0
62.1699,85.1408,1.25482,0.02,0,2.85609,2.85609,0,0.535148,4.6872,4.03025e+06,2.75803e+06,1.15108e+07,0,342781,0,0,62.338,61.3098,1.96238,0,1,1.35858,1.35858,0,1.04948,1.90512,8.37568e+06,3.68648e+06,1.13791e+07,0,336737,0,0
61.652,85.1408,2.31721,0.01,0,2.78274,2.78274,0,0.535231,4.6872,4.03025e+06,2.75803e+06,1.12151e+07,0,333978,0,0,62.0835,61.3098,2.1994,0,1,1.29628,1.29628,0,1.04964,1.90512,8.37568e+06,3.68648e+06,1.08572e+07,0,321294,0,0
61.424,85.1408,2.6266,0.01,0,2.78318,2.78318,0,0.521486,4.6872,4.03025e+06,2.75803e+06,1.12169e+07,0,334030,0,0,62.1206,61.3098,1.48118,0,1,1.29648,1.29648,0,1.0015,1.90512,8.37568e+06,3.68648e+06,1.08589e+07,0,321344,0,0
61.6209,85.1408,3.06553,0.01,0,2.78361,2.78361,0,0.521567,4.6872,4.03025e+06,2.75803e+06,1.12186e+07,0,334082,0,0,62.338,61.3098,3.25287,0,1,1.29668,1.29668,0,1.00166,1.90512,8.37568e+06,3.68648e+06,1.08606e+07,0,321394,0,0
66.7371,85.1408,8.21251,0.01,0,2.78404,2.78404,0,0.521648,4.6872,4.03025e+06,2.75803e+06,1.12204e+07,0,334134,0,0,62.338,61.3098,6.64261,0,1,1.29688,1.29688,0,1.00181,1.90512,8.37568e+06,3.68648e+06,1.08623e+07,0,321444,0,0
68.349,85.1408,4.5015,0.01,0,2.57477,2.57477,0,0.521729,4.6872,4.03025e+06,2.75803e+06,1.0377e+07,0,309018,0,0,62.338,61.3098,2.78539,0,1,1.1668,1.1668,0,1.00197,1.90512,8.37568e+06,3.68648e+06,9.7727e+06,0,289201,0,0
72.1102,85.1408,6.67648,0,0,2.57517,2.57517,0,0.482512,4.6872,4.03025e+06,2.75803e+06,1.03786e+07,0,309066,0,0,62.338,61.3098,3.92917,0,1,1.16698,1.16698,0,0.901466,1.90512,8.37568e+06,3.68648e+06,9.77422e+06,0,289246,0,0
74.6834,85.1408,5.59503,0,0,2.57557,2.57557,0,0.482587,4.6872,4.03025e+06,2.75803e+06,1.03802e+07,0,309114,0,0,62.338,61.3098,4.04626,0,1,1.16716,1.16716,0,0.901606,1.90512,8.37568e+06,3.68648e+06,9.77574e+06,0,289291,0,0
78.7977,85.1408,7.27623,0,0,2.57597,2.57597,0,0.482662,4.6872,4.03025e+06,2.75803e+06,1.03818e+07,0,309162,0,0,62.338,61.3098,11.2945,0,1,1.16734,1.16734,0,0.901747,1.90512,8.37568e+06,3.68648e+06,9.77726e+06,0,289336,0,0
81.0695,85.1408,5.29963,0,0,2.57637,2.57637,0,0.482737,4.6872,4.03025e+06,2.75803e+06,1.03834e+07,0,309210,0,0,62.338,61.3098,5.25045,0,1,1.16752,1.16752,0,0.901887,1.90512,8.37568e+06,3.68648e+06,9.77878e+06,0,289381,0,0
79.7862,85.1408,1.6717,0,0,2.65749,2.65749,0,0.482812,4.6872,4.03025e+06,2.75803e+06,1.07104e+07,0,318945,0,0,62.338,61.3098,3.43018,0,1,1.20546,1.20546,0,0.902027,1.90512,8.37568e+06,3.68648e+06,1.00965e+07,0,298783,0,0
79.1055,85.1408,2.2601,0,0,2.65789,2.65789,0,0.498014,4.6872,4.03025e+06,2.75803e+06,1.07119e+07,0,318993,0,0,62.338,61.3098,4.21624,0,1,1.20564,1.20564,0,0.931336,1.90512,8.37568e+06,3.68648e+06,1.0098e+07,0,298828,0,0
79.6252,85.1408,3.56441,0,0,2.65828,2.65828,0,0.498088,4.6872,4.03025e+06,2.75803e+06,1.07135e+07,0,319041,0,0,62.338,61.3098,3.84894,0,1,1.20582,1.20582,0,0.931475,1.90512,8.37568e+06,3.68648e+06,1.00995e+07,0,298872,0,0
80.0178,85.1408,3.52867,0,0,2.65868,2.65868,0,0.498163,4.6872,4.03025e+06,2.75803e+06,1.07151e+07,0,319088,0,0,62.338,61.3098,4.17792,0,1,1.206,1.206,0,0.931614,1.90512,8.37568e+06,3.68648e+06,1.0101e+07,0,298917,0,0
79.8254,85.1408,3.15228,0,0,2.91844,2.91844,0,0.498237,4.6872,4.03025e+06,2.75803e+06,1.1762e+07,0,350264,0,0,62.338,61.3098,3.49168,0,1,1.348,1.348,0,0.931753,1.90512,8.37568e+06,3.68648e+06,1.12904e+07,0,334113,0,0
80.1104,85.1408,3.63425,0,0,2.91887,2.91887,0,0.546915,4.6872,4.03025e+06,2.75803e+06,1.17638e+07,0,350316,0,0,62.338,61.3098,4.12285,0,1,1.3482,1.3482,0,1.04146,1.90512,8.37568e+06,3.68648e+06,1.12921e+07,0,334163,0,0
81.3452,85.1408,4.74496,0,0,2.91931,2.91931,0,0.546997,4.6872,4.03025e+06,2.75803e+06,1.17655e+07,0,350368,0,0,62.338,61.3098,5.11851,0,1,1.3484,1.3484,0,1.04162,1.90512,8.37568e+06,3.68648e+06,1.12938e+07,0,334213,0,0
82.1455,85.1408,4.30227,0,0,2.91975,2.91975,0,0.547079,4.6872,4.03025e+06,2.75803e+06,1.17673e+07,0,350420,0,0,62.338,61.3098,5.41999,0,1,1.3486,1.3486,0,1.04177,1.90512,8.37568e+06,3.68648e+06,1.12954e+07,0,334263,0,0
85.1408,85.1408,8.03776,0,0,2.55003,2.55003,0,0.54716,4.6872,4.03025e+06,2.75803e+06,1.02773e+07,0,306048,0,0,62.338,61.3098,5.63904,0,1,1.15836,1.15836,0,1.04193,1.90512,8.37568e+06,3.68648e+06,9.70208e+06,0,287111,0,0
85.1408,85.1408,5.94953,0,0,2.55041,2.55041,0,0.477876,4.6872,4.03025e+06,2.75803e+06,1.02788e+07,0,306094,0,0,62.338,61.3098,4.14234,0,1,1.15854,1.15854,0,0.894952,1.90512,8.37568e+06,3.68648e+06,9.70353e+06,0,287154,0,0
85.1408,85.1408,7.67186,0,0,2.55079,2.55079,0,0.477947,4.6872,4.03025e+06,2.75803e+06,1.02803e+07,0,306140,0,0,62.338,61.3098,4.65356,0,1,1.15871,1.15871,0,0.895085,1.90512,8.37568e+06,3.68648e+06,9.70497e+06,0,287196,0,0
85.1408,85.1408,6.42995,0,0,2.55117,2.55117,0,0.478018,4.6872,4.03025e+06,2.75803e+06,1.02819e+07,0,306185,0,0,62.338,61.3098,5.33827,0,1,1.15888,1.15888,0,0.895219,1.90512,8.37568e+06,3.68648e+06,9.70642e+06,0,287239,0,0
85.1408,85.1408,9.0367,0,0,2.55155,2.55155,0,0.47809,4.6872,4.03025e+06,2.75803e+06,1.02834e+07,0,306231,0,0,62.338,61.3098,5.78901,0,1,1.15906,1.15906,0,0.895352,1.90512,8.37568e+06,3.68648e+06,9.70787e+06,0,287282,0,0
85.1408,85.1408,10.1395,0,0,2.64518,2.64518,0,0.478161,4.6872,4.03025e+06,2.75803e+06,1.06607e+07,0,317467,0,0,62.338,61.3098,6.50443,0,1,1.20585,1.20585,0,0.895486,1.90512,8.37568e+06,3.68648e+06,1.00998e+07,0,298881,0,0
85.1408,85.1408,6.2975,0,0,2.64557,2.64557,0,0.495706,4.6872,4.03025e+06,2.75803e+06,1.06623e+07,0,317515,0,0,62.338,61.3098,4.37351,0,1,1.20603,1.20603,0,0.931641,1.90512,8.37568e+06,3.68648e+06,1.01013e+07,0,298926,0,0
85.1408,85.1408,5.19499,0,0,2.64597,2.64597,0,0.49578,4.6872,4.03025e+06,2.75803e+06,1.06639e+07,0,317562,0,0,62.338,61.3098,4.07039,0,1,1.20621,1.20621,0,0.93178,1.90512,8.37568e+06,3.68648e+06,1.01028e+07,0,298970,0,0
85.1408,85.1408,4.57543,0,0,2.64636,2.64636,0,0.495854,4.6872,4.03025e+06,2.75803e+06,1.06655e+07,0,317610,0,0,62.338,61.3098,3.76361,0,1,1.20639,1.20639,0,0.931919,1.90512,8.37568e+06,3.68648e+06,1.01043e+07,0,299015,0,0
85.1408,85.1408,4.43967,0,0,2.61028,2.61028,0,0.495928,4.6872,4.03025e+06,2.75803e+06,1.05201e+07,0,313279,0,0,62.338,61.3098,3.78591,0,1,1.18845,1.18845,0,0.932058,1.90512,8.37568e+06,3.68648e+06,9.9541e+06,0,294569,0,0
85.1408,85.1408,4.21547,0,0,2.61067,2.61067,0,0.489166,4.6872,4.03025e+06,2.75803e+06,1.05216e+07,0,313326,0,0,62.338,61.3098,3.16361,0,1,1.18863,1.18863,0,0.918199,1.90512,8.37568e+06,3.68648e+06,9.95558e+06,0,294613,0,0
85.1408,85.1408,3.81025,0,0,2.61106,2.61106,0,0.489239,4.6872,4.03025e+06,2.75803e+06,1.05232e+07,0,313372,0,0,62.338,61.3098,3.11838,0,1,1.18881,1.18881,0,0.918336,1.90512,8.37568e+06,3.68648e+06,9.95707e+06,0,294657,0,0
85.1408,85.1408,3.34491,0,0,2.61145,2.61145,0,0.489312,4.6872,4.03025e+06,2.75803e+06,1.05248e+07,0,313419,0,0,62.338,61.3098,3.43134,0,1,1.18899,1.18899,0,0.918473,1.90512,8.37568e+06,3.68648e+06,9.95856e+06,0,294701,0,0
85.054,85.1408,2.96101,0,0,2.73573,2.73573,0,0.489385,4.6872,4.03025e+06,2.75803e+06,1.10257e+07,0,328336,0,0,62.338,61.3098,3.33006,0,1,1.25346,1.25346,0,0.91861,1.90512,8.37568e+06,3.68648e+06,1.04985e+07,0,310680,0,0
85.1408,85.1408,3.2303,0,0,2.73614,2.73614,0,0.512676,4.6872,4.03025e+06,2.75803e+06,1.10273e+07,0,328385,0,0,62.338,61.3098,2.82504,0,1,1.25364,1.25364,0,0.96842,1.90512,8.37568e+06,3.68648e+06,1.05001e+07,0,310727,0,0
85.1408,85.1408,3.08153,0,0,2.73655,2.73655,0,0.512753,4.6872,4.03025e+06,2.75803e+06,1.1029e+07,0,328434,0,0,62.338,61.3098,2.71516,0,1,1.25383,1.25383,0,0.968564,1.90512,8.37568e+06,3.68648e+06,1.05017e+07,0,310773,0,0
85.0431,85.1408,2.94987,0,0,2.73696,2.73696,0,0.51283,4.6872,4.03025e+06,2.75803e+06,1.10306e+07,0,328483,0,0,62.338,61.3098,2.97122,0,1,1.25402,1.25402,0,0.968709,1.90512,8.37568e+06,3.68648e+06,1.05032e+07,0,310819,0,0
84.7008,85.1408,2.72023,0,0,2.73737,2.73737,0,0.512906,4.6872,4.03025e+06,2.75803e+06,1.10323e+07,0,328532,0,0,62.1376,61.3098,2.81498,0,1,1.2542,1.2542,0,0.968854,1.90512,8.37568e+06,3.68648e+06,1.05048e+07,0,310866,0,0
83.4677,85.1408,1.67894,0,0,2.71326,2.71326,0,0.512983,4.6872,4.03025e+06,2.75803e+06,1.09351e+07,0,325638,0,0,62.0338,61.3098,1.6186,0,1,1.28975,1.28975,0,0.968998,1.90512,8.37568e+06,3.68648e+06,1.08026e+07,0,319677,0,0
82.2152,85.1408,1.6463,0,0,2.71366,2.71366,0,0.508464,4.6872,4.03025e+06,2.75803e+06,1.09367e+07,0,325687,0,0,61.9315,61.3098,1.70153,0,1,1.28995,1.28995,0,0.996464,1.90512,8.37568e+06,3.68648e+06,1.08042e+07,0,319725,0,0
80.9212,85.1408,1.59068,0,0,2.71407,2.71407,0,0.50854,4.6872,4.03025e+06,2.75803e+06,1.09384e+07,0,325736,0,0,61.6844,61.3098,1.67427,0,1,1.29014,1.29014,0,0.996613,1.90512,8.37568e+06,3.68648e+06,1.08058e+07,0,319773,0,0
79.5049,85.1408,1.42311,0,0,2.71447,2.71447,0,0.508616,4.6872,4.03025e+06,2.75803e+06,1.094e+07,0,325784,0,0,61.3889,61.3098,1.54092,0,1,1.29033,1.29033,0,0.996762,1.90512,8.37568e+06,3.68648e+06,1.08074e+07,0,319820,0,0
78.0184,85.1408,1.40718,0,0,2.77824,2.77824,0,0.508692,4.6872,4.03025e+06,2.75803e+06,1.1197e+07,0,333437,0,0,61.0457,61.3098,1.56008,0,1,1.32206,1.32206,0,0.996911,1.90512,8.37568e+06,3.68648e+06,1.10731e+07,0,327684,0,0
76.4552,85.1408,1.29703,0,0,2.77865,2.77865,0,0.520642,4.6872,4.03025e+06,2.75803e+06,1.11987e+07,0,333487,0,0,60.5433,61.3098,1.5089,0,1,1.32226,1.32226,0,1.02142,1.90512,8.37568e+06,3.68648e+06,1.10748e+07,0,327733,0,0
74.8107,85.1408,1.2021,0,0,2.77907,2.77907,0,0.52072,4.6872,4.03025e+06,2.75803e+06,1.12003e+07,0,333537,0,0,60.1423,61.3098,1.34531,0,1,1.32245,1.32245,0,1.02158,1.90512,8.37568e+06,3.68648e+06,1.10765e+07,0,327782,0,0
73.2067,85.1408,1.22302,0,0,2.77948,2.77948,0,0.520797,4.6872,4.03025e+06,2.75803e+06,1.1202e+07,0,333587,0,0,59.7939,61.3098,1.5176,0,1,1.32265,1.32265,0,1.02173,1.90512,8.37568e+06,3.68648e+06,1.10781e+07,0,327831,0,0
71.5516,85.1408,1.30829,0,0,2.96556,2.96556,0,0.520875,4.6872,4.03025e+06,2.75803e+06,1.19519e+07,0,355919,0,0,59.3942,61.3098,1.5493,0,1,1.43674,1.43674,0,1.02188,1.90512,8.37568e+06,3.68648e+06,1.20337e+07,0,356109,0,0
69.9361,85.1408,1.3542,0,0,2.966,2.966,0,0.555745,4.6872,4.03025e+06,2.75803e+06,1.19537e+07,0,355972,0,0,58.9939,61.3098,1.5745,0,1,1.43696,1.43696,0,1.11003,1.90512,8.37568e+06,3.68648e+06,1.20355e+07,0,356162,0,0
68.2676,85.1408,1.28718,0,0,2.96644,2.96644,0,0.555828,4.6872,4.03025e+06,2.75803e+06,1.19555e+07,0,356025,0,0,58.5686,61.3098,1.55737,0,1,1.43717,1.43717,0,1.11019,1.90512,8.37568e+06,3.68648e+06,1.20373e+07,0,356216,0,0
66.5969,85.1408,1.26659,0,0,2.96689,2.96689,0,0.555911,4.6872,4.03025e+06,2.75803e+06,1.19573e+07,0,356078,0,0,58.0989,61.3098,1.54408,0,1,1.43739,1.43739,0,1.11036,1.90512,8.37568e+06,3.68648e+06,1.20391e+07,0,356269,0,0
64.8689,85.1408,1.21831,0.01,0,2.96733,2.96733,0,0.555994,4.6872,4.03025e+06,2.75803e+06,1.19591e+07,0,356131,0,0,57.7901,61.3098,1.481,0,1,1.4376,1.4376,0,1.11052,1.90512,8.37568e+06,3.68648e+06,1.20409e+07,0,356322,0,0
63.1256,85.1408,1.12177,0.01,0,2.87722,2.87722,0,0.556077,4.6872,4.03025e+06,2.75803e+06,1.15959e+07,0,345317,0,0,57.3858,61.3098,2.09189,0,1,1.36864,1.36864,0,1.11069,1.90512,8.37568e+06,3.68648e+06,1.14632e+07,0,339229,0,0
61.2934,85.1408,1.00799,0.01,0,2.87765,2.87765,0,0.539191,4.6872,4.03025e+06,2.75803e+06,1.15977e+07,0,345369,0,0,56.6639,61.3098,1.21963,0,1,1.36884,1.36884,0,1.05741,1.90512,8.37568e+06,3.68648e+06,1.1465e+07,0,339279,0,0
59.3386,85.1408,0.860638,0.02,0,2.87808,2.87808,0,0.539272,4.6872,4.03025e+06,2.75803e+06,1.15994e+07,0,345420,0,0,56.2121,61.3098,1.10947,0,1,1.36904,1.36904,0,1.05757,1.90512,8.37568e+06,3.68648e+06,1.14667e+07,0,339330,0,0
58.2136,85.1408,1.83949,0.02,0,2.87851,2.87851,0,0.539353,4.6872,4.03025e+06,2.75803e+06,1.16011e+07,0,345472,0,0,56.1515,61.3098,1.61208,0,1,1.36925,1.36925,0,1.05772,1.90512,8.37568e+06,3.68648e+06,1.14684e+07,0,339381,0,0
58.5355,85.1408,3.26284,0.02,0,2.80457,2.80457,0,0.539433,4.6872,4.03025e+06,2.75803e+06,1.13031e+07,0,336598,0,0,56.358,61.3098,2.30162,0,1,1.30645,1.30645,0,1.05788,1.90512,8.37568e+06,3.68648e+06,1.09424e+07,0,323814,0,0
59.0601,85.1408,3.41813,0.02,0,2.80499,2.80499,0,0.525577,4.6872,4.03025e+06,2.75803e+06,1.13048e+07,0,336648,0,0,57.0539,61.3098,3.75944,0,1,1.30664,1.30664,0,1.00936,1.90512,8.37568e+06,3.68648e+06,1.0944e+07,0,323863,0,0
58.4137,85.1408,2.20344,0.02,0,2.80541,2.80541,0,0.525655,4.6872,4.03025e+06,2.75803e+06,1.13065e+07,0,336698,0,0,57.4584,61.3098,3.12182,0,1,1.30684,1.30684,0,1.00951,1.90512,8.37568e+06,3.68648e+06,1.09456e+07,0,323911,0,0
59.7198,85.1408,4.37605,0.02,0,2.80583,2.80583,0,0.525734,4.6872,4.03025e+06,2.75803e+06,1.13082e+07,0,336749,0,0,57.9637,61.3098,3.37771,0,1,1.30703,1.30703,0,1.00966,1.90512,8.37568e+06,3.68648e+06,1.09473e+07,0,323959,0,0
63.3839,85.1408,6.65916,0.01,0,2.59491,2.59491,0,0.525813,4.6872,4.03025e+06,2.75803e+06,1.04581e+07,0,311434,0,0,58.3711,61.3098,3.82555,0,1,1.17592,1.17592,0,1.00981,1.90512,8.37568e+06,3.68648e+06,9.84913e+06,0,291462,0,0
63.2123,85.1408,2.81645,0.01,0,2.59529,2.59529,0,0.486286,4.6872,4.03025e+06,2.75803e+06,1.04597e+07,0,311481,0,0,59.0683,61.3098,3.94627,0,1,1.1761,1.1761,0,0.908516,1.90512,8.37568e+06,3.68648e+06,9.8506e+06,0,291506,0,0
64.064,85.1408,3.81564,0.01,0,2.59568,2.59568,0,0.486358,4.6872,4.03025e+06,2.75803e+06,1.04612e+07,0,311527,0,0,59.7073,61.3098,3.69343,0,1,1.17627,1.17627,0,0.908652,1.90512,8.37568e+06,3.68648e+06,9.85207e+06,0,291550,0,0
65.6405,85.1408,4.79184,0.01,0,2.59607,2.59607,0,0.486431,4.6872,4.03025e+06,2.75803e+06,1.04628e+07,0,311574,0,0,61.5565,61.3098,6.38123,0,1,1.17645,1.17645,0,0.908788,1.90512,8.37568e+06,3.68648e+06,9.85354e+06,0,291593,0,0
66.7279,85.1408,4.08792,0.01,0,2.59646,2.59646,0,0.486504,4.6872,4.03025e+06,2.75803e+06,1.04644e+07,0,311620,0,0,62.338,61.3098,6.4615,0,1,1.17662,1.17662,0,0.908923,1.90512,8.37568e+06,3.68648e+06,9.85502e+06,0,291637,0,0
68.1062,85.1408,4.36112,0.01,0,2.67819,2.67819,0,0.486576,4.6872,4.03025e+06,2.75803e+06,1.07938e+07,0,321430,0,0,62.338,61.3098,3.55458,0,1,1.21485,1.21485,0,0.909059,1.90512,8.37568e+06,3.68648e+06,1.01752e+07,0,301111,0,0
69.4635,85.1408,4.36494,0.01,0,2.67858,2.67858,0,0.501893,4.6872,4.03025e+06,2.75803e+06,1.07953e+07,0,321476,0,0,62.338,61.3098,3.4985,0,1,1.21502,1.21502,0,0.938591,1.90512,8.37568e+06,3.68648e+06,1.01766e+07,0,301154,0,0
70.6495,85.1408,4.21117,0,0,2.67896,2.67896,0,0.501965,4.6872,4.03025e+06,2.75803e+06,1.07969e+07,0,321522,0,0,62.338,61.3098,3.3278,0,1,1.2152,1.2152,0,0.938726,1.90512,8.37568e+06,3.68648e+06,1.01781e+07,0,301197,0,0
70.8917,85.1408,3.25986,0,0,2.67934,2.67934,0,0.502037,4.6872,4.03025e+06,2.75803e+06,1.07984e+07,0,321568,0,0,62.338,61.3098,2.50983,0,1,1.21537,1.21537,0,0.93886,1.90512,8.37568e+06,3.68648e+06,1.01795e+07,0,301240,0,0
70.5383,85.1408,2.89808,0,0,2.9411,2.9411,0,0.502109,4.6872,4.03025e+06,2.75803e+06,1.18534e+07,0,352984,0,0,62.2379,61.3098,2.18528,0,1,1.35847,1.35847,0,0.938995,1.90512,8.37568e+06,3.68648e+06,1.13781e+07,0,336708,0,0
70.4422,85.1408,3.08429,0,0,2.94152,2.94152,0,0.551163,4.6872,4.03025e+06,2.75803e+06,1.18551e+07,0,353034,0,0,62.2136,61.3098,2.03093,0,1,1.35866,1.35866,0,1.04955,1.90512,8.37568e+06,3.68648e+06,1.13797e+07,0,336756,0,0
70.2837,85.1408,3.01738,0,0,2.94195,2.94195,0,0.551242,4.6872,4.03025e+06,2.75803e+06,1.18568e+07,0,353085,0,0,62.2145,61.3098,2.1028,0,1,1.35886,1.35886,0,1.0497,1.90512,8.37568e+06,3.68648e+06,1.13813e+07,0,336804,0,0
71.0576,85.1408,4.00547,0,0,2.94237,2.94237,0,0.551321,4.6872,4.03025e+06,2.75803e+06,1.18585e+07,0,353136,0,0,62.3095,61.3098,2.50299,0,1,1.35905,1.35905,0,1.04985,1.90512,8.37568e+06,3.68648e+06,1.1383e+07,0,336853,0,0
72.4701,85.1408,4.37278,0,0,2.56977,2.56977,0,0.5514,4.6872,4.03025e+06,2.75803e+06,1.03568e+07,0,308418,0,0,62.338,61.3098,2.37605,0,1,1.16733,1.16733,0,1.05,1.90512,8.37568e+06,3.68648e+06,9.77719e+06,0,289334,0,0
73.7476,85.1408,4.3012,0,0,2.57014,2.57014,0,0.481575,4.6872,4.03025e+06,2.75803e+06,1.03583e+07,0,308462,0,0,62.338,61.3098,3.76682,0,1,1.1675,1.1675,0,0.90188,1.90512,8.37568e+06,3.68648e+06,9.77859e+06,0,289375,0,0
74.5487,85.1408,3.83431,0,0,2.57051,2.57051,0,0.481644,4.6872,4.03025e+06,2.75803e+06,1.03598e+07,0,308506,0,0,62.338,61.3098,2.74121,0,1,1.16767,1.16767,0,0.90201,1.90512,8.37568e+06,3.68648e+06,9.77999e+06,0,289417,0,0
74.713,85.1408,3.16672,0,0,2.57088,2.57088,0,0.481713,4.6872,4.03025e+06,2.75803e+06,1.03613e+07,0,308550,0,0,62.338,61.3098,2.38278,0,1,1.16783,1.16783,0,0.902139,1.90512,8.37568e+06,3.68648e+06,9.7814e+06,0,289458,0,0
75.3726,85.1408,3.71378,0,0,2.57125,2.57125,0,0.481782,4.6872,4.03025e+06,2.75803e+06,1.03628e+07,0,308594,0,0,62.338,61.3098,2.65758,0,1,1.168,1.168,0,0.902268,1.90512,8.37568e+06,3.68648e+06,9.7828e+06,0,289500,0,0
76.2902,85.1408,4.07645,0.01,0,2.66558,2.66558,0,0.481851,4.6872,4.03025e+06,2.75803e+06,1.07429e+07,0,319916,0,0,62.338,61.3098,2.77631,0,1,1.21515,1.21515,0,0.902398,1.90512,8.37568e+06,3.68648e+06,1.01777e+07,0,301186,0,0
78.4624,85.1408,5.32418,0.01,0,2.66596,2.66596,0,0.499529,4.6872,4.03025e+06,2.75803e+06,1.07445e+07,0,319961,0,0,62.338,61.3098,3.39031,0,1,1.21533,1.21533,0,0.938826,1.90512,8.37568e+06,3.68648e+06,1.01792e+07,0,301229,0,0
80.0595,85.1408,4.79868,0,0,2.66634,2.66634,0,0.4996,4.6872,4.03025e+06,2.75803e+06,1.0746e+07,0,320007,0,0,62.338,61.3098,4.61207,0,1,1.2155,1.2155,0,0.93896,1.90512,8.37568e+06,3.68648e+06,1.01806e+07,0,301272,0,0
80.6801,85.1408,3.88711,0,0,2.66672,2.66672,0,0.499672,4.6872,4.03025e+06,2.75803e+06,1.07475e+07,0,320053,0,0,62.338,61.3098,4.41941,0,1,1.21567,1.21567,0,0.939095,1.90512,8.37568e+06,3.68648e+06,1.01821e+07,0,301316,0,0
80.6453,85.1408,3.03532,0,0,2.63034,2.63034,0,0.499744,4.6872,4.03025e+06,2.75803e+06,1.06009e+07,0,315687,0,0,62.2756,61.3098,2.7467,0,1,1.19759,1.19759,0,0.939229,1.90512,8.37568e+06,3.68648e+06,1.00306e+07,0,296833,0,0
80.3804,85.1408,2.77575,0,0,2.63072,2.63072,0,0.492927,4.6872,4.03025e+06,2.75803e+06,1.06025e+07,0,315733,0,0,62.2813,61.3098,2.16164,0,1,1.19776,1.19776,0,0.925258,1.90512,8.37568e+06,3.68648e+06,1.00321e+07,0,296876,0,0
79.9968,85.1408,2.54512,0,0,2.6311,2.6311,0,0.492997,4.6872,4.03025e+06,2.75803e+06,1.0604e+07,0,315778,0,0,62.338,61.3098,1.94573,0,1,1.19793,1.19793,0,0.925391,1.90512,8.37568e+06,3.68648e+06,1.00335e+07,0,296919,0,0
79.5508,85.1408,2.47489,0,0,2.63148,2.63148,0,0.493068,4.6872,4.03025e+06,2.75803e+06,1.06055e+07,0,315823,0,0,62.2167,61.3098,2.15547,0,1,1.1981,1.1981,0,0.925523,1.90512,8.37568e+06,3.68648e+06,1.00349e+07,0,296961,0,0
78.8143,85.1408,2.2694,0,0,2.7567,2.7567,0,0.493139,4.6872,4.03025e+06,2.75803e+06,1.11102e+07,0,330852,0,0,61.9851,61.3098,1.91079,0,1,1.26306,1.26306,0,0.925656,1.90512,8.37568e+06,3.68648e+06,1.0579e+07,0,313061,0,0
77.8107,85.1408,1.97519,0,0,2.7571,2.7571,0,0.516606,4.6872,4.03025e+06,2.75803e+06,1.11118e+07,0,330900,0,0,61.7773,61.3098,1.59517,0,1,1.26324,1.26324,0,0.975842,1.90512,8.37568e+06,3.68648e+06,1.05805e+07,0,313106,0,0
76.6561,85.1408,1.76692,0,0,2.75749,2.75749,0,0.51668,4.6872,4.03025e+06,2.75803e+06,1.11134e+07,0,330947,0,0,61.4771,61.3098,1.47659,0,1,1.26342,1.26342,0,0.975982,1.90512,8.37568e+06,3.68648e+06,1.0582e+07,0,313151,0,0
75.4236,85.1408,1.65884,0,0,2.75789,2.75789,0,0.516754,4.6872,4.03025e+06,2.75803e+06,1.1115e+07,0,330995,0,0,61.1374,61.3098,1.49623,0,1,1.26361,1.26361,0,0.976121,1.90512,8.37568e+06,3.68648e+06,1.05835e+07,0,313196,0,0
74.1387,85.1408,1.59232,0,0,2.75828,2.75828,0,0.516828,4.6872,4.03025e+06,2.75803e+06,1.11166e+07,0,331042,0,0,60.954,61.3098,1.45099,0,1,1.26379,1.26379,0,0.976261,1.90512,8.37568e+06,3.68648e+06,1.05851e+07,0,313241,0,0
72.8298,85.1408,1.51463,0,0,2.73397,2.73397,0,0.516902,4.6872,4.03025e+06,2.75803e+06,1.10186e+07,0,328124,0,0,60.813,61.3098,1.7299,0,1,1.2996,1.2996,0,0.976401,1.90512,8.37568e+06,3.68648e+06,1.0885e+07,0,322118,0,0
71.4758,85.1408,1.4557,0,0,2.73436,2.73436,0,0.512346,4.6872,4.03025e+06,2.75803e+06,1.10202e+07,0,328171,0,0,60.6841,61.3098,1.69161,0,1,1.29979,1.29979,0,1.00407,1.90512,8.37568e+06,3.68648e+06,1.08866e+07,0,322164,0,0
70.0146,85.1408,1.33714,0,0,2.73475,2.73475,0,0.512419,4.6872,4.03025e+06,2.75803e+06,1.10217e+07,0,328218,0,0,60.3751,61.3098,1.6987,0,1,1.29997,1.29997,0,1.00422,1.90512,8.37568e+06,3.68648e+06,1.08882e+07,0,322210,0,0
68.4571,85.1408,1.22435,0,0,2.73515,2.73515,0,0.512493,4.6872,4.03025e+06,2.75803e+06,1.10233e+07,0,328265,0,0,60.0922,61.3098,1.49621,0,1,1.30016,1.30016,0,1.00436,1.90512,8.37568e+06,3.68648e+06,1.08897e+07,0,322256,0,0
66.8629,85.1408,1.21176,0,0,2.79938,2.79938,0,0.512566,4.6872,4.03025e+06,2.75803e+06,1.12822e+07,0,335975,0,0,59.9725,61.3098,1.60537,0,1,1.33212,1.33212,0,1.0045,1.90512,8.37568e+06,3.68648e+06,1.11574e+07,0,330178,0,0
65.362,85.1408,1.28627,0,0,2.79978,2.79978,0,0.524604,4.6872,4.03025e+06,2.75803e+06,1.12838e+07,0,336023,0,0,59.9037,61.3098,1.8725,0,1,1.33231,1.33231,0,1.0292,1.90512,8.37568e+06,3.68648e+06,1.1159e+07,0,330225,0,0
63.7365,85.1408,1.14366,0.01,0,2.80018,2.80018,0,0.524679,4.6872,4.03025e+06,2.75803e+06,1.12854e+07,0,336071,0,0,59.7217,61.3098,1.74857,0,1,1.3325,1.3325,0,1.02934,1.90512,8.37568e+06,3.68648e+06,1.11606e+07,0,330273,0,0
62.0282,85.1408,1.04139,0.01,0,2.80059,2.80059,0,0.524754,4.6872,4.03025e+06,2.75803e+06,1.12871e+07,0,336119,0,0,59.5137,61.3098,1.65902,0,1,1.33269,1.33269,0,1.02949,1.90512,8.37568e+06,3.68648e+06,1.11622e+07,0,330320,0,0
60.0538,85.1408,0.889628,0.01,0,2.98805,2.98805,0,0.52483,4.6872,4.03025e+06,2.75803e+06,1.20426e+07,0,358619,0,0,59.2355,61.3098,1.64668,0,1,1.44764,1.44764,0,1.02964,1.90512,8.37568e+06,3.68648e+06,1.2125e+07,0,358811,0,0
57.9964,85.1408,0.772355,0.01,0,2.98848,2.98848,0,0.559961,4.6872,4.03025e+06,2.75803e+06,1.20443e+07,0,358670,0,0,58.984,61.3098,1.71333,0,1,1.44785,1.44785,0,1.11845,1.90512,8.37568e+06,3.68648e+06,1.21267e+07,0,358862,0,0
56.0094,85.1408,0.815652,0.02,0,2.98891,2.98891,0,0.560041,4.6872,4.03025e+06,2.75803e+06,1.2046e+07,0,358721,0,0,58.881,61.3098,1.69134,0,1,1.44806,1.44806,0,1.11861,1.90512,8.37568e+06,3.68648e+06,1.21284e+07,0,358914,0,0
54.4239,85.1408,1.22308,0.02,0,2.98934,2.98934,0,0.560122,4.6872,4.03025e+06,2.75803e+06,1.20478e+07,0,358773,0,0,58.8971,61.3098,2.02133,0,1,1.44826,1.44826,0,1.11877,1.90512,8.37568e+06,3.68648e+06,1.21302e+07,0,358965,0,0
53.318,85.1408,1.71494,0.02,0,2.98977,2.98977,0,0.560202,4.6872,4.03025e+06,2.75803e+06,1.20495e+07,0,358824,0,0,59.1285,61.3098,2.28928,0,1,1.44847,1.44847,0,1.11893,1.90512,8.37568e+06,3.68648e+06,1.21319e+07,0,359017,0,0
52.527,85.1408,1.95825,0.02,0,2.89896,2.89896,0,0.560282,4.6872,4.03025e+06,2.75803e+06,1.16835e+07,0,347926,0,0,59.5959,61.3098,2.5671,0,1,1.37898,1.37898,0,1.11909,1.90512,8.37568e+06,3.68648e+06,1.15499e+07,0,341792,0,0
51.7407,85.1408,1.93511,0.02,0,2.89938,2.89938,0,0.543266,4.6872,4.03025e+06,2.75803e+06,1.16852e+07,0,347976,0,0,60.7308,61.3098,4.32256,0,1,1.37917,1.37917,0,1.0654,1.90512,8.37568e+06,3.68648e+06,1.15515e+07,0,341841,0,0
50.7492,85.1408,1.72243,0.02,0,2.89979,2.89979,0,0.543343,4.6872,4.03025e+06,2.75803e+06,1.16869e+07,0,348026,0,0,61.0884,61.3098,2.54191,0,1,1.37937,1.37937,0,1.06555,1.90512,8.37568e+06,3.68648e+06,1.15532e+07,0,341890,0,0
49.5271,85.1408,1.46938,0.02,0,2.90021,2.90021,0,0.543421,4.6872,4.03025e+06,2.75803e+06,1.16886e+07,0,348076,0,0,61.3568,61.3098,2.31336,0,1,1.37957,1.37957,0,1.0657,1.90512,8.37568e+06,3.68648e+06,1.15548e+07,0,341939,0,0
50.0538,85.1408,3.29821,0.02,0,2.8257,2.8257,0,0.543499,4.6872,4.03025e+06,2.75803e+06,1.13883e+07,0,339133,0,0,62.3339,61.3098,3.3906,0,1,1.31629,1.31629,0,1.06586,1.90512,8.37568e+06,3.68648e+06,1.10248e+07,0,326253,0,0
50.5355,85.1408,3.30228,0.02,0,2.8261,2.8261,0,0.529536,4.6872,4.03025e+06,2.75803e+06,1.13899e+07,0,339182,0,0,62.338,61.3098,3.22081,0,1,1.31647,1.31647,0,1.01696,1.90512,8.37568e+06,3.68648e+06,1.10264e+07,0,326300,0,0
51.7021,85.1408,4.0225,0.02,0,2.82651,2.82651,0,0.529611,4.6872,4.03025e+06,2.75803e+06,1.13915e+07,0,339230,0,0,62.338,61.3098,3.61396,0,1,1.31666,1.31666,0,1.01711,1.90512,8.37568e+06,3.68648e+06,1.10279e+07,0,326347,0,0
52.5548,85.1408,3.69167,0.02,0,2.82691,2.82691,0,0.529687,4.6872,4.03025e+06,2.75803e+06,1.13932e+07,0,339279,0,0,62.338,61.3098,4.71203,0,1,1.31685,1.31685,0,1.01725,1.90512,8.37568e+06,3.68648e+06,1.10295e+07,0,326394,0,0
53.7024,85.1408,3.95333,0.02,0,2.61439,2.61439,0,0.529764,4.6872,4.03025e+06,2.75803e+06,1.05366e+07,0,313772,0,0,62.338,61.3098,5.25764,0,1,1.18475,1.18475,0,1.0174,1.90512,8.37568e+06,3.68648e+06,9.92307e+06,0,293651,0,0
53.9713,85.1408,3.07372,0.02,0,2.61476,2.61476,0,0.489937,4.6872,4.03025e+06,2.75803e+06,1.05381e+07,0,313817,0,0,62.338,61.3098,6.08652,0,1,1.18492,1.18492,0,0.915337,1.90512,8.37568e+06,3.68648e+06,9.9245e+06,0,293693,0,0
54.979,85.1408,3.80742,0.02,0,2.61514,2.61514,0,0.490007,4.6872,4.03025e+06,2.75803e+06,1.05397e+07,0,313862,0,0,62.338,61.3098,6.27555,0,1,1.18509,1.18509,0,0.915468,1.90512,8.37568e+06,3.68648e+06,9.92592e+06,0,293735,0,0
55.0079,85.1408,2.81103,0.02,0,2.61551,2.61551,0,0.490077,4.6872,4.03025e+06,2.75803e+06,1.05412e+07,0,313908,0,0,62.338,61.3098,5.20472,0,1,1.18526,1.18526,0,0.9156,1.90512,8.37568e+06,3.68648e+06,9.92735e+06,0,293777,0,0
54.4249,85.1408,2.12624,0.02,0,2.61589,2.61589,0,0.490148,4.6872,4.03025e+06,2.75803e+06,1.05427e+07,0,313953,0,0,62.338,61.3098,3.33475,0,1,1.18543,1.18543,0,0.915731,1.90512,8.37568e+06,3.68648e+06,9.92877e+06,0,293819,0,0
55.9468,85.1408,4.52842,0.02,0,2.69822,2.69822,0,0.490218,4.6872,4.03025e+06,2.75803e+06,1.08745e+07,0,323834,0,0,62.338,61.3098,7.09371,0,1,1.22393,1.22393,0,0.915863,1.90512,8.37568e+06,3.68648e+06,1.02513e+07,0,303363,0,0
59.4817,85.1408,6.72408,0.02,0,2.69859,2.69859,0,0.505647,4.6872,4.03025e+06,2.75803e+06,1.0876e+07,0,323878,0,0,62.338,61.3098,9.72857,0,1,1.2241,1.2241,0,0.94561,1.90512,8.37568e+06,3.68648e+06,1.02527e+07,0,303404,0,0
62.862,85.1408,6.51928,0.02,0,2.69896,2.69896,0,0.505716,4.6872,4.03025e+06,2.75803e+06,1.08775e+07,0,323923,0,0,62.338,61.3098,9.92685,0,1,1.22427,1.22427,0,0.94574,1.90512,8.37568e+06,3.68648e+06,1.02541e+07,0,303446,0,0
66.2076,85.1408,6.55937,0.01,0,2.69934,2.69934,0,0.505786,4.6872,4.03025e+06,2.75803e+06,1.0879e+07,0,323968,0,0,62.338,61.3098,13.1726,0,1,1.22444,1.22444,0,0.945871,1.90512,8.37568e+06,3.68648e+06,1.02555e+07,0,303488,0,0
68.687,85.1408,5.92823,0.01,0,2.96303,2.96303,0,0.505856,4.6872,4.03025e+06,2.75803e+06,1.19418e+07,0,355616,0,0,62.338,61.3098,7.85589,0,1,1.36859,1.36859,0,0.946001,1.90512,8.37568e+06,3.68648e+06,1.14629e+07,0,339218,0,0
71.6406,85.1408,6.47807,0,0,2.96344,2.96344,0,0.555272,4.6872,4.03025e+06,2.75803e+06,1.19434e+07,0,355665,0,0,62.338,61.3098,6.13401,0,1,1.36878,1.36878,0,1.05738,1.90512,8.37568e+06,3.68648e+06,1.14645e+07,0,339265,0,0
74.4707,85.1408,6.36796,0,0,2.96385,2.96385,0,0.555349,4.6872,4.03025e+06,2.75803e+06,1.1945e+07,0,355714,0,0,62.338,61.3098,7.55972,0,1,1.36897,1.36897,0,1.05752,1.90512,8.37568e+06,3.68648e+06,1.14661e+07,0,339312,0,0
76.6219,85.1408,5.71882,0,0,2.96426,2.96426,0,0.555425,4.6872,4.03025e+06,2.75803e+06,1.19467e+07,0,355763,0,0,62.338,61.3098,6.71858,0,1,1.36916,1.36916,0,1.05767,1.90512,8.37568e+06,3.68648e+06,1.14676e+07,0,339359,0,0
81.6964,85.1408,8.36274,0,0,2.58887,2.58887,0,0.555502,4.6872,4.03025e+06,2.75803e+06,1.04338e+07,0,310710,0,0,62.338,61.3098,19.1758,0,1,1.17601,1.17601,0,1.05781,1.90512,8.37568e+06,3.68648e+06,9.84987e+06,0,291484,0,0
83.1942,85.1408,4.74049,0,0,2.58923,2.58923,0,0.485155,4.6872,4.03025e+06,2.75803e+06,1.04352e+07,0,310753,0,0,62.338,61.3098,8.30458,0,1,1.17617,1.17617,0,0.908584,1.90512,8.37568e+06,3.68648e+06,9.85122e+06,0,291524,0,0
85.1408,85.1408,5.94942,0,0,2.58959,2.58959,0,0.485222,4.6872,4.03025e+06,2.75803e+06,1.04367e+07,0,310796,0,0,62.338,61.3098,10.7549,0,1,1.17633,1.17633,0,0.908709,1.90512,8.37568e+06,3.68648e+06,9.85258e+06,0,291565,0,0
85.1408,85.1408,8.09777,0,0,2.58994,2.58994,0,0.485289,4.6872,4.03025e+06,2.75803e+06,1.04381e+07,0,310839,0,0,62.338,61.3098,14.7098,0,1,1.17649,1.17649,0,0.908835,1.90512,8.37568e+06,3.68648e+06,9.85394e+06,0,291605,0,0
85.1408,85.1408,7.37664,0,0,2.5903,2.5903,0,0.485355,4.6872,4.03025e+06,2.75803e+06,1.04396e+07,0,310881,0,0,62.338,61.3098,12.59,0,1,1.17666,1.17666,0,0.90896,1.90512,8.37568e+06,3.68648e+06,9.8553e+06,0,291645,0,0
85.1408,85.1408,7.81618,0,0,2.68531,2.68531,0,0.485422,4.6872,4.03025e+06,2.75803e+06,1.08225e+07,0,322285,0,0,62.338,61.3098,12.3332,0,1,1.22415,1.22415,0,0.909085,1.90512,8.37568e+06,3.68648e+06,1.02531e+07,0,303416,0,0
85.1408,85.1408,6.4063,0,0,2.68568,2.68568,0,0.503228,4.6872,4.03025e+06,2.75803e+06,1.0824e+07,0,322329,0,0,62.338,61.3098,10.7693,0,1,1.22432,1.22432,0,0.945778,1.90512,8.37568e+06,3.68648e+06,1.02545e+07,0,303458,0,0
85.1408,85.1408,5.64944,0,0,2.68605,2.68605,0,0.503297,4.6872,4.03025e+06,2.75803e+06,1.08255e+07,0,322373,0,0,62.338,61.3098,10.5139,0,1,1.22449,1.22449,0,0.945908,1.90512,8.37568e+06,3.68648e+06,1.02559e+07,0,303500,0,0
85.1408,85.1408,5.16604,0,0,2.68642,2.68642,0,0.503367,4.6872,4.03025e+06,2.75803e+06,1.0827e+07,0,322418,0,0,62.338,61.3098,10.4242,0,1,1.22466,1.22466,0,0.946038,1.90512,8.37568e+06,3.68648e+06,1.02573e+07,0,303542,0,0
85.1408,85.1408,5.22953,0,0,2.64976,2.64976,0,0.503436,4.6872,4.03025e+06,2.75803e+06,1.06792e+07,0,318018,0,0,62.338,61.3098,9.31751,0,1,1.20643,1.20643,0,0.946169,1.90512,8.37568e+06,3.68648e+06,1.01047e+07,0,299025,0,0
85.1408,85.1408,4.44829,0,0,2.65013,2.65013,0,0.496566,4.6872,4.03025e+06,2.75803e+06,1.06807e+07,0,318062,0,0,62.338,61.3098,7.1312,0,1,1.2066,1.2066,0,0.932089,1.90512,8.37568e+06,3.68648e+06,1.01061e+07,0,299066,0,0
85.1408,85.1408,4.09502,0,0,2.65049,2.65049,0,0.496634,4.6872,4.03025e+06,2.75803e+06,1.06821e+07,0,318106,0,0,62.338,61.3098,6.68608,0,1,1.20676,1.20676,0,0.932217,1.90512,8.37568e+06,3.68648e+06,1.01075e+07,0,299107,0,0
85.1408,85.1408,3.87039,0,0,2.65086,2.65086,0,0.496703,4.6872,4.03025e+06,2.75803e+06,1.06836e+07,0,318149,0,0,62.338,61.3098,6.24952,0,1,1.20693,1.20693,0,0.932346,1.90512,8.37568e+06,3.68648e+06,1.01089e+07,0,299148,0,0
85.1408,85.1408,3.60469,0,0,2.77699,2.77699,0,0.496771,4.6872,4.03025e+06,2.75803e+06,1.1192e+07,0,333287,0,0,62.338,61.3098,6.24458,0,1,1.27236,1.27236,0,0.932474,1.90512,8.37568e+06,3.68648e+06,1.06569e+07,0,315365,0,0
85.1408,85.1408,3.5752,0,0,2.77737,2.77737,0,0.520408,4.6872,4.03025e+06,2.75803e+06,1.11935e+07,0,333333,0,0,62.338,61.3098,5.11484,0,1,1.27253,1.27253,0,0.983024,1.90512,8.37568e+06,3.68648e+06,1.06583e+07,0,315409,0,0
85.1408,85.1408,3.33616,0,0,2.77776,2.77776,0,0.52048,4.6872,4.03025e+06,2.75803e+06,1.1195e+07,0,333379,0,0,62.338,61.3098,5.4035,0,1,1.27271,1.27271,0,0.983159,1.90512,8.37568e+06,3.68648e+06,1.06598e+07,0,315452,0,0
85.1408,85.1408,3.18452,0,0,2.77814,2.77814,0,0.520551,4.6872,4.03025e+06,2.75803e+06,1.11966e+07,0,333425,0,0,62.338,61.3098,5.34365,0,1,1.27288,1.27288,0,0.983295,1.90512,8.37568e+06,3.68648e+06,1.06613e+07,0,315496,0,0
85.0368,85.1408,3.00868,0,0,2.77852,2.77852,0,0.520623,4.6872,4.03025e+06,2.75803e+06,1.11981e+07,0,333471,0,0,62.338,61.3098,5.06391,0,1,1.27306,1.27306,0,0.98343,1.90512,8.37568e+06,3.68648e+06,1.06627e+07,0,315539,0,0
84.8935,85.1408,2.89606,0,0,2.75402,2.75402,0,0.520695,4.6872,4.03025e+06,2.75803e+06,1.10994e+07,0,330530,0,0,62.338,61.3098,3.90568,0,1,1.30913,1.30913,0,0.983566,1.90512,8.37568e+06,3.68648e+06,1.09648e+07,0,324479,0,0
84.6535,85.1408,2.75103,0,0,2.75439,2.75439,0,0.516102,4.6872,4.03025e+06,2.75803e+06,1.11009e+07,0,330576,0,0,62.338,61.3098,3.31562,0,1,1.30931,1.30931,0,1.01143,1.90512,8.37568e+06,3.68648e+06,1.09664e+07,0,324524,0,0
84.2932,85.1408,2.60814,0,0,2.75477,2.75477,0,0.516174,4.6872,4.03025e+06,2.75803e+06,1.11024e+07,0,330621,0,0,62.338,61.3098,3.20704,0,1,1.30949,1.30949,0,1.01157,1.90512,8.37568e+06,3.68648e+06,1.09679e+07,0,324569,0,0
83.7686,85.1408,2.42846,0,0,2.75515,2.75515,0,0.516245,4.6872,4.03025e+06,2.75803e+06,1.1104e+07,0,330667,0,0,62.338,61.3098,2.99084,0,1,1.30967,1.30967,0,1.01171,1.90512,8.37568e+06,3.68648e+06,1.09694e+07,0,324614,0,0
83.016,85.1408,2.23397,0,0,2.81984,2.81984,0,0.516316,4.6872,4.03025e+06,2.75803e+06,1.13647e+07,0,338430,0,0,62.338,61.3098,2.77782,0,1,1.34186,1.34186,0,1.01185,1.90512,8.37568e+06,3.68648e+06,1.1239e+07,0,332591,0,0
82.03,85.1408,1.9617,0,0,2.82023,2.82023,0,0.528438,4.6872,4.03025e+06,2.75803e+06,1.13662e+07,0,338477,0,0,62.338,61.3098,2.74107,0,1,1.34204,1.34204,0,1.03672,1.90512,8.37568e+06,3.68648e+06,1.12405e+07,0,332637,0,0
81.1473,85.1408,2.05585,0,0,2.82062,2.82062,0,0.528511,4.6872,4.03025e+06,2.75803e+06,1.13678e+07,0,338524,0,0,62.338,61.3098,3.00554,0,1,1.34223,1.34223,0,1.03686,1.90512,8.37568e+06,3.68648e+06,1.12421e+07,0,332683,0,0
80.2646,85.1408,2.08387,0,0,2.82101,2.82101,0,0.528584,4.6872,4.03025e+06,2.75803e+06,1.13694e+07,0,338570,0,0,62.338,61.3098,2.74938,0,1,1.34241,1.34241,0,1.03701,1.90512,8.37568e+06,3.68648e+06,1.12436e+07,0,332729,0,0
78.994,85.1408,1.81508,0,0,3.00983,3.00983,0,0.528657,4.6872,4.03025e+06,2.75803e+06,1.21303e+07,0,361232,0,0,62.2664,61.3098,2.70101,0,1,1.45819,1.45819,0,1.03715,1.90512,8.37568e+06,3.68648e+06,1.22133e+07,0,361425,0,0
77.6994,85.1408,1.78125,0,0,3.01024,3.01024,0,0.564042,4.6872,4.03025e+06,2.75803e+06,1.2132e+07,0,361282,0,0,62.1597,61.3098,2.65249,0,1,1.45839,1.45839,0,1.1266,1.90512,8.37568e+06,3.68648e+06,1.2215e+07,0,361475,0,0
76.6185,85.1408,2.00522,0,0,3.01066,3.01066,0,0.564119,4.6872,4.03025e+06,2.75803e+06,1.21337e+07,0,361331,0,0,62.1722,61.3098,3.23626,0,1,1.45859,1.45859,0,1.12675,1.90512,8.37568e+06,3.68648e+06,1.22167e+07,0,361525,0,0
75.1568,85.1408,1.62987,0.01,0,3.01107,3.01107,0,0.564197,4.6872,4.03025e+06,2.75803e+06,1.21354e+07,0,361381,0,0,61.9968,61.3098,2.43023,0,1,1.45879,1.45879,0,1.12691,1.90512,8.37568e+06,3.68648e+06,1.22184e+07,0,361575,0,0
74.0256,85.1408,1.93163,0.01,0,3.01149,3.01149,0,0.564275,4.6872,4.03025e+06,2.75803e+06,1.2137e+07,0,361431,0,0,62.1648,61.3098,4.00087,0,1,1.45899,1.45899,0,1.12706,1.90512,8.37568e+06,3.68648e+06,1.22201e+07,0,361625,0,0
72.459,85.1408,1.44223,0,0,2.92001,2.92001,0,0.564353,4.6872,4.03025e+06,2.75803e+06,1.17683e+07,0,350452,0,0,62.1357,61.3098,3.39443,0,1,1.38899,1.38899,0,1.12722,1.90512,8.37568e+06,3.68648e+06,1.16337e+07,0,344273,0,0
70.477,85.1408,0.967585,0,0,2.92041,2.92041,0,0.547209,4.6872,4.03025e+06,2.75803e+06,1.177e+07,0,350500,0,0,62.0239,61.3098,2.65409,0,1,1.38918,1.38918,0,1.07313,1.90512,8.37568e+06,3.68648e+06,1.16353e+07,0,344320,0,0
68.79,85.1408,1.2927,0.01,0,2.92081,2.92081,0,0.547284,4.6872,4.03025e+06,2.75803e+06,1.17716e+07,0,350548,0,0,62.0945,61.3098,3.16964,0,1,1.38937,1.38937,0,1.07328,1.90512,8.37568e+06,3.68648e+06,1.16369e+07,0,344368,0,0
68.9421,85.1408,3.28282,0.01,0,2.92121,2.92121,0,0.54736,4.6872,4.03025e+06,2.75803e+06,1.17732e+07,0,350597,0,0,62.338,61.3098,6.95087,0,1,1.38956,1.38956,0,1.07343,1.90512,8.37568e+06,3.68648e+06,1.16385e+07,0,344415,0,0
68.9904,85.1408,3.06734,0.01,0,2.84614,2.84614,0,0.547435,4.6872,4.03025e+06,2.75803e+06,1.14707e+07,0,341587,0,0,62.338,61.3098,4.29599,0,1,1.32581,1.32581,0,1.07358,1.90512,8.37568e+06,3.68648e+06,1.11046e+07,0,328614,0,0
70.5983,85.1408,4.68464,0.01,0,2.84654,2.84654,0,0.533367,4.6872,4.03025e+06,2.75803e+06,1.14722e+07,0,341634,0,0,62.338,61.3098,6.60048,0,1,1.32599,1.32599,0,1.02432,1.90512,8.37568e+06,3.68648e+06,1.11061e+07,0,328659,0,0
72.9813,85.1408,5.66298,0,0,2.84693,2.84693,0,0.533441,4.6872,4.03025e+06,2.75803e+06,1.14738e+07,0,341681,0,0,62.338,61.3098,7.99242,0,1,1.32618,1.32618,0,1.02446,1.90512,8.37568e+06,3.68648e+06,1.11076e+07,0,328705,0,0
74.671,85.1408,4.99046,0,0,2.84732,2.84732,0,0.533514,4.6872,4.03025e+06,2.75803e+06,1.14754e+07,0,341728,0,0,62.338,61.3098,6.97512,0,1,1.32636,1.32636,0,1.0246,1.90512,8.37568e+06,3.68648e+06,1.11092e+07,0,328750,0,0
76.8295,85.1408,5.29594,0,0,2.63325,2.63325,0,0.533588,4.6872,4.03025e+06,2.75803e+06,1.06126e+07,0,316036,0,0,62.338,61.3098,7.12205,0,1,1.1933,1.1933,0,1.02474,1.90512,8.37568e+06,3.68648e+06,9.99465e+06,0,295769,0,0
77.0312,85.1408,3.37727,0,0,2.63361,2.63361,0,0.493471,4.6872,4.03025e+06,2.75803e+06,1.06141e+07,0,316079,0,0,62.338,61.3098,6.57758,0,1,1.19346,1.19346,0,0.92194,1.90512,8.37568e+06,3.68648e+06,9.99603e+06,0,295810,0,0
77.8606,85.1408,3.93903,0,0,2.63397,2.63397,0,0.493539,4.6872,4.03025e+06,2.75803e+06,1.06156e+07,0,316123,0,0,62.338,61.3098,6.2877,0,1,1.19362,1.19362,0,0.922067,1.90512,8.37568e+06,3.68648e+06,9.99741e+06,0,295851,0,0
79.1847,85.1408,4.67274,0,0,2.63434,2.63434,0,0.493607,4.6872,4.03025e+06,2.75803e+06,1.0617e+07,0,316167,0,0,62.338,61.3098,10.9357,0,1,1.19379,1.19379,0,0.922194,1.90512,8.37568e+06,3.68648e+06,9.99879e+06,0,295891,0,0
80.2003,85.1408,4.11175,0,0,2.6347,2.6347,0,0.493675,4.6872,4.03025e+06,2.75803e+06,1.06185e+07,0,316210,0,0,62.338,61.3098,10.7987,0,1,1.19395,1.19395,0,0.922321,1.90512,8.37568e+06,3.68648e+06,1.00002e+07,0,295932,0,0
81.7816,85.1408,4.9836,0,0,2.71761,2.71761,0,0.493743,4.6872,4.03025e+06,2.75803e+06,1.09526e+07,0,326161,0,0,62.338,61.3098,5.56847,0,1,1.23273,1.23273,0,0.922449,1.90512,8.37568e+06,3.68648e+06,1.03249e+07,0,305543,0,0
85.1408,85.1408,7.52661,0,0,2.71797,2.71797,0,0.50928,4.6872,4.03025e+06,2.75803e+06,1.09541e+07,0,326204,0,0,62.338,61.3098,4.69784,0,1,1.23289,1.23289,0,0.952405,1.90512,8.37568e+06,3.68648e+06,1.03263e+07,0,305583,0,0
85.1408,85.1408,8.48805,0,0,2.71833,2.71833,0,0.509348,4.6872,4.03025e+06,2.75803e+06,1.09555e+07,0,326247,0,0,62.338,61.3098,5.80529,0,1,1.23305,1.23305,0,0.952531,1.90512,8.37568e+06,3.68648e+06,1.03277e+07,0,305623,0,0
85.1408,85.1408,6.11019,0,0,2.71869,2.71869,0,0.509415,4.6872,4.03025e+06,2.75803e+06,1.0957e+07,0,326290,0,0,62.338,61.3098,4.35968,0,1,1.23322,1.23322,0,0.952657,1.90512,8.37568e+06,3.68648e+06,1.0329e+07,0,305664,0,0
85.1408,85.1408,8.21032,0,0,2.98426,2.98426,0,0.509483,4.6872,4.03025e+06,2.75803e+06,1.20273e+07,0,358163,0,0,62.338,61.3098,4.507,0,1,1.3784,1.3784,0,0.952783,1.90512,8.37568e+06,3.68648e+06,1.1545e+07,0,341649,0,0
85.1408,85.1408,6.33081,0,0,2.98466,2.98466,0,0.55925,4.6872,4.03025e+06,2.75803e+06,1.20289e+07,0,358211,0,0,62.338,61.3098,3.58882,0,1,1.37858,1.37858,0,1.06495,1.90512,8.37568e+06,3.68648e+06,1.15466e+07,0,341694,0,0
85.1408,85.1408,8.08951,0,0,2.98505,2.98505,0,0.559324,4.6872,4.03025e+06,2.75803e+06,1.20305e+07,0,358258,0,0,62.338,61.3098,3.7109,0,1,1.37876,1.37876,0,1.06509,1.90512,8.37568e+06,3.68648e+06,1.15481e+07,0,341739,0,0
85.1408,85.1408,5.53266,0,0,2.98545,2.98545,0,0.559398,4.6872,4.03025e+06,2.75803e+06,1.20321e+07,0,358306,0,0,62.338,61.3098,3.23916,0,1,1.37895,1.37895,0,1.06523,1.90512,8.37568e+06,3.68648e+06,1.15496e+07,0,341784,0,0
85.1408,85.1408,6.3488,0,0,2.60737,2.60737,0,0.559473,4.6872,4.03025e+06,2.75803e+06,1.05083e+07,0,312930,0,0,62.338,61.3098,3.41991,0,1,1.18441,1.18441,0,1.06537,1.90512,8.37568e+06,3.68648e+06,9.92023e+06,0,293566,0,0
85.1408,85.1408,6.06022,0,0,2.60771,2.60771,0,0.48862,4.6872,4.03025e+06,2.75803e+06,1.05097e+07,0,312971,0,0,62.338,61.3098,2.65897,0,1,1.18457,1.18457,0,0.915074,1.90512,8.37568e+06,3.68648e+06,9.92154e+06,0,293605,0,0
85.1408,85.1408,7.68454,0,0,2.60806,2.60806,0,0.488685,4.6872,4.03025e+06,2.75803e+06,1.05111e+07,0,313012,0,0,62.338,61.3098,3.72303,0,1,1.18472,1.18472,0,0.915196,1.90512,8.37568e+06,3.68648e+06,9.92286e+06,0,293644,0,0
85.1408,85.1408,9.52192,0,0,2.6084,2.6084,0,0.48875,4.6872,4.03025e+06,2.75803e+06,1.05125e+07,0,313054,0,0,62.338,61.3098,5.81938,0,1,1.18488,1.18488,0,0.915317,1.90512,8.37568e+06,3.68648e+06,9.92417e+06,0,293683,0,0
85.1408,85.1408,6.43836,0,0,2.60875,2.60875,0,0.488815,4.6872,4.03025e+06,2.75803e+06,1.05139e+07,0,313095,0,0,62.338,61.3098,3.17537,0,1,1.18504,1.18504,0,0.915438,1.90512,8.37568e+06,3.68648e+06,9.92548e+06,0,293722,0,0
85.1408,85.1408,6.69571,0,0,2.70442,2.70442,0,0.488879,4.6872,4.03025e+06,2.75803e+06,1.08995e+07,0,324578,0,0,62.338,61.3098,3.93301,0,1,1.23286,1.23286,0,0.915559,1.90512,8.37568e+06,3.68648e+06,1.0326e+07,0,305576,0,0
85.1408,85.1408,5.07384,0,0,2.70478,2.70478,0,0.506809,4.6872,4.03025e+06,2.75803e+06,1.09009e+07,0,324621,0,0,62.338,61.3098,3.49899,0,1,1.23302,1.23302,0,0.952509,1.90512,8.37568e+06,3.68648e+06,1.03274e+07,0,305616,0,0
85.1408,85.1408,6.79192,0,0,2.70514,2.70514,0,0.506876,4.6872,4.03025e+06,2.75803e+06,1.09024e+07,0,324664,0,0,62.338,61.3098,4.76424,0,1,1.23319,1.23319,0,0.952635,1.90512,8.37568e+06,3.68648e+06,1.03288e+07,0,305657,0,0
85.1408,85.1408,4.79458,0,0,2.7055,2.7055,0,0.506943,4.6872,4.03025e+06,2.75803e+06,1.09038e+07,0,324707,0,0,62.338,61.3098,3.18786,0,1,1.23335,1.23335,0,0.952761,1.90512,8.37568e+06,3.68648e+06,1.03301e+07,0,305697,0,0
85.1408,85.1408,3.96288,0,0,2.66856,2.66856,0,0.507011,4.6872,4.03025e+06,2.75803e+06,1.0755e+07,0,320274,0,0,62.2585,61.3098,2.50779,0,1,1.21499,1.21499,0,0.952887,1.90512,8.37568e+06,3.68648e+06,1.01764e+07,0,301146,0,0
85.1408,85.1408,3.82807,0,0,2.66892,2.66892,0,0.500089,4.6872,4.03025e+06,2.75803e+06,1.07564e+07,0,320317,0,0,62.2828,61.3098,2.15393,0,1,1.21515,1.21515,0,0.938702,1.90512,8.37568e+06,3.68648e+06,1.01777e+07,0,301186,0,0
85.1408,85.1408,3.8197,0,0,2.66927,2.66927,0,0.500155,4.6872,4.03025e+06,2.75803e+06,1.07578e+07,0,320359,0,0,62.2839,61.3098,2.14075,0,1,1.21531,1.21531,0,0.938826,1.90512,8.37568e+06,3.68648e+06,1.01791e+07,0,301226,0,0
85.1408,85.1408,3.28315,0,0,2.66963,2.66963,0,0.500221,4.6872,4.03025e+06,2.75803e+06,1.07593e+07,0,320402,0,0,62.338,61.3098,2.01339,0,1,1.21547,1.21547,0,0.938951,1.90512,8.37568e+06,3.68648e+06,1.01804e+07,0,301266,0,0
85.1408,85.1408,3.18173,0,0,2.79663,2.79663,0,0.500288,4.6872,4.03025e+06,2.75803e+06,1.12711e+07,0,335645,0,0,62.338,61.3098,2.10556,0,1,1.28136,1.28136,0,0.939075,1.90512,8.37568e+06,3.68648e+06,1.07322e+07,0,317596,0,0
85.1408,85.1408,3.48762,0,0,2.797,2.797,0,0.524089,4.6872,4.03025e+06,2.75803e+06,1.12726e+07,0,335689,0,0,62.319,61.3098,2.18774,0,1,1.28153,1.28153,0,0.989978,1.90512,8.37568e+06,3.68648e+06,1.07337e+07,0,317638,0,0
85.1408,85.1408,3.09631,0,0,2.79738,2.79738,0,0.524159,4.6872,4.03025e+06,2.75803e+06,1.12741e+07,0,335734,0,0,62.2779,61.3098,2.07416,0,1,1.2817,1.2817,0,0.990109,1.90512,8.37568e+06,3.68648e+06,1.07351e+07,0,317680,0,0
84.8678,85.1408,2.79444,0,0,2.79775,2.79775,0,0.524228,4.6872,4.03025e+06,2.75803e+06,1.12756e+07,0,335778,0,0,62.3128,61.3098,1.83296,0,1,1.28187,1.28187,0,0.99024,1.90512,8.37568e+06,3.68648e+06,1.07365e+07,0,317723,0,0
84.4048,85.1408,2.57409,0,0,2.79812,2.79812,0,0.524298,4.6872,4.03025e+06,2.75803e+06,1.12771e+07,0,335823,0,0,62.2519,61.3098,1.86375,0,1,1.28204,1.28204,0,0.990371,1.90512,8.37568e+06,3.68648e+06,1.07379e+07,0,317765,0,0
83.7343,85.1408,2.34384,0,0,2.77342,2.77342,0,0.524367,4.6872,4.03025e+06,2.75803e+06,1.11776e+07,0,332859,0,0,62.274,61.3098,1.82707,0,1,1.31835,1.31835,0,0.990503,1.90512,8.37568e+06,3.68648e+06,1.10421e+07,0,326766,0,0
82.8726,85.1408,2.09375,0,0,2.77379,2.77379,0,0.51974,4.6872,4.03025e+06,2.75803e+06,1.11791e+07,0,332903,0,0,62.3345,61.3098,1.94985,0,1,1.31853,1.31853,0,1.01856,1.90512,8.37568e+06,3.68648e+06,1.10436e+07,0,326809,0,0
81.8736,85.1408,1.94037,0,0,2.77416,2.77416,0,0.519808,4.6872,4.03025e+06,2.75803e+06,1.11805e+07,0,332948,0,0,62.338,61.3098,1.93349,0,1,1.3187,1.3187,0,1.0187,1.90512,8.37568e+06,3.68648e+06,1.1045e+07,0,326853,0,0
80.7628,85.1408,1.81416,0,0,2.77453,2.77453,0,0.519877,4.6872,4.03025e+06,2.75803e+06,1.1182e+07,0,332992,0,0,62.3353,61.3098,1.98612,0,1,1.31888,1.31888,0,1.01883,1.90512,8.37568e+06,3.68648e+06,1.10465e+07,0,326896,0,0
79.6029,85.1408,1.80211,0,0,2.83965,2.83965,0,0.519946,4.6872,4.03025e+06,2.75803e+06,1.14445e+07,0,340808,0,0,62.338,61.3098,1.90886,0,1,1.35129,1.35129,0,1.01897,1.90512,8.37568e+06,3.68648e+06,1.13179e+07,0,334928,0,0
78.5536,85.1408,1.90161,0,0,2.84003,2.84003,0,0.532151,4.6872,4.03025e+06,2.75803e+06,1.1446e+07,0,340853,0,0,62.338,61.3098,2.01116,0,1,1.35146,1.35146,0,1.044,1.90512,8.37568e+06,3.68648e+06,1.13194e+07,0,334973,0,0
77.3586,85.1408,1.7425,0,0,2.84041,2.84041,0,0.532222,4.6872,4.03025e+06,2.75803e+06,1.14475e+07,0,340899,0,0,62.2653,61.3098,1.94573,0,1,1.35164,1.35164,0,1.04414,1.90512,8.37568e+06,3.68648e+06,1.13209e+07,0,335017,0,0
76.0168,85.1408,1.58167,0,0,2.84078,2.84078,0,0.532292,4.6872,4.03025e+06,2.75803e+06,1.14491e+07,0,340944,0,0,62.1488,61.3098,1.78346,0,1,1.35182,1.35182,0,1.04428,1.90512,8.37568e+06,3.68648e+06,1.13224e+07,0,335061,0,0
74.3543,85.1408,1.39114,0,0,3.03091,3.03091,0,0.532363,4.6872,4.03025e+06,2.75803e+06,1.22153e+07,0,363762,0,0,61.8591,61.3098,1.76032,0,1,1.4684,1.4684,0,1.04442,1.90512,8.37568e+06,3.68648e+06,1.22989e+07,0,363957,0,0
72.3862,85.1408,1.06418,0,0,3.03131,3.03131,0,0.567992,4.6872,4.03025e+06,2.75803e+06,1.22169e+07,0,363810,0,0,61.4752,61.3098,1.67821,0,1,1.4686,1.4686,0,1.13449,1.90512,8.37568e+06,3.68648e+06,1.23005e+07,0,364005,0,0
70.2777,85.1408,0.896865,0,0,3.03171,3.03171,0,0.568068,4.6872,4.03025e+06,2.75803e+06,1.22186e+07,0,363858,0,0,61.0303,61.3098,1.54246,0,1,1.46879,1.46879,0,1.13464,1.90512,8.37568e+06,3.68648e+06,1.23021e+07,0,364053,0,0
68.2406,85.1408,0.946489,0.01,0,3.03211,3.03211,0,0.568143,4.6872,4.03025e+06,2.75803e+06,1.22202e+07,0,363907,0,0,60.78,61.3098,1.52222,0,1,1.46899,1.46899,0,1.13479,1.90512,8.37568e+06,3.68648e+06,1.23038e+07,0,364102,0,0
66.6563,85.1408,1.41912,0.01,0,3.03252,3.03252,0,0.568218,4.6872,4.03025e+06,2.75803e+06,1.22218e+07,0,363955,0,0,60.6255,61.3098,1.81965,0,1,1.46918,1.46918,0,1.13494,1.90512,8.37568e+06,3.68648e+06,1.23054e+07,0,364150,0,0
65.6107,85.1408,1.89919,0.01,0,2.94038,2.94038,0,0.568294,4.6872,4.03025e+06,2.75803e+06,1.18505e+07,0,352897,0,0,60.8345,61.3098,2.49542,0,1,1.39868,1.39868,0,1.13509,1.90512,8.37568e+06,3.68648e+06,1.17149e+07,0,346675,0,0
64.3384,85.1408,1.67291,0.02,0,2.94077,2.94077,0,0.551027,4.6872,4.03025e+06,2.75803e+06,1.1852e+07,0,352944,0,0,61.3004,61.3098,3.22267,0,1,1.39886,1.39886,0,1.08062,1.90512,8.37568e+06,3.68648e+06,1.17164e+07,0,346721,0,0
63.6879,85.1408,2.32093,0.02,0,2.94116,2.94116,0,0.5511,4.6872,4.03025e+06,2.75803e+06,1.18536e+07,0,352991,0,0,61.8868,61.3098,3.59112,0,1,1.39905,1.39905,0,1.08076,1.90512,8.37568e+06,3.68648e+06,1.1718e+07,0,346767,0,0
63.8606,85.1408,3.25851,0.02,0,2.94155,2.94155,0,0.551173,4.6872,4.03025e+06,2.75803e+06,1.18552e+07,0,353037,0,0,62.338,61.3098,5.88475,0,1,1.39924,1.39924,0,1.08091,1.90512,8.37568e+06,3.68648e+06,1.17195e+07,0,346813,0,0
63.6468,85.1408,2.8749,0.02,0,2.86594,2.86594,0,0.551247,4.6872,4.03025e+06,2.75803e+06,1.15505e+07,0,343963,0,0,62.338,61.3098,4.28546,0,1,1.33503,1.33503,0,1.08105,1.90512,8.37568e+06,3.68648e+06,1.11818e+07,0,330900,0,0
64.8681,85.1408,4.55691,0.02,0,2.86632,2.86632,0,0.537078,4.6872,4.03025e+06,2.75803e+06,1.1552e+07,0,344009,0,0,62.338,61.3098,7.32988,0,1,1.33521,1.33521,0,1.03145,1.90512,8.37568e+06,3.68648e+06,1.11833e+07,0,330944,0,0
65.87,85.1408,4.2931,0.02,0,2.8667,2.8667,0,0.537149,4.6872,4.03025e+06,2.75803e+06,1.15535e+07,0,344054,0,0,62.338,61.3098,4.28322,0,1,1.33539,1.33539,0,1.03158,1.90512,8.37568e+06,3.68648e+06,1.11848e+07,0,330988,0,0
67.1122,85.1408,4.31349,0.02,0,2.86708,2.86708,0,0.53722,4.6872,4.03025e+06,2.75803e+06,1.15551e+07,0,344100,0,0,62.338,61.3098,3.79939,0,1,1.33556,1.33556,0,1.03172,1.90512,8.37568e+06,3.68648e+06,1.11863e+07,0,331032,0,0
68.3138,85.1408,4.1309,0.01,0,2.65151,2.65151,0,0.537291,4.6872,4.03025e+06,2.75803e+06,1.06862e+07,0,318228,0,0,62.338,61.3098,5.46964,0,1,1.20157,1.20157,0,1.03186,1.90512,8.37568e+06,3.68648e+06,1.0064e+07,0,297820,0,0
71.204,85.1408,5.90765,0,0,2.65186,2.65186,0,0.496893,4.6872,4.03025e+06,2.75803e+06,1.06877e+07,0,318270,0,0,62.338,61.3098,6.31224,0,1,1.20173,1.20173,0,0.928334,1.90512,8.37568e+06,3.68648e+06,1.00653e+07,0,297860,0,0
72.7689,85.1408,4.56292,0,0,2.65221,2.65221,0,0.496959,4.6872,4.03025e+06,2.75803e+06,1.06891e+07,0,318312,0,0,62.338,61.3098,6.05566,0,1,1.20189,1.20189,0,0.928457,1.90512,8.37568e+06,3.68648e+06,1.00666e+07,0,297899,0,0
75.3506,85.1408,5.77306,0,0,2.65257,2.65257,0,0.497025,4.6872,4.03025e+06,2.75803e+06,1.06905e+07,0,318354,0,0,62.338,61.3098,8.16251,0,1,1.20205,1.20205,0,0.92858,1.90512,8.37568e+06,3.68648e+06,1.0068e+07,0,297939,0,0
75.6355,85.1408,3.3403,0,0,2.65292,2.65292,0,0.497091,4.6872,4.03025e+06,2.75803e+06,1.06919e+07,0,318396,0,0,62.338,61.3098,4.81557,0,1,1.20221,1.20221,0,0.928703,1.90512,8.37568e+06,3.68648e+06,1.00693e+07,0,297978,0,0
76.7792,85.1408,4.36621,0,0,2.65292,2.65292,0,0.497157,4.6872,4.03025e+06,2.75803e+06,1.06919e+07,0,318396,0,0,62.338,61.3098,4.92627,0,1,1.20221,1.20221,0,0.928826,1.90512,8.37568e+06,3.68648e+06,1.00693e+07,0,297978,0,0
83.9118,85.1408,10.3944,0,0,2.73639,2.73639,0,0.497157,4.6872,4.03025e+06,2.75803e+06,1.10283e+07,0,328414,0,0,62.338,61.3098,11.0789,0,1,1.24124,1.24124,0,0.928826,1.90512,8.37568e+06,3.68648e+06,1.03963e+07,0,307653,0,0
85.1408,85.1408,18.1411,0,0,2.73673,2.73673,0,0.512799,4.6872,4.03025e+06,2.75803e+06,1.10297e+07,0,328456,0,0,62.338,61.3098,19.1664,0,1,1.2414,1.2414,0,0.958985,1.90512,8.37568e+06,3.68648e+06,1.03976e+07,0,307692,0,0
85.1408,85.1408,19.6028,0,0,2.73708,2.73708,0,0.512864,4.6872,4.03025e+06,2.75803e+06,1.10311e+07,0,328498,0,0,62.338,61.3098,13.8531,0,1,1.24156,1.24156,0,0.959107,1.90512,8.37568e+06,3.68648e+06,1.03989e+07,0,307732,0,0
85.1408,85.1408,16.5311,0,0,2.73743,2.73743,0,0.512929,4.6872,4.03025e+06,2.75803e+06,1.10325e+07,0,328539,0,0,62.338,61.3098,11.3168,0,1,1.24172,1.24172,0,0.959229,1.90512,8.37568e+06,3.68648e+06,1.04002e+07,0,307771,0,0
85.1408,85.1408,24.2094,0,0,3.00481,3.00481,0,0.512994,4.6872,4.03025e+06,2.75803e+06,1.21101e+07,0,360630,0,0,62.338,61.3098,22.6413,0,1,1.38789,1.38789,0,0.959351,1.90512,8.37568e+06,3.68648e+06,1.16245e+07,0,344002,0,0
85.1408,85.1408,19.5905,0,0,3.0052,3.0052,0,0.563102,4.6872,4.03025e+06,2.75803e+06,1.21117e+07,0,360676,0,0,62.338,61.3098,15.8477,0,1,1.38807,1.38807,0,1.07229,1.90512,8.37568e+06,3.68648e+06,1.1626e+07,0,344045,0,0
85.1408,85.1408,17.6851,0,0,3.00558,3.00558,0,0.563174,4.6872,4.03025e+06,2.75803e+06,1.21132e+07,0,360722,0,0,62.338,61.3098,12.5729,0,1,1.38825,1.38825,0,1.07242,1.90512,8.37568e+06,3.68648e+06,1.16275e+07,0,344089,0,0
85.1408,85.1408,18.7851,0,0,3.00596,3.00596,0,0.563245,4.6872,4.03025e+06,2.75803e+06,1.21148e+07,0,360768,0,0,62.338,61.3098,15.4542,0,1,1.38842,1.38842,0,1.07256,1.90512,8.37568e+06,3.68648e+06,1.1629e+07,0,344133,0,0
85.1408,85.1408,9.41289,0,0,2.62527,2.62527,0,0.563317,4.6872,4.03025e+06,2.75803e+06,1.05805e+07,0,315078,0,0,62.338,61.3098,12.2867,0,1,1.19254,1.19254,0,1.0727,1.90512,8.37568e+06,3.68648e+06,9.98834e+06,0,295582,0,0
85.1408,85.1408,7.26277,0,0,2.6256,2.6256,0,0.491975,4.6872,4.03025e+06,2.75803e+06,1.05818e+07,0,315118,0,0,62.338,61.3098,7.96725,0,1,1.19269,1.19269,0,0.921357,1.90512,8.37568e+06,3.68648e+06,9.98961e+06,0,295620,0,0
85.1408,85.1408,10.4916,0,0,2.62594,2.62594,0,0.492038,4.6872,4.03025e+06,2.75803e+06,1.05832e+07,0,315158,0,0,62.338,61.3098,14.0376,0,1,1.19284,1.19284,0,0.921475,1.90512,8.37568e+06,3.68648e+06,9.99088e+06,0,295657,0,0
85.1408,85.1408,12.7414,0,0,2.62627,2.62627,0,0.492101,4.6872,4.03025e+06,2.75803e+06,1.05845e+07,0,315198,0,0,62.338,61.3098,16.3237,0,1,1.193,1.193,0,0.921592,1.90512,8.37568e+06,3.68648e+06,9.99215e+06,0,295695,0,0
85.1408,85.1408,9.84686,0,0,2.6266,2.6266,0,0.492163,4.6872,4.03025e+06,2.75803e+06,1.05859e+07,0,315238,0,0,62.338,61.3098,12.868,0,1,1.19315,1.19315,0,0.921709,1.90512,8.37568e+06,3.68648e+06,9.99342e+06,0,295732,0,0
85.1408,85.1408,10.9469,0,0,2.72292,2.72292,0,0.492226,4.6872,4.03025e+06,2.75803e+06,1.0974e+07,0,326798,0,0,62.338,61.3098,24.1189,0,1,1.24129,1.24129,0,0.921826,1.90512,8.37568e+06,3.68648e+06,1.03967e+07,0,307666,0,0
85.1408,85.1408,8.09014,0,0,2.72327,2.72327,0,0.510275,4.6872,4.03025e+06,2.75803e+06,1.09754e+07,0,326840,0,0,62.338,61.3098,17.2821,0,1,1.24145,1.24145,0,0.959023,1.90512,8.37568e+06,3.68648e+06,1.0398e+07,0,307705,0,0
85.1408,85.1408,7.1514,0,0,2.72361,2.72361,0,0.51034,4.6872,4.03025e+06,2.75803e+06,1.09768e+07,0,326881,0,0,62.338,61.3098,14.5888,0,1,1.24161,1.24161,0,0.959145,1.90512,8.37568e+06,3.68648e+06,1.03993e+07,0,307744,0,0
85.1408,85.1408,6.18122,0,0,2.72396,2.72396,0,0.510405,4.6872,4.03025e+06,2.75803e+06,1.09782e+07,0,326923,0,0,62.338,61.3098,14.4426,0,1,1.24177,1.24177,0,0.959267,1.90512,8.37568e+06,3.68648e+06,1.04006e+07,0,307783,0,0
85.1408,85.1408,6.4055,0,0,2.68676,2.68676,0,0.51047,4.6872,4.03025e+06,2.75803e+06,1.08283e+07,0,322458,0,0,62.338,61.3098,8.19527,0,1,1.22328,1.22328,0,0.959389,1.90512,8.37568e+06,3.68648e+06,1.02458e+07,0,303200,0,0
85.1408,85.1408,5.74421,0,0,2.6871,2.6871,0,0.503499,4.6872,4.03025e+06,2.75803e+06,1.08297e+07,0,322499,0,0,62.338,61.3098,6.40012,0,1,1.22343,1.22343,0,0.945102,1.90512,8.37568e+06,3.68648e+06,1.02471e+07,0,303238,0,0
85.1408,85.1408,5.09741,0,0,2.68744,2.68744,0,0.503563,4.6872,4.03025e+06,2.75803e+06,1.08311e+07,0,322540,0,0,62.338,61.3098,5.94935,0,1,1.22359,1.22359,0,0.945223,1.90512,8.37568e+06,3.68648e+06,1.02484e+07,0,303277,0,0
85.1408,85.1408,5.01669,0,0,2.68778,2.68778,0,0.503627,4.6872,4.03025e+06,2.75803e+06,1.08324e+07,0,322581,0,0,62.338,61.3098,6.257,0,1,1.22374,1.22374,0,0.945343,1.90512,8.37568e+06,3.68648e+06,1.02497e+07,0,303315,0,0
85.1408,85.1408,5.37485,0,0,2.81564,2.81564,0,0.503691,4.6872,4.03025e+06,2.75803e+06,1.13477e+07,0,337926,0,0,62.338,61.3098,6.19444,0,1,1.29007,1.29007,0,0.945463,1.90512,8.37568e+06,3.68648e+06,1.08052e+07,0,319755,0,0
85.1408,85.1408,5.21029,0,0,2.816,2.816,0,0.527652,4.6872,4.03025e+06,2.75803e+06,1.13492e+07,0,337969,0,0,62.338,61.3098,4.96646,0,1,1.29023,1.29023,0,0.996707,1.90512,8.37568e+06,3.68648e+06,1.08066e+07,0,319796,0,0
85.1408,85.1408,4.66902,0,0,2.81636,2.81636,0,0.527719,4.6872,4.03025e+06,2.75803e+06,1.13506e+07,0,338012,0,0,62.338,61.3098,4.75677,0,1,1.2904,1.2904,0,0.996833,1.90512,8.37568e+06,3.68648e+06,1.08079e+07,0,319836,0,0
85.1408,85.1408,4.28931,0,0,2.81672,2.81672,0,0.527786,4.6872,4.03025e+06,2.75803e+06,1.13521e+07,0,338055,0,0,62.338,61.3098,3.97493,0,1,1.29056,1.29056,0,0.99696,1.90512,8.37568e+06,3.68648e+06,1.08093e+07,0,319877,0,0
85.1408,85.1408,4.05,0,0,2.81708,2.81708,0,0.527853,4.6872,4.03025e+06,2.75803e+06,1.13535e+07,0,338098,0,0,62.338,61.3098,4.20881,0,1,1.29072,1.29072,0,0.997087,1.90512,8.37568e+06,3.68648e+06,1.08107e+07,0,319918,0,0
85.1408,85.1408,3.74685,0,0,2.7922,2.7922,0,0.52792,4.6872,4.03025e+06,2.75803e+06,1.12533e+07,0,335113,0,0,62.338,61.3098,4.26605,0,1,1.32728,1.32728,0,0.997214,1.90512,8.37568e+06,3.68648e+06,1.11169e+07,0,328978,0,0
85.1408,85.1408,3.42377,0,0,2.79256,2.79256,0,0.523258,4.6872,4.03025e+06,2.75803e+06,1.12547e+07,0,335156,0,0,62.338,61.3098,4.19055,0,1,1.32745,1.32745,0,1.02546,1.90512,8.37568e+06,3.68648e+06,1.11183e+07,0,329020,0,0
85.1408,85.1408,3.10388,0,0,2.79291,2.79291,0,0.523325,4.6872,4.03025e+06,2.75803e+06,1.12561e+07,0,335198,0,0,62.338,61.3098,3.80219,0,1,1.32762,1.32762,0,1.02559,1.90512,8.37568e+06,3.68648e+06,1.11197e+07,0,329062,0,0
85.0859,85.1408,2.93493,0,0,2.79327,2.79327,0,0.523392,4.6872,4.03025e+06,2.75803e+06,1.12576e+07,0,335241,0,0,62.338,61.3098,3.71484,0,1,1.32779,1.32779,0,1.02572,1.90512,8.37568e+06,3.68648e+06,1.11211e+07,0,329104,0,0
84.5309,85.1408,2.48136,0,0,2.85882,2.85882,0,0.523458,4.6872,4.03025e+06,2.75803e+06,1.15218e+07,0,343108,0,0,62.338,61.3098,2.72388,0,1,1.36041,1.36041,0,1.02585,1.90512,8.37568e+06,3.68648e+06,1.13943e+07,0,337189,0,0
83.7954,85.1408,2.2669,0,0,2.85918,2.85918,0,0.535743,4.6872,4.03025e+06,2.75803e+06,1.15232e+07,0,343152,0,0,62.338,61.3098,2.62302,0,1,1.36058,1.36058,0,1.05105,1.90512,8.37568e+06,3.68648e+06,1.13958e+07,0,337232,0,0
82.8848,85.1408,2.08069,0,0,2.85955,2.85955,0,0.535811,4.6872,4.03025e+06,2.75803e+06,1.15247e+07,0,343196,0,0,62.338,61.3098,2.31787,0,1,1.36075,1.36075,0,1.05118,1.90512,8.37568e+06,3.68648e+06,1.13972e+07,0,337275,0,0
82.0987,85.1408,2.18806,0,0,2.85991,2.85991,0,0.535879,4.6872,4.03025e+06,2.75803e+06,1.15262e+07,0,343239,0,0,62.338,61.3098,2.73041,0,1,1.36092,1.36092,0,1.05132,1.90512,8.37568e+06,3.68648e+06,1.13987e+07,0,337317,0,0
80.8312,85.1408,1.84642,0,0,3.0513,3.0513,0,0.535947,4.6872,4.03025e+06,2.75803e+06,1.22975e+07,0,366209,0,0,62.338,61.3098,2.76992,0,1,1.47828,1.47828,0,1.05145,1.90512,8.37568e+06,3.68648e+06,1.23816e+07,0,366406,0,0
79.1367,85.1408,1.38568,0,0,3.05169,3.05169,0,0.571814,4.6872,4.03025e+06,2.75803e+06,1.22991e+07,0,366256,0,0,62.338,61.3098,2.54869,0,1,1.47847,1.47847,0,1.14212,1.90512,8.37568e+06,3.68648e+06,1.23832e+07,0,366452,0,0
77.7055,85.1408,1.64191,0,0,3.05208,3.05208,0,0.571887,4.6872,4.03025e+06,2.75803e+06,1.23006e+07,0,366303,0,0,62.338,61.3098,2.75777,0,1,1.47866,1.47866,0,1.14227,1.90512,8.37568e+06,3.68648e+06,1.23848e+07,0,366499,0,0
77.3499,85.1408,2.8024,0,0,3.05247,3.05247,0,0.571959,4.6872,4.03025e+06,2.75803e+06,1.23022e+07,0,366349,0,0,62.338,61.3098,3.32327,0,1,1.47885,1.47885,0,1.14241,1.90512,8.37568e+06,3.68648e+06,1.23863e+07,0,366546,0,0
76.8297,85.1408,2.64616,0,0,3.05285,3.05285,0,0.572032,4.6872,4.03025e+06,2.75803e+06,1.23038e+07,0,366396,0,0,62.338,61.3098,3.20581,0,1,1.47904,1.47904,0,1.14256,1.90512,8.37568e+06,3.68648e+06,1.23879e+07,0,366592,0,0
75.3807,85.1408,1.58436,0,0,2.96009,2.96009,0,0.572105,4.6872,4.03025e+06,2.75803e+06,1.19299e+07,0,355262,0,0,62.338,61.3098,2.65198,0,1,1.40805,1.40805,0,1.1427,1.90512,8.37568e+06,3.68648e+06,1.17934e+07,0,348998,0,0
73.9693,85.1408,1.61691,0.01,0,2.96046,2.96046,0,0.55472,4.6872,4.03025e+06,2.75803e+06,1.19314e+07,0,355307,0,0,62.338,61.3098,2.69352,0,1,1.40823,1.40823,0,1.08786,1.90512,8.37568e+06,3.68648e+06,1.17949e+07,0,349043,0,0
72.2594,85.1408,1.29134,0.01,0,2.96084,2.96084,0,0.554791,4.6872,4.03025e+06,2.75803e+06,1.19329e+07,0,355352,0,0,62.2285,61.3098,2.27629,0,1,1.40841,1.40841,0,1.088,1.90512,8.37568e+06,3.68648e+06,1.17964e+07,0,349087,0,0
70.9045,85.1408,1.62516,0.01,0,2.96122,2.96122,0,0.554861,4.6872,4.03025e+06,2.75803e+06,1.19344e+07,0,355398,0,0,62.1248,61.3098,2.36919,0,1,1.40859,1.40859,0,1.08814,1.90512,8.37568e+06,3.68648e+06,1.17979e+07,0,349132,0,0
69.4733,85.1408,1.46806,0.01,0,2.88509,2.88509,0,0.554932,4.6872,4.03025e+06,2.75803e+06,1.16276e+07,0,346261,0,0,62.0368,61.3098,2.15189,0,1,1.34395,1.34395,0,1.08828,1.90512,8.37568e+06,3.68648e+06,1.12565e+07,0,333110,0,0
68.1508,85.1408,1.71824,0.01,0,2.88545,2.88545,0,0.540665,4.6872,4.03025e+06,2.75803e+06,1.16291e+07,0,346305,0,0,61.7839,61.3098,1.51562,0,1,1.34412,1.34412,0,1.03834,1.90512,8.37568e+06,3.68648e+06,1.12579e+07,0,333153,0,0
66.5616,85.1408,1.41804,0.01,0,2.88582,2.88582,0,0.540734,4.6872,4.03025e+06,2.75803e+06,1.16306e+07,0,346349,0,0,61.5605,61.3098,1.56167,0,1,1.34429,1.34429,0,1.03847,1.90512,8.37568e+06,3.68648e+06,1.12594e+07,0,333195,0,0
67.0486,85.1408,3.62625,0.02,0,2.88619,2.88619,0,0.540803,4.6872,4.03025e+06,2.75803e+06,1.16321e+07,0,346393,0,0,62.0456,61.3098,4.80309,0,1,1.34447,1.34447,0,1.0386,1.90512,8.37568e+06,3.68648e+06,1.12608e+07,0,333238,0,0
68.1687,85.1408,4.15266,0.01,0,2.66917,2.66917,0,0.540872,4.6872,4.03025e+06,2.75803e+06,1.07574e+07,0,320347,0,0,62.338,61.3098,4.37739,0,1,1.20957,1.20957,0,1.03873,1.90512,8.37568e+06,3.68648e+06,1.0131e+07,0,299803,0,0
68.4744,85.1408,3.35368,0,0,2.66951,2.66951,0,0.500202,4.6872,4.03025e+06,2.75803e+06,1.07588e+07,0,320387,0,0,62.338,61.3098,3.55188,0,1,1.20973,1.20973,0,0.934515,1.90512,8.37568e+06,3.68648e+06,1.01323e+07,0,299841,0,0
68.7023,85.1408,3.35762,0,0,2.66985,2.66985,0,0.500265,4.6872,4.03025e+06,2.75803e+06,1.07601e+07,0,320428,0,0,62.338,61.3098,3.84236,0,1,1.20988,1.20988,0,0.934634,1.90512,8.37568e+06,3.68648e+06,1.01336e+07,0,299880,0,0
71.3733,85.1408,5.94167,0,0,2.67019,2.67019,0,0.500329,4.6872,4.03025e+06,2.75803e+06,1.07615e+07,0,320469,0,0,62.338,61.3098,8.60481,0,1,1.21003,1.21003,0,0.934753,1.90512,8.37568e+06,3.68648e+06,1.01349e+07,0,299918,0,0
72.3865,85.1408,4.28755,0,0,2.67053,2.67053,0,0.500393,4.6872,4.03025e+06,2.75803e+06,1.07629e+07,0,320510,0,0,62.338,61.3098,5.07172,0,1,1.21019,1.21019,0,0.934872,1.90512,8.37568e+06,3.68648e+06,1.01361e+07,0,299956,0,0
73.1574,85.1408,3.90395,0,0,2.75453,2.75453,0,0.500457,4.6872,4.03025e+06,2.75803e+06,1.11015e+07,0,330592,0,0,62.338,61.3098,4.30515,0,1,1.24948,1.24948,0,0.934991,1.90512,8.37568e+06,3.68648e+06,1.04652e+07,0,309694,0,0
73.0298,85.1408,3.03649,0,0,2.75487,2.75487,0,0.5162,4.6872,4.03025e+06,2.75803e+06,1.11028e+07,0,330632,0,0,62.2418,61.3098,2.78949,0,1,1.24963,1.24963,0,0.965345,1.90512,8.37568e+06,3.68648e+06,1.04665e+07,0,309732,0,0
72.3091,85.1408,2.43152,0,0,2.75521,2.75521,0,0.516262,4.6872,4.03025e+06,2.75803e+06,1.11042e+07,0,330673,0,0,62.0266,61.3098,2.31305,0,1,1.24978,1.24978,0,0.965463,1.90512,8.37568e+06,3.68648e+06,1.04678e+07,0,309769,0,0
71.4722,85.1408,2.24683,0,0,2.75554,2.75554,0,0.516325,4.6872,4.03025e+06,2.75803e+06,1.11055e+07,0,330713,0,0,61.9021,61.3098,1.97723,0,1,1.24993,1.24993,0,0.96558,1.90512,8.37568e+06,3.68648e+06,1.0469e+07,0,309807,0,0
69.8874,85.1408,1.66727,0,0,3.02468,3.02468,0,0.516388,4.6872,4.03025e+06,2.75803e+06,1.21902e+07,0,363014,0,0,62.1021,61.3098,1.89304,0,1,1.39707,1.39707,0,0.965698,1.90512,8.37568e+06,3.68648e+06,1.17014e+07,0,346276,0,0
68.6694,85.1408,2.04371,0,0,3.02505,3.02505,0,0.566825,4.6872,4.03025e+06,2.75803e+06,1.21917e+07,0,363059,0,0,62.2058,61.3098,2.75599,0,1,1.39724,1.39724,0,1.07938,1.90512,8.37568e+06,3.68648e+06,1.17028e+07,0,346318,0,0
67.9346,85.1408,2.56312,0,0,3.02542,3.02542,0,0.566894,4.6872,4.03025e+06,2.75803e+06,1.21932e+07,0,363103,0,0,61.9573,61.3098,2.60914,0,1,1.39741,1.39741,0,1.07951,1.90512,8.37568e+06,3.68648e+06,1.17042e+07,0,346360,0,0
66.7866,85.1408,2.0672,0.01,0,3.02579,3.02579,0,0.566963,4.6872,4.03025e+06,2.75803e+06,1.21947e+07,0,363147,0,0,62.338,61.3098,2.29999,0,1,1.39758,1.39758,0,1.07964,1.90512,8.37568e+06,3.68648e+06,1.17057e+07,0,346403,0,0
67.188,85.1408,3.51204,0.01,0,2.64257,2.64257,0,0.567032,4.6872,4.03025e+06,2.75803e+06,1.06502e+07,0,317155,0,0,61.9161,61.3098,3.00628,0,1,1.2004,1.2004,0,1.07977,1.90512,8.37568e+06,3.68648e+06,1.00542e+07,0,297530,0,0
67.1727,85.1408,2.99709,0.01,0,2.64289,2.64289,0,0.495218,4.6872,4.03025e+06,2.75803e+06,1.06515e+07,0,317193,0,0,61.8571,61.3098,2.13572,0,1,1.20055,1.20055,0,0.927429,1.90512,8.37568e+06,3.68648e+06,1.00554e+07,0,297566,0,0
67.1624,85.1408,2.96792,0.01,0,2.64321,2.64321,0,0.495278,4.6872,4.03025e+06,2.75803e+06,1.06528e+07,0,317232,0,0,61.9326,61.3098,1.96833,0,1,1.20069,1.20069,0,0.927542,1.90512,8.37568e+06,3.68648e+06,1.00566e+07,0,297603,0,0
67.2679,85.1408,3.07756,0.02,0,2.64354,2.64354,0,0.495338,4.6872,4.03025e+06,2.75803e+06,1.06541e+07,0,317271,0,0,62.0103,61.3098,2.07679,0,1,1.20084,1.20084,0,0.927656,1.90512,8.37568e+06,3.68648e+06,1.00578e+07,0,297639,0,0
67.3075,85.1408,3.03821,0.02,0,2.64386,2.64386,0,0.495399,4.6872,4.03025e+06,2.75803e+06,1.06554e+07,0,317309,0,0,62.338,61.3098,2.17359,0,1,1.20099,1.20099,0,0.927769,1.90512,8.37568e+06,3.68648e+06,1.00591e+07,0,297675,0,0
67.5397,85.1408,3.27306,0.02,0,2.74079,2.74079,0,0.495459,4.6872,4.03025e+06,2.75803e+06,1.10461e+07,0,328943,0,0,62.338,61.3098,2.60583,0,1,1.24944,1.24944,0,0.927882,1.90512,8.37568e+06,3.68648e+06,1.04649e+07,0,309685,0,0
67.3343,85.1408,2.86514,0.02,0,2.74113,2.74113,0,0.513625,4.6872,4.03025e+06,2.75803e+06,1.10474e+07,0,328983,0,0,61.8467,61.3098,2.42685,0,1,1.24959,1.24959,0,0.965318,1.90512,8.37568e+06,3.68648e+06,1.04662e+07,0,309723,0,0
66.3419,85.1408,1.98835,0.02,0,2.74146,2.74146,0,0.513688,4.6872,4.03025e+06,2.75803e+06,1.10488e+07,0,329023,0,0,61.5063,61.3098,1.70267,0,1,1.24975,1.24975,0,0.965436,1.90512,8.37568e+06,3.68648e+06,1.04675e+07,0,309761,0,0
65.0551,85.1408,1.66772,0.01,0,2.7418,2.7418,0,0.51375,4.6872,4.03025e+06,2.75803e+06,1.10501e+07,0,329064,0,0,61.3964,61.3098,1.4891,0,1,1.2499,1.2499,0,0.965554,1.90512,8.37568e+06,3.68648e+06,1.04687e+07,0,309798,0,0
63.8937,85.1408,1.73511,0.01,0,2.70434,2.70434,0,0.513813,4.6872,4.03025e+06,2.75803e+06,1.08992e+07,0,324568,0,0,61.4913,61.3098,2.16121,0,1,1.23128,1.23128,0,0.965671,1.90512,8.37568e+06,3.68648e+06,1.03128e+07,0,305184,0,0
62.6704,85.1408,1.58,0.01,0,2.70467,2.70467,0,0.506793,4.6872,4.03025e+06,2.75803e+06,1.09005e+07,0,324607,0,0,61.6352,61.3098,1.91,0,1,1.23143,1.23143,0,0.951286,1.90512,8.37568e+06,3.68648e+06,1.03141e+07,0,305221,0,0
61.4342,85.1408,1.53965,0.01,0,2.705,2.705,0,0.506855,4.6872,4.03025e+06,2.75803e+06,1.09018e+07,0,324647,0,0,61.7016,61.3098,2.08389,0,1,1.23158,1.23158,0,0.951402,1.90512,8.37568e+06,3.68648e+06,1.03153e+07,0,305258,0,0
60.1177,85.1408,1.43713,0.01,0,2.70533,2.70533,0,0.506917,4.6872,4.03025e+06,2.75803e+06,1.09031e+07,0,324687,0,0,61.7127,61.3098,1.93218,0,1,1.23173,1.23173,0,0.951518,1.90512,8.37568e+06,3.68648e+06,1.03166e+07,0,305295,0,0
58.6739,85.1408,1.39222,0.01,0,2.83401,2.83401,0,0.506978,4.6872,4.03025e+06,2.75803e+06,1.14217e+07,0,340130,0,0,61.5888,61.3098,1.79251,0,1,1.29848,1.29848,0,0.951634,1.90512,8.37568e+06,3.68648e+06,1.08757e+07,0,321840,0,0
57.0978,85.1408,1.22804,0.02,0,2.83435,2.83435,0,0.531093,4.6872,4.03025e+06,2.75803e+06,1.14231e+07,0,340172,0,0,61.5008,61.3098,1.78394,0,1,1.29864,1.29864,0,1.00321,1.90512,8.37568e+06,3.68648e+06,1.0877e+07,0,321880,0,0
55.5055,85.1408,1.18799,0.02,0,2.8347,2.8347,0,0.531158,4.6872,4.03025e+06,2.75803e+06,1.14245e+07,0,340213,0,0,61.346,61.3098,1.77445,0,1,1.2988,1.2988,0,1.00333,1.90512,8.37568e+06,3.68648e+06,1.08783e+07,0,321919,0,0
53.8638,85.1408,1.11263,0.02,0,2.83504,2.83504,0,0.531222,4.6872,4.03025e+06,2.75803e+06,1.14259e+07,0,340255,0,0,61.3153,61.3098,1.6226,0,1,1.29896,1.29896,0,1.00345,1.90512,8.37568e+06,3.68648e+06,1.08796e+07,0,321958,0,0
52.2529,85.1408,1.08529,0.02,0,2.83539,2.83539,0,0.531287,4.6872,4.03025e+06,2.75803e+06,1.14273e+07,0,340296,0,0,61.3865,61.3098,1.76876,0,1,1.29912,1.29912,0,1.00357,1.90512,8.37568e+06,3.68648e+06,1.0881e+07,0,321997,0,0
50.6816,85.1408,1.08112,0.02,0,2.81034,2.81034,0,0.531352,4.6872,4.03025e+06,2.75803e+06,1.13264e+07,0,337290,0,0,61.4066,61.3098,1.92419,0,1,1.3359,1.3359,0,1.0037,1.90512,8.37568e+06,3.68648e+06,1.11891e+07,0,331115,0,0
49.0434,85.1408,0.989528,0.04,0,2.81068,2.81068,0,0.526657,4.6872,4.03025e+06,2.75803e+06,1.13277e+07,0,337331,0,0,61.3171,61.3098,1.93572,0,1,1.33606,1.33606,0,1.03212,1.90512,8.37568e+06,3.68648e+06,1.11904e+07,0,331156,0,0
47.34,85.1408,0.893662,0.04,0,2.81102,2.81102,0,0.526722,4.6872,4.03025e+06,2.75803e+06,1.13291e+07,0,337372,0,0,61.1729,61.3098,1.72281,0,1,1.33623,1.33623,0,1.03224,1.90512,8.37568e+06,3.68648e+06,1.11918e+07,0,331196,0,0
45.6448,85.1408,0.850886,0.04,0,2.81137,2.81137,0,0.526786,4.6872,4.03025e+06,2.75803e+06,1.13305e+07,0,337413,0,0,61.0232,61.3098,1.67862,0,1,1.33639,1.33639,0,1.03237,1.90512,8.37568e+06,3.68648e+06,1.11932e+07,0,331236,0,0
44.0665,85.1408,0.978332,0.04,0,2.87733,2.87733,0,0.52685,4.6872,4.03025e+06,2.75803e+06,1.15963e+07,0,345330,0,0,60.9136,61.3098,1.8006,0,1,1.36921,1.36921,0,1.0325,1.90512,8.37568e+06,3.68648e+06,1.14681e+07,0,339372,0,0
42.5305,85.1408,0.98664,0.04,0,2.87768,2.87768,0,0.539211,4.6872,4.03025e+06,2.75803e+06,1.15978e+07,0,345372,0,0,60.7767,61.3098,1.86537,0,1,1.36938,1.36938,0,1.05785,1.90512,8.37568e+06,3.68648e+06,1.14695e+07,0,339413,0,0
41.0353,85.1408,0.877442,0.07,0,2.71306,2.87803,0,0.539277,4.6872,4.03025e+06,2.75803e+06,1.09343e+07,0,345414,0,0,60.3623,61.3098,1.74104,0,1,1.53452,1.36955,0,1.05798,1.90512,8.37568e+06,3.68648e+06,1.28526e+07,0,339455,0,0
39.4931,85.1408,0.79909,0.07,0,2.71358,2.87838,0,0.508427,4.6872,4.03025e+06,2.75803e+06,1.09364e+07,0,345456,0,0,59.8898,61.3098,1.6481,0,1,1.53452,1.36971,0,1.18557,1.90512,8.37568e+06,3.68648e+06,1.28526e+07,0,339496,0,0
37.6698,85.1408,0.703449,0.07,0,2.90635,3.07099,0,0.508524,4.6872,4.03025e+06,2.75803e+06,1.17133e+07,0,368573,0,0,59.2067,61.3098,1.60181,0,1,1.65246,1.48782,0,1.18557,1.90512,8.37568e+06,3.68648e+06,1.38405e+07,0,368770,0,0
35.6506,85.1408,0.637461,0.06,0,3.02484,3.07137,0,0.544651,4.6872,4.03025e+06,2.75803e+06,1.21908e+07,0,368618,0,0,58.581,61.3098,1.4726,0,1,1.53453,1.488,0,1.27669,1.90512,8.37568e+06,3.68648e+06,1.28528e+07,0,368815,0,0
33.6203,85.1408,0.620239,0.08,0,3.02539,3.07174,0,0.566855,4.6872,4.03025e+06,2.75803e+06,1.21931e+07,0,368663,0,0,58.0955,61.3098,1.38577,0,1,1.53453,1.48819,0,1.18558,1.90512,8.37568e+06,3.68648e+06,1.28528e+07,0,368860,0,0
31.8487,85.1408,0.885067,0.12,0,3.02595,3.07212,0,0.566959,4.6872,4.03025e+06,2.75803e+06,1.21953e+07,0,368708,0,0,57.7519,61.3098,1.61964,0,1,1.53453,1.48837,0,1.18558,1.90512,8.37568e+06,3.68648e+06,1.28528e+07,0,368905,0,0
30.3943,85.1408,1.25513,0.12,0,3.02651,3.07249,0,0.567063,4.6872,4.03025e+06,2.75803e+06,1.21976e+07,0,368753,0,0,57.6113,61.3098,1.8543,0,1,1.53453,1.48855,0,1.18558,1.90512,8.37568e+06,3.68648e+06,1.28528e+07,0,368950,0,0
28.9668,85.1408,1.17716,0.1,0,2.93331,2.97911,0,0.567167,4.6872,4.03025e+06,2.75803e+06,1.1822e+07,0,357545,0,0,57.9105,61.3098,3.14475,0,1,1.4629,1.4171,0,1.18558,1.90512,8.37568e+06,3.68648e+06,1.22528e+07,0,351241,0,0
27.465,85.1408,1.03143,0.1,0,2.86222,2.97947,0,0.549702,4.6872,4.03025e+06,2.75803e+06,1.15355e+07,0,357589,0,0,57.5665,61.3098,1.80145,0,1,1.53452,1.41727,0,1.13024,1.90512,8.37568e+06,3.68648e+06,1.28527e+07,0,351284,0,0
25.9392,85.1408,0.999544,0.1,0,2.86276,2.97984,0,0.536381,4.6872,4.03025e+06,2.75803e+06,1.15376e+07,0,357633,0,0,57.3054,61.3098,1.65347,0,1,1.53453,1.41745,0,1.18557,1.90512,8.37568e+06,3.68648e+06,1.28527e+07,0,351327,0,0
25.2978,85.1408,2.05072,0.09,0,2.8633,2.9802,0,0.536481,4.6872,4.03025e+06,2.75803e+06,1.15398e+07,0,357676,0,0,57.7595,61.3098,2.75465,0,1,1.53452,1.41762,0,1.18557,1.90512,8.37568e+06,3.68648e+06,1.28527e+07,0,351370,0,0
25.5957,85.1408,2.90025,0.13,0,2.78684,2.90357,0,0.536582,4.6872,4.03025e+06,2.75803e+06,1.12316e+07,0,348479,0,0,57.5012,61.3098,2.28505,0,1,1.46929,1.35256,0,1.18557,1.90512,8.37568e+06,3.68648e+06,1.23063e+07,0,335244,0,0
25.0038,85.1408,1.93718,0.08,0,2.72213,2.90392,0,0.522253,4.6872,4.03025e+06,2.75803e+06,1.09709e+07,0,348522,0,0,57.2803,61.3098,1.20043,0,1,1.53452,1.35273,0,1.13518,1.90512,8.37568e+06,3.68648e+06,1.28526e+07,0,335285,0,0
27.9306,85.1408,5.58179,0.13,0,2.72265,2.90428,0,0.510128,4.6872,4.03025e+06,2.75803e+06,1.0973e+07,0,348564,0,0,58.1335,61.3098,4.12959,0,1,1.53452,1.35289,0,1.18557,1.90512,8.37568e+06,3.68648e+06,1.28526e+07,0,335326,0,0
29.7079,85.1408,4.48112,0.09,0,2.72317,2.90463,0,0.510225,4.6872,4.03025e+06,2.75803e+06,1.09751e+07,0,348607,0,0,58.6335,61.3098,3.53398,0,1,1.53452,1.35306,0,1.18557,1.90512,8.37568e+06,3.68648e+06,1.28526e+07,0,335367,0,0
33.0569,85.1408,5.7209,0.09,0,2.50491,2.68621,0,0.510322,4.6872,4.03025e+06,2.75803e+06,1.00954e+07,0,322392,0,0,59.4551,61.3098,3.73784,0,1,1.39859,1.21729,0,1.18557,1.90512,8.37568e+06,3.68648e+06,1.17141e+07,0,301717,0,0
37.0104,85.1408,6.20333,0.1,0,2.36948,2.68654,0,0.469421,4.6872,4.03025e+06,2.75803e+06,9.54959e+06,0,322431,0,0,60.4137,61.3098,4.61967,0,1,1.5345,1.21744,0,1.08055,1.90512,8.37568e+06,3.68648e+06,1.28525e+07,0,301754,0,0
39.2532,85.1408,4.50502,0.06,0,2.36996,2.68686,0,0.44404,4.6872,4.03025e+06,2.75803e+06,9.55151e+06,0,322471,0,0,60.6593,61.3098,2.8902,0,1,1.5345,1.21759,0,1.18556,1.90512,8.37568e+06,3.68648e+06,1.28525e+07,0,301791,0,0
42.9531,85.1408,6.03895,0.06,0,2.37043,2.68719,0,0.44413,4.6872,4.03025e+06,2.75803e+06,9.55343e+06,0,322510,0,0,61.5981,61.3098,4.05361,0,1,1.5345,1.21774,0,1.18556,1.90512,8.37568e+06,3.68648e+06,1.28525e+07,0,301828,0,0
45.4322,85.1408,5.2783,0.05,0,2.68752,2.68752,0,0.444219,4.6872,4.03025e+06,2.75803e+06,1.08314e+07,0,322549,0,0,62.338,61.3098,3.41626,0,1,1.21789,1.21789,0,1.18556,1.90512,8.37568e+06,3.68648e+06,1.02006e+07,0,301865,0,0
50.4492,85.1408,8.21855,0.05,0,2.77205,2.77205,0,0.503641,4.6872,4.03025e+06,2.75803e+06,1.1172e+07,0,332694,0,0,62.338,61.3098,8.42499,0,1,1.25742,1.25742,0,0.940941,1.90512,8.37568e+06,3.68648e+06,1.05317e+07,0,311663,0,0
54.2422,85.1408,7.0243,0.05,0,2.77237,2.77237,0,0.519482,4.6872,4.03025e+06,2.75803e+06,1.11733e+07,0,332733,0,0,62.338,61.3098,6.34551,0,1,1.25757,1.25757,0,0.971483,1.90512,8.37568e+06,3.68648e+06,1.0533e+07,0,311699,0,0
57.2948,85.1408,6.26427,0.04,0,2.7727,2.7727,0,0.519542,4.6872,4.03025e+06,2.75803e+06,1.11746e+07,0,332772,0,0,62.338,61.3098,6.03624,0,1,1.25771,1.25771,0,0.971596,1.90512,8.37568e+06,3.68648e+06,1.05342e+07,0,311736,0,0
58.7956,85.1408,4.66245,0.04,0,2.77302,2.77302,0,0.519603,4.6872,4.03025e+06,2.75803e+06,1.1176e+07,0,332811,0,0,62.338,61.3098,4.57655,0,1,1.25786,1.25786,0,0.97171,1.90512,8.37568e+06,3.68648e+06,1.05354e+07,0,311772,0,0
61.2618,85.1408,5.89916,0.04,0,3.04385,3.04385,0,0.519664,4.6872,4.03025e+06,2.75803e+06,1.22675e+07,0,365315,0,0,62.338,61.3098,5.87227,0,1,1.40592,1.40592,0,0.971823,1.90512,8.37568e+06,3.68648e+06,1.17756e+07,0,348471,0,0
66.5229,85.1408,8.9418,0.02,0,3.0442,3.0442,0,0.570417,4.6872,4.03025e+06,2.75803e+06,1.22689e+07,0,365358,0,0,62.338,61.3098,8.33382,0,1,1.40609,1.40609,0,1.08622,1.90512,8.37568e+06,3.68648e+06,1.17769e+07,0,348511,0,0
74.0087,85.1408,11.2823,0.02,0,3.04456,3.04456,0,0.570484,4.6872,4.03025e+06,2.75803e+06,1.22703e+07,0,365400,0,0,62.338,61.3098,13.0663,0,1,1.40625,1.40625,0,1.08634,1.90512,8.37568e+06,3.68648e+06,1.17783e+07,0,348552,0,0
79.3731,85.1408,9.26096,0,0,3.04491,3.04491,0,0.57055,4.6872,4.03025e+06,2.75803e+06,1.22718e+07,0,365443,0,0,62.338,61.3098,9.98439,0,1,1.40641,1.40641,0,1.08647,1.90512,8.37568e+06,3.68648e+06,1.17797e+07,0,348593,0,0
85.1408,85.1408,10.1107,0,0,2.65926,2.65926,0,0.570617,4.6872,4.03025e+06,2.75803e+06,1.07175e+07,0,319158,0,0,62.338,61.3098,10.491,0,1,1.20798,1.20798,0,1.0866,1.90512,8.37568e+06,3.68648e+06,1.01177e+07,0,299409,0,0
85.1408,85.1408,10.1818,0,0,2.65957,2.65957,0,0.498346,4.6872,4.03025e+06,2.75803e+06,1.07187e+07,0,319195,0,0,62.338,61.3098,9.93959,0,1,1.20812,1.20812,0,0.933287,1.90512,8.37568e+06,3.68648e+06,1.01189e+07,0,299444,0,0
85.1408,85.1408,9.26725,0,0,2.65988,2.65988,0,0.498404,4.6872,4.03025e+06,2.75803e+06,1.072e+07,0,319232,0,0,62.338,61.3098,7.83893,0,1,1.20826,1.20826,0,0.933396,1.90512,8.37568e+06,3.68648e+06,1.012e+07,0,299479,0,0
85.1408,85.1408,9.98431,0,0,2.66019,2.66019,0,0.498462,4.6872,4.03025e+06,2.75803e+06,1.07212e+07,0,319270,0,0,62.338,61.3098,8.64098,0,1,1.20841,1.20841,0,0.933505,1.90512,8.37568e+06,3.68648e+06,1.01212e+07,0,299514,0,0
85.1408,85.1408,9.70494,0,0,2.6605,2.6605,0,0.49852,4.6872,4.03025e+06,2.75803e+06,1.07225e+07,0,319307,0,0,62.338,61.3098,8.32668,0,1,1.20855,1.20855,0,0.933614,1.90512,8.37568e+06,3.68648e+06,1.01224e+07,0,299549,0,0
85.1408,85.1408,11.3072,0,0,2.75803,2.75803,0,0.498578,4.6872,4.03025e+06,2.75803e+06,1.11156e+07,0,331012,0,0,62.338,61.3098,9.49911,0,1,1.2573,1.2573,0,0.933723,1.90512,8.37568e+06,3.68648e+06,1.05307e+07,0,311633,0,0
85.1408,85.1408,8.61524,0,0,2.75836,2.75836,0,0.516856,4.6872,4.03025e+06,2.75803e+06,1.11169e+07,0,331051,0,0,62.338,61.3098,8.07426,0,1,1.25745,1.25745,0,0.97139,1.90512,8.37568e+06,3.68648e+06,1.0532e+07,0,311670,0,0
85.1408,85.1408,8.06931,0,0,2.75868,2.75868,0,0.516916,4.6872,4.03025e+06,2.75803e+06,1.11182e+07,0,331090,0,0,62.338,61.3098,8.64235,0,1,1.25759,1.25759,0,0.971504,1.90512,8.37568e+06,3.68648e+06,1.05332e+07,0,311706,0,0
85.1408,85.1408,7.49885,0,0,2.759,2.759,0,0.516976,4.6872,4.03025e+06,2.75803e+06,1.11195e+07,0,331128,0,0,62.338,61.3098,8.08303,0,1,1.25774,1.25774,0,0.971617,1.90512,8.37568e+06,3.68648e+06,1.05344e+07,0,311742,0,0
85.1408,85.1408,7.07729,0,0,2.72129,2.72129,0,0.517037,4.6872,4.03025e+06,2.75803e+06,1.09675e+07,0,326603,0,0,62.338,61.3098,5.54121,0,1,1.239,1.239,0,0.97173,1.90512,8.37568e+06,3.68648e+06,1.03774e+07,0,307097,0,0
85.1408,85.1408,8.15894,0,0,2.72161,2.72161,0,0.50997,4.6872,4.03025e+06,2.75803e+06,1.09688e+07,0,326641,0,0,62.338,61.3098,5.40658,0,1,1.23914,1.23914,0,0.95725,1.90512,8.37568e+06,3.68648e+06,1.03787e+07,0,307133,0,0
85.1408,85.1408,6.54681,0,0,2.72193,2.72193,0,0.51003,4.6872,4.03025e+06,2.75803e+06,1.097e+07,0,326679,0,0,62.338,61.3098,5.68794,0,1,1.23929,1.23929,0,0.957362,1.90512,8.37568e+06,3.68648e+06,1.03799e+07,0,307168,0,0
85.1408,85.1408,5.88471,0,0,2.72225,2.72225,0,0.510089,4.6872,4.03025e+06,2.75803e+06,1.09713e+07,0,326717,0,0,62.338,61.3098,5.2344,0,1,1.23943,1.23943,0,0.957473,1.90512,8.37568e+06,3.68648e+06,1.03811e+07,0,307204,0,0
85.1408,85.1408,5.45856,0,0,2.85171,2.85171,0,0.510149,4.6872,4.03025e+06,2.75803e+06,1.14931e+07,0,342255,0,0,62.338,61.3098,4.31966,0,1,1.30659,1.30659,0,0.957585,1.90512,8.37568e+06,3.68648e+06,1.09436e+07,0,323851,0,0
85.1408,85.1408,5.22127,0,0,2.85205,2.85205,0,0.534411,4.6872,4.03025e+06,2.75803e+06,1.14945e+07,0,342295,0,0,62.338,61.3098,3.67428,0,1,1.30675,1.30675,0,1.00948,1.90512,8.37568e+06,3.68648e+06,1.09449e+07,0,323889,0,0
85.1408,85.1408,4.89544,0,0,2.85238,2.85238,0,0.534473,4.6872,4.03025e+06,2.75803e+06,1.14958e+07,0,342335,0,0,62.338,61.3098,3.59004,0,1,1.3069,1.3069,0,1.00959,1.90512,8.37568e+06,3.68648e+06,1.09462e+07,0,323927,0,0
85.1408,85.1408,4.71104,0,0,2.85271,2.85271,0,0.534536,4.6872,4.03025e+06,2.75803e+06,1.14971e+07,0,342375,0,0,62.338,61.3098,3.5273,0,1,1.30705,1.30705,0,1.00971,1.90512,8.37568e+06,3.68648e+06,1.09474e+07,0,323965,0,0
85.1408,85.1408,4.41455,0,0,2.85305,2.85305,0,0.534598,4.6872,4.03025e+06,2.75803e+06,1.14985e+07,0,342415,0,0,62.338,61.3098,3.61235,0,1,1.30721,1.30721,0,1.00983,1.90512,8.37568e+06,3.68648e+06,1.09487e+07,0,324003,0,0
85.1408,85.1408,3.08922,0,0,2.82782,2.82782,0,0.534661,4.6872,4.03025e+06,2.75803e+06,1.13968e+07,0,339388,0,0,62.338,61.3098,2.65436,0,1,1.34421,1.34421,0,1.00995,1.90512,8.37568e+06,3.68648e+06,1.12587e+07,0,333175,0,0
84.9029,85.1408,2.8104,0,0,2.82815,2.82815,0,0.529934,4.6872,4.03025e+06,2.75803e+06,1.13982e+07,0,339428,0,0,62.338,61.3098,2.48893,0,1,1.34437,1.34437,0,1.03854,1.90512,8.37568e+06,3.68648e+06,1.126e+07,0,333214,0,0
84.4828,85.1408,2.61165,0,0,2.82848,2.82848,0,0.529996,4.6872,4.03025e+06,2.75803e+06,1.13995e+07,0,339467,0,0,62.338,61.3098,2.27336,0,1,1.34453,1.34453,0,1.03866,1.90512,8.37568e+06,3.68648e+06,1.12613e+07,0,333253,0,0
84,85.1408,2.53021,0,0,2.82881,2.82881,0,0.530058,4.6872,4.03025e+06,2.75803e+06,1.14008e+07,0,339507,0,0,62.3261,61.3098,2.12,0,1,1.34468,1.34468,0,1.03878,1.90512,8.37568e+06,3.68648e+06,1.12626e+07,0,333292,0,0
83.3585,85.1408,2.39247,0,0,2.89517,2.89517,0,0.53012,4.6872,4.03025e+06,2.75803e+06,1.16683e+07,0,347471,0,0,62.2316,61.3098,1.88666,0,1,1.3777,1.3777,0,1.0389,1.90512,8.37568e+06,3.68648e+06,1.15392e+07,0,341476,0,0
82.7993,85.1408,2.50912,0,0,2.89551,2.89551,0,0.542555,4.6872,4.03025e+06,2.75803e+06,1.16696e+07,0,347512,0,0,62.1507,61.3098,2.1158,0,1,1.37786,1.37786,0,1.06441,1.90512,8.37568e+06,3.68648e+06,1.15405e+07,0,341516,0,0
82.0858,85.1408,2.31574,0,0,2.89585,2.89585,0,0.542618,4.6872,4.03025e+06,2.75803e+06,1.1671e+07,0,347552,0,0,62.0007,61.3098,2.0272,0,1,1.37803,1.37803,0,1.06454,1.90512,8.37568e+06,3.68648e+06,1.15419e+07,0,341556,0,0
81.1793,85.1408,2.10774,0,0,2.89618,2.89618,0,0.542682,4.6872,4.03025e+06,2.75803e+06,1.16723e+07,0,347593,0,0,61.8183,61.3098,1.76129,0,1,1.37819,1.37819,0,1.06466,1.90512,8.37568e+06,3.68648e+06,1.15432e+07,0,341596,0,0
80.2058,85.1408,2.18198,0,0,3.08997,3.08997,0,0.542745,4.6872,4.03025e+06,2.75803e+06,1.24533e+07,0,370850,0,0,61.4203,61.3098,2.12142,0,1,1.49702,1.49702,0,1.06479,1.90512,8.37568e+06,3.68648e+06,1.25385e+07,0,371049,0,0
78.749,85.1408,1.65866,0,0,3.09033,3.09033,0,0.57906,4.6872,4.03025e+06,2.75803e+06,1.24548e+07,0,370894,0,0,61.0277,61.3098,1.5172,0,1,1.49719,1.49719,0,1.1566,1.90512,8.37568e+06,3.68648e+06,1.254e+07,0,371092,0,0
77.4042,85.1408,1.78334,0,0,3.09069,3.09069,0,0.579128,4.6872,4.03025e+06,2.75803e+06,1.24563e+07,0,370937,0,0,60.4249,61.3098,1.86893,0,1,1.49737,1.49737,0,1.15673,1.90512,8.37568e+06,3.68648e+06,1.25415e+07,0,371136,0,0
75.771,85.1408,1.47696,0,0,3.09105,3.09105,0,0.579196,4.6872,4.03025e+06,2.75803e+06,1.24577e+07,0,370980,0,0,59.9902,61.3098,1.30042,0,1,1.49754,1.49754,0,1.15687,1.90512,8.37568e+06,3.68648e+06,1.25429e+07,0,371179,0,0
74.4894,85.1408,1.81446,0.01,0,3.09141,3.09141,0,0.579263,4.6872,4.03025e+06,2.75803e+06,1.24592e+07,0,371024,0,0,59.8318,61.3098,2.47833,0,1,1.49772,1.49772,0,1.157,1.90512,8.37568e+06,3.68648e+06,1.25444e+07,0,371222,0,0
73.4576,85.1408,2.0083,0.01,0,2.99744,2.99744,0,0.579331,4.6872,4.03025e+06,2.75803e+06,1.20804e+07,0,359745,0,0,59.7443,61.3098,2.99749,0,1,1.42582,1.42582,0,1.15714,1.90512,8.37568e+06,3.68648e+06,1.19422e+07,0,353403,0,0
72.6534,85.1408,2.26216,0.01,0,2.99779,2.99779,0,0.56172,4.6872,4.03025e+06,2.75803e+06,1.20818e+07,0,359787,0,0,59.6783,61.3098,2.88669,0,1,1.42599,1.42599,0,1.10159,1.90512,8.37568e+06,3.68648e+06,1.19436e+07,0,353444,0,0
73.0441,85.1408,3.5294,0.01,0,2.99814,2.99814,0,0.561786,4.6872,4.03025e+06,2.75803e+06,1.20833e+07,0,359829,0,0,60.0305,61.3098,4.9319,0,1,1.42615,1.42615,0,1.10172,1.90512,8.37568e+06,3.68648e+06,1.1945e+07,0,353485,0,0
73.1647,85.1408,3.42897,0.01,0,2.99849,2.99849,0,0.561852,4.6872,4.03025e+06,2.75803e+06,1.20847e+07,0,359871,0,0,60.2973,61.3098,4.49226,0,1,1.42632,1.42632,0,1.10185,1.90512,8.37568e+06,3.68648e+06,1.19464e+07,0,353526,0,0
72.2141,85.1408,2.12204,0.01,0,2.92137,2.92137,0,0.561917,4.6872,4.03025e+06,2.75803e+06,1.17739e+07,0,350616,0,0,60.1652,61.3098,2.38534,0,1,1.36086,1.36086,0,1.10198,1.90512,8.37568e+06,3.68648e+06,1.13981e+07,0,337300,0,0
70.7859,85.1408,1.63878,0.01,0,2.92172,2.92172,0,0.547466,4.6872,4.03025e+06,2.75803e+06,1.17752e+07,0,350657,0,0,59.6933,61.3098,1.64383,0,1,1.36101,1.36101,0,1.0514,1.90512,8.37568e+06,3.68648e+06,1.13994e+07,0,337340,0,0
69.1529,85.1408,1.45897,0.01,0,2.92206,2.92206,0,0.54753,4.6872,4.03025e+06,2.75803e+06,1.17766e+07,0,350698,0,0,59.6142,61.3098,1.16911,0,1,1.36117,1.36117,0,1.05152,1.90512,8.37568e+06,3.68648e+06,1.14007e+07,0,337379,0,0
67.9704,85.1408,1.92655,0.01,0,2.9224,2.9224,0,0.547594,4.6872,4.03025e+06,2.75803e+06,1.1778e+07,0,350739,0,0,60.0946,61.3098,2.86077,0,1,1.36133,1.36133,0,1.05164,1.90512,8.37568e+06,3.68648e+06,1.14021e+07,0,337418,0,0
71.4321,85.1408,6.63818,0.03,0,2.70262,2.70262,0,0.547657,4.6872,4.03025e+06,2.75803e+06,1.08922e+07,0,324362,0,0,62.2424,61.3098,6.53227,0,1,1.22473,1.22473,0,1.05177,1.90512,8.37568e+06,3.68648e+06,1.0258e+07,0,303561,0,0
72.6022,85.1408,4.18524,0.01,0,2.70294,2.70294,0,0.506472,4.6872,4.03025e+06,2.75803e+06,1.08935e+07,0,324400,0,0,62.338,61.3098,4.58499,0,1,1.22488,1.22488,0,0.946229,1.90512,8.37568e+06,3.68648e+06,1.02592e+07,0,303597,0,0
75.7161,85.1408,6.29553,0.01,0,2.70326,2.70326,0,0.506531,4.6872,4.03025e+06,2.75803e+06,1.08948e+07,0,324438,0,0,62.338,61.3098,6.31902,0,1,1.22502,1.22502,0,0.94634,1.90512,8.37568e+06,3.68648e+06,1.02604e+07,0,303632,0,0
76.1709,85.1408,3.55374,0,0,2.70357,2.70357,0,0.50659,4.6872,4.03025e+06,2.75803e+06,1.08961e+07,0,324476,0,0,62.338,61.3098,4.01859,0,1,1.22516,1.22516,0,0.946451,1.90512,8.37568e+06,3.68648e+06,1.02616e+07,0,303668,0,0
75.8366,85.1408,2.69748,0,0,2.70389,2.70389,0,0.506649,4.6872,4.03025e+06,2.75803e+06,1.08973e+07,0,324514,0,0,62.338,61.3098,2.69879,0,1,1.22531,1.22531,0,0.946561,1.90512,8.37568e+06,3.68648e+06,1.02628e+07,0,303703,0,0
77.6847,85.1408,5.15217,0,0.02,2.78892,2.78892,0,0.506709,4.6872,4.03025e+06,2.75803e+06,1.124e+07,0,334719,0,0,62.338,61.3098,4.11441,0,1,1.26507,1.26507,0,0.946672,1.90512,8.37568e+06,3.68648e+06,1.05958e+07,0,313559,0,0
78.651,85.1408,4.26189,0,0.02,2.78923,2.78923,0,0.522643,4.6872,4.03025e+06,2.75803e+06,1.12413e+07,0,334756,0,0,62.338,61.3098,4.03097,0,1,1.26521,1.26521,0,0.977394,1.90512,8.37568e+06,3.68648e+06,1.0597e+07,0,313594,0,0
80.0109,85.1408,4.67,0,0.02,2.78954,2.78954,0,0.522701,4.6872,4.03025e+06,2.75803e+06,1.12425e+07,0,334793,0,0,62.3118,61.3098,3.52544,0,1,1.26535,1.26535,0,0.977503,1.90512,8.37568e+06,3.68648e+06,1.05982e+07,0,313629,0,0
81.2517,85.1408,4.63288,0,0.02,2.78985,2.78985,0,0.522759,4.6872,4.03025e+06,2.75803e+06,1.12438e+07,0,334830,0,0,62.1679,61.3098,3.20301,0,1,1.26549,1.26549,0,0.977612,1.90512,8.37568e+06,3.68648e+06,1.05994e+07,0,313664,0,0
82.1997,85.1408,4.51409,0,0.02,3.0623,3.0623,0,0.522817,4.6872,4.03025e+06,2.75803e+06,1.23418e+07,0,367530,0,0,61.9047,61.3098,2.76592,0,1,1.41445,1.41445,0,0.977721,1.90512,8.37568e+06,3.68648e+06,1.18469e+07,0,350583,0,0
82.1945,85.1408,3.53901,0,0.02,3.06264,3.06264,0,0.573876,4.6872,4.03025e+06,2.75803e+06,1.23432e+07,0,367571,0,0,62.338,61.3098,2.22404,0,1,1.4146,1.4146,0,1.0928,1.90512,8.37568e+06,3.68648e+06,1.18483e+07,0,350622,0,0
82.9635,85.1408,4.37927,0,0.02,3.06299,3.06299,0,0.57394,4.6872,4.03025e+06,2.75803e+06,1.23446e+07,0,367612,0,0,62.338,61.3098,3.93566,0,1,1.41476,1.41476,0,1.09292,1.90512,8.37568e+06,3.68648e+06,1.18496e+07,0,350661,0,0
84.3113,85.1408,4.9945,0,0.02,3.06333,3.06333,0,0.574003,4.6872,4.03025e+06,2.75803e+06,1.2346e+07,0,367653,0,0,62.338,61.3098,4.1564,0,1,1.41492,1.41492,0,1.09305,1.90512,8.37568e+06,3.68648e+06,1.18509e+07,0,350700,0,0
85.1408,85.1408,5.98674,0,0.02,2.67533,2.67533,0,0.574067,4.6872,4.03025e+06,2.75803e+06,1.07822e+07,0,321086,0,0,62.338,61.3098,6.9716,0,1,1.21528,1.21528,0,1.09317,1.90512,8.37568e+06,3.68648e+06,1.01788e+07,0,301218,0,0
85.1408,85.1408,7.08635,0,0.02,2.67563,2.67563,0,0.501356,4.6872,4.03025e+06,2.75803e+06,1.07834e+07,0,321122,0,0,62.338,61.3098,6.81503,0,1,1.21542,1.21542,0,0.938926,1.90512,8.37568e+06,3.68648e+06,1.01799e+07,0,301252,0,0
85.1408,85.1408,5.08336,0,0.02,2.67592,2.67592,0,0.501412,4.6872,4.03025e+06,2.75803e+06,1.07846e+07,0,321158,0,0,62.338,61.3098,5.60414,0,1,1.21555,1.21555,0,0.939031,1.90512,8.37568e+06,3.68648e+06,1.01811e+07,0,301285,0,0
85.1408,85.1408,5.12846,0,0.02,2.67622,2.67622,0,0.501468,4.6872,4.03025e+06,2.75803e+06,1.07858e+07,0,321193,0,0,62.338,61.3098,4.48477,0,1,1.21569,1.21569,0,0.939135,1.90512,8.37568e+06,3.68648e+06,1.01822e+07,0,301319,0,0
85.1408,85.1408,4.80713,0,0.02,2.67652,2.67652,0,0.501524,4.6872,4.03025e+06,2.75803e+06,1.0787e+07,0,321229,0,0,62.338,61.3098,5.34683,0,1,1.21582,1.21582,0,0.93924,1.90512,8.37568e+06,3.68648e+06,1.01833e+07,0,301353,0,0
85.1408,85.1408,6.52116,0,0.02,2.77462,2.77462,0,0.50158,4.6872,4.03025e+06,2.75803e+06,1.11824e+07,0,333003,0,0,62.338,61.3098,6.69296,0,1,1.26486,1.26486,0,0.939344,1.90512,8.37568e+06,3.68648e+06,1.05941e+07,0,313508,0,0
85.1408,85.1408,5.59312,0,0.02,2.77493,2.77493,0,0.519964,4.6872,4.03025e+06,2.75803e+06,1.11837e+07,0,333040,0,0,62.338,61.3098,7.03604,0,1,1.265,1.265,0,0.977233,1.90512,8.37568e+06,3.68648e+06,1.05953e+07,0,313542,0,0
85.1408,85.1408,4.98255,0,0.02,2.77524,2.77524,0,0.520022,4.6872,4.03025e+06,2.75803e+06,1.11849e+07,0,333078,0,0,62.338,61.3098,5.42519,0,1,1.26514,1.26514,0,0.977342,1.90512,8.37568e+06,3.68648e+06,1.05964e+07,0,313577,0,0
85.1408,85.1408,4.2536,0,0.02,2.77555,2.77555,0,0.52008,4.6872,4.03025e+06,2.75803e+06,1.11862e+07,0,333115,0,0,62.338,61.3098,4.47169,0,1,1.26529,1.26529,0,0.977451,1.90512,8.37568e+06,3.68648e+06,1.05976e+07,0,313612,0,0
85.1408,85.1408,3.81493,0,0.02,2.7376,2.7376,0,0.520138,4.6872,4.03025e+06,2.75803e+06,1.10332e+07,0,328560,0,0,62.338,61.3098,3.92468,0,1,1.24642,1.24642,0,0.977559,1.90512,8.37568e+06,3.68648e+06,1.04396e+07,0,308937,0,0
85.0515,85.1408,2.97947,0,0.02,2.73791,2.73791,0,0.513027,4.6872,4.03025e+06,2.75803e+06,1.10344e+07,0,328597,0,0,62.338,61.3098,2.61427,0,1,1.24656,1.24656,0,0.962987,1.90512,8.37568e+06,3.68648e+06,1.04408e+07,0,308972,0,0
84.5888,85.1408,2.58091,0,0.02,2.73821,2.73821,0,0.513084,4.6872,4.03025e+06,2.75803e+06,1.10357e+07,0,328633,0,0,62.338,61.3098,2.60069,0,1,1.2467,1.2467,0,0.963094,1.90512,8.37568e+06,3.68648e+06,1.0442e+07,0,309006,0,0
84.5351,85.1408,2.99125,0,0.02,2.73852,2.73852,0,0.513141,4.6872,4.03025e+06,2.75803e+06,1.10369e+07,0,328670,0,0,62.338,61.3098,2.65791,0,1,1.24684,1.24684,0,0.963202,1.90512,8.37568e+06,3.68648e+06,1.04431e+07,0,309041,0,0
84.7672,85.1408,3.39767,0,0.02,2.86874,2.86874,0,0.513198,4.6872,4.03025e+06,2.75803e+06,1.15617e+07,0,344299,0,0,62.0156,61.3098,2.63526,0,1,1.3144,1.3144,0,0.963309,1.90512,8.37568e+06,3.68648e+06,1.1009e+07,0,325785,0,0
84.1407,85.1408,2.43624,0,0.02,2.86906,2.86906,0,0.537602,4.6872,4.03025e+06,2.75803e+06,1.1563e+07,0,344338,0,0,61.9638,61.3098,1.79137,0,1,1.31454,1.31454,0,1.0155,1.90512,8.37568e+06,3.68648e+06,1.10102e+07,0,325822,0,0
83.4496,85.1408,2.36273,0,0.02,2.86938,2.86938,0,0.537662,4.6872,4.03025e+06,2.75803e+06,1.15643e+07,0,344376,0,0,61.9077,61.3098,1.82097,0,1,1.31469,1.31469,0,1.01562,1.90512,8.37568e+06,3.68648e+06,1.10114e+07,0,325858,0,0
82.6471,85.1408,2.24051,0,0.02,2.8697,2.8697,0,0.537722,4.6872,4.03025e+06,2.75803e+06,1.15656e+07,0,344414,0,0,61.7723,61.3098,1.75383,0,1,1.31484,1.31484,0,1.01573,1.90512,8.37568e+06,3.68648e+06,1.10126e+07,0,325894,0,0
81.7182,85.1408,2.09217,0,0.02,2.87002,2.87002,0,0.537782,4.6872,4.03025e+06,2.75803e+06,1.15669e+07,0,344453,0,0,61.2426,61.3098,1.65293,0,1,1.31498,1.31498,0,1.01584,1.90512,8.37568e+06,3.68648e+06,1.10139e+07,0,325930,0,0
80.0627,85.1408,1.2907,0,0.02,2.84463,2.84463,0,0.537842,4.6872,4.03025e+06,2.75803e+06,1.14646e+07,0,341406,0,0,60.4205,61.3098,1.03475,0,1,1.3522,1.3522,0,1.01596,1.90512,8.37568e+06,3.68648e+06,1.13256e+07,0,335156,0,0
78.3189,85.1408,1.19087,0,0.02,2.84495,2.84495,0,0.533084,4.6872,4.03025e+06,2.75803e+06,1.14659e+07,0,341444,0,0,59.5019,61.3098,1.02387,0,1,1.35236,1.35236,0,1.04471,1.90512,8.37568e+06,3.68648e+06,1.13269e+07,0,335193,0,0
76.4862,85.1408,1.08755,0,0.02,2.84527,2.84527,0,0.533144,4.6872,4.03025e+06,2.75803e+06,1.14671e+07,0,341482,0,0,58.5573,61.3098,0.91307,0,1,1.35251,1.35251,0,1.04483,1.90512,8.37568e+06,3.68648e+06,1.13282e+07,0,335231,0,0
74.5973,85.1408,0.997756,0,0.02,2.84559,2.84559,0,0.533203,4.6872,4.03025e+06,2.75803e+06,1.14684e+07,0,341520,0,0,57.5303,61.3098,0.894321,0,1,1.35266,1.35266,0,1.04495,1.90512,8.37568e+06,3.68648e+06,1.13294e+07,0,335268,0,0
72.6217,85.1408,0.947539,0,0.02,2.91232,2.91232,0,0.533263,4.6872,4.03025e+06,2.75803e+06,1.17374e+07,0,349529,0,0,56.414,61.3098,0.854125,0,1,1.38586,1.38586,0,1.04506,1.90512,8.37568e+06,3.68648e+06,1.16075e+07,0,343499,0,0
70.544,85.1408,0.823463,0,0.02,2.91264,2.91264,0,0.545769,4.6872,4.03025e+06,2.75803e+06,1.17387e+07,0,349568,0,0,55.2401,61.3098,0.805386,0,1,1.38602,1.38602,0,1.07072,1.90512,8.37568e+06,3.68648e+06,1.16088e+07,0,343537,0,0
68.4247,85.1408,0.76311,0,0.02,2.91297,2.91297,0,0.54583,4.6872,4.03025e+06,2.75803e+06,1.174e+07,0,349607,0,0,54.1069,61.3098,0.721954,0,1,1.38617,1.38617,0,1.07084,1.90512,8.37568e+06,3.68648e+06,1.16101e+07,0,343575,0,0
66.3436,85.1408,0.776546,0,0.02,2.91329,2.91329,0,0.54589,4.6872,4.03025e+06,2.75803e+06,1.17413e+07,0,349646,0,0,53.0168,61.3098,0.812644,0,1,1.38633,1.38633,0,1.07096,1.90512,8.37568e+06,3.68648e+06,1.16114e+07,0,343614,0,0
64.1474,85.1408,0.792008,0.02,0.02,3.10821,3.10821,0,0.545951,4.6872,4.03025e+06,2.75803e+06,1.25268e+07,0,373039,0,0,51.6757,61.3098,0.8252,0,1,1.50585,1.50585,0,1.07108,1.90512,8.37568e+06,3.68648e+06,1.26125e+07,0,373239,0,0
61.7601,85.1408,0.582686,0.03,0.02,3.10855,3.10855,0,0.582478,4.6872,4.03025e+06,2.75803e+06,1.25282e+07,0,373081,0,0,50.3267,61.3098,0.581775,0,1,1.50602,1.50602,0,1.16342,1.90512,8.37568e+06,3.68648e+06,1.26139e+07,0,373281,0,0
59.4342,85.1408,0.627835,0.03,0.02,3.1089,3.1089,0,0.582543,4.6872,4.03025e+06,2.75803e+06,1.25296e+07,0,373122,0,0,48.8894,61.3098,0.716507,0,1,1.50619,1.50619,0,1.16355,1.90512,8.37568e+06,3.68648e+06,1.26153e+07,0,373322,0,0
57.0321,85.1408,0.520726,0.04,0.02,3.10925,3.10925,0,0.582608,4.6872,4.03025e+06,2.75803e+06,1.2531e+07,0,373164,0,0,47.6814,61.3098,0.501714,0,1,1.50636,1.50636,0,1.16368,1.90512,8.37568e+06,3.68648e+06,1.26167e+07,0,373364,0,0
54.7782,85.1408,0.637716,0.04,0.02,3.10959,3.10959,0,0.582673,4.6872,4.03025e+06,2.75803e+06,1.25324e+07,0,373205,0,0,46.7814,61.3098,0.943854,0,1,1.50652,1.50652,0,1.16381,1.90512,8.37568e+06,3.68648e+06,1.26182e+07,0,373405,0,0
52.597,85.1408,0.62974,0.04,0.02,3.01505,3.01505,0,0.582738,4.6872,4.03025e+06,2.75803e+06,1.21514e+07,0,361859,0,0,45.7341,61.3098,1.07077,0,1,1.4342,1.4342,0,1.16394,1.90512,8.37568e+06,3.68648e+06,1.20124e+07,0,355479,0,0
50.3005,85.1408,0.459107,0.04,0.02,3.01539,3.01539,0,0.565021,4.6872,4.03025e+06,2.75803e+06,1.21528e+07,0,361899,0,0,44.8998,61.3098,0.78339,0,1,1.43436,1.43436,0,1.10806,1.90512,8.37568e+06,3.68648e+06,1.20137e+07,0,355518,0,0
48.3977,85.1408,0.867568,0.05,0.02,3.01572,3.01572,0,0.565084,4.6872,4.03025e+06,2.75803e+06,1.21541e+07,0,361940,0,0,44.6263,61.3098,1.17139,0,1,1.43452,1.43452,0,1.10818,1.90512,8.37568e+06,3.68648e+06,1.20151e+07,0,355558,0,0
47.0155,85.1408,1.43297,0.05,0.02,3.01606,3.01606,0,0.565147,4.6872,4.03025e+06,2.75803e+06,1.21555e+07,0,361980,0,0,44.4623,61.3098,1.90518,0,1,1.43468,1.43468,0,1.10831,1.90512,8.37568e+06,3.68648e+06,1.20164e+07,0,355598,0,0
45.7472,85.1408,1.4623,0.04,0.02,2.93847,2.93847,0,0.56521,4.6872,4.03025e+06,2.75803e+06,1.18428e+07,0,352668,0,0,44.2717,61.3098,1.57928,0,1,1.36882,1.36882,0,1.10843,1.90512,8.37568e+06,3.68648e+06,1.14648e+07,0,339275,0,0
44.426,85.1408,1.36432,0.04,0.02,2.9388,2.9388,0,0.55067,4.6872,4.03025e+06,2.75803e+06,1.18441e+07,0,352708,0,0,44.0882,61.3098,1.62719,0,1,1.36897,1.36897,0,1.05755,1.90512,8.37568e+06,3.68648e+06,1.14661e+07,0,339312,0,0
43.1967,85.1408,1.43747,0.04,0.02,2.93913,2.93913,0,0.550732,4.6872,4.03025e+06,2.75803e+06,1.18454e+07,0,352747,0,0,43.9656,61.3098,1.73855,0,1,1.36913,1.36913,0,1.05767,1.90512,8.37568e+06,3.68648e+06,1.14674e+07,0,339350,0,0
42.5174,85.1408,2.04514,0.04,0.02,2.93946,2.93946,0,0.550793,4.6872,4.03025e+06,2.75803e+06,1.18467e+07,0,352786,0,0,43.9698,61.3098,2.16631,0,1,1.36928,1.36928,0,1.05779,1.90512,8.37568e+06,3.68648e+06,1.14686e+07,0,339388,0,0
44.4598,85.1408,4.40345,0.06,0.02,2.55331,2.71839,0,0.550854,4.6872,4.03025e+06,2.75803e+06,1.02905e+07,0,326254,0,0,44.57,61.3098,3.512,0,1,1.39695,1.23188,0,1.0579,1.90512,8.37568e+06,3.68648e+06,1.17004e+07,0,305332,0,0
45.154,85.1408,3.33635,0.04,0.02,2.71869,2.71869,0,0.478491,4.6872,4.03025e+06,2.75803e+06,1.0957e+07,0,326290,0,0,44.8372,61.3098,2.66713,0,1,1.23201,1.23201,0,1.07928,1.90512,8.37568e+06,3.68648e+06,1.03189e+07,0,305366,0,0
45.1411,85.1408,2.5988,0.04,0.02,2.71899,2.71899,0,0.509482,4.6872,4.03025e+06,2.75803e+06,1.09582e+07,0,326327,0,0,44.9942,61.3098,2.26308,0,1,1.23215,1.23215,0,0.951854,1.90512,8.37568e+06,3.68648e+06,1.03201e+07,0,305400,0,0
44.7608,85.1408,2.26314,0.05,0.02,2.7193,2.7193,0,0.509539,4.6872,4.03025e+06,2.75803e+06,1.09594e+07,0,326363,0,0,45.2714,61.3098,2.92639,0,1,1.23229,1.23229,0,0.95196,1.90512,8.37568e+06,3.68648e+06,1.03213e+07,0,305434,0,0
45.2715,85.1408,3.20724,0.05,0.02,2.7196,2.7196,0,0.509596,4.6872,4.03025e+06,2.75803e+06,1.09607e+07,0,326399,0,0,45.6415,61.3098,2.8579,0,1,1.23243,1.23243,0,0.952066,1.90512,8.37568e+06,3.68648e+06,1.03224e+07,0,305468,0,0
47.2246,85.1408,4.73753,0.05,0.02,2.8051,2.8051,0,0.509653,4.6872,4.03025e+06,2.75803e+06,1.13053e+07,0,336662,0,0,46.3047,61.3098,3.77673,0,1,1.27242,1.27242,0,0.952172,1.90512,8.37568e+06,3.68648e+06,1.06573e+07,0,315380,0,0
49.5677,85.1408,5.28544,0.05,0.02,2.8054,2.8054,0,0.525677,4.6872,4.03025e+06,2.75803e+06,1.13065e+07,0,336697,0,0,46.8508,61.3098,3.40749,0,1,1.27255,1.27255,0,0.983068,1.90512,8.37568e+06,3.68648e+06,1.06585e+07,0,315413,0,0
51.2377,85.1408,4.29678,0.06,0.02,2.5439,2.8057,0,0.525732,4.6872,4.03025e+06,2.75803e+06,1.02525e+07,0,336733,0,0,47.0124,61.3098,2.93533,0,1,1.53449,1.27268,0,0.983172,1.90512,8.37568e+06,3.68648e+06,1.28524e+07,0,315446,0,0
52.0577,85.1408,3.62857,0.04,0.02,2.806,2.806,0,0.476726,4.6872,4.03025e+06,2.75803e+06,1.13089e+07,0,336769,0,0,47.344,61.3098,2.57536,0,1,1.27282,1.27282,0,1.18554,1.90512,8.37568e+06,3.68648e+06,1.06607e+07,0,315480,0,0
54.0534,85.1408,5.20301,0.04,0.02,3.08001,3.08001,0,0.525844,4.6872,4.03025e+06,2.75803e+06,1.24132e+07,0,369655,0,0,47.6829,61.3098,3.20682,0,1,1.42263,1.42263,0,0.98338,1.90512,8.37568e+06,3.68648e+06,1.19155e+07,0,352611,0,0
59.286,85.1408,8.65565,0.04,0.02,3.08034,3.08034,0,0.577194,4.6872,4.03025e+06,2.75803e+06,1.24145e+07,0,369695,0,0,48.4433,61.3098,4.80701,0,1,1.42278,1.42278,0,1.09912,1.90512,8.37568e+06,3.68648e+06,1.19167e+07,0,352648,0,0
64.5553,85.1408,8.81617,0.04,0.02,3.08067,3.08067,0,0.577256,4.6872,4.03025e+06,2.75803e+06,1.24158e+07,0,369734,0,0,49.1891,61.3098,4.37343,0,1,1.42293,1.42293,0,1.09924,1.90512,8.37568e+06,3.68648e+06,1.1918e+07,0,352686,0,0
67.9176,85.1408,6.83283,0.03,0.02,3.08099,3.08099,0,0.577317,4.6872,4.03025e+06,2.75803e+06,1.24172e+07,0,369773,0,0,49.7337,61.3098,4.05274,0,1,1.42308,1.42308,0,1.09935,1.90512,8.37568e+06,3.68648e+06,1.19192e+07,0,352723,0,0
71.3482,85.1408,6.62033,0.03,0.02,2.69074,2.69074,0,0.577378,4.6872,4.03025e+06,2.75803e+06,1.08444e+07,0,322936,0,0,50.7037,61.3098,4.52646,0,1,1.22228,1.22228,0,1.09947,1.90512,8.37568e+06,3.68648e+06,1.02374e+07,0,302954,0,0
75.0216,85.1408,6.97411,0.01,0.02,2.69103,2.69103,0,0.504245,4.6872,4.03025e+06,2.75803e+06,1.08455e+07,0,322970,0,0,51.8014,61.3098,5.37007,0,1,1.22241,1.22241,0,0.944335,1.90512,8.37568e+06,3.68648e+06,1.02385e+07,0,302986,0,0
79.6005,85.1408,7.99239,0.01,0.02,2.69131,2.69131,0,0.504298,4.6872,4.03025e+06,2.75803e+06,1.08467e+07,0,323004,0,0,53.5629,61.3098,6.21762,0,1,1.22254,1.22254,0,0.944435,1.90512,8.37568e+06,3.68648e+06,1.02396e+07,0,303018,0,0
83.2755,85.1408,6.90085,0,0.02,2.6916,2.6916,0,0.504352,4.6872,4.03025e+06,2.75803e+06,1.08478e+07,0,323039,0,0,54.7573,61.3098,5.07985,0,1,1.22267,1.22267,0,0.944536,1.90512,8.37568e+06,3.68648e+06,1.02407e+07,0,303050,0,0
85.1408,85.1408,6.09095,0,0.02,2.69188,2.69188,0,0.504405,4.6872,4.03025e+06,2.75803e+06,1.0849e+07,0,323073,0,0,55.6083,61.3098,4.37755,0,1,1.2228,1.2228,0,0.944636,1.90512,8.37568e+06,3.68648e+06,1.02418e+07,0,303082,0,0
85.1408,85.1408,5.56158,0,0.02,2.79053,2.79053,0,0.504459,4.6872,4.03025e+06,2.75803e+06,1.12465e+07,0,334913,0,0,56.4722,61.3098,5.09042,0,1,1.27212,1.27212,0,0.944736,1.90512,8.37568e+06,3.68648e+06,1.06548e+07,0,315305,0,0
85.1408,85.1408,7.05033,0,0.02,2.79083,2.79083,0,0.522946,4.6872,4.03025e+06,2.75803e+06,1.12477e+07,0,334948,0,0,58.1678,61.3098,6.74254,0,1,1.27225,1.27225,0,0.982836,1.90512,8.37568e+06,3.68648e+06,1.0656e+07,0,315339,0,0
85.1408,85.1408,4.96907,0,0.02,2.79112,2.79112,0,0.523001,4.6872,4.03025e+06,2.75803e+06,1.12489e+07,0,334984,0,0,58.9989,61.3098,4.47267,0,1,1.27238,1.27238,0,0.98294,1.90512,8.37568e+06,3.68648e+06,1.06571e+07,0,315372,0,0
85.1408,85.1408,4.44189,0,0.02,2.79142,2.79142,0,0.523057,4.6872,4.03025e+06,2.75803e+06,1.12501e+07,0,335019,0,0,59.5701,61.3098,3.84504,0,1,1.27252,1.27252,0,0.983045,1.90512,8.37568e+06,3.68648e+06,1.06582e+07,0,315405,0,0
85.1408,85.1408,4.75611,0,0.02,2.75324,2.75324,0,0.523112,4.6872,4.03025e+06,2.75803e+06,1.10962e+07,0,330437,0,0,60.5026,61.3098,5.53341,0,1,1.25354,1.25354,0,0.983149,1.90512,8.37568e+06,3.68648e+06,1.04993e+07,0,310702,0,0
85.1408,85.1408,3.91285,0,0.02,2.75353,2.75353,0,0.515957,4.6872,4.03025e+06,2.75803e+06,1.10974e+07,0,330472,0,0,61.0988,61.3098,4.29664,0,1,1.25368,1.25368,0,0.968488,1.90512,8.37568e+06,3.68648e+06,1.05004e+07,0,310735,0,0
85.1408,85.1408,3.30933,0,0.02,2.75382,2.75382,0,0.516012,4.6872,4.03025e+06,2.75803e+06,1.10986e+07,0,330507,0,0,61.6257,61.3098,3.88077,0,1,1.25381,1.25381,0,0.96859,1.90512,8.37568e+06,3.68648e+06,1.05015e+07,0,310768,0,0
84.938,85.1408,2.92931,0,0.02,2.75411,2.75411,0,0.516066,4.6872,4.03025e+06,2.75803e+06,1.10998e+07,0,330542,0,0,62.0568,61.3098,3.40353,0,1,1.25394,1.25394,0,0.968693,1.90512,8.37568e+06,3.68648e+06,1.05026e+07,0,310801,0,0
84.4557,85.1408,2.72633,0,0.02,2.88507,2.88507,0,0.516121,4.6872,4.03025e+06,2.75803e+06,1.16275e+07,0,346258,0,0,62.338,61.3098,3.2081,0,1,1.32188,1.32188,0,0.968796,1.90512,8.37568e+06,3.68648e+06,1.10716e+07,0,327639,0,0
84.0026,85.1408,2.67307,0,0.02,2.88537,2.88537,0,0.540662,4.6872,4.03025e+06,2.75803e+06,1.16288e+07,0,346295,0,0,62.338,61.3098,3.19625,0,1,1.32202,1.32202,0,1.02128,1.90512,8.37568e+06,3.68648e+06,1.10728e+07,0,327674,0,0
83.2357,85.1408,2.33822,0,0.02,2.88568,2.88568,0,0.540719,4.6872,4.03025e+06,2.75803e+06,1.163e+07,0,346332,0,0,62.338,61.3098,2.76238,0,1,1.32216,1.32216,0,1.02139,1.90512,8.37568e+06,3.68648e+06,1.1074e+07,0,327708,0,0
82.1776,85.1408,2.03489,0,0.02,2.88598,2.88598,0,0.540776,4.6872,4.03025e+06,2.75803e+06,1.16312e+07,0,346369,0,0,62.338,61.3098,2.73872,0,1,1.3223,1.3223,0,1.0215,1.90512,8.37568e+06,3.68648e+06,1.10751e+07,0,327743,0,0
80.9468,85.1408,1.84653,0,0.02,2.88629,2.88629,0,0.540833,4.6872,4.03025e+06,2.75803e+06,1.16325e+07,0,346405,0,0,62.338,61.3098,2.42983,0,1,1.32244,1.32244,0,1.02161,1.90512,8.37568e+06,3.68648e+06,1.10763e+07,0,327778,0,0
80.5794,85.1408,2.63727,0,0.02,2.86074,2.86074,0,0.540891,4.6872,4.03025e+06,2.75803e+06,1.15295e+07,0,343339,0,0,62.338,61.3098,2.69692,0,1,1.35986,1.35986,0,1.02171,1.90512,8.37568e+06,3.68648e+06,1.13898e+07,0,337054,0,0
80.2713,85.1408,2.68719,0,0.02,2.86105,2.86105,0,0.536103,4.6872,4.03025e+06,2.75803e+06,1.15307e+07,0,343376,0,0,62.338,61.3098,2.53756,0,1,1.36001,1.36001,0,1.05063,1.90512,8.37568e+06,3.68648e+06,1.1391e+07,0,337090,0,0
79.746,85.1408,2.46636,0,0.02,2.86135,2.86135,0,0.53616,4.6872,4.03025e+06,2.75803e+06,1.15319e+07,0,343412,0,0,62.338,61.3098,2.55654,0,1,1.36015,1.36015,0,1.05074,1.90512,8.37568e+06,3.68648e+06,1.13922e+07,0,337125,0,0
79.0228,85.1408,2.25756,0,0.02,2.86165,2.86165,0,0.536217,4.6872,4.03025e+06,2.75803e+06,1.15332e+07,0,343448,0,0,62.338,61.3098,2.23608,0,1,1.36029,1.36029,0,1.05085,1.90512,8.37568e+06,3.68648e+06,1.13934e+07,0,337161,0,0
78.0309,85.1408,2.02369,0,0.02,2.92875,2.92875,0,0.536274,4.6872,4.03025e+06,2.75803e+06,1.18036e+07,0,351501,0,0,62.1762,61.3098,1.93956,0,1,1.39368,1.39368,0,1.05096,1.90512,8.37568e+06,3.68648e+06,1.1673e+07,0,345436,0,0
77.1151,85.1408,2.07539,0,0.02,2.92906,2.92906,0,0.548847,4.6872,4.03025e+06,2.75803e+06,1.18048e+07,0,351538,0,0,61.9679,61.3098,1.93075,0,1,1.39383,1.39383,0,1.07676,1.90512,8.37568e+06,3.68648e+06,1.16743e+07,0,345473,0,0
76.157,85.1408,2.02696,0,0.02,2.92937,2.92937,0,0.548906,4.6872,4.03025e+06,2.75803e+06,1.18061e+07,0,351575,0,0,61.7221,61.3098,2.02235,0,1,1.39398,1.39398,0,1.07687,1.90512,8.37568e+06,3.68648e+06,1.16755e+07,0,345510,0,0
75.0822,85.1408,1.89317,0.01,0.02,2.92968,2.92968,0,0.548964,4.6872,4.03025e+06,2.75803e+06,1.18073e+07,0,351613,0,0,61.4437,61.3098,1.92165,0,1,1.39412,1.39412,0,1.07699,1.90512,8.37568e+06,3.68648e+06,1.16767e+07,0,345546,0,0
73.7055,85.1408,1.73764,0.01,0.02,3.12567,3.12567,0,0.549022,4.6872,4.03025e+06,2.75803e+06,1.25972e+07,0,375135,0,0,61.0412,61.3098,1.79295,0,1,1.51431,1.51431,0,1.0771,1.90512,8.37568e+06,3.68648e+06,1.26834e+07,0,375336,0,0
72.5037,85.1408,1.92786,0.01,0.02,3.126,3.126,0,0.585751,4.6872,4.03025e+06,2.75803e+06,1.25986e+07,0,375175,0,0,60.651,61.3098,2.05735,0,1,1.51447,1.51447,0,1.16996,1.90512,8.37568e+06,3.68648e+06,1.26847e+07,0,375376,0,0
71.0874,85.1408,1.73022,0.01,0.02,3.12633,3.12633,0,0.585813,4.6872,4.03025e+06,2.75803e+06,1.25999e+07,0,375215,0,0,60.2469,61.3098,1.96949,0,1,1.51463,1.51463,0,1.17008,1.90512,8.37568e+06,3.68648e+06,1.26861e+07,0,375416,0,0
69.7174,85.1408,1.74785,0.01,0.02,3.12667,3.12667,0,0.585875,4.6872,4.03025e+06,2.75803e+06,1.26012e+07,0,375255,0,0,59.9016,61.3098,2.11686,0,1,1.5148,1.5148,0,1.17021,1.90512,8.37568e+06,3.68648e+06,1.26874e+07,0,375456,0,0
68.3729,85.1408,1.76417,0.01,0.02,3.127,3.127,0,0.585937,4.6872,4.03025e+06,2.75803e+06,1.26026e+07,0,375294,0,0,59.5671,61.3098,2.52667,0,1,1.51496,1.51496,0,1.17033,1.90512,8.37568e+06,3.68648e+06,1.26888e+07,0,375495,0,0
67.1119,85.1408,1.73431,0.01,0.02,3.03191,3.03191,0,0.585999,4.6872,4.03025e+06,2.75803e+06,1.22193e+07,0,363882,0,0,59.3612,61.3098,2.81993,0,1,1.44222,1.44222,0,1.17045,1.90512,8.37568e+06,3.68648e+06,1.20795e+07,0,357467,0,0
66.7511,85.1408,2.65137,0.03,0.02,3.03223,3.03223,0,0.56818,4.6872,4.03025e+06,2.75803e+06,1.22206e+07,0,363921,0,0,59.2885,61.3098,3.85823,0,1,1.44237,1.44237,0,1.11426,1.90512,8.37568e+06,3.68648e+06,1.20808e+07,0,357504,0,0
67.3399,85.1408,3.70267,0.03,0.02,3.03255,3.03255,0,0.56824,4.6872,4.03025e+06,2.75803e+06,1.22219e+07,0,363959,0,0,59.6124,61.3098,6.34695,0,1,1.44252,1.44252,0,1.11438,1.90512,8.37568e+06,3.68648e+06,1.20821e+07,0,357542,0,0
67.4106,85.1408,3.24883,0.03,0.02,3.03287,3.03287,0,0.5683,4.6872,4.03025e+06,2.75803e+06,1.22232e+07,0,363998,0,0,59.6729,61.3098,4.6066,0,1,1.44268,1.44268,0,1.11449,1.90512,8.37568e+06,3.68648e+06,1.20834e+07,0,357580,0,0
66.8269,85.1408,2.52944,0.03,0.02,2.95484,2.95484,0,0.568361,4.6872,4.03025e+06,2.75803e+06,1.19087e+07,0,354633,0,0,59.6486,61.3098,3.09539,0,1,1.37644,1.37644,0,1.11461,1.90512,8.37568e+06,3.68648e+06,1.15287e+07,0,341164,0,0
65.2638,85.1408,1.52194,0.03,0.02,2.95515,2.95515,0,0.553737,4.6872,4.03025e+06,2.75803e+06,1.191e+07,0,354670,0,0,59.1503,61.3098,1.93352,0,1,1.37659,1.37659,0,1.06344,1.90512,8.37568e+06,3.68648e+06,1.15299e+07,0,341200,0,0
63.8266,85.1408,1.63591,0.03,0.02,2.95547,2.95547,0,0.553796,4.6872,4.03025e+06,2.75803e+06,1.19113e+07,0,354708,0,0,59.0656,61.3098,1.24342,0,1,1.37674,1.37674,0,1.06355,1.90512,8.37568e+06,3.68648e+06,1.15311e+07,0,341237,0,0
64.6669,85.1408,3.96947,0.03,0.02,2.95578,2.95578,0,0.553855,4.6872,4.03025e+06,2.75803e+06,1.19125e+07,0,354745,0,0,59.8365,61.3098,3.37934,0,1,1.37688,1.37688,0,1.06367,1.90512,8.37568e+06,3.68648e+06,1.15323e+07,0,341273,0,0
67.1591,85.1408,5.54644,0.03,0.02,2.73347,2.73347,0,0.553913,4.6872,4.03025e+06,2.75803e+06,1.10165e+07,0,328064,0,0,61.275,61.3098,5.49543,0,1,1.23871,1.23871,0,1.06378,1.90512,8.37568e+06,3.68648e+06,1.0375e+07,0,307026,0,0
69.4298,85.1408,5.3035,0.03,0.02,2.73376,2.73376,0,0.512252,4.6872,4.03025e+06,2.75803e+06,1.10177e+07,0,328099,0,0,61.6787,61.3098,3.50364,0,1,1.23884,1.23884,0,0.957028,1.90512,8.37568e+06,3.68648e+06,1.03761e+07,0,307058,0,0
70.9057,85.1408,4.49154,0.01,0.02,2.73405,2.73405,0,0.512306,4.6872,4.03025e+06,2.75803e+06,1.10189e+07,0,328133,0,0,62.338,61.3098,3.49587,0,1,1.23897,1.23897,0,0.957129,1.90512,8.37568e+06,3.68648e+06,1.03772e+07,0,307091,0,0
76.2065,85.1408,8.59932,0.01,0.02,2.73434,2.73434,0,0.51236,4.6872,4.03025e+06,2.75803e+06,1.10201e+07,0,328168,0,0,62.338,61.3098,5.41908,0,1,1.2391,1.2391,0,0.957231,1.90512,8.37568e+06,3.68648e+06,1.03783e+07,0,307123,0,0
80.8234,85.1408,7.89354,0,0.02,2.73463,2.73463,0,0.512415,4.6872,4.03025e+06,2.75803e+06,1.10212e+07,0,328203,0,0,62.338,61.3098,6.16852,0,1,1.23924,1.23924,0,0.957332,1.90512,8.37568e+06,3.68648e+06,1.03794e+07,0,307156,0,0
85.0401,85.1408,7.6013,0,0.02,2.82059,2.82059,0,0.512469,4.6872,4.03025e+06,2.75803e+06,1.13677e+07,0,338520,0,0,62.338,61.3098,6.05014,0,1,1.27944,1.27944,0,0.957434,1.90512,8.37568e+06,3.68648e+06,1.07162e+07,0,317121,0,0
85.1408,85.1408,9.47426,0,0.02,2.82087,2.82087,0,0.528579,4.6872,4.03025e+06,2.75803e+06,1.13688e+07,0,338554,0,0,62.338,61.3098,12.8004,0,1,1.27957,1.27957,0,0.988495,1.90512,8.37568e+06,3.68648e+06,1.07172e+07,0,317152,0,0
85.1408,85.1408,8.20778,0,0.02,2.82116,2.82116,0,0.528632,4.6872,4.03025e+06,2.75803e+06,1.137e+07,0,338588,0,0,62.338,61.3098,9.2248,0,1,1.2797,1.2797,0,0.988594,1.90512,8.37568e+06,3.68648e+06,1.07183e+07,0,317184,0,0
85.1408,85.1408,8.39495,0,0.02,2.82144,2.82144,0,0.528685,4.6872,4.03025e+06,2.75803e+06,1.13711e+07,0,338622,0,0,62.338,61.3098,6.19211,0,1,1.27983,1.27983,0,0.988694,1.90512,8.37568e+06,3.68648e+06,1.07194e+07,0,317216,0,0
85.1408,85.1408,7.18568,0,0.02,3.09695,3.09695,0,0.528738,4.6872,4.03025e+06,2.75803e+06,1.24815e+07,0,371688,0,0,62.338,61.3098,7.66129,0,1,1.43045,1.43045,0,0.988793,1.90512,8.37568e+06,3.68648e+06,1.1981e+07,0,354550,0,0
85.1408,85.1408,9.34868,0,0.02,3.09726,3.09726,0,0.580368,4.6872,4.03025e+06,2.75803e+06,1.24827e+07,0,371725,0,0,62.338,61.3098,12.8912,0,1,1.43059,1.43059,0,1.10517,1.90512,8.37568e+06,3.68648e+06,1.19822e+07,0,354585,0,0
85.1408,85.1408,6.60534,0,0.02,3.09757,3.09757,0,0.580427,4.6872,4.03025e+06,2.75803e+06,1.2484e+07,0,371763,0,0,62.338,61.3098,6.71009,0,1,1.43074,1.43074,0,1.10528,1.90512,8.37568e+06,3.68648e+06,1.19834e+07,0,354621,0,0
85.1408,85.1408,5.07874,0,0.02,3.09788,3.09788,0,0.580485,4.6872,4.03025e+06,2.75803e+06,1.24852e+07,0,371800,0,0,62.338,61.3098,4.70994,0,1,1.43088,1.43088,0,1.10539,1.90512,8.37568e+06,3.68648e+06,1.19846e+07,0,354657,0,0
85.1408,85.1408,4.5479,0,0.02,2.70548,2.70548,0,0.580543,4.6872,4.03025e+06,2.75803e+06,1.09037e+07,0,324705,0,0,62.338,61.3098,4.4621,0,1,1.22898,1.22898,0,1.1055,1.90512,8.37568e+06,3.68648e+06,1.02935e+07,0,304613,0,0
85.1408,85.1408,4.17834,0,0.02,2.70575,2.70575,0,0.507007,4.6872,4.03025e+06,2.75803e+06,1.09048e+07,0,324737,0,0,62.338,61.3098,4.93504,0,1,1.2291,1.2291,0,0.949507,1.90512,8.37568e+06,3.68648e+06,1.02945e+07,0,304644,0,0
85.1408,85.1408,3.95641,0,0.02,2.70602,2.70602,0,0.507058,4.6872,4.03025e+06,2.75803e+06,1.09059e+07,0,324770,0,0,62.338,61.3098,4.5161,0,1,1.22922,1.22922,0,0.949603,1.90512,8.37568e+06,3.68648e+06,1.02956e+07,0,304674,0,0
85.1408,85.1408,4.1722,0,0.02,2.70629,2.70629,0,0.507109,4.6872,4.03025e+06,2.75803e+06,1.0907e+07,0,324803,0,0,62.338,61.3098,6.15161,0,1,1.22935,1.22935,0,0.949698,1.90512,8.37568e+06,3.68648e+06,1.02966e+07,0,304705,0,0
85.1408,85.1408,7.03491,0,0.02,2.70657,2.70657,0,0.50716,4.6872,4.03025e+06,2.75803e+06,1.09081e+07,0,324835,0,0,62.338,61.3098,9.78589,0,1,1.22947,1.22947,0,0.949794,1.90512,8.37568e+06,3.68648e+06,1.02977e+07,0,304735,0,0
85.1408,85.1408,4.75029,0,0.02,2.80574,2.80574,0,0.50721,4.6872,4.03025e+06,2.75803e+06,1.13078e+07,0,336738,0,0,62.338,61.3098,5.53974,0,1,1.27905,1.27905,0,0.949889,1.90512,8.37568e+06,3.68648e+06,1.07129e+07,0,317023,0,0
85.1408,85.1408,5.38751,0,0.02,2.80602,2.80602,0,0.525796,4.6872,4.03025e+06,2.75803e+06,1.1309e+07,0,336772,0,0,62.338,61.3098,9.45045,0,1,1.27918,1.27918,0,0.988192,1.90512,8.37568e+06,3.68648e+06,1.0714e+07,0,317055,0,0
85.1408,85.1408,3.93176,0,0.02,2.8063,2.8063,0,0.525849,4.6872,4.03025e+06,2.75803e+06,1.13101e+07,0,336806,0,0,62.338,61.3098,5.14472,0,1,1.2793,1.2793,0,0.988292,1.90512,8.37568e+06,3.68648e+06,1.0715e+07,0,317087,0,0
85.1408,85.1408,5.07201,0,0.02,2.80659,2.80659,0,0.525901,4.6872,4.03025e+06,2.75803e+06,1.13112e+07,0,336839,0,0,62.338,61.3098,7.80092,0,1,1.27943,1.27943,0,0.988391,1.90512,8.37568e+06,3.68648e+06,1.07161e+07,0,317119,0,0
85.1408,85.1408,4.10803,0,0.02,2.76818,2.76818,0,0.525954,4.6872,4.03025e+06,2.75803e+06,1.11565e+07,0,332230,0,0,62.338,61.3098,5.4921,0,1,1.26035,1.26035,0,0.98849,1.90512,8.37568e+06,3.68648e+06,1.05563e+07,0,312388,0,0
84.9333,85.1408,2.92695,0,0.02,2.76846,2.76846,0,0.518758,4.6872,4.03025e+06,2.75803e+06,1.11576e+07,0,332264,0,0,62.338,61.3098,5.37499,0,1,1.26047,1.26047,0,0.973744,1.90512,8.37568e+06,3.68648e+06,1.05573e+07,0,312420,0,0
84.8469,85.1408,3.04514,0,0.02,2.76874,2.76874,0,0.51881,4.6872,4.03025e+06,2.75803e+06,1.11587e+07,0,332297,0,0,62.338,61.3098,4.50607,0,1,1.2606,1.2606,0,0.973842,1.90512,8.37568e+06,3.68648e+06,1.05584e+07,0,312451,0,0
84.733,85.1408,2.97962,0,0.02,2.76902,2.76902,0,0.518862,4.6872,4.03025e+06,2.75803e+06,1.11598e+07,0,332331,0,0,62.338,61.3098,4.60951,0,1,1.26073,1.26073,0,0.97394,1.90512,8.37568e+06,3.68648e+06,1.05594e+07,0,312483,0,0
84.0781,85.1408,2.4034,0,0.02,2.90066,2.90066,0,0.518914,4.6872,4.03025e+06,2.75803e+06,1.16904e+07,0,348130,0,0,62.338,61.3098,4.26894,0,1,1.32902,1.32902,0,0.974038,1.90512,8.37568e+06,3.68648e+06,1.11315e+07,0,329410,0,0
83.6752,85.1408,2.7385,0,0.02,2.90096,2.90096,0,0.543584,4.6872,4.03025e+06,2.75803e+06,1.16916e+07,0,348165,0,0,62.338,61.3098,4.10568,0,1,1.32916,1.32916,0,1.0268,1.90512,8.37568e+06,3.68648e+06,1.11326e+07,0,329443,0,0
83.0614,85.1408,2.50478,0,0.02,2.90125,2.90125,0,0.543639,4.6872,4.03025e+06,2.75803e+06,1.16927e+07,0,348200,0,0,62.338,61.3098,3.71749,0,1,1.32929,1.32929,0,1.02691,1.90512,8.37568e+06,3.68648e+06,1.11337e+07,0,329476,0,0
82.3284,85.1408,2.31895,0,0.02,2.90154,2.90154,0,0.543694,4.6872,4.03025e+06,2.75803e+06,1.16939e+07,0,348235,0,0,62.338,61.3098,3.57995,0,1,1.32942,1.32942,0,1.02701,1.90512,8.37568e+06,3.68648e+06,1.11348e+07,0,329510,0,0
81.4801,85.1408,2.19,0,0.02,2.90183,2.90183,0,0.543748,4.6872,4.03025e+06,2.75803e+06,1.16951e+07,0,348270,0,0,62.338,61.3098,3.3575,0,1,1.32956,1.32956,0,1.02711,1.90512,8.37568e+06,3.68648e+06,1.11359e+07,0,329543,0,0
80.739,85.1408,2.29258,0,0.02,2.87613,2.87613,0,0.543803,4.6872,4.03025e+06,2.75803e+06,1.15915e+07,0,345186,0,0,62.338,61.3098,3.03814,0,1,1.36718,1.36718,0,1.02722,1.90512,8.37568e+06,3.68648e+06,1.1451e+07,0,338867,0,0
80.0552,85.1408,2.34736,0,0.02,2.87642,2.87642,0,0.538987,4.6872,4.03025e+06,2.75803e+06,1.15927e+07,0,345221,0,0,62.338,61.3098,2.97184,0,1,1.36731,1.36731,0,1.05628,1.90512,8.37568e+06,3.68648e+06,1.14522e+07,0,338901,0,0
79.2838,85.1408,2.2371,0,0.02,2.87671,2.87671,0,0.539041,4.6872,4.03025e+06,2.75803e+06,1.15938e+07,0,345255,0,0,62.338,61.3098,2.96528,0,1,1.36745,1.36745,0,1.05639,1.90512,8.37568e+06,3.68648e+06,1.14533e+07,0,338935,0,0
78.2786,85.1408,1.96716,0,0.02,2.877,2.877,0,0.539095,4.6872,4.03025e+06,2.75803e+06,1.1595e+07,0,345290,0,0,62.338,61.3098,2.71119,0,1,1.36759,1.36759,0,1.05649,1.90512,8.37568e+06,3.68648e+06,1.14545e+07,0,338969,0,0
77.2771,85.1408,2.01685,0,0.02,2.94444,2.94444,0,0.539149,4.6872,4.03025e+06,2.75803e+06,1.18668e+07,0,353384,0,0,62.338,61.3098,2.83241,0,1,1.40115,1.40115,0,1.0566,1.90512,8.37568e+06,3.68648e+06,1.17356e+07,0,347287,0,0
76.5347,85.1408,2.27665,0,0.02,2.94473,2.94473,0,0.551787,4.6872,4.03025e+06,2.75803e+06,1.1868e+07,0,353419,0,0,62.338,61.3098,3.00756,0,1,1.40129,1.40129,0,1.08253,1.90512,8.37568e+06,3.68648e+06,1.17367e+07,0,347322,0,0
75.5821,85.1408,2.05368,0.01,0.02,2.94503,2.94503,0,0.551843,4.6872,4.03025e+06,2.75803e+06,1.18692e+07,0,353455,0,0,62.338,61.3098,2.88272,0,1,1.40143,1.40143,0,1.08264,1.90512,8.37568e+06,3.68648e+06,1.17379e+07,0,347357,0,0
74.4629,85.1408,1.87271,0.01,0.02,2.94533,2.94533,0,0.551899,4.6872,4.03025e+06,2.75803e+06,1.18704e+07,0,353491,0,0,62.338,61.3098,2.65866,0,1,1.40157,1.40157,0,1.08274,1.90512,8.37568e+06,3.68648e+06,1.17391e+07,0,347392,0,0
72.9671,85.1408,1.63123,0.01,0.02,3.14235,3.14235,0,0.551954,4.6872,4.03025e+06,2.75803e+06,1.26644e+07,0,377137,0,0,62.338,61.3098,2.63533,0,1,1.52239,1.52239,0,1.08285,1.90512,8.37568e+06,3.68648e+06,1.27511e+07,0,377339,0,0
71.3869,85.1408,1.53494,0.01,0.02,3.14266,3.14266,0,0.588876,4.6872,4.03025e+06,2.75803e+06,1.26657e+07,0,377175,0,0,62.2682,61.3098,2.27206,0,1,1.52255,1.52255,0,1.1762,1.90512,8.37568e+06,3.68648e+06,1.27524e+07,0,377377,0,0
70.0099,85.1408,1.73568,0.01,0.02,3.14298,3.14298,0,0.588935,4.6872,4.03025e+06,2.75803e+06,1.2667e+07,0,377212,0,0,62.3255,61.3098,2.7,0,1,1.5227,1.5227,0,1.17632,1.90512,8.37568e+06,3.68648e+06,1.27536e+07,0,377415,0,0
68.3056,85.1408,1.40597,0.01,0.02,3.1433,3.1433,0,0.588994,4.6872,4.03025e+06,2.75803e+06,1.26683e+07,0,377250,0,0,62.1581,61.3098,2.02742,0,1,1.52285,1.52285,0,1.17644,1.90512,8.37568e+06,3.68648e+06,1.27549e+07,0,377453,0,0
66.8965,85.1408,1.6721,0.01,0.02,3.14361,3.14361,0,0.589054,4.6872,4.03025e+06,2.75803e+06,1.26695e+07,0,377288,0,0,62.338,61.3098,3.32744,0,1,1.52301,1.52301,0,1.17656,1.90512,8.37568e+06,3.68648e+06,1.27562e+07,0,377491,0,0
65.13,85.1408,1.22127,0.03,0.02,3.048,3.048,0,0.589113,4.6872,4.03025e+06,2.75803e+06,1.22842e+07,0,365814,0,0,61.912,61.3098,2.32523,0,1,1.44987,1.44987,0,1.17667,1.90512,8.37568e+06,3.68648e+06,1.21437e+07,0,359364,0,0
63.1919,85.1408,1.03584,0.03,0.02,3.04831,3.04831,0,0.571196,4.6872,4.03025e+06,2.75803e+06,1.22854e+07,0,365850,0,0,61.0087,61.3098,1.25928,0,1,1.45002,1.45002,0,1.12017,1.90512,8.37568e+06,3.68648e+06,1.21449e+07,0,359400,0,0
61.0928,85.1408,0.849415,0.03,0.02,3.04862,3.04862,0,0.571253,4.6872,4.03025e+06,2.75803e+06,1.22867e+07,0,365887,0,0,60.1974,61.3098,1.0024,0,1,1.45016,1.45016,0,1.12028,1.90512,8.37568e+06,3.68648e+06,1.21461e+07,0,359436,0,0
59.4689,85.1408,1.3898,0.04,0.02,3.04892,3.04892,0,0.571311,4.6872,4.03025e+06,2.75803e+06,1.22879e+07,0,365924,0,0,59.9008,61.3098,1.36474,0,1,1.45031,1.45031,0,1.1204,1.90512,8.37568e+06,3.68648e+06,1.21473e+07,0,359472,0,0
59.259,85.1408,2.88381,0.04,0.02,2.97046,2.97046,0,0.571368,4.6872,4.03025e+06,2.75803e+06,1.19717e+07,0,356507,0,0,59.5809,61.3098,1.92179,0,1,1.38372,1.38372,0,1.12051,1.90512,8.37568e+06,3.68648e+06,1.15896e+07,0,342968,0,0
56.9267,85.1408,0.626507,0.04,0.02,2.97076,2.97076,0,0.556664,4.6872,4.03025e+06,2.75803e+06,1.19729e+07,0,356543,0,0,58.91,61.3098,0.927158,0,1,1.38386,1.38386,0,1.06906,1.90512,8.37568e+06,3.68648e+06,1.15908e+07,0,343002,0,0
55.3308,85.1408,1.40132,0.04,0.02,2.97106,2.97106,0,0.55672,4.6872,4.03025e+06,2.75803e+06,1.19741e+07,0,356579,0,0,58.7903,61.3098,1.24627,0,1,1.384,1.384,0,1.06917,1.90512,8.37568e+06,3.68648e+06,1.15919e+07,0,343037,0,0
54.4951,85.1408,2.19048,0.04,0.02,2.97136,2.97136,0,0.556776,4.6872,4.03025e+06,2.75803e+06,1.19753e+07,0,356615,0,0,59.0354,61.3098,2.29732,0,1,1.38414,1.38414,0,1.06928,1.90512,8.37568e+06,3.68648e+06,1.15931e+07,0,343071,0,0
53.129,85.1408,1.41617,0.04,0.02,2.74786,2.74786,0,0.556832,4.6872,4.03025e+06,2.75803e+06,1.10745e+07,0,329791,0,0,59.2936,61.3098,1.88409,0,1,1.24523,1.24523,0,1.06939,1.90512,8.37568e+06,3.68648e+06,1.04297e+07,0,308642,0,0
51.7773,85.1408,1.50629,0.04,0.02,2.74813,2.74813,0,0.514948,4.6872,4.03025e+06,2.75803e+06,1.10757e+07,0,329824,0,0,59.3608,61.3098,1.99922,0,1,1.24536,1.24536,0,0.962066,1.90512,8.37568e+06,3.68648e+06,1.04307e+07,0,308673,0,0
50.3849,85.1408,1.48835,0.04,0.02,2.74841,2.74841,0,0.515,4.6872,4.03025e+06,2.75803e+06,1.10768e+07,0,329857,0,0,59.5169,61.3098,1.71032,0,1,1.24548,1.24548,0,0.962163,1.90512,8.37568e+06,3.68648e+06,1.04318e+07,0,308704,0,0
49.6379,85.1408,2.09362,0.05,0.02,2.74869,2.74869,0,0.515052,4.6872,4.03025e+06,2.75803e+06,1.10779e+07,0,329890,0,0,59.9036,61.3098,2.6459,0,1,1.24561,1.24561,0,0.96226,1.90512,8.37568e+06,3.68648e+06,1.04328e+07,0,308735,0,0
49.0869,85.1408,2.42827,0.05,0.02,2.74896,2.74896,0,0.515104,4.6872,4.03025e+06,2.75803e+06,1.1079e+07,0,329924,0,0,60.2428,61.3098,2.56193,0,1,1.24573,1.24573,0,0.962356,1.90512,8.37568e+06,3.68648e+06,1.04339e+07,0,308766,0,0
52.5108,85.1408,6.51283,0.05,0.02,2.74896,2.74896,0,0.515156,4.6872,4.03025e+06,2.75803e+06,1.1079e+07,0,329924,0,0,61.5481,61.3098,4.52126,0,1,1.24573,1.24573,0,0.962453,1.90512,8.37568e+06,3.68648e+06,1.04339e+07,0,308766,0,0
55.9588,85.1408,6.51592,0.04,0.02,2.83536,2.83536,0,0.515156,4.6872,4.03025e+06,2.75803e+06,1.14272e+07,0,340293,0,0,62.338,61.3098,4.01124,0,1,1.28614,1.28614,0,0.962453,1.90512,8.37568e+06,3.68648e+06,1.07723e+07,0,318781,0,0
59.6369,85.1408,6.8587,0.04,0.02,2.83563,2.83563,0,0.531347,4.6872,4.03025e+06,2.75803e+06,1.14283e+07,0,340325,0,0,62.338,61.3098,3.84065,0,1,1.28626,1.28626,0,0.993672,1.90512,8.37568e+06,3.68648e+06,1.07733e+07,0,318812,0,0
60.555,85.1408,3.9513,0.02,0.02,2.8359,2.8359,0,0.531397,4.6872,4.03025e+06,2.75803e+06,1.14294e+07,0,340358,0,0,62.338,61.3098,2.82278,0,1,1.28638,1.28638,0,0.993766,1.90512,8.37568e+06,3.68648e+06,1.07743e+07,0,318842,0,0
60.749,85.1408,3.2521,0.03,0.02,2.83617,2.83617,0,0.531448,4.6872,4.03025e+06,2.75803e+06,1.14305e+07,0,340390,0,0,62.338,61.3098,2.71152,0,1,1.28651,1.28651,0,0.993861,1.90512,8.37568e+06,3.68648e+06,1.07754e+07,0,318872,0,0
62.2381,85.1408,4.8714,0.03,0.02,3.1131,3.1131,0,0.531498,4.6872,4.03025e+06,2.75803e+06,1.25466e+07,0,373626,0,0,62.338,61.3098,3.65955,0,1,1.43791,1.43791,0,0.993955,1.90512,8.37568e+06,3.68648e+06,1.20435e+07,0,356399,0,0
65.3648,85.1408,6.6499,0.03,0.02,3.1134,3.1134,0,0.583395,4.6872,4.03025e+06,2.75803e+06,1.25478e+07,0,373662,0,0,62.338,61.3098,4.26687,0,1,1.43805,1.43805,0,1.11093,1.90512,8.37568e+06,3.68648e+06,1.20446e+07,0,356433,0,0
72.0017,85.1408,10.1616,0.03,0.02,3.11369,3.11369,0,0.583451,4.6872,4.03025e+06,2.75803e+06,1.2549e+07,0,373698,0,0,62.338,61.3098,5.69311,0,1,1.43818,1.43818,0,1.11103,1.90512,8.37568e+06,3.68648e+06,1.20458e+07,0,356467,0,0
76.2425,85.1408,7.84012,0.01,0.02,3.11399,3.11399,0,0.583506,4.6872,4.03025e+06,2.75803e+06,1.25501e+07,0,373733,0,0,62.338,61.3098,4.8154,0,1,1.43832,1.43832,0,1.11114,1.90512,8.37568e+06,3.68648e+06,1.20469e+07,0,356501,0,0
79.4538,85.1408,6.69523,0.01,0.02,2.71953,2.71953,0,0.583562,4.6872,4.03025e+06,2.75803e+06,1.09604e+07,0,326391,0,0,62.338,61.3098,5.07026,0,1,1.23536,1.23536,0,1.11125,1.90512,8.37568e+06,3.68648e+06,1.0347e+07,0,306195,0,0
82.3604,85.1408,6.41807,0,0.02,2.71979,2.71979,0,0.50964,4.6872,4.03025e+06,2.75803e+06,1.09614e+07,0,326422,0,0,62.338,61.3098,6.07534,0,1,1.23548,1.23548,0,0.954439,1.90512,8.37568e+06,3.68648e+06,1.0348e+07,0,306224,0,0
85.1408,85.1408,6.78429,0,0.02,2.72005,2.72005,0,0.509688,4.6872,4.03025e+06,2.75803e+06,1.09625e+07,0,326453,0,0,62.338,61.3098,5.67238,0,1,1.23559,1.23559,0,0.95453,1.90512,8.37568e+06,3.68648e+06,1.03489e+07,0,306253,0,0
85.1408,85.1408,7.52198,0,0.02,2.72031,2.72031,0,0.509737,4.6872,4.03025e+06,2.75803e+06,1.09635e+07,0,326484,0,0,62.338,61.3098,6.609,0,1,1.23571,1.23571,0,0.954621,1.90512,8.37568e+06,3.68648e+06,1.03499e+07,0,306282,0,0
85.1408,85.1408,6.76409,0,0.02,2.72057,2.72057,0,0.509785,4.6872,4.03025e+06,2.75803e+06,1.09646e+07,0,326515,0,0,62.338,61.3098,4.98339,0,1,1.23583,1.23583,0,0.954711,1.90512,8.37568e+06,3.68648e+06,1.03509e+07,0,306312,0,0
85.1408,85.1408,6.99721,0,0.02,2.82024,2.82024,0,0.509834,4.6872,4.03025e+06,2.75803e+06,1.13663e+07,0,338478,0,0,62.338,61.3098,6.04282,0,1,1.28566,1.28566,0,0.954802,1.90512,8.37568e+06,3.68648e+06,1.07682e+07,0,318661,0,0
85.1408,85.1408,6.49276,0,0.02,2.82051,2.82051,0,0.528512,4.6872,4.03025e+06,2.75803e+06,1.13673e+07,0,338510,0,0,62.338,61.3098,5.80196,0,1,1.28578,1.28578,0,0.993298,1.90512,8.37568e+06,3.68648e+06,1.07693e+07,0,318692,0,0
85.1408,85.1408,5.64609,0,0.02,2.82077,2.82077,0,0.528563,4.6872,4.03025e+06,2.75803e+06,1.13684e+07,0,338542,0,0,62.338,61.3098,4.64792,0,1,1.2859,1.2859,0,0.993393,1.90512,8.37568e+06,3.68648e+06,1.07703e+07,0,318722,0,0
85.1408,85.1408,4.89646,0,0.02,2.82104,2.82104,0,0.528613,4.6872,4.03025e+06,2.75803e+06,1.13695e+07,0,338574,0,0,62.338,61.3098,3.82294,0,1,1.28602,1.28602,0,0.993487,1.90512,8.37568e+06,3.68648e+06,1.07713e+07,0,318752,0,0
85.1408,85.1408,5.43483,0,0.02,2.78243,2.78243,0,0.528663,4.6872,4.03025e+06,2.75803e+06,1.12139e+07,0,333940,0,0,62.338,61.3098,4.60201,0,1,1.26683,1.26683,0,0.993582,1.90512,8.37568e+06,3.68648e+06,1.06106e+07,0,313996,0,0
85.1408,85.1408,4.99251,0,0.02,2.78269,2.78269,0,0.521427,4.6872,4.03025e+06,2.75803e+06,1.12149e+07,0,333972,0,0,62.338,61.3098,4.41114,0,1,1.26695,1.26695,0,0.978754,1.90512,8.37568e+06,3.68648e+06,1.06116e+07,0,314026,0,0
85.1408,85.1408,4.53458,0,0.02,2.78296,2.78296,0,0.521476,4.6872,4.03025e+06,2.75803e+06,1.1216e+07,0,334003,0,0,62.338,61.3098,3.80803,0,1,1.26707,1.26707,0,0.978848,1.90512,8.37568e+06,3.68648e+06,1.06126e+07,0,314055,0,0
85.1408,85.1408,4.37199,0,0.02,2.78322,2.78322,0,0.521526,4.6872,4.03025e+06,2.75803e+06,1.12171e+07,0,334035,0,0,62.338,61.3098,3.54545,0,1,1.26719,1.26719,0,0.978941,1.90512,8.37568e+06,3.68648e+06,1.06136e+07,0,314085,0,0
85.1408,85.1408,4.30298,0,0.02,2.91553,2.91553,0,0.521575,4.6872,4.03025e+06,2.75803e+06,1.17503e+07,0,349914,0,0,62.338,61.3098,3.87555,0,1,1.33583,1.33583,0,0.979034,1.90512,8.37568e+06,3.68648e+06,1.11885e+07,0,331098,0,0
85.1408,85.1408,3.91879,0,0.02,2.9158,2.9158,0,0.546369,4.6872,4.03025e+06,2.75803e+06,1.17514e+07,0,349947,0,0,62.338,61.3098,3.40143,0,1,1.33596,1.33596,0,1.03206,1.90512,8.37568e+06,3.68648e+06,1.11896e+07,0,331129,0,0
85.1408,85.1408,3.61022,0,0.02,2.91608,2.91608,0,0.546421,4.6872,4.03025e+06,2.75803e+06,1.17525e+07,0,349981,0,0,62.338,61.3098,3.45757,0,1,1.33609,1.33609,0,1.03216,1.90512,8.37568e+06,3.68648e+06,1.11906e+07,0,331161,0,0
85.1408,85.1408,3.4267,0,0.02,2.91636,2.91636,0,0.546473,4.6872,4.03025e+06,2.75803e+06,1.17536e+07,0,350014,0,0,62.338,61.3098,3.03103,0,1,1.33621,1.33621,0,1.03226,1.90512,8.37568e+06,3.68648e+06,1.11917e+07,0,331193,0,0
85.1408,85.1408,3.44295,0,0.02,2.91664,2.91664,0,0.546525,4.6872,4.03025e+06,2.75803e+06,1.17548e+07,0,350047,0,0,62.338,61.3098,3.18275,0,1,1.33634,1.33634,0,1.03236,1.90512,8.37568e+06,3.68648e+06,1.11928e+07,0,331224,0,0
85.1408,85.1408,3.54288,0,0.02,2.89079,2.89079,0,0.546577,4.6872,4.03025e+06,2.75803e+06,1.16506e+07,0,346945,0,0,62.338,61.3098,3.12716,0,1,1.37414,1.37414,0,1.03246,1.90512,8.37568e+06,3.68648e+06,1.15094e+07,0,340594,0,0
85.1408,85.1408,3.28719,0,0.02,2.89106,2.89106,0,0.541734,4.6872,4.03025e+06,2.75803e+06,1.16517e+07,0,346978,0,0,62.338,61.3098,3.05812,0,1,1.37428,1.37428,0,1.06166,1.90512,8.37568e+06,3.68648e+06,1.15105e+07,0,340626,0,0
85.0135,85.1408,2.99495,0,0.02,2.89134,2.89134,0,0.541785,4.6872,4.03025e+06,2.75803e+06,1.16528e+07,0,347011,0,0,62.338,61.3098,2.79906,0,1,1.37441,1.37441,0,1.06176,1.90512,8.37568e+06,3.68648e+06,1.15116e+07,0,340659,0,0
84.6776,85.1408,2.75435,0,0.02,2.89161,2.89161,0,0.541837,4.6872,4.03025e+06,2.75803e+06,1.16539e+07,0,347044,0,0,62.338,61.3098,2.60742,0,1,1.37454,1.37454,0,1.06187,1.90512,8.37568e+06,3.68648e+06,1.15127e+07,0,340691,0,0
84.6507,85.1408,3.11407,0,0.02,2.95938,2.95938,0,0.541888,4.6872,4.03025e+06,2.75803e+06,1.1927e+07,0,355177,0,0,62.338,61.3098,2.88287,0,1,1.40826,1.40826,0,1.06197,1.90512,8.37568e+06,3.68648e+06,1.17951e+07,0,349049,0,0
84.4696,85.1408,2.94072,0,0.02,2.95966,2.95966,0,0.554588,4.6872,4.03025e+06,2.75803e+06,1.19282e+07,0,355211,0,0,62.338,61.3098,2.98283,0,1,1.40839,1.40839,0,1.08802,1.90512,8.37568e+06,3.68648e+06,1.17962e+07,0,349083,0,0
84.1073,85.1408,2.75139,0,0.02,2.95994,2.95994,0,0.554641,4.6872,4.03025e+06,2.75803e+06,1.19293e+07,0,355245,0,0,62.338,61.3098,2.73517,0,1,1.40853,1.40853,0,1.08812,1.90512,8.37568e+06,3.68648e+06,1.17974e+07,0,349116,0,0
83.7118,85.1408,2.70623,0,0.02,2.96023,2.96023,0,0.554693,4.6872,4.03025e+06,2.75803e+06,1.19304e+07,0,355279,0,0,62.338,61.3098,2.93023,0,1,1.40866,1.40866,0,1.08823,1.90512,8.37568e+06,3.68648e+06,1.17985e+07,0,349149,0,0
83.27,85.1408,2.83292,0,0.02,3.15823,3.15823,0,0.554746,4.6872,4.03025e+06,2.75803e+06,1.27284e+07,0,379042,0,0,62.314,61.3098,2.80937,0,1,1.53009,1.53009,0,1.08833,1.90512,8.37568e+06,3.68648e+06,1.28155e+07,0,379245,0,0
82.3691,85.1408,2.41267,0,0.02,3.15853,3.15853,0,0.591852,4.6872,4.03025e+06,2.75803e+06,1.27296e+07,0,379078,0,0,62.2265,61.3098,2.47646,0,1,1.53023,1.53023,0,1.18214,1.90512,8.37568e+06,3.68648e+06,1.28167e+07,0,379282,0,0
81.5224,85.1408,2.44111,0,0.02,3.15883,3.15883,0,0.591908,4.6872,4.03025e+06,2.75803e+06,1.27309e+07,0,379115,0,0,62.243,61.3098,2.68076,0,1,1.53038,1.53038,0,1.18226,1.90512,8.37568e+06,3.68648e+06,1.28179e+07,0,379318,0,0
80.701,85.1408,2.46378,0,0.02,3.15913,3.15913,0,0.591964,4.6872,4.03025e+06,2.75803e+06,1.27321e+07,0,379151,0,0,62.2724,61.3098,3.14368,0,1,1.53052,1.53052,0,1.18237,1.90512,8.37568e+06,3.68648e+06,1.28192e+07,0,379354,0,0
79.5403,85.1408,2.15933,0,0.02,3.15943,3.15943,0,0.592021,4.6872,4.03025e+06,2.75803e+06,1.27333e+07,0,379187,0,0,62.1589,61.3098,2.17113,0,1,1.53067,1.53067,0,1.18248,1.90512,8.37568e+06,3.68648e+06,1.28204e+07,0,379390,0,0
77.9369,85.1408,1.72858,0.01,0.02,3.06332,3.06332,0,0.592077,4.6872,4.03025e+06,2.75803e+06,1.2346e+07,0,367652,0,0,62.1964,61.3098,2.24649,0,1,1.45716,1.45716,0,1.18259,1.90512,8.37568e+06,3.68648e+06,1.22047e+07,0,361170,0,0
76.6639,85.1408,2.06777,0.01,0.02,3.06361,3.06361,0,0.574067,4.6872,4.03025e+06,2.75803e+06,1.23471e+07,0,367687,0,0,62.338,61.3098,3.21282,0,1,1.4573,1.4573,0,1.1258,1.90512,8.37568e+06,3.68648e+06,1.22059e+07,0,361205,0,0
75.2636,85.1408,1.91918,0.01,0.02,3.06391,3.06391,0,0.574121,4.6872,4.03025e+06,2.75803e+06,1.23483e+07,0,367722,0,0,62.338,61.3098,2.99977,0,1,1.45744,1.45744,0,1.12591,1.90512,8.37568e+06,3.68648e+06,1.2207e+07,0,361239,0,0
74.1658,85.1408,2.2325,0.02,0.02,3.0642,3.0642,0,0.574176,4.6872,4.03025e+06,2.75803e+06,1.23495e+07,0,367757,0,0,61.9278,61.3098,4.13894,0,1,1.45758,1.45758,0,1.12602,1.90512,8.37568e+06,3.68648e+06,1.22082e+07,0,361273,0,0
71.589,85.1408,0.654444,0.01,0.02,2.98533,2.98533,0,0.574231,4.6872,4.03025e+06,2.75803e+06,1.20316e+07,0,358291,0,0,61.7888,61.3098,1.30823,0,1,1.39065,1.39065,0,1.12612,1.90512,8.37568e+06,3.68648e+06,1.16476e+07,0,344684,0,0
69.7182,85.1408,1.36746,0.01,0.02,2.98561,2.98561,0,0.55945,4.6872,4.03025e+06,2.75803e+06,1.20328e+07,0,358326,0,0,61.9995,61.3098,2.45944,0,1,1.39078,1.39078,0,1.07441,1.90512,8.37568e+06,3.68648e+06,1.16487e+07,0,344717,0,0
69.2824,85.1408,2.91678,0.01,0.02,2.9859,2.9859,0,0.559503,4.6872,4.03025e+06,2.75803e+06,1.20339e+07,0,358360,0,0,62.338,61.3098,5.61708,0,1,1.39091,1.39091,0,1.07452,1.90512,8.37568e+06,3.68648e+06,1.16498e+07,0,344750,0,0
68.389,85.1408,2.36264,0.01,0.02,2.98618,2.98618,0,0.559557,4.6872,4.03025e+06,2.75803e+06,1.2035e+07,0,358394,0,0,62.338,61.3098,4.13408,0,1,1.39104,1.39104,0,1.07462,1.90512,8.37568e+06,3.68648e+06,1.16509e+07,0,344782,0,0
66.6273,85.1408,1.26245,0.01,0.02,2.76155,2.76155,0,0.55961,4.6872,4.03025e+06,2.75803e+06,1.11297e+07,0,331434,0,0,62.338,61.3098,2.28241,0,1,1.25144,1.25144,0,1.07472,1.90512,8.37568e+06,3.68648e+06,1.04816e+07,0,310180,0,0
65.5623,85.1408,1.99764,0.03,0.02,2.76181,2.76181,0,0.517514,4.6872,4.03025e+06,2.75803e+06,1.11308e+07,0,331466,0,0,62.338,61.3098,2.73158,0,1,1.25156,1.25156,0,0.96686,1.90512,8.37568e+06,3.68648e+06,1.04826e+07,0,310209,0,0
64.2812,85.1408,1.8414,0.03,0.02,2.76207,2.76207,0,0.517564,4.6872,4.03025e+06,2.75803e+06,1.11318e+07,0,331497,0,0,62.338,61.3098,3.47185,0,1,1.25167,1.25167,0,0.966952,1.90512,8.37568e+06,3.68648e+06,1.04836e+07,0,310239,0,0
62.7936,85.1408,1.55627,0.02,0.02,2.76234,2.76234,0,0.517613,4.6872,4.03025e+06,2.75803e+06,1.11329e+07,0,331529,0,0,62.338,61.3098,3.62419,0,1,1.25179,1.25179,0,0.967044,1.90512,8.37568e+06,3.68648e+06,1.04846e+07,0,310268,0,0
62.6488,85.1408,2.94535,0.02,0.02,2.7626,2.7626,0,0.517662,4.6872,4.03025e+06,2.75803e+06,1.1134e+07,0,331560,0,0,62.338,61.3098,3.86194,0,1,1.25191,1.25191,0,0.967136,1.90512,8.37568e+06,3.68648e+06,1.04856e+07,0,310298,0,0
64.8662,85.1408,5.45989,0.02,0.02,2.84941,2.84941,0,0.517711,4.6872,4.03025e+06,2.75803e+06,1.14838e+07,0,341979,0,0,62.338,61.3098,5.10525,0,1,1.29251,1.29251,0,0.967228,1.90512,8.37568e+06,3.68648e+06,1.08257e+07,0,320361,0,0
66.1541,85.1408,4.42861,0.02,0.02,2.84967,2.84967,0,0.53398,4.6872,4.03025e+06,2.75803e+06,1.14849e+07,0,342010,0,0,62.338,61.3098,4.34288,0,1,1.29263,1.29263,0,0.998596,1.90512,8.37568e+06,3.68648e+06,1.08267e+07,0,320390,0,0
67.8798,85.1408,4.92659,0.02,0.02,2.84993,2.84993,0,0.534028,4.6872,4.03025e+06,2.75803e+06,1.14859e+07,0,342041,0,0,62.338,61.3098,4.49986,0,1,1.29275,1.29275,0,0.998686,1.90512,8.37568e+06,3.68648e+06,1.08276e+07,0,320419,0,0
70.3606,85.1408,5.74195,0.03,0.02,2.85018,2.85018,0,0.534076,4.6872,4.03025e+06,2.75803e+06,1.14869e+07,0,342072,0,0,62.338,61.3098,4.14087,0,1,1.29286,1.29286,0,0.998776,1.90512,8.37568e+06,3.68648e+06,1.08286e+07,0,320447,0,0
72.6113,85.1408,5.88573,0.01,0.02,3.12846,3.12846,0,0.534124,4.6872,4.03025e+06,2.75803e+06,1.26085e+07,0,375470,0,0,62.338,61.3098,3.37838,0,1,1.445,1.445,0,0.998865,1.90512,8.37568e+06,3.68648e+06,1.21029e+07,0,358157,0,0
73.4789,85.1408,4.44874,0.01,0.02,3.12874,3.12874,0,0.586274,4.6872,4.03025e+06,2.75803e+06,1.26096e+07,0,375504,0,0,62.338,61.3098,2.44778,0,1,1.44513,1.44513,0,1.11641,1.90512,8.37568e+06,3.68648e+06,1.2104e+07,0,358190,0,0
78.465,85.1408,8.71512,0.01,0.02,3.12902,3.12902,0,0.586326,4.6872,4.03025e+06,2.75803e+06,1.26107e+07,0,375538,0,0,62.338,61.3098,5.0942,0,1,1.44526,1.44526,0,1.11651,1.90512,8.37568e+06,3.68648e+06,1.21051e+07,0,358222,0,0
85.1408,85.1408,11.0665,0,0.02,3.1293,3.1293,0,0.586379,4.6872,4.03025e+06,2.75803e+06,1.26119e+07,0,375571,0,0,62.338,61.3098,7.93492,0,1,1.44539,1.44539,0,1.11661,1.90512,8.37568e+06,3.68648e+06,1.21062e+07,0,358254,0,0
85.1408,85.1408,6.28783,0,0.02,2.73289,2.73289,0,0.586432,4.6872,4.03025e+06,2.75803e+06,1.10142e+07,0,327995,0,0,62.338,61.3098,4.5135,0,1,1.24143,1.24143,0,1.11671,1.90512,8.37568e+06,3.68648e+06,1.03978e+07,0,307699,0,0
85.1408,85.1408,5.79703,0,0.02,2.73314,2.73314,0,0.512144,4.6872,4.03025e+06,2.75803e+06,1.10152e+07,0,328024,0,0,62.338,61.3098,3.67606,0,1,1.24154,1.24154,0,0.959128,1.90512,8.37568e+06,3.68648e+06,1.03987e+07,0,307727,0,0
85.1408,85.1408,5.89948,0,0.02,2.73338,2.73338,0,0.51219,4.6872,4.03025e+06,2.75803e+06,1.10162e+07,0,328054,0,0,62.338,61.3098,3.77298,0,1,1.24165,1.24165,0,0.959214,1.90512,8.37568e+06,3.68648e+06,1.03997e+07,0,307755,0,0
85.1408,85.1408,5.14168,0,0.02,2.73363,2.73363,0,0.512236,4.6872,4.03025e+06,2.75803e+06,1.10172e+07,0,328083,0,0,62.338,61.3098,2.97393,0,1,1.24176,1.24176,0,0.9593,1.90512,8.37568e+06,3.68648e+06,1.04006e+07,0,307782,0,0
85.1408,85.1408,5.64922,0,0.02,2.73387,2.73387,0,0.512282,4.6872,4.03025e+06,2.75803e+06,1.10182e+07,0,328112,0,0,62.338,61.3098,3.58876,0,1,1.24187,1.24187,0,0.959386,1.90512,8.37568e+06,3.68648e+06,1.04015e+07,0,307810,0,0
85.1408,85.1408,5.8101,0,0.02,2.83402,2.83402,0,0.512328,4.6872,4.03025e+06,2.75803e+06,1.14218e+07,0,340131,0,0,62.338,61.3098,3.35825,0,1,1.29194,1.29194,0,0.959472,1.90512,8.37568e+06,3.68648e+06,1.08209e+07,0,320218,0,0
85.1408,85.1408,5.41096,0,0.02,2.83427,2.83427,0,0.531095,4.6872,4.03025e+06,2.75803e+06,1.14228e+07,0,340162,0,0,62.338,61.3098,3.01832,0,1,1.29205,1.29205,0,0.998151,1.90512,8.37568e+06,3.68648e+06,1.08218e+07,0,320247,0,0
85.1408,85.1408,4.97161,0,0.02,2.83453,2.83453,0,0.531142,4.6872,4.03025e+06,2.75803e+06,1.14238e+07,0,340193,0,0,62.338,61.3098,2.95304,0,1,1.29217,1.29217,0,0.998241,1.90512,8.37568e+06,3.68648e+06,1.08228e+07,0,320276,0,0
85.1408,85.1408,4.54616,0,0.02,2.83478,2.83478,0,0.53119,4.6872,4.03025e+06,2.75803e+06,1.14249e+07,0,340223,0,0,62.338,61.3098,3.36102,0,1,1.29229,1.29229,0,0.998331,1.90512,8.37568e+06,3.68648e+06,1.08238e+07,0,320305,0,0
85.1408,85.1408,4.88861,0,0.02,2.79596,2.79596,0,0.531238,4.6872,4.03025e+06,2.75803e+06,1.12684e+07,0,335564,0,0,62.338,61.3098,4.4599,0,1,1.27299,1.27299,0,0.99842,1.90512,8.37568e+06,3.68648e+06,1.06622e+07,0,315523,0,0
85.1408,85.1408,3.97296,0,0.02,2.79621,2.79621,0,0.523963,4.6872,4.03025e+06,2.75803e+06,1.12694e+07,0,335594,0,0,62.338,61.3098,3.81824,0,1,1.27311,1.27311,0,0.983515,1.90512,8.37568e+06,3.68648e+06,1.06631e+07,0,315551,0,0
85.1408,85.1408,3.5035,0,0.02,2.79646,2.79646,0,0.52401,4.6872,4.03025e+06,2.75803e+06,1.12704e+07,0,335624,0,0,62.338,61.3098,3.40485,0,1,1.27322,1.27322,0,0.983604,1.90512,8.37568e+06,3.68648e+06,1.06641e+07,0,315580,0,0
85.1183,85.1408,3.15056,0,0.02,2.79671,2.79671,0,0.524057,4.6872,4.03025e+06,2.75803e+06,1.12714e+07,0,335655,0,0,62.338,61.3098,3.0475,0,1,1.27334,1.27334,0,0.983692,1.90512,8.37568e+06,3.68648e+06,1.06651e+07,0,315608,0,0
85.1408,85.1408,3.26753,0,0.02,2.92964,2.92964,0,0.524104,4.6872,4.03025e+06,2.75803e+06,1.18072e+07,0,351609,0,0,62.338,61.3098,3.54704,0,1,1.3423,1.3423,0,0.98378,1.90512,8.37568e+06,3.68648e+06,1.12427e+07,0,332701,0,0
85.0125,85.1408,3.05743,0,0.02,2.92991,2.92991,0,0.549015,4.6872,4.03025e+06,2.75803e+06,1.18083e+07,0,351640,0,0,62.338,61.3098,3.47092,0,1,1.34242,1.34242,0,1.03706,1.90512,8.37568e+06,3.68648e+06,1.12437e+07,0,332731,0,0
84.666,85.1408,2.78948,0,0.02,2.93017,2.93017,0,0.549065,4.6872,4.03025e+06,2.75803e+06,1.18093e+07,0,351672,0,0,62.338,61.3098,3.46314,0,1,1.34254,1.34254,0,1.03716,1.90512,8.37568e+06,3.68648e+06,1.12447e+07,0,332761,0,0
84.2691,85.1408,2.73072,0,0.02,2.93043,2.93043,0,0.549114,4.6872,4.03025e+06,2.75803e+06,1.18104e+07,0,351703,0,0,62.338,61.3098,3.4818,0,1,1.34266,1.34266,0,1.03725,1.90512,8.37568e+06,3.68648e+06,1.12457e+07,0,332791,0,0
83.7434,85.1408,2.60064,0,0.02,2.9307,2.9307,0,0.549163,4.6872,4.03025e+06,2.75803e+06,1.18114e+07,0,351735,0,0,62.338,61.3098,3.15168,0,1,1.34278,1.34278,0,1.03734,1.90512,8.37568e+06,3.68648e+06,1.12467e+07,0,332821,0,0
83.1112,85.1408,2.47748,0,0.02,2.90471,2.90471,0,0.549213,4.6872,4.03025e+06,2.75803e+06,1.17067e+07,0,348616,0,0,62.338,61.3098,2.8483,0,1,1.38076,1.38076,0,1.03743,1.90512,8.37568e+06,3.68648e+06,1.15648e+07,0,342234,0,0
82.278,85.1408,2.25172,0,0.02,2.90497,2.90497,0,0.544343,4.6872,4.03025e+06,2.75803e+06,1.17078e+07,0,348647,0,0,62.338,61.3098,2.61097,0,1,1.38089,1.38089,0,1.06678,1.90512,8.37568e+06,3.68648e+06,1.15659e+07,0,342265,0,0
81.3699,85.1408,2.13216,0,0.02,2.90523,2.90523,0,0.544391,4.6872,4.03025e+06,2.75803e+06,1.17088e+07,0,348679,0,0,62.338,61.3098,2.58545,0,1,1.38101,1.38101,0,1.06687,1.90512,8.37568e+06,3.68648e+06,1.15669e+07,0,342296,0,0
80.2397,85.1408,1.89828,0,0.02,2.90549,2.90549,0,0.54444,4.6872,4.03025e+06,2.75803e+06,1.17099e+07,0,348710,0,0,62.338,61.3098,2.51257,0,1,1.38113,1.38113,0,1.06697,1.90512,8.37568e+06,3.68648e+06,1.15679e+07,0,342326,0,0
78.9494,85.1408,1.78986,0,0.02,2.97357,2.97357,0,0.544489,4.6872,4.03025e+06,2.75803e+06,1.19842e+07,0,356880,0,0,62.323,61.3098,2.22631,0,1,1.41501,1.41501,0,1.06706,1.90512,8.37568e+06,3.68648e+06,1.18517e+07,0,350723,0,0
77.6263,85.1408,1.74819,0,0.02,2.97383,2.97383,0,0.557247,4.6872,4.03025e+06,2.75803e+06,1.19853e+07,0,356912,0,0,62.2536,61.3098,2.30903,0,1,1.41514,1.41514,0,1.09324,1.90512,8.37568e+06,3.68648e+06,1.18527e+07,0,350754,0,0
76.2065,85.1408,1.63266,0,0.02,2.9741,2.9741,0,0.557297,4.6872,4.03025e+06,2.75803e+06,1.19864e+07,0,356944,0,0,62.1369,61.3098,2.18994,0,1,1.41526,1.41526,0,1.09333,1.90512,8.37568e+06,3.68648e+06,1.18538e+07,0,350786,0,0
74.6705,85.1408,1.49853,0.01,0.02,2.97437,2.97437,0,0.557347,4.6872,4.03025e+06,2.75803e+06,1.19874e+07,0,356976,0,0,62.0138,61.3098,2.05198,0,1,1.41539,1.41539,0,1.09343,1.90512,8.37568e+06,3.68648e+06,1.18549e+07,0,350817,0,0
73.2536,85.1408,1.78887,0.01,0.02,3.1733,3.1733,0,0.557397,4.6872,4.03025e+06,2.75803e+06,1.27892e+07,0,380851,0,0,61.8047,61.3098,2.40508,0,1,1.53739,1.53739,0,1.09353,1.90512,8.37568e+06,3.68648e+06,1.28767e+07,0,381055,0,0
71.4534,85.1408,1.43681,0.01,0.02,3.17358,3.17358,0,0.594676,4.6872,4.03025e+06,2.75803e+06,1.27903e+07,0,380886,0,0,61.4424,61.3098,1.80405,0,1,1.53753,1.53753,0,1.18779,1.90512,8.37568e+06,3.68648e+06,1.28778e+07,0,381090,0,0
69.6978,85.1408,1.45087,0.02,0.02,3.17387,3.17387,0,0.59473,4.6872,4.03025e+06,2.75803e+06,1.27915e+07,0,380920,0,0,61.1557,61.3098,1.95234,0,1,1.53766,1.53766,0,1.18789,1.90512,8.37568e+06,3.68648e+06,1.2879e+07,0,381124,0,0
67.97,85.1408,1.46444,0.01,0.02,3.17415,3.17415,0,0.594783,4.6872,4.03025e+06,2.75803e+06,1.27926e+07,0,380954,0,0,60.8808,61.3098,2.29108,0,1,1.5378,1.5378,0,1.188,1.90512,8.37568e+06,3.68648e+06,1.28801e+07,0,381158,0,0
66.1437,85.1408,1.34201,0.03,0.02,3.17444,3.17444,0,0.594837,4.6872,4.03025e+06,2.75803e+06,1.27938e+07,0,380988,0,0,60.6186,61.3098,1.90703,0,1,1.53794,1.53794,0,1.18811,1.90512,8.37568e+06,3.68648e+06,1.28813e+07,0,381192,0,0
63.9502,85.1408,0.91683,0.03,0.02,3.07786,3.07786,0,0.59489,4.6872,4.03025e+06,2.75803e+06,1.24045e+07,0,369397,0,0,60.4039,61.3098,1.80597,0,1,1.46408,1.46408,0,1.18821,1.90512,8.37568e+06,3.68648e+06,1.22626e+07,0,362884,0,0
62.522,85.1408,1.6739,0.03,0.02,3.07814,3.07814,0,0.576791,4.6872,4.03025e+06,2.75803e+06,1.24057e+07,0,369430,0,0,60.5456,61.3098,3.31179,0,1,1.46421,1.46421,0,1.13114,1.90512,8.37568e+06,3.68648e+06,1.22637e+07,0,362917,0,0
60.2427,85.1408,0.782073,0.04,0.02,3.07841,3.07841,0,0.576843,4.6872,4.03025e+06,2.75803e+06,1.24068e+07,0,369463,0,0,60.315,61.3098,1.7476,0,1,1.46434,1.46434,0,1.13125,1.90512,8.37568e+06,3.68648e+06,1.22648e+07,0,362949,0,0
58.1483,85.1408,0.956575,0.03,0.02,3.07869,3.07869,0,0.576895,4.6872,4.03025e+06,2.75803e+06,1.24079e+07,0,369497,0,0,60.234,61.3098,1.94798,0,1,1.46447,1.46447,0,1.13135,1.90512,8.37568e+06,3.68648e+06,1.22659e+07,0,362982,0,0
56.9563,85.1408,1.83699,0.04,0.02,2.99943,2.99943,0,0.576947,4.6872,4.03025e+06,2.75803e+06,1.20884e+07,0,359984,0,0,60.5575,61.3098,2.51271,0,1,1.39722,1.39722,0,1.13145,1.90512,8.37568e+06,3.68648e+06,1.17026e+07,0,346312,0,0
55.406,85.1408,1.4457,0.04,0.02,2.9997,2.9997,0,0.562093,4.6872,4.03025e+06,2.75803e+06,1.20895e+07,0,360016,0,0,61.0654,61.3098,3.53509,0,1,1.39734,1.39734,0,1.07949,1.90512,8.37568e+06,3.68648e+06,1.17037e+07,0,346343,0,0
53.7291,85.1408,1.31893,0.04,0.02,2.99997,2.99997,0,0.562144,4.6872,4.03025e+06,2.75803e+06,1.20906e+07,0,360049,0,0,61.2816,61.3098,2.45673,0,1,1.39747,1.39747,0,1.07959,1.90512,8.37568e+06,3.68648e+06,1.17047e+07,0,346375,0,0
54.9197,85.1408,4.45056,0.04,0.02,3.00024,3.00024,0,0.562194,4.6872,4.03025e+06,2.75803e+06,1.20917e+07,0,360081,0,0,61.8624,61.3098,4.23161,0,1,1.39759,1.39759,0,1.07968,1.90512,8.37568e+06,3.68648e+06,1.17058e+07,0,346406,0,0
54.4964,85.1408,2.4909,0.04,0.02,2.77454,2.77454,0,0.562245,4.6872,4.03025e+06,2.75803e+06,1.11821e+07,0,332993,0,0,61.6631,61.3098,1.94061,0,1,1.25732,1.25732,0,1.07978,1.90512,8.37568e+06,3.68648e+06,1.05309e+07,0,311638,0,0
53.8753,85.1408,2.19224,0.04,0.02,2.77478,2.77478,0,0.519948,4.6872,4.03025e+06,2.75803e+06,1.11831e+07,0,333023,0,0,61.7287,61.3098,1.52756,0,1,1.25743,1.25743,0,0.971407,1.90512,8.37568e+06,3.68648e+06,1.05319e+07,0,311666,0,0
56.7225,85.1408,5.75791,0.04,0.02,2.77503,2.77503,0,0.519995,4.6872,4.03025e+06,2.75803e+06,1.11841e+07,0,333053,0,0,62.338,61.3098,3.15149,0,1,1.25755,1.25755,0,0.971494,1.90512,8.37568e+06,3.68648e+06,1.05328e+07,0,311694,0,0
61.9434,85.1408,8.57602,0.04,0.02,2.77528,2.77528,0,0.520041,4.6872,4.03025e+06,2.75803e+06,1.11851e+07,0,333083,0,0,62.338,61.3098,4.72987,0,1,1.25766,1.25766,0,0.971581,1.90512,8.37568e+06,3.68648e+06,1.05338e+07,0,311722,0,0
64.515,85.1408,5.87788,0.02,0.02,2.77553,2.77553,0,0.520088,4.6872,4.03025e+06,2.75803e+06,1.11861e+07,0,333112,0,0,62.338,61.3098,3.26008,0,1,1.25777,1.25777,0,0.971668,1.90512,8.37568e+06,3.68648e+06,1.05347e+07,0,311750,0,0
67.3542,85.1408,6.17162,0.03,0.02,2.86274,2.86274,0,0.520135,4.6872,4.03025e+06,2.75803e+06,1.15375e+07,0,343578,0,0,62.338,61.3098,4.95659,0,1,1.29856,1.29856,0,0.971756,1.90512,8.37568e+06,3.68648e+06,1.08763e+07,0,321859,0,0
69.1605,85.1408,5.08161,0.03,0.02,2.86298,2.86298,0,0.536477,4.6872,4.03025e+06,2.75803e+06,1.15385e+07,0,343607,0,0,62.338,61.3098,4.38,0,1,1.29867,1.29867,0,1.00327,1.90512,8.37568e+06,3.68648e+06,1.08772e+07,0,321886,0,0
69.999,85.1408,4.05547,0,0.02,2.86322,2.86322,0,0.536522,4.6872,4.03025e+06,2.75803e+06,1.15395e+07,0,343636,0,0,62.338,61.3098,3.22804,0,1,1.29878,1.29878,0,1.00335,1.90512,8.37568e+06,3.68648e+06,1.08781e+07,0,321913,0,0
70.5212,85.1408,3.73409,0.01,0.02,2.86346,2.86346,0,0.536567,4.6872,4.03025e+06,2.75803e+06,1.15405e+07,0,343665,0,0,62.338,61.3098,2.68774,0,1,1.29889,1.29889,0,1.00343,1.90512,8.37568e+06,3.68648e+06,1.0879e+07,0,321940,0,0
70.7798,85.1408,3.7064,0.01,0.02,3.14302,3.14302,0,0.536612,4.6872,4.03025e+06,2.75803e+06,1.26672e+07,0,377217,0,0,62.338,61.3098,2.76285,0,1,1.45173,1.45173,0,1.00352,1.90512,8.37568e+06,3.68648e+06,1.21592e+07,0,359824,0,0
73.7633,85.1408,6.52609,0.01,0.02,3.14329,3.14329,0,0.589002,4.6872,4.03025e+06,2.75803e+06,1.26682e+07,0,377249,0,0,62.338,61.3098,4.41426,0,1,1.45185,1.45185,0,1.12161,1.90512,8.37568e+06,3.68648e+06,1.21602e+07,0,359854,0,0
75.0007,85.1408,4.7289,0.01,0.02,3.14355,3.14355,0,0.589052,4.6872,4.03025e+06,2.75803e+06,1.26693e+07,0,377281,0,0,62.1861,61.3098,3.30406,0,1,1.45197,1.45197,0,1.1217,1.90512,8.37568e+06,3.68648e+06,1.21613e+07,0,359885,0,0
75.0427,85.1408,3.47416,0.01,0.02,3.14382,3.14382,0,0.589101,4.6872,4.03025e+06,2.75803e+06,1.26704e+07,0,377313,0,0,62.097,61.3098,2.02913,0,1,1.4521,1.4521,0,1.1218,1.90512,8.37568e+06,3.68648e+06,1.21623e+07,0,359915,0,0
75.0782,85.1408,3.12736,0.01,0.02,2.74555,2.74555,0,0.589151,4.6872,4.03025e+06,2.75803e+06,1.10652e+07,0,329514,0,0,62.338,61.3098,2.62298,0,1,1.24718,1.24718,0,1.12189,1.90512,8.37568e+06,3.68648e+06,1.0446e+07,0,309124,0,0
76.6427,85.1408,4.72203,0.01,0.02,2.74578,2.74578,0,0.514516,4.6872,4.03025e+06,2.75803e+06,1.10662e+07,0,329542,0,0,62.338,61.3098,3.40836,0,1,1.24728,1.24728,0,0.96357,1.90512,8.37568e+06,3.68648e+06,1.04468e+07,0,309151,0,0
78.2002,85.1408,4.8387,0,0.02,2.74601,2.74601,0,0.514559,4.6872,4.03025e+06,2.75803e+06,1.10671e+07,0,329569,0,0,62.338,61.3098,3.19052,0,1,1.24739,1.24739,0,0.963652,1.90512,8.37568e+06,3.68648e+06,1.04477e+07,0,309177,0,0
78.629,85.1408,3.62986,0,0.02,2.74624,2.74624,0,0.514603,4.6872,4.03025e+06,2.75803e+06,1.1068e+07,0,329597,0,0,62.338,61.3098,2.50437,0,1,1.24749,1.24749,0,0.963733,1.90512,8.37568e+06,3.68648e+06,1.04486e+07,0,309203,0,0
79.6631,85.1408,4.24225,0,0.02,2.74647,2.74647,0,0.514646,4.6872,4.03025e+06,2.75803e+06,1.1069e+07,0,329625,0,0,62.0954,61.3098,2.36438,0,1,1.2476,1.2476,0,0.963814,1.90512,8.37568e+06,3.68648e+06,1.04495e+07,0,309229,0,0
79.6733,85.1408,3.20784,0,0.02,2.84707,2.84707,0,0.514689,4.6872,4.03025e+06,2.75803e+06,1.14744e+07,0,341698,0,0,62.2039,61.3098,1.92831,0,1,1.29789,1.29789,0,0.963896,1.90512,8.37568e+06,3.68648e+06,1.08707e+07,0,321693,0,0
81.6565,85.1408,5.2565,0,0.02,2.84731,2.84731,0,0.53354,4.6872,4.03025e+06,2.75803e+06,1.14753e+07,0,341726,0,0,62.143,61.3098,2.46166,0,1,1.298,1.298,0,1.00275,1.90512,8.37568e+06,3.68648e+06,1.08716e+07,0,321720,0,0
82.7172,85.1408,4.32788,0,0.02,2.84755,2.84755,0,0.533585,4.6872,4.03025e+06,2.75803e+06,1.14763e+07,0,341755,0,0,61.8843,61.3098,1.99412,0,1,1.29811,1.29811,0,1.00283,1.90512,8.37568e+06,3.68648e+06,1.08725e+07,0,321747,0,0
82.9046,85.1408,3.41906,0,0.02,2.84779,2.84779,0,0.53363,4.6872,4.03025e+06,2.75803e+06,1.14773e+07,0,341784,0,0,61.7043,61.3098,1.66596,0,1,1.29822,1.29822,0,1.00292,1.90512,8.37568e+06,3.68648e+06,1.08734e+07,0,321774,0,0
83.0813,85.1408,3.32715,0,0.02,2.80877,2.80877,0,0.533675,4.6872,4.03025e+06,2.75803e+06,1.13201e+07,0,337102,0,0,61.3704,61.3098,1.97073,0,1,1.27883,1.27883,0,1.003,1.90512,8.37568e+06,3.68648e+06,1.0711e+07,0,316969,0,0
82.6757,85.1408,2.70435,0,0.02,2.80901,2.80901,0,0.526364,4.6872,4.03025e+06,2.75803e+06,1.1321e+07,0,337130,0,0,60.9244,61.3098,1.63938,0,1,1.27894,1.27894,0,0.988022,1.90512,8.37568e+06,3.68648e+06,1.0712e+07,0,316996,0,0
81.9735,85.1408,2.32346,0,0.02,2.80925,2.80925,0,0.526408,4.6872,4.03025e+06,2.75803e+06,1.1322e+07,0,337159,0,0,60.335,61.3098,1.42559,0,1,1.27904,1.27904,0,0.988106,1.90512,8.37568e+06,3.68648e+06,1.07129e+07,0,317022,0,0
81.0555,85.1408,2.07123,0,0.02,2.80948,2.80948,0,0.526453,4.6872,4.03025e+06,2.75803e+06,1.13229e+07,0,337187,0,0,59.8155,61.3098,1.30178,0,1,1.27915,1.27915,0,0.988189,1.90512,8.37568e+06,3.68648e+06,1.07138e+07,0,317049,0,0
80.01,85.1408,2.04734,0,0.02,2.94301,2.94301,0,0.526497,4.6872,4.03025e+06,2.75803e+06,1.1861e+07,0,353212,0,0,59.2999,61.3098,1.43815,0,1,1.34842,1.34842,0,0.988272,1.90512,8.37568e+06,3.68648e+06,1.1294e+07,0,334219,0,0
78.9294,85.1408,2.00353,0,0.02,2.94325,2.94325,0,0.551519,4.6872,4.03025e+06,2.75803e+06,1.1862e+07,0,353242,0,0,58.7792,61.3098,1.51004,0,1,1.34854,1.34854,0,1.04179,1.90512,8.37568e+06,3.68648e+06,1.12949e+07,0,334247,0,0
77.7986,85.1408,1.93687,0,0.02,2.9435,2.9435,0,0.551566,4.6872,4.03025e+06,2.75803e+06,1.1863e+07,0,353272,0,0,58.1787,61.3098,1.35546,0,1,1.34865,1.34865,0,1.04188,1.90512,8.37568e+06,3.68648e+06,1.12959e+07,0,334275,0,0
76.5014,85.1408,1.72322,0,0.02,2.94375,2.94375,0,0.551612,4.6872,4.03025e+06,2.75803e+06,1.1864e+07,0,353302,0,0,57.5046,61.3098,1.29445,0,1,1.34876,1.34876,0,1.04197,1.90512,8.37568e+06,3.68648e+06,1.12968e+07,0,334303,0,0
75.1488,85.1408,1.63096,0,0.02,2.944,2.944,0,0.551659,4.6872,4.03025e+06,2.75803e+06,1.1865e+07,0,353331,0,0,56.7555,61.3098,1.23673,0,1,1.34888,1.34888,0,1.04206,1.90512,8.37568e+06,3.68648e+06,1.12978e+07,0,334332,0,0
73.7391,85.1408,1.53471,0,0.02,2.91788,2.91788,0,0.551705,4.6872,4.03025e+06,2.75803e+06,1.17598e+07,0,350196,0,0,55.9726,61.3098,1.1395,0,1,1.38702,1.38702,0,1.04214,1.90512,8.37568e+06,3.68648e+06,1.16172e+07,0,343786,0,0
72.2212,85.1408,1.41499,0,0.02,2.91812,2.91812,0,0.54681,4.6872,4.03025e+06,2.75803e+06,1.17608e+07,0,350226,0,0,55.076,61.3098,1.12964,0,1,1.38714,1.38714,0,1.07161,1.90512,8.37568e+06,3.68648e+06,1.16182e+07,0,343815,0,0
70.5943,85.1408,1.29148,0,0.02,2.91837,2.91837,0,0.546856,4.6872,4.03025e+06,2.75803e+06,1.17618e+07,0,350255,0,0,54.1551,61.3098,1.00248,0,1,1.38726,1.38726,0,1.0717,1.90512,8.37568e+06,3.68648e+06,1.16192e+07,0,343844,0,0
68.8947,85.1408,1.18531,0,0.02,2.91862,2.91862,0,0.546903,4.6872,4.03025e+06,2.75803e+06,1.17627e+07,0,350285,0,0,53.1683,61.3098,0.984522,0,1,1.38737,1.38737,0,1.07179,1.90512,8.37568e+06,3.68648e+06,1.16202e+07,0,343873,0,0
67.0507,85.1408,1.07163,0.01,0.02,2.98698,2.98698,0,0.546949,4.6872,4.03025e+06,2.75803e+06,1.20383e+07,0,358490,0,0,52.0317,61.3098,0.950889,0,1,1.42139,1.42139,0,1.07188,1.90512,8.37568e+06,3.68648e+06,1.19051e+07,0,352305,0,0
65.134,85.1408,0.982838,0.02,0.02,2.98723,2.98723,0,0.559761,4.6872,4.03025e+06,2.75803e+06,1.20393e+07,0,358520,0,0,50.9914,61.3098,0.835028,0,1,1.42151,1.42151,0,1.09817,1.90512,8.37568e+06,3.68648e+06,1.19061e+07,0,352335,0,0
63.26,85.1408,1.00101,0.03,0.02,2.98749,2.98749,0,0.559808,4.6872,4.03025e+06,2.75803e+06,1.20403e+07,0,358551,0,0,50.0228,61.3098,0.940996,0,1,1.42163,1.42163,0,1.09826,1.90512,8.37568e+06,3.68648e+06,1.19071e+07,0,352365,0,0
61.4531,85.1408,1.041,0.03,0.02,2.98774,2.98774,0,0.559855,4.6872,4.03025e+06,2.75803e+06,1.20413e+07,0,358581,0,0,49.2071,61.3098,0.989686,0,1,1.42175,1.42175,0,1.09835,1.90512,8.37568e+06,3.68648e+06,1.19081e+07,0,352394,0,0
59.6534,85.1408,1.20349,0.03,0.02,3.18755,3.18755,0,0.559902,4.6872,4.03025e+06,2.75803e+06,1.28466e+07,0,382561,0,0,48.2146,61.3098,1.14926,0,1,1.54429,1.54429,0,1.09845,1.90512,8.37568e+06,3.68648e+06,1.29345e+07,0,382766,0,0
57.7412,85.1408,1.09017,0.03,0.02,3.18782,3.18782,0,0.597346,4.6872,4.03025e+06,2.75803e+06,1.28477e+07,0,382594,0,0,47.2663,61.3098,1.0125,0,1,1.54442,1.54442,0,1.19312,1.90512,8.37568e+06,3.68648e+06,1.29356e+07,0,382799,0,0
55.8629,85.1408,1.09884,0.05,0.02,3.18808,3.18808,0,0.597397,4.6872,4.03025e+06,2.75803e+06,1.28488e+07,0,382626,0,0,46.3249,61.3098,1.04384,0,1,1.54455,1.54455,0,1.19322,1.90512,8.37568e+06,3.68648e+06,1.29367e+07,0,382831,0,0
54.2152,85.1408,1.30281,0.04,0.02,3.18835,3.18835,0,0.597447,4.6872,4.03025e+06,2.75803e+06,1.28499e+07,0,382658,0,0,45.3528,61.3098,1.06982,0,1,1.54468,1.54468,0,1.19332,1.90512,8.37568e+06,3.68648e+06,1.29378e+07,0,382863,0,0
52.2547,85.1408,0.977668,0.05,0.02,3.18862,3.18862,0,0.597497,4.6872,4.03025e+06,2.75803e+06,1.28509e+07,0,382690,0,0,44.324,61.3098,0.954164,0,1,1.54481,1.54481,0,1.19342,1.90512,8.37568e+06,3.68648e+06,1.29388e+07,0,382895,0,0
50.3658,85.1408,1.01935,0.04,0.02,3.09159,3.09159,0,0.597548,4.6872,4.03025e+06,2.75803e+06,1.24599e+07,0,371045,0,0,43.3698,61.3098,0.884316,0,1,1.47061,1.47061,0,1.19352,1.90512,8.37568e+06,3.68648e+06,1.23173e+07,0,364503,0,0
48.6755,85.1408,1.18053,0.05,0.02,3.09186,3.09186,0,0.579365,4.6872,4.03025e+06,2.75803e+06,1.24609e+07,0,371077,0,0,42.5778,61.3098,0.953623,0,1,1.47073,1.47073,0,1.13619,1.90512,8.37568e+06,3.68648e+06,1.23184e+07,0,364534,0,0
47.4146,85.1408,1.59885,0.05,0.02,3.09212,3.09212,0,0.579414,4.6872,4.03025e+06,2.75803e+06,1.2462e+07,0,371108,0,0,42.0164,61.3098,1.19788,0,1,1.47086,1.47086,0,1.13629,1.90512,8.37568e+06,3.68648e+06,1.23194e+07,0,364565,0,0
45.9774,85.1408,1.46357,0.05,0.02,3.09238,3.09238,0,0.579463,4.6872,4.03025e+06,2.75803e+06,1.2463e+07,0,371139,0,0,41.8556,61.3098,1.41818,0,1,1.47098,1.47098,0,1.13638,1.90512,8.37568e+06,3.68648e+06,1.23205e+07,0,364596,0,0
46.1489,85.1408,2.99655,0.05,0.02,3.01275,3.01275,0,0.579512,4.6872,4.03025e+06,2.75803e+06,1.21421e+07,0,361582,0,0,42.0299,61.3098,2.35991,0,1,1.40342,1.40342,0,1.13648,1.90512,8.37568e+06,3.68648e+06,1.17546e+07,0,347850,0,0
45.749,85.1408,2.4233,0.05,0.02,3.013,3.013,0,0.564589,4.6872,4.03025e+06,2.75803e+06,1.21431e+07,0,361613,0,0,42.3943,61.3098,3.6314,0,1,1.40354,1.40354,0,1.08428,1.90512,8.37568e+06,3.68648e+06,1.17556e+07,0,347879,0,0
45.1202,85.1408,2.2059,0.05,0.02,3.01326,3.01326,0,0.564637,4.6872,4.03025e+06,2.75803e+06,1.21442e+07,0,361643,0,0,42.5212,61.3098,2.50815,0,1,1.40366,1.40366,0,1.08437,1.90512,8.37568e+06,3.68648e+06,1.17566e+07,0,347909,0,0
49.4221,85.1408,7.42704,0.05,0.02,3.01351,3.01351,0,0.564684,4.6872,4.03025e+06,2.75803e+06,1.21452e+07,0,361674,0,0,42.9436,61.3098,4.38267,0,1,1.40377,1.40377,0,1.08446,1.90512,8.37568e+06,3.68648e+06,1.17576e+07,0,347938,0,0
50.7842,85.1408,4.05406,0.06,0.02,2.65622,2.78679,0,0.564732,4.6872,4.03025e+06,2.75803e+06,1.07052e+07,0,334464,0,0,42.983,61.3098,2.4827,0,1,1.39345,1.26288,0,1.08456,1.90512,8.37568e+06,3.68648e+06,1.16711e+07,0,313015,0,0
51.9029,85.1408,3.81802,0.06,0.02,2.51555,2.78703,0,0.497775,4.6872,4.03025e+06,2.75803e+06,1.01383e+07,0,334492,0,0,43.4789,61.3098,3.90137,0,1,1.53446,1.26298,0,1.07658,1.90512,8.37568e+06,3.68648e+06,1.28521e+07,0,313042,0,0
53.0231,85.1408,4.04156,0.04,0.02,2.78726,2.78726,0,0.471415,4.6872,4.03025e+06,2.75803e+06,1.12334e+07,0,334521,0,0,44.2131,61.3098,3.61472,0,1,1.26309,1.26309,0,1.18552,1.90512,8.37568e+06,3.68648e+06,1.05792e+07,0,313068,0,0
53.4898,85.1408,3.40495,0.04,0.02,2.7875,2.7875,0,0.522333,4.6872,4.03025e+06,2.75803e+06,1.12343e+07,0,334549,0,0,44.9171,61.3098,3.45895,0,1,1.2632,1.2632,0,0.975863,1.90512,8.37568e+06,3.68648e+06,1.05801e+07,0,313095,0,0
56.0347,85.1408,5.47296,0.04,0.02,2.78774,2.78774,0,0.522377,4.6872,4.03025e+06,2.75803e+06,1.12353e+07,0,334577,0,0,45.5977,61.3098,3.89027,0,1,1.2633,1.2633,0,0.975946,1.90512,8.37568e+06,3.68648e+06,1.0581e+07,0,313121,0,0
59.8056,85.1408,6.90265,0.04,0.02,2.87531,2.87531,0,0.522422,4.6872,4.03025e+06,2.75803e+06,1.15882e+07,0,345087,0,0,46.6344,61.3098,5.40676,0,1,1.30426,1.30426,0,0.976028,1.90512,8.37568e+06,3.68648e+06,1.09241e+07,0,323272,0,0
65.0357,85.1408,8.69968,0.02,0.02,2.87553,2.87553,0,0.538832,4.6872,4.03025e+06,2.75803e+06,1.15891e+07,0,345114,0,0,47.8254,61.3098,8.15688,0,1,1.30436,1.30436,0,1.00767,1.90512,8.37568e+06,3.68648e+06,1.09249e+07,0,323298,0,0
68.8056,85.1408,7.25922,0.02,0.02,2.87576,2.87576,0,0.538875,4.6872,4.03025e+06,2.75803e+06,1.159e+07,0,345141,0,0,49.4574,61.3098,6.94793,0,1,1.30446,1.30446,0,1.00775,1.90512,8.37568e+06,3.68648e+06,1.09258e+07,0,323323,0,0
73.4156,85.1408,8.15298,0.01,0.02,2.87599,2.87599,0,0.538917,4.6872,4.03025e+06,2.75803e+06,1.15909e+07,0,345169,0,0,50.4195,61.3098,5.26269,0,1,1.30457,1.30457,0,1.00783,1.90512,8.37568e+06,3.68648e+06,1.09266e+07,0,323349,0,0
76.1576,85.1408,6.42774,0.01,0.02,3.15675,3.15675,0,0.53896,4.6872,4.03025e+06,2.75803e+06,1.27225e+07,0,378866,0,0,51.1355,61.3098,4.60048,0,1,1.45807,1.45807,0,1.00791,1.90512,8.37568e+06,3.68648e+06,1.22123e+07,0,361396,0,0
79.0065,85.1408,6.59273,0.01,0.02,3.157,3.157,0,0.591576,4.6872,4.03025e+06,2.75803e+06,1.27235e+07,0,378895,0,0,52.0725,61.3098,4.80875,0,1,1.45819,1.45819,0,1.12651,1.90512,8.37568e+06,3.68648e+06,1.22133e+07,0,361425,0,0
83.1648,85.1408,8.06728,0,0.02,3.15725,3.15725,0,0.591622,4.6872,4.03025e+06,2.75803e+06,1.27245e+07,0,378925,0,0,53.0758,61.3098,5.13756,0,1,1.4583,1.4583,0,1.1266,1.90512,8.37568e+06,3.68648e+06,1.22143e+07,0,361453,0,0
85.1408,85.1408,7.42413,0,0.02,3.1575,3.1575,0,0.591669,4.6872,4.03025e+06,2.75803e+06,1.27255e+07,0,378955,0,0,54.3314,61.3098,6.04624,0,1,1.45842,1.45842,0,1.12668,1.90512,8.37568e+06,3.68648e+06,1.22152e+07,0,361482,0,0
85.1408,85.1408,7.74871,0,0.02,2.75748,2.75748,0,0.591716,4.6872,4.03025e+06,2.75803e+06,1.11133e+07,0,330946,0,0,56.5389,61.3098,7.86005,0,1,1.2526,1.2526,0,1.12677,1.90512,8.37568e+06,3.68648e+06,1.04914e+07,0,310468,0,0
85.1408,85.1408,6.65304,0,0.02,2.7577,2.7577,0,0.516753,4.6872,4.03025e+06,2.75803e+06,1.11142e+07,0,330972,0,0,58.5066,61.3098,6.13257,0,1,1.2527,1.2527,0,0.967759,1.90512,8.37568e+06,3.68648e+06,1.04922e+07,0,310493,0,0
85.1408,85.1408,4.78289,0,0.02,2.75792,2.75792,0,0.516793,4.6872,4.03025e+06,2.75803e+06,1.11151e+07,0,330999,0,0,59.8971,61.3098,5.05164,0,1,1.2528,1.2528,0,0.967836,1.90512,8.37568e+06,3.68648e+06,1.0493e+07,0,310517,0,0
85.1408,85.1408,4.81987,0,0.02,2.75814,2.75814,0,0.516834,4.6872,4.03025e+06,2.75803e+06,1.1116e+07,0,331025,0,0,60.8845,61.3098,4.04673,0,1,1.2529,1.2529,0,0.967912,1.90512,8.37568e+06,3.68648e+06,1.04939e+07,0,310542,0,0
85.1408,85.1408,5.04658,0,0.02,2.75836,2.75836,0,0.516875,4.6872,4.03025e+06,2.75803e+06,1.11169e+07,0,331051,0,0,62.2091,61.3098,4.94699,0,1,1.253,1.253,0,0.967989,1.90512,8.37568e+06,3.68648e+06,1.04947e+07,0,310566,0,0
85.1408,85.1408,7.45319,0,0.02,2.85936,2.85936,0,0.516916,4.6872,4.03025e+06,2.75803e+06,1.15239e+07,0,343174,0,0,62.338,61.3098,7.48027,0,1,1.30349,1.30349,0,0.968065,1.90512,8.37568e+06,3.68648e+06,1.09176e+07,0,323083,0,0
85.1408,85.1408,6.72693,0,0.02,2.85959,2.85959,0,0.535845,4.6872,4.03025e+06,2.75803e+06,1.15249e+07,0,343201,0,0,62.338,61.3098,10.1789,0,1,1.3036,1.3036,0,1.00708,1.90512,8.37568e+06,3.68648e+06,1.09185e+07,0,323108,0,0
85.1408,85.1408,5.46669,0,0.02,2.85982,2.85982,0,0.535887,4.6872,4.03025e+06,2.75803e+06,1.15258e+07,0,343228,0,0,62.338,61.3098,9.63945,0,1,1.3037,1.3037,0,1.00716,1.90512,8.37568e+06,3.68648e+06,1.09194e+07,0,323134,0,0
85.1408,85.1408,4.17375,0,0.02,2.86004,2.86004,0,0.53593,4.6872,4.03025e+06,2.75803e+06,1.15267e+07,0,343255,0,0,62.338,61.3098,6.99547,0,1,1.3038,1.3038,0,1.00724,1.90512,8.37568e+06,3.68648e+06,1.09202e+07,0,323159,0,0
85.1408,85.1408,4.62134,0,0.02,2.82085,2.82085,0,0.535972,4.6872,4.03025e+06,2.75803e+06,1.13687e+07,0,338551,0,0,62.338,61.3098,6.40403,0,1,1.28432,1.28432,0,1.00732,1.90512,8.37568e+06,3.68648e+06,1.07571e+07,0,318331,0,0
85.1408,85.1408,4.00875,0,0.02,2.82107,2.82107,0,0.528627,4.6872,4.03025e+06,2.75803e+06,1.13696e+07,0,338578,0,0,62.338,61.3098,5.47297,0,1,1.28443,1.28443,0,0.992269,1.90512,8.37568e+06,3.68648e+06,1.07579e+07,0,318357,0,0
85.1408,85.1408,3.5742,0,0.02,2.82129,2.82129,0,0.528668,4.6872,4.03025e+06,2.75803e+06,1.13705e+07,0,338604,0,0,62.338,61.3098,5.10707,0,1,1.28453,1.28453,0,0.992348,1.90512,8.37568e+06,3.68648e+06,1.07588e+07,0,318382,0,0
85.1408,85.1408,3.30878,0,0.02,2.82151,2.82151,0,0.52871,4.6872,4.03025e+06,2.75803e+06,1.13714e+07,0,338631,0,0,62.338,61.3098,4.7883,0,1,1.28463,1.28463,0,0.992426,1.90512,8.37568e+06,3.68648e+06,1.07596e+07,0,318407,0,0
84.9828,85.1408,3.12066,0,0.02,2.95559,2.95559,0,0.528752,4.6872,4.03025e+06,2.75803e+06,1.19118e+07,0,354723,0,0,62.338,61.3098,4.59179,0,1,1.35419,1.35419,0,0.992504,1.90512,8.37568e+06,3.68648e+06,1.13423e+07,0,335648,0,0
84.7958,85.1408,3.07727,0,0.02,2.95582,2.95582,0,0.553878,4.6872,4.03025e+06,2.75803e+06,1.19127e+07,0,354751,0,0,62.338,61.3098,4.33027,0,1,1.3543,1.3543,0,1.04625,1.90512,8.37568e+06,3.68648e+06,1.13431e+07,0,335675,0,0
84.3709,85.1408,2.81452,0,0.02,2.95606,2.95606,0,0.553922,4.6872,4.03025e+06,2.75803e+06,1.19136e+07,0,354779,0,0,62.338,61.3098,3.92223,0,1,1.3544,1.3544,0,1.04633,1.90512,8.37568e+06,3.68648e+06,1.1344e+07,0,335701,0,0
83.8063,85.1408,2.60543,0,0.02,2.95629,2.95629,0,0.553965,4.6872,4.03025e+06,2.75803e+06,1.19146e+07,0,354807,0,0,62.338,61.3098,3.77636,0,1,1.35451,1.35451,0,1.04641,1.90512,8.37568e+06,3.68648e+06,1.13449e+07,0,335728,0,0
83.3552,85.1408,2.71735,0,0.02,2.95652,2.95652,0,0.554009,4.6872,4.03025e+06,2.75803e+06,1.19155e+07,0,354835,0,0,62.338,61.3098,3.64213,0,1,1.35462,1.35462,0,1.04649,1.90512,8.37568e+06,3.68648e+06,1.13458e+07,0,335754,0,0
84.1186,85.1408,3.96164,0,0.02,2.93028,2.93028,0,0.554053,4.6872,4.03025e+06,2.75803e+06,1.18097e+07,0,351684,0,0,62.338,61.3098,4.00654,0,1,1.39292,1.39292,0,1.04658,1.90512,8.37568e+06,3.68648e+06,1.16666e+07,0,345247,0,0
84.5603,85.1408,3.61946,0,0.02,2.93051,2.93051,0,0.549134,4.6872,4.03025e+06,2.75803e+06,1.18107e+07,0,351712,0,0,62.338,61.3098,3.82708,0,1,1.39303,1.39303,0,1.07617,1.90512,8.37568e+06,3.68648e+06,1.16675e+07,0,345274,0,0
84.8904,85.1408,3.48887,0,0.02,2.93074,2.93074,0,0.549177,4.6872,4.03025e+06,2.75803e+06,1.18116e+07,0,351740,0,0,62.338,61.3098,3.43492,0,1,1.39313,1.39313,0,1.07625,1.90512,8.37568e+06,3.68648e+06,1.16684e+07,0,345301,0,0
85.0949,85.1408,3.33428,0,0.02,2.93097,2.93097,0,0.54922,4.6872,4.03025e+06,2.75803e+06,1.18125e+07,0,351768,0,0,62.338,61.3098,3.29224,0,1,1.39324,1.39324,0,1.07634,1.90512,8.37568e+06,3.68648e+06,1.16694e+07,0,345328,0,0
85.0807,85.1408,3.12535,0,0.02,2.99961,2.99961,0,0.549264,4.6872,4.03025e+06,2.75803e+06,1.20892e+07,0,360006,0,0,62.338,61.3098,2.90715,0,1,1.4274,1.4274,0,1.07642,1.90512,8.37568e+06,3.68648e+06,1.19555e+07,0,353794,0,0
85.1408,85.1408,3.26068,0,0.02,2.99985,2.99985,0,0.562127,4.6872,4.03025e+06,2.75803e+06,1.20901e+07,0,360034,0,0,62.338,61.3098,3.19246,0,1,1.42752,1.42752,0,1.10281,1.90512,8.37568e+06,3.68648e+06,1.19564e+07,0,353822,0,0
84.9977,85.1408,3.00813,0,0.02,3.00008,3.00008,0,0.562171,4.6872,4.03025e+06,2.75803e+06,1.20911e+07,0,360062,0,0,62.338,61.3098,3.0416,0,1,1.42763,1.42763,0,1.1029,1.90512,8.37568e+06,3.68648e+06,1.19573e+07,0,353850,0,0
84.5999,85.1408,2.73801,0,0.02,3.00032,3.00032,0,0.562216,4.6872,4.03025e+06,2.75803e+06,1.2092e+07,0,360091,0,0,62.338,61.3098,2.65745,0,1,1.42774,1.42774,0,1.10299,1.90512,8.37568e+06,3.68648e+06,1.19583e+07,0,353878,0,0
84.2915,85.1408,2.97976,0,0.02,3.20095,3.20095,0,0.56226,4.6872,4.03025e+06,2.75803e+06,1.29006e+07,0,384170,0,0,62.338,61.3098,3.23028,0,1,1.55079,1.55079,0,1.10307,1.90512,8.37568e+06,3.68648e+06,1.29889e+07,0,384376,0,0
83.7038,85.1408,2.66507,0.01,0.02,3.2012,3.2012,0,0.599858,4.6872,4.03025e+06,2.75803e+06,1.29016e+07,0,384201,0,0,62.2408,61.3098,2.46984,0,1,1.55091,1.55091,0,1.19814,1.90512,8.37568e+06,3.68648e+06,1.29899e+07,0,384406,0,0
83.3652,85.1408,2.95174,0.01,0.02,3.20146,3.20146,0,0.599906,4.6872,4.03025e+06,2.75803e+06,1.29027e+07,0,384231,0,0,62.3229,61.3098,3.06276,0,1,1.55103,1.55103,0,1.19823,1.90512,8.37568e+06,3.68648e+06,1.29909e+07,0,384437,0,0
82.4842,85.1408,2.40323,0,0.02,3.20171,3.20171,0,0.599953,4.6872,4.03025e+06,2.75803e+06,1.29037e+07,0,384261,0,0,62.144,61.3098,2.1537,0,1,1.55115,1.55115,0,1.19833,1.90512,8.37568e+06,3.68648e+06,1.2992e+07,0,384467,0,0
82.1542,85.1408,2.93333,0,0.02,3.20196,3.20196,0,0.6,4.6872,4.03025e+06,2.75803e+06,1.29047e+07,0,384292,0,0,62.338,61.3098,3.94962,0,1,1.55128,1.55128,0,1.19842,1.90512,8.37568e+06,3.68648e+06,1.2993e+07,0,384497,0,0
81.7386,85.1408,2.83205,0.01,0.02,3.10451,3.10451,0,0.600048,4.6872,4.03025e+06,2.75803e+06,1.2512e+07,0,372596,0,0,62.338,61.3098,3.33471,0,1,1.47675,1.47675,0,1.19852,1.90512,8.37568e+06,3.68648e+06,1.23688e+07,0,366026,0,0
82.3831,85.1408,3.8804,0.01,0.02,3.10476,3.10476,0,0.581786,4.6872,4.03025e+06,2.75803e+06,1.25129e+07,0,372625,0,0,62.338,61.3098,5.3071,0,1,1.47687,1.47687,0,1.14094,1.90512,8.37568e+06,3.68648e+06,1.23698e+07,0,366055,0,0
82.8592,85.1408,3.75984,0.01,0.02,3.105,3.105,0,0.581832,4.6872,4.03025e+06,2.75803e+06,1.25139e+07,0,372655,0,0,62.338,61.3098,4.39653,0,1,1.47699,1.47699,0,1.14103,1.90512,8.37568e+06,3.68648e+06,1.23708e+07,0,366084,0,0
82.8785,85.1408,3.29725,0.01,0.02,3.10525,3.10525,0,0.581877,4.6872,4.03025e+06,2.75803e+06,1.25149e+07,0,372684,0,0,62.338,61.3098,4.32227,0,1,1.4771,1.4771,0,1.14112,1.90512,8.37568e+06,3.68648e+06,1.23717e+07,0,366113,0,0
82.7265,85.1408,3.16005,0,0.02,3.02527,3.02527,0,0.581923,4.6872,4.03025e+06,2.75803e+06,1.21926e+07,0,363085,0,0,62.338,61.3098,5.05976,0,1,1.40925,1.40925,0,1.14121,1.90512,8.37568e+06,3.68648e+06,1.18034e+07,0,349296,0,0
83.482,85.1408,4.21582,0,0.02,3.02551,3.02551,0,0.566936,4.6872,4.03025e+06,2.75803e+06,1.21936e+07,0,363114,0,0,62.338,61.3098,6.86146,0,1,1.40936,1.40936,0,1.08879,1.90512,8.37568e+06,3.68648e+06,1.18044e+07,0,349323,0,0
85.1408,85.1408,7.26923,0,0.02,3.02575,3.02575,0,0.56698,4.6872,4.03025e+06,2.75803e+06,1.21945e+07,0,363143,0,0,62.338,61.3098,7.39592,0,1,1.40948,1.40948,0,1.08887,1.90512,8.37568e+06,3.68648e+06,1.18053e+07,0,349351,0,0
85.1408,85.1408,5.50786,0,0.02,3.02599,3.02599,0,0.567025,4.6872,4.03025e+06,2.75803e+06,1.21955e+07,0,363171,0,0,62.338,61.3098,7.16672,0,1,1.40959,1.40959,0,1.08896,1.90512,8.37568e+06,3.68648e+06,1.18062e+07,0,349379,0,0
85.1408,85.1408,7.81492,0,0.02,2.79832,2.79832,0,0.56707,4.6872,4.03025e+06,2.75803e+06,1.12779e+07,0,335847,0,0,62.338,61.3098,10.0193,0,1,1.2681,1.2681,0,1.08905,1.90512,8.37568e+06,3.68648e+06,1.06212e+07,0,314310,0,0
85.1408,85.1408,6.96936,0,0.02,2.79854,2.79854,0,0.524405,4.6872,4.03025e+06,2.75803e+06,1.12788e+07,0,335873,0,0,62.338,61.3098,6.8893,0,1,1.2682,1.2682,0,0.979733,1.90512,8.37568e+06,3.68648e+06,1.0622e+07,0,314334,0,0
85.1408,85.1408,7.73165,0,0.02,2.79876,2.79876,0,0.524446,4.6872,4.03025e+06,2.75803e+06,1.12797e+07,0,335900,0,0,62.338,61.3098,7.38402,0,1,1.2683,1.2683,0,0.97981,1.90512,8.37568e+06,3.68648e+06,1.06229e+07,0,314359,0,0
85.1408,85.1408,7.38024,0,0.02,2.79898,2.79898,0,0.524487,4.6872,4.03025e+06,2.75803e+06,1.12806e+07,0,335926,0,0,62.338,61.3098,6.45308,0,1,1.2684,1.2684,0,0.979888,1.90512,8.37568e+06,3.68648e+06,1.06237e+07,0,314384,0,0
85.1408,85.1408,6.36957,0,0.02,2.7992,2.7992,0,0.524529,4.6872,4.03025e+06,2.75803e+06,1.12815e+07,0,335953,0,0,62.338,61.3098,6.19179,0,1,1.2685,1.2685,0,0.979965,1.90512,8.37568e+06,3.68648e+06,1.06245e+07,0,314409,0,0
85.1408,85.1408,7.57463,0,0.02,2.88712,2.88712,0,0.52457,4.6872,4.03025e+06,2.75803e+06,1.16358e+07,0,346504,0,0,62.338,61.3098,5.57734,0,1,1.30962,1.30962,0,0.980042,1.90512,8.37568e+06,3.68648e+06,1.09689e+07,0,324600,0,0
85.1408,85.1408,5.47951,0,0.02,2.88733,2.88733,0,0.541046,4.6872,4.03025e+06,2.75803e+06,1.16367e+07,0,346530,0,0,62.338,61.3098,5.65133,0,1,1.30971,1.30971,0,1.01181,1.90512,8.37568e+06,3.68648e+06,1.09697e+07,0,324624,0,0
85.1408,85.1408,5.55265,0,0.02,2.88754,2.88754,0,0.541085,4.6872,4.03025e+06,2.75803e+06,1.16375e+07,0,346555,0,0,62.338,61.3098,5.43868,0,1,1.30981,1.30981,0,1.01188,1.90512,8.37568e+06,3.68648e+06,1.09705e+07,0,324648,0,0
85.1408,85.1408,11.0954,0,0.02,2.88775,2.88775,0,0.541125,4.6872,4.03025e+06,2.75803e+06,1.16384e+07,0,346581,0,0,62.338,61.3098,7.22981,0,1,1.30991,1.30991,0,1.01196,1.90512,8.37568e+06,3.68648e+06,1.09713e+07,0,324672,0,0
85.1408,85.1408,9.28669,0,0.02,3.16965,3.16965,0,0.541165,4.6872,4.03025e+06,2.75803e+06,1.27745e+07,0,380414,0,0,62.338,61.3098,7.07976,0,1,1.46403,1.46403,0,1.01203,1.90512,8.37568e+06,3.68648e+06,1.22622e+07,0,362873,0,0
85.1408,85.1408,8.17156,0,0.02,3.16989,3.16989,0,0.593993,4.6872,4.03025e+06,2.75803e+06,1.27754e+07,0,380442,0,0,62.338,61.3098,5.12006,0,1,1.46414,1.46414,0,1.13111,1.90512,8.37568e+06,3.68648e+06,1.22631e+07,0,362900,0,0
85.1408,85.1408,7.39554,0,0.02,3.17012,3.17012,0,0.594037,4.6872,4.03025e+06,2.75803e+06,1.27764e+07,0,380470,0,0,62.338,61.3098,6.11638,0,1,1.46425,1.46425,0,1.13119,1.90512,8.37568e+06,3.68648e+06,1.22641e+07,0,362927,0,0
85.1408,85.1408,11.3909,0,0.02,3.17035,3.17035,0,0.59408,4.6872,4.03025e+06,2.75803e+06,1.27773e+07,0,380498,0,0,62.338,61.3098,4.44574,0,1,1.46435,1.46435,0,1.13128,1.90512,8.37568e+06,3.68648e+06,1.2265e+07,0,362953,0,0
85.1408,85.1408,6.5797,0,0.02,2.76869,2.76869,0,0.594124,4.6872,4.03025e+06,2.75803e+06,1.11585e+07,0,332292,0,0,62.338,61.3098,5.32961,0,1,1.25769,1.25769,0,1.13136,1.90512,8.37568e+06,3.68648e+06,1.0534e+07,0,311731,0,0
85.1408,85.1408,7.63612,0,0.02,2.7689,2.7689,0,0.518853,4.6872,4.03025e+06,2.75803e+06,1.11593e+07,0,332316,0,0,62.338,61.3098,6.19373,0,1,1.25779,1.25779,0,0.971694,1.90512,8.37568e+06,3.68648e+06,1.05348e+07,0,311753,0,0
85.1408,85.1408,6.03691,0,0.02,2.7691,2.7691,0,0.518892,4.6872,4.03025e+06,2.75803e+06,1.11602e+07,0,332341,0,0,62.338,61.3098,4.80374,0,1,1.25788,1.25788,0,0.971765,1.90512,8.37568e+06,3.68648e+06,1.05356e+07,0,311776,0,0
85.1408,85.1408,4.88179,0,0.02,2.76931,2.76931,0,0.51893,4.6872,4.03025e+06,2.75803e+06,1.1161e+07,0,332365,0,0,62.338,61.3098,3.6104,0,1,1.25797,1.25797,0,0.971837,1.90512,8.37568e+06,3.68648e+06,1.05364e+07,0,311799,0,0
85.1408,85.1408,5.50639,0,0.02,2.76951,2.76951,0,0.518968,4.6872,4.03025e+06,2.75803e+06,1.11618e+07,0,332390,0,0,62.338,61.3098,4.66844,0,1,1.25806,1.25806,0,0.971908,1.90512,8.37568e+06,3.68648e+06,1.05371e+07,0,311822,0,0
85.1408,85.1408,6.12444,0,0.02,2.87091,2.87091,0,0.519006,4.6872,4.03025e+06,2.75803e+06,1.15705e+07,0,344560,0,0,62.338,61.3098,5.66818,0,1,1.30876,1.30876,0,0.97198,1.90512,8.37568e+06,3.68648e+06,1.09617e+07,0,324387,0,0
85.1408,85.1408,8.20929,0,0.02,2.87112,2.87112,0,0.538009,4.6872,4.03025e+06,2.75803e+06,1.15713e+07,0,344585,0,0,62.338,61.3098,7.87386,0,1,1.30885,1.30885,0,1.01115,1.90512,8.37568e+06,3.68648e+06,1.09625e+07,0,324411,0,0
85.1408,85.1408,5.79059,0,0.02,2.87134,2.87134,0,0.538049,4.6872,4.03025e+06,2.75803e+06,1.15722e+07,0,344611,0,0,62.338,61.3098,5.2206,0,1,1.30895,1.30895,0,1.01122,1.90512,8.37568e+06,3.68648e+06,1.09633e+07,0,324435,0,0
85.1408,85.1408,5.03426,0,0.02,2.87155,2.87155,0,0.538088,4.6872,4.03025e+06,2.75803e+06,1.1573e+07,0,344636,0,0,62.338,61.3098,4.34425,0,1,1.30905,1.30905,0,1.0113,1.90512,8.37568e+06,3.68648e+06,1.09642e+07,0,324459,0,0
85.1408,85.1408,4.74272,0,0.02,2.83218,2.83218,0,0.538128,4.6872,4.03025e+06,2.75803e+06,1.14144e+07,0,339911,0,0,62.338,61.3098,4.1069,0,1,1.28948,1.28948,0,1.01137,1.90512,8.37568e+06,3.68648e+06,1.08003e+07,0,319610,0,0
85.1408,85.1408,4.59767,0,0.02,2.83239,2.83239,0,0.53075,4.6872,4.03025e+06,2.75803e+06,1.14152e+07,0,339936,0,0,62.338,61.3098,3.45892,0,1,1.28958,1.28958,0,0.996256,1.90512,8.37568e+06,3.68648e+06,1.08011e+07,0,319634,0,0
85.1408,85.1408,4.24979,0,0.02,2.8326,2.8326,0,0.530789,4.6872,4.03025e+06,2.75803e+06,1.14161e+07,0,339961,0,0,62.338,61.3098,3.77354,0,1,1.28967,1.28967,0,0.996329,1.90512,8.37568e+06,3.68648e+06,1.08019e+07,0,319657,0,0
85.1408,85.1408,4.01878,0,0.02,2.8328,2.8328,0,0.530829,4.6872,4.03025e+06,2.75803e+06,1.14169e+07,0,339986,0,0,62.338,61.3098,3.96521,0,1,1.28977,1.28977,0,0.996403,1.90512,8.37568e+06,3.68648e+06,1.08027e+07,0,319681,0,0
85.1408,85.1408,3.82956,0,0.02,2.9674,2.9674,0,0.530868,4.6872,4.03025e+06,2.75803e+06,1.19594e+07,0,356140,0,0,62.338,61.3098,3.46342,0,1,1.3596,1.3596,0,0.996476,1.90512,8.37568e+06,3.68648e+06,1.13876e+07,0,336989,0,0
85.1408,85.1408,3.71209,0,0.02,2.96762,2.96762,0,0.556091,4.6872,4.03025e+06,2.75803e+06,1.19603e+07,0,356166,0,0,62.338,61.3098,3.04861,0,1,1.3597,1.3597,0,1.05043,1.90512,8.37568e+06,3.68648e+06,1.13884e+07,0,337014,0,0
85.1408,85.1408,3.25012,0,0.02,2.96784,2.96784,0,0.556132,4.6872,4.03025e+06,2.75803e+06,1.19611e+07,0,356193,0,0,62.338,61.3098,2.99153,0,1,1.3598,1.3598,0,1.05051,1.90512,8.37568e+06,3.68648e+06,1.13893e+07,0,337039,0,0
85.1408,85.1408,3.2076,0,0.02,2.96806,2.96806,0,0.556173,4.6872,4.03025e+06,2.75803e+06,1.1962e+07,0,356219,0,0,62.338,61.3098,3.02975,0,1,1.3599,1.3599,0,1.05058,1.90512,8.37568e+06,3.68648e+06,1.13901e+07,0,337064,0,0
84.9704,85.1408,3.00459,0,0.02,2.96828,2.96828,0,0.556214,4.6872,4.03025e+06,2.75803e+06,1.19629e+07,0,356245,0,0,62.338,61.3098,2.90159,0,1,1.36,1.36,0,1.05066,1.90512,8.37568e+06,3.68648e+06,1.13909e+07,0,337089,0,0
84.652,85.1408,2.77728,0,0.02,2.94191,2.94191,0,0.556255,4.6872,4.03025e+06,2.75803e+06,1.18566e+07,0,353081,0,0,62.338,61.3098,3.70952,0,1,1.39844,1.39844,0,1.05074,1.90512,8.37568e+06,3.68648e+06,1.17129e+07,0,346617,0,0
84.1675,85.1408,2.60931,0,0.02,2.94213,2.94213,0,0.551314,4.6872,4.03025e+06,2.75803e+06,1.18575e+07,0,353107,0,0,62.338,61.3098,3.49981,0,1,1.39855,1.39855,0,1.08044,1.90512,8.37568e+06,3.68648e+06,1.17138e+07,0,346643,0,0
83.462,85.1408,2.38285,0,0.02,2.94234,2.94234,0,0.551354,4.6872,4.03025e+06,2.75803e+06,1.18584e+07,0,353133,0,0,62.338,61.3098,3.43991,0,1,1.39865,1.39865,0,1.08052,1.90512,8.37568e+06,3.68648e+06,1.17146e+07,0,346668,0,0
82.5531,85.1408,2.16055,0,0.02,2.94256,2.94256,0,0.551395,4.6872,4.03025e+06,2.75803e+06,1.18592e+07,0,353159,0,0,62.338,61.3098,3.1127,0,1,1.39875,1.39875,0,1.0806,1.90512,8.37568e+06,3.68648e+06,1.17155e+07,0,346694,0,0
81.5065,85.1408,2.03505,0,0.02,3.01145,3.01145,0,0.551436,4.6872,4.03025e+06,2.75803e+06,1.21369e+07,0,361427,0,0,62.338,61.3098,2.70519,0,1,1.43304,1.43304,0,1.08068,1.90512,8.37568e+06,3.68648e+06,1.20027e+07,0,355191,0,0
80.759,85.1408,2.35023,0,0.02,3.01168,3.01168,0,0.564347,4.6872,4.03025e+06,2.75803e+06,1.21378e+07,0,361454,0,0,62.338,61.3098,3.0172,0,1,1.43314,1.43314,0,1.10717,1.90512,8.37568e+06,3.68648e+06,1.20036e+07,0,355218,0,0
79.8401,85.1408,2.15004,0,0.02,3.0119,3.0119,0,0.564388,4.6872,4.03025e+06,2.75803e+06,1.21387e+07,0,361480,0,0,62.338,61.3098,2.9567,0,1,1.43325,1.43325,0,1.10725,1.90512,8.37568e+06,3.68648e+06,1.20044e+07,0,355244,0,0
78.755,85.1408,1.9726,0,0.02,3.01212,3.01212,0,0.56443,4.6872,4.03025e+06,2.75803e+06,1.21396e+07,0,361507,0,0,62.338,61.3098,2.59667,0,1,1.43336,1.43336,0,1.10733,1.90512,8.37568e+06,3.68648e+06,1.20053e+07,0,355270,0,0
77.6073,85.1408,2.06623,0,0.02,3.21352,3.21352,0,0.564471,4.6872,4.03025e+06,2.75803e+06,1.29513e+07,0,385679,0,0,62.338,61.3098,3.01467,0,1,1.55688,1.55688,0,1.10741,1.90512,8.37568e+06,3.68648e+06,1.30399e+07,0,385886,0,0
76.8601,85.1408,2.49538,0.01,0.02,3.21376,3.21376,0,0.602214,4.6872,4.03025e+06,2.75803e+06,1.29523e+07,0,385707,0,0,62.338,61.3098,3.44971,0,1,1.55699,1.55699,0,1.20284,1.90512,8.37568e+06,3.68648e+06,1.30408e+07,0,385914,0,0
75.6522,85.1408,2.05372,0.01,0.02,3.214,3.214,0,0.602259,4.6872,4.03025e+06,2.75803e+06,1.29532e+07,0,385736,0,0,62.338,61.3098,2.74891,0,1,1.55711,1.55711,0,1.20293,1.90512,8.37568e+06,3.68648e+06,1.30418e+07,0,385943,0,0
74.8019,85.1408,2.37936,0.02,0.02,3.21423,3.21423,0,0.602303,4.6872,4.03025e+06,2.75803e+06,1.29542e+07,0,385764,0,0,62.338,61.3098,4.15536,0,1,1.55722,1.55722,0,1.20302,1.90512,8.37568e+06,3.68648e+06,1.30428e+07,0,385971,0,0
73.5861,85.1408,1.99869,0.02,0.02,3.21447,3.21447,0,0.602347,4.6872,4.03025e+06,2.75803e+06,1.29551e+07,0,385793,0,0,62.338,61.3098,3.20183,0,1,1.55733,1.55733,0,1.20311,1.90512,8.37568e+06,3.68648e+06,1.30437e+07,0,385999,0,0
72.6831,85.1408,2.28709,0.03,0.02,3.11662,3.11662,0,0.602392,4.6872,4.03025e+06,2.75803e+06,1.25608e+07,0,374049,0,0,62.338,61.3098,2.63383,0,1,1.48251,1.48251,0,1.2032,1.90512,8.37568e+06,3.68648e+06,1.24171e+07,0,367454,0,0
72.1436,85.1408,2.68744,0.03,0.02,3.11685,3.11685,0,0.584055,4.6872,4.03025e+06,2.75803e+06,1.25617e+07,0,374077,0,0,62.338,61.3098,4.31996,0,1,1.48262,1.48262,0,1.14539,1.90512,8.37568e+06,3.68648e+06,1.2418e+07,0,367481,0,0
71.529,85.1408,2.60184,0.03,0.02,3.11708,3.11708,0,0.584098,4.6872,4.03025e+06,2.75803e+06,1.25626e+07,0,374104,0,0,62.338,61.3098,4.32989,0,1,1.48273,1.48273,0,1.14547,1.90512,8.37568e+06,3.68648e+06,1.24189e+07,0,367508,0,0
70.8213,85.1408,2.49699,0.03,0.02,3.11731,3.11731,0,0.584141,4.6872,4.03025e+06,2.75803e+06,1.25635e+07,0,374132,0,0,62.338,61.3098,4.62834,0,1,1.48284,1.48284,0,1.14556,1.90512,8.37568e+06,3.68648e+06,1.24198e+07,0,367536,0,0
71.9042,85.1408,4.34359,0.02,0.02,3.03701,3.03701,0,0.584184,4.6872,4.03025e+06,2.75803e+06,1.22399e+07,0,364494,0,0,62.338,61.3098,5.76397,0,1,1.41472,1.41472,0,1.14564,1.90512,8.37568e+06,3.68648e+06,1.18492e+07,0,350651,0,0
70.7649,85.1408,2.07027,0.01,0.02,3.03723,3.03723,0,0.569135,4.6872,4.03025e+06,2.75803e+06,1.22408e+07,0,364521,0,0,62.338,61.3098,3.38112,0,1,1.41482,1.41482,0,1.09301,1.90512,8.37568e+06,3.68648e+06,1.18501e+07,0,350677,0,0
69.3278,85.1408,1.72323,0.01,0.02,3.03746,3.03746,0,0.569177,4.6872,4.03025e+06,2.75803e+06,1.22417e+07,0,364548,0,0,62.338,61.3098,2.89768,0,1,1.41493,1.41493,0,1.09309,1.90512,8.37568e+06,3.68648e+06,1.1851e+07,0,350703,0,0
68.4424,85.1408,2.33443,0.01,0.02,3.03768,3.03768,0,0.569219,4.6872,4.03025e+06,2.75803e+06,1.22426e+07,0,364575,0,0,62.338,61.3098,3.97475,0,1,1.41503,1.41503,0,1.09317,1.90512,8.37568e+06,3.68648e+06,1.18519e+07,0,350729,0,0
70.155,85.1408,4.80684,0.01,0.02,2.80911,2.80911,0,0.569261,4.6872,4.03025e+06,2.75803e+06,1.13214e+07,0,337143,0,0,62.338,61.3098,5.85311,0,1,1.27299,1.27299,0,1.09325,1.90512,8.37568e+06,3.68648e+06,1.06622e+07,0,315522,0,0
73.3617,85.1408,6.35511,0.01,0.02,2.80932,2.80932,0,0.526428,4.6872,4.03025e+06,2.75803e+06,1.13223e+07,0,337168,0,0,62.338,61.3098,5.7514,0,1,1.27309,1.27309,0,0.983513,1.90512,8.37568e+06,3.68648e+06,1.0663e+07,0,315546,0,0
74.5796,85.1408,4.38179,0.01,0.02,2.80953,2.80953,0,0.526467,4.6872,4.03025e+06,2.75803e+06,1.13231e+07,0,337193,0,0,62.338,61.3098,6.0309,0,1,1.27318,1.27318,0,0.983586,1.90512,8.37568e+06,3.68648e+06,1.06637e+07,0,315569,0,0
74.4045,85.1408,2.89156,0.02,0.02,2.80974,2.80974,0,0.526506,4.6872,4.03025e+06,2.75803e+06,1.13239e+07,0,337217,0,0,62.338,61.3098,3.02965,0,1,1.27327,1.27327,0,0.983658,1.90512,8.37568e+06,3.68648e+06,1.06645e+07,0,315592,0,0
75.7428,85.1408,4.48394,0.02,0.02,2.80994,2.80994,0,0.526544,4.6872,4.03025e+06,2.75803e+06,1.13248e+07,0,337242,0,0,62.338,61.3098,4.63992,0,1,1.27337,1.27337,0,0.983731,1.90512,8.37568e+06,3.68648e+06,1.06653e+07,0,315615,0,0
77.0109,85.1408,4.61875,0.01,0.02,2.89818,2.89818,0,0.526583,4.6872,4.03025e+06,2.75803e+06,1.16804e+07,0,347832,0,0,62.338,61.3098,5.81696,0,1,1.31464,1.31464,0,0.983803,1.90512,8.37568e+06,3.68648e+06,1.1011e+07,0,325844,0,0
78.1103,85.1408,4.44836,0,0.02,2.89838,2.89838,0,0.543119,4.6872,4.03025e+06,2.75803e+06,1.16812e+07,0,347856,0,0,62.338,61.3098,5.78736,0,1,1.31473,1.31473,0,1.01569,1.90512,8.37568e+06,3.68648e+06,1.10117e+07,0,325866,0,0
79.0954,85.1408,4.3332,0,0.02,2.89858,2.89858,0,0.543156,4.6872,4.03025e+06,2.75803e+06,1.1682e+07,0,347880,0,0,62.338,61.3098,5.9553,0,1,1.31482,1.31482,0,1.01576,1.90512,8.37568e+06,3.68648e+06,1.10125e+07,0,325889,0,0
80.1465,85.1408,4.49947,0,0.02,2.89878,2.89878,0,0.543193,4.6872,4.03025e+06,2.75803e+06,1.16828e+07,0,347904,0,0,62.338,61.3098,5.59892,0,1,1.31491,1.31491,0,1.01583,1.90512,8.37568e+06,3.68648e+06,1.10132e+07,0,325911,0,0
81.5674,85.1408,5.20228,0,0.02,3.18173,3.18173,0,0.543231,4.6872,4.03025e+06,2.75803e+06,1.28232e+07,0,381864,0,0,62.338,61.3098,6.41816,0,1,1.46961,1.46961,0,1.0159,1.90512,8.37568e+06,3.68648e+06,1.2309e+07,0,364256,0,0
84.8804,85.1408,7.2518,0,0.02,3.18195,3.18195,0,0.596257,4.6872,4.03025e+06,2.75803e+06,1.28241e+07,0,381890,0,0,62.338,61.3098,8.25031,0,1,1.46971,1.46971,0,1.13542,1.90512,8.37568e+06,3.68648e+06,1.23098e+07,0,364281,0,0
85.1408,85.1408,8.29454,0,0.02,3.18217,3.18217,0,0.596298,4.6872,4.03025e+06,2.75803e+06,1.28249e+07,0,381916,0,0,62.338,61.3098,7.12847,0,1,1.46981,1.46981,0,1.1355,1.90512,8.37568e+06,3.68648e+06,1.23107e+07,0,364306,0,0
85.1408,85.1408,9.78072,0,0.02,3.18239,3.18239,0,0.596339,4.6872,4.03025e+06,2.75803e+06,1.28258e+07,0,381942,0,0,62.338,61.3098,7.51536,0,1,1.46991,1.46991,0,1.13558,1.90512,8.37568e+06,3.68648e+06,1.23115e+07,0,364331,0,0
85.1408,85.1408,8.10542,0,0.02,2.77919,2.77919,0,0.596379,4.6872,4.03025e+06,2.75803e+06,1.12008e+07,0,333551,0,0,62.338,61.3098,7.84512,0,1,1.26246,1.26246,0,1.13565,1.90512,8.37568e+06,3.68648e+06,1.0574e+07,0,312912,0,0
85.1408,85.1408,5.66098,0,0.02,2.77938,2.77938,0,0.52082,4.6872,4.03025e+06,2.75803e+06,1.12016e+07,0,333574,0,0,62.338,61.3098,8.29957,0,1,1.26255,1.26255,0,0.975377,1.90512,8.37568e+06,3.68648e+06,1.05747e+07,0,312934,0,0
85.1408,85.1408,5.80446,0,0.02,2.77957,2.77957,0,0.520856,4.6872,4.03025e+06,2.75803e+06,1.12024e+07,0,333597,0,0,62.338,61.3098,8.453,0,1,1.26263,1.26263,0,0.975444,1.90512,8.37568e+06,3.68648e+06,1.05754e+07,0,312955,0,0
85.1408,85.1408,7.76703,0,0.02,2.77976,2.77976,0,0.520892,4.6872,4.03025e+06,2.75803e+06,1.12031e+07,0,333620,0,0,62.338,61.3098,9.55732,0,1,1.26272,1.26272,0,0.975511,1.90512,8.37568e+06,3.68648e+06,1.05761e+07,0,312977,0,0
85.1408,85.1408,8.67449,0,0.02,2.77995,2.77995,0,0.520927,4.6872,4.03025e+06,2.75803e+06,1.12039e+07,0,333643,0,0,62.338,61.3098,9.97085,0,1,1.26281,1.26281,0,0.975578,1.90512,8.37568e+06,3.68648e+06,1.05769e+07,0,312998,0,0
85.1408,85.1408,5.44264,0,0.02,2.88172,2.88172,0,0.520963,4.6872,4.03025e+06,2.75803e+06,1.16141e+07,0,345857,0,0,62.338,61.3098,7.26105,0,1,1.31369,1.31369,0,0.975644,1.90512,8.37568e+06,3.68648e+06,1.1003e+07,0,325609,0,0
85.1408,85.1408,7.94123,0,0.02,2.88192,2.88192,0,0.540035,4.6872,4.03025e+06,2.75803e+06,1.16149e+07,0,345881,0,0,62.338,61.3098,8.65319,0,1,1.31378,1.31378,0,1.01495,1.90512,8.37568e+06,3.68648e+06,1.10038e+07,0,325631,0,0
85.1408,85.1408,6.22935,0,0.02,2.88212,2.88212,0,0.540072,4.6872,4.03025e+06,2.75803e+06,1.16156e+07,0,345904,0,0,62.338,61.3098,7.40237,0,1,1.31387,1.31387,0,1.01502,1.90512,8.37568e+06,3.68648e+06,1.10045e+07,0,325653,0,0
85.1408,85.1408,4.75559,0,0.02,2.88231,2.88231,0,0.540109,4.6872,4.03025e+06,2.75803e+06,1.16164e+07,0,345928,0,0,62.338,61.3098,6.20378,0,1,1.31396,1.31396,0,1.01509,1.90512,8.37568e+06,3.68648e+06,1.10053e+07,0,325676,0,0
85.1408,85.1408,4.72016,0,0.02,2.84278,2.84278,0,0.540146,4.6872,4.03025e+06,2.75803e+06,1.14571e+07,0,341184,0,0,62.338,61.3098,5.24702,0,1,1.29431,1.29431,0,1.01516,1.90512,8.37568e+06,3.68648e+06,1.08407e+07,0,320807,0,0
85.1408,85.1408,4.49117,0,0.02,2.84298,2.84298,0,0.532738,4.6872,4.03025e+06,2.75803e+06,1.14579e+07,0,341207,0,0,62.338,61.3098,3.91974,0,1,1.2944,1.2944,0,0.999986,1.90512,8.37568e+06,3.68648e+06,1.08415e+07,0,320829,0,0
85.1408,85.1408,4.23712,0,0.02,2.84317,2.84317,0,0.532774,4.6872,4.03025e+06,2.75803e+06,1.14587e+07,0,341230,0,0,62.338,61.3098,3.82086,0,1,1.29449,1.29449,0,1.00005,1.90512,8.37568e+06,3.68648e+06,1.08422e+07,0,320851,0,0
85.1408,85.1408,4.01344,0,0.02,2.84337,2.84337,0,0.532811,4.6872,4.03025e+06,2.75803e+06,1.14595e+07,0,341254,0,0,62.338,61.3098,4.61745,0,1,1.29458,1.29458,0,1.00012,1.90512,8.37568e+06,3.68648e+06,1.0843e+07,0,320873,0,0
85.1408,85.1408,3.70782,0,0.02,2.97845,2.97845,0,0.532847,4.6872,4.03025e+06,2.75803e+06,1.20039e+07,0,357466,0,0,62.338,61.3098,3.89695,0,1,1.36466,1.36466,0,1.00019,1.90512,8.37568e+06,3.68648e+06,1.143e+07,0,338244,0,0
85.1408,85.1408,3.51288,0,0.02,2.97866,2.97866,0,0.558162,4.6872,4.03025e+06,2.75803e+06,1.20047e+07,0,357491,0,0,62.338,61.3098,3.6607,0,1,1.36476,1.36476,0,1.05434,1.90512,8.37568e+06,3.68648e+06,1.14308e+07,0,338267,0,0
85.1408,85.1408,3.45917,0,0.02,2.97886,2.97886,0,0.5582,4.6872,4.03025e+06,2.75803e+06,1.20055e+07,0,357515,0,0,62.338,61.3098,4.19189,0,1,1.36485,1.36485,0,1.05441,1.90512,8.37568e+06,3.68648e+06,1.14315e+07,0,338291,0,0
85.1232,85.1408,3.27183,0,0.02,2.97906,2.97906,0,0.558239,4.6872,4.03025e+06,2.75803e+06,1.20064e+07,0,357540,0,0,62.338,61.3098,3.52777,0,1,1.36494,1.36494,0,1.05448,1.90512,8.37568e+06,3.68648e+06,1.14323e+07,0,338314,0,0
84.9319,85.1408,3.06568,0,0.02,2.97927,2.97927,0,0.558277,4.6872,4.03025e+06,2.75803e+06,1.20072e+07,0,357564,0,0,62.338,61.3098,3.16785,0,1,1.36504,1.36504,0,1.05456,1.90512,8.37568e+06,3.68648e+06,1.14331e+07,0,338337,0,0
84.6134,85.1408,2.83587,0,0.02,2.95279,2.95279,0,0.558315,4.6872,4.03025e+06,2.75803e+06,1.19005e+07,0,354386,0,0,62.338,61.3098,3.06109,0,1,1.40362,1.40362,0,1.05463,1.90512,8.37568e+06,3.68648e+06,1.17562e+07,0,347899,0,0
84.1551,85.1408,2.68761,0,0.02,2.95299,2.95299,0,0.553352,4.6872,4.03025e+06,2.75803e+06,1.19013e+07,0,354410,0,0,62.338,61.3098,2.96983,0,1,1.40371,1.40371,0,1.08443,1.90512,8.37568e+06,3.68648e+06,1.1757e+07,0,347923,0,0
83.5846,85.1408,2.53863,0,0.02,2.95319,2.95319,0,0.55339,4.6872,4.03025e+06,2.75803e+06,1.19021e+07,0,354435,0,0,62.338,61.3098,2.91051,0,1,1.40381,1.40381,0,1.08451,1.90512,8.37568e+06,3.68648e+06,1.17578e+07,0,347946,0,0
82.8433,85.1408,2.36832,0,0.02,2.95339,2.95339,0,0.553428,4.6872,4.03025e+06,2.75803e+06,1.19029e+07,0,354459,0,0,62.338,61.3098,2.91615,0,1,1.4039,1.4039,0,1.08458,1.90512,8.37568e+06,3.68648e+06,1.17586e+07,0,347970,0,0
81.8363,85.1408,2.11962,0,0.02,3.02253,3.02253,0,0.553466,4.6872,4.03025e+06,2.75803e+06,1.21815e+07,0,362756,0,0,62.338,61.3098,2.3963,0,1,1.43831,1.43831,0,1.08466,1.90512,8.37568e+06,3.68648e+06,1.20468e+07,0,356498,0,0
81.0112,85.1408,2.30368,0,0.02,3.02274,3.02274,0,0.566422,4.6872,4.03025e+06,2.75803e+06,1.21824e+07,0,362781,0,0,62.338,61.3098,2.41122,0,1,1.43841,1.43841,0,1.11124,1.90512,8.37568e+06,3.68648e+06,1.20476e+07,0,356522,0,0
80.0206,85.1408,2.10522,0,0.02,3.02294,3.02294,0,0.566461,4.6872,4.03025e+06,2.75803e+06,1.21832e+07,0,362806,0,0,62.3288,61.3098,2.36982,0,1,1.43851,1.43851,0,1.11131,1.90512,8.37568e+06,3.68648e+06,1.20485e+07,0,356546,0,0
78.8694,85.1408,1.93211,0,0.02,3.02315,3.02315,0,0.566499,4.6872,4.03025e+06,2.75803e+06,1.2184e+07,0,362831,0,0,62.2643,61.3098,2.07909,0,1,1.4386,1.4386,0,1.11139,1.90512,8.37568e+06,3.68648e+06,1.20493e+07,0,356571,0,0
77.6684,85.1408,2.03218,0,0.02,3.22527,3.22527,0,0.566538,4.6872,4.03025e+06,2.75803e+06,1.29987e+07,0,387089,0,0,62.1732,61.3098,2.45894,0,1,1.56257,1.56257,0,1.11147,1.90512,8.37568e+06,3.68648e+06,1.30876e+07,0,387297,0,0
75.9478,85.1408,1.48707,0.01,0.02,3.22549,3.22549,0,0.604416,4.6872,4.03025e+06,2.75803e+06,1.29995e+07,0,387116,0,0,62.0619,61.3098,2.1403,0,1,1.56268,1.56268,0,1.20724,1.90512,8.37568e+06,3.68648e+06,1.30885e+07,0,387323,0,0
74.3003,85.1408,1.54742,0.03,0.02,3.22572,3.22572,0,0.604458,4.6872,4.03025e+06,2.75803e+06,1.30004e+07,0,387142,0,0,61.9518,61.3098,2.26344,0,1,1.56278,1.56278,0,1.20732,1.90512,8.37568e+06,3.68648e+06,1.30894e+07,0,387350,0,0
72.8957,85.1408,1.77294,0.02,0.02,3.22594,3.22594,0,0.604499,4.6872,4.03025e+06,2.75803e+06,1.30013e+07,0,387169,0,0,61.8747,61.3098,2.24435,0,1,1.56289,1.56289,0,1.20741,1.90512,8.37568e+06,3.68648e+06,1.30903e+07,0,387376,0,0
71.0545,85.1408,1.32935,0.02,0.02,3.22616,3.22616,0,0.60454,4.6872,4.03025e+06,2.75803e+06,1.30022e+07,0,387195,0,0,61.6956,61.3098,2.08264,0,1,1.563,1.563,0,1.20749,1.90512,8.37568e+06,3.68648e+06,1.30912e+07,0,387403,0,0
69.8925,85.1408,1.92415,0.03,0.02,3.12794,3.12794,0,0.604582,4.6872,4.03025e+06,2.75803e+06,1.26064e+07,0,375407,0,0,61.7644,61.3098,3.13093,0,1,1.4879,1.4879,0,1.20757,1.90512,8.37568e+06,3.68648e+06,1.24621e+07,0,368788,0,0
69.0754,85.1408,2.33487,0.03,0.02,3.12815,3.12815,0,0.586176,4.6872,4.03025e+06,2.75803e+06,1.26072e+07,0,375433,0,0,62.232,61.3098,4.47194,0,1,1.488,1.488,0,1.14955,1.90512,8.37568e+06,3.68648e+06,1.2463e+07,0,368814,0,0
68.263,85.1408,2.3593,0.03,0.02,3.12837,3.12837,0,0.586216,4.6872,4.03025e+06,2.75803e+06,1.26081e+07,0,375459,0,0,62.338,61.3098,4.6759,0,1,1.4881,1.4881,0,1.14963,1.90512,8.37568e+06,3.68648e+06,1.24638e+07,0,368839,0,0
67.621,85.1408,2.59455,0.03,0.02,3.12858,3.12858,0,0.586256,4.6872,4.03025e+06,2.75803e+06,1.2609e+07,0,375484,0,0,62.338,61.3098,4.98761,0,1,1.4882,1.4882,0,1.14971,1.90512,8.37568e+06,3.68648e+06,1.24647e+07,0,368864,0,0
66.8216,85.1408,2.59026,0.04,0.02,3.04797,3.04797,0,0.586296,4.6872,4.03025e+06,2.75803e+06,1.22841e+07,0,365810,0,0,62.338,61.3098,6.0701,0,1,1.41983,1.41983,0,1.14978,1.90512,8.37568e+06,3.68648e+06,1.1892e+07,0,351917,0,0
64.4836,85.1408,0.833188,0.03,0.02,3.04818,3.04818,0,0.57119,4.6872,4.03025e+06,2.75803e+06,1.22849e+07,0,365835,0,0,62.338,61.3098,3.26232,0,1,1.41992,1.41992,0,1.09696,1.90512,8.37568e+06,3.68648e+06,1.18928e+07,0,351941,0,0
62.9055,85.1408,1.53175,0.03,0.02,3.04839,3.04839,0,0.571229,4.6872,4.03025e+06,2.75803e+06,1.22858e+07,0,365860,0,0,62.338,61.3098,4.30943,0,1,1.42002,1.42002,0,1.09703,1.90512,8.37568e+06,3.68648e+06,1.18936e+07,0,351965,0,0
64.1314,85.1408,4.52561,0.03,0.02,3.0486,3.0486,0,0.571268,4.6872,4.03025e+06,2.75803e+06,1.22866e+07,0,365885,0,0,62.338,61.3098,7.11554,0,1,1.42012,1.42012,0,1.09711,1.90512,8.37568e+06,3.68648e+06,1.18945e+07,0,351989,0,0
63.4467,85.1408,2.35028,0.03,0.02,2.8192,2.8192,0,0.571307,4.6872,4.03025e+06,2.75803e+06,1.13621e+07,0,338353,0,0,62.338,61.3098,5.12732,0,1,1.27756,1.27756,0,1.09718,1.90512,8.37568e+06,3.68648e+06,1.07004e+07,0,316655,0,0
63.941,85.1408,3.4991,0.03,0.02,2.81939,2.81939,0,0.528317,4.6872,4.03025e+06,2.75803e+06,1.13628e+07,0,338376,0,0,62.338,61.3098,4.80588,0,1,1.27765,1.27765,0,0.987043,1.90512,8.37568e+06,3.68648e+06,1.07012e+07,0,316676,0,0
64.7578,85.1408,3.90422,0.03,0.02,2.81958,2.81958,0,0.528354,4.6872,4.03025e+06,2.75803e+06,1.13636e+07,0,338399,0,0,62.338,61.3098,4.54892,0,1,1.27774,1.27774,0,0.987111,1.90512,8.37568e+06,3.68648e+06,1.07019e+07,0,316698,0,0
64.3899,85.1408,2.71469,0.04,0.02,2.81978,2.81978,0,0.52839,4.6872,4.03025e+06,2.75803e+06,1.13644e+07,0,338422,0,0,62.338,61.3098,5.15645,0,1,1.27782,1.27782,0,0.987178,1.90512,8.37568e+06,3.68648e+06,1.07026e+07,0,316720,0,0
63.1963,85.1408,1.78173,0.03,0.02,2.81997,2.81997,0,0.528426,4.6872,4.03025e+06,2.75803e+06,1.13652e+07,0,338446,0,0,62.338,61.3098,2.55451,0,1,1.27791,1.27791,0,0.987246,1.90512,8.37568e+06,3.68648e+06,1.07034e+07,0,316742,0,0
66.014,85.1408,6.04305,0.03,0.02,2.81997,2.81997,0,0.528462,4.6872,4.03025e+06,2.75803e+06,1.13652e+07,0,338446,0,0,62.338,61.3098,6.01466,0,1,1.27791,1.27791,0,0.987314,1.90512,8.37568e+06,3.68648e+06,1.07034e+07,0,316742,0,0
70.2884,85.1408,7.86175,0.04,0.02,2.90851,2.90851,0,0.528462,4.6872,4.03025e+06,2.75803e+06,1.1722e+07,0,349072,0,0,62.338,61.3098,9.26707,0,1,1.31932,1.31932,0,0.987314,1.90512,8.37568e+06,3.68648e+06,1.10502e+07,0,327005,0,0
72.2461,85.1408,5.36961,0.01,0.02,2.90869,2.90869,0,0.545054,4.6872,4.03025e+06,2.75803e+06,1.17227e+07,0,349094,0,0,62.338,61.3098,6.19758,0,1,1.3194,1.3194,0,1.01931,1.90512,8.37568e+06,3.68648e+06,1.10509e+07,0,327026,0,0
76.9978,85.1408,8.15043,0.02,0.02,2.90888,2.90888,0,0.545089,4.6872,4.03025e+06,2.75803e+06,1.17235e+07,0,349116,0,0,62.338,61.3098,7.14476,0,1,1.31949,1.31949,0,1.01937,1.90512,8.37568e+06,3.68648e+06,1.10516e+07,0,327047,0,0
79.8621,85.1408,6.32286,0,0.02,2.90906,2.90906,0,0.545123,4.6872,4.03025e+06,2.75803e+06,1.17242e+07,0,349138,0,0,62.338,61.3098,6.86318,0,1,1.31957,1.31957,0,1.01944,1.90512,8.37568e+06,3.68648e+06,1.10523e+07,0,327067,0,0
82.7617,85.1408,6.72031,0,0.02,3.19301,3.19301,0,0.545158,4.6872,4.03025e+06,2.75803e+06,1.28686e+07,0,383217,0,0,62.338,61.3098,9.05161,0,1,1.47482,1.47482,0,1.0195,1.90512,8.37568e+06,3.68648e+06,1.23526e+07,0,365547,0,0
84.9998,85.1408,6.06888,0,0.02,3.19321,3.19321,0,0.598369,4.6872,4.03025e+06,2.75803e+06,1.28694e+07,0,383241,0,0,62.338,61.3098,8.46561,0,1,1.47491,1.47491,0,1.13944,1.90512,8.37568e+06,3.68648e+06,1.23534e+07,0,365570,0,0
85.1408,85.1408,6.77714,0,0.02,3.19341,3.19341,0,0.598407,4.6872,4.03025e+06,2.75803e+06,1.28702e+07,0,383265,0,0,62.338,61.3098,8.41847,0,1,1.475,1.475,0,1.13952,1.90512,8.37568e+06,3.68648e+06,1.23542e+07,0,365593,0,0
85.1408,85.1408,7.58622,0,0.02,3.19361,3.19361,0,0.598445,4.6872,4.03025e+06,2.75803e+06,1.28711e+07,0,383289,0,0,62.338,61.3098,8.27627,0,1,1.4751,1.4751,0,1.13959,1.90512,8.37568e+06,3.68648e+06,1.23549e+07,0,365616,0,0
85.1408,85.1408,3.68794,0,0.02,2.78898,2.78898,0,0.598483,4.6872,4.03025e+06,2.75803e+06,1.12403e+07,0,334726,0,0,62.338,61.3098,5.51869,0,1,1.26691,1.26691,0,1.13966,1.90512,8.37568e+06,3.68648e+06,1.06112e+07,0,314014,0,0
85.1408,85.1408,3.86012,0,0.02,2.78916,2.78916,0,0.522655,4.6872,4.03025e+06,2.75803e+06,1.1241e+07,0,334747,0,0,62.338,61.3098,5.69436,0,1,1.26699,1.26699,0,0.978813,1.90512,8.37568e+06,3.68648e+06,1.06119e+07,0,314034,0,0
85.1408,85.1408,8.4457,0,0.02,2.78933,2.78933,0,0.522688,4.6872,4.03025e+06,2.75803e+06,1.12417e+07,0,334769,0,0,62.338,61.3098,8.84411,0,1,1.26707,1.26707,0,0.978875,1.90512,8.37568e+06,3.68648e+06,1.06126e+07,0,314054,0,0
85.1408,85.1408,5.7553,0,0.02,2.78951,2.78951,0,0.522721,4.6872,4.03025e+06,2.75803e+06,1.12424e+07,0,334790,0,0,62.338,61.3098,6.75431,0,1,1.26715,1.26715,0,0.978937,1.90512,8.37568e+06,3.68648e+06,1.06132e+07,0,314074,0,0
85.1408,85.1408,5.49852,0,0.02,2.78969,2.78969,0,0.522754,4.6872,4.03025e+06,2.75803e+06,1.12431e+07,0,334811,0,0,62.338,61.3098,6.79237,0,1,1.26723,1.26723,0,0.978999,1.90512,8.37568e+06,3.68648e+06,1.06139e+07,0,314094,0,0
85.1408,85.1408,6.94487,0,0.02,2.8918,2.8918,0,0.522787,4.6872,4.03025e+06,2.75803e+06,1.16547e+07,0,347066,0,0,62.338,61.3098,8.77523,0,1,1.31828,1.31828,0,0.979061,1.90512,8.37568e+06,3.68648e+06,1.10415e+07,0,326747,0,0
85.1408,85.1408,4.88833,0,0.02,2.89198,2.89198,0,0.541923,4.6872,4.03025e+06,2.75803e+06,1.16554e+07,0,347088,0,0,62.338,61.3098,5.21029,0,1,1.31836,1.31836,0,1.0185,1.90512,8.37568e+06,3.68648e+06,1.10422e+07,0,326768,0,0
85.1408,85.1408,4.46605,0,0.02,2.89217,2.89217,0,0.541957,4.6872,4.03025e+06,2.75803e+06,1.16561e+07,0,347110,0,0,62.338,61.3098,5.4915,0,1,1.31845,1.31845,0,1.01857,1.90512,8.37568e+06,3.68648e+06,1.10429e+07,0,326789,0,0
85.1408,85.1408,4.06514,0,0.02,2.89235,2.89235,0,0.541992,4.6872,4.03025e+06,2.75803e+06,1.16569e+07,0,347132,0,0,62.338,61.3098,5.10501,0,1,1.31853,1.31853,0,1.01863,1.90512,8.37568e+06,3.68648e+06,1.10436e+07,0,326809,0,0
85.017,85.1408,3.11484,0,0.02,2.85267,2.85267,0,0.542026,4.6872,4.03025e+06,2.75803e+06,1.1497e+07,0,342370,0,0,62.338,61.3098,3.44318,0,1,1.29881,1.29881,0,1.0187,1.90512,8.37568e+06,3.68648e+06,1.08784e+07,0,321922,0,0
84.608,85.1408,2.81426,0,0.02,2.85285,2.85285,0,0.53459,4.6872,4.03025e+06,2.75803e+06,1.14977e+07,0,342391,0,0,62.338,61.3098,3.54058,0,1,1.29889,1.29889,0,1.00346,1.90512,8.37568e+06,3.68648e+06,1.08791e+07,0,321943,0,0
85.1408,85.1408,4.30277,0,0.02,2.85303,2.85303,0,0.534623,4.6872,4.03025e+06,2.75803e+06,1.14984e+07,0,342413,0,0,62.338,61.3098,4.17341,0,1,1.29898,1.29898,0,1.00353,1.90512,8.37568e+06,3.68648e+06,1.08798e+07,0,321963,0,0
84.8682,85.1408,2.91902,0,0.02,2.85321,2.85321,0,0.534657,4.6872,4.03025e+06,2.75803e+06,1.14991e+07,0,342435,0,0,62.338,61.3098,3.6889,0,1,1.29906,1.29906,0,1.00359,1.90512,8.37568e+06,3.68648e+06,1.08805e+07,0,321983,0,0
84.4352,85.1408,2.81908,0,0.02,2.98875,2.98875,0,0.534691,4.6872,4.03025e+06,2.75803e+06,1.20454e+07,0,358702,0,0,62.338,61.3098,3.0571,0,1,1.36938,1.36938,0,1.00365,1.90512,8.37568e+06,3.68648e+06,1.14695e+07,0,339413,0,0
83.8044,85.1408,2.57228,0,0.02,2.98894,2.98894,0,0.560091,4.6872,4.03025e+06,2.75803e+06,1.20461e+07,0,358724,0,0,62.338,61.3098,3.04861,0,1,1.36947,1.36947,0,1.05798,1.90512,8.37568e+06,3.68648e+06,1.14702e+07,0,339435,0,0
83.1294,85.1408,2.51833,0,0.02,2.98912,2.98912,0,0.560126,4.6872,4.03025e+06,2.75803e+06,1.20469e+07,0,358747,0,0,62.338,61.3098,3.08515,0,1,1.36955,1.36955,0,1.05805,1.90512,8.37568e+06,3.68648e+06,1.14709e+07,0,339456,0,0
82.2994,85.1408,2.35066,0,0.02,2.98931,2.98931,0,0.560162,4.6872,4.03025e+06,2.75803e+06,1.20477e+07,0,358770,0,0,62.338,61.3098,2.84918,0,1,1.36964,1.36964,0,1.05812,1.90512,8.37568e+06,3.68648e+06,1.14717e+07,0,339478,0,0
81.1266,85.1408,1.97837,0,0.02,2.9895,2.9895,0,0.560197,4.6872,4.03025e+06,2.75803e+06,1.20484e+07,0,358793,0,0,62.338,61.3098,2.49474,0,1,1.36973,1.36973,0,1.05818,1.90512,8.37568e+06,3.68648e+06,1.14724e+07,0,339499,0,0
79.8908,85.1408,1.87202,0,0.02,2.96292,2.96292,0,0.560233,4.6872,4.03025e+06,2.75803e+06,1.19413e+07,0,355602,0,0,62.338,61.3098,2.50677,0,1,1.40843,1.40843,0,1.05825,1.90512,8.37568e+06,3.68648e+06,1.17966e+07,0,349092,0,0
78.5981,85.1408,1.79477,0,0.02,2.9631,2.9631,0,0.555251,4.6872,4.03025e+06,2.75803e+06,1.1942e+07,0,355624,0,0,62.338,61.3098,2.49635,0,1,1.40852,1.40852,0,1.08815,1.90512,8.37568e+06,3.68648e+06,1.17973e+07,0,349114,0,0
77.1394,85.1408,1.58648,0,0.02,2.96329,2.96329,0,0.555286,4.6872,4.03025e+06,2.75803e+06,1.19428e+07,0,355647,0,0,62.3266,61.3098,2.23325,0,1,1.40861,1.40861,0,1.08822,1.90512,8.37568e+06,3.68648e+06,1.17981e+07,0,349136,0,0
75.5686,85.1408,1.45515,0,0.02,2.96348,2.96348,0,0.555321,4.6872,4.03025e+06,2.75803e+06,1.19436e+07,0,355669,0,0,62.2874,61.3098,2.19909,0,1,1.4087,1.4087,0,1.08829,1.90512,8.37568e+06,3.68648e+06,1.17988e+07,0,349159,0,0
73.8217,85.1408,1.31341,0.01,0.02,3.03283,3.03283,0,0.555356,4.6872,4.03025e+06,2.75803e+06,1.22231e+07,0,363993,0,0,62.0812,61.3098,2.01042,0,1,1.44321,1.44321,0,1.08836,1.90512,8.37568e+06,3.68648e+06,1.20879e+07,0,357713,0,0
71.9851,85.1408,1.20582,0.01,0.02,3.03303,3.03303,0,0.568353,4.6872,4.03025e+06,2.75803e+06,1.22238e+07,0,364016,0,0,61.924,61.3098,1.76223,0,1,1.4433,1.4433,0,1.11503,1.90512,8.37568e+06,3.68648e+06,1.20886e+07,0,357736,0,0
70.2353,85.1408,1.26741,0.01,0.02,3.03322,3.03322,0,0.568389,4.6872,4.03025e+06,2.75803e+06,1.22246e+07,0,364039,0,0,61.8459,61.3098,2.08521,0,1,1.4434,1.4434,0,1.1151,1.90512,8.37568e+06,3.68648e+06,1.20894e+07,0,357759,0,0
68.5133,85.1408,1.27557,0.01,0.02,3.03341,3.03341,0,0.568425,4.6872,4.03025e+06,2.75803e+06,1.22254e+07,0,364062,0,0,61.793,61.3098,2.10732,0,1,1.44349,1.44349,0,1.11517,1.90512,8.37568e+06,3.68648e+06,1.20902e+07,0,357781,0,0
66.7628,85.1408,1.38894,0.02,0.02,3.23621,3.23621,0,0.568461,4.6872,4.03025e+06,2.75803e+06,1.30427e+07,0,388401,0,0,61.5766,61.3098,2.22438,0,1,1.56786,1.56786,0,1.11524,1.90512,8.37568e+06,3.68648e+06,1.31319e+07,0,388609,0,0
64.8744,85.1408,1.25287,0.04,0.02,3.23641,3.23641,0,0.606465,4.6872,4.03025e+06,2.75803e+06,1.30435e+07,0,388426,0,0,61.3309,61.3098,2.13924,0,1,1.56796,1.56796,0,1.21133,1.90512,8.37568e+06,3.68648e+06,1.31328e+07,0,388634,0,0
63.0298,85.1408,1.26398,0.04,0.02,3.23662,3.23662,0,0.606503,4.6872,4.03025e+06,2.75803e+06,1.30444e+07,0,388450,0,0,61.1772,61.3098,2.31684,0,1,1.56806,1.56806,0,1.21141,1.90512,8.37568e+06,3.68648e+06,1.31336e+07,0,388659,0,0
61.2145,85.1408,1.27585,0.04,0.02,3.23682,3.23682,0,0.606542,4.6872,4.03025e+06,2.75803e+06,1.30452e+07,0,388475,0,0,61.0361,61.3098,2.71355,0,1,1.56816,1.56816,0,1.21149,1.90512,8.37568e+06,3.68648e+06,1.31344e+07,0,388683,0,0
59.4408,85.1408,1.28019,0.04,0.02,3.23703,3.23703,0,0.60658,4.6872,4.03025e+06,2.75803e+06,1.3046e+07,0,388500,0,0,60.7476,61.3098,2.20273,0,1,1.56826,1.56826,0,1.21156,1.90512,8.37568e+06,3.68648e+06,1.31353e+07,0,388708,0,0
57.9315,85.1408,1.46663,0.04,0.02,3.13846,3.13846,0,0.606619,4.6872,4.03025e+06,2.75803e+06,1.26488e+07,0,376670,0,0,60.5583,61.3098,2.40403,0,1,1.4929,1.4929,0,1.21164,1.90512,8.37568e+06,3.68648e+06,1.25041e+07,0,370029,0,0
56.9806,85.1408,2.0396,0.04,0.02,3.13866,3.13866,0,0.588147,4.6872,4.03025e+06,2.75803e+06,1.26496e+07,0,376694,0,0,60.4398,61.3098,2.69259,0,1,1.493,1.493,0,1.15342,1.90512,8.37568e+06,3.68648e+06,1.25048e+07,0,370052,0,0
56.7668,85.1408,2.85317,0.04,0.02,3.13886,3.13886,0,0.588185,4.6872,4.03025e+06,2.75803e+06,1.26504e+07,0,376718,0,0,60.7137,61.3098,4.42327,0,1,1.49309,1.49309,0,1.15349,1.90512,8.37568e+06,3.68648e+06,1.25056e+07,0,370076,0,0
56.1525,85.1408,2.501,0.04,0.02,3.13906,3.13906,0,0.588222,4.6872,4.03025e+06,2.75803e+06,1.26512e+07,0,376742,0,0,60.7408,61.3098,3.28651,0,1,1.49318,1.49318,0,1.15356,1.90512,8.37568e+06,3.68648e+06,1.25064e+07,0,370099,0,0
56.5415,85.1408,3.47842,0.04,0.02,3.05816,3.05816,0,0.588259,4.6872,4.03025e+06,2.75803e+06,1.23251e+07,0,367033,0,0,60.9438,61.3098,3.21977,0,1,1.42457,1.42457,0,1.15363,1.90512,8.37568e+06,3.68648e+06,1.19318e+07,0,353093,0,0
57.2286,85.1408,3.77104,0.04,0.02,3.05836,3.05836,0,0.573099,4.6872,4.03025e+06,2.75803e+06,1.23259e+07,0,367056,0,0,61.5898,61.3098,4.44075,0,1,1.42466,1.42466,0,1.10063,1.90512,8.37568e+06,3.68648e+06,1.19325e+07,0,353116,0,0
57.5978,85.1408,3.51948,0.04,0.02,3.05855,3.05855,0,0.573136,4.6872,4.03025e+06,2.75803e+06,1.23267e+07,0,367079,0,0,62.338,61.3098,4.40364,0,1,1.42475,1.42475,0,1.1007,1.90512,8.37568e+06,3.68648e+06,1.19333e+07,0,353138,0,0
60.9082,85.1408,6.58278,0.04,0.02,3.05874,3.05874,0,0.573172,4.6872,4.03025e+06,2.75803e+06,1.23275e+07,0,367103,0,0,62.338,61.3098,5.4174,0,1,1.42485,1.42485,0,1.10077,1.90512,8.37568e+06,3.68648e+06,1.1934e+07,0,353161,0,0
63.8672,85.1408,6.01262,0.03,0.02,2.82856,2.82856,0,0.573208,4.6872,4.03025e+06,2.75803e+06,1.13998e+07,0,339477,0,0,62.338,61.3098,4.86313,0,1,1.28181,1.28181,0,1.10084,1.90512,8.37568e+06,3.68648e+06,1.0736e+07,0,317707,0,0
67.0055,85.1408,6.25182,0.03,0.02,2.82874,2.82874,0,0.530073,4.6872,4.03025e+06,2.75803e+06,1.14005e+07,0,339499,0,0,62.338,61.3098,6.98646,0,1,1.28189,1.28189,0,0.990323,1.90512,8.37568e+06,3.68648e+06,1.07367e+07,0,317727,0,0
67.8696,85.1408,3.93185,0.04,0.02,2.82892,2.82892,0,0.530107,4.6872,4.03025e+06,2.75803e+06,1.14013e+07,0,339520,0,0,62.338,61.3098,4.09962,0,1,1.28197,1.28197,0,0.990386,1.90512,8.37568e+06,3.68648e+06,1.07373e+07,0,317747,0,0
68.3204,85.1408,3.49988,0.04,0.02,2.8291,2.8291,0,0.53014,4.6872,4.03025e+06,2.75803e+06,1.1402e+07,0,339542,0,0,62.338,61.3098,3.09274,0,1,1.28205,1.28205,0,0.990449,1.90512,8.37568e+06,3.68648e+06,1.0738e+07,0,317767,0,0
71.8618,85.1408,6.71817,0.01,0.02,2.82928,2.82928,0,0.530174,4.6872,4.03025e+06,2.75803e+06,1.14027e+07,0,339563,0,0,62.338,61.3098,7.10819,0,1,1.28213,1.28213,0,0.990511,1.90512,8.37568e+06,3.68648e+06,1.07387e+07,0,317788,0,0
76.2986,85.1408,7.95793,0.02,0.02,2.9181,2.9181,0,0.530207,4.6872,4.03025e+06,2.75803e+06,1.17607e+07,0,350223,0,0,62.338,61.3098,8.05218,0,1,1.32367,1.32367,0,0.990574,1.90512,8.37568e+06,3.68648e+06,1.10866e+07,0,328083,0,0
80.3401,85.1408,7.59616,0.01,0.02,2.91827,2.91827,0,0.546852,4.6872,4.03025e+06,2.75803e+06,1.17613e+07,0,350243,0,0,62.338,61.3098,6.79412,0,1,1.32375,1.32375,0,1.02267,1.90512,8.37568e+06,3.68648e+06,1.10873e+07,0,328103,0,0
84.7336,85.1408,7.90032,0,0.02,2.91844,2.91844,0,0.546883,4.6872,4.03025e+06,2.75803e+06,1.1762e+07,0,350264,0,0,62.338,61.3098,8.44379,0,1,1.32382,1.32382,0,1.02273,1.90512,8.37568e+06,3.68648e+06,1.10879e+07,0,328122,0,0
85.1408,85.1408,7.41002,0,0.02,2.91861,2.91861,0,0.546915,4.6872,4.03025e+06,2.75803e+06,1.17627e+07,0,350284,0,0,62.338,61.3098,8.3299,0,1,1.3239,1.3239,0,1.02279,1.90512,8.37568e+06,3.68648e+06,1.10886e+07,0,328141,0,0
85.1408,85.1408,4.74936,0,0.02,3.20347,3.20347,0,0.546947,4.6872,4.03025e+06,2.75803e+06,1.29108e+07,0,384472,0,0,62.338,61.3098,5.36066,0,1,1.47965,1.47965,0,1.02285,1.90512,8.37568e+06,3.68648e+06,1.23931e+07,0,366745,0,0
85.1408,85.1408,5.72393,0,0.02,3.20366,3.20366,0,0.60033,4.6872,4.03025e+06,2.75803e+06,1.29115e+07,0,384495,0,0,62.338,61.3098,4.7384,0,1,1.47974,1.47974,0,1.14318,1.90512,8.37568e+06,3.68648e+06,1.23938e+07,0,366766,0,0
85.1408,85.1408,7.40738,0,0.02,3.20384,3.20384,0,0.600365,4.6872,4.03025e+06,2.75803e+06,1.29123e+07,0,384517,0,0,62.338,61.3098,6.80904,0,1,1.47982,1.47982,0,1.14324,1.90512,8.37568e+06,3.68648e+06,1.23945e+07,0,366787,0,0
85.1408,85.1408,7.50457,0,0.02,3.20403,3.20403,0,0.6004,4.6872,4.03025e+06,2.75803e+06,1.2913e+07,0,384540,0,0,62.338,61.3098,6.3426,0,1,1.47991,1.47991,0,1.14331,1.90512,8.37568e+06,3.68648e+06,1.23952e+07,0,366809,0,0
85.1408,85.1408,4.77137,0,0.02,2.79806,2.79806,0,0.600435,4.6872,4.03025e+06,2.75803e+06,1.12769e+07,0,335816,0,0,62.338,61.3098,4.62825,0,1,1.27103,1.27103,0,1.14338,1.90512,8.37568e+06,3.68648e+06,1.06458e+07,0,315037,0,0
85.1408,85.1408,3.94004,0,0.02,2.79823,2.79823,0,0.524357,4.6872,4.03025e+06,2.75803e+06,1.12775e+07,0,335836,0,0,62.338,61.3098,3.21835,0,1,1.27111,1.27111,0,0.982001,1.90512,8.37568e+06,3.68648e+06,1.06464e+07,0,315055,0,0
85.1408,85.1408,3.94684,0,0.02,2.79839,2.79839,0,0.524387,4.6872,4.03025e+06,2.75803e+06,1.12782e+07,0,335856,0,0,62.338,61.3098,2.9684,0,1,1.27118,1.27118,0,0.982058,1.90512,8.37568e+06,3.68648e+06,1.0647e+07,0,315074,0,0
85.1408,85.1408,4.10582,0,0.02,2.79855,2.79855,0,0.524418,4.6872,4.03025e+06,2.75803e+06,1.12789e+07,0,335875,0,0,62.338,61.3098,3.27523,0,1,1.27126,1.27126,0,0.982115,1.90512,8.37568e+06,3.68648e+06,1.06476e+07,0,315092,0,0
85.1408,85.1408,3.59634,0,0.02,2.79872,2.79872,0,0.524449,4.6872,4.03025e+06,2.75803e+06,1.12795e+07,0,335895,0,0,62.338,61.3098,2.75209,0,1,1.27133,1.27133,0,0.982172,1.90512,8.37568e+06,3.68648e+06,1.06483e+07,0,315111,0,0
85.1408,85.1408,4.12243,0,0.02,2.90114,2.90114,0,0.524479,4.6872,4.03025e+06,2.75803e+06,1.16923e+07,0,348188,0,0,61.9941,61.3098,2.95919,0,1,1.32254,1.32254,0,0.98223,1.90512,8.37568e+06,3.68648e+06,1.10772e+07,0,327803,0,0
84.9297,85.1408,3.12814,0,0.02,2.90131,2.90131,0,0.543674,4.6872,4.03025e+06,2.75803e+06,1.1693e+07,0,348208,0,0,62.263,61.3098,1.89731,0,1,1.32262,1.32262,0,1.02179,1.90512,8.37568e+06,3.68648e+06,1.10778e+07,0,327822,0,0
85.1408,85.1408,3.68022,0,0.02,2.90148,2.90148,0,0.543706,4.6872,4.03025e+06,2.75803e+06,1.16937e+07,0,348229,0,0,62.338,61.3098,4.02617,0,1,1.32269,1.32269,0,1.02185,1.90512,8.37568e+06,3.68648e+06,1.10785e+07,0,327841,0,0
84.8681,85.1408,3.05099,0,0.02,2.90165,2.90165,0,0.543738,4.6872,4.03025e+06,2.75803e+06,1.16944e+07,0,348249,0,0,62.338,61.3098,3.03168,0,1,1.32277,1.32277,0,1.02191,1.90512,8.37568e+06,3.68648e+06,1.10791e+07,0,327861,0,0
84.584,85.1408,2.94293,0,0.02,2.86183,2.86183,0,0.54377,4.6872,4.03025e+06,2.75803e+06,1.15339e+07,0,343469,0,0,62.2827,61.3098,2.95096,0,1,1.30298,1.30298,0,1.02197,1.90512,8.37568e+06,3.68648e+06,1.09134e+07,0,322956,0,0
83.6679,85.1408,2.26886,0,0.02,2.86199,2.86199,0,0.536306,4.6872,4.03025e+06,2.75803e+06,1.15345e+07,0,343489,0,0,62.338,61.3098,2.44026,0,1,1.30306,1.30306,0,1.00668,1.90512,8.37568e+06,3.68648e+06,1.0914e+07,0,322975,0,0
82.5497,85.1408,2.04987,0,0.02,2.86216,2.86216,0,0.536338,4.6872,4.03025e+06,2.75803e+06,1.15352e+07,0,343509,0,0,62.338,61.3098,2.50564,0,1,1.30314,1.30314,0,1.00674,1.90512,8.37568e+06,3.68648e+06,1.09146e+07,0,322994,0,0
82.4943,85.1408,3.13456,0,0.02,2.86233,2.86233,0,0.536369,4.6872,4.03025e+06,2.75803e+06,1.15359e+07,0,343529,0,0,62.338,61.3098,2.95966,0,1,1.30321,1.30321,0,1.0068,1.90512,8.37568e+06,3.68648e+06,1.09153e+07,0,323013,0,0
81.7572,85.1408,2.50824,0,0.02,2.99828,2.99828,0,0.5364,4.6872,4.03025e+06,2.75803e+06,1.20838e+07,0,359846,0,0,62.338,61.3098,2.74023,0,1,1.37375,1.37375,0,1.00686,1.90512,8.37568e+06,3.68648e+06,1.15061e+07,0,340496,0,0
80.8446,85.1408,2.26739,0,0.02,2.99846,2.99846,0,0.561878,4.6872,4.03025e+06,2.75803e+06,1.20845e+07,0,359867,0,0,62.338,61.3098,2.70052,0,1,1.37383,1.37383,0,1.06136,1.90512,8.37568e+06,3.68648e+06,1.15068e+07,0,340516,0,0
79.9114,85.1408,2.23666,0,0.02,2.99863,2.99863,0,0.561911,4.6872,4.03025e+06,2.75803e+06,1.20852e+07,0,359888,0,0,62.338,61.3098,2.74935,0,1,1.37391,1.37391,0,1.06142,1.90512,8.37568e+06,3.68648e+06,1.15074e+07,0,340536,0,0
78.8471,85.1408,2.09186,0,0.02,2.99881,2.99881,0,0.561944,4.6872,4.03025e+06,2.75803e+06,1.20859e+07,0,359909,0,0,62.338,61.3098,2.59741,0,1,1.37399,1.37399,0,1.06148,1.90512,8.37568e+06,3.68648e+06,1.15081e+07,0,340556,0,0
77.7749,85.1408,2.03799,0,0.02,2.99898,2.99898,0,0.561977,4.6872,4.03025e+06,2.75803e+06,1.20866e+07,0,359930,0,0,62.338,61.3098,2.44476,0,1,1.37407,1.37407,0,1.06154,1.90512,8.37568e+06,3.68648e+06,1.15088e+07,0,340576,0,0
76.7376,85.1408,2.01958,0,0.02,2.9723,2.9723,0,0.562009,4.6872,4.03025e+06,2.75803e+06,1.19791e+07,0,356727,0,0,62.338,61.3098,2.34424,0,1,1.41289,1.41289,0,1.06161,1.90512,8.37568e+06,3.68648e+06,1.18339e+07,0,350197,0,0
75.5517,85.1408,1.86193,0,0.02,2.97247,2.97247,0,0.557008,4.6872,4.03025e+06,2.75803e+06,1.19798e+07,0,356748,0,0,62.2978,61.3098,2.3189,0,1,1.41297,1.41297,0,1.0916,1.90512,8.37568e+06,3.68648e+06,1.18346e+07,0,350218,0,0
74.2155,85.1408,1.69929,0.01,0.02,2.97264,2.97264,0,0.557041,4.6872,4.03025e+06,2.75803e+06,1.19805e+07,0,356769,0,0,62.275,61.3098,2.06959,0,1,1.41305,1.41305,0,1.09166,1.90512,8.37568e+06,3.68648e+06,1.18353e+07,0,350238,0,0
72.8357,85.1408,1.62175,0.01,0.02,2.97282,2.97282,0,0.557073,4.6872,4.03025e+06,2.75803e+06,1.19812e+07,0,356790,0,0,62.1492,61.3098,2.04973,0,1,1.41314,1.41314,0,1.09173,1.90512,8.37568e+06,3.68648e+06,1.1836e+07,0,350259,0,0
71.4061,85.1408,1.61921,0.01,0.02,3.04237,3.04237,0,0.557106,4.6872,4.03025e+06,2.75803e+06,1.22615e+07,0,365138,0,0,61.8913,61.3098,1.78621,0,1,1.44775,1.44775,0,1.09179,1.90512,8.37568e+06,3.68648e+06,1.21259e+07,0,358838,0,0
69.8851,85.1408,1.49819,0.01,0.02,3.04255,3.04255,0,0.570141,4.6872,4.03025e+06,2.75803e+06,1.22622e+07,0,365159,0,0,61.4193,61.3098,1.69372,0,1,1.44784,1.44784,0,1.11853,1.90512,8.37568e+06,3.68648e+06,1.21266e+07,0,358859,0,0
68.2478,85.1408,1.36342,0.01,0.02,3.04273,3.04273,0,0.570174,4.6872,4.03025e+06,2.75803e+06,1.2263e+07,0,365181,0,0,61.2341,61.3098,1.48681,0,1,1.44792,1.44792,0,1.1186,1.90512,8.37568e+06,3.68648e+06,1.21273e+07,0,358880,0,0
66.8051,85.1408,1.53622,0.01,0.02,3.04291,3.04291,0,0.570207,4.6872,4.03025e+06,2.75803e+06,1.22637e+07,0,365202,0,0,61.0467,61.3098,1.93302,0,1,1.44801,1.44801,0,1.11866,1.90512,8.37568e+06,3.68648e+06,1.2128e+07,0,358901,0,0
65.1907,85.1408,1.51418,0.04,0.02,3.24632,3.24632,0,0.570241,4.6872,4.03025e+06,2.75803e+06,1.30835e+07,0,389615,0,0,60.5382,61.3098,1.72686,0,1,1.57276,1.57276,0,1.11873,1.90512,8.37568e+06,3.68648e+06,1.3173e+07,0,389824,0,0
63.4394,85.1408,1.35827,0.04,0.02,3.24651,3.24651,0,0.60836,4.6872,4.03025e+06,2.75803e+06,1.30842e+07,0,389638,0,0,59.9225,61.3098,1.53101,0,1,1.57286,1.57286,0,1.21512,1.90512,8.37568e+06,3.68648e+06,1.31737e+07,0,389846,0,0
61.7338,85.1408,1.37984,0.04,0.02,3.2467,3.2467,0,0.608396,4.6872,4.03025e+06,2.75803e+06,1.3085e+07,0,389660,0,0,59.4795,61.3098,1.46782,0,1,1.57295,1.57295,0,1.21519,1.90512,8.37568e+06,3.68648e+06,1.31745e+07,0,389869,0,0
60.6885,85.1408,2.04332,0.04,0.02,3.24689,3.24689,0,0.608431,4.6872,4.03025e+06,2.75803e+06,1.30858e+07,0,389683,0,0,59.2225,61.3098,1.75753,0,1,1.57304,1.57304,0,1.21526,1.90512,8.37568e+06,3.68648e+06,1.31753e+07,0,389892,0,0
60.4961,85.1408,2.91128,0.04,0.02,3.24708,3.24708,0,0.608467,4.6872,4.03025e+06,2.75803e+06,1.30865e+07,0,389706,0,0,59.2398,61.3098,2.37915,0,1,1.57313,1.57313,0,1.21533,1.90512,8.37568e+06,3.68648e+06,1.3176e+07,0,389915,0,0
60.6261,85.1408,3.13885,0.04,0.02,3.14819,3.14819,0,0.608502,4.6872,4.03025e+06,2.75803e+06,1.2688e+07,0,377838,0,0,59.534,61.3098,2.92573,0,1,1.49753,1.49753,0,1.2154,1.90512,8.37568e+06,3.68648e+06,1.25428e+07,0,371176,0,0
60.9965,85.1408,3.44463,0.04,0.02,3.14837,3.14837,0,0.58997,4.6872,4.03025e+06,2.75803e+06,1.26887e+07,0,377860,0,0,60.2574,61.3098,3.74373,0,1,1.49762,1.49762,0,1.15699,1.90512,8.37568e+06,3.68648e+06,1.25435e+07,0,371198,0,0
61.1511,85.1408,3.26328,0.04,0.02,3.14856,3.14856,0,0.590005,4.6872,4.03025e+06,2.75803e+06,1.26895e+07,0,377882,0,0,61.0924,61.3098,3.88947,0,1,1.4977,1.4977,0,1.15706,1.90512,8.37568e+06,3.68648e+06,1.25443e+07,0,371219,0,0
61.6538,85.1408,3.69266,0.04,0.02,3.14874,3.14874,0,0.590039,4.6872,4.03025e+06,2.75803e+06,1.26902e+07,0,377904,0,0,62.1278,61.3098,4.39182,0,1,1.49779,1.49779,0,1.15713,1.90512,8.37568e+06,3.68648e+06,1.2545e+07,0,371241,0,0
62.0757,85.1408,3.57978,0.03,0.02,3.06758,3.06758,0,0.590074,4.6872,4.03025e+06,2.75803e+06,1.23631e+07,0,368163,0,0,62.1502,61.3098,3.84145,0,1,1.42896,1.42896,0,1.15719,1.90512,8.37568e+06,3.68648e+06,1.19685e+07,0,354181,0,0
62.216,85.1408,3.25828,0.03,0.02,3.06776,3.06776,0,0.574864,4.6872,4.03025e+06,2.75803e+06,1.23638e+07,0,368185,0,0,62.2706,61.3098,1.7969,0,1,1.42904,1.42904,0,1.10402,1.90512,8.37568e+06,3.68648e+06,1.19692e+07,0,354201,0,0
63.5566,85.1408,4.54922,0.03,0.02,3.06794,3.06794,0,0.574898,4.6872,4.03025e+06,2.75803e+06,1.23645e+07,0,368206,0,0,62.338,61.3098,3.21961,0,1,1.42913,1.42913,0,1.10408,1.90512,8.37568e+06,3.68648e+06,1.19699e+07,0,354222,0,0
65.6981,85.1408,5.44537,0.03,0.02,3.06812,3.06812,0,0.574931,4.6872,4.03025e+06,2.75803e+06,1.23653e+07,0,368228,0,0,62.338,61.3098,3.52142,0,1,1.42921,1.42921,0,1.10414,1.90512,8.37568e+06,3.68648e+06,1.19706e+07,0,354243,0,0
68.0447,85.1408,5.47058,0.03,0.02,2.83722,2.83722,0,0.574965,4.6872,4.03025e+06,2.75803e+06,1.14347e+07,0,340516,0,0,62.338,61.3098,3.48734,0,1,1.28573,1.28573,0,1.10421,1.90512,8.37568e+06,3.68648e+06,1.07688e+07,0,318679,0,0
71.5759,85.1408,6.67297,0.03,0.02,2.83738,2.83738,0,0.531694,4.6872,4.03025e+06,2.75803e+06,1.14354e+07,0,340536,0,0,62.338,61.3098,3.35307,0,1,1.2858,1.2858,0,0.993352,1.90512,8.37568e+06,3.68648e+06,1.07695e+07,0,318697,0,0
73.0561,85.1408,4.68991,0.02,0.02,2.83755,2.83755,0,0.531726,4.6872,4.03025e+06,2.75803e+06,1.1436e+07,0,340555,0,0,62.338,61.3098,3.0023,0,1,1.28588,1.28588,0,0.99341,1.90512,8.37568e+06,3.68648e+06,1.07701e+07,0,318716,0,0
73.5066,85.1408,3.63813,0.02,0.02,2.83771,2.83771,0,0.531757,4.6872,4.03025e+06,2.75803e+06,1.14367e+07,0,340575,0,0,62.338,61.3098,2.47875,0,1,1.28595,1.28595,0,0.993468,1.90512,8.37568e+06,3.68648e+06,1.07707e+07,0,318735,0,0
73.965,85.1408,3.64863,0.02,0.02,2.83788,2.83788,0,0.531788,4.6872,4.03025e+06,2.75803e+06,1.14374e+07,0,340595,0,0,62.338,61.3098,2.89391,0,1,1.28603,1.28603,0,0.993526,1.90512,8.37568e+06,3.68648e+06,1.07713e+07,0,318753,0,0
75.2389,85.1408,4.62801,0.02,0.04,2.92695,2.92695,0,0.531819,4.6872,4.03025e+06,2.75803e+06,1.17963e+07,0,351285,0,0,62.338,61.3098,4.43446,0,1,1.32769,1.32769,0,0.993584,1.90512,8.37568e+06,3.68648e+06,1.11203e+07,0,329079,0,0
77.712,85.1408,5.9913,0.02,0.04,2.92711,2.92711,0,0.548511,4.6872,4.03025e+06,2.75803e+06,1.1797e+07,0,351304,0,0,62.338,61.3098,4.57597,0,1,1.32776,1.32776,0,1.02577,1.90512,8.37568e+06,3.68648e+06,1.11209e+07,0,329096,0,0
78.224,85.1408,3.8518,0,0.04,2.92726,2.92726,0,0.54854,4.6872,4.03025e+06,2.75803e+06,1.17976e+07,0,351323,0,0,62.338,61.3098,3.07176,0,1,1.32783,1.32783,0,1.02582,1.90512,8.37568e+06,3.68648e+06,1.11215e+07,0,329114,0,0
78.6807,85.1408,3.78632,0,0.04,2.92742,2.92742,0,0.548569,4.6872,4.03025e+06,2.75803e+06,1.17982e+07,0,351342,0,0,62.2046,61.3098,2.76512,0,1,1.3279,1.3279,0,1.02588,1.90512,8.37568e+06,3.68648e+06,1.1122e+07,0,329131,0,0
78.7533,85.1408,3.66052,0,0.04,3.21312,3.21312,0,0.548598,4.6872,4.03025e+06,2.75803e+06,1.29497e+07,0,385631,0,0,62.338,61.3098,2.36088,0,1,1.48411,1.48411,0,1.02593,1.90512,8.37568e+06,3.68648e+06,1.24304e+07,0,367850,0,0
80.8077,85.1408,5.68728,0,0.04,3.2133,3.2133,0,0.60214,4.6872,4.03025e+06,2.75803e+06,1.29504e+07,0,385652,0,0,62.338,61.3098,4.56375,0,1,1.48419,1.48419,0,1.14662,1.90512,8.37568e+06,3.68648e+06,1.24311e+07,0,367870,0,0
81.0261,85.1408,3.78357,0,0.04,3.21347,3.21347,0,0.602172,4.6872,4.03025e+06,2.75803e+06,1.29511e+07,0,385672,0,0,62.1172,61.3098,2.70636,0,1,1.48427,1.48427,0,1.14668,1.90512,8.37568e+06,3.68648e+06,1.24317e+07,0,367889,0,0
80.4699,85.1408,2.95858,0,0.04,3.21364,3.21364,0,0.602204,4.6872,4.03025e+06,2.75803e+06,1.29518e+07,0,385693,0,0,62.1153,61.3098,2.09997,0,1,1.48435,1.48435,0,1.14675,1.90512,8.37568e+06,3.68648e+06,1.24324e+07,0,367909,0,0
80.8736,85.1408,3.61019,0,0.04,2.80644,2.80644,0,0.602236,4.6872,4.03025e+06,2.75803e+06,1.13106e+07,0,336822,0,0,62.338,61.3098,3.43382,0,1,1.27484,1.27484,0,1.14681,1.90512,8.37568e+06,3.68648e+06,1.06776e+07,0,315980,0,0
81.3498,85.1408,3.80377,0,0.04,2.80659,2.80659,0,0.525927,4.6872,4.03025e+06,2.75803e+06,1.13113e+07,0,336840,0,0,62.338,61.3098,3.92937,0,1,1.27491,1.27491,0,0.984941,1.90512,8.37568e+06,3.68648e+06,1.06782e+07,0,315997,0,0
81.3094,85.1408,3.19792,0,0.04,2.80674,2.80674,0,0.525955,4.6872,4.03025e+06,2.75803e+06,1.13119e+07,0,336858,0,0,62.338,61.3098,2.82259,0,1,1.27498,1.27498,0,0.984993,1.90512,8.37568e+06,3.68648e+06,1.06788e+07,0,316014,0,0
81.5286,85.1408,3.48661,0,0.04,2.80689,2.80689,0,0.525983,4.6872,4.03025e+06,2.75803e+06,1.13125e+07,0,336876,0,0,62.338,61.3098,2.89328,0,1,1.27504,1.27504,0,0.985046,1.90512,8.37568e+06,3.68648e+06,1.06793e+07,0,316031,0,0
81.8039,85.1408,3.58173,0,0.04,2.80704,2.80704,0,0.526011,4.6872,4.03025e+06,2.75803e+06,1.13131e+07,0,336894,0,0,62.338,61.3098,3.02492,0,1,1.27511,1.27511,0,0.985098,1.90512,8.37568e+06,3.68648e+06,1.06799e+07,0,316048,0,0
83.3253,85.1408,4.96896,0,0.04,2.90976,2.90976,0,0.526039,4.6872,4.03025e+06,2.75803e+06,1.1727e+07,0,349222,0,0,62.338,61.3098,3.61702,0,1,1.32647,1.32647,0,0.985151,1.90512,8.37568e+06,3.68648e+06,1.111e+07,0,328776,0,0
83.5821,85.1408,3.60916,0,0.04,2.90991,2.90991,0,0.545288,4.6872,4.03025e+06,2.75803e+06,1.17277e+07,0,349240,0,0,62.2235,61.3098,2.55196,0,1,1.32654,1.32654,0,1.02483,1.90512,8.37568e+06,3.68648e+06,1.11106e+07,0,328794,0,0
83.3435,85.1408,3.05737,0,0.04,2.91007,2.91007,0,0.545318,4.6872,4.03025e+06,2.75803e+06,1.17283e+07,0,349259,0,0,62.1984,61.3098,2.14143,0,1,1.32661,1.32661,0,1.02488,1.90512,8.37568e+06,3.68648e+06,1.11112e+07,0,328812,0,0
82.9191,85.1408,2.8475,0,0.04,2.91022,2.91022,0,0.545347,4.6872,4.03025e+06,2.75803e+06,1.17289e+07,0,349278,0,0,62.338,61.3098,2.10551,0,1,1.32668,1.32668,0,1.02494,1.90512,8.37568e+06,3.68648e+06,1.11118e+07,0,328829,0,0
82.7016,85.1408,2.99289,0,0.04,2.87027,2.87027,0,0.545376,4.6872,4.03025e+06,2.75803e+06,1.15679e+07,0,344482,0,0,62.338,61.3098,3.00524,0,1,1.30683,1.30683,0,1.02499,1.90512,8.37568e+06,3.68648e+06,1.09455e+07,0,323908,0,0
82.2693,85.1408,2.70312,0,0.04,2.87042,2.87042,0,0.537888,4.6872,4.03025e+06,2.75803e+06,1.15685e+07,0,344500,0,0,62.338,61.3098,2.86663,0,1,1.3069,1.3069,0,1.00965,1.90512,8.37568e+06,3.68648e+06,1.09461e+07,0,323926,0,0
81.6872,85.1408,2.52234,0,0.04,2.87057,2.87057,0,0.537917,4.6872,4.03025e+06,2.75803e+06,1.15691e+07,0,344519,0,0,62.338,61.3098,2.6841,0,1,1.30696,1.30696,0,1.00971,1.90512,8.37568e+06,3.68648e+06,1.09467e+07,0,323943,0,0
81.0081,85.1408,2.41251,0,0.04,2.87073,2.87073,0,0.537945,4.6872,4.03025e+06,2.75803e+06,1.15697e+07,0,344537,0,0,62.338,61.3098,2.49808,0,1,1.30703,1.30703,0,1.00976,1.90512,8.37568e+06,3.68648e+06,1.09473e+07,0,323960,0,0
79.9332,85.1408,2.10991,0,0.04,3.00706,3.00706,0,0.537974,4.6872,4.03025e+06,2.75803e+06,1.21192e+07,0,360900,0,0,62.338,61.3098,2.52945,0,1,1.37777,1.37777,0,1.00981,1.90512,8.37568e+06,3.68648e+06,1.15398e+07,0,341493,0,0
78.8158,85.1408,2.03298,0,0.04,3.00723,3.00723,0,0.563524,4.6872,4.03025e+06,2.75803e+06,1.21199e+07,0,360920,0,0,62.338,61.3098,2.32627,0,1,1.37785,1.37785,0,1.06447,1.90512,8.37568e+06,3.68648e+06,1.15404e+07,0,341512,0,0
77.5239,85.1408,1.80863,0,0.04,3.00739,3.00739,0,0.563554,4.6872,4.03025e+06,2.75803e+06,1.21205e+07,0,360939,0,0,62.3039,61.3098,2.22063,0,1,1.37792,1.37792,0,1.06452,1.90512,8.37568e+06,3.68648e+06,1.1541e+07,0,341530,0,0
76.1712,85.1408,1.71302,0,0.04,3.00755,3.00755,0,0.563584,4.6872,4.03025e+06,2.75803e+06,1.21212e+07,0,360958,0,0,62.2268,61.3098,2.10418,0,1,1.37799,1.37799,0,1.06458,1.90512,8.37568e+06,3.68648e+06,1.15416e+07,0,341548,0,0
75.0115,85.1408,1.88868,0,0.04,3.00771,3.00771,0,0.563614,4.6872,4.03025e+06,2.75803e+06,1.21218e+07,0,360977,0,0,62.1416,61.3098,1.93561,0,1,1.37807,1.37807,0,1.06464,1.90512,8.37568e+06,3.68648e+06,1.15422e+07,0,341566,0,0
74.1707,85.1408,2.16881,0,0.04,2.98093,2.98093,0,0.563644,4.6872,4.03025e+06,2.75803e+06,1.20139e+07,0,357763,0,0,61.9276,61.3098,1.74718,0,1,1.41699,1.41699,0,1.06469,1.90512,8.37568e+06,3.68648e+06,1.18683e+07,0,351214,0,0
73.1798,85.1408,2.01194,0.01,0.04,2.98109,2.98109,0,0.558626,4.6872,4.03025e+06,2.75803e+06,1.20145e+07,0,357782,0,0,61.5843,61.3098,1.7076,0,1,1.41707,1.41707,0,1.09477,1.90512,8.37568e+06,3.68648e+06,1.18689e+07,0,351233,0,0
72.0202,85.1408,1.83275,0.01,0.04,2.98125,2.98125,0,0.558656,4.6872,4.03025e+06,2.75803e+06,1.20152e+07,0,357802,0,0,61.1672,61.3098,1.56551,0,1,1.41714,1.41714,0,1.09483,1.90512,8.37568e+06,3.68648e+06,1.18695e+07,0,351252,0,0
70.7319,85.1408,1.67489,0.01,0.04,2.9814,2.9814,0,0.558685,4.6872,4.03025e+06,2.75803e+06,1.20158e+07,0,357821,0,0,60.7322,61.3098,1.4972,0,1,1.41722,1.41722,0,1.09489,1.90512,8.37568e+06,3.68648e+06,1.18702e+07,0,351270,0,0
69.7648,85.1408,2.03377,0.01,0.04,3.05115,3.05115,0,0.558715,4.6872,4.03025e+06,2.75803e+06,1.22969e+07,0,366191,0,0,60.3602,61.3098,1.59882,0,1,1.45193,1.45193,0,1.09494,1.90512,8.37568e+06,3.68648e+06,1.21609e+07,0,359873,0,0
68.652,85.1408,1.86213,0.01,0.04,3.05131,3.05131,0,0.571785,4.6872,4.03025e+06,2.75803e+06,1.22975e+07,0,366211,0,0,59.7777,61.3098,1.56697,0,1,1.452,1.452,0,1.12176,1.90512,8.37568e+06,3.68648e+06,1.21615e+07,0,359892,0,0
67.3986,85.1408,1.70796,0.01,0.04,3.05147,3.05147,0,0.571816,4.6872,4.03025e+06,2.75803e+06,1.22982e+07,0,366230,0,0,59.3385,61.3098,1.3761,0,1,1.45208,1.45208,0,1.12182,1.90512,8.37568e+06,3.68648e+06,1.21622e+07,0,359912,0,0
66.2568,85.1408,1.79858,0.03,0.04,3.05164,3.05164,0,0.571846,4.6872,4.03025e+06,2.75803e+06,1.22989e+07,0,366250,0,0,58.9798,61.3098,1.62662,0,1,1.45216,1.45216,0,1.12188,1.90512,8.37568e+06,3.68648e+06,1.21628e+07,0,359931,0,0
65.1569,85.1408,2.00927,0.04,0.04,3.25562,3.25562,0,0.571877,4.6872,4.03025e+06,2.75803e+06,1.31209e+07,0,390731,0,0,58.2247,61.3098,1.64832,0,1,1.57727,1.57727,0,1.12194,1.90512,8.37568e+06,3.68648e+06,1.32107e+07,0,390940,0,0
63.8883,85.1408,1.83653,0.04,0.04,3.25579,3.25579,0,0.610102,4.6872,4.03025e+06,2.75803e+06,1.31216e+07,0,390752,0,0,57.7551,61.3098,1.22497,0,1,1.57735,1.57735,0,1.2186,1.90512,8.37568e+06,3.68648e+06,1.32114e+07,0,390961,0,0
63.0427,85.1408,2.23332,0.04,0.04,3.25596,3.25596,0,0.610135,4.6872,4.03025e+06,2.75803e+06,1.31223e+07,0,390772,0,0,57.3172,61.3098,2.1349,0,1,1.57744,1.57744,0,1.21866,1.90512,8.37568e+06,3.68648e+06,1.32121e+07,0,390982,0,0
61.7626,85.1408,1.77532,0.04,0.04,3.25614,3.25614,0,0.610167,4.6872,4.03025e+06,2.75803e+06,1.3123e+07,0,390793,0,0,56.809,61.3098,1.46555,0,1,1.57752,1.57752,0,1.21873,1.90512,8.37568e+06,3.68648e+06,1.32128e+07,0,391003,0,0
60.8847,85.1408,2.16593,0.04,0.04,3.25631,3.25631,0,0.6102,4.6872,4.03025e+06,2.75803e+06,1.31237e+07,0,390814,0,0,56.4983,61.3098,1.6627,0,1,1.57761,1.57761,0,1.21879,1.90512,8.37568e+06,3.68648e+06,1.32135e+07,0,391024,0,0
60.451,85.1408,2.55691,0.04,0.04,3.15713,3.15713,0,0.610233,4.6872,4.03025e+06,2.75803e+06,1.2724e+07,0,378910,0,0,56.3999,61.3098,1.87485,0,1,1.50178,1.50178,0,1.21886,1.90512,8.37568e+06,3.68648e+06,1.25784e+07,0,372230,0,0
60.208,85.1408,2.80853,0.04,0.04,3.15729,3.15729,0,0.591645,4.6872,4.03025e+06,2.75803e+06,1.27247e+07,0,378930,0,0,56.5757,61.3098,2.39431,0,1,1.50186,1.50186,0,1.16028,1.90512,8.37568e+06,3.68648e+06,1.25791e+07,0,372249,0,0
59.7938,85.1408,2.65686,0.04,0.04,3.15746,3.15746,0,0.591677,4.6872,4.03025e+06,2.75803e+06,1.27254e+07,0,378951,0,0,56.8179,61.3098,2.48346,0,1,1.50194,1.50194,0,1.16034,1.90512,8.37568e+06,3.68648e+06,1.25798e+07,0,372269,0,0
59.6718,85.1408,2.9994,0.04,0.04,3.15763,3.15763,0,0.591708,4.6872,4.03025e+06,2.75803e+06,1.2726e+07,0,378971,0,0,57.1802,61.3098,2.80492,0,1,1.50202,1.50202,0,1.1604,1.90512,8.37568e+06,3.68648e+06,1.25804e+07,0,372289,0,0
59.5563,85.1408,3.00962,0.03,0.04,3.07623,3.07623,0,0.59174,4.6872,4.03025e+06,2.75803e+06,1.2398e+07,0,369201,0,0,57.8325,61.3098,3.81191,0,1,1.43299,1.43299,0,1.16046,1.90512,8.37568e+06,3.68648e+06,1.20023e+07,0,355179,0,0
59.3266,85.1408,2.92353,0.04,0.04,3.07639,3.07639,0,0.576485,4.6872,4.03025e+06,2.75803e+06,1.23986e+07,0,369221,0,0,58.3901,61.3098,3.73917,0,1,1.43307,1.43307,0,1.10713,1.90512,8.37568e+06,3.68648e+06,1.20029e+07,0,355198,0,0
60.475,85.1408,4.4206,0.04,0.04,3.07655,3.07655,0,0.576516,4.6872,4.03025e+06,2.75803e+06,1.23993e+07,0,369240,0,0,60.1692,61.3098,5.49349,0,1,1.43314,1.43314,0,1.10719,1.90512,8.37568e+06,3.68648e+06,1.20035e+07,0,355217,0,0
63.2484,85.1408,6.06129,0.03,0.04,3.07672,3.07672,0,0.576546,4.6872,4.03025e+06,2.75803e+06,1.23999e+07,0,369260,0,0,61.1901,61.3098,5.3757,0,1,1.43322,1.43322,0,1.10725,1.90512,8.37568e+06,3.68648e+06,1.20042e+07,0,355236,0,0
65.3994,85.1408,5.25833,0.03,0.04,2.84516,2.84516,0,0.576577,4.6872,4.03025e+06,2.75803e+06,1.14667e+07,0,341469,0,0,62.0388,61.3098,4.69334,0,1,1.28933,1.28933,0,1.1073,1.90512,8.37568e+06,3.68648e+06,1.0799e+07,0,319571,0,0
68.7473,85.1408,6.44352,0.03,0.04,2.84531,2.84531,0,0.533183,4.6872,4.03025e+06,2.75803e+06,1.14673e+07,0,341487,0,0,62.338,61.3098,4.14713,0,1,1.28939,1.28939,0,0.996133,1.90512,8.37568e+06,3.68648e+06,1.07995e+07,0,319588,0,0
74.6545,85.1408,9.26776,0.02,0.04,2.84546,2.84546,0,0.533211,4.6872,4.03025e+06,2.75803e+06,1.14679e+07,0,341505,0,0,62.338,61.3098,6.13448,0,1,1.28946,1.28946,0,0.996186,1.90512,8.37568e+06,3.68648e+06,1.08001e+07,0,319605,0,0
79.9194,85.1408,8.70971,0.02,0.04,2.84561,2.84561,0,0.53324,4.6872,4.03025e+06,2.75803e+06,1.14685e+07,0,341523,0,0,62.338,61.3098,8.30419,0,1,1.28953,1.28953,0,0.996239,1.90512,8.37568e+06,3.68648e+06,1.08007e+07,0,319622,0,0
84.8635,85.1408,8.29016,0,0.04,2.84577,2.84577,0,0.533268,4.6872,4.03025e+06,2.75803e+06,1.14691e+07,0,341542,0,0,62.338,61.3098,5.56929,0,1,1.2896,1.2896,0,0.996292,1.90512,8.37568e+06,3.68648e+06,1.08013e+07,0,319639,0,0
85.1408,85.1408,10.4243,0,0.04,2.93507,2.93507,0,0.533297,4.6872,4.03025e+06,2.75803e+06,1.18291e+07,0,352260,0,0,62.338,61.3098,6.58251,0,1,1.33137,1.33137,0,0.996346,1.90512,8.37568e+06,3.68648e+06,1.11511e+07,0,329992,0,0
85.1408,85.1408,14.589,0,0.04,2.93521,2.93521,0,0.550032,4.6872,4.03025e+06,2.75803e+06,1.18296e+07,0,352277,0,0,62.338,61.3098,14.3474,0,1,1.33143,1.33143,0,1.02862,1.90512,8.37568e+06,3.68648e+06,1.11517e+07,0,330008,0,0
85.1408,85.1408,14.3224,0,0.04,2.93536,2.93536,0,0.550059,4.6872,4.03025e+06,2.75803e+06,1.18302e+07,0,352294,0,0,62.338,61.3098,11.4963,0,1,1.3315,1.3315,0,1.02867,1.90512,8.37568e+06,3.68648e+06,1.11522e+07,0,330024,0,0
85.1408,85.1408,9.30375,0,0.04,2.9355,2.9355,0,0.550086,4.6872,4.03025e+06,2.75803e+06,1.18308e+07,0,352311,0,0,62.338,61.3098,6.72328,0,1,1.33156,1.33156,0,1.02872,1.90512,8.37568e+06,3.68648e+06,1.11527e+07,0,330040,0,0
85.1408,85.1408,23.9285,0,0.04,3.22198,3.22198,0,0.550112,4.6872,4.03025e+06,2.75803e+06,1.29854e+07,0,386693,0,0,62.338,61.3098,13.1632,0,1,1.4882,1.4882,0,1.02877,1.90512,8.37568e+06,3.68648e+06,1.24647e+07,0,368863,0,0
85.1408,85.1408,15.7243,0,0.04,3.22213,3.22213,0,0.603798,4.6872,4.03025e+06,2.75803e+06,1.2986e+07,0,386712,0,0,62.338,61.3098,9.89063,0,1,1.48827,1.48827,0,1.14978,1.90512,8.37568e+06,3.68648e+06,1.24653e+07,0,368881,0,0
85.1408,85.1408,9.57294,0,0.04,3.22229,3.22229,0,0.603827,4.6872,4.03025e+06,2.75803e+06,1.29866e+07,0,386731,0,0,62.338,61.3098,6.94142,0,1,1.48834,1.48834,0,1.14984,1.90512,8.37568e+06,3.68648e+06,1.24659e+07,0,368899,0,0
85.1408,85.1408,8.58281,0,0.04,3.22244,3.22244,0,0.603857,4.6872,4.03025e+06,2.75803e+06,1.29872e+07,0,386750,0,0,62.338,61.3098,8.86716,0,1,1.48841,1.48841,0,1.14989,1.90512,8.37568e+06,3.68648e+06,1.24665e+07,0,368917,0,0
85.1408,85.1408,5.96701,0,0.04,2.81412,2.81412,0,0.603886,4.6872,4.03025e+06,2.75803e+06,1.13416e+07,0,337743,0,0,62.338,61.3098,7.67991,0,1,1.27833,1.27833,0,1.14995,1.90512,8.37568e+06,3.68648e+06,1.07068e+07,0,316844,0,0
85.1408,85.1408,3.43933,0,0.04,2.81425,2.81425,0,0.527365,4.6872,4.03025e+06,2.75803e+06,1.13421e+07,0,337759,0,0,62.338,61.3098,3.45226,0,1,1.27839,1.27839,0,0.987634,1.90512,8.37568e+06,3.68648e+06,1.07074e+07,0,316860,0,0
85.1408,85.1408,6.93983,0,0.04,2.81439,2.81439,0,0.527391,4.6872,4.03025e+06,2.75803e+06,1.13427e+07,0,337776,0,0,62.338,61.3098,5.75809,0,1,1.27845,1.27845,0,0.987682,1.90512,8.37568e+06,3.68648e+06,1.07079e+07,0,316875,0,0
85.1408,85.1408,5.40803,0,0.04,2.81452,2.81452,0,0.527416,4.6872,4.03025e+06,2.75803e+06,1.13432e+07,0,337792,0,0,62.338,61.3098,5.24034,0,1,1.27851,1.27851,0,0.98773,1.90512,8.37568e+06,3.68648e+06,1.07084e+07,0,316891,0,0
85.1408,85.1408,6.85482,0,0.04,2.81466,2.81466,0,0.527442,4.6872,4.03025e+06,2.75803e+06,1.13438e+07,0,337808,0,0,62.338,61.3098,5.98772,0,1,1.27857,1.27857,0,0.987778,1.90512,8.37568e+06,3.68648e+06,1.07089e+07,0,316906,0,0
85.1408,85.1408,8.84178,0,0.04,2.91764,2.91764,0,0.527467,4.6872,4.03025e+06,2.75803e+06,1.17588e+07,0,350168,0,0,62.338,61.3098,7.45666,0,1,1.33006,1.33006,0,0.987826,1.90512,8.37568e+06,3.68648e+06,1.11402e+07,0,329668,0,0
85.1408,85.1408,6.56316,0,0.04,2.91779,2.91779,0,0.546766,4.6872,4.03025e+06,2.75803e+06,1.17594e+07,0,350185,0,0,62.338,61.3098,6.93063,0,1,1.33013,1.33013,0,1.02761,1.90512,8.37568e+06,3.68648e+06,1.11407e+07,0,329684,0,0
85.1408,85.1408,5.54448,0,0.04,2.91793,2.91793,0,0.546793,4.6872,4.03025e+06,2.75803e+06,1.176e+07,0,350202,0,0,62.338,61.3098,5.29524,0,1,1.33019,1.33019,0,1.02766,1.90512,8.37568e+06,3.68648e+06,1.11412e+07,0,329700,0,0
85.1408,85.1408,4.74093,0,0.04,2.91807,2.91807,0,0.546819,4.6872,4.03025e+06,2.75803e+06,1.17605e+07,0,350219,0,0,62.338,61.3098,6.03188,0,1,1.33025,1.33025,0,1.0277,1.90512,8.37568e+06,3.68648e+06,1.11418e+07,0,329716,0,0
85.1408,85.1408,5.18132,0,0.04,2.87799,2.87799,0,0.546846,4.6872,4.03025e+06,2.75803e+06,1.1599e+07,0,345409,0,0,62.338,61.3098,4.69245,0,1,1.31034,1.31034,0,1.02775,1.90512,8.37568e+06,3.68648e+06,1.0975e+07,0,324780,0,0
85.1408,85.1408,4.38237,0,0.04,2.87813,2.87813,0,0.539335,4.6872,4.03025e+06,2.75803e+06,1.15996e+07,0,345426,0,0,62.338,61.3098,4.25754,0,1,1.31041,1.31041,0,1.01237,1.90512,8.37568e+06,3.68648e+06,1.09755e+07,0,324796,0,0
85.1408,85.1408,3.87833,0,0.04,2.87827,2.87827,0,0.539361,4.6872,4.03025e+06,2.75803e+06,1.16001e+07,0,345443,0,0,62.338,61.3098,3.7473,0,1,1.31047,1.31047,0,1.01242,1.90512,8.37568e+06,3.68648e+06,1.09761e+07,0,324812,0,0
85.1408,85.1408,3.53313,0,0.04,2.87841,2.87841,0,0.539388,4.6872,4.03025e+06,2.75803e+06,1.16007e+07,0,345459,0,0,62.338,61.3098,3.42441,0,1,1.31053,1.31053,0,1.01247,1.90512,8.37568e+06,3.68648e+06,1.09766e+07,0,324827,0,0
85.0453,85.1408,3.18217,0,0.04,3.0151,3.0151,0,0.539414,4.6872,4.03025e+06,2.75803e+06,1.21516e+07,0,361864,0,0,62.338,61.3098,3.06048,0,1,1.38145,1.38145,0,1.01252,1.90512,8.37568e+06,3.68648e+06,1.15706e+07,0,342406,0,0
84.7845,85.1408,2.9923,0,0.04,3.01524,3.01524,0,0.565029,4.6872,4.03025e+06,2.75803e+06,1.21522e+07,0,361882,0,0,62.338,61.3098,2.87635,0,1,1.38152,1.38152,0,1.06731,1.90512,8.37568e+06,3.68648e+06,1.15712e+07,0,342422,0,0
84.4,85.1408,2.85562,0,0.04,3.01539,3.01539,0,0.565057,4.6872,4.03025e+06,2.75803e+06,1.21528e+07,0,361899,0,0,62.338,61.3098,2.79882,0,1,1.38159,1.38159,0,1.06736,1.90512,8.37568e+06,3.68648e+06,1.15717e+07,0,342439,0,0
83.8436,85.1408,2.66945,0,0.04,3.01554,3.01554,0,0.565084,4.6872,4.03025e+06,2.75803e+06,1.21534e+07,0,361917,0,0,62.338,61.3098,2.63305,0,1,1.38165,1.38165,0,1.06741,1.90512,8.37568e+06,3.68648e+06,1.15723e+07,0,342456,0,0
83.4139,85.1408,2.71884,0,0.04,3.01568,3.01568,0,0.565111,4.6872,4.03025e+06,2.75803e+06,1.21539e+07,0,361935,0,0,62.338,61.3098,2.60607,0,1,1.38172,1.38172,0,1.06747,1.90512,8.37568e+06,3.68648e+06,1.15729e+07,0,342472,0,0
83.4083,85.1408,3.13445,0,0.04,2.98882,2.98882,0,0.565139,4.6872,4.03025e+06,2.75803e+06,1.20457e+07,0,358710,0,0,62.338,61.3098,2.59704,0,1,1.42074,1.42074,0,1.06752,1.90512,8.37568e+06,3.68648e+06,1.18997e+07,0,352144,0,0
83.0874,85.1408,2.82819,0,0.04,2.98896,2.98896,0,0.560104,4.6872,4.03025e+06,2.75803e+06,1.20463e+07,0,358728,0,0,62.338,61.3098,2.33197,0,1,1.42081,1.42081,0,1.09767,1.90512,8.37568e+06,3.68648e+06,1.19003e+07,0,352161,0,0
82.5565,85.1408,2.60111,0,0.04,2.98911,2.98911,0,0.560132,4.6872,4.03025e+06,2.75803e+06,1.20468e+07,0,358745,0,0,62.309,61.3098,2.35872,0,1,1.42088,1.42088,0,1.09772,1.90512,8.37568e+06,3.68648e+06,1.19008e+07,0,352178,0,0
81.9743,85.1408,2.52798,0,0.04,2.98925,2.98925,0,0.560159,4.6872,4.03025e+06,2.75803e+06,1.20474e+07,0,358763,0,0,62.2283,61.3098,2.2041,0,1,1.42095,1.42095,0,1.09777,1.90512,8.37568e+06,3.68648e+06,1.19014e+07,0,352195,0,0
81.5112,85.1408,2.68316,0,0.04,3.05916,3.05916,0,0.560186,4.6872,4.03025e+06,2.75803e+06,1.23292e+07,0,367153,0,0,62.2421,61.3098,2.16553,0,1,1.45574,1.45574,0,1.09783,1.90512,8.37568e+06,3.68648e+06,1.21928e+07,0,360819,0,0
80.9797,85.1408,2.60727,0,0.04,3.05931,3.05931,0,0.573287,4.6872,4.03025e+06,2.75803e+06,1.23298e+07,0,367171,0,0,62.1652,61.3098,2.1705,0,1,1.45581,1.45581,0,1.12471,1.90512,8.37568e+06,3.68648e+06,1.21934e+07,0,360836,0,0
80.1344,85.1408,2.28331,0,0.04,3.05946,3.05946,0,0.573315,4.6872,4.03025e+06,2.75803e+06,1.23304e+07,0,367189,0,0,62.1173,61.3098,2.00396,0,1,1.45588,1.45588,0,1.12476,1.90512,8.37568e+06,3.68648e+06,1.2194e+07,0,360854,0,0
79.1313,85.1408,2.10838,0.01,0.04,3.05961,3.05961,0,0.573343,4.6872,4.03025e+06,2.75803e+06,1.2331e+07,0,367207,0,0,62.0994,61.3098,1.94027,0,1,1.45595,1.45595,0,1.12482,1.90512,8.37568e+06,3.68648e+06,1.21946e+07,0,360871,0,0
77.7532,85.1408,1.88325,0.01,0.04,3.26411,3.26411,0,0.573371,4.6872,4.03025e+06,2.75803e+06,1.31552e+07,0,391750,0,0,62.1025,61.3098,1.92424,0,1,1.58138,1.58138,0,1.12487,1.90512,8.37568e+06,3.68648e+06,1.32451e+07,0,391960,0,0
76.8706,85.1408,2.38987,0.01,0.04,3.26426,3.26426,0,0.611693,4.6872,4.03025e+06,2.75803e+06,1.31558e+07,0,391769,0,0,61.9857,61.3098,2.32314,0,1,1.58146,1.58146,0,1.22178,1.90512,8.37568e+06,3.68648e+06,1.32458e+07,0,391979,0,0
75.5224,85.1408,1.92835,0.01,0.04,3.26442,3.26442,0,0.611723,4.6872,4.03025e+06,2.75803e+06,1.31564e+07,0,391788,0,0,61.8571,61.3098,1.74433,0,1,1.58153,1.58153,0,1.22183,1.90512,8.37568e+06,3.68648e+06,1.32464e+07,0,391998,0,0
74.5741,85.1408,2.30247,0.03,0.04,3.26458,3.26458,0,0.611753,4.6872,4.03025e+06,2.75803e+06,1.31571e+07,0,391807,0,0,62.1844,61.3098,2.85438,0,1,1.58161,1.58161,0,1.22189,1.90512,8.37568e+06,3.68648e+06,1.32471e+07,0,392017,0,0
73.2626,85.1408,1.91161,0.03,0.04,3.26474,3.26474,0,0.611782,4.6872,4.03025e+06,2.75803e+06,1.31577e+07,0,391826,0,0,62.1185,61.3098,2.04209,0,1,1.58169,1.58169,0,1.22195,1.90512,8.37568e+06,3.68648e+06,1.32477e+07,0,392036,0,0
72.3081,85.1408,2.16346,0.03,0.04,3.16528,3.16528,0,0.611812,4.6872,4.03025e+06,2.75803e+06,1.27569e+07,0,379889,0,0,61.7763,61.3098,1.93126,0,1,1.50566,1.50566,0,1.22201,1.90512,8.37568e+06,3.68648e+06,1.26109e+07,0,373191,0,0
71.5601,85.1408,2.42599,0.03,0.04,3.16543,3.16543,0,0.593174,4.6872,4.03025e+06,2.75803e+06,1.27575e+07,0,379907,0,0,61.6618,61.3098,2.5644,0,1,1.50573,1.50573,0,1.16327,1.90512,8.37568e+06,3.68648e+06,1.26115e+07,0,373209,0,0
70.6701,85.1408,2.29603,0.03,0.04,3.16559,3.16559,0,0.593202,4.6872,4.03025e+06,2.75803e+06,1.27581e+07,0,379926,0,0,61.5574,61.3098,2.51915,0,1,1.50581,1.50581,0,1.16333,1.90512,8.37568e+06,3.68648e+06,1.26121e+07,0,373227,0,0
70.0597,85.1408,2.61908,0.03,0.04,3.16574,3.16574,0,0.593231,4.6872,4.03025e+06,2.75803e+06,1.27587e+07,0,379944,0,0,61.6223,61.3098,3.04369,0,1,1.50588,1.50588,0,1.16339,1.90512,8.37568e+06,3.68648e+06,1.26128e+07,0,373245,0,0
68.8903,85.1408,2.12439,0.03,0.04,3.08411,3.08411,0,0.59326,4.6872,4.03025e+06,2.75803e+06,1.24297e+07,0,370147,0,0,61.6207,61.3098,2.46736,0,1,1.43666,1.43666,0,1.16344,1.90512,8.37568e+06,3.68648e+06,1.2033e+07,0,356090,0,0
67.5985,85.1408,1.91951,0.01,0.04,3.08426,3.08426,0,0.577963,4.6872,4.03025e+06,2.75803e+06,1.24303e+07,0,370165,0,0,61.5452,61.3098,2.08491,0,1,1.43673,1.43673,0,1.10997,1.90512,8.37568e+06,3.68648e+06,1.20336e+07,0,356107,0,0
67.3426,85.1408,2.9747,0.03,0.04,3.08441,3.08441,0,0.577991,4.6872,4.03025e+06,2.75803e+06,1.24309e+07,0,370183,0,0,61.5738,61.3098,2.5404,0,1,1.4368,1.4368,0,1.11002,1.90512,8.37568e+06,3.68648e+06,1.20342e+07,0,356124,0,0
71.1418,85.1408,7.19539,0.03,0.04,3.08456,3.08456,0,0.578019,4.6872,4.03025e+06,2.75803e+06,1.24315e+07,0,370201,0,0,62.338,61.3098,6.51612,0,1,1.43687,1.43687,0,1.11007,1.90512,8.37568e+06,3.68648e+06,1.20348e+07,0,356142,0,0
74.7077,85.1408,6.71995,0.01,0.04,2.8524,2.8524,0,0.578047,4.6872,4.03025e+06,2.75803e+06,1.14959e+07,0,342337,0,0,62.338,61.3098,3.90764,0,1,1.29261,1.29261,0,1.11013,1.90512,8.37568e+06,3.68648e+06,1.08264e+07,0,320384,0,0
77.2865,85.1408,5.83297,0.02,0.04,2.85254,2.85254,0,0.534539,4.6872,4.03025e+06,2.75803e+06,1.14964e+07,0,342354,0,0,62.338,61.3098,4.35855,0,1,1.29267,1.29267,0,0.998667,1.90512,8.37568e+06,3.68648e+06,1.0827e+07,0,320399,0,0
81.4821,85.1408,7.58268,0,0.04,2.85267,2.85267,0,0.534565,4.6872,4.03025e+06,2.75803e+06,1.1497e+07,0,342371,0,0,62.338,61.3098,11.6482,0,1,1.29273,1.29273,0,0.998715,1.90512,8.37568e+06,3.68648e+06,1.08275e+07,0,320415,0,0
83.7473,85.1408,5.53306,0,0.04,2.85281,2.85281,0,0.534591,4.6872,4.03025e+06,2.75803e+06,1.14975e+07,0,342387,0,0,62.338,61.3098,5.64871,0,1,1.29279,1.29279,0,0.998764,1.90512,8.37568e+06,3.68648e+06,1.0828e+07,0,320430,0,0
84.2736,85.1408,3.76955,0,0.04,2.85295,2.85295,0,0.534617,4.6872,4.03025e+06,2.75803e+06,1.14981e+07,0,342404,0,0,62.338,61.3098,3.87881,0,1,1.29286,1.29286,0,0.998812,1.90512,8.37568e+06,3.68648e+06,1.08285e+07,0,320446,0,0
85.1408,85.1408,5.41719,0,0.04,2.94247,2.94247,0,0.534643,4.6872,4.03025e+06,2.75803e+06,1.18589e+07,0,353147,0,0,62.338,61.3098,6.08771,0,1,1.33472,1.33472,0,0.998861,1.90512,8.37568e+06,3.68648e+06,1.11792e+07,0,330823,0,0
85.1408,85.1408,5.15463,0,0.04,2.94259,2.94259,0,0.551418,4.6872,4.03025e+06,2.75803e+06,1.18594e+07,0,353163,0,0,62.338,61.3098,4.6623,0,1,1.33478,1.33478,0,1.03121,1.90512,8.37568e+06,3.68648e+06,1.11797e+07,0,330838,0,0
85.1408,85.1408,4.40207,0,0.04,2.94272,2.94272,0,0.551442,4.6872,4.03025e+06,2.75803e+06,1.18599e+07,0,353178,0,0,62.338,61.3098,4.72623,0,1,1.33484,1.33484,0,1.03125,1.90512,8.37568e+06,3.68648e+06,1.11802e+07,0,330852,0,0
85.1408,85.1408,3.90448,0,0.04,2.94285,2.94285,0,0.551466,4.6872,4.03025e+06,2.75803e+06,1.18604e+07,0,353194,0,0,62.338,61.3098,4.11041,0,1,1.3349,1.3349,0,1.0313,1.90512,8.37568e+06,3.68648e+06,1.11807e+07,0,330866,0,0
85.1408,85.1408,4.66928,0,0.04,3.23003,3.23003,0,0.55149,4.6872,4.03025e+06,2.75803e+06,1.30178e+07,0,387660,0,0,62.338,61.3098,4.90855,0,1,1.49192,1.49192,0,1.03134,1.90512,8.37568e+06,3.68648e+06,1.24958e+07,0,369785,0,0
85.1408,85.1408,4.57212,0,0.04,3.23017,3.23017,0,0.605308,4.6872,4.03025e+06,2.75803e+06,1.30184e+07,0,387677,0,0,62.338,61.3098,4.05649,0,1,1.49198,1.49198,0,1.15266,1.90512,8.37568e+06,3.68648e+06,1.24964e+07,0,369802,0,0
85.1408,85.1408,3.98827,0,0.04,3.23031,3.23031,0,0.605334,4.6872,4.03025e+06,2.75803e+06,1.3019e+07,0,387694,0,0,62.338,61.3098,4.19381,0,1,1.49205,1.49205,0,1.15271,1.90512,8.37568e+06,3.68648e+06,1.24969e+07,0,369818,0,0
85.1408,85.1408,4.65855,0,0.04,3.23045,3.23045,0,0.605361,4.6872,4.03025e+06,2.75803e+06,1.30195e+07,0,387711,0,0,62.338,61.3098,4.5788,0,1,1.49211,1.49211,0,1.15276,1.90512,8.37568e+06,3.68648e+06,1.24975e+07,0,369834,0,0
85.1408,85.1408,3.94748,0,0.04,2.8211,2.8211,0,0.605387,4.6872,4.03025e+06,2.75803e+06,1.13697e+07,0,338581,0,0,62.338,61.3098,3.75205,0,1,1.2815,1.2815,0,1.15281,1.90512,8.37568e+06,3.68648e+06,1.07334e+07,0,317630,0,0
85.1408,85.1408,3.47865,0,0.04,2.82122,2.82122,0,0.528673,4.6872,4.03025e+06,2.75803e+06,1.13702e+07,0,338596,0,0,62.338,61.3098,3.40162,0,1,1.28155,1.28155,0,0.990084,1.90512,8.37568e+06,3.68648e+06,1.07339e+07,0,317644,0,0
85.1408,85.1408,4.76553,0,0.04,2.82134,2.82134,0,0.528696,4.6872,4.03025e+06,2.75803e+06,1.13707e+07,0,338610,0,0,62.338,61.3098,5.07406,0,1,1.28161,1.28161,0,0.990128,1.90512,8.37568e+06,3.68648e+06,1.07343e+07,0,317658,0,0
85.1408,85.1408,3.34095,0,0.04,2.82147,2.82147,0,0.52872,4.6872,4.03025e+06,2.75803e+06,1.13712e+07,0,338625,0,0,62.338,61.3098,3.31133,0,1,1.28166,1.28166,0,0.990171,1.90512,8.37568e+06,3.68648e+06,1.07348e+07,0,317672,0,0
85.1408,85.1408,4.0171,0,0.04,2.82159,2.82159,0,0.528743,4.6872,4.03025e+06,2.75803e+06,1.13717e+07,0,338640,0,0,62.338,61.3098,4.24331,0,1,1.28172,1.28172,0,0.990214,1.90512,8.37568e+06,3.68648e+06,1.07353e+07,0,317686,0,0
85.1408,85.1408,3.91266,0,0.04,2.92481,2.92481,0,0.528766,4.6872,4.03025e+06,2.75803e+06,1.17877e+07,0,351028,0,0,62.338,61.3098,3.08697,0,1,1.33333,1.33333,0,0.990257,1.90512,8.37568e+06,3.68648e+06,1.11675e+07,0,330477,0,0
84.9473,85.1408,3.21319,0,0.04,2.92494,2.92494,0,0.54811,4.6872,4.03025e+06,2.75803e+06,1.17882e+07,0,351044,0,0,62.338,61.3098,3.28157,0,1,1.33339,1.33339,0,1.03013,1.90512,8.37568e+06,3.68648e+06,1.1168e+07,0,330492,0,0
84.5463,85.1408,2.98072,0,0.04,2.92507,2.92507,0,0.548133,4.6872,4.03025e+06,2.75803e+06,1.17887e+07,0,351059,0,0,62.338,61.3098,3.46674,0,1,1.33344,1.33344,0,1.03017,1.90512,8.37568e+06,3.68648e+06,1.11685e+07,0,330506,0,0
83.9064,85.1408,2.70701,0,0.04,2.92519,2.92519,0,0.548157,4.6872,4.03025e+06,2.75803e+06,1.17893e+07,0,351074,0,0,62.338,61.3098,4.06358,0,1,1.3335,1.3335,0,1.03022,1.90512,8.37568e+06,3.68648e+06,1.1169e+07,0,330521,0,0
83.3483,85.1408,2.74375,0,0.04,2.885,2.885,0,0.548181,4.6872,4.03025e+06,2.75803e+06,1.16273e+07,0,346251,0,0,62.338,61.3098,2.90051,0,1,1.31354,1.31354,0,1.03026,1.90512,8.37568e+06,3.68648e+06,1.10017e+07,0,325572,0,0
82.4757,85.1408,2.43827,0,0.04,2.88513,2.88513,0,0.54065,4.6872,4.03025e+06,2.75803e+06,1.16278e+07,0,346266,0,0,62.338,61.3098,2.81867,0,1,1.31359,1.31359,0,1.01484,1.90512,8.37568e+06,3.68648e+06,1.10022e+07,0,325586,0,0
81.5188,85.1408,2.23559,0,0.04,2.88525,2.88525,0,0.540673,4.6872,4.03025e+06,2.75803e+06,1.16283e+07,0,346281,0,0,62.338,61.3098,2.54595,0,1,1.31365,1.31365,0,1.01488,1.90512,8.37568e+06,3.68648e+06,1.10027e+07,0,325600,0,0
80.5124,85.1408,2.17383,0,0.04,2.88538,2.88538,0,0.540697,4.6872,4.03025e+06,2.75803e+06,1.16288e+07,0,346296,0,0,62.338,61.3098,2.8212,0,1,1.31371,1.31371,0,1.01493,1.90512,8.37568e+06,3.68648e+06,1.10032e+07,0,325614,0,0
79.2679,85.1408,2.00956,0,0.04,3.02239,3.02239,0,0.54072,4.6872,4.03025e+06,2.75803e+06,1.2181e+07,0,362739,0,0,62.338,61.3098,2.58148,0,1,1.38479,1.38479,0,1.01497,1.90512,8.37568e+06,3.68648e+06,1.15986e+07,0,343234,0,0
78.0484,85.1408,1.99515,0,0.04,3.02252,3.02252,0,0.566395,4.6872,4.03025e+06,2.75803e+06,1.21815e+07,0,362755,0,0,62.338,61.3098,2.71023,0,1,1.38485,1.38485,0,1.06989,1.90512,8.37568e+06,3.68648e+06,1.15991e+07,0,343249,0,0
76.7596,85.1408,1.90991,0,0.04,3.02265,3.02265,0,0.56642,4.6872,4.03025e+06,2.75803e+06,1.2182e+07,0,362771,0,0,62.338,61.3098,2.97607,0,1,1.38491,1.38491,0,1.06994,1.90512,8.37568e+06,3.68648e+06,1.15996e+07,0,343263,0,0
75.3135,85.1408,1.76117,0,0.04,3.02278,3.02278,0,0.566445,4.6872,4.03025e+06,2.75803e+06,1.21826e+07,0,362787,0,0,62.338,61.3098,2.82094,0,1,1.38497,1.38497,0,1.06998,1.90512,8.37568e+06,3.68648e+06,1.16001e+07,0,343278,0,0
73.8573,85.1408,1.67752,0,0.04,3.02291,3.02291,0,0.566469,4.6872,4.03025e+06,2.75803e+06,1.21831e+07,0,362803,0,0,62.338,61.3098,2.91604,0,1,1.38504,1.38504,0,1.07003,1.90512,8.37568e+06,3.68648e+06,1.16006e+07,0,343293,0,0
72.3698,85.1408,1.62029,0.01,0.04,2.99597,2.99597,0,0.566494,4.6872,4.03025e+06,2.75803e+06,1.20745e+07,0,359569,0,0,62.338,61.3098,3.34661,0,1,1.42414,1.42414,0,1.07008,1.90512,8.37568e+06,3.68648e+06,1.19282e+07,0,352987,0,0
70.7527,85.1408,1.46512,0.01,0.04,2.9961,2.9961,0,0.561445,4.6872,4.03025e+06,2.75803e+06,1.2075e+07,0,359585,0,0,62.338,61.3098,2.96536,0,1,1.42421,1.42421,0,1.10029,1.90512,8.37568e+06,3.68648e+06,1.19287e+07,0,353002,0,0
69.1115,85.1408,1.39041,0.01,0.04,2.99623,2.99623,0,0.561469,4.6872,4.03025e+06,2.75803e+06,1.20756e+07,0,359600,0,0,62.248,61.3098,2.94443,0,1,1.42427,1.42427,0,1.10034,1.90512,8.37568e+06,3.68648e+06,1.19292e+07,0,353017,0,0
67.3448,85.1408,1.23721,0.01,0.04,2.99636,2.99636,0,0.561494,4.6872,4.03025e+06,2.75803e+06,1.20761e+07,0,359616,0,0,62.1099,61.3098,2.84243,0,1,1.42433,1.42433,0,1.10039,1.90512,8.37568e+06,3.68648e+06,1.19297e+07,0,353033,0,0
65.4621,85.1408,1.13512,0.03,0.04,3.06643,3.06643,0,0.561518,4.6872,4.03025e+06,2.75803e+06,1.23585e+07,0,368025,0,0,61.8621,61.3098,2.51259,0,1,1.4592,1.4592,0,1.10044,1.90512,8.37568e+06,3.68648e+06,1.22218e+07,0,361675,0,0
63.6344,85.1408,1.19103,0.03,0.04,3.06656,3.06656,0,0.574648,4.6872,4.03025e+06,2.75803e+06,1.2359e+07,0,368041,0,0,61.6212,61.3098,2.8229,0,1,1.45926,1.45926,0,1.12738,1.90512,8.37568e+06,3.68648e+06,1.22223e+07,0,361691,0,0
61.7524,85.1408,1.09582,0.03,0.04,3.06669,3.06669,0,0.574673,4.6872,4.03025e+06,2.75803e+06,1.23595e+07,0,368057,0,0,61.3212,61.3098,2.7338,0,1,1.45932,1.45932,0,1.12743,1.90512,8.37568e+06,3.68648e+06,1.22228e+07,0,361707,0,0
59.7994,85.1408,0.997589,0.03,0.04,3.06683,3.06683,0,0.574698,4.6872,4.03025e+06,2.75803e+06,1.23601e+07,0,368073,0,0,60.9939,61.3098,2.3501,0,1,1.45939,1.45939,0,1.12747,1.90512,8.37568e+06,3.68648e+06,1.22234e+07,0,361722,0,0
57.7279,85.1408,1.00633,0.04,0.04,3.27179,3.27179,0,0.574723,4.6872,4.03025e+06,2.75803e+06,1.31861e+07,0,392672,0,0,60.5907,61.3098,2.85698,0,1,1.5851,1.5851,0,1.12752,1.90512,8.37568e+06,3.68648e+06,1.32763e+07,0,392882,0,0
55.3698,85.1408,0.68263,0.05,0.04,3.27193,3.27193,0,0.613133,4.6872,4.03025e+06,2.75803e+06,1.31867e+07,0,392689,0,0,60.0547,61.3098,1.93506,0,1,1.58517,1.58517,0,1.22465,1.90512,8.37568e+06,3.68648e+06,1.32769e+07,0,392900,0,0
53.0314,85.1408,0.664281,0.04,0.04,3.27208,3.27208,0,0.61316,4.6872,4.03025e+06,2.75803e+06,1.31873e+07,0,392706,0,0,59.4978,61.3098,1.82336,0,1,1.58524,1.58524,0,1.22471,1.90512,8.37568e+06,3.68648e+06,1.32775e+07,0,392917,0,0
51.005,85.1408,0.948334,0.04,0.04,3.27222,3.27222,0,0.613187,4.6872,4.03025e+06,2.75803e+06,1.31879e+07,0,392723,0,0,58.9891,61.3098,2.13833,0,1,1.58531,1.58531,0,1.22476,1.90512,8.37568e+06,3.68648e+06,1.32781e+07,0,392934,0,0
49.3814,85.1408,1.37843,0.05,0.04,3.27236,3.27236,0,0.613214,4.6872,4.03025e+06,2.75803e+06,1.31884e+07,0,392741,0,0,58.6085,61.3098,2.40528,0,1,1.58538,1.58538,0,1.22481,1.90512,8.37568e+06,3.68648e+06,1.32786e+07,0,392951,0,0
48.142,85.1408,1.69696,0.05,0.04,3.17266,3.17266,0,0.613241,4.6872,4.03025e+06,2.75803e+06,1.27866e+07,0,380774,0,0,58.5193,61.3098,2.51054,0,1,1.50917,1.50917,0,1.22487,1.90512,8.37568e+06,3.68648e+06,1.26403e+07,0,374061,0,0
46.7515,85.1408,1.5035,0.05,0.04,3.17279,3.17279,0,0.594556,4.6872,4.03025e+06,2.75803e+06,1.27871e+07,0,380791,0,0,58.7419,61.3098,4.01354,0,1,1.50923,1.50923,0,1.16598,1.90512,8.37568e+06,3.68648e+06,1.26409e+07,0,374077,0,0
45.1986,85.1408,1.34358,0.04,0.04,3.17293,3.17293,0,0.594582,4.6872,4.03025e+06,2.75803e+06,1.27877e+07,0,380807,0,0,58.5333,61.3098,2.38829,0,1,1.5093,1.5093,0,1.16603,1.90512,8.37568e+06,3.68648e+06,1.26414e+07,0,374093,0,0
43.4614,85.1408,1.14887,0.04,0.04,3.17307,3.17307,0,0.594608,4.6872,4.03025e+06,2.75803e+06,1.27883e+07,0,380824,0,0,58.2759,61.3098,2.17262,0,1,1.50937,1.50937,0,1.16608,1.90512,8.37568e+06,3.68648e+06,1.2642e+07,0,374110,0,0
43.439,85.1408,3.06238,0.04,0.04,3.09124,3.09124,0,0.594634,4.6872,4.03025e+06,2.75803e+06,1.24585e+07,0,371003,0,0,58.9963,61.3098,5.34089,0,1,1.43998,1.43998,0,1.16614,1.90512,8.37568e+06,3.68648e+06,1.20608e+07,0,356913,0,0
44.5839,85.1408,4.188,0.04,0.04,3.09137,3.09137,0,0.579298,4.6872,4.03025e+06,2.75803e+06,1.2459e+07,0,371019,0,0,60.1392,61.3098,6.47605,0,1,1.44005,1.44005,0,1.11253,1.90512,8.37568e+06,3.68648e+06,1.20614e+07,0,356928,0,0
46.2318,85.1408,4.71635,0.04,0.04,3.09151,3.09151,0,0.579323,4.6872,4.03025e+06,2.75803e+06,1.24595e+07,0,371035,0,0,61.2246,61.3098,5.91708,0,1,1.44011,1.44011,0,1.11258,1.90512,8.37568e+06,3.68648e+06,1.20619e+07,0,356944,0,0
46.804,85.1408,3.73726,0.04,0.04,3.09164,3.09164,0,0.579349,4.6872,4.03025e+06,2.75803e+06,1.24601e+07,0,371051,0,0,62.0502,61.3098,5.07528,0,1,1.44017,1.44017,0,1.11263,1.90512,8.37568e+06,3.68648e+06,1.20624e+07,0,356959,0,0
48.8682,85.1408,5.13714,0.04,0.04,2.85893,2.85893,0,0.579374,4.6872,4.03025e+06,2.75803e+06,1.15222e+07,0,343122,0,0,62.338,61.3098,5.58094,0,1,1.29557,1.29557,0,1.11268,1.90512,8.37568e+06,3.68648e+06,1.08512e+07,0,321118,0,0
49.0171,85.1408,3.1745,0.04,0.04,2.85906,2.85906,0,0.535764,4.6872,4.03025e+06,2.75803e+06,1.15227e+07,0,343137,0,0,62.338,61.3098,3.83584,0,1,1.29562,1.29562,0,1.00096,1.90512,8.37568e+06,3.68648e+06,1.08517e+07,0,321132,0,0
50.2258,85.1408,4.19693,0.04,0.04,2.85918,2.85918,0,0.535787,4.6872,4.03025e+06,2.75803e+06,1.15232e+07,0,343152,0,0,62.338,61.3098,5.07706,0,1,1.29568,1.29568,0,1.001,1.90512,8.37568e+06,3.68648e+06,1.08522e+07,0,321146,0,0
52.9964,85.1408,5.84757,0.04,0.04,2.85931,2.85931,0,0.535811,4.6872,4.03025e+06,2.75803e+06,1.15237e+07,0,343167,0,0,62.338,61.3098,5.03303,0,1,1.29574,1.29574,0,1.00104,1.90512,8.37568e+06,3.68648e+06,1.08527e+07,0,321160,0,0
56.0131,85.1408,6.14693,0.04,0.04,2.85943,2.85943,0,0.535834,4.6872,4.03025e+06,2.75803e+06,1.15242e+07,0,343182,0,0,62.338,61.3098,5.0288,0,1,1.29579,1.29579,0,1.00109,1.90512,8.37568e+06,3.68648e+06,1.08531e+07,0,321174,0,0
61.6191,85.1408,9.00758,0.04,0.04,2.94914,2.94914,0,0.535857,4.6872,4.03025e+06,2.75803e+06,1.18857e+07,0,353948,0,0,62.338,61.3098,5.6534,0,1,1.33775,1.33775,0,1.00113,1.90512,8.37568e+06,3.68648e+06,1.12046e+07,0,331573,0,0
72.8722,85.1408,14.9269,0.03,0.04,2.94925,2.94925,0,0.552668,4.6872,4.03025e+06,2.75803e+06,1.18862e+07,0,353962,0,0,62.338,61.3098,11.8905,0,1,1.3378,1.3378,0,1.03354,1.90512,8.37568e+06,3.68648e+06,1.1205e+07,0,331586,0,0
78.6456,85.1408,9.44126,0.02,0.04,2.94936,2.94936,0,0.552689,4.6872,4.03025e+06,2.75803e+06,1.18867e+07,0,353975,0,0,62.338,61.3098,7.18913,0,1,1.33785,1.33785,0,1.03358,1.90512,8.37568e+06,3.68648e+06,1.12054e+07,0,331599,0,0
84.3439,85.1408,9.46026,0,0.04,2.94948,2.94948,0,0.552711,4.6872,4.03025e+06,2.75803e+06,1.18871e+07,0,353989,0,0,62.338,61.3098,9.21439,0,1,1.3379,1.3379,0,1.03362,1.90512,8.37568e+06,3.68648e+06,1.12059e+07,0,331612,0,0
85.1408,85.1408,8.74808,0,0.04,3.23729,3.23729,0,0.552732,4.6872,4.03025e+06,2.75803e+06,1.30471e+07,0,388531,0,0,62.338,61.3098,8.94945,0,1,1.49527,1.49527,0,1.03366,1.90512,8.37568e+06,3.68648e+06,1.25239e+07,0,370616,0,0
85.1408,85.1408,6.5024,0,0.04,3.23742,3.23742,0,0.606668,4.6872,4.03025e+06,2.75803e+06,1.30476e+07,0,388546,0,0,62.338,61.3098,8.70405,0,1,1.49533,1.49533,0,1.15525,1.90512,8.37568e+06,3.68648e+06,1.25244e+07,0,370631,0,0
85.1408,85.1408,7.11303,0,0.04,3.23754,3.23754,0,0.606692,4.6872,4.03025e+06,2.75803e+06,1.30481e+07,0,388562,0,0,62.338,61.3098,7.78163,0,1,1.49539,1.49539,0,1.15529,1.90512,8.37568e+06,3.68648e+06,1.25249e+07,0,370645,0,0
85.1408,85.1408,5.4901,0,0.04,3.23767,3.23767,0,0.606715,4.6872,4.03025e+06,2.75803e+06,1.30486e+07,0,388577,0,0,62.338,61.3098,7.01895,0,1,1.49545,1.49545,0,1.15534,1.90512,8.37568e+06,3.68648e+06,1.25254e+07,0,370660,0,0
85.1408,85.1408,8.95818,0,0.04,2.82738,2.82738,0,0.606739,4.6872,4.03025e+06,2.75803e+06,1.1395e+07,0,339335,0,0,62.338,61.3098,9.66172,0,1,1.28435,1.28435,0,1.15538,1.90512,8.37568e+06,3.68648e+06,1.07573e+07,0,318338,0,0
85.1408,85.1408,7.97263,0,0.04,2.82749,2.82749,0,0.529851,4.6872,4.03025e+06,2.75803e+06,1.13955e+07,0,339348,0,0,62.338,61.3098,7.98338,0,1,1.2844,1.2844,0,0.99229,1.90512,8.37568e+06,3.68648e+06,1.07577e+07,0,318350,0,0
85.1408,85.1408,8.82816,0,0.04,2.8276,2.8276,0,0.529872,4.6872,4.03025e+06,2.75803e+06,1.13959e+07,0,339361,0,0,62.338,61.3098,11.3051,0,1,1.28445,1.28445,0,0.992329,1.90512,8.37568e+06,3.68648e+06,1.07581e+07,0,318363,0,0
85.1408,85.1408,9.70632,0,0.04,2.82771,2.82771,0,0.529892,4.6872,4.03025e+06,2.75803e+06,1.13964e+07,0,339375,0,0,62.338,61.3098,11.2267,0,1,1.2845,1.2845,0,0.992367,1.90512,8.37568e+06,3.68648e+06,1.07586e+07,0,318375,0,0
85.1408,85.1408,8.98282,0,0.04,2.82782,2.82782,0,0.529913,4.6872,4.03025e+06,2.75803e+06,1.13968e+07,0,339388,0,0,62.338,61.3098,9.7634,0,1,1.28455,1.28455,0,0.992406,1.90512,8.37568e+06,3.68648e+06,1.0759e+07,0,318387,0,0
85.1408,85.1408,11.0718,0,0.04,2.93126,2.93126,0,0.529933,4.6872,4.03025e+06,2.75803e+06,1.18137e+07,0,351802,0,0,62.338,61.3098,13.2442,0,1,1.33627,1.33627,0,0.992444,1.90512,8.37568e+06,3.68648e+06,1.11921e+07,0,331206,0,0
85.1408,85.1408,8.70254,0,0.04,2.93137,2.93137,0,0.549317,4.6872,4.03025e+06,2.75803e+06,1.18141e+07,0,351816,0,0,62.338,61.3098,11.0051,0,1,1.33632,1.33632,0,1.0324,1.90512,8.37568e+06,3.68648e+06,1.11926e+07,0,331218,0,0
85.1408,85.1408,6.9016,0,0.04,2.93148,2.93148,0,0.549339,4.6872,4.03025e+06,2.75803e+06,1.18146e+07,0,351829,0,0,62.338,61.3098,8.60087,0,1,1.33637,1.33637,0,1.03244,1.90512,8.37568e+06,3.68648e+06,1.1193e+07,0,331231,0,0
85.1408,85.1408,6.22549,0,0.04,2.9316,2.9316,0,0.54936,4.6872,4.03025e+06,2.75803e+06,1.18151e+07,0,351843,0,0,62.338,61.3098,7.65459,0,1,1.33642,1.33642,0,1.03248,1.90512,8.37568e+06,3.68648e+06,1.11934e+07,0,331244,0,0
85.1408,85.1408,5.58005,0,0.04,2.8913,2.8913,0,0.549381,4.6872,4.03025e+06,2.75803e+06,1.16527e+07,0,347007,0,0,62.338,61.3098,5.4346,0,1,1.3164,1.3164,0,1.03252,1.90512,8.37568e+06,3.68648e+06,1.10258e+07,0,326283,0,0
85.1408,85.1408,5.07828,0,0.04,2.89142,2.89142,0,0.54183,4.6872,4.03025e+06,2.75803e+06,1.16531e+07,0,347021,0,0,62.338,61.3098,4.81904,0,1,1.31646,1.31646,0,1.01705,1.90512,8.37568e+06,3.68648e+06,1.10262e+07,0,326295,0,0
85.1408,85.1408,5.50807,0,0.04,2.89153,2.89153,0,0.541851,4.6872,4.03025e+06,2.75803e+06,1.16536e+07,0,347034,0,0,62.338,61.3098,4.13161,0,1,1.31651,1.31651,0,1.01709,1.90512,8.37568e+06,3.68648e+06,1.10266e+07,0,326308,0,0
85.1408,85.1408,4.97112,0,0.04,2.89164,2.89164,0,0.541872,4.6872,4.03025e+06,2.75803e+06,1.1654e+07,0,347047,0,0,62.338,61.3098,4.21469,0,1,1.31656,1.31656,0,1.01713,1.90512,8.37568e+06,3.68648e+06,1.10271e+07,0,326321,0,0
85.1408,85.1408,4.53865,0,0.04,3.02893,3.02893,0,0.541893,4.6872,4.03025e+06,2.75803e+06,1.22073e+07,0,363524,0,0,62.338,61.3098,4.19789,0,1,1.38779,1.38779,0,1.01717,1.90512,8.37568e+06,3.68648e+06,1.16237e+07,0,343976,0,0
85.1408,85.1408,4.88283,0,0.04,3.02905,3.02905,0,0.567621,4.6872,4.03025e+06,2.75803e+06,1.22078e+07,0,363538,0,0,62.338,61.3098,3.7364,0,1,1.38784,1.38784,0,1.07221,1.90512,8.37568e+06,3.68648e+06,1.16241e+07,0,343990,0,0
85.1408,85.1408,4.51418,0,0.04,3.02916,3.02916,0,0.567643,4.6872,4.03025e+06,2.75803e+06,1.22083e+07,0,363553,0,0,62.338,61.3098,3.1029,0,1,1.3879,1.3879,0,1.07225,1.90512,8.37568e+06,3.68648e+06,1.16246e+07,0,344003,0,0
85.1408,85.1408,4.06676,0,0.04,3.02928,3.02928,0,0.567665,4.6872,4.03025e+06,2.75803e+06,1.22088e+07,0,363567,0,0,62.338,61.3098,2.71013,0,1,1.38795,1.38795,0,1.07229,1.90512,8.37568e+06,3.68648e+06,1.1625e+07,0,344016,0,0
85.1408,85.1408,3.64003,0,0.04,3.0294,3.0294,0,0.567687,4.6872,4.03025e+06,2.75803e+06,1.22092e+07,0,363581,0,0,62.338,61.3098,2.84111,0,1,1.38801,1.38801,0,1.07233,1.90512,8.37568e+06,3.68648e+06,1.16255e+07,0,344030,0,0
84.948,85.1408,2.91509,0,0.04,3.00238,3.00238,0,0.567709,4.6872,4.03025e+06,2.75803e+06,1.21003e+07,0,360338,0,0,62.338,61.3098,2.5081,0,1,1.42719,1.42719,0,1.07237,1.90512,8.37568e+06,3.68648e+06,1.19537e+07,0,353742,0,0
84.6053,85.1408,2.76461,0,0.04,3.0025,3.0025,0,0.562646,4.6872,4.03025e+06,2.75803e+06,1.21008e+07,0,360352,0,0,62.338,61.3098,2.33763,0,1,1.42725,1.42725,0,1.10265,1.90512,8.37568e+06,3.68648e+06,1.19542e+07,0,353756,0,0
84.0285,85.1408,2.52578,0,0.04,3.00262,3.00262,0,0.562668,4.6872,4.03025e+06,2.75803e+06,1.21013e+07,0,360366,0,0,62.338,61.3098,2.34974,0,1,1.4273,1.4273,0,1.10269,1.90512,8.37568e+06,3.68648e+06,1.19546e+07,0,353770,0,0
83.2172,85.1408,2.27936,0,0.04,3.00273,3.00273,0,0.56269,4.6872,4.03025e+06,2.75803e+06,1.21018e+07,0,360380,0,0,62.2281,61.3098,2.09495,0,1,1.42736,1.42736,0,1.10273,1.90512,8.37568e+06,3.68648e+06,1.19551e+07,0,353783,0,0
82.1986,85.1408,2.09963,0,0.04,3.07293,3.07293,0,0.562712,4.6872,4.03025e+06,2.75803e+06,1.23847e+07,0,368805,0,0,62.0888,61.3098,1.78698,0,1,1.46229,1.46229,0,1.10278,1.90512,8.37568e+06,3.68648e+06,1.22477e+07,0,362442,0,0
81.4336,85.1408,2.35666,0,0.04,3.07305,3.07305,0,0.575867,4.6872,4.03025e+06,2.75803e+06,1.23851e+07,0,368819,0,0,62.0884,61.3098,2.09417,0,1,1.46235,1.46235,0,1.12977,1.90512,8.37568e+06,3.68648e+06,1.22482e+07,0,362456,0,0
80.4947,85.1408,2.15876,0,0.04,3.07317,3.07317,0,0.575889,4.6872,4.03025e+06,2.75803e+06,1.23856e+07,0,368834,0,0,61.9367,61.3098,2.06145,0,1,1.46241,1.46241,0,1.12981,1.90512,8.37568e+06,3.68648e+06,1.22486e+07,0,362470,0,0
79.3871,85.1408,1.97975,0.01,0.04,3.07329,3.07329,0,0.575912,4.6872,4.03025e+06,2.75803e+06,1.23861e+07,0,368848,0,0,61.7753,61.3098,1.80757,0,1,1.46246,1.46246,0,1.12985,1.90512,8.37568e+06,3.68648e+06,1.22491e+07,0,362484,0,0
78.1742,85.1408,2.03058,0.01,0.04,3.27867,3.27867,0,0.575934,4.6872,4.03025e+06,2.75803e+06,1.32138e+07,0,393497,0,0,61.2342,61.3098,2.03012,0,1,1.58844,1.58844,0,1.1299,1.90512,8.37568e+06,3.68648e+06,1.33042e+07,0,393708,0,0
76.6639,85.1408,1.73445,0.01,0.04,3.27879,3.27879,0,0.614422,4.6872,4.03025e+06,2.75803e+06,1.32143e+07,0,393512,0,0,60.7674,61.3098,1.40359,0,1,1.5885,1.5885,0,1.22723,1.90512,8.37568e+06,3.68648e+06,1.33047e+07,0,393723,0,0
75.3651,85.1408,1.94865,0.01,0.04,3.27892,3.27892,0,0.614446,4.6872,4.03025e+06,2.75803e+06,1.32149e+07,0,393528,0,0,60.0853,61.3098,1.7505,0,1,1.58856,1.58856,0,1.22727,1.90512,8.37568e+06,3.68648e+06,1.33053e+07,0,393738,0,0
73.6856,85.1408,1.56053,0.03,0.04,3.27905,3.27905,0,0.61447,4.6872,4.03025e+06,2.75803e+06,1.32154e+07,0,393543,0,0,59.629,61.3098,1.26155,0,1,1.58862,1.58862,0,1.22732,1.90512,8.37568e+06,3.68648e+06,1.33058e+07,0,393754,0,0
72.3704,85.1408,1.90117,0.03,0.04,3.27917,3.27917,0,0.614493,4.6872,4.03025e+06,2.75803e+06,1.32159e+07,0,393558,0,0,59.3864,61.3098,2.20177,0,1,1.58868,1.58868,0,1.22737,1.90512,8.37568e+06,3.68648e+06,1.33063e+07,0,393769,0,0
71.5819,85.1408,2.36042,0.03,0.04,3.17925,3.17925,0,0.614517,4.6872,4.03025e+06,2.75803e+06,1.28131e+07,0,381565,0,0,58.7108,61.3098,1.76233,0,1,1.5123,1.5123,0,1.22742,1.90512,8.37568e+06,3.68648e+06,1.26666e+07,0,374838,0,0
69.9347,85.1408,1.4661,0.03,0.04,3.17937,3.17937,0,0.595791,4.6872,4.03025e+06,2.75803e+06,1.28136e+07,0,381580,0,0,57.8963,61.3098,1.13168,0,1,1.51236,1.51236,0,1.1684,1.90512,8.37568e+06,3.68648e+06,1.2667e+07,0,374852,0,0
68.6268,85.1408,1.81058,0.03,0.04,3.17949,3.17949,0,0.595814,4.6872,4.03025e+06,2.75803e+06,1.28141e+07,0,381595,0,0,57.697,61.3098,1.27498,0,1,1.51242,1.51242,0,1.16845,1.90512,8.37568e+06,3.68648e+06,1.26675e+07,0,374867,0,0
70.3468,85.1408,4.95836,0.03,0.04,3.17962,3.17962,0,0.595837,4.6872,4.03025e+06,2.75803e+06,1.28146e+07,0,381609,0,0,57.5949,61.3098,2.76954,0,1,1.51248,1.51248,0,1.1685,1.90512,8.37568e+06,3.68648e+06,1.2668e+07,0,374881,0,0
69.4099,85.1408,2.19127,0.03,0.04,3.0976,3.0976,0,0.59586,4.6872,4.03025e+06,2.75803e+06,1.24841e+07,0,371766,0,0,57.4277,61.3098,1.4949,0,1,1.44295,1.44295,0,1.16854,1.90512,8.37568e+06,3.68648e+06,1.20856e+07,0,357647,0,0
68.888,85.1408,2.62445,0.02,0.04,3.09772,3.09772,0,0.58049,4.6872,4.03025e+06,2.75803e+06,1.24846e+07,0,371780,0,0,57.0613,61.3098,1.79203,0,1,1.443,1.443,0,1.11482,1.90512,8.37568e+06,3.68648e+06,1.20861e+07,0,357661,0,0
68.4588,85.1408,2.79023,0.01,0.04,3.09784,3.09784,0,0.580512,4.6872,4.03025e+06,2.75803e+06,1.24851e+07,0,371795,0,0,56.8746,61.3098,1.32557,0,1,1.44306,1.44306,0,1.11486,1.90512,8.37568e+06,3.68648e+06,1.20866e+07,0,357675,0,0
68.4775,85.1408,3.2564,0.02,0.04,3.09796,3.09796,0,0.580535,4.6872,4.03025e+06,2.75803e+06,1.24855e+07,0,371809,0,0,57.0976,61.3098,2.91596,0,1,1.44311,1.44311,0,1.11491,1.90512,8.37568e+06,3.68648e+06,1.2087e+07,0,357688,0,0
73.5239,85.1408,8.40632,0.02,0.04,2.86476,2.86476,0,0.580557,4.6872,4.03025e+06,2.75803e+06,1.15457e+07,0,343821,0,0,58.5488,61.3098,5.85076,0,1,1.29821,1.29821,0,1.11495,1.90512,8.37568e+06,3.68648e+06,1.08734e+07,0,321772,0,0
75.0135,85.1408,4.76864,0.02,0.04,2.86487,2.86487,0,0.536856,4.6872,4.03025e+06,2.75803e+06,1.15461e+07,0,343834,0,0,58.8094,61.3098,2.8427,0,1,1.29826,1.29826,0,1.00299,1.90512,8.37568e+06,3.68648e+06,1.08738e+07,0,321785,0,0
77.2532,85.1408,5.79599,0.02,0.04,2.86498,2.86498,0,0.536877,4.6872,4.03025e+06,2.75803e+06,1.15466e+07,0,343848,0,0,59.3302,61.3098,3.78787,0,1,1.29831,1.29831,0,1.00303,1.90512,8.37568e+06,3.68648e+06,1.08742e+07,0,321797,0,0
80.1571,85.1408,6.38617,0,0.04,2.86509,2.86509,0,0.536897,4.6872,4.03025e+06,2.75803e+06,1.1547e+07,0,343861,0,0,59.8589,61.3098,3.66675,0,1,1.29836,1.29836,0,1.00307,1.90512,8.37568e+06,3.68648e+06,1.08746e+07,0,321810,0,0
84.0214,85.1408,7.3666,0,0.04,2.8652,2.8652,0,0.536918,4.6872,4.03025e+06,2.75803e+06,1.15475e+07,0,343874,0,0,60.8314,61.3098,4.25154,0,1,1.29841,1.29841,0,1.00311,1.90512,8.37568e+06,3.68648e+06,1.08751e+07,0,321822,0,0
85.1408,85.1408,4.49728,0,0.04,2.8652,2.8652,0,0.536939,4.6872,4.03025e+06,2.75803e+06,1.15475e+07,0,343874,0,0,61.0724,61.3098,2.58921,0,1,1.29841,1.29841,0,1.00315,1.90512,8.37568e+06,3.68648e+06,1.08751e+07,0,321822,0,0
85.1408,85.1408,3.95977,0,0.06,2.95507,2.95507,0,0.536939,4.6872,4.03025e+06,2.75803e+06,1.19097e+07,0,354661,0,0,61.0455,61.3098,2.04718,0,1,1.34044,1.34044,0,1.00315,1.90512,8.37568e+06,3.68648e+06,1.12271e+07,0,332241,0,0
84.27,85.1408,2.50923,0,0.06,2.95517,2.95517,0,0.553781,4.6872,4.03025e+06,2.75803e+06,1.19101e+07,0,354673,0,0,60.8278,61.3098,2.01864,0,1,1.34049,1.34049,0,1.03563,1.90512,8.37568e+06,3.68648e+06,1.12275e+07,0,332252,0,0
82.9521,85.1408,2.10384,0,0.06,2.95527,2.95527,0,0.5538,4.6872,4.03025e+06,2.75803e+06,1.19105e+07,0,354685,0,0,60.5853,61.3098,1.78381,0,1,1.34053,1.34053,0,1.03566,1.90512,8.37568e+06,3.68648e+06,1.12279e+07,0,332263,0,0
82.0513,85.1408,2.48266,0,0.06,2.95538,2.95538,0,0.553818,4.6872,4.03025e+06,2.75803e+06,1.19109e+07,0,354697,0,0,60.5139,61.3098,1.84484,0,1,1.34058,1.34058,0,1.0357,1.90512,8.37568e+06,3.68648e+06,1.12283e+07,0,332275,0,0
81.7947,85.1408,3.41642,0,0.06,3.24375,3.24375,0,0.553837,4.6872,4.03025e+06,2.75803e+06,1.30731e+07,0,389306,0,0,60.4688,61.3098,2.00832,0,1,1.49825,1.49825,0,1.03573,1.90512,8.37568e+06,3.68648e+06,1.25489e+07,0,371356,0,0
82.057,85.1408,3.98347,0,0.06,3.24386,3.24386,0,0.607878,4.6872,4.03025e+06,2.75803e+06,1.30735e+07,0,389319,0,0,60.3766,61.3098,2.19201,0,1,1.4983,1.4983,0,1.15755,1.90512,8.37568e+06,3.68648e+06,1.25493e+07,0,371368,0,0
82.3686,85.1408,4.03995,0,0.06,3.24397,3.24397,0,0.607899,4.6872,4.03025e+06,2.75803e+06,1.3074e+07,0,389333,0,0,60.3403,61.3098,2.1872,0,1,1.49836,1.49836,0,1.15759,1.90512,8.37568e+06,3.68648e+06,1.25497e+07,0,371381,0,0
82.62,85.1408,3.92957,0,0.06,3.24408,3.24408,0,0.607919,4.6872,4.03025e+06,2.75803e+06,1.30744e+07,0,389346,0,0,60.4274,61.3098,2.29891,0,1,1.49841,1.49841,0,1.15763,1.90512,8.37568e+06,3.68648e+06,1.25502e+07,0,371393,0,0
84.6251,85.1408,5.33552,0,0.06,2.83296,2.83296,0,0.60794,4.6872,4.03025e+06,2.75803e+06,1.14175e+07,0,340005,0,0,61.3903,61.3098,3.99872,0,1,1.28689,1.28689,0,1.15767,1.90512,8.37568e+06,3.68648e+06,1.07786e+07,0,318967,0,0
85.1408,85.1408,4.69724,0,0.06,2.83306,2.83306,0,0.530898,4.6872,4.03025e+06,2.75803e+06,1.14179e+07,0,340017,0,0,61.663,61.3098,2.51401,0,1,1.28693,1.28693,0,0.99425,1.90512,8.37568e+06,3.68648e+06,1.07789e+07,0,318978,0,0
85.1408,85.1408,3.87571,0,0.06,2.83316,2.83316,0,0.530916,4.6872,4.03025e+06,2.75803e+06,1.14183e+07,0,340028,0,0,61.9665,61.3098,2.26391,0,1,1.28698,1.28698,0,0.994284,1.90512,8.37568e+06,3.68648e+06,1.07793e+07,0,318988,0,0
85.1408,85.1408,6.03209,0,0.06,2.83325,2.83325,0,0.530934,4.6872,4.03025e+06,2.75803e+06,1.14187e+07,0,340040,0,0,62.338,61.3098,3.52455,0,1,1.28702,1.28702,0,0.994317,1.90512,8.37568e+06,3.68648e+06,1.07797e+07,0,318999,0,0
85.1408,85.1408,7.27513,0,0.06,2.83335,2.83335,0,0.530952,4.6872,4.03025e+06,2.75803e+06,1.14191e+07,0,340051,0,0,62.338,61.3098,3.46866,0,1,1.28706,1.28706,0,0.994351,1.90512,8.37568e+06,3.68648e+06,1.078e+07,0,319010,0,0
85.1408,85.1408,5.78619,0,0.06,2.93697,2.93697,0,0.53097,4.6872,4.03025e+06,2.75803e+06,1.18367e+07,0,352488,0,0,62.338,61.3098,3.32786,0,1,1.33887,1.33887,0,0.994385,1.90512,8.37568e+06,3.68648e+06,1.1214e+07,0,331852,0,0
85.1408,85.1408,4.19209,0,0.06,2.93707,2.93707,0,0.550389,4.6872,4.03025e+06,2.75803e+06,1.18371e+07,0,352500,0,0,62.338,61.3098,2.76547,0,1,1.33892,1.33892,0,1.03441,1.90512,8.37568e+06,3.68648e+06,1.12143e+07,0,331863,0,0
85.1408,85.1408,3.67632,0,0.06,2.93717,2.93717,0,0.550408,4.6872,4.03025e+06,2.75803e+06,1.18375e+07,0,352512,0,0,62.2797,61.3098,2.43688,0,1,1.33896,1.33896,0,1.03445,1.90512,8.37568e+06,3.68648e+06,1.12147e+07,0,331874,0,0
85.1408,85.1408,3.37912,0,0.06,2.93727,2.93727,0,0.550426,4.6872,4.03025e+06,2.75803e+06,1.18379e+07,0,352524,0,0,61.83,61.3098,2.2187,0,1,1.33901,1.33901,0,1.03448,1.90512,8.37568e+06,3.68648e+06,1.12151e+07,0,331885,0,0
84.5007,85.1408,2.51233,0,0.06,2.89689,2.89689,0,0.550445,4.6872,4.03025e+06,2.75803e+06,1.16752e+07,0,347677,0,0,61.4001,61.3098,1.61354,0,1,1.31895,1.31895,0,1.03452,1.90512,8.37568e+06,3.68648e+06,1.10471e+07,0,326913,0,0
83.5533,85.1408,2.17543,0,0.06,2.89699,2.89699,0,0.542877,4.6872,4.03025e+06,2.75803e+06,1.16756e+07,0,347689,0,0,61.0821,61.3098,1.60509,0,1,1.31899,1.31899,0,1.01902,1.90512,8.37568e+06,3.68648e+06,1.10474e+07,0,326924,0,0
82.9505,85.1408,2.51829,0,0.06,2.89708,2.89708,0,0.542895,4.6872,4.03025e+06,2.75803e+06,1.1676e+07,0,347701,0,0,60.8796,61.3098,1.6406,0,1,1.31904,1.31904,0,1.01905,1.90512,8.37568e+06,3.68648e+06,1.10478e+07,0,326935,0,0
82.6694,85.1408,2.84303,0,0.06,2.89718,2.89718,0,0.542914,4.6872,4.03025e+06,2.75803e+06,1.16764e+07,0,347713,0,0,60.5355,61.3098,1.74535,0,1,1.31908,1.31908,0,1.01909,1.90512,8.37568e+06,3.68648e+06,1.10482e+07,0,326946,0,0
81.479,85.1408,1.99453,0,0.06,3.03472,3.03472,0,0.542932,4.6872,4.03025e+06,2.75803e+06,1.22307e+07,0,364219,0,0,59.9114,61.3098,1.48983,0,1,1.39044,1.39044,0,1.01912,1.90512,8.37568e+06,3.68648e+06,1.16459e+07,0,344634,0,0
80.1818,85.1408,1.87296,0,0.06,3.03482,3.03482,0,0.568706,4.6872,4.03025e+06,2.75803e+06,1.22311e+07,0,364232,0,0,59.2701,61.3098,1.37741,0,1,1.39049,1.39049,0,1.07426,1.90512,8.37568e+06,3.68648e+06,1.16463e+07,0,344646,0,0
78.7462,85.1408,1.71344,0,0.06,3.03493,3.03493,0,0.568726,4.6872,4.03025e+06,2.75803e+06,1.22315e+07,0,364244,0,0,58.5604,61.3098,1.24824,0,1,1.39054,1.39054,0,1.07429,1.90512,8.37568e+06,3.68648e+06,1.16467e+07,0,344658,0,0
77.2478,85.1408,1.58708,0,0.06,3.03503,3.03503,0,0.568745,4.6872,4.03025e+06,2.75803e+06,1.22319e+07,0,364256,0,0,58.0286,61.3098,1.20145,0,1,1.39059,1.39059,0,1.07433,1.90512,8.37568e+06,3.68648e+06,1.16471e+07,0,344669,0,0
76.2188,85.1408,2.06471,0,0.06,3.03513,3.03513,0,0.568764,4.6872,4.03025e+06,2.75803e+06,1.22323e+07,0,364269,0,0,57.6125,61.3098,1.52591,0,1,1.39063,1.39063,0,1.07437,1.90512,8.37568e+06,3.68648e+06,1.16475e+07,0,344681,0,0
75.1684,85.1408,2.00793,0.01,0.06,3.00805,3.00805,0,0.568784,4.6872,4.03025e+06,2.75803e+06,1.21232e+07,0,361019,0,0,57.2627,61.3098,1.54205,0,1,1.42989,1.42989,0,1.0744,1.90512,8.37568e+06,3.68648e+06,1.19763e+07,0,354410,0,0
73.9934,85.1408,1.86705,0.01,0.06,3.00815,3.00815,0,0.563709,4.6872,4.03025e+06,2.75803e+06,1.21236e+07,0,361031,0,0,56.8798,61.3098,1.59531,0,1,1.42993,1.42993,0,1.10473,1.90512,8.37568e+06,3.68648e+06,1.19767e+07,0,354422,0,0
72.7722,85.1408,1.80275,0.01,0.06,3.00825,3.00825,0,0.563728,4.6872,4.03025e+06,2.75803e+06,1.2124e+07,0,361043,0,0,56.3997,61.3098,1.53626,0,1,1.42998,1.42998,0,1.10477,1.90512,8.37568e+06,3.68648e+06,1.19771e+07,0,354434,0,0
71.5815,85.1408,1.81772,0.01,0.06,3.00836,3.00836,0,0.563747,4.6872,4.03025e+06,2.75803e+06,1.21244e+07,0,361055,0,0,55.9305,61.3098,1.48602,0,1,1.43003,1.43003,0,1.1048,1.90512,8.37568e+06,3.68648e+06,1.19775e+07,0,354446,0,0
70.4123,85.1408,1.87911,0.01,0.06,3.07867,3.07867,0,0.563766,4.6872,4.03025e+06,2.75803e+06,1.24078e+07,0,369494,0,0,55.436,61.3098,1.55675,0,1,1.46502,1.46502,0,1.10484,1.90512,8.37568e+06,3.68648e+06,1.22706e+07,0,363119,0,0
69.0738,85.1408,1.69444,0.01,0.06,3.07877,3.07877,0,0.576943,4.6872,4.03025e+06,2.75803e+06,1.24082e+07,0,369507,0,0,54.8504,61.3098,1.49007,0,1,1.46507,1.46507,0,1.13188,1.90512,8.37568e+06,3.68648e+06,1.2271e+07,0,363132,0,0
67.6028,85.1408,1.54472,0.02,0.06,3.07888,3.07888,0,0.576962,4.6872,4.03025e+06,2.75803e+06,1.24086e+07,0,369519,0,0,54.2348,61.3098,1.37779,0,1,1.46512,1.46512,0,1.13192,1.90512,8.37568e+06,3.68648e+06,1.22714e+07,0,363144,0,0
65.9621,85.1408,1.34437,0.04,0.06,3.07898,3.07898,0,0.576982,4.6872,4.03025e+06,2.75803e+06,1.24091e+07,0,369532,0,0,53.6067,61.3098,1.36613,0,1,1.46517,1.46517,0,1.13195,1.90512,8.37568e+06,3.68648e+06,1.22718e+07,0,363156,0,0
63.9543,85.1408,1.12049,0.04,0.06,3.28473,3.28473,0,0.577001,4.6872,4.03025e+06,2.75803e+06,1.32383e+07,0,394225,0,0,52.7397,61.3098,1.28294,0,1,1.59137,1.59137,0,1.13199,1.90512,8.37568e+06,3.68648e+06,1.33288e+07,0,394436,0,0
61.9453,85.1408,1.09201,0.04,0.06,3.28484,3.28484,0,0.615558,4.6872,4.03025e+06,2.75803e+06,1.32387e+07,0,394238,0,0,52.0132,61.3098,1.2071,0,1,1.59143,1.59143,0,1.22949,1.90512,8.37568e+06,3.68648e+06,1.33293e+07,0,394449,0,0
60.4236,85.1408,1.56607,0.04,0.06,3.28495,3.28495,0,0.615579,4.6872,4.03025e+06,2.75803e+06,1.32392e+07,0,394251,0,0,51.4281,61.3098,1.41017,0,1,1.59148,1.59148,0,1.22954,1.90512,8.37568e+06,3.68648e+06,1.33297e+07,0,394463,0,0
59.5536,85.1408,2.2713,0.04,0.06,3.28506,3.28506,0,0.6156,4.6872,4.03025e+06,2.75803e+06,1.32396e+07,0,394265,0,0,50.851,61.3098,1.63862,0,1,1.59153,1.59153,0,1.22958,1.90512,8.37568e+06,3.68648e+06,1.33302e+07,0,394476,0,0
57.7168,85.1408,1.24129,0.04,0.06,3.28517,3.28517,0,0.615621,4.6872,4.03025e+06,2.75803e+06,1.32401e+07,0,394278,0,0,49.7219,61.3098,1.39157,0,1,1.59159,1.59159,0,1.22962,1.90512,8.37568e+06,3.68648e+06,1.33306e+07,0,394489,0,0
55.6103,85.1408,0.842777,0.04,0.06,3.18505,3.18505,0,0.615641,4.6872,4.03025e+06,2.75803e+06,1.28365e+07,0,382261,0,0,48.3521,61.3098,0.64976,0,1,1.51506,1.51506,0,1.22966,1.90512,8.37568e+06,3.68648e+06,1.26897e+07,0,375522,0,0
53.5104,85.1408,0.816917,0.04,0.06,3.18515,3.18515,0,0.596878,4.6872,4.03025e+06,2.75803e+06,1.2837e+07,0,382274,0,0,47.1322,61.3098,0.596694,0,1,1.51511,1.51511,0,1.17054,1.90512,8.37568e+06,3.68648e+06,1.26901e+07,0,375534,0,0
52.1197,85.1408,1.6738,0.04,0.06,3.18526,3.18526,0,0.596898,4.6872,4.03025e+06,2.75803e+06,1.28374e+07,0,382287,0,0,46.4516,61.3098,1.0129,0,1,1.51516,1.51516,0,1.17058,1.90512,8.37568e+06,3.68648e+06,1.26905e+07,0,375547,0,0
51.6193,85.1408,2.53856,0.04,0.06,3.18537,3.18537,0,0.596918,4.6872,4.03025e+06,2.75803e+06,1.28378e+07,0,382300,0,0,45.6167,61.3098,1.16532,0,1,1.51522,1.51522,0,1.17062,1.90512,8.37568e+06,3.68648e+06,1.2691e+07,0,375560,0,0
50.1716,85.1408,1.44493,0.04,0.06,3.10319,3.10319,0,0.596939,4.6872,4.03025e+06,2.75803e+06,1.25066e+07,0,372437,0,0,45.2211,61.3098,0.88589,0,1,1.44555,1.44555,0,1.17066,1.90512,8.37568e+06,3.68648e+06,1.21075e+07,0,358293,0,0
48.7891,85.1408,1.48677,0.04,0.06,3.1033,3.1033,0,0.581538,4.6872,4.03025e+06,2.75803e+06,1.25071e+07,0,372450,0,0,44.9421,61.3098,1.62164,0,1,1.4456,1.4456,0,1.11683,1.90512,8.37568e+06,3.68648e+06,1.21079e+07,0,358305,0,0
49.9832,85.1408,4.18794,0.04,0.06,3.1034,3.1034,0,0.581558,4.6872,4.03025e+06,2.75803e+06,1.25075e+07,0,372462,0,0,44.97,61.3098,3.64224,0,1,1.44565,1.44565,0,1.11687,1.90512,8.37568e+06,3.68648e+06,1.21083e+07,0,358317,0,0
49.71,85.1408,2.69126,0.04,0.06,3.10351,3.10351,0,0.581577,4.6872,4.03025e+06,2.75803e+06,1.25079e+07,0,372475,0,0,45.0122,61.3098,1.55976,0,1,1.4457,1.4457,0,1.11691,1.90512,8.37568e+06,3.68648e+06,1.21087e+07,0,358329,0,0
49.1768,85.1408,2.34754,0.04,0.06,2.86987,2.86987,0,0.581597,4.6872,4.03025e+06,2.75803e+06,1.15663e+07,0,344435,0,0,45.1782,61.3098,2.50113,0,1,1.30053,1.30053,0,1.11695,1.90512,8.37568e+06,3.68648e+06,1.08928e+07,0,322347,0,0
48.7863,85.1408,2.48191,0.04,0.06,2.86997,2.86997,0,0.537814,4.6872,4.03025e+06,2.75803e+06,1.15667e+07,0,344447,0,0,45.3273,61.3098,2.30726,0,1,1.30057,1.30057,0,1.00479,1.90512,8.37568e+06,3.68648e+06,1.08932e+07,0,322358,0,0
48.0213,85.1408,2.09976,0.04,0.06,2.87007,2.87007,0,0.537833,4.6872,4.03025e+06,2.75803e+06,1.15671e+07,0,344458,0,0,45.4614,61.3098,2.20401,0,1,1.30061,1.30061,0,1.00482,1.90512,8.37568e+06,3.68648e+06,1.08935e+07,0,322369,0,0
48.5216,85.1408,3.33658,0.05,0.06,2.87017,2.87017,0,0.537851,4.6872,4.03025e+06,2.75803e+06,1.15675e+07,0,344470,0,0,45.5747,61.3098,2.50521,0,1,1.30066,1.30066,0,1.00485,1.90512,8.37568e+06,3.68648e+06,1.08939e+07,0,322380,0,0
51.7811,85.1408,6.31794,0.05,0.06,2.87026,2.87026,0,0.537869,4.6872,4.03025e+06,2.75803e+06,1.15679e+07,0,344482,0,0,47.0052,61.3098,6.12655,0,1,1.3007,1.3007,0,1.00489,1.90512,8.37568e+06,3.68648e+06,1.08943e+07,0,322391,0,0
57.6837,85.1408,9.31369,0.04,0.06,2.96028,2.96028,0,0.537888,4.6872,4.03025e+06,2.75803e+06,1.19307e+07,0,355285,0,0,50.9436,61.3098,12.4356,0,1,1.3428,1.3428,0,1.00492,1.90512,8.37568e+06,3.68648e+06,1.12469e+07,0,332826,0,0
62.9311,85.1408,8.70659,0.05,0.06,2.96037,2.96037,0,0.554757,4.6872,4.03025e+06,2.75803e+06,1.1931e+07,0,355296,0,0,54.4769,61.3098,8.84726,0,1,1.34284,1.34284,0,1.03745,1.90512,8.37568e+06,3.68648e+06,1.12472e+07,0,332836,0,0
67.2749,85.1408,7.82613,0.03,0.06,2.96045,2.96045,0,0.554773,4.6872,4.03025e+06,2.75803e+06,1.19314e+07,0,355306,0,0,56.2154,61.3098,6.03711,0,1,1.34288,1.34288,0,1.03748,1.90512,8.37568e+06,3.68648e+06,1.12475e+07,0,332845,0,0
70.2417,85.1408,6.4543,0.03,0.06,2.96054,2.96054,0,0.554789,4.6872,4.03025e+06,2.75803e+06,1.19317e+07,0,355317,0,0,58.774,61.3098,7.19708,0,1,1.34292,1.34292,0,1.03751,1.90512,8.37568e+06,3.68648e+06,1.12479e+07,0,332855,0,0
75.3358,85.1408,9.04787,0.01,0.06,3.2494,3.2494,0,0.554805,4.6872,4.03025e+06,2.75803e+06,1.30959e+07,0,389985,0,0,62.338,61.3098,11.168,0,1,1.50086,1.50086,0,1.03754,1.90512,8.37568e+06,3.68648e+06,1.25708e+07,0,372003,0,0
77.696,85.1408,6.17375,0.01,0.06,3.24949,3.24949,0,0.608937,4.6872,4.03025e+06,2.75803e+06,1.30963e+07,0,389996,0,0,62.338,61.3098,7.87454,0,1,1.50091,1.50091,0,1.15957,1.90512,8.37568e+06,3.68648e+06,1.25711e+07,0,372014,0,0
80.3279,85.1408,6.36314,0,0.06,3.24959,3.24959,0,0.608955,4.6872,4.03025e+06,2.75803e+06,1.30966e+07,0,390007,0,0,62.338,61.3098,6.26116,0,1,1.50095,1.50095,0,1.1596,1.90512,8.37568e+06,3.68648e+06,1.25715e+07,0,372024,0,0
81.0694,85.1408,4.50905,0,0.06,3.24968,3.24968,0,0.608973,4.6872,4.03025e+06,2.75803e+06,1.3097e+07,0,390019,0,0,62.338,61.3098,5.45293,0,1,1.501,1.501,0,1.15964,1.90512,8.37568e+06,3.68648e+06,1.25719e+07,0,372035,0,0
80.6609,85.1408,2.819,0,0.06,2.83785,2.83785,0,0.608991,4.6872,4.03025e+06,2.75803e+06,1.14372e+07,0,340591,0,0,62.2317,61.3098,3.58744,0,1,1.28911,1.28911,0,1.15967,1.90512,8.37568e+06,3.68648e+06,1.07971e+07,0,319517,0,0
80.8712,85.1408,3.51674,0,0.06,2.83793,2.83793,0,0.531813,4.6872,4.03025e+06,2.75803e+06,1.14376e+07,0,340601,0,0,62.1201,61.3098,3.20921,0,1,1.28914,1.28914,0,0.995964,1.90512,8.37568e+06,3.68648e+06,1.07975e+07,0,319526,0,0
81.4657,85.1408,3.90369,0,0.06,2.83801,2.83801,0,0.531828,4.6872,4.03025e+06,2.75803e+06,1.14379e+07,0,340611,0,0,62.338,61.3098,3.11244,0,1,1.28918,1.28918,0,0.995993,1.90512,8.37568e+06,3.68648e+06,1.07978e+07,0,319535,0,0
82.6181,85.1408,4.46355,0,0.06,2.8381,2.8381,0,0.531844,4.6872,4.03025e+06,2.75803e+06,1.14382e+07,0,340621,0,0,62.338,61.3098,4.46714,0,1,1.28922,1.28922,0,0.996022,1.90512,8.37568e+06,3.68648e+06,1.07981e+07,0,319545,0,0
85.1408,85.1408,6.83775,0,0.06,2.83818,2.83818,0,0.531859,4.6872,4.03025e+06,2.75803e+06,1.14386e+07,0,340631,0,0,62.338,61.3098,7.32003,0,1,1.28926,1.28926,0,0.996051,1.90512,8.37568e+06,3.68648e+06,1.07984e+07,0,319554,0,0
85.1408,85.1408,5.14756,0,0.06,2.94197,2.94197,0,0.531875,4.6872,4.03025e+06,2.75803e+06,1.18569e+07,0,353087,0,0,62.338,61.3098,4.34879,0,1,1.34115,1.34115,0,0.99608,1.90512,8.37568e+06,3.68648e+06,1.1233e+07,0,332416,0,0
85.1408,85.1408,4.50826,0,0.06,2.94205,2.94205,0,0.551324,4.6872,4.03025e+06,2.75803e+06,1.18572e+07,0,353098,0,0,62.338,61.3098,3.76656,0,1,1.34119,1.34119,0,1.03617,1.90512,8.37568e+06,3.68648e+06,1.12334e+07,0,332425,0,0
85.1408,85.1408,4.03504,0,0.06,2.94214,2.94214,0,0.551341,4.6872,4.03025e+06,2.75803e+06,1.18575e+07,0,353108,0,0,62.338,61.3098,3.71726,0,1,1.34123,1.34123,0,1.0362,1.90512,8.37568e+06,3.68648e+06,1.12337e+07,0,332435,0,0
85.1408,85.1408,4.50637,0,0.06,2.94222,2.94222,0,0.551357,4.6872,4.03025e+06,2.75803e+06,1.18579e+07,0,353118,0,0,62.338,61.3098,3.54126,0,1,1.34127,1.34127,0,1.03623,1.90512,8.37568e+06,3.68648e+06,1.1234e+07,0,332445,0,0
85.1408,85.1408,3.30668,0,0.06,2.90176,2.90176,0,0.551373,4.6872,4.03025e+06,2.75803e+06,1.16948e+07,0,348262,0,0,62.1146,61.3098,3.02835,0,1,1.32116,1.32116,0,1.03626,1.90512,8.37568e+06,3.68648e+06,1.10656e+07,0,327462,0,0
85.1408,85.1408,3.44304,0,0.06,2.90184,2.90184,0,0.543789,4.6872,4.03025e+06,2.75803e+06,1.16951e+07,0,348272,0,0,62.3,61.3098,2.55182,0,1,1.3212,1.3212,0,1.02073,1.90512,8.37568e+06,3.68648e+06,1.1066e+07,0,327472,0,0
85.1408,85.1408,3.36807,0,0.06,2.90193,2.90193,0,0.543805,4.6872,4.03025e+06,2.75803e+06,1.16955e+07,0,348282,0,0,62.1817,61.3098,2.58117,0,1,1.32124,1.32124,0,1.02076,1.90512,8.37568e+06,3.68648e+06,1.10663e+07,0,327481,0,0
84.7991,85.1408,2.72713,0,0.06,2.90201,2.90201,0,0.543821,4.6872,4.03025e+06,2.75803e+06,1.16958e+07,0,348292,0,0,62.338,61.3098,2.406,0,1,1.32128,1.32128,0,1.02079,1.90512,8.37568e+06,3.68648e+06,1.10666e+07,0,327491,0,0
84.4053,85.1408,2.83969,0,0.06,3.03976,3.03976,0,0.543837,4.6872,4.03025e+06,2.75803e+06,1.2251e+07,0,364825,0,0,62.279,61.3098,2.58056,0,1,1.39275,1.39275,0,1.02082,1.90512,8.37568e+06,3.68648e+06,1.16653e+07,0,345207,0,0
83.7478,85.1408,2.56268,0,0.06,3.03985,3.03985,0,0.569651,4.6872,4.03025e+06,2.75803e+06,1.22514e+07,0,364835,0,0,62.2288,61.3098,2.3871,0,1,1.3928,1.3928,0,1.07604,1.90512,8.37568e+06,3.68648e+06,1.16656e+07,0,345217,0,0
83.021,85.1408,2.47741,0,0.06,3.03994,3.03994,0,0.569668,4.6872,4.03025e+06,2.75803e+06,1.22517e+07,0,364846,0,0,62.1775,61.3098,2.14841,0,1,1.39284,1.39284,0,1.07607,1.90512,8.37568e+06,3.68648e+06,1.16659e+07,0,345227,0,0
82.0694,85.1408,2.20412,0,0.06,3.04003,3.04003,0,0.569685,4.6872,4.03025e+06,2.75803e+06,1.22521e+07,0,364857,0,0,62.338,61.3098,2.04992,0,1,1.39288,1.39288,0,1.07611,1.90512,8.37568e+06,3.68648e+06,1.16663e+07,0,345237,0,0
80.6299,85.1408,1.69762,0,0.06,3.04012,3.04012,0,0.569701,4.6872,4.03025e+06,2.75803e+06,1.22524e+07,0,364867,0,0,62.338,61.3098,2.5653,0,1,1.39292,1.39292,0,1.07614,1.90512,8.37568e+06,3.68648e+06,1.16666e+07,0,345247,0,0
78.9994,85.1408,1.47404,0,0.06,3.01298,3.01298,0,0.569718,4.6872,4.03025e+06,2.75803e+06,1.2143e+07,0,361610,0,0,62.338,61.3098,2.87321,0,1,1.43223,1.43223,0,1.07617,1.90512,8.37568e+06,3.68648e+06,1.19959e+07,0,354990,0,0
77.3591,85.1408,1.44697,0,0.06,3.01306,3.01306,0,0.564632,4.6872,4.03025e+06,2.75803e+06,1.21434e+07,0,361620,0,0,62.338,61.3098,2.85221,0,1,1.43227,1.43227,0,1.10654,1.90512,8.37568e+06,3.68648e+06,1.19962e+07,0,355001,0,0
75.683,85.1408,1.3766,0,0.06,3.01315,3.01315,0,0.564648,4.6872,4.03025e+06,2.75803e+06,1.21438e+07,0,361631,0,0,62.338,61.3098,2.7616,0,1,1.43231,1.43231,0,1.10657,1.90512,8.37568e+06,3.68648e+06,1.19966e+07,0,355011,0,0
73.9102,85.1408,1.24909,0.01,0.06,3.01324,3.01324,0,0.564665,4.6872,4.03025e+06,2.75803e+06,1.21441e+07,0,361642,0,0,62.338,61.3098,2.6162,0,1,1.43235,1.43235,0,1.1066,1.90512,8.37568e+06,3.68648e+06,1.19969e+07,0,355021,0,0
72.0408,85.1408,1.19756,0.01,0.06,3.08365,3.08365,0,0.564681,4.6872,4.03025e+06,2.75803e+06,1.24279e+07,0,370092,0,0,62.338,61.3098,2.45901,0,1,1.4674,1.4674,0,1.10664,1.90512,8.37568e+06,3.68648e+06,1.22904e+07,0,363707,0,0
70.1006,85.1408,1.1083,0.01,0.06,3.08374,3.08374,0,0.577877,4.6872,4.03025e+06,2.75803e+06,1.24283e+07,0,370103,0,0,62.3353,61.3098,2.33509,0,1,1.46744,1.46744,0,1.13371,1.90512,8.37568e+06,3.68648e+06,1.22908e+07,0,363718,0,0
68.1004,85.1408,1.02069,0.03,0.06,3.08383,3.08383,0,0.577894,4.6872,4.03025e+06,2.75803e+06,1.24286e+07,0,370114,0,0,62.3032,61.3098,2.15839,0,1,1.46748,1.46748,0,1.13374,1.90512,8.37568e+06,3.68648e+06,1.22911e+07,0,363728,0,0
66.0517,85.1408,0.93972,0.04,0.06,3.08392,3.08392,0,0.57791,4.6872,4.03025e+06,2.75803e+06,1.2429e+07,0,370125,0,0,62.338,61.3098,2.08499,0,1,1.46752,1.46752,0,1.13378,1.90512,8.37568e+06,3.68648e+06,1.22915e+07,0,363739,0,0
63.7749,85.1408,0.860385,0.04,0.06,3.28998,3.28998,0,0.577927,4.6872,4.03025e+06,2.75803e+06,1.32594e+07,0,394855,0,0,62.338,61.3098,2.43352,0,1,1.59392,1.59392,0,1.13381,1.90512,8.37568e+06,3.68648e+06,1.33501e+07,0,395067,0,0
61.4255,85.1408,0.759999,0.04,0.06,3.29008,3.29008,0,0.616543,4.6872,4.03025e+06,2.75803e+06,1.32598e+07,0,394867,0,0,62.2989,61.3098,2.33185,0,1,1.59396,1.59396,0,1.23146,1.90512,8.37568e+06,3.68648e+06,1.33505e+07,0,395078,0,0
59.1481,85.1408,0.801395,0.04,0.06,3.29017,3.29017,0,0.616561,4.6872,4.03025e+06,2.75803e+06,1.32602e+07,0,394878,0,0,62.2531,61.3098,2.30185,0,1,1.59401,1.59401,0,1.2315,1.90512,8.37568e+06,3.68648e+06,1.33509e+07,0,395090,0,0
57.2641,85.1408,1.2015,0.04,0.06,3.29027,3.29027,0,0.616579,4.6872,4.03025e+06,2.75803e+06,1.32606e+07,0,394890,0,0,62.338,61.3098,2.75103,0,1,1.59406,1.59406,0,1.23153,1.90512,8.37568e+06,3.68648e+06,1.33513e+07,0,395101,0,0
55.6053,85.1408,1.41876,0.04,0.06,3.29037,3.29037,0,0.616597,4.6872,4.03025e+06,2.75803e+06,1.3261e+07,0,394901,0,0,62.338,61.3098,3.12371,0,1,1.5941,1.5941,0,1.23157,1.90512,8.37568e+06,3.68648e+06,1.33517e+07,0,395113,0,0
54.03,85.1408,1.38992,0.04,0.06,3.19007,3.19007,0,0.616615,4.6872,4.03025e+06,2.75803e+06,1.28568e+07,0,382864,0,0,62.338,61.3098,3.19963,0,1,1.51745,1.51745,0,1.2316,1.90512,8.37568e+06,3.68648e+06,1.27097e+07,0,376113,0,0
52.8633,85.1408,1.80648,0.04,0.06,3.19016,3.19016,0,0.597818,4.6872,4.03025e+06,2.75803e+06,1.28571e+07,0,382875,0,0,62.338,61.3098,3.40371,0,1,1.51749,1.51749,0,1.17238,1.90512,8.37568e+06,3.68648e+06,1.271e+07,0,376124,0,0
52.4503,85.1408,2.61341,0.04,0.06,3.19025,3.19025,0,0.597836,4.6872,4.03025e+06,2.75803e+06,1.28575e+07,0,382886,0,0,62.338,61.3098,5.69609,0,1,1.51754,1.51754,0,1.17242,1.90512,8.37568e+06,3.68648e+06,1.27104e+07,0,376135,0,0
51.9764,85.1408,2.59069,0.04,0.06,3.19035,3.19035,0,0.597853,4.6872,4.03025e+06,2.75803e+06,1.28579e+07,0,382897,0,0,62.338,61.3098,4.44746,0,1,1.51758,1.51758,0,1.17245,1.90512,8.37568e+06,3.68648e+06,1.27108e+07,0,376146,0,0
52.7167,85.1408,3.71722,0.04,0.06,3.10802,3.10802,0,0.597871,4.6872,4.03025e+06,2.75803e+06,1.25261e+07,0,373017,0,0,62.338,61.3098,4.90731,0,1,1.4478,1.4478,0,1.17248,1.90512,8.37568e+06,3.68648e+06,1.21263e+07,0,358850,0,0
54.6123,85.1408,4.92782,0.04,0.06,3.10811,3.10811,0,0.582443,4.6872,4.03025e+06,2.75803e+06,1.25265e+07,0,373028,0,0,62.338,61.3098,5.39324,0,1,1.44784,1.44784,0,1.11857,1.90512,8.37568e+06,3.68648e+06,1.21267e+07,0,358861,0,0
56.1451,85.1408,4.69465,0.04,0.06,3.1082,3.1082,0,0.58246,4.6872,4.03025e+06,2.75803e+06,1.25268e+07,0,373039,0,0,62.338,61.3098,6.61507,0,1,1.44789,1.44789,0,1.1186,1.90512,8.37568e+06,3.68648e+06,1.2127e+07,0,358871,0,0
57.5339,85.1408,4.58732,0.04,0.06,3.10829,3.10829,0,0.582477,4.6872,4.03025e+06,2.75803e+06,1.25272e+07,0,373050,0,0,62.338,61.3098,8.14597,0,1,1.44793,1.44793,0,1.11864,1.90512,8.37568e+06,3.68648e+06,1.21274e+07,0,358882,0,0
60.5237,85.1408,6.03458,0.04,0.06,2.87429,2.87429,0,0.582494,4.6872,4.03025e+06,2.75803e+06,1.15841e+07,0,344965,0,0,62.338,61.3098,6.15186,0,1,1.30253,1.30253,0,1.11867,1.90512,8.37568e+06,3.68648e+06,1.09095e+07,0,322843,0,0
62.7183,85.1408,5.22342,0.04,0.06,2.87437,2.87437,0,0.538642,4.6872,4.03025e+06,2.75803e+06,1.15844e+07,0,344975,0,0,62.338,61.3098,5.48547,0,1,1.30256,1.30256,0,1.00633,1.90512,8.37568e+06,3.68648e+06,1.09099e+07,0,322852,0,0
68.8576,85.1408,9.4707,0.04,0.06,2.87446,2.87446,0,0.538657,4.6872,4.03025e+06,2.75803e+06,1.15848e+07,0,344985,0,0,62.338,61.3098,8.42724,0,1,1.3026,1.3026,0,1.00636,1.90512,8.37568e+06,3.68648e+06,1.09102e+07,0,322862,0,0
73.5712,85.1408,8.06304,0.02,0.06,2.87454,2.87454,0,0.538673,4.6872,4.03025e+06,2.75803e+06,1.15851e+07,0,344995,0,0,62.338,61.3098,9.92648,0,1,1.30264,1.30264,0,1.00639,1.90512,8.37568e+06,3.68648e+06,1.09105e+07,0,322871,0,0
78.4912,85.1408,8.32065,0.02,0.06,2.87462,2.87462,0,0.538689,4.6872,4.03025e+06,2.75803e+06,1.15854e+07,0,345005,0,0,62.338,61.3098,6.78925,0,1,1.30268,1.30268,0,1.00642,1.90512,8.37568e+06,3.68648e+06,1.09108e+07,0,322880,0,0
83.573,85.1408,8.81547,0,0.06,2.96476,2.96476,0,0.538704,4.6872,4.03025e+06,2.75803e+06,1.19487e+07,0,355823,0,0,62.338,61.3098,7.34768,0,1,1.34484,1.34484,0,1.00645,1.90512,8.37568e+06,3.68648e+06,1.12639e+07,0,333330,0,0
85.1408,85.1408,10.3041,0,0.06,2.96483,2.96483,0,0.555596,4.6872,4.03025e+06,2.75803e+06,1.1949e+07,0,355832,0,0,62.338,61.3098,8.68628,0,1,1.34487,1.34487,0,1.03902,1.90512,8.37568e+06,3.68648e+06,1.12642e+07,0,333338,0,0
85.1408,85.1408,15.0765,0,0.06,2.96491,2.96491,0,0.55561,4.6872,4.03025e+06,2.75803e+06,1.19493e+07,0,355841,0,0,62.338,61.3098,10.5518,0,1,1.3449,1.3449,0,1.03905,1.90512,8.37568e+06,3.68648e+06,1.12645e+07,0,333346,0,0
85.1408,85.1408,8.89802,0,0.06,2.96498,2.96498,0,0.555624,4.6872,4.03025e+06,2.75803e+06,1.19496e+07,0,355849,0,0,62.338,61.3098,10.4647,0,1,1.34494,1.34494,0,1.03907,1.90512,8.37568e+06,3.68648e+06,1.12647e+07,0,333354,0,0
85.1408,85.1408,4.72127,0,0.06,3.25426,3.25426,0,0.555637,4.6872,4.03025e+06,2.75803e+06,1.31155e+07,0,390568,0,0,62.338,61.3098,5.8307,0,1,1.50311,1.50311,0,1.0391,1.90512,8.37568e+06,3.68648e+06,1.25895e+07,0,372559,0,0
85.1408,85.1408,6.49444,0,0.06,3.25434,3.25434,0,0.609848,4.6872,4.03025e+06,2.75803e+06,1.31158e+07,0,390577,0,0,62.338,61.3098,6.64902,0,1,1.50314,1.50314,0,1.1613,1.90512,8.37568e+06,3.68648e+06,1.25899e+07,0,372568,0,0
85.1408,85.1408,8.02018,0,0.06,3.25442,3.25442,0,0.609863,4.6872,4.03025e+06,2.75803e+06,1.31161e+07,0,390587,0,0,62.338,61.3098,7.75167,0,1,1.50318,1.50318,0,1.16133,1.90512,8.37568e+06,3.68648e+06,1.25902e+07,0,372577,0,0
85.1408,85.1408,6.90244,0,0.06,3.2545,3.2545,0,0.609877,4.6872,4.03025e+06,2.75803e+06,1.31164e+07,0,390596,0,0,62.338,61.3098,6.51884,0,1,1.50322,1.50322,0,1.16136,1.90512,8.37568e+06,3.68648e+06,1.25905e+07,0,372586,0,0
85.1408,85.1408,4.15218,0,0.06,2.84204,2.84204,0,0.609892,4.6872,4.03025e+06,2.75803e+06,1.14541e+07,0,341094,0,0,62.338,61.3098,4.28589,0,1,1.29101,1.29101,0,1.16139,1.90512,8.37568e+06,3.68648e+06,1.08131e+07,0,319988,0,0
85.1408,85.1408,5.40867,0,0.06,2.84211,2.84211,0,0.532598,4.6872,4.03025e+06,2.75803e+06,1.14544e+07,0,341102,0,0,62.338,61.3098,4.89119,0,1,1.29104,1.29104,0,0.997434,1.90512,8.37568e+06,3.68648e+06,1.08133e+07,0,319996,0,0
85.1408,85.1408,4.85775,0,0.06,2.84218,2.84218,0,0.532611,4.6872,4.03025e+06,2.75803e+06,1.14547e+07,0,341111,0,0,62.338,61.3098,3.41583,0,1,1.29107,1.29107,0,0.997458,1.90512,8.37568e+06,3.68648e+06,1.08136e+07,0,320004,0,0
85.1408,85.1408,4.58943,0,0.06,2.84224,2.84224,0,0.532624,4.6872,4.03025e+06,2.75803e+06,1.1455e+07,0,341119,0,0,62.338,61.3098,4.34211,0,1,1.2911,1.2911,0,0.997482,1.90512,8.37568e+06,3.68648e+06,1.08139e+07,0,320012,0,0
85.1408,85.1408,5.20328,0,0.06,2.84231,2.84231,0,0.532637,4.6872,4.03025e+06,2.75803e+06,1.14552e+07,0,341127,0,0,62.338,61.3098,5.14123,0,1,1.29114,1.29114,0,0.997507,1.90512,8.37568e+06,3.68648e+06,1.08141e+07,0,320019,0,0
85.1408,85.1408,4.38193,0,0.06,2.94624,2.94624,0,0.53265,4.6872,4.03025e+06,2.75803e+06,1.18741e+07,0,353600,0,0,62.338,61.3098,3.87821,0,1,1.3431,1.3431,0,0.997531,1.90512,8.37568e+06,3.68648e+06,1.12493e+07,0,332899,0,0
85.1408,85.1408,3.83952,0,0.06,2.94631,2.94631,0,0.552125,4.6872,4.03025e+06,2.75803e+06,1.18744e+07,0,353609,0,0,62.338,61.3098,3.41621,0,1,1.34313,1.34313,0,1.03768,1.90512,8.37568e+06,3.68648e+06,1.12496e+07,0,332907,0,0
85.1408,85.1408,3.89296,0,0.06,2.94638,2.94638,0,0.552139,4.6872,4.03025e+06,2.75803e+06,1.18747e+07,0,353617,0,0,62.338,61.3098,4.08816,0,1,1.34316,1.34316,0,1.0377,1.90512,8.37568e+06,3.68648e+06,1.12499e+07,0,332915,0,0
85.1408,85.1408,3.76533,0,0.06,2.94645,2.94645,0,0.552152,4.6872,4.03025e+06,2.75803e+06,1.18749e+07,0,353626,0,0,62.338,61.3098,3.24867,0,1,1.34319,1.34319,0,1.03773,1.90512,8.37568e+06,3.68648e+06,1.12502e+07,0,332923,0,0
84.988,85.1408,3.13327,0,0.06,2.90592,2.90592,0,0.552166,4.6872,4.03025e+06,2.75803e+06,1.17116e+07,0,348761,0,0,62.338,61.3098,3.12763,0,1,1.32306,1.32306,0,1.03775,1.90512,8.37568e+06,3.68648e+06,1.10815e+07,0,327932,0,0
84.6607,85.1408,2.87921,0,0.06,2.90599,2.90599,0,0.544569,4.6872,4.03025e+06,2.75803e+06,1.17118e+07,0,348769,0,0,62.338,61.3098,3.00075,0,1,1.32309,1.32309,0,1.02219,1.90512,8.37568e+06,3.68648e+06,1.10818e+07,0,327940,0,0
84.1439,85.1408,2.65634,0,0.06,2.90606,2.90606,0,0.544582,4.6872,4.03025e+06,2.75803e+06,1.17121e+07,0,348778,0,0,62.338,61.3098,2.82065,0,1,1.32312,1.32312,0,1.02222,1.90512,8.37568e+06,3.68648e+06,1.1082e+07,0,327948,0,0
83.543,85.1408,2.55478,0,0.06,2.90613,2.90613,0,0.544595,4.6872,4.03025e+06,2.75803e+06,1.17124e+07,0,348786,0,0,62.338,61.3098,2.60366,0,1,1.32315,1.32315,0,1.02224,1.90512,8.37568e+06,3.68648e+06,1.10823e+07,0,327956,0,0
82.6839,85.1408,2.3918,0,0.06,3.04406,3.04406,0,0.544609,4.6872,4.03025e+06,2.75803e+06,1.22683e+07,0,365341,0,0,62.338,61.3098,2.64622,0,1,1.39472,1.39472,0,1.02227,1.90512,8.37568e+06,3.68648e+06,1.16818e+07,0,345695,0,0
81.6746,85.1408,2.22398,0,0.06,3.04414,3.04414,0,0.570457,4.6872,4.03025e+06,2.75803e+06,1.22686e+07,0,365350,0,0,62.338,61.3098,2.49675,0,1,1.39476,1.39476,0,1.07756,1.90512,8.37568e+06,3.68648e+06,1.1682e+07,0,345703,0,0
80.5675,85.1408,2.10414,0,0.06,3.04421,3.04421,0,0.570471,4.6872,4.03025e+06,2.75803e+06,1.22689e+07,0,365358,0,0,62.338,61.3098,2.2468,0,1,1.39479,1.39479,0,1.07759,1.90512,8.37568e+06,3.68648e+06,1.16823e+07,0,345712,0,0
79.3196,85.1408,1.90383,0,0.06,3.04428,3.04428,0,0.570485,4.6872,4.03025e+06,2.75803e+06,1.22692e+07,0,365367,0,0,62.338,61.3098,2.16233,0,1,1.39483,1.39483,0,1.07762,1.90512,8.37568e+06,3.68648e+06,1.16826e+07,0,345720,0,0
78.3485,85.1408,2.18298,0,0.06,3.04436,3.04436,0,0.570499,4.6872,4.03025e+06,2.75803e+06,1.22695e+07,0,365376,0,0,62.338,61.3098,2.57201,0,1,1.39486,1.39486,0,1.07764,1.90512,8.37568e+06,3.68648e+06,1.16829e+07,0,345729,0,0
77.5186,85.1408,2.30791,0,0.06,3.01717,3.01717,0,0.570513,4.6872,4.03025e+06,2.75803e+06,1.21599e+07,0,362113,0,0,62.338,61.3098,2.88639,0,1,1.43422,1.43422,0,1.07767,1.90512,8.37568e+06,3.68648e+06,1.20126e+07,0,355484,0,0
76.5867,85.1408,2.19647,0,0.06,3.01724,3.01724,0,0.565417,4.6872,4.03025e+06,2.75803e+06,1.21602e+07,0,362122,0,0,62.338,61.3098,2.7845,0,1,1.43425,1.43425,0,1.10808,1.90512,8.37568e+06,3.68648e+06,1.20128e+07,0,355493,0,0
75.577,85.1408,2.08369,0.01,0.06,3.01731,3.01731,0,0.565431,4.6872,4.03025e+06,2.75803e+06,1.21605e+07,0,362130,0,0,62.338,61.3098,2.71686,0,1,1.43429,1.43429,0,1.1081,1.90512,8.37568e+06,3.68648e+06,1.20131e+07,0,355501,0,0
74.4275,85.1408,1.93363,0.01,0.06,3.01739,3.01739,0,0.565445,4.6872,4.03025e+06,2.75803e+06,1.21608e+07,0,362139,0,0,62.338,61.3098,2.64681,0,1,1.43432,1.43432,0,1.10813,1.90512,8.37568e+06,3.68648e+06,1.20134e+07,0,355510,0,0
73.2118,85.1408,1.8957,0.01,0.06,3.08788,3.08788,0,0.565458,4.6872,4.03025e+06,2.75803e+06,1.24449e+07,0,370600,0,0,62.338,61.3098,2.39423,0,1,1.46941,1.46941,0,1.10816,1.90512,8.37568e+06,3.68648e+06,1.23073e+07,0,364206,0,0
71.9623,85.1408,1.85239,0.01,0.06,3.08796,3.08796,0,0.578669,4.6872,4.03025e+06,2.75803e+06,1.24452e+07,0,370609,0,0,62.338,61.3098,2.43822,0,1,1.46944,1.46944,0,1.13526,1.90512,8.37568e+06,3.68648e+06,1.23076e+07,0,364215,0,0
70.6128,85.1408,1.72881,0.03,0.06,3.08803,3.08803,0,0.578683,4.6872,4.03025e+06,2.75803e+06,1.24455e+07,0,370618,0,0,62.338,61.3098,2.3043,0,1,1.46948,1.46948,0,1.13529,1.90512,8.37568e+06,3.68648e+06,1.23079e+07,0,364224,0,0
69.143,85.1408,1.58663,0.03,0.06,3.08811,3.08811,0,0.578698,4.6872,4.03025e+06,2.75803e+06,1.24458e+07,0,370627,0,0,62.338,61.3098,2.17635,0,1,1.46952,1.46952,0,1.13532,1.90512,8.37568e+06,3.68648e+06,1.23082e+07,0,364233,0,0
67.7751,85.1408,1.82534,0.03,0.06,3.29443,3.29443,0,0.578712,4.6872,4.03025e+06,2.75803e+06,1.32774e+07,0,395389,0,0,62.338,61.3098,2.51824,0,1,1.59607,1.59607,0,1.13535,1.90512,8.37568e+06,3.68648e+06,1.33682e+07,0,395601,0,0
66.4943,85.1408,1.90251,0.04,0.06,3.29451,3.29451,0,0.617376,4.6872,4.03025e+06,2.75803e+06,1.32777e+07,0,395399,0,0,62.338,61.3098,2.63972,0,1,1.59611,1.59611,0,1.23313,1.90512,8.37568e+06,3.68648e+06,1.33685e+07,0,395611,0,0
64.8722,85.1408,1.56862,0.04,0.06,3.29459,3.29459,0,0.617392,4.6872,4.03025e+06,2.75803e+06,1.3278e+07,0,395409,0,0,62.1952,61.3098,2.10238,0,1,1.59615,1.59615,0,1.23316,1.90512,8.37568e+06,3.68648e+06,1.33689e+07,0,395621,0,0
63.5313,85.1408,1.81451,0.04,0.06,3.29467,3.29467,0,0.617407,4.6872,4.03025e+06,2.75803e+06,1.32783e+07,0,395418,0,0,62.338,61.3098,3.17922,0,1,1.59619,1.59619,0,1.23319,1.90512,8.37568e+06,3.68648e+06,1.33692e+07,0,395630,0,0
62.1868,85.1408,1.80236,0.04,0.06,3.29475,3.29475,0,0.617422,4.6872,4.03025e+06,2.75803e+06,1.32787e+07,0,395428,0,0,62.3078,61.3098,2.47328,0,1,1.59623,1.59623,0,1.23322,1.90512,8.37568e+06,3.68648e+06,1.33695e+07,0,395640,0,0
61.4613,85.1408,2.34239,0.04,0.06,3.19431,3.19431,0,0.617437,4.6872,4.03025e+06,2.75803e+06,1.28738e+07,0,383372,0,0,62.338,61.3098,3.20395,0,1,1.51947,1.51947,0,1.23325,1.90512,8.37568e+06,3.68648e+06,1.27266e+07,0,376613,0,0
60.5985,85.1408,2.21731,0.04,0.06,3.19438,3.19438,0,0.598613,4.6872,4.03025e+06,2.75803e+06,1.28742e+07,0,383382,0,0,62.338,61.3098,3.32083,0,1,1.5195,1.5195,0,1.17394,1.90512,8.37568e+06,3.68648e+06,1.27269e+07,0,376622,0,0
59.9848,85.1408,2.50578,0.04,0.06,3.19446,3.19446,0,0.598627,4.6872,4.03025e+06,2.75803e+06,1.28745e+07,0,383391,0,0,62.338,61.3098,3.75108,0,1,1.51954,1.51954,0,1.17397,1.90512,8.37568e+06,3.68648e+06,1.27272e+07,0,376632,0,0
59.5736,85.1408,2.8976,0.04,0.06,3.19454,3.19454,0,0.598642,4.6872,4.03025e+06,2.75803e+06,1.28748e+07,0,383401,0,0,62.338,61.3098,4.24756,0,1,1.51958,1.51958,0,1.174,1.90512,8.37568e+06,3.68648e+06,1.27275e+07,0,376641,0,0
61.2787,85.1408,4.95269,0.04,0.06,3.11209,3.11209,0,0.598657,4.6872,4.03025e+06,2.75803e+06,1.25425e+07,0,373506,0,0,62.338,61.3098,3.77218,0,1,1.4497,1.4497,0,1.17403,1.90512,8.37568e+06,3.68648e+06,1.21422e+07,0,359320,0,0
62.8469,85.1408,4.83832,0.03,0.06,3.11217,3.11217,0,0.583206,4.6872,4.03025e+06,2.75803e+06,1.25428e+07,0,373515,0,0,62.338,61.3098,3.5789,0,1,1.44973,1.44973,0,1.12004,1.90512,8.37568e+06,3.68648e+06,1.21425e+07,0,359329,0,0
65.4196,85.1408,5.89726,0.04,0.06,3.11224,3.11224,0,0.58322,4.6872,4.03025e+06,2.75803e+06,1.25431e+07,0,373524,0,0,62.338,61.3098,4.09497,0,1,1.44977,1.44977,0,1.12006,1.90512,8.37568e+06,3.68648e+06,1.21428e+07,0,359338,0,0
67.526,85.1408,5.41503,0.04,0.06,3.11232,3.11232,0,0.583235,4.6872,4.03025e+06,2.75803e+06,1.25434e+07,0,373533,0,0,62.338,61.3098,5.32054,0,1,1.4498,1.4498,0,1.12009,1.90512,8.37568e+06,3.68648e+06,1.21431e+07,0,359347,0,0
67.89,85.1408,3.49726,0.04,0.06,2.878,2.878,0,0.583249,4.6872,4.03025e+06,2.75803e+06,1.1599e+07,0,345410,0,0,62.338,61.3098,3.4232,0,1,1.30421,1.30421,0,1.12012,1.90512,8.37568e+06,3.68648e+06,1.09236e+07,0,323259,0,0
68.5899,85.1408,3.82516,0.04,0.06,2.87807,2.87807,0,0.539337,4.6872,4.03025e+06,2.75803e+06,1.15993e+07,0,345418,0,0,62.338,61.3098,3.67602,0,1,1.30424,1.30424,0,1.00763,1.90512,8.37568e+06,3.68648e+06,1.09239e+07,0,323267,0,0
69.4903,85.1408,4.1982,0.02,0.06,2.87814,2.87814,0,0.53935,4.6872,4.03025e+06,2.75803e+06,1.15996e+07,0,345427,0,0,62.338,61.3098,3.99465,0,1,1.30427,1.30427,0,1.00766,1.90512,8.37568e+06,3.68648e+06,1.09242e+07,0,323275,0,0
75.2854,85.1408,9.4323,0.02,0.06,2.87821,2.87821,0,0.539363,4.6872,4.03025e+06,2.75803e+06,1.15999e+07,0,345435,0,0,62.338,61.3098,7.6644,0,1,1.3043,1.3043,0,1.00768,1.90512,8.37568e+06,3.68648e+06,1.09244e+07,0,323283,0,0
85.1408,85.1408,14.5812,0.02,0.06,2.87828,2.87828,0,0.539376,4.6872,4.03025e+06,2.75803e+06,1.16002e+07,0,345444,0,0,62.338,61.3098,11.2157,0,1,1.30433,1.30433,0,1.0077,1.90512,8.37568e+06,3.68648e+06,1.09247e+07,0,323291,0,0
85.1408,85.1408,6.09869,0,0.06,2.96852,2.96852,0,0.53939,4.6872,4.03025e+06,2.75803e+06,1.19639e+07,0,356274,0,0,62.338,61.3098,6.34528,0,1,1.34654,1.34654,0,1.00773,1.90512,8.37568e+06,3.68648e+06,1.12782e+07,0,333752,0,0
84.6808,85.1408,2.93412,0,0.04,2.96858,2.96858,0,0.5563,4.6872,4.03025e+06,2.75803e+06,1.19641e+07,0,356281,0,0,62.338,61.3098,5.16968,0,1,1.34657,1.34657,0,1.04034,1.90512,8.37568e+06,3.68648e+06,1.12784e+07,0,333759,0,0
85.1408,85.1408,7.99989,0,0.04,2.96864,2.96864,0,0.556311,4.6872,4.03025e+06,2.75803e+06,1.19643e+07,0,356288,0,0,62.338,61.3098,11.3614,0,1,1.34659,1.34659,0,1.04036,1.90512,8.37568e+06,3.68648e+06,1.12786e+07,0,333765,0,0
85.1408,85.1408,7.27617,0,0.04,2.96869,2.96869,0,0.556322,4.6872,4.03025e+06,2.75803e+06,1.19646e+07,0,356295,0,0,62.338,61.3098,14.8146,0,1,1.34662,1.34662,0,1.04038,1.90512,8.37568e+06,3.68648e+06,1.12789e+07,0,333772,0,0
85.0641,85.1408,3.73766,0,0.04,3.25832,3.25832,0,0.556333,4.6872,4.03025e+06,2.75803e+06,1.31318e+07,0,391055,0,0,62.338,61.3098,7.70742,0,1,1.50498,1.50498,0,1.0404,1.90512,8.37568e+06,3.68648e+06,1.26053e+07,0,373024,0,0
85.1408,85.1408,5.19249,0,0.04,3.25838,3.25838,0,0.610609,4.6872,4.03025e+06,2.75803e+06,1.31321e+07,0,391063,0,0,62.338,61.3098,10.0057,0,1,1.50501,1.50501,0,1.16275,1.90512,8.37568e+06,3.68648e+06,1.26055e+07,0,373031,0,0
85.1408,85.1408,6.10086,0,0.04,3.25845,3.25845,0,0.610621,4.6872,4.03025e+06,2.75803e+06,1.31323e+07,0,391070,0,0,62.338,61.3098,7.99756,0,1,1.50504,1.50504,0,1.16277,1.90512,8.37568e+06,3.68648e+06,1.26058e+07,0,373038,0,0
85.1408,85.1408,5.18509,0,0.04,3.25851,3.25851,0,0.610633,4.6872,4.03025e+06,2.75803e+06,1.31326e+07,0,391078,0,0,62.338,61.3098,7.2263,0,1,1.50507,1.50507,0,1.1628,1.90512,8.37568e+06,3.68648e+06,1.2606e+07,0,373046,0,0
85.1408,85.1408,7.06933,0,0.04,2.84553,2.84553,0,0.610645,4.6872,4.03025e+06,2.75803e+06,1.14682e+07,0,341513,0,0,62.338,61.3098,7.15515,0,1,1.2926,1.2926,0,1.16282,1.90512,8.37568e+06,3.68648e+06,1.08264e+07,0,320381,0,0
85.1408,85.1408,5.35003,0,0.04,2.84558,2.84558,0,0.533252,4.6872,4.03025e+06,2.75803e+06,1.14684e+07,0,341520,0,0,62.338,61.3098,4.29153,0,1,1.29262,1.29262,0,0.998659,1.90512,8.37568e+06,3.68648e+06,1.08266e+07,0,320388,0,0
85.1408,85.1408,5.22275,0,0.04,2.84564,2.84564,0,0.533262,4.6872,4.03025e+06,2.75803e+06,1.14686e+07,0,341527,0,0,62.338,61.3098,7.80492,0,1,1.29265,1.29265,0,0.998679,1.90512,8.37568e+06,3.68648e+06,1.08268e+07,0,320394,0,0
85.1408,85.1408,5.17271,0,0.04,2.8457,2.8457,0,0.533273,4.6872,4.03025e+06,2.75803e+06,1.14689e+07,0,341533,0,0,62.338,61.3098,5.38501,0,1,1.29267,1.29267,0,0.998698,1.90512,8.37568e+06,3.68648e+06,1.0827e+07,0,320400,0,0
85.1408,85.1408,4.89381,0,0.04,2.84575,2.84575,0,0.533283,4.6872,4.03025e+06,2.75803e+06,1.14691e+07,0,341540,0,0,62.338,61.3098,6.52465,0,1,1.2927,1.2927,0,0.998718,1.90512,8.37568e+06,3.68648e+06,1.08272e+07,0,320406,0,0
85.1408,85.1408,6.57415,0,0.04,2.94979,2.94979,0,0.533294,4.6872,4.03025e+06,2.75803e+06,1.18884e+07,0,354026,0,0,62.338,61.3098,6.5542,0,1,1.34471,1.34471,0,0.998737,1.90512,8.37568e+06,3.68648e+06,1.12629e+07,0,333299,0,0
85.1408,85.1408,5.79014,0,0.04,2.94985,2.94985,0,0.55279,4.6872,4.03025e+06,2.75803e+06,1.18886e+07,0,354033,0,0,62.338,61.3098,6.0996,0,1,1.34474,1.34474,0,1.03893,1.90512,8.37568e+06,3.68648e+06,1.12631e+07,0,333306,0,0
85.1408,85.1408,4.41928,0,0.04,2.9499,2.9499,0,0.552801,4.6872,4.03025e+06,2.75803e+06,1.18888e+07,0,354040,0,0,62.338,61.3098,4.5124,0,1,1.34477,1.34477,0,1.03895,1.90512,8.37568e+06,3.68648e+06,1.12633e+07,0,333313,0,0
85.1408,85.1408,4.27588,0,0.04,2.94996,2.94996,0,0.552812,4.6872,4.03025e+06,2.75803e+06,1.18891e+07,0,354047,0,0,62.338,61.3098,4.31798,0,1,1.34479,1.34479,0,1.03897,1.90512,8.37568e+06,3.68648e+06,1.12636e+07,0,333319,0,0
85.1408,85.1408,4.96473,0,0.04,2.90936,2.90936,0,0.552823,4.6872,4.03025e+06,2.75803e+06,1.17254e+07,0,349174,0,0,62.338,61.3098,5.57692,0,1,1.32463,1.32463,0,1.03899,1.90512,8.37568e+06,3.68648e+06,1.10946e+07,0,328320,0,0
85.1408,85.1408,4.13421,0,0.04,2.90942,2.90942,0,0.545214,4.6872,4.03025e+06,2.75803e+06,1.17257e+07,0,349181,0,0,62.338,61.3098,4.89301,0,1,1.32465,1.32465,0,1.02341,1.90512,8.37568e+06,3.68648e+06,1.10948e+07,0,328327,0,0
85.1408,85.1408,3.66033,0,0.04,2.90947,2.90947,0,0.545225,4.6872,4.03025e+06,2.75803e+06,1.17259e+07,0,349188,0,0,62.338,61.3098,4.33588,0,1,1.32468,1.32468,0,1.02343,1.90512,8.37568e+06,3.68648e+06,1.10951e+07,0,328333,0,0
85.1408,85.1408,3.311,0,0.04,2.90953,2.90953,0,0.545236,4.6872,4.03025e+06,2.75803e+06,1.17261e+07,0,349195,0,0,62.338,61.3098,3.92146,0,1,1.3247,1.3247,0,1.02345,1.90512,8.37568e+06,3.68648e+06,1.10953e+07,0,328340,0,0
85.1408,85.1408,3.44808,0,0.04,3.04761,3.04761,0,0.545246,4.6872,4.03025e+06,2.75803e+06,1.22826e+07,0,365767,0,0,62.338,61.3098,3.73535,0,1,1.39635,1.39635,0,1.02347,1.90512,8.37568e+06,3.68648e+06,1.16954e+07,0,346098,0,0
85.0975,85.1408,3.24647,0,0.04,3.04767,3.04767,0,0.571122,4.6872,4.03025e+06,2.75803e+06,1.22829e+07,0,365774,0,0,62.338,61.3098,3.69875,0,1,1.39638,1.39638,0,1.07882,1.90512,8.37568e+06,3.68648e+06,1.16956e+07,0,346105,0,0
85.0161,85.1408,3.20196,0,0.04,3.04773,3.04773,0,0.571134,4.6872,4.03025e+06,2.75803e+06,1.22831e+07,0,365781,0,0,62.338,61.3098,3.76542,0,1,1.39641,1.39641,0,1.07884,1.90512,8.37568e+06,3.68648e+06,1.16958e+07,0,346112,0,0
84.7395,85.1408,2.99468,0,0.04,3.04779,3.04779,0,0.571145,4.6872,4.03025e+06,2.75803e+06,1.22834e+07,0,365788,0,0,62.338,61.3098,3.5574,0,1,1.39643,1.39643,0,1.07886,1.90512,8.37568e+06,3.68648e+06,1.16961e+07,0,346119,0,0
83.98,85.1408,2.4667,0,0.04,3.04785,3.04785,0,0.571156,4.6872,4.03025e+06,2.75803e+06,1.22836e+07,0,365795,0,0,62.338,61.3098,2.90284,0,1,1.39646,1.39646,0,1.07888,1.90512,8.37568e+06,3.68648e+06,1.16963e+07,0,346125,0,0
82.6855,85.1408,1.85269,0,0.04,3.02061,3.02061,0,0.571167,4.6872,4.03025e+06,2.75803e+06,1.21738e+07,0,362526,0,0,62.338,61.3098,2.37938,0,1,1.43586,1.43586,0,1.07891,1.90512,8.37568e+06,3.68648e+06,1.20263e+07,0,355890,0,0
81.3919,85.1408,1.83891,0,0.04,3.02067,3.02067,0,0.566063,4.6872,4.03025e+06,2.75803e+06,1.21741e+07,0,362533,0,0,62.338,61.3098,2.48031,0,1,1.43588,1.43588,0,1.10934,1.90512,8.37568e+06,3.68648e+06,1.20265e+07,0,355897,0,0
80.0427,85.1408,1.76318,0,0.04,3.02073,3.02073,0,0.566074,4.6872,4.03025e+06,2.75803e+06,1.21743e+07,0,362541,0,0,62.338,61.3098,2.46529,0,1,1.43591,1.43591,0,1.10936,1.90512,8.37568e+06,3.68648e+06,1.20267e+07,0,355904,0,0
78.5304,85.1408,1.55808,0,0.04,3.02079,3.02079,0,0.566085,4.6872,4.03025e+06,2.75803e+06,1.21745e+07,0,362548,0,0,62.338,61.3098,2.21226,0,1,1.43594,1.43594,0,1.10939,1.90512,8.37568e+06,3.68648e+06,1.2027e+07,0,355911,0,0
77.0309,85.1408,1.62561,0,0.04,3.09135,3.09135,0,0.566096,4.6872,4.03025e+06,2.75803e+06,1.24589e+07,0,371016,0,0,62.2634,61.3098,2.06356,0,1,1.47106,1.47106,0,1.10941,1.90512,8.37568e+06,3.68648e+06,1.23211e+07,0,364615,0,0
75.4771,85.1408,1.55431,0,0.04,3.09141,3.09141,0,0.579319,4.6872,4.03025e+06,2.75803e+06,1.24592e+07,0,371023,0,0,62.1739,61.3098,2.07675,0,1,1.47109,1.47109,0,1.13654,1.90512,8.37568e+06,3.68648e+06,1.23213e+07,0,364622,0,0
73.7477,85.1408,1.36227,0.03,0.04,3.09147,3.09147,0,0.57933,4.6872,4.03025e+06,2.75803e+06,1.24594e+07,0,371031,0,0,62.0271,61.3098,1.9073,0,1,1.47112,1.47112,0,1.13656,1.90512,8.37568e+06,3.68648e+06,1.23216e+07,0,364629,0,0
71.9369,85.1408,1.25818,0.03,0.04,3.09153,3.09153,0,0.579342,4.6872,4.03025e+06,2.75803e+06,1.24596e+07,0,371038,0,0,61.8877,61.3098,1.83962,0,1,1.47114,1.47114,0,1.13658,1.90512,8.37568e+06,3.68648e+06,1.23218e+07,0,364636,0,0
69.8029,85.1408,1.07182,0.03,0.04,3.29807,3.29807,0,0.579353,4.6872,4.03025e+06,2.75803e+06,1.3292e+07,0,395826,0,0,61.593,61.3098,1.95493,0,1,1.59784,1.59784,0,1.13661,1.90512,8.37568e+06,3.68648e+06,1.3383e+07,0,396038,0,0
67.5808,85.1408,0.96051,0.03,0.04,3.29813,3.29813,0,0.618058,4.6872,4.03025e+06,2.75803e+06,1.32923e+07,0,395834,0,0,61.2214,61.3098,1.88956,0,1,1.59787,1.59787,0,1.23449,1.90512,8.37568e+06,3.68648e+06,1.33832e+07,0,396046,0,0
65.4379,85.1408,1.01408,0.04,0.04,3.2982,3.2982,0,0.61807,4.6872,4.03025e+06,2.75803e+06,1.32926e+07,0,395841,0,0,60.8465,61.3098,1.86392,0,1,1.5979,1.5979,0,1.23451,1.90512,8.37568e+06,3.68648e+06,1.33835e+07,0,396053,0,0
63.7854,85.1408,1.52057,0.04,0.04,3.29826,3.29826,0,0.618082,4.6872,4.03025e+06,2.75803e+06,1.32928e+07,0,395849,0,0,60.567,61.3098,2.22887,0,1,1.59793,1.59793,0,1.23454,1.90512,8.37568e+06,3.68648e+06,1.33837e+07,0,396061,0,0
62.6427,85.1408,2.01865,0.04,0.04,3.29833,3.29833,0,0.618094,4.6872,4.03025e+06,2.75803e+06,1.32931e+07,0,395857,0,0,60.7392,61.3098,3.81489,0,1,1.59796,1.59796,0,1.23456,1.90512,8.37568e+06,3.68648e+06,1.3384e+07,0,396069,0,0
60.9329,85.1408,1.29487,0.04,0.04,3.19775,3.19775,0,0.618106,4.6872,4.03025e+06,2.75803e+06,1.28877e+07,0,383786,0,0,60.4782,61.3098,2.1858,0,1,1.52111,1.52111,0,1.23458,1.90512,8.37568e+06,3.68648e+06,1.27403e+07,0,377020,0,0
59.0286,85.1408,1.07636,0.04,0.04,3.19782,3.19782,0,0.599259,4.6872,4.03025e+06,2.75803e+06,1.2888e+07,0,383794,0,0,60.1563,61.3098,1.93935,0,1,1.52114,1.52114,0,1.17521,1.90512,8.37568e+06,3.68648e+06,1.27405e+07,0,377027,0,0
57.9421,85.1408,1.99518,0.04,0.04,3.19788,3.19788,0,0.599271,4.6872,4.03025e+06,2.75803e+06,1.28882e+07,0,383801,0,0,60.1618,61.3098,2.56187,0,1,1.52117,1.52117,0,1.17523,1.90512,8.37568e+06,3.68648e+06,1.27408e+07,0,377035,0,0
58.7126,85.1408,3.9754,0.04,0.04,3.19794,3.19794,0,0.599283,4.6872,4.03025e+06,2.75803e+06,1.28885e+07,0,383809,0,0,60.5659,61.3098,3.64717,0,1,1.5212,1.5212,0,1.17525,1.90512,8.37568e+06,3.68648e+06,1.2741e+07,0,377042,0,0
57.1858,85.1408,1.50334,0.04,0.04,3.11539,3.11539,0,0.599294,4.6872,4.03025e+06,2.75803e+06,1.25558e+07,0,373902,0,0,60.4079,61.3098,1.78565,0,1,1.45123,1.45123,0,1.17528,1.90512,8.37568e+06,3.68648e+06,1.21551e+07,0,359701,0,0
56.6194,85.1408,2.45884,0.04,0.04,3.11545,3.11545,0,0.583825,4.6872,4.03025e+06,2.75803e+06,1.25561e+07,0,373909,0,0,60.5196,61.3098,2.21333,0,1,1.45126,1.45126,0,1.12122,1.90512,8.37568e+06,3.68648e+06,1.21553e+07,0,359708,0,0
55.618,85.1408,2.00658,0.04,0.04,3.11551,3.11551,0,0.583836,4.6872,4.03025e+06,2.75803e+06,1.25563e+07,0,373916,0,0,60.798,61.3098,3.23857,0,1,1.45129,1.45129,0,1.12125,1.90512,8.37568e+06,3.68648e+06,1.21555e+07,0,359715,0,0
54.4287,85.1408,1.82681,0.04,0.04,3.11558,3.11558,0,0.583848,4.6872,4.03025e+06,2.75803e+06,1.25565e+07,0,373924,0,0,60.8275,61.3098,2.24583,0,1,1.45132,1.45132,0,1.12127,1.90512,8.37568e+06,3.68648e+06,1.21558e+07,0,359723,0,0
54.3517,85.1408,2.86474,0.04,0.04,2.88099,2.88099,0,0.583859,4.6872,4.03025e+06,2.75803e+06,1.16111e+07,0,345770,0,0,61.0213,61.3098,2.73674,0,1,1.30556,1.30556,0,1.12129,1.90512,8.37568e+06,3.68648e+06,1.0935e+07,0,323596,0,0
53.0687,85.1408,1.58894,0.04,0.04,2.88105,2.88105,0,0.539898,4.6872,4.03025e+06,2.75803e+06,1.16113e+07,0,345776,0,0,61.001,61.3098,2.04096,0,1,1.30559,1.30559,0,1.00868,1.90512,8.37568e+06,3.68648e+06,1.09352e+07,0,323602,0,0
52.3326,85.1408,2.11673,0.04,0.04,2.88111,2.88111,0,0.539909,4.6872,4.03025e+06,2.75803e+06,1.16116e+07,0,345783,0,0,60.9657,61.3098,1.94345,0,1,1.30562,1.30562,0,1.0087,1.90512,8.37568e+06,3.68648e+06,1.09354e+07,0,323609,0,0
55.7238,85.1408,6.21332,0.04,0.04,2.88116,2.88116,0,0.53992,4.6872,4.03025e+06,2.75803e+06,1.16118e+07,0,345790,0,0,61.3171,61.3098,3.22333,0,1,1.30564,1.30564,0,1.00872,1.90512,8.37568e+06,3.68648e+06,1.09356e+07,0,323615,0,0
56.6693,85.1408,3.90619,0.04,0.04,2.88122,2.88122,0,0.53993,4.6872,4.03025e+06,2.75803e+06,1.1612e+07,0,345797,0,0,61.4554,61.3098,2.46086,0,1,1.30567,1.30567,0,1.00874,1.90512,8.37568e+06,3.68648e+06,1.09358e+07,0,323621,0,0
60.1782,85.1408,6.66835,0.04,0.04,2.97154,2.97154,0,0.539941,4.6872,4.03025e+06,2.75803e+06,1.1976e+07,0,356636,0,0,62.0402,61.3098,3.94007,0,1,1.34791,1.34791,0,1.00876,1.90512,8.37568e+06,3.68648e+06,1.12897e+07,0,334092,0,0
62.0178,85.1408,4.97474,0.04,0.04,2.97158,2.97158,0,0.556866,4.6872,4.03025e+06,2.75803e+06,1.19762e+07,0,356642,0,0,62.338,61.3098,4.5669,0,1,1.34793,1.34793,0,1.0414,1.90512,8.37568e+06,3.68648e+06,1.12898e+07,0,334097,0,0
62.4943,85.1408,3.56821,0.03,0.04,2.97163,2.97163,0,0.556874,4.6872,4.03025e+06,2.75803e+06,1.19764e+07,0,356647,0,0,62.338,61.3098,3.392,0,1,1.34795,1.34795,0,1.04141,1.90512,8.37568e+06,3.68648e+06,1.129e+07,0,334102,0,0
63.009,85.1408,3.71618,0.03,0.04,2.97167,2.97167,0,0.556883,4.6872,4.03025e+06,2.75803e+06,1.19766e+07,0,356652,0,0,62.338,61.3098,2.80724,0,1,1.34797,1.34797,0,1.04143,1.90512,8.37568e+06,3.68648e+06,1.12902e+07,0,334107,0,0
64.3706,85.1408,4.89042,0.03,0.04,3.26157,3.26157,0,0.556891,4.6872,4.03025e+06,2.75803e+06,1.31449e+07,0,391445,0,0,62.338,61.3098,3.89222,0,1,1.50649,1.50649,0,1.04144,1.90512,8.37568e+06,3.68648e+06,1.26178e+07,0,373396,0,0
65.0372,85.1408,4.13269,0.03,0.04,3.26162,3.26162,0,0.611218,4.6872,4.03025e+06,2.75803e+06,1.31451e+07,0,391451,0,0,62.338,61.3098,3.06685,0,1,1.50651,1.50651,0,1.16391,1.90512,8.37568e+06,3.68648e+06,1.2618e+07,0,373401,0,0
65.0091,85.1408,3.40792,0.03,0.04,3.26167,3.26167,0,0.611227,4.6872,4.03025e+06,2.75803e+06,1.31453e+07,0,391457,0,0,62.338,61.3098,2.65287,0,1,1.50653,1.50653,0,1.16393,1.90512,8.37568e+06,3.68648e+06,1.26182e+07,0,373407,0,0
65.0952,85.1408,3.58863,0.04,0.04,3.26171,3.26171,0,0.611236,4.6872,4.03025e+06,2.75803e+06,1.31455e+07,0,391463,0,0,62.338,61.3098,2.85328,0,1,1.50655,1.50655,0,1.16395,1.90512,8.37568e+06,3.68648e+06,1.26184e+07,0,373413,0,0
65.6299,85.1408,3.6555,0.04,0.04,2.84831,2.84831,0,0.611245,4.6872,4.03025e+06,2.75803e+06,1.14794e+07,0,341847,0,0,62.338,61.3098,3.1178,0,1,1.29386,1.29386,0,1.16396,1.90512,8.37568e+06,3.68648e+06,1.0837e+07,0,320695,0,0
66.6055,85.1408,4.10633,0.04,0.04,2.84836,2.84836,0,0.533774,4.6872,4.03025e+06,2.75803e+06,1.14796e+07,0,341852,0,0,62.0283,61.3098,3.35202,0,1,1.29388,1.29388,0,0.999636,1.90512,8.37568e+06,3.68648e+06,1.08371e+07,0,320700,0,0
66.7558,85.1408,3.25217,0.04,0.04,2.8484,2.8484,0,0.533782,4.6872,4.03025e+06,2.75803e+06,1.14797e+07,0,341857,0,0,62.0173,61.3098,2.07225,0,1,1.2939,1.2939,0,0.999651,1.90512,8.37568e+06,3.68648e+06,1.08373e+07,0,320704,0,0
66.5242,85.1408,2.85628,0.03,0.04,2.84844,2.84844,0,0.53379,4.6872,4.03025e+06,2.75803e+06,1.14799e+07,0,341863,0,0,62.338,61.3098,2.10105,0,1,1.29392,1.29392,0,0.999666,1.90512,8.37568e+06,3.68648e+06,1.08374e+07,0,320709,0,0
68.1824,85.1408,4.90326,0.03,0.04,2.84848,2.84848,0,0.533798,4.6872,4.03025e+06,2.75803e+06,1.14801e+07,0,341868,0,0,62.338,61.3098,3.37048,0,1,1.29394,1.29394,0,0.999681,1.90512,8.37568e+06,3.68648e+06,1.08376e+07,0,320714,0,0
68.8203,85.1408,3.91258,0.01,0.04,2.9526,2.9526,0,0.533805,4.6872,4.03025e+06,2.75803e+06,1.18997e+07,0,354364,0,0,62.338,61.3098,2.92388,0,1,1.346,1.346,0,0.999696,1.90512,8.37568e+06,3.68648e+06,1.12736e+07,0,333618,0,0
71.2085,85.1408,5.817,0.01,0.04,2.95265,2.95265,0,0.553318,4.6872,4.03025e+06,2.75803e+06,1.18999e+07,0,354369,0,0,62.338,61.3098,4.59715,0,1,1.34602,1.34602,0,1.03992,1.90512,8.37568e+06,3.68648e+06,1.12738e+07,0,333623,0,0
72.2977,85.1408,4.43396,0.01,0.04,2.95269,2.95269,0,0.553326,4.6872,4.03025e+06,2.75803e+06,1.19001e+07,0,354374,0,0,62.338,61.3098,3.52532,0,1,1.34604,1.34604,0,1.03993,1.90512,8.37568e+06,3.68648e+06,1.1274e+07,0,333628,0,0
72.6046,85.1408,3.59849,0.01,0.04,2.95273,2.95273,0,0.553334,4.6872,4.03025e+06,2.75803e+06,1.19003e+07,0,354380,0,0,62.338,61.3098,2.84386,0,1,1.34606,1.34606,0,1.03995,1.90512,8.37568e+06,3.68648e+06,1.12741e+07,0,333632,0,0
73.2271,85.1408,3.82619,0,0.04,2.91208,2.91208,0,0.553342,4.6872,4.03025e+06,2.75803e+06,1.17364e+07,0,349501,0,0,62.338,61.3098,4.24424,0,1,1.32586,1.32586,0,1.03996,1.90512,8.37568e+06,3.68648e+06,1.1105e+07,0,328627,0,0
73.0487,85.1408,2.98635,0,0.04,2.91212,2.91212,0,0.545724,4.6872,4.03025e+06,2.75803e+06,1.17366e+07,0,349506,0,0,62.338,61.3098,3.481,0,1,1.32588,1.32588,0,1.02436,1.90512,8.37568e+06,3.68648e+06,1.11052e+07,0,328632,0,0
72.529,85.1408,2.62567,0,0.04,2.91217,2.91217,0,0.545732,4.6872,4.03025e+06,2.75803e+06,1.17368e+07,0,349511,0,0,62.338,61.3098,3.12644,0,1,1.3259,1.3259,0,1.02438,1.90512,8.37568e+06,3.68648e+06,1.11053e+07,0,328637,0,0
72.2203,85.1408,2.84666,0,0.04,2.91221,2.91221,0,0.54574,4.6872,4.03025e+06,2.75803e+06,1.17369e+07,0,349516,0,0,62.338,61.3098,2.68441,0,1,1.32592,1.32592,0,1.02439,1.90512,8.37568e+06,3.68648e+06,1.11055e+07,0,328642,0,0
71.7036,85.1408,2.66328,0,0.04,3.0504,3.0504,0,0.545748,4.6872,4.03025e+06,2.75803e+06,1.22939e+07,0,366102,0,0,62.338,61.3098,2.66911,0,1,1.39763,1.39763,0,1.02441,1.90512,8.37568e+06,3.68648e+06,1.17061e+07,0,346415,0,0
70.7582,85.1408,2.18261,0,0.04,3.05045,3.05045,0,0.571645,4.6872,4.03025e+06,2.75803e+06,1.22941e+07,0,366107,0,0,62.338,61.3098,2.68145,0,1,1.39765,1.39765,0,1.07981,1.90512,8.37568e+06,3.68648e+06,1.17063e+07,0,346420,0,0
69.6282,85.1408,1.98048,0,0.04,3.05049,3.05049,0,0.571654,4.6872,4.03025e+06,2.75803e+06,1.22942e+07,0,366113,0,0,62.338,61.3098,2.37462,0,1,1.39767,1.39767,0,1.07983,1.90512,8.37568e+06,3.68648e+06,1.17064e+07,0,346425,0,0
68.4173,85.1408,1.85946,0,0.04,3.05054,3.05054,0,0.571662,4.6872,4.03025e+06,2.75803e+06,1.22944e+07,0,366118,0,0,62.338,61.3098,2.21013,0,1,1.39769,1.39769,0,1.07984,1.90512,8.37568e+06,3.68648e+06,1.17066e+07,0,346431,0,0
67.1627,85.1408,1.79404,0.01,0.04,3.05058,3.05058,0,0.571671,4.6872,4.03025e+06,2.75803e+06,1.22946e+07,0,366123,0,0,62.3302,61.3098,2.18667,0,1,1.39771,1.39771,0,1.07986,1.90512,8.37568e+06,3.68648e+06,1.17068e+07,0,346436,0,0
65.9911,85.1408,1.83015,0.02,0.04,3.02331,3.02331,0,0.571679,4.6872,4.03025e+06,2.75803e+06,1.21847e+07,0,362850,0,0,62.271,61.3098,2.24197,0,1,1.43714,1.43714,0,1.07987,1.90512,8.37568e+06,3.68648e+06,1.2037e+07,0,356207,0,0
64.6827,85.1408,1.68059,0.03,0.04,3.02335,3.02335,0,0.566568,4.6872,4.03025e+06,2.75803e+06,1.21849e+07,0,362855,0,0,62.1975,61.3098,2.25767,0,1,1.43716,1.43716,0,1.11033,1.90512,8.37568e+06,3.68648e+06,1.20372e+07,0,356213,0,0
63.2515,85.1408,1.53863,0.03,0.04,3.0234,3.0234,0,0.566576,4.6872,4.03025e+06,2.75803e+06,1.2185e+07,0,362860,0,0,62.086,61.3098,1.9767,0,1,1.43718,1.43718,0,1.11035,1.90512,8.37568e+06,3.68648e+06,1.20374e+07,0,356218,0,0
61.7345,85.1408,1.41251,0.03,0.04,3.02344,3.02344,0,0.566584,4.6872,4.03025e+06,2.75803e+06,1.21852e+07,0,362866,0,0,61.9022,61.3098,1.94889,0,1,1.4372,1.4372,0,1.11037,1.90512,8.37568e+06,3.68648e+06,1.20375e+07,0,356223,0,0
60.2195,85.1408,1.46241,0.03,0.04,3.09405,3.09405,0,0.566593,4.6872,4.03025e+06,2.75803e+06,1.24698e+07,0,371340,0,0,61.6734,61.3098,1.90003,0,1,1.47234,1.47234,0,1.11038,1.90512,8.37568e+06,3.68648e+06,1.23319e+07,0,364933,0,0
58.5649,85.1408,1.28844,0.03,0.04,3.09409,3.09409,0,0.579825,4.6872,4.03025e+06,2.75803e+06,1.247e+07,0,371345,0,0,61.2588,61.3098,1.83904,0,1,1.47236,1.47236,0,1.13753,1.90512,8.37568e+06,3.68648e+06,1.2332e+07,0,364939,0,0
56.8282,85.1408,1.18253,0.05,0.04,3.09414,3.09414,0,0.579833,4.6872,4.03025e+06,2.75803e+06,1.24702e+07,0,371351,0,0,60.9052,61.3098,1.60343,0,1,1.47239,1.47239,0,1.13755,1.90512,8.37568e+06,3.68648e+06,1.23322e+07,0,364944,0,0
55.1836,85.1408,1.24371,0.05,0.04,3.09419,3.09419,0,0.579842,4.6872,4.03025e+06,2.75803e+06,1.24703e+07,0,371356,0,0,60.6076,61.3098,1.90296,0,1,1.47241,1.47241,0,1.13757,1.90512,8.37568e+06,3.68648e+06,1.23324e+07,0,364949,0,0
53.4514,85.1408,1.2825,0.05,0.04,3.30088,3.30088,0,0.57985,4.6872,4.03025e+06,2.75803e+06,1.33034e+07,0,396164,0,0,60.1561,61.3098,1.8063,0,1,1.5992,1.5992,0,1.13758,1.90512,8.37568e+06,3.68648e+06,1.33944e+07,0,396376,0,0
51.7871,85.1408,1.31701,0.04,0.04,3.30093,3.30093,0,0.618585,4.6872,4.03025e+06,2.75803e+06,1.33036e+07,0,396169,0,0,59.5376,61.3098,1.66777,0,1,1.59922,1.59922,0,1.23554,1.90512,8.37568e+06,3.68648e+06,1.33946e+07,0,396382,0,0
49.9278,85.1408,1.11089,0.04,0.04,3.30098,3.30098,0,0.618595,4.6872,4.03025e+06,2.75803e+06,1.33038e+07,0,396175,0,0,58.9611,61.3098,1.46909,0,1,1.59925,1.59925,0,1.23556,1.90512,8.37568e+06,3.68648e+06,1.33948e+07,0,396388,0,0
48.2069,85.1408,1.20945,0.05,0.04,3.30103,3.30103,0,0.618604,4.6872,4.03025e+06,2.75803e+06,1.3304e+07,0,396181,0,0,58.4976,61.3098,1.9425,0,1,1.59927,1.59927,0,1.23558,1.90512,8.37568e+06,3.68648e+06,1.3395e+07,0,396393,0,0
46.5093,85.1408,1.24196,0.05,0.04,3.30108,3.30108,0,0.618613,4.6872,4.03025e+06,2.75803e+06,1.33042e+07,0,396187,0,0,58.0037,61.3098,1.81619,0,1,1.59929,1.59929,0,1.2356,1.90512,8.37568e+06,3.68648e+06,1.33952e+07,0,396399,0,0
45.6995,85.1408,2.07882,0.05,0.04,3.20041,3.20041,0,0.618622,4.6872,4.03025e+06,2.75803e+06,1.28984e+07,0,384105,0,0,57.8822,61.3098,2.31266,0,1,1.52237,1.52237,0,1.23561,1.90512,8.37568e+06,3.68648e+06,1.27509e+07,0,377332,0,0
44.5779,85.1408,1.75612,0.05,0.04,3.20045,3.20045,0,0.599756,4.6872,4.03025e+06,2.75803e+06,1.28986e+07,0,384110,0,0,58.0368,61.3098,3.80254,0,1,1.52239,1.52239,0,1.17618,1.90512,8.37568e+06,3.68648e+06,1.2751e+07,0,377338,0,0
43.2181,85.1408,1.51709,0.04,0.04,3.2005,3.2005,0,0.599765,4.6872,4.03025e+06,2.75803e+06,1.28988e+07,0,384116,0,0,57.7725,61.3098,2.11463,0,1,1.52241,1.52241,0,1.1762,1.90512,8.37568e+06,3.68648e+06,1.27512e+07,0,377344,0,0
41.908,85.1408,1.57455,0.04,0.04,3.20055,3.20055,0,0.599774,4.6872,4.03025e+06,2.75803e+06,1.2899e+07,0,384122,0,0,57.5041,61.3098,2.04644,0,1,1.52244,1.52244,0,1.17622,1.90512,8.37568e+06,3.68648e+06,1.27514e+07,0,377349,0,0
42.1012,85.1408,3.21051,0.05,0.04,3.11792,3.11792,0,0.599783,4.6872,4.03025e+06,2.75803e+06,1.2566e+07,0,374205,0,0,57.873,61.3098,3.51446,0,1,1.45241,1.45241,0,1.17623,1.90512,8.37568e+06,3.68648e+06,1.21649e+07,0,359993,0,0
42.2625,85.1408,3.11687,0.05,0.04,3.11796,3.11796,0,0.584298,4.6872,4.03025e+06,2.75803e+06,1.25662e+07,0,374210,0,0,58.0411,61.3098,2.4232,0,1,1.45243,1.45243,0,1.12213,1.90512,8.37568e+06,3.68648e+06,1.21651e+07,0,359998,0,0
42.7408,85.1408,3.34671,0.05,0.04,3.11801,3.11801,0,0.584306,4.6872,4.03025e+06,2.75803e+06,1.25664e+07,0,374216,0,0,58.1701,61.3098,2.85033,0,1,1.45245,1.45245,0,1.12215,1.90512,8.37568e+06,3.68648e+06,1.21653e+07,0,360003,0,0
42.983,85.1408,3.12711,0.04,0.04,3.11806,3.11806,0,0.584315,4.6872,4.03025e+06,2.75803e+06,1.25665e+07,0,374221,0,0,58.4758,61.3098,3.12767,0,1,1.45247,1.45247,0,1.12217,1.90512,8.37568e+06,3.68648e+06,1.21655e+07,0,360009,0,0
43.2112,85.1408,2.96259,0.04,0.04,2.88327,2.88327,0,0.584324,4.6872,4.03025e+06,2.75803e+06,1.16203e+07,0,346043,0,0,58.7633,61.3098,2.58558,0,1,1.3066,1.3066,0,1.12218,1.90512,8.37568e+06,3.68648e+06,1.09436e+07,0,323852,0,0
42.5888,85.1408,2.17701,0.04,0.04,2.88332,2.88332,0,0.540325,4.6872,4.03025e+06,2.75803e+06,1.16205e+07,0,346048,0,0,58.4659,61.3098,2.04585,0,1,1.30662,1.30662,0,1.00948,1.90512,8.37568e+06,3.68648e+06,1.09438e+07,0,323857,0,0
40.9975,85.1408,1.10667,0.04,0.04,2.88336,2.88336,0,0.540333,4.6872,4.03025e+06,2.75803e+06,1.16207e+07,0,346053,0,0,58.4195,61.3098,1.31719,0,1,1.30664,1.30664,0,1.00949,1.90512,8.37568e+06,3.68648e+06,1.0944e+07,0,323862,0,0
40.7902,85.1408,2.28482,0.06,0.04,2.65569,2.8834,0,0.540341,4.6872,4.03025e+06,2.75803e+06,1.07031e+07,0,346059,0,0,58.2214,61.3098,2.06644,0,1,1.53437,1.30666,0,1.00951,1.90512,8.37568e+06,3.68648e+06,1.28514e+07,0,323866,0,0
41.2724,85.1408,3.06896,0.08,0.04,2.65575,2.88344,0,0.497676,4.6872,4.03025e+06,2.75803e+06,1.07033e+07,0,346064,0,0,58.2284,61.3098,2.81199,0,1,1.53437,1.30668,0,1.18546,1.90512,8.37568e+06,3.68648e+06,1.28514e+07,0,323871,0,0
42.1891,85.1408,3.65245,0.09,0.04,2.74614,2.97382,0,0.497687,4.6872,4.03025e+06,2.75803e+06,1.10676e+07,0,356910,0,0,58.3902,61.3098,2.43335,0,1,1.57662,1.34894,0,1.18546,1.90512,8.37568e+06,3.68648e+06,1.32053e+07,0,334348,0,0
43.0867,85.1408,3.64473,0.1,0.04,2.78844,2.97385,0,0.514627,4.6872,4.03025e+06,2.75803e+06,1.12381e+07,0,356914,0,0,58.7087,61.3098,4.20253,0,1,1.53437,1.34896,0,1.2181,1.90512,8.37568e+06,3.68648e+06,1.28513e+07,0,334351,0,0
46.3391,85.1408,6.12158,0.06,0.04,2.78848,2.97388,0,0.522554,4.6872,4.03025e+06,2.75803e+06,1.12383e+07,0,356917,0,0,59.2282,61.3098,5.02069,0,1,1.53437,1.34897,0,1.18545,1.90512,8.37568e+06,3.68648e+06,1.28513e+07,0,334355,0,0
47.7765,85.1408,4.34507,0.06,0.04,2.78853,2.97391,0,0.522562,4.6872,4.03025e+06,2.75803e+06,1.12385e+07,0,356921,0,0,59.4695,61.3098,4.94816,0,1,1.53437,1.34899,0,1.18545,1.90512,8.37568e+06,3.68648e+06,1.28513e+07,0,334358,0,0
48.2937,85.1408,3.59751,0.06,0.04,3.07864,3.26401,0,0.52257,4.6872,4.03025e+06,2.75803e+06,1.24077e+07,0,391738,0,0,59.5965,61.3098,3.76763,0,1,1.69298,1.50761,0,1.18545,1.90512,8.37568e+06,3.68648e+06,1.41798e+07,0,373675,0,0
49.1191,85.1408,4.03882,0.07,0.04,3.2373,3.26404,0,0.576937,4.6872,4.03025e+06,2.75803e+06,1.30471e+07,0,391742,0,0,60.001,61.3098,4.03034,0,1,1.53437,1.50763,0,1.308,1.90512,8.37568e+06,3.68648e+06,1.28514e+07,0,373679,0,0
49.9841,85.1408,4.07408,0.07,0.04,3.23735,3.26407,0,0.60667,4.6872,4.03025e+06,2.75803e+06,1.30473e+07,0,391746,0,0,60.3248,61.3098,4.28072,0,1,1.53437,1.50764,0,1.18545,1.90512,8.37568e+06,3.68648e+06,1.28514e+07,0,373683,0,0
49.6441,85.1408,2.80629,0.07,0.04,3.2374,3.26411,0,0.606679,4.6872,4.03025e+06,2.75803e+06,1.30475e+07,0,391750,0,0,60.2627,61.3098,2.95854,0,1,1.53437,1.50766,0,1.18545,1.90512,8.37568e+06,3.68648e+06,1.28514e+07,0,373686,0,0
50.23,85.1408,3.42592,0.08,0.04,2.82369,2.85039,0,0.606688,4.6872,4.03025e+06,2.75803e+06,1.13802e+07,0,342097,0,0,60.707,61.3098,3.00071,0,1,1.3215,1.2948,0,1.18545,1.90512,8.37568e+06,3.68648e+06,1.10684e+07,0,320929,0,0
51.5246,85.1408,4.05021,0.09,0.04,2.61087,2.85042,0,0.52916,4.6872,4.03025e+06,2.75803e+06,1.05224e+07,0,342100,0,0,61.5161,61.3098,4.12035,0,1,1.53437,1.29482,0,1.02099,1.90512,8.37568e+06,3.68648e+06,1.28513e+07,0,320932,0,0
54.1415,85.1408,5.70348,0.05,0.04,2.85045,2.85045,0,0.489277,4.6872,4.03025e+06,2.75803e+06,1.1488e+07,0,342103,0,0,62.338,61.3098,4.3669,0,1,1.29483,1.29483,0,1.18545,1.90512,8.37568e+06,3.68648e+06,1.08451e+07,0,320935,0,0
56.7357,85.1408,5.64268,0.05,0.04,2.85048,2.85048,0,0.534174,4.6872,4.03025e+06,2.75803e+06,1.14881e+07,0,342107,0,0,62.338,61.3098,4.25309,0,1,1.29484,1.29484,0,1.00039,1.90512,8.37568e+06,3.68648e+06,1.08452e+07,0,320938,0,0
59.3972,85.1408,5.77165,0.05,0.04,2.8505,2.8505,0,0.534179,4.6872,4.03025e+06,2.75803e+06,1.14882e+07,0,342110,0,0,62.338,61.3098,5.08524,0,1,1.29486,1.29486,0,1.0004,1.90512,8.37568e+06,3.68648e+06,1.08453e+07,0,320942,0,0
61.5567,85.1408,5.42855,0.05,0.04,2.95468,2.95468,0,0.534184,4.6872,4.03025e+06,2.75803e+06,1.19081e+07,0,354614,0,0,62.338,61.3098,3.72676,0,1,1.34695,1.34695,0,1.00041,1.90512,8.37568e+06,3.68648e+06,1.12816e+07,0,333853,0,0
64.3079,85.1408,6.05698,0.02,0.04,2.95471,2.95471,0,0.553708,4.6872,4.03025e+06,2.75803e+06,1.19082e+07,0,354617,0,0,62.338,61.3098,6.06244,0,1,1.34696,1.34696,0,1.04065,1.90512,8.37568e+06,3.68648e+06,1.12817e+07,0,333856,0,0
66.1394,85.1408,5.24577,0.02,0.04,2.95474,2.95474,0,0.553713,4.6872,4.03025e+06,2.75803e+06,1.19084e+07,0,354621,0,0,62.338,61.3098,7.19224,0,1,1.34697,1.34697,0,1.04066,1.90512,8.37568e+06,3.68648e+06,1.12818e+07,0,333860,0,0
66.6478,85.1408,3.89545,0.02,0.04,2.95477,2.95477,0,0.553719,4.6872,4.03025e+06,2.75803e+06,1.19085e+07,0,354625,0,0,62.338,61.3098,5.22983,0,1,1.34699,1.34699,0,1.04067,1.90512,8.37568e+06,3.68648e+06,1.12819e+07,0,333863,0,0
67.02,85.1408,3.59338,0.01,0.04,2.91408,2.91408,0,0.553725,4.6872,4.03025e+06,2.75803e+06,1.17445e+07,0,349740,0,0,62.338,61.3098,3.93256,0,1,1.32677,1.32677,0,1.04068,1.90512,8.37568e+06,3.68648e+06,1.11126e+07,0,328853,0,0
67.9741,85.1408,4.1662,0.01,0.04,2.91411,2.91411,0,0.546098,4.6872,4.03025e+06,2.75803e+06,1.17446e+07,0,349744,0,0,62.338,61.3098,4.12382,0,1,1.32679,1.32679,0,1.02507,1.90512,8.37568e+06,3.68648e+06,1.11127e+07,0,328856,0,0
68.3128,85.1408,3.56751,0.01,0.04,2.91414,2.91414,0,0.546104,4.6872,4.03025e+06,2.75803e+06,1.17447e+07,0,349748,0,0,62.338,61.3098,3.94405,0,1,1.3268,1.3268,0,1.02508,1.90512,8.37568e+06,3.68648e+06,1.11129e+07,0,328859,0,0
68.6903,85.1408,3.53999,0,0.04,2.91417,2.91417,0,0.546109,4.6872,4.03025e+06,2.75803e+06,1.17448e+07,0,349751,0,0,62.338,61.3098,3.9001,0,1,1.32681,1.32681,0,1.02509,1.90512,8.37568e+06,3.68648e+06,1.1113e+07,0,328863,0,0
68.6257,85.1408,3.13715,0,0.04,3.05244,3.05244,0,0.546115,4.6872,4.03025e+06,2.75803e+06,1.23021e+07,0,366346,0,0,62.338,61.3098,3.96803,0,1,1.39856,1.39856,0,1.0251,1.90512,8.37568e+06,3.68648e+06,1.17139e+07,0,346646,0,0
68.2404,85.1408,2.78077,0,0.04,3.05247,3.05247,0,0.572027,4.6872,4.03025e+06,2.75803e+06,1.23022e+07,0,366350,0,0,62.338,61.3098,3.51765,0,1,1.39858,1.39858,0,1.08053,1.90512,8.37568e+06,3.68648e+06,1.1714e+07,0,346650,0,0
67.5109,85.1408,2.42172,0,0.04,3.0525,3.0525,0,0.572033,4.6872,4.03025e+06,2.75803e+06,1.23023e+07,0,366353,0,0,62.338,61.3098,3.4469,0,1,1.39859,1.39859,0,1.08054,1.90512,8.37568e+06,3.68648e+06,1.17141e+07,0,346653,0,0
66.5592,85.1408,2.18195,0.01,0.04,3.05253,3.05253,0,0.572038,4.6872,4.03025e+06,2.75803e+06,1.23025e+07,0,366357,0,0,62.338,61.3098,2.94179,0,1,1.3986,1.3986,0,1.08055,1.90512,8.37568e+06,3.68648e+06,1.17143e+07,0,346657,0,0
65.5383,85.1408,2.07276,0.01,0.04,3.05256,3.05256,0,0.572044,4.6872,4.03025e+06,2.75803e+06,1.23026e+07,0,366361,0,0,62.338,61.3098,2.90511,0,1,1.39862,1.39862,0,1.08056,1.90512,8.37568e+06,3.68648e+06,1.17144e+07,0,346660,0,0
64.785,85.1408,2.28084,0.02,0.04,3.02525,3.02525,0,0.57205,4.6872,4.03025e+06,2.75803e+06,1.21925e+07,0,363083,0,0,62.2978,61.3098,2.34511,0,1,1.43806,1.43806,0,1.08057,1.90512,8.37568e+06,3.68648e+06,1.20447e+07,0,356436,0,0
63.9021,85.1408,2.14341,0.03,0.04,3.02528,3.02528,0,0.566932,4.6872,4.03025e+06,2.75803e+06,1.21926e+07,0,363087,0,0,62.2271,61.3098,2.21041,0,1,1.43808,1.43808,0,1.11105,1.90512,8.37568e+06,3.68648e+06,1.20449e+07,0,356440,0,0
62.8456,85.1408,1.95796,0.02,0.04,3.02531,3.02531,0,0.566938,4.6872,4.03025e+06,2.75803e+06,1.21928e+07,0,363090,0,0,62.1417,61.3098,2.17475,0,1,1.43809,1.43809,0,1.11106,1.90512,8.37568e+06,3.68648e+06,1.2045e+07,0,356444,0,0
61.6307,85.1408,1.77516,0.03,0.04,3.02534,3.02534,0,0.566943,4.6872,4.03025e+06,2.75803e+06,1.21929e+07,0,363094,0,0,62.0209,61.3098,1.95881,0,1,1.43811,1.43811,0,1.11107,1.90512,8.37568e+06,3.68648e+06,1.20451e+07,0,356447,0,0
60.4516,85.1408,1.80835,0.03,0.04,3.09598,3.09598,0,0.566949,4.6872,4.03025e+06,2.75803e+06,1.24776e+07,0,371572,0,0,61.8039,61.3098,2.02681,0,1,1.47326,1.47326,0,1.11108,1.90512,8.37568e+06,3.68648e+06,1.23396e+07,0,365161,0,0
59.4169,85.1408,1.96642,0.03,0.04,3.09601,3.09601,0,0.580187,4.6872,4.03025e+06,2.75803e+06,1.24777e+07,0,371575,0,0,61.6291,61.3098,2.36757,0,1,1.47328,1.47328,0,1.13824,1.90512,8.37568e+06,3.68648e+06,1.23397e+07,0,365165,0,0
58.2701,85.1408,1.81727,0.05,0.04,3.09604,3.09604,0,0.580192,4.6872,4.03025e+06,2.75803e+06,1.24778e+07,0,371579,0,0,61.3864,61.3098,2.27653,0,1,1.47329,1.47329,0,1.13825,1.90512,8.37568e+06,3.68648e+06,1.23398e+07,0,365168,0,0
56.9816,85.1408,1.6539,0.05,0.04,3.09607,3.09607,0,0.580198,4.6872,4.03025e+06,2.75803e+06,1.24779e+07,0,371583,0,0,61.1121,61.3098,1.97094,0,1,1.47331,1.47331,0,1.13826,1.90512,8.37568e+06,3.68648e+06,1.23399e+07,0,365172,0,0
55.7488,85.1408,1.84216,0.04,0.04,3.30288,3.30288,0,0.580204,4.6872,4.03025e+06,2.75803e+06,1.33114e+07,0,396403,0,0,60.7662,61.3098,2.36649,0,1,1.60017,1.60017,0,1.13828,1.90512,8.37568e+06,3.68648e+06,1.34025e+07,0,396616,0,0
54.6199,85.1408,1.92316,0.04,0.04,3.30291,3.30291,0,0.61896,4.6872,4.03025e+06,2.75803e+06,1.33116e+07,0,396407,0,0,60.1884,61.3098,1.7211,0,1,1.60018,1.60018,0,1.23629,1.90512,8.37568e+06,3.68648e+06,1.34026e+07,0,396620,0,0
53.182,85.1408,1.61621,0.04,0.04,3.30295,3.30295,0,0.618966,4.6872,4.03025e+06,2.75803e+06,1.33117e+07,0,396411,0,0,59.6847,61.3098,1.51482,0,1,1.6002,1.6002,0,1.2363,1.90512,8.37568e+06,3.68648e+06,1.34027e+07,0,396624,0,0
51.9276,85.1408,1.7639,0.04,0.04,3.30298,3.30298,0,0.618972,4.6872,4.03025e+06,2.75803e+06,1.33118e+07,0,396415,0,0,59.3283,61.3098,2.00825,0,1,1.60022,1.60022,0,1.23631,1.90512,8.37568e+06,3.68648e+06,1.34029e+07,0,396628,0,0
50.5719,85.1408,1.64076,0.04,0.04,3.30301,3.30301,0,0.618978,4.6872,4.03025e+06,2.75803e+06,1.3312e+07,0,396419,0,0,58.8094,61.3098,1.78638,0,1,1.60023,1.60023,0,1.23633,1.90512,8.37568e+06,3.68648e+06,1.3403e+07,0,396632,0,0
49.6587,85.1408,1.94203,0.05,0.04,3.20227,3.20227,0,0.618985,4.6872,4.03025e+06,2.75803e+06,1.29059e+07,0,384328,0,0,58.4815,61.3098,1.71351,0,1,1.52325,1.52325,0,1.23634,1.90512,8.37568e+06,3.68648e+06,1.27583e+07,0,377552,0,0
48.5545,85.1408,1.8216,0.04,0.04,3.2023,3.2023,0,0.600105,4.6872,4.03025e+06,2.75803e+06,1.29061e+07,0,384332,0,0,58.3201,61.3098,1.84936,0,1,1.52327,1.52327,0,1.17686,1.90512,8.37568e+06,3.68648e+06,1.27584e+07,0,377556,0,0
47.7347,85.1408,2.10217,0.04,0.04,3.20233,3.20233,0,0.600111,4.6872,4.03025e+06,2.75803e+06,1.29062e+07,0,384336,0,0,58.3399,61.3098,2.30015,0,1,1.52328,1.52328,0,1.17688,1.90512,8.37568e+06,3.68648e+06,1.27585e+07,0,377559,0,0
46.8552,85.1408,2.07843,0.04,0.04,3.20236,3.20236,0,0.600117,4.6872,4.03025e+06,2.75803e+06,1.29063e+07,0,384340,0,0,58.3559,61.3098,2.28766,0,1,1.5233,1.5233,0,1.17689,1.90512,8.37568e+06,3.68648e+06,1.27587e+07,0,377563,0,0
46.2033,85.1408,2.28787,0.04,0.04,3.11967,3.11967,0,0.600123,4.6872,4.03025e+06,2.75803e+06,1.2573e+07,0,374415,0,0,58.7141,61.3098,3.19679,0,1,1.45323,1.45323,0,1.1769,1.90512,8.37568e+06,3.68648e+06,1.21718e+07,0,360195,0,0
45.4278,85.1408,2.17971,0.04,0.04,3.1197,3.1197,0,0.584626,4.6872,4.03025e+06,2.75803e+06,1.25732e+07,0,374419,0,0,58.8035,61.3098,2.35379,0,1,1.45324,1.45324,0,1.12276,1.90512,8.37568e+06,3.68648e+06,1.21719e+07,0,360199,0,0
44.6739,85.1408,2.09243,0.04,0.04,3.11973,3.11973,0,0.584632,4.6872,4.03025e+06,2.75803e+06,1.25733e+07,0,374422,0,0,58.7709,61.3098,1.82761,0,1,1.45326,1.45326,0,1.12277,1.90512,8.37568e+06,3.68648e+06,1.2172e+07,0,360202,0,0
43.9239,85.1408,2.09968,0.04,0.04,3.11976,3.11976,0,0.584638,4.6872,4.03025e+06,2.75803e+06,1.25734e+07,0,374426,0,0,58.9846,61.3098,2.76903,0,1,1.45327,1.45327,0,1.12279,1.90512,8.37568e+06,3.68648e+06,1.21721e+07,0,360206,0,0
43.8803,85.1408,2.62158,0.04,0.04,2.88484,2.88484,0,0.584644,4.6872,4.03025e+06,2.75803e+06,1.16266e+07,0,346231,0,0,59.2762,61.3098,2.2891,0,1,1.30731,1.30731,0,1.1228,1.90512,8.37568e+06,3.68648e+06,1.09496e+07,0,324028,0,0
46.6999,85.1408,5.62074,0.04,0.04,2.88487,2.88487,0,0.540619,4.6872,4.03025e+06,2.75803e+06,1.16267e+07,0,346235,0,0,60.3539,61.3098,4.05759,0,1,1.30732,1.30732,0,1.01003,1.90512,8.37568e+06,3.68648e+06,1.09497e+07,0,324031,0,0
47.6034,85.1408,3.70952,0.04,0.04,2.8849,2.8849,0,0.540624,4.6872,4.03025e+06,2.75803e+06,1.16269e+07,0,346238,0,0,60.6753,61.3098,2.88124,0,1,1.30733,1.30733,0,1.01004,1.90512,8.37568e+06,3.68648e+06,1.09498e+07,0,324034,0,0
47.847,85.1408,3.0227,0.05,0.04,2.88493,2.88493,0,0.54063,4.6872,4.03025e+06,2.75803e+06,1.1627e+07,0,346242,0,0,60.6107,61.3098,2.01371,0,1,1.30735,1.30735,0,1.01005,1.90512,8.37568e+06,3.68648e+06,1.09499e+07,0,324038,0,0
47.412,85.1408,2.34317,0.05,0.04,2.88496,2.88496,0,0.540635,4.6872,4.03025e+06,2.75803e+06,1.16271e+07,0,346245,0,0,61.1996,61.3098,2.12367,0,1,1.30736,1.30736,0,1.01006,1.90512,8.37568e+06,3.68648e+06,1.095e+07,0,324041,0,0
49.752,85.1408,5.19634,0.05,0.04,2.88496,2.88496,0,0.540641,4.6872,4.03025e+06,2.75803e+06,1.16271e+07,0,346245,0,0,62.1563,61.3098,4.34218,0,1,1.30736,1.30736,0,1.01007,1.90512,8.37568e+06,3.68648e+06,1.095e+07,0,324041,0,0
51.0025,85.1408,4.21012,0.05,0.04,2.97536,2.97536,0,0.540641,4.6872,4.03025e+06,2.75803e+06,1.19914e+07,0,357095,0,0,62.338,61.3098,2.85338,0,1,1.34965,1.34965,0,1.01007,1.90512,8.37568e+06,3.68648e+06,1.13042e+07,0,334522,0,0
51.8795,85.1408,3.76007,0.06,0.04,2.79067,2.97538,0,0.557583,4.6872,4.03025e+06,2.75803e+06,1.12471e+07,0,357097,0,0,62.1218,61.3098,2.55148,0,1,1.53436,1.34965,0,1.04274,1.90512,8.37568e+06,3.68648e+06,1.28513e+07,0,334523,0,0
52.0044,85.1408,3.08841,0.05,0.04,2.97539,2.97539,0,0.522972,4.6872,4.03025e+06,2.75803e+06,1.19916e+07,0,357099,0,0,62.2622,61.3098,2.01532,0,1,1.34966,1.34966,0,1.18545,1.90512,8.37568e+06,3.68648e+06,1.13043e+07,0,334525,0,0
52.3173,85.1408,3.2663,0.05,0.04,2.97541,2.97541,0,0.557589,4.6872,4.03025e+06,2.75803e+06,1.19916e+07,0,357101,0,0,62.338,61.3098,2.25791,0,1,1.34967,1.34967,0,1.04275,1.90512,8.37568e+06,3.68648e+06,1.13044e+07,0,334527,0,0
52.905,85.1408,3.75852,0.05,0.04,3.26564,3.26564,0,0.557592,4.6872,4.03025e+06,2.75803e+06,1.31613e+07,0,391934,0,0,62.2547,61.3098,2.59277,0,1,1.50837,1.50837,0,1.04275,1.90512,8.37568e+06,3.68648e+06,1.26336e+07,0,373862,0,0
55.9427,85.1408,6.38926,0.05,0.04,3.26566,3.26566,0,0.611981,4.6872,4.03025e+06,2.75803e+06,1.31614e+07,0,391936,0,0,62.338,61.3098,3.24514,0,1,1.50838,1.50838,0,1.16536,1.90512,8.37568e+06,3.68648e+06,1.26337e+07,0,373864,0,0
58.9416,85.1408,6.52776,0.05,0.04,3.26568,3.26568,0,0.611985,4.6872,4.03025e+06,2.75803e+06,1.31615e+07,0,391938,0,0,62.338,61.3098,3.69128,0,1,1.50838,1.50838,0,1.16537,1.90512,8.37568e+06,3.68648e+06,1.26337e+07,0,373866,0,0
60.6051,85.1408,5.10222,0.05,0.04,3.26569,3.26569,0,0.611988,4.6872,4.03025e+06,2.75803e+06,1.31616e+07,0,391940,0,0,62.338,61.3098,3.0407,0,1,1.50839,1.50839,0,1.16538,1.90512,8.37568e+06,3.68648e+06,1.26338e+07,0,373868,0,0
62.0279,85.1408,4.56333,0.03,0.04,2.85176,2.85176,0,0.611991,4.6872,4.03025e+06,2.75803e+06,1.14933e+07,0,342261,0,0,62.338,61.3098,4.06399,0,1,1.29543,1.29543,0,1.16538,1.90512,8.37568e+06,3.68648e+06,1.08501e+07,0,321083,0,0
62.9379,85.1408,4.06661,0.03,0.04,2.85178,2.85178,0,0.53442,4.6872,4.03025e+06,2.75803e+06,1.14934e+07,0,342263,0,0,62.338,61.3098,2.9792,0,1,1.29543,1.29543,0,1.00085,1.90512,8.37568e+06,3.68648e+06,1.08501e+07,0,321085,0,0
63.1745,85.1408,3.36024,0.03,0.04,2.85179,2.85179,0,0.534423,4.6872,4.03025e+06,2.75803e+06,1.14934e+07,0,342265,0,0,62.338,61.3098,2.59071,0,1,1.29544,1.29544,0,1.00085,1.90512,8.37568e+06,3.68648e+06,1.08502e+07,0,321087,0,0
63.9371,85.1408,3.93996,0.03,0.04,2.85181,2.85181,0,0.534426,4.6872,4.03025e+06,2.75803e+06,1.14935e+07,0,342267,0,0,62.338,61.3098,2.88888,0,1,1.29545,1.29545,0,1.00086,1.90512,8.37568e+06,3.68648e+06,1.08503e+07,0,321088,0,0
64.0685,85.1408,3.26394,0.03,0.04,2.85182,2.85182,0,0.534429,4.6872,4.03025e+06,2.75803e+06,1.14936e+07,0,342269,0,0,62.2623,61.3098,2.45374,0,1,1.29546,1.29546,0,1.00086,1.90512,8.37568e+06,3.68648e+06,1.08503e+07,0,321090,0,0
64.0066,85.1408,3.18945,0.02,0.04,2.95604,2.95604,0,0.534432,4.6872,4.03025e+06,2.75803e+06,1.19136e+07,0,354776,0,0,62.338,61.3098,2.27208,0,1,1.34756,1.34756,0,1.00087,1.90512,8.37568e+06,3.68648e+06,1.12868e+07,0,334006,0,0
63.5491,85.1408,2.72049,0.02,0.04,2.95606,2.95606,0,0.553962,4.6872,4.03025e+06,2.75803e+06,1.19136e+07,0,354778,0,0,62.338,61.3098,2.37175,0,1,1.34757,1.34757,0,1.04113,1.90512,8.37568e+06,3.68648e+06,1.12868e+07,0,334008,0,0
63.1167,85.1408,2.73874,0.01,0.04,2.95607,2.95607,0,0.553965,4.6872,4.03025e+06,2.75803e+06,1.19137e+07,0,354780,0,0,62.338,61.3098,2.1643,0,1,1.34758,1.34758,0,1.04113,1.90512,8.37568e+06,3.68648e+06,1.12869e+07,0,334010,0,0
62.9078,85.1408,2.89426,0.01,0.04,2.95609,2.95609,0,0.553968,4.6872,4.03025e+06,2.75803e+06,1.19138e+07,0,354782,0,0,62.2546,61.3098,2.40375,0,1,1.34759,1.34759,0,1.04114,1.90512,8.37568e+06,3.68648e+06,1.12869e+07,0,334011,0,0
62.1234,85.1408,2.23643,0.01,0.04,2.91536,2.91536,0,0.553971,4.6872,4.03025e+06,2.75803e+06,1.17496e+07,0,349894,0,0,62.2192,61.3098,2.00189,0,1,1.32736,1.32736,0,1.04115,1.90512,8.37568e+06,3.68648e+06,1.11175e+07,0,328997,0,0
61.1805,85.1408,2.06022,0.01,0.04,2.91538,2.91538,0,0.546339,4.6872,4.03025e+06,2.75803e+06,1.17497e+07,0,349896,0,0,62.2392,61.3098,2.04351,0,1,1.32736,1.32736,0,1.02552,1.90512,8.37568e+06,3.68648e+06,1.11176e+07,0,328999,0,0
61.3796,85.1408,3.22656,0.01,0.04,2.91539,2.91539,0,0.546342,4.6872,4.03025e+06,2.75803e+06,1.17498e+07,0,349898,0,0,62.338,61.3098,2.42936,0,1,1.32737,1.32737,0,1.02552,1.90512,8.37568e+06,3.68648e+06,1.11176e+07,0,329001,0,0
60.5016,85.1408,2.07809,0.02,0.04,2.91541,2.91541,0,0.546344,4.6872,4.03025e+06,2.75803e+06,1.17498e+07,0,349900,0,0,62.338,61.3098,2.04125,0,1,1.32738,1.32738,0,1.02553,1.90512,8.37568e+06,3.68648e+06,1.11177e+07,0,329003,0,0
59.4169,85.1408,1.92634,0.01,0.04,3.05372,3.05372,0,0.546347,4.6872,4.03025e+06,2.75803e+06,1.23073e+07,0,366500,0,0,62.2468,61.3098,1.94111,0,1,1.39915,1.39915,0,1.02553,1.90512,8.37568e+06,3.68648e+06,1.17188e+07,0,346792,0,0
58.248,85.1408,1.80869,0.03,0.04,3.05374,3.05374,0,0.572268,4.6872,4.03025e+06,2.75803e+06,1.23073e+07,0,366502,0,0,62.1724,61.3098,1.96501,0,1,1.39916,1.39916,0,1.08098,1.90512,8.37568e+06,3.68648e+06,1.17189e+07,0,346794,0,0
57.027,85.1408,1.73632,0.03,0.04,3.05376,3.05376,0,0.572271,4.6872,4.03025e+06,2.75803e+06,1.23074e+07,0,366504,0,0,62.0669,61.3098,1.9021,0,1,1.39917,1.39917,0,1.08099,1.90512,8.37568e+06,3.68648e+06,1.1719e+07,0,346796,0,0
55.7184,85.1408,1.62694,0.03,0.04,3.05377,3.05377,0,0.572274,4.6872,4.03025e+06,2.75803e+06,1.23075e+07,0,366506,0,0,61.8991,61.3098,1.77192,0,1,1.39917,1.39917,0,1.081,1.90512,8.37568e+06,3.68648e+06,1.1719e+07,0,346798,0,0
54.4442,85.1408,1.63273,0.03,0.04,3.05379,3.05379,0,0.572277,4.6872,4.03025e+06,2.75803e+06,1.23075e+07,0,366508,0,0,61.7419,61.3098,1.85045,0,1,1.39918,1.39918,0,1.081,1.90512,8.37568e+06,3.68648e+06,1.17191e+07,0,346800,0,0
53.1424,85.1408,1.5431,0.03,0.04,3.02645,3.02645,0,0.57228,4.6872,4.03025e+06,2.75803e+06,1.21974e+07,0,363227,0,0,61.4714,61.3098,1.77384,0,1,1.43863,1.43863,0,1.08101,1.90512,8.37568e+06,3.68648e+06,1.20495e+07,0,356578,0,0
51.7886,85.1408,1.46471,0.03,0.04,3.02647,3.02647,0,0.567157,4.6872,4.03025e+06,2.75803e+06,1.21974e+07,0,363229,0,0,61.1042,61.3098,1.691,0,1,1.43864,1.43864,0,1.11149,1.90512,8.37568e+06,3.68648e+06,1.20496e+07,0,356580,0,0
50.3481,85.1408,1.35367,0.03,0.04,3.02649,3.02649,0,0.56716,4.6872,4.03025e+06,2.75803e+06,1.21975e+07,0,363231,0,0,60.6172,61.3098,1.57799,0,1,1.43865,1.43865,0,1.11149,1.90512,8.37568e+06,3.68648e+06,1.20497e+07,0,356582,0,0
48.9282,85.1408,1.34322,0.05,0.04,3.0265,3.0265,0,0.567164,4.6872,4.03025e+06,2.75803e+06,1.21976e+07,0,363233,0,0,60.1219,61.3098,1.50031,0,1,1.43866,1.43866,0,1.1115,1.90512,8.37568e+06,3.68648e+06,1.20497e+07,0,356584,0,0
47.4782,85.1408,1.33348,0.05,0.04,3.09715,3.09715,0,0.567167,4.6872,4.03025e+06,2.75803e+06,1.24823e+07,0,371712,0,0,59.5287,61.3098,1.51627,0,1,1.47382,1.47382,0,1.11151,1.90512,8.37568e+06,3.68648e+06,1.23442e+07,0,365299,0,0
45.9092,85.1408,1.18462,0.05,0.04,3.09717,3.09717,0,0.580406,4.6872,4.03025e+06,2.75803e+06,1.24824e+07,0,371714,0,0,58.8788,61.3098,1.41527,0,1,1.47383,1.47383,0,1.13867,1.90512,8.37568e+06,3.68648e+06,1.23443e+07,0,365301,0,0
44.2472,85.1408,1.07812,0.05,0.04,3.09719,3.09719,0,0.580409,4.6872,4.03025e+06,2.75803e+06,1.24824e+07,0,371716,0,0,58.2374,61.3098,1.34006,0,1,1.47383,1.47383,0,1.13868,1.90512,8.37568e+06,3.68648e+06,1.23444e+07,0,365303,0,0
42.4394,85.1408,0.917888,0.05,0.04,3.0972,3.0972,0,0.580412,4.6872,4.03025e+06,2.75803e+06,1.24825e+07,0,371718,0,0,57.6924,61.3098,1.35425,0,1,1.47384,1.47384,0,1.13868,1.90512,8.37568e+06,3.68648e+06,1.23444e+07,0,365305,0,0
40.3157,85.1408,0.754424,0.06,0.04,3.24356,3.30407,0,0.580416,4.6872,4.03025e+06,2.75803e+06,1.30723e+07,0,396546,0,0,56.8983,61.3098,1.40465,0,1,1.66125,1.60074,0,1.13869,1.90512,8.37568e+06,3.68648e+06,1.39141e+07,0,396758,0,0
38.1484,85.1408,0.76577,0.07,0.04,3.30409,3.30409,0,0.607843,4.6872,4.03025e+06,2.75803e+06,1.33163e+07,0,396548,0,0,56.3782,61.3098,1.34689,0,1,1.60075,1.60075,0,1.28348,1.90512,8.37568e+06,3.68648e+06,1.34074e+07,0,396761,0,0
36.3352,85.1408,1.13278,0.07,0.04,3.3041,3.3041,0,0.619186,4.6872,4.03025e+06,2.75803e+06,1.33164e+07,0,396550,0,0,55.9541,61.3098,1.61539,0,1,1.60076,1.60076,0,1.23674,1.90512,8.37568e+06,3.68648e+06,1.34074e+07,0,396763,0,0
34.9703,85.1408,1.61782,0.07,0.04,3.30412,3.30412,0,0.619189,4.6872,4.03025e+06,2.75803e+06,1.33164e+07,0,396552,0,0,55.6602,61.3098,1.79323,0,1,1.60077,1.60077,0,1.23675,1.90512,8.37568e+06,3.68648e+06,1.34075e+07,0,396765,0,0
33.2199,85.1408,1.22138,0.06,0.04,3.30414,3.30414,0,0.619192,4.6872,4.03025e+06,2.75803e+06,1.33165e+07,0,396555,0,0,55.4541,61.3098,2.84613,0,1,1.60078,1.60078,0,1.23675,1.90512,8.37568e+06,3.68648e+06,1.34076e+07,0,396767,0,0
31.6558,85.1408,1.32916,0.09,0.04,3.20334,3.20334,0,0.619196,4.6872,4.03025e+06,2.75803e+06,1.29103e+07,0,384457,0,0,55.3674,61.3098,2.84062,0,1,1.52377,1.52377,0,1.23676,1.90512,8.37568e+06,3.68648e+06,1.27626e+07,0,377679,0,0
30.5136,85.1408,1.76673,0.09,0.04,3.19277,3.20336,0,0.600307,4.6872,4.03025e+06,2.75803e+06,1.28677e+07,0,384459,0,0,55.4659,61.3098,3.87711,0,1,1.53436,1.52377,0,1.17726,1.90512,8.37568e+06,3.68648e+06,1.28513e+07,0,377681,0,0
29.8779,85.1408,2.35942,0.08,0.04,3.1928,3.20338,0,0.598326,4.6872,4.03025e+06,2.75803e+06,1.28678e+07,0,384461,0,0,55.9149,61.3098,5.44412,0,1,1.53436,1.52378,0,1.18545,1.90512,8.37568e+06,3.68648e+06,1.28513e+07,0,377683,0,0
28.8131,85.1408,1.89301,0.07,0.04,3.19283,3.2034,0,0.598331,4.6872,4.03025e+06,2.75803e+06,1.28679e+07,0,384463,0,0,55.9343,61.3098,3.23404,0,1,1.53436,1.52379,0,1.18545,1.90512,8.37568e+06,3.68648e+06,1.28513e+07,0,377685,0,0
27.6414,85.1408,1.65852,0.08,0.04,3.1101,3.12066,0,0.598335,4.6872,4.03025e+06,2.75803e+06,1.25345e+07,0,374534,0,0,55.7826,61.3098,2.03811,0,1,1.46425,1.45369,0,1.18545,1.90512,8.37568e+06,3.68648e+06,1.22641e+07,0,360310,0,0
26.8064,85.1408,1.9356,0.07,0.04,3.04001,3.12068,0,0.582833,4.6872,4.03025e+06,2.75803e+06,1.2252e+07,0,374536,0,0,56.0332,61.3098,4.54075,0,1,1.53436,1.4537,0,1.13128,1.90512,8.37568e+06,3.68648e+06,1.28513e+07,0,360312,0,0
29.0452,85.1408,5.19127,0.07,0.04,3.04004,3.12069,0,0.569699,4.6872,4.03025e+06,2.75803e+06,1.22521e+07,0,374538,0,0,57.6796,61.3098,9.05268,0,1,1.53436,1.4537,0,1.18545,1.90512,8.37568e+06,3.68648e+06,1.28513e+07,0,360314,0,0
30.0506,85.1408,3.90952,0.07,0.04,3.04006,3.12071,0,0.569703,4.6872,4.03025e+06,2.75803e+06,1.22522e+07,0,374540,0,0,58.5049,61.3098,3.80817,0,1,1.53436,1.45371,0,1.18545,1.90512,8.37568e+06,3.68648e+06,1.28513e+07,0,360315,0,0
35.9535,85.1408,8.77901,0.07,0.04,2.80506,2.8857,0,0.569708,4.6872,4.03025e+06,2.75803e+06,1.13051e+07,0,346335,0,0,60.6967,61.3098,5.97769,0,1,1.38834,1.3077,0,1.18545,1.90512,8.37568e+06,3.68648e+06,1.16283e+07,0,324125,0,0
39.7005,85.1408,6.68274,0.04,0.04,2.88572,2.88572,0,0.525668,4.6872,4.03025e+06,2.75803e+06,1.16302e+07,0,346337,0,0,62.338,61.3098,7.21918,0,1,1.30771,1.30771,0,1.07263,1.90512,8.37568e+06,3.68648e+06,1.09529e+07,0,324126,0,0
43.4664,85.1408,6.65687,0.05,0.04,2.88573,2.88573,0,0.540783,4.6872,4.03025e+06,2.75803e+06,1.16302e+07,0,346338,0,0,62.338,61.3098,11.8505,0,1,1.30771,1.30771,0,1.01033,1.90512,8.37568e+06,3.68648e+06,1.0953e+07,0,324128,0,0
47.5412,85.1408,6.98072,0.05,0.04,2.88575,2.88575,0,0.540786,4.6872,4.03025e+06,2.75803e+06,1.16303e+07,0,346340,0,0,62.338,61.3098,9.65821,0,1,1.30772,1.30772,0,1.01034,1.90512,8.37568e+06,3.68648e+06,1.0953e+07,0,324130,0,0
51.2646,85.1408,6.8128,0.05,0.04,2.88576,2.88576,0,0.540789,4.6872,4.03025e+06,2.75803e+06,1.16303e+07,0,346342,0,0,62.338,61.3098,7.20108,0,1,1.30773,1.30773,0,1.01034,1.90512,8.37568e+06,3.68648e+06,1.09531e+07,0,324132,0,0
54.3578,85.1408,6.37207,0.04,0.04,2.97618,2.97618,0,0.540792,4.6872,4.03025e+06,2.75803e+06,1.19947e+07,0,357194,0,0,62.338,61.3098,5.74669,0,1,1.35002,1.35002,0,1.01035,1.90512,8.37568e+06,3.68648e+06,1.13073e+07,0,334614,0,0
59.8432,85.1408,8.70095,0.05,0.04,2.97618,2.97618,0,0.557736,4.6872,4.03025e+06,2.75803e+06,1.19948e+07,0,357194,0,0,62.338,61.3098,5.83472,0,1,1.35002,1.35002,0,1.04302,1.90512,8.37568e+06,3.68648e+06,1.13073e+07,0,334614,0,0
64.8491,85.1408,8.3318,0.03,0.04,2.97619,2.97619,0,0.557737,4.6872,4.03025e+06,2.75803e+06,1.19948e+07,0,357194,0,0,62.338,61.3098,5.58517,0,1,1.35002,1.35002,0,1.04302,1.90512,8.37568e+06,3.68648e+06,1.13073e+07,0,334614,0,0
66.3418,85.1408,4.78229,0.03,0.04,2.97619,2.97619,0,0.557737,4.6872,4.03025e+06,2.75803e+06,1.19948e+07,0,357195,0,0,62.338,61.3098,5.18061,0,1,1.35002,1.35002,0,1.04302,1.90512,8.37568e+06,3.68648e+06,1.13073e+07,0,334615,0,0
67.7384,85.1408,4.93254,0.03,0.04,3.26648,3.26648,0,0.557738,4.6872,4.03025e+06,2.75803e+06,1.31647e+07,0,392035,0,0,62.338,61.3098,3.21318,0,1,1.50875,1.50875,0,1.04303,1.90512,8.37568e+06,3.68648e+06,1.26368e+07,0,373958,0,0
69.9145,85.1408,5.76757,0.03,0.04,3.26648,3.26648,0,0.612139,4.6872,4.03025e+06,2.75803e+06,1.31647e+07,0,392035,0,0,62.338,61.3098,4.12148,0,1,1.50876,1.50876,0,1.16566,1.90512,8.37568e+06,3.68648e+06,1.26368e+07,0,373959,0,0
72.2617,85.1408,6.00159,0.01,0.04,3.26649,3.26649,0,0.612139,4.6872,4.03025e+06,2.75803e+06,1.31647e+07,0,392035,0,0,62.338,61.3098,4.87614,0,1,1.50876,1.50876,0,1.16566,1.90512,8.37568e+06,3.68648e+06,1.26369e+07,0,373959,0,0
73.8657,85.1408,5.20772,0.01,0.04,3.26649,3.26649,0,0.612139,4.6872,4.03025e+06,2.75803e+06,1.31648e+07,0,392036,0,0,62.338,61.3098,3.24807,0,1,1.50876,1.50876,0,1.16567,1.90512,8.37568e+06,3.68648e+06,1.26369e+07,0,373959,0,0
75.3114,85.1408,4.65701,0.01,0.04,2.85244,2.85244,0,0.61214,4.6872,4.03025e+06,2.75803e+06,1.1496e+07,0,342343,0,0,62.338,61.3098,4.10468,0,1,1.29574,1.29574,0,1.16567,1.90512,8.37568e+06,3.68648e+06,1.08527e+07,0,321160,0,0
76.5798,85.1408,4.60129,0.01,0.04,2.85244,2.85244,0,0.534548,4.6872,4.03025e+06,2.75803e+06,1.14961e+07,0,342343,0,0,62.338,61.3098,3.10324,0,1,1.29574,1.29574,0,1.00109,1.90512,8.37568e+06,3.68648e+06,1.08527e+07,0,321160,0,0
76.5985,85.1408,3.29973,0.01,0.04,2.85245,2.85245,0,0.534548,4.6872,4.03025e+06,2.75803e+06,1.14961e+07,0,342343,0,0,62.338,61.3098,3.63059,0,1,1.29574,1.29574,0,1.00109,1.90512,8.37568e+06,3.68648e+06,1.08527e+07,0,321160,0,0
77.987,85.1408,4.73333,0.01,0.04,2.85245,2.85245,0,0.534548,4.6872,4.03025e+06,2.75803e+06,1.14961e+07,0,342344,0,0,62.338,61.3098,4.49262,0,1,1.29574,1.29574,0,1.00109,1.90512,8.37568e+06,3.68648e+06,1.08527e+07,0,321160,0,0
79.8156,85.1408,5.20091,0,0.04,2.85245,2.85245,0,0.534549,4.6872,4.03025e+06,2.75803e+06,1.14961e+07,0,342344,0,0,62.338,61.3098,4.19671,0,1,1.29574,1.29574,0,1.00109,1.90512,8.37568e+06,3.68648e+06,1.08527e+07,0,321161,0,0
81.6466,85.1408,5.38208,0,0.04,2.95667,2.95667,0,0.534549,4.6872,4.03025e+06,2.75803e+06,1.19161e+07,0,354853,0,0,62.338,61.3098,4.95888,0,1,1.34785,1.34785,0,1.00109,1.90512,8.37568e+06,3.68648e+06,1.12892e+07,0,334078,0,0
82.2262,85.1408,3.99471,0,0.04,2.95668,2.95668,0,0.554081,4.6872,4.03025e+06,2.75803e+06,1.19161e+07,0,354853,0,0,62.338,61.3098,3.44199,0,1,1.34786,1.34786,0,1.04135,1.90512,8.37568e+06,3.68648e+06,1.12892e+07,0,334078,0,0
82.589,85.1408,3.82101,0,0.04,2.95668,2.95668,0,0.554081,4.6872,4.03025e+06,2.75803e+06,1.19161e+07,0,354853,0,0,62.338,61.3098,3.53034,0,1,1.34786,1.34786,0,1.04135,1.90512,8.37568e+06,3.68648e+06,1.12892e+07,0,334078,0,0
82.5293,85.1408,3.32951,0,0.04,2.95668,2.95668,0,0.554082,4.6872,4.03025e+06,2.75803e+06,1.19162e+07,0,354853,0,0,62.338,61.3098,3.27064,0,1,1.34786,1.34786,0,1.04135,1.90512,8.37568e+06,3.68648e+06,1.12892e+07,0,334078,0,0
82.0581,85.1408,2.81584,0,0.04,2.91593,2.91593,0,0.554082,4.6872,4.03025e+06,2.75803e+06,1.17519e+07,0,349963,0,0,62.338,61.3098,3.20455,0,1,1.32762,1.32762,0,1.04135,1.90512,8.37568e+06,3.68648e+06,1.11197e+07,0,329062,0,0
81.4246,85.1408,2.64065,0,0.04,2.91594,2.91594,0,0.546446,4.6872,4.03025e+06,2.75803e+06,1.17519e+07,0,349963,0,0,62.338,61.3098,3.1428,0,1,1.32762,1.32762,0,1.02572,1.90512,8.37568e+06,3.68648e+06,1.11197e+07,0,329062,0,0
82.2304,85.1408,4.12007,0,0.04,2.91594,2.91594,0,0.546446,4.6872,4.03025e+06,2.75803e+06,1.17519e+07,0,349963,0,0,62.338,61.3098,3.92695,0,1,1.32762,1.32762,0,1.02572,1.90512,8.37568e+06,3.68648e+06,1.11197e+07,0,329062,0,0
81.6014,85.1408,2.59177,0,0.04,2.91594,2.91594,0,0.546447,4.6872,4.03025e+06,2.75803e+06,1.1752e+07,0,349964,0,0,62.338,61.3098,3.14195,0,1,1.32762,1.32762,0,1.02572,1.90512,8.37568e+06,3.68648e+06,1.11197e+07,0,329063,0,0
80.7441,85.1408,2.47741,0,0.04,3.05426,3.05426,0,0.546447,4.6872,4.03025e+06,2.75803e+06,1.23094e+07,0,366565,0,0,62.338,61.3098,3.05539,0,1,1.3994,1.3994,0,1.02572,1.90512,8.37568e+06,3.68648e+06,1.17209e+07,0,346854,0,0
80.0067,85.1408,2.504,0,0.04,3.05427,3.05427,0,0.572369,4.6872,4.03025e+06,2.75803e+06,1.23095e+07,0,366565,0,0,62.338,61.3098,3.21302,0,1,1.3994,1.3994,0,1.08118,1.90512,8.37568e+06,3.68648e+06,1.17209e+07,0,346854,0,0
79.0056,85.1408,2.20415,0,0.04,3.05427,3.05427,0,0.57237,4.6872,4.03025e+06,2.75803e+06,1.23095e+07,0,366566,0,0,62.338,61.3098,2.72252,0,1,1.3994,1.3994,0,1.08118,1.90512,8.37568e+06,3.68648e+06,1.17209e+07,0,346854,0,0
77.9152,85.1408,2.09719,0,0.04,3.05427,3.05427,0,0.57237,4.6872,4.03025e+06,2.75803e+06,1.23095e+07,0,366566,0,0,62.0171,61.3098,2.3711,0,1,1.3994,1.3994,0,1.08118,1.90512,8.37568e+06,3.68648e+06,1.17209e+07,0,346854,0,0
77.0417,85.1408,2.28578,0,0.04,3.05427,3.05427,0,0.57237,4.6872,4.03025e+06,2.75803e+06,1.23095e+07,0,366566,0,0,61.5351,61.3098,1.60491,0,1,1.3994,1.3994,0,1.08118,1.90512,8.37568e+06,3.68648e+06,1.1721e+07,0,346855,0,0
76.0327,85.1408,2.1157,0,0.04,3.02692,3.02692,0,0.572371,4.6872,4.03025e+06,2.75803e+06,1.21992e+07,0,363283,0,0,60.9476,61.3098,1.42536,0,1,1.43886,1.43886,0,1.08118,1.90512,8.37568e+06,3.68648e+06,1.20514e+07,0,356633,0,0
74.8562,85.1408,1.9231,0.01,0.04,3.02692,3.02692,0,0.567245,4.6872,4.03025e+06,2.75803e+06,1.21992e+07,0,363284,0,0,60.3296,61.3098,1.31272,0,1,1.43886,1.43886,0,1.11166,1.90512,8.37568e+06,3.68648e+06,1.20514e+07,0,356633,0,0
73.6228,85.1408,1.82127,0.01,0.04,3.02693,3.02693,0,0.567245,4.6872,4.03025e+06,2.75803e+06,1.21993e+07,0,363284,0,0,59.5933,61.3098,1.28921,0,1,1.43886,1.43886,0,1.11166,1.90512,8.37568e+06,3.68648e+06,1.20514e+07,0,356634,0,0
72.2535,85.1408,1.67036,0.01,0.04,3.02693,3.02693,0,0.567246,4.6872,4.03025e+06,2.75803e+06,1.21993e+07,0,363284,0,0,58.797,61.3098,1.22872,0,1,1.43886,1.43886,0,1.11166,1.90512,8.37568e+06,3.68648e+06,1.20514e+07,0,356634,0,0
70.8148,85.1408,1.64123,0.01,0.04,3.09757,3.09757,0,0.567246,4.6872,4.03025e+06,2.75803e+06,1.2484e+07,0,371763,0,0,57.8934,61.3098,1.17333,0,1,1.47402,1.47402,0,1.11166,1.90512,8.37568e+06,3.68648e+06,1.23459e+07,0,365349,0,0
69.2082,85.1408,1.45688,0.01,0.04,3.09757,3.09757,0,0.580485,4.6872,4.03025e+06,2.75803e+06,1.2484e+07,0,371763,0,0,56.9436,61.3098,1.10897,0,1,1.47402,1.47402,0,1.13883,1.90512,8.37568e+06,3.68648e+06,1.23459e+07,0,365349,0,0
67.4972,85.1408,1.33366,0.01,0.04,3.09758,3.09758,0,0.580485,4.6872,4.03025e+06,2.75803e+06,1.2484e+07,0,371763,0,0,55.9755,61.3098,1.03976,0,1,1.47402,1.47402,0,1.13883,1.90512,8.37568e+06,3.68648e+06,1.23459e+07,0,365349,0,0
65.6362,85.1408,1.15048,0.04,0.04,3.09758,3.09758,0,0.580486,4.6872,4.03025e+06,2.75803e+06,1.2484e+07,0,371764,0,0,54.9736,61.3098,1.0318,0,1,1.47402,1.47402,0,1.13883,1.90512,8.37568e+06,3.68648e+06,1.23459e+07,0,365350,0,0
63.3955,85.1408,0.911474,0.04,0.04,3.30446,3.30446,0,0.580486,4.6872,4.03025e+06,2.75803e+06,1.33178e+07,0,396592,0,0,53.763,61.3098,0.915809,0,1,1.60093,1.60093,0,1.13883,1.90512,8.37568e+06,3.68648e+06,1.34089e+07,0,396805,0,0
61.2353,85.1408,0.963918,0.04,0.04,3.30446,3.30446,0,0.619255,4.6872,4.03025e+06,2.75803e+06,1.33178e+07,0,396593,0,0,52.6953,61.3098,0.903841,0,1,1.60093,1.60093,0,1.23688,1.90512,8.37568e+06,3.68648e+06,1.34089e+07,0,396805,0,0
59.5517,85.1408,1.44562,0.04,0.04,3.30446,3.30446,0,0.619255,4.6872,4.03025e+06,2.75803e+06,1.33178e+07,0,396593,0,0,51.7235,61.3098,1.0804,0,1,1.60093,1.60093,0,1.23688,1.90512,8.37568e+06,3.68648e+06,1.34089e+07,0,396805,0,0
58.4387,85.1408,2.02845,0.04,0.04,3.30446,3.30446,0,0.619256,4.6872,4.03025e+06,2.75803e+06,1.33178e+07,0,396593,0,0,51.252,61.3098,1.21524,0,1,1.60093,1.60093,0,1.23688,1.90512,8.37568e+06,3.68648e+06,1.34089e+07,0,396806,0,0
57.0823,85.1408,1.73558,0.04,0.04,3.30446,3.30446,0,0.619256,4.6872,4.03025e+06,2.75803e+06,1.33178e+07,0,396594,0,0,51.0063,61.3098,1.77651,0,1,1.60093,1.60093,0,1.23688,1.90512,8.37568e+06,3.68648e+06,1.34089e+07,0,396806,0,0
56.1775,85.1408,2.10457,0.04,0.04,3.20364,3.20364,0,0.619257,4.6872,4.03025e+06,2.75803e+06,1.29115e+07,0,384493,0,0,50.9253,61.3098,1.94657,0,1,1.52391,1.52391,0,1.23688,1.90512,8.37568e+06,3.68648e+06,1.27638e+07,0,377714,0,0
56.406,85.1408,3.28165,0.04,0.04,3.20365,3.20365,0,0.600363,4.6872,4.03025e+06,2.75803e+06,1.29115e+07,0,384494,0,0,51.2992,61.3098,3.30872,0,1,1.52391,1.52391,0,1.17737,1.90512,8.37568e+06,3.68648e+06,1.27638e+07,0,377715,0,0
56.3799,85.1408,3.14872,0.04,0.04,3.20365,3.20365,0,0.600363,4.6872,4.03025e+06,2.75803e+06,1.29115e+07,0,384494,0,0,51.5802,61.3098,3.01874,0,1,1.52391,1.52391,0,1.17737,1.90512,8.37568e+06,3.68648e+06,1.27638e+07,0,377715,0,0
56.4334,85.1408,3.22976,0.04,0.04,3.20365,3.20365,0,0.600364,4.6872,4.03025e+06,2.75803e+06,1.29115e+07,0,384494,0,0,51.6978,61.3098,2.45308,0,1,1.52391,1.52391,0,1.17737,1.90512,8.37568e+06,3.68648e+06,1.27638e+07,0,377715,0,0
56.2126,85.1408,2.88711,0.04,0.04,3.1209,3.1209,0,0.600364,4.6872,4.03025e+06,2.75803e+06,1.2578e+07,0,374562,0,0,51.8535,61.3098,2.59837,0,1,1.4538,1.4538,0,1.17737,1.90512,8.37568e+06,3.68648e+06,1.21765e+07,0,360337,0,0
59.1632,85.1408,6.24008,0.04,0.04,3.1209,3.1209,0,0.584856,4.6872,4.03025e+06,2.75803e+06,1.2578e+07,0,374562,0,0,53.7087,61.3098,7.78122,0,1,1.4538,1.4538,0,1.1232,1.90512,8.37568e+06,3.68648e+06,1.21765e+07,0,360337,0,0
59.6988,85.1408,3.72643,0.04,0.04,3.1209,3.1209,0,0.584856,4.6872,4.03025e+06,2.75803e+06,1.2578e+07,0,374563,0,0,54.2528,61.3098,3.65062,0,1,1.4538,1.4538,0,1.1232,1.90512,8.37568e+06,3.68648e+06,1.21766e+07,0,360337,0,0
63.0823,85.1408,6.77762,0.03,0.04,3.1209,3.1209,0,0.584857,4.6872,4.03025e+06,2.75803e+06,1.2578e+07,0,374563,0,0,55.4886,61.3098,4.9989,0,1,1.4538,1.4538,0,1.12321,1.90512,8.37568e+06,3.68648e+06,1.21766e+07,0,360337,0,0
63.7402,85.1408,3.7663,0.03,0.04,2.88586,2.88586,0,0.584857,4.6872,4.03025e+06,2.75803e+06,1.16307e+07,0,346354,0,0,55.9118,61.3098,2.9637,0,1,1.30777,1.30777,0,1.12321,1.90512,8.37568e+06,3.68648e+06,1.09535e+07,0,324143,0,0
67.0264,85.1408,6.48491,0.02,0.04,2.88587,2.88587,0,0.540811,4.6872,4.03025e+06,2.75803e+06,1.16308e+07,0,346354,0,0,58.2844,61.3098,6.66879,0,1,1.30777,1.30777,0,1.01038,1.90512,8.37568e+06,3.68648e+06,1.09535e+07,0,324143,0,0
69.1862,85.1408,5.47226,0.03,0.04,2.88587,2.88587,0,0.540811,4.6872,4.03025e+06,2.75803e+06,1.16308e+07,0,346355,0,0,60.5248,61.3098,6.54174,0,1,1.30777,1.30777,0,1.01039,1.90512,8.37568e+06,3.68648e+06,1.09535e+07,0,324143,0,0
70.7986,85.1408,4.88974,0.01,0.04,2.88587,2.88587,0,0.540812,4.6872,4.03025e+06,2.75803e+06,1.16308e+07,0,346355,0,0,61.8155,61.3098,5.30266,0,1,1.30777,1.30777,0,1.01039,1.90512,8.37568e+06,3.68648e+06,1.09535e+07,0,324144,0,0
71.2119,85.1408,3.69972,0.01,0.04,2.88587,2.88587,0,0.540812,4.6872,4.03025e+06,2.75803e+06,1.16308e+07,0,346355,0,0,62.338,61.3098,4.88254,0,1,1.30778,1.30778,0,1.01039,1.90512,8.37568e+06,3.68648e+06,1.09535e+07,0,324144,0,0
71.7563,85.1408,4.01091,0.01,0.04,2.97628,2.97628,0,0.540813,4.6872,4.03025e+06,2.75803e+06,1.19951e+07,0,357206,0,0,62.338,61.3098,4.52231,0,1,1.35006,1.35006,0,1.01039,1.90512,8.37568e+06,3.68648e+06,1.13077e+07,0,334625,0,0
71.4897,85.1408,3.05904,0.01,0.04,2.97627,2.97627,0,0.557755,4.6872,4.03025e+06,2.75803e+06,1.19951e+07,0,357204,0,0,62.338,61.3098,3.83398,0,1,1.35006,1.35006,0,1.04306,1.90512,8.37568e+06,3.68648e+06,1.13076e+07,0,334624,0,0
70.63,85.1408,2.37778,0.01,0.04,2.97626,2.97626,0,0.557753,4.6872,4.03025e+06,2.75803e+06,1.19951e+07,0,357203,0,0,62.338,61.3098,3.37158,0,1,1.35005,1.35005,0,1.04305,1.90512,8.37568e+06,3.68648e+06,1.13076e+07,0,334622,0,0
69.6623,85.1408,2.30177,0.01,0.04,2.97624,2.97624,0,0.55775,4.6872,4.03025e+06,2.75803e+06,1.1995e+07,0,357201,0,0,62.338,61.3098,3.30018,0,1,1.35005,1.35005,0,1.04305,1.90512,8.37568e+06,3.68648e+06,1.13075e+07,0,334621,0,0
67.5776,85.1408,1.35973,0.01,0.04,3.26653,3.26653,0,0.557748,4.6872,4.03025e+06,2.75803e+06,1.31649e+07,0,392040,0,0,62.338,61.3098,3.30935,0,1,1.50878,1.50878,0,1.04305,1.90512,8.37568e+06,3.68648e+06,1.2637e+07,0,373964,0,0
68.4566,85.1408,4.49346,0.03,0.04,3.26652,3.26652,0,0.612147,4.6872,4.03025e+06,2.75803e+06,1.31649e+07,0,392039,0,0,62.2618,61.3098,4.71638,0,1,1.50877,1.50877,0,1.16568,1.90512,8.37568e+06,3.68648e+06,1.2637e+07,0,373962,0,0
67.2739,85.1408,2.30571,0.01,0.04,3.2665,3.2665,0,0.612145,4.6872,4.03025e+06,2.75803e+06,1.31648e+07,0,392037,0,0,62.0021,61.3098,2.8003,0,1,1.50876,1.50876,0,1.16568,1.90512,8.37568e+06,3.68648e+06,1.26369e+07,0,373961,0,0
65.7654,85.1408,1.87912,0.03,0.04,3.26649,3.26649,0,0.612143,4.6872,4.03025e+06,2.75803e+06,1.31648e+07,0,392036,0,0,62.3229,61.3098,2.31371,0,1,1.50876,1.50876,0,1.16567,1.90512,8.37568e+06,3.68648e+06,1.26369e+07,0,373959,0,0
66.0321,85.1408,3.42507,0.03,0.04,2.85243,2.85243,0,0.61214,4.6872,4.03025e+06,2.75803e+06,1.1496e+07,0,342341,0,0,62.338,61.3098,3.31259,0,1,1.29573,1.29573,0,1.16567,1.90512,8.37568e+06,3.68648e+06,1.08526e+07,0,321158,0,0
66.03,85.1408,3.23488,0.03,0.04,2.85242,2.85242,0,0.534545,4.6872,4.03025e+06,2.75803e+06,1.1496e+07,0,342340,0,0,62.338,61.3098,3.02433,0,1,1.29573,1.29573,0,1.00108,1.90512,8.37568e+06,3.68648e+06,1.08526e+07,0,321157,0,0
65.5572,85.1408,2.68999,0.03,0.04,2.85241,2.85241,0,0.534543,4.6872,4.03025e+06,2.75803e+06,1.14959e+07,0,342339,0,0,62.338,61.3098,3.22893,0,1,1.29572,1.29572,0,1.00108,1.90512,8.37568e+06,3.68648e+06,1.08525e+07,0,321156,0,0
66.3835,85.1408,4.02789,0.03,0.04,2.8524,2.8524,0,0.534541,4.6872,4.03025e+06,2.75803e+06,1.14959e+07,0,342337,0,0,62.338,61.3098,3.22764,0,1,1.29572,1.29572,0,1.00107,1.90512,8.37568e+06,3.68648e+06,1.08525e+07,0,321155,0,0
66.8788,85.1408,3.77903,0.02,0.04,2.85239,2.85239,0,0.534539,4.6872,4.03025e+06,2.75803e+06,1.14958e+07,0,342336,0,0,62.338,61.3098,4.99072,0,1,1.29571,1.29571,0,1.00107,1.90512,8.37568e+06,3.68648e+06,1.08524e+07,0,321153,0,0
66.6487,85.1408,3.04007,0.02,0.04,2.95659,2.95659,0,0.534537,4.6872,4.03025e+06,2.75803e+06,1.19158e+07,0,354843,0,0,62.338,61.3098,3.54693,0,1,1.34782,1.34782,0,1.00107,1.90512,8.37568e+06,3.68648e+06,1.12889e+07,0,334069,0,0
65.833,85.1408,2.38154,0.02,0.04,2.95658,2.95658,0,0.554066,4.6872,4.03025e+06,2.75803e+06,1.19158e+07,0,354842,0,0,62.338,61.3098,2.90208,0,1,1.34781,1.34781,0,1.04132,1.90512,8.37568e+06,3.68648e+06,1.12888e+07,0,334067,0,0
64.9546,85.1408,2.29677,0.01,0.04,2.95657,2.95657,0,0.554063,4.6872,4.03025e+06,2.75803e+06,1.19157e+07,0,354840,0,0,62.338,61.3098,3.10037,0,1,1.34781,1.34781,0,1.04132,1.90512,8.37568e+06,3.68648e+06,1.12888e+07,0,334066,0,0
64.4543,85.1408,2.73449,0.01,0.04,2.95656,2.95656,0,0.554061,4.6872,4.03025e+06,2.75803e+06,1.19157e+07,0,354839,0,0,62.338,61.3098,4.17257,0,1,1.3478,1.3478,0,1.04132,1.90512,8.37568e+06,3.68648e+06,1.12887e+07,0,334065,0,0
63.5274,85.1408,2.1819,0.01,0.04,2.9158,2.9158,0,0.554059,4.6872,4.03025e+06,2.75803e+06,1.17514e+07,0,349947,0,0,62.338,61.3098,3.40741,0,1,1.32756,1.32756,0,1.04131,1.90512,8.37568e+06,3.68648e+06,1.11192e+07,0,329047,0,0
62.4131,85.1408,1.96101,0.01,0.04,2.91579,2.91579,0,0.546421,4.6872,4.03025e+06,2.75803e+06,1.17513e+07,0,349945,0,0,62.338,61.3098,3.04558,0,1,1.32755,1.32755,0,1.02567,1.90512,8.37568e+06,3.68648e+06,1.11191e+07,0,329045,0,0
61.1904,85.1408,1.80841,0.01,0.04,2.91578,2.91578,0,0.546418,4.6872,4.03025e+06,2.75803e+06,1.17513e+07,0,349944,0,0,62.338,61.3098,2.8928,0,1,1.32755,1.32755,0,1.02567,1.90512,8.37568e+06,3.68648e+06,1.11191e+07,0,329044,0,0
59.9768,85.1408,1.78872,0,0.04,2.91576,2.91576,0,0.546416,4.6872,4.03025e+06,2.75803e+06,1.17513e+07,0,349943,0,0,62.338,61.3098,3.43929,0,1,1.32754,1.32754,0,1.02566,1.90512,8.37568e+06,3.68648e+06,1.11191e+07,0,329043,0,0
58.4161,85.1408,1.52374,0.01,0.04,3.05407,3.05407,0,0.546414,4.6872,4.03025e+06,2.75803e+06,1.23086e+07,0,366541,0,0,62.338,61.3098,2.71923,0,1,1.39931,1.39931,0,1.02566,1.90512,8.37568e+06,3.68648e+06,1.17202e+07,0,346831,0,0
56.7777,85.1408,1.32146,0.03,0.04,3.05405,3.05405,0,0.572332,4.6872,4.03025e+06,2.75803e+06,1.23086e+07,0,366540,0,0,62.338,61.3098,2.40936,0,1,1.3993,1.3993,0,1.08111,1.90512,8.37568e+06,3.68648e+06,1.17201e+07,0,346830,0,0
55.1076,85.1408,1.2611,0.03,0.04,3.05404,3.05404,0,0.57233,4.6872,4.03025e+06,2.75803e+06,1.23086e+07,0,366539,0,0,62.338,61.3098,2.31314,0,1,1.3993,1.3993,0,1.0811,1.90512,8.37568e+06,3.68648e+06,1.17201e+07,0,346829,0,0
53.4108,85.1408,1.20726,0.02,0.04,3.05403,3.05403,0,0.572328,4.6872,4.03025e+06,2.75803e+06,1.23085e+07,0,366537,0,0,62.338,61.3098,2.49874,0,1,1.39929,1.39929,0,1.0811,1.90512,8.37568e+06,3.68648e+06,1.172e+07,0,346827,0,0
51.8767,85.1408,1.35225,0.03,0.04,3.05402,3.05402,0,0.572325,4.6872,4.03025e+06,2.75803e+06,1.23085e+07,0,366536,0,0,62.338,61.3098,2.38122,0,1,1.39929,1.39929,0,1.08109,1.90512,8.37568e+06,3.68648e+06,1.172e+07,0,346826,0,0
50.4684,85.1408,1.42773,0.03,0.04,3.02665,3.02665,0,0.572323,4.6872,4.03025e+06,2.75803e+06,1.21982e+07,0,363251,0,0,62.338,61.3098,2.48711,0,1,1.43873,1.43873,0,1.08109,1.90512,8.37568e+06,3.68648e+06,1.20503e+07,0,356602,0,0
49.1116,85.1408,1.37949,0.06,0.04,2.93102,3.02664,0,0.567195,4.6872,4.03025e+06,2.75803e+06,1.18127e+07,0,363250,0,0,62.3151,61.3098,2.44349,0,1,1.53435,1.43872,0,1.11156,1.90512,8.37568e+06,3.68648e+06,1.28512e+07,0,356600,0,0
47.5891,85.1408,1.23421,0.04,0.04,3.02663,3.02663,0,0.549273,4.6872,4.03025e+06,2.75803e+06,1.21981e+07,0,363249,0,0,62.3121,61.3098,2.25384,0,1,1.43872,1.43872,0,1.18544,1.90512,8.37568e+06,3.68648e+06,1.20502e+07,0,356599,0,0
46.0862,85.1408,1.22341,0.04,0.04,3.02662,3.02662,0,0.567191,4.6872,4.03025e+06,2.75803e+06,1.2198e+07,0,363247,0,0,62.3225,61.3098,2.28718,0,1,1.43871,1.43871,0,1.11155,1.90512,8.37568e+06,3.68648e+06,1.20502e+07,0,356598,0,0
44.5972,85.1408,1.27301,0.05,0.04,3.09724,3.09724,0,0.567188,4.6872,4.03025e+06,2.75803e+06,1.24827e+07,0,371723,0,0,62.338,61.3098,2.31113,0,1,1.47386,1.47386,0,1.11155,1.90512,8.37568e+06,3.68648e+06,1.23446e+07,0,365310,0,0
43.0468,85.1408,1.20507,0.05,0.04,3.09723,3.09723,0,0.580423,4.6872,4.03025e+06,2.75803e+06,1.24826e+07,0,371722,0,0,62.3111,61.3098,2.26845,0,1,1.47386,1.47386,0,1.13871,1.90512,8.37568e+06,3.68648e+06,1.23445e+07,0,365308,0,0
41.4831,85.1408,1.19575,0.05,0.04,3.09722,3.09722,0,0.580421,4.6872,4.03025e+06,2.75803e+06,1.24826e+07,0,371720,0,0,62.2363,61.3098,2.18038,0,1,1.47385,1.47385,0,1.1387,1.90512,8.37568e+06,3.68648e+06,1.23445e+07,0,365307,0,0
39.8459,85.1408,1.04848,0.08,0.04,3.0367,3.0972,0,0.580418,4.6872,4.03025e+06,2.75803e+06,1.22387e+07,0,371719,0,0,62.0066,61.3098,1.99666,0,1,1.53435,1.47384,0,1.1387,1.90512,8.37568e+06,3.68648e+06,1.28512e+07,0,365305,0,0
38.0671,85.1408,1.08496,0.07,0.04,3.24353,3.30404,0,0.569078,4.6872,4.03025e+06,2.75803e+06,1.30722e+07,0,396543,0,0,61.5754,61.3098,1.79655,0,1,1.66124,1.60073,0,1.18544,1.90512,8.37568e+06,3.68648e+06,1.3914e+07,0,396755,0,0
36.3686,85.1408,1.23892,0.08,0.04,3.30403,3.30403,0,0.607838,4.6872,4.03025e+06,2.75803e+06,1.33161e+07,0,396541,0,0,61.1294,61.3098,2.14145,0,1,1.60072,1.60072,0,1.28347,1.90512,8.37568e+06,3.68648e+06,1.34071e+07,0,396754,0,0
34.4259,85.1408,0.995781,0.08,0.04,3.30402,3.30402,0,0.619175,4.6872,4.03025e+06,2.75803e+06,1.3316e+07,0,396540,0,0,60.6851,61.3098,1.54336,0,1,1.60072,1.60072,0,1.23672,1.90512,8.37568e+06,3.68648e+06,1.34071e+07,0,396752,0,0
32.7046,85.1408,1.20775,0.07,0.04,3.304,3.304,0,0.619172,4.6872,4.03025e+06,2.75803e+06,1.33159e+07,0,396538,0,0,60.5709,61.3098,2.69334,0,1,1.60071,1.60071,0,1.23671,1.90512,8.37568e+06,3.68648e+06,1.3407e+07,0,396750,0,0
31.4602,85.1408,1.69562,0.11,0.04,3.30399,3.30399,0,0.61917,4.6872,4.03025e+06,2.75803e+06,1.33159e+07,0,396536,0,0,60.5203,61.3098,2.60362,0,1,1.6007,1.6007,0,1.23671,1.90512,8.37568e+06,3.68648e+06,1.3407e+07,0,396749,0,0
30.3997,85.1408,1.77909,0.1,0.04,3.20317,3.20317,0,0.619168,4.6872,4.03025e+06,2.75803e+06,1.29096e+07,0,384436,0,0,61.1265,61.3098,4.7359,0,1,1.52368,1.52368,0,1.2367,1.90512,8.37568e+06,3.68648e+06,1.27619e+07,0,377658,0,0
29.1242,85.1408,1.55451,0.1,0.04,3.19248,3.20316,0,0.600274,4.6872,4.03025e+06,2.75803e+06,1.28665e+07,0,384435,0,0,61.0938,61.3098,2.71789,0,1,1.53435,1.52368,0,1.1772,1.90512,8.37568e+06,3.68648e+06,1.28512e+07,0,377657,0,0
27.8093,85.1408,1.50809,0.09,0.04,3.19247,3.20314,0,0.598272,4.6872,4.03025e+06,2.75803e+06,1.28664e+07,0,384433,0,0,61.003,61.3098,2.4936,0,1,1.53435,1.52367,0,1.18544,1.90512,8.37568e+06,3.68648e+06,1.28512e+07,0,377655,0,0
27.9586,85.1408,3.12216,0.09,0.04,3.19245,3.20313,0,0.598268,4.6872,4.03025e+06,2.75803e+06,1.28664e+07,0,384432,0,0,61.6731,61.3098,3.77805,0,1,1.53435,1.52366,0,1.18544,1.90512,8.37568e+06,3.68648e+06,1.28512e+07,0,377654,0,0
27.5229,85.1408,2.42352,0.09,0.04,3.10968,3.12037,0,0.598265,4.6872,4.03025e+06,2.75803e+06,1.25328e+07,0,374499,0,0,61.6114,61.3098,2.16105,0,1,1.46424,1.45355,0,1.18544,1.90512,8.37568e+06,3.68648e+06,1.2264e+07,0,360276,0,0
28.1625,85.1408,3.44922,0.09,0.04,3.03956,3.12036,0,0.582755,4.6872,4.03025e+06,2.75803e+06,1.22502e+07,0,374498,0,0,61.8544,61.3098,2.75411,0,1,1.53435,1.45355,0,1.13127,1.90512,8.37568e+06,3.68648e+06,1.28512e+07,0,360275,0,0
28.2624,85.1408,2.97428,0.09,0.04,3.03955,3.12035,0,0.569614,4.6872,4.03025e+06,2.75803e+06,1.22501e+07,0,374496,0,0,62.338,61.3098,3.14016,0,1,1.53435,1.45354,0,1.18544,1.90512,8.37568e+06,3.68648e+06,1.28512e+07,0,360274,0,0
28.4758,85.1408,3.10971,0.09,0.04,3.03953,3.12034,0,0.569611,4.6872,4.03025e+06,2.75803e+06,1.225e+07,0,374495,0,0,62.338,61.3098,4.08977,0,1,1.53435,1.45354,0,1.18544,1.90512,8.37568e+06,3.68648e+06,1.28512e+07,0,360272,0,0
30.443,85.1408,4.62788,0.09,0.04,2.80451,2.88533,0,0.569607,4.6872,4.03025e+06,2.75803e+06,1.13029e+07,0,346290,0,0,62.338,61.3098,4.68174,0,1,1.38834,1.30753,0,1.18544,1.90512,8.37568e+06,3.68648e+06,1.16283e+07,0,324083,0,0
31.8484,85.1408,3.94483,0.11,0.04,2.65849,2.88532,0,0.525566,4.6872,4.03025e+06,2.75803e+06,1.07144e+07,0,346288,0,0,62.338,61.3098,3.87663,0,1,1.53435,1.30752,0,1.07263,1.90512,8.37568e+06,3.68648e+06,1.28512e+07,0,324081,0,0
35.1492,85.1408,5.82693,0.14,0.04,2.65848,2.88531,0,0.498202,4.6872,4.03025e+06,2.75803e+06,1.07143e+07,0,346287,0,0,62.338,61.3098,5.96962,0,1,1.53435,1.30752,0,1.18544,1.90512,8.37568e+06,3.68648e+06,1.28512e+07,0,324080,0,0
39.0342,85.1408,6.54765,0.08,0.04,2.65846,2.88529,0,0.498199,4.6872,4.03025e+06,2.75803e+06,1.07143e+07,0,346286,0,0,62.338,61.3098,5.746,0,1,1.53435,1.30751,0,1.18544,1.90512,8.37568e+06,3.68648e+06,1.28512e+07,0,324079,0,0
50.9891,85.1408,14.7241,0.09,0.04,2.65844,2.88528,0,0.498195,4.6872,4.03025e+06,2.75803e+06,1.07142e+07,0,346284,0,0,62.338,61.3098,9.00464,0,1,1.53435,1.30751,0,1.18544,1.90512,8.37568e+06,3.68648e+06,1.28512e+07,0,324078,0,0
56.7025,85.1408,8.6171,0.07,0.04,2.74881,2.97566,0,0.498192,4.6872,4.03025e+06,2.75803e+06,1.10784e+07,0,357131,0,0,62.338,61.3098,5.90986,0,1,1.57662,1.34978,0,1.18544,1.90512,8.37568e+06,3.68648e+06,1.32053e+07,0,334555,0,0
59.2251,85.1408,5.61393,0.05,0.04,2.97563,2.97563,0,0.515128,4.6872,4.03025e+06,2.75803e+06,1.19925e+07,0,357128,0,0,62.338,61.3098,4.07399,0,1,1.34977,1.34977,0,1.2181,1.90512,8.37568e+06,3.68648e+06,1.13052e+07,0,334552,0,0
64.5319,85.1408,8.36521,0.06,0.04,2.79102,2.97561,0,0.557633,4.6872,4.03025e+06,2.75803e+06,1.12485e+07,0,357125,0,0,62.338,61.3098,7.30569,0,1,1.53434,1.34976,0,1.04283,1.90512,8.37568e+06,3.68648e+06,1.28511e+07,0,334549,0,0
69.481,85.1408,8.37677,0.03,0.04,2.97558,2.97558,0,0.523038,4.6872,4.03025e+06,2.75803e+06,1.19923e+07,0,357122,0,0,62.338,61.3098,6.13762,0,1,1.34974,1.34974,0,1.18543,1.90512,8.37568e+06,3.68648e+06,1.1305e+07,0,334546,0,0
72.6135,85.1408,6.97263,0.01,0.04,3.26578,3.26578,0,0.557624,4.6872,4.03025e+06,2.75803e+06,1.31619e+07,0,391951,0,0,62.338,61.3098,7.38716,0,1,1.50843,1.50843,0,1.04281,1.90512,8.37568e+06,3.68648e+06,1.26341e+07,0,373879,0,0
74.2805,85.1408,5.1741,0.01,0.04,3.26576,3.26576,0,0.612008,4.6872,4.03025e+06,2.75803e+06,1.31618e+07,0,391948,0,0,62.338,61.3098,5.24712,0,1,1.50842,1.50842,0,1.16542,1.90512,8.37568e+06,3.68648e+06,1.2634e+07,0,373875,0,0
75.8538,85.1408,5.08926,0.01,0.04,3.26573,3.26573,0,0.612003,4.6872,4.03025e+06,2.75803e+06,1.31617e+07,0,391945,0,0,62.338,61.3098,6.47771,0,1,1.50841,1.50841,0,1.16541,1.90512,8.37568e+06,3.68648e+06,1.26339e+07,0,373872,0,0
76.8657,85.1408,4.56257,0.01,0.04,3.2657,3.2657,0,0.611998,4.6872,4.03025e+06,2.75803e+06,1.31616e+07,0,391941,0,0,62.338,61.3098,5.7491,0,1,1.50839,1.50839,0,1.1654,1.90512,8.37568e+06,3.68648e+06,1.26338e+07,0,373869,0,0
82.3579,85.1408,8.95882,0,0.04,2.85173,2.85173,0,0.611992,4.6872,4.03025e+06,2.75803e+06,1.14932e+07,0,342257,0,0,62.338,61.3098,11.6365,0,1,1.29541,1.29541,0,1.16539,1.90512,8.37568e+06,3.68648e+06,1.08499e+07,0,321079,0,0
85.1408,85.1408,7.31778,0,0.04,2.8517,2.8517,0,0.534414,4.6872,4.03025e+06,2.75803e+06,1.14931e+07,0,342254,0,0,62.338,61.3098,7.53104,0,1,1.2954,1.2954,0,1.00083,1.90512,8.37568e+06,3.68648e+06,1.08499e+07,0,321077,0,0
85.1408,85.1408,5.23216,0,0.04,2.85168,2.85168,0,0.534409,4.6872,4.03025e+06,2.75803e+06,1.1493e+07,0,342251,0,0,62.338,61.3098,6.25392,0,1,1.29539,1.29539,0,1.00083,1.90512,8.37568e+06,3.68648e+06,1.08498e+07,0,321074,0,0
85.1408,85.1408,5.28761,0,0.04,2.85165,2.85165,0,0.534405,4.6872,4.03025e+06,2.75803e+06,1.14929e+07,0,342248,0,0,62.338,61.3098,5.03345,0,1,1.29538,1.29538,0,1.00082,1.90512,8.37568e+06,3.68648e+06,1.08497e+07,0,321071,0,0
85.1408,85.1408,5.05588,0,0.04,2.85163,2.85163,0,0.5344,4.6872,4.03025e+06,2.75803e+06,1.14928e+07,0,342245,0,0,62.338,61.3098,5.86725,0,1,1.29537,1.29537,0,1.00081,1.90512,8.37568e+06,3.68648e+06,1.08496e+07,0,321068,0,0
85.1408,85.1408,4.24231,0,0.04,2.9558,2.9558,0,0.534395,4.6872,4.03025e+06,2.75803e+06,1.19126e+07,0,354747,0,0,62.338,61.3098,5.47148,0,1,1.34745,1.34745,0,1.0008,1.90512,8.37568e+06,3.68648e+06,1.12858e+07,0,333979,0,0
85.1408,85.1408,3.94306,0,0.04,2.95577,2.95577,0,0.553916,4.6872,4.03025e+06,2.75803e+06,1.19125e+07,0,354744,0,0,62.338,61.3098,5.89894,0,1,1.34744,1.34744,0,1.04104,1.90512,8.37568e+06,3.68648e+06,1.12857e+07,0,333976,0,0
85.1408,85.1408,3.48763,0,0.04,2.95575,2.95575,0,0.553912,4.6872,4.03025e+06,2.75803e+06,1.19124e+07,0,354741,0,0,62.338,61.3098,6.11129,0,1,1.34743,1.34743,0,1.04103,1.90512,8.37568e+06,3.68648e+06,1.12856e+07,0,333973,0,0
84.9547,85.1408,3.17102,0,0.04,2.95572,2.95572,0,0.553907,4.6872,4.03025e+06,2.75803e+06,1.19123e+07,0,354738,0,0,62.338,61.3098,3.23032,0,1,1.34742,1.34742,0,1.04103,1.90512,8.37568e+06,3.68648e+06,1.12855e+07,0,333970,0,0
84.8488,85.1408,3.21985,0,0.04,2.91496,2.91496,0,0.553902,4.6872,4.03025e+06,2.75803e+06,1.1748e+07,0,349846,0,0,62.338,61.3098,3.35639,0,1,1.32717,1.32717,0,1.04102,1.90512,8.37568e+06,3.68648e+06,1.1116e+07,0,328952,0,0
84.48,85.1408,2.89567,0,0.04,2.91493,2.91493,0,0.546263,4.6872,4.03025e+06,2.75803e+06,1.17479e+07,0,349843,0,0,62.338,61.3098,3.02767,0,1,1.32716,1.32716,0,1.02537,1.90512,8.37568e+06,3.68648e+06,1.11159e+07,0,328949,0,0
84.0565,85.1408,2.78956,0,0.04,2.91491,2.91491,0,0.546259,4.6872,4.03025e+06,2.75803e+06,1.17478e+07,0,349840,0,0,62.338,61.3098,3.15764,0,1,1.32715,1.32715,0,1.02537,1.90512,8.37568e+06,3.68648e+06,1.11158e+07,0,328946,0,0
83.4417,85.1408,2.58194,0,0.04,2.91488,2.91488,0,0.546254,4.6872,4.03025e+06,2.75803e+06,1.17477e+07,0,349837,0,0,62.338,61.3098,2.95508,0,1,1.32714,1.32714,0,1.02536,1.90512,8.37568e+06,3.68648e+06,1.11157e+07,0,328944,0,0
82.7528,85.1408,2.59992,0,0.04,3.05313,3.05313,0,0.546249,4.6872,4.03025e+06,2.75803e+06,1.23049e+07,0,366429,0,0,62.338,61.3098,2.66492,0,1,1.39888,1.39888,0,1.02535,1.90512,8.37568e+06,3.68648e+06,1.17166e+07,0,346725,0,0
81.9752,85.1408,2.4926,0,0.04,3.05311,3.05311,0,0.572157,4.6872,4.03025e+06,2.75803e+06,1.23048e+07,0,366426,0,0,62.3364,61.3098,2.35168,0,1,1.39887,1.39887,0,1.08078,1.90512,8.37568e+06,3.68648e+06,1.17165e+07,0,346722,0,0
80.9499,85.1408,2.20476,0,0.04,3.05308,3.05308,0,0.572152,4.6872,4.03025e+06,2.75803e+06,1.23047e+07,0,366423,0,0,62.2825,61.3098,2.21585,0,1,1.39886,1.39886,0,1.08077,1.90512,8.37568e+06,3.68648e+06,1.17164e+07,0,346719,0,0
79.8479,85.1408,2.08467,0,0.04,3.05305,3.05305,0,0.572147,4.6872,4.03025e+06,2.75803e+06,1.23046e+07,0,366420,0,0,62.1862,61.3098,2.10572,0,1,1.39884,1.39884,0,1.08076,1.90512,8.37568e+06,3.68648e+06,1.17163e+07,0,346716,0,0
78.4603,85.1408,1.78564,0,0.04,3.05303,3.05303,0,0.572142,4.6872,4.03025e+06,2.75803e+06,1.23045e+07,0,366417,0,0,62.091,61.3098,1.98898,0,1,1.39883,1.39883,0,1.08075,1.90512,8.37568e+06,3.68648e+06,1.17162e+07,0,346713,0,0
76.9161,85.1408,1.56496,0,0.04,3.02566,3.02566,0,0.572137,4.6872,4.03025e+06,2.75803e+06,1.21941e+07,0,363132,0,0,61.8832,61.3098,1.88359,0,1,1.43825,1.43825,0,1.08074,1.90512,8.37568e+06,3.68648e+06,1.20464e+07,0,356484,0,0
75.3141,85.1408,1.48483,0,0.04,3.02563,3.02563,0,0.567008,4.6872,4.03025e+06,2.75803e+06,1.2194e+07,0,363129,0,0,61.6384,61.3098,1.82171,0,1,1.43824,1.43824,0,1.1112,1.90512,8.37568e+06,3.68648e+06,1.20463e+07,0,356481,0,0
73.6279,85.1408,1.38261,0.01,0.04,3.02561,3.02561,0,0.567003,4.6872,4.03025e+06,2.75803e+06,1.21939e+07,0,363126,0,0,61.218,61.3098,1.70179,0,1,1.43823,1.43823,0,1.11119,1.90512,8.37568e+06,3.68648e+06,1.20461e+07,0,356478,0,0
71.8648,85.1408,1.28503,0.01,0.04,3.02558,3.02558,0,0.566998,4.6872,4.03025e+06,2.75803e+06,1.21938e+07,0,363122,0,0,60.6984,61.3098,1.55438,0,1,1.43822,1.43822,0,1.11118,1.90512,8.37568e+06,3.68648e+06,1.2046e+07,0,356475,0,0
70.0794,85.1408,1.30184,0.01,0.04,3.09616,3.09616,0,0.566994,4.6872,4.03025e+06,2.75803e+06,1.24783e+07,0,371594,0,0,60.243,61.3098,1.57611,0,1,1.47335,1.47335,0,1.11117,1.90512,8.37568e+06,3.68648e+06,1.23403e+07,0,365183,0,0
68.2,85.1408,1.17693,0.01,0.04,3.09614,3.09614,0,0.580221,4.6872,4.03025e+06,2.75803e+06,1.24782e+07,0,371591,0,0,59.5299,61.3098,1.51483,0,1,1.47334,1.47334,0,1.13831,1.90512,8.37568e+06,3.68648e+06,1.23402e+07,0,365180,0,0
66.2373,85.1408,1.07183,0.01,0.04,3.09611,3.09611,0,0.580216,4.6872,4.03025e+06,2.75803e+06,1.24781e+07,0,371587,0,0,59.0692,61.3098,1.31352,0,1,1.47332,1.47332,0,1.1383,1.90512,8.37568e+06,3.68648e+06,1.23401e+07,0,365176,0,0
64.3904,85.1408,1.16233,0.04,0.04,3.09608,3.09608,0,0.580211,4.6872,4.03025e+06,2.75803e+06,1.2478e+07,0,371584,0,0,58.6679,61.3098,1.62561,0,1,1.47331,1.47331,0,1.13829,1.90512,8.37568e+06,3.68648e+06,1.234e+07,0,365173,0,0
62.4502,85.1408,1.21373,0.04,0.04,3.30283,3.30283,0,0.580206,4.6872,4.03025e+06,2.75803e+06,1.33112e+07,0,396397,0,0,58.2242,61.3098,1.61361,0,1,1.60014,1.60014,0,1.13828,1.90512,8.37568e+06,3.68648e+06,1.34023e+07,0,396610,0,0
60.6633,85.1408,1.35935,0.03,0.04,3.3028,3.3028,0,0.61895,4.6872,4.03025e+06,2.75803e+06,1.33111e+07,0,396394,0,0,57.6384,61.3098,1.9029,0,1,1.60013,1.60013,0,1.23627,1.90512,8.37568e+06,3.68648e+06,1.34022e+07,0,396606,0,0
58.6308,85.1408,1.09872,0.04,0.04,3.30277,3.30277,0,0.618945,4.6872,4.03025e+06,2.75803e+06,1.3311e+07,0,396391,0,0,57.1435,61.3098,1.42894,0,1,1.60012,1.60012,0,1.23626,1.90512,8.37568e+06,3.68648e+06,1.34021e+07,0,396603,0,0
56.8452,85.1408,1.30959,0.04,0.04,3.30275,3.30275,0,0.61894,4.6872,4.03025e+06,2.75803e+06,1.33109e+07,0,396387,0,0,56.8898,61.3098,2.34928,0,1,1.6001,1.6001,0,1.23625,1.90512,8.37568e+06,3.68648e+06,1.34019e+07,0,396600,0,0
55.0635,85.1408,1.27198,0.04,0.04,3.30272,3.30272,0,0.618935,4.6872,4.03025e+06,2.75803e+06,1.33108e+07,0,396384,0,0,56.401,61.3098,1.67529,0,1,1.60009,1.60009,0,1.23624,1.90512,8.37568e+06,3.68648e+06,1.34018e+07,0,396596,0,0
53.5145,85.1408,1.4441,0.04,0.04,3.20192,3.20192,0,0.618929,4.6872,4.03025e+06,2.75803e+06,1.29045e+07,0,384286,0,0,55.9681,61.3098,1.56821,0,1,1.52309,1.52309,0,1.23623,1.90512,8.37568e+06,3.68648e+06,1.27569e+07,0,377511,0,0
52.1392,85.1408,1.63618,0.04,0.04,3.20189,3.20189,0,0.60004,4.6872,4.03025e+06,2.75803e+06,1.29044e+07,0,384283,0,0,55.6979,61.3098,2.15621,0,1,1.52307,1.52307,0,1.17674,1.90512,8.37568e+06,3.68648e+06,1.27568e+07,0,377508,0,0
50.7105,85.1408,1.57312,0.04,0.04,3.20187,3.20187,0,0.600035,4.6872,4.03025e+06,2.75803e+06,1.29043e+07,0,384280,0,0,55.4155,61.3098,2.03837,0,1,1.52306,1.52306,0,1.17673,1.90512,8.37568e+06,3.68648e+06,1.27567e+07,0,377505,0,0
49.4943,85.1408,1.82148,0.04,0.04,3.20184,3.20184,0,0.60003,4.6872,4.03025e+06,2.75803e+06,1.29042e+07,0,384277,0,0,55.2755,61.3098,2.53763,0,1,1.52305,1.52305,0,1.17672,1.90512,8.37568e+06,3.68648e+06,1.27566e+07,0,377501,0,0
48.3083,85.1408,1.74585,0.04,0.04,3.1191,3.1191,0,0.600024,4.6872,4.03025e+06,2.75803e+06,1.25707e+07,0,374347,0,0,55.0573,61.3098,1.69152,0,1,1.45296,1.45296,0,1.17671,1.90512,8.37568e+06,3.68648e+06,1.21695e+07,0,360129,0,0
49.0699,85.1408,3.74327,0.04,0.04,3.11907,3.11907,0,0.584519,4.6872,4.03025e+06,2.75803e+06,1.25706e+07,0,374343,0,0,54.9124,61.3098,1.6531,0,1,1.45295,1.45295,0,1.12256,1.90512,8.37568e+06,3.68648e+06,1.21694e+07,0,360126,0,0
53.4478,85.1408,7.47282,0.05,0.04,3.11905,3.11905,0,0.584514,4.6872,4.03025e+06,2.75803e+06,1.25705e+07,0,374340,0,0,55.4593,61.3098,3.96165,0,1,1.45294,1.45294,0,1.12255,1.90512,8.37568e+06,3.68648e+06,1.21693e+07,0,360123,0,0
54.9553,85.1408,4.57701,0.04,0.04,3.11902,3.11902,0,0.584509,4.6872,4.03025e+06,2.75803e+06,1.25704e+07,0,374337,0,0,55.8125,61.3098,3.52926,0,1,1.45292,1.45292,0,1.12254,1.90512,8.37568e+06,3.68648e+06,1.21692e+07,0,360120,0,0
56.622,85.1408,4.64349,0.04,0.04,2.8841,2.8841,0,0.584504,4.6872,4.03025e+06,2.75803e+06,1.16236e+07,0,346142,0,0,56.6412,61.3098,3.78658,0,1,1.30697,1.30697,0,1.12253,1.90512,8.37568e+06,3.68648e+06,1.09468e+07,0,323945,0,0
59.9046,85.1408,6.41005,0.04,0.04,2.88407,2.88407,0,0.54048,4.6872,4.03025e+06,2.75803e+06,1.16235e+07,0,346139,0,0,58.1461,61.3098,4.88725,0,1,1.30696,1.30696,0,1.00977,1.90512,8.37568e+06,3.68648e+06,1.09467e+07,0,323942,0,0
63.4603,85.1408,6.6798,0.02,0.04,2.88405,2.88405,0,0.540475,4.6872,4.03025e+06,2.75803e+06,1.16234e+07,0,346136,0,0,59.7292,61.3098,5.1892,0,1,1.30695,1.30695,0,1.00976,1.90512,8.37568e+06,3.68648e+06,1.09466e+07,0,323939,0,0
69.22,85.1408,9.24862,0.02,0.04,2.88402,2.88402,0,0.540471,4.6872,4.03025e+06,2.75803e+06,1.16233e+07,0,346133,0,0,61.3098,61.3098,8.37476,0,1,1.30694,1.30694,0,1.00975,1.90512,8.37568e+06,3.68648e+06,1.09465e+07,0,323936,0,0
65.9744,85.1408,8.2509e-322,0,0.04,2.884,2.884,0,0.540466,4.6872,4.03025e+06,2.75803e+06,1.16232e+07,0,346130,0,0,59.5905,61.3098,1.87399e-319,0,1,1.30693,1.30693,0,1.00974,1.90512,8.37568e+06,3.68648e+06,1.09464e+07,0,323933,0,0
