0st_vol,0capacity,0net_inf,0st_rof,0lt_rof,0rest_demand,0unrest_demand,0unfulf_demand,0wastewater,0treat_capacity,0agg_price,0res_price,0gross_rev,0drought_cost,0cont_contrib,0debt_serv,0infra_npv,1st_vol,1capacity,1net_inf,1st_rof,1lt_rof,1rest_demand,1unrest_demand,1unfulf_demand,1wastewater,1treat_capacity,1agg_price,1res_price,1gross_rev,1drought_cost,1cont_contrib,1debt_serv,1infra_npv
85.1408,85.1408,5.1451,0,0,2.46977,2.46977,0,0,4.6872,4.08288e+06,2.79405e+06,1.00838e+07,0,300287,0,0,62.338,61.3098,8.28877,0,0,1.12031,1.12031,0,0,1.90512,8.48506e+06,3.73462e+06,9.50586e+06,0,281304,0,0
85.1408,85.1408,4.53156,0,0,2.47056,2.47056,0,0.462835,4.6872,4.08288e+06,2.79405e+06,1.0087e+07,0,300382,0,0,62.338,61.3098,5.99861,0,0,1.12066,1.12066,0,0.865549,1.90512,8.48506e+06,3.73462e+06,9.50888e+06,0,281393,0,0
85.1408,85.1408,4.08481,0,0,2.47134,2.47134,0,0.462982,4.6872,4.08288e+06,2.79405e+06,1.00902e+07,0,300477,0,0,62.338,61.3098,6.15498,0,0,1.12102,1.12102,0,0.865823,1.90512,8.48506e+06,3.73462e+06,9.51189e+06,0,281483,0,0
85.1408,85.1408,3.72716,0,0,2.47212,2.47212,0,0.463129,4.6872,4.08288e+06,2.79405e+06,1.00934e+07,0,300573,0,0,62.338,61.3098,5.47411,0,0,1.12137,1.12137,0,0.866098,1.90512,8.48506e+06,3.73462e+06,9.51491e+06,0,281572,0,0
85.1408,85.1408,5.31317,0,0,2.71411,2.71411,0,0.463276,4.6872,4.08288e+06,2.79405e+06,1.10814e+07,0,329994,0,0,62.338,61.3098,7.61852,0,0,1.25362,1.25362,0,0.866372,1.90512,8.48506e+06,3.73462e+06,1.0637e+07,0,314779,0,0
85.1408,85.1408,3.83625,0,0,2.71497,2.71497,0,0.508624,4.6872,4.08288e+06,2.79405e+06,1.10849e+07,0,330099,0,0,62.3125,61.3098,4.90747,0,0,1.25402,1.25402,0,0.968546,1.90512,8.48506e+06,3.73462e+06,1.06404e+07,0,314878,0,0
84.6809,85.1408,2.76392,0,0,2.71583,2.71583,0,0.508785,4.6872,4.08288e+06,2.79405e+06,1.10884e+07,0,330204,0,0,62.338,61.3098,3.02763,0,0,1.25441,1.25441,0,0.968853,1.90512,8.48506e+06,3.73462e+06,1.06438e+07,0,314978,0,0
84.1622,85.1408,2.71581,0,0,2.71669,2.71669,0,0.508946,4.6872,4.08288e+06,2.79405e+06,1.10919e+07,0,330308,0,0,62.338,61.3098,3.6388,0,0,1.25481,1.25481,0,0.96916,1.90512,8.48506e+06,3.73462e+06,1.06471e+07,0,315078,0,0
84.3071,85.1408,3.12457,0,0,2.37308,2.37308,0,0.509108,4.6872,4.08288e+06,2.79405e+06,9.68902e+06,0,288531,0,0,62.2354,61.3098,4.49615,0,0,1.07799,1.07799,0,0.969468,1.90512,8.48506e+06,3.73462e+06,9.14677e+06,0,270678,0,0
84.2436,85.1408,2.78648,0,0,2.37384,2.37384,0,0.444716,4.6872,4.08288e+06,2.79405e+06,9.69209e+06,0,288623,0,0,62.338,61.3098,2.69732,0,0,1.07833,1.07833,0,0.832851,1.90512,8.48506e+06,3.73462e+06,9.14967e+06,0,270763,0,0
84.1545,85.1408,2.74112,0,0,2.37459,2.37459,0,0.444857,4.6872,4.08288e+06,2.79405e+06,9.69516e+06,0,288714,0,0,62.338,61.3098,3.19389,0,0,1.07867,1.07867,0,0.833115,1.90512,8.48506e+06,3.73462e+06,9.15257e+06,0,270849,0,0
85.0583,85.1408,3.82018,0,0,2.37534,2.37534,0,0.444998,4.6872,4.08288e+06,2.79405e+06,9.69823e+06,0,288805,0,0,62.338,61.3098,4.14053,0,0,1.07901,1.07901,0,0.833379,1.90512,8.48506e+06,3.73462e+06,9.15547e+06,0,270935,0,0
85.1408,85.1408,3.78555,0,0,2.37609,2.37609,0,0.445139,4.6872,4.08288e+06,2.79405e+06,9.70131e+06,0,288897,0,0,62.1062,61.3098,3.96146,0,0,1.07935,1.07935,0,0.833644,1.90512,8.48506e+06,3.73462e+06,9.15837e+06,0,271021,0,0
85.0426,85.1408,2.83848,0,0,2.46369,2.46369,0,0.44528,4.6872,4.08288e+06,2.79405e+06,1.0059e+07,0,299548,0,0,62.338,61.3098,2.41854,0,0,1.12312,1.12312,0,0.833908,1.90512,8.48506e+06,3.73462e+06,9.52973e+06,0,282010,0,0
85.1408,85.1408,3.88179,0,0,2.46447,2.46447,0,0.461696,4.6872,4.08288e+06,2.79405e+06,1.00621e+07,0,299643,0,0,62.0647,61.3098,2.96726,0,0,1.12347,1.12347,0,0.867722,1.90512,8.48506e+06,3.73462e+06,9.53275e+06,0,282100,0,0
85.1408,85.1408,3.31244,0,0,2.46525,2.46525,0,0.461842,4.6872,4.08288e+06,2.79405e+06,1.00653e+07,0,299737,0,0,61.8578,61.3098,2.3255,0,0,1.12383,1.12383,0,0.867997,1.90512,8.48506e+06,3.73462e+06,9.53577e+06,0,282189,0,0
84.6931,85.1408,2.41073,0,0,2.46603,2.46603,0,0.461989,4.6872,4.08288e+06,2.79405e+06,1.00685e+07,0,299832,0,0,61.6061,61.3098,1.90558,0,0,1.12419,1.12419,0,0.868272,1.90512,8.48506e+06,3.73462e+06,9.53879e+06,0,282279,0,0
84.0984,85.1408,2.15016,0,0,2.43282,2.43282,0,0.462135,4.6872,4.08288e+06,2.79405e+06,9.9329e+06,0,295794,0,0,61.7055,61.3098,1.71092,0,0,1.10766,1.10766,0,0.868547,1.90512,8.48506e+06,3.73462e+06,9.39852e+06,0,278128,0,0
83.7139,85.1408,2.36138,0,0,2.43359,2.43359,0,0.45591,4.6872,4.08288e+06,2.79405e+06,9.93605e+06,0,295887,0,0,61.751,61.3098,2.13507,0,0,1.10801,1.10801,0,0.855775,1.90512,8.48506e+06,3.73462e+06,9.4015e+06,0,278216,0,0
82.9788,85.1408,1.93878,0,0,2.43436,2.43436,0,0.456054,4.6872,4.08288e+06,2.79405e+06,9.93919e+06,0,295981,0,0,61.6037,61.3098,1.63912,0,0,1.10836,1.10836,0,0.856046,1.90512,8.48506e+06,3.73462e+06,9.40448e+06,0,278304,0,0
81.9575,85.1408,1.63044,0,0,2.43513,2.43513,0,0.456199,4.6872,4.08288e+06,2.79405e+06,9.94234e+06,0,296075,0,0,61.4826,61.3098,1.56929,0,0,1.10871,1.10871,0,0.856317,1.90512,8.48506e+06,3.73462e+06,9.40746e+06,0,278392,0,0
80.9094,85.1408,1.70345,0,0,2.55145,2.55145,0,0.456343,4.6872,4.08288e+06,2.79405e+06,1.04173e+07,0,310218,0,0,61.4574,61.3098,1.76357,0,0,1.16902,1.16902,0,0.856588,1.90512,8.48506e+06,3.73462e+06,9.91922e+06,0,293536,0,0
80.0173,85.1408,1.86499,0,0,2.55226,2.55226,0,0.478142,4.6872,4.08288e+06,2.79405e+06,1.04206e+07,0,310316,0,0,61.5844,61.3098,1.89048,0,0,1.16939,1.16939,0,0.903186,1.90512,8.48506e+06,3.73462e+06,9.92236e+06,0,293629,0,0
78.9278,85.1408,1.63679,0,0,2.55307,2.55307,0,0.478294,4.6872,4.08288e+06,2.79405e+06,1.04239e+07,0,310414,0,0,61.5941,61.3098,1.76186,0,0,1.16976,1.16976,0,0.903472,1.90512,8.48506e+06,3.73462e+06,9.9255e+06,0,293722,0,0
77.7958,85.1408,1.54532,0,0,2.55388,2.55388,0,0.478445,4.6872,4.08288e+06,2.79405e+06,1.04272e+07,0,310513,0,0,61.4977,61.3098,1.68538,0,0,1.17013,1.17013,0,0.903758,1.90512,8.48506e+06,3.73462e+06,9.92864e+06,0,293815,0,0
76.5477,85.1408,1.41882,0,0,2.55469,2.55469,0,0.478597,4.6872,4.08288e+06,2.79405e+06,1.04305e+07,0,310611,0,0,61.3681,61.3098,1.5722,0,0,1.1705,1.1705,0,0.904044,1.90512,8.48506e+06,3.73462e+06,9.93179e+06,0,293908,0,0
74.9982,85.1408,1.06577,0,0,2.53261,2.53261,0,0.478748,4.6872,4.08288e+06,2.79405e+06,1.03403e+07,0,307927,0,0,61.0802,61.3098,1.45343,0,0,1.20388,1.20388,0,0.904331,1.90512,8.48506e+06,3.73462e+06,1.0215e+07,0,302290,0,0
73.3684,85.1408,0.975693,0,0,2.53341,2.53341,0,0.474611,4.6872,4.08288e+06,2.79405e+06,1.03436e+07,0,308024,0,0,60.684,61.3098,1.44822,0,0,1.20426,1.20426,0,0.930119,1.90512,8.48506e+06,3.73462e+06,1.02182e+07,0,302385,0,0
71.6617,85.1408,0.882349,0,0,2.53421,2.53421,0,0.474761,4.6872,4.08288e+06,2.79405e+06,1.03469e+07,0,308122,0,0,60.2465,61.3098,1.30109,0,0,1.20464,1.20464,0,0.930414,1.90512,8.48506e+06,3.73462e+06,1.02215e+07,0,302481,0,0
69.9527,85.1408,0.837963,0,0,2.53501,2.53501,0,0.474911,4.6872,4.08288e+06,2.79405e+06,1.03502e+07,0,308219,0,0,59.5273,61.3098,1.27345,0,0,1.20503,1.20503,0,0.930708,1.90512,8.48506e+06,3.73462e+06,1.02247e+07,0,302577,0,0
68.0476,85.1408,0.671019,0,0,2.595,2.595,0,0.475061,4.6872,4.08288e+06,2.79405e+06,1.05951e+07,0,315512,0,0,58.7451,61.3098,0.993451,0,0,1.23486,1.23486,0,0.931003,1.90512,8.48506e+06,3.73462e+06,1.04779e+07,0,310069,0,0
66.1412,85.1408,0.670543,0,0,2.59582,2.59582,0,0.486302,4.6872,4.08288e+06,2.79405e+06,1.05984e+07,0,315612,0,0,58.0005,61.3098,1.03657,0,0,1.23525,1.23525,0,0.954054,1.90512,8.48506e+06,3.73462e+06,1.04812e+07,0,310167,0,0
64.2077,85.1408,0.618008,0,0,2.59664,2.59664,0,0.486456,4.6872,4.08288e+06,2.79405e+06,1.06018e+07,0,315712,0,0,57.1151,61.3098,0.977286,0,0,1.23564,1.23564,0,0.954356,1.90512,8.48506e+06,3.73462e+06,1.04845e+07,0,310265,0,0
62.2377,85.1408,0.562549,0,0,2.59746,2.59746,0,0.48661,4.6872,4.08288e+06,2.79405e+06,1.06051e+07,0,315812,0,0,56.3551,61.3098,0.862788,0,0,1.23603,1.23603,0,0.954658,1.90512,8.48506e+06,3.73462e+06,1.04878e+07,0,310363,0,0
60.1707,85.1408,0.577727,0,0,2.77181,2.77181,0,0.486764,4.6872,4.08288e+06,2.79405e+06,1.1317e+07,0,337010,0,0,55.4343,61.3098,1.08074,0,0,1.34288,1.34288,0,0.95496,1.90512,8.48506e+06,3.73462e+06,1.13944e+07,0,337191,0,0
57.9494,85.1408,0.404243,0,0,2.77269,2.77269,0,0.519437,4.6872,4.08288e+06,2.79405e+06,1.13206e+07,0,337117,0,0,54.4568,61.3098,0.880942,0,0,1.3433,1.3433,0,1.03751,1.90512,8.48506e+06,3.73462e+06,1.1398e+07,0,337297,0,0
55.5288,85.1408,0.409427,0.01,0,2.77357,2.77357,0,0.519602,4.6872,4.08288e+06,2.79405e+06,1.13241e+07,0,337224,0,0,53.5653,61.3098,0.844492,0,0,1.34373,1.34373,0,1.03783,1.90512,8.48506e+06,3.73462e+06,1.14016e+07,0,337404,0,0
53.7663,85.1408,0.603935,0.01,0,2.77444,2.77444,0,0.519766,4.6872,4.08288e+06,2.79405e+06,1.13277e+07,0,337330,0,0,52.7698,61.3098,1.00999,0,0,1.34415,1.34415,0,1.03816,1.90512,8.48506e+06,3.73462e+06,1.14052e+07,0,337511,0,0
52.0302,85.1408,0.862985,0.01,0,2.77532,2.77532,0,0.519931,4.6872,4.08288e+06,2.79405e+06,1.13313e+07,0,337437,0,0,51.9226,61.3098,1.16095,0,0,1.34458,1.34458,0,1.03849,1.90512,8.48506e+06,3.73462e+06,1.14088e+07,0,337618,0,0
50.1864,85.1408,0.654708,0.01,0,2.69149,2.69149,0,0.520095,4.6872,4.08288e+06,2.79405e+06,1.0989e+07,0,327245,0,0,51.3256,61.3098,0.808736,0,0,1.28029,1.28029,0,1.03882,1.90512,8.48506e+06,3.73462e+06,1.08633e+07,0,321475,0,0
48.264,85.1408,0.547825,0.03,0,2.69235,2.69235,0,0.504386,4.6872,4.08288e+06,2.79405e+06,1.09925e+07,0,327348,0,0,50.5254,61.3098,1.29378,0,0,1.28069,1.28069,0,0.989151,1.90512,8.48506e+06,3.73462e+06,1.08668e+07,0,321577,0,0
46.292,85.1408,0.469823,0.03,0,2.6932,2.6932,0,0.504546,4.6872,4.08288e+06,2.79405e+06,1.0996e+07,0,327452,0,0,49.4931,61.3098,0.691434,0,0,1.2811,1.2811,0,0.989464,1.90512,8.48506e+06,3.73462e+06,1.08702e+07,0,321679,0,0
44.4012,85.1408,0.546365,0.03,0,2.69405,2.69405,0,0.504705,4.6872,4.08288e+06,2.79405e+06,1.09995e+07,0,327555,0,0,48.7488,61.3098,0.706232,0,0,1.2815,1.2815,0,0.989777,1.90512,8.48506e+06,3.73462e+06,1.08736e+07,0,321780,0,0
42.9638,85.1408,1.02828,0.03,0,2.62529,2.62529,0,0.504865,4.6872,4.08288e+06,2.79405e+06,1.07187e+07,0,319195,0,0,48.274,61.3098,1.10596,0,0,1.22293,1.22293,0,0.99009,1.90512,8.48506e+06,3.73462e+06,1.03766e+07,0,307072,0,0
41.322,85.1408,0.777642,0.03,0,2.62612,2.62612,0,0.491978,4.6872,4.08288e+06,2.79405e+06,1.07221e+07,0,319296,0,0,48.1682,61.3098,0.947642,0,0,1.22332,1.22332,0,0.944835,1.90512,8.48506e+06,3.73462e+06,1.03799e+07,0,307169,0,0
40.3537,85.1408,1.45819,0.04,0,2.62695,2.62695,0,0.492134,4.6872,4.08288e+06,2.79405e+06,1.07255e+07,0,319397,0,0,48.5187,61.3098,2.81449,0,0,1.2237,1.2237,0,0.945133,1.90512,8.48506e+06,3.73462e+06,1.03832e+07,0,307267,0,0
40.5485,85.1408,2.68387,0.04,0,2.62778,2.62778,0,0.49229,4.6872,4.08288e+06,2.79405e+06,1.07289e+07,0,319498,0,0,49.4584,61.3098,3.36597,0,0,1.22409,1.22409,0,0.945432,1.90512,8.48506e+06,3.73462e+06,1.03865e+07,0,307364,0,0
40.2286,85.1408,2.01416,0.04,0,2.43064,2.43064,0,0.492445,4.6872,4.08288e+06,2.79405e+06,9.92403e+06,0,295529,0,0,50.269,61.3098,2.57768,0,0,1.10148,1.10148,0,0.945731,1.90512,8.48506e+06,3.73462e+06,9.34614e+06,0,276577,0,0
40.9715,85.1408,3.10809,0.04,0,2.43141,2.43141,0,0.455503,4.6872,4.08288e+06,2.79405e+06,9.92716e+06,0,295623,0,0,51.53,61.3098,3.48418,0,0,1.10183,1.10183,0,0.851005,1.90512,8.48506e+06,3.73462e+06,9.34909e+06,0,276665,0,0
41.0773,85.1408,2.43772,0.04,0,2.43218,2.43218,0,0.455647,4.6872,4.08288e+06,2.79405e+06,9.9303e+06,0,295716,0,0,52.4887,61.3098,2.84411,0,0,1.10218,1.10218,0,0.851274,1.90512,8.48506e+06,3.73462e+06,9.35205e+06,0,276752,0,0
40.8328,85.1408,2.10083,0.04,0,2.43295,2.43295,0,0.455791,4.6872,4.08288e+06,2.79405e+06,9.93344e+06,0,295810,0,0,53.6572,61.3098,3.38774,0,0,1.10253,1.10253,0,0.851543,1.90512,8.48506e+06,3.73462e+06,9.355e+06,0,276840,0,0
41.331,85.1408,2.90243,0.04,0,2.43372,2.43372,0,0.455935,4.6872,4.08288e+06,2.79405e+06,9.93658e+06,0,295903,0,0,54.8762,61.3098,3.3908,0,0,1.10288,1.10288,0,0.851812,1.90512,8.48506e+06,3.73462e+06,9.35796e+06,0,276927,0,0
43.6498,85.1408,4.89367,0.04,0,2.51074,2.51074,0,0.456079,4.6872,4.08288e+06,2.79405e+06,1.0251e+07,0,305268,0,0,57.1295,61.3098,5.89967,0,0,1.13889,1.13889,0,0.852081,1.90512,8.48506e+06,3.73462e+06,9.66354e+06,0,285970,0,0
47.083,85.1408,6.19179,0.03,0,2.51151,2.51151,0,0.470513,4.6872,4.08288e+06,2.79405e+06,1.02542e+07,0,305361,0,0,59.379,61.3098,6.07594,0,0,1.13924,1.13924,0,0.879906,1.90512,8.48506e+06,3.73462e+06,9.6665e+06,0,286058,0,0
49.4512,85.1408,5.09781,0.04,0,2.51228,2.51228,0,0.470657,4.6872,4.08288e+06,2.79405e+06,1.02573e+07,0,305455,0,0,61.3459,61.3098,5.37709,0,0,1.13959,1.13959,0,0.880175,1.90512,8.48506e+06,3.73462e+06,9.66946e+06,0,286146,0,0
50.8313,85.1408,4.06784,0.04,0,2.51305,2.51305,0,0.470801,4.6872,4.08288e+06,2.79405e+06,1.02605e+07,0,305548,0,0,62.338,61.3098,3.9777,0,0,1.13994,1.13994,0,0.880445,1.90512,8.48506e+06,3.73462e+06,9.67242e+06,0,286233,0,0
51.8462,85.1408,3.90858,0.04,0,2.75901,2.75901,0,0.470945,4.6872,4.08288e+06,2.79405e+06,1.12647e+07,0,335454,0,0,62.338,61.3098,4.94435,0,0,1.27436,1.27436,0,0.880715,1.90512,8.48506e+06,3.73462e+06,1.0813e+07,0,319986,0,0
54.3861,85.1408,5.56764,0.02,0,2.75985,2.75985,0,0.517038,4.6872,4.08288e+06,2.79405e+06,1.12682e+07,0,335556,0,0,62.338,61.3098,7.97529,0,0,1.27475,1.27475,0,0.984569,1.90512,8.48506e+06,3.73462e+06,1.08163e+07,0,320084,0,0
59.835,85.1408,8.75657,0.02,0,2.7607,2.7607,0,0.517197,4.6872,4.08288e+06,2.79405e+06,1.12716e+07,0,335659,0,0,62.338,61.3098,9.91066,0,0,1.27514,1.27514,0,0.984871,1.90512,8.48506e+06,3.73462e+06,1.08196e+07,0,320182,0,0
62.3397,85.1408,5.69642,0,0,2.76154,2.76154,0,0.517355,4.6872,4.08288e+06,2.79405e+06,1.12751e+07,0,335762,0,0,62.338,61.3098,8.27699,0,0,1.27553,1.27553,0,0.985172,1.90512,8.48506e+06,3.73462e+06,1.08229e+07,0,320280,0,0
66.0648,85.1408,6.61959,0,0,2.41224,2.41224,0,0.517513,4.6872,4.08288e+06,2.79405e+06,9.84889e+06,0,293292,0,0,62.338,61.3098,8.64041,0,0,1.09577,1.09577,0,0.985474,1.90512,8.48506e+06,3.73462e+06,9.29769e+06,0,275144,0,0
69.4559,85.1408,6.40185,0.01,0,2.41298,2.41298,0,0.452054,4.6872,4.08288e+06,2.79405e+06,9.8519e+06,0,293382,0,0,62.338,61.3098,6.63122,0,0,1.09611,1.09611,0,0.846593,1.90512,8.48506e+06,3.73462e+06,9.30053e+06,0,275228,0,0
70.981,85.1408,4.54236,0,0,2.41372,2.41372,0,0.452192,4.6872,4.08288e+06,2.79405e+06,9.85492e+06,0,293471,0,0,62.338,61.3098,5.36612,0,0,1.09644,1.09644,0,0.846852,1.90512,8.48506e+06,3.73462e+06,9.30338e+06,0,275312,0,0
73.0181,85.1408,4.97633,0,0,2.41446,2.41446,0,0.452331,4.6872,4.08288e+06,2.79405e+06,9.85793e+06,0,293561,0,0,62.338,61.3098,4.82409,0,0,1.09678,1.09678,0,0.847112,1.90512,8.48506e+06,3.73462e+06,9.30623e+06,0,275397,0,0
75.5532,85.1408,5.56012,0,0,2.41519,2.41519,0,0.452469,4.6872,4.08288e+06,2.79405e+06,9.86095e+06,0,293651,0,0,62.338,61.3098,6.21157,0,0,1.09711,1.09711,0,0.847371,1.90512,8.48506e+06,3.73462e+06,9.30908e+06,0,275481,0,0
79.8168,85.1408,7.50717,0,0,2.50421,2.50421,0,0.452607,4.6872,4.08288e+06,2.79405e+06,1.02244e+07,0,304474,0,0,62.338,61.3098,9.37536,0,0,1.14159,1.14159,0,0.84763,1.90512,8.48506e+06,3.73462e+06,9.68644e+06,0,286648,0,0
82.304,85.1408,5.5811,0,0,2.50497,2.50497,0,0.469288,4.6872,4.08288e+06,2.79405e+06,1.02275e+07,0,304567,0,0,62.338,61.3098,6.34078,0,0,1.14194,1.14194,0,0.881991,1.90512,8.48506e+06,3.73462e+06,9.68941e+06,0,286736,0,0
84.4732,85.1408,5.32908,0,0,2.50574,2.50574,0,0.469432,4.6872,4.08288e+06,2.79405e+06,1.02306e+07,0,304660,0,0,62.338,61.3098,6.58112,0,0,1.14229,1.14229,0,0.882261,1.90512,8.48506e+06,3.73462e+06,9.69237e+06,0,286824,0,0
85.1408,85.1408,4.76941,0,0,2.50651,2.50651,0,0.469576,4.6872,4.08288e+06,2.79405e+06,1.02338e+07,0,304753,0,0,62.338,61.3098,6.3519,0,0,1.14264,1.14264,0,0.882531,1.90512,8.48506e+06,3.73462e+06,9.69534e+06,0,286911,0,0
85.1408,85.1408,4.0336,0,0,2.47272,2.47272,0,0.469719,4.6872,4.08288e+06,2.79405e+06,1.00958e+07,0,300645,0,0,62.338,61.3098,6.07305,0,0,1.12582,1.12582,0,0.882801,1.90512,8.48506e+06,3.73462e+06,9.55267e+06,0,282689,0,0
85.1408,85.1408,3.83445,0,0,2.47347,2.47347,0,0.463387,4.6872,4.08288e+06,2.79405e+06,1.00989e+07,0,300737,0,0,62.338,61.3098,5.59172,0,0,1.12617,1.12617,0,0.869811,1.90512,8.48506e+06,3.73462e+06,9.55559e+06,0,282776,0,0
85.1408,85.1408,3.58152,0,0,2.47423,2.47423,0,0.463529,4.6872,4.08288e+06,2.79405e+06,1.0102e+07,0,300829,0,0,62.338,61.3098,5.43547,0,0,1.12651,1.12651,0,0.870077,1.90512,8.48506e+06,3.73462e+06,9.55852e+06,0,282862,0,0
85.1408,85.1408,3.22315,0,0,2.47499,2.47499,0,0.463671,4.6872,4.08288e+06,2.79405e+06,1.01051e+07,0,300921,0,0,62.338,61.3098,5.53815,0,0,1.12686,1.12686,0,0.870343,1.90512,8.48506e+06,3.73462e+06,9.56144e+06,0,282949,0,0
85.1408,85.1408,3.02674,0,0,2.59319,2.59319,0,0.463813,4.6872,4.08288e+06,2.79405e+06,1.05877e+07,0,315292,0,0,62.338,61.3098,5.06504,0,0,1.18814,1.18814,0,0.870609,1.90512,8.48506e+06,3.73462e+06,1.00815e+07,0,298338,0,0
84.6986,85.1408,2.44612,0,0,2.59398,2.59398,0,0.485963,4.6872,4.08288e+06,2.79405e+06,1.05909e+07,0,315389,0,0,62.338,61.3098,3.81625,0,0,1.18851,1.18851,0,0.91796,1.90512,8.48506e+06,3.73462e+06,1.00846e+07,0,298429,0,0
84.1092,85.1408,2.26022,0,0,2.59477,2.59477,0,0.486112,4.6872,4.08288e+06,2.79405e+06,1.05942e+07,0,315485,0,0,62.338,61.3098,3.84647,0,0,1.18887,1.18887,0,0.918241,1.90512,8.48506e+06,3.73462e+06,1.00876e+07,0,298521,0,0
83.4562,85.1408,2.18713,0,0,2.59557,2.59557,0,0.486261,4.6872,4.08288e+06,2.79405e+06,1.05974e+07,0,315582,0,0,62.338,61.3098,3.83981,0,0,1.18923,1.18923,0,0.918522,1.90512,8.48506e+06,3.73462e+06,1.00907e+07,0,298612,0,0
82.6757,85.1408,2.04834,0,0,2.59636,2.59636,0,0.486409,4.6872,4.08288e+06,2.79405e+06,1.06006e+07,0,315678,0,0,62.338,61.3098,3.51338,0,0,1.1896,1.1896,0,0.918803,1.90512,8.48506e+06,3.73462e+06,1.00938e+07,0,298703,0,0
82.4631,85.1408,2.58757,0,0,2.5739,2.5739,0,0.486558,4.6872,4.08288e+06,2.79405e+06,1.05089e+07,0,312947,0,0,62.338,61.3098,3.72688,0,0,1.22351,1.22351,0,0.919084,1.90512,8.48506e+06,3.73462e+06,1.03815e+07,0,307218,0,0
82.0415,85.1408,2.36893,0,0,2.57468,2.57468,0,0.482348,4.6872,4.08288e+06,2.79405e+06,1.05121e+07,0,313042,0,0,62.338,61.3098,3.29316,0,0,1.22388,1.22388,0,0.945283,1.90512,8.48506e+06,3.73462e+06,1.03847e+07,0,307312,0,0
81.4612,85.1408,2.17481,0,0,2.57547,2.57547,0,0.482495,4.6872,4.08288e+06,2.79405e+06,1.05153e+07,0,313138,0,0,62.338,61.3098,3.22876,0,0,1.22426,1.22426,0,0.945572,1.90512,8.48506e+06,3.73462e+06,1.03879e+07,0,307406,0,0
80.7697,85.1408,2.03411,0,0,2.57626,2.57626,0,0.482643,4.6872,4.08288e+06,2.79405e+06,1.05186e+07,0,313234,0,0,62.338,61.3098,3.10555,0,0,1.22463,1.22463,0,0.945861,1.90512,8.48506e+06,3.73462e+06,1.03911e+07,0,307500,0,0
79.9651,85.1408,1.95319,0,0,2.63719,2.63719,0,0.482791,4.6872,4.08288e+06,2.79405e+06,1.07673e+07,0,320642,0,0,62.338,61.3098,3.15257,0,0,1.25494,1.25494,0,0.94615,1.90512,8.48506e+06,3.73462e+06,1.06482e+07,0,315110,0,0
79.155,85.1408,1.96456,0,0,2.63799,2.63799,0,0.494209,4.6872,4.08288e+06,2.79405e+06,1.07706e+07,0,320740,0,0,62.338,61.3098,3.11863,0,0,1.25532,1.25532,0,0.969566,1.90512,8.48506e+06,3.73462e+06,1.06515e+07,0,315206,0,0
78.2322,85.1408,1.82204,0,0,2.6388,2.6388,0,0.49436,4.6872,4.08288e+06,2.79405e+06,1.07739e+07,0,320838,0,0,62.338,61.3098,3.00522,0,0,1.25571,1.25571,0,0.969863,1.90512,8.48506e+06,3.73462e+06,1.06547e+07,0,315303,0,0
77.1607,85.1408,1.65902,0,0,2.63961,2.63961,0,0.494511,4.6872,4.08288e+06,2.79405e+06,1.07772e+07,0,320936,0,0,62.338,61.3098,2.64643,0,0,1.25609,1.25609,0,0.970159,1.90512,8.48506e+06,3.73462e+06,1.0658e+07,0,315399,0,0
76.1026,85.1408,1.80042,0,0,2.81676,2.81676,0,0.494663,4.6872,4.08288e+06,2.79405e+06,1.15005e+07,0,342475,0,0,62.338,61.3098,3.47603,0,0,1.36465,1.36465,0,0.970456,1.90512,8.48506e+06,3.73462e+06,1.15791e+07,0,342658,0,0
74.204,85.1408,0.913377,0,0,2.81762,2.81762,0,0.52786,4.6872,4.08288e+06,2.79405e+06,1.1504e+07,0,342580,0,0,62.338,61.3098,2.39417,0,0,1.36507,1.36507,0,1.05433,1.90512,8.48506e+06,3.73462e+06,1.15827e+07,0,342763,0,0
72.2996,85.1408,0.889952,0,0,2.81848,2.81848,0,0.528022,4.6872,4.08288e+06,2.79405e+06,1.15075e+07,0,342684,0,0,62.338,61.3098,2.25331,0,0,1.36549,1.36549,0,1.05465,1.90512,8.48506e+06,3.73462e+06,1.15862e+07,0,342868,0,0
70.7857,85.1408,1.27536,0,0,2.81934,2.81934,0,0.528183,4.6872,4.08288e+06,2.79405e+06,1.1511e+07,0,342789,0,0,62.338,61.3098,2.63446,0,0,1.3659,1.3659,0,1.05497,1.90512,8.48506e+06,3.73462e+06,1.15898e+07,0,342973,0,0
69.7898,85.1408,1.85033,0,0,2.8202,2.8202,0,0.528344,4.6872,4.08288e+06,2.79405e+06,1.15145e+07,0,342894,0,0,62.338,61.3098,3.04133,0,0,1.36632,1.36632,0,1.0553,1.90512,8.48506e+06,3.73462e+06,1.15933e+07,0,343078,0,0
68.855,85.1408,1.84665,0,0,2.73499,2.73499,0,0.528506,4.6872,4.08288e+06,2.79405e+06,1.11666e+07,0,332533,0,0,62.338,61.3098,2.27902,0,0,1.30098,1.30098,0,1.05562,1.90512,8.48506e+06,3.73462e+06,1.10389e+07,0,326670,0,0
67.9077,85.1408,1.81462,0,0,2.73583,2.73583,0,0.512537,4.6872,4.08288e+06,2.79405e+06,1.11701e+07,0,332635,0,0,62.338,61.3098,3.44556,0,0,1.30138,1.30138,0,1.00514,1.90512,8.48506e+06,3.73462e+06,1.10423e+07,0,326770,0,0
66.7551,85.1408,1.60369,0,0,2.73666,2.73666,0,0.512694,4.6872,4.08288e+06,2.79405e+06,1.11735e+07,0,332737,0,0,62.338,61.3098,2.36229,0,0,1.30177,1.30177,0,1.00544,1.90512,8.48506e+06,3.73462e+06,1.10456e+07,0,326870,0,0
65.3311,85.1408,1.31503,0.01,0,2.7375,2.7375,0,0.512851,4.6872,4.08288e+06,2.79405e+06,1.11769e+07,0,332838,0,0,62.338,61.3098,1.87693,0,0,1.30217,1.30217,0,1.00575,1.90512,8.48506e+06,3.73462e+06,1.1049e+07,0,326970,0,0
63.9689,85.1408,1.38122,0.01,0,2.6676,2.6676,0,0.513007,4.6872,4.08288e+06,2.79405e+06,1.08915e+07,0,324339,0,0,62.338,61.3098,2.20565,0,0,1.24264,1.24264,0,1.00606,1.90512,8.48506e+06,3.73462e+06,1.05439e+07,0,312021,0,0
62.1767,85.1408,1.01133,0.01,0,2.66841,2.66841,0,0.499908,4.6872,4.08288e+06,2.79405e+06,1.08948e+07,0,324438,0,0,62.338,61.3098,2.38801,0,0,1.24302,1.24302,0,0.960063,1.90512,8.48506e+06,3.73462e+06,1.05471e+07,0,312117,0,0
60.5037,85.1408,1.05564,0.01,0,2.66923,2.66923,0,0.50006,4.6872,4.08288e+06,2.79405e+06,1.08981e+07,0,324538,0,0,62.338,61.3098,2.72053,0,0,1.2434,1.2434,0,0.960356,1.90512,8.48506e+06,3.73462e+06,1.05503e+07,0,312212,0,0
61.8878,85.1408,4.24759,0.01,0,2.67004,2.67004,0,0.500213,4.6872,4.08288e+06,2.79405e+06,1.09015e+07,0,324637,0,0,62.338,61.3098,4.51221,0,0,1.24378,1.24378,0,0.960649,1.90512,8.48506e+06,3.73462e+06,1.05535e+07,0,312308,0,0
61.7153,85.1408,2.56245,0.01,0,2.46971,2.46971,0,0.500366,4.6872,4.08288e+06,2.79405e+06,1.00835e+07,0,300280,0,0,62.338,61.3098,3.52228,0,0,1.11919,1.11919,0,0.960943,1.90512,8.48506e+06,3.73462e+06,9.49636e+06,0,281023,0,0
61.097,85.1408,2.13435,0.01,0,2.47047,2.47047,0,0.462824,4.6872,4.08288e+06,2.79405e+06,1.00866e+07,0,300371,0,0,62.338,61.3098,3.96169,0,0,1.11953,1.11953,0,0.864684,1.90512,8.48506e+06,3.73462e+06,9.49926e+06,0,281109,0,0
63.0387,85.1408,4.94978,0,0,2.47122,2.47122,0,0.462965,4.6872,4.08288e+06,2.79405e+06,1.00897e+07,0,300463,0,0,62.338,61.3098,10.3229,0,0,1.11987,1.11987,0,0.864948,1.90512,8.48506e+06,3.73462e+06,9.50216e+06,0,281195,0,0
64.3269,85.1408,4.10704,0.01,0,2.47198,2.47198,0,0.463107,4.6872,4.08288e+06,2.79405e+06,1.00928e+07,0,300555,0,0,62.338,61.3098,4.47218,0,0,1.12021,1.12021,0,0.865212,1.90512,8.48506e+06,3.73462e+06,9.50507e+06,0,281281,0,0
65.1889,85.1408,3.61676,0,0,2.47273,2.47273,0,0.463248,4.6872,4.08288e+06,2.79405e+06,1.00959e+07,0,300647,0,0,62.338,61.3098,5.66584,0,0,1.12055,1.12055,0,0.865476,1.90512,8.48506e+06,3.73462e+06,9.50797e+06,0,281367,0,0
66.1469,85.1408,3.81619,0,0,2.55096,2.55096,0,0.46339,4.6872,4.08288e+06,2.79405e+06,1.04153e+07,0,310158,0,0,62.338,61.3098,4.98121,0,0,1.15713,1.15713,0,0.86574,1.90512,8.48506e+06,3.73462e+06,9.81834e+06,0,290551,0,0
66.873,85.1408,3.68769,0,0,2.55171,2.55171,0,0.47805,4.6872,4.08288e+06,2.79405e+06,1.04183e+07,0,310249,0,0,62.338,61.3098,5.36133,0,0,1.15747,1.15747,0,0.894001,1.90512,8.48506e+06,3.73462e+06,9.82124e+06,0,290637,0,0
66.9892,85.1408,2.98311,0,0,2.55247,2.55247,0,0.478191,4.6872,4.08288e+06,2.79405e+06,1.04214e+07,0,310341,0,0,62.338,61.3098,4.55807,0,0,1.15782,1.15782,0,0.894265,1.90512,8.48506e+06,3.73462e+06,9.82414e+06,0,290723,0,0
67.4052,85.1408,3.32114,0,0,2.55322,2.55322,0,0.478332,4.6872,4.08288e+06,2.79405e+06,1.04245e+07,0,310433,0,0,62.338,61.3098,4.72098,0,0,1.15816,1.15816,0,0.894529,1.90512,8.48506e+06,3.73462e+06,9.82704e+06,0,290809,0,0
67.8305,85.1408,3.57185,0,0,2.80308,2.80308,0,0.478473,4.6872,4.08288e+06,2.79405e+06,1.14446e+07,0,340812,0,0,62.338,61.3098,4.21767,0,0,1.29472,1.29472,0,0.894793,1.90512,8.48506e+06,3.73462e+06,1.09857e+07,0,325098,0,0
67.4073,85.1408,2.67504,0,0,2.80391,2.80391,0,0.525298,4.6872,4.08288e+06,2.79405e+06,1.1448e+07,0,340913,0,0,62.338,61.3098,3.22708,0,0,1.2951,1.2951,0,1.0003,1.90512,8.48506e+06,3.73462e+06,1.0989e+07,0,325194,0,0
66.8731,85.1408,2.54039,0,0,2.80474,2.80474,0,0.525453,4.6872,4.08288e+06,2.79405e+06,1.14514e+07,0,341013,0,0,62.338,61.3098,3.37346,0,0,1.29548,1.29548,0,1.00059,1.90512,8.48506e+06,3.73462e+06,1.09922e+07,0,325290,0,0
66.9032,85.1408,3.13051,0.01,0,2.80557,2.80557,0,0.525608,4.6872,4.08288e+06,2.79405e+06,1.14548e+07,0,341114,0,0,62.338,61.3098,4.01844,0,0,1.29586,1.29586,0,1.00089,1.90512,8.48506e+06,3.73462e+06,1.09955e+07,0,325386,0,0
68.0964,85.1408,4.08007,0.01,0,2.45066,2.45066,0,0.525763,4.6872,4.08288e+06,2.79405e+06,1.00058e+07,0,297964,0,0,62.338,61.3098,4.15041,0,0,1.11323,1.11323,0,1.00118,1.90512,8.48506e+06,3.73462e+06,9.44579e+06,0,279527,0,0
69.6388,85.1408,4.36201,0.01,0,2.45139,2.45139,0,0.459255,4.6872,4.08288e+06,2.79405e+06,1.00087e+07,0,298052,0,0,62.338,61.3098,4.03921,0,0,1.11356,1.11356,0,0.860079,1.90512,8.48506e+06,3.73462e+06,9.44858e+06,0,279609,0,0
71.7516,85.1408,5.11171,0,0,2.45211,2.45211,0,0.45939,4.6872,4.08288e+06,2.79405e+06,1.00117e+07,0,298140,0,0,62.338,61.3098,6.83929,0,0,1.11388,1.11388,0,0.860333,1.90512,8.48506e+06,3.73462e+06,9.45137e+06,0,279692,0,0
73.5402,85.1408,4.7303,0,0,2.45284,2.45284,0,0.459526,4.6872,4.08288e+06,2.79405e+06,1.00146e+07,0,298228,0,0,62.338,61.3098,4.93253,0,0,1.11421,1.11421,0,0.860587,1.90512,8.48506e+06,3.73462e+06,9.45416e+06,0,279774,0,0
75.0604,85.1408,4.40446,0,0,2.45356,2.45356,0,0.459661,4.6872,4.08288e+06,2.79405e+06,1.00176e+07,0,298316,0,0,62.338,61.3098,4.50948,0,0,1.11454,1.11454,0,0.860841,1.90512,8.48506e+06,3.73462e+06,9.45695e+06,0,279857,0,0
76.3374,85.1408,4.24691,0,0,2.54396,2.54396,0,0.459797,4.6872,4.08288e+06,2.79405e+06,1.03867e+07,0,309307,0,0,62.1519,61.3098,4.17153,0,0,1.15971,1.15971,0,0.861095,1.90512,8.48506e+06,3.73462e+06,9.8402e+06,0,291198,0,0
75.9051,85.1408,2.4786,0,0,2.54471,2.54471,0,0.476738,4.6872,4.08288e+06,2.79405e+06,1.03897e+07,0,309398,0,0,62.2481,61.3098,2.09218,0,0,1.16005,1.16005,0,0.895992,1.90512,8.48506e+06,3.73462e+06,9.84311e+06,0,291284,0,0
75.1859,85.1408,2.17433,0,0,2.54546,2.54546,0,0.476878,4.6872,4.08288e+06,2.79405e+06,1.03928e+07,0,309489,0,0,62.338,61.3098,2.20862,0,0,1.16039,1.16039,0,0.896256,1.90512,8.48506e+06,3.73462e+06,9.84601e+06,0,291370,0,0
74.3737,85.1408,2.07127,0,0,2.54621,2.54621,0,0.477019,4.6872,4.08288e+06,2.79405e+06,1.03959e+07,0,309581,0,0,62.204,61.3098,2.56693,0,0,1.16074,1.16074,0,0.89652,1.90512,8.48506e+06,3.73462e+06,9.84892e+06,0,291456,0,0
73.8358,85.1408,2.26786,0,0,2.51186,2.51186,0,0.47716,4.6872,4.08288e+06,2.79405e+06,1.02556e+07,0,305404,0,0,61.9846,61.3098,2.08165,0,0,1.14364,1.14364,0,0.896785,1.90512,8.48506e+06,3.73462e+06,9.70388e+06,0,287164,0,0
73.2335,85.1408,2.21153,0,0,2.5126,2.5126,0,0.470722,4.6872,4.08288e+06,2.79405e+06,1.02586e+07,0,305494,0,0,61.9311,61.3098,1.7524,0,0,1.14398,1.14398,0,0.883579,1.90512,8.48506e+06,3.73462e+06,9.70674e+06,0,287249,0,0
72.5446,85.1408,2.0357,0,0,2.51334,2.51334,0,0.470861,4.6872,4.08288e+06,2.79405e+06,1.02617e+07,0,305584,0,0,61.9145,61.3098,1.5913,0,0,1.14432,1.14432,0,0.883839,1.90512,8.48506e+06,3.73462e+06,9.7096e+06,0,287334,0,0
71.8124,85.1408,1.98478,0,0,2.51408,2.51408,0,0.471,4.6872,4.08288e+06,2.79405e+06,1.02647e+07,0,305674,0,0,61.784,61.3098,1.78974,0,0,1.14466,1.14466,0,0.8841,1.90512,8.48506e+06,3.73462e+06,9.71247e+06,0,287418,0,0
70.9388,85.1408,1.93305,0,0,2.63412,2.63412,0,0.471139,4.6872,4.08288e+06,2.79405e+06,1.07548e+07,0,320269,0,0,61.5673,61.3098,1.62139,0,0,1.2069,1.2069,0,0.884361,1.90512,8.48506e+06,3.73462e+06,1.02406e+07,0,303047,0,0
69.957,85.1408,1.78589,0,0,2.6349,2.6349,0,0.493634,4.6872,4.08288e+06,2.79405e+06,1.0758e+07,0,320363,0,0,61.3808,61.3098,1.53718,0,0,1.20725,1.20725,0,0.932449,1.90512,8.48506e+06,3.73462e+06,1.02436e+07,0,303136,0,0
68.8755,85.1408,1.65067,0,0,2.63567,2.63567,0,0.49378,4.6872,4.08288e+06,2.79405e+06,1.07611e+07,0,320458,0,0,61.1585,61.3098,1.54721,0,0,1.20761,1.20761,0,0.932724,1.90512,8.48506e+06,3.73462e+06,1.02466e+07,0,303226,0,0
67.7533,85.1408,1.59777,0,0,2.63645,2.63645,0,0.493925,4.6872,4.08288e+06,2.79405e+06,1.07643e+07,0,320552,0,0,60.867,61.3098,1.53213,0,0,1.20797,1.20797,0,0.932999,1.90512,8.48506e+06,3.73462e+06,1.02497e+07,0,303315,0,0
66.5432,85.1408,1.49636,0,0,2.63723,2.63723,0,0.494071,4.6872,4.08288e+06,2.79405e+06,1.07675e+07,0,320647,0,0,60.4282,61.3098,1.3999,0,0,1.20832,1.20832,0,0.933274,1.90512,8.48506e+06,3.73462e+06,1.02527e+07,0,303405,0,0
64.858,85.1408,0.934428,0,0,2.61438,2.61438,0,0.494217,4.6872,4.08288e+06,2.79405e+06,1.06742e+07,0,317869,0,0,59.8842,61.3098,1.27211,0,0,1.24275,1.24275,0,0.93355,1.90512,8.48506e+06,3.73462e+06,1.05448e+07,0,312050,0,0
63.0623,85.1408,0.80035,0,0,2.61515,2.61515,0,0.489935,4.6872,4.08288e+06,2.79405e+06,1.06773e+07,0,317963,0,0,59.3133,61.3098,1.17906,0,0,1.24312,1.24312,0,0.96015,1.90512,8.48506e+06,3.73462e+06,1.05479e+07,0,312142,0,0
61.2148,85.1408,0.732477,0,0,2.61592,2.61592,0,0.490079,4.6872,4.08288e+06,2.79405e+06,1.06805e+07,0,318056,0,0,58.6453,61.3098,1.1758,0,0,1.24349,1.24349,0,0.960434,1.90512,8.48506e+06,3.73462e+06,1.0551e+07,0,312234,0,0
59.319,85.1408,0.662417,0,0,2.61669,2.61669,0,0.490224,4.6872,4.08288e+06,2.79405e+06,1.06836e+07,0,318150,0,0,57.9527,61.3098,1.05201,0,0,1.24385,1.24385,0,0.960717,1.90512,8.48506e+06,3.73462e+06,1.05542e+07,0,312326,0,0
57.4034,85.1408,0.645435,0,0,2.67855,2.67855,0,0.490368,4.6872,4.08288e+06,2.79405e+06,1.09362e+07,0,325671,0,0,57.3027,61.3098,1.09534,0,0,1.27462,1.27462,0,0.961,1.90512,8.48506e+06,3.73462e+06,1.08152e+07,0,320052,0,0
55.5383,85.1408,0.684678,0.01,0,2.67934,2.67934,0,0.50196,4.6872,4.08288e+06,2.79405e+06,1.09394e+07,0,325767,0,0,56.701,61.3098,1.24157,0,0,1.275,1.275,0,0.984773,1.90512,8.48506e+06,3.73462e+06,1.08184e+07,0,320147,0,0
53.6512,85.1408,0.631545,0.01,0,2.68013,2.68013,0,0.502108,4.6872,4.08288e+06,2.79405e+06,1.09426e+07,0,325863,0,0,55.9275,61.3098,1.17764,0,0,1.27537,1.27537,0,0.985063,1.90512,8.48506e+06,3.73462e+06,1.08216e+07,0,320241,0,0
51.733,85.1408,0.574841,0.01,0,2.68092,2.68092,0,0.502256,4.6872,4.08288e+06,2.79405e+06,1.09459e+07,0,325959,0,0,55.3554,61.3098,1.03345,0,0,1.27575,1.27575,0,0.985353,1.90512,8.48506e+06,3.73462e+06,1.08248e+07,0,320335,0,0
49.7827,85.1408,0.646654,0.01,0,2.86081,2.86081,0,0.502404,4.6872,4.08288e+06,2.79405e+06,1.16803e+07,0,347831,0,0,54.414,61.3098,1.34405,0,0,1.38599,1.38599,0,0.985644,1.90512,8.48506e+06,3.73462e+06,1.17602e+07,0,348017,0,0
47.0527,85.1408,0.513539,0.03,0,2.86165,2.86165,0,0.536116,4.6872,4.08288e+06,2.79405e+06,1.16838e+07,0,347934,0,0,53.4593,61.3098,0.850302,0,0,1.3864,1.3864,0,1.07082,1.90512,8.48506e+06,3.73462e+06,1.17637e+07,0,348120,0,0
45.7375,85.1408,0.569792,0.04,0,2.8625,2.8625,0,0.536274,4.6872,4.08288e+06,2.79405e+06,1.16872e+07,0,348036,0,0,52.3905,61.3098,1.05388,0,0,1.38681,1.38681,0,1.07113,1.90512,8.48506e+06,3.73462e+06,1.17672e+07,0,348223,0,0
43.6999,85.1408,0.465107,0.04,0,2.86334,2.86334,0,0.536432,4.6872,4.08288e+06,2.79405e+06,1.16907e+07,0,348139,0,0,51.6045,61.3098,0.743695,0,0,1.38722,1.38722,0,1.07145,1.90512,8.48506e+06,3.73462e+06,1.17706e+07,0,348325,0,0
41.8043,85.1408,0.565503,0.04,0,2.86418,2.86418,0,0.53659,4.6872,4.08288e+06,2.79405e+06,1.16941e+07,0,348241,0,0,51.2203,61.3098,1.35208,0,0,1.38763,1.38763,0,1.07177,1.90512,8.48506e+06,3.73462e+06,1.17741e+07,0,348428,0,0
40.1255,85.1408,0.56694,0.07,0,2.63089,2.77761,0,0.536748,4.6872,4.08288e+06,2.79405e+06,1.07416e+07,0,337715,0,0,50.6376,61.3098,1.79123,0,0,1.46798,1.32125,0,1.07208,1.90512,8.48506e+06,3.73462e+06,1.24559e+07,0,331761,0,0
38.5305,85.1408,0.56678,0.07,0,2.56533,2.77843,0,0.493029,4.6872,4.08288e+06,2.79405e+06,1.04739e+07,0,337815,0,0,49.6357,61.3098,1.07182,0,0,1.53474,1.32164,0,1.13416,1.90512,8.48506e+06,3.73462e+06,1.30224e+07,0,331859,0,0
36.8656,85.1408,0.483473,0.07,0,2.56654,2.77925,0,0.480743,4.6872,4.08288e+06,2.79405e+06,1.04789e+07,0,337915,0,0,48.7867,61.3098,0.975529,0,0,1.53474,1.32203,0,1.18574,1.90512,8.48506e+06,3.73462e+06,1.30224e+07,0,331957,0,0
35.6692,85.1408,1.03298,0.07,0,2.56775,2.78007,0,0.480969,4.6872,4.08288e+06,2.79405e+06,1.04838e+07,0,338014,0,0,48.7532,61.3098,1.51252,0,0,1.53474,1.32242,0,1.18574,1.90512,8.48506e+06,3.73462e+06,1.30224e+07,0,332055,0,0
35.3882,85.1408,1.97312,0.07,0,2.49712,2.70905,0,0.481196,4.6872,4.08288e+06,2.79405e+06,1.01954e+07,0,329379,0,0,49.0747,61.3098,2.08498,0,0,1.47388,1.26195,0,1.18574,1.90512,8.48506e+06,3.73462e+06,1.25059e+07,0,316870,0,0
35.0946,85.1408,1.91518,0.06,0,2.43744,2.70985,0,0.46796,4.6872,4.08288e+06,2.79405e+06,9.95179e+06,0,329476,0,0,49.2093,61.3098,2.69158,0,0,1.53472,1.26232,0,1.13872,1.90512,8.48506e+06,3.73462e+06,1.30222e+07,0,316963,0,0
35.1212,85.1408,2.25388,0.06,0,2.43861,2.71065,0,0.456777,4.6872,4.08288e+06,2.79405e+06,9.95657e+06,0,329573,0,0,49.2123,61.3098,1.96341,0,0,1.53472,1.26269,0,1.18573,1.90512,8.48506e+06,3.73462e+06,1.30222e+07,0,317057,0,0
39.3124,85.1408,6.53489,0.06,0,2.43978,2.71144,0,0.456996,4.6872,4.08288e+06,2.79405e+06,9.96135e+06,0,329671,0,0,50.9056,61.3098,6.76136,0,0,1.53472,1.26306,0,1.18573,1.90512,8.48506e+06,3.73462e+06,1.30222e+07,0,317150,0,0
42.2328,85.1408,5.22143,0.06,0,2.23669,2.50798,0,0.457216,4.6872,4.08288e+06,2.79405e+06,9.13215e+06,0,304932,0,0,52.1695,61.3098,5.79879,0,0,1.40782,1.13653,0,1.18573,1.90512,8.48506e+06,3.73462e+06,1.19454e+07,0,285378,0,0
43.2676,85.1408,3.34023,0.06,0,2.11089,2.50872,0,0.419156,4.6872,4.08288e+06,2.79405e+06,8.61853e+06,0,305022,0,0,53.2183,61.3098,3.77434,0,0,1.53469,1.13686,0,1.08768,1.90512,8.48506e+06,3.73462e+06,1.30219e+07,0,285462,0,0
45.1539,85.1408,4.45287,0.04,0,2.50946,2.50946,0,0.395582,4.6872,4.08288e+06,2.79405e+06,1.02458e+07,0,305112,0,0,55.6157,61.3098,5.44563,0,0,1.1372,1.1372,0,1.1857,1.90512,8.48506e+06,3.73462e+06,9.64919e+06,0,285546,0,0
45.5013,85.1408,2.95076,0.04,0,2.5102,2.5102,0,0.470272,4.6872,4.08288e+06,2.79405e+06,1.02488e+07,0,305202,0,0,56.253,61.3098,2.4393,0,0,1.13753,1.13753,0,0.878599,1.90512,8.48506e+06,3.73462e+06,9.65203e+06,0,285630,0,0
45.9064,85.1408,3.12348,0.04,0,2.51094,2.51094,0,0.470411,4.6872,4.08288e+06,2.79405e+06,1.02519e+07,0,305292,0,0,56.7508,61.3098,2.3666,0,0,1.13787,1.13787,0,0.878858,1.90512,8.48506e+06,3.73462e+06,9.65487e+06,0,285714,0,0
45.8191,85.1408,2.65258,0.04,0,2.59034,2.59034,0,0.470549,4.6872,4.08288e+06,2.79405e+06,1.05761e+07,0,314946,0,0,57.4143,61.3098,3.05557,0,1,1.175,1.175,0,0.879116,1.90512,8.48506e+06,3.73462e+06,9.96993e+06,0,295037,0,0
48.7023,85.1408,5.66092,0.05,0,2.59108,2.59108,0,0.48543,4.6872,4.08288e+06,2.79405e+06,1.05791e+07,0,315036,0,0,59.2741,61.3098,6.55854,0,1,1.17533,1.17533,0,0.907803,1.90512,8.48506e+06,3.73462e+06,9.97276e+06,0,295121,0,0
52.4774,85.1408,6.41557,0.06,0,2.2328,2.59182,0,0.485568,4.6872,4.08288e+06,2.79405e+06,9.11624e+06,0,315126,0,0,60.8088,61.3098,6.07192,0,1,1.53469,1.17567,0,0.908062,1.90512,8.48506e+06,3.73462e+06,1.30219e+07,0,295205,0,0
59.2916,85.1408,10.017,0.03,0,2.59255,2.59255,0,0.418426,4.6872,4.08288e+06,2.79405e+06,1.05851e+07,0,315215,0,0,62.338,61.3098,7.88884,0,1,1.176,1.176,0,1.1857,1.90512,8.48506e+06,3.73462e+06,9.97843e+06,0,295289,0,0
62.1173,85.1408,6.27674,0.03,0,2.84623,2.84623,0,0.485844,4.6872,4.08288e+06,2.79405e+06,1.16208e+07,0,346059,0,0,62.338,61.3098,9.36877,0,1,1.31465,1.31465,0,0.908578,1.90512,8.48506e+06,3.73462e+06,1.11548e+07,0,330102,0,0
63.1815,85.1408,4.26841,0,0,2.84704,2.84704,0,0.533384,4.6872,4.08288e+06,2.79405e+06,1.16241e+07,0,346157,0,0,62.338,61.3098,5.35013,0,1,1.31502,1.31502,0,1.0157,1.90512,8.48506e+06,3.73462e+06,1.1158e+07,0,330196,0,0
64.5486,85.1408,4.6599,0.01,0,2.84785,2.84785,0,0.533536,4.6872,4.08288e+06,2.79405e+06,1.16274e+07,0,346256,0,0,62.338,61.3098,5.51303,0,1,1.31539,1.31539,0,1.01598,1.90512,8.48506e+06,3.73462e+06,1.11612e+07,0,330290,0,0
64.8651,85.1408,3.53462,0.01,0,2.84866,2.84866,0,0.533687,4.6872,4.08288e+06,2.79405e+06,1.16307e+07,0,346354,0,0,62.338,61.3098,4.19832,0,1,1.31577,1.31577,0,1.01627,1.90512,8.48506e+06,3.73462e+06,1.11644e+07,0,330384,0,0
68.9336,85.1408,7.12675,0.01,0,2.48828,2.48828,0,0.533839,4.6872,4.08288e+06,2.79405e+06,1.01594e+07,0,302537,0,0,62.338,61.3098,8.39588,0,1,1.13031,1.13031,0,1.01656,1.90512,8.48506e+06,3.73462e+06,9.59078e+06,0,283817,0,0
72.1448,85.1408,6.37507,0,0,2.48899,2.48899,0,0.466304,4.6872,4.08288e+06,2.79405e+06,1.01622e+07,0,302623,0,0,62.338,61.3098,6.60618,0,1,1.13064,1.13064,0,0.873281,1.90512,8.48506e+06,3.73462e+06,9.5935e+06,0,283898,0,0
75.9146,85.1408,6.97316,0,0,2.4897,2.4897,0,0.466436,4.6872,4.08288e+06,2.79405e+06,1.01651e+07,0,302709,0,0,62.338,61.3098,6.72443,0,1,1.13096,1.13096,0,0.873529,1.90512,8.48506e+06,3.73462e+06,9.59623e+06,0,283978,0,0
80.6598,85.1408,8.10343,0,0,2.4904,2.4904,0,0.466569,4.6872,4.08288e+06,2.79405e+06,1.0168e+07,0,302795,0,0,62.338,61.3098,8.41587,0,1,1.13128,1.13128,0,0.873777,1.90512,8.48506e+06,3.73462e+06,9.59896e+06,0,284059,0,0
84.3429,85.1408,6.78233,0,0,2.49111,2.49111,0,0.466702,4.6872,4.08288e+06,2.79405e+06,1.01709e+07,0,302881,0,0,62.338,61.3098,6.51723,0,1,1.1316,1.1316,0,0.874025,1.90512,8.48506e+06,3.73462e+06,9.60168e+06,0,284140,0,0
85.1408,85.1408,5.03849,0,0,2.58286,2.58286,0,0.466834,4.6872,4.08288e+06,2.79405e+06,1.05455e+07,0,314037,0,0,62.338,61.3098,5.25017,0,1,1.17745,1.17745,0,0.874274,1.90512,8.48506e+06,3.73462e+06,9.99069e+06,0,295652,0,0
85.1408,85.1408,6.14992,0,0,2.5836,2.5836,0,0.484029,4.6872,4.08288e+06,2.79405e+06,1.05485e+07,0,314126,0,0,62.338,61.3098,7.25004,0,1,1.17778,1.17778,0,0.909694,1.90512,8.48506e+06,3.73462e+06,9.99353e+06,0,295736,0,0
85.1408,85.1408,4.3382,0,0,2.58433,2.58433,0,0.484166,4.6872,4.08288e+06,2.79405e+06,1.05515e+07,0,314215,0,0,62.338,61.3098,4.72483,0,1,1.17811,1.17811,0,0.909953,1.90512,8.48506e+06,3.73462e+06,9.99637e+06,0,295820,0,0
85.1408,85.1408,3.88526,0,0,2.58507,2.58507,0,0.484304,4.6872,4.08288e+06,2.79405e+06,1.05545e+07,0,314305,0,0,62.338,61.3098,4.02056,0,1,1.17845,1.17845,0,0.910211,1.90512,8.48506e+06,3.73462e+06,9.99921e+06,0,295904,0,0
85.1408,85.1408,3.97735,0,0,2.55016,2.55016,0,0.484441,4.6872,4.08288e+06,2.79405e+06,1.0412e+07,0,310061,0,0,62.338,61.3098,4.86424,0,1,1.16108,1.16108,0,0.91047,1.90512,8.48506e+06,3.73462e+06,9.85185e+06,0,291543,0,0
85.1408,85.1408,3.6698,0,0,2.55088,2.55088,0,0.4779,4.6872,4.08288e+06,2.79405e+06,1.0415e+07,0,310149,0,0,62.338,61.3098,3.89767,0,1,1.16141,1.16141,0,0.897052,1.90512,8.48506e+06,3.73462e+06,9.85465e+06,0,291626,0,0
85.1408,85.1408,3.18022,0,0,2.55161,2.55161,0,0.478036,4.6872,4.08288e+06,2.79405e+06,1.04179e+07,0,310237,0,0,62.338,61.3098,3.58691,0,1,1.16174,1.16174,0,0.897307,1.90512,8.48506e+06,3.73462e+06,9.85745e+06,0,291709,0,0
84.9856,85.1408,2.82773,0,0,2.55233,2.55233,0,0.478172,4.6872,4.08288e+06,2.79405e+06,1.04209e+07,0,310325,0,0,62.338,61.3098,3.14897,0,1,1.16207,1.16207,0,0.897562,1.90512,8.48506e+06,3.73462e+06,9.86025e+06,0,291791,0,0
84.5418,85.1408,2.6083,0,0,2.67417,2.67417,0,0.478307,4.6872,4.08288e+06,2.79405e+06,1.09183e+07,0,325138,0,0,62.338,61.3098,2.92999,0,1,1.22525,1.22525,0,0.897817,1.90512,8.48506e+06,3.73462e+06,1.03963e+07,0,307655,0,0
83.9546,85.1408,2.37103,0,0,2.67493,2.67493,0,0.501139,4.6872,4.08288e+06,2.79405e+06,1.09214e+07,0,325231,0,0,62.338,61.3098,2.99579,0,1,1.2256,1.2256,0,0.946626,1.90512,8.48506e+06,3.73462e+06,1.03992e+07,0,307742,0,0
83.3436,85.1408,2.33921,0,0,2.67569,2.67569,0,0.501281,4.6872,4.08288e+06,2.79405e+06,1.09245e+07,0,325323,0,0,62.338,61.3098,3.038,0,1,1.22594,1.22594,0,0.946895,1.90512,8.48506e+06,3.73462e+06,1.04022e+07,0,307829,0,0
82.5988,85.1408,2.191,0,0,2.67645,2.67645,0,0.501424,4.6872,4.08288e+06,2.79405e+06,1.09276e+07,0,325415,0,0,62.338,61.3098,2.90826,0,1,1.22629,1.22629,0,0.947164,1.90512,8.48506e+06,3.73462e+06,1.04052e+07,0,307917,0,0
81.7517,85.1408,2.05464,0,0,2.67721,2.67721,0,0.501566,4.6872,4.08288e+06,2.79405e+06,1.09307e+07,0,325508,0,0,62.338,61.3098,2.73992,0,1,1.22664,1.22664,0,0.947433,1.90512,8.48506e+06,3.73462e+06,1.04081e+07,0,308004,0,0
81.7383,85.1408,2.86883,0,0,2.65398,2.65398,0,0.501708,4.6872,4.08288e+06,2.79405e+06,1.08359e+07,0,322684,0,0,62.338,61.3098,4.32489,0,1,1.26158,1.26158,0,0.947702,1.90512,8.48506e+06,3.73462e+06,1.07046e+07,0,316777,0,0
81.7304,85.1408,2.8786,0,0,2.65473,2.65473,0,0.497356,4.6872,4.08288e+06,2.79405e+06,1.0839e+07,0,322775,0,0,62.338,61.3098,4.33175,0,1,1.26194,1.26194,0,0.974695,1.90512,8.48506e+06,3.73462e+06,1.07076e+07,0,316867,0,0
81.4924,85.1408,2.62991,0,0,2.65549,2.65549,0,0.497497,4.6872,4.08288e+06,2.79405e+06,1.0842e+07,0,322867,0,0,62.338,61.3098,4.13737,0,1,1.26229,1.26229,0,0.974972,1.90512,8.48506e+06,3.73462e+06,1.07106e+07,0,316957,0,0
81.1763,85.1408,2.5346,0,0,2.65624,2.65624,0,0.497639,4.6872,4.08288e+06,2.79405e+06,1.08451e+07,0,322959,0,0,62.338,61.3098,3.71087,0,1,1.26265,1.26265,0,0.975248,1.90512,8.48506e+06,3.73462e+06,1.07137e+07,0,317047,0,0
80.6139,85.1408,2.30998,0,0,2.719,2.719,0,0.49778,4.6872,4.08288e+06,2.79405e+06,1.11014e+07,0,330590,0,0,62.338,61.3098,3.31567,0,1,1.29387,1.29387,0,0.975525,1.90512,8.48506e+06,3.73462e+06,1.09786e+07,0,324886,0,0
80.0214,85.1408,2.2766,0,0,2.71978,2.71978,0,0.509542,4.6872,4.08288e+06,2.79405e+06,1.11045e+07,0,330684,0,0,62.338,61.3098,3.20775,0,1,1.29424,1.29424,0,0.999646,1.90512,8.48506e+06,3.73462e+06,1.09817e+07,0,324978,0,0
79.2862,85.1408,2.10595,0,0,2.72055,2.72055,0,0.509686,4.6872,4.08288e+06,2.79405e+06,1.11077e+07,0,330777,0,0,62.338,61.3098,3.21151,0,1,1.29461,1.29461,0,0.99993,1.90512,8.48506e+06,3.73462e+06,1.09848e+07,0,325071,0,0
78.4064,85.1408,1.95185,0,0,2.72132,2.72132,0,0.509831,4.6872,4.08288e+06,2.79405e+06,1.11108e+07,0,330871,0,0,62.338,61.3098,2.87173,0,1,1.29497,1.29497,0,1.00021,1.90512,8.48506e+06,3.73462e+06,1.09879e+07,0,325163,0,0
77.4244,85.1408,1.98575,0,0,2.90389,2.90389,0,0.509975,4.6872,4.08288e+06,2.79405e+06,1.18562e+07,0,353069,0,0,62.338,61.3098,3.2357,0,1,1.40687,1.40687,0,1.0005,1.90512,8.48506e+06,3.73462e+06,1.19373e+07,0,353258,0,0
77.0392,85.1408,2.56377,0,0,2.90471,2.90471,0,0.544189,4.6872,4.08288e+06,2.79405e+06,1.18596e+07,0,353169,0,0,62.338,61.3098,3.55735,0,1,1.40726,1.40726,0,1.08694,1.90512,8.48506e+06,3.73462e+06,1.19407e+07,0,353358,0,0
76.2358,85.1408,2.1751,0,0,2.90554,2.90554,0,0.544343,4.6872,4.08288e+06,2.79405e+06,1.1863e+07,0,353269,0,0,62.338,61.3098,3.06469,0,1,1.40766,1.40766,0,1.08725,1.90512,8.48506e+06,3.73462e+06,1.19441e+07,0,353459,0,0
75.6507,85.1408,2.36535,0,0,2.90636,2.90636,0,0.544498,4.6872,4.08288e+06,2.79405e+06,1.18663e+07,0,353370,0,0,62.338,61.3098,4.07149,0,1,1.40806,1.40806,0,1.08756,1.90512,8.48506e+06,3.73462e+06,1.19475e+07,0,353559,0,0
74.9081,85.1408,2.20115,0,0,2.90719,2.90719,0,0.544652,4.6872,4.08288e+06,2.79405e+06,1.18697e+07,0,353470,0,0,62.338,61.3098,3.60073,0,1,1.40846,1.40846,0,1.08787,1.90512,8.48506e+06,3.73462e+06,1.19509e+07,0,353659,0,0
74.4077,85.1408,2.33607,0,0,2.81928,2.81928,0,0.544807,4.6872,4.08288e+06,2.79405e+06,1.15108e+07,0,342782,0,0,62.338,61.3098,3.01031,0,1,1.34108,1.34108,0,1.08818,1.90512,8.48506e+06,3.73462e+06,1.13791e+07,0,336739,0,0
74.5414,85.1408,2.98986,0,0,2.82008,2.82008,0,0.528334,4.6872,4.08288e+06,2.79405e+06,1.15141e+07,0,342879,0,0,62.338,61.3098,4.07888,0,1,1.34146,1.34146,0,1.03612,1.90512,8.48506e+06,3.73462e+06,1.13823e+07,0,336834,0,0
74.5956,85.1408,2.909,0,0,2.82088,2.82088,0,0.528484,4.6872,4.08288e+06,2.79405e+06,1.15173e+07,0,342977,0,0,62.338,61.3098,3.76307,0,1,1.34184,1.34184,0,1.03641,1.90512,8.48506e+06,3.73462e+06,1.13856e+07,0,336930,0,0
74.6152,85.1408,2.87279,0,0,2.82168,2.82168,0,0.528634,4.6872,4.08288e+06,2.79405e+06,1.15206e+07,0,343074,0,0,62.338,61.3098,4.72806,0,1,1.34222,1.34222,0,1.0367,1.90512,8.48506e+06,3.73462e+06,1.13888e+07,0,337025,0,0
76.2698,85.1408,4.64509,0,0,2.74957,2.74957,0,0.528784,4.6872,4.08288e+06,2.79405e+06,1.12262e+07,0,334306,0,0,62.338,61.3098,4.72878,0,1,1.28083,1.28083,0,1.037,1.90512,8.48506e+06,3.73462e+06,1.08679e+07,0,321610,0,0
77.9481,85.1408,4.67441,0,0,2.75035,2.75035,0,0.51527,4.6872,4.08288e+06,2.79405e+06,1.12294e+07,0,334401,0,0,62.338,61.3098,4.24576,0,1,1.28119,1.28119,0,0.989565,1.90512,8.48506e+06,3.73462e+06,1.0871e+07,0,321701,0,0
78.0963,85.1408,3.09678,0,0,2.75113,2.75113,0,0.515416,4.6872,4.08288e+06,2.79405e+06,1.12325e+07,0,334496,0,0,62.338,61.3098,4.27906,0,1,1.28155,1.28155,0,0.989846,1.90512,8.48506e+06,3.73462e+06,1.0874e+07,0,321792,0,0
79.585,85.1408,4.58194,0,0,2.75191,2.75191,0,0.515562,4.6872,4.08288e+06,2.79405e+06,1.12357e+07,0,334591,0,0,62.338,61.3098,3.31644,0,1,1.28192,1.28192,0,0.990127,1.90512,8.48506e+06,3.73462e+06,1.08771e+07,0,321884,0,0
85.1408,85.1408,9.6549,0,0,2.54538,2.54538,0,0.515708,4.6872,4.08288e+06,2.79405e+06,1.03925e+07,0,309480,0,0,62.338,61.3098,5.26413,0,1,1.15348,1.15348,0,0.990408,1.90512,8.48506e+06,3.73462e+06,9.78733e+06,0,289634,0,0
85.1408,85.1408,5.24373,0,0,2.54611,2.54611,0,0.477005,4.6872,4.08288e+06,2.79405e+06,1.03954e+07,0,309568,0,0,62.338,61.3098,3.5723,0,1,1.15381,1.15381,0,0.891177,1.90512,8.48506e+06,3.73462e+06,9.7901e+06,0,289716,0,0
85.1408,85.1408,6.10511,0,0,2.54683,2.54683,0,0.47714,4.6872,4.08288e+06,2.79405e+06,1.03984e+07,0,309656,0,0,62.338,61.3098,4.51776,0,1,1.15413,1.15413,0,0.89143,1.90512,8.48506e+06,3.73462e+06,9.79288e+06,0,289798,0,0
85.1408,85.1408,5.59075,0,0,2.54755,2.54755,0,0.477275,4.6872,4.08288e+06,2.79405e+06,1.04013e+07,0,309743,0,0,62.338,61.3098,3.89529,0,1,1.15446,1.15446,0,0.891682,1.90512,8.48506e+06,3.73462e+06,9.79565e+06,0,289880,0,0
85.1408,85.1408,5.01875,0,0,2.54827,2.54827,0,0.477411,4.6872,4.08288e+06,2.79405e+06,1.04043e+07,0,309831,0,0,62.338,61.3098,3.85616,0,1,1.15479,1.15479,0,0.891935,1.90512,8.48506e+06,3.73462e+06,9.79843e+06,0,289962,0,0
85.1408,85.1408,5.59226,0,0,2.62883,2.62883,0,0.477546,4.6872,4.08288e+06,2.79405e+06,1.07332e+07,0,319626,0,0,62.338,61.3098,5.22166,0,1,1.19246,1.19246,0,0.892188,1.90512,8.48506e+06,3.73462e+06,1.01181e+07,0,299421,0,0
85.1408,85.1408,4.0903,0,0,2.62955,2.62955,0,0.492643,4.6872,4.08288e+06,2.79405e+06,1.07361e+07,0,319713,0,0,62.338,61.3098,4.93904,0,1,1.19278,1.19278,0,0.921292,1.90512,8.48506e+06,3.73462e+06,1.01208e+07,0,299503,0,0
85.1408,85.1408,3.2966,0,0,2.63027,2.63027,0,0.492778,4.6872,4.08288e+06,2.79405e+06,1.07391e+07,0,319801,0,0,62.338,61.3098,3.94637,0,1,1.19311,1.19311,0,0.921543,1.90512,8.48506e+06,3.73462e+06,1.01236e+07,0,299584,0,0
84.7335,85.1408,2.64795,0,0,2.63099,2.63099,0,0.492912,4.6872,4.08288e+06,2.79405e+06,1.0742e+07,0,319888,0,0,62.338,61.3098,3.50361,0,1,1.19343,1.19343,0,0.921795,1.90512,8.48506e+06,3.73462e+06,1.01264e+07,0,299666,0,0
83.9713,85.1408,2.51191,0,0,2.8884,2.8884,0,0.493047,4.6872,4.08288e+06,2.79405e+06,1.1793e+07,0,351185,0,0,62.338,61.3098,3.2736,0,1,1.33412,1.33412,0,0.922047,1.90512,8.48506e+06,3.73462e+06,1.13201e+07,0,334992,0,0
84.8409,85.1408,4.36878,0,0,2.88919,2.88919,0,0.541285,4.6872,4.08288e+06,2.79405e+06,1.17962e+07,0,351281,0,0,62.338,61.3098,5.74718,0,1,1.33449,1.33449,0,1.03074,1.90512,8.48506e+06,3.73462e+06,1.13232e+07,0,335084,0,0
84.4453,85.1408,3.00928,0,0,2.88998,2.88998,0,0.541433,4.6872,4.08288e+06,2.79405e+06,1.17994e+07,0,351377,0,0,62.338,61.3098,3.94101,0,1,1.33485,1.33485,0,1.03102,1.90512,8.48506e+06,3.73462e+06,1.13263e+07,0,335175,0,0
83.7387,85.1408,2.66868,0,0,2.89076,2.89076,0,0.541581,4.6872,4.08288e+06,2.79405e+06,1.18026e+07,0,351473,0,0,62.338,61.3098,3.47769,0,1,1.33521,1.33521,0,1.03131,1.90512,8.48506e+06,3.73462e+06,1.13294e+07,0,335267,0,0
83.4153,85.1408,2.80022,0,0,2.52503,2.52503,0,0.541729,4.6872,4.08288e+06,2.79405e+06,1.03094e+07,0,307006,0,0,62.338,61.3098,3.77372,0,1,1.14701,1.14701,0,1.03159,1.90512,8.48506e+06,3.73462e+06,9.73243e+06,0,288009,0,0
83.5191,85.1408,3.08136,0,0,2.52572,2.52572,0,0.473191,4.6872,4.08288e+06,2.79405e+06,1.03122e+07,0,307089,0,0,62.338,61.3098,3.24468,0,1,1.14732,1.14732,0,0.886178,1.90512,8.48506e+06,3.73462e+06,9.73509e+06,0,288088,0,0
84.0309,85.1408,3.5786,0,0,2.52641,2.52641,0,0.47332,4.6872,4.08288e+06,2.79405e+06,1.0315e+07,0,307173,0,0,62.338,61.3098,3.68368,0,1,1.14763,1.14763,0,0.88642,1.90512,8.48506e+06,3.73462e+06,9.73775e+06,0,288166,0,0
85.1408,85.1408,4.88449,0,0,2.5271,2.5271,0,0.473449,4.6872,4.08288e+06,2.79405e+06,1.03179e+07,0,307257,0,0,62.338,61.3098,3.59374,0,1,1.14795,1.14795,0,0.886663,1.90512,8.48506e+06,3.73462e+06,9.74041e+06,0,288245,0,0
85.1408,85.1408,3.73925,0,0,2.52779,2.52779,0,0.473579,4.6872,4.08288e+06,2.79405e+06,1.03207e+07,0,307341,0,0,62.338,61.3098,3.65593,0,1,1.14826,1.14826,0,0.886905,1.90512,8.48506e+06,3.73462e+06,9.74307e+06,0,288324,0,0
85.1408,85.1408,5.28373,0,0,2.62087,2.62087,0,0.473708,4.6872,4.08288e+06,2.79405e+06,1.07007e+07,0,318658,0,0,62.338,61.3098,4.04688,0,1,1.19477,1.19477,0,0.887147,1.90512,8.48506e+06,3.73462e+06,1.01377e+07,0,300002,0,0
85.1408,85.1408,3.97422,0,0,2.62158,2.62158,0,0.491151,4.6872,4.08288e+06,2.79405e+06,1.07036e+07,0,318745,0,0,62.338,61.3098,3.93898,0,1,1.1951,1.1951,0,0.923079,1.90512,8.48506e+06,3.73462e+06,1.01405e+07,0,300084,0,0
85.1408,85.1408,3.86526,0,0,2.6223,2.6223,0,0.491285,4.6872,4.08288e+06,2.79405e+06,1.07065e+07,0,318832,0,0,62.338,61.3098,3.37679,0,1,1.19542,1.19542,0,0.923332,1.90512,8.48506e+06,3.73462e+06,1.01432e+07,0,300166,0,0
85.1408,85.1408,5.90485,0,0,2.62302,2.62302,0,0.491419,4.6872,4.08288e+06,2.79405e+06,1.07095e+07,0,318919,0,0,62.338,61.3098,6.07401,0,1,1.19575,1.19575,0,0.923584,1.90512,8.48506e+06,3.73462e+06,1.0146e+07,0,300248,0,0
85.1408,85.1408,3.84141,0,0,2.58757,2.58757,0,0.491553,4.6872,4.08288e+06,2.79405e+06,1.05647e+07,0,314609,0,0,62.338,61.3098,3.67501,0,1,1.17811,1.17811,0,0.923836,1.90512,8.48506e+06,3.73462e+06,9.99637e+06,0,295820,0,0
85.1408,85.1408,3.21688,0,0,2.58828,2.58828,0,0.484911,4.6872,4.08288e+06,2.79405e+06,1.05676e+07,0,314695,0,0,62.338,61.3098,3.22108,0,1,1.17844,1.17844,0,0.910211,1.90512,8.48506e+06,3.73462e+06,9.9991e+06,0,295900,0,0
85.0907,85.1408,2.88533,0,0,2.58898,2.58898,0,0.485043,4.6872,4.08288e+06,2.79405e+06,1.05705e+07,0,314781,0,0,62.338,61.3098,3.0457,0,1,1.17876,1.17876,0,0.91046,1.90512,8.48506e+06,3.73462e+06,1.00018e+07,0,295981,0,0
84.9015,85.1408,2.71273,0,0,2.58969,2.58969,0,0.485176,4.6872,4.08288e+06,2.79405e+06,1.05734e+07,0,314867,0,0,62.338,61.3098,2.80807,0,1,1.17908,1.17908,0,0.910709,1.90512,8.48506e+06,3.73462e+06,1.00046e+07,0,296062,0,0
84.4529,85.1408,2.55282,0,0,2.71328,2.71328,0,0.485308,4.6872,4.08288e+06,2.79405e+06,1.1078e+07,0,329893,0,0,62.338,61.3098,2.66,0,1,1.24317,1.24317,0,0.910957,1.90512,8.48506e+06,3.73462e+06,1.05483e+07,0,312154,0,0
83.566,85.1408,2.09557,0,0,2.71402,2.71402,0,0.508468,4.6872,4.08288e+06,2.79405e+06,1.1081e+07,0,329984,0,0,62.338,61.3098,2.26274,0,1,1.24351,1.24351,0,0.960471,1.90512,8.48506e+06,3.73462e+06,1.05512e+07,0,312239,0,0
82.5179,85.1408,1.8879,0,0,2.71476,2.71476,0,0.508607,4.6872,4.08288e+06,2.79405e+06,1.1084e+07,0,330074,0,0,62.338,61.3098,1.99936,0,1,1.24385,1.24385,0,0.960733,1.90512,8.48506e+06,3.73462e+06,1.05541e+07,0,312324,0,0
81.3531,85.1408,1.72214,0,0,2.7155,2.7155,0,0.508746,4.6872,4.08288e+06,2.79405e+06,1.10871e+07,0,330164,0,0,62.338,61.3098,1.99368,0,1,1.24419,1.24419,0,0.960995,1.90512,8.48506e+06,3.73462e+06,1.0557e+07,0,312410,0,0
80.1629,85.1408,1.68554,0,0,2.71624,2.71624,0,0.508885,4.6872,4.08288e+06,2.79405e+06,1.10901e+07,0,330254,0,0,62.2609,61.3098,2.01913,0,1,1.24452,1.24452,0,0.961257,1.90512,8.48506e+06,3.73462e+06,1.05599e+07,0,312495,0,0
78.7954,85.1408,1.45899,0,0,2.69265,2.69265,0,0.509024,4.6872,4.08288e+06,2.79405e+06,1.09938e+07,0,327385,0,0,62.2313,61.3098,1.88641,0,1,1.27996,1.27996,0,0.96152,1.90512,8.48506e+06,3.73462e+06,1.08605e+07,0,321392,0,0
77.2959,85.1408,1.306,0,0,2.69338,2.69338,0,0.504602,4.6872,4.08288e+06,2.79405e+06,1.09968e+07,0,327475,0,0,62.2531,61.3098,1.79838,0,1,1.28031,1.28031,0,0.988896,1.90512,8.48506e+06,3.73462e+06,1.08635e+07,0,321480,0,0
75.7014,85.1408,1.20069,0,0,2.69412,2.69412,0,0.50474,4.6872,4.08288e+06,2.79405e+06,1.09998e+07,0,327564,0,0,62.0779,61.3098,1.80532,0,1,1.28066,1.28066,0,0.989166,1.90512,8.48506e+06,3.73462e+06,1.08664e+07,0,321568,0,0
74.0215,85.1408,1.09977,0,0,2.69485,2.69485,0,0.504878,4.6872,4.08288e+06,2.79405e+06,1.10028e+07,0,327653,0,0,61.8786,61.3098,1.59124,0,1,1.28101,1.28101,0,0.989436,1.90512,8.48506e+06,3.73462e+06,1.08694e+07,0,321655,0,0
72.2549,85.1408,1.03132,0,0,2.7585,2.7585,0,0.505016,4.6872,4.08288e+06,2.79405e+06,1.12626e+07,0,335392,0,0,61.6101,61.3098,1.57459,0,1,1.31267,1.31267,0,0.989706,1.90512,8.48506e+06,3.73462e+06,1.11381e+07,0,329605,0,0
70.5805,85.1408,1.10797,0,0,2.75925,2.75925,0,0.516943,4.6872,4.08288e+06,2.79405e+06,1.12657e+07,0,335483,0,0,61.4519,61.3098,1.68381,0,1,1.31302,1.31302,0,1.01417,1.90512,8.48506e+06,3.73462e+06,1.11411e+07,0,329695,0,0
68.8529,85.1408,1.03749,0,0,2.76001,2.76001,0,0.517084,4.6872,4.08288e+06,2.79405e+06,1.12688e+07,0,335575,0,0,61.1623,61.3098,1.6681,0,1,1.31338,1.31338,0,1.01444,1.90512,8.48506e+06,3.73462e+06,1.11441e+07,0,329785,0,0
67.0271,85.1408,0.921966,0,0,2.76076,2.76076,0,0.517225,4.6872,4.08288e+06,2.79405e+06,1.12718e+07,0,335666,0,0,60.8083,61.3098,1.52336,0,1,1.31374,1.31374,0,1.01472,1.90512,8.48506e+06,3.73462e+06,1.11472e+07,0,329875,0,0
64.9934,85.1408,0.836349,0.01,0,2.94594,2.94594,0,0.517366,4.6872,4.08288e+06,2.79405e+06,1.20279e+07,0,358182,0,0,60.3016,61.3098,1.48962,0,1,1.42724,1.42724,0,1.015,1.90512,8.48506e+06,3.73462e+06,1.21102e+07,0,358374,0,0
62.8305,85.1408,0.666379,0.01,0,2.94674,2.94674,0,0.552069,4.6872,4.08288e+06,2.79405e+06,1.20312e+07,0,358279,0,0,59.7286,61.3098,1.43399,0,1,1.42763,1.42763,0,1.10268,1.90512,8.48506e+06,3.73462e+06,1.21135e+07,0,358471,0,0
60.6171,85.1408,0.585763,0.01,0,2.94755,2.94755,0,0.55222,4.6872,4.08288e+06,2.79405e+06,1.20345e+07,0,358377,0,0,59.0985,61.3098,1.3208,0,1,1.42802,1.42802,0,1.10299,1.90512,8.48506e+06,3.73462e+06,1.21168e+07,0,358569,0,0
58.4727,85.1408,0.630203,0.01,0,2.94835,2.94835,0,0.552371,4.6872,4.08288e+06,2.79405e+06,1.20378e+07,0,358475,0,0,58.6405,61.3098,1.33283,0,1,1.42841,1.42841,0,1.10329,1.90512,8.48506e+06,3.73462e+06,1.21201e+07,0,358667,0,0
56.6587,85.1408,0.976514,0.02,0,2.94916,2.94916,0,0.552521,4.6872,4.08288e+06,2.79405e+06,1.20411e+07,0,358573,0,0,58.5229,61.3098,1.59973,0,1,1.4288,1.4288,0,1.10359,1.90512,8.48506e+06,3.73462e+06,1.21234e+07,0,358765,0,0
55.3064,85.1408,1.34912,0.03,0,2.85995,2.85995,0,0.552672,4.6872,4.08288e+06,2.79405e+06,1.16769e+07,0,347727,0,0,58.6541,61.3098,2.14973,0,1,1.36042,1.36042,0,1.10389,1.90512,8.48506e+06,3.73462e+06,1.15433e+07,0,341596,0,0
53.6339,85.1408,1.04793,0.03,0,2.86073,2.86073,0,0.535956,4.6872,4.08288e+06,2.79405e+06,1.168e+07,0,347822,0,0,58.7604,61.3098,2.44979,0,1,1.36079,1.36079,0,1.05106,1.90512,8.48506e+06,3.73462e+06,1.15464e+07,0,341689,0,0
52.0503,85.1408,1.16663,0.04,0,2.86152,2.86152,0,0.536102,4.6872,4.08288e+06,2.79405e+06,1.16832e+07,0,347917,0,0,59.1894,61.3098,3.26379,0,1,1.36116,1.36116,0,1.05135,1.90512,8.48506e+06,3.73462e+06,1.15496e+07,0,341783,0,0
50.42,85.1408,1.1189,0.04,0,2.8623,2.8623,0,0.536248,4.6872,4.08288e+06,2.79405e+06,1.16864e+07,0,348012,0,0,59.6324,61.3098,3.21316,0,1,1.36154,1.36154,0,1.05164,1.90512,8.48506e+06,3.73462e+06,1.15527e+07,0,341876,0,0
49.123,85.1408,1.3062,0.06,0,2.6163,2.78912,0,0.536394,4.6872,4.08288e+06,2.79405e+06,1.0682e+07,0,339114,0,0,60.2179,61.3098,3.89009,0,1,1.47206,1.29925,0,1.05192,1.90512,8.48506e+06,3.73462e+06,1.24905e+07,0,326235,0,0
48.3766,85.1408,1.82626,0.06,0,2.55477,2.78988,0,0.490294,4.6872,4.08288e+06,2.79405e+06,1.04308e+07,0,339207,0,0,60.2685,61.3098,2.51565,0,1,1.53471,1.2996,0,1.13732,1.90512,8.48506e+06,3.73462e+06,1.30221e+07,0,326324,0,0
47.7346,85.1408,1.94008,0.06,0,2.55589,2.79064,0,0.478764,4.6872,4.08288e+06,2.79405e+06,1.04354e+07,0,339299,0,0,61.0302,61.3098,3.88018,0,1,1.53471,1.29995,0,1.18571,1.90512,8.48506e+06,3.73462e+06,1.30221e+07,0,326413,0,0
46.6299,85.1408,1.6278,0.05,0,2.7914,2.7914,0,0.478973,4.6872,4.08288e+06,2.79405e+06,1.13969e+07,0,339392,0,0,61.6986,61.3098,3.17268,0,1,1.30031,1.30031,0,1.18571,1.90512,8.48506e+06,3.73462e+06,1.10332e+07,0,326502,0,0
47.0865,85.1408,3.17235,0.05,0,2.58188,2.58188,0,0.523108,4.6872,4.08288e+06,2.79405e+06,1.05415e+07,0,313917,0,0,62.338,61.3098,5.15002,0,1,1.17002,1.17002,0,1.00462,1.90512,8.48506e+06,3.73462e+06,9.92765e+06,0,293786,0,0
47.9744,85.1408,3.64408,0.05,0,2.58258,2.58258,0,0.483844,4.6872,4.08288e+06,2.79405e+06,1.05444e+07,0,314003,0,0,62.338,61.3098,5.40509,0,1,1.17033,1.17033,0,0.903954,1.90512,8.48506e+06,3.73462e+06,9.93036e+06,0,293866,0,0
47.9919,85.1408,2.70682,0.05,0,2.58329,2.58329,0,0.483976,4.6872,4.08288e+06,2.79405e+06,1.05472e+07,0,314088,0,0,62.338,61.3098,3.56989,0,1,1.17065,1.17065,0,0.904201,1.90512,8.48506e+06,3.73462e+06,9.93307e+06,0,293946,0,0
50.1064,85.1408,4.62907,0.06,0,2.22029,2.58399,0,0.484108,4.6872,4.08288e+06,2.79405e+06,9.06519e+06,0,314174,0,0,62.338,61.3098,8.23859,0,1,1.53467,1.17097,0,0.904447,1.90512,8.48506e+06,3.73462e+06,1.30218e+07,0,294026,0,0
51.4303,85.1408,3.9491,0.06,0,2.22132,2.58469,0,0.416083,4.6872,4.08288e+06,2.79405e+06,9.06937e+06,0,314260,0,0,62.338,61.3098,8.06346,0,1,1.53467,1.17129,0,1.18569,1.90512,8.48506e+06,3.73462e+06,1.30218e+07,0,294107,0,0
51.7403,85.1408,3.20552,0.04,0,2.66638,2.66638,0,0.416275,4.6872,4.08288e+06,2.79405e+06,1.08865e+07,0,324191,0,0,62.338,61.3098,5.80747,0,1,1.20949,1.20949,0,1.18569,1.90512,8.48506e+06,3.73462e+06,1.02626e+07,0,303697,0,0
59.101,85.1408,10.8701,0.04,0,2.66708,2.66708,0,0.499679,4.6872,4.08288e+06,2.79405e+06,1.08894e+07,0,324276,0,0,62.338,61.3098,9.90547,0,1,1.2098,1.2098,0,0.93445,1.90512,8.48506e+06,3.73462e+06,1.02653e+07,0,303777,0,0
67.8634,85.1408,12.8726,0.03,0,2.66778,2.66778,0,0.49981,4.6872,4.08288e+06,2.79405e+06,1.08922e+07,0,324361,0,0,62.338,61.3098,16.356,0,1,1.21012,1.21012,0,0.934695,1.90512,8.48506e+06,3.73462e+06,1.0268e+07,0,303857,0,0
71.357,85.1408,7.22879,0.01,0,2.66848,2.66848,0,0.499941,4.6872,4.08288e+06,2.79405e+06,1.08951e+07,0,324446,0,0,62.338,61.3098,10.4093,0,1,1.21044,1.21044,0,0.934941,1.90512,8.48506e+06,3.73462e+06,1.02707e+07,0,303937,0,0
75.1006,85.1408,7.31829,0,0,2.92952,2.92952,0,0.500073,4.6872,4.08288e+06,2.79405e+06,1.19609e+07,0,356186,0,0,62.338,61.3098,6.69189,0,1,1.35312,1.35312,0,0.935186,1.90512,8.48506e+06,3.73462e+06,1.14813e+07,0,339762,0,0
81.8419,85.1408,10.8391,0,0,2.93029,2.93029,0,0.548993,4.6872,4.08288e+06,2.79405e+06,1.1964e+07,0,356279,0,0,62.338,61.3098,10.2802,0,1,1.35347,1.35347,0,1.04542,1.90512,8.48506e+06,3.73462e+06,1.14843e+07,0,339851,0,0
85.1408,85.1408,8.71285,0,0,2.93106,2.93106,0,0.549137,4.6872,4.08288e+06,2.79405e+06,1.19672e+07,0,356373,0,0,62.338,61.3098,8.4203,0,1,1.35383,1.35383,0,1.04569,1.90512,8.48506e+06,3.73462e+06,1.14873e+07,0,339941,0,0
85.1408,85.1408,7.62115,0,0,2.93183,2.93183,0,0.549281,4.6872,4.08288e+06,2.79405e+06,1.19703e+07,0,356466,0,0,62.338,61.3098,9.11052,0,1,1.35418,1.35418,0,1.04597,1.90512,8.48506e+06,3.73462e+06,1.14903e+07,0,340030,0,0
85.1408,85.1408,6.72482,0,0,2.56087,2.56087,0,0.549425,4.6872,4.08288e+06,2.79405e+06,1.04557e+07,0,311364,0,0,62.338,61.3098,8.37093,0,1,1.16329,1.16329,0,1.04624,1.90512,8.48506e+06,3.73462e+06,9.87058e+06,0,292097,0,0
85.1408,85.1408,6.35958,0,0,2.56155,2.56155,0,0.479908,4.6872,4.08288e+06,2.79405e+06,1.04585e+07,0,311445,0,0,62.338,61.3098,7.9161,0,1,1.1636,1.1636,0,0.898758,1.90512,8.48506e+06,3.73462e+06,9.87317e+06,0,292174,0,0
85.1408,85.1408,5.53476,0,0,2.56222,2.56222,0,0.480034,4.6872,4.08288e+06,2.79405e+06,1.04612e+07,0,311527,0,0,62.338,61.3098,7.38084,0,1,1.1639,1.1639,0,0.898994,1.90512,8.48506e+06,3.73462e+06,9.87576e+06,0,292251,0,0
85.1408,85.1408,8.62405,0,0,2.56289,2.56289,0,0.48016,4.6872,4.08288e+06,2.79405e+06,1.0464e+07,0,311609,0,0,62.338,61.3098,11.4282,0,1,1.16421,1.16421,0,0.89923,1.90512,8.48506e+06,3.73462e+06,9.87836e+06,0,292327,0,0
85.1408,85.1408,9.40717,0,0,2.56356,2.56356,0,0.480286,4.6872,4.08288e+06,2.79405e+06,1.04667e+07,0,311691,0,0,62.338,61.3098,11.6033,0,1,1.16451,1.16451,0,0.899466,1.90512,8.48506e+06,3.73462e+06,9.88095e+06,0,292404,0,0
85.1408,85.1408,7.79088,0,0,2.65793,2.65793,0,0.480412,4.6872,4.08288e+06,2.79405e+06,1.0852e+07,0,323164,0,0,62.338,61.3098,9.40831,0,1,1.21167,1.21167,0,0.899702,1.90512,8.48506e+06,3.73462e+06,1.0281e+07,0,304244,0,0
85.1408,85.1408,8.69973,0,0,2.65863,2.65863,0,0.498096,4.6872,4.08288e+06,2.79405e+06,1.08549e+07,0,323249,0,0,62.338,61.3098,11.0397,0,1,1.21198,1.21198,0,0.936132,1.90512,8.48506e+06,3.73462e+06,1.02837e+07,0,304324,0,0
85.1408,85.1408,7.13136,0,0,2.65932,2.65932,0,0.498227,4.6872,4.08288e+06,2.79405e+06,1.08577e+07,0,323333,0,0,62.338,61.3098,9.70951,0,1,1.2123,1.2123,0,0.936378,1.90512,8.48506e+06,3.73462e+06,1.02864e+07,0,304404,0,0
85.1408,85.1408,5.93964,0,0,2.66002,2.66002,0,0.498357,4.6872,4.08288e+06,2.79405e+06,1.08605e+07,0,323418,0,0,62.338,61.3098,6.9221,0,1,1.21262,1.21262,0,0.936624,1.90512,8.48506e+06,3.73462e+06,1.02891e+07,0,304484,0,0
85.1408,85.1408,5.71886,0,0,2.62405,2.62405,0,0.498488,4.6872,4.08288e+06,2.79405e+06,1.07137e+07,0,319044,0,0,62.338,61.3098,6.21639,0,1,1.19472,1.19472,0,0.93687,1.90512,8.48506e+06,3.73462e+06,1.01373e+07,0,299990,0,0
85.1408,85.1408,5.01154,0,0,2.62474,2.62474,0,0.491747,4.6872,4.08288e+06,2.79405e+06,1.07165e+07,0,319128,0,0,62.338,61.3098,4.79364,0,1,1.19504,1.19504,0,0.923043,1.90512,8.48506e+06,3.73462e+06,1.014e+07,0,300069,0,0
85.1408,85.1408,4.71696,0,0,2.62542,2.62542,0,0.491876,4.6872,4.08288e+06,2.79405e+06,1.07193e+07,0,319212,0,0,62.338,61.3098,4.05293,0,1,1.19535,1.19535,0,0.923285,1.90512,8.48506e+06,3.73462e+06,1.01426e+07,0,300147,0,0
85.1408,85.1408,4.33162,0,0,2.62611,2.62611,0,0.492005,4.6872,4.08288e+06,2.79405e+06,1.07221e+07,0,319296,0,0,62.338,61.3098,3.90388,0,1,1.19566,1.19566,0,0.923527,1.90512,8.48506e+06,3.73462e+06,1.01453e+07,0,300226,0,0
85.1408,85.1408,3.99406,0,0,2.75141,2.75141,0,0.492134,4.6872,4.08288e+06,2.79405e+06,1.12337e+07,0,334530,0,0,62.338,61.3098,3.75291,0,1,1.26064,1.26064,0,0.92377,1.90512,8.48506e+06,3.73462e+06,1.06966e+07,0,316541,0,0
85.1408,85.1408,4.20148,0,0,2.75213,2.75213,0,0.515614,4.6872,4.08288e+06,2.79405e+06,1.12366e+07,0,334617,0,0,62.338,61.3098,4.46442,0,1,1.26097,1.26097,0,0.973969,1.90512,8.48506e+06,3.73462e+06,1.06994e+07,0,316624,0,0
85.1408,85.1408,4.14828,0,0,2.75285,2.75285,0,0.515749,4.6872,4.08288e+06,2.79405e+06,1.12396e+07,0,334705,0,0,62.338,61.3098,4.00535,0,1,1.2613,1.2613,0,0.974224,1.90512,8.48506e+06,3.73462e+06,1.07022e+07,0,316707,0,0
85.1408,85.1408,3.86102,0,0,2.75358,2.75358,0,0.515885,4.6872,4.08288e+06,2.79405e+06,1.12425e+07,0,334793,0,0,62.338,61.3098,3.57746,0,1,1.26163,1.26163,0,0.97448,1.90512,8.48506e+06,3.73462e+06,1.0705e+07,0,316790,0,0
85.1408,85.1408,3.6405,0,0,2.7543,2.7543,0,0.51602,4.6872,4.08288e+06,2.79405e+06,1.12455e+07,0,334881,0,0,62.338,61.3098,3.30115,0,1,1.26196,1.26196,0,0.974735,1.90512,8.48506e+06,3.73462e+06,1.07078e+07,0,316873,0,0
85.1408,85.1408,3.1969,0,0,2.73034,2.73034,0,0.516155,4.6872,4.08288e+06,2.79405e+06,1.11477e+07,0,331969,0,0,62.338,61.3098,3.29144,0,1,1.29788,1.29788,0,0.974991,1.90512,8.48506e+06,3.73462e+06,1.10126e+07,0,325892,0,0
84.9065,85.1408,2.75223,0,0,2.73106,2.73106,0,0.511667,4.6872,4.08288e+06,2.79405e+06,1.11506e+07,0,332056,0,0,62.338,61.3098,3.43946,0,1,1.29822,1.29822,0,1.00274,1.90512,8.48506e+06,3.73462e+06,1.10154e+07,0,325977,0,0
84.5082,85.1408,2.56985,0,0,2.73178,2.73178,0,0.511801,4.6872,4.08288e+06,2.79405e+06,1.11535e+07,0,332143,0,0,62.338,61.3098,3.08439,0,1,1.29856,1.29856,0,1.003,1.90512,8.48506e+06,3.73462e+06,1.10183e+07,0,326062,0,0
84.0381,85.1408,2.47667,0,0,2.73249,2.73249,0,0.511935,4.6872,4.08288e+06,2.79405e+06,1.11564e+07,0,332230,0,0,62.338,61.3098,2.92947,0,1,1.2989,1.2989,0,1.00327,1.90512,8.48506e+06,3.73462e+06,1.10212e+07,0,326148,0,0
83.6491,85.1408,2.57347,0,0,2.797,2.797,0,0.512069,4.6872,4.08288e+06,2.79405e+06,1.14198e+07,0,340072,0,0,62.338,61.3098,3.18731,0,1,1.33099,1.33099,0,1.00353,1.90512,8.48506e+06,3.73462e+06,1.12935e+07,0,334205,0,0
83.047,85.1408,2.36127,0,0,2.79773,2.79773,0,0.524157,4.6872,4.08288e+06,2.79405e+06,1.14228e+07,0,340162,0,0,62.338,61.3098,2.68448,0,1,1.33134,1.33134,0,1.02832,1.90512,8.48506e+06,3.73462e+06,1.12965e+07,0,334293,0,0
82.3042,85.1408,2.20991,0,0,2.79846,2.79846,0,0.524295,4.6872,4.08288e+06,2.79405e+06,1.14258e+07,0,340251,0,0,62.338,61.3098,2.46354,0,1,1.33168,1.33168,0,1.02859,1.90512,8.48506e+06,3.73462e+06,1.12994e+07,0,334380,0,0
81.5375,85.1408,2.17136,0,0,2.7992,2.7992,0,0.524432,4.6872,4.08288e+06,2.79405e+06,1.14288e+07,0,340340,0,0,62.338,61.3098,2.64153,0,1,1.33203,1.33203,0,1.02886,1.90512,8.48506e+06,3.73462e+06,1.13024e+07,0,334468,0,0
80.7949,85.1408,2.33623,0,0,2.98693,2.98693,0,0.52457,4.6872,4.08288e+06,2.79405e+06,1.21953e+07,0,363165,0,0,62.338,61.3098,2.87451,0,1,1.4471,1.4471,0,1.02913,1.90512,8.48506e+06,3.73462e+06,1.22787e+07,0,363360,0,0
79.6029,85.1408,1.87217,0,0,2.98771,2.98771,0,0.55975,4.6872,4.08288e+06,2.79405e+06,1.21985e+07,0,363260,0,0,62.338,61.3098,2.84921,0,1,1.44747,1.44747,0,1.11803,1.90512,8.48506e+06,3.73462e+06,1.22819e+07,0,363455,0,0
78.0317,85.1408,1.46728,0,0,2.98849,2.98849,0,0.559897,4.6872,4.08288e+06,2.79405e+06,1.22017e+07,0,363355,0,0,62.338,61.3098,2.77019,0,1,1.44785,1.44785,0,1.11832,1.90512,8.48506e+06,3.73462e+06,1.22851e+07,0,363550,0,0
76.5872,85.1408,1.57918,0,0,2.98928,2.98928,0,0.560044,4.6872,4.08288e+06,2.79405e+06,1.22049e+07,0,363451,0,0,62.338,61.3098,2.79448,0,1,1.44823,1.44823,0,1.11861,1.90512,8.48506e+06,3.73462e+06,1.22883e+07,0,363645,0,0
75.9395,85.1408,2.44669,0,0,2.99006,2.99006,0,0.56019,4.6872,4.08288e+06,2.79405e+06,1.22081e+07,0,363546,0,0,62.338,61.3098,3.35323,0,1,1.44861,1.44861,0,1.11891,1.90512,8.48506e+06,3.73462e+06,1.22916e+07,0,363741,0,0
76.2448,85.1408,3.34033,0,0,2.89959,2.89959,0,0.560337,4.6872,4.08288e+06,2.79405e+06,1.18387e+07,0,352546,0,0,62.338,61.3098,3.85275,0,1,1.37928,1.37928,0,1.1192,1.90512,8.48506e+06,3.73462e+06,1.17032e+07,0,346330,0,0
75.9265,85.1408,2.70478,0,0,2.90035,2.90035,0,0.543383,4.6872,4.08288e+06,2.79405e+06,1.18418e+07,0,352638,0,0,62.338,61.3098,4.1788,0,1,1.37964,1.37964,0,1.06563,1.90512,8.48506e+06,3.73462e+06,1.17063e+07,0,346421,0,0
76.3769,85.1408,3.51099,0,0,2.90111,2.90111,0,0.543525,4.6872,4.08288e+06,2.79405e+06,1.18449e+07,0,352731,0,0,62.338,61.3098,4.4481,0,1,1.38,1.38,0,1.06591,1.90512,8.48506e+06,3.73462e+06,1.17094e+07,0,346512,0,0
78.247,85.1408,5.0855,0.01,0,2.90187,2.90187,0,0.543668,4.6872,4.08288e+06,2.79405e+06,1.1848e+07,0,352823,0,0,62.338,61.3098,7.45031,0,1,1.38036,1.38036,0,1.06619,1.90512,8.48506e+06,3.73462e+06,1.17124e+07,0,346603,0,0
79.3838,85.1408,4.43183,0,0,2.82765,2.82765,0,0.54381,4.6872,4.08288e+06,2.79405e+06,1.15449e+07,0,343799,0,0,62.338,61.3098,5.65691,0,1,1.31719,1.31719,0,1.06647,1.90512,8.48506e+06,3.73462e+06,1.11765e+07,0,330742,0,0
78.5701,85.1408,2.16476,0,0,2.82839,2.82839,0,0.529901,4.6872,4.08288e+06,2.79405e+06,1.1548e+07,0,343889,0,0,62.338,61.3098,2.78285,0,1,1.31754,1.31754,0,1.01766,1.90512,8.48506e+06,3.73462e+06,1.11794e+07,0,330829,0,0
78.138,85.1408,2.66388,0,0,2.82913,2.82913,0,0.53004,4.6872,4.08288e+06,2.79405e+06,1.1551e+07,0,343979,0,0,62.338,61.3098,2.44499,0,1,1.31788,1.31788,0,1.01793,1.90512,8.48506e+06,3.73462e+06,1.11823e+07,0,330915,0,0
77.1953,85.1408,2.13892,0,0,2.82987,2.82987,0,0.530179,4.6872,4.08288e+06,2.79405e+06,1.1554e+07,0,344069,0,0,62.338,61.3098,2.06685,0,1,1.31823,1.31823,0,1.0182,1.90512,8.48506e+06,3.73462e+06,1.11853e+07,0,331002,0,0
78.2033,85.1408,4.00963,0,0,2.61743,2.61743,0,0.530318,4.6872,4.08288e+06,2.79405e+06,1.06867e+07,0,318240,0,0,62.338,61.3098,6.12365,0,1,1.18613,1.18613,0,1.01846,1.90512,8.48506e+06,3.73462e+06,1.00644e+07,0,297832,0,0
80.5077,85.1408,5.41606,0,0,2.61812,2.61812,0,0.490507,4.6872,4.08288e+06,2.79405e+06,1.06895e+07,0,318324,0,0,62.338,61.3098,6.8578,0,1,1.18644,1.18644,0,0.916403,1.90512,8.48506e+06,3.73462e+06,1.0067e+07,0,297910,0,0
80.7916,85.1408,3.33562,0,0,2.61881,2.61881,0,0.490636,4.6872,4.08288e+06,2.79405e+06,1.06923e+07,0,318407,0,0,62.338,61.3098,5.4524,0,1,1.18675,1.18675,0,0.916643,1.90512,8.48506e+06,3.73462e+06,1.00696e+07,0,297988,0,0
80.8059,85.1408,3.07117,0,0,2.61949,2.61949,0,0.490764,4.6872,4.08288e+06,2.79405e+06,1.06951e+07,0,318491,0,0,62.338,61.3098,4.65417,0,1,1.18706,1.18706,0,0.916883,1.90512,8.48506e+06,3.73462e+06,1.00723e+07,0,298066,0,0
81.8938,85.1408,4.18204,0,0,2.62018,2.62018,0,0.490893,4.6872,4.08288e+06,2.79405e+06,1.06979e+07,0,318574,0,0,62.338,61.3098,6.95116,0,1,1.18737,1.18737,0,0.917124,1.90512,8.48506e+06,3.73462e+06,1.00749e+07,0,298144,0,0
83.8416,85.1408,5.12487,0,0,2.62018,2.62018,0,0.491021,4.6872,4.08288e+06,2.79405e+06,1.06979e+07,0,318574,0,0,62.338,61.3098,7.4354,0,1,1.18737,1.18737,0,0.917364,1.90512,8.48506e+06,3.73462e+06,1.00749e+07,0,298144,0,0
85.1408,85.1408,7.0895,0,0,2.70295,2.70295,0,0.491021,4.6872,4.08288e+06,2.79405e+06,1.10358e+07,0,328638,0,0,62.338,61.3098,7.08361,0,1,1.22608,1.22608,0,0.917364,1.90512,8.48506e+06,3.73462e+06,1.04033e+07,0,307863,0,0
85.1408,85.1408,8.8934,0,0,2.70363,2.70363,0,0.506533,4.6872,4.08288e+06,2.79405e+06,1.10386e+07,0,328721,0,0,62.338,61.3098,6.10889,0,1,1.22639,1.22639,0,0.947268,1.90512,8.48506e+06,3.73462e+06,1.0406e+07,0,307941,0,0
85.1408,85.1408,6.49865,0,0,2.70432,2.70432,0,0.506661,4.6872,4.08288e+06,2.79405e+06,1.10414e+07,0,328804,0,0,62.338,61.3098,6.38639,0,1,1.2267,1.2267,0,0.947507,1.90512,8.48506e+06,3.73462e+06,1.04086e+07,0,308018,0,0
85.1408,85.1408,8.97274,0,0,2.705,2.705,0,0.506789,4.6872,4.08288e+06,2.79405e+06,1.10442e+07,0,328887,0,0,62.338,61.3098,6.65404,0,1,1.22701,1.22701,0,0.947746,1.90512,8.48506e+06,3.73462e+06,1.04112e+07,0,308096,0,0
85.1408,85.1408,9.3401,0,0,2.96958,2.96958,0,0.506916,4.6872,4.08288e+06,2.79405e+06,1.21245e+07,0,361056,0,0,62.338,61.3098,8.69662,0,1,1.37162,1.37162,0,0.947984,1.90512,8.48506e+06,3.73462e+06,1.16383e+07,0,344408,0,0
85.1408,85.1408,9.27237,0,0,2.97033,2.97033,0,0.5565,4.6872,4.08288e+06,2.79405e+06,1.21275e+07,0,361147,0,0,62.338,61.3098,9.77205,0,1,1.37197,1.37197,0,1.05971,1.90512,8.48506e+06,3.73462e+06,1.16412e+07,0,344495,0,0
85.1408,85.1408,6.51654,0,0,2.97108,2.97108,0,0.55664,4.6872,4.08288e+06,2.79405e+06,1.21306e+07,0,361238,0,0,62.338,61.3098,5.15591,0,1,1.37231,1.37231,0,1.05998,1.90512,8.48506e+06,3.73462e+06,1.16441e+07,0,344582,0,0
85.1408,85.1408,5.02492,0,0,2.97183,2.97183,0,0.55678,4.6872,4.08288e+06,2.79405e+06,1.21336e+07,0,361329,0,0,62.338,61.3098,3.62107,0,1,1.37266,1.37266,0,1.06025,1.90512,8.48506e+06,3.73462e+06,1.16471e+07,0,344669,0,0
85.1408,85.1408,4.70053,0,0,2.59578,2.59578,0,0.556921,4.6872,4.08288e+06,2.79405e+06,1.05983e+07,0,315608,0,0,62.338,61.3098,5.53087,0,1,1.17915,1.17915,0,1.06052,1.90512,8.48506e+06,3.73462e+06,1.00051e+07,0,296079,0,0
85.1408,85.1408,4.35417,0,0,2.59644,2.59644,0,0.48645,4.6872,4.08288e+06,2.79405e+06,1.06009e+07,0,315687,0,0,62.338,61.3098,4.54242,0,1,1.17944,1.17944,0,0.911009,1.90512,8.48506e+06,3.73462e+06,1.00077e+07,0,296154,0,0
85.1408,85.1408,3.59647,0,0,2.59709,2.59709,0,0.486572,4.6872,4.08288e+06,2.79405e+06,1.06036e+07,0,315767,0,0,62.338,61.3098,3.3424,0,1,1.17974,1.17974,0,0.911239,1.90512,8.48506e+06,3.73462e+06,1.00102e+07,0,296228,0,0
85.1408,85.1408,3.89326,0,0,2.59775,2.59775,0,0.486695,4.6872,4.08288e+06,2.79405e+06,1.06063e+07,0,315846,0,0,62.338,61.3098,3.67726,0,1,1.18004,1.18004,0,0.911468,1.90512,8.48506e+06,3.73462e+06,1.00127e+07,0,296303,0,0
85.1408,85.1408,5.60541,0,0,2.5984,2.5984,0,0.486817,4.6872,4.08288e+06,2.79405e+06,1.0609e+07,0,315926,0,0,62.338,61.3098,6.01799,0,1,1.18034,1.18034,0,0.911698,1.90512,8.48506e+06,3.73462e+06,1.00152e+07,0,296377,0,0
85.1408,85.1408,5.04716,0,0,2.69402,2.69402,0,0.48694,4.6872,4.08288e+06,2.79405e+06,1.09994e+07,0,327552,0,0,62.338,61.3098,5.98663,0,1,1.22812,1.22812,0,0.911927,1.90512,8.48506e+06,3.73462e+06,1.04206e+07,0,308375,0,0
85.1408,85.1408,6.08682,0,0,2.6947,2.6947,0,0.504859,4.6872,4.08288e+06,2.79405e+06,1.10021e+07,0,327634,0,0,62.338,61.3098,7.7153,0,1,1.22843,1.22843,0,0.948843,1.90512,8.48506e+06,3.73462e+06,1.04233e+07,0,308453,0,0
85.1408,85.1408,4.26411,0,0,2.69537,2.69537,0,0.504986,4.6872,4.08288e+06,2.79405e+06,1.10049e+07,0,327717,0,0,62.338,61.3098,5.26511,0,1,1.22874,1.22874,0,0.949082,1.90512,8.48506e+06,3.73462e+06,1.04259e+07,0,308530,0,0
85.1408,85.1408,3.70146,0,0,2.69605,2.69605,0,0.505113,4.6872,4.08288e+06,2.79405e+06,1.10077e+07,0,327799,0,0,62.338,61.3098,4.56406,0,1,1.22904,1.22904,0,0.949321,1.90512,8.48506e+06,3.73462e+06,1.04285e+07,0,308608,0,0
85.1408,85.1408,4.31443,0,0,2.65956,2.65956,0,0.50524,4.6872,4.08288e+06,2.79405e+06,1.08587e+07,0,323363,0,0,62.338,61.3098,5.70903,0,1,1.21089,1.21089,0,0.94956,1.90512,8.48506e+06,3.73462e+06,1.02745e+07,0,304050,0,0
85.1408,85.1408,3.54944,0,0,2.66023,2.66023,0,0.498402,4.6872,4.08288e+06,2.79405e+06,1.08614e+07,0,323444,0,0,62.338,61.3098,4.95399,0,1,1.2112,1.2112,0,0.935536,1.90512,8.48506e+06,3.73462e+06,1.02771e+07,0,304127,0,0
85.1408,85.1408,3.25463,0,0,2.6609,2.6609,0,0.498528,4.6872,4.08288e+06,2.79405e+06,1.08641e+07,0,323525,0,0,62.338,61.3098,4.43175,0,1,1.2115,1.2115,0,0.935772,1.90512,8.48506e+06,3.73462e+06,1.02797e+07,0,304203,0,0
85.1408,85.1408,3.16503,0,0,2.66157,2.66157,0,0.498653,4.6872,4.08288e+06,2.79405e+06,1.08669e+07,0,323607,0,0,62.338,61.3098,4.90689,0,1,1.21181,1.21181,0,0.936007,1.90512,8.48506e+06,3.73462e+06,1.02823e+07,0,304280,0,0
84.9459,85.1408,2.85384,0,0,2.78853,2.78853,0,0.498779,4.6872,4.08288e+06,2.79405e+06,1.13852e+07,0,339043,0,0,62.338,61.3098,4.13549,0,1,1.27765,1.27765,0,0.936243,1.90512,8.48506e+06,3.73462e+06,1.08409e+07,0,320812,0,0
84.6942,85.1408,2.78022,0,0,2.78923,2.78923,0,0.522571,4.6872,4.08288e+06,2.79405e+06,1.13881e+07,0,339128,0,0,62.338,61.3098,4.74814,0,1,1.27797,1.27797,0,0.987109,1.90512,8.48506e+06,3.73462e+06,1.08436e+07,0,320892,0,0
84.3404,85.1408,2.59462,0,0,2.78994,2.78994,0,0.522702,4.6872,4.08288e+06,2.79405e+06,1.1391e+07,0,339214,0,0,62.338,61.3098,4.35153,0,1,1.27829,1.27829,0,0.987358,1.90512,8.48506e+06,3.73462e+06,1.08464e+07,0,320973,0,0
83.7658,85.1408,2.35982,0,0,2.79064,2.79064,0,0.522834,4.6872,4.08288e+06,2.79405e+06,1.13938e+07,0,339299,0,0,62.338,61.3098,3.62515,0,1,1.27861,1.27861,0,0.987606,1.90512,8.48506e+06,3.73462e+06,1.08491e+07,0,321054,0,0
83.2052,85.1408,2.36842,0,0,2.79134,2.79134,0,0.522965,4.6872,4.08288e+06,2.79405e+06,1.13967e+07,0,339385,0,0,62.338,61.3098,3.24485,0,1,1.27893,1.27893,0,0.987855,1.90512,8.48506e+06,3.73462e+06,1.08518e+07,0,321135,0,0
82.7774,85.1408,2.49507,0,0,2.76704,2.76704,0,0.523097,4.6872,4.08288e+06,2.79405e+06,1.12975e+07,0,336430,0,0,62.338,61.3098,2.97409,0,1,1.31532,1.31532,0,0.988104,1.90512,8.48506e+06,3.73462e+06,1.11606e+07,0,330271,0,0
82.2008,85.1408,2.34413,0,0,2.76773,2.76773,0,0.518542,4.6872,4.08288e+06,2.79405e+06,1.13003e+07,0,336514,0,0,62.338,61.3098,2.80538,0,1,1.31565,1.31565,0,1.01621,1.90512,8.48506e+06,3.73462e+06,1.11634e+07,0,330354,0,0
81.426,85.1408,2.14065,0,0,2.76843,2.76843,0,0.518673,4.6872,4.08288e+06,2.79405e+06,1.13032e+07,0,336599,0,0,62.338,61.3098,2.75796,0,1,1.31598,1.31598,0,1.01647,1.90512,8.48506e+06,3.73462e+06,1.11662e+07,0,330437,0,0
80.4687,85.1408,1.94095,0,0,2.76912,2.76912,0,0.518803,4.6872,4.08288e+06,2.79405e+06,1.1306e+07,0,336684,0,0,62.1034,61.3098,2.49311,0,1,1.31631,1.31631,0,1.01673,1.90512,8.48506e+06,3.73462e+06,1.1169e+07,0,330520,0,0
79.3104,85.1408,1.75185,0,0,2.83446,2.83446,0,0.518934,4.6872,4.08288e+06,2.79405e+06,1.15728e+07,0,344628,0,0,61.8814,61.3098,1.72152,0,1,1.34882,1.34882,0,1.01698,1.90512,8.48506e+06,3.73462e+06,1.14448e+07,0,338682,0,0
78.0801,85.1408,1.67067,0,0,2.83518,2.83518,0,0.531179,4.6872,4.08288e+06,2.79405e+06,1.15757e+07,0,344715,0,0,61.5577,61.3098,1.61456,0,1,1.34915,1.34915,0,1.04209,1.90512,8.48506e+06,3.73462e+06,1.14477e+07,0,338767,0,0
76.7558,85.1408,1.56022,0,0,2.83589,2.83589,0,0.531312,4.6872,4.08288e+06,2.79405e+06,1.15786e+07,0,344801,0,0,61.1097,61.3098,1.52722,0,1,1.34949,1.34949,0,1.04236,1.90512,8.48506e+06,3.73462e+06,1.14505e+07,0,338852,0,0
75.3189,85.1408,1.43203,0,0,2.8366,2.8366,0,0.531446,4.6872,4.08288e+06,2.79405e+06,1.15815e+07,0,344888,0,0,60.7539,61.3098,1.43958,0,1,1.34983,1.34983,0,1.04262,1.90512,8.48506e+06,3.73462e+06,1.14534e+07,0,338938,0,0
73.8458,85.1408,1.54705,0,0,3.02681,3.02681,0,0.53158,4.6872,4.08288e+06,2.79405e+06,1.23581e+07,0,368014,0,0,60.0395,61.3098,1.54578,0,1,1.46642,1.46642,0,1.04288,1.90512,8.48506e+06,3.73462e+06,1.24426e+07,0,368211,0,0
72.1703,85.1408,1.34144,0,0,3.02757,3.02757,0,0.567224,4.6872,4.08288e+06,2.79405e+06,1.23612e+07,0,368107,0,0,59.1512,61.3098,1.15719,0,1,1.46679,1.46679,0,1.13295,1.90512,8.48506e+06,3.73462e+06,1.24458e+07,0,368304,0,0
70.3517,85.1408,1.20332,0,0,3.02833,3.02833,0,0.567367,4.6872,4.08288e+06,2.79405e+06,1.23643e+07,0,368199,0,0,58.2922,61.3098,1.10926,0,1,1.46716,1.46716,0,1.13324,1.90512,8.48506e+06,3.73462e+06,1.24489e+07,0,368397,0,0
68.5717,85.1408,1.21587,0.01,0,3.02909,3.02909,0,0.56751,4.6872,4.08288e+06,2.79405e+06,1.23674e+07,0,368292,0,0,57.7534,61.3098,1.20614,0,1,1.46752,1.46752,0,1.13352,1.90512,8.48506e+06,3.73462e+06,1.2452e+07,0,368489,0,0
66.8566,85.1408,1.27021,0.01,0,3.02986,3.02986,0,0.567652,4.6872,4.08288e+06,2.79405e+06,1.23705e+07,0,368385,0,0,57.4494,61.3098,1.51233,0,1,1.46789,1.46789,0,1.13381,1.90512,8.48506e+06,3.73462e+06,1.24552e+07,0,368582,0,0
65.4799,85.1408,1.53106,0.01,0,2.93815,2.93815,0,0.567795,4.6872,4.08288e+06,2.79405e+06,1.19961e+07,0,357235,0,0,57.4516,61.3098,2.18107,0,1,1.39762,1.39762,0,1.13409,1.90512,8.48506e+06,3.73462e+06,1.18589e+07,0,350936,0,0
64.2781,85.1408,1.73136,0.01,0,2.93889,2.93889,0,0.550609,4.6872,4.08288e+06,2.79405e+06,1.19991e+07,0,357324,0,0,57.4722,61.3098,2.10284,0,1,1.39797,1.39797,0,1.0798,1.90512,8.48506e+06,3.73462e+06,1.18619e+07,0,351024,0,0
64.0091,85.1408,2.69981,0.03,0,2.93963,2.93963,0,0.550748,4.6872,4.08288e+06,2.79405e+06,1.20022e+07,0,357414,0,0,57.957,61.3098,3.57693,0,1,1.39832,1.39832,0,1.08007,1.90512,8.48506e+06,3.73462e+06,1.18648e+07,0,351113,0,0
63.5358,85.1408,2.59362,0.02,0,2.94037,2.94037,0,0.550886,4.6872,4.08288e+06,2.79405e+06,1.20052e+07,0,357504,0,0,58.3464,61.3098,3.26267,0,1,1.39867,1.39867,0,1.08034,1.90512,8.48506e+06,3.73462e+06,1.18678e+07,0,351201,0,0
62.1453,85.1408,1.52333,0.02,0,2.86513,2.86513,0,0.551025,4.6872,4.08288e+06,2.79405e+06,1.1698e+07,0,348356,0,0,58.05,61.3098,1.93834,0,1,1.33466,1.33466,0,1.08061,1.90512,8.48506e+06,3.73462e+06,1.13246e+07,0,335126,0,0
60.3837,85.1408,1.14656,0.02,0,2.86585,2.86585,0,0.536926,4.6872,4.08288e+06,2.79405e+06,1.17009e+07,0,348444,0,0,57.9354,61.3098,1.26477,0,1,1.33499,1.33499,0,1.03115,1.90512,8.48506e+06,3.73462e+06,1.13275e+07,0,335211,0,0
58.822,85.1408,1.33808,0.01,0,2.86657,2.86657,0,0.537061,4.6872,4.08288e+06,2.79405e+06,1.17039e+07,0,348532,0,0,58.2194,61.3098,2.77932,0,1,1.33533,1.33533,0,1.03141,1.90512,8.48506e+06,3.73462e+06,1.13303e+07,0,335295,0,0
59.3698,85.1408,3.59407,0.05,0,2.86729,2.86729,0,0.537196,4.6872,4.08288e+06,2.79405e+06,1.17068e+07,0,348619,0,0,59.6803,61.3098,5.66984,0,1,1.33566,1.33566,0,1.03167,1.90512,8.48506e+06,3.73462e+06,1.13332e+07,0,335379,0,0
59.4842,85.1408,2.94106,0.04,0,2.65202,2.65202,0,0.537331,4.6872,4.08288e+06,2.79405e+06,1.08279e+07,0,322445,0,0,60.2662,61.3098,2.66228,0,1,1.2018,1.2018,0,1.03193,1.90512,8.48506e+06,3.73462e+06,1.01974e+07,0,301767,0,0
60.8033,85.1408,4.18913,0.04,0,2.65269,2.65269,0,0.496988,4.6872,4.08288e+06,2.79405e+06,1.08306e+07,0,322526,0,0,60.6616,61.3098,2.82274,0,1,1.2021,1.2021,0,0.928512,1.90512,8.48506e+06,3.73462e+06,1.01999e+07,0,301843,0,0
61.8025,85.1408,3.83241,0.01,0,2.65335,2.65335,0,0.497113,4.6872,4.08288e+06,2.79405e+06,1.08333e+07,0,322607,0,0,61.017,61.3098,2.65897,0,1,1.20241,1.20241,0,0.928745,1.90512,8.48506e+06,3.73462e+06,1.02025e+07,0,301919,0,0
63.7801,85.1408,4.84343,0.01,0,2.65402,2.65402,0,0.497238,4.6872,4.08288e+06,2.79405e+06,1.0836e+07,0,322689,0,0,61.3422,61.3098,2.67699,0,1,1.20271,1.20271,0,0.928979,1.90512,8.48506e+06,3.73462e+06,1.0205e+07,0,301995,0,0
66.2215,85.1408,5.33207,0.01,0,2.65469,2.65469,0,0.497363,4.6872,4.08288e+06,2.79405e+06,1.08388e+07,0,322770,0,0,61.6394,61.3098,2.945,0,1,1.20301,1.20301,0,0.929212,1.90512,8.48506e+06,3.73462e+06,1.02076e+07,0,302071,0,0
70.9707,85.1408,8.0564,0.02,0,2.73852,2.73852,0,0.497488,4.6872,4.08288e+06,2.79405e+06,1.11811e+07,0,332963,0,0,62.338,61.3098,8.04344,0,1,1.24221,1.24221,0,0.929446,1.90512,8.48506e+06,3.73462e+06,1.05403e+07,0,311915,0,0
77.1261,85.1408,9.59189,0,0,2.73918,2.73918,0,0.513199,4.6872,4.08288e+06,2.79405e+06,1.11838e+07,0,333043,0,0,62.338,61.3098,5.91903,0,1,1.24251,1.24251,0,0.959734,1.90512,8.48506e+06,3.73462e+06,1.05428e+07,0,311990,0,0
80.5825,85.1408,6.8434,0,0,2.73985,2.73985,0,0.513323,4.6872,4.08288e+06,2.79405e+06,1.11865e+07,0,333124,0,0,62.338,61.3098,5.35294,0,1,1.24281,1.24281,0,0.959966,1.90512,8.48506e+06,3.73462e+06,1.05453e+07,0,312065,0,0
83.2229,85.1408,5.95241,0,0,2.74051,2.74051,0,0.513447,4.6872,4.08288e+06,2.79405e+06,1.11892e+07,0,333204,0,0,62.338,61.3098,4.51587,0,1,1.24311,1.24311,0,0.960197,1.90512,8.48506e+06,3.73462e+06,1.05479e+07,0,312141,0,0
83.9386,85.1408,4.15825,0,0,3.00854,3.00854,0,0.513571,4.6872,4.08288e+06,2.79405e+06,1.22835e+07,0,365792,0,0,62.338,61.3098,3.97388,0,1,1.38961,1.38961,0,0.960429,1.90512,8.48506e+06,3.73462e+06,1.17909e+07,0,348926,0,0
84.0971,85.1408,3.59324,0,0,3.00926,3.00926,0,0.563799,4.6872,4.08288e+06,2.79405e+06,1.22865e+07,0,365881,0,0,62.338,61.3098,4.79552,0,1,1.38995,1.38995,0,1.07361,1.90512,8.48506e+06,3.73462e+06,1.17938e+07,0,349010,0,0
85.1152,85.1408,4.53829,0,0,3.00999,3.00999,0,0.563936,4.6872,4.08288e+06,2.79405e+06,1.22894e+07,0,365969,0,0,62.338,61.3098,4.88733,0,1,1.39028,1.39028,0,1.07387,1.90512,8.48506e+06,3.73462e+06,1.17966e+07,0,349094,0,0
85.1408,85.1408,4.31026,0,0,3.01071,3.01071,0,0.564072,4.6872,4.08288e+06,2.79405e+06,1.22924e+07,0,366057,0,0,62.338,61.3098,5.16857,0,1,1.39062,1.39062,0,1.07413,1.90512,8.48506e+06,3.73462e+06,1.17995e+07,0,349178,0,0
85.1408,85.1408,5.35189,0,0,2.62972,2.62972,0,0.564208,4.6872,4.08288e+06,2.79405e+06,1.07368e+07,0,319734,0,0,62.338,61.3098,7.08997,0,1,1.19456,1.19456,0,1.07439,1.90512,8.48506e+06,3.73462e+06,1.01359e+07,0,299950,0,0
85.1408,85.1408,6.4392,0,0,2.63036,2.63036,0,0.49281,4.6872,4.08288e+06,2.79405e+06,1.07394e+07,0,319811,0,0,62.338,61.3098,6.81955,0,1,1.19485,1.19485,0,0.92292,1.90512,8.48506e+06,3.73462e+06,1.01384e+07,0,300022,0,0
85.1408,85.1408,4.62586,0,0,2.63099,2.63099,0,0.492929,4.6872,4.08288e+06,2.79405e+06,1.0742e+07,0,319888,0,0,62.338,61.3098,5.40398,0,1,1.19514,1.19514,0,0.923143,1.90512,8.48506e+06,3.73462e+06,1.01408e+07,0,300095,0,0
85.1408,85.1408,4.12911,0,0,2.63162,2.63162,0,0.493048,4.6872,4.08288e+06,2.79405e+06,1.07446e+07,0,319966,0,0,62.338,61.3098,3.95552,0,1,1.19543,1.19543,0,0.923365,1.90512,8.48506e+06,3.73462e+06,1.01433e+07,0,300167,0,0
85.1408,85.1408,4.24746,0,0,2.63226,2.63226,0,0.493166,4.6872,4.08288e+06,2.79405e+06,1.07472e+07,0,320043,0,0,62.338,61.3098,5.13639,0,1,1.19572,1.19572,0,0.923588,1.90512,8.48506e+06,3.73462e+06,1.01457e+07,0,300240,0,0
84.9681,85.1408,3.06918,0,0,2.72909,2.72909,0,0.493285,4.6872,4.08288e+06,2.79405e+06,1.11426e+07,0,331817,0,0,62.338,61.3098,3.56433,0,1,1.24411,1.24411,0,0.923811,1.90512,8.48506e+06,3.73462e+06,1.05563e+07,0,312390,0,0
84.3488,85.1408,2.60732,0,0,2.72975,2.72975,0,0.511432,4.6872,4.08288e+06,2.79405e+06,1.11453e+07,0,331897,0,0,62.338,61.3098,3.14243,0,1,1.24441,1.24441,0,0.961198,1.90512,8.48506e+06,3.73462e+06,1.05589e+07,0,312466,0,0
83.6141,85.1408,2.45367,0,0,2.73041,2.73041,0,0.511556,4.6872,4.08288e+06,2.79405e+06,1.11479e+07,0,331977,0,0,62.338,61.3098,3.29646,0,1,1.24471,1.24471,0,0.961429,1.90512,8.48506e+06,3.73462e+06,1.05614e+07,0,312541,0,0
82.9551,85.1408,2.49299,0,0,2.73107,2.73107,0,0.511679,4.6872,4.08288e+06,2.79405e+06,1.11506e+07,0,332057,0,0,62.338,61.3098,3.00436,0,1,1.24501,1.24501,0,0.961661,1.90512,8.48506e+06,3.73462e+06,1.0564e+07,0,312616,0,0
82.2837,85.1408,2.42229,0,0,2.69408,2.69408,0,0.511803,4.6872,4.08288e+06,2.79405e+06,1.09996e+07,0,327559,0,0,62.338,61.3098,2.89875,0,1,1.22661,1.22661,0,0.961893,1.90512,8.48506e+06,3.73462e+06,1.04078e+07,0,307996,0,0
81.5515,85.1408,2.31069,0,0,2.69473,2.69473,0,0.50487,4.6872,4.08288e+06,2.79405e+06,1.10023e+07,0,327638,0,0,62.338,61.3098,2.97131,0,1,1.2269,1.2269,0,0.947677,1.90512,8.48506e+06,3.73462e+06,1.04104e+07,0,308070,0,0
80.6654,85.1408,2.1383,0,0,2.69538,2.69538,0,0.504992,4.6872,4.08288e+06,2.79405e+06,1.10049e+07,0,327717,0,0,62.338,61.3098,2.77558,0,1,1.2272,1.2272,0,0.947906,1.90512,8.48506e+06,3.73462e+06,1.04129e+07,0,308145,0,0
79.8736,85.1408,2.23175,0,0,2.69603,2.69603,0,0.505114,4.6872,4.08288e+06,2.79405e+06,1.10076e+07,0,327796,0,0,62.3378,61.3098,2.79907,0,1,1.2275,1.2275,0,0.948135,1.90512,8.48506e+06,3.73462e+06,1.04154e+07,0,308219,0,0
78.7457,85.1408,1.9294,0,0,2.8246,2.8246,0,0.505236,4.6872,4.08288e+06,2.79405e+06,1.15325e+07,0,343429,0,0,62.1696,61.3098,2.47324,0,1,1.29417,1.29417,0,0.948363,1.90512,8.48506e+06,3.73462e+06,1.09811e+07,0,324961,0,0
77.4907,85.1408,1.76751,0,0,2.82528,2.82528,0,0.52933,4.6872,4.08288e+06,2.79405e+06,1.15353e+07,0,343512,0,0,62.2789,61.3098,2.10222,0,1,1.29448,1.29448,0,0.999878,1.90512,8.48506e+06,3.73462e+06,1.09838e+07,0,325040,0,0
76.0834,85.1408,1.54743,0,0,2.82596,2.82596,0,0.529458,4.6872,4.08288e+06,2.79405e+06,1.15381e+07,0,343594,0,0,62.2557,61.3098,2.05344,0,1,1.2948,1.2948,0,1.00012,1.90512,8.48506e+06,3.73462e+06,1.09864e+07,0,325118,0,0
74.6681,85.1408,1.52711,0,0,2.82665,2.82665,0,0.529586,4.6872,4.08288e+06,2.79405e+06,1.15409e+07,0,343677,0,0,62.324,61.3098,2.09156,0,1,1.29511,1.29511,0,1.00036,1.90512,8.48506e+06,3.73462e+06,1.09891e+07,0,325197,0,0
73.2564,85.1408,1.51565,0,0,2.82733,2.82733,0,0.529713,4.6872,4.08288e+06,2.79405e+06,1.15436e+07,0,343760,0,0,62.338,61.3098,2.11176,0,1,1.29542,1.29542,0,1.0006,1.90512,8.48506e+06,3.73462e+06,1.09917e+07,0,325275,0,0
72.3052,85.1408,1.94855,0,0,2.80268,2.80268,0,0.529841,4.6872,4.08288e+06,2.79405e+06,1.1443e+07,0,340763,0,0,62.338,61.3098,2.6409,0,1,1.33226,1.33226,0,1.00084,1.90512,8.48506e+06,3.73462e+06,1.13043e+07,0,334525,0,0
71.2225,85.1408,1.80943,0,0,2.80336,2.80336,0,0.525222,4.6872,4.08288e+06,2.79405e+06,1.14458e+07,0,340846,0,0,62.338,61.3098,2.58361,0,1,1.33258,1.33258,0,1.02931,1.90512,8.48506e+06,3.73462e+06,1.1307e+07,0,334606,0,0
69.9918,85.1408,1.64988,0,0,2.80403,2.80403,0,0.525349,4.6872,4.08288e+06,2.79405e+06,1.14485e+07,0,340928,0,0,62.338,61.3098,2.36215,0,1,1.3329,1.3329,0,1.02955,1.90512,8.48506e+06,3.73462e+06,1.13098e+07,0,334687,0,0
68.6494,85.1408,1.50694,0,0,2.80471,2.80471,0,0.525476,4.6872,4.08288e+06,2.79405e+06,1.14513e+07,0,341010,0,0,62.338,61.3098,2.26014,0,1,1.33323,1.33323,0,1.0298,1.90512,8.48506e+06,3.73462e+06,1.13125e+07,0,334767,0,0
67.2435,85.1408,1.45053,0,0,2.87086,2.87086,0,0.525602,4.6872,4.08288e+06,2.79405e+06,1.17214e+07,0,349052,0,0,62.3033,61.3098,2.13793,0,1,1.36613,1.36613,0,1.03005,1.90512,8.48506e+06,3.73462e+06,1.15917e+07,0,343030,0,0
65.9134,85.1408,1.54376,0.01,0,2.87155,2.87155,0,0.537998,4.6872,4.08288e+06,2.79405e+06,1.17242e+07,0,349137,0,0,62.299,61.3098,2.39817,0,1,1.36646,1.36646,0,1.05547,1.90512,8.48506e+06,3.73462e+06,1.15945e+07,0,343113,0,0
64.4985,85.1408,1.42383,0.01,0,2.87224,2.87224,0,0.538128,4.6872,4.08288e+06,2.79405e+06,1.1727e+07,0,349221,0,0,62.2172,61.3098,2.29872,0,1,1.36679,1.36679,0,1.05573,1.90512,8.48506e+06,3.73462e+06,1.15973e+07,0,343196,0,0
62.9757,85.1408,1.29599,0.01,0,2.87293,2.87293,0,0.538258,4.6872,4.08288e+06,2.79405e+06,1.17298e+07,0,349305,0,0,62.0988,61.3098,1.99636,0,1,1.36712,1.36712,0,1.05598,1.90512,8.48506e+06,3.73462e+06,1.16001e+07,0,343278,0,0
61.3247,85.1408,1.28033,0.01,0,3.06554,3.06554,0,0.538387,4.6872,4.08288e+06,2.79405e+06,1.25162e+07,0,372723,0,0,61.9228,61.3098,2.37638,0,1,1.48518,1.48518,0,1.05624,1.90512,8.48506e+06,3.73462e+06,1.26019e+07,0,372923,0,0
59.455,85.1408,1.01711,0.01,0,3.06628,3.06628,0,0.574483,4.6872,4.08288e+06,2.79405e+06,1.25193e+07,0,372813,0,0,61.6708,61.3098,1.82008,0,1,1.48554,1.48554,0,1.14745,1.90512,8.48506e+06,3.73462e+06,1.26049e+07,0,373013,0,0
57.8352,85.1408,1.25657,0.04,0,3.06702,3.06702,0,0.574621,4.6872,4.08288e+06,2.79405e+06,1.25223e+07,0,372903,0,0,61.1825,61.3098,1.85206,0,1,1.4859,1.4859,0,1.14773,1.90512,8.48506e+06,3.73462e+06,1.26079e+07,0,373103,0,0
55.8145,85.1408,0.8368,0.04,0,3.06776,3.06776,0,0.574759,4.6872,4.08288e+06,2.79405e+06,1.25253e+07,0,372993,0,0,60.5936,61.3098,1.41152,0,1,1.48626,1.48626,0,1.148,1.90512,8.48506e+06,3.73462e+06,1.2611e+07,0,373193,0,0
53.6488,85.1408,0.703274,0.04,0,3.0685,3.0685,0,0.574898,4.6872,4.08288e+06,2.79405e+06,1.25283e+07,0,373083,0,0,60.1792,61.3098,1.4377,0,1,1.48661,1.48661,0,1.14828,1.90512,8.48506e+06,3.73462e+06,1.2614e+07,0,373283,0,0
52.6972,85.1408,1.89339,0.04,0,2.97559,2.97559,0,0.575037,4.6872,4.08288e+06,2.79405e+06,1.2149e+07,0,361787,0,0,60.4668,61.3098,2.44025,0,1,1.41543,1.41543,0,1.14856,1.90512,8.48506e+06,3.73462e+06,1.201e+07,0,355408,0,0
51.5175,85.1408,1.63497,0.05,0,2.97631,2.97631,0,0.557626,4.6872,4.08288e+06,2.79405e+06,1.21519e+07,0,361874,0,0,61.1835,61.3098,3.93964,0,1,1.41577,1.41577,0,1.09356,1.90512,8.48506e+06,3.73462e+06,1.20129e+07,0,355494,0,0
50.1535,85.1408,1.43622,0.05,0,2.97703,2.97703,0,0.55776,4.6872,4.08288e+06,2.79405e+06,1.21548e+07,0,361961,0,0,61.2777,61.3098,2.25444,0,1,1.41611,1.41611,0,1.09382,1.90512,8.48506e+06,3.73462e+06,1.20158e+07,0,355579,0,0
48.8625,85.1408,1.39042,0.07,0,2.8595,2.97774,0,0.557895,4.6872,4.08288e+06,2.79405e+06,1.1675e+07,0,362048,0,0,61.1956,61.3098,2.06975,0,1,1.53469,1.41645,0,1.09409,1.90512,8.48506e+06,3.73462e+06,1.3022e+07,0,355665,0,0
47.8907,85.1408,1.76593,0.06,0,2.78362,2.90152,0,0.53587,4.6872,4.08288e+06,2.79405e+06,1.13652e+07,0,352781,0,0,60.8464,61.3098,2.13374,0,1,1.46951,1.35161,0,1.1857,1.90512,8.48506e+06,3.73462e+06,1.24688e+07,0,339383,0,0
46.2947,85.1408,1.03626,0.06,0,2.71947,2.90222,0,0.52165,4.6872,4.08288e+06,2.79405e+06,1.11033e+07,0,352866,0,0,60.4781,61.3098,1.12436,0,1,1.53468,1.35193,0,1.13534,1.90512,8.48506e+06,3.73462e+06,1.30218e+07,0,339464,0,0
45.0304,85.1408,1.36866,0.06,0,2.7205,2.90292,0,0.509629,4.6872,4.08288e+06,2.79405e+06,1.11075e+07,0,352951,0,0,60.5782,61.3098,2.76638,0,1,1.53468,1.35226,0,1.18569,1.90512,8.48506e+06,3.73462e+06,1.30218e+07,0,339546,0,0
45.9297,85.1408,3.73583,0.06,0,2.72152,2.90362,0,0.509821,4.6872,4.08288e+06,2.79405e+06,1.11116e+07,0,353036,0,0,61.6187,61.3098,5.42944,0,1,1.53468,1.35258,0,1.18569,1.90512,8.48506e+06,3.73462e+06,1.30218e+07,0,339628,0,0
45.5202,85.1408,2.13043,0.06,0,2.50382,2.68559,0,0.510013,4.6872,4.08288e+06,2.79405e+06,1.02228e+07,0,326527,0,0,62.0222,61.3098,2.11819,0,1,1.39878,1.21701,0,1.18569,1.90512,8.48506e+06,3.73462e+06,1.18688e+07,0,305587,0,0
46.5372,85.1408,3.55237,0.06,0,2.3689,2.68623,0,0.469216,4.6872,4.08288e+06,2.79405e+06,9.67192e+06,0,326605,0,0,62.338,61.3098,4.06696,0,1,1.53465,1.21731,0,1.0807,1.90512,8.48506e+06,3.73462e+06,1.30216e+07,0,305661,0,0
50.2222,85.1408,6.27566,0.06,0,2.36984,2.68688,0,0.443931,4.6872,4.08288e+06,2.79405e+06,9.67576e+06,0,326684,0,0,62.338,61.3098,6.1552,0,1,1.53465,1.2176,0,1.18567,1.90512,8.48506e+06,3.73462e+06,1.30216e+07,0,305734,0,0
51.6932,85.1408,4.05649,0.06,0,2.37078,2.68753,0,0.444107,4.6872,4.08288e+06,2.79405e+06,9.6796e+06,0,326763,0,0,62.338,61.3098,2.97613,0,1,1.53465,1.21789,0,1.18567,1.90512,8.48506e+06,3.73462e+06,1.30216e+07,0,305808,0,0
52.6588,85.1408,3.9505,0.04,0,2.68818,2.68818,0,0.444284,4.6872,4.08288e+06,2.79405e+06,1.09755e+07,0,326841,0,0,62.338,61.3098,2.62187,0,1,1.21819,1.21819,0,1.18567,1.90512,8.48506e+06,3.73462e+06,1.03364e+07,0,305882,0,0
61.6323,85.1408,12.2695,0.05,0,2.77304,2.77304,0,0.503764,4.6872,4.08288e+06,2.79405e+06,1.1322e+07,0,337160,0,0,62.338,61.3098,6.15936,0,1,1.25787,1.25787,0,0.941171,1.90512,8.48506e+06,3.73462e+06,1.06731e+07,0,315846,0,0
67.257,85.1408,8.89347,0.02,0,2.77368,2.77368,0,0.519668,4.6872,4.08288e+06,2.79405e+06,1.13246e+07,0,337238,0,0,62.338,61.3098,4.50016,0,1,1.25816,1.25816,0,0.971831,1.90512,8.48506e+06,3.73462e+06,1.06756e+07,0,315919,0,0
72.1232,85.1408,8.12172,0.02,0,2.77432,2.77432,0,0.519788,4.6872,4.08288e+06,2.79405e+06,1.13272e+07,0,337316,0,0,62.338,61.3098,4.23162,0,1,1.25845,1.25845,0,0.972056,1.90512,8.48506e+06,3.73462e+06,1.0678e+07,0,315992,0,0
76.0231,85.1408,7.13653,0,0,2.77496,2.77496,0,0.519908,4.6872,4.08288e+06,2.79405e+06,1.13298e+07,0,337394,0,0,62.338,61.3098,3.0614,0,1,1.25874,1.25874,0,0.97228,1.90512,8.48506e+06,3.73462e+06,1.06805e+07,0,316065,0,0
81.0958,85.1408,8.7117,0,0,3.04633,3.04633,0,0.520028,4.6872,4.08288e+06,2.79405e+06,1.24378e+07,0,370388,0,0,62.338,61.3098,4.0042,0,1,1.40707,1.40707,0,0.972505,1.90512,8.48506e+06,3.73462e+06,1.19391e+07,0,353309,0,0
85.1408,85.1408,8.97333,0,0,3.04703,3.04703,0,0.570882,4.6872,4.08288e+06,2.79405e+06,1.24407e+07,0,370473,0,0,62.338,61.3098,4.21634,0,1,1.40739,1.40739,0,1.0871,1.90512,8.48506e+06,3.73462e+06,1.19418e+07,0,353391,0,0
85.1408,85.1408,11.0772,0,0,3.04774,3.04774,0,0.571014,4.6872,4.08288e+06,2.79405e+06,1.24436e+07,0,370559,0,0,62.338,61.3098,4.66566,0,1,1.40772,1.40772,0,1.08735,1.90512,8.48506e+06,3.73462e+06,1.19446e+07,0,353473,0,0
85.1408,85.1408,10.0936,0,0,3.04844,3.04844,0,0.571146,4.6872,4.08288e+06,2.79405e+06,1.24464e+07,0,370644,0,0,62.338,61.3098,6.1581,0,1,1.40804,1.40804,0,1.0876,1.90512,8.48506e+06,3.73462e+06,1.19473e+07,0,353554,0,0
85.1408,85.1408,7.32308,0,0,2.66265,2.66265,0,0.571278,4.6872,4.08288e+06,2.79405e+06,1.08713e+07,0,323738,0,0,62.338,61.3098,4.03184,0,1,1.20952,1.20952,0,1.08786,1.90512,8.48506e+06,3.73462e+06,1.02629e+07,0,303706,0,0
85.1408,85.1408,4.69615,0,0,2.66326,2.66326,0,0.49898,4.6872,4.08288e+06,2.79405e+06,1.08738e+07,0,323812,0,0,62.338,61.3098,3.53944,0,1,1.2098,1.2098,0,0.934476,1.90512,8.48506e+06,3.73462e+06,1.02652e+07,0,303776,0,0
85.1408,85.1408,6.35947,0,0,2.66388,2.66388,0,0.499095,4.6872,4.08288e+06,2.79405e+06,1.08763e+07,0,323887,0,0,62.338,61.3098,5.6857,0,1,1.21008,1.21008,0,0.934691,1.90512,8.48506e+06,3.73462e+06,1.02676e+07,0,303846,0,0
85.1408,85.1408,4.50457,0,0,2.66449,2.66449,0,0.499211,4.6872,4.08288e+06,2.79405e+06,1.08788e+07,0,323962,0,0,62.338,61.3098,3.46805,0,1,1.21036,1.21036,0,0.934907,1.90512,8.48506e+06,3.73462e+06,1.027e+07,0,303916,0,0
85.1408,85.1408,5.26834,0,0,2.66511,2.66511,0,0.499326,4.6872,4.08288e+06,2.79405e+06,1.08813e+07,0,324037,0,0,62.338,61.3098,4.7309,0,1,1.21064,1.21064,0,0.935123,1.90512,8.48506e+06,3.73462e+06,1.02723e+07,0,303986,0,0
85.1408,85.1408,7.5394,0,0,2.76312,2.76312,0,0.499441,4.6872,4.08288e+06,2.79405e+06,1.12815e+07,0,335954,0,0,62.338,61.3098,3.48803,0,1,1.25962,1.25962,0,0.935339,1.90512,8.48506e+06,3.73462e+06,1.06879e+07,0,316285,0,0
85.1408,85.1408,6.02083,0,0,2.76376,2.76376,0,0.517809,4.6872,4.08288e+06,2.79405e+06,1.12841e+07,0,336031,0,0,62.338,61.3098,3.63474,0,1,1.25991,1.25991,0,0.973182,1.90512,8.48506e+06,3.73462e+06,1.06904e+07,0,316358,0,0
85.1408,85.1408,4.65738,0,0,2.7644,2.7644,0,0.517929,4.6872,4.08288e+06,2.79405e+06,1.12867e+07,0,336109,0,0,62.338,61.3098,3.79186,0,1,1.2602,1.2602,0,0.973407,1.90512,8.48506e+06,3.73462e+06,1.06929e+07,0,316431,0,0
85.1408,85.1408,4.3134,0,0,2.76504,2.76504,0,0.518048,4.6872,4.08288e+06,2.79405e+06,1.12893e+07,0,336187,0,0,62.338,61.3098,3.82827,0,1,1.26049,1.26049,0,0.973632,1.90512,8.48506e+06,3.73462e+06,1.06954e+07,0,316504,0,0
85.1408,85.1408,4.81285,0,0,2.72756,2.72756,0,0.518168,4.6872,4.08288e+06,2.79405e+06,1.11363e+07,0,331630,0,0,62.338,61.3098,3.96508,0,1,1.24185,1.24185,0,0.973856,1.90512,8.48506e+06,3.73462e+06,1.05372e+07,0,311824,0,0
85.1408,85.1408,3.89996,0,0,2.72819,2.72819,0,0.511144,4.6872,4.08288e+06,2.79405e+06,1.11389e+07,0,331706,0,0,62.338,61.3098,2.85349,0,1,1.24214,1.24214,0,0.959454,1.90512,8.48506e+06,3.73462e+06,1.05396e+07,0,311895,0,0
85.1408,85.1408,3.50742,0,0,2.72882,2.72882,0,0.511262,4.6872,4.08288e+06,2.79405e+06,1.11414e+07,0,331783,0,0,62.338,61.3098,2.53461,0,1,1.24242,1.24242,0,0.959675,1.90512,8.48506e+06,3.73462e+06,1.0542e+07,0,311967,0,0
85.1408,85.1408,3.37907,0,0,2.72945,2.72945,0,0.51138,4.6872,4.08288e+06,2.79405e+06,1.1144e+07,0,331859,0,0,62.338,61.3098,2.64484,0,1,1.24271,1.24271,0,0.959897,1.90512,8.48506e+06,3.73462e+06,1.05445e+07,0,312040,0,0
85.1408,85.1408,3.23713,0,0,2.85958,2.85958,0,0.511498,4.6872,4.08288e+06,2.79405e+06,1.16753e+07,0,347682,0,0,62.338,61.3098,2.47169,0,1,1.3102,1.3102,0,0.960118,1.90512,8.48506e+06,3.73462e+06,1.11171e+07,0,328986,0,0
85.1408,85.1408,3.6774,0,0,2.86024,2.86024,0,0.535886,4.6872,4.08288e+06,2.79405e+06,1.1678e+07,0,347762,0,0,62.338,61.3098,2.47703,0,1,1.3105,1.3105,0,1.01226,1.90512,8.48506e+06,3.73462e+06,1.11197e+07,0,329062,0,0
85.1408,85.1408,3.2208,0,0,2.8609,2.8609,0,0.53601,4.6872,4.08288e+06,2.79405e+06,1.16807e+07,0,347842,0,0,62.338,61.3098,2.24826,0,1,1.31081,1.31081,0,1.01249,1.90512,8.48506e+06,3.73462e+06,1.11223e+07,0,329138,0,0
85.1408,85.1408,3.0798,0,0,2.86156,2.86156,0,0.536133,4.6872,4.08288e+06,2.79405e+06,1.16834e+07,0,347923,0,0,62.338,61.3098,2.28092,0,1,1.31111,1.31111,0,1.01273,1.90512,8.48506e+06,3.73462e+06,1.11248e+07,0,329214,0,0
85.0383,85.1408,2.94012,0,0,2.86222,2.86222,0,0.536257,4.6872,4.08288e+06,2.79405e+06,1.16861e+07,0,348003,0,0,62.2036,61.3098,2.22069,0,1,1.31141,1.31141,0,1.01296,1.90512,8.48506e+06,3.73462e+06,1.11274e+07,0,329290,0,0
84.4775,85.1408,2.42602,0,0,2.83724,2.83724,0,0.536381,4.6872,4.08288e+06,2.79405e+06,1.15841e+07,0,344966,0,0,62.1389,61.3098,1.88321,0,1,1.34869,1.34869,0,1.0132,1.90512,8.48506e+06,3.73462e+06,1.14437e+07,0,338651,0,0
83.7193,85.1408,2.21525,0,0,2.8379,2.8379,0,0.531699,4.6872,4.08288e+06,2.79405e+06,1.15868e+07,0,345045,0,0,61.9181,61.3098,1.8146,0,1,1.349,1.349,0,1.042,1.90512,8.48506e+06,3.73462e+06,1.14464e+07,0,338729,0,0
82.86,85.1408,2.10155,0,0,2.83855,2.83855,0,0.531822,4.6872,4.08288e+06,2.79405e+06,1.15895e+07,0,345125,0,0,61.5942,61.3098,1.62592,0,1,1.34931,1.34931,0,1.04224,1.90512,8.48506e+06,3.73462e+06,1.1449e+07,0,338807,0,0
81.9416,85.1408,2.0279,0,0,2.83921,2.83921,0,0.531945,4.6872,4.08288e+06,2.79405e+06,1.15921e+07,0,345205,0,0,61.1315,61.3098,1.55034,0,1,1.34963,1.34963,0,1.04248,1.90512,8.48506e+06,3.73462e+06,1.14516e+07,0,338885,0,0
80.8722,85.1408,1.89202,0,0,2.90614,2.90614,0,0.532068,4.6872,4.08288e+06,2.79405e+06,1.18654e+07,0,353343,0,0,60.662,61.3098,1.39682,0,1,1.38292,1.38292,0,1.04272,1.90512,8.48506e+06,3.73462e+06,1.17342e+07,0,347246,0,0
79.8046,85.1408,1.91752,0,0,2.90681,2.90681,0,0.544611,4.6872,4.08288e+06,2.79405e+06,1.18682e+07,0,353424,0,0,60.2053,61.3098,1.49141,0,1,1.38324,1.38324,0,1.06845,1.90512,8.48506e+06,3.73462e+06,1.17369e+07,0,347326,0,0
78.6205,85.1408,1.77498,0,0,2.90748,2.90748,0,0.544736,4.6872,4.08288e+06,2.79405e+06,1.18709e+07,0,353506,0,0,59.5411,61.3098,1.41645,0,1,1.38356,1.38356,0,1.06869,1.90512,8.48506e+06,3.73462e+06,1.17396e+07,0,347407,0,0
77.29,85.1408,1.61526,0,0,2.90815,2.90815,0,0.544862,4.6872,4.08288e+06,2.79405e+06,1.18736e+07,0,353587,0,0,59.0838,61.3098,1.24145,0,1,1.38388,1.38388,0,1.06894,1.90512,8.48506e+06,3.73462e+06,1.17423e+07,0,347487,0,0
76.0086,85.1408,1.81079,0,0,3.10309,3.10309,0,0.544988,4.6872,4.08288e+06,2.79405e+06,1.26695e+07,0,377289,0,0,58.3354,61.3098,1.56092,0,1,1.50337,1.50337,0,1.06919,1.90512,8.48506e+06,3.73462e+06,1.27562e+07,0,377491,0,0
74.7085,85.1408,1.7886,0,0,3.10381,3.10381,0,0.581519,4.6872,4.08288e+06,2.79405e+06,1.26725e+07,0,377376,0,0,57.7218,61.3098,1.20134,0,1,1.50372,1.50372,0,1.16151,1.90512,8.48506e+06,3.73462e+06,1.27592e+07,0,377578,0,0
73.6075,85.1408,1.98942,0.01,0,3.10452,3.10452,0,0.581653,4.6872,4.08288e+06,2.79405e+06,1.26754e+07,0,377463,0,0,56.9647,61.3098,1.46482,0,1,1.50407,1.50407,0,1.16177,1.90512,8.48506e+06,3.73462e+06,1.27621e+07,0,377665,0,0
72.1194,85.1408,1.6021,0.01,0,3.10524,3.10524,0,0.581787,4.6872,4.08288e+06,2.79405e+06,1.26783e+07,0,377550,0,0,56.5423,61.3098,1.09992,0,1,1.50441,1.50441,0,1.16204,1.90512,8.48506e+06,3.73462e+06,1.2765e+07,0,377752,0,0
70.969,85.1408,1.91673,0.01,0,3.10595,3.10595,0,0.581922,4.6872,4.08288e+06,2.79405e+06,1.26812e+07,0,377637,0,0,55.8428,61.3098,1.80385,0,1,1.50476,1.50476,0,1.16231,1.90512,8.48506e+06,3.73462e+06,1.2768e+07,0,377839,0,0
69.4325,85.1408,1.46706,0.01,0,3.01188,3.01188,0,0.582056,4.6872,4.08288e+06,2.79405e+06,1.22972e+07,0,366199,0,0,55.3038,61.3098,0.980542,0,1,1.43269,1.43269,0,1.16258,1.90512,8.48506e+06,3.73462e+06,1.21565e+07,0,359743,0,0
68.0705,85.1408,1.65154,0.01,0,3.01258,3.01258,0,0.564427,4.6872,4.08288e+06,2.79405e+06,1.23e+07,0,366284,0,0,54.989,61.3098,1.54267,0,1,1.43302,1.43302,0,1.1069,1.90512,8.48506e+06,3.73462e+06,1.21593e+07,0,359826,0,0
66.6712,85.1408,1.59905,0.04,0,3.01327,3.01327,0,0.564557,4.6872,4.08288e+06,2.79405e+06,1.23028e+07,0,366368,0,0,54.7674,61.3098,1.54617,0,1,1.43335,1.43335,0,1.10715,1.90512,8.48506e+06,3.73462e+06,1.21621e+07,0,359909,0,0
65.2239,85.1408,1.53471,0.04,0,3.01397,3.01397,0,0.564687,4.6872,4.08288e+06,2.79405e+06,1.23057e+07,0,366453,0,0,54.7004,61.3098,1.65034,0,1,1.43368,1.43368,0,1.10741,1.90512,8.48506e+06,3.73462e+06,1.21649e+07,0,359992,0,0
64.0679,85.1408,1.81816,0.04,0,2.93679,2.93679,0,0.564817,4.6872,4.08288e+06,2.79405e+06,1.19905e+07,0,357069,0,0,54.5034,61.3098,1.95796,0,1,1.36803,1.36803,0,1.10766,1.90512,8.48506e+06,3.73462e+06,1.16078e+07,0,343508,0,0
63.8542,85.1408,2.82786,0.03,0,2.93746,2.93746,0,0.550354,4.6872,4.08288e+06,2.79405e+06,1.19933e+07,0,357151,0,0,54.5628,61.3098,1.53069,0,1,1.36835,1.36835,0,1.05694,1.90512,8.48506e+06,3.73462e+06,1.16105e+07,0,343587,0,0
66.393,85.1408,5.66422,0.03,0,2.93814,2.93814,0,0.550481,4.6872,4.08288e+06,2.79405e+06,1.19961e+07,0,357233,0,0,55.3057,61.3098,3.35652,0,1,1.36867,1.36867,0,1.05719,1.90512,8.48506e+06,3.73462e+06,1.16132e+07,0,343666,0,0
67.0796,85.1408,3.75055,0.03,0,2.93882,2.93882,0,0.550608,4.6872,4.08288e+06,2.79405e+06,1.19988e+07,0,357316,0,0,56.0039,61.3098,3.37721,0,1,1.36898,1.36898,0,1.05743,1.90512,8.48506e+06,3.73462e+06,1.16159e+07,0,343745,0,0
68.9313,85.1408,4.85016,0.03,0,2.71812,2.71812,0,0.550734,4.6872,4.08288e+06,2.79405e+06,1.10977e+07,0,330482,0,0,56.427,61.3098,2.29903,0,1,1.23176,1.23176,0,1.05767,1.90512,8.48506e+06,3.73462e+06,1.04515e+07,0,309289,0,0
68.202,85.1408,2.25742,0.01,0,2.71874,2.71874,0,0.509375,4.6872,4.08288e+06,2.79405e+06,1.11003e+07,0,330558,0,0,56.8028,61.3098,2.10831,0,1,1.23204,1.23204,0,0.951654,1.90512,8.48506e+06,3.73462e+06,1.04539e+07,0,309360,0,0
67.9991,85.1408,2.79868,0.01,0,2.71937,2.71937,0,0.509493,4.6872,4.08288e+06,2.79405e+06,1.11029e+07,0,330634,0,0,57.2746,61.3098,2.34388,0,1,1.23232,1.23232,0,0.951873,1.90512,8.48506e+06,3.73462e+06,1.04563e+07,0,309431,0,0
71.6033,85.1408,6.58844,0.03,0,2.72,2.72,0,0.50961,4.6872,4.08288e+06,2.79405e+06,1.11054e+07,0,330711,0,0,58.0463,61.3098,2.9514,0,1,1.23261,1.23261,0,0.952093,1.90512,8.48506e+06,3.73462e+06,1.04587e+07,0,309503,0,0
78.2773,85.1408,9.71757,0,0,2.72063,2.72063,0,0.509728,4.6872,4.08288e+06,2.79405e+06,1.1108e+07,0,330787,0,0,59.0305,61.3098,3.35034,0,1,1.23289,1.23289,0,0.952312,1.90512,8.48506e+06,3.73462e+06,1.04612e+07,0,309574,0,0
79.1854,85.1408,4.24079,0,0,2.80649,2.80649,0,0.509845,4.6872,4.08288e+06,2.79405e+06,1.14585e+07,0,341226,0,0,59.8332,61.3098,3.62954,0,1,1.27304,1.27304,0,0.952532,1.90512,8.48506e+06,3.73462e+06,1.08018e+07,0,319656,0,0
79.001,85.1408,2.99197,0,0,2.80711,2.80711,0,0.525936,4.6872,4.08288e+06,2.79405e+06,1.14611e+07,0,341302,0,0,60.653,61.3098,3.68731,0,1,1.27332,1.27332,0,0.983552,1.90512,8.48506e+06,3.73462e+06,1.08042e+07,0,319726,0,0
78.3015,85.1408,2.42865,0,0,2.80773,2.80773,0,0.526052,4.6872,4.08288e+06,2.79405e+06,1.14636e+07,0,341377,0,0,61.33,61.3098,3.2216,0,1,1.2736,1.2736,0,0.983769,1.90512,8.48506e+06,3.73462e+06,1.08066e+07,0,319797,0,0
77.6188,85.1408,2.49989,0,0,2.80835,2.80835,0,0.526168,4.6872,4.08288e+06,2.79405e+06,1.14661e+07,0,341452,0,0,61.9849,61.3098,3.21735,0,1,1.27389,1.27389,0,0.983987,1.90512,8.48506e+06,3.73462e+06,1.0809e+07,0,319867,0,0
77.4654,85.1408,3.32392,0,0,3.08295,3.08295,0,0.526284,4.6872,4.08288e+06,2.79405e+06,1.25873e+07,0,374840,0,0,62.338,61.3098,6.12407,0,1,1.42398,1.42398,0,0.984204,1.90512,8.48506e+06,3.73462e+06,1.20826e+07,0,357556,0,0
78.7414,85.1408,4.80097,0,0,3.08363,3.08363,0,0.577744,4.6872,4.08288e+06,2.79405e+06,1.25901e+07,0,374922,0,0,62.338,61.3098,5.41811,0,1,1.4243,1.4243,0,1.10017,1.90512,8.48506e+06,3.73462e+06,1.20852e+07,0,357635,0,0
79.8421,85.1408,4.71709,0,0,3.08431,3.08431,0,0.577872,4.6872,4.08288e+06,2.79405e+06,1.25929e+07,0,375005,0,0,62.338,61.3098,5.30947,0,1,1.42461,1.42461,0,1.10041,1.90512,8.48506e+06,3.73462e+06,1.20879e+07,0,357714,0,0
80.1914,85.1408,3.83975,0,0,3.08499,3.08499,0,0.577999,4.6872,4.08288e+06,2.79405e+06,1.25956e+07,0,375088,0,0,62.338,61.3098,3.78197,0,1,1.42493,1.42493,0,1.10065,1.90512,8.48506e+06,3.73462e+06,1.20906e+07,0,357793,0,0
82.8044,85.1408,5.88098,0,0,2.69454,2.69454,0,0.578127,4.6872,4.08288e+06,2.79405e+06,1.10015e+07,0,327615,0,0,62.338,61.3098,6.3569,0,1,1.22401,1.22401,0,1.1009,1.90512,8.48506e+06,3.73462e+06,1.03858e+07,0,307344,0,0
84.8339,85.1408,5.27511,0,0,2.69514,2.69514,0,0.504957,4.6872,4.08288e+06,2.79405e+06,1.10039e+07,0,327688,0,0,62.338,61.3098,5.60504,0,1,1.22428,1.22428,0,0.945669,1.90512,8.48506e+06,3.73462e+06,1.03881e+07,0,307411,0,0
85.1408,85.1408,8.41938,0,0,2.69573,2.69573,0,0.505069,4.6872,4.08288e+06,2.79405e+06,1.10064e+07,0,327760,0,0,62.338,61.3098,12.2222,0,1,1.22455,1.22455,0,0.945878,1.90512,8.48506e+06,3.73462e+06,1.03904e+07,0,307479,0,0
85.1408,85.1408,4.52923,0,0,2.69633,2.69633,0,0.50518,4.6872,4.08288e+06,2.79405e+06,1.10088e+07,0,327832,0,0,62.338,61.3098,5.00901,0,1,1.22482,1.22482,0,0.946087,1.90512,8.48506e+06,3.73462e+06,1.03927e+07,0,307547,0,0
85.1408,85.1408,3.87215,0,0,2.69692,2.69692,0,0.505292,4.6872,4.08288e+06,2.79405e+06,1.10112e+07,0,327905,0,0,62.338,61.3098,4.32867,0,1,1.22509,1.22509,0,0.946296,1.90512,8.48506e+06,3.73462e+06,1.0395e+07,0,307615,0,0
85.1408,85.1408,8.71998,0,0,2.79608,2.79608,0,0.505403,4.6872,4.08288e+06,2.79405e+06,1.14161e+07,0,339961,0,0,62.338,61.3098,9.10783,0,1,1.27464,1.27464,0,0.946505,1.90512,8.48506e+06,3.73462e+06,1.08154e+07,0,320058,0,0
85.1408,85.1408,11.6824,0,0,2.7967,2.7967,0,0.523985,4.6872,4.08288e+06,2.79405e+06,1.14186e+07,0,340036,0,0,62.338,61.3098,14.5191,0,1,1.27493,1.27493,0,0.98479,1.90512,8.48506e+06,3.73462e+06,1.08178e+07,0,320128,0,0
85.1408,85.1408,8.15857,0,0,2.79731,2.79731,0,0.524101,4.6872,4.08288e+06,2.79405e+06,1.14211e+07,0,340111,0,0,62.338,61.3098,6.89298,0,1,1.27521,1.27521,0,0.985007,1.90512,8.48506e+06,3.73462e+06,1.08202e+07,0,320199,0,0
85.1408,85.1408,7.58673,0,0,2.79793,2.79793,0,0.524217,4.6872,4.08288e+06,2.79405e+06,1.14236e+07,0,340186,0,0,62.338,61.3098,6.02853,0,1,1.27549,1.27549,0,0.985225,1.90512,8.48506e+06,3.73462e+06,1.08226e+07,0,320270,0,0
85.1408,85.1408,6.62967,0,0,2.75998,2.75998,0,0.524332,4.6872,4.08288e+06,2.79405e+06,1.12687e+07,0,335571,0,0,62.338,61.3098,5.45055,0,1,1.25661,1.25661,0,0.985442,1.90512,8.48506e+06,3.73462e+06,1.06624e+07,0,315530,0,0
85.1408,85.1408,4.55573,0,0,2.76059,2.76059,0,0.51722,4.6872,4.08288e+06,2.79405e+06,1.12711e+07,0,335646,0,0,62.338,61.3098,3.96721,0,1,1.25689,1.25689,0,0.970858,1.90512,8.48506e+06,3.73462e+06,1.06648e+07,0,315600,0,0
85.1408,85.1408,3.79359,0,0,2.7612,2.7612,0,0.517334,4.6872,4.08288e+06,2.79405e+06,1.12736e+07,0,335720,0,0,62.338,61.3098,3.46849,0,1,1.25717,1.25717,0,0.971072,1.90512,8.48506e+06,3.73462e+06,1.06671e+07,0,315669,0,0
85.1408,85.1408,3.35872,0,0,2.76181,2.76181,0,0.517448,4.6872,4.08288e+06,2.79405e+06,1.12761e+07,0,335794,0,0,62.338,61.3098,3.06515,0,1,1.25744,1.25744,0,0.971287,1.90512,8.48506e+06,3.73462e+06,1.06695e+07,0,315739,0,0
85.0779,85.1408,3.19397,0,0,2.89346,2.89346,0,0.517562,4.6872,4.08288e+06,2.79405e+06,1.18136e+07,0,351800,0,0,62.338,61.3098,2.74514,0,1,1.32572,1.32572,0,0.971501,1.90512,8.48506e+06,3.73462e+06,1.12488e+07,0,332883,0,0
85.1408,85.1408,3.47884,0,0,2.89409,2.89409,0,0.542234,4.6872,4.08288e+06,2.79405e+06,1.18162e+07,0,351878,0,0,62.338,61.3098,3.67243,0,1,1.32601,1.32601,0,1.02425,1.90512,8.48506e+06,3.73462e+06,1.12513e+07,0,332956,0,0
85.1408,85.1408,3.20301,0,0,2.89473,2.89473,0,0.542353,4.6872,4.08288e+06,2.79405e+06,1.18189e+07,0,351956,0,0,62.338,61.3098,2.97035,0,1,1.32631,1.32631,0,1.02448,1.90512,8.48506e+06,3.73462e+06,1.12538e+07,0,333030,0,0
84.8758,85.1408,2.91624,0,0,2.89537,2.89537,0,0.542473,4.6872,4.08288e+06,2.79405e+06,1.18215e+07,0,352033,0,0,62.338,61.3098,2.45384,0,1,1.3266,1.3266,0,1.0247,1.90512,8.48506e+06,3.73462e+06,1.12563e+07,0,333103,0,0
84.2971,85.1408,2.57519,0,0,2.89601,2.89601,0,0.542593,4.6872,4.08288e+06,2.79405e+06,1.18241e+07,0,352111,0,0,62.338,61.3098,2.55755,0,1,1.32689,1.32689,0,1.02493,1.90512,8.48506e+06,3.73462e+06,1.12587e+07,0,333177,0,0
83.824,85.1408,2.62024,0,0,2.87071,2.87071,0,0.542712,4.6872,4.08288e+06,2.79405e+06,1.17208e+07,0,349034,0,0,62.338,61.3098,3.70583,0,1,1.3646,1.3646,0,1.02516,1.90512,8.48506e+06,3.73462e+06,1.15787e+07,0,342645,0,0
83.1731,85.1408,2.42937,0,0,2.87134,2.87134,0,0.53797,4.6872,4.08288e+06,2.79405e+06,1.17233e+07,0,349111,0,0,62.338,61.3098,3.35843,0,1,1.3649,1.3649,0,1.05429,1.90512,8.48506e+06,3.73462e+06,1.15813e+07,0,342721,0,0
82.3567,85.1408,2.22883,0,0,2.87197,2.87197,0,0.538089,4.6872,4.08288e+06,2.79405e+06,1.17259e+07,0,349188,0,0,62.338,61.3098,3.29967,0,1,1.3652,1.3652,0,1.05452,1.90512,8.48506e+06,3.73462e+06,1.15838e+07,0,342796,0,0
81.4376,85.1408,2.08765,0,0,2.87261,2.87261,0,0.538208,4.6872,4.08288e+06,2.79405e+06,1.17285e+07,0,349265,0,0,62.338,61.3098,3.19006,0,1,1.3655,1.3655,0,1.05475,1.90512,8.48506e+06,3.73462e+06,1.15864e+07,0,342872,0,0
80.2321,85.1408,1.86073,0,0,2.9403,2.9403,0,0.538327,4.6872,4.08288e+06,2.79405e+06,1.20049e+07,0,357495,0,0,62.338,61.3098,2.93754,0,1,1.39918,1.39918,0,1.05499,1.90512,8.48506e+06,3.73462e+06,1.18721e+07,0,351328,0,0
78.8662,85.1408,1.65801,0,0,2.94095,2.94095,0,0.551012,4.6872,4.08288e+06,2.79405e+06,1.20075e+07,0,357574,0,0,62.338,61.3098,2.84554,0,1,1.39949,1.39949,0,1.081,1.90512,8.48506e+06,3.73462e+06,1.18747e+07,0,351405,0,0
77.3913,85.1408,1.53634,0,0,2.94159,2.94159,0,0.551133,4.6872,4.08288e+06,2.79405e+06,1.20102e+07,0,357653,0,0,62.338,61.3098,2.53731,0,1,1.39979,1.39979,0,1.08124,1.90512,8.48506e+06,3.73462e+06,1.18773e+07,0,351483,0,0
75.9628,85.1408,1.5637,0,0,2.94224,2.94224,0,0.551255,4.6872,4.08288e+06,2.79405e+06,1.20128e+07,0,357732,0,0,62.338,61.3098,2.86213,0,1,1.4001,1.4001,0,1.08148,1.90512,8.48506e+06,3.73462e+06,1.188e+07,0,351560,0,0
74.452,85.1408,1.62562,0.01,0,3.13944,3.13944,0,0.551376,4.6872,4.08288e+06,2.79405e+06,1.28179e+07,0,381708,0,0,62.338,61.3098,3.01536,0,1,1.52098,1.52098,0,1.08172,1.90512,8.48506e+06,3.73462e+06,1.29056e+07,0,381912,0,0
72.6817,85.1408,1.36096,0.01,0,3.14013,3.14013,0,0.58833,4.6872,4.08288e+06,2.79405e+06,1.28208e+07,0,381792,0,0,62.2556,61.3098,3.04028,0,1,1.52132,1.52132,0,1.17511,1.90512,8.48506e+06,3.73462e+06,1.29085e+07,0,381996,0,0
71.081,85.1408,1.53222,0.01,0,3.14082,3.14082,0,0.58846,4.6872,4.08288e+06,2.79405e+06,1.28236e+07,0,381876,0,0,62.338,61.3098,3.79789,0,1,1.52165,1.52165,0,1.17537,1.90512,8.48506e+06,3.73462e+06,1.29113e+07,0,382081,0,0
69.1917,85.1408,1.23326,0.01,0,3.14151,3.14151,0,0.58859,4.6872,4.08288e+06,2.79405e+06,1.28264e+07,0,381960,0,0,62.1756,61.3098,2.73327,0,1,1.52199,1.52199,0,1.17563,1.90512,8.48506e+06,3.73462e+06,1.29142e+07,0,382165,0,0
67.5899,85.1408,1.49321,0.01,0,3.14221,3.14221,0,0.588719,4.6872,4.08288e+06,2.79405e+06,1.28292e+07,0,382045,0,0,62.338,61.3098,4.79474,0,1,1.52232,1.52232,0,1.17589,1.90512,8.48506e+06,3.73462e+06,1.2917e+07,0,382249,0,0
65.5942,85.1408,1.03823,0.03,0,3.04701,3.04701,0,0.588849,4.6872,4.08288e+06,2.79405e+06,1.24406e+07,0,370470,0,0,62.211,61.3098,2.65725,0,1,1.4494,1.4494,0,1.17615,1.90512,8.48506e+06,3.73462e+06,1.22982e+07,0,363938,0,0
64.6089,85.1408,2.05627,0.04,0,3.04768,3.04768,0,0.571009,4.6872,4.08288e+06,2.79405e+06,1.24433e+07,0,370551,0,0,62.338,61.3098,4.72657,0,1,1.44972,1.44972,0,1.1198,1.90512,8.48506e+06,3.73462e+06,1.23009e+07,0,364018,0,0
62.5633,85.1408,0.970283,0.04,0,3.04835,3.04835,0,0.571135,4.6872,4.08288e+06,2.79405e+06,1.2446e+07,0,370633,0,0,62.1806,61.3098,2.6127,0,1,1.45004,1.45004,0,1.12005,1.90512,8.48506e+06,3.73462e+06,1.23036e+07,0,364098,0,0
60.6543,85.1408,1.06615,0.04,0,3.04902,3.04902,0,0.571261,4.6872,4.08288e+06,2.79405e+06,1.24488e+07,0,370715,0,0,62.1172,61.3098,2.58561,0,1,1.45036,1.45036,0,1.1203,1.90512,8.48506e+06,3.73462e+06,1.23064e+07,0,364179,0,0
60.4971,85.1408,2.87859,0.04,0,2.97091,2.97091,0,0.571387,4.6872,4.08288e+06,2.79405e+06,1.21299e+07,0,361218,0,0,62.338,61.3098,5.9981,0,1,1.38393,1.38393,0,1.12055,1.90512,8.48506e+06,3.73462e+06,1.17427e+07,0,347499,0,0
59.8359,85.1408,2.40757,0.04,0,2.97157,2.97157,0,0.556749,4.6872,4.08288e+06,2.79405e+06,1.21326e+07,0,361298,0,0,62.338,61.3098,2.77347,0,1,1.38424,1.38424,0,1.06923,1.90512,8.48506e+06,3.73462e+06,1.17453e+07,0,347576,0,0
60.3065,85.1408,3.64697,0.03,0,2.97222,2.97222,0,0.556872,4.6872,4.08288e+06,2.79405e+06,1.21352e+07,0,361377,0,0,62.338,61.3098,8.04937,0,1,1.38454,1.38454,0,1.06946,1.90512,8.48506e+06,3.73462e+06,1.17479e+07,0,347653,0,0
59.6392,85.1408,2.41844,0.03,0,2.97288,2.97288,0,0.556995,4.6872,4.08288e+06,2.79405e+06,1.21379e+07,0,361457,0,0,62.338,61.3098,3.58064,0,1,1.38485,1.38485,0,1.0697,1.90512,8.48506e+06,3.73462e+06,1.17505e+07,0,347729,0,0
61.1106,85.1408,4.52999,0.03,0,2.74959,2.74959,0,0.557117,4.6872,4.08288e+06,2.79405e+06,1.12263e+07,0,334309,0,0,62.338,61.3098,5.69954,0,1,1.24602,1.24602,0,1.06993,1.90512,8.48506e+06,3.73462e+06,1.05725e+07,0,312870,0,0
62.8143,85.1408,4.75587,0.03,0,2.7502,2.7502,0,0.515274,4.6872,4.08288e+06,2.79405e+06,1.12287e+07,0,334382,0,0,62.338,61.3098,8.73539,0,1,1.24629,1.24629,0,0.962674,1.90512,8.48506e+06,3.73462e+06,1.05749e+07,0,312939,0,0
64.8663,85.1408,5.28416,0.03,0,2.7508,2.7508,0,0.515387,4.6872,4.08288e+06,2.79405e+06,1.12312e+07,0,334456,0,0,62.338,61.3098,8.01326,0,1,1.24657,1.24657,0,0.962886,1.90512,8.48506e+06,3.73462e+06,1.05772e+07,0,313008,0,0
66.1738,85.1408,4.74558,0.04,0,2.75141,2.75141,0,0.515501,4.6872,4.08288e+06,2.79405e+06,1.12337e+07,0,334530,0,0,62.338,61.3098,6.46709,0,1,1.24684,1.24684,0,0.963098,1.90512,8.48506e+06,3.73462e+06,1.05795e+07,0,313077,0,0
67.686,85.1408,4.75414,0.04,0,2.75202,2.75202,0,0.515614,4.6872,4.08288e+06,2.79405e+06,1.12362e+07,0,334604,0,0,62.338,61.3098,6.92235,0,1,1.24712,1.24712,0,0.963311,1.90512,8.48506e+06,3.73462e+06,1.05819e+07,0,313146,0,0
69.7735,85.1408,5.33811,0.03,0.02,2.83884,2.83884,0,0.515728,4.6872,4.08288e+06,2.79405e+06,1.15907e+07,0,345160,0,0,62.338,61.3098,10.7139,0,1,1.28772,1.28772,0,0.963523,1.90512,8.48506e+06,3.73462e+06,1.09264e+07,0,323341,0,0
71.7656,85.1408,5.17852,0,0.02,2.83944,2.83944,0,0.531999,4.6872,4.08288e+06,2.79405e+06,1.15931e+07,0,345233,0,0,62.338,61.3098,7.57166,0,1,1.28799,1.28799,0,0.994892,1.90512,8.48506e+06,3.73462e+06,1.09287e+07,0,323409,0,0
71.9981,85.1408,3.37417,0,0.02,2.84004,2.84004,0,0.532112,4.6872,4.08288e+06,2.79405e+06,1.15956e+07,0,345306,0,0,62.338,61.3098,5.6714,0,1,1.28826,1.28826,0,0.995102,1.90512,8.48506e+06,3.73462e+06,1.0931e+07,0,323478,0,0
71.6047,85.1408,2.77024,0,0.02,2.84064,2.84064,0,0.532224,4.6872,4.08288e+06,2.79405e+06,1.1598e+07,0,345379,0,0,62.338,61.3098,6.11286,0,1,1.28854,1.28854,0,0.995312,1.90512,8.48506e+06,3.73462e+06,1.09333e+07,0,323546,0,0
72.5938,85.1408,4.5836,0.01,0.02,3.11837,3.11837,0,0.532337,4.6872,4.08288e+06,2.79405e+06,1.27319e+07,0,379147,0,0,62.338,61.3098,10.0103,0,1,1.44034,1.44034,0,0.995523,1.90512,8.48506e+06,3.73462e+06,1.22214e+07,0,361665,0,0
72.1614,85.1408,2.95329,0.02,0.02,3.11903,3.11903,0,0.584383,4.6872,4.08288e+06,2.79405e+06,1.27346e+07,0,379227,0,0,62.338,61.3098,6.59196,0,1,1.44065,1.44065,0,1.11281,1.90512,8.48506e+06,3.73462e+06,1.2224e+07,0,361741,0,0
71.6887,85.1408,2.90261,0.01,0.02,3.11969,3.11969,0,0.584507,4.6872,4.08288e+06,2.79405e+06,1.27373e+07,0,379307,0,0,62.338,61.3098,5.16354,0,1,1.44095,1.44095,0,1.11305,1.90512,8.48506e+06,3.73462e+06,1.22266e+07,0,361818,0,0
72.868,85.1408,4.80842,0.01,0.02,3.12035,3.12035,0,0.58463,4.6872,4.08288e+06,2.79405e+06,1.274e+07,0,379387,0,0,62.338,61.3098,7.53735,0,1,1.44126,1.44126,0,1.11328,1.90512,8.48506e+06,3.73462e+06,1.22292e+07,0,361894,0,0
75.115,85.1408,5.58164,0.01,0.02,2.7254,2.7254,0,0.584754,4.6872,4.08288e+06,2.79405e+06,1.11275e+07,0,331368,0,0,62.338,61.3098,7.87238,0,1,1.23803,1.23803,0,1.11352,1.90512,8.48506e+06,3.73462e+06,1.05047e+07,0,310863,0,0
77.3245,85.1408,5.56434,0.01,0.02,2.72598,2.72598,0,0.51074,4.6872,4.08288e+06,2.79405e+06,1.11298e+07,0,331438,0,0,62.338,61.3098,8.46651,0,1,1.23829,1.23829,0,0.9565,1.90512,8.48506e+06,3.73462e+06,1.0507e+07,0,310929,0,0
79.9278,85.1408,5.85622,0,0.02,2.72655,2.72655,0,0.510848,4.6872,4.08288e+06,2.79405e+06,1.11322e+07,0,331508,0,0,62.338,61.3098,8.92681,0,1,1.23855,1.23855,0,0.956702,1.90512,8.48506e+06,3.73462e+06,1.05092e+07,0,310995,0,0
81.1628,85.1408,4.49557,0,0.02,2.72713,2.72713,0,0.510956,4.6872,4.08288e+06,2.79405e+06,1.11345e+07,0,331578,0,0,62.338,61.3098,6.88334,0,1,1.23881,1.23881,0,0.956904,1.90512,8.48506e+06,3.73462e+06,1.05114e+07,0,311061,0,0
83.3237,85.1408,5.4473,0,0.02,2.72771,2.72771,0,0.511064,4.6872,4.08288e+06,2.79405e+06,1.11369e+07,0,331648,0,0,62.338,61.3098,7.67761,0,1,1.23907,1.23907,0,0.957106,1.90512,8.48506e+06,3.73462e+06,1.05136e+07,0,311126,0,0
85.1408,85.1408,7.23839,0,0.02,2.82797,2.82797,0,0.511172,4.6872,4.08288e+06,2.79405e+06,1.15463e+07,0,343838,0,0,62.338,61.3098,8.88786,0,1,1.28918,1.28918,0,0.957309,1.90512,8.48506e+06,3.73462e+06,1.09388e+07,0,323708,0,0
85.1408,85.1408,6.27564,0,0.02,2.82857,2.82857,0,0.529961,4.6872,4.08288e+06,2.79405e+06,1.15487e+07,0,343911,0,0,62.338,61.3098,8.40359,0,1,1.28945,1.28945,0,0.996021,1.90512,8.48506e+06,3.73462e+06,1.09411e+07,0,323776,0,0
85.1408,85.1408,5.15502,0,0.02,2.82916,2.82916,0,0.530073,4.6872,4.08288e+06,2.79405e+06,1.15511e+07,0,343983,0,0,62.338,61.3098,7.47413,0,1,1.28973,1.28973,0,0.996232,1.90512,8.48506e+06,3.73462e+06,1.09434e+07,0,323845,0,0
85.1408,85.1408,4.36736,0,0.02,2.82976,2.82976,0,0.530185,4.6872,4.08288e+06,2.79405e+06,1.15536e+07,0,344056,0,0,62.338,61.3098,6.60222,0,1,1.29,1.29,0,0.996442,1.90512,8.48506e+06,3.73462e+06,1.09457e+07,0,323913,0,0
85.1408,85.1408,4.12884,0,0.02,2.79135,2.79135,0,0.530297,4.6872,4.08288e+06,2.79405e+06,1.13967e+07,0,339386,0,0,62.338,61.3098,5.56843,0,1,1.2709,1.2709,0,0.996653,1.90512,8.48506e+06,3.73462e+06,1.07836e+07,0,319117,0,0
85.1408,85.1408,4.03884,0,0.02,2.79194,2.79194,0,0.523099,4.6872,4.08288e+06,2.79405e+06,1.13992e+07,0,339458,0,0,62.338,61.3098,4.45997,0,1,1.27116,1.27116,0,0.981894,1.90512,8.48506e+06,3.73462e+06,1.07859e+07,0,319184,0,0
85.1408,85.1408,3.63387,0,0.02,2.79253,2.79253,0,0.52321,4.6872,4.08288e+06,2.79405e+06,1.14016e+07,0,339529,0,0,62.338,61.3098,4.29482,0,1,1.27143,1.27143,0,0.982101,1.90512,8.48506e+06,3.73462e+06,1.07882e+07,0,319251,0,0
85.1408,85.1408,3.42873,0,0.02,2.79312,2.79312,0,0.52332,4.6872,4.08288e+06,2.79405e+06,1.1404e+07,0,339601,0,0,62.338,61.3098,4.17143,0,1,1.2717,1.2717,0,0.982309,1.90512,8.48506e+06,3.73462e+06,1.07905e+07,0,319319,0,0
85.1408,85.1408,3.24792,0,0.02,2.92623,2.92623,0,0.523431,4.6872,4.08288e+06,2.79405e+06,1.19475e+07,0,355786,0,0,62.338,61.3098,5.03516,0,1,1.34074,1.34074,0,0.982516,1.90512,8.48506e+06,3.73462e+06,1.13762e+07,0,336654,0,0
84.7505,85.1408,2.75473,0,0.02,2.92685,2.92685,0,0.548376,4.6872,4.08288e+06,2.79405e+06,1.195e+07,0,355861,0,0,62.338,61.3098,3.66331,0,1,1.34102,1.34102,0,1.03585,1.90512,8.48506e+06,3.73462e+06,1.13787e+07,0,336725,0,0
84.0364,85.1408,2.40963,0,0.02,2.92747,2.92747,0,0.548492,4.6872,4.08288e+06,2.79405e+06,1.19525e+07,0,355936,0,0,62.338,61.3098,3.1652,0,1,1.34131,1.34131,0,1.03607,1.90512,8.48506e+06,3.73462e+06,1.13811e+07,0,336796,0,0
83.0216,85.1408,2.09723,0,0.02,2.92809,2.92809,0,0.548608,4.6872,4.08288e+06,2.79405e+06,1.1955e+07,0,356011,0,0,62.338,61.3098,3.11059,0,1,1.34159,1.34159,0,1.03629,1.90512,8.48506e+06,3.73462e+06,1.13835e+07,0,336867,0,0
81.828,85.1408,1.90313,0,0.02,2.92871,2.92871,0,0.548724,4.6872,4.08288e+06,2.79405e+06,1.19576e+07,0,356087,0,0,62.338,61.3098,2.75375,0,1,1.34187,1.34187,0,1.03651,1.90512,8.48506e+06,3.73462e+06,1.13859e+07,0,336939,0,0
80.6848,85.1408,1.89832,0,0.02,2.90309,2.90309,0,0.54884,4.6872,4.08288e+06,2.79405e+06,1.1853e+07,0,352972,0,0,62.338,61.3098,3.12327,0,1,1.37999,1.37999,0,1.03673,1.90512,8.48506e+06,3.73462e+06,1.17093e+07,0,346510,0,0
79.4384,85.1408,1.78401,0,0.02,2.9037,2.9037,0,0.544039,4.6872,4.08288e+06,2.79405e+06,1.18555e+07,0,353046,0,0,62.338,61.3098,2.98651,0,1,1.38028,1.38028,0,1.06618,1.90512,8.48506e+06,3.73462e+06,1.17118e+07,0,346584,0,0
78.068,85.1408,1.62967,0,0.02,2.90432,2.90432,0,0.544154,4.6872,4.08288e+06,2.79405e+06,1.1858e+07,0,353121,0,0,62.338,61.3098,2.85735,0,1,1.38058,1.38058,0,1.06641,1.90512,8.48506e+06,3.73462e+06,1.17143e+07,0,346657,0,0
76.6436,85.1408,1.53303,0,0.02,2.90493,2.90493,0,0.544269,4.6872,4.08288e+06,2.79405e+06,1.18605e+07,0,353196,0,0,62.338,61.3098,2.76433,0,1,1.38087,1.38087,0,1.06663,1.90512,8.48506e+06,3.73462e+06,1.17167e+07,0,346730,0,0
74.9651,85.1408,1.32511,0,0.02,2.97335,2.97335,0,0.544384,4.6872,4.08288e+06,2.79405e+06,1.21398e+07,0,361515,0,0,62.338,61.3098,2.57248,0,1,1.41491,1.41491,0,1.06686,1.90512,8.48506e+06,3.73462e+06,1.20056e+07,0,355277,0,0
73.2387,85.1408,1.2405,0,0.02,2.97398,2.97398,0,0.557206,4.6872,4.08288e+06,2.79405e+06,1.21424e+07,0,361591,0,0,62.338,61.3098,2.47118,0,1,1.41521,1.41521,0,1.09316,1.90512,8.48506e+06,3.73462e+06,1.20081e+07,0,355353,0,0
71.5376,85.1408,1.27006,0.01,0.02,2.97461,2.97461,0,0.557324,4.6872,4.08288e+06,2.79405e+06,1.2145e+07,0,361667,0,0,62.338,61.3098,2.62668,0,1,1.41551,1.41551,0,1.09339,1.90512,8.48506e+06,3.73462e+06,1.20106e+07,0,355428,0,0
69.7744,85.1408,1.17709,0.01,0.02,2.97524,2.97524,0,0.557442,4.6872,4.08288e+06,2.79405e+06,1.21475e+07,0,361744,0,0,62.338,61.3098,2.5376,0,1,1.4158,1.4158,0,1.09362,1.90512,8.48506e+06,3.73462e+06,1.20132e+07,0,355503,0,0
67.7643,85.1408,1.07177,0.01,0.02,3.17461,3.17461,0,0.55756,4.6872,4.08288e+06,2.79405e+06,1.29616e+07,0,385985,0,0,62.2027,61.3098,2.2224,0,1,1.53802,1.53802,0,1.09385,1.90512,8.48506e+06,3.73462e+06,1.30502e+07,0,386191,0,0
65.5305,85.1408,0.820576,0.03,0.02,3.17528,3.17528,0,0.594922,4.6872,4.08288e+06,2.79405e+06,1.29643e+07,0,386066,0,0,62.0587,61.3098,2.63913,0,1,1.53835,1.53835,0,1.18828,1.90512,8.48506e+06,3.73462e+06,1.3053e+07,0,386273,0,0
63.3715,85.1408,0.871932,0.03,0.02,3.17595,3.17595,0,0.595048,4.6872,4.08288e+06,2.79405e+06,1.2967e+07,0,386148,0,0,61.9114,61.3098,2.64056,0,1,1.53867,1.53867,0,1.18853,1.90512,8.48506e+06,3.73462e+06,1.30557e+07,0,386355,0,0
61.7149,85.1408,1.39814,0.03,0.02,3.17662,3.17662,0,0.595173,4.6872,4.08288e+06,2.79405e+06,1.29698e+07,0,386229,0,0,61.9263,61.3098,3.21773,0,1,1.539,1.539,0,1.18878,1.90512,8.48506e+06,3.73462e+06,1.30585e+07,0,386436,0,0
60.4117,85.1408,1.74794,0.03,0.02,3.17729,3.17729,0,0.595299,4.6872,4.08288e+06,2.79405e+06,1.29725e+07,0,386311,0,0,62.1359,61.3098,3.36045,0,1,1.53932,1.53932,0,1.18903,1.90512,8.48506e+06,3.73462e+06,1.30612e+07,0,386518,0,0
58.2396,85.1408,0.787967,0.03,0.02,3.081,3.081,0,0.595425,4.6872,4.08288e+06,2.79405e+06,1.25794e+07,0,374603,0,0,62.148,61.3098,2.93376,0,1,1.46557,1.46557,0,1.18928,1.90512,8.48506e+06,3.73462e+06,1.24354e+07,0,367998,0,0
55.8818,85.1408,0.528245,0.07,0.02,3.01287,3.08165,0,0.57738,4.6872,4.08288e+06,2.79405e+06,1.23012e+07,0,374682,0,0,61.7862,61.3098,2.24735,0,1,1.53466,1.46588,0,1.1323,1.90512,8.48506e+06,3.73462e+06,1.30217e+07,0,368076,0,0
53.5009,85.1408,0.496133,0.06,0.02,3.01383,3.0823,0,0.564611,4.6872,4.08288e+06,2.79405e+06,1.23051e+07,0,374761,0,0,61.4201,61.3098,2.04471,0,1,1.53466,1.46619,0,1.18568,1.90512,8.48506e+06,3.73462e+06,1.30217e+07,0,368154,0,0
52.0064,85.1408,1.30173,0.06,0.02,3.01479,3.08295,0,0.564791,4.6872,4.08288e+06,2.79405e+06,1.2309e+07,0,374840,0,0,61.2898,61.3098,3.30746,0,1,1.53466,1.4665,0,1.18568,1.90512,8.48506e+06,3.73462e+06,1.30217e+07,0,368231,0,0
52.424,85.1408,3.29132,0.06,0.02,2.93609,3.00395,0,0.564971,4.6872,4.08288e+06,2.79405e+06,1.19877e+07,0,365234,0,0,61.8381,61.3098,4.83233,0,1,1.46717,1.39932,0,1.18568,1.90512,8.48506e+06,3.73462e+06,1.24491e+07,0,351363,0,0
52.0299,85.1408,2.46301,0.06,0.02,2.86955,3.00458,0,0.550223,4.6872,4.08288e+06,2.79405e+06,1.1716e+07,0,365311,0,0,61.955,61.3098,2.99078,0,1,1.53465,1.39961,0,1.13354,1.90512,8.48506e+06,3.73462e+06,1.30216e+07,0,351437,0,0
50.5796,85.1408,1.42635,0.05,0.02,3.00521,3.00521,0,0.537753,4.6872,4.08288e+06,2.79405e+06,1.22699e+07,0,365388,0,0,61.9051,61.3098,1.99909,0,1,1.39991,1.39991,0,1.18567,1.90512,8.48506e+06,3.73462e+06,1.18783e+07,0,351512,0,0
50.0095,85.1408,2.23532,0.07,0.02,2.87141,3.00585,0,0.563177,4.6872,4.08288e+06,2.79405e+06,1.17236e+07,0,365466,0,0,61.9942,61.3098,2.86913,0,1,1.53465,1.40021,0,1.08157,1.90512,8.48506e+06,3.73462e+06,1.30216e+07,0,351586,0,0
51.2582,85.1408,3.95779,0.07,0.02,2.64591,2.78006,0,0.538102,4.6872,4.08288e+06,2.79405e+06,1.08029e+07,0,338013,0,0,62.338,61.3098,3.77756,0,1,1.39397,1.25983,0,1.18567,1.90512,8.48506e+06,3.73462e+06,1.18279e+07,0,316337,0,0
51.4408,85.1408,2.94039,0.05,0.02,2.78065,2.78065,0,0.495844,4.6872,4.08288e+06,2.79405e+06,1.1353e+07,0,338085,0,0,62.338,61.3098,3.28353,0,1,1.26009,1.26009,0,1.07698,1.90512,8.48506e+06,3.73462e+06,1.06919e+07,0,316404,0,0
50.8074,85.1408,2.09569,0.05,0.02,2.78123,2.78123,0,0.521093,4.6872,4.08288e+06,2.79405e+06,1.13554e+07,0,338156,0,0,62.338,61.3098,2.48203,0,1,1.26036,1.26036,0,0.973546,1.90512,8.48506e+06,3.73462e+06,1.06942e+07,0,316470,0,0
51.0382,85.1408,2.81552,0.08,0.02,2.50783,2.78182,0,0.521203,4.6872,4.08288e+06,2.79405e+06,1.02392e+07,0,338227,0,0,62.338,61.3098,3.39592,0,1,1.53462,1.26062,0,0.973752,1.90512,8.48506e+06,3.73462e+06,1.30213e+07,0,316537,0,0
52.8003,85.1408,4.40064,0.08,0.02,2.50868,2.78241,0,0.469967,4.6872,4.08288e+06,2.79405e+06,1.02426e+07,0,338299,0,0,62.338,61.3098,6.39257,0,1,1.53462,1.26089,0,1.18565,1.90512,8.48506e+06,3.73462e+06,1.30213e+07,0,316604,0,0
53.4116,85.1408,3.26891,0.06,0.02,2.5967,2.87017,0,0.470126,4.6872,4.08288e+06,2.79405e+06,1.0602e+07,0,348969,0,0,62.2319,61.3098,2.69884,0,1,1.57539,1.30193,0,1.18565,1.90512,8.48506e+06,3.73462e+06,1.33673e+07,0,326909,0,0
52.0808,85.1408,1.3424,0.06,0.02,2.63832,2.87075,0,0.486622,4.6872,4.08288e+06,2.79405e+06,1.0772e+07,0,349039,0,0,62.338,61.3098,2.86644,0,1,1.53462,1.30219,0,1.21715,1.90512,8.48506e+06,3.73462e+06,1.30213e+07,0,326975,0,0
51.1445,85.1408,1.71154,0.06,0.02,2.63917,2.87133,0,0.494422,4.6872,4.08288e+06,2.79405e+06,1.07754e+07,0,349110,0,0,62.338,61.3098,2.96194,0,1,1.53462,1.30245,0,1.18564,1.90512,8.48506e+06,3.73462e+06,1.30213e+07,0,327041,0,0
51.2176,85.1408,2.76663,0.06,0.02,2.64001,2.87191,0,0.49458,4.6872,4.08288e+06,2.79405e+06,1.07789e+07,0,349181,0,0,62.338,61.3098,3.32943,0,1,1.53462,1.30272,0,1.18564,1.90512,8.48506e+06,3.73462e+06,1.30213e+07,0,327107,0,0
52.168,85.1408,3.99385,0.06,0.02,2.92103,3.15267,0,0.494738,4.6872,4.08288e+06,2.79405e+06,1.19262e+07,0,383317,0,0,62.338,61.3098,3.17753,0,1,1.68782,1.45619,0,1.18564,1.90512,8.48506e+06,3.73462e+06,1.43212e+07,0,365642,0,0
50.469,85.1408,1.3387,0.06,0.02,3.07514,3.15331,0,0.547402,4.6872,4.08288e+06,2.79405e+06,1.25554e+07,0,383394,0,0,62.338,61.3098,2.43743,0,1,1.53465,1.45648,0,1.30401,1.90512,8.48506e+06,3.73462e+06,1.30216e+07,0,365716,0,0
51.1363,85.1408,3.78691,0.09,0.02,3.07607,3.15394,0,0.576281,4.6872,4.08288e+06,2.79405e+06,1.25592e+07,0,383472,0,0,62.338,61.3098,5.68296,0,1,1.53465,1.45678,0,1.18567,1.90512,8.48506e+06,3.73462e+06,1.30216e+07,0,365790,0,0
50.7192,85.1408,2.7198,0.05,0.02,3.15458,3.15458,0,0.576456,4.6872,4.08288e+06,2.79405e+06,1.28798e+07,0,383550,0,0,62.338,61.3098,3.62688,0,1,1.45707,1.45707,0,1.18567,1.90512,8.48506e+06,3.73462e+06,1.23633e+07,0,365864,0,0
49.718,85.1408,1.67997,0.1,0.02,2.678,2.75528,0,0.591169,4.6872,4.08288e+06,2.79405e+06,1.09339e+07,0,335000,0,0,62.338,61.3098,2.45703,0,1,1.32888,1.2516,0,1.12573,1.90512,8.48506e+06,3.73462e+06,1.12756e+07,0,314271,0,0
50.6907,85.1408,3.71568,0.1,0.02,2.47308,2.75584,0,0.501856,4.6872,4.08288e+06,2.79405e+06,1.00973e+07,0,335068,0,0,62.338,61.3098,4.27614,0,1,1.53461,1.25185,0,1.02669,1.90512,8.48506e+06,3.73462e+06,1.30212e+07,0,314335,0,0
51.4316,85.1408,3.42682,0.13,0.02,2.47389,2.75639,0,0.463456,4.6872,4.08288e+06,2.79405e+06,1.01006e+07,0,335136,0,0,62.338,61.3098,3.01981,0,1,1.53461,1.25211,0,1.18564,1.90512,8.48506e+06,3.73462e+06,1.30212e+07,0,314398,0,0
51.9816,85.1408,3.1783,0.08,0.02,2.4747,2.75695,0,0.463608,4.6872,4.08288e+06,2.79405e+06,1.01039e+07,0,335203,0,0,62.338,61.3098,2.71044,0,1,1.53461,1.25236,0,1.18564,1.90512,8.48506e+06,3.73462e+06,1.30212e+07,0,314462,0,0
53.6738,85.1408,4.45955,0.08,0.02,2.47552,2.75751,0,0.46376,4.6872,4.08288e+06,2.79405e+06,1.01072e+07,0,335271,0,0,62.338,61.3098,4.56507,0,1,1.53461,1.25261,0,1.18564,1.90512,8.48506e+06,3.73462e+06,1.30212e+07,0,314526,0,0
55.2043,85.1408,4.37219,0.08,0.02,2.5771,2.85884,0,0.463912,4.6872,4.08288e+06,2.79405e+06,1.0522e+07,0,347592,0,0,62.338,61.3098,4.60073,0,1,1.58499,1.30326,0,1.18564,1.90512,8.48506e+06,3.73462e+06,1.34488e+07,0,327242,0,0
56.4763,85.1408,4.1909,0.08,0.02,2.62832,2.85942,0,0.482949,4.6872,4.08288e+06,2.79405e+06,1.07311e+07,0,347662,0,0,62.338,61.3098,5.60079,0,1,1.53462,1.30352,0,1.22457,1.90512,8.48506e+06,3.73462e+06,1.30213e+07,0,327308,0,0
57.3404,85.1408,3.72355,0.08,0.02,2.62917,2.86,0,0.492548,4.6872,4.08288e+06,2.79405e+06,1.07346e+07,0,347733,0,0,62.338,61.3098,3.73002,0,1,1.53462,1.30378,0,1.18564,1.90512,8.48506e+06,3.73462e+06,1.30213e+07,0,327374,0,0
57.5039,85.1408,2.95831,0.08,0.02,2.63001,2.86058,0,0.492706,4.6872,4.08288e+06,2.79405e+06,1.0738e+07,0,347803,0,0,62.338,61.3098,3.64369,0,1,1.53462,1.30405,0,1.18564,1.90512,8.48506e+06,3.73462e+06,1.30213e+07,0,327441,0,0
57.2797,85.1408,2.50235,0.08,0.02,2.59142,2.82172,0,0.492864,4.6872,4.08288e+06,2.79405e+06,1.05805e+07,0,343079,0,0,62.338,61.3098,2.92691,0,1,1.51503,1.28472,0,1.18564,1.90512,8.48506e+06,3.73462e+06,1.28551e+07,0,322589,0,0
56.8394,85.1408,2.28587,0.08,0.02,2.57267,2.82229,0,0.485632,4.6872,4.08288e+06,2.79405e+06,1.05039e+07,0,343148,0,0,62.338,61.3098,2.93021,0,1,1.53461,1.28498,0,1.17051,1.90512,8.48506e+06,3.73462e+06,1.30213e+07,0,322654,0,0
56.1899,85.1408,2.03913,0.08,0.02,2.5735,2.82287,0,0.482118,4.6872,4.08288e+06,2.79405e+06,1.05073e+07,0,343218,0,0,62.2733,61.3098,2.64499,0,1,1.53461,1.28524,0,1.18564,1.90512,8.48506e+06,3.73462e+06,1.30213e+07,0,322719,0,0
55.4784,85.1408,1.91795,0.07,0.02,2.57433,2.82344,0,0.482274,4.6872,4.08288e+06,2.79405e+06,1.05107e+07,0,343287,0,0,62.179,61.3098,2.61106,0,1,1.53461,1.2855,0,1.18564,1.90512,8.48506e+06,3.73462e+06,1.30213e+07,0,322785,0,0
54.4157,85.1408,1.84743,0.05,0.02,2.95797,2.95797,0,0.482429,4.6872,4.08288e+06,2.79405e+06,1.2077e+07,0,359644,0,0,62.2638,61.3098,2.6796,0,1,1.35528,1.35528,0,1.18564,1.90512,8.48506e+06,3.73462e+06,1.14996e+07,0,340305,0,0
53.5819,85.1408,1.90216,0.06,0.02,2.7795,2.95857,0,0.554324,4.6872,4.08288e+06,2.79405e+06,1.13484e+07,0,359717,0,0,62.2643,61.3098,2.74706,0,1,1.53463,1.35555,0,1.04709,1.90512,8.48506e+06,3.73462e+06,1.30214e+07,0,340374,0,0
52.4261,85.1408,1.69158,0.05,0.02,2.95917,2.95917,0,0.520878,4.6872,4.08288e+06,2.79405e+06,1.20819e+07,0,359790,0,0,62.338,61.3098,2.56184,0,1,1.35583,1.35583,0,1.18565,1.90512,8.48506e+06,3.73462e+06,1.15043e+07,0,340443,0,0
51.0994,85.1408,1.49782,0.05,0.02,2.95977,2.95977,0,0.554548,4.6872,4.08288e+06,2.79405e+06,1.20844e+07,0,359863,0,0,62.338,61.3098,2.41612,0,1,1.3561,1.3561,0,1.04751,1.90512,8.48506e+06,3.73462e+06,1.15066e+07,0,340512,0,0
49.674,85.1408,1.36681,0.04,0.02,2.96037,2.96037,0,0.55466,4.6872,4.08288e+06,2.79405e+06,1.20868e+07,0,359936,0,0,62.3355,61.3098,2.29252,0,1,1.35638,1.35638,0,1.04772,1.90512,8.48506e+06,3.73462e+06,1.15089e+07,0,340581,0,0
48.3171,85.1408,1.23412,0.11,0.02,2.75647,2.93445,0,0.554773,4.6872,4.08288e+06,2.79405e+06,1.12543e+07,0,356784,0,0,61.8997,61.3098,1.90597,0,1,1.57287,1.3949,0,1.04794,1.90512,8.48506e+06,3.73462e+06,1.33459e+07,0,350253,0,0
46.8296,85.1408,1.106,0.09,0.02,2.79558,2.93504,0,0.516563,4.6872,4.08288e+06,2.79405e+06,1.1414e+07,0,356856,0,0,61.5157,61.3098,1.65686,0,1,1.53463,1.39518,0,1.2152,1.90512,8.48506e+06,3.73462e+06,1.30215e+07,0,350324,0,0
45.2747,85.1408,1.01327,0.08,0.02,2.79646,2.93563,0,0.523892,4.6872,4.08288e+06,2.79405e+06,1.14176e+07,0,356928,0,0,60.9804,61.3098,1.65378,0,1,1.53463,1.39546,0,1.18566,1.90512,8.48506e+06,3.73462e+06,1.30215e+07,0,350395,0,0
43.6582,85.1408,0.916265,0.08,0.02,2.79734,2.93623,0,0.524057,4.6872,4.08288e+06,2.79405e+06,1.14212e+07,0,357001,0,0,60.4064,61.3098,1.47296,0,1,1.53463,1.39574,0,1.18566,1.90512,8.48506e+06,3.73462e+06,1.30215e+07,0,350465,0,0
41.9961,85.1408,0.86417,0.1,0.02,2.86675,3.00536,0,0.524221,4.6872,4.08288e+06,2.79405e+06,1.17046e+07,0,365406,0,0,59.6666,61.3098,1.44387,0,1,1.56875,1.43014,0,1.18566,1.90512,8.48506e+06,3.73462e+06,1.33109e+07,0,359102,0,0
40.1991,85.1408,0.753401,0.17,0.02,2.90176,3.00597,0,0.537229,4.6872,4.08288e+06,2.79405e+06,1.18475e+07,0,365480,0,0,58.8082,61.3098,1.3646,0,1,1.53464,1.43043,0,1.21201,1.90512,8.48506e+06,3.73462e+06,1.30215e+07,0,359175,0,0
38.3505,85.1408,0.698515,0.14,0.02,2.90265,3.00658,0,0.543789,4.6872,4.08288e+06,2.79405e+06,1.18512e+07,0,365554,0,0,58.0749,61.3098,1.21702,0,1,1.53464,1.43072,0,1.18566,1.90512,8.48506e+06,3.73462e+06,1.30215e+07,0,359247,0,0
36.5202,85.1408,0.710205,0.13,0.02,2.90355,3.00718,0,0.543957,4.6872,4.08288e+06,2.79405e+06,1.18548e+07,0,365628,0,0,57.4429,61.3098,1.37271,0,1,1.53464,1.43101,0,1.18566,1.90512,8.48506e+06,3.73462e+06,1.30215e+07,0,359320,0,0
34.5238,85.1408,0.737926,0.14,0.02,3.10533,3.20867,0,0.544125,4.6872,4.08288e+06,2.79405e+06,1.26787e+07,0,390126,0,0,56.5702,61.3098,1.44599,0,1,1.65787,1.55452,0,1.18566,1.90512,8.48506e+06,3.73462e+06,1.40671e+07,0,390335,0,0
32.3842,85.1408,0.700378,0.15,0.02,3.20932,3.20932,0,0.581938,4.6872,4.08288e+06,2.79405e+06,1.31033e+07,0,390205,0,0,55.8585,61.3098,1.25317,0,1,1.55484,1.55484,0,1.28087,1.90512,8.48506e+06,3.73462e+06,1.31929e+07,0,390414,0,0
30.2971,85.1408,0.756121,0.21,0.02,3.20997,3.20997,0,0.601427,4.6872,4.08288e+06,2.79405e+06,1.31059e+07,0,390284,0,0,55.0153,61.3098,1.42118,0,1,1.55515,1.55515,0,1.20127,1.90512,8.48506e+06,3.73462e+06,1.31956e+07,0,390493,0,0
28.0726,85.1408,0.627048,0.19,0.02,3.21062,3.21062,0,0.601548,4.6872,4.08288e+06,2.79405e+06,1.31086e+07,0,390363,0,0,54.4899,61.3098,1.13342,0,1,1.55547,1.55547,0,1.20151,1.90512,8.48506e+06,3.73462e+06,1.31982e+07,0,390572,0,0
25.9536,85.1408,0.721717,0.18,0.02,3.21127,3.21127,0,0.60167,4.6872,4.08288e+06,2.79405e+06,1.31112e+07,0,390441,0,0,53.8075,61.3098,1.71228,0,1,1.55578,1.55578,0,1.20175,1.90512,8.48506e+06,3.73462e+06,1.32009e+07,0,390651,0,0
23.7887,85.1408,0.575738,0.17,0.02,3.11392,3.11392,0,0.601792,4.6872,4.08288e+06,2.79405e+06,1.27138e+07,0,378605,0,0,53.4066,61.3098,1.21508,0,1,1.48123,1.48123,0,1.202,1.90512,8.48506e+06,3.73462e+06,1.25683e+07,0,371930,0,0
22.1893,85.1408,1.10405,0.23,0.02,3.06142,3.11455,0,0.583548,4.6872,4.08288e+06,2.79405e+06,1.24994e+07,0,378682,0,0,52.7716,61.3098,2.06102,0,1,1.53465,1.48153,0,1.1444,1.90512,8.48506e+06,3.73462e+06,1.30216e+07,0,372005,0,0
20.0275,85.1408,0.529263,0.23,0.02,3.06235,3.11518,0,0.573711,4.6872,4.08288e+06,2.79405e+06,1.25032e+07,0,378758,0,0,51.8608,61.3098,1.14499,0,1,1.53465,1.48183,0,1.18567,1.90512,8.48506e+06,3.73462e+06,1.30216e+07,0,372080,0,0
17.9281,85.1408,0.576104,0.23,0.02,3.06328,3.11581,0,0.573885,4.6872,4.08288e+06,2.79405e+06,1.2507e+07,0,378835,0,0,51.4766,61.3098,1.152,0,1,1.53465,1.48213,0,1.18567,1.90512,8.48506e+06,3.73462e+06,1.30216e+07,0,372156,0,0
16.8328,85.1408,1.5857,0.21,0.02,2.98371,3.03593,0,0.574059,4.6872,4.08288e+06,2.79405e+06,1.21821e+07,0,369123,0,0,51.378,61.3098,2.69476,0,1,1.46645,1.41422,0,1.18567,1.90512,8.48506e+06,3.73462e+06,1.24429e+07,0,355105,0,0
15.9364,85.1408,1.69631,0.27,0.02,2.91641,3.03655,0,0.559147,4.6872,4.08288e+06,2.79405e+06,1.19074e+07,0,369198,0,0,50.7249,61.3098,1.60112,0,1,1.53464,1.41451,0,1.13298,1.90512,8.48506e+06,3.73462e+06,1.30215e+07,0,355176,0,0
14.7571,85.1408,1.4099,0.24,0.02,2.91731,3.03716,0,0.546536,4.6872,4.08288e+06,2.79405e+06,1.1911e+07,0,369273,0,0,50.3403,61.3098,1.1576,0,1,1.53464,1.41479,0,1.18566,1.90512,8.48506e+06,3.73462e+06,1.30215e+07,0,355248,0,0
14.4223,85.1408,2.12605,0.24,0.02,2.91821,3.03777,0,0.546705,4.6872,4.08288e+06,2.79405e+06,1.19147e+07,0,369347,0,0,50.3977,61.3098,3.20048,0,1,1.53464,1.41508,0,1.18566,1.90512,8.48506e+06,3.73462e+06,1.30215e+07,0,355320,0,0
17.2912,85.1408,5.16856,0.25,0.02,2.69029,2.80956,0,0.546873,4.6872,4.08288e+06,2.79405e+06,1.09841e+07,0,341600,0,0,51.5286,61.3098,5.53666,0,1,1.39247,1.27319,0,1.18566,1.90512,8.48506e+06,3.73462e+06,1.18152e+07,0,319694,0,0
17.7772,85.1408,2.80769,0.19,0.02,2.54897,2.81013,0,0.50416,4.6872,4.08288e+06,2.79405e+06,1.04072e+07,0,341669,0,0,52.1248,61.3098,3.23986,0,1,1.53461,1.27345,0,1.07582,1.90512,8.48506e+06,3.73462e+06,1.30212e+07,0,319759,0,0
17.1816,85.1408,1.67636,0.22,0.02,2.5498,2.8107,0,0.477678,4.6872,4.08288e+06,2.79405e+06,1.04105e+07,0,341738,0,0,52.2212,61.3098,2.23382,0,1,1.53461,1.27371,0,1.18564,1.90512,8.48506e+06,3.73462e+06,1.30212e+07,0,319823,0,0
18.6404,85.1408,3.91129,0.21,0.02,2.55063,2.81127,0,0.477832,4.6872,4.08288e+06,2.79405e+06,1.04139e+07,0,341808,0,0,54.1881,61.3098,7.1926,0,1,1.53461,1.27397,0,1.18564,1.90512,8.48506e+06,3.73462e+06,1.30212e+07,0,319888,0,0
19.7666,85.1408,3.50612,0.24,0.02,2.55145,2.81184,0,0.477987,4.6872,4.08288e+06,2.79405e+06,1.04173e+07,0,341877,0,0,54.7608,61.3098,3.80488,0,1,1.53461,1.27422,0,1.18564,1.90512,8.48506e+06,3.73462e+06,1.30212e+07,0,319953,0,0
21.7441,85.1408,4.39274,0.24,0.02,2.55171,2.81184,0,0.478142,4.6872,4.08288e+06,2.79405e+06,1.04183e+07,0,341877,0,0,55.4362,61.3098,4.09003,0,1,1.53435,1.27422,0,1.18564,1.90512,8.48506e+06,3.73462e+06,1.30191e+07,0,319953,0,0
24.3751,85.1408,5.31385,0.24,0.02,2.64037,2.9005,0,0.47819,4.6872,4.08288e+06,2.79405e+06,1.07803e+07,0,352657,0,0,56.5573,61.3098,5.09861,0,1,1.57581,1.31569,0,1.18544,1.90512,8.48506e+06,3.73462e+06,1.33709e+07,0,330363,0,0
27.3223,85.1408,5.69862,0.28,0.02,2.68239,2.90106,0,0.494805,4.6872,4.08288e+06,2.79405e+06,1.09519e+07,0,352725,0,0,57.6463,61.3098,5.03947,0,1,1.53461,1.31594,0,1.21747,1.90512,8.48506e+06,3.73462e+06,1.30212e+07,0,330427,0,0
30.2076,85.1408,5.64413,0.21,0.02,2.68321,2.90162,0,0.502681,4.6872,4.08288e+06,2.79405e+06,1.09552e+07,0,352793,0,0,58.808,61.3098,5.11981,0,1,1.53461,1.3162,0,1.18564,1.90512,8.48506e+06,3.73462e+06,1.30212e+07,0,330491,0,0
32.7982,85.1408,5.28538,0.23,0.02,2.68403,2.90218,0,0.502834,4.6872,4.08288e+06,2.79405e+06,1.09586e+07,0,352862,0,0,60.0549,61.3098,5.51411,0,1,1.53461,1.31645,0,1.18564,1.90512,8.48506e+06,3.73462e+06,1.30212e+07,0,330555,0,0
36.0253,85.1408,6.31969,0.24,0.02,2.96797,3.18587,0,0.502987,4.6872,4.08288e+06,2.79405e+06,1.21179e+07,0,387354,0,0,61.1106,61.3098,5.51918,0,1,1.68942,1.47152,0,1.18564,1.90512,8.48506e+06,3.73462e+06,1.43349e+07,0,369493,0,0
38.1463,85.1408,5.34087,0.17,0.02,3.12366,3.18649,0,0.556198,4.6872,4.08288e+06,2.79405e+06,1.27535e+07,0,387429,0,0,62.1236,61.3098,5.18702,0,1,1.53464,1.47181,0,1.30525,1.90512,8.48506e+06,3.73462e+06,1.30215e+07,0,369565,0,0
40.8813,85.1408,5.95152,0.17,0.02,3.12456,3.18711,0,0.585374,4.6872,4.08288e+06,2.79405e+06,1.27572e+07,0,387504,0,0,62.338,61.3098,5.06007,0,1,1.53464,1.47209,0,1.18566,1.90512,8.48506e+06,3.73462e+06,1.30215e+07,0,369636,0,0
42.2975,85.1408,4.67595,0.17,0.02,3.12547,3.18773,0,0.585543,4.6872,4.08288e+06,2.79405e+06,1.27609e+07,0,387579,0,0,62.338,61.3098,4.53174,0,1,1.53464,1.47238,0,1.18566,1.90512,8.48506e+06,3.73462e+06,1.30215e+07,0,369708,0,0
43.0571,85.1408,3.46069,0.17,0.02,2.72223,2.7842,0,0.585712,4.6872,4.08288e+06,2.79405e+06,1.11145e+07,0,338516,0,0,62.338,61.3098,3.15808,0,1,1.32671,1.26474,0,1.18566,1.90512,8.48506e+06,3.73462e+06,1.12572e+07,0,317570,0,0
45.012,85.1408,4.60831,0.14,0.02,2.51512,2.78474,0,0.510145,4.6872,4.08288e+06,2.79405e+06,1.02689e+07,0,338582,0,0,62.338,61.3098,4.19415,0,1,1.5346,1.26498,0,1.02502,1.90512,8.48506e+06,3.73462e+06,1.30211e+07,0,317632,0,0
46.6217,85.1408,4.36676,0.15,0.02,2.51591,2.78528,0,0.471334,4.6872,4.08288e+06,2.79405e+06,1.02722e+07,0,338648,0,0,62.338,61.3098,3.31529,0,1,1.5346,1.26523,0,1.18563,1.90512,8.48506e+06,3.73462e+06,1.30211e+07,0,317693,0,0
47.3953,85.1408,3.46251,0.15,0.02,2.51669,2.78582,0,0.471481,4.6872,4.08288e+06,2.79405e+06,1.02754e+07,0,338713,0,0,62.338,61.3098,2.72907,0,1,1.5346,1.26547,0,1.18563,1.90512,8.48506e+06,3.73462e+06,1.30211e+07,0,317755,0,0
48.9865,85.1408,4.37797,0.16,0.02,2.51748,2.78636,0,0.471628,4.6872,4.08288e+06,2.79405e+06,1.02786e+07,0,338779,0,0,62.338,61.3098,3.07892,0,1,1.5346,1.26572,0,1.18563,1.90512,8.48506e+06,3.73462e+06,1.30211e+07,0,317816,0,0
53.0822,85.1408,7.0603,0.16,0.02,2.62009,2.88872,0,0.471775,4.6872,4.08288e+06,2.79405e+06,1.06975e+07,0,351225,0,0,62.338,61.3098,5.74636,0,1,1.58551,1.31688,0,1.18563,1.90512,8.48506e+06,3.73462e+06,1.34532e+07,0,330663,0,0
55.0855,85.1408,4.99547,0.09,0.02,2.67181,2.88928,0,0.491005,4.6872,4.08288e+06,2.79405e+06,1.09087e+07,0,351293,0,0,62.338,61.3098,3.80082,0,1,1.53461,1.31713,0,1.22497,1.90512,8.48506e+06,3.73462e+06,1.30212e+07,0,330727,0,0
56.4533,85.1408,4.35126,0.09,0.02,2.67262,2.88984,0,0.500697,4.6872,4.08288e+06,2.79405e+06,1.0912e+07,0,351361,0,0,62.338,61.3098,3.15938,0,1,1.53461,1.31739,0,1.18564,1.90512,8.48506e+06,3.73462e+06,1.30212e+07,0,330791,0,0
57.6603,85.1408,4.09742,0.09,0.02,2.67344,2.8904,0,0.50085,4.6872,4.08288e+06,2.79405e+06,1.09153e+07,0,351429,0,0,62.338,61.3098,3.75299,0,1,1.53461,1.31764,0,1.18564,1.90512,8.48506e+06,3.73462e+06,1.30212e+07,0,330855,0,0
58.7446,85.1408,3.9374,0.09,0.02,2.63441,2.85112,0,0.501002,4.6872,4.08288e+06,2.79405e+06,1.0756e+07,0,346653,0,0,62.338,61.3098,3.79176,0,1,1.51482,1.29811,0,1.18564,1.90512,8.48506e+06,3.73462e+06,1.28533e+07,0,325949,0,0
59.3336,85.1408,3.41052,0.09,0.02,2.61543,2.85167,0,0.493688,4.6872,4.08288e+06,2.79405e+06,1.06785e+07,0,346720,0,0,62.338,61.3098,3.48354,0,1,1.5346,1.29836,0,1.17035,1.90512,8.48506e+06,3.73462e+06,1.30212e+07,0,326013,0,0
59.5721,85.1408,3.03476,0.08,0.02,2.61623,2.85222,0,0.490131,4.6872,4.08288e+06,2.79405e+06,1.06818e+07,0,346787,0,0,62.338,61.3098,3.05654,0,1,1.5346,1.29861,0,1.18563,1.90512,8.48506e+06,3.73462e+06,1.30212e+07,0,326076,0,0
59.5981,85.1408,2.79858,0.06,0.02,2.61703,2.85277,0,0.490281,4.6872,4.08288e+06,2.79405e+06,1.0685e+07,0,346854,0,0,62.338,61.3098,2.84607,0,1,1.5346,1.29886,0,1.18563,1.90512,8.48506e+06,3.73462e+06,1.30212e+07,0,326139,0,0
59.4926,85.1408,2.75731,0.06,0.02,2.75319,2.98868,0,0.490432,4.6872,4.08288e+06,2.79405e+06,1.12409e+07,0,363378,0,0,62.338,61.3098,2.91344,0,1,1.60484,1.36935,0,1.18563,1.90512,8.48506e+06,3.73462e+06,1.36172e+07,0,343838,0,0
59.174,85.1408,2.53611,0.06,0.02,2.82426,2.98926,0,0.515948,4.6872,4.08288e+06,2.79405e+06,1.15311e+07,0,363449,0,0,62.338,61.3098,2.93702,0,1,1.53462,1.36962,0,1.2399,1.90512,8.48506e+06,3.73462e+06,1.30213e+07,0,343905,0,0
58.6598,85.1408,2.45884,0.05,0.02,2.98984,2.98984,0,0.529266,4.6872,4.08288e+06,2.79405e+06,1.22072e+07,0,363519,0,0,62.338,61.3098,2.97495,0,1,1.36988,1.36988,0,1.18565,1.90512,8.48506e+06,3.73462e+06,1.16235e+07,0,343971,0,0
58.0333,85.1408,2.33124,0.04,0.02,2.99042,2.99042,0,0.560296,4.6872,4.08288e+06,2.79405e+06,1.22095e+07,0,363589,0,0,62.338,61.3098,2.86315,0,1,1.37015,1.37015,0,1.05837,1.90512,8.48506e+06,3.73462e+06,1.16258e+07,0,344038,0,0
57.7047,85.1408,2.60728,0.04,0.02,2.991,2.991,0,0.560404,4.6872,4.08288e+06,2.79405e+06,1.22119e+07,0,363660,0,0,62.338,61.3098,2.53132,0,1,1.37041,1.37041,0,1.05857,1.90512,8.48506e+06,3.73462e+06,1.1628e+07,0,344105,0,0
57.7724,85.1408,2.97194,0.03,0.02,2.96478,2.96478,0,0.560513,4.6872,4.08288e+06,2.79405e+06,1.21048e+07,0,360472,0,0,62.338,61.3098,2.19707,0,1,1.40932,1.40932,0,1.05878,1.90512,8.48506e+06,3.73462e+06,1.19581e+07,0,353874,0,0
57.5874,85.1408,2.71698,0.03,0.02,2.96536,2.96536,0,0.5556,4.6872,4.08288e+06,2.79405e+06,1.21072e+07,0,360542,0,0,62.338,61.3098,2.20825,0,1,1.40959,1.40959,0,1.08884,1.90512,8.48506e+06,3.73462e+06,1.19605e+07,0,353942,0,0
57.151,85.1408,2.45257,0.02,0.02,2.96593,2.96593,0,0.555708,4.6872,4.08288e+06,2.79405e+06,1.21095e+07,0,360612,0,0,62.3316,61.3098,1.96918,0,1,1.40986,1.40986,0,1.08905,1.90512,8.48506e+06,3.73462e+06,1.19628e+07,0,354011,0,0
56.6367,85.1408,2.33757,0.04,0.02,2.9665,2.9665,0,0.555815,4.6872,4.08288e+06,2.79405e+06,1.21119e+07,0,360682,0,0,62.2774,61.3098,1.91618,0,1,1.41014,1.41014,0,1.08926,1.90512,8.48506e+06,3.73462e+06,1.19651e+07,0,354079,0,0
56.4505,85.1408,2.71064,0.04,0.02,3.03632,3.03632,0,0.555923,4.6872,4.08288e+06,2.79405e+06,1.23969e+07,0,369171,0,0,62.1412,61.3098,1.99334,0,1,1.44487,1.44487,0,1.08947,1.90512,8.48506e+06,3.73462e+06,1.22598e+07,0,362802,0,0
56.0984,85.1408,2.53615,0.04,0.02,3.03691,3.03691,0,0.569007,4.6872,4.08288e+06,2.79405e+06,1.23993e+07,0,369242,0,0,62.0284,61.3098,1.82928,0,1,1.44515,1.44515,0,1.11631,1.90512,8.48506e+06,3.73462e+06,1.22622e+07,0,362872,0,0
55.718,85.1408,2.49446,0.05,0.02,3.0375,3.0375,0,0.569117,4.6872,4.08288e+06,2.79405e+06,1.24017e+07,0,369314,0,0,61.966,61.3098,1.96147,0,1,1.44543,1.44543,0,1.11652,1.90512,8.48506e+06,3.73462e+06,1.22646e+07,0,362942,0,0
55.6116,85.1408,2.6858,0.06,0.02,2.94917,3.03809,0,0.569227,4.6872,4.08288e+06,2.79405e+06,1.20411e+07,0,369385,0,0,61.6947,61.3098,2.13441,0,1,1.53463,1.44571,0,1.11674,1.90512,8.48506e+06,3.73462e+06,1.30214e+07,0,363012,0,0
54.7813,85.1408,2.10539,0.06,0.02,3.15297,3.24161,0,0.552674,4.6872,4.08288e+06,2.79405e+06,1.28732e+07,0,394131,0,0,60.8888,61.3098,1.60969,0,1,1.65913,1.57049,0,1.18566,1.90512,8.48506e+06,3.73462e+06,1.40778e+07,0,394342,0,0
53.4293,85.1408,1.62746,0.06,0.02,3.24224,3.24224,0,0.590867,4.6872,4.08288e+06,2.79405e+06,1.32377e+07,0,394207,0,0,60.0347,61.3098,1.25265,0,1,1.57079,1.57079,0,1.28184,1.90512,8.48506e+06,3.73462e+06,1.33282e+07,0,394419,0,0
52.1293,85.1408,1.65369,0.06,0.02,3.24287,3.24287,0,0.607596,4.6872,4.08288e+06,2.79405e+06,1.32402e+07,0,394284,0,0,59.3294,61.3098,1.201,0,1,1.57109,1.57109,0,1.21359,1.90512,8.48506e+06,3.73462e+06,1.33308e+07,0,394495,0,0
51.6204,85.1408,2.44959,0.06,0.02,3.2435,3.2435,0,0.607714,4.6872,4.08288e+06,2.79405e+06,1.32428e+07,0,394360,0,0,58.6928,61.3098,1.43864,0,1,1.5714,1.5714,0,1.21383,1.90512,8.48506e+06,3.73462e+06,1.33334e+07,0,394571,0,0
51.8419,85.1408,3.25079,0.07,0.02,3.24412,3.24412,0,0.607831,4.6872,4.08288e+06,2.79405e+06,1.32454e+07,0,394436,0,0,58.4048,61.3098,1.61218,0,1,1.5717,1.5717,0,1.21406,1.90512,8.48506e+06,3.73462e+06,1.3336e+07,0,394648,0,0
51.8398,85.1408,3.00364,0.07,0.02,3.14575,3.14575,0,0.607949,4.6872,4.08288e+06,2.79405e+06,1.28437e+07,0,382476,0,0,58.6978,61.3098,2.15493,0,1,1.49637,1.49637,0,1.2143,1.90512,8.48506e+06,3.73462e+06,1.26968e+07,0,375732,0,0
52.4586,85.1408,3.60869,0.07,0.02,3.10838,3.14636,0,0.589514,4.6872,4.08288e+06,2.79405e+06,1.26911e+07,0,382550,0,0,59.1154,61.3098,2.54827,0,1,1.53464,1.49666,0,1.1561,1.90512,8.48506e+06,3.73462e+06,1.30215e+07,0,375805,0,0
52.9644,85.1408,3.51911,0.07,0.02,3.10928,3.14697,0,0.58251,4.6872,4.08288e+06,2.79405e+06,1.26948e+07,0,382624,0,0,59.2552,61.3098,2.19541,0,1,1.53464,1.49695,0,1.18566,1.90512,8.48506e+06,3.73462e+06,1.30215e+07,0,375878,0,0
52.9736,85.1408,3.07533,0.08,0.02,3.11017,3.14758,0,0.582678,4.6872,4.08288e+06,2.79405e+06,1.26985e+07,0,382698,0,0,59.5542,61.3098,2.17067,0,1,1.53464,1.49724,0,1.18566,1.90512,8.48506e+06,3.73462e+06,1.30215e+07,0,375950,0,0
51.8622,85.1408,1.93315,0.07,0.02,3.02975,3.06686,0,0.582847,4.6872,4.08288e+06,2.79405e+06,1.23701e+07,0,372884,0,0,59.1697,61.3098,2.11485,0,1,1.46574,1.42863,0,1.18566,1.90512,8.48506e+06,3.73462e+06,1.24369e+07,0,358722,0,0
50.3234,85.1408,1.40022,0.07,0.02,2.96173,3.06746,0,0.567775,4.6872,4.08288e+06,2.79405e+06,1.20924e+07,0,372956,0,0,58.9462,61.3098,1.23823,0,1,1.53463,1.4289,0,1.13243,1.90512,8.48506e+06,3.73462e+06,1.30214e+07,0,358792,0,0
50.294,85.1408,2.9497,0.08,0.02,2.9626,3.06805,0,0.555028,4.6872,4.08288e+06,2.79405e+06,1.20959e+07,0,373028,0,0,59.2753,61.3098,2.69576,0,1,1.53463,1.42918,0,1.18565,1.90512,8.48506e+06,3.73462e+06,1.30214e+07,0,358861,0,0
53.1353,85.1408,6.01921,0.08,0.02,2.96347,3.06864,0,0.555191,4.6872,4.08288e+06,2.79405e+06,1.20995e+07,0,373100,0,0,60.5937,61.3098,5.62435,0,1,1.53463,1.42946,0,1.18565,1.90512,8.48506e+06,3.73462e+06,1.30214e+07,0,358931,0,0
55.478,85.1408,5.25724,0.06,0.02,2.73319,2.83809,0,0.555354,4.6872,4.08288e+06,2.79405e+06,1.11593e+07,0,345068,0,0,61.4139,61.3098,3.89034,0,1,1.39102,1.28612,0,1.18565,1.90512,8.48506e+06,3.73462e+06,1.18029e+07,0,322940,0,0
57.1698,85.1408,4.46831,0.06,0.02,2.59041,2.83864,0,0.5122,4.6872,4.08288e+06,2.79405e+06,1.05763e+07,0,345135,0,0,61.3894,61.3098,2.61125,0,1,1.5346,1.28637,0,1.0747,1.90512,8.48506e+06,3.73462e+06,1.30212e+07,0,323002,0,0
57.835,85.1408,3.40028,0.06,0.02,2.5912,2.83919,0,0.485442,4.6872,4.08288e+06,2.79405e+06,1.05796e+07,0,345202,0,0,61.3482,61.3098,1.74037,0,1,1.5346,1.28662,0,1.18563,1.90512,8.48506e+06,3.73462e+06,1.30212e+07,0,323065,0,0
60.6268,85.1408,5.64124,0.07,0.02,2.592,2.83973,0,0.485591,4.6872,4.08288e+06,2.79405e+06,1.05828e+07,0,345269,0,0,61.7776,61.3098,2.8337,0,1,1.5346,1.28687,0,1.18563,1.90512,8.48506e+06,3.73462e+06,1.30212e+07,0,323127,0,0
63.0631,85.1408,5.61439,0.04,0.02,2.84028,2.84028,0,0.485741,4.6872,4.08288e+06,2.79405e+06,1.15965e+07,0,345335,0,0,62.338,61.3098,3.09479,0,1,1.28712,1.28712,0,1.18563,1.90512,8.48506e+06,3.73462e+06,1.09213e+07,0,323190,0,0
69.2077,85.1408,9.63896,0.04,0.04,2.92982,2.92982,0,0.532269,4.6872,4.08288e+06,2.79405e+06,1.19621e+07,0,356221,0,0,62.338,61.3098,6.33606,0,1,1.32899,1.32899,0,0.994426,1.90512,8.48506e+06,3.73462e+06,1.12765e+07,0,333703,0,0
75.0627,85.1408,9.30741,0,0.04,2.93036,2.93036,0,0.549048,4.6872,4.08288e+06,2.79405e+06,1.19643e+07,0,356287,0,0,62.338,61.3098,4.93709,0,1,1.32923,1.32923,0,1.02677,1.90512,8.48506e+06,3.73462e+06,1.12786e+07,0,333765,0,0
78.9885,85.1408,7.30675,0,0.04,2.9309,2.9309,0,0.549149,4.6872,4.08288e+06,2.79405e+06,1.19665e+07,0,356353,0,0,62.338,61.3098,4.06656,0,1,1.32948,1.32948,0,1.02696,1.90512,8.48506e+06,3.73462e+06,1.12807e+07,0,333826,0,0
82.4458,85.1408,6.81232,0,0.04,2.93144,2.93144,0,0.549251,4.6872,4.08288e+06,2.79405e+06,1.19687e+07,0,356419,0,0,62.338,61.3098,4.05206,0,1,1.32972,1.32972,0,1.02715,1.90512,8.48506e+06,3.73462e+06,1.12828e+07,0,333888,0,0
85.1408,85.1408,9.18641,0,0.04,3.21797,3.21797,0,0.549353,4.6872,4.08288e+06,2.79405e+06,1.31386e+07,0,391256,0,0,62.338,61.3098,5.46287,0,1,1.48635,1.48635,0,1.02734,1.90512,8.48506e+06,3.73462e+06,1.26117e+07,0,373215,0,0
85.1408,85.1408,6.16189,0,0.04,3.21856,3.21856,0,0.603047,4.6872,4.08288e+06,2.79405e+06,1.3141e+07,0,391328,0,0,62.338,61.3098,5.02368,0,1,1.48662,1.48662,0,1.14835,1.90512,8.48506e+06,3.73462e+06,1.26141e+07,0,373284,0,0
85.1408,85.1408,7.09294,0,0.04,3.21916,3.21916,0,0.603159,4.6872,4.08288e+06,2.79405e+06,1.31434e+07,0,391401,0,0,62.338,61.3098,5.56593,0,1,1.4869,1.4869,0,1.14856,1.90512,8.48506e+06,3.73462e+06,1.26164e+07,0,373354,0,0
85.1408,85.1408,7.47103,0,0.04,3.21975,3.21975,0,0.60327,4.6872,4.08288e+06,2.79405e+06,1.31459e+07,0,391473,0,0,62.338,61.3098,5.76828,0,1,1.48717,1.48717,0,1.14878,1.90512,8.48506e+06,3.73462e+06,1.26187e+07,0,373423,0,0
85.1408,85.1408,5.91938,0,0.04,2.81215,2.81215,0,0.603382,4.6872,4.08288e+06,2.79405e+06,1.14817e+07,0,341915,0,0,62.338,61.3098,5.34651,0,1,1.27743,1.27743,0,1.14899,1.90512,8.48506e+06,3.73462e+06,1.08391e+07,0,320758,0,0
85.1408,85.1408,6.16681,0,0.04,2.81267,2.81267,0,0.526997,4.6872,4.08288e+06,2.79405e+06,1.14838e+07,0,341978,0,0,62.338,61.3098,4.82535,0,1,1.27767,1.27767,0,0.986945,1.90512,8.48506e+06,3.73462e+06,1.08411e+07,0,320818,0,0
85.1408,85.1408,5.45487,0,0.04,2.81319,2.81319,0,0.527095,4.6872,4.08288e+06,2.79405e+06,1.14859e+07,0,342041,0,0,62.338,61.3098,4.5058,0,1,1.27791,1.27791,0,0.987127,1.90512,8.48506e+06,3.73462e+06,1.08431e+07,0,320877,0,0
85.1408,85.1408,4.22822,0,0.04,2.81371,2.81371,0,0.527192,4.6872,4.08288e+06,2.79405e+06,1.14881e+07,0,342105,0,0,62.338,61.3098,4.73102,0,1,1.27814,1.27814,0,0.98731,1.90512,8.48506e+06,3.73462e+06,1.08451e+07,0,320936,0,0
85.1408,85.1408,5.88596,0,0.04,2.81423,2.81423,0,0.52729,4.6872,4.08288e+06,2.79405e+06,1.14902e+07,0,342168,0,0,62.338,61.3098,5.12627,0,1,1.27838,1.27838,0,0.987493,1.90512,8.48506e+06,3.73462e+06,1.08471e+07,0,320996,0,0
85.1408,85.1408,6.52187,0,0.04,2.9176,2.9176,0,0.527387,4.6872,4.08288e+06,2.79405e+06,1.19122e+07,0,354736,0,0,62.338,61.3098,5.21168,0,1,1.33004,1.33004,0,0.987676,1.90512,8.48506e+06,3.73462e+06,1.12855e+07,0,333968,0,0
85.1408,85.1408,7.77211,0,0.04,2.91814,2.91814,0,0.546758,4.6872,4.08288e+06,2.79405e+06,1.19144e+07,0,354801,0,0,62.338,61.3098,6.69121,0,1,1.33029,1.33029,0,1.02759,1.90512,8.48506e+06,3.73462e+06,1.12876e+07,0,334030,0,0
85.1408,85.1408,5.47277,0,0.04,2.91868,2.91868,0,0.546859,4.6872,4.08288e+06,2.79405e+06,1.19166e+07,0,354867,0,0,62.338,61.3098,4.03001,0,1,1.33053,1.33053,0,1.02778,1.90512,8.48506e+06,3.73462e+06,1.12896e+07,0,334091,0,0
85.1408,85.1408,4.98655,0,0.04,2.91922,2.91922,0,0.54696,4.6872,4.08288e+06,2.79405e+06,1.19188e+07,0,354933,0,0,62.338,61.3098,4.23242,0,1,1.33078,1.33078,0,1.02797,1.90512,8.48506e+06,3.73462e+06,1.12917e+07,0,334153,0,0
85.1408,85.1408,5.7676,0,0.04,2.87952,2.87952,0,0.547062,4.6872,4.08288e+06,2.79405e+06,1.17567e+07,0,350106,0,0,62.338,61.3098,4.5112,0,1,1.31104,1.31104,0,1.02816,1.90512,8.48506e+06,3.73462e+06,1.11242e+07,0,329196,0,0
85.1408,85.1408,4.99397,0,0.04,2.88005,2.88005,0,0.539622,4.6872,4.08288e+06,2.79405e+06,1.17589e+07,0,350171,0,0,62.338,61.3098,4.13221,0,1,1.31128,1.31128,0,1.01291,1.90512,8.48506e+06,3.73462e+06,1.11263e+07,0,329257,0,0
85.1408,85.1408,4.44627,0,0.04,2.88058,2.88058,0,0.539722,4.6872,4.08288e+06,2.79405e+06,1.17611e+07,0,350235,0,0,62.338,61.3098,3.62214,0,1,1.31152,1.31152,0,1.0131,1.90512,8.48506e+06,3.73462e+06,1.11283e+07,0,329318,0,0
85.1408,85.1408,4.09952,0,0.04,2.88112,2.88112,0,0.539821,4.6872,4.08288e+06,2.79405e+06,1.17633e+07,0,350300,0,0,62.338,61.3098,3.37713,0,1,1.31177,1.31177,0,1.01328,1.90512,8.48506e+06,3.73462e+06,1.11304e+07,0,329379,0,0
85.1408,85.1408,4.05772,0,0.04,3.01835,3.01835,0,0.539921,4.6872,4.08288e+06,2.79405e+06,1.23235e+07,0,366985,0,0,62.338,61.3098,3.30795,0,1,1.38294,1.38294,0,1.01347,1.90512,8.48506e+06,3.73462e+06,1.17343e+07,0,347251,0,0
85.1408,85.1408,4.18263,0,0.04,3.01891,3.01891,0,0.565638,4.6872,4.08288e+06,2.79405e+06,1.23258e+07,0,367053,0,0,62.338,61.3098,3.07088,0,1,1.3832,1.3832,0,1.06846,1.90512,8.48506e+06,3.73462e+06,1.17365e+07,0,347315,0,0
85.1408,85.1408,3.66934,0,0.04,3.01946,3.01946,0,0.565743,4.6872,4.08288e+06,2.79405e+06,1.23281e+07,0,367121,0,0,62.338,61.3098,2.8625,0,1,1.38345,1.38345,0,1.06866,1.90512,8.48506e+06,3.73462e+06,1.17387e+07,0,347380,0,0
85.1408,85.1408,3.46683,0,0.04,3.02002,3.02002,0,0.565848,4.6872,4.08288e+06,2.79405e+06,1.23304e+07,0,367189,0,0,62.338,61.3098,2.73167,0,1,1.38371,1.38371,0,1.06886,1.90512,8.48506e+06,3.73462e+06,1.17409e+07,0,347444,0,0
85.1408,85.1408,3.31138,0,0.04,3.02058,3.02058,0,0.565952,4.6872,4.08288e+06,2.79405e+06,1.23327e+07,0,367257,0,0,62.338,61.3098,2.85568,0,1,1.38397,1.38397,0,1.06905,1.90512,8.48506e+06,3.73462e+06,1.1743e+07,0,347508,0,0
85.1408,85.1408,3.37238,0,0.04,2.99408,2.99408,0,0.566057,4.6872,4.08288e+06,2.79405e+06,1.22245e+07,0,364035,0,0,62.338,61.3098,3.44362,0,1,1.42325,1.42325,0,1.06925,1.90512,8.48506e+06,3.73462e+06,1.20763e+07,0,357371,0,0
85.1408,85.1408,3.16778,0,0.04,2.99464,2.99464,0,0.561091,4.6872,4.08288e+06,2.79405e+06,1.22267e+07,0,364102,0,0,62.338,61.3098,3.24457,0,1,1.42351,1.42351,0,1.0996,1.90512,8.48506e+06,3.73462e+06,1.20786e+07,0,357437,0,0
84.8698,85.1408,2.89213,0,0.04,2.99519,2.99519,0,0.561195,4.6872,4.08288e+06,2.79405e+06,1.2229e+07,0,364170,0,0,62.338,61.3098,3.19349,0,1,1.42377,1.42377,0,1.0998,1.90512,8.48506e+06,3.73462e+06,1.20808e+07,0,357503,0,0
84.347,85.1408,2.62246,0,0.04,2.99574,2.99574,0,0.561299,4.6872,4.08288e+06,2.79405e+06,1.22313e+07,0,364237,0,0,62.338,61.3098,2.87106,0,1,1.42404,1.42404,0,1.10001,1.90512,8.48506e+06,3.73462e+06,1.2083e+07,0,357569,0,0
83.6971,85.1408,2.52556,0,0.04,3.06623,3.06623,0,0.561402,4.6872,4.08288e+06,2.79405e+06,1.2519e+07,0,372807,0,0,62.1592,61.3098,2.42249,0,1,1.4591,1.4591,0,1.10021,1.90512,8.48506e+06,3.73462e+06,1.23806e+07,0,366375,0,0
83.4108,85.1408,2.90695,0,0.04,3.06679,3.06679,0,0.574611,4.6872,4.08288e+06,2.79405e+06,1.25213e+07,0,372876,0,0,62.1271,61.3098,2.94276,0,1,1.45937,1.45937,0,1.1273,1.90512,8.48506e+06,3.73462e+06,1.23829e+07,0,366442,0,0
82.9074,85.1408,2.66026,0,0.04,3.06736,3.06736,0,0.574717,4.6872,4.08288e+06,2.79405e+06,1.25237e+07,0,372945,0,0,61.9877,61.3098,2.97158,0,1,1.45964,1.45964,0,1.12751,1.90512,8.48506e+06,3.73462e+06,1.23851e+07,0,366510,0,0
82.1934,85.1408,2.44042,0,0.04,3.06793,3.06793,0,0.574823,4.6872,4.08288e+06,2.79405e+06,1.2526e+07,0,373013,0,0,61.8044,61.3098,2.58272,0,1,1.45991,1.45991,0,1.12772,1.90512,8.48506e+06,3.73462e+06,1.23874e+07,0,366578,0,0
81.4372,85.1408,2.56154,0,0.04,3.27343,3.27343,0,0.57493,4.6872,4.08288e+06,2.79405e+06,1.3365e+07,0,397999,0,0,61.458,61.3098,2.46545,0,1,1.5859,1.5859,0,1.12793,1.90512,8.48506e+06,3.73462e+06,1.34564e+07,0,398212,0,0
81.1285,85.1408,3.00246,0.01,0.04,3.27403,3.27403,0,0.61344,4.6872,4.08288e+06,2.79405e+06,1.33675e+07,0,398073,0,0,61.0575,61.3098,2.45107,0,1,1.58619,1.58619,0,1.22526,1.90512,8.48506e+06,3.73462e+06,1.34589e+07,0,398286,0,0
80.468,85.1408,2.68095,0.01,0.04,3.27464,3.27464,0,0.613554,4.6872,4.08288e+06,2.79405e+06,1.337e+07,0,398146,0,0,60.6411,61.3098,2.34624,0,1,1.58648,1.58648,0,1.22549,1.90512,8.48506e+06,3.73462e+06,1.34614e+07,0,398360,0,0
79.8657,85.1408,2.71496,0.01,0.04,3.27524,3.27524,0,0.613667,4.6872,4.08288e+06,2.79405e+06,1.33724e+07,0,398220,0,0,60.2916,61.3098,2.52011,0,1,1.58678,1.58678,0,1.22572,1.90512,8.48506e+06,3.73462e+06,1.34639e+07,0,398433,0,0
79.194,85.1408,2.63453,0.01,0.04,3.27585,3.27585,0,0.613781,4.6872,4.08288e+06,2.79405e+06,1.33749e+07,0,398294,0,0,59.932,61.3098,2.87257,0,1,1.58707,1.58707,0,1.22594,1.90512,8.48506e+06,3.73462e+06,1.34664e+07,0,398507,0,0
79.6783,85.1408,3.67385,0.01,0.04,3.17649,3.17649,0,0.613894,4.6872,4.08288e+06,2.79405e+06,1.29692e+07,0,386213,0,0,59.8481,61.3098,3.20029,0,1,1.51099,1.51099,0,1.22617,1.90512,8.48506e+06,3.73462e+06,1.28208e+07,0,379403,0,0
78.2072,85.1408,1.70391,0.01,0.04,3.17707,3.17707,0,0.595274,4.6872,4.08288e+06,2.79405e+06,1.29716e+07,0,386284,0,0,59.491,61.3098,1.77005,0,1,1.51127,1.51127,0,1.16739,1.90512,8.48506e+06,3.73462e+06,1.28232e+07,0,379473,0,0
76.9553,85.1408,1.89175,0.01,0.04,3.17766,3.17766,0,0.595384,4.6872,4.08288e+06,2.79405e+06,1.2974e+07,0,386355,0,0,59.2006,61.3098,1.75507,0,1,1.51155,1.51155,0,1.16761,1.90512,8.48506e+06,3.73462e+06,1.28256e+07,0,379544,0,0
78.9619,85.1408,5.32059,0.01,0.04,3.17825,3.17825,0,0.595494,4.6872,4.08288e+06,2.79405e+06,1.29764e+07,0,386427,0,0,58.9911,61.3098,4.19673,0,1,1.51183,1.51183,0,1.16782,1.90512,8.48506e+06,3.73462e+06,1.28279e+07,0,379614,0,0
77.804,85.1408,2.11545,0.01,0.04,3.09672,3.09672,0,0.595604,4.6872,4.08288e+06,2.79405e+06,1.26435e+07,0,376514,0,0,58.7161,61.3098,1.33816,0,1,1.44254,1.44254,0,1.16804,1.90512,8.48506e+06,3.73462e+06,1.224e+07,0,362215,0,0
77.3723,85.1408,2.87282,0.01,0.04,3.09729,3.09729,0,0.580325,4.6872,4.08288e+06,2.79405e+06,1.26459e+07,0,376584,0,0,58.8016,61.3098,2.49529,0,1,1.4428,1.4428,0,1.1145,1.90512,8.48506e+06,3.73462e+06,1.22423e+07,0,362282,0,0
79.6136,85.1408,5.70712,0.01,0.04,3.09787,3.09787,0,0.580433,4.6872,4.08288e+06,2.79405e+06,1.26482e+07,0,376653,0,0,59.5533,61.3098,5.23476,0,1,1.44307,1.44307,0,1.11471,1.90512,8.48506e+06,3.73462e+06,1.22445e+07,0,362349,0,0
80.7724,85.1408,4.50744,0.01,0.04,3.09844,3.09844,0,0.58054,4.6872,4.08288e+06,2.79405e+06,1.26506e+07,0,376723,0,0,59.9822,61.3098,3.71371,0,1,1.44334,1.44334,0,1.11492,1.90512,8.48506e+06,3.73462e+06,1.22468e+07,0,362416,0,0
80.9629,85.1408,3.41868,0,0.04,2.86562,2.86562,0,0.580647,4.6872,4.08288e+06,2.79405e+06,1.17e+07,0,348416,0,0,60.3569,61.3098,3.20561,0,1,1.2986,1.2986,0,1.11512,1.90512,8.48506e+06,3.73462e+06,1.10187e+07,0,326073,0,0
81.9278,85.1408,4.33346,0,0.04,2.86615,2.86615,0,0.537017,4.6872,4.08288e+06,2.79405e+06,1.17021e+07,0,348480,0,0,60.7703,61.3098,3.34667,0,1,1.29884,1.29884,0,1.0033,1.90512,8.48506e+06,3.73462e+06,1.10207e+07,0,326133,0,0
85.0801,85.1408,6.48069,0,0.04,2.86668,2.86668,0,0.537116,4.6872,4.08288e+06,2.79405e+06,1.17043e+07,0,348545,0,0,61.4231,61.3098,4.6491,0,1,1.29908,1.29908,0,1.00348,1.90512,8.48506e+06,3.73462e+06,1.10228e+07,0,326193,0,0
85.1408,85.1408,7.95483,0,0.04,2.86721,2.86721,0,0.537216,4.6872,4.08288e+06,2.79405e+06,1.17065e+07,0,348609,0,0,62.0236,61.3098,4.45972,0,1,1.29932,1.29932,0,1.00367,1.90512,8.48506e+06,3.73462e+06,1.10248e+07,0,326253,0,0
85.1408,85.1408,11.055,0,0.04,2.86774,2.86774,0,0.537315,4.6872,4.08288e+06,2.79405e+06,1.17086e+07,0,348674,0,0,62.338,61.3098,4.61362,0,1,1.29956,1.29956,0,1.00385,1.90512,8.48506e+06,3.73462e+06,1.10268e+07,0,326314,0,0
84.048,85.1408,2.16296,0,0.06,2.95811,2.95811,0,0.537414,4.6872,4.08288e+06,2.79405e+06,1.20776e+07,0,359662,0,0,62.338,61.3098,3.6058,0,1,1.34182,1.34182,0,1.00404,1.90512,8.48506e+06,3.73462e+06,1.13854e+07,0,336926,0,0
83.034,85.1408,2.26194,0,0.06,2.95864,2.95864,0,0.55435,4.6872,4.08288e+06,2.79405e+06,1.20798e+07,0,359725,0,0,62.338,61.3098,3.15011,0,1,1.34206,1.34206,0,1.03669,1.90512,8.48506e+06,3.73462e+06,1.13874e+07,0,336985,0,0
83.0492,85.1408,3.37166,0,0.06,2.95916,2.95916,0,0.554448,4.6872,4.08288e+06,2.79405e+06,1.20819e+07,0,359789,0,0,62.338,61.3098,3.69496,0,1,1.34229,1.34229,0,1.03687,1.90512,8.48506e+06,3.73462e+06,1.13894e+07,0,337045,0,0
82.0878,85.1408,2.31138,0,0.06,2.95968,2.95968,0,0.554546,4.6872,4.08288e+06,2.79405e+06,1.2084e+07,0,359852,0,0,62.338,61.3098,3.16278,0,1,1.34253,1.34253,0,1.03706,1.90512,8.48506e+06,3.73462e+06,1.13915e+07,0,337104,0,0
80.8531,85.1408,2.26369,0,0.06,3.24893,3.24893,0,0.554644,4.6872,4.08288e+06,2.79405e+06,1.3265e+07,0,395021,0,0,62.338,61.3098,2.80691,0,1,1.50065,1.50065,0,1.03724,1.90512,8.48506e+06,3.73462e+06,1.27331e+07,0,376807,0,0
79.5463,85.1408,2.16828,0,0.06,3.24951,3.24951,0,0.60885,4.6872,4.08288e+06,2.79405e+06,1.32674e+07,0,395091,0,0,62.338,61.3098,2.84314,0,1,1.50092,1.50092,0,1.1594,1.90512,8.48506e+06,3.73462e+06,1.27354e+07,0,376874,0,0
78.2233,85.1408,2.13926,0,0.06,3.25008,3.25008,0,0.608958,4.6872,4.08288e+06,2.79405e+06,1.32697e+07,0,395161,0,0,62.338,61.3098,3.08634,0,1,1.50118,1.50118,0,1.15961,1.90512,8.48506e+06,3.73462e+06,1.27376e+07,0,376940,0,0
77.5179,85.1408,2.78799,0,0.06,3.25066,3.25066,0,0.609065,4.6872,4.08288e+06,2.79405e+06,1.3272e+07,0,395231,0,0,62.338,61.3098,3.48512,0,1,1.50145,1.50145,0,1.15981,1.90512,8.48506e+06,3.73462e+06,1.27399e+07,0,377007,0,0
77.3941,85.1408,3.05149,0,0.06,2.83912,2.83912,0,0.609173,4.6872,4.08288e+06,2.79405e+06,1.15918e+07,0,345194,0,0,62.338,61.3098,3.59457,0,1,1.28968,1.28968,0,1.16002,1.90512,8.48506e+06,3.73462e+06,1.0943e+07,0,323834,0,0
79.0899,85.1408,5.0158,0,0.06,2.83962,2.83962,0,0.53205,4.6872,4.08288e+06,2.79405e+06,1.15938e+07,0,345254,0,0,62.338,61.3098,4.24606,0,1,1.28991,1.28991,0,0.996409,1.90512,8.48506e+06,3.73462e+06,1.0945e+07,0,323891,0,0
81.7288,85.1408,5.98426,0,0.06,2.84012,2.84012,0,0.532144,4.6872,4.08288e+06,2.79405e+06,1.15959e+07,0,345315,0,0,62.338,61.3098,4.28277,0,1,1.29014,1.29014,0,0.996585,1.90512,8.48506e+06,3.73462e+06,1.09469e+07,0,323948,0,0
83.5204,85.1408,5.09833,0,0.06,2.84062,2.84062,0,0.532238,4.6872,4.08288e+06,2.79405e+06,1.15979e+07,0,345376,0,0,62.338,61.3098,4.41375,0,1,1.29037,1.29037,0,0.996761,1.90512,8.48506e+06,3.73462e+06,1.09488e+07,0,324006,0,0
85.1408,85.1408,5.05729,0,0.06,2.84112,2.84112,0,0.532332,4.6872,4.08288e+06,2.79405e+06,1.16e+07,0,345437,0,0,62.338,61.3098,4.49676,0,1,1.29059,1.29059,0,0.996937,1.90512,8.48506e+06,3.73462e+06,1.09508e+07,0,324063,0,0
85.1408,85.1408,5.10076,0,0.06,2.94545,2.94545,0,0.532426,4.6872,4.08288e+06,2.79405e+06,1.20259e+07,0,358122,0,0,62.338,61.3098,5.1586,0,1,1.34274,1.34274,0,0.997113,1.90512,8.48506e+06,3.73462e+06,1.13932e+07,0,337156,0,0
85.1408,85.1408,3.97323,0,0.06,2.94597,2.94597,0,0.551978,4.6872,4.08288e+06,2.79405e+06,1.2028e+07,0,358185,0,0,62.338,61.3098,3.09279,0,1,1.34297,1.34297,0,1.0374,1.90512,8.48506e+06,3.73462e+06,1.13952e+07,0,337215,0,0
85.1408,85.1408,3.63071,0,0.06,2.94649,2.94649,0,0.552075,4.6872,4.08288e+06,2.79405e+06,1.20302e+07,0,358249,0,0,62.338,61.3098,2.75656,0,1,1.34321,1.34321,0,1.03758,1.90512,8.48506e+06,3.73462e+06,1.13972e+07,0,337275,0,0
85.1408,85.1408,3.45233,0,0.06,2.94701,2.94701,0,0.552172,4.6872,4.08288e+06,2.79405e+06,1.20323e+07,0,358312,0,0,62.338,61.3098,2.58201,0,1,1.34345,1.34345,0,1.03777,1.90512,8.48506e+06,3.73462e+06,1.13992e+07,0,337334,0,0
84.8982,85.1408,3.0425,0,0.06,2.90691,2.90691,0,0.55227,4.6872,4.08288e+06,2.79405e+06,1.18686e+07,0,353436,0,0,62.0588,61.3098,2.26106,0,1,1.32351,1.32351,0,1.03795,1.90512,8.48506e+06,3.73462e+06,1.123e+07,0,332327,0,0
84.0051,85.1408,2.3843,0,0.06,2.90742,2.90742,0,0.544755,4.6872,4.08288e+06,2.79405e+06,1.18707e+07,0,353498,0,0,61.8932,61.3098,1.83587,0,1,1.32374,1.32374,0,1.02254,1.90512,8.48506e+06,3.73462e+06,1.1232e+07,0,332386,0,0
82.9693,85.1408,2.16054,0,0.06,2.90793,2.90793,0,0.544851,4.6872,4.08288e+06,2.79405e+06,1.18727e+07,0,353561,0,0,61.6799,61.3098,1.63868,0,1,1.32398,1.32398,0,1.02272,1.90512,8.48506e+06,3.73462e+06,1.1234e+07,0,332445,0,0
81.9091,85.1408,2.09724,0,0.06,2.90845,2.90845,0,0.544947,4.6872,4.08288e+06,2.79405e+06,1.18748e+07,0,353623,0,0,61.4029,61.3098,1.76098,0,1,1.32421,1.32421,0,1.0229,1.90512,8.48506e+06,3.73462e+06,1.1236e+07,0,332504,0,0
80.6332,85.1408,1.97578,0,0.06,3.04695,3.04695,0,0.545043,4.6872,4.08288e+06,2.79405e+06,1.24403e+07,0,370463,0,0,60.9955,61.3098,1.64253,0,1,1.39605,1.39605,0,1.02308,1.90512,8.48506e+06,3.73462e+06,1.18456e+07,0,350542,0,0
79.3063,85.1408,1.90471,0,0.06,3.04749,3.04749,0,0.570999,4.6872,4.08288e+06,2.79405e+06,1.24425e+07,0,370529,0,0,60.5708,61.3098,1.63,0,1,1.3963,1.3963,0,1.07859,1.90512,8.48506e+06,3.73462e+06,1.18477e+07,0,350604,0,0
77.9344,85.1408,1.84144,0,0.06,3.04803,3.04803,0,0.5711,4.6872,4.08288e+06,2.79405e+06,1.24447e+07,0,370594,0,0,60.0624,61.3098,1.46172,0,1,1.39654,1.39654,0,1.07878,1.90512,8.48506e+06,3.73462e+06,1.18497e+07,0,350666,0,0
76.4082,85.1408,1.63833,0,0.06,3.04857,3.04857,0,0.571201,4.6872,4.08288e+06,2.79405e+06,1.24469e+07,0,370660,0,0,59.4777,61.3098,1.39639,0,1,1.39679,1.39679,0,1.07897,1.90512,8.48506e+06,3.73462e+06,1.18518e+07,0,350728,0,0
74.773,85.1408,1.48941,0,0.06,3.04911,3.04911,0,0.571302,4.6872,4.08288e+06,2.79405e+06,1.24491e+07,0,370725,0,0,58.9051,61.3098,1.35066,0,1,1.39704,1.39704,0,1.07916,1.90512,8.48506e+06,3.73462e+06,1.18539e+07,0,350790,0,0
72.7655,85.1408,1.0557,0,0.06,3.02233,3.02233,0,0.571402,4.6872,4.08288e+06,2.79405e+06,1.23398e+07,0,367469,0,0,58.2772,61.3098,1.40444,0,1,1.43667,1.43667,0,1.07935,1.90512,8.48506e+06,3.73462e+06,1.21903e+07,0,360743,0,0
70.7106,85.1408,0.99188,0,0.06,3.02286,3.02286,0,0.566385,4.6872,4.08288e+06,2.79405e+06,1.2342e+07,0,367534,0,0,57.6173,61.3098,1.32435,0,1,1.43693,1.43693,0,1.10997,1.90512,8.48506e+06,3.73462e+06,1.21924e+07,0,360806,0,0
68.5886,85.1408,0.905826,0.01,0.06,3.0234,3.0234,0,0.566485,4.6872,4.08288e+06,2.79405e+06,1.23442e+07,0,367599,0,0,56.8458,61.3098,1.3024,0,1,1.43718,1.43718,0,1.11017,1.90512,8.48506e+06,3.73462e+06,1.21946e+07,0,360870,0,0
66.4072,85.1408,0.821305,0.01,0.06,3.02393,3.02393,0,0.566585,4.6872,4.08288e+06,2.79405e+06,1.23463e+07,0,367664,0,0,56.0483,61.3098,1.17555,0,1,1.43743,1.43743,0,1.11037,1.90512,8.48506e+06,3.73462e+06,1.21967e+07,0,360934,0,0
64.1753,85.1408,0.780076,0.03,0.06,3.09505,3.09505,0,0.566685,4.6872,4.08288e+06,2.79405e+06,1.26367e+07,0,376311,0,0,55.3287,61.3098,1.1902,0,1,1.47282,1.47282,0,1.11056,1.90512,8.48506e+06,3.73462e+06,1.24969e+07,0,369819,0,0
62.0792,85.1408,0.886573,0.04,0.06,3.0956,3.0956,0,0.580012,4.6872,4.08288e+06,2.79405e+06,1.26389e+07,0,376377,0,0,54.8451,61.3098,1.45451,0,1,1.47308,1.47308,0,1.1379,1.90512,8.48506e+06,3.73462e+06,1.24992e+07,0,369884,0,0
59.948,85.1408,0.82135,0.04,0.06,3.09614,3.09614,0,0.580115,4.6872,4.08288e+06,2.79405e+06,1.26412e+07,0,376444,0,0,54.1707,61.3098,1.46231,0,1,1.47334,1.47334,0,1.1381,1.90512,8.48506e+06,3.73462e+06,1.25014e+07,0,369949,0,0
57.7825,85.1408,0.760823,0.05,0.06,3.09669,3.09669,0,0.580217,4.6872,4.08288e+06,2.79405e+06,1.26434e+07,0,376510,0,0,53.4667,61.3098,1.30627,0,1,1.4736,1.4736,0,1.1383,1.90512,8.48506e+06,3.73462e+06,1.25036e+07,0,370014,0,0
55.4384,85.1408,0.664653,0.08,0.06,3.24333,3.30409,0,0.580319,4.6872,4.08288e+06,2.79405e+06,1.32421e+07,0,401727,0,0,52.6159,61.3098,1.32414,0,1,1.6615,1.60075,0,1.1385,1.90512,8.48506e+06,3.73462e+06,1.4098e+07,0,401942,0,0
52.473,85.1408,0.509695,0.1,0.06,3.30467,3.30467,0,0.6078,4.6872,4.08288e+06,2.79405e+06,1.34926e+07,0,401798,0,0,51.7802,61.3098,1.35117,0,1,1.60103,1.60103,0,1.28368,1.90512,8.48506e+06,3.73462e+06,1.35849e+07,0,402013,0,0
49.1838,85.1408,0.480502,0.1,0.06,3.30525,3.30525,0,0.619295,4.6872,4.08288e+06,2.79405e+06,1.34949e+07,0,401869,0,0,51.0283,61.3098,1.25913,0,1,1.60132,1.60132,0,1.23696,1.90512,8.48506e+06,3.73462e+06,1.35873e+07,0,402084,0,0
46.0702,85.1408,0.654269,0.11,0.06,3.30584,3.30584,0,0.619404,4.6872,4.08288e+06,2.79405e+06,1.34973e+07,0,401939,0,0,50.4435,61.3098,1.41811,0,1,1.6016,1.6016,0,1.23718,1.90512,8.48506e+06,3.73462e+06,1.35897e+07,0,402155,0,0
45.9892,85.1408,0.959446,0.11,0.06,3.30642,3.30642,0,0.619514,4.6872,4.08288e+06,2.79405e+06,1.34997e+07,0,402010,0,0,50.1412,61.3098,1.68558,0,1,1.60188,1.60188,0,1.2374,1.90512,8.48506e+06,3.73462e+06,1.35921e+07,0,402226,0,0
44.3709,85.1408,1.24727,0.11,0.06,3.2061,3.2061,0,0.619623,4.6872,4.08288e+06,2.79405e+06,1.30901e+07,0,389813,0,0,50.2168,61.3098,2.45319,0,1,1.52508,1.52508,0,1.23761,1.90512,8.48506e+06,3.73462e+06,1.29404e+07,0,382940,0,0
42.981,85.1408,1.49165,0.11,0.06,3.19739,3.20667,0,0.600823,4.6872,4.08288e+06,2.79405e+06,1.30546e+07,0,389882,0,0,50.3264,61.3098,2.49154,0,1,1.53462,1.52535,0,1.17827,1.90512,8.48506e+06,3.73462e+06,1.30213e+07,0,383008,0,0
42.357,85.1408,2.31444,0.11,0.06,3.19823,3.20723,0,0.599191,4.6872,4.08288e+06,2.79405e+06,1.3058e+07,0,389951,0,0,51.0456,61.3098,4.29519,0,1,1.53462,1.52561,0,1.18565,1.90512,8.48506e+06,3.73462e+06,1.30213e+07,0,383076,0,0
41.3668,85.1408,2.00903,0.14,0.06,3.19906,3.2078,0,0.599348,4.6872,4.08288e+06,2.79405e+06,1.30614e+07,0,390020,0,0,51.456,61.3098,3.39943,0,1,1.53462,1.52588,0,1.18565,1.90512,8.48506e+06,3.73462e+06,1.30213e+07,0,383143,0,0
40.5558,85.1408,2.10843,0.15,0.06,3.11702,3.12548,0,0.599504,4.6872,4.08288e+06,2.79405e+06,1.27264e+07,0,380012,0,0,51.5691,61.3098,2.14422,0,1,1.4644,1.45594,0,1.18565,1.90512,8.48506e+06,3.73462e+06,1.24255e+07,0,365579,0,0
40.6055,85.1408,2.89995,0.13,0.06,3.04762,3.12604,0,0.584129,4.6872,4.08288e+06,2.79405e+06,1.24431e+07,0,380079,0,0,51.9946,61.3098,2.58609,0,1,1.53461,1.45619,0,1.1314,1.90512,8.48506e+06,3.73462e+06,1.30212e+07,0,365644,0,0
40.1352,85.1408,2.36821,0.12,0.06,3.04843,3.12659,0,0.571124,4.6872,4.08288e+06,2.79405e+06,1.24464e+07,0,380146,0,0,52.6636,61.3098,3.70243,0,1,1.53461,1.45645,0,1.18564,1.90512,8.48506e+06,3.73462e+06,1.30212e+07,0,365708,0,0
39.4364,85.1408,2.15722,0.14,0.06,3.04924,3.12714,0,0.571275,4.6872,4.08288e+06,2.79405e+06,1.24497e+07,0,380213,0,0,52.9734,61.3098,2.58715,0,1,1.53461,1.45671,0,1.18564,1.90512,8.48506e+06,3.73462e+06,1.30212e+07,0,365773,0,0
42.6827,85.1408,6.16682,0.15,0.06,2.81449,2.89214,0,0.571427,4.6872,4.08288e+06,2.79405e+06,1.14912e+07,0,351640,0,0,54.3649,61.3098,4.47148,0,1,1.38826,1.31062,0,1.18564,1.90512,8.48506e+06,3.73462e+06,1.17795e+07,0,329090,0,0
43.8216,85.1408,3.93027,0.1,0.06,2.66891,2.89265,0,0.527436,4.6872,4.08288e+06,2.79405e+06,1.08969e+07,0,351702,0,0,57.0921,61.3098,6.75404,0,1,1.53458,1.31085,0,1.07257,1.90512,8.48506e+06,3.73462e+06,1.3021e+07,0,329148,0,0
46.7977,85.1408,5.77287,0.1,0.06,2.66966,2.89316,0,0.500154,4.6872,4.08288e+06,2.79405e+06,1.08999e+07,0,351764,0,0,60.1159,61.3098,7.93982,0,1,1.53458,1.31108,0,1.18562,1.90512,8.48506e+06,3.73462e+06,1.3021e+07,0,329206,0,0
50.4901,85.1408,6.5672,0.11,0.06,2.6704,2.89367,0,0.500293,4.6872,4.08288e+06,2.79405e+06,1.09029e+07,0,351826,0,0,62.338,61.3098,8.26335,0,1,1.53458,1.31131,0,1.18562,1.90512,8.48506e+06,3.73462e+06,1.3021e+07,0,329264,0,0
57.9144,85.1408,10.484,0.12,0.06,2.67114,2.89418,0,0.500432,4.6872,4.08288e+06,2.79405e+06,1.09059e+07,0,351889,0,0,62.338,61.3098,10.7147,0,1,1.53458,1.31154,0,1.18562,1.90512,8.48506e+06,3.73462e+06,1.3021e+07,0,329322,0,0
68.5326,85.1408,14.0555,0.1,0.06,2.76255,2.98536,0,0.500571,4.6872,4.08288e+06,2.79405e+06,1.12792e+07,0,362975,0,0,62.338,61.3098,13.3167,0,1,1.57699,1.35418,0,1.18562,1.90512,8.48506e+06,3.73462e+06,1.33809e+07,0,340029,0,0
81.5276,85.1408,17.3491,0.02,0.06,2.98586,2.98586,0,0.517702,4.6872,4.08288e+06,2.79405e+06,1.21909e+07,0,363036,0,0,62.338,61.3098,23.9225,0,1,1.35441,1.35441,0,1.21838,1.90512,8.48506e+06,3.73462e+06,1.14922e+07,0,340086,0,0
85.1408,85.1408,13.8089,0,0.06,2.98637,2.98637,0,0.559551,4.6872,4.08288e+06,2.79405e+06,1.2193e+07,0,363097,0,0,62.338,61.3098,17.6263,0,1,1.35464,1.35464,0,1.04642,1.90512,8.48506e+06,3.73462e+06,1.14942e+07,0,340144,0,0
85.1408,85.1408,10.8745,0,0.06,2.98687,2.98687,0,0.559645,4.6872,4.08288e+06,2.79405e+06,1.2195e+07,0,363158,0,0,62.338,61.3098,10.3088,0,1,1.35486,1.35486,0,1.04659,1.90512,8.48506e+06,3.73462e+06,1.14961e+07,0,340201,0,0
85.1408,85.1408,11.8407,0,0.06,3.27875,3.27875,0,0.559739,4.6872,4.08288e+06,2.79405e+06,1.33867e+07,0,398646,0,0,62.338,61.3098,11.7494,0,1,1.51442,1.51442,0,1.04677,1.90512,8.48506e+06,3.73462e+06,1.285e+07,0,380265,0,0
85.1408,85.1408,13.0265,0,0.06,3.2793,3.2793,0,0.614438,4.6872,4.08288e+06,2.79405e+06,1.3389e+07,0,398713,0,0,62.338,61.3098,15.2691,0,1,1.51468,1.51468,0,1.17004,1.90512,8.48506e+06,3.73462e+06,1.28521e+07,0,380329,0,0
85.1408,85.1408,8.36729,0,0.06,3.27985,3.27985,0,0.614541,4.6872,4.08288e+06,2.79405e+06,1.33912e+07,0,398780,0,0,62.338,61.3098,14.1577,0,1,1.51493,1.51493,0,1.17024,1.90512,8.48506e+06,3.73462e+06,1.28543e+07,0,380393,0,0
85.1408,85.1408,12.3272,0,0.06,3.2804,3.2804,0,0.614644,4.6872,4.08288e+06,2.79405e+06,1.33935e+07,0,398847,0,0,62.338,61.3098,20.4954,0,1,1.51519,1.51519,0,1.17044,1.90512,8.48506e+06,3.73462e+06,1.28564e+07,0,380457,0,0
85.1408,85.1408,6.54244,0,0.06,2.86507,2.86507,0,0.614748,4.6872,4.08288e+06,2.79405e+06,1.16977e+07,0,348349,0,0,62.338,61.3098,12.2504,0,1,1.30147,1.30147,0,1.17063,1.90512,8.48506e+06,3.73462e+06,1.10431e+07,0,326795,0,0
85.1408,85.1408,4.47363,0,0.06,2.86555,2.86555,0,0.536915,4.6872,4.08288e+06,2.79405e+06,1.16997e+07,0,348408,0,0,62.338,61.3098,8.84828,0,1,1.30169,1.30169,0,1.00552,1.90512,8.48506e+06,3.73462e+06,1.10449e+07,0,326849,0,0
85.1408,85.1408,3.90467,0,0.06,2.86604,2.86604,0,0.537005,4.6872,4.08288e+06,2.79405e+06,1.17017e+07,0,348466,0,0,62.338,61.3098,7.49048,0,1,1.30191,1.30191,0,1.00569,1.90512,8.48506e+06,3.73462e+06,1.10468e+07,0,326904,0,0
85.1408,85.1408,4.08488,0,0.06,2.86652,2.86652,0,0.537095,4.6872,4.08288e+06,2.79405e+06,1.17036e+07,0,348525,0,0,62.338,61.3098,8.1936,0,1,1.30213,1.30213,0,1.00586,1.90512,8.48506e+06,3.73462e+06,1.10486e+07,0,326959,0,0
85.1408,85.1408,3.78874,0,0.06,2.867,2.867,0,0.537185,4.6872,4.08288e+06,2.79405e+06,1.17056e+07,0,348584,0,0,62.338,61.3098,7.18657,0,1,1.30235,1.30235,0,1.00603,1.90512,8.48506e+06,3.73462e+06,1.10505e+07,0,327014,0,0
85.1408,85.1408,5.23715,0,0.06,2.97225,2.97225,0,0.537276,4.6872,4.08288e+06,2.79405e+06,1.21353e+07,0,361381,0,0,62.338,61.3098,4.41905,0,1,1.35496,1.35496,0,1.00619,1.90512,8.48506e+06,3.73462e+06,1.14969e+07,0,340224,0,0
85.1408,85.1408,5.84174,0,0.06,2.97275,2.97275,0,0.557,4.6872,4.08288e+06,2.79405e+06,1.21374e+07,0,361441,0,0,62.338,61.3098,7.29994,0,1,1.35518,1.35518,0,1.04684,1.90512,8.48506e+06,3.73462e+06,1.14988e+07,0,340281,0,0
85.1408,85.1408,5.06637,0,0.06,2.97325,2.97325,0,0.557094,4.6872,4.08288e+06,2.79405e+06,1.21394e+07,0,361502,0,0,62.338,61.3098,8.60229,0,1,1.35541,1.35541,0,1.04701,1.90512,8.48506e+06,3.73462e+06,1.15007e+07,0,340338,0,0
85.1408,85.1408,3.76593,0,0.06,2.97375,2.97375,0,0.557187,4.6872,4.08288e+06,2.79405e+06,1.21415e+07,0,361563,0,0,62.338,61.3098,6.23381,0,1,1.35564,1.35564,0,1.04719,1.90512,8.48506e+06,3.73462e+06,1.15027e+07,0,340395,0,0
85.1408,85.1408,4.34497,0,0.06,2.93326,2.93326,0,0.557281,4.6872,4.08288e+06,2.79405e+06,1.19761e+07,0,356640,0,0,62.338,61.3098,6.80903,0,1,1.33551,1.33551,0,1.04737,1.90512,8.48506e+06,3.73462e+06,1.13318e+07,0,335340,0,0
85.1408,85.1408,4.16645,0,0.06,2.93375,2.93375,0,0.549692,4.6872,4.08288e+06,2.79405e+06,1.19781e+07,0,356699,0,0,62.338,61.3098,7.20252,0,1,1.33573,1.33573,0,1.03181,1.90512,8.48506e+06,3.73462e+06,1.13337e+07,0,335396,0,0
85.1408,85.1408,3.68892,0,0.06,2.93424,2.93424,0,0.549785,4.6872,4.08288e+06,2.79405e+06,1.19802e+07,0,356759,0,0,62.338,61.3098,6.38564,0,1,1.33595,1.33595,0,1.03198,1.90512,8.48506e+06,3.73462e+06,1.13356e+07,0,335452,0,0
85.1408,85.1408,3.3369,0,0.06,2.93473,2.93473,0,0.549877,4.6872,4.08288e+06,2.79405e+06,1.19822e+07,0,356819,0,0,62.338,61.3098,5.77431,0,1,1.33618,1.33618,0,1.03216,1.90512,8.48506e+06,3.73462e+06,1.13375e+07,0,335509,0,0
85.0573,85.1408,3.20295,0,0.06,3.07447,3.07447,0,0.549969,4.6872,4.08288e+06,2.79405e+06,1.25527e+07,0,373808,0,0,62.338,61.3098,6.28833,0,1,1.40866,1.40866,0,1.03233,1.90512,8.48506e+06,3.73462e+06,1.19525e+07,0,353708,0,0
85.1408,85.1408,3.58924,0,0.06,3.07498,3.07498,0,0.576155,4.6872,4.08288e+06,2.79405e+06,1.25548e+07,0,373871,0,0,62.338,61.3098,6.97957,0,1,1.40889,1.40889,0,1.08833,1.90512,8.48506e+06,3.73462e+06,1.19545e+07,0,353767,0,0
85.1255,85.1408,3.2588,0,0.06,3.0755,3.0755,0,0.576252,4.6872,4.08288e+06,2.79405e+06,1.25569e+07,0,373934,0,0,62.338,61.3098,5.67162,0,1,1.40913,1.40913,0,1.08851,1.90512,8.48506e+06,3.73462e+06,1.19565e+07,0,353826,0,0
84.7732,85.1408,2.89487,0,0.06,3.07602,3.07602,0,0.576348,4.6872,4.08288e+06,2.79405e+06,1.2559e+07,0,373997,0,0,62.338,61.3098,4.98347,0,1,1.40937,1.40937,0,1.08869,1.90512,8.48506e+06,3.73462e+06,1.19585e+07,0,353886,0,0
84.1871,85.1408,2.62264,0,0.06,3.07653,3.07653,0,0.576445,4.6872,4.08288e+06,2.79405e+06,1.25611e+07,0,374060,0,0,62.338,61.3098,5.32832,0,1,1.4096,1.4096,0,1.08888,1.90512,8.48506e+06,3.73462e+06,1.19606e+07,0,353945,0,0
84.4972,85.1408,3.53019,0,0.06,3.04949,3.04949,0,0.576542,4.6872,4.08288e+06,2.79405e+06,1.24507e+07,0,370772,0,0,62.338,61.3098,4.42242,0,1,1.44958,1.44958,0,1.08906,1.90512,8.48506e+06,3.73462e+06,1.22998e+07,0,363984,0,0
84.6538,85.1408,3.36765,0,0.06,3.05,3.05,0,0.571474,4.6872,4.08288e+06,2.79405e+06,1.24528e+07,0,370834,0,0,62.338,61.3098,4.3322,0,1,1.44983,1.44983,0,1.11995,1.90512,8.48506e+06,3.73462e+06,1.23019e+07,0,364046,0,0
84.6542,85.1408,3.18209,0,0.06,3.05051,3.05051,0,0.57157,4.6872,4.08288e+06,2.79405e+06,1.24549e+07,0,370896,0,0,62.338,61.3098,4.31504,0,1,1.45007,1.45007,0,1.12014,1.90512,8.48506e+06,3.73462e+06,1.23039e+07,0,364107,0,0
84.3899,85.1408,2.92337,0,0.06,3.05103,3.05103,0,0.571666,4.6872,4.08288e+06,2.79405e+06,1.2457e+07,0,370958,0,0,62.338,61.3098,4.17317,0,1,1.45031,1.45031,0,1.12032,1.90512,8.48506e+06,3.73462e+06,1.2306e+07,0,364168,0,0
84.1163,85.1408,2.96968,0,0.06,3.12276,3.12276,0,0.571762,4.6872,4.08288e+06,2.79405e+06,1.27498e+07,0,379680,0,0,62.338,61.3098,3.88012,0,1,1.486,1.486,0,1.12051,1.90512,8.48506e+06,3.73462e+06,1.26088e+07,0,373129,0,0
83.6682,85.1408,2.78348,0,0.06,3.12328,3.12328,0,0.585204,4.6872,4.08288e+06,2.79405e+06,1.2752e+07,0,379743,0,0,62.338,61.3098,3.44704,0,1,1.48625,1.48625,0,1.14809,1.90512,8.48506e+06,3.73462e+06,1.26109e+07,0,373192,0,0
83.0531,85.1408,2.59983,0,0.06,3.1238,3.1238,0,0.585303,4.6872,4.08288e+06,2.79405e+06,1.27541e+07,0,379807,0,0,62.338,61.3098,3.2614,0,1,1.4865,1.4865,0,1.14828,1.90512,8.48506e+06,3.73462e+06,1.26131e+07,0,373254,0,0
82.2394,85.1408,2.38625,0.01,0.06,3.12433,3.12433,0,0.585401,4.6872,4.08288e+06,2.79405e+06,1.27563e+07,0,379871,0,0,62.338,61.3098,3.07251,0,1,1.48675,1.48675,0,1.14847,1.90512,8.48506e+06,3.73462e+06,1.26152e+07,0,373317,0,0
81.7367,85.1408,2.86765,0.01,0.06,3.33355,3.33355,0,0.585499,4.6872,4.08288e+06,2.79405e+06,1.36105e+07,0,405309,0,0,62.338,61.3098,3.96893,0,1,1.61503,1.61503,0,1.14866,1.90512,8.48506e+06,3.73462e+06,1.37036e+07,0,405526,0,0
81.1425,85.1408,2.80799,0.01,0.06,3.33411,3.33411,0,0.624707,4.6872,4.08288e+06,2.79405e+06,1.36128e+07,0,405377,0,0,62.338,61.3098,3.60864,0,1,1.6153,1.6153,0,1.24777,1.90512,8.48506e+06,3.73462e+06,1.37059e+07,0,405594,0,0
80.2507,85.1408,2.49028,0.01,0.06,3.33467,3.33467,0,0.624812,4.6872,4.08288e+06,2.79405e+06,1.3615e+07,0,405445,0,0,62.338,61.3098,3.34265,0,1,1.61557,1.61557,0,1.24798,1.90512,8.48506e+06,3.73462e+06,1.37082e+07,0,405662,0,0
79.6484,85.1408,2.7731,0.01,0.06,3.33523,3.33523,0,0.624917,4.6872,4.08288e+06,2.79405e+06,1.36173e+07,0,405513,0,0,62.338,61.3098,3.4336,0,1,1.61584,1.61584,0,1.24819,1.90512,8.48506e+06,3.73462e+06,1.37105e+07,0,405730,0,0
80.6178,85.1408,4.44593,0.01,0.06,3.33579,3.33579,0,0.625022,4.6872,4.08288e+06,2.79405e+06,1.36196e+07,0,405581,0,0,62.338,61.3098,4.1869,0,1,1.61611,1.61611,0,1.2484,1.90512,8.48506e+06,3.73462e+06,1.37128e+07,0,405798,0,0
80.8675,85.1408,3.60856,0.01,0.06,3.23455,3.23455,0,0.625127,4.6872,4.08288e+06,2.79405e+06,1.32063e+07,0,393272,0,0,62.338,61.3098,3.83736,0,1,1.53861,1.53861,0,1.24861,1.90512,8.48506e+06,3.73462e+06,1.30552e+07,0,386339,0,0
79.4669,85.1408,1.8834,0.01,0.06,3.23509,3.23509,0,0.606155,4.6872,4.08288e+06,2.79405e+06,1.32085e+07,0,393338,0,0,62.305,61.3098,2.3811,0,1,1.53887,1.53887,0,1.18873,1.90512,8.48506e+06,3.73462e+06,1.30574e+07,0,386403,0,0
78.7002,85.1408,2.55658,0.02,0.06,3.23564,3.23564,0,0.606257,4.6872,4.08288e+06,2.79405e+06,1.32107e+07,0,393404,0,0,62.338,61.3098,2.9065,0,1,1.53913,1.53913,0,1.18893,1.90512,8.48506e+06,3.73462e+06,1.30596e+07,0,386468,0,0
81.8249,85.1408,6.61566,0.01,0.06,3.23618,3.23618,0,0.606358,4.6872,4.08288e+06,2.79405e+06,1.32129e+07,0,393470,0,0,62.338,61.3098,6.14369,0,1,1.53938,1.53938,0,1.18913,1.90512,8.48506e+06,3.73462e+06,1.30618e+07,0,386533,0,0
80.8596,85.1408,2.39641,0.01,0.06,3.15311,3.15311,0,0.60646,4.6872,4.08288e+06,2.79405e+06,1.28738e+07,0,383371,0,0,62.338,61.3098,2.56389,0,1,1.4688,1.4688,0,1.18933,1.90512,8.48506e+06,3.73462e+06,1.24629e+07,0,368811,0,0
79.7952,85.1408,2.29713,0.01,0.06,3.15364,3.15364,0,0.590893,4.6872,4.08288e+06,2.79405e+06,1.28759e+07,0,383435,0,0,62.3363,61.3098,2.04865,0,1,1.46905,1.46905,0,1.1348,1.90512,8.48506e+06,3.73462e+06,1.2465e+07,0,368873,0,0
79.9983,85.1408,3.61018,0.01,0.06,3.15417,3.15417,0,0.590992,4.6872,4.08288e+06,2.79405e+06,1.28781e+07,0,383499,0,0,62.338,61.3098,3.75222,0,1,1.4693,1.4693,0,1.13499,1.90512,8.48506e+06,3.73462e+06,1.24671e+07,0,368934,0,0
78.9807,85.1408,2.32862,0.01,0.06,3.1547,3.1547,0,0.591091,4.6872,4.08288e+06,2.79405e+06,1.28803e+07,0,383564,0,0,62.338,61.3098,3.09237,0,1,1.46954,1.46954,0,1.13518,1.90512,8.48506e+06,3.73462e+06,1.24692e+07,0,368996,0,0
80.0728,85.1408,4.48081,0.01,0.06,2.9176,2.9176,0,0.591191,4.6872,4.08288e+06,2.79405e+06,1.19122e+07,0,354736,0,0,62.338,61.3098,3.52794,0,1,1.32216,1.32216,0,1.13537,1.90512,8.48506e+06,3.73462e+06,1.12186e+07,0,331988,0,0
81.5422,85.1408,4.86919,0.01,0.06,2.91809,2.91809,0,0.546759,4.6872,4.08288e+06,2.79405e+06,1.19142e+07,0,354796,0,0,62.338,61.3098,2.79033,0,1,1.32238,1.32238,0,1.0215,1.90512,8.48506e+06,3.73462e+06,1.12204e+07,0,332043,0,0
84.1206,85.1408,6.03226,0.01,0.06,2.91858,2.91858,0,0.546851,4.6872,4.08288e+06,2.79405e+06,1.19162e+07,0,354855,0,0,62.338,61.3098,5.33596,0,1,1.3226,1.3226,0,1.02167,1.90512,8.48506e+06,3.73462e+06,1.12223e+07,0,332099,0,0
85.1408,85.1408,8.2112,0,0.06,2.91907,2.91907,0,0.546942,4.6872,4.08288e+06,2.79405e+06,1.19182e+07,0,354915,0,0,62.338,61.3098,6.6461,0,1,1.32282,1.32282,0,1.02184,1.90512,8.48506e+06,3.73462e+06,1.12242e+07,0,332155,0,0
85.1408,85.1408,4.74709,0,0.06,2.91956,2.91956,0,0.547034,4.6872,4.08288e+06,2.79405e+06,1.19202e+07,0,354975,0,0,62.338,61.3098,3.14053,0,1,1.32304,1.32304,0,1.02201,1.90512,8.48506e+06,3.73462e+06,1.12261e+07,0,332211,0,0
85.1408,85.1408,6.40531,0,0.08,3.01152,3.01152,0,0.547126,4.6872,4.08288e+06,2.79405e+06,1.22957e+07,0,366155,0,0,62.338,61.3098,4.49104,0,1,1.36605,1.36605,0,1.02218,1.90512,8.48506e+06,3.73462e+06,1.1591e+07,0,343008,0,0
85.1408,85.1408,7.29371,0,0.08,3.012,3.012,0,0.564358,4.6872,4.08288e+06,2.79405e+06,1.22976e+07,0,366213,0,0,62.338,61.3098,5.51697,0,1,1.36626,1.36626,0,1.05541,1.90512,8.48506e+06,3.73462e+06,1.15928e+07,0,343063,0,0
85.1408,85.1408,5.25178,0,0.08,3.01248,3.01248,0,0.564448,4.6872,4.08288e+06,2.79405e+06,1.22996e+07,0,366272,0,0,62.338,61.3098,4.14247,0,1,1.36648,1.36648,0,1.05557,1.90512,8.48506e+06,3.73462e+06,1.15947e+07,0,343118,0,0
85.1408,85.1408,7.00738,0,0.08,3.01296,3.01296,0,0.564538,4.6872,4.08288e+06,2.79405e+06,1.23015e+07,0,366330,0,0,62.338,61.3098,4.26478,0,1,1.3667,1.3667,0,1.05574,1.90512,8.48506e+06,3.73462e+06,1.15965e+07,0,343172,0,0
85.1408,85.1408,5.08719,0,0.08,3.30736,3.30736,0,0.564628,4.6872,4.08288e+06,2.79405e+06,1.35036e+07,0,402125,0,0,62.338,61.3098,3.73859,0,1,1.52764,1.52764,0,1.05591,1.90512,8.48506e+06,3.73462e+06,1.29621e+07,0,383583,0,0
84.9906,85.1408,3.72827,0,0.08,3.30789,3.30789,0,0.619799,4.6872,4.08288e+06,2.79405e+06,1.35057e+07,0,402189,0,0,62.338,61.3098,3.82582,0,1,1.52788,1.52788,0,1.18025,1.90512,8.48506e+06,3.73462e+06,1.29642e+07,0,383644,0,0
85.1408,85.1408,5.16176,0.01,0.08,3.30842,3.30842,0,0.619898,4.6872,4.08288e+06,2.79405e+06,1.35079e+07,0,402253,0,0,62.338,61.3098,4.70401,0,1,1.52812,1.52812,0,1.18044,1.90512,8.48506e+06,3.73462e+06,1.29662e+07,0,383706,0,0
85.1408,85.1408,6.54156,0,0.08,3.30894,3.30894,0,0.619997,4.6872,4.08288e+06,2.79405e+06,1.351e+07,0,402317,0,0,62.338,61.3098,5.66492,0,1,1.52837,1.52837,0,1.18063,1.90512,8.48506e+06,3.73462e+06,1.29683e+07,0,383767,0,0
85.1408,85.1408,7.18831,0,0.08,2.88997,2.88997,0,0.620096,4.6872,4.08288e+06,2.79405e+06,1.17994e+07,0,351377,0,0,62.338,61.3098,6.32769,0,1,1.31278,1.31278,0,1.18082,1.90512,8.48506e+06,3.73462e+06,1.11391e+07,0,329635,0,0
84.3376,85.1408,2.60727,0,0.08,2.89043,2.89043,0,0.541581,4.6872,4.08288e+06,2.79405e+06,1.18013e+07,0,351433,0,0,62.338,61.3098,2.86774,0,1,1.31299,1.31299,0,1.01426,1.90512,8.48506e+06,3.73462e+06,1.11408e+07,0,329687,0,0
84.3736,85.1408,3.47219,0,0.08,2.89089,2.89089,0,0.541667,4.6872,4.08288e+06,2.79405e+06,1.18032e+07,0,351489,0,0,62.338,61.3098,3.93136,0,1,1.3132,1.3132,0,1.01442,1.90512,8.48506e+06,3.73462e+06,1.11426e+07,0,329740,0,0
85.1408,85.1408,6.75098,0,0.08,2.89136,2.89136,0,0.541754,4.6872,4.08288e+06,2.79405e+06,1.18051e+07,0,351545,0,0,62.338,61.3098,5.19798,0,1,1.31341,1.31341,0,1.01458,1.90512,8.48506e+06,3.73462e+06,1.11444e+07,0,329792,0,0
85.1408,85.1408,4.48071,0,0.08,2.89182,2.89182,0,0.54184,4.6872,4.08288e+06,2.79405e+06,1.18069e+07,0,351601,0,0,62.338,61.3098,3.65726,0,1,1.31362,1.31362,0,1.01474,1.90512,8.48506e+06,3.73462e+06,1.11462e+07,0,329845,0,0
85.0671,85.1408,3.41434,0,0.08,2.99795,2.99795,0,0.541926,4.6872,4.08288e+06,2.79405e+06,1.22403e+07,0,364506,0,0,62.338,61.3098,2.70974,0,1,1.36667,1.36667,0,1.0149,1.90512,8.48506e+06,3.73462e+06,1.15963e+07,0,343166,0,0
85.1408,85.1408,3.86451,0,0.08,2.99843,2.99843,0,0.561817,4.6872,4.08288e+06,2.79405e+06,1.22422e+07,0,364564,0,0,62.338,61.3098,3.0255,0,1,1.36689,1.36689,0,1.05589,1.90512,8.48506e+06,3.73462e+06,1.15981e+07,0,343220,0,0
85.1408,85.1408,5.19197,0,0.08,2.99891,2.99891,0,0.561906,4.6872,4.08288e+06,2.79405e+06,1.22442e+07,0,364622,0,0,62.338,61.3098,4.61375,0,1,1.36711,1.36711,0,1.05606,1.90512,8.48506e+06,3.73462e+06,1.16e+07,0,343275,0,0
85.1408,85.1408,3.76963,0,0.08,2.99939,2.99939,0,0.561996,4.6872,4.08288e+06,2.79405e+06,1.22461e+07,0,364680,0,0,62.338,61.3098,3.2646,0,1,1.36733,1.36733,0,1.05623,1.90512,8.48506e+06,3.73462e+06,1.16018e+07,0,343330,0,0
85.1408,85.1408,3.73587,0,0.08,2.95852,2.95852,0,0.562085,4.6872,4.08288e+06,2.79405e+06,1.20793e+07,0,359711,0,0,62.338,61.3098,4.2295,0,1,1.34701,1.34701,0,1.0564,1.90512,8.48506e+06,3.73462e+06,1.14294e+07,0,338228,0,0
85.026,85.1408,3.23188,0,0.08,2.95899,2.95899,0,0.554427,4.6872,4.08288e+06,2.79405e+06,1.20812e+07,0,359768,0,0,62.338,61.3098,3.70709,0,1,1.34722,1.34722,0,1.0407,1.90512,8.48506e+06,3.73462e+06,1.14313e+07,0,338282,0,0
84.4754,85.1408,2.76437,0,0.08,2.95946,2.95946,0,0.554515,4.6872,4.08288e+06,2.79405e+06,1.20831e+07,0,359826,0,0,62.338,61.3098,3.37875,0,1,1.34744,1.34744,0,1.04086,1.90512,8.48506e+06,3.73462e+06,1.14331e+07,0,338336,0,0
83.6478,85.1408,2.45204,0,0.08,2.95993,2.95993,0,0.554603,4.6872,4.08288e+06,2.79405e+06,1.20851e+07,0,359883,0,0,62.338,61.3098,2.97919,0,1,1.34765,1.34765,0,1.04103,1.90512,8.48506e+06,3.73462e+06,1.14349e+07,0,338390,0,0
82.5857,85.1408,2.30498,0,0.08,3.10084,3.10084,0,0.554692,4.6872,4.08288e+06,2.79405e+06,1.26603e+07,0,377015,0,0,62.338,61.3098,2.80219,0,1,1.42074,1.42074,0,1.0412,1.90512,8.48506e+06,3.73462e+06,1.2055e+07,0,356742,0,0
81.73,85.1408,2.48911,0,0.08,3.10133,3.10133,0,0.581097,4.6872,4.08288e+06,2.79405e+06,1.26624e+07,0,377075,0,0,62.338,61.3098,2.9504,0,1,1.42096,1.42096,0,1.09766,1.90512,8.48506e+06,3.73462e+06,1.2057e+07,0,356798,0,0
80.7897,85.1408,2.38338,0,0.08,3.10183,3.10183,0,0.58119,4.6872,4.08288e+06,2.79405e+06,1.26644e+07,0,377135,0,0,62.338,61.3098,2.94668,0,1,1.42119,1.42119,0,1.09784,1.90512,8.48506e+06,3.73462e+06,1.20589e+07,0,356855,0,0
79.7398,85.1408,2.2637,0,0.08,3.10232,3.10232,0,0.581282,4.6872,4.08288e+06,2.79405e+06,1.26664e+07,0,377195,0,0,62.338,61.3098,3.0902,0,1,1.42142,1.42142,0,1.09801,1.90512,8.48506e+06,3.73462e+06,1.20608e+07,0,356912,0,0
78.5311,85.1408,2.10077,0,0.08,3.10281,3.10281,0,0.581375,4.6872,4.08288e+06,2.79405e+06,1.26684e+07,0,377255,0,0,62.338,61.3098,2.9816,0,1,1.42164,1.42164,0,1.09819,1.90512,8.48506e+06,3.73462e+06,1.20627e+07,0,356969,0,0
77.8773,85.1408,2.56019,0,0.08,3.07551,3.07551,0,0.581467,4.6872,4.08288e+06,2.79405e+06,1.2557e+07,0,373936,0,0,62.338,61.3098,2.9462,0,1,1.46195,1.46195,0,1.09836,1.90512,8.48506e+06,3.73462e+06,1.24048e+07,0,367091,0,0
77.175,85.1408,2.50148,0,0.08,3.076,3.076,0,0.576351,4.6872,4.08288e+06,2.79405e+06,1.2559e+07,0,373995,0,0,62.338,61.3098,2.89235,0,1,1.46219,1.46219,0,1.12951,1.90512,8.48506e+06,3.73462e+06,1.24067e+07,0,367149,0,0
76.4292,85.1408,2.44291,0,0.08,3.07649,3.07649,0,0.576443,4.6872,4.08288e+06,2.79405e+06,1.2561e+07,0,374055,0,0,62.338,61.3098,2.86103,0,1,1.46242,1.46242,0,1.12969,1.90512,8.48506e+06,3.73462e+06,1.24087e+07,0,367208,0,0
75.5559,85.1408,2.28441,0.01,0.08,3.07698,3.07698,0,0.576535,4.6872,4.08288e+06,2.79405e+06,1.2563e+07,0,374114,0,0,62.338,61.3098,2.79047,0,1,1.46265,1.46265,0,1.12987,1.90512,8.48506e+06,3.73462e+06,1.24107e+07,0,367266,0,0
74.5998,85.1408,2.23622,0.01,0.08,3.1493,3.1493,0,0.576627,4.6872,4.08288e+06,2.79405e+06,1.28582e+07,0,382907,0,0,62.338,61.3098,2.71867,0,1,1.49863,1.49863,0,1.13005,1.90512,8.48506e+06,3.73462e+06,1.2716e+07,0,376300,0,0
73.6569,85.1408,2.24076,0.01,0.08,3.1498,3.1498,0,0.590178,4.6872,4.08288e+06,2.79405e+06,1.28602e+07,0,382968,0,0,62.338,61.3098,2.61535,0,1,1.49887,1.49887,0,1.15784,1.90512,8.48506e+06,3.73462e+06,1.2718e+07,0,376360,0,0
72.4773,85.1408,1.98937,0.02,0.08,3.1503,3.1503,0,0.590272,4.6872,4.08288e+06,2.79405e+06,1.28623e+07,0,383029,0,0,62.32,61.3098,2.37884,0,1,1.49911,1.49911,0,1.15803,1.90512,8.48506e+06,3.73462e+06,1.272e+07,0,376420,0,0
71.1364,85.1408,1.80333,0.03,0.08,3.1508,3.1508,0,0.590366,4.6872,4.08288e+06,2.79405e+06,1.28643e+07,0,383090,0,0,62.2895,61.3098,2.32225,0,1,1.49935,1.49935,0,1.15821,1.90512,8.48506e+06,3.73462e+06,1.27221e+07,0,376480,0,0
69.3333,85.1408,1.49531,0.04,0.08,3.36176,3.36176,0,0.59046,4.6872,4.08288e+06,2.79405e+06,1.37257e+07,0,408740,0,0,62.1212,61.3098,2.28428,0,1,1.62869,1.62869,0,1.1584,1.90512,8.48506e+06,3.73462e+06,1.38196e+07,0,408959,0,0
67.5537,85.1408,1.52965,0.03,0.08,3.3623,3.3623,0,0.629995,4.6872,4.08288e+06,2.79405e+06,1.37279e+07,0,408805,0,0,61.8746,61.3098,2.28858,0,1,1.62895,1.62895,0,1.25833,1.90512,8.48506e+06,3.73462e+06,1.38218e+07,0,409024,0,0
65.6458,85.1408,1.37096,0.06,0.08,3.36283,3.36283,0,0.630095,4.6872,4.08288e+06,2.79405e+06,1.37301e+07,0,408870,0,0,61.5657,61.3098,2.12081,0,1,1.62921,1.62921,0,1.25853,1.90512,8.48506e+06,3.73462e+06,1.3824e+07,0,409089,0,0
64.0064,85.1408,1.62335,0.07,0.08,3.36337,3.36337,0,0.630195,4.6872,4.08288e+06,2.79405e+06,1.37322e+07,0,408935,0,0,61.3022,61.3098,2.29615,0,1,1.62947,1.62947,0,1.25873,1.90512,8.48506e+06,3.73462e+06,1.38262e+07,0,409154,0,0
63.4365,85.1408,2.77038,0.07,0.08,3.36391,3.36391,0,0.630296,4.6872,4.08288e+06,2.79405e+06,1.37344e+07,0,409000,0,0,61.2298,61.3098,2.75257,0,1,1.62973,1.62973,0,1.25893,1.90512,8.48506e+06,3.73462e+06,1.38284e+07,0,409219,0,0
63.1549,85.1408,2.8927,0.08,0.08,3.26179,3.26179,0,0.630396,4.6872,4.08288e+06,2.79405e+06,1.33175e+07,0,396584,0,0,61.196,61.3098,2.76658,0,1,1.55157,1.55157,0,1.25913,1.90512,8.48506e+06,3.73462e+06,1.31651e+07,0,389592,0,0
62.2707,85.1408,2.35897,0.07,0.08,3.26231,3.26231,0,0.611259,4.6872,4.08288e+06,2.79405e+06,1.33196e+07,0,396647,0,0,61.2384,61.3098,2.85167,0,1,1.55181,1.55181,0,1.19874,1.90512,8.48506e+06,3.73462e+06,1.31672e+07,0,389654,0,0
61.7414,85.1408,2.7221,0.07,0.08,3.26283,3.26283,0,0.611356,4.6872,4.08288e+06,2.79405e+06,1.33217e+07,0,396710,0,0,61.5279,61.3098,3.53753,0,1,1.55206,1.55206,0,1.19893,1.90512,8.48506e+06,3.73462e+06,1.31693e+07,0,389716,0,0
61.1398,85.1408,2.6922,0.08,0.08,3.26335,3.26335,0,0.611454,4.6872,4.08288e+06,2.79405e+06,1.33239e+07,0,396773,0,0,61.8117,61.3098,3.51813,0,1,1.55231,1.55231,0,1.19912,1.90512,8.48506e+06,3.73462e+06,1.31714e+07,0,389778,0,0
60.9087,85.1408,3.19863,0.07,0.08,3.17955,3.17955,0,0.611551,4.6872,4.08288e+06,2.79405e+06,1.29817e+07,0,386585,0,0,62.338,61.3098,4.82105,0,1,1.48112,1.48112,0,1.19931,1.90512,8.48506e+06,3.73462e+06,1.25674e+07,0,371903,0,0
61.6878,85.1408,4.12498,0.07,0.08,3.12683,3.18006,0,0.595848,4.6872,4.08288e+06,2.79405e+06,1.27665e+07,0,386647,0,0,62.338,61.3098,5.08185,0,1,1.53459,1.48136,0,1.14431,1.90512,8.48506e+06,3.73462e+06,1.30211e+07,0,371963,0,0
63.0646,85.1408,4.59987,0.07,0.08,3.12757,3.18056,0,0.585967,4.6872,4.08288e+06,2.79405e+06,1.27695e+07,0,386708,0,0,62.338,61.3098,5.136,0,1,1.53459,1.48159,0,1.18562,1.90512,8.48506e+06,3.73462e+06,1.30211e+07,0,372022,0,0
63.5828,85.1408,3.88799,0.06,0.08,3.12831,3.18107,0,0.586107,4.6872,4.08288e+06,2.79405e+06,1.27725e+07,0,386770,0,0,62.338,61.3098,3.82736,0,1,1.53459,1.48183,0,1.18562,1.90512,8.48506e+06,3.73462e+06,1.30211e+07,0,372081,0,0
65.0205,85.1408,4.64197,0.06,0.08,2.88944,2.94197,0,0.586246,4.6872,4.08288e+06,2.79405e+06,1.17973e+07,0,357699,0,0,62.338,61.3098,4.34082,0,1,1.38572,1.3332,0,1.18562,1.90512,8.48506e+06,3.73462e+06,1.17579e+07,0,334760,0,0
65.894,85.1408,3.96031,0.06,0.08,2.74128,2.94244,0,0.541482,4.6872,4.08288e+06,2.79405e+06,1.11923e+07,0,357756,0,0,62.338,61.3098,3.99987,0,1,1.53456,1.33341,0,1.07061,1.90512,8.48506e+06,3.73462e+06,1.30209e+07,0,334813,0,0
66.8639,85.1408,4.02502,0.06,0.08,2.74196,2.9429,0,0.513716,4.6872,4.08288e+06,2.79405e+06,1.11951e+07,0,357813,0,0,62.338,61.3098,3.83176,0,1,1.53456,1.33362,0,1.1856,1.90512,8.48506e+06,3.73462e+06,1.30209e+07,0,334867,0,0
68.9973,85.1408,5.4022,0.06,0.08,2.74264,2.94337,0,0.513843,4.6872,4.08288e+06,2.79405e+06,1.11979e+07,0,357870,0,0,62.338,61.3098,5.00202,0,1,1.53456,1.33383,0,1.1856,1.90512,8.48506e+06,3.73462e+06,1.30209e+07,0,334920,0,0
74.1688,85.1408,8.91993,0.02,0.08,2.94384,2.94384,0,0.513971,4.6872,4.08288e+06,2.79405e+06,1.20194e+07,0,357926,0,0,62.338,61.3098,6.58593,0,1,1.33405,1.33405,0,1.1856,1.90512,8.48506e+06,3.73462e+06,1.13194e+07,0,334973,0,0
85.1408,85.1408,15.2358,0.03,0.08,3.03653,3.03653,0,0.551676,4.6872,4.08288e+06,2.79405e+06,1.23978e+07,0,369197,0,0,62.338,61.3098,17.8563,0,1,1.37739,1.37739,0,1.03068,1.90512,8.48506e+06,3.73462e+06,1.16873e+07,0,345858,0,0
85.1408,85.1408,5.17107,0,0.06,3.03699,3.03699,0,0.569047,4.6872,4.08288e+06,2.79405e+06,1.23997e+07,0,369252,0,0,62.338,61.3098,6.4046,0,1,1.3776,1.3776,0,1.06417,1.90512,8.48506e+06,3.73462e+06,1.1689e+07,0,345910,0,0
85.1408,85.1408,4.8228,0,0.06,3.03745,3.03745,0,0.569132,4.6872,4.08288e+06,2.79405e+06,1.24015e+07,0,369308,0,0,62.338,61.3098,5.18893,0,1,1.37781,1.37781,0,1.06433,1.90512,8.48506e+06,3.73462e+06,1.16908e+07,0,345962,0,0
85.1408,85.1408,4.04188,0,0.06,3.03791,3.03791,0,0.569218,4.6872,4.08288e+06,2.79405e+06,1.24034e+07,0,369364,0,0,62.338,61.3098,4.44857,0,1,1.37802,1.37802,0,1.0645,1.90512,8.48506e+06,3.73462e+06,1.16926e+07,0,346014,0,0
85.1408,85.1408,4.10769,0,0.06,3.33472,3.33472,0,0.569304,4.6872,4.08288e+06,2.79405e+06,1.36153e+07,0,405452,0,0,62.338,61.3098,5.17843,0,1,1.54027,1.54027,0,1.06466,1.90512,8.48506e+06,3.73462e+06,1.30693e+07,0,386757,0,0
85.1408,85.1408,3.98559,0,0.06,3.33522,3.33522,0,0.624927,4.6872,4.08288e+06,2.79405e+06,1.36173e+07,0,405513,0,0,62.338,61.3098,9.8704,0,1,1.54051,1.54051,0,1.19002,1.90512,8.48506e+06,3.73462e+06,1.30713e+07,0,386815,0,0
85.1408,85.1408,5.5344,0,0.06,3.33573,3.33573,0,0.625021,4.6872,4.08288e+06,2.79405e+06,1.36194e+07,0,405574,0,0,62.338,61.3098,8.07947,0,1,1.54074,1.54074,0,1.1902,1.90512,8.48506e+06,3.73462e+06,1.30733e+07,0,386873,0,0
85.1408,85.1408,7.89462,0,0.06,3.33623,3.33623,0,0.625115,4.6872,4.08288e+06,2.79405e+06,1.36214e+07,0,405635,0,0,62.338,61.3098,11.8885,0,1,1.54097,1.54097,0,1.19037,1.90512,8.48506e+06,3.73462e+06,1.30752e+07,0,386931,0,0
85.1408,85.1408,5.55752,0,0.06,2.91378,2.91378,0,0.62521,4.6872,4.08288e+06,2.79405e+06,1.18966e+07,0,354272,0,0,62.338,61.3098,7.70292,0,1,1.3236,1.3236,0,1.19055,1.90512,8.48506e+06,3.73462e+06,1.12308e+07,0,332350,0,0
85.1408,85.1408,6.1319,0,0.06,2.91422,2.91422,0,0.546043,4.6872,4.08288e+06,2.79405e+06,1.18984e+07,0,354325,0,0,62.338,61.3098,10.1497,0,1,1.3238,1.3238,0,1.02261,1.90512,8.48506e+06,3.73462e+06,1.12325e+07,0,332400,0,0
85.1408,85.1408,5.56482,0,0.06,2.91466,2.91466,0,0.546125,4.6872,4.08288e+06,2.79405e+06,1.19002e+07,0,354378,0,0,62.338,61.3098,10.3069,0,1,1.324,1.324,0,1.02277,1.90512,8.48506e+06,3.73462e+06,1.12342e+07,0,332451,0,0
85.1408,85.1408,8.13487,0,0.06,2.9151,2.9151,0,0.546207,4.6872,4.08288e+06,2.79405e+06,1.1902e+07,0,354432,0,0,62.338,61.3098,11.8495,0,1,1.3242,1.3242,0,1.02292,1.90512,8.48506e+06,3.73462e+06,1.12359e+07,0,332501,0,0
85.1408,85.1408,6.85309,0,0.06,2.91554,2.91554,0,0.54629,4.6872,4.08288e+06,2.79405e+06,1.19038e+07,0,354485,0,0,62.338,61.3098,10.8263,0,1,1.3244,1.3244,0,1.02308,1.90512,8.48506e+06,3.73462e+06,1.12376e+07,0,332551,0,0
85.1408,85.1408,12.322,0,0.06,3.02252,3.02252,0,0.546372,4.6872,4.08288e+06,2.79405e+06,1.23406e+07,0,367493,0,0,62.338,61.3098,15.1183,0,1,1.37787,1.37787,0,1.02323,1.90512,8.48506e+06,3.73462e+06,1.16913e+07,0,345978,0,0
85.1408,85.1408,7.86974,0,0.06,3.02298,3.02298,0,0.566421,4.6872,4.08288e+06,2.79405e+06,1.23425e+07,0,367548,0,0,62.338,61.3098,11.9442,0,1,1.37808,1.37808,0,1.06454,1.90512,8.48506e+06,3.73462e+06,1.16931e+07,0,346030,0,0
85.1408,85.1408,5.99941,0,0.06,3.02343,3.02343,0,0.566506,4.6872,4.08288e+06,2.79405e+06,1.23443e+07,0,367604,0,0,62.338,61.3098,10.1693,0,1,1.37829,1.37829,0,1.0647,1.90512,8.48506e+06,3.73462e+06,1.16948e+07,0,346082,0,0
85.1408,85.1408,5.62073,0,0.06,3.02389,3.02389,0,0.566591,4.6872,4.08288e+06,2.79405e+06,1.23462e+07,0,367659,0,0,62.338,61.3098,10.8512,0,1,1.3785,1.3785,0,1.06486,1.90512,8.48506e+06,3.73462e+06,1.16966e+07,0,346134,0,0
85.1408,85.1408,5.27799,0,0.06,2.98266,2.98266,0,0.566677,4.6872,4.08288e+06,2.79405e+06,1.21779e+07,0,362647,0,0,62.338,61.3098,9.18956,0,1,1.358,1.358,0,1.06503,1.90512,8.48506e+06,3.73462e+06,1.15227e+07,0,340988,0,0
85.1408,85.1408,4.54977,0,0.06,2.98311,2.98311,0,0.558951,4.6872,4.08288e+06,2.79405e+06,1.21797e+07,0,362701,0,0,62.338,61.3098,6.69388,0,1,1.3582,1.3582,0,1.04919,1.90512,8.48506e+06,3.73462e+06,1.15244e+07,0,341039,0,0
85.1408,85.1408,3.89078,0,0.06,2.98356,2.98356,0,0.559035,4.6872,4.08288e+06,2.79405e+06,1.21815e+07,0,362756,0,0,62.338,61.3098,6.07771,0,1,1.35841,1.35841,0,1.04935,1.90512,8.48506e+06,3.73462e+06,1.15262e+07,0,341091,0,0
85.1408,85.1408,3.45216,0,0.06,2.98401,2.98401,0,0.559119,4.6872,4.08288e+06,2.79405e+06,1.21834e+07,0,362811,0,0,62.338,61.3098,5.35035,0,1,1.35861,1.35861,0,1.04951,1.90512,8.48506e+06,3.73462e+06,1.15279e+07,0,341142,0,0
84.82,85.1408,3.16521,0,0.06,3.12603,3.12603,0,0.559204,4.6872,4.08288e+06,2.79405e+06,1.27632e+07,0,380078,0,0,62.338,61.3098,4.9287,0,1,1.43228,1.43228,0,1.04966,1.90512,8.48506e+06,3.73462e+06,1.2153e+07,0,359640,0,0
84.7399,85.1408,3.36613,0,0.06,3.12651,3.12651,0,0.585819,4.6872,4.08288e+06,2.79405e+06,1.27652e+07,0,380136,0,0,62.338,61.3098,4.54833,0,1,1.4325,1.4325,0,1.10658,1.90512,8.48506e+06,3.73462e+06,1.21548e+07,0,359695,0,0
84.4191,85.1408,3.07219,0,0.06,3.12698,3.12698,0,0.585907,4.6872,4.08288e+06,2.79405e+06,1.27671e+07,0,380193,0,0,62.338,61.3098,4.26444,0,1,1.43271,1.43271,0,1.10675,1.90512,8.48506e+06,3.73462e+06,1.21567e+07,0,359749,0,0
83.9084,85.1408,2.83829,0,0.06,3.12745,3.12745,0,0.585996,4.6872,4.08288e+06,2.79405e+06,1.2769e+07,0,380250,0,0,62.338,61.3098,4.28836,0,1,1.43293,1.43293,0,1.10692,1.90512,8.48506e+06,3.73462e+06,1.21585e+07,0,359803,0,0
83.3182,85.1408,2.74611,0,0.06,3.12792,3.12792,0,0.586084,4.6872,4.08288e+06,2.79405e+06,1.27709e+07,0,380308,0,0,62.338,61.3098,4.22373,0,1,1.43315,1.43315,0,1.10708,1.90512,8.48506e+06,3.73462e+06,1.21603e+07,0,359857,0,0
82.3798,85.1408,2.34447,0,0.06,3.10037,3.10037,0,0.586172,4.6872,4.08288e+06,2.79405e+06,1.26585e+07,0,376958,0,0,62.338,61.3098,3.15808,0,1,1.47377,1.47377,0,1.10725,1.90512,8.48506e+06,3.73462e+06,1.2505e+07,0,370058,0,0
81.2627,85.1408,2.13958,0,0.06,3.10084,3.10084,0,0.58101,4.6872,4.08288e+06,2.79405e+06,1.26604e+07,0,377015,0,0,62.338,61.3098,2.94789,0,1,1.47399,1.47399,0,1.13864,1.90512,8.48506e+06,3.73462e+06,1.25069e+07,0,370114,0,0
79.9402,85.1408,1.89155,0,0.06,3.10131,3.10131,0,0.581097,4.6872,4.08288e+06,2.79405e+06,1.26623e+07,0,377072,0,0,62.338,61.3098,2.63465,0,1,1.47422,1.47422,0,1.13881,1.90512,8.48506e+06,3.73462e+06,1.25088e+07,0,370169,0,0
78.5515,85.1408,1.80601,0,0.06,3.10177,3.10177,0,0.581185,4.6872,4.08288e+06,2.79405e+06,1.26642e+07,0,377129,0,0,62.338,61.3098,2.76203,0,1,1.47444,1.47444,0,1.13898,1.90512,8.48506e+06,3.73462e+06,1.25107e+07,0,370225,0,0
77.013,85.1408,1.69624,0,0.06,3.17464,3.17464,0,0.581273,4.6872,4.08288e+06,2.79405e+06,1.29617e+07,0,385988,0,0,62.2531,61.3098,2.66304,0,1,1.51069,1.51069,0,1.13915,1.90512,8.48506e+06,3.73462e+06,1.28183e+07,0,379329,0,0
75.422,85.1408,1.61319,0.01,0.06,3.17512,3.17512,0,0.594928,4.6872,4.08288e+06,2.79405e+06,1.29636e+07,0,386046,0,0,62.095,61.3098,2.58558,0,1,1.51092,1.51092,0,1.16716,1.90512,8.48506e+06,3.73462e+06,1.28203e+07,0,379386,0,0
73.7158,85.1408,1.48086,0.03,0.06,3.1756,3.1756,0,0.595018,4.6872,4.08288e+06,2.79405e+06,1.29656e+07,0,386105,0,0,61.8876,61.3098,2.258,0,1,1.51115,1.51115,0,1.16734,1.90512,8.48506e+06,3.73462e+06,1.28222e+07,0,379443,0,0
72.1099,85.1408,1.55688,0.04,0.06,3.17608,3.17608,0,0.595107,4.6872,4.08288e+06,2.79405e+06,1.29675e+07,0,386163,0,0,61.767,61.3098,2.67737,0,1,1.51138,1.51138,0,1.16751,1.90512,8.48506e+06,3.73462e+06,1.28241e+07,0,379500,0,0
70.3583,85.1408,1.56706,0.04,0.06,3.3887,3.3887,0,0.595197,4.6872,4.08288e+06,2.79405e+06,1.38357e+07,0,412015,0,0,61.5403,61.3098,2.71131,0,1,1.64175,1.64175,0,1.16769,1.90512,8.48506e+06,3.73462e+06,1.39303e+07,0,412236,0,0
68.5179,85.1408,1.45306,0.05,0.06,3.38922,3.38922,0,0.635043,4.6872,4.08288e+06,2.79405e+06,1.38378e+07,0,412077,0,0,61.2697,61.3098,2.11058,0,1,1.64199,1.64199,0,1.26841,1.90512,8.48506e+06,3.73462e+06,1.39324e+07,0,412298,0,0
66.5985,85.1408,1.35115,0.04,0.06,3.38973,3.38973,0,0.635139,4.6872,4.08288e+06,2.79405e+06,1.38398e+07,0,412139,0,0,61.0015,61.3098,2.70053,0,1,1.64224,1.64224,0,1.2686,1.90512,8.48506e+06,3.73462e+06,1.39345e+07,0,412360,0,0
64.626,85.1408,1.27997,0.08,0.06,3.39024,3.39024,0,0.635235,4.6872,4.08288e+06,2.79405e+06,1.38419e+07,0,412201,0,0,60.7051,61.3098,2.79107,0,1,1.64249,1.64249,0,1.2688,1.90512,8.48506e+06,3.73462e+06,1.39366e+07,0,412422,0,0
62.6491,85.1408,1.25022,0.07,0.06,3.39075,3.39075,0,0.63533,4.6872,4.08288e+06,2.79405e+06,1.3844e+07,0,412263,0,0,60.4101,61.3098,2.773,0,1,1.64274,1.64274,0,1.26899,1.90512,8.48506e+06,3.73462e+06,1.39387e+07,0,412484,0,0
61.3614,85.1408,1.82438,0.09,0.06,3.28779,3.28779,0,0.635426,4.6872,4.08288e+06,2.79405e+06,1.34236e+07,0,399745,0,0,60.1236,61.3098,2.83348,0,1,1.56393,1.56393,0,1.26918,1.90512,8.48506e+06,3.73462e+06,1.32701e+07,0,392697,0,0
60.6178,85.1408,2.40642,0.08,0.06,3.28828,3.28828,0,0.616131,4.6872,4.08288e+06,2.79405e+06,1.34257e+07,0,399805,0,0,60.0001,61.3098,3.60041,0,1,1.56417,1.56417,0,1.20829,1.90512,8.48506e+06,3.73462e+06,1.32721e+07,0,392756,0,0
59.8811,85.1408,2.42594,0.07,0.06,3.28878,3.28878,0,0.616224,4.6872,4.08288e+06,2.79405e+06,1.34277e+07,0,399866,0,0,59.9576,61.3098,3.73608,0,1,1.5644,1.5644,0,1.20848,1.90512,8.48506e+06,3.73462e+06,1.32741e+07,0,392815,0,0
59.3242,85.1408,2.64952,0.08,0.06,3.28927,3.28927,0,0.616317,4.6872,4.08288e+06,2.79405e+06,1.34297e+07,0,399926,0,0,59.9559,61.3098,3.99174,0,1,1.56464,1.56464,0,1.20866,1.90512,8.48506e+06,3.73462e+06,1.32761e+07,0,392875,0,0
58.9613,85.1408,2.97928,0.09,0.06,3.20479,3.20479,0,0.61641,4.6872,4.08288e+06,2.79405e+06,1.30848e+07,0,389653,0,0,60.3586,61.3098,4.79326,0,1,1.49288,1.49288,0,1.20884,1.90512,8.48506e+06,3.73462e+06,1.26671e+07,0,374855,0,0
57.9733,85.1408,2.20292,0.09,0.06,3.16379,3.20527,0,0.600577,4.6872,4.08288e+06,2.79405e+06,1.29174e+07,0,389712,0,0,60.277,61.3098,2.42815,0,1,1.53458,1.4931,0,1.1534,1.90512,8.48506e+06,3.73462e+06,1.3021e+07,0,374911,0,0
59.1231,85.1408,4.4715,0.09,0.06,3.1645,3.20575,0,0.592895,4.6872,4.08288e+06,2.79405e+06,1.29203e+07,0,389771,0,0,61.3289,61.3098,6.61519,0,1,1.53458,1.49333,0,1.18561,1.90512,8.48506e+06,3.73462e+06,1.3021e+07,0,374968,0,0
58.7494,85.1408,2.86035,0.09,0.06,3.16521,3.20623,0,0.593027,4.6872,4.08288e+06,2.79405e+06,1.29232e+07,0,389830,0,0,61.6219,61.3098,3.6416,0,1,1.53458,1.49355,0,1.18561,1.90512,8.48506e+06,3.73462e+06,1.3021e+07,0,375024,0,0
60.4217,85.1408,4.87375,0.08,0.06,2.92441,2.96521,0,0.59316,4.6872,4.08288e+06,2.79405e+06,1.194e+07,0,360525,0,0,62.338,61.3098,3.91363,0,1,1.38453,1.34373,0,1.18561,1.90512,8.48506e+06,3.73462e+06,1.17478e+07,0,337405,0,0
64.1891,85.1408,6.97909,0.07,0.06,2.77504,2.96566,0,0.548035,4.6872,4.08288e+06,2.79405e+06,1.13302e+07,0,360579,0,0,62.338,61.3098,6.8568,0,1,1.53455,1.34393,0,1.06969,1.90512,8.48506e+06,3.73462e+06,1.30208e+07,0,337456,0,0
66.4529,85.1408,5.4483,0.06,0.06,2.77569,2.96611,0,0.520043,4.6872,4.08288e+06,2.79405e+06,1.13328e+07,0,360634,0,0,62.338,61.3098,4.05271,0,1,1.53455,1.34414,0,1.1856,1.90512,8.48506e+06,3.73462e+06,1.30208e+07,0,337507,0,0
67.9704,85.1408,4.74429,0.06,0.06,2.77634,2.96656,0,0.520164,4.6872,4.08288e+06,2.79405e+06,1.13355e+07,0,360688,0,0,62.338,61.3098,5.11503,0,1,1.53455,1.34434,0,1.1856,1.90512,8.48506e+06,3.73462e+06,1.30208e+07,0,337558,0,0
70.4922,85.1408,5.8553,0.08,0.06,2.77699,2.967,0,0.520286,4.6872,4.08288e+06,2.79405e+06,1.13381e+07,0,360742,0,0,62.338,61.3098,7.14871,0,1,1.53455,1.34454,0,1.1856,1.90512,8.48506e+06,3.73462e+06,1.30208e+07,0,337609,0,0
73.9024,85.1408,6.94935,0.04,0.06,2.967,2.967,0,0.520408,4.6872,4.08288e+06,2.79405e+06,1.21139e+07,0,360742,0,0,62.338,61.3098,5.66827,0,1,1.34454,1.34454,0,1.1856,1.90512,8.48506e+06,3.73462e+06,1.14085e+07,0,337609,0,0
73.7164,85.1408,3.17035,0.03,0.08,3.0604,3.0604,0,0.556016,4.6872,4.08288e+06,2.79405e+06,1.24952e+07,0,372098,0,0,62.338,61.3098,3.72225,0,1,1.38822,1.38822,0,1.03879,1.90512,8.48506e+06,3.73462e+06,1.17791e+07,0,348576,0,0
72.6976,85.1408,2.31521,0.03,0.08,3.06083,3.06083,0,0.573519,4.6872,4.08288e+06,2.79405e+06,1.2497e+07,0,372151,0,0,62.338,61.3098,3.22108,0,1,1.38842,1.38842,0,1.07254,1.90512,8.48506e+06,3.73462e+06,1.17808e+07,0,348625,0,0
71.4511,85.1408,2.06534,0.03,0.08,3.06127,3.06127,0,0.5736,4.6872,4.08288e+06,2.79405e+06,1.24988e+07,0,372204,0,0,62.338,61.3098,2.78791,0,1,1.38861,1.38861,0,1.07269,1.90512,8.48506e+06,3.73462e+06,1.17825e+07,0,348675,0,0
70.5322,85.1408,2.36026,0.02,0.08,3.06171,3.06171,0,0.573682,4.6872,4.08288e+06,2.79405e+06,1.25006e+07,0,372257,0,0,62.338,61.3098,4.24092,0,1,1.38881,1.38881,0,1.07284,1.90512,8.48506e+06,3.73462e+06,1.17841e+07,0,348725,0,0
69.3197,85.1408,2.32774,0.03,0.08,3.36082,3.36082,0,0.573764,4.6872,4.08288e+06,2.79405e+06,1.37218e+07,0,408624,0,0,62.338,61.3098,2.8427,0,1,1.55233,1.55233,0,1.073,1.90512,8.48506e+06,3.73462e+06,1.31716e+07,0,389783,0,0
68.1247,85.1408,2.33115,0.02,0.08,3.36129,3.36129,0,0.629817,4.6872,4.08288e+06,2.79405e+06,1.37238e+07,0,408682,0,0,62.338,61.3098,2.507,0,1,1.55255,1.55255,0,1.19933,1.90512,8.48506e+06,3.73462e+06,1.31735e+07,0,389838,0,0
67.2493,85.1408,2.66319,0.03,0.08,3.36177,3.36177,0,0.629907,4.6872,4.08288e+06,2.79405e+06,1.37257e+07,0,408741,0,0,62.338,61.3098,3.65504,0,1,1.55277,1.55277,0,1.1995,1.90512,8.48506e+06,3.73462e+06,1.31753e+07,0,389894,0,0
67.0432,85.1408,3.37673,0.07,0.08,3.36225,3.36225,0,0.629996,4.6872,4.08288e+06,2.79405e+06,1.37277e+07,0,408799,0,0,62.338,61.3098,3.43374,0,1,1.55299,1.55299,0,1.19967,1.90512,8.48506e+06,3.73462e+06,1.31772e+07,0,389949,0,0
68.2162,85.1408,4.41838,0.08,0.08,2.93648,2.93648,0,0.630086,4.6872,4.08288e+06,2.79405e+06,1.19893e+07,0,357032,0,0,62.338,61.3098,5.01476,0,1,1.33391,1.33391,0,1.19984,1.90512,8.48506e+06,3.73462e+06,1.13183e+07,0,334940,0,0
69.1225,85.1408,4.2051,0.03,0.08,2.9369,2.9369,0,0.550297,4.6872,4.08288e+06,2.79405e+06,1.1991e+07,0,357083,0,0,62.338,61.3098,5.7565,0,1,1.3341,1.3341,0,1.03058,1.90512,8.48506e+06,3.73462e+06,1.13199e+07,0,334987,0,0
71.0996,85.1408,5.45461,0.04,0.08,2.93732,2.93732,0,0.550375,4.6872,4.08288e+06,2.79405e+06,1.19927e+07,0,357133,0,0,62.338,61.3098,6.64627,0,1,1.33429,1.33429,0,1.03073,1.90512,8.48506e+06,3.73462e+06,1.13215e+07,0,335035,0,0
74.9692,85.1408,7.43216,0.04,0.08,2.93774,2.93774,0,0.550454,4.6872,4.08288e+06,2.79405e+06,1.19944e+07,0,357184,0,0,62.338,61.3098,6.60747,0,1,1.33448,1.33448,0,1.03087,1.90512,8.48506e+06,3.73462e+06,1.13232e+07,0,335083,0,0
77.1713,85.1408,5.76988,0.04,0.08,2.93815,2.93815,0,0.550532,4.6872,4.08288e+06,2.79405e+06,1.19961e+07,0,357235,0,0,62.338,61.3098,8.75375,0,1,1.33467,1.33467,0,1.03102,1.90512,8.48506e+06,3.73462e+06,1.13248e+07,0,335130,0,0
78.9892,85.1408,5.58449,0,0.08,3.04594,3.04594,0,0.55061,4.6872,4.08288e+06,2.79405e+06,1.24362e+07,0,370340,0,0,62.338,61.3098,8.04452,0,1,1.38855,1.38855,0,1.03117,1.90512,8.48506e+06,3.73462e+06,1.17819e+07,0,348659,0,0
80.2331,85.1408,5.01798,0,0.08,3.04638,3.04638,0,0.57081,4.6872,4.08288e+06,2.79405e+06,1.2438e+07,0,370393,0,0,62.338,61.3098,6.906,0,1,1.38875,1.38875,0,1.07279,1.90512,8.48506e+06,3.73462e+06,1.17836e+07,0,348708,0,0
81.217,85.1408,4.5943,0,0.08,3.04681,3.04681,0,0.570891,4.6872,4.08288e+06,2.79405e+06,1.24398e+07,0,370446,0,0,62.338,61.3098,7.79814,0,1,1.38894,1.38894,0,1.07295,1.90512,8.48506e+06,3.73462e+06,1.17853e+07,0,348758,0,0
81.4272,85.1408,3.71381,0,0.08,3.04724,3.04724,0,0.570972,4.6872,4.08288e+06,2.79405e+06,1.24415e+07,0,370499,0,0,62.338,61.3098,5.22483,0,1,1.38914,1.38914,0,1.0731,1.90512,8.48506e+06,3.73462e+06,1.17869e+07,0,348808,0,0
81.2952,85.1408,3.29093,0,0.08,3.00567,3.00567,0,0.571053,4.6872,4.08288e+06,2.79405e+06,1.22718e+07,0,365444,0,0,62.338,61.3098,3.49022,0,1,1.36848,1.36848,0,1.07325,1.90512,8.48506e+06,3.73462e+06,1.16116e+07,0,343619,0,0
81.2835,85.1408,3.36347,0,0.08,3.0061,3.0061,0,0.563263,4.6872,4.08288e+06,2.79405e+06,1.22735e+07,0,365496,0,0,62.338,61.3098,3.60998,0,1,1.36867,1.36867,0,1.05728,1.90512,8.48506e+06,3.73462e+06,1.16132e+07,0,343667,0,0
80.8493,85.1408,2.87623,0,0.08,3.00653,3.00653,0,0.563343,4.6872,4.08288e+06,2.79405e+06,1.22753e+07,0,365548,0,0,62.338,61.3098,3.41623,0,1,1.36887,1.36887,0,1.05743,1.90512,8.48506e+06,3.73462e+06,1.16149e+07,0,343716,0,0
80.3076,85.1408,2.77993,0,0.08,3.00696,3.00696,0,0.563423,4.6872,4.08288e+06,2.79405e+06,1.2277e+07,0,365600,0,0,62.338,61.3098,3.48146,0,1,1.36906,1.36906,0,1.05759,1.90512,8.48506e+06,3.73462e+06,1.16166e+07,0,343765,0,0
79.4696,85.1408,2.50898,0,0.08,3.15004,3.15004,0,0.563503,4.6872,4.08288e+06,2.79405e+06,1.28613e+07,0,382998,0,0,62.338,61.3098,2.78098,0,1,1.44328,1.44328,0,1.05774,1.90512,8.48506e+06,3.73462e+06,1.22463e+07,0,362403,0,0
78.5419,85.1408,2.39047,0,0.08,3.15049,3.15049,0,0.590318,4.6872,4.08288e+06,2.79405e+06,1.28631e+07,0,383052,0,0,62.338,61.3098,2.71366,0,1,1.44349,1.44349,0,1.11508,1.90512,8.48506e+06,3.73462e+06,1.22481e+07,0,362454,0,0
77.5024,85.1408,2.27001,0,0.08,3.15094,3.15094,0,0.590402,4.6872,4.08288e+06,2.79405e+06,1.28649e+07,0,383107,0,0,62.338,61.3098,2.8681,0,1,1.44369,1.44369,0,1.11524,1.90512,8.48506e+06,3.73462e+06,1.22498e+07,0,362506,0,0
76.3012,85.1408,2.10674,0,0.08,3.15139,3.15139,0,0.590486,4.6872,4.08288e+06,2.79405e+06,1.28667e+07,0,383161,0,0,62.338,61.3098,2.76851,0,1,1.4439,1.4439,0,1.1154,1.90512,8.48506e+06,3.73462e+06,1.22516e+07,0,362557,0,0
74.9496,85.1408,1.87136,0.01,0.08,3.15184,3.15184,0,0.59057,4.6872,4.08288e+06,2.79405e+06,1.28686e+07,0,383216,0,0,62.326,61.3098,2.46599,0,1,1.44411,1.44411,0,1.11556,1.90512,8.48506e+06,3.73462e+06,1.22533e+07,0,362609,0,0
73.4278,85.1408,1.65977,0.01,0.08,3.12405,3.12405,0,0.590654,4.6872,4.08288e+06,2.79405e+06,1.27551e+07,0,379838,0,0,62.2202,61.3098,1.9919,0,1,1.48503,1.48503,0,1.11572,1.90512,8.48506e+06,3.73462e+06,1.26005e+07,0,372884,0,0
71.7961,85.1408,1.51606,0.01,0.08,3.1245,3.1245,0,0.585448,4.6872,4.08288e+06,2.79405e+06,1.2757e+07,0,379892,0,0,62.0662,61.3098,1.90623,0,1,1.48524,1.48524,0,1.14733,1.90512,8.48506e+06,3.73462e+06,1.26023e+07,0,372937,0,0
70.1202,85.1408,1.42601,0.01,0.08,3.12494,3.12494,0,0.585531,4.6872,4.08288e+06,2.79405e+06,1.27588e+07,0,379946,0,0,61.8228,61.3098,1.8473,0,1,1.48545,1.48545,0,1.1475,1.90512,8.48506e+06,3.73462e+06,1.26041e+07,0,372990,0,0
68.3017,85.1408,1.26491,0.01,0.08,3.12539,3.12539,0,0.585614,4.6872,4.08288e+06,2.79405e+06,1.27606e+07,0,380000,0,0,61.4049,61.3098,1.75921,0,1,1.48566,1.48566,0,1.14766,1.90512,8.48506e+06,3.73462e+06,1.26059e+07,0,373043,0,0
66.316,85.1408,1.12916,0.02,0.08,3.19878,3.19878,0,0.585698,4.6872,4.08288e+06,2.79405e+06,1.30602e+07,0,388923,0,0,60.8389,61.3098,1.54267,0,1,1.52218,1.52218,0,1.14782,1.90512,8.48506e+06,3.73462e+06,1.29158e+07,0,382213,0,0
64.253,85.1408,1.01869,0.06,0.08,3.18707,3.19924,0,0.599452,4.6872,4.08288e+06,2.79405e+06,1.30124e+07,0,388979,0,0,60.1656,61.3098,1.48175,0,1,1.53457,1.5224,0,1.17604,1.90512,8.48506e+06,3.73462e+06,1.30209e+07,0,382268,0,0
62.1254,85.1408,0.928974,0.07,0.08,3.18774,3.19969,0,0.597256,4.6872,4.08288e+06,2.79405e+06,1.30152e+07,0,389034,0,0,59.4676,61.3098,1.36132,0,1,1.53457,1.52261,0,1.18561,1.90512,8.48506e+06,3.73462e+06,1.30209e+07,0,382322,0,0
59.9169,85.1408,0.809383,0.07,0.08,3.18841,3.20015,0,0.597382,4.6872,4.08288e+06,2.79405e+06,1.30179e+07,0,389089,0,0,58.4353,61.3098,1.34877,0,1,1.53457,1.52283,0,1.18561,1.90512,8.48506e+06,3.73462e+06,1.30209e+07,0,382377,0,0
57.3895,85.1408,0.617431,0.06,0.08,3.40284,3.41436,0,0.597508,4.6872,4.08288e+06,2.79405e+06,1.38934e+07,0,415134,0,0,57.0503,61.3098,0.960289,0,1,1.6657,1.65418,0,1.18561,1.90512,8.48506e+06,3.73462e+06,1.41335e+07,0,415357,0,0
54.7976,85.1408,0.516591,0.1,0.08,3.41484,3.41484,0,0.637692,4.6872,4.08288e+06,2.79405e+06,1.39424e+07,0,415193,0,0,55.6501,61.3098,0.757935,0,1,1.65441,1.65441,0,1.28692,1.90512,8.48506e+06,3.73462e+06,1.40378e+07,0,415416,0,0
52.2846,85.1408,0.556395,0.1,0.08,3.41533,3.41533,0,0.639942,4.6872,4.08288e+06,2.79405e+06,1.39444e+07,0,415252,0,0,54.3595,61.3098,0.764621,0,1,1.65465,1.65465,0,1.2782,1.90512,8.48506e+06,3.73462e+06,1.40398e+07,0,415475,0,0
50.0845,85.1408,0.861813,0.1,0.08,3.41582,3.41582,0,0.640033,4.6872,4.08288e+06,2.79405e+06,1.39464e+07,0,415311,0,0,53.2551,61.3098,0.91756,0,1,1.65488,1.65488,0,1.27838,1.90512,8.48506e+06,3.73462e+06,1.40418e+07,0,415534,0,0
48.2307,85.1408,1.20272,0.13,0.08,3.4163,3.4163,0,0.640124,4.6872,4.08288e+06,2.79405e+06,1.39484e+07,0,415370,0,0,52.4517,61.3098,1.19822,0,1,1.65512,1.65512,0,1.27856,1.90512,8.48506e+06,3.73462e+06,1.40438e+07,0,415593,0,0
46.3627,85.1408,1.08228,0.14,0.08,3.31254,3.31254,0,0.640215,4.6872,4.08288e+06,2.79405e+06,1.35247e+07,0,402754,0,0,51.8587,61.3098,1.44632,0,1,1.57571,1.57571,0,1.27874,1.90512,8.48506e+06,3.73462e+06,1.337e+07,0,395653,0,0
44.7878,85.1408,1.40277,0.12,0.08,3.31301,3.31301,0,0.620769,4.6872,4.08288e+06,2.79405e+06,1.35266e+07,0,402812,0,0,51.575,61.3098,1.53836,0,1,1.57593,1.57593,0,1.21739,1.90512,8.48506e+06,3.73462e+06,1.33719e+07,0,395710,0,0
43.7797,85.1408,2.03484,0.12,0.08,3.31348,3.31348,0,0.620858,4.6872,4.08288e+06,2.79405e+06,1.35285e+07,0,402869,0,0,51.6469,61.3098,2.57399,0,1,1.57615,1.57615,0,1.21756,1.90512,8.48506e+06,3.73462e+06,1.33738e+07,0,395766,0,0
42.4561,85.1408,1.77968,0.11,0.08,3.31395,3.31395,0,0.620946,4.6872,4.08288e+06,2.79405e+06,1.35305e+07,0,402926,0,0,51.5101,61.3098,1.95505,0,1,1.57638,1.57638,0,1.21774,1.90512,8.48506e+06,3.73462e+06,1.33757e+07,0,395822,0,0
42.9945,85.1408,3.66855,0.17,0.08,3.2288,3.2288,0,0.621034,4.6872,4.08288e+06,2.79405e+06,1.31828e+07,0,392573,0,0,51.4715,61.3098,1.89691,0,1,1.50406,1.50406,0,1.21791,1.90512,8.48506e+06,3.73462e+06,1.27621e+07,0,377664,0,0
43.1215,85.1408,3.25042,0.11,0.08,3.19897,3.22926,0,0.605078,4.6872,4.08288e+06,2.79405e+06,1.3061e+07,0,392629,0,0,51.9529,61.3098,4.0369,0,1,1.53457,1.50428,0,1.16204,1.90512,8.48506e+06,3.73462e+06,1.30209e+07,0,377718,0,0
43.7146,85.1408,3.72108,0.11,0.08,3.19965,3.22972,0,0.599488,4.6872,4.08288e+06,2.79405e+06,1.30638e+07,0,392685,0,0,52.0026,61.3098,1.9491,0,1,1.53457,1.50449,0,1.18561,1.90512,8.48506e+06,3.73462e+06,1.30209e+07,0,377772,0,0
44.9829,85.1408,4.47828,0.1,0.08,3.20032,3.23018,0,0.599614,4.6872,4.08288e+06,2.79405e+06,1.30665e+07,0,392741,0,0,52.5803,61.3098,3.74791,0,1,1.53457,1.50471,0,1.18561,1.90512,8.48506e+06,3.73462e+06,1.30209e+07,0,377825,0,0
45.538,85.1408,3.45755,0.1,0.08,2.95769,2.98734,0,0.59974,4.6872,4.08288e+06,2.79405e+06,1.20759e+07,0,363215,0,0,53.6857,61.3098,4.44668,0,1,1.3834,1.35376,0,1.18561,1.90512,8.48506e+06,3.73462e+06,1.17382e+07,0,339922,0,0
46.1252,85.1408,3.39827,0.12,0.08,2.80716,2.98776,0,0.554271,4.6872,4.08288e+06,2.79405e+06,1.14613e+07,0,363266,0,0,54.2665,61.3098,4.46287,0,1,1.53454,1.35395,0,1.06882,1.90512,8.48506e+06,3.73462e+06,1.30207e+07,0,339971,0,0
46.1573,85.1408,2.81778,0.13,0.08,2.80778,2.98819,0,0.526063,4.6872,4.08288e+06,2.79405e+06,1.14638e+07,0,363318,0,0,54.044,61.3098,2.02235,0,1,1.53454,1.35414,0,1.18559,1.90512,8.48506e+06,3.73462e+06,1.30207e+07,0,340019,0,0
45.4871,85.1408,2.08031,0.13,0.08,2.8084,2.98861,0,0.526178,4.6872,4.08288e+06,2.79405e+06,1.14664e+07,0,363370,0,0,53.8918,61.3098,2.03781,0,1,1.53454,1.35433,0,1.18559,1.90512,8.48506e+06,3.73462e+06,1.30207e+07,0,340067,0,0
46.2921,85.1408,3.68617,0.14,0.08,2.80902,2.98904,0,0.526294,4.6872,4.08288e+06,2.79405e+06,1.14689e+07,0,363421,0,0,53.7732,61.3098,2.39713,0,1,1.53454,1.35453,0,1.18559,1.90512,8.48506e+06,3.73462e+06,1.30207e+07,0,340116,0,0
45.7425,85.1408,2.27488,0.15,0.08,2.90327,3.0831,0,0.52641,4.6872,4.08288e+06,2.79405e+06,1.18537e+07,0,374858,0,0,53.9832,61.3098,2.19992,0,1,1.57834,1.39852,0,1.18559,1.90512,8.48506e+06,3.73462e+06,1.33923e+07,0,351162,0,0
47.7306,85.1408,4.84267,0.16,0.08,2.94768,3.08351,0,0.544073,4.6872,4.08288e+06,2.79405e+06,1.2035e+07,0,374908,0,0,54.4889,61.3098,2.81198,0,1,1.53454,1.3987,0,1.21943,1.90512,8.48506e+06,3.73462e+06,1.30207e+07,0,351209,0,0
59.3354,85.1408,15.0026,0.17,0.08,2.94828,3.08393,0,0.552395,4.6872,4.08288e+06,2.79405e+06,1.20375e+07,0,374959,0,0,56.1117,61.3098,5.64487,0,1,1.53454,1.39889,0,1.18559,1.90512,8.48506e+06,3.73462e+06,1.30207e+07,0,351256,0,0
64.2794,85.1408,8.35246,0.11,0.08,2.94888,3.08434,0,0.552507,4.6872,4.08288e+06,2.79405e+06,1.20399e+07,0,375009,0,0,57.442,61.3098,4.71308,0,1,1.53454,1.39908,0,1.18559,1.90512,8.48506e+06,3.73462e+06,1.30207e+07,0,351303,0,0
67.5236,85.1408,6.82211,0.06,0.08,3.25036,3.38563,0,0.55262,4.6872,4.08288e+06,2.79405e+06,1.32708e+07,0,411642,0,0,58.4534,61.3098,5.6355,0,1,1.69906,1.56379,0,1.18559,1.90512,8.48506e+06,3.73462e+06,1.44166e+07,0,392661,0,0
70.3889,85.1408,6.55631,0.06,0.08,3.38609,3.38609,0,0.609117,4.6872,4.08288e+06,2.79405e+06,1.3825e+07,0,411697,0,0,59.5183,61.3098,5.70299,0,1,1.564,1.564,0,1.3127,1.90512,8.48506e+06,3.73462e+06,1.32706e+07,0,392714,0,0
73.7154,85.1408,7.06926,0.03,0.08,3.38654,3.38654,0,0.634553,4.6872,4.08288e+06,2.79405e+06,1.38268e+07,0,411752,0,0,60.4239,61.3098,5.33544,0,1,1.56421,1.56421,0,1.20835,1.90512,8.48506e+06,3.73462e+06,1.32724e+07,0,392766,0,0
78.6861,85.1408,8.92054,0.02,0.08,3.38699,3.38699,0,0.634638,4.6872,4.08288e+06,2.79405e+06,1.38287e+07,0,411807,0,0,62.2427,61.3098,7.43916,0,1,1.56442,1.56442,0,1.20851,1.90512,8.48506e+06,3.73462e+06,1.32742e+07,0,392819,0,0
85.1408,85.1408,11.1762,0,0.08,2.95807,2.95807,0,0.634723,4.6872,4.08288e+06,2.79405e+06,1.20774e+07,0,359656,0,0,62.338,61.3098,10.6622,0,1,1.34372,1.34372,0,1.20867,1.90512,8.48506e+06,3.73462e+06,1.14015e+07,0,337402,0,0
85.1408,85.1408,8.86595,0,0.08,2.95846,2.95846,0,0.554342,4.6872,4.08288e+06,2.79405e+06,1.20791e+07,0,359704,0,0,62.338,61.3098,8.06813,0,1,1.3439,1.3439,0,1.03816,1.90512,8.48506e+06,3.73462e+06,1.1403e+07,0,337447,0,0
85.1408,85.1408,7.16834,0,0.08,2.95886,2.95886,0,0.554416,4.6872,4.08288e+06,2.79405e+06,1.20807e+07,0,359753,0,0,62.338,61.3098,6.0245,0,1,1.34408,1.34408,0,1.03829,1.90512,8.48506e+06,3.73462e+06,1.14046e+07,0,337492,0,0
85.1408,85.1408,8.09391,0,0.08,2.95926,2.95926,0,0.55449,4.6872,4.08288e+06,2.79405e+06,1.20823e+07,0,359801,0,0,62.338,61.3098,7.79412,0,1,1.34426,1.34426,0,1.03843,1.90512,8.48506e+06,3.73462e+06,1.14061e+07,0,337537,0,0
85.1408,85.1408,10.1405,0,0.08,2.95965,2.95965,0,0.554565,4.6872,4.08288e+06,2.79405e+06,1.20839e+07,0,359849,0,0,62.338,61.3098,9.21098,0,1,1.34444,1.34444,0,1.03857,1.90512,8.48506e+06,3.73462e+06,1.14076e+07,0,337583,0,0
85.1408,85.1408,7.69216,0,0.08,3.0682,3.0682,0,0.554639,4.6872,4.08288e+06,2.79405e+06,1.25271e+07,0,373047,0,0,62.338,61.3098,8.20952,0,1,1.3987,1.3987,0,1.03871,1.90512,8.48506e+06,3.73462e+06,1.1868e+07,0,351207,0,0
85.1408,85.1408,8.56154,0,0.08,3.06861,3.06861,0,0.574981,4.6872,4.08288e+06,2.79405e+06,1.25288e+07,0,373097,0,0,62.338,61.3098,8.36014,0,1,1.39888,1.39888,0,1.08063,1.90512,8.48506e+06,3.73462e+06,1.18696e+07,0,351254,0,0
85.1408,85.1408,7.0929,0,0.08,3.06903,3.06903,0,0.575058,4.6872,4.08288e+06,2.79405e+06,1.25305e+07,0,373147,0,0,62.338,61.3098,7.89706,0,1,1.39907,1.39907,0,1.08078,1.90512,8.48506e+06,3.73462e+06,1.18712e+07,0,351301,0,0
85.1408,85.1408,5.72164,0,0.08,3.06944,3.06944,0,0.575135,4.6872,4.08288e+06,2.79405e+06,1.25321e+07,0,373197,0,0,62.338,61.3098,5.3131,0,1,1.39926,1.39926,0,1.08092,1.90512,8.48506e+06,3.73462e+06,1.18728e+07,0,351348,0,0
85.1408,85.1408,5.08426,0,0.08,3.02754,3.02754,0,0.575212,4.6872,4.08288e+06,2.79405e+06,1.23611e+07,0,368103,0,0,62.338,61.3098,3.79283,0,1,1.37843,1.37843,0,1.08107,1.90512,8.48506e+06,3.73462e+06,1.16961e+07,0,346118,0,0
85.1408,85.1408,4.86764,0,0.08,3.02794,3.02794,0,0.567361,4.6872,4.08288e+06,2.79405e+06,1.23627e+07,0,368152,0,0,62.338,61.3098,3.61721,0,1,1.37862,1.37862,0,1.06498,1.90512,8.48506e+06,3.73462e+06,1.16976e+07,0,346165,0,0
85.1408,85.1408,4.39571,0,0.08,3.02835,3.02835,0,0.567437,4.6872,4.08288e+06,2.79405e+06,1.23644e+07,0,368201,0,0,62.338,61.3098,3.4808,0,1,1.3788,1.3788,0,1.06512,1.90512,8.48506e+06,3.73462e+06,1.16992e+07,0,346211,0,0
85.1408,85.1408,4.2301,0,0.08,3.02875,3.02875,0,0.567513,4.6872,4.08288e+06,2.79405e+06,1.2366e+07,0,368251,0,0,62.338,61.3098,3.13644,0,1,1.37899,1.37899,0,1.06526,1.90512,8.48506e+06,3.73462e+06,1.17008e+07,0,346257,0,0
85.1408,85.1408,3.84032,0,0.08,3.17285,3.17285,0,0.567589,4.6872,4.08288e+06,2.79405e+06,1.29544e+07,0,385771,0,0,62.338,61.3098,2.54343,0,1,1.45374,1.45374,0,1.0654,1.90512,8.48506e+06,3.73462e+06,1.2335e+07,0,365027,0,0
85.1408,85.1408,3.79237,0,0.08,3.17328,3.17328,0,0.594593,4.6872,4.08288e+06,2.79405e+06,1.29561e+07,0,385823,0,0,62.338,61.3098,2.8372,0,1,1.45393,1.45393,0,1.12316,1.90512,8.48506e+06,3.73462e+06,1.23367e+07,0,365076,0,0
85.1408,85.1408,3.45407,0,0.08,3.17371,3.17371,0,0.594673,4.6872,4.08288e+06,2.79405e+06,1.29579e+07,0,385874,0,0,62.338,61.3098,2.48318,0,1,1.45412,1.45412,0,1.12331,1.90512,8.48506e+06,3.73462e+06,1.23383e+07,0,365125,0,0
85.0637,85.1408,3.17466,0,0.08,3.17413,3.17413,0,0.594752,4.6872,4.08288e+06,2.79405e+06,1.29596e+07,0,385926,0,0,62.338,61.3098,2.07862,0,1,1.45432,1.45432,0,1.12346,1.90512,8.48506e+06,3.73462e+06,1.234e+07,0,365174,0,0
85.0687,85.1408,3.259,0,0.08,3.17456,3.17456,0,0.594832,4.6872,4.08288e+06,2.79405e+06,1.29613e+07,0,385978,0,0,62.2732,61.3098,2.04483,0,1,1.45451,1.45451,0,1.12361,1.90512,8.48506e+06,3.73462e+06,1.23416e+07,0,365222,0,0
85.1408,85.1408,3.37826,0,0.08,3.14654,3.14654,0,0.594912,4.6872,4.08288e+06,2.79405e+06,1.2847e+07,0,382572,0,0,62.1645,61.3098,2.13558,0,1,1.49572,1.49572,0,1.12376,1.90512,8.48506e+06,3.73462e+06,1.26913e+07,0,375569,0,0
85.0507,85.1408,3.1574,0,0.08,3.14697,3.14697,0,0.589662,4.6872,4.08288e+06,2.79405e+06,1.28487e+07,0,382623,0,0,62.0308,61.3098,2.05025,0,1,1.49592,1.49592,0,1.15559,1.90512,8.48506e+06,3.73462e+06,1.2693e+07,0,375619,0,0
84.6768,85.1408,2.87093,0.01,0.08,3.14739,3.14739,0,0.589741,4.6872,4.08288e+06,2.79405e+06,1.28504e+07,0,382675,0,0,61.8181,61.3098,1.95159,0,1,1.49612,1.49612,0,1.15575,1.90512,8.48506e+06,3.73462e+06,1.26947e+07,0,375669,0,0
84.0649,85.1408,2.60986,0.01,0.08,3.14781,3.14781,0,0.58982,4.6872,4.08288e+06,2.79405e+06,1.28521e+07,0,382726,0,0,61.5955,61.3098,1.78924,0,1,1.49632,1.49632,0,1.1559,1.90512,8.48506e+06,3.73462e+06,1.26964e+07,0,375720,0,0
83.6928,85.1408,2.89889,0.01,0.08,3.2217,3.2217,0,0.589899,4.6872,4.08288e+06,2.79405e+06,1.31538e+07,0,391710,0,0,61.2059,61.3098,1.79975,0,1,1.53309,1.53309,0,1.15606,1.90512,8.48506e+06,3.73462e+06,1.30083e+07,0,384952,0,0
83.0043,85.1408,2.57381,0.01,0.08,3.22214,3.22214,0,0.603747,4.6872,4.08288e+06,2.79405e+06,1.31556e+07,0,391763,0,0,60.742,61.3098,1.67976,0,1,1.53329,1.53329,0,1.18446,1.90512,8.48506e+06,3.73462e+06,1.30101e+07,0,385004,0,0
82.0943,85.1408,2.34166,0.01,0.08,3.22257,3.22257,0,0.603828,4.6872,4.08288e+06,2.79405e+06,1.31574e+07,0,391815,0,0,60.2556,61.3098,1.58993,0,1,1.5335,1.5335,0,1.18462,1.90512,8.48506e+06,3.73462e+06,1.30118e+07,0,385055,0,0
80.8642,85.1408,1.99435,0.01,0.08,3.223,3.223,0,0.603909,4.6872,4.08288e+06,2.79405e+06,1.31591e+07,0,391868,0,0,59.6422,61.3098,1.57779,0,1,1.5337,1.5337,0,1.18478,1.90512,8.48506e+06,3.73462e+06,1.30136e+07,0,385107,0,0
79.3771,85.1408,1.90498,0.01,0.08,3.43871,3.43871,0,0.60399,4.6872,4.08288e+06,2.79405e+06,1.40398e+07,0,418095,0,0,58.8593,61.3098,1.39759,0,1,1.66597,1.66597,0,1.18494,1.90512,8.48506e+06,3.73462e+06,1.41359e+07,0,418319,0,0
78.0296,85.1408,2.02504,0.02,0.08,3.43917,3.43917,0,0.644414,4.6872,4.08288e+06,2.79405e+06,1.40417e+07,0,418151,0,0,58.0312,61.3098,1.41325,0,1,1.6662,1.6662,0,1.28713,1.90512,8.48506e+06,3.73462e+06,1.41378e+07,0,418375,0,0
76.4527,85.1408,1.80504,0.02,0.08,3.43963,3.43963,0,0.6445,4.6872,4.08288e+06,2.79405e+06,1.40436e+07,0,418207,0,0,57.245,61.3098,1.35406,0,1,1.66642,1.66642,0,1.2873,1.90512,8.48506e+06,3.73462e+06,1.41397e+07,0,418431,0,0
74.9243,85.1408,1.82949,0.05,0.08,3.44009,3.44009,0,0.644587,4.6872,4.08288e+06,2.79405e+06,1.40455e+07,0,418263,0,0,56.731,61.3098,1.46604,0,1,1.66664,1.66664,0,1.28748,1.90512,8.48506e+06,3.73462e+06,1.41416e+07,0,418487,0,0
73.5974,85.1408,2.0257,0.05,0.08,3.44055,3.44055,0,0.644673,4.6872,4.08288e+06,2.79405e+06,1.40474e+07,0,418319,0,0,56.2511,61.3098,1.85174,0,1,1.66687,1.66687,0,1.28765,1.90512,8.48506e+06,3.73462e+06,1.41435e+07,0,418543,0,0
72.8319,85.1408,2.5078,0.06,0.08,3.33602,3.33602,0,0.644759,4.6872,4.08288e+06,2.79405e+06,1.36206e+07,0,405610,0,0,55.9719,61.3098,2.09683,0,1,1.58688,1.58688,0,1.28782,1.90512,8.48506e+06,3.73462e+06,1.34648e+07,0,398458,0,0
71.9687,85.1408,2.4229,0.05,0.08,3.33647,3.33647,0,0.625171,4.6872,4.08288e+06,2.79405e+06,1.36224e+07,0,405664,0,0,55.682,61.3098,2.04431,0,1,1.58709,1.58709,0,1.22602,1.90512,8.48506e+06,3.73462e+06,1.34666e+07,0,398512,0,0
71.4563,85.1408,2.86231,0.05,0.08,3.33692,3.33692,0,0.625254,4.6872,4.08288e+06,2.79405e+06,1.36242e+07,0,405718,0,0,55.6047,61.3098,2.62826,0,1,1.5873,1.5873,0,1.22619,1.90512,8.48506e+06,3.73462e+06,1.34684e+07,0,398565,0,0
70.9132,85.1408,2.91939,0.05,0.08,3.33736,3.33736,0,0.625338,4.6872,4.08288e+06,2.79405e+06,1.36261e+07,0,405773,0,0,55.3165,61.3098,2.06088,0,1,1.58752,1.58752,0,1.22635,1.90512,8.48506e+06,3.73462e+06,1.34702e+07,0,398619,0,0
69.128,85.1408,1.48628,0.05,0.08,3.25159,3.25159,0,0.625422,4.6872,4.08288e+06,2.79405e+06,1.32758e+07,0,395344,0,0,55.1452,61.3098,1.71549,0,1,1.51468,1.51468,0,1.22651,1.90512,8.48506e+06,3.73462e+06,1.28521e+07,0,380329,0,0
67.5882,85.1408,1.72803,0.05,0.08,3.25202,3.25202,0,0.609347,4.6872,4.08288e+06,2.79405e+06,1.32776e+07,0,395397,0,0,55.201,61.3098,2.35016,0,1,1.51488,1.51488,0,1.17024,1.90512,8.48506e+06,3.73462e+06,1.28538e+07,0,380380,0,0
66.9794,85.1408,2.70476,0.08,0.08,3.23299,3.25246,0,0.609429,4.6872,4.08288e+06,2.79405e+06,1.31999e+07,0,395450,0,0,55.5909,61.3098,3.07335,0,1,1.53455,1.51508,0,1.1704,1.90512,8.48506e+06,3.73462e+06,1.30208e+07,0,380431,0,0
68.0644,85.1408,4.41434,0.07,0.08,3.23362,3.25289,0,0.605861,4.6872,4.08288e+06,2.79405e+06,1.32025e+07,0,395502,0,0,56.3729,61.3098,3.86411,0,1,1.53455,1.51529,0,1.1856,1.90512,8.48506e+06,3.73462e+06,1.30208e+07,0,380482,0,0
69.1418,85.1408,4.26473,0.08,0.08,2.98925,3.00832,0,0.605981,4.6872,4.08288e+06,2.79405e+06,1.22047e+07,0,365766,0,0,56.7981,61.3098,3.61727,0,1,1.38233,1.36326,0,1.1856,1.90512,8.48506e+06,3.73462e+06,1.17291e+07,0,342310,0,0
70.865,85.1408,4.94599,0.05,0.08,3.00872,3.00872,0,0.560185,4.6872,4.08288e+06,2.79405e+06,1.22842e+07,0,365815,0,0,57.235,61.3098,3.84408,0,1,1.36345,1.36345,0,1.06799,1.90512,8.48506e+06,3.73462e+06,1.15689e+07,0,342355,0,0
71.8855,85.1408,4.24292,0.05,0.08,3.00912,3.00912,0,0.563834,4.6872,4.08288e+06,2.79405e+06,1.22859e+07,0,365863,0,0,57.6589,61.3098,3.7286,0,1,1.36363,1.36363,0,1.0534,1.90512,8.48506e+06,3.73462e+06,1.15705e+07,0,342401,0,0
74.9272,85.1408,6.26218,0.04,0.08,3.00952,3.00952,0,0.563909,4.6872,4.08288e+06,2.79405e+06,1.22875e+07,0,365912,0,0,58.0254,61.3098,4.02336,0,1,1.36381,1.36381,0,1.05354,1.90512,8.48506e+06,3.73462e+06,1.1572e+07,0,342447,0,0
78.32,85.1408,6.71278,0.04,0.08,3.00993,3.00993,0,0.563985,4.6872,4.08288e+06,2.79405e+06,1.22892e+07,0,365961,0,0,58.603,61.3098,4.71131,0,1,1.36399,1.36399,0,1.05368,1.90512,8.48506e+06,3.73462e+06,1.15736e+07,0,342493,0,0
79.5506,85.1408,4.7689,0,0.08,3.10462,3.10462,0,0.56406,4.6872,4.08288e+06,2.79405e+06,1.26758e+07,0,377475,0,0,59.2878,61.3098,3.87735,0,1,1.40828,1.40828,0,1.05382,1.90512,8.48506e+06,3.73462e+06,1.19493e+07,0,353613,0,0
79.8568,85.1408,3.76091,0,0.08,3.10501,3.10501,0,0.581806,4.6872,4.08288e+06,2.79405e+06,1.26774e+07,0,377522,0,0,59.6967,61.3098,2.99944,0,1,1.40846,1.40846,0,1.08804,1.90512,8.48506e+06,3.73462e+06,1.19508e+07,0,353657,0,0
79.6564,85.1408,3.23125,0.01,0.08,3.1054,3.1054,0,0.581879,4.6872,4.08288e+06,2.79405e+06,1.2679e+07,0,377570,0,0,60.0793,61.3098,2.72224,0,1,1.40863,1.40863,0,1.08817,1.90512,8.48506e+06,3.73462e+06,1.19523e+07,0,353702,0,0
79.5491,85.1408,3.32984,0.02,0.08,3.10579,3.10579,0,0.581952,4.6872,4.08288e+06,2.79405e+06,1.26806e+07,0,377617,0,0,60.7417,61.3098,3.37292,0,1,1.40881,1.40881,0,1.08831,1.90512,8.48506e+06,3.73462e+06,1.19538e+07,0,353746,0,0
80.4282,85.1408,4.6941,0.02,0.08,3.40915,3.40915,0,0.582026,4.6872,4.08288e+06,2.79405e+06,1.39192e+07,0,414501,0,0,61.1022,61.3098,3.09905,0,1,1.57465,1.57465,0,1.08845,1.90512,8.48506e+06,3.73462e+06,1.3361e+07,0,395389,0,0
81.7983,85.1408,5.19905,0.01,0.08,3.40958,3.40958,0,0.638875,4.6872,4.08288e+06,2.79405e+06,1.39209e+07,0,414553,0,0,61.3791,61.3098,3.07348,0,1,1.57485,1.57485,0,1.21658,1.90512,8.48506e+06,3.73462e+06,1.33627e+07,0,395439,0,0
82.7585,85.1408,4.79669,0.01,0.08,3.41001,3.41001,0,0.638955,4.6872,4.08288e+06,2.79405e+06,1.39227e+07,0,414605,0,0,61.6205,61.3098,2.93359,0,1,1.57505,1.57505,0,1.21673,1.90512,8.48506e+06,3.73462e+06,1.33644e+07,0,395488,0,0
83.7411,85.1408,4.79931,0.01,0.08,3.41044,3.41044,0,0.639036,4.6872,4.08288e+06,2.79405e+06,1.39244e+07,0,414657,0,0,61.9322,61.3098,3.16321,0,1,1.57525,1.57525,0,1.21688,1.90512,8.48506e+06,3.73462e+06,1.33661e+07,0,395538,0,0
85.1408,85.1408,6.08705,0.01,0.08,2.97852,2.97852,0,0.639116,4.6872,4.08288e+06,2.79405e+06,1.21609e+07,0,362142,0,0,62.338,61.3098,5.19735,0,1,1.35301,1.35301,0,1.21704,1.90512,8.48506e+06,3.73462e+06,1.14803e+07,0,339734,0,0
85.1408,85.1408,7.00126,0,0.08,2.97889,2.97889,0,0.558174,4.6872,4.08288e+06,2.79405e+06,1.21625e+07,0,362188,0,0,62.338,61.3098,4.96866,0,1,1.35318,1.35318,0,1.04533,1.90512,8.48506e+06,3.73462e+06,1.14818e+07,0,339777,0,0
85.1408,85.1408,7.02099,0,0.08,2.97926,2.97926,0,0.558244,4.6872,4.08288e+06,2.79405e+06,1.2164e+07,0,362233,0,0,62.338,61.3098,5.99148,0,1,1.35335,1.35335,0,1.04546,1.90512,8.48506e+06,3.73462e+06,1.14832e+07,0,339820,0,0
85.1408,85.1408,7.36625,0,0.08,2.97964,2.97964,0,0.558314,4.6872,4.08288e+06,2.79405e+06,1.21655e+07,0,362279,0,0,62.338,61.3098,6.07247,0,1,1.35352,1.35352,0,1.04559,1.90512,8.48506e+06,3.73462e+06,1.14847e+07,0,339862,0,0
85.1408,85.1408,8.73927,0,0.08,2.98001,2.98001,0,0.558384,4.6872,4.08288e+06,2.79405e+06,1.2167e+07,0,362324,0,0,62.338,61.3098,6.90298,0,1,1.35369,1.35369,0,1.04573,1.90512,8.48506e+06,3.73462e+06,1.14861e+07,0,339905,0,0
85.1408,85.1408,8.39629,0,0.08,3.08928,3.08928,0,0.558455,4.6872,4.08288e+06,2.79405e+06,1.26132e+07,0,375610,0,0,62.338,61.3098,5.47231,0,1,1.40831,1.40831,0,1.04586,1.90512,8.48506e+06,3.73462e+06,1.19496e+07,0,353620,0,0
85.1408,85.1408,7.44629,0,0.08,3.08967,3.08967,0,0.578932,4.6872,4.08288e+06,2.79405e+06,1.26148e+07,0,375657,0,0,62.338,61.3098,7.8919,0,1,1.40848,1.40848,0,1.08806,1.90512,8.48506e+06,3.73462e+06,1.19511e+07,0,353664,0,0
85.1408,85.1408,6.15758,0,0.08,3.09006,3.09006,0,0.579005,4.6872,4.08288e+06,2.79405e+06,1.26163e+07,0,375704,0,0,62.338,61.3098,8.03266,0,1,1.40866,1.40866,0,1.08819,1.90512,8.48506e+06,3.73462e+06,1.19526e+07,0,353709,0,0
85.1408,85.1408,4.6635,0,0.08,3.09045,3.09045,0,0.579077,4.6872,4.08288e+06,2.79405e+06,1.26179e+07,0,375752,0,0,62.338,61.3098,5.63722,0,1,1.40884,1.40884,0,1.08833,1.90512,8.48506e+06,3.73462e+06,1.19541e+07,0,353753,0,0
85.1408,85.1408,3.86403,0,0.08,3.04824,3.04824,0,0.57915,4.6872,4.08288e+06,2.79405e+06,1.24456e+07,0,370619,0,0,62.338,61.3098,2.99415,0,1,1.38786,1.38786,0,1.08847,1.90512,8.48506e+06,3.73462e+06,1.1776e+07,0,348485,0,0
85.1408,85.1408,4.02686,0,0.08,3.04862,3.04862,0,0.57124,4.6872,4.08288e+06,2.79405e+06,1.24472e+07,0,370666,0,0,62.338,61.3098,2.77565,0,1,1.38803,1.38803,0,1.07226,1.90512,8.48506e+06,3.73462e+06,1.17775e+07,0,348528,0,0
85.1408,85.1408,3.56051,0,0.08,3.049,3.049,0,0.571311,4.6872,4.08288e+06,2.79405e+06,1.24487e+07,0,370713,0,0,62.338,61.3098,2.56049,0,1,1.3882,1.3882,0,1.07239,1.90512,8.48506e+06,3.73462e+06,1.1779e+07,0,348572,0,0
85.0664,85.1408,3.26908,0,0.08,3.04939,3.04939,0,0.571383,4.6872,4.08288e+06,2.79405e+06,1.24503e+07,0,370759,0,0,62.338,61.3098,2.7551,0,1,1.38838,1.38838,0,1.07253,1.90512,8.48506e+06,3.73462e+06,1.17805e+07,0,348616,0,0
84.7369,85.1408,3.14506,0,0.08,3.19444,3.19444,0,0.571455,4.6872,4.08288e+06,2.79405e+06,1.30425e+07,0,388396,0,0,62.3325,61.3098,2.40873,0,1,1.46363,1.46363,0,1.07266,1.90512,8.48506e+06,3.73462e+06,1.24189e+07,0,367510,0,0
84.0143,85.1408,2.67475,0,0.08,3.19484,3.19484,0,0.598638,4.6872,4.08288e+06,2.79405e+06,1.30442e+07,0,388444,0,0,62.2977,61.3098,2.04504,0,1,1.46381,1.46381,0,1.1308,1.90512,8.48506e+06,3.73462e+06,1.24205e+07,0,367556,0,0
83.1596,85.1408,2.51136,0,0.08,3.19524,3.19524,0,0.598713,4.6872,4.08288e+06,2.79405e+06,1.30458e+07,0,388493,0,0,62.2849,61.3098,2.07428,0,1,1.46399,1.46399,0,1.13094,1.90512,8.48506e+06,3.73462e+06,1.24221e+07,0,367602,0,0
82.2176,85.1408,2.41085,0,0.08,3.19564,3.19564,0,0.598788,4.6872,4.08288e+06,2.79405e+06,1.30474e+07,0,388542,0,0,62.2415,61.3098,2.01522,0,1,1.46418,1.46418,0,1.13108,1.90512,8.48506e+06,3.73462e+06,1.24236e+07,0,367649,0,0
81.0628,85.1408,2.17129,0,0.08,3.19605,3.19605,0,0.598864,4.6872,4.08288e+06,2.79405e+06,1.30491e+07,0,388591,0,0,62.1675,61.3098,1.89111,0,1,1.46436,1.46436,0,1.13122,1.90512,8.48506e+06,3.73462e+06,1.24252e+07,0,367695,0,0
79.6293,85.1408,1.82956,0,0.08,3.16782,3.16782,0,0.598939,4.6872,4.08288e+06,2.79405e+06,1.29338e+07,0,385159,0,0,61.9104,61.3098,1.87616,0,1,1.50583,1.50583,0,1.13136,1.90512,8.48506e+06,3.73462e+06,1.27771e+07,0,378108,0,0
78.0485,85.1408,1.66852,0,0.08,3.16822,3.16822,0,0.593649,4.6872,4.08288e+06,2.79405e+06,1.29354e+07,0,385207,0,0,61.5737,61.3098,1.71618,0,1,1.50602,1.50602,0,1.16341,1.90512,8.48506e+06,3.73462e+06,1.27787e+07,0,378155,0,0
76.3572,85.1408,1.52381,0.01,0.08,3.16861,3.16861,0,0.593724,4.6872,4.08288e+06,2.79405e+06,1.29371e+07,0,385255,0,0,61.1698,61.3098,1.64193,0,1,1.50621,1.50621,0,1.16355,1.90512,8.48506e+06,3.73462e+06,1.27803e+07,0,378203,0,0
74.6214,85.1408,1.43291,0.03,0.08,3.16901,3.16901,0,0.593798,4.6872,4.08288e+06,2.79405e+06,1.29387e+07,0,385304,0,0,60.6686,61.3098,1.58831,0,1,1.5064,1.5064,0,1.1637,1.90512,8.48506e+06,3.73462e+06,1.27819e+07,0,378250,0,0
72.843,85.1408,1.43395,0.04,0.08,3.24338,3.24338,0,0.593873,4.6872,4.08288e+06,2.79405e+06,1.32423e+07,0,394345,0,0,59.9915,61.3098,1.56301,0,1,1.5434,1.5434,0,1.16384,1.90512,8.48506e+06,3.73462e+06,1.30959e+07,0,387542,0,0
70.983,85.1408,1.333,0.04,0.08,3.24378,3.24378,0,0.607809,4.6872,4.08288e+06,2.79405e+06,1.3244e+07,0,394395,0,0,59.3095,61.3098,1.41868,0,1,1.5436,1.5436,0,1.19243,1.90512,8.48506e+06,3.73462e+06,1.30975e+07,0,387590,0,0
68.9959,85.1408,1.17261,0.04,0.08,3.24419,3.24419,0,0.607885,4.6872,4.08288e+06,2.79405e+06,1.32456e+07,0,394444,0,0,58.6019,61.3098,1.39987,0,1,1.54379,1.54379,0,1.19258,1.90512,8.48506e+06,3.73462e+06,1.30991e+07,0,387639,0,0
66.8496,85.1408,0.998262,0.05,0.08,3.2446,3.2446,0,0.607961,4.6872,4.08288e+06,2.79405e+06,1.32473e+07,0,394494,0,0,57.6698,61.3098,1.37145,0,1,1.54398,1.54398,0,1.19273,1.90512,8.48506e+06,3.73462e+06,1.31008e+07,0,387688,0,0
64.3863,85.1408,0.81806,0.09,0.08,3.46173,3.46173,0,0.608038,4.6872,4.08288e+06,2.79405e+06,1.41338e+07,0,420893,0,0,56.2765,61.3098,1.09398,0,1,1.67712,1.67712,0,1.19288,1.90512,8.48506e+06,3.73462e+06,1.42305e+07,0,421119,0,0
61.8073,85.1408,0.666743,0.1,0.08,3.46216,3.46216,0,0.648727,4.6872,4.08288e+06,2.79405e+06,1.41356e+07,0,420946,0,0,55.116,61.3098,0.808578,0,1,1.67733,1.67733,0,1.29575,1.90512,8.48506e+06,3.73462e+06,1.42323e+07,0,421172,0,0
59.2194,85.1408,0.627374,0.08,0.08,3.46259,3.46259,0,0.648809,4.6872,4.08288e+06,2.79405e+06,1.41374e+07,0,420999,0,0,54.0081,61.3098,1.04384,0,1,1.67754,1.67754,0,1.29591,1.90512,8.48506e+06,3.73462e+06,1.42341e+07,0,421225,0,0
56.6311,85.1408,0.594883,0.11,0.08,3.46303,3.46303,0,0.64889,4.6872,4.08288e+06,2.79405e+06,1.41391e+07,0,421052,0,0,52.8466,61.3098,1.07139,0,1,1.67776,1.67776,0,1.29607,1.90512,8.48506e+06,3.73462e+06,1.42359e+07,0,421277,0,0
54.1075,85.1408,0.619709,0.11,0.08,3.46346,3.46346,0,0.648972,4.6872,4.08288e+06,2.79405e+06,1.41409e+07,0,421105,0,0,51.4679,61.3098,1.04155,0,1,1.67797,1.67797,0,1.29623,1.90512,8.48506e+06,3.73462e+06,1.42376e+07,0,421330,0,0
51.9113,85.1408,0.828507,0.11,0.08,3.35821,3.35821,0,0.649053,4.6872,4.08288e+06,2.79405e+06,1.37112e+07,0,408308,0,0,50.2785,61.3098,0.862864,0,1,1.59743,1.59743,0,1.2964,1.90512,8.48506e+06,3.73462e+06,1.35543e+07,0,401109,0,0
49.6548,85.1408,0.814763,0.1,0.08,3.35863,3.35863,0,0.629329,4.6872,4.08288e+06,2.79405e+06,1.37129e+07,0,408359,0,0,49.2649,61.3098,1.02416,0,1,1.59763,1.59763,0,1.23418,1.90512,8.48506e+06,3.73462e+06,1.3556e+07,0,401159,0,0
47.4701,85.1408,0.883402,0.13,0.08,3.35905,3.35905,0,0.629408,4.6872,4.08288e+06,2.79405e+06,1.37146e+07,0,408410,0,0,48.3792,61.3098,1.13753,0,1,1.59783,1.59783,0,1.23433,1.90512,8.48506e+06,3.73462e+06,1.35577e+07,0,401209,0,0
45.303,85.1408,0.926932,0.12,0.08,3.35948,3.35948,0,0.629487,4.6872,4.08288e+06,2.79405e+06,1.37163e+07,0,408461,0,0,47.536,61.3098,1.18957,0,1,1.59803,1.59803,0,1.23449,1.90512,8.48506e+06,3.73462e+06,1.35594e+07,0,401260,0,0
43.3074,85.1408,1.05933,0.12,0.08,3.2731,3.2731,0,0.629566,4.6872,4.08288e+06,2.79405e+06,1.33637e+07,0,397960,0,0,46.6359,61.3098,1.15426,0,1,1.5247,1.5247,0,1.23464,1.90512,8.48506e+06,3.73462e+06,1.29372e+07,0,382846,0,0
41.1483,85.1408,0.864837,0.12,0.08,3.26386,3.27351,0,0.613379,4.6872,4.08288e+06,2.79405e+06,1.3326e+07,0,398010,0,0,46.2653,61.3098,0.881053,0,1,1.53454,1.52489,0,1.17798,1.90512,8.48506e+06,3.73462e+06,1.30207e+07,0,382894,0,0
39.6785,85.1408,1.62533,0.17,0.08,3.26446,3.27392,0,0.611648,4.6872,4.08288e+06,2.79405e+06,1.33284e+07,0,398060,0,0,46.4714,61.3098,2.58745,0,1,1.53454,1.52508,0,1.18559,1.90512,8.48506e+06,3.73462e+06,1.30207e+07,0,382942,0,0
39.4359,85.1408,2.99659,0.18,0.08,3.26507,3.27434,0,0.611761,4.6872,4.08288e+06,2.79405e+06,1.33309e+07,0,398110,0,0,47.27,61.3098,3.29768,0,1,1.53454,1.52527,0,1.18559,1.90512,8.48506e+06,3.73462e+06,1.30207e+07,0,382990,0,0
38.8442,85.1408,2.29388,0.18,0.08,3.01904,3.02812,0,0.611873,4.6872,4.08288e+06,2.79405e+06,1.23264e+07,0,368174,0,0,47.6771,61.3098,2.09559,0,1,1.38132,1.37224,0,1.18559,1.90512,8.48506e+06,3.73462e+06,1.17205e+07,0,344563,0,0
39.559,85.1408,3.50865,0.18,0.08,2.86639,3.0285,0,0.565769,4.6872,4.08288e+06,2.79405e+06,1.17031e+07,0,368220,0,0,48.0591,61.3098,2.78746,0,1,1.53452,1.37241,0,1.0672,1.90512,8.48506e+06,3.73462e+06,1.30205e+07,0,344606,0,0
40.942,85.1408,4.21385,0.19,0.08,2.86694,3.02888,0,0.537161,4.6872,4.08288e+06,2.79405e+06,1.17054e+07,0,368266,0,0,48.3813,61.3098,2.76174,0,1,1.53452,1.37258,0,1.18557,1.90512,8.48506e+06,3.73462e+06,1.30205e+07,0,344650,0,0
40.6751,85.1408,2.49475,0.2,0.08,2.86749,3.02926,0,0.537264,4.6872,4.08288e+06,2.79405e+06,1.17076e+07,0,368312,0,0,48.4316,61.3098,2.2502,0,1,1.53452,1.37275,0,1.18557,1.90512,8.48506e+06,3.73462e+06,1.30205e+07,0,344693,0,0
40.1189,85.1408,2.21996,0.21,0.08,2.86804,3.02964,0,0.537368,4.6872,4.08288e+06,2.79405e+06,1.17099e+07,0,368358,0,0,48.4711,61.3098,1.99955,0,1,1.53452,1.37293,0,1.18557,1.90512,8.48506e+06,3.73462e+06,1.30205e+07,0,344736,0,0
42.0205,85.1408,4.79385,0.24,0.08,2.9635,3.12493,0,0.537471,4.6872,4.08288e+06,2.79405e+06,1.20996e+07,0,379944,0,0,48.7645,61.3098,2.51909,0,1,1.57892,1.41749,0,1.18557,1.90512,8.48506e+06,3.73462e+06,1.33972e+07,0,355926,0,0
43.2941,85.1408,4.26174,0.25,0.08,3.00844,3.1253,0,0.555361,4.6872,4.08288e+06,2.79405e+06,1.22831e+07,0,379989,0,0,49.1521,61.3098,2.79815,0,1,1.53452,1.41766,0,1.21987,1.90512,8.48506e+06,3.73462e+06,1.30205e+07,0,355968,0,0
43.8858,85.1408,3.52377,0.18,0.08,3.00897,3.12566,0,0.563781,4.6872,4.08288e+06,2.79405e+06,1.22853e+07,0,380033,0,0,49.1198,61.3098,2.45165,0,1,1.53452,1.41782,0,1.18557,1.90512,8.48506e+06,3.73462e+06,1.30205e+07,0,356009,0,0
44.3862,85.1408,3.48119,0.19,0.08,3.0095,3.12603,0,0.563881,4.6872,4.08288e+06,2.79405e+06,1.22874e+07,0,380078,0,0,49.2534,61.3098,2.04411,0,1,1.53452,1.41799,0,1.18557,1.90512,8.48506e+06,3.73462e+06,1.30205e+07,0,356051,0,0
44.7464,85.1408,3.64237,0.18,0.08,3.31498,3.43134,0,0.563981,4.6872,4.08288e+06,2.79405e+06,1.35347e+07,0,417199,0,0,49.4733,61.3098,2.76204,0,1,1.70126,1.5849,0,1.18557,1.90512,8.48506e+06,3.73462e+06,1.44353e+07,0,397962,0,0
46.0005,85.1408,4.68678,0.18,0.08,3.43174,3.43174,0,0.621226,4.6872,4.08288e+06,2.79405e+06,1.40114e+07,0,417248,0,0,49.933,61.3098,3.5403,0,1,1.58509,1.58509,0,1.3144,1.90512,8.48506e+06,3.73462e+06,1.34495e+07,0,398009,0,0
47.3753,85.1408,4.81956,0.17,0.08,3.43214,3.43214,0,0.643108,4.6872,4.08288e+06,2.79405e+06,1.4013e+07,0,417297,0,0,50.3134,61.3098,3.10044,0,1,1.58527,1.58527,0,1.22464,1.90512,8.48506e+06,3.73462e+06,1.34511e+07,0,398055,0,0
49.0033,85.1408,5.0757,0.18,0.08,3.43255,3.43255,0,0.643184,4.6872,4.08288e+06,2.79405e+06,1.40147e+07,0,417345,0,0,50.7816,61.3098,3.72582,0,1,1.58546,1.58546,0,1.22478,1.90512,8.48506e+06,3.73462e+06,1.34527e+07,0,398102,0,0
50.4246,85.1408,4.46353,0.19,0.08,2.9978,2.9978,0,0.643259,4.6872,4.08288e+06,2.79405e+06,1.22397e+07,0,364487,0,0,51.5218,61.3098,3.49119,0,1,1.36177,1.36177,0,1.22492,1.90512,8.48506e+06,3.73462e+06,1.15547e+07,0,341934,0,0
51.7777,85.1408,4.30142,0.21,0.08,2.82557,2.99815,0,0.561788,4.6872,4.08288e+06,2.79405e+06,1.15364e+07,0,364530,0,0,52.2757,61.3098,4.49801,0,1,1.53451,1.36193,0,1.0521,1.90512,8.48506e+06,3.73462e+06,1.30204e+07,0,341974,0,0
53.7201,85.1408,4.85961,0.16,0.08,2.82608,2.9985,0,0.529511,4.6872,4.08288e+06,2.79405e+06,1.15385e+07,0,364573,0,0,53.0963,61.3098,4.18559,0,1,1.53451,1.36208,0,1.18556,1.90512,8.48506e+06,3.73462e+06,1.30204e+07,0,342014,0,0
54.955,85.1408,4.19737,0.16,0.08,2.82659,2.99885,0,0.529607,4.6872,4.08288e+06,2.79405e+06,1.15406e+07,0,364615,0,0,53.8513,61.3098,4.1878,0,1,1.53451,1.36224,0,1.18556,1.90512,8.48506e+06,3.73462e+06,1.30204e+07,0,342054,0,0
55.6978,85.1408,3.72559,0.16,0.08,2.8271,2.99921,0,0.529703,4.6872,4.08288e+06,2.79405e+06,1.15427e+07,0,364658,0,0,54.6096,61.3098,4.37129,0,1,1.53451,1.3624,0,1.18556,1.90512,8.48506e+06,3.73462e+06,1.30204e+07,0,342094,0,0
58.0428,85.1408,5.43734,0.15,0.08,2.93721,3.10916,0,0.529798,4.6872,4.08288e+06,2.79405e+06,1.19923e+07,0,378026,0,0,55.494,61.3098,3.89372,0,1,1.58931,1.41737,0,1.18556,1.90512,8.48506e+06,3.73462e+06,1.34854e+07,0,355895,0,0
60.1864,85.1408,5.27556,0.15,0.08,2.99253,3.10952,0,0.550433,4.6872,4.08288e+06,2.79405e+06,1.22182e+07,0,378070,0,0,56.3012,61.3098,3.68056,0,1,1.53452,1.41753,0,1.2279,1.90512,8.48506e+06,3.73462e+06,1.30205e+07,0,355936,0,0
61.834,85.1408,4.83626,0.08,0.08,2.99306,3.10988,0,0.560801,4.6872,4.08288e+06,2.79405e+06,1.22203e+07,0,378115,0,0,56.9223,61.3098,3.2767,0,1,1.53452,1.4177,0,1.18557,1.90512,8.48506e+06,3.73462e+06,1.30205e+07,0,355978,0,0
63.008,85.1408,4.31835,0.06,0.08,2.99359,3.11025,0,0.5609,4.6872,4.08288e+06,2.79405e+06,1.22225e+07,0,378159,0,0,57.2975,61.3098,3.43872,0,1,1.53452,1.41786,0,1.18557,1.90512,8.48506e+06,3.73462e+06,1.30205e+07,0,356020,0,0
63.5045,85.1408,3.54368,0.06,0.08,2.95125,3.06774,0,0.561,4.6872,4.08288e+06,2.79405e+06,1.20496e+07,0,372991,0,0,57.1485,61.3098,2.48163,0,1,1.51322,1.39674,0,1.18557,1.90512,8.48506e+06,3.73462e+06,1.28398e+07,0,350715,0,0
63.1484,85.1408,2.62163,0.06,0.08,2.93049,3.0681,0,0.553065,4.6872,4.08288e+06,2.79405e+06,1.19648e+07,0,373035,0,0,56.9722,61.3098,1.90684,0,1,1.53452,1.3969,0,1.16912,1.90512,8.48506e+06,3.73462e+06,1.30205e+07,0,350756,0,0
62.4433,85.1408,2.3683,0.05,0.08,3.06846,3.06846,0,0.549173,4.6872,4.08288e+06,2.79405e+06,1.25282e+07,0,373078,0,0,57.1257,61.3098,1.95741,0,1,1.39706,1.39706,0,1.18557,1.90512,8.48506e+06,3.73462e+06,1.18542e+07,0,350797,0,0
62.9748,85.1408,3.62688,0.05,0.08,3.06882,3.06882,0,0.57503,4.6872,4.08288e+06,2.79405e+06,1.25296e+07,0,373122,0,0,57.2192,61.3098,2.31297,0,1,1.39723,1.39723,0,1.07937,1.90512,8.48506e+06,3.73462e+06,1.18556e+07,0,350838,0,0
62.3973,85.1408,2.59223,0.04,0.08,3.21477,3.21477,0,0.575097,4.6872,4.08288e+06,2.79405e+06,1.31255e+07,0,390868,0,0,57.0385,61.3098,1.98496,0,1,1.47294,1.47294,0,1.0795,1.90512,8.48506e+06,3.73462e+06,1.2498e+07,0,369849,0,0
61.8809,85.1408,2.64419,0.03,0.08,3.21515,3.21515,0,0.602449,4.6872,4.08288e+06,2.79405e+06,1.31271e+07,0,390914,0,0,56.9514,61.3098,1.92245,0,1,1.47311,1.47311,0,1.13799,1.90512,8.48506e+06,3.73462e+06,1.24995e+07,0,369893,0,0
61.1113,85.1408,2.32437,0.03,0.08,3.21553,3.21553,0,0.602519,4.6872,4.08288e+06,2.79405e+06,1.31286e+07,0,390959,0,0,56.732,61.3098,1.80149,0,1,1.47329,1.47329,0,1.13813,1.90512,8.48506e+06,3.73462e+06,1.25009e+07,0,369936,0,0
60.2853,85.1408,2.25431,0.03,0.08,3.2159,3.2159,0,0.60259,4.6872,4.08288e+06,2.79405e+06,1.31302e+07,0,391005,0,0,56.5477,61.3098,1.83211,0,1,1.47346,1.47346,0,1.13826,1.90512,8.48506e+06,3.73462e+06,1.25024e+07,0,369980,0,0
59.2763,85.1408,2.05666,0.02,0.08,3.21628,3.21628,0,0.60266,4.6872,4.08288e+06,2.79405e+06,1.31317e+07,0,391051,0,0,56.5647,61.3098,1.79439,0,1,1.47363,1.47363,0,1.13839,1.90512,8.48506e+06,3.73462e+06,1.25039e+07,0,370023,0,0
57.7621,85.1408,1.47269,0.08,0.08,3.12713,3.18785,0,0.602731,4.6872,4.08288e+06,2.79405e+06,1.27677e+07,0,387594,0,0,56.4237,61.3098,1.93811,0,1,1.57607,1.51535,0,1.13853,1.90512,8.48506e+06,3.73462e+06,1.33731e+07,0,380499,0,0
56.1092,85.1408,1.34587,0.1,0.08,3.16922,3.18822,0,0.586024,4.6872,4.08288e+06,2.79405e+06,1.29396e+07,0,387639,0,0,56.1677,61.3098,1.90554,0,1,1.53453,1.51553,0,1.21767,1.90512,8.48506e+06,3.73462e+06,1.30206e+07,0,380543,0,0
54.3623,85.1408,1.22008,0.1,0.08,3.16977,3.1886,0,0.593912,4.6872,4.08288e+06,2.79405e+06,1.29418e+07,0,387685,0,0,55.8786,61.3098,1.72178,0,1,1.53453,1.51571,0,1.18558,1.90512,8.48506e+06,3.73462e+06,1.30206e+07,0,380588,0,0
52.6064,85.1408,1.15358,0.08,0.08,3.17033,3.18897,0,0.594016,4.6872,4.08288e+06,2.79405e+06,1.29441e+07,0,387730,0,0,55.5309,61.3098,1.69072,0,1,1.53453,1.51589,0,1.18558,1.90512,8.48506e+06,3.73462e+06,1.30206e+07,0,380633,0,0
50.8468,85.1408,1.18606,0.09,0.08,3.24531,3.26378,0,0.594119,4.6872,4.08288e+06,2.79405e+06,1.32502e+07,0,396826,0,0,55.2053,61.3098,1.73262,0,1,1.57158,1.55311,0,1.18558,1.90512,8.48506e+06,3.73462e+06,1.33349e+07,0,389979,0,0
49.1169,85.1408,1.20123,0.14,0.08,3.26416,3.26416,0,0.608171,4.6872,4.08288e+06,2.79405e+06,1.33272e+07,0,396872,0,0,54.8185,61.3098,1.78201,0,1,1.55329,1.55329,0,1.2142,1.90512,8.48506e+06,3.73462e+06,1.31798e+07,0,390025,0,0
47.2651,85.1408,1.05291,0.14,0.08,3.26454,3.26454,0,0.611703,4.6872,4.08288e+06,2.79405e+06,1.33287e+07,0,396919,0,0,54.3518,61.3098,1.63539,0,1,1.55347,1.55347,0,1.20007,1.90512,8.48506e+06,3.73462e+06,1.31813e+07,0,390071,0,0
45.3409,85.1408,0.972479,0.15,0.08,3.26492,3.26492,0,0.611775,4.6872,4.08288e+06,2.79405e+06,1.33303e+07,0,396965,0,0,53.9395,61.3098,1.57653,0,1,1.55366,1.55366,0,1.20021,1.90512,8.48506e+06,3.73462e+06,1.31829e+07,0,390116,0,0
43.1574,85.1408,0.933335,0.15,0.08,3.48338,3.48338,0,0.611847,4.6872,4.08288e+06,2.79405e+06,1.42222e+07,0,423527,0,0,53.251,61.3098,1.68396,0,1,1.68762,1.68762,0,1.20035,1.90512,8.48506e+06,3.73462e+06,1.43195e+07,0,423753,0,0
41.047,85.1408,1.04094,0.15,0.08,3.48379,3.48379,0,0.652786,4.6872,4.08288e+06,2.79405e+06,1.42239e+07,0,423576,0,0,52.75,61.3098,1.4225,0,1,1.68781,1.68781,0,1.30385,1.90512,8.48506e+06,3.73462e+06,1.43212e+07,0,423803,0,0
39.1135,85.1408,1.20382,0.21,0.08,3.4842,3.4842,0,0.652862,4.6872,4.08288e+06,2.79405e+06,1.42256e+07,0,423626,0,0,52.4103,61.3098,2.14978,0,1,1.68801,1.68801,0,1.30401,1.90512,8.48506e+06,3.73462e+06,1.43229e+07,0,423853,0,0
36.9933,85.1408,1.01166,0.22,0.08,3.48461,3.48461,0,0.652939,4.6872,4.08288e+06,2.79405e+06,1.42272e+07,0,423675,0,0,51.8871,61.3098,1.65841,0,1,1.68821,1.68821,0,1.30416,1.90512,8.48506e+06,3.73462e+06,1.43246e+07,0,423902,0,0
34.9294,85.1408,1.05969,0.2,0.08,3.48502,3.48502,0,0.653015,4.6872,4.08288e+06,2.79405e+06,1.42289e+07,0,423725,0,0,51.4927,61.3098,1.64921,0,1,1.68841,1.68841,0,1.30431,1.90512,8.48506e+06,3.73462e+06,1.43262e+07,0,423952,0,0
32.6593,85.1408,0.746279,0.21,0.08,3.37908,3.37908,0,0.653092,4.6872,4.08288e+06,2.79405e+06,1.37964e+07,0,410845,0,0,50.8451,61.3098,1.69319,0,1,1.60736,1.60736,0,1.30446,1.90512,8.48506e+06,3.73462e+06,1.36385e+07,0,403601,0,0
30.2606,85.1408,0.611904,0.27,0.08,3.37948,3.37948,0,0.63324,4.6872,4.08288e+06,2.79405e+06,1.3798e+07,0,410893,0,0,50.3697,61.3098,1.34235,0,1,1.60755,1.60755,0,1.24185,1.90512,8.48506e+06,3.73462e+06,1.36401e+07,0,403649,0,0
28.1927,85.1408,1.00131,0.26,0.08,3.37987,3.37987,0,0.633314,4.6872,4.08288e+06,2.79405e+06,1.37996e+07,0,410941,0,0,50.196,61.3098,1.80244,0,1,1.60774,1.60774,0,1.24199,1.90512,8.48506e+06,3.73462e+06,1.36417e+07,0,403696,0,0
27.2556,85.1408,2.25307,0.26,0.08,3.38027,3.38027,0,0.633388,4.6872,4.08288e+06,2.79405e+06,1.38012e+07,0,410989,0,0,50.4178,61.3098,2.62447,0,1,1.60792,1.60792,0,1.24214,1.90512,8.48506e+06,3.73462e+06,1.36433e+07,0,403743,0,0
25.8651,85.1408,1.66117,0.26,0.08,3.29333,3.29333,0,0.633462,4.6872,4.08288e+06,2.79405e+06,1.34463e+07,0,400419,0,0,49.9542,61.3098,1.81715,0,1,1.53412,1.53412,0,1.24228,1.90512,8.48506e+06,3.73462e+06,1.30171e+07,0,385212,0,0
24.3957,85.1408,1.56221,0.24,0.08,3.29349,3.29372,0,0.617171,4.6872,4.08288e+06,2.79405e+06,1.34469e+07,0,400466,0,0,49.6062,61.3098,1.31808,0,1,1.53453,1.5343,0,1.18526,1.90512,8.48506e+06,3.73462e+06,1.30206e+07,0,385257,0,0
23.4041,85.1408,2.06237,0.3,0.08,3.29406,3.29411,0,0.6172,4.6872,4.08288e+06,2.79405e+06,1.34492e+07,0,400513,0,0,49.7338,61.3098,3.25876,0,1,1.53453,1.53448,0,1.18558,1.90512,8.48506e+06,3.73462e+06,1.30206e+07,0,385302,0,0
25.7555,85.1408,5.61029,0.32,0.08,3.29449,3.29449,0,0.617306,4.6872,4.08288e+06,2.79405e+06,1.3451e+07,0,400560,0,0,50.9822,61.3098,6.32576,0,1,1.53466,1.53466,0,1.18558,1.90512,8.48506e+06,3.73462e+06,1.30217e+07,0,385348,0,0
26.018,85.1408,3.15396,0.25,0.08,3.04674,3.04674,0,0.617388,4.6872,4.08288e+06,2.79405e+06,1.24395e+07,0,370437,0,0,51.4303,61.3098,2.59236,0,1,1.38067,1.38067,0,1.18568,1.90512,8.48506e+06,3.73462e+06,1.17151e+07,0,346681,0,0
26.5161,85.1408,3.18459,0.27,0.08,2.89341,3.04709,0,0.570958,4.6872,4.08288e+06,2.79405e+06,1.18135e+07,0,370480,0,0,51.7589,61.3098,3.23787,0,1,1.53451,1.38083,0,1.06671,1.90512,8.48506e+06,3.73462e+06,1.30204e+07,0,346722,0,0
27.9945,85.1408,4.2629,0.29,0.08,2.89393,3.04745,0,0.542226,4.6872,4.08288e+06,2.79405e+06,1.18156e+07,0,370524,0,0,52.4336,61.3098,4.48921,0,1,1.53451,1.381,0,1.18557,1.90512,8.48506e+06,3.73462e+06,1.30204e+07,0,346763,0,0
28.9352,85.1408,3.68773,0.29,0.08,2.89445,3.04781,0,0.542323,4.6872,4.08288e+06,2.79405e+06,1.18177e+07,0,370567,0,0,52.773,61.3098,3.29741,0,1,1.53451,1.38116,0,1.18557,1.90512,8.48506e+06,3.73462e+06,1.30204e+07,0,346803,0,0
29.9785,85.1408,3.77156,0.3,0.08,2.89497,3.04816,0,0.54242,4.6872,4.08288e+06,2.79405e+06,1.18198e+07,0,370611,0,0,53.1979,61.3098,3.50438,0,1,1.53451,1.38132,0,1.18557,1.90512,8.48506e+06,3.73462e+06,1.30204e+07,0,346844,0,0
29.3299,85.1408,2.15952,0.31,0.08,2.99098,3.14401,0,0.542517,4.6872,4.08288e+06,2.79405e+06,1.22118e+07,0,382264,0,0,53.2314,61.3098,2.67291,0,1,1.57918,1.42615,0,1.18557,1.90512,8.48506e+06,3.73462e+06,1.33994e+07,0,358099,0,0
27.9713,85.1408,1.47181,0.32,0.1,3.03615,3.14435,0,0.56051,4.6872,4.08288e+06,2.79405e+06,1.23962e+07,0,382306,0,0,53.537,61.3098,2.78079,0,1,1.53451,1.4263,0,1.22007,1.90512,8.48506e+06,3.73462e+06,1.30204e+07,0,358138,0,0
27.0317,85.1408,1.88019,0.33,0.1,3.03665,3.1447,0,0.568974,4.6872,4.08288e+06,2.79405e+06,1.23983e+07,0,382348,0,0,53.8269,61.3098,2.87225,0,1,1.53451,1.42646,0,1.18556,1.90512,8.48506e+06,3.73462e+06,1.30204e+07,0,358177,0,0
27.195,85.1408,3.03971,0.35,0.1,3.03715,3.14504,0,0.569068,4.6872,4.08288e+06,2.79405e+06,1.24003e+07,0,382389,0,0,54.2574,61.3098,3.22915,0,1,1.53451,1.42661,0,1.18556,1.90512,8.48506e+06,3.73462e+06,1.30204e+07,0,358217,0,0
27.4132,85.1408,3.45899,0.37,0.1,3.34444,3.45218,0,0.569161,4.6872,4.08288e+06,2.79405e+06,1.36549e+07,0,419733,0,0,54.4134,61.3098,3.169,0,1,1.70227,1.59453,0,1.18556,1.90512,8.48506e+06,3.73462e+06,1.44438e+07,0,400379,0,0
27.0637,85.1408,2.97035,0.4,0.1,3.45256,3.45256,0,0.626748,4.6872,4.08288e+06,2.79405e+06,1.40964e+07,0,419778,0,0,54.4969,61.3098,3.51382,0,1,1.5947,1.5947,0,1.31517,1.90512,8.48506e+06,3.73462e+06,1.35311e+07,0,400423,0,0
26.3195,85.1408,2.54734,0.4,0.1,3.45293,3.45293,0,0.647009,4.6872,4.08288e+06,2.79405e+06,1.40979e+07,0,419824,0,0,54.6996,61.3098,3.39693,0,1,1.59487,1.59487,0,1.23207,1.90512,8.48506e+06,3.73462e+06,1.35326e+07,0,400466,0,0
26.5479,85.1408,3.57971,0.4,0.1,3.45331,3.45331,0,0.64708,4.6872,4.08288e+06,2.79405e+06,1.40994e+07,0,419870,0,0,55.2503,61.3098,4.32546,0,1,1.59505,1.59505,0,1.2322,1.90512,8.48506e+06,3.73462e+06,1.35341e+07,0,400510,0,0
28.1816,85.1408,4.59152,0.42,0.1,3.01591,3.01591,0,0.64715,4.6872,4.08288e+06,2.79405e+06,1.23136e+07,0,366689,0,0,56.0541,61.3098,4.25209,0,1,1.36999,1.36999,0,1.23233,1.90512,8.48506e+06,3.73462e+06,1.16245e+07,0,343999,0,0
31.0828,85.1408,5.68506,0.44,0.1,2.85188,3.01624,0,0.565182,4.6872,4.08288e+06,2.79405e+06,1.16439e+07,0,366729,0,0,56.7065,61.3098,4.23153,0,1,1.5345,1.37014,0,1.05846,1.90512,8.48506e+06,3.73462e+06,1.30203e+07,0,344037,0,0
36.3972,85.1408,8.21962,0.51,0.1,2.85236,3.01657,0,0.534442,4.6872,4.08288e+06,2.79405e+06,1.16458e+07,0,366769,0,0,57.9461,61.3098,6.17257,0,1,1.5345,1.37029,0,1.18556,1.90512,8.48506e+06,3.73462e+06,1.30203e+07,0,344074,0,0
41.6588,85.1408,8.2442,0.4,0.1,2.85284,3.0169,0,0.534532,4.6872,4.08288e+06,2.79405e+06,1.16478e+07,0,366809,0,0,59.8666,61.3098,8.85097,0,1,1.5345,1.37044,0,1.18556,1.90512,8.48506e+06,3.73462e+06,1.30203e+07,0,344112,0,0
48.1633,85.1408,9.68993,0.45,0.1,2.85332,3.01723,0,0.534622,4.6872,4.08288e+06,2.79405e+06,1.16498e+07,0,366849,0,0,61.6129,61.3098,7.97218,0,1,1.5345,1.37059,0,1.18556,1.90512,8.48506e+06,3.73462e+06,1.30203e+07,0,344150,0,0
50.7908,85.1408,5.70735,0.3,0.1,2.96405,3.12781,0,0.534712,4.6872,4.08288e+06,2.79405e+06,1.21019e+07,0,380295,0,0,62.338,61.3098,5.20726,0,1,1.58963,1.42587,0,1.18556,1.90512,8.48506e+06,3.73462e+06,1.34881e+07,0,358030,0,0
52.8258,85.1408,5.17358,0.31,0.1,3.01967,3.12815,0,0.555463,4.6872,4.08288e+06,2.79405e+06,1.2329e+07,0,380336,0,0,62.338,61.3098,5.42114,0,1,1.53451,1.42603,0,1.22815,1.90512,8.48506e+06,3.73462e+06,1.30204e+07,0,358069,0,0
54.4902,85.1408,4.85473,0.14,0.1,3.02017,3.1285,0,0.565887,4.6872,4.08288e+06,2.79405e+06,1.2331e+07,0,380378,0,0,62.338,61.3098,6.20973,0,1,1.53451,1.42618,0,1.18556,1.90512,8.48506e+06,3.73462e+06,1.30204e+07,0,358108,0,0
56.3679,85.1408,5.03472,0.13,0.1,3.02067,3.12884,0,0.56598,4.6872,4.08288e+06,2.79405e+06,1.2333e+07,0,380419,0,0,62.338,61.3098,4.44288,0,1,1.53451,1.42634,0,1.18556,1.90512,8.48506e+06,3.73462e+06,1.30204e+07,0,358147,0,0
57.4281,85.1408,4.15509,0.13,0.1,2.97804,3.08605,0,0.566073,4.6872,4.08288e+06,2.79405e+06,1.2159e+07,0,375217,0,0,62.338,61.3098,4.04393,0,1,1.51309,1.40507,0,1.18556,1.90512,8.48506e+06,3.73462e+06,1.28386e+07,0,352808,0,0
57.8452,85.1408,3.47581,0.15,0.1,2.95711,3.08639,0,0.558084,4.6872,4.08288e+06,2.79405e+06,1.20735e+07,0,375258,0,0,62.338,61.3098,3.47388,0,1,1.53451,1.40523,0,1.16901,1.90512,8.48506e+06,3.73462e+06,1.30204e+07,0,352846,0,0
57.9569,85.1408,3.14317,0.11,0.1,2.9576,3.08672,0,0.554162,4.6872,4.08288e+06,2.79405e+06,1.20755e+07,0,375299,0,0,62.317,61.3098,3.14853,0,1,1.53451,1.40538,0,1.18556,1.90512,8.48506e+06,3.73462e+06,1.30204e+07,0,352885,0,0
57.8432,85.1408,2.89124,0.12,0.1,2.95809,3.08706,0,0.554254,4.6872,4.08288e+06,2.79405e+06,1.20775e+07,0,375340,0,0,62.2916,61.3098,2.99093,0,1,1.53451,1.40553,0,1.18556,1.90512,8.48506e+06,3.73462e+06,1.30204e+07,0,352923,0,0
57.5604,85.1408,2.79016,0.1,0.1,3.10504,3.23386,0,0.554346,4.6872,4.08288e+06,2.79405e+06,1.26775e+07,0,393188,0,0,62.2108,61.3098,3.38969,0,1,1.6105,1.48168,0,1.18556,1.90512,8.48506e+06,3.73462e+06,1.36652e+07,0,372045,0,0
56.8152,85.1408,2.30849,0.09,0.1,3.18154,3.23421,0,0.581884,4.6872,4.08288e+06,2.79405e+06,1.29899e+07,0,393231,0,0,62.0245,61.3098,2.26209,0,1,1.53451,1.48185,0,1.24428,1.90512,8.48506e+06,3.73462e+06,1.30204e+07,0,372085,0,0
56.0499,85.1408,2.27186,0.09,0.1,3.18206,3.23456,0,0.596221,4.6872,4.08288e+06,2.79405e+06,1.2992e+07,0,393274,0,0,61.8402,61.3098,2.33555,0,1,1.53451,1.48201,0,1.18557,1.90512,8.48506e+06,3.73462e+06,1.30204e+07,0,372126,0,0
55.062,85.1408,2.04356,0.09,0.1,3.18257,3.23492,0,0.596317,4.6872,4.08288e+06,2.79405e+06,1.29941e+07,0,393317,0,0,61.6336,61.3098,2.3189,0,1,1.53451,1.48217,0,1.18557,1.90512,8.48506e+06,3.73462e+06,1.30204e+07,0,372167,0,0
54.0104,85.1408,1.94776,0.07,0.1,3.18309,3.23527,0,0.596414,4.6872,4.08288e+06,2.79405e+06,1.29962e+07,0,393360,0,0,61.2658,61.3098,2.3438,0,1,1.53451,1.48233,0,1.18557,1.90512,8.48506e+06,3.73462e+06,1.30204e+07,0,372207,0,0
52.6296,85.1408,1.58382,0.06,0.1,3.15462,3.20664,0,0.59651,4.6872,4.08288e+06,2.79405e+06,1.28799e+07,0,389879,0,0,60.7431,61.3098,1.69074,0,1,1.57631,1.52429,0,1.18557,1.90512,8.48506e+06,3.73462e+06,1.33751e+07,0,382742,0,0
51.0927,85.1408,1.43034,0.08,0.1,3.19693,3.20699,0,0.591176,4.6872,4.08288e+06,2.79405e+06,1.30527e+07,0,389922,0,0,60.2544,61.3098,1.50533,0,1,1.53452,1.52445,0,1.21785,1.90512,8.48506e+06,3.73462e+06,1.30205e+07,0,382784,0,0
49.5395,85.1408,1.36199,0.08,0.1,3.19744,3.20734,0,0.599104,4.6872,4.08288e+06,2.79405e+06,1.30548e+07,0,389964,0,0,59.6663,61.3098,1.46635,0,1,1.53452,1.52462,0,1.18557,1.90512,8.48506e+06,3.73462e+06,1.30205e+07,0,382826,0,0
47.8812,85.1408,1.21564,0.14,0.1,3.19796,3.20769,0,0.599201,4.6872,4.08288e+06,2.79405e+06,1.30569e+07,0,390007,0,0,59.0616,61.3098,1.41832,0,1,1.53452,1.52479,0,1.18557,1.90512,8.48506e+06,3.73462e+06,1.30205e+07,0,382867,0,0
46.2117,85.1408,1.26218,0.13,0.1,3.27335,3.28291,0,0.599298,4.6872,4.08288e+06,2.79405e+06,1.33647e+07,0,399152,0,0,58.4972,61.3098,1.48296,0,1,1.57178,1.56222,0,1.18557,1.90512,8.48506e+06,3.73462e+06,1.33367e+07,0,392266,0,0
44.5952,85.1408,1.32064,0.11,0.1,3.28327,3.28327,0,0.613425,4.6872,4.08288e+06,2.79405e+06,1.34052e+07,0,399196,0,0,57.9125,61.3098,1.59547,0,1,1.56239,1.56239,0,1.21436,1.90512,8.48506e+06,3.73462e+06,1.32569e+07,0,392309,0,0
42.8377,85.1408,1.17405,0.13,0.1,3.28363,3.28363,0,0.615285,4.6872,4.08288e+06,2.79405e+06,1.34067e+07,0,399239,0,0,57.25,61.3098,1.50883,0,1,1.56256,1.56256,0,1.2071,1.90512,8.48506e+06,3.73462e+06,1.32584e+07,0,392351,0,0
40.9874,85.1408,1.07549,0.15,0.1,3.28399,3.28399,0,0.615352,4.6872,4.08288e+06,2.79405e+06,1.34081e+07,0,399283,0,0,56.6334,61.3098,1.411,0,1,1.56273,1.56273,0,1.20723,1.90512,8.48506e+06,3.73462e+06,1.32598e+07,0,392394,0,0
38.8641,85.1408,1.01026,0.21,0.1,3.50369,3.50369,0,0.615419,4.6872,4.08288e+06,2.79405e+06,1.43052e+07,0,425996,0,0,55.6625,61.3098,1.51196,0,1,1.69746,1.69746,0,1.20736,1.90512,8.48506e+06,3.73462e+06,1.4403e+07,0,426224,0,0
36.5443,85.1408,0.848923,0.19,0.1,3.50408,3.50408,0,0.656592,4.6872,4.08288e+06,2.79405e+06,1.43067e+07,0,426042,0,0,54.6167,61.3098,1.1824,0,1,1.69764,1.69764,0,1.31145,1.90512,8.48506e+06,3.73462e+06,1.44046e+07,0,426271,0,0
34.2425,85.1408,0.854035,0.2,0.1,3.50446,3.50446,0,0.656664,4.6872,4.08288e+06,2.79405e+06,1.43083e+07,0,426089,0,0,53.8559,61.3098,1.28663,0,1,1.69783,1.69783,0,1.3116,1.90512,8.48506e+06,3.73462e+06,1.44062e+07,0,426317,0,0
31.9487,85.1408,0.862132,0.2,0.1,3.50484,3.50484,0,0.656736,4.6872,4.08288e+06,2.79405e+06,1.43098e+07,0,426135,0,0,52.9089,61.3098,1.4892,0,1,1.69801,1.69801,0,1.31174,1.90512,8.48506e+06,3.73462e+06,1.44077e+07,0,426364,0,0
29.6149,85.1408,0.799046,0.27,0.1,3.50522,3.50522,0,0.656807,4.6872,4.08288e+06,2.79405e+06,1.43114e+07,0,426182,0,0,52.0683,61.3098,1.23135,0,1,1.6982,1.6982,0,1.31188,1.90512,8.48506e+06,3.73462e+06,1.44093e+07,0,426410,0,0
27.9149,85.1408,1.39459,0.28,0.1,3.39865,3.39865,0,0.656879,4.6872,4.08288e+06,2.79405e+06,1.38763e+07,0,413224,0,0,51.8985,61.3098,1.62989,0,1,1.61667,1.61667,0,1.31203,1.90512,8.48506e+06,3.73462e+06,1.37175e+07,0,405938,0,0
26.0658,85.1408,1.2421,0.27,0.1,3.39902,3.39902,0,0.636906,4.6872,4.08288e+06,2.79405e+06,1.38778e+07,0,413269,0,0,51.7467,61.3098,2.68938,0,1,1.61684,1.61684,0,1.24904,1.90512,8.48506e+06,3.73462e+06,1.3719e+07,0,405983,0,0
24.0517,85.1408,1.07334,0.27,0.1,3.39939,3.39939,0,0.636976,4.6872,4.08288e+06,2.79405e+06,1.38793e+07,0,413314,0,0,51.1033,61.3098,1.49373,0,1,1.61702,1.61702,0,1.24917,1.90512,8.48506e+06,3.73462e+06,1.37205e+07,0,406027,0,0
22.0756,85.1408,1.11381,0.34,0.1,3.39976,3.39976,0,0.637045,4.6872,4.08288e+06,2.79405e+06,1.38808e+07,0,413359,0,0,50.6597,61.3098,1.44417,0,1,1.6172,1.6172,0,1.24931,1.90512,8.48506e+06,3.73462e+06,1.3722e+07,0,406071,0,0
20.6017,85.1408,1.5833,0.3,0.1,3.3123,3.3123,0,0.637115,4.6872,4.08288e+06,2.79405e+06,1.35237e+07,0,402725,0,0,50.625,61.3098,2.03133,0,1,1.54296,1.54296,0,1.24945,1.90512,8.48506e+06,3.73462e+06,1.30921e+07,0,387430,0,0
19.4243,85.1408,1.81905,0.29,0.1,3.31266,3.31266,0,0.620724,4.6872,4.08288e+06,2.79405e+06,1.35252e+07,0,402769,0,0,50.7242,61.3098,1.93589,0,1,1.54313,1.54313,0,1.19209,1.90512,8.48506e+06,3.73462e+06,1.30935e+07,0,387472,0,0
19.0838,85.1408,2.68499,0.32,0.1,3.31302,3.31302,0,0.620792,4.6872,4.08288e+06,2.79405e+06,1.35267e+07,0,402813,0,0,51.3187,61.3098,2.49161,0,1,1.54329,1.54329,0,1.19222,1.90512,8.48506e+06,3.73462e+06,1.30949e+07,0,387515,0,0
19.1726,85.1408,3.21443,0.33,0.1,3.31338,3.31338,0,0.62086,4.6872,4.08288e+06,2.79405e+06,1.35281e+07,0,402857,0,0,52.2231,61.3098,3.51026,0,1,1.54346,1.54346,0,1.19235,1.90512,8.48506e+06,3.73462e+06,1.30964e+07,0,387557,0,0
18.8994,85.1408,2.5397,0.34,0.1,3.06418,3.06418,0,0.620928,4.6872,4.08288e+06,2.79405e+06,1.25107e+07,0,372558,0,0,53.162,61.3098,3.3746,0,1,1.38858,1.38858,0,1.19248,1.90512,8.48506e+06,3.73462e+06,1.17822e+07,0,348666,0,0
18.9708,85.1408,2.73955,0.34,0.1,2.91874,3.06451,0,0.574227,4.6872,4.08288e+06,2.79405e+06,1.19169e+07,0,372598,0,0,54.1335,61.3098,3.30908,0,1,1.5345,1.38873,0,1.07282,1.90512,8.48506e+06,3.73462e+06,1.30204e+07,0,348704,0,0
18.4219,85.1408,2.13802,0.36,0.1,2.91923,3.06485,0,0.546972,4.6872,4.08288e+06,2.79405e+06,1.19189e+07,0,372639,0,0,54.8451,61.3098,3.03421,0,1,1.5345,1.38888,0,1.18556,1.90512,8.48506e+06,3.73462e+06,1.30204e+07,0,348742,0,0
20.5698,85.1408,4.98117,0.39,0.1,2.91971,3.06518,0,0.547063,4.6872,4.08288e+06,2.79405e+06,1.19208e+07,0,372680,0,0,58.0389,61.3098,8.03088,0,1,1.5345,1.38903,0,1.18556,1.90512,8.48506e+06,3.73462e+06,1.30204e+07,0,348780,0,0
22.0362,85.1408,4.19006,0.39,0.1,2.9202,3.06552,0,0.547154,4.6872,4.08288e+06,2.79405e+06,1.19228e+07,0,372720,0,0,58.6889,61.3098,3.2951,0,1,1.5345,1.38918,0,1.18556,1.90512,8.48506e+06,3.73462e+06,1.30204e+07,0,348818,0,0
23.7501,85.1408,4.63428,0.41,0.1,3.01672,3.16189,0,0.547245,4.6872,4.08288e+06,2.79405e+06,1.23169e+07,0,384437,0,0,61.0586,61.3098,7.30641,0,1,1.57942,1.43425,0,1.18556,1.90512,8.48506e+06,3.73462e+06,1.34015e+07,0,360135,0,0
25.7949,85.1408,5.11377,0.43,0.1,3.06211,3.16221,0,0.565333,4.6872,4.08288e+06,2.79405e+06,1.25022e+07,0,384476,0,0,62.338,61.3098,8.61363,0,1,1.5345,1.4344,0,1.22026,1.90512,8.48506e+06,3.73462e+06,1.30203e+07,0,360172,0,0
30.1123,85.1408,7.52156,0.33,0.1,3.06257,3.16253,0,0.573839,4.6872,4.08288e+06,2.79405e+06,1.25041e+07,0,384515,0,0,62.338,61.3098,10.7861,0,1,1.5345,1.43454,0,1.18555,1.90512,8.48506e+06,3.73462e+06,1.30203e+07,0,360208,0,0
31.4987,85.1408,4.38988,0.36,0.1,3.06304,3.16285,0,0.573926,4.6872,4.08288e+06,2.79405e+06,1.2506e+07,0,384554,0,0,62.338,61.3098,7.31743,0,1,1.5345,1.43469,0,1.18555,1.90512,8.48506e+06,3.73462e+06,1.30203e+07,0,360245,0,0
32.1134,85.1408,3.93425,0.38,0.1,3.37203,3.4717,0,0.574014,4.6872,4.08288e+06,2.79405e+06,1.37676e+07,0,422106,0,0,62.338,61.3098,7.80802,0,1,1.7032,1.60354,0,1.18555,1.90512,8.48506e+06,3.73462e+06,1.44518e+07,0,402643,0,0
32.6664,85.1408,3.99563,0.4,0.1,3.47205,3.47205,0,0.631919,4.6872,4.08288e+06,2.79405e+06,1.4176e+07,0,422148,0,0,62.338,61.3098,8.14135,0,1,1.6037,1.6037,0,1.3159,1.90512,8.48506e+06,3.73462e+06,1.36075e+07,0,402683,0,0
33.5149,85.1408,4.36003,0.41,0.1,3.4724,3.4724,0,0.650662,4.6872,4.08288e+06,2.79405e+06,1.41774e+07,0,422191,0,0,62.338,61.3098,8.37679,0,1,1.60387,1.60387,0,1.23902,1.90512,8.48506e+06,3.73462e+06,1.36089e+07,0,402724,0,0
33.3902,85.1408,3.30714,0.41,0.1,3.47275,3.47275,0,0.650728,4.6872,4.08288e+06,2.79405e+06,1.41788e+07,0,422234,0,0,62.338,61.3098,6.38809,0,1,1.60403,1.60403,0,1.23915,1.90512,8.48506e+06,3.73462e+06,1.36103e+07,0,402765,0,0
38.2961,85.1408,8.03991,0.42,0.1,3.03287,3.03287,0,0.650794,4.6872,4.08288e+06,2.79405e+06,1.23828e+07,0,368751,0,0,62.338,61.3098,13.0542,0,1,1.37769,1.37769,0,1.23927,1.90512,8.48506e+06,3.73462e+06,1.16898e+07,0,345933,0,0
48.1359,85.1408,13.2713,0.31,0.1,2.87652,3.03317,0,0.568359,4.6872,4.08288e+06,2.79405e+06,1.17445e+07,0,368788,0,0,62.338,61.3098,24.0622,0,1,1.53449,1.37783,0,1.06441,1.90512,8.48506e+06,3.73462e+06,1.30203e+07,0,345968,0,0
55.2416,85.1408,10.7119,0.24,0.1,2.87696,3.03348,0,0.539059,4.6872,4.08288e+06,2.79405e+06,1.17463e+07,0,368825,0,0,62.338,61.3098,17.5974,0,1,1.53449,1.37797,0,1.18555,1.90512,8.48506e+06,3.73462e+06,1.30203e+07,0,346004,0,0
60.4431,85.1408,8.77527,0.15,0.1,2.87741,3.03379,0,0.539143,4.6872,4.08288e+06,2.79405e+06,1.17481e+07,0,368863,0,0,62.338,61.3098,11.5437,0,1,1.53449,1.37811,0,1.18555,1.90512,8.48506e+06,3.73462e+06,1.30203e+07,0,346039,0,0
64.0668,85.1408,6.97333,0.08,0.1,2.87786,3.0341,0,0.539227,4.6872,4.08288e+06,2.79405e+06,1.175e+07,0,368900,0,0,62.338,61.3098,8.13684,0,1,1.53449,1.37825,0,1.18555,1.90512,8.48506e+06,3.73462e+06,1.30203e+07,0,346074,0,0
67.7064,85.1408,7.23589,0.08,0.1,2.98918,3.14527,0,0.539311,4.6872,4.08288e+06,2.79405e+06,1.22044e+07,0,382418,0,0,62.338,61.3098,8.8145,0,1,1.58993,1.43383,0,1.18555,1.90512,8.48506e+06,3.73462e+06,1.34906e+07,0,360029,0,0
72.8281,85.1408,8.86881,0.08,0.1,3.04507,3.14559,0,0.560172,4.6872,4.08288e+06,2.79405e+06,1.24327e+07,0,382456,0,0,62.338,61.3098,15.0604,0,1,1.5345,1.43398,0,1.22838,1.90512,8.48506e+06,3.73462e+06,1.30203e+07,0,360065,0,0
75.3714,85.1408,6.51193,0.03,0.1,3.14591,3.14591,0,0.570647,4.6872,4.08288e+06,2.79405e+06,1.28444e+07,0,382495,0,0,62.338,61.3098,9.12329,0,1,1.43412,1.43412,0,1.18555,1.90512,8.48506e+06,3.73462e+06,1.21686e+07,0,360102,0,0
77.3466,85.1408,5.70576,0.02,0.1,3.14623,3.14623,0,0.589544,4.6872,4.08288e+06,2.79405e+06,1.28457e+07,0,382534,0,0,62.338,61.3098,7.69042,0,1,1.43427,1.43427,0,1.108,1.90512,8.48506e+06,3.73462e+06,1.21698e+07,0,360138,0,0
79.7687,85.1408,6.01526,0,0.1,3.10318,3.10318,0,0.589604,4.6872,4.08288e+06,2.79405e+06,1.26699e+07,0,377300,0,0,62.338,61.3098,7.48668,0,1,1.41287,1.41287,0,1.10811,1.90512,8.48506e+06,3.73462e+06,1.19883e+07,0,354766,0,0
81.5589,85.1408,5.37388,0,0.1,3.1035,3.1035,0,0.581536,4.6872,4.08288e+06,2.79405e+06,1.26712e+07,0,377338,0,0,62.338,61.3098,6.59256,0,1,1.41302,1.41302,0,1.09158,1.90512,8.48506e+06,3.73462e+06,1.19895e+07,0,354802,0,0
83.0885,85.1408,5.0887,0,0.1,3.10381,3.10381,0,0.581595,4.6872,4.08288e+06,2.79405e+06,1.26725e+07,0,377376,0,0,62.338,61.3098,5.61208,0,1,1.41316,1.41316,0,1.0917,1.90512,8.48506e+06,3.73462e+06,1.19907e+07,0,354838,0,0
84.227,85.1408,4.68065,0,0.1,3.10413,3.10413,0,0.581654,4.6872,4.08288e+06,2.79405e+06,1.26738e+07,0,377415,0,0,62.338,61.3098,5.30641,0,1,1.4133,1.4133,0,1.09181,1.90512,8.48506e+06,3.73462e+06,1.19919e+07,0,354874,0,0
84.9278,85.1408,4.29068,0,0.1,3.25171,3.25171,0,0.581713,4.6872,4.08288e+06,2.79405e+06,1.32763e+07,0,395358,0,0,62.338,61.3098,5.0866,0,1,1.48986,1.48986,0,1.09192,1.90512,8.48506e+06,3.73462e+06,1.26416e+07,0,374099,0,0
85.1408,85.1408,3.84663,0,0.1,3.25204,3.25204,0,0.60937,4.6872,4.08288e+06,2.79405e+06,1.32777e+07,0,395398,0,0,62.338,61.3098,4.56272,0,1,1.49001,1.49001,0,1.15107,1.90512,8.48506e+06,3.73462e+06,1.26429e+07,0,374136,0,0
85.0907,85.1408,3.42761,0,0.1,3.25237,3.25237,0,0.609432,4.6872,4.08288e+06,2.79405e+06,1.3279e+07,0,395438,0,0,62.338,61.3098,4.14084,0,1,1.49017,1.49017,0,1.15119,1.90512,8.48506e+06,3.73462e+06,1.26441e+07,0,374174,0,0
84.7894,85.1408,3.14946,0,0.1,3.2527,3.2527,0,0.609493,4.6872,4.08288e+06,2.79405e+06,1.32804e+07,0,395478,0,0,62.338,61.3098,4.08033,0,1,1.49032,1.49032,0,1.1513,1.90512,8.48506e+06,3.73462e+06,1.26454e+07,0,374212,0,0
84.365,85.1408,2.99887,0,0.1,3.25303,3.25303,0,0.609555,4.6872,4.08288e+06,2.79405e+06,1.32817e+07,0,395519,0,0,62.338,61.3098,3.63243,0,1,1.49047,1.49047,0,1.15142,1.90512,8.48506e+06,3.73462e+06,1.26467e+07,0,374250,0,0
83.6066,85.1408,2.63369,0,0.1,3.22422,3.22422,0,0.609617,4.6872,4.08288e+06,2.79405e+06,1.31641e+07,0,392016,0,0,62.338,61.3098,4.10209,0,1,1.53264,1.53264,0,1.15154,1.90512,8.48506e+06,3.73462e+06,1.30045e+07,0,384840,0,0
82.6658,85.1408,2.43573,0,0.1,3.22454,3.22454,0,0.604218,4.6872,4.08288e+06,2.79405e+06,1.31654e+07,0,392056,0,0,62.338,61.3098,3.61994,0,1,1.5328,1.5328,0,1.18412,1.90512,8.48506e+06,3.73462e+06,1.30059e+07,0,384879,0,0
81.5681,85.1408,2.23535,0,0.1,3.22487,3.22487,0,0.604279,4.6872,4.08288e+06,2.79405e+06,1.31668e+07,0,392095,0,0,62.338,61.3098,3.55797,0,1,1.53295,1.53295,0,1.18424,1.90512,8.48506e+06,3.73462e+06,1.30072e+07,0,384918,0,0
80.3622,85.1408,2.08963,0.01,0.1,3.2252,3.2252,0,0.604341,4.6872,4.08288e+06,2.79405e+06,1.31681e+07,0,392135,0,0,62.338,61.3098,3.42813,0,1,1.53311,1.53311,0,1.18436,1.90512,8.48506e+06,3.73462e+06,1.30085e+07,0,384957,0,0
78.9928,85.1408,1.98525,0.01,0.1,3.3008,3.3008,0,0.604402,4.6872,4.08288e+06,2.79405e+06,1.34768e+07,0,401327,0,0,62.338,61.3098,3.32294,0,1,1.57073,1.57073,0,1.18448,1.90512,8.48506e+06,3.73462e+06,1.33277e+07,0,394403,0,0
77.673,85.1408,2.02512,0.01,0.1,3.30114,3.30114,0,0.61857,4.6872,4.08288e+06,2.79405e+06,1.34781e+07,0,401368,0,0,62.338,61.3098,3.40323,0,1,1.57089,1.57089,0,1.21354,1.90512,8.48506e+06,3.73462e+06,1.33291e+07,0,394443,0,0
76.1739,85.1408,1.82779,0.01,0.1,3.30147,3.30147,0,0.618633,4.6872,4.08288e+06,2.79405e+06,1.34795e+07,0,401409,0,0,62.338,61.3098,3.26096,0,1,1.57105,1.57105,0,1.21367,1.90512,8.48506e+06,3.73462e+06,1.33304e+07,0,394483,0,0
74.534,85.1408,1.66737,0.05,0.1,3.30181,3.30181,0,0.618696,4.6872,4.08288e+06,2.79405e+06,1.34809e+07,0,401449,0,0,62.338,61.3098,3.00924,0,1,1.57121,1.57121,0,1.21379,1.90512,8.48506e+06,3.73462e+06,1.33318e+07,0,394523,0,0
72.5315,85.1408,1.45419,0.05,0.1,3.52268,3.52268,0,0.618758,4.6872,4.08288e+06,2.79405e+06,1.43827e+07,0,428304,0,0,62.338,61.3098,2.98303,0,1,1.70665,1.70665,0,1.21391,1.90512,8.48506e+06,3.73462e+06,1.4481e+07,0,428533,0,0
70.8415,85.1408,1.75193,0.05,0.1,3.52303,3.52303,0,0.660149,4.6872,4.08288e+06,2.79405e+06,1.43841e+07,0,428347,0,0,62.338,61.3098,3.30866,0,1,1.70683,1.70683,0,1.31856,1.90512,8.48506e+06,3.73462e+06,1.44825e+07,0,428577,0,0
69.3261,85.1408,1.94514,0.04,0.1,3.52339,3.52339,0,0.660216,4.6872,4.08288e+06,2.79405e+06,1.43856e+07,0,428391,0,0,62.338,61.3098,4.10246,0,1,1.707,1.707,0,1.31869,1.90512,8.48506e+06,3.73462e+06,1.4484e+07,0,428620,0,0
67.4731,85.1408,1.5893,0.05,0.1,3.52375,3.52375,0,0.660283,4.6872,4.08288e+06,2.79405e+06,1.4387e+07,0,428434,0,0,62.3374,61.3098,2.88712,0,1,1.70717,1.70717,0,1.31883,1.90512,8.48506e+06,3.73462e+06,1.44854e+07,0,428664,0,0
65.9919,85.1408,1.92953,0.09,0.1,3.5241,3.5241,0,0.66035,4.6872,4.08288e+06,2.79405e+06,1.43885e+07,0,428478,0,0,62.338,61.3098,5.28422,0,1,1.70734,1.70734,0,1.31896,1.90512,8.48506e+06,3.73462e+06,1.44869e+07,0,428707,0,0
64.4483,85.1408,1.75152,0.09,0.1,3.41693,3.41693,0,0.660417,4.6872,4.08288e+06,2.79405e+06,1.39509e+07,0,415446,0,0,62.338,61.3098,4.16052,0,1,1.62536,1.62536,0,1.31909,1.90512,8.48506e+06,3.73462e+06,1.37913e+07,0,408121,0,0
62.8309,85.1408,1.65245,0.08,0.1,3.41727,3.41727,0,0.640332,4.6872,4.08288e+06,2.79405e+06,1.39523e+07,0,415488,0,0,62.338,61.3098,3.60486,0,1,1.62553,1.62553,0,1.25575,1.90512,8.48506e+06,3.73462e+06,1.37927e+07,0,408163,0,0
61.1903,85.1408,1.63653,0.08,0.1,3.41762,3.41762,0,0.640397,4.6872,4.08288e+06,2.79405e+06,1.39537e+07,0,415530,0,0,62.338,61.3098,5.77206,0,1,1.62569,1.62569,0,1.25588,1.90512,8.48506e+06,3.73462e+06,1.37941e+07,0,408204,0,0
60.9902,85.1408,3.26139,0.08,0.1,3.41796,3.41796,0,0.640462,4.6872,4.08288e+06,2.79405e+06,1.39551e+07,0,415573,0,0,62.338,61.3098,6.08013,0,1,1.62586,1.62586,0,1.25601,1.90512,8.48506e+06,3.73462e+06,1.37955e+07,0,408246,0,0
61.94,85.1408,4.38724,0.07,0.1,3.33001,3.33001,0,0.640526,4.6872,4.08288e+06,2.79405e+06,1.3596e+07,0,404878,0,0,62.338,61.3098,6.31452,0,1,1.55121,1.55121,0,1.25614,1.90512,8.48506e+06,3.73462e+06,1.31621e+07,0,389502,0,0
63.8703,85.1408,5.4257,0.08,0.1,3.33034,3.33034,0,0.624043,4.6872,4.08288e+06,2.79405e+06,1.35974e+07,0,404919,0,0,62.338,61.3098,8.89212,0,1,1.55136,1.55136,0,1.19846,1.90512,8.48506e+06,3.73462e+06,1.31634e+07,0,389541,0,0
65.6324,85.1408,5.44489,0.07,0.1,3.33068,3.33068,0,0.624107,4.6872,4.08288e+06,2.79405e+06,1.35988e+07,0,404960,0,0,62.338,61.3098,7.76118,0,1,1.55152,1.55152,0,1.19858,1.90512,8.48506e+06,3.73462e+06,1.31647e+07,0,389581,0,0
66.4253,85.1408,4.53612,0.07,0.1,3.33102,3.33102,0,0.62417,4.6872,4.08288e+06,2.79405e+06,1.36002e+07,0,405001,0,0,62.338,61.3098,6.10897,0,1,1.55168,1.55168,0,1.19871,1.90512,8.48506e+06,3.73462e+06,1.31661e+07,0,389620,0,0
72.0526,85.1408,9.48629,0.07,0.1,3.08047,3.08047,0,0.624233,4.6872,4.08288e+06,2.79405e+06,1.25772e+07,0,374538,0,0,62.338,61.3098,11.3823,0,1,1.39596,1.39596,0,1.19883,1.90512,8.48506e+06,3.73462e+06,1.18448e+07,0,350520,0,0
70.8006,85.1408,2.06061,0.05,0.1,3.08078,3.08078,0,0.57728,4.6872,4.08288e+06,2.79405e+06,1.25785e+07,0,374576,0,0,62.338,61.3098,4.47088,0,1,1.3961,1.3961,0,1.07852,1.90512,8.48506e+06,3.73462e+06,1.1846e+07,0,350555,0,0
70.1873,85.1408,2.74987,0.05,0.1,3.08109,3.08109,0,0.577338,4.6872,4.08288e+06,2.79405e+06,1.25797e+07,0,374614,0,0,62.338,61.3098,9.12398,0,1,1.39624,1.39624,0,1.07863,1.90512,8.48506e+06,3.73462e+06,1.18472e+07,0,350591,0,0
72.3105,85.1408,5.74949,0.04,0.1,3.0814,3.0814,0,0.577397,4.6872,4.08288e+06,2.79405e+06,1.2581e+07,0,374652,0,0,62.338,61.3098,9.31882,0,1,1.39638,1.39638,0,1.07874,1.90512,8.48506e+06,3.73462e+06,1.18484e+07,0,350626,0,0
83.6397,85.1408,15.7464,0.04,0.1,3.08172,3.08172,0,0.577455,4.6872,4.08288e+06,2.79405e+06,1.25823e+07,0,374690,0,0,62.338,61.3098,21.5735,0,1,1.39653,1.39653,0,1.07885,1.90512,8.48506e+06,3.73462e+06,1.18496e+07,0,350662,0,0
84.5067,85.1408,4.49693,0,0.1,3.08172,3.08172,0,0.577514,4.6872,4.08288e+06,2.79405e+06,1.25823e+07,0,374690,0,0,62.338,61.3098,6.75963,0,1,1.39653,1.39653,0,1.07896,1.90512,8.48506e+06,3.73462e+06,1.18496e+07,0,350662,0,0
84.7378,85.1408,3.91849,0,0.12,3.17857,3.17857,0,0.577514,4.6872,4.08288e+06,2.79405e+06,1.29777e+07,0,386466,0,0,62.338,61.3098,4.99171,0,1,1.44182,1.44182,0,1.07896,1.90512,8.48506e+06,3.73462e+06,1.22339e+07,0,362035,0,0
85.1408,85.1408,9.94638,0.01,0.12,3.17887,3.17887,0,0.595664,4.6872,4.08288e+06,2.79405e+06,1.29789e+07,0,386502,0,0,62.338,61.3098,8.90587,0,1,1.44196,1.44196,0,1.11395,1.90512,8.48506e+06,3.73462e+06,1.22351e+07,0,362069,0,0
85.1408,85.1408,4.99308,0,0.12,3.17916,3.17916,0,0.59572,4.6872,4.08288e+06,2.79405e+06,1.29801e+07,0,386538,0,0,62.338,61.3098,7.69671,0,1,1.44209,1.44209,0,1.11406,1.90512,8.48506e+06,3.73462e+06,1.22362e+07,0,362103,0,0
85.1408,85.1408,5.53239,0,0.12,3.17946,3.17946,0,0.595775,4.6872,4.08288e+06,2.79405e+06,1.29814e+07,0,386574,0,0,62.338,61.3098,9.01268,0,1,1.44223,1.44223,0,1.11416,1.90512,8.48506e+06,3.73462e+06,1.22374e+07,0,362137,0,0
85.1408,85.1408,6.85527,0,0.12,3.48991,3.48991,0,0.595831,4.6872,4.08288e+06,2.79405e+06,1.42489e+07,0,424320,0,0,62.338,61.3098,7.1501,0,1,1.61195,1.61195,0,1.11426,1.90512,8.48506e+06,3.73462e+06,1.36775e+07,0,404755,0,0
85.1408,85.1408,6.66245,0,0.12,3.49023,3.49023,0,0.654009,4.6872,4.08288e+06,2.79405e+06,1.42502e+07,0,424360,0,0,62.338,61.3098,8.99667,0,1,1.6121,1.6121,0,1.24539,1.90512,8.48506e+06,3.73462e+06,1.36788e+07,0,404793,0,0
85.1408,85.1408,5.67084,0,0.12,3.49056,3.49056,0,0.65407,4.6872,4.08288e+06,2.79405e+06,1.42515e+07,0,424399,0,0,62.338,61.3098,7.41234,0,1,1.61225,1.61225,0,1.24551,1.90512,8.48506e+06,3.73462e+06,1.36801e+07,0,404831,0,0
85.1408,85.1408,4.96824,0,0.12,3.49089,3.49089,0,0.654131,4.6872,4.08288e+06,2.79405e+06,1.42529e+07,0,424439,0,0,62.338,61.3098,6.67327,0,1,1.61241,1.61241,0,1.24563,1.90512,8.48506e+06,3.73462e+06,1.36814e+07,0,404868,0,0
85.1408,85.1408,6.14805,0,0.12,3.04868,3.04868,0,0.654192,4.6872,4.08288e+06,2.79405e+06,1.24474e+07,0,370673,0,0,62.338,61.3098,6.86566,0,1,1.38488,1.38488,0,1.24574,1.90512,8.48506e+06,3.73462e+06,1.17508e+07,0,347737,0,0
85.1408,85.1408,5.03988,0,0.12,3.04897,3.04897,0,0.571323,4.6872,4.08288e+06,2.79405e+06,1.24486e+07,0,370708,0,0,62.338,61.3098,4.54653,0,1,1.38501,1.38501,0,1.06996,1.90512,8.48506e+06,3.73462e+06,1.17519e+07,0,347770,0,0
85.1288,85.1408,3.58126,0,0.12,3.04925,3.04925,0,0.571376,4.6872,4.08288e+06,2.79405e+06,1.24497e+07,0,370743,0,0,62.338,61.3098,3.75333,0,1,1.38514,1.38514,0,1.07006,1.90512,8.48506e+06,3.73462e+06,1.1753e+07,0,347802,0,0
85.1408,85.1408,3.91916,0.01,0.12,3.04954,3.04954,0,0.57143,4.6872,4.08288e+06,2.79405e+06,1.24509e+07,0,370778,0,0,62.338,61.3098,3.38161,0,1,1.38527,1.38527,0,1.07016,1.90512,8.48506e+06,3.73462e+06,1.17541e+07,0,347835,0,0
85.1408,85.1408,5.6229,0,0.12,3.04982,3.04982,0,0.571483,4.6872,4.08288e+06,2.79405e+06,1.24521e+07,0,370812,0,0,62.338,61.3098,4.15195,0,1,1.3854,1.3854,0,1.07026,1.90512,8.48506e+06,3.73462e+06,1.17552e+07,0,347868,0,0
85.1408,85.1408,6.43315,0,0.12,3.16155,3.16155,0,0.571537,4.6872,4.08288e+06,2.79405e+06,1.29082e+07,0,384397,0,0,62.338,61.3098,6.35062,0,1,1.44125,1.44125,0,1.07036,1.90512,8.48506e+06,3.73462e+06,1.22291e+07,0,361892,0,0
85.1408,85.1408,6.06146,0,0.12,3.16185,3.16185,0,0.592475,4.6872,4.08288e+06,2.79405e+06,1.29095e+07,0,384433,0,0,62.338,61.3098,6.85708,0,1,1.44139,1.44139,0,1.11351,1.90512,8.48506e+06,3.73462e+06,1.22303e+07,0,361926,0,0
85.1408,85.1408,4.50646,0,0.12,3.16215,3.16215,0,0.592531,4.6872,4.08288e+06,2.79405e+06,1.29107e+07,0,384469,0,0,62.338,61.3098,6.48984,0,1,1.44152,1.44152,0,1.11362,1.90512,8.48506e+06,3.73462e+06,1.22314e+07,0,361960,0,0
85.1408,85.1408,3.81567,0,0.12,3.16244,3.16244,0,0.592586,4.6872,4.08288e+06,2.79405e+06,1.29119e+07,0,384505,0,0,62.338,61.3098,4.7711,0,1,1.44166,1.44166,0,1.11372,1.90512,8.48506e+06,3.73462e+06,1.22325e+07,0,361994,0,0
85.1408,85.1408,3.74449,0,0.12,3.11915,3.11915,0,0.592642,4.6872,4.08288e+06,2.79405e+06,1.27351e+07,0,379241,0,0,62.338,61.3098,3.82962,0,1,1.42014,1.42014,0,1.11382,1.90512,8.48506e+06,3.73462e+06,1.205e+07,0,356592,0,0
85.1408,85.1408,3.89712,0,0.12,3.11944,3.11944,0,0.584528,4.6872,4.08288e+06,2.79405e+06,1.27363e+07,0,379277,0,0,62.338,61.3098,3.21175,0,1,1.42027,1.42027,0,1.0972,1.90512,8.48506e+06,3.73462e+06,1.20511e+07,0,356625,0,0
85.1408,85.1408,3.81281,0,0.12,3.11973,3.11973,0,0.584583,4.6872,4.08288e+06,2.79405e+06,1.27375e+07,0,379312,0,0,62.338,61.3098,3.28275,0,1,1.42041,1.42041,0,1.0973,1.90512,8.48506e+06,3.73462e+06,1.20522e+07,0,356658,0,0
84.8398,85.1408,3.08077,0,0.12,3.12002,3.12002,0,0.584638,4.6872,4.08288e+06,2.79405e+06,1.27387e+07,0,379348,0,0,62.338,61.3098,3.04165,0,1,1.42054,1.42054,0,1.09741,1.90512,8.48506e+06,3.73462e+06,1.20534e+07,0,356692,0,0
84.3746,85.1408,3.11579,0,0.12,3.26834,3.26834,0,0.584693,4.6872,4.08288e+06,2.79405e+06,1.33442e+07,0,397380,0,0,62.338,61.3098,3.13072,0,1,1.49748,1.49748,0,1.09751,1.90512,8.48506e+06,3.73462e+06,1.27062e+07,0,376012,0,0
83.6679,85.1408,2.85036,0,0.12,3.26864,3.26864,0,0.612486,4.6872,4.08288e+06,2.79405e+06,1.33455e+07,0,397417,0,0,62.338,61.3098,2.83599,0,1,1.49762,1.49762,0,1.15695,1.90512,8.48506e+06,3.73462e+06,1.27074e+07,0,376047,0,0
82.8196,85.1408,2.63989,0,0.12,3.26895,3.26895,0,0.612543,4.6872,4.08288e+06,2.79405e+06,1.33467e+07,0,397454,0,0,62.338,61.3098,2.73035,0,1,1.49776,1.49776,0,1.15706,1.90512,8.48506e+06,3.73462e+06,1.27086e+07,0,376082,0,0
81.8391,85.1408,2.49221,0,0.12,3.26925,3.26925,0,0.612601,4.6872,4.08288e+06,2.79405e+06,1.3348e+07,0,397492,0,0,62.338,61.3098,2.56277,0,1,1.4979,1.4979,0,1.15717,1.90512,8.48506e+06,3.73462e+06,1.27098e+07,0,376117,0,0
80.2018,85.1408,1.73156,0,0.12,3.26956,3.26956,0,0.612658,4.6872,4.08288e+06,2.79405e+06,1.33492e+07,0,397529,0,0,62.164,61.3098,2.06056,0,1,1.49804,1.49804,0,1.15728,1.90512,8.48506e+06,3.73462e+06,1.2711e+07,0,376152,0,0
78.3044,85.1408,1.39705,0.01,0.12,3.24058,3.24058,0,0.612716,4.6872,4.08288e+06,2.79405e+06,1.32309e+07,0,394005,0,0,61.9022,61.3098,1.80976,0,1,1.54042,1.54042,0,1.15739,1.90512,8.48506e+06,3.73462e+06,1.30705e+07,0,386793,0,0
76.3147,85.1408,1.28933,0.01,0.12,3.24088,3.24088,0,0.607285,4.6872,4.08288e+06,2.79405e+06,1.32321e+07,0,394042,0,0,61.4592,61.3098,1.7938,0,1,1.54056,1.54056,0,1.19013,1.90512,8.48506e+06,3.73462e+06,1.30718e+07,0,386829,0,0
74.2324,85.1408,1.17771,0.03,0.12,3.24119,3.24119,0,0.607342,4.6872,4.08288e+06,2.79405e+06,1.32334e+07,0,394079,0,0,60.8705,61.3098,1.59256,0,1,1.54071,1.54071,0,1.19024,1.90512,8.48506e+06,3.73462e+06,1.3073e+07,0,386865,0,0
72.0506,85.1408,1.03882,0.04,0.12,3.24149,3.24149,0,0.607399,4.6872,4.08288e+06,2.79405e+06,1.32346e+07,0,394116,0,0,60.1463,61.3098,1.42065,0,1,1.54085,1.54085,0,1.19035,1.90512,8.48506e+06,3.73462e+06,1.30742e+07,0,386902,0,0
69.8254,85.1408,1.03561,0.04,0.12,3.31745,3.31745,0,0.607455,4.6872,4.08288e+06,2.79405e+06,1.35448e+07,0,403352,0,0,59.4693,61.3098,1.39287,0,1,1.57865,1.57865,0,1.19046,1.90512,8.48506e+06,3.73462e+06,1.33949e+07,0,396393,0,0
67.5545,85.1408,0.958228,0.05,0.12,3.31776,3.31776,0,0.62169,4.6872,4.08288e+06,2.79405e+06,1.3546e+07,0,403390,0,0,58.6439,61.3098,1.40231,0,1,1.5788,1.5788,0,1.21967,1.90512,8.48506e+06,3.73462e+06,1.33962e+07,0,396430,0,0
65.2384,85.1408,0.888017,0.08,0.12,3.31807,3.31807,0,0.621749,4.6872,4.08288e+06,2.79405e+06,1.35473e+07,0,403427,0,0,57.9056,61.3098,1.25225,0,1,1.57895,1.57895,0,1.21978,1.90512,8.48506e+06,3.73462e+06,1.33975e+07,0,396467,0,0
62.9692,85.1408,0.903623,0.1,0.12,3.31838,3.31838,0,0.621807,4.6872,4.08288e+06,2.79405e+06,1.35486e+07,0,403465,0,0,57.1417,61.3098,1.41173,0,1,1.57909,1.57909,0,1.21989,1.90512,8.48506e+06,3.73462e+06,1.33987e+07,0,396504,0,0
60.437,85.1408,0.727432,0.1,0.12,3.42029,3.54034,0,0.621865,4.6872,4.08288e+06,2.79405e+06,1.39646e+07,0,430451,0,0,56.218,61.3098,1.30449,1,1,1.65705,1.71521,0,1.22001,1.90512,8.48506e+06,3.73462e+06,1.40601e+07,0,430682,0,0
57.832,85.1408,0.630755,0.1,0.12,3.42061,3.54067,0,0.640962,4.6872,4.08288e+06,2.79405e+06,1.39659e+07,0,430491,0,0,55.3626,61.3098,1.19432,1,1,1.6572,1.71537,0,1.28024,1.90512,8.48506e+06,3.73462e+06,1.40615e+07,0,430722,0,0
55.3449,85.1408,0.712914,0.12,0.12,3.42093,3.541,0,0.641022,4.6872,4.08288e+06,2.79405e+06,1.39672e+07,0,430532,0,0,54.4912,61.3098,1.27348,1,1,1.65736,1.71553,0,1.28036,1.90512,8.48506e+06,3.73462e+06,1.40628e+07,0,430762,0,0
52.8885,85.1408,0.702513,0.11,0.12,3.42125,3.54133,0,0.641082,4.6872,4.08288e+06,2.79405e+06,1.39685e+07,0,430572,0,0,53.6667,61.3098,1.25302,1,1,1.65751,1.71569,0,1.28048,1.90512,8.48506e+06,3.73462e+06,1.40641e+07,0,430803,0,0
50.5844,85.1408,0.862966,0.11,0.12,3.42157,3.54166,0,0.641142,4.6872,4.08288e+06,2.79405e+06,1.39699e+07,0,430612,0,0,52.8414,61.3098,1.29052,1,1,1.65767,1.71585,0,1.28059,1.90512,8.48506e+06,3.73462e+06,1.40654e+07,0,430843,0,0
48.2415,85.1408,0.859137,0.15,0.12,3.43392,3.43392,0,0.641202,4.6872,4.08288e+06,2.79405e+06,1.40203e+07,0,417513,0,0,52.4755,61.3098,1.27615,0,1,1.63345,1.63345,0,1.28071,1.90512,8.48506e+06,3.73462e+06,1.38599e+07,0,410152,0,0
46.0476,85.1408,1.01724,0.15,0.12,3.43425,3.43425,0,0.643517,4.6872,4.08288e+06,2.79405e+06,1.40216e+07,0,417552,0,0,52.3967,61.3098,2.01714,0,1,1.6336,1.6336,0,1.262,1.90512,8.48506e+06,3.73462e+06,1.38612e+07,0,410190,0,0
43.8327,85.1408,0.989796,0.13,0.12,3.43457,3.43457,0,0.643578,4.6872,4.08288e+06,2.79405e+06,1.40229e+07,0,417591,0,0,52.2189,61.3098,1.85703,0,1,1.63375,1.63375,0,1.26212,1.90512,8.48506e+06,3.73462e+06,1.38625e+07,0,410229,0,0
41.6117,85.1408,0.98212,0.13,0.12,3.43489,3.43489,0,0.643638,4.6872,4.08288e+06,2.79405e+06,1.40242e+07,0,417630,0,0,52.1273,61.3098,2.27967,0,1,1.63391,1.63391,0,1.26224,1.90512,8.48506e+06,3.73462e+06,1.38638e+07,0,410267,0,0
39.3102,85.1408,0.807057,0.19,0.12,3.34647,3.34647,0,0.643698,4.6872,4.08288e+06,2.79405e+06,1.36632e+07,0,406880,0,0,51.8825,61.3098,1.75332,0,1,1.55888,1.55888,0,1.26236,1.90512,8.48506e+06,3.73462e+06,1.32272e+07,0,391427,0,0
37.2859,85.1408,1.11061,0.19,0.12,3.34678,3.34678,0,0.627128,4.6872,4.08288e+06,2.79405e+06,1.36645e+07,0,406918,0,0,51.8029,61.3098,2.2322,0,1,1.55902,1.55902,0,1.20439,1.90512,8.48506e+06,3.73462e+06,1.32284e+07,0,391464,0,0
35.8289,85.1408,1.73445,0.21,0.12,3.3471,3.3471,0,0.627187,4.6872,4.08288e+06,2.79405e+06,1.36658e+07,0,406956,0,0,52.0348,61.3098,2.90825,0,1,1.55917,1.55917,0,1.2045,1.90512,8.48506e+06,3.73462e+06,1.32296e+07,0,391501,0,0
35.4345,85.1408,2.80986,0.21,0.12,3.34741,3.34741,0,0.627246,4.6872,4.08288e+06,2.79405e+06,1.36671e+07,0,406994,0,0,52.6109,61.3098,3.64598,0,1,1.55931,1.55931,0,1.20461,1.90512,8.48506e+06,3.73462e+06,1.32309e+07,0,391537,0,0
36.0369,85.1408,3.58929,0.2,0.12,3.0956,3.0956,0,0.627305,4.6872,4.08288e+06,2.79405e+06,1.2639e+07,0,376378,0,0,53.5442,61.3098,4.35433,0,1,1.40282,1.40282,0,1.20473,1.90512,8.48506e+06,3.73462e+06,1.1903e+07,0,352242,0,0
36.2858,85.1408,3.06681,0.21,0.12,2.96436,3.09589,0,0.580116,4.6872,4.08288e+06,2.79405e+06,1.21031e+07,0,376413,0,0,54.1609,61.3098,3.89502,0,1,1.53448,1.40295,0,1.08382,1.90512,8.48506e+06,3.73462e+06,1.30202e+07,0,352275,0,0
36.1333,85.1408,2.65067,0.22,0.12,2.96478,3.09618,0,0.555521,4.6872,4.08288e+06,2.79405e+06,1.21048e+07,0,376449,0,0,54.8159,61.3098,3.96686,0,1,1.53448,1.40308,0,1.18554,1.90512,8.48506e+06,3.73462e+06,1.30202e+07,0,352308,0,0
36.2245,85.1408,2.95591,0.25,0.12,2.9652,3.09647,0,0.555599,4.6872,4.08288e+06,2.79405e+06,1.21066e+07,0,376484,0,0,55.483,61.3098,4.25175,0,1,1.53448,1.40321,0,1.18554,1.90512,8.48506e+06,3.73462e+06,1.30202e+07,0,352341,0,0
37.9855,85.1408,4.62264,0.27,0.12,2.96562,3.09676,0,0.555678,4.6872,4.08288e+06,2.79405e+06,1.21083e+07,0,376519,0,0,56.5696,61.3098,4.52962,0,1,1.53448,1.40334,0,1.18554,1.90512,8.48506e+06,3.73462e+06,1.30202e+07,0,352374,0,0
38.8668,85.1408,3.85518,0.28,0.14,3.06305,3.19406,0,0.555757,4.6872,4.08288e+06,2.79405e+06,1.25061e+07,0,388350,0,0,57.0073,61.3098,3.28523,0,1,1.57986,1.44885,0,1.18554,1.90512,8.48506e+06,3.73462e+06,1.34052e+07,0,363800,0,0
39.7342,85.1408,3.91866,0.26,0.14,3.10883,3.19434,0,0.574016,4.6872,4.08288e+06,2.79405e+06,1.2693e+07,0,388383,0,0,57.7587,61.3098,3.85659,0,1,1.53448,1.44897,0,1.2206,1.90512,8.48506e+06,3.73462e+06,1.30201e+07,0,363831,0,0
39.6628,85.1408,2.93709,0.27,0.14,3.10923,3.19461,0,0.582596,4.6872,4.08288e+06,2.79405e+06,1.26946e+07,0,388416,0,0,58.231,61.3098,3.23748,0,1,1.53448,1.4491,0,1.18554,1.90512,8.48506e+06,3.73462e+06,1.30201e+07,0,363863,0,0
39.5557,85.1408,2.92522,0.28,0.14,3.10963,3.19489,0,0.582671,4.6872,4.08288e+06,2.79405e+06,1.26963e+07,0,388450,0,0,58.5204,61.3098,2.75804,0,1,1.53448,1.44922,0,1.18554,1.90512,8.48506e+06,3.73462e+06,1.30201e+07,0,363894,0,0
40.6975,85.1408,4.53823,0.29,0.14,3.42168,3.50681,0,0.582745,4.6872,4.08288e+06,2.79405e+06,1.39703e+07,0,426375,0,0,59.5489,61.3098,4.21755,0,1,1.70489,1.61976,0,1.18554,1.90512,8.48506e+06,3.73462e+06,1.44661e+07,0,406715,0,0
40.9505,85.1408,3.6514,0.3,0.14,3.50711,3.50711,0,0.641223,4.6872,4.08288e+06,2.79405e+06,1.43191e+07,0,426412,0,0,59.7471,61.3098,2.75215,0,1,1.6199,1.6199,0,1.3172,1.90512,8.48506e+06,3.73462e+06,1.37449e+07,0,406750,0,0
42.6442,85.1408,5.13561,0.31,0.14,3.50742,3.50742,0,0.657233,4.6872,4.08288e+06,2.79405e+06,1.43204e+07,0,426449,0,0,59.9533,61.3098,3.39914,0,1,1.62004,1.62004,0,1.25153,1.90512,8.48506e+06,3.73462e+06,1.37461e+07,0,406785,0,0
44.1478,85.1408,5.05596,0.19,0.14,3.50772,3.50772,0,0.65729,4.6872,4.08288e+06,2.79405e+06,1.43216e+07,0,426485,0,0,60.4164,61.3098,4.19521,0,1,1.62018,1.62018,0,1.25164,1.90512,8.48506e+06,3.73462e+06,1.37473e+07,0,406820,0,0
48.5149,85.1408,7.65502,0.22,0.14,3.06336,3.06336,0,0.657346,4.6872,4.08288e+06,2.79405e+06,1.25073e+07,0,372458,0,0,61.0308,61.3098,3.71796,0,1,1.39154,1.39154,0,1.25175,1.90512,8.48506e+06,3.73462e+06,1.18073e+07,0,349411,0,0
53.9697,85.1408,8.74859,0.27,0.14,2.92081,3.06362,0,0.574073,4.6872,4.08288e+06,2.79405e+06,1.19253e+07,0,372490,0,0,62.338,61.3098,6.03218,0,1,1.53447,1.39166,0,1.07511,1.90512,8.48506e+06,3.73462e+06,1.30201e+07,0,349441,0,0
56.8325,85.1408,6.06699,0.16,0.14,2.9212,3.06388,0,0.54736,4.6872,4.08288e+06,2.79405e+06,1.19269e+07,0,372522,0,0,62.338,61.3098,3.80576,0,1,1.53447,1.39178,0,1.18553,1.90512,8.48506e+06,3.73462e+06,1.30201e+07,0,349471,0,0
59.8758,85.1408,6.40112,0.16,0.14,2.92158,3.06415,0,0.547432,4.6872,4.08288e+06,2.79405e+06,1.19285e+07,0,372554,0,0,62.338,61.3098,7.35241,0,1,1.53447,1.3919,0,1.18553,1.90512,8.48506e+06,3.73462e+06,1.30201e+07,0,349501,0,0
62.4729,85.1408,5.89355,0.09,0.14,2.92196,3.06441,0,0.547504,4.6872,4.08288e+06,2.79405e+06,1.193e+07,0,372586,0,0,62.338,61.3098,4.52948,0,1,1.53447,1.39202,0,1.18553,1.90512,8.48506e+06,3.73462e+06,1.30201e+07,0,349531,0,0
63.5406,85.1408,4.40893,0.08,0.14,3.03432,3.17665,0,0.547576,4.6872,4.08288e+06,2.79405e+06,1.23888e+07,0,386233,0,0,62.338,61.3098,3.12466,0,1,1.59046,1.44813,0,1.18553,1.90512,8.48506e+06,3.73462e+06,1.34952e+07,0,363620,0,0
66.5359,85.1408,6.49251,0.08,0.14,3.09071,3.17692,0,0.568632,4.6872,4.08288e+06,2.79405e+06,1.2619e+07,0,386266,0,0,62.338,61.3098,5.2715,0,1,1.53448,1.44826,0,1.22879,1.90512,8.48506e+06,3.73462e+06,1.30201e+07,0,363652,0,0
67.7736,85.1408,4.59097,0.07,0.14,3.0911,3.1772,0,0.579198,4.6872,4.08288e+06,2.79405e+06,1.26206e+07,0,386299,0,0,62.338,61.3098,3.09784,0,1,1.53448,1.44838,0,1.18554,1.90512,8.48506e+06,3.73462e+06,1.30201e+07,0,363683,0,0
68.3823,85.1408,3.92199,0.06,0.14,3.0915,3.17747,0,0.579273,4.6872,4.08288e+06,2.79405e+06,1.26222e+07,0,386332,0,0,62.338,61.3098,2.77643,0,1,1.53448,1.44851,0,1.18554,1.90512,8.48506e+06,3.73462e+06,1.30201e+07,0,363714,0,0
68.155,85.1408,3.04932,0.02,0.14,3.13395,3.13395,0,0.579348,4.6872,4.08288e+06,2.79405e+06,1.27955e+07,0,381041,0,0,62.2976,61.3098,2.54715,0,1,1.42688,1.42688,0,1.18554,1.90512,8.48506e+06,3.73462e+06,1.21072e+07,0,358283,0,0
67.486,85.1408,2.58193,0.01,0.14,3.13422,3.13422,0,0.587302,4.6872,4.08288e+06,2.79405e+06,1.27966e+07,0,381073,0,0,62.0823,61.3098,2.30603,0,1,1.427,1.427,0,1.10241,1.90512,8.48506e+06,3.73462e+06,1.21082e+07,0,358314,0,0
66.6134,85.1408,2.36995,0.05,0.14,3.13449,3.13449,0,0.587352,4.6872,4.08288e+06,2.79405e+06,1.27977e+07,0,381106,0,0,62.0633,61.3098,1.85499,0,1,1.42712,1.42712,0,1.1025,1.90512,8.48506e+06,3.73462e+06,1.21092e+07,0,358345,0,0
66.3322,85.1408,2.93273,0.04,0.14,3.13476,3.13476,0,0.587403,4.6872,4.08288e+06,2.79405e+06,1.27988e+07,0,381139,0,0,62.1821,61.3098,2.16965,0,1,1.42725,1.42725,0,1.1026,1.90512,8.48506e+06,3.73462e+06,1.21103e+07,0,358376,0,0
65.2216,85.1408,2.14307,0.05,0.14,3.28374,3.28374,0,0.587453,4.6872,4.08288e+06,2.79405e+06,1.34071e+07,0,399253,0,0,61.9304,61.3098,2.01019,0,1,1.50454,1.50454,0,1.10269,1.90512,8.48506e+06,3.73462e+06,1.27661e+07,0,377784,0,0
64.0615,85.1408,2.06888,0.04,0.14,3.28403,3.28403,0,0.615373,4.6872,4.08288e+06,2.79405e+06,1.34083e+07,0,399288,0,0,61.7224,61.3098,1.85368,0,1,1.50467,1.50467,0,1.16241,1.90512,8.48506e+06,3.73462e+06,1.27672e+07,0,377817,0,0
62.7617,85.1408,1.87257,0.03,0.14,3.28431,3.28431,0,0.615426,4.6872,4.08288e+06,2.79405e+06,1.34094e+07,0,399322,0,0,61.3822,61.3098,1.78518,0,1,1.5048,1.5048,0,1.16251,1.90512,8.48506e+06,3.73462e+06,1.27683e+07,0,377849,0,0
61.3909,85.1408,1.77191,0.03,0.14,3.28459,3.28459,0,0.615479,4.6872,4.08288e+06,2.79405e+06,1.34106e+07,0,399356,0,0,61.0826,61.3098,1.678,0,1,1.50493,1.50493,0,1.16261,1.90512,8.48506e+06,3.73462e+06,1.27694e+07,0,377882,0,0
60.0113,85.1408,1.76787,0.04,0.14,3.28487,3.28487,0,0.615532,4.6872,4.08288e+06,2.79405e+06,1.34117e+07,0,399391,0,0,60.9643,61.3098,1.79867,0,1,1.50506,1.50506,0,1.16271,1.90512,8.48506e+06,3.73462e+06,1.27705e+07,0,377914,0,0
58.5841,85.1408,1.69374,0.04,0.14,3.25573,3.25573,0,0.615585,4.6872,4.08288e+06,2.79405e+06,1.32928e+07,0,395848,0,0,60.6905,61.3098,1.97315,0,1,1.54762,1.54762,0,1.16281,1.90512,8.48506e+06,3.73462e+06,1.31317e+07,0,388601,0,0
57.0397,85.1408,1.55126,0.1,0.14,3.25601,3.25601,0,0.610124,4.6872,4.08288e+06,2.79405e+06,1.32939e+07,0,395882,0,0,60.375,61.3098,1.7389,0,1,1.54776,1.54776,0,1.19569,1.90512,8.48506e+06,3.73462e+06,1.31328e+07,0,388635,0,0
55.4148,85.1408,1.4236,0.09,0.14,3.25629,3.25629,0,0.610177,4.6872,4.08288e+06,2.79405e+06,1.32951e+07,0,395916,0,0,59.9562,61.3098,1.70765,0,1,1.54789,1.54789,0,1.1958,1.90512,8.48506e+06,3.73462e+06,1.31339e+07,0,388668,0,0
53.7694,85.1408,1.36182,0.09,0.14,3.25657,3.25657,0,0.610229,4.6872,4.08288e+06,2.79405e+06,1.32962e+07,0,395950,0,0,59.5563,61.3098,1.6765,0,1,1.54802,1.54802,0,1.1959,1.90512,8.48506e+06,3.73462e+06,1.31351e+07,0,388702,0,0
52.1089,85.1408,1.38752,0.1,0.14,3.33286,3.33286,0,0.610282,4.6872,4.08288e+06,2.79405e+06,1.36077e+07,0,405226,0,0,59.3201,61.3098,1.87431,0,1,1.58598,1.58598,0,1.196,1.90512,8.48506e+06,3.73462e+06,1.34572e+07,0,398234,0,0
50.3882,85.1408,1.29221,0.1,0.14,3.33315,3.33315,0,0.624578,4.6872,4.08288e+06,2.79405e+06,1.36089e+07,0,405260,0,0,59.07,61.3098,1.86631,0,1,1.58612,1.58612,0,1.22533,1.90512,8.48506e+06,3.73462e+06,1.34583e+07,0,398268,0,0
48.6817,85.1408,1.28728,0.15,0.14,3.33344,3.33344,0,0.624632,4.6872,4.08288e+06,2.79405e+06,1.361e+07,0,405295,0,0,58.6513,61.3098,1.82991,0,1,1.58626,1.58626,0,1.22544,1.90512,8.48506e+06,3.73462e+06,1.34595e+07,0,398303,0,0
46.8456,85.1408,1.14589,0.16,0.14,3.33372,3.33372,0,0.624686,4.6872,4.08288e+06,2.79405e+06,1.36112e+07,0,405330,0,0,58.2468,61.3098,1.62549,0,1,1.58639,1.58639,0,1.22554,1.90512,8.48506e+06,3.73462e+06,1.34606e+07,0,398337,0,0
44.686,85.1408,0.885924,0.15,0.14,3.43607,3.55667,0,0.62474,4.6872,4.08288e+06,2.79405e+06,1.40291e+07,0,432438,0,0,57.6884,61.3098,1.71046,1,1,1.6647,1.72312,0,1.22565,1.90512,8.48506e+06,3.73462e+06,1.4125e+07,0,432669,0,0
42.4305,85.1408,0.775244,0.14,0.14,3.43637,3.55698,0,0.64392,4.6872,4.08288e+06,2.79405e+06,1.40303e+07,0,432475,0,0,57.2502,61.3098,1.56854,1,1,1.66484,1.72327,0,1.28614,1.90512,8.48506e+06,3.73462e+06,1.41262e+07,0,432707,0,0
40.4469,85.1408,1.05149,0.24,0.14,3.43666,3.55729,0,0.643975,4.6872,4.08288e+06,2.79405e+06,1.40315e+07,0,432512,0,0,56.9116,61.3098,1.76583,1,1,1.66498,1.72342,0,1.28625,1.90512,8.48506e+06,3.73462e+06,1.41275e+07,0,432744,0,0
38.895,85.1408,1.54501,0.22,0.14,3.43696,3.55759,0,0.644031,4.6872,4.08288e+06,2.79405e+06,1.40327e+07,0,432549,0,0,56.6851,61.3098,2.10532,1,1,1.66512,1.72357,0,1.28636,1.90512,8.48506e+06,3.73462e+06,1.41287e+07,0,432781,0,0
37.062,85.1408,1.27382,0.22,0.14,3.43725,3.5579,0,0.644086,4.6872,4.08288e+06,2.79405e+06,1.40339e+07,0,432587,0,0,56.2683,61.3098,1.74654,1,1,1.66527,1.72372,0,1.28648,1.90512,8.48506e+06,3.73462e+06,1.41299e+07,0,432818,0,0
35.1322,85.1408,1.20187,0.19,0.14,3.44964,3.44964,0,0.644142,4.6872,4.08288e+06,2.79405e+06,1.40845e+07,0,419424,0,0,55.8798,61.3098,1.61729,0,1,1.64092,1.64092,0,1.28659,1.90512,8.48506e+06,3.73462e+06,1.39233e+07,0,412029,0,0
32.9907,85.1408,0.995679,0.17,0.14,3.44994,3.44994,0,0.646463,4.6872,4.08288e+06,2.79405e+06,1.40857e+07,0,419460,0,0,55.6918,61.3098,1.79479,0,1,1.64106,1.64106,0,1.26778,1.90512,8.48506e+06,3.73462e+06,1.39245e+07,0,412064,0,0
31.0317,85.1408,1.19118,0.28,0.14,3.45023,3.45023,0,0.646518,4.6872,4.08288e+06,2.79405e+06,1.40869e+07,0,419496,0,0,55.8546,61.3098,2.58268,0,1,1.64121,1.64121,0,1.26789,1.90512,8.48506e+06,3.73462e+06,1.39257e+07,0,412100,0,0
28.9963,85.1408,1.1055,0.27,0.14,3.45053,3.45053,0,0.646574,4.6872,4.08288e+06,2.79405e+06,1.40881e+07,0,419532,0,0,55.8675,61.3098,2.39492,0,1,1.64135,1.64135,0,1.268,1.90512,8.48506e+06,3.73462e+06,1.39269e+07,0,412135,0,0
29.5328,85.1408,3.80949,0.24,0.14,3.36168,3.36168,0,0.646629,4.6872,4.08288e+06,2.79405e+06,1.37254e+07,0,408730,0,0,57.1893,61.3098,5.35988,0,1,1.56596,1.56596,0,1.2681,1.90512,8.48506e+06,3.73462e+06,1.32873e+07,0,393207,0,0
32.2958,85.1408,6.07072,0.25,0.14,3.36197,3.36197,0,0.62998,4.6872,4.08288e+06,2.79405e+06,1.37265e+07,0,408765,0,0,57.9476,61.3098,4.9046,0,1,1.5661,1.5661,0,1.20986,1.90512,8.48506e+06,3.73462e+06,1.32884e+07,0,393241,0,0
33.8818,85.1408,4.91964,0.24,0.14,3.36226,3.36226,0,0.630034,4.6872,4.08288e+06,2.79405e+06,1.37277e+07,0,408800,0,0,58.5915,61.3098,4.22902,0,1,1.56623,1.56623,0,1.20997,1.90512,8.48506e+06,3.73462e+06,1.32896e+07,0,393275,0,0
35.5376,85.1408,5.03907,0.27,0.14,3.36255,3.36255,0,0.630088,4.6872,4.08288e+06,2.79405e+06,1.37289e+07,0,408835,0,0,59.6318,61.3098,5.33234,0,1,1.56637,1.56637,0,1.21007,1.90512,8.48506e+06,3.73462e+06,1.32907e+07,0,393308,0,0
36.4044,85.1408,3.94169,0.17,0.14,3.10958,3.10958,0,0.630142,4.6872,4.08288e+06,2.79405e+06,1.2696e+07,0,378078,0,0,60.9344,61.3098,5.6891,0,1,1.40915,1.40915,0,1.21018,1.90512,8.48506e+06,3.73462e+06,1.19567e+07,0,353832,0,0
37.9105,85.1408,4.65725,0.18,0.14,2.98465,3.10985,0,0.582736,4.6872,4.08288e+06,2.79405e+06,1.2186e+07,0,378110,0,0,62.338,61.3098,7.17438,0,1,1.53447,1.40927,0,1.08871,1.90512,8.48506e+06,3.73462e+06,1.30201e+07,0,353863,0,0
39.7229,85.1408,4.79519,0.2,0.14,2.98504,3.11012,0,0.559323,4.6872,4.08288e+06,2.79405e+06,1.21876e+07,0,378143,0,0,62.338,61.3098,7.26464,0,1,1.53447,1.40939,0,1.18553,1.90512,8.48506e+06,3.73462e+06,1.30201e+07,0,353893,0,0
41.1854,85.1408,4.50887,0.22,0.14,2.98543,3.11038,0,0.559396,4.6872,4.08288e+06,2.79405e+06,1.21891e+07,0,378175,0,0,62.338,61.3098,6.64299,0,1,1.53447,1.40952,0,1.18553,1.90512,8.48506e+06,3.73462e+06,1.30201e+07,0,353924,0,0
46.3114,85.1408,8.44341,0.24,0.14,2.98582,3.11065,0,0.559469,4.6872,4.08288e+06,2.79405e+06,1.21907e+07,0,378208,0,0,62.338,61.3098,9.16401,0,1,1.53447,1.40964,0,1.18553,1.90512,8.48506e+06,3.73462e+06,1.30201e+07,0,353954,0,0
48.8459,85.1408,5.7729,0.17,0.14,3.08365,3.20837,0,0.559542,4.6872,4.08288e+06,2.79405e+06,1.25902e+07,0,390089,0,0,62.338,61.3098,4.73865,0,1,1.58005,1.45534,0,1.18553,1.90512,8.48506e+06,3.73462e+06,1.34068e+07,0,365429,0,0
50.9157,85.1408,5.29155,0.17,0.14,3.1296,3.20862,0,0.577876,4.6872,4.08288e+06,2.79405e+06,1.27778e+07,0,390119,0,0,62.338,61.3098,4.44358,0,1,1.53447,1.45545,0,1.22075,1.90512,8.48506e+06,3.73462e+06,1.302e+07,0,365458,0,0
53.0176,85.1408,5.36952,0.17,0.14,3.12997,3.20887,0,0.586488,4.6872,4.08288e+06,2.79405e+06,1.27793e+07,0,390150,0,0,62.338,61.3098,3.32973,0,1,1.53447,1.45557,0,1.18553,1.90512,8.48506e+06,3.73462e+06,1.302e+07,0,365487,0,0
54.4594,85.1408,4.77574,0.11,0.14,3.13034,3.20912,0,0.586556,4.6872,4.08288e+06,2.79405e+06,1.27808e+07,0,390181,0,0,62.338,61.3098,3.55295,0,1,1.53447,1.45568,0,1.18553,1.90512,8.48506e+06,3.73462e+06,1.302e+07,0,365515,0,0
60.8959,85.1408,10.6468,0.11,0.14,3.44374,3.52241,0,0.586625,4.6872,4.08288e+06,2.79405e+06,1.40604e+07,0,428272,0,0,62.338,61.3098,5.78393,0,1,1.70564,1.62697,0,1.18553,1.90512,8.48506e+06,3.73462e+06,1.44724e+07,0,408524,0,0
65.2091,85.1408,8.42398,0.08,0.14,3.52269,3.52269,0,0.645356,4.6872,4.08288e+06,2.79405e+06,1.43827e+07,0,428305,0,0,62.338,61.3098,4.5419,0,1,1.62709,1.62709,0,1.31778,1.90512,8.48506e+06,3.73462e+06,1.3806e+07,0,408556,0,0
68.2721,85.1408,7.1043,0.08,0.14,3.52296,3.52296,0,0.660151,4.6872,4.08288e+06,2.79405e+06,1.43838e+07,0,428339,0,0,62.338,61.3098,5.09162,0,1,1.62722,1.62722,0,1.25709,1.90512,8.48506e+06,3.73462e+06,1.38071e+07,0,408589,0,0
70.7643,85.1408,6.5409,0.04,0.14,3.52324,3.52324,0,0.660203,4.6872,4.08288e+06,2.79405e+06,1.4385e+07,0,428373,0,0,62.338,61.3098,4.80094,0,1,1.62735,1.62735,0,1.25719,1.90512,8.48506e+06,3.73462e+06,1.38082e+07,0,408621,0,0
75.1083,85.1408,7.98593,0.04,0.14,3.07689,3.07689,0,0.660255,4.6872,4.08288e+06,2.79405e+06,1.25626e+07,0,374103,0,0,62.338,61.3098,6.41154,0,1,1.39769,1.39769,0,1.25729,1.90512,8.48506e+06,3.73462e+06,1.18595e+07,0,350955,0,0
77.7893,85.1408,6.38334,0.04,0.14,3.07713,3.07713,0,0.576609,4.6872,4.08288e+06,2.79405e+06,1.25636e+07,0,374132,0,0,62.338,61.3098,5.1037,0,1,1.3978,1.3978,0,1.07986,1.90512,8.48506e+06,3.73462e+06,1.18604e+07,0,350982,0,0
79.3424,85.1408,5.16222,0.01,0.14,3.07737,3.07737,0,0.576654,4.6872,4.08288e+06,2.79405e+06,1.25645e+07,0,374162,0,0,62.338,61.3098,3.85311,0,1,1.39791,1.39791,0,1.07994,1.90512,8.48506e+06,3.73462e+06,1.18614e+07,0,351010,0,0
81.5577,85.1408,5.82099,0.01,0.14,3.07762,3.07762,0,0.5767,4.6872,4.08288e+06,2.79405e+06,1.25655e+07,0,374191,0,0,62.338,61.3098,4.98043,0,1,1.39802,1.39802,0,1.08003,1.90512,8.48506e+06,3.73462e+06,1.18623e+07,0,351037,0,0
85.1408,85.1408,8.41983,0.01,0.14,3.07786,3.07786,0,0.576745,4.6872,4.08288e+06,2.79405e+06,1.25665e+07,0,374221,0,0,62.338,61.3098,6.90495,0,1,1.39813,1.39813,0,1.08011,1.90512,8.48506e+06,3.73462e+06,1.18632e+07,0,351065,0,0
85.1408,85.1408,10.2047,0,0.14,3.19057,3.19057,0,0.57679,4.6872,4.08288e+06,2.79405e+06,1.30267e+07,0,387924,0,0,62.338,61.3098,6.25021,0,1,1.45448,1.45448,0,1.0802,1.90512,8.48506e+06,3.73462e+06,1.23413e+07,0,365213,0,0
85.1408,85.1408,8.4384,0,0.14,3.19082,3.19082,0,0.597912,4.6872,4.08288e+06,2.79405e+06,1.30277e+07,0,387955,0,0,62.338,61.3098,6.02989,0,1,1.45459,1.45459,0,1.12373,1.90512,8.48506e+06,3.73462e+06,1.23423e+07,0,365242,0,0
85.1408,85.1408,6.7908,0,0.14,3.19107,3.19107,0,0.597959,4.6872,4.08288e+06,2.79405e+06,1.30287e+07,0,387985,0,0,62.338,61.3098,4.15679,0,1,1.45471,1.45471,0,1.12382,1.90512,8.48506e+06,3.73462e+06,1.23433e+07,0,365271,0,0
85.1408,85.1408,6.51534,0,0.14,3.19132,3.19132,0,0.598006,4.6872,4.08288e+06,2.79405e+06,1.30298e+07,0,388016,0,0,62.338,61.3098,3.51445,0,1,1.45482,1.45482,0,1.12391,1.90512,8.48506e+06,3.73462e+06,1.23442e+07,0,365299,0,0
85.1408,85.1408,5.66645,0,0.14,3.14758,3.14758,0,0.598053,4.6872,4.08288e+06,2.79405e+06,1.28512e+07,0,382698,0,0,62.338,61.3098,3.14844,0,1,1.43309,1.43309,0,1.12399,1.90512,8.48506e+06,3.73462e+06,1.21598e+07,0,359842,0,0
85.1408,85.1408,4.73692,0,0.14,3.14783,3.14783,0,0.589857,4.6872,4.08288e+06,2.79405e+06,1.28522e+07,0,382728,0,0,62.338,61.3098,3.13463,0,1,1.4332,1.4332,0,1.1072,1.90512,8.48506e+06,3.73462e+06,1.21608e+07,0,359870,0,0
85.1408,85.1408,4.46016,0,0.14,3.14808,3.14808,0,0.589903,4.6872,4.08288e+06,2.79405e+06,1.28532e+07,0,382758,0,0,62.3054,61.3098,2.45588,0,1,1.43331,1.43331,0,1.10729,1.90512,8.48506e+06,3.73462e+06,1.21617e+07,0,359899,0,0
85.1408,85.1408,3.80851,0,0.14,3.14832,3.14832,0,0.58995,4.6872,4.08288e+06,2.79405e+06,1.28542e+07,0,382788,0,0,62.2044,61.3098,2.24533,0,1,1.43342,1.43342,0,1.10738,1.90512,8.48506e+06,3.73462e+06,1.21627e+07,0,359927,0,0
85.1408,85.1408,3.91959,0,0.14,3.29793,3.29793,0,0.589996,4.6872,4.08288e+06,2.79405e+06,1.34651e+07,0,400978,0,0,62.0525,61.3098,2.36041,0,1,1.51104,1.51104,0,1.10746,1.90512,8.48506e+06,3.73462e+06,1.28213e+07,0,379416,0,0
85.1408,85.1408,3.77409,0,0.14,3.29819,3.29819,0,0.618032,4.6872,4.08288e+06,2.79405e+06,1.34661e+07,0,401010,0,0,61.8388,61.3098,2.18705,0,1,1.51116,1.51116,0,1.16743,1.90512,8.48506e+06,3.73462e+06,1.28223e+07,0,379446,0,0
85.0197,85.1408,3.44071,0,0.14,3.29845,3.29845,0,0.618081,4.6872,4.08288e+06,2.79405e+06,1.34672e+07,0,401041,0,0,61.455,61.3098,1.80835,0,1,1.51128,1.51128,0,1.16752,1.90512,8.48506e+06,3.73462e+06,1.28233e+07,0,379476,0,0
84.5275,85.1408,3.04265,0,0.14,3.29871,3.29871,0,0.618129,4.6872,4.08288e+06,2.79405e+06,1.34682e+07,0,401073,0,0,61.092,61.3098,1.60511,0,1,1.5114,1.5114,0,1.16761,1.90512,8.48506e+06,3.73462e+06,1.28243e+07,0,379506,0,0
83.3554,85.1408,2.29481,0.01,0.14,3.29897,3.29897,0,0.618178,4.6872,4.08288e+06,2.79405e+06,1.34693e+07,0,401104,0,0,60.7549,61.3098,1.68656,0,1,1.51152,1.51152,0,1.16771,1.90512,8.48506e+06,3.73462e+06,1.28253e+07,0,379536,0,0
81.5111,85.1408,1.52224,0.01,0.14,3.26968,3.26968,0,0.618226,4.6872,4.08288e+06,2.79405e+06,1.33497e+07,0,397543,0,0,60.4424,61.3098,1.72952,0,1,1.55425,1.55425,0,1.1678,1.90512,8.48506e+06,3.73462e+06,1.31879e+07,0,390266,0,0
79.5535,85.1408,1.39339,0.01,0.14,3.26993,3.26993,0,0.612738,4.6872,4.08288e+06,2.79405e+06,1.33508e+07,0,397574,0,0,59.9635,61.3098,1.74067,0,1,1.55437,1.55437,0,1.20081,1.90512,8.48506e+06,3.73462e+06,1.31889e+07,0,390297,0,0
77.4829,85.1408,1.25845,0.01,0.14,3.27019,3.27019,0,0.612786,4.6872,4.08288e+06,2.79405e+06,1.33518e+07,0,397606,0,0,59.4376,61.3098,1.54774,0,1,1.55449,1.55449,0,1.20091,1.90512,8.48506e+06,3.73462e+06,1.319e+07,0,390327,0,0
75.4,85.1408,1.19814,0.01,0.14,3.27045,3.27045,0,0.612834,4.6872,4.08288e+06,2.79405e+06,1.33529e+07,0,397637,0,0,58.7147,61.3098,1.509,0,1,1.55462,1.55462,0,1.201,1.90512,8.48506e+06,3.73462e+06,1.3191e+07,0,390358,0,0
73.2698,85.1408,1.18585,0.05,0.14,3.34704,3.34704,0,0.612882,4.6872,4.08288e+06,2.79405e+06,1.36656e+07,0,406949,0,0,57.9938,61.3098,1.40672,0,1,1.59273,1.59273,0,1.2011,1.90512,8.48506e+06,3.73462e+06,1.35144e+07,0,399928,0,0
71.138,85.1408,1.16039,0.06,0.14,3.3473,3.3473,0,0.627235,4.6872,4.08288e+06,2.79405e+06,1.36666e+07,0,406981,0,0,57.2171,61.3098,1.42751,0,1,1.59286,1.59286,0,1.23054,1.90512,8.48506e+06,3.73462e+06,1.35155e+07,0,399959,0,0
68.8849,85.1408,1.01553,0.06,0.14,3.34756,3.34756,0,0.627284,4.6872,4.08288e+06,2.79405e+06,1.36677e+07,0,407013,0,0,56.3686,61.3098,1.31765,0,1,1.59298,1.59298,0,1.23064,1.90512,8.48506e+06,3.73462e+06,1.35165e+07,0,399991,0,0
66.5792,85.1408,0.936914,0.06,0.14,3.34783,3.34783,0,0.627333,4.6872,4.08288e+06,2.79405e+06,1.36688e+07,0,407045,0,0,55.458,61.3098,1.26281,0,1,1.59311,1.59311,0,1.23074,1.90512,8.48506e+06,3.73462e+06,1.35176e+07,0,400022,0,0
63.9885,85.1408,0.671289,0.1,0.14,3.45058,3.57169,0,0.627383,4.6872,4.08288e+06,2.79405e+06,1.40883e+07,0,434264,0,0,54.3657,61.3098,1.19421,1,1,1.67173,1.7304,0,1.23083,1.90512,8.48506e+06,3.73462e+06,1.41847e+07,0,434497,0,0
61.2612,85.1408,0.496416,0.1,0.14,3.45085,3.57198,0,0.646639,4.6872,4.08288e+06,2.79405e+06,1.40894e+07,0,434298,0,0,53.2248,61.3098,1.0728,1,1,1.67186,1.73054,0,1.29157,1.90512,8.48506e+06,3.73462e+06,1.41858e+07,0,434531,0,0
58.5756,85.1408,0.502485,0.09,0.14,3.45113,3.57226,0,0.64669,4.6872,4.08288e+06,2.79405e+06,1.40905e+07,0,434332,0,0,52.2145,61.3098,1.02858,1,1,1.67199,1.73067,0,1.29168,1.90512,8.48506e+06,3.73462e+06,1.41869e+07,0,434565,0,0
56.1473,85.1408,0.740628,0.11,0.14,3.4514,3.57254,0,0.646741,4.6872,4.08288e+06,2.79405e+06,1.40916e+07,0,434366,0,0,51.2713,61.3098,1.23225,1,1,1.67212,1.73081,0,1.29178,1.90512,8.48506e+06,3.73462e+06,1.4188e+07,0,434599,0,0
53.9513,85.1408,0.972066,0.11,0.14,3.45167,3.57282,0,0.646792,4.6872,4.08288e+06,2.79405e+06,1.40927e+07,0,434400,0,0,50.8184,61.3098,1.31616,1,1,1.67225,1.73095,0,1.29188,1.90512,8.48506e+06,3.73462e+06,1.41891e+07,0,434633,0,0
51.5481,85.1408,0.717525,0.12,0.14,3.46408,3.46408,0,0.646842,4.6872,4.08288e+06,2.79405e+06,1.41434e+07,0,421179,0,0,50.0619,61.3098,1.99251,0,1,1.64779,1.64779,0,1.29198,1.90512,8.48506e+06,3.73462e+06,1.39816e+07,0,413754,0,0
49.0727,85.1408,0.622091,0.12,0.14,3.46435,3.46435,0,0.649168,4.6872,4.08288e+06,2.79405e+06,1.41445e+07,0,421213,0,0,49.0203,61.3098,1.10759,0,1,1.64792,1.64792,0,1.27308,1.90512,8.48506e+06,3.73462e+06,1.39827e+07,0,413786,0,0
46.6096,85.1408,0.644384,0.15,0.14,3.46462,3.46462,0,0.649219,4.6872,4.08288e+06,2.79405e+06,1.41456e+07,0,421246,0,0,48.3941,61.3098,1.07152,0,1,1.64805,1.64805,0,1.27318,1.90512,8.48506e+06,3.73462e+06,1.39838e+07,0,413819,0,0
45.1896,85.1408,1.87551,0.13,0.14,3.4649,3.4649,0,0.64927,4.6872,4.08288e+06,2.79405e+06,1.41468e+07,0,421279,0,0,47.7594,61.3098,1.90466,0,1,1.64818,1.64818,0,1.27328,1.90512,8.48506e+06,3.73462e+06,1.39849e+07,0,413851,0,0
43.1281,85.1408,1.06909,0.12,0.14,3.37565,3.37565,0,0.649321,4.6872,4.08288e+06,2.79405e+06,1.37824e+07,0,410428,0,0,46.5648,61.3098,1.07619,0,1,1.57247,1.57247,0,1.27338,1.90512,8.48506e+06,3.73462e+06,1.33425e+07,0,394841,0,0
40.7408,85.1408,0.720999,0.13,0.14,3.37592,3.37592,0,0.632598,4.6872,4.08288e+06,2.79405e+06,1.37835e+07,0,410461,0,0,45.8204,61.3098,0.621647,0,1,1.57259,1.57259,0,1.21489,1.90512,8.48506e+06,3.73462e+06,1.33436e+07,0,394872,0,0
38.7009,85.1408,1.08765,0.2,0.14,3.37619,3.37619,0,0.632647,4.6872,4.08288e+06,2.79405e+06,1.37846e+07,0,410493,0,0,45.7141,61.3098,1.67591,0,1,1.57272,1.57272,0,1.21499,1.90512,8.48506e+06,3.73462e+06,1.33446e+07,0,394903,0,0
38.114,85.1408,2.64677,0.2,0.14,3.37645,3.37645,0,0.632697,4.6872,4.08288e+06,2.79405e+06,1.37856e+07,0,410525,0,0,46.0396,61.3098,3.05334,0,1,1.57284,1.57284,0,1.21508,1.90512,8.48506e+06,3.73462e+06,1.33457e+07,0,394934,0,0
36.9062,85.1408,1.7421,0.21,0.14,3.12241,3.12241,0,0.632747,4.6872,4.08288e+06,2.79405e+06,1.27484e+07,0,379638,0,0,46.1531,61.3098,1.62529,0,1,1.41497,1.41497,0,1.21518,1.90512,8.48506e+06,3.73462e+06,1.20061e+07,0,355292,0,0
36.079,85.1408,2.01883,0.2,0.14,3.00327,3.12266,0,0.58514,4.6872,4.08288e+06,2.79405e+06,1.2262e+07,0,379668,0,0,46.4525,61.3098,2.92222,0,1,1.53446,1.41508,0,1.0932,1.90512,8.48506e+06,3.73462e+06,1.302e+07,0,355320,0,0
34.7781,85.1408,1.49415,0.21,0.14,3.00363,3.1229,0,0.562813,4.6872,4.08288e+06,2.79405e+06,1.22634e+07,0,379697,0,0,46.0972,61.3098,1.78381,0,1,1.53446,1.41519,0,1.18553,1.90512,8.48506e+06,3.73462e+06,1.302e+07,0,355348,0,0
33.8963,85.1408,1.9377,0.23,0.14,3.00398,3.12315,0,0.56288,4.6872,4.08288e+06,2.79405e+06,1.22649e+07,0,379727,0,0,45.8192,61.3098,1.69948,0,1,1.53446,1.4153,0,1.18553,1.90512,8.48506e+06,3.73462e+06,1.302e+07,0,355376,0,0
33.3624,85.1408,2.2633,0.35,0.14,3.00434,3.12339,0,0.562946,4.6872,4.08288e+06,2.79405e+06,1.22664e+07,0,379757,0,0,45.9124,61.3098,2.12136,0,1,1.53446,1.41541,0,1.18553,1.90512,8.48506e+06,3.73462e+06,1.302e+07,0,355404,0,0
37.5496,85.1408,7.29616,0.36,0.14,3.10254,3.22148,0,0.563013,4.6872,4.08288e+06,2.79405e+06,1.26673e+07,0,391683,0,0,47.9921,61.3098,6.29161,0,1,1.58023,1.46129,0,1.18553,1.90512,8.48506e+06,3.73462e+06,1.34083e+07,0,366923,0,0
39.8637,85.1408,5.35922,0.25,0.14,3.14865,3.22171,0,0.581416,4.6872,4.08288e+06,2.79405e+06,1.28556e+07,0,391711,0,0,50.4859,61.3098,7.19016,0,1,1.53446,1.46139,0,1.22088,1.90512,8.48506e+06,3.73462e+06,1.30199e+07,0,366949,0,0
40.6192,85.1408,3.7525,0.26,0.14,3.14898,3.22194,0,0.590057,4.6872,4.08288e+06,2.79405e+06,1.28569e+07,0,391739,0,0,51.9646,61.3098,4.86131,0,1,1.53446,1.4615,0,1.18552,1.90512,8.48506e+06,3.73462e+06,1.30199e+07,0,366976,0,0
41.7527,85.1408,4.25984,0.27,0.14,3.14932,3.22217,0,0.590119,4.6872,4.08288e+06,2.79405e+06,1.28583e+07,0,391767,0,0,53.4271,61.3098,4.68816,0,1,1.53446,1.4616,0,1.18552,1.90512,8.48506e+06,3.73462e+06,1.30199e+07,0,367002,0,0
45.2431,85.1408,7.12731,0.28,0.14,3.46396,3.53671,0,0.590182,4.6872,4.08288e+06,2.79405e+06,1.41429e+07,0,430010,0,0,55.2951,61.3098,7.04607,0,1,1.70632,1.63357,0,1.18552,1.90512,8.48506e+06,3.73462e+06,1.44782e+07,0,410183,0,0
46.481,85.1408,4.79822,0.17,0.14,3.53696,3.53696,0,0.649145,4.6872,4.08288e+06,2.79405e+06,1.4441e+07,0,430041,0,0,56.9485,61.3098,6.4582,0,1,1.63369,1.63369,0,1.3183,1.90512,8.48506e+06,3.73462e+06,1.38619e+07,0,410212,0,0
48.3063,85.1408,5.36474,0.17,0.14,3.53721,3.53721,0,0.662826,4.6872,4.08288e+06,2.79405e+06,1.4442e+07,0,430071,0,0,58.5774,61.3098,6.77679,0,1,1.6338,1.6338,0,1.26219,1.90512,8.48506e+06,3.73462e+06,1.38629e+07,0,410241,0,0
50.2097,85.1408,5.4474,0.19,0.14,3.53746,3.53746,0,0.662874,4.6872,4.08288e+06,2.79405e+06,1.4443e+07,0,430102,0,0,60.448,61.3098,6.94098,0,1,1.63392,1.63392,0,1.26228,1.90512,8.48506e+06,3.73462e+06,1.38639e+07,0,410270,0,0
54.5322,85.1408,7.61746,0.24,0.14,3.08929,3.08929,0,0.662921,4.6872,4.08288e+06,2.79405e+06,1.26132e+07,0,375611,0,0,62.338,61.3098,16.4101,0,1,1.40332,1.40332,0,1.26237,1.90512,8.48506e+06,3.73462e+06,1.19073e+07,0,352369,0,0
58.9718,85.1408,7.63603,0.15,0.14,2.95848,3.08951,0,0.578933,4.6872,4.08288e+06,2.79405e+06,1.20791e+07,0,375637,0,0,62.338,61.3098,13.6291,0,1,1.53445,1.40342,0,1.08421,1.90512,8.48506e+06,3.73462e+06,1.30199e+07,0,352394,0,0
61.8449,85.1408,6.17887,0.15,0.14,2.9588,3.08973,0,0.55442,4.6872,4.08288e+06,2.79405e+06,1.20804e+07,0,375664,0,0,62.338,61.3098,9.83468,0,1,1.53445,1.40352,0,1.18552,1.90512,8.48506e+06,3.73462e+06,1.30199e+07,0,352419,0,0
62.8111,85.1408,4.23266,0.09,0.14,2.95912,3.08995,0,0.55448,4.6872,4.08288e+06,2.79405e+06,1.20817e+07,0,375691,0,0,62.338,61.3098,7.46719,0,1,1.53445,1.40363,0,1.18552,1.90512,8.48506e+06,3.73462e+06,1.30199e+07,0,352444,0,0
65.3669,85.1408,5.80513,0.09,0.14,2.95944,3.09017,0,0.55454,4.6872,4.08288e+06,2.79405e+06,1.20831e+07,0,375718,0,0,62.338,61.3098,7.36929,0,1,1.53445,1.40373,0,1.18552,1.90512,8.48506e+06,3.73462e+06,1.30199e+07,0,352470,0,0
67.0529,85.1408,5.05203,0.1,0.14,3.07268,3.20331,0,0.5546,4.6872,4.08288e+06,2.79405e+06,1.25454e+07,0,389474,0,0,62.338,61.3098,6.4849,0,1,1.59091,1.46029,0,1.18552,1.90512,8.48506e+06,3.73462e+06,1.3499e+07,0,366672,0,0
71.6167,85.1408,8.20193,0.09,0.14,3.12947,3.20354,0,0.57582,4.6872,4.08288e+06,2.79405e+06,1.27773e+07,0,389501,0,0,62.338,61.3098,10.5343,0,1,1.53446,1.46039,0,1.22914,1.90512,8.48506e+06,3.73462e+06,1.30199e+07,0,366698,0,0
74.4285,85.1408,6.44441,0.03,0.14,3.20376,3.20376,0,0.586463,4.6872,4.08288e+06,2.79405e+06,1.30806e+07,0,389529,0,0,62.338,61.3098,8.80154,0,1,1.46049,1.46049,0,1.18552,1.90512,8.48506e+06,3.73462e+06,1.23924e+07,0,366724,0,0
75.9626,85.1408,5.10908,0.02,0.14,3.20399,3.20399,0,0.600385,4.6872,4.08288e+06,2.79405e+06,1.30815e+07,0,389557,0,0,62.338,61.3098,6.87892,0,1,1.4606,1.4606,0,1.12838,1.90512,8.48506e+06,3.73462e+06,1.23933e+07,0,366750,0,0
76.0834,85.1408,3.48215,0.02,0.14,3.16006,3.16006,0,0.600428,4.6872,4.08288e+06,2.79405e+06,1.29021e+07,0,384215,0,0,62.338,61.3098,3.79445,0,1,1.43877,1.43877,0,1.12846,1.90512,8.48506e+06,3.73462e+06,1.2208e+07,0,361269,0,0
75.941,85.1408,3.20769,0.02,0.14,3.16028,3.16028,0,0.592195,4.6872,4.08288e+06,2.79405e+06,1.29031e+07,0,384243,0,0,62.338,61.3098,3.86827,0,1,1.43887,1.43887,0,1.11159,1.90512,8.48506e+06,3.73462e+06,1.22089e+07,0,361294,0,0
77.5651,85.1408,5.02608,0.01,0.14,3.16051,3.16051,0,0.592237,4.6872,4.08288e+06,2.79405e+06,1.2904e+07,0,384270,0,0,62.338,61.3098,4.63256,0,1,1.43897,1.43897,0,1.11167,1.90512,8.48506e+06,3.73462e+06,1.22098e+07,0,361320,0,0
77.4439,85.1408,3.19634,0,0.14,3.16074,3.16074,0,0.59228,4.6872,4.08288e+06,2.79405e+06,1.29049e+07,0,384298,0,0,62.338,61.3098,3.94537,0,1,1.43908,1.43908,0,1.11175,1.90512,8.48506e+06,3.73462e+06,1.22106e+07,0,361346,0,0
77.1859,85.1408,3.15531,0,0.14,3.31091,3.31091,0,0.592322,4.6872,4.08288e+06,2.79405e+06,1.3518e+07,0,402556,0,0,62.338,61.3098,3.20288,0,1,1.51699,1.51699,0,1.11183,1.90512,8.48506e+06,3.73462e+06,1.28717e+07,0,380909,0,0
77.0872,85.1408,3.30576,0,0.14,3.31114,3.31114,0,0.620464,4.6872,4.08288e+06,2.79405e+06,1.3519e+07,0,402585,0,0,62.338,61.3098,3.28597,0,1,1.5171,1.5171,0,1.17202,1.90512,8.48506e+06,3.73462e+06,1.28726e+07,0,380937,0,0
76.848,85.1408,3.1557,0,0.14,3.31138,3.31138,0,0.620508,4.6872,4.08288e+06,2.79405e+06,1.352e+07,0,402614,0,0,62.338,61.3098,3.20075,0,1,1.5172,1.5172,0,1.17211,1.90512,8.48506e+06,3.73462e+06,1.28736e+07,0,380964,0,0
76.4142,85.1408,2.95006,0,0.14,3.31162,3.31162,0,0.620553,4.6872,4.08288e+06,2.79405e+06,1.35209e+07,0,402642,0,0,62.338,61.3098,3.01013,0,1,1.51731,1.51731,0,1.17219,1.90512,8.48506e+06,3.73462e+06,1.28745e+07,0,380991,0,0
75.6919,85.1408,2.58873,0.01,0.14,3.31185,3.31185,0,0.620597,4.6872,4.08288e+06,2.79405e+06,1.35219e+07,0,402671,0,0,62.338,61.3098,2.82492,0,1,1.51742,1.51742,0,1.17228,1.90512,8.48506e+06,3.73462e+06,1.28754e+07,0,381018,0,0
74.4076,85.1408,2.00343,0.02,0.14,3.28242,3.28242,0,0.620641,4.6872,4.08288e+06,2.79405e+06,1.34017e+07,0,399093,0,0,62.197,61.3098,2.1595,0,1,1.56031,1.56031,0,1.17236,1.90512,8.48506e+06,3.73462e+06,1.32393e+07,0,391787,0,0
72.9799,85.1408,1.84791,0.04,0.14,3.28266,3.28266,0,0.615126,4.6872,4.08288e+06,2.79405e+06,1.34027e+07,0,399121,0,0,62.0382,61.3098,2.14231,0,1,1.56042,1.56042,0,1.2055,1.90512,8.48506e+06,3.73462e+06,1.32403e+07,0,391815,0,0
71.4075,85.1408,1.68717,0.03,0.14,3.28289,3.28289,0,0.61517,4.6872,4.08288e+06,2.79405e+06,1.34037e+07,0,399150,0,0,61.8406,61.3098,1.8977,0,1,1.56053,1.56053,0,1.20558,1.90512,8.48506e+06,3.73462e+06,1.32412e+07,0,391843,0,0
69.734,85.1408,1.54813,0.04,0.14,3.28313,3.28313,0,0.615214,4.6872,4.08288e+06,2.79405e+06,1.34046e+07,0,399178,0,0,61.5438,61.3098,1.86554,0,1,1.56064,1.56064,0,1.20567,1.90512,8.48506e+06,3.73462e+06,1.32422e+07,0,391871,0,0
67.9681,85.1408,1.49059,0.05,0.14,3.35999,3.35999,0,0.615258,4.6872,4.08288e+06,2.79405e+06,1.37184e+07,0,408524,0,0,61.0215,61.3098,1.63502,0,1,1.59889,1.59889,0,1.20575,1.90512,8.48506e+06,3.73462e+06,1.35667e+07,0,401475,0,0
66.1881,85.1408,1.45692,0.08,0.14,3.36023,3.36023,0,0.629662,4.6872,4.08288e+06,2.79405e+06,1.37194e+07,0,408553,0,0,60.4021,61.3098,1.61458,0,1,1.59901,1.59901,0,1.2353,1.90512,8.48506e+06,3.73462e+06,1.35677e+07,0,401504,0,0
64.246,85.1408,1.27263,0.08,0.14,3.36047,3.36047,0,0.629707,4.6872,4.08288e+06,2.79405e+06,1.37204e+07,0,408582,0,0,59.7029,61.3098,1.48699,0,1,1.59912,1.59912,0,1.23539,1.90512,8.48506e+06,3.73462e+06,1.35686e+07,0,401533,0,0
62.2297,85.1408,1.17345,0.09,0.14,3.36071,3.36071,0,0.629752,4.6872,4.08288e+06,2.79405e+06,1.37214e+07,0,408611,0,0,58.9693,61.3098,1.42108,0,1,1.59923,1.59923,0,1.23548,1.90512,8.48506e+06,3.73462e+06,1.35696e+07,0,401561,0,0
60.0795,85.1408,1.08603,0.09,0.14,3.46383,3.58541,0,0.629797,4.6872,4.08288e+06,2.79405e+06,1.41424e+07,0,435932,0,0,58.3161,61.3098,1.36358,1,1,1.67814,1.73705,0,1.23557,1.90512,8.48506e+06,3.73462e+06,1.42392e+07,0,436165,0,0
58.1907,85.1408,1.35248,0.09,0.14,3.46408,3.58567,0,0.649122,4.6872,4.08288e+06,2.79405e+06,1.41434e+07,0,435963,0,0,57.4,61.3098,1.67257,1,1,1.67826,1.73717,0,1.29653,1.90512,8.48506e+06,3.73462e+06,1.42402e+07,0,436196,0,0
56.0767,85.1408,1.10008,0.09,0.14,3.46433,3.58592,0,0.649169,4.6872,4.08288e+06,2.79405e+06,1.41444e+07,0,435994,0,0,56.6988,61.3098,1.17111,1,1,1.67838,1.73729,0,1.29663,1.90512,8.48506e+06,3.73462e+06,1.42412e+07,0,436227,0,0
54.2444,85.1408,1.3447,0.09,0.14,3.46457,3.58618,0,0.649215,4.6872,4.08288e+06,2.79405e+06,1.41454e+07,0,436025,0,0,56.1747,61.3098,2.17024,1,1,1.6785,1.73742,0,1.29672,1.90512,8.48506e+06,3.73462e+06,1.42422e+07,0,436258,0,0
52.2122,85.1408,1.11127,0.09,0.14,3.46482,3.58643,0,0.649261,4.6872,4.08288e+06,2.79405e+06,1.41465e+07,0,436056,0,0,55.5748,61.3098,1.55565,1,1,1.67862,1.73754,0,1.29681,1.90512,8.48506e+06,3.73462e+06,1.42432e+07,0,436290,0,0
50.6554,85.1408,1.57341,0.09,0.14,3.47726,3.47726,0,0.649307,4.6872,4.08288e+06,2.79405e+06,1.41972e+07,0,422781,0,0,55.0439,61.3098,1.93621,0,1,1.65406,1.65406,0,1.2969,1.90512,8.48506e+06,3.73462e+06,1.40348e+07,0,415327,0,0
49.251,85.1408,1.76241,0.13,0.14,3.4775,3.4775,0,0.651638,4.6872,4.08288e+06,2.79405e+06,1.41982e+07,0,422812,0,0,54.5444,61.3098,1.82411,0,1,1.65418,1.65418,0,1.27793,1.90512,8.48506e+06,3.73462e+06,1.40358e+07,0,415357,0,0
48.3956,85.1408,2.34041,0.13,0.14,3.47775,3.47775,0,0.651684,4.6872,4.08288e+06,2.79405e+06,1.41992e+07,0,422842,0,0,54.1758,61.3098,2.48849,0,1,1.65429,1.65429,0,1.27802,1.90512,8.48506e+06,3.73462e+06,1.40368e+07,0,415387,0,0
48.2169,85.1408,3.10995,0.1,0.14,3.478,3.478,0,0.651731,4.6872,4.08288e+06,2.79405e+06,1.42003e+07,0,422872,0,0,54.0412,61.3098,3.49454,0,1,1.65441,1.65441,0,1.27811,1.90512,8.48506e+06,3.73462e+06,1.40378e+07,0,415416,0,0
47.7107,85.1408,2.68679,0.1,0.14,3.3884,3.3884,0,0.651777,4.6872,4.08288e+06,2.79405e+06,1.38344e+07,0,411978,0,0,53.9383,61.3098,2.41967,0,1,1.57841,1.57841,0,1.2782,1.90512,8.48506e+06,3.73462e+06,1.33929e+07,0,396331,0,0
48.7855,85.1408,4.30176,0.11,0.14,3.38864,3.38864,0,0.634985,4.6872,4.08288e+06,2.79405e+06,1.38354e+07,0,412007,0,0,53.9867,61.3098,3.07412,0,1,1.57852,1.57852,0,1.21948,1.90512,8.48506e+06,3.73462e+06,1.33938e+07,0,396359,0,0
50.2875,85.1408,4.82479,0.11,0.14,3.38888,3.38888,0,0.635031,4.6872,4.08288e+06,2.79405e+06,1.38364e+07,0,412036,0,0,55.3089,61.3098,7.65457,0,1,1.57863,1.57863,0,1.21956,1.90512,8.48506e+06,3.73462e+06,1.33948e+07,0,396388,0,0
51.417,85.1408,4.38616,0.11,0.14,3.38912,3.38912,0,0.635076,4.6872,4.08288e+06,2.79405e+06,1.38374e+07,0,412066,0,0,55.6018,61.3098,3.52524,0,1,1.57874,1.57874,0,1.21965,1.90512,8.48506e+06,3.73462e+06,1.33957e+07,0,396416,0,0
53.694,85.1408,5.46552,0.08,0.14,3.1341,3.1341,0,0.635121,4.6872,4.08288e+06,2.79405e+06,1.27962e+07,0,381060,0,0,56.4189,61.3098,5.17671,0,1,1.42027,1.42027,0,1.21974,1.90512,8.48506e+06,3.73462e+06,1.2051e+07,0,356623,0,0
53.8015,85.1408,3.15209,0.08,0.14,3.02024,3.13433,0,0.587331,4.6872,4.08288e+06,2.79405e+06,1.23313e+07,0,381087,0,0,56.6571,61.3098,4.50129,0,1,1.53445,1.42037,0,1.0973,1.90512,8.48506e+06,3.73462e+06,1.30199e+07,0,356648,0,0
54.6211,85.1408,3.99294,0.09,0.14,3.02057,3.13455,0,0.565993,4.6872,4.08288e+06,2.79405e+06,1.23326e+07,0,381114,0,0,57.3356,61.3098,5.27803,0,1,1.53445,1.42047,0,1.18552,1.90512,8.48506e+06,3.73462e+06,1.30199e+07,0,356674,0,0
56.3657,85.1408,4.94107,0.09,0.14,3.02089,3.13477,0,0.566054,4.6872,4.08288e+06,2.79405e+06,1.23339e+07,0,381141,0,0,58.3645,61.3098,6.54086,0,1,1.53445,1.42057,0,1.18552,1.90512,8.48506e+06,3.73462e+06,1.30199e+07,0,356699,0,0
58.4911,85.1408,5.54659,0.1,0.14,3.02122,3.135,0,0.566115,4.6872,4.08288e+06,2.79405e+06,1.23353e+07,0,381168,0,0,60.101,61.3098,8.93481,0,1,1.53445,1.42067,0,1.18552,1.90512,8.48506e+06,3.73462e+06,1.30199e+07,0,356725,0,0
60.4151,85.1408,5.2211,0.1,0.14,3.11975,3.23343,0,0.566176,4.6872,4.08288e+06,2.79405e+06,1.27376e+07,0,393136,0,0,61.8382,61.3098,7.69401,0,1,1.58039,1.46671,0,1.18552,1.90512,8.48506e+06,3.73462e+06,1.34097e+07,0,368284,0,0
60.7244,85.1408,3.64823,0.07,0.14,3.16599,3.23364,0,0.584641,4.6872,4.08288e+06,2.79405e+06,1.29264e+07,0,393161,0,0,62.338,61.3098,4.31863,0,1,1.53445,1.4668,0,1.22101,1.90512,8.48506e+06,3.73462e+06,1.30199e+07,0,368308,0,0
60.6149,85.1408,3.28605,0.08,0.14,3.16629,3.23384,0,0.593307,4.6872,4.08288e+06,2.79405e+06,1.29276e+07,0,393187,0,0,62.338,61.3098,3.86326,0,1,1.53445,1.46689,0,1.18551,1.90512,8.48506e+06,3.73462e+06,1.30199e+07,0,368331,0,0
59.9987,85.1408,2.68227,0.08,0.14,3.1666,3.23405,0,0.593363,4.6872,4.08288e+06,2.79405e+06,1.29288e+07,0,393212,0,0,62.338,61.3098,3.05046,0,1,1.53445,1.46699,0,1.18551,1.90512,8.48506e+06,3.73462e+06,1.30199e+07,0,368355,0,0
59.3181,85.1408,2.91664,0.08,0.14,3.48236,3.54972,0,0.59342,4.6872,4.08288e+06,2.79405e+06,1.42181e+07,0,431592,0,0,62.338,61.3098,3.96788,0,1,1.70694,1.63958,0,1.18551,1.90512,8.48506e+06,3.73462e+06,1.44835e+07,0,411692,0,0
59.7494,85.1408,4.075,0.11,0.14,3.54995,3.54995,0,0.652594,4.6872,4.08288e+06,2.79405e+06,1.4494e+07,0,431620,0,0,62.338,61.3098,5.45471,0,1,1.63969,1.63969,0,1.31878,1.90512,8.48506e+06,3.73462e+06,1.39128e+07,0,411718,0,0
60.7718,85.1408,4.66331,0.08,0.14,3.55018,3.55018,0,0.665261,4.6872,4.08288e+06,2.79405e+06,1.44949e+07,0,431648,0,0,62.338,61.3098,6.57181,0,1,1.63979,1.63979,0,1.26682,1.90512,8.48506e+06,3.73462e+06,1.39137e+07,0,411745,0,0
60.4143,85.1408,3.35307,0.08,0.14,3.55041,3.55041,0,0.665303,4.6872,4.08288e+06,2.79405e+06,1.44959e+07,0,431675,0,0,62.338,61.3098,5.11132,0,1,1.6399,1.6399,0,1.2669,1.90512,8.48506e+06,3.73462e+06,1.39146e+07,0,411771,0,0
60.7978,85.1408,3.72627,0.08,0.14,3.10057,3.10057,0,0.665346,4.6872,4.08288e+06,2.79405e+06,1.26592e+07,0,376982,0,0,62.338,61.3098,3.77783,0,1,1.40845,1.40845,0,1.26698,1.90512,8.48506e+06,3.73462e+06,1.19508e+07,0,353655,0,0
60.5314,85.1408,2.87705,0.08,0.14,2.97486,3.10077,0,0.581046,4.6872,4.08288e+06,2.79405e+06,1.2146e+07,0,377006,0,0,62.338,61.3098,3.19491,0,1,1.53444,1.40854,0,1.08817,1.90512,8.48506e+06,3.73462e+06,1.30198e+07,0,353678,0,0
61.2431,85.1408,3.92775,0.08,0.14,2.97515,3.10097,0,0.557489,4.6872,4.08288e+06,2.79405e+06,1.21472e+07,0,377030,0,0,62.338,61.3098,3.58133,0,1,1.53444,1.40863,0,1.18551,1.90512,8.48506e+06,3.73462e+06,1.30198e+07,0,353701,0,0
62.2708,85.1408,4.41452,0.08,0.14,2.97544,3.10116,0,0.557543,4.6872,4.08288e+06,2.79405e+06,1.21484e+07,0,377055,0,0,62.338,61.3098,5.35923,0,1,1.53444,1.40872,0,1.18551,1.90512,8.48506e+06,3.73462e+06,1.30198e+07,0,353724,0,0
63.3273,85.1408,4.33112,0.08,0.14,2.97573,3.10136,0,0.557598,4.6872,4.08288e+06,2.79405e+06,1.21495e+07,0,377079,0,0,62.338,61.3098,3.57698,0,1,1.53444,1.40881,0,1.18551,1.90512,8.48506e+06,3.73462e+06,1.30198e+07,0,353746,0,0
63.7709,85.1408,3.84053,0.09,0.14,3.08934,3.21489,0,0.557652,4.6872,4.08288e+06,2.79405e+06,1.26134e+07,0,390881,0,0,62.338,61.3098,5.36321,0,1,1.59111,1.46556,0,1.18551,1.90512,8.48506e+06,3.73462e+06,1.35006e+07,0,367997,0,0
64.85,85.1408,4.57119,0.09,0.14,3.1463,3.21509,0,0.578943,4.6872,4.08288e+06,2.79405e+06,1.2846e+07,0,390906,0,0,62.338,61.3098,7.08742,0,1,1.53445,1.46566,0,1.22929,1.90512,8.48506e+06,3.73462e+06,1.30199e+07,0,368021,0,0
64.6692,85.1408,3.21604,0.09,0.14,3.14661,3.2153,0,0.589618,4.6872,4.08288e+06,2.79405e+06,1.28472e+07,0,390932,0,0,62.338,61.3098,4.18383,0,1,1.53445,1.46575,0,1.18551,1.90512,8.48506e+06,3.73462e+06,1.30199e+07,0,368044,0,0
64.2081,85.1408,2.94741,0.06,0.14,3.14691,3.2155,0,0.589674,4.6872,4.08288e+06,2.79405e+06,1.28484e+07,0,390957,0,0,62.338,61.3098,4.41606,0,1,1.53445,1.46585,0,1.18551,1.90512,8.48506e+06,3.73462e+06,1.30199e+07,0,368068,0,0
64.0891,85.1408,3.17577,0.06,0.14,3.10288,3.17139,0,0.58973,4.6872,4.08288e+06,2.79405e+06,1.26687e+07,0,385593,0,0,62.338,61.3098,4.81652,0,1,1.51243,1.44393,0,1.18551,1.90512,8.48506e+06,3.73462e+06,1.28331e+07,0,362564,0,0
63.3549,85.1408,2.49385,0.06,0.14,3.08117,3.17159,0,0.581481,4.6872,4.08288e+06,2.79405e+06,1.258e+07,0,385618,0,0,62.338,61.3098,4.06133,0,1,1.53444,1.44402,0,1.16851,1.90512,8.48506e+06,3.73462e+06,1.30198e+07,0,362587,0,0
62.2756,85.1408,2.19404,0.05,0.14,3.1718,3.1718,0,0.577411,4.6872,4.08288e+06,2.79405e+06,1.29501e+07,0,385642,0,0,62.338,61.3098,3.66943,0,1,1.44411,1.44411,0,1.18551,1.90512,8.48506e+06,3.73462e+06,1.22534e+07,0,362611,0,0
61.3788,85.1408,2.37847,0.04,0.14,3.172,3.172,0,0.594395,4.6872,4.08288e+06,2.79405e+06,1.29509e+07,0,385667,0,0,62.338,61.3098,3.19685,0,1,1.4442,1.4442,0,1.11572,1.90512,8.48506e+06,3.73462e+06,1.22542e+07,0,362634,0,0
60.2266,85.1408,2.15678,0.05,0.14,3.32268,3.32268,0,0.594433,4.6872,4.08288e+06,2.79405e+06,1.35661e+07,0,403988,0,0,62.338,61.3098,3.37116,0,1,1.52238,1.52238,0,1.11579,1.90512,8.48506e+06,3.73462e+06,1.29175e+07,0,382264,0,0
58.8078,85.1408,1.82898,0.04,0.14,3.3229,3.3229,0,0.622671,4.6872,4.08288e+06,2.79405e+06,1.3567e+07,0,404014,0,0,62.338,61.3098,3.16979,0,1,1.52248,1.52248,0,1.17619,1.90512,8.48506e+06,3.73462e+06,1.29183e+07,0,382289,0,0
57.2201,85.1408,1.60565,0.13,0.14,3.31124,3.32311,0,0.622711,4.6872,4.08288e+06,2.79405e+06,1.35194e+07,0,404040,0,0,62.338,61.3098,2.95444,0,1,1.53445,1.52258,0,1.17627,1.90512,8.48506e+06,3.73462e+06,1.30199e+07,0,382313,0,0
55.6021,85.1408,1.51516,0.1,0.14,3.31155,3.32332,0,0.620526,4.6872,4.08288e+06,2.79405e+06,1.35207e+07,0,404066,0,0,62.338,61.3098,2.8225,0,1,1.53445,1.52268,0,1.18552,1.90512,8.48506e+06,3.73462e+06,1.30199e+07,0,382338,0,0
53.9757,85.1408,1.48194,0.13,0.14,3.31186,3.32354,0,0.620584,4.6872,4.08288e+06,2.79405e+06,1.35219e+07,0,404092,0,0,62.338,61.3098,2.64041,0,1,1.53445,1.52277,0,1.18552,1.90512,8.48506e+06,3.73462e+06,1.30199e+07,0,382362,0,0
52.546,85.1408,1.61918,0.12,0.14,3.2824,3.29398,0,0.620643,4.6872,4.08288e+06,2.79405e+06,1.34017e+07,0,400498,0,0,62.338,61.3098,2.61323,0,1,1.57738,1.5658,0,1.18552,1.90512,8.48506e+06,3.73462e+06,1.33842e+07,0,393167,0,0
51.1315,85.1408,1.61431,0.11,0.14,3.29419,3.29419,0,0.615122,4.6872,4.08288e+06,2.79405e+06,1.34498e+07,0,400524,0,0,62.338,61.3098,2.6271,0,1,1.5659,1.5659,0,1.21868,1.90512,8.48506e+06,3.73462e+06,1.32868e+07,0,393192,0,0
49.6778,85.1408,1.53843,0.1,0.14,3.2944,3.2944,0,0.617332,4.6872,4.08288e+06,2.79405e+06,1.34507e+07,0,400549,0,0,62.338,61.3098,2.61654,0,1,1.566,1.566,0,1.20982,1.90512,8.48506e+06,3.73462e+06,1.32876e+07,0,393217,0,0
48.0812,85.1408,1.353,0.15,0.14,3.29461,3.29461,0,0.617371,4.6872,4.08288e+06,2.79405e+06,1.34515e+07,0,400575,0,0,62.3291,61.3098,2.39892,0,1,1.5661,1.5661,0,1.20989,1.90512,8.48506e+06,3.73462e+06,1.32885e+07,0,393242,0,0
46.2659,85.1408,1.20453,0.14,0.14,3.37172,3.37172,0,0.617411,4.6872,4.08288e+06,2.79405e+06,1.37663e+07,0,409950,0,0,62.1049,61.3098,2.01862,0,1,1.60448,1.60448,0,1.20997,1.90512,8.48506e+06,3.73462e+06,1.36141e+07,0,402877,0,0
44.5827,85.1408,1.35951,0.12,0.14,3.37194,3.37194,0,0.63186,4.6872,4.08288e+06,2.79405e+06,1.37672e+07,0,409976,0,0,62.0257,61.3098,2.37568,0,1,1.60458,1.60458,0,1.23962,1.90512,8.48506e+06,3.73462e+06,1.36149e+07,0,402903,0,0
42.7883,85.1408,1.22551,0.13,0.14,3.37215,3.37215,0,0.631901,4.6872,4.08288e+06,2.79405e+06,1.37681e+07,0,410003,0,0,61.8038,61.3098,2.26658,0,1,1.60468,1.60468,0,1.2397,1.90512,8.48506e+06,3.73462e+06,1.36158e+07,0,402929,0,0
40.892,85.1408,1.11668,0.14,0.14,3.37237,3.37237,0,0.631941,4.6872,4.08288e+06,2.79405e+06,1.3769e+07,0,410029,0,0,61.536,61.3098,1.97189,0,1,1.60478,1.60478,0,1.23978,1.90512,8.48506e+06,3.73462e+06,1.36167e+07,0,402955,0,0
38.9464,85.1408,1.16159,0.18,0.14,3.47583,3.59783,0,0.631982,4.6872,4.08288e+06,2.79405e+06,1.41914e+07,0,437441,0,0,61.231,61.3098,2.26499,1,1,1.68396,1.74306,0,1.23986,1.90512,8.48506e+06,3.73462e+06,1.42885e+07,0,437675,0,0
37.0481,85.1408,1.20669,0.19,0.14,3.47605,3.59806,0,0.65137,4.6872,4.08288e+06,2.79405e+06,1.41923e+07,0,437469,0,0,60.7892,61.3098,2.08547,1,1,1.68406,1.74317,0,1.30102,1.90512,8.48506e+06,3.73462e+06,1.42894e+07,0,437703,0,0
34.9275,85.1408,0.997806,0.22,0.14,3.47627,3.59829,0,0.651412,4.6872,4.08288e+06,2.79405e+06,1.41932e+07,0,437497,0,0,60.2873,61.3098,1.66331,1,1,1.68417,1.74328,0,1.30111,1.90512,8.48506e+06,3.73462e+06,1.42903e+07,0,437732,0,0
32.9745,85.1408,1.15132,0.19,0.14,3.4765,3.59852,0,0.651454,4.6872,4.08288e+06,2.79405e+06,1.41941e+07,0,437525,0,0,60.0372,61.3098,2.51266,1,1,1.68428,1.7434,0,1.30119,1.90512,8.48506e+06,3.73462e+06,1.42912e+07,0,437760,0,0
30.8437,85.1408,0.968104,0.28,0.14,3.47672,3.59875,0,0.651495,4.6872,4.08288e+06,2.79405e+06,1.4195e+07,0,437553,0,0,59.6144,61.3098,1.94235,1,1,1.68439,1.74351,0,1.30127,1.90512,8.48506e+06,3.73462e+06,1.42921e+07,0,437788,0,0
28.8298,85.1408,1.12522,0.27,0.14,3.48917,3.48917,0,0.651537,4.6872,4.08288e+06,2.79405e+06,1.42459e+07,0,424230,0,0,59.3594,61.3098,2.36264,0,1,1.65973,1.65973,0,1.30136,1.90512,8.48506e+06,3.73462e+06,1.40829e+07,0,416751,0,0
26.5845,85.1408,0.877001,0.25,0.14,3.48939,3.48939,0,0.65387,4.6872,4.08288e+06,2.79405e+06,1.42468e+07,0,424257,0,0,58.9646,61.3098,1.98174,0,1,1.65983,1.65983,0,1.2823,1.90512,8.48506e+06,3.73462e+06,1.40838e+07,0,416777,0,0
24.4454,85.1408,0.988444,0.26,0.14,3.48962,3.48962,0,0.653912,4.6872,4.08288e+06,2.79405e+06,1.42477e+07,0,424285,0,0,58.5817,61.3098,1.99222,0,1,1.65994,1.65994,0,1.28239,1.90512,8.48506e+06,3.73462e+06,1.40847e+07,0,416804,0,0
22.7599,85.1408,1.46178,0.34,0.14,3.48984,3.48984,0,0.653954,4.6872,4.08288e+06,2.79405e+06,1.42486e+07,0,424312,0,0,58.439,61.3098,2.59785,0,1,1.66005,1.66005,0,1.28247,1.90512,8.48506e+06,3.73462e+06,1.40856e+07,0,416831,0,0
20.7003,85.1408,1.02426,0.32,0.14,3.39991,3.39991,0,0.653996,4.6872,4.08288e+06,2.79405e+06,1.38814e+07,0,413377,0,0,57.9722,61.3098,1.97836,0,1,1.58377,1.58377,0,1.28255,1.90512,8.48506e+06,3.73462e+06,1.34384e+07,0,397678,0,0
18.6465,85.1408,1.03973,0.31,0.14,3.40013,3.40013,0,0.637143,4.6872,4.08288e+06,2.79405e+06,1.38823e+07,0,413404,0,0,57.691,61.3098,1.43754,0,1,1.58387,1.58387,0,1.22362,1.90512,8.48506e+06,3.73462e+06,1.34392e+07,0,397703,0,0
17.5635,85.1408,2.0599,0.32,0.14,3.40034,3.40034,0,0.637184,4.6872,4.08288e+06,2.79405e+06,1.38832e+07,0,413430,0,0,58.149,61.3098,3.4628,0,1,1.58397,1.58397,0,1.2237,1.90512,8.48506e+06,3.73462e+06,1.34401e+07,0,397729,0,0
15.7408,85.1408,1.26052,0.33,0.14,3.40056,3.40056,0,0.637224,4.6872,4.08288e+06,2.79405e+06,1.38841e+07,0,413457,0,0,58.4001,61.3098,3.06619,0,1,1.58407,1.58407,0,1.22378,1.90512,8.48506e+06,3.73462e+06,1.3441e+07,0,397754,0,0
15.0457,85.1408,2.21831,0.39,0.14,3.14466,3.14466,0,0.637265,4.6872,4.08288e+06,2.79405e+06,1.28393e+07,0,382343,0,0,58.7039,61.3098,2.5784,0,1,1.42505,1.42505,0,1.22386,1.90512,8.48506e+06,3.73462e+06,1.20916e+07,0,357824,0,0
14.8482,85.1408,2.62158,0.4,0.14,3.03556,3.14486,0,0.58931,4.6872,4.08288e+06,2.79405e+06,1.23938e+07,0,382368,0,0,58.6075,61.3098,2.37689,0,1,1.53444,1.42514,0,1.10099,1.90512,8.48506e+06,3.73462e+06,1.30198e+07,0,357847,0,0
14.8623,85.1408,2.67539,0.42,0.14,3.03585,3.14507,0,0.568864,4.6872,4.08288e+06,2.79405e+06,1.2395e+07,0,382392,0,0,58.706,61.3098,3.60909,0,1,1.53444,1.42523,0,1.18551,1.90512,8.48506e+06,3.73462e+06,1.30198e+07,0,357870,0,0
13.9343,85.1408,1.66202,0.43,0.14,3.03615,3.14527,0,0.568919,4.6872,4.08288e+06,2.79405e+06,1.23962e+07,0,382417,0,0,58.0321,61.3098,1.70978,0,1,1.53444,1.42532,0,1.18551,1.90512,8.48506e+06,3.73462e+06,1.30198e+07,0,357893,0,0
13.8423,85.1408,1.57169,0.48,0.14,3.03644,3.14547,0,0.568974,4.6872,4.08288e+06,2.79405e+06,1.23974e+07,0,382441,0,0,57.8249,61.3098,1.5585,0,1,1.53444,1.42542,0,1.18551,1.90512,8.48506e+06,3.73462e+06,1.30198e+07,0,357916,0,0
16.3793,85.1408,4.20233,0.51,0.14,3.13527,3.24421,0,0.569029,4.6872,4.08288e+06,2.79405e+06,1.28009e+07,0,394446,0,0,57.6367,61.3098,2.03878,0,1,1.58053,1.47159,0,1.18551,1.90512,8.48506e+06,3.73462e+06,1.34109e+07,0,369511,0,0
18.3229,85.1408,4.97102,0.55,0.18,3.18163,3.24439,0,0.587549,4.6872,4.08288e+06,2.79405e+06,1.29902e+07,0,394469,0,0,58.1739,61.3098,2.988,0,1,1.53444,1.47168,0,1.22112,1.90512,8.48506e+06,3.73462e+06,1.30198e+07,0,369532,0,0
19.8757,85.1408,4.62526,0.45,0.18,3.1819,3.24458,0,0.596238,4.6872,4.08288e+06,2.79405e+06,1.29913e+07,0,394491,0,0,59.0707,61.3098,3.90581,0,1,1.53444,1.47176,0,1.18551,1.90512,8.48506e+06,3.73462e+06,1.30198e+07,0,369553,0,0
20.5641,85.1408,3.65733,0.49,0.18,3.18217,3.24476,0,0.596288,4.6872,4.08288e+06,2.79405e+06,1.29924e+07,0,394514,0,0,59.8764,61.3098,3.75717,0,1,1.53444,1.47185,0,1.18551,1.90512,8.48506e+06,3.73462e+06,1.30198e+07,0,369574,0,0
20.6481,85.1408,3.39794,0.5,0.18,3.49894,3.56145,0,0.596339,4.6872,4.08288e+06,2.79405e+06,1.42858e+07,0,433018,0,0,60.1845,61.3098,2.81814,0,1,1.7075,1.645,0,1.18551,1.90512,8.48506e+06,3.73462e+06,1.44883e+07,0,413052,0,0
22.9169,85.1408,5.77777,0.51,0.18,3.56165,3.56165,0,0.655702,4.6872,4.08288e+06,2.79405e+06,1.45418e+07,0,433043,0,0,60.9851,61.3098,3.75896,0,1,1.64509,1.64509,0,1.31922,1.90512,8.48506e+06,3.73462e+06,1.39587e+07,0,413076,0,0
25.2363,85.1408,5.83116,0.53,0.18,3.56185,3.56185,0,0.667454,4.6872,4.08288e+06,2.79405e+06,1.45426e+07,0,433068,0,0,61.6685,61.3098,3.88501,0,1,1.64518,1.64518,0,1.271,1.90512,8.48506e+06,3.73462e+06,1.39595e+07,0,413099,0,0
25.8213,85.1408,4.01656,0.57,0.18,3.56206,3.56206,0,0.667492,4.6872,4.08288e+06,2.79405e+06,1.45435e+07,0,433092,0,0,61.7933,61.3098,2.64143,0,1,1.64528,1.64528,0,1.27107,1.90512,8.48506e+06,3.73462e+06,1.39603e+07,0,413123,0,0
26.7676,85.1408,3.90242,0.47,0.18,3.11072,3.11072,0,0.66753,4.6872,4.08288e+06,2.79405e+06,1.27007e+07,0,378217,0,0,62.1652,61.3098,2.71019,0,1,1.41306,1.41306,0,1.27114,1.90512,8.48506e+06,3.73462e+06,1.19899e+07,0,354814,0,0
30.8322,85.1408,6.96406,0.5,0.18,2.98961,3.1109,0,0.582949,4.6872,4.08288e+06,2.79405e+06,1.22062e+07,0,378238,0,0,62.338,61.3098,4.60549,0,1,1.53443,1.41314,0,1.09173,1.90512,8.48506e+06,3.73462e+06,1.30197e+07,0,354834,0,0
34.8955,85.1408,7.09045,0.57,0.18,2.98986,3.11108,0,0.560252,4.6872,4.08288e+06,2.79405e+06,1.22073e+07,0,378260,0,0,62.338,61.3098,4.23656,0,1,1.53443,1.41322,0,1.1855,1.90512,8.48506e+06,3.73462e+06,1.30197e+07,0,354854,0,0
37.3065,85.1408,5.33461,0.44,0.18,2.99012,3.11125,0,0.560301,4.6872,4.08288e+06,2.79405e+06,1.22083e+07,0,378281,0,0,62.338,61.3098,3.34063,0,1,1.53443,1.4133,0,1.1855,1.90512,8.48506e+06,3.73462e+06,1.30197e+07,0,354874,0,0
40.7025,85.1408,6.3585,0.49,0.18,2.99038,3.11143,0,0.560349,4.6872,4.08288e+06,2.79405e+06,1.22094e+07,0,378303,0,0,62.338,61.3098,3.51167,0,1,1.53443,1.41338,0,1.1855,1.90512,8.48506e+06,3.73462e+06,1.30197e+07,0,354894,0,0
46.1117,85.1408,8.68709,0.54,0.18,3.10433,3.2253,0,0.560397,4.6872,4.08288e+06,2.79405e+06,1.26746e+07,0,392147,0,0,62.338,61.3098,5.41163,0,1,1.59128,1.47031,0,1.1855,1.90512,8.48506e+06,3.73462e+06,1.35021e+07,0,369189,0,0
49.2293,85.1408,6.43346,0.3,0.18,3.16144,3.22548,0,0.581751,4.6872,4.08288e+06,2.79405e+06,1.29078e+07,0,392170,0,0,62.338,61.3098,4.81023,0,1,1.53444,1.47039,0,1.22942,1.90512,8.48506e+06,3.73462e+06,1.30198e+07,0,369210,0,0
51.2787,85.1408,5.2784,0.34,0.18,3.16171,3.22567,0,0.592454,4.6872,4.08288e+06,2.79405e+06,1.29089e+07,0,392192,0,0,62.338,61.3098,4.28133,0,1,1.53444,1.47048,0,1.18551,1.90512,8.48506e+06,3.73462e+06,1.30198e+07,0,369231,0,0
52.676,85.1408,4.58405,0.16,0.18,3.16198,3.22585,0,0.592504,4.6872,4.08288e+06,2.79405e+06,1.291e+07,0,392214,0,0,62.338,61.3098,3.84045,0,1,1.53444,1.47056,0,1.18551,1.90512,8.48506e+06,3.73462e+06,1.30198e+07,0,369252,0,0
54.0562,85.1408,4.53271,0.17,0.18,3.11778,3.18157,0,0.592554,4.6872,4.08288e+06,2.79405e+06,1.27295e+07,0,386831,0,0,62.338,61.3098,3.96681,0,1,1.51235,1.44856,0,1.18551,1.90512,8.48506e+06,3.73462e+06,1.28324e+07,0,363728,0,0
54.6779,85.1408,3.74315,0.16,0.18,3.09596,3.18175,0,0.584272,4.6872,4.08288e+06,2.79405e+06,1.26404e+07,0,386853,0,0,62.338,61.3098,3.29978,0,1,1.53443,1.44864,0,1.16844,1.90512,8.48506e+06,3.73462e+06,1.30198e+07,0,363748,0,0
54.8002,85.1408,3.23143,0.15,0.18,3.09622,3.18193,0,0.580183,4.6872,4.08288e+06,2.79405e+06,1.26415e+07,0,386875,0,0,62.338,61.3098,2.97326,0,1,1.53443,1.44873,0,1.1855,1.90512,8.48506e+06,3.73462e+06,1.30198e+07,0,363769,0,0
54.9869,85.1408,3.30101,0.15,0.18,3.09649,3.18211,0,0.580232,4.6872,4.08288e+06,2.79405e+06,1.26426e+07,0,386897,0,0,62.338,61.3098,2.45924,0,1,1.53443,1.44881,0,1.1855,1.90512,8.48506e+06,3.73462e+06,1.30198e+07,0,363790,0,0
55.2669,85.1408,3.48714,0.12,0.18,3.24771,3.33325,0,0.580282,4.6872,4.08288e+06,2.79405e+06,1.326e+07,0,405273,0,0,62.338,61.3098,2.63276,0,1,1.61277,1.52723,0,1.1855,1.90512,8.48506e+06,3.73462e+06,1.36844e+07,0,383480,0,0
55.0838,85.1408,3.00524,0.12,0.18,3.32632,3.33344,0,0.608621,4.6872,4.08288e+06,2.79405e+06,1.3581e+07,0,405296,0,0,62.338,61.3098,2.70013,0,1,1.53444,1.52731,0,1.24603,1.90512,8.48506e+06,3.73462e+06,1.30198e+07,0,383502,0,0
54.7864,85.1408,2.87326,0.12,0.18,3.32659,3.33363,0,0.623352,4.6872,4.08288e+06,2.79405e+06,1.35821e+07,0,405319,0,0,62.338,61.3098,2.72913,0,1,1.53444,1.5274,0,1.18551,1.90512,8.48506e+06,3.73462e+06,1.30198e+07,0,383524,0,0
54.3714,85.1408,2.74259,0.09,0.18,3.32687,3.33382,0,0.623404,4.6872,4.08288e+06,2.79405e+06,1.35832e+07,0,405342,0,0,62.338,61.3098,2.64819,0,1,1.53444,1.52749,0,1.18551,1.90512,8.48506e+06,3.73462e+06,1.30198e+07,0,383546,0,0
53.793,85.1408,2.56384,0.1,0.18,3.32715,3.33401,0,0.623455,4.6872,4.08288e+06,2.79405e+06,1.35843e+07,0,405365,0,0,62.3116,61.3098,2.49368,0,1,1.53444,1.52757,0,1.18551,1.90512,8.48506e+06,3.73462e+06,1.30198e+07,0,383567,0,0
53.3535,85.1408,2.65341,0.12,0.18,3.29756,3.30434,0,0.623507,4.6872,4.08288e+06,2.79405e+06,1.34635e+07,0,401758,0,0,62.1216,61.3098,1.94579,0,1,1.57751,1.57073,0,1.18551,1.90512,8.48506e+06,3.73462e+06,1.33852e+07,0,394403,0,0
52.8037,85.1408,2.52347,0.11,0.18,3.30453,3.30453,0,0.617963,4.6872,4.08288e+06,2.79405e+06,1.3492e+07,0,401780,0,0,61.8511,61.3098,1.91275,0,1,1.57082,1.57082,0,1.21878,1.90512,8.48506e+06,3.73462e+06,1.33285e+07,0,394426,0,0
51.9526,85.1408,2.19177,0.09,0.18,3.30472,3.30472,0,0.619268,4.6872,4.08288e+06,2.79405e+06,1.34928e+07,0,401803,0,0,61.5907,61.3098,1.78681,0,1,1.57091,1.57091,0,1.21361,1.90512,8.48506e+06,3.73462e+06,1.33292e+07,0,394448,0,0
51.0744,85.1408,2.14266,0.09,0.18,3.3049,3.3049,0,0.619304,4.6872,4.08288e+06,2.79405e+06,1.34935e+07,0,401826,0,0,61.1492,61.3098,1.85264,0,1,1.571,1.571,0,1.21368,1.90512,8.48506e+06,3.73462e+06,1.333e+07,0,394470,0,0
49.8372,85.1408,1.80693,0.13,0.18,3.38223,3.38223,0,0.619339,4.6872,4.08288e+06,2.79405e+06,1.38092e+07,0,411227,0,0,60.6848,61.3098,1.56755,0,1,1.60948,1.60948,0,1.21375,1.90512,8.48506e+06,3.73462e+06,1.36565e+07,0,404133,0,0
48.7206,85.1408,1.94193,0.12,0.18,3.38242,3.38242,0,0.633829,4.6872,4.08288e+06,2.79405e+06,1.381e+07,0,411251,0,0,60.3445,61.3098,1.80182,0,1,1.60957,1.60957,0,1.24348,1.90512,8.48506e+06,3.73462e+06,1.36573e+07,0,404155,0,0
47.4395,85.1408,1.7566,0.12,0.18,3.38261,3.38261,0,0.633865,4.6872,4.08288e+06,2.79405e+06,1.38108e+07,0,411274,0,0,59.7425,61.3098,1.72642,0,1,1.60966,1.60966,0,1.24355,1.90512,8.48506e+06,3.73462e+06,1.3658e+07,0,404179,0,0
46.0078,85.1408,1.59955,0.13,0.18,3.3828,3.3828,0,0.633901,4.6872,4.08288e+06,2.79405e+06,1.38116e+07,0,411298,0,0,59.3109,61.3098,1.49909,0,1,1.60975,1.60975,0,1.24362,1.90512,8.48506e+06,3.73462e+06,1.36588e+07,0,404201,0,0
44.531,85.1408,1.6452,0.11,0.18,3.48656,3.60893,0,0.633937,4.6872,4.08288e+06,2.79405e+06,1.42352e+07,0,438791,0,0,58.5199,61.3098,1.79794,1,1,1.68915,1.74844,0,1.24369,1.90512,8.48506e+06,3.73462e+06,1.43326e+07,0,439027,0,0
42.6142,85.1408,1.17401,0.12,0.18,3.48676,3.60914,0,0.653381,4.6872,4.08288e+06,2.79405e+06,1.4236e+07,0,438816,0,0,57.7668,61.3098,1.32422,1,1,1.68925,1.74854,0,1.30504,1.90512,8.48506e+06,3.73462e+06,1.43334e+07,0,439052,0,0
41.2045,85.1408,1.68828,0.12,0.18,3.48695,3.60934,0,0.653418,4.6872,4.08288e+06,2.79405e+06,1.42368e+07,0,438841,0,0,57.1899,61.3098,1.54791,1,1,1.68935,1.74864,0,1.30511,1.90512,8.48506e+06,3.73462e+06,1.43342e+07,0,439077,0,0
40.493,85.1408,2.44533,0.16,0.18,3.48715,3.60955,0,0.653455,4.6872,4.08288e+06,2.79405e+06,1.42376e+07,0,438866,0,0,56.6583,61.3098,1.78977,1,1,1.68944,1.74874,0,1.30519,1.90512,8.48506e+06,3.73462e+06,1.4335e+07,0,439102,0,0
39.0394,85.1408,1.70277,0.18,0.18,3.48735,3.60975,0,0.653492,4.6872,4.08288e+06,2.79405e+06,1.42384e+07,0,438891,0,0,56.197,61.3098,1.56214,1,1,1.68954,1.74884,0,1.30526,1.90512,8.48506e+06,3.73462e+06,1.43358e+07,0,439126,0,0
39.5808,85.1408,3.72851,0.15,0.18,3.49982,3.49982,0,0.65353,4.6872,4.08288e+06,2.79405e+06,1.42893e+07,0,425524,0,0,56.2515,61.3098,3.49244,0,1,1.66479,1.66479,0,1.30534,1.90512,8.48506e+06,3.73462e+06,1.41258e+07,0,418022,0,0
38.1805,85.1408,1.76403,0.14,0.18,3.50001,3.50001,0,0.655865,4.6872,4.08288e+06,2.79405e+06,1.42901e+07,0,425549,0,0,55.8987,61.3098,1.97708,0,1,1.66489,1.66489,0,1.28622,1.90512,8.48506e+06,3.73462e+06,1.41266e+07,0,418046,0,0
36.9944,85.1408,1.95116,0.15,0.18,3.50021,3.50021,0,0.655903,4.6872,4.08288e+06,2.79405e+06,1.4291e+07,0,425573,0,0,55.6487,61.3098,1.99827,0,1,1.66498,1.66498,0,1.28629,1.90512,8.48506e+06,3.73462e+06,1.41275e+07,0,418070,0,0
39.1738,85.1408,5.46562,0.14,0.18,3.50041,3.50041,0,0.65594,4.6872,4.08288e+06,2.79405e+06,1.42918e+07,0,425597,0,0,55.9693,61.3098,4.64217,0,1,1.66507,1.66507,0,1.28636,1.90512,8.48506e+06,3.73462e+06,1.41283e+07,0,418093,0,0
40.2028,85.1408,4.41635,0.13,0.18,3.41018,3.41018,0,0.655977,4.6872,4.08288e+06,2.79405e+06,1.39234e+07,0,414627,0,0,56.2672,61.3098,4.01414,0,1,1.58856,1.58856,0,1.28644,1.90512,8.48506e+06,3.73462e+06,1.3479e+07,0,398880,0,0
44.8181,85.1408,8.18897,0.14,0.18,3.41038,3.41038,0,0.639068,4.6872,4.08288e+06,2.79405e+06,1.39242e+07,0,414650,0,0,58.4398,61.3098,9.88605,0,1,1.58865,1.58865,0,1.22732,1.90512,8.48506e+06,3.73462e+06,1.34797e+07,0,398902,0,0
47.6935,85.1408,6.34658,0.1,0.18,3.41057,3.41057,0,0.639105,4.6872,4.08288e+06,2.79405e+06,1.3925e+07,0,414674,0,0,59.6355,61.3098,6.10636,0,1,1.58874,1.58874,0,1.22739,1.90512,8.48506e+06,3.73462e+06,1.34805e+07,0,398925,0,0
48.7412,85.1408,4.34801,0.1,0.18,3.41077,3.41077,0,0.639141,4.6872,4.08288e+06,2.79405e+06,1.39257e+07,0,414697,0,0,60.3992,61.3098,5.27463,0,1,1.58883,1.58883,0,1.22746,1.90512,8.48506e+06,3.73462e+06,1.34813e+07,0,398948,0,0
52.4314,85.1408,6.97374,0.1,0.18,3.15407,3.15407,0,0.639177,4.6872,4.08288e+06,2.79405e+06,1.28777e+07,0,383488,0,0,62.2695,61.3098,8.0398,0,1,1.42932,1.42932,0,1.22753,1.90512,8.48506e+06,3.73462e+06,1.21278e+07,0,358895,0,0
54.7622,85.1408,5.61563,0.08,0.18,3.04922,3.15425,0,0.591074,4.6872,4.08288e+06,2.79405e+06,1.24496e+07,0,383510,0,0,62.338,61.3098,6.86195,0,1,1.53443,1.4294,0,1.10429,1.90512,8.48506e+06,3.73462e+06,1.30198e+07,0,358916,0,0
57.7959,85.1408,6.27961,0.08,0.18,3.04948,3.15443,0,0.571423,4.6872,4.08288e+06,2.79405e+06,1.24507e+07,0,383531,0,0,62.338,61.3098,7.67389,0,1,1.53443,1.42948,0,1.1855,1.90512,8.48506e+06,3.73462e+06,1.30198e+07,0,358936,0,0
61.4465,85.1408,7.11439,0.09,0.18,3.04974,3.15461,0,0.571472,4.6872,4.08288e+06,2.79405e+06,1.24517e+07,0,383553,0,0,62.338,61.3098,6.54953,0,1,1.53443,1.42956,0,1.1855,1.90512,8.48506e+06,3.73462e+06,1.30198e+07,0,358956,0,0
70.3884,85.1408,12.6721,0.07,0.18,3.05,3.15479,0,0.571521,4.6872,4.08288e+06,2.79405e+06,1.24528e+07,0,383575,0,0,62.338,61.3098,12.4065,0,1,1.53443,1.42964,0,1.1855,1.90512,8.48506e+06,3.73462e+06,1.30198e+07,0,358977,0,0
77.1058,85.1408,10.6833,0.03,0.18,3.15479,3.15479,0,0.57157,4.6872,4.08288e+06,2.79405e+06,1.28806e+07,0,383575,0,0,62.338,61.3098,8.11765,0,1,1.42964,1.42964,0,1.1855,1.90512,8.48506e+06,3.73462e+06,1.21306e+07,0,358977,0,0
85.1408,85.1408,12.5074,0.01,0.18,3.2538,3.2538,0,0.591208,4.6872,4.08288e+06,2.79405e+06,1.32849e+07,0,395613,0,0,62.338,61.3098,9.49668,0,1,1.47595,1.47595,0,1.10454,1.90512,8.48506e+06,3.73462e+06,1.25235e+07,0,370604,0,0
85.1408,85.1408,16.589,0,0.18,3.25396,3.25396,0,0.609762,4.6872,4.08288e+06,2.79405e+06,1.32855e+07,0,395632,0,0,62.338,61.3098,11.9866,0,1,1.47602,1.47602,0,1.14032,1.90512,8.48506e+06,3.73462e+06,1.25241e+07,0,370622,0,0
85.1408,85.1408,18.5616,0,0.18,3.25412,3.25412,0,0.609792,4.6872,4.08288e+06,2.79405e+06,1.32862e+07,0,395652,0,0,62.338,61.3098,12.7591,0,1,1.47609,1.47609,0,1.14037,1.90512,8.48506e+06,3.73462e+06,1.25247e+07,0,370641,0,0
85.1408,85.1408,11.6686,0,0.18,3.25429,3.25429,0,0.609823,4.6872,4.08288e+06,2.79405e+06,1.32869e+07,0,395672,0,0,62.338,61.3098,11.7328,0,1,1.47617,1.47617,0,1.14043,1.90512,8.48506e+06,3.73462e+06,1.25254e+07,0,370659,0,0
85.1408,85.1408,10.0936,0,0.18,3.57188,3.57188,0,0.609853,4.6872,4.08288e+06,2.79405e+06,1.45836e+07,0,434286,0,0,62.338,61.3098,8.37383,0,1,1.64981,1.64981,0,1.14049,1.90512,8.48506e+06,3.73462e+06,1.39988e+07,0,414262,0,0
85.1408,85.1408,10.1115,0,0.18,3.57206,3.57206,0,0.66937,4.6872,4.08288e+06,2.79405e+06,1.45843e+07,0,434308,0,0,62.338,61.3098,8.59534,0,1,1.6499,1.6499,0,1.27465,1.90512,8.48506e+06,3.73462e+06,1.39995e+07,0,414282,0,0
85.1408,85.1408,8.44438,0,0.18,3.57223,3.57223,0,0.669403,4.6872,4.08288e+06,2.79405e+06,1.4585e+07,0,434330,0,0,62.338,61.3098,6.89642,0,1,1.64998,1.64998,0,1.27471,1.90512,8.48506e+06,3.73462e+06,1.40002e+07,0,414303,0,0
85.1408,85.1408,7.37958,0,0.18,3.57241,3.57241,0,0.669437,4.6872,4.08288e+06,2.79405e+06,1.45857e+07,0,434351,0,0,62.338,61.3098,6.59532,0,1,1.65006,1.65006,0,1.27477,1.90512,8.48506e+06,3.73462e+06,1.40009e+07,0,414324,0,0
85.1408,85.1408,8.49589,0,0.18,3.11974,3.11974,0,0.66947,4.6872,4.08288e+06,2.79405e+06,1.27375e+07,0,379313,0,0,62.338,61.3098,10.8368,0,1,1.41716,1.41716,0,1.27484,1.90512,8.48506e+06,3.73462e+06,1.20247e+07,0,355842,0,0
85.1408,85.1408,10.065,0,0.18,3.1199,3.1199,0,0.58464,4.6872,4.08288e+06,2.79405e+06,1.27382e+07,0,379332,0,0,62.338,61.3098,12.8287,0,1,1.41723,1.41723,0,1.0949,1.90512,8.48506e+06,3.73462e+06,1.20253e+07,0,355860,0,0
85.1408,85.1408,11.7295,0,0.18,3.12005,3.12005,0,0.584669,4.6872,4.08288e+06,2.79405e+06,1.27388e+07,0,379351,0,0,62.338,61.3098,17.3738,0,1,1.4173,1.4173,0,1.09495,1.90512,8.48506e+06,3.73462e+06,1.20259e+07,0,355878,0,0
85.1408,85.1408,8.66233,0,0.18,3.12021,3.12021,0,0.584698,4.6872,4.08288e+06,2.79405e+06,1.27394e+07,0,379370,0,0,62.338,61.3098,10.6538,0,1,1.41737,1.41737,0,1.09501,1.90512,8.48506e+06,3.73462e+06,1.20265e+07,0,355896,0,0
85.1408,85.1408,10.8195,0,0.18,3.12036,3.12036,0,0.584727,4.6872,4.08288e+06,2.79405e+06,1.27401e+07,0,379389,0,0,62.338,61.3098,15.8892,0,1,1.41744,1.41744,0,1.09506,1.90512,8.48506e+06,3.73462e+06,1.20271e+07,0,355913,0,0
85.1408,85.1408,8.78884,0,0.18,3.23454,3.23454,0,0.584756,4.6872,4.08288e+06,2.79405e+06,1.32062e+07,0,393270,0,0,62.338,61.3098,16.1282,0,1,1.47452,1.47452,0,1.09511,1.90512,8.48506e+06,3.73462e+06,1.25114e+07,0,370246,0,0
85.1408,85.1408,8.15896,0,0.18,3.2347,3.2347,0,0.606152,4.6872,4.08288e+06,2.79405e+06,1.32069e+07,0,393290,0,0,62.338,61.3098,8.54304,0,1,1.4746,1.4746,0,1.13922,1.90512,8.48506e+06,3.73462e+06,1.2512e+07,0,370265,0,0
85.1408,85.1408,8.27526,0,0.18,3.23486,3.23486,0,0.606182,4.6872,4.08288e+06,2.79405e+06,1.32075e+07,0,393310,0,0,62.338,61.3098,9.33134,0,1,1.47467,1.47467,0,1.13927,1.90512,8.48506e+06,3.73462e+06,1.25126e+07,0,370283,0,0
85.1408,85.1408,6.21934,0,0.18,3.23502,3.23502,0,0.606212,4.6872,4.08288e+06,2.79405e+06,1.32082e+07,0,393329,0,0,62.338,61.3098,5.86306,0,1,1.47474,1.47474,0,1.13933,1.90512,8.48506e+06,3.73462e+06,1.25133e+07,0,370302,0,0
85.1408,85.1408,5.05326,0,0.18,3.19059,3.19059,0,0.606243,4.6872,4.08288e+06,2.79405e+06,1.30268e+07,0,387927,0,0,62.338,61.3098,5.05142,0,1,1.45267,1.45267,0,1.13939,1.90512,8.48506e+06,3.73462e+06,1.2326e+07,0,364759,0,0
85.1408,85.1408,4.57977,0,0.18,3.19075,3.19075,0,0.597917,4.6872,4.08288e+06,2.79405e+06,1.30274e+07,0,387947,0,0,62.338,61.3098,3.94976,0,1,1.45274,1.45274,0,1.12233,1.90512,8.48506e+06,3.73462e+06,1.23266e+07,0,364777,0,0
85.1408,85.1408,4.02331,0,0.18,3.19091,3.19091,0,0.597946,4.6872,4.08288e+06,2.79405e+06,1.30281e+07,0,387966,0,0,62.338,61.3098,3.66467,0,1,1.45281,1.45281,0,1.12239,1.90512,8.48506e+06,3.73462e+06,1.23272e+07,0,364795,0,0
85.1408,85.1408,4.12518,0,0.18,3.19107,3.19107,0,0.597976,4.6872,4.08288e+06,2.79405e+06,1.30287e+07,0,387985,0,0,62.338,61.3098,3.92668,0,1,1.45289,1.45289,0,1.12244,1.90512,8.48506e+06,3.73462e+06,1.23278e+07,0,364814,0,0
85.1408,85.1408,4.26532,0,0.18,3.34261,3.34261,0,0.598006,4.6872,4.08288e+06,2.79405e+06,1.36475e+07,0,406410,0,0,62.338,61.3098,3.45842,0,1,1.53151,1.53151,0,1.1225,1.90512,8.48506e+06,3.73462e+06,1.2995e+07,0,384556,0,0
85.1408,85.1408,3.98596,0,0.18,3.34277,3.34277,0,0.626405,4.6872,4.08288e+06,2.79405e+06,1.36482e+07,0,406431,0,0,62.338,61.3098,3.49695,0,1,1.53159,1.53159,0,1.18325,1.90512,8.48506e+06,3.73462e+06,1.29956e+07,0,384576,0,0
85.1408,85.1408,3.80225,0,0.18,3.34294,3.34294,0,0.626436,4.6872,4.08288e+06,2.79405e+06,1.36488e+07,0,406451,0,0,62.338,61.3098,3.54051,0,1,1.53167,1.53167,0,1.18331,1.90512,8.48506e+06,3.73462e+06,1.29963e+07,0,384595,0,0
85.1408,85.1408,3.59156,0,0.18,3.34311,3.34311,0,0.626467,4.6872,4.08288e+06,2.79405e+06,1.36495e+07,0,406471,0,0,62.338,61.3098,3.32779,0,1,1.53174,1.53174,0,1.18336,1.90512,8.48506e+06,3.73462e+06,1.29969e+07,0,384614,0,0
84.9815,85.1408,3.38978,0,0.18,3.34327,3.34327,0,0.626498,4.6872,4.08288e+06,2.79405e+06,1.36502e+07,0,406491,0,0,62.338,61.3098,3.36084,0,1,1.53182,1.53182,0,1.18342,1.90512,8.48506e+06,3.73462e+06,1.29976e+07,0,384633,0,0
84.6695,85.1408,3.15415,0.01,0.18,3.3135,3.3135,0,0.62653,4.6872,4.08288e+06,2.79405e+06,1.35286e+07,0,402871,0,0,62.338,61.3098,3.23169,0,1,1.57508,1.57508,0,1.18348,1.90512,8.48506e+06,3.73462e+06,1.33646e+07,0,395496,0,0
84.1601,85.1408,2.93824,0.01,0.18,3.31366,3.31366,0,0.620949,4.6872,4.08288e+06,2.79405e+06,1.35293e+07,0,402891,0,0,62.338,61.3098,3.31544,0,1,1.57516,1.57516,0,1.21691,1.90512,8.48506e+06,3.73462e+06,1.33653e+07,0,395516,0,0
83.4628,85.1408,2.73351,0.03,0.18,3.31383,3.31383,0,0.62098,4.6872,4.08288e+06,2.79405e+06,1.353e+07,0,402911,0,0,62.338,61.3098,3.28058,0,1,1.57524,1.57524,0,1.21697,1.90512,8.48506e+06,3.73462e+06,1.3366e+07,0,395535,0,0
82.7231,85.1408,2.66067,0.04,0.18,3.31399,3.31399,0,0.621011,4.6872,4.08288e+06,2.79405e+06,1.35306e+07,0,402931,0,0,62.338,61.3098,3.14241,0,1,1.57531,1.57531,0,1.21703,1.90512,8.48506e+06,3.73462e+06,1.33666e+07,0,395555,0,0
81.8177,85.1408,2.53732,0.04,0.18,3.3915,3.3915,0,0.621042,4.6872,4.08288e+06,2.79405e+06,1.38471e+07,0,412355,0,0,62.338,61.3098,3.15748,0,1,1.61389,1.61389,0,1.21709,1.90512,8.48506e+06,3.73462e+06,1.36939e+07,0,405241,0,0
80.6453,85.1408,2.25548,0.05,0.18,3.39167,3.39167,0,0.635567,4.6872,4.08288e+06,2.79405e+06,1.38478e+07,0,412376,0,0,62.338,61.3098,2.94812,0,1,1.61397,1.61397,0,1.24689,1.90512,8.48506e+06,3.73462e+06,1.36946e+07,0,405261,0,0
79.2874,85.1408,2.05351,0.05,0.18,3.39184,3.39184,0,0.635599,4.6872,4.08288e+06,2.79405e+06,1.38485e+07,0,412396,0,0,62.338,61.3098,2.79543,0,1,1.61405,1.61405,0,1.24695,1.90512,8.48506e+06,3.73462e+06,1.36953e+07,0,405281,0,0
77.6619,85.1408,1.75339,0.05,0.18,3.39201,3.39201,0,0.635631,4.6872,4.08288e+06,2.79405e+06,1.38492e+07,0,412417,0,0,62.338,61.3098,2.7745,0,1,1.61413,1.61413,0,1.24701,1.90512,8.48506e+06,3.73462e+06,1.3696e+07,0,405301,0,0
75.6389,85.1408,1.39839,0.04,0.18,3.49602,3.61873,0,0.635662,4.6872,4.08288e+06,2.79405e+06,1.42738e+07,0,439982,0,0,62.0811,61.3098,2.0907,1,1,1.69374,1.75319,0,1.24708,1.90512,8.48506e+06,3.73462e+06,1.43715e+07,0,440218,0,0
73.7915,85.1408,1.57494,0.08,0.18,3.49619,3.61891,0,0.655154,4.6872,4.08288e+06,2.79405e+06,1.42745e+07,0,440004,0,0,61.9803,61.3098,2.60583,1,1,1.69382,1.75327,0,1.30858,1.90512,8.48506e+06,3.73462e+06,1.43722e+07,0,440240,0,0
71.6503,85.1408,1.26884,0.08,0.18,3.49637,3.61909,0,0.655186,4.6872,4.08288e+06,2.79405e+06,1.42752e+07,0,440026,0,0,61.6462,61.3098,1.87899,1,1,1.69391,1.75336,0,1.30865,1.90512,8.48506e+06,3.73462e+06,1.43729e+07,0,440262,0,0
69.8059,85.1408,1.53454,0.08,0.18,3.49654,3.61927,0,0.655219,4.6872,4.08288e+06,2.79405e+06,1.4276e+07,0,440048,0,0,61.7479,61.3098,3.27277,1,1,1.69399,1.75345,0,1.30871,1.90512,8.48506e+06,3.73462e+06,1.43736e+07,0,440284,0,0
67.8112,85.1408,1.34216,0.08,0.18,3.49671,3.61945,0,0.655252,4.6872,4.08288e+06,2.79405e+06,1.42767e+07,0,440070,0,0,61.6217,61.3098,2.40859,1,1,1.69408,1.75354,0,1.30878,1.90512,8.48506e+06,3.73462e+06,1.43743e+07,0,440306,0,0
65.6961,85.1408,1.20072,0.08,0.18,3.50919,3.50919,0,0.655284,4.6872,4.08288e+06,2.79405e+06,1.43276e+07,0,426664,0,0,61.4484,61.3098,1.96162,0,1,1.66925,1.66925,0,1.30884,1.90512,8.48506e+06,3.73462e+06,1.41637e+07,0,419141,0,0
63.7643,85.1408,1.39609,0.08,0.18,3.50936,3.50936,0,0.657622,4.6872,4.08288e+06,2.79405e+06,1.43283e+07,0,426685,0,0,61.3856,61.3098,2.00364,0,1,1.66933,1.66933,0,1.28966,1.90512,8.48506e+06,3.73462e+06,1.41644e+07,0,419162,0,0
64.1425,85.1408,3.96814,0.08,0.18,3.50954,3.50954,0,0.657654,4.6872,4.08288e+06,2.79405e+06,1.4329e+07,0,426706,0,0,62.338,61.3098,3.93766,0,1,1.66941,1.66941,0,1.28973,1.90512,8.48506e+06,3.73462e+06,1.41651e+07,0,419183,0,0
63.4297,85.1408,2.80273,0.08,0.18,3.50971,3.50971,0,0.657687,4.6872,4.08288e+06,2.79405e+06,1.43297e+07,0,426728,0,0,62.338,61.3098,2.95202,0,1,1.6695,1.6695,0,1.28979,1.90512,8.48506e+06,3.73462e+06,1.41658e+07,0,419204,0,0
63.3518,85.1408,3.34293,0.08,0.18,3.41922,3.41922,0,0.65772,4.6872,4.08288e+06,2.79405e+06,1.39603e+07,0,415725,0,0,62.338,61.3098,2.70478,0,1,1.59276,1.59276,0,1.28985,1.90512,8.48506e+06,3.73462e+06,1.35147e+07,0,399936,0,0
63.4775,85.1408,3.58132,0.08,0.18,3.41939,3.41939,0,0.640761,4.6872,4.08288e+06,2.79405e+06,1.39609e+07,0,415746,0,0,62.338,61.3098,2.82436,0,1,1.59284,1.59284,0,1.23057,1.90512,8.48506e+06,3.73462e+06,1.35154e+07,0,399956,0,0
65.1407,85.1408,5.25988,0.08,0.18,3.41956,3.41956,0,0.640793,4.6872,4.08288e+06,2.79405e+06,1.39616e+07,0,415766,0,0,62.338,61.3098,4.20014,0,1,1.59292,1.59292,0,1.23063,1.90512,8.48506e+06,3.73462e+06,1.3516e+07,0,399976,0,0
68.8678,85.1408,7.31923,0.08,0.18,3.41973,3.41973,0,0.640825,4.6872,4.08288e+06,2.79405e+06,1.39623e+07,0,415787,0,0,62.338,61.3098,3.95824,0,1,1.593,1.593,0,1.23069,1.90512,8.48506e+06,3.73462e+06,1.35167e+07,0,399996,0,0
73.1627,85.1408,7.989,0.06,0.18,3.16234,3.16234,0,0.640857,4.6872,4.08288e+06,2.79405e+06,1.29115e+07,0,384493,0,0,62.338,61.3098,5.20735,0,1,1.43306,1.43306,0,1.23075,1.90512,8.48506e+06,3.73462e+06,1.21596e+07,0,359836,0,0
77.363,85.1408,7.78294,0.06,0.18,3.06121,3.1625,0,0.592623,4.6872,4.08288e+06,2.79405e+06,1.24985e+07,0,384512,0,0,62.338,61.3098,4.67074,0,1,1.53442,1.43313,0,1.10718,1.90512,8.48506e+06,3.73462e+06,1.30197e+07,0,359854,0,0
81.8282,85.1408,8.2434,0.02,0.18,3.16266,3.16266,0,0.57367,4.6872,4.08288e+06,2.79405e+06,1.29127e+07,0,384531,0,0,62.338,61.3098,6.26576,0,1,1.4332,1.4332,0,1.1855,1.90512,8.48506e+06,3.73462e+06,1.21608e+07,0,359872,0,0
84.3141,85.1408,6.26712,0.02,0.18,3.16281,3.16281,0,0.592682,4.6872,4.08288e+06,2.79405e+06,1.29134e+07,0,384550,0,0,62.338,61.3098,4.63409,0,1,1.43328,1.43328,0,1.10729,1.90512,8.48506e+06,3.73462e+06,1.21614e+07,0,359889,0,0
85.1408,85.1408,6.23685,0.02,0.18,3.16297,3.16297,0,0.592711,4.6872,4.08288e+06,2.79405e+06,1.2914e+07,0,384569,0,0,62.338,61.3098,4.60705,0,1,1.43335,1.43335,0,1.10735,1.90512,8.48506e+06,3.73462e+06,1.2162e+07,0,359907,0,0
85.1408,85.1408,4.85683,0,0.18,3.26221,3.26221,0,0.592741,4.6872,4.08288e+06,2.79405e+06,1.33192e+07,0,396635,0,0,62.338,61.3098,5.92571,0,1,1.47976,1.47976,0,1.1074,1.90512,8.48506e+06,3.73462e+06,1.25559e+07,0,371562,0,0
85.1408,85.1408,4.91201,0,0.18,3.26235,3.26235,0,0.611338,4.6872,4.08288e+06,2.79405e+06,1.33198e+07,0,396652,0,0,62.338,61.3098,6.00454,0,1,1.47982,1.47982,0,1.14326,1.90512,8.48506e+06,3.73462e+06,1.25564e+07,0,371578,0,0
85.1322,85.1408,3.67833,0,0.18,3.26249,3.26249,0,0.611364,4.6872,4.08288e+06,2.79405e+06,1.33204e+07,0,396669,0,0,62.338,61.3098,4.6031,0,1,1.47989,1.47989,0,1.14331,1.90512,8.48506e+06,3.73462e+06,1.25569e+07,0,371594,0,0
84.3548,85.1408,2.91758,0.03,0.18,3.26263,3.26263,0,0.611391,4.6872,4.08288e+06,2.79405e+06,1.33209e+07,0,396686,0,0,62.338,61.3098,4.56607,0,1,1.47995,1.47995,0,1.14336,1.90512,8.48506e+06,3.73462e+06,1.25575e+07,0,371610,0,0
84.5186,85.1408,4.11679,0.02,0.18,3.58101,3.58101,0,0.611417,4.6872,4.08288e+06,2.79405e+06,1.46208e+07,0,435397,0,0,62.338,61.3098,5.14334,0,1,1.65403,1.65403,0,1.14341,1.90512,8.48506e+06,3.73462e+06,1.40346e+07,0,415321,0,0
85.1408,85.1408,5.37226,0.02,0.18,3.58116,3.58116,0,0.671082,4.6872,4.08288e+06,2.79405e+06,1.46215e+07,0,435415,0,0,62.338,61.3098,6.74326,0,1,1.6541,1.6541,0,1.27791,1.90512,8.48506e+06,3.73462e+06,1.40352e+07,0,415339,0,0
85.1408,85.1408,4.87198,0,0.18,3.58132,3.58132,0,0.67111,4.6872,4.08288e+06,2.79405e+06,1.46221e+07,0,435434,0,0,62.338,61.3098,7.20146,0,1,1.65417,1.65417,0,1.27796,1.90512,8.48506e+06,3.73462e+06,1.40358e+07,0,415356,0,0
85.1408,85.1408,8.38649,0,0.18,3.58147,3.58147,0,0.671139,4.6872,4.08288e+06,2.79405e+06,1.46227e+07,0,435453,0,0,62.338,61.3098,7.57382,0,1,1.65425,1.65425,0,1.27802,1.90512,8.48506e+06,3.73462e+06,1.40364e+07,0,415374,0,0
85.1408,85.1408,8.44155,0,0.18,3.12763,3.12763,0,0.671168,4.6872,4.08288e+06,2.79405e+06,1.27697e+07,0,380272,0,0,62.338,61.3098,10.9551,0,1,1.42074,1.42074,0,1.27807,1.90512,8.48506e+06,3.73462e+06,1.20551e+07,0,356742,0,0
85.1408,85.1408,6.67064,0,0.18,3.12776,3.12776,0,0.586118,4.6872,4.08288e+06,2.79405e+06,1.27703e+07,0,380289,0,0,62.338,61.3098,8.49657,0,1,1.4208,1.4208,0,1.09766,1.90512,8.48506e+06,3.73462e+06,1.20556e+07,0,356758,0,0
85.1408,85.1408,5.39418,0,0.18,3.1279,3.1279,0,0.586143,4.6872,4.08288e+06,2.79405e+06,1.27708e+07,0,380305,0,0,62.338,61.3098,6.3871,0,1,1.42086,1.42086,0,1.09771,1.90512,8.48506e+06,3.73462e+06,1.20561e+07,0,356773,0,0
85.1408,85.1408,6.08485,0,0.18,3.12803,3.12803,0,0.586168,4.6872,4.08288e+06,2.79405e+06,1.27714e+07,0,380321,0,0,62.338,61.3098,8.25868,0,1,1.42092,1.42092,0,1.09776,1.90512,8.48506e+06,3.73462e+06,1.20566e+07,0,356788,0,0
85.1408,85.1408,5.3729,0,0.18,3.12817,3.12817,0,0.586193,4.6872,4.08288e+06,2.79405e+06,1.27719e+07,0,380338,0,0,62.338,61.3098,5.34635,0,1,1.42098,1.42098,0,1.09781,1.90512,8.48506e+06,3.73462e+06,1.20571e+07,0,356803,0,0
85.1408,85.1408,8.15266,0,0.18,3.2426,3.2426,0,0.586218,4.6872,4.08288e+06,2.79405e+06,1.32392e+07,0,394251,0,0,62.338,61.3098,8.12728,0,1,1.4782,1.4782,0,1.09785,1.90512,8.48506e+06,3.73462e+06,1.25426e+07,0,371170,0,0
85.1408,85.1408,5.75529,0,0.18,3.24274,3.24274,0,0.607663,4.6872,4.08288e+06,2.79405e+06,1.32397e+07,0,394268,0,0,62.338,61.3098,5.42143,0,1,1.47826,1.47826,0,1.14206,1.90512,8.48506e+06,3.73462e+06,1.25431e+07,0,371185,0,0
85.1408,85.1408,5.0061,0,0.18,3.24288,3.24288,0,0.607689,4.6872,4.08288e+06,2.79405e+06,1.32403e+07,0,394285,0,0,62.338,61.3098,4.52354,0,1,1.47833,1.47833,0,1.14211,1.90512,8.48506e+06,3.73462e+06,1.25437e+07,0,371201,0,0
85.1408,85.1408,4.08523,0,0.18,3.24302,3.24302,0,0.607715,4.6872,4.08288e+06,2.79405e+06,1.32409e+07,0,394302,0,0,62.338,61.3098,4.68364,0,1,1.47839,1.47839,0,1.14215,1.90512,8.48506e+06,3.73462e+06,1.25442e+07,0,371217,0,0
84.5883,85.1408,2.98802,0,0.18,3.19846,3.19846,0,0.607741,4.6872,4.08288e+06,2.79405e+06,1.30589e+07,0,388884,0,0,62.338,61.3098,3.16197,0,1,1.45625,1.45625,0,1.1422,1.90512,8.48506e+06,3.73462e+06,1.23564e+07,0,365658,0,0
85.1408,85.1408,4.31202,0,0.18,3.19859,3.19859,0,0.599391,4.6872,4.08288e+06,2.79405e+06,1.30595e+07,0,388901,0,0,62.338,61.3098,3.57635,0,1,1.45631,1.45631,0,1.1251,1.90512,8.48506e+06,3.73462e+06,1.23569e+07,0,365674,0,0
84.8768,85.1408,3.26426,0,0.18,3.19873,3.19873,0,0.599416,4.6872,4.08288e+06,2.79405e+06,1.306e+07,0,388917,0,0,62.338,61.3098,3.23221,0,1,1.45637,1.45637,0,1.12515,1.90512,8.48506e+06,3.73462e+06,1.23574e+07,0,365690,0,0
84.0627,85.1408,2.65282,0,0.18,3.19887,3.19887,0,0.599442,4.6872,4.08288e+06,2.79405e+06,1.30606e+07,0,388934,0,0,62.338,61.3098,2.83217,0,1,1.45644,1.45644,0,1.1252,1.90512,8.48506e+06,3.73462e+06,1.2358e+07,0,365705,0,0
83.4047,85.1408,2.87459,0.01,0.18,3.35076,3.35076,0,0.599468,4.6872,4.08288e+06,2.79405e+06,1.36807e+07,0,407401,0,0,62.338,61.3098,2.86909,0,1,1.53525,1.53525,0,1.12524,1.90512,8.48506e+06,3.73462e+06,1.30266e+07,0,385494,0,0
82.3918,85.1408,2.4989,0.01,0.18,3.3509,3.3509,0,0.627932,4.6872,4.08288e+06,2.79405e+06,1.36813e+07,0,407418,0,0,62.3347,61.3098,2.55115,0,1,1.53531,1.53531,0,1.18613,1.90512,8.48506e+06,3.73462e+06,1.30272e+07,0,385510,0,0
81.106,85.1408,2.21103,0.01,0.18,3.35104,3.35104,0,0.627958,4.6872,4.08288e+06,2.79405e+06,1.36819e+07,0,407436,0,0,62.2497,61.3098,2.40348,0,1,1.53538,1.53538,0,1.18618,1.90512,8.48506e+06,3.73462e+06,1.30278e+07,0,385527,0,0
79.652,85.1408,2.0176,0.01,0.18,3.35119,3.35119,0,0.627985,4.6872,4.08288e+06,2.79405e+06,1.36825e+07,0,407453,0,0,62.1212,61.3098,2.28003,0,1,1.53544,1.53544,0,1.18623,1.90512,8.48506e+06,3.73462e+06,1.30283e+07,0,385543,0,0
78.1386,85.1408,1.92448,0.01,0.18,3.35133,3.35133,0,0.628012,4.6872,4.08288e+06,2.79405e+06,1.36831e+07,0,407471,0,0,61.9827,61.3098,2.46447,0,1,1.53551,1.53551,0,1.18628,1.90512,8.48506e+06,3.73462e+06,1.30289e+07,0,385560,0,0
76.546,85.1408,1.80175,0.01,0.18,3.32146,3.32146,0,0.628039,4.6872,4.08288e+06,2.79405e+06,1.35611e+07,0,403839,0,0,61.8118,61.3098,2.58597,0,1,1.57886,1.57886,0,1.18633,1.90512,8.48506e+06,3.73462e+06,1.33967e+07,0,396446,0,0
74.8578,85.1408,1.68456,0.04,0.18,3.3216,3.3216,0,0.622441,4.6872,4.08288e+06,2.79405e+06,1.35617e+07,0,403856,0,0,61.6467,61.3098,2.6632,0,1,1.57893,1.57893,0,1.21983,1.90512,8.48506e+06,3.73462e+06,1.33973e+07,0,396463,0,0
73.148,85.1408,1.63715,0.06,0.18,3.32174,3.32174,0,0.622467,4.6872,4.08288e+06,2.79405e+06,1.35623e+07,0,403873,0,0,61.409,61.3098,2.53391,0,1,1.579,1.579,0,1.21988,1.90512,8.48506e+06,3.73462e+06,1.33979e+07,0,396480,0,0
71.2847,85.1408,1.45246,0.07,0.18,3.32188,3.32188,0,0.622494,4.6872,4.08288e+06,2.79405e+06,1.35628e+07,0,403890,0,0,61.0764,61.3098,2.15819,0,1,1.57907,1.57907,0,1.21993,1.90512,8.48506e+06,3.73462e+06,1.33985e+07,0,396497,0,0
69.3442,85.1408,1.41702,0.07,0.18,3.39955,3.39955,0,0.622521,4.6872,4.08288e+06,2.79405e+06,1.388e+07,0,413334,0,0,60.666,61.3098,2.05227,0,1,1.61772,1.61772,0,1.21999,1.90512,8.48506e+06,3.73462e+06,1.37264e+07,0,406203,0,0
67.3325,85.1408,1.31016,0.07,0.18,3.3997,3.3997,0,0.637076,4.6872,4.08288e+06,2.79405e+06,1.38806e+07,0,413352,0,0,60.1902,61.3098,2.11184,0,1,1.61779,1.61779,0,1.24985,1.90512,8.48506e+06,3.73462e+06,1.3727e+07,0,406220,0,0
65.2497,85.1408,1.21449,0.09,0.18,3.39984,3.39984,0,0.637103,4.6872,4.08288e+06,2.79405e+06,1.38812e+07,0,413369,0,0,59.6838,61.3098,1.87609,0,1,1.61786,1.61786,0,1.2499,1.90512,8.48506e+06,3.73462e+06,1.37276e+07,0,406238,0,0
63.2185,85.1408,1.23515,0.09,0.18,3.39999,3.39999,0,0.637131,4.6872,4.08288e+06,2.79405e+06,1.38817e+07,0,413387,0,0,59.2203,61.3098,2.11944,0,1,1.61793,1.61793,0,1.24996,1.90512,8.48506e+06,3.73462e+06,1.37282e+07,0,406255,0,0
61.0044,85.1408,1.09451,0.09,0.18,3.50422,3.62721,0,0.637158,4.6872,4.08288e+06,2.79405e+06,1.43073e+07,0,441014,0,0,58.6302,61.3098,1.93936,1,1,1.69771,1.7573,0,1.25001,1.90512,8.48506e+06,3.73462e+06,1.44052e+07,0,441251,0,0
58.8971,85.1408,1.18339,0.09,0.18,3.50437,3.62737,0,0.656691,4.6872,4.08288e+06,2.79405e+06,1.43079e+07,0,441033,0,0,58.1049,61.3098,2.31705,1,1,1.69778,1.75737,0,1.31165,1.90512,8.48506e+06,3.73462e+06,1.44058e+07,0,441269,0,0
56.5897,85.1408,0.963004,0.11,0.18,3.50452,3.62753,0,0.656719,4.6872,4.08288e+06,2.79405e+06,1.43085e+07,0,441052,0,0,57.4658,61.3098,1.74,1,1,1.69786,1.75745,0,1.31171,1.90512,8.48506e+06,3.73462e+06,1.44064e+07,0,441288,0,0
54.5037,85.1408,1.13995,0.12,0.18,3.50467,3.62768,0,0.656747,4.6872,4.08288e+06,2.79405e+06,1.43091e+07,0,441071,0,0,57.0381,61.3098,2.86745,1,1,1.69793,1.75752,0,1.31176,1.90512,8.48506e+06,3.73462e+06,1.4407e+07,0,441307,0,0
52.4949,85.1408,1.21292,0.11,0.18,3.50482,3.62784,0,0.656775,4.6872,4.08288e+06,2.79405e+06,1.43098e+07,0,441090,0,0,56.6151,61.3098,3.12868,1,1,1.698,1.7576,0,1.31182,1.90512,8.48506e+06,3.73462e+06,1.44076e+07,0,441326,0,0
50.7829,85.1408,1.51626,0.1,0.18,3.5173,3.5173,0,0.656803,4.6872,4.08288e+06,2.79405e+06,1.43607e+07,0,427650,0,0,56.3789,61.3098,3.96612,0,1,1.67311,1.67311,0,1.31188,1.90512,8.48506e+06,3.73462e+06,1.41964e+07,0,420110,0,0
49.49,85.1408,1.96355,0.14,0.18,3.51745,3.51745,0,0.659141,4.6872,4.08288e+06,2.79405e+06,1.43613e+07,0,427668,0,0,56.2078,61.3098,4.2318,0,1,1.67318,1.67318,0,1.29264,1.90512,8.48506e+06,3.73462e+06,1.4197e+07,0,420128,0,0
48.9879,85.1408,2.85072,0.13,0.18,3.5176,3.5176,0,0.65917,4.6872,4.08288e+06,2.79405e+06,1.43619e+07,0,427687,0,0,56.5426,61.3098,7.11162,0,1,1.67325,1.67325,0,1.2927,1.90512,8.48506e+06,3.73462e+06,1.41976e+07,0,420146,0,0
48.1753,85.1408,2.63054,0.13,0.18,3.51775,3.51775,0,0.659198,4.6872,4.08288e+06,2.79405e+06,1.43625e+07,0,427705,0,0,56.611,61.3098,5.29497,0,1,1.67332,1.67332,0,1.29275,1.90512,8.48506e+06,3.73462e+06,1.41982e+07,0,420164,0,0
47.2874,85.1408,2.3924,0.11,0.18,3.42702,3.42702,0,0.659226,4.6872,4.08288e+06,2.79405e+06,1.39921e+07,0,416674,0,0,57.2045,61.3098,6.0502,0,1,1.5964,1.5964,0,1.29281,1.90512,8.48506e+06,3.73462e+06,1.35455e+07,0,400849,0,0
46.7517,85.1408,2.74503,0.12,0.18,3.42717,3.42717,0,0.642224,4.6872,4.08288e+06,2.79405e+06,1.39927e+07,0,416692,0,0,57.2114,61.3098,2.83547,0,1,1.59647,1.59647,0,1.23338,1.90512,8.48506e+06,3.73462e+06,1.35461e+07,0,400866,0,0
46.7197,85.1408,3.3029,0.12,0.18,3.42732,3.42732,0,0.642251,4.6872,4.08288e+06,2.79405e+06,1.39933e+07,0,416710,0,0,57.7605,61.3098,5.55818,0,1,1.59654,1.59654,0,1.23343,1.90512,8.48506e+06,3.73462e+06,1.35467e+07,0,400884,0,0
47.6666,85.1408,4.38046,0.12,0.18,3.42746,3.42746,0,0.642279,4.6872,4.08288e+06,2.79405e+06,1.39939e+07,0,416727,0,0,58.4628,61.3098,5.93294,0,1,1.5966,1.5966,0,1.23348,1.90512,8.48506e+06,3.73462e+06,1.35473e+07,0,400901,0,0
47.5757,85.1408,2.89919,0.13,0.18,3.16947,3.16947,0,0.642306,4.6872,4.08288e+06,2.79405e+06,1.29406e+07,0,385360,0,0,59.1555,61.3098,5.40879,0,1,1.43629,1.43629,0,1.23354,1.90512,8.48506e+06,3.73462e+06,1.2187e+07,0,360647,0,0
47.5181,85.1408,2.94543,0.14,0.18,3.07155,3.16961,0,0.593959,4.6872,4.08288e+06,2.79405e+06,1.25408e+07,0,385376,0,0,59.6744,61.3098,5.59501,0,1,1.53441,1.43635,0,1.10968,1.90512,8.48506e+06,3.73462e+06,1.30196e+07,0,360662,0,0
52.0113,85.1408,7.66195,0.14,0.18,3.07174,3.16974,0,0.575608,4.6872,4.08288e+06,2.79405e+06,1.25416e+07,0,385392,0,0,61.7439,61.3098,11.1864,0,1,1.53441,1.43641,0,1.18549,1.90512,8.48506e+06,3.73462e+06,1.30196e+07,0,360678,0,0
57.4016,85.1408,8.85101,0.12,0.18,3.07194,3.16988,0,0.575645,4.6872,4.08288e+06,2.79405e+06,1.25424e+07,0,385409,0,0,62.338,61.3098,8.17268,0,1,1.53441,1.43648,0,1.18549,1.90512,8.48506e+06,3.73462e+06,1.30196e+07,0,360693,0,0
61.9337,85.1408,7.91924,0.13,0.18,3.07214,3.17001,0,0.575682,4.6872,4.08288e+06,2.79405e+06,1.25432e+07,0,385425,0,0,62.338,61.3098,9.31468,0,1,1.53441,1.43654,0,1.18549,1.90512,8.48506e+06,3.73462e+06,1.30196e+07,0,360709,0,0
67.1532,85.1408,9.02552,0.1,0.18,3.17164,3.26945,0,0.575719,4.6872,4.08288e+06,2.79405e+06,1.29494e+07,0,397516,0,0,62.338,61.3098,9.25647,0,1,1.58086,1.48305,0,1.18549,1.90512,8.48506e+06,3.73462e+06,1.34137e+07,0,372387,0,0
71.9421,85.1408,8.57261,0.09,0.18,3.21826,3.26957,0,0.594365,4.6872,4.08288e+06,2.79405e+06,1.31398e+07,0,397530,0,0,62.338,61.3098,7.26894,0,1,1.53441,1.4831,0,1.22137,1.90512,8.48506e+06,3.73462e+06,1.30195e+07,0,372400,0,0
76.9002,85.1408,8.95804,0.06,0.18,3.21843,3.26969,0,0.603102,4.6872,4.08288e+06,2.79405e+06,1.31405e+07,0,397544,0,0,62.338,61.3098,9.11237,0,1,1.53441,1.48315,0,1.18548,1.90512,8.48506e+06,3.73462e+06,1.30195e+07,0,372413,0,0
79.1771,85.1408,6.11891,0.02,0.18,3.2698,3.2698,0,0.603134,4.6872,4.08288e+06,2.79405e+06,1.33502e+07,0,397558,0,0,62.338,61.3098,6.10447,0,1,1.48321,1.48321,0,1.18548,1.90512,8.48506e+06,3.73462e+06,1.25851e+07,0,372427,0,0
79.3033,85.1408,4.24531,0.02,0.18,3.58886,3.58886,0,0.612761,4.6872,4.08288e+06,2.79405e+06,1.46529e+07,0,436351,0,0,62.338,61.3098,4.97355,0,1,1.65766,1.65766,0,1.14592,1.90512,8.48506e+06,3.73462e+06,1.40653e+07,0,416231,0,0
78.5306,85.1408,3.29073,0.02,0.18,3.58899,3.58899,0,0.672552,4.6872,4.08288e+06,2.79405e+06,1.46534e+07,0,436367,0,0,62.338,61.3098,4.12923,0,1,1.65772,1.65772,0,1.28071,1.90512,8.48506e+06,3.73462e+06,1.40658e+07,0,416246,0,0
80.7224,85.1408,6.36262,0.02,0.18,3.58912,3.58912,0,0.672576,4.6872,4.08288e+06,2.79405e+06,1.46539e+07,0,436382,0,0,62.338,61.3098,8.81623,0,1,1.65778,1.65778,0,1.28075,1.90512,8.48506e+06,3.73462e+06,1.40663e+07,0,416261,0,0
84.6424,85.1408,8.19288,0.02,0.18,3.58925,3.58925,0,0.6726,4.6872,4.08288e+06,2.79405e+06,1.46545e+07,0,436398,0,0,62.338,61.3098,13.0762,0,1,1.65784,1.65784,0,1.2808,1.90512,8.48506e+06,3.73462e+06,1.40668e+07,0,416276,0,0
85.1408,85.1408,5.44174,0.02,0.18,3.1344,3.1344,0,0.672625,4.6872,4.08288e+06,2.79405e+06,1.27974e+07,0,381095,0,0,62.338,61.3098,10.1343,0,1,1.42382,1.42382,0,1.28084,1.90512,8.48506e+06,3.73462e+06,1.20812e+07,0,357514,0,0
85.1408,85.1408,5.88075,0,0.18,3.13451,3.13451,0,0.587386,4.6872,4.08288e+06,2.79405e+06,1.27978e+07,0,381109,0,0,62.338,61.3098,10.9101,0,1,1.42387,1.42387,0,1.10004,1.90512,8.48506e+06,3.73462e+06,1.20816e+07,0,357527,0,0
85.1408,85.1408,7.49572,0,0.18,3.13462,3.13462,0,0.587407,4.6872,4.08288e+06,2.79405e+06,1.27983e+07,0,381123,0,0,62.338,61.3098,11.7841,0,1,1.42392,1.42392,0,1.10008,1.90512,8.48506e+06,3.73462e+06,1.2082e+07,0,357540,0,0
85.1408,85.1408,9.0588,0,0.18,3.13473,3.13473,0,0.587428,4.6872,4.08288e+06,2.79405e+06,1.27987e+07,0,381136,0,0,62.338,61.3098,13.1021,0,1,1.42397,1.42397,0,1.10012,1.90512,8.48506e+06,3.73462e+06,1.20825e+07,0,357553,0,0
85.1408,85.1408,8.62128,0,0.18,3.13485,3.13485,0,0.587449,4.6872,4.08288e+06,2.79405e+06,1.27992e+07,0,381150,0,0,62.338,61.3098,12.672,0,1,1.42402,1.42402,0,1.10016,1.90512,8.48506e+06,3.73462e+06,1.20829e+07,0,357565,0,0
85.1408,85.1408,7.31036,0,0.18,3.2495,3.2495,0,0.58747,4.6872,4.08288e+06,2.79405e+06,1.32673e+07,0,395090,0,0,62.338,61.3098,10.1374,0,1,1.48135,1.48135,0,1.1002,1.90512,8.48506e+06,3.73462e+06,1.25693e+07,0,371960,0,0
85.1408,85.1408,9.09673,0,0.18,3.24962,3.24962,0,0.608957,4.6872,4.08288e+06,2.79405e+06,1.32678e+07,0,395105,0,0,62.338,61.3098,17.7414,0,1,1.4814,1.4814,0,1.14449,1.90512,8.48506e+06,3.73462e+06,1.25698e+07,0,371973,0,0
85.1408,85.1408,6.68822,0,0.18,3.24974,3.24974,0,0.608979,4.6872,4.08288e+06,2.79405e+06,1.32683e+07,0,395119,0,0,62.338,61.3098,10.7388,0,1,1.48145,1.48145,0,1.14453,1.90512,8.48506e+06,3.73462e+06,1.25702e+07,0,371986,0,0
85.1408,85.1408,5.67028,0,0.18,3.24985,3.24985,0,0.609001,4.6872,4.08288e+06,2.79405e+06,1.32688e+07,0,395133,0,0,62.338,61.3098,8.61925,0,1,1.4815,1.4815,0,1.14457,1.90512,8.48506e+06,3.73462e+06,1.25707e+07,0,372000,0,0
85.1408,85.1408,4.89137,0,0.18,3.20518,3.20518,0,0.609022,4.6872,4.08288e+06,2.79405e+06,1.30864e+07,0,389701,0,0,62.338,61.3098,6.15187,0,1,1.45931,1.45931,0,1.14461,1.90512,8.48506e+06,3.73462e+06,1.23823e+07,0,366427,0,0
85.1408,85.1408,4.65084,0,0.18,3.20529,3.20529,0,0.60065,4.6872,4.08288e+06,2.79405e+06,1.30868e+07,0,389715,0,0,62.338,61.3098,6.18789,0,1,1.45936,1.45936,0,1.12746,1.90512,8.48506e+06,3.73462e+06,1.23828e+07,0,366440,0,0
85.1408,85.1408,4.28211,0,0.18,3.20541,3.20541,0,0.600672,4.6872,4.08288e+06,2.79405e+06,1.30873e+07,0,389729,0,0,62.338,61.3098,6.28281,0,1,1.45941,1.45941,0,1.1275,1.90512,8.48506e+06,3.73462e+06,1.23832e+07,0,366453,0,0
85.1408,85.1408,4.64196,0,0.18,3.20552,3.20552,0,0.600693,4.6872,4.08288e+06,2.79405e+06,1.30878e+07,0,389743,0,0,62.338,61.3098,5.8727,0,1,1.45947,1.45947,0,1.12754,1.90512,8.48506e+06,3.73462e+06,1.23837e+07,0,366466,0,0
85.1408,85.1408,3.86108,0,0.18,3.3577,3.3577,0,0.600715,4.6872,4.08288e+06,2.79405e+06,1.37091e+07,0,408245,0,0,62.338,61.3098,5.32332,0,1,1.53843,1.53843,0,1.12758,1.90512,8.48506e+06,3.73462e+06,1.30536e+07,0,386293,0,0
85.1115,85.1408,3.49241,0,0.18,3.35782,3.35782,0,0.629233,4.6872,4.08288e+06,2.79405e+06,1.37096e+07,0,408260,0,0,62.338,61.3098,4.54202,0,1,1.53848,1.53848,0,1.18859,1.90512,8.48506e+06,3.73462e+06,1.30541e+07,0,386307,0,0
85.0028,85.1408,3.39625,0.01,0.18,3.35794,3.35794,0,0.629256,4.6872,4.08288e+06,2.79405e+06,1.37101e+07,0,408275,0,0,62.338,61.3098,4.14037,0,1,1.53854,1.53854,0,1.18863,1.90512,8.48506e+06,3.73462e+06,1.30546e+07,0,386320,0,0
84.635,85.1408,3.10944,0.01,0.18,3.35806,3.35806,0,0.629278,4.6872,4.08288e+06,2.79405e+06,1.37106e+07,0,408289,0,0,62.338,61.3098,4.07462,0,1,1.53859,1.53859,0,1.18867,1.90512,8.48506e+06,3.73462e+06,1.3055e+07,0,386334,0,0
83.9736,85.1408,2.80804,0.01,0.18,3.35818,3.35818,0,0.629301,4.6872,4.08288e+06,2.79405e+06,1.37111e+07,0,408304,0,0,62.338,61.3098,3.73932,0,1,1.53865,1.53865,0,1.18872,1.90512,8.48506e+06,3.73462e+06,1.30555e+07,0,386348,0,0
83.1619,85.1408,2.62472,0.01,0.18,3.32822,3.32822,0,0.629323,4.6872,4.08288e+06,2.79405e+06,1.35887e+07,0,404662,0,0,62.338,61.3098,3.57742,0,1,1.58208,1.58208,0,1.18876,1.90512,8.48506e+06,3.73462e+06,1.3424e+07,0,397254,0,0
82.3179,85.1408,2.57584,0.03,0.18,3.32834,3.32834,0,0.623709,4.6872,4.08288e+06,2.79405e+06,1.35892e+07,0,404676,0,0,62.338,61.3098,3.57153,0,1,1.58214,1.58214,0,1.22232,1.90512,8.48506e+06,3.73462e+06,1.34245e+07,0,397268,0,0
81.3824,85.1408,2.45052,0.03,0.18,3.32846,3.32846,0,0.623731,4.6872,4.08288e+06,2.79405e+06,1.35897e+07,0,404691,0,0,62.338,61.3098,3.4537,0,1,1.58219,1.58219,0,1.22236,1.90512,8.48506e+06,3.73462e+06,1.3425e+07,0,397282,0,0
80.1527,85.1408,2.1273,0.04,0.18,3.32858,3.32858,0,0.623754,4.6872,4.08288e+06,2.79405e+06,1.35902e+07,0,404705,0,0,62.338,61.3098,3.2903,0,1,1.58225,1.58225,0,1.2224,1.90512,8.48506e+06,3.73462e+06,1.34255e+07,0,397297,0,0
78.7968,85.1408,2.0513,0.04,0.18,3.40639,3.40639,0,0.623776,4.6872,4.08288e+06,2.79405e+06,1.39079e+07,0,414165,0,0,62.338,61.3098,2.81161,0,1,1.62097,1.62097,0,1.22245,1.90512,8.48506e+06,3.73462e+06,1.3754e+07,0,407019,0,0
77.3713,85.1408,1.95405,0.05,0.18,3.40651,3.40651,0,0.638357,4.6872,4.08288e+06,2.79405e+06,1.39084e+07,0,414180,0,0,62.2261,61.3098,2.93398,0,1,1.62103,1.62103,0,1.25236,1.90512,8.48506e+06,3.73462e+06,1.37545e+07,0,407034,0,0
76.1617,85.1408,2.16657,0.05,0.18,3.40663,3.40663,0,0.638379,4.6872,4.08288e+06,2.79405e+06,1.39089e+07,0,414194,0,0,62.217,61.3098,3.11522,0,1,1.62109,1.62109,0,1.25241,1.90512,8.48506e+06,3.73462e+06,1.3755e+07,0,407048,0,0
74.774,85.1408,1.99423,0.09,0.18,3.40675,3.40675,0,0.638402,4.6872,4.08288e+06,2.79405e+06,1.39094e+07,0,414209,0,0,62.0913,61.3098,2.67244,0,1,1.62115,1.62115,0,1.25245,1.90512,8.48506e+06,3.73462e+06,1.37555e+07,0,407063,0,0
72.8081,85.1408,1.44882,0.07,0.18,3.51117,3.6344,0,0.638425,4.6872,4.08288e+06,2.79405e+06,1.43357e+07,0,441888,0,0,61.8188,61.3098,2.04907,1,1,1.70108,1.76078,0,1.2525,1.90512,8.48506e+06,3.73462e+06,1.44337e+07,0,442125,0,0
70.6315,85.1408,1.22487,0.08,0.18,3.51129,3.63453,0,0.657992,4.6872,4.08288e+06,2.79405e+06,1.43362e+07,0,441904,0,0,61.5487,61.3098,1.95609,1,1,1.70114,1.76085,0,1.31425,1.90512,8.48506e+06,3.73462e+06,1.44342e+07,0,442141,0,0
68.4066,85.1408,1.15258,0.08,0.18,3.51142,3.63466,0,0.658016,4.6872,4.08288e+06,2.79405e+06,1.43367e+07,0,441920,0,0,61.2653,61.3098,2.3418,1,1,1.7012,1.76091,0,1.3143,1.90512,8.48506e+06,3.73462e+06,1.44348e+07,0,442157,0,0
66.161,85.1408,1.10521,0.08,0.18,3.51154,3.63479,0,0.658039,4.6872,4.08288e+06,2.79405e+06,1.43372e+07,0,441936,0,0,60.9723,61.3098,2.30219,1,1,1.70126,1.76097,0,1.31435,1.90512,8.48506e+06,3.73462e+06,1.44353e+07,0,442173,0,0
64.358,85.1408,1.55692,0.09,0.18,3.51167,3.63492,0,0.658063,4.6872,4.08288e+06,2.79405e+06,1.43377e+07,0,441952,0,0,60.9717,61.3098,2.86057,1,1,1.70132,1.76103,0,1.31439,1.90512,8.48506e+06,3.73462e+06,1.44358e+07,0,442188,0,0
63.4083,85.1408,2.46079,0.08,0.18,3.52414,3.52414,0,0.658087,4.6872,4.08288e+06,2.79405e+06,1.43887e+07,0,428483,0,0,61.7448,61.3098,4.31779,0,1,1.67636,1.67636,0,1.31444,1.90512,8.48506e+06,3.73462e+06,1.4224e+07,0,420928,0,0
62.3708,85.1408,2.40419,0.08,0.18,3.52427,3.52427,0,0.660425,4.6872,4.08288e+06,2.79405e+06,1.43892e+07,0,428498,0,0,62.338,61.3098,4.2138,0,1,1.67642,1.67642,0,1.29516,1.90512,8.48506e+06,3.73462e+06,1.42245e+07,0,420943,0,0
61.673,85.1408,2.9437,0.08,0.18,3.5244,3.5244,0,0.660448,4.6872,4.08288e+06,2.79405e+06,1.43897e+07,0,428513,0,0,62.338,61.3098,5.48148,0,1,1.67648,1.67648,0,1.2952,1.90512,8.48506e+06,3.73462e+06,1.42251e+07,0,420958,0,0
60.9528,85.1408,3.05841,0.08,0.18,3.52452,3.52452,0,0.660472,4.6872,4.08288e+06,2.79405e+06,1.43902e+07,0,428529,0,0,62.338,61.3098,4.38488,0,1,1.67654,1.67654,0,1.29525,1.90512,8.48506e+06,3.73462e+06,1.42256e+07,0,420973,0,0
59.5541,85.1408,2.05383,0.08,0.18,3.4336,3.4336,0,0.660496,4.6872,4.08288e+06,2.79405e+06,1.4019e+07,0,417474,0,0,62.338,61.3098,3.37983,0,1,1.59946,1.59946,0,1.2953,1.90512,8.48506e+06,3.73462e+06,1.35715e+07,0,401619,0,0
59.1912,85.1408,3.20005,0.08,0.18,3.43372,3.43372,0,0.643456,4.6872,4.08288e+06,2.79405e+06,1.40195e+07,0,417489,0,0,62.338,61.3098,4.62171,0,1,1.59952,1.59952,0,1.23575,1.90512,8.48506e+06,3.73462e+06,1.3572e+07,0,401633,0,0
58.5577,85.1408,2.88758,0.08,0.18,3.43384,3.43384,0,0.64348,4.6872,4.08288e+06,2.79405e+06,1.402e+07,0,417503,0,0,62.338,61.3098,4.98336,0,1,1.59958,1.59958,0,1.23579,1.90512,8.48506e+06,3.73462e+06,1.35725e+07,0,401647,0,0
57.6422,85.1408,2.59722,0.09,0.18,3.43397,3.43397,0,0.643503,4.6872,4.08288e+06,2.79405e+06,1.40205e+07,0,417518,0,0,62.338,61.3098,4.02136,0,1,1.59963,1.59963,0,1.23583,1.90512,8.48506e+06,3.73462e+06,1.3573e+07,0,401662,0,0
56.2629,85.1408,1.84314,0.1,0.18,3.17546,3.17546,0,0.643526,4.6872,4.08288e+06,2.79405e+06,1.2965e+07,0,386088,0,0,62.338,61.3098,2.69053,0,1,1.43901,1.43901,0,1.23588,1.90512,8.48506e+06,3.73462e+06,1.22101e+07,0,361329,0,0
55.488,85.1408,2.40045,0.1,0.18,3.08023,3.17558,0,0.595082,4.6872,4.08288e+06,2.79405e+06,1.25762e+07,0,386102,0,0,62.338,61.3098,3.53843,0,1,1.5344,1.43906,0,1.11178,1.90512,8.48506e+06,3.73462e+06,1.30195e+07,0,361342,0,0
54.8935,85.1408,2.60497,0.11,0.18,3.0804,3.17569,0,0.577236,4.6872,4.08288e+06,2.79405e+06,1.25769e+07,0,386116,0,0,62.338,61.3098,3.57932,0,1,1.5344,1.43911,0,1.18548,1.90512,8.48506e+06,3.73462e+06,1.30195e+07,0,361355,0,0
55.2619,85.1408,3.53952,0.12,0.18,3.08056,3.17581,0,0.577267,4.6872,4.08288e+06,2.79405e+06,1.25776e+07,0,386130,0,0,62.338,61.3098,3.35404,0,1,1.5344,1.43916,0,1.18548,1.90512,8.48506e+06,3.73462e+06,1.30195e+07,0,361368,0,0
58.8923,85.1408,7.03085,0.13,0.18,3.08073,3.17592,0,0.577298,4.6872,4.08288e+06,2.79405e+06,1.25783e+07,0,386144,0,0,62.338,61.3098,6.41056,0,1,1.5344,1.43921,0,1.18548,1.90512,8.48506e+06,3.73462e+06,1.30195e+07,0,361381,0,0
62.3662,85.1408,7.03542,0.13,0.18,3.18038,3.27552,0,0.577329,4.6872,4.08288e+06,2.79405e+06,1.29851e+07,0,398254,0,0,62.338,61.3098,4.4121,0,1,1.58094,1.4858,0,1.18548,1.90512,8.48506e+06,3.73462e+06,1.34143e+07,0,373078,0,0
69.2828,85.1408,10.7753,0.09,0.18,3.22706,3.27561,0,0.596004,4.6872,4.08288e+06,2.79405e+06,1.31757e+07,0,398265,0,0,62.338,61.3098,9.43706,0,1,1.53439,1.48584,0,1.22143,1.90512,8.48506e+06,3.73462e+06,1.30194e+07,0,373089,0,0
75.016,85.1408,10.1,0.06,0.18,3.2272,3.27571,0,0.604751,4.6872,4.08288e+06,2.79405e+06,1.31763e+07,0,398276,0,0,62.338,61.3098,10.3118,0,1,1.53439,1.48588,0,1.18547,1.90512,8.48506e+06,3.73462e+06,1.30194e+07,0,373099,0,0
78.8766,85.1408,7.84822,0.06,0.18,3.22733,3.2758,0,0.604777,4.6872,4.08288e+06,2.79405e+06,1.31768e+07,0,398288,0,0,62.338,61.3098,8.36857,0,1,1.53439,1.48593,0,1.18547,1.90512,8.48506e+06,3.73462e+06,1.30194e+07,0,373110,0,0
83.8108,85.1408,9.22812,0.02,0.18,3.59542,3.59542,0,0.604802,4.6872,4.08288e+06,2.79405e+06,1.46797e+07,0,437149,0,0,62.338,61.3098,8.77286,0,1,1.66069,1.66069,0,1.18547,1.90512,8.48506e+06,3.73462e+06,1.4091e+07,0,416992,0,0
85.1408,85.1408,7.03489,0.02,0.18,3.59552,3.59552,0,0.673782,4.6872,4.08288e+06,2.79405e+06,1.46801e+07,0,437161,0,0,62.338,61.3098,8.08233,0,1,1.66074,1.66074,0,1.28305,1.90512,8.48506e+06,3.73462e+06,1.40914e+07,0,417004,0,0
85.1408,85.1408,6.11006,0,0.18,3.59563,3.59563,0,0.673801,4.6872,4.08288e+06,2.79405e+06,1.46805e+07,0,437174,0,0,62.338,61.3098,7.63291,0,1,1.66078,1.66078,0,1.28308,1.90512,8.48506e+06,3.73462e+06,1.40918e+07,0,417016,0,0
85.1408,85.1408,7.04291,0,0.18,3.59573,3.59573,0,0.67382,4.6872,4.08288e+06,2.79405e+06,1.46809e+07,0,437186,0,0,62.338,61.3098,8.17083,0,1,1.66083,1.66083,0,1.28312,1.90512,8.48506e+06,3.73462e+06,1.40922e+07,0,417028,0,0
85.1408,85.1408,7.23699,0,0.18,3.14004,3.14004,0,0.67384,4.6872,4.08288e+06,2.79405e+06,1.28204e+07,0,381781,0,0,62.338,61.3098,7.11132,0,1,1.42638,1.42638,0,1.28316,1.90512,8.48506e+06,3.73462e+06,1.21029e+07,0,358158,0,0
85.1408,85.1408,7.55358,0,0.18,3.14013,3.14013,0,0.588443,4.6872,4.08288e+06,2.79405e+06,1.28208e+07,0,381792,0,0,62.338,61.3098,13.2896,0,1,1.42642,1.42642,0,1.10202,1.90512,8.48506e+06,3.73462e+06,1.21032e+07,0,358168,0,0
85.1408,85.1408,7.12663,0,0.18,3.14022,3.14022,0,0.58846,4.6872,4.08288e+06,2.79405e+06,1.28211e+07,0,381803,0,0,62.338,61.3098,8.05275,0,1,1.42646,1.42646,0,1.10205,1.90512,8.48506e+06,3.73462e+06,1.21036e+07,0,358178,0,0
85.1408,85.1408,10.4314,0,0.18,3.14031,3.14031,0,0.588477,4.6872,4.08288e+06,2.79405e+06,1.28215e+07,0,381814,0,0,62.338,61.3098,18.8034,0,1,1.4265,1.4265,0,1.10208,1.90512,8.48506e+06,3.73462e+06,1.21039e+07,0,358188,0,0
85.1408,85.1408,11.0379,0,0.18,3.1404,3.1404,0,0.588494,4.6872,4.08288e+06,2.79405e+06,1.28219e+07,0,381825,0,0,62.338,61.3098,14.9394,0,1,1.42654,1.42654,0,1.10211,1.90512,8.48506e+06,3.73462e+06,1.21043e+07,0,358199,0,0
85.1408,85.1408,5.10047,0,0.18,3.25524,3.25524,0,0.588511,4.6872,4.08288e+06,2.79405e+06,1.32907e+07,0,395787,0,0,62.338,61.3098,6.77188,0,1,1.48396,1.48396,0,1.10215,1.90512,8.48506e+06,3.73462e+06,1.25915e+07,0,372616,0,0
85.1408,85.1408,4.40176,0,0.18,3.25533,3.25533,0,0.610031,4.6872,4.08288e+06,2.79405e+06,1.32911e+07,0,395799,0,0,62.338,61.3098,7.05927,0,1,1.484,1.484,0,1.14651,1.90512,8.48506e+06,3.73462e+06,1.25918e+07,0,372627,0,0
85.1408,85.1408,4.87718,0,0.18,3.25542,3.25542,0,0.610049,4.6872,4.08288e+06,2.79405e+06,1.32915e+07,0,395810,0,0,62.338,61.3098,7.40605,0,1,1.48404,1.48404,0,1.14654,1.90512,8.48506e+06,3.73462e+06,1.25922e+07,0,372637,0,0
85.1408,85.1408,3.66769,0,0.18,3.25552,3.25552,0,0.610066,4.6872,4.08288e+06,2.79405e+06,1.32919e+07,0,395822,0,0,62.338,61.3098,5.24839,0,1,1.48409,1.48409,0,1.14657,1.90512,8.48506e+06,3.73462e+06,1.25926e+07,0,372648,0,0
85.1408,85.1408,4.62391,0,0.18,3.21074,3.21074,0,0.610084,4.6872,4.08288e+06,2.79405e+06,1.31091e+07,0,390377,0,0,62.338,61.3098,4.80873,0,1,1.46184,1.46184,0,1.14661,1.90512,8.48506e+06,3.73462e+06,1.24038e+07,0,367063,0,0
85.1408,85.1408,3.60745,0,0.18,3.21083,3.21083,0,0.601693,4.6872,4.08288e+06,2.79405e+06,1.31094e+07,0,390389,0,0,62.338,61.3098,3.90706,0,1,1.46188,1.46188,0,1.12942,1.90512,8.48506e+06,3.73462e+06,1.24042e+07,0,367073,0,0
84.8022,85.1408,3.17072,0,0.18,3.21093,3.21093,0,0.60171,4.6872,4.08288e+06,2.79405e+06,1.31098e+07,0,390400,0,0,62.338,61.3098,3.53244,0,1,1.46193,1.46193,0,1.12945,1.90512,8.48506e+06,3.73462e+06,1.24045e+07,0,367084,0,0
84.7174,85.1408,3.43775,0.01,0.18,3.21102,3.21102,0,0.601727,4.6872,4.08288e+06,2.79405e+06,1.31102e+07,0,390411,0,0,62.338,61.3098,3.08266,0,1,1.46197,1.46197,0,1.12948,1.90512,8.48506e+06,3.73462e+06,1.24049e+07,0,367094,0,0
84.857,85.1408,3.79311,0.01,0.18,3.36344,3.36344,0,0.601745,4.6872,4.08288e+06,2.79405e+06,1.37325e+07,0,408943,0,0,62.338,61.3098,3.63821,0,1,1.54105,1.54105,0,1.12952,1.90512,8.48506e+06,3.73462e+06,1.30759e+07,0,386953,0,0
84.769,85.1408,3.41339,0.01,0.18,3.36353,3.36353,0,0.630308,4.6872,4.08288e+06,2.79405e+06,1.37329e+07,0,408954,0,0,62.338,61.3098,3.40743,0,1,1.5411,1.5411,0,1.19062,1.90512,8.48506e+06,3.73462e+06,1.30763e+07,0,386964,0,0
84.5438,85.1408,3.24831,0.01,0.18,3.36363,3.36363,0,0.630326,4.6872,4.08288e+06,2.79405e+06,1.37333e+07,0,408966,0,0,62.338,61.3098,3.20705,0,1,1.54114,1.54114,0,1.19065,1.90512,8.48506e+06,3.73462e+06,1.30767e+07,0,386975,0,0
84.2159,85.1408,3.13634,0.01,0.18,3.36373,3.36373,0,0.630344,4.6872,4.08288e+06,2.79405e+06,1.37337e+07,0,408978,0,0,62.338,61.3098,3.43915,0,1,1.54119,1.54119,0,1.19069,1.90512,8.48506e+06,3.73462e+06,1.30771e+07,0,386986,0,0
83.6087,85.1408,2.84761,0.01,0.18,3.36382,3.36382,0,0.630362,4.6872,4.08288e+06,2.79405e+06,1.37341e+07,0,408990,0,0,62.338,61.3098,3.07825,0,1,1.54123,1.54123,0,1.19072,1.90512,8.48506e+06,3.73462e+06,1.30774e+07,0,386997,0,0
82.7664,85.1408,2.57206,0.02,0.18,3.33379,3.33379,0,0.63038,4.6872,4.08288e+06,2.79405e+06,1.36115e+07,0,405338,0,0,62.338,61.3098,2.89686,0,1,1.58473,1.58473,0,1.19076,1.90512,8.48506e+06,3.73462e+06,1.34465e+07,0,397918,0,0
81.6499,85.1408,2.32663,0.03,0.18,3.33389,3.33389,0,0.624752,4.6872,4.08288e+06,2.79405e+06,1.36119e+07,0,405350,0,0,62.3314,61.3098,2.628,0,1,1.58477,1.58477,0,1.22436,1.90512,8.48506e+06,3.73462e+06,1.34469e+07,0,397930,0,0
80.3748,85.1408,2.14548,0.03,0.18,3.33398,3.33398,0,0.62477,4.6872,4.08288e+06,2.79405e+06,1.36123e+07,0,405362,0,0,62.2836,61.3098,2.53959,0,1,1.58482,1.58482,0,1.2244,1.90512,8.48506e+06,3.73462e+06,1.34473e+07,0,397941,0,0
78.9715,85.1408,1.99471,0.04,0.18,3.33408,3.33408,0,0.624788,4.6872,4.08288e+06,2.79405e+06,1.36126e+07,0,405373,0,0,62.1682,61.3098,2.3826,0,1,1.58486,1.58486,0,1.22443,1.90512,8.48506e+06,3.73462e+06,1.34477e+07,0,397953,0,0
77.4806,85.1408,1.91858,0.04,0.18,3.41199,3.41199,0,0.624806,4.6872,4.08288e+06,2.79405e+06,1.39307e+07,0,414846,0,0,62.083,61.3098,2.20617,0,1,1.62364,1.62364,0,1.22447,1.90512,8.48506e+06,3.73462e+06,1.37767e+07,0,407689,0,0
75.927,85.1408,1.82756,0.05,0.18,3.41208,3.41208,0,0.639406,4.6872,4.08288e+06,2.79405e+06,1.39311e+07,0,414858,0,0,61.889,61.3098,2.28759,0,1,1.62368,1.62368,0,1.25442,1.90512,8.48506e+06,3.73462e+06,1.3777e+07,0,407700,0,0
74.5792,85.1408,2.02711,0.08,0.18,3.41218,3.41218,0,0.639425,4.6872,4.08288e+06,2.79405e+06,1.39315e+07,0,414870,0,0,61.7847,61.3098,2.4353,0,1,1.62373,1.62373,0,1.25446,1.90512,8.48506e+06,3.73462e+06,1.37774e+07,0,407712,0,0
73.0658,85.1408,1.86315,0.09,0.18,3.41228,3.41228,0,0.639443,4.6872,4.08288e+06,2.79405e+06,1.39319e+07,0,414882,0,0,61.579,61.3098,2.09117,0,1,1.62378,1.62378,0,1.25449,1.90512,8.48506e+06,3.73462e+06,1.37778e+07,0,407724,0,0
71.2137,85.1408,1.56086,0.07,0.18,3.51684,3.64028,0,0.639461,4.6872,4.08288e+06,2.79405e+06,1.43588e+07,0,442603,0,0,61.3062,61.3098,2.22299,1,1,1.70383,1.76363,0,1.25453,1.90512,8.48506e+06,3.73462e+06,1.44571e+07,0,442840,0,0
69.1756,85.1408,1.33457,0.08,0.18,3.51694,3.64038,0,0.659056,4.6872,4.08288e+06,2.79405e+06,1.43592e+07,0,442615,0,0,61.0013,61.3098,2.12404,1,1,1.70387,1.76368,0,1.31638,1.90512,8.48506e+06,3.73462e+06,1.44575e+07,0,442852,0,0
67.4011,85.1408,1.58217,0.08,0.18,3.51704,3.64049,0,0.659075,4.6872,4.08288e+06,2.79405e+06,1.43597e+07,0,442628,0,0,60.7464,61.3098,2.29892,1,1,1.70392,1.76373,0,1.31641,1.90512,8.48506e+06,3.73462e+06,1.44579e+07,0,442865,0,0
66.6768,85.1408,2.70068,0.09,0.18,3.51714,3.64059,0,0.659094,4.6872,4.08288e+06,2.79405e+06,1.43601e+07,0,442641,0,0,60.7008,61.3098,2.76335,1,1,1.70397,1.76378,0,1.31645,1.90512,8.48506e+06,3.73462e+06,1.44583e+07,0,442878,0,0
65.7758,85.1408,2.5117,0.09,0.18,3.51724,3.6407,0,0.659113,4.6872,4.08288e+06,2.79405e+06,1.43605e+07,0,442653,0,0,60.6531,61.3098,2.49904,1,1,1.70402,1.76383,0,1.31649,1.90512,8.48506e+06,3.73462e+06,1.44587e+07,0,442891,0,0
65.5404,85.1408,3.14136,0.09,0.18,3.52972,3.52972,0,0.659132,4.6872,4.08288e+06,2.79405e+06,1.44114e+07,0,429160,0,0,60.6524,61.3098,3.03029,0,1,1.67901,1.67901,0,1.31653,1.90512,8.48506e+06,3.73462e+06,1.42465e+07,0,421593,0,0
63.6575,85.1408,1.4709,0.08,0.18,3.52982,3.52982,0,0.661469,4.6872,4.08288e+06,2.79405e+06,1.44118e+07,0,429172,0,0,60.1537,61.3098,1.6919,0,1,1.67906,1.67906,0,1.29721,1.90512,8.48506e+06,3.73462e+06,1.42469e+07,0,421605,0,0
61.9728,85.1408,1.62371,0.08,0.18,3.52992,3.52992,0,0.661488,4.6872,4.08288e+06,2.79405e+06,1.44122e+07,0,429185,0,0,59.9695,61.3098,1.72987,0,1,1.67911,1.67911,0,1.29724,1.90512,8.48506e+06,3.73462e+06,1.42473e+07,0,421618,0,0
63.0533,85.1408,4.53868,0.08,0.18,3.53002,3.53002,0,0.661507,4.6872,4.08288e+06,2.79405e+06,1.44127e+07,0,429197,0,0,60.3557,61.3098,3.94885,0,1,1.67916,1.67916,0,1.29728,1.90512,8.48506e+06,3.73462e+06,1.42478e+07,0,421630,0,0
64.6953,85.1408,5.13853,0.08,0.18,3.43893,3.43893,0,0.661526,4.6872,4.08288e+06,2.79405e+06,1.40407e+07,0,418122,0,0,60.7925,61.3098,3.90903,0,1,1.60195,1.60195,0,1.29732,1.90512,8.48506e+06,3.73462e+06,1.35926e+07,0,402242,0,0
67.3935,85.1408,6.2538,0.08,0.18,3.43903,3.43903,0,0.644455,4.6872,4.08288e+06,2.79405e+06,1.40411e+07,0,418134,0,0,61.4292,61.3098,4.67301,0,1,1.60199,1.60199,0,1.23766,1.90512,8.48506e+06,3.73462e+06,1.3593e+07,0,402254,0,0
70.8841,85.1408,7.11402,0.08,0.18,3.43913,3.43913,0,0.644474,4.6872,4.08288e+06,2.79405e+06,1.40415e+07,0,418146,0,0,62.338,61.3098,6.39253,0,1,1.60204,1.60204,0,1.2377,1.90512,8.48506e+06,3.73462e+06,1.35934e+07,0,402265,0,0
74.0277,85.1408,6.80627,0.07,0.18,3.43923,3.43923,0,0.644493,4.6872,4.08288e+06,2.79405e+06,1.4042e+07,0,418158,0,0,62.338,61.3098,5.60322,0,1,1.60208,1.60208,0,1.23773,1.90512,8.48506e+06,3.73462e+06,1.35938e+07,0,402277,0,0
76.3116,85.1408,5.73134,0.06,0.18,3.1803,3.1803,0,0.644511,4.6872,4.08288e+06,2.79405e+06,1.29848e+07,0,386677,0,0,62.338,61.3098,4.02251,0,1,1.4412,1.4412,0,1.23777,1.90512,8.48506e+06,3.73462e+06,1.22287e+07,0,361880,0,0
81.5957,85.1408,8.69586,0.07,0.18,3.08725,3.1804,0,0.595989,4.6872,4.08288e+06,2.79405e+06,1.26049e+07,0,386688,0,0,62.2238,61.3098,2.28434,0,1,1.53439,1.44124,0,1.11347,1.90512,8.48506e+06,3.73462e+06,1.30194e+07,0,361890,0,0
85.1408,85.1408,7.78108,0.03,0.18,3.18049,3.18049,0,0.57855,4.6872,4.08288e+06,2.79405e+06,1.29856e+07,0,386699,0,0,62.338,61.3098,6.89396,0,1,1.44128,1.44128,0,1.18547,1.90512,8.48506e+06,3.73462e+06,1.22294e+07,0,361901,0,0
85.1408,85.1408,8.13705,0,0.18,3.18058,3.18058,0,0.596023,4.6872,4.08288e+06,2.79405e+06,1.29859e+07,0,386710,0,0,62.338,61.3098,5.40691,0,1,1.44133,1.44133,0,1.11354,1.90512,8.48506e+06,3.73462e+06,1.22297e+07,0,361911,0,0
85.1408,85.1408,5.44001,0,0.18,3.18067,3.18067,0,0.596041,4.6872,4.08288e+06,2.79405e+06,1.29863e+07,0,386721,0,0,62.338,61.3098,3.22039,0,1,1.44137,1.44137,0,1.11357,1.90512,8.48506e+06,3.73462e+06,1.22301e+07,0,361921,0,0
85.1408,85.1408,4.88439,0,0.18,3.2804,3.2804,0,0.596058,4.6872,4.08288e+06,2.79405e+06,1.33935e+07,0,398847,0,0,62.338,61.3098,3.12737,0,1,1.48801,1.48801,0,1.1136,1.90512,8.48506e+06,3.73462e+06,1.26259e+07,0,373633,0,0
85.1408,85.1408,3.88314,0,0.18,3.28047,3.28047,0,0.614746,4.6872,4.08288e+06,2.79405e+06,1.33938e+07,0,398855,0,0,62.3299,61.3098,2.37438,0,1,1.48804,1.48804,0,1.14964,1.90512,8.48506e+06,3.73462e+06,1.26261e+07,0,373642,0,0
85.1408,85.1408,4.80487,0,0.18,3.28054,3.28054,0,0.61476,4.6872,4.08288e+06,2.79405e+06,1.33941e+07,0,398864,0,0,61.8482,61.3098,2.32077,0,1,1.48808,1.48808,0,1.14966,1.90512,8.48506e+06,3.73462e+06,1.26264e+07,0,373650,0,0
84.7411,85.1408,3.27962,0,0.18,3.28061,3.28061,0,0.614773,4.6872,4.08288e+06,2.79405e+06,1.33943e+07,0,398873,0,0,61.7281,61.3098,1.63058,0,1,1.48811,1.48811,0,1.14969,1.90512,8.48506e+06,3.73462e+06,1.26267e+07,0,373658,0,0
85.1408,85.1408,4.50359,0.03,0.18,3.60067,3.60067,0,0.614786,4.6872,4.08288e+06,2.79405e+06,1.47011e+07,0,437787,0,0,61.877,61.3098,2.83286,0,1,1.66311,1.66311,0,1.14971,1.90512,8.48506e+06,3.73462e+06,1.41116e+07,0,417601,0,0
85.1408,85.1408,4.51273,0,0.18,3.60075,3.60075,0,0.674766,4.6872,4.08288e+06,2.79405e+06,1.47014e+07,0,437797,0,0,62.2319,61.3098,3.38201,0,1,1.66315,1.66315,0,1.28492,1.90512,8.48506e+06,3.73462e+06,1.41119e+07,0,417610,0,0
85.1408,85.1408,4.74229,0,0.18,3.60083,3.60083,0,0.674781,4.6872,4.08288e+06,2.79405e+06,1.47018e+07,0,437806,0,0,62.338,61.3098,3.52886,0,1,1.66319,1.66319,0,1.28495,1.90512,8.48506e+06,3.73462e+06,1.41122e+07,0,417619,0,0
85.1408,85.1408,5.03203,0,0.18,3.60091,3.60091,0,0.674795,4.6872,4.08288e+06,2.79405e+06,1.47021e+07,0,437816,0,0,62.338,61.3098,3.87867,0,1,1.66322,1.66322,0,1.28498,1.90512,8.48506e+06,3.73462e+06,1.41125e+07,0,417628,0,0
85.1408,85.1408,7.09659,0,0.18,3.14454,3.14454,0,0.67481,4.6872,4.08288e+06,2.79405e+06,1.28388e+07,0,382328,0,0,62.338,61.3098,6.25452,0,1,1.42842,1.42842,0,1.28501,1.90512,8.48506e+06,3.73462e+06,1.21202e+07,0,358671,0,0
85.1408,85.1408,6.58956,0,0.18,3.14461,3.14461,0,0.589286,4.6872,4.08288e+06,2.79405e+06,1.2839e+07,0,382336,0,0,62.338,61.3098,5.74567,0,1,1.42845,1.42845,0,1.1036,1.90512,8.48506e+06,3.73462e+06,1.21205e+07,0,358678,0,0
85.1408,85.1408,5.32916,0,0.18,3.14467,3.14467,0,0.589299,4.6872,4.08288e+06,2.79405e+06,1.28393e+07,0,382345,0,0,62.338,61.3098,4.29564,0,1,1.42848,1.42848,0,1.10362,1.90512,8.48506e+06,3.73462e+06,1.21208e+07,0,358686,0,0
85.1408,85.1408,6.00829,0,0.18,3.14474,3.14474,0,0.589312,4.6872,4.08288e+06,2.79405e+06,1.28396e+07,0,382353,0,0,62.338,61.3098,5.55691,0,1,1.42851,1.42851,0,1.10365,1.90512,8.48506e+06,3.73462e+06,1.2121e+07,0,358694,0,0
85.1408,85.1408,6.75743,0,0.18,3.14481,3.14481,0,0.589325,4.6872,4.08288e+06,2.79405e+06,1.28399e+07,0,382361,0,0,62.338,61.3098,7.38697,0,1,1.42855,1.42855,0,1.10367,1.90512,8.48506e+06,3.73462e+06,1.21213e+07,0,358702,0,0
85.1408,85.1408,7.55843,0,0.18,3.25979,3.25979,0,0.589337,4.6872,4.08288e+06,2.79405e+06,1.33093e+07,0,396340,0,0,62.338,61.3098,8.2744,0,1,1.48603,1.48603,0,1.10369,1.90512,8.48506e+06,3.73462e+06,1.26091e+07,0,373137,0,0
85.1408,85.1408,6.64716,0,0.18,3.25986,3.25986,0,0.610884,4.6872,4.08288e+06,2.79405e+06,1.33096e+07,0,396349,0,0,62.338,61.3098,8.10335,0,1,1.48606,1.48606,0,1.14811,1.90512,8.48506e+06,3.73462e+06,1.26093e+07,0,373145,0,0
85.1408,85.1408,4.95984,0,0.18,3.25993,3.25993,0,0.610897,4.6872,4.08288e+06,2.79405e+06,1.33099e+07,0,396358,0,0,62.338,61.3098,6.70069,0,1,1.4861,1.4861,0,1.14813,1.90512,8.48506e+06,3.73462e+06,1.26096e+07,0,373153,0,0
85.1408,85.1408,4.55309,0,0.18,3.26,3.26,0,0.61091,4.6872,4.08288e+06,2.79405e+06,1.33102e+07,0,396366,0,0,62.338,61.3098,6.74084,0,1,1.48613,1.48613,0,1.14816,1.90512,8.48506e+06,3.73462e+06,1.26099e+07,0,373161,0,0
85.1408,85.1408,3.77039,0,0.18,3.21514,3.21514,0,0.610924,4.6872,4.08288e+06,2.79405e+06,1.3127e+07,0,390912,0,0,62.338,61.3098,4.13791,0,1,1.46384,1.46384,0,1.14818,1.90512,8.48506e+06,3.73462e+06,1.24208e+07,0,367565,0,0
85.1408,85.1408,4.16726,0,0.18,3.21521,3.21521,0,0.602517,4.6872,4.08288e+06,2.79405e+06,1.31273e+07,0,390920,0,0,62.338,61.3098,3.58855,0,1,1.46388,1.46388,0,1.13097,1.90512,8.48506e+06,3.73462e+06,1.24211e+07,0,367573,0,0
84.8337,85.1408,3.26125,0,0.18,3.21528,3.21528,0,0.60253,4.6872,4.08288e+06,2.79405e+06,1.31276e+07,0,390929,0,0,62.338,61.3098,3.1827,0,1,1.46391,1.46391,0,1.13099,1.90512,8.48506e+06,3.73462e+06,1.24213e+07,0,367581,0,0
84.3056,85.1408,2.95613,0.01,0.18,3.21535,3.21535,0,0.602543,4.6872,4.08288e+06,2.79405e+06,1.31279e+07,0,390937,0,0,62.2107,61.3098,2.47242,0,1,1.46394,1.46394,0,1.13102,1.90512,8.48506e+06,3.73462e+06,1.24216e+07,0,367589,0,0
83.6004,85.1408,2.90175,0.01,0.18,3.36795,3.36795,0,0.602556,4.6872,4.08288e+06,2.79405e+06,1.37509e+07,0,409491,0,0,62.0644,61.3098,2.49526,0,1,1.54312,1.54312,0,1.13104,1.90512,8.48506e+06,3.73462e+06,1.30935e+07,0,387471,0,0
82.8135,85.1408,2.75837,0.01,0.18,3.36802,3.36802,0,0.631153,4.6872,4.08288e+06,2.79405e+06,1.37512e+07,0,409500,0,0,61.9082,61.3098,2.54567,0,1,1.54316,1.54316,0,1.19222,1.90512,8.48506e+06,3.73462e+06,1.30938e+07,0,387480,0,0
81.893,85.1408,2.58905,0.01,0.18,3.36809,3.36809,0,0.631167,4.6872,4.08288e+06,2.79405e+06,1.37515e+07,0,409509,0,0,61.7731,61.3098,2.5749,0,1,1.54319,1.54319,0,1.19224,1.90512,8.48506e+06,3.73462e+06,1.3094e+07,0,387488,0,0
80.885,85.1408,2.48468,0.01,0.18,3.36817,3.36817,0,0.63118,4.6872,4.08288e+06,2.79405e+06,1.37518e+07,0,409518,0,0,61.6495,61.3098,2.4886,0,1,1.54322,1.54322,0,1.19227,1.90512,8.48506e+06,3.73462e+06,1.30943e+07,0,387497,0,0
79.7384,85.1408,2.31799,0.01,0.18,3.36824,3.36824,0,0.631194,4.6872,4.08288e+06,2.79405e+06,1.37521e+07,0,409527,0,0,61.491,61.3098,2.3057,0,1,1.54326,1.54326,0,1.19229,1.90512,8.48506e+06,3.73462e+06,1.30946e+07,0,387505,0,0
78.5178,85.1408,2.17808,0.01,0.18,3.33814,3.33814,0,0.631208,4.6872,4.08288e+06,2.79405e+06,1.36292e+07,0,405868,0,0,61.2711,61.3098,2.0861,0,1,1.5868,1.5868,0,1.19232,1.90512,8.48506e+06,3.73462e+06,1.34641e+07,0,398438,0,0
77.1329,85.1408,2.00252,0.03,0.18,3.33822,3.33822,0,0.625568,4.6872,4.08288e+06,2.79405e+06,1.36295e+07,0,405876,0,0,61.0376,61.3098,2.10011,0,1,1.58683,1.58683,0,1.22596,1.90512,8.48506e+06,3.73462e+06,1.34643e+07,0,398446,0,0
75.5995,85.1408,1.83425,0.03,0.18,3.33829,3.33829,0,0.625582,4.6872,4.08288e+06,2.79405e+06,1.36298e+07,0,405885,0,0,60.7682,61.3098,1.83986,0,1,1.58686,1.58686,0,1.22599,1.90512,8.48506e+06,3.73462e+06,1.34646e+07,0,398455,0,0
73.96,85.1408,1.68315,0.07,0.18,3.33836,3.33836,0,0.625595,4.6872,4.08288e+06,2.79405e+06,1.36301e+07,0,405894,0,0,60.4052,61.3098,1.81332,0,1,1.5869,1.5869,0,1.22601,1.90512,8.48506e+06,3.73462e+06,1.34649e+07,0,398464,0,0
72.256,85.1408,1.67528,0.07,0.18,3.41635,3.41635,0,0.625609,4.6872,4.08288e+06,2.79405e+06,1.39485e+07,0,415376,0,0,59.9772,61.3098,1.76305,0,1,1.62571,1.62571,0,1.22604,1.90512,8.48506e+06,3.73462e+06,1.37943e+07,0,408209,0,0
70.3793,85.1408,1.46386,0.08,0.18,3.41642,3.41642,0,0.640223,4.6872,4.08288e+06,2.79405e+06,1.39488e+07,0,415385,0,0,59.2781,61.3098,1.70588,0,1,1.62575,1.62575,0,1.25602,1.90512,8.48506e+06,3.73462e+06,1.37946e+07,0,408218,0,0
68.4054,85.1408,1.34406,0.08,0.18,3.41649,3.41649,0,0.640237,4.6872,4.08288e+06,2.79405e+06,1.39491e+07,0,415394,0,0,58.7291,61.3098,1.48726,0,1,1.62578,1.62578,0,1.25605,1.90512,8.48506e+06,3.73462e+06,1.37949e+07,0,408227,0,0
66.5295,85.1408,1.41248,0.09,0.18,3.41657,3.41657,0,0.640251,4.6872,4.08288e+06,2.79405e+06,1.39494e+07,0,415403,0,0,58.2323,61.3098,1.76513,0,1,1.62582,1.62582,0,1.25608,1.90512,8.48506e+06,3.73462e+06,1.37952e+07,0,408236,0,0
64.6169,85.1408,1.449,0.09,0.18,3.52123,3.64483,0,0.640265,4.6872,4.08288e+06,2.79405e+06,1.43768e+07,0,443155,0,0,57.701,61.3098,1.72834,1,1,1.70595,1.76583,0,1.25611,1.90512,8.48506e+06,3.73462e+06,1.44751e+07,0,443393,0,0
62.7272,85.1408,1.45832,0.09,0.18,3.52131,3.6449,0,0.659879,4.6872,4.08288e+06,2.79405e+06,1.43771e+07,0,443165,0,0,57.1071,61.3098,1.69752,1,1,1.70599,1.76587,0,1.31802,1.90512,8.48506e+06,3.73462e+06,1.44754e+07,0,443403,0,0
60.6926,85.1408,1.3155,0.09,0.18,3.52139,3.64498,0,0.659893,4.6872,4.08288e+06,2.79405e+06,1.43774e+07,0,443175,0,0,56.556,61.3098,1.62603,1,1,1.70603,1.76591,0,1.31805,1.90512,8.48506e+06,3.73462e+06,1.44757e+07,0,443412,0,0
58.7091,85.1408,1.32561,0.09,0.18,3.52146,3.64506,0,0.659908,4.6872,4.08288e+06,2.79405e+06,1.43777e+07,0,443184,0,0,56.0692,61.3098,1.75688,1,1,1.70607,1.76595,0,1.31808,1.90512,8.48506e+06,3.73462e+06,1.44761e+07,0,443422,0,0
56.8054,85.1408,1.37256,0.11,0.18,3.52154,3.64514,0,0.659922,4.6872,4.08288e+06,2.79405e+06,1.4378e+07,0,443194,0,0,55.5468,61.3098,2.02301,1,1,1.7061,1.76598,0,1.31811,1.90512,8.48506e+06,3.73462e+06,1.44764e+07,0,443431,0,0
54.8301,85.1408,1.29323,0.1,0.18,3.534,3.534,0,0.659936,4.6872,4.08288e+06,2.79405e+06,1.44289e+07,0,429681,0,0,54.8659,61.3098,1.53775,0,1,1.68105,1.68105,0,1.31813,1.90512,8.48506e+06,3.73462e+06,1.42638e+07,0,422105,0,0
53.0115,85.1408,1.46172,0.1,0.18,3.53408,3.53408,0,0.662272,4.6872,4.08288e+06,2.79405e+06,1.44292e+07,0,429690,0,0,54.3254,61.3098,2.11037,0,1,1.68109,1.68109,0,1.29878,1.90512,8.48506e+06,3.73462e+06,1.42641e+07,0,422114,0,0
51.1475,85.1408,1.41269,0.1,0.18,3.53415,3.53415,0,0.662286,4.6872,4.08288e+06,2.79405e+06,1.44295e+07,0,429700,0,0,53.7754,61.3098,1.99279,0,1,1.68112,1.68112,0,1.29881,1.90512,8.48506e+06,3.73462e+06,1.42644e+07,0,422123,0,0
49.4512,85.1408,1.66039,0.09,0.18,3.53423,3.53423,0,0.662301,4.6872,4.08288e+06,2.79405e+06,1.44298e+07,0,429709,0,0,53.3463,61.3098,2.47553,0,1,1.68116,1.68116,0,1.29884,1.90512,8.48506e+06,3.73462e+06,1.42647e+07,0,422133,0,0
47.8301,85.1408,1.63739,0.12,0.18,3.44301,3.44301,0,0.662315,4.6872,4.08288e+06,2.79405e+06,1.40574e+07,0,418618,0,0,53.213,61.3098,2.28857,0,1,1.60385,1.60385,0,1.29887,1.90512,8.48506e+06,3.73462e+06,1.36087e+07,0,402719,0,0
47.3898,85.1408,2.80348,0.12,0.18,3.44308,3.44308,0,0.64522,4.6872,4.08288e+06,2.79405e+06,1.40577e+07,0,418627,0,0,53.1501,61.3098,2.26827,0,1,1.60388,1.60388,0,1.23913,1.90512,8.48506e+06,3.73462e+06,1.3609e+07,0,402728,0,0
48.9704,85.1408,4.92412,0.13,0.18,3.44316,3.44316,0,0.645234,4.6872,4.08288e+06,2.79405e+06,1.4058e+07,0,418636,0,0,53.6477,61.3098,3.26753,0,1,1.60392,1.60392,0,1.23916,1.90512,8.48506e+06,3.73462e+06,1.36093e+07,0,402737,0,0
52.149,85.1408,6.74932,0.14,0.18,3.44323,3.44323,0,0.645248,4.6872,4.08288e+06,2.79405e+06,1.40583e+07,0,418645,0,0,54.3651,61.3098,4.41876,0,1,1.60395,1.60395,0,1.23919,1.90512,8.48506e+06,3.73462e+06,1.36096e+07,0,402745,0,0
57.0187,85.1408,8.32623,0.1,0.18,3.18399,3.18399,0,0.645262,4.6872,4.08288e+06,2.79405e+06,1.29998e+07,0,387124,0,0,56.8441,61.3098,7.01125,0,1,1.44287,1.44287,0,1.23921,1.90512,8.48506e+06,3.73462e+06,1.22428e+07,0,362299,0,0
67.6285,85.1408,14.459,0.1,0.18,3.09257,3.18406,0,0.596679,4.6872,4.08288e+06,2.79405e+06,1.26266e+07,0,387133,0,0,62.338,61.3098,19.2592,0,1,1.53438,1.4429,0,1.11476,1.90512,8.48506e+06,3.73462e+06,1.30193e+07,0,362307,0,0
74.4454,85.1408,10.6379,0.09,0.18,3.09267,3.18412,0,0.579548,4.6872,4.08288e+06,2.79405e+06,1.2627e+07,0,387141,0,0,62.338,61.3098,12.6406,0,1,1.53438,1.44293,0,1.18546,1.90512,8.48506e+06,3.73462e+06,1.30193e+07,0,362314,0,0
82.4854,85.1408,12.139,0.06,0.18,3.09277,3.18419,0,0.579567,4.6872,4.08288e+06,2.79405e+06,1.26274e+07,0,387150,0,0,62.338,61.3098,13.4838,0,1,1.53438,1.44296,0,1.18546,1.90512,8.48506e+06,3.73462e+06,1.30193e+07,0,362322,0,0
85.1408,85.1408,10.6317,0.02,0.18,3.18426,3.18426,0,0.579586,4.6872,4.08288e+06,2.79405e+06,1.3001e+07,0,387158,0,0,62.338,61.3098,11.874,0,1,1.443,1.443,0,1.18546,1.90512,8.48506e+06,3.73462e+06,1.22439e+07,0,362330,0,0
84.7359,85.1408,3.26122,0,0.18,3.28408,3.28408,0,0.596731,4.6872,4.08288e+06,2.79405e+06,1.34085e+07,0,399294,0,0,62.338,61.3098,2.77541,0,1,1.48968,1.48968,0,1.11486,1.90512,8.48506e+06,3.73462e+06,1.264e+07,0,374053,0,0
84.3625,85.1408,3.33916,0.02,0.18,3.28413,3.28413,0,0.615436,4.6872,4.08288e+06,2.79405e+06,1.34087e+07,0,399300,0,0,62.338,61.3098,3.02253,0,1,1.4897,1.4897,0,1.15093,1.90512,8.48506e+06,3.73462e+06,1.26402e+07,0,374058,0,0
85.1408,85.1408,6.17011,0.02,0.18,3.28418,3.28418,0,0.615446,4.6872,4.08288e+06,2.79405e+06,1.34089e+07,0,399306,0,0,62.338,61.3098,8.34878,0,1,1.48973,1.48973,0,1.15094,1.90512,8.48506e+06,3.73462e+06,1.26404e+07,0,374064,0,0
85.1408,85.1408,4.38879,0,0.18,3.28422,3.28422,0,0.615455,4.6872,4.08288e+06,2.79405e+06,1.34091e+07,0,399312,0,0,62.338,61.3098,5.36479,0,1,1.48975,1.48975,0,1.15096,1.90512,8.48506e+06,3.73462e+06,1.26406e+07,0,374069,0,0
85.0881,85.1408,3.95832,0,0.18,3.60461,3.60461,0,0.615464,4.6872,4.08288e+06,2.79405e+06,1.47172e+07,0,438266,0,0,62.338,61.3098,4.75623,0,1,1.66493,1.66493,0,1.15098,1.90512,8.48506e+06,3.73462e+06,1.41271e+07,0,418058,0,0
85.1408,85.1408,6.30309,0.03,0.18,3.60467,3.60467,0,0.675505,4.6872,4.08288e+06,2.79405e+06,1.47174e+07,0,438273,0,0,62.338,61.3098,6.15787,0,1,1.66496,1.66496,0,1.28633,1.90512,8.48506e+06,3.73462e+06,1.41273e+07,0,418064,0,0
85.1408,85.1408,5.34799,0,0.18,3.60472,3.60472,0,0.675515,4.6872,4.08288e+06,2.79405e+06,1.47176e+07,0,438279,0,0,62.338,61.3098,6.96557,0,1,1.66498,1.66498,0,1.28635,1.90512,8.48506e+06,3.73462e+06,1.41275e+07,0,418070,0,0
85.1408,85.1408,5.25869,0,0.18,3.60477,3.60477,0,0.675524,4.6872,4.08288e+06,2.79405e+06,1.47179e+07,0,438286,0,0,62.338,61.3098,6.65441,0,1,1.66501,1.66501,0,1.28637,1.90512,8.48506e+06,3.73462e+06,1.41277e+07,0,418077,0,0
84.9379,85.1408,3.43277,0,0.18,3.14789,3.14789,0,0.675534,4.6872,4.08288e+06,2.79405e+06,1.28525e+07,0,382736,0,0,62.338,61.3098,4.41546,0,1,1.42995,1.42995,0,1.28639,1.90512,8.48506e+06,3.73462e+06,1.21332e+07,0,359053,0,0
84.6265,85.1408,3.25006,0.03,0.18,3.14794,3.14794,0,0.589915,4.6872,4.08288e+06,2.79405e+06,1.28527e+07,0,382741,0,0,62.006,61.3098,2.98468,0,1,1.42997,1.42997,0,1.10478,1.90512,8.48506e+06,3.73462e+06,1.21333e+07,0,359059,0,0
84.3357,85.1408,3.28936,0.02,0.18,3.14798,3.14798,0,0.589924,4.6872,4.08288e+06,2.79405e+06,1.28528e+07,0,382747,0,0,62.338,61.3098,2.33372,0,1,1.42999,1.42999,0,1.10479,1.90512,8.48506e+06,3.73462e+06,1.21335e+07,0,359064,0,0
85.0017,85.1408,4.27166,0.02,0.18,3.14803,3.14803,0,0.589932,4.6872,4.08288e+06,2.79405e+06,1.2853e+07,0,382753,0,0,62.338,61.3098,3.28563,0,1,1.43001,1.43001,0,1.10481,1.90512,8.48506e+06,3.73462e+06,1.21337e+07,0,359069,0,0
85.1408,85.1408,5.31488,0.02,0.18,3.14808,3.14808,0,0.589941,4.6872,4.08288e+06,2.79405e+06,1.28532e+07,0,382758,0,0,62.338,61.3098,6.94859,0,1,1.43003,1.43003,0,1.10482,1.90512,8.48506e+06,3.73462e+06,1.21339e+07,0,359074,0,0
85.1408,85.1408,7.30238,0,0.18,3.26315,3.26315,0,0.58995,4.6872,4.08288e+06,2.79405e+06,1.3323e+07,0,396749,0,0,62.338,61.3098,4.90662,0,1,1.48757,1.48757,0,1.10484,1.90512,8.48506e+06,3.73462e+06,1.26221e+07,0,373522,0,0
85.1408,85.1408,7.0985,0,0.18,3.2632,3.2632,0,0.611514,4.6872,4.08288e+06,2.79405e+06,1.33232e+07,0,396755,0,0,62.338,61.3098,4.73989,0,1,1.48759,1.48759,0,1.14929,1.90512,8.48506e+06,3.73462e+06,1.26223e+07,0,373527,0,0
85.1408,85.1408,9.17961,0,0.18,3.26325,3.26325,0,0.611523,4.6872,4.08288e+06,2.79405e+06,1.33234e+07,0,396761,0,0,62.338,61.3098,5.8268,0,1,1.48761,1.48761,0,1.14931,1.90512,8.48506e+06,3.73462e+06,1.26225e+07,0,373533,0,0
85.1408,85.1408,6.28219,0,0.18,3.26329,3.26329,0,0.611532,4.6872,4.08288e+06,2.79405e+06,1.33236e+07,0,396767,0,0,62.338,61.3098,4.66994,0,1,1.48763,1.48763,0,1.14933,1.90512,8.48506e+06,3.73462e+06,1.26226e+07,0,373538,0,0
85.1408,85.1408,5.7208,0,0.18,3.21836,3.21836,0,0.611541,4.6872,4.08288e+06,2.79405e+06,1.31402e+07,0,391304,0,0,62.338,61.3098,5.27804,0,1,1.46531,1.46531,0,1.14934,1.90512,8.48506e+06,3.73462e+06,1.24333e+07,0,367934,0,0
85.1408,85.1408,4.47025,0,0.18,3.21841,3.21841,0,0.603121,4.6872,4.08288e+06,2.79405e+06,1.31404e+07,0,391310,0,0,62.338,61.3098,4.32282,0,1,1.46534,1.46534,0,1.1321,1.90512,8.48506e+06,3.73462e+06,1.24335e+07,0,367940,0,0
85.1408,85.1408,3.8577,0,0.18,3.21846,3.21846,0,0.60313,4.6872,4.08288e+06,2.79405e+06,1.31406e+07,0,391316,0,0,62.338,61.3098,3.89995,0,1,1.46536,1.46536,0,1.13212,1.90512,8.48506e+06,3.73462e+06,1.24336e+07,0,367945,0,0
85.1408,85.1408,3.94096,0,0.18,3.21851,3.21851,0,0.603139,4.6872,4.08288e+06,2.79405e+06,1.31408e+07,0,391322,0,0,62.338,61.3098,3.24306,0,1,1.46538,1.46538,0,1.13213,1.90512,8.48506e+06,3.73462e+06,1.24338e+07,0,367950,0,0
85.1408,85.1408,4.09526,0,0.18,3.37123,3.37123,0,0.603148,4.6872,4.08288e+06,2.79405e+06,1.37643e+07,0,409891,0,0,62.338,61.3098,3.1876,0,1,1.54463,1.54463,0,1.13215,1.90512,8.48506e+06,3.73462e+06,1.31063e+07,0,387850,0,0
84.876,85.1408,3.28865,0,0.18,3.37128,3.37128,0,0.631769,4.6872,4.08288e+06,2.79405e+06,1.37645e+07,0,409897,0,0,62.338,61.3098,2.88579,0,1,1.54465,1.54465,0,1.19338,1.90512,8.48506e+06,3.73462e+06,1.31064e+07,0,387855,0,0
84.2922,85.1408,2.9595,0.01,0.18,3.37133,3.37133,0,0.631778,4.6872,4.08288e+06,2.79405e+06,1.37647e+07,0,409903,0,0,62.338,61.3098,2.61929,0,1,1.54467,1.54467,0,1.1934,1.90512,8.48506e+06,3.73462e+06,1.31066e+07,0,387861,0,0
83.4781,85.1408,2.70006,0.01,0.18,3.37138,3.37138,0,0.631788,4.6872,4.08288e+06,2.79405e+06,1.37649e+07,0,409909,0,0,62.3161,61.3098,2.56536,0,1,1.5447,1.5447,0,1.19341,1.90512,8.48506e+06,3.73462e+06,1.31068e+07,0,387867,0,0
82.5413,85.1408,2.54413,0.01,0.18,3.37143,3.37143,0,0.631797,4.6872,4.08288e+06,2.79405e+06,1.37652e+07,0,409915,0,0,61.9719,61.3098,2.12703,0,1,1.54472,1.54472,0,1.19343,1.90512,8.48506e+06,3.73462e+06,1.3107e+07,0,387872,0,0
81.2174,85.1408,2.07671,0.02,0.18,3.34128,3.34128,0,0.631806,4.6872,4.08288e+06,2.79405e+06,1.36421e+07,0,406250,0,0,61.2957,61.3098,1.53093,0,1,1.58829,1.58829,0,1.19345,1.90512,8.48506e+06,3.73462e+06,1.34767e+07,0,398813,0,0
79.811,85.1408,1.98201,0.03,0.18,3.34133,3.34133,0,0.626157,4.6872,4.08288e+06,2.79405e+06,1.36423e+07,0,406256,0,0,60.6371,61.3098,1.48195,0,1,1.58831,1.58831,0,1.22711,1.90512,8.48506e+06,3.73462e+06,1.34769e+07,0,398819,0,0
78.3346,85.1408,1.87218,0.04,0.18,3.34138,3.34138,0,0.626166,4.6872,4.08288e+06,2.79405e+06,1.36425e+07,0,406262,0,0,59.9223,61.3098,1.4523,0,1,1.58834,1.58834,0,1.22713,1.90512,8.48506e+06,3.73462e+06,1.34771e+07,0,398825,0,0
76.7381,85.1408,1.74498,0.04,0.18,3.34143,3.34143,0,0.626175,4.6872,4.08288e+06,2.79405e+06,1.36427e+07,0,406268,0,0,59.0555,61.3098,1.45508,0,1,1.58836,1.58836,0,1.22715,1.90512,8.48506e+06,3.73462e+06,1.34773e+07,0,398830,0,0
74.9561,85.1408,1.59728,0.04,0.18,3.41947,3.41947,0,0.626185,4.6872,4.08288e+06,2.79405e+06,1.39613e+07,0,415755,0,0,58.0109,61.3098,1.23082,0,1,1.6272,1.6272,0,1.22717,1.90512,8.48506e+06,3.73462e+06,1.38068e+07,0,408582,0,0
73.1369,85.1408,1.51734,0.08,0.18,3.41952,3.41952,0,0.640808,4.6872,4.08288e+06,2.79405e+06,1.39615e+07,0,415761,0,0,57.0053,61.3098,1.08874,0,1,1.62722,1.62722,0,1.25717,1.90512,8.48506e+06,3.73462e+06,1.38071e+07,0,408588,0,0
71.3081,85.1408,1.48857,0.08,0.18,3.41957,3.41957,0,0.640817,4.6872,4.08288e+06,2.79405e+06,1.39617e+07,0,415767,0,0,55.9003,61.3098,1.16302,0,1,1.62724,1.62724,0,1.25719,1.90512,8.48506e+06,3.73462e+06,1.38073e+07,0,408594,0,0
69.6797,85.1408,1.69064,0.09,0.18,3.41962,3.41962,0,0.640827,4.6872,4.08288e+06,2.79405e+06,1.39619e+07,0,415774,0,0,54.8544,61.3098,1.16296,0,1,1.62727,1.62727,0,1.25721,1.90512,8.48506e+06,3.73462e+06,1.38075e+07,0,408600,0,0
67.6499,85.1408,1.33527,0.07,0.18,3.52435,3.64805,0,0.640836,4.6872,4.08288e+06,2.79405e+06,1.43895e+07,0,443548,0,0,53.5792,61.3098,1.03164,1,1,1.70746,1.76739,0,1.25723,1.90512,8.48506e+06,3.73462e+06,1.44879e+07,0,443785,0,0
65.3734,85.1408,1.03868,0.09,0.18,3.5244,3.64811,0,0.660463,4.6872,4.08288e+06,2.79405e+06,1.43897e+07,0,443554,0,0,52.2462,61.3098,0.924479,1,1,1.70749,1.76742,0,1.31919,1.90512,8.48506e+06,3.73462e+06,1.44881e+07,0,443792,0,0
63.0681,85.1408,0.979465,0.09,0.18,3.52445,3.64816,0,0.660473,4.6872,4.08288e+06,2.79405e+06,1.43899e+07,0,443561,0,0,50.9875,61.3098,0.86082,1,1,1.70751,1.76745,0,1.31921,1.90512,8.48506e+06,3.73462e+06,1.44884e+07,0,443799,0,0
61.1406,85.1408,1.33523,0.09,0.18,3.52451,3.64821,0,0.660483,4.6872,4.08288e+06,2.79405e+06,1.43901e+07,0,443567,0,0,49.8437,61.3098,0.968531,1,1,1.70754,1.76747,0,1.31923,1.90512,8.48506e+06,3.73462e+06,1.44886e+07,0,443805,0,0
59.795,85.1408,1.95685,0.09,0.18,3.52456,3.64827,0,0.660493,4.6872,4.08288e+06,2.79405e+06,1.43904e+07,0,443574,0,0,49.2334,61.3098,1.1594,1,1,1.70756,1.7675,0,1.31925,1.90512,8.48506e+06,3.73462e+06,1.44888e+07,0,443812,0,0
57.7492,85.1408,1.19748,0.09,0.18,3.53701,3.53701,0,0.660502,4.6872,4.08288e+06,2.79405e+06,1.44412e+07,0,430046,0,0,48.1882,61.3098,1.59119,0,1,1.68248,1.68248,0,1.31926,1.90512,8.48506e+06,3.73462e+06,1.4276e+07,0,422464,0,0
55.5661,85.1408,1.03201,0.1,0.18,3.53706,3.53706,0,0.662835,4.6872,4.08288e+06,2.79405e+06,1.44414e+07,0,430053,0,0,46.9023,61.3098,0.88448,0,1,1.68251,1.68251,0,1.29989,1.90512,8.48506e+06,3.73462e+06,1.42762e+07,0,422470,0,0
53.4428,85.1408,1.07249,0.1,0.18,3.53711,3.53711,0,0.662845,4.6872,4.08288e+06,2.79405e+06,1.44416e+07,0,430059,0,0,45.9505,61.3098,0.855666,0,1,1.68253,1.68253,0,1.2999,1.90512,8.48506e+06,3.73462e+06,1.42764e+07,0,422477,0,0
53.2078,85.1408,3.11682,0.09,0.18,3.53716,3.53716,0,0.662855,4.6872,4.08288e+06,2.79405e+06,1.44418e+07,0,430065,0,0,45.3537,61.3098,1.52267,0,1,1.68256,1.68256,0,1.29992,1.90512,8.48506e+06,3.73462e+06,1.42766e+07,0,422483,0,0
51.6716,85.1408,1.73565,0.09,0.18,3.44584,3.44584,0,0.662864,4.6872,4.08288e+06,2.79405e+06,1.4069e+07,0,418962,0,0,44.5879,61.3098,1.27307,0,1,1.60517,1.60517,0,1.29994,1.90512,8.48506e+06,3.73462e+06,1.36199e+07,0,403050,0,0
49.1381,85.1408,0.689079,0.08,0.18,3.44589,3.44589,0,0.64575,4.6872,4.08288e+06,2.79405e+06,1.40692e+07,0,418968,0,0,44.1478,61.3098,1.128,0,1,1.60519,1.60519,0,1.24015,1.90512,8.48506e+06,3.73462e+06,1.36201e+07,0,403056,0,0
47.5777,85.1408,1.76746,0.13,0.18,3.44594,3.44594,0,0.64576,4.6872,4.08288e+06,2.79405e+06,1.40694e+07,0,418974,0,0,44.3991,61.3098,3.48206,0,1,1.60521,1.60521,0,1.24017,1.90512,8.48506e+06,3.73462e+06,1.36203e+07,0,403062,0,0
46.2869,85.1408,2.08268,0.14,0.18,3.44599,3.44599,0,0.645769,4.6872,4.08288e+06,2.79405e+06,1.40696e+07,0,418980,0,0,44.9544,61.3098,2.91112,0,1,1.60524,1.60524,0,1.24019,1.90512,8.48506e+06,3.73462e+06,1.36205e+07,0,403068,0,0
44.8251,85.1408,1.59093,0.14,0.18,3.18652,3.18652,0,0.645779,4.6872,4.08288e+06,2.79405e+06,1.30102e+07,0,387432,0,0,45.3829,61.3098,2.78407,0,1,1.44402,1.44402,0,1.24021,1.90512,8.48506e+06,3.73462e+06,1.22526e+07,0,362587,0,0
43.7034,85.1408,1.83508,0.15,0.18,3.09623,3.18656,0,0.597153,4.6872,4.08288e+06,2.79405e+06,1.26415e+07,0,387438,0,0,45.5046,61.3098,2.69921,0,1,1.53437,1.44404,0,1.11565,1.90512,8.48506e+06,3.73462e+06,1.30192e+07,0,362592,0,0
42.2686,85.1408,1.48415,0.14,0.18,3.0963,3.18661,0,0.580233,4.6872,4.08288e+06,2.79405e+06,1.26418e+07,0,387444,0,0,45.4631,61.3098,2.2827,0,1,1.53437,1.44406,0,1.18546,1.90512,8.48506e+06,3.73462e+06,1.30192e+07,0,362597,0,0
40.6503,85.1408,1.28408,0.26,0.18,3.09637,3.18666,0,0.580246,4.6872,4.08288e+06,2.79405e+06,1.26421e+07,0,387449,0,0,45.4422,61.3098,2.32332,0,1,1.53437,1.44408,0,1.18546,1.90512,8.48506e+06,3.73462e+06,1.30192e+07,0,362603,0,0
39.154,85.1408,1.45133,0.26,0.18,3.09643,3.1867,0,0.580259,4.6872,4.08288e+06,2.79405e+06,1.26424e+07,0,387455,0,0,45.4151,61.3098,2.49515,0,1,1.53437,1.4441,0,1.18546,1.90512,8.48506e+06,3.73462e+06,1.30192e+07,0,362608,0,0
41.4589,85.1408,5.3413,0.26,0.18,3.09645,3.1867,0,0.580272,4.6872,4.08288e+06,2.79405e+06,1.26425e+07,0,387455,0,0,45.9342,61.3098,3.76587,0,1,1.53435,1.4441,0,1.18546,1.90512,8.48506e+06,3.73462e+06,1.30191e+07,0,362608,0,0
43.4282,85.1408,5.17102,0.26,0.18,3.19632,3.28657,0,0.580276,4.6872,4.08288e+06,2.79405e+06,1.30502e+07,0,399598,0,0,46.2218,61.3098,3.11895,0,1,1.58106,1.49081,0,1.18544,1.90512,8.48506e+06,3.73462e+06,1.34154e+07,0,374337,0,0
44.1363,85.1408,3.92404,0.17,0.18,3.24306,3.2866,0,0.598991,4.6872,4.08288e+06,2.79405e+06,1.3241e+07,0,399601,0,0,46.2706,61.3098,2.54251,0,1,1.53436,1.49083,0,1.22153,1.90512,8.48506e+06,3.73462e+06,1.30192e+07,0,374340,0,0
44.7516,85.1408,3.78627,0.17,0.18,3.2431,3.28663,0,0.60775,4.6872,4.08288e+06,2.79405e+06,1.32412e+07,0,399604,0,0,46.3252,61.3098,2.19547,0,1,1.53436,1.49084,0,1.18545,1.90512,8.48506e+06,3.73462e+06,1.30192e+07,0,374343,0,0
45.6818,85.1408,4.21206,0.19,0.18,3.24314,3.28665,0,0.607757,4.6872,4.08288e+06,2.79405e+06,1.32413e+07,0,399607,0,0,46.3636,61.3098,2.41391,0,1,1.53436,1.49085,0,1.18545,1.90512,8.48506e+06,3.73462e+06,1.30192e+07,0,374346,0,0
46.5898,85.1408,4.57538,0.22,0.18,3.56375,3.60725,0,0.607764,4.6872,4.08288e+06,2.79405e+06,1.45504e+07,0,438587,0,0,46.2004,61.3098,2.03052,0,1,1.70966,1.66615,0,1.18545,1.90512,8.48506e+06,3.73462e+06,1.45065e+07,0,418364,0,0
50.7748,85.1408,8.09961,0.22,0.18,3.60728,3.60728,0,0.667847,4.6872,4.08288e+06,2.79405e+06,1.47281e+07,0,438591,0,0,46.569,61.3098,3.94821,0,1,1.66617,1.66617,0,1.32088,1.90512,8.48506e+06,3.73462e+06,1.41375e+07,0,418368,0,0
55.9109,85.1408,9.09194,0.24,0.18,3.60731,3.60731,0,0.676005,4.6872,4.08288e+06,2.79405e+06,1.47282e+07,0,438594,0,0,47.2901,61.3098,5.91816,0,1,1.66618,1.66618,0,1.28728,1.90512,8.48506e+06,3.73462e+06,1.41376e+07,0,418371,0,0
60.6639,85.1408,8.74852,0.13,0.18,3.60734,3.60734,0,0.67601,4.6872,4.08288e+06,2.79405e+06,1.47283e+07,0,438598,0,0,48.0097,61.3098,5.14879,0,1,1.66619,1.66619,0,1.28729,1.90512,8.48506e+06,3.73462e+06,1.41377e+07,0,418374,0,0
63.0643,85.1408,6.04139,0.09,0.18,3.15011,3.15011,0,0.676015,4.6872,4.08288e+06,2.79405e+06,1.28615e+07,0,383006,0,0,48.9856,61.3098,4.20624,0,1,1.43095,1.43095,0,1.2873,1.90512,8.48506e+06,3.73462e+06,1.21417e+07,0,359306,0,0
64.9447,85.1408,5.40771,0.09,0.18,3.04674,3.15014,0,0.590331,4.6872,4.08288e+06,2.79405e+06,1.24395e+07,0,383009,0,0,49.6882,61.3098,4.15683,0,1,1.53436,1.43096,0,1.10555,1.90512,8.48506e+06,3.73462e+06,1.30192e+07,0,359309,0,0
68.7193,85.1408,7.44944,0.1,0.18,3.04677,3.15016,0,0.570958,4.6872,4.08288e+06,2.79405e+06,1.24396e+07,0,383012,0,0,50.6008,61.3098,4.69844,0,1,1.53436,1.43098,0,1.18545,1.90512,8.48506e+06,3.73462e+06,1.30192e+07,0,359312,0,0
71.5227,85.1408,6.50551,0.06,0.18,3.04681,3.15018,0,0.570965,4.6872,4.08288e+06,2.79405e+06,1.24398e+07,0,383015,0,0,51.3536,61.3098,4.37113,0,1,1.53436,1.43099,0,1.18545,1.90512,8.48506e+06,3.73462e+06,1.30192e+07,0,359315,0,0
76.4019,85.1408,8.92231,0.05,0.18,3.15021,3.15021,0,0.570972,4.6872,4.08288e+06,2.79405e+06,1.28619e+07,0,383018,0,0,52.7994,61.3098,5.75586,0,1,1.431,1.431,0,1.18545,1.90512,8.48506e+06,3.73462e+06,1.21421e+07,0,359318,0,0
79.4417,85.1408,7.07654,0.04,0.18,3.26534,3.26534,0,0.590349,4.6872,4.08288e+06,2.79405e+06,1.3332e+07,0,397016,0,0,53.9307,61.3098,5.11628,0,1,1.48856,1.48856,0,1.10559,1.90512,8.48506e+06,3.73462e+06,1.26305e+07,0,373772,0,0
82.026,85.1408,6.65077,0,0.18,3.26536,3.26536,0,0.611924,4.6872,4.08288e+06,2.79405e+06,1.33321e+07,0,397019,0,0,55.47,61.3098,5.55878,0,1,1.48858,1.48858,0,1.15006,1.90512,8.48506e+06,3.73462e+06,1.26306e+07,0,373775,0,0
84.4304,85.1408,6.32199,0,0.18,3.26539,3.26539,0,0.611929,4.6872,4.08288e+06,2.79405e+06,1.33322e+07,0,397022,0,0,56.657,61.3098,5.16757,0,1,1.48859,1.48859,0,1.15007,1.90512,8.48506e+06,3.73462e+06,1.26307e+07,0,373778,0,0
85.1408,85.1408,5.03561,0,0.18,3.26541,3.26541,0,0.611934,4.6872,4.08288e+06,2.79405e+06,1.33323e+07,0,397025,0,0,57.1602,61.3098,3.53587,0,1,1.4886,1.4886,0,1.15008,1.90512,8.48506e+06,3.73462e+06,1.26308e+07,0,373781,0,0
85.1408,85.1408,4.28152,0,0.18,3.22043,3.22043,0,0.611939,4.6872,4.08288e+06,2.79405e+06,1.31486e+07,0,391556,0,0,57.3149,61.3098,2.76985,0,1,1.46626,1.46626,0,1.15009,1.90512,8.48506e+06,3.73462e+06,1.24413e+07,0,368171,0,0
85.1408,85.1408,4.00323,0,0.18,3.22046,3.22046,0,0.603509,4.6872,4.08288e+06,2.79405e+06,1.31488e+07,0,391559,0,0,57.4718,61.3098,2.71525,0,1,1.46627,1.46627,0,1.13283,1.90512,8.48506e+06,3.73462e+06,1.24414e+07,0,368174,0,0
85.1408,85.1408,3.83062,0,0.18,3.22049,3.22049,0,0.603514,4.6872,4.08288e+06,2.79405e+06,1.31489e+07,0,391562,0,0,57.8215,61.3098,3.31788,0,1,1.46628,1.46628,0,1.13284,1.90512,8.48506e+06,3.73462e+06,1.24415e+07,0,368177,0,0
85.1408,85.1408,3.57229,0,0.18,3.22051,3.22051,0,0.603519,4.6872,4.08288e+06,2.79405e+06,1.3149e+07,0,391565,0,0,58.0154,61.3098,2.64584,0,1,1.46629,1.46629,0,1.13285,1.90512,8.48506e+06,3.73462e+06,1.24416e+07,0,368180,0,0
85.0175,85.1408,3.50379,0,0.18,3.37331,3.37331,0,0.603524,4.6872,4.08288e+06,2.79405e+06,1.37728e+07,0,410143,0,0,57.9914,61.3098,2.31322,0,1,1.54558,1.54558,0,1.13286,1.90512,8.48506e+06,3.73462e+06,1.31143e+07,0,388088,0,0
84.8508,85.1408,3.44506,0.01,0.18,3.37334,3.37334,0,0.632158,4.6872,4.08288e+06,2.79405e+06,1.37729e+07,0,410146,0,0,57.9694,61.3098,2.38366,0,1,1.54559,1.54559,0,1.19411,1.90512,8.48506e+06,3.73462e+06,1.31144e+07,0,388091,0,0
84.3421,85.1408,3.10238,0.01,0.18,3.37336,3.37336,0,0.632163,4.6872,4.08288e+06,2.79405e+06,1.3773e+07,0,410150,0,0,57.9187,61.3098,2.36044,0,1,1.5456,1.5456,0,1.19412,1.90512,8.48506e+06,3.73462e+06,1.31145e+07,0,388095,0,0
83.7206,85.1408,2.95514,0.01,0.18,3.37339,3.37339,0,0.632168,4.6872,4.08288e+06,2.79405e+06,1.37731e+07,0,410153,0,0,57.854,61.3098,2.38256,0,1,1.54562,1.54562,0,1.19413,1.90512,8.48506e+06,3.73462e+06,1.31146e+07,0,388098,0,0
82.782,85.1408,2.55936,0.01,0.18,3.37341,3.37341,0,0.632173,4.6872,4.08288e+06,2.79405e+06,1.37732e+07,0,410156,0,0,57.7318,61.3098,2.22219,0,1,1.54563,1.54563,0,1.19414,1.90512,8.48506e+06,3.73462e+06,1.31147e+07,0,388101,0,0
81.7338,85.1408,2.41635,0.03,0.18,3.34323,3.34323,0,0.632178,4.6872,4.08288e+06,2.79405e+06,1.365e+07,0,406486,0,0,57.529,61.3098,2.08124,0,1,1.58921,1.58921,0,1.19415,1.90512,8.48506e+06,3.73462e+06,1.34846e+07,0,399045,0,0
80.4919,85.1408,2.21381,0.03,0.18,3.34325,3.34325,0,0.626521,4.6872,4.08288e+06,2.79405e+06,1.36501e+07,0,406489,0,0,57.3114,61.3098,2.07701,0,1,1.58923,1.58923,0,1.22783,1.90512,8.48506e+06,3.73462e+06,1.34847e+07,0,399048,0,0
79.0641,85.1408,2.00188,0.04,0.18,3.34328,3.34328,0,0.626526,4.6872,4.08288e+06,2.79405e+06,1.36502e+07,0,406492,0,0,56.9397,61.3098,1.8514,0,1,1.58924,1.58924,0,1.22784,1.90512,8.48506e+06,3.73462e+06,1.34848e+07,0,399051,0,0
77.5479,85.1408,1.88074,0.04,0.18,3.34331,3.34331,0,0.626531,4.6872,4.08288e+06,2.79405e+06,1.36503e+07,0,406495,0,0,56.3852,61.3098,1.70837,0,1,1.58925,1.58925,0,1.22785,1.90512,8.48506e+06,3.73462e+06,1.34849e+07,0,399054,0,0
75.8015,85.1408,1.6928,0.05,0.18,3.42136,3.42136,0,0.626536,4.6872,4.08288e+06,2.79405e+06,1.3969e+07,0,415985,0,0,55.6308,61.3098,1.49209,0,1,1.6281,1.6281,0,1.22785,1.90512,8.48506e+06,3.73462e+06,1.38145e+07,0,408808,0,0
73.9688,85.1408,1.57996,0.08,0.18,3.42139,3.42139,0,0.641163,4.6872,4.08288e+06,2.79405e+06,1.39691e+07,0,415989,0,0,54.7963,61.3098,1.41479,0,1,1.62811,1.62811,0,1.25787,1.90512,8.48506e+06,3.73462e+06,1.38146e+07,0,408812,0,0
72.0317,85.1408,1.45002,0.09,0.18,3.42141,3.42141,0,0.641168,4.6872,4.08288e+06,2.79405e+06,1.39692e+07,0,415992,0,0,54.2571,61.3098,1.32638,0,1,1.62812,1.62812,0,1.25788,1.90512,8.48506e+06,3.73462e+06,1.38147e+07,0,408815,0,0
70.3291,85.1408,1.66024,0.07,0.18,3.42144,3.42144,0,0.641173,4.6872,4.08288e+06,2.79405e+06,1.39693e+07,0,415995,0,0,53.5654,61.3098,1.69634,0,1,1.62814,1.62814,0,1.25789,1.90512,8.48506e+06,3.73462e+06,1.38148e+07,0,408818,0,0
68.0442,85.1408,1.14857,0.08,0.18,3.52621,3.64997,0,0.641178,4.6872,4.08288e+06,2.79405e+06,1.43971e+07,0,443781,0,0,52.6541,61.3098,1.34844,1,1,1.70836,1.76833,0,1.2579,1.90512,8.48506e+06,3.73462e+06,1.44956e+07,0,444019,0,0
65.6738,85.1408,1.0294,0.09,0.18,3.52623,3.65,0,0.660811,4.6872,4.08288e+06,2.79405e+06,1.43972e+07,0,443785,0,0,51.815,61.3098,1.25085,1,1,1.70838,1.76834,0,1.31988,1.90512,8.48506e+06,3.73462e+06,1.44957e+07,0,444023,0,0
63.5162,85.1408,1.21891,0.09,0.18,3.52626,3.65003,0,0.660816,4.6872,4.08288e+06,2.79405e+06,1.43973e+07,0,443788,0,0,51.1685,61.3098,1.35472,1,1,1.70839,1.76835,0,1.31989,1.90512,8.48506e+06,3.73462e+06,1.44958e+07,0,444026,0,0
62.1687,85.1408,2.08016,0.09,0.18,3.52629,3.65006,0,0.660821,4.6872,4.08288e+06,2.79405e+06,1.43974e+07,0,443792,0,0,50.6792,61.3098,1.61889,1,1,1.7084,1.76837,0,1.3199,1.90512,8.48506e+06,3.73462e+06,1.44959e+07,0,444030,0,0
60.112,85.1408,1.28254,0.08,0.18,3.52632,3.65009,0,0.660827,4.6872,4.08288e+06,2.79405e+06,1.43975e+07,0,443795,0,0,50.1249,61.3098,2.23936,1,1,1.70842,1.76838,0,1.31991,1.90512,8.48506e+06,3.73462e+06,1.4496e+07,0,444033,0,0
57.679,85.1408,0.883886,0.08,0.18,3.53875,3.53875,0,0.660832,4.6872,4.08288e+06,2.79405e+06,1.44483e+07,0,430258,0,0,49.1912,61.3098,1.3415,0,1,1.68331,1.68331,0,1.31992,1.90512,8.48506e+06,3.73462e+06,1.4283e+07,0,422672,0,0
55.1399,85.1408,0.737636,0.1,0.18,3.53878,3.53878,0,0.663161,4.6872,4.08288e+06,2.79405e+06,1.44484e+07,0,430261,0,0,48.4473,61.3098,1.19018,0,1,1.68332,1.68332,0,1.30052,1.90512,8.48506e+06,3.73462e+06,1.42831e+07,0,422675,0,0
53.1402,85.1408,1.36473,0.09,0.18,3.5388,3.5388,0,0.663166,4.6872,4.08288e+06,2.79405e+06,1.44485e+07,0,430265,0,0,48.0427,61.3098,1.57373,0,1,1.68334,1.68334,0,1.30054,1.90512,8.48506e+06,3.73462e+06,1.42832e+07,0,422679,0,0
51.9551,85.1408,2.21559,0.08,0.18,3.53883,3.53883,0,0.663172,4.6872,4.08288e+06,2.79405e+06,1.44486e+07,0,430268,0,0,47.8947,61.3098,2.2141,0,1,1.68335,1.68335,0,1.30055,1.90512,8.48506e+06,3.73462e+06,1.42833e+07,0,422682,0,0
49.9678,85.1408,1.25317,0.08,0.18,3.44744,3.44744,0,0.663177,4.6872,4.08288e+06,2.79405e+06,1.40755e+07,0,419157,0,0,47.3414,61.3098,1.83815,0,1,1.60591,1.60591,0,1.30056,1.90512,8.48506e+06,3.73462e+06,1.36262e+07,0,403238,0,0
47.818,85.1408,1.1155,0.13,0.18,3.44747,3.44747,0,0.646051,4.6872,4.08288e+06,2.79405e+06,1.40756e+07,0,419160,0,0,46.9247,61.3098,1.31505,0,1,1.60592,1.60592,0,1.24073,1.90512,8.48506e+06,3.73462e+06,1.36264e+07,0,403241,0,0
46.0016,85.1408,1.47326,0.12,0.18,3.4475,3.4475,0,0.646056,4.6872,4.08288e+06,2.79405e+06,1.40757e+07,0,419163,0,0,46.9877,61.3098,3.25023,0,1,1.60594,1.60594,0,1.24074,1.90512,8.48506e+06,3.73462e+06,1.36265e+07,0,403244,0,0
46.3723,85.1408,3.87164,0.13,0.18,3.44752,3.44752,0,0.646061,4.6872,4.08288e+06,2.79405e+06,1.40758e+07,0,419166,0,0,48.0941,61.3098,6.25871,0,1,1.60595,1.60595,0,1.24075,1.90512,8.48506e+06,3.73462e+06,1.36266e+07,0,403247,0,0
45.163,85.1408,1.87582,0.14,0.18,3.18791,3.18791,0,0.646066,4.6872,4.08288e+06,2.79405e+06,1.30159e+07,0,387602,0,0,48.3046,61.3098,3.1733,0,1,1.44465,1.44465,0,1.24076,1.90512,8.48506e+06,3.73462e+06,1.22579e+07,0,362745,0,0
46.0661,85.1408,4.12605,0.14,0.18,3.09823,3.18794,0,0.597414,4.6872,4.08288e+06,2.79405e+06,1.26497e+07,0,387605,0,0,49.3546,61.3098,6.14916,0,1,1.53436,1.44466,0,1.11614,1.90512,8.48506e+06,3.73462e+06,1.30192e+07,0,362748,0,0
49.6683,85.1408,6.99611,0.17,0.18,3.09827,3.18796,0,0.580609,4.6872,4.08288e+06,2.79405e+06,1.26499e+07,0,387608,0,0,50.2341,61.3098,5.45075,0,1,1.53436,1.44467,0,1.18545,1.90512,8.48506e+06,3.73462e+06,1.30192e+07,0,362751,0,0
50.2047,85.1408,3.82064,0.17,0.18,3.0983,3.18799,0,0.580615,4.6872,4.08288e+06,2.79405e+06,1.265e+07,0,387611,0,0,50.8137,61.3098,4.66459,0,1,1.53436,1.44468,0,1.18545,1.90512,8.48506e+06,3.73462e+06,1.30192e+07,0,362754,0,0
51.6879,85.1408,4.73746,0.18,0.18,3.09834,3.18801,0,0.580622,4.6872,4.08288e+06,2.79405e+06,1.26502e+07,0,387614,0,0,52.2163,61.3098,6.20723,0,1,1.53436,1.44469,0,1.18545,1.90512,8.48506e+06,3.73462e+06,1.30192e+07,0,362757,0,0
53.9884,85.1408,5.59336,0.12,0.18,3.19824,3.2879,0,0.580629,4.6872,4.08288e+06,2.79405e+06,1.3058e+07,0,399759,0,0,54.1936,61.3098,7.17255,0,1,1.58107,1.49141,0,1.18545,1.90512,8.48506e+06,3.73462e+06,1.34155e+07,0,374488,0,0
56.3441,85.1408,5.80012,0.12,0.18,3.24497,3.2879,0,0.59935,4.6872,4.08288e+06,2.79405e+06,1.32488e+07,0,399759,0,0,55.6989,61.3098,5.90347,0,1,1.53435,1.49142,0,1.22154,1.90512,8.48506e+06,3.73462e+06,1.30191e+07,0,374488,0,0
58.5558,85.1408,5.68166,0.12,0.18,3.24497,3.28791,0,0.608107,4.6872,4.08288e+06,2.79405e+06,1.32488e+07,0,399760,0,0,57.1947,61.3098,5.88152,0,1,1.53435,1.49142,0,1.18544,1.90512,8.48506e+06,3.73462e+06,1.30191e+07,0,374489,0,0
60.4484,85.1408,5.31171,0.12,0.18,3.24498,3.28791,0,0.608107,4.6872,4.08288e+06,2.79405e+06,1.32488e+07,0,399760,0,0,58.6639,61.3098,5.57512,0,1,1.53435,1.49142,0,1.18544,1.90512,8.48506e+06,3.73462e+06,1.30191e+07,0,374489,0,0
60.4452,85.1408,3.5412,0.08,0.18,3.56568,3.60861,0,0.608108,4.6872,4.08288e+06,2.79405e+06,1.45582e+07,0,438752,0,0,59.5238,61.3098,4.05756,0,1,1.70971,1.66678,0,1.18544,1.90512,8.48506e+06,3.73462e+06,1.4507e+07,0,418522,0,0
62.9582,85.1408,6.30039,0.09,0.18,3.60861,3.60861,0,0.668208,4.6872,4.08288e+06,2.79405e+06,1.47335e+07,0,438753,0,0,61.3047,61.3098,5.70932,0,1,1.66678,1.66678,0,1.32092,1.90512,8.48506e+06,3.73462e+06,1.41427e+07,0,418522,0,0
65.1651,85.1408,6.08702,0.09,0.18,3.60862,3.60862,0,0.676254,4.6872,4.08288e+06,2.79405e+06,1.47335e+07,0,438753,0,0,62.338,61.3098,5.76708,0,1,1.66678,1.66678,0,1.28776,1.90512,8.48506e+06,3.73462e+06,1.41428e+07,0,418522,0,0
67.1249,85.1408,5.81852,0.09,0.18,3.60862,3.60862,0,0.676255,4.6872,4.08288e+06,2.79405e+06,1.47336e+07,0,438754,0,0,62.338,61.3098,5.05109,0,1,1.66679,1.66679,0,1.28776,1.90512,8.48506e+06,3.73462e+06,1.41428e+07,0,418523,0,0
68.6505,85.1408,5.06871,0.09,0.18,3.15121,3.15121,0,0.676255,4.6872,4.08288e+06,2.79405e+06,1.2866e+07,0,383139,0,0,62.338,61.3098,4.18861,0,1,1.43145,1.43145,0,1.28776,1.90512,8.48506e+06,3.73462e+06,1.2146e+07,0,359432,0,0
69.6366,85.1408,4.4217,0.06,0.18,3.04831,3.15121,0,0.590536,4.6872,4.08288e+06,2.79405e+06,1.24459e+07,0,383140,0,0,62.338,61.3098,4.14239,0,1,1.53435,1.43145,0,1.10594,1.90512,8.48506e+06,3.73462e+06,1.30191e+07,0,359432,0,0
73.3037,85.1408,7.52642,0.05,0.18,3.15121,3.15121,0,0.571254,4.6872,4.08288e+06,2.79405e+06,1.2866e+07,0,383140,0,0,62.338,61.3098,6.73393,0,1,1.43145,1.43145,0,1.18544,1.90512,8.48506e+06,3.73462e+06,1.2146e+07,0,359432,0,0
77.0283,85.1408,7.62032,0.05,0.18,3.15122,3.15122,0,0.590538,4.6872,4.08288e+06,2.79405e+06,1.2866e+07,0,383140,0,0,62.338,61.3098,6.28035,0,1,1.43146,1.43146,0,1.10594,1.90512,8.48506e+06,3.73462e+06,1.2146e+07,0,359433,0,0
77.7119,85.1408,4.29534,0.01,0.18,3.15122,3.15122,0,0.590538,4.6872,4.08288e+06,2.79405e+06,1.28661e+07,0,383141,0,0,62.338,61.3098,4.01625,0,1,1.43146,1.43146,0,1.10594,1.90512,8.48506e+06,3.73462e+06,1.2146e+07,0,359433,0,0
77.813,85.1408,3.77707,0.01,0.18,3.26636,3.26636,0,0.590539,4.6872,4.08288e+06,2.79405e+06,1.33362e+07,0,397140,0,0,62.338,61.3098,3.32813,0,1,1.48903,1.48903,0,1.10594,1.90512,8.48506e+06,3.73462e+06,1.26345e+07,0,373890,0,0
77.4405,85.1408,3.22583,0,0.18,3.26637,3.26637,0,0.612117,4.6872,4.08288e+06,2.79405e+06,1.33362e+07,0,397141,0,0,62.338,61.3098,3.29732,0,1,1.48903,1.48903,0,1.15043,1.90512,8.48506e+06,3.73462e+06,1.26345e+07,0,373890,0,0
77.094,85.1408,3.24589,0,0.18,3.26637,3.26637,0,0.612117,4.6872,4.08288e+06,2.79405e+06,1.33362e+07,0,397141,0,0,62.338,61.3098,2.98251,0,1,1.48903,1.48903,0,1.15043,1.90512,8.48506e+06,3.73462e+06,1.26345e+07,0,373890,0,0
76.7578,85.1408,3.23413,0,0.18,3.26637,3.26637,0,0.612118,4.6872,4.08288e+06,2.79405e+06,1.33362e+07,0,397142,0,0,62.338,61.3098,3.35976,0,1,1.48904,1.48904,0,1.15043,1.90512,8.48506e+06,3.73462e+06,1.26346e+07,0,373891,0,0
75.7597,85.1408,2.48853,0,0.18,3.22136,3.22136,0,0.612119,4.6872,4.08288e+06,2.79405e+06,1.31524e+07,0,391668,0,0,62.338,61.3098,2.90176,0,1,1.46668,1.46668,0,1.15043,1.90512,8.48506e+06,3.73462e+06,1.24448e+07,0,368277,0,0
74.587,85.1408,2.29295,0.02,0.18,3.22136,3.22136,0,0.603683,4.6872,4.08288e+06,2.79405e+06,1.31524e+07,0,391669,0,0,62.338,61.3098,2.95795,0,1,1.46668,1.46668,0,1.13315,1.90512,8.48506e+06,3.73462e+06,1.24449e+07,0,368277,0,0
74.6643,85.1408,3.58165,0.01,0.18,3.22137,3.22137,0,0.603683,4.6872,4.08288e+06,2.79405e+06,1.31525e+07,0,391669,0,0,62.338,61.3098,3.5442,0,1,1.46668,1.46668,0,1.13316,1.90512,8.48506e+06,3.73462e+06,1.24449e+07,0,368277,0,0
73.5839,85.1408,2.33004,0.01,0.18,3.22137,3.22137,0,0.603684,4.6872,4.08288e+06,2.79405e+06,1.31525e+07,0,391670,0,0,62.338,61.3098,3.16142,0,1,1.46668,1.46668,0,1.13316,1.90512,8.48506e+06,3.73462e+06,1.24449e+07,0,368278,0,0
72.4492,85.1408,2.36838,0.02,0.18,3.37418,3.37418,0,0.603685,4.6872,4.08288e+06,2.79405e+06,1.37764e+07,0,410250,0,0,62.338,61.3098,3.24737,0,1,1.54598,1.54598,0,1.13316,1.90512,8.48506e+06,3.73462e+06,1.31177e+07,0,388189,0,0
71.0959,85.1408,2.07294,0.02,0.18,3.37419,3.37419,0,0.632322,4.6872,4.08288e+06,2.79405e+06,1.37764e+07,0,410250,0,0,62.338,61.3098,3.18848,0,1,1.54598,1.54598,0,1.19442,1.90512,8.48506e+06,3.73462e+06,1.31177e+07,0,388190,0,0
69.7326,85.1408,2.04537,0.03,0.18,3.37419,3.37419,0,0.632323,4.6872,4.08288e+06,2.79405e+06,1.37764e+07,0,410251,0,0,62.338,61.3098,3.2268,0,1,1.54598,1.54598,0,1.19443,1.90512,8.48506e+06,3.73462e+06,1.31178e+07,0,388190,0,0
68.2625,85.1408,1.91583,0.04,0.18,3.3742,3.3742,0,0.632324,4.6872,4.08288e+06,2.79405e+06,1.37764e+07,0,410251,0,0,62.338,61.3098,3.09107,0,1,1.54599,1.54599,0,1.19443,1.90512,8.48506e+06,3.73462e+06,1.31178e+07,0,388190,0,0
67.1891,85.1408,2.26578,0.04,0.18,3.3742,3.3742,0,0.632324,4.6872,4.08288e+06,2.79405e+06,1.37765e+07,0,410251,0,0,62.338,61.3098,3.29173,0,1,1.54599,1.54599,0,1.19443,1.90512,8.48506e+06,3.73462e+06,1.31178e+07,0,388191,0,0
66.0877,85.1408,2.19678,0.08,0.18,3.34398,3.34398,0,0.632325,4.6872,4.08288e+06,2.79405e+06,1.36531e+07,0,406578,0,0,62.338,61.3098,3.16899,0,1,1.58957,1.58957,0,1.19443,1.90512,8.48506e+06,3.73462e+06,1.34876e+07,0,399135,0,0
64.811,85.1408,2.00715,0.09,0.18,3.34399,3.34399,0,0.626662,4.6872,4.08288e+06,2.79405e+06,1.36531e+07,0,406578,0,0,62.338,61.3098,3.11624,0,1,1.58957,1.58957,0,1.2281,1.90512,8.48506e+06,3.73462e+06,1.34876e+07,0,399135,0,0
63.3749,85.1408,1.81966,0.09,0.18,3.34399,3.34399,0,0.626663,4.6872,4.08288e+06,2.79405e+06,1.36531e+07,0,406578,0,0,62.338,61.3098,2.81354,0,1,1.58957,1.58957,0,1.2281,1.90512,8.48506e+06,3.73462e+06,1.34876e+07,0,399136,0,0
61.7881,85.1408,1.61094,0.08,0.18,3.34399,3.34399,0,0.626664,4.6872,4.08288e+06,2.79405e+06,1.36531e+07,0,406579,0,0,62.1405,61.3098,2.3089,0,1,1.58958,1.58958,0,1.22811,1.90512,8.48506e+06,3.73462e+06,1.34876e+07,0,399136,0,0
60.2321,85.1408,1.69185,0.09,0.18,3.42204,3.42204,0,0.626664,4.6872,4.08288e+06,2.79405e+06,1.39718e+07,0,416068,0,0,61.9646,61.3098,1.97437,0,1,1.62842,1.62842,0,1.22811,1.90512,8.48506e+06,3.73462e+06,1.38172e+07,0,408890,0,0
58.5868,85.1408,1.56595,0.09,0.18,3.42204,3.42204,0,0.64129,4.6872,4.08288e+06,2.79405e+06,1.39718e+07,0,416068,0,0,61.6124,61.3098,1.97728,0,1,1.62842,1.62842,0,1.25812,1.90512,8.48506e+06,3.73462e+06,1.38173e+07,0,408890,0,0
56.852,85.1408,1.45104,0.11,0.18,3.42205,3.42205,0,0.641291,4.6872,4.08288e+06,2.79405e+06,1.39718e+07,0,416069,0,0,61.2937,61.3098,1.76795,0,1,1.62842,1.62842,0,1.25812,1.90512,8.48506e+06,3.73462e+06,1.38173e+07,0,408890,0,0
55.1753,85.1408,1.47688,0.11,0.18,3.42205,3.42205,0,0.641291,4.6872,4.08288e+06,2.79405e+06,1.39718e+07,0,416069,0,0,60.9315,61.3098,1.99207,0,1,1.62843,1.62843,0,1.25812,1.90512,8.48506e+06,3.73462e+06,1.38173e+07,0,408891,0,0
53.1804,85.1408,1.23728,0.1,0.18,3.52681,3.6506,0,0.641292,4.6872,4.08288e+06,2.79405e+06,1.43995e+07,0,443857,0,0,60.5612,61.3098,1.72128,1,1,1.70866,1.76863,0,1.25812,1.90512,8.48506e+06,3.73462e+06,1.4498e+07,0,444095,0,0
51.2627,85.1408,1.28729,0.1,0.18,3.52681,3.6506,0,0.660924,4.6872,4.08288e+06,2.79405e+06,1.43996e+07,0,443858,0,0,60.1735,61.3098,1.82101,1,1,1.70866,1.76863,0,1.32011,1.90512,8.48506e+06,3.73462e+06,1.44981e+07,0,444096,0,0
49.5376,85.1408,1.474,0.11,0.18,3.52682,3.65061,0,0.660925,4.6872,4.08288e+06,2.79405e+06,1.43996e+07,0,443858,0,0,59.7641,61.3098,1.80499,1,1,1.70866,1.76863,0,1.32011,1.90512,8.48506e+06,3.73462e+06,1.44981e+07,0,444096,0,0
47.4431,85.1408,1.10623,0.13,0.18,3.52682,3.65061,0,0.660926,4.6872,4.08288e+06,2.79405e+06,1.43996e+07,0,443859,0,0,59.35,61.3098,1.67578,1,1,1.70866,1.76863,0,1.32011,1.90512,8.48506e+06,3.73462e+06,1.44981e+07,0,444097,0,0
45.7418,85.1408,1.58496,0.13,0.18,3.52682,3.65061,0,0.660926,4.6872,4.08288e+06,2.79405e+06,1.43996e+07,0,443859,0,0,59.237,61.3098,2.83575,1,1,1.70866,1.76864,0,1.32011,1.90512,8.48506e+06,3.73462e+06,1.44981e+07,0,444097,0,0
43.902,85.1408,1.45628,0.13,0.18,3.53923,3.53923,0,0.660927,4.6872,4.08288e+06,2.79405e+06,1.44503e+07,0,430317,0,0,59.1652,61.3098,3.13948,0,1,1.68354,1.68354,0,1.32011,1.90512,8.48506e+06,3.73462e+06,1.42849e+07,0,422730,0,0
41.8689,85.1408,1.2055,0.12,0.18,3.53924,3.53924,0,0.663252,4.6872,4.08288e+06,2.79405e+06,1.44503e+07,0,430317,0,0,59.076,61.3098,3.30704,0,1,1.68354,1.68354,0,1.3007,1.90512,8.48506e+06,3.73462e+06,1.4285e+07,0,422730,0,0
39.8401,85.1408,1.21275,0.15,0.18,3.53924,3.53924,0,0.663253,4.6872,4.08288e+06,2.79405e+06,1.44503e+07,0,430318,0,0,59.0397,61.3098,3.02724,0,1,1.68354,1.68354,0,1.3007,1.90512,8.48506e+06,3.73462e+06,1.4285e+07,0,422731,0,0
38.3824,85.1408,1.86834,0.17,0.18,3.53924,3.53924,0,0.663254,4.6872,4.08288e+06,2.79405e+06,1.44503e+07,0,430318,0,0,59.1238,61.3098,3.69922,0,1,1.68355,1.68355,0,1.30071,1.90512,8.48506e+06,3.73462e+06,1.4285e+07,0,422731,0,0
37.5139,85.1408,2.39194,0.18,0.18,3.44782,3.44782,0,0.663254,4.6872,4.08288e+06,2.79405e+06,1.4077e+07,0,419203,0,0,58.9817,61.3098,2.72578,0,1,1.60609,1.60609,0,1.30071,1.90512,8.48506e+06,3.73462e+06,1.36277e+07,0,403282,0,0
38.4972,85.1408,4.35004,0.18,0.18,3.44782,3.44782,0,0.646121,4.6872,4.08288e+06,2.79405e+06,1.40771e+07,0,419203,0,0,59.2097,61.3098,3.65378,0,1,1.60609,1.60609,0,1.24086,1.90512,8.48506e+06,3.73462e+06,1.36278e+07,0,403282,0,0
38.9945,85.1408,3.86511,0.2,0.18,3.44783,3.44783,0,0.646122,4.6872,4.08288e+06,2.79405e+06,1.40771e+07,0,419203,0,0,59.7205,61.3098,5.75246,0,1,1.60609,1.60609,0,1.24086,1.90512,8.48506e+06,3.73462e+06,1.36278e+07,0,403283,0,0
41.9779,85.1408,6.46429,0.2,0.18,3.44783,3.44783,0,0.646123,4.6872,4.08288e+06,2.79405e+06,1.40771e+07,0,419204,0,0,61.0866,61.3098,7.48491,0,1,1.60609,1.60609,0,1.24087,1.90512,8.48506e+06,3.73462e+06,1.36278e+07,0,403283,0,0
42.6379,85.1408,3.78809,0.22,0.18,3.18817,3.18817,0,0.646124,4.6872,4.08288e+06,2.79405e+06,1.30169e+07,0,387633,0,0,61.2754,61.3098,2.86591,0,1,1.44477,1.44477,0,1.24087,1.90512,8.48506e+06,3.73462e+06,1.22589e+07,0,362775,0,0
43.1581,85.1408,3.48514,0.14,0.18,3.09859,3.18818,0,0.597464,4.6872,4.08288e+06,2.79405e+06,1.26512e+07,0,387634,0,0,61.2896,61.3098,2.56332,0,1,1.53435,1.44477,0,1.11623,1.90512,8.48506e+06,3.73462e+06,1.30191e+07,0,362776,0,0
44.2664,85.1408,4.11508,0.16,0.18,3.0986,3.18818,0,0.580676,4.6872,4.08288e+06,2.79405e+06,1.26512e+07,0,387634,0,0,61.299,61.3098,2.5971,0,1,1.53435,1.44477,0,1.18544,1.90512,8.48506e+06,3.73462e+06,1.30191e+07,0,362776,0,0
46.0087,85.1408,4.7324,0.17,0.18,3.0986,3.18818,0,0.580677,4.6872,4.08288e+06,2.79405e+06,1.26512e+07,0,387635,0,0,61.2723,61.3098,2.82666,0,1,1.53435,1.44477,0,1.18544,1.90512,8.48506e+06,3.73462e+06,1.30191e+07,0,362776,0,0
55.129,85.1408,12.5907,0.16,0.18,3.09861,3.18819,0,0.580678,4.6872,4.08288e+06,2.79405e+06,1.26512e+07,0,387635,0,0,62.338,61.3098,7.55438,0,1,1.53435,1.44477,0,1.18544,1.90512,8.48506e+06,3.73462e+06,1.30191e+07,0,362777,0,0
62.244,85.1408,10.7743,0.12,0.18,3.19848,3.28806,0,0.580679,4.6872,4.08288e+06,2.79405e+06,1.3059e+07,0,399778,0,0,62.338,61.3098,6.58343,0,1,1.58106,1.49149,0,1.18544,1.90512,8.48506e+06,3.73462e+06,1.34154e+07,0,374506,0,0
68.1846,85.1408,9.69662,0.09,0.18,3.24517,3.28804,0,0.599395,4.6872,4.08288e+06,2.79405e+06,1.32497e+07,0,399776,0,0,62.338,61.3098,6.31419,0,1,1.53434,1.49148,0,1.22153,1.90512,8.48506e+06,3.73462e+06,1.3019e+07,0,374504,0,0
73.1612,85.1408,8.96598,0.06,0.18,3.24515,3.28802,0,0.608146,4.6872,4.08288e+06,2.79405e+06,1.32495e+07,0,399773,0,0,62.338,61.3098,5.57895,0,1,1.53434,1.49147,0,1.18543,1.90512,8.48506e+06,3.73462e+06,1.3019e+07,0,374502,0,0
76.8978,85.1408,7.55408,0.06,0.18,3.24512,3.288,0,0.60814,4.6872,4.08288e+06,2.79405e+06,1.32494e+07,0,399771,0,0,62.338,61.3098,4.3121,0,1,1.53434,1.49146,0,1.18543,1.90512,8.48506e+06,3.73462e+06,1.3019e+07,0,374500,0,0
77.6234,85.1408,4.77333,0.02,0.18,3.60869,3.60869,0,0.608135,4.6872,4.08288e+06,2.79405e+06,1.47338e+07,0,438761,0,0,62.338,61.3098,4.13514,0,1,1.66682,1.66682,0,1.18543,1.90512,8.48506e+06,3.73462e+06,1.4143e+07,0,418530,0,0
79.7836,85.1408,6.36582,0.02,0.18,3.60866,3.60866,0,0.676268,4.6872,4.08288e+06,2.79405e+06,1.47337e+07,0,438759,0,0,62.338,61.3098,6.5,0,1,1.66681,1.66681,0,1.28778,1.90512,8.48506e+06,3.73462e+06,1.41429e+07,0,418528,0,0
82.5846,85.1408,7.02417,0.02,0.18,3.60864,3.60864,0,0.676264,4.6872,4.08288e+06,2.79405e+06,1.47337e+07,0,438756,0,0,62.338,61.3098,9.27989,0,1,1.6668,1.6668,0,1.28777,1.90512,8.48506e+06,3.73462e+06,1.41429e+07,0,418526,0,0
85.1408,85.1408,9.9993,0.02,0.18,3.60862,3.60862,0,0.67626,4.6872,4.08288e+06,2.79405e+06,1.47336e+07,0,438754,0,0,62.338,61.3098,11.8126,0,1,1.66679,1.66679,0,1.28777,1.90512,8.48506e+06,3.73462e+06,1.41428e+07,0,418523,0,0
85.1408,85.1408,7.70649,0,0.18,3.15119,3.15119,0,0.676256,4.6872,4.08288e+06,2.79405e+06,1.28659e+07,0,383137,0,0,62.338,61.3098,8.82618,0,1,1.43144,1.43144,0,1.28776,1.90512,8.48506e+06,3.73462e+06,1.21459e+07,0,359429,0,0
85.1408,85.1408,6.99478,0,0.18,3.15117,3.15117,0,0.590533,4.6872,4.08288e+06,2.79405e+06,1.28659e+07,0,383135,0,0,62.338,61.3098,8.84941,0,1,1.43143,1.43143,0,1.10593,1.90512,8.48506e+06,3.73462e+06,1.21458e+07,0,359427,0,0
85.1408,85.1408,10.2329,0,0.18,3.15115,3.15115,0,0.590529,4.6872,4.08288e+06,2.79405e+06,1.28658e+07,0,383132,0,0,62.338,61.3098,10.2302,0,1,1.43143,1.43143,0,1.10593,1.90512,8.48506e+06,3.73462e+06,1.21457e+07,0,359425,0,0
85.1408,85.1408,8.61192,0,0.18,3.15113,3.15113,0,0.590526,4.6872,4.08288e+06,2.79405e+06,1.28657e+07,0,383130,0,0,62.338,61.3098,9.322,0,1,1.43142,1.43142,0,1.10592,1.90512,8.48506e+06,3.73462e+06,1.21457e+07,0,359423,0,0
85.1408,85.1408,10.2159,0,0.18,3.15112,3.15112,0,0.590523,4.6872,4.08288e+06,2.79405e+06,1.28656e+07,0,383128,0,0,62.338,61.3098,9.32842,0,1,1.43141,1.43141,0,1.10591,1.90512,8.48506e+06,3.73462e+06,1.21456e+07,0,359421,0,0
85.1408,85.1408,6.87295,0,0.18,3.26623,3.26623,0,0.590519,4.6872,4.08288e+06,2.79405e+06,1.33356e+07,0,397124,0,0,62.338,61.3098,8.53179,0,1,1.48897,1.48897,0,1.10591,1.90512,8.48506e+06,3.73462e+06,1.2634e+07,0,373875,0,0
85.1408,85.1408,5.41476,0,0.18,3.26621,3.26621,0,0.612092,4.6872,4.08288e+06,2.79405e+06,1.33356e+07,0,397122,0,0,62.338,61.3098,7.34006,0,1,1.48896,1.48896,0,1.15038,1.90512,8.48506e+06,3.73462e+06,1.26339e+07,0,373872,0,0
85.1408,85.1408,5.01938,0,0.18,3.26619,3.26619,0,0.612088,4.6872,4.08288e+06,2.79405e+06,1.33355e+07,0,397120,0,0,62.338,61.3098,6.57064,0,1,1.48895,1.48895,0,1.15037,1.90512,8.48506e+06,3.73462e+06,1.26339e+07,0,373870,0,0
85.1408,85.1408,5.01546,0,0.18,3.26618,3.26618,0,0.612085,4.6872,4.08288e+06,2.79405e+06,1.33354e+07,0,397117,0,0,62.338,61.3098,5.73558,0,1,1.48895,1.48895,0,1.15037,1.90512,8.48506e+06,3.73462e+06,1.26338e+07,0,373868,0,0
85.1408,85.1408,4.26307,0,0.18,3.22114,3.22114,0,0.612081,4.6872,4.08288e+06,2.79405e+06,1.31515e+07,0,391642,0,0,62.338,61.3098,4.20158,0,1,1.46658,1.46658,0,1.15036,1.90512,8.48506e+06,3.73462e+06,1.2444e+07,0,368252,0,0
85.0398,85.1408,3.46311,0,0.18,3.22112,3.22112,0,0.603642,4.6872,4.08288e+06,2.79405e+06,1.31515e+07,0,391640,0,0,62.338,61.3098,3.5978,0,1,1.46657,1.46657,0,1.13308,1.90512,8.48506e+06,3.73462e+06,1.24439e+07,0,368250,0,0
84.5615,85.1408,3.0537,0.01,0.18,3.2211,3.2211,0,0.603638,4.6872,4.08288e+06,2.79405e+06,1.31514e+07,0,391637,0,0,62.338,61.3098,3.22743,0,1,1.46656,1.46656,0,1.13307,1.90512,8.48506e+06,3.73462e+06,1.24439e+07,0,368247,0,0
83.8057,85.1408,2.74561,0.01,0.18,3.22109,3.22109,0,0.603635,4.6872,4.08288e+06,2.79405e+06,1.31513e+07,0,391635,0,0,62.338,61.3098,2.88513,0,1,1.46655,1.46655,0,1.13307,1.90512,8.48506e+06,3.73462e+06,1.24438e+07,0,368245,0,0
83.5784,85.1408,3.31568,0.01,0.18,3.37387,3.37387,0,0.603632,4.6872,4.08288e+06,2.79405e+06,1.37751e+07,0,410211,0,0,62.338,61.3098,3.43168,0,1,1.54583,1.54583,0,1.13306,1.90512,8.48506e+06,3.73462e+06,1.31165e+07,0,388152,0,0
83.0325,85.1408,2.98533,0.01,0.18,3.37385,3.37385,0,0.632262,4.6872,4.08288e+06,2.79405e+06,1.3775e+07,0,410208,0,0,62.338,61.3098,3.11999,0,1,1.54582,1.54582,0,1.19431,1.90512,8.48506e+06,3.73462e+06,1.31164e+07,0,388150,0,0
82.2564,85.1408,2.72406,0.01,0.18,3.37383,3.37383,0,0.632259,4.6872,4.08288e+06,2.79405e+06,1.37749e+07,0,410206,0,0,62.338,61.3098,3.05744,0,1,1.54582,1.54582,0,1.1943,1.90512,8.48506e+06,3.73462e+06,1.31163e+07,0,388148,0,0
81.3975,85.1408,2.61488,0.01,0.18,3.37381,3.37381,0,0.632255,4.6872,4.08288e+06,2.79405e+06,1.37749e+07,0,410204,0,0,62.338,61.3098,2.68558,0,1,1.54581,1.54581,0,1.1943,1.90512,8.48506e+06,3.73462e+06,1.31163e+07,0,388146,0,0
80.6026,85.1408,2.68637,0.02,0.18,3.37379,3.37379,0,0.632251,4.6872,4.08288e+06,2.79405e+06,1.37748e+07,0,410201,0,0,62.338,61.3098,3.62204,0,1,1.5458,1.5458,0,1.19429,1.90512,8.48506e+06,3.73462e+06,1.31162e+07,0,388144,0,0
79.8542,85.1408,2.70962,0.03,0.18,3.34355,3.34355,0,0.632248,4.6872,4.08288e+06,2.79405e+06,1.36513e+07,0,406525,0,0,62.338,61.3098,3.82601,0,1,1.58937,1.58937,0,1.19428,1.90512,8.48506e+06,3.73462e+06,1.34859e+07,0,399083,0,0
78.8942,85.1408,2.48994,0.04,0.18,3.34353,3.34353,0,0.626582,4.6872,4.08288e+06,2.79405e+06,1.36512e+07,0,406523,0,0,62.338,61.3098,3.84411,0,1,1.58936,1.58936,0,1.22794,1.90512,8.48506e+06,3.73462e+06,1.34858e+07,0,399081,0,0
77.7422,85.1408,2.28025,0.04,0.18,3.34351,3.34351,0,0.626578,4.6872,4.08288e+06,2.79405e+06,1.36512e+07,0,406520,0,0,62.338,61.3098,3.38201,0,1,1.58935,1.58935,0,1.22794,1.90512,8.48506e+06,3.73462e+06,1.34857e+07,0,399079,0,0
76.4927,85.1408,2.15362,0.04,0.18,3.34349,3.34349,0,0.626574,4.6872,4.08288e+06,2.79405e+06,1.36511e+07,0,406518,0,0,62.338,61.3098,3.30767,0,1,1.58934,1.58934,0,1.22793,1.90512,8.48506e+06,3.73462e+06,1.34856e+07,0,399076,0,0
75.4879,85.1408,2.45709,0.08,0.18,3.4215,3.4215,0,0.626571,4.6872,4.08288e+06,2.79405e+06,1.39696e+07,0,416003,0,0,62.338,61.3098,3.87607,0,1,1.62817,1.62817,0,1.22792,1.90512,8.48506e+06,3.73462e+06,1.38151e+07,0,408826,0,0
74.4352,85.1408,2.40071,0.09,0.18,3.42148,3.42148,0,0.64119,4.6872,4.08288e+06,2.79405e+06,1.39695e+07,0,416001,0,0,62.338,61.3098,3.99674,0,1,1.62816,1.62816,0,1.25792,1.90512,8.48506e+06,3.73462e+06,1.3815e+07,0,408823,0,0
73.2482,85.1408,2.24093,0.09,0.18,3.42147,3.42147,0,0.641186,4.6872,4.08288e+06,2.79405e+06,1.39694e+07,0,415998,0,0,62.338,61.3098,3.78637,0,1,1.62815,1.62815,0,1.25791,1.90512,8.48506e+06,3.73462e+06,1.38149e+07,0,408821,0,0
71.9004,85.1408,2.05667,0.07,0.18,3.42145,3.42145,0,0.641183,4.6872,4.08288e+06,2.79405e+06,1.39694e+07,0,415996,0,0,62.338,61.3098,3.55674,0,1,1.62814,1.62814,0,1.25791,1.90512,8.48506e+06,3.73462e+06,1.38148e+07,0,408819,0,0
70.7935,85.1408,2.39988,0.08,0.18,3.52616,3.64993,0,0.641179,4.6872,4.08288e+06,2.79405e+06,1.43969e+07,0,443776,0,0,62.338,61.3098,4.29789,1,1,1.70834,1.7683,0,1.2579,1.90512,8.48506e+06,3.73462e+06,1.44954e+07,0,444014,0,0
69.611,85.1408,2.31658,0.08,0.18,3.52614,3.64991,0,0.660803,4.6872,4.08288e+06,2.79405e+06,1.43968e+07,0,443773,0,0,62.338,61.3098,4.05361,1,1,1.70833,1.76829,0,1.31987,1.90512,8.48506e+06,3.73462e+06,1.44953e+07,0,444011,0,0
68.1732,85.1408,2.08446,0.08,0.18,3.52612,3.64989,0,0.660799,4.6872,4.08288e+06,2.79405e+06,1.43967e+07,0,443771,0,0,62.338,61.3098,3.88502,1,1,1.70832,1.76828,0,1.31986,1.90512,8.48506e+06,3.73462e+06,1.44952e+07,0,444009,0,0
66.7917,85.1408,2.10304,0.08,0.18,3.5261,3.64987,0,0.660795,4.6872,4.08288e+06,2.79405e+06,1.43967e+07,0,443768,0,0,62.338,61.3098,4.21768,1,1,1.70831,1.76827,0,1.31985,1.90512,8.48506e+06,3.73462e+06,1.44951e+07,0,444006,0,0
66.1813,85.1408,2.86157,0.09,0.18,3.52608,3.64984,0,0.660792,4.6872,4.08288e+06,2.79405e+06,1.43966e+07,0,443766,0,0,62.338,61.3098,4.65587,1,1,1.7083,1.76826,0,1.31984,1.90512,8.48506e+06,3.73462e+06,1.4495e+07,0,444003,0,0
65.6054,85.1408,2.97699,0.08,0.18,3.53846,3.53846,0,0.660788,4.6872,4.08288e+06,2.79405e+06,1.44471e+07,0,430223,0,0,62.338,61.3098,3.80783,0,1,1.68317,1.68317,0,1.31983,1.90512,8.48506e+06,3.73462e+06,1.42818e+07,0,422638,0,0
65.4269,85.1408,3.39971,0.08,0.18,3.53844,3.53844,0,0.663108,4.6872,4.08288e+06,2.79405e+06,1.4447e+07,0,430221,0,0,62.338,61.3098,4.88262,0,1,1.68316,1.68316,0,1.30042,1.90512,8.48506e+06,3.73462e+06,1.42817e+07,0,422636,0,0
65.1122,85.1408,3.30924,0.08,0.18,3.53842,3.53842,0,0.663104,4.6872,4.08288e+06,2.79405e+06,1.4447e+07,0,430218,0,0,62.338,61.3098,4.76449,0,1,1.68315,1.68315,0,1.30041,1.90512,8.48506e+06,3.73462e+06,1.42817e+07,0,422633,0,0
64.8385,85.1408,3.48677,0.08,0.18,3.5384,3.5384,0,0.6631,4.6872,4.08288e+06,2.79405e+06,1.44469e+07,0,430216,0,0,62.2612,61.3098,5.59237,0,1,1.68315,1.68315,0,1.30041,1.90512,8.48506e+06,3.73462e+06,1.42816e+07,0,422631,0,0
63.1802,85.1408,1.73376,0.08,0.18,3.44698,3.44698,0,0.663096,4.6872,4.08288e+06,2.79405e+06,1.40736e+07,0,419100,0,0,62.3315,61.3098,2.03825,0,1,1.60569,1.60569,0,1.3004,1.90512,8.48506e+06,3.73462e+06,1.36244e+07,0,403183,0,0
62.2511,85.1408,2.56733,0.08,0.18,3.44696,3.44696,0,0.645963,4.6872,4.08288e+06,2.79405e+06,1.40735e+07,0,419098,0,0,62.338,61.3098,2.68319,0,1,1.60569,1.60569,0,1.24056,1.90512,8.48506e+06,3.73462e+06,1.36243e+07,0,403181,0,0
63.6153,85.1408,4.90358,0.08,0.18,3.44694,3.44694,0,0.64596,4.6872,4.08288e+06,2.79405e+06,1.40734e+07,0,419095,0,0,62.338,61.3098,3.77768,0,1,1.60568,1.60568,0,1.24055,1.90512,8.48506e+06,3.73462e+06,1.36243e+07,0,403179,0,0
64.6714,85.1408,4.72166,0.08,0.18,3.44692,3.44692,0,0.645956,4.6872,4.08288e+06,2.79405e+06,1.40734e+07,0,419093,0,0,62.338,61.3098,3.99991,0,1,1.60567,1.60567,0,1.24055,1.90512,8.48506e+06,3.73462e+06,1.36242e+07,0,403176,0,0
67.0285,85.1408,5.82669,0.08,0.18,3.18731,3.18731,0,0.645952,4.6872,4.08288e+06,2.79405e+06,1.30134e+07,0,387528,0,0,62.338,61.3098,5.12258,0,1,1.44437,1.44437,0,1.24054,1.90512,8.48506e+06,3.73462e+06,1.22556e+07,0,362676,0,0
69.7584,85.1408,6.26247,0.09,0.18,3.09731,3.18729,0,0.597301,4.6872,4.08288e+06,2.79405e+06,1.26459e+07,0,387526,0,0,62.338,61.3098,5.88116,0,1,1.53434,1.44437,0,1.11592,1.90512,8.48506e+06,3.73462e+06,1.3019e+07,0,362674,0,0
75.1944,85.1408,9.06664,0.06,0.18,3.09728,3.18727,0,0.580436,4.6872,4.08288e+06,2.79405e+06,1.26458e+07,0,387524,0,0,62.338,61.3098,7.18911,0,1,1.53434,1.44436,0,1.18543,1.90512,8.48506e+06,3.73462e+06,1.3019e+07,0,362672,0,0
77.265,85.1408,5.72044,0.06,0.18,3.09726,3.18725,0,0.580431,4.6872,4.08288e+06,2.79405e+06,1.26457e+07,0,387521,0,0,62.338,61.3098,6.34893,0,1,1.53434,1.44435,0,1.18543,1.90512,8.48506e+06,3.73462e+06,1.3019e+07,0,362670,0,0
78.5599,85.1408,4.99547,0.02,0.18,3.18723,3.18723,0,0.580426,4.6872,4.08288e+06,2.79405e+06,1.30131e+07,0,387519,0,0,62.338,61.3098,5.63666,0,1,1.44434,1.44434,0,1.18543,1.90512,8.48506e+06,3.73462e+06,1.22553e+07,0,362668,0,0
82.6236,85.1408,7.99352,0.02,0.18,3.28705,3.28705,0,0.597287,4.6872,4.08288e+06,2.79405e+06,1.34206e+07,0,399656,0,0,62.338,61.3098,8.23821,0,1,1.49103,1.49103,0,1.1159,1.90512,8.48506e+06,3.73462e+06,1.26515e+07,0,374392,0,0
85.1408,85.1408,8.01293,0.02,0.18,3.28701,3.28701,0,0.615994,4.6872,4.08288e+06,2.79405e+06,1.34205e+07,0,399651,0,0,62.338,61.3098,9.1661,0,1,1.49101,1.49101,0,1.15197,1.90512,8.48506e+06,3.73462e+06,1.26513e+07,0,374387,0,0
85.1408,85.1408,7.52916,0,0.18,3.28697,3.28697,0,0.615986,4.6872,4.08288e+06,2.79405e+06,1.34203e+07,0,399646,0,0,62.338,61.3098,9.20869,0,1,1.49099,1.49099,0,1.15196,1.90512,8.48506e+06,3.73462e+06,1.26512e+07,0,374382,0,0
85.1408,85.1408,10.2118,0,0.18,3.28693,3.28693,0,0.615978,4.6872,4.08288e+06,2.79405e+06,1.34201e+07,0,399641,0,0,62.338,61.3098,8.71992,0,1,1.49097,1.49097,0,1.15194,1.90512,8.48506e+06,3.73462e+06,1.2651e+07,0,374377,0,0
85.1408,85.1408,11.6025,0,0.18,3.60748,3.60748,0,0.615971,4.6872,4.08288e+06,2.79405e+06,1.47289e+07,0,438615,0,0,62.338,61.3098,7.73365,0,1,1.66626,1.66626,0,1.15193,1.90512,8.48506e+06,3.73462e+06,1.41383e+07,0,418391,0,0
85.1408,85.1408,14.0217,0,0.18,3.60744,3.60744,0,0.676042,4.6872,4.08288e+06,2.79405e+06,1.47287e+07,0,438610,0,0,62.338,61.3098,8.91648,0,1,1.66624,1.66624,0,1.28735,1.90512,8.48506e+06,3.73462e+06,1.41381e+07,0,418386,0,0
85.1408,85.1408,10.0641,0,0.18,3.60739,3.60739,0,0.676034,4.6872,4.08288e+06,2.79405e+06,1.47286e+07,0,438604,0,0,62.338,61.3098,11.3657,0,1,1.66622,1.66622,0,1.28734,1.90512,8.48506e+06,3.73462e+06,1.4138e+07,0,418381,0,0
85.1408,85.1408,12.0966,0,0.18,3.60735,3.60735,0,0.676026,4.6872,4.08288e+06,2.79405e+06,1.47284e+07,0,438599,0,0,62.338,61.3098,12.4916,0,1,1.6662,1.6662,0,1.28732,1.90512,8.48506e+06,3.73462e+06,1.41378e+07,0,418375,0,0
85.1408,85.1408,4.83999,0,0.18,3.15005,3.15005,0,0.676017,4.6872,4.08288e+06,2.79405e+06,1.28613e+07,0,382999,0,0,62.338,61.3098,5.91362,0,1,1.43093,1.43093,0,1.2873,1.90512,8.48506e+06,3.73462e+06,1.21415e+07,0,359300,0,0
85.0532,85.1408,3.70604,0,0.18,3.15002,3.15002,0,0.59032,4.6872,4.08288e+06,2.79405e+06,1.28611e+07,0,382994,0,0,62.338,61.3098,5.6466,0,1,1.43091,1.43091,0,1.10553,1.90512,8.48506e+06,3.73462e+06,1.21414e+07,0,359296,0,0
85.1408,85.1408,6.28426,0.02,0.18,3.14998,3.14998,0,0.590313,4.6872,4.08288e+06,2.79405e+06,1.2861e+07,0,382989,0,0,62.338,61.3098,8.03257,0,1,1.43089,1.43089,0,1.10552,1.90512,8.48506e+06,3.73462e+06,1.21412e+07,0,359291,0,0
85.1408,85.1408,5.49664,0,0.18,3.14994,3.14994,0,0.590305,4.6872,4.08288e+06,2.79405e+06,1.28608e+07,0,382984,0,0,62.338,61.3098,10.1914,0,1,1.43087,1.43087,0,1.10551,1.90512,8.48506e+06,3.73462e+06,1.2141e+07,0,359287,0,0
85.1408,85.1408,6.9136,0,0.18,3.1499,3.1499,0,0.590298,4.6872,4.08288e+06,2.79405e+06,1.28607e+07,0,382980,0,0,62.338,61.3098,9.05902,0,1,1.43086,1.43086,0,1.10549,1.90512,8.48506e+06,3.73462e+06,1.21409e+07,0,359282,0,0
85.1408,85.1408,8.14459,0,0.18,3.26495,3.26495,0,0.590291,4.6872,4.08288e+06,2.79405e+06,1.33304e+07,0,396968,0,0,62.338,61.3098,10.097,0,1,1.48839,1.48839,0,1.10548,1.90512,8.48506e+06,3.73462e+06,1.2629e+07,0,373727,0,0
85.1408,85.1408,5.76449,0,0.18,3.26491,3.26491,0,0.611851,4.6872,4.08288e+06,2.79405e+06,1.33302e+07,0,396963,0,0,62.338,61.3098,6.719,0,1,1.48837,1.48837,0,1.14993,1.90512,8.48506e+06,3.73462e+06,1.26289e+07,0,373723,0,0
85.1408,85.1408,5.94534,0,0.18,3.26486,3.26486,0,0.611843,4.6872,4.08288e+06,2.79405e+06,1.33301e+07,0,396958,0,0,62.338,61.3098,6.01248,0,1,1.48835,1.48835,0,1.14991,1.90512,8.48506e+06,3.73462e+06,1.26287e+07,0,373718,0,0
85.1408,85.1408,4.76921,0,0.18,3.26482,3.26482,0,0.611836,4.6872,4.08288e+06,2.79405e+06,1.33299e+07,0,396953,0,0,62.338,61.3098,6.12913,0,1,1.48833,1.48833,0,1.1499,1.90512,8.48506e+06,3.73462e+06,1.26286e+07,0,373713,0,0
85.1408,85.1408,4.03507,0,0.18,3.21979,3.21979,0,0.611828,4.6872,4.08288e+06,2.79405e+06,1.3146e+07,0,391477,0,0,62.338,61.3098,5.79048,0,1,1.46596,1.46596,0,1.14988,1.90512,8.48506e+06,3.73462e+06,1.24388e+07,0,368097,0,0
85.1408,85.1408,3.74841,0,0.18,3.21975,3.21975,0,0.603388,4.6872,4.08288e+06,2.79405e+06,1.31458e+07,0,391472,0,0,62.338,61.3098,5.25973,0,1,1.46594,1.46594,0,1.1326,1.90512,8.48506e+06,3.73462e+06,1.24386e+07,0,368092,0,0
84.9908,85.1408,3.42307,0,0.18,3.21971,3.21971,0,0.60338,4.6872,4.08288e+06,2.79405e+06,1.31457e+07,0,391467,0,0,62.338,61.3098,4.97629,0,1,1.46592,1.46592,0,1.13259,1.90512,8.48506e+06,3.73462e+06,1.24385e+07,0,368088,0,0
84.735,85.1408,3.26787,0.01,0.18,3.21967,3.21967,0,0.603373,4.6872,4.08288e+06,2.79405e+06,1.31455e+07,0,391462,0,0,62.338,61.3098,4.9858,0,1,1.46591,1.46591,0,1.13257,1.90512,8.48506e+06,3.73462e+06,1.24383e+07,0,368083,0,0
84.2106,85.1408,3.10516,0.01,0.18,3.37235,3.37235,0,0.603365,4.6872,4.08288e+06,2.79405e+06,1.37689e+07,0,410027,0,0,62.338,61.3098,4.23307,0,1,1.54514,1.54514,0,1.13256,1.90512,8.48506e+06,3.73462e+06,1.31106e+07,0,387979,0,0
83.6241,85.1408,3.02394,0.01,0.18,3.37231,3.37231,0,0.631979,4.6872,4.08288e+06,2.79405e+06,1.37687e+07,0,410022,0,0,62.338,61.3098,4.98211,0,1,1.54512,1.54512,0,1.19378,1.90512,8.48506e+06,3.73462e+06,1.31104e+07,0,387974,0,0
82.9308,85.1408,2.88664,0.01,0.18,3.37227,3.37227,0,0.631971,4.6872,4.08288e+06,2.79405e+06,1.37686e+07,0,410017,0,0,62.338,61.3098,4.42236,0,1,1.5451,1.5451,0,1.19376,1.90512,8.48506e+06,3.73462e+06,1.31103e+07,0,387969,0,0
82.0681,85.1408,2.69297,0.01,0.18,3.37223,3.37223,0,0.631963,4.6872,4.08288e+06,2.79405e+06,1.37684e+07,0,410012,0,0,62.338,61.3098,3.95099,0,1,1.54508,1.54508,0,1.19375,1.90512,8.48506e+06,3.73462e+06,1.31101e+07,0,387964,0,0
81.882,85.1408,3.32652,0.02,0.18,3.37219,3.37219,0,0.631955,4.6872,4.08288e+06,2.79405e+06,1.37682e+07,0,410007,0,0,62.338,61.3098,3.93681,0,1,1.54506,1.54506,0,1.19373,1.90512,8.48506e+06,3.73462e+06,1.311e+07,0,387959,0,0
82.1278,85.1408,3.74257,0.03,0.18,3.34194,3.34194,0,0.631948,4.6872,4.08288e+06,2.79405e+06,1.36447e+07,0,406329,0,0,62.338,61.3098,4.36989,0,1,1.5886,1.5886,0,1.19372,1.90512,8.48506e+06,3.73462e+06,1.34794e+07,0,398891,0,0
82.0035,85.1408,3.38985,0.04,0.18,3.3419,3.3419,0,0.62628,4.6872,4.08288e+06,2.79405e+06,1.36446e+07,0,406324,0,0,62.338,61.3098,3.93147,0,1,1.58858,1.58858,0,1.22735,1.90512,8.48506e+06,3.73462e+06,1.34792e+07,0,398886,0,0
81.6506,85.1408,3.12736,0.04,0.18,3.34186,3.34186,0,0.626272,4.6872,4.08288e+06,2.79405e+06,1.36444e+07,0,406319,0,0,62.338,61.3098,3.95863,0,1,1.58856,1.58856,0,1.22734,1.90512,8.48506e+06,3.73462e+06,1.3479e+07,0,398881,0,0
81.2964,85.1408,3.10408,0.04,0.18,3.34182,3.34182,0,0.626264,4.6872,4.08288e+06,2.79405e+06,1.36442e+07,0,406314,0,0,62.338,61.3098,3.84651,0,1,1.58854,1.58854,0,1.22732,1.90512,8.48506e+06,3.73462e+06,1.34789e+07,0,398876,0,0
80.8045,85.1408,3.04215,0.05,0.18,3.41976,3.41976,0,0.626256,4.6872,4.08288e+06,2.79405e+06,1.39625e+07,0,415791,0,0,62.338,61.3098,3.58438,0,1,1.62734,1.62734,0,1.22731,1.90512,8.48506e+06,3.73462e+06,1.38081e+07,0,408618,0,0
80.137,85.1408,2.81838,0.05,0.18,3.41972,3.41972,0,0.640864,4.6872,4.08288e+06,2.79405e+06,1.39623e+07,0,415786,0,0,62.338,61.3098,3.46717,0,1,1.62732,1.62732,0,1.25728,1.90512,8.48506e+06,3.73462e+06,1.38079e+07,0,408613,0,0
79.2384,85.1408,2.56621,0.05,0.18,3.41968,3.41968,0,0.640856,4.6872,4.08288e+06,2.79405e+06,1.39621e+07,0,415781,0,0,62.3172,61.3098,3.02828,0,1,1.6273,1.6273,0,1.25727,1.90512,8.48506e+06,3.73462e+06,1.38077e+07,0,408608,0,0
78.7763,85.1408,2.99158,0.04,0.18,3.41964,3.41964,0,0.640848,4.6872,4.08288e+06,2.79405e+06,1.3962e+07,0,415776,0,0,62.338,61.3098,4.21471,0,1,1.62728,1.62728,0,1.25725,1.90512,8.48506e+06,3.73462e+06,1.38075e+07,0,408602,0,0
78.201,85.1408,2.96735,0.05,0.18,3.52427,3.64797,0,0.64084,4.6872,4.08288e+06,2.79405e+06,1.43892e+07,0,443538,0,0,62.286,61.3098,3.52955,1,1,1.70743,1.76736,0,1.25723,1.90512,8.48506e+06,3.73462e+06,1.44876e+07,0,443776,0,0
77.9273,85.1408,3.31589,0.05,0.18,3.52423,3.64793,0,0.660449,4.6872,4.08288e+06,2.79405e+06,1.4389e+07,0,443533,0,0,62.338,61.3098,4.32111,1,1,1.70741,1.76733,0,1.31916,1.90512,8.48506e+06,3.73462e+06,1.44874e+07,0,443770,0,0
77.1071,85.1408,2.74868,0.06,0.18,3.52419,3.64788,0,0.660441,4.6872,4.08288e+06,2.79405e+06,1.43888e+07,0,443527,0,0,62.1754,61.3098,3.00236,1,1,1.70738,1.76731,0,1.31914,1.90512,8.48506e+06,3.73462e+06,1.44873e+07,0,443765,0,0
76.9203,85.1408,3.37025,0.05,0.18,3.52414,3.64784,0,0.660432,4.6872,4.08288e+06,2.79405e+06,1.43886e+07,0,443522,0,0,62.338,61.3098,5.73872,1,1,1.70736,1.76729,0,1.31913,1.90512,8.48506e+06,3.73462e+06,1.44871e+07,0,443759,0,0
75.5437,85.1408,2.17133,0.05,0.18,3.5241,3.64779,0,0.660424,4.6872,4.08288e+06,2.79405e+06,1.43885e+07,0,443516,0,0,62.1838,61.3098,3.08047,1,1,1.70734,1.76727,0,1.31911,1.90512,8.48506e+06,3.73462e+06,1.44869e+07,0,443754,0,0
74.4526,85.1408,2.44196,0.08,0.18,3.53645,3.53645,0,0.660416,4.6872,4.08288e+06,2.79405e+06,1.44389e+07,0,429978,0,0,62.0429,61.3098,3.28181,0,1,1.68222,1.68222,0,1.31909,1.90512,8.48506e+06,3.73462e+06,1.42737e+07,0,422397,0,0
72.5313,85.1408,1.67165,0.08,0.18,3.5364,3.5364,0,0.66273,4.6872,4.08288e+06,2.79405e+06,1.44387e+07,0,429973,0,0,61.659,61.3098,2.5574,0,1,1.68219,1.68219,0,1.29968,1.90512,8.48506e+06,3.73462e+06,1.42735e+07,0,422392,0,0
70.3633,85.1408,1.32217,0.08,0.18,3.53636,3.53636,0,0.662722,4.6872,4.08288e+06,2.79405e+06,1.44385e+07,0,429968,0,0,61.2258,61.3098,1.89228,0,1,1.68217,1.68217,0,1.29966,1.90512,8.48506e+06,3.73462e+06,1.42733e+07,0,422387,0,0
69.9079,85.1408,3.12052,0.07,0.18,3.53631,3.53631,0,0.662714,4.6872,4.08288e+06,2.79405e+06,1.44384e+07,0,429962,0,0,61.0986,61.3098,3.90778,0,1,1.68215,1.68215,0,1.29965,1.90512,8.48506e+06,3.73462e+06,1.42732e+07,0,422381,0,0
68.5036,85.1408,2.14708,0.07,0.18,3.44492,3.44492,0,0.662705,4.6872,4.08288e+06,2.79405e+06,1.40652e+07,0,418850,0,0,61.0444,61.3098,3.17355,0,1,1.60474,1.60474,0,1.29963,1.90512,8.48506e+06,3.73462e+06,1.36163e+07,0,402943,0,0
66.7167,85.1408,1.7256,0.07,0.18,3.44488,3.44488,0,0.645578,4.6872,4.08288e+06,2.79405e+06,1.4065e+07,0,418845,0,0,60.7473,61.3098,1.81595,0,1,1.60472,1.60472,0,1.23982,1.90512,8.48506e+06,3.73462e+06,1.36161e+07,0,402938,0,0
66.8298,85.1408,3.66395,0.08,0.18,3.44483,3.44483,0,0.64557,4.6872,4.08288e+06,2.79405e+06,1.40648e+07,0,418840,0,0,61.0189,61.3098,3.98712,0,1,1.6047,1.6047,0,1.2398,1.90512,8.48506e+06,3.73462e+06,1.36159e+07,0,402933,0,0
70.5763,85.1408,7.47933,0.08,0.18,3.44479,3.44479,0,0.645562,4.6872,4.08288e+06,2.79405e+06,1.40647e+07,0,418834,0,0,62.3102,61.3098,8.43685,0,1,1.60468,1.60468,0,1.23979,1.90512,8.48506e+06,3.73462e+06,1.36158e+07,0,402928,0,0
73.4889,85.1408,6.46514,0.07,0.18,3.18532,3.18532,0,0.645554,4.6872,4.08288e+06,2.79405e+06,1.30053e+07,0,387286,0,0,62.338,61.3098,5.22167,0,1,1.44347,1.44347,0,1.23977,1.90512,8.48506e+06,3.73462e+06,1.2248e+07,0,362450,0,0
75.602,85.1408,5.6482,0.07,0.18,3.0944,3.18528,0,0.596929,4.6872,4.08288e+06,2.79405e+06,1.26341e+07,0,387282,0,0,62.338,61.3098,6.26277,0,1,1.53433,1.44346,0,1.11523,1.90512,8.48506e+06,3.73462e+06,1.30189e+07,0,362446,0,0
77.8368,85.1408,5.7679,0.06,0.18,3.09434,3.18524,0,0.579891,4.6872,4.08288e+06,2.79405e+06,1.26338e+07,0,387277,0,0,62.338,61.3098,9.6367,0,1,1.53433,1.44344,0,1.18543,1.90512,8.48506e+06,3.73462e+06,1.30189e+07,0,362441,0,0
80.4285,85.1408,6.21642,0.02,0.18,3.1852,3.1852,0,0.57988,4.6872,4.08288e+06,2.79405e+06,1.30048e+07,0,387272,0,0,61.3098,61.3098,7.53513,0,1,1.44342,1.44342,0,1.18543,1.90512,8.48506e+06,3.73462e+06,1.22475e+07,0,362437,0,0
76.8818,85.1408,1.82804e-322,0.02,0.18,3.18516,3.18516,0,0.596906,4.6872,4.08288e+06,2.79405e+06,1.30046e+07,0,387267,0,0,59.454,61.3098,3.65609e-322,0,1,1.4434,1.4434,0,1.11519,1.90512,8.48506e+06,3.73462e+06,1.22473e+07,0,362432,0,0
