0cont_fund,0ins_pout,0ins_price,0infra_npv,0debt_serv,0gross_rev,0cont_contrib,0drought_cost,0water_price
0,0,0,0,0.000499492,2.20198e+07,0,0,1.24437e+07
0,0,0,0,0,2.20284e+07,0,0,1.24437e+07
0,0,0,0,0,2.2037e+07,0,0,1.24437e+07
0,0,0,0,0,2.20456e+07,0,0,1.24437e+07
0,0,0,0,0,2.44469e+07,0,0,1.24437e+07
0,0,0,0,0,2.44564e+07,0,0,1.24437e+07
0,0,0,0,0,2.4466e+07,0,0,1.24437e+07
0,0,0,0,0,2.44755e+07,0,0,1.24437e+07
0,0,0,0,0,2.11866e+07,0,0,1.24437e+07
0,0,0,0,0,2.11949e+07,0,0,1.24437e+07
0,0,0,0,0,2.12031e+07,0,0,1.24437e+07
0,0,0,0,0,2.12114e+07,0,0,1.24437e+07
0,0,0,0,0,2.12197e+07,0,0,1.24437e+07
0,0,0,0,0,2.20463e+07,0,0,1.24437e+07
0,0,0,0,0,2.20549e+07,0,0,1.24437e+07
0,0,0,0,0,2.20635e+07,0,0,1.24437e+07
0,0,0,0,0,2.20721e+07,0,0,1.24437e+07
0,0,0,0,0,2.17614e+07,0,0,1.24437e+07
0,0,0,0,0,2.17699e+07,0,0,1.24437e+07
0,0,0,0,0,2.17784e+07,0,0,1.24437e+07
0,0,0,0,0,2.17868e+07,0,0,1.24437e+07
0,0,0,0,0,2.29083e+07,0,0,1.24437e+07
0,0,0,0,0,2.29172e+07,0,0,1.24437e+07
0,0,0,0,0,2.29261e+07,0,0,1.24437e+07
0,0,0,0,0,2.2935e+07,0,0,1.24437e+07
0,0,0,0,0,2.2944e+07,0,0,1.24437e+07
0,0,0,0,0,2.32155e+07,0,0,1.24437e+07
0,0,0,0,0,2.32245e+07,0,0,1.24437e+07
0,0,0,0,0,2.32335e+07,0,0,1.24437e+07
0,0,0,0,0,2.32426e+07,0,0,1.24437e+07
0,0,0,0,0,2.38085e+07,0,0,1.24437e+07
0,0,0,0,0,2.38177e+07,0,0,1.24437e+07
0,0,0,0,0,2.3827e+07,0,0,1.24437e+07
0,0,0,0,0,2.44051e+07,-365605,365605,1.24437e+07
0,0,0,0,0,2.62613e+07,-363881,363881,1.24437e+07
0,0,0,0,0,2.57051e+07,0,0,1.24437e+07
0,0,0,0,0,2.57151e+07,0,0,1.24437e+07
0,0,0,0,0,2.57251e+07,0,0,1.24437e+07
0,0,0,0,0,2.57351e+07,0,0,1.24437e+07
0,0,0,0,0,2.47045e+07,0,0,1.24437e+07
0,0,0,0,0,2.50299e+07,-202978,202978,1.24437e+07
0,0,0,0,0,2.50367e+07,-201193,201193,1.24437e+07
0,0,0,0,0,2.50435e+07,-199408,199408,1.24437e+07
0,0,0,0,0,2.41324e+07,-197622,197622,1.24437e+07
0,0,0,0,0,2.44686e+07,-407791,407791,1.24437e+07
0,0,0,0,0,2.44752e+07,-406087,406087,1.24437e+07
0,0,0,0,0,2.44818e+07,-404381,404381,1.24437e+07
0,0,0,0,0,2.23596e+07,-402676,402676,1.24437e+07
0,0,0,0,0,2.30532e+07,-843098,843098,1.24437e+07
0,0,0,0,0,2.30593e+07,-841563,841563,1.24437e+07
0,0,0,0,0,2.30653e+07,-840027,840027,1.24437e+07
0,0,0,0,0,2.30713e+07,-838491,838491,1.24437e+07
0,0,0,7.17721e+07,0.000499492,2.37713e+07,-836955,836955,1.24437e+07
0,0,0,7.17721e+07,0,2.35779e+07,-707176,707176,1.24437e+07
0,0,0,7.17721e+07,0,2.35839e+07,-705638,705638,1.24437e+07
0,0,0,7.17721e+07,0,2.359e+07,-704100,704100,1.24437e+07
0,0,0,7.17721e+07,0,2.60374e+07,-702562,702562,1.24437e+07
0,0,0,7.17721e+07,0,2.52941e+07,-218766,218766,1.24437e+07
0,0,0,7.17721e+07,0,2.53007e+07,-217046,217046,1.24437e+07
0,0,0,7.17721e+07,0,2.53074e+07,-215325,215325,1.24437e+07
0,0,0,7.17721e+07,0,2.19488e+07,-213604,213604,1.24437e+07
0,0,0,7.17721e+07,0,2.16246e+07,0,0,1.24437e+07
0,0,0,7.17721e+07,0,2.16327e+07,0,0,1.24437e+07
0,0,0,7.17721e+07,0,2.16408e+07,0,0,1.24437e+07
0,0,0,7.17721e+07,0,2.16489e+07,0,0,1.24437e+07
0,0,0,7.17721e+07,0,2.24919e+07,0,0,1.24437e+07
0,0,0,7.17721e+07,0,2.25004e+07,0,0,1.24437e+07
0,0,0,7.17721e+07,0,2.25088e+07,0,0,1.24437e+07
0,0,0,7.17721e+07,0,2.25172e+07,0,0,1.24437e+07
0,0,0,7.17721e+07,0,2.22e+07,0,0,1.24437e+07
0,0,0,7.17721e+07,0,2.22083e+07,0,0,1.24437e+07
0,0,0,7.17721e+07,0,2.22166e+07,0,0,1.24437e+07
0,0,0,7.17721e+07,0,2.2225e+07,0,0,1.24437e+07
0,0,0,7.17721e+07,0,2.33686e+07,0,0,1.24437e+07
0,0,0,7.17721e+07,0,2.33774e+07,0,0,1.24437e+07
0,0,0,7.17721e+07,0,2.33861e+07,0,0,1.24437e+07
0,0,0,7.17721e+07,0,2.33949e+07,0,0,1.24437e+07
0,0,0,7.17721e+07,0,2.34037e+07,0,0,1.24437e+07
0,0,0,7.17721e+07,0,2.36803e+07,0,0,1.24437e+07
0,0,0,7.17721e+07,0,2.36891e+07,0,0,1.24437e+07
0,0,0,7.17721e+07,0,2.3698e+07,0,0,1.24437e+07
0,0,0,7.17721e+07,0,2.37068e+07,0,0,1.24437e+07
0,0,0,7.17721e+07,0,2.42837e+07,0,0,1.24437e+07
0,0,0,7.17721e+07,0,2.42928e+07,0,0,1.24437e+07
0,0,0,7.17721e+07,0,2.43019e+07,0,0,1.24437e+07
0,0,0,7.17721e+07,0,2.4311e+07,0,0,1.24437e+07
0,0,0,7.17721e+07,0,2.62065e+07,0,0,1.24437e+07
0,0,0,7.17721e+07,0,2.62163e+07,0,0,1.24437e+07
0,0,0,7.17721e+07,0,2.62261e+07,0,0,1.24437e+07
0,0,0,7.17721e+07,0,2.62359e+07,0,0,1.24437e+07
0,0,0,7.17721e+07,0,2.62457e+07,0,0,1.24437e+07
0,0,0,7.17721e+07,0,2.51943e+07,0,0,1.24437e+07
0,0,0,7.17721e+07,0,2.53777e+07,-111780,111780,1.24437e+07
0,0,0,7.17721e+07,0,2.53843e+07,-110027,110027,1.24437e+07
0,0,0,7.17721e+07,0,2.5391e+07,-108274,108274,1.24437e+07
0,0,0,7.17721e+07,0,2.44617e+07,-106521,106521,1.24437e+07
0,0,0,7.17721e+07,0,2.48043e+07,-320914,320914,1.24437e+07
0,0,0,7.17721e+07,0,2.48108e+07,-319240,319240,1.24437e+07
0,0,0,7.17721e+07,0,2.48172e+07,-317566,317566,1.24437e+07
0,0,0,7.17721e+07,0,2.26529e+07,-315892,315892,1.24437e+07
0,0,0,7.17721e+07,0,2.336e+07,-765059,765059,1.24437e+07
0,0,0,7.17721e+07,0,2.2178e+07,0,0,1.24437e+07
0,0,0,7.17721e+07,0,2.21862e+07,0,0,1.24437e+07
0,0,0,7.17721e+07,0,2.21945e+07,0,0,1.24437e+07
0,0,0,3.4995e+08,0.000499492,2.29104e+07,0,0,1.24437e+07
0,0,0,3.4995e+08,0,2.29186e+07,0,0,1.24437e+07
0,0,0,3.4995e+08,0,2.29269e+07,0,0,1.24437e+07
0,0,0,3.4995e+08,0,2.29352e+07,0,0,1.24437e+07
0,0,0,3.4995e+08,0,2.54326e+07,0,0,1.24437e+07
0,0,0,3.4995e+08,0,2.54418e+07,0,0,1.24437e+07
0,0,0,3.4995e+08,0,2.5451e+07,0,0,1.24437e+07
0,0,0,3.4995e+08,0,2.54601e+07,0,0,1.24437e+07
0,0,0,3.4995e+08,0,2.20383e+07,0,0,1.24437e+07
0,0,0,3.4995e+08,0,2.20463e+07,0,0,1.24437e+07
0,0,0,3.4995e+08,0,2.20542e+07,0,0,1.24437e+07
0,0,0,3.4995e+08,0,2.20621e+07,0,0,1.24437e+07
0,0,0,3.4995e+08,0,2.20701e+07,0,0,1.24437e+07
0,0,0,3.4995e+08,0,2.29292e+07,0,0,1.24437e+07
0,0,0,3.4995e+08,0,2.29374e+07,0,0,1.24437e+07
0,0,0,3.4995e+08,0,2.29457e+07,0,0,1.24437e+07
0,0,0,3.4995e+08,0,2.2954e+07,0,0,1.24437e+07
0,0,0,3.4995e+08,0,2.26302e+07,0,0,1.24437e+07
0,0,0,3.4995e+08,0,2.26384e+07,0,0,1.24437e+07
0,0,0,3.4995e+08,0,2.26465e+07,0,0,1.24437e+07
0,0,0,3.4995e+08,0,2.26547e+07,0,0,1.24437e+07
0,0,0,3.4995e+08,0,2.38201e+07,0,0,1.24437e+07
0,0,0,3.4995e+08,0,2.38287e+07,0,0,1.24437e+07
0,0,0,3.4995e+08,0,2.38373e+07,0,0,1.24437e+07
0,0,0,3.4995e+08,0,2.38458e+07,0,0,1.24437e+07
0,0,0,3.4995e+08,0,2.38544e+07,0,0,1.24437e+07
0,0,0,3.4995e+08,0,2.4136e+07,0,0,1.24437e+07
0,0,0,3.4995e+08,0,2.41447e+07,0,0,1.24437e+07
0,0,0,3.4995e+08,0,2.41533e+07,0,0,1.24437e+07
0,0,0,3.4995e+08,0,2.4162e+07,0,0,1.24437e+07
0,0,0,3.4995e+08,0,2.47496e+07,0,0,1.24437e+07
0,0,0,3.4995e+08,0,2.47585e+07,0,0,1.24437e+07
0,0,0,3.4995e+08,0,2.47674e+07,0,0,1.24437e+07
0,0,0,3.4995e+08,0,2.47763e+07,0,0,1.24437e+07
0,0,0,3.4995e+08,0,2.67078e+07,0,0,1.24437e+07
0,0,0,3.4995e+08,0,2.67173e+07,0,0,1.24437e+07
0,0,0,3.4995e+08,0,2.67269e+07,0,0,1.24437e+07
0,0,0,3.4995e+08,0,2.67365e+07,0,0,1.24437e+07
0,0,0,3.4995e+08,0,2.67461e+07,0,0,1.24437e+07
0,0,0,3.4995e+08,0,2.56743e+07,0,0,1.24437e+07
0,0,0,3.4995e+08,0,2.56835e+07,0,0,1.24437e+07
0,0,0,3.4995e+08,0,2.56927e+07,0,0,1.24437e+07
0,0,0,3.4995e+08,0,2.5702e+07,0,0,1.24437e+07
0,0,0,3.4995e+08,0,2.47573e+07,0,0,1.24437e+07
0,0,0,3.4995e+08,0,2.47662e+07,0,0,1.24437e+07
0,0,0,3.4995e+08,0,2.47751e+07,0,0,1.24437e+07
0,0,0,3.4995e+08,0,2.4784e+07,0,0,1.24437e+07
0,0,0,3.4995e+08,0,2.2581e+07,0,0,1.24437e+07
0,0,0,3.4995e+08,0,2.25891e+07,0,0,1.24437e+07
0,0,0,3.4995e+08,0,2.25972e+07,0,0,1.24437e+07
0,0,0,3.4995e+08,0,2.26053e+07,0,0,1.24437e+07
0,0,0,3.4995e+08,0,2.26134e+07,0,0,1.24437e+07
0,0,0,3.4995e+08,0.000499492,2.33424e+07,0,0,1.24437e+07
0,0,0,3.4995e+08,0,2.33505e+07,0,0,1.24437e+07
0,0,0,3.4995e+08,0,2.33586e+07,0,0,1.24437e+07
0,0,0,3.4995e+08,0,2.33666e+07,0,0,1.24437e+07
0,0,0,3.4995e+08,0,2.59107e+07,0,0,1.24437e+07
0,0,0,3.4995e+08,0,2.59197e+07,0,0,1.24437e+07
0,0,0,3.4995e+08,0,2.59286e+07,0,0,1.24437e+07
0,0,0,3.4995e+08,0,2.59376e+07,0,0,1.24437e+07
0,0,0,3.4995e+08,0,2.24513e+07,0,0,1.24437e+07
0,0,0,3.4995e+08,0,2.2459e+07,0,0,1.24437e+07
0,0,0,3.4995e+08,0,2.24668e+07,0,0,1.24437e+07
0,0,0,3.4995e+08,0,2.24746e+07,0,0,1.24437e+07
0,0,0,3.4995e+08,0,2.24823e+07,0,0,1.24437e+07
0,0,0,3.4995e+08,0,2.33571e+07,0,0,1.24437e+07
0,0,0,3.4995e+08,0,2.33652e+07,0,0,1.24437e+07
0,0,0,3.4995e+08,0,2.33733e+07,0,0,1.24437e+07
0,0,0,3.4995e+08,0,2.33813e+07,0,0,1.24437e+07
0,0,0,3.4995e+08,0,2.30512e+07,0,0,1.24437e+07
0,0,0,3.4995e+08,0,2.30592e+07,0,0,1.24437e+07
0,0,0,3.4995e+08,0,2.30672e+07,0,0,1.24437e+07
0,0,0,3.4995e+08,0,2.30751e+07,0,0,1.24437e+07
0,0,0,3.4995e+08,0,2.42619e+07,0,0,1.24437e+07
0,0,0,3.4995e+08,0,2.42702e+07,0,0,1.24437e+07
0,0,0,3.4995e+08,0,2.42786e+07,0,0,1.24437e+07
0,0,0,3.4995e+08,0,2.4287e+07,0,0,1.24437e+07
0,0,0,3.4995e+08,0,2.42954e+07,0,0,1.24437e+07
0,0,0,3.4995e+08,0,2.45818e+07,0,0,1.24437e+07
0,0,0,3.4995e+08,0,2.45903e+07,0,0,1.24437e+07
0,0,0,3.4995e+08,0,2.45987e+07,0,0,1.24437e+07
0,0,0,3.4995e+08,0,2.46072e+07,0,0,1.24437e+07
0,0,0,3.4995e+08,0,2.52053e+07,0,0,1.24437e+07
0,0,0,3.4995e+08,0,2.5214e+07,0,0,1.24437e+07
0,0,0,3.4995e+08,0,2.52227e+07,0,0,1.24437e+07
0,0,0,3.4995e+08,0,2.52314e+07,0,0,1.24437e+07
0,0,0,3.4995e+08,0,2.71979e+07,0,0,1.24437e+07
0,0,0,3.4995e+08,0,2.72073e+07,0,0,1.24437e+07
0,0,0,3.4995e+08,0,2.72167e+07,0,0,1.24437e+07
0,0,0,3.4995e+08,0,2.7226e+07,0,0,1.24437e+07
0,0,0,3.4995e+08,0,2.72354e+07,0,0,1.24437e+07
0,0,0,3.4995e+08,0,2.61436e+07,0,0,1.24437e+07
0,0,0,3.4995e+08,0,2.61526e+07,0,0,1.24437e+07
0,0,0,3.4995e+08,0,2.61616e+07,0,0,1.24437e+07
0,0,0,3.4995e+08,0,2.61706e+07,0,0,1.24437e+07
0,0,0,3.4995e+08,0,2.52084e+07,0,0,1.24437e+07
0,0,0,3.4995e+08,0,2.54545e+07,-152597,152597,1.24437e+07
0,0,0,3.4995e+08,0,2.54607e+07,-150996,150996,1.24437e+07
0,0,0,3.4995e+08,0,2.54669e+07,-149395,149395,1.24437e+07
0,0,0,3.4995e+08,0,2.3221e+07,-147793,147793,1.24437e+07
0,0,0,3.4995e+08,0,2.39541e+07,-613910,613910,1.24437e+07
0,0,0,3.4995e+08,0,2.39598e+07,-612469,612469,1.24437e+07
0,0,0,3.4995e+08,0,2.39655e+07,-611027,611027,1.24437e+07
0,0,0,3.4995e+08,0,2.39711e+07,-609585,609585,1.24437e+07
0,0,0,3.4995e+08,0.000499492,2.47108e+07,-608142,608142,1.24437e+07
0,0,0,3.4995e+08,0,2.37725e+07,0,0,1.24437e+07
0,0,0,3.4995e+08,0,2.37804e+07,0,0,1.24437e+07
0,0,0,3.4995e+08,0,2.37883e+07,0,0,1.24437e+07
0,0,0,3.4995e+08,0,2.63778e+07,0,0,1.24437e+07
0,0,0,3.4995e+08,0,2.63866e+07,0,0,1.24437e+07
0,0,0,3.4995e+08,0,2.63953e+07,0,0,1.24437e+07
0,0,0,3.4995e+08,0,2.64041e+07,0,0,1.24437e+07
0,0,0,3.4995e+08,0,2.28547e+07,0,0,1.24437e+07
0,0,0,3.4995e+08,0,2.28623e+07,0,0,1.24437e+07
0,0,0,3.4995e+08,0,2.28699e+07,0,0,1.24437e+07
0,0,0,3.4995e+08,0,2.28774e+07,0,0,1.24437e+07
0,0,0,3.4995e+08,0,2.2885e+07,0,0,1.24437e+07
0,0,0,3.4995e+08,0,2.37751e+07,0,0,1.24437e+07
0,0,0,3.4995e+08,0,2.3783e+07,0,0,1.24437e+07
0,0,0,3.4995e+08,0,2.37909e+07,0,0,1.24437e+07
0,0,0,3.4995e+08,0,2.37988e+07,0,0,1.24437e+07
0,0,0,3.4995e+08,0,2.34624e+07,0,0,1.24437e+07
0,0,0,3.4995e+08,0,2.34702e+07,0,0,1.24437e+07
0,0,0,3.4995e+08,0,2.3478e+07,0,0,1.24437e+07
0,0,0,3.4995e+08,0,2.34857e+07,0,0,1.24437e+07
0,0,0,3.4995e+08,0,2.46932e+07,0,0,1.24437e+07
0,0,0,3.4995e+08,0,2.47014e+07,0,0,1.24437e+07
0,0,0,3.4995e+08,0,2.47096e+07,0,0,1.24437e+07
0,0,0,3.4995e+08,0,2.47177e+07,0,0,1.24437e+07
0,0,0,3.4995e+08,0,2.47259e+07,0,0,1.24437e+07
0,0,0,3.4995e+08,0,2.50171e+07,0,0,1.24437e+07
0,0,0,3.4995e+08,0,2.50253e+07,0,0,1.24437e+07
0,0,0,3.4995e+08,0,2.50336e+07,0,0,1.24437e+07
0,0,0,3.4995e+08,0,2.50419e+07,0,0,1.24437e+07
0,0,0,3.4995e+08,0,2.56501e+07,0,0,1.24437e+07
0,0,0,3.4995e+08,0,2.56586e+07,0,0,1.24437e+07
0,0,0,3.4995e+08,0,2.56671e+07,0,0,1.24437e+07
0,0,0,3.4995e+08,0,2.56756e+07,0,0,1.24437e+07
0,0,0,3.4995e+08,0,2.76763e+07,0,0,1.24437e+07
0,0,0,3.4995e+08,0,2.76855e+07,0,0,1.24437e+07
0,0,0,3.4995e+08,0,2.76946e+07,0,0,1.24437e+07
0,0,0,3.4995e+08,0,2.77038e+07,0,0,1.24437e+07
0,0,0,3.4995e+08,0,2.77129e+07,0,0,1.24437e+07
0,0,0,3.4995e+08,0,2.66016e+07,0,0,1.24437e+07
0,0,0,3.4995e+08,0,2.66104e+07,0,0,1.24437e+07
0,0,0,3.4995e+08,0,2.66192e+07,0,0,1.24437e+07
0,0,0,3.4995e+08,0,2.66279e+07,0,0,1.24437e+07
0,0,0,3.4995e+08,0,2.56486e+07,0,0,1.24437e+07
0,0,0,3.4995e+08,0,2.57681e+07,-71404.8,71404.8,1.24437e+07
0,0,0,3.4995e+08,0,2.57742e+07,-69843.2,69843.2,1.24437e+07
0,0,0,3.4995e+08,0,2.57802e+07,-68280.9,68280.9,1.24437e+07
0,0,0,3.4995e+08,0,2.3495e+07,-66718.6,66718.6,1.24437e+07
0,0,0,3.4995e+08,0,2.42406e+07,-541015,541015,1.24437e+07
0,0,0,3.4995e+08,0,2.34066e+07,0,0,1.24437e+07
0,0,0,3.4995e+08,0,2.34143e+07,0,0,1.24437e+07
0,0,0,3.4995e+08,0,2.34221e+07,0,0,1.24437e+07
0,0,0,3.4995e+08,0,2.41765e+07,0,0,1.24437e+07
0,0,0,3.4995e+08,0.000499492,2.41841e+07,0,0,1.24437e+07
0,0,0,3.4995e+08,0,2.41918e+07,0,0,1.24437e+07
0,0,0,3.4995e+08,0,2.41995e+07,0,0,1.24437e+07
0,0,0,3.4995e+08,0,2.68335e+07,0,0,1.24437e+07
0,0,0,3.4995e+08,0,2.6842e+07,0,0,1.24437e+07
0,0,0,3.4995e+08,0,2.68505e+07,0,0,1.24437e+07
0,0,0,3.4995e+08,0,2.6859e+07,0,0,1.24437e+07
0,0,0,3.4995e+08,0,2.32482e+07,0,0,1.24437e+07
0,0,0,3.4995e+08,0,2.32556e+07,0,0,1.24437e+07
0,0,0,3.4995e+08,0,2.3263e+07,0,0,1.24437e+07
0,0,0,3.4995e+08,0,2.32704e+07,0,0,1.24437e+07
0,0,0,3.4995e+08,0,2.32777e+07,0,0,1.24437e+07
0,0,0,3.4995e+08,0,2.41828e+07,0,0,1.24437e+07
0,0,0,3.4995e+08,0,2.41905e+07,0,0,1.24437e+07
0,0,0,3.4995e+08,0,2.41981e+07,0,0,1.24437e+07
0,0,0,3.4995e+08,0,2.42058e+07,0,0,1.24437e+07
0,0,0,3.4995e+08,0,2.38634e+07,0,0,1.24437e+07
0,0,0,3.4995e+08,0,2.3871e+07,0,0,1.24437e+07
0,0,0,3.4995e+08,0,2.38785e+07,0,0,1.24437e+07
0,0,0,3.4995e+08,0,2.38861e+07,0,0,1.24437e+07
0,0,0,3.4995e+08,0,2.51138e+07,0,0,1.24437e+07
0,0,0,3.4995e+08,0,2.51218e+07,0,0,1.24437e+07
0,0,0,3.4995e+08,0,2.51297e+07,0,0,1.24437e+07
0,0,0,3.4995e+08,0,2.51377e+07,0,0,1.24437e+07
0,0,0,3.4995e+08,0,2.51457e+07,0,0,1.24437e+07
0,0,0,3.4995e+08,0,2.54414e+07,0,0,1.24437e+07
0,0,0,3.4995e+08,0,2.54495e+07,0,0,1.24437e+07
0,0,0,3.4995e+08,0,2.54575e+07,0,0,1.24437e+07
0,0,0,3.4995e+08,0,2.54656e+07,0,0,1.24437e+07
0,0,0,3.4995e+08,0,2.60838e+07,0,0,1.24437e+07
0,0,0,3.4995e+08,0,2.6092e+07,0,0,1.24437e+07
0,0,0,3.4995e+08,0,2.61003e+07,0,0,1.24437e+07
0,0,0,3.4995e+08,0,2.61085e+07,0,0,1.24437e+07
0,0,0,3.4995e+08,0,2.81427e+07,0,0,1.24437e+07
0,0,0,3.4995e+08,0,2.81516e+07,0,0,1.24437e+07
0,0,0,3.4995e+08,0,2.81605e+07,0,0,1.24437e+07
0,0,0,3.4995e+08,0,2.81694e+07,0,0,1.24437e+07
0,0,0,3.4995e+08,0,2.81783e+07,0,0,1.24437e+07
0,0,0,3.4995e+08,0,2.70479e+07,0,0,1.24437e+07
0,0,0,3.4995e+08,0,2.70565e+07,0,0,1.24437e+07
0,0,0,3.4995e+08,0,2.7065e+07,0,0,1.24437e+07
0,0,0,3.4995e+08,0,2.70736e+07,0,0,1.24437e+07
0,0,0,3.4995e+08,0,2.60775e+07,0,0,1.24437e+07
0,0,0,3.4995e+08,0,2.60857e+07,0,0,1.24437e+07
0,0,0,3.4995e+08,0,2.6094e+07,0,0,1.24437e+07
0,0,0,3.4995e+08,0,2.61022e+07,0,0,1.24437e+07
0,0,0,3.4995e+08,0,2.3781e+07,0,0,1.24437e+07
0,0,0,3.4995e+08,0,2.45197e+07,-469992,469992,1.24437e+07
0,0,0,3.4995e+08,0,2.45251e+07,-468623,468623,1.24437e+07
0,0,0,3.4995e+08,0,2.45305e+07,-467253,467253,1.24437e+07
0,0,0,3.4995e+08,0,2.45359e+07,-465883,465883,1.24437e+07
0,0,0,3.4995e+08,0,2.45338e+07,-464512,464512,1.24437e+07
0,0,0,3.4995e+08,3.80878e+07,2.58957e+07,-847179,847179,1.24437e+07
0,0,0,3.4995e+08,0,2.59032e+07,-847179,847179,1.24437e+07
0,0,0,3.4995e+08,0,2.59107e+07,-847179,847179,1.24437e+07
0,0,0,3.4995e+08,0,2.59182e+07,-847179,847179,1.24437e+07
0,0,0,3.4995e+08,0,2.85954e+07,-847179,847179,1.24437e+07
0,0,0,3.4995e+08,0,2.72856e+07,0,0,1.24437e+07
0,0,0,3.4995e+08,0,2.72939e+07,0,0,1.24437e+07
0,0,0,3.4995e+08,0,2.73022e+07,0,0,1.24437e+07
0,0,0,3.4995e+08,0,2.36314e+07,0,0,1.24437e+07
0,0,0,3.4995e+08,0,2.36386e+07,0,0,1.24437e+07
0,0,0,3.4995e+08,0,2.36458e+07,0,0,1.24437e+07
0,0,0,3.4995e+08,0,2.3653e+07,0,0,1.24437e+07
0,0,0,3.4995e+08,0,2.36602e+07,0,0,1.24437e+07
0,0,0,3.4995e+08,0,2.45797e+07,0,0,1.24437e+07
0,0,0,3.4995e+08,0,2.45872e+07,0,0,1.24437e+07
0,0,0,3.4995e+08,0,2.45947e+07,0,0,1.24437e+07
0,0,0,3.4995e+08,0,2.46021e+07,0,0,1.24437e+07
0,0,0,3.4995e+08,0,2.42538e+07,0,0,1.24437e+07
0,0,0,3.4995e+08,0,2.42611e+07,0,0,1.24437e+07
0,0,0,3.4995e+08,0,2.42685e+07,0,0,1.24437e+07
0,0,0,3.4995e+08,0,2.42759e+07,0,0,1.24437e+07
0,0,0,3.4995e+08,0,2.55233e+07,0,0,1.24437e+07
0,0,0,3.4995e+08,0,2.5531e+07,0,0,1.24437e+07
0,0,0,3.4995e+08,0,2.55388e+07,0,0,1.24437e+07
0,0,0,3.4995e+08,0,2.55465e+07,0,0,1.24437e+07
0,0,0,3.4995e+08,0,2.55543e+07,0,0,1.24437e+07
0,0,0,3.4995e+08,0,2.58544e+07,0,0,1.24437e+07
0,0,0,3.4995e+08,0,2.58623e+07,0,0,1.24437e+07
0,0,0,3.4995e+08,0,2.58701e+07,0,0,1.24437e+07
0,0,0,3.4995e+08,0,2.58779e+07,0,0,1.24437e+07
0,0,0,3.4995e+08,0,2.65058e+07,0,0,1.24437e+07
0,0,0,3.4995e+08,0,2.65138e+07,0,0,1.24437e+07
0,0,0,3.4995e+08,0,2.78399e+07,-847179,847179,1.24437e+07
0,0,0,3.4995e+08,0,2.78479e+07,-847179,847179,1.24437e+07
0,0,0,3.4995e+08,0,2.80806e+07,-515847,515847,1.24437e+07
0,0,0,3.4995e+08,0,2.80891e+07,-516004,516004,1.24437e+07
0,0,0,3.4995e+08,0,2.80976e+07,-516160,516160,1.24437e+07
0,0,0,3.4995e+08,0,2.81061e+07,-516316,516316,1.24437e+07
0,0,0,3.4995e+08,0,2.81146e+07,-516473,516473,1.24437e+07
0,0,0,3.4995e+08,0,2.88002e+07,-847179,847179,1.24437e+07
0,0,0,3.4995e+08,0,2.88085e+07,-847179,847179,1.24437e+07
0,0,0,3.4995e+08,0,2.88169e+07,-847179,847179,1.24437e+07
0,0,0,3.4995e+08,0,2.88252e+07,-847179,847179,1.24437e+07
0,0,0,3.4995e+08,0,2.78128e+07,-847179,847179,1.24437e+07
0,0,0,3.4995e+08,0,2.78208e+07,-847179,847179,1.24437e+07
0,0,0,3.4995e+08,0,2.78288e+07,-847179,847179,1.24437e+07
0,0,0,3.4995e+08,0,2.78368e+07,-847179,847179,1.24437e+07
0,0,0,3.4995e+08,0,2.41602e+07,0,0,1.24437e+07
0,0,0,3.4995e+08,0,2.41675e+07,0,0,1.24437e+07
0,0,0,3.4995e+08,0,2.41748e+07,0,0,1.24437e+07
0,0,0,3.4995e+08,0,2.41821e+07,0,0,1.24437e+07
0,0,0,3.4995e+08,0,2.41894e+07,0,0,1.24437e+07
0,0,0,3.4995e+08,3.80878e+07,2.49679e+07,0,0,1.24437e+07
0,0,0,3.4995e+08,0,2.49751e+07,0,0,1.24437e+07
0,0,0,3.4995e+08,0,2.49824e+07,0,0,1.24437e+07
0,0,0,3.4995e+08,0,2.49896e+07,0,0,1.24437e+07
0,0,0,3.4995e+08,0,2.77088e+07,0,0,1.24437e+07
0,0,0,3.4995e+08,0,2.77169e+07,0,0,1.24437e+07
0,0,0,3.4995e+08,0,2.77249e+07,0,0,1.24437e+07
0,0,0,3.4995e+08,0,2.7733e+07,0,0,1.24437e+07
0,0,0,3.4995e+08,0,2.4004e+07,0,0,1.24437e+07
0,0,0,3.4995e+08,0,2.4011e+07,0,0,1.24437e+07
0,0,0,3.4995e+08,0,2.40179e+07,0,0,1.24437e+07
0,0,0,3.4995e+08,0,2.40249e+07,0,0,1.24437e+07
0,0,0,3.4995e+08,0,2.40319e+07,0,0,1.24437e+07
0,0,0,3.4995e+08,0,2.49656e+07,0,0,1.24437e+07
0,0,0,3.4995e+08,0,2.49728e+07,0,0,1.24437e+07
0,0,0,3.4995e+08,0,2.49801e+07,0,0,1.24437e+07
0,0,0,3.4995e+08,0,2.49873e+07,0,0,1.24437e+07
0,0,0,3.4995e+08,0,2.46332e+07,0,0,1.24437e+07
0,0,0,3.4995e+08,0,2.46403e+07,0,0,1.24437e+07
0,0,0,3.4995e+08,0,2.46475e+07,0,0,1.24437e+07
0,0,0,3.4995e+08,0,2.46546e+07,0,0,1.24437e+07
0,0,0,3.4995e+08,0,2.59211e+07,0,0,1.24437e+07
0,0,0,3.4995e+08,0,2.59286e+07,0,0,1.24437e+07
0,0,0,3.4995e+08,0,2.59362e+07,0,0,1.24437e+07
0,0,0,3.4995e+08,0,2.59437e+07,0,0,1.24437e+07
0,0,0,3.4995e+08,0,2.59512e+07,0,0,1.24437e+07
0,0,0,3.4995e+08,0,2.62557e+07,0,0,1.24437e+07
0,0,0,3.4995e+08,0,2.62633e+07,0,0,1.24437e+07
0,0,0,3.4995e+08,0,2.62709e+07,0,0,1.24437e+07
0,0,0,3.4995e+08,0,2.62785e+07,0,0,1.24437e+07
0,0,0,3.4995e+08,0,2.69157e+07,0,0,1.24437e+07
0,0,0,3.4995e+08,0,2.69235e+07,0,0,1.24437e+07
0,0,0,3.4995e+08,0,2.82493e+07,-847179,847179,1.24437e+07
0,0,0,3.4995e+08,0,2.82571e+07,-847179,847179,1.24437e+07
0,0,0,3.4995e+08,0,3.03552e+07,-847179,847179,1.24437e+07
0,0,0,3.4995e+08,0,3.03636e+07,-847179,847179,1.24437e+07
0,0,0,3.4995e+08,0,3.0372e+07,-847179,847179,1.24437e+07
0,0,0,3.4995e+08,0,3.03804e+07,-847179,847179,1.24437e+07
0,0,0,3.4995e+08,0,3.03888e+07,-847179,847179,1.24437e+07
0,0,0,3.4995e+08,0,2.92219e+07,-847179,847179,1.24437e+07
0,0,0,3.4995e+08,0,2.92299e+07,-847179,847179,1.24437e+07
0,0,0,3.4995e+08,0,2.9238e+07,-847179,847179,1.24437e+07
0,0,0,3.4995e+08,0,2.92461e+07,-847179,847179,1.24437e+07
0,0,0,3.4995e+08,0,2.82178e+07,-847179,847179,1.24437e+07
0,0,0,3.4995e+08,0,2.82256e+07,-847179,847179,1.24437e+07
0,0,0,3.4995e+08,0,2.82334e+07,-847179,847179,1.24437e+07
0,0,0,3.4995e+08,0,2.82411e+07,-847179,847179,1.24437e+07
0,0,0,3.4995e+08,0,2.58463e+07,-847179,847179,1.24437e+07
0,0,0,3.4995e+08,0,2.58534e+07,-847179,847179,1.24437e+07
0,0,0,3.4995e+08,0,2.58605e+07,-847179,847179,1.24437e+07
0,0,0,3.4995e+08,0,2.58676e+07,-847179,847179,1.24437e+07
0,0,0,3.4995e+08,0,2.58747e+07,-847179,847179,1.24437e+07
0,0,0,3.4995e+08,3.80878e+07,2.66646e+07,-847179,847179,1.24437e+07
0,0,0,3.4995e+08,0,2.66716e+07,-847179,847179,1.24437e+07
0,0,0,3.4995e+08,0,2.66786e+07,-847179,847179,1.24437e+07
0,0,0,3.4995e+08,0,2.66857e+07,-847179,847179,1.24437e+07
0,0,0,3.4995e+08,0,2.94456e+07,-847179,847179,1.24437e+07
0,0,0,3.4995e+08,0,2.94534e+07,-847179,847179,1.24437e+07
0,0,0,3.4995e+08,0,2.94612e+07,-847179,847179,1.24437e+07
0,0,0,3.4995e+08,0,2.8151e+07,0,0,1.24437e+07
0,0,0,3.4995e+08,0,2.43655e+07,0,0,1.24437e+07
0,0,0,3.4995e+08,0,2.43722e+07,0,0,1.24437e+07
0,0,0,3.4995e+08,0,2.4379e+07,0,0,1.24437e+07
0,0,0,3.4995e+08,0,2.43857e+07,0,0,1.24437e+07
0,0,0,3.4995e+08,0,2.43925e+07,0,0,1.24437e+07
0,0,0,3.4995e+08,0,2.53399e+07,0,0,1.24437e+07
0,0,0,3.4995e+08,0,2.53469e+07,0,0,1.24437e+07
0,0,0,3.4995e+08,0,2.53539e+07,0,0,1.24437e+07
0,0,0,3.4995e+08,0,2.53609e+07,0,0,1.24437e+07
0,0,0,3.4995e+08,0,2.50012e+07,0,0,1.24437e+07
0,0,0,3.4995e+08,0,2.50081e+07,0,0,1.24437e+07
0,0,0,3.4995e+08,0,2.5015e+07,0,0,1.24437e+07
0,0,0,3.4995e+08,0,2.50219e+07,0,0,1.24437e+07
0,0,0,3.4995e+08,0,2.6307e+07,0,0,1.24437e+07
0,0,0,3.4995e+08,0,2.63143e+07,0,0,1.24437e+07
0,0,0,3.4995e+08,0,2.63215e+07,0,0,1.24437e+07
0,0,0,3.4995e+08,0,2.63288e+07,0,0,1.24437e+07
0,0,0,3.4995e+08,0,2.63361e+07,0,0,1.24437e+07
0,0,0,3.4995e+08,0,2.66448e+07,0,0,1.24437e+07
0,0,0,3.4995e+08,0,2.66521e+07,0,0,1.24437e+07
0,0,0,3.4995e+08,0,2.66595e+07,0,0,1.24437e+07
0,0,0,3.4995e+08,0,2.66669e+07,0,0,1.24437e+07
0,0,0,3.4995e+08,0,2.73131e+07,0,0,1.24437e+07
0,0,0,3.4995e+08,0,2.86387e+07,-847179,847179,1.24437e+07
0,0,0,3.4995e+08,0,2.86463e+07,-847179,847179,1.24437e+07
0,0,0,3.4995e+08,0,2.86538e+07,-847179,847179,1.24437e+07
0,0,0,3.4995e+08,0,3.07824e+07,-847179,847179,1.24437e+07
0,0,0,3.4995e+08,0,3.07905e+07,-847179,847179,1.24437e+07
0,0,0,3.4995e+08,0,3.07987e+07,-847179,847179,1.24437e+07
0,0,0,3.4995e+08,0,3.08068e+07,-847179,847179,1.24437e+07
0,0,0,3.4995e+08,0,3.0815e+07,-847179,847179,1.24437e+07
0,0,0,3.4995e+08,0,2.96305e+07,-847179,847179,1.24437e+07
0,0,0,3.4995e+08,0,2.96384e+07,-847179,847179,1.24437e+07
0,0,0,3.4995e+08,0,2.96462e+07,-847179,847179,1.24437e+07
0,0,0,3.4995e+08,0,2.9654e+07,-847179,847179,1.24437e+07
0,0,0,3.4995e+08,0,2.86103e+07,-847179,847179,1.24437e+07
0,0,0,3.4995e+08,0,2.86179e+07,-847179,847179,1.24437e+07
0,0,0,3.4995e+08,0,2.86254e+07,-847179,847179,1.24437e+07
0,0,0,3.4995e+08,0,2.8633e+07,-847179,847179,1.24437e+07
0,0,0,3.4995e+08,0,2.62029e+07,-847179,847179,1.24437e+07
0,0,0,3.4995e+08,0,2.62098e+07,-847179,847179,1.24437e+07
0,0,0,3.4995e+08,0,2.62167e+07,-847179,847179,1.24437e+07
0,0,0,3.4995e+08,0,2.62235e+07,-847179,847179,1.24437e+07
0,0,0,3.4995e+08,0,2.62304e+07,-847179,847179,1.24437e+07
0,0,0,6.49e+08,3.80878e+07,2.70315e+07,-847179,847179,1.24437e+07
0,0,0,6.49e+08,0,2.70383e+07,-847179,847179,1.24437e+07
0,0,0,6.49e+08,0,2.70451e+07,-847179,847179,1.24437e+07
0,0,0,6.49e+08,0,2.70519e+07,-847179,847179,1.24437e+07
0,0,0,6.49e+08,0,2.98513e+07,-847179,847179,1.24437e+07
0,0,0,6.49e+08,0,2.98589e+07,-847179,847179,1.24437e+07
0,0,0,6.49e+08,0,2.98664e+07,-847179,847179,1.24437e+07
0,0,0,6.49e+08,0,2.98739e+07,-847179,847179,1.24437e+07
0,0,0,6.49e+08,0,2.60337e+07,-847179,847179,1.24437e+07
0,0,0,6.49e+08,0,2.60402e+07,-847179,847179,1.24437e+07
0,0,0,6.49e+08,0,2.60468e+07,-847179,847179,1.24437e+07
0,0,0,6.49e+08,0,2.60533e+07,-847179,847179,1.24437e+07
0,0,0,6.49e+08,0,2.60598e+07,-847179,847179,1.24437e+07
0,0,0,6.49e+08,0,2.70204e+07,-847179,847179,1.24437e+07
0,0,0,6.49e+08,0,2.70272e+07,-847179,847179,1.24437e+07
0,0,0,6.49e+08,0,2.7034e+07,-847179,847179,1.24437e+07
0,0,0,6.49e+08,0,2.70408e+07,-847179,847179,1.24437e+07
0,0,0,6.49e+08,0,2.66756e+07,-847179,847179,1.24437e+07
0,0,0,6.49e+08,0,2.66823e+07,-847179,847179,1.24437e+07
0,0,0,6.49e+08,0,2.6689e+07,-847179,847179,1.24437e+07
0,0,0,6.49e+08,0,2.66957e+07,-847179,847179,1.24437e+07
0,0,0,6.49e+08,0,2.79987e+07,-847179,847179,1.24437e+07
0,0,0,6.49e+08,0,2.80057e+07,-847179,847179,1.24437e+07
0,0,0,6.49e+08,0,2.80127e+07,-847179,847179,1.24437e+07
0,0,0,6.49e+08,0,2.80198e+07,-847179,847179,1.24437e+07
0,0,0,6.49e+08,0,2.80268e+07,-847179,847179,1.24437e+07
0,0,0,6.49e+08,0,2.83395e+07,-847179,847179,1.24437e+07
0,0,0,6.49e+08,0,2.83466e+07,-847179,847179,1.24437e+07
0,0,0,6.49e+08,0,2.83538e+07,-847179,847179,1.24437e+07
0,0,0,6.49e+08,0,2.83609e+07,-847179,847179,1.24437e+07
0,0,0,6.49e+08,0,2.90159e+07,-847179,847179,1.24437e+07
0,0,0,6.49e+08,0,2.90232e+07,-847179,847179,1.24437e+07
0,0,0,6.49e+08,0,2.90305e+07,-847179,847179,1.24437e+07
0,0,0,6.49e+08,0,2.90378e+07,-847179,847179,1.24437e+07
0,0,0,6.49e+08,0,3.11959e+07,-847179,847179,1.24437e+07
0,0,0,6.49e+08,0,3.12038e+07,-847179,847179,1.24437e+07
0,0,0,6.49e+08,0,3.12117e+07,-847179,847179,1.24437e+07
0,0,0,6.49e+08,0,3.12195e+07,-847179,847179,1.24437e+07
0,0,0,6.49e+08,0,3.12274e+07,-847179,847179,1.24437e+07
0,0,0,6.49e+08,0,3.00261e+07,-847179,847179,1.24437e+07
0,0,0,6.49e+08,0,3.00336e+07,-847179,847179,1.24437e+07
0,0,0,6.49e+08,0,3.00412e+07,-847179,847179,1.24437e+07
0,0,0,6.49e+08,0,3.00488e+07,-847179,847179,1.24437e+07
0,0,0,6.49e+08,0,2.89902e+07,-847179,847179,1.24437e+07
0,0,0,6.49e+08,0,2.89975e+07,-847179,847179,1.24437e+07
0,0,0,6.49e+08,0,2.90048e+07,-847179,847179,1.24437e+07
0,0,0,6.49e+08,0,2.90121e+07,-847179,847179,1.24437e+07
0,0,0,6.49e+08,0,2.6548e+07,-847179,847179,1.24437e+07
0,0,0,6.49e+08,0,2.65546e+07,-847179,847179,1.24437e+07
0,0,0,6.49e+08,0,2.65613e+07,-847179,847179,1.24437e+07
0,0,0,6.49e+08,0,2.65679e+07,-847179,847179,1.24437e+07
0,0,0,6.49e+08,0,2.65746e+07,-847179,847179,1.24437e+07
0,0,0,6.49e+08,3.80878e+07,2.73864e+07,-847179,847179,1.24437e+07
0,0,0,6.49e+08,0,2.7393e+07,-847179,847179,1.24437e+07
0,0,0,6.49e+08,0,2.73996e+07,-847179,847179,1.24437e+07
0,0,0,6.49e+08,0,2.74061e+07,-847179,847179,1.24437e+07
0,0,0,6.49e+08,0,3.02438e+07,-847179,847179,1.24437e+07
0,0,0,6.49e+08,0,3.02511e+07,-847179,847179,1.24437e+07
0,0,0,6.49e+08,0,3.02584e+07,-847179,847179,1.24437e+07
0,0,0,6.49e+08,0,3.02657e+07,-847179,847179,1.24437e+07
0,0,0,6.49e+08,0,2.63725e+07,-847179,847179,1.24437e+07
0,0,0,6.49e+08,0,2.63788e+07,-847179,847179,1.24437e+07
0,0,0,6.49e+08,0,2.63851e+07,-847179,847179,1.24437e+07
0,0,0,6.49e+08,0,2.63914e+07,-847179,847179,1.24437e+07
0,0,0,6.49e+08,0,2.63978e+07,-847179,847179,1.24437e+07
0,0,0,6.49e+08,0,2.60531e+07,0,0,1.24437e+07
0,0,0,6.49e+08,0,2.60597e+07,0,0,1.24437e+07
0,0,0,6.49e+08,0,2.60663e+07,0,0,1.24437e+07
0,0,0,6.49e+08,0,2.60729e+07,0,0,1.24437e+07
0,0,0,6.49e+08,0,2.57024e+07,0,0,1.24437e+07
0,0,0,6.49e+08,0,2.57088e+07,0,0,1.24437e+07
0,0,0,6.49e+08,0,2.57153e+07,0,0,1.24437e+07
0,0,0,6.49e+08,0,2.57218e+07,0,0,1.24437e+07
0,0,0,6.49e+08,0,2.70421e+07,0,0,1.24437e+07
0,0,0,6.49e+08,0,2.7049e+07,0,0,1.24437e+07
0,0,0,6.49e+08,0,2.70558e+07,0,0,1.24437e+07
0,0,0,6.49e+08,0,2.70626e+07,0,0,1.24437e+07
0,0,0,6.49e+08,0,2.70694e+07,0,0,1.24437e+07
0,0,0,6.49e+08,0,2.7386e+07,0,0,1.24437e+07
0,0,0,6.49e+08,0,2.73929e+07,0,0,1.24437e+07
0,0,0,6.49e+08,0,2.73998e+07,0,0,1.24437e+07
0,0,0,6.49e+08,0,2.74067e+07,0,0,1.24437e+07
0,0,0,6.49e+08,0,2.80702e+07,0,0,1.24437e+07
0,0,0,6.49e+08,0,2.80773e+07,0,0,1.24437e+07
0,0,0,6.49e+08,0,2.80843e+07,0,0,1.24437e+07
0,0,0,6.49e+08,0,2.80914e+07,0,0,1.24437e+07
0,0,0,6.49e+08,0,3.02781e+07,0,0,1.24437e+07
0,0,0,6.49e+08,0,3.16037e+07,-847179,847179,1.24437e+07
0,0,0,6.49e+08,0,3.16114e+07,-847179,847179,1.24437e+07
0,0,0,6.49e+08,0,3.1619e+07,-847179,847179,1.24437e+07
0,0,0,6.49e+08,0,3.16266e+07,-847179,847179,1.24437e+07
0,0,0,6.49e+08,0,3.04089e+07,-847179,847179,1.24437e+07
0,0,0,6.49e+08,0,3.04162e+07,-847179,847179,1.24437e+07
0,0,0,6.49e+08,0,3.04236e+07,-847179,847179,1.24437e+07
0,0,0,6.49e+08,0,3.04309e+07,-847179,847179,1.24437e+07
0,0,0,6.49e+08,0,2.93579e+07,-847179,847179,1.24437e+07
0,0,0,6.49e+08,0,2.9365e+07,-847179,847179,1.24437e+07
0,0,0,6.49e+08,0,2.9372e+07,-847179,847179,1.24437e+07
0,0,0,6.49e+08,0,2.93791e+07,-847179,847179,1.24437e+07
0,0,0,6.49e+08,0,2.6882e+07,-847179,847179,1.24437e+07
0,0,0,6.49e+08,0,2.55704e+07,0,0,1.24437e+07
0,0,0,6.49e+08,0,2.55768e+07,0,0,1.24437e+07
0,0,0,6.49e+08,0,2.55833e+07,0,0,1.24437e+07
0,0,0,6.49e+08,0,2.55897e+07,0,0,1.24437e+07
0,0,0,6.49e+08,0,2.64119e+07,0,0,1.24437e+07
0,0,0,6.49e+08,3.80878e+07,2.64183e+07,0,0,1.24437e+07
0,0,0,6.49e+08,0,2.64247e+07,0,0,1.24437e+07
0,0,0,6.49e+08,0,2.64311e+07,0,0,1.24437e+07
0,0,0,6.49e+08,0,2.93057e+07,0,0,1.24437e+07
0,0,0,6.49e+08,0,2.93128e+07,0,0,1.24437e+07
0,0,0,6.49e+08,0,2.93198e+07,0,0,1.24437e+07
0,0,0,6.49e+08,0,2.93269e+07,0,0,1.24437e+07
0,0,0,6.49e+08,0,2.53824e+07,0,0,1.24437e+07
0,0,0,6.49e+08,0,2.53885e+07,0,0,1.24437e+07
0,0,0,6.49e+08,0,2.53946e+07,0,0,1.24437e+07
0,0,0,6.49e+08,0,2.54008e+07,0,0,1.24437e+07
0,0,0,6.49e+08,0,2.54069e+07,0,0,1.24437e+07
0,0,0,6.49e+08,0,2.63927e+07,0,0,1.24437e+07
0,0,0,6.49e+08,0,2.63991e+07,0,0,1.24437e+07
0,0,0,6.49e+08,0,2.64055e+07,0,0,1.24437e+07
0,0,0,6.49e+08,0,2.64118e+07,0,0,1.24437e+07
0,0,0,6.49e+08,0,2.60362e+07,0,0,1.24437e+07
0,0,0,6.49e+08,0,2.60425e+07,0,0,1.24437e+07
0,0,0,6.49e+08,0,2.60488e+07,0,0,1.24437e+07
0,0,0,6.49e+08,0,2.60551e+07,0,0,1.24437e+07
0,0,0,6.49e+08,0,2.73922e+07,0,0,1.24437e+07
0,0,0,6.49e+08,0,2.73988e+07,0,0,1.24437e+07
0,0,0,6.49e+08,0,2.74054e+07,0,0,1.24437e+07
0,0,0,6.49e+08,0,2.7412e+07,0,0,1.24437e+07
0,0,0,6.49e+08,0,2.74186e+07,0,0,1.24437e+07
0,0,0,6.49e+08,0,2.7739e+07,0,0,1.24437e+07
0,0,0,6.49e+08,0,2.77456e+07,0,0,1.24437e+07
0,0,0,6.49e+08,0,2.77523e+07,0,0,1.24437e+07
0,0,0,6.49e+08,0,2.7759e+07,0,0,1.24437e+07
0,0,0,6.49e+08,0,2.84307e+07,0,0,1.24437e+07
0,0,0,6.49e+08,0,2.97556e+07,-847179,847179,1.24437e+07
0,0,0,6.49e+08,0,2.97625e+07,-847179,847179,1.24437e+07
0,0,0,6.49e+08,0,2.97693e+07,-847179,847179,1.24437e+07
0,0,0,6.49e+08,0,3.19836e+07,-847179,847179,1.24437e+07
0,0,0,6.49e+08,0,3.1991e+07,-847179,847179,1.24437e+07
0,0,0,6.49e+08,0,3.19984e+07,-847179,847179,1.24437e+07
0,0,0,6.49e+08,0,3.20058e+07,-847179,847179,1.24437e+07
0,0,0,6.49e+08,0,3.20132e+07,-847179,847179,1.24437e+07
0,0,0,6.49e+08,0,3.07796e+07,-847179,847179,1.24437e+07
0,0,0,6.49e+08,0,3.07867e+07,-847179,847179,1.24437e+07
0,0,0,6.49e+08,0,3.07938e+07,-847179,847179,1.24437e+07
0,0,0,6.49e+08,0,3.08009e+07,-847179,847179,1.24437e+07
0,0,0,6.49e+08,0,2.9714e+07,-847179,847179,1.24437e+07
0,0,0,6.49e+08,0,2.97208e+07,-847179,847179,1.24437e+07
0,0,0,6.49e+08,0,2.97276e+07,-847179,847179,1.24437e+07
0,0,0,6.49e+08,0,2.97345e+07,-847179,847179,1.24437e+07
0,0,0,6.49e+08,0,2.72055e+07,-847179,847179,1.24437e+07
0,0,0,6.49e+08,0,2.72117e+07,-847179,847179,1.24437e+07
0,0,0,6.49e+08,0,2.7218e+07,-847179,847179,1.24437e+07
0,0,0,6.49e+08,0,2.72242e+07,-847179,847179,1.24437e+07
0,0,0,6.49e+08,0,2.72304e+07,-847179,847179,1.24437e+07
0,0,0,6.49e+08,0,2.72304e+07,-847179,847179,1.24437e+07
0,0,0,6.49e+08,3.80878e+07,2.80627e+07,-847179,847179,1.24437e+07
0,0,0,6.49e+08,0,2.80689e+07,-847179,847179,1.24437e+07
0,0,0,6.49e+08,0,2.8075e+07,-847179,847179,1.24437e+07
0,0,0,6.49e+08,0,2.80812e+07,-847179,847179,1.24437e+07
0,0,0,6.49e+08,0,3.09916e+07,-847179,847179,1.24437e+07
0,0,0,6.49e+08,0,2.96804e+07,0,0,1.24437e+07
0,0,0,6.49e+08,0,2.96872e+07,0,0,1.24437e+07
0,0,0,6.49e+08,0,2.96941e+07,0,0,1.24437e+07
0,0,0,6.49e+08,0,2.56999e+07,0,0,1.24437e+07
0,0,0,6.49e+08,0,2.57058e+07,0,0,1.24437e+07
0,0,0,6.49e+08,0,2.57117e+07,0,0,1.24437e+07
0,0,0,6.49e+08,0,2.57177e+07,0,0,1.24437e+07
0,0,0,6.49e+08,0,2.57236e+07,0,0,1.24437e+07
0,0,0,6.49e+08,0,2.67214e+07,0,0,1.24437e+07
0,0,0,6.49e+08,0,2.67276e+07,0,0,1.24437e+07
0,0,0,6.49e+08,0,2.67337e+07,0,0,1.24437e+07
0,0,0,6.49e+08,0,2.67399e+07,0,0,1.24437e+07
0,0,0,6.49e+08,0,2.63593e+07,0,0,1.24437e+07
0,0,0,6.49e+08,0,2.63654e+07,0,0,1.24437e+07
0,0,0,6.49e+08,0,2.63715e+07,0,0,1.24437e+07
0,0,0,6.49e+08,0,2.63775e+07,0,0,1.24437e+07
0,0,0,6.49e+08,0,2.77309e+07,0,0,1.24437e+07
0,0,0,6.49e+08,0,2.77373e+07,0,0,1.24437e+07
0,0,0,6.49e+08,0,2.77437e+07,0,0,1.24437e+07
0,0,0,6.49e+08,0,2.77501e+07,0,0,1.24437e+07
0,0,0,6.49e+08,0,2.77564e+07,0,0,1.24437e+07
0,0,0,6.49e+08,0,2.80804e+07,0,0,1.24437e+07
0,0,0,6.49e+08,0,2.80869e+07,0,0,1.24437e+07
0,0,0,6.49e+08,0,2.80934e+07,0,0,1.24437e+07
0,0,0,6.49e+08,0,2.80998e+07,0,0,1.24437e+07
0,0,0,6.49e+08,0,2.87795e+07,0,0,1.24437e+07
0,0,0,6.49e+08,0,2.87861e+07,0,0,1.24437e+07
0,0,0,6.49e+08,0,3.01108e+07,-847179,847179,1.24437e+07
0,0,0,6.49e+08,0,3.01174e+07,-847179,847179,1.24437e+07
0,0,0,6.49e+08,0,3.23585e+07,-847179,847179,1.24437e+07
0,0,0,6.49e+08,0,3.23656e+07,-847179,847179,1.24437e+07
0,0,0,6.49e+08,0,3.23727e+07,-847179,847179,1.24437e+07
0,0,0,6.49e+08,0,3.23799e+07,-847179,847179,1.24437e+07
0,0,0,6.49e+08,0,3.2387e+07,-847179,847179,1.24437e+07
0,0,0,6.49e+08,0,3.11381e+07,-847179,847179,1.24437e+07
0,0,0,6.49e+08,0,3.11449e+07,-847179,847179,1.24437e+07
0,0,0,6.49e+08,0,3.11518e+07,-847179,847179,1.24437e+07
0,0,0,6.49e+08,0,3.11587e+07,-847179,847179,1.24437e+07
0,0,0,6.49e+08,0,3.00582e+07,-847179,847179,1.24437e+07
0,0,0,6.49e+08,0,3.00648e+07,-847179,847179,1.24437e+07
0,0,0,6.49e+08,0,3.00714e+07,-847179,847179,1.24437e+07
0,0,0,6.49e+08,0,3.0078e+07,-847179,847179,1.24437e+07
0,0,0,6.49e+08,0,2.75182e+07,-847179,847179,1.24437e+07
0,0,0,6.49e+08,0,2.75243e+07,-847179,847179,1.24437e+07
0,0,0,6.49e+08,0,2.75303e+07,-847179,847179,1.24437e+07
0,0,0,6.49e+08,0,2.75363e+07,-847179,847179,1.24437e+07
0,0,0,6.49e+08,0,2.75423e+07,-847179,847179,1.24437e+07
0,0,0,6.49e+08,3.80878e+07,2.83843e+07,-847179,847179,1.24437e+07
0,0,0,6.49e+08,0.000499492,2.70722e+07,0,0,1.24437e+07
0,0,0,6.49e+08,0,2.70782e+07,0,0,1.24437e+07
0,0,0,6.49e+08,0,2.70841e+07,0,0,1.24437e+07
0,0,0,6.49e+08,0,3.00291e+07,0,0,1.24437e+07
0,0,0,6.49e+08,0,3.00357e+07,0,0,1.24437e+07
0,0,0,6.49e+08,0,3.00423e+07,0,0,1.24437e+07
0,0,0,6.49e+08,0,3.00489e+07,0,0,1.24437e+07
0,0,0,6.49e+08,0,2.60067e+07,0,0,1.24437e+07
0,0,0,6.49e+08,0,2.60125e+07,0,0,1.24437e+07
0,0,0,6.49e+08,0,2.60182e+07,0,0,1.24437e+07
0,0,0,6.49e+08,0,2.60239e+07,0,0,1.24437e+07
0,0,0,6.49e+08,0,2.60296e+07,0,0,1.24437e+07
0,0,0,6.49e+08,0,2.7039e+07,0,0,1.24437e+07
0,0,0,6.49e+08,0,2.7045e+07,0,0,1.24437e+07
0,0,0,6.49e+08,0,2.70509e+07,0,0,1.24437e+07
0,0,0,6.49e+08,0,2.70568e+07,0,0,1.24437e+07
0,0,0,6.49e+08,0,2.66715e+07,0,0,1.24437e+07
0,0,0,6.49e+08,0,2.66773e+07,0,0,1.24437e+07
0,0,0,6.49e+08,0,2.66832e+07,0,0,1.24437e+07
0,0,0,6.49e+08,0,2.66891e+07,0,0,1.24437e+07
0,0,0,6.49e+08,0,2.80581e+07,0,0,1.24437e+07
0,0,0,6.49e+08,0,2.80643e+07,0,0,1.24437e+07
0,0,0,6.49e+08,0,2.80705e+07,0,0,1.24437e+07
0,0,0,6.49e+08,0,2.80766e+07,0,0,1.24437e+07
0,0,0,6.49e+08,0,2.80828e+07,0,0,1.24437e+07
0,0,0,6.49e+08,0,2.84103e+07,0,0,1.24437e+07
0,0,0,6.49e+08,0,2.84165e+07,0,0,1.24437e+07
0,0,0,6.49e+08,0,2.84228e+07,0,0,1.24437e+07
0,0,0,6.49e+08,0,2.8429e+07,0,0,1.24437e+07
0,0,0,6.49e+08,0,2.91163e+07,0,0,1.24437e+07
0,0,0,6.49e+08,0,3.04407e+07,-847179,847179,1.24437e+07
0,0,0,6.49e+08,0,3.04471e+07,-847179,847179,1.24437e+07
0,0,0,6.49e+08,0,3.04535e+07,-847179,847179,1.24437e+07
0,0,0,6.49e+08,0,3.27204e+07,-847179,847179,1.24437e+07
0,0,0,6.49e+08,0,3.27273e+07,-847179,847179,1.24437e+07
0,0,0,6.49e+08,0,3.27342e+07,-847179,847179,1.24437e+07
0,0,0,6.49e+08,0,3.27411e+07,-847179,847179,1.24437e+07
0,0,0,6.49e+08,0,3.2748e+07,-847179,847179,1.24437e+07
0,0,0,6.49e+08,0,3.14842e+07,-847179,847179,1.24437e+07
0,0,0,6.49e+08,0,3.14908e+07,-847179,847179,1.24437e+07
0,0,0,6.49e+08,0,3.14974e+07,-847179,847179,1.24437e+07
0,0,0,6.49e+08,0,3.15041e+07,-847179,847179,1.24437e+07
0,0,0,6.49e+08,0,3.03906e+07,-847179,847179,1.24437e+07
0,0,0,6.49e+08,0,3.0397e+07,-847179,847179,1.24437e+07
0,0,0,6.49e+08,0,3.04033e+07,-847179,847179,1.24437e+07
0,0,0,6.49e+08,0,3.04097e+07,-847179,847179,1.24437e+07
0,0,0,6.49e+08,0,2.78201e+07,-847179,847179,1.24437e+07
0,0,0,6.49e+08,0,2.78259e+07,-847179,847179,1.24437e+07
0,0,0,6.49e+08,0,2.78317e+07,-847179,847179,1.24437e+07
0,0,0,6.49e+08,0,2.78375e+07,-847179,847179,1.24437e+07
0,0,0,6.49e+08,0,2.78433e+07,-847179,847179,1.24437e+07
0,0,0,6.49e+08,7.19925e+07,2.86947e+07,-847179,847179,1.24437e+07
0,0,0,6.49e+08,0,2.87005e+07,-847179,847179,1.24437e+07
0,0,0,6.49e+08,0,2.87062e+07,-847179,847179,1.24437e+07
0,0,0,6.49e+08,0,2.87119e+07,-847179,847179,1.24437e+07
0,0,0,6.49e+08,0,3.16903e+07,-847179,847179,1.24437e+07
0,0,0,6.49e+08,0,3.16967e+07,-847179,847179,1.24437e+07
0,0,0,6.49e+08,0,3.1703e+07,-847179,847179,1.24437e+07
0,0,0,6.49e+08,0,3.17094e+07,-847179,847179,1.24437e+07
0,0,0,6.49e+08,0,2.76208e+07,-847179,847179,1.24437e+07
0,0,0,6.49e+08,0,2.76263e+07,-847179,847179,1.24437e+07
0,0,0,6.49e+08,0,2.63138e+07,0,0,1.24437e+07
0,0,0,6.49e+08,0,2.63193e+07,0,0,1.24437e+07
0,0,0,6.49e+08,0,2.63248e+07,0,0,1.24437e+07
0,0,0,6.49e+08,0,2.73454e+07,0,0,1.24437e+07
0,0,0,6.49e+08,0,2.73511e+07,0,0,1.24437e+07
0,0,0,6.49e+08,0,2.73568e+07,0,0,1.24437e+07
0,0,0,6.49e+08,0,2.73625e+07,0,0,1.24437e+07
0,0,0,6.49e+08,0,2.69726e+07,0,0,1.24437e+07
0,0,0,6.49e+08,0,2.69782e+07,0,0,1.24437e+07
0,0,0,6.49e+08,0,2.69838e+07,0,0,1.24437e+07
0,0,0,6.49e+08,0,2.69895e+07,0,0,1.24437e+07
0,0,0,6.49e+08,0,2.83737e+07,0,0,1.24437e+07
0,0,0,6.49e+08,0,2.83796e+07,0,0,1.24437e+07
0,0,0,6.49e+08,0,2.83855e+07,0,0,1.24437e+07
0,0,0,6.49e+08,0,2.83915e+07,0,0,1.24437e+07
0,0,0,6.49e+08,0,2.83974e+07,0,0,1.24437e+07
0,0,0,6.49e+08,0,2.87283e+07,0,0,1.24437e+07
0,0,0,6.49e+08,0,3.00523e+07,-847179,847179,1.24437e+07
0,0,0,6.49e+08,0,3.00583e+07,-847179,847179,1.24437e+07
0,0,0,6.49e+08,0,3.00643e+07,-847179,847179,1.24437e+07
0,0,0,6.49e+08,0,3.0759e+07,-847179,847179,1.24437e+07
0,0,0,6.49e+08,0,3.07651e+07,-847179,847179,1.24437e+07
0,0,0,6.49e+08,0,3.07713e+07,-847179,847179,1.24437e+07
0,0,0,6.49e+08,0,3.07775e+07,-847179,847179,1.24437e+07
0,0,0,6.49e+08,0,3.30692e+07,-847179,847179,1.24437e+07
0,0,0,6.49e+08,0,3.30759e+07,-847179,847179,1.24437e+07
0,0,0,6.49e+08,0,3.30825e+07,-847179,847179,1.24437e+07
0,0,0,6.49e+08,0,3.30891e+07,-847179,847179,1.24437e+07
0,0,0,6.49e+08,0,3.30958e+07,-847179,847179,1.24437e+07
0,0,0,6.49e+08,0,3.18177e+07,-847179,847179,1.24437e+07
0,0,0,6.49e+08,0,3.18241e+07,-847179,847179,1.24437e+07
0,0,0,6.49e+08,0,3.18304e+07,-847179,847179,1.24437e+07
0,0,0,6.49e+08,0,3.18368e+07,-847179,847179,1.24437e+07
0,0,0,6.49e+08,0,3.07108e+07,-847179,847179,1.24437e+07
0,0,0,6.49e+08,0,3.07169e+07,-847179,847179,1.24437e+07
0,0,0,6.49e+08,0,3.0723e+07,-847179,847179,1.24437e+07
0,0,0,6.49e+08,0,3.07292e+07,-847179,847179,1.24437e+07
0,0,0,6.49e+08,0,2.81109e+07,-847179,847179,1.24437e+07
0,0,0,6.49e+08,0,2.81164e+07,-847179,847179,1.24437e+07
0,0,0,6.49e+08,0,2.8122e+07,-847179,847179,1.24437e+07
0,0,0,6.49e+08,0,2.81276e+07,-847179,847179,1.24437e+07
0,0,0,6.49e+08,0,2.81332e+07,-847179,847179,1.24437e+07
0,0,0,7.29744e+08,7.19925e+07,2.89936e+07,-847179,847179,1.24437e+07
0,0,0,7.29744e+08,0,2.89991e+07,-847179,847179,1.24437e+07
0,0,0,7.29744e+08,0,2.76866e+07,0,0,1.24437e+07
0,0,0,7.29744e+08,0,2.76921e+07,0,0,1.24437e+07
0,0,0,7.29744e+08,0,3.07026e+07,0,0,1.24437e+07
0,0,0,7.29744e+08,0,3.07087e+07,0,0,1.24437e+07
0,0,0,7.29744e+08,0,3.07148e+07,0,0,1.24437e+07
0,0,0,7.29744e+08,0,3.07209e+07,0,0,1.24437e+07
0,0,0,7.29744e+08,0,2.65877e+07,0,0,1.24437e+07
0,0,0,7.29744e+08,0,2.6593e+07,0,0,1.24437e+07
0,0,0,7.29744e+08,0,2.65983e+07,0,0,1.24437e+07
0,0,0,7.29744e+08,0,2.66036e+07,0,0,1.24437e+07
0,0,0,7.29744e+08,0,2.66089e+07,0,0,1.24437e+07
0,0,0,7.29744e+08,0,2.76402e+07,0,0,1.24437e+07
0,0,0,7.29744e+08,0,2.76457e+07,0,0,1.24437e+07
0,0,0,7.29744e+08,0,2.76511e+07,0,0,1.24437e+07
0,0,0,7.29744e+08,0,2.76566e+07,0,0,1.24437e+07
0,0,0,7.29744e+08,0,2.72622e+07,0,0,1.24437e+07
0,0,0,7.29744e+08,0,2.72676e+07,0,0,1.24437e+07
0,0,0,7.29744e+08,0,2.7273e+07,0,0,1.24437e+07
0,0,0,7.29744e+08,0,2.72784e+07,0,0,1.24437e+07
0,0,0,7.29744e+08,0,2.86771e+07,0,0,1.24437e+07
0,0,0,7.29744e+08,0,2.86828e+07,0,0,1.24437e+07
0,0,0,7.29744e+08,0,2.86885e+07,0,0,1.24437e+07
0,0,0,7.29744e+08,0,2.86942e+07,0,0,1.24437e+07
0,0,0,7.29744e+08,0,2.86999e+07,0,0,1.24437e+07
0,0,0,7.29744e+08,0,2.9034e+07,0,0,1.24437e+07
0,0,0,7.29744e+08,0,2.90398e+07,0,0,1.24437e+07
0,0,0,7.29744e+08,0,2.90455e+07,0,0,1.24437e+07
0,0,0,7.29744e+08,0,3.03694e+07,-847179,847179,1.24437e+07
0,0,0,7.29744e+08,0,3.10711e+07,-847179,847179,1.24437e+07
0,0,0,7.29744e+08,0,3.1077e+07,-847179,847179,1.24437e+07
0,0,0,7.29744e+08,0,3.10829e+07,-847179,847179,1.24437e+07
0,0,0,7.29744e+08,0,3.10888e+07,-847179,847179,1.24437e+07
0,0,0,7.29744e+08,0,3.34044e+07,-847179,847179,1.24437e+07
0,0,0,7.29744e+08,0,3.33321e+07,-796576,796576,1.24437e+07
0,0,0,7.29744e+08,0,3.33366e+07,-795381,795381,1.24437e+07
0,0,0,7.29744e+08,0,3.33411e+07,-794185,794185,1.24437e+07
0,0,0,7.29744e+08,0,3.33456e+07,-792990,792990,1.24437e+07
0,0,0,7.29744e+08,0,3.20519e+07,-791794,791794,1.24437e+07
0,0,0,7.29744e+08,0,3.21442e+07,-847179,847179,1.24437e+07
0,0,0,7.29744e+08,0,3.21503e+07,-847179,847179,1.24437e+07
0,0,0,7.29744e+08,0,3.21564e+07,-847179,847179,1.24437e+07
0,0,0,7.29744e+08,0,3.10183e+07,-847179,847179,1.24437e+07
0,0,0,7.29744e+08,0,3.10242e+07,-847179,847179,1.24437e+07
0,0,0,7.29744e+08,0,3.10301e+07,-847179,847179,1.24437e+07
0,0,0,7.29744e+08,0,3.1036e+07,-847179,847179,1.24437e+07
0,0,0,7.29744e+08,0,2.839e+07,-847179,847179,1.24437e+07
0,0,0,7.29744e+08,0,2.83954e+07,-847179,847179,1.24437e+07
0,0,0,7.29744e+08,0,2.84008e+07,-847179,847179,1.24437e+07
0,0,0,7.29744e+08,0,2.84061e+07,-847179,847179,1.24437e+07
0,0,0,7.29744e+08,0,2.84115e+07,-847179,847179,1.24437e+07
0,0,0,7.29744e+08,7.19925e+07,2.92806e+07,-847179,847179,1.24437e+07
0,0,0,7.29744e+08,0,2.92858e+07,-847179,847179,1.24437e+07
0,0,0,7.29744e+08,0,2.92911e+07,-847179,847179,1.24437e+07
0,0,0,7.29744e+08,0,2.92963e+07,-847179,847179,1.24437e+07
0,0,0,7.29744e+08,0,3.23376e+07,-847179,847179,1.24437e+07
0,0,0,7.29744e+08,0,3.23434e+07,-847179,847179,1.24437e+07
0,0,0,7.29744e+08,0,3.23493e+07,-847179,847179,1.24437e+07
0,0,0,7.29744e+08,0,3.23551e+07,-847179,847179,1.24437e+07
0,0,0,7.29744e+08,0,2.68611e+07,0,0,1.24437e+07
0,0,0,7.29744e+08,0,2.68661e+07,0,0,1.24437e+07
0,0,0,7.29744e+08,0,2.68712e+07,0,0,1.24437e+07
0,0,0,7.29744e+08,0,2.68763e+07,0,0,1.24437e+07
0,0,0,7.29744e+08,0,2.68813e+07,0,0,1.24437e+07
0,0,0,7.29744e+08,0,2.79229e+07,0,0,1.24437e+07
0,0,0,7.29744e+08,0,2.79281e+07,0,0,1.24437e+07
0,0,0,7.29744e+08,0,2.79334e+07,0,0,1.24437e+07
0,0,0,7.29744e+08,0,2.79386e+07,0,0,1.24437e+07
0,0,0,7.29744e+08,0,2.75399e+07,0,0,1.24437e+07
0,0,0,7.29744e+08,0,2.7545e+07,0,0,1.24437e+07
0,0,0,7.29744e+08,0,2.75502e+07,0,0,1.24437e+07
0,0,0,7.29744e+08,0,2.75554e+07,0,0,1.24437e+07
0,0,0,7.29744e+08,0,2.8968e+07,0,0,1.24437e+07
0,0,0,7.29744e+08,0,2.89735e+07,0,0,1.24437e+07
0,0,0,7.29744e+08,0,2.89789e+07,0,0,1.24437e+07
0,0,0,7.29744e+08,0,2.89843e+07,0,0,1.24437e+07
0,0,0,7.29744e+08,0,2.89898e+07,0,0,1.24437e+07
0,0,0,7.29744e+08,0,2.9327e+07,0,0,1.24437e+07
0,0,0,7.29744e+08,0,2.93325e+07,0,0,1.24437e+07
0,0,0,7.29744e+08,0,2.9338e+07,0,0,1.24437e+07
0,0,0,7.29744e+08,0,3.06616e+07,-847179,847179,1.24437e+07
0,0,0,7.29744e+08,0,3.137e+07,-847179,847179,1.24437e+07
0,0,0,7.29744e+08,0,3.13757e+07,-847179,847179,1.24437e+07
0,0,0,7.29744e+08,0,3.13813e+07,-847179,847179,1.24437e+07
0,0,0,7.29744e+08,0,3.1387e+07,-847179,847179,1.24437e+07
0,0,0,7.29744e+08,0,3.37255e+07,-847179,847179,1.24437e+07
0,0,0,7.29744e+08,0,3.35591e+07,-736323,736323,1.24437e+07
0,0,0,7.29744e+08,0,3.35634e+07,-735179,735179,1.24437e+07
0,0,0,7.29744e+08,0,3.35677e+07,-734036,734036,1.24437e+07
0,0,0,7.29744e+08,0,3.3572e+07,-732893,732893,1.24437e+07
0,0,0,7.29744e+08,0,3.22652e+07,-731749,731749,1.24437e+07
0,0,0,7.29744e+08,0,3.24507e+07,-847179,847179,1.24437e+07
0,0,0,7.29744e+08,0,3.24565e+07,-847179,847179,1.24437e+07
0,0,0,7.29744e+08,0,3.24624e+07,-847179,847179,1.24437e+07
0,0,0,7.29744e+08,0,3.13126e+07,-847179,847179,1.24437e+07
0,0,0,7.29744e+08,0,3.13182e+07,-847179,847179,1.24437e+07
0,0,0,7.29744e+08,0,3.13239e+07,-847179,847179,1.24437e+07
0,0,0,7.29744e+08,0,3.13295e+07,-847179,847179,1.24437e+07
0,0,0,7.29744e+08,0,2.86571e+07,-847179,847179,1.24437e+07
0,0,0,7.29744e+08,0,2.86623e+07,-847179,847179,1.24437e+07
0,0,0,7.29744e+08,0,2.86674e+07,-847179,847179,1.24437e+07
0,0,0,7.29744e+08,0,2.86726e+07,-847179,847179,1.24437e+07
0,0,0,7.29744e+08,0,2.86777e+07,-847179,847179,1.24437e+07
0,0,0,7.29744e+08,0,2.9555e+07,-847179,847179,1.24437e+07
0,0,0,7.29744e+08,7.19925e+07,2.956e+07,-847179,847179,1.24437e+07
0,0,0,7.29744e+08,0,2.9565e+07,-847179,847179,1.24437e+07
0,0,0,7.29744e+08,0,2.95701e+07,-847179,847179,1.24437e+07
0,0,0,7.29744e+08,0,3.26407e+07,-847179,847179,1.24437e+07
0,0,0,7.29744e+08,0,3.26463e+07,-847179,847179,1.24437e+07
0,0,0,7.29744e+08,0,3.26519e+07,-847179,847179,1.24437e+07
0,0,0,7.29744e+08,0,3.26574e+07,-847179,847179,1.24437e+07
0,0,0,7.29744e+08,0,2.84405e+07,-847179,847179,1.24437e+07
0,0,0,7.29744e+08,0,2.71273e+07,0,0,1.24437e+07
0,0,0,7.29744e+08,0,2.71321e+07,0,0,1.24437e+07
0,0,0,7.29744e+08,0,2.71369e+07,0,0,1.24437e+07
0,0,0,7.29744e+08,0,2.71418e+07,0,0,1.24437e+07
0,0,0,7.29744e+08,0,2.81931e+07,0,0,1.24437e+07
0,0,0,7.29744e+08,0,2.81981e+07,0,0,1.24437e+07
0,0,0,7.29744e+08,0,2.82031e+07,0,0,1.24437e+07
0,0,0,7.29744e+08,0,2.82082e+07,0,0,1.24437e+07
0,0,0,7.29744e+08,0,2.78052e+07,0,0,1.24437e+07
0,0,0,7.29744e+08,0,2.78102e+07,0,0,1.24437e+07
0,0,0,7.29744e+08,0,2.78151e+07,0,0,1.24437e+07
0,0,0,7.29744e+08,0,2.78201e+07,0,0,1.24437e+07
0,0,0,7.29744e+08,0,2.92459e+07,0,0,1.24437e+07
0,0,0,7.29744e+08,0,2.92511e+07,0,0,1.24437e+07
0,0,0,7.29744e+08,0,2.92563e+07,0,0,1.24437e+07
0,0,0,7.29744e+08,0,2.92615e+07,0,0,1.24437e+07
0,0,0,7.29744e+08,0,2.92667e+07,0,0,1.24437e+07
0,0,0,7.29744e+08,0,2.96068e+07,0,0,1.24437e+07
0,0,0,7.29744e+08,0,2.96121e+07,0,0,1.24437e+07
0,0,0,7.29744e+08,0,2.96173e+07,0,0,1.24437e+07
0,0,0,7.29744e+08,0,3.09406e+07,-847179,847179,1.24437e+07
0,0,0,7.29744e+08,0,3.16555e+07,-847179,847179,1.24437e+07
0,0,0,7.29744e+08,0,3.16609e+07,-847179,847179,1.24437e+07
0,0,0,7.29744e+08,0,3.16663e+07,-847179,847179,1.24437e+07
0,0,0,7.29744e+08,0,3.16717e+07,-847179,847179,1.24437e+07
0,0,0,7.29744e+08,0,3.4032e+07,-847179,847179,1.24437e+07
0,0,0,7.29744e+08,0,3.37758e+07,-678792,678792,1.24437e+07
0,0,0,7.29744e+08,0,3.37799e+07,-677702,677702,1.24437e+07
0,0,0,7.29744e+08,0,3.3784e+07,-676611,676611,1.24437e+07
0,0,0,7.29744e+08,0,3.37881e+07,-675520,675520,1.24437e+07
0,0,0,7.29744e+08,0,3.24688e+07,-674429,674429,1.24437e+07
0,0,0,7.29744e+08,0,3.27432e+07,-847179,847179,1.24437e+07
0,0,0,7.29744e+08,0,3.27487e+07,-847179,847179,1.24437e+07
0,0,0,7.29744e+08,0,3.27543e+07,-847179,847179,1.24437e+07
0,0,0,7.29744e+08,0,3.15935e+07,-847179,847179,1.24437e+07
0,0,0,7.29744e+08,0,3.15988e+07,-847179,847179,1.24437e+07
0,0,0,7.29744e+08,0,3.16042e+07,-847179,847179,1.24437e+07
0,0,0,7.29744e+08,0,3.16096e+07,-847179,847179,1.24437e+07
0,0,0,7.29744e+08,0,2.8912e+07,-847179,847179,1.24437e+07
0,0,0,7.29744e+08,0,2.89169e+07,-847179,847179,1.24437e+07
0,0,0,7.29744e+08,0,2.89218e+07,-847179,847179,1.24437e+07
0,0,0,7.29744e+08,0,2.89267e+07,-847179,847179,1.24437e+07
0,0,0,7.29744e+08,0,2.89316e+07,-847179,847179,1.24437e+07
0,0,0,7.29744e+08,0,2.89316e+07,-847179,847179,1.24437e+07
0,0,0,7.29744e+08,7.19925e+07,2.98168e+07,-847179,847179,1.24437e+07
0,0,0,7.29744e+08,0,2.98215e+07,-847179,847179,1.24437e+07
0,0,0,7.29744e+08,0,2.98263e+07,-847179,847179,1.24437e+07
0,0,0,7.29744e+08,0,2.98311e+07,-847179,847179,1.24437e+07
0,0,0,7.29744e+08,0,3.29298e+07,-847179,847179,1.24437e+07
0,0,0,7.29744e+08,0,3.29351e+07,-847179,847179,1.24437e+07
0,0,0,7.29744e+08,0,3.29404e+07,-847179,847179,1.24437e+07
0,0,0,7.29744e+08,0,3.29457e+07,-847179,847179,1.24437e+07
0,0,0,7.29744e+08,0,2.86897e+07,-847179,847179,1.24437e+07
0,0,0,7.29744e+08,0,2.73763e+07,0,0,1.24437e+07
0,0,0,7.29744e+08,0,2.73808e+07,0,0,1.24437e+07
0,0,0,7.29744e+08,0,2.73854e+07,0,0,1.24437e+07
0,0,0,7.29744e+08,0,2.739e+07,0,0,1.24437e+07
0,0,0,7.29744e+08,0,2.84507e+07,0,0,1.24437e+07
0,0,0,7.29744e+08,0,2.84555e+07,0,0,1.24437e+07
0,0,0,7.29744e+08,0,2.84603e+07,0,0,1.24437e+07
0,0,0,7.29744e+08,0,2.8465e+07,0,0,1.24437e+07
0,0,0,7.29744e+08,0,2.80582e+07,0,0,1.24437e+07
0,0,0,7.29744e+08,0,2.80629e+07,0,0,1.24437e+07
0,0,0,7.29744e+08,0,2.80676e+07,0,0,1.24437e+07
0,0,0,7.29744e+08,0,2.80723e+07,0,0,1.24437e+07
0,0,0,7.29744e+08,0,2.95108e+07,0,0,1.24437e+07
0,0,0,7.29744e+08,0,2.95157e+07,0,0,1.24437e+07
0,0,0,7.29744e+08,0,2.95206e+07,0,0,1.24437e+07
0,0,0,7.29744e+08,0,2.95256e+07,0,0,1.24437e+07
0,0,0,7.29744e+08,0,2.95305e+07,0,0,1.24437e+07
0,0,0,7.29744e+08,0,2.98734e+07,0,0,1.24437e+07
0,0,0,7.29744e+08,0,3.11964e+07,-847179,847179,1.24437e+07
0,0,0,7.29744e+08,0,3.12014e+07,-847179,847179,1.24437e+07
0,0,0,7.29744e+08,0,3.12064e+07,-847179,847179,1.24437e+07
0,0,0,7.29744e+08,0,3.19274e+07,-847179,847179,1.24437e+07
0,0,0,7.29744e+08,0,3.19325e+07,-847179,847179,1.24437e+07
0,0,0,7.29744e+08,0,3.19377e+07,-847179,847179,1.24437e+07
0,0,0,7.29744e+08,0,3.19428e+07,-847179,847179,1.24437e+07
0,0,0,7.29744e+08,0,3.43238e+07,-847179,847179,1.24437e+07
0,0,0,7.29744e+08,0,3.39822e+07,-624010,624010,1.24437e+07
0,0,0,7.29744e+08,0,3.39861e+07,-622972,622972,1.24437e+07
0,0,0,7.29744e+08,0,3.399e+07,-621935,621935,1.24437e+07
0,0,0,7.29744e+08,0,3.39939e+07,-620898,620898,1.24437e+07
0,0,0,7.29744e+08,0,3.26626e+07,-619860,619860,1.24437e+07
0,0,0,7.29744e+08,0,3.30216e+07,-847179,847179,1.24437e+07
0,0,0,7.29744e+08,0,3.30269e+07,-847179,847179,1.24437e+07
0,0,0,7.29744e+08,0,3.30322e+07,-847179,847179,1.24437e+07
0,0,0,7.29744e+08,0,3.18608e+07,-847179,847179,1.24437e+07
0,0,0,7.29744e+08,0,3.18659e+07,-847179,847179,1.24437e+07
0,0,0,7.29744e+08,0,3.1871e+07,-847179,847179,1.24437e+07
0,0,0,7.29744e+08,0,3.18761e+07,-847179,847179,1.24437e+07
0,0,0,7.29744e+08,0,2.91545e+07,-847179,847179,1.24437e+07
0,0,0,7.29744e+08,0,2.91592e+07,-847179,847179,1.24437e+07
0,0,0,7.29744e+08,0,2.91639e+07,-847179,847179,1.24437e+07
0,0,0,7.29744e+08,0,2.91685e+07,-847179,847179,1.24437e+07
0,0,0,7.29744e+08,0,2.91732e+07,-847179,847179,1.24437e+07
0,0,0,7.29744e+08,7.19925e+07,3.00658e+07,-847179,847179,1.24437e+07
0,0,0,7.29744e+08,0,3.00703e+07,-847179,847179,1.24437e+07
0,0,0,7.29744e+08,0,2.87568e+07,0,0,1.24437e+07
0,0,0,7.29744e+08,0,2.87613e+07,0,0,1.24437e+07
0,0,0,7.29744e+08,0,3.18867e+07,0,0,1.24437e+07
0,0,0,7.29744e+08,0,3.18917e+07,0,0,1.24437e+07
0,0,0,7.29744e+08,0,3.18968e+07,0,0,1.24437e+07
0,0,0,7.29744e+08,0,3.19018e+07,0,0,1.24437e+07
0,0,0,7.29744e+08,0,2.76086e+07,0,0,1.24437e+07
0,0,0,7.29744e+08,0,2.7613e+07,0,0,1.24437e+07
0,0,0,7.29744e+08,0,2.76173e+07,0,0,1.24437e+07
0,0,0,7.29744e+08,0,2.76217e+07,0,0,1.24437e+07
0,0,0,7.29744e+08,0,2.7626e+07,0,0,1.24437e+07
0,0,0,7.29744e+08,0,2.86956e+07,0,0,1.24437e+07
0,0,0,7.29744e+08,0,2.87001e+07,0,0,1.24437e+07
0,0,0,7.29744e+08,0,2.87046e+07,0,0,1.24437e+07
0,0,0,7.29744e+08,0,2.87091e+07,0,0,1.24437e+07
0,0,0,7.29744e+08,0,2.82985e+07,0,0,1.24437e+07
0,0,0,7.29744e+08,0,2.8303e+07,0,0,1.24437e+07
0,0,0,7.29744e+08,0,2.83074e+07,0,0,1.24437e+07
0,0,0,7.29744e+08,0,2.83119e+07,0,0,1.24437e+07
0,0,0,7.29744e+08,0,2.97623e+07,0,0,1.24437e+07
0,0,0,7.29744e+08,0,2.9767e+07,0,0,1.24437e+07
0,0,0,7.29744e+08,0,2.97717e+07,0,0,1.24437e+07
0,0,0,7.29744e+08,0,2.97764e+07,0,0,1.24437e+07
0,0,0,7.29744e+08,0,2.97811e+07,0,0,1.24437e+07
0,0,0,7.29744e+08,0,3.14446e+07,-847179,847179,1.24437e+07
0,0,0,7.29744e+08,0,3.14494e+07,-847179,847179,1.24437e+07
0,0,0,7.29744e+08,0,3.0136e+07,0,0,1.24437e+07
0,0,0,7.29744e+08,0,3.14588e+07,-847179,847179,1.24437e+07
0,0,0,7.29744e+08,0,3.21856e+07,-847179,847179,1.24437e+07
0,0,0,7.29744e+08,0,3.21905e+07,-847179,847179,1.24437e+07
0,0,0,7.29744e+08,0,3.21953e+07,-847179,847179,1.24437e+07
0,0,0,7.29744e+08,0,3.22002e+07,-847179,847179,1.24437e+07
0,0,0,7.29744e+08,0,3.46009e+07,-847179,847179,1.24437e+07
0,0,0,7.29744e+08,0,3.4178e+07,-572008,572008,1.24437e+07
0,0,0,7.29744e+08,0,3.41817e+07,-571025,571025,1.24437e+07
0,0,0,7.29744e+08,0,3.41855e+07,-570042,570042,1.24437e+07
0,0,0,7.29744e+08,0,3.41892e+07,-569058,569058,1.24437e+07
0,0,0,7.29744e+08,0,3.28466e+07,-568074,568074,1.24437e+07
0,0,0,7.29744e+08,0,3.32858e+07,-847179,847179,1.24437e+07
0,0,0,7.29744e+08,0,3.32909e+07,-847179,847179,1.24437e+07
0,0,0,7.29744e+08,0,3.32959e+07,-847179,847179,1.24437e+07
0,0,0,7.29744e+08,0,3.21144e+07,-847179,847179,1.24437e+07
0,0,0,7.29744e+08,0,3.21193e+07,-847179,847179,1.24437e+07
0,0,0,7.29744e+08,0,3.21241e+07,-847179,847179,1.24437e+07
0,0,0,7.29744e+08,0,3.2129e+07,-847179,847179,1.24437e+07
0,0,0,7.29744e+08,0,2.93846e+07,-847179,847179,1.24437e+07
0,0,0,7.29744e+08,0,2.9389e+07,-847179,847179,1.24437e+07
0,0,0,7.29744e+08,0,2.93934e+07,-847179,847179,1.24437e+07
0,0,0,7.29744e+08,0,2.93978e+07,-847179,847179,1.24437e+07
0,0,0,7.29744e+08,0,2.94022e+07,-847179,847179,1.24437e+07
0,0,0,7.29744e+08,8.11468e+07,3.03019e+07,-847179,847179,1.24437e+07
0,0,0,7.29744e+08,0,3.03062e+07,-847179,847179,1.24437e+07
0,0,0,7.29744e+08,0,3.03104e+07,-847179,847179,1.24437e+07
0,0,0,7.29744e+08,0,2.89966e+07,0,0,1.24437e+07
0,0,0,7.29744e+08,0,3.21473e+07,0,0,1.24437e+07
0,0,0,7.29744e+08,0,3.2152e+07,0,0,1.24437e+07
0,0,0,7.29744e+08,0,3.21568e+07,0,0,1.24437e+07
0,0,0,7.29744e+08,0,3.21615e+07,0,0,1.24437e+07
0,0,0,7.29744e+08,0,2.78331e+07,0,0,1.24437e+07
0,0,0,7.29744e+08,0,2.78372e+07,0,0,1.24437e+07
0,0,0,7.29744e+08,0,2.78413e+07,0,0,1.24437e+07
0,0,0,7.29744e+08,0,2.78454e+07,0,0,1.24437e+07
0,0,0,7.29744e+08,0,2.78496e+07,0,0,1.24437e+07
0,0,0,7.29744e+08,0,2.89275e+07,0,0,1.24437e+07
0,0,0,7.29744e+08,0,2.89317e+07,0,0,1.24437e+07
0,0,0,7.29744e+08,0,2.8936e+07,0,0,1.24437e+07
0,0,0,7.29744e+08,0,2.89403e+07,0,0,1.24437e+07
0,0,0,7.29744e+08,0,2.8526e+07,0,0,1.24437e+07
0,0,0,7.29744e+08,0,2.85302e+07,0,0,1.24437e+07
0,0,0,7.29744e+08,0,2.85344e+07,0,0,1.24437e+07
0,0,0,7.29744e+08,0,2.85387e+07,0,0,1.24437e+07
0,0,0,7.29744e+08,0,3.00004e+07,0,0,1.24437e+07
0,0,0,7.29744e+08,0,3.00049e+07,0,0,1.24437e+07
0,0,0,7.29744e+08,0,3.00093e+07,0,0,1.24437e+07
0,0,0,7.29744e+08,0,3.00137e+07,0,0,1.24437e+07
0,0,0,7.29744e+08,0,3.00181e+07,0,0,1.24437e+07
0,0,0,7.29744e+08,0,3.0366e+07,0,0,1.24437e+07
0,0,0,7.29744e+08,0,3.03705e+07,0,0,1.24437e+07
0,0,0,7.29744e+08,0,3.0375e+07,0,0,1.24437e+07
0,0,0,7.29744e+08,0,3.03795e+07,0,0,1.24437e+07
0,0,0,7.29744e+08,0,3.24297e+07,-847179,847179,1.24437e+07
0,0,0,7.29744e+08,0,3.24343e+07,-847179,847179,1.24437e+07
0,0,0,7.29744e+08,0,3.24389e+07,-847179,847179,1.24437e+07
0,0,0,7.29744e+08,0,3.24435e+07,-847179,847179,1.24437e+07
0,0,0,7.29744e+08,0,3.48628e+07,-847179,847179,1.24437e+07
0,0,0,7.29744e+08,0,3.48677e+07,-847179,847179,1.24437e+07
0,0,0,7.29744e+08,0,3.48727e+07,-847179,847179,1.24437e+07
0,0,0,7.29744e+08,0,3.48776e+07,-847179,847179,1.24437e+07
0,0,0,7.29744e+08,0,3.48826e+07,-847179,847179,1.24437e+07
0,0,0,7.29744e+08,0,3.35307e+07,-847179,847179,1.24437e+07
0,0,0,7.29744e+08,0,3.35354e+07,-847179,847179,1.24437e+07
0,0,0,7.29744e+08,0,3.35401e+07,-847179,847179,1.24437e+07
0,0,0,7.29744e+08,0,3.35449e+07,-847179,847179,1.24437e+07
0,0,0,7.29744e+08,0,3.23539e+07,-847179,847179,1.24437e+07
0,0,0,7.29744e+08,0,3.23585e+07,-847179,847179,1.24437e+07
0,0,0,7.29744e+08,0,3.23631e+07,-847179,847179,1.24437e+07
0,0,0,7.29744e+08,0,3.23676e+07,-847179,847179,1.24437e+07
0,0,0,7.29744e+08,0,2.96017e+07,-847179,847179,1.24437e+07
0,0,0,7.29744e+08,0,2.96059e+07,-847179,847179,1.24437e+07
0,0,0,7.29744e+08,0,2.961e+07,-847179,847179,1.24437e+07
0,0,0,7.29744e+08,0,2.96142e+07,-847179,847179,1.24437e+07
0,0,0,7.29744e+08,0,2.96184e+07,-847179,847179,1.24437e+07
0,0,0,7.29744e+08,8.11468e+07,3.05246e+07,-847179,847179,1.24437e+07
0,0,0,7.29744e+08,0,3.05287e+07,-847179,847179,1.24437e+07
0,0,0,7.29744e+08,0,3.05327e+07,-847179,847179,1.24437e+07
0,0,0,7.29744e+08,0,3.05367e+07,-847179,847179,1.24437e+07
0,0,0,7.29744e+08,0,3.37111e+07,-847179,847179,1.24437e+07
0,0,0,7.29744e+08,0,3.37156e+07,-847179,847179,1.24437e+07
0,0,0,7.29744e+08,0,3.37201e+07,-847179,847179,1.24437e+07
0,0,0,7.29744e+08,0,3.24065e+07,0,0,1.24437e+07
0,0,0,7.29744e+08,0,2.80448e+07,0,0,1.24437e+07
0,0,0,7.29744e+08,0,2.80487e+07,0,0,1.24437e+07
0,0,0,7.29744e+08,0,2.80525e+07,0,0,1.24437e+07
0,0,0,7.29744e+08,0,2.80564e+07,0,0,1.24437e+07
0,0,0,7.29744e+08,0,2.80603e+07,0,0,1.24437e+07
0,0,0,7.29744e+08,0,2.9146e+07,0,0,1.24437e+07
0,0,0,7.29744e+08,0,2.915e+07,0,0,1.24437e+07
0,0,0,7.29744e+08,0,2.9154e+07,0,0,1.24437e+07
0,0,0,7.29744e+08,0,2.91581e+07,0,0,1.24437e+07
0,0,0,7.29744e+08,0,2.87404e+07,0,0,1.24437e+07
0,0,0,7.29744e+08,0,2.87444e+07,0,0,1.24437e+07
0,0,0,7.29744e+08,0,2.87483e+07,0,0,1.24437e+07
0,0,0,7.29744e+08,0,2.87523e+07,0,0,1.24437e+07
0,0,0,7.29744e+08,0,3.02247e+07,0,0,1.24437e+07
0,0,0,7.29744e+08,0,3.02289e+07,0,0,1.24437e+07
0,0,0,7.29744e+08,0,3.0233e+07,0,0,1.24437e+07
0,0,0,7.29744e+08,0,3.02372e+07,0,0,1.24437e+07
0,0,0,7.29744e+08,0,3.02413e+07,0,0,1.24437e+07
0,0,0,7.29744e+08,0,3.05915e+07,0,0,1.24437e+07
0,0,0,7.29744e+08,0,3.05957e+07,0,0,1.24437e+07
0,0,0,7.29744e+08,0,3.05999e+07,0,0,1.24437e+07
0,0,0,7.29744e+08,0,3.06041e+07,0,0,1.24437e+07
0,0,0,7.29744e+08,0,3.26595e+07,-847179,847179,1.24437e+07
0,0,0,7.29744e+08,0,3.26638e+07,-847179,847179,1.24437e+07
0,0,0,7.29744e+08,0,3.26681e+07,-847179,847179,1.24437e+07
0,0,0,7.29744e+08,0,3.26724e+07,-847179,847179,1.24437e+07
0,0,0,7.29744e+08,0,3.51092e+07,-847179,847179,1.24437e+07
0,0,0,7.29744e+08,0,3.51138e+07,-847179,847179,1.24437e+07
0,0,0,7.29744e+08,0,3.51185e+07,-847179,847179,1.24437e+07
0,0,0,7.29744e+08,0,3.51231e+07,-847179,847179,1.24437e+07
0,0,0,7.29744e+08,0,3.51278e+07,-847179,847179,1.24437e+07
0,0,0,7.29744e+08,0,3.37657e+07,-847179,847179,1.24437e+07
0,0,0,7.29744e+08,0,3.37701e+07,-847179,847179,1.24437e+07
0,0,0,7.29744e+08,0,3.37746e+07,-847179,847179,1.24437e+07
0,0,0,7.29744e+08,0,3.3779e+07,-847179,847179,1.24437e+07
0,0,0,7.29744e+08,0,3.25791e+07,-847179,847179,1.24437e+07
0,0,0,7.29744e+08,0,3.25834e+07,-847179,847179,1.24437e+07
0,0,0,7.29744e+08,0,3.25877e+07,-847179,847179,1.24437e+07
0,0,0,7.29744e+08,0,3.2592e+07,-847179,847179,1.24437e+07
0,0,0,7.29744e+08,0,2.98058e+07,-847179,847179,1.24437e+07
0,0,0,7.29744e+08,0,2.98097e+07,-847179,847179,1.24437e+07
0,0,0,7.29744e+08,0,2.98136e+07,-847179,847179,1.24437e+07
0,0,0,7.29744e+08,0,2.98175e+07,-847179,847179,1.24437e+07
0,0,0,7.29744e+08,0,2.98214e+07,-847179,847179,1.24437e+07
0,0,0,7.29744e+08,0,3.07339e+07,-847179,847179,1.24437e+07
0,0,0,7.29744e+08,5.11962e+07,3.07377e+07,-847179,847179,1.24437e+07
0,0,0,7.29744e+08,0,3.07415e+07,-847179,847179,1.24437e+07
0,0,0,7.29744e+08,0,2.94272e+07,0,0,1.24437e+07
0,0,0,7.29744e+08,0,3.2624e+07,0,0,1.24437e+07
0,0,0,7.29744e+08,0,3.26282e+07,0,0,1.24437e+07
0,0,0,7.29744e+08,0,3.26323e+07,0,0,1.24437e+07
0,0,0,7.29744e+08,0,3.26365e+07,0,0,1.24437e+07
0,0,0,7.29744e+08,0,2.82436e+07,0,0,1.24437e+07
0,0,0,7.29744e+08,0,2.82472e+07,0,0,1.24437e+07
0,0,0,7.29744e+08,0,2.82509e+07,0,0,1.24437e+07
0,0,0,7.29744e+08,0,2.82545e+07,0,0,1.24437e+07
0,0,0,7.29744e+08,0,2.82581e+07,0,0,1.24437e+07
0,0,0,7.29744e+08,0,2.93512e+07,0,0,1.24437e+07
0,0,0,7.29744e+08,0,2.9355e+07,0,0,1.24437e+07
0,0,0,7.29744e+08,0,2.93588e+07,0,0,1.24437e+07
0,0,0,7.29744e+08,0,2.93625e+07,0,0,1.24437e+07
0,0,0,7.29744e+08,0,2.89417e+07,0,0,1.24437e+07
0,0,0,7.29744e+08,0,2.89454e+07,0,0,1.24437e+07
0,0,0,7.29744e+08,0,2.89491e+07,0,0,1.24437e+07
0,0,0,7.29744e+08,0,2.89528e+07,0,0,1.24437e+07
0,0,0,7.29744e+08,0,3.04352e+07,0,0,1.24437e+07
0,0,0,7.29744e+08,0,3.04391e+07,0,0,1.24437e+07
0,0,0,7.29744e+08,0,3.0443e+07,0,0,1.24437e+07
0,0,0,7.29744e+08,0,3.04469e+07,0,0,1.24437e+07
0,0,0,7.29744e+08,0,3.04508e+07,0,0,1.24437e+07
0,0,0,7.29744e+08,0,3.08031e+07,0,0,1.24437e+07
0,0,0,7.29744e+08,0,3.0807e+07,0,0,1.24437e+07
0,0,0,7.29744e+08,0,3.08109e+07,0,0,1.24437e+07
0,0,0,7.29744e+08,0,3.08149e+07,0,0,1.24437e+07
0,0,0,7.29744e+08,0,3.2875e+07,-847179,847179,1.24437e+07
0,0,0,7.29744e+08,0,3.28791e+07,-847179,847179,1.24437e+07
0,0,0,7.29744e+08,0,3.28831e+07,-847179,847179,1.24437e+07
0,0,0,7.29744e+08,0,3.28871e+07,-847179,847179,1.24437e+07
0,0,0,7.29744e+08,0,3.53403e+07,-847179,847179,1.24437e+07
0,0,0,7.29744e+08,0,3.53446e+07,-847179,847179,1.24437e+07
0,0,0,7.29744e+08,0,3.5349e+07,-847179,847179,1.24437e+07
0,0,0,7.29744e+08,0,3.53533e+07,-847179,847179,1.24437e+07
0,0,0,7.29744e+08,0,3.53577e+07,-847179,847179,1.24437e+07
0,0,0,7.29744e+08,0,3.3986e+07,-847179,847179,1.24437e+07
0,0,0,7.29744e+08,0,3.39902e+07,-847179,847179,1.24437e+07
0,0,0,7.29744e+08,0,3.39944e+07,-847179,847179,1.24437e+07
0,0,0,7.29744e+08,0,3.39985e+07,-847179,847179,1.24437e+07
0,0,0,7.29744e+08,0,3.27902e+07,-847179,847179,1.24437e+07
0,0,0,7.29744e+08,0,3.27942e+07,-847179,847179,1.24437e+07
0,0,0,7.29744e+08,0,3.27982e+07,-847179,847179,1.24437e+07
0,0,0,7.29744e+08,0,3.28023e+07,-847179,847179,1.24437e+07
0,0,0,7.29744e+08,0,2.9997e+07,-847179,847179,1.24437e+07
0,0,0,7.29744e+08,0,3.00007e+07,-847179,847179,1.24437e+07
0,0,0,7.29744e+08,0,3.00044e+07,-847179,847179,1.24437e+07
0,0,0,7.29744e+08,0,3.0008e+07,-847179,847179,1.24437e+07
0,0,0,7.29744e+08,0,2.86936e+07,0,0,1.24437e+07
0,0,0,7.29744e+08,0,2.9612e+07,0,0,1.24437e+07
0,0,0,7.29744e+08,0,2.96155e+07,0,0,1.24437e+07
0,0,0,7.29744e+08,0,2.9619e+07,0,0,1.24437e+07
0,0,0,7.29744e+08,0,2.96225e+07,0,0,1.24437e+07
0,0,0,7.29744e+08,0,3.28402e+07,0,0,1.24437e+07
0,0,0,7.29744e+08,0,3.28441e+07,0,0,1.24437e+07
0,0,0,7.29744e+08,0,3.2848e+07,0,0,1.24437e+07
0,0,0,7.29744e+08,0,3.28519e+07,0,0,1.24437e+07
0,0,0,7.29744e+08,0,2.84298e+07,0,0,1.24437e+07
0,0,0,7.29744e+08,0,2.84332e+07,0,0,1.24437e+07
0,0,0,7.29744e+08,0,2.84365e+07,0,0,1.24437e+07
0,0,0,7.29744e+08,0,2.84399e+07,0,0,1.24437e+07
0,0,0,7.29744e+08,0,2.84433e+07,0,0,1.24437e+07
0,0,0,7.29744e+08,0,2.95433e+07,0,0,1.24437e+07
0,0,0,7.29744e+08,0,2.95468e+07,0,0,1.24437e+07
0,0,0,7.29744e+08,0,2.95503e+07,0,0,1.24437e+07
0,0,0,7.29744e+08,0,2.95538e+07,0,0,1.24437e+07
0,0,0,7.29744e+08,0,2.913e+07,0,0,1.24437e+07
0,0,0,7.29744e+08,0,2.91334e+07,0,0,1.24437e+07
0,0,0,7.29744e+08,0,2.91369e+07,0,0,1.24437e+07
0,0,0,7.29744e+08,0,2.91404e+07,0,0,1.24437e+07
0,0,0,7.29744e+08,0,3.06321e+07,0,0,1.24437e+07
0,0,0,7.29744e+08,0,3.06357e+07,0,0,1.24437e+07
0,0,0,7.29744e+08,0,3.06394e+07,0,0,1.24437e+07
0,0,0,7.29744e+08,0,3.0643e+07,0,0,1.24437e+07
0,0,0,7.29744e+08,0,3.06466e+07,0,0,1.24437e+07
0,0,0,7.29744e+08,0,3.10009e+07,0,0,1.24437e+07
0,0,0,7.29744e+08,0,3.10046e+07,0,0,1.24437e+07
0,0,0,7.29744e+08,0,3.10083e+07,0,0,1.24437e+07
0,0,0,7.29744e+08,0,3.233e+07,-847179,847179,1.24437e+07
0,0,0,7.29744e+08,0,3.30765e+07,-847179,847179,1.24437e+07
0,0,0,7.29744e+08,0,3.30803e+07,-847179,847179,1.24437e+07
0,0,0,7.29744e+08,0,3.30841e+07,-847179,847179,1.24437e+07
0,0,0,7.29744e+08,0,3.30878e+07,-847179,847179,1.24437e+07
0,0,0,7.29744e+08,0,3.55562e+07,-847179,847179,1.24437e+07
0,0,0,7.29744e+08,0,3.55603e+07,-847179,847179,1.24437e+07
0,0,0,7.29744e+08,0,3.55644e+07,-847179,847179,1.24437e+07
0,0,0,7.29744e+08,0,3.55684e+07,-847179,847179,1.24437e+07
0,0,0,7.29744e+08,0,3.55725e+07,-847179,847179,1.24437e+07
0,0,0,7.29744e+08,0,3.41919e+07,-847179,847179,1.24437e+07
0,0,0,7.29744e+08,0,3.41958e+07,-847179,847179,1.24437e+07
0,0,0,7.29744e+08,0,3.41997e+07,-847179,847179,1.24437e+07
0,0,0,7.29744e+08,0,3.42036e+07,-847179,847179,1.24437e+07
0,0,0,7.29744e+08,0,3.29873e+07,-847179,847179,1.24437e+07
0,0,0,7.29744e+08,0,3.29911e+07,-847179,847179,1.24437e+07
0,0,0,7.29744e+08,0,3.29948e+07,-847179,847179,1.24437e+07
0,0,0,7.29744e+08,0,3.29986e+07,-847179,847179,1.24437e+07
0,0,0,7.29744e+08,0,3.01756e+07,-847179,847179,1.24437e+07
0,0,0,7.29744e+08,0,3.0179e+07,-847179,847179,1.24437e+07
0,0,0,7.29744e+08,0,3.01825e+07,-847179,847179,1.24437e+07
0,0,0,7.29744e+08,0,3.01859e+07,-847179,847179,1.24437e+07
0,0,0,7.29744e+08,0,3.01893e+07,-847179,847179,1.24437e+07
0,0,0,7.29744e+08,0,3.01893e+07,-847179,847179,1.24437e+07
0,0,0,7.29744e+08,0,3.1113e+07,-847179,847179,1.24437e+07
0,0,0,7.29744e+08,0,3.11163e+07,-847179,847179,1.24437e+07
0,0,0,7.29744e+08,0,3.11196e+07,-847179,847179,1.24437e+07
0,0,0,7.29744e+08,0,3.11228e+07,-847179,847179,1.24437e+07
0,0,0,7.29744e+08,0,3.3042e+07,0,0,1.24437e+07
0,0,0,7.29744e+08,0,3.30456e+07,0,0,1.24437e+07
0,0,0,7.29744e+08,0,3.30492e+07,0,0,1.24437e+07
0,0,0,7.29744e+08,0,3.30528e+07,0,0,1.24437e+07
0,0,0,7.29744e+08,0,2.86034e+07,0,0,1.24437e+07
0,0,0,7.29744e+08,0,2.86065e+07,0,0,1.24437e+07
0,0,0,7.29744e+08,0,2.86097e+07,0,0,1.24437e+07
0,0,0,7.29744e+08,0,2.86128e+07,0,0,1.24437e+07
0,0,0,7.29744e+08,0,2.86159e+07,0,0,1.24437e+07
0,0,0,7.29744e+08,0,2.97224e+07,0,0,1.24437e+07
0,0,0,7.29744e+08,0,2.97256e+07,0,0,1.24437e+07
0,0,0,7.29744e+08,0,2.97289e+07,0,0,1.24437e+07
0,0,0,7.29744e+08,0,2.97322e+07,0,0,1.24437e+07
0,0,0,7.29744e+08,0,2.93055e+07,0,0,1.24437e+07
0,0,0,7.29744e+08,0,2.93087e+07,0,0,1.24437e+07
0,0,0,7.29744e+08,0,2.93119e+07,0,0,1.24437e+07
0,0,0,7.29744e+08,0,2.93151e+07,0,0,1.24437e+07
0,0,0,7.29744e+08,0,3.08155e+07,0,0,1.24437e+07
0,0,0,7.29744e+08,0,3.08189e+07,0,0,1.24437e+07
0,0,0,7.29744e+08,0,3.08223e+07,0,0,1.24437e+07
0,0,0,7.29744e+08,0,3.08256e+07,0,0,1.24437e+07
0,0,0,7.29744e+08,0,3.0829e+07,0,0,1.24437e+07
0,0,0,7.29744e+08,0,3.11851e+07,0,0,1.24437e+07
0,0,0,7.29744e+08,0,3.25066e+07,-847179,847179,1.24437e+07
0,0,0,7.29744e+08,0,3.251e+07,-847179,847179,1.24437e+07
0,0,0,7.29744e+08,0,3.25134e+07,-847179,847179,1.24437e+07
0,0,0,7.29744e+08,0,3.32641e+07,-847179,847179,1.24437e+07
0,0,0,7.29744e+08,0,3.32676e+07,-847179,847179,1.24437e+07
0,0,0,7.29744e+08,0,3.32711e+07,-847179,847179,1.24437e+07
0,0,0,7.29744e+08,0,3.32746e+07,-847179,847179,1.24437e+07
0,0,0,7.29744e+08,0,3.57572e+07,-847179,847179,1.24437e+07
0,0,0,7.29744e+08,0,3.57609e+07,-847179,847179,1.24437e+07
0,0,0,7.29744e+08,0,3.57647e+07,-847179,847179,1.24437e+07
0,0,0,7.29744e+08,0,3.57685e+07,-847179,847179,1.24437e+07
0,0,0,7.29744e+08,0,3.57723e+07,-847179,847179,1.24437e+07
0,0,0,7.29744e+08,0,3.43833e+07,-847179,847179,1.24437e+07
0,0,0,7.29744e+08,0,3.43869e+07,-847179,847179,1.24437e+07
0,0,0,7.29744e+08,0,3.43905e+07,-847179,847179,1.24437e+07
0,0,0,7.29744e+08,0,3.43941e+07,-847179,847179,1.24437e+07
0,0,0,7.29744e+08,0,3.31706e+07,-847179,847179,1.24437e+07
0,0,0,7.29744e+08,0,3.31741e+07,-847179,847179,1.24437e+07
0,0,0,7.29744e+08,0,3.31775e+07,-847179,847179,1.24437e+07
0,0,0,7.29744e+08,0,3.3181e+07,-847179,847179,1.24437e+07
0,0,0,7.29744e+08,0,3.03415e+07,-847179,847179,1.24437e+07
0,0,0,7.29744e+08,0,3.03447e+07,-847179,847179,1.24437e+07
0,0,0,7.29744e+08,0,3.03479e+07,-847179,847179,1.24437e+07
0,0,0,7.29744e+08,0,3.03511e+07,-847179,847179,1.24437e+07
0,0,0,7.29744e+08,0,3.03543e+07,-847179,847179,1.24437e+07
0,0,0,7.29744e+08,0,3.1283e+07,-847179,847179,1.24437e+07
0,0,0,7.29744e+08,0,3.1286e+07,-847179,847179,1.24437e+07
0,0,0,7.29744e+08,0,3.1289e+07,-847179,847179,1.24437e+07
0,0,0,7.29744e+08,0,3.1292e+07,-847179,847179,1.24437e+07
0,0,0,7.29744e+08,0,3.45473e+07,-847179,847179,1.24437e+07
0,0,0,7.29744e+08,0,3.45507e+07,-847179,847179,1.24437e+07
0,0,0,7.29744e+08,0,3.32359e+07,0,0,1.24437e+07
0,0,0,7.29744e+08,0,3.32393e+07,0,0,1.24437e+07
0,0,0,7.29744e+08,0,2.87645e+07,0,0,1.24437e+07
0,0,0,7.29744e+08,0,2.87674e+07,0,0,1.24437e+07
0,0,0,7.29744e+08,0,2.87703e+07,0,0,1.24437e+07
0,0,0,7.29744e+08,0,2.87732e+07,0,0,1.24437e+07
0,0,0,7.29744e+08,0,2.87761e+07,0,0,1.24437e+07
0,0,0,7.29744e+08,0,2.98884e+07,0,0,1.24437e+07
0,0,0,7.29744e+08,0,2.98914e+07,0,0,1.24437e+07
0,0,0,7.29744e+08,0,2.98945e+07,0,0,1.24437e+07
0,0,0,7.29744e+08,0,2.98975e+07,0,0,1.24437e+07
0,0,0,7.29744e+08,0,2.94682e+07,0,0,1.24437e+07
0,0,0,7.29744e+08,0,2.94711e+07,0,0,1.24437e+07
0,0,0,7.29744e+08,0,2.94741e+07,0,0,1.24437e+07
0,0,0,7.29744e+08,0,2.9477e+07,0,0,1.24437e+07
0,0,0,7.29744e+08,0,3.09854e+07,0,0,1.24437e+07
0,0,0,7.29744e+08,0,3.09886e+07,0,0,1.24437e+07
0,0,0,7.29744e+08,0,3.09917e+07,0,0,1.24437e+07
0,0,0,7.29744e+08,0,3.09948e+07,0,0,1.24437e+07
0,0,0,7.29744e+08,0,3.09979e+07,0,0,1.24437e+07
0,0,0,7.29744e+08,0,3.13557e+07,0,0,1.24437e+07
0,0,0,7.29744e+08,0,3.13588e+07,0,0,1.24437e+07
0,0,0,7.29744e+08,0,3.26801e+07,-847179,847179,1.24437e+07
0,0,0,7.29744e+08,0,3.26832e+07,-847179,847179,1.24437e+07
0,0,0,7.29744e+08,0,3.34377e+07,-847179,847179,1.24437e+07
0,0,0,7.29744e+08,0,3.34409e+07,-847179,847179,1.24437e+07
0,0,0,7.29744e+08,0,3.34441e+07,-847179,847179,1.24437e+07
0,0,0,7.29744e+08,0,3.34473e+07,-847179,847179,1.24437e+07
0,0,0,7.29744e+08,0,3.59431e+07,-847179,847179,1.24437e+07
0,0,0,7.29744e+08,0,3.59465e+07,-847179,847179,1.24437e+07
0,0,0,7.29744e+08,0,3.595e+07,-847179,847179,1.24437e+07
0,0,0,7.29744e+08,0,3.59535e+07,-847179,847179,1.24437e+07
0,0,0,7.29744e+08,0,3.5957e+07,-847179,847179,1.24437e+07
0,0,0,7.29744e+08,0,3.45603e+07,-847179,847179,1.24437e+07
0,0,0,7.29744e+08,0,3.45636e+07,-847179,847179,1.24437e+07
0,0,0,7.29744e+08,0,3.4567e+07,-847179,847179,1.24437e+07
0,0,0,7.29744e+08,0,3.45703e+07,-847179,847179,1.24437e+07
0,0,0,7.29744e+08,0,3.33399e+07,-847179,847179,1.24437e+07
0,0,0,7.29744e+08,0,3.33431e+07,-847179,847179,1.24437e+07
0,0,0,7.29744e+08,0,3.33464e+07,-847179,847179,1.24437e+07
0,0,0,7.29744e+08,0,3.33496e+07,-847179,847179,1.24437e+07
0,0,0,7.29744e+08,0,3.04948e+07,-847179,847179,1.24437e+07
0,0,0,7.29744e+08,0,3.04977e+07,-847179,847179,1.24437e+07
0,0,0,7.29744e+08,0,3.05007e+07,-847179,847179,1.24437e+07
0,0,0,7.29744e+08,0,3.05036e+07,-847179,847179,1.24437e+07
0,0,0,7.29744e+08,0,3.05065e+07,-847179,847179,1.24437e+07
0,0,0,7.29744e+08,0,3.14399e+07,-847179,847179,1.24437e+07
0,0,0,7.29744e+08,0,3.14427e+07,-847179,847179,1.24437e+07
0,0,0,7.29744e+08,0,3.14454e+07,-847179,847179,1.24437e+07
0,0,0,7.29744e+08,0,3.14482e+07,-847179,847179,1.24437e+07
0,0,0,7.29744e+08,0,3.34021e+07,0,0,1.24437e+07
0,0,0,7.29744e+08,0,3.34051e+07,0,0,1.24437e+07
0,0,0,7.29744e+08,0,3.34082e+07,0,0,1.24437e+07
0,0,0,7.29744e+08,0,3.34113e+07,0,0,1.24437e+07
0,0,0,7.29744e+08,0,2.89131e+07,0,0,1.24437e+07
0,0,0,7.29744e+08,0,2.89157e+07,0,0,1.24437e+07
0,0,0,7.29744e+08,0,2.89184e+07,0,0,1.24437e+07
0,0,0,7.29744e+08,0,2.8921e+07,0,0,1.24437e+07
0,0,0,7.29744e+08,0,2.89237e+07,0,0,1.24437e+07
0,0,0,7.29744e+08,0,3.00415e+07,0,0,1.24437e+07
0,0,0,7.29744e+08,0,3.00443e+07,0,0,1.24437e+07
0,0,0,7.29744e+08,0,3.0047e+07,0,0,1.24437e+07
0,0,0,7.29744e+08,0,3.00498e+07,0,0,1.24437e+07
0,0,0,7.29744e+08,0,2.9618e+07,0,0,1.24437e+07
0,0,0,7.29744e+08,0,2.96207e+07,0,0,1.24437e+07
0,0,0,7.29744e+08,0,2.96235e+07,0,0,1.24437e+07
0,0,0,7.29744e+08,0,2.96262e+07,0,0,1.24437e+07
0,0,0,7.29744e+08,0,3.11419e+07,0,0,1.24437e+07
0,0,0,7.29744e+08,0,3.11448e+07,0,0,1.24437e+07
0,0,0,7.29744e+08,0,3.11476e+07,0,0,1.24437e+07
0,0,0,7.29744e+08,0,3.11505e+07,0,0,1.24437e+07
0,0,0,7.29744e+08,0,3.11534e+07,0,0,1.24437e+07
0,0,0,7.29744e+08,0,3.15127e+07,0,0,1.24437e+07
0,0,0,7.29744e+08,0,3.15155e+07,0,0,1.24437e+07
0,0,0,7.29744e+08,0,3.28365e+07,-847179,847179,1.24437e+07
0,0,0,7.29744e+08,0,3.28394e+07,-847179,847179,1.24437e+07
0,0,0,7.29744e+08,0,3.35973e+07,-847179,847179,1.24437e+07
0,0,0,7.29744e+08,0,3.36003e+07,-847179,847179,1.24437e+07
0,0,0,7.29744e+08,0,3.36032e+07,-847179,847179,1.24437e+07
0,0,0,7.29744e+08,0,3.36062e+07,-847179,847179,1.24437e+07
0,0,0,7.29744e+08,0,3.6114e+07,-847179,847179,1.24437e+07
0,0,0,7.29744e+08,0,3.61172e+07,-847179,847179,1.24437e+07
0,0,0,7.29744e+08,0,3.61203e+07,-847179,847179,1.24437e+07
0,0,0,7.29744e+08,0,3.61235e+07,-847179,847179,1.24437e+07
0,0,0,7.29744e+08,0,3.61267e+07,-847179,847179,1.24437e+07
0,0,0,7.29744e+08,0,3.47229e+07,-847179,847179,1.24437e+07
0,0,0,7.29744e+08,0,3.47259e+07,-847179,847179,1.24437e+07
0,0,0,7.29744e+08,0,3.4729e+07,-847179,847179,1.24437e+07
0,0,0,7.29744e+08,0,3.47321e+07,-847179,847179,1.24437e+07
0,0,0,7.29744e+08,0,3.34954e+07,-847179,847179,1.24437e+07
0,0,0,7.29744e+08,0,3.34984e+07,-847179,847179,1.24437e+07
0,0,0,7.29744e+08,0,3.35013e+07,-847179,847179,1.24437e+07
0,0,0,7.29744e+08,0,3.35043e+07,-847179,847179,1.24437e+07
0,0,0,7.29744e+08,0,3.06355e+07,-847179,847179,1.24437e+07
0,0,0,7.29744e+08,0,3.06382e+07,-847179,847179,1.24437e+07
0,0,0,7.29744e+08,0,3.06408e+07,-847179,847179,1.24437e+07
0,0,0,7.29744e+08,0,3.06435e+07,-847179,847179,1.24437e+07
0,0,0,7.29744e+08,0,3.06462e+07,-847179,847179,1.24437e+07
0,0,0,7.29744e+08,0,3.02657e+07,0,0,1.24437e+07
0,0,0,7.29744e+08,0,3.02682e+07,0,0,1.24437e+07
0,0,0,7.29744e+08,0,3.02708e+07,0,0,1.24437e+07
0,0,0,7.29744e+08,0,3.02733e+07,0,0,1.24437e+07
0,0,0,7.29744e+08,0,3.35605e+07,0,0,1.24437e+07
0,0,0,7.29744e+08,0,3.35633e+07,0,0,1.24437e+07
0,0,0,7.29744e+08,0,3.35661e+07,0,0,1.24437e+07
0,0,0,7.29744e+08,0,3.35689e+07,0,0,1.24437e+07
0,0,0,7.29744e+08,0,2.90492e+07,0,0,1.24437e+07
0,0,0,7.29744e+08,0,2.90516e+07,0,0,1.24437e+07
0,0,0,7.29744e+08,0,2.9054e+07,0,0,1.24437e+07
0,0,0,7.29744e+08,0,2.90565e+07,0,0,1.24437e+07
0,0,0,7.29744e+08,0,2.90589e+07,0,0,1.24437e+07
0,0,0,7.29744e+08,0,3.01816e+07,0,0,1.24437e+07
0,0,0,7.29744e+08,0,3.01842e+07,0,0,1.24437e+07
0,0,0,7.29744e+08,0,3.01867e+07,0,0,1.24437e+07
0,0,0,7.29744e+08,0,3.01892e+07,0,0,1.24437e+07
0,0,0,7.29744e+08,0,2.97552e+07,0,0,1.24437e+07
0,0,0,7.29744e+08,0,2.97576e+07,0,0,1.24437e+07
0,0,0,7.29744e+08,0,2.97601e+07,0,0,1.24437e+07
0,0,0,7.29744e+08,0,2.97626e+07,0,0,1.24437e+07
0,0,0,7.29744e+08,0,3.12851e+07,0,0,1.24437e+07
0,0,0,7.29744e+08,0,3.12877e+07,0,0,1.24437e+07
0,0,0,7.29744e+08,0,3.12903e+07,0,0,1.24437e+07
0,0,0,7.29744e+08,0,3.12929e+07,0,0,1.24437e+07
0,0,0,7.29744e+08,0,3.12955e+07,0,0,1.24437e+07
0,0,0,7.29744e+08,0,3.16561e+07,0,0,1.24437e+07
0,0,0,7.29744e+08,0,3.16588e+07,0,0,1.24437e+07
0,0,0,7.29744e+08,0,3.29795e+07,-847179,847179,1.24437e+07
0,0,0,7.29744e+08,0,3.29821e+07,-847179,847179,1.24437e+07
0,0,0,7.29744e+08,0,3.37432e+07,-847179,847179,1.24437e+07
0,0,0,7.29744e+08,0,3.37459e+07,-847179,847179,1.24437e+07
0,0,0,7.29744e+08,0,3.37486e+07,-847179,847179,1.24437e+07
0,0,0,7.29744e+08,0,3.37513e+07,-847179,847179,1.24437e+07
0,0,0,7.29744e+08,0,3.627e+07,-847179,847179,1.24437e+07
0,0,0,7.29744e+08,0,3.62729e+07,-847179,847179,1.24437e+07
0,0,0,7.29744e+08,0,3.62758e+07,-847179,847179,1.24437e+07
0,0,0,7.29744e+08,0,3.62787e+07,-847179,847179,1.24437e+07
0,0,0,7.29744e+08,0,3.62816e+07,-847179,847179,1.24437e+07
0,0,0,7.29744e+08,0,3.48712e+07,-847179,847179,1.24437e+07
0,0,0,7.29744e+08,0,3.4874e+07,-847179,847179,1.24437e+07
0,0,0,7.29744e+08,0,3.48768e+07,-847179,847179,1.24437e+07
0,0,0,7.29744e+08,0,3.48796e+07,-847179,847179,1.24437e+07
0,0,0,7.29744e+08,0,3.36372e+07,-847179,847179,1.24437e+07
0,0,0,7.29744e+08,0,3.36399e+07,-847179,847179,1.24437e+07
0,0,0,7.29744e+08,0,3.36426e+07,-847179,847179,1.24437e+07
0,0,0,7.29744e+08,0,3.36453e+07,-847179,847179,1.24437e+07
0,0,0,7.29744e+08,0,3.07637e+07,-847179,847179,1.24437e+07
0,0,0,7.29744e+08,0,3.07661e+07,-847179,847179,1.24437e+07
0,0,0,7.29744e+08,0,3.07686e+07,-847179,847179,1.24437e+07
0,0,0,7.29744e+08,0,3.0771e+07,-847179,847179,1.24437e+07
0,0,0,7.29744e+08,0,3.07735e+07,-847179,847179,1.24437e+07
0,0,0,7.29744e+08,0,3.17148e+07,-847179,847179,1.24437e+07
0,0,0,7.29744e+08,0,3.17171e+07,-847179,847179,1.24437e+07
0,0,0,7.29744e+08,0,3.17194e+07,-847179,847179,1.24437e+07
0,0,0,7.29744e+08,0,3.17217e+07,-847179,847179,1.24437e+07
0,0,0,7.29744e+08,0,3.50227e+07,-847179,847179,1.24437e+07
0,0,0,7.29744e+08,0,3.50252e+07,-847179,847179,1.24437e+07
0,0,0,7.29744e+08,0,3.50278e+07,-847179,847179,1.24437e+07
0,0,0,7.29744e+08,0,3.37122e+07,0,0,1.24437e+07
0,0,0,7.29744e+08,0,2.9173e+07,0,0,1.24437e+07
0,0,0,7.29744e+08,0,3.04933e+07,-847179,847179,1.24437e+07
0,0,0,7.29744e+08,0,2.91774e+07,0,0,1.24437e+07
0,0,0,7.29744e+08,0,2.91796e+07,0,0,1.24437e+07
0,0,0,7.29744e+08,0,2.91817e+07,0,0,1.24437e+07
0,0,0,7.29744e+08,0,3.0309e+07,0,0,1.24437e+07
0,0,0,7.29744e+08,0,3.03113e+07,0,0,1.24437e+07
0,0,0,7.29744e+08,0,3.03135e+07,0,0,1.24437e+07
0,0,0,7.29744e+08,0,3.03158e+07,0,0,1.24437e+07
0,0,0,7.29744e+08,0,2.98797e+07,0,0,1.24437e+07
0,0,0,7.29744e+08,0,2.9882e+07,0,0,1.24437e+07
0,0,0,7.29744e+08,0,2.98842e+07,0,0,1.24437e+07
0,0,0,7.29744e+08,0,2.98864e+07,0,0,1.24437e+07
0,0,0,7.29744e+08,0,3.1415e+07,0,0,1.24437e+07
0,0,0,7.29744e+08,0,3.14173e+07,0,0,1.24437e+07
0,0,0,7.29744e+08,0,3.14197e+07,0,0,1.24437e+07
0,0,0,7.29744e+08,0,3.1422e+07,0,0,1.24437e+07
0,0,0,7.29744e+08,0,3.14244e+07,0,0,1.24437e+07
0,0,0,7.29744e+08,0,3.17862e+07,0,0,1.24437e+07
0,0,0,7.29744e+08,0,3.17886e+07,0,0,1.24437e+07
0,0,0,7.29744e+08,0,3.1791e+07,0,0,1.24437e+07
0,0,0,7.29744e+08,0,3.31114e+07,-847179,847179,1.24437e+07
0,0,0,7.29744e+08,0,3.38753e+07,-847179,847179,1.24437e+07
0,0,0,7.29744e+08,0,3.38778e+07,-847179,847179,1.24437e+07
0,0,0,7.29744e+08,0,3.38802e+07,-847179,847179,1.24437e+07
0,0,0,7.29744e+08,0,3.38826e+07,-847179,847179,1.24437e+07
0,0,0,7.29744e+08,0,3.64113e+07,-847179,847179,1.24437e+07
0,0,0,7.29744e+08,0,3.64139e+07,-847179,847179,1.24437e+07
0,0,0,7.29744e+08,0,3.64165e+07,-847179,847179,1.24437e+07
0,0,0,7.29744e+08,0,3.64191e+07,-847179,847179,1.24437e+07
0,0,0,7.29744e+08,0,3.64218e+07,-847179,847179,1.24437e+07
0,0,0,7.29744e+08,0,3.50054e+07,-847179,847179,1.24437e+07
0,0,0,7.29744e+08,0,3.50079e+07,-847179,847179,1.24437e+07
0,0,0,7.29744e+08,0,3.50105e+07,-847179,847179,1.24437e+07
0,0,0,7.29744e+08,0,3.5013e+07,-847179,847179,1.24437e+07
0,0,0,7.29744e+08,0,3.37654e+07,-847179,847179,1.24437e+07
0,0,0,7.29744e+08,0,3.37678e+07,-847179,847179,1.24437e+07
0,0,0,7.29744e+08,0,3.37702e+07,-847179,847179,1.24437e+07
0,0,0,7.29744e+08,0,3.37727e+07,-847179,847179,1.24437e+07
0,0,0,7.29744e+08,0,3.08794e+07,-847179,847179,1.24437e+07
0,0,0,7.29744e+08,0,3.08816e+07,-847179,847179,1.24437e+07
0,0,0,7.29744e+08,0,3.08838e+07,-847179,847179,1.24437e+07
0,0,0,7.29744e+08,0,3.08861e+07,-847179,847179,1.24437e+07
0,0,0,7.29744e+08,0,3.08883e+07,-847179,847179,1.24437e+07
0,0,0,7.29744e+08,0,3.1833e+07,-847179,847179,1.24437e+07
0,0,0,7.29744e+08,0,3.18351e+07,-847179,847179,1.24437e+07
0,0,0,7.29744e+08,0,3.18371e+07,-847179,847179,1.24437e+07
0,0,0,7.29744e+08,0,3.18391e+07,-847179,847179,1.24437e+07
0,0,0,7.29744e+08,0,3.51526e+07,-847179,847179,1.24437e+07
0,0,0,7.29744e+08,0,3.51549e+07,-847179,847179,1.24437e+07
0,0,0,7.29744e+08,0,3.51571e+07,-847179,847179,1.24437e+07
0,0,0,7.29744e+08,0,3.51594e+07,-847179,847179,1.24437e+07
0,0,0,7.29744e+08,0,3.06025e+07,-847179,847179,1.24437e+07
0,0,0,7.29744e+08,0,3.06045e+07,-847179,847179,1.24437e+07
0,0,0,7.29744e+08,0,3.06064e+07,-847179,847179,1.24437e+07
0,0,0,7.29744e+08,0,3.06084e+07,-847179,847179,1.24437e+07
0,0,0,7.29744e+08,0,3.06103e+07,-847179,847179,1.24437e+07
0,0,0,7.29744e+08,0,3.04235e+07,0,0,1.24437e+07
0,0,0,7.29744e+08,0,3.04256e+07,0,0,1.24437e+07
0,0,0,7.29744e+08,0,3.04276e+07,0,0,1.24437e+07
0,0,0,7.29744e+08,0,3.04296e+07,0,0,1.24437e+07
0,0,0,7.29744e+08,0,2.99916e+07,0,0,1.24437e+07
0,0,0,7.29744e+08,0,2.99936e+07,0,0,1.24437e+07
0,0,0,7.29744e+08,0,3.13137e+07,-847179,847179,1.24437e+07
0,0,0,7.29744e+08,0,3.13156e+07,-847179,847179,1.24437e+07
0,0,0,7.29744e+08,0,3.28496e+07,-847179,847179,1.24437e+07
0,0,0,7.29744e+08,0,3.28517e+07,-847179,847179,1.24437e+07
0,0,0,7.29744e+08,0,3.28538e+07,-847179,847179,1.24437e+07
0,0,0,7.29744e+08,0,3.28559e+07,-847179,847179,1.24437e+07
0,0,0,7.29744e+08,0,3.2858e+07,-847179,847179,1.24437e+07
0,0,0,7.29744e+08,0,3.32209e+07,-847179,847179,1.24437e+07
0,0,0,7.29744e+08,0,3.3223e+07,-847179,847179,1.24437e+07
0,0,0,7.29744e+08,0,3.32251e+07,-847179,847179,1.24437e+07
0,0,0,7.29744e+08,0,3.32273e+07,-847179,847179,1.24437e+07
0,0,0,7.29744e+08,0,3.39937e+07,-847179,847179,1.24437e+07
0,0,0,7.29744e+08,0,3.39958e+07,-847179,847179,1.24437e+07
0,0,0,7.29744e+08,0,3.3998e+07,-847179,847179,1.24437e+07
0,0,0,7.29744e+08,0,3.40002e+07,-847179,847179,1.24437e+07
0,0,0,7.29744e+08,0,3.65376e+07,-847179,847179,1.24437e+07
0,0,0,7.29744e+08,0,3.654e+07,-847179,847179,1.24437e+07
0,0,0,7.29744e+08,0,3.65423e+07,-847179,847179,1.24437e+07
0,0,0,7.29744e+08,0,3.65446e+07,-847179,847179,1.24437e+07
0,0,0,7.29744e+08,0,3.6547e+07,-847179,847179,1.24437e+07
0,0,0,7.29744e+08,0,3.51253e+07,-847179,847179,1.24437e+07
0,0,0,7.29744e+08,0,3.51275e+07,-847179,847179,1.24437e+07
0,0,0,7.29744e+08,0,3.51298e+07,-847179,847179,1.24437e+07
0,0,0,7.29744e+08,0,3.5132e+07,-847179,847179,1.24437e+07
0,0,0,7.29744e+08,0,3.38798e+07,-847179,847179,1.24437e+07
0,0,0,7.29744e+08,0,3.38819e+07,-847179,847179,1.24437e+07
0,0,0,7.29744e+08,0,3.38841e+07,-847179,847179,1.24437e+07
0,0,0,7.29744e+08,0,3.38862e+07,-847179,847179,1.24437e+07
0,0,0,7.29744e+08,0,3.09826e+07,-847179,847179,1.24437e+07
0,0,0,7.29744e+08,0,3.09846e+07,-847179,847179,1.24437e+07
0,0,0,7.29744e+08,0,3.09866e+07,-847179,847179,1.24437e+07
0,0,0,7.29744e+08,0,3.09885e+07,-847179,847179,1.24437e+07
0,0,0,7.29744e+08,0,3.09905e+07,-847179,847179,1.24437e+07
0,0,0,7.29744e+08,0,3.09905e+07,-847179,847179,1.24437e+07
0,0,0,7.29744e+08,0,3.19383e+07,-847179,847179,1.24437e+07
0,0,0,7.29744e+08,0,3.19401e+07,-847179,847179,1.24437e+07
0,0,0,7.29744e+08,0,3.19418e+07,-847179,847179,1.24437e+07
0,0,0,7.29744e+08,0,3.19436e+07,-847179,847179,1.24437e+07
0,0,0,7.29744e+08,0,3.52682e+07,-847179,847179,1.24437e+07
0,0,0,7.29744e+08,0,3.52702e+07,-847179,847179,1.24437e+07
0,0,0,7.29744e+08,0,3.52721e+07,-847179,847179,1.24437e+07
0,0,0,7.29744e+08,0,3.52741e+07,-847179,847179,1.24437e+07
0,0,0,7.29744e+08,0,3.07016e+07,-847179,847179,1.24437e+07
0,0,0,7.29744e+08,0,3.07033e+07,-847179,847179,1.24437e+07
0,0,0,7.29744e+08,0,3.0705e+07,-847179,847179,1.24437e+07
0,0,0,7.29744e+08,0,3.07067e+07,-847179,847179,1.24437e+07
0,0,0,7.29744e+08,0,3.07084e+07,-847179,847179,1.24437e+07
0,0,0,7.29744e+08,0,3.18432e+07,-847179,847179,1.24437e+07
0,0,0,7.29744e+08,0,3.1845e+07,-847179,847179,1.24437e+07
0,0,0,7.29744e+08,0,3.18467e+07,-847179,847179,1.24437e+07
0,0,0,7.29744e+08,0,3.18485e+07,-847179,847179,1.24437e+07
0,0,0,7.29744e+08,0,3.14088e+07,-847179,847179,1.24437e+07
0,0,0,7.29744e+08,0,3.14106e+07,-847179,847179,1.24437e+07
0,0,0,7.29744e+08,0,3.14123e+07,-847179,847179,1.24437e+07
0,0,0,7.29744e+08,0,3.14141e+07,-847179,847179,1.24437e+07
0,0,0,7.29744e+08,0,3.29528e+07,-847179,847179,1.24437e+07
0,0,0,7.29744e+08,0,3.29546e+07,-847179,847179,1.24437e+07
0,0,0,7.29744e+08,0,3.29565e+07,-847179,847179,1.24437e+07
0,0,0,7.29744e+08,0,3.29583e+07,-847179,847179,1.24437e+07
0,0,0,7.29744e+08,0,3.29601e+07,-847179,847179,1.24437e+07
0,0,0,7.29744e+08,0,3.3324e+07,-847179,847179,1.24437e+07
0,0,0,7.29744e+08,0,3.33258e+07,-847179,847179,1.24437e+07
0,0,0,7.29744e+08,0,3.33277e+07,-847179,847179,1.24437e+07
0,0,0,7.29744e+08,0,3.33295e+07,-847179,847179,1.24437e+07
0,0,0,7.29744e+08,0,3.40981e+07,-847179,847179,1.24437e+07
0,0,0,7.29744e+08,0,3.41e+07,-847179,847179,1.24437e+07
0,0,0,7.29744e+08,0,3.41019e+07,-847179,847179,1.24437e+07
0,0,0,7.29744e+08,0,3.41038e+07,-847179,847179,1.24437e+07
0,0,0,7.29744e+08,0,3.66491e+07,-847179,847179,1.24437e+07
0,0,0,7.29744e+08,0,3.66511e+07,-847179,847179,1.24437e+07
0,0,0,7.29744e+08,0,3.66532e+07,-847179,847179,1.24437e+07
0,0,0,7.29744e+08,0,3.66552e+07,-847179,847179,1.24437e+07
0,0,0,7.29744e+08,0,3.66572e+07,-847179,847179,1.24437e+07
0,0,0,7.29744e+08,0,3.52308e+07,-847179,847179,1.24437e+07
0,0,0,7.29744e+08,0,3.52328e+07,-847179,847179,1.24437e+07
0,0,0,7.29744e+08,0,3.52348e+07,-847179,847179,1.24437e+07
0,0,0,7.29744e+08,0,3.52367e+07,-847179,847179,1.24437e+07
0,0,0,7.29744e+08,0,3.39803e+07,-847179,847179,1.24437e+07
0,0,0,7.29744e+08,0,3.39822e+07,-847179,847179,1.24437e+07
0,0,0,7.29744e+08,0,3.39841e+07,-847179,847179,1.24437e+07
0,0,0,7.29744e+08,0,3.3986e+07,-847179,847179,1.24437e+07
0,0,0,7.29744e+08,0,3.10732e+07,-847179,847179,1.24437e+07
0,0,0,7.29744e+08,0,3.1075e+07,-847179,847179,1.24437e+07
0,0,0,7.29744e+08,0,3.10767e+07,-847179,847179,1.24437e+07
0,0,0,7.29744e+08,0,3.10784e+07,-847179,847179,1.24437e+07
0,0,0,7.29744e+08,0,3.10801e+07,-847179,847179,1.24437e+07
0,0,0,7.29744e+08,0,3.20305e+07,-847179,847179,1.24437e+07
0,0,0,7.29744e+08,0,3.20321e+07,-847179,847179,1.24437e+07
0,0,0,7.29744e+08,0,3.20336e+07,-847179,847179,1.24437e+07
0,0,0,7.29744e+08,0,3.20351e+07,-847179,847179,1.24437e+07
0,0,0,7.29744e+08,0,3.53694e+07,-847179,847179,1.24437e+07
0,0,0,7.29744e+08,0,3.53711e+07,-847179,847179,1.24437e+07
0,0,0,7.29744e+08,0,3.53728e+07,-847179,847179,1.24437e+07
0,0,0,7.29744e+08,0,3.53745e+07,-847179,847179,1.24437e+07
0,0,0,7.29744e+08,0,3.07882e+07,-847179,847179,1.24437e+07
0,0,0,7.29744e+08,0,3.07896e+07,-847179,847179,1.24437e+07
0,0,0,7.29744e+08,0,3.07911e+07,-847179,847179,1.24437e+07
0,0,0,7.29744e+08,0,3.07926e+07,-847179,847179,1.24437e+07
0,0,0,7.29744e+08,0,3.0794e+07,-847179,847179,1.24437e+07
0,0,0,7.29744e+08,0,3.19319e+07,-847179,847179,1.24437e+07
0,0,0,7.29744e+08,0,3.19334e+07,-847179,847179,1.24437e+07
0,0,0,7.29744e+08,0,3.1935e+07,-847179,847179,1.24437e+07
0,0,0,7.29744e+08,0,3.19365e+07,-847179,847179,1.24437e+07
0,0,0,7.29744e+08,0,3.14953e+07,-847179,847179,1.24437e+07
0,0,0,7.29744e+08,0,3.14968e+07,-847179,847179,1.24437e+07
0,0,0,7.29744e+08,0,3.14983e+07,-847179,847179,1.24437e+07
0,0,0,7.29744e+08,0,3.14998e+07,-847179,847179,1.24437e+07
0,0,0,7.29744e+08,0,3.30426e+07,-847179,847179,1.24437e+07
0,0,0,7.29744e+08,0,3.30442e+07,-847179,847179,1.24437e+07
0,0,0,7.29744e+08,0,3.30458e+07,-847179,847179,1.24437e+07
0,0,0,7.29744e+08,0,3.30474e+07,-847179,847179,1.24437e+07
0,0,0,7.29744e+08,0,3.3049e+07,-847179,847179,1.24437e+07
0,0,0,7.29744e+08,0,3.34136e+07,-847179,847179,1.24437e+07
0,0,0,7.29744e+08,0,3.34152e+07,-847179,847179,1.24437e+07
0,0,0,7.29744e+08,0,3.34168e+07,-847179,847179,1.24437e+07
0,0,0,7.29744e+08,0,3.34184e+07,-847179,847179,1.24437e+07
0,0,0,7.29744e+08,0,3.41888e+07,-847179,847179,1.24437e+07
0,0,0,7.29744e+08,0,3.41905e+07,-847179,847179,1.24437e+07
0,0,0,7.29744e+08,0,3.41921e+07,-847179,847179,1.24437e+07
0,0,0,7.29744e+08,0,3.41937e+07,-847179,847179,1.24437e+07
0,0,0,7.29744e+08,0,3.67456e+07,-847179,847179,1.24437e+07
0,0,0,7.29744e+08,0,3.67474e+07,-847179,847179,1.24437e+07
0,0,0,7.29744e+08,0,3.67492e+07,-847179,847179,1.24437e+07
0,0,0,7.29744e+08,0,3.67509e+07,-847179,847179,1.24437e+07
0,0,0,7.29744e+08,0,3.67527e+07,-847179,847179,1.24437e+07
0,0,0,7.29744e+08,0,3.53222e+07,-847179,847179,1.24437e+07
0,0,0,7.29744e+08,0,3.53239e+07,-847179,847179,1.24437e+07
0,0,0,7.29744e+08,0,3.53255e+07,-847179,847179,1.24437e+07
0,0,0,7.29744e+08,0,3.53272e+07,-847179,847179,1.24437e+07
0,0,0,7.29744e+08,0,3.40672e+07,-847179,847179,1.24437e+07
0,0,0,7.29744e+08,0,3.40688e+07,-847179,847179,1.24437e+07
0,0,0,7.29744e+08,0,3.40705e+07,-847179,847179,1.24437e+07
0,0,0,7.29744e+08,0,3.40721e+07,-847179,847179,1.24437e+07
0,0,0,7.29744e+08,0,3.11514e+07,-847179,847179,1.24437e+07
0,0,0,7.29744e+08,0,3.11529e+07,-847179,847179,1.24437e+07
0,0,0,7.29744e+08,0,3.11544e+07,-847179,847179,1.24437e+07
0,0,0,7.29744e+08,0,3.11559e+07,-847179,847179,1.24437e+07
0,0,0,7.29744e+08,0,3.11574e+07,-847179,847179,1.24437e+07
0,0,0,7.29744e+08,0,3.211e+07,-847179,847179,1.24437e+07
0,0,0,7.29744e+08,0,3.21113e+07,-847179,847179,1.24437e+07
0,0,0,7.29744e+08,0,3.21125e+07,-847179,847179,1.24437e+07
0,0,0,7.29744e+08,0,3.21138e+07,-847179,847179,1.24437e+07
0,0,0,7.29744e+08,0,3.41383e+07,0,0,1.24437e+07
0,0,0,7.29744e+08,0,3.41397e+07,0,0,1.24437e+07
0,0,0,7.29744e+08,0,3.41411e+07,0,0,1.24437e+07
0,0,0,7.29744e+08,0,3.41425e+07,0,0,1.24437e+07
0,0,0,7.29744e+08,0,2.95444e+07,0,0,1.24437e+07
0,0,0,7.29744e+08,0,2.95456e+07,0,0,1.24437e+07
0,0,0,7.29744e+08,0,2.95469e+07,0,0,1.24437e+07
0,0,0,7.29744e+08,0,2.95481e+07,0,0,1.24437e+07
0,0,0,7.29744e+08,0,2.95493e+07,0,0,1.24437e+07
0,0,0,7.29744e+08,0,3.06898e+07,0,0,1.24437e+07
0,0,0,7.29744e+08,0,3.06911e+07,0,0,1.24437e+07
0,0,0,7.29744e+08,0,3.06923e+07,0,0,1.24437e+07
0,0,0,7.29744e+08,0,3.06936e+07,0,0,1.24437e+07
0,0,0,7.29744e+08,0,3.02511e+07,0,0,1.24437e+07
0,0,0,7.29744e+08,0,3.02523e+07,0,0,1.24437e+07
0,0,0,7.29744e+08,0,3.02536e+07,0,0,1.24437e+07
0,0,0,7.29744e+08,0,3.02549e+07,0,0,1.24437e+07
0,0,0,7.29744e+08,0,3.18012e+07,0,0,1.24437e+07
0,0,0,7.29744e+08,0,3.18025e+07,0,0,1.24437e+07
0,0,0,7.29744e+08,0,3.18038e+07,0,0,1.24437e+07
0,0,0,7.29744e+08,0,3.18052e+07,0,0,1.24437e+07
0,0,0,7.29744e+08,0,3.18065e+07,0,0,1.24437e+07
0,0,0,7.29744e+08,0,3.21717e+07,0,0,1.24437e+07
0,0,0,7.29744e+08,0,3.2173e+07,0,0,1.24437e+07
0,0,0,7.29744e+08,0,3.21744e+07,0,0,1.24437e+07
0,0,0,7.29744e+08,0,3.21757e+07,0,0,1.24437e+07
0,0,0,7.29744e+08,0,3.42658e+07,-847179,847179,1.24437e+07
0,0,0,7.29744e+08,0,3.42672e+07,-847179,847179,1.24437e+07
0,0,0,7.29744e+08,0,3.42685e+07,-847179,847179,1.24437e+07
0,0,0,7.29744e+08,0,3.42699e+07,-847179,847179,1.24437e+07
0,0,0,7.29744e+08,0,3.68274e+07,-847179,847179,1.24437e+07
0,0,0,7.29744e+08,0,3.68289e+07,-847179,847179,1.24437e+07
0,0,0,7.29744e+08,0,3.68304e+07,-847179,847179,1.24437e+07
0,0,0,7.29744e+08,0,3.68319e+07,-847179,847179,1.24437e+07
0,0,0,7.29744e+08,0,3.68334e+07,-847179,847179,1.24437e+07
0,0,0,7.29744e+08,0,3.53993e+07,-847179,847179,1.24437e+07
0,0,0,7.29744e+08,0,3.54007e+07,-847179,847179,1.24437e+07
0,0,0,7.29744e+08,0,3.54021e+07,-847179,847179,1.24437e+07
0,0,0,7.29744e+08,0,3.54035e+07,-847179,847179,1.24437e+07
0,0,0,7.29744e+08,0,3.41404e+07,-847179,847179,1.24437e+07
0,0,0,7.29744e+08,0,3.41418e+07,-847179,847179,1.24437e+07
0,0,0,7.29744e+08,0,3.41431e+07,-847179,847179,1.24437e+07
0,0,0,7.29744e+08,0,3.41445e+07,-847179,847179,1.24437e+07
0,0,0,7.29744e+08,0,3.12171e+07,-847179,847179,1.24437e+07
0,0,0,7.29744e+08,0,3.12184e+07,-847179,847179,1.24437e+07
0,0,0,7.29744e+08,0,3.12196e+07,-847179,847179,1.24437e+07
0,0,0,7.29744e+08,0,3.12209e+07,-847179,847179,1.24437e+07
0,0,0,7.29744e+08,0,3.12221e+07,-847179,847179,1.24437e+07
0,0,0,7.29744e+08,0,3.21765e+07,-847179,847179,1.24437e+07
0,0,0,7.29744e+08,0,3.21776e+07,-847179,847179,1.24437e+07
0,0,0,7.29744e+08,0,3.21786e+07,-847179,847179,1.24437e+07
0,0,0,7.29744e+08,0,3.21796e+07,-847179,847179,1.24437e+07
0,0,0,7.29744e+08,0,3.5529e+07,-847179,847179,1.24437e+07
0,0,0,7.29744e+08,0,3.55302e+07,-847179,847179,1.24437e+07
0,0,0,7.29744e+08,0,3.42132e+07,0,0,1.24437e+07
0,0,0,7.29744e+08,0,3.55324e+07,-847179,847179,1.24437e+07
0,0,0,7.29744e+08,0,3.09244e+07,-847179,847179,1.24437e+07
0,0,0,7.29744e+08,0,3.09254e+07,-847179,847179,1.24437e+07
0,0,0,7.29744e+08,0,3.09264e+07,-847179,847179,1.24437e+07
0,0,0,7.29744e+08,0,2.96093e+07,0,0,1.24437e+07
0,0,0,7.29744e+08,0,2.96103e+07,0,0,1.24437e+07
0,0,0,7.29744e+08,0,3.07528e+07,0,0,1.24437e+07
0,0,0,7.29744e+08,0,3.07539e+07,0,0,1.24437e+07
0,0,0,7.29744e+08,0,3.07549e+07,0,0,1.24437e+07
0,0,0,7.29744e+08,0,3.07559e+07,0,0,1.24437e+07
0,0,0,7.29744e+08,0,3.03123e+07,0,0,1.24437e+07
0,0,0,7.29744e+08,0,3.03133e+07,0,0,1.24437e+07
0,0,0,7.29744e+08,0,3.03143e+07,0,0,1.24437e+07
0,0,0,7.29744e+08,0,3.03153e+07,0,0,1.24437e+07
0,0,0,7.29744e+08,0,3.18644e+07,0,0,1.24437e+07
0,0,0,7.29744e+08,0,3.18655e+07,0,0,1.24437e+07
0,0,0,7.29744e+08,0,3.18666e+07,0,0,1.24437e+07
0,0,0,7.29744e+08,0,3.31857e+07,-847179,847179,1.24437e+07
0,0,0,7.29744e+08,0,3.31868e+07,-847179,847179,1.24437e+07
0,0,0,7.29744e+08,0,3.35524e+07,-847179,847179,1.24437e+07
0,0,0,7.29744e+08,0,3.35535e+07,-847179,847179,1.24437e+07
0,0,0,7.29744e+08,0,3.35546e+07,-847179,847179,1.24437e+07
0,0,0,7.29744e+08,0,3.35557e+07,-847179,847179,1.24437e+07
0,0,0,7.29744e+08,0,3.43289e+07,-847179,847179,1.24437e+07
0,0,0,7.29744e+08,0,3.433e+07,-847179,847179,1.24437e+07
0,0,0,7.29744e+08,0,3.43311e+07,-847179,847179,1.24437e+07
0,0,0,7.29744e+08,0,3.43322e+07,-847179,847179,1.24437e+07
0,0,0,7.29744e+08,0,3.68943e+07,-847179,847179,1.24437e+07
0,0,0,7.29744e+08,0,3.68955e+07,-847179,847179,1.24437e+07
0,0,0,7.29744e+08,0,3.68966e+07,-847179,847179,1.24437e+07
0,0,0,7.29744e+08,0,3.68978e+07,-847179,847179,1.24437e+07
0,0,0,7.29744e+08,0,3.6899e+07,-847179,847179,1.24437e+07
0,0,0,7.29744e+08,0,3.5462e+07,-847179,847179,1.24437e+07
0,0,0,7.29744e+08,0,3.54632e+07,-847179,847179,1.24437e+07
0,0,0,7.29744e+08,0,3.54643e+07,-847179,847179,1.24437e+07
0,0,0,7.29744e+08,0,3.54654e+07,-847179,847179,1.24437e+07
0,0,0,7.29744e+08,0,3.41997e+07,-847179,847179,1.24437e+07
0,0,0,7.29744e+08,0,3.42008e+07,-847179,847179,1.24437e+07
0,0,0,7.29744e+08,0,3.42019e+07,-847179,847179,1.24437e+07
0,0,0,7.29744e+08,0,3.4203e+07,-847179,847179,1.24437e+07
0,0,0,7.29744e+08,0,3.12702e+07,-847179,847179,1.24437e+07
0,0,0,7.29744e+08,0,3.12712e+07,-847179,847179,1.24437e+07
0,0,0,7.29744e+08,0,3.12722e+07,-847179,847179,1.24437e+07
0,0,0,7.29744e+08,0,3.12732e+07,-847179,847179,1.24437e+07
0,0,0,7.29744e+08,0,3.12742e+07,-847179,847179,1.24437e+07
0,0,0,7.29744e+08,0,3.223e+07,-847179,847179,1.24437e+07
0,0,0,7.29744e+08,0,3.22308e+07,-847179,847179,1.24437e+07
0,0,0,7.29744e+08,0,3.22316e+07,-847179,847179,1.24437e+07
0,0,0,7.29744e+08,0,3.09143e+07,0,0,1.24437e+07
0,0,0,7.29744e+08,0,3.42691e+07,0,0,1.24437e+07
0,0,0,7.29744e+08,0,3.427e+07,0,0,1.24437e+07
0,0,0,7.29744e+08,0,3.42709e+07,0,0,1.24437e+07
0,0,0,7.29744e+08,0,3.42717e+07,0,0,1.24437e+07
0,0,0,7.29744e+08,0,2.96557e+07,0,0,1.24437e+07
0,0,0,7.29744e+08,0,2.96565e+07,0,0,1.24437e+07
0,0,0,7.29744e+08,0,2.96572e+07,0,0,1.24437e+07
0,0,0,7.29744e+08,0,2.9658e+07,0,0,1.24437e+07
0,0,0,7.29744e+08,0,2.96587e+07,0,0,1.24437e+07
0,0,0,7.29744e+08,0,3.08029e+07,0,0,1.24437e+07
0,0,0,7.29744e+08,0,3.08037e+07,0,0,1.24437e+07
0,0,0,7.29744e+08,0,3.08044e+07,0,0,1.24437e+07
0,0,0,7.29744e+08,0,3.08052e+07,0,0,1.24437e+07
0,0,0,7.29744e+08,0,3.03606e+07,0,0,1.24437e+07
0,0,0,7.29744e+08,0,3.03613e+07,0,0,1.24437e+07
0,0,0,7.29744e+08,0,3.03621e+07,0,0,1.24437e+07
0,0,0,7.29744e+08,0,3.03629e+07,0,0,1.24437e+07
0,0,0,7.29744e+08,0,3.19142e+07,0,0,1.24437e+07
0,0,0,7.29744e+08,0,3.1915e+07,0,0,1.24437e+07
0,0,0,7.29744e+08,0,3.19158e+07,0,0,1.24437e+07
0,0,0,7.29744e+08,0,3.19166e+07,0,0,1.24437e+07
0,0,0,7.29744e+08,0,3.19174e+07,0,0,1.24437e+07
0,0,0,7.29744e+08,0,3.22834e+07,0,0,1.24437e+07
0,0,0,7.29744e+08,0,3.22842e+07,0,0,1.24437e+07
0,0,0,7.29744e+08,0,3.36031e+07,-847179,847179,1.24437e+07
0,0,0,7.29744e+08,0,3.36039e+07,-847179,847179,1.24437e+07
0,0,0,7.29744e+08,0,3.4378e+07,-847179,847179,1.24437e+07
0,0,0,7.29744e+08,0,3.43788e+07,-847179,847179,1.24437e+07
0,0,0,7.29744e+08,0,3.43797e+07,-847179,847179,1.24437e+07
0,0,0,7.29744e+08,0,3.43805e+07,-847179,847179,1.24437e+07
0,0,0,7.29744e+08,0,3.6946e+07,-847179,847179,1.24437e+07
0,0,0,7.29744e+08,0,3.69469e+07,-847179,847179,1.24437e+07
0,0,0,7.29744e+08,0,3.69478e+07,-847179,847179,1.24437e+07
0,0,0,7.29744e+08,0,3.69487e+07,-847179,847179,1.24437e+07
0,0,0,7.29744e+08,0,3.69496e+07,-847179,847179,1.24437e+07
0,0,0,7.29744e+08,0,3.55103e+07,-847179,847179,1.24437e+07
0,0,0,7.29744e+08,0,3.55111e+07,-847179,847179,1.24437e+07
0,0,0,7.29744e+08,0,3.5512e+07,-847179,847179,1.24437e+07
0,0,0,7.29744e+08,0,3.55129e+07,-847179,847179,1.24437e+07
0,0,0,7.29744e+08,0,3.42451e+07,-847179,847179,1.24437e+07
0,0,0,7.29744e+08,0,3.4246e+07,-847179,847179,1.24437e+07
0,0,0,7.29744e+08,0,3.42468e+07,-847179,847179,1.24437e+07
0,0,0,7.29744e+08,0,3.42476e+07,-847179,847179,1.24437e+07
0,0,0,7.29744e+08,0,3.13106e+07,-847179,847179,1.24437e+07
0,0,0,7.29744e+08,0,3.13113e+07,-847179,847179,1.24437e+07
0,0,0,7.29744e+08,0,3.13121e+07,-847179,847179,1.24437e+07
0,0,0,7.29744e+08,0,3.13128e+07,-847179,847179,1.24437e+07
0,0,0,7.29744e+08,0,3.13136e+07,-847179,847179,1.24437e+07
0,0,0,7.29744e+08,0,3.22704e+07,-847179,847179,1.24437e+07
0,0,0,7.29744e+08,0,3.2271e+07,-847179,847179,1.24437e+07
0,0,0,7.29744e+08,0,3.22715e+07,-847179,847179,1.24437e+07
0,0,0,7.29744e+08,0,3.2272e+07,-847179,847179,1.24437e+07
0,0,0,7.29744e+08,0,3.56309e+07,-847179,847179,1.24437e+07
0,0,0,7.29744e+08,0,3.56315e+07,-847179,847179,1.24437e+07
0,0,0,7.29744e+08,0,3.5632e+07,-847179,847179,1.24437e+07
0,0,0,7.29744e+08,0,3.56326e+07,-847179,847179,1.24437e+07
0,0,0,7.29744e+08,0,3.10106e+07,-847179,847179,1.24437e+07
0,0,0,7.29744e+08,0,3.10111e+07,-847179,847179,1.24437e+07
0,0,0,7.29744e+08,0,3.10116e+07,-847179,847179,1.24437e+07
0,0,0,7.29744e+08,0,3.10121e+07,-847179,847179,1.24437e+07
0,0,0,7.29744e+08,0,3.10126e+07,-847179,847179,1.24437e+07
0,0,0,7.29744e+08,0,3.21579e+07,-847179,847179,1.24437e+07
0,0,0,7.29744e+08,0,3.08404e+07,0,0,1.24437e+07
0,0,0,7.29744e+08,0,3.08409e+07,0,0,1.24437e+07
0,0,0,7.29744e+08,0,3.08415e+07,0,0,1.24437e+07
0,0,0,7.29744e+08,0,3.03961e+07,0,0,1.24437e+07
0,0,0,7.29744e+08,0,3.03966e+07,0,0,1.24437e+07
0,0,0,7.29744e+08,0,3.03971e+07,0,0,1.24437e+07
0,0,0,7.29744e+08,0,3.03976e+07,0,0,1.24437e+07
0,0,0,7.29744e+08,0,3.19504e+07,0,0,1.24437e+07
0,0,0,7.29744e+08,0,3.1951e+07,0,0,1.24437e+07
0,0,0,7.29744e+08,0,3.32696e+07,-847179,847179,1.24437e+07
0,0,0,7.29744e+08,0,3.32702e+07,-847179,847179,1.24437e+07
0,0,0,7.29744e+08,0,3.32707e+07,-847179,847179,1.24437e+07
0,0,0,7.29744e+08,0,3.36368e+07,-847179,847179,1.24437e+07
0,0,0,7.29744e+08,0,3.36374e+07,-847179,847179,1.24437e+07
0,0,0,7.29744e+08,0,3.36379e+07,-847179,847179,1.24437e+07
0,0,0,7.29744e+08,0,3.36385e+07,-847179,847179,1.24437e+07
0,0,0,7.29744e+08,0,3.44131e+07,-847179,847179,1.24437e+07
0,0,0,7.29744e+08,0,3.44137e+07,-847179,847179,1.24437e+07
0,0,0,7.29744e+08,0,3.44143e+07,-847179,847179,1.24437e+07
0,0,0,7.29744e+08,0,3.44148e+07,-847179,847179,1.24437e+07
0,0,0,7.29744e+08,0,3.69827e+07,-847179,847179,1.24437e+07
0,0,0,7.29744e+08,0,3.69833e+07,-847179,847179,1.24437e+07
0,0,0,7.29744e+08,0,3.69839e+07,-847179,847179,1.24437e+07
0,0,0,7.29744e+08,0,3.69846e+07,-847179,847179,1.24437e+07
0,0,0,7.29744e+08,0,3.69852e+07,-847179,847179,1.24437e+07
0,0,0,7.29744e+08,0,3.55441e+07,-847179,847179,1.24437e+07
0,0,0,7.29744e+08,0,3.55447e+07,-847179,847179,1.24437e+07
0,0,0,7.29744e+08,0,3.55453e+07,-847179,847179,1.24437e+07
0,0,0,7.29744e+08,0,3.55459e+07,-847179,847179,1.24437e+07
0,0,0,7.29744e+08,0,3.42767e+07,-847179,847179,1.24437e+07
0,0,0,7.29744e+08,0,3.42772e+07,-847179,847179,1.24437e+07
0,0,0,7.29744e+08,0,3.42778e+07,-847179,847179,1.24437e+07
0,0,0,7.29744e+08,0,3.42784e+07,-847179,847179,1.24437e+07
0,0,0,7.29744e+08,0,3.13383e+07,-847179,847179,1.24437e+07
0,0,0,7.29744e+08,0,3.13388e+07,-847179,847179,1.24437e+07
0,0,0,7.29744e+08,0,3.13393e+07,-847179,847179,1.24437e+07
0,0,0,7.29744e+08,0,3.13398e+07,-847179,847179,1.24437e+07
0,0,0,7.29744e+08,0,3.13404e+07,-847179,847179,1.24437e+07
0,0,0,7.29744e+08,0,3.13404e+07,-847179,847179,1.24437e+07
0,0,0,7.29744e+08,0,3.22978e+07,-847179,847179,1.24437e+07
0,0,0,7.29744e+08,0,3.22981e+07,-847179,847179,1.24437e+07
0,0,0,7.29744e+08,0,3.22984e+07,-847179,847179,1.24437e+07
0,0,0,7.29744e+08,0,3.22987e+07,-847179,847179,1.24437e+07
0,0,0,7.29744e+08,0,3.56601e+07,-847179,847179,1.24437e+07
0,0,0,7.29744e+08,0,3.56604e+07,-847179,847179,1.24437e+07
0,0,0,7.29744e+08,0,3.56607e+07,-847179,847179,1.24437e+07
0,0,0,7.29744e+08,0,3.56611e+07,-847179,847179,1.24437e+07
0,0,0,7.29744e+08,0,3.1035e+07,-847179,847179,1.24437e+07
0,0,0,7.29744e+08,0,3.10352e+07,-847179,847179,1.24437e+07
0,0,0,7.29744e+08,0,3.10355e+07,-847179,847179,1.24437e+07
0,0,0,7.29744e+08,0,3.10358e+07,-847179,847179,1.24437e+07
0,0,0,7.29744e+08,0,3.1036e+07,-847179,847179,1.24437e+07
0,0,0,7.29744e+08,0,3.2182e+07,-847179,847179,1.24437e+07
0,0,0,7.29744e+08,0,3.21823e+07,-847179,847179,1.24437e+07
0,0,0,7.29744e+08,0,3.21826e+07,-847179,847179,1.24437e+07
0,0,0,7.29744e+08,0,3.21828e+07,-847179,847179,1.24437e+07
0,0,0,7.29744e+08,0,3.17369e+07,-847179,847179,1.24437e+07
0,0,0,7.29744e+08,0,3.17371e+07,-847179,847179,1.24437e+07
0,0,0,7.29744e+08,0,3.17374e+07,-847179,847179,1.24437e+07
0,0,0,7.29744e+08,0,3.17377e+07,-847179,847179,1.24437e+07
0,0,0,7.29744e+08,0,3.32914e+07,-847179,847179,1.24437e+07
0,0,0,7.29744e+08,0,3.32917e+07,-847179,847179,1.24437e+07
0,0,0,7.29744e+08,0,3.3292e+07,-847179,847179,1.24437e+07
0,0,0,7.29744e+08,0,3.32923e+07,-847179,847179,1.24437e+07
0,0,0,7.29744e+08,0,3.32926e+07,-847179,847179,1.24437e+07
0,0,0,7.29744e+08,0,3.36587e+07,-847179,847179,1.24437e+07
0,0,0,7.29744e+08,0,3.3659e+07,-847179,847179,1.24437e+07
0,0,0,7.29744e+08,0,3.36593e+07,-847179,847179,1.24437e+07
0,0,0,7.29744e+08,0,3.36596e+07,-847179,847179,1.24437e+07
0,0,0,7.29744e+08,0,3.44345e+07,-847179,847179,1.24437e+07
0,0,0,7.29744e+08,0,3.44348e+07,-847179,847179,1.24437e+07
0,0,0,7.29744e+08,0,3.44351e+07,-847179,847179,1.24437e+07
0,0,0,7.29744e+08,0,3.44354e+07,-847179,847179,1.24437e+07
0,0,0,7.29744e+08,0,3.70046e+07,-847179,847179,1.24437e+07
0,0,0,7.29744e+08,0,3.70049e+07,-847179,847179,1.24437e+07
0,0,0,7.29744e+08,0,3.70052e+07,-847179,847179,1.24437e+07
0,0,0,7.29744e+08,0,3.70056e+07,-847179,847179,1.24437e+07
0,0,0,7.29744e+08,0,3.70059e+07,-847179,847179,1.24437e+07
0,0,0,7.29744e+08,0,3.55637e+07,-847179,847179,1.24437e+07
0,0,0,7.29744e+08,0,3.5564e+07,-847179,847179,1.24437e+07
0,0,0,7.29744e+08,0,3.55644e+07,-847179,847179,1.24437e+07
0,0,0,7.29744e+08,0,3.55647e+07,-847179,847179,1.24437e+07
0,0,0,7.29744e+08,0,3.42945e+07,-847179,847179,1.24437e+07
0,0,0,7.29744e+08,0,3.42948e+07,-847179,847179,1.24437e+07
0,0,0,7.29744e+08,0,3.42951e+07,-847179,847179,1.24437e+07
0,0,0,7.29744e+08,0,3.42954e+07,-847179,847179,1.24437e+07
0,0,0,7.29744e+08,0,3.13536e+07,-847179,847179,1.24437e+07
0,0,0,7.29744e+08,0,3.13539e+07,-847179,847179,1.24437e+07
0,0,0,7.29744e+08,0,3.13541e+07,-847179,847179,1.24437e+07
0,0,0,7.29744e+08,0,3.13544e+07,-847179,847179,1.24437e+07
0,0,0,7.29744e+08,0,3.13547e+07,-847179,847179,1.24437e+07
0,0,0,7.29744e+08,0,3.23123e+07,-847179,847179,1.24437e+07
0,0,0,7.29744e+08,0,3.23124e+07,-847179,847179,1.24437e+07
0,0,0,7.29744e+08,0,3.23124e+07,-847179,847179,1.24437e+07
0,0,0,7.29744e+08,0,3.23125e+07,-847179,847179,1.24437e+07
0,0,0,7.29744e+08,0,3.56751e+07,-847179,847179,1.24437e+07
0,0,0,7.29744e+08,0,3.56752e+07,-847179,847179,1.24437e+07
0,0,0,7.29744e+08,0,3.56752e+07,-847179,847179,1.24437e+07
0,0,0,7.29744e+08,0,3.56753e+07,-847179,847179,1.24437e+07
0,0,0,7.29744e+08,0,3.1047e+07,-847179,847179,1.24437e+07
0,0,0,7.29744e+08,0,3.1047e+07,-847179,847179,1.24437e+07
0,0,0,7.29744e+08,0,3.10471e+07,-847179,847179,1.24437e+07
0,0,0,7.29744e+08,0,3.10471e+07,-847179,847179,1.24437e+07
0,0,0,7.29744e+08,0,2.97291e+07,0,0,1.24437e+07
0,0,0,7.29744e+08,0,3.08752e+07,0,0,1.24437e+07
0,0,0,7.29744e+08,0,3.08753e+07,0,0,1.24437e+07
0,0,0,7.29744e+08,0,3.08753e+07,0,0,1.24437e+07
0,0,0,7.29744e+08,0,3.08753e+07,0,0,1.24437e+07
0,0,0,7.29744e+08,0,3.0429e+07,0,0,1.24437e+07
0,0,0,7.29744e+08,0,3.0429e+07,0,0,1.24437e+07
0,0,0,7.29744e+08,0,3.0429e+07,0,0,1.24437e+07
0,0,0,7.29744e+08,0,3.04291e+07,0,0,1.24437e+07
0,0,0,7.29744e+08,0,3.1983e+07,0,0,1.24437e+07
0,0,0,7.29744e+08,0,3.1983e+07,0,0,1.24437e+07
0,0,0,7.29744e+08,0,3.19831e+07,0,0,1.24437e+07
0,0,0,7.29744e+08,0,3.33012e+07,-847179,847179,1.24437e+07
0,0,0,7.29744e+08,0,3.33012e+07,-847179,847179,1.24437e+07
0,0,0,7.29744e+08,0,3.36672e+07,-847179,847179,1.24437e+07
0,0,0,7.29744e+08,0,3.36672e+07,-847179,847179,1.24437e+07
0,0,0,7.29744e+08,0,3.36672e+07,-847179,847179,1.24437e+07
0,0,0,7.29744e+08,0,3.36673e+07,-847179,847179,1.24437e+07
0,0,0,7.29744e+08,0,3.44421e+07,-847179,847179,1.24437e+07
0,0,0,7.29744e+08,0,3.44421e+07,-847179,847179,1.24437e+07
0,0,0,7.29744e+08,0,3.44422e+07,-847179,847179,1.24437e+07
0,0,0,7.29744e+08,0,3.44422e+07,-847179,847179,1.24437e+07
0,0,0,7.29744e+08,0,3.70117e+07,-847179,847179,1.24437e+07
0,0,0,7.29744e+08,0,3.70117e+07,-847179,847179,1.24437e+07
0,0,0,7.29744e+08,0,3.70118e+07,-847179,847179,1.24437e+07
0,0,0,7.29744e+08,0,3.70118e+07,-847179,847179,1.24437e+07
0,0,0,7.29744e+08,0,3.70119e+07,-847179,847179,1.24437e+07
0,0,0,7.29744e+08,0,3.55692e+07,-847179,847179,1.24437e+07
0,0,0,7.29744e+08,0,3.55692e+07,-847179,847179,1.24437e+07
0,0,0,7.29744e+08,0,3.55693e+07,-847179,847179,1.24437e+07
0,0,0,7.29744e+08,0,3.55693e+07,-847179,847179,1.24437e+07
0,0,0,7.29744e+08,0,3.42987e+07,-847179,847179,1.24437e+07
0,0,0,7.29744e+08,0,3.42987e+07,-847179,847179,1.24437e+07
0,0,0,7.29744e+08,0,3.42988e+07,-847179,847179,1.24437e+07
0,0,0,7.29744e+08,0,3.42988e+07,-847179,847179,1.24437e+07
0,0,0,7.29744e+08,0,3.13565e+07,-847179,847179,1.24437e+07
0,0,0,7.29744e+08,0,3.13565e+07,-847179,847179,1.24437e+07
0,0,0,7.29744e+08,0,3.13565e+07,-847179,847179,1.24437e+07
0,0,0,7.29744e+08,0,3.13566e+07,-847179,847179,1.24437e+07
0,0,0,7.29744e+08,0,3.13566e+07,-847179,847179,1.24437e+07
0,0,0,7.29744e+08,0,3.23141e+07,-847179,847179,1.24437e+07
0,0,0,7.29744e+08,0,3.23139e+07,-847179,847179,1.24437e+07
0,0,0,7.29744e+08,0,3.09956e+07,0,0,1.24437e+07
0,0,0,7.29744e+08,0,3.23135e+07,-847179,847179,1.24437e+07
0,0,0,7.29744e+08,0,3.43579e+07,0,0,1.24437e+07
0,0,0,7.29744e+08,0,3.43577e+07,0,0,1.24437e+07
0,0,0,7.29744e+08,0,3.43575e+07,0,0,1.24437e+07
0,0,0,7.29744e+08,0,3.43572e+07,0,0,1.24437e+07
0,0,0,7.29744e+08,0,2.97287e+07,0,0,1.24437e+07
0,0,0,7.29744e+08,0,2.97285e+07,0,0,1.24437e+07
0,0,0,7.29744e+08,0,2.97283e+07,0,0,1.24437e+07
0,0,0,7.29744e+08,0,2.97281e+07,0,0,1.24437e+07
0,0,0,7.29744e+08,0,2.97279e+07,0,0,1.24437e+07
0,0,0,7.29744e+08,0,3.08738e+07,0,0,1.24437e+07
0,0,0,7.29744e+08,0,3.08736e+07,0,0,1.24437e+07
0,0,0,7.29744e+08,0,3.08734e+07,0,0,1.24437e+07
0,0,0,7.29744e+08,0,3.08732e+07,0,0,1.24437e+07
0,0,0,7.29744e+08,0,3.04266e+07,0,0,1.24437e+07
0,0,0,7.29744e+08,0,3.04264e+07,0,0,1.24437e+07
0,0,0,7.29744e+08,0,3.04262e+07,0,0,1.24437e+07
0,0,0,7.29744e+08,0,3.0426e+07,0,0,1.24437e+07
0,0,0,7.29744e+08,0,3.19795e+07,0,0,1.24437e+07
0,0,0,7.29744e+08,0,3.19793e+07,0,0,1.24437e+07
0,0,0,7.29744e+08,0,3.19791e+07,0,0,1.24437e+07
0,0,0,7.29744e+08,0,3.19788e+07,0,0,1.24437e+07
0,0,0,7.29744e+08,0,3.19786e+07,0,0,1.24437e+07
0,0,0,7.29744e+08,0,3.36623e+07,-847179,847179,1.24437e+07
0,0,0,7.29744e+08,0,3.36621e+07,-847179,847179,1.24437e+07
0,0,0,7.29744e+08,0,3.36619e+07,-847179,847179,1.24437e+07
0,0,0,7.29744e+08,0,3.36617e+07,-847179,847179,1.24437e+07
0,0,0,7.29744e+08,0,3.44361e+07,-847179,847179,1.24437e+07
0,0,0,7.29744e+08,0,3.44359e+07,-847179,847179,1.24437e+07
0,0,0,7.29744e+08,0,3.44356e+07,-847179,847179,1.24437e+07
0,0,0,7.29744e+08,0,3.44354e+07,-847179,847179,1.24437e+07
0,0,0,7.29744e+08,0,3.70041e+07,-847179,847179,1.24437e+07
0,0,0,7.29744e+08,0,3.70038e+07,-847179,847179,1.24437e+07
0,0,0,7.29744e+08,0,3.70036e+07,-847179,847179,1.24437e+07
0,0,0,7.29744e+08,0,3.70033e+07,-847179,847179,1.24437e+07
0,0,0,7.29744e+08,0,3.70031e+07,-847179,847179,1.24437e+07
0,0,0,7.29744e+08,0,3.55605e+07,-847179,847179,1.24437e+07
0,0,0,7.29744e+08,0,3.55603e+07,-847179,847179,1.24437e+07
0,0,0,7.29744e+08,0,3.55601e+07,-847179,847179,1.24437e+07
0,0,0,7.29744e+08,0,3.55598e+07,-847179,847179,1.24437e+07
0,0,0,7.29744e+08,0,3.42893e+07,-847179,847179,1.24437e+07
0,0,0,7.29744e+08,0,3.42891e+07,-847179,847179,1.24437e+07
0,0,0,7.29744e+08,0,3.42889e+07,-847179,847179,1.24437e+07
0,0,0,7.29744e+08,0,3.42886e+07,-847179,847179,1.24437e+07
0,0,0,7.29744e+08,0,3.1347e+07,-847179,847179,1.24437e+07
0,0,0,7.29744e+08,0,3.13468e+07,-847179,847179,1.24437e+07
0,0,0,7.29744e+08,0,3.13466e+07,-847179,847179,1.24437e+07
0,0,0,7.29744e+08,0,3.13464e+07,-847179,847179,1.24437e+07
0,0,0,7.29744e+08,0,3.13462e+07,-847179,847179,1.24437e+07
0,0,0,7.29744e+08,0,3.2303e+07,-847179,847179,1.24437e+07
0,0,0,7.29744e+08,0,3.23026e+07,-847179,847179,1.24437e+07
0,0,0,7.29744e+08,0,3.23021e+07,-847179,847179,1.24437e+07
0,0,0,7.29744e+08,0,3.23017e+07,-847179,847179,1.24437e+07
0,0,0,7.29744e+08,0,3.56627e+07,-847179,847179,1.24437e+07
0,0,0,7.29744e+08,0,3.56622e+07,-847179,847179,1.24437e+07
0,0,0,7.29744e+08,0,3.56617e+07,-847179,847179,1.24437e+07
0,0,0,7.29744e+08,0,3.56612e+07,-847179,847179,1.24437e+07
0,0,0,7.29744e+08,0,3.10343e+07,-847179,847179,1.24437e+07
0,0,0,7.29744e+08,0,2.97159e+07,0,0,1.24437e+07
0,0,0,7.29744e+08,0,2.97154e+07,0,0,1.24437e+07
0,0,0,7.29744e+08,0,2.9715e+07,0,0,1.24437e+07
0,0,0,7.29744e+08,0,2.97146e+07,0,0,1.24437e+07
0,0,0,7.29744e+08,0,3.08596e+07,0,0,1.24437e+07
0,0,0,7.29744e+08,0,3.08592e+07,0,0,1.24437e+07
0,0,0,7.29744e+08,0,3.08587e+07,0,0,1.24437e+07
0,0,0,7.29744e+08,0,3.08583e+07,0,0,1.24437e+07
0,0,0,7.29744e+08,0,3.04117e+07,0,0,1.24437e+07
0,0,0,7.29744e+08,0,3.04112e+07,0,0,1.24437e+07
0,0,0,7.29744e+08,0,3.04108e+07,0,0,1.24437e+07
0,0,0,7.29744e+08,0,3.04103e+07,0,0,1.24437e+07
0,0,0,7.29744e+08,0,3.19628e+07,0,0,1.24437e+07
0,0,0,7.29744e+08,0,3.19624e+07,0,0,1.24437e+07
0,0,0,7.29744e+08,0,3.19619e+07,0,0,1.24437e+07
0,0,0,7.29744e+08,0,3.19614e+07,0,0,1.24437e+07
0,0,0,7.29744e+08,0,3.1961e+07,0,0,1.24437e+07
0,0,0,7.29744e+08,0,3.23261e+07,0,0,1.24437e+07
0,0,0,7.29744e+08,0,3.36437e+07,-847179,847179,1.24437e+07
0,0,0,7.29744e+08,0,3.36432e+07,-847179,847179,1.24437e+07
0,0,0,7.29744e+08,0,3.36428e+07,-847179,847179,1.24437e+07
0,0,0,7.29744e+08,0,3.44165e+07,-847179,847179,1.24437e+07
0,0,0,7.29744e+08,0,3.4416e+07,-847179,847179,1.24437e+07
0,0,0,7.29744e+08,0,3.44155e+07,-847179,847179,1.24437e+07
0,0,0,7.29744e+08,0,3.4415e+07,-847179,847179,1.24437e+07
0,0,0,7.29744e+08,0,3.69818e+07,-847179,847179,1.24437e+07
0,0,0,7.29744e+08,0,3.69813e+07,-847179,847179,1.24437e+07
0,0,0,7.29744e+08,0,3.69808e+07,-847179,847179,1.24437e+07
0,0,0,7.29744e+08,0,3.69803e+07,-847179,847179,1.24437e+07
0,0,0,7.29744e+08,0,3.69797e+07,-847179,847179,1.24437e+07
0,0,0,7.29744e+08,0,3.55378e+07,-847179,847179,1.24437e+07
0,0,0,7.29744e+08,0,3.55373e+07,-847179,847179,1.24437e+07
0,0,0,7.29744e+08,0,3.55368e+07,-847179,847179,1.24437e+07
0,0,0,7.29744e+08,0,3.55363e+07,-847179,847179,1.24437e+07
0,0,0,7.29744e+08,0,3.42664e+07,-847179,847179,1.24437e+07
0,0,0,7.29744e+08,0,3.42659e+07,-847179,847179,1.24437e+07
0,0,0,7.29744e+08,0,3.42655e+07,-847179,847179,1.24437e+07
