0cont_fund,0ins_pout,0ins_price,0infra_npv,0debt_serv,0gross_rev,0cont_contrib,0drought_cost,0water_price
0,0,0,0,1.02942e-71,2.19684e+07,-1.91234e+06,1.91234e+06,1.34954e+07
0,0,0,0,0,2.19787e+07,-1.91323e+06,1.91323e+06,1.34954e+07
0,0,0,0,0,2.19889e+07,-1.91412e+06,1.91412e+06,1.34954e+07
0,0,0,0,0,2.19992e+07,-1.91502e+06,1.91502e+06,1.34954e+07
0,0,0,0,0,2.43973e+07,-2.12377e+06,2.12377e+06,1.34954e+07
0,0,0,0,0,2.44086e+07,-2.12476e+06,2.12476e+06,1.34954e+07
0,0,0,0,0,2.442e+07,-2.12575e+06,2.12575e+06,1.34954e+07
0,0,0,0,0,2.44314e+07,-2.12674e+06,2.12674e+06,1.34954e+07
0,0,0,0,0,2.11501e+07,-1.8411e+06,1.8411e+06,1.34954e+07
0,0,0,0,0,2.11599e+07,-1.84196e+06,1.84196e+06,1.34954e+07
0,0,0,0,0,2.11698e+07,-1.84282e+06,1.84282e+06,1.34954e+07
0,0,0,0,0,2.11796e+07,-1.84368e+06,1.84368e+06,1.34954e+07
0,0,0,0,0,2.11895e+07,-1.84454e+06,1.84454e+06,1.34954e+07
0,0,0,0,0,2.20166e+07,-1.91654e+06,1.91654e+06,1.34954e+07
0,0,0,0,0,2.20269e+07,-1.91743e+06,1.91743e+06,1.34954e+07
0,0,0,0,0,2.20371e+07,-1.91832e+06,1.91832e+06,1.34954e+07
0,0,0,0,0,2.20474e+07,-1.91921e+06,1.91921e+06,1.34954e+07
0,0,0,0,0,2.17387e+07,-1.89234e+06,1.89234e+06,1.34954e+07
0,0,0,0,0,2.17488e+07,-1.89322e+06,1.89322e+06,1.34954e+07
0,0,0,0,0,2.17589e+07,-1.8941e+06,1.8941e+06,1.34954e+07
0,0,0,0,0,2.1769e+07,-1.89499e+06,1.89499e+06,1.34954e+07
0,0,0,0,0,2.28913e+07,-1.99268e+06,1.99268e+06,1.34954e+07
0,0,0,0,0,2.2902e+07,-1.99361e+06,1.99361e+06,1.34954e+07
0,0,0,0,0,2.29126e+07,-1.99453e+06,1.99453e+06,1.34954e+07
0,0,0,0,0,2.29232e+07,-1.99546e+06,1.99546e+06,1.34954e+07
0,0,0,0,0,2.29339e+07,-1.99638e+06,1.99638e+06,1.34954e+07
0,0,0,0,0,2.3207e+07,-2.02016e+06,2.02016e+06,1.34954e+07
0,0,0,0,0,2.32178e+07,-2.0211e+06,2.0211e+06,1.34954e+07
0,0,0,0,0,2.32286e+07,-2.02204e+06,2.02204e+06,1.34954e+07
0,0,0,0,0,2.32393e+07,-2.02297e+06,2.02297e+06,1.34954e+07
0,0,0,0,0,2.3807e+07,-2.07239e+06,2.07239e+06,1.34954e+07
0,0,0,0,0,2.3818e+07,-2.07335e+06,2.07335e+06,1.34954e+07
0,0,0,0,0,2.38291e+07,-2.07431e+06,2.07431e+06,1.34954e+07
0,0,0,0,0,2.38401e+07,-2.07527e+06,2.07527e+06,1.34954e+07
0,0,0,0,0,2.57013e+07,-2.23728e+06,2.23728e+06,1.34954e+07
0,0,0,0,0,2.57132e+07,-2.23832e+06,2.23832e+06,1.34954e+07
0,0,0,0,0,2.57251e+07,-2.23936e+06,2.23936e+06,1.34954e+07
0,0,0,0,0,2.5737e+07,-2.24039e+06,2.24039e+06,1.34954e+07
0,0,0,0,0,2.57489e+07,-2.24143e+06,2.24143e+06,1.34954e+07
0,0,0,0,0,2.47196e+07,-2.15183e+06,2.15183e+06,1.34954e+07
0,0,0,0,0,2.4731e+07,-2.15283e+06,2.15283e+06,1.34954e+07
0,0,0,0,0,2.47425e+07,-2.15382e+06,2.15382e+06,1.34954e+07
0,0,0,0,0,2.47539e+07,-2.15482e+06,2.15482e+06,1.34954e+07
0,0,0,0,0,2.38466e+07,-2.07584e+06,2.07584e+06,1.34954e+07
0,0,0,0,0,2.38577e+07,-2.0768e+06,2.0768e+06,1.34954e+07
0,0,0,0,0,2.38687e+07,-2.07776e+06,2.07776e+06,1.34954e+07
0,0,0,0,0,2.38797e+07,-2.07872e+06,2.07872e+06,1.34954e+07
0,0,0,0,0,2.17593e+07,-1.89414e+06,1.89414e+06,1.34954e+07
0,0,0,0,0,2.17694e+07,-1.89502e+06,1.89502e+06,1.34954e+07
0,0,0,0,0,2.17794e+07,-1.89589e+06,1.89589e+06,1.34954e+07
0,0,0,0,0,2.17895e+07,-1.89677e+06,1.89677e+06,1.34954e+07
0,0,0,0,0,2.17996e+07,-1.89764e+06,1.89764e+06,1.34954e+07
0,0,0,0,1.02942e-71,2.25046e+07,-1.95902e+06,1.95902e+06,1.34954e+07
0,0,0,0,0,2.25147e+07,-1.9599e+06,1.9599e+06,1.34954e+07
0,0,0,0,0,2.25248e+07,-1.96077e+06,1.96077e+06,1.34954e+07
0,0,0,0,0,2.25348e+07,-1.96165e+06,1.96165e+06,1.34954e+07
0,0,0,0,0,2.49909e+07,-2.17544e+06,2.17544e+06,1.34954e+07
0,0,0,0,0,2.5002e+07,-2.17642e+06,2.17642e+06,1.34954e+07
0,0,0,0,0,2.50132e+07,-2.17739e+06,2.17739e+06,1.34954e+07
0,0,0,0,0,2.50244e+07,-2.17836e+06,2.17836e+06,1.34954e+07
0,0,0,0,0,2.1663e+07,-1.88575e+06,1.88575e+06,1.34954e+07
0,0,0,0,0,2.16727e+07,-1.8866e+06,1.8866e+06,1.34954e+07
0,0,0,0,0,2.16824e+07,-1.88744e+06,1.88744e+06,1.34954e+07
0,0,0,0,0,2.1692e+07,-1.88828e+06,1.88828e+06,1.34954e+07
0,0,0,0,0,2.17017e+07,-1.88912e+06,1.88912e+06,1.34954e+07
0,0,0,0,0,2.25484e+07,-1.96283e+06,1.96283e+06,1.34954e+07
0,0,0,0,0,2.25585e+07,-1.9637e+06,1.9637e+06,1.34954e+07
0,0,0,0,0,2.25685e+07,-1.96458e+06,1.96458e+06,1.34954e+07
0,0,0,0,0,2.25786e+07,-1.96546e+06,1.96546e+06,1.34954e+07
0,0,0,0,0,2.22621e+07,-1.9379e+06,1.9379e+06,1.34954e+07
0,0,0,0,0,2.2272e+07,-1.93877e+06,1.93877e+06,1.34954e+07
0,0,0,0,0,2.22819e+07,-1.93963e+06,1.93963e+06,1.34954e+07
0,0,0,0,0,2.22918e+07,-1.94049e+06,1.94049e+06,1.34954e+07
0,0,0,0,0,2.34406e+07,-2.0405e+06,2.0405e+06,1.34954e+07
0,0,0,0,0,2.34511e+07,-2.04141e+06,2.04141e+06,1.34954e+07
0,0,0,0,0,2.34615e+07,-2.04231e+06,2.04231e+06,1.34954e+07
0,0,0,0,0,2.3472e+07,-2.04322e+06,2.04322e+06,1.34954e+07
0,0,0,0,0,2.34824e+07,-2.04413e+06,2.04413e+06,1.34954e+07
0,0,0,0,0,2.37616e+07,-2.06844e+06,2.06844e+06,1.34954e+07
0,0,0,0,0,2.37722e+07,-2.06936e+06,2.06936e+06,1.34954e+07
0,0,0,0,0,2.37828e+07,-2.07028e+06,2.07028e+06,1.34954e+07
0,0,0,0,0,2.37934e+07,-2.0712e+06,2.0712e+06,1.34954e+07
0,0,0,0,0,2.43741e+07,-2.12175e+06,2.12175e+06,1.34954e+07
0,0,0,0,0,2.43849e+07,-2.12269e+06,2.12269e+06,1.34954e+07
0,0,0,0,0,2.43957e+07,-2.12364e+06,2.12364e+06,1.34954e+07
0,0,0,0,0,2.44066e+07,-2.12458e+06,2.12458e+06,1.34954e+07
0,0,0,0,0,2.63115e+07,-2.2904e+06,2.2904e+06,1.34954e+07
0,0,0,0,0,2.63232e+07,-2.29142e+06,2.29142e+06,1.34954e+07
0,0,0,0,0,2.63348e+07,-2.29244e+06,2.29244e+06,1.34954e+07
0,0,0,0,0,2.63465e+07,-2.29345e+06,2.29345e+06,1.34954e+07
0,0,0,0,0,2.63582e+07,-2.29447e+06,2.29447e+06,1.34954e+07
0,0,0,0,0,2.53041e+07,-2.20271e+06,2.20271e+06,1.34954e+07
0,0,0,0,0,2.53153e+07,-2.20369e+06,2.20369e+06,1.34954e+07
0,0,0,0,0,2.53266e+07,-2.20467e+06,2.20467e+06,1.34954e+07
0,0,0,0,0,2.53378e+07,-2.20564e+06,2.20564e+06,1.34954e+07
0,0,0,0,0,2.44086e+07,-2.12476e+06,2.12476e+06,1.34954e+07
0,0,0,0,0,2.44195e+07,-2.1257e+06,2.1257e+06,1.34954e+07
0,0,0,0,0,2.44303e+07,-2.12665e+06,2.12665e+06,1.34954e+07
0,0,0,0,0,2.44411e+07,-2.12759e+06,2.12759e+06,1.34954e+07
0,0,0,0,0,2.22705e+07,-1.93863e+06,1.93863e+06,1.34954e+07
0,0,0,0,0,2.22803e+07,-1.93949e+06,1.93949e+06,1.34954e+07
0,0,0,0,0,2.22902e+07,-1.94035e+06,1.94035e+06,1.34954e+07
0,0,0,0,0,2.23001e+07,-1.94121e+06,1.94121e+06,1.34954e+07
0,0,0,0,0,2.231e+07,-1.94207e+06,1.94207e+06,1.34954e+07
0,0,0,0,1.02942e-71,2.30311e+07,-2.00485e+06,2.00485e+06,1.34954e+07
0,0,0,0,0,2.30409e+07,-2.0057e+06,2.0057e+06,1.34954e+07
0,0,0,0,0,2.30508e+07,-2.00656e+06,2.00656e+06,1.34954e+07
0,0,0,0,0,2.30607e+07,-2.00742e+06,2.00742e+06,1.34954e+07
0,0,0,0,0,2.55735e+07,-2.22616e+06,2.22616e+06,1.34954e+07
0,0,0,0,0,2.55845e+07,-2.22711e+06,2.22711e+06,1.34954e+07
0,0,0,0,0,2.55954e+07,-2.22807e+06,2.22807e+06,1.34954e+07
0,0,0,0,0,2.56063e+07,-2.22902e+06,2.22902e+06,1.34954e+07
0,0,0,0,0,2.21664e+07,-1.92957e+06,1.92957e+06,1.34954e+07
0,0,0,0,0,2.21758e+07,-1.9304e+06,1.9304e+06,1.34954e+07
0,0,0,0,0,2.21853e+07,-1.93122e+06,1.93122e+06,1.34954e+07
0,0,0,0,0,2.21948e+07,-1.93205e+06,1.93205e+06,1.34954e+07
0,0,0,0,0,2.22043e+07,-1.93287e+06,1.93287e+06,1.34954e+07
0,0,0,0,0,2.30701e+07,-2.00824e+06,2.00824e+06,1.34954e+07
0,0,0,0,0,2.308e+07,-2.0091e+06,2.0091e+06,1.34954e+07
0,0,0,0,0,2.30898e+07,-2.00996e+06,2.00996e+06,1.34954e+07
0,0,0,0,0,2.30997e+07,-2.01082e+06,2.01082e+06,1.34954e+07
0,0,0,0,0,2.27754e+07,-1.98259e+06,1.98259e+06,1.34954e+07
0,0,0,0,0,2.27851e+07,-1.98344e+06,1.98344e+06,1.34954e+07
0,0,0,0,0,2.27949e+07,-1.98428e+06,1.98428e+06,1.34954e+07
0,0,0,0,0,2.28046e+07,-1.98513e+06,1.98513e+06,1.34954e+07
0,0,0,0,0,2.39794e+07,-2.08739e+06,2.08739e+06,1.34954e+07
0,0,0,0,0,2.39896e+07,-2.08828e+06,2.08828e+06,1.34954e+07
0,0,0,0,0,2.39998e+07,-2.08917e+06,2.08917e+06,1.34954e+07
0,0,0,0,0,2.401e+07,-2.09006e+06,2.09006e+06,1.34954e+07
0,0,0,0,0,2.40203e+07,-2.09095e+06,2.09095e+06,1.34954e+07
0,0,0,0,0,2.43054e+07,-2.11578e+06,2.11578e+06,1.34954e+07
0,0,0,0,0,2.43158e+07,-2.11668e+06,2.11668e+06,1.34954e+07
0,0,0,0,0,2.43261e+07,-2.11758e+06,2.11758e+06,1.34954e+07
0,0,0,0,0,2.43365e+07,-2.11848e+06,2.11848e+06,1.34954e+07
0,0,0,0,0,2.493e+07,-2.17014e+06,2.17014e+06,1.34954e+07
0,0,0,0,0,2.49406e+07,-2.17107e+06,2.17107e+06,1.34954e+07
0,0,0,0,0,2.49512e+07,-2.17199e+06,2.17199e+06,1.34954e+07
0,0,0,0,0,2.49618e+07,-2.17292e+06,2.17292e+06,1.34954e+07
0,0,0,0,0,2.69095e+07,-2.34246e+06,2.34246e+06,1.34954e+07
0,0,0,0,0,2.6921e+07,-2.34346e+06,2.34346e+06,1.34954e+07
0,0,0,0,0,2.69324e+07,-2.34446e+06,2.34446e+06,1.34954e+07
0,0,0,0,0,2.69439e+07,-2.34545e+06,2.34545e+06,1.34954e+07
0,0,0,0,0,2.69553e+07,-2.34645e+06,2.34645e+06,1.34954e+07
0,0,0,0,0,2.58768e+07,-2.25257e+06,2.25257e+06,1.34954e+07
0,0,0,0,0,2.58878e+07,-2.25352e+06,2.25352e+06,1.34954e+07
0,0,0,0,0,2.58988e+07,-2.25448e+06,2.25448e+06,1.34954e+07
0,0,0,0,0,2.59098e+07,-2.25544e+06,2.25544e+06,1.34954e+07
0,0,0,0,0,2.49592e+07,-2.17269e+06,2.17269e+06,1.34954e+07
0,0,0,0,0,2.49698e+07,-2.17361e+06,2.17361e+06,1.34954e+07
0,0,0,0,0,2.49804e+07,-2.17453e+06,2.17453e+06,1.34954e+07
0,0,0,0,0,2.4991e+07,-2.17546e+06,2.17546e+06,1.34954e+07
0,0,0,0,0,2.27711e+07,-1.98221e+06,1.98221e+06,1.34954e+07
0,0,0,0,0,2.27808e+07,-1.98306e+06,1.98306e+06,1.34954e+07
0,0,0,0,0,2.27904e+07,-1.9839e+06,1.9839e+06,1.34954e+07
0,0,0,0,0,2.28001e+07,-1.98474e+06,1.98474e+06,1.34954e+07
0,0,0,0,0,2.28098e+07,-1.98558e+06,1.98558e+06,1.34954e+07
0,0,0,0,1.02942e-71,2.35466e+07,-2.04972e+06,2.04972e+06,1.34954e+07
0,0,0,0,0,2.35563e+07,-2.05056e+06,2.05056e+06,1.34954e+07
0,0,0,0,0,2.35659e+07,-2.0514e+06,2.0514e+06,1.34954e+07
0,0,0,0,0,2.35755e+07,-2.05224e+06,2.05224e+06,1.34954e+07
0,0,0,0,0,2.6144e+07,-2.27582e+06,2.27582e+06,1.34954e+07
0,0,0,0,0,2.61547e+07,-2.27675e+06,2.27675e+06,1.34954e+07
0,0,0,0,0,2.61654e+07,-2.27768e+06,2.27768e+06,1.34954e+07
0,0,0,0,0,2.61761e+07,-2.27861e+06,2.27861e+06,1.34954e+07
0,0,0,0,0,2.26591e+07,-1.97247e+06,1.97247e+06,1.34954e+07
0,0,0,0,0,2.26684e+07,-1.97327e+06,1.97327e+06,1.34954e+07
0,0,0,0,0,2.26777e+07,-1.97408e+06,1.97408e+06,1.34954e+07
0,0,0,0,0,2.26869e+07,-1.97489e+06,1.97489e+06,1.34954e+07
0,0,0,0,0,2.26962e+07,-1.97569e+06,1.97569e+06,1.34954e+07
0,0,0,0,0,2.35808e+07,-2.0527e+06,2.0527e+06,1.34954e+07
0,0,0,0,0,2.35904e+07,-2.05353e+06,2.05353e+06,1.34954e+07
0,0,0,0,0,2.36e+07,-2.05437e+06,2.05437e+06,1.34954e+07
0,0,0,0,0,2.36097e+07,-2.05521e+06,2.05521e+06,1.34954e+07
0,0,0,0,0,2.32778e+07,-2.02632e+06,2.02632e+06,1.34954e+07
0,0,0,0,0,2.32873e+07,-2.02715e+06,2.02715e+06,1.34954e+07
0,0,0,0,0,2.32968e+07,-2.02798e+06,2.02798e+06,1.34954e+07
0,0,0,0,0,2.33063e+07,-2.0288e+06,2.0288e+06,1.34954e+07
0,0,0,0,0,2.45065e+07,-2.13328e+06,2.13328e+06,1.34954e+07
0,0,0,0,0,2.45165e+07,-2.13415e+06,2.13415e+06,1.34954e+07
0,0,0,0,0,2.45265e+07,-2.13502e+06,2.13502e+06,1.34954e+07
0,0,0,0,0,2.45365e+07,-2.13589e+06,2.13589e+06,1.34954e+07
0,0,0,0,0,2.45465e+07,-2.13676e+06,2.13676e+06,1.34954e+07
0,0,0,0,0,2.48374e+07,-2.16208e+06,2.16208e+06,1.34954e+07
0,0,0,0,0,2.48475e+07,-2.16296e+06,2.16296e+06,1.34954e+07
0,0,0,0,0,2.48576e+07,-2.16385e+06,2.16385e+06,1.34954e+07
0,0,0,0,0,2.48678e+07,-2.16473e+06,2.16473e+06,1.34954e+07
0,0,0,0,0,2.54737e+07,-2.21748e+06,2.21748e+06,1.34954e+07
0,0,0,0,0,2.54841e+07,-2.21838e+06,2.21838e+06,1.34954e+07
0,0,0,0,0,2.54945e+07,-2.21928e+06,2.21928e+06,1.34954e+07
0,0,0,0,0,2.55048e+07,-2.22018e+06,2.22018e+06,1.34954e+07
0,0,0,0,0,2.74944e+07,-2.39338e+06,2.39338e+06,1.34954e+07
0,0,0,0,0,2.75056e+07,-2.39435e+06,2.39435e+06,1.34954e+07
0,0,0,0,0,2.75168e+07,-2.39532e+06,2.39532e+06,1.34954e+07
0,0,0,0,0,2.7528e+07,-2.3963e+06,2.3963e+06,1.34954e+07
0,0,0,0,0,2.75392e+07,-2.39727e+06,2.39727e+06,1.34954e+07
0,0,0,0,0,2.64368e+07,-2.30131e+06,2.30131e+06,1.34954e+07
0,0,0,0,0,2.64475e+07,-2.30225e+06,2.30225e+06,1.34954e+07
0,0,0,0,0,2.64583e+07,-2.30318e+06,2.30318e+06,1.34954e+07
0,0,0,0,0,2.6469e+07,-2.30412e+06,2.30412e+06,1.34954e+07
0,0,0,0,0,2.54974e+07,-2.21954e+06,2.21954e+06,1.34954e+07
0,0,0,0,0,2.55078e+07,-2.22044e+06,2.22044e+06,1.34954e+07
0,0,0,0,0,2.55182e+07,-2.22134e+06,2.22134e+06,1.34954e+07
0,0,0,0,0,2.55285e+07,-2.22225e+06,2.22225e+06,1.34954e+07
0,0,0,0,0,2.32604e+07,-2.02481e+06,2.02481e+06,1.34954e+07
0,0,0,0,0,2.32699e+07,-2.02563e+06,2.02563e+06,1.34954e+07
0,0,0,0,0,2.32793e+07,-2.02645e+06,2.02645e+06,1.34954e+07
0,0,0,0,0,2.32888e+07,-2.02728e+06,2.02728e+06,1.34954e+07
0,0,0,0,0,2.32982e+07,-2.0281e+06,2.0281e+06,1.34954e+07
0,0,0,0,1.02942e-71,2.40504e+07,-2.09358e+06,2.09358e+06,1.34954e+07
0,0,0,0,0,2.40598e+07,-2.09439e+06,2.09439e+06,1.34954e+07
0,0,0,0,0,2.40692e+07,-2.09521e+06,2.09521e+06,1.34954e+07
0,0,0,0,0,2.40786e+07,-2.09603e+06,2.09603e+06,1.34954e+07
0,0,0,0,0,2.67014e+07,-2.32434e+06,2.32434e+06,1.34954e+07
0,0,0,0,0,2.67118e+07,-2.32525e+06,2.32525e+06,1.34954e+07
0,0,0,0,0,2.67223e+07,-2.32616e+06,2.32616e+06,1.34954e+07
0,0,0,0,0,2.67327e+07,-2.32707e+06,2.32707e+06,1.34954e+07
0,0,0,0,0,2.31405e+07,-2.01437e+06,2.01437e+06,1.34954e+07
0,0,0,0,0,2.31496e+07,-2.01516e+06,2.01516e+06,1.34954e+07
0,0,0,0,0,2.31586e+07,-2.01595e+06,2.01595e+06,1.34954e+07
0,0,0,0,0,2.31677e+07,-2.01673e+06,2.01673e+06,1.34954e+07
0,0,0,0,0,2.31767e+07,-2.01752e+06,2.01752e+06,1.34954e+07
0,0,0,0,0,2.40796e+07,-2.09612e+06,2.09612e+06,1.34954e+07
0,0,0,0,0,2.4089e+07,-2.09694e+06,2.09694e+06,1.34954e+07
0,0,0,0,0,2.40984e+07,-2.09775e+06,2.09775e+06,1.34954e+07
0,0,0,0,0,2.41078e+07,-2.09857e+06,2.09857e+06,1.34954e+07
0,0,0,0,0,2.37685e+07,-2.06904e+06,2.06904e+06,1.34954e+07
0,0,0,0,0,2.37777e+07,-2.06984e+06,2.06984e+06,1.34954e+07
0,0,0,0,0,2.3787e+07,-2.07065e+06,2.07065e+06,1.34954e+07
0,0,0,0,0,2.37963e+07,-2.07146e+06,2.07146e+06,1.34954e+07
0,0,0,0,0,2.50212e+07,-2.17809e+06,2.17809e+06,1.34954e+07
0,0,0,0,0,2.5031e+07,-2.17893e+06,2.17893e+06,1.34954e+07
0,0,0,0,0,2.50407e+07,-2.17978e+06,2.17978e+06,1.34954e+07
0,0,0,0,0,2.50505e+07,-2.18063e+06,2.18063e+06,1.34954e+07
0,0,0,0,0,2.50602e+07,-2.18148e+06,2.18148e+06,1.34954e+07
0,0,0,0,0,2.53568e+07,-2.2073e+06,2.2073e+06,1.34954e+07
0,0,0,0,0,2.53667e+07,-2.20816e+06,2.20816e+06,1.34954e+07
0,0,0,0,0,2.53765e+07,-2.20902e+06,2.20902e+06,1.34954e+07
0,0,0,0,0,2.53864e+07,-2.20988e+06,2.20988e+06,1.34954e+07
0,0,0,0,0,2.60045e+07,-2.26368e+06,2.26368e+06,1.34954e+07
0,0,0,0,0,2.60147e+07,-2.26456e+06,2.26456e+06,1.34954e+07
0,0,0,0,0,2.60248e+07,-2.26545e+06,2.26545e+06,1.34954e+07
0,0,0,0,0,2.60349e+07,-2.26633e+06,2.26633e+06,1.34954e+07
0,0,0,0,0,2.80653e+07,-2.44307e+06,2.44307e+06,1.34954e+07
0,0,0,0,0,2.80762e+07,-2.44402e+06,2.44402e+06,1.34954e+07
0,0,0,0,0,2.80871e+07,-2.44497e+06,2.44497e+06,1.34954e+07
0,0,0,0,0,2.80981e+07,-2.44592e+06,2.44592e+06,1.34954e+07
0,0,0,0,0,2.8109e+07,-2.44687e+06,2.44687e+06,1.34954e+07
0,0,0,0,0,2.69833e+07,-2.34889e+06,2.34889e+06,1.34954e+07
0,0,0,0,0,2.69938e+07,-2.3498e+06,2.3498e+06,1.34954e+07
0,0,0,0,0,2.70043e+07,-2.35071e+06,2.35071e+06,1.34954e+07
0,0,0,0,0,2.70148e+07,-2.35162e+06,2.35162e+06,1.34954e+07
0,0,0,0,0,2.60227e+07,-2.26526e+06,2.26526e+06,1.34954e+07
0,0,0,0,0,2.60328e+07,-2.26614e+06,2.26614e+06,1.34954e+07
0,0,0,0,0,2.60429e+07,-2.26702e+06,2.26702e+06,1.34954e+07
0,0,0,0,0,2.6053e+07,-2.2679e+06,2.2679e+06,1.34954e+07
0,0,0,0,0,2.37379e+07,-2.06637e+06,2.06637e+06,1.34954e+07
0,0,0,0,0,2.37471e+07,-2.06717e+06,2.06717e+06,1.34954e+07
0,0,0,0,0,2.37563e+07,-2.06797e+06,2.06797e+06,1.34954e+07
0,0,0,0,0,2.37655e+07,-2.06878e+06,2.06878e+06,1.34954e+07
0,0,0,0,0,2.37747e+07,-2.06958e+06,2.06958e+06,1.34954e+07
0,0,0,0,0,2.45419e+07,-2.13636e+06,2.13636e+06,1.34954e+07
0,0,0,0,1.02942e-71,2.4551e+07,-2.13716e+06,2.13716e+06,1.34954e+07
0,0,0,0,0,2.45602e+07,-2.13795e+06,2.13795e+06,1.34954e+07
0,0,0,0,0,2.45694e+07,-2.13875e+06,2.13875e+06,1.34954e+07
0,0,0,0,0,2.72451e+07,-2.37167e+06,2.37167e+06,1.34954e+07
0,0,0,0,0,2.72553e+07,-2.37256e+06,2.37256e+06,1.34954e+07
0,0,0,0,0,2.72654e+07,-2.37344e+06,2.37344e+06,1.34954e+07
0,0,0,0,0,2.72756e+07,-2.37433e+06,2.37433e+06,1.34954e+07
0,0,0,0,0,2.36101e+07,-2.05525e+06,2.05525e+06,1.34954e+07
0,0,0,0,0,2.36189e+07,-2.05601e+06,2.05601e+06,1.34954e+07
0,0,0,0,0,2.36277e+07,-2.05678e+06,2.05678e+06,1.34954e+07
0,0,0,0,0,2.36365e+07,-2.05755e+06,2.05755e+06,1.34954e+07
0,0,0,0,0,2.36453e+07,-2.05831e+06,2.05831e+06,1.34954e+07
0,0,0,0,0,2.4566e+07,-2.13846e+06,2.13846e+06,1.34954e+07
0,0,0,0,0,2.45752e+07,-2.13926e+06,2.13926e+06,1.34954e+07
0,0,0,0,0,2.45843e+07,-2.14005e+06,2.14005e+06,1.34954e+07
0,0,0,0,0,2.45935e+07,-2.14085e+06,2.14085e+06,1.34954e+07
0,0,0,0,0,2.42469e+07,-2.11068e+06,2.11068e+06,1.34954e+07
0,0,0,0,0,2.4256e+07,-2.11147e+06,2.11147e+06,1.34954e+07
0,0,0,0,0,2.4265e+07,-2.11226e+06,2.11226e+06,1.34954e+07
0,0,0,0,0,2.4274e+07,-2.11304e+06,2.11304e+06,1.34954e+07
0,0,0,0,0,2.55231e+07,-2.22177e+06,2.22177e+06,1.34954e+07
0,0,0,0,0,2.55326e+07,-2.2226e+06,2.2226e+06,1.34954e+07
0,0,0,0,0,2.55421e+07,-2.22343e+06,2.22343e+06,1.34954e+07
0,0,0,0,0,2.55516e+07,-2.22425e+06,2.22425e+06,1.34954e+07
0,0,0,0,0,2.55611e+07,-2.22508e+06,2.22508e+06,1.34954e+07
0,0,0,0,0,2.58631e+07,-2.25137e+06,2.25137e+06,1.34954e+07
0,0,0,0,0,2.58728e+07,-2.25221e+06,2.25221e+06,1.34954e+07
0,0,0,0,0,2.58824e+07,-2.25305e+06,2.25305e+06,1.34954e+07
0,0,0,0,0,2.5892e+07,-2.25389e+06,2.25389e+06,1.34954e+07
0,0,0,0,0,2.6522e+07,-2.30873e+06,2.30873e+06,1.34954e+07
0,0,0,0,0,2.65318e+07,-2.30958e+06,2.30958e+06,1.34954e+07
0,0,0,0,0,2.65417e+07,-2.31044e+06,2.31044e+06,1.34954e+07
0,0,0,0,0,2.65516e+07,-2.3113e+06,2.3113e+06,1.34954e+07
0,0,0,0,0,2.86218e+07,-2.49151e+06,2.49151e+06,1.34954e+07
0,0,0,0,0,2.86324e+07,-2.49244e+06,2.49244e+06,1.34954e+07
0,0,0,0,0,2.8643e+07,-2.49336e+06,2.49336e+06,1.34954e+07
0,0,0,0,0,2.86536e+07,-2.49429e+06,2.49429e+06,1.34954e+07
0,0,0,0,0,2.86643e+07,-2.49521e+06,2.49521e+06,1.34954e+07
0,0,0,0,0,2.75159e+07,-2.39525e+06,2.39525e+06,1.34954e+07
0,0,0,0,0,2.75261e+07,-2.39614e+06,2.39614e+06,1.34954e+07
0,0,0,0,0,2.75363e+07,-2.39703e+06,2.39703e+06,1.34954e+07
0,0,0,0,0,2.75465e+07,-2.39791e+06,2.39791e+06,1.34954e+07
0,0,0,0,0,2.65345e+07,-2.30981e+06,2.30981e+06,1.34954e+07
0,0,0,0,0,2.65443e+07,-2.31067e+06,2.31067e+06,1.34954e+07
0,0,0,0,0,2.65541e+07,-2.31153e+06,2.31153e+06,1.34954e+07
0,0,0,0,0,2.6564e+07,-2.31238e+06,2.31238e+06,1.34954e+07
0,0,0,0,0,2.4203e+07,-2.10686e+06,2.10686e+06,1.34954e+07
0,0,0,0,0,2.4212e+07,-2.10764e+06,2.10764e+06,1.34954e+07
0,0,0,0,0,2.4221e+07,-2.10843e+06,2.10843e+06,1.34954e+07
0,0,0,0,0,2.423e+07,-2.10921e+06,2.10921e+06,1.34954e+07
0,0,0,0,0,2.42389e+07,-2.10999e+06,2.10999e+06,1.34954e+07
0,0,0,0,0,2.42389e+07,-2.10999e+06,2.10999e+06,1.34954e+07
0,0,0,0,1.02942e-71,2.50206e+07,-2.17803e+06,2.17803e+06,1.34954e+07
0,0,0,0,0,2.50295e+07,-2.17881e+06,2.17881e+06,1.34954e+07
0,0,0,0,0,2.50384e+07,-2.17959e+06,2.17959e+06,1.34954e+07
0,0,0,0,0,2.50474e+07,-2.18036e+06,2.18036e+06,1.34954e+07
0,0,0,0,0,2.77747e+07,-2.41777e+06,2.41777e+06,1.34954e+07
0,0,0,0,0,2.77846e+07,-2.41863e+06,2.41863e+06,1.34954e+07
0,0,0,0,0,2.77945e+07,-2.4195e+06,2.4195e+06,1.34954e+07
0,0,0,0,0,2.78044e+07,-2.42036e+06,2.42036e+06,1.34954e+07
0,0,0,0,0,2.40674e+07,-2.09505e+06,2.09505e+06,1.34954e+07
0,0,0,0,0,2.40759e+07,-2.0958e+06,2.0958e+06,1.34954e+07
0,0,0,0,0,2.40845e+07,-2.09655e+06,2.09655e+06,1.34954e+07
0,0,0,0,0,2.40931e+07,-2.09729e+06,2.09729e+06,1.34954e+07
0,0,0,0,0,2.41016e+07,-2.09804e+06,2.09804e+06,1.34954e+07
0,0,0,0,0,2.50397e+07,-2.17969e+06,2.17969e+06,1.34954e+07
0,0,0,0,0,2.50486e+07,-2.18047e+06,2.18047e+06,1.34954e+07
0,0,0,0,0,2.50575e+07,-2.18124e+06,2.18124e+06,1.34954e+07
0,0,0,0,0,2.50664e+07,-2.18202e+06,2.18202e+06,1.34954e+07
0,0,0,0,0,2.47128e+07,-2.15123e+06,2.15123e+06,1.34954e+07
0,0,0,0,0,2.47215e+07,-2.152e+06,2.152e+06,1.34954e+07
0,0,0,0,0,2.47303e+07,-2.15276e+06,2.15276e+06,1.34954e+07
0,0,0,0,0,2.47391e+07,-2.15353e+06,2.15353e+06,1.34954e+07
0,0,0,0,0,2.60117e+07,-2.2643e+06,2.2643e+06,1.34954e+07
0,0,0,0,0,2.60209e+07,-2.26511e+06,2.26511e+06,1.34954e+07
0,0,0,0,0,2.60302e+07,-2.26591e+06,2.26591e+06,1.34954e+07
0,0,0,0,0,2.60394e+07,-2.26672e+06,2.26672e+06,1.34954e+07
0,0,0,0,0,2.60486e+07,-2.26752e+06,2.26752e+06,1.34954e+07
0,0,0,0,0,2.6356e+07,-2.29428e+06,2.29428e+06,1.34954e+07
0,0,0,0,0,2.63653e+07,-2.29509e+06,2.29509e+06,1.34954e+07
0,0,0,0,0,2.63747e+07,-2.29591e+06,2.29591e+06,1.34954e+07
0,0,0,0,0,2.6384e+07,-2.29672e+06,2.29672e+06,1.34954e+07
0,0,0,0,0,2.70255e+07,-2.35256e+06,2.35256e+06,1.34954e+07
0,0,0,0,0,2.70351e+07,-2.3534e+06,2.3534e+06,1.34954e+07
0,0,0,0,0,2.70447e+07,-2.35423e+06,2.35423e+06,1.34954e+07
0,0,0,0,0,2.70543e+07,-2.35507e+06,2.35507e+06,1.34954e+07
0,0,0,0,0,2.91632e+07,-2.53864e+06,2.53864e+06,1.34954e+07
0,0,0,0,0,2.91736e+07,-2.53954e+06,2.53954e+06,1.34954e+07
0,0,0,0,0,2.91839e+07,-2.54044e+06,2.54044e+06,1.34954e+07
0,0,0,0,0,2.91942e+07,-2.54134e+06,2.54134e+06,1.34954e+07
0,0,0,0,0,2.92046e+07,-2.54224e+06,2.54224e+06,1.34954e+07
0,0,0,0,0,2.80341e+07,-2.44035e+06,2.44035e+06,1.34954e+07
0,0,0,0,0,2.8044e+07,-2.44122e+06,2.44122e+06,1.34954e+07
0,0,0,0,0,2.80539e+07,-2.44208e+06,2.44208e+06,1.34954e+07
0,0,0,0,0,2.80639e+07,-2.44295e+06,2.44295e+06,1.34954e+07
0,0,0,0,0,2.70323e+07,-2.35315e+06,2.35315e+06,1.34954e+07
0,0,0,0,0,2.70419e+07,-2.35398e+06,2.35398e+06,1.34954e+07
0,0,0,0,0,2.70515e+07,-2.35482e+06,2.35482e+06,1.34954e+07
0,0,0,0,0,2.7061e+07,-2.35565e+06,2.35565e+06,1.34954e+07
0,0,0,0,0,2.46555e+07,-2.14625e+06,2.14625e+06,1.34954e+07
0,0,0,0,0,2.46642e+07,-2.14701e+06,2.14701e+06,1.34954e+07
0,0,0,0,0,2.46729e+07,-2.14777e+06,2.14777e+06,1.34954e+07
0,0,0,0,0,2.46817e+07,-2.14853e+06,2.14853e+06,1.34954e+07
0,0,0,0,0,2.46904e+07,-2.14929e+06,2.14929e+06,1.34954e+07
0,0,0,0,1.02942e-71,2.54862e+07,-2.21856e+06,2.21856e+06,1.34954e+07
0,0,0,0,0,2.54949e+07,-2.21932e+06,2.21932e+06,1.34954e+07
0,0,0,0,0,2.55035e+07,-2.22007e+06,2.22007e+06,1.34954e+07
0,0,0,0,0,2.55122e+07,-2.22082e+06,2.22082e+06,1.34954e+07
0,0,0,0,0,2.82896e+07,-2.4626e+06,2.4626e+06,1.34954e+07
0,0,0,0,0,2.82992e+07,-2.46344e+06,2.46344e+06,1.34954e+07
0,0,0,0,0,2.83088e+07,-2.46427e+06,2.46427e+06,1.34954e+07
0,0,0,0,0,2.83184e+07,-2.46511e+06,2.46511e+06,1.34954e+07
0,0,0,0,0,2.45119e+07,-2.13375e+06,2.13375e+06,1.34954e+07
0,0,0,0,0,2.45203e+07,-2.13448e+06,2.13448e+06,1.34954e+07
0,0,0,0,0,2.45286e+07,-2.1352e+06,2.1352e+06,1.34954e+07
0,0,0,0,0,2.45369e+07,-2.13592e+06,2.13592e+06,1.34954e+07
0,0,0,0,0,2.45452e+07,-2.13665e+06,2.13665e+06,1.34954e+07
0,0,0,0,0,2.55001e+07,-2.21977e+06,2.21977e+06,1.34954e+07
0,0,0,0,0,2.55087e+07,-2.22052e+06,2.22052e+06,1.34954e+07
0,0,0,0,0,2.55174e+07,-2.22128e+06,2.22128e+06,1.34954e+07
0,0,0,0,0,2.5526e+07,-2.22203e+06,2.22203e+06,1.34954e+07
0,0,0,0,0,2.51655e+07,-2.19064e+06,2.19064e+06,1.34954e+07
0,0,0,0,0,2.5174e+07,-2.19138e+06,2.19138e+06,1.34954e+07
0,0,0,0,0,2.51825e+07,-2.19213e+06,2.19213e+06,1.34954e+07
0,0,0,0,0,2.5191e+07,-2.19287e+06,2.19287e+06,1.34954e+07
0,0,0,0,0,2.64864e+07,-2.30563e+06,2.30563e+06,1.34954e+07
0,0,0,0,0,2.64954e+07,-2.30641e+06,2.30641e+06,1.34954e+07
0,0,0,0,0,2.65043e+07,-2.30719e+06,2.30719e+06,1.34954e+07
0,0,0,0,0,2.65133e+07,-2.30797e+06,2.30797e+06,1.34954e+07
0,0,0,0,0,2.65223e+07,-2.30875e+06,2.30875e+06,1.34954e+07
0,0,0,0,0,2.68348e+07,-2.33596e+06,2.33596e+06,1.34954e+07
0,0,0,0,0,2.68439e+07,-2.33675e+06,2.33675e+06,1.34954e+07
0,0,0,0,0,2.68529e+07,-2.33754e+06,2.33754e+06,1.34954e+07
0,0,0,0,0,2.6862e+07,-2.33833e+06,2.33833e+06,1.34954e+07
0,0,0,0,0,2.75147e+07,-2.39514e+06,2.39514e+06,1.34954e+07
0,0,0,0,0,2.7524e+07,-2.39595e+06,2.39595e+06,1.34954e+07
0,0,0,0,0,2.75333e+07,-2.39676e+06,2.39676e+06,1.34954e+07
0,0,0,0,0,2.75426e+07,-2.39757e+06,2.39757e+06,1.34954e+07
0,0,0,0,0,2.96891e+07,-2.58442e+06,2.58442e+06,1.34954e+07
0,0,0,0,0,2.96991e+07,-2.58529e+06,2.58529e+06,1.34954e+07
0,0,0,0,0,2.97091e+07,-2.58617e+06,2.58617e+06,1.34954e+07
0,0,0,0,0,2.97192e+07,-2.58704e+06,2.58704e+06,1.34954e+07
0,0,0,0,0,2.97292e+07,-2.58791e+06,2.58791e+06,1.34954e+07
0,0,0,0,0,2.85372e+07,-2.48415e+06,2.48415e+06,1.34954e+07
0,0,0,0,0,2.85468e+07,-2.48499e+06,2.48499e+06,1.34954e+07
0,0,0,0,0,2.85565e+07,-2.48583e+06,2.48583e+06,1.34954e+07
0,0,0,0,0,2.85661e+07,-2.48667e+06,2.48667e+06,1.34954e+07
0,0,0,0,0,2.75156e+07,-2.39522e+06,2.39522e+06,1.34954e+07
0,0,0,0,0,2.75249e+07,-2.39603e+06,2.39603e+06,1.34954e+07
0,0,0,0,0,2.75342e+07,-2.39684e+06,2.39684e+06,1.34954e+07
0,0,0,0,0,2.75435e+07,-2.39765e+06,2.39765e+06,1.34954e+07
0,0,0,0,0,2.50947e+07,-2.18448e+06,2.18448e+06,1.34954e+07
0,0,0,0,0,2.51031e+07,-2.18522e+06,2.18522e+06,1.34954e+07
0,0,0,0,0,2.51116e+07,-2.18595e+06,2.18595e+06,1.34954e+07
0,0,0,0,0,2.51201e+07,-2.18669e+06,2.18669e+06,1.34954e+07
0,0,0,0,0,2.51285e+07,-2.18743e+06,2.18743e+06,1.34954e+07
0,0,0,0,1.02942e-71,2.5938e+07,-2.25789e+06,2.25789e+06,1.34954e+07
0,0,0,0,0,2.59464e+07,-2.25862e+06,2.25862e+06,1.34954e+07
0,0,0,0,0,2.59548e+07,-2.25935e+06,2.25935e+06,1.34954e+07
0,0,0,0,0,2.59632e+07,-2.26009e+06,2.26009e+06,1.34954e+07
0,0,0,0,0,2.87893e+07,-2.5061e+06,2.5061e+06,1.34954e+07
0,0,0,0,0,2.87986e+07,-2.50691e+06,2.50691e+06,1.34954e+07
0,0,0,0,0,2.88079e+07,-2.50771e+06,2.50771e+06,1.34954e+07
0,0,0,0,0,2.88172e+07,-2.50852e+06,2.50852e+06,1.34954e+07
0,0,0,0,0,2.49433e+07,-2.1713e+06,2.1713e+06,1.34954e+07
0,0,0,0,0,2.49513e+07,-2.172e+06,2.172e+06,1.34954e+07
0,0,0,0,0,2.49594e+07,-2.1727e+06,2.1727e+06,1.34954e+07
0,0,0,0,0,2.49674e+07,-2.1734e+06,2.1734e+06,1.34954e+07
0,0,0,0,0,2.49755e+07,-2.17411e+06,2.17411e+06,1.34954e+07
0,0,0,0,0,2.59467e+07,-2.25865e+06,2.25865e+06,1.34954e+07
0,0,0,0,0,2.59551e+07,-2.25938e+06,2.25938e+06,1.34954e+07
0,0,0,0,0,2.59635e+07,-2.26011e+06,2.26011e+06,1.34954e+07
0,0,0,0,0,2.59718e+07,-2.26084e+06,2.26084e+06,1.34954e+07
0,0,0,0,0,2.56046e+07,-2.22887e+06,2.22887e+06,1.34954e+07
0,0,0,0,0,2.56128e+07,-2.22959e+06,2.22959e+06,1.34954e+07
0,0,0,0,0,2.56211e+07,-2.2303e+06,2.2303e+06,1.34954e+07
0,0,0,0,0,2.56294e+07,-2.23102e+06,2.23102e+06,1.34954e+07
0,0,0,0,0,2.69468e+07,-2.34571e+06,2.34571e+06,1.34954e+07
0,0,0,0,0,2.69555e+07,-2.34647e+06,2.34647e+06,1.34954e+07
0,0,0,0,0,2.69642e+07,-2.34722e+06,2.34722e+06,1.34954e+07
0,0,0,0,0,2.69729e+07,-2.34798e+06,2.34798e+06,1.34954e+07
0,0,0,0,0,2.69816e+07,-2.34873e+06,2.34873e+06,1.34954e+07
0,0,0,0,0,2.7299e+07,-2.37637e+06,2.37637e+06,1.34954e+07
0,0,0,0,0,2.73078e+07,-2.37714e+06,2.37714e+06,1.34954e+07
0,0,0,0,0,2.73166e+07,-2.3779e+06,2.3779e+06,1.34954e+07
0,0,0,0,0,2.73254e+07,-2.37867e+06,2.37867e+06,1.34954e+07
0,0,0,0,0,2.79889e+07,-2.43642e+06,2.43642e+06,1.34954e+07
0,0,0,0,0,2.79979e+07,-2.43721e+06,2.43721e+06,1.34954e+07
0,0,0,0,0,2.80069e+07,-2.43799e+06,2.43799e+06,1.34954e+07
0,0,0,0,0,2.80159e+07,-2.43878e+06,2.43878e+06,1.34954e+07
0,0,0,0,0,3.01988e+07,-2.62879e+06,2.62879e+06,1.34954e+07
0,0,0,0,0,3.02085e+07,-2.62964e+06,2.62964e+06,1.34954e+07
0,0,0,0,0,3.02183e+07,-2.63049e+06,2.63049e+06,1.34954e+07
0,0,0,0,0,3.0228e+07,-2.63133e+06,2.63133e+06,1.34954e+07
0,0,0,0,0,3.02377e+07,-2.63218e+06,2.63218e+06,1.34954e+07
0,0,0,0,0,2.90249e+07,-2.5266e+06,2.5266e+06,1.34954e+07
0,0,0,0,0,2.90342e+07,-2.52741e+06,2.52741e+06,1.34954e+07
0,0,0,0,0,2.90435e+07,-2.52823e+06,2.52823e+06,1.34954e+07
0,0,0,0,0,2.90529e+07,-2.52904e+06,2.52904e+06,1.34954e+07
0,0,0,0,0,2.79841e+07,-2.436e+06,2.436e+06,1.34954e+07
0,0,0,0,0,2.79931e+07,-2.43678e+06,2.43678e+06,1.34954e+07
0,0,0,0,0,2.80021e+07,-2.43757e+06,2.43757e+06,1.34954e+07
0,0,0,0,0,2.80111e+07,-2.43835e+06,2.43835e+06,1.34954e+07
0,0,0,0,0,2.55202e+07,-2.22152e+06,2.22152e+06,1.34954e+07
0,0,0,0,0,2.55284e+07,-2.22224e+06,2.22224e+06,1.34954e+07
0,0,0,0,0,2.55366e+07,-2.22295e+06,2.22295e+06,1.34954e+07
0,0,0,0,0,2.55448e+07,-2.22367e+06,2.22367e+06,1.34954e+07
0,0,0,0,0,2.5553e+07,-2.22438e+06,2.22438e+06,1.34954e+07
0,0,0,0,1.02942e-71,2.63758e+07,-2.296e+06,2.296e+06,1.34954e+07
0,0,0,0,0,2.63839e+07,-2.29671e+06,2.29671e+06,1.34954e+07
0,0,0,0,0,2.6392e+07,-2.29742e+06,2.29742e+06,1.34954e+07
0,0,0,0,0,2.64002e+07,-2.29812e+06,2.29812e+06,1.34954e+07
0,0,0,0,0,2.92734e+07,-2.54823e+06,2.54823e+06,1.34954e+07
0,0,0,0,0,2.92824e+07,-2.54902e+06,2.54902e+06,1.34954e+07
0,0,0,0,0,2.92914e+07,-2.5498e+06,2.5498e+06,1.34954e+07
0,0,0,0,0,2.93004e+07,-2.55058e+06,2.55058e+06,1.34954e+07
0,0,0,0,0,2.53611e+07,-2.20767e+06,2.20767e+06,1.34954e+07
0,0,0,0,0,2.53689e+07,-2.20835e+06,2.20835e+06,1.34954e+07
0,0,0,0,0,2.53767e+07,-2.20903e+06,2.20903e+06,1.34954e+07
0,0,0,0,0,2.53845e+07,-2.20971e+06,2.20971e+06,1.34954e+07
0,0,0,0,0,2.53923e+07,-2.21039e+06,2.21039e+06,1.34954e+07
0,0,0,0,0,2.63793e+07,-2.2963e+06,2.2963e+06,1.34954e+07
0,0,0,0,0,2.63874e+07,-2.29701e+06,2.29701e+06,1.34954e+07
0,0,0,0,0,2.63955e+07,-2.29771e+06,2.29771e+06,1.34954e+07
0,0,0,0,0,2.64036e+07,-2.29842e+06,2.29842e+06,1.34954e+07
0,0,0,0,0,2.60298e+07,-2.26588e+06,2.26588e+06,1.34954e+07
0,0,0,0,0,2.60378e+07,-2.26658e+06,2.26658e+06,1.34954e+07
0,0,0,0,0,2.60458e+07,-2.26727e+06,2.26727e+06,1.34954e+07
0,0,0,0,0,2.60538e+07,-2.26797e+06,2.26797e+06,1.34954e+07
0,0,0,0,0,2.73927e+07,-2.38452e+06,2.38452e+06,1.34954e+07
0,0,0,0,0,2.74011e+07,-2.38525e+06,2.38525e+06,1.34954e+07
0,0,0,0,0,2.74095e+07,-2.38598e+06,2.38598e+06,1.34954e+07
0,0,0,0,0,2.74179e+07,-2.38671e+06,2.38671e+06,1.34954e+07
0,0,0,0,0,2.74263e+07,-2.38745e+06,2.38745e+06,1.34954e+07
0,0,0,0,0,2.77485e+07,-2.4155e+06,2.4155e+06,1.34954e+07
0,0,0,0,0,2.77571e+07,-2.41624e+06,2.41624e+06,1.34954e+07
0,0,0,0,0,2.77656e+07,-2.41698e+06,2.41698e+06,1.34954e+07
0,0,0,0,0,2.77741e+07,-2.41772e+06,2.41772e+06,1.34954e+07
0,0,0,0,0,2.8448e+07,-2.47638e+06,2.47638e+06,1.34954e+07
0,0,0,0,0,2.84567e+07,-2.47714e+06,2.47714e+06,1.34954e+07
0,0,0,0,0,2.84654e+07,-2.4779e+06,2.4779e+06,1.34954e+07
0,0,0,0,0,2.84742e+07,-2.47866e+06,2.47866e+06,1.34954e+07
0,0,0,0,0,3.06923e+07,-2.67175e+06,2.67175e+06,1.34954e+07
0,0,0,0,0,3.07017e+07,-2.67257e+06,2.67257e+06,1.34954e+07
0,0,0,0,0,3.07111e+07,-2.67338e+06,2.67338e+06,1.34954e+07
0,0,0,0,0,3.07205e+07,-2.6742e+06,2.6742e+06,1.34954e+07
0,0,0,0,0,3.07299e+07,-2.67502e+06,2.67502e+06,1.34954e+07
0,0,0,0,0,2.94968e+07,-2.56769e+06,2.56769e+06,1.34954e+07
0,0,0,0,0,2.95059e+07,-2.56847e+06,2.56847e+06,1.34954e+07
0,0,0,0,0,2.95149e+07,-2.56926e+06,2.56926e+06,1.34954e+07
0,0,0,0,0,2.95239e+07,-2.57004e+06,2.57004e+06,1.34954e+07
0,0,0,0,0,2.84373e+07,-2.47546e+06,2.47546e+06,1.34954e+07
0,0,0,0,0,2.8446e+07,-2.47622e+06,2.47622e+06,1.34954e+07
0,0,0,0,0,2.84547e+07,-2.47697e+06,2.47697e+06,1.34954e+07
0,0,0,0,0,2.84634e+07,-2.47773e+06,2.47773e+06,1.34954e+07
0,0,0,0,0,2.5932e+07,-2.25737e+06,2.25737e+06,1.34954e+07
0,0,0,0,0,2.59399e+07,-2.25806e+06,2.25806e+06,1.34954e+07
0,0,0,0,0,2.59479e+07,-2.25875e+06,2.25875e+06,1.34954e+07
0,0,0,0,0,2.59558e+07,-2.25944e+06,2.25944e+06,1.34954e+07
0,0,0,0,0,2.59637e+07,-2.26013e+06,2.26013e+06,1.34954e+07
0,0,0,0,1.02942e-71,2.67993e+07,-2.33287e+06,2.33287e+06,1.34954e+07
0,0,0,0,0,2.68072e+07,-2.33355e+06,2.33355e+06,1.34954e+07
0,0,0,0,0,2.68151e+07,-2.33424e+06,2.33424e+06,1.34954e+07
0,0,0,0,0,2.68229e+07,-2.33492e+06,2.33492e+06,1.34954e+07
0,0,0,0,0,2.97417e+07,-2.589e+06,2.589e+06,1.34954e+07
0,0,0,0,0,2.97504e+07,-2.58976e+06,2.58976e+06,1.34954e+07
0,0,0,0,0,2.97591e+07,-2.59052e+06,2.59052e+06,1.34954e+07
0,0,0,0,0,2.97678e+07,-2.59128e+06,2.59128e+06,1.34954e+07
0,0,0,0,0,2.57653e+07,-2.24286e+06,2.24286e+06,1.34954e+07
0,0,0,0,0,2.57729e+07,-2.24352e+06,2.24352e+06,1.34954e+07
0,0,0,0,0,2.57804e+07,-2.24418e+06,2.24418e+06,1.34954e+07
0,0,0,0,0,2.5788e+07,-2.24483e+06,2.24483e+06,1.34954e+07
0,0,0,0,0,2.57955e+07,-2.24549e+06,2.24549e+06,1.34954e+07
0,0,0,0,0,2.67978e+07,-2.33274e+06,2.33274e+06,1.34954e+07
0,0,0,0,0,2.68057e+07,-2.33342e+06,2.33342e+06,1.34954e+07
0,0,0,0,0,2.68135e+07,-2.3341e+06,2.3341e+06,1.34954e+07
0,0,0,0,0,2.68214e+07,-2.33479e+06,2.33479e+06,1.34954e+07
0,0,0,0,0,2.64413e+07,-2.3017e+06,2.3017e+06,1.34954e+07
0,0,0,0,0,2.6449e+07,-2.30238e+06,2.30238e+06,1.34954e+07
0,0,0,0,0,2.64568e+07,-2.30305e+06,2.30305e+06,1.34954e+07
0,0,0,0,0,2.64645e+07,-2.30372e+06,2.30372e+06,1.34954e+07
0,0,0,0,0,2.78241e+07,-2.42207e+06,2.42207e+06,1.34954e+07
0,0,0,0,0,2.78322e+07,-2.42278e+06,2.42278e+06,1.34954e+07
0,0,0,0,0,2.78403e+07,-2.42349e+06,2.42349e+06,1.34954e+07
0,0,0,0,0,2.78485e+07,-2.4242e+06,2.4242e+06,1.34954e+07
0,0,0,0,0,2.78566e+07,-2.42491e+06,2.42491e+06,1.34954e+07
0,0,0,0,0,2.81835e+07,-2.45336e+06,2.45336e+06,1.34954e+07
0,0,0,0,0,2.81918e+07,-2.45408e+06,2.45408e+06,1.34954e+07
0,0,0,0,0,2.82e+07,-2.4548e+06,2.4548e+06,1.34954e+07
0,0,0,0,0,2.82083e+07,-2.45552e+06,2.45552e+06,1.34954e+07
0,0,0,0,0,2.88923e+07,-2.51506e+06,2.51506e+06,1.34954e+07
0,0,0,0,0,2.89007e+07,-2.5158e+06,2.5158e+06,1.34954e+07
0,0,0,0,0,2.89092e+07,-2.51653e+06,2.51653e+06,1.34954e+07
0,0,0,0,0,2.89176e+07,-2.51727e+06,2.51727e+06,1.34954e+07
0,0,0,0,0,3.11698e+07,-2.71332e+06,2.71332e+06,1.34954e+07
0,0,0,0,0,3.11789e+07,-2.71411e+06,2.71411e+06,1.34954e+07
0,0,0,0,0,3.1188e+07,-2.7149e+06,2.7149e+06,1.34954e+07
0,0,0,0,0,3.11971e+07,-2.7157e+06,2.7157e+06,1.34954e+07
0,0,0,0,0,3.12062e+07,-2.71649e+06,2.71649e+06,1.34954e+07
0,0,0,0,0,2.99537e+07,-2.60745e+06,2.60745e+06,1.34954e+07
0,0,0,0,0,2.99624e+07,-2.60821e+06,2.60821e+06,1.34954e+07
0,0,0,0,0,2.99711e+07,-2.60897e+06,2.60897e+06,1.34954e+07
0,0,0,0,0,2.99799e+07,-2.60973e+06,2.60973e+06,1.34954e+07
0,0,0,0,0,2.88761e+07,-2.51365e+06,2.51365e+06,1.34954e+07
0,0,0,0,0,2.88845e+07,-2.51438e+06,2.51438e+06,1.34954e+07
0,0,0,0,0,2.88929e+07,-2.51512e+06,2.51512e+06,1.34954e+07
0,0,0,0,0,2.89014e+07,-2.51585e+06,2.51585e+06,1.34954e+07
0,0,0,0,0,2.63306e+07,-2.29207e+06,2.29207e+06,1.34954e+07
0,0,0,0,0,2.63383e+07,-2.29273e+06,2.29273e+06,1.34954e+07
0,0,0,0,0,2.63459e+07,-2.2934e+06,2.2934e+06,1.34954e+07
0,0,0,0,0,2.63536e+07,-2.29407e+06,2.29407e+06,1.34954e+07
0,0,0,0,0,2.63613e+07,-2.29474e+06,2.29474e+06,1.34954e+07
0,0,0,0,0,2.72094e+07,-2.36856e+06,2.36856e+06,1.34954e+07
0,0,0,0,1.02942e-71,2.7217e+07,-2.36922e+06,2.36922e+06,1.34954e+07
0,0,0,0,0,2.72246e+07,-2.36989e+06,2.36989e+06,1.34954e+07
0,0,0,0,0,2.72322e+07,-2.37055e+06,2.37055e+06,1.34954e+07
0,0,0,0,0,3.01951e+07,-2.62847e+06,2.62847e+06,1.34954e+07
0,0,0,0,0,3.02035e+07,-2.6292e+06,2.6292e+06,1.34954e+07
0,0,0,0,0,3.0212e+07,-2.62994e+06,2.62994e+06,1.34954e+07
0,0,0,0,0,3.02204e+07,-2.63067e+06,2.63067e+06,1.34954e+07
0,0,0,0,0,2.61567e+07,-2.27693e+06,2.27693e+06,1.34954e+07
0,0,0,0,0,2.6164e+07,-2.27757e+06,2.27757e+06,1.34954e+07
0,0,0,0,0,2.61713e+07,-2.2782e+06,2.2782e+06,1.34954e+07
0,0,0,0,0,2.61786e+07,-2.27884e+06,2.27884e+06,1.34954e+07
0,0,0,0,0,2.61859e+07,-2.27947e+06,2.27947e+06,1.34954e+07
0,0,0,0,0,2.7203e+07,-2.36801e+06,2.36801e+06,1.34954e+07
0,0,0,0,0,2.72106e+07,-2.36867e+06,2.36867e+06,1.34954e+07
0,0,0,0,0,2.72182e+07,-2.36934e+06,2.36934e+06,1.34954e+07
0,0,0,0,0,2.72258e+07,-2.37e+06,2.37e+06,1.34954e+07
0,0,0,0,0,2.68397e+07,-2.33638e+06,2.33638e+06,1.34954e+07
0,0,0,0,0,2.68472e+07,-2.33703e+06,2.33703e+06,1.34954e+07
0,0,0,0,0,2.68547e+07,-2.33769e+06,2.33769e+06,1.34954e+07
0,0,0,0,0,2.68621e+07,-2.33834e+06,2.33834e+06,1.34954e+07
0,0,0,0,0,2.82418e+07,-2.45843e+06,2.45843e+06,1.34954e+07
0,0,0,0,0,2.82496e+07,-2.45912e+06,2.45912e+06,1.34954e+07
0,0,0,0,0,2.82575e+07,-2.45981e+06,2.45981e+06,1.34954e+07
0,0,0,0,0,2.82654e+07,-2.46049e+06,2.46049e+06,1.34954e+07
0,0,0,0,0,2.82733e+07,-2.46118e+06,2.46118e+06,1.34954e+07
0,0,0,0,0,2.86047e+07,-2.49003e+06,2.49003e+06,1.34954e+07
0,0,0,0,0,2.86127e+07,-2.49072e+06,2.49072e+06,1.34954e+07
0,0,0,0,0,2.86207e+07,-2.49142e+06,2.49142e+06,1.34954e+07
0,0,0,0,0,2.86286e+07,-2.49211e+06,2.49211e+06,1.34954e+07
0,0,0,0,0,2.93225e+07,-2.55251e+06,2.55251e+06,1.34954e+07
0,0,0,0,0,2.93307e+07,-2.55322e+06,2.55322e+06,1.34954e+07
0,0,0,0,0,2.93388e+07,-2.55393e+06,2.55393e+06,1.34954e+07
0,0,0,0,0,2.9347e+07,-2.55464e+06,2.55464e+06,1.34954e+07
0,0,0,0,0,3.16322e+07,-2.75357e+06,2.75357e+06,1.34954e+07
0,0,0,0,0,3.1641e+07,-2.75434e+06,2.75434e+06,1.34954e+07
0,0,0,0,0,3.16499e+07,-2.75511e+06,2.75511e+06,1.34954e+07
0,0,0,0,0,3.16587e+07,-2.75587e+06,2.75587e+06,1.34954e+07
0,0,0,0,0,3.16675e+07,-2.75664e+06,2.75664e+06,1.34954e+07
0,0,0,0,0,3.0396e+07,-2.64596e+06,2.64596e+06,1.34954e+07
0,0,0,0,0,3.04044e+07,-2.64669e+06,2.64669e+06,1.34954e+07
0,0,0,0,0,3.04129e+07,-2.64743e+06,2.64743e+06,1.34954e+07
0,0,0,0,0,3.04214e+07,-2.64817e+06,2.64817e+06,1.34954e+07
0,0,0,0,0,2.9301e+07,-2.55063e+06,2.55063e+06,1.34954e+07
0,0,0,0,0,2.93091e+07,-2.55134e+06,2.55134e+06,1.34954e+07
0,0,0,0,0,2.93173e+07,-2.55205e+06,2.55205e+06,1.34954e+07
0,0,0,0,0,2.93254e+07,-2.55276e+06,2.55276e+06,1.34954e+07
0,0,0,0,0,2.67166e+07,-2.32567e+06,2.32567e+06,1.34954e+07
0,0,0,0,0,2.6724e+07,-2.32631e+06,2.32631e+06,1.34954e+07
0,0,0,0,0,2.67314e+07,-2.32696e+06,2.32696e+06,1.34954e+07
0,0,0,0,0,2.67389e+07,-2.32761e+06,2.32761e+06,1.34954e+07
0,0,0,0,0,2.67463e+07,-2.32825e+06,2.32825e+06,1.34954e+07
0,0,0,0,0,2.67463e+07,-2.32825e+06,2.32825e+06,1.34954e+07
0,0,0,0,1.02942e-71,2.76064e+07,-2.40312e+06,2.40312e+06,1.34954e+07
0,0,0,0,0,2.76137e+07,-2.40376e+06,2.40376e+06,1.34954e+07
0,0,0,0,0,2.76211e+07,-2.4044e+06,2.4044e+06,1.34954e+07
0,0,0,0,0,2.76284e+07,-2.40504e+06,2.40504e+06,1.34954e+07
0,0,0,0,0,3.06341e+07,-2.66668e+06,2.66668e+06,1.34954e+07
0,0,0,0,0,3.06422e+07,-2.66739e+06,2.66739e+06,1.34954e+07
0,0,0,0,0,3.06504e+07,-2.6681e+06,2.6681e+06,1.34954e+07
0,0,0,0,0,3.06585e+07,-2.66881e+06,2.66881e+06,1.34954e+07
0,0,0,0,0,2.65356e+07,-2.30991e+06,2.30991e+06,1.34954e+07
0,0,0,0,0,2.65426e+07,-2.31052e+06,2.31052e+06,1.34954e+07
0,0,0,0,0,2.65497e+07,-2.31114e+06,2.31114e+06,1.34954e+07
0,0,0,0,0,2.65568e+07,-2.31176e+06,2.31176e+06,1.34954e+07
0,0,0,0,0,2.65638e+07,-2.31237e+06,2.31237e+06,1.34954e+07
0,0,0,0,0,2.75953e+07,-2.40215e+06,2.40215e+06,1.34954e+07
0,0,0,0,0,2.76026e+07,-2.40279e+06,2.40279e+06,1.34954e+07
0,0,0,0,0,2.76099e+07,-2.40343e+06,2.40343e+06,1.34954e+07
0,0,0,0,0,2.76173e+07,-2.40407e+06,2.40407e+06,1.34954e+07
0,0,0,0,0,2.72252e+07,-2.36994e+06,2.36994e+06,1.34954e+07
0,0,0,0,0,2.72325e+07,-2.37057e+06,2.37057e+06,1.34954e+07
0,0,0,0,0,2.72397e+07,-2.3712e+06,2.3712e+06,1.34954e+07
0,0,0,0,0,2.72469e+07,-2.37183e+06,2.37183e+06,1.34954e+07
0,0,0,0,0,2.8646e+07,-2.49362e+06,2.49362e+06,1.34954e+07
0,0,0,0,0,2.86536e+07,-2.49428e+06,2.49428e+06,1.34954e+07
0,0,0,0,0,2.86612e+07,-2.49494e+06,2.49494e+06,1.34954e+07
0,0,0,0,0,2.86688e+07,-2.49561e+06,2.49561e+06,1.34954e+07
0,0,0,0,0,2.86764e+07,-2.49627e+06,2.49627e+06,1.34954e+07
0,0,0,0,0,2.90122e+07,-2.5255e+06,2.5255e+06,1.34954e+07
0,0,0,0,0,2.90199e+07,-2.52617e+06,2.52617e+06,1.34954e+07
0,0,0,0,0,2.90276e+07,-2.52684e+06,2.52684e+06,1.34954e+07
0,0,0,0,0,2.90353e+07,-2.52751e+06,2.52751e+06,1.34954e+07
0,0,0,0,0,2.97386e+07,-2.58874e+06,2.58874e+06,1.34954e+07
0,0,0,0,0,2.97465e+07,-2.58942e+06,2.58942e+06,1.34954e+07
0,0,0,0,0,2.97544e+07,-2.59011e+06,2.59011e+06,1.34954e+07
0,0,0,0,0,2.97623e+07,-2.5908e+06,2.5908e+06,1.34954e+07
0,0,0,0,0,3.20795e+07,-2.79251e+06,2.79251e+06,1.34954e+07
0,0,0,0,0,3.2088e+07,-2.79325e+06,2.79325e+06,1.34954e+07
0,0,0,0,0,3.20965e+07,-2.79399e+06,2.79399e+06,1.34954e+07
0,0,0,0,0,3.21051e+07,-2.79473e+06,2.79473e+06,1.34954e+07
0,0,0,0,0,3.21136e+07,-2.79547e+06,2.79547e+06,1.34954e+07
0,0,0,0,0,3.08238e+07,-2.68319e+06,2.68319e+06,1.34954e+07
0,0,0,0,0,3.08319e+07,-2.68391e+06,2.68391e+06,1.34954e+07
0,0,0,0,0,3.08401e+07,-2.68462e+06,2.68462e+06,1.34954e+07
0,0,0,0,0,3.08483e+07,-2.68533e+06,2.68533e+06,1.34954e+07
0,0,0,0,0,2.97118e+07,-2.5864e+06,2.5864e+06,1.34954e+07
0,0,0,0,0,2.97196e+07,-2.58708e+06,2.58708e+06,1.34954e+07
0,0,0,0,0,2.97275e+07,-2.58777e+06,2.58777e+06,1.34954e+07
0,0,0,0,0,2.97354e+07,-2.58845e+06,2.58845e+06,1.34954e+07
0,0,0,0,0,2.70897e+07,-2.35815e+06,2.35815e+06,1.34954e+07
0,0,0,0,0,2.70969e+07,-2.35877e+06,2.35877e+06,1.34954e+07
0,0,0,0,0,2.71041e+07,-2.3594e+06,2.3594e+06,1.34954e+07
0,0,0,0,0,2.71113e+07,-2.36003e+06,2.36003e+06,1.34954e+07
0,0,0,0,0,2.71185e+07,-2.36065e+06,2.36065e+06,1.34954e+07
0,0,0,0,1.02942e-71,2.79902e+07,-2.43653e+06,2.43653e+06,1.34954e+07
0,0,0,0,1.02942e-71,2.79973e+07,-2.43715e+06,2.43715e+06,1.34954e+07
0,0,0,0,0,2.80044e+07,-2.43777e+06,2.43777e+06,1.34954e+07
0,0,0,0,0,2.80115e+07,-2.43838e+06,2.43838e+06,1.34954e+07
0,0,0,0,0,3.10583e+07,-2.70362e+06,2.70362e+06,1.34954e+07
0,0,0,0,0,3.10662e+07,-2.7043e+06,2.7043e+06,1.34954e+07
0,0,0,0,0,3.10741e+07,-2.70499e+06,2.70499e+06,1.34954e+07
0,0,0,0,0,3.1082e+07,-2.70567e+06,2.70567e+06,1.34954e+07
0,0,0,0,0,2.69017e+07,-2.34178e+06,2.34178e+06,1.34954e+07
0,0,0,0,0,2.69085e+07,-2.34238e+06,2.34238e+06,1.34954e+07
0,0,0,0,0,2.69154e+07,-2.34297e+06,2.34297e+06,1.34954e+07
0,0,0,0,0,2.69222e+07,-2.34356e+06,2.34356e+06,1.34954e+07
0,0,0,0,0,2.6929e+07,-2.34416e+06,2.34416e+06,1.34954e+07
0,0,0,0,0,2.79742e+07,-2.43514e+06,2.43514e+06,1.34954e+07
0,0,0,0,0,2.79813e+07,-2.43576e+06,2.43576e+06,1.34954e+07
0,0,0,0,0,2.79884e+07,-2.43638e+06,2.43638e+06,1.34954e+07
0,0,0,0,0,2.79955e+07,-2.437e+06,2.437e+06,1.34954e+07
0,0,0,0,0,2.75977e+07,-2.40237e+06,2.40237e+06,1.34954e+07
0,0,0,0,0,2.76047e+07,-2.40298e+06,2.40298e+06,1.34954e+07
0,0,0,0,0,2.76117e+07,-2.40359e+06,2.40359e+06,1.34954e+07
0,0,0,0,0,2.76187e+07,-2.40419e+06,2.40419e+06,1.34954e+07
0,0,0,0,0,2.90364e+07,-2.52761e+06,2.52761e+06,1.34954e+07
0,0,0,0,0,2.90438e+07,-2.52825e+06,2.52825e+06,1.34954e+07
0,0,0,0,0,2.90511e+07,-2.52889e+06,2.52889e+06,1.34954e+07
0,0,0,0,0,2.90585e+07,-2.52953e+06,2.52953e+06,1.34954e+07
0,0,0,0,0,2.90658e+07,-2.53017e+06,2.53017e+06,1.34954e+07
0,0,0,0,0,2.94058e+07,-2.55976e+06,2.55976e+06,1.34954e+07
0,0,0,0,0,2.94132e+07,-2.56041e+06,2.56041e+06,1.34954e+07
0,0,0,0,0,2.94207e+07,-2.56106e+06,2.56106e+06,1.34954e+07
0,0,0,0,0,2.94281e+07,-2.5617e+06,2.5617e+06,1.34954e+07
0,0,0,0,0,3.01406e+07,-2.62372e+06,2.62372e+06,1.34954e+07
0,0,0,0,0,3.01482e+07,-2.62438e+06,2.62438e+06,1.34954e+07
0,0,0,0,0,3.01558e+07,-2.62505e+06,2.62505e+06,1.34954e+07
0,0,0,0,0,3.01634e+07,-2.62571e+06,2.62571e+06,1.34954e+07
0,0,0,0,0,3.25114e+07,-2.8301e+06,2.8301e+06,1.34954e+07
0,0,0,0,0,3.25196e+07,-2.83082e+06,2.83082e+06,1.34954e+07
0,0,0,0,0,3.25278e+07,-2.83153e+06,2.83153e+06,1.34954e+07
0,0,0,0,0,3.25361e+07,-2.83225e+06,2.83225e+06,1.34954e+07
0,0,0,0,0,3.25443e+07,-2.83296e+06,2.83296e+06,1.34954e+07
0,0,0,0,0,3.12368e+07,-2.71915e+06,2.71915e+06,1.34954e+07
0,0,0,0,0,3.12447e+07,-2.71983e+06,2.71983e+06,1.34954e+07
0,0,0,0,0,3.12525e+07,-2.72052e+06,2.72052e+06,1.34954e+07
0,0,0,0,0,3.12604e+07,-2.72121e+06,2.72121e+06,1.34954e+07
0,0,0,0,0,3.01083e+07,-2.62092e+06,2.62092e+06,1.34954e+07
0,0,0,0,0,3.01159e+07,-2.62158e+06,2.62158e+06,1.34954e+07
0,0,0,0,0,3.01236e+07,-2.62224e+06,2.62224e+06,1.34954e+07
0,0,0,0,0,3.01312e+07,-2.6229e+06,2.6229e+06,1.34954e+07
0,0,0,0,0,2.74499e+07,-2.3895e+06,2.3895e+06,1.34954e+07
0,0,0,0,0,2.74569e+07,-2.39011e+06,2.39011e+06,1.34954e+07
0,0,0,0,0,2.74638e+07,-2.39071e+06,2.39071e+06,1.34954e+07
0,0,0,0,0,2.74707e+07,-2.39131e+06,2.39131e+06,1.34954e+07
0,0,0,0,0,2.74777e+07,-2.39192e+06,2.39192e+06,1.34954e+07
0,0,0,3.10358e+08,0,2.83605e+07,-2.46877e+06,2.46877e+06,1.34954e+07
0,0,0,3.10358e+08,0,2.83674e+07,-2.46937e+06,2.46937e+06,1.34954e+07
0,0,0,3.10358e+08,0,2.83742e+07,-2.46996e+06,2.46996e+06,1.34954e+07
0,0,0,3.10358e+08,0,2.83811e+07,-2.47056e+06,2.47056e+06,1.34954e+07
0,0,0,3.10358e+08,0,3.14678e+07,-2.73925e+06,2.73925e+06,1.34954e+07
0,0,0,3.10358e+08,0,3.14753e+07,-2.73991e+06,2.73991e+06,1.34954e+07
0,0,0,3.10358e+08,0,3.14829e+07,-2.74057e+06,2.74057e+06,1.34954e+07
0,0,0,3.10358e+08,0,3.14905e+07,-2.74124e+06,2.74124e+06,1.34954e+07
0,0,0,3.10358e+08,0,2.7255e+07,-2.37253e+06,2.37253e+06,1.34954e+07
0,0,0,3.10358e+08,0,2.72615e+07,-2.3731e+06,2.3731e+06,1.34954e+07
0,0,0,3.10358e+08,0,2.72681e+07,-2.37368e+06,2.37368e+06,1.34954e+07
0,0,0,3.10358e+08,0,2.72747e+07,-2.37425e+06,2.37425e+06,1.34954e+07
0,0,0,3.10358e+08,0,2.72812e+07,-2.37482e+06,2.37482e+06,1.34954e+07
0,0,0,3.10358e+08,0,2.83398e+07,-2.46697e+06,2.46697e+06,1.34954e+07
0,0,0,3.10358e+08,0,2.83466e+07,-2.46756e+06,2.46756e+06,1.34954e+07
0,0,0,3.10358e+08,0,2.83535e+07,-2.46816e+06,2.46816e+06,1.34954e+07
0,0,0,3.10358e+08,0,2.83603e+07,-2.46875e+06,2.46875e+06,1.34954e+07
0,0,0,3.10358e+08,0,2.7957e+07,-2.43364e+06,2.43364e+06,1.34954e+07
0,0,0,3.10358e+08,0,2.79637e+07,-2.43423e+06,2.43423e+06,1.34954e+07
0,0,0,3.10358e+08,0,2.79704e+07,-2.43481e+06,2.43481e+06,1.34954e+07
0,0,0,3.10358e+08,0,2.79772e+07,-2.4354e+06,2.4354e+06,1.34954e+07
0,0,0,3.10358e+08,0,2.94129e+07,-2.56038e+06,2.56038e+06,1.34954e+07
0,0,0,3.10358e+08,0,2.942e+07,-2.561e+06,2.561e+06,1.34954e+07
0,0,0,3.10358e+08,0,2.94271e+07,-2.56161e+06,2.56161e+06,1.34954e+07
0,0,0,3.10358e+08,0,2.94342e+07,-2.56223e+06,2.56223e+06,1.34954e+07
0,0,0,3.10358e+08,0,2.94412e+07,-2.56285e+06,2.56285e+06,1.34954e+07
0,0,0,3.10358e+08,0,2.97852e+07,-2.59279e+06,2.59279e+06,1.34954e+07
0,0,0,3.10358e+08,0,2.97924e+07,-2.59341e+06,2.59341e+06,1.34954e+07
0,0,0,3.10358e+08,0,2.97996e+07,-2.59404e+06,2.59404e+06,1.34954e+07
0,0,0,3.10358e+08,0,2.98067e+07,-2.59466e+06,2.59466e+06,1.34954e+07
0,0,0,3.10358e+08,0,3.0528e+07,-2.65744e+06,2.65744e+06,1.34954e+07
0,0,0,3.10358e+08,0,3.05353e+07,-2.65808e+06,2.65808e+06,1.34954e+07
0,0,0,3.10358e+08,0,3.05426e+07,-2.65872e+06,2.65872e+06,1.34954e+07
0,0,0,3.10358e+08,0,3.055e+07,-2.65936e+06,2.65936e+06,1.34954e+07
0,0,0,3.10358e+08,0,3.29276e+07,-2.86634e+06,2.86634e+06,1.34954e+07
0,0,0,3.10358e+08,0,3.29355e+07,-2.86702e+06,2.86702e+06,1.34954e+07
0,0,0,3.10358e+08,0,3.29435e+07,-2.86771e+06,2.86771e+06,1.34954e+07
0,0,0,3.10358e+08,0,3.29514e+07,-2.8684e+06,2.8684e+06,1.34954e+07
0,0,0,3.10358e+08,0,3.29593e+07,-2.86909e+06,2.86909e+06,1.34954e+07
0,0,0,3.10358e+08,0,3.16347e+07,-2.75379e+06,2.75379e+06,1.34954e+07
0,0,0,3.10358e+08,0,3.16423e+07,-2.75445e+06,2.75445e+06,1.34954e+07
0,0,0,3.10358e+08,0,3.16499e+07,-2.75511e+06,2.75511e+06,1.34954e+07
0,0,0,3.10358e+08,0,3.16575e+07,-2.75577e+06,2.75577e+06,1.34954e+07
0,0,0,3.10358e+08,0,3.04904e+07,-2.65418e+06,2.65418e+06,1.34954e+07
0,0,0,3.10358e+08,0,3.04977e+07,-2.65481e+06,2.65481e+06,1.34954e+07
0,0,0,3.10358e+08,0,3.05051e+07,-2.65545e+06,2.65545e+06,1.34954e+07
0,0,0,3.10358e+08,0,3.05124e+07,-2.65609e+06,2.65609e+06,1.34954e+07
0,0,0,3.10358e+08,0,2.77969e+07,-2.41971e+06,2.41971e+06,1.34954e+07
0,0,0,3.10358e+08,0,2.78036e+07,-2.42029e+06,2.42029e+06,1.34954e+07
0,0,0,3.10358e+08,0,2.78102e+07,-2.42087e+06,2.42087e+06,1.34954e+07
0,0,0,3.10358e+08,0,2.78169e+07,-2.42145e+06,2.42145e+06,1.34954e+07
0,0,0,3.10358e+08,0,2.78236e+07,-2.42203e+06,2.42203e+06,1.34954e+07
0,0,0,3.10358e+08,0,2.87172e+07,-2.49982e+06,2.49982e+06,1.34954e+07
0,0,0,3.10358e+08,0,2.87238e+07,-2.50039e+06,2.50039e+06,1.34954e+07
0,0,0,3.10358e+08,0,2.87303e+07,-2.50096e+06,2.50096e+06,1.34954e+07
0,0,0,3.10358e+08,0,2.87369e+07,-2.50154e+06,2.50154e+06,1.34954e+07
0,0,0,3.10358e+08,0,3.18619e+07,-2.77357e+06,2.77357e+06,1.34954e+07
0,0,0,3.10358e+08,0,3.18692e+07,-2.7742e+06,2.7742e+06,1.34954e+07
0,0,0,3.10358e+08,0,3.18765e+07,-2.77483e+06,2.77483e+06,1.34954e+07
0,0,0,3.10358e+08,0,3.18838e+07,-2.77547e+06,2.77547e+06,1.34954e+07
0,0,0,3.10358e+08,0,2.7595e+07,-2.40213e+06,2.40213e+06,1.34954e+07
0,0,0,3.10358e+08,0,2.76013e+07,-2.40268e+06,2.40268e+06,1.34954e+07
0,0,0,3.10358e+08,0,2.76076e+07,-2.40323e+06,2.40323e+06,1.34954e+07
0,0,0,3.10358e+08,0,2.76139e+07,-2.40378e+06,2.40378e+06,1.34954e+07
0,0,0,3.10358e+08,0,2.76202e+07,-2.40433e+06,2.40433e+06,1.34954e+07
0,0,0,3.10358e+08,0,2.86916e+07,-2.49759e+06,2.49759e+06,1.34954e+07
0,0,0,3.10358e+08,0,2.86981e+07,-2.49816e+06,2.49816e+06,1.34954e+07
0,0,0,3.10358e+08,0,2.87047e+07,-2.49873e+06,2.49873e+06,1.34954e+07
0,0,0,3.10358e+08,0,2.87112e+07,-2.4993e+06,2.4993e+06,1.34954e+07
0,0,0,3.10358e+08,0,2.83026e+07,-2.46373e+06,2.46373e+06,1.34954e+07
0,0,0,3.10358e+08,0,2.8309e+07,-2.46429e+06,2.46429e+06,1.34954e+07
0,0,0,3.10358e+08,0,2.83155e+07,-2.46485e+06,2.46485e+06,1.34954e+07
0,0,0,3.10358e+08,0,2.8322e+07,-2.46541e+06,2.46541e+06,1.34954e+07
0,0,0,3.10358e+08,0,2.9775e+07,-2.5919e+06,2.5919e+06,1.34954e+07
0,0,0,3.10358e+08,0,2.97818e+07,-2.59249e+06,2.59249e+06,1.34954e+07
0,0,0,3.10358e+08,0,2.97886e+07,-2.59309e+06,2.59309e+06,1.34954e+07
0,0,0,3.10358e+08,0,2.97954e+07,-2.59368e+06,2.59368e+06,1.34954e+07
0,0,0,3.10358e+08,0,2.98022e+07,-2.59427e+06,2.59427e+06,1.34954e+07
0,0,0,3.10358e+08,0,3.015e+07,-2.62455e+06,2.62455e+06,1.34954e+07
0,0,0,3.10358e+08,0,3.01569e+07,-2.62515e+06,2.62515e+06,1.34954e+07
0,0,0,3.10358e+08,0,3.01638e+07,-2.62575e+06,2.62575e+06,1.34954e+07
0,0,0,3.10358e+08,0,3.01707e+07,-2.62634e+06,2.62634e+06,1.34954e+07
0,0,0,3.10358e+08,0,3.09003e+07,-2.68986e+06,2.68986e+06,1.34954e+07
0,0,0,3.10358e+08,0,3.09074e+07,-2.69047e+06,2.69047e+06,1.34954e+07
0,0,0,3.10358e+08,0,3.09144e+07,-2.69109e+06,2.69109e+06,1.34954e+07
0,0,0,3.10358e+08,0,3.09215e+07,-2.6917e+06,2.6917e+06,1.34954e+07
0,0,0,3.10358e+08,0,3.33276e+07,-2.90115e+06,2.90115e+06,1.34954e+07
0,0,0,3.10358e+08,0,3.33352e+07,-2.90182e+06,2.90182e+06,1.34954e+07
0,0,0,3.10358e+08,0,3.33428e+07,-2.90248e+06,2.90248e+06,1.34954e+07
0,0,0,3.10358e+08,0,3.33504e+07,-2.90314e+06,2.90314e+06,1.34954e+07
0,0,0,3.10358e+08,0,3.3358e+07,-2.9038e+06,2.9038e+06,1.34954e+07
0,0,0,3.10358e+08,0,3.2017e+07,-2.78707e+06,2.78707e+06,1.34954e+07
0,0,0,3.10358e+08,0,3.20243e+07,-2.7877e+06,2.7877e+06,1.34954e+07
0,0,0,3.10358e+08,0,3.20316e+07,-2.78834e+06,2.78834e+06,1.34954e+07
0,0,0,3.10358e+08,0,3.20389e+07,-2.78897e+06,2.78897e+06,1.34954e+07
0,0,0,3.10358e+08,0,3.08573e+07,-2.68612e+06,2.68612e+06,1.34954e+07
0,0,0,3.10358e+08,0,3.08644e+07,-2.68673e+06,2.68673e+06,1.34954e+07
0,0,0,3.10358e+08,0,3.08714e+07,-2.68734e+06,2.68734e+06,1.34954e+07
0,0,0,3.10358e+08,0,3.08784e+07,-2.68795e+06,2.68795e+06,1.34954e+07
0,0,0,3.10358e+08,0,2.813e+07,-2.44871e+06,2.44871e+06,1.34954e+07
0,0,0,3.10358e+08,0,2.81364e+07,-2.44926e+06,2.44926e+06,1.34954e+07
0,0,0,3.10358e+08,0,2.81428e+07,-2.44982e+06,2.44982e+06,1.34954e+07
0,0,0,3.10358e+08,0,2.81492e+07,-2.45038e+06,2.45038e+06,1.34954e+07
0,0,0,3.10358e+08,0,2.81556e+07,-2.45094e+06,2.45094e+06,1.34954e+07
0,0,0,3.10358e+08,0,2.90596e+07,-2.52962e+06,2.52962e+06,1.34954e+07
0,0,0,3.10358e+08,0,2.90659e+07,-2.53017e+06,2.53017e+06,1.34954e+07
0,0,0,3.10358e+08,0,2.90721e+07,-2.53072e+06,2.53072e+06,1.34954e+07
0,0,0,3.10358e+08,0,2.90784e+07,-2.53126e+06,2.53126e+06,1.34954e+07
0,0,0,3.10358e+08,0,3.22402e+07,-2.80649e+06,2.80649e+06,1.34954e+07
0,0,0,3.10358e+08,0,3.22471e+07,-2.8071e+06,2.8071e+06,1.34954e+07
0,0,0,3.10358e+08,0,3.22541e+07,-2.8077e+06,2.8077e+06,1.34954e+07
0,0,0,3.10358e+08,0,3.22611e+07,-2.80831e+06,2.80831e+06,1.34954e+07
0,0,0,3.10358e+08,0,2.79212e+07,-2.43053e+06,2.43053e+06,1.34954e+07
0,0,0,3.10358e+08,0,2.79272e+07,-2.43105e+06,2.43105e+06,1.34954e+07
0,0,0,3.10358e+08,0,2.79332e+07,-2.43158e+06,2.43158e+06,1.34954e+07
0,0,0,3.10358e+08,0,2.79393e+07,-2.4321e+06,2.4321e+06,1.34954e+07
0,0,0,3.10358e+08,0,2.79453e+07,-2.43263e+06,2.43263e+06,1.34954e+07
0,0,0,3.10358e+08,0,2.90289e+07,-2.52695e+06,2.52695e+06,1.34954e+07
0,0,0,3.10358e+08,0,2.90352e+07,-2.5275e+06,2.5275e+06,1.34954e+07
0,0,0,3.10358e+08,0,2.90415e+07,-2.52805e+06,2.52805e+06,1.34954e+07
0,0,0,3.10358e+08,0,2.90477e+07,-2.52859e+06,2.52859e+06,1.34954e+07
0,0,0,3.10358e+08,0,2.86339e+07,-2.49257e+06,2.49257e+06,1.34954e+07
0,0,0,3.10358e+08,0,2.86401e+07,-2.49311e+06,2.49311e+06,1.34954e+07
0,0,0,3.10358e+08,0,2.86463e+07,-2.49365e+06,2.49365e+06,1.34954e+07
0,0,0,3.10358e+08,0,2.86525e+07,-2.49418e+06,2.49418e+06,1.34954e+07
0,0,0,3.10358e+08,0,3.01221e+07,-2.62212e+06,2.62212e+06,1.34954e+07
0,0,0,3.10358e+08,0,3.01286e+07,-2.62268e+06,2.62268e+06,1.34954e+07
0,0,0,3.10358e+08,0,3.01351e+07,-2.62325e+06,2.62325e+06,1.34954e+07
0,0,0,3.10358e+08,0,3.01416e+07,-2.62382e+06,2.62382e+06,1.34954e+07
0,0,0,3.10358e+08,0,3.01481e+07,-2.62438e+06,2.62438e+06,1.34954e+07
0,0,0,3.10358e+08,0,3.04996e+07,-2.65498e+06,2.65498e+06,1.34954e+07
0,0,0,3.10358e+08,0,3.05062e+07,-2.65555e+06,2.65555e+06,1.34954e+07
0,0,0,3.10358e+08,0,3.05128e+07,-2.65612e+06,2.65612e+06,1.34954e+07
0,0,0,3.10358e+08,0,3.05194e+07,-2.6567e+06,2.6567e+06,1.34954e+07
0,0,0,3.10358e+08,0,3.12571e+07,-2.72091e+06,2.72091e+06,1.34954e+07
0,0,0,3.10358e+08,0,3.12638e+07,-2.7215e+06,2.7215e+06,1.34954e+07
0,0,0,3.10358e+08,0,3.12705e+07,-2.72209e+06,2.72209e+06,1.34954e+07
0,0,0,3.10358e+08,0,3.12773e+07,-2.72267e+06,2.72267e+06,1.34954e+07
0,0,0,3.10358e+08,0,3.37107e+07,-2.9345e+06,2.9345e+06,1.34954e+07
0,0,0,3.10358e+08,0,3.3718e+07,-2.93513e+06,2.93513e+06,1.34954e+07
0,0,0,3.10358e+08,0,3.37252e+07,-2.93577e+06,2.93577e+06,1.34954e+07
0,0,0,3.10358e+08,0,3.37325e+07,-2.9364e+06,2.9364e+06,1.34954e+07
0,0,0,3.10358e+08,0,3.37398e+07,-2.93703e+06,2.93703e+06,1.34954e+07
0,0,0,3.10358e+08,0,3.2383e+07,-2.81893e+06,2.81893e+06,1.34954e+07
0,0,0,3.10358e+08,0,3.239e+07,-2.81953e+06,2.81953e+06,1.34954e+07
0,0,0,3.10358e+08,0,3.2397e+07,-2.82014e+06,2.82014e+06,1.34954e+07
0,0,0,3.10358e+08,0,3.24039e+07,-2.82075e+06,2.82075e+06,1.34954e+07
0,0,0,3.10358e+08,0,3.12085e+07,-2.71669e+06,2.71669e+06,1.34954e+07
0,0,0,3.10358e+08,0,3.12153e+07,-2.71727e+06,2.71727e+06,1.34954e+07
0,0,0,3.10358e+08,0,3.1222e+07,-2.71786e+06,2.71786e+06,1.34954e+07
0,0,0,3.10358e+08,0,3.12287e+07,-2.71845e+06,2.71845e+06,1.34954e+07
0,0,0,3.10358e+08,0,2.84488e+07,-2.47645e+06,2.47645e+06,1.34954e+07
0,0,0,3.10358e+08,0,2.84549e+07,-2.47698e+06,2.47698e+06,1.34954e+07
0,0,0,3.10358e+08,0,2.8461e+07,-2.47752e+06,2.47752e+06,1.34954e+07
0,0,0,3.10358e+08,0,2.84671e+07,-2.47805e+06,2.47805e+06,1.34954e+07
0,0,0,3.10358e+08,0,2.84733e+07,-2.47859e+06,2.47859e+06,1.34954e+07
0,0,0,3.10358e+08,0,2.9387e+07,-2.55813e+06,2.55813e+06,1.34954e+07
0,0,0,3.10358e+08,0,2.9393e+07,-2.55865e+06,2.55865e+06,1.34954e+07
0,0,0,3.10358e+08,0,2.9399e+07,-2.55917e+06,2.55917e+06,1.34954e+07
0,0,0,3.10358e+08,0,2.9405e+07,-2.55969e+06,2.55969e+06,1.34954e+07
0,0,0,3.10358e+08,0,3.26019e+07,-2.83798e+06,2.83798e+06,1.34954e+07
0,0,0,3.10358e+08,0,3.26085e+07,-2.83856e+06,2.83856e+06,1.34954e+07
0,0,0,3.10358e+08,0,3.26152e+07,-2.83914e+06,2.83914e+06,1.34954e+07
0,0,0,3.10358e+08,0,3.26218e+07,-2.83971e+06,2.83971e+06,1.34954e+07
0,0,0,3.10358e+08,0,2.82331e+07,-2.45768e+06,2.45768e+06,1.34954e+07
0,0,0,3.10358e+08,0,2.82388e+07,-2.45818e+06,2.45818e+06,1.34954e+07
0,0,0,3.10358e+08,0,2.82446e+07,-2.45868e+06,2.45868e+06,1.34954e+07
0,0,0,3.10358e+08,0,2.82503e+07,-2.45918e+06,2.45918e+06,1.34954e+07
0,0,0,3.10358e+08,0,2.82561e+07,-2.45968e+06,2.45968e+06,1.34954e+07
0,0,0,3.10358e+08,0,2.93514e+07,-2.55502e+06,2.55502e+06,1.34954e+07
0,0,0,3.10358e+08,0,2.93574e+07,-2.55554e+06,2.55554e+06,1.34954e+07
0,0,0,3.10358e+08,0,2.93633e+07,-2.55607e+06,2.55607e+06,1.34954e+07
0,0,0,3.10358e+08,0,2.93693e+07,-2.55659e+06,2.55659e+06,1.34954e+07
0,0,0,3.10358e+08,0,2.89506e+07,-2.52013e+06,2.52013e+06,1.34954e+07
0,0,0,3.10358e+08,0,2.89565e+07,-2.52065e+06,2.52065e+06,1.34954e+07
0,0,0,3.10358e+08,0,2.89624e+07,-2.52116e+06,2.52116e+06,1.34954e+07
0,0,0,3.10358e+08,0,2.89683e+07,-2.52167e+06,2.52167e+06,1.34954e+07
0,0,0,3.10358e+08,0,3.04538e+07,-2.65099e+06,2.65099e+06,1.34954e+07
0,0,0,3.10358e+08,0,3.046e+07,-2.65153e+06,2.65153e+06,1.34954e+07
0,0,0,3.10358e+08,0,3.04662e+07,-2.65207e+06,2.65207e+06,1.34954e+07
0,0,0,3.10358e+08,0,3.04724e+07,-2.65261e+06,2.65261e+06,1.34954e+07
0,0,0,3.10358e+08,0,3.04786e+07,-2.65315e+06,2.65315e+06,1.34954e+07
0,0,0,3.10358e+08,0,3.08335e+07,-2.68404e+06,2.68404e+06,1.34954e+07
0,0,0,3.10358e+08,0,3.08398e+07,-2.68459e+06,2.68459e+06,1.34954e+07
0,0,0,3.10358e+08,0,3.08461e+07,-2.68514e+06,2.68514e+06,1.34954e+07
0,0,0,3.10358e+08,0,3.08524e+07,-2.68568e+06,2.68568e+06,1.34954e+07
0,0,0,3.10358e+08,0,3.15977e+07,-2.75057e+06,2.75057e+06,1.34954e+07
0,0,0,3.10358e+08,0,3.16042e+07,-2.75113e+06,2.75113e+06,1.34954e+07
0,0,0,3.10358e+08,0,3.16106e+07,-2.75169e+06,2.75169e+06,1.34954e+07
0,0,0,3.10358e+08,0,3.1617e+07,-2.75225e+06,2.75225e+06,1.34954e+07
0,0,0,3.10358e+08,0,3.40764e+07,-2.96634e+06,2.96634e+06,1.34954e+07
0,0,0,3.10358e+08,0,3.40834e+07,-2.96694e+06,2.96694e+06,1.34954e+07
0,0,0,3.10358e+08,0,3.40903e+07,-2.96755e+06,2.96755e+06,1.34954e+07
0,0,0,3.10358e+08,0,3.40972e+07,-2.96815e+06,2.96815e+06,1.34954e+07
0,0,0,3.10358e+08,0,3.41042e+07,-2.96875e+06,2.96875e+06,1.34954e+07
0,0,0,3.10358e+08,0,3.27324e+07,-2.84934e+06,2.84934e+06,1.34954e+07
0,0,0,3.10358e+08,0,3.2739e+07,-2.84992e+06,2.84992e+06,1.34954e+07
0,0,0,3.10358e+08,0,3.27457e+07,-2.8505e+06,2.8505e+06,1.34954e+07
0,0,0,3.10358e+08,0,3.27523e+07,-2.85108e+06,2.85108e+06,1.34954e+07
0,0,0,3.10358e+08,0,3.15437e+07,-2.74587e+06,2.74587e+06,1.34954e+07
0,0,0,3.10358e+08,0,3.15501e+07,-2.74642e+06,2.74642e+06,1.34954e+07
0,0,0,3.10358e+08,0,3.15565e+07,-2.74698e+06,2.74698e+06,1.34954e+07
0,0,0,3.10358e+08,0,3.15629e+07,-2.74754e+06,2.74754e+06,1.34954e+07
0,0,0,3.10358e+08,0,2.87529e+07,-2.50293e+06,2.50293e+06,1.34954e+07
0,0,0,3.10358e+08,0,2.87587e+07,-2.50343e+06,2.50343e+06,1.34954e+07
0,0,0,3.10358e+08,0,2.87646e+07,-2.50394e+06,2.50394e+06,1.34954e+07
0,0,0,3.10358e+08,0,2.87704e+07,-2.50445e+06,2.50445e+06,1.34954e+07
0,0,0,3.10358e+08,0,2.87763e+07,-2.50496e+06,2.50496e+06,1.34954e+07
0,0,0,3.10358e+08,0,2.87763e+07,-2.50496e+06,2.50496e+06,1.34954e+07
0,0,0,3.10358e+08,3.67892e+07,2.96994e+07,-2.58532e+06,2.58532e+06,1.34954e+07
0,0,0,3.10358e+08,0,2.97051e+07,-2.58582e+06,2.58582e+06,1.34954e+07
0,0,0,3.10358e+08,0,2.97108e+07,-2.58631e+06,2.58631e+06,1.34954e+07
0,0,0,3.10358e+08,0,2.97165e+07,-2.58681e+06,2.58681e+06,1.34954e+07
0,0,0,3.10358e+08,0,3.29468e+07,-2.86801e+06,2.86801e+06,1.34954e+07
0,0,0,3.10358e+08,0,3.29532e+07,-2.86856e+06,2.86856e+06,1.34954e+07
0,0,0,3.10358e+08,0,3.29595e+07,-2.86911e+06,2.86911e+06,1.34954e+07
0,0,0,3.10358e+08,0,3.29658e+07,-2.86966e+06,2.86966e+06,1.34954e+07
0,0,0,3.10358e+08,0,2.85304e+07,-2.48356e+06,2.48356e+06,1.34954e+07
0,0,0,3.10358e+08,0,2.85359e+07,-2.48404e+06,2.48404e+06,1.34954e+07
0,0,0,3.10358e+08,0,2.85414e+07,-2.48452e+06,2.48452e+06,1.34954e+07
0,0,0,3.10358e+08,0,2.85469e+07,-2.48499e+06,2.48499e+06,1.34954e+07
0,0,0,3.10358e+08,0,2.85523e+07,-2.48547e+06,2.48547e+06,1.34954e+07
0,0,0,3.10358e+08,0,2.96588e+07,-2.58178e+06,2.58178e+06,1.34954e+07
0,0,0,3.10358e+08,0,2.96645e+07,-2.58228e+06,2.58228e+06,1.34954e+07
0,0,0,3.10358e+08,0,2.96701e+07,-2.58277e+06,2.58277e+06,1.34954e+07
0,0,0,3.10358e+08,0,2.96758e+07,-2.58327e+06,2.58327e+06,1.34954e+07
0,0,0,3.10358e+08,0,2.92524e+07,-2.54641e+06,2.54641e+06,1.34954e+07
0,0,0,3.10358e+08,0,2.9258e+07,-2.54689e+06,2.54689e+06,1.34954e+07
0,0,0,3.10358e+08,0,2.92636e+07,-2.54738e+06,2.54738e+06,1.34954e+07
0,0,0,3.10358e+08,0,2.92692e+07,-2.54787e+06,2.54787e+06,1.34954e+07
0,0,0,3.10358e+08,0,3.07698e+07,-2.67849e+06,2.67849e+06,1.34954e+07
0,0,0,3.10358e+08,0,3.07757e+07,-2.67901e+06,2.67901e+06,1.34954e+07
0,0,0,3.10358e+08,0,3.07816e+07,-2.67952e+06,2.67952e+06,1.34954e+07
0,0,0,3.10358e+08,0,3.07875e+07,-2.68004e+06,2.68004e+06,1.34954e+07
0,0,0,3.10358e+08,0,3.07934e+07,-2.68055e+06,2.68055e+06,1.34954e+07
0,0,0,3.10358e+08,0,3.11516e+07,-2.71173e+06,2.71173e+06,1.34954e+07
0,0,0,3.10358e+08,0,3.11576e+07,-2.71225e+06,2.71225e+06,1.34954e+07
0,0,0,3.10358e+08,0,3.11636e+07,-2.71277e+06,2.71277e+06,1.34954e+07
0,0,0,3.10358e+08,0,3.11695e+07,-2.71329e+06,2.71329e+06,1.34954e+07
0,0,0,3.10358e+08,0,3.19222e+07,-2.77881e+06,2.77881e+06,1.34954e+07
0,0,0,3.10358e+08,0,3.19283e+07,-2.77934e+06,2.77934e+06,1.34954e+07
0,0,0,3.10358e+08,0,3.19344e+07,-2.77988e+06,2.77988e+06,1.34954e+07
0,0,0,3.10358e+08,0,3.19405e+07,-2.78041e+06,2.78041e+06,1.34954e+07
0,0,0,3.10358e+08,0,3.43355e+07,-3.08588e+06,3.08588e+06,1.34954e+07
0,0,0,3.10358e+08,0,3.43384e+07,-3.09017e+06,3.09017e+06,1.34954e+07
0,0,0,3.10358e+08,0,3.43413e+07,-3.09445e+06,3.09445e+06,1.34954e+07
0,0,0,3.10358e+08,0,3.43442e+07,-3.09874e+06,3.09874e+06,1.34954e+07
0,0,0,3.10358e+08,0,3.4347e+07,-3.10303e+06,3.10303e+06,1.34954e+07
0,0,0,3.10358e+08,0,3.3065e+07,-2.87829e+06,2.87829e+06,1.34954e+07
0,0,0,3.10358e+08,0,3.30713e+07,-2.87884e+06,2.87884e+06,1.34954e+07
0,0,0,3.10358e+08,0,3.30776e+07,-2.87939e+06,2.87939e+06,1.34954e+07
0,0,0,3.10358e+08,0,3.3084e+07,-2.87994e+06,2.87994e+06,1.34954e+07
0,0,0,3.10358e+08,0,3.18627e+07,-2.77363e+06,2.77363e+06,1.34954e+07
0,0,0,3.10358e+08,0,3.18688e+07,-2.77416e+06,2.77416e+06,1.34954e+07
0,0,0,3.10358e+08,0,3.18749e+07,-2.7747e+06,2.7747e+06,1.34954e+07
0,0,0,3.10358e+08,0,3.1881e+07,-2.77523e+06,2.77523e+06,1.34954e+07
0,0,0,3.10358e+08,0,2.90423e+07,-2.52812e+06,2.52812e+06,1.34954e+07
0,0,0,3.10358e+08,0,2.90478e+07,-2.5286e+06,2.5286e+06,1.34954e+07
0,0,0,3.10358e+08,0,2.90534e+07,-2.52909e+06,2.52909e+06,1.34954e+07
0,0,0,3.10358e+08,0,2.9059e+07,-2.52957e+06,2.52957e+06,1.34954e+07
0,0,0,3.10358e+08,0,2.90645e+07,-2.53005e+06,2.53005e+06,1.34954e+07
0,0,0,3.10358e+08,3.67892e+07,2.99966e+07,-2.61119e+06,2.61119e+06,1.34954e+07
0,0,0,3.10358e+08,0,3.0002e+07,-2.61166e+06,2.61166e+06,1.34954e+07
0,0,0,3.10358e+08,0,3.00074e+07,-2.61213e+06,2.61213e+06,1.34954e+07
0,0,0,3.10358e+08,0,3.00128e+07,-2.6126e+06,2.6126e+06,1.34954e+07
0,0,0,3.10358e+08,0,3.32749e+07,-2.89657e+06,2.89657e+06,1.34954e+07
0,0,0,3.10358e+08,0,3.32809e+07,-2.89709e+06,2.89709e+06,1.34954e+07
0,0,0,3.10358e+08,0,3.32869e+07,-2.89761e+06,2.89761e+06,1.34954e+07
0,0,0,3.10358e+08,0,3.32929e+07,-2.89813e+06,2.89813e+06,1.34954e+07
0,0,0,3.10358e+08,0,2.88132e+07,-2.50818e+06,2.50818e+06,1.34954e+07
0,0,0,3.10358e+08,0,2.88184e+07,-2.50863e+06,2.50863e+06,1.34954e+07
0,0,0,3.10358e+08,0,2.88236e+07,-2.50908e+06,2.50908e+06,1.34954e+07
0,0,0,3.10358e+08,0,2.88288e+07,-2.50953e+06,2.50953e+06,1.34954e+07
0,0,0,3.10358e+08,0,2.8834e+07,-2.50998e+06,2.50998e+06,1.34954e+07
0,0,0,3.10358e+08,0,2.99509e+07,-2.60722e+06,2.60722e+06,1.34954e+07
0,0,0,3.10358e+08,0,2.99563e+07,-2.60769e+06,2.60769e+06,1.34954e+07
0,0,0,3.10358e+08,0,2.99617e+07,-2.60816e+06,2.60816e+06,1.34954e+07
0,0,0,3.10358e+08,0,2.99671e+07,-2.60863e+06,2.60863e+06,1.34954e+07
0,0,0,3.10358e+08,0,2.95392e+07,-2.57137e+06,2.57137e+06,1.34954e+07
0,0,0,3.10358e+08,0,2.95445e+07,-2.57183e+06,2.57183e+06,1.34954e+07
0,0,0,3.10358e+08,0,2.95498e+07,-2.5723e+06,2.5723e+06,1.34954e+07
0,0,0,3.10358e+08,0,2.95551e+07,-2.57276e+06,2.57276e+06,1.34954e+07
0,0,0,3.10358e+08,0,3.107e+07,-2.70463e+06,2.70463e+06,1.34954e+07
0,0,0,3.10358e+08,0,3.10756e+07,-2.70512e+06,2.70512e+06,1.34954e+07
0,0,0,3.10358e+08,0,3.10812e+07,-2.7056e+06,2.7056e+06,1.34954e+07
0,0,0,3.10358e+08,0,3.10868e+07,-2.70609e+06,2.70609e+06,1.34954e+07
0,0,0,3.10358e+08,0,3.10924e+07,-2.70658e+06,2.70658e+06,1.34954e+07
0,0,0,3.10358e+08,0,3.14537e+07,-2.73803e+06,2.73803e+06,1.34954e+07
0,0,0,3.10358e+08,0,3.14594e+07,-2.73853e+06,2.73853e+06,1.34954e+07
0,0,0,3.10358e+08,0,3.14651e+07,-2.73902e+06,2.73902e+06,1.34954e+07
0,0,0,3.10358e+08,0,3.14707e+07,-2.73951e+06,2.73951e+06,1.34954e+07
0,0,0,3.10358e+08,0,3.22303e+07,-2.80563e+06,2.80563e+06,1.34954e+07
0,0,0,3.10358e+08,0,3.22361e+07,-2.80613e+06,2.80613e+06,1.34954e+07
0,0,0,3.10358e+08,0,3.22419e+07,-2.80664e+06,2.80664e+06,1.34954e+07
0,0,0,3.10358e+08,0,3.22477e+07,-2.80714e+06,2.80714e+06,1.34954e+07
0,0,0,3.10358e+08,0,3.448e+07,-3.30074e+06,3.30074e+06,1.34954e+07
0,0,0,3.10358e+08,0,3.44828e+07,-3.3048e+06,3.3048e+06,1.34954e+07
0,0,0,3.10358e+08,0,3.44855e+07,-3.30886e+06,3.30886e+06,1.34954e+07
0,0,0,3.10358e+08,0,3.44882e+07,-3.31293e+06,3.31293e+06,1.34954e+07
0,0,0,3.10358e+08,0,3.4491e+07,-3.31699e+06,3.31699e+06,1.34954e+07
0,0,0,3.10358e+08,0,3.33806e+07,-2.90576e+06,2.90576e+06,1.34954e+07
0,0,0,3.10358e+08,0,3.33866e+07,-2.90628e+06,2.90628e+06,1.34954e+07
0,0,0,3.10358e+08,0,3.33926e+07,-2.90681e+06,2.90681e+06,1.34954e+07
0,0,0,3.10358e+08,0,3.33986e+07,-2.90733e+06,2.90733e+06,1.34954e+07
0,0,0,3.10358e+08,0,3.21653e+07,-2.79998e+06,2.79998e+06,1.34954e+07
0,0,0,3.10358e+08,0,3.21711e+07,-2.80048e+06,2.80048e+06,1.34954e+07
0,0,0,3.10358e+08,0,3.21769e+07,-2.80098e+06,2.80098e+06,1.34954e+07
0,0,0,3.10358e+08,0,3.21827e+07,-2.80149e+06,2.80149e+06,1.34954e+07
0,0,0,3.10358e+08,0,2.93168e+07,-2.55201e+06,2.55201e+06,1.34954e+07
0,0,0,3.10358e+08,0,2.9322e+07,-2.55247e+06,2.55247e+06,1.34954e+07
0,0,0,3.10358e+08,0,2.93273e+07,-2.55293e+06,2.55293e+06,1.34954e+07
0,0,0,3.10358e+08,0,2.93326e+07,-2.55339e+06,2.55339e+06,1.34954e+07
0,0,0,3.10358e+08,0,2.93378e+07,-2.55385e+06,2.55385e+06,1.34954e+07
0,0,0,3.10358e+08,3.67892e+07,3.02783e+07,-2.63571e+06,2.63571e+06,1.34954e+07
0,0,0,3.10358e+08,0,3.02834e+07,-2.63615e+06,2.63615e+06,1.34954e+07
0,0,0,3.10358e+08,0,3.02885e+07,-2.6366e+06,2.6366e+06,1.34954e+07
0,0,0,3.10358e+08,0,3.02936e+07,-2.63704e+06,2.63704e+06,1.34954e+07
0,0,0,3.10358e+08,0,3.35859e+07,-2.92363e+06,2.92363e+06,1.34954e+07
0,0,0,3.10358e+08,0,3.35915e+07,-2.92413e+06,2.92413e+06,1.34954e+07
0,0,0,3.10358e+08,0,3.35972e+07,-2.92462e+06,2.92462e+06,1.34954e+07
0,0,0,3.10358e+08,0,3.36028e+07,-2.92511e+06,2.92511e+06,1.34954e+07
0,0,0,3.10358e+08,0,2.90811e+07,-2.53149e+06,2.53149e+06,1.34954e+07
0,0,0,3.10358e+08,0,2.9086e+07,-2.53192e+06,2.53192e+06,1.34954e+07
0,0,0,3.10358e+08,0,2.90909e+07,-2.53235e+06,2.53235e+06,1.34954e+07
0,0,0,3.10358e+08,0,2.90958e+07,-2.53277e+06,2.53277e+06,1.34954e+07
0,0,0,3.10358e+08,0,2.91007e+07,-2.5332e+06,2.5332e+06,1.34954e+07
0,0,0,3.10358e+08,0,3.02276e+07,-2.6313e+06,2.6313e+06,1.34954e+07
0,0,0,3.10358e+08,0,3.02327e+07,-2.63175e+06,2.63175e+06,1.34954e+07
0,0,0,3.10358e+08,0,3.02378e+07,-2.63219e+06,2.63219e+06,1.34954e+07
0,0,0,3.10358e+08,0,3.02429e+07,-2.63263e+06,2.63263e+06,1.34954e+07
0,0,0,3.10358e+08,0,2.98107e+07,-2.59501e+06,2.59501e+06,1.34954e+07
0,0,0,3.10358e+08,0,2.98157e+07,-2.59544e+06,2.59544e+06,1.34954e+07
0,0,0,3.10358e+08,0,2.98207e+07,-2.59588e+06,2.59588e+06,1.34954e+07
0,0,0,3.10358e+08,0,2.98257e+07,-2.59632e+06,2.59632e+06,1.34954e+07
0,0,0,3.10358e+08,0,3.13541e+07,-2.72936e+06,2.72936e+06,1.34954e+07
0,0,0,3.10358e+08,0,3.13594e+07,-2.72982e+06,2.72982e+06,1.34954e+07
0,0,0,3.10358e+08,0,3.13646e+07,-2.73028e+06,2.73028e+06,1.34954e+07
0,0,0,3.10358e+08,0,3.13699e+07,-2.73074e+06,2.73074e+06,1.34954e+07
0,0,0,3.10358e+08,0,3.13752e+07,-2.7312e+06,2.7312e+06,1.34954e+07
0,0,0,3.10358e+08,0,3.17395e+07,-2.76291e+06,2.76291e+06,1.34954e+07
0,0,0,3.10358e+08,0,3.17448e+07,-2.76337e+06,2.76337e+06,1.34954e+07
0,0,0,3.10358e+08,0,3.17502e+07,-2.76384e+06,2.76384e+06,1.34954e+07
0,0,0,3.10358e+08,0,3.17555e+07,-2.7643e+06,2.7643e+06,1.34954e+07
0,0,0,3.10358e+08,0,3.25216e+07,-2.83099e+06,2.83099e+06,1.34954e+07
0,0,0,3.10358e+08,0,3.2527e+07,-2.83146e+06,2.83146e+06,1.34954e+07
0,0,0,3.10358e+08,0,3.25325e+07,-2.83194e+06,2.83194e+06,1.34954e+07
0,0,0,3.10358e+08,0,3.2538e+07,-2.83242e+06,2.83242e+06,1.34954e+07
0,0,0,3.10358e+08,0,3.46166e+07,-3.50381e+06,3.50381e+06,1.34954e+07
0,0,0,3.10358e+08,0,3.46192e+07,-3.50765e+06,3.50765e+06,1.34954e+07
0,0,0,3.10358e+08,0,3.46218e+07,-3.51148e+06,3.51148e+06,1.34954e+07
0,0,0,3.10358e+08,0,3.46244e+07,-3.51532e+06,3.51532e+06,1.34954e+07
0,0,0,3.10358e+08,0,3.46269e+07,-3.51915e+06,3.51915e+06,1.34954e+07
0,0,0,3.10358e+08,0,3.36787e+07,-2.93172e+06,2.93172e+06,1.34954e+07
0,0,0,3.10358e+08,0,3.36844e+07,-2.93221e+06,2.93221e+06,1.34954e+07
0,0,0,3.10358e+08,0,3.369e+07,-2.9327e+06,2.9327e+06,1.34954e+07
0,0,0,3.10358e+08,0,3.36957e+07,-2.9332e+06,2.9332e+06,1.34954e+07
0,0,0,3.10358e+08,0,3.24511e+07,-2.82485e+06,2.82485e+06,1.34954e+07
0,0,0,3.10358e+08,0,3.24566e+07,-2.82533e+06,2.82533e+06,1.34954e+07
0,0,0,3.10358e+08,0,3.2462e+07,-2.8258e+06,2.8258e+06,1.34954e+07
0,0,0,3.10358e+08,0,3.24675e+07,-2.82628e+06,2.82628e+06,1.34954e+07
0,0,0,3.10358e+08,0,2.95759e+07,-2.57456e+06,2.57456e+06,1.34954e+07
0,0,0,3.10358e+08,0,2.95808e+07,-2.575e+06,2.575e+06,1.34954e+07
0,0,0,3.10358e+08,0,2.95858e+07,-2.57543e+06,2.57543e+06,1.34954e+07
0,0,0,3.10358e+08,0,2.95908e+07,-2.57586e+06,2.57586e+06,1.34954e+07
0,0,0,3.10358e+08,0,2.95957e+07,-2.5763e+06,2.5763e+06,1.34954e+07
0,0,0,3.10358e+08,3.67892e+07,3.05441e+07,-2.65885e+06,2.65885e+06,1.34954e+07
0,0,0,3.10358e+08,0,3.05489e+07,-2.65927e+06,2.65927e+06,1.34954e+07
0,0,0,3.10358e+08,0,3.05537e+07,-2.65969e+06,2.65969e+06,1.34954e+07
0,0,0,3.10358e+08,0,3.05585e+07,-2.6601e+06,2.6601e+06,1.34954e+07
0,0,0,3.10358e+08,0,3.38792e+07,-2.94917e+06,2.94917e+06,1.34954e+07
0,0,0,3.10358e+08,0,3.38845e+07,-2.94963e+06,2.94963e+06,1.34954e+07
0,0,0,3.10358e+08,0,3.38898e+07,-2.95009e+06,2.95009e+06,1.34954e+07
0,0,0,3.10358e+08,0,3.38951e+07,-2.95055e+06,2.95055e+06,1.34954e+07
0,0,0,3.10358e+08,0,2.93337e+07,-2.55348e+06,2.55348e+06,1.34954e+07
0,0,0,3.10358e+08,0,2.93383e+07,-2.55388e+06,2.55388e+06,1.34954e+07
0,0,0,3.10358e+08,0,2.93429e+07,-2.55429e+06,2.55429e+06,1.34954e+07
0,0,0,3.10358e+08,0,2.93475e+07,-2.55469e+06,2.55469e+06,1.34954e+07
0,0,0,3.10358e+08,0,2.93521e+07,-2.55509e+06,2.55509e+06,1.34954e+07
0,0,0,3.10358e+08,0,3.04884e+07,-2.65401e+06,2.65401e+06,1.34954e+07
0,0,0,3.10358e+08,0,3.04932e+07,-2.65442e+06,2.65442e+06,1.34954e+07
0,0,0,3.10358e+08,0,3.0498e+07,-2.65484e+06,2.65484e+06,1.34954e+07
0,0,0,3.10358e+08,0,3.05028e+07,-2.65526e+06,2.65526e+06,1.34954e+07
0,0,0,3.10358e+08,0,3.00665e+07,-2.61727e+06,2.61727e+06,1.34954e+07
0,0,0,3.10358e+08,0,3.00712e+07,-2.61769e+06,2.61769e+06,1.34954e+07
0,0,0,3.10358e+08,0,3.00759e+07,-2.6181e+06,2.6181e+06,1.34954e+07
0,0,0,3.10358e+08,0,3.00806e+07,-2.61851e+06,2.61851e+06,1.34954e+07
0,0,0,3.10358e+08,0,3.16217e+07,-2.75266e+06,2.75266e+06,1.34954e+07
0,0,0,3.10358e+08,0,3.16267e+07,-2.75309e+06,2.75309e+06,1.34954e+07
0,0,0,3.10358e+08,0,3.16316e+07,-2.75352e+06,2.75352e+06,1.34954e+07
0,0,0,3.10358e+08,0,3.16366e+07,-2.75395e+06,2.75395e+06,1.34954e+07
0,0,0,3.10358e+08,0,3.16415e+07,-2.75438e+06,2.75438e+06,1.34954e+07
0,0,0,3.10358e+08,0,3.20086e+07,-2.78633e+06,2.78633e+06,1.34954e+07
0,0,0,3.10358e+08,0,3.20136e+07,-2.78677e+06,2.78677e+06,1.34954e+07
0,0,0,3.10358e+08,0,3.20186e+07,-2.7872e+06,2.7872e+06,1.34954e+07
0,0,0,3.10358e+08,0,3.20236e+07,-2.78764e+06,2.78764e+06,1.34954e+07
0,0,0,3.10358e+08,0,3.27957e+07,-2.85485e+06,2.85485e+06,1.34954e+07
0,0,0,3.10358e+08,0,3.28009e+07,-2.8553e+06,2.8553e+06,1.34954e+07
0,0,0,3.10358e+08,0,3.2806e+07,-2.85575e+06,2.85575e+06,1.34954e+07
0,0,0,3.10358e+08,0,3.28112e+07,-2.8562e+06,2.8562e+06,1.34954e+07
0,0,0,3.10358e+08,0,3.47452e+07,-3.6949e+06,3.6949e+06,1.34954e+07
0,0,0,3.10358e+08,0,3.47476e+07,-3.6985e+06,3.6985e+06,1.34954e+07
0,0,0,3.10358e+08,0,3.475e+07,-3.70211e+06,3.70211e+06,1.34954e+07
0,0,0,3.10358e+08,0,3.47524e+07,-3.70571e+06,3.70571e+06,1.34954e+07
0,0,0,3.10358e+08,0,3.47549e+07,-3.70931e+06,3.70931e+06,1.34954e+07
0,0,0,3.10358e+08,0,3.39591e+07,-2.95613e+06,2.95613e+06,1.34954e+07
0,0,0,3.10358e+08,0,3.39645e+07,-2.95659e+06,2.95659e+06,1.34954e+07
0,0,0,3.10358e+08,0,3.39698e+07,-2.95705e+06,2.95705e+06,1.34954e+07
0,0,0,3.10358e+08,0,3.39751e+07,-2.95752e+06,2.95752e+06,1.34954e+07
0,0,0,3.10358e+08,0,3.27198e+07,-2.84825e+06,2.84825e+06,1.34954e+07
0,0,0,3.10358e+08,0,3.27249e+07,-2.84869e+06,2.84869e+06,1.34954e+07
0,0,0,3.10358e+08,0,3.27301e+07,-2.84914e+06,2.84914e+06,1.34954e+07
0,0,0,3.10358e+08,0,3.27352e+07,-2.84958e+06,2.84958e+06,1.34954e+07
0,0,0,3.10358e+08,0,2.98194e+07,-2.59576e+06,2.59576e+06,1.34954e+07
0,0,0,3.10358e+08,0,2.98241e+07,-2.59617e+06,2.59617e+06,1.34954e+07
0,0,0,3.10358e+08,0,2.98287e+07,-2.59658e+06,2.59658e+06,1.34954e+07
0,0,0,3.10358e+08,0,2.98334e+07,-2.59698e+06,2.59698e+06,1.34954e+07
0,0,0,3.10358e+08,0,2.98381e+07,-2.59739e+06,2.59739e+06,1.34954e+07
0,0,0,3.10358e+08,0,3.07938e+07,-2.68059e+06,2.68059e+06,1.34954e+07
0,0,0,3.10358e+08,3.67892e+07,3.07983e+07,-2.68098e+06,2.68098e+06,1.34954e+07
0,0,0,3.10358e+08,0,3.08028e+07,-2.68137e+06,2.68137e+06,1.34954e+07
0,0,0,3.10358e+08,0,3.08073e+07,-2.68176e+06,2.68176e+06,1.34954e+07
0,0,0,3.10358e+08,0,3.41547e+07,-2.97315e+06,2.97315e+06,1.34954e+07
0,0,0,3.10358e+08,0,3.41596e+07,-2.97358e+06,2.97358e+06,1.34954e+07
0,0,0,3.10358e+08,0,3.41646e+07,-2.97402e+06,2.97402e+06,1.34954e+07
0,0,0,3.10358e+08,0,3.41696e+07,-2.97445e+06,2.97445e+06,1.34954e+07
0,0,0,3.10358e+08,0,2.95709e+07,-2.57413e+06,2.57413e+06,1.34954e+07
0,0,0,3.10358e+08,0,2.95752e+07,-2.57451e+06,2.57451e+06,1.34954e+07
0,0,0,3.10358e+08,0,2.95795e+07,-2.57489e+06,2.57489e+06,1.34954e+07
0,0,0,3.10358e+08,0,2.95839e+07,-2.57526e+06,2.57526e+06,1.34954e+07
0,0,0,3.10358e+08,0,2.95882e+07,-2.57564e+06,2.57564e+06,1.34954e+07
0,0,0,3.10358e+08,0,3.07333e+07,-2.67532e+06,2.67532e+06,1.34954e+07
0,0,0,3.10358e+08,0,3.07378e+07,-2.67571e+06,2.67571e+06,1.34954e+07
0,0,0,3.10358e+08,0,3.07423e+07,-2.6761e+06,2.6761e+06,1.34954e+07
0,0,0,3.10358e+08,0,3.07468e+07,-2.67649e+06,2.67649e+06,1.34954e+07
0,0,0,3.10358e+08,0,3.03066e+07,-2.63818e+06,2.63818e+06,1.34954e+07
0,0,0,3.10358e+08,0,3.03111e+07,-2.63856e+06,2.63856e+06,1.34954e+07
0,0,0,3.10358e+08,0,3.03155e+07,-2.63895e+06,2.63895e+06,1.34954e+07
0,0,0,3.10358e+08,0,3.03199e+07,-2.63933e+06,2.63933e+06,1.34954e+07
0,0,0,3.10358e+08,0,3.18729e+07,-2.77452e+06,2.77452e+06,1.34954e+07
0,0,0,3.10358e+08,0,3.18775e+07,-2.77492e+06,2.77492e+06,1.34954e+07
0,0,0,3.10358e+08,0,3.18822e+07,-2.77533e+06,2.77533e+06,1.34954e+07
0,0,0,3.10358e+08,0,3.18868e+07,-2.77573e+06,2.77573e+06,1.34954e+07
0,0,0,3.10358e+08,0,3.18915e+07,-2.77614e+06,2.77614e+06,1.34954e+07
0,0,0,3.10358e+08,0,3.2261e+07,-2.80831e+06,2.80831e+06,1.34954e+07
0,0,0,3.10358e+08,0,3.22657e+07,-2.80871e+06,2.80871e+06,1.34954e+07
0,0,0,3.10358e+08,0,3.22704e+07,-2.80912e+06,2.80912e+06,1.34954e+07
0,0,0,3.10358e+08,0,3.22751e+07,-2.80953e+06,2.80953e+06,1.34954e+07
0,0,0,3.10358e+08,0,3.30529e+07,-2.87724e+06,2.87724e+06,1.34954e+07
0,0,0,3.10358e+08,0,3.30577e+07,-2.87766e+06,2.87766e+06,1.34954e+07
0,0,0,3.10358e+08,0,3.30626e+07,-2.87808e+06,2.87808e+06,1.34954e+07
0,0,0,3.10358e+08,0,3.30674e+07,-2.8785e+06,2.8785e+06,1.34954e+07
0,0,0,3.10358e+08,0,3.48657e+07,-3.8741e+06,3.8741e+06,1.34954e+07
0,0,0,3.10358e+08,0,3.4868e+07,-3.87748e+06,3.87748e+06,1.34954e+07
0,0,0,3.10358e+08,0,3.48702e+07,-3.88086e+06,3.88086e+06,1.34954e+07
0,0,0,3.10358e+08,0,3.48725e+07,-3.88423e+06,3.88423e+06,1.34954e+07
0,0,0,3.10358e+08,0,3.48748e+07,-3.88761e+06,3.88761e+06,1.34954e+07
0,0,0,3.10358e+08,0,3.42221e+07,-2.97901e+06,2.97901e+06,1.34954e+07
0,0,0,3.10358e+08,0,3.4227e+07,-2.97945e+06,2.97945e+06,1.34954e+07
0,0,0,3.10358e+08,0,3.4232e+07,-2.97988e+06,2.97988e+06,1.34954e+07
0,0,0,3.10358e+08,0,3.4237e+07,-2.98032e+06,2.98032e+06,1.34954e+07
0,0,0,3.10358e+08,0,3.29717e+07,-2.87017e+06,2.87017e+06,1.34954e+07
0,0,0,3.10358e+08,0,3.29765e+07,-2.87059e+06,2.87059e+06,1.34954e+07
0,0,0,3.10358e+08,0,3.29813e+07,-2.87101e+06,2.87101e+06,1.34954e+07
0,0,0,3.10358e+08,0,3.29861e+07,-2.87142e+06,2.87142e+06,1.34954e+07
0,0,0,3.10358e+08,0,3.00476e+07,-2.61563e+06,2.61563e+06,1.34954e+07
0,0,0,3.10358e+08,0,3.0052e+07,-2.61601e+06,2.61601e+06,1.34954e+07
0,0,0,3.10358e+08,0,3.00564e+07,-2.61639e+06,2.61639e+06,1.34954e+07
0,0,0,3.10358e+08,0,3.00607e+07,-2.61677e+06,2.61677e+06,1.34954e+07
0,0,0,3.10358e+08,0,3.00651e+07,-2.61715e+06,2.61715e+06,1.34954e+07
0,0,0,3.10358e+08,0,3.10278e+07,-2.70096e+06,2.70096e+06,1.34954e+07
0,0,0,3.10358e+08,0,3.1032e+07,-2.70132e+06,2.70132e+06,1.34954e+07
0,0,0,3.10358e+08,0,3.10362e+07,-2.70169e+06,2.70169e+06,1.34954e+07
0,0,0,3.10358e+08,0,3.10404e+07,-2.70205e+06,2.70205e+06,1.34954e+07
0,0,0,3.10358e+08,0,3.44127e+07,-2.99561e+06,2.99561e+06,1.34954e+07
0,0,0,3.10358e+08,0,3.44173e+07,-2.99601e+06,2.99601e+06,1.34954e+07
0,0,0,3.10358e+08,0,3.4422e+07,-2.99642e+06,2.99642e+06,1.34954e+07
0,0,0,3.10358e+08,0,3.44267e+07,-2.99683e+06,2.99683e+06,1.34954e+07
0,0,0,3.10358e+08,0,2.9793e+07,-2.59347e+06,2.59347e+06,1.34954e+07
0,0,0,3.10358e+08,0,2.97971e+07,-2.59382e+06,2.59382e+06,1.34954e+07
0,0,0,3.10358e+08,0,2.98011e+07,-2.59417e+06,2.59417e+06,1.34954e+07
0,0,0,3.10358e+08,0,2.98051e+07,-2.59452e+06,2.59452e+06,1.34954e+07
0,0,0,3.10358e+08,0,2.98092e+07,-2.59487e+06,2.59487e+06,1.34954e+07
0,0,0,3.10358e+08,0,3.09625e+07,-2.69527e+06,2.69527e+06,1.34954e+07
0,0,0,3.10358e+08,0,3.09667e+07,-2.69564e+06,2.69564e+06,1.34954e+07
0,0,0,3.10358e+08,0,3.09709e+07,-2.696e+06,2.696e+06,1.34954e+07
0,0,0,3.10358e+08,0,3.09751e+07,-2.69637e+06,2.69637e+06,1.34954e+07
0,0,0,3.10358e+08,0,3.05313e+07,-2.65774e+06,2.65774e+06,1.34954e+07
0,0,0,3.10358e+08,0,3.05355e+07,-2.6581e+06,2.6581e+06,1.34954e+07
0,0,0,3.10358e+08,0,3.05396e+07,-2.65846e+06,2.65846e+06,1.34954e+07
0,0,0,3.10358e+08,0,3.05437e+07,-2.65882e+06,2.65882e+06,1.34954e+07
0,0,0,3.10358e+08,0,3.21078e+07,-2.79497e+06,2.79497e+06,1.34954e+07
0,0,0,3.10358e+08,0,3.21121e+07,-2.79535e+06,2.79535e+06,1.34954e+07
0,0,0,3.10358e+08,0,3.21165e+07,-2.79573e+06,2.79573e+06,1.34954e+07
0,0,0,3.10358e+08,0,3.21208e+07,-2.7961e+06,2.7961e+06,1.34954e+07
0,0,0,3.10358e+08,0,3.21252e+07,-2.79648e+06,2.79648e+06,1.34954e+07
0,0,0,3.10358e+08,0,3.24971e+07,-2.82885e+06,2.82885e+06,1.34954e+07
0,0,0,3.10358e+08,0,3.25015e+07,-2.82924e+06,2.82924e+06,1.34954e+07
0,0,0,3.10358e+08,0,3.25058e+07,-2.82962e+06,2.82962e+06,1.34954e+07
0,0,0,3.10358e+08,0,3.25102e+07,-2.83e+06,2.83e+06,1.34954e+07
0,0,0,3.10358e+08,0,3.32934e+07,-2.89817e+06,2.89817e+06,1.34954e+07
0,0,0,3.10358e+08,0,3.32979e+07,-2.89856e+06,2.89856e+06,1.34954e+07
0,0,0,3.10358e+08,0,3.33024e+07,-2.89896e+06,2.89896e+06,1.34954e+07
0,0,0,3.10358e+08,0,3.33069e+07,-2.89935e+06,2.89935e+06,1.34954e+07
0,0,0,3.10358e+08,0,3.49784e+07,-4.04159e+06,4.04159e+06,1.34954e+07
0,0,0,3.10358e+08,0,3.49805e+07,-4.04474e+06,4.04474e+06,1.34954e+07
0,0,0,3.10358e+08,0,3.49826e+07,-4.04789e+06,4.04789e+06,1.34954e+07
0,0,0,3.10358e+08,0,3.49847e+07,-4.05104e+06,4.05104e+06,1.34954e+07
0,0,0,3.10358e+08,0,3.49868e+07,-4.05419e+06,4.05419e+06,1.34954e+07
0,0,0,3.10358e+08,0,3.44677e+07,-3.0004e+06,3.0004e+06,1.34954e+07
0,0,0,3.10358e+08,0,3.44723e+07,-3.0008e+06,3.0008e+06,1.34954e+07
0,0,0,3.10358e+08,0,3.4477e+07,-3.00121e+06,3.00121e+06,1.34954e+07
0,0,0,3.10358e+08,0,3.44816e+07,-3.00161e+06,3.00161e+06,1.34954e+07
0,0,0,3.10358e+08,0,3.32069e+07,-2.89065e+06,2.89065e+06,1.34954e+07
0,0,0,3.10358e+08,0,3.32114e+07,-2.89104e+06,2.89104e+06,1.34954e+07
0,0,0,3.10358e+08,0,3.32159e+07,-2.89143e+06,2.89143e+06,1.34954e+07
0,0,0,3.10358e+08,0,3.32204e+07,-2.89182e+06,2.89182e+06,1.34954e+07
0,0,0,3.10358e+08,0,3.02607e+07,-2.63418e+06,2.63418e+06,1.34954e+07
0,0,0,3.10358e+08,0,3.02648e+07,-2.63453e+06,2.63453e+06,1.34954e+07
0,0,0,3.10358e+08,0,3.02689e+07,-2.63489e+06,2.63489e+06,1.34954e+07
0,0,0,3.10358e+08,0,3.02729e+07,-2.63525e+06,2.63525e+06,1.34954e+07
0,0,0,3.10358e+08,0,3.0277e+07,-2.6356e+06,2.6356e+06,1.34954e+07
0,0,0,3.10358e+08,0,3.0277e+07,-2.6356e+06,2.6356e+06,1.34954e+07
0,0,0,3.10358e+08,0,3.12462e+07,-2.71997e+06,2.71997e+06,1.34954e+07
0,0,0,3.10358e+08,0,3.12501e+07,-2.72031e+06,2.72031e+06,1.34954e+07
0,0,0,3.10358e+08,0,3.1254e+07,-2.72065e+06,2.72065e+06,1.34954e+07
0,0,0,3.10358e+08,0,3.12579e+07,-2.72099e+06,2.72099e+06,1.34954e+07
0,0,0,3.10358e+08,0,3.46534e+07,-3.01657e+06,3.01657e+06,1.34954e+07
0,0,0,3.10358e+08,0,3.46578e+07,-3.01694e+06,3.01694e+06,1.34954e+07
0,0,0,3.10358e+08,0,3.46621e+07,-3.01732e+06,3.01732e+06,1.34954e+07
0,0,0,3.10358e+08,0,3.46664e+07,-3.0177e+06,3.0177e+06,1.34954e+07
0,0,0,3.10358e+08,0,3.00002e+07,-2.6115e+06,2.6115e+06,1.34954e+07
0,0,0,3.10358e+08,0,3.0004e+07,-2.61183e+06,2.61183e+06,1.34954e+07
0,0,0,3.10358e+08,0,3.00077e+07,-2.61216e+06,2.61216e+06,1.34954e+07
0,0,0,3.10358e+08,0,3.00114e+07,-2.61248e+06,2.61248e+06,1.34954e+07
0,0,0,3.10358e+08,0,3.00152e+07,-2.61281e+06,2.61281e+06,1.34954e+07
0,0,0,3.10358e+08,0,3.11762e+07,-2.71387e+06,2.71387e+06,1.34954e+07
0,0,0,3.10358e+08,0,3.11801e+07,-2.71421e+06,2.71421e+06,1.34954e+07
0,0,0,3.10358e+08,0,3.1184e+07,-2.71455e+06,2.71455e+06,1.34954e+07
0,0,0,3.10358e+08,0,3.11879e+07,-2.71489e+06,2.71489e+06,1.34954e+07
0,0,0,3.10358e+08,0,3.07407e+07,-2.67597e+06,2.67597e+06,1.34954e+07
0,0,0,3.10358e+08,0,3.07446e+07,-2.6763e+06,2.6763e+06,1.34954e+07
0,0,0,3.10358e+08,0,3.07484e+07,-2.67664e+06,2.67664e+06,1.34954e+07
0,0,0,3.10358e+08,0,3.07522e+07,-2.67697e+06,2.67697e+06,1.34954e+07
0,0,0,3.10358e+08,0,3.23267e+07,-2.81402e+06,2.81402e+06,1.34954e+07
0,0,0,3.10358e+08,0,3.23307e+07,-2.81437e+06,2.81437e+06,1.34954e+07
0,0,0,3.10358e+08,0,3.23347e+07,-2.81472e+06,2.81472e+06,1.34954e+07
0,0,0,3.10358e+08,0,3.23388e+07,-2.81507e+06,2.81507e+06,1.34954e+07
0,0,0,3.10358e+08,0,3.23428e+07,-2.81543e+06,2.81543e+06,1.34954e+07
0,0,0,3.10358e+08,0,3.27169e+07,-2.84799e+06,2.84799e+06,1.34954e+07
0,0,0,3.10358e+08,0,3.27209e+07,-2.84834e+06,2.84834e+06,1.34954e+07
0,0,0,3.10358e+08,0,3.2725e+07,-2.8487e+06,2.8487e+06,1.34954e+07
0,0,0,3.10358e+08,0,3.27291e+07,-2.84905e+06,2.84905e+06,1.34954e+07
0,0,0,3.10358e+08,0,3.35172e+07,-2.91765e+06,2.91765e+06,1.34954e+07
0,0,0,3.10358e+08,0,3.35213e+07,-2.91802e+06,2.91802e+06,1.34954e+07
0,0,0,3.10358e+08,0,3.35255e+07,-2.91838e+06,2.91838e+06,1.34954e+07
0,0,0,3.10358e+08,0,3.35297e+07,-2.91874e+06,2.91874e+06,1.34954e+07
0,0,0,3.10358e+08,0,3.50832e+07,-4.19741e+06,4.19741e+06,1.34954e+07
0,0,0,3.10358e+08,0,3.50851e+07,-4.20034e+06,4.20034e+06,1.34954e+07
0,0,0,3.10358e+08,0,3.50871e+07,-4.20326e+06,4.20326e+06,1.34954e+07
0,0,0,3.10358e+08,0,3.50891e+07,-4.20619e+06,4.20619e+06,1.34954e+07
0,0,0,3.10358e+08,0,3.50911e+07,-4.20911e+06,4.20911e+06,1.34954e+07
0,0,0,3.10358e+08,0,3.46107e+07,-3.10564e+06,3.10564e+06,1.34954e+07
0,0,0,3.10358e+08,0,3.46127e+07,-3.10843e+06,3.10843e+06,1.34954e+07
0,0,0,3.10358e+08,0,3.46146e+07,-3.11122e+06,3.11122e+06,1.34954e+07
0,0,0,3.10358e+08,0,3.46165e+07,-3.11401e+06,3.11401e+06,1.34954e+07
0,0,0,3.10358e+08,0,3.34256e+07,-2.90968e+06,2.90968e+06,1.34954e+07
0,0,0,3.10358e+08,0,3.34298e+07,-2.91004e+06,2.91004e+06,1.34954e+07
0,0,0,3.10358e+08,0,3.34339e+07,-2.91041e+06,2.91041e+06,1.34954e+07
0,0,0,3.10358e+08,0,3.34381e+07,-2.91077e+06,2.91077e+06,1.34954e+07
0,0,0,3.10358e+08,0,3.04587e+07,-2.65141e+06,2.65141e+06,1.34954e+07
0,0,0,3.10358e+08,0,3.04625e+07,-2.65174e+06,2.65174e+06,1.34954e+07
0,0,0,3.10358e+08,0,3.04663e+07,-2.65207e+06,2.65207e+06,1.34954e+07
0,0,0,3.10358e+08,0,3.04701e+07,-2.6524e+06,2.6524e+06,1.34954e+07
0,0,0,3.10358e+08,0,3.04738e+07,-2.65273e+06,2.65273e+06,1.34954e+07
0,0,0,3.10358e+08,0,3.1449e+07,-2.73762e+06,2.73762e+06,1.34954e+07
0,0,0,3.10358e+08,0,3.14526e+07,-2.73793e+06,2.73793e+06,1.34954e+07
0,0,0,3.10358e+08,0,3.14562e+07,-2.73825e+06,2.73825e+06,1.34954e+07
0,0,0,3.10358e+08,0,3.14598e+07,-2.73856e+06,2.73856e+06,1.34954e+07
0,0,0,3.10358e+08,0,3.48769e+07,-3.03602e+06,3.03602e+06,1.34954e+07
0,0,0,3.10358e+08,0,3.48809e+07,-3.03637e+06,3.03637e+06,1.34954e+07
0,0,0,3.10358e+08,0,3.48849e+07,-3.03672e+06,3.03672e+06,1.34954e+07
0,0,0,3.10358e+08,0,3.48889e+07,-3.03706e+06,3.03706e+06,1.34954e+07
0,0,0,3.10358e+08,0,3.01924e+07,-2.62824e+06,2.62824e+06,1.34954e+07
0,0,0,3.10358e+08,0,3.01959e+07,-2.62854e+06,2.62854e+06,1.34954e+07
0,0,0,3.10358e+08,0,3.01993e+07,-2.62884e+06,2.62884e+06,1.34954e+07
0,0,0,3.10358e+08,0,3.02028e+07,-2.62914e+06,2.62914e+06,1.34954e+07
0,0,0,3.10358e+08,0,3.02063e+07,-2.62944e+06,2.62944e+06,1.34954e+07
0,0,0,3.10358e+08,0,3.13743e+07,-2.73112e+06,2.73112e+06,1.34954e+07
0,0,0,3.10358e+08,0,3.13779e+07,-2.73143e+06,2.73143e+06,1.34954e+07
0,0,0,3.10358e+08,0,3.13815e+07,-2.73175e+06,2.73175e+06,1.34954e+07
0,0,0,3.10358e+08,0,3.13851e+07,-2.73206e+06,2.73206e+06,1.34954e+07
0,0,0,3.10358e+08,0,3.09349e+07,-2.69287e+06,2.69287e+06,1.34954e+07
0,0,0,3.10358e+08,0,3.09384e+07,-2.69317e+06,2.69317e+06,1.34954e+07
0,0,0,3.10358e+08,0,3.09419e+07,-2.69348e+06,2.69348e+06,1.34954e+07
0,0,0,3.10358e+08,0,3.09455e+07,-2.69379e+06,2.69379e+06,1.34954e+07
0,0,0,3.10358e+08,0,3.25295e+07,-2.83167e+06,2.83167e+06,1.34954e+07
0,0,0,3.10358e+08,0,3.25332e+07,-2.832e+06,2.832e+06,1.34954e+07
0,0,0,3.10358e+08,0,3.25369e+07,-2.83232e+06,2.83232e+06,1.34954e+07
0,0,0,3.10358e+08,0,3.25406e+07,-2.83265e+06,2.83265e+06,1.34954e+07
0,0,0,3.10358e+08,0,3.25443e+07,-2.83297e+06,2.83297e+06,1.34954e+07
0,0,0,3.10358e+08,0,3.29204e+07,-2.86571e+06,2.86571e+06,1.34954e+07
0,0,0,3.10358e+08,0,3.29242e+07,-2.86603e+06,2.86603e+06,1.34954e+07
0,0,0,3.10358e+08,0,3.29279e+07,-2.86636e+06,2.86636e+06,1.34954e+07
0,0,0,3.10358e+08,0,3.29317e+07,-2.86669e+06,2.86669e+06,1.34954e+07
0,0,0,3.10358e+08,0,3.37243e+07,-2.93568e+06,2.93568e+06,1.34954e+07
0,0,0,3.10358e+08,0,3.37281e+07,-2.93602e+06,2.93602e+06,1.34954e+07
0,0,0,3.10358e+08,0,3.3732e+07,-2.93636e+06,2.93636e+06,1.34954e+07
0,0,0,3.10358e+08,0,3.37359e+07,-2.93669e+06,2.93669e+06,1.34954e+07
0,0,0,3.10358e+08,0,3.51801e+07,-4.34157e+06,4.34157e+06,1.34954e+07
0,0,0,3.10358e+08,0,3.5182e+07,-4.34427e+06,4.34427e+06,1.34954e+07
0,0,0,3.10358e+08,0,3.51838e+07,-4.34697e+06,4.34697e+06,1.34954e+07
0,0,0,3.10358e+08,0,3.51856e+07,-4.34967e+06,4.34967e+06,1.34954e+07
0,0,0,3.10358e+08,0,3.51874e+07,-4.35237e+06,4.35237e+06,1.34954e+07
0,0,0,3.10358e+08,0,3.4704e+07,-3.24194e+06,3.24194e+06,1.34954e+07
0,0,0,3.10358e+08,0,3.47058e+07,-3.24451e+06,3.24451e+06,1.34954e+07
0,0,0,3.10358e+08,0,3.47075e+07,-3.24709e+06,3.24709e+06,1.34954e+07
0,0,0,3.10358e+08,0,3.47093e+07,-3.24966e+06,3.24966e+06,1.34954e+07
0,0,0,3.10358e+08,0,3.36277e+07,-2.92727e+06,2.92727e+06,1.34954e+07
0,0,0,3.10358e+08,0,3.36315e+07,-2.92761e+06,2.92761e+06,1.34954e+07
0,0,0,3.10358e+08,0,3.36354e+07,-2.92794e+06,2.92794e+06,1.34954e+07
0,0,0,3.10358e+08,0,3.36392e+07,-2.92828e+06,2.92828e+06,1.34954e+07
0,0,0,3.10358e+08,0,3.06416e+07,-2.66733e+06,2.66733e+06,1.34954e+07
0,0,0,3.10358e+08,0,3.06451e+07,-2.66764e+06,2.66764e+06,1.34954e+07
0,0,0,3.10358e+08,0,3.06486e+07,-2.66794e+06,2.66794e+06,1.34954e+07
0,0,0,3.10358e+08,0,3.06521e+07,-2.66825e+06,2.66825e+06,1.34954e+07
0,0,0,3.10358e+08,0,3.06556e+07,-2.66855e+06,2.66855e+06,1.34954e+07
0,0,0,3.10358e+08,0,3.16362e+07,-2.75392e+06,2.75392e+06,1.34954e+07
0,0,0,3.10358e+08,0,3.16395e+07,-2.75421e+06,2.75421e+06,1.34954e+07
0,0,0,3.10358e+08,0,3.16428e+07,-2.75449e+06,2.75449e+06,1.34954e+07
0,0,0,3.10358e+08,0,3.16461e+07,-2.75478e+06,2.75478e+06,1.34954e+07
0,0,0,3.10358e+08,0,3.50366e+07,-3.10049e+06,3.10049e+06,1.34954e+07
0,0,0,3.10358e+08,0,3.50382e+07,-3.10283e+06,3.10283e+06,1.34954e+07
0,0,0,3.10358e+08,0,3.50399e+07,-3.10516e+06,3.10516e+06,1.34954e+07
0,0,0,3.10358e+08,0,3.50415e+07,-3.1075e+06,3.1075e+06,1.34954e+07
0,0,0,3.10358e+08,0,3.03697e+07,-2.64367e+06,2.64367e+06,1.34954e+07
0,0,0,3.10358e+08,0,3.03729e+07,-2.64395e+06,2.64395e+06,1.34954e+07
0,0,0,3.10358e+08,0,3.03761e+07,-2.64422e+06,2.64422e+06,1.34954e+07
0,0,0,3.10358e+08,0,3.03792e+07,-2.6445e+06,2.6445e+06,1.34954e+07
0,0,0,3.10358e+08,0,3.03824e+07,-2.64477e+06,2.64477e+06,1.34954e+07
0,0,0,3.10358e+08,0,3.1557e+07,-2.74702e+06,2.74702e+06,1.34954e+07
0,0,0,3.10358e+08,0,3.15603e+07,-2.74731e+06,2.74731e+06,1.34954e+07
0,0,0,3.10358e+08,0,3.15636e+07,-2.74759e+06,2.74759e+06,1.34954e+07
0,0,0,3.10358e+08,0,3.15669e+07,-2.74788e+06,2.74788e+06,1.34954e+07
0,0,0,3.10358e+08,0,3.11137e+07,-2.70843e+06,2.70843e+06,1.34954e+07
0,0,0,3.10358e+08,0,3.11169e+07,-2.70871e+06,2.70871e+06,1.34954e+07
0,0,0,3.10358e+08,0,3.11202e+07,-2.709e+06,2.709e+06,1.34954e+07
0,0,0,3.10358e+08,0,3.11234e+07,-2.70928e+06,2.70928e+06,1.34954e+07
0,0,0,3.10358e+08,0,3.27162e+07,-2.84793e+06,2.84793e+06,1.34954e+07
0,0,0,3.10358e+08,0,3.27196e+07,-2.84823e+06,2.84823e+06,1.34954e+07
0,0,0,3.10358e+08,0,3.2723e+07,-2.84852e+06,2.84852e+06,1.34954e+07
0,0,0,3.10358e+08,0,3.27264e+07,-2.84882e+06,2.84882e+06,1.34954e+07
0,0,0,3.10358e+08,0,3.27298e+07,-2.84912e+06,2.84912e+06,1.34954e+07
0,0,0,3.10358e+08,0,3.31077e+07,-2.88201e+06,2.88201e+06,1.34954e+07
0,0,0,3.10358e+08,0,3.31112e+07,-2.88231e+06,2.88231e+06,1.34954e+07
0,0,0,3.10358e+08,0,3.31146e+07,-2.88261e+06,2.88261e+06,1.34954e+07
0,0,0,3.10358e+08,0,3.31181e+07,-2.88291e+06,2.88291e+06,1.34954e+07
0,0,0,3.10358e+08,0,3.39148e+07,-2.95227e+06,2.95227e+06,1.34954e+07
0,0,0,3.10358e+08,0,3.39183e+07,-2.95258e+06,2.95258e+06,1.34954e+07
0,0,0,3.10358e+08,0,3.39219e+07,-2.95288e+06,2.95288e+06,1.34954e+07
0,0,0,3.10358e+08,0,3.39254e+07,-2.95319e+06,2.95319e+06,1.34954e+07
0,0,0,3.10358e+08,0,3.52693e+07,-4.4741e+06,4.4741e+06,1.34954e+07
0,0,0,3.10358e+08,0,3.5271e+07,-4.47657e+06,4.47657e+06,1.34954e+07
0,0,0,3.10358e+08,0,3.52726e+07,-4.47905e+06,4.47905e+06,1.34954e+07
0,0,0,3.10358e+08,0,3.52743e+07,-4.48153e+06,4.48153e+06,1.34954e+07
0,0,0,3.10358e+08,0,3.5276e+07,-4.48401e+06,4.48401e+06,1.34954e+07
0,0,0,3.10358e+08,0,3.47897e+07,-3.36716e+06,3.36716e+06,1.34954e+07
0,0,0,3.10358e+08,0,3.47913e+07,-3.36952e+06,3.36952e+06,1.34954e+07
0,0,0,3.10358e+08,0,3.4793e+07,-3.37188e+06,3.37188e+06,1.34954e+07
0,0,0,3.10358e+08,0,3.47946e+07,-3.37424e+06,3.37424e+06,1.34954e+07
0,0,0,3.10358e+08,0,3.38132e+07,-2.94343e+06,2.94343e+06,1.34954e+07
0,0,0,3.10358e+08,0,3.38167e+07,-2.94373e+06,2.94373e+06,1.34954e+07
0,0,0,3.10358e+08,0,3.38203e+07,-2.94404e+06,2.94404e+06,1.34954e+07
0,0,0,3.10358e+08,0,3.38238e+07,-2.94435e+06,2.94435e+06,1.34954e+07
0,0,0,3.10358e+08,0,3.08094e+07,-2.68194e+06,2.68194e+06,1.34954e+07
0,0,0,3.10358e+08,0,3.08126e+07,-2.68222e+06,2.68222e+06,1.34954e+07
0,0,0,3.10358e+08,0,3.08158e+07,-2.6825e+06,2.6825e+06,1.34954e+07
0,0,0,3.10358e+08,0,3.0819e+07,-2.68278e+06,2.68278e+06,1.34954e+07
0,0,0,3.10358e+08,0,3.08222e+07,-2.68306e+06,2.68306e+06,1.34954e+07
0,0,0,3.10358e+08,0,3.18079e+07,-2.76886e+06,2.76886e+06,1.34954e+07
0,0,0,3.10358e+08,0,3.18109e+07,-2.76913e+06,2.76913e+06,1.34954e+07
0,0,0,3.10358e+08,0,3.18139e+07,-2.76939e+06,2.76939e+06,1.34954e+07
0,0,0,3.10358e+08,0,3.18169e+07,-2.76965e+06,2.76965e+06,1.34954e+07
0,0,0,3.10358e+08,0,3.51215e+07,-3.22111e+06,3.22111e+06,1.34954e+07
0,0,0,3.10358e+08,0,3.5123e+07,-3.22324e+06,3.22324e+06,1.34954e+07
0,0,0,3.10358e+08,0,3.51245e+07,-3.22537e+06,3.22537e+06,1.34954e+07
0,0,0,3.10358e+08,0,3.5126e+07,-3.2275e+06,3.2275e+06,1.34954e+07
0,0,0,3.10358e+08,0,3.05322e+07,-2.65781e+06,2.65781e+06,1.34954e+07
0,0,0,3.10358e+08,0,3.0535e+07,-2.65806e+06,2.65806e+06,1.34954e+07
0,0,0,3.10358e+08,0,3.05379e+07,-2.65831e+06,2.65831e+06,1.34954e+07
0,0,0,3.10358e+08,0,3.05408e+07,-2.65856e+06,2.65856e+06,1.34954e+07
0,0,0,3.10358e+08,0,3.05437e+07,-2.65882e+06,2.65882e+06,1.34954e+07
0,0,0,3.10358e+08,0,3.17242e+07,-2.76158e+06,2.76158e+06,1.34954e+07
0,0,0,3.10358e+08,0,3.17272e+07,-2.76184e+06,2.76184e+06,1.34954e+07
0,0,0,3.10358e+08,0,3.17302e+07,-2.7621e+06,2.7621e+06,1.34954e+07
0,0,0,3.10358e+08,0,3.17332e+07,-2.76236e+06,2.76236e+06,1.34954e+07
0,0,0,3.10358e+08,0,3.12773e+07,-2.72268e+06,2.72268e+06,1.34954e+07
0,0,0,3.10358e+08,0,3.12803e+07,-2.72294e+06,2.72294e+06,1.34954e+07
0,0,0,3.10358e+08,0,3.12833e+07,-2.72319e+06,2.72319e+06,1.34954e+07
0,0,0,3.10358e+08,0,3.12862e+07,-2.72345e+06,2.72345e+06,1.34954e+07
0,0,0,3.10358e+08,0,3.2887e+07,-2.8628e+06,2.8628e+06,1.34954e+07
0,0,0,3.10358e+08,0,3.28901e+07,-2.86307e+06,2.86307e+06,1.34954e+07
0,0,0,3.10358e+08,0,3.28932e+07,-2.86334e+06,2.86334e+06,1.34954e+07
0,0,0,3.10358e+08,0,3.28963e+07,-2.86361e+06,2.86361e+06,1.34954e+07
0,0,0,3.10358e+08,0,3.28994e+07,-2.86388e+06,2.86388e+06,1.34954e+07
0,0,0,3.10358e+08,0,3.32789e+07,-2.89692e+06,2.89692e+06,1.34954e+07
0,0,0,3.10358e+08,0,3.32821e+07,-2.89719e+06,2.89719e+06,1.34954e+07
0,0,0,3.10358e+08,0,3.32852e+07,-2.89746e+06,2.89746e+06,1.34954e+07
0,0,0,3.10358e+08,0,3.32884e+07,-2.89774e+06,2.89774e+06,1.34954e+07
0,0,0,3.10358e+08,0,3.40889e+07,-2.96742e+06,2.96742e+06,1.34954e+07
0,0,0,3.10358e+08,0,3.40921e+07,-2.9677e+06,2.9677e+06,1.34954e+07
0,0,0,3.10358e+08,0,3.40953e+07,-2.96798e+06,2.96798e+06,1.34954e+07
0,0,0,3.10358e+08,0,3.40985e+07,-2.96826e+06,2.96826e+06,1.34954e+07
0,0,0,3.10358e+08,0,3.53507e+07,-4.59511e+06,4.59511e+06,1.34954e+07
0,0,0,3.10358e+08,0,3.53522e+07,-4.59737e+06,4.59737e+06,1.34954e+07
0,0,0,3.10358e+08,0,3.53537e+07,-4.59963e+06,4.59963e+06,1.34954e+07
0,0,0,3.10358e+08,0,3.53552e+07,-4.60188e+06,4.60188e+06,1.34954e+07
0,0,0,3.10358e+08,0,3.53568e+07,-4.60414e+06,4.60414e+06,1.34954e+07
0,0,0,3.10358e+08,0,3.48679e+07,-3.48143e+06,3.48143e+06,1.34954e+07
0,0,0,3.10358e+08,0,3.48694e+07,-3.48358e+06,3.48358e+06,1.34954e+07
0,0,0,3.10358e+08,0,3.48709e+07,-3.48573e+06,3.48573e+06,1.34954e+07
0,0,0,3.10358e+08,0,3.48723e+07,-3.48788e+06,3.48788e+06,1.34954e+07
0,0,0,3.10358e+08,0,3.39824e+07,-2.95816e+06,2.95816e+06,1.34954e+07
0,0,0,3.10358e+08,0,3.39857e+07,-2.95844e+06,2.95844e+06,1.34954e+07
0,0,0,3.10358e+08,0,3.39889e+07,-2.95872e+06,2.95872e+06,1.34954e+07
0,0,0,3.10358e+08,0,3.39921e+07,-2.959e+06,2.959e+06,1.34954e+07
0,0,0,3.10358e+08,0,3.09624e+07,-2.69526e+06,2.69526e+06,1.34954e+07
0,0,0,3.10358e+08,0,3.09653e+07,-2.69552e+06,2.69552e+06,1.34954e+07
0,0,0,3.10358e+08,0,3.09682e+07,-2.69577e+06,2.69577e+06,1.34954e+07
0,0,0,3.10358e+08,0,3.09712e+07,-2.69603e+06,2.69603e+06,1.34954e+07
0,0,0,3.10358e+08,0,3.09741e+07,-2.69628e+06,2.69628e+06,1.34954e+07
0,0,0,3.10358e+08,0,3.19643e+07,-2.78248e+06,2.78248e+06,1.34954e+07
0,0,0,3.10358e+08,0,3.1967e+07,-2.78271e+06,2.78271e+06,1.34954e+07
0,0,0,3.10358e+08,0,3.19697e+07,-2.78295e+06,2.78295e+06,1.34954e+07
0,0,0,3.10358e+08,0,3.19724e+07,-2.78319e+06,2.78319e+06,1.34954e+07
0,0,0,3.10358e+08,0,3.51987e+07,-3.3309e+06,3.3309e+06,1.34954e+07
0,0,0,3.10358e+08,0,3.52001e+07,-3.33282e+06,3.33282e+06,1.34954e+07
0,0,0,3.10358e+08,0,3.52014e+07,-3.33474e+06,3.33474e+06,1.34954e+07
0,0,0,3.10358e+08,0,3.52028e+07,-3.33666e+06,3.33666e+06,1.34954e+07
0,0,0,3.10358e+08,0,3.06799e+07,-2.67067e+06,2.67067e+06,1.34954e+07
0,0,0,3.10358e+08,0,3.06825e+07,-2.6709e+06,2.6709e+06,1.34954e+07
0,0,0,3.10358e+08,0,3.06851e+07,-2.67113e+06,2.67113e+06,1.34954e+07
0,0,0,3.10358e+08,0,3.06877e+07,-2.67135e+06,2.67135e+06,1.34954e+07
0,0,0,3.10358e+08,0,3.06903e+07,-2.67158e+06,2.67158e+06,1.34954e+07
0,0,0,3.10358e+08,0,3.18762e+07,-2.77481e+06,2.77481e+06,1.34954e+07
0,0,0,3.10358e+08,0,3.18789e+07,-2.77504e+06,2.77504e+06,1.34954e+07
0,0,0,3.10358e+08,0,3.18816e+07,-2.77528e+06,2.77528e+06,1.34954e+07
0,0,0,3.10358e+08,0,3.18843e+07,-2.77551e+06,2.77551e+06,1.34954e+07
0,0,0,3.10358e+08,0,3.1426e+07,-2.73562e+06,2.73562e+06,1.34954e+07
0,0,0,3.10358e+08,0,3.14286e+07,-2.73585e+06,2.73585e+06,1.34954e+07
0,0,0,3.10358e+08,0,3.14313e+07,-2.73608e+06,2.73608e+06,1.34954e+07
0,0,0,3.10358e+08,0,3.1434e+07,-2.73631e+06,2.73631e+06,1.34954e+07
0,0,0,3.10358e+08,0,3.3042e+07,-2.87629e+06,2.87629e+06,1.34954e+07
0,0,0,3.10358e+08,0,3.30448e+07,-2.87653e+06,2.87653e+06,1.34954e+07
0,0,0,3.10358e+08,0,3.30476e+07,-2.87678e+06,2.87678e+06,1.34954e+07
0,0,0,3.10358e+08,0,3.30504e+07,-2.87702e+06,2.87702e+06,1.34954e+07
0,0,0,3.10358e+08,0,3.30532e+07,-2.87727e+06,2.87727e+06,1.34954e+07
0,0,0,3.10358e+08,0,3.34342e+07,-2.91043e+06,2.91043e+06,1.34954e+07
0,0,0,3.10358e+08,0,3.3437e+07,-2.91068e+06,2.91068e+06,1.34954e+07
0,0,0,3.10358e+08,0,3.34398e+07,-2.91092e+06,2.91092e+06,1.34954e+07
0,0,0,3.10358e+08,0,3.34427e+07,-2.91117e+06,2.91117e+06,1.34954e+07
0,0,0,3.10358e+08,0,3.42466e+07,-2.98115e+06,2.98115e+06,1.34954e+07
0,0,0,3.10358e+08,0,3.42495e+07,-2.9814e+06,2.9814e+06,1.34954e+07
0,0,0,3.10358e+08,0,3.42524e+07,-2.98165e+06,2.98165e+06,1.34954e+07
0,0,0,3.10358e+08,0,3.42553e+07,-2.98191e+06,2.98191e+06,1.34954e+07
0,0,0,3.10358e+08,0,3.54244e+07,-4.70465e+06,4.70465e+06,1.34954e+07
0,0,0,3.10358e+08,0,3.54257e+07,-4.70669e+06,4.70669e+06,1.34954e+07
0,0,0,3.10358e+08,0,3.54271e+07,-4.70873e+06,4.70873e+06,1.34954e+07
0,0,0,3.10358e+08,0,3.54285e+07,-4.71076e+06,4.71076e+06,1.34954e+07
0,0,0,3.10358e+08,0,3.54299e+07,-4.7128e+06,4.7128e+06,1.34954e+07
0,0,0,3.10358e+08,0,3.49386e+07,-3.58476e+06,3.58476e+06,1.34954e+07
0,0,0,3.10358e+08,0,3.494e+07,-3.5867e+06,3.5867e+06,1.34954e+07
0,0,0,3.10358e+08,0,3.49413e+07,-3.58864e+06,3.58864e+06,1.34954e+07
0,0,0,3.10358e+08,0,3.49426e+07,-3.59058e+06,3.59058e+06,1.34954e+07
0,0,0,3.10358e+08,0,3.41354e+07,-2.97147e+06,2.97147e+06,1.34954e+07
0,0,0,3.10358e+08,0,3.41383e+07,-2.97172e+06,2.97172e+06,1.34954e+07
0,0,0,3.10358e+08,0,3.41412e+07,-2.97197e+06,2.97197e+06,1.34954e+07
0,0,0,3.10358e+08,0,3.41441e+07,-2.97222e+06,2.97222e+06,1.34954e+07
0,0,0,3.10358e+08,0,3.11005e+07,-2.70729e+06,2.70729e+06,1.34954e+07
0,0,0,3.10358e+08,0,3.11032e+07,-2.70752e+06,2.70752e+06,1.34954e+07
0,0,0,3.10358e+08,0,3.11058e+07,-2.70774e+06,2.70774e+06,1.34954e+07
0,0,0,3.10358e+08,0,3.11084e+07,-2.70797e+06,2.70797e+06,1.34954e+07
0,0,0,3.10358e+08,0,3.11111e+07,-2.7082e+06,2.7082e+06,1.34954e+07
0,0,0,3.10358e+08,0,3.21053e+07,-2.79476e+06,2.79476e+06,1.34954e+07
0,0,0,3.10358e+08,0,3.21078e+07,-2.79497e+06,2.79497e+06,1.34954e+07
0,0,0,3.10358e+08,0,3.21102e+07,-2.79518e+06,2.79518e+06,1.34954e+07
0,0,0,3.10358e+08,0,3.21126e+07,-2.79539e+06,2.79539e+06,1.34954e+07
0,0,0,3.10358e+08,0,3.52683e+07,-3.42983e+06,3.42983e+06,1.34954e+07
0,0,0,3.10358e+08,0,3.52695e+07,-3.43154e+06,3.43154e+06,1.34954e+07
0,0,0,3.10358e+08,0,3.52707e+07,-3.43325e+06,3.43325e+06,1.34954e+07
0,0,0,3.10358e+08,0,3.52719e+07,-3.43496e+06,3.43496e+06,1.34954e+07
0,0,0,3.10358e+08,0,3.08129e+07,-2.68225e+06,2.68225e+06,1.34954e+07
0,0,0,3.10358e+08,0,3.08152e+07,-2.68245e+06,2.68245e+06,1.34954e+07
0,0,0,3.10358e+08,0,3.08176e+07,-2.68265e+06,2.68265e+06,1.34954e+07
0,0,0,3.10358e+08,0,3.08199e+07,-2.68286e+06,2.68286e+06,1.34954e+07
0,0,0,3.10358e+08,0,3.08222e+07,-2.68306e+06,2.68306e+06,1.34954e+07
0,0,0,3.10358e+08,0,3.20128e+07,-2.7867e+06,2.7867e+06,1.34954e+07
0,0,0,3.10358e+08,0,3.20153e+07,-2.78691e+06,2.78691e+06,1.34954e+07
0,0,0,3.10358e+08,0,3.20177e+07,-2.78712e+06,2.78712e+06,1.34954e+07
0,0,0,3.10358e+08,0,3.20201e+07,-2.78733e+06,2.78733e+06,1.34954e+07
0,0,0,3.10358e+08,0,3.15595e+07,-2.74724e+06,2.74724e+06,1.34954e+07
0,0,0,3.10358e+08,0,3.15619e+07,-2.74745e+06,2.74745e+06,1.34954e+07
0,0,0,3.10358e+08,0,3.15642e+07,-2.74765e+06,2.74765e+06,1.34954e+07
0,0,0,3.10358e+08,0,3.15666e+07,-2.74786e+06,2.74786e+06,1.34954e+07
0,0,0,3.10358e+08,0,3.31811e+07,-2.8884e+06,2.8884e+06,1.34954e+07
0,0,0,3.10358e+08,0,3.31836e+07,-2.88862e+06,2.88862e+06,1.34954e+07
0,0,0,3.10358e+08,0,3.31861e+07,-2.88883e+06,2.88883e+06,1.34954e+07
0,0,0,3.10358e+08,0,3.31886e+07,-2.88905e+06,2.88905e+06,1.34954e+07
0,0,0,3.10358e+08,0,3.31911e+07,-2.88927e+06,2.88927e+06,1.34954e+07
0,0,0,3.10358e+08,0,3.35733e+07,-2.92254e+06,2.92254e+06,1.34954e+07
0,0,0,3.10358e+08,0,3.35758e+07,-2.92276e+06,2.92276e+06,1.34954e+07
0,0,0,3.10358e+08,0,3.35784e+07,-2.92298e+06,2.92298e+06,1.34954e+07
0,0,0,3.10358e+08,0,3.35809e+07,-2.9232e+06,2.9232e+06,1.34954e+07
0,0,0,3.10358e+08,0,3.43878e+07,-2.99344e+06,2.99344e+06,1.34954e+07
0,0,0,3.10358e+08,0,3.43903e+07,-2.99366e+06,2.99366e+06,1.34954e+07
0,0,0,3.10358e+08,0,3.43929e+07,-2.99389e+06,2.99389e+06,1.34954e+07
0,0,0,3.10358e+08,0,3.43955e+07,-2.99412e+06,2.99412e+06,1.34954e+07
0,0,0,3.10358e+08,0,3.54903e+07,-4.80265e+06,4.80265e+06,1.34954e+07
0,0,0,3.10358e+08,0,3.54915e+07,-4.80446e+06,4.80446e+06,1.34954e+07
0,0,0,3.10358e+08,0,3.54927e+07,-4.80628e+06,4.80628e+06,1.34954e+07
0,0,0,3.10358e+08,0,3.5494e+07,-4.80809e+06,4.80809e+06,1.34954e+07
0,0,0,3.10358e+08,0,3.54952e+07,-4.8099e+06,4.8099e+06,1.34954e+07
0,0,0,3.10358e+08,0,3.50018e+07,-3.67708e+06,3.67708e+06,1.34954e+07
0,0,0,3.10358e+08,0,3.5003e+07,-3.67881e+06,3.67881e+06,1.34954e+07
0,0,0,3.10358e+08,0,3.50042e+07,-3.68053e+06,3.68053e+06,1.34954e+07
0,0,0,3.10358e+08,0,3.50054e+07,-3.68226e+06,3.68226e+06,1.34954e+07
0,0,0,3.10358e+08,0,3.42718e+07,-2.98335e+06,2.98335e+06,1.34954e+07
0,0,0,3.10358e+08,0,3.42744e+07,-2.98357e+06,2.98357e+06,1.34954e+07
0,0,0,3.10358e+08,0,3.4277e+07,-2.9838e+06,2.9838e+06,1.34954e+07
0,0,0,3.10358e+08,0,3.42796e+07,-2.98402e+06,2.98402e+06,1.34954e+07
0,0,0,3.10358e+08,0,3.12237e+07,-2.718e+06,2.718e+06,1.34954e+07
0,0,0,3.10358e+08,0,3.1226e+07,-2.71821e+06,2.71821e+06,1.34954e+07
0,0,0,3.10358e+08,0,3.12283e+07,-2.71841e+06,2.71841e+06,1.34954e+07
0,0,0,3.10358e+08,0,3.12307e+07,-2.71862e+06,2.71862e+06,1.34954e+07
0,0,0,3.10358e+08,0,3.1233e+07,-2.71882e+06,2.71882e+06,1.34954e+07
0,0,0,3.10358e+08,0,3.1233e+07,-2.71882e+06,2.71882e+06,1.34954e+07
0,0,0,3.10358e+08,0,3.22309e+07,-2.80569e+06,2.80569e+06,1.34954e+07
0,0,0,3.10358e+08,0,3.2233e+07,-2.80587e+06,2.80587e+06,1.34954e+07
0,0,0,3.10358e+08,0,3.22352e+07,-2.80606e+06,2.80606e+06,1.34954e+07
0,0,0,3.10358e+08,0,3.22373e+07,-2.80624e+06,2.80624e+06,1.34954e+07
0,0,0,3.10358e+08,0,3.53302e+07,-3.51782e+06,3.51782e+06,1.34954e+07
0,0,0,3.10358e+08,0,3.53313e+07,-3.51932e+06,3.51932e+06,1.34954e+07
0,0,0,3.10358e+08,0,3.53323e+07,-3.52082e+06,3.52082e+06,1.34954e+07
0,0,0,3.10358e+08,0,3.53334e+07,-3.52232e+06,3.52232e+06,1.34954e+07
0,0,0,3.10358e+08,0,3.09311e+07,-2.69254e+06,2.69254e+06,1.34954e+07
0,0,0,3.10358e+08,0,3.09331e+07,-2.69271e+06,2.69271e+06,1.34954e+07
0,0,0,3.10358e+08,0,3.09352e+07,-2.69289e+06,2.69289e+06,1.34954e+07
0,0,0,3.10358e+08,0,3.09372e+07,-2.69307e+06,2.69307e+06,1.34954e+07
0,0,0,3.10358e+08,0,3.09392e+07,-2.69325e+06,2.69325e+06,1.34954e+07
0,0,0,3.10358e+08,0,3.21341e+07,-2.79726e+06,2.79726e+06,1.34954e+07
0,0,0,3.10358e+08,0,3.21362e+07,-2.79744e+06,2.79744e+06,1.34954e+07
0,0,0,3.10358e+08,0,3.21383e+07,-2.79763e+06,2.79763e+06,1.34954e+07
0,0,0,3.10358e+08,0,3.21404e+07,-2.79781e+06,2.79781e+06,1.34954e+07
0,0,0,3.10358e+08,0,3.16778e+07,-2.75754e+06,2.75754e+06,1.34954e+07
0,0,0,3.10358e+08,0,3.16799e+07,-2.75772e+06,2.75772e+06,1.34954e+07
0,0,0,3.10358e+08,0,3.1682e+07,-2.7579e+06,2.7579e+06,1.34954e+07
0,0,0,3.10358e+08,0,3.16841e+07,-2.75808e+06,2.75808e+06,1.34954e+07
0,0,0,3.10358e+08,0,3.33042e+07,-2.89912e+06,2.89912e+06,1.34954e+07
0,0,0,3.10358e+08,0,3.33064e+07,-2.89931e+06,2.89931e+06,1.34954e+07
0,0,0,3.10358e+08,0,3.33086e+07,-2.8995e+06,2.8995e+06,1.34954e+07
0,0,0,3.10358e+08,0,3.33108e+07,-2.89969e+06,2.89969e+06,1.34954e+07
0,0,0,3.10358e+08,0,3.3313e+07,-2.89988e+06,2.89988e+06,1.34954e+07
0,0,0,3.10358e+08,0,3.36963e+07,-2.93325e+06,2.93325e+06,1.34954e+07
0,0,0,3.10358e+08,0,3.36985e+07,-2.93344e+06,2.93344e+06,1.34954e+07
0,0,0,3.10358e+08,0,3.37007e+07,-2.93363e+06,2.93363e+06,1.34954e+07
0,0,0,3.10358e+08,0,3.37029e+07,-2.93383e+06,2.93383e+06,1.34954e+07
0,0,0,3.10358e+08,0,3.45124e+07,-3.00429e+06,3.00429e+06,1.34954e+07
0,0,0,3.10358e+08,0,3.45147e+07,-3.00449e+06,3.00449e+06,1.34954e+07
0,0,0,3.10358e+08,0,3.4517e+07,-3.00469e+06,3.00469e+06,1.34954e+07
0,0,0,3.10358e+08,0,3.45192e+07,-3.00488e+06,3.00488e+06,1.34954e+07
0,0,0,3.10358e+08,0,3.55484e+07,-4.88906e+06,4.88906e+06,1.34954e+07
0,0,0,3.10358e+08,0,3.55495e+07,-4.89065e+06,4.89065e+06,1.34954e+07
0,0,0,3.10358e+08,0,3.55506e+07,-4.89224e+06,4.89224e+06,1.34954e+07
0,0,0,3.10358e+08,0,3.55516e+07,-4.89383e+06,4.89383e+06,1.34954e+07
0,0,0,3.10358e+08,0,3.55527e+07,-4.89542e+06,4.89542e+06,1.34954e+07
0,0,0,3.10358e+08,0,3.50574e+07,-3.75836e+06,3.75836e+06,1.34954e+07
0,0,0,3.10358e+08,0,3.50585e+07,-3.75987e+06,3.75987e+06,1.34954e+07
0,0,0,3.10358e+08,0,3.50595e+07,-3.76139e+06,3.76139e+06,1.34954e+07
0,0,0,3.10358e+08,0,3.50605e+07,-3.7629e+06,3.7629e+06,1.34954e+07
0,0,0,3.10358e+08,0,3.43918e+07,-2.99379e+06,2.99379e+06,1.34954e+07
0,0,0,3.10358e+08,0,3.43941e+07,-2.99399e+06,2.99399e+06,1.34954e+07
0,0,0,3.10358e+08,0,3.43964e+07,-2.99419e+06,2.99419e+06,1.34954e+07
0,0,0,3.10358e+08,0,3.43986e+07,-2.99438e+06,2.99438e+06,1.34954e+07
0,0,0,3.10358e+08,0,3.13318e+07,-2.72742e+06,2.72742e+06,1.34954e+07
0,0,0,3.10358e+08,0,3.13338e+07,-2.7276e+06,2.7276e+06,1.34954e+07
0,0,0,3.10358e+08,0,3.13359e+07,-2.72778e+06,2.72778e+06,1.34954e+07
0,0,0,3.10358e+08,0,3.1338e+07,-2.72796e+06,2.72796e+06,1.34954e+07
0,0,0,3.10358e+08,0,3.134e+07,-2.72814e+06,2.72814e+06,1.34954e+07
0,0,0,3.19108e+08,0,3.2341e+07,-2.81527e+06,2.81527e+06,1.34954e+07
0,0,0,3.19108e+08,0,3.23428e+07,-2.81543e+06,2.81543e+06,1.34954e+07
0,0,0,3.19108e+08,0,3.23447e+07,-2.81559e+06,2.81559e+06,1.34954e+07
0,0,0,3.19108e+08,0,3.23465e+07,-2.81575e+06,2.81575e+06,1.34954e+07
0,0,0,3.19108e+08,0,3.53844e+07,-3.59486e+06,3.59486e+06,1.34954e+07
0,0,0,3.19108e+08,0,3.53853e+07,-3.59615e+06,3.59615e+06,1.34954e+07
0,0,0,3.19108e+08,0,3.53862e+07,-3.59744e+06,3.59744e+06,1.34954e+07
0,0,0,3.19108e+08,0,3.53871e+07,-3.59873e+06,3.59873e+06,1.34954e+07
0,0,0,3.19108e+08,0,3.10344e+07,-2.70153e+06,2.70153e+06,1.34954e+07
0,0,0,3.19108e+08,0,3.10362e+07,-2.70169e+06,2.70169e+06,1.34954e+07
0,0,0,3.19108e+08,0,3.10379e+07,-2.70184e+06,2.70184e+06,1.34954e+07
0,0,0,3.19108e+08,0,3.10397e+07,-2.70199e+06,2.70199e+06,1.34954e+07
0,0,0,3.19108e+08,0,3.10414e+07,-2.70214e+06,2.70214e+06,1.34954e+07
0,0,0,3.19108e+08,0,3.22399e+07,-2.80647e+06,2.80647e+06,1.34954e+07
0,0,0,3.19108e+08,0,3.22418e+07,-2.80663e+06,2.80663e+06,1.34954e+07
0,0,0,3.19108e+08,0,3.22436e+07,-2.80679e+06,2.80679e+06,1.34954e+07
0,0,0,3.19108e+08,0,3.22454e+07,-2.80695e+06,2.80695e+06,1.34954e+07
0,0,0,3.19108e+08,0,3.1781e+07,-2.76652e+06,2.76652e+06,1.34954e+07
0,0,0,3.19108e+08,0,3.17828e+07,-2.76668e+06,2.76668e+06,1.34954e+07
0,0,0,3.19108e+08,0,3.17846e+07,-2.76683e+06,2.76683e+06,1.34954e+07
0,0,0,3.19108e+08,0,3.17864e+07,-2.76699e+06,2.76699e+06,1.34954e+07
0,0,0,3.19108e+08,0,3.34114e+07,-2.90845e+06,2.90845e+06,1.34954e+07
0,0,0,3.19108e+08,0,3.34133e+07,-2.90862e+06,2.90862e+06,1.34954e+07
0,0,0,3.19108e+08,0,3.34152e+07,-2.90878e+06,2.90878e+06,1.34954e+07
0,0,0,3.19108e+08,0,3.34171e+07,-2.90894e+06,2.90894e+06,1.34954e+07
0,0,0,3.19108e+08,0,3.3419e+07,-2.90911e+06,2.90911e+06,1.34954e+07
0,0,0,3.19108e+08,0,3.38032e+07,-2.94255e+06,2.94255e+06,1.34954e+07
0,0,0,3.19108e+08,0,3.38051e+07,-2.94272e+06,2.94272e+06,1.34954e+07
0,0,0,3.19108e+08,0,3.3807e+07,-2.94289e+06,2.94289e+06,1.34954e+07
0,0,0,3.19108e+08,0,3.38089e+07,-2.94305e+06,2.94305e+06,1.34954e+07
0,0,0,3.19108e+08,0,3.45741e+07,-3.06022e+06,3.06022e+06,1.34954e+07
0,0,0,3.19108e+08,0,3.4575e+07,-3.06148e+06,3.06148e+06,1.34954e+07
0,0,0,3.19108e+08,0,3.45759e+07,-3.06275e+06,3.06275e+06,1.34954e+07
0,0,0,3.19108e+08,0,3.45767e+07,-3.06401e+06,3.06401e+06,1.34954e+07
0,0,0,3.19108e+08,0,3.55988e+07,-4.96396e+06,4.96396e+06,1.34954e+07
0,0,0,3.19108e+08,0,3.55997e+07,-4.96533e+06,4.96533e+06,1.34954e+07
0,0,0,3.19108e+08,0,3.56006e+07,-4.9667e+06,4.9667e+06,1.34954e+07
0,0,0,3.19108e+08,0,3.56016e+07,-4.96807e+06,4.96807e+06,1.34954e+07
0,0,0,3.19108e+08,0,3.56025e+07,-4.96944e+06,4.96944e+06,1.34954e+07
0,0,0,3.19108e+08,0,3.51056e+07,-3.82868e+06,3.82868e+06,1.34954e+07
0,0,0,3.19108e+08,0,3.51065e+07,-3.82999e+06,3.82999e+06,1.34954e+07
0,0,0,3.19108e+08,0,3.51073e+07,-3.83129e+06,3.83129e+06,1.34954e+07
0,0,0,3.19108e+08,0,3.51082e+07,-3.8326e+06,3.8326e+06,1.34954e+07
0,0,0,3.19108e+08,0,3.44955e+07,-3.00282e+06,3.00282e+06,1.34954e+07
0,0,0,3.19108e+08,0,3.44974e+07,-3.00299e+06,3.00299e+06,1.34954e+07
0,0,0,3.19108e+08,0,3.44994e+07,-3.00316e+06,3.00316e+06,1.34954e+07
0,0,0,3.19108e+08,0,3.45013e+07,-3.00333e+06,3.00333e+06,1.34954e+07
0,0,0,3.19108e+08,0,3.14251e+07,-2.73554e+06,2.73554e+06,1.34954e+07
0,0,0,3.19108e+08,0,3.14268e+07,-2.73569e+06,2.73569e+06,1.34954e+07
0,0,0,3.19108e+08,0,3.14286e+07,-2.73585e+06,2.73585e+06,1.34954e+07
0,0,0,3.19108e+08,0,3.14304e+07,-2.736e+06,2.736e+06,1.34954e+07
0,0,0,3.19108e+08,0,3.14322e+07,-2.73616e+06,2.73616e+06,1.34954e+07
0,0,0,3.19108e+08,0,3.24358e+07,-2.82352e+06,2.82352e+06,1.34954e+07
0,0,0,3.19108e+08,0,3.24373e+07,-2.82365e+06,2.82365e+06,1.34954e+07
0,0,0,3.19108e+08,0,3.24389e+07,-2.82379e+06,2.82379e+06,1.34954e+07
0,0,0,3.19108e+08,0,3.24404e+07,-2.82392e+06,2.82392e+06,1.34954e+07
0,0,0,3.19108e+08,0,3.5431e+07,-3.66106e+06,3.66106e+06,1.34954e+07
0,0,0,3.19108e+08,0,3.54317e+07,-3.66215e+06,3.66215e+06,1.34954e+07
0,0,0,3.19108e+08,0,3.54325e+07,-3.66323e+06,3.66323e+06,1.34954e+07
0,0,0,3.19108e+08,0,3.54333e+07,-3.66432e+06,3.66432e+06,1.34954e+07
0,0,0,3.19108e+08,0,3.11231e+07,-2.70925e+06,2.70925e+06,1.34954e+07
0,0,0,3.19108e+08,0,3.11245e+07,-2.70938e+06,2.70938e+06,1.34954e+07
0,0,0,3.19108e+08,0,3.1126e+07,-2.70951e+06,2.70951e+06,1.34954e+07
0,0,0,3.19108e+08,0,3.11275e+07,-2.70963e+06,2.70963e+06,1.34954e+07
0,0,0,3.19108e+08,0,3.1129e+07,-2.70976e+06,2.70976e+06,1.34954e+07
0,0,0,3.19108e+08,0,3.23305e+07,-2.81436e+06,2.81436e+06,1.34954e+07
0,0,0,3.19108e+08,0,3.23321e+07,-2.81449e+06,2.81449e+06,1.34954e+07
0,0,0,3.19108e+08,0,3.23336e+07,-2.81462e+06,2.81462e+06,1.34954e+07
0,0,0,3.19108e+08,0,3.23351e+07,-2.81476e+06,2.81476e+06,1.34954e+07
0,0,0,3.19108e+08,0,3.18691e+07,-2.77419e+06,2.77419e+06,1.34954e+07
0,0,0,3.19108e+08,0,3.18706e+07,-2.77432e+06,2.77432e+06,1.34954e+07
0,0,0,3.19108e+08,0,3.18721e+07,-2.77445e+06,2.77445e+06,1.34954e+07
0,0,0,3.19108e+08,0,3.18736e+07,-2.77458e+06,2.77458e+06,1.34954e+07
0,0,0,3.19108e+08,0,3.35029e+07,-2.91641e+06,2.91641e+06,1.34954e+07
0,0,0,3.19108e+08,0,3.35044e+07,-2.91655e+06,2.91655e+06,1.34954e+07
0,0,0,3.19108e+08,0,3.3506e+07,-2.91668e+06,2.91668e+06,1.34954e+07
0,0,0,3.19108e+08,0,3.35076e+07,-2.91682e+06,2.91682e+06,1.34954e+07
0,0,0,3.19108e+08,0,3.35092e+07,-2.91696e+06,2.91696e+06,1.34954e+07
0,0,0,3.19108e+08,0,3.38941e+07,-2.95047e+06,2.95047e+06,1.34954e+07
0,0,0,3.19108e+08,0,3.38957e+07,-2.95061e+06,2.95061e+06,1.34954e+07
0,0,0,3.19108e+08,0,3.38973e+07,-2.95075e+06,2.95075e+06,1.34954e+07
0,0,0,3.19108e+08,0,3.38989e+07,-2.95089e+06,2.95089e+06,1.34954e+07
0,0,0,3.19108e+08,0,3.46147e+07,-3.1195e+06,3.1195e+06,1.34954e+07
0,0,0,3.19108e+08,0,3.46154e+07,-3.12056e+06,3.12056e+06,1.34954e+07
0,0,0,3.19108e+08,0,3.46161e+07,-3.12162e+06,3.12162e+06,1.34954e+07
0,0,0,3.19108e+08,0,3.46169e+07,-3.12267e+06,3.12267e+06,1.34954e+07
0,0,0,3.19108e+08,0,3.56415e+07,-5.02739e+06,5.02739e+06,1.34954e+07
0,0,0,3.19108e+08,0,3.56422e+07,-5.02854e+06,5.02854e+06,1.34954e+07
0,0,0,3.19108e+08,0,3.5643e+07,-5.02969e+06,5.02969e+06,1.34954e+07
0,0,0,3.19108e+08,0,3.56438e+07,-5.03084e+06,5.03084e+06,1.34954e+07
0,0,0,3.19108e+08,0,3.56446e+07,-5.03199e+06,5.03199e+06,1.34954e+07
0,0,0,3.19108e+08,0,3.51462e+07,-3.88807e+06,3.88807e+06,1.34954e+07
0,0,0,3.19108e+08,0,3.5147e+07,-3.88917e+06,3.88917e+06,1.34954e+07
0,0,0,3.19108e+08,0,3.51477e+07,-3.89026e+06,3.89026e+06,1.34954e+07
0,0,0,3.19108e+08,0,3.51485e+07,-3.89135e+06,3.89135e+06,1.34954e+07
0,0,0,3.19108e+08,0,3.45829e+07,-3.01042e+06,3.01042e+06,1.34954e+07
0,0,0,3.19108e+08,0,3.45845e+07,-3.01056e+06,3.01056e+06,1.34954e+07
0,0,0,3.19108e+08,0,3.45861e+07,-3.01071e+06,3.01071e+06,1.34954e+07
0,0,0,3.19108e+08,0,3.45878e+07,-3.01085e+06,3.01085e+06,1.34954e+07
0,0,0,3.19108e+08,0,3.15035e+07,-2.74236e+06,2.74236e+06,1.34954e+07
0,0,0,3.19108e+08,0,3.1505e+07,-2.74249e+06,2.74249e+06,1.34954e+07
0,0,0,3.19108e+08,0,3.15065e+07,-2.74262e+06,2.74262e+06,1.34954e+07
0,0,0,3.19108e+08,0,3.15079e+07,-2.74275e+06,2.74275e+06,1.34954e+07
0,0,0,3.19108e+08,0,3.15094e+07,-2.74288e+06,2.74288e+06,1.34954e+07
0,0,0,3.19108e+08,0,3.25152e+07,-2.83044e+06,2.83044e+06,1.34954e+07
0,0,0,3.19108e+08,0,3.25165e+07,-2.83054e+06,2.83054e+06,1.34954e+07
0,0,0,3.19108e+08,0,3.25177e+07,-2.83065e+06,2.83065e+06,1.34954e+07
0,0,0,3.19108e+08,0,3.25189e+07,-2.83076e+06,2.83076e+06,1.34954e+07
0,0,0,3.19108e+08,0,3.54699e+07,-3.71641e+06,3.71641e+06,1.34954e+07
0,0,0,3.19108e+08,0,3.54705e+07,-3.71728e+06,3.71728e+06,1.34954e+07
0,0,0,3.19108e+08,0,3.54711e+07,-3.71815e+06,3.71815e+06,1.34954e+07
0,0,0,3.19108e+08,0,3.54718e+07,-3.71902e+06,3.71902e+06,1.34954e+07
0,0,0,3.19108e+08,0,3.1197e+07,-2.71568e+06,2.71568e+06,1.34954e+07
0,0,0,3.19108e+08,0,3.11981e+07,-2.71578e+06,2.71578e+06,1.34954e+07
0,0,0,3.19108e+08,0,3.11993e+07,-2.71589e+06,2.71589e+06,1.34954e+07
0,0,0,3.19108e+08,0,3.12005e+07,-2.71599e+06,2.71599e+06,1.34954e+07
0,0,0,3.19108e+08,0,3.12017e+07,-2.71609e+06,2.71609e+06,1.34954e+07
0,0,0,3.19108e+08,0,3.24058e+07,-2.82091e+06,2.82091e+06,1.34954e+07
0,0,0,3.19108e+08,0,3.2407e+07,-2.82102e+06,2.82102e+06,1.34954e+07
0,0,0,3.19108e+08,0,3.24082e+07,-2.82112e+06,2.82112e+06,1.34954e+07
0,0,0,3.19108e+08,0,3.24095e+07,-2.82123e+06,2.82123e+06,1.34954e+07
0,0,0,3.19108e+08,0,3.19421e+07,-2.78054e+06,2.78054e+06,1.34954e+07
0,0,0,3.19108e+08,0,3.19433e+07,-2.78065e+06,2.78065e+06,1.34954e+07
0,0,0,3.19108e+08,0,3.19445e+07,-2.78076e+06,2.78076e+06,1.34954e+07
0,0,0,3.19108e+08,0,3.19457e+07,-2.78086e+06,2.78086e+06,1.34954e+07
0,0,0,3.19108e+08,0,3.35783e+07,-2.92298e+06,2.92298e+06,1.34954e+07
0,0,0,3.19108e+08,0,3.35796e+07,-2.92309e+06,2.92309e+06,1.34954e+07
0,0,0,3.19108e+08,0,3.35809e+07,-2.9232e+06,2.9232e+06,1.34954e+07
0,0,0,3.19108e+08,0,3.35822e+07,-2.92331e+06,2.92331e+06,1.34954e+07
0,0,0,3.19108e+08,0,3.35834e+07,-2.92342e+06,2.92342e+06,1.34954e+07
0,0,0,3.19108e+08,0,3.39689e+07,-2.95698e+06,2.95698e+06,1.34954e+07
0,0,0,3.19108e+08,0,3.39702e+07,-2.95709e+06,2.95709e+06,1.34954e+07
0,0,0,3.19108e+08,0,3.39715e+07,-2.9572e+06,2.9572e+06,1.34954e+07
0,0,0,3.19108e+08,0,3.39728e+07,-2.95731e+06,2.95731e+06,1.34954e+07
0,0,0,3.19108e+08,0,3.46479e+07,-3.1681e+06,3.1681e+06,1.34954e+07
0,0,0,3.19108e+08,0,3.46485e+07,-3.16895e+06,3.16895e+06,1.34954e+07
0,0,0,3.19108e+08,0,3.46491e+07,-3.1698e+06,3.1698e+06,1.34954e+07
0,0,0,3.19108e+08,0,3.46497e+07,-3.17065e+06,3.17065e+06,1.34954e+07
0,0,0,3.19108e+08,0,3.56763e+07,-5.07922e+06,5.07922e+06,1.34954e+07
0,0,0,3.19108e+08,0,3.5677e+07,-5.08014e+06,5.08014e+06,1.34954e+07
0,0,0,3.19108e+08,0,3.56776e+07,-5.08107e+06,5.08107e+06,1.34954e+07
0,0,0,3.19108e+08,0,3.56782e+07,-5.08199e+06,5.08199e+06,1.34954e+07
0,0,0,3.19108e+08,0,3.56788e+07,-5.08291e+06,5.08291e+06,1.34954e+07
0,0,0,3.19108e+08,0,3.51793e+07,-3.93639e+06,3.93639e+06,1.34954e+07
0,0,0,3.19108e+08,0,3.51799e+07,-3.93727e+06,3.93727e+06,1.34954e+07
0,0,0,3.19108e+08,0,3.51805e+07,-3.93815e+06,3.93815e+06,1.34954e+07
0,0,0,3.19108e+08,0,3.51811e+07,-3.93903e+06,3.93903e+06,1.34954e+07
0,0,0,3.19108e+08,0,3.46537e+07,-3.01659e+06,3.01659e+06,1.34954e+07
0,0,0,3.19108e+08,0,3.4655e+07,-3.0167e+06,3.0167e+06,1.34954e+07
0,0,0,3.19108e+08,0,3.46563e+07,-3.01681e+06,3.01681e+06,1.34954e+07
0,0,0,3.19108e+08,0,3.46576e+07,-3.01693e+06,3.01693e+06,1.34954e+07
0,0,0,3.19108e+08,0,3.15668e+07,-2.74788e+06,2.74788e+06,1.34954e+07
0,0,0,3.19108e+08,0,3.1568e+07,-2.74798e+06,2.74798e+06,1.34954e+07
0,0,0,3.19108e+08,0,3.15692e+07,-2.74808e+06,2.74808e+06,1.34954e+07
0,0,0,3.19108e+08,0,3.15704e+07,-2.74819e+06,2.74819e+06,1.34954e+07
0,0,0,3.19108e+08,0,3.15716e+07,-2.74829e+06,2.74829e+06,1.34954e+07
0,0,0,3.19108e+08,0,3.25791e+07,-2.83599e+06,2.83599e+06,1.34954e+07
0,0,0,3.19108e+08,0,3.258e+07,-2.83608e+06,2.83608e+06,1.34954e+07
0,0,0,3.19108e+08,0,3.25809e+07,-2.83616e+06,2.83616e+06,1.34954e+07
0,0,0,3.19108e+08,0,3.25819e+07,-2.83624e+06,2.83624e+06,1.34954e+07
0,0,0,3.19108e+08,0,3.55011e+07,-3.76071e+06,3.76071e+06,1.34954e+07
0,0,0,3.19108e+08,0,3.55016e+07,-3.76137e+06,3.76137e+06,1.34954e+07
0,0,0,3.19108e+08,0,3.5502e+07,-3.76203e+06,3.76203e+06,1.34954e+07
0,0,0,3.19108e+08,0,3.55025e+07,-3.76269e+06,3.76269e+06,1.34954e+07
0,0,0,3.19108e+08,0,3.12559e+07,-2.72081e+06,2.72081e+06,1.34954e+07
0,0,0,3.19108e+08,0,3.12568e+07,-2.72089e+06,2.72089e+06,1.34954e+07
0,0,0,3.19108e+08,0,3.12577e+07,-2.72097e+06,2.72097e+06,1.34954e+07
0,0,0,3.19108e+08,0,3.12586e+07,-2.72105e+06,2.72105e+06,1.34954e+07
0,0,0,3.19108e+08,0,3.12595e+07,-2.72112e+06,2.72112e+06,1.34954e+07
0,0,0,3.19108e+08,0,3.24655e+07,-2.82611e+06,2.82611e+06,1.34954e+07
0,0,0,3.19108e+08,0,3.24664e+07,-2.82619e+06,2.82619e+06,1.34954e+07
0,0,0,3.19108e+08,0,3.24674e+07,-2.82627e+06,2.82627e+06,1.34954e+07
0,0,0,3.19108e+08,0,3.24683e+07,-2.82635e+06,2.82635e+06,1.34954e+07
0,0,0,3.19108e+08,0,3.19998e+07,-2.78556e+06,2.78556e+06,1.34954e+07
0,0,0,3.19108e+08,0,3.20007e+07,-2.78564e+06,2.78564e+06,1.34954e+07
0,0,0,3.19108e+08,0,3.20016e+07,-2.78572e+06,2.78572e+06,1.34954e+07
0,0,0,3.19108e+08,0,3.20025e+07,-2.7858e+06,2.7858e+06,1.34954e+07
0,0,0,3.19108e+08,0,3.36377e+07,-2.92815e+06,2.92815e+06,1.34954e+07
0,0,0,3.19108e+08,0,3.36387e+07,-2.92823e+06,2.92823e+06,1.34954e+07
0,0,0,3.19108e+08,0,3.36396e+07,-2.92831e+06,2.92831e+06,1.34954e+07
0,0,0,3.19108e+08,0,3.36406e+07,-2.9284e+06,2.9284e+06,1.34954e+07
0,0,0,3.19108e+08,0,3.36415e+07,-2.92848e+06,2.92848e+06,1.34954e+07
0,0,0,3.19108e+08,0,3.40274e+07,-2.96207e+06,2.96207e+06,1.34954e+07
0,0,0,3.19108e+08,0,3.40284e+07,-2.96215e+06,2.96215e+06,1.34954e+07
0,0,0,3.19108e+08,0,3.40293e+07,-2.96224e+06,2.96224e+06,1.34954e+07
0,0,0,3.19108e+08,0,3.40303e+07,-2.96232e+06,2.96232e+06,1.34954e+07
0,0,0,3.19108e+08,0,3.46738e+07,-3.20591e+06,3.20591e+06,1.34954e+07
0,0,0,3.19108e+08,0,3.46742e+07,-3.20655e+06,3.20655e+06,1.34954e+07
0,0,0,3.19108e+08,0,3.46747e+07,-3.2072e+06,3.2072e+06,1.34954e+07
0,0,0,3.19108e+08,0,3.46751e+07,-3.20784e+06,3.20784e+06,1.34954e+07
0,0,0,3.19108e+08,0,3.57033e+07,-5.11934e+06,5.11934e+06,1.34954e+07
0,0,0,3.19108e+08,0,3.57038e+07,-5.12004e+06,5.12004e+06,1.34954e+07
0,0,0,3.19108e+08,0,3.57043e+07,-5.12074e+06,5.12074e+06,1.34954e+07
0,0,0,3.19108e+08,0,3.57047e+07,-5.12144e+06,5.12144e+06,1.34954e+07
0,0,0,3.19108e+08,0,3.57052e+07,-5.12214e+06,5.12214e+06,1.34954e+07
0,0,0,3.19108e+08,0,3.52047e+07,-3.97355e+06,3.97355e+06,1.34954e+07
0,0,0,3.19108e+08,0,3.52052e+07,-3.97422e+06,3.97422e+06,1.34954e+07
0,0,0,3.19108e+08,0,3.52056e+07,-3.97488e+06,3.97488e+06,1.34954e+07
0,0,0,3.19108e+08,0,3.52061e+07,-3.97555e+06,3.97555e+06,1.34954e+07
0,0,0,3.19108e+08,0,3.47078e+07,-3.0213e+06,3.0213e+06,1.34954e+07
0,0,0,3.19108e+08,0,3.47088e+07,-3.02139e+06,3.02139e+06,1.34954e+07
0,0,0,3.19108e+08,0,3.47098e+07,-3.02147e+06,3.02147e+06,1.34954e+07
0,0,0,3.19108e+08,0,3.47108e+07,-3.02156e+06,3.02156e+06,1.34954e+07
0,0,0,3.19108e+08,0,3.1615e+07,-2.75207e+06,2.75207e+06,1.34954e+07
0,0,0,3.19108e+08,0,3.16159e+07,-2.75215e+06,2.75215e+06,1.34954e+07
0,0,0,3.19108e+08,0,3.16168e+07,-2.75223e+06,2.75223e+06,1.34954e+07
0,0,0,3.19108e+08,0,3.16177e+07,-2.75231e+06,2.75231e+06,1.34954e+07
0,0,0,3.19108e+08,0,3.16186e+07,-2.75238e+06,2.75238e+06,1.34954e+07
0,0,0,3.19108e+08,0,3.26273e+07,-2.84019e+06,2.84019e+06,1.34954e+07
0,0,0,3.19108e+08,0,3.26279e+07,-2.84024e+06,2.84024e+06,1.34954e+07
0,0,0,3.19108e+08,0,3.26285e+07,-2.8403e+06,2.8403e+06,1.34954e+07
0,0,0,3.19108e+08,0,3.26292e+07,-2.84035e+06,2.84035e+06,1.34954e+07
0,0,0,3.19108e+08,0,3.55245e+07,-3.79396e+06,3.79396e+06,1.34954e+07
0,0,0,3.19108e+08,0,3.55248e+07,-3.79441e+06,3.79441e+06,1.34954e+07
0,0,0,3.19108e+08,0,3.55251e+07,-3.79486e+06,3.79486e+06,1.34954e+07
0,0,0,3.19108e+08,0,3.55254e+07,-3.79531e+06,3.79531e+06,1.34954e+07
0,0,0,3.19108e+08,0,3.12998e+07,-2.72464e+06,2.72464e+06,1.34954e+07
0,0,0,3.19108e+08,0,3.13004e+07,-2.72469e+06,2.72469e+06,1.34954e+07
0,0,0,3.19108e+08,0,3.13011e+07,-2.72474e+06,2.72474e+06,1.34954e+07
0,0,0,3.19108e+08,0,3.13017e+07,-2.7248e+06,2.7248e+06,1.34954e+07
0,0,0,3.19108e+08,0,3.13023e+07,-2.72485e+06,2.72485e+06,1.34954e+07
0,0,0,3.19108e+08,0,3.25096e+07,-2.82995e+06,2.82995e+06,1.34954e+07
0,0,0,3.19108e+08,0,3.25103e+07,-2.83e+06,2.83e+06,1.34954e+07
0,0,0,3.19108e+08,0,3.25109e+07,-2.83006e+06,2.83006e+06,1.34954e+07
0,0,0,3.19108e+08,0,3.25115e+07,-2.83011e+06,2.83011e+06,1.34954e+07
0,0,0,3.19108e+08,0,3.20421e+07,-2.78925e+06,2.78925e+06,1.34954e+07
0,0,0,3.19108e+08,0,3.20427e+07,-2.7893e+06,2.7893e+06,1.34954e+07
0,0,0,3.19108e+08,0,3.20433e+07,-2.78936e+06,2.78936e+06,1.34954e+07
0,0,0,3.19108e+08,0,3.2044e+07,-2.78941e+06,2.78941e+06,1.34954e+07
0,0,0,3.19108e+08,0,3.3681e+07,-2.93191e+06,2.93191e+06,1.34954e+07
0,0,0,3.19108e+08,0,3.36816e+07,-2.93197e+06,2.93197e+06,1.34954e+07
0,0,0,3.19108e+08,0,3.36823e+07,-2.93203e+06,2.93203e+06,1.34954e+07
0,0,0,3.19108e+08,0,3.36829e+07,-2.93208e+06,2.93208e+06,1.34954e+07
0,0,0,3.19108e+08,0,3.36836e+07,-2.93214e+06,2.93214e+06,1.34954e+07
0,0,0,3.19108e+08,0,3.40696e+07,-2.96574e+06,2.96574e+06,1.34954e+07
0,0,0,3.19108e+08,0,3.40702e+07,-2.9658e+06,2.9658e+06,1.34954e+07
0,0,0,3.19108e+08,0,3.40709e+07,-2.96586e+06,2.96586e+06,1.34954e+07
0,0,0,3.19108e+08,0,3.40716e+07,-2.96591e+06,2.96591e+06,1.34954e+07
0,0,0,3.19108e+08,0,3.46923e+07,-3.23298e+06,3.23298e+06,1.34954e+07
0,0,0,3.19108e+08,0,3.46926e+07,-3.23341e+06,3.23341e+06,1.34954e+07
0,0,0,3.19108e+08,0,3.46929e+07,-3.23385e+06,3.23385e+06,1.34954e+07
0,0,0,3.19108e+08,0,3.46932e+07,-3.23429e+06,3.23429e+06,1.34954e+07
0,0,0,3.19108e+08,0,3.57225e+07,-5.14782e+06,5.14782e+06,1.34954e+07
0,0,0,3.19108e+08,0,3.57228e+07,-5.14829e+06,5.14829e+06,1.34954e+07
0,0,0,3.19108e+08,0,3.57231e+07,-5.14876e+06,5.14876e+06,1.34954e+07
0,0,0,3.19108e+08,0,3.57234e+07,-5.14924e+06,5.14924e+06,1.34954e+07
0,0,0,3.19108e+08,0,3.57237e+07,-5.14971e+06,5.14971e+06,1.34954e+07
0,0,0,3.19108e+08,0,3.52225e+07,-3.99962e+06,3.99962e+06,1.34954e+07
0,0,0,3.19108e+08,0,3.52229e+07,-4.00007e+06,4.00007e+06,1.34954e+07
0,0,0,3.19108e+08,0,3.52232e+07,-4.00052e+06,4.00052e+06,1.34954e+07
0,0,0,3.19108e+08,0,3.52235e+07,-4.00097e+06,4.00097e+06,1.34954e+07
0,0,0,3.19108e+08,0,3.47454e+07,-3.02458e+06,3.02458e+06,1.34954e+07
0,0,0,3.19108e+08,0,3.47461e+07,-3.02463e+06,3.02463e+06,1.34954e+07
0,0,0,3.19108e+08,0,3.47468e+07,-3.02469e+06,3.02469e+06,1.34954e+07
0,0,0,3.19108e+08,0,3.47475e+07,-3.02475e+06,3.02475e+06,1.34954e+07
0,0,0,3.19108e+08,0,3.16481e+07,-2.75495e+06,2.75495e+06,1.34954e+07
0,0,0,3.19108e+08,0,3.16487e+07,-2.755e+06,2.755e+06,1.34954e+07
0,0,0,3.19108e+08,0,3.16493e+07,-2.75506e+06,2.75506e+06,1.34954e+07
0,0,0,3.19108e+08,0,3.16499e+07,-2.75511e+06,2.75511e+06,1.34954e+07
0,0,0,3.19108e+08,0,3.16505e+07,-2.75516e+06,2.75516e+06,1.34954e+07
0,0,0,3.19108e+08,0,3.16505e+07,-2.75516e+06,2.75516e+06,1.34954e+07
0,0,0,3.19108e+08,1.10368e+06,3.26599e+07,-2.84303e+06,2.84303e+06,1.34954e+07
0,0,0,3.19108e+08,0,3.26603e+07,-2.84306e+06,2.84306e+06,1.34954e+07
0,0,0,3.19108e+08,0,3.26606e+07,-2.84309e+06,2.84309e+06,1.34954e+07
0,0,0,3.19108e+08,0,3.2661e+07,-2.84312e+06,2.84312e+06,1.34954e+07
0,0,0,3.19108e+08,0,3.55402e+07,-3.81623e+06,3.81623e+06,1.34954e+07
0,0,0,3.19108e+08,0,3.55403e+07,-3.81647e+06,3.81647e+06,1.34954e+07
0,0,0,3.19108e+08,0,3.55405e+07,-3.81671e+06,3.81671e+06,1.34954e+07
0,0,0,3.19108e+08,0,3.55407e+07,-3.81695e+06,3.81695e+06,1.34954e+07
0,0,0,3.19108e+08,0,3.13289e+07,-2.72717e+06,2.72717e+06,1.34954e+07
0,0,0,3.19108e+08,0,3.13292e+07,-2.7272e+06,2.7272e+06,1.34954e+07
0,0,0,3.19108e+08,0,3.13296e+07,-2.72722e+06,2.72722e+06,1.34954e+07
0,0,0,3.19108e+08,0,3.13299e+07,-2.72725e+06,2.72725e+06,1.34954e+07
0,0,0,3.19108e+08,0,3.13302e+07,-2.72728e+06,2.72728e+06,1.34954e+07
0,0,0,3.19108e+08,0,3.25384e+07,-2.83245e+06,2.83245e+06,1.34954e+07
0,0,0,3.19108e+08,0,3.25387e+07,-2.83248e+06,2.83248e+06,1.34954e+07
0,0,0,3.19108e+08,0,3.2539e+07,-2.83251e+06,2.83251e+06,1.34954e+07
0,0,0,3.19108e+08,0,3.25394e+07,-2.83254e+06,2.83254e+06,1.34954e+07
0,0,0,3.19108e+08,0,3.20692e+07,-2.79161e+06,2.79161e+06,1.34954e+07
0,0,0,3.19108e+08,0,3.20696e+07,-2.79164e+06,2.79164e+06,1.34954e+07
0,0,0,3.19108e+08,0,3.20699e+07,-2.79167e+06,2.79167e+06,1.34954e+07
0,0,0,3.19108e+08,0,3.20702e+07,-2.7917e+06,2.7917e+06,1.34954e+07
0,0,0,3.19108e+08,0,3.37083e+07,-2.93429e+06,2.93429e+06,1.34954e+07
0,0,0,3.19108e+08,0,3.37086e+07,-2.93432e+06,2.93432e+06,1.34954e+07
0,0,0,3.19108e+08,0,3.3709e+07,-2.93435e+06,2.93435e+06,1.34954e+07
0,0,0,3.19108e+08,0,3.37093e+07,-2.93438e+06,2.93438e+06,1.34954e+07
0,0,0,3.19108e+08,0,3.37097e+07,-2.93441e+06,2.93441e+06,1.34954e+07
0,0,0,3.19108e+08,0,3.40957e+07,-2.96801e+06,2.96801e+06,1.34954e+07
0,0,0,3.19108e+08,0,3.4096e+07,-2.96804e+06,2.96804e+06,1.34954e+07
0,0,0,3.19108e+08,0,3.40964e+07,-2.96807e+06,2.96807e+06,1.34954e+07
0,0,0,3.19108e+08,0,3.40967e+07,-2.96811e+06,2.96811e+06,1.34954e+07
0,0,0,3.19108e+08,0,3.47036e+07,-3.24941e+06,3.24941e+06,1.34954e+07
0,0,0,3.19108e+08,0,3.47037e+07,-3.24964e+06,3.24964e+06,1.34954e+07
0,0,0,3.19108e+08,0,3.47039e+07,-3.24988e+06,3.24988e+06,1.34954e+07
0,0,0,3.19108e+08,0,3.4704e+07,-3.25011e+06,3.25011e+06,1.34954e+07
0,0,0,3.19108e+08,0,3.57339e+07,-5.16476e+06,5.16476e+06,1.34954e+07
0,0,0,3.19108e+08,0,3.5734e+07,-5.16502e+06,5.16502e+06,1.34954e+07
0,0,0,3.19108e+08,0,3.57342e+07,-5.16527e+06,5.16527e+06,1.34954e+07
0,0,0,3.19108e+08,0,3.57344e+07,-5.16552e+06,5.16552e+06,1.34954e+07
0,0,0,3.19108e+08,0,3.57346e+07,-5.16578e+06,5.16578e+06,1.34954e+07
0,0,0,3.19108e+08,0,3.52329e+07,-4.01471e+06,4.01471e+06,1.34954e+07
0,0,0,3.19108e+08,0,3.5233e+07,-4.01495e+06,4.01495e+06,1.34954e+07
0,0,0,3.19108e+08,0,3.52332e+07,-4.0152e+06,4.0152e+06,1.34954e+07
0,0,0,3.19108e+08,0,3.52334e+07,-4.01544e+06,4.01544e+06,1.34954e+07
0,0,0,3.19108e+08,0,3.47667e+07,-3.02643e+06,3.02643e+06,1.34954e+07
0,0,0,3.19108e+08,0,3.47671e+07,-3.02646e+06,3.02646e+06,1.34954e+07
0,0,0,3.19108e+08,0,3.47674e+07,-3.02649e+06,3.02649e+06,1.34954e+07
0,0,0,3.19108e+08,0,3.47678e+07,-3.02652e+06,3.02652e+06,1.34954e+07
0,0,0,3.19108e+08,0,3.16663e+07,-2.75654e+06,2.75654e+06,1.34954e+07
0,0,0,3.19108e+08,0,3.16666e+07,-2.75657e+06,2.75657e+06,1.34954e+07
0,0,0,3.19108e+08,0,3.1667e+07,-2.75659e+06,2.75659e+06,1.34954e+07
0,0,0,3.19108e+08,0,3.16673e+07,-2.75662e+06,2.75662e+06,1.34954e+07
0,0,0,3.19108e+08,0,3.16676e+07,-2.75665e+06,2.75665e+06,1.34954e+07
0,0,0,3.19108e+08,1.10368e+06,3.26773e+07,-2.84454e+06,2.84454e+06,1.34954e+07
0,0,0,3.19108e+08,0,3.26773e+07,-2.84455e+06,2.84455e+06,1.34954e+07
0,0,0,3.19108e+08,0,3.26774e+07,-2.84455e+06,2.84455e+06,1.34954e+07
0,0,0,3.19108e+08,0,3.26774e+07,-2.84455e+06,2.84455e+06,1.34954e+07
0,0,0,3.19108e+08,0,3.55482e+07,-3.82767e+06,3.82767e+06,1.34954e+07
0,0,0,3.19108e+08,0,3.55482e+07,-3.8277e+06,3.8277e+06,1.34954e+07
0,0,0,3.19108e+08,0,3.55482e+07,-3.82773e+06,3.82773e+06,1.34954e+07
0,0,0,3.19108e+08,0,3.55483e+07,-3.82776e+06,3.82776e+06,1.34954e+07
0,0,0,3.19108e+08,0,3.13433e+07,-2.72842e+06,2.72842e+06,1.34954e+07
0,0,0,3.19108e+08,0,3.13433e+07,-2.72842e+06,2.72842e+06,1.34954e+07
0,0,0,3.19108e+08,0,3.13434e+07,-2.72843e+06,2.72843e+06,1.34954e+07
0,0,0,3.19108e+08,0,3.13434e+07,-2.72843e+06,2.72843e+06,1.34954e+07
0,0,0,3.19108e+08,0,3.13435e+07,-2.72843e+06,2.72843e+06,1.34954e+07
0,0,0,3.19108e+08,0,3.25518e+07,-2.83362e+06,2.83362e+06,1.34954e+07
0,0,0,3.19108e+08,0,3.25519e+07,-2.83363e+06,2.83363e+06,1.34954e+07
0,0,0,3.19108e+08,0,3.25519e+07,-2.83363e+06,2.83363e+06,1.34954e+07
0,0,0,3.19108e+08,0,3.2552e+07,-2.83363e+06,2.83363e+06,1.34954e+07
0,0,0,3.19108e+08,0,3.20814e+07,-2.79267e+06,2.79267e+06,1.34954e+07
0,0,0,3.19108e+08,0,3.20814e+07,-2.79267e+06,2.79267e+06,1.34954e+07
0,0,0,3.19108e+08,0,3.20814e+07,-2.79268e+06,2.79268e+06,1.34954e+07
0,0,0,3.19108e+08,0,3.20815e+07,-2.79268e+06,2.79268e+06,1.34954e+07
0,0,0,3.19108e+08,0,3.37198e+07,-2.93529e+06,2.93529e+06,1.34954e+07
0,0,0,3.19108e+08,0,3.37199e+07,-2.9353e+06,2.9353e+06,1.34954e+07
0,0,0,3.19108e+08,0,3.37199e+07,-2.9353e+06,2.9353e+06,1.34954e+07
0,0,0,3.19108e+08,0,3.372e+07,-2.93531e+06,2.93531e+06,1.34954e+07
0,0,0,3.19108e+08,0,3.372e+07,-2.93531e+06,2.93531e+06,1.34954e+07
0,0,0,3.19108e+08,0,3.41058e+07,-2.9689e+06,2.9689e+06,1.34954e+07
0,0,0,3.19108e+08,0,3.41059e+07,-2.9689e+06,2.9689e+06,1.34954e+07
0,0,0,3.19108e+08,0,3.41059e+07,-2.9689e+06,2.9689e+06,1.34954e+07
0,0,0,3.19108e+08,0,3.4106e+07,-2.96891e+06,2.96891e+06,1.34954e+07
0,0,0,3.19108e+08,0,3.47076e+07,-3.2553e+06,3.2553e+06,1.34954e+07
0,0,0,3.19108e+08,0,3.47076e+07,-3.25533e+06,3.25533e+06,1.34954e+07
0,0,0,3.19108e+08,0,3.47076e+07,-3.25536e+06,3.25536e+06,1.34954e+07
0,0,0,3.19108e+08,0,3.47076e+07,-3.25539e+06,3.25539e+06,1.34954e+07
0,0,0,3.19108e+08,0,3.57376e+07,-5.17027e+06,5.17027e+06,1.34954e+07
0,0,0,3.19108e+08,0,3.57376e+07,-5.17031e+06,5.17031e+06,1.34954e+07
0,0,0,3.19108e+08,0,3.57376e+07,-5.17034e+06,5.17034e+06,1.34954e+07
0,0,0,3.19108e+08,0,3.57376e+07,-5.17038e+06,5.17038e+06,1.34954e+07
0,0,0,3.19108e+08,0,3.57377e+07,-5.17041e+06,5.17041e+06,1.34954e+07
0,0,0,3.19108e+08,0,3.52358e+07,-4.01892e+06,4.01892e+06,1.34954e+07
0,0,0,3.19108e+08,0,3.52358e+07,-4.01895e+06,4.01895e+06,1.34954e+07
0,0,0,3.19108e+08,0,3.52358e+07,-4.01898e+06,4.01898e+06,1.34954e+07
0,0,0,3.19108e+08,0,3.52358e+07,-4.01902e+06,4.01902e+06,1.34954e+07
0,0,0,3.19108e+08,0,3.47717e+07,-3.02686e+06,3.02686e+06,1.34954e+07
0,0,0,3.19108e+08,0,3.47718e+07,-3.02687e+06,3.02687e+06,1.34954e+07
0,0,0,3.19108e+08,0,3.47718e+07,-3.02687e+06,3.02687e+06,1.34954e+07
0,0,0,3.19108e+08,0,3.47719e+07,-3.02688e+06,3.02688e+06,1.34954e+07
0,0,0,3.19108e+08,0,3.16697e+07,-2.75684e+06,2.75684e+06,1.34954e+07
0,0,0,3.19108e+08,0,3.16698e+07,-2.75684e+06,2.75684e+06,1.34954e+07
0,0,0,3.19108e+08,0,3.16698e+07,-2.75684e+06,2.75684e+06,1.34954e+07
0,0,0,3.19108e+08,0,3.16699e+07,-2.75685e+06,2.75685e+06,1.34954e+07
0,0,0,3.19108e+08,0,3.16699e+07,-2.75685e+06,2.75685e+06,1.34954e+07
0,0,0,3.19108e+08,1.10368e+06,3.26794e+07,-2.84472e+06,2.84472e+06,1.34954e+07
0,0,0,3.19108e+08,0,3.26791e+07,-2.8447e+06,2.8447e+06,1.34954e+07
0,0,0,3.19108e+08,0,3.26789e+07,-2.84468e+06,2.84468e+06,1.34954e+07
0,0,0,3.19108e+08,0,3.26786e+07,-2.84466e+06,2.84466e+06,1.34954e+07
0,0,0,3.19108e+08,0,3.55487e+07,-3.82831e+06,3.82831e+06,1.34954e+07
0,0,0,3.19108e+08,0,3.55485e+07,-3.82814e+06,3.82814e+06,1.34954e+07
0,0,0,3.19108e+08,0,3.55484e+07,-3.82796e+06,3.82796e+06,1.34954e+07
0,0,0,3.19108e+08,0,3.55483e+07,-3.82778e+06,3.82778e+06,1.34954e+07
0,0,0,3.19108e+08,0,3.1343e+07,-2.7284e+06,2.7284e+06,1.34954e+07
0,0,0,3.19108e+08,0,3.13428e+07,-2.72838e+06,2.72838e+06,1.34954e+07
0,0,0,3.19108e+08,0,3.13426e+07,-2.72836e+06,2.72836e+06,1.34954e+07
0,0,0,3.19108e+08,0,3.13423e+07,-2.72833e+06,2.72833e+06,1.34954e+07
0,0,0,3.19108e+08,0,3.13421e+07,-2.72831e+06,2.72831e+06,1.34954e+07
0,0,0,3.19108e+08,0,3.25501e+07,-2.83347e+06,2.83347e+06,1.34954e+07
0,0,0,3.19108e+08,0,3.25499e+07,-2.83345e+06,2.83345e+06,1.34954e+07
0,0,0,3.19108e+08,0,3.25496e+07,-2.83343e+06,2.83343e+06,1.34954e+07
0,0,0,3.19108e+08,0,3.25494e+07,-2.83341e+06,2.83341e+06,1.34954e+07
0,0,0,3.19108e+08,0,3.20785e+07,-2.79242e+06,2.79242e+06,1.34954e+07
0,0,0,3.19108e+08,0,3.20783e+07,-2.7924e+06,2.7924e+06,1.34954e+07
0,0,0,3.19108e+08,0,3.2078e+07,-2.79238e+06,2.79238e+06,1.34954e+07
0,0,0,3.19108e+08,0,3.20778e+07,-2.79236e+06,2.79236e+06,1.34954e+07
0,0,0,3.19108e+08,0,3.37156e+07,-2.93493e+06,2.93493e+06,1.34954e+07
0,0,0,3.19108e+08,0,3.37154e+07,-2.93491e+06,2.93491e+06,1.34954e+07
0,0,0,3.19108e+08,0,3.37151e+07,-2.93488e+06,2.93488e+06,1.34954e+07
0,0,0,3.19108e+08,0,3.37148e+07,-2.93486e+06,2.93486e+06,1.34954e+07
0,0,0,3.19108e+08,0,3.37146e+07,-2.93484e+06,2.93484e+06,1.34954e+07
0,0,0,3.19108e+08,0,3.41e+07,-2.96839e+06,2.96839e+06,1.34954e+07
0,0,0,3.19108e+08,0,3.40998e+07,-2.96837e+06,2.96837e+06,1.34954e+07
0,0,0,3.19108e+08,0,3.40995e+07,-2.96835e+06,2.96835e+06,1.34954e+07
0,0,0,3.19108e+08,0,3.40993e+07,-2.96832e+06,2.96832e+06,1.34954e+07
0,0,0,3.19108e+08,0,3.47044e+07,-3.25066e+06,3.25066e+06,1.34954e+07
0,0,0,3.19108e+08,0,3.47043e+07,-3.2505e+06,3.2505e+06,1.34954e+07
0,0,0,3.19108e+08,0,3.47042e+07,-3.25032e+06,3.25032e+06,1.34954e+07
0,0,0,3.19108e+08,0,3.47041e+07,-3.25015e+06,3.25015e+06,1.34954e+07
0,0,0,3.19108e+08,0,3.57336e+07,-5.16437e+06,5.16437e+06,1.34954e+07
0,0,0,3.19108e+08,0,3.57335e+07,-5.16418e+06,5.16418e+06,1.34954e+07
0,0,0,3.19108e+08,0,3.57334e+07,-5.164e+06,5.164e+06,1.34954e+07
0,0,0,3.19108e+08,0,3.57332e+07,-5.16381e+06,5.16381e+06,1.34954e+07
0,0,0,3.19108e+08,0,3.57331e+07,-5.16363e+06,5.16363e+06,1.34954e+07
0,0,0,3.19108e+08,0,3.52312e+07,-4.01225e+06,4.01225e+06,1.34954e+07
0,0,0,3.19108e+08,0,3.52311e+07,-4.01207e+06,4.01207e+06,1.34954e+07
0,0,0,3.19108e+08,0,3.52309e+07,-4.01189e+06,4.01189e+06,1.34954e+07
0,0,0,3.19108e+08,0,3.52308e+07,-4.01172e+06,4.01172e+06,1.34954e+07
0,0,0,3.19108e+08,0,3.47605e+07,-3.02589e+06,3.02589e+06,1.34954e+07
0,0,0,3.19108e+08,0,3.47603e+07,-3.02587e+06,3.02587e+06,1.34954e+07
0,0,0,3.19108e+08,0,3.476e+07,-3.02584e+06,3.02584e+06,1.34954e+07
0,0,0,3.19108e+08,0,3.47597e+07,-3.02582e+06,3.02582e+06,1.34954e+07
0,0,0,3.19108e+08,0,3.16584e+07,-2.75585e+06,2.75585e+06,1.34954e+07
0,0,0,3.19108e+08,0,3.16582e+07,-2.75583e+06,2.75583e+06,1.34954e+07
0,0,0,3.19108e+08,0,3.16579e+07,-2.75581e+06,2.75581e+06,1.34954e+07
0,0,0,3.19108e+08,0,3.16577e+07,-2.75579e+06,2.75579e+06,1.34954e+07
0,0,0,3.19108e+08,0,3.16574e+07,-2.75577e+06,2.75577e+06,1.34954e+07
0,0,0,3.19108e+08,0,3.26662e+07,-2.84358e+06,2.84358e+06,1.34954e+07
0,0,0,3.19108e+08,1.10368e+06,3.26657e+07,-2.84353e+06,2.84353e+06,1.34954e+07
0,0,0,3.19108e+08,0,3.26651e+07,-2.84348e+06,2.84348e+06,1.34954e+07
0,0,0,3.19108e+08,0,3.26646e+07,-2.84344e+06,2.84344e+06,1.34954e+07
0,0,0,3.19108e+08,0,3.55415e+07,-3.81817e+06,3.81817e+06,1.34954e+07
0,0,0,3.19108e+08,0,3.55413e+07,-3.8178e+06,3.8178e+06,1.34954e+07
0,0,0,3.19108e+08,0,3.5541e+07,-3.81741e+06,3.81741e+06,1.34954e+07
0,0,0,3.19108e+08,0,3.55407e+07,-3.81703e+06,3.81703e+06,1.34954e+07
0,0,0,3.19108e+08,0,3.13282e+07,-2.7271e+06,2.7271e+06,1.34954e+07
0,0,0,3.19108e+08,0,3.13277e+07,-2.72706e+06,2.72706e+06,1.34954e+07
0,0,0,3.19108e+08,0,3.13271e+07,-2.72701e+06,2.72701e+06,1.34954e+07
0,0,0,3.19108e+08,0,3.13266e+07,-2.72697e+06,2.72697e+06,1.34954e+07
0,0,0,3.19108e+08,0,3.13261e+07,-2.72692e+06,2.72692e+06,1.34954e+07
0,0,0,3.19108e+08,0,3.25332e+07,-2.832e+06,2.832e+06,1.34954e+07
0,0,0,3.19108e+08,0,3.25327e+07,-2.83196e+06,2.83196e+06,1.34954e+07
0,0,0,3.19108e+08,0,3.25322e+07,-2.83191e+06,2.83191e+06,1.34954e+07
0,0,0,3.19108e+08,0,3.25316e+07,-2.83186e+06,2.83186e+06,1.34954e+07
0,0,0,3.19108e+08,0,3.20607e+07,-2.79087e+06,2.79087e+06,1.34954e+07
0,0,0,3.19108e+08,0,3.20602e+07,-2.79083e+06,2.79083e+06,1.34954e+07
0,0,0,3.19108e+08,0,3.20597e+07,-2.79078e+06,2.79078e+06,1.34954e+07
0,0,0,3.19108e+08,0,3.20591e+07,-2.79073e+06,2.79073e+06,1.34954e+07
0,0,0,3.19108e+08,0,3.36957e+07,-2.9332e+06,2.9332e+06,1.34954e+07
0,0,0,3.19108e+08,0,3.36952e+07,-2.93315e+06,2.93315e+06,1.34954e+07
0,0,0,3.19108e+08,0,3.36946e+07,-2.9331e+06,2.9331e+06,1.34954e+07
0,0,0,3.19108e+08,0,3.36941e+07,-2.93305e+06,2.93305e+06,1.34954e+07
0,0,0,3.19108e+08,0,3.36935e+07,-2.933e+06,2.933e+06,1.34954e+07
0,0,0,3.19108e+08,0,3.40784e+07,-2.96651e+06,2.96651e+06,1.34954e+07
0,0,0,3.19108e+08,0,3.40778e+07,-2.96646e+06,2.96646e+06,1.34954e+07
0,0,0,3.19108e+08,0,3.40773e+07,-2.96641e+06,2.96641e+06,1.34954e+07
0,0,0,3.19108e+08,0,3.40767e+07,-2.96636e+06,2.96636e+06,1.34954e+07
0,0,0,3.19108e+08,0,3.46941e+07,-3.23557e+06,3.23557e+06,1.34954e+07
0,0,0,3.19108e+08,0,3.46938e+07,-3.23519e+06,3.23519e+06,1.34954e+07
0,0,0,3.19108e+08,0,3.46936e+07,-3.23482e+06,3.23482e+06,1.34954e+07
0,0,0,3.19108e+08,0,3.46933e+07,-3.23445e+06,3.23445e+06,1.34954e+07
0,0,0,3.19108e+08,0,3.5722e+07,-5.14711e+06,5.14711e+06,1.34954e+07
0,0,0,3.19108e+08,0,3.57217e+07,-5.14671e+06,5.14671e+06,1.34954e+07
0,0,0,3.19108e+08,0,3.57215e+07,-5.14631e+06,5.14631e+06,1.34954e+07
0,0,0,3.19108e+08,0,3.57212e+07,-5.14591e+06,5.14591e+06,1.34954e+07
0,0,0,3.19108e+08,0,3.57209e+07,-5.1455e+06,5.1455e+06,1.34954e+07
0,0,0,3.19108e+08,0,3.52192e+07,-3.99477e+06,3.99477e+06,1.34954e+07
0,0,0,3.19108e+08,0,3.5219e+07,-3.99438e+06,3.99438e+06,1.34954e+07
0,0,0,3.19108e+08,0,3.52187e+07,-3.994e+06,3.994e+06,1.34954e+07
0,0,0,3.19108e+08,0,3.52184e+07,-3.99362e+06,3.99362e+06,1.34954e+07
0,0,0,3.19108e+08,0,3.47332e+07,-3.02351e+06,3.02351e+06,1.34954e+07
0,0,0,3.19108e+08,0,3.47326e+07,-3.02346e+06,3.02346e+06,1.34954e+07
0,0,0,3.19108e+08,0,3.47321e+07,-3.02341e+06,3.02341e+06,1.34954e+07
