0volume,0demand,0up_spill,0ww_inflow,0catch_inflow,0evap,0ds_spill,0treat_cap,1volume,1demand,1up_spill,1ww_inflow,1catch_inflow,1evap,1ds_spill,1treat_cap,2volume,2s_area,2demand,2up_spill,2ww_inflow,2catch_inflow,2evap,2ds_spill,2treat_cap,2valloc_0,2talloc_0,2valloc_1,2talloc_1,3volume,3demand,3up_spill,3ww_inflow,3catch_inflow,3evap,3ds_spill,3treat_cap,3valloc_1,3talloc_1,3valloc_2,3talloc_2,4demand,4up_spill,4ww_inflow,4catch_inflow,4ds_spill,4treat_cap,11volume,11s_area,11demand,11up_spill,11ww_inflow,11catch_inflow,11evap,11ds_spill,11treat_cap
72.29,1.84028,0,0,4.60782,0.239157,2.52838,3.6288,61.308,0,0,0,1.43688,0.196072,1.2408,0.66528,12.849,1,0.327095,2.52838,0,97.638,3.76446,96.0749,0.84672,12.849,0.84672,3695.15,0,36.966,0.0415766,0.626901,0,5.83558,1.05939,5.36151,0.42336,36.966,0.42336,423.524,0,1.69344,0,0,2.32034,0.626901,1.028160,1,0,102.677,0,0,0,102.677,0
72.29,1.85858,0,0,4.64249,0.239157,2.54475,3.6288,61.308,0.428332,0,0,1.61698,0.196072,0.992579,0.66528,12.849,1,0.330349,2.54475,0,87.4143,3.76446,85.8643,0.84672,12.849,0.84672,3695.15,0,36.966,0.258265,3.81902,1.74664,7.15138,1.05939,11.3994,0.42336,36.966,0.42336,423.524,0,1.02816,0,0,4.84718,3.81902,1.028160,1,0,98.2562,0,0,0,98.2562,0
72.29,1.85969,0,0,7.91626,0.239157,5.81742,3.6288,61.308,0.428332,0,0,1.9338,0.196072,1.3094,0.66528,12.849,1,0.330545,5.81742,0,120.022,3.76446,121.744,0.84672,12.849,0.84672,3695.15,0,36.966,0.258265,4.76075,1.73503,7.6999,1.05939,12.878,0.42336,36.966,0.42336,423.524,0,1.02816,0,0,5.78891,4.76075,1.028160,1,0,135.932,0,0,0,135.932,0
72.29,1.86079,0,0,5.52127,0.260458,3.40002,3.6288,61.308,0.428332,0,0,1.48786,0.189875,0.869658,0.66528,12.849,1,0.330741,3.40002,0,107.219,4.20126,106.087,0.84672,12.849,0.84672,3695.15,0,36.966,0.258265,5.08321,1.73527,5.72086,1.17853,11.1025,0.42336,36.966,0.42336,423.524,0,1.02816,0,0,6.11137,5.08321,1.028160,1,0,118.059,0,0,0,118.059,0
72.29,2.06671,0,0,4.88422,0.277219,2.54029,3.6288,61.308,0.533556,0,0,1.61129,0.194417,0.883318,0.66528,12.849,1,0.367341,2.54029,0,109.472,4.17438,107.471,0.84672,12.849,0.84672,3695.15,0,36.966,0.321711,4.04972,1.73551,5.40313,1.07091,9.79575,0.42336,36.966,0.42336,423.524,0,1.02816,0,0,5.07788,4.04972,1.028160,1,0,118.15,0,0,0,118.15,0
72.29,2.21109,0,0,4.14164,0.28979,1.64076,3.6288,61.308,0.428367,0,0,1.10145,0.197823,0.475264,0.66528,12.849,1,0.393005,1.64076,0,87.3755,4.15422,84.469,0.84672,12.849,0.84672,3695.15,0,36.966,0.258286,2.80821,1.91128,4.2586,0.990189,7.72961,0.42336,36.966,0.42336,423.524,0,1.02816,0,0,3.83637,2.80821,1.028160,1,0,92.6739,0,0,0,92.6739,0
72.29,2.21231,0,0,4.63513,0.28979,2.13302,3.6288,61.308,0.428367,0,0,1.19945,0.197823,0.573257,0.66528,12.849,1,0.393222,2.13302,0,99.1734,4.15422,96.759,0.84672,12.849,0.84672,3695.15,0,36.966,0.258286,3.38453,1.81287,4.71324,0.990189,8.66217,0.42336,36.966,0.42336,423.524,0,1.02816,0,0,4.41269,3.38453,1.028160,1,0,105.994,0,0,0,105.994,0
72.29,2.21353,0,0,4.72304,0.28979,2.21972,3.6288,61.308,0.428367,0,0,1.12021,0.197823,0.494015,0.66528,12.849,1,0.393439,2.21972,0,101.222,4.15422,98.894,0.84672,12.849,0.84672,3695.15,0,36.966,0.258286,2.81071,1.81314,4.63672,0.990189,8.0121,0.42336,36.966,0.42336,423.524,0,1.02816,0,0,3.83887,2.81071,1.028160,1,0,107.4,0,0,0,107.4,0
72.29,1.92224,0,0,6.56048,0.304479,4.33377,3.6288,61.308,0.286967,0,0,2.57276,0.176684,2.10911,0.66528,12.849,1,0.341663,4.33377,0,123.885,3.67809,124.199,0.84672,12.849,0.84672,3695.15,0,36.966,0.173029,6.1443,1.81341,7.25739,0.810447,14.2316,0.42336,36.966,0.42336,423.524,0,1.02816,0,0,7.17246,6.1443,1.028160,1,0,140.539,0,0,0,140.539,0
72.29,1.75911,0,0,6.3045,0.333885,4.21151,3.6288,61.308,0.407603,0,0,2.40528,0.173057,1.82462,0.66528,12.849,1,0.312668,4.21151,0,103.793,3.73979,103.952,0.84672,12.849,0.84672,3695.15,0,36.966,0.245767,5.03417,1.574,7.2914,0.810432,12.8434,0.42336,36.966,0.42336,423.524,0,1.02816,0,0,6.06233,5.03417,1.028160,1,0,118.62,0,0,0,118.62,0
72.29,1.75978,0,0,4.89388,0.333885,2.80022,3.6288,61.308,0.407889,0,0,1.87238,0.173057,1.29144,0.66528,12.849,1,0.312787,2.80022,0,109.371,3.73979,108.119,0.84672,12.849,0.84672,3695.15,0,36.966,0.245939,3.6663,1.6874,5.89976,0.810432,10.1971,0.42336,36.966,0.42336,423.524,0,1.02816,0,0,4.69446,3.6663,1.028160,1,0,119.607,0,0,0,119.607,0
72.29,1.76045,0,0,3.95478,0.299901,1.89443,3.6288,61.308,0.408176,0,0,1.25361,0.155008,0.690421,0.66528,12.849,1,0.312906,1.89443,0,89.2659,3.4782,87.3692,0.84672,12.849,0.84672,3695.15,0,36.966,0.246112,2.66582,1.6879,5.21018,0.772855,8.54493,0.42336,36.966,0.42336,423.524,0,1.02816,0,0,3.69398,2.66582,1.028160,1,0,96.6046,0,0,0,96.6046,0
72.29,1.76112,0,0,6.46394,0.262163,4.44066,3.6288,61.308,0.408462,0,0,2.20273,0.134773,1.6595,0.66528,12.849,1,0.313025,4.44066,0,133.104,3.26056,133.971,0.84672,12.849,0.84672,3695.15,0,36.966,0.246284,4.95052,1.68841,6.74216,0.73781,12.397,0.42336,36.966,0.42336,423.524,0,1.02816,0,0,5.97868,4.95052,1.028160,1,0,148.027,0,0,0,148.027,0
72.29,1.83554,0,0,6.66028,0.307611,4.51713,3.6288,61.308,0.443398,0,0,3.05357,0.15775,2.45242,0.66528,12.849,1,0.326254,4.51713,0,108.166,4.04744,108.309,0.84672,12.849,0.84672,3695.15,0,36.966,0.267349,5.56112,1.68891,8.74339,0.828147,14.8979,0.42336,36.966,0.42336,423.524,0,1.02816,0,0,6.58928,5.56112,1.028160,1,0,125.66,0,0,0,125.66,0
72.29,1.85715,0,0,5.8517,0.307611,3.68694,3.6288,61.308,0.428332,0,0,2.14123,0.15775,1.55515,0.66528,12.849,1,0.330094,3.68694,0,120.602,4.04744,119.912,0.84672,12.849,0.84672,3695.15,0,36.966,0.258265,4.3502,1.7486,7.73302,0.828147,12.7454,0.42336,36.966,0.42336,423.524,0,1.02816,0,0,5.37836,4.3502,1.028160,1,0,134.212,0,0,0,134.212,0
72.29,1.85825,0,0,4.96454,0.271899,2.83439,3.6288,61.308,0.428332,0,0,1.68085,0.17678,1.07574,0.66528,12.849,1,0.33029,2.83439,0,112.207,4.28011,110.431,0.84672,12.849,0.84672,3695.15,0,36.966,0.258265,3.5222,1.73471,7.53308,0.873948,11.6578,0.42336,36.966,0.42336,423.524,0,1.02816,0,0,4.55036,3.5222,1.028160,1,0,123.164,0,0,0,123.164,0
72.29,1.85935,0,0,4.58547,0.245115,2.48101,3.6288,61.308,0.428332,0,0,1.8809,0.191053,1.26151,0.66528,12.849,1,0.330486,2.48101,0,78.0123,4.45462,75.7082,0.84672,12.849,0.84672,3695.15,0,36.966,0.258265,4.02418,1.73495,6.83609,0.908299,11.4287,0.42336,36.966,0.42336,423.524,0,1.02816,0,0,5.05234,4.02418,1.028160,1,0,88.3984,0,0,0,88.3984,0
72.29,1.83158,0,0,4.16612,0.215665,2.11888,3.6288,61.308,0.414857,0,0,1.38328,0.208586,0.75984,0.66528,12.849,1,0.325549,2.11888,0,75.6588,4.34887,73.1032,0.84672,12.849,0.84672,3695.15,0,36.966,0.25014,2.99855,1.7352,6.02863,0.944769,9.56746,0.42336,36.966,0.42336,423.524,0,1.02816,0,0,4.02671,2.99855,1.028160,1,0,83.4305,0,0,0,83.4305,0
72.29,1.81433,0,0,4.49031,0.210757,2.46523,3.6288,61.308,0.428328,0,0,1.05751,0.211508,0.417674,0.66528,12.849,1,0.322483,2.46523,0,92.3581,4.33125,90.1696,0.84672,12.849,0.84672,3695.15,0,36.966,0.258263,2.49539,1.71238,4.71469,0.950847,7.71335,0.42336,36.966,0.42336,423.524,0,1.02816,0,0,3.52355,2.49539,1.028160,1,0,98.3007,0,0,0,98.3007,0
72.29,1.81542,0,0,3.59171,0.210757,1.56554,3.6288,61.308,0.428328,0,0,0.787932,0.211508,0.148096,0.66528,12.849,1,0.322677,1.56554,0,80.8566,4.33125,77.7682,0.84672,12.849,0.84672,3695.15,0,36.966,0.258263,2.26575,1.72526,4.16685,0.950847,6.94875,0.42336,36.966,0.42336,423.524,0,1.02816,0,0,3.29391,2.26575,1.028160,1,0,84.865,0,0,0,84.865,0
72.29,1.8165,0,0,3.27519,0.210757,1.24793,3.6288,61.2904,0.428328,0,0,0.622251,0.211508,0,0.66528,12.849,1,0.32287,1.24793,0,55.3758,4.33125,51.9696,0.84672,12.849,0.84672,3695.15,0,36.966,0.258263,1.52583,1.7255,3.47728,0.950847,5.5195,0.42336,36.966,0.42336,423.524,0,1.02816,0,0,2.55399,1.52583,1.028160,1,0,57.4891,0,0,0,57.4891,0
72.29,1.91574,0,0,3.28738,0.195474,1.17617,3.6288,61.308,0.476128,0,0,0.760192,0.195613,0.070866,0.66528,12.849,1,0.340508,1.17617,0,56.183,4.17222,52.8464,0.84672,12.849,0.84672,3695.15,0,36.966,0.287166,1.74091,1.72574,3.58609,0.914097,5.85147,0.42336,36.966,0.42336,423.524,0,1.02816,0,0,2.76907,1.74091,1.028160,1,0,58.7688,0,0,0,58.7688,0
72.29,1.98198,0,0,3.38234,0.175097,1.22526,3.6288,61.308,0.428344,0,0,0.821083,0.174471,0.218268,0.66528,12.849,1,0.352283,1.22526,0,58.1202,3.96018,55.033,0.84672,12.849,0.84672,3695.15,0,36.966,0.258273,1.63973,1.8069,3.45994,0.865098,5.78319,0.42336,36.966,0.42336,423.524,0,1.02816,0,0,2.66789,1.63973,1.028160,1,0,61.0344,0,0,0,61.0344,0
72.29,1.98313,0,0,2.93418,0.175097,0.775955,3.6288,61.308,0.428344,0,0,0.759492,0.174471,0.156677,0.66528,12.849,1,0.352486,0.775955,0,53.9513,3.96018,50.4146,0.84672,12.849,0.84672,3695.15,0,36.966,0.258273,1.64493,1.76228,3.4069,0.865098,5.69074,0.42336,36.966,0.42336,423.524,0,1.02816,0,0,2.67309,1.64493,1.028160,1,0,56.262,0,0,0,56.262,0
72.29,1.98427,0,0,2.63836,0.175097,0.478996,3.6288,61.308,0.428345,0,0,0.631468,0.174471,0.0286524,0.66528,12.849,1,0.352689,0.478996,0,50.1565,3.96018,46.3226,0.84672,12.849,0.84672,3695.15,0,36.966,0.258273,1.27506,1.76253,3.22595,0.865098,5.14017,0.42336,36.966,0.42336,423.524,0,1.02816,0,0,2.30322,1.27506,1.028160,1,0,51.4914,0,0,0,51.4914,0
72.1559,1.98541,0,0,2.36307,0.148883,0.36288,3.6288,61.2674,0.428345,0,0,0.591598,0.203811,0,0.66528,12.849,1,0.352892,0.36288,0,44.7987,4.51404,40.2946,0.84672,12.849,0.84672,3695.15,0,36.966,0.258273,1.23022,1.76278,3.07678,1.01753,4.79398,0.42336,36.966,0.42336,423.524,0,1.02816,0,0,2.25838,1.23022,1.028160,1,0,45.0886,0,0,0,45.0886,0
71.4409,1.96656,0,0,1.73895,0.124545,0.36288,3.6288,60.9466,0.454575,0,0,0.375192,0.241493,0,0.66528,12.849,1,0.350191,0.36288,0,28.0448,5.09838,22.9591,0.84672,12.849,0.84672,3695.15,0,36.966,0.27427,0.544622,1.76304,2.33602,1.18473,3.18468,0.42336,36.966,0.42336,423.524,0,1.02816,0,0,1.57278,0.544622,1.028160,1,0,26.1438,0,0,0,26.1438,0
70.5675,2.00052,0,0,1.61385,0.123802,0.36288,3.6288,60.6511,0.4274,0,0,0.372963,0.241003,0,0.66528,12.849,1,0.359803,0.36288,0,25.7742,5.09838,20.6789,0.84672,12.849,0.84672,3695.15,0,36.966,0.259232,0.575467,1.79162,2.14085,1.18473,3.06398,0.42336,36.966,0.42336,423.524,0,1.02816,0,0,1.60363,0.575467,1.028160,1,0,23.7428,0,0,0,23.7428,0
69.5841,1.99789,0,0,1.5003,0.122977,0.36288,3.6288,60.3556,0.426616,0,0,0.371622,0.240552,0,0.66528,12.849,1,0.363778,0.36288,0,24.0622,5.09838,18.9629,0.84672,12.849,0.84672,3695.15,0,36.966,0.260016,0.592289,1.76717,2.0819,1.18473,2.99662,0.42336,36.966,0.42336,423.524,0,1.02816,0,0,1.62045,0.592289,1.028160,1,0,21.9596,0,0,0,21.9596,0
68.5772,1.9947,0,0,1.46763,0.116875,0.36288,3.6288,59.9971,0.425826,0,0,0.348376,0.280992,0,0.66528,12.849,1,0.368329,0.36288,0,22.5628,5.61633,16.9411,0.84672,12.849,0.84672,3695.15,0,36.966,0.260806,0.52024,1.76743,2.03294,1.309,2.75081,0.42336,36.966,0.42336,423.524,0,1.02816,0,0,1.5484,0.52024,1.028160,1,0,19.6919,0,0,0,19.6919,0
67.4062,2.04115,0,0,1.34991,0.116963,0.36288,3.6288,59.5961,0.448179,0,0,0.367773,0.320667,0,0.66528,12.849,1,0.382441,0.36288,0,23.9275,5.88873,18.0192,0.84672,12.849,0.84672,3695.15,0,36.966,0.276136,0.440692,1.76768,1.93868,1.46542,2.40549,0.42336,36.966,0.42336,423.524,0,1.02816,0,0,1.46885,0.440692,1.028160,1,0,20.4247,0,0,0,20.4247,0
66.0656,2.06837,0,0,1.20732,0.116628,0.36288,3.6288,59.1499,0.423783,0,0,0.310836,0.333219,0,0.66528,12.849,1,0.394274,0.36288,0,19.8679,5.96316,13.8733,0.84672,12.849,0.84672,3695.15,0,36.966,0.262862,0.515739,1.80814,1.92346,1.51971,2.46477,0.42336,36.966,0.42336,423.524,0,1.02816,0,0,1.5439,0.515739,1.028160,1,0,16.3381,0,0,0,16.3381,0
64.6531,2.06284,0,0,1.12863,0.115396,0.36288,3.6288,58.6827,0.422562,0,0,0.287594,0.332269,0,0.66528,12.849,1,0.401198,0.36288,0,18.8914,5.96316,12.8899,0.84672,12.849,0.84672,3695.15,0,36.966,0.264082,0.38289,1.78636,1.68777,1.51971,2.07323,0.42336,36.966,0.42336,423.524,0,1.02816,0,0,1.41105,0.38289,1.028160,1,0,14.9631,0,0,0,14.9631,0
63.2329,2.05668,0,0,1.11346,0.114098,0.36288,3.6288,58.2413,0.421272,0,0,0.311148,0.331274,0,0.66528,12.849,1,0.40874,0.36288,0,17.5294,5.96316,11.5203,0.84672,12.849,0.84672,3695.15,0,36.966,0.265372,0.477999,1.78662,1.90867,1.51971,2.38821,0.42336,36.966,0.42336,423.524,0,1.02816,0,0,1.50616,0.477999,1.028160,1,0,13.9085,0,0,0,13.9085,0
61.6669,2.1945,0,0,1.1061,0.114748,0.36288,3.6288,57.7423,0.50336,0,0,0.321047,0.316682,0,0.66528,12.849,1,0.445926,0.36288,0,17.9622,6.00958,11.8696,0.84672,12.849,0.84672,3695.15,0,36.966,0.319485,0.534125,1.78688,2.20621,1.55217,2.65556,0.42336,36.966,0.42336,423.524,0,1.02816,0,0,1.56228,0.534125,1.028160,1,0,14.5251,0,0,0,14.5251,0
59.5789,2.29584,0,0,0.729363,0.158649,0.36288,3.6288,57.2691,0.421023,0,0,0.265697,0.317843,0,0.66528,12.849,1,0.478365,0.36288,0,15.997,5.51366,10.3678,0.84672,12.849,0.84672,3695.15,0,36.966,0.269535,0.239069,1.9249,1.51738,1.46586,1.94596,0.42336,36.966,0.42336,423.524,0,1.02816,0,0,1.26723,0.239069,1.028160,1,0,12.3138,0,0,0,12.3138,0
57.554,2.28281,0,0,0.776572,0.155779,0.36288,3.6288,56.7957,0.420017,0,0,0.263526,0.31687,0,0.66528,12.849,1,0.492319,0.36288,0,14.9434,5.51366,9.3003,0.84672,12.849,0.84672,3695.15,0,36.966,0.271112,0.219473,1.84777,1.59925,1.46586,1.92952,0.42336,36.966,0.42336,423.524,0,1.02816,0,0,1.24763,0.219473,1.028160,1,0,11.2298,0,0,0,11.2298,0
55.9255,2.2694,0,0,1.16557,0.161762,0.36288,3.6288,56.3767,0.418994,0,0,0.31378,0.313813,0,0.66528,12.849,1,0.506647,0.36288,0,22.0666,5.45429,16.4685,0.84672,12.849,0.84672,3695.15,0,36.966,0.272706,0.466016,1.84838,1.69953,1.45858,2.28265,0.42336,36.966,0.42336,423.524,0,1.02816,0,0,1.49418,0.466016,1.028160,1,0,18.7512,0,0,0,18.7512,0
54.7729,2.25815,0,0,1.64125,0.172776,0.36288,3.6288,56.0572,0.418114,0,0,0.402748,0.30414,0,0.66528,12.849,1,0.518816,0.36288,0,28.8025,5.45862,23.1879,0.84672,12.849,0.84672,3695.15,0,36.966,0.274156,0.536907,1.84899,1.87122,1.43831,2.54466,0.42336,36.966,0.42336,423.524,0,1.02816,0,0,1.56507,0.536907,1.028160,1,0,25.7326,0,0,0,25.7326,0
52.7469,2.18141,0,0,0.697283,0.179047,0.36288,3.6288,55.8137,0.367617,0,0,0.417573,0.293438,0,0.66528,12.849,1,0.511729,0.36288,0,10.6398,4.45095,6.04002,0.84672,12.849,0.84672,3695.15,0,36.966,0.242419,0.835514,1.84961,2.43398,1.16506,3.71163,0.42336,36.966,0.42336,423.524,0,1.02816,0,0,1.86367,0.835514,1.028160,1,0,9.75164,0,0,0,9.75164,0
50.6821,2.10514,0,0,0.578576,0.175395,0.36288,3.6288,55.1639,0.581428,0,0,0.224592,0.292971,0,0.66528,12.849,1,0.512806,0.36288,0,10.1945,4.45095,5.59363,0.84672,12.849,0.84672,3695.15,0,36.966,0.385086,0.216518,1.77036,1.81269,1.16506,2.24943,0.42336,36.966,0.42336,423.524,0,0.74831,0,0,0.964829,0.216518,1.028160,1,0,7.84307,0,0,0,7.84307,0
48.8414,2.08962,0,0,0.832148,0.220289,0.36288,3.6288,54.6867,0.505437,0,0,0.276257,0.248007,0,0.66528,12.849,1,0.529764,0.36288,0,11.898,3.82806,7.90303,0.84672,12.849,0.84672,3695.15,0,36.966,0.338699,0.216518,1.81548,1.99467,0.970363,2.71761,0.42336,36.966,0.42336,423.524,0,0.870687,0,0,1.08721,0.216518,1.028160,1,0,10.6206,0,0,0,10.6206,0
48.157,2.07495,0,0,2.03301,0.27958,0.36288,3.6288,54.6556,0.409714,0,0,0.567658,0.189122,0,0.66528,12.849,1,0.54587,0.36288,0,35.8821,2.99754,32.7016,0.84672,12.849,0.84672,3695.15,0,36.966,0.27695,0.703521,1.81575,5.31292,0.710772,6.84447,0.42336,36.966,0.42336,423.524,0,1.02816,0,0,1.73168,0.703521,1.028160,1,0,39.546,0,0,0,39.546,0
46.9382,2.01497,0,0,1.36986,0.210825,0.36288,3.6288,54.4015,0.364597,0,0,0.315419,0.204905,0,0.66528,12.849,1,0.537624,0.36288,0,23.6485,3.53277,19.941,0.84672,12.849,0.84672,3695.15,0,36.966,0.246593,0.227405,1.81601,2.57221,0.799028,3.57001,0.42336,36.966,0.42336,423.524,0,1.02816,0,0,1.25556,0.227405,1.028160,1,0,23.511,0,0,0,23.511,0
46.0964,1.94587,0,0,1.70563,0.238707,0.36288,3.6288,53.9103,0.535505,0,0,0.250461,0.206151,0,0.66528,12.849,1,0.532668,0.36288,0,27.6579,4.03641,23.4517,0.84672,12.849,0.84672,3695.15,0,36.966,0.363877,0.216518,1.74492,2.43553,0.995433,3.03765,0.42336,36.966,0.42336,423.524,0,0.815417,0,0,1.03194,0.216518,1.028160,1,0,26.4894,0,0,0,26.4894,0
45.0071,1.93935,0,0,1.44942,0.236489,0.36288,3.6288,53.5455,0.440428,0,0,0.281088,0.205481,0,0.66528,12.849,1,0.540579,0.36288,0,22.6091,4.03641,18.395,0.84672,12.849,0.84672,3695.15,0,36.966,0.301999,0.292723,1.78933,2.70708,0.995433,3.4917,0.42336,36.966,0.42336,423.524,0,0.972372,0,0,1.26509,0.292723,1.028160,1,0,21.8867,0,0,0,21.8867,0
46.9447,1.93026,0,0,4.46434,0.233618,0.36288,3.6288,53.8339,0.406207,0,0,0.899528,0.204908,0,0.66528,12.849,1,0.551066,0.36288,0,78.3311,4.03641,74.1065,0.84672,12.849,0.84672,3695.15,0,36.966,0.280432,3.01775,1.78959,6.43702,0.995433,9.96851,0.42336,36.966,0.42336,423.524,0,1.02816,0,0,4.04591,3.01775,1.028160,1,0,84.075,0,0,0,84.075,0
48.3769,1.79367,0,0,3.83684,0.248075,0.36288,3.6288,54.1102,0.31378,0,0,0.788175,0.198094,0,0.66528,12.849,1,0.490936,0.36288,0,65.6783,4.09615,61.4541,0.84672,12.849,0.84672,3695.15,0,36.966,0.215462,1.2688,1.78985,5.31593,0.989355,7.16977,0.42336,36.966,0.42336,423.524,0,1.02816,0,0,2.29696,1.2688,1.028160,1,0,68.6239,0,0,0,68.6239,0
49.0518,1.68365,0,0,2.96508,0.243666,0.36288,3.6288,54.1513,0.406548,0,0,0.654034,0.206377,0,0.66528,12.849,1,0.447181,0.36288,0,74.395,4.6264,69.6843,0.84672,12.849,0.84672,3695.15,0,36.966,0.277738,1.61408,1.63138,4.74035,1.08205,6.62603,0.42336,36.966,0.42336,423.524,0,1.02816,0,0,2.64224,1.61408,1.028160,1,0,76.3103,0,0,0,76.3103,0
48.2578,1.68917,0,0,1.50349,0.245454,0.36288,3.6288,53.9585,0.413939,0,0,0.427594,0.206434,0,0.66528,12.849,1,0.442474,0.36288,0,47.4479,4.6264,42.7419,0.84672,12.849,0.84672,3695.15,0,36.966,0.282573,0.412474,1.72235,3.59494,1.08205,4.36515,0.42336,36.966,0.42336,423.524,0,1.0164,0,0,1.42887,0.412474,1.028160,1,0,47.107,0,0,0,47.107,0
47.6014,1.68405,0,0,1.63987,0.249245,0.36288,3.6288,53.6947,0.406639,0,0,0.354231,0.211372,0,0.66528,12.849,1,0.448393,0.36288,0,35.1006,4.39076,30.6243,0.84672,12.849,0.84672,3695.15,0,36.966,0.278581,0.469912,1.72287,2.99626,1.08316,3.82729,0.42336,36.966,0.42336,423.524,0,1.02816,0,0,1.49807,0.469912,1.028160,1,0,34.4516,0,0,0,34.4516,0
48.6355,1.67982,0,0,3.34346,0.266698,0.36288,3.6288,53.6591,0.406106,0,0,0.572806,0.202346,0,0.66528,12.849,1,0.453432,0.36288,0,54.8256,3.55413,51.1809,0.84672,12.849,0.84672,3695.15,0,36.966,0.279583,1.85974,1.72338,5.54153,1.01883,7.82624,0.42336,36.966,0.42336,423.524,0,1.02816,0,0,2.8879,1.85974,1.028160,1,0,59.0071,0,0,0,59.0071,0
50.0175,1.74845,0,0,3.73764,0.244341,0.36288,3.6288,53.8522,0.433299,0,0,0.787232,0.160775,0,0.66528,12.849,1,0.461923,0.36288,0,86.0544,3.47415,82.4812,0.84672,12.849,0.84672,3695.15,0,36.966,0.298502,0.665591,1.72389,6.01137,0.97216,7.13019,0.42336,36.966,0.42336,423.524,0,1.02816,0,0,1.69375,0.665591,1.028160,1,0,89.6114,0,0,0,89.6114,0
50.7683,1.79559,0,0,3.15196,0.242644,0.36288,3.6288,53.9208,0.425599,0,0,0.653065,0.158894,0,0.66528,12.849,1,0.46127,0.36288,0,91.2168,3.51582,87.6026,0.84672,12.849,0.84672,3695.15,0,36.966,0.292145,0.503194,1.77397,5.04336,0.979294,6.04908,0.42336,36.966,0.42336,423.524,0,0.997004,0,0,1.5002,0.503194,1.028160,1,0,93.6517,0,0,0,93.6517,0
54.6376,1.80205,0,0,6.27876,0.24457,0.36288,3.6288,54.523,0.407335,0,0,1.16852,0.158966,0,0.66528,12.849,1,0.456084,0.36288,0,104.795,3.51582,101.186,0.84672,12.849,0.84672,3695.15,0,36.966,0.279253,3.52144,1.74775,8.38512,0.979294,12.3958,0.42336,36.966,0.42336,423.524,0,1.02816,0,0,4.5496,3.52144,1.028160,1,0,113.582,0,0,0,113.582,0
57.1772,1.82924,0,0,4.99935,0.26758,0.36288,3.6288,54.8326,0.409173,0,0,0.874095,0.155364,0,0.66528,12.849,1,0.430178,0.36288,0,105.78,3.82782,101.884,0.84672,12.849,0.84672,3695.15,0,36.966,0.277415,3.02797,1.74799,5.65186,1.0644,9.086,0.42336,36.966,0.42336,423.524,0,1.02816,0,0,4.05613,3.02797,1.028160,1,0,110.97,0,0,0,110.97,0
58.13,2.04626,0,0,3.63262,0.270713,0.36288,3.6288,55.0577,0.512607,0,0,0.895692,0.157955,0,0.66528,12.849,1,0.45984,0.36288,0,89.9184,4.23932,85.5821,0.84672,12.849,0.84672,3695.15,0,36.966,0.34558,1.98304,1.74823,4.98751,1.0686,7.30459,0.42336,36.966,0.42336,423.524,0,1.02816,0,0,3.0112,1.98304,1.028160,1,0,92.8867,0,0,0,92.8867,0
61.2064,2.19407,0,0,5.8944,0.261023,0.36288,3.6288,55.705,0.410818,0,0,1.22158,0.163493,0,0.66528,12.849,1,0.484976,0.36288,0,90.6137,4.62157,85.8701,0.84672,12.849,0.84672,3695.15,0,36.966,0.275825,2.94054,1.92703,6.56476,1.02883,10.1277,0.42336,36.966,0.42336,423.524,0,1.02816,0,0,3.9687,2.94054,1.028160,1,0,95.9977,0,0,0,95.9977,0
61.909,2.21539,0,0,3.54945,0.268558,0.36288,3.6288,55.769,0.412745,0,0,0.640991,0.164189,0,0.66528,12.849,1,0.465074,0.36288,0,63.7533,4.62157,59.0295,0.84672,12.849,0.84672,3695.15,0,36.966,0.273899,1.27405,1.82691,4.24324,1.02883,6.04149,0.42336,36.966,0.42336,423.524,0,1.02816,0,0,2.30221,1.27405,1.028160,1,0,65.071,0,0,0,65.071,0
61.5796,2.22093,0,0,2.49678,0.242349,0.36288,3.6288,55.6645,0.412934,0,0,0.482568,0.174196,0,0.66528,12.849,1,0.460946,0.36288,0,40.902,4.5591,36.2449,0.84672,12.849,0.84672,3695.15,0,36.966,0.27371,0.651387,1.82718,3.54532,0.986983,4.76319,0.42336,36.966,0.42336,423.524,0,1.02816,0,0,1.67955,0.651387,1.028160,1,0,41.008,0,0,0,41.008,0
63.7273,1.93008,0,0,4.69716,0.256583,0.36288,3.6288,56.7799,0.274061,0,0,1.55589,0.1664,0,0.66528,12.849,1,0.402725,0.36288,0,84.2946,4.40338,79.8514,0.84672,12.849,0.84672,3695.15,0,36.966,0.182,2.04404,1.82744,8.07999,0.942067,10.8274,0.42336,36.966,0.42336,423.524,0,1.02816,0,0,3.0722,2.04404,1.028160,1,0,90.6788,0,0,0,90.6788,0
66.6075,1.75833,0,0,5.29779,0.296376,0.36288,3.6288,57.7906,0.410188,0,0,1.57285,0.15197,0,0.66528,12.849,1,0.354524,0.36288,0,93.8114,4.22908,89.5907,0.84672,12.849,0.84672,3695.15,0,36.966,0.267049,1.93203,1.58388,9.59719,0.904495,11.9416,0.42336,36.966,0.42336,423.524,0,1.02816,0,0,2.96019,1.93203,1.028160,1,0,101.532,0,0,0,101.532,0
68.48,1.77184,0,0,4.31053,0.303303,0.36288,3.6288,58.6381,0.413311,0,0,1.41375,0.15297,0,0.66528,12.849,1,0.341798,0.36288,0,81.362,4.22908,77.154,0.84672,12.849,0.84672,3695.15,0,36.966,0.264376,1.37748,1.71354,7.4126,0.904495,9.33475,0.42336,36.966,0.42336,423.524,0,1.02816,0,0,2.40564,1.37748,1.028160,1,0,86.4888,0,0,0,86.4888,0
71.8623,1.78036,0,0,5.83336,0.307806,0.36288,3.6288,60.0382,0.415931,0,0,1.96991,0.153808,0,0.66528,12.849,1,0.334051,0.36288,0,127.768,4.22908,123.568,0.84672,12.849,0.84672,3695.15,0,36.966,0.262207,2.52281,1.71403,9.3156,0.904495,12.3857,0.42336,36.966,0.42336,423.524,0,1.02816,0,0,3.55097,2.52281,1.028160,1,0,135.954,0,0,0,135.954,0
72.29,1.79435,0,0,7.28162,0.311857,4.74769,3.6288,61.308,0.419994,0,0,2.16026,0.121106,0.349396,0.66528,12.849,1,0.320831,4.74769,0,167.393,3.69115,168.129,0.84672,12.849,0.84672,3695.15,0,36.966,0.258594,3.15016,1.71453,12.381,0.812365,16.1747,0.42336,36.966,0.42336,423.524,0,1.02816,0,0,4.17832,3.15016,1.028160,1,0,184.653,0,0,0,184.653,0
72.29,1.87165,0,0,4.70038,0.319641,2.50908,3.6288,61.308,0.458864,0,0,1.15007,0.146931,0.544276,0.66528,12.849,1,0.332672,2.50908,0,93.6075,3.70786,92.076,0.84672,12.849,0.84672,3695.15,0,36.966,0.276675,1.67567,1.71502,7.16351,0.763944,9.51358,0.42336,36.966,0.42336,423.524,0,1.02816,0,0,2.70383,1.67567,1.028160,1,0,102.134,0,0,0,102.134,0
72.29,1.9143,0,0,4.93481,0.319641,2.70088,3.6288,61.308,0.428327,0,0,1.70815,0.146931,1.13289,0.66528,12.849,1,0.340251,2.70088,0,110.924,3.70786,109.577,0.84672,12.849,0.84672,3695.15,0,36.966,0.258262,1.99966,1.77572,7.24899,0.763944,10.0022,0.42336,36.966,0.42336,423.524,0,1.02816,0,0,3.02782,1.99966,1.028160,1,0,120.712,0,0,0,120.712,0
72.29,1.91538,0,0,3.7102,0.319641,1.47518,3.6288,61.308,0.428327,0,0,1.05174,0.146931,0.476482,0.66528,12.849,1,0.340444,1.47518,0,69.0371,3.70786,66.4639,0.84672,12.849,0.84672,3695.15,0,36.966,0.258262,1.16537,1.74732,5.89613,0.763944,7.78661,0.42336,36.966,0.42336,423.524,0,1.02816,0,0,2.19353,1.16537,1.028160,1,0,74.727,0,0,0,74.727,0
72.29,1.91646,0,0,3.50019,0.319641,1.26409,3.6288,61.308,0.428327,0,0,1.14103,0.146931,0.565777,0.66528,12.849,1,0.340636,1.26409,0,79.6712,3.70786,76.8867,0.84672,12.849,0.84672,3695.15,0,36.966,0.258262,1.17893,1.74756,5.9305,0.763944,7.83477,0.42336,36.966,0.42336,423.524,0,1.02816,0,0,2.20709,1.17893,1.028160,1,0,85.2873,0,0,0,85.2873,0
72.29,1.88817,0,0,3.0396,0.311642,0.839794,3.6288,61.308,0.41462,0,0,0.887874,0.136217,0.337037,0.66528,12.849,1,0.335608,0.839794,0,74.0457,3.02526,71.5246,0.84672,12.849,0.84672,3695.15,0,36.966,0.249997,1.13037,1.74779,5.75818,0.730563,7.65579,0.42336,36.966,0.42336,423.524,0,1.02816,0,0,2.15853,1.13037,1.028160,1,0,79.5174,0,0,0,79.5174,0
72.29,1.87058,0,0,3.20664,0.284371,1.05169,3.6288,61.308,0.428323,0,0,0.901446,0.16474,0.308383,0.66528,12.849,1,0.332482,1.05169,0,71.9928,3.18042,69.5316,0.84672,12.849,0.84672,3695.15,0,36.966,0.25826,1.46686,1.72458,5.09318,0.843754,7.18259,0.42336,36.966,0.42336,423.524,0,1.02816,0,0,2.49502,1.46686,1.028160,1,0,77.0226,0,0,0,77.0226,0
72.29,1.87165,0,0,2.7465,0.256943,0.617905,3.6288,61.308,0.428323,0,0,0.899471,0.194342,0.276806,0.66528,12.849,1,0.332672,0.617905,0,60.2612,3.56265,56.9837,0.84672,12.849,0.84672,3695.15,0,36.966,0.25826,1.29246,1.73766,4.62154,0.950684,6.44271,0.42336,36.966,0.42336,423.524,0,1.02816,0,0,2.32062,1.29246,1.028160,1,0,63.7033,0,0,0,63.7033,0
72.29,1.87272,0,0,2.63325,0.256943,0.503585,3.6288,61.308,0.428323,0,0,0.871845,0.194342,0.24918,0.66528,12.849,1,0.332862,0.503585,0,64.5791,3.56265,61.1872,0.84672,12.849,0.84672,3695.15,0,36.966,0.25826,1.37589,1.7379,4.58053,0.950684,6.48537,0.42336,36.966,0.42336,423.524,0,1.02816,0,0,2.40405,1.37589,1.028160,1,0,67.9217,0,0,0,67.9217,0
72.0899,1.97362,0,0,2.3735,0.237121,0.36288,3.6288,61.308,0.476995,0,0,0.753722,0.200497,0.0762306,0.66528,12.849,1,0.350796,0.36288,0,52.0762,3.69918,48.3891,0.84672,12.849,0.84672,3695.15,0,36.966,0.287607,0.956526,1.73814,3.96262,0.99213,5.37755,0.42336,36.966,0.42336,423.524,0,1.02816,0,0,1.98469,0.956526,1.028160,1,0,53.8429,0,0,0,53.8429,0
71.5627,2.04011,0,0,2.06309,0.187282,0.36288,3.6288,61.2733,0.428339,0,0,0.609493,0.215884,0,0.66528,12.849,1,0.36362,0.36288,0,41.9794,4.04051,37.9382,0.84672,12.849,0.84672,3695.15,0,36.966,0.258269,0.948853,1.82068,3.419,1.09575,4.83452,0.42336,36.966,0.42336,423.524,0,1.02816,0,0,1.97701,0.948853,1.028160,1,0,42.7727,0,0,0,42.7727,0
70.9965,2.03896,0,0,2.02216,0.186532,0.36288,3.6288,61.2884,0.428247,0,0,0.659197,0.215836,0,0.66528,12.849,1,0.366092,0.36288,0,40.215,4.04051,36.1712,0.84672,12.849,0.84672,3695.15,0,36.966,0.258361,0.911529,1.77529,3.68406,1.09575,5.01677,0.42336,36.966,0.42336,423.524,0,1.02816,0,0,1.93969,0.911529,1.028160,1,0,41.188,0,0,0,41.188,0
70.2976,2.0376,0,0,1.88736,0.185726,0.36288,3.6288,61.2467,0.428287,0,0,0.602422,0.215857,0,0.66528,12.849,1,0.368767,0.36288,0,37.5933,4.04051,33.5469,0.84672,12.849,0.84672,3695.15,0,36.966,0.258321,0.772312,1.77554,3.26231,1.09575,4.45609,0.42336,36.966,0.42336,423.524,0,1.02816,0,0,1.80047,0.772312,1.028160,1,0,38.003,0,0,0,38.003,0
69.5321,2.03562,0,0,1.77858,0.145588,0.36288,3.6288,61.1429,0.428178,0,0,0.573833,0.249462,0,0.66528,12.849,1,0.372071,0.36288,0,35.2492,4.81949,30.4205,0.84672,12.849,0.84672,3695.15,0,36.966,0.258431,0.787769,1.77578,3.18835,1.20634,4.28713,0.42336,36.966,0.42336,423.524,0,1.02816,0,0,1.81593,0.787769,1.028160,1,0,34.7077,0,0,0,34.7077,0
68.9833,2.01362,0,0,1.95518,0.127478,0.36288,3.6288,60.9094,0.454671,0,0,0.490645,0.269467,0,0.66528,12.849,1,0.372102,0.36288,0,32.5543,4.58818,27.9569,0.84672,12.849,0.84672,3695.15,0,36.966,0.274887,0.455008,1.77603,2.4996,1.24263,3.21312,0.42336,36.966,0.42336,423.524,0,1.02816,0,0,1.48317,0.455008,1.028160,1,0,31.17,0,0,0,31.17,0
68.2844,2.04844,0,0,1.83932,0.126936,0.36288,3.6288,60.6758,0.427296,0,0,0.462838,0.269069,0,0.66528,12.849,1,0.381547,0.36288,0,32.3133,4.58818,27.7065,0.84672,12.849,0.84672,3695.15,0,36.966,0.259327,0.356702,1.8051,2.61247,1.24263,3.27232,0.42336,36.966,0.42336,423.524,0,1.02816,0,0,1.38486,0.356702,1.028160,1,0,30.9788,0,0,0,30.9788,0
67.4238,2.04627,0,0,1.67483,0.126245,0.36288,3.6288,60.4386,0.426676,0,0,0.458157,0.268671,0,0.66528,12.849,1,0.385045,0.36288,0,32.0634,4.58818,27.453,0.84672,12.849,0.84672,3695.15,0,36.966,0.259947,0.358672,1.78022,2.51436,1.24263,3.15068,0.42336,36.966,0.42336,423.524,0,1.02816,0,0,1.38683,0.358672,1.028160,1,0,30.6037,0,0,0,30.6037,0
66.4076,2.04326,0,0,1.51534,0.125395,0.36288,3.6288,60.1232,0.472346,0,0,0.425181,0.268266,0,0.66528,12.849,1,0.389385,0.36288,0,28.7932,4.58818,24.1785,0.84672,12.849,0.84672,3695.15,0,36.966,0.2889,0.261274,1.78047,2.4115,1.24263,2.92172,0.42336,36.966,0.42336,423.524,0,0.953536,0,0,1.21481,0.261274,1.028160,1,0,27.1003,0,0,0,27.1003,0
65.329,2.08984,0,0,1.48217,0.108037,0.36288,3.6288,59.7278,0.495013,0,0,0.387711,0.288129,0,0.66528,12.849,1,0.404356,0.36288,0,26.8438,4.80185,22.0005,0.84672,12.849,0.84672,3695.15,0,36.966,0.304352,0.261274,1.78072,2.31656,1.27276,2.78144,0.42336,36.966,0.42336,423.524,0,0.953744,0,0,1.21502,0.261274,1.028160,1,0,24.7819,0,0,0,24.7819,0
64.2304,2.11741,0,0,1.46743,0.0857723,0.36288,3.6288,59.1784,0.581766,0,0,0.368379,0.335953,0,0.66528,12.849,1,0.416456,0.36288,0,24.9367,5.69761,19.1855,0.84672,12.849,0.84672,3695.15,0,36.966,0.36006,0.261274,1.82186,2.08253,1.47077,2.33483,0.42336,36.966,0.42336,423.524,0,0.772969,0,0,1.03424,0.261274,1.028160,1,0,21.5203,0,0,0,21.5203,0
63.0734,2.11261,0,0,1.40293,0.084414,0.36288,3.6288,58.7272,0.428309,0,0,0.31946,0.342348,0,0.66528,12.849,1,0.422619,0.36288,0,23.7953,5.8611,17.8744,0.84672,12.849,0.84672,3695.15,0,36.966,0.267545,0.227405,1.7997,1.80562,1.52313,2.04204,0.42336,36.966,0.42336,423.524,0,1.01894,0,0,1.24635,0.227405,1.028160,1,0,19.9165,0,0,0,19.9165,0
62.1579,2.1073,0,0,1.63833,0.0836247,0.36288,3.6288,58.3014,0.492575,0,0,0.408115,0.341358,0,0.66528,12.849,1,0.429289,0.36288,0,28.6065,5.8611,22.679,0.84672,12.849,0.84672,3695.15,0,36.966,0.310052,0.227405,1.79995,2.21202,1.52313,2.4062,0.42336,36.966,0.42336,423.524,0,0.912168,0,0,1.13957,0.227405,1.028160,1,0,25.0852,0,0,0,25.0852,0
60.8537,2.24952,0,0,1.38764,0.0794852,0.36288,3.6288,57.677,0.606493,0,0,0.32495,0.342884,0,0.66528,12.849,1,0.46501,0.36288,0,26.3669,5.91669,20.3481,0.84672,12.849,0.84672,3695.15,0,36.966,0.384547,0.227405,1.80021,1.95635,1.5267,2.07272,0.42336,36.966,0.42336,423.524,0,0.862272,0,0,1.08968,0.227405,1.028160,1,0,22.4208,0,0,0,22.4208,0
59.8999,2.3295,0,0,1.79639,0.0577694,0.36288,3.6288,57.2773,0.450122,0,0,0.406615,0.356203,0,0.66528,12.849,1,0.491865,0.36288,0,30.5322,6.25023,24.153,0.84672,12.849,0.84672,3695.15,0,36.966,0.28849,0.227405,1.94057,2.84476,1.5481,3.17614,0.42336,36.966,0.42336,423.524,0,1.00932,0,0,1.23673,0.227405,1.028160,1,0,27.3291,0,0,0,27.3291,0
58.669,2.3238,0,0,1.51765,0.0618934,0.36288,3.6288,56.6481,0.573804,0,0,0.298838,0.354236,0,0.66528,12.849,1,0.498473,0.36288,0,24.5974,6.22055,18.2413,0.84672,12.849,0.84672,3695.15,0,36.966,0.370326,0.204422,1.87918,1.79838,1.54446,1.96719,0.42336,36.966,0.42336,423.524,0,0.804367,0,0,1.00879,0.204422,1.028160,1,0,20.2084,0,0,0,20.2084,0
56.9645,2.31596,0,0,1.09615,0.121828,0.36288,3.6288,55.9585,0.61508,0,0,0.256848,0.331354,0,0.66528,12.849,1,0.507215,0.36288,0,17.1462,6.03171,10.9701,0.84672,12.849,0.84672,3695.15,0,36.966,0.401374,0.204422,1.87978,1.47386,1.48252,1.67417,0.42336,36.966,0.42336,423.524,0,0.732603,0,0,0.937025,0.204422,1.028160,1,0,12.6443,0,0,0,12.6443,0
55.1695,2.30432,0,0,1.00518,0.132928,0.36288,3.6288,55.2885,0.609593,0,0,0.263442,0.323817,0,0.66528,12.849,1,0.519765,0.36288,0,19.5325,6.02742,13.3482,0.84672,12.849,0.84672,3695.15,0,36.966,0.402695,0.204422,1.88038,1.35654,1.46648,1.57217,0.42336,36.966,0.42336,423.524,0,0.737329,0,0,0.941751,0.204422,1.028160,1,0,14.9204,0,0,0,14.9204,0
53.6571,2.22142,0,0,1.1753,0.10345,0.36288,3.6288,54.6763,0.516346,0,0,0.251357,0.347282,0,0.66528,12.849,1,0.51737,0.36288,0,18.2775,7.22712,10.8959,0.84672,12.849,0.84672,3695.15,0,36.966,0.34523,0.204422,1.88099,1.74415,1.6738,1.81053,0.42336,36.966,0.42336,423.524,0,0.804393,0,0,1.00882,0.204422,1.028160,1,0,12.7064,0,0,0,12.7064,0
52.3048,2.17139,0,0,1.33036,0.148341,0.36288,3.6288,54.0197,0.588395,0,0,0.242135,0.310347,0,0.66528,12.849,1,0.519972,0.36288,0,15.4384,7.09578,8.18551,0.84672,12.849,0.84672,3695.15,0,36.966,0.397807,0.216518,1.80038,1.44857,1.59456,1.4731,0.42336,36.966,0.42336,423.524,0,0.728611,0,0,0.94513,0.216518,1.028160,1,0,9.65861,0,0,0,9.65861,0
51.4072,2.16173,0,0,1.78164,0.154668,0.36288,3.6288,53.6073,0.407677,0,0,0.297785,0.302419,0,0.66528,12.849,1,0.531042,0.36288,0,20.4856,7.04057,13.2769,0.84672,12.849,0.84672,3695.15,0,36.966,0.278976,0.223067,1.82923,1.78044,1.5756,1.97816,0.42336,36.966,0.42336,423.524,0,1.02816,0,0,1.25123,0.223067,1.028160,1,0,15.255,0,0,0,15.255,0
50.9797,2.15544,0,0,2.24408,0.153235,0.36288,3.6288,53.3459,0.406408,0,0,0.446452,0.301505,0,0.66528,12.849,1,0.538743,0.36288,0,41.695,7.04057,34.4786,0.84672,12.849,0.84672,3695.15,0,36.966,0.280246,0.849148,1.82949,2.45927,1.5756,3.28207,0.42336,36.966,0.42336,423.524,0,1.02816,0,0,1.87731,0.849148,1.028160,1,0,37.7606,0,0,0,37.7606,0
50.0359,2.09638,0,0,1.72336,0.207883,0.36288,3.6288,53.0234,0.369571,0,0,0.309967,0.262887,0,0.66528,12.849,1,0.528374,0.36288,0,37.5522,5.87043,31.5163,0.84672,12.849,0.84672,3695.15,0,36.966,0.256094,0.216518,1.82975,2.08129,1.38157,2.4899,0.42336,36.966,0.42336,423.524,0,1.0124,0,0,1.22892,0.216518,1.028160,1,0,34.0062,0,0,0,34.0062,0
48.9178,2.02849,0,0,1.51774,0.244515,0.36288,3.6288,52.7004,0.447485,0,0,0.348664,0.224214,0,0.66528,12.849,1,0.520906,0.36288,0,28.4551,4.3406,23.9565,0.84672,12.849,0.84672,3695.15,0,36.966,0.31197,0.216518,1.75745,2.28478,1.10925,2.83752,0.42336,36.966,0.42336,423.524,0,0.955334,0,0,1.17185,0.216518,1.028160,1,0,26.794,0,0,0,26.794,0
48.4636,2.02014,0,0,2.1704,0.24161,0.36288,3.6288,52.2401,0.563929,0,0,0.327347,0.223635,0,0.66528,12.849,1,0.53062,0.36288,0,35.2783,4.3406,30.77,0.84672,12.849,0.84672,3695.15,0,36.966,0.395561,0.292723,1.8026,2.61593,1.10925,3.20645,0.42336,36.966,0.42336,423.524,0,0.7553,0,0,1.04802,0.292723,1.028160,1,0,33.9764,0,0,0,33.9764,0
51.5319,2.01729,0,0,5.68894,0.240424,0.36288,3.6288,52.5943,0.402098,0,0,0.979097,0.22281,0,0.66528,12.849,1,0.534837,0.36288,0,78.3969,4.3406,73.8844,0.84672,12.849,0.84672,3695.15,0,36.966,0.284532,2.57238,1.80286,5.29111,1.10925,8.27256,0.42336,36.966,0.42336,423.524,0,1.02816,0,0,3.60054,2.57238,1.028160,1,0,82.157,0,0,0,82.157,0
52.9699,1.88263,0,0,3.93809,0.254638,0.36288,3.6288,52.705,0.309234,0,0,0.639576,0.219658,0,0.66528,12.849,1,0.469415,0.36288,0,74.7814,4.16693,70.5079,0.84672,12.849,0.84672,3695.15,0,36.966,0.217345,1.38018,1.80311,3.43371,1.06335,5.33631,0.42336,36.966,0.42336,423.524,0,1.02816,0,0,2.40834,1.38018,1.028160,1,0,75.8442,0,0,0,75.8442,0
57.4796,1.76512,0,0,6.88929,0.251561,0.36288,3.6288,52.6465,0.456499,0,0,0.599001,0.201011,0,0.66528,12.849,1,0.428169,0.36288,0,157.656,3.81527,153.775,0.84672,12.849,0.84672,3695.15,0,36.966,0.320177,0.292723,1.64196,4.68224,0.951332,5.34542,0.42336,36.966,0.42336,423.524,0,0.938062,0,0,1.23079,0.292723,1.028160,1,0,159.121,0,0,0,159.121,0
61.6791,1.7936,0,0,6.60953,0.253509,0.36288,3.6288,52.5539,0.403359,0,0,0.559654,0.248858,0,0.66528,12.849,1,0.400942,0.36288,0,152.063,4.46649,147.559,0.84672,12.849,0.84672,3695.15,0,36.966,0.28322,0.703814,1.73583,3.06226,0.988614,4.23007,0.42336,36.966,0.42336,423.524,0,1.02816,0,0,1.73197,0.703814,1.028160,1,0,151.789,0,0,0,151.789,0
64.4706,1.81723,0,0,5.23505,0.263518,0.36288,3.6288,52.4421,0.403066,0,0,0.53994,0.248673,0,0.66528,12.849,1,0.378565,0.36288,0,128.435,4.46649,123.953,0.84672,12.849,0.84672,3695.15,0,36.966,0.283513,1.73643,1.73606,3.62953,0.988614,5.8299,0.42336,36.966,0.42336,423.524,0,1.02816,0,0,2.76459,1.73643,1.028160,1,0,129.783,0,0,0,129.783,0
67.4276,1.83194,0,0,5.42143,0.269588,0.36288,3.6288,52.4218,0.402711,0,0,0.630867,0.24845,0,0.66528,12.849,1,0.365106,0.36288,0,129.057,4.46649,124.589,0.84672,12.849,0.84672,3695.15,0,36.966,0.283868,3.07569,1.7363,5.32034,0.988614,8.85985,0.42336,36.966,0.42336,423.524,0,1.02816,0,0,4.10385,3.07569,1.028160,1,0,133.449,0,0,0,133.449,0
69.1578,1.91161,0,0,4.27311,0.268349,0.36288,3.6288,52.3057,0.429865,0,0,0.523568,0.209827,0,0.66528,12.849,1,0.364277,0.36288,0,92.0333,4.07713,87.9547,0.84672,12.849,0.84672,3695.15,0,36.966,0.303125,1.66684,1.73653,4.27519,0.940177,6.43526,0.42336,36.966,0.42336,423.524,0,1.02816,0,0,2.695,1.66684,1.028160,1,0,94.39,0,0,0,94.39,0
72.29,1.95949,0,0,10.5681,0.2874,5.18905,3.6288,52.711,0.402277,0,0,0.996598,0.189024,0,0.66528,12.849,1,0.364059,5.18905,0,124.339,4.84355,124.321,0.84672,12.849,0.84672,3695.15,0,36.966,0.284301,2.58014,1.78717,8.84147,1.13667,11.7878,0.42336,36.966,0.42336,423.524,0,1.02816,0,0,3.6083,2.58014,1.028160,1,0,136.108,0,0,0,136.108,0
72.29,1.97395,0,0,7.22053,0.296381,4.95021,3.6288,52.8971,0.403562,0,0,0.802048,0.212401,0,0.66528,12.849,1,0.350854,4.95021,0,117.304,5.20485,116.699,0.84672,12.849,0.84672,3695.15,0,36.966,0.283016,2.14171,1.76024,6.96921,1.27917,9.30898,0.42336,36.966,0.42336,423.524,0,1.02816,0,0,3.16987,2.14171,1.028160,1,0,126.008,0,0,0,126.008,0
72.29,1.97501,0,0,12.6404,0.296381,10.369,3.6288,54.7623,0.404148,0,0,2.4821,0.212718,0,0.66528,12.849,1,0.351043,10.369,0,259.716,5.20485,264.529,0.84672,12.849,0.84672,3695.15,0,36.966,0.28243,5.11174,1.76048,13.2655,1.27917,18.5762,0.42336,36.966,0.42336,423.524,0,1.02816,0,0,6.1399,5.11174,1.028160,1,0,283.105,0,0,0,283.105,0
72.29,2.18793,0,0,11.3074,0.304106,8.81539,3.6288,55.914,0.514053,0,0,1.86571,0.200033,0,0.66528,12.849,1,0.388888,8.81539,0,305.815,4.86009,309.382,0.84672,12.849,0.84672,3695.15,0,36.966,0.346999,4.28911,1.76071,14.5187,1.20636,19.0151,0.42336,36.966,0.42336,423.524,0,1.02816,0,0,5.31727,4.28911,1.028160,1,0,328.397,0,0,0,328.397,0
72.29,2.3372,0,0,9.85919,0.32342,7.19857,3.6288,57.2118,0.413355,0,0,1.87345,0.162257,0,0.66528,12.849,1,0.41542,7.19857,0,255.751,3.99819,258.536,0.84672,12.849,0.84672,3695.15,0,36.966,0.273278,3.05256,1.9425,13.9064,1.02432,17.6039,0.42336,36.966,0.42336,423.524,0,1.02816,0,0,4.08072,3.05256,1.028160,1,0,276.14,0,0,0,276.14,0
72.29,2.33837,0,0,6.77557,0.32342,4.11378,3.6288,57.9432,0.417121,0,0,1.31221,0.163635,0,0.66528,12.849,1,0.415628,4.11378,0,151.438,3.99819,151.138,0.84672,12.849,0.84672,3695.15,0,36.966,0.269512,1.76742,1.84069,9.3876,1.02432,11.7019,0.42336,36.966,0.42336,423.524,0,1.02816,0,0,2.79558,1.76742,1.028160,1,0,162.84,0,0,0,162.84,0
72.29,2.33955,0,0,5.73397,0.325687,3.06874,3.6288,58.6902,0.419198,0,0,1.31771,0.151559,0,0.66528,12.849,1,0.415837,3.06874,0,122.868,3.77134,121.749,0.84672,12.849,0.84672,3695.15,0,36.966,0.267435,2.22689,1.84095,8.83763,0.95927,11.6788,0.42336,36.966,0.42336,423.524,0,1.02816,0,0,3.25505,2.22689,1.028160,1,0,133.428,0,0,0,133.428,0
72.29,2.03817,0,0,5.36611,0.330075,2.99786,3.6288,59.642,0.277448,0,0,1.36131,0.132017,0,0.66528,12.849,1,0.362269,2.99786,0,132.341,3.35355,131.624,0.84672,12.849,0.84672,3695.15,0,36.966,0.17475,2.46792,1.84121,8.74111,0.830767,12.0447,0.42336,36.966,0.42336,423.524,0,1.02816,0,0,3.49608,2.46792,1.028160,1,0,143.668,0,0,0,143.668,0
72.29,1.84019,0,0,4.7947,0.384896,2.56961,3.6288,60.5457,0.423856,0,0,1.41861,0.0911369,0,0.66528,12.849,1,0.32708,2.56961,0,137.128,2.79101,136.58,0.84672,12.849,0.84672,3695.15,0,36.966,0.262705,3.5608,1.59357,8.862,0.74324,13.0104,0.42336,36.966,0.42336,423.524,0,1.02816,0,0,4.58896,3.5608,1.028160,1,0,149.59,0,0,0,149.59,0
72.29,1.84121,0,0,5.58207,0.384896,3.35596,3.6288,61.308,0.426291,0,0,1.44788,0.091663,0.167577,0.66528,12.849,1,0.327262,3.35596,0,154.03,2.79101,154.268,0.84672,12.849,0.84672,3695.15,0,36.966,0.260271,4.16864,1.73094,10.7601,0.74324,15.6561,0.42336,36.966,0.42336,423.524,0,1.02816,0,0,5.1968,4.16864,1.028160,1,0,170.092,0,0,0,170.092,0
72.29,1.84223,0,0,6.34086,0.384213,4.11442,3.6288,61.308,0.42831,0,0,1.53953,0.0863796,1.02484,0.66528,12.849,1,0.327443,4.11442,0,183,2.70135,184.086,0.84672,12.849,0.84672,3695.15,0,36.966,0.258252,4.29392,1.73117,10.7784,0.727885,15.8174,0.42336,36.966,0.42336,423.524,0,1.02816,0,0,5.32208,4.29392,1.028160,1,0,200.928,0,0,0,200.928,0
72.29,1.84325,0,0,9.06238,0.385456,6.83368,3.6288,61.308,0.42831,0,0,1.96755,0.101355,1.43789,0.66528,12.849,1,0.327624,6.83368,0,290.159,3.21228,293.453,0.84672,12.849,0.84672,3695.15,0,36.966,0.258252,5.02114,1.73139,17.3162,0.864496,22.946,0.42336,36.966,0.42336,423.524,0,1.02816,0,0,6.0493,5.02114,1.028160,1,0,317.837,0,0,0,317.837,0
72.29,1.92055,0,0,7.74831,0.355593,5.47217,3.6288,61.308,0.464144,0,0,1.88294,0.145212,1.27358,0.66528,12.849,1,0.341363,5.47217,0,238.081,2.64108,240.571,0.84672,12.849,0.84672,3695.15,0,36.966,0.279858,4.0738,1.73162,16.3411,0.760699,21.1059,0.42336,36.966,0.42336,423.524,0,1.02816,0,0,5.10196,4.0738,1.028160,1,0,262.95,0,0,0,262.95,0
72.29,1.97036,0,0,6.21901,0.314954,3.9337,3.6288,61.308,0.428321,0,0,1.65452,0.143172,1.08302,0.66528,12.849,1,0.350217,3.9337,0,162.171,2.87386,162.881,0.84672,12.849,0.84672,3695.15,0,36.966,0.258258,3.45139,1.79305,11.5544,0.806399,15.7342,0.42336,36.966,0.42336,423.524,0,1.02816,0,0,4.47955,3.45139,1.028160,1,0,179.698,0,0,0,179.698,0
72.29,1.97142,0,0,4.59188,0.309035,2.31143,3.6288,61.308,0.428321,0,0,1.23056,0.141843,0.660399,0.66528,12.849,1,0.350405,2.31143,0,135.941,2.93338,134.969,0.84672,12.849,0.84672,3695.15,0,36.966,0.258259,2.84204,1.75968,9.11482,0.817958,12.6403,0.42336,36.966,0.42336,423.524,0,1.02816,0,0,3.8702,2.84204,1.028160,1,0,148.269,0,0,0,148.269,0
72.29,1.97248,0,0,4.21534,0.309035,1.93383,3.6288,61.308,0.428321,0,0,1.39156,0.141843,0.821398,0.66528,12.849,1,0.350594,1.93383,0,124.77,2.93338,123.42,0.84672,12.849,0.84672,3695.15,0,36.966,0.258259,2.67985,1.75992,11.1056,0.817958,14.4691,0.42336,36.966,0.42336,423.524,0,1.02816,0,0,3.70801,2.67985,1.028160,1,0,138.711,0,0,0,138.711,0
72.29,1.94368,0,0,3.72415,0.287785,1.49268,3.6288,61.308,0.414386,0,0,1.06542,0.162289,0.48874,0.66528,12.849,1,0.345475,1.49268,0,99.347,3.2666,97.2277,0.84672,12.849,0.84672,3695.15,0,36.966,0.249857,1.90453,1.76015,7.98554,0.859365,10.541,0.42336,36.966,0.42336,423.524,0,1.02816,0,0,2.93269,1.90453,1.028160,1,0,108.257,0,0,0,108.257,0
72.29,1.92577,0,0,3.31145,0.244574,1.14111,3.6288,61.308,0.428317,0,0,0.72704,0.193585,0.105138,0.66528,12.849,1,0.34229,1.14111,0,103.176,3.62334,100.352,0.84672,12.849,0.84672,3695.15,0,36.966,0.258256,1.27471,1.73654,5.9025,0.907134,7.74836,0.42336,36.966,0.42336,423.524,0,1.02816,0,0,2.30287,1.27471,1.028160,1,0,108.205,0,0,0,108.205,0
72.29,1.92681,0,0,3.00381,0.228525,0.848472,3.6288,61.2996,0.428317,0,0,0.632961,0.21305,0,0.66528,12.849,1,0.342476,0.848472,0,74.3826,4.14099,70.7476,0.84672,12.849,0.84672,3695.15,0,36.966,0.258256,1.00722,1.74984,4.84559,0.944842,6.39954,0.42336,36.966,0.42336,423.524,0,1.02816,0,0,2.03538,1.00722,1.028160,1,0,77.1472,0,0,0,77.1472,0
72.29,1.92786,0,0,2.8941,0.228525,0.737716,3.6288,61.2483,0.428295,0,0,0.590069,0.213039,0,0.66528,12.849,1,0.342662,0.737716,0,69.4949,4.14099,65.749,0.84672,12.849,0.84672,3695.15,0,36.966,0.258278,0.901264,1.75007,4.67908,0.944842,6.12729,0.42336,36.966,0.42336,423.524,0,1.02816,0,0,1.92942,0.901264,1.028160,1,0,71.8762,0,0,0,71.8762,0
72.29,2.03038,0,0,2.73545,0.213281,0.491785,3.6288,61.114,0.47762,0,0,0.556627,0.213379,0,0.66528,12.849,1,0.360885,0.491785,0,55.8451,4.24626,51.7297,0.84672,12.849,0.84672,3695.15,0,36.966,0.288264,0.76254,1.7503,4.26488,0.961723,5.52773,0.42336,36.966,0.42336,423.524,0,1.02816,0,0,1.7907,0.76254,1.028160,1,0,57.2574,0,0,0,57.2574,0
72.1239,2.0988,0,0,2.41739,0.121819,0.36288,3.6288,60.957,0.443547,0,0,0.502195,0.215651,0,0.66528,12.849,1,0.373046,0.36288,0,59.0373,4.87788,54.1492,0.84672,12.849,0.84672,3695.15,0,36.966,0.268288,0.402797,1.8342,3.26702,1.06301,4.17272,0.42336,36.966,0.42336,423.524,0,1.00292,0,0,1.40572,0.402797,1.028160,1,0,58.322,0,0,0,58.322,0
71.8578,2.09917,0,0,2.31765,0.121666,0.36288,3.6288,60.804,0.427407,0,0,0.48994,0.215437,0,0.66528,12.849,1,0.373971,0.36288,0,54.6261,4.87788,49.7372,0.84672,12.849,0.84672,3695.15,0,36.966,0.259191,0.375494,1.78805,3.15667,1.06301,3.99801,0.42336,36.966,0.42336,423.524,0,1.02816,0,0,1.40365,0.375494,1.028160,1,0,53.7352,0,0,0,53.7352,0
71.4887,2.09909,0,0,2.21427,0.12142,0.36288,3.6288,60.6537,0.427001,0,0,0.491858,0.215228,0,0.66528,12.849,1,0.375342,0.36288,0,52.1948,4.87788,47.3044,0.84672,12.849,0.84672,3695.15,0,36.966,0.259597,0.500368,1.78829,3.0063,1.06301,3.97236,0.42336,36.966,0.42336,423.524,0,1.02816,0,0,1.52853,0.500368,1.028160,1,0,51.2768,0,0,0,51.2768,0
70.9202,2.09855,0,0,2.04822,0.15529,0.36288,3.6288,60.4853,0.426602,0,0,0.464077,0.205843,0,0.66528,12.849,1,0.377182,0.36288,0,48.5609,4.28557,44.2611,0.84672,12.849,0.84672,3695.15,0,36.966,0.259997,0.447336,1.78853,2.73431,1.08586,3.62432,0.42336,36.966,0.42336,423.524,0,1.02816,0,0,1.4755,0.447336,1.028160,1,0,47.8854,0,0,0,47.8854,0
71.1196,2.07704,0,0,2.74665,0.107285,0.36288,3.6288,60.4159,0.453249,0,0,0.649405,0.265556,0,0.66528,12.849,1,0.376309,0.36288,0,58.7641,5.20749,53.5432,0.84672,12.849,0.84672,3695.15,0,36.966,0.277006,0.738582,1.78877,4.18267,1.25452,5.1785,0.42336,36.966,0.42336,423.524,0,1.02816,0,0,1.76674,0.738582,1.028160,1,0,58.7217,0,0,0,58.7217,0
71.2791,2.116,0,0,2.72628,0.0879296,0.36288,3.6288,60.329,0.425975,0,0,0.643874,0.3048,0,0.66528,12.849,1,0.382293,0.36288,0,57.8021,5.36067,52.422,0.84672,12.849,0.84672,3695.15,0,36.966,0.260637,0.723591,1.81831,4.53735,1.38543,5.43318,0.42336,36.966,0.42336,423.524,0,1.02816,0,0,1.75175,0.723591,1.028160,1,0,57.8552,0,0,0,57.8552,0
71.3045,2.11783,0,0,2.59413,0.0880369,0.36288,3.6288,60.1976,0.425742,0,0,0.598959,0.304631,0,0.66528,12.849,1,0.381767,0.36288,0,52.3973,5.36067,47.0177,0.84672,12.849,0.84672,3695.15,0,36.966,0.260869,0.660122,1.79301,4.3204,1.38543,5.12723,0.42336,36.966,0.42336,423.524,0,1.02816,0,0,1.68828,0.660122,1.028160,1,0,52.145,0,0,0,52.145,0
71.129,2.11905,0,0,2.39447,0.088054,0.36288,3.6288,60.0035,0.42539,0,0,0.535626,0.304377,0,0.66528,12.849,1,0.381851,0.36288,0,49.5831,5.36067,44.2035,0.84672,12.849,0.84672,3695.15,0,36.966,0.261222,0.576081,1.79326,4.04114,1.38543,4.76382,0.42336,36.966,0.42336,423.524,0,1.02816,0,0,1.60424,0.576081,1.028160,1,0,48.9673,0,0,0,48.9673,0
70.7323,2.1712,0,0,2.21455,0.0771513,0.36288,3.6288,59.7333,0.448973,0,0,0.49599,0.317138,0,0.66528,12.849,1,0.392213,0.36288,0,44.6116,5.50944,39.0728,0.84672,12.849,0.84672,3695.15,0,36.966,0.276596,0.367451,1.7935,3.46352,1.42784,3.92004,0.42336,36.966,0.42336,423.524,0,1.02816,0,0,1.39561,0.367451,1.028160,1,0,42.9929,0,0,0,42.9929,0
70.5003,2.20342,0,0,2.39686,0.0625813,0.36288,3.6288,59.6193,0.424143,0,0,0.644195,0.334079,0,0.66528,12.849,1,0.400266,0.36288,0,53.5821,5.7078,47.8369,0.84672,12.849,0.84672,3695.15,0,36.966,0.262481,0.449652,1.83531,3.33476,1.48439,3.87286,0.42336,36.966,0.42336,423.524,0,1.02816,0,0,1.47781,0.449652,1.028160,1,0,51.7098,0,0,0,51.7098,0
70.0779,2.20344,0,0,2.20644,0.0624698,0.36288,3.6288,59.4078,0.423833,0,0,0.546119,0.333836,0,0.66528,12.849,1,0.401586,0.36288,0,44.0115,5.7078,38.265,0.84672,12.849,0.84672,3695.15,0,36.966,0.262791,0.539274,1.81277,3.2244,1.48439,3.82927,0.42336,36.966,0.42336,423.524,0,1.02816,0,0,1.56743,0.539274,1.028160,1,0,42.0942,0,0,0,42.0942,0
69.4706,2.20252,0,0,2.02033,0.0622668,0.36288,3.6288,59.1569,0.423257,0,0,0.505824,0.333384,0,0.66528,12.849,1,0.403838,0.36288,0,41.8327,5.7078,36.084,0.84672,12.849,0.84672,3695.15,0,36.966,0.263368,0.311705,1.81302,2.83421,1.48439,3.21119,0.42336,36.966,0.42336,423.524,0,1.02816,0,0,1.33987,0.311705,1.028160,1,0,39.2951,0,0,0,39.2951,0
68.8378,2.35212,0,0,2.13461,0.052383,0.36288,3.6288,58.8904,0.509214,0,0,0.580681,0.337959,0,0.66528,12.849,1,0.435039,0.36288,0,41.028,5.85735,35.0985,0.84672,12.849,0.84672,3695.15,0,36.966,0.318198,0.579709,1.81327,3.7493,1.51427,4.30982,0.42336,36.966,0.42336,423.524,0,1.02816,0,0,1.60787,0.579709,1.028160,1,0,39.4083,0,0,0,39.4083,0
67.63,2.41653,0,0,1.64229,0.0707136,0.36288,3.6288,58.553,0.469658,0,0,0.456607,0.324372,0,0.66528,12.849,1,0.45106,0.36288,0,29.6065,5.45914,24.0592,0.84672,12.849,0.84672,3695.15,0,36.966,0.294808,0.227405,1.95593,3.10865,1.45431,3.54286,0.42336,36.966,0.42336,423.524,0,1.01211,0,0,1.23951,0.227405,1.028160,1,0,27.6021,0,0,0,27.6021,0
66.6264,2.41051,0,0,1.83508,0.0653204,0.36288,3.6288,58.3288,0.459112,0,0,0.561095,0.326214,0,0.66528,12.849,1,0.457971,0.36288,0,37.6738,5.53392,32.0448,0.84672,12.849,0.84672,3695.15,0,36.966,0.289849,0.528431,1.90997,3.29958,1.46925,3.97888,0.42336,36.966,0.42336,423.524,0,1.02816,0,0,1.55659,0.528431,1.028160,1,0,36.0236,0,0,0,36.0236,0
65.243,2.40546,0,0,1.44979,0.0648047,0.36288,3.6288,57.882,0.530646,0,0,0.409583,0.325744,0,0.66528,12.849,1,0.463898,0.36288,0,38.8781,5.53392,33.2432,0.84672,12.849,0.84672,3695.15,0,36.966,0.336298,0.204422,1.91056,2.61452,1.46925,2.92395,0.42336,36.966,0.42336,423.524,0,0.910725,0,0,1.11515,0.204422,1.028160,1,0,36.1671,0,0,0,36.1671,0
64.2136,2.39799,0,0,1.79558,0.064094,0.36288,3.6288,57.7808,0.457731,0,0,0.681401,0.324806,0,0.66528,12.849,1,0.472261,0.36288,0,34.4549,5.53392,28.8116,0.84672,12.849,0.84672,3695.15,0,36.966,0.292327,0.960811,1.91115,3.92882,1.46925,5.03919,0.42336,36.966,0.42336,423.524,0,1.02816,0,0,1.98897,0.960811,1.028160,1,0,33.8507,0,0,0,33.8507,0
62.8779,2.31942,0,0,1.39513,0.048532,0.36288,3.6288,57.4355,0.405561,0,0,0.394031,0.333773,0,0.66528,12.849,1,0.464111,0.36288,0,27.5219,6.26171,21.159,0.84672,12.849,0.84672,3695.15,0,36.966,0.259462,0.223465,1.91174,3.69152,1.52081,4.04644,0.42336,36.966,0.42336,423.524,0,1.02816,0,0,1.25162,0.223465,1.028160,1,0,25.2055,0,0,0,25.2055,0
61.6915,2.29443,0,0,1.56476,0.093887,0.36288,3.6288,57.0074,0.477576,0,0,0.348459,0.298993,0,0.66528,12.849,1,0.468863,0.36288,0,22.1747,6.24362,15.8251,0.84672,12.849,0.84672,3695.15,0,36.966,0.307372,0.216518,1.82979,2.7095,1.43524,3.01319,0.42336,36.966,0.42336,423.524,0,0.929854,0,0,1.14637,0.216518,1.028160,1,0,18.8383,0,0,0,18.8383,0
61.3828,2.28811,0,0,2.43527,0.0929768,0.36288,3.6288,56.8705,0.41654,0,0,0.577746,0.298164,0,0.66528,12.849,1,0.476564,0.36288,0,36.0469,6.24362,29.6896,0.84672,12.849,0.84672,3695.15,0,36.966,0.270102,0.946719,1.8427,4.83314,1.43524,5.91722,0.42336,36.966,0.42336,423.524,0,1.02816,0,0,1.97488,0.946719,1.028160,1,0,35.6068,0,0,0,35.6068,0
60.8799,2.28727,0,0,2.24004,0.09274,0.36288,3.6288,56.6878,0.416146,0,0,0.531365,0.297898,0,0.66528,12.849,1,0.478785,0.36288,0,65.3126,6.24362,58.9531,0.84672,12.849,0.84672,3695.15,0,36.966,0.270497,0.765927,1.84296,4.0851,1.43524,4.98825,0.42336,36.966,0.42336,423.524,0,1.02816,0,0,1.79409,0.765927,1.028160,1,0,63.9413,0,0,0,63.9413,0
60.2606,2.2257,0,0,2.13761,0.168327,0.36288,3.6288,56.4688,0.368406,0,0,0.397571,0.248125,0,0.66528,12.849,1,0.469745,0.36288,0,37.273,5.59523,31.5709,0.84672,12.849,0.84672,3695.15,0,36.966,0.240237,0.301959,1.84322,2.73899,1.29098,3.35295,0.42336,36.966,0.42336,423.524,0,1.02816,0,0,1.33012,0.301959,1.028160,1,0,34.9238,0,0,0,34.9238,0
59.8914,2.15855,0,0,2.3151,0.162886,0.36288,3.6288,56.3774,0.414969,0,0,0.520919,0.197406,0,0.66528,12.849,1,0.460255,0.36288,0,27.2735,4.19526,22.9808,0.84672,12.849,0.84672,3695.15,0,36.966,0.27165,0.793783,1.76972,3.98613,0.898211,5.37978,0.42336,36.966,0.42336,423.524,0,1.02816,0,0,1.82194,0.793783,1.028160,1,0,28.3606,0,0,0,28.3606,0
59.9555,2.15732,0,0,2.83365,0.249348,0.36288,3.6288,56.1522,0.414703,0,0,0.376908,0.187392,0,0.66528,12.849,1,0.462827,0.36288,0,35.0133,4.29261,30.6208,0.84672,12.849,0.84672,3695.15,0,36.966,0.271916,0.388644,1.8156,3.61504,1.02222,4.52515,0.42336,36.966,0.42336,423.524,0,1.02816,0,0,1.4168,0.388644,1.028160,1,0,35.1459,0,0,0,35.1459,0
60.1021,2.15883,0,0,2.91775,0.249501,0.36288,3.6288,56.1008,0.414046,0,0,0.549731,0.187117,0,0.66528,12.849,1,0.462656,0.36288,0,35.524,4.29261,31.1316,0.84672,12.849,0.84672,3695.15,0,36.966,0.272574,1.77194,1.81585,4.97418,1.02222,7.26718,0.42336,36.966,0.42336,423.524,0,1.02816,0,0,2.8001,1.77194,1.028160,1,0,38.3988,0,0,0,38.3988,0
65.6749,1.99219,0,0,8.17771,0.249851,0.36288,3.6288,57.2438,0.315849,0,0,1.64594,0.187054,0,0.66528,12.849,1,0.425904,0.36288,0,110.031,4.29261,105.676,0.84672,12.849,0.84672,3695.15,0,36.966,0.20812,4.65495,1.8161,10.3265,1.02222,15.5672,0.42336,36.966,0.42336,423.524,0,1.02816,0,0,5.68311,4.65495,1.028160,1,0,121.243,0,0,0,121.243,0
67.5486,1.88745,0,0,4.39628,0.272232,0.36288,3.6288,57.3342,0.417174,0,0,0.690711,0.183181,0,0.66528,12.849,1,0.369272,0.36288,0,52.5083,4.20451,48.2974,0.84672,12.849,0.84672,3695.15,0,36.966,0.269396,1.60107,1.65233,4.71936,1.01059,6.69276,0.42336,36.966,0.42336,423.524,0,1.02816,0,0,2.62923,1.60107,1.028160,1,0,54.9902,0,0,0,54.9902,0
70.0552,1.89709,0,0,5.04287,0.276307,0.36288,3.6288,57.5044,0.417432,0,0,0.770954,0.183288,0,0.66528,12.849,1,0.360861,0.36288,0,61.6214,4.20451,57.4189,0.84672,12.849,0.84672,3695.15,0,36.966,0.269138,1.93222,1.74771,5.26663,1.01059,7.66683,0.42336,36.966,0.42336,423.524,0,1.02816,0,0,2.96038,1.93222,1.028160,1,0,65.0858,0,0,0,65.0858,0
72.1244,1.90903,0,0,4.6229,0.281758,0.36288,3.6288,57.5977,0.417917,0,0,0.694703,0.18349,0,0.66528,12.849,1,0.350141,0.36288,0,54.7898,4.20451,50.598,0.84672,12.849,0.84672,3695.15,0,36.966,0.268653,1.47716,1.74794,3.7125,1.01059,5.65835,0.42336,36.966,0.42336,423.524,0,1.02816,0,0,2.50532,1.47716,1.028160,1,0,56.2564,0,0,0,56.2564,0
72.29,1.9186,0,0,4.15275,0.283635,1.78491,3.6288,57.6539,0.418182,0,0,0.673542,0.199193,0,0.66528,12.849,1,0.341799,1.78491,0,48.2671,3.96978,45.7404,0.84672,12.849,0.84672,3695.15,0,36.966,0.268388,1.47433,1.74817,3.80143,0.935834,5.81971,0.42336,36.966,0.42336,423.524,0,1.02816,0,0,2.50249,1.47433,1.028160,1,0,51.5601,0,0,0,51.5601,0
72.29,1.98725,0,0,5.25962,0.318595,2.95377,3.6288,57.7876,0.447078,0,0,0.809082,0.22822,0,0.66528,12.849,1,0.353219,2.95377,0,87.6566,4.4433,85.8139,0.84672,12.849,0.84672,3695.15,0,36.966,0.286653,2.1156,1.7484,4.79401,1.04384,7.32751,0.42336,36.966,0.42336,423.524,0,1.02816,0,0,3.14376,2.1156,1.028160,1,0,93.1414,0,0,0,93.1414,0
72.29,2.02834,0,0,5.76001,0.350704,3.38097,3.6288,57.6367,0.418719,0,0,0.512853,0.245035,0,0.66528,12.849,1,0.360521,3.38097,0,76.9306,5.21955,74.7315,0.84672,12.849,0.84672,3695.15,0,36.966,0.267849,1.06643,1.79984,3.51487,1.25024,4.86305,0.42336,36.966,0.42336,423.524,0,1.02816,0,0,2.09459,1.06643,1.028160,1,0,79.5945,0,0,0,79.5945,0
72.29,2.02937,0,0,8.45277,0.347828,6.07557,3.6288,57.5953,0.418292,0,0,0.625465,0.24863,0,0.66528,12.849,1,0.360706,6.07557,0,100.2,5.29791,100.617,0.84672,12.849,0.84672,3695.15,0,36.966,0.268276,1.20809,1.77247,5.86672,1.2885,7.2905,0.42336,36.966,0.42336,423.524,0,1.02816,0,0,2.23625,1.20809,1.028160,1,0,107.907,0,0,0,107.907,0
72.29,2.03041,0,0,6.47893,0.318514,4.13001,3.6288,57.5965,0.418174,0,0,0.683941,0.26451,0,0.66528,12.849,1,0.36089,4.13001,0,117.445,5.34097,115.873,0.84672,12.849,0.84672,3695.15,0,36.966,0.268394,1.69951,1.7727,5.07405,1.43061,6.84726,0.42336,36.966,0.42336,423.524,0,1.02816,0,0,2.72767,1.69951,1.028160,1,0,122.721,0,0,0,122.721,0
72.29,2.24673,0,0,6.66829,0.306899,4.11467,3.6288,57.629,0.526161,0,0,0.806382,0.247719,0,0.66528,12.849,1,0.399338,4.11467,0,153.881,4.58345,153.013,0.84672,12.849,0.84672,3695.15,0,36.966,0.337695,2.73685,1.77293,7.18461,1.26308,10.0936,0.42336,36.966,0.42336,423.524,0,1.02816,0,0,3.76501,2.73685,1.028160,1,0,163.106,0,0,0,163.106,0
72.29,2.39836,0,0,11.3057,0.333683,8.57366,3.6288,57.9873,0.418302,0,0,0.980051,0.203455,0,0.66528,12.849,1,0.42629,8.57366,0,268.466,3.45503,273.159,0.84672,12.849,0.84672,3695.15,0,36.966,0.268319,3.47468,1.95764,9.68034,0.957857,13.8865,0.42336,36.966,0.42336,423.524,0,1.02816,0,0,4.50284,3.47468,1.028160,1,0,287.045,0,0,0,287.045,0
72.29,2.39951,0,0,7.76961,0.333683,5.03642,3.6288,58.0505,0.419315,0,0,0.68645,0.203927,0,0.66528,12.849,1,0.426494,5.03642,0,158.968,3.45503,160.123,0.84672,12.849,0.84672,3695.15,0,36.966,0.267307,2.05661,1.85418,6.53469,0.957857,9.22031,0.42336,36.966,0.42336,423.524,0,1.02816,0,0,3.08477,2.05661,1.028160,1,0,169.343,0,0,0,169.343,0
72.29,2.40065,0,0,6.57521,0.33595,3.83861,3.6288,58.1292,0.419493,0,0,0.689332,0.191149,0,0.66528,12.849,1,0.426698,3.83861,0,128.978,3.22818,129.162,0.84672,12.849,0.84672,3695.15,0,36.966,0.267129,2.56361,1.85443,6.1519,0.892812,9.41001,0.42336,36.966,0.42336,423.524,0,1.02816,0,0,3.59177,2.56361,1.028160,1,0,138.572,0,0,0,138.572,0
72.29,2.09438,0,0,5.91232,0.32083,3.49711,3.6288,58.3318,0.274105,0,0,0.65857,0.181909,0,0.66528,12.849,1,0.37226,3.49711,0,122.205,2.97935,122.351,0.84672,12.849,0.84672,3695.15,0,36.966,0.174311,2.28449,1.85469,5.64014,0.786239,8.81876,0.42336,36.966,0.42336,423.524,0,1.02816,0,0,3.31265,2.28449,1.028160,1,0,131.169,0,0,0,131.169,0
72.29,1.89318,0,0,4.2962,0.349052,2.05396,3.6288,58.3256,0.420238,0,0,0.553268,0.139205,0,0.66528,12.849,1,0.336498,2.05396,0,67.8318,2.56987,66.9794,0.84672,12.849,0.84672,3695.15,0,36.966,0.266313,1.59126,1.60305,4.32662,0.712266,6.54235,0.42336,36.966,0.42336,423.524,0,1.02816,0,0,2.61942,1.59126,1.028160,1,0,73.5217,0,0,0,73.5217,0
72.29,1.89418,0,0,3.95608,0.349052,1.71285,3.6288,58.3117,0.420221,0,0,0.545523,0.1392,0,0.66528,12.849,1,0.336675,1.71285,0,69.2418,2.56987,68.0481,0.84672,12.849,0.84672,3695.15,0,36.966,0.26633,1.55085,1.74263,3.91967,0.712266,6.23455,0.42336,36.966,0.42336,423.524,0,1.02816,0,0,2.57901,1.55085,1.028160,1,0,74.2827,0,0,0,74.2827,0
72.29,1.89517,0,0,7.13301,0.349052,4.88879,3.6288,58.6652,0.420182,0,0,0.912851,0.139187,0,0.66528,12.849,1,0.336853,4.88879,0,131.023,2.56987,133.005,0.84672,12.849,0.84672,3695.15,0,36.966,0.266369,3.44705,1.74285,7.78279,0.712266,11.9941,0.42336,36.966,0.42336,423.524,0,1.02816,0,0,4.47521,3.44705,1.028160,1,0,144.999,0,0,0,144.999,0
72.29,1.89617,0,0,6.76488,0.328811,4.5399,3.6288,59.1496,0.421167,0,0,1.05287,0.147267,0,0.66528,12.849,1,0.33703,4.5399,0,140.669,3.09356,141.778,0.84672,12.849,0.84672,3695.15,0,36.966,0.265385,4.40554,1.74307,12.2744,0.800095,17.3575,0.42336,36.966,0.42336,423.524,0,1.02816,0,0,5.4337,4.40554,1.028160,1,0,159.136,0,0,0,159.136,0
72.29,1.97466,0,0,7.07505,0.305749,4.79464,3.6288,59.2797,0.45842,0,0,0.74575,0.157268,0,0.66528,12.849,1,0.350982,4.79464,0,152.18,3.74047,152.883,0.84672,12.849,0.84672,3695.15,0,36.966,0.286493,2.83381,1.74329,6.64718,0.88593,10.0519,0.42336,36.966,0.42336,423.524,0,1.02816,0,0,3.86197,2.83381,1.028160,1,0,162.935,0,0,0,162.935,0
72.29,2.02524,0,0,7.98189,0.293419,5.66323,3.6288,59.6841,0.422872,0,0,0.983913,0.156647,0,0.66528,12.849,1,0.359971,5.66323,0,147.947,3.86663,149.384,0.84672,12.849,0.84672,3695.15,0,36.966,0.263697,3.37029,1.8057,10.454,0.899197,14.4671,0.42336,36.966,0.42336,423.524,0,1.02816,0,0,4.39845,3.37029,1.028160,1,0,163.851,0,0,0,163.851,0
72.29,2.02627,0,0,6.63759,0.293419,4.3179,3.6288,59.9547,0.423975,0,0,0.851659,0.157053,0,0.66528,12.849,1,0.360155,4.3179,0,132.449,3.86663,132.541,0.84672,12.849,0.84672,3695.15,0,36.966,0.262594,2.70261,1.77179,7.41566,0.899197,10.7283,0.42336,36.966,0.42336,423.524,0,1.02816,0,0,3.73077,2.70261,1.028160,1,0,143.269,0,0,0,143.269,0
72.29,2.02731,0,0,6.09303,0.270786,3.79494,3.6288,60.0036,0.424709,0,0,0.628451,0.154848,0,0.66528,12.849,1,0.360339,3.79494,0,101.86,4.0149,101.279,0.84672,12.849,0.84672,3695.15,0,36.966,0.261861,1.96854,1.77202,5.27975,0.908838,7.8496,0.42336,36.966,0.42336,423.524,0,1.02816,0,0,2.9967,1.96854,1.028160,1,0,109.129,0,0,0,109.129,0
72.29,1.99801,0,0,4.97272,0.200601,2.77411,3.6288,59.916,0.410798,0,0,0.504113,0.180877,0,0.66528,12.849,1,0.355131,2.77411,0,97.6139,4.49093,95.5419,0.84672,12.849,0.84672,3695.15,0,36.966,0.253077,1.31153,1.77224,4.38146,0.977458,6.23471,0.42336,36.966,0.42336,423.524,0,1.02816,0,0,2.33969,1.31153,1.028160,1,0,101.777,0,0,0,101.777,0
72.29,1.97976,0,0,4.75945,0.147259,2.63242,3.6288,59.7185,0.4246,0,0,0.446892,0.219797,0,0.66528,12.849,1,0.351888,2.63242,0,92.8126,4.86203,90.2311,0.84672,12.849,0.84672,3695.15,0,36.966,0.261963,1.26016,1.74824,4.23906,1.05181,5.93369,0.42336,36.966,0.42336,423.524,0,1.02816,0,0,2.28832,1.26016,1.028160,1,0,96.1648,0,0,0,96.1648,0
72.29,1.98079,0,0,4.42843,0.147259,2.30039,3.6288,59.5208,0.424065,0,0,0.445871,0.21952,0,0.66528,12.849,1,0.35207,2.30039,0,84.856,4.86203,81.9423,0.84672,12.849,0.84672,3695.15,0,36.966,0.262498,1.26879,1.76175,4.02859,1.05181,5.74482,0.42336,36.966,0.42336,423.524,0,1.02816,0,0,2.29695,1.26879,1.028160,1,0,87.6871,0,0,0,87.6871,0
72.29,1.98181,0,0,4.25487,0.147259,2.12581,3.6288,59.4412,0.423527,0,0,0.563164,0.219243,0,0.66528,12.849,1,0.352251,2.12581,0,81.3344,4.86203,78.2459,0.84672,12.849,0.84672,3695.15,0,36.966,0.263036,1.74598,1.76197,4.91521,1.05181,7.10831,0.42336,36.966,0.42336,423.524,0,1.02816,0,0,2.77414,1.74598,1.028160,1,0,85.3542,0,0,0,85.3542,0
72.29,2.08593,0,0,3.91785,0.137755,1.69417,3.6288,59.2644,0.472989,0,0,0.451495,0.155305,0,0.66528,12.849,1,0.370758,1.69417,0,70.778,4.31405,67.7874,0.84672,12.849,0.84672,3695.15,0,36.966,0.294148,1.21611,1.7622,4.07307,0.810016,5.94721,0.42336,36.966,0.42336,423.524,0,1.02816,0,0,2.24427,1.21611,1.028160,1,0,73.7346,0,0,0,73.7346,0
72.29,2.15539,0,0,3.60199,0.0990689,1.34753,3.6288,58.9916,0.422841,0,0,0.39176,0.241792,0,0.66528,12.849,1,0.383105,1.34753,0,58.8996,5.5103,54.3537,0.84672,12.849,0.84672,3695.15,0,36.966,0.263746,0.76356,1.84743,3.99051,1.16432,5.17343,0.42336,36.966,0.42336,423.524,0,1.02816,0,0,1.79172,0.76356,1.028160,1,0,59.5271,0,0,0,59.5271,0
72.29,2.15647,0,0,3.46946,0.0990689,1.21392,3.6288,58.7044,0.422091,0,0,0.376338,0.241369,0,0.66528,12.849,1,0.383296,1.21392,0,55.6121,5.5103,50.9325,0.84672,12.849,0.84672,3695.15,0,36.966,0.264496,0.807227,1.80053,3.14154,1.16432,4.32048,0.42336,36.966,0.42336,423.524,0,1.02816,0,0,1.83539,0.807227,1.028160,1,0,55.2529,0,0,0,55.2529,0
72.29,2.15754,0,0,3.36505,0.083583,1.12392,3.6288,58.3817,0.421297,0,0,0.362337,0.263742,0,0.66528,12.849,1,0.383487,1.12392,0,52.7206,5.62058,47.8404,0.84672,12.849,0.84672,3695.15,0,36.966,0.26529,0.865305,1.80077,2.92726,1.21911,4.10893,0.42336,36.966,0.42336,423.524,0,1.02816,0,0,1.89346,0.865305,1.028160,1,0,51.9494,0,0,0,51.9494,0
72.29,2.15862,0,0,3.27415,0.0719686,1.04357,3.6288,58.0318,0.4204,0,0,0.350728,0.280272,0,0.66528,12.849,1,0.383678,1.04357,0,48.9141,5.70328,43.8707,0.84672,12.849,0.84672,3695.15,0,36.966,0.266188,0.791346,1.801,2.87301,1.26021,3.93896,0.42336,36.966,0.42336,423.524,0,1.02816,0,0,1.81951,0.791346,1.028160,1,0,47.8096,0,0,0,47.8096,0
72.29,2.13927,0,0,3.50232,0.0764646,1.28658,3.6288,57.7566,0.446512,0,0,0.431057,0.259761,0,0.66528,12.849,1,0.380239,1.28658,0,52.8691,5.27879,48.4967,0.84672,12.849,0.84672,3695.15,0,36.966,0.284426,1.10544,1.80124,3.28501,1.24916,4.65809,0.42336,36.966,0.42336,423.524,0,1.02816,0,0,2.1336,1.10544,1.028160,1,0,53.1548,0,0,0,53.1548,0
72.29,2.178,0,0,3.53904,0.078263,1.28278,3.6288,57.5343,0.418651,0,0,0.447784,0.251363,0,0.66528,12.849,1,0.387122,1.28278,0,55.3108,5.10899,51.0974,0.84672,12.849,0.84672,3695.15,0,36.966,0.26795,1.10256,1.83124,3.55032,1.24475,4.97142,0.42336,36.966,0.42336,423.524,0,1.02816,0,0,2.13072,1.10256,1.028160,1,0,56.0689,0,0,0,56.0689,0
72.29,2.17908,0,0,3.25227,0.078263,0.99493,3.6288,57.3002,0.418021,0,0,0.434917,0.251001,0,0.66528,12.849,1,0.387314,0.99493,0,54.4373,5.10899,49.9359,0.84672,12.849,0.84672,3695.15,0,36.966,0.26858,1.10345,1.80553,3.58008,1.24475,4.97573,0.42336,36.966,0.42336,423.524,0,1.02816,0,0,2.13161,1.10345,1.028160,1,0,54.9116,0,0,0,54.9116,0
72.29,2.18016,0,0,2.96038,0.078263,0.701956,3.6288,57.039,0.417354,0,0,0.406778,0.250621,0,0.66528,12.849,1,0.387506,0.701956,0,52.2596,5.10899,47.4651,0.84672,12.849,0.84672,3695.15,0,36.966,0.269247,0.818752,1.80577,3.36316,1.24475,4.47368,0.42336,36.966,0.42336,423.524,0,1.02816,0,0,1.84691,0.818752,1.028160,1,0,51.9388,0,0,0,51.9388,0
72.29,2.23403,0,0,2.87399,0.0693112,0.570651,3.6288,56.7439,0.440617,0,0,0.417633,0.272196,0,0.66528,12.849,1,0.397082,0.570651,0,44.4069,5.38759,39.1929,0.84672,12.849,0.84672,3695.15,0,36.966,0.285556,0.736811,1.806,3.17279,1.35872,4.07133,0.42336,36.966,0.42336,423.524,0,1.02816,0,0,1.76497,0.736811,1.028160,1,0,43.2642,0,0,0,43.2642,0
72.29,2.26873,0,0,2.98268,0.0635925,0.650364,3.6288,56.4559,0.415763,0,0,0.417089,0.289284,0,0.66528,12.849,1,0.403249,0.650364,0,55.0858,5.5901,49.7428,0.84672,12.849,0.84672,3695.15,0,36.966,0.27085,0.82963,1.84847,3.26509,1.46333,4.20901,0.42336,36.966,0.42336,423.524,0,1.02816,0,0,1.85779,0.82963,1.028160,1,0,53.9518,0,0,0,53.9518,0
72.29,2.26983,0,0,2.78179,0.0635925,0.448361,3.6288,56.1217,0.414928,0,0,0.369434,0.288742,0,0.66528,12.849,1,0.403446,0.448361,0,43.5784,5.5901,38.0333,0.84672,12.849,0.84672,3695.15,0,36.966,0.271685,0.805671,1.82556,2.98026,1.46333,3.87648,0.42336,36.966,0.42336,423.524,0,1.02816,0,0,1.83383,0.805671,1.028160,1,0,41.9097,0,0,0,41.9097,0
72.1229,2.27094,0,0,2.53031,0.0635925,0.36288,3.6288,55.7666,0.413952,0,0,0.347013,0.288112,0,0.66528,12.849,1,0.403642,0.36288,0,40.0717,5.5901,34.4409,0.84672,12.849,0.84672,3695.15,0,36.966,0.272661,0.518676,1.82581,2.72758,1.46333,3.33607,0.42336,36.966,0.42336,423.524,0,1.02816,0,0,1.54684,0.518676,1.028160,1,0,37.7769,0,0,0,37.7769,0
72.1433,2.42599,0,0,2.86277,0.0534918,0.36288,3.6288,55.4081,0.498909,0,0,0.421887,0.28147,0,0.66528,12.849,1,0.4322,0.36288,0,41.2089,5.73159,35.408,0.84672,12.849,0.84672,3695.15,0,36.966,0.330712,1.06407,1.82605,3.99879,1.50021,5.05799,0.42336,36.966,0.42336,423.524,0,1.02816,0,0,2.09223,1.06407,1.028160,1,0,40.466,0,0,0,40.466,0
72.1587,2.47244,0,0,2.91845,0.0677211,0.36288,3.6288,55.0019,0.465712,0,0,0.386581,0.327074,0,0.66528,12.849,1,0.440351,0.36288,0,44.5169,5.66441,38.775,0.84672,12.849,0.84672,3695.15,0,36.966,0.310704,0.517959,1.97095,2.64429,1.51871,3.30378,0.42336,36.966,0.42336,423.524,0,1.02816,0,0,1.54612,0.517959,1.028160,1,0,42.0788,0,0,0,42.0788,0
71.9855,2.47325,0,0,2.75359,0.0906895,0.36288,3.6288,54.5958,0.46466,0,0,0.368379,0.309831,0,0.66528,12.849,1,0.440402,0.36288,0,41.4242,5.63197,35.7147,0.84672,12.849,0.84672,3695.15,0,36.966,0.312292,0.708169,1.94007,2.78156,1.54653,3.57098,0.42336,36.966,0.42336,423.524,0,1.02816,0,0,1.73633,0.708169,1.028160,1,0,39.2857,0,0,0,39.2857,0
71.6417,2.47309,0,0,2.57791,0.0856806,0.36288,3.6288,54.1832,0.463595,0,0,0.362497,0.311483,0,0.66528,12.849,1,0.441432,0.36288,0,41.7465,5.70675,35.9612,0.84672,12.849,0.84672,3695.15,0,36.966,0.313893,1.26185,1.94065,2.64479,1.56147,3.97193,0.42336,36.966,0.42336,423.524,0,1.02816,0,0,2.29001,1.26185,1.028160,1,0,39.9331,0,0,0,39.9331,0
71.1965,2.47203,0,0,2.47513,0.0854566,0.36288,3.6288,53.7674,0.462493,0,0,0.357277,0.310634,0,0.66528,12.849,1,0.44336,0.36288,0,39.3721,5.70675,33.5849,0.84672,12.849,0.84672,3695.15,0,36.966,0.315531,1.22069,1.94123,2.60696,1.56147,3.89187,0.42336,36.966,0.42336,423.524,0,1.02816,0,0,2.24885,1.22069,1.028160,1,0,37.4768,0,0,0,37.4768,0
71.3036,2.39504,0,0,2.93053,0.065553,0.36288,3.6288,53.4087,0.409851,0,0,0.384011,0.332795,0,0.66528,12.849,1,0.432238,0.36288,0,45.2251,5.52057,39.6352,0.84672,12.849,0.84672,3695.15,0,36.966,0.28178,1.0541,1.9418,2.92138,1.57201,4.06349,0.42336,36.966,0.42336,423.524,0,1.02816,0,0,2.08226,1.0541,1.028160,1,0,43.6987,0,0,0,43.6987,0
71.4345,2.3963,0,0,3.03234,0.142198,0.36288,3.6288,53.1314,0.409035,0,0,0.419158,0.28741,0,0.66528,12.849,1,0.431816,0.36288,0,45.85,3.79079,41.9903,0.84672,12.849,0.84672,3695.15,0,36.966,0.283107,0.872873,1.85854,2.957,1.17502,4.23028,0.42336,36.966,0.42336,423.524,0,1.02816,0,0,1.90103,0.872873,1.028160,1,0,46.2205,0,0,0,46.2205,0
71.9252,2.39768,0,0,3.45153,0.200344,0.36288,3.6288,53.0603,0.408465,0,0,0.606134,0.268835,0,0.66528,12.849,1,0.431273,0.36288,0,45.1638,3.26865,41.8267,0.84672,12.849,0.84672,3695.15,0,36.966,0.284188,1.55077,1.85909,4.12627,1.0783,6.17364,0.42336,36.966,0.42336,423.524,0,1.02816,0,0,2.57893,1.55077,1.028160,1,0,48.0004,0,0,0,48.0004,0
72.2458,2.40089,0,0,3.28555,0.201095,0.36288,3.6288,52.9728,0.408541,0,0,0.589773,0.268682,0,0.66528,12.849,1,0.428905,0.36288,0,57.4909,3.26865,54.1562,0.84672,12.849,0.84672,3695.15,0,36.966,0.284622,1.39018,1.85965,4.0852,1.0783,5.9721,0.42336,36.966,0.42336,423.524,0,1.02816,0,0,2.41834,1.39018,1.028160,1,0,60.1283,0,0,0,60.1283,0
72.29,2.34114,0,0,3.3859,0.214677,0.785932,3.6288,53.0758,0.361905,0,0,0.728404,0.263499,0,0.66528,12.849,1,0.416374,0.785932,0,88.4333,3.55302,85.2498,0.84672,12.849,0.84672,3695.15,0,36.966,0.252548,1.80017,1.8602,4.90767,1.07438,7.24111,0.42336,36.966,0.42336,423.524,0,1.02816,0,0,2.82833,1.80017,1.028160,1,0,92.4909,0,0,0,92.4909,0
70.6968,2.2812,0,0,1.34419,0.293323,0.36288,3.6288,52.9437,0.404726,0,0,0.50628,0.233717,0,0.66528,12.849,1,0.405466,0.36288,0,51.277,5.25924,45.9752,0.84672,12.849,0.84672,3695.15,0,36.966,0.281882,0.756017,1.78584,2.16904,1.05083,3.37819,0.42336,36.966,0.42336,423.524,0,1.02816,0,0,1.78418,0.756017,1.028160,1,0,49.3534,0,0,0,49.3534,0
71.1591,2.27457,0,0,3.37383,0.274106,0.36288,3.6288,53.0773,0.404312,0,0,0.765781,0.227835,0,0.66528,12.849,1,0.413399,0.36288,0,49.2299,5.11524,44.0641,0.84672,12.849,0.84672,3695.15,0,36.966,0.282296,1.56729,1.82831,4.53792,1.08303,6.56819,0.42336,36.966,0.42336,423.524,0,1.02816,0,0,2.59545,1.56729,1.028160,1,0,50.6323,0,0,0,50.6323,0
72.29,2.27795,0,0,6.9601,0.28535,3.26586,3.6288,53.7146,0.404731,0,0,1.23108,0.189041,0,0.66528,12.849,1,0.411324,3.26586,0,135.325,4.22207,133.957,0.84672,12.849,0.84672,3695.15,0,36.966,0.281877,2.86927,1.82855,10.2037,0.9465,13.6732,0.42336,36.966,0.42336,423.524,0,1.02816,0,0,3.89743,2.86927,1.028160,1,0,147.631,0,0,0,147.631,0
72.29,2.10799,0,0,3.7186,0.300423,1.31019,3.6288,54.0645,0.308861,0,0,0.836101,0.177333,0,0.66528,12.849,1,0.374678,1.31019,0,81.8044,3.9416,78.7983,0.84672,12.849,0.84672,3695.15,0,36.966,0.212556,1.55917,1.8288,5.05729,0.874716,7.35799,0.42336,36.966,0.42336,423.524,0,1.02816,0,0,2.58733,1.55917,1.028160,1,0,86.1563,0,0,0,86.1563,0
72.29,1.96878,0,0,6.27344,0.275718,4.02894,3.6288,54.8862,0.407759,0,0,1.39803,0.168629,0,0.66528,12.849,1,0.349936,4.02894,0,170.837,3.00623,171.51,0.84672,12.849,0.84672,3695.15,0,36.966,0.2788,2.96889,1.66245,9.6271,0.820989,13.1587,0.42336,36.966,0.42336,423.524,0,1.02816,0,0,3.99705,2.96889,1.028160,1,0,184.668,0,0,0,184.668,0
72.29,1.9698,0,0,6.88668,0.30551,4.61138,3.6288,55.487,0.410253,0,0,1.2162,0.205096,0,0.66528,12.849,1,0.350117,4.61138,0,177.625,3.6768,178.21,0.84672,12.849,0.84672,3695.15,0,36.966,0.276306,2.73045,1.75932,8.58787,1.04511,11.7562,0.42336,36.966,0.42336,423.524,0,1.02816,0,0,3.75861,2.73045,1.028160,1,0,189.966,0,0,0,189.966,0
72.29,1.97081,0,0,6.26926,0.311161,3.98729,3.6288,56.431,0.412048,0,0,1.56812,0.212113,0,0.66528,12.849,1,0.350297,3.98729,0,156.451,3.81455,156.274,0.84672,12.849,0.84672,3695.15,0,36.966,0.274511,3.43577,1.75954,10.5498,1.08395,14.3867,0.42336,36.966,0.42336,423.524,0,1.02816,0,0,4.46393,3.43577,1.028160,1,0,170.66,0,0,0,170.66,0
72.29,1.97183,0,0,5.49626,0.311161,3.21327,3.6288,56.9689,0.414823,0,0,1.16622,0.213427,0,0.66528,12.849,1,0.350478,3.21327,0,155.032,3.81455,154.08,0.84672,12.849,0.84672,3695.15,0,36.966,0.271736,2.63402,1.75977,10.194,1.08528,13.2308,0.42336,36.966,0.42336,423.524,0,1.02816,0,0,3.66218,2.63402,1.028160,1,0,167.311,0,0,0,167.311,0
72.29,2.04084,0,0,6.91713,0.304013,4.57228,3.6288,58.5744,0.445426,0,0,2.25732,0.206453,0,0.66528,12.849,1,0.362744,4.57228,0,164.494,3.85381,164.85,0.84672,12.849,0.84672,3695.15,0,36.966,0.289028,3.56788,1.75999,10.9458,1.0487,14.936,0.42336,36.966,0.42336,423.524,0,1.02816,0,0,4.59604,3.56788,1.028160,1,0,179.786,0,0,0,179.786,0
72.29,2.08252,0,0,6.46496,0.306372,4.07607,3.6288,59.7306,0.420918,0,0,1.78095,0.203826,0,0.66528,12.849,1,0.370152,4.07607,0,85.1895,3.77496,85.1205,0.84672,12.849,0.84672,3695.15,0,36.966,0.265639,4.13001,1.81223,7.87641,1.00407,12.5489,0.42336,36.966,0.42336,423.524,0,1.02816,0,0,5.15817,4.13001,1.028160,1,0,97.6694,0,0,0,97.6694,0
72.29,2.08353,0,0,7.75357,0.306372,5.36367,3.6288,60.5404,0.424094,0,0,1.4393,0.205342,0,0.66528,12.849,1,0.370332,5.36367,0,150.948,3.77496,152.166,0.84672,12.849,0.84672,3695.15,0,36.966,0.262463,6.14452,1.78442,10.8506,1.00407,17.513,0.42336,36.966,0.42336,423.524,0,1.02816,0,0,7.17268,6.14452,1.028160,1,0,169.679,0,0,0,169.679,0
72.29,2.08454,0,0,7.01257,0.306372,4.62165,3.6288,61.308,0.426275,0,0,1.92174,0.206404,0.521509,0.66528,12.849,1,0.370512,4.62165,0,161.664,3.77496,162.14,0.84672,12.849,0.84672,3695.15,0,36.966,0.260283,5.97228,1.78464,10.5763,1.00407,17.0689,0.42336,36.966,0.42336,423.524,0,1.02816,0,0,7.00044,5.97228,1.028160,1,0,179.73,0,0,0,179.73,0
72.29,2.30417,0,0,7.59629,0.306151,4.98596,3.6288,61.308,0.540624,0,0,1.70614,0.20224,0.963279,0.66528,12.849,1,0.409549,4.98596,0,168.622,3.70819,169.49,0.84672,12.849,0.84672,3695.15,0,36.966,0.325972,4.11648,1.78487,6.80208,0.989984,11.3875,0.42336,36.966,0.42336,423.524,0,1.02816,0,0,5.14464,4.11648,1.028160,1,0,181.841,0,0,0,181.841,0
72.29,2.45812,0,0,8.91691,0.308296,6.1505,3.6288,61.308,0.42834,0,0,2.21652,0.211819,1.57636,0.66528,12.849,1,0.436912,6.1505,0,196.709,4.0741,198.349,0.84672,12.849,0.84672,3695.15,0,36.966,0.25827,6.56719,1.97244,12.0062,1.06132,19.2263,0.42336,36.966,0.42336,423.524,0,1.02816,0,0,7.59535,6.56719,1.028160,1,0,219.152,0,0,0,219.152,0
72.29,2.45924,0,0,5.58997,0.308296,2.82244,3.6288,61.308,0.42834,0,0,1.41579,0.211819,0.775634,0.66528,12.849,1,0.43711,2.82244,0,133.514,4.0741,131.825,0.84672,12.849,0.84672,3695.15,0,36.966,0.25827,3.65411,1.86736,7.30249,1.06132,11.5044,0.42336,36.966,0.42336,423.524,0,1.02816,0,0,4.68227,3.65411,1.028160,1,0,144.105,0,0,0,144.105,0
72.29,2.46035,0,0,6.4625,0.308296,3.69385,3.6288,61.308,0.42834,0,0,1.23157,0.211819,0.591415,0.66528,12.849,1,0.437309,3.69385,0,107.285,4.0741,106.468,0.84672,12.849,0.84672,3695.15,0,36.966,0.25827,2.99802,1.86761,5.42677,1.06132,8.9728,0.42336,36.966,0.42336,423.524,0,1.02816,0,0,4.02618,2.99802,1.028160,1,0,116.032,0,0,0,116.032,0
72.29,2.1493,0,0,4.23604,0.319449,1.76729,3.6288,61.308,0.277437,0,0,1.10624,0.185504,0.643304,0.66528,12.849,1,0.382022,1.76729,0,120.861,3.72449,118.521,0.84672,12.849,0.84672,3695.15,0,36.966,0.167282,2.55353,1.86785,4.55456,0.98689,7.82177,0.42336,36.966,0.42336,423.524,0,1.02816,0,0,3.58169,2.55353,1.028160,1,0,126.987,0,0,0,126.987,0
72.29,1.94494,0,0,5.7561,0.306662,3.50449,3.6288,61.308,0.428297,0,0,2.26569,0.212981,1.62441,0.66528,12.849,1,0.345699,3.50449,0,136.39,3.97877,135.57,0.84672,12.849,0.84672,3695.15,0,36.966,0.258244,6.09371,1.61232,8.62281,1.07349,14.9971,0.42336,36.966,0.42336,423.524,0,1.02816,0,0,7.12187,6.09371,1.028160,1,0,152.192,0,0,0,152.192,0
72.29,1.94592,0,0,5.99099,0.306662,3.73841,3.6288,61.308,0.428297,0,0,2.44569,0.212981,1.80441,0.66528,12.849,1,0.345872,3.73841,0,118.38,3.97877,117.794,0.84672,12.849,0.84672,3695.15,0,36.966,0.258244,6.94682,1.75404,9.94747,1.07349,17.3166,0.42336,36.966,0.42336,423.524,0,1.02816,0,0,7.97498,6.94682,1.028160,1,0,136.915,0,0,0,136.915,0
72.29,1.94689,0,0,5.55244,0.306662,3.29889,3.6288,61.308,0.428297,0,0,2.1268,0.212981,1.48552,0.66528,12.849,1,0.346045,3.29889,0,178.006,3.97877,176.98,0.84672,12.849,0.84672,3695.15,0,36.966,0.258244,6.23264,1.75426,8.51342,1.07349,15.1686,0.42336,36.966,0.42336,423.524,0,1.02816,0,0,7.2608,6.23264,1.028160,1,0,193.634,0,0,0,193.634,0
72.29,1.94786,0,0,5.13845,0.309293,2.8813,3.6288,61.308,0.428297,0,0,1.77065,0.144941,1.19741,0.66528,12.849,1,0.346218,2.8813,0,142.266,2.80443,141.997,0.84672,12.849,0.84672,3695.15,0,36.966,0.258244,5.70504,1.75447,7.78797,0.610017,14.3792,0.42336,36.966,0.42336,423.524,0,1.02816,0,0,6.7332,5.70504,1.028160,1,0,157.574,0,0,0,157.574,0
72.29,2.02753,0,0,5.94892,0.310596,3.61079,3.6288,61.308,0.465266,0,0,2.2865,0.167771,1.65346,0.66528,12.849,1,0.360377,3.61079,0,150.891,3.70732,150.434,0.84672,12.849,0.84672,3695.15,0,36.966,0.280535,5.74608,1.75469,7.89674,0.936757,14.1802,0.42336,36.966,0.42336,423.524,0,1.02816,0,0,6.77424,5.74608,1.028160,1,0,166.267,0,0,0,166.267,0
72.29,2.07884,0,0,5.00527,0.317989,2.60845,3.6288,61.308,0.428308,0,0,2.0188,0.156957,1.43354,0.66528,12.849,1,0.369498,2.60845,0,111.622,3.72141,110.139,0.84672,12.849,0.84672,3695.15,0,36.966,0.25825,4.17629,1.81806,5.69556,1.01899,10.4127,0.42336,36.966,0.42336,423.524,0,1.02816,0,0,5.20445,4.17629,1.028160,1,0,121.986,0,0,0,121.986,0
72.29,2.07985,0,0,4.38703,0.317989,1.98919,3.6288,61.308,0.428308,0,0,1.69913,0.156957,1.11386,0.66528,12.849,1,0.369677,1.98919,0,89.4862,3.72141,87.3843,0.84672,12.849,0.84672,3695.15,0,36.966,0.25825,4.2318,1.78361,4.86736,1.01899,9.60553,0.42336,36.966,0.42336,423.524,0,1.02816,0,0,5.25996,4.2318,1.028160,1,0,98.1037,0,0,0,98.1037,0
72.29,2.08086,0,0,6.65528,0.315811,4.25861,3.6288,61.308,0.428308,0,0,1.98942,0.135894,1.42522,0.66528,12.849,1,0.369857,4.25861,0,147.159,2.97672,148.071,0.84672,12.849,0.84672,3695.15,0,36.966,0.258251,6.12204,1.78383,13.4226,0.878726,20.1915,0.42336,36.966,0.42336,423.524,0,1.02816,0,0,7.1502,6.12204,1.028160,1,0,169.688,0,0,0,169.688,0
72.29,2.05107,0,0,4.72526,0.267532,2.40666,3.6288,61.308,0.413933,0,0,1.66522,0.179939,1.07135,0.66528,12.849,1,0.364561,2.40666,0,101.9,3.31843,100.624,0.84672,12.849,0.84672,3695.15,0,36.966,0.249583,5.03903,1.78406,8.46568,0.996939,14.0422,0.42336,36.966,0.42336,423.524,0,1.02816,0,0,6.06719,5.03903,1.028160,1,0,115.737,0,0,0,115.737,0
72.29,2.0325,0,0,4.09765,0.270915,1.79423,3.6288,61.308,0.428304,0,0,1.09664,0.200035,0.468305,0.66528,12.849,1,0.361262,1.79423,0,88.9237,3.89676,86.46,0.84672,12.849,0.84672,3695.15,0,36.966,0.258248,3.33568,1.75968,6.78938,1.08765,10.5388,0.42336,36.966,0.42336,423.524,0,1.02816,0,0,4.36384,3.33568,1.028160,1,0,97.4671,0,0,0,97.4671,0
72.29,2.0335,0,0,3.3479,0.270915,1.04349,3.6288,61.308,0.428304,0,0,0.940461,0.200035,0.312121,0.66528,12.849,1,0.361439,1.04349,0,67.1622,3.89676,63.9475,0.84672,12.849,0.84672,3695.15,0,36.966,0.258248,2.70542,1.77338,4.56373,1.08765,7.69663,0.42336,36.966,0.42336,423.524,0,1.02816,0,0,3.73358,2.70542,1.028160,1,0,71.9562,0,0,0,71.9562,0
72.29,2.0345,0,0,2.95469,0.270915,0.649279,3.6288,61.308,0.428304,0,0,0.88002,0.200035,0.251681,0.66528,12.849,1,0.361616,0.649279,0,58.5405,3.89676,54.9314,0.84672,12.849,0.84672,3695.15,0,36.966,0.258248,2.23852,1.7736,4.03294,1.08765,6.69917,0.42336,36.966,0.42336,423.524,0,1.02816,0,0,3.26668,2.23852,1.028160,1,0,61.8822,0,0,0,61.8822,0
72.1784,2.14017,0,0,2.66241,0.270915,0.36288,3.6288,61.308,0.479339,0,0,0.779896,0.200035,0.100522,0.66528,12.849,1,0.380399,0.36288,0,51.1015,3.89676,47.1873,0.84672,12.849,0.84672,3695.15,0,36.966,0.28902,1.90744,1.77382,3.64182,1.08765,5.94642,0.42336,36.966,0.42336,423.524,0,1.02816,0,0,2.9356,1.90744,1.028160,1,0,53.2342,0,0,0,53.2342,0
71.9506,2.21014,0,0,2.53448,0.189306,0.36288,3.6288,61.308,0.428319,0,0,0.706486,0.201293,0.0768748,0.66528,12.849,1,0.393443,0.36288,0,50.7064,3.40476,47.2711,0.84672,12.849,0.84672,3695.15,0,36.966,0.258257,1.8106,1.86035,3.87183,0.965577,6.31894,0.42336,36.966,0.42336,423.524,0,1.02816,0,0,2.83876,1.8106,1.028160,1,0,53.6669,0,0,0,53.6669,0
71.7178,2.21013,0,0,2.5207,0.180466,0.36288,3.6288,61.308,0.428319,0,0,0.762934,0.208139,0.126477,0.66528,12.849,1,0.394687,0.36288,0,49.6346,3.46038,46.1425,0.84672,12.849,0.84672,3695.15,0,36.966,0.258257,1.75246,1.81272,4.33626,0.980136,6.66304,0.42336,36.966,0.42336,423.524,0,1.02816,0,0,2.78062,1.75246,1.028160,1,0,52.932,0,0,0,52.932,0
71.3222,2.21009,0,0,2.35748,0.180147,0.36288,3.6288,61.308,0.428319,0,0,0.703977,0.208139,0.0675192,0.66528,12.849,1,0.395961,0.36288,0,46.4297,3.46038,42.9363,0.84672,12.849,0.84672,3695.15,0,36.966,0.258257,1.63777,1.81295,3.80739,0.980136,6.01972,0.42336,36.966,0.42336,423.524,0,1.02816,0,0,2.66593,1.63777,1.028160,1,0,49.0235,0,0,0,49.0235,0
70.8117,2.20928,0,0,2.21169,0.150014,0.36288,3.6288,61.308,0.428319,0,0,0.668104,0.233396,0.00638925,0.66528,12.849,1,0.398011,0.36288,0,43.2657,4.04461,39.1859,0.84672,12.849,0.84672,3695.15,0,36.966,0.258257,1.56579,1.81318,3.76923,1.06308,5.82687,0.42336,36.966,0.42336,423.524,0,1.02816,0,0,2.59395,1.56579,1.028160,1,0,45.0192,0,0,0,45.0192,0
70.2626,2.18723,0,0,2.11824,0.117221,0.36288,3.6288,61.2953,0.456409,0,0,0.710509,0.266765,0,0.66528,12.849,1,0.396879,0.36288,0,41.6954,4.90844,36.753,0.84672,12.849,0.84672,3695.15,0,36.966,0.275194,1.62786,1.81341,3.08958,1.21272,5.04294,0.42336,36.966,0.42336,423.524,0,1.02816,0,0,2.65602,1.62786,1.028160,1,0,41.7959,0,0,0,41.7959,0
69.6009,2.22371,0,0,2.04695,0.122022,0.36288,3.6288,61.308,0.428294,0,0,0.721494,0.266514,0.0140211,0.66528,12.849,1,0.406652,0.36288,0,42.0642,4.97207,37.0483,0.84672,12.849,0.84672,3695.15,0,36.966,0.258295,1.6241,1.84385,2.76233,1.242,4.72998,0.42336,36.966,0.42336,423.524,0,1.02816,0,0,2.65226,1.6241,1.028160,1,0,41.7924,0,0,0,41.7924,0
68.7763,2.22149,0,0,1.88108,0.1214,0.36288,3.6288,61.308,0.428327,0,0,0.700763,0.266535,0.00590045,0.66528,12.849,1,0.410109,0.36288,0,41.3999,4.97207,36.3807,0.84672,12.849,0.84672,3695.15,0,36.966,0.258262,1.62519,1.81774,2.78546,1.242,4.72813,0.42336,36.966,0.42336,423.524,0,1.02816,0,0,2.65335,1.62519,1.028160,1,0,41.1147,0,0,0,41.1147,0
67.7866,2.21839,0,0,1.71224,0.120624,0.36288,3.6288,61.2686,0.428327,0,0,0.655423,0.266535,0,0.66528,12.849,1,0.414447,0.36288,0,39.7437,4.97207,34.7201,0.84672,12.849,0.84672,3695.15,0,36.966,0.258262,1.27081,1.81798,2.61668,1.242,4.2052,0.42336,36.966,0.42336,423.524,0,1.02816,0,0,2.29897,1.27081,1.028160,1,0,38.9253,0,0,0,38.9253,0
66.5999,2.26742,0,0,1.54908,0.105528,0.36288,3.6288,61.136,0.45328,0,0,0.618845,0.2981,0,0.66528,12.849,1,0.42979,0.36288,0,34.7226,5.42093,29.2348,0.84672,12.849,0.84672,3695.15,0,36.966,0.273484,1.20507,1.81821,2.41746,1.38754,3.77972,0.42336,36.966,0.42336,423.524,0,1.02816,0,0,2.23323,1.20507,1.028160,1,0,33.0145,0,0,0,33.0145,0
65.4171,2.29573,0,0,1.55997,0.0841051,0.36288,3.6288,61.1523,0.427882,0,0,0.778186,0.334075,0,0.66528,12.849,1,0.442911,0.36288,0,40.8237,6.13799,34.6057,0.84672,12.849,0.84672,3695.15,0,36.966,0.258719,1.2843,1.86131,2.22811,1.53943,3.57557,0.42336,36.966,0.42336,423.524,0,1.02816,0,0,2.31246,1.2843,1.028160,1,0,38.1813,0,0,0,38.1813,0
64.1168,2.2901,0,0,1.43602,0.0833163,0.36288,3.6288,61.0499,0.427924,0,0,0.659726,0.334109,0,0.66528,12.849,1,0.449813,0.36288,0,33.5325,6.13799,27.3076,0.84672,12.849,0.84672,3695.15,0,36.966,0.258677,1.42451,1.83805,2.15438,1.53943,3.61882,0.42336,36.966,0.42336,423.524,0,1.02816,0,0,2.45267,1.42451,1.028160,1,0,30.9264,0,0,0,30.9264,0
62.7029,2.28356,0,0,1.31491,0.0824491,0.36288,3.6288,60.8994,0.427654,0,0,0.611043,0.333893,0,0.66528,12.849,1,0.457624,0.36288,0,31.8724,6.13799,25.6397,0.84672,12.849,0.84672,3695.15,0,36.966,0.258947,1.06844,1.83828,1.89368,1.53943,3.00202,0.42336,36.966,0.42336,423.524,0,1.02816,0,0,2.0966,1.06844,1.028160,1,0,28.6417,0,0,0,28.6417,0
61.2272,2.42964,0,0,1.38929,0.0724164,0.36288,3.6288,60.7446,0.517596,0,0,0.701463,0.338741,0,0.66528,12.849,1,0.497879,0.36288,0,31.2593,6.28753,24.8367,0.84672,12.849,0.84672,3695.15,0,36.966,0.314181,1.4878,1.83852,2.5051,1.56931,3.94792,0.42336,36.966,0.42336,423.524,0,1.02816,0,0,2.51596,1.4878,1.028160,1,0,28.7846,0,0,0,28.7846,0
59.4728,2.44402,0,0,1.10837,0.0559225,0.36288,3.6288,60.6638,0.499674,0,0,0.720503,0.301595,0,0.66528,12.849,1,0.512895,0.36288,0,26.0647,6.06033,19.8544,0.84672,12.849,0.84672,3695.15,0,36.966,0.304076,1.47968,1.9856,2.40099,1.47212,4.09007,0.42336,36.966,0.42336,423.524,0,1.02816,0,0,2.50784,1.47968,1.028160,1,0,23.9444,0,0,0,23.9444,0
57.6384,2.43227,0,0,1.0064,0.0456613,0.36288,3.6288,60.5692,0.499747,0,0,0.709747,0.30464,0,0.66528,12.849,1,0.525488,0.36288,0,23.3217,6.04055,17.1185,0.84672,12.849,0.84672,3695.15,0,36.966,0.304525,1.41031,1.96946,2.30458,1.4354,3.94442,0.42336,36.966,0.42336,423.524,0,1.02816,0,0,2.43847,1.41031,1.028160,1,0,21.063,0,0,0,21.063,0
56.3066,2.41928,0,0,1.49978,0.049366,0.36288,3.6288,60.6063,0.499776,0,0,0.840269,0.303389,0,0.66528,12.849,1,0.539317,0.36288,0,30.0211,6.01086,23.8339,0.84672,12.849,0.84672,3695.15,0,36.966,0.305019,1.90954,1.97002,2.52575,1.43176,4.66854,0.42336,36.966,0.42336,423.524,0,1.02816,0,0,2.9377,1.90954,1.028160,1,0,28.5024,0,0,0,28.5024,0
55.6043,2.40958,0,0,2.13913,0.0689714,0.36288,3.6288,60.8977,0.500217,0,0,1.08589,0.294263,0,0.66528,12.849,1,0.54986,0.36288,0,44.0379,5.94732,37.9036,0.84672,12.849,0.84672,3695.15,0,36.966,0.305101,2.04936,1.97058,2.76545,1.40837,5.07193,0.42336,36.966,0.42336,423.524,0,1.02816,0,0,3.07752,2.04936,1.028160,1,0,42.9755,0,0,0,42.9755,0
54.0682,2.33126,0,0,1.22448,0.066458,0.36288,3.6288,60.9435,0.446541,0,0,0.769508,0.277133,0,0.66528,12.849,1,0.538706,0.36288,0,38.9996,5.83944,32.9843,0.84672,12.849,0.84672,3695.15,0,36.966,0.271059,1.38917,1.97114,2.32416,1.34519,4.06822,0.42336,36.966,0.42336,423.524,0,1.02816,0,0,2.41733,1.38917,1.028160,1,0,37.0525,0,0,0,37.0525,0
52.4983,2.31956,0,0,1.18651,0.0739949,0.36288,3.6288,61.1653,0.446978,0,0,0.927412,0.258611,0,0.66528,12.849,1,0.551229,0.36288,0,21.7966,5.49192,16.1163,0.84672,12.849,0.84672,3695.15,0,36.966,0.27112,1.89881,1.88661,3.20733,1.26371,5.45792,0.42336,36.966,0.42336,423.524,0,1.02816,0,0,2.92697,1.89881,1.028160,1,0,21.5742,0,0,0,21.5742,0
51.0563,2.30697,0,0,1.30065,0.0728171,0.36288,3.6288,61.308,0.447901,0,0,1.05387,0.258975,0.204327,0.66528,12.849,1,0.564633,0.36288,0,25.802,5.49192,20.1083,0.84672,12.849,0.84672,3695.15,0,36.966,0.270695,1.98653,1.88714,3.33516,1.26371,5.67443,0.42336,36.966,0.42336,423.524,0,1.02816,0,0,3.01469,1.98653,1.028160,1,0,25.9871,0,0,0,25.9871,0
49.6454,2.29488,0,0,1.3186,0.0717353,0.36288,3.6288,61.308,0.448605,0,0,0.871456,0.259208,0.163643,0.66528,12.849,1,0.577539,0.36288,0,25.3991,5.49192,19.6925,0.84672,12.849,0.84672,3695.15,0,36.966,0.270489,1.77232,1.88768,3.01021,1.26371,5.13602,0.42336,36.966,0.42336,423.524,0,1.02816,0,0,2.80048,1.77232,1.028160,1,0,24.9922,0,0,0,24.9922,0
48.0822,2.22353,0,0,1.13905,0.115781,0.36288,3.6288,61.308,0.39875,0,0,0.878947,0.224321,0.255876,0.66528,12.849,1,0.575486,0.36288,0,29.9079,5.1723,24.523,0.84672,12.849,0.84672,3695.15,0,36.966,0.240429,1.73608,1.88822,3.42491,1.14403,5.66474,0.42336,36.966,0.42336,423.524,0,1.02816,0,0,2.76424,1.73608,1.028160,1,0,30.4436,0,0,0,30.4436,0
47.0396,2.17236,0,0,1.59046,0.0978222,0.36288,3.6288,61.2964,0.428331,0,0,0.632531,0.215836,0,0.66528,12.849,1,0.580519,0.36288,0,27.0187,3.87606,22.9251,0.84672,12.849,0.84672,3695.15,0,36.966,0.258265,0.563242,1.81272,3.49113,0.873839,4.73499,0.42336,36.966,0.42336,423.524,0,1.02816,0,0,1.5914,0.563242,1.028160,1,0,27.66,0,0,0,27.66,0
46.2872,2.16325,0,0,1.94673,0.173017,0.36288,3.6288,61.0681,0.480305,0,0,0.457664,0.205607,0,0.66528,12.849,1,0.590898,0.36288,0,34.6863,3.97341,30.4849,0.84672,12.849,0.84672,3695.15,0,36.966,0.289658,0.292723,1.84071,3.16611,0.997851,4.01204,0.42336,36.966,0.42336,423.524,0,0.944793,0,0,1.23752,0.292723,1.028160,1,0,34.4969,0,0,0,34.4969,0
45.6005,2.15673,0,0,2.00451,0.171581,0.36288,3.6288,61.1026,0.427699,0,0,0.667525,0.20531,0,0.66528,12.849,1,0.598693,0.36288,0,35.1921,3.97341,30.9829,0.84672,12.849,0.84672,3695.15,0,36.966,0.258897,1.41769,1.84095,4.35653,0.997851,6.35842,0.42336,36.966,0.42336,423.524,0,1.02816,0,0,2.44585,1.41769,1.028160,1,0,37.3413,0,0,0,37.3413,0
48.6994,1.98605,0,0,5.61806,0.170271,0.36288,3.6288,61.308,0.323322,0,0,1.99861,0.205355,1.26456,0.66528,12.849,1,0.559615,0.36288,0,109.004,3.97341,104.833,0.84672,12.849,0.84672,3695.15,0,36.966,0.195604,3.93582,1.84119,9.04421,0.997851,13.6278,0.42336,36.966,0.42336,423.524,0,1.02816,0,0,4.96398,3.93582,1.028160,1,0,119.726,0,0,0,119.726,0
48.6899,1.88252,0,0,2.44196,0.206075,0.36288,3.6288,61.308,0.428301,0,0,1.04932,0.223327,0.397693,0.66528,12.849,1,0.496689,0.36288,0,48.545,4.34301,44.0681,0.84672,12.849,0.84672,3695.15,0,36.966,0.258247,0.868173,1.67234,5.07351,1.04389,6.31189,0.42336,36.966,0.42336,423.524,0,1.02816,0,0,1.89633,0.868173,1.028160,1,0,50.7777,0,0,0,50.7777,0
48.7841,1.88336,0,0,2.55854,0.218009,0.36288,3.6288,61.308,0.428302,0,0,1.3398,0.230409,0.681094,0.66528,12.849,1,0.49701,0.36288,0,85.3677,4.49085,80.7427,0.84672,12.849,0.84672,3695.15,0,36.966,0.258247,2.3974,1.77065,6.15424,1.0623,9.00174,0.42336,36.966,0.42336,423.524,0,1.02816,0,0,3.42556,2.3974,1.028160,1,0,90.4255,0,0,0,90.4255,0
50.3473,1.88505,0,0,4.02932,0.218231,0.36288,3.6288,61.308,0.428302,0,0,2.87561,0.230409,2.2169,0.66528,12.849,1,0.496493,0.36288,0,114.756,4.49085,110.132,0.84672,12.849,0.84672,3695.15,0,36.966,0.258247,5.13919,1.77087,6.78166,1.0623,12.3712,0.42336,36.966,0.42336,423.524,0,1.02816,0,0,6.16735,5.13919,1.028160,1,0,124.72,0,0,0,124.72,0
51.7574,1.89826,0,0,3.8779,0.206647,0.36288,3.6288,61.308,0.428302,0,0,1.06726,0.222999,0.415961,0.66528,12.849,1,0.48445,0.36288,0,74.7141,4.11135,70.4812,0.84672,12.849,0.84672,3695.15,0,36.966,0.258247,2.0113,1.77108,4.59997,0.9994,7.1247,0.42336,36.966,0.42336,423.524,0,1.02816,0,0,3.03946,2.0113,1.028160,1,0,78.0219,0,0,0,78.0219,0
54.0249,1.97488,0,0,4.81408,0.208801,0.36288,3.6288,61.308,0.458628,0,0,2.1914,0.219761,1.51301,0.66528,12.849,1,0.490272,0.36288,0,84.4265,4.13982,80.1592,0.84672,12.849,0.84672,3695.15,0,36.966,0.276532,2.98915,1.7713,6.43749,1.12153,9.79988,0.42336,36.966,0.42336,423.524,0,1.02816,0,0,4.01731,2.98915,1.028160,1,0,91.4721,0,0,0,91.4721,0
59.3065,2.03171,0,0,7.90335,0.227218,0.36288,3.6288,61.308,0.4283,0,0,2.78489,0.219076,2.13752,0.66528,12.849,1,0.483212,0.36288,0,194.722,4.5905,190.011,0.84672,12.849,0.84672,3695.15,0,36.966,0.258246,4.76818,1.82431,10.459,1.48977,15.3035,0.42336,36.966,0.42336,423.524,0,1.02816,0,0,5.79634,4.76818,1.028160,1,0,207.452,0,0,0,207.452,0
65.1994,2.06804,0,0,8.56319,0.239391,0.36288,3.6288,61.308,0.4283,0,0,2.80172,0.219076,2.15435,0.66528,12.849,1,0.448049,0.36288,0,190.754,4.5905,186.078,0.84672,12.849,0.84672,3695.15,0,36.966,0.258246,5.40344,1.79608,10.4848,1.48977,15.9364,0.42336,36.966,0.42336,423.524,0,1.02816,0,0,6.4316,5.40344,1.028160,1,0,204.169,0,0,0,204.169,0
72.29,2.10284,0,0,16.0262,0.251567,6.58112,3.6288,61.308,0.4283,0,0,5.51353,0.219076,4.86615,0.66528,12.849,1,0.414411,6.58112,0,263.696,4.5905,265.272,0.84672,12.849,0.84672,3695.15,0,36.966,0.258246,8.10743,1.7963,16.5581,1.48977,24.7138,0.42336,36.966,0.42336,423.524,0,1.02816,0,0,9.13559,8.10743,1.028160,1,0,294.852,0,0,0,294.852,0
72.29,2.36021,0,0,9.30338,0.253788,6.68938,3.6288,61.308,0.54229,0,0,4.77773,0.23068,4.00476,0.66528,12.849,1,0.41951,6.68938,0,385.819,4.16372,387.925,0.84672,12.849,0.84672,3695.15,0,36.966,0.326977,7.78481,1.79651,14.7129,1.25313,22.7141,0.42336,36.966,0.42336,423.524,0,1.02816,0,0,8.81297,7.78481,1.028160,1,0,414.644,0,0,0,414.644,0
72.29,2.49732,0,0,8.89695,0.320481,6.07915,3.6288,61.308,0.442351,0,0,4.00196,0.232289,3.32732,0.66528,12.849,1,0.44388,6.07915,0,292.881,4.23951,294.277,0.84672,12.849,0.84672,3695.15,0,36.966,0.266718,7.67863,1.98687,13.604,1.24114,21.7616,0.42336,36.966,0.42336,423.524,0,1.02816,0,0,8.70679,7.67863,1.028160,1,0,319.366,0,0,0,319.366,0
72.29,2.49801,0,0,7.66904,0.331355,4.83967,3.6288,61.308,0.442648,0,0,2.2945,0.212724,1.63913,0.66528,12.849,1,0.444002,4.83967,0,186.751,4.08755,187.059,0.84672,12.849,0.84672,3695.15,0,36.966,0.266897,4.02269,1.89336,9.46847,1.12232,13.9953,0.42336,36.966,0.42336,423.524,0,1.02816,0,0,5.05085,4.02269,1.028160,1,0,202.694,0,0,0,202.694,0
72.29,2.4987,0,0,8.45381,0.331355,5.62376,3.6288,61.308,0.442946,0,0,3.06613,0.212724,2.41046,0.66528,12.849,1,0.444124,5.62376,0,209.821,4.08755,210.913,0.84672,12.849,0.84672,3695.15,0,36.966,0.267077,5.4608,1.89388,11.3094,1.12232,17.2747,0.42336,36.966,0.42336,423.524,0,1.02816,0,0,6.48896,5.4608,1.028160,1,0,230.598,0,0,0,230.598,0
72.29,2.18257,0,0,8.34676,0.331355,5.83284,3.6288,61.308,0.290099,0,0,3.47237,0.212724,2.96955,0.66528,12.849,1,0.387935,5.83284,0,199.418,4.08755,200.775,0.84672,12.849,0.84672,3695.15,0,36.966,0.174917,6.37183,1.8944,13.0209,1.12232,19.9899,0.42336,36.966,0.42336,423.524,0,1.02816,0,0,7.39999,6.37183,1.028160,1,0,223.735,0,0,0,223.735,0
72.29,1.99543,0,0,7.12221,0.278158,4.84862,3.6288,61.308,0.42829,0,0,2.77297,0.232122,2.11256,0.66528,12.849,1,0.354673,4.84862,0,194.446,3.96826,194.971,0.84672,12.849,0.84672,3695.15,0,36.966,0.25824,4.33157,1.63534,9.78843,0.973573,14.5235,0.42336,36.966,0.42336,423.524,0,1.02816,0,0,5.35973,4.33157,1.028160,1,0,211.608,0,0,0,211.608,0
72.29,1.99638,0,0,6.4329,0.30081,4.13571,3.6288,61.308,0.42829,0,0,3.06962,0.230516,2.41082,0.66528,12.849,1,0.354841,4.13571,0,163.777,4.07054,163.488,0.84672,12.849,0.84672,3695.15,0,36.966,0.25824,4.621,1.76518,11.1176,0.938077,16.3074,0.42336,36.966,0.42336,423.524,0,1.02816,0,0,5.64916,4.621,1.028160,1,0,182.206,0,0,0,182.206,0
72.29,1.99733,0,0,7.96211,0.30081,5.66397,3.6288,61.308,0.42829,0,0,3.97942,0.230516,3.32062,0.66528,12.849,1,0.35501,5.66397,0,187.377,4.07054,188.616,0.84672,12.849,0.84672,3695.15,0,36.966,0.25824,5.71754,1.76539,13.9238,0.938077,20.2104,0.42336,36.966,0.42336,423.524,0,1.02816,0,0,6.7457,5.71754,1.028160,1,0,212.147,0,0,0,212.147,0
72.29,1.99827,0,0,6.12283,0.30081,3.82375,3.6288,61.308,0.42829,0,0,2.60699,0.230516,1.94818,0.66528,12.849,1,0.355178,3.82375,0,142.588,4.07054,141.986,0.84672,12.849,0.84672,3695.15,0,36.966,0.25824,3.97857,1.7656,9.74483,0.938077,14.2927,0.42336,36.966,0.42336,423.524,0,1.02816,0,0,5.00673,3.97857,1.028160,1,0,158.227,0,0,0,158.227,0
72.29,2.07908,0,0,5.57648,0.314168,3.18324,3.6288,61.308,0.465806,0,0,2.32523,0.196174,1.66325,0.66528,12.849,1,0.36954,3.18324,0,160.974,4.04327,159.744,0.84672,12.849,0.84672,3695.15,0,36.966,0.280861,3.59365,1.76581,9.26189,0.836814,13.5037,0.42336,36.966,0.42336,423.524,0,1.02816,0,0,4.62181,3.59365,1.028160,1,0,174.911,0,0,0,174.911,0
72.29,2.13111,0,0,6.43073,0.317796,3.98183,3.6288,61.308,0.4283,0,0,2.49813,0.187385,1.88245,0.66528,12.849,1,0.378788,3.98183,0,158.374,4.07767,157.899,0.84672,12.849,0.84672,3695.15,0,36.966,0.258246,4.85756,1.8301,12.6284,0.786929,18.2709,0.42336,36.966,0.42336,423.524,0,1.02816,0,0,5.88572,4.85756,1.028160,1,0,178.052,0,0,0,178.052,0
72.29,2.13209,0,0,7.61899,0.317796,5.1691,3.6288,61.308,0.428301,0,0,3.66961,0.187385,3.05392,0.66528,12.849,1,0.378963,5.1691,0,179.55,4.07767,180.263,0.84672,12.849,0.84672,3695.15,0,36.966,0.258246,7.13854,1.79514,16.2775,0.786929,24.166,0.42336,36.966,0.42336,423.524,0,1.02816,0,0,8.1667,7.13854,1.028160,1,0,207.483,0,0,0,207.483,0
72.29,2.13308,0,0,5.22121,0.248246,2.83989,3.6288,61.308,0.428301,0,0,2.15802,0.227392,1.50233,0.66528,12.849,1,0.379138,2.83989,0,200.273,4.47128,198.263,0.84672,12.849,0.84672,3695.15,0,36.966,0.258246,3.91032,1.79535,9.70419,0.886516,14.2651,0.42336,36.966,0.42336,423.524,0,1.02816,0,0,4.93848,3.91032,1.028160,1,0,214.03,0,0,0,214.03,0
72.29,2.1028,0,0,4.9558,0.210945,2.64205,3.6288,61.308,0.413714,0,0,1.8735,0.262071,1.19771,0.66528,12.849,1,0.373758,2.64205,0,153.451,4.40725,151.312,0.84672,12.849,0.84672,3695.15,0,36.966,0.249451,3.58352,1.79557,9.12939,0.995837,13.2632,0.42336,36.966,0.42336,423.524,0,1.02816,0,0,4.61168,3.58352,1.028160,1,0,165.773,0,0,0,165.773,0
72.29,2.08393,0,0,5.37694,0.241073,3.05194,3.6288,61.308,0.428297,0,0,1.75216,0.228792,1.09507,0.66528,12.849,1,0.370402,3.05194,0,183.586,4.51237,181.755,0.84672,12.849,0.84672,3695.15,0,36.966,0.258244,3.92763,1.77083,9.73654,0.952124,14.2246,0.42336,36.966,0.42336,423.524,0,1.02816,0,0,4.95579,3.92763,1.028160,1,0,197.075,0,0,0,197.075,0
72.29,2.0849,0,0,4.53598,0.241073,2.21001,3.6288,61.308,0.428297,0,0,1.72677,0.228792,1.06969,0.66528,12.849,1,0.370575,2.21001,0,118.187,4.51237,115.514,0.84672,12.849,0.84672,3695.15,0,36.966,0.258244,3.70347,1.78472,8.92908,0.952124,13.2069,0.42336,36.966,0.42336,423.524,0,1.02816,0,0,4.73163,3.70347,1.028160,1,0,129.79,0,0,0,129.79,0
72.29,2.08587,0,0,4.20904,0.241073,1.8821,3.6288,61.308,0.428297,0,0,1.68227,0.228792,1.02518,0.66528,12.849,1,0.370747,1.8821,0,104.741,4.51237,101.74,0.84672,12.849,0.84672,3695.15,0,36.966,0.258244,3.37153,1.78493,8.37418,0.952124,12.3203,0.42336,36.966,0.42336,423.524,0,1.02816,0,0,4.39969,3.37153,1.028160,1,0,115.085,0,0,0,115.085,0
72.29,2.19306,0,0,3.97333,0.241073,1.5392,3.6288,61.308,0.480083,0,0,1.51043,0.228792,0.801557,0.66528,12.849,1,0.389799,1.5392,0,99.7237,4.51237,96.3608,0.84672,12.849,0.84672,3695.15,0,36.966,0.289469,3.01577,1.78515,7.73126,0.952124,11.2906,0.42336,36.966,0.42336,423.524,0,1.02816,0,0,4.04393,3.01577,1.028160,1,0,108.453,0,0,0,108.453,0
72.29,2.26454,0,0,4.11096,0.219518,1.62691,3.6288,61.308,0.428311,0,0,1.35463,0.245026,0.681289,0.66528,12.849,1,0.402505,1.62691,0,104.825,4.50407,101.545,0.84672,12.849,0.84672,3695.15,0,36.966,0.258253,3.74244,1.87294,6.95418,1.0451,11.2662,0.42336,36.966,0.42336,423.524,0,1.02816,0,0,4.7706,3.74244,1.028160,1,0,113.493,0,0,0,113.493,0
72.29,2.26556,0,0,4.01328,0.186752,1.56097,3.6288,61.308,0.428311,0,0,1.37176,0.240019,0.703429,0.66528,12.849,1,0.402686,1.56097,0,102.021,4.84552,98.3339,0.84672,12.849,0.84672,3695.15,0,36.966,0.258253,3.60878,1.8246,6.60561,1.0476,10.7331,0.42336,36.966,0.42336,423.524,0,1.02816,0,0,4.63694,3.60878,1.028160,1,0,109.77,0,0,0,109.77,0
72.29,2.26658,0,0,3.73046,0.136187,1.32769,3.6288,61.308,0.428311,0,0,1.34109,0.234035,0.678739,0.66528,12.849,1,0.402868,1.32769,0,93.4407,4.72343,89.6421,0.84672,12.849,0.84672,3695.15,0,36.966,0.258253,3.54482,1.82483,6.36637,0.948157,10.5296,0.42336,36.966,0.42336,423.524,0,1.02816,0,0,4.57298,3.54482,1.028160,1,0,100.85,0,0,0,100.85,0
72.29,2.2676,0,0,3.51929,0.136187,1.1155,3.6288,61.308,0.428311,0,0,1.24224,0.234035,0.579895,0.66528,12.849,1,0.403049,1.1155,0,87.0489,4.72343,83.0379,0.84672,12.849,0.84672,3695.15,0,36.966,0.258253,3.44047,1.82505,6.24548,0.948157,10.3046,0.42336,36.966,0.42336,423.524,0,1.02816,0,0,4.46863,3.44047,1.028160,1,0,93.9224,0,0,0,93.9224,0
72.29,2.24759,0,0,3.46713,0.127574,1.09197,3.6288,61.308,0.456813,0,0,1.13595,0.246437,0.432704,0.66528,12.849,1,0.399492,1.09197,0,70.6821,4.79979,66.5748,0.84672,12.849,0.84672,3695.15,0,36.966,0.275438,2.83707,1.82528,5.58954,1.08989,8.88656,0.42336,36.966,0.42336,423.524,0,1.02816,0,0,3.86523,2.83707,1.028160,1,0,75.8941,0,0,0,75.8941,0
72.29,2.28739,0,0,3.30896,0.11609,0.905471,3.6288,61.308,0.428319,0,0,0.917568,0.262974,0.226275,0.66528,12.849,1,0.406567,0.905471,0,60.8796,4.90161,56.4769,0.84672,12.849,0.84672,3695.15,0,36.966,0.258258,2.3856,1.85616,4.94481,1.27887,7.64944,0.42336,36.966,0.42336,423.524,0,1.02816,0,0,3.41376,2.3856,1.028160,1,0,64.3526,0,0,0,64.3526,0
72.29,2.28842,0,0,2.92855,0.11609,0.524043,3.6288,61.308,0.428319,0,0,0.802141,0.262974,0.110848,0.66528,12.849,1,0.406749,0.524043,0,76.1331,4.90161,71.3488,0.84672,12.849,0.84672,3695.15,0,36.966,0.258258,2.12884,1.82965,5.42889,1.27887,7.85025,0.42336,36.966,0.42336,423.524,0,1.02816,0,0,3.157,2.12884,1.028160,1,0,79.3099,0,0,0,79.3099,0
72.2239,2.28945,0,0,2.70232,0.11609,0.36288,3.6288,61.308,0.428319,0,0,0.764661,0.262974,0.0733677,0.66528,12.849,1,0.406932,0.36288,0,69.6332,4.90161,64.6876,0.84672,12.849,0.84672,3695.15,0,36.966,0.258258,2.04344,1.82988,5.06503,1.27887,7.40122,0.42336,36.966,0.42336,423.524,0,1.02816,0,0,3.0716,2.04344,1.028160,1,0,72.1621,0,0,0,72.1621,0
71.9146,2.34453,0,0,2.5094,0.11125,0.36288,3.6288,61.2936,0.453748,0,0,0.710115,0.270746,0,0.66528,12.849,1,0.417104,0.36288,0,65.7176,5.01019,60.6531,0.84672,12.849,0.84672,3695.15,0,36.966,0.27359,1.868,1.83011,4.88628,1.31562,6.99518,0.42336,36.966,0.42336,423.524,0,1.02816,0,0,2.89616,1.868,1.028160,1,0,67.6483,0,0,0,67.6483,0
71.5793,2.37863,0,0,2.50564,0.099479,0.36288,3.6288,61.2187,0.428289,0,0,0.631629,0.278299,0,0.66528,12.849,1,0.42499,0.36288,0,59.4677,5.49224,53.9133,0.84672,12.849,0.84672,3695.15,0,36.966,0.2583,1.40508,1.87383,3.27333,1.43814,4.8558,0.42336,36.966,0.42336,423.524,0,1.02816,0,0,2.43324,1.40508,1.028160,1,0,58.7691,0,0,0,58.7691,0
71.0723,2.37799,0,0,2.33307,0.0992252,0.36288,3.6288,61.0604,0.428092,0,0,0.54798,0.278167,0,0.66528,12.849,1,0.426867,0.36288,0,50.3525,5.49224,44.7963,0.84672,12.849,0.84672,3695.15,0,36.966,0.258497,1.60208,1.85021,3.30352,1.43814,5.05918,0.42336,36.966,0.42336,423.524,0,1.02816,0,0,2.63024,1.60208,1.028160,1,0,49.8555,0,0,0,49.8555,0
70.3912,2.37646,0,0,2.15706,0.0988413,0.36288,3.6288,60.863,0.427674,0,0,0.508162,0.277888,0,0.66528,12.849,1,0.429635,0.36288,0,48.2835,5.49224,42.7245,0.84672,12.849,0.84672,3695.15,0,36.966,0.258914,1.28199,1.85045,2.87238,1.43814,4.30775,0.42336,36.966,0.42336,423.524,0,1.02816,0,0,2.31015,1.28199,1.028160,1,0,47.0323,0,0,0,47.0323,0
69.607,2.53277,0,0,2.20499,0.0934952,0.36288,3.6288,60.6284,0.518785,0,0,0.564351,0.280124,0,0.66528,12.849,1,0.462324,0.36288,0,45.9226,5.56701,40.2561,0.84672,12.849,0.84672,3695.15,0,36.966,0.315092,1.59373,1.85068,3.55292,1.45308,5.22914,0.42336,36.966,0.42336,423.524,0,1.02816,0,0,2.62189,1.59373,1.028160,1,0,45.4852,0,0,0,45.4852,0
68.4967,2.53244,0,0,1.88702,0.102031,0.36288,3.6288,60.3077,0.515862,0,0,0.468406,0.273237,0,0.66528,12.849,1,0.467472,0.36288,0,39.0817,5.6411,33.3361,0.84672,12.849,0.84672,3695.15,0,36.966,0.314528,1.13539,1.99989,3.03737,1.47053,4.38759,0.42336,36.966,0.42336,423.524,0,1.02816,0,0,2.16355,1.13539,1.028160,1,0,37.7236,0,0,0,37.7236,0
66.8404,2.52675,0,0,1.34648,0.113073,0.36288,3.6288,59.8466,0.51514,0,0,0.339058,0.285037,0,0.66528,12.849,1,0.473983,0.36288,0,31.5649,5.63598,25.8178,0.84672,12.849,0.84672,3695.15,0,36.966,0.315759,0.648112,1.9981,2.05522,1.45643,2.92925,0.42336,36.966,0.42336,423.524,0,1.02816,0,0,1.67627,0.648112,1.028160,1,0,28.747,0,0,0,28.747,0
65.282,2.51759,0,0,1.43364,0.11161,0.36288,3.6288,59.3847,0.513951,0,0,0.336286,0.284201,0,0.66528,12.849,1,0.483966,0.36288,0,29.486,5.63598,23.7289,0.84672,12.849,0.84672,3695.15,0,36.966,0.317457,0.622218,1.99865,2.1661,1.45643,3.01308,0.42336,36.966,0.42336,423.524,0,1.02816,0,0,1.65038,0.622218,1.028160,1,0,26.742,0,0,0,26.742,0
64.4425,2.50862,0,0,2.15182,0.119873,0.36288,3.6288,58.9912,0.512744,0,0,0.400422,0.281244,0,0.66528,12.849,1,0.493755,0.36288,0,43.5415,5.57661,37.834,0.84672,12.849,0.84672,3695.15,0,36.966,0.319174,0.948326,1.99919,2.30195,1.44915,3.48115,0.42336,36.966,0.42336,423.524,0,1.02816,0,0,1.97649,0.948326,1.028160,1,0,41.3151,0,0,0,41.3151,0
65.1675,2.42755,0,0,3.62161,0.10613,0.36288,3.6288,58.8878,0.456713,0,0,0.620753,0.267432,0,0.66528,12.849,1,0.484022,0.36288,0,60.3726,5.43185,54.8196,0.84672,12.849,0.84672,3695.15,0,36.966,0.286193,1.27307,1.99974,3.10856,1.38708,4.7081,0.42336,36.966,0.42336,423.524,0,1.02816,0,0,2.30123,1.27307,1.028160,1,0,59.5277,0,0,0,59.5277,0
65.729,2.43271,0,0,3.38746,0.0303289,0.36288,3.6288,59.4203,0.456703,0,0,1.24339,0.254161,0,0.66528,12.849,1,0.479655,0.36288,0,90.8643,5.17367,85.5738,0.84672,12.849,0.84672,3695.15,0,36.966,0.286689,2.18589,1.91395,3.94478,1.28102,6.47691,0.42336,36.966,0.42336,423.524,0,1.02816,0,0,3.21405,2.18589,1.028160,1,0,92.0508,0,0,0,92.0508,0
64.7745,2.43681,0,0,1.87561,0.0304655,0.36288,3.6288,59.4405,0.458586,0,0,0.733816,0.25503,0,0.66528,12.849,1,0.476358,0.36288,0,80.6916,5.17367,75.4044,0.84672,12.849,0.84672,3695.15,0,36.966,0.285291,1.46019,1.91448,2.60931,1.28102,4.41766,0.42336,36.966,0.42336,423.524,0,1.02816,0,0,2.48835,1.46019,1.028160,1,0,79.8221,0,0,0,79.8221,0
64.8135,2.43162,0,0,2.96338,0.129898,0.36288,3.6288,59.7564,0.458945,0,0,1.01958,0.244786,0,0.66528,12.849,1,0.482348,0.36288,0,90.9593,4.45181,86.3881,0.84672,12.849,0.84672,3695.15,0,36.966,0.285417,2.29699,1.915,5.00677,1.17238,7.76096,0.42336,36.966,0.42336,423.524,0,1.02816,0,0,3.32515,2.29699,1.028160,1,0,94.149,0,0,0,94.149,0
65.9913,2.36969,0,0,4.11511,0.204711,0.36288,3.6288,60.5237,0.409778,0,0,1.41466,0.237557,0,0.66528,12.849,1,0.46978,0.36288,0,115.161,3.91041,111.144,0.84672,12.849,0.84672,3695.15,0,36.966,0.253494,3.50303,1.91553,4.40082,1.09091,8.47497,0.42336,36.966,0.42336,423.524,0,1.02816,0,0,4.53119,3.50303,1.028160,1,0,119.618,0,0,0,119.618,0
66.8436,2.35823,0,0,3.78331,0.209942,0.36288,3.6288,61.0876,0.426246,0,0,1.17847,0.188267,0,0.66528,12.849,1,0.459165,0.36288,0,137.235,4.39749,132.741,0.84672,12.849,0.84672,3695.15,0,36.966,0.260338,2.78561,1.83892,6.6203,0.994494,9.98999,0.42336,36.966,0.42336,423.524,0,1.02816,0,0,3.81377,2.78561,1.028160,1,0,142.731,0,0,0,142.731,0
67.6306,2.36418,0,0,3.72602,0.21192,0.36288,3.6288,61.308,0.427743,0,0,1.27227,0.180502,0.443666,0.66528,12.849,1,0.454455,0.36288,0,129.701,4.47867,125.131,0.84672,12.849,0.84672,3695.15,0,36.966,0.25884,2.53324,1.85279,4.98058,0.978425,8.12934,0.42336,36.966,0.42336,423.524,0,1.02816,0,0,3.5614,2.53324,1.028160,1,0,133.704,0,0,0,133.704,0
67.0657,2.36967,0,0,2.38088,0.21324,0.36288,3.6288,61.308,0.428323,0,0,0.802758,0.180754,0.193681,0.66528,12.849,1,0.450208,0.36288,0,67.1691,4.47867,62.6031,0.84672,12.849,0.84672,3695.15,0,36.966,0.25826,1.38599,1.85302,2.44468,0.978425,4.44701,0.42336,36.966,0.42336,423.524,0,1.02816,0,0,2.41415,1.38599,1.028160,1,0,67.2438,0,0,0,67.2438,0
67.1467,2.18787,0,0,2.8431,0.211339,0.36288,3.6288,61.308,0.322216,0,0,1.00924,0.192959,0.494061,0.66528,12.849,1,0.41917,0.36288,0,81.9312,4.47114,77.4038,0.84672,12.849,0.84672,3695.15,0,36.966,0.194282,2.17373,1.85326,2.81459,0.997335,5.64995,0.42336,36.966,0.42336,423.524,0,1.02816,0,0,3.20189,2.17373,1.028160,1,0,83.5478,0,0,0,83.5478,0
69.6232,2.04652,0,0,5.10021,0.214304,0.36288,3.6288,61.308,0.428295,0,0,0.857657,0.216529,0.212833,0.66528,12.849,1,0.391616,0.36288,0,120.188,4.08354,116.076,0.84672,12.849,0.84672,3695.15,0,36.966,0.258243,1.89326,1.68196,3.98466,0.99718,6.30446,0.42336,36.966,0.42336,423.524,0,1.02816,0,0,2.92142,1.89326,1.028160,1,0,122.593,0,0,0,122.593,0
71.8116,2.05924,0,0,4.83557,0.225037,0.36288,3.6288,61.2054,0.428295,0,0,0.505023,0.179281,0,0.66528,12.849,1,0.380034,0.36288,0,135.839,3.82673,131.995,0.84672,12.849,0.84672,3695.15,0,36.966,0.258243,1.15832,1.78168,4.54118,0.911967,6.31098,0.42336,36.966,0.42336,423.524,0,1.02816,0,0,2.18648,1.15832,1.028160,1,0,138.306,0,0,0,138.306,0
72.29,2.07003,0,0,3.93359,0.228851,1.15636,3.6288,61.0335,0.428025,0,0,0.435258,0.179165,0,0.66528,12.849,1,0.370383,1.15636,0,120.525,3.82673,117.485,0.84672,12.849,0.84672,3695.15,0,36.966,0.258512,1.31077,1.7819,4.40065,0.911967,6.32284,0.42336,36.966,0.42336,423.524,0,1.02816,0,0,2.33893,1.31077,1.028160,1,0,123.807,0,0,0,123.807,0
72.29,2.07308,0,0,3.84568,0.267149,1.50546,3.6288,61.1055,0.427571,0,0,0.715304,0.215725,0,0.66528,12.849,1,0.368474,1.50546,0,140.018,4.17929,136.976,0.84672,12.849,0.84672,3695.15,0,36.966,0.258966,1.83548,1.78211,5.10572,1.02911,7.43524,0.42336,36.966,0.42336,423.524,0,1.02816,0,0,2.86364,1.83548,1.028160,1,0,144.411,0,0,0,144.411,0
72.29,2.07343,0,0,7.43582,0.2898,5.07259,3.6288,61.308,0.427501,0,0,1.19707,0.240851,0.32624,0.66528,12.849,1,0.368537,5.07259,0,184.641,4.28868,185.056,0.84672,12.849,0.84672,3695.15,0,36.966,0.258619,1.7751,1.78232,5.59084,1.07646,7.81318,0.42336,36.966,0.42336,423.524,0,1.02816,0,0,2.80326,1.7751,1.028160,1,0,193.196,0,0,0,193.196,0
72.29,2.14404,0,0,3.61663,0.257119,1.21548,3.6288,61.308,0.569611,0,0,0.968273,0.225835,0.172827,0.66528,12.849,1,0.381087,1.21548,0,92.1041,3.35853,89.58,0.84672,12.849,0.84672,3695.15,0,36.966,0.34345,0.412474,1.78208,3.86296,0.833445,4.88062,0.42336,36.966,0.42336,423.524,0,0.850945,0,0,1.26342,0.412474,1.028160,1,0,94.6334,0,0,0,94.6334,0
72.29,2.18687,0,0,6.14362,0.257119,3.69963,3.6288,61.308,0.428293,0,0,1.77678,0.225835,1.12265,0.66528,12.849,1,0.388699,3.69963,0,101.828,3.35853,101.781,0.84672,12.849,0.84672,3695.15,0,36.966,0.258242,3.00005,1.83608,7.23329,0.833445,10.9777,0.42336,36.966,0.42336,423.524,0,1.02816,0,0,4.02821,3.00005,1.028160,1,0,113.881,0,0,0,113.881,0
72.29,2.18783,0,0,6.55866,0.269291,4.10154,3.6288,61.308,0.428293,0,0,1.37218,0.222294,0.721597,0.66528,12.849,1,0.38887,4.10154,0,110.381,3.60813,110.486,0.84672,12.849,0.84672,3695.15,0,36.966,0.258242,2.69807,1.80743,4.89831,0.901525,8.24405,0.42336,36.966,0.42336,423.524,0,1.02816,0,0,3.72623,2.69807,1.028160,1,0,119.451,0,0,0,119.451,0
72.29,2.18879,0,0,5.19458,0.278419,2.72737,3.6288,61.308,0.428293,0,0,1.46511,0.219638,0.817181,0.66528,12.849,1,0.38904,2.72737,0,113.713,3.79533,112.256,0.84672,12.849,0.84672,3695.15,0,36.966,0.258242,2.19948,1.80765,4.68297,0.952586,7.47926,0.42336,36.966,0.42336,423.524,0,1.02816,0,0,3.22764,2.19948,1.028160,1,0,120.552,0,0,0,120.552,0
72.29,2.4148,0,0,7.56761,0.291707,4.86111,3.6288,61.308,0.543913,0,0,2.132,0.178726,1.40936,0.66528,12.849,1,0.429212,4.86111,0,146.695,3.57956,147.547,0.84672,12.849,0.84672,3695.15,0,36.966,0.327956,3.12946,1.80786,12.945,0.881672,16.6727,0.42336,36.966,0.42336,423.524,0,1.02816,0,0,4.15762,3.12946,1.028160,1,0,165.63,0,0,0,165.63,0
72.29,2.53301,0,0,8.88546,0.297022,6.05543,3.6288,61.308,0.457837,0,0,3.66917,0.162361,3.04897,0.66528,12.849,1,0.450223,6.05543,0,113.187,3.49325,115.299,0.84672,12.849,0.84672,3695.15,0,36.966,0.276055,4.85121,2.00093,11.1027,0.853306,16.8255,0.42336,36.966,0.42336,423.524,0,1.02816,0,0,5.87937,4.85121,1.028160,1,0,135.173,0,0,0,135.173,0
72.29,2.53368,0,0,7.28205,0.286633,4.46174,3.6288,61.308,0.458126,0,0,3.11596,0.184492,2.47334,0.66528,12.849,1,0.450342,4.46174,0,146.34,4.01741,146.334,0.84672,12.849,0.84672,3695.15,0,36.966,0.27623,4.62223,1.92042,11.6985,1.01729,16.9477,0.42336,36.966,0.42336,423.524,0,1.02816,0,0,5.65039,4.62223,1.028160,1,0,165.755,0,0,0,165.755,0
72.29,2.53434,0,0,6.05921,0.278352,3.24652,3.6288,61.308,0.458416,0,0,2.51885,0.186668,1.87377,0.66528,12.849,1,0.45046,3.24652,0,119.151,4.0293,117.918,0.84672,12.849,0.84672,3695.15,0,36.966,0.276404,3.42994,1.92092,8.64997,0.987057,12.7374,0.42336,36.966,0.42336,423.524,0,1.02816,0,0,4.4581,3.42994,1.028160,1,0,132.529,0,0,0,132.529,0
72.29,2.21368,0,0,6.57837,0.298794,4.06589,3.6288,61.308,0.303378,0,0,2.26089,0.178037,1.77947,0.66528,12.849,1,0.393465,4.06589,0,103.933,3.85326,103.752,0.84672,12.849,0.84672,3695.15,0,36.966,0.182924,3.10497,1.92143,7.70052,0.909331,11.6347,0.42336,36.966,0.42336,423.524,0,1.02816,0,0,4.13313,3.10497,1.028160,1,0,117.166,0,0,0,117.166,0
72.29,2.0446,0,0,5.47586,0.307049,3.12421,3.6288,61.308,0.428283,0,0,1.46104,0.176892,0.855863,0.66528,12.849,1,0.363413,3.12421,0,91.3922,3.84384,90.3091,0.84672,12.849,0.84672,3695.15,0,36.966,0.258236,1.96248,1.65865,4.98824,0.902756,7.44838,0.42336,36.966,0.42336,423.524,0,1.02816,0,0,2.99064,1.96248,1.028160,1,0,98.6134,0,0,0,98.6134,0
72.29,2.04552,0,0,4.77166,0.307049,2.41909,3.6288,61.308,0.428283,0,0,1.55901,0.176892,0.95383,0.66528,12.849,1,0.363576,2.41909,0,80.8661,3.84384,79.0778,0.84672,12.849,0.84672,3695.15,0,36.966,0.258236,1.75565,1.77602,4.295,0.902756,6.66567,0.42336,36.966,0.42336,423.524,0,1.02816,0,0,2.78381,1.75565,1.028160,1,0,86.6973,0,0,0,86.6973,0
72.29,2.04644,0,0,7.99904,0.306366,5.64623,3.6288,61.308,0.428283,0,0,2.25674,0.171165,1.65729,0.66528,12.849,1,0.36374,5.64623,0,164.462,3.75419,165.99,0.84672,12.849,0.84672,3695.15,0,36.966,0.258236,3.92024,1.77623,7.11239,0.887401,11.6632,0.42336,36.966,0.42336,423.524,0,1.02816,0,0,4.9484,3.92024,1.028160,1,0,179.31,0,0,0,179.31,0
72.29,2.04737,0,0,8.28049,0.30208,5.93104,3.6288,61.308,0.428283,0,0,2.27557,0.143253,1.70404,0.66528,12.849,1,0.363904,5.93104,0,140.858,3.35383,143.071,0.84672,12.849,0.84672,3695.15,0,36.966,0.258236,3.16435,1.77643,7.36118,0.835708,11.208,0.42336,36.966,0.42336,423.524,0,1.02816,0,0,4.19251,3.16435,1.028160,1,0,155.983,0,0,0,155.983,0
72.29,2.12928,0,0,9.68587,0.301609,7.25498,3.6288,61.308,0.466332,0,0,2.26916,0.159378,1.64345,0.66528,12.849,1,0.378463,7.25498,0,119.472,3.69778,122.651,0.84672,12.849,0.84672,3695.15,0,36.966,0.281177,2.80015,1.77663,7.26273,0.9368,10.6215,0.42336,36.966,0.42336,423.524,0,1.02816,0,0,3.82831,2.80015,1.028160,1,0,134.916,0,0,0,134.916,0
72.29,2.18201,0,0,9.77953,0.301609,7.29591,3.6288,61.308,0.428293,0,0,3.245,0.159378,2.65733,0.66528,12.849,1,0.387835,7.29591,0,138.462,3.69778,141.672,0.84672,12.849,0.84672,3695.15,0,36.966,0.258242,3.89165,1.84183,8.63229,0.9368,13.1707,0.42336,36.966,0.42336,423.524,0,1.02816,0,0,4.91981,3.89165,1.028160,1,0,157.5,0,0,0,157.5,0
72.29,2.18296,0,0,8.4983,0.301609,6.01373,3.6288,61.308,0.428293,0,0,2.63767,0.159378,2.04999,0.66528,12.849,1,0.388005,6.01373,0,114.594,3.69778,116.522,0.84672,12.849,0.84672,3695.15,0,36.966,0.258242,2.84117,1.80636,6.81509,0.9368,10.2676,0.42336,36.966,0.42336,423.524,0,1.02816,0,0,3.86933,2.84117,1.028160,1,0,128.84,0,0,0,128.84,0
72.29,2.18392,0,0,6.83061,0.271431,4.37526,3.6288,61.308,0.428293,0,0,1.90454,0.156048,1.3202,0.66528,12.849,1,0.388176,4.37526,0,91.8881,3.89549,91.9797,0.84672,12.849,0.84672,3695.15,0,36.966,0.258242,1.99569,1.80657,4.56918,0.949655,7.16355,0.42336,36.966,0.42336,423.524,0,1.02816,0,0,3.02385,1.99569,1.028160,1,0,100.463,0,0,0,100.463,0
72.29,2.15318,0,0,5.81358,0.258191,3.40221,3.6288,61.308,0.4135,0,0,1.28785,0.203892,0.670454,0.66528,12.849,1,0.382711,3.40221,0,81.095,3.99578,80.1188,0.84672,12.849,0.84672,3695.15,0,36.966,0.249322,2.18936,1.80678,4.29966,0.994265,7.05222,0.42336,36.966,0.42336,423.524,0,1.02816,0,0,3.21752,2.18936,1.028160,1,0,87.8414,0,0,0,87.8414,0
72.29,2.13399,0,0,4.59407,0.258191,2.20188,3.6288,61.308,0.42829,0,0,0.970424,0.203892,0.338243,0.66528,12.849,1,0.379301,2.20188,0,64.9808,3.99578,62.8076,0.84672,12.849,0.84672,3695.15,0,36.966,0.25824,1.54269,1.78168,3.39671,0.994265,5.46857,0.42336,36.966,0.42336,423.524,0,1.02816,0,0,2.57085,1.54269,1.028160,1,0,68.6144,0,0,0,68.6144,0
72.29,2.13494,0,0,3.95651,0.258191,1.56338,3.6288,61.308,0.42829,0,0,0.900425,0.203892,0.268243,0.66528,12.849,1,0.379469,1.56338,0,58.2795,3.99578,55.4676,0.84672,12.849,0.84672,3695.15,0,36.966,0.25824,1.26037,1.79576,3.17563,0.994265,4.97925,0.42336,36.966,0.42336,423.524,0,1.02816,0,0,2.28853,1.26037,1.028160,1,0,60.7151,0,0,0,60.7151,0
72.29,2.13588,0,0,4.04307,0.258191,1.649,3.6288,61.308,0.42829,0,0,0.836822,0.203892,0.204641,0.66528,12.849,1,0.379637,1.649,0,59.2345,3.99578,56.508,0.84672,12.849,0.84672,3695.15,0,36.966,0.25824,0.765979,1.79597,3.32544,0.994265,4.63489,0.42336,36.966,0.42336,423.524,0,1.02816,0,0,1.79414,0.765979,1.028160,1,0,61.3476,0,0,0,61.3476,0
72.29,2.24454,0,0,4.07286,0.221542,1.60678,3.6288,61.308,0.480806,0,0,0.740918,0.214578,0.0455343,0.66528,12.849,1,0.39895,1.60678,0,59.639,3.99686,56.85,0.84672,12.849,0.84672,3695.15,0,36.966,0.289905,0.87969,1.79618,3.01901,1.05207,4.3529,0.42336,36.966,0.42336,423.524,0,1.02816,0,0,1.90785,0.87969,1.028160,1,0,61.2484,0,0,0,61.2484,0
72.29,2.31699,0,0,3.33003,0.167417,0.845619,3.6288,61.2707,0.428304,0,0,0.619794,0.22884,0,0.66528,12.849,1,0.411828,0.845619,0,46.0138,4.18729,42.2603,0.84672,12.849,0.84672,3695.15,0,36.966,0.258248,0.898318,1.8852,2.52105,1.06032,3.986,0.42336,36.966,0.42336,423.524,0,1.02816,0,0,1.92648,0.898318,1.028160,1,0,46.2463,0,0,0,46.2463,0
72.29,2.31798,0,0,3.28829,0.167417,0.802887,3.6288,61.2869,0.428205,0,0,0.673199,0.228786,0,0.66528,12.849,1,0.412004,0.802887,0,44.4976,4.18729,40.7011,0.84672,12.849,0.84672,3695.15,0,36.966,0.258346,0.857866,1.83617,2.76401,1.06032,4.13938,0.42336,36.966,0.42336,423.524,0,1.02816,0,0,1.88603,0.857866,1.028160,1,0,44.8405,0,0,0,44.8405,0
72.29,2.31898,0,0,3.07536,0.167417,0.588971,3.6288,61.251,0.428248,0,0,0.621183,0.228809,0,0.66528,12.849,1,0.412181,0.588971,0,41.6241,4.18729,37.6136,0.84672,12.849,0.84672,3695.15,0,36.966,0.258304,0.780071,1.83639,2.42691,1.06032,3.72475,0.42336,36.966,0.42336,423.524,0,1.02816,0,0,1.80823,0.780071,1.028160,1,0,41.3384,0,0,0,41.3384,0
72.29,2.31997,0,0,2.96686,0.149791,0.497103,3.6288,61.1743,0.428154,0,0,0.597669,0.246197,0,0.66528,12.849,1,0.412357,0.497103,0,38.7818,4.56393,34.3026,0.84672,12.849,0.84672,3695.15,0,36.966,0.258398,0.808186,1.83661,2.61598,1.12614,3.87623,0.42336,36.966,0.42336,423.524,0,1.02816,0,0,1.83635,0.808186,1.028160,1,0,38.1788,0,0,0,38.1788,0
72.29,2.29963,0,0,3.05288,0.140501,0.61275,3.6288,61.0472,0.45683,0,0,0.589975,0.260215,0,0.66528,12.849,1,0.408742,0.61275,0,38.9418,4.82391,34.3219,0.84672,12.849,0.84672,3695.15,0,36.966,0.27605,1.04197,1.83682,3.16539,1.19394,4.57419,0.42336,36.966,0.42336,423.524,0,1.02816,0,0,2.07013,1.04197,1.028160,1,0,38.8961,0,0,0,38.8961,0
72.2689,2.33996,0,0,2.8222,0.140501,0.36288,3.6288,60.93,0.427624,0,0,0.570375,0.260006,0,0.66528,12.849,1,0.41591,0.36288,0,38.7063,4.82391,33.8294,0.84672,12.849,0.84672,3695.15,0,36.966,0.25894,1.00694,1.86813,3.20969,1.19394,4.63189,0.42336,36.966,0.42336,423.524,0,1.02816,0,0,2.0351,1.00694,1.028160,1,0,38.4613,0,0,0,38.4613,0
71.9867,2.34085,0,0,2.5621,0.140479,0.36288,3.6288,60.7817,0.427314,0,0,0.538825,0.259812,0,0.66528,12.849,1,0.41619,0.36288,0,37.556,4.82391,32.6788,0.84672,12.849,0.84672,3695.15,0,36.966,0.25925,0.807296,1.84125,3.01707,1.19394,4.21242,0.42336,36.966,0.42336,423.524,0,1.02816,0,0,1.83546,0.807296,1.028160,1,0,36.8912,0,0,0,36.8912,0
71.4987,2.34046,0,0,2.34598,0.13068,0.36288,3.6288,60.5862,0.426921,0,0,0.512832,0.281433,0,0.66528,12.849,1,0.417752,0.36288,0,33.1197,5.10621,27.9586,0.84672,12.849,0.84672,3695.15,0,36.966,0.259643,0.731981,1.84147,2.93003,1.29698,3.94685,0.42336,36.966,0.42336,423.524,0,1.02816,0,0,1.76014,0.731981,1.028160,1,0,31.9055,0,0,0,31.9055,0
70.7581,2.39409,0,0,2.12146,0.105054,0.36288,3.6288,60.3161,0.452071,0,0,0.509541,0.327481,0,0.66528,12.849,1,0.430241,0.36288,0,30.1752,6.16665,23.9412,0.84672,12.849,0.84672,3695.15,0,36.966,0.275826,0.538125,1.84169,2.42666,1.57712,2.95353,0.42336,36.966,0.42336,423.524,0,1.02816,0,0,1.56629,0.538125,1.028160,1,0,26.8947,0,0,0,26.8947,0
69.897,2.41059,0,0,2.01654,0.104214,0.36288,3.6288,60.0067,0.437174,0,0,0.453336,0.325555,0,0.66528,12.849,1,0.43774,0.36288,0,29.1873,6.22577,22.8867,0.84672,12.849,0.84672,3695.15,0,36.966,0.267931,0.60804,1.88601,2.47668,1.58087,3.12193,0.42336,36.966,0.42336,423.524,0,1.02816,0,0,1.6362,0.60804,1.028160,1,0,26.0086,0,0,0,26.0086,0
68.9109,2.40667,0,0,1.88702,0.103525,0.36288,3.6288,59.6649,0.436601,0,0,0.419619,0.324915,0,0.66528,12.849,1,0.442412,0.36288,0,26.3488,6.22577,20.0435,0.84672,12.849,0.84672,3695.15,0,36.966,0.26896,0.537831,1.8729,2.21041,1.58087,2.77131,0.42336,36.966,0.42336,423.524,0,1.02816,0,0,1.56599,0.537831,1.028160,1,0,22.8148,0,0,0,22.8148,0
67.7757,2.40196,0,0,1.73238,0.102736,0.36288,3.6288,59.3197,0.435931,0,0,0.415015,0.324207,0,0.66528,12.849,1,0.447865,0.36288,0,24.086,6.22577,17.7752,0.84672,12.849,0.84672,3695.15,0,36.966,0.270086,0.409208,1.87339,2.16187,1.58087,2.59351,0.42336,36.966,0.42336,423.524,0,1.02816,0,0,1.43737,0.409208,1.028160,1,0,20.3687,0,0,0,20.3687,0
66.691,2.55632,0,0,1.92539,0.0909448,0.36288,3.6288,58.9687,0.527252,0,0,0.495891,0.319699,0,0.66528,12.849,1,0.484631,0.36288,0,25.7207,6.4068,19.1921,0.84672,12.849,0.84672,3695.15,0,36.966,0.328565,0.856362,1.87388,2.99255,1.6211,3.77313,0.42336,36.966,0.42336,423.524,0,1.02816,0,0,1.88452,0.856362,1.028160,1,0,22.9653,0,0,0,22.9653,0
65.2633,2.55038,0,0,1.578,0.0924622,0.36288,3.6288,58.5636,0.526354,0,0,0.439334,0.318074,0,0.66528,12.849,1,0.491369,0.36288,0,24.3152,6.39586,17.7909,0.84672,12.849,0.84672,3695.15,0,36.966,0.329958,0.709525,2.02544,2.31462,1.61429,3.10533,0.42336,36.966,0.42336,423.524,0,1.02816,0,0,1.73769,0.709525,1.028160,1,0,20.8962,0,0,0,20.8962,0
63.7594,2.54207,0,0,1.49251,0.0914161,0.36288,3.6288,58.1251,0.525258,0,0,0.404067,0.317247,0,0.66528,12.849,1,0.500482,0.36288,0,21.8522,6.39586,15.3187,0.84672,12.849,0.84672,3695.15,0,36.966,0.331549,0.601007,2.02597,2.28835,1.61429,2.96949,0.42336,36.966,0.42336,423.524,0,1.02816,0,0,1.62917,0.601007,1.028160,1,0,18.2882,0,0,0,18.2882,0
62.8344,2.53291,0,0,2.06109,0.0903142,0.36288,3.6288,57.7323,0.524032,0,0,0.447498,0.316352,0,0.66528,12.849,1,0.51044,0.36288,0,23.4395,6.39586,16.8961,0.84672,12.849,0.84672,3695.15,0,36.966,0.33327,0.820722,2.0265,2.551,1.61429,3.45066,0.42336,36.966,0.42336,423.524,0,1.02816,0,0,1.84888,0.820722,1.028160,1,0,20.3468,0,0,0,20.3468,0
62.2792,2.52734,0,0,2.45173,0.116712,0.36288,3.6288,57.4227,0.522952,0,0,0.515671,0.302227,0,0.66528,12.849,1,0.516815,0.36288,0,38.3143,6.1549,32.0054,0.84672,12.849,0.84672,3695.15,0,36.966,0.334846,0.867672,2.02703,2.55439,1.58326,3.53099,0.42336,36.966,0.42336,423.524,0,1.02816,0,0,1.89583,0.867672,1.028160,1,0,35.5364,0,0,0,35.5364,0
61.0658,2.44716,0,0,1.7099,0.113265,0.36288,3.6288,57.076,0.466937,0,0,0.378695,0.258469,0,0.66528,12.849,1,0.504882,0.36288,0,27.6937,5.74812,21.8036,0.84672,12.849,0.84672,3695.15,0,36.966,0.300591,0.948015,2.02757,2.58928,1.52452,3.73975,0.42336,36.966,0.42336,423.524,0,1.02816,0,0,1.97618,0.948015,1.028160,1,0,25.5433,0,0,0,25.5433,0
59.0886,2.43952,0,0,0.937397,0.112136,0.36288,3.6288,56.597,0.466115,0,0,0.24496,0.257888,0,0.66528,12.849,1,0.513305,0.36288,0,35.0508,5.74812,29.1522,0.84672,12.849,0.84672,3695.15,0,36.966,0.301885,0.327845,1.94056,1.61219,1.52452,2.0542,0.42336,36.966,0.42336,423.524,0,1.02816,0,0,1.356,0.327845,1.028160,1,0,31.2064,0,0,0,31.2064,0
57.0593,2.42605,0,0,0.869694,0.110135,0.36288,3.6288,56.0013,0.587262,0,0,0.248665,0.257085,0,0.66528,12.849,1,0.527551,0.36288,0,20.8191,5.74812,14.9063,0.84672,12.849,0.84672,3695.15,0,36.966,0.383567,0.216518,1.94107,1.21833,1.52452,1.46783,0.42336,36.966,0.42336,423.524,0,0.825803,0,0,1.04232,0.216518,1.028160,1,0,16.3742,0,0,0,16.3742,0
56.3954,2.41137,0,0,2.30127,0.190865,0.36288,3.6288,55.72,0.463193,0,0,0.446429,0.264551,0,0.66528,12.849,1,0.543008,0.36288,0,31.0319,5.19068,25.6611,0.84672,12.849,0.84672,3695.15,0,36.966,0.30575,1.62251,1.94158,3.55913,1.40082,5.41666,0.42336,36.966,0.42336,423.524,0,1.02816,0,0,2.65067,1.62251,1.028160,1,0,31.0777,0,0,0,31.0777,0
55.4557,2.34462,0,0,1.99483,0.227076,0.36288,3.6288,55.459,0.412829,0,0,0.385964,0.234172,0,0.66528,12.849,1,0.534192,0.36288,0,46.0433,4.87203,41,0.84672,12.849,0.84672,3695.15,0,36.966,0.273881,0.755508,1.94209,3.37736,1.27618,4.5249,0.42336,36.966,0.42336,423.524,0,1.02816,0,0,1.78367,0.755508,1.028160,1,0,45.5249,0,0,0,45.5249,0
54.481,2.33788,0,0,1.95749,0.231369,0.36288,3.6288,55.5217,0.412326,0,0,0.692572,0.217552,0,0.66528,12.849,1,0.541684,0.36288,0,45.744,4.78548,40.7798,0.84672,12.849,0.84672,3695.15,0,36.966,0.274834,1.48782,1.8644,3.18363,1.24442,5.01659,0.42336,36.966,0.42336,423.524,0,1.02816,0,0,2.51598,1.48782,1.028160,1,0,45.7964,0,0,0,45.7964,0
53.1788,2.33065,0,0,1.63382,0.242527,0.36288,3.6288,55.4309,0.412782,0,0,0.544113,0.222084,0,0.66528,12.849,1,0.54967,0.36288,0,40.2854,4.43007,35.6685,0.84672,12.849,0.84672,3695.15,0,36.966,0.274828,1.07994,1.86489,4.15599,1.16883,5.65716,0.42336,36.966,0.42336,423.524,0,1.02816,0,0,2.1081,1.07994,1.028160,1,0,41.3257,0,0,0,41.3257,0
53.4379,2.32042,0,0,3.19937,0.256986,0.36288,3.6288,55.6832,0.412783,0,0,0.892954,0.227872,0,0.66528,12.849,1,0.560658,0.36288,0,75.1127,3.95619,70.9587,0.84672,12.849,0.84672,3695.15,0,36.966,0.275278,2.37151,1.86538,5.56021,1.06803,8.45379,0.42336,36.966,0.42336,423.524,0,1.02816,0,0,3.39967,2.37151,1.028160,1,0,79.4125,0,0,0,79.4125,0
54.7153,2.14826,0,0,4.02214,0.233596,0.36288,3.6288,55.607,0.310168,0,0,0.454379,0.220428,0,0.66528,12.849,1,0.516543,0.36288,0,59.57,4.05417,55.3622,0.84672,12.849,0.84672,3695.15,0,36.966,0.205909,1.40118,1.86587,4.83103,1.03556,6.85662,0.42336,36.966,0.42336,423.524,0,1.02816,0,0,2.42934,1.40118,1.028160,1,0,62.2188,0,0,0,62.2188,0
54.9768,2.02089,0,0,2.91421,0.268989,0.36288,3.6288,55.863,0.412384,0,0,0.86197,0.193601,0,0.66528,12.849,1,0.474572,0.36288,0,78.3065,4.1643,74.0305,0.84672,12.849,0.84672,3695.15,0,36.966,0.274142,1.95551,1.69246,6.75221,0.968888,9.15715,0.42336,36.966,0.42336,423.524,0,1.02816,0,0,2.98367,1.95551,1.028160,1,0,83.1876,0,0,0,83.1876,0
55.1893,2.02361,0,0,2.8687,0.269697,0.36288,3.6288,56.0067,0.41314,0,0,0.750752,0.193926,0,0.66528,12.849,1,0.472952,0.36288,0,61.3715,4.1643,57.0971,0.84672,12.849,0.84672,3695.15,0,36.966,0.273386,1.47706,1.79242,5.56616,0.968888,7.59337,0.42336,36.966,0.42336,423.524,0,1.02816,0,0,2.50522,1.47706,1.028160,1,0,64.6905,0,0,0,64.6905,0
55.0658,2.02599,0,0,2.53572,0.270273,0.36288,3.6288,56.1688,0.413563,0,0,0.769793,0.194108,0,0.66528,12.849,1,0.471684,0.36288,0,71.1224,4.1643,66.8493,0.84672,12.849,0.84672,3695.15,0,36.966,0.272963,1.50174,1.79262,5.7545,0.968888,7.80701,0.42336,36.966,0.42336,423.524,0,1.02816,0,0,2.5299,1.50174,1.028160,1,0,74.6563,0,0,0,74.6563,0
56.6063,2.02603,0,0,4.19724,0.267911,0.36288,3.6288,56.3281,0.414038,0,0,0.793774,0.220372,0,0.66528,12.849,1,0.47275,0.36288,0,64.2854,4.99117,59.1844,0.84672,12.849,0.84672,3695.15,0,36.966,0.272488,1.92885,1.79283,6.23734,1.22559,8.46094,0.42336,36.966,0.42336,423.524,0,1.02816,0,0,2.95701,1.92885,1.028160,1,0,67.6453,0,0,0,67.6453,0
55.1586,2.10552,0,0,1.27151,0.250754,0.36288,3.6288,56.1746,0.444684,0,0,0.523263,0.232109,0,0.66528,12.849,1,0.477931,0.36288,0,41.9386,5.06447,36.7591,0.84672,12.849,0.84672,3695.15,0,36.966,0.291829,0.917758,1.79304,2.95822,1.36756,4.00963,0.42336,36.966,0.42336,423.524,0,1.02816,0,0,1.94592,0.917758,1.028160,1,0,40.7688,0,0,0,40.7688,0
54.7782,2.13679,0,0,2.36639,0.247166,0.36288,3.6288,56.1381,0.414053,0,0,0.609384,0.231876,0,0.66528,12.849,1,0.497756,0.36288,0,37.791,5.06447,32.5917,0.84672,12.849,0.84672,3695.15,0,36.966,0.27247,1.28132,1.84753,8.59515,1.36756,10.084,0.42336,36.966,0.42336,423.524,0,1.02816,0,0,2.30948,1.28132,1.028160,1,0,42.6756,0,0,0,42.6756,0
60.0499,2.13487,0,0,8.01572,0.246223,0.36288,3.6288,56.6321,0.413946,0,0,1.13981,0.231821,0,0.66528,12.849,1,0.500765,0.36288,0,115.681,5.06447,110.479,0.84672,12.849,0.84672,3695.15,0,36.966,0.272577,3.71953,1.81848,7.24673,1.36756,11.1446,0.42336,36.966,0.42336,423.524,0,1.02816,0,0,4.74769,3.71953,1.028160,1,0,121.623,0,0,0,121.623,0
62.8436,2.17199,0,0,5.59424,0.265749,0.36288,3.6288,57.1569,0.415385,0,0,1.16423,0.224057,0,0.66528,12.849,1,0.464745,0.36288,0,156.498,4.58492,151.811,0.84672,12.849,0.84672,3695.15,0,36.966,0.271138,3.59663,1.81868,5.40038,1.23846,9.3061,0.42336,36.966,0.42336,423.524,0,1.02816,0,0,4.62479,3.59663,1.028160,1,0,161.117,0,0,0,161.117,0
64.3764,2.41313,0,0,4.56951,0.260639,0.36288,3.6288,57.2965,0.530985,0,0,0.865111,0.194521,0,0.66528,12.849,1,0.493388,0.36288,0,96.6557,3.95029,92.5749,0.84672,12.849,0.84672,3695.15,0,36.966,0.343412,2.24068,1.81889,6.87051,1.03693,9.54973,0.42336,36.966,0.42336,423.524,0,1.02816,0,0,3.26884,2.24068,1.028160,1,0,102.125,0,0,0,102.125,0
66.5103,2.52094,0,0,5.27094,0.253235,0.36288,3.6288,57.3817,0.46076,0,0,0.720446,0.174515,0,0.66528,12.849,1,0.503158,0.36288,0,106.345,3.61819,102.587,0.84672,12.849,0.84672,3695.15,0,36.966,0.297269,1.92421,2.0146,6.5954,0.924519,9.31242,0.42336,36.966,0.42336,423.524,0,1.02816,0,0,2.95237,1.92421,1.028160,1,0,111.899,0,0,0,111.899,0
68.746,2.53511,0,0,5.39131,0.257597,0.36288,3.6288,57.4303,0.461302,0,0,0.684516,0.174612,0,0.66528,12.849,1,0.489752,0.36288,0,100.427,3.61819,96.682,0.84672,12.849,0.84672,3695.15,0,36.966,0.297177,1.67943,1.94672,4.88685,0.924519,7.29131,0.42336,36.966,0.42336,423.524,0,1.02816,0,0,2.70759,1.67943,1.028160,1,0,103.973,0,0,0,103.973,0
70.2606,2.54917,0,0,4.6837,0.257113,0.36288,3.6288,57.5164,0.461729,0,0,0.733287,0.185461,0,0.66528,12.849,1,0.476453,0.36288,0,92.0402,3.88028,88.0463,0.84672,12.849,0.84672,3695.15,0,36.966,0.2972,1.7433,1.94722,5.25347,1.00651,7.64027,0.42336,36.966,0.42336,423.524,0,1.02816,0,0,2.77146,1.7433,1.028160,1,0,95.6866,0,0,0,95.6866,0
72.29,2.23419,0,0,5.48806,0.289565,0.934883,3.6288,58.2046,0.308634,0,0,1.16792,0.171032,0,0.66528,12.849,1,0.40858,0.934883,0,133.614,3.72121,130.419,0.84672,12.849,0.84672,3695.15,0,36.966,0.198361,3.12402,1.94771,7.25371,1.0417,11.0854,0.42336,36.966,0.42336,423.524,0,1.02816,0,0,4.15218,3.12402,1.028160,1,0,141.505,0,0,0,141.505,0
72.29,2.0924,0,0,4.84034,0.313674,2.43426,3.6288,59.0093,0.419855,0,0,1.38558,0.161093,0,0.66528,12.849,1,0.371909,2.43426,0,130.315,2.97979,129.398,0.84672,12.849,0.84672,3695.15,0,36.966,0.266652,3.33134,1.68132,7.34257,0.810649,11.2779,0.42336,36.966,0.42336,423.524,0,1.02816,0,0,4.3595,3.33134,1.028160,1,0,140.676,0,0,0,140.676,0
72.29,2.0933,0,0,4.20336,0.313674,1.79639,3.6288,59.6575,0.422091,0,0,1.23226,0.161928,0,0.66528,12.849,1,0.372068,1.79639,0,108.3,2.97979,106.744,0.84672,12.849,0.84672,3695.15,0,36.966,0.264416,3.08348,1.78656,6.50136,0.810649,10.2963,0.42336,36.966,0.42336,423.524,0,1.02816,0,0,4.11164,3.08348,1.028160,1,0,117.041,0,0,0,117.041,0
72.29,2.09419,0,0,4.89372,0.313674,2.48586,3.6288,60.3287,0.423865,0,0,1.25769,0.162602,0,0.66528,12.849,1,0.372227,2.48586,0,121.648,2.97979,120.782,0.84672,12.849,0.84672,3695.15,0,36.966,0.262642,3.6281,1.78676,7.89378,0.810649,12.2354,0.42336,36.966,0.42336,423.524,0,1.02816,0,0,4.65626,3.6281,1.028160,1,0,133.017,0,0,0,133.017,0
72.29,2.09509,0,0,5.94826,0.314971,3.5382,3.6288,61.0212,0.425677,0,0,1.28372,0.165529,0,0.66528,12.849,1,0.372386,3.5382,0,139.776,3.03554,139.906,0.84672,12.849,0.84672,3695.15,0,36.966,0.26083,3.61623,1.78696,7.89705,0.812178,12.2272,0.42336,36.966,0.42336,423.524,0,1.02816,0,0,4.64439,3.61623,1.028160,1,0,152.134,0,0,0,152.134,0
72.29,2.17807,0,0,4.66556,0.322752,2.16473,3.6288,61.308,0.466019,0,0,1.04291,0.179699,0.110437,0.66528,12.849,1,0.387136,2.16473,0,93.2386,3.36997,91.6462,0.84672,12.849,0.84672,3695.15,0,36.966,0.282309,3.49049,1.78716,7.11561,0.821354,11.2896,0.42336,36.966,0.42336,423.524,0,1.02816,0,0,4.51865,3.49049,1.028160,1,0,103.046,0,0,0,103.046,0
72.29,2.23148,0,0,5.57065,0.322752,3.01642,3.6288,61.308,0.428286,0,0,1.69984,0.180025,1.09153,0.66528,12.849,1,0.396628,3.01642,0,106.883,3.36997,106.133,0.84672,12.849,0.84672,3695.15,0,36.966,0.258237,4.16462,1.85323,7.50353,0.821354,12.4418,0.42336,36.966,0.42336,423.524,0,1.02816,0,0,5.19278,4.16462,1.028160,1,0,119.666,0,0,0,119.666,0
72.29,2.23241,0,0,3.92801,0.322752,1.37285,3.6288,61.308,0.428286,0,0,0.872011,0.180025,0.2637,0.66528,12.849,1,0.396793,1.37285,0,73.1264,3.36997,70.7325,0.84672,12.849,0.84672,3695.15,0,36.966,0.258237,2.35537,1.81727,5.80525,0.821354,8.8983,0.42336,36.966,0.42336,423.524,0,1.02816,0,0,3.38353,2.35537,1.028160,1,0,79.8944,0,0,0,79.8944,0
72.29,2.23334,0,0,3.54594,0.313824,0.998783,3.6288,61.308,0.428286,0,0,0.955359,0.184783,0.34229,0.66528,12.849,1,0.396959,0.998783,0,79.6815,3.42814,76.8552,0.84672,12.849,0.84672,3695.15,0,36.966,0.258237,2.4586,1.81748,6.07451,0.832804,9.25954,0.42336,36.966,0.42336,423.524,0,1.02816,0,0,3.48676,2.4586,1.028160,1,0,86.457,0,0,0,86.457,0
72.29,2.20214,0,0,3.19157,0.28396,0.705477,3.6288,61.308,0.413292,0,0,0.80367,0.192092,0.198287,0.66528,12.849,1,0.391413,0.705477,0,63.8022,3.43971,60.6765,0.84672,12.849,0.84672,3695.15,0,36.966,0.249197,1.85441,1.81768,5.60598,0.919295,8.10958,0.42336,36.966,0.42336,423.524,0,1.02816,0,0,2.88257,1.85441,1.028160,1,0,68.9844,0,0,0,68.9844,0
72.29,2.18265,0,0,3.16681,0.264456,0.719705,3.6288,61.308,0.428282,0,0,0.70365,0.136947,0.138421,0.66528,12.849,1,0.387949,0.719705,0,58.9788,2.36051,56.9501,0.84672,12.849,0.84672,3695.15,0,36.966,0.258235,1.59922,1.79223,4.26654,0.778914,6.62083,0.42336,36.966,0.42336,423.524,0,1.02816,0,0,2.62738,1.59922,1.028160,1,0,63.7093,0,0,0,63.7093,0
72.29,2.18357,0,0,2.78772,0.200458,0.403698,3.6288,61.308,0.428282,0,0,0.682619,0.206018,0.0483186,0.66528,12.849,1,0.388112,0.403698,0,55.9727,3.25238,52.7359,0.84672,12.849,0.84672,3695.15,0,36.966,0.258235,1.33656,1.80649,3.62556,1.02842,5.48195,0.42336,36.966,0.42336,423.524,0,1.02816,0,0,2.36472,1.33656,1.028160,1,0,58.2662,0,0,0,58.2662,0
72.1044,2.18448,0,0,2.56226,0.200458,0.36288,3.6288,61.308,0.428282,0,0,0.70604,0.206018,0.0717399,0.66528,12.849,1,0.388275,0.36288,0,50.5497,3.25238,47.2719,0.84672,12.849,0.84672,3695.15,0,36.966,0.258235,1.56644,1.80669,3.55926,1.02842,5.64574,0.42336,36.966,0.42336,423.524,0,1.02816,0,0,2.5946,1.56644,1.028160,1,0,52.9894,0,0,0,52.9894,0
71.9113,2.29368,0,0,2.64838,0.185001,0.36288,3.6288,61.308,0.481508,0,0,0.686621,0.203385,0.00172725,0.66528,12.849,1,0.408733,0.36288,0,55.1313,3.53538,51.5501,0.84672,12.849,0.84672,3695.15,0,36.966,0.290328,1.85542,1.80689,3.58651,0.970371,5.98813,0.42336,36.966,0.42336,423.524,0,1.02816,0,0,2.88358,1.85542,1.028160,1,0,57.5399,0,0,0,57.5399,0
71.4954,2.36608,0,0,2.47767,0.164526,0.36288,3.6288,61.301,0.428296,0,0,0.621152,0.199875,0,0.66528,12.849,1,0.422767,0.36288,0,47.6763,3.91272,43.7037,0.84672,12.849,0.84672,3695.15,0,36.966,0.258243,1.83068,1.89711,3.12762,0.892975,5.70419,0.42336,36.966,0.42336,423.524,0,1.02816,0,0,2.85884,1.83068,1.028160,1,0,49.4079,0,0,0,49.4079,0
70.7509,2.36495,0,0,2.14729,0.164006,0.36288,3.6288,61.243,0.428277,0,0,0.570199,0.199866,0,0.66528,12.849,1,0.425024,0.36288,0,44.74,3.91272,40.7651,0.84672,12.849,0.84672,3695.15,0,36.966,0.258262,1.8712,1.84741,3.16558,0.892975,5.73295,0.42336,36.966,0.42336,423.524,0,1.02816,0,0,2.89936,1.8712,1.028160,1,0,46.4981,0,0,0,46.4981,0
69.8097,2.36213,0,0,1.94688,0.163074,0.36288,3.6288,61.1111,0.428125,0,0,0.495948,0.199793,0,0.66528,12.849,1,0.428984,0.36288,0,41.1986,3.91272,37.2198,0.84672,12.849,0.84672,3695.15,0,36.966,0.258414,1.55834,1.84762,2.99327,0.892975,5.24784,0.42336,36.966,0.42336,423.524,0,1.02816,0,0,2.5865,1.55834,1.028160,1,0,42.4676,0,0,0,42.4676,0
68.8824,2.3582,0,0,1.92622,0.132451,0.36288,3.6288,60.9334,0.427777,0,0,0.481899,0.23179,0,0.66528,12.849,1,0.434045,0.36288,0,39.3731,4.5297,34.7722,0.84672,12.849,0.84672,3695.15,0,36.966,0.258762,1.45326,1.84783,2.86126,1.07276,4.83082,0.42336,36.966,0.42336,423.524,0,1.02816,0,0,2.48142,1.45326,1.028160,1,0,39.603,0,0,0,39.603,0
68.5497,2.33278,0,0,2.48108,0.118062,0.36288,3.6288,60.8028,0.456531,0,0,0.577752,0.251841,0,0.66528,12.849,1,0.435145,0.36288,0,41.0548,4.80805,36.1745,0.84672,12.849,0.84672,3695.15,0,36.966,0.27696,1.59052,1.84804,2.83155,1.21725,4.77591,0.42336,36.966,0.42336,423.524,0,1.02816,0,0,2.61868,1.59052,1.028160,1,0,40.9504,0,0,0,40.9504,0
68.0108,2.37149,0,0,2.31319,0.117756,0.36288,3.6288,60.6793,0.426969,0,0,0.555134,0.251632,0,0.66528,12.849,1,0.444513,0.36288,0,40.5117,4.80805,35.6221,0.84672,12.849,0.84672,3695.15,0,36.966,0.259582,1.485,1.87976,2.89334,1.21725,4.78126,0.42336,36.966,0.42336,423.524,0,1.02816,0,0,2.51316,1.485,1.028160,1,0,40.4033,0,0,0,40.4033,0
67.2566,2.36949,0,0,2.09542,0.11726,0.36288,3.6288,60.5317,0.426641,0,0,0.530468,0.251435,0,0.66528,12.849,1,0.447657,0.36288,0,39.8126,4.80805,34.9198,0.84672,12.849,0.84672,3695.15,0,36.966,0.259911,1.36011,1.8525,2.73335,1.21725,4.4688,0.42336,36.966,0.42336,423.524,0,1.02816,0,0,2.38827,1.36011,1.028160,1,0,39.3886,0,0,0,39.3886,0
66.3234,2.36623,0,0,1.90789,0.111988,0.36288,3.6288,60.345,0.426247,0,0,0.501682,0.262115,0,0.66528,12.849,1,0.452055,0.36288,0,35.0469,4.94921,30.0085,0.84672,12.849,0.84672,3695.15,0,36.966,0.260304,1.13198,1.85272,2.65293,1.26877,4.10855,0.42336,36.966,0.42336,423.524,0,1.02816,0,0,2.16014,1.13198,1.028160,1,0,34.117,0,0,0,34.117,0
65.5528,2.41699,0,0,2.09091,0.0816322,0.36288,3.6288,60.0624,0.451723,0,0,0.466835,0.297753,0,0.66528,12.849,1,0.468249,0.36288,0,36.0956,5.58071,30.4095,0.84672,12.849,0.84672,3695.15,0,36.966,0.276715,1.49201,1.85293,2.58375,1.48698,4.16499,0.42336,36.966,0.42336,423.524,0,1.02816,0,0,2.52017,1.49201,1.028160,1,0,34.5745,0,0,0,34.5745,0
64.8403,2.41345,0,0,2.14404,0.0802324,0.36288,3.6288,59.7769,0.450854,0,0,0.450852,0.285453,0,0.66528,12.849,1,0.47306,0.36288,0,34.7687,5.49454,29.1639,0.84672,12.849,0.84672,3695.15,0,36.966,0.277483,1.6292,1.89784,2.59216,1.45062,4.39111,0.42336,36.966,0.42336,423.524,0,1.02816,0,0,2.65736,1.6292,1.028160,1,0,33.555,0,0,0,33.555,0
63.8866,2.40972,0,0,1.89869,0.0797753,0.36288,3.6288,59.4651,0.450309,0,0,0.423388,0.284933,0,0.66528,12.849,1,0.477518,0.36288,0,32.7584,5.49454,27.1492,0.84672,12.849,0.84672,3695.15,0,36.966,0.278471,1.44569,1.898,2.56693,1.45062,4.18153,0.42336,36.966,0.42336,423.524,0,1.02816,0,0,2.47385,1.44569,1.028160,1,0,31.3307,0,0,0,31.3307,0
62.7649,2.40439,0,0,1.72476,0.0791634,0.36288,3.6288,59.1429,0.449681,0,0,0.41191,0.284366,0,0.66528,12.849,1,0.483575,0.36288,0,30.8367,5.49454,25.2214,0.84672,12.849,0.84672,3695.15,0,36.966,0.279541,1.28591,1.89848,2.47529,1.45062,3.92952,0.42336,36.966,0.42336,423.524,0,1.02816,0,0,2.31407,1.28591,1.028160,1,0,29.151,0,0,0,29.151,0
61.6667,2.5098,0,0,1.82955,0.0551499,0.36288,3.6288,58.7877,0.52003,0,0,0.458043,0.293211,0,0.66528,12.849,1,0.513797,0.36288,0,30.5696,5.79531,24.6234,0.84672,12.849,0.84672,3695.15,0,36.966,0.325033,1.55663,1.89896,2.49585,1.50342,4.12299,0.42336,36.966,0.42336,423.524,0,1.02816,0,0,2.58479,1.55663,1.028160,1,0,28.7464,0,0,0,28.7464,0
60.4532,2.50286,0,0,1.69926,0.0469895,0.36288,3.6288,58.3259,0.519114,0,0,0.348989,0.291731,0,0.66528,12.849,1,0.521501,0.36288,0,36.6213,5.70087,30.7618,0.84672,12.849,0.84672,3695.15,0,36.966,0.326421,1.00261,2.01387,1.78648,1.53028,2.94627,0.42336,36.966,0.42336,423.524,0,1.02816,0,0,2.03077,1.00261,1.028160,1,0,33.7081,0,0,0,33.7081,0
59.4288,2.49485,0,0,1.87982,0.0465189,0.36288,3.6288,57.9966,0.51782,0,0,0.479402,0.290865,0,0.66528,12.849,1,0.530267,0.36288,0,31.3978,5.70087,25.5295,0.84672,12.849,0.84672,3695.15,0,36.966,0.328186,1.63028,2.01438,2.13487,1.53028,3.92107,0.42336,36.966,0.42336,423.524,0,1.02816,0,0,2.65844,1.63028,1.028160,1,0,29.4506,0,0,0,29.4506,0
58.2755,2.48796,0,0,1.74588,0.04836,0.36288,3.6288,57.5882,0.51697,0,0,0.385324,0.276747,0,0.66528,12.849,1,0.537918,0.36288,0,30.123,5.33118,24.6168,0.84672,12.849,0.84672,3695.15,0,36.966,0.329508,1.41968,2.01489,2.42553,1.38637,4.14422,0.42336,36.966,0.42336,423.524,0,1.02816,0,0,2.44784,1.41968,1.028160,1,0,28.761,0,0,0,28.761,0
57.1434,2.47986,0,0,1.77309,0.0623627,0.36288,3.6288,57.2128,0.515834,0,0,0.376036,0.235616,0,0.66528,12.849,1,0.546778,0.36288,0,20.1828,4.35174,15.6471,0.84672,12.849,0.84672,3695.15,0,36.966,0.331115,1.21738,2.0154,2.69958,1.00763,4.59361,0.42336,36.966,0.42336,423.524,0,1.02816,0,0,2.24554,1.21738,1.028160,1,0,20.2408,0,0,0,20.2408,0
55.5222,2.44221,0,0,1.24345,0.0596419,0.36288,3.6288,56.9858,0.480789,0,0,0.532088,0.278303,0,0.66528,12.849,1,0.549143,0.36288,0,19.4382,5.62243,13.6295,0.84672,12.849,0.84672,3695.15,0,36.966,0.310645,1.34344,2.0159,2.73983,1.38345,4.40508,0.42336,36.966,0.42336,423.524,0,1.02816,0,0,2.3716,1.34344,1.028160,1,0,18.0346,0,0,0,18.0346,0
53.768,2.42979,0,0,1.09716,0.0586912,0.36288,3.6288,56.5364,0.480317,0,0,0.308803,0.277893,0,0.66528,12.849,1,0.562306,0.36288,0,19.9105,5.62243,14.0887,0.84672,12.849,0.84672,3695.15,0,36.966,0.311576,0.460788,1.9664,2.10447,1.38345,2.83663,0.42336,36.966,0.42336,423.524,0,1.02816,0,0,1.48895,0.460788,1.028160,1,0,16.9253,0,0,0,16.9253,0
51.8385,2.4156,0,0,0.906647,0.0576625,0.36288,3.6288,56.0523,0.479096,0,0,0.27205,0.277081,0,0.66528,12.849,1,0.577258,0.36288,0,18.3835,5.62243,12.5467,0.84672,12.849,0.84672,3695.15,0,36.966,0.313254,0.295764,1.96689,1.94889,1.38345,2.51485,0.42336,36.966,0.42336,423.524,0,1.02816,0,0,1.32392,0.295764,1.028160,1,0,15.0615,0,0,0,15.0615,0
50.6234,2.39898,0,0,1.68532,0.138539,0.36288,3.6288,55.7948,0.477741,0,0,0.423235,0.202919,0,0.66528,12.849,1,0.594626,0.36288,0,32.4592,4.58429,27.6432,0.84672,12.849,0.84672,3695.15,0,36.966,0.315067,0.625942,1.96739,3.38376,1.05896,4.60306,0.42336,36.966,0.42336,423.524,0,1.02816,0,0,1.6541,0.625942,1.028160,1,0,32.2462,0,0,0,32.2462,0
50.1697,2.3265,0,0,2.41426,0.178525,0.36288,3.6288,55.6877,0.426736,0,0,0.529567,0.209958,0,0.66528,12.849,1,0.590503,0.36288,0,43.5445,4.57865,38.7382,0.84672,12.849,0.84672,3695.15,0,36.966,0.282727,0.527869,1.96788,4.12465,1.02513,5.31255,0.42336,36.966,0.42336,423.524,0,1.02816,0,0,1.55603,0.527869,1.028160,1,0,44.0508,0,0,0,44.0508,0
48.2156,2.32284,0,0,0.916194,0.184648,0.36288,3.6288,55.1152,0.61386,0,0,0.278598,0.237276,0,0.66528,12.849,1,0.594903,0.36288,0,16.9919,4.88586,11.8741,0.84672,12.849,0.84672,3695.15,0,36.966,0.407486,0.216518,1.88913,2.76137,1.0971,3.36243,0.42336,36.966,0.42336,423.524,0,0.716714,0,0,0.933232,0.216518,1.028160,1,0,15.2365,0,0,0,15.2365,0
46.5822,2.30438,0,0,1.22122,0.187372,0.36288,3.6288,54.8135,0.45437,0,0,0.386776,0.234058,0,0.66528,12.849,1,0.614096,0.36288,0,29.9021,4.81437,24.8365,0.84672,12.849,0.84672,3695.15,0,36.966,0.304748,0.292723,1.88961,3.93661,1.08672,4.72747,0.42336,36.966,0.42336,423.524,0,0.979379,0,0,1.2721,0.292723,1.028160,1,0,29.564,0,0,0,29.564,0
46.5005,2.28808,0,0,2.79199,0.222687,0.36288,3.6288,54.9268,0.424496,0,0,0.757455,0.219655,0,0.66528,12.849,1,0.631132,0.36288,0,37.9082,4.38543,33.2545,0.84672,12.849,0.84672,3695.15,0,36.966,0.286278,0.650946,1.89008,6.40685,1.02442,7.63718,0.42336,36.966,0.42336,423.524,0,1.02816,0,0,1.67911,0.650946,1.028160,1,0,40.8917,0,0,0,40.8917,0
46.0353,2.11549,0,0,2.23188,0.218665,0.36288,3.6288,54.8782,0.320679,0,0,0.486674,0.214594,0,0.66528,12.849,1,0.584551,0.36288,0,40.7226,4.21338,36.2875,0.84672,12.849,0.84672,3695.15,0,36.966,0.215818,0.62862,1.89056,4.23973,0.985423,5.55767,0.42336,36.966,0.42336,423.524,0,1.02816,0,0,1.65678,0.62862,1.028160,1,0,41.8452,0,0,0,41.8452,0
45.9144,1.99443,0,0,2.44445,0.208036,0.36288,3.6288,54.8106,0.410202,0,0,0.54403,0.201467,0,0.66528,12.849,1,0.556668,0.36288,0,64.8504,3.78325,60.8733,0.84672,12.849,0.84672,3695.15,0,36.966,0.276312,0.829103,1.71484,5.26964,0.887921,6.64935,0.42336,36.966,0.42336,423.524,0,1.02816,0,0,1.85726,0.829103,1.028160,1,0,67.5227,0,0,0,67.5227,0
45.8677,1.99412,0,0,2.51802,0.207756,0.36288,3.6288,55.0032,0.409998,0,0,0.804007,0.201377,0,0.66528,12.849,1,0.558048,0.36288,0,75.7443,3.78325,71.7659,0.84672,12.849,0.84672,3695.15,0,36.966,0.276516,1.60626,1.80283,6.87502,0.887921,9.11968,0.42336,36.966,0.42336,423.524,0,1.02816,0,0,2.63442,1.60626,1.028160,1,0,80.8855,0,0,0,80.8855,0
45.6957,1.99451,0,0,2.39724,0.211864,0.36288,3.6288,55.1575,0.410577,0,0,0.766719,0.201845,0,0.66528,12.849,1,0.558727,0.36288,0,81.6929,3.79725,77.6998,0.84672,12.849,0.84672,3695.15,0,36.966,0.275937,1.25579,1.80303,6.21816,0.901685,8.09936,0.42336,36.966,0.42336,423.524,0,1.02816,0,0,2.28395,1.25579,1.028160,1,0,85.7992,0,0,0,85.7992,0
49.6703,1.99371,0,0,6.55921,0.227963,0.36288,3.6288,56.063,0.411039,0,0,1.51341,0.196837,0,0.66528,12.849,1,0.560604,0.36288,0,130.904,4.725,125.981,0.84672,12.849,0.84672,3695.15,0,36.966,0.275474,2.51397,1.80323,13.0274,1.12306,15.9461,0.42336,36.966,0.42336,423.524,0,1.02816,0,0,3.54213,2.51397,1.028160,1,0,141.927,0,0,0,141.927,0
51.6837,2.09747,0,0,4.68441,0.210737,0.36288,3.6288,56.8198,0.444242,0,0,1.39046,0.189498,0,0.66528,12.849,1,0.542586,0.36288,0,105.647,3.6859,101.782,0.84672,12.849,0.84672,3695.15,0,36.966,0.292917,0.680996,1.80344,3.32672,0.96602,4.55222,0.42336,36.966,0.42336,423.524,0,1.02816,0,0,1.70916,0.680996,1.028160,1,0,106.334,0,0,0,106.334,0
58.462,2.15582,0,0,9.50739,0.210305,0.36288,3.6288,58.9912,0.41592,0,0,2.77248,0.185107,0,0.66528,12.849,1,0.535955,0.36288,0,114.135,3.45251,110.51,0.84672,12.849,0.84672,3695.15,0,36.966,0.27059,2.47799,1.85863,8.17139,0.916096,11.3213,0.42336,36.966,0.42336,423.524,0,1.02816,0,0,3.50615,2.47799,1.028160,1,0,121.831,0,0,0,121.831,0
60.4608,2.20763,0,0,4.79439,0.225116,0.36288,3.6288,59.7102,0.422043,0,0,1.32879,0.187722,0,0.66528,12.849,1,0.485202,0.36288,0,95.6578,3.45251,92.0829,0.84672,12.849,0.84672,3695.15,0,36.966,0.264467,1.70603,1.82919,5.28861,0.916096,7.64327,0.42336,36.966,0.42336,423.524,0,1.02816,0,0,2.73419,1.70603,1.028160,1,0,99.7262,0,0,0,99.7262,0
61.6134,2.22174,0,0,3.96662,0.229442,0.36288,3.6288,60.2535,0.42401,0,0,1.15581,0.188588,0,0.66528,12.849,1,0.472159,0.36288,0,78.4305,3.45251,74.8687,0.84672,12.849,0.84672,3695.15,0,36.966,0.2625,1.32887,1.82939,4.13813,0.916096,6.11779,0.42336,36.966,0.42336,423.524,0,1.02816,0,0,2.35703,1.32887,1.028160,1,0,80.9865,0,0,0,80.9865,0
62.9445,2.45516,0,0,4.4523,0.303104,0.36288,3.6288,61.1371,0.543443,0,0,1.59796,0.170871,0,0.66528,12.849,1,0.512006,0.36288,0,87.0316,3.71603,83.1664,0.84672,12.849,0.84672,3695.15,0,36.966,0.333407,2.0667,1.82959,4.30936,0.990143,6.88209,0.42336,36.966,0.42336,423.524,0,1.02816,0,0,3.09486,2.0667,1.028160,1,0,90.0485,0,0,0,90.0485,0
63.9125,2.54436,0,0,4.20123,0.325967,0.36288,3.6288,61.308,0.486992,0,0,1.56143,0.138988,0.76454,0.66528,12.849,1,0.519386,0.36288,0,77.4559,3.59572,73.7036,0.84672,12.849,0.84672,3695.15,0,36.966,0.294456,1.11389,2.02786,4.68509,0.824968,6.70742,0.42336,36.966,0.42336,423.524,0,1.02816,0,0,2.14205,1.11389,1.028160,1,0,81.1756,0,0,0,81.1756,0
65.2066,2.55153,0,0,4.53697,0.328543,0.36288,3.6288,61.308,0.487777,0,0,1.49842,0.139138,0.871505,0.66528,12.849,1,0.51296,0.36288,0,96.3775,3.59572,92.6317,0.84672,12.849,0.84672,3695.15,0,36.966,0.294108,1.26372,1.97225,5.01236,0.824968,7.12925,0.42336,36.966,0.42336,423.524,0,1.02816,0,0,2.29188,1.26372,1.028160,1,0,100.632,0,0,0,100.632,0
65.392,2.56065,0,0,3.44092,0.331988,0.36288,3.6288,61.308,0.488049,0,0,1.22051,0.139138,0.593324,0.66528,12.849,1,0.504577,0.36288,0,73.2102,3.59572,69.4728,0.84672,12.849,0.84672,3695.15,0,36.966,0.294272,0.656389,1.97272,4.5543,0.824968,6.06417,0.42336,36.966,0.42336,423.524,0,1.02816,0,0,1.68455,0.656389,1.028160,1,0,76.1303,0,0,0,76.1303,0
69.9714,2.23765,0,0,7.50312,0.323212,0.36288,3.6288,61.308,0.328813,0,0,3.46302,0.146411,2.98779,0.66528,12.849,1,0.439681,0.36288,0,125.16,3.88445,121.199,0.84672,12.849,0.84672,3695.15,0,36.966,0.198259,4.22218,1.9732,8.59175,0.916217,13.6727,0.42336,36.966,0.42336,423.524,0,1.02816,0,0,5.25034,4.22218,1.028160,1,0,137.859,0,0,0,137.859,0
72.29,2.12814,0,0,7.12651,0.334158,2.34556,3.6288,61.308,0.428268,0,0,3.86468,0.13029,3.30612,0.66528,12.849,1,0.390794,2.34556,0,107.142,3.65789,105.439,0.84672,12.849,0.84672,3695.15,0,36.966,0.258227,3.88505,1.7033,9.02763,0.846568,13.5112,0.42336,36.966,0.42336,423.524,0,1.02816,0,0,4.91321,3.88505,1.028160,1,0,122.256,0,0,0,122.256,0
72.29,2.13964,0,0,5.76925,0.340142,3.28946,3.6288,61.308,0.428268,0,0,2.73142,0.13029,2.17287,0.66528,12.849,1,0.380306,3.28946,0,107.415,3.65789,106.666,0.84672,12.849,0.84672,3695.15,0,36.966,0.258227,2.11762,1.79679,6.19405,0.846568,9.00367,0.42336,36.966,0.42336,423.524,0,1.02816,0,0,3.14578,2.11762,1.028160,1,0,117.843,0,0,0,117.843,0
72.29,2.14051,0,0,4.01287,0.340142,1.53221,3.6288,61.308,0.428268,0,0,1.95139,0.13029,1.39283,0.66528,12.849,1,0.38046,1.53221,0,99.6028,3.65789,97.0967,0.84672,12.849,0.84672,3695.15,0,36.966,0.258227,1.75885,1.79698,5.9545,0.846568,8.40554,0.42336,36.966,0.42336,423.524,0,1.02816,0,0,2.78701,1.75885,1.028160,1,0,106.895,0,0,0,106.895,0
72.29,2.14138,0,0,4.46031,0.272173,2.04676,3.6288,61.308,0.428268,0,0,1.72843,0.0941919,1.20597,0.66528,12.849,1,0.380614,2.04676,0,90.504,3.13472,89.0354,0.84672,12.849,0.84672,3695.15,0,36.966,0.258227,1.50143,1.79717,5.62765,0.771415,7.89661,0.42336,36.966,0.42336,423.524,0,1.02816,0,0,2.52959,1.50143,1.028160,1,0,98.138,0,0,0,98.138,0
72.29,2.22541,0,0,6.23049,0.316021,3.68907,3.6288,61.308,0.467337,0,0,2.25737,0.203929,1.5861,0.66528,12.849,1,0.395549,3.68907,0,152.61,4.37409,151.529,0.84672,12.849,0.84672,3695.15,0,36.966,0.281784,2.40132,1.79736,7.34184,1.05646,10.2023,0.42336,36.966,0.42336,423.524,0,1.02816,0,0,3.42948,2.40132,1.028160,1,0,163.318,0,0,0,163.318,0
72.29,2.27947,0,0,5.01695,0.316021,2.42147,3.6288,61.308,0.428278,0,0,1.93878,0.203929,1.30658,0.66528,12.849,1,0.405158,2.42147,0,107.811,4.37409,105.453,0.84672,12.849,0.84672,3695.15,0,36.966,0.258233,2.06774,1.86429,6.36419,1.05646,8.98154,0.42336,36.966,0.42336,423.524,0,1.02816,0,0,3.0959,2.06774,1.028160,1,0,115.741,0,0,0,115.741,0
72.29,2.28037,0,0,4.25093,0.310151,1.66041,3.6288,61.308,0.428278,0,0,1.66788,0.160722,1.07888,0.66528,12.849,1,0.405318,1.66041,0,83.7026,3.6627,81.295,0.84672,12.849,0.84672,3695.15,0,36.966,0.258233,1.76498,1.82785,5.53138,1.07402,7.79196,0.42336,36.966,0.42336,423.524,0,1.02816,0,0,2.79314,1.76498,1.028160,1,0,90.1658,0,0,0,90.1658,0
72.29,2.28127,0,0,3.82654,0.287839,1.25744,3.6288,61.308,0.428278,0,0,1.53739,0.176544,0.932571,0.66528,12.849,1,0.405478,1.25744,0,70.3564,3.84142,67.3669,0.84672,12.849,0.84672,3695.15,0,36.966,0.258233,1.56546,1.82805,4.83076,1.16011,6.80593,0.42336,36.966,0.42336,423.524,0,1.02816,0,0,2.59362,1.56546,1.028160,1,0,75.1054,0,0,0,75.1054,0
72.29,2.24962,0,0,4.16229,0.263379,1.64929,3.6288,61.308,0.413089,0,0,1.27734,0.199628,0.66462,0.66528,12.849,1,0.399853,1.64929,0,83.6698,4.34303,80.5762,0.84672,12.849,0.84672,3695.15,0,36.966,0.249075,1.74233,1.82825,4.50868,1.16935,6.66083,0.42336,36.966,0.42336,423.524,0,1.02816,0,0,2.77049,1.74233,1.028160,1,0,87.9016,0,0,0,87.9016,0
72.29,2.22984,0,0,3.91414,0.253595,1.43071,3.6288,61.308,0.428274,0,0,0.958242,0.208862,0.321105,0.66528,12.849,1,0.396338,1.43071,0,77.5656,4.54367,74.0563,0.84672,12.849,0.84672,3695.15,0,36.966,0.25823,1.09262,1.80246,4.41745,1.17304,5.88125,0.42336,36.966,0.42336,423.524,0,1.02816,0,0,2.12078,1.09262,1.028160,1,0,80.2587,0,0,0,80.2587,0
72.29,2.23073,0,0,3.73914,0.253595,1.25482,3.6288,61.308,0.428274,0,0,0.922742,0.208862,0.285605,0.66528,12.849,1,0.396495,1.25482,0,71.8286,4.54367,68.1433,0.84672,12.849,0.84672,3695.15,0,36.966,0.25823,1.08445,1.8169,3.98354,1.17304,5.45361,0.42336,36.966,0.42336,423.524,0,1.02816,0,0,2.11261,1.08445,1.028160,1,0,73.8825,0,0,0,73.8825,0
72.29,2.23162,0,0,3.24991,0.172057,0.846235,3.6288,61.308,0.428274,0,0,0.836055,0.249069,0.158711,0.66528,12.849,1,0.396653,0.846235,0,65.9733,4.41399,62.0089,0.84672,12.849,0.84672,3695.15,0,36.966,0.25823,1.46702,1.81709,3.60672,1.1014,5.53121,0.42336,36.966,0.42336,423.524,0,1.02816,0,0,2.49518,1.46702,1.028160,1,0,67.6988,0,0,0,67.6988,0
72.29,2.34309,0,0,2.88515,0.175218,0.36684,3.6288,61.308,0.482189,0,0,0.750726,0.249605,0.018932,0.66528,12.849,1,0.416466,0.36684,0,44.2472,4.48962,39.7079,0.84672,12.849,0.84672,3695.15,0,36.966,0.290739,1.125,1.81729,3.21305,1.12385,4.74075,0.42336,36.966,0.42336,423.524,0,1.02816,0,0,2.15316,1.125,1.028160,1,0,44.4676,0,0,0,44.4676,0
72.2894,2.41738,0,0,2.9628,0.18312,0.36288,3.6288,61.308,0.428288,0,0,0.698077,0.250944,0.0188458,0.66528,12.849,1,0.429672,0.36288,0,48.7019,4.67869,43.9564,0.84672,12.849,0.84672,3695.15,0,36.966,0.258238,0.838348,1.90866,3.12657,1.17997,4.43537,0.42336,36.966,0.42336,423.524,0,1.02816,0,0,1.86651,0.838348,1.028160,1,0,48.4106,0,0,0,48.4106,0
72.1977,2.41831,0,0,2.87263,0.183119,0.36288,3.6288,61.2671,0.428288,0,0,0.638379,0.250944,0,0.66528,12.849,1,0.42984,0.36288,0,44.7735,4.67869,40.0279,0.84672,12.849,0.84672,3695.15,0,36.966,0.258238,0.631739,1.8583,2.90807,1.17997,3.9599,0.42336,36.966,0.42336,423.524,0,1.02816,0,0,1.6599,0.631739,1.028160,1,0,43.9878,0,0,0,43.9878,0
71.8184,2.41878,0,0,2.55657,0.15422,0.36288,3.6288,61.1751,0.42818,0,0,0.605937,0.269761,0,0.66528,12.849,1,0.43047,0.36288,0,39.6097,4.89289,34.6492,0.84672,12.849,0.84672,3695.15,0,36.966,0.258346,0.561946,1.85851,2.82894,1.2347,3.75635,0.42336,36.966,0.42336,423.524,0,1.02816,0,0,1.59011,0.561946,1.028160,1,0,38.4056,0,0,0,38.4056,0
71.326,2.41779,0,0,2.42047,0.132258,0.36288,3.6288,61.0441,0.427938,0,0,0.580681,0.283757,0,0.66528,12.849,1,0.432565,0.36288,0,37.7418,5.05355,32.6185,0.84672,12.849,0.84672,3695.15,0,36.966,0.258588,0.468029,1.85872,2.79771,1.27575,3.59012,0.42336,36.966,0.42336,423.524,0,1.02816,0,0,1.49619,0.468029,1.028160,1,0,36.2087,0,0,0,36.2087,0
70.4733,2.39434,0,0,2.02567,0.121138,0.36288,3.6288,60.8234,0.457212,0,0,0.427146,0.190617,0,0.66528,12.849,1,0.431328,0.36288,0,35.8588,4.51973,31.2706,0.84672,12.849,0.84672,3695.15,0,36.966,0.27687,0.590129,1.85892,1.76632,1.0379,2.9006,0.42336,36.966,0.42336,423.524,0,1.02816,0,0,1.61829,0.590129,1.028160,1,0,34.1712,0,0,0,34.1712,0
69.4017,2.41397,0,0,1.82565,0.120348,0.36288,3.6288,60.5913,0.43959,0,0,0.397768,0.190351,0,0.66528,12.849,1,0.440126,0.36288,0,33.2356,4.51973,28.6386,0.84672,12.849,0.84672,3695.15,0,36.966,0.267165,0.384083,1.89104,1.68176,1.0379,2.65181,0.42336,36.966,0.42336,423.524,0,1.02816,0,0,1.41224,0.384083,1.028160,1,0,31.2904,0,0,0,31.2904,0
68.2797,2.40882,0,0,1.74577,0.0960764,0.36288,3.6288,60.2834,0.439214,0,0,0.376042,0.244667,0,0.66528,12.849,1,0.445967,0.36288,0,29.9637,5.22547,24.6551,0.84672,12.849,0.84672,3695.15,0,36.966,0.267959,0.366215,1.87525,1.59784,1.29551,2.27584,0.42336,36.966,0.42336,423.524,0,1.02816,0,0,1.39438,0.366215,1.028160,1,0,26.931,0,0,0,26.931,0
66.9837,2.40323,0,0,1.55608,0.0860093,0.36288,3.6288,59.9313,0.438625,0,0,0.352499,0.265985,0,0.66528,12.849,1,0.452244,0.36288,0,27.2227,5.50778,21.6255,0.84672,12.849,0.84672,3695.15,0,36.966,0.268966,0.338895,1.8757,1.54567,1.39856,2.09275,0.42336,36.966,0.42336,423.524,0,1.02816,0,0,1.36706,0.338895,1.028160,1,0,23.7183,0,0,0,23.7183,0
65.5796,2.45239,0,0,1.49152,0.080338,0.36288,3.6288,59.5356,0.464145,0,0,0.368171,0.299794,0,0.66528,12.849,1,0.470425,0.36288,0,24.7265,5.9261,18.6928,0.84672,12.849,0.84672,3695.15,0,36.966,0.286288,0.299082,1.87616,1.3906,1.4841,1.79545,0.42336,36.966,0.42336,423.524,0,1.02816,0,0,1.32724,0.299082,1.028160,1,0,20.4883,0,0,0,20.4883,0
64.1515,2.44456,0,0,1.45518,0.075887,0.36288,3.6288,59.0788,0.463235,0,0,0.33129,0.324776,0,0.66528,12.849,1,0.478962,0.36288,0,30.5263,6.23983,24.1704,0.84672,12.849,0.84672,3695.15,0,36.966,0.287626,0.35208,1.92188,1.41279,1.54826,1.85086,0.42336,36.966,0.42336,423.524,0,1.02816,0,0,1.38024,0.35208,1.028160,1,0,26.0213,0,0,0,26.0213,0
62.6399,2.43626,0,0,1.36256,0.0750205,0.36288,3.6288,58.601,0.462131,0,0,0.308087,0.323827,0,0.66528,12.849,1,0.487963,0.36288,0,24.5097,6.23983,18.1448,0.84672,12.849,0.84672,3695.15,0,36.966,0.289158,0.326497,1.92234,1.27352,1.54826,1.68494,0.42336,36.966,0.42336,423.524,0,1.02816,0,0,1.35466,0.326497,1.028160,1,0,19.8297,0,0,0,19.8297,0
61.0164,2.42708,0,0,1.24058,0.0741035,0.36288,3.6288,58.0426,0.52801,0,0,0.292488,0.322835,0,0.66528,12.849,1,0.497854,0.36288,0,22.3373,6.23983,15.9625,0.84672,12.849,0.84672,3695.15,0,36.966,0.333073,0.227405,1.9228,1.18791,1.54826,1.45678,0.42336,36.966,0.42336,423.524,0,0.918795,0,0,1.1462,0.227405,1.028160,1,0,17.4193,0,0,0,17.4193,0
59.4645,2.52958,0,0,1.40236,0.0617583,0.36288,3.6288,57.5529,0.530902,0,0,0.35521,0.31403,0,0.66528,12.849,1,0.532686,0.36288,0,22.8036,6.3876,16.2462,0.84672,12.849,0.84672,3695.15,0,36.966,0.33812,0.577843,1.92327,1.7313,1.59126,2.30303,0.42336,36.966,0.42336,423.524,0,1.02816,0,0,1.606,0.577843,1.028160,1,0,18.5493,0,0,0,18.5493,0
57.5483,2.51876,0,0,1.02247,0.0570171,0.36288,3.6288,56.9866,0.529429,0,0,0.272744,0.309615,0,0.66528,12.849,1,0.544249,0.36288,0,17.9706,6.28373,11.5055,0.84672,12.849,0.84672,3695.15,0,36.966,0.34005,0.253325,2.03963,1.12022,1.59106,1.48207,0.42336,36.966,0.42336,423.524,0,1.02816,0,0,1.28148,0.253325,1.028160,1,0,12.9876,0,0,0,12.9876,0
55.5417,2.50455,0,0,0.916713,0.0559668,0.36288,3.6288,56.3769,0.548456,0,0,0.247238,0.30848,0,0.66528,12.849,1,0.559198,0.36288,0,16.0425,6.28373,9.56245,0.84672,12.849,0.84672,3695.15,0,36.966,0.355772,0.204422,2.04012,1.09238,1.59106,1.3901,0.42336,36.966,0.42336,423.524,0,0.993868,0,0,1.19829,0.204422,1.028160,1,0,10.9525,0,0,0,10.9525,0
53.7324,2.48874,0,0,1.0972,0.054867,0.36288,3.6288,55.8095,0.525696,0,0,0.265601,0.307258,0,0.66528,12.849,1,0.575744,0.36288,0,16.6031,6.28373,10.1065,0.84672,12.849,0.84672,3695.15,0,36.966,0.344696,0.273205,2.04061,1.19821,1.59106,1.57627,0.42336,36.966,0.42336,423.524,0,1.02816,0,0,1.30137,0.273205,1.028160,1,0,11.6827,0,0,0,11.6827,0
52.6964,2.47369,0,0,1.87612,0.075561,0.36288,3.6288,55.3259,0.523863,0,0,0.34114,0.300943,0,0.66528,12.849,1,0.591532,0.36288,0,27.5923,6.1353,21.2283,0.84672,12.849,0.84672,3695.15,0,36.966,0.346986,0.487693,2.04111,1.32633,1.57285,1.93529,0.42336,36.966,0.42336,423.524,0,1.02816,0,0,1.51585,0.487693,1.028160,1,0,23.1636,0,0,0,23.1636,0
51.2682,2.43557,0,0,1.42688,0.056618,0.36288,3.6288,54.9184,0.488329,0,0,0.317647,0.23674,0,0.66528,12.849,1,0.593868,0.36288,0,22.2827,4.99263,17.0591,0.84672,12.849,0.84672,3695.15,0,36.966,0.326277,0.580029,2.0416,1.18922,1.37975,2.10482,0.42336,36.966,0.42336,423.524,0,1.02816,0,0,1.60819,0.580029,1.028160,1,0,19.1639,0,0,0,19.1639,0
49.1883,2.42293,0,0,0.759698,0.0537826,0.36288,3.6288,54.263,0.652722,0,0,0.224274,0.226982,0,0.66528,12.849,1,0.607242,0.36288,0,14.3079,4.76752,9.29604,0.84672,12.849,0.84672,3695.15,0,36.966,0.42336,0.216518,1.99144,0.783987,1.34938,1.2192,0.42336,36.966,0.42336,423.524,0,0.767128,0,0,0.983647,0.216518,1.028160,1,0,10.5152,0,0,0,10.5152,0
47.3835,2.40315,0,0,1.04907,0.087835,0.36288,3.6288,53.7942,0.55026,0,0,0.307717,0.226231,0,0.66528,12.849,1,0.627752,0.36288,0,15.0591,4.49281,10.3014,0.84672,12.849,0.84672,3695.15,0,36.966,0.374858,0.216518,1.99192,1.05232,1.29809,1.58781,0.42336,36.966,0.42336,423.524,0,0.918536,0,0,1.13505,0.216518,1.028160,1,0,11.8892,0,0,0,11.8892,0
47.258,2.38491,0,0,2.76826,0.145958,0.36288,3.6288,53.5953,0.483612,0,0,0.528866,0.244222,0,0.66528,12.849,1,0.646718,0.36288,0,25.8549,4.10781,21.4632,0.84672,12.849,0.84672,3695.15,0,36.966,0.332325,1.60615,1.9924,2.15078,1.18043,4.23657,0.42336,36.966,0.42336,423.524,0,1.02816,0,0,2.63431,1.60615,1.028160,1,0,25.6998,0,0,0,25.6998,0
45.8165,2.32255,0,0,1.40286,0.158952,0.36288,3.6288,53.312,0.432919,0,0,0.397232,0.247629,0,0.66528,12.849,1,0.631478,0.36288,0,24.7242,4.39999,20.0556,0.84672,12.849,0.84672,3695.15,0,36.966,0.298595,0.814493,1.99288,1.36261,1.18694,2.68444,0.42336,36.966,0.42336,423.524,0,1.02816,0,0,1.84265,0.814493,1.028160,1,0,22.7401,0,0,0,22.7401,0
44.6295,2.30759,0,0,1.65726,0.173746,0.36288,3.6288,53.2127,0.432232,0,0,0.585061,0.252117,0,0.66528,12.849,1,0.647151,0.36288,0,33.8522,4.78957,28.7784,0.84672,12.849,0.84672,3695.15,0,36.966,0.299705,1.76829,1.91311,3.36638,1.19562,5.55245,0.42336,36.966,0.42336,423.524,0,1.02816,0,0,2.79645,1.76829,1.028160,1,0,34.3308,0,0,0,34.3308,0
44.0772,2.29477,0,0,2.28935,0.184044,0.36288,3.6288,53.3093,0.432152,0,0,0.776112,0.247324,0,0.66528,12.849,1,0.660674,0.36288,0,57.8381,4.64659,52.8938,0.84672,12.849,0.84672,3695.15,0,36.966,0.300209,2.62551,1.91357,3.22337,1.17486,6.28738,0.42336,36.966,0.42336,423.524,0,1.02816,0,0,3.65367,2.62551,1.028160,1,0,59.1811,0,0,0,59.1811,0
46.308,2.28891,0,0,5.09676,0.214203,0.36288,3.6288,54.2231,0.432723,0,0,1.58258,0.236023,0,0.66528,12.849,1,0.667244,0.36288,0,70.1551,4.28915,65.5616,0.84672,12.849,0.84672,3695.15,0,36.966,0.300061,4.2147,1.91403,5.9239,1.12294,10.6296,0.42336,36.966,0.42336,423.524,0,1.02816,0,0,5.24286,4.2147,1.028160,1,0,76.1912,0,0,0,76.1912,0
47.8961,2.14031,0,0,4.3119,0.220583,0.36288,3.6288,54.4972,0.33078,0,0,0.83339,0.228546,0,0.66528,12.849,1,0.59387,0.36288,0,66.3898,4.22632,61.9324,0.84672,12.849,0.84672,3695.15,0,36.966,0.225505,2.99214,1.91449,3.83882,1.10311,7.41683,0.42336,36.966,0.42336,423.524,0,1.02816,0,0,4.0203,2.99214,1.028160,1,0,69.3493,0,0,0,69.3493,0
48.3797,2.05399,0,0,3.13068,0.230176,0.36288,3.6288,54.5609,0.409043,0,0,0.647129,0.174406,0,0.66528,12.849,1,0.55102,0.36288,0,44.4175,3.84941,40.3799,0.84672,12.849,0.84672,3695.15,0,36.966,0.277458,1.62364,1.73653,3.14101,0.984131,5.23958,0.42336,36.966,0.42336,423.524,0,1.02816,0,0,2.6518,1.62364,1.028160,1,0,45.6195,0,0,0,45.6195,0
48.63,2.05916,0,0,2.90373,0.231392,0.36288,3.6288,54.7775,0.409236,0,0,0.800384,0.17448,0,0.66528,12.849,1,0.546885,0.36288,0,55.302,3.84941,51.2685,0.84672,12.849,0.84672,3695.15,0,36.966,0.277265,2.2009,1.81293,4.34831,0.984131,7.10075,0.42336,36.966,0.42336,423.524,0,1.02816,0,0,3.22906,2.2009,1.028160,1,0,58.3693,0,0,0,58.3693,0
49.2542,2.06221,0,0,3.28342,0.234159,0.36288,3.6288,54.9901,0.409891,0,0,0.827957,0.205542,0,0.66528,12.849,1,0.544876,0.36288,0,42.5612,4.33115,38.048,0.84672,12.849,0.84672,3695.15,0,36.966,0.27661,2.36479,1.81312,3.77812,1.17414,6.50529,0.42336,36.966,0.42336,423.524,0,1.02816,0,0,3.39295,2.36479,1.028160,1,0,44.5533,0,0,0,44.5533,0
50.2016,2.06851,0,0,3.64466,0.265835,0.36288,3.6288,55.1505,0.41053,0,0,0.79409,0.223157,0,0.66528,12.849,1,0.539615,0.36288,0,65.0167,4.69912,60.1408,0.84672,12.849,0.84672,3695.15,0,36.966,0.275971,2.44772,1.81332,4.97824,1.2294,7.7339,0.42336,36.966,0.42336,423.524,0,1.02816,0,0,3.47588,2.44772,1.028160,1,0,67.8747,0,0,0,67.8747,0
50.2978,2.14571,0,0,2.85448,0.249764,0.36288,3.6288,55.1915,0.441714,0,0,0.671852,0.189151,0,0.66528,12.849,1,0.549191,0.36288,0,69.9373,3.71882,66.0322,0.84672,12.849,0.84672,3695.15,0,36.966,0.29607,1.97231,1.81351,4.04181,1.06549,6.46607,0.42336,36.966,0.42336,423.524,0,1.02816,0,0,3.00047,1.97231,1.028160,1,0,72.4983,0,0,0,72.4983,0
50.4757,2.18822,0,0,2.9778,0.248783,0.36288,3.6288,55.3716,0.411131,0,0,0.723583,0.132326,0,0.66528,12.849,1,0.559,0.36288,0,71.5785,2.66648,68.7159,0.84672,12.849,0.84672,3695.15,0,36.966,0.275366,2.14426,1.86939,5.52734,0.677298,8.58832,0.42336,36.966,0.42336,423.524,0,1.02816,0,0,3.17242,2.14426,1.028160,1,0,77.3042,0,0,0,77.3042,0
50.3269,2.19061,0,0,2.65401,0.249249,0.36288,3.6288,55.5467,0.411668,0,0,0.719223,0.132483,0,0.66528,12.849,1,0.557638,0.36288,0,62.9948,2.66648,60.1335,0.84672,12.849,0.84672,3695.15,0,36.966,0.274829,2.1826,1.83957,4.67835,0.677298,7.7484,0.42336,36.966,0.42336,423.524,0,1.02816,0,0,3.21076,2.1826,1.028160,1,0,67.8819,0,0,0,67.8819,0
50.0667,2.19012,0,0,2.54165,0.248859,0.36288,3.6288,55.6253,0.412188,0,0,0.62349,0.132635,0,0.66528,12.849,1,0.55916,0.36288,0,46.3624,2.66648,43.4997,0.84672,12.849,0.84672,3695.15,0,36.966,0.274309,1.67683,1.83977,4.24974,0.677298,6.81472,0.42336,36.966,0.42336,423.524,0,1.02816,0,0,2.70499,1.67683,1.028160,1,0,50.3144,0,0,0,50.3144,0
50.1592,2.40796,0,0,3.13039,0.267073,0.36288,3.6288,55.8029,0.528205,0,0,0.825241,0.119454,0,0.66528,12.849,1,0.617972,0.36288,0,86.629,2.97977,83.3941,0.84672,12.849,0.84672,3695.15,0,36.966,0.351021,4.00523,1.83996,5.46088,0.711361,10.2437,0.42336,36.966,0.42336,423.524,0,1.02816,0,0,5.03339,4.00523,1.028160,1,0,93.6378,0,0,0,93.6378,0
50.9737,2.46955,0,0,3.93155,0.284619,0.36288,3.6288,56.0358,0.483708,0,0,0.819756,0.103164,0,0.66528,12.849,1,0.63261,0.36288,0,81.3226,3.50532,77.5476,0.84672,12.849,0.84672,3695.15,0,36.966,0.320427,2.28227,2.04071,5.51562,0.853442,8.66473,0.42336,36.966,0.42336,423.524,0,1.02816,0,0,3.31043,2.28227,1.028160,1,0,86.2123,0,0,0,86.2123,0
51.6352,2.47819,0,0,3.78956,0.287066,0.36288,3.6288,56.1927,0.484765,0,0,0.744967,0.103322,0,0.66528,12.849,1,0.62468,0.36288,0,104.466,3.50532,100.699,0.84672,12.849,0.84672,3695.15,0,36.966,0.319792,2.35847,1.99698,6.14444,0.853442,9.32665,0.42336,36.966,0.42336,423.524,0,1.02816,0,0,3.38663,2.35847,1.028160,1,0,110.026,0,0,0,110.026,0
51.6432,2.48517,0,0,3.14512,0.289054,0.36288,3.6288,56.1767,0.485558,0,0,0.573003,0.103428,0,0.66528,12.849,1,0.618415,0.36288,0,64.7972,3.50532,61.0364,0.84672,12.849,0.84672,3695.15,0,36.966,0.319422,1.28059,1.99744,5.5446,0.853442,7.64977,0.42336,36.966,0.42336,423.524,0,1.02816,0,0,2.30875,1.28059,1.028160,1,0,68.6861,0,0,0,68.6861,0
54.0639,2.17073,0,0,5.23643,0.282106,0.36288,3.6288,56.7903,0.32962,0,0,1.05492,0.111733,0,0.66528,12.849,1,0.540085,0.36288,0,113.44,3.57798,109.685,0.84672,12.849,0.84672,3695.15,0,36.966,0.2169,3.31135,1.9979,7.50151,0.894275,11.6996,0.42336,36.966,0.42336,423.524,0,1.02816,0,0,4.33951,3.31135,1.028160,1,0,121.384,0,0,0,121.384,0
57.9439,2.07798,0,0,6.60002,0.279109,0.36288,3.6288,57.6861,0.415818,0,0,1.4259,0.114243,0,0.66528,12.849,1,0.493859,0.36288,0,137.751,3.30099,134.319,0.84672,12.849,0.84672,3695.15,0,36.966,0.270665,4.50759,1.7246,10.7801,0.852871,15.8888,0.42336,36.966,0.42336,423.524,0,1.02816,0,0,5.53575,4.50759,1.028160,1,0,150.208,0,0,0,150.208,0
60.8402,2.10585,0,0,5.65509,0.290089,0.36288,3.6288,58.2816,0.41838,0,0,1.12883,0.114909,0,0.66528,12.849,1,0.46697,0.36288,0,132.33,3.30099,128.925,0.84672,12.849,0.84672,3695.15,0,36.966,0.268103,3.40619,1.8067,10.1054,0.852871,14.1973,0.42336,36.966,0.42336,423.524,0,1.02816,0,0,4.43435,3.40619,1.028160,1,0,143.123,0,0,0,143.123,0
63.6951,2.12502,0,0,5.61411,0.271349,0.36288,3.6288,58.9615,0.420056,0,0,1.21552,0.115598,0,0.66528,12.849,1,0.448789,0.36288,0,149.809,3.48912,146.234,0.84672,12.849,0.84672,3695.15,0,36.966,0.266427,4.64575,1.80688,8.80746,0.912025,14.0816,0.42336,36.966,0.42336,423.524,0,1.02816,0,0,5.67391,4.64575,1.028160,1,0,160.316,0,0,0,160.316,0
66.935,2.14258,0,0,6.02616,0.280724,0.36288,3.6288,59.7901,0.421944,0,0,1.38749,0.136967,0,0.66528,12.849,1,0.432216,0.36288,0,116.22,4.53861,111.612,0.84672,12.849,0.84672,3695.15,0,36.966,0.264539,4.37365,1.80707,9.67065,1.06331,14.5235,0.42336,36.966,0.42336,423.524,0,1.02816,0,0,5.40181,4.37365,1.028160,1,0,126.136,0,0,0,126.136,0
72.29,2.24415,0,0,8.33553,0.278782,0.457615,3.6288,61.2347,0.463391,0,0,2.10012,0.192154,0,0.66528,12.849,1,0.430793,0.457615,0,208.665,5.02015,203.672,0.84672,12.849,0.84672,3695.15,0,36.966,0.286497,4.83675,1.80725,8.85572,1.19661,14.0166,0.42336,36.966,0.42336,423.524,0,1.02816,0,0,5.86491,4.83675,1.028160,1,0,217.689,0,0,0,217.689,0
72.29,2.32595,0,0,6.9844,0.285546,4.37291,3.6288,61.308,0.428077,0,0,2.00856,0.209681,1.29746,0.66528,12.849,1,0.413419,4.37291,0,131.083,4.7229,130.32,0.84672,12.849,0.84672,3695.15,0,36.966,0.258421,4.71504,1.87501,10.1419,1.18272,15.2908,0.42336,36.966,0.42336,423.524,0,1.02816,0,0,5.7432,4.71504,1.028160,1,0,146.908,0,0,0,146.908,0
72.29,2.32682,0,0,6.76814,0.285546,4.15578,3.6288,61.308,0.42827,0,0,1.92062,0.209778,1.28257,0.66528,12.849,1,0.413574,4.15578,0,114.961,4.7229,113.981,0.84672,12.849,0.84672,3695.15,0,36.966,0.258228,4.61448,1.8381,10.236,1.18272,15.2476,0.42336,36.966,0.42336,423.524,0,1.02816,0,0,5.64264,4.61448,1.028160,1,0,130.511,0,0,0,130.511,0
72.29,2.32769,0,0,6.87511,0.285546,4.26187,3.6288,61.308,0.42827,0,0,1.8958,0.209778,1.25776,0.66528,12.849,1,0.413729,4.26187,0,196.563,4.7229,195.688,0.84672,12.849,0.84672,3695.15,0,36.966,0.258228,4.56709,1.83829,10.7839,1.18272,15.7483,0.42336,36.966,0.42336,423.524,0,1.02816,0,0,5.59525,4.56709,1.028160,1,0,212.694,0,0,0,212.694,0
72.29,2.29561,0,0,6.09661,0.225054,3.57595,3.6288,61.308,0.412893,0,0,1.21748,0.212578,0.592006,0.66528,12.849,1,0.408027,3.57595,0,137.928,4.6323,136.464,0.84672,12.849,0.84672,3695.15,0,36.966,0.248956,3.067,1.83849,7.9324,1.20624,11.3827,0.42336,36.966,0.42336,423.524,0,1.02816,0,0,4.09516,3.067,1.028160,1,0,148.438,0,0,0,148.438,0
72.29,2.27554,0,0,4.70114,0.179684,2.24591,3.6288,61.2907,0.428267,0,0,0.625626,0.214679,0,0.66528,12.849,1,0.404461,2.24591,0,103.603,4.56435,100.88,0.84672,12.849,0.84672,3695.15,0,36.966,0.258226,1.66647,1.81236,5.25087,1.22388,7.2476,0.42336,36.966,0.42336,423.524,0,1.02816,0,0,2.69463,1.66647,1.028160,1,0,108.128,0,0,0,108.128,0
72.29,2.2764,0,0,4.37416,0.179684,1.91808,3.6288,61.272,0.428221,0,0,0.6242,0.214655,0,0.66528,12.849,1,0.404613,1.91808,0,94.722,4.56435,91.6712,0.84672,12.849,0.84672,3695.15,0,36.966,0.258271,1.67662,1.82697,4.99017,1.22388,7.01161,0.42336,36.966,0.42336,423.524,0,1.02816,0,0,2.70478,1.67662,1.028160,1,0,98.6828,0,0,0,98.6828,0
72.29,2.27726,0,0,4.20273,0.179684,1.74578,3.6288,61.308,0.428172,0,0,0.788409,0.21463,0.109611,0.66528,12.849,1,0.404766,1.74578,0,90.79,4.56435,87.5667,0.84672,12.849,0.84672,3695.15,0,36.966,0.25832,2.23855,1.82716,6.08835,1.22388,8.67187,0.42336,36.966,0.42336,423.524,0,1.02816,0,0,3.26671,2.23855,1.028160,1,0,96.3481,0,0,0,96.3481,0
72.29,2.39007,0,0,3.86193,0.176343,1.29552,3.6288,61.3037,0.482848,0,0,0.626782,0.148278,0,0.66528,12.849,1,0.424817,1.29552,0,78.5998,3.89475,75.5758,0.84672,12.849,0.84672,3695.15,0,36.966,0.291136,1.63388,1.82735,4.99618,0.958148,7.20814,0.42336,36.966,0.42336,423.524,0,1.02816,0,0,2.66204,1.63388,1.028160,1,0,82.7839,0,0,0,82.7839,0
72.29,2.46524,0,0,3.65465,0.149965,1.03944,3.6288,61.2271,0.428268,0,0,0.51163,0.159936,0,0.66528,12.849,1,0.438178,1.03944,0,69.5546,3.46731,66.6885,0.84672,12.849,0.84672,3695.15,0,36.966,0.258245,1.43621,1.91985,4.39318,0.875341,6.61565,0.42336,36.966,0.42336,423.524,0,1.02816,0,0,2.46437,1.43621,1.028160,1,0,73.3042,0,0,0,73.3042,0
72.29,2.46615,0,0,3.41472,0.149965,0.798607,3.6288,61.1278,0.428066,0,0,0.48869,0.159859,0,0.66528,12.849,1,0.438339,0.798607,0,63.7374,3.46731,60.6303,0.84672,12.849,0.84672,3695.15,0,36.966,0.258446,1.11937,1.86886,3.98712,0.875341,5.84157,0.42336,36.966,0.42336,423.524,0,1.02816,0,0,2.14753,1.11937,1.028160,1,0,66.4719,0,0,0,66.4719,0
72.29,2.46705,0,0,3.23174,0.0973397,0.667352,3.6288,60.9249,0.427805,0,0,0.459489,0.234649,0,0.66528,12.849,1,0.438499,0.667352,0,60.2237,4.48596,55.9666,0.84672,12.849,0.84672,3695.15,0,36.966,0.258708,0.86654,1.86906,3.45698,1.14811,4.78576,0.42336,36.966,0.42336,423.524,0,1.02816,0,0,1.8947,0.86654,1.028160,1,0,60.7524,0,0,0,60.7524,0
72.29,2.46795,0,0,3.00355,0.0762894,0.459308,3.6288,60.6685,0.427269,0,0,0.435155,0.264266,0,0.66528,12.849,1,0.43866,0.459308,0,55.6186,4.89342,50.7458,0.84672,12.849,0.84672,3695.15,0,36.966,0.259244,0.774973,1.86926,3.29447,1.25722,4.42224,0.42336,36.966,0.42336,423.524,0,1.02816,0,0,1.80313,0.774973,1.028160,1,0,55.1681,0,0,0,55.1681,0
71.7899,2.44669,0,0,2.436,0.126583,0.36288,3.6288,60.4183,0.456503,0,0,0.436742,0.230446,0,0.66528,12.849,1,0.434881,0.36288,0,45.5827,4.91449,40.5962,0.84672,12.849,0.84672,3695.15,0,36.966,0.278152,0.767068,1.86946,3.29065,1.20919,4.43983,0.42336,36.966,0.42336,423.524,0,1.02816,0,0,1.79523,0.767068,1.028160,1,0,45.0361,0,0,0,45.0361,0
71.1405,2.45059,0,0,2.23397,0.0698887,0.36288,3.6288,60.1588,0.451717,0,0,0.440827,0.248601,0,0.66528,12.849,1,0.438609,0.36288,0,41.5123,5.105,36.3316,0.84672,12.849,0.84672,3695.15,0,36.966,0.276376,0.731056,1.90196,3.31956,1.25673,4.41947,0.42336,36.966,0.42336,423.524,0,1.02816,0,0,1.75922,0.731056,1.028160,1,0,40.7511,0,0,0,40.7511,0
70.332,2.44776,0,0,2.07182,0.069609,0.36288,3.6288,59.8943,0.451229,0,0,0.434938,0.24819,0,0.66528,12.849,1,0.442102,0.36288,0,38.0722,5.105,32.8879,0.84672,12.849,0.84672,3695.15,0,36.966,0.277268,0.720723,1.89832,3.02849,1.25673,4.11353,0.42336,36.966,0.42336,423.524,0,1.02816,0,0,1.74888,0.720723,1.028160,1,0,37.0015,0,0,0,37.0015,0
69.3934,2.44403,0,0,1.93741,0.0691127,0.36288,3.6288,59.6347,0.450722,0,0,0.438862,0.247772,0,0.66528,12.849,1,0.446501,0.36288,0,35.5116,5.105,30.323,0.84672,12.849,0.84672,3695.15,0,36.966,0.27818,0.784365,1.89875,2.96755,1.25673,4.11577,0.42336,36.966,0.42336,423.524,0,1.02816,0,0,1.81253,0.784365,1.028160,1,0,34.4388,0,0,0,34.4388,0
68.1652,2.49643,0,0,1.69515,0.0640295,0.36288,3.6288,59.2181,0.476735,0,0,0.344537,0.284386,0,0.66528,12.849,1,0.462243,0.36288,0,29.6904,5.61789,23.9732,0.84672,12.849,0.84672,3695.15,0,36.966,0.295516,0.303523,1.89919,2.43566,1.40068,2.94218,0.42336,36.966,0.42336,423.524,0,1.02816,0,0,1.33168,0.303523,1.028160,1,0,26.9153,0,0,0,26.9153,0
66.8818,2.48999,0,0,1.63081,0.0613443,0.36288,3.6288,58.5667,0.686248,0,0,0.336154,0.30129,0,0.66528,12.849,1,0.469359,0.36288,0,32.491,5.8989,26.4856,0.84672,12.849,0.84672,3695.15,0,36.966,0.42336,0.261274,1.94545,2.19496,1.49596,2.48237,0.42336,36.966,0.42336,423.524,0,0.691217,0,0,0.952491,0.261274,1.028160,1,0,28.968,0,0,0,28.968,0
65.4764,2.48301,0,0,1.50125,0.0607276,0.36288,3.6288,57.9273,0.624326,0,0,0.284981,0.300032,0,0.66528,12.849,1,0.477023,0.36288,0,26.6877,5.8989,20.6747,0.84672,12.849,0.84672,3695.15,0,36.966,0.39406,0.227405,1.9459,2.12232,1.49596,2.4056,0.42336,36.966,0.42336,423.524,0,0.782853,0,0,1.01026,0.227405,1.028160,1,0,23.0803,0,0,0,23.0803,0
63.9531,2.47502,0,0,1.37462,0.0600524,0.36288,3.6288,57.1504,0.742122,0,0,0.263952,0.298798,0,0.66528,12.849,1,0.485694,0.36288,0,25.3665,5.8989,19.3448,0.84672,12.849,0.84672,3695.15,0,36.966,0.42336,0.227405,1.94635,1.8655,1.49596,2.11993,0.42336,36.966,0.42336,423.524,0,0.636172,0,0,0.863577,0.227405,1.028160,1,0,21.4647,0,0,0,21.4647,0
62.4114,2.58112,0,0,1.45238,0.0501387,0.36288,3.6288,56.4629,0.68811,0,0,0.303011,0.302342,0,0.66528,12.849,1,0.51858,0.36288,0,24.8785,6.04845,18.6744,0.84672,12.849,0.84672,3695.15,0,36.966,0.42336,0.227405,1.9468,2.46781,1.52584,2.69281,0.42336,36.966,0.42336,423.524,0,0.808903,0,0,1.03631,0.227405,1.028160,1,0,21.3672,0,0,0,21.3672,0
60.8008,2.57109,0,0,1.3875,0.0641145,0.36288,3.6288,55.7497,0.63771,0,0,0.250473,0.326002,0,0.66528,12.849,1,0.529325,0.36288,0,22.3385,6.28971,15.8824,0.84672,12.849,0.84672,3695.15,0,36.966,0.417506,0.227405,2.06456,1.83923,1.65632,2.05737,0.42336,36.966,0.42336,423.524,0,0.865598,0,0,1.093,0.227405,1.028160,1,0,17.9398,0,0,0,17.9398,0
59.3372,2.5601,0,0,1.52272,0.0632675,0.36288,3.6288,55.1975,0.537016,0,0,0.309297,0.324485,0,0.66528,12.849,1,0.541025,0.36288,0,28.729,6.28971,22.2612,0.84672,12.849,0.84672,3695.15,0,36.966,0.35608,0.32978,2.06504,2.00638,1.65632,2.3888,0.42336,36.966,0.42336,423.524,0,1.02816,0,0,1.35794,0.32978,1.028160,1,0,24.65,0,0,0,24.65,0
57.5855,2.54972,0,0,1.22329,0.0624249,0.36288,3.6288,54.3379,0.760007,0,0,0.223709,0.323311,0,0.66528,12.849,1,0.552121,0.36288,0,28.0728,6.28971,21.5939,0.84672,12.849,0.84672,3695.15,0,36.966,0.42336,0.204422,2.06551,1.61067,1.65632,1.80093,0.42336,36.966,0.42336,423.524,0,0.738331,0,0,0.942754,0.204422,1.028160,1,0,23.3948,0,0,0,23.3948,0
56.1481,2.53657,0,0,1.52347,0.0613725,0.36288,3.6288,53.8667,0.532037,0,0,0.382359,0.321484,0,0.66528,12.849,1,0.565983,0.36288,0,25.6391,6.28971,19.1463,0.84672,12.849,0.84672,3695.15,0,36.966,0.361944,0.755171,2.06599,2.49041,1.65632,3.29331,0.42336,36.966,0.42336,423.524,0,1.02816,0,0,1.78333,0.755171,1.028160,1,0,22.4396,0,0,0,22.4396,0
54.7254,2.49529,0,0,1.58302,0.147575,0.36288,3.6288,53.5489,0.496387,0,0,0.427961,0.249367,0,0.66528,12.849,1,0.571024,0.36288,0,43.0488,4.19892,38.6417,0.84672,12.849,0.84672,3695.15,0,36.966,0.340645,3.04311,2.06646,3.51403,1.31467,6.96829,0.42336,36.966,0.42336,423.524,0,1.02816,0,0,4.07127,3.04311,1.028160,1,0,45.61,0,0,0,45.61,0
53.5472,2.48383,0,0,1.82248,0.15401,0.36288,3.6288,53.2969,0.495445,0,0,0.480116,0.236704,0,0.66528,12.849,1,0.58318,0.36288,0,57.9489,4.21144,53.5172,0.84672,12.849,0.84672,3695.15,0,36.966,0.342017,3.79582,2.01567,3.87309,1.32484,8.01772,0.42336,36.966,0.42336,423.524,0,1.02816,0,0,4.82398,3.79582,1.028160,1,0,61.5349,0,0,0,61.5349,0
52.2744,2.47405,0,0,1.71633,0.152182,0.36288,3.6288,52.9968,0.494743,0,0,0.430847,0.236229,0,0.66528,12.849,1,0.593666,0.36288,0,56.2569,4.21144,51.8146,0.84672,12.849,0.84672,3695.15,0,36.966,0.343147,2.91738,2.01614,3.57822,1.32484,6.84375,0.42336,36.966,0.42336,423.524,0,1.02816,0,0,3.94554,2.91738,1.028160,1,0,58.6584,0,0,0,58.6584,0
50.6848,2.46302,0,0,1.38648,0.150208,0.36288,3.6288,52.647,0.493851,0,0,0.379699,0.235663,0,0.66528,12.849,1,0.605408,0.36288,0,46.4859,4.21144,42.0319,0.84672,12.849,0.84672,3695.15,0,36.966,0.344468,2.25979,2.0166,3.1917,1.32484,5.79878,0.42336,36.966,0.42336,423.524,0,1.02816,0,0,3.28795,2.25979,1.028160,1,0,47.8307,0,0,0,47.8307,0
50.1835,2.38518,0,0,2.41664,0.169874,0.36288,3.6288,52.401,0.442295,0,0,0.422285,0.225909,0,0.66528,12.849,1,0.604664,0.36288,0,53.3157,4.14902,48.9249,0.84672,12.849,0.84672,3695.15,0,36.966,0.310557,2.30188,2.01707,3.99281,1.19799,6.8032,0.42336,36.966,0.42336,423.524,0,1.02816,0,0,3.33004,2.30188,1.028160,1,0,55.7281,0,0,0,55.7281,0
50.0276,2.38092,0,0,2.81191,0.224016,0.36288,3.6288,52.7714,0.441681,0,0,1.01477,0.202772,0,0.66528,12.849,1,0.609613,0.36288,0,85.0193,3.99294,80.7797,0.84672,12.849,0.84672,3695.15,0,36.966,0.311581,4.53054,1.93631,6.97269,0.880857,12.2471,0.42336,36.966,0.42336,423.524,0,1.02816,0,0,5.5587,4.53054,1.028160,1,0,93.0267,0,0,0,93.0267,0
49.3846,2.37996,0,0,2.32352,0.223648,0.36288,3.6288,52.5938,0.443208,0,0,0.469078,0.203376,0,0.66528,12.849,1,0.611265,0.36288,0,61.6929,3.99294,57.4516,0.84672,12.849,0.84672,3695.15,0,36.966,0.310464,1.43611,1.93675,3.07451,0.880857,5.25606,0.42336,36.966,0.42336,423.524,0,1.02816,0,0,2.46427,1.43611,1.028160,1,0,62.7076,0,0,0,62.7076,0
49.8799,2.37419,0,0,3.46829,0.235933,0.36288,3.6288,52.8539,0.442833,0,0,0.924178,0.221317,0,0.66528,12.849,1,0.617722,0.36288,0,94.9372,4.40617,90.2762,0.84672,12.849,0.84672,3695.15,0,36.966,0.311249,3.09951,1.9372,6.8105,0.997393,10.5386,0.42336,36.966,0.42336,423.524,0,1.02816,0,0,4.12767,3.09951,1.028160,1,0,100.815,0,0,0,100.815,0
50.7476,2.2004,0,0,3.68667,0.255686,0.36288,3.6288,53.1607,0.338608,0,0,0.891529,0.246138,0,0.66528,12.849,1,0.566821,0.36288,0,108.376,4.95715,103.215,0.84672,12.849,0.84672,3695.15,0,36.966,0.236822,4.29081,1.93764,6.69757,1.15278,11.5364,0.42336,36.966,0.42336,423.524,0,1.02816,0,0,5.31897,4.29081,1.028160,1,0,114.751,0,0,0,114.751,0
51.1705,2.12032,0,0,3.17879,0.272687,0.36288,3.6288,53.6225,0.404921,0,0,1.02898,0.162228,0,0.66528,12.849,1,0.536852,0.36288,0,98.1366,4.20882,93.7538,0.84672,12.849,0.84672,3695.15,0,36.966,0.281568,4.87477,1.75751,6.87896,1.14479,12.0849,0.42336,36.966,0.42336,423.524,0,1.02816,0,0,5.90293,4.87477,1.028160,1,0,105.839,0,0,0,105.839,0
51.1565,2.12467,0,0,2.74742,0.273897,0.36288,3.6288,54.0771,0.406357,0,0,1.02378,0.162826,0,0.66528,12.849,1,0.533508,0.36288,0,94.7946,4.20882,90.4152,0.84672,12.849,0.84672,3695.15,0,36.966,0.280132,4.89159,1.82269,6.57285,1.14479,11.8622,0.42336,36.966,0.42336,423.524,0,1.02816,0,0,5.91975,4.89159,1.028160,1,0,102.277,0,0,0,102.277,0
51.8039,2.12535,0,0,3.40277,0.267059,0.36288,3.6288,54.5319,0.407755,0,0,1.01999,0.157446,0,0.66528,12.849,1,0.533826,0.36288,0,88.0165,3.99444,83.8512,0.84672,12.849,0.84672,3695.15,0,36.966,0.278733,4.93833,1.82288,6.72686,1.11801,12.0913,0.42336,36.966,0.42336,423.524,0,1.02816,0,0,5.96649,4.93833,1.028160,1,0,95.9425,0,0,0,95.9425,0
53.1939,2.1315,0,0,4.1282,0.243885,0.36288,3.6288,55.048,0.409141,0,0,1.0859,0.160636,0,0.66528,12.849,1,0.52868,0.36288,0,145.401,3.34712,141.888,0.84672,12.849,0.84672,3695.15,0,36.966,0.277348,4.91402,1.82307,6.67808,0.889671,12.2481,0.42336,36.966,0.42336,423.524,0,1.02816,0,0,5.94218,4.91402,1.028160,1,0,154.136,0,0,0,154.136,0
54.7136,2.21333,0,0,4.34508,0.249096,0.36288,3.6288,55.2437,0.441747,0,0,0.785988,0.148532,0,0.66528,12.849,1,0.534632,0.36288,0,109.734,2.92053,106.642,0.84672,12.849,0.84672,3695.15,0,36.966,0.296643,2.81047,1.82326,5.92485,0.794611,9.46732,0.42336,36.966,0.42336,423.524,0,1.02816,0,0,3.83863,2.81047,1.028160,1,0,116.109,0,0,0,116.109,0
55.7827,2.2682,0,0,3.96196,0.261845,0.36288,3.6288,55.5801,0.41128,0,0,0.887817,0.140134,0,0.66528,12.849,1,0.532666,0.36288,0,80.1291,2.86829,77.091,0.84672,12.849,0.84672,3695.15,0,36.966,0.275206,2.30221,1.87981,6.13926,0.873059,9.173,0.42336,36.966,0.42336,423.524,0,1.02816,0,0,3.33037,2.30221,1.028160,1,0,86.264,0,0,0,86.264,0
58.5735,2.27731,0,0,5.70019,0.269205,0.36288,3.6288,56.3009,0.41228,0,0,1.27118,0.138057,0,0.66528,12.849,1,0.524555,0.36288,0,103.211,2.90509,100.144,0.84672,12.849,0.84672,3695.15,0,36.966,0.274205,2.66687,1.84962,7.49653,0.864927,10.8739,0.42336,36.966,0.42336,423.524,0,1.02816,0,0,3.69503,2.66687,1.028160,1,0,111.018,0,0,0,111.018,0
62.7491,2.29862,0,0,7.14182,0.304692,0.36288,3.6288,57.5482,0.4144,0,0,1.78602,0.124319,0,0.66528,12.849,1,0.504238,0.36288,0,162.916,3.12596,159.649,0.84672,12.849,0.84672,3695.15,0,36.966,0.272086,5.29133,1.8498,7.74547,0.816137,13.7984,0.42336,36.966,0.42336,423.524,0,1.02816,0,0,6.31949,5.29133,1.028160,1,0,173.447,0,0,0,173.447,0
65.3785,2.55882,0,0,5.8682,0.317137,0.36288,3.6288,58.3682,0.536747,0,0,1.48501,0.128299,0,0.66528,12.849,1,0.523964,0.36288,0,162.607,3.17493,159.271,0.84672,12.849,0.84672,3695.15,0,36.966,0.344778,2.93471,1.84999,8.41482,0.827987,12.0268,0.42336,36.966,0.42336,423.524,0,1.02816,0,0,3.96287,2.93471,1.028160,1,0,171.298,0,0,0,171.298,0
66.6093,2.62368,0,0,4.5475,0.330131,0.36288,3.6288,59.0239,0.50577,0,0,1.30837,0.146881,0,0.66528,12.849,1,0.515639,0.36288,0,102.305,3.46878,98.6838,0.84672,12.849,0.84672,3695.15,0,36.966,0.320316,2.07646,2.05314,7.46714,0.899088,10.3773,0.42336,36.966,0.42336,423.524,0,1.02816,0,0,3.10462,2.07646,1.028160,1,0,109.061,0,0,0,109.061,0
68.2793,2.63225,0,0,4.99856,0.333385,0.36288,3.6288,59.602,0.508209,0,0,1.23379,0.147501,0,0.66528,12.849,1,0.507764,0.36288,0,113.743,3.46878,110.129,0.84672,12.849,0.84672,3695.15,0,36.966,0.318286,2.06969,2.0209,7.73069,0.899088,10.6039,0.42336,36.966,0.42336,423.524,0,1.02816,0,0,3.09785,2.06969,1.028160,1,0,120.733,0,0,0,120.733,0
68.7652,2.64328,0,0,3.82989,0.3378,0.36288,3.6288,60.0179,0.510367,0,0,1.07433,0.148048,0,0.66528,12.849,1,0.497421,0.36288,0,97.7892,3.46878,94.1859,0.84672,12.849,0.84672,3695.15,0,36.966,0.316537,1.44086,2.02134,7.15008,0.899088,9.39666,0.42336,36.966,0.42336,423.524,0,1.02816,0,0,2.46902,1.44086,1.028160,1,0,103.583,0,0,0,103.583,0
72.29,2.31133,0,0,7.16554,0.327479,1.00198,3.6288,61.308,0.349855,0,0,2.00802,0.180508,0.187578,0.66528,12.849,1,0.431879,1.00198,0,129.494,4.20553,125.858,0.84672,12.849,0.84672,3695.15,0,36.966,0.215481,4.03382,2.02179,9.30314,1.1188,14.0245,0.42336,36.966,0.42336,423.524,0,1.02816,0,0,5.06198,4.03382,1.028160,1,0,140.07,0,0,0,140.07,0
72.29,2.22716,0,0,5.0865,0.355836,2.5035,3.6288,61.308,0.428253,0,0,1.03535,0.182323,0.424772,0.66528,12.849,1,0.395862,2.5035,0,108.344,4.03966,106.412,0.84672,12.849,0.84672,3695.15,0,36.966,0.258218,1.57058,1.74521,4.10073,1.0022,6.15611,0.42336,36.966,0.42336,423.524,0,1.02816,0,0,2.59874,1.57058,1.028160,1,0,112.993,0,0,0,112.993,0
72.29,2.22798,0,0,6.62318,0.355836,4.03937,3.6288,61.308,0.428253,0,0,1.50461,0.182323,0.894033,0.66528,12.849,1,0.396006,4.03937,0,111.824,4.03966,111.428,0.84672,12.849,0.84672,3695.15,0,36.966,0.258218,2.72695,1.81628,9.16982,1.0022,12.4526,0.42336,36.966,0.42336,423.524,0,1.02816,0,0,3.75511,2.72695,1.028160,1,0,124.774,0,0,0,124.774,0
72.29,2.22879,0,0,4.84678,0.355836,2.26216,3.6288,61.308,0.428253,0,0,1.33046,0.182323,0.719887,0.66528,12.849,1,0.39615,2.26216,0,99.0161,4.03966,96.8425,0.84672,12.849,0.84672,3695.15,0,36.966,0.258218,2.73664,1.81646,5.45429,1.0022,8.74698,0.42336,36.966,0.42336,423.524,0,1.02816,0,0,3.7648,2.73664,1.028160,1,0,106.309,0,0,0,106.309,0
72.29,2.2296,0,0,10.0332,0.321852,7.48175,3.6288,61.308,0.428254,0,0,2.1993,0.164274,1.60677,0.66528,12.849,1,0.396295,7.48175,0,148.217,3.77808,151.525,0.84672,12.849,0.84672,3695.15,0,36.966,0.258218,5.27794,1.81664,14.2312,0.964622,20.1029,0.42336,36.966,0.42336,423.524,0,1.02816,0,0,6.3061,5.27794,1.028160,1,0,173.235,0,0,0,173.235,0
72.29,2.31561,0,0,5.99138,0.343486,3.33229,3.6288,61.308,0.468279,0,0,1.98886,0.210326,1.31026,0.66528,12.849,1,0.411582,3.33229,0,118.189,4.2035,116.906,0.84672,12.849,0.84672,3695.15,0,36.966,0.282352,4.31405,1.81682,8.56796,1.03457,13.3819,0.42336,36.966,0.42336,423.524,0,1.02816,0,0,5.34221,4.31405,1.028160,1,0,131.599,0,0,0,131.599,0
72.29,2.37092,0,0,7.0314,0.314588,4.34589,3.6288,61.308,0.428262,0,0,2.41491,0.197106,1.78955,0.66528,12.849,1,0.421413,4.34589,0,129.717,4.04491,129.596,0.84672,12.849,0.84672,3695.15,0,36.966,0.258223,6.74613,1.88537,11.4583,0.99527,18.8363,0.42336,36.966,0.42336,423.524,0,1.02816,0,0,7.77429,6.74613,1.028160,1,0,150.222,0,0,0,150.222,0
72.29,2.37176,0,0,5.11778,0.314588,2.43143,3.6288,61.308,0.428262,0,0,1.91595,0.197106,1.29059,0.66528,12.849,1,0.421563,2.43143,0,91.7421,4.04491,89.7071,0.84672,12.849,0.84672,3695.15,0,36.966,0.258223,4.15835,1.84802,8.84567,0.99527,13.5985,0.42336,36.966,0.42336,423.524,0,1.02816,0,0,5.18651,4.15835,1.028160,1,0,104.596,0,0,0,104.596,0
72.29,2.3726,0,0,4.33923,0.298042,1.66859,3.6288,61.308,0.428263,0,0,1.53436,0.201902,0.904196,0.66528,12.849,1,0.421712,1.66859,0,76.8174,4.04994,74.0143,0.84672,12.849,0.84672,3695.15,0,36.966,0.258223,3.42734,1.8482,6.93671,1.0018,10.9522,0.42336,36.966,0.42336,423.524,0,1.02816,0,0,4.4555,3.42734,1.028160,1,0,85.8707,0,0,0,85.8707,0
72.29,2.34011,0,0,3.92131,0.257026,1.32417,3.6288,61.308,0.412703,0,0,1.19614,0.228251,0.555187,0.66528,12.849,1,0.415936,1.32417,0,71.6092,4.51263,68.0048,0.84672,12.849,0.84672,3695.15,0,36.966,0.248842,2.5597,1.84839,5.99716,1.08971,9.0667,0.42336,36.966,0.42336,423.524,0,1.02816,0,0,3.58786,2.5597,1.028160,1,0,77.6267,0,0,0,77.6267,0
72.29,2.31977,0,0,3.43115,0.215677,0.895708,3.6288,61.308,0.428259,0,0,0.895184,0.245058,0.221866,0.66528,12.849,1,0.412321,0.895708,0,63.8591,4.767,59.5755,0.84672,12.849,0.84672,3695.15,0,36.966,0.258221,1.48227,1.82195,4.70635,1.19671,6.55563,0.42336,36.966,0.42336,423.524,0,1.02816,0,0,2.51043,1.48227,1.028160,1,0,66.353,0,0,0,66.353,0
72.29,2.3206,0,0,3.09173,0.215677,0.555454,3.6288,61.308,0.428259,0,0,0.793333,0.245058,0.120016,0.66528,12.849,1,0.412469,0.555454,0,55.7428,4.767,51.1188,0.84672,12.849,0.84672,3695.15,0,36.966,0.258221,1.22785,1.83672,4.25005,1.19671,5.85969,0.42336,36.966,0.42336,423.524,0,1.02816,0,0,2.25601,1.22785,1.028160,1,0,57.0985,0,0,0,57.0985,0
72.2615,2.32143,0,0,2.84123,0.185431,0.36288,3.6288,61.308,0.428259,0,0,0.747771,0.205236,0.114276,0.66528,12.849,1,0.412617,0.36288,0,53.4676,3.94128,49.4766,0.84672,12.849,0.84672,3695.15,0,36.966,0.258221,1.12499,1.83691,3.84611,0.987282,5.56251,0.42336,36.966,0.42336,423.524,0,1.02816,0,0,2.15315,1.12499,1.028160,1,0,55.1534,0,0,0,55.1534,0
72.1093,2.43539,0,0,2.83151,0.185391,0.36288,3.6288,61.308,0.483486,0,0,0.816558,0.205236,0.127836,0.66528,12.849,1,0.433043,0.36288,0,48.4622,3.94128,44.4507,0.84672,12.849,0.84672,3695.15,0,36.966,0.29152,1.66129,1.83709,4.31226,0.987282,6.53184,0.42336,36.966,0.42336,423.524,0,1.02816,0,0,2.68945,1.66129,1.028160,1,0,51.1104,0,0,0,51.1104,0
71.7655,2.50074,0,0,2.66723,0.147434,0.36288,3.6288,61.308,0.435522,0,0,0.687953,0.219633,0.032798,0.66528,12.849,1,0.445602,0.36288,0,40.9539,4.22961,36.6415,0.84672,12.849,0.84672,3695.15,0,36.966,0.2626,0.805663,1.93067,3.11385,1.01165,4.57593,0.42336,36.966,0.42336,423.524,0,1.02816,0,0,1.83382,0.805663,1.028160,1,0,41.2503,0,0,0,41.2503,0
71.0809,2.49948,0,0,2.32476,0.147049,0.36288,3.6288,61.2423,0.435759,0,0,0.589696,0.219633,0,0.66528,12.849,1,0.447511,0.36288,0,36.0695,4.22961,31.7553,0.84672,12.849,0.84672,3695.15,0,36.966,0.262744,0.5649,1.88587,2.72577,1.01165,3.90215,0.42336,36.966,0.42336,423.524,0,1.02816,0,0,1.59306,0.5649,1.028160,1,0,35.6574,0,0,0,35.6574,0
70.1039,2.49638,0,0,2.02854,0.146282,0.36288,3.6288,61.1291,0.435821,0,0,0.5422,0.219542,0,0.66528,12.849,1,0.451261,0.36288,0,34.0203,4.22961,29.7023,0.84672,12.849,0.84672,3695.15,0,36.966,0.263062,0.606476,1.88629,2.79602,1.01165,4.01406,0.42336,36.966,0.42336,423.524,0,1.02816,0,0,1.63464,0.606476,1.028160,1,0,33.7163,0,0,0,33.7163,0
68.9519,2.49162,0,0,1.84774,0.145188,0.36288,3.6288,60.9627,0.435754,0,0,0.488659,0.219385,0,0.66528,12.849,1,0.456676,0.36288,0,31.1412,4.22961,26.8177,0.84672,12.849,0.84672,3695.15,0,36.966,0.263509,0.474682,1.8867,2.65966,1.01165,3.74588,0.42336,36.966,0.42336,423.524,0,1.02816,0,0,1.50284,0.474682,1.028160,1,0,30.5636,0,0,0,30.5636,0
68.0902,2.46347,0,0,2.06679,0.102189,0.36288,3.6288,60.6585,0.465865,0,0,0.425166,0.263477,0,0.66528,12.849,1,0.459061,0.36288,0,35.2103,5.12964,29.9845,0.84672,12.849,0.84672,3695.15,0,36.966,0.282487,0.319127,1.88712,2.22749,1.18678,2.96446,0.42336,36.966,0.42336,423.524,0,1.02816,0,0,1.34729,0.319127,1.028160,1,0,32.949,0,0,0,32.949,0
67.248,2.45912,0,0,2.07767,0.0978091,0.36288,3.6288,60.349,0.465228,0,0,0.422626,0.266892,0,0.66528,12.849,1,0.46405,0.36288,0,35.6736,5.21577,30.3567,0.84672,12.849,0.84672,3695.15,0,36.966,0.283516,0.32489,1.92022,1.95706,1.18209,2.73656,0.42336,36.966,0.42336,423.524,0,1.02816,0,0,1.35305,0.32489,1.028160,1,0,33.0932,0,0,0,33.0932,0
66.3064,2.45478,0,0,1.97321,0.0971635,0.36288,3.6288,60.0308,0.464569,0,0,0.412714,0.266367,0,0.66528,12.849,1,0.469033,0.36288,0,34.8884,5.21577,29.5665,0.84672,12.849,0.84672,3695.15,0,36.966,0.284566,0.268099,1.92064,1.85707,1.18209,2.57915,0.42336,36.966,0.42336,423.524,0,1.02816,0,0,1.29626,0.268099,1.028160,1,0,32.1456,0,0,0,32.1456,0
65.2897,2.44974,0,0,1.87145,0.0754851,0.36288,3.6288,59.655,0.466894,0,0,0.391719,0.30062,0,0.66528,12.849,1,0.474717,0.36288,0,33.2052,5.76235,27.3311,0.84672,12.849,0.84672,3695.15,0,36.966,0.287506,0.261274,1.92106,1.78191,1.35676,2.31998,0.42336,36.966,0.42336,423.524,0,1.02329,0,0,1.28456,0.261274,1.028160,1,0,29.651,0,0,0,29.651,0
64.1514,2.50115,0,0,1.80254,0.0768963,0.36288,3.6288,59.2581,0.489834,0,0,0.397198,0.304205,0,0.66528,12.849,1,0.492225,0.36288,0,32.376,6.01684,26.2298,0.84672,12.849,0.84672,3695.15,0,36.966,0.303532,0.270112,1.92148,1.70795,1.41498,2.18104,0.42336,36.966,0.42336,423.524,0,1.02816,0,0,1.29827,0.270112,1.028160,1,0,28.4108,0,0,0,28.4108,0
63.0812,2.49442,0,0,1.8631,0.0759093,0.36288,3.6288,58.8332,0.513406,0,0,0.420381,0.331876,0,0.66528,12.849,1,0.499612,0.36288,0,31.6945,6.05524,25.5026,0.84672,12.849,0.84672,3695.15,0,36.966,0.320269,0.261274,1.96827,1.52854,1.51294,1.92487,0.42336,36.966,0.42336,423.524,0,0.988252,0,0,1.24953,0.261274,1.028160,1,0,27.4274,0,0,0,27.4274,0
61.8042,2.48792,0,0,1.64905,0.0752523,0.36288,3.6288,58.3662,0.530623,0,0,0.394575,0.330973,0,0.66528,12.849,1,0.506765,0.36288,0,29.9193,6.05524,23.7202,0.84672,12.849,0.84672,3695.15,0,36.966,0.3334,0.227405,1.9687,1.52939,1.51294,1.87915,0.42336,36.966,0.42336,423.524,0,0.958306,0,0,1.18571,0.227405,1.028160,1,0,25.5993,0,0,0,25.5993,0
60.3948,2.4798,0,0,1.50772,0.0744684,0.36288,3.6288,57.8311,0.586322,0,0,0.381148,0.32998,0,0.66528,12.849,1,0.515547,0.36288,0,28.0975,6.05524,21.8895,0.84672,12.849,0.84672,3695.15,0,36.966,0.371345,0.227405,1.96914,1.45719,1.51294,1.76944,0.42336,36.966,0.42336,423.524,0,0.865063,0,0,1.09247,0.227405,1.028160,1,0,23.659,0,0,0,23.659,0
58.6813,2.5858,0,0,1.29381,0.0586822,0.36288,3.6288,57.2105,0.665083,0,0,0.379588,0.335065,0,0.66528,12.849,1,0.550129,0.36288,0,26.8013,6.31455,20.2995,0.84672,12.849,0.84672,3695.15,0,36.966,0.42336,0.227405,1.96957,1.44793,1.52822,1.69333,0.42336,36.966,0.42336,423.524,0,0.854375,0,0,1.08178,0.227405,1.028160,1,0,21.9928,0,0,0,21.9928,0
56.9342,2.57319,0,0,1.2609,0.0719123,0.36288,3.6288,56.7237,0.616325,0,0,0.420308,0.290736,0,0.66528,12.849,1,0.563432,0.36288,0,25.5272,5.78429,19.5424,0.84672,12.849,0.84672,3695.15,0,36.966,0.398232,0.227405,2.08869,1.53301,1.42439,2.02648,0.42336,36.966,0.42336,423.524,0,0.928688,0,0,1.15609,0.227405,1.028160,1,0,21.5689,0,0,0,21.5689,0
55.0763,2.55965,0,0,1.1361,0.0714851,0.36288,3.6288,56.194,0.629968,0,0,0.384731,0.284503,0,0.66528,12.849,1,0.577665,0.36288,0,23.1132,5.71872,17.1797,0.84672,12.849,0.84672,3695.15,0,36.966,0.41054,0.204422,2.08915,1.52192,1.42687,1.97809,0.42336,36.966,0.42336,423.524,0,0.903165,0,0,1.10759,0.204422,1.028160,1,0,19.1578,0,0,0,19.1578,0
53.3328,2.5444,0,0,1.23403,0.0701766,0.36288,3.6288,55.6769,0.622914,0,0,0.389287,0.283522,0,0.66528,12.849,1,0.593596,0.36288,0,22.0901,5.71872,16.1407,0.84672,12.849,0.84672,3695.15,0,36.966,0.40977,0.204422,2.08961,1.61652,1.42687,2.07392,0.42336,36.966,0.42336,423.524,0,0.911416,0,0,1.11584,0.204422,1.028160,1,0,18.2146,0,0,0,18.2146,0
52.2647,2.52932,0,0,1.90601,0.0819082,0.36288,3.6288,55.3149,0.550723,0,0,0.468245,0.27946,0,0.66528,12.849,1,0.609367,0.36288,0,35.6791,5.62967,29.8029,0.84672,12.849,0.84672,3695.15,0,36.966,0.365646,0.309416,2.09007,1.70836,1.41595,2.32625,0.42336,36.966,0.42336,423.524,0,1.02816,0,0,1.33758,0.309416,1.028160,1,0,32.1292,0,0,0,32.1292,0
51.7664,2.48987,0,0,2.45375,0.0993518,0.36288,3.6288,54.9671,0.569165,0,0,0.450538,0.229233,0,0.66528,12.849,1,0.612122,0.36288,0,29.2378,4.68763,24.3009,0.84672,12.849,0.84672,3695.15,0,36.966,0.380363,0.204422,2.09053,1.87365,1.20859,2.57965,0.42336,36.966,0.42336,423.524,0,0.937371,0,0,1.14179,0.204422,1.028160,1,0,26.8805,0,0,0,26.8805,0
51.2262,2.4857,0,0,2.41178,0.103368,0.36288,3.6288,54.7534,0.513691,0,0,0.496263,0.196279,0,0.66528,12.849,1,0.616978,0.36288,0,29.3573,4.00333,25.0998,0.84672,12.849,0.84672,3695.15,0,36.966,0.345463,0.41834,2.03913,2.26557,1.06491,3.31267,0.42336,36.966,0.42336,423.524,0,1.02816,0,0,1.4465,0.41834,1.028160,1,0,28.4125,0,0,0,28.4125,0
50.6156,2.48104,0,0,2.33612,0.102788,0.36288,3.6288,54.5411,0.513134,0,0,0.496907,0.196003,0,0.66528,12.849,1,0.622317,0.36288,0,28.1595,4.00333,23.8967,0.84672,12.849,0.84672,3695.15,0,36.966,0.346436,0.422401,2.03958,2.07436,1.06491,3.125,0.42336,36.966,0.42336,423.524,0,1.02816,0,0,1.45056,0.422401,1.028160,1,0,27.0217,0,0,0,27.0217,0
49.9178,2.4756,0,0,2.24285,0.102133,0.36288,3.6288,54.3407,0.512578,0,0,0.507873,0.195728,0,0.66528,12.849,1,0.628442,0.36288,0,26.8332,4.00333,22.5643,0.84672,12.849,0.84672,3695.15,0,36.966,0.347407,0.555025,2.04003,2.05127,1.06491,3.23401,0.42336,36.966,0.42336,423.524,0,1.02816,0,0,1.58318,0.555025,1.028160,1,0,25.7983,0,0,0,25.7983,0
50.3379,2.40537,0,0,3.35043,0.162156,0.36288,3.6288,54.3395,0.460349,0,0,0.635844,0.176727,0,0.66528,12.849,1,0.61915,0.36288,0,41.9961,3.98288,37.757,0.84672,12.849,0.84672,3695.15,0,36.966,0.313159,1.07533,2.04048,3.13094,1.13217,4.80143,0.42336,36.966,0.42336,423.524,0,1.02816,0,0,2.10349,1.07533,1.028160,1,0,42.5584,0,0,0,42.5584,0
50.7739,2.41002,0,0,3.38073,0.171803,0.36288,3.6288,54.2189,0.460581,0,0,0.511899,0.171878,0,0.66528,12.849,1,0.61517,0.36288,0,49.4991,3.91187,45.3349,0.84672,12.849,0.84672,3695.15,0,36.966,0.313324,1.06273,1.95876,2.98907,1.12713,4.57012,0.42336,36.966,0.42336,423.524,0,1.02816,0,0,2.09089,1.06273,1.028160,1,0,49.905,0,0,0,49.905,0
52.1788,2.41477,0,0,4.409,0.226407,0.36288,3.6288,54.2709,0.460402,0,0,0.660908,0.148511,0,0.66528,12.849,1,0.611088,0.36288,0,41.0313,3.25007,37.533,0.84672,12.849,0.84672,3695.15,0,36.966,0.313899,1.01842,1.9592,3.42574,0.879716,5.20974,0.42336,36.966,0.42336,423.524,0,1.02816,0,0,2.04658,1.01842,1.028160,1,0,42.7427,0,0,0,42.7427,0
54.9972,2.4285,0,0,5.8395,0.229744,0.36288,3.6288,54.3036,0.460817,0,0,0.64209,0.148562,0,0.66528,12.849,1,0.598017,0.36288,0,55.9012,3.25007,52.416,0.84672,12.849,0.84672,3695.15,0,36.966,0.31388,1.31969,1.95963,3.96222,0.879716,6.04795,0.42336,36.966,0.42336,423.524,0,1.02816,0,0,2.34785,1.31969,1.028160,1,0,58.464,0,0,0,58.464,0
57.5606,2.26908,0,0,5.43177,0.236436,0.36288,3.6288,54.9928,0.353396,0,0,1.19123,0.148594,0,0.66528,12.849,1,0.530125,0.36288,0,90.2707,3.25007,86.8534,0.84672,12.849,0.84672,3695.15,0,36.966,0.240567,1.3792,1.96006,5.50038,0.879716,7.71936,0.42336,36.966,0.42336,423.524,0,1.02816,0,0,2.40736,1.3792,1.028160,1,0,94.5728,0,0,0,94.5728,0
64.1287,2.21354,0,0,9.37733,0.232802,0.36288,3.6288,55.913,0.410524,0,0,1.5255,0.194855,0,0.66528,12.849,1,0.49412,0.36288,0,105.661,3.7024,101.828,0.84672,12.849,0.84672,3695.15,0,36.966,0.275953,4.24191,1.77782,3.60384,0.994343,8.35328,0.42336,36.966,0.42336,423.524,0,1.02816,0,0,5.27007,4.24191,1.028160,1,0,110.181,0,0,0,110.181,0
67.1571,2.25651,0,0,5.89278,0.244972,0.36288,3.6288,56.2676,0.413258,0,0,0.97157,0.203679,0,0.66528,12.849,1,0.452121,0.36288,0,68.035,3.77779,64.168,0.84672,12.849,0.84672,3695.15,0,36.966,0.273219,2.56758,1.83214,2.86442,1.01345,5.97749,0.42336,36.966,0.42336,423.524,0,1.02816,0,0,3.59574,2.56758,1.028160,1,0,70.1454,0,0,0,70.1454,0
68.776,2.27445,0,0,4.51249,0.256305,0.36288,3.6288,56.2613,0.414297,0,0,0.617363,0.209314,0,0.66528,12.849,1,0.435164,0.36288,0,44.8288,3.89208,40.8644,0.84672,12.849,0.84672,3695.15,0,36.966,0.27218,1.44535,1.83233,3.27041,1.0491,5.22681,0.42336,36.966,0.42336,423.524,0,1.02816,0,0,2.47351,1.44535,1.028160,1,0,46.0913,0,0,0,46.0913,0
72.29,2.2839,0,0,7.49716,0.291985,1.40725,3.6288,56.6816,0.414279,0,0,1.07478,0.240283,0,0.66528,12.849,1,0.426687,1.40725,0,71.7655,4.57779,68.1683,0.84672,12.849,0.84672,3695.15,0,36.966,0.272198,2.82171,1.83251,3.42355,1.26301,6.54257,0.42336,36.966,0.42336,423.524,0,1.02816,0,0,3.84987,2.82171,1.028160,1,0,74.7108,0,0,0,74.7108,0
72.29,2.37686,0,0,5.11065,0.287699,2.44609,3.6288,56.8479,0.447276,0,0,0.83029,0.216699,0,0.66528,12.849,1,0.422469,2.44609,0,84.6184,4.00021,82.6418,0.84672,12.849,0.84672,3695.15,0,36.966,0.2917,1.38712,1.83269,2.72626,1.13544,4.51893,0.42336,36.966,0.42336,423.524,0,1.02816,0,0,2.41528,1.38712,1.028160,1,0,87.1608,0,0,0,87.1608,0
72.29,2.42226,0,0,10.1004,0.271319,7.40685,3.6288,57.7364,0.415979,0,0,1.48907,0.184574,0,0.66528,12.849,1,0.430538,7.40685,0,113.407,3.23012,117.153,0.84672,12.849,0.84672,3695.15,0,36.966,0.270495,1.84619,1.88988,5.86886,0.965356,8.36908,0.42336,36.966,0.42336,423.524,0,1.02816,0,0,2.87435,1.84619,1.028160,1,0,125.522,0,0,0,125.522,0
72.29,2.42308,0,0,4.98112,0.271319,2.28673,3.6288,57.848,0.418517,0,0,0.715786,0.18564,0,0.66528,12.849,1,0.430684,2.28673,0,89.4344,3.23012,88.0603,0.84672,12.849,0.84672,3695.15,0,36.966,0.267957,1.15882,1.85934,3.52009,0.965356,5.30494,0.42336,36.966,0.42336,423.524,0,1.02816,0,0,2.18698,1.15882,1.028160,1,0,93.3652,0,0,0,93.3652,0
72.29,2.4239,0,0,4.0361,0.271319,1.34088,3.6288,57.8699,0.418832,0,0,0.626481,0.185774,0,0.66528,12.849,1,0.430829,1.34088,0,72.9043,3.23012,70.5843,0.84672,12.849,0.84672,3695.15,0,36.966,0.267642,0.854366,1.85952,2.78327,0.965356,4.26416,0.42336,36.966,0.42336,423.524,0,1.02816,0,0,1.88253,0.854366,1.028160,1,0,74.8484,0,0,0,74.8484,0
72.29,2.66427,0,0,4.63585,0.348043,1.62354,3.6288,57.977,0.539274,0,0,0.83297,0.186586,0,0.66528,12.849,1,0.473553,1.62354,0,71.2696,3.42313,68.9965,0.84672,12.849,0.84672,3695.15,0,36.966,0.344476,1.13204,1.8597,3.09023,1.02215,4.71535,0.42336,36.966,0.42336,423.524,0,1.02816,0,0,2.1602,1.13204,1.028160,1,0,73.7118,0,0,0,73.7118,0
72.29,2.69609,0,0,3.85868,0.292917,0.869679,3.6288,57.8465,0.570772,0,0,0.619369,0.179064,0,0.66528,12.849,1,0.479209,0.869679,0,59.9591,3.62857,56.721,0.84672,12.849,0.84672,3695.15,0,36.966,0.363923,0.503194,2.06517,2.65545,0.979217,3.88068,0.42336,36.966,0.42336,423.524,0,0.940801,0,0,1.44399,0.503194,1.028160,1,0,60.6017,0,0,0,60.6017,0
72.29,2.69666,0,0,4.28279,0.327181,1.25895,3.6288,57.7197,0.517214,0,0,0.564195,0.173823,0,0.66528,12.849,1,0.479311,1.25895,0,62.2539,4.13626,58.8973,0.84672,12.849,0.84672,3695.15,0,36.966,0.330518,0.710778,2.04406,2.86554,1.1143,4.17556,0.42336,36.966,0.42336,423.524,0,1.02816,0,0,1.73894,0.710778,1.028160,1,0,63.0728,0,0,0,63.0728,0
72.29,2.69723,0,0,5.31972,0.327181,2.29531,3.6288,57.6006,0.517013,0,0,0.571583,0.17368,0,0.66528,12.849,1,0.479412,2.29531,0,89.0715,4.13626,86.7511,0.84672,12.849,0.84672,3695.15,0,36.966,0.331116,0.851636,2.04449,3.14538,1.1143,4.59609,0.42336,36.966,0.42336,423.524,0,1.02816,0,0,1.8798,0.851636,1.028160,1,0,91.3472,0,0,0,91.3472,0
72.29,2.35583,0,0,5.3398,0.327181,2.65678,3.6288,57.7052,0.355443,0,0,0.63363,0.173547,0,0.66528,12.849,1,0.418732,2.65678,0,82.3962,4.13626,80.498,0.84672,12.849,0.84672,3695.15,0,36.966,0.22811,0.908245,2.04492,3.31385,1.1143,4.92461,0.42336,36.966,0.42336,423.524,0,1.02816,0,0,1.93641,0.908245,1.028160,1,0,85.4226,0,0,0,85.4226,0
72.29,2.26924,0,0,5.2704,0.302567,2.69859,3.6288,58.4735,0.41842,0,0,1.38322,0.196474,0,0.66528,12.849,1,0.403341,2.69859,0,101.146,4.68646,98.7547,0.84672,12.849,0.84672,3695.15,0,36.966,0.26804,2.06069,1.76516,6.20763,1.01443,8.75102,0.42336,36.966,0.42336,423.524,0,1.02816,0,0,3.08885,2.06069,1.028160,1,0,107.506,0,0,0,107.506,0
72.29,2.27003,0,0,5.68553,0.302567,3.11294,3.6288,59.5003,0.420578,0,0,1.64482,0.19745,0,0.66528,12.849,1,0.40348,3.11294,0,114.566,4.68646,112.589,0.84672,12.849,0.84672,3695.15,0,36.966,0.265882,2.18607,1.82556,5.04787,1.01443,7.77919,0.42336,36.966,0.42336,423.524,0,1.02816,0,0,3.21423,2.18607,1.028160,1,0,120.368,0,0,0,120.368,0
72.29,2.27082,0,0,8.85781,0.299835,6.28716,3.6288,61.308,0.423408,0,0,2.55377,0.176109,0.146586,0.66528,12.849,1,0.40362,6.28716,0,211.81,4.32785,213.366,0.84672,12.849,0.84672,3695.15,0,36.966,0.263052,5.14144,1.82573,10.6422,0.953005,16.3933,0.42336,36.966,0.42336,423.524,0,1.02816,0,0,6.1696,5.14144,1.028160,1,0,229.906,0,0,0,229.906,0
72.29,2.2716,0,0,7.94318,0.297787,5.3738,3.6288,61.308,0.428247,0,0,1.88969,0.160963,1.30048,0.66528,12.849,1,0.40376,5.3738,0,212.033,4.05888,212.945,0.84672,12.849,0.84672,3695.15,0,36.966,0.258214,4.055,1.8259,6.99513,0.90694,11.7109,0.42336,36.966,0.42336,423.524,0,1.02816,0,0,5.08316,4.055,1.028160,1,0,225.956,0,0,0,225.956,0
72.29,2.35856,0,0,7.2436,0.303717,4.58133,3.6288,61.308,0.468728,0,0,1.95516,0.155966,1.33047,0.66528,12.849,1,0.419215,4.58133,0,208.508,4.19388,208.476,0.84672,12.849,0.84672,3695.15,0,36.966,0.282622,3.05747,1.82608,11.0203,0.943286,14.6779,0.42336,36.966,0.42336,423.524,0,1.02816,0,0,4.08563,3.05747,1.028160,1,0,224.485,0,0,0,224.485,0
72.29,2.41446,0,0,7.75596,0.308165,5.03333,3.6288,61.308,0.428255,0,0,2.62721,0.152217,2.04674,0.66528,12.849,1,0.429152,5.03333,0,214.711,4.29513,215.02,0.84672,12.849,0.84672,3695.15,0,36.966,0.258219,4.53251,1.8954,11.2949,0.970545,16.494,0.42336,36.966,0.42336,423.524,0,1.02816,0,0,5.56067,4.53251,1.028160,1,0,233.561,0,0,0,233.561,0
72.29,2.41527,0,0,6.62123,0.308165,3.89779,3.6288,61.308,0.428255,0,0,2.09694,0.152217,1.51647,0.66528,12.849,1,0.429297,3.89779,0,166.876,4.29513,166.049,0.84672,12.849,0.84672,3695.15,0,36.966,0.258219,3.55828,1.85762,8.17522,0.970545,12.3624,0.42336,36.966,0.42336,423.524,0,1.02816,0,0,4.58644,3.55828,1.028160,1,0,179.928,0,0,0,179.928,0
72.29,2.41609,0,0,5.29935,0.270442,2.61282,3.6288,61.308,0.428255,0,0,1.47493,0.148055,0.898621,0.66528,12.849,1,0.429442,2.61282,0,140.149,4.54226,137.791,0.84672,12.849,0.84672,3695.15,0,36.966,0.258219,2.28019,1.8578,5.70815,0.986615,8.60131,0.42336,36.966,0.42336,423.524,0,1.02816,0,0,3.30835,2.28019,1.028160,1,0,147.29,0,0,0,147.29,0
72.29,2.38319,0,0,4.9019,0.249031,2.26969,3.6288,61.308,0.412519,0,0,1.28122,0.15512,0.713581,0.66528,12.849,1,0.423594,2.26969,0,128.525,4.49932,125.872,0.84672,12.849,0.84672,3695.15,0,36.966,0.248731,1.81943,1.85798,5.06586,1.02277,7.47176,0.42336,36.966,0.42336,423.524,0,1.02816,0,0,2.84759,1.81943,1.028160,1,0,134.057,0,0,0,134.057,0
72.29,2.36258,0,0,5.00502,0.233226,2.40922,3.6288,61.308,0.428252,0,0,1.15971,0.176946,0.554515,0.66528,12.849,1,0.419931,2.40922,0,116.968,4.14488,114.813,0.84672,12.849,0.84672,3695.15,0,36.966,0.258217,2.06074,1.83123,5.52179,1.0971,8.05844,0.42336,36.966,0.42336,423.524,0,1.02816,0,0,3.0889,2.06074,1.028160,1,0,123.426,0,0,0,123.426,0
72.29,2.36339,0,0,4.58576,0.233226,1.98915,3.6288,61.308,0.428252,0,0,1.05504,0.176946,0.449839,0.66528,12.849,1,0.420074,1.98915,0,104.503,4.14488,101.928,0.84672,12.849,0.84672,3695.15,0,36.966,0.258217,1.93159,1.84617,4.95253,1.0971,7.37497,0.42336,36.966,0.42336,423.524,0,1.02816,0,0,2.95975,1.93159,1.028160,1,0,109.752,0,0,0,109.752,0
72.29,2.36419,0,0,4.16145,0.223407,1.57385,3.6288,61.308,0.428252,0,0,0.906303,0.179823,0.298228,0.66528,12.849,1,0.420217,1.57385,0,97.6726,4.17979,94.6464,0.84672,12.849,0.84672,3695.15,0,36.966,0.258217,1.40895,1.84634,4.50344,1.07989,6.42064,0.42336,36.966,0.42336,423.524,0,1.02816,0,0,2.43711,1.40895,1.028160,1,0,101.365,0,0,0,101.365,0
72.29,2.47955,0,0,4.1817,0.183636,1.51851,3.6288,61.308,0.484103,0,0,0.891228,0.190585,0.21654,0.66528,12.849,1,0.440722,1.51851,0,96.9901,4.37546,93.6924,0.84672,12.849,0.84672,3695.15,0,36.966,0.291893,1.60774,1.84652,4.53533,1.01678,6.68091,0.42336,36.966,0.42336,423.524,0,1.02816,0,0,2.6359,1.60774,1.028160,1,0,100.59,0,0,0,100.59,0
72.29,2.52996,0,0,3.98175,0.135058,1.31674,3.6288,61.308,0.447691,0,0,0.816205,0.226803,0.141711,0.66528,12.849,1,0.449681,1.31674,0,82.1673,4.71727,78.317,0.84672,12.849,0.84672,3695.15,0,36.966,0.269938,1.12084,1.94115,3.89251,1.04274,5.64182,0.42336,36.966,0.42336,423.524,0,1.02816,0,0,2.149,1.12084,1.028160,1,0,84.1006,0,0,0,84.1006,0
72.29,2.53049,0,0,3.92869,0.133305,1.2649,3.6288,61.308,0.447921,0,0,0.808305,0.231352,0.129032,0.66528,12.849,1,0.449775,1.2649,0,76.1685,4.7291,72.2545,0.84672,12.849,0.84672,3695.15,0,36.966,0.270076,1.10045,1.90718,3.6808,1.05542,5.36293,0.42336,36.966,0.42336,423.524,0,1.02816,0,0,2.12861,1.10045,1.028160,1,0,77.7465,0,0,0,77.7465,0
72.29,2.53102,0,0,3.51249,0.143139,0.838326,3.6288,61.308,0.44815,0,0,0.77745,0.228718,0.100581,0.66528,12.849,1,0.44987,0.838326,0,72.2097,4.55986,68.0383,0.84672,12.849,0.84672,3695.15,0,36.966,0.270215,1.19532,1.90758,3.40145,1.06195,5.17218,0.42336,36.966,0.42336,423.524,0,1.02816,0,0,2.22348,1.19532,1.028160,1,0,73.311,0,0,0,73.311,0
72.29,2.53156,0,0,3.36053,0.145505,0.683465,3.6288,61.308,0.44838,0,0,0.761421,0.230436,0.0826045,0.66528,12.849,1,0.449965,0.683465,0,67.0464,4.2009,63.079,0.84672,12.849,0.84672,3695.15,0,36.966,0.270353,1.17571,1.90798,3.21631,1.09732,4.93233,0.42336,36.966,0.42336,423.524,0,1.02816,0,0,2.20387,1.17571,1.028160,1,0,68.0939,0,0,0,68.0939,0
72.29,2.50941,0,0,3.14015,0.0956305,0.535104,3.6288,61.2098,0.479339,0,0,0.615616,0.234474,0,0.66528,12.849,1,0.446029,0.535104,0,51.492,4.33783,47.2432,0.84672,12.849,0.84672,3695.15,0,36.966,0.28902,0.738348,1.90839,2.77771,1.13991,3.99552,0.42336,36.966,0.42336,423.524,0,1.02816,0,0,1.76651,0.738348,1.028160,1,0,51.2387,0,0,0,51.2387,0
72.1777,2.50994,0,0,2.86044,0.0998861,0.36288,3.6288,61.004,0.479286,0,0,0.49529,0.221798,0,0.66528,12.849,1,0.446123,0.36288,0,41.9799,4.32033,37.5763,0.84672,12.849,0.84672,3695.15,0,36.966,0.289452,0.434411,1.94184,2.50449,1.13615,3.45515,0.42336,36.966,0.42336,423.524,0,1.02816,0,0,1.46257,0.434411,1.028160,1,0,41.0314,0,0,0,41.0314,0
71.7963,2.50988,0,0,2.59115,0.0998011,0.36288,3.6288,60.7769,0.478914,0,0,0.473289,0.22151,0,0.66528,12.849,1,0.446806,0.36288,0,41.2555,4.32033,36.8512,0.84672,12.849,0.84672,3695.15,0,36.966,0.290203,0.361722,1.94225,2.366,1.13615,3.24363,0.42336,36.966,0.42336,423.524,0,1.02816,0,0,1.38988,0.361722,1.028160,1,0,40.0949,0,0,0,40.0949,0
71.1896,2.5084,0,0,2.35927,0.0947693,0.36288,3.6288,60.4938,0.498568,0,0,0.447597,0.232123,0,0.66528,12.849,1,0.448914,0.36288,0,36.3169,4.46148,31.7694,0.84672,12.849,0.84672,3695.15,0,36.966,0.303241,0.261274,1.94266,2.2964,1.18767,3.00942,0.42336,36.966,0.42336,423.524,0,0.995846,0,0,1.25712,0.261274,1.028160,1,0,34.7788,0,0,0,34.7788,0
70.4516,2.56416,0,0,2.25574,0.066693,0.36288,3.6288,60.1106,0.505136,0,0,0.418204,0.296213,0,0.66528,12.849,1,0.462806,0.36288,0,32.7995,5.34805,27.3515,0.84672,12.849,0.84672,3695.15,0,36.966,0.308674,0.266319,1.94307,2.16271,1.49305,2.57038,0.42336,36.966,0.42336,423.524,0,1.02816,0,0,1.29448,0.266319,1.028160,1,0,29.9219,0,0,0,29.9219,0
69.7189,2.5606,0,0,2.26119,0.0704102,0.36288,3.6288,59.6945,0.504159,0,0,0.377758,0.289692,0,0.66528,12.849,1,0.467004,0.36288,0,30.9547,5.5861,25.2645,0.84672,12.849,0.84672,3695.15,0,36.966,0.31004,0.3524,1.99036,1.85171,1.4705,2.41393,0.42336,36.966,0.42336,423.524,0,1.02816,0,0,1.38056,0.3524,1.028160,1,0,27.6784,0,0,0,27.6784,0
68.8939,2.557,0,0,2.16498,0.0700132,0.36288,3.6288,59.2718,0.503064,0,0,0.369278,0.288924,0,0.66528,12.849,1,0.471248,0.36288,0,28.9665,5.5861,23.272,0.84672,12.849,0.84672,3695.15,0,36.966,0.311524,0.380255,1.99078,1.90314,1.4705,2.49215,0.42336,36.966,0.42336,423.524,0,1.02816,0,0,1.40842,0.380255,1.028160,1,0,25.7641,0,0,0,25.7641,0
67.7965,2.55278,0,0,1.88783,0.0695663,0.36288,3.6288,58.83,0.501935,0,0,0.348231,0.288144,0,0.66528,12.849,1,0.476104,0.36288,0,27.4436,5.5861,21.7442,0.84672,12.849,0.84672,3695.15,0,36.966,0.313041,0.249445,1.9912,1.81849,1.4705,2.27559,0.42336,36.966,0.42336,423.524,0,1.02816,0,0,1.27761,0.249445,1.028160,1,0,24.0198,0,0,0,24.0198,0
66.4447,2.66578,0,0,1.74103,0.0642374,0.36288,3.6288,58.2862,0.596182,0,0,0.342247,0.289878,0,0.66528,12.849,1,0.505227,0.36288,0,25.8905,5.66088,20.0872,0.84672,12.849,0.84672,3695.15,0,36.966,0.374613,0.227405,1.99162,1.80193,1.48544,2.1609,0.42336,36.966,0.42336,423.524,0,0.993755,0,0,1.22116,0.227405,1.028160,1,0,22.2481,0,0,0,22.2481,0
65.1285,2.65773,0,0,1.75611,0.0516804,0.36288,3.6288,57.5287,0.757308,0,0,0.303274,0.303469,0,0.66528,12.849,1,0.513949,0.36288,0,21.5312,6.11224,15.2679,0.84672,12.849,0.84672,3695.15,0,36.966,0.42336,0.227405,2.11206,1.55978,1.49706,1.97883,0.42336,36.966,0.42336,423.524,0,0.784296,0,0,1.0117,0.227405,1.028160,1,0,17.2467,0,0,0,17.2467,0
64.0418,2.64961,0,0,1.97992,0.054168,0.36288,3.6288,56.8077,0.733167,0,0,0.3079,0.295734,0,0.66528,12.849,1,0.522734,0.36288,0,21.4014,6.16003,15.0815,0.84672,12.849,0.84672,3695.15,0,36.966,0.42336,0.227405,2.1125,1.33855,1.48121,1.77388,0.42336,36.966,0.42336,423.524,0,0.808851,0,0,1.03626,0.227405,1.028160,1,0,16.8554,0,0,0,16.8554,0
62.6128,2.64278,0,0,1.63043,0.0536957,0.36288,3.6288,55.9501,0.831214,0,0,0.267988,0.294353,0,0.66528,12.849,1,0.530233,0.36288,0,26.5686,6.16003,20.2412,0.84672,12.849,0.84672,3695.15,0,36.966,0.42336,0.204422,2.11295,1.19418,1.48121,1.60698,0.42336,36.966,0.42336,423.524,0,0.711219,0,0,0.915641,0.204422,1.028160,1,0,21.8482,0,0,0,21.8482,0
61.3673,2.63329,0,0,1.80367,0.0530746,0.36288,3.6288,55.4402,0.585293,0,0,0.368132,0.29271,0,0.66528,12.849,1,0.540388,0.36288,0,22.779,6.16003,16.4415,0.84672,12.849,0.84672,3695.15,0,36.966,0.386701,0.204422,2.11339,1.42708,1.48121,1.87698,0.42336,36.966,0.42336,423.524,0,0.994213,0,0,1.19864,0.204422,1.028160,1,0,18.3185,0,0,0,18.3185,0
60.5939,2.54469,0,0,2.19625,0.0620429,0.36288,3.6288,55.106,0.506271,0,0,0.459388,0.287348,0,0.66528,12.849,1,0.532805,0.36288,0,26.5051,5.80697,20.5282,0.84672,12.849,0.84672,3695.15,0,36.966,0.337568,0.221512,2.11384,1.74822,1.38072,2.36528,0.42336,36.966,0.42336,423.524,0,1.02816,0,0,1.24967,0.221512,1.028160,1,0,22.8935,0,0,0,22.8935,0
59.9044,2.53962,0,0,2.28725,0.0742443,0.36288,3.6288,55.2714,0.505282,0,0,0.951575,0.280884,0,0.66528,12.849,1,0.538529,0.36288,0,26.4599,5.33621,20.9481,0.84672,12.849,0.84672,3695.15,0,36.966,0.338951,1.14941,2.02303,2.16543,1.24673,3.75219,0.42336,36.966,0.42336,423.524,0,1.02816,0,0,2.17757,1.14941,1.028160,1,0,24.7003,0,0,0,24.7003,0
58.9176,2.53505,0,0,1.98488,0.0737823,0.36288,3.6288,55.0107,0.506126,0,0,0.52657,0.281189,0,0.66528,12.849,1,0.543747,0.36288,0,27.1693,5.33621,21.6522,0.84672,12.849,0.84672,3695.15,0,36.966,0.338502,0.240347,2.02346,1.60619,1.24673,2.28476,0.42336,36.966,0.42336,423.524,0,1.02816,0,0,1.26851,0.240347,1.028160,1,0,23.9369,0,0,0,23.9369,0
57.8843,2.5281,0,0,1.9308,0.0730854,0.36288,3.6288,54.661,0.556075,0,0,0.487135,0.280708,0,0.66528,12.849,1,0.55134,0.36288,0,24.8186,5.33621,19.2939,0.84672,12.849,0.84672,3695.15,0,36.966,0.373671,0.216518,2.02388,1.57825,1.24673,2.19825,0.42336,36.966,0.42336,423.524,0,0.943436,0,0,1.15995,0.216518,1.028160,1,0,21.4922,0,0,0,21.4922,0
58.7059,2.50258,0,0,3.88146,0.19437,0.36288,3.6288,55.054,0.473375,0,0,1.04479,0.178392,0,0.66528,12.849,1,0.555516,0.36288,0,67.4812,3.88279,63.4057,0.84672,12.849,0.84672,3695.15,0,36.966,0.320133,0.639066,2.02431,3.97652,0.792445,5.52731,0.42336,36.966,0.42336,423.524,0,1.02816,0,0,1.66723,0.639066,1.028160,1,0,68.933,0,0,0,68.933,0
56.9405,2.50949,0,0,1.35048,0.243529,0.36288,3.6288,55.0226,0.474973,0,0,0.687554,0.244032,0,0.66528,12.849,1,0.549253,0.36288,0,36.4752,4.33587,31.953,0.84672,12.849,0.84672,3695.15,0,36.966,0.31892,0.50061,1.98051,2.90332,0.986223,4.0793,0.42336,36.966,0.42336,423.524,0,1.02816,0,0,1.52877,0.50061,1.028160,1,0,36.0323,0,0,0,36.0323,0
54.9238,2.49612,0,0,1.08165,0.239366,0.36288,3.6288,54.4534,0.794441,0,0,0.469276,0.243982,0,0.66528,12.849,1,0.563266,0.36288,0,30.7201,4.33587,26.1839,0.84672,12.849,0.84672,3695.15,0,36.966,0.42336,0.216518,1.98093,2.47014,0.986223,3.258,0.42336,36.966,0.42336,423.524,0,0.604636,0,0,0.821154,0.216518,1.028160,1,0,29.4419,0,0,0,29.4419,0
54.194,2.47988,0,0,2.34754,0.23461,0.36288,3.6288,54.7166,0.473335,0,0,0.979563,0.243068,0,0.66528,12.849,1,0.58015,0.36288,0,45.9663,4.33587,41.4131,0.84672,12.849,0.84672,3695.15,0,36.966,0.321326,0.8107,1.98134,3.57228,0.986223,5.05678,0.42336,36.966,0.42336,423.524,0,1.02816,0,0,1.83886,0.8107,1.028160,1,0,46.4699,0,0,0,46.4699,0
56.1072,2.28776,0,0,4.79675,0.232889,0.36288,3.6288,56.0035,0.365191,0,0,1.89563,0.24349,0,0.66528,12.849,1,0.542412,0.36288,0,92.0752,4.33587,87.5598,0.84672,12.849,0.84672,3695.15,0,36.966,0.246719,2.9881,1.98176,5.73537,0.986223,9.47229,0.42336,36.966,0.42336,423.524,0,1.02816,0,0,4.01626,2.9881,1.028160,1,0,97.0321,0,0,0,97.0321,0
57.5428,2.24291,0,0,4.28894,0.247567,0.36288,3.6288,56.4606,0.413517,0,0,1.12891,0.258347,0,0.66528,12.849,1,0.513645,0.36288,0,125.403,4.48309,120.77,0.84672,12.849,0.84672,3695.15,0,36.966,0.272948,1.18069,1.79749,3.87956,1.01498,5.56981,0.42336,36.966,0.42336,423.524,0,1.02816,0,0,2.20885,1.18069,1.028160,1,0,126.339,0,0,0,126.339,0
58.929,2.25416,0,0,4.25849,0.255222,0.36288,3.6288,56.9082,0.414853,0,0,1.12668,0.26425,0,0.66528,12.849,1,0.503342,0.36288,0,125.255,4.54198,120.572,0.84672,12.849,0.84672,3695.15,0,36.966,0.271613,2.07201,1.8413,4.83232,1.02649,7.44752,0.42336,36.966,0.42336,423.524,0,1.02816,0,0,3.10017,2.07201,1.028160,1,0,128.02,0,0,0,128.02,0
60.4865,2.26465,0,0,4.44372,0.258686,0.36288,3.6288,57.5259,0.416147,0,0,1.29895,0.265021,0,0.66528,12.849,1,0.49379,0.36288,0,134.504,4.54198,129.831,0.84672,12.849,0.84672,3695.15,0,36.966,0.270318,3.00478,1.84148,6.60063,1.02649,10.1501,0.42336,36.966,0.42336,423.524,0,1.02816,0,0,4.03294,3.00478,1.028160,1,0,139.981,0,0,0,139.981,0
62.4046,2.27592,0,0,4.81942,0.262524,0.36288,3.6288,57.9973,0.417915,0,0,1.15531,0.266086,0,0.66528,12.849,1,0.483468,0.36288,0,132.743,4.54198,128.081,0.84672,12.849,0.84672,3695.15,0,36.966,0.268551,1.70221,1.84165,4.66959,1.02649,6.91841,0.42336,36.966,0.42336,423.524,0,1.02816,0,0,2.73037,1.70221,1.028160,1,0,134.999,0,0,0,134.999,0
62.8103,2.28853,0,0,3.33655,0.279459,0.36288,3.6288,58.4382,0.419037,0,0,1.10163,0.241614,0,0.66528,12.849,1,0.471204,0.36288,0,91.0634,4.23608,86.719,0.84672,12.849,0.84672,3695.15,0,36.966,0.267083,1.04204,1.84183,3.2991,1.15592,4.75997,0.42336,36.966,0.42336,423.524,0,1.02816,0,0,2.0702,1.04204,1.028160,1,0,91.4789,0,0,0,91.4789,0
61.083,2.36522,0,0,1.24645,0.24563,0.36288,3.6288,58.5141,0.452995,0,0,0.717362,0.188455,0,0.66528,12.849,1,0.483849,0.36288,0,34.9294,3.34215,31.4662,0.84672,12.849,0.84672,3695.15,0,36.966,0.286549,0.975516,1.84163,2.85239,0.891996,4.49098,0.42336,36.966,0.42336,423.524,0,1.02816,0,0,2.00368,0.975516,1.028160,1,0,35.9572,0,0,0,35.9572,0
59.2202,2.39854,0,0,1.14075,0.242161,0.36288,3.6288,58.6472,0.420692,0,0,0.742297,0.188547,0,0.66528,12.849,1,0.504541,0.36288,0,32.1361,3.34215,28.6523,0.84672,12.849,0.84672,3695.15,0,36.966,0.26577,0.929465,1.89964,2.30293,0.891996,3.97427,0.42336,36.966,0.42336,423.524,0,1.02816,0,0,1.95763,0.929465,1.028160,1,0,32.6266,0,0,0,32.6266,0
58.7938,2.38627,0,0,2.56091,0.238109,0.36288,3.6288,58.9777,0.421062,0,0,0.940264,0.188709,0,0.66528,12.849,1,0.517748,0.36288,0,43.4349,3.34215,39.9379,0.84672,12.849,0.84672,3695.15,0,36.966,0.2654,1.46034,1.86875,4.21196,0.891996,6.38366,0.42336,36.966,0.42336,423.524,0,1.02816,0,0,2.4885,1.46034,1.028160,1,0,46.3216,0,0,0,46.3216,0
59.2962,2.38395,0,0,3.52866,0.279447,0.36288,3.6288,59.238,0.421976,0,0,0.875982,0.193738,0,0.66528,12.849,1,0.520997,0.36288,0,69.0832,3.61167,65.3134,0.84672,12.849,0.84672,3695.15,0,36.966,0.264486,1.2555,1.86893,4.07524,1.0428,5.89239,0.42336,36.966,0.42336,423.524,0,1.02816,0,0,2.28366,1.2555,1.028160,1,0,71.2058,0,0,0,71.2058,0
57.627,2.62277,0,0,1.59549,0.27907,0.36288,3.6288,58.9727,0.655525,0,0,0.53925,0.148951,0,0.66528,12.849,1,0.568333,0.36288,0,39.519,3.46416,35.8494,0.84672,12.849,0.84672,3695.15,0,36.966,0.409064,0.503194,1.8691,2.97273,0.971687,3.96428,0.42336,36.966,0.42336,423.524,0,0.849476,0,0,1.35267,0.503194,1.028160,1,0,39.8137,0,0,0,39.8137,0
55.6809,2.62487,0,0,1.31078,0.26907,0.36288,3.6288,59.096,0.533497,0,0,0.797417,0.140614,0,0.66528,12.849,1,0.585263,0.36288,0,31.1164,3.40589,27.4882,0.84672,12.849,0.84672,3695.15,0,36.966,0.334413,1.12698,2.07682,3.04096,0.940984,4.96935,0.42336,36.966,0.42336,423.524,0,1.02816,0,0,2.15514,1.12698,1.028160,1,0,32.4575,0,0,0,32.4575,0
55.3385,2.60877,0,0,2.89316,0.263946,0.36288,3.6288,59.0968,0.534162,0,0,0.675626,0.140725,0,0.66528,12.849,1,0.602004,0.36288,0,55.0159,3.40589,51.3709,0.84672,12.849,0.84672,3695.15,0,36.966,0.334131,1.41915,2.06648,3.94967,0.940984,6.16019,0.42336,36.966,0.42336,423.524,0,1.02816,0,0,2.44731,1.41915,1.028160,1,0,57.5311,0,0,0,57.5311,0
53.4237,2.60628,0,0,1.31219,0.257823,0.36288,3.6288,58.7196,0.65859,0,0,0.424196,0.142757,0,0.66528,12.849,1,0.605149,0.36288,0,27.1158,3.39339,23.4801,0.84672,12.849,0.84672,3695.15,0,36.966,0.411959,0.608429,2.0669,2.35281,0.932616,3.68356,0.42336,36.966,0.42336,423.524,0,0.826286,0,0,1.43472,0.608429,1.028160,1,0,27.1637,0,0,0,27.1637,0
53.3464,2.2611,0,0,2.83541,0.288703,0.36288,3.6288,58.8179,0.368933,0,0,0.606941,0.139752,0,0.66528,12.849,1,0.543821,0.36288,0,54.593,3.57672,50.8353,0.84672,12.849,0.84672,3695.15,0,36.966,0.232256,1.22856,2.06732,3.08966,0.918782,5.2345,0.42336,36.966,0.42336,423.524,0,1.02816,0,0,2.25672,1.22856,1.028160,1,0,56.0698,0,0,0,56.0698,0
52.9122,2.19248,0,0,2.42068,0.299558,0.36288,3.6288,58.7473,0.421527,0,0,0.488286,0.137369,0,0.66528,12.849,1,0.52808,0.36288,0,43.0333,3.61977,39.2484,0.84672,12.849,0.84672,3695.15,0,36.966,0.264922,0.694846,1.78448,2.4854,0.924845,3.77495,0.42336,36.966,0.42336,423.524,0,1.02816,0,0,1.72301,0.694846,1.028160,1,0,43.0233,0,0,0,43.0233,0
52.8898,2.18971,0,0,2.82842,0.298229,0.36288,3.6288,58.8206,0.421331,0,0,0.631971,0.137307,0,0.66528,12.849,1,0.531741,0.36288,0,53.968,3.61977,50.1794,0.84672,12.849,0.84672,3695.15,0,36.966,0.265118,0.953752,1.83454,3.53575,0.924845,5.13408,0.42336,36.966,0.42336,423.524,0,1.02816,0,0,1.98191,0.953752,1.028160,1,0,55.3135,0,0,0,55.3135,0
52.9544,1.9777,0,0,2.68193,0.27676,0.36288,3.6288,58.9654,0.327296,0,0,0.62997,0.157892,0,0.66528,12.849,1,0.480461,0.36288,0,54.0164,4.44465,49.4542,0.84672,12.849,0.84672,3695.15,0,36.966,0.20569,1.11821,1.83471,3.17291,1.10307,4.81708,0.42336,36.966,0.42336,423.524,0,1.02816,0,0,2.14637,1.11821,1.028160,1,0,54.2713,0,0,0,54.2713,0
54.7766,1.97885,0,0,4.42143,0.25747,0.36288,3.6288,59.3763,0.327588,0,0,0.906796,0.16827,0,0.66528,12.849,1,0.480154,0.36288,0,82.9889,4.7173,78.1544,0.84672,12.849,0.84672,3695.15,0,36.966,0.205368,1.79239,1.6668,5.36124,1.15871,7.45635,0.42336,36.966,0.42336,423.524,0,1.02816,0,0,2.82055,1.79239,1.028160,1,0,85.6107,0,0,0,85.6107,0
56.3039,2.06775,0,0,4.21553,0.257645,0.36288,3.6288,59.6604,0.365067,0,0,0.810954,0.161797,0,0.66528,12.849,1,0.485033,0.36288,0,101.87,4.25597,97.4918,0.84672,12.849,0.84672,3695.15,0,36.966,0.22728,2.45341,1.66694,5.45315,1.05469,8.29152,0.42336,36.966,0.42336,423.524,0,1.02816,0,0,3.48157,2.45341,1.028160,1,0,105.783,0,0,0,105.783,0
56.5578,2.13257,0,0,3.01102,0.261606,0.36288,3.6288,59.7883,0.325222,0,0,0.615165,0.162091,0,0.66528,12.849,1,0.486669,0.36288,0,70.6277,4.25597,66.2479,0.84672,12.849,0.84672,3695.15,0,36.966,0.20151,1.19406,1.73039,4.13677,1.05469,5.80502,0.42336,36.966,0.42336,423.524,0,1.02816,0,0,2.22222,1.19406,1.028160,1,0,72.0529,0,0,0,72.0529,0
56.4082,2.13506,0,0,2.58158,0.233256,0.36288,3.6288,59.7899,0.325468,0,0,0.498851,0.171723,0,0.66528,12.849,1,0.485051,0.36288,0,59.8712,4.26602,55.483,0.84672,12.849,0.84672,3695.15,0,36.966,0.201231,0.930709,1.69215,3.30603,1.06776,4.65991,0.42336,36.966,0.42336,423.524,0,1.02816,0,0,1.95887,0.930709,1.028160,1,0,60.143,0,0,0,60.143,0
56.0663,2.13473,0,0,2.41346,0.257824,0.36288,3.6288,59.7873,0.325452,0,0,0.4929,0.170082,0,0.66528,12.849,1,0.486261,0.36288,0,53.9902,4.43118,49.4357,0.84672,12.849,0.84672,3695.15,0,36.966,0.201215,0.868648,1.69229,3.1543,1.0533,4.46073,0.42336,36.966,0.42336,423.524,0,1.02816,0,0,1.89681,0.868648,1.028160,1,0,53.8964,0,0,0,53.8964,0
55.965,2.10344,0,0,2.57951,0.214446,0.36288,3.6288,59.9569,0.311153,0,0,0.692147,0.211395,0,0.66528,12.849,1,0.482056,0.36288,0,50.9708,5.44026,45.4114,0.84672,12.849,0.84672,3695.15,0,36.966,0.192384,1.186,1.69243,3.30475,1.25428,4.73652,0.42336,36.966,0.42336,423.524,0,1.02816,0,0,2.21416,1.186,1.028160,1,0,50.1479,0,0,0,50.1479,0
55.8122,2.0827,0,0,2.44953,0.156732,0.36288,3.6288,60.1327,0.32724,0,0,0.694501,0.191424,0,0.66528,12.849,1,0.478167,0.36288,0,56.3687,4.3563,51.8971,0.84672,12.849,0.84672,3695.15,0,36.966,0.201758,1.03375,1.66791,3.14394,1.12955,4.51429,0.42336,36.966,0.42336,423.524,0,1.02816,0,0,2.06191,1.03375,1.028160,1,0,56.4114,0,0,0,56.4114,0
55.4427,2.08234,0,0,2.22261,0.146926,0.36288,3.6288,60.3674,0.327586,0,0,0.750482,0.188268,0,0.66528,12.849,1,0.479392,0.36288,0,46.9191,4.17564,42.6269,0.84672,12.849,0.84672,3695.15,0,36.966,0.20138,0.837121,1.68297,2.94902,1.10876,4.15896,0.42336,36.966,0.42336,423.524,0,1.02816,0,0,1.86528,0.837121,1.028160,1,0,46.7859,0,0,0,46.7859,0
54.8259,2.25616,0,0,2.14869,0.146385,0.36288,3.6288,60.4381,0.40621,0,0,0.665491,0.188549,0,0.66528,12.849,1,0.522872,0.36288,0,41.4524,4.17564,37.1168,0.84672,12.849,0.84672,3695.15,0,36.966,0.248743,0.668131,1.6831,2.80212,1.10876,3.79585,0.42336,36.966,0.42336,423.524,0,1.02816,0,0,1.69629,0.668131,1.028160,1,0,40.9126,0,0,0,40.9126,0
54.0433,2.17683,0,0,1.88154,0.12444,0.36288,3.6288,60.4602,0.379044,0,0,0.618716,0.21758,0,0.66528,12.849,1,0.510162,0.36288,0,38.8868,4.67124,34.0683,0.84672,12.849,0.84672,3695.15,0,36.966,0.231836,0.717163,1.82116,2.49108,1.1611,3.63647,0.42336,36.966,0.42336,423.524,0,1.02816,0,0,1.74532,0.717163,1.028160,1,0,37.7048,0,0,0,37.7048,0
53.15,2.20427,0,0,1.78889,0.11511,0.36288,3.6288,60.4386,0.353973,0,0,0.561588,0.22919,0,0.66528,12.849,1,0.524074,0.36288,0,34.9831,4.86948,29.9524,0.84672,12.849,0.84672,3695.15,0,36.966,0.216423,0.573584,1.76986,2.26628,1.18204,3.21127,0.42336,36.966,0.42336,423.524,0,1.02816,0,0,1.60174,0.573584,1.028160,1,0,33.1637,0,0,0,33.1637,0
52.0918,2.19762,0,0,1.59208,0.0896808,0.36288,3.6288,60.3696,0.354126,0,0,0.53304,0.247942,0,0.66528,12.849,1,0.531275,0.36288,0,30.9486,5.08368,25.6965,0.84672,12.849,0.84672,3695.15,0,36.966,0.216593,0.506235,1.74634,2.20461,1.23677,3.00382,0.42336,36.966,0.42336,423.524,0,1.02816,0,0,1.53439,0.506235,1.028160,1,0,28.7003,0,0,0,28.7003,0
50.9763,2.18941,0,0,1.50732,0.0706178,0.36288,3.6288,60.2643,0.354172,0,0,0.510826,0.261914,0,0.66528,12.849,1,0.54004,0.36288,0,29.4889,5.24433,24.0674,0.84672,12.849,0.84672,3695.15,0,36.966,0.21687,0.415627,1.74669,2.18029,1.27781,2.84792,0.42336,36.966,0.42336,423.524,0,1.02816,0,0,1.44379,0.415627,1.028160,1,0,26.9154,0,0,0,26.9154,0
49.7774,2.18041,0,0,1.42093,0.0765229,0.36288,3.6288,60.0308,0.400759,0,0,0.432943,0.265759,0,0.66528,12.849,1,0.549591,0.36288,0,25.2755,5.22512,19.8637,0.84672,12.849,0.84672,3695.15,0,36.966,0.245825,0.30119,1.74704,1.96951,1.28712,2.4848,0.42336,36.966,0.42336,423.524,0,0.95294,0,0,1.25413,0.30119,1.028160,1,0,22.3485,0,0,0,22.3485,0
48.3134,2.37439,0,0,1.35768,0.0844105,0.36288,3.6288,59.4505,0.6584,0,0,0.348875,0.270716,0,0.66528,12.849,1,0.612899,0.36288,0,20.0858,5.19949,14.6363,0.84672,12.849,0.84672,3695.15,0,36.966,0.405432,0.30119,1.74739,1.63588,1.29952,1.97951,0.42336,36.966,0.42336,423.524,0,0.752043,0,0,1.05323,0.30119,1.028160,1,0,16.6158,0,0,0,16.6158,0
46.9952,2.13803,0,0,1.26582,0.0830902,0.36288,3.6288,58.9637,0.552337,0,0,0.33522,0.269715,0,0.66528,12.849,1,0.568611,0.36288,0,19.8201,5.19949,14.4148,0.84672,12.849,0.84672,3695.15,0,36.966,0.34344,0.261274,1.96276,1.67157,1.29952,2.25264,0.42336,36.966,0.42336,423.524,0,0.749503,0,0,1.01078,0.261274,1.028160,1,0,16.6675,0,0,0,16.6675,0
45.5711,2.12593,0,0,1.14665,0.0818991,0.36288,3.6288,58.4335,0.581669,0,0,0.320328,0.268875,0,0.66528,12.849,1,0.581253,0.36288,0,19.4783,5.19949,14.0604,0.84672,12.849,0.84672,3695.15,0,36.966,0.364665,0.261274,1.77837,1.57915,1.29952,1.9546,0.42336,36.966,0.42336,423.524,0,0.699278,0,0,0.960552,0.261274,1.028160,1,0,16.015,0,0,0,16.015,0
43.8437,2.33167,0,0,1.04401,0.0768948,0.36288,3.6288,57.6716,0.786092,0,0,0.30294,0.27873,0,0.66528,12.849,1,0.657425,0.36288,0,17.1464,5.34064,11.5112,0.84672,12.849,0.84672,3695.15,0,36.966,0.42336,0.261274,1.77873,1.53269,1.35104,1.79828,0.42336,36.966,0.42336,423.524,0,0.607522,0,0,0.868795,0.261274,1.028160,1,0,13.3095,0,0,0,13.3095,0
42.3413,2.14335,0,0,1.07158,0.0677382,0.36288,3.6288,56.9557,0.647116,0,0,0.235572,0.304317,0,0.66528,12.849,1,0.628137,0.36288,0,15.8501,5.79684,9.78798,0.84672,12.849,0.84672,3695.15,0,36.966,0.414784,0.261274,1.96395,1.21211,1.46798,1.55457,0.42336,36.966,0.42336,423.524,0,0.624603,0,0,0.885876,0.261274,1.028160,1,0,11.3426,0,0,0,11.3426,0
40.6168,2.34766,0,0,1.05253,0.0665749,0.36288,3.6288,56.0966,0.787731,0,0,0.231474,0.302907,0,0.66528,12.849,1,0.712426,0.36288,0,14.7985,5.79684,8.65212,0.84672,12.849,0.84672,3695.15,0,36.966,0.42336,0.261274,1.82237,1.23088,1.46798,1.42319,0.42336,36.966,0.42336,423.524,0,0.651033,0,0,0.912306,0.261274,1.028160,1,0,10.0753,0,0,0,10.0753,0
38.7788,2.32515,0,0,0.915296,0.0652396,0.36288,3.6288,55.1816,0.831263,0,0,0.217534,0.301216,0,0.66528,12.849,1,0.735554,0.36288,0,14.001,5.79684,7.83152,0.84672,12.849,0.84672,3695.15,0,36.966,0.42336,0.227405,2.01214,1.19783,1.46798,1.54604,0.42336,36.966,0.42336,423.524,0,0.607876,0,0,0.835281,0.227405,1.028160,1,0,9.37755,0,0,0,9.37755,0
36.8955,2.29943,0,0,0.842858,0.0638512,0.36288,3.6288,54.2207,0.874597,0,0,0.213139,0.299414,0,0.66528,12.849,1,0.761894,0.36288,0,13.205,5.79684,7.00918,0.84672,12.849,0.84672,3695.15,0,36.966,0.42336,0.227405,2.01254,1.18571,1.46798,1.53432,0.42336,36.966,0.42336,423.524,0,0.564918,0,0,0.792323,0.227405,1.028160,1,0,8.54349,0,0,0,8.54349,0
34.9165,2.3771,0,0,0.818346,0.0573099,0.36288,3.6288,52.9728,1.11707,0,0,0.185773,0.316672,0,0.66528,12.849,1,0.827835,0.36288,0,11.9636,6.25467,5.24401,0.84672,12.849,0.84672,3695.15,0,36.966,0.42336,0.227405,2.01295,1.09168,1.59109,1.31759,0.42336,36.966,0.42336,423.524,0,0.445141,0,0,0.672545,0.227405,1.028160,1,0,6.5616,0,0,0,6.5616,0
33.0569,2.35886,0,0,0.926173,0.0640267,0.36288,3.6288,51.6895,1.14202,0,0,0.178095,0.319352,0,0.66528,12.849,1,0.84672,0.36288,0,12.2377,6.33633,5.41753,0.84672,12.849,0.84672,3695.15,0,36.966,0.42336,0.227405,2.13466,0.97257,1.63113,1.28014,0.42336,36.966,0.42336,423.524,0,0.420595,0,0,0.648,0.227405,1.028160,1,0,6.69766,0,0,0,6.69766,0
31.0346,2.35951,0,0,0.762679,0.0625809,0.36288,3.6288,50.3336,1.19486,0,0,0.15501,0.316073,0,0.66528,12.849,1,0.84672,0.36288,0,15.1923,6.33633,8.37215,0.84672,12.849,0.84672,3695.15,0,36.966,0.42336,0.204422,2.13509,0.867682,1.63113,1.1527,0.42336,36.966,0.42336,423.524,0,0.368149,0,0,0.572571,0.204422,1.028160,1,0,9.52485,0,0,0,9.52485,0
29.0943,2.36016,0,0,0.843722,0.0610072,0.36288,3.6288,49.2156,1.01829,0,0,0.212933,0.312608,0,0.66528,12.849,1,0.84672,0.36288,0,13.0254,6.33633,6.20524,0.84672,12.849,0.84672,3695.15,0,36.966,0.42336,0.204422,2.13552,1.03689,1.63113,1.32234,0.42336,36.966,0.42336,423.524,0,0.545124,0,0,0.749547,0.204422,1.028160,1,0,7.52758,0,0,0,7.52758,0
27.1103,2.3608,0,0,0.803658,0.0639744,0.36288,3.6288,48.0226,1.06575,0,0,0.174092,0.301348,0,0.66528,12.849,1,0.84672,0.36288,0,16.6045,6.05373,10.067,0.84672,12.849,0.84672,3695.15,0,36.966,0.42336,0.204422,2.13595,1.07203,1.5995,1.38954,0.42336,36.966,0.42336,423.524,0,0.498064,0,0,0.702486,0.204422,1.028160,1,0,11.4565,0,0,0,11.4565,0
25.7642,2.26356,0,0,1.35364,0.0732766,0.36288,3.6288,47.5183,0.518117,0,0,0.291418,0.277582,0,0.66528,12.849,1,0.84672,0.36288,0,17.5875,5.34723,11.7564,0.84672,12.849,0.84672,3695.15,0,36.966,0.398827,0.204422,2.13638,1.25743,1.52042,1.67899,0.42336,36.966,0.42336,423.524,0,0.974998,0,0,1.17942,0.204422,1.028160,1,0,13.4354,0,0,0,13.4354,0
23.9265,2.26419,0,0,0.861244,0.071902,0.36288,3.6288,46.7103,0.736533,0,0,0.204948,0.276416,0,0.66528,12.849,1,0.84672,0.36288,0,26.8438,5.34723,21.0127,0.84672,12.849,0.84672,3695.15,0,36.966,0.42336,0.216518,2.04458,0.862104,1.52042,1.17943,0.42336,36.966,0.42336,423.524,0,0.73243,0,0,0.948949,0.216518,1.028160,1,0,22.1921,0,0,0,22.1921,0
21.935,2.26482,0,0,0.70619,0.0700254,0.36288,3.6288,45.5913,1.03159,0,0,0.187152,0.27454,0,0.66528,12.849,1,0.84672,0.36288,0,15.5731,5.34723,9.74201,0.84672,12.849,0.84672,3695.15,0,36.966,0.42336,0.216518,2.04499,0.616056,1.52042,0.933793,0.42336,36.966,0.42336,423.524,0,0.437754,0,0,0.654273,0.216518,1.028160,1,0,10.6758,0,0,0,10.6758,0
20.9313,2.26545,0,0,1.73745,0.112825,0.36288,3.6288,45.1344,0.477646,0,0,0.297683,0.276976,0,0.66528,12.849,1,0.84672,0.36288,0,20.7338,4.88403,15.366,0.84672,12.849,0.84672,3695.15,0,36.966,0.387281,0.442714,2.04541,1.6024,1.42085,2.28238,0.42336,36.966,0.42336,423.524,0,1.02816,0,0,1.47087,0.442714,1.028160,1,0,17.6484,0,0,0,17.6484,0
19.4975,2.24384,0,0,1.29984,0.126863,0.36288,3.6288,44.7756,0.44686,0,0,0.321213,0.23318,0,0.66528,12.849,1,0.84672,0.36288,0,20.8189,4.72217,15.6129,0.84672,12.849,0.84672,3695.15,0,36.966,0.365988,0.272246,2.04582,0.930471,1.15599,1.72656,0.42336,36.966,0.42336,423.524,0,1.02816,0,0,1.30041,0.272246,1.028160,1,0,17.3394,0,0,0,17.3394,0
18.2018,2.24447,0,0,1.43467,0.123063,0.36288,3.6288,44.4262,0.445457,0,0,0.319302,0.223266,0,0.66528,12.849,1,0.84672,0.36288,0,28.8195,4.72794,23.6077,0.84672,12.849,0.84672,3695.15,0,36.966,0.367762,0.289336,2.00153,1.48813,1.1234,2.28783,0.42336,36.966,0.42336,423.524,0,1.02816,0,0,1.3175,0.289336,1.028160,1,0,25.8956,0,0,0,25.8956,0
17.5184,2.24509,0,0,2.06334,0.138772,0.36288,3.6288,44.1847,0.444081,0,0,0.416603,0.214009,0,0.66528,12.849,1,0.84672,0.36288,0,43.2378,4.44198,38.312,0.84672,12.849,0.84672,3695.15,0,36.966,0.36951,0.552951,2.00194,1.4174,1.08187,2.52091,0.42336,36.966,0.42336,423.524,0,1.02816,0,0,1.58111,0.552951,1.028160,1,0,40.8329,0,0,0,40.8329,0
19.0174,2.24571,0,0,4.2583,0.150744,0.36288,3.6288,44.2475,0.443183,0,0,0.713121,0.207143,0,0.66528,12.849,1,0.84672,0.36288,0,47.7401,4.22751,43.0287,0.84672,12.849,0.84672,3695.15,0,36.966,0.370778,1.2012,2.00234,2.38931,1.05072,4.17135,0.42336,36.966,0.42336,423.524,0,1.02816,0,0,2.22936,1.2012,1.028160,1,0,47.2001,0,0,0,47.2001,0
20.1673,1.95955,0,0,3.61725,0.144895,0.36288,3.6288,44.2296,0.325839,0,0,0.491182,0.183196,0,0.66528,12.849,1,0.84672,0.36288,0,54.2271,4.43001,49.3133,0.84672,12.849,0.84672,3695.15,0,36.966,0.272219,0.958893,2.00274,2.52494,1.10086,4.1135,0.42336,36.966,0.42336,423.524,0,1.02816,0,0,1.98705,0.958893,1.028160,1,0,53.4268,0,0,0,53.4268,0
24.6867,1.68784,0,0,6.71042,0.140307,0.36288,3.6288,44.552,0.28893,0,0,0.776414,0.165115,0,0.66528,12.849,1,0.84672,0.36288,0,115.277,4.58188,110.211,0.84672,12.849,0.84672,3695.15,0,36.966,0.241481,1.41944,1.78231,3.57997,1.13846,5.40178,0.42336,36.966,0.42336,423.524,0,1.02816,0,0,2.4476,1.41944,1.028160,1,0,115.613,0,0,0,115.613,0
28.31,1.95802,0,0,6.09362,0.14939,0.36288,3.6288,44.5922,0.375167,0,0,0.58105,0.165617,0,0.66528,12.849,1,0.84672,0.36288,0,70.7499,4.58188,65.6842,0.84672,12.849,0.84672,3695.15,0,36.966,0.311287,1.28807,1.67913,3.34688,1.13846,4.86434,0.42336,36.966,0.42336,423.524,0,1.02816,0,0,2.31623,1.28807,1.028160,1,0,70.5485,0,0,0,70.5485,0
30.2512,1.95893,0,0,4.45067,0.187699,0.36288,3.6288,44.3166,0.375321,0,0,0.269537,0.169874,0,0.66528,12.849,1,0.84672,0.36288,0,81.3034,4.08501,76.7345,0.84672,12.849,0.84672,3695.15,0,36.966,0.311133,0.486657,1.85032,2.46316,1.0342,3.4548,0.42336,36.966,0.42336,423.524,0,1.02816,0,0,1.51482,0.486657,1.028160,1,0,80.1893,0,0,0,80.1893,0
32.1921,1.96987,0,0,4.47714,0.203505,0.36288,3.6288,44.0233,0.374266,0,0,0.255631,0.174705,0,0.66528,12.849,1,0.836691,0.36288,0,98.3508,3.88917,93.9879,0.84672,12.849,0.84672,3695.15,0,36.966,0.312188,0.546532,1.85049,2.44337,0.982349,3.54585,0.42336,36.966,0.42336,423.524,0,1.02816,0,0,1.57469,0.546532,1.028160,1,0,97.5337,0,0,0,97.5337,0
33.6396,1.87202,0,0,3.88057,0.198135,0.36288,3.6288,43.9114,0.314658,0,0,0.398573,0.195752,0,0.66528,12.849,1,0.747192,0.36288,0,69.1778,3.90663,64.8869,0.84672,12.849,0.84672,3695.15,0,36.966,0.264216,0.810726,1.85066,2.90758,0.921449,4.3833,0.42336,36.966,0.42336,423.524,0,1.02816,0,0,1.83889,0.810726,1.028160,1,0,69.2702,0,0,0,69.2702,0
35.8186,2.13587,0,0,4.87954,0.201737,0.36288,3.6288,44.0503,0.3727,0,0,0.707144,0.195546,0,0.66528,12.849,1,0.815819,0.36288,0,84.6331,3.90663,80.2735,0.84672,12.849,0.84672,3695.15,0,36.966,0.31375,1.31199,1.73244,3.65982,0.921449,5.46904,0.42336,36.966,0.42336,423.524,0,1.02816,0,0,2.34015,1.31199,1.028160,1,0,85.7426,0,0,0,85.7426,0
37.1208,1.96843,0,0,3.84066,0.207159,0.36288,3.6288,44.3826,0.285546,0,0,0.813686,0.195802,0,0.66528,12.849,1,0.706122,0.36288,0,73.4395,3.90663,69.1896,0.84672,12.849,0.84672,3695.15,0,36.966,0.239624,1.59593,1.87785,2.87778,0.921449,5.19049,0.42336,36.966,0.42336,423.524,0,1.02816,0,0,2.62409,1.59593,1.028160,1,0,74.3801,0,0,0,74.3801,0
37.5261,1.98746,0,0,2.96603,0.210399,0.36288,3.6288,44.5927,0.286508,0,0,0.692971,0.196416,0,0.66528,12.849,1,0.687938,0.36288,0,45.6772,3.90663,41.4455,0.84672,12.849,0.84672,3695.15,0,36.966,0.238631,1.27314,1.70131,2.47417,0.921449,4.28855,0.42336,36.966,0.42336,423.524,0,1.02816,0,0,2.3013,1.27314,1.028160,1,0,45.734,0,0,0,45.734,0
38.8142,2.18854,0,0,4.05953,0.220009,0.36288,3.6288,44.6262,0.386618,0,0,0.596512,0.176427,0,0.66528,12.849,1,0.749358,0.36288,0,70.6845,3.26185,67.0362,0.84672,12.849,0.84672,3695.15,0,36.966,0.320495,0.933129,1.70145,2.91987,0.805607,4.42835,0.42336,36.966,0.42336,423.524,0,1.02816,0,0,1.96129,0.933129,1.028160,1,0,71.4645,0,0,0,71.4645,0
40.1225,2.20764,0,0,4.10564,0.226837,0.36288,3.6288,44.7183,0.386932,0,0,0.647368,0.168329,0,0.66528,12.849,1,0.730815,0.36288,0,77.9432,3.00395,74.5713,0.84672,12.849,0.84672,3695.15,0,36.966,0.320515,1.08734,1.89123,3.27299,0.75927,5.17178,0.42336,36.966,0.42336,423.524,0,1.02816,0,0,2.1155,1.08734,1.028160,1,0,79.7431,0,0,0,79.7431,0
41.6464,2.22612,0,0,4.32604,0.213153,0.36288,3.6288,44.8114,0.387477,0,0,0.673593,0.193025,0,0.66528,12.849,1,0.712903,0.36288,0,78.6802,4.17508,74.1551,0.84672,12.849,0.84672,3695.15,0,36.966,0.320305,1.18244,1.8916,3.64549,1.15832,5.24091,0.42336,36.966,0.42336,423.524,0,1.02816,0,0,2.2106,1.18244,1.028160,1,0,79.396,0,0,0,79.396,0
43.4328,2.24649,0,0,4.58927,0.193533,0.36288,3.6288,44.92,0.388025,0,0,0.693951,0.197278,0,0.66528,12.849,1,0.693101,0.36288,0,83.7821,3.90108,79.5508,0.84672,12.849,0.84672,3695.15,0,36.966,0.320091,1.48101,1.89196,4.24082,0.988769,6.30493,0.42336,36.966,0.42336,423.524,0,1.02816,0,0,2.50917,1.48101,1.028160,1,0,85.8557,0,0,0,85.8557,0
46.1162,1.98133,0,0,5.24788,0.220205,0.36288,3.6288,44.9356,0.254128,0,0,0.45673,0.18699,0,0.66528,12.849,1,0.586149,0.36288,0,130.556,3.78601,126.546,0.84672,12.849,0.84672,3695.15,0,36.966,0.209129,1.10972,1.89233,4.46752,1.06119,6.19925,0.42336,36.966,0.42336,423.524,0,1.02816,0,0,2.13788,1.10972,1.028160,1,0,132.746,0,0,0,132.746,0
49.2737,1.95529,0,0,5.7267,0.25111,0.36288,3.6288,45.2749,0.291573,0,0,0.795314,0.16451,0,0.66528,12.849,1,0.544788,0.36288,0,193.363,3.41179,189.77,0.84672,12.849,0.84672,3695.15,0,36.966,0.239861,1.88915,1.63341,6.58378,0.980005,8.88649,0.42336,36.966,0.42336,423.524,0,1.02816,0,0,2.91731,1.88915,1.028160,1,0,198.656,0,0,0,198.656,0
51.7932,1.98363,0,0,5.1297,0.263646,0.36288,3.6288,45.3279,0.292546,0,0,0.496026,0.150429,0,0.66528,12.849,1,0.517267,0.36288,0,171.713,3.14297,168.416,0.84672,12.849,0.84672,3695.15,0,36.966,0.238858,1.36105,1.67346,4.6881,0.901071,6.58268,0.42336,36.966,0.42336,423.524,0,1.02816,0,0,2.38921,1.36105,1.028160,1,0,174.998,0,0,0,174.998,0
56.8406,2.00444,0,0,7.68545,0.270731,0.36288,3.6288,45.7749,0.292684,0,0,0.890145,0.150503,0,0.66528,12.849,1,0.497267,0.36288,0,163.32,3.14297,160.043,0.84672,12.849,0.84672,3695.15,0,36.966,0.238691,3.13388,1.67359,6.79031,0.901071,10.458,0.42336,36.966,0.42336,423.524,0,1.02816,0,0,4.16204,3.13388,1.028160,1,0,170.501,0,0,0,170.501,0
62.4004,2.25888,0,0,8.47084,0.289286,0.36288,3.6288,46.2965,0.379759,0,0,1.06469,0.163328,0,0.66528,12.849,1,0.510628,0.36288,0,153.659,3.23854,150.273,0.84672,12.849,0.84672,3695.15,0,36.966,0.306679,2.87715,1.67372,7.19687,0.980657,10.4604,0.42336,36.966,0.42336,423.524,0,1.02816,0,0,3.90531,2.87715,1.028160,1,0,160.733,0,0,0,160.733,0
63.6068,2.38329,0,0,4.2651,0.312537,0.36288,3.6288,46.0417,0.418534,0,0,0.33443,0.170624,0,0.66528,12.849,1,0.490748,0.36288,0,85.784,3.4385,82.2176,0.84672,12.849,0.84672,3695.15,0,36.966,0.334184,0.739912,1.8437,2.61154,1.07428,3.78669,0.42336,36.966,0.42336,423.524,0,1.02816,0,0,1.76807,0.739912,1.028160,1,0,86.0043,0,0,0,86.0043,0
65.1728,2.44691,0,0,4.69004,0.314268,0.36288,3.6288,46.1342,0.380752,0,0,0.633776,0.160591,0,0.66528,12.849,1,0.494292,0.36288,0,86.2056,3.4229,82.6513,0.84672,12.849,0.84672,3695.15,0,36.966,0.305698,1.20086,1.9145,2.4629,1.03214,4.24042,0.42336,36.966,0.42336,423.524,0,1.02816,0,0,2.22902,1.20086,1.028160,1,0,86.8917,0,0,0,86.8917,0
66.3967,2.45732,0,0,4.36243,0.318265,0.36288,3.6288,46.3346,0.381264,0,0,0.742458,0.160728,0,0.66528,12.849,1,0.484468,0.36288,0,97.8195,3.4229,94.275,0.84672,12.849,0.84672,3695.15,0,36.966,0.305496,1.24673,1.87589,3.58703,1.03214,5.37201,0.42336,36.966,0.42336,423.524,0,1.02816,0,0,2.27489,1.24673,1.028160,1,0,99.647,0,0,0,99.647,0
66.3909,2.46528,0,0,3.14096,0.318628,0.36288,3.6288,46.348,0.382183,0,0,0.549494,0.15395,0,0.66528,12.849,1,0.477077,0.36288,0,102.726,3.20706,99.4049,0.84672,12.849,0.84672,3695.15,0,36.966,0.304908,1.47245,1.87624,2.3217,1.00195,4.36354,0.42336,36.966,0.42336,423.524,0,1.02816,0,0,2.50061,1.47245,1.028160,1,0,103.768,0,0,0,103.768,0
66.6092,2.43173,0,0,3.29153,0.278582,0.36288,3.6288,46.4916,0.368084,0,0,0.685423,0.173737,0,0.66528,12.849,1,0.470627,0.36288,0,66.1694,3.0848,62.9769,0.84672,12.849,0.84672,3695.15,0,36.966,0.293575,1.39267,1.8766,2.09689,0.988396,4.08419,0.42336,36.966,0.42336,423.524,0,1.02816,0,0,2.42083,1.39267,1.028160,1,0,67.0611,0,0,0,67.0611,0
66.3891,2.41299,0,0,2.83475,0.279065,0.36288,3.6288,46.5712,0.382397,0,0,0.635989,0.173967,0,0.66528,12.849,1,0.465469,0.36288,0,59.3465,3.0848,56.1591,0.84672,12.849,0.84672,3695.15,0,36.966,0.304048,1.12683,1.84946,1.96042,0.988396,3.64426,0.42336,36.966,0.42336,423.524,0,1.02816,0,0,2.15499,1.12683,1.028160,1,0,59.8034,0,0,0,59.8034,0
66.2319,2.41244,0,0,2.89672,0.278578,0.36288,3.6288,46.6055,0.382687,0,0,0.591054,0.174095,0,0.66528,12.849,1,0.466906,0.36288,0,60.3186,3.0848,57.1298,0.84672,12.849,0.84672,3695.15,0,36.966,0.303759,0.661288,1.86413,2.0529,0.988396,3.28616,0.42336,36.966,0.42336,423.524,0,1.02816,0,0,1.68945,0.661288,1.028160,1,0,60.4159,0,0,0,60.4159,0
66.1606,2.41225,0,0,2.932,0.228159,0.36288,3.6288,46.6252,0.382812,0,0,0.598405,0.19591,0,0.66528,12.849,1,0.467977,0.36288,0,62.1103,3.40003,58.6052,0.84672,12.849,0.84672,3695.15,0,36.966,0.303634,0.882144,1.86429,2.01008,1.05683,3.39604,0.42336,36.966,0.42336,423.524,0,1.02816,0,0,1.9103,0.882144,1.028160,1,0,62.0012,0,0,0,62.0012,0
65.3912,2.52795,0,0,2.34578,0.224327,0.36288,3.6288,46.4529,0.433881,0,0,0.453304,0.191727,0,0.66528,12.849,1,0.490951,0.36288,0,43.9513,3.55162,40.2716,0.84672,12.849,0.84672,3695.15,0,36.966,0.343996,0.621009,1.86446,1.50926,1.0732,2.57753,0.42336,36.966,0.42336,423.524,0,1.02816,0,0,1.64917,0.621009,1.028160,1,0,42.8492,0,0,0,42.8492,0
64.2182,2.54324,0,0,1.93039,0.197293,0.36288,3.6288,46.2667,0.420285,0,0,0.415855,0.181767,0,0.66528,12.849,1,0.499732,0.36288,0,32.7332,3.68697,28.9093,0.84672,12.849,0.84672,3695.15,0,36.966,0.334452,0.453557,1.96109,1.31484,0.98481,2.41023,0.42336,36.966,0.42336,423.524,0,1.02816,0,0,1.48172,0.453557,1.028160,1,0,31.3196,0,0,0,31.3196,0
62.9975,2.53612,0,0,1.87373,0.19544,0.36288,3.6288,46.1071,0.419727,0,0,0.441635,0.181454,0,0.66528,12.849,1,0.507436,0.36288,0,31.1997,3.68697,27.3682,0.84672,12.849,0.84672,3695.15,0,36.966,0.335352,0.436553,1.94772,1.39872,0.98481,2.46283,0.42336,36.966,0.42336,423.524,0,1.02816,0,0,1.46471,0.436553,1.028160,1,0,29.831,0,0,0,29.831,0
61.6903,2.52844,0,0,1.77761,0.193511,0.36288,3.6288,45.9358,0.419274,0,0,0.429163,0.181187,0,0.66528,12.849,1,0.515702,0.36288,0,29.3037,3.68697,25.4639,0.84672,12.849,0.84672,3695.15,0,36.966,0.336149,0.374198,1.94809,1.2932,0.98481,2.29453,0.42336,36.966,0.42336,423.524,0,1.02816,0,0,1.40236,0.374198,1.028160,1,0,27.7584,0,0,0,27.7584,0
60.3088,2.51988,0,0,1.67335,0.172067,0.36288,3.6288,45.7314,0.41877,0,0,0.397965,0.183583,0,0.66528,12.849,1,0.524847,0.36288,0,29.267,3.90543,25.1997,0.84672,12.849,0.84672,3695.15,0,36.966,0.336997,0.322972,1.94847,1.43636,1.02309,2.34772,0.42336,36.966,0.42336,423.524,0,1.02816,0,0,1.35113,0.322972,1.028160,1,0,27.5474,0,0,0,27.5474,0
58.9385,2.48797,0,0,1.60276,0.122208,0.36288,3.6288,45.4626,0.445943,0,0,0.367061,0.189931,0,0.66528,12.849,1,0.530071,0.36288,0,34.5148,4.45158,29.896,0.84672,12.849,0.84672,3695.15,0,36.966,0.360468,0.470465,1.94884,1.8479,1.11879,2.78796,0.42336,36.966,0.42336,423.524,0,1.02816,0,0,1.49863,0.470465,1.028160,1,0,32.684,0,0,0,32.684,0
57.4317,2.47833,0,0,1.45504,0.120612,0.36288,3.6288,45.175,0.444962,0,0,0.346762,0.189456,0,0.66528,12.849,1,0.540293,0.36288,0,33.489,4.45158,28.86,0.84672,12.849,0.84672,3695.15,0,36.966,0.361802,0.323447,1.98297,1.73701,1.11879,2.56284,0.42336,36.966,0.42336,423.524,0,1.02816,0,0,1.35161,0.323447,1.028160,1,0,31.4228,0,0,0,31.4228,0
55.8235,2.46722,0,0,1.33232,0.110438,0.36288,3.6288,44.8527,0.44389,0,0,0.330029,0.208388,0,0.66528,12.849,1,0.551983,0.36288,0,29.5331,4.73388,24.6101,0.84672,12.849,0.84672,3695.15,0,36.966,0.363228,0.267996,1.98335,1.68689,1.22183,2.35318,0.42336,36.966,0.42336,423.524,0,1.02816,0,0,1.29616,0.267996,1.028160,1,0,26.9633,0,0,0,26.9633,0
54.1757,2.45477,0,0,1.25781,0.0879848,0.36288,3.6288,44.4531,0.451392,0,0,0.30799,0.256213,0,0.66528,12.849,1,0.565019,0.36288,0,26.2673,5.43963,20.6256,0.84672,12.849,0.84672,3695.15,0,36.966,0.372021,0.261274,1.98373,1.60909,1.47944,2.00263,0.42336,36.966,0.42336,423.524,0,1.01222,0,0,1.27349,0.261274,1.028160,1,0,22.6282,0,0,0,22.6282,0
52.2731,2.49832,0,0,1.03908,0.080429,0.36288,3.6288,43.6831,0.746658,0,0,0.244287,0.267614,0,0.66528,12.849,1,0.592534,0.36288,0,23.7475,5.58102,17.9368,0.84672,12.849,0.84672,3695.15,0,36.966,0.42336,0.261274,1.98412,1.40608,1.46014,1.76797,0.42336,36.966,0.42336,423.524,0,0.71083,0,0,0.972104,0.261274,1.028160,1,0,19.7048,0,0,0,19.7048,0
50.3467,2.48149,0,0,0.995812,0.0778803,0.36288,3.6288,42.8631,0.782289,0,0,0.230026,0.267721,0,0.66528,12.849,1,0.609963,0.36288,0,22.0219,5.60458,16.1702,0.84672,12.849,0.84672,3695.15,0,36.966,0.42336,0.261274,2.03237,1.39323,1.45692,1.8066,0.42336,36.966,0.42336,423.524,0,0.675562,0,0,0.936835,0.261274,1.028160,1,0,17.9768,0,0,0,17.9768,0
48.3101,2.46337,0,0,0.865996,0.076331,0.36288,3.6288,41.9858,0.827882,0,0,0.216172,0.265642,0,0.66528,12.849,1,0.628678,0.36288,0,20.8348,5.60458,14.9645,0.84672,12.849,0.84672,3695.15,0,36.966,0.42336,0.227405,2.03276,1.35583,1.45692,1.73572,0.42336,36.966,0.42336,423.524,0,0.630331,0,0,0.857736,0.227405,1.028160,1,0,16.7002,0,0,0,16.7002,0
46.2271,2.44291,0,0,0.797446,0.0746837,0.36288,3.6288,41.0618,0.872377,0,0,0.211805,0.263418,0,0.66528,12.849,1,0.649738,0.36288,0,19.6504,5.60458,13.7589,0.84672,12.849,0.84672,3695.15,0,36.966,0.42336,0.227405,2.03315,1.3421,1.45692,1.72238,0.42336,36.966,0.42336,423.524,0,0.586198,0,0,0.813603,0.227405,1.028160,1,0,15.4813,0,0,0,15.4813,0
43.9576,2.5335,0,0,0.682569,0.0556757,0.36288,3.6288,40.0448,0.962693,0,0,0.208004,0.262361,0,0.66528,12.849,1,0.704198,0.36288,0,18.4297,5.87322,12.2152,0.84672,12.849,0.84672,3695.15,0,36.966,0.42336,0.227405,2.03354,1.29823,1.47303,1.6628,0.42336,36.966,0.42336,423.524,0,0.619816,0,0,0.847221,0.227405,1.028160,1,0,13.878,0,0,0,13.878,0
41.6598,2.50585,0,0,0.630585,0.0595915,0.36288,3.6288,39.0392,0.945151,0,0,0.187188,0.24756,0,0.66528,12.849,1,0.732472,0.36288,0,16.6258,5.66716,10.589,0.84672,12.849,0.84672,3695.15,0,36.966,0.42336,0.227405,2.15648,1.29595,1.4244,1.83208,0.42336,36.966,0.42336,423.524,0,0.637744,0,0,0.865149,0.227405,1.028160,1,0,12.4211,0,0,0,12.4211,0
39.3807,2.47545,0,0,0.617221,0.0580284,0.36288,3.6288,37.9979,0.971155,0,0,0.175017,0.245221,0,0.66528,12.849,1,0.763495,0.36288,0,15.1716,5.66716,9.1038,0.84672,12.849,0.84672,3695.15,0,36.966,0.42336,0.204422,2.15689,1.30073,1.4244,1.81429,0.42336,36.966,0.42336,423.524,0,0.612127,0,0,0.816549,0.204422,1.028160,1,0,10.9181,0,0,0,10.9181,0
37.4154,2.44261,0,0,0.89672,0.0564907,0.36288,3.6288,37.1298,0.826415,0,0,0.2011,0.242798,0,0.66528,12.849,1,0.796965,0.36288,0,17.2795,5.66716,11.1782,0.84672,12.849,0.84672,3695.15,0,36.966,0.42336,0.204422,2.15731,1.44214,1.4244,1.95612,0.42336,36.966,0.42336,423.524,0,0.757253,0,0,0.961675,0.204422,1.028160,1,0,13.1344,0,0,0,13.1344,0
35.7448,2.41191,0,0,1.17827,0.0740882,0.36288,3.6288,36.5244,0.631123,0,0,0.257827,0.232077,0,0.66528,12.849,1,0.828285,0.36288,0,25.5595,5.4636,19.6305,0.84672,12.849,0.84672,3695.15,0,36.966,0.42336,0.204422,2.15773,1.57186,1.36633,2.14432,0.42336,36.966,0.42336,423.524,0,0.952931,0,0,1.15735,0.204422,1.028160,1,0,21.7749,0,0,0,21.7749,0
33.7081,2.31116,0,0,0.684055,0.0467451,0.36288,3.6288,36.0409,0.459677,0,0,0.1971,0.220906,0,0.66528,12.849,1,0.83078,0.36288,0,10.0617,5.22165,4.37216,0.84672,12.849,0.84672,3695.15,0,36.966,0.42336,0.57164,2.15814,1.14223,1.17443,2.27422,0.42336,36.966,0.42336,423.524,0,1.02816,0,0,1.5998,0.57164,1.028160,1,0,6.64638,0,0,0,6.64638,0
31.5843,2.29582,0,0,0.580452,0.0456005,0.36288,3.6288,35.5407,0.460045,0,0,0.179667,0.219868,0,0.66528,12.849,1,0.84672,0.36288,0,9.29725,5.22165,3.59175,0.84672,12.849,0.84672,3695.15,0,36.966,0.42336,0.426272,2.06539,1.08689,1.17443,1.98076,0.42336,36.966,0.42336,423.524,0,1.02816,0,0,1.45443,0.426272,1.028160,1,0,5.57251,0,0,0,5.57251,0
30.0402,2.29643,0,0,1.23761,0.122328,0.36288,3.6288,35.2636,0.460413,0,0,0.328669,0.145297,0,0.66528,12.849,1,0.84672,0.36288,0,20.4661,3.97587,16.0064,0.84672,12.849,0.84672,3695.15,0,36.966,0.42336,0.924316,2.06579,2.40824,0.785043,4.18994,0.42336,36.966,0.42336,423.524,0,1.02816,0,0,1.95248,0.924316,1.028160,1,0,20.1963,0,0,0,20.1963,0
29.3262,2.29703,0,0,2.07848,0.132605,0.36288,3.6288,35.0588,0.460781,0,0,0.388676,0.132686,0,0.66528,12.849,1,0.84672,0.36288,0,31.0699,3.76824,26.8178,0.84672,12.849,0.84672,3695.15,0,36.966,0.42336,1.46191,2.06619,2.18139,0.720145,4.56598,0.42336,36.966,0.42336,423.524,0,1.02816,0,0,2.49007,1.46191,1.028160,1,0,31.3838,0,0,0,31.3838,0
28.1561,2.27519,0,0,1.61901,0.151001,0.36288,3.6288,34.7772,0.408158,0,0,0.319718,0.193201,0,0.66528,12.849,1,0.84672,0.36288,0,21.125,4.20849,16.4326,0.84672,12.849,0.84672,3695.15,0,36.966,0.42336,0.696747,2.06658,1.80018,0.954779,3.18537,0.42336,36.966,0.42336,423.524,0,1.02816,0,0,1.72491,0.696747,1.028160,1,0,19.618,0,0,0,19.618,0
27.242,2.27579,0,0,1.88089,0.156354,0.36288,3.6288,34.4842,0.408516,0,0,0.332446,0.21691,0,0.66528,12.849,1,0.84672,0.36288,0,21.7004,4.38459,16.832,0.84672,12.849,0.84672,3695.15,0,36.966,0.42336,0.623229,2.02183,3.26573,1.04863,4.4388,0.42336,36.966,0.42336,423.524,0,1.02816,0,0,1.65139,0.623229,1.028160,1,0,21.2708,0,0,0,21.2708,0
27.0364,2.27639,0,0,2.59827,0.16457,0.36288,3.6288,34.3039,0.408874,0,0,0.441003,0.212408,0,0.66528,12.849,1,0.84672,0.36288,0,37.0761,4.24161,32.3506,0.84672,12.849,0.84672,3695.15,0,36.966,0.42336,1.12946,2.02222,3.12692,1.02787,4.82738,0.42336,36.966,0.42336,423.524,0,1.02816,0,0,2.15762,1.12946,1.028160,1,0,37.178,0,0,0,37.178,0
29.9916,2.27699,0,0,5.78448,0.189475,0.36288,3.6288,34.5916,0.409232,0,0,0.899253,0.202361,0,0.66528,12.849,1,0.84672,0.36288,0,44.9717,3.88416,40.6037,0.84672,12.849,0.84672,3695.15,0,36.966,0.42336,2.06791,2.02261,5.7467,0.975952,8.43791,0.42336,36.966,0.42336,423.524,0,1.02816,0,0,3.09607,2.06791,1.028160,1,0,49.0416,0,0,0,49.0416,0
32.4479,2.04229,0,0,5.05122,0.189727,0.36288,3.6288,34.6975,0.312286,0,0,0.605688,0.187475,0,0.66528,12.849,1,0.84672,0.36288,0,38.8253,3.86623,34.4752,0.84672,12.849,0.84672,3695.15,0,36.966,0.333722,1.85382,2.023,4.5359,0.98663,7.09237,0.42336,36.966,0.42336,423.524,0,1.02816,0,0,2.88198,1.85382,1.028160,1,0,41.5676,0,0,0,41.5676,0
36.2955,2.04118,0,0,6.46231,0.210651,0.36288,3.6288,35.1536,0.332357,0,0,0.948682,0.160258,0,0.66528,12.849,1,0.808283,0.36288,0,64.1931,3.83208,59.9156,0.84672,12.849,0.84672,3695.15,0,36.966,0.354086,2.64617,1.83486,6.30499,0.989184,9.44275,0.42336,36.966,0.42336,423.524,0,1.02816,0,0,3.67433,2.64617,1.028160,1,0,69.3584,0,0,0,69.3584,0
39.851,2.10511,0,0,6.24434,0.220797,0.36288,3.6288,35.4603,0.334596,0,0,0.802323,0.160982,0,0.66528,12.849,1,0.745231,0.36288,0,43.4911,3.83208,39.2767,0.84672,12.849,0.84672,3695.15,0,36.966,0.351847,2.0843,1.85869,5.30448,0.989184,7.90643,0.42336,36.966,0.42336,423.524,0,1.02816,0,0,3.11246,2.0843,1.028160,1,0,47.1831,0,0,0,47.1831,0
42.6746,2.15605,0,0,5.57264,0.230178,0.36288,3.6288,35.7984,0.336086,0,0,0.835671,0.161468,0,0.66528,12.849,1,0.695166,0.36288,0,55.6665,3.83208,51.5021,0.84672,12.849,0.84672,3695.15,0,36.966,0.350356,2.25234,1.85885,5.56409,0.989184,8.33575,0.42336,36.966,0.42336,423.524,0,1.02816,0,0,3.2805,2.25234,1.028160,1,0,59.8379,0,0,0,59.8379,0
49.5002,2.19208,0,0,9.61641,0.235834,0.36288,3.6288,36.1504,0.337714,0,0,0.877838,0.188183,0,0.66528,12.849,1,0.660018,0.36288,0,48.7325,4.82433,43.611,0.84672,12.849,0.84672,3695.15,0,36.966,0.348728,2.7179,1.85902,6.06383,1.29722,8.9948,0.42336,36.966,0.42336,423.524,0,1.02816,0,0,3.74606,2.7179,1.028160,1,0,52.6058,0,0,0,52.6058,0
49.5903,2.33694,0,0,3.02459,0.234603,0.36288,3.6288,36.4514,0.366179,0,0,0.800337,0.133121,0,0.66528,12.849,1,0.606611,0.36288,0,45.6044,3.71112,41.6496,0.84672,12.849,0.84672,3695.15,0,36.966,0.374441,1.75917,1.85918,4.51039,0.823827,6.93048,0.42336,36.966,0.42336,423.524,0,1.02816,0,0,2.78733,1.75917,1.028160,1,0,48.5801,0,0,0,48.5801,0
49.0973,2.36909,0,0,2.47379,0.234828,0.36288,3.6288,36.6759,0.348597,0,0,0.706616,0.133512,0,0.66528,12.849,1,0.613837,0.36288,0,56.4235,3.71112,52.4614,0.84672,12.849,0.84672,3695.15,0,36.966,0.353518,1.22984,1.91818,4.63076,0.823827,6.60144,0.42336,36.966,0.42336,423.524,0,1.02816,0,0,2.258,1.22984,1.028160,1,0,59.0629,0,0,0,59.0629,0
50.6826,2.36464,0,0,4.54639,0.233589,0.36288,3.6288,37.47,0.349833,0,0,1.27767,0.133804,0,0.66528,12.849,1,0.618836,0.36288,0,94.7704,3.71112,90.8034,0.84672,12.849,0.84672,3695.15,0,36.966,0.3526,1.84558,1.89581,5.2771,0.823827,7.84207,0.42336,36.966,0.42336,423.524,0,1.02816,0,0,2.87374,1.84558,1.028160,1,0,98.6454,0,0,0,98.6454,0
52.5365,2.38052,0,0,4.83485,0.237552,0.36288,3.6288,38.7314,0.353755,0,0,1.75006,0.134835,0,0.66528,12.849,1,0.603506,0.36288,0,89.1458,3.71112,85.194,0.84672,12.849,0.84672,3695.15,0,36.966,0.348997,3.0368,1.89616,6.19281,0.823827,9.95294,0.42336,36.966,0.42336,423.524,0,1.02816,0,0,4.06496,3.0368,1.028160,1,0,95.147,0,0,0,95.147,0
53.4823,2.58242,0,0,4.14666,0.255572,0.36288,3.6288,39.8436,0.446842,0,0,1.68261,0.123581,0,0.66528,12.849,1,0.63159,0.36288,0,101.967,3.92889,97.7693,0.84672,12.849,0.84672,3695.15,0,36.966,0.42336,2.88663,1.89651,6.34097,0.753017,9.94773,0.42336,36.966,0.42336,423.524,0,1.02816,0,0,3.91479,2.88663,1.028160,1,0,107.717,0,0,0,107.717,0
53.1376,2.5919,0,0,2.85832,0.248224,0.36288,3.6288,40.2482,0.451583,0,0,1.00033,0.144191,0,0.66528,12.849,1,0.622699,0.36288,0,61.6209,3.98244,57.3787,0.84672,12.849,0.84672,3695.15,0,36.966,0.418968,1.07673,2.06898,4.44886,0.895762,6.27984,0.42336,36.966,0.42336,423.524,0,1.02816,0,0,2.10489,1.07673,1.028160,1,0,63.6585,0,0,0,63.6585,0
53.4169,2.58913,0,0,3.49603,0.264744,0.36288,3.6288,40.8552,0.45396,0,0,1.21228,0.151331,0,0.66528,12.849,1,0.626066,0.36288,0,66.7239,4.16928,62.2914,0.84672,12.849,0.84672,3695.15,0,36.966,0.41694,1.47404,2.06936,5.01448,0.983187,7.15776,0.42336,36.966,0.42336,423.524,0,1.02816,0,0,2.5022,1.47404,1.028160,1,0,69.4492,0,0,0,69.4492,0
53.6064,2.59224,0,0,3.41455,0.269934,0.36288,3.6288,41.2198,0.457395,0,0,0.97213,0.150124,0,0.66528,12.849,1,0.623543,0.36288,0,78.0157,4.20609,73.549,0.84672,12.849,0.84672,3695.15,0,36.966,0.413854,1.37987,2.06974,4.56804,0.975056,6.62874,0.42336,36.966,0.42336,423.524,0,1.02816,0,0,2.40803,1.37987,1.028160,1,0,80.1777,0,0,0,80.1777,0
53.5096,2.3091,0,0,2.86197,0.286775,0.36288,3.6288,41.6375,0.334602,0,0,0.895453,0.143148,0,0.66528,12.849,1,0.553471,0.36288,0,61.6695,3.85359,57.6253,0.84672,12.849,0.84672,3695.15,0,36.966,0.300072,1.58116,2.07012,4.195,0.875489,6.67072,0.42336,36.966,0.42336,423.524,0,1.02816,0,0,2.60932,1.58116,1.028160,1,0,64.296,0,0,0,64.296,0
54.0571,2.26723,0,0,3.47636,0.29872,0.36288,3.6288,42.1491,0.36361,0,0,1.01332,0.138073,0,0.66528,12.849,1,0.544419,0.36288,0,79.0948,3.58921,75.324,0.84672,12.849,0.84672,3695.15,0,36.966,0.322815,2.27534,1.82115,5.13252,0.800813,8.10538,0.42336,36.966,0.42336,423.524,0,1.02816,0,0,3.3035,2.27534,1.028160,1,0,83.4294,0,0,0,83.4294,0
56.0979,2.05457,0,0,4.75865,0.300387,0.36288,3.6288,42.6896,0.282279,0,0,0.96157,0.138755,0,0.66528,12.849,1,0.488358,0.36288,0,104.213,3.58921,100.498,0.84672,12.849,0.84672,3695.15,0,36.966,0.247567,2.25952,1.85159,5.80743,0.800813,8.87015,0.42336,36.966,0.42336,423.524,0,1.02816,0,0,3.28768,2.25952,1.028160,1,0,109.369,0,0,0,109.369,0
56.7931,2.28902,0,0,3.64833,0.301223,0.36288,3.6288,43.0664,0.367874,0,0,0.912934,0.168313,0,0.66528,12.849,1,0.524291,0.36288,0,78.2879,4.32968,73.7968,0.84672,12.849,0.84672,3695.15,0,36.966,0.318551,2.47325,1.68026,5.53589,1.00265,8.3682,0.42336,36.966,0.42336,423.524,0,1.02816,0,0,3.50141,2.47325,1.028160,1,0,82.165,0,0,0,82.165,0
58.8244,2.07504,0,0,4.76823,0.29906,0.36288,3.6288,43.8623,0.285086,0,0,1.26887,0.187825,0,0.66528,12.849,1,0.46946,0.36288,0,99.023,4.8443,94.0722,0.84672,12.849,0.84672,3695.15,0,36.966,0.244703,2.88433,1.8519,6.1166,1.15146,9.45667,0.42336,36.966,0.42336,423.524,0,1.02816,0,0,3.91249,2.88433,1.028160,1,0,103.529,0,0,0,103.529,0
60.9829,2.16682,0,0,4.99219,0.303953,0.36288,3.6288,44.894,0.320386,0,0,1.52436,0.172321,0,0.66528,12.849,1,0.473297,0.36288,0,149.647,4.59994,144.936,0.84672,12.849,0.84672,3695.15,0,36.966,0.270013,4.24924,1.68051,7.9014,1.13609,12.425,0.42336,36.966,0.42336,423.524,0,1.02816,0,0,5.2774,4.24924,1.028160,1,0,157.361,0,0,0,157.361,0
62.2889,2.45349,0,0,4.43234,0.310052,0.36288,3.6288,45.4578,0.385795,0,0,1.12361,0.174002,0,0.66528,12.849,1,0.516946,0.36288,0,100.344,4.59994,95.5901,0.84672,12.849,0.84672,3695.15,0,36.966,0.317666,3.07111,1.74526,5.90437,1.13609,9.26698,0.42336,36.966,0.42336,423.524,0,1.02816,0,0,4.09927,3.07111,1.028160,1,0,104.857,0,0,0,104.857,0
63.3727,2.46293,0,0,4.13592,0.226247,0.36288,3.6288,45.8763,0.388143,0,0,0.981606,0.174973,0,0.66528,12.849,1,0.508055,0.36288,0,91.3032,4.34458,86.8134,0.84672,12.849,0.84672,3695.15,0,36.966,0.315636,2.59968,1.89451,6.44428,1.12221,9.50063,0.42336,36.966,0.42336,423.524,0,1.02816,0,0,3.62784,2.59968,1.028160,1,0,96.3141,0,0,0,96.3141,0
64.226,2.42409,0,0,3.86857,0.22826,0.36288,3.6288,46.2582,0.371855,0,0,0.929393,0.175655,0,0.66528,12.849,1,0.491492,0.36288,0,89.0741,4.34458,84.6009,0.84672,12.849,0.84672,3695.15,0,36.966,0.299631,2.15336,1.89486,5.39452,1.12221,8.0209,0.42336,36.966,0.42336,423.524,0,1.02816,0,0,3.18152,2.15336,1.028160,1,0,92.6218,0,0,0,92.6218,0
64.3963,2.21256,0,0,2.9408,0.195097,0.36288,3.6288,46.9205,0.287785,0,0,1.12108,0.171005,0,0.66528,12.849,1,0.442643,0.36288,0,71.426,3.61352,67.7327,0.84672,12.849,0.84672,3695.15,0,36.966,0.229976,2.03721,1.85953,3.96671,1.0962,6.53727,0.42336,36.966,0.42336,423.524,0,1.02816,0,0,3.06537,2.03721,1.028160,1,0,74.27,0,0,0,74.27,0
64.2053,2.20751,0,0,2.56895,0.189567,0.36288,3.6288,47.4965,0.294079,0,0,1.04122,0.171144,0,0.66528,12.849,1,0.440464,0.36288,0,63.0098,3.49167,59.4405,0.84672,12.849,0.84672,3695.15,0,36.966,0.231688,1.55995,1.69196,3.60566,1.09186,5.53403,0.42336,36.966,0.42336,423.524,0,1.02816,0,0,2.58811,1.55995,1.028160,1,0,64.9746,0,0,0,64.9746,0
64.239,2.43707,0,0,3.0115,0.177856,0.36288,3.6288,47.9068,0.386008,0,0,0.973695,0.177343,0,0.66528,12.849,1,0.487715,0.36288,0,68.3605,3.95952,64.2762,0.84672,12.849,0.84672,3695.15,0,36.966,0.300426,1.55447,1.69679,4.79074,1.1103,6.63128,0.42336,36.966,0.42336,423.524,0,1.02816,0,0,2.58263,1.55447,1.028160,1,0,70.9075,0,0,0,70.9075,0
63.7113,2.43799,0,0,2.41186,0.138632,0.36288,3.6288,48.2716,0.38746,0,0,0.946858,0.194607,0,0.66528,12.849,1,0.487644,0.36288,0,51.8455,5.18881,46.532,0.84672,12.849,0.84672,3695.15,0,36.966,0.298973,1.56003,1.8728,3.68121,1.18177,5.6333,0.42336,36.966,0.42336,423.524,0,1.02816,0,0,2.58819,1.56003,1.028160,1,0,52.1652,0,0,0,52.1652,0
62.8654,2.55113,0,0,2.18792,0.119813,0.36288,3.6288,48.6076,0.44103,0,0,0.96806,0.191016,0,0.66528,12.849,1,0.5145,0.36288,0,41.4476,5.0139,36.2821,0.84672,12.849,0.84672,3695.15,0,36.966,0.337737,1.18427,1.87296,3.45652,1.19572,4.98029,0.42336,36.966,0.42336,423.524,0,1.02816,0,0,2.21243,1.18427,1.028160,1,0,41.2624,0,0,0,41.2624,0
62.0842,2.55148,0,0,2.23931,0.106144,0.36288,3.6288,49.0975,0.438692,0,0,1.11456,0.186039,0,0.66528,12.849,1,0.521495,0.36288,0,48.8557,4.68117,44.0159,0.84672,12.849,0.84672,3695.15,0,36.966,0.333625,1.43542,1.97053,3.94014,1.08751,5.92495,0.42336,36.966,0.42336,423.524,0,1.02816,0,0,2.46358,1.43542,1.028160,1,0,49.9408,0,0,0,49.9408,0
61.0758,2.54651,0,0,1.97719,0.0762479,0.36288,3.6288,49.3726,0.44078,0,0,0.913068,0.197123,0,0.66528,12.849,1,0.527028,0.36288,0,44.5424,4.83231,39.5459,0.84672,12.849,0.84672,3695.15,0,36.966,0.331868,1.05855,1.96692,3.31935,1.11792,4.89504,0.42336,36.966,0.42336,423.524,0,1.02816,0,0,2.08671,1.05855,1.028160,1,0,44.441,0,0,0,44.441,0
59.9624,2.53979,0,0,1.86488,0.0756155,0.36288,3.6288,49.4622,0.442027,0,0,0.729181,0.197571,0,0.66528,12.849,1,0.534316,0.36288,0,41.152,4.83231,36.1482,0.84672,12.849,0.84672,3695.15,0,36.966,0.330952,0.820403,1.96729,3.11739,1.11792,4.45621,0.42336,36.966,0.42336,423.524,0,1.02816,0,0,1.84856,0.820403,1.028160,1,0,40.6044,0,0,0,40.6044,0
58.9399,2.53208,0,0,1.94966,0.0771793,0.36288,3.6288,49.4317,0.442559,0,0,0.65715,0.245125,0,0.66528,12.849,1,0.542586,0.36288,0,39.7792,5.62818,33.9713,0.84672,12.849,0.84672,3695.15,0,36.966,0.33075,0.846858,1.96765,3.15187,1.28897,4.34665,0.42336,36.966,0.42336,423.524,0,1.02816,0,0,1.87502,0.846858,1.028160,1,0,38.3179,0,0,0,38.3179,0
58.7042,2.50221,0,0,2.70142,0.0720273,0.36288,3.6288,49.4541,0.471693,0,0,0.762022,0.267899,0,0.66528,12.849,1,0.545485,0.36288,0,49.3603,5.54337,43.6343,0.84672,12.849,0.84672,3695.15,0,36.966,0.352742,1.2904,1.96801,3.72437,1.32357,5.30647,0.42336,36.966,0.42336,423.524,0,1.02816,0,0,2.31856,1.2904,1.028160,1,0,48.9408,0,0,0,48.9408,0
58.2149,2.50087,0,0,2.4463,0.0718633,0.36288,3.6288,49.4511,0.47198,0,0,0.736921,0.267948,0,0.66528,12.849,1,0.547383,0.36288,0,44.6221,5.54337,38.8942,0.84672,12.849,0.84672,3695.15,0,36.966,0.352796,1.18924,2.00245,3.65602,1.32357,5.17135,0.42336,36.966,0.42336,423.524,0,1.02816,0,0,2.2174,1.18924,1.028160,1,0,44.0655,0,0,0,44.0655,0
57.6436,2.49756,0,0,2.3607,0.0715228,0.36288,3.6288,49.3972,0.472162,0,0,0.686232,0.267942,0,0.66528,12.849,1,0.551253,0.36288,0,40.8225,5.54337,35.0908,0.84672,12.849,0.84672,3695.15,0,36.966,0.352954,0.927564,2.00282,3.54081,1.32357,4.79467,0.42336,36.966,0.42336,423.524,0,1.02816,0,0,1.95572,0.927564,1.028160,1,0,39.8855,0,0,0,39.8855,0
56.9923,2.49355,0,0,2.27158,0.0665254,0.36288,3.6288,49.3096,0.472137,0,0,0.656393,0.271906,0,0.66528,12.849,1,0.555823,0.36288,0,36.5722,5.58134,30.7979,0.84672,12.849,0.84672,3695.15,0,36.966,0.35332,0.82315,2.00319,3.52296,1.34606,4.64993,0.42336,36.966,0.42336,423.524,0,1.02816,0,0,1.85131,0.82315,1.028160,1,0,35.4478,0,0,0,35.4478,0
56.0288,2.54691,0,0,2.00114,0.0547835,0.36288,3.6288,49.102,0.497864,0,0,0.587886,0.297573,0,0.66528,12.849,1,0.574205,0.36288,0,33.2257,5.76953,27.2449,0.84672,12.849,0.84672,3695.15,0,36.966,0.373235,0.692384,2.00356,2.78578,1.49636,3.61213,0.42336,36.966,0.42336,423.524,0,1.02816,0,0,1.72054,0.692384,1.028160,1,0,30.857,0,0,0,30.857,0
54.8715,2.53934,0,0,1.80554,0.0606449,0.36288,3.6288,48.7913,0.497164,0,0,0.484025,0.297615,0,0.66528,12.849,1,0.582343,0.36288,0,30.5875,5.75368,24.6144,0.84672,12.849,0.84672,3695.15,0,36.966,0.374285,0.730996,2.05226,2.64369,1.50251,3.55015,0.42336,36.966,0.42336,423.524,0,1.02816,0,0,1.75916,0.730996,1.028160,1,0,28.1645,0,0,0,28.1645,0
53.6084,2.52986,0,0,1.68957,0.0599472,0.36288,3.6288,48.4464,0.496006,0,0,0.448032,0.296852,0,0.66528,12.849,1,0.592404,0.36288,0,27.6128,5.75368,21.6296,0.84672,12.849,0.84672,3695.15,0,36.966,0.375792,0.655508,2.05264,2.35947,1.50251,3.18931,0.42336,36.966,0.42336,423.524,0,1.02816,0,0,1.68367,0.655508,1.028160,1,0,24.8189,0,0,0,24.8189,0
52.2184,2.51906,0,0,1.5511,0.0591857,0.36288,3.6288,48.0989,0.494687,0,0,0.443113,0.296004,0,0.66528,12.849,1,0.603775,0.36288,0,25.2413,5.75368,19.2467,0.84672,12.849,0.84672,3695.15,0,36.966,0.37746,0.517234,2.05302,2.30765,1.50251,2.99793,0.42336,36.966,0.42336,423.524,0,1.02816,0,0,1.54539,0.517234,1.028160,1,0,22.2447,0,0,0,22.2447,0
50.9956,2.62369,0,0,1.82116,0.0573756,0.36288,3.6288,47.7505,0.573912,0,0,0.512412,0.286834,0,0.66528,12.849,1,0.645592,0.36288,0,24.2846,5.78917,18.2127,0.84672,12.849,0.84672,3695.15,0,36.966,0.42336,0.816661,2.0534,3.27718,1.52939,4.1945,0.42336,36.966,0.42336,423.524,0,1.02816,0,0,1.84482,0.816661,1.028160,1,0,22.4072,0,0,0,22.4072,0
49.5303,2.6118,0,0,1.57849,0.0691305,0.36288,3.6288,47.2924,0.574284,0,0,0.409334,0.293138,0,0.66528,12.849,1,0.658077,0.36288,0,19.5932,5.64438,13.6536,0.84672,12.849,0.84672,3695.15,0,36.966,0.42336,0.268609,2.17751,1.97997,1.51979,2.48294,0.42336,36.966,0.42336,423.524,0,1.02816,0,0,1.29677,0.268609,1.028160,1,0,16.1366,0,0,0,16.1366,0
48.1833,2.59682,0,0,1.68086,0.0680704,0.36288,3.6288,46.9293,0.574656,0,0,0.503501,0.292017,0,0.66528,12.849,1,0.67366,0.36288,0,24.9329,5.64438,18.9777,0.84672,12.849,0.84672,3695.15,0,36.966,0.42336,0.570128,2.17791,2.21154,1.51979,3.01642,0.42336,36.966,0.42336,423.524,0,1.02816,0,0,1.59829,0.570128,1.028160,1,0,21.9941,0,0,0,21.9941,0
46.5538,2.58243,0,0,1.38283,0.0670867,0.36288,3.6288,46.2896,0.715272,0,0,0.366691,0.291128,0,0.66528,12.849,1,0.688653,0.36288,0,22.8425,5.64438,16.8724,0.84672,12.849,0.84672,3695.15,0,36.966,0.42336,0.204422,2.17831,1.81135,1.51979,2.25094,0.42336,36.966,0.42336,423.524,0,0.887916,0,0,1.09234,0.204422,1.028160,1,0,19.1233,0,0,0,19.1233,0
45.2843,2.56401,0,0,1.72327,0.0658961,0.36288,3.6288,46.0599,0.5754,0,0,0.635221,0.289459,0,0.66528,12.849,1,0.707674,0.36288,0,22.266,5.64438,16.2768,0.84672,12.849,0.84672,3695.15,0,36.966,0.42336,1.13048,2.17871,2.8251,1.51979,4.19114,0.42336,36.966,0.42336,423.524,0,1.02816,0,0,2.15864,1.13048,1.028160,1,0,20.4679,0,0,0,20.4679,0
44.5695,2.47125,0,0,2.14779,0.0283954,0.36288,3.6288,46.0206,0.500171,0,0,0.742069,0.281197,0,0.66528,12.849,1,0.701194,0.36288,0,32.7046,5.53425,26.832,0.84672,12.849,0.84672,3695.15,0,36.966,0.401419,1.04019,2.17911,2.56466,1.40827,3.97427,0.42336,36.966,0.42336,423.524,0,1.02816,0,0,2.06835,1.04019,1.028160,1,0,30.8063,0,0,0,30.8063,0
43.7483,2.46297,0,0,2.12515,0.120569,0.36288,3.6288,46.203,0.500178,0,0,0.896728,0.214188,0,0.66528,12.849,1,0.710052,0.36288,0,29.9424,3.67489,25.9203,0.84672,12.849,0.84672,3695.15,0,36.966,0.401767,1.39107,2.08544,2.92617,0.950358,5.05056,0.42336,36.966,0.42336,423.524,0,1.02816,0,0,2.41923,1.39107,1.028160,1,0,30.9708,0,0,0,30.9708,0
43.1053,2.45312,0,0,2.30192,0.128882,0.36288,3.6288,46.5539,0.501256,0,0,1.0703,0.218151,0,0.66528,12.849,1,0.720488,0.36288,0,32.8551,3.74,28.7575,0.84672,12.849,0.84672,3695.15,0,36.966,0.401044,1.49196,2.08582,3.35414,0.987635,5.54324,0.42336,36.966,0.42336,423.524,0,1.02816,0,0,2.52012,1.49196,1.028160,1,0,34.3007,0,0,0,34.3007,0
42.5126,2.44529,0,0,2.34335,0.127933,0.36288,3.6288,46.9262,0.503138,0,0,1.09431,0.218859,0,0.66528,12.849,1,0.728901,0.36288,0,46.7103,3.74,42.6042,0.84672,12.849,0.84672,3695.15,0,36.966,0.399516,1.6633,2.08621,3.61281,0.987635,5.97516,0.42336,36.966,0.42336,423.524,0,1.02816,0,0,2.69146,1.6633,1.028160,1,0,48.5794,0,0,0,48.5794,0
41.3424,2.42052,0,0,1.76886,0.155638,0.36288,3.6288,47.2518,0.475181,0,0,1.01834,0.217578,0,0.66528,12.849,1,0.731579,0.36288,0,64.1864,3.82502,59.9927,0.84672,12.849,0.84672,3695.15,0,36.966,0.374323,1.40888,2.08659,4.22511,0.957981,6.38828,0.42336,36.966,0.42336,423.524,0,1.02816,0,0,2.43704,1.40888,1.028160,1,0,66.3809,0,0,0,66.3809,0
39.6366,2.40517,0,0,1.23697,0.174666,0.36288,3.6288,47.1711,0.476822,0,0,0.612784,0.216669,0,0.66528,12.849,1,0.747513,0.36288,0,42.6075,3.88878,38.3341,0.84672,12.849,0.84672,3695.15,0,36.966,0.373027,0.502226,2.04139,2.94181,0.93574,4.17666,0.42336,36.966,0.42336,423.524,0,1.02816,0,0,1.53039,0.502226,1.028160,1,0,42.5107,0,0,0,42.5107,0
38.4902,2.38131,0,0,1.7689,0.171176,0.36288,3.6288,47.0532,0.476657,0,0,0.575319,0.216522,0,0.66528,12.849,1,0.771948,0.36288,0,52.8241,3.88878,48.5262,0.84672,12.849,0.84672,3695.15,0,36.966,0.373536,0.340528,2.04176,3.36817,0.93574,4.44118,0.42336,36.966,0.42336,423.524,0,1.02816,0,0,1.36869,0.340528,1.028160,1,0,52.9674,0,0,0,52.9674,0
40.2304,2.36451,0,0,4.63654,0.168922,0.36288,3.6288,48.0813,0.476326,0,0,1.72078,0.216308,0,0.66528,12.849,1,0.789332,0.36288,0,117.387,3.88878,113.072,0.84672,12.849,0.84672,3695.15,0,36.966,0.374212,3.674,2.04214,6.81268,0.93574,11.2189,0.42336,36.966,0.42336,423.524,0,1.02816,0,0,4.70216,3.674,1.028160,1,0,124.291,0,0,0,124.291,0
40.4436,2.21077,0,0,2.96778,0.180975,0.36288,3.6288,49.2622,0.374339,0,0,1.77027,0.215078,0,0.66528,12.849,1,0.706086,0.36288,0,78.6036,3.97608,74.2843,0.84672,12.849,0.84672,3695.15,0,36.966,0.2878,3.02814,2.04251,5.22842,0.978662,9.03261,0.42336,36.966,0.42336,423.524,0,1.02816,0,0,4.0563,3.02814,1.028160,1,0,83.3169,0,0,0,83.3169,0
44.845,2.1958,0,0,7.16304,0.202975,0.36288,3.6288,50.6523,0.392158,0,0,1.99158,0.20937,0,0.66528,12.849,1,0.697609,0.36288,0,106.097,4.19433,101.568,0.84672,12.849,0.84672,3695.15,0,36.966,0.294273,3.56181,1.85254,8.57651,1.08596,12.6106,0.42336,36.966,0.42336,423.524,0,1.02816,0,0,4.58997,3.56181,1.028160,1,0,114.178,0,0,0,114.178,0
49.7203,2.24968,0,0,7.70152,0.2136,0.36288,3.6288,52.8582,0.396826,0,0,2.81453,0.21177,0,0.66528,12.849,1,0.644578,0.36288,0,109.691,4.19433,105.215,0.84672,12.849,0.84672,3695.15,0,36.966,0.289604,3.55331,1.86692,9.34551,1.08596,13.3902,0.42336,36.966,0.42336,423.524,0,1.02816,0,0,4.58147,3.55331,1.028160,1,0,118.605,0,0,0,118.605,0
51.3878,2.30057,0,0,4.56571,0.234782,0.36288,3.6288,53.7494,0.403939,0,0,1.46787,0.172669,0,0.66528,12.849,1,0.594527,0.36288,0,76.8832,3.69933,72.9522,0.84672,12.849,0.84672,3695.15,0,36.966,0.282492,2.16058,1.86708,7.47398,0.951751,10.2674,0.42336,36.966,0.42336,423.524,0,1.02816,0,0,3.18874,2.16058,1.028160,1,0,83.2196,0,0,0,83.2196,0
51.6929,2.31668,0,0,3.22517,0.240532,0.36288,3.6288,54.2277,0.406714,0,0,1.05172,0.166698,0,0.66528,12.849,1,0.579263,0.36288,0,43.6537,3.61683,39.8205,0.84672,12.849,0.84672,3695.15,0,36.966,0.279716,1.27682,1.86723,7.24884,0.929383,9.18379,0.42336,36.966,0.42336,423.524,0,1.02816,0,0,2.30498,1.27682,1.028160,1,0,49.0043,0,0,0,49.0043,0
54.2552,2.39334,0,0,5.56702,0.248517,0.36288,3.6288,56.0551,0.440706,0,0,2.45822,0.190115,0,0.66528,12.849,1,0.594899,0.36288,0,147.102,3.73401,143.136,0.84672,12.849,0.84672,3695.15,0,36.966,0.300421,4.13042,1.86739,10.9246,1.02922,15.5928,0.42336,36.966,0.42336,423.524,0,1.02816,0,0,5.15858,4.13042,1.028160,1,0,158.729,0,0,0,158.729,0
63.2297,2.43487,0,0,12.0286,0.256368,0.36288,3.6288,61.308,0.43309,0,0,6.74891,0.196272,0.866698,0.66528,12.849,1,0.576638,0.36288,0,219.111,3.75354,215.144,0.84672,12.849,0.84672,3695.15,0,36.966,0.285604,10.3656,1.92695,19.1616,1.04586,30.1226,0.42336,36.966,0.42336,423.524,0,1.02816,0,0,11.3937,10.3656,1.028160,1,0,246.133,0,0,0,246.133,0
67.5812,2.50333,0,0,7.49641,0.278706,0.36288,3.6288,61.308,0.448546,0,0,4.66534,0.203013,4.01378,0.66528,12.849,1,0.508705,0.36288,0,178.792,3.75354,174.892,0.84672,12.849,0.84672,3695.15,0,36.966,0.270453,5.42079,1.91398,10.1574,1.04586,16.1759,0.42336,36.966,0.42336,423.524,0,1.02816,0,0,6.44895,5.42079,1.028160,1,0,195.082,0,0,0,195.082,0
71.8746,2.53129,0,0,7.48077,0.293105,0.36288,3.6288,61.308,0.448737,0,0,5.59473,0.182336,4.96366,0.66528,12.849,1,0.481267,0.36288,0,190.194,3.53415,186.542,0.84672,12.849,0.84672,3695.15,0,36.966,0.270568,7.52691,1.91431,11.8941,0.93031,20.1345,0.42336,36.966,0.42336,423.524,0,1.02816,0,0,8.55507,7.52691,1.028160,1,0,211.64,0,0,0,211.64,0
72.29,2.75263,0,0,7.53582,0.293547,4.07429,3.6288,61.308,0.554188,0,0,5.37894,0.168274,4.65648,0.66528,12.849,1,0.492087,4.07429,0,219.838,3.65163,219.768,0.84672,12.849,0.84672,3695.15,0,36.966,0.334151,5.38687,1.91464,11.8036,0.813176,17.9577,0.42336,36.966,0.42336,423.524,0,1.02816,0,0,6.41503,5.38687,1.028160,1,0,242.383,0,0,0,242.383,0
72.29,2.75551,0,0,10.71,0.306961,7.6475,3.6288,61.308,0.554397,0,0,9.65126,0.164343,8.93252,0.66528,12.849,1,0.489772,7.6475,0,232.667,3.63804,236.186,0.84672,12.849,0.84672,3695.15,0,36.966,0.334277,9.29465,2.08875,22.0983,0.831434,32.316,0.42336,36.966,0.42336,423.524,0,1.02816,0,0,10.3228,9.29465,1.028160,1,0,277.435,0,0,0,277.435,0
72.29,2.756,0,0,8.85133,0.306961,5.78838,3.6288,61.308,0.554606,0,0,7.79508,0.164343,7.07613,0.66528,12.849,1,0.489857,5.78838,0,189.36,3.63804,191.021,0.84672,12.849,0.84672,3695.15,0,36.966,0.334403,7.32629,2.08911,15.879,0.831434,24.1285,0.42336,36.966,0.42336,423.524,0,1.02816,0,0,8.35445,7.32629,1.028160,1,0,222.225,0,0,0,222.225,0
72.29,2.75648,0,0,11.2906,0.306961,8.22714,3.6288,61.308,0.554816,0,0,9.35349,0.164343,8.63433,0.66528,12.849,1,0.489943,8.22714,0,235.208,3.63804,239.308,0.84672,12.849,0.84672,3695.15,0,36.966,0.334529,9.87638,2.08948,22.2022,0.831434,33.0021,0.42336,36.966,0.42336,423.524,0,1.02816,0,0,10.9045,9.87638,1.028160,1,0,280.944,0,0,0,280.944,0
72.29,2.45369,0,0,10.9276,0.29999,8.17388,3.6288,61.308,0.405813,0,0,9.85106,0.173894,9.27135,0.66528,12.849,1,0.436125,8.17388,0,204.042,3.91056,207.869,0.84672,12.849,0.84672,3695.15,0,36.966,0.244687,10.5089,2.08984,25.2836,0.947319,36.6904,0.42336,36.966,0.42336,423.524,0,1.02816,0,0,11.5371,10.5089,1.028160,1,0,253.831,0,0,0,253.831,0
72.29,2.42387,0,0,5.30435,0.308876,2.5716,3.6288,61.308,0.428217,0,0,2.34032,0.1479,1.7642,0.66528,12.849,1,0.430825,2.5716,0,107.58,3.35664,106.364,0.84672,12.849,0.84672,3695.15,0,36.966,0.258196,4.35116,1.83848,7.81229,0.81486,12.9289,0.42336,36.966,0.42336,423.524,0,1.02816,0,0,5.37932,4.35116,1.028160,1,0,121.057,0,0,0,121.057,0
72.29,2.42455,0,0,7.09233,0.308876,4.3589,3.6288,61.308,0.428217,0,0,3.52248,0.1479,2.94636,0.66528,12.849,1,0.430946,4.3589,0,150.769,3.35664,151.34,0.84672,12.849,0.84672,3695.15,0,36.966,0.258196,6.28448,1.85965,11.9321,0.81486,19.0031,0.42336,36.966,0.42336,423.524,0,1.02816,0,0,7.31264,6.28448,1.028160,1,0,173.29,0,0,0,173.29,0
72.29,2.42523,0,0,9.00167,0.310129,6.26631,3.6288,61.308,0.428217,0,0,5.35604,0.163198,4.76463,0.66528,12.849,1,0.431067,6.26631,0,190.538,3.78975,192.583,0.84672,12.849,0.84672,3695.15,0,36.966,0.258196,11.366,1.8598,18.9535,0.881559,31.0395,0.42336,36.966,0.42336,423.524,0,1.02816,0,0,12.3942,11.366,1.028160,1,0,228.388,0,0,0,228.388,0
72.29,2.42591,0,0,6.02037,0.313261,3.2812,3.6288,61.308,0.428217,0,0,2.89328,0.201444,2.26362,0.66528,12.849,1,0.431187,3.2812,0,151.37,4.87253,149.348,0.84672,12.849,0.84672,3695.15,0,36.966,0.258196,5.67772,1.85995,11.2661,1.04831,17.4973,0.42336,36.966,0.42336,423.524,0,1.02816,0,0,6.70588,5.67772,1.028160,1,0,169.109,0,0,0,169.109,0
72.29,2.51632,0,0,7.3173,0.339351,4.46163,3.6288,61.308,0.470373,0,0,4.48421,0.203795,3.81004,0.66528,12.849,1,0.447257,4.46163,0,151.874,4.41063,151.478,0.84672,12.849,0.84672,3695.15,0,36.966,0.283614,6.06597,1.8601,11.5296,0.949298,18.2227,0.42336,36.966,0.42336,423.524,0,1.02816,0,0,7.09413,6.06597,1.028160,1,0,173.51,0,0,0,173.51,0
72.29,2.54601,0,0,6.10769,0.339351,3.22233,3.6288,61.308,0.449075,0,0,3.8414,0.203795,3.18853,0.66528,12.849,1,0.452534,3.22233,0,109.552,4.41063,107.911,0.84672,12.849,0.84672,3695.15,0,36.966,0.270772,5.76495,1.93226,10.2251,0.949298,16.7023,0.42336,36.966,0.42336,423.524,0,1.02816,0,0,6.79311,5.76495,1.028160,1,0,127.802,0,0,0,127.802,0
72.29,2.54646,0,0,5.39438,0.339351,2.50857,3.6288,61.308,0.449266,0,0,3.4934,0.203795,2.84034,0.66528,12.849,1,0.452613,2.50857,0,93.1556,4.41063,90.8009,0.84672,12.849,0.84672,3695.15,0,36.966,0.270887,5.28666,1.91244,9.27495,0.949298,15.2539,0.42336,36.966,0.42336,423.524,0,1.02816,0,0,6.31482,5.28666,1.028160,1,0,108.895,0,0,0,108.895,0
72.29,2.5469,0,0,6.05401,0.301857,3.20525,3.6288,61.308,0.449456,0,0,3.55293,0.182475,2.921,0.66528,12.849,1,0.452692,3.20525,0,95.0996,3.58452,94.2677,0.84672,12.849,0.84672,3695.15,0,36.966,0.271002,5.12197,1.91277,9.89268,0.937281,15.7191,0.42336,36.966,0.42336,423.524,0,1.02816,0,0,6.15013,5.12197,1.028160,1,0,112.908,0,0,0,112.908,0
72.29,2.51224,0,0,4.97932,0.27765,2.18943,3.6288,61.308,0.433263,0,0,2.54898,0.213904,1.90182,0.66528,12.849,1,0.446531,2.18943,0,91.3507,3.72824,89.3654,0.84672,12.849,0.84672,3695.15,0,36.966,0.261238,4.17639,1.91311,6.40462,1.01842,11.2145,0.42336,36.966,0.42336,423.524,0,1.02816,0,0,5.20455,4.17639,1.028160,1,0,102.482,0,0,0,102.482,0
72.29,2.51268,0,0,4.19043,0.270467,1.40728,3.6288,61.308,0.433451,0,0,2.39651,0.227897,1.73516,0.66528,12.849,1,0.446609,1.40728,0,82.2753,3.84079,79.3951,0.84672,12.849,0.84672,3695.15,0,36.966,0.261351,3.80315,1.8854,5.4276,1.05168,9.80312,0.42336,36.966,0.42336,423.524,0,1.02816,0,0,4.83131,3.80315,1.028160,1,0,90.9334,0,0,0,90.9334,0
72.29,2.51312,0,0,4.27629,0.270467,1.49271,3.6288,61.308,0.433639,0,0,2.06255,0.227897,1.40101,0.66528,12.849,1,0.446687,1.49271,0,79.4267,3.84079,76.6319,0.84672,12.849,0.84672,3695.15,0,36.966,0.261465,2.95044,1.88573,5.36824,1.05168,8.89127,0.42336,36.966,0.42336,423.524,0,1.02816,0,0,3.9786,2.95044,1.028160,1,0,86.9242,0,0,0,86.9242,0
72.29,2.51356,0,0,4.37386,0.240056,1.62025,3.6288,61.308,0.433826,0,0,2.01699,0.242733,1.34043,0.66528,12.849,1,0.446765,1.62025,0,82.3098,5.01042,78.4729,0.84672,12.849,0.84672,3695.15,0,36.966,0.261578,3.12592,1.88606,6.67611,1.09779,10.3287,0.42336,36.966,0.42336,423.524,0,1.02816,0,0,4.15408,3.12592,1.028160,1,0,90.142,0,0,0,90.142,0
72.29,2.63325,0,0,3.69945,0.199275,0.866923,3.6288,61.308,0.492158,0,0,1.95571,0.25278,1.21077,0.66528,12.849,1,0.46804,0.866923,0,57.2616,5.30988,52.3506,0.84672,12.849,0.84672,3695.15,0,36.966,0.296749,2.89279,1.88639,5.16202,1.13898,8.50547,0.42336,36.966,0.42336,423.524,0,1.02816,0,0,3.92095,2.89279,1.028160,1,0,62.0668,0,0,0,62.0668,0
72.29,2.63371,0,0,3.60876,0.207655,0.767389,3.6288,61.308,0.492356,0,0,1.60484,0.238497,0.873984,0.66528,12.849,1,0.468122,0.767389,0,60.4874,4.47121,56.3155,0.84672,12.849,0.84672,3695.15,0,36.966,0.296869,3.3476,1.98505,5.05585,1.01839,9.07324,0.42336,36.966,0.42336,423.524,0,1.02816,0,0,4.37576,3.3476,1.028160,1,0,66.2627,0,0,0,66.2627,0
72.29,2.63417,0,0,3.32922,0.207655,0.48739,3.6288,61.308,0.492554,0,0,1.63995,0.238497,0.908903,0.66528,12.849,1,0.468204,0.48739,0,57.424,4.47121,52.972,0.84672,12.849,0.84672,3695.15,0,36.966,0.296988,2.08088,1.98539,4.81863,1.01839,7.56953,0.42336,36.966,0.42336,423.524,0,1.02816,0,0,3.10904,2.08088,1.028160,1,0,61.4504,0,0,0,61.4504,0
72.1039,2.63463,0,0,3.01906,0.207655,0.36288,3.6288,61.308,0.492752,0,0,1.45702,0.238497,0.725766,0.66528,12.849,1,0.468286,0.36288,0,52.8371,4.47121,48.2605,0.84672,12.849,0.84672,3695.15,0,36.966,0.297108,1.6519,1.98574,4.49531,1.01839,6.81745,0.42336,36.966,0.42336,423.524,0,1.02816,0,0,2.68006,1.6519,1.028160,1,0,55.8037,0,0,0,55.8037,0
71.5807,2.63407,0,0,2.6811,0.207361,0.36288,3.6288,61.308,0.49295,0,0,1.42036,0.238497,0.688912,0.66528,12.849,1,0.469394,0.36288,0,44.9286,4.47121,40.3509,0.84672,12.849,0.84672,3695.15,0,36.966,0.297227,1.79762,1.98609,4.44217,1.01839,6.91026,0.42336,36.966,0.42336,423.524,0,1.02816,0,0,2.82578,1.79762,1.028160,1,0,47.95,0,0,0,47.95,0
71.2006,2.60805,0,0,2.73478,0.143948,0.36288,3.6288,61.308,0.525133,0,0,0.906039,0.234742,0.146164,0.66528,12.849,1,0.468154,0.36288,0,44.8603,5.21127,39.5438,0.84672,12.849,0.84672,3695.15,0,36.966,0.316632,0.885747,1.98644,3.76151,1.16046,5.1566,0.42336,36.966,0.42336,423.524,0,1.02816,0,0,1.91391,0.885747,1.028160,1,0,44.8466,0,0,0,44.8466,0
70.6509,2.60639,0,0,2.53015,0.110543,0.36288,3.6288,61.308,0.525337,0,0,0.896604,0.247195,0.124072,0.66528,12.849,1,0.470354,0.36288,0,41.351,5.30744,35.9361,0.84672,12.849,0.84672,3695.15,0,36.966,0.316755,0.772416,2.02118,3.65623,1.18902,4.94406,0.42336,36.966,0.42336,423.524,0,1.02816,0,0,1.80058,0.772416,1.028160,1,0,41.0043,0,0,0,41.0043,0
69.9383,2.60374,0,0,2.36398,0.110012,0.36288,3.6288,61.308,0.525541,0,0,0.89931,0.247195,0.126574,0.66528,12.849,1,0.473533,0.36288,0,38.3035,5.30744,32.8854,0.84672,12.849,0.84672,3695.15,0,36.966,0.316878,0.85911,2.02154,3.38012,1.18902,4.75487,0.42336,36.966,0.42336,423.524,0,1.02816,0,0,1.88727,0.85911,1.028160,1,0,37.7668,0,0,0,37.7668,0
69.0885,2.60012,0,0,2.22174,0.108546,0.36288,3.6288,61.308,0.525745,0,0,0.879352,0.254051,0.0995557,0.66528,12.849,1,0.477692,0.36288,0,35.6271,5.39376,30.1186,0.84672,12.849,0.84672,3695.15,0,36.966,0.317001,0.826312,2.02189,3.29847,1.20973,4.61994,0.42336,36.966,0.42336,423.524,0,1.02816,0,0,1.85447,0.826312,1.028160,1,0,34.838,0,0,0,34.838,0
68.2162,2.60619,0,0,2.19824,0.101465,0.36288,3.6288,61.244,0.53196,0,0,0.771737,0.303798,0,0.66528,12.849,1,0.484697,0.36288,0,32.5623,5.8975,26.543,0.84672,12.849,0.84672,3695.15,0,36.966,0.320748,0.536363,2.02224,3.05864,1.4003,3.8962,0.42336,36.966,0.42336,423.524,0,1.02816,0,0,1.56452,0.536363,1.028160,1,0,30.4392,0,0,0,30.4392,0
67.6408,2.60143,0,0,2.47999,0.0910675,0.36288,3.6288,61.308,0.531956,0,0,0.963172,0.317899,0.049296,0.66528,12.849,1,0.489998,0.36288,0,41.8662,5.95329,35.7857,0.84672,12.849,0.84672,3695.15,0,36.966,0.321081,0.664088,2.03239,3.41018,1.48939,4.29619,0.42336,36.966,0.42336,423.524,0,1.02816,0,0,1.69225,0.664088,1.028160,1,0,40.1312,0,0,0,40.1312,0
66.8718,2.59838,0,0,2.28296,0.0906572,0.36288,3.6288,61.2742,0.53237,0,0,0.816553,0.318028,0,0.66528,12.849,1,0.493587,0.36288,0,34.3883,5.95329,28.3043,0.84672,12.849,0.84672,3695.15,0,36.966,0.320995,0.766696,2.03275,3.29731,1.48939,4.28638,0.42336,36.966,0.42336,423.524,0,1.02816,0,0,1.79486,0.766696,1.028160,1,0,32.5907,0,0,0,32.5907,0
65.9152,2.59408,0,0,2.0904,0.0901089,0.36288,3.6288,61.18,0.532464,0,0,0.756304,0.31796,0,0.66528,12.849,1,0.498435,0.36288,0,32.686,5.95329,26.5971,0.84672,12.849,0.84672,3695.15,0,36.966,0.32123,0.506131,2.0331,2.8983,1.48939,3.62692,0.42336,36.966,0.42336,423.524,0,1.02816,0,0,1.53429,0.506131,1.028160,1,0,30.2241,0,0,0,30.2241,0
64.8567,2.76135,0,0,2.15284,0.0870407,0.36288,3.6288,61.057,0.633375,0,0,0.831467,0.321116,0,0.66528,12.849,1,0.538276,0.36288,0,31.1139,6.04722,24.8913,0.84672,12.849,0.84672,3695.15,0,36.966,0.382696,0.74831,2.03346,3.55506,1.50945,4.44468,0.42336,36.966,0.42336,423.524,0,1.02816,0,0,1.77647,0.74831,1.028160,1,0,29.336,0,0,0,29.336,0
63.7121,2.7545,0,0,2.07723,0.104485,0.36288,3.6288,60.8006,0.633117,0,0,0.699576,0.322823,0,0.66528,12.849,1,0.545703,0.36288,0,28.9104,6.08738,22.6402,0.84672,12.849,0.84672,3695.15,0,36.966,0.383311,0.465134,2.19772,2.49921,1.52525,3.25351,0.42336,36.966,0.42336,423.524,0,1.02816,0,0,1.49329,0.465134,1.028160,1,0,25.8937,0,0,0,25.8937,0
62.2095,2.74682,0,0,1.71056,0.103523,0.36288,3.6288,60.4549,0.632334,0,0,0.608897,0.322299,0,0.66528,12.849,1,0.553958,0.36288,0,35.8906,6.08738,29.6121,0.84672,12.849,0.84672,3695.15,0,36.966,0.384451,0.291332,2.19811,2.22968,1.52525,2.80942,0.42336,36.966,0.42336,423.524,0,1.02816,0,0,1.31949,0.291332,1.028160,1,0,32.4215,0,0,0,32.4215,0
60.9004,2.7362,0,0,1.89233,0.10226,0.36288,3.6288,60.3386,0.631191,0,0,0.836428,0.321592,0,0.66528,12.849,1,0.565147,0.36288,0,30.7713,6.08738,24.4816,0.84672,12.849,0.84672,3695.15,0,36.966,0.385951,0.699157,2.19849,2.66451,1.52525,3.65096,0.42336,36.966,0.42336,423.524,0,1.02816,0,0,1.72732,0.699157,1.028160,1,0,28.1326,0,0,0,28.1326,0
59.4649,2.72665,0,0,1.75751,0.103479,0.36288,3.6288,60.0722,0.630952,0,0,0.672287,0.307649,0,0.66528,12.849,1,0.575279,0.36288,0,29.522,5.71769,23.5919,0.84672,12.849,0.84672,3695.15,0,36.966,0.386548,0.562309,2.19887,3.02725,1.38134,4.02055,0.42336,36.966,0.42336,423.524,0,1.02816,0,0,1.59047,0.562309,1.028160,1,0,27.6125,0,0,0,27.6125,0
58.5666,2.63284,0,0,2.22181,0.124451,0.36288,3.6288,59.9272,0.56917,0,0,0.729041,0.304916,0,0.66528,12.849,1,0.568897,0.36288,0,20.009,4.95235,14.8507,0.84672,12.849,0.84672,3695.15,0,36.966,0.350244,0.545702,2.19926,2.83529,1.22389,4.00611,0.42336,36.966,0.42336,423.524,0,1.02816,0,0,1.57386,0.545702,1.028160,1,0,18.8568,0,0,0,18.8568,0
57.9327,2.62615,0,0,2.49094,0.135764,0.36288,3.6288,59.9174,0.568856,0,0,0.872509,0.313452,0,0.66528,12.849,1,0.576154,0.36288,0,21.7128,5.0358,16.4637,0.84672,12.849,0.84672,3695.15,0,36.966,0.350898,0.608515,2.1047,3.12397,1.29023,4.19606,0.42336,36.966,0.42336,423.524,0,1.02816,0,0,1.63668,0.608515,1.028160,1,0,20.6597,0,0,0,20.6597,0
57.3492,2.62145,0,0,2.53576,0.13493,0.36288,3.6288,59.927,0.569031,0,0,0.892089,0.313432,0,0.66528,12.849,1,0.581415,0.36288,0,30.8693,5.0358,25.615,0.84672,12.849,0.84672,3695.15,0,36.966,0.351063,0.71979,2.10507,3.36487,1.29023,4.54844,0.42336,36.966,0.42336,423.524,0,1.02816,0,0,1.74795,0.71979,1.028160,1,0,30.1634,0,0,0,30.1634,0
57.035,2.61707,0,0,2.79986,0.134162,0.36288,3.6288,60.3373,0.569276,0,0,1.29296,0.313452,0,0.66528,12.849,1,0.58635,0.36288,0,73.2784,5.0358,68.0192,0.84672,12.849,0.84672,3695.15,0,36.966,0.351158,1.11947,2.10544,4.72983,1.29023,6.31335,0.42336,36.966,0.42336,423.524,0,1.02816,0,0,2.14763,1.11947,1.028160,1,0,74.3325,0,0,0,74.3325,0
56.1639,2.59622,0,0,2.29466,0.206683,0.36288,3.6288,60.3767,0.537485,0,0,0.848009,0.271073,0,0.66528,12.849,1,0.584883,0.36288,0,56.284,4.8642,51.1978,0.84672,12.849,0.84672,3695.15,0,36.966,0.329294,0.408197,2.1058,3.2952,1.23167,4.24824,0.42336,36.966,0.42336,423.524,0,1.02816,0,0,1.43636,0.408197,1.028160,1,0,55.446,0,0,0,55.446,0
56.2989,2.58929,0,0,3.32122,0.234012,0.36288,3.6288,60.7114,0.537824,0,0,1.06966,0.197133,0,0.66528,12.849,1,0.592369,0.36288,0,48.1897,3.88521,44.075,0.84672,12.849,0.84672,3695.15,0,36.966,0.329286,1.68899,2.06017,3.95002,1.00951,6.36038,0.42336,36.966,0.42336,423.524,0,1.02816,0,0,2.71715,1.68899,1.028160,1,0,50.4354,0,0,0,50.4354,0
55.3166,2.5909,0,0,2.20576,0.234326,0.36288,3.6288,61.0077,0.539158,0,0,1.03296,0.197552,0,0.66528,12.849,1,0.591315,0.36288,0,29.66,3.88521,25.5464,0.84672,12.849,0.84672,3695.15,0,36.966,0.328283,1.7722,2.06053,2.94198,1.00951,5.43692,0.42336,36.966,0.42336,423.524,0,1.02816,0,0,2.80036,1.7722,1.028160,1,0,30.9833,0,0,0,30.9833,0
55.3226,2.58282,0,0,3.22993,0.27821,0.36288,3.6288,61.0683,0.540356,0,0,0.81617,0.215137,0,0.66528,12.849,1,0.599942,0.36288,0,57.868,4.17516,53.4557,0.84672,12.849,0.84672,3695.15,0,36.966,0.327415,1.12081,2.06089,5.40842,1.0772,7.1855,0.42336,36.966,0.42336,423.524,0,1.02816,0,0,2.14897,1.12081,1.028160,1,0,60.6412,0,0,0,60.6412,0
58.6904,2.38877,0,0,6.40919,0.289664,0.36288,3.6288,61.308,0.422114,0,0,1.08318,0.219075,0.202323,0.66528,12.849,1,0.554807,0.36288,0,111.598,4.35048,107.056,0.84672,12.849,0.84672,3695.15,0,36.966,0.255515,2.75574,2.06125,4.44661,1.10093,7.90715,0.42336,36.966,0.42336,423.524,0,1.02816,0,0,3.7839,2.75574,1.028160,1,0,115.165,0,0,0,115.165,0
58.8762,2.40835,0,0,3.21276,0.255825,0.36288,3.6288,61.308,0.42822,0,0,1.29325,0.201182,0.663846,0.66528,12.849,1,0.527256,0.36288,0,92.9021,4.70652,88.0312,0.84672,12.849,0.84672,3695.15,0,36.966,0.258198,1.41285,1.86952,4.81956,1.08083,6.76291,0.42336,36.966,0.42336,423.524,0,1.02816,0,0,2.44101,1.41285,1.028160,1,0,95.458,0,0,0,95.458,0
60.2803,2.41038,0,0,4.43368,0.256285,0.36288,3.6288,61.308,0.42822,0,0,1.99681,0.201182,1.36741,0.66528,12.849,1,0.526036,0.36288,0,82.1057,4.70652,77.236,0.84672,12.849,0.84672,3695.15,0,36.966,0.258198,2.27979,1.87482,6.00261,1.08083,8.81818,0.42336,36.966,0.42336,423.524,0,1.02816,0,0,3.30795,2.27979,1.028160,1,0,87.4216,0,0,0,87.4216,0
60.0694,2.42115,0,0,2.85037,0.27727,0.36288,3.6288,61.308,0.42822,0,0,0.701276,0.203085,0.0699705,0.66528,12.849,1,0.516078,0.36288,0,78.6865,4.50777,74.0255,0.84672,12.849,0.84672,3695.15,0,36.966,0.258198,0.769202,1.87497,3.70049,1.03913,5.04734,0.42336,36.966,0.42336,423.524,0,1.02816,0,0,1.79736,0.769202,1.028160,1,0,79.1428,0,0,0,79.1428,0
59.9188,2.42033,0,0,2.95302,0.320389,0.36288,3.6288,61.2744,0.42822,0,0,0.602479,0.207844,0,0.66528,12.849,1,0.517714,0.36288,0,101.06,4.0109,96.8946,0.84672,12.849,0.84672,3695.15,0,36.966,0.258198,0.84291,1.87512,3.80665,0.934871,5.33161,0.42336,36.966,0.42336,423.524,0,1.02816,0,0,1.87107,0.84291,1.028160,1,0,102.226,0,0,0,102.226,0
61.2862,2.49591,0,0,4.49685,0.270629,0.36288,3.6288,61.2537,0.462558,0,0,0.68604,0.24416,0,0.66528,12.849,1,0.535224,0.36288,0,66.8809,4.29184,62.4167,0.84672,12.849,0.84672,3695.15,0,36.966,0.279055,1.13521,1.87527,2.58428,1.07138,4.24432,0.42336,36.966,0.42336,423.524,0,1.02816,0,0,2.16337,1.13521,1.028160,1,0,66.661,0,0,0,66.661,0
61.8496,2.51223,0,0,3.69239,0.253901,0.36288,3.6288,61.0905,0.45813,0,0,0.553522,0.25867,0,0.66528,12.849,1,0.526704,0.36288,0,81.0562,4.40423,76.4881,0.84672,12.849,0.84672,3695.15,0,36.966,0.276476,0.765409,1.93536,2.74013,1.12599,4.03844,0.42336,36.966,0.42336,423.524,0,1.02816,0,0,1.79357,0.765409,1.028160,1,0,80.5265,0,0,0,80.5265,0
62.8923,2.51662,0,0,4.17733,0.255085,0.36288,3.6288,60.8993,0.457851,0,0,0.525113,0.258403,0,0.66528,12.849,1,0.522818,0.36288,0,112.075,4.40423,107.51,0.84672,12.849,0.84672,3695.15,0,36.966,0.277047,0.703348,1.93141,2.56062,1.12599,3.79235,0.42336,36.966,0.42336,423.524,0,1.02816,0,0,1.73151,0.703348,1.028160,1,0,111.303,0,0,0,111.303,0
63.1987,2.52424,0,0,3.45079,0.257277,0.36288,3.6288,60.647,0.46296,0,0,0.4687,0.25809,0,0.66528,12.849,1,0.515706,0.36288,0,88.1116,4.40423,83.5545,0.84672,12.849,0.84672,3695.15,0,36.966,0.281018,0.503194,1.93173,2.51656,1.12599,3.54448,0.42336,36.966,0.42336,423.524,0,1.01937,0,0,1.52257,0.503194,1.028160,1,0,87.099,0,0,0,87.099,0
62.8193,2.72098,0,0,2.95968,0.255282,0.36288,3.6288,59.9414,0.811637,0,0,0.357264,0.251236,0,0.66528,12.849,1,0.553205,0.36288,0,65.6666,4.24551,61.2308,0.84672,12.849,0.84672,3695.15,0,36.966,0.42336,0.503194,1.93205,2.02251,1.07659,2.9578,0.42336,36.966,0.42336,423.524,0,0.698907,0,0,1.2021,0.503194,1.028160,1,0,64.1886,0,0,0,64.1886,0
62.1328,2.71866,0,0,2.63741,0.242329,0.36288,3.6288,59.3528,0.680567,0,0,0.345528,0.253534,0,0.66528,12.849,1,0.556072,0.36288,0,67.415,4.08261,63.1392,0.84672,12.849,0.84672,3695.15,0,36.966,0.419707,0.503194,2.10772,1.5059,1.04336,2.65374,0.42336,36.966,0.42336,423.524,0,0.83395,0,0,1.33714,0.503194,1.028160,1,0,65.7929,0,0,0,65.7929,0
61.8035,2.71401,0,0,2.98852,0.240969,0.36288,3.6288,58.8888,0.598488,0,0,0.387118,0.252582,0,0.66528,12.849,1,0.561255,0.36288,0,72.852,4.08261,68.571,0.84672,12.849,0.84672,3695.15,0,36.966,0.372749,0.608429,2.10807,2.00019,1.04336,3.30058,0.42336,36.966,0.42336,423.524,0,0.963308,0,0,1.57174,0.608429,1.028160,1,0,71.8716,0,0,0,71.8716,0
61.9218,2.71199,0,0,3.44705,0.253844,0.36288,3.6288,58.4436,0.625586,0,0,0.401036,0.220733,0,0.66528,12.849,1,0.563825,0.36288,0,90.1204,3.54171,86.3777,0.84672,12.849,0.84672,3695.15,0,36.966,0.392696,0.608429,2.10842,2.5364,0.932492,3.92806,0.42336,36.966,0.42336,423.524,0,0.916583,0,0,1.52501,0.608429,1.028160,1,0,90.3058,0,0,0,90.3058,0
62.5256,2.41486,0,0,3.6485,0.266936,0.36288,3.6288,58.3229,0.407768,0,0,0.480277,0.193153,0,0.66528,12.849,1,0.501092,0.36288,0,76.0887,3.14929,72.8012,0.84672,12.849,0.84672,3695.15,0,36.966,0.257916,0.85606,2.10876,2.62938,0.822713,4.51357,0.42336,36.966,0.42336,423.524,0,1.02816,0,0,1.88422,0.85606,1.028160,1,0,77.3147,0,0,0,77.3147,0
62.9852,2.40232,0,0,3.49979,0.275016,0.36288,3.6288,58.1974,0.420121,0,0,0.478405,0.18378,0,0.66528,12.849,1,0.493677,0.36288,0,54.4836,3.18244,51.1703,0.84672,12.849,0.84672,3695.15,0,36.966,0.26628,0.627394,1.85511,2.57666,0.756146,4.03674,0.42336,36.966,0.42336,423.524,0,1.02816,0,0,1.65555,0.627394,1.028160,1,0,55.2071,0,0,0,55.2071,0
65.2941,2.40595,0,0,5.35375,0.276052,0.36288,3.6288,58.1646,0.41977,0,0,0.570567,0.183632,0,0.66528,12.849,1,0.490815,0.36288,0,95.7977,3.18244,92.4874,0.84672,12.849,0.84672,3695.15,0,36.966,0.266631,0.799312,1.86738,3.21838,0.756146,4.86229,0.42336,36.966,0.42336,423.524,0,1.02816,0,0,1.82747,0.799312,1.028160,1,0,97.3496,0,0,0,97.3496,0
68.6704,2.42109,0,0,6.44161,0.281256,0.36288,3.6288,58.0747,0.419678,0,0,0.513356,0.183593,0,0.66528,12.849,1,0.476438,0.36288,0,99.2563,3.18244,95.9603,0.84672,12.849,0.84672,3695.15,0,36.966,0.266723,0.892607,1.86752,3.57651,0.756146,5.31378,0.42336,36.966,0.42336,423.524,0,1.02816,0,0,1.92077,0.892607,1.028160,1,0,101.274,0,0,0,101.274,0
71.0789,2.44147,0,0,5.4912,0.27837,0.36288,3.6288,57.9865,0.419426,0,0,0.571831,0.2406,0,0.66528,12.849,1,0.456826,0.36288,0,83.6611,4.47825,79.0889,0.84672,12.849,0.84672,3695.15,0,36.966,0.266975,0.898016,1.86767,3.57506,1.10936,4.96441,0.42336,36.966,0.42336,423.524,0,1.02816,0,0,1.92618,0.898016,1.028160,1,0,84.0533,0,0,0,84.0533,0
72.29,2.54553,0,0,5.07834,0.315032,1.00671,3.6288,57.6724,0.460815,0,0,0.34587,0.199157,0,0.66528,12.849,1,0.460158,1.00671,0,89.6054,3.9453,86.2067,0.84672,12.849,0.84672,3695.15,0,36.966,0.293767,0.806423,1.86781,2.7715,0.999583,4.15238,0.42336,36.966,0.42336,423.524,0,1.02816,0,0,1.83458,0.806423,1.028160,1,0,90.3591,0,0,0,90.3591,0
72.29,2.5689,0,0,6.03123,0.321539,3.14079,3.6288,57.5597,0.448249,0,0,0.51515,0.179593,0,0.66528,12.849,1,0.456603,3.14079,0,90.6664,3.83828,89.5123,0.84672,12.849,0.84672,3695.15,0,36.966,0.287312,0.761789,1.94061,2.38222,0.932127,3.86518,0.42336,36.966,0.42336,423.524,0,1.02816,0,0,1.78995,0.761789,1.028160,1,0,93.3775,0,0,0,93.3775,0
72.29,2.56933,0,0,5.24054,0.321539,2.34968,3.6288,57.5767,0.448085,0,0,0.644532,0.179462,0,0.66528,12.849,1,0.456678,2.34968,0,99.989,3.83828,98.0437,0.84672,12.849,0.84672,3695.15,0,36.966,0.287769,1.37894,1.92963,3.44935,0.932127,5.53802,0.42336,36.966,0.42336,423.524,0,1.02816,0,0,2.4071,1.37894,1.028160,1,0,103.582,0,0,0,103.582,0
72.29,2.56975,0,0,4.08702,0.321539,1.19573,3.6288,57.4592,0.448315,0,0,0.510344,0.179482,0,0.66528,12.849,1,0.456754,1.19573,0,114.605,3.83828,111.506,0.84672,12.849,0.84672,3695.15,0,36.966,0.287832,1.40493,1.92995,2.36667,0.932127,4.4816,0.42336,36.966,0.42336,423.524,0,1.02816,0,0,2.43309,1.40493,1.028160,1,0,115.988,0,0,0,115.988,0
72.29,2.53475,0,0,3.38494,0.271515,0.578667,3.6288,57.1955,0.43201,0,0,0.362676,0.194369,0,0.66528,12.849,1,0.450533,0.578667,0,75.2596,3.70779,71.6799,0.84672,12.849,0.84672,3695.15,0,36.966,0.277931,0.612421,1.93027,2.11724,0.957306,3.42469,0.42336,36.966,0.42336,423.524,0,1.02816,0,0,1.64058,0.612421,1.028160,1,0,75.1046,0,0,0,75.1046,0
72.29,2.53517,0,0,3.21532,0.249175,0.430966,3.6288,56.678,0.603728,0,0,0.331931,0.245682,0,0.66528,12.849,1,0.450608,0.430966,0,61.7783,4.74306,57.0156,0.84672,12.849,0.84672,3695.15,0,36.966,0.390195,0.528595,1.9023,2.00332,1.13471,2.90931,0.42336,36.966,0.42336,423.524,0,0.744466,0,0,1.27306,0.528595,1.028160,1,0,59.9249,0,0,0,59.9249,0
72.0396,2.53559,0,0,2.89723,0.249175,0.36288,3.6288,56.1236,0.603696,0,0,0.294168,0.244857,0,0.66528,12.849,1,0.450683,0.36288,0,53.9274,4.74306,49.0966,0.84672,12.849,0.84672,3695.15,0,36.966,0.393737,0.402797,1.90261,1.8091,1.13471,2.58607,0.42336,36.966,0.42336,423.524,0,0.741243,0,0,1.14404,0.402797,1.028160,1,0,51.6826,0,0,0,51.6826,0
71.586,2.53468,0,0,2.66248,0.218513,0.36288,3.6288,55.5625,0.632983,0,0,0.277272,0.205457,0,0.66528,12.849,1,0.452087,0.36288,0,51.7263,3.91734,47.7198,0.84672,12.849,0.84672,3695.15,0,36.966,0.416916,0.402797,1.90293,1.63713,0.92528,2.60066,0.42336,36.966,0.42336,423.524,0,0.689066,0,0,1.09186,0.402797,1.028160,1,0,50.3204,0,0,0,50.3204,0
71.0049,2.65282,0,0,2.64596,0.211376,0.36288,3.6288,55.1397,0.523093,0,0,0.308619,0.208328,0,0.66528,12.849,1,0.476155,0.36288,0,47.4675,4.02015,43.334,0.84672,12.849,0.84672,3695.15,0,36.966,0.348017,0.402797,1.90325,1.83511,0.943267,2.84987,0.42336,36.966,0.42336,423.524,0,0.962176,0,0,1.36497,0.402797,1.028160,1,0,46.1839,0,0,0,46.1839,0
70.3843,2.64996,0,0,2.56455,0.172311,0.36288,3.6288,54.6371,0.595265,0,0,0.322093,0.229439,0,0.66528,12.849,1,0.479535,0.36288,0,46.1193,4.63701,41.3656,0.84672,12.849,0.84672,3695.15,0,36.966,0.39907,0.402797,2.00277,1.68722,1.05119,2.64253,0.42336,36.966,0.42336,423.524,0,0.839255,0,0,1.24205,0.402797,1.028160,1,0,44.0081,0,0,0,44.0081,0
69.4854,2.64682,0,0,2.28232,0.171492,0.36288,3.6288,54.1057,0.598188,0,0,0.295517,0.22868,0,0.66528,12.849,1,0.48319,0.36288,0,41.5899,4.63701,36.8326,0.84672,12.849,0.84672,3695.15,0,36.966,0.404719,0.30119,2.0031,1.62591,1.05119,2.4743,0.42336,36.966,0.42336,423.524,0,0.830987,0,0,1.13218,0.30119,1.028160,1,0,39.3069,0,0,0,39.3069,0
68.5151,2.64198,0,0,2.1556,0.12099,0.36288,3.6288,53.5075,0.62255,0,0,0.283811,0.259425,0,0.66528,12.849,1,0.488546,0.36288,0,37.0693,5.01186,31.9318,0.84672,12.849,0.84672,3695.15,0,36.966,0.42336,0.30119,2.00343,1.54853,1.14696,2.28283,0.42336,36.966,0.42336,423.524,0,0.788288,0,0,1.08948,0.30119,1.028160,1,0,34.2146,0,0,0,34.2146,0
67.4229,2.63659,0,0,2.02729,0.12008,0.36288,3.6288,52.8177,0.702065,0,0,0.270476,0.258288,0,0.66528,12.849,1,0.494454,0.36288,0,36.5336,5.01186,31.3902,0.84672,12.849,0.84672,3695.15,0,36.966,0.42336,0.30119,2.00376,1.59468,1.14696,2.32931,0.42336,36.966,0.42336,423.524,0,0.709076,0,0,1.01027,0.30119,1.028160,1,0,33.7195,0,0,0,33.7195,0
66.6583,2.60674,0,0,2.32164,0.116589,0.36288,3.6288,52.418,0.504959,0,0,0.378471,0.27319,0,0.66528,12.849,1,0.496776,0.36288,0,45.5138,5.50605,39.8738,0.84672,12.849,0.84672,3695.15,0,36.966,0.353411,0.637692,2.00409,1.67747,1.27316,2.69269,0.42336,36.966,0.42336,423.524,0,1.02816,0,0,1.66585,0.637692,1.028160,1,0,42.5665,0,0,0,42.5665,0
65.7422,2.6024,0,0,2.16463,0.115478,0.36288,3.6288,52.0301,0.503562,0,0,0.390713,0.275027,0,0.66528,12.849,1,0.501636,0.36288,0,42.9431,5.58841,37.216,0.84672,12.849,0.84672,3695.15,0,36.966,0.35512,0.694561,2.03913,1.64322,1.2942,2.7276,0.42336,36.966,0.42336,423.524,0,1.02816,0,0,1.72272,0.694561,1.028160,1,0,39.9436,0,0,0,39.9436,0
64.7248,2.59698,0,0,2.05711,0.11464,0.36288,3.6288,51.6145,0.502197,0,0,0.360766,0.27417,0,0.66528,12.849,1,0.507568,0.36288,0,39.2456,5.58841,33.5125,0.84672,12.849,0.84672,3695.15,0,36.966,0.356798,0.487927,2.03947,1.60059,1.2942,2.47699,0.42336,36.966,0.42336,423.524,0,1.02816,0,0,1.51609,0.487927,1.028160,1,0,35.9894,0,0,0,35.9894,0
63.6493,2.59075,0,0,1.99181,0.113709,0.36288,3.6288,51.1873,0.500706,0,0,0.346742,0.273251,0,0.66528,12.849,1,0.514309,0.36288,0,35.0451,5.58841,29.3053,0.84672,12.849,0.84672,3695.15,0,36.966,0.358602,0.410357,2.03981,1.59415,1.2942,2.39152,0.42336,36.966,0.42336,423.524,0,1.02816,0,0,1.43852,0.410357,1.028160,1,0,31.6968,0,0,0,31.6968,0
62.3985,2.59447,0,0,1.78464,0.0780867,0.36288,3.6288,50.6746,0.516744,0,0,0.305345,0.301249,0,0.66528,12.849,1,0.523751,0.36288,0,31.3225,5.76255,25.3991,0.84672,12.849,0.84672,3695.15,0,36.966,0.373178,0.261274,2.04015,1.39622,1.46798,1.85648,0.42336,36.966,0.42336,423.524,0,1.00758,0,0,1.26885,0.261274,1.028160,1,0,27.2556,0,0,0,27.2556,0
61.2391,2.5862,0,0,1.86617,0.0764051,0.36288,3.6288,50.2362,0.502843,0,0,0.364317,0.299913,0,0.66528,12.849,1,0.532546,0.36288,0,39.7051,5.64039,33.8951,0.84672,12.849,0.84672,3695.15,0,36.966,0.366813,0.41421,2.05037,1.43736,1.48979,2.04533,0.42336,36.966,0.42336,423.524,0,1.02816,0,0,1.44237,0.41421,1.028160,1,0,35.9404,0,0,0,35.9404,0
59.9209,2.57829,0,0,1.69865,0.0756785,0.36288,3.6288,49.7367,0.50118,0,0,0.30049,0.298841,0,0.66528,12.849,1,0.540968,0.36288,0,31.9807,5.64039,26.1622,0.84672,12.849,0.84672,3695.15,0,36.966,0.36879,0.445357,2.0507,1.33562,1.48979,1.9731,0.42336,36.966,0.42336,423.524,0,1.02816,0,0,1.47352,0.445357,1.028160,1,0,28.1353,0,0,0,28.1353,0
58.4592,2.56892,0,0,1.5449,0.0748175,0.36288,3.6288,49.2129,0.505962,0,0,0.279843,0.29762,0,0.66528,12.849,1,0.550859,0.36288,0,29.8131,5.64039,23.9847,0.84672,12.849,0.84672,3695.15,0,36.966,0.376048,0.227405,2.05104,1.19031,1.48979,1.60292,0.42336,36.966,0.42336,423.524,0,1.01644,0,0,1.24384,0.227405,1.028160,1,0,25.5876,0,0,0,25.5876,0
56.9828,2.72889,0,0,1.68239,0.0671022,0.36288,3.6288,48.6379,0.610715,0,0,0.330317,0.294687,0,0.66528,12.849,1,0.599794,0.36288,0,29.9542,5.74852,23.9688,0.84672,12.849,0.84672,3695.15,0,36.966,0.42336,0.539361,2.05138,1.68302,1.5157,2.3347,0.42336,36.966,0.42336,423.524,0,1.02816,0,0,1.56752,0.539361,1.028160,1,0,26.3034,0,0,0,26.3034,0
55.444,2.71666,0,0,1.60136,0.0605317,0.36288,3.6288,47.9483,0.677696,0,0,0.284428,0.296323,0,0.66528,12.849,1,0.612577,0.36288,0,26.865,5.62093,20.9943,0.84672,12.849,0.84672,3695.15,0,36.966,0.42336,0.227405,2.21708,1.09954,1.49587,1.6248,0.42336,36.966,0.42336,423.524,0,0.96152,0,0,1.18892,0.227405,1.028160,1,0,22.6191,0,0,0,22.6191,0
54.0577,2.7033,0,0,1.73921,0.0594148,0.36288,3.6288,47.3826,0.611398,0,0,0.330004,0.284303,0,0.66528,12.849,1,0.626483,0.36288,0,30.1494,5.61288,24.2729,0.84672,12.849,0.84672,3695.15,0,36.966,0.42336,0.402278,2.21744,1.02861,1.50286,1.72211,0.42336,36.966,0.42336,423.524,0,1.02816,0,0,1.43044,0.402278,1.028160,1,0,25.995,0,0,0,25.995,0
52.3408,2.69077,0,0,1.39542,0.0585911,0.36288,3.6288,46.6622,0.696852,0,0,0.259491,0.282962,0,0.66528,12.849,1,0.63957,0.36288,0,35.4622,5.61288,29.5726,0.84672,12.849,0.84672,3695.15,0,36.966,0.42336,0.204422,2.21781,0.854453,1.50286,1.35046,0.42336,36.966,0.42336,423.524,0,0.943047,0,0,1.14747,0.204422,1.028160,1,0,30.9231,0,0,0,30.9231,0
50.8987,2.67437,0,0,1.65264,0.0575712,0.36288,3.6288,46.165,0.612081,0,0,0.396102,0.281237,0,0.66528,12.849,1,0.656522,0.36288,0,30.438,5.61288,24.5315,0.84672,12.849,0.84672,3695.15,0,36.966,0.42336,0.697957,2.21818,1.15549,1.50286,2.1454,0.42336,36.966,0.42336,423.524,0,1.02816,0,0,1.72612,0.697957,1.028160,1,0,26.6769,0,0,0,26.6769,0
50.4497,2.5788,0,0,2.57095,0.0782528,0.36288,3.6288,45.8178,0.520053,0,0,0.424795,0.252004,0,0.66528,12.849,1,0.650998,0.36288,0,49.6851,5.51553,43.8814,0.84672,12.849,0.84672,3695.15,0,36.966,0.416425,0.532379,2.21855,1.50892,1.40571,2.43771,0.42336,36.966,0.42336,423.524,0,1.02816,0,0,1.56054,0.532379,1.028160,1,0,46.3192,0,0,0,46.3192,0
49.9549,2.5746,0,0,2.52917,0.0864596,0.36288,3.6288,45.7366,0.518486,0,0,0.677347,0.240052,0,0.66528,12.849,1,0.655724,0.36288,0,48.1175,5.47659,42.3481,0.84672,12.849,0.84672,3695.15,0,36.966,0.418317,1.53846,2.12314,1.83514,1.36685,3.71157,0.42336,36.966,0.42336,423.524,0,1.02816,0,0,2.56662,1.53846,1.028160,1,0,46.0597,0,0,0,46.0597,0
49.1673,2.56986,0,0,2.23115,0.0860093,0.36288,3.6288,45.3598,0.518255,0,0,0.381345,0.239871,0,0.66528,12.849,1,0.660999,0.36288,0,49.8423,5.47659,44.0675,0.84672,12.849,0.84672,3695.15,0,36.966,0.418873,0.525908,2.12349,1.37619,1.36685,2.23987,0.42336,36.966,0.42336,423.524,0,1.02816,0,0,1.55407,0.525908,1.028160,1,0,46.3074,0,0,0,46.3074,0
48.0505,2.56189,0,0,1.89324,0.0852897,0.36288,3.6288,44.9519,0.516517,0,0,0.347616,0.239031,0,0.66528,12.849,1,0.669505,0.36288,0,46.0553,5.47659,40.2721,0.84672,12.849,0.84672,3695.15,0,36.966,0.420936,0.384722,2.12385,1.30952,1.36685,2.0303,0.42336,36.966,0.42336,423.524,0,1.02816,0,0,1.41288,0.384722,1.028160,1,0,42.3024,0,0,0,42.3024,0
48.1314,2.48416,0,0,3.11031,0.182358,0.36288,3.6288,44.8779,0.464965,0,0,0.555509,0.164499,0,0.66528,12.849,1,0.664281,0.36288,0,74.1207,4.28727,69.532,0.84672,12.849,0.84672,3695.15,0,36.966,0.382362,0.793774,2.1242,1.8018,1.03318,3.30424,0.42336,36.966,0.42336,423.524,0,1.02816,0,0,1.82193,0.793774,1.028160,1,0,72.8362,0,0,0,72.8362,0
48.9534,2.48546,0,0,3.87755,0.207209,0.36288,3.6288,44.9687,0.464789,0,0,0.723603,0.168012,0,0.66528,12.849,1,0.663509,0.36288,0,85.9144,4.22079,81.393,0.84672,12.849,0.84672,3695.15,0,36.966,0.382848,1.16443,2.03902,2.39186,1.10756,4.10489,0.42336,36.966,0.42336,423.524,0,1.02816,0,0,2.19259,1.16443,1.028160,1,0,85.4979,0,0,0,85.4979,0
49.5392,2.49469,0,0,3.6524,0.209064,0.36288,3.6288,44.9023,0.465384,0,0,0.567161,0.168155,0,0.66528,12.849,1,0.654792,0.36288,0,83.649,4.22079,79.1363,0.84672,12.849,0.84672,3695.15,0,36.966,0.382563,1.02743,2.03936,3.17806,1.10756,4.75472,0.42336,36.966,0.42336,423.524,0,1.02816,0,0,2.05559,1.02743,1.028160,1,0,83.891,0,0,0,83.891,0
50.3103,2.50126,0,0,3.8456,0.210386,0.36288,3.6288,45.1358,0.465244,0,0,0.866744,0.168051,0,0.66528,12.849,1,0.648752,0.36288,0,98.3828,4.22079,93.8762,0.84672,12.849,0.84672,3695.15,0,36.966,0.383014,1.3379,2.03969,3.7533,1.10756,5.64032,0.42336,36.966,0.42336,423.524,0,1.02816,0,0,2.36606,1.3379,1.028160,1,0,99.5165,0,0,0,99.5165,0
51.1679,2.36512,0,0,3.79772,0.21211,0.36288,3.6288,45.4862,0.380677,0,0,0.899497,0.168418,0,0.66528,12.849,1,0.604039,0.36288,0,77.5276,4.22079,73.0656,0.84672,12.849,0.84672,3695.15,0,36.966,0.311773,1.81204,2.04003,4.46369,1.10756,6.89643,0.42336,36.966,0.42336,423.524,0,1.02816,0,0,2.8402,1.81204,1.028160,1,0,79.9621,0,0,0,79.9621,0
50.31,2.3736,0,0,2.0892,0.210636,0.36288,3.6288,45.3775,0.382159,0,0,0.456,0.182492,0,0.66528,12.849,1,0.596046,0.36288,0,63.0975,3.73096,59.1334,0.84672,12.849,0.84672,3695.15,0,36.966,0.310575,0.582967,1.88576,1.93937,0.887378,3.21014,0.42336,36.966,0.42336,423.524,0,1.02816,0,0,1.61113,0.582967,1.028160,1,0,62.3435,0,0,0,62.3435,0
49.5589,2.3659,0,0,2.18644,0.208749,0.36288,3.6288,45.5288,0.381906,0,0,0.715506,0.182307,0,0.66528,12.849,1,0.604242,0.36288,0,72.6253,3.73096,68.6529,0.84672,12.849,0.84672,3695.15,0,36.966,0.311113,1.40143,1.88607,2.63266,0.887378,4.72168,0.42336,36.966,0.42336,423.524,0,1.02816,0,0,2.42959,1.40143,1.028160,1,0,73.3746,0,0,0,73.3746,0
48.7852,2.35901,0,0,2.15535,0.207096,0.36288,3.6288,45.6056,0.382634,0,0,0.641997,0.182564,0,0.66528,12.849,1,0.611616,0.36288,0,81.5426,3.73096,77.5629,0.84672,12.849,0.84672,3695.15,0,36.966,0.31067,0.998361,1.88639,2.33976,0.887378,4.02646,0.42336,36.966,0.42336,423.524,0,1.02816,0,0,2.02652,0.998361,1.028160,1,0,81.5894,0,0,0,81.5894,0
51.4102,2.35173,0,0,5.56746,0.227873,0.36288,3.6288,46.4252,0.38308,0,0,1.37855,0.17586,0,0.66528,12.849,1,0.619395,0.36288,0,122.405,4.50056,117.648,0.84672,12.849,0.84672,3695.15,0,36.966,0.310509,2.33426,1.8867,4.82618,1.08233,7.6543,0.42336,36.966,0.42336,423.524,0,1.02816,0,0,3.36242,2.33426,1.028160,1,0,125.302,0,0,0,125.302,0
50.4683,2.45189,0,0,2.08287,0.210042,0.36288,3.6288,46.5609,0.417284,0,0,0.745781,0.192831,0,0.66528,12.849,1,0.612803,0.36288,0,70.8848,4.57178,66.0631,0.84672,12.849,0.84672,3695.15,0,36.966,0.332262,0.832827,1.88701,2.62741,1.03176,3.98323,0.42336,36.966,0.42336,423.524,0,1.02816,0,0,1.86099,0.832827,1.028160,1,0,70.0463,0,0,0,70.0463,0
49.4438,2.44316,0,0,1.97112,0.189552,0.36288,3.6288,46.824,0.417979,0,0,0.867967,0.186914,0,0.66528,12.849,1,0.622017,0.36288,0,39.0695,4.2251,34.5852,0.84672,12.849,0.84672,3695.15,0,36.966,0.331846,1.10465,1.94778,3.63361,0.856811,5.49738,0.42336,36.966,0.42336,423.524,0,1.02816,0,0,2.13281,1.10465,1.028160,1,0,40.0826,0,0,0,40.0826,0
49.54,2.43331,0,0,3.09914,0.206752,0.36288,3.6288,47.0415,0.419177,0,0,0.826179,0.189469,0,0.66528,12.849,1,0.632346,0.36288,0,64.701,4.35985,60.0717,0.84672,12.849,0.84672,3695.15,0,36.966,0.330927,0.876131,1.94808,3.35308,0.932212,4.91416,0.42336,36.966,0.42336,423.524,0,1.02816,0,0,1.90429,0.876131,1.028160,1,0,64.9858,0,0,0,64.9858,0
49.525,2.43467,0,0,3.03767,0.255125,0.36288,3.6288,47.303,0.42019,0,0,0.876832,0.195109,0,0.66528,12.849,1,0.63147,0.36288,0,73.8534,4.69675,68.8881,0.84672,12.849,0.84672,3695.15,0,36.966,0.330193,1.06409,1.94839,3.73471,1.12071,5.29629,0.42336,36.966,0.42336,423.524,0,1.02816,0,0,2.09225,1.06409,1.028160,1,0,74.1844,0,0,0,74.1844,0
48.896,2.42084,0,0,2.40856,0.253846,0.36288,3.6288,47.9973,0.433735,0,0,1.32589,0.197848,0,0.66528,12.849,1,0.628074,0.36288,0,58.2326,4.58882,53.3786,0.84672,12.849,0.84672,3695.15,0,36.966,0.338952,2.36161,1.9487,3.82342,1.10284,6.69194,0.42336,36.966,0.42336,423.524,0,1.02816,0,0,3.38977,2.36161,1.028160,1,0,60.0705,0,0,0,60.0705,0
48.1889,2.41482,0,0,2.31419,0.243609,0.36288,3.6288,48.0543,0.436664,0,0,0.698995,0.205364,0,0.66528,12.849,1,0.634572,0.36288,0,43.7733,4.00904,39.4926,0.84672,12.849,0.84672,3695.15,0,36.966,0.336305,0.651879,1.9627,3.44247,1.01072,4.71002,0.42336,36.966,0.42336,423.524,0,1.02816,0,0,1.68004,0.651879,1.028160,1,0,44.2026,0,0,0,44.2026,0
47.4596,2.40785,0,0,2.28169,0.24023,0.36288,3.6288,48.0707,0.437049,0,0,0.648741,0.195352,0,0.66528,12.849,1,0.642024,0.36288,0,43.6797,4.09952,39.301,0.84672,12.849,0.84672,3695.15,0,36.966,0.336202,0.909887,1.96301,3.71987,1.03089,5.22568,0.42336,36.966,0.42336,423.524,0,1.02816,0,0,1.93805,0.909887,1.028160,1,0,44.5267,0,0,0,44.5267,0
47.4245,2.40046,0,0,2.96651,0.238322,0.36288,3.6288,48.1863,0.437274,0,0,0.748279,0.195378,0,0.66528,12.849,1,0.649889,0.36288,0,59.2558,4.09952,54.8693,0.84672,12.849,0.84672,3695.15,0,36.966,0.33626,1.14395,1.96332,4.44098,1.03089,6.1811,0.42336,36.966,0.42336,423.524,0,1.02816,0,0,2.17211,1.14395,1.028160,1,0,61.0504,0,0,0,61.0504,0
48.7621,2.09618,0,0,4.04061,0.243894,0.36288,3.6288,49.0249,0.293916,0,0,1.3219,0.189366,0,0.66528,12.849,1,0.567932,0.36288,0,76.7439,4.0082,72.5307,0.84672,12.849,0.84672,3695.15,0,36.966,0.225477,1.49602,1.96362,5.64164,1.00809,7.86772,0.42336,36.966,0.42336,423.524,0,1.02816,0,0,2.52418,1.49602,1.028160,1,0,80.3984,0,0,0,80.3984,0
52.5372,2.10416,0,0,6.52406,0.281956,0.36288,3.6288,51.8028,0.299628,0,0,3.23076,0.153226,0,0.66528,12.849,1,0.554454,0.36288,0,104.698,3.46027,101.046,0.84672,12.849,0.84672,3695.15,0,36.966,0.225927,3.52032,1.6949,13.0263,0.871266,17.1443,0.42336,36.966,0.42336,423.524,0,1.02816,0,0,4.54848,3.52032,1.028160,1,0,118.19,0,0,0,118.19,0
55.011,2.13672,0,0,5.26682,0.293384,0.36288,3.6288,53.6208,0.306684,0,0,2.28138,0.156743,0,0.66528,12.849,1,0.522577,0.36288,0,113.16,3.46027,109.54,0.84672,12.849,0.84672,3695.15,0,36.966,0.218847,1.96886,1.69862,9.03576,0.871266,11.6131,0.42336,36.966,0.42336,423.524,0,1.02816,0,0,2.99702,1.96886,1.028160,1,0,121.153,0,0,0,121.153,0
55.8986,2.15633,0,0,3.70767,0.300858,0.36288,3.6288,54.769,0.311061,0,0,1.61831,0.159044,0,0.66528,12.849,1,0.503657,0.36288,0,100.599,3.46027,96.9979,0.84672,12.849,0.84672,3695.15,0,36.966,0.214445,1.55949,1.69873,8.68372,0.871266,10.8562,0.42336,36.966,0.42336,423.524,0,1.02816,0,0,2.58765,1.55949,1.028160,1,0,107.854,0,0,0,107.854,0
57.6432,2.16339,0,0,4.50533,0.234483,0.36288,3.6288,56.0581,0.31373,0,0,1.72277,0.119928,0,0.66528,12.849,1,0.497282,0.36288,0,95.199,2.84991,92.2147,0.84672,12.849,0.84672,3695.15,0,36.966,0.21175,1.74228,1.69884,8.70554,0.783588,11.1513,0.42336,36.966,0.42336,423.524,0,1.02816,0,0,2.77044,1.74228,1.028160,1,0,103.366,0,0,0,103.366,0
58.4233,2.25592,0,0,3.65897,0.260115,0.36288,3.6288,57.0998,0.354186,0,0,1.55058,0.154706,0,0.66528,12.849,1,0.502857,0.36288,0,81.1063,2.83873,78.1276,0.84672,12.849,0.84672,3695.15,0,36.966,0.233559,1.24196,1.69895,5.615,0.833522,7.48883,0.42336,36.966,0.42336,423.524,0,1.02816,0,0,2.27012,1.24196,1.028160,1,0,85.6164,0,0,0,85.6164,0
58.6452,2.26575,0,0,3.12136,0.27079,0.36288,3.6288,57.8519,0.353984,0,0,1.27549,0.169355,0,0.66528,12.849,1,0.498305,0.36288,0,59.3602,2.83427,56.3905,0.84672,12.849,0.84672,3695.15,0,36.966,0.229167,0.83687,1.76544,4.03315,0.853496,5.5528,0.42336,36.966,0.42336,423.524,0,1.02816,0,0,1.86503,0.83687,1.028160,1,0,61.9433,0,0,0,61.9433,0
58.8646,2.26765,0,0,3.12132,0.271374,0.36288,3.6288,58.5402,0.355956,0,0,1.21442,0.170183,0,0.66528,12.849,1,0.496836,0.36288,0,72.2659,2.83427,69.2977,0.84672,12.849,0.84672,3695.15,0,36.966,0.227447,0.756328,1.76288,3.78563,0.853496,5.2239,0.42336,36.966,0.42336,423.524,0,1.02816,0,0,1.78449,0.756328,1.028160,1,0,74.5216,0,0,0,74.5216,0
58.58,2.26953,0,0,2.61974,0.27195,0.36288,3.6288,58.9909,0.35775,0,0,0.979372,0.17094,0,0.66528,12.849,1,0.495394,0.36288,0,49.3791,2.83427,46.4123,0.84672,12.849,0.84672,3695.15,0,36.966,0.225906,0.948568,1.76316,3.05226,0.853496,4.68458,0.42336,36.966,0.42336,423.524,0,1.02816,0,0,1.97673,0.948568,1.028160,1,0,51.0969,0,0,0,51.0969,0
58.5635,2.23665,0,0,2.8119,0.228894,0.36288,3.6288,59.334,0.344084,0,0,0.841799,0.154623,0,0.66528,12.849,1,0.49059,0.36288,0,58.1298,2.82135,55.1808,0.84672,12.849,0.84672,3695.15,0,36.966,0.215616,0.979327,1.76343,3.01172,0.865346,4.67352,0.42336,36.966,0.42336,423.524,0,1.02816,0,0,2.00749,0.979327,1.028160,1,0,59.8543,0,0,0,59.8543,0
58.3889,2.23689,0,0,2.64334,0.218139,0.36288,3.6288,59.6299,0.345005,0,0,0.814515,0.173551,0,0.66528,12.849,1,0.49078,0.36288,0,54.8503,3.49961,51.2228,0.84672,12.849,0.84672,3695.15,0,36.966,0.214944,0.830987,1.73787,3.15704,0.967619,4.54333,0.42336,36.966,0.42336,423.524,0,1.02816,0,0,1.85915,0.830987,1.028160,1,0,55.7661,0,0,0,55.7661,0
58.0242,2.23604,0,0,2.39558,0.161304,0.36288,3.6288,59.7485,0.345818,0,0,0.674117,0.209683,0,0.66528,12.849,1,0.49206,0.36288,0,49.5964,3.83562,45.6316,0.84672,12.849,0.84672,3695.15,0,36.966,0.21438,0.684089,1.73814,2.89975,0.989689,4.11791,0.42336,36.966,0.42336,423.524,0,1.02816,0,0,1.71225,0.684089,1.028160,1,0,49.7495,0,0,0,49.7495,0
57.618,2.23385,0,0,2.3262,0.135753,0.36288,3.6288,59.9083,0.346234,0,0,0.728803,0.222792,0,0.66528,12.849,1,0.494669,0.36288,0,47.8355,3.95094,43.7528,0.84672,12.849,0.84672,3695.15,0,36.966,0.214213,0.807494,1.73841,3.20901,0.996574,4.54413,0.42336,36.966,0.42336,423.524,0,1.02816,0,0,1.83565,0.807494,1.028160,1,0,48.2969,0,0,0,48.2969,0
56.946,2.3372,0,0,2.16337,0.135216,0.36288,3.6288,59.9598,0.399864,0,0,0.674371,0.223019,0,0.66528,12.849,1,0.521204,0.36288,0,43.7556,3.95094,39.6464,0.84672,12.849,0.84672,3695.15,0,36.966,0.246733,0.634245,1.73868,2.96304,0.996574,4.09266,0.42336,36.966,0.42336,423.524,0,1.02816,0,0,1.66241,0.634245,1.028160,1,0,43.739,0,0,0,43.739,0
56.0547,2.33255,0,0,1.93572,0.131616,0.36288,3.6288,59.9363,0.400158,0,0,0.58729,0.210673,0,0.66528,12.849,1,0.526304,0.36288,0,39.785,4.32862,35.293,0.84672,12.849,0.84672,3695.15,0,36.966,0.246702,0.699002,1.82958,2.59495,1.06973,3.8071,0.42336,36.966,0.42336,423.524,0,1.02816,0,0,1.72716,0.699002,1.028160,1,0,39.1001,0,0,0,39.1001,0
55.046,2.32611,0,0,1.79085,0.110545,0.36288,3.6288,59.9171,0.40026,0,0,0.597036,0.21595,0,0.66528,12.849,1,0.533196,0.36288,0,36.0426,4.49117,31.3811,0.84672,12.849,0.84672,3695.15,0,36.966,0.246863,0.702337,1.82987,2.56047,1.03964,3.80617,0.42336,36.966,0.42336,423.524,0,1.02816,0,0,1.7305,0.702337,1.028160,1,0,35.1873,0,0,0,35.1873,0
53.9902,2.31855,0,0,1.73508,0.109437,0.36288,3.6288,59.9264,0.400374,0,0,0.625621,0.215923,0,0.66528,12.849,1,0.541202,0.36288,0,34.1997,4.49117,29.5302,0.84672,12.849,0.84672,3695.15,0,36.966,0.247012,0.639369,1.83016,2.65791,1.03964,3.84078,0.42336,36.966,0.42336,423.524,0,1.02816,0,0,1.66753,0.639369,1.028160,1,0,33.371,0,0,0,33.371,0
52.8336,2.31036,0,0,1.62489,0.108277,0.36288,3.6288,59.8871,0.40056,0,0,0.57714,0.215936,0,0.66528,12.849,1,0.549837,0.36288,0,32.0548,4.49117,27.3767,0.84672,12.849,0.84672,3695.15,0,36.966,0.247088,0.4881,1.83044,2.40824,1.03964,3.44006,0.42336,36.966,0.42336,423.524,0,1.02816,0,0,1.51626,0.4881,1.028160,1,0,30.8168,0,0,0,30.8168,0
51.4955,2.28043,0,0,1.39139,0.086154,0.36288,3.6288,59.5576,0.489454,0,0,0.424145,0.264116,0,0.66528,12.849,1,0.554595,0.36288,0,25.7856,4.91174,20.6822,0.84672,12.849,0.84672,3695.15,0,36.966,0.302121,0.30119,1.83073,2.12123,1.18567,2.76536,0.42336,36.966,0.42336,423.524,0,0.931746,0,0,1.23294,0.30119,1.028160,1,0,23.4476,0,0,0,23.4476,0
50.0536,2.26925,0,0,1.26202,0.071811,0.36288,3.6288,59.0526,0.58336,0,0,0.369281,0.290975,0,0.66528,12.849,1,0.566217,0.36288,0,22.2908,5.08882,16.9986,0.84672,12.849,0.84672,3695.15,0,36.966,0.362078,0.30119,1.86272,2.03203,1.27143,2.56244,0.42336,36.966,0.42336,423.524,0,0.778153,0,0,1.07934,0.30119,1.028160,1,0,19.561,0,0,0,19.561,0
48.3134,2.49111,0,0,1.18447,0.070733,0.36288,3.6288,58.3861,0.701484,0,0,0.324991,0.290036,0,0.66528,12.849,1,0.639481,0.36288,0,20.3674,5.08882,15.002,0.84672,12.849,0.84672,3695.15,0,36.966,0.42336,0.261274,1.86301,1.92844,1.27143,2.35794,0.42336,36.966,0.42336,423.524,0,0.778144,0,0,1.03942,0.261274,1.028160,1,0,17.3599,0,0,0,17.3599,0
46.7499,2.2405,0,0,1.10937,0.0694234,0.36288,3.6288,57.7859,0.61436,0,0,0.303012,0.288796,0,0.66528,12.849,1,0.595863,0.36288,0,19.4903,5.08882,14.1685,0.84672,12.849,0.84672,3695.15,0,36.966,0.38897,0.261274,2.05692,1.82529,1.27143,2.48308,0.42336,36.966,0.42336,423.524,0,0.720801,0,0,0.982074,0.261274,1.028160,1,0,16.6516,0,0,0,16.6516,0
45.0686,2.27714,0,0,1.02025,0.0615791,0.36288,3.6288,56.9892,0.780524,0,0,0.285433,0.301663,0,0.66528,12.849,1,0.625863,0.36288,0,17.0481,5.46097,11.3241,0.84672,12.849,0.84672,3695.15,0,36.966,0.42336,0.261274,1.8636,1.67165,1.35523,2.01793,0.42336,36.966,0.42336,423.524,0,0.562654,0,0,0.823928,0.261274,1.028160,1,0,13.3421,0,0,0,13.3421,0
43.2592,2.44714,0,0,1.04477,0.0440836,0.36288,3.6288,56.0797,0.862165,0,0,0.287598,0.334888,0,0.66528,12.849,1,0.697678,0.36288,0,20.3594,6.39135,13.6332,0.84672,12.849,0.84672,3695.15,0,36.966,0.42336,0.261274,1.90885,1.85905,1.56473,2.04109,0.42336,36.966,0.42336,423.524,0,0.628163,0,0,0.889436,0.261274,1.028160,1,0,15.6743,0,0,0,15.6743,0
41.5652,2.23891,0,0,0.95097,0.0431845,0.36288,3.6288,55.2876,0.696354,0,0,0.237212,0.332909,0,0.66528,12.849,1,0.665008,0.36288,0,16.3984,6.39135,9.7049,0.84672,12.849,0.84672,3695.15,0,36.966,0.42336,0.261274,2.06785,1.72747,1.56473,2.06851,0.42336,36.966,0.42336,423.524,0,0.647378,0,0,0.908652,0.261274,1.028160,1,0,11.7734,0,0,0,11.7734,0
39.6219,2.40298,0,0,0.864907,0.0423427,0.36288,3.6288,54.2261,0.951307,0,0,0.220913,0.331185,0,0.66528,12.849,1,0.742829,0.36288,0,15.287,6.39135,8.51571,0.84672,12.849,0.84672,3695.15,0,36.966,0.42336,0.227405,1.90945,1.53952,1.56473,1.68829,0.42336,36.966,0.42336,423.524,0,0.53962,0,0,0.767025,0.227405,1.028160,1,0,10.204,0,0,0,10.204,0
37.6305,2.53451,0,0,0.941864,0.0359376,0.36288,3.6288,53.2428,0.916869,0,0,0.260759,0.327155,0,0.66528,12.849,1,0.821917,0.36288,0,15.3593,6.49948,8.40081,0.84672,12.849,0.84672,3695.15,0,36.966,0.42336,0.227405,2.0685,2.17678,1.59064,2.45869,0.42336,36.966,0.42336,423.524,0,0.739195,0,0,0.9666,0.227405,1.028160,1,0,10.8595,0,0,0,10.8595,0
35.5286,2.51023,0,0,0.809317,0.0380413,0.36288,3.6288,51.8614,1.25152,0,0,0.193595,0.323494,0,0.66528,12.849,1,0.84672,0.36288,0,11.9127,6.56376,4.86515,0.84672,12.849,0.84672,3695.15,0,36.966,0.42336,0.227405,2.23556,1.51513,1.61466,1.94007,0.42336,36.966,0.42336,423.524,0,0.404867,0,0,0.632272,0.227405,1.028160,1,0,6.80522,0,0,0,6.80522,0
33.4505,2.51076,0,0,0.834313,0.0387919,0.36288,3.6288,50.6033,1.16197,0,0,0.228138,0.324237,0,0.66528,12.849,1,0.84672,0.36288,0,14.4643,6.55357,7.4269,0.84672,12.849,0.84672,3695.15,0,36.966,0.42336,0.227405,2.23591,1.60428,1.61019,2.03404,0.42336,36.966,0.42336,423.524,0,0.494748,0,0,0.722153,0.227405,1.028160,1,0,9.46094,0,0,0,9.46094,0
31.2249,2.51129,0,0,0.686388,0.0378202,0.36288,3.6288,49.0806,1.36791,0,0,0.16615,0.320944,0,0.66528,12.849,1,0.84672,0.36288,0,13.2515,6.55357,6.2141,0.84672,12.849,0.84672,3695.15,0,36.966,0.42336,0.204422,2.23626,1.31397,1.61019,1.72111,0.42336,36.966,0.42336,423.524,0,0.289134,0,0,0.493557,0.204422,1.028160,1,0,7.93521,0,0,0,7.93521,0
29.1688,2.51181,0,0,0.855351,0.0367795,0.36288,3.6288,48.165,0.88643,0,0,0.287823,0.316958,0,0.66528,12.849,1,0.84672,0.36288,0,12.9172,6.55357,5.87982,0.84672,12.849,0.84672,3695.15,0,36.966,0.42336,0.204422,2.23661,2.04935,1.61019,2.45684,0.42336,36.966,0.42336,423.524,0,0.770939,0,0,0.975361,0.204422,1.028160,1,0,8.33666,0,0,0,8.33666,0
27.3729,2.40985,0,0,1.0325,0.0556228,0.36288,3.6288,47.2961,0.921817,0,0,0.322296,0.269464,0,0.66528,12.849,1,0.84672,0.36288,0,16.0701,5.09118,10.4951,0.84672,12.849,0.84672,3695.15,0,36.966,0.42336,0.204422,2.23696,2.07139,1.1787,2.91071,0.42336,36.966,0.42336,423.524,0,0.635748,0,0,0.840171,0.204422,1.028160,1,0,13.4058,0,0,0,13.4058,0
25.6788,2.41036,0,0,1.1437,0.0646216,0.36288,3.6288,47.0832,0.534959,0,0,0.58869,0.266632,0,0.66528,12.849,1,0.84672,0.36288,0,18.0922,4.96482,12.6436,0.84672,12.849,0.84672,3695.15,0,36.966,0.418117,0.587097,2.14074,2.45251,1.23285,3.52939,0.42336,36.966,0.42336,423.524,0,1.02816,0,0,1.61526,0.587097,1.028160,1,0,16.173,0,0,0,16.173,0
24.1011,2.16086,0,0,1.00916,0.0631015,0.36288,3.6288,46.5501,0.60853,0,0,0.341653,0.266156,0,0.66528,12.849,1,0.84672,0.36288,0,18.5318,4.96482,13.0831,0.84672,12.849,0.84672,3695.15,0,36.966,0.42336,0.216518,2.14108,1.88376,1.23285,2.58515,0.42336,36.966,0.42336,423.524,0,0.797576,0,0,1.01409,0.216518,1.028160,1,0,15.6683,0,0,0,15.6683,0
22.3491,2.16133,0,0,0.833916,0.0616859,0.36288,3.6288,45.865,0.721206,0,0,0.300991,0.264925,0,0.66528,12.849,1,0.84672,0.36288,0,17.1103,4.96482,11.6616,0.84672,12.849,0.84672,3695.15,0,36.966,0.42336,0.216518,1.97706,1.7445,1.23285,2.28188,0.42336,36.966,0.42336,423.524,0,0.685187,0,0,0.901705,0.216518,1.028160,1,0,13.9435,0,0,0,13.9435,0
21.1558,2.08408,0,0,1.36375,0.110095,0.36288,3.6288,45.5885,0.514621,0,0,0.440361,0.202214,0,0.66528,12.849,1,0.84672,0.36288,0,23.3578,4.04815,18.8258,0.84672,12.849,0.84672,3695.15,0,36.966,0.414771,0.216518,1.97737,2.29164,0.937208,3.13355,0.42336,36.966,0.42336,423.524,0,0.816446,0,0,1.03296,0.216518,1.028160,1,0,21.9594,0,0,0,21.9594,0
19.5896,2.08454,0,0,0.991224,0.11,0.36288,3.6288,44.8497,0.875175,0,0,0.346783,0.210389,0,0.66528,12.849,1,0.84672,0.36288,0,13.5525,4.40074,8.66795,0.84672,12.849,0.84672,3695.15,0,36.966,0.42336,0.216518,1.89807,2.43262,1.03012,3.09372,0.42336,36.966,0.42336,423.524,0,0.447577,0,0,0.664095,0.216518,1.028160,1,0,11.7617,0,0,0,11.7617,0
18.1934,2.085,0,0,1.21326,0.161553,0.36288,3.6288,43.8776,1.02312,0,0,0.250913,0.19992,0,0.66528,12.849,1,0.84672,0.36288,0,17.3986,4.4981,12.4167,0.84672,12.849,0.84672,3695.15,0,36.966,0.42336,0.216518,1.89836,2.20613,1.15413,2.74352,0.42336,36.966,0.42336,423.524,0,0.299909,0,0,0.516428,0.216518,1.028160,1,0,15.1602,0,0,0,15.1602,0
16.836,2.08546,0,0,1.24927,0.158402,0.36288,3.6288,43.4501,0.595366,0,0,0.365967,0.198099,0,0.66528,12.849,1,0.84672,0.36288,0,17.6523,4.4981,12.6704,0.84672,12.849,0.84672,3695.15,0,36.966,0.42336,0.292723,1.89866,3.03566,1.15413,3.64955,0.42336,36.966,0.42336,423.524,0,0.727934,0,0,1.02066,0.292723,1.028160,1,0,16.3199,0,0,0,16.3199,0
17.9541,1.86506,0,0,3.50138,0.155339,0.36288,3.6288,44.055,0.293553,0,0,1.09572,0.197299,0,0.66528,12.849,1,0.84672,0.36288,0,54.6768,4.4981,49.6948,0.84672,12.849,0.84672,3695.15,0,36.966,0.249746,1.04336,1.89896,6.30198,1.15413,7.84042,0.42336,36.966,0.42336,423.524,0,1.02816,0,0,2.07152,1.04336,1.028160,1,0,57.5353,0,0,0,57.5353,0
20.2035,1.86548,0,0,4.64403,0.16627,0.36288,3.6288,44.1525,0.328978,0,0,0.636879,0.210403,0,0.66528,12.849,1,0.84672,0.36288,0,48.9859,4.85639,43.6456,0.84672,12.849,0.84672,3695.15,0,36.966,0.276041,0.292723,1.7223,4.34186,1.14435,4.93649,0.42336,36.966,0.42336,423.524,0,0.966686,0,0,1.25941,0.292723,1.028160,1,0,48.5821,0,0,0,48.5821,0
22.5096,1.86591,0,0,4.70801,0.173063,0.36288,3.6288,44.4144,0.295984,0,0,0.770493,0.212594,0,0.66528,12.849,1,0.84672,0.36288,0,56.6798,4.9161,51.2798,0.84672,12.849,0.84672,3695.15,0,36.966,0.247808,0.909204,1.72257,7.76703,1.14272,9.00827,0.42336,36.966,0.42336,423.524,0,1.02816,0,0,1.93736,0.909204,1.028160,1,0,60.2881,0,0,0,60.2881,0
23.1882,1.86633,0,0,3.08007,0.172336,0.36288,3.6288,43.9399,0.620035,0,0,0.328434,0.182915,0,0.66528,12.849,1,0.84672,0.36288,0,33.6551,4.2912,28.8801,0.84672,12.849,0.84672,3695.15,0,36.966,0.42336,0.412474,1.72284,3.23445,0.963012,3.98339,0.42336,36.966,0.42336,423.524,0,0.528803,0,0,0.941276,0.412474,1.028160,1,0,32.8635,0,0,0,32.8635,0
23.365,1.86676,0,0,2.57568,0.169172,0.36288,3.6288,43.4299,0.768578,0,0,0.418191,0.159547,0,0.66528,12.849,1,0.84672,0.36288,0,36.2889,3.82253,31.9825,0.84672,12.849,0.84672,3695.15,0,36.966,0.42336,0.412474,1.72311,3.53454,0.828228,4.41853,0.42336,36.966,0.42336,423.524,0,0.380506,0,0,0.792979,0.412474,1.028160,1,0,36.401,0,0,0,36.401,0
23.2475,1.86676,0,0,2.28236,0.170249,0.36288,3.6288,43.3432,0.439429,0,0,0.512895,0.160171,0,0.66528,12.849,1,0.84672,0.36288,0,34.5456,3.52233,30.5394,0.84672,12.849,0.84672,3695.15,0,36.966,0.374026,0.412474,1.72338,3.57678,0.816141,4.52246,0.42336,36.966,0.42336,423.524,0,0.758989,0,0,1.17146,0.412474,1.028160,1,0,35.0619,0,0,0,35.0619,0
22.6304,1.95219,0,0,1.86883,0.170839,0.36288,3.6288,43.4365,0.321326,0,0,0.576469,0.161894,0,0.66528,12.849,1,0.84672,0.36288,0,39.0864,3.12207,35.4805,0.84672,12.849,0.84672,3695.15,0,36.966,0.274048,0.444036,1.72338,3.62162,0.800025,4.71496,0.42336,36.966,0.42336,423.524,0,1.02816,0,0,1.4722,0.444036,1.028160,1,0,40.1955,0,0,0,40.1955,0
21.727,1.9526,0,0,1.58146,0.169438,0.36288,3.6288,43.5754,0.419449,0,0,0.72042,0.162037,0,0.66528,12.849,1,0.84672,0.36288,0,34.6637,3.12207,31.0578,0.84672,12.849,0.84672,3695.15,0,36.966,0.356966,0.503194,1.77886,3.49575,0.800025,4.62081,0.42336,36.966,0.42336,423.524,0,0.847359,0,0,1.35055,0.503194,1.028160,1,0,35.6786,0,0,0,35.6786,0
21.7486,1.95302,0,0,2.50495,0.167387,0.36288,3.6288,43.8643,0.322376,0,0,0.773546,0.162251,0,0.66528,12.849,1,0.84672,0.36288,0,36.1375,3.12207,32.5316,0.84672,12.849,0.84672,3695.15,0,36.966,0.273479,0.536795,1.77912,4.05357,0.800025,5.29598,0.42336,36.966,0.42336,423.524,0,1.02816,0,0,1.56495,0.536795,1.028160,1,0,37.8276,0,0,0,37.8276,0
23.041,1.95343,0,0,3.78289,0.174258,0.36288,3.6288,44.2364,0.323484,0,0,0.859258,0.163723,0,0.66528,12.849,1,0.84672,0.36288,0,59.1805,3.18945,55.5073,0.84672,12.849,0.84672,3695.15,0,36.966,0.272611,0.666541,1.77938,5.01111,0.837726,6.3467,0.42336,36.966,0.42336,423.524,0,1.02816,0,0,1.6947,0.666541,1.028160,1,0,61.854,0,0,0,61.854,0
23.7705,2.22701,0,0,3.48694,0.167555,0.36288,3.6288,44.3204,0.428918,0,0,0.708051,0.195121,0,0.66528,12.849,1,0.84672,0.36288,0,52.5976,4.20451,47.9092,0.84672,12.849,0.84672,3695.15,0,36.966,0.358424,1.83436,1.77965,4.0127,1.15821,6.11007,0.42336,36.966,0.42336,423.524,0,1.02816,0,0,2.86252,1.83436,1.028160,1,0,54.0193,0,0,0,54.0193,0
23.7849,2.22746,0,0,2.77403,0.169302,0.36288,3.6288,44.3895,0.429435,0,0,0.693837,0.195275,0,0.66528,12.849,1,0.84672,0.36288,0,40.1994,4.20451,35.5111,0.84672,12.849,0.84672,3695.15,0,36.966,0.358176,0.755844,1.97867,3.03978,1.15821,4.25792,0.42336,36.966,0.42336,423.524,0,1.02816,0,0,1.784,0.755844,1.028160,1,0,39.769,0,0,0,39.769,0
25.2434,2.22792,0,0,4.2187,0.169338,0.36288,3.6288,44.5587,0.429886,0,0,0.794417,0.195402,0,0.66528,12.849,1,0.84672,0.36288,0,70.3876,4.20451,65.6992,0.84672,12.849,0.84672,3695.15,0,36.966,0.357994,0.935824,1.97897,7.15645,1.15821,8.55504,0.42336,36.966,0.42336,423.524,0,1.02816,0,0,1.96398,0.935824,1.028160,1,0,74.2543,0,0,0,74.2543,0
26.9812,2.22837,0,0,4.50179,0.172782,0.36288,3.6288,45.0337,0.430776,0,0,1.07393,0.168097,0,0.66528,12.849,1,0.84672,0.36288,0,118.441,3.94117,114.016,0.84672,12.849,0.84672,3695.15,0,36.966,0.357373,1.48695,1.97926,5.6954,1.03113,7.77311,0.42336,36.966,0.42336,423.524,0,1.02816,0,0,2.51511,1.48695,1.028160,1,0,121.79,0,0,0,121.79,0
31.5245,1.83898,0,0,7.00134,0.256168,0.36288,3.6288,46.3869,0.292134,0,0,1.81911,0.173779,0,0.66528,12.849,1,0.84672,0.36288,0,134.868,4.013,130.371,0.84672,12.849,0.84672,3695.15,0,36.966,0.239799,4.0056,1.97955,9.53783,1.04309,14.2401,0.42336,36.966,0.42336,423.524,0,1.02816,0,0,5.03376,4.0056,1.028160,1,0,144.611,0,0,0,144.611,0
33.8931,1.9083,0,0,4.91219,0.272359,0.36288,3.6288,47.2931,0.296156,0,0,1.37835,0.175978,0,0.66528,12.849,1,0.777799,0.36288,0,131.322,4.013,126.894,0.84672,12.849,0.84672,3695.15,0,36.966,0.236008,3.32796,1.70863,8.61368,1.04309,12.3712,0.42336,36.966,0.42336,423.524,0,1.02816,0,0,4.35612,3.32796,1.028160,1,0,139.265,0,0,0,139.265,0
36.3541,1.948,0,0,5.01382,0.241956,0.36288,3.6288,47.8918,0.298824,0,0,1.04767,0.150204,0,0.66528,12.849,1,0.738494,0.36288,0,114.261,3.57702,110.309,0.84672,12.849,0.84672,3695.15,0,36.966,0.233571,2.55996,1.70888,7.84795,0.980463,10.9028,0.42336,36.966,0.42336,423.524,0,1.02816,0,0,3.58812,2.55996,1.028160,1,0,121.212,0,0,0,121.212,0
38.4332,1.98523,0,0,4.66056,0.233382,0.36288,3.6288,48.7025,0.300602,0,0,1.25133,0.140035,0,0.66528,12.849,1,0.701661,0.36288,0,119.377,3.40263,115.636,0.84672,12.849,0.84672,3695.15,0,36.966,0.232024,3.24548,1.70913,7.7888,0.955412,11.556,0.42336,36.966,0.42336,423.524,0,1.02816,0,0,4.27364,3.24548,1.028160,1,0,127.192,0,0,0,127.192,0
41.9152,2.01398,0,0,6.10108,0.242245,0.36288,3.6288,50.1577,0.302929,0,0,1.8959,0.137693,0,0.66528,12.849,1,0.673314,0.36288,0,129.972,3.76569,125.895,0.84672,12.849,0.84672,3695.15,0,36.966,0.229928,4.17636,1.70939,7.46558,0.952089,12.1693,0.42336,36.966,0.42336,423.524,0,1.02816,0,0,5.20452,4.17636,1.028160,1,0,138.065,0,0,0,138.065,0
44.5584,2.13225,0,0,5.39309,0.254739,0.36288,3.6288,51.0488,0.343052,0,0,1.37097,0.136856,0,0.66528,12.849,1,0.653637,0.36288,0,116.51,4.03798,112.182,0.84672,12.849,0.84672,3695.15,0,36.966,0.252828,3.25702,1.70964,5.28892,0.949597,9.05316,0.42336,36.966,0.42336,423.524,0,1.02816,0,0,4.28518,3.25702,1.028160,1,0,121.235,0,0,0,121.235,0
45.5731,2.16267,0,0,3.80283,0.262609,0.36288,3.6288,51.2685,0.345751,0,0,0.703293,0.137854,0,0.66528,12.849,1,0.623634,0.36288,0,79.7135,4.03798,75.4148,0.84672,12.849,0.84672,3695.15,0,36.966,0.250369,1.76399,1.77681,4.09184,0.949597,6.43266,0.42336,36.966,0.42336,423.524,0,1.02816,0,0,2.79215,1.76399,1.028160,1,0,81.8474,0,0,0,81.8474,0
46.2106,2.17382,0,0,3.43291,0.258657,0.36288,3.6288,51.55,0.346514,0,0,0.770524,0.142541,0,0.66528,12.849,1,0.612894,0.36288,0,86.8571,4.09615,82.5109,0.84672,12.849,0.84672,3695.15,0,36.966,0.249846,1.84917,1.77707,4.28157,0.961047,6.69691,0.42336,36.966,0.42336,423.524,0,1.02816,0,0,2.87733,1.84917,1.028160,1,0,89.2078,0,0,0,89.2078,0
47.0609,2.18076,0,0,3.60748,0.213485,0.36288,3.6288,51.8312,0.347449,0,0,0.782991,0.154334,0,0.66528,12.849,1,0.606367,0.36288,0,76.7742,4.13195,72.3987,0.84672,12.849,0.84672,3695.15,0,36.966,0.249152,2.07029,1.77733,4.30054,1.00302,6.89599,0.42336,36.966,0.42336,423.524,0,1.02816,0,0,3.09845,2.07029,1.028160,1,0,79.2947,0,0,0,79.2947,0
47.4583,2.15951,0,0,3.10913,0.18941,0.36288,3.6288,51.8408,0.334134,0,0,0.482439,0.138663,0,0.66528,12.849,1,0.589609,0.36288,0,56.1216,3.6479,52.247,0.84672,12.849,0.84672,3695.15,0,36.966,0.238305,0.982368,1.7776,3.09636,0.98599,4.63203,0.42336,36.966,0.42336,423.524,0,1.02816,0,0,2.01053,0.982368,1.028160,1,0,56.879,0,0,0,56.879,0
47.4149,2.16372,0,0,2.69001,0.206766,0.36288,3.6288,51.7754,0.334298,0,0,0.43007,0.16116,0,0.66528,12.849,1,0.585811,0.36288,0,47.8957,3.94413,43.7286,0.84672,12.849,0.84672,3695.15,0,36.966,0.238377,0.804643,1.75181,2.77187,1.01371,4.07623,0.42336,36.966,0.42336,423.524,0,1.02816,0,0,1.8328,0.804643,1.028160,1,0,47.8048,0,0,0,47.8048,0
47.2258,2.16361,0,0,2.47691,0.139494,0.36288,3.6288,51.6225,0.334261,0,0,0.37914,0.197848,0,0.66528,12.849,1,0.586319,0.36288,0,43.7861,4.29009,39.2726,0.84672,12.849,0.84672,3695.15,0,36.966,0.238652,0.658299,1.75207,2.5835,1.03437,3.72084,0.42336,36.966,0.42336,423.524,0,1.02816,0,0,1.68646,0.658299,1.028160,1,0,42.9935,0,0,0,42.9935,0
46.9773,2.16209,0,0,2.41564,0.139204,0.36288,3.6288,51.5147,0.333987,0,0,0.423802,0.197603,0,0.66528,12.849,1,0.588252,0.36288,0,42.413,4.29009,37.8975,0.84672,12.849,0.84672,3695.15,0,36.966,0.239163,0.873703,1.75233,3.05799,1.03437,4.41049,0.42336,36.966,0.42336,423.524,0,1.02816,0,0,1.90186,0.873703,1.028160,1,0,42.308,0,0,0,42.308,0
46.6926,2.26243,0,0,2.45417,0.113578,0.36288,3.6288,51.3638,0.384246,0,0,0.419209,0.185787,0,0.66528,12.849,1,0.618808,0.36288,0,39.4795,3.91029,35.3133,0.84672,12.849,0.84672,3695.15,0,36.966,0.275728,0.686439,1.75259,2.63541,0.941097,3.85761,0.42336,36.966,0.42336,423.524,0,1.02816,0,0,1.7146,0.686439,1.028160,1,0,39.1709,0,0,0,39.1709,0
46.162,2.2598,0,0,2.20109,0.109027,0.36288,3.6288,51.1706,0.383921,0,0,0.374256,0.183622,0,0.66528,12.849,1,0.621859,0.36288,0,33.657,3.84699,29.5511,0.84672,12.849,0.84672,3695.15,0,36.966,0.276303,0.48308,1.8442,2.34424,0.925552,3.46966,0.42336,36.966,0.42336,423.524,0,1.02816,0,0,1.51124,0.48308,1.028160,1,0,33.0207,0,0,0,33.0207,0
45.3364,2.25454,0,0,1.90026,0.108386,0.36288,3.6288,50.9339,0.38346,0,0,0.330124,0.183335,0,0.66528,12.849,1,0.627543,0.36288,0,30.9292,3.84699,26.8176,0.84672,12.849,0.84672,3695.15,0,36.966,0.277014,0.378458,1.84447,2.21722,0.925552,3.23758,0.42336,36.966,0.42336,423.524,0,1.02816,0,0,1.40662,0.378458,1.028160,1,0,30.0551,0,0,0,30.0551,0
44.3315,2.24597,0,0,1.71135,0.10739,0.36288,3.6288,50.6115,0.420442,0,0,0.281001,0.182982,0,0.66528,12.849,1,0.636541,0.36288,0,28.9698,3.84699,24.8492,0.84672,12.849,0.84672,3695.15,0,36.966,0.305142,0.30119,1.84474,2.1476,0.925552,3.06283,0.42336,36.966,0.42336,423.524,0,0.963299,0,0,1.26449,0.30119,1.028160,1,0,27.912,0,0,0,27.912,0
43.0379,2.23512,0,0,1.42078,0.116417,0.36288,3.6288,50.3187,0.38198,0,0,0.285932,0.196669,0,0.66528,12.849,1,0.647823,0.36288,0,27.4013,4.46511,22.6513,0.84672,12.849,0.84672,3695.15,0,36.966,0.278994,0.364029,1.84501,1.97468,1.05761,2.84711,0.42336,36.966,0.42336,423.524,0,1.02816,0,0,1.39219,0.364029,1.028160,1,0,25.4984,0,0,0,25.4984,0
41.6349,2.20056,0,0,1.24051,0.0801204,0.36288,3.6288,49.9588,0.408644,0,0,0.274726,0.226021,0,0.66528,12.849,1,0.65698,0.36288,0,26.4033,5.08898,21.0202,0.84672,12.849,0.84672,3695.15,0,36.966,0.300205,0.373067,1.84529,1.85104,1.20427,2.56492,0.42336,36.966,0.42336,423.524,0,1.02816,0,0,1.40123,0.373067,1.028160,1,0,23.5852,0,0,0,23.5852,0
40.1699,2.18397,0,0,1.14422,0.0622852,0.36288,3.6288,49.5909,0.407548,0,0,0.27268,0.233022,0,0.66528,12.849,1,0.673998,0.36288,0,24.1643,5.15308,18.7001,0.84672,12.849,0.84672,3695.15,0,36.966,0.301557,0.302962,1.87752,1.77137,1.22331,2.42698,0.42336,36.966,0.42336,423.524,0,1.02816,0,0,1.33112,0.302962,1.028160,1,0,21.127,0,0,0,21.127,0
38.6501,2.16567,0,0,1.06985,0.0611664,0.36288,3.6288,49.2257,0.406414,0,0,0.273505,0.232319,0,0.66528,12.849,1,0.692723,0.36288,0,22.5378,5.15308,17.0549,0.84672,12.849,0.84672,3695.15,0,36.966,0.302949,0.371848,1.87779,1.65718,1.22331,2.38056,0.42336,36.966,0.42336,423.524,0,1.02816,0,0,1.40001,0.371848,1.028160,1,0,19.4354,0,0,0,19.4354,0
37.0708,2.14554,0,0,0.989263,0.0601439,0.36288,3.6288,48.8354,0.405277,0,0,0.262401,0.247414,0,0.66528,12.849,1,0.713272,0.36288,0,20.9296,5.34855,15.2307,0.84672,12.849,0.84672,3695.15,0,36.966,0.304343,0.295056,1.87807,1.61259,1.27737,2.204,0.42336,36.966,0.42336,423.524,0,1.02816,0,0,1.32322,0.295056,1.028160,1,0,17.4347,0,0,0,17.4347,0
35.3044,2.17284,0,0,0.83306,0.0636931,0.36288,3.6288,48.2697,0.502546,0,0,0.234031,0.297161,0,0.66528,12.849,1,0.753122,0.36288,0,18.49,5.91706,12.1827,0.84672,12.849,0.84672,3695.15,0,36.966,0.380403,0.261274,1.87835,1.53812,1.45676,1.84058,0.42336,36.966,0.42336,423.524,0,0.897558,0,0,1.15883,0.261274,1.028160,1,0,14.0233,0,0,0,14.0233,0
33.4965,2.14553,0,0,0.7628,0.0623617,0.36288,3.6288,47.5626,0.62809,0,0,0.216762,0.29577,0,0.66528,12.849,1,0.780863,0.36288,0,17.5746,5.91706,11.2396,0.84672,12.849,0.84672,3695.15,0,36.966,0.42336,0.261274,1.92394,1.35199,1.45676,1.65709,0.42336,36.966,0.42336,423.524,0,0.72932,0,0,0.990593,0.261274,1.028160,1,0,12.8967,0,0,0,12.8967,0
31.7698,2.11538,0,0,0.805948,0.0543571,0.36288,3.6288,47.0515,0.461241,0,0,0.24884,0.298721,0,0.66528,12.849,1,0.811446,0.36288,0,17.2365,6.06662,10.7214,0.84672,12.849,0.84672,3695.15,0,36.966,0.35848,0.227405,1.92423,1.7885,1.48663,2.09502,0.42336,36.966,0.42336,423.524,0,0.961312,0,0,1.18872,0.227405,1.028160,1,0,12.8164,0,0,0,12.8164,0
30.0845,2.08429,0,0,0.812946,0.0510378,0.36288,3.6288,46.5897,0.442829,0,0,0.243798,0.262737,0,0.66528,12.849,1,0.842972,0.36288,0,16.814,6.07581,10.2581,0.84672,12.849,0.84672,3695.15,0,36.966,0.347909,0.227405,1.92451,1.74948,1.5186,2.03489,0.42336,36.966,0.42336,423.524,0,0.990559,0,0,1.21796,0.227405,1.028160,1,0,12.293,0,0,0,12.293,0
28.127,2.2765,0,0,0.738962,0.0571437,0.36288,3.6288,45.9336,0.588548,0,0,0.219724,0.287269,0,0.66528,12.849,1,0.84672,0.36288,0,15.0656,6.18733,8.39439,0.84672,12.849,0.84672,3695.15,0,36.966,0.42336,0.227405,1.9248,1.52512,1.47792,1.77604,0.42336,36.966,0.42336,423.524,0,0.923037,0,0,1.15044,0.227405,1.028160,1,0,10.1704,0,0,0,10.1704,0
26.1851,2.27696,0,0,0.75333,0.055361,0.36288,3.6288,45.3793,0.502597,0,0,0.246233,0.298013,0,0.66528,12.849,1,0.84672,0.36288,0,15.2502,6.30672,8.45965,0.84672,12.849,0.84672,3695.15,0,36.966,0.404474,0.301994,2.08023,1.45681,1.47659,1.95797,0.42336,36.966,0.42336,423.524,0,1.02816,0,0,1.33015,0.301994,1.028160,1,0,10.4176,0,0,0,10.4176,0
24.0953,2.27743,0,0,0.604421,0.0538838,0.36288,3.6288,44.6269,0.649548,0,0,0.19362,0.296481,0,0.66528,12.849,1,0.84672,0.36288,0,17.9376,6.30672,11.147,0.84672,12.849,0.84672,3695.15,0,36.966,0.42336,0.204422,2.08054,1.21016,1.47659,1.59517,0.42336,36.966,0.42336,423.524,0,0.862609,0,0,1.06703,0.204422,1.028160,1,0,12.7422,0,0,0,12.7422,0
22.1181,2.27789,0,0,0.715827,0.0522941,0.36288,3.6288,44.1316,0.496432,0,0,0.295552,0.294402,0,0.66528,12.849,1,0.84672,0.36288,0,15.3963,6.30672,8.60575,0.84672,12.849,0.84672,3695.15,0,36.966,0.411212,0.576953,2.08085,1.63651,1.47659,2.40651,0.42336,36.966,0.42336,423.524,0,1.02816,0,0,1.60511,0.576953,1.028160,1,0,11.0123,0,0,0,11.0123,0
20.0325,2.27835,0,0,0.604247,0.0485577,0.36288,3.6288,43.5123,0.494076,0,0,0.190045,0.315197,0,0.66528,12.849,1,0.84672,0.36288,0,14.5941,6.45288,7.65736,0.84672,12.849,0.84672,3695.15,0,36.966,0.413854,0.216121,2.08115,1.49244,1.55207,1.82379,0.42336,36.966,0.42336,423.524,0,1.02816,0,0,1.24428,0.216121,1.028160,1,0,9.48115,0,0,0,9.48115,0
18.0551,2.18345,0,0,0.629969,0.0610589,0.36288,3.6288,42.9181,0.440673,0,0,0.171097,0.324676,0,0.66528,12.849,1,0.84672,0.36288,0,11.475,6.48212,4.50909,0.84672,12.849,0.84672,3695.15,0,36.966,0.374375,0.222273,2.08146,1.28121,1.59581,1.61476,0.42336,36.966,0.42336,423.524,0,1.02816,0,0,1.25043,0.222273,1.028160,1,0,6.12384,0,0,0,6.12384,0
16.2574,2.1839,0,0,0.830275,0.0812612,0.36288,3.6288,42.361,0.438035,0,0,0.179881,0.298902,0,0.66528,12.849,1,0.84672,0.36288,0,11.6049,6.26126,4.85981,0.84672,12.849,0.84672,3695.15,0,36.966,0.377286,0.310556,1.99192,1.03048,1.51995,1.43571,0.42336,36.966,0.42336,423.524,0,1.02816,0,0,1.33872,0.310556,1.028160,1,0,6.29552,0,0,0,6.29552,0
14.8158,2.18434,0,0,1.18486,0.0791758,0.36288,3.6288,41.9242,0.435531,0,0,0.296052,0.297314,0,0.66528,12.849,1,0.84672,0.36288,0,21.4655,6.26126,14.7204,0.84672,12.849,0.84672,3695.15,0,36.966,0.380062,1.23214,1.99221,1.93183,1.51995,3.25616,0.42336,36.966,0.42336,423.524,0,1.02816,0,0,2.2603,1.23214,1.028160,1,0,17.9765,0,0,0,17.9765,0
13.1763,2.18479,0,0,0.994334,0.0861751,0.36288,3.6288,41.4255,0.433571,0,0,0.226061,0.291195,0,0.66528,12.849,1,0.84672,0.36288,0,28.7352,6.24825,22.0031,0.84672,12.849,0.84672,3695.15,0,36.966,0.382294,0.683666,1.99251,1.27356,1.52579,2.04165,0.42336,36.966,0.42336,423.524,0,1.02816,0,0,1.71183,0.683666,1.028160,1,0,24.0447,0,0,0,24.0447,0
12.2977,2.10692,0,0,1.71215,0.120947,0.36288,3.6288,41.0983,0.386442,0,0,0.266157,0.206999,0,0.66528,12.849,1,0.84672,0.36288,0,30.5163,4.0488,25.9837,0.84672,12.849,0.84672,3695.15,0,36.966,0.344841,0.436061,1.9928,1.7362,1.12642,2.6938,0.42336,36.966,0.42336,423.524,0,1.02816,0,0,1.46422,0.436061,1.028160,1,0,28.6775,0,0,0,28.6775,0
11.3343,2.10735,0,0,1.62545,0.118619,0.36288,3.6288,40.3183,0.756918,0,0,0.183327,0.206344,0,0.66528,12.849,1,0.84672,0.36288,0,27.8722,4.0488,23.3396,0.84672,12.849,0.84672,3695.15,0,36.966,0.42336,0.216518,1.91286,1.55355,1.12642,2.13315,0.42336,36.966,0.42336,423.524,0,0.579424,0,0,0.795943,0.216518,1.028160,1,0,25.4727,0,0,0,25.4727,0
12.0803,2.10779,0,0,3.33272,0.116065,0.36288,3.6288,40.1365,0.381773,0,0,0.404781,0.204781,0,0.66528,12.849,1,0.84672,0.36288,0,43.0533,4.0488,38.5207,0.84672,12.849,0.84672,3695.15,0,36.966,0.35003,0.939877,1.91314,2.22126,1.12642,3.59783,0.42336,36.966,0.42336,423.524,0,1.02816,0,0,1.96804,0.939877,1.028160,1,0,42.1185,0,0,0,42.1185,0
16.1466,2.10823,0,0,6.65541,0.118042,0.36288,3.6288,40.33,0.381083,0,0,0.778984,0.204417,0,0.66528,12.849,1,0.84672,0.36288,0,79.3638,4.0488,74.8312,0.84672,12.849,0.84672,3695.15,0,36.966,0.35098,3.23919,1.91342,3.57364,1.12642,7.24885,0.42336,36.966,0.42336,423.524,0,1.02816,0,0,4.26735,3.23919,1.028160,1,0,82.0801,0,0,0,82.0801,0
16.5724,1.88609,0,0,2.82304,0.148219,0.36288,3.6288,40.1128,0.289832,0,0,0.281004,0.208444,0,0.66528,12.849,1,0.84672,0.36288,0,38.9205,3.91081,34.5259,0.84672,12.849,0.84672,3695.15,0,36.966,0.265656,0.705577,1.91371,2.67665,1.03222,3.99806,0.42336,36.966,0.42336,423.524,0,1.02816,0,0,1.73374,0.705577,1.028160,1,0,38.5239,0,0,0,38.5239,0
18.6926,1.88649,0,0,4.52129,0.151766,0.36288,3.6288,40.3138,0.289205,0,0,0.696975,0.206721,0,0.66528,12.849,1,0.84672,0.36288,0,94.1897,3.9416,89.7642,0.84672,12.849,0.84672,3695.15,0,36.966,0.266518,3.68969,1.73566,4.80195,1.02423,8.93654,0.42336,36.966,0.42336,423.524,0,1.02816,0,0,4.71785,3.68969,1.028160,1,0,98.7008,0,0,0,98.7008,0
21.4409,1.8869,0,0,5.15462,0.156458,0.36288,3.6288,40.3848,0.290021,0,0,0.568191,0.207128,0,0.66528,12.849,1,0.84672,0.36288,0,99.8525,3.9416,95.427,0.84672,12.849,0.84672,3695.15,0,36.966,0.265936,3.06553,1.73591,4.28836,1.02423,7.79963,0.42336,36.966,0.42336,423.524,0,1.02816,0,0,4.09369,3.06553,1.028160,1,0,103.227,0,0,0,103.227,0
24.9511,1.8873,0,0,5.91008,0.14974,0.36288,3.6288,40.2239,0.290387,0,0,0.329174,0.199745,0,0.66528,12.849,1,0.84672,0.36288,0,70.0678,3.4862,66.0978,0.84672,12.849,0.84672,3695.15,0,36.966,0.265804,1.86952,1.73617,3.29939,0.948755,5.69052,0.42336,36.966,0.42336,423.524,0,1.02816,0,0,2.89768,1.86952,1.028160,1,0,71.7883,0,0,0,71.7883,0
27.3278,1.88771,0,0,4.79302,0.165781,0.36288,3.6288,40.4237,0.289955,0,0,0.689835,0.200052,0,0.66528,12.849,1,0.84672,0.36288,0,55.8349,3.79325,51.5578,0.84672,12.849,0.84672,3695.15,0,36.966,0.26647,2.2549,1.73643,4.38345,1.0351,7.07321,0.42336,36.966,0.42336,423.524,0,1.02816,0,0,3.28306,2.2549,1.028160,1,0,58.631,0,0,0,58.631,0
27.078,1.97377,0,0,2.26846,0.181585,0.36288,3.6288,40.7146,0.317528,0,0,0.771415,0.162994,0,0.66528,12.849,1,0.84672,0.36288,0,49.7743,3.6974,45.593,0.84672,12.849,0.84672,3695.15,0,36.966,0.290368,2.58822,1.73668,5.31438,1.00129,8.34763,0.42336,36.966,0.42336,423.524,0,1.02816,0,0,3.61638,2.58822,1.028160,1,0,53.9407,0,0,0,53.9407,0
27.9289,1.97417,0,0,3.36189,0.173913,0.36288,3.6288,41.0141,0.318735,0,0,0.76477,0.146553,0,0.66528,12.849,1,0.84672,0.36288,0,104.179,3.27611,100.419,0.84672,12.849,0.84672,3695.15,0,36.966,0.289389,2.11989,1.79258,5.88892,0.888845,8.62316,0.42336,36.966,0.42336,423.524,0,1.02816,0,0,3.14805,2.11989,1.028160,1,0,109.042,0,0,0,109.042,0
28.0312,1.97456,0,0,2.61575,0.175976,0.36288,3.6288,41.2012,0.319966,0,0,0.654008,0.14698,0,0.66528,12.849,1,0.84672,0.36288,0,64.226,3.27611,60.466,0.84672,12.849,0.84672,3695.15,0,36.966,0.288385,1.62563,1.79283,4.27882,0.888845,6.52005,0.42336,36.966,0.42336,423.524,0,1.02816,0,0,2.65379,1.62563,1.028160,1,0,66.9861,0,0,0,66.9861,0
27.581,1.97495,0,0,2.06379,0.176224,0.36288,3.6288,41.3125,0.320776,0,0,0.579364,0.147248,0,0.66528,12.849,1,0.84672,0.36288,0,40.9164,3.27611,37.1564,0.84672,12.849,0.84672,3695.15,0,36.966,0.287803,1.29427,1.79308,3.64139,0.888845,5.55209,0.42336,36.966,0.42336,423.524,0,1.02816,0,0,2.32243,1.29427,1.028160,1,0,42.7085,0,0,0,42.7085,0
26.8053,2.2506,0,0,2.02462,0.186804,0.36288,3.6288,41.1819,0.422886,0,0,0.442223,0.149916,0,0.66528,12.849,1,0.84672,0.36288,0,45.8422,3.51335,41.845,0.84672,12.849,0.84672,3695.15,0,36.966,0.378394,0.599115,1.79333,2.95047,1.00508,3.95944,0.42336,36.966,0.42336,423.524,0,1.02816,0,0,1.62727,0.599115,1.028160,1,0,45.8044,0,0,0,45.8044,0
26.289,2.25103,0,0,2.2843,0.186722,0.36288,3.6288,41.296,0.422388,0,0,0.686609,0.150144,0,0.66528,12.849,1,0.84672,0.36288,0,45.9302,3.55289,41.8934,0.84672,12.849,0.84672,3695.15,0,36.966,0.379147,1.6477,1.99386,3.21997,1.02445,5.45793,0.42336,36.966,0.42336,423.524,0,1.02816,0,0,2.67586,1.6477,1.028160,1,0,47.3514,0,0,0,47.3514,0
28.5312,2.25147,0,0,5.04194,0.185373,0.36288,3.6288,41.3044,0.423075,0,0,0.581743,0.15031,0,0.66528,12.849,1,0.84672,0.36288,0,81.2069,3.55289,77.1702,0.84672,12.849,0.84672,3695.15,0,36.966,0.378715,2.01046,1.99414,4.18212,1.02445,6.78356,0.42336,36.966,0.42336,423.524,0,1.02816,0,0,3.03862,2.01046,1.028160,1,0,83.9538,0,0,0,83.9538,0
28.0157,2.2519,0,0,2.28673,0.187401,0.36288,3.6288,41.0943,0.42325,0,0,0.365251,0.152082,0,0.66528,12.849,1,0.84672,0.36288,0,40.0247,3.54039,36.0005,0.84672,12.849,0.84672,3695.15,0,36.966,0.378795,0.753192,1.99442,2.4913,1.01608,3.84403,0.42336,36.966,0.42336,423.524,0,1.02816,0,0,1.78135,0.753192,1.028160,1,0,39.8445,0,0,0,39.8445,0
34.0281,1.8595,0,0,8.42599,0.191232,0.36288,3.6288,41.8035,0.286309,0,0,1.14189,0.146368,0,0.66528,12.849,1,0.84672,0.36288,0,120.083,3.14403,116.455,0.84672,12.849,0.84672,3695.15,0,36.966,0.257547,3.37462,1.9947,10.6006,0.864566,14.8478,0.42336,36.966,0.42336,423.524,0,1.02816,0,0,4.40278,3.37462,1.028160,1,0,131.303,0,0,0,131.303,0
38.0115,1.96472,0,0,6.52282,0.211821,0.36288,3.6288,42.3157,0.288744,0,0,0.945665,0.144702,0,0.66528,12.849,1,0.741878,0.36288,0,126.14,3.09047,122.67,0.84672,12.849,0.84672,3695.15,0,36.966,0.25533,2.51646,1.72169,9.33156,0.847682,12.4667,0.42336,36.966,0.42336,423.524,0,1.02816,0,0,3.54462,2.51646,1.028160,1,0,135.137,0,0,0,135.137,0
43.9027,2.02311,0,0,8.4831,0.205968,0.36288,3.6288,42.9279,0.29051,0,0,1.03777,0.135039,0,0.66528,12.849,1,0.68387,0.36288,0,146.954,2.91608,143.717,0.84672,12.849,0.84672,3695.15,0,36.966,0.253783,2.98897,1.72193,10.0715,0.822631,13.706,0.42336,36.966,0.42336,423.524,0,1.02816,0,0,4.01713,2.98897,1.028160,1,0,157.423,0,0,0,157.423,0
48.3341,2.09439,0,0,7.10777,0.219057,0.36288,3.6288,43.6136,0.292573,0,0,1.15248,0.174213,0,0.66528,12.849,1,0.612966,0.36288,0,123.655,4.34369,119.061,0.84672,12.849,0.84672,3695.15,0,36.966,0.25194,3.63395,1.72217,9.87314,1.10026,13.8771,0.42336,36.966,0.42336,423.524,0,1.02816,0,0,4.66211,3.63395,1.028160,1,0,132.938,0,0,0,132.938,0
53.9273,2.13908,0,0,8.31741,0.222227,0.36288,3.6288,44.2302,0.294835,0,0,1.05111,0.139697,0,0.66528,12.849,1,0.568648,0.36288,0,116.757,4.62432,111.927,0.84672,12.849,0.84672,3695.15,0,36.966,0.249896,2.50614,1.7224,9.53234,1.08148,12.4295,0.42336,36.966,0.42336,423.524,0,1.02816,0,0,3.5343,2.50614,1.028160,1,0,124.356,0,0,0,124.356,0
61.4581,2.26693,0,0,10.3908,0.230263,0.36288,3.6288,45.1119,0.331317,0,0,1.37129,0.158218,0,0.66528,12.849,1,0.54013,0.36288,0,190.962,5.01502,185.77,0.84672,12.849,0.84672,3695.15,0,36.966,0.276903,3.90258,1.72264,11.7701,1.15616,15.9623,0.42336,36.966,0.42336,423.524,0,1.02816,0,0,4.93074,3.90258,1.028160,1,0,201.732,0,0,0,201.732,0
66.5297,2.32199,0,0,8.00475,0.248254,0.36288,3.6288,45.2699,0.334417,0,0,0.665595,0.173228,0,0.66528,12.849,1,0.485457,0.36288,0,132.501,5.00084,127.378,0.84672,12.849,0.84672,3695.15,0,36.966,0.27403,2.06504,1.79031,7.37771,1.13987,9.81916,0.42336,36.966,0.42336,423.524,0,1.02816,0,0,3.0932,2.06504,1.028160,1,0,137.197,0,0,0,137.197,0
68.8107,2.35334,0,0,5.25594,0.258662,0.36288,3.6288,45.26,0.335069,0,0,0.498633,0.173484,0,0.66528,12.849,1,0.454504,0.36288,0,85.2137,5.00084,80.1213,0.84672,12.849,0.84672,3695.15,0,36.966,0.273607,1.40257,1.79056,5.60727,1.13987,7.38692,0.42336,36.966,0.42336,423.524,0,1.02816,0,0,2.43073,1.40257,1.028160,1,0,87.5082,0,0,0,87.5082,0
70.0175,2.61225,0,0,4.44506,0.263167,0.36288,3.6288,45.1043,0.428794,0,0,0.451412,0.178274,0,0.66528,12.849,1,0.487784,0.36288,0,73.3484,5.11273,68.1108,0.84672,12.849,0.84672,3695.15,0,36.966,0.350217,1.42015,1.79081,5.00629,1.15433,6.7127,0.42336,36.966,0.42336,423.524,0,1.02816,0,0,2.44831,1.42015,1.028160,1,0,74.8235,0,0,0,74.8235,0
71.0212,2.58361,0,0,4.17149,0.22134,0.36288,3.6288,44.9129,0.413352,0,0,0.416721,0.194781,0,0.66528,12.849,1,0.474122,0.36288,0,76.0043,5.0615,70.8316,0.84672,12.849,0.84672,3695.15,0,36.966,0.338769,1.24503,1.97717,4.50241,1.15792,6.22792,0.42336,36.966,0.42336,423.524,0,1.02816,0,0,2.27319,1.24503,1.028160,1,0,77.0595,0,0,0,77.0595,0
71.6075,2.58965,0,0,3.7292,0.190382,0.36288,3.6288,44.7841,0.412696,0,0,0.469359,0.185428,0,0.66528,12.849,1,0.468514,0.36288,0,66.0303,4.51952,61.4052,0.84672,12.849,0.84672,3695.15,0,36.966,0.339673,0.979612,1.94846,4.24015,1.09556,5.733,0.42336,36.966,0.42336,423.524,0,1.02816,0,0,2.00777,0.979612,1.028160,1,0,67.1382,0,0,0,67.1382,0
71.9999,2.59326,0,0,3.53979,0.191237,0.36288,3.6288,44.602,0.412296,0,0,0.415316,0.185205,0,0.66528,12.849,1,0.465326,0.36288,0,56.5038,4.51952,51.8818,0.84672,12.849,0.84672,3695.15,0,36.966,0.34032,0.819003,1.94874,3.92719,1.09556,5.25905,0.42336,36.966,0.42336,423.524,0,1.02816,0,0,1.84716,0.819003,1.028160,1,0,57.1409,0,0,0,57.1409,0
72.1055,2.59577,0,0,3.26433,0.200067,0.36288,3.6288,44.423,0.411672,0,0,0.399598,0.166902,0,0.66528,12.849,1,0.463238,0.36288,0,54.4888,4.35203,50.0365,0.84672,12.849,0.84672,3695.15,0,36.966,0.341193,0.743144,1.94901,3.83186,1.04724,5.13558,0.42336,36.966,0.42336,423.524,0,1.02816,0,0,1.7713,0.743144,1.028160,1,0,55.172,0,0,0,55.172,0
71.8802,2.71989,0,0,3.05625,0.198767,0.36288,3.6288,44.2226,0.463621,0,0,0.441677,0.178426,0,0.66528,12.849,1,0.484677,0.36288,0,51.3645,4.69433,46.5484,0.84672,12.849,0.84672,3695.15,0,36.966,0.385796,0.706769,1.94928,3.86789,1.07819,5.05994,0.42336,36.966,0.42336,423.524,0,1.02816,0,0,1.73493,0.706769,1.028160,1,0,51.6084,0,0,0,51.6084,0
71.5309,2.71898,0,0,2.90582,0.173255,0.36288,3.6288,43.9329,0.462812,0,0,0.361628,0.18853,0,0.66528,12.849,1,0.486034,0.36288,0,48.8093,4.592,44.0942,0.84672,12.849,0.84672,3695.15,0,36.966,0.386868,0.646678,2.05115,3.70413,1.14179,4.8733,0.42336,36.966,0.42336,423.524,0,1.02816,0,0,1.67484,0.646678,1.028160,1,0,48.9675,0,0,0,48.9675,0
70.9236,2.71735,0,0,2.60747,0.134494,0.36288,3.6288,43.633,0.461568,0,0,0.351388,0.189717,0,0.66528,12.849,1,0.488114,0.36288,0,42.6961,4.65685,37.914,0.84672,12.849,0.84672,3695.15,0,36.966,0.388372,0.654117,2.05144,3.4621,1.10083,4.67845,0.42336,36.966,0.42336,423.524,0,1.02816,0,0,1.68228,0.654117,1.028160,1,0,42.5925,0,0,0,42.5925,0
70.2875,2.71419,0,0,2.57479,0.133871,0.36288,3.6288,43.3652,0.460265,0,0,0.381667,0.18918,0,0.66528,12.849,1,0.49172,0.36288,0,41.2892,4.65685,36.5035,0.84672,12.849,0.84672,3695.15,0,36.966,0.389937,0.618771,2.05172,3.79578,1.10083,4.97551,0.42336,36.966,0.42336,423.524,0,1.02816,0,0,1.64693,0.618771,1.028160,1,0,41.479,0,0,0,41.479,0
69.2865,2.7108,0,0,2.19275,0.120025,0.36288,3.6288,43.0548,0.459106,0,0,0.349683,0.200965,0,0.66528,12.849,1,0.495552,0.36288,0,35.165,4.96061,30.0717,0.84672,12.849,0.84672,3695.15,0,36.966,0.391358,0.39528,2.05201,2.87061,1.15793,3.76861,0.42336,36.966,0.42336,423.524,0,1.02816,0,0,1.42344,0.39528,1.028160,1,0,33.8403,0,0,0,33.8403,0
67.9959,2.63044,0,0,1.80435,0.101646,0.36288,3.6288,42.5547,0.613671,0,0,0.330188,0.216678,0,0.66528,12.849,1,0.487808,0.36288,0,30.251,5.36561,24.7604,0.84672,12.849,0.84672,3695.15,0,36.966,0.42336,0.30119,2.0523,2.2867,1.23407,2.98276,0.42336,36.966,0.42336,423.524,0,0.858453,0,0,1.15964,0.30119,1.028160,1,0,27.7432,0,0,0,27.7432,0
66.5675,2.62302,0,0,1.65815,0.100627,0.36288,3.6288,42.0862,0.573534,0,0,0.320698,0.215646,0,0.66528,12.849,1,0.495664,0.36288,0,29.7734,5.36561,24.275,0.84672,12.849,0.84672,3695.15,0,36.966,0.42336,0.261274,2.04881,2.30585,1.23407,2.95851,0.42336,36.966,0.42336,423.524,0,0.898854,0,0,1.16013,0.261274,1.028160,1,0,27.2335,0,0,0,27.2335,0
65,2.61447,0,0,1.50932,0.0994998,0.36288,3.6288,41.4427,0.728765,0,0,0.29995,0.214678,0,0.66528,12.849,1,0.50465,0.36288,0,28.5821,5.36561,23.0747,0.84672,12.849,0.84672,3695.15,0,36.966,0.42336,0.261274,2.0491,2.16613,1.23407,2.81907,0.42336,36.966,0.42336,423.524,0,0.743887,0,0,1.00516,0.261274,1.028160,1,0,25.8938,0,0,0,25.8938,0
63.3356,2.60467,0,0,1.38785,0.0847708,0.36288,3.6288,40.7536,0.734031,0,0,0.286375,0.241493,0,0.66528,12.849,1,0.514883,0.36288,0,25.339,5.78905,19.398,0.84672,12.849,0.84672,3695.15,0,36.966,0.42336,0.261274,2.04938,2.08429,1.38864,2.58295,0.42336,36.966,0.42336,423.524,0,0.738884,0,0,1.00016,0.261274,1.028160,1,0,21.9809,0,0,0,21.9809,0
61.8495,2.65431,0,0,1.60238,0.0712601,0.36288,3.6288,40.2644,0.558314,0,0,0.349795,0.280663,0,0.66528,12.849,1,0.538486,0.36288,0,25.2137,5.97534,19.0627,0.84672,12.849,0.84672,3695.15,0,36.966,0.42336,0.261274,2.04967,2.28712,1.56258,2.61212,0.42336,36.966,0.42336,423.524,0,0.961209,0,0,1.22248,0.261274,1.028160,1,0,21.6748,0,0,0,21.6748,0
60.3064,2.64397,0,0,1.5342,0.070398,0.36288,3.6288,39.7931,0.533917,0,0,0.341936,0.279326,0,0.66528,12.849,1,0.549275,0.36288,0,23.5941,5.97534,17.4324,0.84672,12.849,0.84672,3695.15,0,36.966,0.42336,0.261274,2.0994,2.35064,1.56258,2.72537,0.42336,36.966,0.42336,423.524,0,0.985876,0,0,1.24715,0.261274,1.028160,1,0,20.1577,0,0,0,20.1577,0
58.5791,2.63275,0,0,1.33778,0.0695025,0.36288,3.6288,39.2213,0.61612,0,0,0.322449,0.27807,0,0.66528,12.849,1,0.560939,0.36288,0,22.3537,5.97534,16.1803,0.84672,12.849,0.84672,3695.15,0,36.966,0.42336,0.227405,2.09969,2.24608,1.56258,2.58723,0.42336,36.966,0.42336,423.524,0,0.903943,0,0,1.13135,0.227405,1.028160,1,0,18.7675,0,0,0,18.7675,0
56.7664,2.61955,0,0,1.23375,0.0639755,0.36288,3.6288,38.5931,0.666391,0,0,0.316908,0.27874,0,0.66528,12.849,1,0.574584,0.36288,0,21.0887,6.05011,14.8269,0.84672,12.849,0.84672,3695.15,0,36.966,0.42336,0.227405,2.09999,2.22563,1.57752,2.55214,0.42336,36.966,0.42336,423.524,0,0.853943,0,0,1.08135,0.227405,1.028160,1,0,17.379,0,0,0,17.379,0
54.5897,2.77892,0,0,1.02198,0.0568835,0.36288,3.6288,37.6525,0.958937,0,0,0.309139,0.290848,0,0.66528,12.849,1,0.629006,0.36288,0,18.7037,6.42546,12.0121,0.84672,12.849,0.84672,3695.15,0,36.966,0.42336,0.227405,2.10028,1.99291,1.59834,2.29889,0.42336,36.966,0.42336,423.524,0,0.729035,0,0,0.956439,0.227405,1.028160,1,0,14.311,0,0,0,14.311,0
52.5105,2.75901,0,0,1.10678,0.0641436,0.36288,3.6288,36.7717,0.934425,0,0,0.347275,0.293616,0,0.66528,12.849,1,0.649398,0.36288,0,19.4471,6.47073,12.6898,0.84672,12.849,0.84672,3695.15,0,36.966,0.42336,0.227405,2.26986,1.86645,1.59872,2.34163,0.42336,36.966,0.42336,423.524,0,0.75384,0,0,0.981245,0.227405,1.028160,1,0,15.0315,0,0,0,15.0315,0
50.2341,2.73873,0,0,0.888002,0.0627986,0.36288,3.6288,35.6478,1.10586,0,0,0.273074,0.29113,0,0.66528,12.849,1,0.670151,0.36288,0,22.874,6.47073,16.096,0.84672,12.849,0.84672,3695.15,0,36.966,0.42336,0.204422,2.27018,1.55044,1.59872,2.00296,0.42336,36.966,0.42336,423.524,0,0.582699,0,0,0.787121,0.204422,1.028160,1,0,18.0989,0,0,0,18.0989,0
48.1466,2.71492,0,0,1.05168,0.061326,0.36288,3.6288,35.0674,0.709207,0,0,0.416837,0.287957,0,0.66528,12.849,1,0.69443,0.36288,0,19.6331,6.47073,12.8308,0.84672,12.849,0.84672,3695.15,0,36.966,0.42336,0.204422,2.27049,2.09667,1.59872,2.5495,0.42336,36.966,0.42336,423.524,0,0.979646,0,0,1.18407,0.204422,1.028160,1,0,15.3803,0,0,0,15.3803,0
46.3542,2.69153,0,0,1.30088,0.0389158,0.36288,3.6288,34.3616,0.808869,0,0,0.389497,0.286429,0,0.66528,12.849,1,0.718295,0.36288,0,28.3727,6.34516,21.6721,0.84672,12.849,0.84672,3695.15,0,36.966,0.42336,0.204422,2.27081,2.7783,1.55736,3.27281,0.42336,36.966,0.42336,423.524,0,0.880278,0,0,1.0847,0.204422,1.028160,1,0,24.945,0,0,0,24.945,0
45.5185,2.58869,0,0,2.15697,0.041047,0.36288,3.6288,34.1319,0.559625,0,0,0.592371,0.262489,0,0.66528,12.849,1,0.717563,0.36288,0,47.286,5.40609,41.5253,0.84672,12.849,0.84672,3695.15,0,36.966,0.42336,0.336718,2.27112,4.11879,1.38188,4.92139,0.42336,36.966,0.42336,423.524,0,1.02816,0,0,1.36488,0.336718,1.028160,1,0,46.4466,0,0,0,46.4466,0
44.909,2.57877,0,0,2.43033,0.0981932,0.36288,3.6288,34.1661,0.559904,0,0,0.829746,0.235652,0,0.66528,12.849,1,0.727938,0.36288,0,45.5964,4.54965,40.6817,0.84672,12.849,0.84672,3695.15,0,36.966,0.42336,0.750842,2.1734,5.50059,1.19486,6.80661,0.42336,36.966,0.42336,423.524,0,1.02816,0,0,1.779,0.750842,1.028160,1,0,47.4883,0,0,0,47.4883,0
44.1546,2.57145,0,0,2.27986,0.099912,0.36288,3.6288,34.2124,0.560184,0,0,0.842986,0.236534,0,0.66528,12.849,1,0.735722,0.36288,0,56.1214,4.56593,51.1826,0.84672,12.849,0.84672,3695.15,0,36.966,0.42336,0.697905,2.1737,5.56544,1.20418,6.80951,0.42336,36.966,0.42336,423.524,0,1.02816,0,0,1.72606,0.697905,1.028160,1,0,57.9921,0,0,0,57.9921,0
43.6902,2.56207,0,0,2.55957,0.0990608,0.36288,3.6288,34.4651,0.560464,0,0,1.04985,0.236643,0,0.66528,12.849,1,0.745562,0.36288,0,90.2906,4.56593,85.342,0.84672,12.849,0.84672,3695.15,0,36.966,0.42336,1.03314,2.17401,7.08518,1.20418,8.66478,0.42336,36.966,0.42336,423.524,0,1.02816,0,0,2.0613,1.03314,1.028160,1,0,94.0068,0,0,0,94.0068,0
43.6831,2.49026,0,0,2.97936,0.133284,0.36288,3.6288,34.9631,0.46816,0,0,1.15257,0.186376,0,0.66528,12.849,1,0.732371,0.36288,0,110.903,4.1368,106.397,0.84672,12.849,0.84672,3695.15,0,36.966,0.42336,1.15107,2.17431,6.50613,1.07512,8.33303,0.42336,36.966,0.42336,423.524,0,1.02816,0,0,2.17923,1.15107,1.028160,1,0,114.73,0,0,0,114.73,0
44.2587,2.49052,0,0,3.5681,0.139064,0.36288,3.6288,35.4533,0.468427,0,0,1.13741,0.178777,0,0.66528,12.849,1,0.732564,0.36288,0,101.364,4.06529,96.9295,0.84672,12.849,0.84672,3695.15,0,36.966,0.42336,1.72812,2.08707,6.7238,1.0536,9.06203,0.42336,36.966,0.42336,423.524,0,1.02816,0,0,2.75628,1.72812,1.028160,1,0,105.992,0,0,0,105.992,0
44.3939,2.49825,0,0,3.13628,0.13998,0.36288,3.6288,35.5168,0.468695,0,0,0.711846,0.179642,0,0.66528,12.849,1,0.725281,0.36288,0,90.6059,4.06529,86.1783,0.84672,12.849,0.84672,3695.15,0,36.966,0.42336,1.0134,2.08736,5.78721,1.0536,7.41101,0.42336,36.966,0.42336,423.524,0,1.02816,0,0,2.04156,1.0134,1.028160,1,0,93.5893,0,0,0,93.5893,0
44.7067,2.50031,0,0,3.35962,0.183636,0.36288,3.6288,35.7409,0.468962,0,0,0.838564,0.145576,0,0.66528,12.849,1,0.723669,0.36288,0,102.613,3.57021,98.682,0.84672,12.849,0.84672,3695.15,0,36.966,0.42336,1.22485,2.08765,5.93428,0.891166,7.93225,0.42336,36.966,0.42336,423.524,0,1.02816,0,0,2.25301,1.22485,1.028160,1,0,106.614,0,0,0,106.614,0
44.9203,2.3604,0,0,3.13501,0.198155,0.36288,3.6288,35.9215,0.36023,0,0,0.686009,0.145177,0,0.66528,12.849,1,0.678396,0.36288,0,109.647,3.48211,105.849,0.84672,12.849,0.84672,3695.15,0,36.966,0.372578,0.647663,2.08794,4.4072,0.78934,5.98089,0.42336,36.966,0.42336,423.524,0,1.02816,0,0,1.67582,0.647663,1.028160,1,0,111.83,0,0,0,111.83,0
45.5912,2.36324,0,0,3.60327,0.206267,0.36288,3.6288,36.1742,0.361274,0,0,0.7728,0.158781,0,0.66528,12.849,1,0.675982,0.36288,0,120.792,3.82085,116.658,0.84672,12.849,0.84672,3695.15,0,36.966,0.371779,0.564909,1.92999,3.46187,0.821354,4.76364,0.42336,36.966,0.42336,423.524,0,1.02816,0,0,1.59307,0.564909,1.028160,1,0,121.421,0,0,0,121.421,0
47.6023,2.37133,0,0,4.9532,0.20783,0.36288,3.6288,36.5988,0.36268,0,0,0.946438,0.159173,0,0.66528,12.849,1,0.668315,0.36288,0,113.382,3.82085,109.256,0.84672,12.849,0.84672,3695.15,0,36.966,0.370618,0.766022,1.93026,4.58648,0.821354,6.0908,0.42336,36.966,0.42336,423.524,0,1.02816,0,0,1.79418,0.766022,1.028160,1,0,115.346,0,0,0,115.346,0
51.7778,2.3939,0,0,7.14482,0.212514,0.36288,3.6288,37.6182,0.364941,0,0,1.54419,0.159832,0,0.66528,12.849,1,0.64617,0.36288,0,169.352,3.82085,165.248,0.84672,12.849,0.84672,3695.15,0,36.966,0.368602,2.30361,1.93053,5.96989,0.821354,9.01408,0.42336,36.966,0.42336,423.524,0,1.02816,0,0,3.33177,2.30361,1.028160,1,0,174.262,0,0,0,174.262,0
52.9559,2.43599,0,0,4.1946,0.217721,0.36288,3.6288,38.4354,0.370102,0,0,1.34923,0.161953,0,0.66528,12.849,1,0.604505,0.36288,0,121.048,3.76816,117.038,0.84672,12.849,0.84672,3695.15,0,36.966,0.363686,2.03121,1.9308,5.07368,0.796257,7.87576,0.42336,36.966,0.42336,423.524,0,1.02816,0,0,3.05937,2.03121,1.028160,1,0,124.914,0,0,0,124.914,0
55.5521,2.5238,0,0,5.67618,0.193265,0.36288,3.6288,38.8096,0.403209,0,0,0.943913,0.166479,0,0.66528,12.849,1,0.612365,0.36288,0,78.4279,3.45209,74.7263,0.84672,12.849,0.84672,3695.15,0,36.966,0.387794,2.05512,1.93107,7.09949,0.645672,10.0522,0.42336,36.966,0.42336,423.524,0,1.02816,0,0,3.08328,2.05512,1.028160,1,0,84.7785,0,0,0,84.7785,0
59.8893,2.54737,0,0,7.4459,0.198411,0.36288,3.6288,39.3571,0.405246,0,0,1.11982,0.167074,0,0.66528,12.849,1,0.589199,0.36288,0,135.072,3.45209,131.393,0.84672,12.849,0.84672,3695.15,0,36.966,0.385995,2.95031,1.9932,8.89025,0.645672,12.8021,0.42336,36.966,0.42336,423.524,0,1.02816,0,0,3.97847,2.95031,1.028160,1,0,144.195,0,0,0,144.195,0
61.7296,2.58284,0,0,4.993,0.207006,0.36288,3.6288,39.4631,0.408137,0,0,0.682095,0.167944,0,0.66528,12.849,1,0.554138,0.36288,0,105.852,3.45209,102.209,0.84672,12.849,0.84672,3695.15,0,36.966,0.383341,1.43949,1.99346,6.24024,0.645672,8.64418,0.42336,36.966,0.42336,423.524,0,1.02816,0,0,2.46765,1.43949,1.028160,1,0,110.853,0,0,0,110.853,0
64.2818,2.59686,0,0,5.76193,0.250029,0.36288,3.6288,39.6468,0.408792,0,0,0.813867,0.221442,0,0.66528,12.849,1,0.540535,0.36288,0,104.363,4.52987,99.6559,0.84672,12.849,0.84672,3695.15,0,36.966,0.382924,1.86393,1.99372,7.90607,1.13381,10.247,0.42336,36.966,0.42336,423.524,0,1.02816,0,0,2.89209,1.86393,1.028160,1,0,109.903,0,0,0,109.903,0
65.2592,2.81612,0,0,4.43203,0.275549,0.36288,3.6288,39.6689,0.544306,0,0,0.733158,0.166746,0,0.66528,12.849,1,0.562902,0.36288,0,91.5788,2.97841,88.4004,0.84672,12.849,0.84672,3695.15,0,36.966,0.42336,2.18482,1.99398,6.09711,0.774649,9.07791,0.42336,36.966,0.42336,423.524,0,1.02816,0,0,3.21298,2.18482,1.028160,1,0,97.4783,0,0,0,97.4783,0
66.165,2.82353,0,0,4.3742,0.281984,0.36288,3.6288,39.731,0.544567,0,0,0.762758,0.156057,0,0.66528,12.849,1,0.55593,0.36288,0,88.6378,2.51821,85.9265,0.84672,12.849,0.84672,3695.15,0,36.966,0.42336,2.44113,2.1752,5.98809,0.692866,9.4882,0.42336,36.966,0.42336,423.524,0,1.02816,0,0,3.46929,2.44113,1.028160,1,0,95.4147,0,0,0,95.4147,0
66.7016,2.83028,0,0,3.99892,0.269158,0.36288,3.6288,39.8281,0.544827,0,0,0.816698,0.174831,0,0.66528,12.849,1,0.549629,0.36288,0,83.7406,3.30034,80.2535,0.84672,12.849,0.84672,3695.15,0,36.966,0.42336,2.598,2.17549,6.93194,0.953886,10.3282,0.42336,36.966,0.42336,423.524,0,1.02816,0,0,3.62616,2.598,1.028160,1,0,90.5817,0,0,0,90.5817,0
67.7815,2.83435,0,0,4.52039,0.243251,0.36288,3.6288,39.8739,0.545088,0,0,0.770265,0.1793,0,0.66528,12.849,1,0.545993,0.36288,0,88.5859,3.60111,84.8017,0.84672,12.849,0.84672,3695.15,0,36.966,0.42336,2.76809,2.17577,7.91006,1.02381,11.4068,0.42336,36.966,0.42336,423.524,0,1.02816,0,0,3.79625,2.76809,1.028160,1,0,96.2085,0,0,0,96.2085,0
69.4575,2.52941,0,0,4.84041,0.272205,0.36288,3.6288,39.9308,0.373454,0,0,0.571192,0.140888,0,0.66528,12.849,1,0.479487,0.36288,0,82.156,2.92681,79.1126,0.84672,12.849,0.84672,3695.15,0,36.966,0.346219,2.63144,2.17606,6.81297,0.855018,10.4192,0.42336,36.966,0.42336,423.524,0,1.02816,0,0,3.6596,2.63144,1.028160,1,0,89.5318,0,0,0,89.5318,0
70.7593,2.5395,0,0,4.49948,0.295308,0.36288,3.6288,39.8351,0.373829,0,0,0.400257,0.122106,0,0.66528,12.849,1,0.469785,0.36288,0,105.959,2.80571,103.047,0.84672,12.849,0.84672,3695.15,0,36.966,0.346072,1.9692,1.91424,5.09333,0.868657,7.76205,0.42336,36.966,0.42336,423.524,0,1.02816,0,0,2.99736,1.9692,1.028160,1,0,110.809,0,0,0,110.809,0
70.7438,2.54715,0,0,3.19288,0.298289,0.36288,3.6288,40.0151,0.373516,0,0,0.67555,0.121996,0,0.66528,12.849,1,0.462531,0.36288,0,86.1382,2.80571,83.2329,0.84672,12.849,0.84672,3695.15,0,36.966,0.346613,1.87958,1.91449,3.70294,0.868657,6.28174,0.42336,36.966,0.42336,423.524,0,1.02816,0,0,2.90774,1.87958,1.028160,1,0,89.5146,0,0,0,89.5146,0
72.1733,2.5474,0,0,4.61478,0.275059,0.36288,3.6288,40.3683,0.374445,0,0,0.85326,0.125711,0,0.66528,12.849,1,0.462676,0.36288,0,113.163,2.86679,110.197,0.84672,12.849,0.84672,3695.15,0,36.966,0.345912,2.51992,1.91474,4.94834,0.878687,8.15839,0.42336,36.966,0.42336,423.524,0,1.02816,0,0,3.54808,2.51992,1.028160,1,0,118.355,0,0,0,118.355,0
72.29,2.55551,0,0,4.02385,0.26781,1.08379,3.6288,40.5519,0.376144,0,0,0.69504,0.135269,0,0.66528,12.849,1,0.454957,1.08379,0,94.163,3.15563,91.6362,0.84672,12.849,0.84672,3695.15,0,36.966,0.344442,1.80012,1.91499,4.00517,0.923518,6.45232,0.42336,36.966,0.42336,423.524,0,1.02816,0,0,2.82828,1.80012,1.028160,1,0,98.0886,0,0,0,98.0886,0
72.29,2.64987,0,0,3.36648,0.286363,0.430244,3.6288,40.3865,0.413877,0,0,0.400244,0.151756,0,0.66528,12.849,1,0.470995,0.430244,0,107.813,3.7632,104.009,0.84672,12.849,0.84672,3695.15,0,36.966,0.377279,1.57461,1.91524,3.8866,1.01679,5.98238,0.42336,36.966,0.42336,423.524,0,1.02816,0,0,2.60277,1.57461,1.028160,1,0,109.992,0,0,0,109.992,0
72.0198,2.65022,0,0,3.02927,0.286363,0.36288,3.6288,40.3321,0.413194,0,0,0.510334,0.151511,0,0.66528,12.849,1,0.471057,0.36288,0,76.4562,3.7632,72.5848,0.84672,12.849,0.84672,3695.15,0,36.966,0.378199,2.02956,1.99045,3.09483,1.01679,5.71986,0.42336,36.966,0.42336,423.524,0,1.02816,0,0,3.05772,2.02956,1.028160,1,0,78.3047,0,0,0,78.3047,0
71.5774,2.59919,0,0,2.81081,0.291138,0.36288,3.6288,40.3337,0.395177,0,0,0.54164,0.14487,0,0.66528,12.849,1,0.46372,0.36288,0,69.4103,3.54677,65.7627,0.84672,12.849,0.84672,3695.15,0,36.966,0.362195,2.0697,1.99071,4.15259,0.975025,6.87579,0.42336,36.966,0.42336,423.524,0,1.02816,0,0,3.09786,2.0697,1.028160,1,0,72.6385,0,0,0,72.6385,0
70.742,2.64693,0,0,2.43295,0.258543,0.36288,3.6288,40.27,0.413184,0,0,0.507252,0.157759,0,0.66528,12.849,1,0.475156,0.36288,0,64.0359,3.76204,60.1616,0.84672,12.849,0.84672,3695.15,0,36.966,0.378685,1.87138,1.95349,2.98474,1.01228,5.41865,0.42336,36.966,0.42336,423.524,0,1.02816,0,0,2.89954,1.87138,1.028160,1,0,65.5802,0,0,0,65.5802,0
70.0627,2.60611,0,0,2.51946,0.229766,0.36288,3.6288,40.1313,0.398743,0,0,0.441755,0.181779,0,0.66528,12.849,1,0.473353,0.36288,0,57.7925,4.16724,53.5148,0.84672,12.849,0.84672,3695.15,0,36.966,0.366028,1.70919,1.99123,3.36008,1.02557,5.66891,0.42336,36.966,0.42336,423.524,0,1.02816,0,0,2.73735,1.70919,1.028160,1,0,59.1837,0,0,0,59.1837,0
69.0385,2.60257,0,0,2.16982,0.228567,0.36288,3.6288,39.9614,0.398206,0,0,0.40989,0.181532,0,0.66528,12.849,1,0.477293,0.36288,0,51.8327,4.16724,47.5511,0.84672,12.849,0.84672,3695.15,0,36.966,0.366799,1.4086,1.96231,3.14141,1.02557,5.11995,0.42336,36.966,0.42336,423.524,0,1.02816,0,0,2.43676,1.4086,1.028160,1,0,52.671,0,0,0,52.671,0
68.0692,2.59694,0,0,2.21725,0.226761,0.36288,3.6288,39.7636,0.397518,0,0,0.380932,0.181239,0,0.66528,12.849,1,0.483326,0.36288,0,52.6821,4.16724,48.3944,0.84672,12.849,0.84672,3695.15,0,36.966,0.367721,0.882179,1.96257,3.2896,1.02557,4.74105,0.42336,36.966,0.42336,423.524,0,1.02816,0,0,1.91034,0.882179,1.028160,1,0,53.1354,0,0,0,53.1354,0
67.1848,2.59149,0,0,2.24425,0.174248,0.36288,3.6288,39.5513,0.396691,0,0,0.38567,0.201292,0,0.66528,12.849,1,0.489179,0.36288,0,54.2472,4.48248,49.6384,0.84672,12.849,0.84672,3695.15,0,36.966,0.368782,1.1319,1.96282,3.22097,1.094,4.85291,0.42336,36.966,0.42336,423.524,0,1.02816,0,0,2.16006,1.1319,1.028160,1,0,54.4913,0,0,0,54.4913,0
65.9469,2.70911,0,0,1.99327,0.159146,0.36288,3.6288,39.2381,0.44592,0,0,0.33601,0.203224,0,0.66528,12.849,1,0.518114,0.36288,0,45.1029,4.45197,40.4957,0.84672,12.849,0.84672,3695.15,0,36.966,0.416773,1.08567,1.96308,2.75609,1.12419,4.26387,0.42336,36.966,0.42336,423.524,0,1.02816,0,0,2.11383,1.08567,1.028160,1,0,44.7595,0,0,0,44.7595,0
64.8085,2.44705,0,0,1.79572,0.124271,0.36288,3.6288,39.0303,0.352677,0,0,0.343196,0.198302,0,0.66528,12.849,1,0.47678,0.36288,0,39.1755,4.45074,34.6108,0.84672,12.849,0.84672,3695.15,0,36.966,0.332255,1.08626,2.06566,2.66257,1.04616,4.43607,0.42336,36.966,0.42336,423.524,0,1.02816,0,0,2.11442,1.08626,1.028160,1,0,39.0469,0,0,0,39.0469,0
63.3715,2.69396,0,0,1.74301,0.123143,0.36288,3.6288,38.7536,0.443317,0,0,0.364463,0.197912,0,0.66528,12.849,1,0.534108,0.36288,0,37.34,4.45074,32.718,0.84672,12.849,0.84672,3695.15,0,36.966,0.41987,1.06202,1.87146,2.83242,1.04616,4.29987,0.42336,36.966,0.42336,423.524,0,1.02816,0,0,2.09018,1.06202,1.028160,1,0,37.0179,0,0,0,37.0179,0
61.8562,2.68424,0,0,1.65359,0.121719,0.36288,3.6288,38.4685,0.441908,0,0,0.354169,0.197392,0,0.66528,12.849,1,0.544248,0.36288,0,35.0711,4.45074,30.439,0.84672,12.849,0.84672,3695.15,0,36.966,0.421525,0.97308,2.06619,2.61873,1.04616,4.19032,0.42336,36.966,0.42336,423.524,0,1.02816,0,0,2.00124,0.97308,1.028160,1,0,34.6294,0,0,0,34.6294,0
60.3827,2.67355,0,0,1.67868,0.115733,0.36288,3.6288,38.1843,0.440441,0,0,0.352623,0.196321,0,0.66528,12.849,1,0.55536,0.36288,0,33.4722,4.53399,28.7458,0.84672,12.849,0.84672,3695.15,0,36.966,0.423239,0.858781,2.06646,2.53119,1.0591,3.97409,0.42336,36.966,0.42336,423.524,0,1.02816,0,0,1.88694,0.858781,1.028160,1,0,32.7198,0,0,0,32.7198,0
59.214,2.5892,0,0,1.88654,0.103252,0.36288,3.6288,37.91,0.457282,0,0,0.377388,0.194454,0,0.66528,12.849,1,0.550962,0.36288,0,35.0696,4.74211,30.1394,0.84672,12.849,0.84672,3695.15,0,36.966,0.42336,0.950996,2.06673,2.36807,1.09145,3.87098,0.42336,36.966,0.42336,423.524,0,1.02816,0,0,1.97916,0.950996,1.028160,1,0,34.0104,0,0,0,34.0104,0
57.8856,2.5806,0,0,1.71722,0.10211,0.36288,3.6288,37.6115,0.457531,0,0,0.352968,0.193944,0,0.66528,12.849,1,0.559971,0.36288,0,33.6668,4.74211,28.7276,0.84672,12.849,0.84672,3695.15,0,36.966,0.42336,0.686647,2.06321,2.22458,1.09145,3.45962,0.42336,36.966,0.42336,423.524,0,1.02816,0,0,1.71481,0.686647,1.028160,1,0,32.1872,0,0,0,32.1872,0
56.4432,2.57042,0,0,1.57901,0.0881223,0.36288,3.6288,37.2702,0.45778,0,0,0.336994,0.220516,0,0.66528,12.849,1,0.570561,0.36288,0,29.8467,5.16556,24.4735,0.84672,12.849,0.84672,3695.15,0,36.966,0.42336,0.678102,2.06348,2.14053,1.24602,3.21273,0.42336,36.966,0.42336,423.524,0,1.02816,0,0,1.70626,0.678102,1.028160,1,0,27.6862,0,0,0,27.6862,0
54.9352,2.55887,0,0,1.48401,0.0702114,0.36288,3.6288,36.8707,0.458029,0,0,0.314374,0.255843,0,0.66528,12.849,1,0.582514,0.36288,0,26.4957,5.73016,20.5459,0.84672,12.849,0.84672,3695.15,0,36.966,0.42336,0.646479,2.06374,2.06066,1.45211,2.89541,0.42336,36.966,0.42336,423.524,0,1.02816,0,0,1.67464,0.646479,1.028160,1,0,23.4413,0,0,0,23.4413,0
53.2228,2.60567,0,0,1.33668,0.0805161,0.36288,3.6288,36.3485,0.504945,0,0,0.237424,0.254661,0,0.66528,12.849,1,0.60945,0.36288,0,22.8854,5.87736,16.7614,0.84672,12.849,0.84672,3695.15,0,36.966,0.42336,0.290598,2.06401,1.65294,1.46149,2.1227,0.42336,36.966,0.42336,423.524,0,1.02816,0,0,1.31876,0.290598,1.028160,1,0,18.8841,0,0,0,18.8841,0
51.7187,2.59021,0,0,1.51451,0.0655856,0.36288,3.6288,35.8742,0.5052,0,0,0.296955,0.266003,0,0.66528,12.849,1,0.625327,0.36288,0,29.1559,6.03477,22.8586,0.84672,12.849,0.84672,3695.15,0,36.966,0.42336,0.498493,2.11408,1.85599,1.54177,2.50343,0.42336,36.966,0.42336,423.524,0,1.02816,0,0,1.52665,0.498493,1.028160,1,0,25.3621,0,0,0,25.3621,0
50.1094,2.57598,0,0,1.39417,0.0645768,0.36288,3.6288,35.3557,0.505456,0,0,0.251747,0.264775,0,0.66528,12.849,1,0.639978,0.36288,0,23.9483,6.03477,17.6364,0.84672,12.849,0.84672,3695.15,0,36.966,0.42336,0.591062,2.11435,1.79457,1.54177,2.53486,0.42336,36.966,0.42336,423.524,0,1.02816,0,0,1.61922,0.591062,1.028160,1,0,20.1713,0,0,0,20.1713,0
48.3996,2.55996,0,0,1.27659,0.0634975,0.36288,3.6288,34.8198,0.505711,0,0,0.233172,0.263432,0,0.66528,12.849,1,0.656422,0.36288,0,22.7627,6.03477,16.4344,0.84672,12.849,0.84672,3695.15,0,36.966,0.42336,0.355994,2.11463,1.57741,1.54177,2.08291,0.42336,36.966,0.42336,423.524,0,1.02816,0,0,1.38415,0.355994,1.028160,1,0,18.5173,0,0,0,18.5173,0
46.684,2.71173,0,0,1.41372,0.0547434,0.36288,3.6288,34.128,0.66528,0,0,0.244087,0.270619,0,0.66528,12.849,1,0.719903,0.36288,0,22.092,5.94258,15.7924,0.84672,12.849,0.84672,3695.15,0,36.966,0.42336,0.448563,2.11491,1.86383,1.54655,2.45739,0.42336,36.966,0.42336,423.524,0,1.02816,0,0,1.47672,0.448563,1.028160,1,0,18.2498,0,0,0,18.2498,0
45.0733,2.69134,0,0,1.495,0.0515362,0.36288,3.6288,33.4335,0.66528,0,0,0.214788,0.243944,0,0.66528,12.849,1,0.740746,0.36288,0,21.2738,5.62946,15.2664,0.84672,12.849,0.84672,3695.15,0,36.966,0.42336,0.305519,2.27853,1.64204,1.54504,2.25769,0.42336,36.966,0.42336,423.524,0,1.02816,0,0,1.33368,0.305519,1.028160,1,0,17.5241,0,0,0,17.5241,0
43.663,2.67109,0,0,1.6705,0.046811,0.36288,3.6288,32.7879,0.66528,0,0,0.263939,0.244242,0,0.66528,12.849,1,0.761444,0.36288,0,27.0705,5.70423,20.9677,0.84672,12.849,0.84672,3695.15,0,36.966,0.42336,0.646678,2.27861,1.74293,1.55998,2.68489,0.42336,36.966,0.42336,423.524,0,1.02816,0,0,1.67484,0.646678,1.028160,1,0,23.6526,0,0,0,23.6526,0
41.9214,2.65243,0,0,1.31975,0.0460669,0.36288,3.6288,32.0401,0.698,0,0,0.192665,0.242547,0,0.66528,12.849,1,0.780548,0.36288,0,27.9359,5.70423,21.814,0.84672,12.849,0.84672,3695.15,0,36.966,0.42336,0.204422,2.2787,1.38104,1.55998,1.88082,0.42336,36.966,0.42336,423.524,0,0.99544,0,0,1.19986,0.204422,1.028160,1,0,23.6948,0,0,0,23.6948,0
40.4882,2.62795,0,0,1.60515,0.0474354,0.36288,3.6288,31.4443,0.66528,0,0,0.306248,0.236683,0,0.66528,12.849,1,0.805474,0.36288,0,23.9408,5.47415,18.0241,0.84672,12.849,0.84672,3695.15,0,36.966,0.42336,0.97753,2.27878,1.9431,1.52973,3.24631,0.42336,36.966,0.42336,423.524,0,1.02816,0,0,2.00569,0.97753,1.028160,1,0,21.2704,0,0,0,21.2704,0
38.9614,2.52712,0,0,1.42326,0.060136,0.36288,3.6288,30.358,1.00905,0,0,0.1346,0.211889,0,0.66528,12.849,1,0.801984,0.36288,0,17.2778,4.09364,12.7451,0.84672,12.849,0.84672,3695.15,0,36.966,0.42336,0.204422,2.27886,1.10457,1.34829,1.8162,0.42336,36.966,0.42336,423.524,0,0.592635,0,0,0.797057,0.204422,1.028160,1,0,14.5613,0,0,0,14.5613,0
37.2059,2.50381,0,0,1.17031,0.059071,0.36288,3.6288,29.763,0.573789,0,0,0.188132,0.209361,0,0.66528,12.849,1,0.825727,0.36288,0,16.7727,4.09364,12.2162,0.84672,12.849,0.84672,3695.15,0,36.966,0.42336,0.331672,2.18842,1.2471,1.34829,1.99554,0.42336,36.966,0.42336,423.524,0,1.02816,0,0,1.35983,0.331672,1.028160,1,0,14.2117,0,0,0,14.2117,0
35.273,2.48325,0,0,0.971076,0.0578707,0.36288,3.6288,28.5415,1.11474,0,0,0.101185,0.207977,0,0.66528,12.849,1,0.84672,0.36288,0,16.0707,4.09364,11.4933,0.84672,12.849,0.84672,3695.15,0,36.966,0.42336,0.216518,2.18871,0.928765,1.34829,1.56234,0.42336,36.966,0.42336,423.524,0,0.487469,0,0,0.703987,0.216518,1.028160,1,0,13.0556,0,0,0,13.0556,0
33.7258,2.48368,0,0,1.39668,0.0973296,0.36288,3.6288,27.4692,1.02571,0,0,0.124461,0.171047,0,0.66528,12.849,1,0.84672,0.36288,0,18.7561,3.47075,14.8015,0.84672,12.849,0.84672,3695.15,0,36.966,0.42336,0.216518,2.18899,1.022,1.1536,1.85056,0.42336,36.966,0.42336,423.524,0,0.576772,0,0,0.79329,0.216518,1.028160,1,0,16.652,0,0,0,16.652,0
32.7274,2.39807,0,0,1.89981,0.137233,0.36288,3.6288,26.692,0.784184,0,0,0.161438,0.154454,0,0.66528,12.849,1,0.84672,0.36288,0,28.3088,3.88642,23.9385,0.84672,12.849,0.84672,3695.15,0,36.966,0.42336,0.216518,2.18928,2.12067,1.03322,3.06989,0.42336,36.966,0.42336,423.524,0,0.725337,0,0,0.941855,0.216518,1.028160,1,0,27.0084,0,0,0,27.0084,0
31.5334,2.15147,0,0,1.45127,0.130949,0.36288,3.6288,25.6875,0.942442,0,0,0.103182,0.165151,0,0.66528,12.849,1,0.844682,0.36288,0,16.4658,4.3849,11.5991,0.84672,12.849,0.84672,3695.15,0,36.966,0.42336,0.216518,2.10142,1.55683,1.0889,2.36251,0.42336,36.966,0.42336,423.524,0,0.418966,0,0,0.635484,0.216518,1.028160,1,0,13.9616,0,0,0,13.9616,0
31.0762,2.14982,0,0,2.18455,0.128998,0.36288,3.6288,25.4407,0.333481,0,0,0.249872,0.163277,0,0.66528,12.849,1,0.84672,0.36288,0,25.6763,4.3849,20.8075,0.84672,12.849,0.84672,3695.15,0,36.966,0.42336,0.808583,1.94039,3.15681,1.0889,4.39353,0.42336,36.966,0.42336,423.524,0,1.02816,0,0,1.83674,0.808583,1.028160,1,0,25.201,0,0,0,25.201,0
33.7235,2.15021,0,0,5.28869,0.128251,0.36288,3.6288,25.5039,0.333714,0,0,0.559786,0.162816,0,0.66528,12.849,1,0.84672,0.36288,0,67.2887,4.3849,62.42,0.84672,12.849,0.84672,3695.15,0,36.966,0.42336,1.86196,1.94064,4.77552,1.0889,7.06586,0.42336,36.966,0.42336,423.524,0,1.02816,0,0,2.89012,1.86196,1.028160,1,0,69.4859,0,0,0,69.4859,0
33.636,2.17376,0,0,2.63539,0.186288,0.36288,3.6288,25.1782,0.430529,0,0,0.232559,0.127718,0,0.66528,12.849,1,0.828225,0.36288,0,34.9892,3.73878,30.7851,0.84672,12.849,0.84672,3695.15,0,36.966,0.42336,0.292723,1.9409,2.73289,0.934607,3.60854,0.42336,36.966,0.42336,423.524,0,0.885747,0,0,1.17847,0.292723,1.028160,1,0,34.3937,0,0,0,34.3937,0
33.6185,2.00575,0,0,2.5367,0.185538,0.36288,3.6288,25.0462,0.234251,0,0,0.235454,0.133192,0,0.66528,12.849,1,0.7662,0.36288,0,35.9905,3.89298,31.6942,0.84672,12.849,0.84672,3695.15,0,36.966,0.343921,0.72042,1.90662,3.51748,1.0166,4.784,0.42336,36.966,0.42336,423.524,0,1.02816,0,0,1.74858,0.72042,1.028160,1,0,36.4782,0,0,0,36.4782,0
33.9232,2.00573,0,0,2.85872,0.185498,0.36288,3.6288,24.9167,0.233603,0,0,0.237099,0.13299,0,0.66528,12.849,1,0.766588,0.36288,0,41.6896,3.89298,37.3929,0.84672,12.849,0.84672,3695.15,0,36.966,0.344778,0.692531,1.76052,2.88234,1.0166,3.97401,0.42336,36.966,0.42336,423.524,0,1.02816,0,0,1.72069,0.692531,1.028160,1,0,41.3669,0,0,0,41.3669,0
33.6023,2.01098,0,0,2.23872,0.185744,0.36288,3.6288,24.7641,0.232966,0,0,0.211384,0.13103,0,0.66528,12.849,1,0.761695,0.36288,0,34.5369,3.84325,30.2949,0.84672,12.849,0.84672,3695.15,0,36.966,0.345624,0.470966,1.76075,2.38295,1.0006,3.26843,0.42336,36.966,0.42336,423.524,0,1.02816,0,0,1.49913,0.470966,1.028160,1,0,33.5633,0,0,0,33.5633,0
34.2639,2.00598,0,0,3.21047,0.179926,0.36288,3.6288,24.6331,0.232196,0,0,0.256401,0.155194,0,0.66528,12.849,1,0.767057,0.36288,0,34.0396,3.25299,30.3824,0.84672,12.849,0.84672,3695.15,0,36.966,0.346604,0.97518,1.76097,3.38083,0.819576,4.9508,0.42336,36.966,0.42336,423.524,0,1.02816,0,0,2.00334,0.97518,1.028160,1,0,35.3332,0,0,0,35.3332,0
34.8369,2.08019,0,0,3.22555,0.209567,0.36288,3.6288,24.1823,0.516298,0,0,0.219005,0.153602,0,0.66528,12.849,1,0.780074,0.36288,0,67.406,3.90075,63.0881,0.84672,12.849,0.84672,3695.15,0,36.966,0.42336,0.412474,1.7612,3.11791,1.05132,3.81691,0.42336,36.966,0.42336,423.524,0,0.71947,0,0,1.13194,0.412474,1.028160,1,0,66.905,0,0,0,66.905,0
36.229,2.08982,0,0,4.0559,0.211036,0.36288,3.6288,24.1193,0.29866,0,0,0.388555,0.152801,0,0.66528,12.849,1,0.770796,0.36288,0,82.4662,3.90075,78.1575,0.84672,12.849,0.84672,3695.15,0,36.966,0.42336,0.503194,1.81786,3.92452,1.05132,4.77089,0.42336,36.966,0.42336,423.524,0,0.93731,0,0,1.4405,0.503194,1.028160,1,0,82.9284,0,0,0,82.9284,0
36.732,2.11194,0,0,3.19237,0.214607,0.36288,3.6288,24.1645,0.249295,0,0,0.447099,0.152689,0,0.66528,12.849,1,0.749023,0.36288,0,71.5592,3.90075,67.2723,0.84672,12.849,0.84672,3695.15,0,36.966,0.382077,0.587131,1.81808,3.08598,1.05132,4.05779,0.42336,36.966,0.42336,423.524,0,1.02816,0,0,1.61529,0.587131,1.028160,1,0,71.3301,0,0,0,71.3301,0
36.4988,2.1198,0,0,2.46538,0.215898,0.36288,3.6288,24.0695,0.32298,0,0,0.380763,0.152769,0,0.66528,12.849,1,0.741515,0.36288,0,44.5069,3.90075,40.2275,0.84672,12.849,0.84672,3695.15,0,36.966,0.42336,0.503194,1.8183,2.65317,1.05132,3.49998,0.42336,36.966,0.42336,423.524,0,0.913395,0,0,1.41659,0.503194,1.028160,1,0,43.7275,0,0,0,43.7275,0
37.1629,2.323,0,0,3.57335,0.223342,0.36288,3.6288,23.7791,0.478337,0,0,0.320185,0.132179,0,0.66528,12.849,1,0.817786,0.36288,0,83.2887,3.43231,79.4014,0.84672,12.849,0.84672,3695.15,0,36.966,0.42336,0.503194,1.81852,3.14195,0.842815,4.1975,0.42336,36.966,0.42336,423.524,0,0.953414,0,0,1.45661,0.503194,1.028160,1,0,83.5989,0,0,0,83.5989,0
38.9707,2.33414,0,0,4.72294,0.218142,0.36288,3.6288,23.622,0.403816,0,0,0.371406,0.124686,0,0.66528,12.849,1,0.807025,0.36288,0,102.7,3.11955,99.1365,0.84672,12.849,0.84672,3695.15,0,36.966,0.42336,0.704929,2.02184,2.77539,0.716939,4.36186,0.42336,36.966,0.42336,423.524,0,1.02816,0,0,1.73309,0.704929,1.028160,1,0,103.498,0,0,0,103.498,0
40.2369,2.36258,0,0,4.21453,0.222804,0.36288,3.6288,23.473,0.404042,0,0,0.379411,0.124457,0,0.66528,12.849,1,0.778966,0.36288,0,97.2302,3.11955,93.6946,0.84672,12.849,0.84672,3695.15,0,36.966,0.42336,0.710994,2.02209,2.77541,0.716939,4.36819,0.42336,36.966,0.42336,423.524,0,1.02816,0,0,1.73915,0.710994,1.028160,1,0,98.0628,0,0,0,98.0628,0
41.7244,2.38145,0,0,4.44077,0.208934,0.36288,3.6288,23.3196,0.404268,0,0,0.394788,0.143919,0,0.66528,12.849,1,0.760478,0.36288,0,98.1478,4.29069,93.4595,0.84672,12.849,0.84672,3695.15,0,36.966,0.42336,0.789169,2.02233,3.0913,1.11599,4.36345,0.42336,36.966,0.42336,423.524,0,1.02816,0,0,1.81733,0.789169,1.028160,1,0,97.823,0,0,0,97.823,0
42.4862,2.09795,0,0,3.44364,0.221065,0.36288,3.6288,23.3729,0.227214,0,0,0.421108,0.140562,0,0.66528,12.849,1,0.64606,0.36288,0,79.0319,3.94666,74.802,0.84672,12.849,0.84672,3695.15,0,36.966,0.360179,0.608429,2.02258,3.82665,1.06125,5.03623,0.42336,36.966,0.42336,423.524,0,1.00657,0,0,1.615,0.608429,1.028160,1,0,79.8383,0,0,0,79.8383,0
43.0963,2.1071,0,0,3.31894,0.238901,0.36288,3.6288,23.5584,0.219244,0,0,0.544227,0.139493,0,0.66528,12.849,1,0.637244,0.36288,0,80.0055,3.70839,76.0228,0.84672,12.849,0.84672,3695.15,0,36.966,0.346752,0.883647,1.74572,4.32719,1.04592,5.56389,0.42336,36.966,0.42336,423.524,0,1.02816,0,0,1.91181,0.883647,1.028160,1,0,81.5867,0,0,0,81.5867,0
43.5547,2.1143,0,0,3.17627,0.240593,0.36288,3.6288,23.6908,0.220383,0,0,0.492584,0.139797,0,0.66528,12.849,1,0.630372,0.36288,0,59.9172,3.70839,55.9413,0.84672,12.849,0.84672,3695.15,0,36.966,0.345807,0.572581,1.74593,3.87076,1.04592,4.79755,0.42336,36.966,0.42336,423.524,0,1.02816,0,0,1.60074,0.572581,1.028160,1,0,60.7389,0,0,0,60.7389,0
43.514,2.11968,0,0,2.69591,0.254145,0.36288,3.6288,23.8572,0.221213,0,0,0.51402,0.126415,0,0.66528,12.849,1,0.625324,0.36288,0,62.8812,3.73487,58.8839,0.84672,12.849,0.84672,3695.15,0,36.966,0.345171,0.746893,1.74615,3.91761,0.998465,5.06701,0.42336,36.966,0.42336,423.524,0,1.02816,0,0,1.77505,0.746893,1.028160,1,0,63.9509,0,0,0,63.9509,0
43.2346,2.11949,0,0,2.45343,0.250452,0.36288,3.6288,24.0374,0.222234,0,0,0.522801,0.120363,0,0.66528,12.849,1,0.625853,0.36288,0,55.5549,3.79873,51.4932,0.84672,12.849,0.84672,3695.15,0,36.966,0.344345,1.01921,1.74636,4.17116,0.9892,5.60318,0.42336,36.966,0.42336,423.524,0,1.02816,0,0,2.04737,1.01921,1.028160,1,0,57.0964,0,0,0,57.0964,0
44.9327,2.19397,0,0,4.45394,0.198912,0.36288,3.6288,24.1589,0.248604,0,0,0.485627,0.115521,0,0.66528,12.849,1,0.652031,0.36288,0,91.0656,4.11841,86.658,0.84672,12.849,0.84672,3695.15,0,36.966,0.382316,0.862877,1.74657,4.19048,1.04749,5.37012,0.42336,36.966,0.42336,423.524,0,1.02816,0,0,1.89104,0.862877,1.028160,1,0,92.0281,0,0,0,92.0281,0
46.0189,2.3974,0,0,4.04921,0.202801,0.36288,3.6288,24.2889,0.345695,0,0,0.591406,0.115685,0,0.66528,12.849,1,0.685561,0.36288,0,81.9919,4.11841,77.5508,0.84672,12.849,0.84672,3695.15,0,36.966,0.42336,0.779829,1.81515,4.29984,1.04749,5.42397,0.42336,36.966,0.42336,423.524,0,1.02816,0,0,1.80799,0.779829,1.028160,1,0,82.9747,0,0,0,82.9747,0
47.2762,2.22535,0,0,4.05083,0.205287,0.36288,3.6288,24.5349,0.250334,0,0,0.612163,0.11586,0,0.66528,12.849,1,0.621343,0.36288,0,89.202,4.11841,84.8251,0.84672,12.849,0.84672,3695.15,0,36.966,0.38099,1.22191,1.96627,5.00187,1.04749,6.76158,0.42336,36.966,0.42336,423.524,0,1.02816,0,0,2.25007,1.22191,1.028160,1,0,91.5866,0,0,0,91.5866,0
48.0952,2.23861,0,0,3.62143,0.200889,0.36288,3.6288,24.5406,0.275783,0,0,0.404804,0.123256,0,0.66528,12.849,1,0.608424,0.36288,0,70.9724,4.24583,66.4811,0.84672,12.849,0.84672,3695.15,0,36.966,0.415514,0.528595,1.81559,2.74343,1.08313,3.58896,0.42336,36.966,0.42336,423.524,0,0.968388,0,0,1.49698,0.528595,1.028160,1,0,70.07,0,0,0,70.07,0
48.3865,2.21609,0,0,3.0361,0.1658,0.36288,3.6288,24.5202,0.242109,0,0,0.392216,0.170505,0,0.66528,12.849,1,0.592046,0.36288,0,57.3562,5.62867,51.4984,0.84672,12.849,0.84672,3695.15,0,36.966,0.364693,0.604117,1.81581,3.29219,1.3058,4.04162,0.42336,36.966,0.42336,423.524,0,1.02816,0,0,1.63228,0.604117,1.028160,1,0,55.54,0,0,0,55.54,0
48.5047,2.21918,0,0,2.82344,0.123226,0.36288,3.6288,24.4956,0.247515,0,0,0.381957,0.159115,0,0.66528,12.849,1,0.589302,0.36288,0,62.0215,4.82844,56.9666,0.84672,12.849,0.84672,3695.15,0,36.966,0.373146,0.528595,1.78942,2.93014,1.20332,3.67169,0.42336,36.966,0.42336,423.524,0,1.0145,0,0,1.5431,0.528595,1.028160,1,0,60.6383,0,0,0,60.6383,0
48.3612,2.22059,0,0,2.54556,0.105642,0.36288,3.6288,24.5067,0.26294,0,0,0.428312,0.154209,0,0.66528,12.849,1,0.588238,0.36288,0,52.5594,4.46712,47.8669,0.84672,12.849,0.84672,3695.15,0,36.966,0.3968,0.402797,1.78964,2.79615,1.16174,3.43004,0.42336,36.966,0.42336,423.524,0,0.97562,0,0,1.37842,0.402797,1.028160,1,0,51.2969,0,0,0,51.2969,0
48.107,2.21948,0,0,2.43372,0.105477,0.36288,3.6288,24.3676,0.359362,0,0,0.374497,0.154229,0,0.66528,12.849,1,0.58969,0.36288,0,45.6189,4.46712,40.925,0.84672,12.849,0.84672,3695.15,0,36.966,0.42336,0.402797,1.78985,2.61205,1.16174,3.2196,0.42336,36.966,0.42336,423.524,0,0.852837,0,0,1.25563,0.402797,1.028160,1,0,44.1446,0,0,0,44.1446,0
47.4268,2.32247,0,0,2.10601,0.100936,0.36288,3.6288,24.0834,0.481246,0,0,0.349847,0.152884,0,0.66528,12.849,1,0.620313,0.36288,0,42.1268,4.519,37.3504,0.84672,12.849,0.84672,3695.15,0,36.966,0.42336,0.402797,1.79007,2.40119,1.11154,3.05916,0.42336,36.966,0.42336,423.524,0,0.81959,0,0,1.22239,0.402797,1.028160,1,0,40.4095,0,0,0,40.4095,0
46.282,2.55638,0,0,1.86909,0.0945631,0.36288,3.6288,23.5003,0.745614,0,0,0.313452,0.150924,0,0.66528,12.849,1,0.692583,0.36288,0,36.2989,4.58818,31.381,0.84672,12.849,0.84672,3695.15,0,36.966,0.42336,0.402797,1.88359,2.08046,1.04461,2.89888,0.42336,36.966,0.42336,423.524,0,0.734616,0,0,1.13741,0.402797,1.028160,1,0,34.2799,0,0,0,34.2799,0
44.9323,2.54328,0,0,1.6385,0.0820423,0.36288,3.6288,22.9145,0.721205,0,0,0.292008,0.15658,0,0.66528,12.849,1,0.706077,0.36288,0,32.431,4.69529,27.3925,0.84672,12.849,0.84672,3695.15,0,36.966,0.42336,0.30119,2.07957,2.01849,1.07198,2.90391,0.42336,36.966,0.42336,423.524,0,0.759257,0,0,1.06045,0.30119,1.028160,1,0,30.2965,0,0,0,30.2965,0
43.5396,2.5271,0,0,1.55017,0.0529059,0.36288,3.6288,22.2505,0.772637,0,0,0.280752,0.172093,0,0.66528,12.849,1,0.722658,0.36288,0,29.6463,4.96303,24.3234,0.84672,12.849,0.84672,3695.15,0,36.966,0.42336,0.30119,2.07982,1.94183,1.14039,2.7591,0.42336,36.966,0.42336,423.524,0,0.708057,0,0,1.00925,0.30119,1.028160,1,0,27.0825,0,0,0,27.0825,0
42.0991,2.50956,0,0,1.48607,0.054167,0.36288,3.6288,21.5104,0.835552,0,0,0.269663,0.174183,0,0.66528,12.849,1,0.740597,0.36288,0,30.0616,5.02162,24.6622,0.84672,12.849,0.84672,3695.15,0,36.966,0.42336,0.30119,2.08008,2.043,1.14786,2.85305,0.42336,36.966,0.42336,423.524,0,0.645373,0,0,0.946564,0.30119,1.028160,1,0,27.5153,0,0,0,27.5153,0
40.4429,2.74604,0,0,1.51836,0.0656222,0.36288,3.6288,21.2307,0.384027,0,0,0.297404,0.193119,0,0.66528,12.849,1,0.838114,0.36288,0,31.5126,5.37316,25.6642,0.84672,12.849,0.84672,3695.15,0,36.966,0.42336,0.30119,2.08033,2.01183,1.19269,2.7773,0.42336,36.966,0.42336,423.524,0,0.690595,0,0,0.991786,0.30119,1.028160,1,0,28.4415,0,0,0,28.4415,0
38.7161,2.73781,0,0,1.43827,0.0643547,0.36288,3.6288,20.9129,0.414536,0,0,0.289148,0.192397,0,0.66528,12.849,1,0.84672,0.36288,0,30.7157,5.37316,24.8587,0.84672,12.849,0.84672,3695.15,0,36.966,0.42336,0.261274,1.82901,1.85315,1.19269,2.32739,0.42336,36.966,0.42336,423.524,0,0.660321,0,0,0.921594,0.261274,1.028160,1,0,27.1861,0,0,0,27.1861,0
36.931,2.7382,0,0,1.36871,0.0527143,0.36288,3.6288,20.5589,0.42468,0,0,0.278206,0.20754,0,0.66528,12.849,1,0.84672,0.36288,0,29.4634,5.69892,23.2807,0.84672,12.849,0.84672,3695.15,0,36.966,0.42336,0.261274,1.82926,1.78067,1.30294,2.14491,0.42336,36.966,0.42336,423.524,0,0.650411,0,0,0.911684,0.261274,1.028160,1,0,25.4256,0,0,0,25.4256,0
35.0685,2.73858,0,0,1.28544,0.0464558,0.36288,3.6288,20.2206,0.395348,0,0,0.269271,0.212252,0,0.66528,12.849,1,0.84672,0.36288,0,28.1389,6.15522,21.4999,0.84672,12.849,0.84672,3695.15,0,36.966,0.42336,0.261274,1.82952,1.76943,1.39546,2.0414,0.42336,36.966,0.42336,423.524,0,0.679977,0,0,0.94125,0.261274,1.028160,1,0,23.5413,0,0,0,23.5413,0
33.0201,2.81277,0,0,1.16662,0.039375,0.36288,3.6288,19.6277,0.626844,0,0,0.253011,0.219067,0,0.66528,12.849,1,0.84672,0.36288,0,24.3505,6.11276,17.7539,0.84672,12.849,0.84672,3695.15,0,36.966,0.42336,0.261274,1.82977,1.51666,1.47548,1.70886,0.42336,36.966,0.42336,423.524,0,0.495686,0,0,0.75696,0.261274,1.028160,1,0,19.4627,0,0,0,19.4627,0
30.9346,2.81077,0,0,1.12358,0.0355043,0.36288,3.6288,18.9939,0.632889,0,0,0.22048,0.221409,0,0.66528,12.849,1,0.84672,0.36288,0,29.0589,6.0943,22.4808,0.84672,12.849,0.84672,3695.15,0,36.966,0.42336,0.261274,1.88014,1.57129,1.51112,1.77822,0.42336,36.966,0.42336,423.524,0,0.492273,0,0,0.753546,0.261274,1.028160,1,0,24.259,0,0,0,24.259,0
28.7784,2.81077,0,0,1.05206,0.0345816,0.36288,3.6288,18.3658,0.61364,0,0,0.205038,0.219485,0,0.66528,12.849,1,0.84672,0.36288,0,23.3315,6.0943,16.7534,0.84672,12.849,0.84672,3695.15,0,36.966,0.42336,0.227405,1.8818,1.41639,1.51112,1.59112,0.42336,36.966,0.42336,423.524,0,0.512162,0,0,0.739567,0.227405,1.028160,1,0,18.3445,0,0,0,18.3445,0
26.529,2.81076,0,0,0.957874,0.033595,0.36288,3.6288,17.6148,0.728082,0,0,0.194656,0.217577,0,0.66528,12.849,1,0.84672,0.36288,0,21.2636,6.0943,14.6854,0.84672,12.849,0.84672,3695.15,0,36.966,0.42336,0.227405,1.8823,1.32117,1.51112,1.49639,0.42336,36.966,0.42336,423.524,0,0.398362,0,0,0.625767,0.227405,1.028160,1,0,16.1818,0,0,0,16.1818,0
24.0839,3.02698,0,0,0.973069,0.0283328,0.36288,3.6288,16.9103,0.718883,0,0,0.224051,0.209612,0,0.66528,12.849,1,0.84672,0.36288,0,20.3847,6.07131,13.8295,0.84672,12.849,0.84672,3695.15,0,36.966,0.42336,0.227405,1.88279,1.85634,1.54489,1.99829,0.42336,36.966,0.42336,423.524,0,0.577828,0,0,0.805233,0.227405,1.028160,1,0,15.8278,0,0,0,15.8278,0
21.4372,2.80662,0,0,0.55556,0.0327355,0.36288,3.6288,15.6374,1.23178,0,0,0.156401,0.197502,0,0.66528,12.849,1,0.84672,0.36288,0,15.0043,5.63535,8.88512,0.84672,12.849,0.84672,3695.15,0,36.966,0.42336,0.227405,2.05486,1.32201,1.53862,1.64229,0.42336,36.966,0.42336,423.524,0,0.285971,0,0,0.513376,0.227405,1.028160,1,0,10.5274,0,0,0,10.5274,0
18.78,2.80661,0,0,0.543774,0.0315607,0.36288,3.6288,14.3516,1.23833,0,0,0.146231,0.193777,0,0.66528,12.849,1,0.84672,0.36288,0,13.692,5.63535,7.57279,0.84672,12.849,0.84672,3695.15,0,36.966,0.42336,0.204422,2.18434,1.32688,1.53862,1.75366,0.42336,36.966,0.42336,423.524,0,0.280115,0,0,0.484537,0.204422,1.028160,1,0,9.32645,0,0,0,9.32645,0
16.3701,2.80661,0,0,0.790027,0.0304187,0.36288,3.6288,13.1767,1.1529,0,0,0.168024,0.190015,0,0.66528,12.849,1,0.84672,0.36288,0,15.5942,5.63535,9.47506,0.84672,12.849,0.84672,3695.15,0,36.966,0.42336,0.204422,2.18487,1.47114,1.53862,1.89846,0.42336,36.966,0.42336,423.524,0,0.366235,0,0,0.570657,0.204422,1.028160,1,0,11.3735,0,0,0,11.3735,0
14.2934,2.8066,0,0,1.13867,0.0458316,0.36288,3.6288,12.1126,1.10565,0,0,0.222404,0.18084,0,0.66528,12.849,1,0.84672,0.36288,0,25.4428,5.50393,19.455,0.84672,12.849,0.84672,3695.15,0,36.966,0.42336,0.204422,2.1854,1.63782,1.5121,2.09219,0.42336,36.966,0.42336,423.524,0,0.41417,0,0,0.618592,0.204422,1.028160,1,0,21.5472,0,0,0,21.5472,0
12.2647,2.70114,0,0,1.10532,0.0700386,0.36288,3.6288,11.1102,1.04554,0,0,0.187203,0.144004,0,0.66528,12.849,1,0.84672,0.36288,0,29.7496,4.18737,25.0784,0.84672,12.849,0.84672,3695.15,0,36.966,0.42336,0.204422,2.18593,1.70535,1.19135,2.48101,0.42336,36.966,0.42336,423.524,0,0.371955,0,0,0.576378,0.204422,1.028160,1,0,27.5594,0,0,0,27.5594,0
10.1674,2.80859,0,0,1.15258,0.0784066,0.36288,3.6288,10.5848,0.680186,0,0,0.292444,0.13772,0,0.66528,12.849,1,0.84672,0.36288,0,30.3502,3.91576,25.9506,0.84672,12.849,0.84672,3695.15,0,36.966,0.42336,0.216518,2.08711,2.35642,1.12982,3.10688,0.42336,36.966,0.42336,423.524,0,0.630513,0,0,0.847031,0.216518,1.028160,1,0,29.0575,0,0,0,29.0575,0
8.06341,2.80858,0,0,1.14219,0.0747295,0.36288,3.6288,10.2456,0.543508,0,0,0.340927,0.136598,0,0.66528,12.849,1,0.84672,0.36288,0,29.7053,3.91576,25.3057,0.84672,12.849,0.84672,3695.15,0,36.966,0.42336,0.216518,2.02474,2.38354,1.12982,3.07162,0.42336,36.966,0.42336,423.524,0,0.767854,0,0,0.984372,0.216518,1.028160,1,0,28.3773,0,0,0,28.3773,0
6.1315,2.5051,0,0,1.00642,0.0703501,0.36288,3.6288,9.495,0.916631,0,0,0.301899,0.135874,0,0.66528,12.849,1,0.84672,0.36288,0,25.4839,3.91576,21.0843,0.84672,12.849,0.84672,3695.15,0,36.966,0.42336,0.216518,2.02525,2.07844,1.12982,2.76703,0.42336,36.966,0.42336,423.524,0,0.698872,0,0,0.915391,0.216518,1.028160,1,0,23.8514,0,0,0,23.8514,0
4.34317,2.41891,0,0,1.06819,0.0747323,0.36288,3.6288,9.28088,0.493773,0,0,0.4057,0.126048,0,0.66528,12.849,1,0.84672,0.36288,0,44.0309,4.20436,39.3427,0.84672,12.849,0.84672,3695.15,0,36.966,0.42336,0.31447,2.20336,3.23734,1.09315,4.23865,0.42336,36.966,0.42336,423.524,0,1.02816,0,0,1.34263,0.31447,1.028160,1,0,43.5814,0,0,0,43.5814,0
3.02851,2.41931,0,0,1.56547,0.0979405,0.36288,3.6288,9.22138,0.494009,0,0,0.542944,0.108427,0,0.66528,12.849,1,0.84672,0.36288,0,35.1372,3.86452,30.7889,0.84672,12.849,0.84672,3695.15,0,36.966,0.42336,0.48289,2.11491,3.93305,0.85626,5.25124,0.42336,36.966,0.42336,423.524,0,1.02816,0,0,1.51105,0.48289,1.028160,1,0,36.0401,0,0,0,36.0401,0
2.2406,2.16901,0,0,1.84286,0.0988771,0.36288,3.6288,9.28052,0.344912,0,0,0.502744,0.0986938,0,0.66528,12.849,1,0.84672,0.36288,0,51.8276,3.68225,47.6616,0.84672,12.849,0.84672,3695.15,0,36.966,0.42336,0.651655,2.11517,4.43864,0.799536,5.98257,0.42336,36.966,0.42336,423.524,0,1.02816,0,0,1.67981,0.651655,1.028160,1,0,53.6441,0,0,0,53.6441,0
1.40401,2.16938,0,0,1.79156,0.0958918,0.36288,3.6288,9.77243,0.34513,0,0,0.935821,0.0987871,0,0.66528,12.849,1,0.84672,0.36288,0,75.1506,3.68225,70.9845,0.84672,12.849,0.84672,3695.15,0,36.966,0.42336,0.709214,1.95307,6.05553,0.799536,7.49492,0.42336,36.966,0.42336,423.524,0,1.02816,0,0,1.73737,0.709214,1.028160,1,0,78.4795,0,0,0,78.4795,0
1.1416,1.40401,0,0,1.60039,0.0959042,0.36288,3.6288,10.3214,0.16486,0,0,0.820223,0.106353,0,0.66528,12.849,1,0.84672,0.36288,0,67.189,3.72987,62.9752,0.84672,12.849,0.84672,3695.15,0,36.966,0.42336,1.13969,1.95331,5.96382,0.857091,7.77637,0.42336,36.966,0.42336,423.524,0,1.02816,0,0,2.16785,1.13969,1.028160,1,0,70.7516,0,0,0,70.7516,0
1.07737,1.1416,0,0,1.53382,0.0935649,0.36288,3.6288,10.2973,0.165056,0,0,0.267562,0.126595,0,0.66528,12.849,1,0.84672,0.36288,0,28.8296,4.09915,24.2466,0.84672,12.849,0.84672,3695.15,0,36.966,0.42336,0.627152,1.77153,4.87259,1.02667,5.82124,0.42336,36.966,0.42336,423.524,0,1.02816,0,0,1.65531,0.627152,1.028160,1,0,30.0679,0,0,0,30.0679,0
1.44903,1.07737,0,0,1.90776,0.0958504,0.36288,3.6288,10.2007,0.228325,0,0,0.248808,0.117122,0,0.66528,12.849,1,0.84672,0.36288,0,36.597,4.10676,32.0064,0.84672,12.849,0.84672,3695.15,0,36.966,0.42336,0.412474,1.77174,4.47638,1.07404,5.1632,0.42336,36.966,0.42336,423.524,0,0.965088,0,0,1.37756,0.412474,1.028160,1,0,37.1696,0,0,0,37.1696,0
1.79303,1.44903,0,0,2.25323,0.0973258,0.36288,3.6288,9.92341,0.536555,0,0,0.376197,0.116944,0,0.66528,12.849,1,0.84672,0.36288,0,43.1975,4.10676,38.6069,0.84672,12.849,0.84672,3695.15,0,36.966,0.42336,0.412474,1.77196,4.1161,1.07404,4.80313,0.42336,36.966,0.42336,423.524,0,0.657055,0,0,1.06953,0.412474,1.028160,1,0,43.41,0,0,0,43.41,0
1.80274,1.79303,0,0,2.26431,0.0986914,0.36288,3.6288,10.4097,0.165647,0,0,0.768362,0.116434,0,0.66528,12.849,1,0.84672,0.36288,0,43.558,4.10676,38.9674,0.84672,12.849,0.84672,3695.15,0,36.966,0.42336,0.708316,1.77218,5.73459,1.07404,6.71769,0.42336,36.966,0.42336,423.524,0,1.02816,0,0,1.73648,0.708316,1.028160,1,0,45.6851,0,0,0,45.6851,0
2.91343,1.80274,0,0,3.37692,0.100608,0.36288,3.6288,10.7621,0.218132,0,0,0.688867,0.118351,0,0.66528,12.849,1,0.84672,0.36288,0,92.4515,3.88167,88.0859,0.84672,12.849,0.84672,3695.15,0,36.966,0.42336,0.721751,1.77239,5.74792,1.11742,6.70127,0.42336,36.966,0.42336,423.524,0,1.02816,0,0,1.74991,0.721751,1.028160,1,0,94.7872,0,0,0,94.7872,0
4.71095,2.03202,0,0,4.29785,0.105428,0.36288,3.6288,10.9875,0.218322,0,0,0.562956,0.119176,0,0.66528,12.849,1,0.84672,0.36288,0,52.811,3.84416,48.483,0.84672,12.849,0.84672,3695.15,0,36.966,0.42336,0.576685,1.82939,4.60785,1.12465,5.46591,0.42336,36.966,0.42336,423.524,0,1.02816,0,0,1.60485,0.576685,1.028160,1,0,53.9489,0,0,0,53.9489,0
8.09602,2.03235,0,0,5.90127,0.120973,0.36288,3.6288,11.231,0.218511,0,0,0.597098,0.135099,0,0.66528,12.849,1,0.84672,0.36288,0,161.863,4.03545,157.343,0.84672,12.849,0.84672,3695.15,0,36.966,0.42336,0.70435,1.8296,6.87347,1.19142,7.79263,0.42336,36.966,0.42336,423.524,0,1.02816,0,0,1.73251,0.70435,1.028160,1,0,165.136,0,0,0,165.136,0
13.8097,2.03267,0,0,8.25536,0.146136,0.36288,3.6288,12.4355,0.2187,0,0,1.55033,0.127102,0,0.66528,12.849,1,0.84672,0.36288,0,215.591,4.19349,210.914,0.84672,12.849,0.84672,3695.15,0,36.966,0.42336,2.65928,1.8298,11.0733,1.17185,13.9672,0.42336,36.966,0.42336,423.524,0,1.02816,0,0,3.68744,2.65928,1.028160,1,0,224.881,0,0,0,224.881,0
21.3315,2.31388,0,0,10.3628,0.164243,0.36288,3.6288,13.9305,0.415295,0,0,2.04109,0.130838,0,0.66528,12.849,1,0.84672,0.36288,0,204.95,4.2168,200.25,0.84672,12.849,0.84672,3695.15,0,36.966,0.42336,5.52429,1.83001,15.1953,1.15621,20.9701,0.42336,36.966,0.42336,423.524,0,1.02816,0,0,6.55245,5.52429,1.028160,1,0,221.22,0,0,0,221.22,0
25.365,2.577,0,0,7.15299,0.179569,0.36288,3.6288,14.6934,0.570709,0,0,1.4694,0.135807,0,0.66528,12.849,1,0.84672,0.36288,0,173.013,4.24788,168.282,0.84672,12.849,0.84672,3695.15,0,36.966,0.42336,3.1819,2.0346,12.0802,1.13536,15.738,0.42336,36.966,0.42336,423.524,0,1.02816,0,0,4.21006,3.1819,1.028160,1,0,184.02,0,0,0,184.02,0
28.4226,2.3146,0,0,5.925,0.189998,0.36288,3.6288,15.1405,0.415718,0,0,1.00027,0.137413,0,0.66528,12.849,1,0.84672,0.36288,0,109.382,4.24788,104.651,0.84672,12.849,0.84672,3695.15,0,36.966,0.42336,2.08153,2.20398,7.57994,1.13536,10.3067,0.42336,36.966,0.42336,423.524,0,1.02816,0,0,3.10969,2.08153,1.028160,1,0,114.957,0,0,0,114.957,0
30.4577,2.57778,0,0,5.17406,0.198296,0.36288,3.6288,15.3786,0.571168,0,0,0.947557,0.138354,0,0.66528,12.849,1,0.84672,0.36288,0,111.432,4.24788,106.7,0.84672,12.849,0.84672,3695.15,0,36.966,0.42336,1.76767,2.03506,6.20131,1.13536,8.44532,0.42336,36.966,0.42336,423.524,0,1.02816,0,0,2.79583,1.76767,1.028160,1,0,115.145,0,0,0,115.145,0
32.2331,2.20143,0,0,4.56244,0.222649,0.36288,3.6288,15.986,0.319113,0,0,1.03273,0.106204,0,0.66528,12.849,1,0.84672,0.36288,0,93.09,3.37927,89.2268,0.84672,12.849,0.84672,3695.15,0,36.966,0.42336,1.792,2.20448,5.62158,0.901739,8.29296,0.42336,36.966,0.42336,423.524,0,1.02816,0,0,2.82016,1.792,1.028160,1,0,97.5198,0,0,0,97.5198,0
34.1796,1.97446,0,0,4.51995,0.236119,0.36288,3.6288,17.0552,0.173888,0,0,1.3456,0.102465,0,0.66528,12.849,1,0.787075,0.36288,0,70.9102,3.03692,67.4491,0.84672,12.849,0.84672,3695.15,0,36.966,0.402099,2.3064,1.93921,4.84253,0.763916,7.92212,0.42336,36.966,0.42336,423.524,0,1.02816,0,0,3.33456,2.3064,1.028160,1,0,75.3712,0,0,0,75.3712,0
39.5087,2.21584,0,0,8.14965,0.241888,0.36288,3.6288,18.8833,0.319515,0,0,2.25165,0.104111,0,0.66528,12.849,1,0.832993,0.36288,0,134.178,3.03692,130.671,0.84672,12.849,0.84672,3695.15,0,36.966,0.42336,4.75807,1.75688,9.61508,0.763916,14.9427,0.42336,36.966,0.42336,423.524,0,1.02816,0,0,5.78623,4.75807,1.028160,1,0,145.614,0,0,0,145.614,0
44.3311,2.30089,0,0,7.72917,0.242946,0.36288,3.6288,21.0485,0.319716,0,0,2.59706,0.112085,0,0.66528,12.849,1,0.748295,0.36288,0,144.058,3.56059,140.112,0.84672,12.849,0.84672,3695.15,0,36.966,0.42336,5.99743,1.93965,15.1641,0.851746,21.8261,0.42336,36.966,0.42336,423.524,0,1.02816,0,0,7.02559,5.99743,1.028160,1,0,161.938,0,0,0,161.938,0
47.8351,2.36427,0,0,6.47591,0.24474,0.36288,3.6288,22.8545,0.319917,0,0,2.24565,0.119742,0,0.66528,12.849,1,0.685263,0.36288,0,160.421,4.13022,155.969,0.84672,12.849,0.84672,3695.15,0,36.966,0.42336,3.92353,1.93987,8.78569,0.950649,13.2751,0.42336,36.966,0.42336,423.524,0,1.02816,0,0,4.95169,3.92353,1.028160,1,0,169.244,0,0,0,169.244,0
50.1039,2.49195,0,0,5.38638,0.262799,0.36288,3.6288,24.1012,0.391372,0,0,1.75531,0.117244,0,0.66528,12.849,1,0.669362,0.36288,0,106.434,3.12767,103,0.84672,12.849,0.84672,3695.15,0,36.966,0.42336,3.34241,1.94009,9.77459,0.608359,14.0254,0.42336,36.966,0.42336,423.524,0,1.02816,0,0,4.37057,3.34241,1.028160,1,0,117.026,0,0,0,117.026,0
56.6302,2.51636,0,0,9.66712,0.261556,0.36288,3.6288,26.3878,0.391581,0,0,2.81229,0.134128,0,0.66528,12.849,1,0.645312,0.36288,0,198.182,3.85179,194.048,0.84672,12.849,0.84672,3695.15,0,36.966,0.42336,4.75685,2.01625,15.0401,0.77603,20.6138,0.42336,36.966,0.42336,423.524,0,1.02816,0,0,5.78501,4.75685,1.028160,1,0,214.661,0,0,0,214.661,0
60.0959,2.57726,0,0,6.65943,0.253627,0.36288,3.6288,27.7451,0.39179,0,0,1.88191,0.132835,0,0.66528,12.849,1,0.584763,0.36288,0,129.958,4.14939,125.586,0.84672,12.849,0.84672,3695.15,0,36.966,0.42336,3.60465,2.01648,10.0828,0.833825,14.4467,0.42336,36.966,0.42336,423.524,0,1.02816,0,0,4.63281,3.60465,1.028160,1,0,140.033,0,0,0,140.033,0
62.207,2.60534,0,0,5.34163,0.262313,0.36288,3.6288,28.9604,0.391999,0,0,1.74223,0.13488,0,0.66528,12.849,1,0.557044,0.36288,0,105.448,4.14939,101.104,0.84672,12.849,0.84672,3695.15,0,36.966,0.42336,3.13081,2.01671,8.686,0.833825,12.5763,0.42336,36.966,0.42336,423.524,0,1.02816,0,0,4.15897,3.13081,1.028160,1,0,113.681,0,0,0,113.681,0
64.0218,2.58518,0,0,4.9707,0.207792,0.36288,3.6288,29.6609,0.364521,0,0,1.21029,0.145243,0,0.66528,12.849,1,0.533975,0.36288,0,108.158,3.95679,104.03,0.84672,12.849,0.84672,3695.15,0,36.966,0.42336,2.20735,2.01693,7.14226,0.906412,10.0368,0.42336,36.966,0.42336,423.524,0,1.02816,0,0,3.23551,2.20735,1.028160,1,0,114.067,0,0,0,114.067,0
65.3206,2.59808,0,0,4.4748,0.215029,0.36288,3.6288,29.932,0.364727,0,0,0.788372,0.152574,0,0.66528,12.849,1,0.521427,0.36288,0,100.129,4.20729,95.7631,0.84672,12.849,0.84672,3695.15,0,36.966,0.42336,1.63118,1.9876,6.22458,0.923972,8.49604,0.42336,36.966,0.42336,423.524,0,1.02816,0,0,2.65934,1.63118,1.028160,1,0,104.259,0,0,0,104.259,0
66.2053,2.60704,0,0,4.02727,0.172704,0.36288,3.6288,30.0639,0.364933,0,0,0.661774,0.164914,0,0.66528,12.849,1,0.512822,0.36288,0,89.7238,4.34627,85.2276,0.84672,12.849,0.84672,3695.15,0,36.966,0.42336,1.71758,1.98783,5.5856,0.933676,7.93398,0.42336,36.966,0.42336,423.524,0,1.02816,0,0,2.74574,1.71758,1.028160,1,0,93.1616,0,0,0,93.1616,0
66.8593,2.61308,0,0,3.80393,0.173928,0.36288,3.6288,30.197,0.365139,0,0,0.663324,0.165157,0,0.66528,12.849,1,0.507141,0.36288,0,83.4114,4.34627,78.9209,0.84672,12.849,0.84672,3695.15,0,36.966,0.42336,1.59964,1.98805,5.27949,0.933676,7.51014,0.42336,36.966,0.42336,423.524,0,1.02816,0,0,2.6278,1.59964,1.028160,1,0,86.431,0,0,0,86.431,0
66.8327,3.0452,0,0,3.54917,0.167734,0.36288,3.6288,30.5701,0.192217,0,0,0.725708,0.160345,0,0.66528,12.849,1,0.585225,0.36288,0,73.8196,4.16072,69.4365,0.84672,12.849,0.84672,3695.15,0,36.966,0.235304,1.85607,1.98828,5.62791,0.919803,8.31715,0.42336,36.966,0.42336,423.524,0,1.02816,0,0,2.88423,1.85607,1.028160,1,0,77.7536,0,0,0,77.7536,0
66.4401,3.04531,0,0,3.16556,0.149955,0.36288,3.6288,30.7468,0.193613,0,0,0.518581,0.148317,0,0.66528,12.849,1,0.58548,0.36288,0,56.9606,3.69684,53.0411,0.84672,12.849,0.84672,3695.15,0,36.966,0.234121,1.15326,1.805,4.22092,0.885122,6.05993,0.42336,36.966,0.42336,423.524,0,1.02816,0,0,2.18142,1.15326,1.028160,1,0,59.1011,0,0,0,59.1011,0
66.3425,2.68796,0,0,3.10275,0.149489,0.36288,3.6288,30.7311,0.427947,0,0,0.560878,0.148607,0,0.66528,12.849,1,0.519831,0.36288,0,54.5663,3.69684,50.7125,0.84672,12.849,0.84672,3695.15,0,36.966,0.42336,1.11209,1.80523,4.54818,0.885122,6.15702,0.42336,36.966,0.42336,423.524,0,1.02816,0,0,2.14025,1.11209,1.028160,1,0,56.8695,0,0,0,56.8695,0
66.0386,2.68763,0,0,2.89593,0.149374,0.36288,3.6288,30.6669,0.42816,0,0,0.512558,0.148582,0,0.66528,12.849,1,0.520531,0.36288,0,51.0095,3.69684,47.155,0.84672,12.849,0.84672,3695.15,0,36.966,0.42336,0.958487,2.05322,4.0275,0.885122,5.73072,0.42336,36.966,0.42336,423.524,0,1.02816,0,0,1.98665,0.958487,1.028160,1,0,52.8858,0,0,0,52.8858,0
65.6076,2.68593,0,0,2.729,0.111155,0.36288,3.6288,30.5525,0.428373,0,0,0.488245,0.174322,0,0.66528,12.849,1,0.522595,0.36288,0,47.8284,4.47582,43.1929,0.84672,12.849,0.84672,3695.15,0,36.966,0.42336,0.975525,2.05345,3.93616,0.995713,5.54606,0.42336,36.966,0.42336,423.524,0,1.02816,0,0,2.00369,0.975525,1.028160,1,0,48.739,0,0,0,48.739,0
64.4415,2.65933,0,0,2.00888,0.152772,0.36288,3.6288,30.3109,0.481588,0,0,0.419785,0.179712,0,0.66528,12.849,1,0.520819,0.36288,0,45.1338,4.94634,40.0295,0.84672,12.849,0.84672,3695.15,0,36.966,0.42336,0.607288,2.05368,2.94548,1.13884,4.04425,0.42336,36.966,0.42336,423.524,0,1.02816,0,0,1.63545,0.607288,1.028160,1,0,44.0738,0,0,0,44.0738,0
62.8885,3.00475,0,0,1.89284,0.0782154,0.36288,3.6288,30.3147,0.217073,0,0,0.422283,0.201443,0,0.66528,12.849,1,0.599117,0.36288,0,42.2252,5.17072,36.8183,0.84672,12.849,0.84672,3695.15,0,36.966,0.264734,0.589334,2.08948,2.9773,1.20549,4.18589,0.42336,36.966,0.42336,423.524,0,1.02816,0,0,1.61749,0.589334,1.028160,1,0,41.0042,0,0,0,41.0042,0
61.2029,2.99276,0,0,1.74729,0.0772971,0.36288,3.6288,30.3139,0.217187,0,0,0.417877,0.201452,0,0.66528,12.849,1,0.611463,0.36288,0,38.6091,5.17072,33.1897,0.84672,12.849,0.84672,3695.15,0,36.966,0.26484,0.555448,1.84197,2.73159,1.20549,3.65868,0.42336,36.966,0.42336,423.524,0,1.02816,0,0,1.58361,0.555448,1.028160,1,0,36.8484,0,0,0,36.8484,0
59.4178,2.97914,0,0,1.63315,0.0761716,0.36288,3.6288,30.3156,0.217283,0,0,0.420396,0.20145,0,0.66528,12.849,1,0.625445,0.36288,0,35.8962,5.17072,30.4629,0.84672,12.849,0.84672,3695.15,0,36.966,0.264963,0.626158,1.8422,2.64044,1.20549,3.63836,0.42336,36.966,0.42336,423.524,0,1.02816,0,0,1.65432,0.626158,1.028160,1,0,34.1012,0,0,0,34.1012,0
57.6523,3.02504,0,0,1.69697,0.0745604,0.36288,3.6288,30.3331,0.238682,0,0,0.486886,0.230744,0,0.66528,12.849,1,0.65416,0.36288,0,37.5583,5.61772,31.6492,0.84672,12.849,0.84672,3695.15,0,36.966,0.291042,0.602847,1.84244,2.56381,1.40387,3.31418,0.42336,36.966,0.42336,423.524,0,1.02816,0,0,1.63101,0.602847,1.028160,1,0,34.9634,0,0,0,34.9634,0
55.8427,2.99058,0,0,1.61685,0.0729961,0.36288,3.6288,30.268,0.248989,0,0,0.436721,0.252761,0,0.66528,12.849,1,0.666512,0.36288,0,35.3681,5.95298,29.1115,0.84672,12.849,0.84672,3695.15,0,36.966,0.303436,0.61452,1.8931,2.5849,1.55267,3.23642,0.42336,36.966,0.42336,423.524,0,1.02816,0,0,1.64268,0.61452,1.028160,1,0,32.3479,0,0,0,32.3479,0
53.9481,2.97301,0,0,1.51299,0.0717038,0.36288,3.6288,30.1707,0.248966,0,0,0.404243,0.252578,0,0.66528,12.849,1,0.684069,0.36288,0,31.9285,5.95298,25.6544,0.84672,12.849,0.84672,3695.15,0,36.966,0.30406,0.544035,1.9065,2.307,1.55267,2.90081,0.42336,36.966,0.42336,423.524,0,1.02816,0,0,1.57219,0.544035,1.028160,1,0,28.5552,0,0,0,28.5552,0
51.9503,2.95361,0,0,1.389,0.0703509,0.36288,3.6288,30.0694,0.248796,0,0,0.399795,0.252305,0,0.66528,12.849,1,0.70347,0.36288,0,29.1864,5.95298,22.8929,0.84672,12.849,0.84672,3695.15,0,36.966,0.304831,0.41491,1.90696,2.25634,1.55267,2.72071,0.42336,36.966,0.42336,423.524,0,1.02816,0,0,1.44307,0.41491,1.028160,1,0,25.6136,0,0,0,25.6136,0
50.0863,3.10632,0,0,1.66266,0.0573877,0.36288,3.6288,29.9797,0.325153,0,0,0.481594,0.24616,0,0.66528,12.849,1,0.768294,0.36288,0,30.8813,6.06878,24.4071,0.84672,12.849,0.84672,3695.15,0,36.966,0.399729,0.79742,1.90742,3.28526,1.58393,4.00645,0.42336,36.966,0.42336,423.524,0,1.02816,0,0,1.82558,0.79742,1.028160,1,0,28.4135,0,0,0,28.4135,0
48.2628,2.90713,0,0,1.51289,0.0664621,0.36288,3.6288,29.3912,0.762763,0,0,0.436633,0.262342,0,0.66528,12.849,1,0.745786,0.36288,0,30.0175,5.47465,24.16,0.84672,12.849,0.84672,3695.15,0,36.966,0.42336,0.227405,2.0805,2.25772,1.42825,2.71402,0.42336,36.966,0.42336,423.524,0,0.789255,0,0,1.01666,0.227405,1.028160,1,0,26.874,0,0,0,26.874,0
46.3581,2.88487,0,0,1.4142,0.0711527,0.36288,3.6288,29.0472,0.524504,0,0,0.425824,0.245353,0,0.66528,12.849,1,0.768039,0.36288,0,27.5545,5.60847,21.5409,0.84672,12.849,0.84672,3695.15,0,36.966,0.42336,0.299445,2.21073,2.62125,1.48289,3.22517,0.42336,36.966,0.42336,423.524,0,1.02816,0,0,1.32761,0.299445,1.028160,1,0,24.7661,0,0,0,24.7661,0
44.3933,2.86015,0,0,1.32797,0.0696781,0.36288,3.6288,28.6932,0.525149,0,0,0.415529,0.244405,0,0.66528,12.849,1,0.792745,0.36288,0,28.1257,5.60847,22.0874,0.84672,12.849,0.84672,3695.15,0,36.966,0.42336,0.593533,2.21123,2.41627,1.48289,3.31478,0.42336,36.966,0.42336,423.524,0,1.02816,0,0,1.62169,0.593533,1.028160,1,0,25.4021,0,0,0,25.4021,0
42.4145,2.83294,0,0,1.28517,0.068157,0.36288,3.6288,28.3357,0.525795,0,0,0.411755,0.243429,0,0.66528,12.849,1,0.819953,0.36288,0,26.2932,5.60847,20.2276,0.84672,12.849,0.84672,3695.15,0,36.966,0.42336,0.568538,2.21173,2.40688,1.48289,3.28089,0.42336,36.966,0.42336,423.524,0,1.02816,0,0,1.5967,0.568538,1.028160,1,0,23.5085,0,0,0,23.5085,0
40.5339,2.72216,0,0,1.26299,0.0585371,0.36288,3.6288,27.9375,0.469319,0,0,0.330239,0.25918,0,0.66528,12.849,1,0.824646,0.36288,0,19.7753,5.61165,13.7019,0.84672,12.849,0.84672,3695.15,0,36.966,0.42336,0.204422,2.21223,2.58963,1.43484,3.14807,0.42336,36.966,0.42336,423.524,0,0.981642,0,0,1.18606,0.204422,1.028160,1,0,16.85,0,0,0,16.85,0
38.4708,2.80818,0,0,1.24976,0.141855,0.36288,3.6288,27.7989,0.317961,0,0,0.386066,0.206634,0,0.66528,12.849,1,0.84672,0.36288,0,17.1755,3.80583,12.8859,0.84672,12.849,0.84672,3695.15,0,36.966,0.420717,0.283306,2.11277,3.00782,0.982419,4.00077,0.42336,36.966,0.42336,423.524,0,1.02816,0,0,1.31147,0.283306,1.028160,1,0,16.8866,0,0,0,16.8866,0
36.5061,2.80817,0,0,1.35374,0.147348,0.36288,3.6288,27.7331,0.317328,0,0,0.460806,0.209305,0,0.66528,12.849,1,0.84672,0.36288,0,18.8463,3.87093,14.4915,0.84672,12.849,0.84672,3695.15,0,36.966,0.421972,0.338005,2.04999,3.4477,1.0197,4.39403,0.42336,36.966,0.42336,423.524,0,1.02816,0,0,1.36617,0.338005,1.028160,1,0,18.8855,0,0,0,18.8855,0
34.5692,2.80816,0,0,1.3781,0.143978,0.36288,3.6288,27.6779,0.317166,0,0,0.471137,0.209151,0,0.66528,12.849,1,0.84672,0.36288,0,26.7939,3.87093,22.4392,0.84672,12.849,0.84672,3695.15,0,36.966,0.422756,0.430885,2.05047,3.71361,1.0197,4.75251,0.42336,36.966,0.42336,423.524,0,1.02816,0,0,1.45905,0.430885,1.028160,1,0,27.1917,0,0,0,27.1917,0
32.6651,2.72104,0,0,1.33627,0.156428,0.36288,3.6288,27.7465,0.276661,0,0,0.541165,0.195912,0,0.66528,12.849,1,0.84672,0.36288,0,39.2736,4.37862,34.4111,0.84672,12.849,0.84672,3695.15,0,36.966,0.369502,0.543257,2.05095,3.84797,1.12542,4.94726,0.42336,36.966,0.42336,423.524,0,1.02816,0,0,1.57142,0.543257,1.028160,1,0,39.3584,0,0,0,39.3584,0
30.5196,2.80981,0,0,1.20051,0.173337,0.36288,3.6288,27.6383,0.260548,0,0,0.330862,0.178568,0,0.66528,12.849,1,0.84672,0.36288,0,22.6762,5.05554,17.1368,0.84672,12.849,0.84672,3695.15,0,36.966,0.347122,0.216518,1.96218,3.20339,1.26637,3.76859,0.42336,36.966,0.42336,423.524,0,0.97848,0,0,1.195,0.216518,1.028160,1,0,20.9054,0,0,0,20.9054,0
28.826,2.8098,0,0,1.65839,0.179293,0.36288,3.6288,27.6634,0.23897,0,0,0.438893,0.174758,0,0.66528,12.849,1,0.84672,0.36288,0,38.7431,4.91256,33.3467,0.84672,12.849,0.84672,3695.15,0,36.966,0.319621,0.533157,1.91069,3.06725,1.24561,3.94587,0.42336,36.966,0.42336,423.524,0,1.02816,0,0,1.56132,0.533157,1.028160,1,0,37.2926,0,0,0,37.2926,0
29.1441,2.8098,0,0,3.69204,0.201263,0.36288,3.6288,28.1532,0.239352,0,0,0.894961,0.16582,0,0.66528,12.849,1,0.84672,0.36288,0,46.9941,4.55511,41.9551,0.84672,12.849,0.84672,3695.15,0,36.966,0.31984,1.21224,1.91116,5.63706,1.19369,7.24692,0.42336,36.966,0.42336,423.524,0,1.02816,0,0,2.2404,1.21224,1.028160,1,0,49.2021,0,0,0,49.2021,0
29.3816,2.25072,0,0,3.04822,0.19707,0.36288,3.6288,28.2248,0.343429,0,0,0.578659,0.163611,0,0.66528,12.849,1,0.84672,0.36288,0,48.2324,4.53622,43.2123,0.84672,12.849,0.84672,3695.15,0,36.966,0.42336,1.01395,1.91162,4.12805,1.17659,5.45366,0.42336,36.966,0.42336,423.524,0,1.02816,0,0,2.04211,1.01395,1.028160,1,0,48.666,0,0,0,48.666,0
32.132,2.25107,0,0,5.53154,0.167226,0.36288,3.6288,29.8307,0.343633,0,0,2.09447,0.144964,0,0.66528,12.849,1,0.84672,0.36288,0,108.053,4.42292,103.147,0.84672,12.849,0.84672,3695.15,0,36.966,0.42336,3.2107,1.96724,9.63234,1.07398,13.3129,0.42336,36.966,0.42336,423.524,0,1.02816,0,0,4.23886,3.2107,1.028160,1,0,116.459,0,0,0,116.459,0
36.9779,2.25142,0,0,7.63353,0.173355,0.36288,3.6288,32.5732,0.343836,0,0,3.23393,0.147614,0,0.66528,12.849,1,0.84672,0.36288,0,95.4944,4.42292,90.5876,0.84672,12.849,0.84672,3695.15,0,36.966,0.42336,4.71613,1.96746,11.9967,1.07398,17.183,0.42336,36.966,0.42336,423.524,0,1.02816,0,0,5.74429,4.71613,1.028160,1,0,107.771,0,0,0,107.771,0
39.0256,2.29948,0,0,4.90759,0.197528,0.36288,3.6288,33.1958,0.359461,0,0,1.13575,0.153632,0,0.66528,12.849,1,0.799017,0.36288,0,91.5175,4.22416,86.8572,0.84672,12.849,0.84672,3695.15,0,36.966,0.407938,2.09302,1.96768,7.3957,1.03228,10.0162,0.42336,36.966,0.42336,423.524,0,1.02816,0,0,3.12118,2.09302,1.028160,1,0,96.8734,0,0,0,96.8734,0
41.1786,2.33128,0,0,5.08432,0.237184,0.36288,3.6288,33.65,0.363178,0,0,0.975727,0.158424,0,0.66528,12.849,1,0.767564,0.36288,0,117.542,3.72729,113.41,0.84672,12.849,0.84672,3695.15,0,36.966,0.404425,2.22098,1.96791,7.60788,0.928024,10.4643,0.42336,36.966,0.42336,423.524,0,1.02816,0,0,3.24914,2.22098,1.028160,1,0,123.874,0,0,0,123.874,0
40.653,2.43612,0,0,2.50181,0.228388,0.36288,3.6288,33.9981,0.40251,0,0,0.905023,0.15434,0,0.66528,12.849,1,0.760147,0.36288,0,81.0795,3.73029,76.9519,0.84672,12.849,0.84672,3695.15,0,36.966,0.42336,1.62012,1.96813,6.13106,0.911489,8.38447,0.42336,36.966,0.42336,423.524,0,1.02816,0,0,2.64828,1.62012,1.028160,1,0,85.3364,0,0,0,85.3364,0
40.5074,2.42891,0,0,2.86729,0.221061,0.36288,3.6288,34.7848,0.402705,0,0,1.34236,0.152944,0,0.66528,12.849,1,0.767696,0.36288,0,88.1902,3.73149,84.0539,0.84672,12.849,0.84672,3695.15,0,36.966,0.42336,2.25611,2.03141,7.97118,0.904875,10.9305,0.42336,36.966,0.42336,423.524,0,1.02816,0,0,3.28427,2.25611,1.028160,1,0,94.9844,0,0,0,94.9844,0
43.4203,2.42707,0,0,5.92349,0.220679,0.36288,3.6288,36.6636,0.402901,0,0,2.43583,0.154143,0,0.66528,12.849,1,0.769871,0.36288,0,100.507,3.73149,96.3689,0.84672,12.849,0.84672,3695.15,0,36.966,0.42336,3.63315,2.03162,8.44251,0.904875,12.779,0.42336,36.966,0.42336,423.524,0,1.02816,0,0,4.66131,3.63315,1.028160,1,0,109.148,0,0,0,109.148,0
47.504,2.46719,0,0,7.1354,0.221555,0.36288,3.6288,38.5721,0.411531,0,0,2.47416,0.154159,0,0.66528,12.849,1,0.730094,0.36288,0,123.002,3.69186,118.943,0.84672,12.849,0.84672,3695.15,0,36.966,0.414925,3.44334,2.03183,12.4086,0.901417,16.5675,0.42336,36.966,0.42336,423.524,0,1.02816,0,0,4.4715,3.44334,1.028160,1,0,135.51,0,0,0,135.51,0
54.6126,3.04357,0,0,10.7243,0.20925,0.36288,3.6288,40.8011,0.297368,0,0,2.67478,0.148378,0,0.66528,12.849,1,0.823231,0.36288,0,156.932,3.8214,152.651,0.84672,12.849,0.84672,3695.15,0,36.966,0.284986,4.70418,2.03205,15.4292,0.95561,20.9249,0.42336,36.966,0.42336,423.524,0,1.02816,0,0,5.73234,4.70418,1.028160,1,0,173.576,0,0,0,173.576,0
55.2877,3.13061,0,0,4.44731,0.278736,0.36288,3.6288,41.8459,0.305649,0,0,1.52432,0.173948,0,0.66528,12.849,1,0.736554,0.36288,0,71.801,4.7397,66.6876,0.84672,12.849,0.84672,3695.15,0,36.966,0.276919,2.54018,1.96892,6.62806,1.14297,9.71727,0.42336,36.966,0.42336,423.524,0,1.02816,0,0,3.56834,2.54018,1.028160,1,0,76.4049,0,0,0,76.4049,0
56.0967,3.1382,0,0,4.59068,0.280633,0.36288,3.6288,42.9183,0.309433,0,0,1.55757,0.175717,0,0.66528,12.849,1,0.729325,0.36288,0,74.3532,4.7397,69.2471,0.84672,12.849,0.84672,3695.15,0,36.966,0.273348,2.34969,1.96915,6.49239,1.14297,9.39492,0.42336,36.966,0.42336,423.524,0,1.02816,0,0,3.37785,2.34969,1.028160,1,0,78.642,0,0,0,78.642,0
57.3597,3.14705,0,0,5.04242,0.269443,0.36288,3.6288,44.0309,0.313218,0,0,1.59837,0.172537,0,0.66528,12.849,1,0.720835,0.36288,0,82.5958,4.44689,77.791,0.84672,12.849,0.84672,3695.15,0,36.966,0.269778,2.78178,1.96939,7.33666,1.04371,10.7743,0.42336,36.966,0.42336,423.524,0,1.02816,0,0,3.80994,2.78178,1.028160,1,0,88.5653,0,0,0,88.5653,0
58.8332,2.50484,0,0,4.60619,0.265021,0.36288,3.6288,44.9245,0.409238,0,0,1.48708,0.184219,0,0.66528,12.849,1,0.561103,0.36288,0,96.7499,4.5797,91.9719,0.84672,12.849,0.84672,3695.15,0,36.966,0.343575,2.21736,1.96962,6.68596,1.0482,9.48117,0.42336,36.966,0.42336,423.524,0,1.02816,0,0,3.24552,2.21736,1.028160,1,0,101.453,0,0,0,101.453,0
58.4629,2.51664,0,0,2.80097,0.291676,0.36288,3.6288,45.2619,0.41309,0,0,0.929336,0.178891,0,0.66528,12.849,1,0.549627,0.36288,0,89.2823,5.11602,83.9795,0.84672,12.849,0.84672,3695.15,0,36.966,0.33991,0.788607,1.95054,4.42465,1.20035,5.62353,0.42336,36.966,0.42336,423.524,0,1.02816,0,0,1.81677,0.788607,1.028160,1,0,89.6031,0,0,0,89.6031,0
58.4812,2.51405,0,0,3.18587,0.290632,0.36288,3.6288,45.8308,0.414588,0,0,1.16294,0.179455,0,0.66528,12.849,1,0.552539,0.36288,0,67.1121,5.11602,61.8064,0.84672,12.849,0.84672,3695.15,0,36.966,0.3386,1.68251,1.95074,5.25481,1.20035,7.34912,0.42336,36.966,0.42336,423.524,0,1.02816,0,0,2.71067,1.68251,1.028160,1,0,69.1555,0,0,0,69.1555,0
60.9446,2.51446,0,0,5.63134,0.290683,0.36288,3.6288,47.0296,0.417018,0,0,1.79629,0.180408,0,0.66528,12.849,1,0.552455,0.36288,0,95.0348,5.11602,89.7292,0.84672,12.849,0.84672,3695.15,0,36.966,0.336357,4.37344,1.95095,13.5335,1.20035,18.3211,0.42336,36.966,0.42336,423.524,0,1.02816,0,0,5.4016,4.37344,1.028160,1,0,108.05,0,0,0,108.05,0
61.7909,2.53317,0,0,4.03408,0.291661,0.36288,3.6288,48.0087,0.421924,0,0,1.56689,0.16589,0,0.66528,12.849,1,0.53407,0.36288,0,87.7841,4.35402,83.2589,0.84672,12.849,0.84672,3695.15,0,36.966,0.331639,4.57567,1.95115,7.20763,1.17318,12.2296,0.42336,36.966,0.42336,423.524,0,1.02816,0,0,5.60383,4.57567,1.028160,1,0,95.4885,0,0,0,95.4885,0
62.4126,2.63228,0,0,3.85887,0.242053,0.36288,3.6288,48.5101,0.466341,0,0,1.17512,0.207449,0,0.66528,12.849,1,0.547364,0.36288,0,74.0578,5.34675,68.5265,0.84672,12.849,0.84672,3695.15,0,36.966,0.359076,1.82499,1.95136,5.17654,1.32056,7.27325,0.42336,36.966,0.42336,423.524,0,1.02816,0,0,2.85315,1.82499,1.028160,1,0,75.7998,0,0,0,75.7998,0
62.5368,2.63708,0,0,3.35916,0.235028,0.36288,3.6288,48.7833,0.468558,0,0,0.957951,0.216155,0,0.66528,12.849,1,0.5429,0.36288,0,63.0993,5.563,57.3563,0.84672,12.849,0.84672,3695.15,0,36.966,0.357054,1.13587,2.02794,3.98214,1.34693,5.44197,0.42336,36.966,0.42336,423.524,0,1.02816,0,0,2.16403,1.13587,1.028160,1,0,62.7982,0,0,0,62.7982,0
61.7711,2.63825,0,0,2.47075,0.235267,0.36288,3.6288,48.7412,0.469807,0,0,0.644382,0.216645,0,0.66528,12.849,1,0.542063,0.36288,0,49.9387,5.563,44.1965,0.84672,12.849,0.84672,3695.15,0,36.966,0.356001,0.797437,2.02815,3.68448,1.34693,4.80714,0.42336,36.966,0.42336,423.524,0,1.02816,0,0,1.8256,0.797437,1.028160,1,0,49.0036,0,0,0,49.0036,0
60.6951,2.63296,0,0,2.15361,0.233791,0.36288,3.6288,48.504,0.590614,0,0,0.570007,0.216569,0,0.66528,12.849,1,0.547682,0.36288,0,43.7591,5.563,38.0113,0.84672,12.849,0.84672,3695.15,0,36.966,0.42336,0.528595,2.02837,3.96172,1.34693,4.74838,0.42336,36.966,0.42336,423.524,0,0.840188,0,0,1.36878,0.528595,1.028160,1,0,42.7597,0,0,0,42.7597,0
60.0079,2.58904,0,0,2.46062,0.195917,0.36288,3.6288,48.5031,0.453062,0,0,0.671152,0.219062,0,0.66528,12.849,1,0.548094,0.36288,0,44.8173,5.10739,39.5247,0.84672,12.849,0.84672,3695.15,0,36.966,0.345289,0.608844,2.02858,3.96625,1.29933,4.95905,0.42336,36.966,0.42336,423.524,0,1.02816,0,0,1.637,0.608844,1.028160,1,0,44.4838,0,0,0,44.4838,0
59.4101,2.58415,0,0,2.52234,0.173132,0.36288,3.6288,48.5092,0.453168,0,0,0.67433,0.215033,0,0.66528,12.849,1,0.553322,0.36288,0,39.9082,4.58451,35.1333,0.84672,12.849,0.84672,3695.15,0,36.966,0.345376,0.541788,1.99906,3.25472,1.25043,4.19977,0.42336,36.966,0.42336,423.524,0,1.02816,0,0,1.56995,0.541788,1.028160,1,0,39.3331,0,0,0,39.3331,0
58.3477,2.57984,0,0,2.05249,0.172143,0.36288,3.6288,48.2315,0.641963,0,0,0.579296,0.215044,0,0.66528,12.849,1,0.557959,0.36288,0,30.8075,4.58451,26.0279,0.84672,12.849,0.84672,3695.15,0,36.966,0.42336,0.528595,1.99927,2.67852,1.25043,3.5326,0.42336,36.966,0.42336,423.524,0,0.761573,0,0,1.29017,0.528595,1.028160,1,0,29.5605,0,0,0,29.5605,0
57.1097,2.57178,0,0,1.78972,0.0930035,0.36288,3.6288,47.8721,0.674192,0,0,0.523905,0.209053,0,0.66528,12.849,1,0.566344,0.36288,0,27.7144,4.73456,22.7763,0.84672,12.849,0.84672,3695.15,0,36.966,0.42336,0.402797,1.99948,2.41007,1.18785,3.20114,0.42336,36.966,0.42336,423.524,0,0.729536,0,0,1.13233,0.402797,1.028160,1,0,25.9775,0,0,0,25.9775,0
55.3154,2.97865,0,0,1.64554,0.0983086,0.36288,3.6288,47.7064,0.454857,0,0,0.500246,0.211095,0,0.66528,12.849,1,0.67016,0.36288,0,27.0359,4.78641,21.9423,0.84672,12.849,0.84672,3695.15,0,36.966,0.351232,0.402797,1.99969,2.19904,1.17715,3.07315,0.42336,36.966,0.42336,423.524,0,0.660364,0,0,1.06316,0.402797,1.028160,1,0,25.0154,0,0,0,25.0154,0
53.7011,2.96129,0,0,1.81646,0.106662,0.36288,3.6288,47.6829,0.347809,0,0,0.535383,0.211102,0,0.66528,12.849,1,0.687865,0.36288,0,30.748,4.59312,25.8299,0.84672,12.849,0.84672,3695.15,0,36.966,0.269505,0.402797,1.81677,2.50842,1.10497,3.35351,0.42336,36.966,0.42336,423.524,0,0.849338,0,0,1.25213,0.402797,1.028160,1,0,29.1834,0,0,0,29.1834,0
51.9883,2.94487,0,0,1.68051,0.0854884,0.36288,3.6288,47.6648,0.346479,0,0,0.544268,0.215914,0,0.66528,12.849,1,0.704617,0.36288,0,27.8556,4.75566,22.7582,0.84672,12.849,0.84672,3695.15,0,36.966,0.268606,0.402797,1.81699,2.47509,1.07488,3.35138,0.42336,36.966,0.42336,423.524,0,0.851766,0,0,1.25456,0.402797,1.028160,1,0,26.1096,0,0,0,26.1096,0
50.2431,2.92653,0,0,1.62817,0.0839984,0.36288,3.6288,47.7042,0.31503,0,0,0.570323,0.215881,0,0.66528,12.849,1,0.723297,0.36288,0,26.4311,4.75566,21.315,0.84672,12.849,0.84672,3695.15,0,36.966,0.244319,0.30119,1.8172,2.56927,1.07488,3.36847,0.42336,36.966,0.42336,423.524,0,0.907701,0,0,1.20889,0.30119,1.028160,1,0,24.6834,0,0,0,24.6834,0
48.4157,2.9068,0,0,1.52478,0.0824801,0.36288,3.6288,47.6373,0.377039,0,0,0.526135,0.215952,0,0.66528,12.849,1,0.743374,0.36288,0,24.7736,4.75566,19.6374,0.84672,12.849,0.84672,3695.15,0,36.966,0.292167,0.30119,1.81742,2.32793,1.07488,3.0795,0.42336,36.966,0.42336,423.524,0,0.798042,0,0,1.09923,0.30119,1.028160,1,0,22.7169,0,0,0,22.7169,0
46.3317,2.86205,0,0,1.21412,0.0732631,0.36288,3.6288,47.6333,0.294822,0,0,0.537254,0.246451,0,0.66528,12.849,1,0.759556,0.36288,0,20.854,5.53119,14.9262,0.84672,12.849,0.84672,3695.15,0,36.966,0.228778,0.30119,1.81764,1.98394,1.24041,2.63357,0.42336,36.966,0.42336,423.524,0,0.997151,0,0,1.29834,0.30119,1.028160,1,0,17.5597,0,0,0,17.5597,0
44.1894,2.83556,0,0,1.12656,0.0703636,0.36288,3.6288,47.5728,0.327787,0,0,0.518804,0.251546,0,0.66528,12.849,1,0.786377,0.36288,0,20.2044,5.66045,14.1204,0.84672,12.849,0.84672,3695.15,0,36.966,0.254381,0.30119,1.85362,1.98509,1.268,2.61752,0.42336,36.966,0.42336,423.524,0,0.938788,0,0,1.23998,0.30119,1.028160,1,0,16.738,0,0,0,16.738,0
41.9815,2.80629,0,0,1.02999,0.0686883,0.36288,3.6288,47.5353,0.292446,0,0,0.506347,0.251419,0,0.66528,12.849,1,0.815988,0.36288,0,19.9191,5.66045,13.8055,0.84672,12.849,0.84672,3695.15,0,36.966,0.227243,0.261274,1.85384,1.96069,1.268,2.58056,0.42336,36.966,0.42336,423.524,0,1.00147,0,0,1.26274,0.261274,1.028160,1,0,16.3861,0,0,0,16.3861,0
39.7193,2.77369,0,0,0.941345,0.0669616,0.36288,3.6288,47.3617,0.395738,0,0,0.473517,0.25134,0,0.66528,12.849,1,0.848924,0.36288,0,18.7355,5.66045,12.589,0.84672,12.849,0.84672,3695.15,0,36.966,0.307747,0.261274,1.85406,1.86575,1.268,2.40534,0.42336,36.966,0.42336,423.524,0,0.81788,0,0,1.07915,0.261274,1.028160,1,0,14.9943,0,0,0,14.9943,0
37.5449,2.79383,0,0,1.03719,0.0549595,0.36288,3.6288,47.2375,0.365777,0,0,0.51839,0.276789,0,0.66528,12.849,1,0.90379,0.36288,0,18.08,5.81919,11.7199,0.84672,12.849,0.84672,3695.15,0,36.966,0.28549,0.261274,1.85428,1.93093,1.41591,2.34509,0.42336,36.966,0.42336,423.524,0,0.917827,0,0,1.1791,0.261274,1.028160,1,0,14.065,0,0,0,14.065,0
35.4902,2.75509,0,0,1.11148,0.0481838,0.36288,3.6288,47.2057,0.303578,0,0,0.559504,0.287778,0,0.66528,12.849,1,0.942877,0.36288,0,18.1929,5.7015,11.9114,0.84672,12.849,0.84672,3695.15,0,36.966,0.237567,0.277862,1.90522,2.14379,1.49289,2.59641,0.42336,36.966,0.42336,423.524,0,1.02816,0,0,1.30602,0.277862,1.028160,1,0,14.5078,0,0,0,14.5078,0
33.3714,2.71527,0,0,1.00639,0.0470188,0.36288,3.6288,47.0836,0.368962,0,0,0.534574,0.287701,0,0.66528,12.849,1,0.983045,0.36288,0,17.1343,5.7015,10.8127,0.84672,12.849,0.84672,3695.15,0,36.966,0.288928,0.261274,1.90544,1.99327,1.49289,2.37817,0.42336,36.966,0.42336,423.524,0,0.911624,0,0,1.1729,0.261274,1.028160,1,0,13.1908,0,0,0,13.1908,0
31.1823,2.67045,0,0,0.880131,0.0358679,0.36288,3.6288,46.9598,0.360171,0,0,0.530779,0.294412,0,0.66528,12.849,1,1.0282,0.36288,0,16.3155,5.92582,9.72437,0.84672,12.849,0.84672,3695.15,0,36.966,0.282775,0.227405,1.90567,2.01459,1.53771,2.32717,0.42336,36.966,0.42336,423.524,0,0.926778,0,0,1.15418,0.227405,1.028160,1,0,12.0515,0,0,0,12.0515,0
28.7477,2.77451,0,0,0.74336,0.0406656,0.36288,3.6288,46.7261,0.466657,0,0,0.515637,0.282669,0,0.66528,12.849,1,1.14326,0.36288,0,15.3086,5.82393,8.7043,0.84672,12.849,0.84672,3695.15,0,36.966,0.367345,0.227405,1.9059,1.92336,1.38948,2.29983,0.42336,36.966,0.42336,423.524,0,0.907546,0,0,1.13495,0.227405,1.028160,1,0,11.0041,0,0,0,11.0041,0
26.5323,2.70784,0,0,0.888036,0.032638,0.36288,3.6288,46.358,0.533432,0,0,0.474077,0.30873,0,0.66528,12.849,1,1.21029,0.36288,0,14.0267,5.91738,7.2619,0.84672,12.849,0.84672,3695.15,0,36.966,0.422009,0.227405,2.07971,1.90869,1.5803,2.21349,0.42336,36.966,0.42336,423.524,0,0.786335,0,0,1.01374,0.227405,1.028160,1,0,9.4754,0,0,0,9.4754,0
24.4434,2.64001,0,0,0.945639,0.0316529,0.36288,3.6288,46.2329,0.400556,0,0,0.583133,0.307684,0,0.66528,12.849,1,1.2785,0.36288,0,17.8494,5.91738,11.0164,0.84672,12.849,0.84672,3695.15,0,36.966,0.319404,0.227405,2.07995,2.13193,1.5803,2.53958,0.42336,36.966,0.42336,423.524,0,1.02204,0,0,1.24945,0.227405,1.028160,1,0,13.556,0,0,0,13.556,0
22.2592,2.56864,0,0,0.77798,0.030724,0.36288,3.6288,45.6809,0.669368,0,0,0.424684,0.307329,0,0.66528,12.849,1,1.35024,0.36288,0,16.3529,5.91738,9.44819,0.84672,12.849,0.84672,3695.15,0,36.966,0.42336,0.204422,2.0802,1.74614,1.5803,2.0271,0.42336,36.966,0.42336,423.524,0,0.649503,0,0,0.853926,0.204422,1.028160,1,0,11.4753,0,0,0,11.4753,0
20.3511,2.48486,0,0,0.969486,0.029797,0.36288,3.6288,45.716,0.39481,0,0,0.735687,0.30576,0,0.66528,12.849,1,1.43438,0.36288,0,15.9402,5.91738,8.95132,0.84672,12.849,0.84672,3695.15,0,36.966,0.319489,0.659344,2.08044,2.72339,1.5803,3.5634,0.42336,36.966,0.42336,423.524,0,1.02816,0,0,1.6875,0.659344,1.028160,1,0,12.5147,0,0,0,12.5147,0
19.1108,2.33726,0,0,1.49215,0.0323553,0.36288,3.6288,45.9715,0.337448,0,0,0.867195,0.27423,0,0.66528,12.849,1,1.47567,0.36288,0,20.5888,4.82544,14.6505,0.84672,12.849,0.84672,3695.15,0,36.966,0.272861,0.224839,2.08069,3.40554,1.24123,4.19697,0.42336,36.966,0.42336,423.524,0,1.02816,0,0,1.253,0.224839,1.028160,1,0,18.8475,0,0,0,18.8475,0
17.9624,2.28021,0,0,1.52584,0.0311287,0.36288,3.6288,46.7682,0.338409,0,0,1.4145,0.279433,0,0.66528,12.849,1,1.53308,0.36288,0,20.1618,4.90623,14.0854,0.84672,12.849,0.84672,3695.15,0,36.966,0.272117,1.05446,1.98042,4.24551,1.30708,5.7012,0.42336,36.966,0.42336,423.524,0,1.02816,0,0,2.08262,1.05446,1.028160,1,0,19.7866,0,0,0,19.7866,0
16.6917,2.22327,0,0,1.34605,0.030626,0.36288,3.6288,46.9419,0.341119,0,0,0.796356,0.281491,0,0.66528,12.849,1,1.59037,0.36288,0,20.8846,4.90623,14.7509,0.84672,12.849,0.84672,3695.15,0,36.966,0.269624,0.232822,1.98066,3.18376,1.30708,3.82055,0.42336,36.966,0.42336,423.524,0,1.02816,0,0,1.26098,0.232822,1.028160,1,0,18.5714,0,0,0,18.5714,0
15.2858,2.15506,0,0,1.14219,0.0300697,0.36288,3.6288,46.9892,0.396771,0,0,0.725921,0.281903,0,0.66528,12.849,1,1.65894,0.36288,0,19.2979,4.90623,13.0956,0.84672,12.849,0.84672,3695.15,0,36.966,0.312451,0.216518,1.98089,3.02951,1.30708,3.60739,0.42336,36.966,0.42336,423.524,0,0.929897,0,0,1.14642,0.216518,1.028160,1,0,16.703,0,0,0,16.703,0
14.6583,2.02477,0,0,1.8459,0.0857815,0.36288,3.6288,47.455,0.288954,0,0,0.950811,0.196021,0,0.66528,12.849,1,1.70199,0.36288,0,28.5707,3.5565,23.6751,0.84672,12.849,0.84672,3695.15,0,36.966,0.227318,0.295586,1.98113,3.63166,0.926406,4.75465,0.42336,36.966,0.42336,423.524,0,1.02816,0,0,1.32375,0.295586,1.028160,1,0,28.4297,0,0,0,28.4297,0
14.3855,1.98613,0,0,2.15811,0.0818713,0.36288,3.6288,47.5725,0.290325,0,0,0.580745,0.172941,0,0.66528,12.849,1,1.74098,0.36288,0,45.7791,3.08899,41.312,0.84672,12.849,0.84672,3695.15,0,36.966,0.226154,0.733069,1.89162,2.76815,0.883302,4.28338,0.42336,36.966,0.42336,423.524,0,1.02816,0,0,1.76123,0.733069,1.028160,1,0,45.5954,0,0,0,45.5954,0
16.2641,1.96888,0,0,4.29175,0.0813973,0.36288,3.6288,48.1879,0.290756,0,0,1.07922,0.173111,0,0.66528,12.849,1,1.75858,0.36288,0,67.5147,3.08899,63.03,0.84672,12.849,0.84672,3695.15,0,36.966,0.22593,1.75126,1.89185,5.66115,0.883302,8.19502,0.42336,36.966,0.42336,423.524,0,1.02816,0,0,2.77942,1.75126,1.028160,1,0,71.225,0,0,0,71.225,0
16.9417,2.08255,0,0,3.20761,0.0846349,0.36288,3.6288,48.8565,0.292506,0,0,1.13513,0.174002,0,0.66528,12.849,1,1.64526,0.36288,0,47.4163,3.08899,43.0449,0.84672,12.849,0.84672,3695.15,0,36.966,0.224388,2.02911,1.89207,4.41516,0.883302,7.22866,0.42336,36.966,0.42336,423.524,0,1.02816,0,0,3.05727,2.02911,1.028160,1,0,50.2736,0,0,0,50.2736,0
18.8602,1.77121,0,0,4.16117,0.108513,0.36288,3.6288,49.0808,0.442153,0,0,0.854085,0.187595,0,0.66528,12.849,1,1.34333,0.36288,0,63.3468,3.32096,59.0453,0.84672,12.849,0.84672,3695.15,0,36.966,0.334544,1.21943,1.8923,7.60486,0.937456,9.44459,0.42336,36.966,0.42336,423.524,0,1.02816,0,0,2.24759,1.21943,1.028160,1,0,68.4899,0,0,0,68.4899,0
18.0526,1.85268,0,0,1.54928,0.141395,0.36288,3.6288,49.093,0.443134,0,0,0.595268,0.139936,0,0.66528,12.849,1,1.26218,0.36288,0,28.2363,3.87733,23.4597,0.84672,12.849,0.84672,3695.15,0,36.966,0.333753,0.476366,1.9781,2.43046,0.93536,3.61581,0.42336,36.966,0.42336,423.524,0,1.02816,0,0,1.50453,0.476366,1.028160,1,0,27.0755,0,0,0,27.0755,0
19.0112,1.81988,0,0,3.2812,0.139783,0.36288,3.6288,49.4927,0.443289,0,0,0.982897,0.13995,0,0.66528,12.849,1,1.29531,0.36288,0,67.1264,3.87733,62.3166,0.84672,12.849,0.84672,3695.15,0,36.966,0.333787,1.50445,1.9783,3.62042,0.93536,5.83403,0.42336,36.966,0.42336,423.524,0,1.02816,0,0,2.53261,1.50445,1.028160,1,0,68.1507,0,0,0,68.1507,0
19.4567,1.85905,0,0,2.81048,0.143071,0.36288,3.6288,49.7473,0.444941,0,0,0.896049,0.196523,0,0.66528,12.849,1,1.25647,0.36288,0,59.6766,4.71741,54.0656,0.84672,12.849,0.84672,3695.15,0,36.966,0.332326,0.736076,1.97851,3.84117,1.25676,4.96668,0.42336,36.966,0.42336,423.524,0,1.02816,0,0,1.76424,0.736076,1.028160,1,0,59.0323,0,0,0,59.0323,0
21.3619,1.87658,0,0,4.27241,0.127714,0.36288,3.6288,50.646,0.446025,0,0,1.5205,0.175763,0,0.66528,12.849,1,1.23927,0.36288,0,80.1188,3.76224,75.4802,0.84672,12.849,0.84672,3695.15,0,36.966,0.331431,2.13329,1.97872,5.34693,0.920514,8.207,0.42336,36.966,0.42336,423.524,0,1.02816,0,0,3.16145,2.13329,1.028160,1,0,83.6872,0,0,0,83.6872,0
22.8078,1.94559,0,0,3.89701,0.142676,0.36288,3.6288,51.0577,0.449425,0,0,1.05407,0.192965,0,0.66528,12.849,1,1.17026,0.36288,0,73.9905,3.75293,69.4302,0.84672,12.849,0.84672,3695.15,0,36.966,0.328031,1.13045,1.97893,4.81411,0.941252,6.6542,0.42336,36.966,0.42336,423.524,0,1.02816,0,0,2.15861,1.13045,1.028160,1,0,76.0844,0,0,0,76.0844,0
25.0152,2.05569,0,0,4.77598,0.150009,0.36288,3.6288,51.2995,0.484934,0,0,0.910367,0.183591,0,0.66528,12.849,1,1.15809,0.36288,0,83.255,3.31632,79.1435,0.84672,12.849,0.84672,3695.15,0,36.966,0.351094,0.837657,1.97893,5.4828,0.833255,7.11504,0.42336,36.966,0.42336,423.524,0,1.02816,0,0,1.86582,0.837657,1.028160,1,0,86.2585,0,0,0,86.2585,0
27.3969,2.12341,0,0,5.02285,0.154812,0.36288,3.6288,51.375,0.486001,0,0,0.745454,0.183951,0,0.66528,12.849,1,1.09069,0.36288,0,86.8061,3.31632,82.762,0.84672,12.849,0.84672,3695.15,0,36.966,0.350208,0.57354,2.04253,4.98053,0.833255,6.41314,0.42336,36.966,0.42336,423.524,0,1.02816,0,0,1.6017,0.57354,1.028160,1,0,89.1751,0,0,0,89.1751,0
30.5001,2.18817,0,0,5.81433,0.160105,0.36288,3.6288,51.6507,0.486406,0,0,0.946178,0.184064,0,0.66528,12.849,1,1.02624,0.36288,0,80.1982,3.31632,76.2185,0.84672,12.849,0.84672,3695.15,0,36.966,0.349985,2.84241,2.04273,7.02261,0.833255,10.7245,0.42336,36.966,0.42336,423.524,0,1.02816,0,0,3.87057,2.84241,1.028160,1,0,86.943,0,0,0,86.943,0
36.3855,2.26185,0,0,8.67682,0.166739,0.36288,3.6288,52.154,0.4876,0,0,1.17597,0.185126,0,0.66528,12.849,1,0.952867,0.36288,0,119.966,3.36468,116.011,0.84672,12.849,0.84672,3695.15,0,36.966,0.348972,3.6512,2.04293,7.41395,0.841961,11.9172,0.42336,36.966,0.42336,423.524,0,1.02816,0,0,4.67936,3.6512,1.028160,1,0,127.928,0,0,0,127.928,0
41.5307,2.87152,0,0,8.55731,0.177694,0.36288,3.6288,52.3427,0.347282,0,0,0.725843,0.189798,0,0.66528,12.849,1,1.01403,0.36288,0,141.663,3.65484,137.357,0.84672,12.849,0.84672,3695.15,0,36.966,0.246149,3.22555,2.04313,7.45257,0.894197,11.5809,0.42336,36.966,0.42336,423.524,0,1.02816,0,0,4.25371,3.22555,1.028160,1,0,148.938,0,0,0,148.938,0
43.3302,2.96772,0,0,5.3189,0.188767,0.36288,3.6288,52.5802,0.347919,0,0,0.775495,0.190086,0,0.66528,12.849,1,0.91817,0.36288,0,83.1393,3.65484,78.9291,0.84672,12.849,0.84672,3695.15,0,36.966,0.245711,2.54928,1.98099,4.46608,0.894197,7.85645,0.42336,36.966,0.42336,423.524,0,1.02816,0,0,3.57744,2.54928,1.028160,1,0,86.7856,0,0,0,86.7856,0
43.8396,2.99739,0,0,4.06237,0.192755,0.36288,3.6288,52.5462,0.348687,0,0,0.505098,0.190449,0,0.66528,12.849,1,0.888836,0.36288,0,58.0138,3.65484,53.833,0.84672,12.849,0.84672,3695.15,0,36.966,0.245141,0.728352,1.98121,2.73956,0.894197,4.30979,0.42336,36.966,0.42336,423.524,0,1.02816,0,0,1.75651,0.728352,1.028160,1,0,58.1428,0,0,0,58.1428,0
43.7882,3.00564,0,0,3.5167,0.199562,0.36288,3.6288,52.5107,0.348711,0,0,0.50107,0.187857,0,0.66528,12.849,1,0.880926,0.36288,0,47.3315,3.66085,43.1526,0.84672,12.849,0.84672,3695.15,0,36.966,0.245317,0.639464,1.98143,2.75207,0.91211,4.21553,0.42336,36.966,0.42336,423.524,0,1.02816,0,0,1.66762,0.639464,1.028160,1,0,47.3681,0,0,0,47.3681,0
45.3133,2.38322,0,0,4.50471,0.233493,0.36288,3.6288,52.7394,0.447458,0,0,0.848766,0.172565,0,0.66528,12.849,1,0.699322,0.36288,0,79.5105,3.69694,75.4771,0.84672,12.849,0.84672,3695.15,0,36.966,0.314998,2.13865,1.98164,5.89421,1.01959,8.67992,0.42336,36.966,0.42336,423.524,0,1.02816,0,0,3.16681,2.13865,1.028160,1,0,84.157,0,0,0,84.157,0
48.383,2.40179,0,0,6.07196,0.237566,0.36288,3.6288,53.0428,0.448364,0,0,0.924665,0.172882,0,0.66528,12.849,1,0.681051,0.36288,0,97.1983,3.69694,93.1832,0.84672,12.849,0.84672,3695.15,0,36.966,0.314266,2.03994,1.9611,6.30857,1.01959,8.97575,0.42336,36.966,0.42336,423.524,0,1.02816,0,0,3.0681,2.03994,1.028160,1,0,102.159,0,0,0,102.159,0
51.1374,2.43617,0,0,5.8138,0.260384,0.36288,3.6288,53.4236,0.449526,0,0,1.015,0.184751,0,0.66528,12.849,1,0.646971,0.36288,0,142.51,4.04032,138.185,0.84672,12.849,0.84672,3695.15,0,36.966,0.313278,2.75507,1.96129,6.79052,1.0147,10.1789,0.42336,36.966,0.42336,423.524,0,1.02816,0,0,3.78323,2.75507,1.028160,1,0,148.364,0,0,0,148.364,0
54.7872,2.46426,0,0,6.74065,0.263707,0.36288,3.6288,53.4984,0.450948,0,0,0.710654,0.184855,0,0.66528,12.849,1,0.619181,0.36288,0,111.988,4.32527,107.407,0.84672,12.849,0.84672,3695.15,0,36.966,0.31203,1.90011,1.96148,5.763,0.959596,8.35296,0.42336,36.966,0.42336,423.524,0,1.02816,0,0,2.92827,1.90011,1.028160,1,0,115.76,0,0,0,115.76,0
56.1998,2.49792,0,0,4.54211,0.268667,0.36288,3.6288,53.3183,0.451309,0,0,0.456654,0.185497,0,0.66528,12.849,1,0.585826,0.36288,0,77.7514,4.28786,73.2406,0.84672,12.849,0.84672,3695.15,0,36.966,0.311843,0.872623,1.96167,4.10996,0.966241,5.66617,0.42336,36.966,0.42336,423.524,0,1.02816,0,0,1.90078,0.872623,1.028160,1,0,78.9067,0,0,0,78.9067,0
58.5461,2.60186,0,0,5.59024,0.279243,0.36288,3.6288,53.1928,0.493341,0,0,0.558135,0.190277,0,0.66528,12.849,1,0.594866,0.36288,0,106.513,4.25827,102.023,0.84672,12.849,0.84672,3695.15,0,36.966,0.342038,2.13602,1.96186,3.57386,0.99633,6.33338,0.42336,36.966,0.42336,423.524,0,1.02816,0,0,3.16418,2.13602,1.028160,1,0,108.356,0,0,0,108.356,0
60.5701,2.62167,0,0,5.29433,0.285745,0.36288,3.6288,53.1178,0.492972,0,0,0.608135,0.190086,0,0.66528,12.849,1,0.575372,0.36288,0,107.242,4.25827,102.772,0.84672,12.849,0.84672,3695.15,0,36.966,0.342588,1.69307,2.03884,3.97792,0.99633,6.37091,0.42336,36.966,0.42336,423.524,0,1.02816,0,0,2.72123,1.69307,1.028160,1,0,109.142,0,0,0,109.142,0
61.7258,2.63779,0,0,4.39369,0.237345,0.36288,3.6288,52.9337,0.492794,0,0,0.539219,0.230622,0,0.66528,12.849,1,0.559565,0.36288,0,84.0275,4.8924,78.9384,0.84672,12.849,0.84672,3695.15,0,36.966,0.342947,1.1989,2.03904,3.31201,1.21495,4.99204,0.42336,36.966,0.42336,423.524,0,1.02816,0,0,2.22706,1.1989,1.028160,1,0,83.9304,0,0,0,83.9304,0
62.3337,2.64672,0,0,3.83015,0.21264,0.36288,3.6288,52.6741,0.492198,0,0,0.463072,0.23043,0,0.66528,12.849,1,0.550947,0.36288,0,79.6591,4.82893,74.6421,0.84672,12.849,0.84672,3695.15,0,36.966,0.343724,1.05791,2.03923,3.04967,1.23794,4.56515,0.42336,36.966,0.42336,423.524,0,1.02816,0,0,2.08607,1.05791,1.028160,1,0,79.2072,0,0,0,79.2072,0
63.0393,2.61488,0,0,3.89009,0.20672,0.36288,3.6288,52.5839,0.474859,0,0,0.593241,0.208546,0,0.66528,12.849,1,0.539012,0.36288,0,83.2689,4.40612,78.6866,0.84672,12.849,0.84672,3695.15,0,36.966,0.33325,1.60344,2.03943,4.13486,1.15199,6.29249,0.42336,36.966,0.42336,423.524,0,1.02816,0,0,2.6316,1.60344,1.028160,1,0,84.9791,0,0,0,84.9791,0
63.2975,2.62015,0,0,3.44911,0.207917,0.36288,3.6288,52.4398,0.474628,0,0,0.538846,0.208396,0,0.66528,12.849,1,0.534053,0.36288,0,72.1483,4.40612,67.571,0.84672,12.849,0.84672,3695.15,0,36.966,0.333659,1.26971,2.00974,3.57572,1.15199,5.36952,0.42336,36.966,0.42336,423.524,0,1.02816,0,0,2.29787,1.26971,1.028160,1,0,72.9406,0,0,0,72.9406,0
63.2333,2.62222,0,0,3.12523,0.204329,0.36288,3.6288,52.2459,0.474195,0,0,0.483128,0.202794,0,0.66528,12.849,1,0.532294,0.36288,0,63.5662,4.28816,59.1086,0.84672,12.849,0.84672,3695.15,0,36.966,0.334271,1.06099,2.00994,3.27049,1.12207,4.88508,0.42336,36.966,0.42336,423.524,0,1.02816,0,0,2.08915,1.06099,1.028160,1,0,63.9937,0,0,0,63.9937,0
62.933,2.62202,0,0,2.86464,0.180078,0.36288,3.6288,52.0586,0.473573,0,0,0.456602,0.170369,0,0.66528,12.849,1,0.532795,0.36288,0,61.2028,3.58039,57.4525,0.84672,12.849,0.84672,3695.15,0,36.966,0.335071,0.959325,2.01013,2.97791,0.94256,4.66974,0.42336,36.966,0.42336,423.524,0,1.02816,0,0,1.98749,0.959325,1.028160,1,0,62.1223,0,0,0,62.1223,0
62.4161,3.04437,0,0,3.05991,0.169528,0.36288,3.6288,52.0805,0.262167,0,0,0.494092,0.209931,0,0.66528,12.849,1,0.621568,0.36288,0,56.2494,4.46895,51.5218,0.84672,12.849,0.84672,3695.15,0,36.966,0.186161,1.12289,2.01033,3.17432,1.0686,5.05278,0.42336,36.966,0.42336,423.524,0,1.02816,0,0,2.15105,1.12289,1.028160,1,0,56.5746,0,0,0,56.5746,0
61.5702,3.04036,0,0,2.68331,0.125919,0.36288,3.6288,52.0689,0.262321,0,0,0.460847,0.21019,0,0.66528,12.849,1,0.62589,0.36288,0,47.9514,4.48497,43.2034,0.84672,12.849,0.84672,3695.15,0,36.966,0.186191,1.13599,1.82773,2.94698,1.0222,4.70231,0.42336,36.966,0.42336,423.524,0,1.02816,0,0,2.16415,1.13599,1.028160,1,0,47.9057,0,0,0,47.9057,0
60.6996,3.03351,0,0,2.65077,0.125045,0.36288,3.6288,52.0933,0.262404,0,0,0.496964,0.210171,0,0.66528,12.849,1,0.633059,0.36288,0,46.5221,4.48497,41.7669,0.84672,12.849,0.84672,3695.15,0,36.966,0.186292,1.09635,1.82793,3.19313,1.0222,4.90892,0.42336,36.966,0.42336,423.524,0,1.02816,0,0,2.12451,1.09635,1.028160,1,0,46.6759,0,0,0,46.6759,0
59.6698,3.02628,0,0,2.48355,0.124146,0.36288,3.6288,52.0868,0.262563,0,0,0.466322,0.210212,0,0.66528,12.849,1,0.640608,0.36288,0,43.4068,4.48497,38.6441,0.84672,12.849,0.84672,3695.15,0,36.966,0.186318,1.02792,1.82813,2.85515,1.0222,4.50269,0.42336,36.966,0.42336,423.524,0,1.02816,0,0,2.05608,1.02792,1.028160,1,0,43.1467,0,0,0,43.1467,0
58.8798,3.01744,0,0,2.70302,0.112734,0.36288,3.6288,52.1081,0.262658,0,0,0.470225,0.186309,0,0.66528,12.849,1,0.64976,0.36288,0,41.3071,4.41567,36.6045,0.84672,12.849,0.84672,3695.15,0,36.966,0.186408,1.03678,1.82834,2.6934,1.00946,4.36264,0.42336,36.966,0.42336,423.524,0,1.02816,0,0,2.06494,1.03678,1.028160,1,0,40.9672,0,0,0,40.9672,0
58.086,2.98669,0,0,2.66364,0.10781,0.36288,3.6288,52.0783,0.294157,0,0,0.441153,0.176783,0,0.66528,12.849,1,0.651768,0.36288,0,39.943,4.38795,35.2661,0.84672,12.849,0.84672,3695.15,0,36.966,0.208678,0.810847,1.82854,2.47024,1.00437,3.89657,0.42336,36.966,0.42336,423.524,0,1.02816,0,0,1.83901,0.810847,1.028160,1,0,39.1627,0,0,0,39.1627,0
57.0985,2.97965,0,0,2.44928,0.0942757,0.36288,3.6288,51.9976,0.294199,0,0,0.421195,0.207656,0,0.66528,12.849,1,0.659118,0.36288,0,35.4108,4.8114,30.3031,0.84672,12.849,0.84672,3695.15,0,36.966,0.208827,0.801688,1.86469,2.3769,1.15894,3.67552,0.42336,36.966,0.42336,423.524,0,1.02816,0,0,1.82985,0.801688,1.028160,1,0,33.9787,0,0,0,33.9787,0
55.9903,2.9706,0,0,2.3019,0.0765896,0.36288,3.6288,51.8477,0.29412,0,0,0.392916,0.248714,0,0.66528,12.849,1,0.668481,0.36288,0,31.4351,5.376,25.7535,0.84672,12.849,0.84672,3695.15,0,36.966,0.209095,0.76775,1.8649,2.28821,1.36503,3.34673,0.42336,36.966,0.42336,423.524,0,1.02816,0,0,1.79591,0.76775,1.028160,1,0,29.1002,0,0,0,29.1002,0
54.8132,2.9601,0,0,2.21839,0.0725136,0.36288,3.6288,51.6661,0.293878,0,0,0.366253,0.253961,0,0.66528,12.849,1,0.679301,0.36288,0,31.9268,5.37981,26.2306,0.84672,12.849,0.84672,3695.15,0,36.966,0.209527,0.723842,1.86511,2.19367,1.38788,3.18521,0.42336,36.966,0.42336,423.524,0,1.02816,0,0,1.752,0.723842,1.028160,1,0,29.4158,0,0,0,29.4158,0
53.8685,3.00934,0,0,2.4911,0.0636569,0.36288,3.6288,51.4357,0.321409,0,0,0.358447,0.267437,0,0.66528,12.849,1,0.705432,0.36288,0,32.9074,5.38933,27.1755,0.84672,12.849,0.84672,3695.15,0,36.966,0.229961,0.763491,1.86531,2.27947,1.44502,3.23329,0.42336,36.966,0.42336,423.524,0,1.02816,0,0,1.79165,0.763491,1.028160,1,0,30.4088,0,0,0,30.4088,0
52.7218,2.99961,0,0,2.27885,0.0630517,0.36288,3.6288,51.1848,0.320923,0,0,0.3369,0.266939,0,0.66528,12.849,1,0.715483,0.36288,0,30.9404,5.38933,25.1984,0.84672,12.849,0.84672,3695.15,0,36.966,0.230642,0.729838,1.91649,2.32019,1.44502,3.29086,0.42336,36.966,0.42336,423.524,0,1.02816,0,0,1.758,0.729838,1.028160,1,0,28.4893,0,0,0,28.4893,0
51.3726,2.98735,0,0,2.06339,0.0623172,0.36288,3.6288,50.9199,0.320379,0,0,0.321891,0.266396,0,0.66528,12.849,1,0.728058,0.36288,0,29.14,5.38933,23.3854,0.84672,12.849,0.84672,3695.15,0,36.966,0.23138,0.550636,1.9167,2.15727,1.44502,2.94822,0.42336,36.966,0.42336,423.524,0,1.02816,0,0,1.5788,0.550636,1.028160,1,0,26.3337,0,0,0,26.3337,0
49.7927,2.97232,0,0,1.80448,0.0492247,0.36288,3.6288,50.6466,0.319795,0,0,0.319608,0.273055,0,0.66528,12.849,1,0.743417,0.36288,0,27.7474,5.61366,21.7532,0.84672,12.849,0.84672,3695.15,0,36.966,0.23216,0.525416,1.91691,2.18034,1.48984,2.90068,0.42336,36.966,0.42336,423.524,0,1.02816,0,0,1.55358,0.525416,1.028160,1,0,24.6538,0,0,0,24.6538,0
48.0859,3.12862,0,0,1.85872,0.0739892,0.36288,3.6288,50.2183,0.418905,0,0,0.293211,0.302649,0,0.66528,12.849,1,0.80734,0.36288,0,23.3144,5.87843,16.9916,0.84672,12.849,0.84672,3695.15,0,36.966,0.305751,0.48708,1.91712,2.1605,1.42545,2.83351,0.42336,36.966,0.42336,423.524,0,1.02816,0,0,1.51524,0.48708,1.028160,1,0,19.8251,0,0,0,19.8251,0
46.6853,3.10627,0,0,2.14421,0.0756518,0.36288,3.6288,49.85,0.417525,0,0,0.357823,0.308566,0,0.66528,12.849,1,0.830025,0.36288,0,28.7402,5.93953,22.3335,0.84672,12.849,0.84672,3695.15,0,36.966,0.307343,0.849312,2.09182,2.38435,1.43942,3.57873,0.42336,36.966,0.42336,423.524,0,1.02816,0,0,1.87747,0.849312,1.028160,1,0,25.9122,0,0,0,25.9122,0
44.8549,3.08701,0,0,1.69401,0.0744967,0.36288,3.6288,49.3872,0.416343,0,0,0.261197,0.307637,0,0.66528,12.849,1,0.849626,0.36288,0,29.6591,5.93953,23.2329,0.84672,12.849,0.84672,3695.15,0,36.966,0.308737,0.316881,2.09205,1.88929,1.43942,2.55007,0.42336,36.966,0.42336,423.524,0,1.02816,0,0,1.34504,0.316881,1.028160,1,0,25.7829,0,0,0,25.7829,0
43.4568,3.06033,0,0,2.09805,0.0729871,0.36288,3.6288,49.1005,0.414809,0,0,0.434548,0.306468,0,0.66528,12.849,1,0.876652,0.36288,0,26.2847,5.93953,19.8314,0.84672,12.849,0.84672,3695.15,0,36.966,0.310482,1.37086,2.09228,2.83904,1.43942,4.55228,0.42336,36.966,0.42336,423.524,0,1.02816,0,0,2.39902,1.37086,1.028160,1,0,24.3837,0,0,0,24.3837,0
41.1108,3.03882,0,0,1.16435,0.10868,0.36288,3.6288,48.7217,0.413896,0,0,0.328616,0.293555,0,0.66528,12.849,1,0.898498,0.36288,0,25.9643,5.71611,19.7126,0.84672,12.849,0.84672,3695.15,0,36.966,0.311607,0.470051,2.09251,1.65533,1.3289,2.57738,0.42336,36.966,0.42336,423.524,0,1.02816,0,0,1.49821,0.470051,1.028160,1,0,22.29,0,0,0,22.29,0
38.3913,2.91833,0,0,0.692771,0.130997,0.36288,3.6288,48.1964,0.440397,0,0,0.209674,0.294551,0,0.66528,12.849,1,0.912111,0.36288,0,23.2502,5.87202,16.8289,0.84672,12.849,0.84672,3695.15,0,36.966,0.334137,0.204422,2.09273,0.71928,1.37193,1.31037,0.42336,36.966,0.42336,423.524,0,0.874584,0,0,1.07901,0.204422,1.028160,1,0,18.1393,0,0,0,18.1393,0
35.6634,2.87017,0,0,0.66421,0.159118,0.36288,3.6288,47.6215,0.50363,0,0,0.194795,0.266117,0,0.66528,12.849,1,0.960602,0.36288,0,17.4771,5.42545,11.4539,0.84672,12.849,0.84672,3695.15,0,36.966,0.386277,0.216518,1.99193,0.990097,1.22324,1.58904,0.42336,36.966,0.42336,423.524,0,0.759413,0,0,0.975931,0.216518,1.028160,1,0,13.0429,0,0,0,13.0429,0
34.2017,2.8164,0,0,1.82184,0.104267,0.36288,3.6288,47.2816,0.349817,0,0,0.31361,0.30366,0,0.66528,12.849,1,1.01471,0.36288,0,20.4169,6.27438,13.4907,0.84672,12.849,0.84672,3695.15,0,36.966,0.271544,0.552597,1.99215,1.99226,1.24651,3.01895,0.42336,36.966,0.42336,423.524,0,1.02816,0,0,1.58076,0.552597,1.028160,1,0,16.5097,0,0,0,16.5097,0
33.7932,2.78511,0,0,2.91432,0.174791,0.36288,3.6288,47.1938,0.348834,0,0,0.456784,0.195738,0,0.66528,12.849,1,1.04632,0.36288,0,45.5895,4.86325,40.0428,0.84672,12.849,0.84672,3695.15,0,36.966,0.272728,0.994369,1.99237,2.47994,0.870101,4.32385,0.42336,36.966,0.42336,423.524,0,1.02816,0,0,2.02253,0.994369,1.028160,1,0,44.3666,0,0,0,44.3666,0
31.6133,2.7124,0,0,1.06871,0.173394,0.36288,3.6288,46.7089,0.495136,0,0,0.198594,0.188369,0,0.66528,12.849,1,1.03132,0.36288,0,22.6174,4.05227,17.8967,0.84672,12.849,0.84672,3695.15,0,36.966,0.38783,0.216518,1.99259,1.44281,0.99402,2.27006,0.42336,36.966,0.42336,423.524,0,0.671566,0,0,0.888085,0.216518,1.028160,1,0,20.1667,0,0,0,20.1667,0
30.5692,2.66206,0,0,2.14958,0.16874,0.36288,3.6288,46.732,0.293938,0,0,0.504673,0.187597,0,0.66528,12.849,1,1.08198,0.36288,0,37.1905,4.05227,32.4192,0.84672,12.849,0.84672,3695.15,0,36.966,0.232626,1.05231,1.9026,2.49367,0.99402,4.22194,0.42336,36.966,0.42336,423.524,0,1.02816,0,0,2.08047,1.05231,1.028160,1,0,36.6411,0,0,0,36.6411,0
28.7213,2.63627,0,0,1.31775,0.166471,0.36288,3.6288,46.6695,0.29411,0,0,0.419225,0.187637,0,0.66528,12.849,1,1.10809,0.36288,0,22.1951,4.05227,17.3976,0.84672,12.849,0.84672,3695.15,0,36.966,0.232647,0.875811,1.90281,2.50533,0.99402,4.05729,0.42336,36.966,0.42336,423.524,0,1.02816,0,0,1.90397,0.875811,1.028160,1,0,21.4549,0,0,0,21.4549,0
27.8139,2.58724,0,0,2.24585,0.203139,0.36288,3.6288,46.5642,0.294043,0,0,0.394816,0.206124,0,0.66528,12.849,1,1.15745,0.36288,0,52.6766,4.4002,47.4818,0.84672,12.849,0.84672,3695.15,0,36.966,0.232906,0.737163,1.90302,3.09812,1.07525,4.43015,0.42336,36.966,0.42336,423.524,0,1.02816,0,0,1.76532,0.737163,1.028160,1,0,51.912,0,0,0,51.912,0
26.8345,2.14124,0,0,1.705,0.18025,0.36288,3.6288,46.0733,0.549063,0,0,0.206337,0.148116,0,0.66528,12.849,1,0.989178,0.36288,0,34.423,3.96634,29.8303,0.84672,12.849,0.84672,3695.15,0,36.966,0.42336,0.292723,1.90323,1.94748,0.903738,2.81634,0.42336,36.966,0.42336,423.524,0,0.84164,0,0,1.13436,0.292723,1.028160,1,0,32.6467,0,0,0,32.6467,0
26.4304,2.11704,0,0,2.24914,0.173361,0.36288,3.6288,45.7978,0.436146,0,0,0.297977,0.137341,0,0.66528,12.849,1,1.01369,0.36288,0,42.0485,3.88437,37.5134,0.84672,12.849,0.84672,3695.15,0,36.966,0.349933,0.669047,1.98819,2.79237,0.872896,4.22677,0.42336,36.966,0.42336,423.524,0,1.02816,0,0,1.69721,0.669047,1.028160,1,0,41.7401,0,0,0,41.7401,0
27.0296,2.10681,0,0,3.24251,0.173605,0.36288,3.6288,45.6463,0.435079,0,0,0.442058,0.158473,0,0.66528,12.849,1,1.02422,0.36288,0,62.1229,4.24567,57.2159,0.84672,12.849,0.84672,3695.15,0,36.966,0.351177,1.15271,1.98838,3.95705,1.0154,5.73156,0.42336,36.966,0.42336,423.524,0,1.02816,0,0,2.18087,1.15271,1.028160,1,0,62.9474,0,0,0,62.9474,0
27.6693,2.12241,0,0,3.29301,0.168004,0.36288,3.6288,45.4566,0.434532,0,0,0.433325,0.188503,0,0.66528,12.849,1,1.00893,0.36288,0,61.8756,4.40308,56.8265,0.84672,12.849,0.84672,3695.15,0,36.966,0.3519,0.820143,1.98857,4.09319,1.0711,5.47891,0.42336,36.966,0.42336,423.524,0,1.02816,0,0,1.8483,0.820143,1.028160,1,0,62.3054,0,0,0,62.3054,0
28.0863,2.13855,0,0,3.08748,0.169048,0.36288,3.6288,45.4821,0.433819,0,0,0.61799,0.158635,0,0.66528,12.849,1,0.993094,0.36288,0,63.7544,3.63285,59.4913,0.84672,12.849,0.84672,3695.15,0,36.966,0.352789,1.89787,1.98877,5.04614,0.825895,7.7541,0.42336,36.966,0.42336,423.524,0,1.02816,0,0,2.92603,1.89787,1.028160,1,0,67.2454,0,0,0,67.2454,0
26.3992,2.21618,0,0,1.07808,0.186146,0.36288,3.6288,45.6451,0.466395,0,0,0.782582,0.153228,0,0.66528,12.849,1,1.01387,0.36288,0,32.8361,3.65925,28.5258,0.84672,12.849,0.84672,3695.15,0,36.966,0.379067,1.42392,1.98896,4.09023,0.842927,6.28111,0.42336,36.966,0.42336,423.524,0,1.02816,0,0,2.45208,1.42392,1.028160,1,0,34.8069,0,0,0,34.8069,0
25.2423,2.17279,0,0,1.5607,0.181828,0.36288,3.6288,45.8267,0.467235,0,0,0.802348,0.153461,0,0.66528,12.849,1,1.05754,0.36288,0,32.9955,3.65925,28.6416,0.84672,12.849,0.84672,3695.15,0,36.966,0.378394,1.68524,2.05287,4.2746,0.842927,6.79139,0.42336,36.966,0.42336,423.524,0,1.02816,0,0,2.7134,1.68524,1.028160,1,0,35.4329,0,0,0,35.4329,0
25.0562,2.14087,0,0,2.4965,0.178868,0.36288,3.6288,46.112,0.468158,0,0,0.907112,0.15372,0,0.66528,12.849,1,1.08976,0.36288,0,52.236,3.65925,47.8498,0.84672,12.849,0.84672,3695.15,0,36.966,0.377638,1.95256,2.05305,5.78654,0.842927,8.57159,0.42336,36.966,0.42336,423.524,0,1.02816,0,0,2.98072,1.95256,1.028160,1,0,56.4214,0,0,0,56.4214,0
25.5432,2.13571,0,0,3.21398,0.228411,0.36288,3.6288,46.3696,0.469548,0,0,0.888693,0.161475,0,0.66528,12.849,1,1.09521,0.36288,0,75.061,4.13091,70.1977,0.84672,12.849,0.84672,3695.15,0,36.966,0.376416,1.92949,2.05324,6.13843,1.10683,8.63791,0.42336,36.966,0.42336,423.524,0,1.02816,0,0,2.95765,1.92949,1.028160,1,0,78.8356,0,0,0,78.8356,0
23.3285,2.59673,0,0,0.95548,0.210595,0.36288,3.6288,46.567,0.335919,0,0,0.670682,0.137458,0,0.66528,12.849,1,1.30623,0.36288,0,26.9283,3.33259,22.6523,0.84672,12.849,0.84672,3695.15,0,36.966,0.267796,0.786128,2.05342,3.09245,1.04217,4.62204,0.42336,36.966,0.42336,423.524,0,1.02816,0,0,1.81429,0.786128,1.028160,1,0,27.2744,0,0,0,27.2744,0
23.5343,2.51696,0,0,3.28965,0.20395,0.36288,3.6288,46.9608,0.336654,0,0,0.868185,0.137709,0,0.66528,12.849,1,1.38631,0.36288,0,60.3386,3.33259,55.9825,0.84672,12.849,0.84672,3695.15,0,36.966,0.267244,1.80135,1.9922,5.06461,1.04217,7.54876,0.42336,36.966,0.42336,423.524,0,1.02816,0,0,2.82951,1.80135,1.028160,1,0,63.5313,0,0,0,63.5313,0
22.1027,2.52501,0,0,1.66077,0.204568,0.36288,3.6288,46.9801,0.338011,0,0,0.49557,0.138185,0,0.66528,12.849,1,1.37857,0.36288,0,36.8676,3.33259,32.5193,0.84672,12.849,0.84672,3695.15,0,36.966,0.266071,0.707244,1.9924,3.03568,1.04217,4.42709,0.42336,36.966,0.42336,423.524,0,1.02816,0,0,1.7354,0.707244,1.028160,1,0,36.9464,0,0,0,36.9464,0
20.5074,2.46874,0,0,1.41602,0.179616,0.36288,3.6288,46.7785,0.463169,0,0,0.410842,0.149341,0,0.66528,12.849,1,1.43516,0.36288,0,27.0375,3.25762,22.7076,0.84672,12.849,0.84672,3695.15,0,36.966,0.364441,0.608429,1.9926,2.89028,0.991956,4.13492,0.42336,36.966,0.42336,423.524,0,0.804816,0,0,1.41324,0.608429,1.028160,1,0,26.8425,0,0,0,26.8425,0
22.0854,1.90461,0,0,4.02556,0.180141,0.36288,3.6288,47.3321,0.430895,0,0,1.15889,0.174423,0,0.66528,12.849,1,1.19334,0.36288,0,71.1064,3.86599,66.41,0.84672,12.849,0.84672,3695.15,0,36.966,0.340508,2.52756,1.9928,6.29965,1.17163,9.30787,0.42336,36.966,0.42336,423.524,0,1.02816,0,0,3.55572,2.52756,1.028160,1,0,75.7178,0,0,0,75.7178,0
25.2452,1.95869,0,0,5.66546,0.184062,0.36288,3.6288,48.8543,0.433221,0,0,2.13067,0.175236,0,0.66528,12.849,1,1.13954,0.36288,0,109.284,3.86599,104.641,0.84672,12.849,0.84672,3695.15,0,36.966,0.338343,3.88019,1.9709,11.6031,1.17163,15.9442,0.42336,36.966,0.42336,423.524,0,1.02816,0,0,4.90835,3.88019,1.028160,1,0,120.585,0,0,0,120.585,0
27.6467,2.05339,0,0,5.01021,0.19244,0.36288,3.6288,49.5402,0.439314,0,0,1.30269,0.177471,0,0.66528,12.849,1,1.04511,0.36288,0,108.643,3.86599,104.095,0.84672,12.849,0.84672,3695.15,0,36.966,0.332411,2.85401,1.97107,7.37217,1.17163,10.6932,0.42336,36.966,0.42336,423.524,0,1.02816,0,0,3.88217,2.85401,1.028160,1,0,114.788,0,0,0,114.788,0
29.125,2.11556,0,0,4.18648,0.229753,0.36288,3.6288,50.0996,0.442042,0,0,1.12012,0.118694,0,0.66528,12.849,1,0.983221,0.36288,0,76.2048,3.12106,72.4634,0.84672,12.849,0.84672,3695.15,0,36.966,0.329844,2.3617,1.97125,6.21546,0.964595,9.25397,0.42336,36.966,0.42336,423.524,0,1.02816,0,0,3.38986,2.3617,1.028160,1,0,81.7174,0,0,0,81.7174,0
31.6193,2.15038,0,0,5.22439,0.216835,0.36288,3.6288,50.7843,0.444254,0,0,1.28961,0.160629,0,0.66528,12.849,1,0.948678,0.36288,0,103.058,3.81485,98.6573,0.84672,12.849,0.84672,3695.15,0,36.966,0.327793,3.26377,1.97143,7.60161,1.06923,11.4398,0.42336,36.966,0.42336,423.524,0,1.02816,0,0,4.29193,3.26377,1.028160,1,0,110.097,0,0,0,110.097,0
34.1259,2.28431,0,0,5.36199,0.208193,0.36288,3.6288,51.6753,0.48881,0,0,1.56652,0.186743,0,0.66528,12.849,1,0.928266,0.36288,0,122.176,4.10435,117.506,0.84672,12.849,0.84672,3695.15,0,36.966,0.355806,5.31434,1.9716,9.07941,1.08529,14.9243,0.42336,36.966,0.42336,423.524,0,1.02816,0,0,6.3425,5.31434,1.028160,1,0,132.43,0,0,0,132.43,0
35.0441,2.33405,0,0,3.82993,0.214794,0.36288,3.6288,52.183,0.492484,0,0,1.18831,0.188098,0,0.66528,12.849,1,0.878812,0.36288,0,84.7057,4.10435,80.0854,0.84672,12.849,0.84672,3695.15,0,36.966,0.3523,3.02012,2.04894,6.88751,1.08529,10.519,0.42336,36.966,0.42336,423.524,0,1.02816,0,0,4.04828,3.02012,1.028160,1,0,90.6044,0,0,0,90.6044,0
35.4195,2.35111,0,0,3.2837,0.194356,0.36288,3.6288,52.4541,0.494589,0,0,0.963633,0.197889,0,0.66528,12.849,1,0.86204,0.36288,0,71.8053,4.1144,67.1918,0.84672,12.849,0.84672,3695.15,0,36.966,0.350363,2.54037,2.04913,5.50442,1.09835,8.6452,0.42336,36.966,0.42336,423.524,0,1.02816,0,0,3.56853,2.54037,1.028160,1,0,75.837,0,0,0,75.837,0
35.6515,2.35802,0,0,3.15856,0.205587,0.36288,3.6288,52.7019,0.495749,0,0,0.943213,0.199702,0,0.66528,12.849,1,0.855413,0.36288,0,67.5492,4.20936,62.8474,0.84672,12.849,0.84672,3695.15,0,36.966,0.349369,2.56085,2.04931,5.35103,1.07022,8.5416,0.42336,36.966,0.42336,423.524,0,1.02816,0,0,3.58901,2.56085,1.028160,1,0,71.389,0,0,0,71.389,0
35.8226,2.32977,0,0,3.03267,0.16896,0.36288,3.6288,52.9881,0.480278,0,0,0.960761,0.194266,0,0.66528,12.849,1,0.839662,0.36288,0,62.9692,3.57808,58.9143,0.84672,12.849,0.84672,3695.15,0,36.966,0.336875,2.6163,2.04949,4.91438,1.02339,8.2199,0.42336,36.966,0.42336,423.524,0,1.02816,0,0,3.64446,2.6163,1.028160,1,0,67.1342,0,0,0,67.1342,0
35.6216,2.33293,0,0,2.66413,0.169308,0.36288,3.6288,53.2377,0.481447,0,0,0.925728,0.194712,0,0.66528,12.849,1,0.836785,0.36288,0,58.5199,3.57808,54.4679,0.84672,12.849,0.84672,3695.15,0,36.966,0.335871,2.34596,2.01964,4.82283,1.02339,7.82917,0.42336,36.966,0.42336,423.524,0,1.02816,0,0,3.37412,2.34596,1.028160,1,0,62.2971,0,0,0,62.2971,0
35.7813,2.32967,0,0,3.02112,0.168899,0.36288,3.6288,53.5264,0.482474,0,0,0.966339,0.195101,0,0.66528,12.849,1,0.84033,0.36288,0,65.6199,3.57808,61.5644,0.84672,12.849,0.84672,3695.15,0,36.966,0.335009,2.10164,2.01982,5.57918,1.02339,8.34223,0.42336,36.966,0.42336,423.524,0,1.02816,0,0,3.1298,2.10164,1.028160,1,0,69.9066,0,0,0,69.9066,0
35.6136,2.33264,0,0,2.64222,0.114366,0.36288,3.6288,53.6342,0.48364,0,0,0.821514,0.230099,0,0.66528,12.849,1,0.837646,0.36288,0,55.1012,4.05094,50.5755,0.84672,12.849,0.84672,3695.15,0,36.966,0.334008,2.07408,2.02,4.54378,1.12605,7.1778,0.42336,36.966,0.42336,423.524,0,1.02816,0,0,3.10224,2.07408,1.028160,1,0,57.7533,0,0,0,57.7533,0
34.7672,2.70564,0,0,2.32825,0.106122,0.36288,3.6288,53.8884,0.270908,0,0,0.763417,0.238304,0,0.66528,12.849,1,0.976166,0.36288,0,42.4837,4.71898,37.1515,0.84672,12.849,0.84672,3695.15,0,36.966,0.186716,2.11553,2.02018,4.44217,1.12588,7.26529,0.42336,36.966,0.42336,423.524,0,1.02816,0,0,3.14369,2.11553,1.028160,1,0,44.4168,0,0,0,44.4168,0
33.6921,2.6885,0,0,2.08148,0.105223,0.36288,3.6288,54.1026,0.271532,0,0,0.724842,0.239143,0,0.66528,12.849,1,0.993596,0.36288,0,37.7704,4.81719,32.3225,0.84672,12.849,0.84672,3695.15,0,36.966,0.186263,1.89895,1.83789,4.13284,1.123,6.56042,0.42336,36.966,0.42336,423.524,0,1.02816,0,0,2.92711,1.89895,1.028160,1,0,38.8829,0,0,0,38.8829,0
32.5848,2.66576,0,0,2.02516,0.103847,0.36288,3.6288,54.2625,0.272071,0,0,0.671421,0.239483,0,0.66528,12.849,1,1.01663,0.36288,0,35.116,4.81719,29.645,0.84672,12.849,0.84672,3695.15,0,36.966,0.185895,1.61826,1.83807,3.80635,1.123,5.9538,0.42336,36.966,0.42336,423.524,0,1.02816,0,0,2.64642,1.61826,1.028160,1,0,35.5988,0,0,0,35.5988,0
31.2632,2.64119,0,0,1.7753,0.0927831,0.36288,3.6288,54.3667,0.272498,0,0,0.625501,0.248759,0,0.66528,12.849,1,1.04149,0.36288,0,31.3742,4.92429,25.7713,0.84672,12.849,0.84672,3695.15,0,36.966,0.185638,1.43919,1.83826,3.69303,1.15036,5.63449,0.42336,36.966,0.42336,423.524,0,1.02816,0,0,2.46735,1.43919,1.028160,1,0,31.4058,0,0,0,31.4058,0
29.8954,2.6102,0,0,1.67498,0.0697302,0.36288,3.6288,54.3983,0.272812,0,0,0.557798,0.253375,0,0.66528,12.849,1,1.07278,0.36288,0,30.3785,4.884,24.7846,0.84672,12.849,0.84672,3695.15,0,36.966,0.185495,1.02553,1.83845,2.60791,1.18587,4.10053,0.42336,36.966,0.42336,423.524,0,1.02816,0,0,2.05369,1.02553,1.028160,1,0,28.8851,0,0,0,28.8851,0
28.4759,2.55565,0,0,1.56914,0.070098,0.36288,3.6288,54.3645,0.305037,0,0,0.51108,0.239829,0,0.66528,12.849,1,1.09842,0.36288,0,31.5509,4.65297,26.1624,0.84672,12.849,0.84672,3695.15,0,36.966,0.207286,0.744984,1.83863,1.93044,1.1612,3.14557,0.42336,36.966,0.42336,423.524,0,1.02816,0,0,1.77314,0.744984,1.028160,1,0,29.3079,0,0,0,29.3079,0
26.9475,2.51812,0,0,1.42141,0.0687632,0.36288,3.6288,54.3081,0.305064,0,0,0.488379,0.239775,0,0.66528,12.849,1,1.13623,0.36288,0,31.0064,4.65297,25.58,0.84672,12.849,0.84672,3695.15,0,36.966,0.207433,0.656856,1.87495,1.82369,1.1612,2.98687,0.42336,36.966,0.42336,423.524,0,1.02816,0,0,1.68502,0.656856,1.028160,1,0,28.5669,0,0,0,28.5669,0
25.3398,2.47468,0,0,1.29421,0.0643668,0.36288,3.6288,54.2147,0.30504,0,0,0.461868,0.25017,0,0.66528,12.849,1,1.17996,0.36288,0,27.2947,4.79412,21.6835,0.84672,12.849,0.84672,3695.15,0,36.966,0.207633,0.495901,1.87514,1.77004,1.21272,2.72073,0.42336,36.966,0.42336,423.524,0,1.02816,0,0,1.52406,0.495901,1.028160,1,0,24.4042,0,0,0,24.4042,0
23.7246,2.42519,0,0,1.2177,0.0448903,0.36288,3.6288,54.014,0.304932,0,0,0.416506,0.312295,0,0.66528,12.849,1,1.22974,0.36288,0,23.9176,5.70381,17.3469,0.84672,12.849,0.84672,3695.15,0,36.966,0.207916,0.481542,1.87533,1.64604,1.51947,2.27553,0.42336,36.966,0.42336,423.524,0,1.02816,0,0,1.5097,0.481542,1.028160,1,0,19.6225,0,0,0,19.6225,0
22.1295,2.42,0,0,1.22769,0.0398979,0.36288,3.6288,53.7712,0.333078,0,0,0.398609,0.308386,0,0.66528,12.849,1,1.31065,0.36288,0,26.9747,6.08055,19.9464,0.84672,12.849,0.84672,3695.15,0,36.966,0.227951,0.461264,1.87552,1.59662,1.50515,2.2003,0.42336,36.966,0.42336,423.524,0,1.02816,0,0,1.48942,0.461264,1.028160,1,0,22.1467,0,0,0,22.1467,0
20.4846,2.36042,0,0,1.11747,0.0390326,0.36288,3.6288,53.4595,0.332574,0,0,0.32877,0.307865,0,0.66528,12.849,1,1.37052,0.36288,0,21.7265,6.08055,14.6383,0.84672,12.849,0.84672,3695.15,0,36.966,0.228634,0.49343,1.92693,1.48362,1.50515,2.1702,0.42336,36.966,0.42336,423.524,0,1.02816,0,0,1.52159,0.49343,1.028160,1,0,16.8085,0,0,0,16.8085,0
18.807,2.29297,0,0,1.01635,0.0381665,0.36288,3.6288,53.1267,0.331892,0,0,0.30618,0.307103,0,0.66528,12.849,1,1.43827,0.36288,0,20.2542,6.08055,13.0983,0.84672,12.849,0.84672,3695.15,0,36.966,0.229496,0.256262,1.92712,1.32219,1.50515,1.77094,0.42336,36.966,0.42336,423.524,0,1.02816,0,0,1.28442,0.256262,1.028160,1,0,14.8692,0,0,0,14.8692,0
17.3008,2.21692,0,0,1.10679,0.0331412,0.36288,3.6288,52.8523,0.331151,0,0,0.361406,0.304582,0,0.66528,12.849,1,1.51461,0.36288,0,20.3499,6.18868,13.0095,0.84672,12.849,0.84672,3695.15,0,36.966,0.230417,0.590475,1.92732,1.8695,1.53105,2.62582,0.42336,36.966,0.42336,423.524,0,1.02816,0,0,1.61863,0.590475,1.028160,1,0,15.6353,0,0,0,15.6353,0
15.59,2.26822,0,0,0.9579,0.0375922,0.36288,3.6288,52.2372,0.566006,0,0,0.252939,0.302119,0,0.66528,12.849,1,1.68457,0.36288,0,14.6561,6.48672,6.84771,0.84672,12.849,0.84672,3695.15,0,36.966,0.395876,0.227405,1.92751,1.33146,1.55956,1.53094,0.42336,36.966,0.42336,423.524,0,0.80136,0,0,1.02876,0.227405,1.028160,1,0,8.37866,0,0,0,8.37866,0
13.9754,2.16705,0,0,0.952465,0.037128,0.36288,3.6288,51.4875,0.676914,0,0,0.241429,0.314212,0,0.66528,12.849,1,1.78605,0.36288,0,14.3247,6.66047,6.24106,0.84672,12.849,0.84672,3695.15,0,36.966,0.42336,0.227405,2.10303,1.08825,1.57152,1.4238,0.42336,36.966,0.42336,423.524,0,0.663163,0,0,0.890568,0.227405,1.028160,1,0,7.66486,0,0,0,7.66486,0
12.2811,2.05971,0,0,0.764199,0.0358803,0.36288,3.6288,50.5347,0.830288,0,0,0.189842,0.312316,0,0.66528,12.849,1,1.8937,0.36288,0,16.8487,6.66047,8.65741,0.84672,12.849,0.84672,3695.15,0,36.966,0.42336,0.204422,2.10324,0.903996,1.57152,1.21678,0.42336,36.966,0.42336,423.524,0,0.509985,0,0,0.714407,0.204422,1.028160,1,0,9.87418,0,0,0,9.87418,0
10.8566,1.9322,0,0,0.905066,0.034571,0.36288,3.6288,49.9985,0.516071,0,0,0.289787,0.309907,0,0.66528,12.849,1,2.02154,0.36288,0,14.4618,6.66047,6.14268,0.84672,12.849,0.84672,3695.15,0,36.966,0.377505,0.204422,2.10345,1.22248,1.57152,1.58132,0.42336,36.966,0.42336,423.524,0,0.870252,0,0,1.07467,0.204422,1.028160,1,0,7.72401,0,0,0,7.72401,0
9.61801,1.81086,0,0,0.976337,0.0411554,0.36288,3.6288,49.5071,0.529819,0,0,0.31929,0.280872,0,0.66528,12.849,1,2.14319,0.36288,0,20.7021,6.05715,12.8647,0.84672,12.849,0.84672,3695.15,0,36.966,0.391718,0.204422,2.10366,1.36057,1.47963,1.79731,0.42336,36.966,0.42336,423.524,0,0.842486,0,0,1.04691,0.204422,1.028160,1,0,14.662,0,0,0,14.662,0
9.15439,1.46548,0,0,1.41459,0.0498566,0.36288,3.6288,49.1462,0.630804,0,0,0.5129,0.242984,0,0.66528,12.849,1,1.95778,0.36288,0,26.9201,5.25273,20.0724,0.84672,12.849,0.84672,3695.15,0,36.966,0.42336,0.336493,2.10387,1.54274,1.3571,2.20265,0.42336,36.966,0.42336,423.524,0,1.02816,0,0,1.36465,0.336493,1.028160,1,0,22.2751,0,0,0,22.2751,0
8.49399,1.42436,0,0,1.17603,0.0491896,0.36288,3.6288,48.9974,0.63099,0,0,0.724423,0.242263,0,0.66528,12.849,1,1.99921,0.36288,0,24.8674,5.25273,17.9783,0.84672,12.849,0.84672,3695.15,0,36.966,0.42336,1.37692,2.25032,1.74917,1.3571,3.59596,0.42336,36.966,0.42336,423.524,0,1.02816,0,0,2.40508,1.37692,1.028160,1,0,21.5743,0,0,0,21.5743,0
7.71745,1.36262,0,0,0.997194,0.0482396,0.36288,3.6288,48.5175,0.631176,0,0,0.3933,0.241965,0,0.66528,12.849,1,2.06126,0.36288,0,24.8326,5.25273,17.8815,0.84672,12.849,0.84672,3695.15,0,36.966,0.42336,0.243017,2.25052,1.29379,1.3571,2.00688,0.42336,36.966,0.42336,423.524,0,1.02816,0,0,1.27118,0.243017,1.028160,1,0,19.8883,0,0,0,19.8883,0
7.17765,1.28491,0,0,1.17222,0.0642365,0.36288,3.6288,48.0724,0.631362,0,0,0.399579,0.213336,0,0.66528,12.849,1,2.13928,0.36288,0,25.0138,4.83747,18.3999,0.84672,12.849,0.84672,3695.15,0,36.966,0.42336,0.275149,2.25073,1.35112,1.2273,2.22633,0.42336,36.966,0.42336,423.524,0,1.02816,0,0,1.30331,0.275149,1.028160,1,0,20.6262,0,0,0,20.6262,0
6.44569,1.19565,0,0,0.923737,0.0971693,0.36288,3.6288,46.9106,1.21357,0,0,0.240866,0.189155,0,0.66528,12.849,1,2.14038,0.36288,0,16.7083,4.09548,10.8353,0.84672,12.849,0.84672,3695.15,0,36.966,0.42336,0.216518,2.25093,1.15754,1.02981,2.17182,0.42336,36.966,0.42336,423.524,0,0.350298,0,0,0.566817,0.216518,1.028160,1,0,13.0071,0,0,0,13.0071,0
5.60812,1.11455,0,0,0.742876,0.103018,0.36288,3.6288,45.6311,1.27648,0,0,0.182512,0.185486,0,0.66528,12.849,1,2.22177,0.36288,0,13.0187,4.11495,7.04482,0.84672,12.849,0.84672,3695.15,0,36.966,0.42336,0.216518,2.1605,0.994773,1.05461,1.89382,0.42336,36.966,0.42336,423.524,0,0.287565,0,0,0.504084,0.216518,1.028160,1,0,8.93865,0,0,0,8.93865,0
5.51917,1.01382,0,0,1.38803,0.100277,0.36288,3.6288,45.4097,0.536061,0,0,0.497961,0.183329,0,0.66528,12.849,1,2.3228,0.36288,0,25.937,4.11495,19.8621,0.84672,12.849,0.84672,3695.15,0,36.966,0.42336,0.515929,2.1607,2.1946,1.05461,3.39325,0.42336,36.966,0.42336,423.524,0,1.02816,0,0,1.54409,0.515929,1.028160,1,0,23.2554,0,0,0,23.2554,0
6.59688,1.00266,0,0,2.54786,0.104613,0.36288,3.6288,45.5991,0.536239,0,0,0.901674,0.175997,0,0.66528,12.849,1,2.33426,0.36288,0,49.8684,4.00612,43.8908,0.84672,12.849,0.84672,3695.15,0,36.966,0.42336,0.492618,2.16089,2.87214,1.02378,4.07851,0.42336,36.966,0.42336,423.524,0,1.02816,0,0,1.52078,0.492618,1.028160,1,0,47.9694,0,0,0,47.9694,0
6.723,0.96652,0,0,1.57121,0.115683,0.36288,3.6288,45.1264,0.670462,0,0,0.332081,0.134351,0,0.66528,12.849,1,1.88253,0.36288,0,45.4869,3.56363,40.4036,0.84672,12.849,0.84672,3695.15,0,36.966,0.42336,0.292723,2.16108,1.97346,0.890778,3.11312,0.42336,36.966,0.42336,423.524,0,0.557187,0,0,0.84991,0.292723,1.028160,1,0,43.5168,0,0,0,43.5168,0
6.74171,1.08044,0,0,1.56959,0.107565,0.36288,3.6288,44.677,0.643447,0,0,0.327786,0.133698,0,0.66528,12.849,1,2.06494,0.36288,0,67.2703,3.6478,61.9205,0.84672,12.849,0.84672,3695.15,0,36.966,0.42336,0.292723,1.80948,2.7021,0.911559,3.46939,0.42336,36.966,0.42336,423.524,0,0.755922,0,0,1.04865,0.292723,1.028160,1,0,65.3899,0,0,0,65.3899,0
7.23761,1.08251,0,0,2.05059,0.109308,0.36288,3.6288,44.3237,0.558609,0,0,0.380904,0.175655,0,0.66528,12.849,1,2.06315,0.36288,0,49.911,4.37042,43.8403,0.84672,12.849,0.84672,3695.15,0,36.966,0.42336,0.412474,1.99768,2.58198,1.19657,3.37221,0.42336,36.966,0.42336,423.524,0,0.840923,0,0,1.2534,0.412474,1.028160,1,0,47.2126,0,0,0,47.2126,0
7.65309,1.02685,0,0,1.93756,0.132358,0.36288,3.6288,44.0756,0.432853,0,0,0.359432,0.174683,0,0.66528,12.849,1,1.82297,0.36288,0,88.2636,4.50019,82.3034,0.84672,12.849,0.84672,3695.15,0,36.966,0.361,0.412474,1.99786,3.56075,1.12194,4.48815,0.42336,36.966,0.42336,423.524,0,0.857598,0,0,1.27007,0.412474,1.028160,1,0,86.7915,0,0,0,86.7915,0
11.4985,1.06388,0,0,5.39584,0.12363,0.36288,3.6288,44.3476,0.339066,0,0,0.768036,0.15694,0,0.66528,12.849,1,1.78619,0.36288,0,90.3469,3.73227,85.1913,0.84672,12.849,0.84672,3695.15,0,36.966,0.284373,0.73103,1.80997,6.01496,1.01044,7.26115,0.42336,36.966,0.42336,423.524,0,1.02816,0,0,1.75919,0.73103,1.028160,1,0,92.4525,0,0,0,92.4525,0
12.5666,1.53254,0,0,3.10342,0.139978,0.36288,3.6288,44.6998,0.465856,0,0,1.01494,0.196858,0,0.66528,12.849,1,1.71253,0.36288,0,43.208,3.22233,38.636,0.84672,12.849,0.84672,3695.15,0,36.966,0.388315,0.83579,1.81013,3.00375,0.82501,4.43634,0.42336,36.966,0.42336,423.524,0,1.02816,0,0,1.86395,0.83579,1.028160,1,0,43.0723,0,0,0,43.0723,0
14.5691,1.60463,0,0,4.1121,0.142055,0.36288,3.6288,45.2366,0.467615,0,0,1.19435,0.189939,0,0.66528,12.849,1,1.64069,0.36288,0,68.4977,3.0661,64.1538,0.84672,12.849,0.84672,3695.15,0,36.966,0.386709,1.35931,2.06241,3.45266,0.780083,5.7076,0.42336,36.966,0.42336,423.524,0,1.02816,0,0,2.38747,1.35931,1.028160,1,0,69.8614,0,0,0,69.8614,0
17.6629,1.7246,0,0,5.32969,0.148373,0.36288,3.6288,46.4503,0.470224,0,0,1.87481,0.190895,0,0.66528,12.849,1,1.52099,0.36288,0,95.1022,3.0661,90.878,0.84672,12.849,0.84672,3695.15,0,36.966,0.384253,2.47599,2.06258,4.72511,0.780083,8.09934,0.42336,36.966,0.42336,423.524,0,1.02816,0,0,3.50415,2.47599,1.028160,1,0,98.9773,0,0,0,98.9773,0
19.6135,1.87898,0,0,4.34923,0.156822,0.36288,3.6288,47.0375,0.475901,0,0,1.25616,0.193058,0,0.66528,12.849,1,1.36688,0.36288,0,99.3565,3.0661,95.2864,0.84672,12.849,0.84672,3695.15,0,36.966,0.378731,1.60774,2.06275,3.62298,0.780083,6.13466,0.42336,36.966,0.42336,423.524,0,1.02816,0,0,2.6359,1.60774,1.028160,1,0,101.421,0,0,0,101.421,0
22.2151,2.36783,0,0,5.48862,0.156294,0.36288,3.6288,47.9366,0.343361,0,0,1.4727,0.230281,0,0.66528,12.849,1,1.55119,0.36288,0,115.169,4.08441,109.897,0.84672,12.849,0.84672,3695.15,0,36.966,0.269842,2.19481,2.06292,5.04735,1.16152,7.87372,0.42336,36.966,0.42336,423.524,0,1.02816,0,0,3.22297,2.19481,1.028160,1,0,117.77,0,0,0,117.77,0
24.0679,2.48311,0,0,4.86344,0.164622,0.36288,3.6288,48.7982,0.346314,0,0,1.42825,0.220282,0,0.66528,12.849,1,1.43621,0.36288,0,99.4732,4.02024,94.3796,0.84672,12.849,0.84672,3695.15,0,36.966,0.267058,2.82499,2.00254,4.32423,1.13484,7.74986,0.42336,36.966,0.42336,423.524,0,1.02816,0,0,3.85315,2.82499,1.028160,1,0,102.129,0,0,0,102.129,0
26.9606,2.55537,0,0,5.97987,0.168921,0.36288,3.6288,49.7803,0.349093,0,0,1.55309,0.221864,0,0.66528,12.849,1,1.36422,0.36288,0,123.381,4.02024,118.359,0.84672,12.849,0.84672,3695.15,0,36.966,0.264447,2.66687,2.00273,4.68981,1.13484,7.96012,0.42336,36.966,0.42336,423.524,0,1.02816,0,0,3.69503,2.66687,1.028160,1,0,126.319,0,0,0,126.319,0
28.9051,2.6547,0,0,5.13807,0.176032,0.36288,3.6288,51.3395,0.352183,0,0,2.13498,0.223668,0,0.66528,12.849,1,1.26519,0.36288,0,104.579,4.02024,99.656,0.84672,12.849,0.84672,3695.15,0,36.966,0.261525,3.55139,2.00291,4.84528,1.13484,9.0032,0.42336,36.966,0.42336,423.524,0,1.02816,0,0,4.57955,3.55139,1.028160,1,0,108.659,0,0,0,108.659,0
33.149,2.15445,0,0,6.99241,0.231125,0.36288,3.6288,53.8353,0.45328,0,0,3.165,0.215861,0,0.66528,12.849,1,0.957705,0.36288,0,258.428,4.48311,253.35,0.84672,12.849,0.84672,3695.15,0,36.966,0.326375,5.00178,2.00309,7.34583,1.14659,12.8777,0.42336,36.966,0.42336,423.524,0,1.02816,0,0,6.02994,5.00178,1.028160,1,0,266.227,0,0,0,266.227,0
38.5508,2.24299,0,0,8.25103,0.243328,0.36288,3.6288,55.8331,0.462338,0,0,2.68067,0.22054,0,0.66528,12.849,1,0.869414,0.36288,0,214.267,4.54839,209.212,0.84672,12.849,0.84672,3695.15,0,36.966,0.317464,7.24455,1.97994,8.63323,1.14533,16.3949,0.42336,36.966,0.42336,423.524,0,1.02816,0,0,8.27271,7.24455,1.028160,1,0,225.607,0,0,0,225.607,0
50.6897,2.33456,0,0,15.0959,0.25964,0.36288,3.6288,60.9452,0.469262,0,0,5.80478,0.223464,0,0.66528,12.849,1,0.778107,0.36288,0,233.912,4.54839,228.948,0.84672,12.849,0.84672,3695.15,0,36.966,0.310689,10.0591,1.9801,12.662,1.14533,23.2452,0.42336,36.966,0.42336,423.524,0,1.02816,0,0,11.0873,10.0591,1.028160,1,0,252.193,0,0,0,252.193,0
56.773,2.48341,0,0,9.22873,0.299068,0.36288,3.6288,61.308,0.485575,0,0,2.86911,0.162972,1.85775,0.66528,12.849,1,0.629504,0.36288,0,210.731,4.23582,206.229,0.84672,12.849,0.84672,3695.15,0,36.966,0.294523,5.57449,1.98026,8.40306,1.03268,14.6306,0.42336,36.966,0.42336,423.524,0,1.02816,0,0,6.60265,5.57449,1.028160,1,0,222.717,0,0,0,222.717,0
61.039,2.53862,0,0,7.47516,0.307726,0.36288,3.6288,61.308,0.486754,0,0,2.16748,0.140228,1.54049,0.66528,12.849,1,0.574547,0.36288,0,157.019,4.15353,152.654,0.84672,12.849,0.84672,3695.15,0,36.966,0.293491,3.93843,1.98042,6.39109,1.02058,10.9959,0.42336,36.966,0.42336,423.524,0,1.02816,0,0,4.96659,3.93843,1.028160,1,0,165.19,0,0,0,165.19,0
66.8698,2.66598,0,0,9.16531,0.305583,0.36288,3.6288,61.308,0.532224,0,0,3.81631,0.124543,3.15954,0.66528,12.849,1,0.561202,0.36288,0,163.052,4.11327,158.741,0.84672,12.849,0.84672,3695.15,0,36.966,0.320907,6.45239,1.98058,10.8352,1.02948,17.9178,0.42336,36.966,0.42336,423.524,0,1.02816,0,0,7.48055,6.45239,1.028160,1,0,179.818,0,0,0,179.818,0
70.7597,2.70725,0,0,7.26322,0.303243,0.36288,3.6288,61.308,0.53232,0,0,3.79013,0.134058,3.12375,0.66528,12.849,1,0.520196,0.36288,0,194.354,4.22961,189.967,0.84672,12.849,0.84672,3695.15,0,36.966,0.320965,5.25945,2.05826,7.88606,1.05238,13.8304,0.42336,36.966,0.42336,423.524,0,1.02816,0,0,6.28761,5.25945,1.028160,1,0,206.921,0,0,0,206.921,0
72.29,2.73167,0,0,6.0177,0.24754,1.50816,3.6288,61.308,0.532416,0,0,2.44637,0.177959,1.73599,0.66528,12.849,1,0.496035,1.50816,0,169.601,4.47969,166.134,0.84672,12.849,0.84672,3695.15,0,36.966,0.321023,3.62629,2.05843,6.06372,1.16793,10.2595,0.42336,36.966,0.42336,423.524,0,1.02816,0,0,4.65445,3.62629,1.028160,1,0,178.129,0,0,0,178.129,0
72.29,2.74081,0,0,5.95068,0.217714,2.99215,3.6288,61.308,0.532511,0,0,2.19378,0.202003,1.45927,0.66528,12.849,1,0.487159,2.99215,0,133.453,4.42608,131.532,0.84672,12.849,0.84672,3695.15,0,36.966,0.321081,3.36763,2.0586,5.92671,1.22881,9.80304,0.42336,36.966,0.42336,423.524,0,1.02816,0,0,4.39579,3.36763,1.028160,1,0,142.795,0,0,0,142.795,0
72.29,2.70326,0,0,5.28284,0.190598,2.38898,3.6288,61.308,0.514977,0,0,1.89846,0.185365,1.19812,0.66528,12.849,1,0.480484,2.38898,0,110.322,4.43058,107.799,0.84672,12.849,0.84672,3695.15,0,36.966,0.310508,3.57604,2.05876,5.13278,1.12767,9.3294,0.42336,36.966,0.42336,423.524,0,1.02816,0,0,4.6042,3.57604,1.028160,1,0,118.327,0,0,0,118.327,0
72.29,2.70348,0,0,4.8808,0.190598,1.98672,3.6288,61.308,0.515071,0,0,1.72712,0.185365,1.02668,0.66528,12.849,1,0.480523,1.98672,0,103.863,4.43058,100.939,0.84672,12.849,0.84672,3695.15,0,36.966,0.310565,2.70511,2.02876,4.39779,1.12767,7.69343,0.42336,36.966,0.42336,423.524,0,1.02816,0,0,3.73327,2.70511,1.028160,1,0,109.659,0,0,0,109.659,0
72.29,2.7037,0,0,4.54313,0.190598,1.64883,3.6288,61.308,0.515166,0,0,1.621,0.185365,0.920464,0.66528,12.849,1,0.480562,1.64883,0,94.5829,4.43058,91.3206,0.84672,12.849,0.84672,3695.15,0,36.966,0.310622,2.32123,2.02893,3.93448,1.12767,6.84635,0.42336,36.966,0.42336,423.524,0,1.02816,0,0,3.34939,2.32123,1.028160,1,0,99.0874,0,0,0,99.0874,0
72.29,2.70392,0,0,4.15508,0.163591,1.28757,3.6288,61.308,0.51526,0,0,1.49025,0.205678,0.769316,0.66528,12.849,1,0.480601,1.28757,0,85.0599,4.70646,81.1604,0.84672,12.849,0.84672,3695.15,0,36.966,0.310679,2.17541,2.02909,3.5583,1.14775,6.30438,0.42336,36.966,0.42336,423.524,0,1.02816,0,0,3.20357,2.17541,1.028160,1,0,88.2341,0,0,0,88.2341,0
72.29,2.77909,0,0,3.97145,0.123672,1.06868,3.6288,61.308,0.554941,0,0,1.37952,0.186327,0.638256,0.66528,12.849,1,0.493963,1.06868,0,69.8423,4.03287,66.3841,0.84672,12.849,0.84672,3695.15,0,36.966,0.334605,2.15821,2.02926,3.23667,0.9922,6.09734,0.42336,36.966,0.42336,423.524,0,1.02816,0,0,3.18637,2.15821,1.028160,1,0,73.1197,0,0,0,73.1197,0
72.29,2.77932,0,0,3.5931,0.10674,0.707038,3.6288,61.308,0.555039,0,0,1.20898,0.176212,0.477726,0.66528,12.849,1,0.494003,0.707038,0,64.3766,3.87954,60.7101,0.84672,12.849,0.84672,3695.15,0,36.966,0.334664,1.94833,2.09499,3.06899,0.964867,5.81278,0.42336,36.966,0.42336,423.524,0,1.02816,0,0,2.97649,1.94833,1.028160,1,0,67.0006,0,0,0,67.0006,0
72.29,2.77955,0,0,3.30212,0.0972409,0.425332,3.6288,61.308,0.555136,0,0,1.17673,0.18609,0.435506,0.66528,12.849,1,0.494044,0.425332,0,58.9852,4.07517,54.8413,0.84672,12.849,0.84672,3695.15,0,36.966,0.334722,1.92095,2.09516,2.98246,1.01825,5.64559,0.42336,36.966,0.42336,423.524,0,1.02816,0,0,2.94911,1.92095,1.028160,1,0,60.9224,0,0,0,60.9224,0
72.2102,2.77977,0,0,3.13635,0.0734924,0.36288,3.6288,61.308,0.555234,0,0,1.05069,0.210785,0.284669,0.66528,12.849,1,0.494084,0.36288,0,58.3464,4.56424,53.6509,0.84672,12.849,0.84672,3695.15,0,36.966,0.334781,1.59374,2.09533,2.81448,1.15172,5.01705,0.42336,36.966,0.42336,423.524,0,1.02816,0,0,2.6219,1.59374,1.028160,1,0,58.9526,0,0,0,58.9526,0
72.29,2.77954,0,0,3.60119,0.0784341,0.663413,3.6288,61.308,0.555331,0,0,1.1028,0.244089,0.303377,0.66528,12.849,1,0.494588,0.663413,0,64.8562,4.99377,60.0312,0.84672,12.849,0.84672,3695.15,0,36.966,0.33484,1.89241,2.0955,3.79173,1.23368,6.21112,0.42336,36.966,0.42336,423.524,0,1.02816,0,0,2.92057,1.89241,1.028160,1,0,66.5457,0,0,0,66.5457,0
72.29,3.1148,0,0,4.25392,0.0851339,1.05399,3.6288,61.308,0.325057,0,0,1.21109,0.288495,0.597539,0.66528,12.849,1,0.553631,1.05399,0,72.1284,5.56647,67.0623,0.84672,12.849,0.84672,3695.15,0,36.966,0.195995,2.25418,2.09567,4.92521,1.34297,7.7361,0.42336,36.966,0.42336,423.524,0,1.02816,0,0,3.28234,2.25418,1.028160,1,0,75.396,0,0,0,75.396,0
72.29,2.75555,0,0,3.92875,0.0851339,1.08806,3.6288,61.308,0.58927,0,0,1.15581,0.288495,0.278044,0.66528,12.849,1,0.489779,1.08806,0,65.3815,5.56647,60.4133,0.84672,12.849,0.84672,3695.15,0,36.966,0.355303,2.07202,1.88438,4.905,1.34297,7.16313,0.42336,36.966,0.42336,423.524,0,1.02816,0,0,3.10018,2.07202,1.028160,1,0,67.8545,0,0,0,67.8545,0
72.29,2.75578,0,0,3.80233,0.0851339,0.961423,3.6288,61.308,0.58937,0,0,1.089,0.288495,0.211138,0.66528,12.849,1,0.489819,0.961423,0,59.123,5.56647,54.0281,0.84672,12.849,0.84672,3695.15,0,36.966,0.355364,1.72657,2.13231,4.78701,1.34297,6.94756,0.42336,36.966,0.42336,423.524,0,1.02816,0,0,2.75473,1.72657,1.028160,1,0,61.1868,0,0,0,61.1868,0
72.29,2.756,0,0,3.64822,0.0695584,0.822662,3.6288,61.308,0.58947,0,0,1.03881,0.301822,0.147519,0.66528,12.849,1,0.489859,0.822662,0,54.0049,5.68037,48.6574,0.84672,12.849,0.84672,3695.15,0,36.966,0.355425,1.57975,2.13248,4.6868,1.41043,6.63318,0.42336,36.966,0.42336,423.524,0,1.02816,0,0,2.60791,1.57975,1.028160,1,0,55.4381,0,0,0,55.4381,0
72.29,2.82055,0,0,3.68848,0.0558816,0.812043,3.6288,61.2552,0.619651,0,0,0.883312,0.316432,0,0.66528,12.849,1,0.501332,0.812043,0,59.7891,6.14754,53.9522,0.84672,12.849,0.84672,3695.15,0,36.966,0.373622,1.67695,2.13266,4.02349,1.44994,6.00953,0.42336,36.966,0.42336,423.524,0,1.02816,0,0,2.70511,1.67695,1.028160,1,0,59.9618,0,0,0,59.9618,0
72.29,2.82078,0,0,3.49576,0.0558816,0.619098,3.6288,61.1096,0.619553,0,0,0.790244,0.316326,0,0.66528,12.849,1,0.501373,0.619098,0,52.8293,6.14754,46.7995,0.84672,12.849,0.84672,3695.15,0,36.966,0.373885,1.9406,2.18428,4.20241,1.44994,6.50347,0.42336,36.966,0.42336,423.524,0,1.02816,0,0,2.96876,1.9406,1.028160,1,0,53.3029,0,0,0,53.3029,0
72.29,2.82101,0,0,3.2679,0.0558816,0.391005,3.6288,60.9056,0.6191,0,0,0.731151,0.316035,0,0.66528,12.849,1,0.501413,0.391005,0,50.233,6.14754,43.975,0.84672,12.849,0.84672,3695.15,0,36.966,0.374502,1.68515,2.18446,3.6875,1.44994,5.73266,0.42336,36.966,0.42336,423.524,0,1.02816,0,0,2.71331,1.68515,1.028160,1,0,49.7077,0,0,0,49.7077,0
72.274,2.82124,0,0,3.22398,0.0558816,0.36288,3.6288,60.7626,0.618422,0,0,0.791037,0.315627,0,0.66528,12.849,1,0.501454,0.36288,0,46.6112,6.14754,40.3251,0.84672,12.849,0.84672,3695.15,0,36.966,0.375345,1.86802,2.18464,4.17015,1.44994,6.39753,0.42336,36.966,0.42336,423.524,0,1.02816,0,0,2.89618,1.86802,1.028160,1,0,46.7227,0,0,0,46.7227,0
71.9197,3.00981,0,0,3.07834,0.0599032,0.36288,3.6288,60.4702,0.66528,0,0,0.677004,0.304137,0,0.66528,12.849,1,0.535089,0.36288,0,37.9421,6.23725,31.5327,0.84672,12.849,0.84672,3695.15,0,36.966,0.42336,1.35486,2.18481,3.97889,1.4885,5.6067,0.42336,36.966,0.42336,423.524,0,1.02816,0,0,2.38302,1.35486,1.028160,1,0,37.1394,0,0,0,37.1394,0
71.4893,3.00781,0,0,3.0161,0.0757859,0.36288,3.6288,60.1533,0.66528,0,0,0.64672,0.29832,0,0.66528,12.849,1,0.537369,0.36288,0,33.7834,6.11531,27.4936,0.84672,12.849,0.84672,3695.15,0,36.966,0.42336,1.16456,2.29975,2.7636,1.47208,4.33247,0.42336,36.966,0.42336,423.524,0,1.02816,0,0,2.19272,1.16456,1.028160,1,0,31.8261,0,0,0,31.8261,0
70.4655,3.00532,0,0,2.41991,0.0755377,0.36288,3.6288,59.6988,0.66528,0,0,0.50853,0.297719,0,0.66528,12.849,1,0.540155,0.36288,0,39.7368,6.11531,33.4442,0.84672,12.849,0.84672,3695.15,0,36.966,0.42336,0.730788,2.29981,2.29569,1.47208,3.43085,0.42336,36.966,0.42336,423.524,0,1.02816,0,0,1.75895,0.730788,1.028160,1,0,36.8751,0,0,0,36.8751,0
69.8947,2.99892,0,0,2.86596,0.0749473,0.36288,3.6288,59.513,0.66528,0,0,0.776263,0.296858,0,0.66528,12.849,1,0.546837,0.36288,0,34.1071,6.11531,27.8078,0.84672,12.849,0.84672,3695.15,0,36.966,0.42336,1.61782,2.29986,3.10447,1.47208,5.12671,0.42336,36.966,0.42336,423.524,0,1.02816,0,0,2.64598,1.61782,1.028160,1,0,32.9345,0,0,0,32.9345,0
68.7591,3.35301,0,0,2.64974,0.0695092,0.36288,3.6288,59.3854,0.459788,0,0,0.647062,0.314824,0,0.66528,12.849,1,0.616397,0.36288,0,36.6406,6.13614,30.2509,0.84672,12.849,0.84672,3695.15,0,36.966,0.285594,1.00973,2.29992,3.35063,1.49054,4.88414,0.42336,36.966,0.42336,423.524,0,1.02816,0,0,2.03789,1.00973,1.028160,1,0,35.1351,0,0,0,35.1351,0
67.9836,3.25351,0,0,2.96452,0.12355,0.36288,3.6288,59.4851,0.394366,0,0,0.826905,0.332842,0,0.66528,12.849,1,0.607984,0.36288,0,40.7067,5.56307,34.8985,0.84672,12.849,0.84672,3695.15,0,36.966,0.245484,0.691839,2.11411,3.58326,1.46462,4.6791,0.42336,36.966,0.42336,423.524,0,1.02816,0,0,1.72,0.691839,1.028160,1,0,39.5776,0,0,0,39.5776,0
67.519,3.24792,0,0,3.34021,0.194096,0.36288,3.6288,59.9481,0.394725,0,0,1.15827,0.300503,0,0.66528,12.849,1,0.613861,0.36288,0,39.252,4.70663,34.2944,0.84672,12.849,0.84672,3695.15,0,36.966,0.245295,1.2137,2.01235,4.78522,1.2776,6.48838,0.42336,36.966,0.42336,423.524,0,1.02816,0,0,2.24186,1.2137,1.028160,1,0,40.7828,0,0,0,40.7828,0
66.8485,3.2446,0,0,3.1334,0.19636,0.36288,3.6288,60.4265,0.396003,0,0,1.17675,0.302391,0,0.66528,12.849,1,0.617455,0.36288,0,48.313,4.7229,43.3355,0.84672,12.849,0.84672,3695.15,0,36.966,0.244188,1.14703,2.01253,4.8417,1.28691,6.47016,0.42336,36.966,0.42336,423.524,0,1.02816,0,0,2.17519,1.14703,1.028160,1,0,49.8057,0,0,0,49.8057,0
66.5685,3.23964,0,0,3.51783,0.195324,0.36288,3.6288,61.1914,0.397308,0,0,1.46551,0.303313,0,0.66528,12.849,1,0.622694,0.36288,0,77.7262,4.7229,72.7435,0.84672,12.849,0.84672,3695.15,0,36.966,0.243054,1.56945,2.01272,6.16383,1.28691,8.21602,0.42336,36.966,0.42336,423.524,0,1.02816,0,0,2.59761,1.56945,1.028160,1,0,80.9595,0,0,0,80.9595,0
65.5927,2.80835,0,0,2.43906,0.243626,0.36288,3.6288,61.308,0.603226,0,0,1.28646,0.262836,0.303784,0.66528,12.849,1,0.542065,0.36288,0,120.484,4.03386,116.271,0.84672,12.849,0.84672,3695.15,0,36.966,0.364411,1.5812,2.0129,6.26982,0.928385,8.57112,0.42336,36.966,0.42336,423.524,0,1.02816,0,0,2.60936,1.5812,1.028160,1,0,125.146,0,0,0,125.146,0
64.4961,3.15585,0,0,2.67191,0.2498,0.36288,3.6288,61.308,0.339648,0,0,1.1485,0.256032,0.552825,0.66528,12.849,1,0.618201,0.36288,0,65.1563,3.91902,60.982,0.84672,12.849,0.84672,3695.15,0,36.966,0.204792,1.14635,2.16982,5.98503,0.86863,8.22778,0.42336,36.966,0.42336,423.524,0,1.02816,0,0,2.17451,1.14635,1.028160,1,0,69.7626,0,0,0,69.7626,0
63.6939,3.14731,0,0,2.97083,0.262805,0.36288,3.6288,61.308,0.339749,0,0,1.19162,0.25241,0.599461,0.66528,12.849,1,0.627011,0.36288,0,54.0728,3.91463,49.8941,0.84672,12.849,0.84672,3695.15,0,36.966,0.204854,1.22864,1.92225,5.05212,0.863623,7.13453,0.42336,36.966,0.42336,423.524,0,1.02816,0,0,2.2568,1.22864,1.028160,1,0,57.6281,0,0,0,57.6281,0
62.0778,3.14097,0,0,2.18342,0.295703,0.36288,3.6288,61.308,0.339851,0,0,0.958625,0.254646,0.364129,0.66528,12.849,1,0.633628,0.36288,0,72.773,4.0976,68.4047,0.84672,12.849,0.84672,3695.15,0,36.966,0.204915,0.677609,1.92242,3.4026,1.05545,4.74226,0.42336,36.966,0.42336,423.524,0,1.02816,0,0,1.70577,0.677609,1.028160,1,0,73.511,0,0,0,73.511,0
63.1783,2.61691,0,0,4.34419,0.263897,0.36288,3.6288,61.308,0.500457,0,0,1.435,0.208588,0.725959,0.66528,12.849,1,0.541654,0.36288,0,115.497,3.70835,111.61,0.84672,12.849,0.84672,3695.15,0,36.966,0.301753,0.695546,1.9226,8.02716,1.05036,9.2932,0.42336,36.966,0.42336,423.524,0,1.02816,0,0,1.72371,0.695546,1.028160,1,0,121.629,0,0,0,121.629,0
65.8654,2.62496,0,0,5.91485,0.239892,0.36288,3.6288,61.308,0.50055,0,0,1.81373,0.232006,1.08117,0.66528,12.849,1,0.533857,0.36288,0,148.936,4.17171,144.594,0.84672,12.849,0.84672,3695.15,0,36.966,0.301809,1.04848,2.00606,7.93447,1.06354,9.62367,0.42336,36.966,0.42336,423.524,0,1.02816,0,0,2.07664,1.04848,1.028160,1,0,155.298,0,0,0,155.298,0
67.0426,2.6434,0,0,4.42655,0.243064,0.36288,3.6288,61.308,0.500643,0,0,1.61031,0.242166,0.867497,0.66528,12.849,1,0.515674,0.36288,0,139.748,4.30196,135.293,0.84672,12.849,0.84672,3695.15,0,36.966,0.301866,2.04886,2.00622,7.32815,1.07099,10.0104,0.42336,36.966,0.42336,423.524,0,1.02816,0,0,3.07702,2.04886,1.028160,1,0,146.171,0,0,0,146.171,0
68.1964,2.65122,0,0,4.41322,0.245346,0.36288,3.6288,61.308,0.500736,0,0,1.82559,0.242166,1.08269,0.66528,12.849,1,0.508117,0.36288,0,112.542,4.30196,108.095,0.84672,12.849,0.84672,3695.15,0,36.966,0.301922,4.53127,2.00639,11.2891,1.07099,16.4538,0.42336,36.966,0.42336,423.524,0,1.02816,0,0,5.55943,4.53127,1.028160,1,0,125.631,0,0,0,125.631,0
69.2268,2.65867,0,0,4.30429,0.252283,0.36288,3.6288,61.308,0.500829,0,0,1.60245,0.244932,0.856691,0.66528,12.849,1,0.500924,0.36288,0,121.713,4.34886,117.227,0.84672,12.849,0.84672,3695.15,0,36.966,0.301978,3.6701,2.00655,9.56728,1.09253,13.8494,0.42336,36.966,0.42336,423.524,0,1.02816,0,0,4.69826,3.6701,1.028160,1,0,131.933,0,0,0,131.933,0
72.29,2.74866,0,0,8.04905,0.282746,1.95449,3.6288,61.308,0.537855,0,0,1.68096,0.261527,0.881576,0.66528,12.849,1,0.510171,1.95449,0,186.159,4.63029,182.973,0.84672,12.849,0.84672,3695.15,0,36.966,0.324303,1.82067,2.00671,10.8129,1.22176,13.0942,0.42336,36.966,0.42336,423.524,0,1.02816,0,0,2.84883,1.82067,1.028160,1,0,196.949,0,0,0,196.949,0
71.6883,2.76722,0,0,2.81789,0.289474,0.36288,3.6288,61.308,0.537942,0,0,1.31067,0.261527,0.511196,0.66528,12.849,1,0.491852,0.36288,0,82.5215,4.63029,77.7622,0.84672,12.849,0.84672,3695.15,0,36.966,0.324355,0.996918,2.07116,3.8475,1.22176,5.36947,0.42336,36.966,0.42336,423.524,0,1.02816,0,0,2.02508,0.996918,1.028160,1,0,83.6429,0,0,0,83.6429,0
72.29,2.76392,0,0,5.39221,0.28015,1.74645,3.6288,61.308,0.538029,0,0,2.42696,0.25671,1.63222,0.66528,12.849,1,0.49539,1.74645,0,136.434,4.34556,133.34,0.84672,12.849,0.84672,3695.15,0,36.966,0.324408,2.86499,2.07132,7.33572,1.16343,10.7842,0.42336,36.966,0.42336,423.524,0,1.02816,0,0,3.89315,2.86499,1.028160,1,0,145.756,0,0,0,145.756,0
72.29,2.76763,0,0,8.74585,0.261337,5.71688,3.6288,61.308,0.538117,0,0,4.18457,0.244667,3.40179,0.66528,12.849,1,0.491925,5.71688,0,206.814,3.63374,208.405,0.84672,12.849,0.84672,3695.15,0,36.966,0.32446,5.84149,2.07147,14.9266,1.0176,21.4975,0.42336,36.966,0.42336,423.524,0,1.02816,0,0,6.86965,5.84149,1.028160,1,0,233.304,0,0,0,233.304,0
72.29,2.98061,0,0,5.26601,0.307389,1.97801,3.6288,61.308,0.652084,0,0,2.47538,0.249491,1.57381,0.66528,12.849,1,0.529781,1.97801,0,127.829,4.26928,125.008,0.84672,12.849,0.84672,3695.15,0,36.966,0.393178,3.21031,2.07162,6.78959,1.04223,10.6361,0.42336,36.966,0.42336,423.524,0,1.02816,0,0,4.23847,3.21031,1.028160,1,0,137.218,0,0,0,137.218,0
72.29,2.98083,0,0,5.16476,0.32581,1.85812,3.6288,61.308,0.65218,0,0,2.11129,0.251421,1.20769,0.66528,12.849,1,0.529821,1.85812,0,137.079,4.5235,133.884,0.84672,12.849,0.84672,3695.15,0,36.966,0.393235,3.08829,2.25977,6.53915,1.05208,10.4419,0.42336,36.966,0.42336,423.524,0,1.02816,0,0,4.11645,3.08829,1.028160,1,0,145.533,0,0,0,145.533,0
72.29,2.98105,0,0,6.44166,0.331348,3.12925,3.6288,61.308,0.652275,0,0,2.42318,0.21596,1.55495,0.66528,12.849,1,0.52986,3.12925,0,131.433,4.20865,129.824,0.84672,12.849,0.84672,3695.15,0,36.966,0.393293,3.58036,2.25994,6.98238,0.907507,11.5219,0.42336,36.966,0.42336,423.524,0,1.02816,0,0,4.60852,3.58036,1.028160,1,0,142.901,0,0,0,142.901,0
72.29,2.98127,0,0,4.87541,0.366478,1.52765,3.6288,61.308,0.652371,0,0,1.93505,0.222616,1.06007,0.66528,12.849,1,0.529899,1.52765,0,142.298,4.16294,139.133,0.84672,12.849,0.84672,3695.15,0,36.966,0.393351,2.77887,2.26011,5.90484,0.9296,9.62087,0.42336,36.966,0.42336,423.524,0,1.02816,0,0,3.80703,2.77887,1.028160,1,0,149.814,0,0,0,149.814,0
72.29,2.65353,0,0,6.17777,0.331862,3.19238,3.6288,61.308,0.491103,0,0,1.8472,0.214934,1.14116,0.66528,12.849,1,0.471644,3.19238,0,112.85,4.13841,111.432,0.84672,12.849,0.84672,3695.15,0,36.966,0.296113,3.35851,2.26027,7.44231,0.93779,11.8272,0.42336,36.966,0.42336,423.524,0,1.02816,0,0,4.38667,3.35851,1.028160,1,0,124.4,0,0,0,124.4,0
72.29,2.65372,0,0,5.47702,0.318015,2.50528,3.6288,61.308,0.491187,0,0,1.46624,0.211861,0.763189,0.66528,12.849,1,0.471679,2.50528,0,96.1528,4.1286,94.0578,0.84672,12.849,0.84672,3695.15,0,36.966,0.296164,2.59232,1.98822,6.75128,0.941066,10.0946,0.42336,36.966,0.42336,423.524,0,1.02816,0,0,3.62048,2.59232,1.028160,1,0,104.916,0,0,0,104.916,0
72.29,2.65392,0,0,5.90842,0.318015,2.93649,3.6288,61.308,0.491271,0,0,1.74354,0.211861,1.04041,0.66528,12.849,1,0.471714,2.93649,0,108.91,4.1286,107.246,0.84672,12.849,0.84672,3695.15,0,36.966,0.296214,2.73929,1.98836,5.49006,0.941066,8.98043,0.42336,36.966,0.42336,423.524,0,1.02816,0,0,3.76745,2.73929,1.028160,1,0,117.267,0,0,0,117.267,0
72.29,2.65412,0,0,9.20506,0.315284,6.23566,3.6288,61.308,0.491355,0,0,2.70702,0.188953,2.02672,0.66528,12.849,1,0.471749,6.23566,0,201.353,3.76998,203.347,0.84672,12.849,0.84672,3695.15,0,36.966,0.296265,6.20313,1.98851,11.5743,0.879646,18.59,0.42336,36.966,0.42336,423.524,0,1.02816,0,0,7.23129,6.20313,1.028160,1,0,223.964,0,0,0,223.964,0
72.29,2.40446,0,0,7.94561,0.311791,5.22936,3.6288,61.308,0.384804,0,0,1.87675,0.184811,1.30714,0.66528,12.849,1,0.427375,5.22936,0,185.46,3.65476,186.607,0.84672,12.849,0.84672,3695.15,0,36.966,0.232019,4.30722,1.98866,7.54956,0.89351,12.7199,0.42336,36.966,0.42336,423.524,0,1.02816,0,0,5.33538,4.30722,1.028160,1,0,200.634,0,0,0,200.634,0
72.29,2.4925,0,0,6.30841,0.270296,3.54561,3.6288,61.308,0.426156,0,0,1.26136,0.198308,0.636891,0.66528,12.849,1,0.443023,3.54561,0,113.676,4.09395,112.684,0.84672,12.849,0.84672,3695.15,0,36.966,0.256953,2.42753,1.8016,5.75123,0.940468,8.78294,0.42336,36.966,0.42336,423.524,0,1.02816,0,0,3.45569,2.42753,1.028160,1,0,122.104,0,0,0,122.104,0
72.29,2.49269,0,0,5.124,0.263982,2.36734,3.6288,61.308,0.426235,0,0,1.21917,0.195124,0.597814,0.66528,12.849,1,0.443056,2.36734,0,139.606,4.10308,137.427,0.84672,12.849,0.84672,3695.15,0,36.966,0.257001,2.23908,1.87224,5.28104,0.923324,8.21205,0.42336,36.966,0.42336,423.524,0,1.02816,0,0,3.26724,2.23908,1.028160,1,0,146.237,0,0,0,146.237,0
72.29,2.49287,0,0,4.07303,0.263982,1.31617,3.6288,61.308,0.426314,0,0,1.04183,0.195124,0.42039,0.66528,12.849,1,0.443089,1.31617,0,96.876,4.10308,93.646,0.84672,12.849,0.84672,3695.15,0,36.966,0.257049,1.92688,1.87238,4.49391,0.923324,7.11279,0.42336,36.966,0.42336,423.524,0,1.02816,0,0,2.95504,1.92688,1.028160,1,0,101.179,0,0,0,101.179,0
72.29,2.49306,0,0,3.41971,0.262138,0.664519,3.6288,61.308,0.426393,0,0,0.894027,0.155829,0.311805,0.66528,12.849,1,0.443122,0.664519,0,76.2394,3.46779,72.993,0.84672,12.849,0.84672,3695.15,0,36.966,0.257096,1.63619,1.87252,3.90979,0.926076,6.23533,0.42336,36.966,0.42336,423.524,0,1.02816,0,0,2.66435,1.63619,1.028160,1,0,79.5401,0,0,0,79.5401,0
72.29,2.71438,0,0,4.00176,0.225686,1.0617,3.6288,61.308,0.519734,0,0,0.848211,0.214979,0.113498,0.66528,12.849,1,0.48246,1.0617,0,88.6464,4.51741,84.7082,0.84672,12.849,0.84672,3695.15,0,36.966,0.313377,1.17823,1.87266,3.98234,1.06814,5.65171,0.42336,36.966,0.42336,423.524,0,1.02816,0,0,2.20639,1.17823,1.028160,1,0,90.4734,0,0,0,90.4734,0
72.29,2.71458,0,0,4.01398,0.225686,1.07371,3.6288,61.308,0.51982,0,0,0.796387,0.214979,0.0615878,0.66528,12.849,1,0.482496,1.07371,0,80.9767,4.51741,77.0505,0.84672,12.849,0.84672,3695.15,0,36.966,0.313429,1.0261,2.03711,3.87217,1.06814,5.5538,0.42336,36.966,0.42336,423.524,0,1.02816,0,0,2.05426,1.0261,1.028160,1,0,82.6659,0,0,0,82.6659,0
72.29,2.71478,0,0,3.40556,0.167445,0.523333,3.6288,61.2369,0.519906,0,0,0.692479,0.243698,0,0.66528,12.849,1,0.482532,0.523333,0,74.8656,4.42479,70.4816,0.84672,12.849,0.84672,3695.15,0,36.966,0.31348,1.35451,2.03726,3.44255,1.01696,5.50387,0.42336,36.966,0.42336,423.524,0,1.02816,0,0,2.38267,1.35451,1.028160,1,0,75.9855,0,0,0,75.9855,0
71.9827,2.71498,0,0,2.9147,0.144148,0.36288,3.6288,61.119,0.519765,0,0,0.656989,0.255071,0,0.66528,12.849,1,0.482568,0.36288,0,53.1141,4.38774,48.6066,0.84672,12.849,0.84672,3695.15,0,36.966,0.313759,1.2686,2.03741,3.1392,0.996493,5.13496,0.42336,36.966,0.42336,423.524,0,1.02816,0,0,2.29676,1.2686,1.028160,1,0,53.7416,0,0,0,53.7416,0
72.0422,2.57462,0,0,3.13323,0.136255,0.36288,3.6288,61.0901,0.46709,0,0,0.711012,0.272863,0,0.66528,12.849,1,0.459573,0.36288,0,54.106,4.67915,49.3302,0.84672,12.849,0.84672,3695.15,0,36.966,0.282505,1.24109,2.03756,3.22614,1.14176,5.08053,0.42336,36.966,0.42336,423.524,0,1.02816,0,0,2.26925,1.24109,1.028160,1,0,54.4107,0,0,0,54.4107,0
72.1301,2.7892,0,0,3.3522,0.112161,0.36288,3.6288,60.9629,0.559165,0,0,0.731333,0.299309,0,0.66528,12.849,1,0.497465,0.36288,0,63.6828,4.96273,58.5855,0.84672,12.849,0.84672,3695.15,0,36.966,0.338354,0.988822,1.9421,3.41645,1.29261,4.71641,0.42336,36.966,0.42336,423.524,0,1.02816,0,0,2.01698,0.988822,1.028160,1,0,63.3019,0,0,0,63.3019,0
72.0097,2.78992,0,0,3.1087,0.0763206,0.36288,3.6288,60.7869,0.558815,0,0,0.672173,0.289421,0,0.66528,12.849,1,0.496987,0.36288,0,61.3433,5.04367,56.1655,0.84672,12.849,0.84672,3695.15,0,36.966,0.338847,0.74774,2.1037,3.18204,1.26379,4.43084,0.42336,36.966,0.42336,423.524,0,1.02816,0,0,1.7759,0.74774,1.028160,1,0,60.5964,0,0,0,60.5964,0
71.7169,2.78942,0,0,2.93572,0.0762508,0.36288,3.6288,60.6146,0.558293,0,0,0.675097,0.289098,0,0.66528,12.849,1,0.497729,0.36288,0,52.7646,5.04367,47.586,0.84672,12.849,0.84672,3695.15,0,36.966,0.339512,0.937362,2.10386,2.89523,1.26379,4.33314,0.42336,36.966,0.42336,423.524,0,1.02816,0,0,1.96552,0.937362,1.028160,1,0,51.9192,0,0,0,51.9192,0
71.123,2.78791,0,0,2.64931,0.0923774,0.36288,3.6288,60.3961,0.557782,0,0,0.62406,0.284726,0,0.66528,12.849,1,0.49949,0.36288,0,46.9717,5.13256,41.7025,0.84672,12.849,0.84672,3695.15,0,36.966,0.340165,0.919236,2.10401,2.63558,1.25147,4.06719,0.42336,36.966,0.42336,423.524,0,1.02816,0,0,1.9474,0.919236,1.028160,1,0,45.7697,0,0,0,45.7697,0
69.9704,2.75964,0,0,2.08562,0.115739,0.36288,3.6288,60.0229,0.590793,0,0,0.515222,0.297649,0,0.66528,12.849,1,0.498554,0.36288,0,41.4761,5.38011,35.9603,0.84672,12.849,0.84672,3695.15,0,36.966,0.3616,0.913239,2.10417,2.32416,1.29876,3.68121,0.42336,36.966,0.42336,423.524,0,1.02816,0,0,1.9414,0.913239,1.028160,1,0,39.6415,0,0,0,39.6415,0
68.732,2.75291,0,0,1.97967,0.102246,0.36288,3.6288,59.6168,0.589492,0,0,0.49782,0.314483,0,0.66528,12.849,1,0.50553,0.36288,0,38.7446,5.3991,33.2029,0.84672,12.849,0.84672,3695.15,0,36.966,0.363047,0.846876,2.14076,2.34165,1.35734,3.6089,0.42336,36.966,0.42336,423.524,0,1.02816,0,0,1.87504,0.846876,1.028160,1,0,36.8118,0,0,0,36.8118,0
67.3805,2.74544,0,0,1.85805,0.101268,0.36288,3.6288,59.1531,0.588056,0,0,0.438105,0.313669,0,0.66528,12.849,1,0.513241,0.36288,0,35.4015,5.3991,29.852,0.84672,12.849,0.84672,3695.15,0,36.966,0.36463,0.777505,2.14092,2.22228,1.35734,3.41873,0.42336,36.966,0.42336,423.524,0,1.02816,0,0,1.80567,0.777505,1.028160,1,0,33.2707,0,0,0,33.2707,0
65.9206,2.73699,0,0,1.74022,0.100201,0.36288,3.6288,58.6625,0.586387,0,0,0.408478,0.312739,0,0.66528,12.849,1,0.521926,0.36288,0,33.8771,5.3991,28.3189,0.84672,12.849,0.84672,3695.15,0,36.966,0.366445,0.677903,2.14108,2.10341,1.35734,3.1986,0.42336,36.966,0.42336,423.524,0,1.02816,0,0,1.70606,0.677903,1.028160,1,0,31.5176,0,0,0,31.5176,0
64.2847,2.79118,0,0,1.61452,0.0963813,0.36288,3.6288,58.1908,0.614294,0,0,0.454565,0.311982,0,0.66528,12.849,1,0.544046,0.36288,0,33.2644,5.71896,27.3643,0.84672,12.849,0.84672,3695.15,0,36.966,0.387095,0.523765,2.14124,1.95635,1.38824,2.84601,0.42336,36.966,0.42336,423.524,0,1.02816,0,0,1.55193,0.523765,1.028160,1,0,30.2103,0,0,0,30.2103,0
62.5347,2.77984,0,0,1.48738,0.0946856,0.36288,3.6288,57.6657,0.612467,0,0,0.398458,0.311073,0,0.66528,12.849,1,0.555625,0.36288,0,28.4441,5.77227,22.4791,0.84672,12.849,0.84672,3695.15,0,36.966,0.389073,0.61744,2.19305,1.99336,1.39339,3.02139,0.42336,36.966,0.42336,423.524,0,1.02816,0,0,1.6456,0.61744,1.028160,1,0,25.5005,0,0,0,25.5005,0
60.7017,2.76715,0,0,1.39041,0.093347,0.36288,3.6288,57.1139,0.610399,0,0,0.36865,0.31002,0,0.66528,12.849,1,0.568566,0.36288,0,27.0462,5.77227,21.0683,0.84672,12.849,0.84672,3695.15,0,36.966,0.39129,0.475839,2.19321,1.74911,1.39339,2.63347,0.42336,36.966,0.42336,423.524,0,1.02816,0,0,1.504,0.475839,1.028160,1,0,23.7017,0,0,0,23.7017,0
58.8654,2.75318,0,0,1.37173,0.0919449,0.36288,3.6288,56.5957,0.608196,0,0,0.398855,0.308913,0,0.66528,12.849,1,0.582779,0.36288,0,25.0963,5.77227,19.1041,0.84672,12.849,0.84672,3695.15,0,36.966,0.393644,0.577204,2.19337,1.97803,1.39339,2.96157,0.42336,36.966,0.42336,423.524,0,1.02816,0,0,1.60536,0.577204,1.028160,1,0,22.0657,0,0,0,22.0657,0
56.903,2.92135,0,0,1.40487,0.0830837,0.36288,3.6288,56.0646,0.66528,0,0,0.434492,0.300281,0,0.66528,12.849,1,0.637666,0.36288,0,26.2189,6.04944,19.8947,0.84672,12.849,0.84672,3695.15,0,36.966,0.42336,0.718727,2.19354,2.42512,1.50384,3.41018,0.42336,36.966,0.42336,423.524,0,1.02816,0,0,1.74689,0.718727,1.028160,1,0,23.3049,0,0,0,23.3049,0
54.6986,2.90363,0,0,1.15474,0.0925481,0.36288,3.6288,55.5111,0.66528,0,0,0.414901,0.303121,0,0.66528,12.849,1,0.655655,0.36288,0,25.4424,6.08884,19.0608,0.84672,12.849,0.84672,3695.15,0,36.966,0.42336,0.712342,2.3024,2.16021,1.56506,3.18654,0.42336,36.966,0.42336,423.524,0,1.02816,0,0,1.7405,0.712342,1.028160,1,0,22.2473,0,0,0,22.2473,0
52.5416,2.88245,0,0,1.17885,0.0905376,0.36288,3.6288,54.9412,0.66528,0,0,0.397359,0.302024,0,0.66528,12.849,1,0.677102,0.36288,0,23.4731,6.08884,17.07,0.84672,12.849,0.84672,3695.15,0,36.966,0.42336,0.641503,2.30245,2.2146,1.56506,3.17014,0.42336,36.966,0.42336,423.524,0,1.02816,0,0,1.66966,0.641503,1.028160,1,0,20.2401,0,0,0,20.2401,0
50.9824,2.86032,0,0,1.7568,0.0928551,0.36288,3.6288,54.4465,0.66528,0,0,0.470422,0.299865,0,0.66528,12.849,1,0.699489,0.36288,0,30.2161,6.05916,23.8203,0.84672,12.849,0.84672,3695.15,0,36.966,0.42336,0.983327,2.3025,2.42714,1.56141,3.72819,0.42336,36.966,0.42336,423.524,0,1.02816,0,0,2.01149,0.983327,1.028160,1,0,27.5485,0,0,0,27.5485,0
50.1852,2.84345,0,0,2.51258,0.103405,0.36288,3.6288,54.1206,0.66528,0,0,0.63082,0.291365,0,0.66528,12.849,1,0.716629,0.36288,0,44.2476,5.94966,37.9442,0.84672,12.849,0.84672,3695.15,0,36.966,0.42336,1.2005,2.30255,3.16847,1.55031,4.69785,0.42336,36.966,0.42336,423.524,0,1.02816,0,0,2.22866,1.2005,1.028160,1,0,42.642,0,0,0,42.642,0
49.3386,2.74811,0,0,2.34089,0.0765358,0.36288,3.6288,53.9878,0.648105,0,0,0.790607,0.275288,0,0.66528,12.849,1,0.703602,0.36288,0,43.2107,5.66102,37.209,0.84672,12.849,0.84672,3695.15,0,36.966,0.42336,1.96897,2.3026,5.49784,1.56508,7.78096,0.42336,36.966,0.42336,423.524,0,1.02816,0,0,2.99713,1.96897,1.028160,1,0,44.9899,0,0,0,44.9899,0
49.2139,2.73873,0,0,3.08526,0.1083,0.36288,3.6288,53.922,0.64826,0,0,0.831182,0.24872,0,0.66528,12.849,1,0.713233,0.36288,0,43.6991,5.44016,37.9086,0.84672,12.849,0.84672,3695.15,0,36.966,0.42336,2.18058,2.26902,4.42195,1.48922,6.95897,0.42336,36.966,0.42336,423.524,0,1.02816,0,0,3.20874,2.18058,1.028160,1,0,44.8676,0,0,0,44.8676,0
50.4083,2.7375,0,0,4.40288,0.108155,0.36288,3.6288,54.393,0.648415,0,0,1.368,0.248612,0,0.66528,12.849,1,0.714719,0.36288,0,80.8315,5.44016,75.0395,0.84672,12.849,0.84672,3695.15,0,36.966,0.42336,4.38948,2.26919,8.28984,1.48922,13.0359,0.42336,36.966,0.42336,423.524,0,1.02816,0,0,5.41764,4.38948,1.028160,1,0,88.0755,0,0,0,88.0755,0
50.8648,2.7512,0,0,3.6949,0.12432,0.36288,3.6288,54.5451,0.648571,0,0,1.04458,0.243965,0,0.66528,12.849,1,0.701276,0.36288,0,108.206,5.42715,102.441,0.84672,12.849,0.84672,3695.15,0,36.966,0.42336,3.07486,2.26936,5.46513,1.49506,8.89093,0.42336,36.966,0.42336,423.524,0,1.02816,0,0,4.10302,3.07486,1.028160,1,0,111.332,0,0,0,111.332,0
52.1235,2.68522,0,0,4.49658,0.18981,0.36288,3.6288,54.5695,0.581418,0,0,0.800907,0.195059,0,0.66528,12.849,1,0.678316,0.36288,0,77.8723,4.53702,73.0199,0.84672,12.849,0.84672,3695.15,0,36.966,0.394036,2.01936,2.26952,4.61454,1.10571,7.40367,0.42336,36.966,0.42336,423.524,0,1.02816,0,0,3.04752,2.01936,1.028160,1,0,80.4235,0,0,0,80.4235,0
53.6309,2.69856,0,0,4.75138,0.182491,0.36288,3.6288,54.5935,0.581612,0,0,0.794127,0.188458,0,0.66528,12.849,1,0.665225,0.36288,0,84.936,4.21218,80.4214,0.84672,12.849,0.84672,3695.15,0,36.966,0.39399,2.03376,2.17832,5.27353,0.935958,8.15566,0.42336,36.966,0.42336,423.524,0,1.02816,0,0,3.06192,2.03376,1.028160,1,0,88.5771,0,0,0,88.5771,0
55.9574,2.71385,0,0,5.58855,0.185336,0.36288,3.6288,55.122,0.581804,0,0,1.29875,0.188488,0,0.66528,12.849,1,0.650189,0.36288,0,100.12,4.21218,95.6208,0.84672,12.849,0.84672,3695.15,0,36.966,0.393947,3.03362,2.17848,6.54013,0.935958,10.4223,0.42336,36.966,0.42336,423.524,0,1.02816,0,0,4.06178,3.03362,1.028160,1,0,106.043,0,0,0,106.043,0
58.1903,2.73603,0,0,5.53008,0.198276,0.36288,3.6288,55.418,0.584153,0,0,1.0487,0.168503,0,0.66528,12.849,1,0.628251,0.36288,0,100.321,4.22232,95.8331,0.84672,12.849,0.84672,3695.15,0,36.966,0.391746,2.78002,2.17864,7.32784,0.999117,10.8956,0.42336,36.966,0.42336,423.524,0,1.02816,0,0,3.80818,2.78002,1.028160,1,0,106.729,0,0,0,106.729,0
59.494,2.59732,0,0,4.49159,0.227676,0.36288,3.6288,55.6763,0.485486,0,0,0.924338,0.180603,0,0.66528,12.849,1,0.573515,0.36288,0,80.9084,4.16474,76.533,0.84672,12.849,0.84672,3695.15,0,36.966,0.323838,1.97254,2.1788,5.01376,0.996264,7.845,0.42336,36.966,0.42336,423.524,0,1.02816,0,0,3.0007,1.97254,1.028160,1,0,84.378,0,0,0,84.378,0
60.0557,2.60785,0,0,3.7689,0.23648,0.36288,3.6288,55.8405,0.48647,0,0,0.830897,0.18024,0,0.66528,12.849,1,0.563221,0.36288,0,68.5903,4.01554,64.3744,0.84672,12.849,0.84672,3695.15,0,36.966,0.322989,1.58255,2.01385,3.59261,1.06127,5.80475,0.42336,36.966,0.42336,423.524,0,1.02816,0,0,2.61071,1.58255,1.028160,1,0,70.1791,0,0,0,70.1791,0
59.8039,2.61238,0,0,2.9907,0.267224,0.36288,3.6288,55.9649,0.487123,0,0,0.804951,0.193385,0,0.66528,12.849,1,0.558923,0.36288,0,52.0656,4.08964,47.7799,0.84672,12.849,0.84672,3695.15,0,36.966,0.322472,1.51564,2.014,3.24317,1.00299,5.44735,0.42336,36.966,0.42336,423.524,0,1.02816,0,0,2.5438,1.51564,1.028160,1,0,53.2273,0,0,0,53.2273,0
61.046,2.61064,0,0,4.4822,0.266581,0.36288,3.6288,56.5409,0.487637,0,0,1.25715,0.193543,0,0.66528,12.849,1,0.560902,0.36288,0,83.6342,4.08964,79.3465,0.84672,12.849,0.84672,3695.15,0,36.966,0.322094,3.58389,2.01415,4.95881,1.00299,9.23177,0.42336,36.966,0.42336,423.524,0,1.02816,0,0,4.61205,3.58389,1.028160,1,0,88.5783,0,0,0,88.5783,0
69.0622,2.62026,0,0,11.2689,0.26952,0.36288,3.6288,59.3325,0.489703,0,0,3.47559,0.194272,0,0.66528,12.849,1,0.551515,0.36288,0,220.36,4.08964,216.081,0.84672,12.849,0.84672,3695.15,0,36.966,0.320164,2.84703,2.0143,9.92705,1.00299,13.4652,0.42336,36.966,0.42336,423.524,0,1.02816,0,0,3.87519,2.84703,1.028160,1,0,229.547,0,0,0,229.547,0
72.29,2.75821,0,0,9.30919,0.270186,3.05299,3.6288,60.8,0.535684,0,0,2.23494,0.231752,0,0.66528,12.849,1,0.513164,3.05299,0,155.12,4.06255,153.597,0.84672,12.849,0.84672,3695.15,0,36.966,0.333748,6.24078,2.01445,14.2779,1.15297,21.0464,0.42336,36.966,0.42336,423.524,0,1.02816,0,0,7.26894,6.24078,1.028160,1,0,174.644,0,0,0,174.644,0
72.29,2.77785,0,0,4.98226,0.276969,1.92745,3.6288,61.308,0.540772,0,0,1.6758,0.23393,0.393105,0.66528,12.849,1,0.493741,1.92745,0,110.632,4.06255,108.003,0.84672,12.849,0.84672,3695.15,0,36.966,0.328786,3.63454,2.07913,12.6251,1.15297,16.857,0.42336,36.966,0.42336,423.524,0,1.02816,0,0,4.6627,3.63454,1.028160,1,0,125.253,0,0,0,125.253,0
72.29,2.77803,0,0,7.041,0.276969,3.98599,3.6288,61.308,0.542551,0,0,3.02606,0.234683,2.24883,0.66528,12.849,1,0.493774,3.98599,0,131.577,4.06255,131.006,0.84672,12.849,0.84672,3695.15,0,36.966,0.327134,4.88771,2.07927,16.8491,1.15297,22.336,0.42336,36.966,0.42336,423.524,0,1.02816,0,0,5.91587,4.88771,1.028160,1,0,155.591,0,0,0,155.591,0
72.29,2.77822,0,0,4.85056,0.307403,1.76495,3.6288,61.308,0.542629,0,0,2.04244,0.209445,1.29036,0.66528,12.849,1,0.493807,1.76495,0,180.332,3.91275,177.691,0.84672,12.849,0.84672,3695.15,0,36.966,0.327181,3.63863,2.07941,8.74867,1.20009,12.9394,0.42336,36.966,0.42336,423.524,0,1.02816,0,0,4.66679,3.63863,1.028160,1,0,191.921,0,0,0,191.921,0
72.29,2.99199,0,0,4.31837,0.28574,1.04063,3.6288,61.308,0.657023,0,0,2.90257,0.228117,2.01743,0.66528,12.849,1,0.531804,1.04063,0,126.169,3.76488,122.913,0.84672,12.849,0.84672,3695.15,0,36.966,0.396155,4.27247,2.07955,11.2512,1.03436,16.1727,0.42336,36.966,0.42336,423.524,0,1.02816,0,0,5.30063,4.27247,1.028160,1,0,141.103,0,0,0,141.103,0
72.29,2.99219,0,0,6.02436,0.236437,2.79573,3.6288,61.308,0.657109,0,0,3.12065,0.281055,2.18249,0.66528,12.849,1,0.53184,2.79573,0,155.234,4.0233,153.475,0.84672,12.849,0.84672,3695.15,0,36.966,0.396208,4.80941,2.2684,16.3619,1.18767,21.8558,0.42336,36.966,0.42336,423.524,0,1.02816,0,0,5.83757,4.80941,1.028160,1,0,177.513,0,0,0,177.513,0
72.29,2.99239,0,0,5.84374,0.220212,2.63114,3.6288,61.308,0.657196,0,0,2.52686,0.259107,1.61056,0.66528,12.849,1,0.531875,2.63114,0,167.521,3.64539,165.975,0.84672,12.849,0.84672,3695.15,0,36.966,0.39626,5.67354,2.26855,14.7148,1.12033,21.1403,0.42336,36.966,0.42336,423.524,0,1.02816,0,0,6.7017,5.67354,1.028160,1,0,188.726,0,0,0,188.726,0
72.29,2.99259,0,0,7.75735,0.220212,4.54454,3.6288,61.308,0.657282,0,0,2.6184,0.259107,1.70201,0.66528,12.849,1,0.53191,4.54454,0,225.857,3.64539,226.224,0.84672,12.849,0.84672,3695.15,0,36.966,0.396312,5.91765,2.2687,15.7078,1.12033,22.3775,0.42336,36.966,0.42336,423.524,0,1.02816,0,0,6.94581,5.91765,1.028160,1,0,250.303,0,0,0,250.303,0
72.29,2.66358,0,0,4.73541,0.288703,1.78313,3.6288,61.308,0.495393,0,0,1.79785,0.246114,1.05634,0.66528,12.849,1,0.473431,1.78313,0,128.512,3.58011,126.242,0.84672,12.849,0.84672,3695.15,0,36.966,0.2987,3.95099,2.26885,10.1624,1.02184,15.0617,0.42336,36.966,0.42336,423.524,0,1.02816,0,0,4.97915,3.95099,1.028160,1,0,142.36,0,0,0,142.36,0
72.29,2.66376,0,0,3.91233,0.340072,0.908503,3.6288,61.308,0.495469,0,0,1.21469,0.23637,0.482855,0.66528,12.849,1,0.473462,0.908503,0,106.708,3.53115,103.612,0.84672,12.849,0.84672,3695.15,0,36.966,0.298746,3.42642,1.99575,7.94132,0.947967,12.1168,0.42336,36.966,0.42336,423.524,0,1.02816,0,0,4.45458,3.42642,1.028160,1,0,116.212,0,0,0,116.212,0
72.29,2.66393,0,0,3.56333,0.328743,0.570658,3.6288,61.308,0.495544,0,0,1.00874,0.230354,0.28284,0.66528,12.849,1,0.473494,0.570658,0,121.947,3.44396,118.6,0.84672,12.849,0.84672,3695.15,0,36.966,0.298791,2.78159,1.99588,6.78114,0.935442,10.3244,0.42336,36.966,0.42336,423.524,0,1.02816,0,0,3.80975,2.78159,1.028160,1,0,129.207,0,0,0,129.207,0
72.29,2.61396,0,0,4.3605,0.267335,1.4792,3.6288,61.308,0.474214,0,0,1.93747,0.213169,1.25009,0.66528,12.849,1,0.464611,1.4792,0,116.602,3.22334,114.393,0.84672,12.849,0.84672,3695.15,0,36.966,0.28593,5.05562,1.99601,9.83778,0.922082,15.6814,0.42336,36.966,0.42336,423.524,0,1.02816,0,0,6.08378,5.05562,1.028160,1,0,131.325,0,0,0,131.325,0
72.29,2.4135,0,0,6.43352,0.28119,3.73883,3.6288,61.308,0.38866,0,0,2.73665,0.217647,2.13035,0.66528,12.849,1,0.428981,3.73883,0,120.979,3.98819,120.301,0.84672,12.849,0.84672,3695.15,0,36.966,0.234345,6.21982,1.95857,14.0834,0.941535,21.0859,0.42336,36.966,0.42336,423.524,0,1.02816,0,0,7.24798,6.21982,1.028160,1,0,143.517,0,0,0,143.517,0
72.29,2.50185,0,0,4.48567,0.296548,1.68727,3.6288,61.308,0.43016,0,0,1.54031,0.187251,0.922901,0.66528,12.849,1,0.444685,1.68727,0,123.695,4.36663,120.571,0.84672,12.849,0.84672,3695.15,0,36.966,0.259368,4.36608,1.80837,10.9501,1.01625,15.8489,0.42336,36.966,0.42336,423.524,0,1.02816,0,0,5.39424,4.36608,1.028160,1,0,137.342,0,0,0,137.342,0
72.29,2.50202,0,0,4.51713,0.296548,1.71857,3.6288,61.308,0.430232,0,0,1.70546,0.187251,1.08798,0.66528,12.849,1,0.444715,1.71857,0,124.363,4.36663,121.271,0.84672,12.849,0.84672,3695.15,0,36.966,0.259411,5.3754,1.87927,11.7759,1.01625,17.7549,0.42336,36.966,0.42336,423.524,0,1.02816,0,0,6.40356,5.3754,1.028160,1,0,140.113,0,0,0,140.113,0
72.29,2.50218,0,0,3.33225,0.296548,0.533518,3.6288,61.308,0.430303,0,0,1.26547,0.187251,0.647918,0.66528,12.849,1,0.444744,0.533518,0,89.2944,4.36663,85.0165,0.84672,12.849,0.84672,3695.15,0,36.966,0.259454,3.16779,1.87939,8.34334,1.01625,12.1148,0.42336,36.966,0.42336,423.524,0,1.02816,0,0,4.19595,3.16779,1.028160,1,0,97.7793,0,0,0,97.7793,0
72.1045,2.50235,0,0,2.94408,0.264371,0.36288,3.6288,61.308,0.430374,0,0,1.05778,0.200708,0.426703,0.66528,12.849,1,0.444774,0.36288,0,78.281,4.47884,73.7203,0.84672,12.849,0.84672,3695.15,0,36.966,0.259497,2.77188,1.87952,7.21074,1.03036,10.5723,0.42336,36.966,0.42336,423.524,0,1.02816,0,0,3.80004,2.77188,1.028160,1,0,84.7192,0,0,0,84.7192,0
71.4113,2.46707,0,0,2.35605,0.219245,0.36288,3.6288,61.308,0.41435,0,0,0.856563,0.214383,0.227831,0.66528,12.849,1,0.439631,0.36288,0,56.1513,3.74838,52.3261,0.84672,12.849,0.84672,3695.15,0,36.966,0.249834,1.7257,1.87964,4.99209,1.10583,7.24177,0.42336,36.966,0.42336,423.524,0,1.02816,0,0,2.75386,1.7257,1.028160,1,0,59.7957,0,0,0,59.7957,0
70.4352,2.46361,0,0,2.05514,0.204812,0.36288,3.6288,61.308,0.41442,0,0,0.900601,0.21665,0.269531,0.66528,12.849,1,0.443277,0.36288,0,49.8291,3.58575,46.163,0.84672,12.849,0.84672,3695.15,0,36.966,0.249877,1.74005,1.85222,4.74927,1.12014,6.97152,0.42336,36.966,0.42336,423.524,0,1.02816,0,0,2.76821,1.74005,1.028160,1,0,53.404,0,0,0,53.404,0
69.5569,2.45858,0,0,2.14646,0.203285,0.36288,3.6288,61.308,0.41449,0,0,0.771447,0.21665,0.140307,0.66528,12.849,1,0.448502,0.36288,0,49.4196,3.58575,45.7482,0.84672,12.849,0.84672,3695.15,0,36.966,0.249919,1.27024,1.85234,5.57275,1.12014,7.32527,0.42336,36.966,0.42336,423.524,0,1.02816,0,0,2.2984,1.27024,1.028160,1,0,53.2138,0,0,0,53.2138,0
68.6715,2.45397,0,0,2.09759,0.166175,0.36288,3.6288,61.308,0.41456,0,0,0.752287,0.234453,0.103273,0.66528,12.849,1,0.453313,0.36288,0,49.134,4.9893,44.0543,0.84672,12.849,0.84672,3695.15,0,36.966,0.249961,1.37303,1.85247,5.03465,1.17548,6.83471,0.42336,36.966,0.42336,423.524,0,1.02816,0,0,2.40119,1.37303,1.028160,1,0,50.9923,0,0,0,50.9923,0
67.5498,2.56539,0,0,1.92058,0.113998,0.36288,3.6288,61.308,0.471726,0,0,0.758207,0.24994,0.0365405,0.66528,12.849,1,0.480005,0.36288,0,40.4814,5.18606,35.1782,0.84672,12.849,0.84672,3695.15,0,36.966,0.28443,1.3776,1.85259,4.74486,1.26057,6.43005,0.42336,36.966,0.42336,423.524,0,1.02816,0,0,2.40576,1.3776,1.028160,1,0,41.6448,0,0,0,41.6448,0
66.3058,2.77158,0,0,1.99519,0.104731,0.36288,3.6288,61.2578,0.56434,0,0,0.76435,0.250258,0,0.66528,12.849,1,0.527196,0.36288,0,48.9838,4.85803,43.9614,0.84672,12.849,0.84672,3695.15,0,36.966,0.340272,1.39759,1.94927,4.9854,1.24342,6.74857,0.42336,36.966,0.42336,423.524,0,1.02816,0,0,2.42575,1.39759,1.028160,1,0,50.71,0,0,0,50.71,0
65.2248,2.55138,0,0,1.93699,0.103706,0.36288,3.6288,61.2389,0.471729,0,0,0.703085,0.250179,0,0.66528,12.849,1,0.494417,0.36288,0,45.7924,4.85803,40.8029,0.84672,12.849,0.84672,3695.15,0,36.966,0.284665,1.14446,2.11145,4.57903,1.24342,6.30686,0.42336,36.966,0.42336,423.524,0,1.02816,0,0,2.17262,1.14446,1.028160,1,0,47.1097,0,0,0,47.1097,0
63.9477,2.54471,0,0,1.71289,0.0823763,0.36288,3.6288,61.1628,0.471748,0,0,0.659923,0.264308,0,0.66528,12.849,1,0.501296,0.36288,0,40.7064,5.01869,35.5493,0.84672,12.849,0.84672,3695.15,0,36.966,0.284764,1.02178,1.94953,4.47156,1.28446,5.87365,0.42336,36.966,0.42336,423.524,0,1.02816,0,0,2.04994,1.02178,1.028160,1,0,41.423,0,0,0,41.423,0
62.5803,2.7474,0,0,1.79736,0.0545355,0.36288,3.6288,60.9592,0.564077,0,0,0.649451,0.288948,0,0.66528,12.849,1,0.552034,0.36288,0,38.9695,5.32413,33.4562,0.84672,12.849,0.84672,3695.15,0,36.966,0.340921,1.05603,1.94966,4.31184,1.35166,5.62496,0.42336,36.966,0.42336,423.524,0,1.02816,0,0,2.08419,1.05603,1.028160,1,0,39.0812,0,0,0,39.0812,0
61.7549,2.71305,0,0,2.30438,0.05378,0.36288,3.6288,60.6677,0.597376,0,0,0.629799,0.323916,0,0.66528,12.849,1,0.557045,0.36288,0,44.9056,5.8716,38.8399,0.84672,12.849,0.84672,3695.15,0,36.966,0.362252,1.17347,2.11187,3.36706,1.42646,4.86369,0.42336,36.966,0.42336,423.524,0,1.02816,0,0,2.20163,1.17347,1.028160,1,0,43.7035,0,0,0,43.7035,0
60.729,2.70707,0,0,2.09746,0.0534165,0.36288,3.6288,60.3522,0.596376,0,0,0.604185,0.323318,0,0.66528,12.849,1,0.563245,0.36288,0,40.538,5.8716,34.4661,0.84672,12.849,0.84672,3695.15,0,36.966,0.363383,1.01878,2.14858,3.05221,1.42646,4.42973,0.42336,36.966,0.42336,423.524,0,1.02816,0,0,2.04694,1.01878,1.028160,1,0,38.8958,0,0,0,38.8958,0
59.5656,2.6994,0,0,1.9518,0.0529645,0.36288,3.6288,59.997,0.59528,0,0,0.562744,0.32267,0,0.66528,12.849,1,0.571136,0.36288,0,36.8847,5.8716,30.8048,0.84672,12.849,0.84672,3695.15,0,36.966,0.364612,0.827505,2.14872,2.98989,1.42646,4.17504,0.42336,36.966,0.42336,423.524,0,1.02816,0,0,1.85566,0.827505,1.028160,1,0,34.9799,0,0,0,34.9799,0
58.3601,2.6904,0,0,1.90017,0.0524053,0.36288,3.6288,59.6168,0.594026,0,0,0.535761,0.321941,0,0.66528,12.849,1,0.580351,0.36288,0,33.0055,5.8716,26.9164,0.84672,12.849,0.84672,3695.15,0,36.966,0.365998,0.688288,2.14887,2.9589,1.42646,4.0036,0.42336,36.966,0.42336,423.524,0,1.02816,0,0,1.71645,0.688288,1.028160,1,0,30.92,0,0,0,30.92,0
56.9197,2.74332,0,0,1.70251,0.0367259,0.36288,3.6288,59.0956,0.622657,0,0,0.429028,0.327625,0,0.66528,12.849,1,0.603989,0.36288,0,28.541,6.01941,22.2805,0.84672,12.849,0.84672,3695.15,0,36.966,0.386085,0.339111,2.14901,2.56111,1.46293,3.20022,0.42336,36.966,0.42336,423.524,0,1.02816,0,0,1.36727,0.339111,1.028160,1,0,25.4807,0,0,0,25.4807,0
55.7031,2.73103,0,0,1.9012,0.0238729,0.36288,3.6288,58.6686,0.620645,0,0,0.528918,0.335243,0,0.66528,12.849,1,0.6165,0.36288,0,37.0076,6.13168,30.6223,0.84672,12.849,0.84672,3695.15,0,36.966,0.388232,0.567156,2.201,2.83111,1.509,3.70203,0.42336,36.966,0.42336,423.524,0,1.02816,0,0,1.59532,0.567156,1.028160,1,0,34.3243,0,0,0,34.3243,0
54.3269,2.72027,0,0,1.73051,0.0235867,0.36288,3.6288,58.1515,0.618995,0,0,0.43626,0.334325,0,0.66528,12.849,1,0.627482,0.36288,0,29.8076,6.13168,23.4113,0.84672,12.849,0.84672,3695.15,0,36.966,0.390018,0.601603,2.20114,2.63076,1.509,3.53448,0.42336,36.966,0.42336,423.524,0,1.02816,0,0,1.62976,0.601603,1.028160,1,0,26.9458,0,0,0,26.9458,0
52.807,2.70759,0,0,1.5739,0.023263,0.36288,3.6288,57.6076,0.616958,0,0,0.406275,0.333214,0,0.66528,12.849,1,0.64038,0.36288,0,27.7874,6.13168,21.3782,0.84672,12.849,0.84672,3695.15,0,36.966,0.39219,0.347587,2.20129,2.34452,1.509,2.9922,0.42336,36.966,0.42336,423.524,0,1.02816,0,0,1.37575,0.347587,1.028160,1,0,24.3704,0,0,0,24.3704,0
51.3292,2.8728,0,0,1.77097,0.0130961,0.36288,3.6288,57.0823,0.66528,0,0,0.471397,0.331471,0,0.66528,12.849,1,0.699009,0.36288,0,29.6487,6.26763,23.0449,0.84672,12.849,0.84672,3695.15,0,36.966,0.42336,0.721457,2.20143,3.03523,1.51282,4.02194,0.42336,36.966,0.42336,423.524,0,1.02816,0,0,1.74962,0.721457,1.028160,1,0,27.0669,0,0,0,27.0669,0
50.3085,2.85689,0,0,2.20207,0.00300443,0.36288,3.6288,56.6373,0.66528,0,0,0.540385,0.320093,0,0.66528,12.849,1,0.715152,0.36288,0,38.5869,6.34578,31.8889,0.84672,12.849,0.84672,3695.15,0,36.966,0.42336,0.986705,2.3048,2.81786,1.47007,4.21593,0.42336,36.966,0.42336,423.524,0,1.02816,0,0,2.01487,0.986705,1.028160,1,0,36.1048,0,0,0,36.1048,0
48.8639,2.84552,0,0,1.7668,0.00297245,0.36288,3.6288,56.0778,0.66528,0,0,0.424922,0.319168,0,0.66528,12.849,1,0.726758,0.36288,0,45.3866,6.34578,38.677,0.84672,12.849,0.84672,3695.15,0,36.966,0.42336,0.588133,2.30484,2.34078,1.47007,3.34033,0.42336,36.966,0.42336,423.524,0,1.02816,0,0,1.61629,0.588133,1.028160,1,0,42.0173,0,0,0,42.0173,0
47.7619,2.8287,0,0,2.09247,0.00292699,0.36288,3.6288,55.7431,0.66528,0,0,0.648622,0.318005,0,0.66528,12.849,1,0.74382,0.36288,0,38.9565,6.34578,32.2297,0.84672,12.849,0.84672,3695.15,0,36.966,0.42336,1.40321,2.30489,3.16546,1.47007,4.98013,0.42336,36.966,0.42336,423.524,0,1.02816,0,0,2.43137,1.40321,1.028160,1,0,37.2099,0,0,0,37.2099,0
46.326,2.81536,0,0,1.74823,0.00593723,0.36288,3.6288,55.2565,0.66528,0,0,0.476016,0.297353,0,0.66528,12.849,1,0.757394,0.36288,0,35.5499,5.79125,29.3641,0.84672,12.849,0.84672,3695.15,0,36.966,0.42336,0.89011,2.30493,3.27953,1.25421,4.79701,0.42336,36.966,0.42336,423.524,0,1.02816,0,0,1.91827,0.89011,1.028160,1,0,34.1611,0,0,0,34.1611,0
45.9678,2.71183,0,0,2.73847,0.0218833,0.36288,3.6288,54.6493,0.655569,0,0,0.342731,0.294346,0,0.66528,12.849,1,0.752154,0.36288,0,31.7095,5.40746,25.9128,0.84672,12.849,0.84672,3695.15,0,36.966,0.42336,0.900806,2.30497,2.9392,1.14246,4.57916,0.42336,36.966,0.42336,423.524,0,1.02816,0,0,1.92897,0.900806,1.028160,1,0,30.4919,0,0,0,30.4919,0
45.9035,2.70743,0,0,3.08553,0.0796137,0.36288,3.6288,54.212,0.655709,0,0,0.480066,0.261627,0,0.66528,12.849,1,0.756784,0.36288,0,30.5764,4.55102,25.6315,0.84672,12.849,0.84672,3695.15,0,36.966,0.42336,1.48609,2.27709,3.92518,0.955439,6.30956,0.42336,36.966,0.42336,423.524,0,1.02816,0,0,2.51425,1.48609,1.028160,1,0,31.9411,0,0,0,31.9411,0
45.6463,2.70678,0,0,2.8945,0.0819735,0.36288,3.6288,53.7821,0.65585,0,0,0.487721,0.261833,0,0.66528,12.849,1,0.757663,0.36288,0,37.6349,4.56729,32.6728,0.84672,12.849,0.84672,3695.15,0,36.966,0.42336,1.4113,2.27724,3.97146,0.964758,6.27188,0.42336,36.966,0.42336,423.524,0,1.02816,0,0,2.43946,1.4113,1.028160,1,0,38.9447,0,0,0,38.9447,0
45.7477,2.70363,0,0,3.24961,0.0817381,0.36288,3.6288,53.4724,0.65599,0,0,0.607409,0.261072,0,0.66528,12.849,1,0.761045,0.36288,0,60.5474,4.56729,55.5819,0.84672,12.849,0.84672,3695.15,0,36.966,0.42336,1.88506,2.27739,5.05596,0.964758,7.83028,0.42336,36.966,0.42336,423.524,0,1.02816,0,0,2.91322,1.88506,1.028160,1,0,63.4122,0,0,0,63.4122,0
46.3507,2.63524,0,0,3.7402,0.13902,0.36288,3.6288,53.3214,0.580921,0,0,0.648612,0.21867,0,0.66528,12.849,1,0.740152,0.36288,0,106.55,4.31667,101.856,0.84672,12.849,0.84672,3695.15,0,36.966,0.401596,1.78553,2.27754,4.20297,0.987348,6.8771,0.42336,36.966,0.42336,423.524,0,1.02816,0,0,2.81369,1.78553,1.028160,1,0,108.733,0,0,0,108.733,0
49.1704,2.64296,0,0,6.00867,0.183139,0.36288,3.6288,53.1563,0.580328,0,0,0.602282,0.187125,0,0.66528,12.849,1,0.732661,0.36288,0,74.463,4.12871,69.9645,0.84672,12.849,0.84672,3695.15,0,36.966,0.402323,1.79156,2.186,4.36551,1.00429,6.93645,0.42336,36.966,0.42336,423.524,0,1.02816,0,0,2.81972,1.79156,1.028160,1,0,76.9009,0,0,0,76.9009,0
51.8199,2.67645,0,0,5.87763,0.188877,0.36288,3.6288,52.9216,0.57967,0,0,0.531868,0.186879,0,0.66528,12.849,1,0.699397,0.36288,0,73.478,4.12871,69.0128,0.84672,12.849,0.84672,3695.15,0,36.966,0.403115,1.7588,2.18614,5.52897,1.00429,8.06651,0.42336,36.966,0.42336,423.524,0,1.02816,0,0,2.78696,1.7588,1.028160,1,0,77.0793,0,0,0,77.0793,0
54.7659,2.70528,0,0,6.20841,0.194223,0.36288,3.6288,53.1663,0.578696,0,0,1.0099,0.186528,0,0.66528,12.849,1,0.670788,0.36288,0,82.5396,4.12871,78.103,0.84672,12.849,0.84672,3695.15,0,36.966,0.404222,2.81477,2.18629,4.90298,1.00429,8.49552,0.42336,36.966,0.42336,423.524,0,1.02816,0,0,3.84293,2.81477,1.028160,1,0,86.5986,0,0,0,86.5986,0
57.1071,2.57725,0,0,5.46267,0.181291,0.36288,3.6288,53.3149,0.481183,0,0,0.833732,0.203912,0,0.66528,12.849,1,0.604667,0.36288,0,70.6968,3.89083,66.5642,0.84672,12.849,0.84672,3695.15,0,36.966,0.334562,2.58345,2.18643,7.30203,0.998119,10.7392,0.42336,36.966,0.42336,423.524,0,1.02816,0,0,3.61161,2.58345,1.028160,1,0,77.3034,0,0,0,77.3034,0
60.8992,2.59766,0,0,6.945,0.192387,0.36288,3.6288,54.2374,0.481807,0,0,1.62874,0.22446,0,0.66528,12.849,1,0.584469,0.36288,0,111.538,3.68883,107.628,0.84672,12.849,0.84672,3695.15,0,36.966,0.334062,4.59359,2.02089,9.63109,1.04585,14.8657,0.42336,36.966,0.42336,423.524,0,1.02816,0,0,5.62175,4.59359,1.028160,1,0,122.493,0,0,0,122.493,0
65.7532,2.62789,0,0,8.07373,0.228931,0.36288,3.6288,55.2358,0.485258,0,0,1.70276,0.219072,0,0.66528,12.849,1,0.554453,0.36288,0,146.62,3.68004,142.748,0.84672,12.849,0.84672,3695.15,0,36.966,0.330733,4.51791,2.02103,9.41067,1.03584,14.583,0.42336,36.966,0.42336,423.524,0,1.02816,0,0,5.54607,4.51791,1.028160,1,0,157.331,0,0,0,157.331,0
69.5018,2.66231,0,0,7.01188,0.238161,0.36288,3.6288,56.1872,0.488913,0,0,1.66082,0.220519,0,0.66528,12.849,1,0.520248,0.36288,0,123.284,3.68004,119.447,0.84672,12.849,0.84672,3695.15,0,36.966,0.3272,4.27641,2.02116,9.18921,1.03584,14.1237,0.42336,36.966,0.42336,423.524,0,1.02816,0,0,5.30457,4.27641,1.028160,1,0,133.57,0,0,0,133.57,0
72.29,2.68617,0,0,9.66116,0.244369,3.94239,3.6288,57.0422,0.492329,0,0,1.57967,0.232323,0,0.66528,12.849,1,0.4966,3.94239,0,126.399,4.01079,125.834,0.84672,12.849,0.84672,3695.15,0,36.966,0.323907,4.49186,2.0213,9.05966,1.13852,14.1104,0.42336,36.966,0.42336,423.524,0,1.02816,0,0,5.52002,4.49186,1.028160,1,0,139.944,0,0,0,139.944,0
72.29,2.78727,0,0,6.45667,0.240517,3.42889,3.6288,57.3471,0.531534,0,0,1.04031,0.203904,0,0.66528,12.849,1,0.495416,3.42889,0,143.386,3.57577,142.744,0.84672,12.849,0.84672,3695.15,0,36.966,0.344459,2.80505,2.02143,4.7669,0.777808,8.4711,0.42336,36.966,0.42336,423.524,0,1.02816,0,0,3.83321,2.80505,1.028160,1,0,151.215,0,0,0,151.215,0
72.29,2.78743,0,0,7.20014,0.239386,4.17332,3.6288,57.6786,0.532716,0,0,1.05921,0.194969,0,0.66528,12.849,1,0.495445,4.17332,0,167.379,3.36546,167.692,0.84672,12.849,0.84672,3695.15,0,36.966,0.34339,2.47953,2.08632,4.42133,0.674907,7.96889,0.42336,36.966,0.42336,423.524,0,1.02816,0,0,3.50769,2.47953,1.028160,1,0,175.661,0,0,0,175.661,0
72.29,2.7876,0,0,5.22271,0.239386,2.19573,3.6288,57.8831,0.533987,0,0,0.933913,0.195388,0,0.66528,12.849,1,0.495474,2.19573,0,84.9329,3.36546,83.2677,0.84672,12.849,0.84672,3695.15,0,36.966,0.342231,1.96606,2.08645,2.84938,0.674907,5.88475,0.42336,36.966,0.42336,423.524,0,1.02816,0,0,2.99422,1.96606,1.028160,1,0,89.1525,0,0,0,89.1525,0
72.29,2.78776,0,0,6.0662,0.239386,3.03906,3.6288,58.2612,0.534794,0,0,1.1085,0.195647,0,0.66528,12.849,1,0.495503,3.03906,0,100.344,3.36546,99.5222,0.84672,12.849,0.84672,3695.15,0,36.966,0.341536,2.54076,2.08657,4.32576,0.674907,7.93665,0.42336,36.966,0.42336,423.524,0,1.02816,0,0,3.56892,2.54076,1.028160,1,0,107.459,0,0,0,107.459,0
72.29,3.00225,0,0,7.19963,0.320861,3.87652,3.6288,58.6006,0.648712,0,0,1.17007,0.181912,0,0.66528,12.849,1,0.533627,3.87652,0,146.75,3.76836,146.324,0.84672,12.849,0.84672,3695.15,0,36.966,0.4116,2.85943,2.08669,5.39665,0.897159,9.03401,0.42336,36.966,0.42336,423.524,0,1.02816,0,0,3.88759,2.85943,1.028160,1,0,155.358,0,0,0,155.358,0
72.29,3.00243,0,0,6.15288,0.318135,2.83232,3.6288,59.3339,0.65025,0,0,1.57686,0.193331,0,0.66528,12.849,1,0.533658,2.83232,0,164.42,3.73049,162.988,0.84672,12.849,0.84672,3695.15,0,36.966,0.410186,3.8014,2.27618,5.61707,0.923902,10.3606,0.42336,36.966,0.42336,423.524,0,1.02816,0,0,4.82956,3.8014,1.028160,1,0,173.349,0,0,0,173.349,0
72.29,3.0026,0,0,12.5328,0.317251,9.21298,3.6288,60.8211,0.653449,0,0,2.31446,0.173817,0,0.66528,12.849,1,0.53369,9.21298,0,194.702,3.46343,199.918,0.84672,12.849,0.84672,3695.15,0,36.966,0.40711,6.12467,2.27631,10.4302,0.867543,17.5565,0.42336,36.966,0.42336,423.524,0,1.02816,0,0,7.15283,6.12467,1.028160,1,0,217.475,0,0,0,217.475,0
72.29,3.00278,0,0,4.96368,0.317251,1.64365,3.6288,61.0977,0.659718,0,0,1.11177,0.175472,0,0.66528,12.849,1,0.533722,1.64365,0,229.135,3.46343,226.782,0.84672,12.849,0.84672,3695.15,0,36.966,0.400965,2.7795,2.27645,4.56114,0.867543,8.34858,0.42336,36.966,0.42336,423.524,0,1.02816,0,0,3.80766,2.7795,1.028160,1,0,235.13,0,0,0,235.13,0
72.29,2.67263,0,0,4.64392,0.31585,1.65544,3.6288,61.308,0.49861,0,0,1.10141,0.18891,0.203587,0.66528,12.849,1,0.475039,1.65544,0,140.003,3.52166,137.662,0.84672,12.849,0.84672,3695.15,0,36.966,0.301675,2.55748,2.27658,4.40173,0.957275,7.97684,0.42336,36.966,0.42336,423.524,0,1.02816,0,0,3.58564,2.55748,1.028160,1,0,145.843,0,0,0,145.843,0
72.29,2.67279,0,0,5.03708,0.313982,2.05031,3.6288,61.308,0.499323,0,0,1.44521,0.206693,0.73919,0.66528,12.849,1,0.475068,2.05031,0,146.404,3.5993,144.38,0.84672,12.849,0.84672,3695.15,0,36.966,0.30107,2.81865,2.00253,6.48052,1.07692,9.92371,0.42336,36.966,0.42336,423.524,0,1.02816,0,0,3.84681,2.81865,1.028160,1,0,155.043,0,0,0,155.043,0
72.29,2.67294,0,0,5.53908,0.313982,2.55215,3.6288,61.308,0.49939,0,0,1.4237,0.206693,0.717614,0.66528,12.849,1,0.475096,2.55215,0,163.516,3.5993,161.994,0.84672,12.849,0.84672,3695.15,0,36.966,0.30111,3.53403,2.00265,6.25968,1.07692,10.4183,0.42336,36.966,0.42336,423.524,0,1.02816,0,0,4.56219,3.53403,1.028160,1,0,173.13,0,0,0,173.13,0
72.29,2.62278,0,0,6.33381,0.313982,3.39705,3.6288,61.308,0.47798,0,0,2.07974,0.206693,1.39507,0.66528,12.849,1,0.466179,3.39705,0,193.666,3.5993,192.997,0.84672,12.849,0.84672,3695.15,0,36.966,0.288201,3.74582,2.00277,9.85458,1.07692,14.238,0.42336,36.966,0.42336,423.524,0,1.02816,0,0,4.77398,3.74582,1.028160,1,0,208.63,0,0,0,208.63,0
72.29,2.42163,0,0,5.58173,0.28896,2.87114,3.6288,61.308,0.392129,0,0,1.55567,0.242019,0.921523,0.66528,12.849,1,0.430426,2.87114,0,115.986,4.6099,113.817,0.84672,12.849,0.84672,3695.15,0,36.966,0.236436,3.04127,1.96518,6.67487,1.22138,10.2235,0.42336,36.966,0.42336,423.524,0,1.02816,0,0,4.06943,3.04127,1.028160,1,0,124.962,0,0,0,124.962,0
72.29,2.51026,0,0,6.12719,0.323683,3.29325,3.6288,61.308,0.433761,0,0,2.9397,0.199323,2.30662,0.66528,12.849,1,0.446179,3.29325,0,106.374,4.22236,104.999,0.84672,12.849,0.84672,3695.15,0,36.966,0.261539,4.96976,1.81446,7.03184,1.20255,12.352,0.42336,36.966,0.42336,423.524,0,1.02816,0,0,5.99792,4.96976,1.028160,1,0,119.657,0,0,0,119.657,0
72.29,2.51041,0,0,6.34483,0.323683,3.51074,3.6288,61.308,0.433824,0,0,2.60456,0.199323,1.97141,0.66528,12.849,1,0.446206,3.51074,0,229.82,4.22236,228.662,0.84672,12.849,0.84672,3695.15,0,36.966,0.261577,5.47152,1.88558,9.4764,1.20255,15.3694,0.42336,36.966,0.42336,423.524,0,1.02816,0,0,6.49968,5.47152,1.028160,1,0,246.003,0,0,0,246.003,0
72.29,2.51055,0,0,4.67882,0.323683,1.84458,3.6288,61.308,0.433888,0,0,1.3193,0.199323,0.686086,0.66528,12.849,1,0.446232,1.84458,0,144.893,4.22236,142.069,0.84672,12.849,0.84672,3695.15,0,36.966,0.261615,2.7811,1.88569,4.38354,1.20255,7.58616,0.42336,36.966,0.42336,423.524,0,1.02816,0,0,3.80926,2.7811,1.028160,1,0,150.341,0,0,0,150.341,0
72.29,2.5107,0,0,4.39168,0.298643,1.58233,3.6288,61.308,0.433951,0,0,1.17262,0.215761,0.522904,0.66528,12.849,1,0.446258,1.58233,0,147.034,4.54627,143.624,0.84672,12.849,0.84672,3695.15,0,36.966,0.261653,2.34451,1.8858,3.95016,1.2623,6.65651,0.42336,36.966,0.42336,423.524,0,1.02816,0,0,3.37267,2.34451,1.028160,1,0,150.803,0,0,0,150.803,0
72.29,2.47624,0,0,3.60861,0.277872,0.854492,3.6288,61.308,0.417865,0,0,1.02352,0.211712,0.393946,0.66528,12.849,1,0.440134,0.854492,0,104.522,3.75078,101.185,0.84672,12.849,0.84672,3695.15,0,36.966,0.251954,2.39153,1.88591,3.43106,1.14191,6.31464,0.42336,36.966,0.42336,423.524,0,1.02816,0,0,3.41969,2.39153,1.028160,1,0,107.894,0,0,0,107.894,0
72.0527,2.73371,0,0,3.14217,0.282918,0.36288,3.6288,61.308,0.528005,0,0,0.992409,0.201326,0.263079,0.66528,12.849,1,0.485897,0.36288,0,79.3066,3.25983,75.9237,0.84672,12.849,0.84672,3695.15,0,36.966,0.318363,2.36585,1.85839,3.29785,1.06189,6.14183,0.42336,36.966,0.42336,423.524,0,1.02816,0,0,3.39401,2.36585,1.028160,1,0,82.3286,0,0,0,82.3286,0
72.29,2.47531,0,0,3.55299,0.276338,0.564006,3.6288,61.308,0.417991,0,0,0.875054,0.204293,0.25277,0.66528,12.849,1,0.441416,0.564006,0,84.0067,3.49375,80.6356,0.84672,12.849,0.84672,3695.15,0,36.966,0.25203,2.04195,2.05162,4.19808,1.07111,6.9685,0.42336,36.966,0.42336,423.524,0,1.02816,0,0,3.07011,2.04195,1.028160,1,0,87.8568,0,0,0,87.8568,0
71.9658,2.73404,0,0,3.01308,0.240344,0.36288,3.6288,61.308,0.528143,0,0,0.85873,0.222097,0.10849,0.66528,12.849,1,0.485954,0.36288,0,70.1883,4.89731,65.168,0.84672,12.849,0.84672,3695.15,0,36.966,0.318447,2.14419,1.85861,3.35514,1.12645,5.91304,0.42336,36.966,0.42336,423.524,0,1.02816,0,0,3.17235,2.14419,1.028160,1,0,71.1895,0,0,0,71.1895,0
71.648,2.59256,0,0,2.80029,0.16264,0.36288,3.6288,61.308,0.475399,0,0,0.780622,0.246503,0.0587196,0.66528,12.849,1,0.462884,0.36288,0,53.4573,4.98271,48.3746,0.84672,12.849,0.84672,3695.15,0,36.966,0.286645,1.82904,2.05186,3.16525,1.22827,5.53124,0.42336,36.966,0.42336,423.524,0,1.02816,0,0,2.8572,1.82904,1.028160,1,0,53.9646,0,0,0,53.9646,0
71.5338,2.59097,0,0,3.0084,0.168762,0.36288,3.6288,61.308,0.475465,0,0,0.844396,0.246113,0.122817,0.66528,12.849,1,0.464652,0.36288,0,64.0112,4.15202,59.7574,0.84672,12.849,0.84672,3695.15,0,36.966,0.286685,2.44462,1.9557,3.53304,1.03912,6.60755,0.42336,36.966,0.42336,423.524,0,1.02816,0,0,3.47278,2.44462,1.028160,1,0,66.4878,0,0,0,66.4878,0
71.2099,2.80584,0,0,3.01338,0.168615,0.36288,3.6288,61.2832,0.568381,0,0,0.789689,0.246113,0,0.66528,12.849,1,0.503989,0.36288,0,64.5702,4.15202,60.2771,0.84672,12.849,0.84672,3695.15,0,36.966,0.342709,1.43811,1.95582,3.07223,1.03912,5.08432,0.42336,36.966,0.42336,423.524,0,1.02816,0,0,2.46627,1.43811,1.028160,1,0,65.3614,0,0,0,65.3614,0
70.4796,2.80406,0,0,2.58997,0.153245,0.36288,3.6288,61.1374,0.568366,0,0,0.669576,0.246991,0,0.66528,12.849,1,0.505961,0.36288,0,65.2389,4.29808,60.7977,0.84672,12.849,0.84672,3695.15,0,36.966,0.342838,1.40683,2.11853,3.00152,1.09412,5.08991,0.42336,36.966,0.42336,423.524,0,1.02816,0,0,2.43499,1.40683,1.028160,1,0,65.8877,0,0,0,65.8877,0
69.562,2.79979,0,0,2.36028,0.115215,0.36288,3.6288,60.8907,0.567928,0,0,0.570219,0.249052,0,0.66528,12.849,1,0.510425,0.36288,0,62.0587,4.66326,57.2479,0.84672,12.849,0.84672,3695.15,0,36.966,0.343391,0.990075,2.11865,2.77494,1.23162,4.30866,0.42336,36.966,0.42336,423.524,0,1.02816,0,0,2.01823,0.990075,1.028160,1,0,61.5566,0,0,0,61.5566,0
68.5449,2.76925,0,0,2.23985,0.1249,0.36288,3.6288,60.5759,0.601157,0,0,0.54431,0.257894,0,0.66528,12.849,1,0.511516,0.36288,0,39.8676,5.16957,34.5493,0.84672,12.849,0.84672,3695.15,0,36.966,0.364955,0.681506,2.11878,1.92952,1.23488,3.12996,0.42336,36.966,0.42336,423.524,0,1.02816,0,0,1.70967,0.681506,1.028160,1,0,37.6793,0,0,0,37.6793,0
67.4973,2.76302,0,0,2.20222,0.123916,0.36288,3.6288,60.2663,0.600053,0,0,0.547866,0.25738,0,0.66528,12.849,1,0.517939,0.36288,0,37.6758,5.16957,32.3512,0.84672,12.849,0.84672,3695.15,0,36.966,0.366178,0.802259,2.15559,2.07591,1.23488,3.4327,0.42336,36.966,0.42336,423.524,0,1.02816,0,0,1.83042,0.802259,1.028160,1,0,35.7839,0,0,0,35.7839,0
66.3872,2.75643,0,0,2.13214,0.122902,0.36288,3.6288,59.9301,0.59896,0,0,0.519577,0.256874,0,0.66528,12.849,1,0.524723,0.36288,0,35.3702,5.16957,30.0388,0.84672,12.849,0.84672,3695.15,0,36.966,0.367388,0.799537,2.15572,2.10728,1.23488,3.46026,0.42336,36.966,0.42336,423.524,0,1.02816,0,0,1.8277,0.799537,1.028160,1,0,33.499,0,0,0,33.499,0
65.0847,2.74924,0,0,1.89955,0.0899373,0.36288,3.6288,59.5273,0.597758,0,0,0.503916,0.308928,0,0.66528,12.849,1,0.532106,0.36288,0,33.5596,5.99747,27.3929,0.84672,12.849,0.84672,3695.15,0,36.966,0.368708,0.618901,2.15584,2.04934,1.51728,2.9381,0.42336,36.966,0.42336,423.524,0,1.02816,0,0,1.64706,0.618901,1.028160,1,0,30.331,0,0,0,30.331,0
63.6469,2.80447,0,0,1.82411,0.0945036,0.36288,3.6288,59.0967,0.626361,0,0,0.470946,0.275227,0,0.66528,12.849,1,0.553657,0.36288,0,30.6618,5.35318,25.1178,0.84672,12.849,0.84672,3695.15,0,36.966,0.388965,0.692073,2.15597,2.1806,1.36074,3.27894,0.42336,36.966,0.42336,423.524,0,1.02816,0,0,1.72023,0.692073,1.028160,1,0,28.3968,0,0,0,28.3968,0
62.1827,2.79423,0,0,1.76534,0.0724275,0.36288,3.6288,58.6043,0.624691,0,0,0.459162,0.32681,0,0.66528,12.849,1,0.564097,0.36288,0,28.1115,5.79442,22.1159,0.84672,12.849,0.84672,3695.15,0,36.966,0.390755,0.438644,2.20811,2.05742,1.48591,2.82751,0.42336,36.966,0.42336,423.524,0,1.02816,0,0,1.4668,0.438644,1.028160,1,0,24.9434,0,0,0,24.9434,0
60.6533,2.78338,0,0,1.68775,0.0709726,0.36288,3.6288,58.0465,0.622752,0,0,0.398193,0.333324,0,0.66528,12.849,1,0.575138,0.36288,0,26.825,5.95791,20.6549,0.84672,12.849,0.84672,3695.15,0,36.966,0.392815,0.739472,2.20824,1.78385,1.53827,2.80048,0.42336,36.966,0.42336,423.524,0,1.02816,0,0,1.76763,0.739472,1.028160,1,0,23.4553,0,0,0,23.4553,0
59.4197,2.77158,0,0,1.97095,0.0700806,0.36288,3.6288,57.6025,0.62052,0,0,0.508696,0.332128,0,0.66528,12.849,1,0.587141,0.36288,0,32.2488,5.95791,26.0666,0.84672,12.849,0.84672,3695.15,0,36.966,0.395168,0.588056,2.20837,2.18536,1.53827,3.04835,0.42336,36.966,0.42336,423.524,0,1.02816,0,0,1.61622,0.588056,1.028160,1,0,29.115,0,0,0,29.115,0
57.6555,2.94616,0,0,1.60901,0.0640945,0.36288,3.6288,57.0102,0.66528,0,0,0.400163,0.327157,0,0.66528,12.849,1,0.637083,0.36288,0,28.4207,5.92214,22.2243,0.84672,12.849,0.84672,3695.15,0,36.966,0.42336,0.519316,2.2085,1.84735,1.53631,2.6155,0.42336,36.966,0.42336,423.524,0,1.02816,0,0,1.54748,0.519316,1.028160,1,0,24.8398,0,0,0,24.8398,0
55.5884,2.9304,0,0,1.25852,0.0323798,0.36288,3.6288,56.4246,0.66528,0,0,0.381546,0.301884,0,0.66528,12.849,1,0.653062,0.36288,0,22.4654,5.70748,16.4677,0.84672,12.849,0.84672,3695.15,0,36.966,0.42336,0.505647,2.30694,1.48366,1.52457,2.34831,0.42336,36.966,0.42336,423.524,0,1.02816,0,0,1.53381,0.505647,1.028160,1,0,18.816,0,0,0,18.816,0
53.4113,2.91084,0,0,1.12834,0.031725,0.36288,3.6288,55.8045,0.66528,0,0,0.345861,0.300735,0,0.66528,12.849,1,0.672827,0.36288,0,20.0551,5.70748,14.0376,0.84672,12.849,0.84672,3695.15,0,36.966,0.42336,0.406071,2.30698,1.44678,1.52457,2.2119,0.42336,36.966,0.42336,423.524,0,1.02816,0,0,1.43423,0.406071,1.028160,1,0,16.2496,0,0,0,16.2496,0
51.479,2.88891,0,0,1.3505,0.0310354,0.36288,3.6288,55.2112,0.66528,0,0,0.371547,0.299519,0,0.66528,12.849,1,0.694975,0.36288,0,20.7558,5.70748,14.7162,0.84672,12.849,0.84672,3695.15,0,36.966,0.42336,0.529442,2.30702,1.58694,1.52457,2.47547,0.42336,36.966,0.42336,423.524,0,1.02816,0,0,1.5576,0.529442,1.028160,1,0,17.1917,0,0,0,17.1917,0
50.5055,2.8682,0,0,2.30923,0.0516134,0.36288,3.6288,54.7299,0.66528,0,0,0.477213,0.293198,0,0.66528,12.849,1,0.715894,0.36288,0,34.4936,5.55906,28.5815,0.84672,12.849,0.84672,3695.15,0,36.966,0.42336,0.786145,2.30706,1.75662,1.50637,2.9201,0.42336,36.966,0.42336,423.524,0,1.02816,0,0,1.8143,0.786145,1.028160,1,0,31.5016,0,0,0,31.5016,0
50.3063,2.77019,0,0,2.96805,0.0342366,0.36288,3.6288,54.5316,0.662238,0,0,0.710503,0.246648,0,0.66528,12.849,1,0.704757,0.36288,0,63.4558,5.31693,57.797,0.84672,12.849,0.84672,3695.15,0,36.966,0.42336,1.83671,2.3071,3.1965,1.46,5.45694,0.42336,36.966,0.42336,423.524,0,1.02816,0,0,2.86487,1.83671,1.028160,1,0,63.2539,0,0,0,63.2539,0
51.6873,2.76813,0,0,4.5444,0.0323282,0.36288,3.6288,54.6954,0.662363,0,0,1.06637,0.240117,0,0.66528,12.849,1,0.707022,0.36288,0,57.011,5.24192,51.425,0.84672,12.849,0.84672,3695.15,0,36.966,0.42336,4.27536,2.28429,4.87006,1.45409,9.55226,0.42336,36.966,0.42336,423.524,0,1.02816,0,0,5.30352,4.27536,1.028160,1,0,60.9772,0,0,0,60.9772,0
50.9996,2.78342,0,0,2.49133,0.0327988,0.36288,3.6288,54.4824,0.662488,0,0,0.689788,0.240377,0,0.66528,12.849,1,0.691933,0.36288,0,72.1557,5.24192,66.5847,0.84672,12.849,0.84672,3695.15,0,36.966,0.42336,2.61095,2.28443,3.03233,1.45409,6.05025,0.42336,36.966,0.42336,423.524,0,1.02816,0,0,3.63911,2.61095,1.028160,1,0,72.6349,0,0,0,72.6349,0
50.1394,2.77613,0,0,2.3114,0.0325645,0.36288,3.6288,54.2799,0.662613,0,0,0.700213,0.240039,0,0.66528,12.849,1,0.699428,0.36288,0,42.8587,5.24192,37.2803,0.84672,12.849,0.84672,3695.15,0,36.966,0.42336,1.76916,2.28456,2.29152,1.45409,4.46779,0.42336,36.966,0.42336,423.524,0,1.02816,0,0,2.79732,1.76916,1.028160,1,0,41.748,0,0,0,41.748,0
50.7405,2.69527,0,0,3.76408,0.104809,0.36288,3.6288,54.3753,0.588225,0,0,0.919232,0.235641,0,0.66528,12.849,1,0.690705,0.36288,0,68.1255,4.55222,63.2454,0.84672,12.849,0.84672,3695.15,0,36.966,0.400596,2.81069,2.2847,4.6924,1.20455,8.18264,0.42336,36.966,0.42336,423.524,0,1.02816,0,0,3.83885,2.81069,1.028160,1,0,71.428,0,0,0,71.428,0
52.2567,2.70196,0,0,4.70026,0.119262,0.36288,3.6288,55.1367,0.588714,0,0,1.57994,0.229816,0,0.66528,12.849,1,0.684216,0.36288,0,96.2764,4.27361,91.6814,0.84672,12.849,0.84672,3695.15,0,36.966,0.400226,3.50965,2.19285,5.65642,0.991521,9.96717,0.42336,36.966,0.42336,423.524,0,1.02816,0,0,4.53781,3.50965,1.028160,1,0,101.649,0,0,0,101.649,0
55.338,2.71805,0,0,6.28341,0.121159,0.36288,3.6288,55.717,0.592094,0,0,1.40337,0.230973,0,0.66528,12.849,1,0.668322,0.36288,0,89.0482,4.27361,84.4691,0.84672,12.849,0.84672,3695.15,0,36.966,0.396965,4.457,2.19298,6.09981,0.991521,11.3613,0.42336,36.966,0.42336,423.524,0,1.02816,0,0,5.48516,4.457,1.028160,1,0,95.8304,0,0,0,95.8304,0
57.2466,2.74842,0,0,5.16445,0.14454,0.36288,3.6288,55.7866,0.594651,0,0,0.879808,0.215528,0,0.66528,12.849,1,0.638159,0.36288,0,98.7517,4.07558,94.4009,0.84672,12.849,0.84672,3695.15,0,36.966,0.394527,2.57816,2.19311,5.14782,0.926545,8.59801,0.42336,36.966,0.42336,423.524,0,1.02816,0,0,3.60632,2.57816,1.028160,1,0,102.999,0,0,0,102.999,0
59.3169,2.60672,0,0,5.23723,0.197359,0.36288,3.6288,56.3713,0.494079,0,0,1.25798,0.179262,0,0.66528,12.849,1,0.585079,0.36288,0,81.5858,3.67533,77.6883,0.84672,12.849,0.84672,3695.15,0,36.966,0.327392,3.77318,2.19324,5.61531,0.800165,10.4542,0.42336,36.966,0.42336,423.524,0,1.02816,0,0,4.80134,3.77318,1.028160,1,0,88.1424,0,0,0,88.1424,0
62.3194,2.62366,0,0,6.19242,0.203292,0.36288,3.6288,57.4534,0.496195,0,0,1.78517,0.206874,0,0.66528,12.849,1,0.568328,0.36288,0,81.4208,4.24431,76.971,0.84672,12.849,0.84672,3695.15,0,36.966,0.325385,4.87983,2.02717,8.669,1.01652,14.2341,0.42336,36.966,0.42336,423.524,0,1.02816,0,0,5.90799,4.87983,1.028160,1,0,91.2051,0,0,0,91.2051,0
63.8125,2.64652,0,0,4.71117,0.208677,0.36288,3.6288,58.6654,0.499991,0,0,1.92031,0.208334,0,0.66528,12.849,1,0.545658,0.36288,0,96.6099,4.24431,92.1828,0.84672,12.849,0.84672,3695.15,0,36.966,0.321699,4.74525,2.02729,8.36589,1.01652,13.8002,0.42336,36.966,0.42336,423.524,0,1.02816,0,0,5.77341,4.74525,1.028160,1,0,105.983,0,0,0,105.983,0
66.011,2.6573,0,0,5.42991,0.211235,0.36288,3.6288,59.7722,0.504135,0,0,1.82093,0.20997,0,0.66528,12.849,1,0.535063,0.36288,0,145.736,4.24431,141.32,0.84672,12.849,0.84672,3695.15,0,36.966,0.317664,4.88718,2.02741,10.7955,1.01652,16.3759,0.42336,36.966,0.42336,423.524,0,1.02816,0,0,5.91534,4.88718,1.028160,1,0,157.696,0,0,0,157.696,0
66.9835,2.67238,0,0,4.23734,0.229596,0.36288,3.6288,59.679,0.507837,0,0,0.625144,0.210546,0,0.66528,12.849,1,0.520177,0.36288,0,100.562,4.49406,95.9105,0.84672,12.849,0.84672,3695.15,0,36.966,0.314071,1.8639,2.02753,5.67622,1.0466,8.20698,0.42336,36.966,0.42336,423.524,0,1.02816,0,0,2.89206,1.8639,1.028160,1,0,104.117,0,0,0,104.117,0
68.1187,2.67871,0,0,4.44138,0.264579,0.36288,3.6288,59.4205,0.507534,0,0,0.467958,0.218845,0,0.66528,12.849,1,0.51384,0.36288,0,75.3833,4.94818,70.2842,0.84672,12.849,0.84672,3695.15,0,36.966,0.314374,1.7095,2.02765,4.15998,1.21713,6.36563,0.42336,36.966,0.42336,423.524,0,1.02816,0,0,2.73766,1.7095,1.028160,1,0,76.6498,0,0,0,76.6498,0
68.9286,2.71806,0,0,4.15633,0.265514,0.36288,3.6288,59.1172,0.521468,0,0,0.440863,0.222765,0,0.66528,12.849,1,0.512699,0.36288,0,73.6059,4.88009,68.576,0.84672,12.849,0.84672,3695.15,0,36.966,0.324409,1.53857,2.02765,3.13078,1.25526,5.11733,0.42336,36.966,0.42336,423.524,0,1.02816,0,0,2.56673,1.53857,1.028160,1,0,73.6933,0,0,0,73.6933,0
72.29,2.72328,0,0,7.52481,0.262853,1.17727,3.6288,59.4519,0.520503,0,0,1.07805,0.222839,0,0.66528,12.849,1,0.507648,1.17727,0,90.4133,4.8326,86.2503,0.84672,12.849,0.84672,3695.15,0,36.966,0.325471,6.95763,2.05333,11.0732,1.26335,18.4953,0.42336,36.966,0.42336,423.524,0,1.02816,0,0,7.98579,6.95763,1.028160,1,0,104.746,0,0,0,104.746,0
72.29,2.74347,0,0,5.43958,0.242971,2.45314,3.6288,59.8415,0.521693,0,0,1.13769,0.226361,0,0.66528,12.849,1,0.48763,2.45314,0,95.7666,4.54765,93.1845,0.84672,12.849,0.84672,3695.15,0,36.966,0.324378,2.64158,2.05343,7.80679,1.31191,10.8655,0.42336,36.966,0.42336,423.524,0,1.02816,0,0,3.66974,2.64158,1.028160,1,0,104.05,0,0,0,104.05,0
72.29,2.74361,0,0,4.3403,0.243144,1.35355,3.6288,59.8161,0.523058,0,0,0.72026,0.222627,0,0.66528,12.849,1,0.487656,1.35355,0,69.3776,4.36984,65.8737,0.84672,12.849,0.84672,3695.15,0,36.966,0.32311,2.2518,2.05354,5.16534,1.26957,7.87799,0.42336,36.966,0.42336,423.524,0,1.02816,0,0,3.27996,2.2518,1.028160,1,0,73.7517,0,0,0,73.7517,0
72.29,3.01137,0,0,5.77483,0.243577,2.51988,3.6288,59.8627,0.659246,0,0,0.917698,0.211847,0,0.66528,12.849,1,0.535248,2.51988,0,134.81,3.92532,132.869,0.84672,12.849,0.84672,3695.15,0,36.966,0.407411,3.41656,2.05364,6.24418,1.16373,10.1432,0.42336,36.966,0.42336,423.524,0,1.02816,0,0,4.44472,3.41656,1.028160,1,0,143.012,0,0,0,143.012,0
72.29,3.01152,0,0,5.36847,0.243577,2.11337,3.6288,59.6142,0.659509,0,0,0.622938,0.211911,0,0.66528,12.849,1,0.535276,2.11337,0,114.534,3.92532,112.186,0.84672,12.849,0.84672,3695.15,0,36.966,0.407256,2.51164,2.28309,5.61935,1.16373,8.8431,0.42336,36.966,0.42336,423.524,0,1.02816,0,0,3.5398,2.51164,1.028160,1,0,121.029,0,0,0,121.029,0
72.29,3.01168,0,0,4.52986,0.281741,1.23644,3.6288,59.2442,0.658528,0,0,0.480156,0.191609,0,0.66528,12.849,1,0.535303,1.23644,0,71.3275,3.86022,68.1684,0.84672,12.849,0.84672,3695.15,0,36.966,0.408345,2.892,2.28321,5.3264,1.04266,9.05061,0.42336,36.966,0.42336,423.524,0,1.02816,0,0,3.92016,2.892,1.028160,1,0,77.219,0,0,0,77.219,0
72.29,3.01184,0,0,4.68565,0.30028,1.37354,3.6288,59.1057,0.657025,0,0,0.705853,0.187399,0,0.66528,12.849,1,0.535331,1.37354,0,82.0016,3.68796,79.1519,0.84672,12.849,0.84672,3695.15,0,36.966,0.409957,2.5863,2.28333,6.21111,1.01467,9.6561,0.42336,36.966,0.42336,423.524,0,1.02816,0,0,3.61446,2.5863,1.028160,1,0,88.808,0,0,0,88.808,0
72.29,2.68067,0,0,7.27246,0.322148,4.26964,3.6288,59.8071,0.495739,0,0,1.39116,0.193985,0,0.66528,12.849,1,0.476468,4.26964,0,153.186,3.38788,153.592,0.84672,12.849,0.84672,3695.15,0,36.966,0.310046,4.38172,2.28345,9.43177,0.936653,14.8502,0.42336,36.966,0.42336,423.524,0,1.02816,0,0,5.40988,4.38172,1.028160,1,0,168.442,0,0,0,168.442,0
72.29,2.68081,0,0,5.96367,0.312356,2.97051,3.6288,60.3947,0.498044,0,0,1.28702,0.201342,0,0.66528,12.849,1,0.476493,2.97051,0,116.756,3.44012,115.81,0.84672,12.849,0.84672,3695.15,0,36.966,0.307835,3.53645,2.00855,7.84474,0.933431,12.1485,0.42336,36.966,0.42336,423.524,0,1.02816,0,0,4.56461,3.53645,1.028160,1,0,127.958,0,0,0,127.958,0
72.29,2.63047,0,0,5.4182,0.312356,2.47537,3.6288,60.8551,0.478542,0,0,1.14098,0.202097,0,0.66528,12.849,1,0.467547,2.47537,0,104.621,3.44012,103.189,0.84672,12.849,0.84672,3695.15,0,36.966,0.292903,3.97741,2.00866,7.34288,0.933431,12.1026,0.42336,36.966,0.42336,423.524,0,1.02816,0,0,5.00557,3.97741,1.028160,1,0,115.291,0,0,0,115.291,0
72.29,2.42871,0,0,7.96919,0.312356,5.22812,3.6288,61.308,0.394051,0,0,1.39394,0.202688,0.34427,0.66528,12.849,1,0.431686,5.22812,0,142.205,3.44012,143.561,0.84672,12.849,0.84672,3695.15,0,36.966,0.239363,4.54332,1.97094,10.3506,0.933431,15.6921,0.42336,36.966,0.42336,423.524,0,1.02816,0,0,5.57148,4.54332,1.028160,1,0,159.598,0,0,0,159.598,0
72.29,2.42884,0,0,9.52145,0.285173,6.80744,3.6288,61.308,0.395207,0,0,1.9679,0.183518,1.38917,0.66528,12.849,1,0.431708,6.80744,0,198.357,4.29482,200.438,0.84672,12.849,0.84672,3695.15,0,36.966,0.238293,5.78912,1.81977,12.269,0.994673,18.6449,0.42336,36.966,0.42336,423.524,0,1.02816,0,0,6.81728,5.78912,1.028160,1,0,220.472,0,0,0,220.472,0
72.29,2.51771,0,0,7.83352,0.281556,5.03425,3.6288,61.308,0.436955,0,0,0.998578,0.198268,0.363355,0.66528,12.849,1,0.447505,5.03425,0,163.572,4.42071,163.738,0.84672,12.849,0.84672,3695.15,0,36.966,0.263465,3.47189,1.81987,7.83525,0.985869,11.8777,0.42336,36.966,0.42336,423.524,0,1.02816,0,0,4.50005,3.47189,1.028160,1,0,175.979,0,0,0,175.979,0
72.29,2.51784,0,0,5.01289,0.281556,2.21349,3.6288,61.308,0.437011,0,0,0.726123,0.198268,0.090844,0.66528,12.849,1,0.447528,2.21349,0,98.4588,4.42071,95.8041,0.84672,12.849,0.84672,3695.15,0,36.966,0.263498,2.33772,1.89118,5.89467,0.985869,8.87421,0.42336,36.966,0.42336,423.524,0,1.02816,0,0,3.36588,2.33772,1.028160,1,0,104.769,0,0,0,104.769,0
72.29,2.51797,0,0,4.28782,0.281556,1.48828,3.6288,61.308,0.437067,0,0,0.659612,0.198268,0.0242777,0.66528,12.849,1,0.447551,1.48828,0,82.2338,4.42071,78.8538,0.84672,12.849,0.84672,3695.15,0,36.966,0.263532,2.34734,1.89128,5.30178,0.985869,8.291,0.42336,36.966,0.42336,423.524,0,1.02816,0,0,3.3755,2.34734,1.028160,1,0,87.1691,0,0,0,87.1691,0
72.29,2.5181,0,0,4.4476,0.235059,1.69443,3.6288,61.2932,0.437122,0,0,0.628456,0.206166,0,0.66528,12.849,1,0.447574,1.69443,0,80.7866,4.42646,77.607,0.84672,12.849,0.84672,3695.15,0,36.966,0.263565,2.03139,1.89138,5.18447,1.02142,7.82224,0.42336,36.966,0.42336,423.524,0,1.02816,0,0,3.05955,2.03139,1.028160,1,0,85.4292,0,0,0,85.4292,0
72.29,2.74159,0,0,4.4833,0.183709,1.558,3.6288,61.1183,0.531327,0,0,0.573952,0.217529,0,0.66528,12.849,1,0.487297,1.558,0,81.3689,4.47941,77.9602,0.84672,12.849,0.84672,3695.15,0,36.966,0.320444,2.00823,1.89148,4.86648,1.05149,7.39426,0.42336,36.966,0.42336,423.524,0,1.02816,0,0,3.03639,2.00823,1.028160,1,0,85.3545,0,0,0,85.3545,0
72.29,2.74173,0,0,4.19771,0.183709,1.27227,3.6288,60.9459,0.530816,0,0,0.575745,0.217289,0,0.66528,12.849,1,0.487322,1.27227,0,74.876,4.47941,71.1815,0.84672,12.849,0.84672,3695.15,0,36.966,0.321052,1.92034,2.05753,4.6078,1.05149,7.21312,0.42336,36.966,0.42336,423.524,0,1.02816,0,0,2.9485,1.92034,1.028160,1,0,78.3946,0,0,0,78.3946,0
72.29,2.74187,0,0,4.01807,0.183709,1.09248,3.6288,60.9133,0.530311,0,0,0.714728,0.217051,0,0.66528,12.849,1,0.487347,1.09248,0,71.3629,4.47941,67.4887,0.84672,12.849,0.84672,3695.15,0,36.966,0.321654,2.55084,2.05763,5.5248,1.05149,8.76013,0.42336,36.966,0.42336,423.524,0,1.02816,0,0,3.579,2.55084,1.028160,1,0,76.2488,0,0,0,76.2488,0
72.29,2.74202,0,0,3.67884,0.19185,0.744976,3.6288,60.793,0.530264,0,0,0.580115,0.170162,0,0.66528,12.849,1,0.487373,0.744976,0,61.1152,4.12687,57.2459,0.84672,12.849,0.84672,3695.15,0,36.966,0.321798,1.86327,2.05774,4.60203,0.877092,7.32415,0.42336,36.966,0.42336,423.524,0,1.02816,0,0,2.89143,1.86327,1.028160,1,0,64.5701,0,0,0,64.5701,0
72.1542,2.81817,0,0,3.23576,0.190484,0.36288,3.6288,60.6029,0.569944,0,0,0.564636,0.184789,0,0.66528,12.849,1,0.500908,0.36288,0,46.9905,4.76994,42.0825,0.84672,12.849,0.84672,3695.15,0,36.966,0.346562,1.68209,2.05785,3.75117,0.992227,6.15231,0.42336,36.966,0.42336,423.524,0,1.02816,0,0,2.71025,1.68209,1.028160,1,0,48.2348,0,0,0,48.2348,0
72.1438,2.81751,0,0,3.26534,0.0953698,0.36288,3.6288,60.3782,0.569331,0,0,0.562868,0.218208,0,0.66528,12.849,1,0.501734,0.36288,0,48.6741,5.22336,43.3119,0.84672,12.849,0.84672,3695.15,0,36.966,0.347276,1.89778,2.12444,4.05622,1.08345,6.64772,0.42336,36.966,0.42336,423.524,0,1.02816,0,0,2.92594,1.89778,1.028160,1,0,49.9596,0,0,0,49.9596,0
71.7541,2.81759,0,0,2.87035,0.0795438,0.36288,3.6288,60.0498,0.568592,0,0,0.463647,0.223496,0,0.66528,12.849,1,0.501821,0.36288,0,43.7573,5.29893,38.3194,0.84672,12.849,0.84672,3695.15,0,36.966,0.348115,1.48376,2.12455,3.4547,1.09865,5.61624,0.42336,36.966,0.42336,423.524,0,1.02816,0,0,2.51192,1.48376,1.028160,1,0,43.9356,0,0,0,43.9356,0
71.2326,2.81543,0,0,2.73605,0.0793083,0.36288,3.6288,59.6309,0.567476,0,0,0.371688,0.223029,0,0.66528,12.849,1,0.504158,0.36288,0,40.4921,5.29893,35.0519,0.84672,12.849,0.84672,3695.15,0,36.966,0.349332,1.23838,2.12466,3.29133,1.09865,5.20638,0.42336,36.966,0.42336,423.524,0,1.02816,0,0,2.26654,1.23838,1.028160,1,0,40.2583,0,0,0,40.2583,0
70.6501,2.81245,0,0,2.68985,0.0970364,0.36288,3.6288,59.1876,0.566023,0,0,0.363236,0.24053,0,0.66528,12.849,1,0.507312,0.36288,0,39.6145,5.23908,34.231,0.84672,12.849,0.84672,3695.15,0,36.966,0.350885,0.79094,2.12477,2.56634,1.15804,3.97313,0.42336,36.966,0.42336,423.524,0,1.02816,0,0,1.8191,0.79094,1.028160,1,0,38.2041,0,0,0,38.2041,0
69.9064,2.78389,0,0,2.50271,0.0995978,0.36288,3.6288,58.7027,0.598222,0,0,0.35612,0.242856,0,0.66528,12.849,1,0.506302,0.36288,0,39.108,5.2291,33.7355,0.84672,12.849,0.84672,3695.15,0,36.966,0.373623,0.66528,2.12488,2.52443,1.16794,3.77303,0.42336,36.966,0.42336,423.524,0,1.02816,0,0,1.69344,0.66528,1.028160,1,0,37.5085,0,0,0,37.5085,0
68.9321,2.77949,0,0,2.26708,0.0990287,0.36288,3.6288,58.2045,0.596391,0,0,0.340301,0.242102,0,0.66528,12.849,1,0.510878,0.36288,0,38.4331,5.2291,33.056,0.84672,12.849,0.84672,3695.15,0,36.966,0.375557,0.581126,2.16179,2.38485,1.16794,3.58427,0.42336,36.966,0.42336,423.524,0,1.02816,0,0,1.60929,0.581126,1.028160,1,0,36.6403,0,0,0,36.6403,0
67.7662,2.77354,0,0,2.06421,0.0936444,0.36288,3.6288,57.6797,0.594488,0,0,0.321828,0.25208,0,0.66528,12.849,1,0.516991,0.36288,0,33.8324,5.37025,28.3081,0.84672,12.849,0.84672,3695.15,0,36.966,0.377563,0.427421,2.1619,2.31468,1.21946,3.30698,0.42336,36.966,0.42336,423.524,0,1.02816,0,0,1.45558,0.427421,1.028160,1,0,31.615,0,0,0,31.615,0
66.6132,2.76621,0,0,2.04993,0.0738549,0.36288,3.6288,57.0883,0.592458,0,0,0.311612,0.310614,0,0.66528,12.849,1,0.524495,0.36288,0,31.8649,5.88262,25.8207,0.84672,12.849,0.84672,3695.15,0,36.966,0.379697,0.515212,2.16201,2.25288,1.46966,3.08075,0.42336,36.966,0.42336,423.524,0,1.02816,0,0,1.54337,0.515212,1.028160,1,0,28.9014,0,0,0,28.9014,0
65.3698,2.82313,0,0,2.02722,0.0846017,0.36288,3.6288,56.4627,0.619802,0,0,0.297082,0.302892,0,0.66528,12.849,1,0.544552,0.36288,0,31.2727,5.43658,25.6544,0.84672,12.849,0.84672,3695.15,0,36.966,0.401337,0.494839,2.16212,2.08129,1.39109,2.94583,0.42336,36.966,0.42336,423.524,0,1.02816,0,0,1.523,0.494839,1.028160,1,0,28.6002,0,0,0,28.6002,0
63.9525,2.81461,0,0,1.84395,0.0837676,0.36288,3.6288,55.82,0.620061,0,0,0.279052,0.301661,0,0.66528,12.849,1,0.553237,0.36288,0,28.7562,5.43658,23.1292,0.84672,12.849,0.84672,3695.15,0,36.966,0.405953,0.261274,2.21439,1.90482,1.39109,2.58345,0.42336,36.966,0.42336,423.524,0,1.02339,0,0,1.28466,0.261274,1.028160,1,0,25.7127,0,0,0,25.7127,0
62.7979,2.80455,0,0,2.08624,0.0734164,0.36288,3.6288,55.2504,0.614444,0,0,0.339265,0.294421,0,0.66528,12.849,1,0.563475,0.36288,0,29.5725,5.57808,23.7938,0.84672,12.849,0.84672,3695.15,0,36.966,0.406907,0.709422,2.21451,2.79258,1.42796,3.88164,0.42336,36.966,0.42336,423.524,0,1.02816,0,0,1.73758,0.709422,1.028160,1,0,27.6754,0,0,0,27.6754,0
61.5894,2.79609,0,0,2.01589,0.0653721,0.36288,3.6288,54.6813,0.611994,0,0,0.312655,0.269721,0,0.66528,12.849,1,0.572105,0.36288,0,29.9623,5.67011,24.083,0.84672,12.849,0.84672,3695.15,0,36.966,0.409463,0.645408,2.21462,2.30632,1.46787,3.28902,0.42336,36.966,0.42336,423.524,0,1.02816,0,0,1.67357,0.645408,1.028160,1,0,27.372,0,0,0,27.372,0
60.1624,2.97308,0,0,1.99757,0.0886193,0.36288,3.6288,54.0677,0.66528,0,0,0.322883,0.271267,0,0.66528,12.849,1,0.620254,0.36288,0,29.4051,5.00913,24.1386,0.84672,12.849,0.84672,3695.15,0,36.966,0.42336,0.562533,2.21473,2.15163,1.39606,3.10948,0.42336,36.966,0.42336,423.524,0,1.02816,0,0,1.59069,0.562533,1.028160,1,0,27.2481,0,0,0,27.2481,0
58.5779,2.96111,0,0,1.82699,0.0875596,0.36288,3.6288,53.4385,0.66528,0,0,0.306273,0.270169,0,0.66528,12.849,1,0.632409,0.36288,0,29.3426,5.00913,24.0639,0.84672,12.849,0.84672,3695.15,0,36.966,0.42336,0.462681,2.30883,2.10558,1.39606,3.05767,0.42336,36.966,0.42336,423.524,0,1.02816,0,0,1.49084,0.462681,1.028160,1,0,27.1216,0,0,0,27.1216,0
57.3845,2.94723,0,0,2.20304,0.0862348,0.36288,3.6288,52.818,0.66528,0,0,0.313746,0.268904,0,0.66528,12.849,1,0.646472,0.36288,0,29.1946,5.00913,23.9018,0.84672,12.849,0.84672,3695.15,0,36.966,0.42336,0.580617,2.30886,3.03841,1.39606,4.10848,0.42336,36.966,0.42336,423.524,0,1.02816,0,0,1.60878,0.580617,1.028160,1,0,28.0103,0,0,0,28.0103,0
55.934,2.9364,0,0,1.93393,0.0852371,0.36288,3.6288,52.1997,0.66528,0,0,0.314511,0.267574,0,0.66528,12.849,1,0.65749,0.36288,0,27.5482,5.00913,22.2445,0.84672,12.849,0.84672,3695.15,0,36.966,0.42336,0.528872,2.3089,2.23358,1.39606,3.25194,0.42336,36.966,0.42336,423.524,0,1.02816,0,0,1.55703,0.528872,1.028160,1,0,25.4964,0,0,0,25.4964,0
54.2781,2.92268,0,0,1.69735,0.0676765,0.36288,3.6288,51.5462,0.66528,0,0,0.26321,0.251404,0,0.66528,12.849,1,0.671391,0.36288,0,23.0309,4.60758,18.1148,0.84672,12.849,0.84672,3695.15,0,36.966,0.42336,0.440873,2.30893,2.13529,1.3756,3.08614,0.42336,36.966,0.42336,423.524,0,1.02816,0,0,1.46903,0.440873,1.028160,1,0,21.2009,0,0,0,21.2009,0
52.5022,2.8176,0,0,1.46167,0.0571199,0.36288,3.6288,50.8043,0.719729,0,0,0.221962,0.244121,0,0.66528,12.849,1,0.666997,0.36288,0,20.03,4.43142,15.2945,0.84672,12.849,0.84672,3695.15,0,36.966,0.42336,0.204422,2.30897,2.01054,1.37046,2.73011,0.42336,36.966,0.42336,423.524,0,0.973711,0,0,1.17813,0.204422,1.028160,1,0,18.0246,0,0,0,18.0246,0
51.3363,2.79962,0,0,2.10229,0.105636,0.36288,3.6288,50.2117,0.66528,0,0,0.273017,0.200364,0,0.66528,12.849,1,0.685158,0.36288,0,23.3771,3.80853,19.2463,0.84672,12.849,0.84672,3695.15,0,36.966,0.42336,0.299436,2.28845,2.21238,1.17577,3.20114,0.42336,36.966,0.42336,423.524,0,1.02816,0,0,1.3276,0.299436,1.028160,1,0,22.4474,0,0,0,22.4474,0
53.1526,2.78732,0,0,5.1361,0.169631,0.36288,3.6288,49.9642,0.66528,0,0,0.561005,0.14328,0,0.66528,12.849,1,0.697639,0.36288,0,70.5014,2.97801,67.1887,0.84672,12.849,0.84672,3695.15,0,36.966,0.42336,1.08642,2.28849,5.89281,0.916178,7.92818,0.42336,36.966,0.42336,423.524,0,1.02816,0,0,2.11458,1.08642,1.028160,1,0,75.1169,0,0,0,75.1169,0
52.4116,2.80666,0,0,2.60641,0.177837,0.36288,3.6288,49.4355,0.66528,0,0,0.297309,0.160657,0,0.66528,12.849,1,0.678476,0.36288,0,38.7635,3.24621,35.2017,0.84672,12.849,0.84672,3695.15,0,36.966,0.42336,0.471226,2.28852,2.39184,0.938248,3.78997,0.42336,36.966,0.42336,423.524,0,1.02816,0,0,1.49939,0.471226,1.028160,1,0,38.9917,0,0,0,38.9917,0
50.8083,2.72679,0,0,1.67523,0.188878,0.36288,3.6288,48.4452,0.981783,0,0,0.195398,0.203937,0,0.66528,12.849,1,0.668488,0.36288,0,23.432,3.91671,19.2097,0.84672,12.849,0.84672,3695.15,0,36.966,0.42336,0.216518,2.28855,1.77667,0.993423,2.86496,0.42336,36.966,0.42336,423.524,0,0.61738,0,0,0.833898,0.216518,1.028160,1,0,22.0747,0,0,0,22.0747,0
49.5049,2.7101,0,0,1.95537,0.185755,0.36288,3.6288,48.055,0.571108,0,0,0.38317,0.202274,0,0.66528,12.849,1,0.685361,0.36288,0,27.2746,3.91671,23.0354,0.84672,12.849,0.84672,3695.15,0,36.966,0.42336,0.900469,2.19888,2.82085,0.993423,4.50341,0.42336,36.966,0.42336,423.524,0,1.02816,0,0,1.92863,0.900469,1.028160,1,0,27.5388,0,0,0,27.5388,0
51.4814,2.69591,0,0,5.21843,0.183216,0.36288,3.6288,48.2205,0.571212,0,0,0.938365,0.201619,0,0.66528,12.849,1,0.699723,0.36288,0,80.1569,3.91671,75.9034,0.84672,12.849,0.84672,3695.15,0,36.966,0.42336,2.58034,2.19899,5.32559,0.993423,8.68813,0.42336,36.966,0.42336,423.524,0,1.02816,0,0,3.6085,2.58034,1.028160,1,0,84.5915,0,0,0,84.5915,0
51.2109,2.71755,0,0,3.03572,0.225767,0.36288,3.6288,48.0479,0.571317,0,0,0.571515,0.172816,0,0.66528,12.849,1,0.67826,0.36288,0,44.6891,3.44118,40.9325,0.84672,12.849,0.84672,3695.15,0,36.966,0.42336,0.628698,2.1991,3.21048,0.828585,4.78633,0.42336,36.966,0.42336,423.524,0,1.02816,0,0,1.65686,0.628698,1.028160,1,0,45.7189,0,0,0,45.7189,0
50.1196,2.55853,0,0,2.06511,0.23499,0.36288,3.6288,47.7977,0.467118,0,0,0.411397,0.194519,0,0.66528,12.849,1,0.641945,0.36288,0,50.3073,3.90913,46.1191,0.84672,12.849,0.84672,3695.15,0,36.966,0.359381,0.570992,2.19922,3.0389,1.01629,4.43343,0.42336,36.966,0.42336,423.524,0,1.02816,0,0,1.59915,0.570992,1.028160,1,0,50.5525,0,0,0,50.5525,0
49.0654,2.30774,0,0,1.85449,0.238038,0.36288,3.6288,47.6387,0.367663,0,0,0.404867,0.196212,0,0.66528,12.849,1,0.591628,0.36288,0,48.3399,3.84772,44.2635,0.84672,12.849,0.84672,3695.15,0,36.966,0.284345,0.554541,2.03268,3.00612,0.99508,4.31392,0.42336,36.966,0.42336,423.524,0,1.02816,0,0,1.5827,0.554541,1.028160,1,0,48.5774,0,0,0,48.5774,0
48.4799,2.29779,0,0,2.31053,0.235377,0.36288,3.6288,47.4982,0.367177,0,0,0.422662,0.195951,0,0.66528,12.849,1,0.601732,0.36288,0,51.4431,3.84772,47.3565,0.84672,12.849,0.84672,3695.15,0,36.966,0.284917,0.599357,1.84144,2.81197,0.99508,3.97277,0.42336,36.966,0.42336,423.524,0,1.02816,0,0,1.62752,0.599357,1.028160,1,0,51.3293,0,0,0,51.3293,0
52.9755,2.29216,0,0,7.37738,0.226789,0.36288,3.6288,47.6687,0.366752,0,0,0.736247,0.198982,0,0.66528,12.849,1,0.607508,0.36288,0,44.664,4.0414,40.3779,0.84672,12.849,0.84672,3695.15,0,36.966,0.285429,1.39641,1.84153,4.65592,1.16005,6.44838,0.42336,36.966,0.42336,423.524,0,1.02816,0,0,2.42457,1.39641,1.028160,1,0,46.8263,0,0,0,46.8263,0
55.615,2.33377,0,0,5.55707,0.220904,0.36288,3.6288,47.661,0.367376,0,0,0.534554,0.174907,0,0.66528,12.849,1,0.566047,0.36288,0,49.9977,3.93274,45.8618,0.84672,12.849,0.84672,3695.15,0,36.966,0.284892,1.26947,1.84163,3.69921,1.24423,5.28119,0.42336,36.966,0.42336,423.524,0,1.02816,0,0,2.29763,1.26947,1.028160,1,0,51.143,0,0,0,51.143,0
56.2146,2.42951,0,0,3.61352,0.221535,0.36288,3.6288,47.4387,0.397998,0,0,0.32903,0.153363,0,0.66528,12.849,1,0.5613,0.36288,0,46.1198,3.65757,42.2638,0.84672,12.849,0.84672,3695.15,0,36.966,0.308689,0.899217,1.84172,2.71869,1.1424,4.00855,0.42336,36.966,0.42336,423.524,0,1.02816,0,0,1.92738,0.899217,1.028160,1,0,46.2724,0,0,0,46.2724,0
57.7407,2.43449,0,0,4.54639,0.222861,0.36288,3.6288,47.5533,0.397228,0,0,0.664946,0.153078,0,0.66528,12.849,1,0.556452,0.36288,0,80.617,3.65757,76.7658,0.84672,12.849,0.84672,3695.15,0,36.966,0.309536,1.67609,1.90082,7.67758,1.1424,9.80255,0.42336,36.966,0.42336,423.524,0,1.02816,0,0,2.70425,1.67609,1.028160,1,0,86.5684,0,0,0,86.5684,0
60.2718,2.44663,0,0,5.61012,0.269596,0.36288,3.6288,47.56,0.397692,0,0,0.613049,0.208601,0,0.66528,12.849,1,0.544446,0.36288,0,77.4882,4.10393,73.2027,0.84672,12.849,0.84672,3695.15,0,36.966,0.309149,2.82201,1.9009,4.79463,1.29819,7.91021,0.42336,36.966,0.42336,423.524,0,1.02816,0,0,3.85017,2.82201,1.028160,1,0,81.1129,0,0,0,81.1129,0
60.7722,2.46558,0,0,3.60383,0.274894,0.36288,3.6288,47.4243,0.39776,0,0,0.464641,0.202641,0,0.66528,12.849,1,0.525623,0.36288,0,41.4536,4.09259,37.1983,0.84672,12.849,0.84672,3695.15,0,36.966,0.309158,1.39203,1.90099,2.95402,1.27541,4.66248,0.42336,36.966,0.42336,423.524,0,1.02816,0,0,2.42019,1.39203,1.028160,1,0,41.8607,0,0,0,41.8607,0
60.8059,2.71011,0,0,3.37445,0.267793,0.36288,3.6288,47.4292,0.511956,0,0,0.683509,0.16662,0,0.66528,12.849,1,0.572995,0.36288,0,55.7988,4.02455,51.5642,0.84672,12.849,0.84672,3695.15,0,36.966,0.399056,2.12999,1.90107,4.54583,1.13873,7.03911,0.42336,36.966,0.42336,423.524,0,1.02816,0,0,3.15815,2.12999,1.028160,1,0,58.6033,0,0,0,58.6033,0
64.9127,2.71049,0,0,7.44803,0.267868,0.36288,3.6288,47.3297,0.512028,0,0,0.579115,0.166627,0,0.66528,12.849,1,0.572759,0.36288,0,98.6567,4.02455,94.4223,0.84672,12.849,0.84672,3695.15,0,36.966,0.399071,2.55811,2.11346,5.90421,1.13873,9.03799,0.42336,36.966,0.42336,423.524,0,1.02816,0,0,3.58627,2.55811,1.028160,1,0,103.46,0,0,0,103.46,0
64.9156,2.74086,0,0,3.37802,0.27132,0.36288,3.6288,47.0133,0.511605,0,0,0.36361,0.168349,0,0.66528,12.849,1,0.542534,0.36288,0,48.6247,4.01205,44.433,0.84672,12.849,0.84672,3695.15,0,36.966,0.39958,1.07425,2.11355,3.51711,1.13036,5.17497,0.42336,36.966,0.42336,423.524,0,1.02816,0,0,2.10241,1.07425,1.028160,1,0,49.608,0,0,0,49.608,0
65.0993,2.741,0,0,3.53589,0.248359,0.36288,3.6288,46.669,0.510148,0,0,0.339896,0.174117,0,0.66528,12.849,1,0.542537,0.36288,0,47.0533,3.78847,43.0851,0.84672,12.849,0.84672,3695.15,0,36.966,0.401123,1.05636,2.11365,3.64885,1.03086,5.38687,0.42336,36.966,0.42336,423.524,0,1.02816,0,0,2.08452,1.05636,1.028160,1,0,48.472,0,0,0,48.472,0
64.8246,2.39479,0,0,2.78551,0.302577,0.36288,3.6288,46.5742,0.355738,0,0,0.420446,0.159474,0,0.66528,12.849,1,0.472672,0.36288,0,50.8734,3.4738,47.2898,0.84672,12.849,0.84672,3695.15,0,36.966,0.281776,0.764787,2.11374,4.64122,0.867322,6.37065,0.42336,36.966,0.42336,423.524,0,1.02816,0,0,1.79295,0.764787,1.028160,1,0,53.6605,0,0,0,53.6605,0
64.8646,2.39322,0,0,3.08187,0.285743,0.36288,3.6288,46.4602,0.355459,0,0,0.404312,0.162816,0,0.66528,12.849,1,0.474365,0.36288,0,68.3204,3.99892,64.21,0.84672,12.849,0.84672,3695.15,0,36.966,0.282129,0.701335,1.82426,4.49887,0.910798,5.83154,0.42336,36.966,0.42336,423.524,0,1.02816,0,0,1.72949,0.701335,1.028160,1,0,70.0415,0,0,0,70.0415,0
65.0561,2.39357,0,0,3.23375,0.285835,0.36288,3.6288,46.3571,0.355115,0,0,0.414592,0.162644,0,0.66528,12.849,1,0.474142,0.36288,0,63.6037,3.99892,59.4935,0.84672,12.849,0.84672,3695.15,0,36.966,0.282547,0.732015,1.82434,4.13578,0.910798,5.4988,0.42336,36.966,0.42336,423.524,0,1.02816,0,0,1.76018,0.732015,1.028160,1,0,64.9923,0,0,0,64.9923,0
65.0622,2.39484,0,0,3.05018,0.286275,0.36288,3.6288,46.2477,0.354807,0,0,0.407887,0.16249,0,0.66528,12.849,1,0.472997,0.36288,0,61.8265,3.99892,57.7174,0.84672,12.849,0.84672,3695.15,0,36.966,0.282929,0.789782,1.82442,3.49918,0.910798,4.91966,0.42336,36.966,0.42336,423.524,0,1.02816,0,0,1.81794,0.789782,1.028160,1,0,62.6371,0,0,0,62.6371,0
65.7068,2.39499,0,0,3.67805,0.275648,0.36288,3.6288,46.1963,0.354476,0,0,0.453517,0.150451,0,0.66528,12.849,1,0.472981,0.36288,0,76.866,4.42709,72.3288,0.84672,12.849,0.84672,3695.15,0,36.966,0.283334,0.878904,1.8245,4.095,0.905512,5.60956,0.42336,36.966,0.42336,423.524,0,1.02816,0,0,1.90706,0.878904,1.028160,1,0,77.9384,0,0,0,77.9384,0
67.0809,2.48663,0,0,4.50285,0.279164,0.36288,3.6288,46.259,0.391564,0,0,0.607933,0.153643,0,0.66528,12.849,1,0.486262,0.36288,0,113.453,4.33933,108.99,0.84672,12.849,0.84672,3695.15,0,36.966,0.313327,1.49637,1.82459,5.65155,0.902973,7.7562,0.42336,36.966,0.42336,423.524,0,1.02816,0,0,2.52453,1.49637,1.028160,1,0,116.746,0,0,0,116.746,0
69.3667,2.4951,0,0,5.42599,0.282227,0.36288,3.6288,46.4449,0.391842,0,0,0.731452,0.153732,0,0.66528,12.849,1,0.477923,0.36288,0,138.436,4.33933,133.982,0.84672,12.849,0.84672,3695.15,0,36.966,0.313125,2.36884,1.89607,6.38762,0.902973,9.43643,0.42336,36.966,0.42336,423.524,0,1.02816,0,0,3.397,2.36884,1.028160,1,0,143.418,0,0,0,143.418,0
70.0168,2.5085,0,0,3.80873,0.287324,0.36288,3.6288,46.4454,0.392583,0,0,0.547135,0.153997,0,0.66528,12.849,1,0.464656,0.36288,0,94.2201,4.33933,89.779,0.84672,12.849,0.84672,3695.15,0,36.966,0.312461,1.15773,1.89616,4.83175,0.902973,6.6702,0.42336,36.966,0.42336,423.524,0,1.02816,0,0,2.18589,1.15773,1.028160,1,0,96.4491,0,0,0,96.4491,0
70.1786,2.51225,0,0,3.29997,0.262954,0.36288,3.6288,46.3611,0.392628,0,0,0.476244,0.167953,0,0.66528,12.849,1,0.461032,0.36288,0,76.7543,4.09823,72.5579,0.84672,12.849,0.84672,3695.15,0,36.966,0.312493,1.04087,1.89624,3.74518,0.942005,5.42779,0.42336,36.966,0.42336,423.524,0,1.02816,0,0,2.06903,1.04087,1.028160,1,0,77.9857,0,0,0,77.9857,0
70.0335,2.47862,0,0,2.92514,0.228815,0.36288,3.6288,46.3274,0.377872,0,0,0.530634,0.186416,0,0.66528,12.849,1,0.453811,0.36288,0,66.7984,3.77674,62.9308,0.84672,12.849,0.84672,3695.15,0,36.966,0.301296,1.3259,1.89633,3.44952,0.994048,5.37641,0.42336,36.966,0.42336,423.524,0,1.02816,0,0,2.35406,1.3259,1.028160,1,0,68.3072,0,0,0,68.3072,0
69.7056,2.47794,0,0,2.74154,0.228559,0.36288,3.6288,46.2174,0.377793,0,0,0.454087,0.186358,0,0.66528,12.849,1,0.454626,0.36288,0,63.2284,3.77674,59.3599,0.84672,12.849,0.84672,3695.15,0,36.966,0.301452,0.88573,1.86862,3.26544,0.994048,4.72429,0.42336,36.966,0.42336,423.524,0,1.02816,0,0,1.91389,0.88573,1.028160,1,0,64.0842,0,0,0,64.0842,0
69.9078,2.47624,0,0,3.24543,0.204129,0.36288,3.6288,46.0943,0.377436,0,0,0.451179,0.196788,0,0.66528,12.849,1,0.456452,0.36288,0,66.8868,4.71244,62.0808,0.84672,12.849,0.84672,3695.15,0,36.966,0.301884,0.983025,1.8687,4.29973,1.03094,5.81864,0.42336,36.966,0.42336,423.524,0,1.02816,0,0,2.01118,0.983025,1.028160,1,0,67.8994,0,0,0,67.8994,0
69.3805,2.47747,0,0,2.46594,0.152899,0.36288,3.6288,45.9291,0.377031,0,0,0.425788,0.213927,0,0.66528,12.849,1,0.455357,0.36288,0,45.7538,5.59323,40.0681,0.84672,12.849,0.84672,3695.15,0,36.966,0.302365,0.884339,1.86879,3.20308,1.13466,4.51917,0.42336,36.966,0.42336,423.524,0,1.02816,0,0,1.9125,0.884339,1.028160,1,0,44.5873,0,0,0,44.5873,0
68.7898,2.59205,0,0,2.52968,0.165491,0.36288,3.6288,45.7586,0.427623,0,0,0.471303,0.214243,0,0.66528,12.849,1,0.480037,0.36288,0,48.9688,4.88869,43.9629,0.84672,12.849,0.84672,3695.15,0,36.966,0.344172,1.09458,1.86887,3.15254,1.05437,4.71745,0.42336,36.966,0.42336,423.524,0,1.02816,0,0,2.12274,1.09458,1.028160,1,0,48.6804,0,0,0,48.6804,0
67.7755,2.80388,0,0,2.31724,0.164733,0.36288,3.6288,45.4661,0.509727,0,0,0.431117,0.213904,0,0.66528,12.849,1,0.523728,0.36288,0,43.9391,4.88869,38.8895,0.84672,12.849,0.84672,3695.15,0,36.966,0.411782,0.885591,1.96635,3.01124,1.05437,4.39703,0.42336,36.966,0.42336,423.524,0,1.02816,0,0,1.91375,0.885591,1.028160,1,0,43.2866,0,0,0,43.2866,0
66.6461,2.79742,0,0,2.15261,0.121721,0.36288,3.6288,45.132,0.508313,0,0,0.412709,0.238495,0,0.66528,12.849,1,0.53034,0.36288,0,38.8763,5.20999,33.4988,0.84672,12.849,0.84672,3695.15,0,36.966,0.413282,0.819426,2.12991,2.87522,1.13646,4.27481,0.42336,36.966,0.42336,423.524,0,1.02816,0,0,1.84759,0.819426,1.028160,1,0,37.7736,0,0,0,37.7736,0
65.4059,2.79001,0,0,2.02647,0.113751,0.36288,3.6288,44.7775,0.506679,0,0,0.394181,0.241935,0,0.66528,12.849,1,0.537898,0.36288,0,38.3061,5.26354,32.8676,0.84672,12.849,0.84672,3695.15,0,36.966,0.415003,0.691165,2.13,2.91233,1.15014,4.16836,0.42336,36.966,0.42336,423.524,0,1.02816,0,0,1.71933,0.691165,1.028160,1,0,37.0359,0,0,0,37.0359,0
64.424,2.78161,0,0,2.27825,0.115661,0.36288,3.6288,44.496,0.504927,0,0,0.445865,0.222487,0,0.66528,12.849,1,0.546447,0.36288,0,39.55,5.01606,34.3504,0.84672,12.849,0.84672,3695.15,0,36.966,0.416841,0.935773,2.1301,3.07266,1.16919,4.55249,0.42336,36.966,0.42336,423.524,0,1.02816,0,0,1.96393,0.935773,1.028160,1,0,38.9029,0,0,0,38.9029,0
63.4689,2.74993,0,0,2.24441,0.0867653,0.36288,3.6288,44.1907,0.553468,0,0,0.472843,0.224694,0,0.66528,12.849,1,0.548459,0.36288,0,37.0866,5.00682,31.8942,0.84672,12.849,0.84672,3695.15,0,36.966,0.42336,0.934641,2.13019,3.07871,1.20348,4.51671,0.42336,36.966,0.42336,423.524,0,1.02816,0,0,1.9628,0.934641,1.028160,1,0,36.4109,0,0,0,36.4109,0
62.3688,2.74319,0,0,2.09205,0.0860345,0.36288,3.6288,43.8866,0.553557,0,0,0.473558,0.22405,0,0.66528,12.849,1,0.555348,0.36288,0,34.2617,5.00682,29.0624,0.84672,12.849,0.84672,3695.15,0,36.966,0.42336,1.01174,2.16717,2.82052,1.20348,4.3726,0.42336,36.966,0.42336,423.524,0,1.02816,0,0,2.0399,1.01174,1.028160,1,0,33.435,0,0,0,33.435,0
61.1316,2.73519,0,0,1.94615,0.0852649,0.36288,3.6288,43.576,0.553646,0,0,0.466389,0.223408,0,0.66528,12.849,1,0.563495,0.36288,0,31.9049,5.00682,26.6975,0.84672,12.849,0.84672,3695.15,0,36.966,0.42336,0.995267,2.16727,2.75546,1.20348,4.29116,0.42336,36.966,0.42336,423.524,0,1.02816,0,0,2.02343,0.995267,1.028160,1,0,30.9887,0,0,0,30.9887,0
59.8369,2.72589,0,0,1.87169,0.0776797,0.36288,3.6288,43.1608,0.553735,0,0,0.403404,0.264846,0,0.66528,12.849,1,0.572943,0.36288,0,29.0051,5.69075,23.1043,0.84672,12.849,0.84672,3695.15,0,36.966,0.42336,0.793619,2.16736,2.52818,1.39049,3.67532,0.42336,36.966,0.42336,423.524,0,1.02816,0,0,1.82178,0.793619,1.028160,1,0,26.7796,0,0,0,26.7796,0
58.5538,2.77918,0,0,1.93315,0.0741203,0.36288,3.6288,42.7007,0.602825,0,0,0.407057,0.264306,0,0.66528,12.849,1,0.596785,0.36288,0,34.0534,5.88987,27.9297,0.84672,12.849,0.84672,3695.15,0,36.966,0.42336,0.746781,2.16746,2.4089,1.49558,3.4042,0.42336,36.966,0.42336,423.524,0,1.02816,0,0,1.77494,0.746781,1.028160,1,0,31.3339,0,0,0,31.3339,0
57.1491,2.76858,0,0,1.80001,0.0732094,0.36288,3.6288,42.1878,0.602916,0,0,0.353145,0.263149,0,0.66528,12.849,1,0.607536,0.36288,0,28.8338,5.88987,22.6993,0.84672,12.849,0.84672,3695.15,0,36.966,0.42336,0.890482,2.21984,2.43111,1.49558,3.62249,0.42336,36.966,0.42336,423.524,0,1.02816,0,0,1.91864,0.890482,1.028160,1,0,26.3218,0,0,0,26.3218,0
55.6218,2.75651,0,0,1.66422,0.0722122,0.36288,3.6288,41.6504,0.603007,0,0,0.327491,0.261858,0,0.66528,12.849,1,0.619755,0.36288,0,27.6491,5.88987,21.5024,0.84672,12.849,0.84672,3695.15,0,36.966,0.42336,0.657003,2.21994,2.11383,1.49558,3.07184,0.42336,36.966,0.42336,423.524,0,1.02816,0,0,1.68516,0.657003,1.028160,1,0,24.5742,0,0,0,24.5742,0
54.1504,2.74281,0,0,1.70119,0.0668717,0.36288,3.6288,41.1483,0.603098,0,0,0.363689,0.262726,0,0.66528,12.849,1,0.633608,0.36288,0,26.2971,5.96464,20.0617,0.84672,12.849,0.84672,3695.15,0,36.966,0.42336,0.884373,2.22004,2.61465,1.51052,3.78519,0.42336,36.966,0.42336,423.524,0,1.02816,0,0,1.91253,0.884373,1.028160,1,0,23.8469,0,0,0,23.8469,0
52.5261,2.91128,0,0,1.72094,0.0710379,0.36288,3.6288,40.5432,0.66528,0,0,0.310735,0.250556,0,0.66528,12.849,1,0.690798,0.36288,0,22.2796,5.97285,15.9789,0.84672,12.849,0.84672,3695.15,0,36.966,0.42336,0.562896,2.22014,2.18512,1.51591,3.02889,0.42336,36.966,0.42336,423.524,0,1.02816,0,0,1.59106,0.562896,1.028160,1,0,19.0077,0,0,0,19.0077,0
51.0974,2.89424,0,0,1.89842,0.0700262,0.36288,3.6288,39.9883,0.66528,0,0,0.358076,0.247646,0,0.66528,12.849,1,0.707993,0.36288,0,25.8484,5.98668,19.5166,0.84672,12.849,0.84672,3695.15,0,36.966,0.42336,0.846539,2.31047,2.0573,1.5193,3.27164,0.42336,36.966,0.42336,423.524,0,1.02816,0,0,1.8747,0.846539,1.028160,1,0,22.7882,0,0,0,22.7882,0
49.2922,2.87855,0,0,1.50524,0.0689957,0.36288,3.6288,39.3455,0.66528,0,0,0.268764,0.246313,0,0.66528,12.849,1,0.723843,0.36288,0,28.3826,5.98668,22.0349,0.84672,12.849,0.84672,3695.15,0,36.966,0.42336,0.37984,2.3105,1.65185,1.5193,2.39953,0.42336,36.966,0.42336,423.524,0,1.02816,0,0,1.408,0.37984,1.028160,1,0,24.4345,0,0,0,24.4345,0
47.8336,2.85765,0,0,1.82957,0.0676923,0.36288,3.6288,38.8675,0.66528,0,0,0.432103,0.244824,0,0.66528,12.849,1,0.744904,0.36288,0,24.7409,5.98668,18.3722,0.84672,12.849,0.84672,3695.15,0,36.966,0.42336,1.30621,2.31053,2.38011,1.5193,4.05419,0.42336,36.966,0.42336,423.524,0,1.02816,0,0,2.33437,1.30621,1.028160,1,0,22.4264,0,0,0,22.4264,0
46.1725,2.83987,0,0,1.60976,0.0680755,0.36288,3.6288,38.3747,0.66528,0,0,0.397576,0.225128,0,0.66528,12.849,1,0.762843,0.36288,0,27.4773,5.6895,21.3878,0.84672,12.849,0.84672,3695.15,0,36.966,0.42336,0.838218,2.31056,2.36921,1.46389,3.63074,0.42336,36.966,0.42336,423.524,0,1.02816,0,0,1.86638,0.838218,1.028160,1,0,25.0186,0,0,0,25.0186,0
44.2533,2.73253,0,0,1.24416,0.0679038,0.36288,3.6288,37.9031,0.66528,0,0,0.403951,0.210197,0,0.66528,12.849,1,0.760416,0.36288,0,46.1237,5.46661,40.2595,0.84672,12.849,0.84672,3695.15,0,36.966,0.42336,0.851351,2.31059,1.89607,1.42233,3.21232,0.42336,36.966,0.42336,423.524,0,1.02816,0,0,1.87951,0.851351,1.028160,1,0,43.4719,0,0,0,43.4719,0
41.8558,2.70709,0,0,0.73891,0.0664529,0.36288,3.6288,37.1624,0.807529,0,0,0.276015,0.209251,0,0.66528,12.849,1,0.786007,0.36288,0,32.0655,5.46661,26.1757,0.84672,12.849,0.84672,3695.15,0,36.966,0.42336,0.216518,2.29002,1.23252,1.42233,1.89336,0.42336,36.966,0.42336,423.524,0,0.885911,0,0,1.10243,0.216518,1.028160,1,0,28.0691,0,0,0,28.0691,0
39.9486,2.46763,0,0,1.02038,0.0970787,0.36288,3.6288,36.8228,0.510296,0,0,0.378705,0.207961,0,0.66528,12.849,1,0.75752,0.36288,0,33.7488,5.1919,28.1622,0.84672,12.849,0.84672,3695.15,0,36.966,0.42336,0.243959,2.29005,1.65434,1.37104,2.39395,0.42336,36.966,0.42336,423.524,0,1.02816,0,0,1.27212,0.243959,1.028160,1,0,30.5562,0,0,0,30.5562,0
39.5381,2.44038,0,0,2.53408,0.141331,0.36288,3.6288,36.7156,0.510383,0,0,0.6213,0.218134,0,0.66528,12.849,1,0.784919,0.36288,0,50.4494,4.73339,45.294,0.84672,12.849,0.84672,3695.15,0,36.966,0.42336,1.83907,2.12009,3.28959,1.20459,5.6208,0.42336,36.966,0.42336,423.524,0,1.02816,0,0,2.86723,1.83907,1.028160,1,0,50.9148,0,0,0,50.9148,0
37.1556,2.56859,0,0,0.666705,0.117758,0.36288,3.6288,36.0559,0.775324,0,0,0.298936,0.183345,0,0.66528,12.849,1,0.834733,0.36288,0,26.8973,4.33123,22.0942,0.84672,12.849,0.84672,3695.15,0,36.966,0.42336,0.216518,2.12019,1.74415,0.961409,2.69608,0.42336,36.966,0.42336,423.524,0,0.828628,0,0,1.04515,0.216518,1.028160,1,0,24.7903,0,0,0,24.7903,0
35.0913,2.33484,0,0,0.816039,0.182619,0.36288,3.6288,35.2461,0.852204,0,0,0.216296,0.173877,0,0.66528,12.849,1,0.807424,0.36288,0,34.5305,4.42859,29.6574,0.84672,12.849,0.84672,3695.15,0,36.966,0.42336,0.216518,2.20408,1.58175,1.08542,2.49357,0.42336,36.966,0.42336,423.524,0,0.596238,0,0,0.812756,0.216518,1.028160,1,0,32.151,0,0,0,32.151,0
32.8991,2.49138,0,0,0.840266,0.178162,0.36288,3.6288,34.8131,0.575972,0,0,0.315472,0.172502,0,0.66528,12.849,1,0.912242,0.36288,0,35.0335,4.42859,30.0555,0.84672,12.849,0.84672,3695.15,0,36.966,0.42336,0.578146,2.03501,2.17651,1.08542,3.28089,0.42336,36.966,0.42336,423.524,0,1.02816,0,0,1.60631,0.578146,1.028160,1,0,33.3364,0,0,0,33.3364,0
32.2701,2.44778,0,0,2.35504,0.17343,0.36288,3.6288,35.0098,0.576062,0,0,0.944556,0.171767,0,0.66528,12.849,1,0.955997,0.36288,0,108.515,4.42859,103.493,0.84672,12.849,0.84672,3695.15,0,36.966,0.42336,2.23196,2.20428,4.51839,1.08542,7.44586,0.42336,36.966,0.42336,423.524,0,1.02816,0,0,3.26012,2.23196,1.028160,1,0,110.939,0,0,0,110.939,0
31.9011,2.2944,0,0,2.47101,0.182739,0.36288,3.6288,35.289,0.407476,0,0,0.850202,0.163511,0,0.66528,12.849,1,0.913562,0.36288,0,92.5591,3.65107,88.3574,0.84672,12.849,0.84672,3695.15,0,36.966,0.42336,0.763802,2.20438,3.30211,0.870862,4.97607,0.42336,36.966,0.42336,423.524,0,1.02816,0,0,1.79196,0.763802,1.028160,1,0,93.3334,0,0,0,93.3334,0
30.8757,2.28697,0,0,1.8081,0.183663,0.36288,3.6288,35.3624,0.407558,0,0,0.643474,0.162526,0,0.66528,12.849,1,0.921137,0.36288,0,91.5615,3.52149,87.4818,0.84672,12.849,0.84672,3695.15,0,36.966,0.42336,1.54629,2.03743,2.83577,0.835102,5.16103,0.42336,36.966,0.42336,423.524,0,1.02816,0,0,2.57445,1.54629,1.028160,1,0,92.6428,0,0,0,92.6428,0
29.2624,2.26547,0,0,1.19635,0.181272,0.36288,3.6288,34.9939,0.577382,0,0,0.371469,0.162643,0,0.66528,12.849,1,0.94278,0.36288,0,50.6914,3.52149,46.59,0.84672,12.849,0.84672,3695.15,0,36.966,0.42336,0.412474,2.03752,2.37105,0.835102,3.56259,0.42336,36.966,0.42336,423.524,0,0.858419,0,0,1.27089,0.412474,1.028160,1,0,50.1526,0,0,0,50.1526,0
28.1075,2.22945,0,0,1.63261,0.195202,0.36288,3.6288,34.8856,0.407723,0,0,0.48293,0.183482,0,0.66528,12.849,1,0.978941,0.36288,0,58.772,4.09292,54.063,0.84672,12.849,0.84672,3695.15,0,36.966,0.42336,0.679951,2.03761,3.46291,1.01336,4.74375,0.42336,36.966,0.42336,423.524,0,1.02816,0,0,1.70811,0.679951,1.028160,1,0,58.8067,0,0,0,58.8067,0
26.6654,2.20194,0,0,1.30581,0.183011,0.36288,3.6288,34.841,0.407806,0,0,0.538001,0.174793,0,0.66528,12.849,1,1.00659,0.36288,0,66.5331,4.14261,61.7468,0.84672,12.849,0.84672,3695.15,0,36.966,0.42336,0.655491,2.0377,3.03264,0.99161,4.31086,0.42336,36.966,0.42336,423.524,0,1.02816,0,0,1.68365,0.655491,1.028160,1,0,66.0576,0,0,0,66.0576,0
24.6067,2.47678,0,0,0.939185,0.158278,0.36288,3.6288,35.0469,0.21452,0,0,0.572386,0.151985,0,0.66528,12.849,1,1.19346,0.36288,0,31.1714,3.90411,26.4367,0.84672,12.849,0.84672,3695.15,0,36.966,0.227604,0.412474,2.03779,2.88481,0.867543,4.23993,0.42336,36.966,0.42336,423.524,0,1.0179,0,0,1.43038,0.412474,1.028160,1,0,30.6766,0,0,0,30.6766,0
23.1665,2.41126,0,0,1.48764,0.153708,0.36288,3.6288,35.299,0.210213,0,0,0.614596,0.152294,0,0.66528,12.849,1,1.2591,0.36288,0,32.4969,3.90411,27.6965,0.84672,12.849,0.84672,3695.15,0,36.966,0.221724,0.629286,1.81582,3.34523,0.867543,4.70107,0.42336,36.966,0.42336,423.524,0,1.02816,0,0,1.65745,0.629286,1.028160,1,0,32.3976,0,0,0,32.3976,0
22.5317,2.36099,0,0,2.24659,0.157489,0.36288,3.6288,35.617,0.211021,0,0,0.682702,0.15362,0,0.66528,12.849,1,1.30949,0.36288,0,53.2187,3.97149,48.3006,0.84672,12.849,0.84672,3695.15,0,36.966,0.220987,0.766705,1.8159,4.13533,0.905244,5.5917,0.42336,36.966,0.42336,423.524,0,1.02816,0,0,1.79487,0.766705,1.028160,1,0,53.8923,0,0,0,53.8923,0
22.4613,2.33757,0,0,2.82752,0.197525,0.36288,3.6288,35.936,0.212024,0,0,0.690789,0.159798,0,0.66528,12.849,1,1.33303,0.36288,0,70.0037,4.37577,64.6578,0.84672,12.849,0.84672,3695.15,0,36.966,0.220054,0.826148,1.81597,4.11489,1.13145,5.40551,0.42336,36.966,0.42336,423.524,0,1.02816,0,0,1.85431,0.826148,1.028160,1,0,70.0633,0,0,0,70.0633,0
21.6996,2.53647,0,0,2.31626,0.178521,0.36288,3.6288,36.1329,0.322196,0,0,0.63841,0.11925,0,0.66528,12.849,1,1.45099,0.36288,0,47.9758,2.85779,44.0299,0.84672,12.849,0.84672,3695.15,0,36.966,0.331431,1.34463,1.81605,3.43396,0.827005,5.43621,0.42336,36.966,0.42336,423.524,0,1.02816,0,0,2.37279,1.34463,1.028160,1,0,49.4662,0,0,0,49.4662,0
21.2561,2.50457,0,0,2.6006,0.176695,0.36288,3.6288,36.3225,0.323128,0,0,0.632142,0.11948,0,0.66528,12.849,1,1.48303,0.36288,0,57.0259,2.85779,53.048,0.84672,12.849,0.84672,3695.15,0,36.966,0.330577,1.5267,2.0466,3.74969,0.827005,6.1654,0.42336,36.966,0.42336,423.524,0,1.02816,0,0,2.55486,1.5267,1.028160,1,0,59.2134,0,0,0,59.2134,0
20.5444,2.48536,0,0,2.31074,0.174141,0.36288,3.6288,36.5462,0.324021,0,0,0.671935,0.124205,0,0.66528,12.849,1,1.50237,0.36288,0,42.154,2.98882,38.0257,0.84672,12.849,0.84672,3695.15,0,36.966,0.329762,1.16947,2.04668,3.95003,0.868001,5.96842,0.42336,36.966,0.42336,423.524,0,1.02816,0,0,2.19763,1.16947,1.028160,1,0,43.9942,0,0,0,43.9942,0
21.4319,2.45343,0,0,3.86093,0.157219,0.36288,3.6288,37.0762,0.325064,0,0,0.994198,0.139107,0,0.66528,12.849,1,1.53443,0.36288,0,93.3751,3.93347,88.27,0.84672,12.849,0.84672,3695.15,0,36.966,0.328798,1.9465,2.04677,7.87958,1.01856,10.5255,0.42336,36.966,0.42336,423.524,0,1.02816,0,0,2.97466,1.9465,1.028160,1,0,98.7955,0,0,0,98.7955,0
22.2923,1.98341,0,0,3.38842,0.181634,0.36288,3.6288,37.5302,0.407967,0,0,0.982689,0.120738,0,0.66528,12.849,1,1.18911,0.36288,0,59.4848,3.06453,55.594,0.84672,12.849,0.84672,3695.15,0,36.966,0.406754,1.15728,2.04686,5.40219,0.83771,7.36186,0.42336,36.966,0.42336,423.524,0,1.02816,0,0,2.18544,1.15728,1.028160,1,0,62.9559,0,0,0,62.9559,0
23.2147,2.0126,0,0,3.48157,0.183763,0.36288,3.6288,37.9491,0.41048,0,0,0.950595,0.121267,0,0.66528,12.849,1,1.16004,0.36288,0,52.2396,3.06453,48.3779,0.84672,12.849,0.84672,3695.15,0,36.966,0.404309,1.11506,2.01834,5.00489,0.83771,6.89627,0.42336,36.966,0.42336,423.524,0,1.02816,0,0,2.14322,1.11506,1.028160,1,0,55.2742,0,0,0,55.2742,0
24.3669,2.04235,0,0,3.74348,0.186044,0.36288,3.6288,38.4217,0.412775,0,0,1.00723,0.121756,0,0.66528,12.849,1,1.13041,0.36288,0,56.6412,3.06453,52.8092,0.84672,12.849,0.84672,3695.15,0,36.966,0.402083,1.28813,2.01842,5.38975,0.83771,7.4565,0.42336,36.966,0.42336,423.524,0,1.02816,0,0,2.31629,1.28813,1.028160,1,0,60.2657,0,0,0,60.2657,0
26.6945,2.07742,0,0,4.95635,0.188454,0.36288,3.6288,39.1588,0.415331,0,0,1.27941,0.127006,0,0.66528,12.849,1,1.09545,0.36288,0,97.6372,3.16002,93.7446,0.84672,12.849,0.84672,3695.15,0,36.966,0.399595,2.16982,2.01849,6.48135,0.894597,9.37547,0.42336,36.966,0.42336,423.524,0,1.02816,0,0,3.19798,2.16982,1.028160,1,0,103.12,0,0,0,103.12,0
30.0248,2.14198,0,0,6.03013,0.194967,0.36288,3.6288,40.1631,0.419236,0,0,1.56759,0.144066,0,0.66528,12.849,1,1.03101,0.36288,0,133.105,3.31679,129.12,0.84672,12.849,0.84672,3695.15,0,36.966,0.395759,4.43561,2.01857,8.42903,0.964851,13.5226,0.42336,36.966,0.42336,423.524,0,1.02816,0,0,5.46377,4.43561,1.028160,1,0,142.643,0,0,0,142.643,0
32.8421,2.55646,0,0,5.94237,0.205674,0.36288,3.6288,41.794,0.223777,0,0,2.00341,0.148728,0,0.66528,12.849,1,1.09403,0.36288,0,124.356,3.25532,120.37,0.84672,12.849,0.84672,3695.15,0,36.966,0.205963,3.57629,2.01864,7.17144,0.91088,11.6495,0.42336,36.966,0.42336,423.524,0,1.02816,0,0,4.60445,3.57629,1.028160,1,0,132.019,0,0,0,132.019,0
33.8321,2.62401,0,0,4.19013,0.213262,0.36288,3.6288,42.4426,0.228079,0,0,1.02775,0.151105,0,0.66528,12.849,1,1.0266,0.36288,0,85.0824,3.25532,81.1634,0.84672,12.849,0.84672,3695.15,0,36.966,0.201731,1.97201,1.81048,5.54833,0.91088,8.21821,0.42336,36.966,0.42336,423.524,0,1.02816,0,0,3.00017,1.97201,1.028160,1,0,89.3816,0,0,0,89.3816,0
34.3961,2.64586,0,0,3.78256,0.209816,0.36288,3.6288,43.1826,0.229764,0,0,1.12599,0.156158,0,0.66528,12.849,1,1.00486,0.36288,0,92.7081,3.31349,88.7526,0.84672,12.849,0.84672,3695.15,0,36.966,0.200116,2.06355,1.81055,5.80572,0.92233,8.55737,0.42336,36.966,0.42336,423.524,0,1.02816,0,0,3.09171,2.06355,1.028160,1,0,97.31,0,0,0,97.31,0
34.739,2.65795,0,0,3.54021,0.17651,0.36288,3.6288,43.8652,0.231649,0,0,1.08387,0.169701,0,0.66528,12.849,1,0.992902,0.36288,0,76.915,3.62147,72.6635,0.84672,12.849,0.84672,3695.15,0,36.966,0.198301,2.09779,1.81063,5.50733,0.984457,8.23299,0.42336,36.966,0.42336,423.524,0,1.02816,0,0,3.12595,2.09779,1.028160,1,0,80.8965,0,0,0,80.8965,0
34.4727,2.36825,0,0,2.67091,0.206053,0.36288,3.6288,43.9061,0.467073,0,0,0.662925,0.154898,0,0.66528,12.849,1,0.87595,0.36288,0,56.2905,3.75744,52.02,0.84672,12.849,0.84672,3695.15,0,36.966,0.393611,1.37033,1.8107,3.77294,0.992297,5.56807,0.42336,36.966,0.42336,423.524,0,1.02816,0,0,2.39849,1.37033,1.028160,1,0,57.588,0,0,0,57.588,0
33.9724,2.36341,0,0,2.40237,0.176392,0.36288,3.6288,43.8047,0.46731,0,0,0.549846,0.183971,0,0.66528,12.849,1,0.880912,0.36288,0,50.4969,4.08351,45.8954,0.84672,12.849,0.84672,3695.15,0,36.966,0.393444,1.19896,2.06728,3.45582,1.01578,5.31284,0.42336,36.966,0.42336,423.524,0,1.02816,0,0,2.22712,1.19896,1.028160,1,0,51.2082,0,0,0,51.2082,0
33.424,2.35408,0,0,2.31512,0.146593,0.36288,3.6288,43.7121,0.466854,0,0,0.57518,0.200957,0,0.66528,12.849,1,0.890358,0.36288,0,48.3614,4.25649,43.5774,0.84672,12.849,0.84672,3695.15,0,36.966,0.39397,1.29231,2.06736,3.66957,1.02611,5.60916,0.42336,36.966,0.42336,423.524,0,1.02816,0,0,2.32047,1.29231,1.028160,1,0,49.1866,0,0,0,49.1866,0
32.7164,2.34362,0,0,2.14457,0.145605,0.36288,3.6288,43.5787,0.46644,0,0,0.533869,0.20078,0,0.66528,12.849,1,0.900944,0.36288,0,44.128,4.25649,39.3335,0.84672,12.849,0.84672,3695.15,0,36.966,0.394455,1.14928,2.06744,3.6015,1.02611,5.39766,0.42336,36.966,0.42336,423.524,0,1.02816,0,0,2.17744,1.14928,1.028160,1,0,44.7311,0,0,0,44.7311,0
31.5433,2.69826,0,0,2.01346,0.125455,0.36288,3.6288,43.6144,0.271744,0,0,0.497975,0.190506,0,0.66528,12.849,1,1.05971,0.36288,0,41.5448,4.26873,36.5792,0.84672,12.849,0.84672,3695.15,0,36.966,0.230509,0.985383,2.06751,3.01534,1.08266,4.75507,0.42336,36.966,0.42336,423.524,0,1.02816,0,0,2.01354,0.985383,1.028160,1,0,41.3343,0,0,0,41.3343,0
30.2223,2.67035,0,0,1.82097,0.108773,0.36288,3.6288,43.6276,0.271886,0,0,0.477597,0.192537,0,0.66528,12.849,1,1.08775,0.36288,0,36.9185,4.39719,31.7965,0.84672,12.849,0.84672,3695.15,0,36.966,0.23044,0.978134,1.88664,2.93434,1.06868,4.49999,0.42336,36.966,0.42336,423.524,0,1.02816,0,0,2.00629,0.978134,1.028160,1,0,36.2965,0,0,0,36.2965,0
28.8796,2.63707,0,0,1.76425,0.10691,0.36288,3.6288,43.6635,0.271963,0,0,0.500453,0.192561,0,0.66528,12.849,1,1.12115,0.36288,0,35.0306,4.39719,29.8752,0.84672,12.849,0.84672,3695.15,0,36.966,0.230436,0.905144,1.88672,3.04601,1.06868,4.53876,0.42336,36.966,0.42336,423.524,0,1.02816,0,0,1.9333,0.905144,1.028160,1,0,34.4139,0,0,0,34.4139,0
27.4629,2.60109,0,0,1.65222,0.104993,0.36288,3.6288,43.6605,0.272105,0,0,0.461672,0.192626,0,0.66528,12.849,1,1.15726,0.36288,0,32.8337,4.39719,27.6422,0.84672,12.849,0.84672,3695.15,0,36.966,0.230367,0.729734,1.8868,2.7599,1.06868,4.07738,0.42336,36.966,0.42336,423.524,0,1.02816,0,0,1.75789,0.729734,1.028160,1,0,31.7195,0,0,0,31.7195,0
26.1425,2.5605,0,0,1.68175,0.0788182,0.36288,3.6288,43.6141,0.272135,0,0,0.433953,0.20821,0,0.66528,12.849,1,1.19797,0.36288,0,30.4576,4.81328,24.8093,0.84672,12.849,0.84672,3695.15,0,36.966,0.230409,0.575338,1.88688,2.29654,1.14218,3.38617,0.42336,36.966,0.42336,423.524,0,1.02816,0,0,1.6035,0.575338,1.028160,1,0,28.1954,0,0,0,28.1954,0
24.8539,2.49998,0,0,1.64462,0.0702792,0.36288,3.6288,43.5134,0.301859,0,0,0.408084,0.206941,0,0.66528,12.849,1,1.22874,0.36288,0,29.2364,4.78453,23.586,0.84672,12.849,0.84672,3695.15,0,36.966,0.255847,0.330497,1.88696,2.07874,1.14892,2.89143,0.42336,36.966,0.42336,423.524,0,1.02816,0,0,1.35866,0.330497,1.028160,1,0,26.4774,0,0,0,26.4774,0
23.4615,2.45807,0,0,1.49755,0.069,0.36288,3.6288,43.409,0.301579,0,0,0.403963,0.206743,0,0.66528,12.849,1,1.27078,0.36288,0,29.0103,4.78453,23.3178,0.84672,12.849,0.84672,3695.15,0,36.966,0.256201,0.332433,1.924,2.00069,1.14892,2.852,0.42336,36.966,0.42336,423.524,0,1.02816,0,0,1.36059,0.332433,1.028160,1,0,26.1698,0,0,0,26.1698,0
21.9766,2.40942,0,0,1.35494,0.0676176,0.36288,3.6288,43.2233,0.354006,0,0,0.374884,0.206538,0,0.66528,12.849,1,1.31955,0.36288,0,26.0517,4.78453,20.3105,0.84672,12.849,0.84672,3695.15,0,36.966,0.301463,0.261274,1.92408,1.91884,1.14892,2.65381,0.42336,36.966,0.42336,423.524,0,0.930545,0,0,1.19182,0.261274,1.028160,1,0,22.9643,0,0,0,22.9643,0
20.5198,2.35323,0,0,1.30888,0.0495478,0.36288,3.6288,42.9675,0.347807,0,0,0.354757,0.262833,0,0.66528,12.849,1,1.37586,0.36288,0,24.0233,5.64148,17.3689,0.84672,12.849,0.84672,3695.15,0,36.966,0.297456,0.261274,1.92416,1.8111,1.46193,2.23715,0.42336,36.966,0.42336,423.524,0,0.940827,0,0,1.2021,0.261274,1.028160,1,0,19.606,0,0,0,19.606,0
19.0918,2.34069,0,0,1.32047,0.0448727,0.36288,3.6288,42.6474,0.386517,0,0,0.334553,0.268142,0,0.66528,12.849,1,1.46568,0.36288,0,23.9143,5.84294,16.9686,0.84672,12.849,0.84672,3695.15,0,36.966,0.33253,0.261274,1.92424,1.65729,1.53674,1.97353,0.42336,36.966,0.42336,423.524,0,0.91622,0,0,1.17749,0.261274,1.028160,1,0,18.9421,0,0,0,18.9421,0
17.646,2.27523,0,0,1.23628,0.0439891,0.36288,3.6288,42.3219,0.380736,0,0,0.322614,0.267324,0,0.66528,12.849,1,1.53126,0.36288,0,22.4326,5.84294,15.4213,0.84672,12.849,0.84672,3695.15,0,36.966,0.330016,0.261274,1.97672,1.71419,1.53674,2.08543,0.42336,36.966,0.42336,423.524,0,0.924592,0,0,1.18587,0.261274,1.028160,1,0,17.5068,0,0,0,17.5068,0
16.1304,2.20271,0,0,1.09309,0.0430945,0.36288,3.6288,41.9322,0.426933,0,0,0.303705,0.266492,0,0.66528,12.849,1,1.60391,0.36288,0,21.1907,5.84294,14.1068,0.84672,12.849,0.84672,3695.15,0,36.966,0.372904,0.227405,1.9768,1.60813,1.53674,1.90269,0.42336,36.966,0.42336,423.524,0,0.835583,0,0,1.06299,0.227405,1.028160,1,0,16.0095,0,0,0,16.0095,0
14.5995,2.11889,0,0,0.987785,0.0369073,0.36288,3.6288,41.521,0.441984,0,0,0.300705,0.269946,0,0.66528,12.849,1,1.68785,0.36288,0,20.0875,5.99248,12.77,0.84672,12.849,0.84672,3695.15,0,36.966,0.389638,0.227405,1.97689,1.60457,1.56662,1.8526,0.42336,36.966,0.42336,423.524,0,0.803874,0,0,1.03128,0.227405,1.028160,1,0,14.6226,0,0,0,14.6226,0
12.9657,2.14502,0,0,0.897376,0.0233035,0.36288,3.6288,40.9649,0.581051,0,0,0.289377,0.264342,0,0.66528,12.849,1,1.88782,0.36288,0,19.7145,6.00532,12.1842,0.84672,12.849,0.84672,3695.15,0,36.966,0.42336,0.227405,1.97697,1.49785,1.54151,1.73735,0.42336,36.966,0.42336,423.524,0,0.808427,0,0,1.03583,0.227405,1.028160,1,0,13.9216,0,0,0,13.9216,0
11.3848,2.0256,0,0,0.827375,0.01975,0.36288,3.6288,40.3371,0.625181,0,0,0.25796,0.260633,0,0.66528,12.849,1,2.00737,0.36288,0,18.1469,5.94111,10.5612,0.84672,12.849,0.84672,3695.15,0,36.966,0.42336,0.227405,2.15635,1.44399,1.54318,1.8612,0.42336,36.966,0.42336,423.524,0,0.764381,0,0,0.991786,0.227405,1.028160,1,0,12.4224,0,0,0,12.4224,0
9.98907,1.89472,0,0,0.880908,0.0190627,0.36288,3.6288,39.7163,0.6176,0,0,0.255851,0.259043,0,0.66528,12.849,1,2.13839,0.36288,0,16.9516,5.94111,9.23497,0.84672,12.849,0.84672,3695.15,0,36.966,0.42336,0.204422,2.15644,1.52189,1.54318,1.91621,0.42336,36.966,0.42336,423.524,0,0.772044,0,0,0.976467,0.204422,1.028160,1,0,11.1512,0,0,0,11.1512,0
9.1611,1.76409,0,0,1.3222,0.0232005,0.36288,3.6288,39.326,0.439256,0,0,0.304643,0.255703,0,0.66528,12.849,1,2.26915,0.36288,0,25.0319,5.88174,17.2439,0.84672,12.849,0.84672,3695.15,0,36.966,0.408838,0.204422,2.15653,1.61734,1.5359,2.03355,0.42336,36.966,0.42336,423.524,0,0.964993,0,0,1.16942,0.204422,1.028160,1,0,19.2774,0,0,0,19.2774,0
9.01009,1.50257,0,0,1.73839,0.0239576,0.36288,3.6288,38.8294,0.66528,0,0,0.411594,0.24293,0,0.66528,12.849,1,2.10745,0.36288,0,39.4381,5.58534,32.1082,0.84672,12.849,0.84672,3695.15,0,36.966,0.42336,0.261533,2.15662,2.35287,1.49092,2.85674,0.42336,36.966,0.42336,423.524,0,1.02816,0,0,1.28969,0.261533,1.028160,1,0,34.965,0,0,0,34.965,0
10.1396,1.33194,0,0,2.83712,0.0127982,0.36288,3.6288,38.7863,0.514083,0,0,0.704889,0.233869,0,0.66528,12.849,1,1.89944,0.36288,0,44.0495,5.29893,37.214,0.84672,12.849,0.84672,3695.15,0,36.966,0.42336,1.49168,2.31196,4.67035,1.45643,6.59419,0.42336,36.966,0.42336,423.524,0,1.02816,0,0,2.51984,1.49168,1.028160,1,0,43.8082,0,0,0,43.8082,0
9.58832,1.73054,0,0,1.55536,0.0132084,0.36288,3.6288,38.6616,0.34692,0,0,0.455969,0.233773,0,0.66528,12.849,1,2.19295,0.36288,0,55.7515,5.29893,48.6225,0.84672,12.849,0.84672,3695.15,0,36.966,0.330639,0.700885,2.12419,2.908,1.45643,3.946,0.42336,36.966,0.42336,423.524,0,1.02816,0,0,1.72905,0.700885,1.028160,1,0,52.5685,0,0,0,52.5685,0
9.15966,1.49579,0,0,1.44304,0.0130156,0.36288,3.6288,38.2257,0.66528,0,0,0.462848,0.233496,0,0.66528,12.849,1,2.00447,0.36288,0,33.1149,5.29893,26.1744,0.84672,12.849,0.84672,3695.15,0,36.966,0.42336,0.300931,2.0531,2.19756,1.45643,2.6718,0.42336,36.966,0.42336,423.524,0,1.02816,0,0,1.32909,0.300931,1.028160,1,0,28.8462,0,0,0,28.8462,0
11.1027,1.45681,0,0,3.81838,0.0556823,0.36288,3.6288,38.1515,0.66528,0,0,0.830964,0.239789,0,0.66528,12.849,1,2.04358,0.36288,0,49.36,4.74149,42.9378,0.84672,12.849,0.84672,3695.15,0,36.966,0.42336,2.35174,2.29139,6.41977,1.33273,9.30681,0.42336,36.966,0.42336,423.524,0,1.02816,0,0,3.3799,2.35174,1.028160,1,0,52.2446,0,0,0,52.2446,0
12.8723,1.77698,0,0,3.99513,0.0856785,0.36288,3.6288,38.4503,0.294489,0,0,0.781167,0.187882,0,0.66528,12.849,1,2.05648,0.36288,0,68.6299,4.47111,62.4652,0.84672,12.849,0.84672,3695.15,0,36.966,0.285338,2.19685,2.29141,6.90415,1.08183,10.0252,0.42336,36.966,0.42336,423.524,0,1.02816,0,0,3.22501,2.19685,1.028160,1,0,72.4905,0,0,0,72.4905,0
16.7087,1.91852,0,0,6.20703,0.0891593,0.36288,3.6288,39.1963,0.295658,0,0,1.23005,0.188419,0,0.66528,12.849,1,1.91506,0.36288,0,112.673,4.47111,106.649,0.84672,12.849,0.84672,3695.15,0,36.966,0.284244,3.42528,1.96072,9.22762,1.08183,13.2475,0.42336,36.966,0.42336,423.524,0,1.02816,0,0,4.45344,3.42528,1.028160,1,0,119.897,0,0,0,119.897,0
19.4866,2.16716,0,0,5.40702,0.0990651,0.36288,3.6288,39.9335,0.298481,0,0,1.21643,0.180771,0,0.66528,12.849,1,1.66655,0.36288,0,96.139,4.47618,90.3592,0.84672,12.849,0.84672,3695.15,0,36.966,0.281497,3.30232,1.9608,10.1948,1.11341,14.063,0.42336,36.966,0.42336,423.524,0,1.02816,0,0,4.33048,3.30232,1.028160,1,0,104.422,0,0,0,104.422,0
21.4599,2.31041,0,0,4.77465,0.128136,0.36288,3.6288,40.3941,0.301218,0,0,0.932555,0.170708,0,0.66528,12.849,1,1.52342,0.36288,0,84.2106,4.56295,78.4871,0.84672,12.849,0.84672,3695.15,0,36.966,0.278835,2.49868,1.96088,8.06599,1.13408,11.1126,0.42336,36.966,0.42336,423.524,0,1.02816,0,0,3.52684,2.49868,1.028160,1,0,89.5998,0,0,0,89.5998,0
25.861,2.01048,0,0,6.91457,0.140102,0.36288,3.6288,40.9969,0.435731,0,0,1.18425,0.145745,0,0.66528,12.849,1,1.20377,0.36288,0,140.02,4.02626,135.153,0.84672,12.849,0.84672,3695.15,0,36.966,0.398751,3.47646,1.96097,9.14297,0.966043,13.2156,0.42336,36.966,0.42336,423.524,0,1.02816,0,0,4.50462,3.47646,1.028160,1,0,148.368,0,0,0,148.368,0
28.4678,2.14743,0,0,5.26378,0.146648,0.36288,3.6288,41.3727,0.43885,0,0,0.947513,0.132827,0,0.66528,12.849,1,1.06695,0.36288,0,113.728,3.78934,109.235,0.84672,12.849,0.84672,3695.15,0,36.966,0.395701,3.15502,2.04143,9.46163,0.916314,13.3461,0.42336,36.966,0.42336,423.524,0,1.02816,0,0,4.18318,3.15502,1.028160,1,0,122.581,0,0,0,122.581,0
30.4118,2.21483,0,0,4.67383,0.15207,0.36288,3.6288,41.8676,0.440785,0,0,1.06899,0.133312,0,0.66528,12.849,1,0.999666,0.36288,0,131.182,3.78934,126.756,0.84672,12.849,0.84672,3695.15,0,36.966,0.393835,3.68329,2.0415,10.0484,0.916314,14.463,0.42336,36.966,0.42336,423.524,0,1.02816,0,0,4.71145,3.68329,1.028160,1,0,141.219,0,0,0,141.219,0
33.9836,2.25983,0,0,6.39329,0.198838,0.36288,3.6288,43.5277,0.443294,0,0,2.29267,0.189281,0,0.66528,12.849,1,0.954779,0.36288,0,147.883,4.40633,142.885,0.84672,12.849,0.84672,3695.15,0,36.966,0.391395,4.93715,2.04158,11.3289,1.12131,16.7949,0.42336,36.966,0.42336,423.524,0,1.02816,0,0,5.96531,4.93715,1.028160,1,0,159.68,0,0,0,159.68,0
41.4113,2.33274,0,0,10.3271,0.203746,0.36288,3.6288,44.8202,0.451403,0,0,1.94354,0.19969,0,0.66528,12.849,1,0.881994,0.36288,0,184.867,4.61341,179.735,0.84672,12.849,0.84672,3695.15,0,36.966,0.383355,3.43246,2.04166,11.2367,1.13763,15.1899,0.42336,36.966,0.42336,423.524,0,1.02816,0,0,4.46062,3.43246,1.028160,1,0,194.925,0,0,0,194.925,0
47.9191,2.80589,0,0,9.88736,0.210827,0.36288,3.6288,46.8033,0.238657,0,0,2.44264,0.220819,0,0.66528,12.849,1,0.870604,0.36288,0,184.569,5.13114,178.931,0.84672,12.849,0.84672,3695.15,0,36.966,0.196836,3.91333,2.04173,10.2204,1.17842,14.8002,0.42336,36.966,0.42336,423.524,0,1.02816,0,0,4.94149,3.91333,1.028160,1,0,193.731,0,0,0,193.731,0
51.4452,2.8992,0,0,7.01519,0.226958,0.36288,3.6288,47.4965,0.243349,0,0,1.16143,0.224912,0,0.66528,12.849,1,0.77739,0.36288,0,123.805,5.13114,118.26,0.84672,12.849,0.84672,3695.15,0,36.966,0.192201,2.06891,1.81979,5.2192,1.17842,7.73728,0.42336,36.966,0.42336,423.524,0,1.02816,0,0,3.09707,2.06891,1.028160,1,0,125.997,0,0,0,125.997,0
63.2813,2.94191,0,0,15.3765,0.235651,0.36288,3.6288,48.3603,0.244958,0,0,1.33497,0.226224,0,0.66528,12.849,1,0.734774,0.36288,0,144.272,5.13114,138.769,0.84672,12.849,0.84672,3695.15,0,36.966,0.190648,2.09831,1.81985,7.6352,1.17842,10.1843,0.42336,36.966,0.42336,423.524,0,1.02816,0,0,3.12647,2.09831,1.028160,1,0,148.954,0,0,0,148.954,0
70.9672,3.05623,0,0,11.3425,0.237547,0.36288,3.6288,49.3421,0.24692,0,0,1.47727,0.248513,0,0.66528,12.849,1,0.620554,0.36288,0,183.521,5.39493,177.868,0.84672,12.849,0.84672,3695.15,0,36.966,0.188742,2.84275,1.81992,8.02851,1.38796,11.1145,0.42336,36.966,0.42336,423.524,0,1.02816,0,0,3.87091,2.84275,1.028160,1,0,188.982,0,0,0,188.982,0
72.29,3.38191,0,0,6.84945,0.270429,1.87427,3.6288,50.0595,0.375958,0,0,1.31906,0.225751,0,0.66528,12.849,1,0.612313,1.87427,0,103.142,4.79606,99.6076,0.84672,12.849,0.84672,3695.15,0,36.966,0.281659,1.94276,1.81998,4.89997,1.22805,7.15299,0.42336,36.966,0.42336,423.524,0,1.02816,0,0,2.97092,1.94276,1.028160,1,0,106.761,0,0,0,106.761,0
72.29,3.39151,0,0,5.63284,0.279553,1.96177,3.6288,50.6157,0.378316,0,0,1.15935,0.224784,0,0.66528,12.849,1,0.602816,1.96177,0,84.1113,4.81488,80.6553,0.84672,12.849,0.84672,3695.15,0,36.966,0.279364,1.71173,2.05095,4.51516,1.2257,6.77277,0.42336,36.966,0.42336,423.524,0,1.02816,0,0,2.73989,1.71173,1.028160,1,0,87.4281,0,0,0,87.4281,0
72.29,3.3916,0,0,6.50741,0.298873,2.81694,3.6288,51.2664,0.380127,0,0,1.25798,0.227212,0,0.66528,12.849,1,0.602832,2.81694,0,94.7938,4.2646,92.7433,0.84672,12.849,0.84672,3695.15,0,36.966,0.277616,2.15071,2.05102,6.50068,1.0763,9.34849,0.42336,36.966,0.42336,423.524,0,1.02816,0,0,3.17887,2.15071,1.028160,1,0,102.092,0,0,0,102.092,0
72.29,3.03223,0,0,7.19792,0.3066,3.8591,3.6288,51.8192,0.657806,0,0,1.43963,0.228982,0,0.66528,12.849,1,0.538955,3.8591,0,99.6745,4.04449,98.9501,0.84672,12.849,0.84672,3695.15,0,36.966,0.42336,2.4608,2.05109,6.16388,1.01654,9.23586,0.42336,36.966,0.42336,423.524,0,1.02816,0,0,3.48896,2.4608,1.028160,1,0,108.186,0,0,0,108.186,0
72.29,2.69876,0,0,6.99958,0.316663,3.98416,3.6288,51.9272,0.477517,0,0,0.760514,0.175047,0,0.66528,12.849,1,0.479684,3.98416,0,102.323,3.43106,102.396,0.84672,12.849,0.84672,3695.15,0,36.966,0.340644,1.67842,2.2989,7.53966,0.847329,10.329,0.42336,36.966,0.42336,423.524,0,1.02816,0,0,2.70658,1.67842,1.028160,1,0,112.725,0,0,0,112.725,0
72.29,2.69884,0,0,4.59798,0.31834,1.5808,3.6288,51.8645,0.477963,0,0,0.581292,0.166032,0,0.66528,12.849,1,0.479698,1.5808,0,94.5829,3.32882,92.3552,0.84672,12.849,0.84672,3695.15,0,36.966,0.340253,1.11117,2.02211,4.96041,0.819126,6.93432,0.42336,36.966,0.42336,423.524,0,1.02816,0,0,2.13933,1.11117,1.028160,1,0,99.2896,0,0,0,99.2896,0
72.29,2.69892,0,0,5.11638,0.31834,2.09912,3.6288,52.5694,0.477755,0,0,1.34865,0.165948,0,0.66528,12.849,1,0.479712,2.09912,0,113.928,3.32882,112.218,0.84672,12.849,0.84672,3695.15,0,36.966,0.340516,1.69103,2.02217,5.02423,0.819126,7.57778,0.42336,36.966,0.42336,423.524,0,1.02816,0,0,2.71919,1.69103,1.028160,1,0,119.796,0,0,0,119.796,0
72.29,2.44494,0,0,5.45769,0.283136,2.72961,3.6288,53.1836,0.378419,0,0,1.16535,0.172777,0,0.66528,12.849,1,0.43457,2.72961,0,98.1815,3.42044,97.0561,0.84672,12.849,0.84672,3695.15,0,36.966,0.266098,1.58662,2.02223,5.13589,0.834171,7.64448,0.42336,36.966,0.42336,423.524,0,1.02816,0,0,2.61478,1.58662,1.028160,1,0,104.701,0,0,0,104.701,0
72.29,2.44502,0,0,5.33054,0.266234,2.61929,3.6288,53.6627,0.380261,0,0,1.01845,0.159093,0,0.66528,12.849,1,0.434583,2.61929,0,85.3822,3.33774,84.2292,0.84672,12.849,0.84672,3695.15,0,36.966,0.264306,1.40699,1.83193,4.79064,0.840101,6.92515,0.42336,36.966,0.42336,423.524,0,1.02816,0,0,2.43515,1.40699,1.028160,1,0,91.1543,0,0,0,91.1543,0
72.29,2.53443,0,0,6.28516,0.251521,3.49921,3.6288,53.8143,0.421524,0,0,0.712069,0.138927,0,0.66528,12.849,1,0.450475,3.49921,0,111.223,3.20712,111.064,0.84672,12.849,0.84672,3695.15,0,36.966,0.290371,1.3874,1.83199,6.45076,0.844666,8.53511,0.42336,36.966,0.42336,423.524,0,1.02816,0,0,2.41556,1.3874,1.028160,1,0,119.599,0,0,0,119.599,0
72.29,2.5345,0,0,6.34593,0.251521,3.55991,3.6288,54.2714,0.42204,0,0,1.0183,0.139095,0,0.66528,12.849,1,0.450489,3.55991,0,128.903,3.20712,128.805,0.84672,12.849,0.84672,3695.15,0,36.966,0.289907,2.07613,1.90374,7.66714,0.844666,10.5124,0.42336,36.966,0.42336,423.524,0,1.02816,0,0,3.10429,2.07613,1.028160,1,0,139.317,0,0,0,139.317,0
72.29,2.74527,0,0,5.51462,0.251521,2.51782,3.6288,54.4501,0.50957,0,0,0.827709,0.13952,0,0.66528,12.849,1,0.487952,2.51782,0,106.682,3.20712,105.504,0.84672,12.849,0.84672,3695.15,0,36.966,0.347085,1.41331,1.90379,6.05299,0.844666,8.17835,0.42336,36.966,0.42336,423.524,0,1.02816,0,0,2.44147,1.41331,1.028160,1,0,113.683,0,0,0,113.683,0
72.29,2.74536,0,0,4.40501,0.21675,1.4429,3.6288,54.3952,0.510282,0,0,0.600095,0.144715,0,0.66528,12.849,1,0.487966,1.4429,0,83.0987,3.46806,80.5855,0.84672,12.849,0.84672,3695.15,0,36.966,0.346429,0.896452,2.06211,4.09375,0.87085,5.83504,0.42336,36.966,0.42336,423.524,0,1.02816,0,0,1.92461,0.896452,1.028160,1,0,86.4206,0,0,0,86.4206,0
72.29,2.75955,0,0,3.64848,0.166556,0.722375,3.6288,54.0741,0.60034,0,0,0.470821,0.191555,0,0.66528,12.849,1,0.490489,0.722375,0,57.5837,3.99578,53.8198,0.84672,12.849,0.84672,3695.15,0,36.966,0.407981,0.528595,2.06218,3.53295,0.960465,4.75527,0.42336,36.966,0.42336,423.524,0,0.883924,0,0,1.41252,0.528595,1.028160,1,0,58.5751,0,0,0,58.5751,0
72.29,2.75963,0,0,3.29327,0.166556,0.367085,3.6288,53.7912,0.564028,0,0,0.472309,0.191148,0,0.66528,12.849,1,0.490504,0.367085,0,52.8437,3.99578,48.7245,0.84672,12.849,0.84672,3695.15,0,36.966,0.38558,0.528595,2.07101,4.49713,0.960465,5.75069,0.42336,36.966,0.42336,423.524,0,0.942693,0,0,1.47129,0.528595,1.028160,1,0,54.4752,0,0,0,54.4752,0
72.29,2.75972,0,0,5.08996,0.166556,2.16369,3.6288,53.6651,0.512204,0,0,0.576891,0.19078,0,0.66528,12.849,1,0.490518,2.16369,0,66.4442,3.99578,64.1216,0.84672,12.849,0.84672,3695.15,0,36.966,0.351993,0.674067,2.07107,4.05671,0.960465,5.48938,0.42336,36.966,0.42336,423.524,0,1.02816,0,0,1.70223,0.674067,1.028160,1,0,69.611,0,0,0,69.611,0
72.29,2.7598,0,0,3.40751,0.120889,0.526826,3.6288,53.4599,0.511748,0,0,0.507296,0.20078,0,0.66528,12.849,1,0.490533,0.526826,0,57.0026,4.32085,52.718,0.84672,12.849,0.84672,3695.15,0,36.966,0.352506,0.4806,2.07113,3.60885,0.900287,4.90779,0.42336,36.966,0.42336,423.524,0,1.02816,0,0,1.50876,0.4806,1.028160,1,0,57.6258,0,0,0,57.6258,0
72.2296,2.83638,0,0,3.25748,0.118573,0.36288,3.6288,52.9248,0.761251,0,0,0.430941,0.204784,0,0.66528,12.849,1,0.504145,0.36288,0,46.8003,4.39706,42.262,0.84672,12.849,0.84672,3695.15,0,36.966,0.42336,0.402797,2.07119,2.88945,0.966699,3.97338,0.42336,36.966,0.42336,423.524,0,0.772623,0,0,1.17542,0.402797,1.028160,1,0,46.2353,0,0,0,46.2353,0
72.0611,2.83611,0,0,3.14041,0.109985,0.36288,3.6288,52.3481,0.806211,0,0,0.436845,0.207324,0,0.66528,12.849,1,0.504517,0.36288,0,42.5323,4.48172,37.9089,0.84672,12.849,0.84672,3695.15,0,36.966,0.42336,0.402797,2.13817,2.74818,0.983234,3.88255,0.42336,36.966,0.42336,423.524,0,0.727721,0,0,1.13052,0.402797,1.028160,1,0,41.7915,0,0,0,41.7915,0
71.7958,2.83519,0,0,3.04258,0.109844,0.36288,3.6288,51.7521,0.847413,0,0,0.457758,0.206367,0,0.66528,12.849,1,0.505534,0.36288,0,40.3571,4.48172,35.7327,0.84672,12.849,0.84672,3695.15,0,36.966,0.42336,0.402797,2.13824,2.85276,0.983234,3.9872,0.42336,36.966,0.42336,423.524,0,0.686578,0,0,1.08937,0.402797,1.028160,1,0,39.7199,0,0,0,39.7199,0
71.3389,2.83369,0,0,2.84938,0.109623,0.36288,3.6288,51.1243,0.844698,0,0,0.422289,0.205378,0,0.66528,12.849,1,0.507134,0.36288,0,37.8264,4.48172,33.2004,0.84672,12.849,0.84672,3695.15,0,36.966,0.42336,0.30119,2.1383,2.58479,0.983234,3.61769,0.42336,36.966,0.42336,423.524,0,0.689351,0,0,0.990541,0.30119,1.028160,1,0,36.8181,0,0,0,36.8181,0
70.4891,2.83102,0,0,2.43088,0.0867875,0.36288,3.6288,50.3782,0.862131,0,0,0.362332,0.246264,0,0.66528,12.849,1,0.509901,0.36288,0,32.2905,5.15516,26.9884,0.84672,12.849,0.84672,3695.15,0,36.966,0.42336,0.30119,2.13836,2.06212,1.14953,2.92878,0.42336,36.966,0.42336,423.524,0,0.671976,0,0,0.973166,0.30119,1.028160,1,0,29.9171,0,0,0,29.9171,0
69.1357,2.8006,0,0,1.91225,0.102214,0.36288,3.6288,49.3335,1.07452,0,0,0.293718,0.263933,0,0.66528,12.849,1,0.510502,0.36288,0,27.1972,5.14427,21.9053,0.84672,12.849,0.84672,3695.15,0,36.966,0.42336,0.30119,2.13843,1.55362,1.24225,2.32763,0.42336,36.966,0.42336,423.524,0,0.514832,0,0,0.816022,0.30119,1.028160,1,0,24.2329,0,0,0,24.2329,0
67.621,2.79225,0,0,1.74161,0.101149,0.36288,3.6288,48.2989,1.06218,0,0,0.28925,0.261679,0,0.66528,12.849,1,0.518945,0.36288,0,26.5649,5.14427,21.2646,0.84672,12.849,0.84672,3695.15,0,36.966,0.42336,0.30119,2.17552,1.49863,1.24225,2.30973,0.42336,36.966,0.42336,423.524,0,0.52723,0,0,0.82842,0.30119,1.028160,1,0,23.5743,0,0,0,23.5743,0
65.9453,2.78257,0,0,1.56964,0.0999583,0.36288,3.6288,47.181,1.12781,0,0,0.269356,0.259448,0,0.66528,12.849,1,0.528729,0.36288,0,24.6217,5.14427,19.3116,0.84672,12.849,0.84672,3695.15,0,36.966,0.42336,0.261274,2.17558,1.42688,1.24225,2.19813,0.42336,36.966,0.42336,423.524,0,0.461661,0,0,0.722935,0.261274,1.028160,1,0,21.5097,0,0,0,21.5097,0
64.236,2.7714,0,0,1.50097,0.0759865,0.36288,3.6288,45.9921,1.13701,0,0,0.254647,0.306529,0,0.66528,12.849,1,0.53999,0.36288,0,22.1977,5.85001,16.1706,0.84672,12.849,0.84672,3695.15,0,36.966,0.42336,0.261274,2.17565,1.35568,1.49986,1.86938,0.42336,36.966,0.42336,423.524,0,0.45252,0,0,0.713794,0.261274,1.028160,1,0,18.04,0,0,0,18.04,0
62.6411,2.82391,0,0,1.6652,0.073279,0.36288,3.6288,44.9025,1.11468,0,0,0.324325,0.29928,0,0.66528,12.849,1,0.564862,0.36288,0,21.9889,5.70455,16.0824,0.84672,12.849,0.84672,3695.15,0,36.966,0.42336,0.261274,2.17571,1.35342,1.46809,1.89896,0.42336,36.966,0.42336,423.524,0,0.524102,0,0,0.785376,0.261274,1.028160,1,0,17.9813,0,0,0,17.9813,0
60.9528,2.81206,0,0,1.55904,0.0723345,0.36288,3.6288,43.8098,1.10916,0,0,0.312751,0.296257,0,0.66528,12.849,1,0.576813,0.36288,0,20.6265,5.70455,14.7081,0.84672,12.849,0.84672,3695.15,0,36.966,0.42336,0.261274,2.22826,1.39989,1.46809,1.99799,0.42336,36.966,0.42336,423.524,0,0.529675,0,0,0.790949,0.261274,1.028160,1,0,16.706,0,0,0,16.706,0
59.0982,2.79895,0,0,1.37849,0.0713347,0.36288,3.6288,42.6198,1.19118,0,0,0.294419,0.293227,0,0.66528,12.849,1,0.590026,0.36288,0,19.4846,5.70455,13.5529,0.84672,12.849,0.84672,3695.15,0,36.966,0.42336,0.261274,2.22833,1.31327,1.46809,1.91143,0.42336,36.966,0.42336,423.524,0,0.447725,0,0,0.708998,0.261274,1.028160,1,0,15.4643,0,0,0,15.4643,0
57.1358,2.78383,0,0,1.24566,0.0613255,0.36288,3.6288,41.4384,1.17852,0,0,0.29151,0.294406,0,0.66528,12.849,1,0.605254,0.36288,0,18.4702,5.85409,12.3737,0.84672,12.849,0.84672,3695.15,0,36.966,0.42336,0.227405,2.2284,1.31036,1.49796,1.84484,0.42336,36.966,0.42336,423.524,0,0.460443,0,0,0.687848,0.227405,1.028160,1,0,14.2185,0,0,0,14.2185,0
54.7136,2.95173,0,0,0.965563,0.0731049,0.36288,3.6288,40.1063,1.32589,0,0,0.272241,0.278421,0,0.66528,12.849,1,0.6638,0.36288,0,15.3598,5.66754,9.39139,0.84672,12.849,0.84672,3695.15,0,36.966,0.42336,0.227405,2.22846,1.43465,1.40656,2.0606,0.42336,36.966,0.42336,423.524,0,0.367546,0,0,0.594951,0.227405,1.028160,1,0,11.452,0,0,0,11.452,0
52.2265,2.92802,0,0,0.888201,0.0844485,0.36288,3.6288,38.6887,1.40791,0,0,0.257254,0.266994,0,0.66528,12.849,1,0.687618,0.36288,0,12.1433,5.44771,6.37089,0.84672,12.849,0.84672,3695.15,0,36.966,0.42336,0.227405,2.31299,1.41634,1.38598,2.14739,0.42336,36.966,0.42336,423.524,0,0.285527,0,0,0.512932,0.227405,1.028160,1,0,8.51829,0,0,0,8.51829,0
49.6716,2.90182,0,0,0.792141,0.0823329,0.36288,3.6288,37.2238,1.43617,0,0,0.234722,0.263436,0,0.66528,12.849,1,0.71392,0.36288,0,10.956,5.44771,5.15728,0.84672,12.849,0.84672,3695.15,0,36.966,0.42336,0.227405,2.31301,1.1128,1.38598,1.84388,0.42336,36.966,0.42336,423.524,0,0.257274,0,0,0.484679,0.227405,1.028160,1,0,7.00116,0,0,0,7.00116,0
47.0471,2.87274,0,0,0.69126,0.0801597,0.36288,3.6288,35.7235,1.45141,0,0,0.210851,0.259762,0,0.66528,12.849,1,0.743117,0.36288,0,9.43669,5.44771,3.60874,0.84672,12.849,0.84672,3695.15,0,36.966,0.42336,0.204422,2.31303,1.03171,1.38598,1.73983,0.42336,36.966,0.42336,423.524,0,0.24203,0,0,0.446452,0.204422,1.028160,1,0,5.34857,0,0,0,5.34857,0
44.6559,2.84026,0,0,0.918043,0.106123,0.36288,3.6288,34.3504,1.38949,0,0,0.263082,0.246626,0,0.66528,12.849,1,0.775701,0.36288,0,12.87,5.22276,7.23439,0.84672,12.849,0.84672,3695.15,0,36.966,0.42336,0.204422,2.31305,1.32103,1.2872,2.12794,0.42336,36.966,0.42336,423.524,0,0.303952,0,0,0.508374,0.204422,1.028160,1,0,9.36233,0,0,0,9.36233,0
42.2374,2.72241,0,0,0.825034,0.158232,0.36288,3.6288,33.424,1.11971,0,0,0.416447,0.223188,0,0.66528,12.849,1,0.783329,0.36288,0,12.0503,4.76427,6.86558,0.84672,12.849,0.84672,3695.15,0,36.966,0.42336,0.204422,2.31307,1.63756,1.05301,2.67868,0.42336,36.966,0.42336,423.524,0,0.573731,0,0,0.778154,0.204422,1.028160,1,0,9.54426,0,0,0,9.54426,0
39.9668,2.48179,0,0,0.727972,0.153898,0.36288,3.6288,32.1832,1.2614,0,0,0.241689,0.221074,0,0.66528,12.849,1,0.754984,0.36288,0,12.343,4.76427,7.18664,0.84672,12.849,0.84672,3695.15,0,36.966,0.42336,0.204422,2.29241,1.2578,1.05301,2.27827,0.42336,36.966,0.42336,423.524,0,0.284126,0,0,0.488549,0.204422,1.028160,1,0,9.46491,0,0,0,9.46491,0
37.4026,2.65302,0,0,0.601569,0.149829,0.36288,3.6288,30.7025,1.47555,0,0,0.212923,0.218126,0,0.66528,12.849,1,0.852925,0.36288,0,11.3963,4.76427,6.14202,0.84672,12.849,0.84672,3695.15,0,36.966,0.42336,0.216518,2.12773,1.16482,1.05301,2.03271,0.42336,36.966,0.42336,423.524,0,0.217887,0,0,0.434405,0.216518,1.028160,1,0,8.17472,0,0,0,8.17472,0
35.5335,2.4093,0,0,1.11821,0.215139,0.36288,3.6288,29.6579,1.21942,0,0,0.331252,0.156403,0,0.66528,12.849,1,0.827671,0.36288,0,20.122,3.72612,15.931,0.84672,12.849,0.84672,3695.15,0,36.966,0.42336,0.216518,2.29245,2.02245,0.728517,3.37954,0.42336,36.966,0.42336,423.524,0,0.326222,0,0,0.542741,0.216518,1.028160,1,0,19.3106,0,0,0,19.3106,0
33.5307,2.5085,0,0,1.05725,0.188701,0.36288,3.6288,28.695,1.08321,0,0,0.324834,0.204491,0,0.66528,12.849,1,0.90708,0.36288,0,21.9237,4.91025,16.4693,0.84672,12.849,0.84672,3695.15,0,36.966,0.42336,0.216518,2.12786,1.81596,1.09344,2.64353,0.42336,36.966,0.42336,423.524,0,0.528051,0,0,0.744569,0.216518,1.028160,1,0,19.1128,0,0,0,19.1128,0
31.4533,2.46941,0,0,0.931124,0.176181,0.36288,3.6288,27.6649,1.08748,0,0,0.271625,0.214306,0,0.66528,12.849,1,0.946279,0.36288,0,16.5005,5.17681,10.7403,0.84672,12.849,0.84672,3695.15,0,36.966,0.42336,0.216518,2.21203,2.11256,1.1759,2.94184,0.42336,36.966,0.42336,423.524,0,0.523836,0,0,0.740355,0.216518,1.028160,1,0,13.6821,0,0,0,13.6821,0
29.7692,2.42511,0,0,1.28625,0.182435,0.36288,3.6288,26.9564,0.860597,0,0,0.360323,0.208227,0,0.66528,12.849,1,0.99068,0.36288,0,28.1918,5.03383,22.5302,0.84672,12.849,0.84672,3695.15,0,36.966,0.42336,0.216518,2.21209,2.0228,1.15513,2.87292,0.42336,36.966,0.42336,423.524,0,0.750781,0,0,0.9673,0.216518,1.028160,1,0,25.4031,0,0,0,25.4031,0
29.3834,2.68175,0,0,2.86358,0.204772,0.36288,3.6288,27.2474,0.245972,0,0,0.734728,0.197661,0,0.66528,12.849,1,1.1575,0.36288,0,34.1956,4.67639,28.7246,0.84672,12.849,0.84672,3695.15,0,36.966,0.337308,0.359865,2.21216,3.71754,1.10322,4.84904,0.42336,36.966,0.42336,423.524,0,1.02816,0,0,1.38802,0.359865,1.028160,1,0,33.5736,0,0,0,33.5736,0
28.6041,2.23987,0,0,2.02174,0.198227,0.36288,3.6288,26.716,0.693069,0,0,0.331217,0.169624,0,0.66528,12.849,1,0.979468,0.36288,0,26.1125,4.17916,21.3167,0.84672,12.849,0.84672,3695.15,0,36.966,0.42336,0.292723,1.96447,2.14375,1.03872,2.93887,0.42336,36.966,0.42336,423.524,0,0.749157,0,0,1.04188,0.292723,1.028160,1,0,24.2556,0,0,0,24.2556,0
27.3773,2.22152,0,0,1.54962,0.192071,0.36288,3.6288,25.9388,0.887335,0,0,0.257357,0.147226,0,0.66528,12.849,1,0.997909,0.36288,0,15.1851,3.80625,10.7438,0.84672,12.849,0.84672,3695.15,0,36.966,0.42336,0.292723,2.04466,2.09276,0.990352,3.01643,0.42336,36.966,0.42336,423.524,0,0.554947,0,0,0.84767,0.292723,1.028160,1,0,13.7602,0,0,0,13.7602,0
25.953,2.19115,0,0,1.31645,0.186725,0.36288,3.6288,25.3697,0.720716,0,0,0.304619,0.15296,0,0.66528,12.849,1,1.02837,0.36288,0,16.916,4.13757,12.1129,0.84672,12.849,0.84672,3695.15,0,36.966,0.42336,0.292723,2.04472,3.86453,1.06706,4.71155,0.42336,36.966,0.42336,423.524,0,0.721621,0,0,1.01434,0.292723,1.028160,1,0,16.8245,0,0,0,16.8245,0
25.0638,2.15347,0,0,1.80497,0.177816,0.36288,3.6288,24.6432,0.877864,0,0,0.320799,0.169421,0,0.66528,12.849,1,1.06616,0.36288,0,26.1503,4.96587,20.4812,0.84672,12.849,0.84672,3695.15,0,36.966,0.42336,0.412474,2.04478,3.23115,1.25882,4.00622,0.42336,36.966,0.42336,423.524,0,0.564529,0,0,0.977003,0.412474,1.028160,1,0,24.4874,0,0,0,24.4874,0
24.6321,2.12852,0,0,2.23618,0.176432,0.36288,3.6288,24.3516,0.629027,0,0,0.50136,0.163995,0,0.66528,12.849,1,1.09119,0.36288,0,39.4743,4.79924,33.9468,0.84672,12.849,0.84672,3695.15,0,36.966,0.42336,0.412474,2.04484,2.4063,1.17288,3.26737,0.42336,36.966,0.42336,423.524,0,0.813421,0,0,1.2259,0.412474,1.028160,1,0,37.2142,0,0,0,37.2142,0
27.642,2.41945,0,0,5.97264,0.18044,0.36288,3.6288,24.852,0.174108,0,0,0.813971,0.139435,0,0.66528,12.849,1,1.26207,0.36288,0,97.594,3.79943,92.8954,0.84672,12.849,0.84672,3695.15,0,36.966,0.264299,1.53425,2.0449,5.6939,0.657219,8.35153,0.42336,36.966,0.42336,423.524,0,1.02816,0,0,2.56241,1.53425,1.028160,1,0,101.247,0,0,0,101.247,0
29.9665,2.51331,0,0,5.38898,0.18828,0.36288,3.6288,25.2825,0.176265,0,0,0.747056,0.140245,0,0.66528,12.849,1,1.16828,0.36288,0,87.3556,3.79943,82.7508,0.84672,12.849,0.84672,3695.15,0,36.966,0.262185,1.32499,1.82299,5.30391,0.657219,7.53248,0.42336,36.966,0.42336,423.524,0,1.02816,0,0,2.35315,1.32499,1.028160,1,0,90.2832,0,0,0,90.2832,0
32.279,2.57679,0,0,5.4618,0.209632,0.36288,3.6288,25.7186,0.178096,0,0,0.756823,0.142639,0,0.66528,12.849,1,1.10487,0.36288,0,87.8083,3.93419,83.1321,0.84672,12.849,0.84672,3695.15,0,36.966,0.260396,1.35618,1.82303,5.5067,0.73262,7.6929,0.42336,36.966,0.42336,423.524,0,1.02816,0,0,2.38434,1.35618,1.028160,1,0,90.825,0,0,0,90.825,0
34.514,2.63346,0,0,5.49112,0.259748,0.36288,3.6288,26.1069,0.179925,0,0,0.724749,0.156509,0,0.66528,12.849,1,1.04828,0.36288,0,87.8999,4.59821,82.6163,0.84672,12.849,0.84672,3695.15,0,36.966,0.25861,1.41948,1.82308,5.56228,1.12583,7.4204,0.42336,36.966,0.42336,423.524,0,1.02816,0,0,2.44764,1.41948,1.028160,1,0,90.0367,0,0,0,90.0367,0
37.6456,2.91458,0,0,6.66106,0.252017,0.36288,3.6288,26.6033,0.273521,0,0,0.928869,0.159024,0,0.66528,12.849,1,1.08505,0.36288,0,103.799,4.83739,98.2397,0.84672,12.849,0.84672,3695.15,0,36.966,0.387291,2.40321,1.82313,7.36729,1.24323,9.96311,0.42336,36.966,0.42336,423.524,0,1.02816,0,0,3.43137,2.40321,1.028160,1,0,108.203,0,0,0,108.203,0
40.1148,2.98193,0,0,6.06803,0.254026,0.36288,3.6288,27.1798,0.276565,0,0,1.01108,0.15796,0,0.66528,12.849,1,1.01778,0.36288,0,114.25,4.83493,108.76,0.84672,12.849,0.84672,3695.15,0,36.966,0.384295,2.65367,2.05443,8.20041,1.22877,11.2955,0.42336,36.966,0.42336,423.524,0,1.02816,0,0,3.68183,2.65367,1.028160,1,0,120.056,0,0,0,120.056,0
43.3539,3.02944,0,0,6.88483,0.253358,0.36288,3.6288,27.7175,0.280039,0,0,0.980465,0.16277,0,0.66528,12.849,1,0.970349,0.36288,0,100.727,4.64917,95.4702,0.84672,12.849,0.84672,3695.15,0,36.966,0.380868,2.62616,2.05448,7.29783,1.12733,10.4703,0.42336,36.966,0.42336,423.524,0,1.02816,0,0,3.65432,2.62616,1.028160,1,0,105.94,0,0,0,105.94,0
47.6325,3.08543,0,0,7.96902,0.242171,0.36288,3.6288,28.204,0.283225,0,0,0.943058,0.173261,0,0.66528,12.849,1,0.914443,0.36288,0,147.483,4.18478,142.747,0.84672,12.849,0.84672,3695.15,0,36.966,0.37773,2.43619,2.05453,7.51058,0.873711,10.7499,0.42336,36.966,0.42336,423.524,0,1.02816,0,0,3.46435,2.43619,1.028160,1,0,153.497,0,0,0,153.497,0
48.9674,2.50692,0,0,4.47569,0.271003,0.36288,3.6288,28.4103,0.397544,0,0,0.746553,0.142756,0,0.66528,12.849,1,0.676248,0.36288,0,84.0063,3.43395,80.259,0.84672,12.849,0.84672,3695.15,0,36.966,0.42336,1.77254,2.05459,5.33439,0.829016,7.90914,0.42336,36.966,0.42336,423.524,0,1.02816,0,0,2.8007,1.77254,1.028160,1,0,88.1681,0,0,0,88.1681,0
50.9398,2.52158,0,0,5.13871,0.281834,0.36288,3.6288,28.6621,0.397585,0,0,0.779907,0.130477,0,0.66528,12.849,1,0.66166,0.36288,0,97.6596,3.13362,94.2272,0.84672,12.849,0.84672,3695.15,0,36.966,0.42336,1.71475,2.02511,5.97306,0.811138,8.47843,0.42336,36.966,0.42336,423.524,0,1.02816,0,0,2.74291,1.71475,1.028160,1,0,102.706,0,0,0,102.706,0
53.93,2.54209,0,0,6.18294,0.287794,0.36288,3.6288,28.8354,0.397627,0,0,0.701696,0.13085,0,0.66528,12.849,1,0.641215,0.36288,0,101.185,3.13362,97.7728,0.84672,12.849,0.84672,3695.15,0,36.966,0.42336,1.85479,2.02516,6.6377,0.811138,9.28315,0.42336,36.966,0.42336,423.524,0,1.02816,0,0,2.88295,1.85479,1.028160,1,0,107.056,0,0,0,107.056,0
55.9794,2.57086,0,0,5.27077,0.287591,0.36288,3.6288,29.0444,0.397669,0,0,0.781644,0.174949,0,0.66528,12.849,1,0.612517,0.36288,0,85.2854,4.42943,80.6064,0.84672,12.849,0.84672,3695.15,0,36.966,0.42336,1.8629,2.0252,6.6349,1.16435,8.9353,0.42336,36.966,0.42336,423.524,0,1.02816,0,0,2.89106,1.8629,1.028160,1,0,89.5417,0,0,0,89.5417,0
58.0158,2.58916,0,0,5.27786,0.28938,0.36288,3.6288,29.2539,0.39771,0,0,0.764583,0.157411,0,0.66528,12.849,1,0.594292,0.36288,0,82.2079,3.90425,78.0722,0.84672,12.849,0.84672,3695.15,0,36.966,0.42336,1.7484,2.02525,6.05066,1.03876,8.36219,0.42336,36.966,0.42336,423.524,0,1.02816,0,0,2.77656,1.7484,1.028160,1,0,86.4344,0,0,0,86.4344,0
60.3252,2.99726,0,0,5.94721,0.277688,0.36288,3.6288,29.6072,0.192573,0,0,0.690203,0.144262,0,0.66528,12.849,1,0.663816,0.36288,0,110.443,3.51687,106.626,0.84672,12.849,0.84672,3695.15,0,36.966,0.243341,1.34435,2.02529,5.58695,0.977086,7.73617,0.42336,36.966,0.42336,423.524,0,1.02816,0,0,2.37251,1.34435,1.028160,1,0,114.362,0,0,0,114.362,0
62.6794,3.01827,0,0,6.01651,0.281131,0.36288,3.6288,30.0741,0.193883,0,0,0.818253,0.157471,0,0.66528,12.849,1,0.642879,0.36288,0,110.912,3.8871,106.745,0.84672,12.849,0.84672,3695.15,0,36.966,0.242073,1.52519,1.81723,5.65844,1.078,7.68079,0.42336,36.966,0.42336,423.524,0,1.02816,0,0,2.55335,1.52519,1.028160,1,0,114.425,0,0,0,114.425,0
66.3108,3.03837,0,0,7.31927,0.286654,0.36288,3.6288,30.7187,0.195589,0,0,0.998454,0.158295,0,0.66528,12.849,1,0.622852,0.36288,0,103.696,3.8871,99.5493,0.84672,12.849,0.84672,3695.15,0,36.966,0.24041,1.94063,1.81728,5.16529,1.078,7.60478,0.42336,36.966,0.42336,423.524,0,1.02816,0,0,2.96879,1.94063,1.028160,1,0,107.154,0,0,0,107.154,0
71.7907,3.06701,0,0,9.2026,0.292854,0.36288,3.6288,31.6429,0.197897,0,0,1.27173,0.149595,0,0.66528,12.849,1,0.594292,0.36288,0,147.051,3.78555,143.034,0.84672,12.849,0.84672,3695.15,0,36.966,0.238144,2.52294,1.81732,10.174,1.07257,13.2035,0.42336,36.966,0.42336,423.524,0,1.02816,0,0,3.5511,2.52294,1.028160,1,0,156.238,0,0,0,156.238,0
72.29,2.76057,0,0,5.11715,0.194883,1.66237,3.6288,31.6364,0.443412,0,0,0.59743,0.160502,0,0.66528,12.849,1,0.494083,1.66237,0,87.8809,3.79428,85.2549,0.84672,12.849,0.84672,3695.15,0,36.966,0.42336,1.15047,1.81737,4.59158,1.12256,6.0135,0.42336,36.966,0.42336,423.524,0,1.02816,0,0,2.17863,1.15047,1.028160,1,0,91.2684,0,0,0,91.2684,0
72.29,2.76353,0,0,4.26964,0.195625,1.31048,3.6288,31.574,0.443454,0,0,0.54149,0.160491,0,0.66528,12.849,1,0.491197,1.31048,0,71.0675,3.79428,68.0925,0.84672,12.849,0.84672,3695.15,0,36.966,0.42336,0.848206,2.07395,3.64914,1.12256,5.02537,0.42336,36.966,0.42336,423.524,0,1.02816,0,0,1.87637,0.848206,1.028160,1,0,73.1178,0,0,0,73.1178,0
72.29,2.76359,0,0,3.78564,0.195625,0.826424,3.6288,31.462,0.443497,0,0,0.491848,0.160381,0,0.66528,12.849,1,0.491208,0.826424,0,61.5771,3.79428,58.118,0.84672,12.849,0.84672,3695.15,0,36.966,0.42336,0.610243,2.07399,3.15567,1.12256,4.29398,0.42336,36.966,0.42336,423.524,0,1.02816,0,0,1.6384,0.610243,1.028160,1,0,62.412,0,0,0,62.412,0
72.29,2.76366,0,0,3.43015,0.191304,0.47519,3.6288,31.3036,0.44354,0,0,0.440982,0.155779,0,0.66528,12.849,1,0.491219,0.47519,0,54.2532,3.67632,50.5608,0.84672,12.849,0.84672,3695.15,0,36.966,0.42336,0.461462,2.07404,2.88635,1.09264,3.90585,0.42336,36.966,0.42336,423.524,0,1.02816,0,0,1.48962,0.461462,1.028160,1,0,54.4666,0,0,0,54.4666,0
71.9114,3.19979,0,0,3.34446,0.16042,0.36288,3.6288,31.3203,0.233133,0,0,0.392232,0.142444,0,0.66528,12.849,1,0.568738,0.36288,0,50.9031,3.28026,47.417,0.84672,12.849,0.84672,3695.15,0,36.966,0.275303,0.49432,2.07409,2.82112,1.00961,4.10461,0.42336,36.966,0.42336,423.524,0,1.02816,0,0,1.52248,0.49432,1.028160,1,0,51.5216,0,0,0,51.5216,0
71.3545,3.19731,0,0,3.13306,0.129688,0.36288,3.6288,31.3018,0.23322,0,0,0.372076,0.157289,0,0.66528,12.849,1,0.57129,0.36288,0,43.1067,3.70366,39.1946,0.84672,12.849,0.84672,3695.15,0,36.966,0.27526,0.556433,1.8934,2.76338,1.04687,3.89109,0.42336,36.966,0.42336,423.524,0,1.02816,0,0,1.58459,0.556433,1.028160,1,0,43.0857,0,0,0,43.0857,0
70.7627,3.1936,0,0,3.09378,0.129139,0.36288,3.6288,31.3156,0.233166,0,0,0.404139,0.157257,0,0.66528,12.849,1,0.57508,0.36288,0,41.6862,3.70366,37.7703,0.84672,12.849,0.84672,3695.15,0,36.966,0.275358,0.523143,1.89344,3.02971,1.04687,4.12407,0.42336,36.966,0.42336,423.524,0,1.02816,0,0,1.5513,0.523143,1.028160,1,0,41.8944,0,0,0,41.8944,0
69.9751,3.18959,0,0,2.89346,0.128555,0.36288,3.6288,31.298,0.233242,0,0,0.372916,0.157281,0,0.66528,12.849,1,0.579162,0.36288,0,38.9947,3.70366,35.0747,0.84672,12.849,0.84672,3695.15,0,36.966,0.275327,0.459173,1.89349,2.66021,1.04687,3.69068,0.42336,36.966,0.42336,423.524,0,1.02816,0,0,1.48733,0.459173,1.028160,1,0,38.7654,0,0,0,38.7654,0
68.8692,3.18415,0,0,2.55246,0.111346,0.36288,3.6288,31.2815,0.233191,0,0,0.390445,0.173698,0,0.66528,12.849,1,0.584681,0.36288,0,39.976,4.32972,35.4245,0.84672,12.849,0.84672,3695.15,0,36.966,0.275421,0.388558,1.89354,2.55843,1.12479,3.44032,0.42336,36.966,0.42336,423.524,0,1.02816,0,0,1.41672,0.388558,1.028160,1,0,38.8648,0,0,0,38.8648,0
67.2882,3.15105,0,0,2.01585,0.082931,0.36288,3.6288,31.2508,0.258473,0,0,0.442543,0.214783,0,0.66528,12.849,1,0.587894,0.36288,0,46.9064,5.2449,41.4365,0.84672,12.849,0.84672,3695.15,0,36.966,0.305443,0.402589,1.89359,2.31196,1.32049,2.98221,0.42336,36.966,0.42336,423.524,0,1.02816,0,0,1.43075,0.402589,1.028160,1,0,44.4187,0,0,0,44.4187,0
65.6254,3.13951,0,0,1.91335,0.0737669,0.36288,3.6288,31.1988,0.258356,0,0,0.430184,0.223817,0,0.66528,12.849,1,0.599504,0.36288,0,43.4703,5.25756,37.9762,0.84672,12.849,0.84672,3695.15,0,36.966,0.305605,0.352754,1.93072,2.29207,1.35954,2.91039,0.42336,36.966,0.42336,423.524,0,1.02816,0,0,1.38091,0.352754,1.028160,1,0,40.8866,0,0,0,40.8866,0
63.8499,3.12687,0,0,1.78699,0.0727995,0.36288,3.6288,31.0937,0.258144,0,0,0.376692,0.223689,0,0.66528,12.849,1,0.612219,0.36288,0,40.0284,5.25756,34.5215,0.84672,12.849,0.84672,3695.15,0,36.966,0.305863,0.299013,1.93076,2.17256,1.35954,2.73694,0.42336,36.966,0.42336,423.524,0,1.02816,0,0,1.32717,0.299013,1.028160,1,0,37.2585,0,0,0,37.2585,0
61.9877,3.11276,0,0,1.68526,0.0717665,0.36288,3.6288,30.9468,0.27474,0,0,0.351333,0.22343,0,0.66528,12.849,1,0.626405,0.36288,0,38.3297,5.25756,32.8086,0.84672,12.849,0.84672,3695.15,0,36.966,0.326628,0.261274,1.93081,2.05885,1.35954,2.56477,0.42336,36.966,0.42336,423.524,0,0.990844,0,0,1.25212,0.261274,1.028160,1,0,35.3734,0,0,0,35.3734,0
59.9998,3.16133,0,0,1.59716,0.0608223,0.36288,3.6288,30.7114,0.371758,0,0,0.372994,0.236658,0,0.66528,12.849,1,0.655291,0.36288,0,35.995,5.75994,29.9427,0.84672,12.849,0.84672,3695.15,0,36.966,0.42336,0.261274,1.93086,1.78345,1.40735,2.14487,0.42336,36.966,0.42336,423.524,0,0.846392,0,0,1.10767,0.261274,1.028160,1,0,32.0875,0,0,0,32.0875,0
57.9636,3.14352,0,0,1.52839,0.058189,0.36288,3.6288,30.4721,0.334174,0,0,0.333166,0.238302,0,0.66528,12.849,1,0.673186,0.36288,0,34.9864,5.84367,28.8324,0.84672,12.849,0.84672,3695.15,0,36.966,0.40223,0.261274,1.98347,1.84863,1.41532,2.27582,0.42336,36.966,0.42336,423.524,0,0.905152,0,0,1.16643,0.261274,1.028160,1,0,31.1082,0,0,0,31.1082,0
55.8497,3.12422,0,0,1.43023,0.0570559,0.36288,3.6288,30.1797,0.363142,0,0,0.308391,0.237671,0,0.66528,12.849,1,0.692557,0.36288,0,31.584,5.84367,25.4106,0.84672,12.849,0.84672,3695.15,0,36.966,0.42336,0.261274,1.98352,1.64988,1.41532,2.05599,0.42336,36.966,0.42336,423.524,0,0.855101,0,0,1.11637,0.261274,1.028160,1,0,27.4666,0,0,0,27.4666,0
53.641,3.10297,0,0,1.31302,0.0558795,0.36288,3.6288,29.8268,0.421016,0,0,0.305004,0.2369,0,0.66528,12.849,1,0.713882,0.36288,0,28.8715,5.84367,22.6768,0.84672,12.849,0.84672,3695.15,0,36.966,0.42336,0.227405,1.98357,1.61365,1.41532,1.98594,0.42336,36.966,0.42336,423.524,0,0.797273,0,0,1.02468,0.227405,1.028160,1,0,24.6628,0,0,0,24.6628,0
51.3262,3.26216,0,0,1.35729,0.0470521,0.36288,3.6288,29.5414,0.384557,0,0,0.338301,0.239103,0,0.66528,12.849,1,0.781409,0.36288,0,27.6489,5.87706,21.3533,0.84672,12.849,0.84672,3695.15,0,36.966,0.42336,0.227405,1.98362,2.0978,1.43707,2.44839,0.42336,36.966,0.42336,423.524,0,1.01157,0,0,1.23898,0.227405,1.028160,1,0,23.8017,0,0,0,23.8017,0
48.6495,3.23404,0,0,0.970739,0.0505333,0.36288,3.6288,28.9366,0.624402,0,0,0.265254,0.24569,0,0.66528,12.849,1,0.80961,0.36288,0,22.1605,5.66926,16.0445,0.84672,12.849,0.84672,3695.15,0,36.966,0.42336,0.227405,2.1635,1.41367,1.40562,1.97559,0.42336,36.966,0.42336,423.524,0,0.771777,0,0,0.999181,0.227405,1.028160,1,0,18.0201,0,0,0,18.0201,0
45.9568,3.19887,0,0,0.918147,0.0491183,0.36288,3.6288,28.2497,0.686859,0,0,0.243963,0.244023,0,0.66528,12.849,1,0.844866,0.36288,0,19.9159,5.66926,13.7646,0.84672,12.849,0.84672,3695.15,0,36.966,0.42336,0.227405,2.16356,1.39763,1.40562,1.95961,0.42336,36.966,0.42336,423.524,0,0.70937,0,0,0.936775,0.227405,1.028160,1,0,15.7242,0,0,0,15.7242,0
43.6539,3.16025,0,0,1.26792,0.0476853,0.36288,3.6288,27.7401,0.537593,0,0,0.270182,0.242131,0,0.66528,12.849,1,0.88357,0.36288,0,21.3626,5.66926,15.1726,0.84672,12.849,0.84672,3695.15,0,36.966,0.42336,0.204422,2.16361,1.55805,1.40562,2.0971,0.42336,36.966,0.42336,423.524,0,0.858686,0,0,1.06311,0.204422,1.028160,1,0,17.2697,0,0,0,17.2697,0
41.6868,3.1243,0,0,1.59033,0.0701827,0.36288,3.6288,27.3794,0.452332,0,0,0.328108,0.236439,0,0.66528,12.849,1,0.9196,0.36288,0,34.4242,5.41088,28.4566,0.84672,12.849,0.84672,3695.15,0,36.966,0.42336,0.204422,2.16366,1.65895,1.35886,2.24482,0.42336,36.966,0.42336,423.524,0,0.943998,0,0,1.14842,0.204422,1.028160,1,0,30.7014,0,0,0,30.7014,0
39.1462,3.00675,0,0,0.903597,0.0746541,0.36288,3.6288,27.1992,0.2909,0,0,0.348266,0.237562,0,0.66528,12.849,1,0.926761,0.36288,0,18.9206,4.89951,13.4572,0.84672,12.849,0.84672,3695.15,0,36.966,0.392755,0.426851,2.16372,1.9049,1.2057,2.89701,0.42336,36.966,0.42336,423.524,0,1.02816,0,0,1.45501,0.426851,1.028160,1,0,16.3542,0,0,0,16.3542,0
36.5464,2.96152,0,0,0.797109,0.0724565,0.36288,3.6288,26.5463,0.611931,0,0,0.196074,0.237082,0,0.66528,12.849,1,0.972066,0.36288,0,19.5988,4.89951,14.0901,0.84672,12.849,0.84672,3695.15,0,36.966,0.42336,0.204422,2.05969,1.42851,1.2057,2.06356,0.42336,36.966,0.42336,423.524,0,0.676572,0,0,0.880995,0.204422,1.028160,1,0,16.1537,0,0,0,16.1537,0
33.8792,2.91042,0,0,0.676382,0.0702808,0.36288,3.6288,25.7856,0.704116,0,0,0.178731,0.235343,0,0.66528,12.849,1,1.02325,0.36288,0,18.1096,4.89951,12.5497,0.84672,12.849,0.84672,3695.15,0,36.966,0.42336,0.216518,2.05974,1.35929,1.2057,2.00649,0.42336,36.966,0.42336,423.524,0,0.584436,0,0,0.800954,0.216518,1.028160,1,0,14.5562,0,0,0,14.5562,0
31.9582,2.85207,0,0,1.44217,0.148234,0.36288,3.6288,25.5154,0.429904,0,0,0.32696,0.167233,0,0.66528,12.849,1,1.08168,0.36288,0,39.865,3.65373,35.4925,0.84672,12.849,0.84672,3695.15,0,36.966,0.42336,0.216518,2.05979,3.01184,0.816316,4.04848,0.42336,36.966,0.42336,423.524,0,0.858695,0,0,1.07521,0.216518,1.028160,1,0,39.541,0,0,0,39.541,0
30.374,2.74108,0,0,1.68557,0.165751,0.36288,3.6288,25.2096,0.466332,0,0,0.30614,0.14566,0,0.66528,12.849,1,1.10207,0.36288,0,33.7786,3.88778,29.1516,0.84672,12.849,0.84672,3695.15,0,36.966,0.42336,0.216518,2.05984,2.36556,0.874848,3.34372,0.42336,36.966,0.42336,423.524,0,0.724067,0,0,0.940586,0.216518,1.028160,1,0,32.4954,0,0,0,32.4954,0
28.378,2.70074,0,0,1.23313,0.165513,0.36288,3.6288,25.2236,0.243616,0,0,0.398754,0.141133,0,0.66528,12.849,1,1.14248,0.36288,0,24.1239,4.06445,19.2799,0.84672,12.849,0.84672,3695.15,0,36.966,0.357227,0.216518,1.967,2.7382,0.92422,3.64027,0.42336,36.966,0.42336,423.524,0,1.01296,0,0,1.22948,0.216518,1.028160,1,0,22.9201,0,0,0,22.9201,0
26.0008,2.64548,0,0,0.792262,0.161109,0.36288,3.6288,25.0391,0.340594,0,0,0.297308,0.141156,0,0.66528,12.849,1,1.19782,0.36288,0,16.5921,4.06445,11.6927,0.84672,12.849,0.84672,3695.15,0,36.966,0.42336,0.216518,1.96705,2.70165,0.92422,3.53763,0.42336,36.966,0.42336,423.524,0,0.849897,0,0,1.06642,0.216518,1.028160,1,0,15.2303,0,0,0,15.2303,0
24.4149,2.57224,0,0,1.55078,0.201652,0.36288,3.6288,24.8665,0.3553,0,0,0.340924,0.158247,0,0.66528,12.849,1,1.27114,0.36288,0,41.8641,4.47037,36.4854,0.84672,12.849,0.84672,3695.15,0,36.966,0.42336,0.292723,1.9671,3.42179,1.01899,4.23926,0.42336,36.966,0.42336,423.524,0,0.835237,0,0,1.12796,0.292723,1.028160,1,0,40.7247,0,0,0,40.7247,0
24.6559,2.1118,0,0,2.90682,0.191123,0.36288,3.6288,24.7173,0.416306,0,0,0.419261,0.152139,0,0.66528,12.849,1,1.1114,0.36288,0,66.5201,4.22125,61.5504,0.84672,12.849,0.84672,3695.15,0,36.966,0.42336,0.999899,1.96715,4.48307,1.02651,6.00024,0.42336,36.966,0.42336,423.524,0,1.02816,0,0,2.02806,0.999899,1.028160,1,0,67.5506,0,0,0,67.5506,0
24.7179,2.11899,0,0,2.72766,0.183759,0.36288,3.6288,24.6401,0.416348,0,0,0.483346,0.144167,0,0.66528,12.849,1,1.10428,0.36288,0,59.2394,3.88909,54.6089,0.84672,12.849,0.84672,3695.15,0,36.966,0.42336,0.920739,2.04711,5.30054,1.03654,6.80848,0.42336,36.966,0.42336,423.524,0,1.02816,0,0,1.9489,0.920739,1.028160,1,0,61.4174,0,0,0,61.4174,0
24.3839,2.12086,0,0,2.33369,0.183924,0.36288,3.6288,24.557,0.41639,0,0,0.47728,0.144038,0,0.66528,12.849,1,1.10248,0.36288,0,53.9857,3.88909,49.357,0.84672,12.849,0.84672,3695.15,0,36.966,0.42336,0.850591,2.04716,5.24455,1.03654,6.68239,0.42336,36.966,0.42336,423.524,0,1.02816,0,0,1.87875,0.850591,1.028160,1,0,56.0394,0,0,0,56.0394,0
25.2288,2.11102,0,0,3.50101,0.182194,0.36288,3.6288,24.4421,0.416432,0,0,0.457011,0.155474,0,0.66528,12.849,1,1.11239,0.36288,0,50.8274,4.38522,45.6927,0.84672,12.849,0.84672,3695.15,0,36.966,0.42336,1.07857,2.0472,5.27135,1.19056,6.78321,0.42336,36.966,0.42336,423.524,0,1.02816,0,0,2.10673,1.07857,1.028160,1,0,52.4759,0,0,0,52.4759,0
26.5748,2.13575,0,0,4.02788,0.183285,0.36288,3.6288,24.4369,0.416474,0,0,0.581945,0.170679,0,0.66528,12.849,1,1.08774,0.36288,0,99.2607,5.04672,93.4892,0.84672,12.849,0.84672,3695.15,0,36.966,0.42336,1.56705,2.04725,7.02308,1.39592,8.81809,0.42336,36.966,0.42336,423.524,0,1.02816,0,0,2.59521,1.56705,1.028160,1,0,102.307,0,0,0,102.307,0
28.4628,2.48419,0,0,4.93026,0.195216,0.36288,3.6288,25.2545,0.175351,0,0,1.15949,0.166574,0,0.66528,12.849,1,1.20112,0.36288,0,81.7474,3.94033,76.9688,0.84672,12.849,0.84672,3695.15,0,36.966,0.265256,2.00458,2.04729,6.55107,1.21717,9.12052,0.42336,36.966,0.42336,423.524,0,1.02816,0,0,3.03274,2.00458,1.028160,1,0,86.0893,0,0,0,86.0893,0
29.9355,2.53912,0,0,4.5751,0.20039,0.36288,3.6288,25.9545,0.178848,0,0,1.04704,0.168153,0,0.66528,12.849,1,1.14624,0.36288,0,88.1755,3.94033,83.4518,0.84672,12.849,0.84672,3695.15,0,36.966,0.261787,1.80629,1.8254,6.10224,1.21717,8.25497,0.42336,36.966,0.42336,423.524,0,1.02816,0,0,2.83445,1.80629,1.028160,1,0,91.7068,0,0,0,91.7068,0
32.3138,2.57861,0,0,5.5242,0.204427,0.36288,3.6288,26.5735,0.181773,0,0,0.970289,0.169505,0,0.66528,12.849,1,1.1068,0.36288,0,122.569,3.94033,117.885,0.84672,12.849,0.84672,3695.15,0,36.966,0.258892,1.5913,1.82543,6.05222,1.21717,7.99288,0.42336,36.966,0.42336,423.524,0,1.02816,0,0,2.61946,1.5913,1.028160,1,0,125.877,0,0,0,125.877,0
32.5643,2.63693,0,0,3.46348,0.213123,0.36288,3.6288,26.9628,0.184307,0,0,0.736097,0.162481,0,0.66528,12.849,1,1.04853,0.36288,0,69.2116,3.80668,64.7193,0.84672,12.849,0.84672,3695.15,0,36.966,0.256387,0.877107,1.82546,4.86752,1.1656,6.1481,0.42336,36.966,0.42336,423.524,0,1.02816,0,0,1.90527,0.877107,1.028160,1,0,70.8673,0,0,0,70.8673,0
35.9299,2.87091,0,0,6.82647,0.22705,0.36288,3.6288,27.7424,0.279717,0,0,1.20093,0.141616,0,0.66528,12.849,1,1.13278,0.36288,0,150.039,3.90828,145.361,0.84672,12.849,0.84672,3695.15,0,36.966,0.383492,2.08467,1.82549,9.70279,1.03907,12.1904,0.42336,36.966,0.42336,423.524,0,1.02816,0,0,3.11283,2.08467,1.028160,1,0,157.551,0,0,0,157.551,0
38.6592,2.94911,0,0,6.28373,0.242463,0.36288,3.6288,28.4392,0.284352,0,0,1.12328,0.142147,0,0.66528,12.849,1,1.05464,0.36288,0,133.717,4.23507,128.79,0.84672,12.849,0.84672,3695.15,0,36.966,0.378891,1.94098,2.05704,9.60787,1.04086,12.1861,0.42336,36.966,0.42336,423.524,0,1.02816,0,0,2.96914,1.94098,1.028160,1,0,140.976,0,0,0,140.976,0
41.6487,3.00503,0,0,6.60781,0.250401,0.36288,3.6288,28.8962,0.288402,0,0,0.888657,0.143273,0,0.66528,12.849,1,0.998769,0.36288,0,104.037,4.23507,99.1659,0.84672,12.849,0.84672,3695.15,0,36.966,0.374873,1.34241,2.05708,6.37088,1.04086,8.35464,0.42336,36.966,0.42336,423.524,0,1.02816,0,0,2.37057,1.34241,1.028160,1,0,107.521,0,0,0,107.521,0
42.6446,3.05986,0,0,4.6842,0.265584,0.36288,3.6288,29.2935,0.291017,0,0,0.817506,0.129166,0,0.66528,12.849,1,0.943994,0.36288,0,115.684,3.97285,111.13,0.84672,12.849,0.84672,3695.15,0,36.966,0.37229,1.09832,2.05711,5.39888,0.985039,7.19698,0.42336,36.966,0.42336,423.524,0,1.02816,0,0,2.12648,1.09832,1.028160,1,0,118.327,0,0,0,118.327,0
46.1981,2.44884,0,0,6.64888,0.283611,0.36288,3.6288,30.056,0.399589,0,0,1.26134,0.099241,0,0.66528,12.849,1,0.737846,0.36288,0,135.664,3.52268,131.767,0.84672,12.849,0.84672,3695.15,0,36.966,0.42336,2.53805,2.05715,6.77818,0.858084,10.0919,0.42336,36.966,0.42336,423.524,0,1.02816,0,0,3.56621,2.53805,1.028160,1,0,141.859,0,0,0,141.859,0
49.6854,2.49328,0,0,6.64381,0.300367,0.36288,3.6288,31.1528,0.399617,0,0,1.5885,0.0920621,0,0.66528,12.849,1,0.693452,0.36288,0,171.786,3.44726,168.008,0.84672,12.849,0.84672,3695.15,0,36.966,0.42336,3.49739,2.02735,9.88817,0.818691,14.1709,0.42336,36.966,0.42336,423.524,0,1.02816,0,0,4.52555,3.49739,1.028160,1,0,182.179,0,0,0,182.179,0
52.821,2.53199,0,0,6.34251,0.31202,0.36288,3.6288,32.4742,0.399646,0,0,1.81424,0.093188,0,0.66528,12.849,1,0.654791,0.36288,0,172.082,3.44726,168.343,0.84672,12.849,0.84672,3695.15,0,36.966,0.42336,4.53687,2.02738,11.6609,0.818691,16.9831,0.42336,36.966,0.42336,423.524,0,1.02816,0,0,5.56503,4.53687,1.028160,1,0,185.326,0,0,0,185.326,0
56.29,2.5633,0,0,6.7175,0.322401,0.36288,3.6288,33.8241,0.399674,0,0,1.84413,0.0945444,0,0.66528,12.849,1,0.623535,0.36288,0,178.205,3.44726,174.497,0.84672,12.849,0.84672,3695.15,0,36.966,0.42336,3.92775,2.02741,12.2531,0.818691,16.9662,0.42336,36.966,0.42336,423.524,0,1.02816,0,0,4.95591,3.92775,1.028160,1,0,191.463,0,0,0,191.463,0
60.6786,2.59462,0,0,7.67465,0.328559,0.36288,3.6288,35.5503,0.399702,0,0,2.21956,0.0937386,0,0.66528,12.849,1,0.59226,0.36288,0,178.668,3.52338,174.916,0.84672,12.849,0.84672,3695.15,0,36.966,0.42336,4.62879,2.02744,12.5784,0.809174,18.0021,0.42336,36.966,0.42336,423.524,0,1.02816,0,0,5.65695,4.62879,1.028160,1,0,192.918,0,0,0,192.918,0
65.2465,3.02416,0,0,8.291,0.335993,0.36288,3.6288,37.6266,0.214692,0,0,2.33968,0.0486827,0,0.66528,12.849,1,0.640382,0.36288,0,170.365,2.80108,167.287,0.84672,12.849,0.84672,3695.15,0,36.966,0.223241,6.24592,2.02748,14.1168,0.583534,21.5834,0.42336,36.966,0.42336,423.524,0,1.02816,0,0,7.27408,6.24592,1.028160,1,0,188.87,0,0,0,188.87,0
68.0604,3.06166,0,0,6.57024,0.331862,0.36288,3.6288,39.6717,0.22092,0,0,2.3236,0.0575197,0,0.66528,12.849,1,0.602933,0.36288,0,203.072,2.91743,199.914,0.84672,12.849,0.84672,3695.15,0,36.966,0.217042,5.08605,1.81944,10.2745,0.606434,16.3565,0.42336,36.966,0.42336,423.524,0,1.02816,0,0,6.11421,5.08605,1.028160,1,0,216.271,0,0,0,216.271,0
69.7828,3.08267,0,0,5.44366,0.275658,0.36288,3.6288,40.8492,0.226727,0,0,1.49979,0.095558,0,0.66528,12.849,1,0.581972,0.36288,0,177.21,3.16751,173.823,0.84672,12.849,0.84672,3695.15,0,36.966,0.211264,3.49791,1.81947,7.90031,0.721989,12.2844,0.42336,36.966,0.42336,423.524,0,1.02816,0,0,4.52607,3.49791,1.028160,1,0,186.108,0,0,0,186.108,0
71.5439,3.09484,0,0,5.47056,0.251702,0.36288,3.6288,41.8639,0.229939,0,0,1.36405,0.119452,0,0.66528,12.849,1,0.569849,0.36288,0,142.916,3.11314,139.596,0.84672,12.849,0.84672,3695.15,0,36.966,0.20808,3.21374,1.8195,7.82535,0.799727,11.8508,0.42336,36.966,0.42336,423.524,0,1.02816,0,0,4.2419,3.21374,1.028160,1,0,151.447,0,0,0,151.447,0
72.1515,2.762,0,0,4.03237,0.299982,0.36288,3.6288,42.143,0.461361,0,0,0.857983,0.117505,0,0.66528,12.849,1,0.496044,0.36288,0,82.3297,3.0946,79.1019,0.84672,12.849,0.84672,3695.15,0,36.966,0.407384,1.99632,1.81953,6.12795,0.721135,8.81529,0.42336,36.966,0.42336,423.524,0,1.02816,0,0,3.02448,1.99632,1.028160,1,0,87.9172,0,0,0,87.9172,0
72.29,2.76559,0,0,3.6914,0.272111,0.515161,3.6288,42.2278,0.462813,0,0,0.672572,0.125013,0,0.66528,12.849,1,0.492506,0.515161,0,71.6861,3.06456,68.6442,0.84672,12.849,0.84672,3695.15,0,36.966,0.40596,1.33485,2.07611,4.31423,0.757628,6.56159,0.42336,36.966,0.42336,423.524,0,1.02816,0,0,2.36301,1.33485,1.028160,1,0,75.2058,0,0,0,75.2058,0
72.1106,2.76643,0,0,3.18576,0.235827,0.36288,3.6288,42.2751,0.463263,0,0,0.669752,0.159126,0,0.66528,12.849,1,0.491712,0.36288,0,57.891,3.5742,54.188,0.84672,12.849,0.84672,3695.15,0,36.966,0.405539,1.13864,2.07614,3.86348,0.900202,5.77252,0.42336,36.966,0.42336,423.524,0,1.02816,0,0,2.1668,1.13864,1.028160,1,0,59.9605,0,0,0,59.9605,0
71.8033,2.76543,0,0,3.05654,0.235506,0.36288,3.6288,42.3144,0.463521,0,0,0.662043,0.159198,0,0.66528,12.849,1,0.492758,0.36288,0,65.003,3.5742,61.299,0.84672,12.849,0.84672,3695.15,0,36.966,0.40531,1.29522,2.07617,3.88515,0.900202,5.95103,0.42336,36.966,0.42336,423.524,0,1.02816,0,0,2.32338,1.29522,1.028160,1,0,67.25,0,0,0,67.25,0
71.001,3.19939,0,0,2.96242,0.202508,0.36288,3.6288,42.4494,0.272427,0,0,0.570691,0.163307,0,0.66528,12.849,1,0.572522,0.36288,0,57.1652,3.59526,53.3603,0.84672,12.849,0.84672,3695.15,0,36.966,0.237993,0.916116,2.0762,3.54416,0.949679,5.34881,0.42336,36.966,0.42336,423.524,0,1.02816,0,0,1.94428,0.916116,1.028160,1,0,58.7091,0,0,0,58.7091,0
70.1846,3.19396,0,0,2.89877,0.15827,0.36288,3.6288,42.541,0.272847,0,0,0.533403,0.168923,0,0.66528,12.849,1,0.578008,0.36288,0,52.5875,3.62334,48.7491,0.84672,12.849,0.84672,3695.15,0,36.966,0.237602,0.837207,1.89556,3.6014,1.01565,5.08092,0.42336,36.966,0.42336,423.524,0,1.02816,0,0,1.86537,0.837207,1.028160,1,0,53.83,0,0,0,53.83,0
69.2847,3.18832,0,0,2.80849,0.15728,0.36288,3.6288,42.6578,0.273137,0,0,0.558934,0.169071,0,0.66528,12.849,1,0.583699,0.36288,0,49.8983,3.62334,46.0542,0.84672,12.849,0.84672,3695.15,0,36.966,0.237342,0.769323,1.8956,3.73851,1.01565,5.15044,0.42336,36.966,0.42336,423.524,0,1.02816,0,0,1.79748,0.769323,1.028160,1,0,51.2046,0,0,0,51.2046,0
68.2138,3.18196,0,0,2.63015,0.156189,0.36288,3.6288,42.7306,0.273501,0,0,0.515621,0.16926,0,0.66528,12.849,1,0.590103,0.36288,0,46.7693,3.62334,42.9187,0.84672,12.849,0.84672,3695.15,0,36.966,0.237008,0.60626,1.89563,3.38728,1.01565,4.63652,0.42336,36.966,0.42336,423.524,0,1.02816,0,0,1.63442,0.60626,1.028160,1,0,47.5552,0,0,0,47.5552,0
67.0615,3.17421,0,0,2.49542,0.110625,0.36288,3.6288,42.744,0.273734,0,0,0.493418,0.206277,0,0.66528,12.849,1,0.597906,0.36288,0,45.4288,4.56993,40.6238,0.84672,12.849,0.84672,3695.15,0,36.966,0.236805,0.70956,1.89566,3.23695,1.15963,4.44573,0.42336,36.966,0.42336,423.524,0,1.02816,0,0,1.73772,0.70956,1.028160,1,0,45.0695,0,0,0,45.0695,0
65.9624,3.14046,0,0,2.51787,0.113603,0.36288,3.6288,42.7126,0.303451,0,0,0.495663,0.223592,0,0.66528,12.849,1,0.601714,0.36288,0,51.6238,4.79661,46.5884,0.84672,12.849,0.84672,3695.15,0,36.966,0.262431,0.727358,1.89569,2.96499,1.24942,4.07619,0.42336,36.966,0.42336,423.524,0,1.02816,0,0,1.75552,0.727358,1.028160,1,0,50.6646,0,0,0,50.6646,0
64.7126,3.13211,0,0,2.35778,0.112616,0.36288,3.6288,42.657,0.303364,0,0,0.471215,0.223525,0,0.66528,12.849,1,0.610113,0.36288,0,51.5563,4.79661,46.5124,0.84672,12.849,0.84672,3695.15,0,36.966,0.262549,0.621415,1.93284,3.04702,1.24942,4.0893,0.42336,36.966,0.42336,423.524,0,1.02816,0,0,1.64957,0.621415,1.028160,1,0,50.6017,0,0,0,50.6017,0
63.2601,3.12232,0,0,2.14428,0.111494,0.36288,3.6288,42.5898,0.303197,0,0,0.459479,0.223406,0,0.66528,12.849,1,0.619953,0.36288,0,50.5472,4.79661,45.4935,0.84672,12.849,0.84672,3695.15,0,36.966,0.262747,0.600031,1.93287,2.91958,1.24942,3.94032,0.42336,36.966,0.42336,423.524,0,1.02816,0,0,1.62819,0.600031,1.028160,1,0,49.4338,0,0,0,49.4338,0
61.6228,3.11054,0,0,1.94624,0.110191,0.36288,3.6288,42.4947,0.302992,0,0,0.431076,0.223263,0,0.66528,12.849,1,0.631792,0.36288,0,45.0419,4.79661,39.9764,0.84672,12.849,0.84672,3695.15,0,36.966,0.262983,0.416422,1.93291,2.82431,1.24942,3.66124,0.42336,36.966,0.42336,423.524,0,1.02816,0,0,1.44458,0.416422,1.028160,1,0,43.6376,0,0,0,43.6376,0
59.8535,3.16078,0,0,1.83474,0.0803124,0.36288,3.6288,42.3082,0.329058,0,0,0.443296,0.30071,0,0.66528,12.849,1,0.659056,0.36288,0,41.0915,6.17751,34.6178,0.84672,12.849,0.84672,3695.15,0,36.966,0.286247,0.424224,1.93294,2.45263,1.58359,2.93997,0.42336,36.966,0.42336,423.524,0,1.02816,0,0,1.45238,0.424224,1.028160,1,0,37.5578,0,0,0,37.5578,0
57.989,3.14479,0,0,1.72313,0.0799679,0.36288,3.6288,42.0615,0.328402,0,0,0.386426,0.304692,0,0.66528,12.849,1,0.675104,0.36288,0,37.7563,6.33465,31.1094,0.84672,12.849,0.84672,3695.15,0,36.966,0.286935,0.458508,1.98558,2.43707,1.57299,3.02123,0.42336,36.966,0.42336,423.524,0,1.02816,0,0,1.48667,0.458508,1.028160,1,0,34.1306,0,0,0,34.1306,0
56.033,3.12706,0,0,1.61246,0.07854,0.36288,3.6288,41.7877,0.327523,0,0,0.357685,0.30397,0,0.66528,12.849,1,0.692883,0.36288,0,34.0846,6.33465,27.42,0.84672,12.849,0.84672,3695.15,0,36.966,0.287845,0.39471,1.98561,2.17506,1.57299,2.69454,0.42336,36.966,0.42336,423.524,0,1.02816,0,0,1.42287,0.39471,1.028160,1,0,30.1145,0,0,0,30.1145,0
53.966,3.10743,0,0,1.48032,0.077042,0.36288,3.6288,41.5118,0.326539,0,0,0.353757,0.30317,0,0.66528,12.849,1,0.712568,0.36288,0,31.1573,6.33465,24.473,0.84672,12.849,0.84672,3695.15,0,36.966,0.288861,0.277828,1.98565,2.12729,1.57299,2.52892,0.42336,36.966,0.42336,423.524,0,1.02816,0,0,1.30599,0.277828,1.028160,1,0,27.0019,0,0,0,27.0019,0
51.9649,3.26865,0,0,1.69575,0.0653378,0.36288,3.6288,41.2525,0.419672,0,0,0.45177,0.291331,0,0.66528,12.849,1,0.778247,0.36288,0,32.2296,6.365,25.4493,0.84672,12.849,0.84672,3695.15,0,36.966,0.373715,0.644233,1.98568,3.16218,1.53106,3.88732,0.42336,36.966,0.42336,423.524,0,1.02816,0,0,1.67239,0.644233,1.028160,1,0,29.3366,0,0,0,29.3366,0
49.9872,3.24467,0,0,1.69845,0.0686037,0.36288,3.6288,41.0294,0.418451,0,0,0.476928,0.281584,0,0.66528,12.849,1,0.802286,0.36288,0,34.3498,5.94562,27.9648,0.84672,12.849,0.84672,3695.15,0,36.966,0.37497,0.527403,2.16572,2.8706,1.29716,3.89159,0.42336,36.966,0.42336,423.524,0,1.02816,0,0,1.55556,0.527403,1.028160,1,0,31.8563,0,0,0,31.8563,0
47.5426,3.21946,0,0,1.21752,0.0797144,0.36288,3.6288,40.6624,0.434613,0,0,0.345867,0.278234,0,0.66528,12.849,1,0.827549,0.36288,0,24.8029,5.85657,18.4817,0.84672,12.849,0.84672,3695.15,0,36.966,0.391571,0.227405,2.16575,1.76172,1.28624,2.47707,0.42336,36.966,0.42336,423.524,0,0.995432,0,0,1.22284,0.227405,1.028160,1,0,20.9588,0,0,0,20.9588,0
44.8227,3.186,0,0,0.964492,0.135516,0.36288,3.6288,40.321,0.415637,0,0,0.329185,0.255003,0,0.66528,12.849,1,0.861058,0.36288,0,19.0284,5.72282,12.8074,0.84672,12.849,0.84672,3695.15,0,36.966,0.377853,0.207446,2.16579,1.56824,1.21554,2.34808,0.42336,36.966,0.42336,423.524,0,1.02816,0,0,1.23561,0.207446,1.028160,1,0,15.1555,0,0,0,15.1555,0
42.0794,3.14544,0,0,0.896512,0.131473,0.36288,3.6288,39.9326,0.44808,0,0,0.313811,0.254154,0,0.66528,12.849,1,0.90168,0.36288,0,21.8509,5.72282,15.5893,0.84672,12.849,0.84672,3695.15,0,36.966,0.410797,0.204422,2.16583,1.36355,1.21554,2.10747,0.42336,36.966,0.42336,423.524,0,0.962807,0,0,1.16723,0.204422,1.028160,1,0,17.6968,0,0,0,17.6968,0
39.743,3.01575,0,0,1.21173,0.169554,0.36288,3.6288,39.8731,0.355992,0,0,0.545476,0.249001,0,0.66528,12.849,1,0.920861,0.36288,0,53.3692,5.25136,47.5598,0.84672,12.849,0.84672,3695.15,0,36.966,0.329546,0.575821,2.16586,2.17121,1.09132,3.49204,0.42336,36.966,0.42336,423.524,0,1.02816,0,0,1.60398,0.575821,1.028160,1,0,51.0519,0,0,0,51.0519,0
37.3033,2.97488,0,0,1.063,0.164938,0.36288,3.6288,39.6696,0.355754,0,0,0.401148,0.248861,0,0.66528,12.849,1,0.961784,0.36288,0,48.8179,5.25136,42.9676,0.84672,12.849,0.84672,3695.15,0,36.966,0.329817,0.391116,2.06172,1.91589,1.09132,2.94759,0.42336,36.966,0.42336,423.524,0,1.02816,0,0,1.41928,0.391116,1.028160,1,0,45.9152,0,0,0,45.9152,0
34.8393,2.92813,0,0,1.01916,0.192143,0.36288,3.6288,39.4641,0.354895,0,0,0.372682,0.223303,0,0.66528,12.849,1,1.00858,0.36288,0,36.6964,4.8048,31.2459,0.84672,12.849,0.84672,3695.15,0,36.966,0.330708,0.255545,2.06176,2.63723,0.942622,3.6812,0.42336,36.966,0.42336,423.524,0,1.02816,0,0,1.28371,0.255545,1.028160,1,0,34.9271,0,0,0,34.9271,0
34.2585,2.87606,0,0,2.79542,0.137256,0.36288,3.6288,39.4512,0.354023,0,0,0.599992,0.258828,0,0.66528,12.849,1,1.06071,0.36288,0,42.8689,5.65373,36.5174,0.84672,12.849,0.84672,3695.15,0,36.966,0.331613,1.05111,2.06179,5.30659,0.965899,7.12198,0.42336,36.966,0.42336,423.524,0,1.02816,0,0,2.07927,1.05111,1.028160,1,0,43.6393,0,0,0,43.6393,0
33.8869,2.79701,0,0,2.96882,0.18053,0.36288,3.6288,39.5281,0.303219,0,0,0.584594,0.2045,0,0.66528,12.849,1,1.04905,0.36288,0,62.9338,4.59755,57.6501,0.84672,12.849,0.84672,3695.15,0,36.966,0.284118,0.959092,2.06183,3.85059,0.931859,5.65554,0.42336,36.966,0.42336,423.524,0,1.02816,0,0,1.98725,0.959092,1.028160,1,0,63.3057,0,0,0,63.3057,0
31.9701,2.78871,0,0,1.39342,0.158616,0.36288,3.6288,39.4212,0.303521,0,0,0.43438,0.237697,0,0.66528,12.849,1,1.0574,0.36288,0,33.3091,4.76238,27.8522,0.84672,12.849,0.84672,3695.15,0,36.966,0.283847,0.702372,1.96888,3.8083,1.20413,4.99158,0.42336,36.966,0.42336,423.524,0,1.02816,0,0,1.73053,0.702372,1.028160,1,0,32.8438,0,0,0,32.8438,0
30.6624,2.74352,0,0,1.96983,0.171144,0.36288,3.6288,39.437,0.30314,0,0,0.55023,0.231362,0,0.66528,12.849,1,1.10264,0.36288,0,52.9668,4.54791,47.6792,0.84672,12.849,0.84672,3695.15,0,36.966,0.284259,1.11563,1.96892,3.509,1.17298,5.13631,0.42336,36.966,0.42336,423.524,0,1.02816,0,0,2.14379,1.11563,1.028160,1,0,52.8155,0,0,0,52.8155,0
31.6802,2.71042,0,0,4.28071,0.189619,0.36288,3.6288,40.0098,0.303214,0,0,1.09928,0.223269,0,0.66528,12.849,1,1.13579,0.36288,0,61.3718,4.26195,56.337,0.84672,12.849,0.84672,3695.15,0,36.966,0.284216,2.05686,1.96895,6.39674,1.13145,9.00689,0.42336,36.966,0.42336,423.524,0,1.02816,0,0,3.08502,2.05686,1.028160,1,0,65.3438,0,0,0,65.3438,0
31.9403,2.29503,0,0,3.08345,0.165439,0.36288,3.6288,39.9413,0.437234,0,0,0.578508,0.209727,0,0.66528,12.849,1,0.930827,0.36288,0,57.9524,4.15845,53.226,0.84672,12.849,0.84672,3695.15,0,36.966,0.403971,1.32507,1.96899,4.26545,1.09185,6.06369,0.42336,36.966,0.42336,423.524,0,1.02816,0,0,2.35323,1.32507,1.028160,1,0,59.2897,0,0,0,59.2897,0
31.4794,2.30047,0,0,2.37659,0.174181,0.36288,3.6288,40.0835,0.436889,0,0,0.730457,0.15137,0,0.66528,12.849,1,0.925436,0.36288,0,57.8171,3.86894,53.3856,0.84672,12.849,0.84672,3695.15,0,36.966,0.404344,1.88768,2.0488,5.48161,0.957803,8.05595,0.42336,36.966,0.42336,423.524,0,1.02816,0,0,2.91584,1.88768,1.028160,1,0,61.4415,0,0,0,61.4415,0
34.9787,2.29088,0,0,6.32624,0.173169,0.36288,3.6288,41.1672,0.43765,0,0,1.67292,0.151573,0,0.66528,12.849,1,0.935073,0.36288,0,104.225,3.86894,99.7841,0.84672,12.849,0.84672,3695.15,0,36.966,0.403612,4.56951,2.04883,8.36091,0.957803,13.6178,0.42336,36.966,0.42336,423.524,0,1.02816,0,0,5.59767,4.56951,1.028160,1,0,113.402,0,0,0,113.402,0
39.252,2.35933,0,0,7.17639,0.180848,0.36288,3.6288,41.7311,0.443263,0,0,1.16038,0.153184,0,0.66528,12.849,1,0.866672,0.36288,0,162.622,3.86894,158.249,0.84672,12.849,0.84672,3695.15,0,36.966,0.398027,3.12906,2.04886,7.65806,0.957803,11.4802,0.42336,36.966,0.42336,423.524,0,1.02816,0,0,4.15722,3.12906,1.028160,1,0,169.73,0,0,0,169.73,0
40.611,2.43045,0,0,4.34921,0.196896,0.36288,3.6288,42.2302,0.446131,0,0,1.08915,0.143959,0,0.66528,12.849,1,0.795599,0.36288,0,94.1026,3.98211,89.6877,0.84672,12.849,0.84672,3695.15,0,36.966,0.395189,3.02486,2.04889,7.26911,0.861504,11.0862,0.42336,36.966,0.42336,423.524,0,1.02816,0,0,4.05302,3.02486,1.028160,1,0,100.774,0,0,0,100.774,0
43.471,2.45068,0,0,5.88708,0.213521,0.36288,3.6288,42.9293,0.448621,0,0,1.29834,0.150629,0,0.66528,12.849,1,0.775375,0.36288,0,92.4869,3.68646,88.3879,0.84672,12.849,0.84672,3695.15,0,36.966,0.392698,3.18184,2.04892,7.17782,1.04099,10.9749,0.42336,36.966,0.42336,423.524,0,1.02816,0,0,4.21,3.18184,1.028160,1,0,99.3628,0,0,0,99.3628,0
44.9371,2.84652,0,0,4.89815,0.222621,0.36288,3.6288,43.0665,0.237548,0,0,0.528104,0.153321,0,0.66528,12.849,1,0.841363,0.36288,0,61.03,3.62964,56.9219,0.84672,12.849,0.84672,3695.15,0,36.966,0.20455,1.8684,2.04892,4.67878,1.07732,7.31423,0.42336,36.966,0.42336,423.524,0,1.02816,0,0,2.89656,1.8684,1.028160,1,0,64.2361,0,0,0,64.2361,0
44.6941,2.86788,0,0,3.21411,0.226367,0.36288,3.6288,43.084,0.237907,0,0,0.40892,0.153522,0,0.66528,12.849,1,0.820022,0.36288,0,47.7793,3.62964,43.6925,0.84672,12.849,0.84672,3695.15,0,36.966,0.204206,1.27015,1.82703,3.01958,1.07732,4.83523,0.42336,36.966,0.42336,423.524,0,1.02816,0,0,2.29831,1.27015,1.028160,1,0,48.5277,0,0,0,48.5277,0
43.9656,2.86444,0,0,2.7246,0.225746,0.36288,3.6288,43.2332,0.23796,0,0,0.540656,0.153547,0,0.66528,12.849,1,0.823491,0.36288,0,57.9906,3.62964,53.9003,0.84672,12.849,0.84672,3695.15,0,36.966,0.204169,1.43079,1.82705,4.46121,1.07732,6.43755,0.42336,36.966,0.42336,423.524,0,1.02816,0,0,2.45895,1.43079,1.028160,1,0,60.3379,0,0,0,60.3379,0
44.8625,2.8539,0,0,4.34849,0.234888,0.36288,3.6288,43.6337,0.238348,0,0,0.814609,0.175704,0,0.66528,12.849,1,0.834056,0.36288,0,83.5231,4.04211,79.0098,0.84672,12.849,0.84672,3695.15,0,36.966,0.203796,2.62513,1.82706,7.11037,1.17937,10.1794,0.42336,36.966,0.42336,423.524,0,1.02816,0,0,3.65329,2.62513,1.028160,1,0,89.1892,0,0,0,89.1892,0
44.4732,3.11441,0,0,3.32757,0.239487,0.36288,3.6288,43.6967,0.359907,0,0,0.610805,0.187927,0,0.66528,12.849,1,0.891996,0.36288,0,42.4818,4.44328,37.5094,0.84672,12.849,0.84672,3695.15,0,36.966,0.304909,1.66876,1.82708,3.64887,1.26349,5.57631,0.42336,36.966,0.42336,423.524,0,1.02816,0,0,2.69692,1.66876,1.028160,1,0,43.0858,0,0,0,43.0858,0
45.8241,3.10838,0,0,5.06051,0.238434,0.36288,3.6288,43.8478,0.360154,0,0,0.699347,0.188039,0,0.66528,12.849,1,0.898059,0.36288,0,74.3835,4.44328,69.405,0.84672,12.849,0.84672,3695.15,0,36.966,0.304679,1.94083,2.05879,8.59036,1.26349,11.0218,0.42336,36.966,0.42336,423.524,0,1.02816,0,0,2.96899,1.94083,1.028160,1,0,80.4268,0,0,0,80.4268,0
47.4903,3.12908,0,0,5.40008,0.241877,0.36288,3.6288,44.2717,0.360734,0,0,0.945427,0.160877,0,0.66528,12.849,1,0.877389,0.36288,0,125.167,4.17995,120.472,0.84672,12.849,0.84672,3695.15,0,36.966,0.304117,2.774,2.05881,6.83656,1.13642,10.2288,0.42336,36.966,0.42336,423.524,0,1.02816,0,0,3.80216,2.774,1.028160,1,0,130.701,0,0,0,130.701,0
49.7803,3.15333,0,0,6.06129,0.25511,0.36288,3.6288,44.626,0.362329,0,0,0.893234,0.176577,0,0.66528,12.849,1,0.853167,0.36288,0,122.955,4.00553,118.459,0.84672,12.849,0.84672,3695.15,0,36.966,0.302538,2.66822,2.05883,5.77109,1.0318,9.1638,0.42336,36.966,0.42336,423.524,0,1.02816,0,0,3.69638,2.66822,1.028160,1,0,127.623,0,0,0,127.623,0
52.5235,2.53476,0,0,5.91449,0.273663,0.36288,3.6288,44.9729,0.450844,0,0,1.02268,0.224941,0,0.66528,12.849,1,0.654257,0.36288,0,137.961,4.03631,133.633,0.84672,12.849,0.84672,3695.15,0,36.966,0.373458,2.52016,2.05885,6.4968,1.0194,9.68295,0.42336,36.966,0.42336,423.524,0,1.02816,0,0,3.54832,2.52016,1.028160,1,0,143.316,0,0,0,143.316,0
56.0658,2.56223,0,0,6.74905,0.28162,0.36288,3.6288,45.8477,0.452434,0,0,1.55293,0.225673,0,0.66528,12.849,1,0.626808,0.36288,0,119.107,4.03631,114.806,0.84672,12.849,0.84672,3695.15,0,36.966,0.371883,3.86943,2.02883,8.80072,1.0194,13.3077,0.42336,36.966,0.42336,423.524,0,1.02816,0,0,4.89759,3.86943,1.028160,1,0,128.114,0,0,0,128.114,0
59.0431,2.59447,0,0,6.22658,0.291895,0.36288,3.6288,46.6212,0.456371,0,0,1.45736,0.22752,0,0.66528,12.849,1,0.594594,0.36288,0,143.968,4.03631,139.7,0.84672,12.849,0.84672,3695.15,0,36.966,0.367962,3.38516,2.02885,8.00881,1.0194,12.0355,0.42336,36.966,0.42336,423.524,0,1.02816,0,0,4.41332,3.38516,1.028160,1,0,151.736,0,0,0,151.736,0
62.4954,2.61912,0,0,6.67374,0.239487,0.36288,3.6288,48.0797,0.459784,0,0,2.11504,0.196735,0,0.66528,12.849,1,0.569974,0.36288,0,131.367,3.51314,127.647,0.84672,12.849,0.84672,3695.15,0,36.966,0.364563,4.73828,2.02887,9.69392,0.944245,15.1523,0.42336,36.966,0.42336,423.524,0,1.02816,0,0,5.76644,4.73828,1.028160,1,0,142.799,0,0,0,142.799,0
64.6167,2.64526,0,0,5.43428,0.304866,0.36288,3.6288,48.792,0.466045,0,0,1.35644,0.178101,0,0.66528,12.849,1,0.543863,0.36288,0,102.202,3.9374,98.0833,0.84672,12.849,0.84672,3695.15,0,36.966,0.358318,3.73639,2.02888,7.41286,0.870125,11.9497,0.42336,36.966,0.42336,423.524,0,1.02816,0,0,4.76455,3.73639,1.028160,1,0,110.033,0,0,0,110.033,0
65.6173,3.0586,0,0,4.73232,0.310167,0.36288,3.6288,49.438,0.249909,0,0,1.07509,0.179158,0,0.66528,12.849,1,0.608201,0.36288,0,92.6148,3.9374,88.432,0.84672,12.849,0.84672,3695.15,0,36.966,0.189337,2.86789,2.0289,4.99235,0.870125,8.82968,0.42336,36.966,0.42336,423.524,0,1.02816,0,0,3.89605,2.86789,1.028160,1,0,97.2617,0,0,0,97.2617,0
66.3325,3.06637,0,0,4.44857,0.304192,0.36288,3.6288,49.9402,0.251334,0,0,0.937972,0.18449,0,0.66528,12.849,1,0.600449,0.36288,0,73.8046,3.99557,69.5715,0.84672,12.849,0.84672,3695.15,0,36.966,0.187928,2.53147,1.82088,4.46068,0.881575,7.74352,0.42336,36.966,0.42336,423.524,0,1.02816,0,0,3.55963,2.53147,1.028160,1,0,77.315,0,0,0,77.315,0
66.7213,3.07182,0,0,4.07789,0.254321,0.36288,3.6288,50.4208,0.252429,0,0,0.96452,0.231471,0,0.66528,12.849,1,0.59503,0.36288,0,70.6648,4.94543,65.4873,0.84672,12.849,0.84672,3695.15,0,36.966,0.186849,2.35862,1.82089,4.11864,1.01638,7.09492,0.42336,36.966,0.42336,423.524,0,1.02816,0,0,3.38678,2.35862,1.028160,1,0,72.5822,0,0,0,72.5822,0
67.1665,3.07475,0,0,4.13217,0.249354,0.36288,3.6288,50.683,0.253465,0,0,0.709519,0.193848,0,0.66528,12.849,1,0.592126,0.36288,0,69.1368,4.21912,64.6884,0.84672,12.849,0.84672,3695.15,0,36.966,0.185828,2.1397,1.82091,3.98091,1.00794,6.74775,0.42336,36.966,0.42336,423.524,0,1.02816,0,0,3.16786,2.1397,1.028160,1,0,71.4361,0,0,0,71.4361,0
67.2972,2.73669,0,0,3.51879,0.288488,0.36288,3.6288,50.6499,0.503082,0,0,0.648301,0.178274,0,0.66528,12.849,1,0.52353,0.36288,0,55.9659,3.61406,52.1912,0.84672,12.849,0.84672,3695.15,0,36.966,0.366927,1.63686,1.82093,3.59202,0.967592,5.71528,0.42336,36.966,0.42336,423.524,0,1.02816,0,0,2.66502,1.63686,1.028160,1,0,57.9065,0,0,0,57.9065,0
67.1578,2.73756,0,0,3.18894,0.227912,0.36288,3.6288,50.4717,0.502953,0,0,0.53656,0.211831,0,0.66528,12.849,1,0.52268,0.36288,0,50.6051,3.95007,46.4952,0.84672,12.849,0.84672,3695.15,0,36.966,0.367072,1.42624,2.07749,3.29926,0.989662,5.44625,0.42336,36.966,0.42336,423.524,0,1.02816,0,0,2.4544,1.42624,1.028160,1,0,51.9415,0,0,0,51.9415,0
66.9542,2.73667,0,0,3.09661,0.200666,0.36288,3.6288,50.3259,0.502214,0,0,0.58009,0.223651,0,0.66528,12.849,1,0.523595,0.36288,0,48.8084,4.06539,44.5823,0.84672,12.849,0.84672,3695.15,0,36.966,0.367827,1.60315,2.07751,3.65116,0.996547,5.96745,0.42336,36.966,0.42336,423.524,0,1.02816,0,0,2.63131,1.60315,1.028160,1,0,50.5497,0,0,0,50.5497,0
66.5155,2.73536,0,0,2.84685,0.187332,0.36288,3.6288,50.1063,0.501608,0,0,0.510256,0.22832,0,0.66528,12.849,1,0.524935,0.36288,0,44.6864,4.26117,40.2632,0.84672,12.849,0.84672,3695.15,0,36.966,0.368447,1.35852,2.07752,3.28793,1.03244,5.32309,0.42336,36.966,0.42336,423.524,0,1.02816,0,0,2.38668,1.35852,1.028160,1,0,45.5863,0,0,0,45.5863,0
65.5307,3.16304,0,0,2.69536,0.154267,0.36288,3.6288,50.053,0.294445,0,0,0.48136,0.240226,0,0.66528,12.849,1,0.611014,0.36288,0,44.4283,4.75062,39.4296,0.84672,12.849,0.84672,3695.15,0,36.966,0.217227,1.2373,2.07754,2.92552,1.12215,4.90098,0.42336,36.966,0.42336,423.524,0,1.02816,0,0,2.26546,1.2373,1.028160,1,0,44.3306,0,0,0,44.3306,0
64.4727,3.15538,0,0,2.61334,0.153062,0.36288,3.6288,49.9587,0.294321,0,0,0.440205,0.240121,0,0.66528,12.849,1,0.618695,0.36288,0,40.8447,4.75062,35.8382,0.84672,12.849,0.84672,3695.15,0,36.966,0.217367,0.98655,1.89693,2.72107,1.12215,4.26503,0.42336,36.966,0.42336,423.524,0,1.02816,0,0,2.01471,0.98655,1.028160,1,0,40.1032,0,0,0,40.1032,0
63.164,3.14694,0,0,2.32579,0.124682,0.36288,3.6288,49.8251,0.294094,0,0,0.417825,0.257376,0,0.66528,12.849,1,0.627165,0.36288,0,36.1341,4.96482,30.905,0.84672,12.849,0.84672,3695.15,0,36.966,0.21761,0.901817,1.89695,2.64702,1.17688,4.0513,0.42336,36.966,0.42336,423.524,0,1.02816,0,0,1.92998,0.901817,1.028160,1,0,34.9563,0,0,0,34.9563,0
61.7637,3.13617,0,0,2.202,0.103267,0.36288,3.6288,49.6616,0.293769,0,0,0.400417,0.27016,0,0.66528,12.849,1,0.637968,0.36288,0,34.4302,5.12547,29.0297,0.84672,12.849,0.84672,3695.15,0,36.966,0.217951,0.787838,1.89697,2.61781,1.21793,3.86673,0.42336,36.966,0.42336,423.524,0,1.02816,0,0,1.816,0.787838,1.028160,1,0,32.8964,0,0,0,32.8964,0
60.6403,3.12421,0,0,2.46123,0.0975439,0.36288,3.6288,49.4639,0.293366,0,0,0.362556,0.266798,0,0.66528,12.849,1,0.649946,0.36288,0,34.319,4.81677,29.2152,0.84672,12.849,0.84672,3695.15,0,36.966,0.21837,0.84094,1.89698,2.24796,1.28553,3.48198,0.42336,36.966,0.42336,423.524,0,1.02816,0,0,1.8691,0.84094,1.028160,1,0,32.6972,0,0,0,32.6972,0
59.353,3.08954,0,0,2.26181,0.0966402,0.36288,3.6288,49.2252,0.324551,0,0,0.352136,0.266364,0,0.66528,12.849,1,0.654639,0.36288,0,33.777,4.81677,28.6685,0.84672,12.849,0.84672,3695.15,0,36.966,0.242547,0.841726,1.897,2.26679,1.28553,3.47744,0.42336,36.966,0.42336,423.524,0,1.02816,0,0,1.86989,0.841726,1.028160,1,0,32.146,0,0,0,32.146,0
57.8755,3.07789,0,0,2.05879,0.0954952,0.36288,3.6288,48.9648,0.323889,0,0,0.329354,0.265841,0,0.66528,12.849,1,0.666315,0.36288,0,32.426,4.81677,27.3058,0.84672,12.849,0.84672,3695.15,0,36.966,0.243227,0.591978,1.93416,2.12945,1.28553,3.12683,0.42336,36.966,0.42336,423.524,0,1.02816,0,0,1.62014,0.591978,1.028160,1,0,30.4326,0,0,0,30.4326,0
56.2603,3.06399,0,0,1.89311,0.0814552,0.36288,3.6288,48.6607,0.323161,0,0,0.314448,0.295409,0,0.66528,12.849,1,0.68024,0.36288,0,28.7465,5.24022,23.1889,0.84672,12.849,0.84672,3695.15,0,36.966,0.243971,0.583926,1.93417,2.04898,1.4401,2.88301,0.42336,36.966,0.42336,423.524,0,1.02816,0,0,1.61209,0.583926,1.028160,1,0,26.0719,0,0,0,26.0719,0
54.6488,3.04812,0,0,1.85907,0.0596166,0.36288,3.6288,48.3332,0.322304,0,0,0.307334,0.312478,0,0.66528,12.849,1,0.696143,0.36288,0,24.5415,5.80614,18.4021,0.84672,12.849,0.84672,3695.15,0,36.966,0.244844,0.464357,1.93419,1.82664,1.56228,2.41806,0.42336,36.966,0.42336,423.524,0,1.02816,0,0,1.49252,0.464357,1.028160,1,0,20.8201,0,0,0,20.8201,0
53.2568,3.09427,0,0,2.12096,0.0557773,0.36288,3.6288,48.1164,0.349324,0,0,0.427421,0.29497,0,0.66528,12.849,1,0.727523,0.36288,0,32.0576,5.80713,25.8858,0.84672,12.849,0.84672,3695.15,0,36.966,0.267168,0.746989,1.93421,2.06977,1.49936,2.98444,0.42336,36.966,0.42336,423.524,0,1.02816,0,0,1.77515,0.746989,1.028160,1,0,28.8703,0,0,0,28.8703,0
51.6905,3.07897,0,0,1.93056,0.0549947,0.36288,3.6288,47.8258,0.348652,0,0,0.352533,0.294438,0,0.66528,12.849,1,0.742847,0.36288,0,25.8207,5.80713,19.6336,0.84672,12.849,0.84672,3695.15,0,36.966,0.267857,0.785315,1.98686,1.92329,1.49936,2.92825,0.42336,36.966,0.42336,423.524,0,1.02816,0,0,1.81348,0.785315,1.028160,1,0,22.5619,0,0,0,22.5619,0
49.9684,3.06096,0,0,1.75584,0.0541142,0.36288,3.6288,47.5126,0.347744,0,0,0.328311,0.293726,0,0.66528,12.849,1,0.760881,0.36288,0,24.0709,5.80713,17.8657,0.84672,12.849,0.84672,3695.15,0,36.966,0.268782,0.502658,1.98688,1.71402,1.49936,2.43542,0.42336,36.966,0.42336,423.524,0,1.02816,0,0,1.53082,0.502658,1.028160,1,0,20.3012,0,0,0,20.3012,0
48.4235,3.04013,0,0,1.90065,0.0425855,0.36288,3.6288,47.2402,0.346757,0,0,0.376512,0.302149,0,0.66528,12.849,1,0.781746,0.36288,0,23.9886,6.09179,17.478,0.84672,12.849,0.84672,3695.15,0,36.966,0.269786,0.847817,1.9869,2.31662,1.53927,3.34228,0.42336,36.966,0.42336,423.524,0,1.02816,0,0,1.87598,0.847817,1.028160,1,0,20.8202,0,0,0,20.8202,0
47.0123,3.19981,0,0,2.1864,0.0348637,0.36288,3.6288,46.8588,0.445783,0,0,0.38807,0.323741,0,0.66528,12.849,1,0.84906,0.36288,0,24.9341,6.75287,17.695,0.84672,12.849,0.84672,3695.15,0,36.966,0.34883,0.752933,1.98692,2.11075,1.56957,2.93221,0.42336,36.966,0.42336,423.524,0,1.02816,0,0,1.78109,0.752933,1.028160,1,0,20.6273,0,0,0,20.6273,0
45.1895,3.17982,0,0,1.75423,0.0343294,0.36288,3.6288,46.397,0.444206,0,0,0.30515,0.322706,0,0.66528,12.849,1,0.869082,0.36288,0,29.3278,6.75287,22.0687,0.84672,12.849,0.84672,3695.15,0,36.966,0.350425,0.400585,2.16703,1.75338,1.56957,2.40101,0.42336,36.966,0.42336,423.524,0,1.02816,0,0,1.42874,0.400585,1.028160,1,0,24.4697,0,0,0,24.4697,0
43.718,3.15255,0,0,2.07756,0.0336391,0.36288,3.6288,46.0992,0.442275,0,0,0.465801,0.321365,0,0.66528,12.849,1,0.896383,0.36288,0,25.1728,6.75287,17.8864,0.84672,12.849,0.84672,3695.15,0,36.966,0.352375,1.12111,2.16705,2.37112,1.56957,3.73734,0.42336,36.966,0.42336,423.524,0,1.02816,0,0,2.14927,1.12111,1.028160,1,0,21.6238,0,0,0,21.6238,0
41.9257,3.12925,0,0,1.73579,0.0359923,0.36288,3.6288,45.698,0.441021,0,0,0.34184,0.301995,0,0.66528,12.849,1,0.919708,0.36288,0,22.9715,6.19833,16.2164,0.84672,12.849,0.84672,3695.15,0,36.966,0.353646,0.667544,2.16707,2.45657,1.3537,3.58384,0.42336,36.966,0.42336,423.524,0,1.02816,0,0,1.6957,0.667544,1.028160,1,0,19.8002,0,0,0,19.8002,0
41.0151,3.09918,0,0,2.5736,0.0220645,0.36288,3.6288,45.4512,0.439315,0,0,0.435909,0.243365,0,0.66528,12.849,1,0.94981,0.36288,0,27.1252,6.76278,19.7755,0.84672,12.849,0.84672,3695.15,0,36.966,0.355371,1.01703,2.16709,2.41297,1.42728,3.81444,0.42336,36.966,0.42336,423.524,0,1.02816,0,0,2.04519,1.01703,1.028160,1,0,23.5899,0,0,0,23.5899,0
39.2169,2.99892,0,0,1.58256,0.0190282,0.36288,3.6288,45.1339,0.37866,0,0,0.298655,0.237327,0,0.66528,12.849,1,0.939484,0.36288,0,45.064,6.98008,37.5073,0.84672,12.849,0.84672,3695.15,0,36.966,0.307969,0.554826,2.16711,1.51247,1.48751,2.43893,0.42336,36.966,0.42336,423.524,0,1.02816,0,0,1.58299,0.554826,1.028160,1,0,39.9462,0,0,0,39.9462,0
37.1665,2.96649,0,0,1.29764,0.0186298,0.36288,3.6288,44.7083,0.461731,0,0,0.272721,0.236626,0,0.66528,12.849,1,0.971939,0.36288,0,26.143,6.98008,18.5539,0.84672,12.849,0.84672,3695.15,0,36.966,0.378171,0.216518,2.0629,1.08082,1.48751,1.49455,0.42336,36.966,0.42336,423.524,0,0.874904,0,0,1.09142,0.216518,1.028160,1,0,20.0484,0,0,0,20.0484,0
36.9967,2.92667,0,0,3.19265,0.0728616,0.36288,3.6288,44.5253,0.375878,0,0,0.433795,0.240906,0,0.66528,12.849,1,1.01179,0.36288,0,34.8068,6.51689,27.6411,0.84672,12.849,0.84672,3695.15,0,36.966,0.310786,1.42548,2.06292,2.81127,1.38795,4.60094,0.42336,36.966,0.42336,423.524,0,1.02816,0,0,2.45364,1.42548,1.028160,1,0,32.242,0,0,0,32.242,0
36.0749,2.92324,0,0,2.48343,0.119131,0.36288,3.6288,44.4241,0.375189,0,0,0.470507,0.196518,0,0.66528,12.849,1,1.01524,0.36288,0,50.3131,5.2113,44.4494,0.84672,12.849,0.84672,3695.15,0,36.966,0.311492,0.746505,2.06294,1.97776,1.16088,3.31484,0.42336,36.966,0.42336,423.524,0,1.02816,0,0,1.77466,0.746505,1.028160,1,0,47.7642,0,0,0,47.7642,0
35.2153,2.83718,0,0,2.481,0.140584,0.36288,3.6288,44.5517,0.321115,0,0,0.570115,0.121378,0,0.66528,12.849,1,1.01053,0.36288,0,42.1461,3.73254,37.7659,0.84672,12.849,0.84672,3695.15,0,36.966,0.267205,0.822545,2.06296,2.82034,0.95063,4.48801,0.42336,36.966,0.42336,423.524,0,1.02816,0,0,1.85071,0.822545,1.028160,1,0,42.2539,0,0,0,42.2539,0
33.7484,2.81912,0,0,1.85425,0.139136,0.36288,3.6288,44.7083,0.321542,0,0,0.599649,0.121524,0,0.66528,12.849,1,1.02861,0.36288,0,29.6001,3.73254,25.2018,0.84672,12.849,0.84672,3695.15,0,36.966,0.266794,1.00758,1.96995,2.19961,0.95063,3.95972,0.42336,36.966,0.42336,423.524,0,1.02816,0,0,2.03574,1.00758,1.028160,1,0,29.1616,0,0,0,29.1616,0
32.8386,2.78676,0,0,2.40552,0.165665,0.36288,3.6288,44.7035,0.322063,0,0,0.451181,0.133875,0,0.66528,12.849,1,1.061,0.36288,0,39.5448,3.9645,34.8822,0.84672,12.849,0.84672,3695.15,0,36.966,0.26629,0.468442,1.96997,3.7887,1.00478,4.95603,0.42336,36.966,0.42336,423.524,0,1.02816,0,0,1.4966,0.468442,1.028160,1,0,39.8383,0,0,0,39.8383,0
34.9172,2.76566,0,0,5.3861,0.178965,0.36288,3.6288,45.0328,0.322056,0,0,0.798735,0.147396,0,0.66528,12.849,1,1.08214,0.36288,0,116.778,4.19277,111.866,0.84672,12.849,0.84672,3695.15,0,36.966,0.266313,1.97772,1.96999,3.5053,1.05399,6.13271,0.42336,36.966,0.42336,423.524,0,1.02816,0,0,3.00588,1.97772,1.028160,1,0,117.999,0,0,0,117.999,0
38.4395,2.35918,0,0,6.38882,0.144519,0.36288,3.6288,46.0496,0.462446,0,0,1.65356,0.174323,0,0.66528,12.849,1,0.868141,0.36288,0,123.576,4.51857,118.553,0.84672,12.849,0.84672,3695.15,0,36.966,0.379607,2.63525,1.97001,5.09436,1.10553,8.21449,0.42336,36.966,0.42336,423.524,0,1.02816,0,0,3.66341,2.63525,1.028160,1,0,126.767,0,0,0,126.767,0
41.3085,2.41882,0,0,5.80148,0.1507,0.36288,3.6288,46.644,0.467104,0,0,1.23749,0.17598,0,0.66528,12.849,1,0.808528,0.36288,0,75.8431,4.51857,70.8789,0.84672,12.849,0.84672,3695.15,0,36.966,0.374964,2.43865,2.04973,4.76271,1.10553,7.77059,0.42336,36.966,0.42336,423.524,0,1.02816,0,0,3.46681,2.43865,1.028160,1,0,78.6495,0,0,0,78.6495,0
42.5296,2.46167,0,0,4.23732,0.191666,0.36288,3.6288,46.5671,0.469778,0,0,0.57405,0.181224,0,0.66528,12.849,1,0.765701,0.36288,0,87.156,4.0217,82.7315,0.84672,12.849,0.84672,3695.15,0,36.966,0.372305,1.23912,2.04974,3.5051,1.00127,5.42039,0.42336,36.966,0.42336,423.524,0,1.02816,0,0,2.26728,1.23912,1.028160,1,0,88.1519,0,0,0,88.1519,0
43.7649,2.47857,0,0,4.2857,0.208952,0.36288,3.6288,46.4439,0.469443,0,0,0.529141,0.182804,0,0.66528,12.849,1,0.748823,0.36288,0,104.255,3.82295,100.047,0.84672,12.849,0.84672,3695.15,0,36.966,0.372655,1.28133,2.04976,3.21021,0.959569,5.20908,0.42336,36.966,0.42336,423.524,0,1.02816,0,0,2.30949,1.28133,1.028160,1,0,105.256,0,0,0,105.256,0
43.906,2.49493,0,0,3.19467,0.195782,0.36288,3.6288,46.519,0.468902,0,0,0.727502,0.183548,0,0.66528,12.849,1,0.73249,0.36288,0,60.8215,4.13345,56.3184,0.84672,12.849,0.84672,3695.15,0,36.966,0.373212,1.82871,2.04978,2.97795,1.05324,5.42998,0.42336,36.966,0.42336,423.524,0,1.02816,0,0,2.85687,1.82871,1.028160,1,0,61.7484,0,0,0,61.7484,0
42.3024,2.85402,0,0,1.82358,0.210289,0.36288,3.6288,46.7647,0.246784,0,0,0.678969,0.186448,0,0.66528,12.849,1,0.835223,0.36288,0,34.3643,3.97939,29.9126,0.84672,12.849,0.84672,3695.15,0,36.966,0.196105,1.18886,2.04979,2.90014,1.03233,4.91036,0.42336,36.966,0.42336,423.524,0,1.02816,0,0,2.21702,1.18886,1.028160,1,0,34.8229,0,0,0,34.8229,0
41.8479,2.82974,0,0,2.94454,0.206438,0.36288,3.6288,47.0948,0.247361,0,0,0.764282,0.186867,0,0.66528,12.849,1,0.859509,0.36288,0,60.8952,3.97939,56.4192,0.84672,12.849,0.84672,3695.15,0,36.966,0.19553,1.55968,1.8279,4.14518,1.03233,6.3049,0.42336,36.966,0.42336,423.524,0,1.02816,0,0,2.58784,1.55968,1.028160,1,0,62.7241,0,0,0,62.7241,0
40.5684,2.8226,0,0,2.11137,0.205346,0.36288,3.6288,47.329,0.248129,0,0,0.669752,0.187386,0,0.66528,12.849,1,0.866652,0.36288,0,40.9352,3.97939,36.452,0.84672,12.849,0.84672,3695.15,0,36.966,0.194764,1.14223,1.8279,3.31619,1.03233,5.05923,0.42336,36.966,0.42336,423.524,0,1.02816,0,0,2.17039,1.14223,1.028160,1,0,41.5113,0,0,0,41.5113,0
39.4622,2.80184,0,0,2.26784,0.209349,0.36288,3.6288,47.5834,0.248672,0,0,0.676585,0.173525,0,0.66528,12.849,1,0.887411,0.36288,0,45.7948,3.75686,41.5135,0.84672,12.849,0.84672,3695.15,0,36.966,0.194223,1.22661,1.8279,3.30703,0.99579,5.17153,0.42336,36.966,0.42336,423.524,0,1.02816,0,0,2.25477,1.22661,1.028160,1,0,46.685,0,0,0,46.685,0
38.3902,3.02338,0,0,2.5543,0.240038,0.36288,3.6288,47.5529,0.374615,0,0,0.501987,0.157883,0,0.66528,12.849,1,0.984422,0.36288,0,42.6508,3.43942,38.5899,0.84672,12.849,0.84672,3695.15,0,36.966,0.291026,1.04096,1.8279,3.20319,1.02863,4.75239,0.42336,36.966,0.42336,423.524,0,1.02816,0,0,2.06912,1.04096,1.028160,1,0,43.3423,0,0,0,43.3423,0
37.9506,3.00279,0,0,3.16542,0.239305,0.36288,3.6288,47.6055,0.374511,0,0,0.585279,0.158179,0,0.66528,12.849,1,1.00502,0.36288,0,62.3321,3.50563,58.1843,0.84672,12.849,0.84672,3695.15,0,36.966,0.291132,1.43688,2.05969,3.64901,1.05521,5.79924,0.42336,36.966,0.42336,423.524,0,1.02816,0,0,2.46504,1.43688,1.028160,1,0,63.9835,0,0,0,63.9835,0
37.9096,2.9941,0,0,3.55399,0.23808,0.36288,3.6288,47.6521,0.374693,0,0,0.579535,0.158248,0,0.66528,12.849,1,1.01372,0.36288,0,74.0915,3.50563,69.935,0.84672,12.849,0.84672,3695.15,0,36.966,0.290952,1.62606,2.0597,3.98453,1.05521,6.32412,0.42336,36.966,0.42336,423.524,0,1.02816,0,0,2.65422,1.62606,1.028160,1,0,76.2591,0,0,0,76.2591,0
37.7641,2.99328,0,0,3.44528,0.234587,0.36288,3.6288,48.0468,0.374855,0,0,0.92212,0.152536,0,0.66528,12.849,1,1.01454,0.36288,0,68.161,3.4561,64.0532,0.84672,12.849,0.84672,3695.15,0,36.966,0.290793,2.11042,2.0597,5.12468,1.0064,7.9976,0.42336,36.966,0.42336,423.524,0,1.02816,0,0,3.13858,2.11042,1.028160,1,0,72.0508,0,0,0,72.0508,0
39.65,2.38029,0,0,4.85479,0.225755,0.36288,3.6288,48.8582,0.46625,0,0,1.41618,0.138556,0,0.66528,12.849,1,0.809878,0.36288,0,97.5689,3.33228,93.7897,0.84672,12.849,0.84672,3695.15,0,36.966,0.358721,3.69375,2.0597,7.56086,0.884389,12.0712,0.42336,36.966,0.42336,423.524,0,1.02816,0,0,4.72191,3.69375,1.028160,1,0,105.861,0,0,0,105.861,0
40.4801,2.40938,0,0,3.83315,0.230752,0.36288,3.6288,49.0363,0.469643,0,0,0.787279,0.139492,0,0.66528,12.849,1,0.780787,0.36288,0,81.1849,3.33228,77.4347,0.84672,12.849,0.84672,3695.15,0,36.966,0.355331,2.08709,2.02957,4.58192,0.884389,7.45886,0.42336,36.966,0.42336,423.524,0,1.02816,0,0,3.11525,2.08709,1.028160,1,0,84.8936,0,0,0,84.8936,0
40.819,2.42154,0,0,3.35638,0.233032,0.36288,3.6288,49.303,0.47038,0,0,0.876754,0.139698,0,0.66528,12.849,1,0.768634,0.36288,0,74.6643,3.33228,70.9263,0.84672,12.849,0.84672,3695.15,0,36.966,0.354596,1.95584,2.02957,4.06049,0.884389,6.80691,0.42336,36.966,0.42336,423.524,0,1.02816,0,0,2.984,1.95584,1.028160,1,0,77.7332,0,0,0,77.7332,0
43.8997,2.4264,0,0,6.10292,0.232961,0.36288,3.6288,50.0202,0.471477,0,0,1.31819,0.129486,0,0.66528,12.849,1,0.76378,0.36288,0,159.297,3.15297,155.743,0.84672,12.849,0.84672,3695.15,0,36.966,0.3535,4.45481,2.02957,7.62639,0.853679,12.9036,0.42336,36.966,0.42336,423.524,0,1.02816,0,0,5.48297,4.45481,1.028160,1,0,168.646,0,0,0,168.646,0
45.2276,2.46786,0,0,4.40785,0.249223,0.36288,3.6288,50.304,0.474393,0,0,0.910798,0.152618,0,0.66528,12.849,1,0.722318,0.36288,0,90.212,3.71852,86.134,0.84672,12.849,0.84672,3695.15,0,36.966,0.350586,2.63005,2.02957,5.75974,0.886112,9.18266,0.42336,36.966,0.42336,423.524,0,1.02816,0,0,3.65821,2.63005,1.028160,1,0,95.3167,0,0,0,95.3167,0
44.5433,2.85637,0,0,2.78854,0.253649,0.36288,3.6288,50.5621,0.253545,0,0,0.672956,0.161372,0,0.66528,12.849,1,0.811484,0.36288,0,55.1801,3.72383,51.0077,0.84672,12.849,0.84672,3695.15,0,36.966,0.186318,1.51235,2.02958,4.49691,0.890122,6.96239,0.42336,36.966,0.42336,423.524,0,1.02816,0,0,2.54051,1.51235,1.028160,1,0,57.9701,0,0,0,57.9701,0
44.0072,2.8467,0,0,2.92524,0.251696,0.36288,3.6288,50.7906,0.254096,0,0,0.64433,0.161713,0,0.66528,12.849,1,0.821161,0.36288,0,56.8289,3.72383,52.6468,0.84672,12.849,0.84672,3695.15,0,36.966,0.18577,1.54284,1.82155,4.32646,0.890122,6.61497,0.42336,36.966,0.42336,423.524,0,1.02816,0,0,2.571,1.54284,1.028160,1,0,59.2618,0,0,0,59.2618,0
43.0229,2.83896,0,0,2.46764,0.250166,0.36288,3.6288,50.9212,0.254581,0,0,0.547244,0.162014,0,0.66528,12.849,1,0.828904,0.36288,0,52.8708,3.72383,48.6809,0.84672,12.849,0.84672,3695.15,0,36.966,0.185287,1.29808,1.82155,3.63378,0.890122,5.678,0.42336,36.966,0.42336,423.524,0,1.02816,0,0,2.32624,1.29808,1.028160,1,0,54.3589,0,0,0,54.3589,0
41.8664,2.82436,0,0,2.28074,0.249977,0.36288,3.6288,50.9169,0.254857,0,0,0.417639,0.167112,0,0.66528,12.849,1,0.843508,0.36288,0,41.6546,3.80836,37.3657,0.84672,12.849,0.84672,3695.15,0,36.966,0.185012,1.27448,1.82156,2.96633,0.916531,4.96082,0.42336,36.966,0.42336,423.524,0,1.02816,0,0,2.30264,1.27448,1.028160,1,0,42.3265,0,0,0,42.3265,0
40.9265,2.49535,0,0,2.1354,0.217041,0.36288,3.6288,50.5441,0.504386,0,0,0.320644,0.189058,0,0.66528,12.849,1,0.765835,0.36288,0,38.486,4.04475,34.0383,0.84672,12.849,0.84672,3695.15,0,36.966,0.366188,0.708255,1.82156,2.58934,0.946667,3.80629,0.42336,36.966,0.42336,423.524,0,1.02816,0,0,1.73642,0.708255,1.028160,1,0,37.8446,0,0,0,37.8446,0
39.9183,2.48197,0,0,2.00968,0.173064,0.36288,3.6288,50.1474,0.502828,0,0,0.318887,0.212756,0,0.66528,12.849,1,0.779221,0.36288,0,35.8905,4.27539,31.1987,0.84672,12.849,0.84672,3695.15,0,36.966,0.367749,0.681817,2.07811,2.57683,0.960438,4.00857,0.42336,36.966,0.42336,423.524,0,1.02816,0,0,1.70998,0.681817,1.028160,1,0,35.2073,0,0,0,35.2073,0
38.8541,2.46708,0,0,1.93673,0.171,0.36288,3.6288,49.7529,0.501154,0,0,0.318712,0.212067,0,0.66528,12.849,1,0.794111,0.36288,0,34.3151,4.27539,29.6084,0.84672,12.849,0.84672,3695.15,0,36.966,0.369424,0.74183,2.07811,2.83147,0.960438,4.32155,0.42336,36.966,0.42336,423.524,0,1.02816,0,0,1.76999,0.74183,1.028160,1,0,33.93,0,0,0,33.93,0
37.8453,2.45074,0,0,1.97043,0.165566,0.36288,3.6288,49.3872,0.499475,0,0,0.34638,0.212632,0,0.66528,12.849,1,0.810457,0.36288,0,34.8066,4.33464,30.0244,0.84672,12.849,0.84672,3695.15,0,36.966,0.371106,0.555181,2.07811,2.5035,0.967782,3.79791,0.42336,36.966,0.42336,423.524,0,1.02816,0,0,1.58334,0.555181,1.028160,1,0,33.8223,0,0,0,33.8223,0
36.314,2.81815,0,0,1.77619,0.126509,0.36288,3.6288,49.2044,0.292938,0,0,0.315339,0.205139,0,0.66528,12.849,1,0.956801,0.36288,0,32.5081,4.23456,27.6796,0.84672,12.849,0.84672,3695.15,0,36.966,0.219263,0.571761,2.07812,2.4063,1.00931,3.82761,0.42336,36.966,0.42336,423.524,0,1.02816,0,0,1.59992,0.571761,1.028160,1,0,31.5072,0,0,0,31.5072,0
34.6825,2.78835,0,0,1.62251,0.102723,0.36288,3.6288,49.0164,0.292474,0,0,0.312676,0.208179,0,0.66528,12.849,1,0.986605,0.36288,0,29.0544,4.34826,24.0824,0.84672,12.849,0.84672,3695.15,0,36.966,0.219728,0.571363,1.89751,2.29853,0.973779,3.57389,0.42336,36.966,0.42336,423.524,0,1.02816,0,0,1.59952,0.571363,1.028160,1,0,27.6563,0,0,0,27.6563,0
33.0548,2.75449,0,0,1.59034,0.100722,0.36288,3.6288,48.8548,0.291995,0,0,0.338177,0.207856,0,0.66528,12.849,1,1.02047,0.36288,0,27.8331,4.34826,22.8272,0.84672,12.849,0.84672,3695.15,0,36.966,0.22021,0.541175,1.89751,2.47674,0.973779,3.72144,0.42336,36.966,0.42336,423.524,0,1.02816,0,0,1.56933,0.541175,1.028160,1,0,26.5487,0,0,0,26.5487,0
31.3592,2.71831,0,0,1.48433,0.0987253,0.36288,3.6288,48.6647,0.291582,0,0,0.30905,0.207579,0,0.66528,12.849,1,1.05666,0.36288,0,26.0188,4.34826,20.9768,0.84672,12.849,0.84672,3695.15,0,36.966,0.220625,0.428544,1.89751,2.19319,0.973779,3.32484,0.42336,36.966,0.42336,423.524,0,1.02816,0,0,1.4567,0.428544,1.028160,1,0,24.3016,0,0,0,24.3016,0
29.6225,2.67778,0,0,1.39204,0.0880729,0.36288,3.6288,48.5346,0.291093,0,0,0.355145,0.194153,0,0.66528,12.849,1,1.09719,0.36288,0,24.0799,4.22964,19.1159,0.84672,12.849,0.84672,3695.15,0,36.966,0.221116,0.49407,1.89752,2.24585,0.956009,3.46031,0.42336,36.966,0.42336,423.524,0,1.02816,0,0,1.52223,0.49407,1.028160,1,0,22.5762,0,0,0,22.5762,0
27.8308,2.61198,0,0,1.26789,0.0846755,0.36288,3.6288,48.3598,0.322183,0,0,0.339191,0.191763,0,0.66528,12.849,1,1.13297,0.36288,0,23.0532,4.20987,18.0732,0.84672,12.849,0.84672,3695.15,0,36.966,0.245388,0.306245,1.89752,2.11568,0.953048,3.12101,0.42336,36.966,0.42336,423.524,0,1.02816,0,0,1.3344,0.306245,1.028160,1,0,21.1942,0,0,0,21.1942,0
25.9981,2.56209,0,0,1.16586,0.0736466,0.36288,3.6288,48.1405,0.321681,0,0,0.32384,0.221474,0,0.66528,12.849,1,1.18287,0.36288,0,20.4373,4.63332,14.984,0.84672,12.849,0.84672,3695.15,0,36.966,0.245892,0.299601,1.93467,2.03574,1.10761,2.9165,0.42336,36.966,0.42336,423.524,0,1.02816,0,0,1.32776,0.299601,1.028160,1,0,17.9005,0,0,0,17.9005,0
24.1645,2.50628,0,0,1.0957,0.0601057,0.36288,3.6288,47.8606,0.321049,0,0,0.302103,0.260982,0,0.66528,12.849,1,1.23868,0.36288,0,18.1429,5.19792,12.0692,0.84672,12.849,0.84672,3695.15,0,36.966,0.246526,0.274977,1.93467,1.95977,1.3137,2.60919,0.42336,36.966,0.42336,423.524,0,1.02816,0,0,1.30314,0.274977,1.028160,1,0,14.6783,0,0,0,14.6783,0
22.3863,2.44492,0,0,1.08484,0.0552718,0.36288,3.6288,47.5949,0.321109,0,0,0.324584,0.269172,0,0.66528,12.849,1,1.30004,0.36288,0,22.1528,5.38431,15.8313,0.84672,12.849,0.84672,3695.15,0,36.966,0.248015,0.261274,1.93467,1.93764,1.36868,2.5169,0.42336,36.966,0.42336,423.524,0,1.02661,0,0,1.28789,0.261274,1.028160,1,0,18.3482,0,0,0,18.3482,0
20.6401,2.42857,0,0,1.09489,0.0496557,0.36288,3.6288,47.2834,0.351063,0,0,0.319882,0.280279,0,0.66528,12.849,1,1.39392,0.36288,0,18.9753,5.63283,12.3114,0.84672,12.849,0.84672,3695.15,0,36.966,0.272663,0.261274,1.93467,1.99345,1.44197,2.47476,0.42336,36.966,0.42336,423.524,0,1.02135,0,0,1.28263,0.261274,1.028160,1,0,14.7861,0,0,0,14.7861,0
18.8963,2.35589,0,0,1.02352,0.0484901,0.36288,3.6288,46.8878,0.411997,0,0,0.295963,0.279549,0,0.66528,12.849,1,1.4666,0.36288,0,18.0427,5.63283,11.3061,0.84672,12.849,0.84672,3695.15,0,36.966,0.322098,0.261274,1.98732,1.74918,1.44197,2.2337,0.42336,36.966,0.42336,423.524,0,0.910984,0,0,1.17226,0.261274,1.028160,1,0,13.5398,0,0,0,13.5398,0
17.2205,2.27533,0,0,1.00977,0.047326,0.36288,3.6288,46.582,0.34737,0,0,0.320204,0.278622,0,0.66528,12.849,1,1.54717,0.36288,0,16.7419,5.63283,9.92479,0.84672,12.849,0.84672,3695.15,0,36.966,0.273864,0.227405,1.98732,1.97812,1.44197,2.47701,0.42336,36.966,0.42336,423.524,0,1.02385,0,0,1.25125,0.227405,1.028160,1,0,12.4018,0,0,0,12.4018,0
15.7215,2.18911,0,0,1.08956,0.0365929,0.36288,3.6288,46.3159,0.343965,0,0,0.338279,0.260488,0,0.66528,12.849,1,1.63339,0.36288,0,17.2561,5.8744,10.1112,0.84672,12.849,0.84672,3695.15,0,36.966,0.27296,0.353687,1.98733,2.44015,1.51176,2.99644,0.42336,36.966,0.42336,423.524,0,1.02816,0,0,1.38185,0.353687,1.028160,1,0,13.1076,0,0,0,13.1076,0
13.9252,2.22833,0,0,0.814864,0.0199977,0.36288,3.6288,45.9248,0.456821,0,0,0.35002,0.284268,0,0.66528,12.849,1,1.82119,0.36288,0,17.858,5.7414,10.6583,0.84672,12.849,0.84672,3695.15,0,36.966,0.364602,0.227405,1.98733,1.62718,1.51197,1.96535,0.42336,36.966,0.42336,423.524,0,1.00175,0,0,1.22915,0.227405,1.028160,1,0,12.6237,0,0,0,12.6237,0
12.1595,2.10615,0,0,0.722589,0.0192521,0.36288,3.6288,45.46,0.496653,0,0,0.31512,0.283241,0,0.66528,12.849,1,1.94338,0.36288,0,15.8706,5.7414,8.54866,0.84672,12.849,0.84672,3695.15,0,36.966,0.399768,0.227405,2.16746,1.57922,1.51197,2.06235,0.42336,36.966,0.42336,423.524,0,0.926752,0,0,1.15416,0.227405,1.028160,1,0,10.611,0,0,0,10.611,0
10.6186,1.96894,0,0,0.809421,0.0185192,0.36288,3.6288,45.0373,0.463994,0,0,0.323257,0.28202,0,0.66528,12.849,1,2.08059,0.36288,0,15.7753,5.7414,8.31624,0.84672,12.849,0.84672,3695.15,0,36.966,0.377298,0.204422,2.16746,1.69261,1.51197,2.17523,0.42336,36.966,0.42336,423.524,0,0.981884,0,0,1.18631,0.204422,1.028160,1,0,10.4915,0,0,0,10.4915,0
9.69128,1.83233,0,0,1.29541,0.0275098,0.36288,3.6288,44.7208,0.436635,0,0,0.397281,0.277112,0,0.66528,12.849,1,2.2172,0.36288,0,26.2078,5.62266,18.7308,0.84672,12.849,0.84672,3695.15,0,36.966,0.358384,0.413053,2.16747,1.84509,1.4974,2.56983,0.42336,36.966,0.42336,423.524,0,1.02816,0,0,1.44121,0.413053,1.028160,1,0,21.3006,0,0,0,21.3006,0
8.9908,1.55909,0,0,1.24382,0.0223346,0.36288,3.6288,44.0474,0.793489,0,0,0.375413,0.255339,0,0.66528,12.849,1,2.06709,0.36288,0,20.8953,5.12285,14.0683,0.84672,12.849,0.84672,3695.15,0,36.966,0.42336,0.204422,2.16747,1.48108,1.48765,1.94196,0.42336,36.966,0.42336,423.524,0,0.899951,0,0,1.10437,0.204422,1.028160,1,0,16.0102,0,0,0,16.0102,0
8.74783,1.44724,0,0,1.58604,0.0188944,0.36288,3.6288,43.636,0.66528,0,0,0.50162,0.247673,0,0.66528,12.849,1,2.0683,0.36288,0,26.1979,4.90507,19.5874,0.84672,12.849,0.84672,3695.15,0,36.966,0.42336,0.726659,2.31498,2.02125,1.48884,3.15069,0.42336,36.966,0.42336,423.524,0,1.02816,0,0,1.75482,0.726659,1.028160,1,0,22.7381,0,0,0,22.7381,0
7.65339,1.42398,0,0,0.711184,0.0187595,0.36288,3.6288,42.661,1.01294,0,0,0.28459,0.246711,0,0.66528,12.849,1,2.09157,0.36288,0,19.9199,4.90507,13.2861,0.84672,12.849,0.84672,3695.15,0,36.966,0.42336,0.216518,2.29425,1.03929,1.48884,1.63786,0.42336,36.966,0.42336,423.524,0,0.680495,0,0,0.897013,0.216518,1.028160,1,0,14.924,0,0,0,14.924,0
6.83924,1.31233,0,0,0.890698,0.0296487,0.36288,3.6288,41.8063,0.972622,0,0,0.360119,0.242182,0,0.66528,12.849,1,2.20322,0.36288,0,19.0044,4.72461,12.4394,0.84672,12.849,0.84672,3695.15,0,36.966,0.42336,0.216518,2.29425,1.27148,1.46168,1.89721,0.42336,36.966,0.42336,423.524,0,0.720818,0,0,0.937336,0.216518,1.028160,1,0,14.3366,0,0,0,14.3366,0
8.13057,1.22122,0,0,2.94343,0.0679945,0.36288,3.6288,41.5482,0.66528,0,0,0.638256,0.231102,0,0.66528,12.849,1,2.29433,0.36288,0,25.8566,4.23408,19.6911,0.84672,12.849,0.84672,3695.15,0,36.966,0.42336,1.48888,2.29425,3.00098,1.24059,5.12016,0.42336,36.966,0.42336,423.524,0,1.02816,0,0,2.51704,1.48888,1.028160,1,0,24.8112,0,0,0,24.8112,0
10.4826,1.22538,0,0,4.0112,0.0708846,0.36288,3.6288,41.8746,0.452629,0,0,0.938833,0.159729,0,0.66528,12.849,1,1.93651,0.36288,0,43.3882,4.20588,37.6087,0.84672,12.849,0.84672,3695.15,0,36.966,0.40271,1.38014,2.29425,3.1039,1.0423,5.33329,0.42336,36.966,0.42336,423.524,0,1.02816,0,0,2.4083,1.38014,1.028160,1,0,42.942,0,0,0,42.942,0
10.8923,1.72891,0,0,2.57715,0.0757006,0.36288,3.6288,42.1018,0.312599,0,0,0.699986,0.160233,0,0.66528,12.849,1,2.1192,0.36288,0,29.8415,4.20588,23.8793,0.84672,12.849,0.84672,3695.15,0,36.966,0.275955,1.06077,2.04773,3.06241,1.0423,4.85265,0.42336,36.966,0.42336,423.524,0,1.02816,0,0,2.08893,1.06077,1.028160,1,0,28.732,0,0,0,28.732,0
13.6965,1.76548,0,0,5.0445,0.111953,0.36288,3.6288,42.4097,0.313393,0,0,0.802675,0.181364,0,0.66528,12.849,1,2.08263,0.36288,0,75.2933,4.61181,68.9617,0.84672,12.849,0.84672,3695.15,0,36.966,0.275163,1.18131,1.97021,3.87868,1.13707,5.61796,0.42336,36.966,0.42336,423.524,0,1.02816,0,0,2.20947,1.18131,1.028160,1,0,74.5797,0,0,0,74.5797,0
19.4602,1.98548,0,0,8.23124,0.119196,0.36288,3.6288,42.5042,0.314461,0,0,0.590812,0.181901,0,0.66528,12.849,1,1.86263,0.36288,0,93.9404,4.61181,87.8288,0.84672,12.849,0.84672,3695.15,0,36.966,0.274097,1.62855,1.97021,3.50095,1.13707,5.68854,0.42336,36.966,0.42336,423.524,0,1.02816,0,0,2.65671,1.62855,1.028160,1,0,93.5174,0,0,0,93.5174,0
22.4948,1.94401,0,0,5.47857,0.137048,0.36288,3.6288,43.2458,0.450453,0,0,1.3634,0.171278,0,0.66528,12.849,1,1.28358,0.36288,0,80.306,3.70385,75.6815,0.84672,12.849,0.84672,3695.15,0,36.966,0.39176,1.78811,1.97021,5.40082,1.00293,7.76445,0.42336,36.966,0.42336,423.524,0,1.02816,0,0,2.81627,1.78811,1.028160,1,0,83.4459,0,0,0,83.4459,0
30.1839,2.05423,0,0,10.2649,0.158704,0.36288,3.6288,46.2586,0.454076,0,0,3.64159,0.174798,0,0.66528,12.849,1,1.17337,0.36288,0,132.244,3.99325,127.44,0.84672,12.849,0.84672,3695.15,0,36.966,0.388139,4.41854,2.0499,9.33416,1.03888,14.3756,0.42336,36.966,0.42336,423.524,0,1.02816,0,0,5.4467,4.41854,1.028160,1,0,141.816,0,0,0,141.816,0
38.3703,2.26389,0,0,10.9898,0.176677,0.36288,3.6288,47.799,0.468128,0,0,2.18842,0.179806,0,0.66528,12.849,1,0.963715,0.36288,0,131.801,3.99325,127.207,0.84672,12.849,0.84672,3695.15,0,36.966,0.374089,3.5983,2.0499,7.45241,1.03888,11.6877,0.42336,36.966,0.42336,423.524,0,1.02816,0,0,4.62646,3.5983,1.028160,1,0,138.895,0,0,0,138.895,0
48.325,2.41792,0,0,12.9309,0.195394,0.36288,3.6288,49.3816,0.474927,0,0,2.2397,0.182218,0,0.66528,12.849,1,0.809685,0.36288,0,112.889,3.99325,108.449,0.84672,12.849,0.84672,3695.15,0,36.966,0.367291,3.72165,2.04991,6.65465,1.03888,11.02,0.42336,36.966,0.42336,423.524,0,1.02816,0,0,4.74981,3.72165,1.028160,1,0,119.469,0,0,0,119.469,0
54.3966,2.54968,0,0,9.19391,0.209718,0.36288,3.6288,50.8923,0.48166,0,0,2.20593,0.213571,0,0.66528,12.849,1,0.677928,0.36288,0,92.6023,4.58413,87.7031,0.84672,12.849,0.84672,3695.15,0,36.966,0.360561,4.94661,2.04991,10.5755,1.29817,15.9133,0.42336,36.966,0.42336,423.524,0,1.02816,0,0,5.97477,4.94661,1.028160,1,0,103.616,0,0,0,103.616,0
58.6131,2.64199,0,0,7.4374,0.216082,0.36288,3.6288,51.7088,0.501833,0,0,1.55656,0.238209,0,0.66528,12.849,1,0.624062,0.36288,0,130.901,5.02729,125.613,0.84672,12.849,0.84672,3695.15,0,36.966,0.364511,3.97443,2.04991,8.56127,1.49265,12.7285,0.42336,36.966,0.42336,423.524,0,1.02816,0,0,5.00259,3.97443,1.028160,1,0,138.341,0,0,0,138.341,0
62.0155,3.02603,0,0,7.01665,0.225288,0.36288,3.6288,52.7948,0.25831,0,0,1.58405,0.239792,0,0.66528,12.849,1,0.663358,0.36288,0,131.57,5.02729,126.242,0.84672,12.849,0.84672,3695.15,0,36.966,0.184663,4.23751,2.07575,7.89274,1.49265,12.5287,0.42336,36.966,0.42336,423.524,0,1.02816,0,0,5.26567,4.23751,1.028160,1,0,138.771,0,0,0,138.771,0
63.5941,3.05616,0,0,5.25613,0.258486,0.36288,3.6288,53.3997,0.260537,0,0,1.09828,0.232831,0,0.66528,12.849,1,0.633207,0.36288,0,104.064,4.60076,99.1925,0.84672,12.849,0.84672,3695.15,0,36.966,0.182424,2.70001,1.82799,4.92708,1.37165,7.90101,0.42336,36.966,0.42336,423.524,0,1.02816,0,0,3.72817,2.70001,1.028160,1,0,107.094,0,0,0,107.094,0
64.9573,3.06922,0,0,5.11683,0.321581,0.36288,3.6288,53.8925,0.261752,0,0,0.964462,0.209852,0,0.66528,12.849,1,0.620127,0.36288,0,97.9715,3.59174,94.1226,0.84672,12.849,0.84672,3695.15,0,36.966,0.181198,2.70717,1.82798,4.45591,1.05765,7.75221,0.42336,36.966,0.42336,423.524,0,1.02816,0,0,3.73533,2.70717,1.028160,1,0,101.875,0,0,0,101.875,0
68.0653,2.99257,0,0,6.74806,0.284513,0.36288,3.6288,54.267,0.66528,0,0,1.2424,0.202639,0,0.66528,12.849,1,0.591952,0.36288,0,113.772,3.93572,109.607,0.84672,12.849,0.84672,3695.15,0,36.966,0.42336,4.40132,1.82796,6.41787,0.988641,11.2352,0.42336,36.966,0.42336,423.524,0,1.02816,0,0,5.42948,4.40132,1.028160,1,0,120.842,0,0,0,120.842,0
72.2618,3.37142,0,0,8.22243,0.291618,0.36288,3.6288,54.9628,0.395955,0,0,1.29487,0.203143,0,0.66528,12.849,1,0.636439,0.36288,0,129.762,3.93572,125.552,0.84672,12.849,0.84672,3695.15,0,36.966,0.269719,7.39636,2.30718,8.89849,0.988641,17.3437,0.42336,36.966,0.42336,423.524,0,1.02816,0,0,8.42452,7.39636,1.028160,1,0,142.896,0,0,0,142.896,0
72.29,3.04334,0,0,5.62573,0.301211,2.25303,3.6288,55.0877,0.66528,0,0,0.994322,0.204078,0,0.66528,12.849,1,0.541141,2.25303,0,131.943,3.93572,129.719,0.84672,12.849,0.84672,3695.15,0,36.966,0.42336,2.37465,2.05973,5.46098,0.988641,8.48336,0.42336,36.966,0.42336,423.524,0,1.02816,0,0,3.40281,2.37465,1.028160,1,0,138.203,0,0,0,138.203,0
72.29,3.40297,0,0,4.34571,0.310157,0.632587,3.6288,55.3398,0.398345,0,0,0.817169,0.166781,0,0.66528,12.849,1,0.604852,0.632587,0,85.7624,3.31179,82.4783,0.84672,12.849,0.84672,3695.15,0,36.966,0.267305,1.64301,2.30717,3.58415,0.813017,6.454,0.42336,36.966,0.42336,423.524,0,1.02816,0,0,2.67117,1.64301,1.028160,1,0,88.9323,0,0,0,88.9323,0
72.29,2.7087,0,0,4.60172,0.331706,1.56131,3.6288,55.9584,0.494585,0,0,1.23202,0.118813,0,0.66528,12.849,1,0.48145,1.56131,0,67.3727,2.74407,65.7084,0.84672,12.849,0.84672,3695.15,0,36.966,0.330374,2.90992,2.0597,4.7319,0.669908,8.70124,0.42336,36.966,0.42336,423.524,0,1.02816,0,0,3.93808,2.90992,1.028160,1,0,74.4097,0,0,0,74.4097,0
72.29,2.70868,0,0,4.27512,0.331706,1.23473,3.6288,56.668,0.496778,0,0,1.32568,0.119296,0,0.66528,12.849,1,0.481447,1.23473,0,67.4873,2.74407,65.4965,0.84672,12.849,0.84672,3695.15,0,36.966,0.32817,3.10538,2.02955,4.3487,0.669908,8.48556,0.42336,36.966,0.42336,423.524,0,1.02816,0,0,4.13354,3.10538,1.028160,1,0,73.9821,0,0,0,73.9821,0
72.29,2.70866,0,0,7.88401,0.331706,4.84364,3.6288,58.1988,0.499258,0,0,2.14987,0.11985,0,0.66528,12.849,1,0.481444,4.84364,0,130.139,2.74407,131.757,0.84672,12.849,0.84672,3695.15,0,36.966,0.325679,6.09327,2.02954,8.9016,0.669908,16.0288,0.42336,36.966,0.42336,423.524,0,1.02816,0,0,7.12143,6.09327,1.028160,1,0,147.786,0,0,0,147.786,0
72.29,2.70865,0,0,7.52611,0.309682,4.50778,3.6288,59.9288,0.50449,0,0,2.36597,0.131511,0,0.66528,12.849,1,0.481442,4.50778,0,159.947,3.38992,160.584,0.84672,12.849,0.84672,3695.15,0,36.966,0.320436,7.16878,2.02953,13.6737,0.777808,21.7738,0.42336,36.966,0.42336,423.524,0,1.02816,0,0,8.19694,7.16878,1.028160,1,0,182.357,0,0,0,182.357,0
72.29,2.45367,0,0,8.54142,0.327576,5.76017,3.6288,61.1885,0.402322,0,0,1.81026,0.148215,0,0.66528,12.849,1,0.436121,5.76017,0,208.524,3.0812,210.767,0.84672,12.849,0.84672,3695.15,0,36.966,0.248165,5.44674,2.02952,11.6538,0.699589,18.1823,0.42336,36.966,0.42336,423.524,0,1.02816,0,0,6.4749,5.44674,1.028160,1,0,228.949,0,0,0,228.949,0
72.29,2.54331,0,0,9.38209,0.301321,6.53746,3.6288,61.308,0.447587,0,0,1.66183,0.145389,0.949329,0.66528,12.849,1,0.452053,6.53746,0,169.749,3.17155,172.663,0.84672,12.849,0.84672,3695.15,0,36.966,0.270402,5.34251,1.83847,9.69761,0.713058,15.8951,0.42336,36.966,0.42336,423.524,0,1.02816,0,0,6.37067,5.34251,1.028160,1,0,189.508,0,0,0,189.508,0
72.29,2.54329,0,0,6.5835,0.289483,3.75072,3.6288,61.308,0.44791,0,0,1.19617,0.142839,0.605423,0.66528,12.849,1,0.452051,3.75072,0,138.787,3.2906,138.795,0.84672,12.849,0.84672,3695.15,0,36.966,0.27007,4.40796,1.91041,7.35029,0.736176,12.6624,0.42336,36.966,0.42336,423.524,0,1.02816,0,0,5.43612,4.40796,1.028160,1,0,152.063,0,0,0,152.063,0
72.29,2.54328,0,0,5.82154,0.289483,2.98878,3.6288,61.308,0.447903,0,0,1.28154,0.142839,0.690795,0.66528,12.849,1,0.452048,2.98878,0,120.023,3.2906,119.269,0.84672,12.849,0.84672,3695.15,0,36.966,0.270066,4.07286,1.91039,7.19653,0.736176,12.1735,0.42336,36.966,0.42336,423.524,0,1.02816,0,0,5.10102,4.07286,1.028160,1,0,132.133,0,0,0,132.133,0
72.29,2.54326,0,0,5.37204,0.262416,2.56636,3.6288,61.308,0.447897,0,0,1.09882,0.169512,0.481408,0.66528,12.849,1,0.452045,2.56636,0,114.957,3.84032,113.231,0.84672,12.849,0.84672,3695.15,0,36.966,0.270062,2.92676,1.91038,8.39134,0.817488,12.1409,0.42336,36.966,0.42336,423.524,0,1.02816,0,0,3.95492,2.92676,1.028160,1,0,125.853,0,0,0,125.853,0
72.29,2.50819,0,0,4.83388,0.226328,2.09936,3.6288,61.308,0.431532,0,0,0.682453,0.205075,0.0458451,0.66528,12.849,1,0.445812,2.09936,0,97.638,4.57328,94.7183,0.84672,12.849,0.84672,3695.15,0,36.966,0.260195,1.74198,1.91037,5.9391,0.925905,8.40535,0.42336,36.966,0.42336,423.524,0,1.02816,0,0,2.77014,1.74198,1.028160,1,0,103.17,0,0,0,103.17,0
72.29,2.7688,0,0,5.32102,0.226328,2.32589,3.6288,61.308,0.543016,0,0,0.866703,0.205075,0.118612,0.66528,12.849,1,0.492134,2.32589,0,101.28,4.57328,98.5403,0.84672,12.849,0.84672,3695.15,0,36.966,0.327414,3.39794,1.88237,6.44257,0.925905,10.4696,0.42336,36.966,0.42336,423.524,0,1.02816,0,0,4.4261,3.39794,1.028160,1,0,109.128,0,0,0,109.128,0
72.29,2.76879,0,0,4.62816,0.146407,1.71297,3.6288,61.2634,0.543009,0,0,0.728041,0.229638,0,0.66528,12.849,1,0.492131,1.71297,0,84.3238,4.99096,80.5537,0.84672,12.849,0.84672,3695.15,0,36.966,0.32741,2.78388,2.07795,5.43278,1.10338,8.86382,0.42336,36.966,0.42336,423.524,0,1.02816,0,0,3.81204,2.78388,1.028160,1,0,89.4175,0,0,0,89.4175,0
72.29,2.76877,0,0,4.13633,0.146407,1.22115,3.6288,61.1411,0.542853,0,0,0.650131,0.229573,0,0.66528,12.849,1,0.492128,1.22115,0,76.6748,4.99096,72.4129,0.84672,12.849,0.84672,3695.15,0,36.966,0.327555,2.44847,2.07794,5.15284,1.10338,8.24832,0.42336,36.966,0.42336,423.524,0,1.02816,0,0,3.47663,2.44847,1.028160,1,0,80.6612,0,0,0,80.6612,0
72.29,2.8455,0,0,4.3008,0.129218,1.32608,3.6288,61.0056,0.582928,0,0,0.668015,0.220632,0,0.66528,12.849,1,0.505766,1.32608,0,75.2112,4.87274,71.1588,0.84672,12.849,0.84672,3695.15,0,36.966,0.352439,1.59797,2.07793,5.03688,0.999373,7.36096,0.42336,36.966,0.42336,423.524,0,1.02816,0,0,2.62613,1.59797,1.028160,1,0,78.5197,0,0,0,78.5197,0
72.29,2.84548,0,0,4.1302,0.129218,1.1555,3.6288,60.8637,0.582433,0,0,0.661007,0.220443,0,0.66528,12.849,1,0.505763,1.1555,0,69.8086,4.87274,65.5856,0.84672,12.849,0.84672,3695.15,0,36.966,0.352923,1.60722,2.14505,4.83372,0.999373,7.23369,0.42336,36.966,0.42336,423.524,0,1.02816,0,0,2.63538,1.60722,1.028160,1,0,72.8193,0,0,0,72.8193,0
72.29,2.84546,0,0,3.9197,0.134136,0.9401,3.6288,60.7134,0.581914,0,0,0.650551,0.218931,0,0.66528,12.849,1,0.50576,0.9401,0,66.8701,4.78812,62.5164,0.84672,12.849,0.84672,3695.15,0,36.966,0.35343,1.82237,2.14504,4.52485,1.00264,7.1362,0.42336,36.966,0.42336,423.524,0,1.02816,0,0,2.85053,1.82237,1.028160,1,0,69.6526,0,0,0,69.6526,0
72.29,2.84545,0,0,3.63845,0.152529,0.640474,3.6288,60.5423,0.581363,0,0,0.625268,0.214987,0,0.66528,12.849,1,0.505757,0.640474,0,61.8958,4.31248,57.7181,0.84672,12.849,0.84672,3695.15,0,36.966,0.353969,1.7271,2.14502,4.20884,1.03174,6.69525,0.42336,36.966,0.42336,423.524,0,1.02816,0,0,2.75526,1.7271,1.028160,1,0,64.4133,0,0,0,64.4133,0
71.8027,2.84543,0,0,2.82475,0.103759,0.36288,3.6288,60.2213,0.580735,0,0,0.491645,0.231878,0,0.66528,12.849,1,0.505754,0.36288,0,45.6355,4.75471,40.7379,0.84672,12.849,0.84672,3695.15,0,36.966,0.354586,0.713249,2.14501,3.03183,1.03302,4.50248,0.42336,36.966,0.42336,423.524,0,1.02816,0,0,1.74141,0.713249,1.028160,1,0,45.2404,0,0,0,45.2404,0
70.8517,2.81704,0,0,2.3394,0.110504,0.36288,3.6288,59.68,0.725439,0,0,0.412496,0.228348,0,0.66528,12.849,1,0.504107,0.36288,0,39.1714,4.85468,34.1755,0.84672,12.849,0.84672,3695.15,0,36.966,0.42336,0.30119,2.145,2.42286,1.01068,3.43501,0.42336,36.966,0.42336,423.524,0,0.870022,0,0,1.17121,0.30119,1.028160,1,0,37.6105,0,0,0,37.6105,0
69.7193,2.8113,0,0,2.14206,0.100288,0.36288,3.6288,59.0898,0.733557,0,0,0.3926,0.249273,0,0.66528,12.849,1,0.509831,0.36288,0,34.5444,5.13698,29.2604,0.84672,12.849,0.84672,3695.15,0,36.966,0.42336,0.261274,2.18212,2.35296,1.11372,3.25928,0.42336,36.966,0.42336,423.524,0,0.861892,0,0,1.12317,0.261274,1.028160,1,0,32.5197,0,0,0,32.5197,0
68.4983,2.80429,0,0,2.0223,0.0760808,0.36288,3.6288,58.4006,0.753184,0,0,0.366385,0.30241,0,0.66528,12.849,1,0.51682,0.36288,0,30.7244,5.84272,24.7277,0.84672,12.849,0.84672,3695.15,0,36.966,0.42336,0.261274,2.18211,2.24443,1.37133,2.89312,0.42336,36.966,0.42336,423.524,0,0.842253,0,0,1.10353,0.261274,1.028160,1,0,27.6208,0,0,0,27.6208,0
67.0707,2.79652,0,0,1.80551,0.0737282,0.36288,3.6288,57.5943,0.833187,0,0,0.337085,0.310246,0,0.66528,12.849,1,0.524574,0.36288,0,30.7221,5.86775,24.6927,0.84672,12.849,0.84672,3695.15,0,36.966,0.42336,0.261274,2.1821,2.10468,1.41282,2.71188,0.42336,36.966,0.42336,423.524,0,0.762238,0,0,1.02351,0.261274,1.028160,1,0,27.4046,0,0,0,27.4046,0
65.4694,2.85218,0,0,1.68261,0.068867,0.36288,3.6288,56.585,0.974823,0,0,0.297017,0.331446,0,0.66528,12.849,1,0.546403,0.36288,0,26.3937,5.9303,20.2799,0.84672,12.849,0.84672,3695.15,0,36.966,0.42336,0.261274,2.18209,1.9094,1.51653,2.41287,0.42336,36.966,0.42336,423.524,0,0.66992,0,0,0.931193,0.261274,1.028160,1,0,22.6928,0,0,0,22.6928,0
63.7532,2.84099,0,0,1.55568,0.0679958,0.36288,3.6288,55.443,1.08812,0,0,0.275441,0.32928,0,0.66528,12.849,1,0.557571,0.36288,0,25.3092,5.9303,19.1843,0.84672,12.849,0.84672,3695.15,0,36.966,0.42336,0.261274,2.23471,1.6602,1.51653,2.21629,0.42336,36.966,0.42336,423.524,0,0.556606,0,0,0.81788,0.261274,1.028160,1,0,21.4005,0,0,0,21.4005,0
62.0896,2.82848,0,0,1.59024,0.0624786,0.36288,3.6288,54.4757,0.943885,0,0,0.305886,0.329324,0,0.66528,12.849,1,0.57006,0.36288,0,24.0716,6.00507,17.8594,0.84672,12.849,0.84672,3695.15,0,36.966,0.42336,0.227405,2.2347,2.05353,1.53147,2.5608,0.42336,36.966,0.42336,423.524,0,0.700834,0,0,0.928238,0.227405,1.028160,1,0,20.4202,0,0,0,20.4202,0
60.5159,2.81581,0,0,1.65693,0.0519533,0.36288,3.6288,53.6058,0.884014,0,0,0.313601,0.29955,0,0.66528,12.849,1,0.582711,0.36288,0,24.1082,6.13046,17.7579,0.84672,12.849,0.84672,3695.15,0,36.966,0.42336,0.227405,2.23468,2.24161,1.58234,2.698,0.42336,36.966,0.42336,423.524,0,0.760691,0,0,0.988096,0.227405,1.028160,1,0,20.4559,0,0,0,20.4559,0
58.5025,2.99051,0,0,1.41769,0.0776207,0.36288,3.6288,52.227,1.30697,0,0,0.234558,0.306309,0,0.66528,12.849,1,0.634959,0.36288,0,20.1566,5.59465,14.2899,0.84672,12.849,0.84672,3695.15,0,36.966,0.42336,0.227405,2.23467,1.38273,1.55722,1.86423,0.42336,36.966,0.42336,423.524,0,0.386468,0,0,0.613873,0.227405,1.028160,1,0,16.1541,0,0,0,16.1541,0
56.1641,2.97258,0,0,1.07788,0.080841,0.36288,3.6288,50.5707,1.51463,0,0,0.163337,0.305048,0,0.66528,12.849,1,0.652871,0.36288,0,20.8952,5.49979,15.1054,0.84672,12.849,0.84672,3695.15,0,36.966,0.42336,0.227405,2.31485,1.02251,1.5512,1.59021,0.42336,36.966,0.42336,423.524,0,0.178808,0,0,0.406213,0.227405,1.028160,1,0,16.6957,0,0,0,16.6957,0
54.0819,2.95044,0,0,1.31011,0.0790069,0.36288,3.6288,49.3079,1.22438,0,0,0.2626,0.300981,0,0.66528,12.849,1,0.674989,0.36288,0,18.2142,5.49979,12.4023,0.84672,12.849,0.84672,3695.15,0,36.966,0.42336,0.204422,2.31485,1.47329,1.5512,2.018,0.42336,36.966,0.42336,423.524,0,0.469061,0,0,0.673484,0.204422,1.028160,1,0,14.4203,0,0,0,14.4203,0
51.7636,2.92942,0,0,1.05565,0.0817105,0.36288,3.6288,47.8118,1.40939,0,0,0.185833,0.27255,0,0.66528,12.849,1,0.695984,0.36288,0,15.6738,4.76042,10.5803,0.84672,12.849,0.84672,3695.15,0,36.966,0.42336,0.204422,2.31484,1.47715,1.26338,2.30967,0.42336,36.966,0.42336,423.524,0,0.284053,0,0,0.488475,0.204422,1.028160,1,0,12.89,0,0,0,12.89,0
49.6411,2.90443,0,0,1.26464,0.119734,0.36288,3.6288,46.4808,1.35458,0,0,0.279301,0.25578,0,0.66528,12.849,1,0.720952,0.36288,0,16.8377,4.28994,12.1897,0.84672,12.849,0.84672,3695.15,0,36.966,0.42336,0.204422,2.31484,1.67391,1.11597,2.65384,0.42336,36.966,0.42336,423.524,0,0.338857,0,0,0.54328,0.204422,1.028160,1,0,14.8436,0,0,0,14.8436,0
47.4107,2.79206,0,0,1.06855,0.144064,0.36288,3.6288,45.6456,1.04041,0,0,0.46213,0.256858,0,0.66528,12.849,1,0.72269,0.36288,0,17.4544,4.35299,12.7416,0.84672,12.849,0.84672,3695.15,0,36.966,0.42336,0.204422,2.31484,1.81363,1.16731,2.74222,0.42336,36.966,0.42336,423.524,0,0.653031,0,0,0.857453,0.204422,1.028160,1,0,15.4838,0,0,0,15.4838,0
45.2968,2.55306,0,0,0.942641,0.140622,0.36288,3.6288,44.4031,1.24786,0,0,0.260182,0.254879,0,0.66528,12.849,1,0.691917,0.36288,0,18.0802,4.35299,13.3981,0.84672,12.849,0.84672,3695.15,0,36.966,0.42336,0.216518,2.2941,1.36007,1.16731,2.28002,0.42336,36.966,0.42336,423.524,0,0.302657,0,0,0.519175,0.216518,1.028160,1,0,15.6781,0,0,0,15.6781,0
43.0685,2.52789,0,0,0.799874,0.137357,0.36288,3.6288,43.0933,1.29502,0,0,0.237168,0.251934,0,0.66528,12.849,1,0.717068,0.36288,0,16.7065,4.35299,11.9993,0.84672,12.849,0.84672,3695.15,0,36.966,0.42336,0.216518,2.13312,1.29416,1.16731,2.05313,0.42336,36.966,0.42336,423.524,0,0.255484,0,0,0.472002,0.216518,1.028160,1,0,14.0524,0,0,0,14.0524,0
41.4373,2.4993,0,0,1.45496,0.224022,0.36288,3.6288,42.1189,1.16206,0,0,0.364034,0.176339,0,0.66528,12.849,1,0.745638,0.36288,0,29.2191,3.38073,25.4556,0.84672,12.849,0.84672,3695.15,0,36.966,0.42336,0.216518,2.13311,2.22239,0.8425,3.30615,0.42336,36.966,0.42336,423.524,0,0.388431,0,0,0.604949,0.216518,1.028160,1,0,28.7618,0,0,0,28.7618,0
39.0367,2.4129,0,0,0.613844,0.238622,0.36288,3.6288,41.2468,0.912792,0,0,0.241247,0.200569,0,0.66528,12.849,1,0.748198,0.36288,0,12.6629,4.81425,7.4633,0.84672,12.849,0.84672,3695.15,0,36.966,0.42336,0.216518,2.1331,1.43227,1.16506,2.19347,0.42336,36.966,0.42336,423.524,0,0.54687,0,0,0.763388,0.216518,1.028160,1,0,9.65677,0,0,0,9.65677,0
37.9543,2.37827,0,0,1.89067,0.231984,0.36288,3.6288,41.3691,0.450819,0,0,0.772025,0.198887,0,0.66528,12.849,1,0.78281,0.36288,0,43.8721,4.81425,38.6379,0.84672,12.849,0.84672,3695.15,0,36.966,0.404031,1.41323,2.04721,3.40572,1.16506,5.29707,0.42336,36.966,0.42336,423.524,0,1.02816,0,0,2.44139,1.41323,1.028160,1,0,43.935,0,0,0,43.935,0
36.5287,2.36157,0,0,1.55236,0.253485,0.36288,3.6288,41.1619,0.686551,0,0,0.658394,0.179046,0,0.66528,12.849,1,0.799484,0.36288,0,35.5866,4.48777,30.6622,0.84672,12.849,0.84672,3695.15,0,36.966,0.42336,0.292723,2.0472,2.5753,1.07258,3.41929,0.42336,36.966,0.42336,423.524,0,0.773088,0,0,1.06581,0.292723,1.028160,1,0,34.0815,0,0,0,34.0815,0
34.8298,2.33848,0,0,1.24327,0.240818,0.36288,3.6288,41.0878,0.458503,0,0,0.56405,0.179696,0,0.66528,12.849,1,0.822561,0.36288,0,27.9598,4.46912,23.031,0.84672,12.849,0.84672,3695.15,0,36.966,0.411764,0.292723,2.04719,2.51833,0.91662,3.52986,0.42336,36.966,0.42336,423.524,0,1.01272,0,0,1.30544,0.292723,1.028160,1,0,26.5609,0,0,0,26.5609,0
33.8968,2.13525,0,0,1.77441,0.209232,0.36288,3.6288,41.0392,0.44739,0,0,0.551572,0.152781,0,0.66528,12.849,1,0.787711,0.36288,0,50.1898,3.88403,45.881,0.84672,12.849,0.84672,3695.15,0,36.966,0.40251,0.292723,2.04717,2.61183,0.975129,3.57409,0.42336,36.966,0.42336,423.524,0,0.843938,0,0,1.13666,0.292723,1.028160,1,0,49.4551,0,0,0,49.4551,0
33.2276,2.11951,0,0,2.01545,0.202245,0.36288,3.6288,41.0707,0.419329,0,0,0.601852,0.151036,0,0.66528,12.849,1,0.803427,0.36288,0,34.5904,3.77296,30.3769,0.84672,12.849,0.84672,3695.15,0,36.966,0.37771,0.292723,1.85642,3.11517,0.973507,3.9131,0.42336,36.966,0.42336,423.524,0,0.896789,0,0,1.18951,0.292723,1.028160,1,0,34.29,0,0,0,34.29,0
36.0258,2.10783,0,0,5.46941,0.200581,0.36288,3.6288,42.1752,0.350335,0,0,1.60594,0.151082,0,0.66528,12.849,1,0.81509,0.36288,0,99.2576,3.77296,95.0324,0.84672,12.849,0.84672,3695.15,0,36.966,0.315322,1.34755,1.85641,6.20412,0.973507,8.11925,0.42336,36.966,0.42336,423.524,0,1.02816,0,0,2.37571,1.34755,1.028160,1,0,103.152,0,0,0,103.152,0
39.0303,2.15448,0,0,5.75592,0.234017,0.36288,3.6288,43.5229,0.354731,0,0,1.88558,0.18314,0,0.66528,12.849,1,0.768421,0.36288,0,174.258,4.44391,169.409,0.84672,12.849,0.84672,3695.15,0,36.966,0.310917,1.69984,1.8564,8.58299,1.07199,10.7563,0.42336,36.966,0.42336,423.524,0,1.02816,0,0,2.728,1.69984,1.028160,1,0,180.165,0,0,0,180.165,0
40.5893,2.19897,0,0,4.35464,0.2338,0.36288,3.6288,44.0972,0.359931,0,0,1.10355,0.169361,0,0.66528,12.849,1,0.723915,0.36288,0,110.01,4.24299,105.406,0.84672,12.849,0.84672,3695.15,0,36.966,0.305706,0.702173,1.85639,4.97223,0.959576,6.26551,0.42336,36.966,0.42336,423.524,0,1.02816,0,0,1.73033,0.702173,1.028160,1,0,111.671,0,0,0,111.671,0
41.7704,2.28962,0,0,4.05373,0.220168,0.36288,3.6288,44.581,0.391881,0,0,1.01746,0.141743,0,0.66528,12.849,1,0.724806,0.36288,0,86.5054,3.82599,82.3175,0.84672,12.849,0.84672,3695.15,0,36.966,0.328508,0.462655,1.85638,4.29935,0.787799,5.50208,0.42336,36.966,0.42336,423.524,0,1.02816,0,0,1.49081,0.462655,1.028160,1,0,87.8196,0,0,0,87.8196,0
42.5366,2.30526,0,0,3.65761,0.223255,0.36288,3.6288,44.9395,0.432942,0,0,0.933809,0.14239,0,0.66528,12.849,1,0.709124,0.36288,0,77.4308,3.82599,73.2586,0.84672,12.849,0.84672,3695.15,0,36.966,0.35899,0.412474,1.91583,4.0049,0.787799,5.18642,0.42336,36.966,0.42336,423.524,0,0.956595,0,0,1.36907,0.412474,1.028160,1,0,78.445,0,0,0,78.445,0
43.3226,2.31504,0,0,3.70702,0.243074,0.36288,3.6288,45.2663,0.474312,0,0,0.946033,0.144946,0,0.66528,12.849,1,0.699304,0.36288,0,77.8317,3.96075,73.5345,0.84672,12.849,0.84672,3695.15,0,36.966,0.390156,0.503194,1.91581,4.15798,0.8632,5.32363,0.42336,36.966,0.42336,423.524,0,0.884036,0,0,1.38723,0.503194,1.028160,1,0,78.8582,0,0,0,78.8582,0
44.0666,2.3248,0,0,3.72691,0.295177,0.36288,3.6288,45.5551,0.455594,0,0,0.90593,0.161462,0,0.66528,12.849,1,0.68951,0.36288,0,77.9138,4.62477,72.9624,0.84672,12.849,0.84672,3695.15,0,36.966,0.372054,0.503194,1.91578,4.19997,1.25641,4.99049,0.42336,36.966,0.42336,423.524,0,0.920834,0,0,1.42403,0.503194,1.028160,1,0,77.9529,0,0,0,77.9529,0
44.828,2.77434,0,0,4.18134,0.282749,0.36288,3.6288,46.0317,0.664956,0,0,1.2694,0.127909,0,0.66528,12.849,1,0.808946,0.36288,0,93.9021,3.45209,90.004,0.84672,12.849,0.84672,3695.15,0,36.966,0.42336,1.15684,1.91576,4.57364,0.876618,6.34625,0.42336,36.966,0.42336,423.524,0,1.02816,0,0,2.185,1.15684,1.028160,1,0,96.3502,0,0,0,96.3502,0
45.5702,2.78498,0,0,4.17529,0.285204,0.36288,3.6288,46.3981,0.664929,0,0,1.15983,0.128476,0,0.66528,12.849,1,0.798257,0.36288,0,111.257,3.45209,107.37,0.84672,12.849,0.84672,3695.15,0,36.966,0.42336,1.3292,2.3067,4.9064,0.876618,7.24232,0.42336,36.966,0.42336,423.524,0,1.02816,0,0,2.35736,1.3292,1.028160,1,0,114.612,0,0,0,114.612,0
45.4893,2.79509,0,0,3.36464,0.287596,0.36288,3.6288,46.52,0.664901,0,0,0.915733,0.128912,0,0.66528,12.849,1,0.788105,0.36288,0,76.4208,3.45209,72.5435,0.84672,12.849,0.84672,3695.15,0,36.966,0.42336,0.585429,2.30667,4.44046,0.876618,6.03258,0.42336,36.966,0.42336,423.524,0,1.02816,0,0,1.61359,0.585429,1.028160,1,0,78.5761,0,0,0,78.5761,0
48.5766,2.79396,0,0,6.52336,0.279229,0.36288,3.6288,47.45,0.664874,0,0,1.74375,0.148914,0,0.66528,12.849,1,0.789188,0.36288,0,116.645,3.97625,112.243,0.84672,12.849,0.84672,3695.15,0,36.966,0.42336,2.29226,2.30664,5.92977,1.0406,9.06471,0.42336,36.966,0.42336,423.524,0,1.02816,0,0,3.32042,2.29226,1.028160,1,0,121.307,0,0,0,121.307,0
51.8789,2.52189,0,0,6.46248,0.275353,0.36288,3.6288,48.4029,0.463319,0,0,1.6046,0.188347,0,0.66528,12.849,1,0.667065,0.36288,0,126.457,3.67311,122.479,0.84672,12.849,0.84672,3695.15,0,36.966,0.360949,3.72701,2.30661,7.67947,1.03268,12.3195,0.42336,36.966,0.42336,423.524,0,1.02816,0,0,4.75517,3.72701,1.028160,1,0,134.799,0,0,0,134.799,0
54.3789,2.55589,0,0,5.70391,0.285143,0.36288,3.6288,48.831,0.467334,0,0,1.08524,0.18985,0,0.66528,12.849,1,0.633024,0.36288,0,98.0605,3.67311,94.1173,0.84672,12.849,0.84672,3695.15,0,36.966,0.35691,2.12712,2.0288,5.84423,1.03268,8.61056,0.42336,36.966,0.42336,423.524,0,1.02816,0,0,3.15528,2.12712,1.028160,1,0,102.728,0,0,0,102.728,0
55.5718,2.5794,0,0,4.42767,0.292535,0.36288,3.6288,49.0161,0.469101,0,0,0.8448,0.190525,0,0.66528,12.849,1,0.609476,0.36288,0,103.333,3.67311,99.413,0.84672,12.849,0.84672,3695.15,0,36.966,0.355119,1.4152,2.02877,4.72884,1.03268,6.78501,0.42336,36.966,0.42336,423.524,0,1.02816,0,0,2.44336,1.4152,1.028160,1,0,106.198,0,0,0,106.198,0
55.9304,2.58999,0,0,3.57804,0.266562,0.36288,3.6288,48.9376,0.469852,0,0,0.565616,0.174279,0,0.66528,12.849,1,0.598843,0.36288,0,84.3359,3.41152,80.6884,0.84672,12.849,0.84672,3695.15,0,36.966,0.354344,0.894465,2.02874,4.17613,0.995107,5.74988,0.42336,36.966,0.42336,423.524,0,1.02816,0,0,1.92262,0.894465,1.028160,1,0,86.4383,0,0,0,86.4383,0
58.3484,2.59308,0,0,5.62144,0.247469,0.36288,3.6288,49.2833,0.469515,0,0,0.979175,0.163981,0,0.66528,12.849,1,0.595713,0.36288,0,93.4589,3.32002,89.906,0.84672,12.849,0.84672,3695.15,0,36.966,0.354657,1.54729,2.02872,5.80038,0.930458,8.09127,0.42336,36.966,0.42336,423.524,0,1.02816,0,0,2.57545,1.54729,1.028160,1,0,97.9973,0,0,0,97.9973,0
61.6,2.65776,0,0,6.54056,0.268343,0.36288,3.6288,49.6322,0.492764,0,0,1.015,0.173364,0,0.66528,12.849,1,0.58527,0.36288,0,82.8697,3.51299,79.1343,0.84672,12.849,0.84672,3695.15,0,36.966,0.369608,1.51125,2.02869,5.75507,0.919547,8.00585,0.42336,36.966,0.42336,423.524,0,1.02816,0,0,2.53941,1.51125,1.028160,1,0,87.1402,0,0,0,87.1402,0
64.7489,3.03358,0,0,6.82178,0.276402,0.36288,3.6288,50.3078,0.251598,0,0,1.1011,0.173863,0,0.66528,12.849,1,0.632768,0.36288,0,139.685,3.51299,135.903,0.84672,12.849,0.84672,3695.15,0,36.966,0.18739,1.6731,2.06837,5.96212,0.919547,8.59665,0.42336,36.966,0.42336,423.524,0,1.02816,0,0,2.70126,1.6731,1.028160,1,0,144.499,0,0,0,144.499,0
68.6426,2.70597,0,0,7.24615,0.283589,0.36288,3.6288,51.0828,0.497074,0,0,1.44688,0.174829,0,0.66528,12.849,1,0.536982,0.36288,0,100.382,3.51299,96.695,0.84672,12.849,0.84672,3695.15,0,36.966,0.365249,2.39293,1.82059,5.99753,0.919547,8.92625,0.42336,36.966,0.42336,423.524,0,1.02816,0,0,3.42109,2.39293,1.028160,1,0,105.621,0,0,0,105.621,0
71.3161,2.73159,0,0,6.02251,0.254623,0.36288,3.6288,51.4447,0.500275,0,0,1.03798,0.175771,0,0.66528,12.849,1,0.511318,0.36288,0,72.2876,3.63637,68.5028,0.84672,12.849,0.84672,3695.15,0,36.966,0.362023,2.15063,2.06832,5.11194,0.932573,8.03629,0.42336,36.966,0.42336,423.524,0,1.02816,0,0,3.17879,2.15063,1.028160,1,0,76.5391,0,0,0,76.5391,0
71.4655,2.76192,0,0,3.51791,0.243701,0.36288,3.6288,51.5467,0.506013,0,0,0.763157,0.155171,0,0.66528,12.849,1,0.497615,0.36288,0,56.4071,3.84025,52.4321,0.84672,12.849,0.84672,3695.15,0,36.966,0.3636,0.785203,2.06829,3.20693,0.990826,4.70599,0.42336,36.966,0.42336,423.524,0,1.02816,0,0,1.81336,0.785203,1.028160,1,0,57.1381,0,0,0,57.1381,0
71.119,2.76277,0,0,3.04371,0.264572,0.36288,3.6288,51.5428,0.506418,0,0,0.680307,0.177732,0,0.66528,12.849,1,0.496726,0.36288,0,48.1389,4.13649,43.8685,0.84672,12.849,0.84672,3695.15,0,36.966,0.363171,0.624905,2.07706,2.87086,1.01855,4.1911,0.42336,36.966,0.42336,423.524,0,1.02816,0,0,1.65307,0.624905,1.028160,1,0,48.0596,0,0,0,48.0596,0
70.6176,2.76068,0,0,2.80256,0.180352,0.36288,3.6288,51.401,0.527168,0,0,0.599742,0.21443,0,0.66528,12.849,1,0.49877,0.36288,0,44.0088,4.48245,39.3904,0.84672,12.849,0.84672,3695.15,0,36.966,0.378079,0.528595,2.07703,2.67575,1.0392,3.86409,0.42336,36.966,0.42336,423.524,0,0.992477,0,0,1.52107,0.528595,1.028160,1,0,43.2545,0,0,0,43.2545,0
70.0507,2.75765,0,0,2.73325,0.17966,0.36288,3.6288,51.3514,0.50579,0,0,0.6704,0.214184,0,0.66528,12.849,1,0.501759,0.36288,0,42.6286,4.48245,38.0072,0.84672,12.849,0.84672,3695.15,0,36.966,0.363749,0.687191,2.077,3.16721,1.0392,4.52845,0.42336,36.966,0.42336,423.524,0,1.02816,0,0,1.71535,0.687191,1.028160,1,0,42.5357,0,0,0,42.5357,0
68.7987,3.18826,0,0,2.49101,0.191797,0.36288,3.6288,51.2771,0.378355,0,0,0.528644,0.224617,0,0.66528,12.849,1,0.584805,0.36288,0,38.3576,4.6611,33.4746,0.84672,12.849,0.84672,3695.15,0,36.966,0.272364,0.402797,2.07698,2.21144,1.1156,3.30324,0.42336,36.966,0.42336,423.524,0,0.888538,0,0,1.29133,0.402797,1.028160,1,0,36.7778,0,0,0,36.7778,0
67.315,3.17926,0,0,2.1978,0.139414,0.36288,3.6288,51.1365,0.39258,0,0,0.478457,0.226492,0,0.66528,12.849,1,0.593765,0.36288,0,32.9927,4.70956,28.0523,0.84672,12.849,0.84672,3695.15,0,36.966,0.283013,0.402797,1.8963,1.97654,1.0742,2.91843,0.42336,36.966,0.42336,423.524,0,0.863637,0,0,1.26643,0.402797,1.028160,1,0,30.9707,0,0,0,30.9707,0
65.7793,3.16823,0,0,2.13329,0.137802,0.36288,3.6288,51.0178,0.400528,0,0,0.50811,0.226233,0,0.66528,12.849,1,0.604749,0.36288,0,31.447,4.70956,26.4956,0.84672,12.849,0.84672,3695.15,0,36.966,0.289538,0.402797,1.89627,2.10261,1.0742,3.03795,0.42336,36.966,0.42336,423.524,0,0.849139,0,0,1.25194,0.402797,1.028160,1,0,29.5335,0,0,0,29.5335,0
64.1478,3.15639,0,0,2.02384,0.136133,0.36288,3.6288,50.9134,0.372113,0,0,0.49375,0.226015,0,0.66528,12.849,1,0.616552,0.36288,0,29.536,4.70956,24.5728,0.84672,12.849,0.84672,3695.15,0,36.966,0.269622,0.30119,1.89625,1.94399,1.0742,2.79761,0.42336,36.966,0.42336,423.524,0,0.897445,0,0,1.19864,0.30119,1.028160,1,0,27.3704,0,0,0,27.3704,0
62.9871,3.14328,0,0,2.46772,0.122225,0.36288,3.6288,50.938,0.296047,0,0,0.561059,0.240484,0,0.66528,12.849,1,0.62961,0.36288,0,36.397,5.09399,31.0363,0.84672,12.849,0.84672,3695.15,0,36.966,0.214947,0.724637,1.89622,2.67624,1.20036,3.88179,0.42336,36.966,0.42336,423.524,0,1.02816,0,0,1.7528,0.724637,1.028160,1,0,34.9181,0,0,0,34.9181,0
62.223,3.1087,0,0,2.81951,0.112061,0.36288,3.6288,50.9642,0.328152,0,0,0.605916,0.251529,0,0.66528,12.849,1,0.634156,0.36288,0,42.9089,5.3823,37.2553,0.84672,12.849,0.84672,3695.15,0,36.966,0.238142,1.08304,1.89619,3.31431,1.29498,4.76042,0.42336,36.966,0.42336,423.524,0,1.02816,0,0,2.1112,1.08304,1.028160,1,0,42.0158,0,0,0,42.0158,0
61.253,3.10221,0,0,2.60645,0.111362,0.36288,3.6288,50.9702,0.328207,0,0,0.585787,0.251583,0,0.66528,12.849,1,0.640603,0.36288,0,42.6495,5.3823,36.9895,0.84672,12.849,0.84672,3695.15,0,36.966,0.23806,1.04732,1.93328,3.3607,1.29498,4.80827,0.42336,36.966,0.42336,423.524,0,1.02816,0,0,2.07548,1.04732,1.028160,1,0,41.7978,0,0,0,41.7978,0
60.0521,3.09378,0,0,2.36623,0.110474,0.36288,3.6288,50.9438,0.328208,0,0,0.553387,0.251595,0,0.66528,12.849,1,0.648981,0.36288,0,41.3821,5.3823,35.7137,0.84672,12.849,0.84672,3695.15,0,36.966,0.238032,0.843713,1.93326,3.15903,1.29498,4.40298,0.42336,36.966,0.42336,423.524,0,1.02816,0,0,1.87187,0.843713,1.028160,1,0,40.1167,0,0,0,40.1167,0
58.7174,3.08306,0,0,2.21324,0.101987,0.36288,3.6288,50.891,0.328122,0,0,0.542858,0.267482,0,0.66528,12.849,1,0.659664,0.36288,0,41.864,5.59795,35.9693,0.84672,12.849,0.84672,3695.15,0,36.966,0.238093,0.766748,1.93323,3.05862,1.3644,4.15611,0.42336,36.966,0.42336,423.524,0,1.02816,0,0,1.79491,0.766748,1.028160,1,0,40.1254,0,0,0,40.1254,0
57.3704,3.13428,0,0,2.23709,0.0869494,0.36288,3.6288,50.8565,0.356523,0,0,0.613511,0.291526,0,0.66528,12.849,1,0.685867,0.36288,0,40.4104,5.90383,34.1836,0.84672,12.849,0.84672,3695.15,0,36.966,0.258969,0.973261,1.9332,2.95325,1.42021,4.18053,0.42336,36.966,0.42336,423.524,0,1.02816,0,0,2.00142,0.973261,1.028160,1,0,38.3641,0,0,0,38.3641,0
55.894,3.12109,0,0,2.0934,0.0858154,0.36288,3.6288,50.7765,0.356405,0,0,0.567886,0.291444,0,0.66528,12.849,1,0.699016,0.36288,0,36.4805,5.90383,30.2405,0.84672,12.849,0.84672,3695.15,0,36.966,0.25906,0.887388,1.98578,2.63574,1.42021,3.82964,0.42336,36.966,0.42336,423.524,0,1.02816,0,0,1.91555,0.887388,1.028160,1,0,34.0702,0,0,0,34.0702,0
54.2624,3.10604,0,0,1.92184,0.0845725,0.36288,3.6288,50.6908,0.356154,0,0,0.561655,0.291255,0,0.66528,12.849,1,0.714021,0.36288,0,33.3475,5.90383,27.0925,0.84672,12.849,0.84672,3695.15,0,36.966,0.259285,0.730054,1.98575,2.57786,1.42021,3.61417,0.42336,36.966,0.42336,423.524,0,1.02816,0,0,1.75821,0.730054,1.028160,1,0,30.7067,0,0,0,30.7067,0
53.0496,3.08864,0,0,2.30893,0.0702081,0.36288,3.6288,50.7417,0.355885,0,0,0.68393,0.277143,0,0.66528,12.849,1,0.731372,0.36288,0,34.9224,6.11205,28.4419,0.84672,12.849,0.84672,3695.15,0,36.966,0.259527,1.35449,1.98572,3.84916,1.47903,5.45082,0.42336,36.966,0.42336,423.524,0,1.02816,0,0,2.38265,1.35449,1.028160,1,0,33.8927,0,0,0,33.8927,0
51.6094,3.25776,0,0,2.25201,0.0715542,0.36288,3.6288,50.6296,0.45897,0,0,0.637254,0.290418,0,0.66528,12.849,1,0.789054,0.36288,0,34.9282,6.02778,28.4743,0.84672,12.849,0.84672,3695.15,0,36.966,0.334366,1.00173,1.98569,3.46902,1.49861,4.62347,0.42336,36.966,0.42336,423.524,0,1.02816,0,0,2.02989,1.00173,1.028160,1,0,33.0978,0,0,0,33.0978,0
50.5088,3.24009,0,0,2.56895,0.0665819,0.36288,3.6288,50.6323,0.458526,0,0,0.765941,0.304632,0,0.66528,12.849,1,0.806674,0.36288,0,40.6208,6.08863,34.0884,0.84672,12.849,0.84672,3695.15,0,36.966,0.334782,1.36017,2.16566,3.58612,1.52017,5.257,0.42336,36.966,0.42336,423.524,0,1.02816,0,0,2.38833,1.36017,1.028160,1,0,39.3454,0,0,0,39.3454,0
48.9152,3.22604,0,0,2.06116,0.0658199,0.36288,3.6288,50.4715,0.458519,0,0,0.602282,0.304639,0,0.66528,12.849,1,0.820678,0.36288,0,47.7787,6.08863,41.2322,0.84672,12.849,0.84672,3695.15,0,36.966,0.334759,0.887699,2.16563,2.97894,1.52017,4.17734,0.42336,36.966,0.42336,423.524,0,1.02816,0,0,1.91586,0.887699,1.028160,1,0,45.4096,0,0,0,45.4096,0
47.7238,3.20483,0,0,2.44108,0.0647127,0.36288,3.6288,50.6287,0.457887,0,0,0.919362,0.304239,0,0.66528,12.849,1,0.841843,0.36288,0,41.0098,6.08863,34.4422,0.84672,12.849,0.84672,3695.15,0,36.966,0.335362,1.85386,2.1656,4.02844,1.52017,6.19237,0.42336,36.966,0.42336,423.524,0,1.02816,0,0,2.88202,1.85386,1.028160,1,0,40.6345,0,0,0,40.6345,0
46.5724,3.18824,0,0,2.46894,0.0692458,0.36288,3.6288,50.5585,0.458472,0,0,0.674412,0.286149,0,0.66528,12.849,1,0.85839,0.36288,0,51.0969,5.80086,44.8005,0.84672,12.849,0.84672,3695.15,0,36.966,0.334748,1.11206,2.16557,4.95881,1.49977,6.40192,0.42336,36.966,0.42336,423.524,0,1.02816,0,0,2.14022,1.11206,1.028160,1,0,51.2024,0,0,0,51.2024,0
47.1536,3.08492,0,0,4.10447,0.0754377,0.36288,3.6288,50.8296,0.395799,0,0,0.928221,0.261359,0,0.66528,12.849,1,0.851108,0.36288,0,44.8114,5.41716,38.9061,0.84672,12.849,0.84672,3695.15,0,36.966,0.289389,1.79216,2.16554,8.06781,1.47257,10.2635,0.42336,36.966,0.42336,423.524,0,1.02816,0,0,2.82032,1.79216,1.028160,1,0,49.1696,0,0,0,49.1696,0
46.7194,3.09313,0,0,3.09773,0.0759237,0.36288,3.6288,50.9044,0.396676,0,0,0.733427,0.261937,0,0.66528,12.849,1,0.842854,0.36288,0,66.2796,5.41716,60.3825,0.84672,12.849,0.84672,3695.15,0,36.966,0.288484,1.67541,2.06134,6.26046,1.47257,8.23616,0.42336,36.966,0.42336,423.524,0,1.02816,0,0,2.70357,1.67541,1.028160,1,0,68.6186,0,0,0,68.6186,0
45.2597,3.08695,0,0,2.0657,0.0755606,0.36288,3.6288,50.8035,0.396906,0,0,0.558125,0.262097,0,0.66528,12.849,1,0.848988,0.36288,0,41.5771,5.41716,35.6739,0.84672,12.849,0.84672,3695.15,0,36.966,0.288227,0.666274,2.06131,4.22501,1.47257,5.1918,0.42336,36.966,0.42336,423.524,0,1.02816,0,0,1.69443,0.666274,1.028160,1,0,40.8657,0,0,0,40.8657,0
45.7641,3.06559,0,0,4.05405,0.121236,0.36288,3.6288,50.9742,0.396558,0,0,0.832053,0.264744,0,0.66528,12.849,1,0.870305,0.36288,0,48.6556,5.04821,43.0999,0.84672,12.849,0.84672,3695.15,0,36.966,0.288546,1.50902,2.06128,6.61551,1.39714,8.50013,0.42336,36.966,0.42336,423.524,0,1.02816,0,0,2.53718,1.50902,1.028160,1,0,51.6001,0,0,0,51.6001,0
44.764,3.0022,0,0,2.47534,0.110366,0.36288,3.6288,50.895,0.34012,0,0,0.495347,0.234422,0,0.66528,12.849,1,0.842915,0.36288,0,59.5237,4.68678,54.3569,0.84672,12.849,0.84672,3695.15,0,36.966,0.246652,0.600376,2.06125,3.50502,1.11997,4.80003,0.42336,36.966,0.42336,423.524,0,1.02816,0,0,1.62854,0.600376,1.028160,1,0,59.1569,0,0,0,59.1569,0
44.2454,2.98753,0,0,2.9995,0.167716,0.36288,3.6288,51.0217,0.339883,0,0,0.622925,0.156371,0,0.66528,12.849,1,0.857537,0.36288,0,82.3439,3.77538,78.0739,0.84672,12.849,0.84672,3695.15,0,36.966,0.246863,1.0388,1.96827,5.53636,0.836352,7.46021,0.42336,36.966,0.42336,423.524,0,1.02816,0,0,2.06696,1.0388,1.028160,1,0,85.5341,0,0,0,85.5341,0
43.5584,2.97971,0,0,2.82238,0.166732,0.36288,3.6288,51.5406,0.340223,0,0,1.01561,0.156532,0,0.66528,12.849,1,0.865317,0.36288,0,96.2271,3.77538,91.9493,0.84672,12.849,0.84672,3695.15,0,36.966,0.246497,2.08847,1.96824,8.81627,0.836352,11.7901,0.42336,36.966,0.42336,423.524,0,1.02816,0,0,3.11663,2.08847,1.028160,1,0,103.739,0,0,0,103.739,0
