0volume,0demand,0up_spill,0ww_inflow,0catch_inflow,0evap,0ds_spill,0treat_cap,1volume,1demand,1up_spill,1ww_inflow,1catch_inflow,1evap,1ds_spill,1treat_cap,2volume,2s_area,2demand,2up_spill,2ww_inflow,2catch_inflow,2evap,2ds_spill,2treat_cap,2valloc_0,2talloc_0,2valloc_1,2talloc_1,3volume,3demand,3up_spill,3ww_inflow,3catch_inflow,3evap,3ds_spill,3treat_cap,3valloc_1,3talloc_1,3valloc_2,3talloc_2,4demand,4up_spill,4ww_inflow,4catch_inflow,4ds_spill,4treat_cap,11volume,11s_area,11demand,11up_spill,11ww_inflow,11catch_inflow,11evap,11ds_spill,11treat_cap
72.29,1.84028,0,0,4.74847,0.261184,2.64701,3.6288,61.308,0,0,0,0.878004,0.230882,0.647122,0.66528,12.849,1,0.327095,2.64701,0,97.6761,4.97563,95.0203,0.84672,12.849,0.84672,3695.15,0,36.966,0.0415766,1.50306,0,5.54087,0.976919,6.02543,0.42336,36.966,0.42336,423.524,0,1.69344,0,0,3.1965,1.50306,1.028160,1,0,101.693,0,0,0,101.693,0
72.29,1.85879,0,0,17.3623,0.264491,15.239,3.6288,61.308,0.428421,0,0,3.53004,0.271056,2.83057,0.66528,12.849,1,0.330386,15.239,0,248.363,5.57781,257.694,0.84672,12.849,0.84672,3695.15,0,36.966,0.258319,8.11858,1.74664,18.4602,1.21442,26.8527,0.42336,36.966,0.42336,423.524,0,1.02816,0,0,9.14674,8.11858,1.028160,1,0,287.377,0,0,0,287.377,0
72.29,1.86022,0,0,19.6424,0.264491,17.5177,3.6288,61.308,0.428421,0,0,6.71835,0.271056,6.01887,0.66528,12.849,1,0.330641,17.5177,0,356.878,5.57781,368.487,0.84672,12.849,0.84672,3695.15,0,36.966,0.258319,12.2419,1.73518,22.2349,1.21442,34.7393,0.42336,36.966,0.42336,423.524,0,1.02816,0,0,13.2701,12.2419,1.028160,1,0,409.245,0,0,0,409.245,0
72.29,1.86166,0,0,10.2965,0.264491,8.1704,3.6288,61.308,0.428421,0,0,3.59583,0.271056,2.89635,0.66528,12.849,1,0.330895,8.1704,0,197.576,5.57781,199.838,0.84672,12.849,0.84672,3695.15,0,36.966,0.258319,6.33169,1.7355,13.2934,1.21442,19.8879,0.42336,36.966,0.42336,423.524,0,1.02816,0,0,7.35985,6.33169,1.028160,1,0,222.622,0,0,0,222.622,0
72.29,2.06799,0,0,9.06301,0.290671,6.70436,3.6288,61.308,0.533687,0,0,2.4223,0.223478,1.66513,0.66528,12.849,1,0.367569,6.70436,0,157.409,4.67238,159.073,0.84672,12.849,0.84672,3695.15,0,36.966,0.32179,3.93896,1.73582,12.9021,1.05367,17.2015,0.42336,36.966,0.42336,423.524,0,1.02816,0,0,4.96712,3.93896,1.028160,1,0,177.94,0,0,0,177.94,0
72.29,2.21278,0,0,6.76147,0.276372,4.27232,3.6288,61.308,0.428467,0,0,2.58125,0.245036,1.90775,0.66528,12.849,1,0.393305,4.27232,0,142.274,4.50377,141.649,0.84672,12.849,0.84672,3695.15,0,36.966,0.258346,3.64611,1.91172,11.3877,1.08455,15.6026,0.42336,36.966,0.42336,423.524,0,1.02816,0,0,4.67427,3.64611,1.028160,1,0,159.16,0,0,0,159.16,0
72.29,2.21436,0,0,8.02146,0.276372,5.53073,3.6288,61.308,0.428467,0,0,2.73301,0.245036,2.05951,0.66528,12.849,1,0.393586,5.53073,0,136.683,4.50377,137.316,0.84672,12.849,0.84672,3695.15,0,36.966,0.258346,3.93153,1.81337,11.9625,1.08455,16.3645,0.42336,36.966,0.42336,423.524,0,1.02816,0,0,4.95969,3.93153,1.028160,1,0,155.74,0,0,0,155.74,0
72.29,2.21595,0,0,8.06017,0.276304,5.56792,3.6288,61.308,0.428467,0,0,2.51365,0.2372,1.84798,0.66528,12.849,1,0.393868,5.56792,0,141.513,4.43793,142.249,0.84672,12.849,0.84672,3695.15,0,36.966,0.258346,3.66441,1.81372,10.968,1.05278,15.135,0.42336,36.966,0.42336,423.524,0,1.02816,0,0,4.69257,3.66441,1.028160,1,0,159.232,0,0,0,159.232,0
72.29,1.92478,0,0,9.23381,0.308853,7.00017,3.6288,61.308,0.286955,0,0,2.25572,0.184653,1.78412,0.66528,12.849,1,0.342116,7.00017,0,130.665,3.21204,134.111,0.84672,12.849,0.84672,3695.15,0,36.966,0.173021,4.22761,1.81407,10.0698,0.801877,15.1366,0.42336,36.966,0.42336,423.524,0,1.02816,0,0,5.25577,4.22761,1.028160,1,0,151.032,0,0,0,151.032,0
72.29,1.76091,0,0,5.91805,0.333569,3.82357,3.6288,61.308,0.408372,0,0,1.68752,0.180507,1.09864,0.66528,12.849,1,0.312988,3.82357,0,139.486,2.58888,140.408,0.84672,12.849,0.84672,3695.15,0,36.966,0.24623,4.974,1.57455,6.41753,0.756662,11.9632,0.42336,36.966,0.42336,423.524,0,1.02816,0,0,6.00216,4.974,1.028160,1,0,153.469,0,0,0,153.469,0
72.29,1.76178,0,0,7.12697,0.333569,5.03162,3.6288,61.308,0.408744,0,0,1.62372,0.180507,1.03447,0.66528,12.849,1,0.313143,5.03162,0,145.217,2.58888,147.346,0.84672,12.849,0.84672,3695.15,0,36.966,0.246454,4.03257,1.68875,7.91244,0.756662,12.6306,0.42336,36.966,0.42336,423.524,0,1.02816,0,0,5.06073,4.03257,1.028160,1,0,161.012,0,0,0,161.012,0
72.29,1.76265,0,0,6.37867,0.297636,4.31839,3.6288,61.308,0.409116,0,0,1.59144,0.193042,0.989278,0.66528,12.849,1,0.313297,4.31839,0,150.947,3.13953,151.812,0.84672,12.849,0.84672,3695.15,0,36.966,0.246679,5.12984,1.6894,6.51453,0.900019,12.1871,0.42336,36.966,0.42336,423.524,0,1.02816,0,0,6.158,5.12984,1.028160,1,0,164.989,0,0,0,164.989,0
72.29,1.76352,0,0,7.77108,0.302804,5.70475,3.6288,61.308,0.409488,0,0,1.86088,0.188859,1.26253,0.66528,12.849,1,0.313452,5.70475,0,116.924,3.6966,118.619,0.84672,12.849,0.84672,3695.15,0,36.966,0.246903,4.07674,1.69006,7.3899,0.923483,11.9863,0.42336,36.966,0.42336,423.524,0,1.02816,0,0,5.1049,4.07674,1.028160,1,0,131.868,0,0,0,131.868,0
72.29,1.83824,0,0,5.38331,0.283147,3.26192,3.6288,61.308,0.444554,0,0,1.31507,0.169704,0.700808,0.66528,12.849,1,0.326733,3.26192,0,113.199,3.003,113.131,0.84672,12.849,0.84672,3695.15,0,36.966,0.268046,3.54196,1.69071,6.46403,0.893518,10.5351,0.42336,36.966,0.42336,423.524,0,1.02816,0,0,4.57012,3.54196,1.028160,1,0,124.367,0,0,0,124.367,0
72.29,1.86163,0,0,4.14994,0.283147,2.00516,3.6288,61.308,0.428421,0,0,1.06788,0.169704,0.469757,0.66528,12.849,1,0.33089,2.00516,0,77.404,3.003,76.0753,0.84672,12.849,0.84672,3695.15,0,36.966,0.258319,2.31173,1.75063,4.86296,0.893518,7.77347,0.42336,36.966,0.42336,423.524,0,1.02816,0,0,3.33989,2.31173,1.028160,1,0,84.3185,0,0,0,84.3185,0
72.29,1.86306,0,0,3.78364,0.283147,1.63743,3.6288,61.308,0.428421,0,0,0.985048,0.169704,0.386922,0.66528,12.849,1,0.331145,1.63743,0,66.4157,3.003,64.719,0.84672,12.849,0.84672,3695.15,0,36.966,0.258319,2.04551,1.73581,4.03426,0.893518,6.66374,0.42336,36.966,0.42336,423.524,0,1.02816,0,0,3.07367,2.04551,1.028160,1,0,71.7696,0,0,0,71.7696,0
72.29,1.86449,0,0,3.92109,0.252288,1.80431,3.6288,61.308,0.428422,0,0,1.02394,0.173726,0.421791,0.66528,12.849,1,0.331399,1.80431,0,80.7244,2.75667,79.4406,0.84672,12.849,0.84672,3695.15,0,36.966,0.258319,2.88386,1.73613,4.47934,0.990283,7.85072,0.42336,36.966,0.42336,423.524,0,1.02816,0,0,3.91202,2.88386,1.028160,1,0,87.7131,0,0,0,87.7131,0
72.29,1.837,0,0,3.89064,0.202058,1.85158,3.6288,61.308,0.414924,0,0,1.21015,0.202382,0.592847,0.66528,12.849,1,0.326512,1.85158,0,68.4461,3.24878,66.7224,0.84672,12.849,0.84672,3695.15,0,36.966,0.250181,2.97372,1.73644,4.0223,0.941947,7.54034,0.42336,36.966,0.42336,423.524,0,1.02816,0,0,4.00188,2.97372,1.028160,1,0,74.8556,0,0,0,74.8556,0
72.29,1.82005,0,0,3.28699,0.194544,1.2724,3.6288,61.308,0.428416,0,0,1.16947,0.207046,0.534007,0.66528,12.849,1,0.323499,1.2724,0,58.7642,3.33763,56.3755,0.84672,12.849,0.84672,3695.15,0,36.966,0.258316,2.5868,1.71366,3.69734,0.931203,6.80828,0.42336,36.966,0.42336,423.524,0,1.02816,0,0,3.61496,2.5868,1.028160,1,0,63.7177,0,0,0,63.7177,0
72.29,1.82146,0,0,3.00061,0.194544,0.98461,3.6288,61.308,0.428416,0,0,1.00666,0.207046,0.371198,0.66528,12.849,1,0.32375,0.98461,0,58.2015,3.33763,55.5247,0.84672,12.849,0.84672,3695.15,0,36.966,0.258316,1.7736,1.72663,3.77445,0.931203,6.08516,0.42336,36.966,0.42336,423.524,0,1.02816,0,0,2.80176,1.7736,1.028160,1,0,61.981,0,0,0,61.981,0
72.29,1.82287,0,0,3.74738,0.155181,1.76932,3.6288,61.308,0.428416,0,0,1.21797,0.225222,0.564327,0.66528,12.849,1,0.324001,1.76932,0,63.1841,3.57406,61.0553,0.84672,12.849,0.84672,3695.15,0,36.966,0.258316,2.18358,1.72694,3.8183,0.982531,6.48796,0.42336,36.966,0.42336,423.524,0,1.02816,0,0,3.21174,2.18358,1.028160,1,0,68.1076,0,0,0,68.1076,0
72.29,1.92263,0,0,3.17396,0.107537,1.1438,3.6288,61.308,0.476367,0,0,1.04039,0.249019,0.315002,0.66528,12.849,1,0.341733,1.1438,0,55.2636,4.10517,51.9605,0.84672,12.849,0.84672,3695.15,0,36.966,0.287228,2.59303,1.72725,3.53388,1.06787,6.49907,0.42336,36.966,0.42336,423.524,0,1.02816,0,0,3.62119,2.59303,1.028160,1,0,58.7746,0,0,0,58.7746,0
72.29,1.98935,0,0,3.18387,0.11399,1.08053,3.6288,61.308,0.428437,0,0,1.03886,0.248437,0.361984,0.66528,12.849,1,0.353592,1.08053,0,56.2146,4.39299,52.5485,0.84672,12.849,0.84672,3695.15,0,36.966,0.258328,2.93577,1.80865,3.68559,1.09039,7.08128,0.42336,36.966,0.42336,423.524,0,1.02816,0,0,3.96393,2.93577,1.028160,1,0,59.9918,0,0,0,59.9918,0
72.29,1.99083,0,0,2.93893,0.11399,0.834108,3.6288,61.308,0.428437,0,0,1.06523,0.248437,0.388354,0.66528,12.849,1,0.353855,0.834108,0,53.8399,4.39299,49.9272,0.84672,12.849,0.84672,3695.15,0,36.966,0.258329,1.92694,1.76402,3.50717,1.09039,5.84941,0.42336,36.966,0.42336,423.524,0,1.02816,0,0,2.9551,1.92694,1.028160,1,0,56.1649,0,0,0,56.1649,0
72.29,1.99232,0,0,2.64824,0.11399,0.54193,3.6288,61.308,0.428437,0,0,0.949424,0.248437,0.272549,0.66528,12.849,1,0.354119,0.54193,0,48.2633,4.39299,44.0581,0.84672,12.849,0.84672,3695.15,0,36.966,0.258329,1.52124,1.76435,3.29898,1.09039,5.23585,0.42336,36.966,0.42336,423.524,0,1.02816,0,0,2.5494,1.52124,1.028160,1,0,49.5665,0,0,0,49.5665,0
72.29,1.9938,0,0,2.54463,0.109975,0.44085,3.6288,61.308,0.428437,0,0,0.944364,0.246534,0.269393,0.66528,12.849,1,0.354383,0.44085,0,44.3825,4.36524,40.1037,0.84672,12.849,0.84672,3695.15,0,36.966,0.258329,1.73602,1.76467,3.43549,1.08458,5.59327,0.42336,36.966,0.42336,423.524,0,1.02816,0,0,2.76418,1.73602,1.028160,1,0,45.9664,0,0,0,45.9664,0
72.29,1.9758,0,0,3.41207,0.0858878,1.35038,3.6288,61.308,0.454848,0,0,1.03275,0.235112,0.342791,0.66528,12.849,1,0.351183,1.35038,0,56.4264,4.19874,53.2268,0.84672,12.849,0.84672,3695.15,0,36.966,0.274253,2.28133,1.765,4.62361,1.04972,7.34597,0.42336,36.966,0.42336,423.524,0,1.02816,0,0,3.30949,2.28133,1.028160,1,0,60.9156,0,0,0,60.9156,0
72.29,2.01322,0,0,3.10691,0.0858878,1.0078,3.6288,61.308,0.428449,0,0,1.0223,0.235112,0.35874,0.66528,12.849,1,0.357834,1.0078,0,55.9901,4.19874,52.4413,0.84672,12.849,0.84672,3695.15,0,36.966,0.258336,2.28605,1.79374,4.45005,1.04972,7.22178,0.42336,36.966,0.42336,423.524,0,1.02816,0,0,3.31421,2.28605,1.028160,1,0,60.0218,0,0,0,60.0218,0
72.29,2.01471,0,0,2.81106,0.0858878,0.710459,3.6288,61.308,0.428449,0,0,0.948734,0.235112,0.285173,0.66528,12.849,1,0.3581,0.710459,0,50.2795,4.19874,46.4331,0.84672,12.849,0.84672,3695.15,0,36.966,0.258336,1.87494,1.7693,4.26794,1.04972,6.60412,0.42336,36.966,0.42336,423.524,0,1.02816,0,0,2.9031,1.87494,1.028160,1,0,53.3224,0,0,0,53.3224,0
72.29,2.0162,0,0,2.67814,0.0573264,0.60461,3.6288,61.308,0.428449,0,0,0.897677,0.300926,0.168302,0.66528,12.849,1,0.358365,0.60461,0,45.5494,5.04564,40.75,0.84672,12.849,0.84672,3695.15,0,36.966,0.258336,1.88914,1.76963,4.04362,1.35885,6.08521,0.42336,36.966,0.42336,423.524,0,1.02816,0,0,2.9173,1.88914,1.028160,1,0,47.0035,0,0,0,47.0035,0
72.29,2.06812,0,0,2.70594,0.0544479,0.583368,3.6288,61.308,0.452028,0,0,0.833038,0.321065,0.0599445,0.66528,12.849,1,0.367593,0.583368,0,43.9694,5.69979,38.4854,0.84672,12.849,0.84672,3695.15,0,36.966,0.272553,1.81315,1.76996,3.78507,1.49094,5.60469,0.42336,36.966,0.42336,423.524,0,1.02816,0,0,2.84131,1.81315,1.028160,1,0,44.15,0,0,0,44.15,0
72.29,2.10173,0,0,2.76037,0.0552006,0.60344,3.6288,61.308,0.428459,0,0,0.827252,0.324734,0.0740594,0.66528,12.849,1,0.373566,0.60344,0,41.4334,5.90499,35.7583,0.84672,12.849,0.84672,3695.15,0,36.966,0.258342,1.94974,1.81062,3.70732,1.52316,5.68618,0.42336,36.966,0.42336,423.524,0,1.02816,0,0,2.9779,1.94974,1.028160,1,0,41.5185,0,0,0,41.5185,0
72.2119,2.10326,0,0,2.44327,0.0552006,0.36288,3.6288,61.308,0.42846,0,0,0.776454,0.324734,0.0232613,0.66528,12.849,1,0.373838,0.36288,0,39.1126,5.90499,33.1966,0.84672,12.849,0.84672,3695.15,0,36.966,0.258342,1.79762,1.78885,3.70933,1.52316,5.5143,0.42336,36.966,0.42336,423.524,0,1.02816,0,0,2.82578,1.79762,1.028160,1,0,38.7342,0,0,0,38.7342,0
71.9233,2.10444,0,0,2.23385,0.0551679,0.36288,3.6288,61.3048,0.42846,0,0,0.750037,0.324734,0,0.66528,12.849,1,0.374453,0.36288,0,36.731,5.90499,30.8144,0.84672,12.849,0.84672,3695.15,0,36.966,0.258342,1.57543,1.78919,3.53423,1.52316,5.11734,0.42336,36.966,0.42336,423.524,0,1.02816,0,0,2.60359,1.57543,1.028160,1,0,35.9317,0,0,0,35.9317,0
71.4941,2.2525,0,0,2.23633,0.0501192,0.36288,3.6288,61.2157,0.513703,0,0,0.753857,0.329284,0,0.66528,12.849,1,0.402406,0.36288,0,35.3283,6.16851,29.1202,0.84672,12.849,0.84672,3695.15,0,36.966,0.309756,1.56769,1.78952,3.69095,1.55742,5.18099,0.42336,36.966,0.42336,423.524,0,1.02816,0,0,2.59585,1.56769,1.028160,1,0,34.3012,0,0,0,34.3012,0
71.4145,2.35971,0,0,2.71478,0.0717821,0.36288,3.6288,61.1852,0.434264,0,0,0.726102,0.322365,0,0.66528,12.849,1,0.424089,0.36288,0,37.9311,6.30388,31.566,0.84672,12.849,0.84672,3695.15,0,36.966,0.262237,1.68922,1.92809,3.28387,1.53848,5.10046,0.42336,36.966,0.42336,423.524,0,1.02816,0,0,2.71738,1.68922,1.028160,1,0,36.6664,0,0,0,36.6664,0
71.5105,2.36032,0,0,2.89085,0.0717385,0.36288,3.6288,61.308,0.434644,0,0,0.893141,0.322303,0.0133804,0.66528,12.849,1,0.424672,0.36288,0,48.2685,6.30388,41.9028,0.84672,12.849,0.84672,3695.15,0,36.966,0.262597,2.32106,1.85416,3.66793,1.53848,6.04207,0.42336,36.966,0.42336,423.524,0,1.02816,0,0,3.34922,2.32106,1.028160,1,0,47.9583,0,0,0,47.9583,0
71.0923,2.36182,0,0,2.37829,0.071791,0.36288,3.6288,61.2005,0.435435,0,0,0.650452,0.322554,0,0.66528,12.849,1,0.424372,0.36288,0,44.2215,6.30388,37.8561,0.84672,12.849,0.84672,3695.15,0,36.966,0.262548,1.26084,1.85495,3.00421,1.53848,4.31898,0.42336,36.966,0.42336,423.524,0,1.02816,0,0,2.289,1.26084,1.028160,1,0,42.1751,0,0,0,42.1751,0
71.2609,2.36072,0,0,2.96377,0.0715619,0.36288,3.6288,61.308,0.435609,0,0,1.12679,0.322334,0.261314,0.66528,12.849,1,0.426669,0.36288,0,43.1053,6.30388,36.7376,0.84672,12.849,0.84672,3695.15,0,36.966,0.263115,3.49534,1.85575,4.68556,1.53848,8.23505,0.42336,36.966,0.42336,423.524,0,1.02816,0,0,4.5235,3.49534,1.028160,1,0,45.234,0,0,0,45.234,0
71.4866,2.2905,0,0,2.96025,0.0811211,0.36288,3.6288,61.308,0.384504,0,0,1.15794,0.314443,0.458993,0.66528,12.849,1,0.412999,0.36288,0,42.7915,6.13771,36.6037,0.84672,12.849,0.84672,3695.15,0,36.966,0.231839,2.89869,1.85655,7.01447,1.51197,10.0259,0.42336,36.966,0.42336,423.524,0,1.02816,0,0,3.92685,2.89869,1.028160,1,0,47.0886,0,0,0,47.0886,0
72.29,2.23345,0,0,3.90157,0.120885,0.743847,3.6288,61.308,0.428475,0,0,1.21737,0.28684,0.50206,0.66528,12.849,1,0.401439,0.743847,0,43.2758,5.91685,37.7013,0.84672,12.849,0.84672,3695.15,0,36.966,0.258351,3.17594,1.77718,5.64175,1.43611,8.90041,0.42336,36.966,0.42336,423.524,0,1.02816,0,0,4.2041,3.17594,1.028160,1,0,47.1038,0,0,0,47.1038,0
72.29,2.23882,0,0,5.56782,0.121626,3.20738,3.6288,61.308,0.428475,0,0,2.00361,0.28684,1.28829,0.66528,12.849,1,0.397933,3.20738,0,80.047,5.91685,76.9396,0.84672,12.849,0.84672,3695.15,0,36.966,0.258351,6.07001,1.81878,10.5766,1.43611,16.7709,0.42336,36.966,0.42336,423.524,0,1.02816,0,0,7.09817,6.07001,1.028160,1,0,94.9988,0,0,0,94.9988,0
72.29,2.24041,0,0,4.67249,0.139584,2.29251,3.6288,61.308,0.428475,0,0,1.52992,0.281169,0.820279,0.66528,12.849,1,0.398215,2.29251,0,107.156,5.90385,103.146,0.84672,12.849,0.84672,3695.15,0,36.966,0.258351,4.34762,1.81913,6.97253,1.44194,11.439,0.42336,36.966,0.42336,423.524,0,1.02816,0,0,5.37578,4.34762,1.028160,1,0,115.406,0,0,0,115.406,0
72.29,2.18259,0,0,6.9094,0.17448,4.55233,3.6288,61.308,0.381192,0,0,2.20952,0.245369,1.58296,0.66528,12.849,1,0.387939,4.55233,0,119.575,5.65032,118.089,0.84672,12.849,0.84672,3695.15,0,36.966,0.229842,5.6696,1.81948,12.2329,1.41244,18.0797,0.42336,36.966,0.42336,423.524,0,1.02816,0,0,6.69776,5.6696,1.028160,1,0,137.752,0,0,0,137.752,0
72.29,2.1198,0,0,5.44361,0.218926,3.10488,3.6288,61.308,0.428455,0,0,1.35355,0.18614,0.738952,0.66528,12.849,1,0.376778,3.10488,0,135.065,4.20821,133.585,0.84672,12.849,0.84672,3695.15,0,36.966,0.258339,3.55138,1.74816,11.7742,1.06784,15.7475,0.42336,36.966,0.42336,423.524,0,1.02816,0,0,4.57954,3.55138,1.028160,1,0,150.071,0,0,0,150.071,0
72.29,2.12133,0,0,8.71589,0.23544,6.35912,3.6288,61.308,0.428455,0,0,2.01703,0.17649,1.41209,0.66528,12.849,1,0.377051,6.35912,0,154.27,3.98979,156.262,0.84672,12.849,0.84672,3695.15,0,36.966,0.258339,5.15806,1.79283,14.9018,1.01847,20.5759,0.42336,36.966,0.42336,423.524,0,1.02816,0,0,6.18622,5.15806,1.028160,1,0,178.25,0,0,0,178.25,0
72.29,2.12287,0,0,6.96194,0.23544,4.60363,3.6288,61.308,0.428455,0,0,1.77373,0.17649,1.16878,0.66528,12.849,1,0.377323,4.60363,0,154.217,3.98979,154.454,0.84672,12.849,0.84672,3695.15,0,36.966,0.258339,4.61105,1.79317,12.427,1.01847,17.5544,0.42336,36.966,0.42336,423.524,0,1.02816,0,0,5.63921,4.61105,1.028160,1,0,173.177,0,0,0,173.177,0
72.29,1.95541,0,0,6.21413,0.242908,4.01581,3.6288,61.308,0.329809,0,0,1.3109,0.168679,0.812416,0.66528,12.849,1,0.347559,4.01581,0,149.381,3.86,149.19,0.84672,12.849,0.84672,3695.15,0,36.966,0.19886,2.93313,1.79351,11.7142,0.921864,15.3201,0.42336,36.966,0.42336,423.524,0,1.02816,0,0,3.96129,2.93313,1.028160,1,0,165.322,0,0,0,165.322,0
72.29,1.82261,0,0,9.03053,0.233911,6.97401,3.6288,61.308,0.428413,0,0,2.6236,0.164954,2.03023,0.66528,12.849,1,0.323955,6.97401,0,186.161,3.13267,189.678,0.84672,12.849,0.84672,3695.15,0,36.966,0.258314,3.50996,1.63438,14.4908,0.655154,18.7217,0.42336,36.966,0.42336,423.524,0,1.02816,0,0,4.53812,3.50996,1.028160,1,0,210.43,0,0,0,210.43,0
72.29,1.82402,0,0,9.37924,0.273472,7.28175,3.6288,61.308,0.428413,0,0,2.70074,0.210046,2.06229,0.66528,12.849,1,0.324205,7.28175,0,169.261,4.09689,172.122,0.84672,12.849,0.84672,3695.15,0,36.966,0.258314,3.54835,1.72719,13.3665,0.927073,17.4566,0.42336,36.966,0.42336,423.524,0,1.02816,0,0,4.57651,3.54835,1.028160,1,0,191.641,0,0,0,191.641,0
72.29,1.82542,0,0,8.23582,0.273472,6.13693,3.6288,61.308,0.428413,0,0,2.41153,0.210046,1.77308,0.66528,12.849,1,0.324455,6.13693,0,157.705,4.09689,159.421,0.84672,12.849,0.84672,3695.15,0,36.966,0.258314,3.49516,1.7275,14.3342,0.927073,18.3714,0.42336,36.966,0.42336,423.524,0,1.02816,0,0,4.52332,3.49516,1.028160,1,0,179.565,0,0,0,179.565,0
72.29,1.82683,0,0,7.58964,0.273472,5.48933,3.6288,61.308,0.428413,0,0,2.23987,0.210046,1.60141,0.66528,12.849,1,0.324705,5.48933,0,157.136,4.09689,158.203,0.84672,12.849,0.84672,3695.15,0,36.966,0.258314,3.06494,1.72781,15.4973,0.928401,19.1033,0.42336,36.966,0.42336,423.524,0,1.02816,0,0,4.0931,3.06494,1.028160,1,0,178.908,0,0,0,178.908,0
72.29,1.89336,0,0,6.28814,0.286518,4.10827,3.6288,61.308,0.457031,0,0,1.4876,0.234772,0.795792,0.66528,12.849,1,0.33653,4.10827,0,126.607,4.15773,126.221,0.84672,12.849,0.84672,3695.15,0,36.966,0.27557,4.45277,1.72812,10.4171,1.03255,15.2899,0.42336,36.966,0.42336,423.524,0,1.02816,0,0,5.48093,4.45277,1.028160,1,0,142.307,0,0,0,142.307,0
72.29,1.93371,0,0,7.06544,0.288692,4.84303,3.6288,61.308,0.428414,0,0,2.3355,0.238893,1.66819,0.66528,12.849,1,0.343703,4.84303,0,191.354,4.16787,191.685,0.84672,12.849,0.84672,3695.15,0,36.966,0.258315,10.0223,1.77824,16.8219,1.05013,27.314,0.42336,36.966,0.42336,423.524,0,1.02816,0,0,11.0505,10.0223,1.028160,1,0,220.667,0,0,0,220.667,0
72.29,1.93512,0,0,5.74616,0.288692,3.52235,3.6288,61.308,0.428414,0,0,2.69367,0.238893,2.02636,0.66528,12.849,1,0.343953,3.52235,0,168.973,4.16787,167.984,0.84672,12.849,0.84672,3695.15,0,36.966,0.258315,5.41238,1.75171,10.2844,1.05013,16.14,0.42336,36.966,0.42336,423.524,0,1.02816,0,0,6.44054,5.41238,1.028160,1,0,186.15,0,0,0,186.15,0
72.29,1.93653,0,0,6.14662,0.287808,3.92228,3.6288,61.308,0.428414,0,0,1.41575,0.21821,0.769127,0.66528,12.849,1,0.344203,3.92228,0,157.632,3.90081,157.309,0.84672,12.849,0.84672,3695.15,0,36.966,0.258315,4.29662,1.75202,7.81369,0.993768,12.6102,0.42336,36.966,0.42336,423.524,0,1.02816,0,0,5.32478,4.29662,1.028160,1,0,170.688,0,0,0,170.688,0
72.29,2.14745,0,0,5.03035,0.315002,2.5679,3.6288,61.308,0.536053,0,0,1.26237,0.193915,0.532398,0.66528,12.849,1,0.381693,2.5679,0,135.882,3.47331,134.595,0.84672,12.849,0.84672,3695.15,0,36.966,0.323216,3.9712,1.75233,8.04495,0.896223,12.549,0.42336,36.966,0.42336,423.524,0,1.02816,0,0,4.99936,3.9712,1.028160,1,0,147.676,0,0,0,147.676,0
72.29,2.29545,0,0,5.27386,0.352145,2.62626,3.6288,61.308,0.428459,0,0,1.81368,0.182205,1.20302,0.66528,12.849,1,0.407998,2.62626,0,115.905,3.17037,114.953,0.84672,12.849,0.84672,3695.15,0,36.966,0.258342,4.66035,1.93219,9.26163,0.822522,14.7733,0.42336,36.966,0.42336,423.524,0,1.02816,0,0,5.68851,4.66035,1.028160,1,0,130.929,0,0,0,130.929,0
72.29,2.297,0,0,4.33867,0.336562,1.70511,3.6288,61.308,0.428459,0,0,1.45576,0.215402,0.8119,0.66528,12.849,1,0.408275,1.70511,0,148.143,3.95661,145.483,0.84672,12.849,0.84672,3695.15,0,36.966,0.258342,3.73283,1.8316,9.88755,1.0685,14.1251,0.42336,36.966,0.42336,423.524,0,1.02816,0,0,4.76099,3.73283,1.028160,1,0,160.42,0,0,0,160.42,0
72.29,2.29856,0,0,3.70694,0.333279,1.0751,3.6288,61.308,0.428459,0,0,1.10363,0.200742,0.474426,0.66528,12.849,1,0.408551,1.0751,0,98.5703,3.55394,95.6829,0.84672,12.849,0.84672,3695.15,0,36.966,0.258342,3.03516,1.83195,6.69078,0.894985,10.4046,0.42336,36.966,0.42336,423.524,0,1.02816,0,0,4.06332,3.03516,1.028160,1,0,106.562,0,0,0,106.562,0
72.29,2.00079,0,0,5.5782,0.32186,3.25555,3.6288,61.308,0.283766,0,0,1.16325,0.188338,0.691149,0.66528,12.849,1,0.355625,3.25555,0,117.762,3.42964,117.233,0.84672,12.849,0.84672,3695.15,0,36.966,0.171098,3.21805,1.83229,6.46409,0.862567,10.4808,0.42336,36.966,0.42336,423.524,0,1.02816,0,0,4.24621,3.21805,1.028160,1,0,128.405,0,0,0,128.405,0
72.29,1.80622,0,0,6.17846,0.306636,4.0656,3.6288,61.308,0.427712,0,0,1.2891,0.171799,0.689589,0.66528,12.849,1,0.321042,4.0656,0,104.736,3.26393,105.216,0.84672,12.849,0.84672,3695.15,0,36.966,0.257891,3.76515,1.58738,7.41276,0.819343,11.688,0.42336,36.966,0.42336,423.524,0,1.02816,0,0,4.79331,3.76515,1.028160,1,0,117.594,0,0,0,117.594,0
72.29,1.80708,0,0,4.80379,0.306636,2.69008,3.6288,61.308,0.428077,0,0,1.17317,0.171799,0.573289,0.66528,12.849,1,0.321194,2.69008,0,94.6728,3.26393,93.7778,0.84672,12.849,0.84672,3695.15,0,36.966,0.258112,3.89107,1.7227,5.84786,0.819343,10.3842,0.42336,36.966,0.42336,423.524,0,1.02816,0,0,4.91923,3.89107,1.028160,1,0,104.735,0,0,0,104.735,0
72.29,1.80799,0,0,5.78513,0.306636,3.6705,3.6288,61.308,0.428399,0,0,1.12881,0.171799,0.528608,0.66528,12.849,1,0.321357,3.6705,0,98.5625,3.26393,98.6478,0.84672,12.849,0.84672,3695.15,0,36.966,0.258306,3.11952,1.72334,7.21022,0.819343,10.9754,0.42336,36.966,0.42336,423.524,0,1.02816,0,0,4.14768,3.11952,1.028160,1,0,110.152,0,0,0,110.152,0
72.29,1.80934,0,0,5.17775,0.270703,3.09771,3.6288,61.308,0.4284,0,0,1.10636,0.184333,0.493631,0.66528,12.849,1,0.321597,3.09771,0,102.451,3.81457,101.413,0.84672,12.849,0.84672,3695.15,0,36.966,0.258306,4.01871,1.72394,5.9363,0.962701,10.4579,0.42336,36.966,0.42336,423.524,0,1.02816,0,0,5.04687,4.01871,1.028160,1,0,112.365,0,0,0,112.365,0
72.29,1.8862,0,0,5.99025,0.28479,3.81926,3.6288,61.308,0.46387,0,0,3.00528,0.146165,2.39524,0.66528,12.849,1,0.335257,3.81926,0,122.898,3.29994,123.082,0.84672,12.849,0.84672,3695.15,0,36.966,0.279693,5.87387,1.72424,9.29242,0.882161,15.7287,0.42336,36.966,0.42336,423.524,0,1.02816,0,0,6.90203,5.87387,1.028160,1,0,141.206,0,0,0,141.206,0
72.29,1.93586,0,0,4.54771,0.28479,2.32706,3.6288,61.308,0.428414,0,0,2.44907,0.146165,1.87449,0.66528,12.849,1,0.344084,2.32706,0,83.5782,3.29994,82.2612,0.84672,12.849,0.84672,3695.15,0,36.966,0.258315,4.34472,1.78513,6.70436,0.882161,11.6937,0.42336,36.966,0.42336,423.524,0,1.02816,0,0,5.37288,4.34472,1.028160,1,0,95.8294,0,0,0,95.8294,0
72.29,1.93726,0,0,4.08929,0.28479,1.86724,3.6288,61.308,0.428414,0,0,2.20354,0.146165,1.62896,0.66528,12.849,1,0.344334,1.86724,0,69.6902,3.29994,67.9132,0.84672,12.849,0.84672,3695.15,0,36.966,0.258315,3.80711,1.75218,5.52537,0.882161,9.94419,0.42336,36.966,0.42336,423.524,0,1.02816,0,0,4.83527,3.80711,1.028160,1,0,79.4864,0,0,0,79.4864,0
72.29,1.93867,0,0,4.16001,0.259075,1.96227,3.6288,61.308,0.428415,0,0,2.25313,0.149516,1.6752,0.66528,12.849,1,0.344584,1.96227,0,81.0821,3.09467,79.6051,0.84672,12.849,0.84672,3695.15,0,36.966,0.258315,4.96083,1.7525,5.92028,0.962798,11.4125,0.42336,36.966,0.42336,423.524,0,1.02816,0,0,5.98899,4.96083,1.028160,1,0,92.6928,0,0,0,92.6928,0
72.29,1.91051,0,0,3.64843,0.258394,1.47953,3.6288,61.308,0.414615,0,0,1.61563,0.153399,1.04762,0.66528,12.849,1,0.339578,1.47953,0,65.7119,3.61267,63.2391,0.84672,12.849,0.84672,3695.15,0,36.966,0.249995,2.95269,1.75281,4.64751,0.973658,8.12935,0.42336,36.966,0.42336,423.524,0,1.02816,0,0,3.98085,2.95269,1.028160,1,0,72.4161,0,0,0,72.4161,0
72.29,1.89312,0,0,3.07759,0.253616,0.93086,3.6288,61.308,0.428409,0,0,1.10205,0.177262,0.49638,0.66528,12.849,1,0.336487,0.93086,0,52.7975,4.10165,49.2902,0.84672,12.849,0.84672,3695.15,0,36.966,0.258312,1.51993,1.7295,3.72153,0.985582,5.72706,0.42336,36.966,0.42336,423.524,0,1.02816,0,0,2.54809,1.51993,1.028160,1,0,55.5137,0,0,0,55.5137,0
72.29,1.8945,0,0,2.85053,0.183393,0.772638,3.6288,61.308,0.428409,0,0,1.00425,0.20996,0.365881,0.66528,12.849,1,0.336734,0.772638,0,48.4486,4.38994,44.4946,0.84672,12.849,0.84672,3695.15,0,36.966,0.258312,1.32901,1.74274,3.51104,1.0028,5.32169,0.42336,36.966,0.42336,423.524,0,1.02816,0,0,2.35717,1.32901,1.028160,1,0,50.1822,0,0,0,50.1822,0
72.29,1.89589,0,0,2.78525,0.183393,0.705968,3.6288,61.308,0.428409,0,0,1.12708,0.20996,0.488715,0.66528,12.849,1,0.33698,0.705968,0,47.0372,4.38994,43.0162,0.84672,12.849,0.84672,3695.15,0,36.966,0.258312,1.66268,1.74305,4.1797,1.0028,6.32432,0.42336,36.966,0.42336,423.524,0,1.02816,0,0,2.69084,1.66268,1.028160,1,0,49.8293,0,0,0,49.8293,0
72.29,1.99781,0,0,2.71496,0.18563,0.531511,3.6288,61.308,0.477426,0,0,1.08737,0.196769,0.413174,0.66528,12.849,1,0.355096,0.531511,0,46.2285,4.14275,42.2622,0.84672,12.849,0.84672,3695.15,0,36.966,0.287867,1.2858,1.74336,3.46703,0.952043,5.25629,0.42336,36.966,0.42336,423.524,0,1.02816,0,0,2.31396,1.2858,1.028160,1,0,47.9316,0,0,0,47.9316,0
72.1605,2.06596,0,0,2.49051,0.191222,0.36288,3.6288,61.308,0.42843,0,0,0.893354,0.163791,0.301132,0.66528,12.849,1,0.367208,0.36288,0,45.1011,3.52475,41.572,0.84672,12.849,0.84672,3695.15,0,36.966,0.258324,1.21522,1.82656,3.30742,0.825158,5.26571,0.42336,36.966,0.42336,423.524,0,1.02816,0,0,2.24338,1.21522,1.028160,1,0,47.1388,0,0,0,47.1388,0
71.9329,2.06685,0,0,2.39322,0.191034,0.36288,3.6288,61.308,0.42843,0,0,0.910067,0.163791,0.317846,0.66528,12.849,1,0.368027,0.36288,0,42.5177,3.52475,38.9878,0.84672,12.849,0.84672,3695.15,0,36.966,0.258324,1.10356,1.78092,3.29795,0.825158,5.09894,0.42336,36.966,0.42336,423.524,0,1.02816,0,0,2.13172,1.10356,1.028160,1,0,44.4046,0,0,0,44.4046,0
71.5545,2.06732,0,0,2.24248,0.190704,0.36288,3.6288,61.308,0.42843,0,0,0.846972,0.163791,0.254751,0.66528,12.849,1,0.369275,0.36288,0,39.8308,3.52475,36.2997,0.84672,12.849,0.84672,3695.15,0,36.966,0.258324,0.958375,1.78124,3.05775,0.825158,4.71388,0.42336,36.966,0.42336,423.524,0,1.02816,0,0,1.98653,0.958375,1.028160,1,0,41.2683,0,0,0,41.2683,0
71.1129,2.06712,0,0,2.11926,0.130872,0.36288,3.6288,61.308,0.42843,0,0,0.806713,0.214305,0.163979,0.66528,12.849,1,0.371192,0.36288,0,37.5703,4.69321,32.8687,0.84672,12.849,0.84672,3695.15,0,36.966,0.258324,1.02171,1.78156,2.92907,0.991043,4.48298,0.42336,36.966,0.42336,423.524,0,1.02816,0,0,2.04987,1.02171,1.028160,1,0,37.5157,0,0,0,37.5157,0
70.3936,2.04675,0,0,1.80167,0.111265,0.36288,3.6288,61.258,0.455426,0,0,0.662971,0.257532,0,0.66528,12.849,1,0.369816,0.36288,0,27.9291,5.32066,22.6015,0.84672,12.849,0.84672,3695.15,0,36.966,0.274602,1.07053,1.78188,1.93089,1.24483,3.26387,0.42336,36.966,0.42336,423.524,0,1.02816,0,0,2.09869,1.07053,1.028160,1,0,25.8653,0,0,0,25.8653,0
69.5334,2.08159,0,0,1.6949,0.110652,0.36288,3.6288,61.1976,0.42831,0,0,0.625393,0.257451,0,0.66528,12.849,1,0.379955,0.36288,0,27.7222,5.32066,22.3845,0.84672,12.849,0.84672,3695.15,0,36.966,0.258463,0.931427,1.81124,2.0181,1.24483,3.25747,0.42336,36.966,0.42336,423.524,0,1.02816,0,0,1.95959,0.931427,1.028160,1,0,25.6419,0,0,0,25.6419,0
68.5249,2.07908,0,0,1.54332,0.109919,0.36288,3.6288,61.1312,0.428151,0,0,0.619068,0.257352,0,0.66528,12.849,1,0.384191,0.36288,0,27.508,5.32066,22.1661,0.84672,12.849,0.84672,3695.15,0,36.966,0.258622,0.934209,1.78625,1.94231,1.24483,3.15932,0.42336,36.966,0.42336,423.524,0,1.02816,0,0,1.96237,0.934209,1.028160,1,0,25.3254,0,0,0,25.3254,0
67.3735,2.07578,0,0,1.39636,0.10906,0.36288,3.6288,61.0205,0.427976,0,0,0.574512,0.257244,0,0.66528,12.849,1,0.389226,0.36288,0,24.7024,5.32066,19.3554,0.84672,12.849,0.84672,3695.15,0,36.966,0.258797,0.690794,1.78657,1.86285,1.24483,2.83659,0.42336,36.966,0.42336,423.524,0,1.02816,0,0,1.71895,0.690794,1.028160,1,0,22.1919,0,0,0,22.1919,0
66.1982,2.12261,0,0,1.39354,0.083335,0.36288,3.6288,60.8183,0.451741,0,0,0.564071,0.314525,0,0.66528,12.849,1,0.40481,0.36288,0,24.4819,5.83469,18.6053,0.84672,12.849,0.84672,3695.15,0,36.966,0.273663,0.738539,1.7869,1.67178,1.50996,2.41359,0.42336,36.966,0.42336,423.524,0,1.02816,0,0,1.7667,0.738539,1.028160,1,0,21.0188,0,0,0,21.0188,0
65.0144,2.15041,0,0,1.40956,0.0800674,0.36288,3.6288,60.6438,0.427158,0,0,0.571562,0.318891,0,0.66528,12.849,1,0.417393,0.36288,0,23.4164,5.72617,17.6357,0.84672,12.849,0.84672,3695.15,0,36.966,0.259631,0.801101,1.82844,1.59563,1.52848,2.43706,0.42336,36.966,0.42336,423.524,0,1.02816,0,0,1.82926,0.801101,1.028160,1,0,20.0728,0,0,0,20.0728,0
63.6743,2.14555,0,0,1.24763,0.0793133,0.36288,3.6288,60.4351,0.426694,0,0,0.536471,0.318538,0,0.66528,12.849,1,0.424031,0.36288,0,22.1047,5.72617,16.3174,0.84672,12.849,0.84672,3695.15,0,36.966,0.260095,0.707677,1.80618,1.59652,1.52848,2.32179,0.42336,36.966,0.42336,423.524,0,1.02816,0,0,1.73584,0.707677,1.028160,1,0,18.6392,0,0,0,18.6392,0
62.2341,2.13959,0,0,1.1407,0.0784597,0.36288,3.6288,60.209,0.426137,0,0,0.518213,0.318116,0,0.66528,12.849,1,0.431754,0.36288,0,20.7588,5.72617,14.9638,0.84672,12.849,0.84672,3695.15,0,36.966,0.260653,0.571182,1.80651,1.52116,1.52848,2.10971,0.42336,36.966,0.42336,423.524,0,1.02816,0,0,1.59934,0.571182,1.028160,1,0,17.0735,0,0,0,17.0735,0
60.5314,2.28035,0,0,1.00723,0.0666281,0.36288,3.6288,59.8805,0.512067,0,0,0.503657,0.320158,0,0.66528,12.849,1,0.470806,0.36288,0,19.2054,5.87415,13.2233,0.84672,12.849,0.84672,3695.15,0,36.966,0.314389,0.521225,1.80684,1.53216,1.53431,2.01152,0.42336,36.966,0.42336,423.524,0,1.02816,0,0,1.54939,0.521225,1.028160,1,0,15.2349,0,0,0,15.2349,0
58.8091,2.34689,0,0,1.05651,0.0690379,0.36288,3.6288,59.532,0.454115,0,0,0.409023,0.303407,0,0.66528,12.849,1,0.498173,0.36288,0,16.0072,5.59272,10.2792,0.84672,12.849,0.84672,3695.15,0,36.966,0.280339,0.422427,1.94844,1.29974,1.46355,1.92672,0.42336,36.966,0.42336,423.524,0,1.02816,0,0,1.45059,0.422427,1.028160,1,0,12.2059,0,0,0,12.2059,0
57.2019,2.33588,0,0,1.15947,0.0679244,0.36288,3.6288,59.2807,0.453551,0,0,0.505077,0.302732,0,0.66528,12.849,1,0.510357,0.36288,0,20.5866,5.59272,14.8464,0.84672,12.849,0.84672,3695.15,0,36.966,0.28163,0.774049,1.89496,1.41787,1.46355,2.3417,0.42336,36.966,0.42336,423.524,0,1.02816,0,0,1.80221,0.774049,1.028160,1,0,17.1881,0,0,0,17.1881,0
55.3785,2.32513,0,0,0.931461,0.0668683,0.36288,3.6288,58.8906,0.453264,0,0,0.365323,0.302246,0,0.66528,12.849,1,0.522282,0.36288,0,20.1163,5.59272,14.3642,0.84672,12.849,0.84672,3695.15,0,36.966,0.282644,0.223033,1.89574,1.13823,1.46355,1.51081,0.42336,36.966,0.42336,423.524,0,1.02816,0,0,1.25119,0.223033,1.028160,1,0,15.875,0,0,0,15.875,0
53.7979,2.31212,0,0,1.16004,0.0656702,0.36288,3.6288,58.7609,0.452561,0,0,0.624402,0.301491,0,0.66528,12.849,1,0.536462,0.36288,0,18.3727,5.59272,12.6064,0.84672,12.849,0.84672,3695.15,0,36.966,0.284076,1.33862,1.89652,1.75993,1.46355,3.24745,0.42336,36.966,0.42336,423.524,0,1.02816,0,0,2.36678,1.33862,1.028160,1,0,15.8538,0,0,0,15.8538,0
53.0509,2.23016,0,0,1.92388,0.0778468,0.36288,3.6288,58.7361,0.400479,0,0,0.646616,0.270934,0,0.66528,12.849,1,0.532648,0.36288,0,27.9561,5.39045,22.3959,0.84672,12.849,0.84672,3695.15,0,36.966,0.251938,1.25165,1.89731,1.8066,1.22042,3.4832,0.42336,36.966,0.42336,423.524,0,1.02816,0,0,2.27981,1.25165,1.028160,1,0,25.8791,0,0,0,25.8791,0
52.1542,2.19791,0,0,1.77923,0.115137,0.36288,3.6288,58.7738,0.421524,0,0,0.704894,0.245671,0,0.66528,12.849,1,0.532337,0.36288,0,24.127,4.3166,19.641,0.84672,12.849,0.84672,3695.15,0,36.966,0.265289,1.04023,1.81616,2.10996,0.887731,3.81334,0.42336,36.966,0.42336,423.524,0,1.02816,0,0,2.06839,1.04023,1.028160,1,0,23.4543,0,0,0,23.4543,0
51.5347,2.19204,0,0,2.05807,0.122615,0.36288,3.6288,59.3721,0.421629,0,0,1.26352,0.243619,0,0.66528,12.849,1,0.540043,0.36288,0,27.8011,4.25722,23.3667,0.84672,12.849,0.84672,3695.15,0,36.966,0.265185,2.39362,1.83664,3.05209,0.880449,6.13671,0.42336,36.966,0.42336,423.524,0,1.02816,0,0,3.42178,2.39362,1.028160,1,0,29.5034,0,0,0,29.5034,0
50.8444,2.18831,0,0,1.98271,0.12183,0.36288,3.6288,59.8646,0.423276,0,0,1.16033,0.244556,0,0.66528,12.849,1,0.545604,0.36288,0,26.6636,4.25722,22.2237,0.84672,12.849,0.84672,3695.15,0,36.966,0.263538,2.2964,1.83698,2.61793,0.880449,5.60732,0.42336,36.966,0.42336,423.524,0,1.02816,0,0,3.32456,2.2964,1.028160,1,0,27.831,0,0,0,27.831,0
49.8615,2.12679,0,0,1.59382,0.087027,0.36288,3.6288,60.082,0.376733,0,0,0.836371,0.242242,0,0.66528,12.849,1,0.537466,0.36288,0,19.5483,4.0648,15.3089,0.84672,12.849,0.84672,3695.15,0,36.966,0.23263,1.49117,1.83732,2.30157,0.872939,4.5245,0.42336,36.966,0.42336,423.524,0,1.02816,0,0,2.51933,1.49117,1.028160,1,0,19.8334,0,0,0,19.8334,0
49.3108,2.05822,0,0,1.99041,0.120037,0.36288,3.6288,59.8845,0.425184,0,0,0.456031,0.228325,0,0.66528,12.849,1,0.530391,0.36288,0,23.1483,3.90559,19.0752,0.84672,12.849,0.84672,3695.15,0,36.966,0.261598,0.560572,1.76443,2.40231,0.986937,3.47878,0.42336,36.966,0.42336,423.524,0,1.02816,0,0,1.58873,0.560572,1.028160,1,0,22.554,0,0,0,22.554,0
48.3987,2.05493,0,0,1.65635,0.150621,0.36288,3.6288,59.4572,0.522478,0,0,0.319185,0.223989,0,0.66528,12.849,1,0.535457,0.36288,0,18.8067,3.94453,14.6896,0.84672,12.849,0.84672,3695.15,0,36.966,0.32252,0.292723,1.81007,2.00569,1.03654,2.74943,0.42336,36.966,0.42336,423.524,0,0.869944,0,0,1.16267,0.292723,1.028160,1,0,17.439,0,0,0,17.439,0
48.3316,2.04836,0,0,2.49324,0.149143,0.36288,3.6288,59.5833,0.423489,0,0,0.77295,0.223378,0,0.66528,12.849,1,0.543803,0.36288,0,29.3268,3.94453,25.2014,0.84672,12.849,0.84672,3695.15,0,36.966,0.263293,2.3323,1.8104,4.06687,1.03654,6.90974,0.42336,36.966,0.42336,423.524,0,1.02816,0,0,3.36046,2.3323,1.028160,1,0,32.1111,0,0,0,32.1111,0
52.0388,1.88851,0,0,6.11804,0.159414,0.36288,3.6288,60.8445,0.324121,0,0,1.80345,0.218159,0,0.66528,12.849,1,0.502062,0.36288,0,78.5784,3.96031,74.4789,0.84672,12.849,0.84672,3695.15,0,36.966,0.201088,4.69793,1.81074,6.15334,1.02891,11.432,0.42336,36.966,0.42336,423.524,0,1.02816,0,0,5.72609,4.69793,1.028160,1,0,85.9109,0,0,0,85.9109,0
54.2481,1.78897,0,0,4.59168,0.230566,0.36288,3.6288,61.308,0.427182,0,0,1.23799,0.187257,0.160022,0.66528,12.849,1,0.441718,0.36288,0,53.8732,4.05499,49.7393,0.84672,12.849,0.84672,3695.15,0,36.966,0.259534,3.17625,1.64813,3.28554,0.983152,6.86723,0.42336,36.966,0.42336,423.524,0,1.02816,0,0,4.20441,3.17625,1.028160,1,0,56.7666,0,0,0,56.7666,0
55.5592,1.80483,0,0,3.71462,0.235839,0.36288,3.6288,61.308,0.428406,0,0,0.993529,0.187808,0.377315,0.66528,12.849,1,0.427485,0.36288,0,36.5345,4.05499,32.4149,0.84672,12.849,0.84672,3695.15,0,36.966,0.25831,2.50868,1.74294,3.80115,0.983152,6.81131,0.42336,36.966,0.42336,423.524,0,1.02816,0,0,3.53684,2.50868,1.028160,1,0,39.6035,0,0,0,39.6035,0
56.013,1.81434,0,0,2.86561,0.234536,0.36288,3.6288,61.308,0.428406,0,0,1.17455,0.202292,0.543851,0.66528,12.849,1,0.419597,0.36288,0,45.6369,4.55197,41.0282,0.84672,12.849,0.84672,3695.15,0,36.966,0.25831,3.44349,1.74325,7.1582,1.09821,10.9884,0.42336,36.966,0.42336,423.524,0,1.02816,0,0,4.47165,3.44349,1.028160,1,0,52.5605,0,0,0,52.5605,0
58.0317,1.81843,0,0,4.42962,0.229663,0.36288,3.6288,61.308,0.428406,0,0,1.31341,0.221604,0.663397,0.66528,12.849,1,0.417135,0.36288,0,69.1007,5.21462,63.8319,0.84672,12.849,0.84672,3695.15,0,36.966,0.25831,3.15485,1.74355,4.18729,1.25162,7.57577,0.42336,36.966,0.42336,423.524,0,1.02816,0,0,4.18301,3.15485,1.028160,1,0,72.071,0,0,0,72.071,0
58.643,1.89579,0,0,3.13597,0.265979,0.36288,3.6288,61.308,0.457646,0,0,0.967262,0.214063,0.295553,0.66528,12.849,1,0.419755,0.36288,0,85.0349,4.82169,80.1563,0.84672,12.849,0.84672,3695.15,0,36.966,0.27594,2.00057,1.74386,3.97983,1.17071,6.27762,0.42336,36.966,0.42336,423.524,0,1.02816,0,0,3.02873,2.00057,1.028160,1,0,86.7295,0,0,0,86.7295,0
64.7951,1.93916,0,0,8.7162,0.261999,0.36288,3.6288,61.308,0.428406,0,0,1.26781,0.195546,0.643863,0.66528,12.849,1,0.424881,0.36288,0,107.269,4.12857,103.078,0.84672,12.849,0.84672,3695.15,0,36.966,0.25831,2.66274,1.79506,7.7041,1.07139,10.8322,0.42336,36.966,0.42336,423.524,0,1.02816,0,0,3.6909,2.66274,1.028160,1,0,114.555,0,0,0,114.555,0
69.7757,1.97418,0,0,7.58608,0.26847,0.36288,3.6288,61.308,0.428406,0,0,1.16204,0.189345,0.544289,0.66528,12.849,1,0.391484,0.36288,0,194.333,3.91419,190.391,0.84672,12.849,0.84672,3695.15,0,36.966,0.25831,3.19556,1.76793,6.11681,1.04461,9.77739,0.42336,36.966,0.42336,423.524,0,1.02816,0,0,4.22372,3.19556,1.028160,1,0,200.712,0,0,0,200.712,0
72.29,1.99915,0,0,5.49043,0.279228,0.697731,3.6288,61.308,0.428406,0,0,1.60596,0.189345,0.988206,0.66528,12.849,1,0.368138,0.697731,0,113.664,3.91419,110.08,0.84672,12.849,0.84672,3695.15,0,36.966,0.25831,4.29214,1.76824,7.34697,1.04461,12.1044,0.42336,36.966,0.42336,423.524,0,1.02816,0,0,5.3203,4.29214,1.028160,1,0,123.172,0,0,0,123.172,0
72.29,2.22545,0,0,5.23073,0.286612,2.71866,3.6288,61.308,0.538375,0,0,1.25663,0.201722,0.516536,0.66528,12.849,1,0.395557,2.71866,0,131.771,4.04031,130.054,0.84672,12.849,0.84672,3695.15,0,36.966,0.324616,3.21032,1.76854,6.03386,1.06663,9.62149,0.42336,36.966,0.42336,423.524,0,1.02816,0,0,4.23848,3.21032,1.028160,1,0,140.192,0,0,0,140.192,0
72.29,2.37659,0,0,5.9786,0.291495,3.31052,3.6288,61.308,0.42845,0,0,1.11552,0.232664,0.454405,0.66528,12.849,1,0.42242,3.31052,0,124.205,4.35561,122.738,0.84672,12.849,0.84672,3695.15,0,36.966,0.258336,2.73672,1.95228,6.39265,1.12167,9.70165,0.42336,36.966,0.42336,423.524,0,1.02816,0,0,3.76488,2.73672,1.028160,1,0,132.894,0,0,0,132.894,0
72.29,2.37811,0,0,5.22092,0.291495,2.55131,3.6288,61.308,0.42845,0,0,1.05672,0.232664,0.395603,0.66528,12.849,1,0.422691,2.55131,0,126.533,4.35561,124.306,0.84672,12.849,0.84672,3695.15,0,36.966,0.258336,2.35673,1.8495,5.22998,1.12167,8.05621,0.42336,36.966,0.42336,423.524,0,1.02816,0,0,3.38489,2.35673,1.028160,1,0,132.758,0,0,0,132.758,0
72.29,2.37963,0,0,5.12078,0.311012,2.43013,3.6288,61.308,0.42845,0,0,1.01002,0.186613,0.394961,0.66528,12.849,1,0.422962,2.43013,0,150.379,3.74377,148.643,0.84672,12.849,0.84672,3695.15,0,36.966,0.258336,2.22331,1.84984,4.97534,0.991412,7.79875,0.42336,36.966,0.42336,423.524,0,1.02816,0,0,3.25147,2.22331,1.028160,1,0,156.836,0,0,0,156.836,0
72.29,2.07537,0,0,7.26024,0.313743,4.87112,3.6288,61.308,0.280636,0,0,1.68516,0.18719,1.21734,0.66528,12.849,1,0.368882,4.87112,0,149.812,3.80185,150.512,0.84672,12.849,0.84672,3695.15,0,36.966,0.169211,3.60929,1.85017,7.14143,0.9655,11.4662,0.42336,36.966,0.42336,423.524,0,1.02816,0,0,4.63745,3.60929,1.028160,1,0,163.195,0,0,0,163.195,0
72.29,1.87559,0,0,5.26141,0.320572,3.06524,3.6288,61.308,0.428392,0,0,1.64244,0.188632,1.02542,0.66528,12.849,1,0.333373,3.06524,0,99.0161,3.94705,97.8009,0.84672,12.849,0.84672,3695.15,0,36.966,0.258301,3.76022,1.59996,7.03858,0.900718,11.2397,0.42336,36.966,0.42336,423.524,0,1.02816,0,0,4.78838,3.76022,1.028160,1,0,110.066,0,0,0,110.066,0
72.29,1.87692,0,0,4.3007,0.320572,2.10321,3.6288,61.308,0.428392,0,0,1.37299,0.188632,0.755968,0.66528,12.849,1,0.333608,2.10321,0,85.9879,3.94705,83.8104,0.84672,12.849,0.84672,3695.15,0,36.966,0.258301,2.75543,1.73886,5.34439,0.900718,8.67965,0.42336,36.966,0.42336,423.524,0,1.02816,0,0,3.78359,2.75543,1.028160,1,0,93.246,0,0,0,93.246,0
72.29,1.87824,0,0,5.37341,0.320572,3.1746,3.6288,61.308,0.428392,0,0,1.80349,0.188632,1.18646,0.66528,12.849,1,0.333843,3.1746,0,113.988,3.94705,112.881,0.84672,12.849,0.84672,3695.15,0,36.966,0.258301,3.83137,1.73915,6.07948,0.900718,10.491,0.42336,36.966,0.42336,423.524,0,1.02816,0,0,4.85953,3.83137,1.028160,1,0,124.559,0,0,0,124.559,0
72.29,1.87957,0,0,7.22434,0.317158,5.02761,3.6288,61.308,0.428392,0,0,2.25727,0.159997,1.66889,0.66528,12.849,1,0.334079,5.02761,0,177.756,3.49878,178.951,0.84672,12.849,0.84672,3695.15,0,36.966,0.258301,5.95181,1.73944,9.19714,0.823943,15.8061,0.42336,36.966,0.42336,423.524,0,1.02816,0,0,6.97997,5.95181,1.028160,1,0,196.426,0,0,0,196.426,0
72.29,1.95802,0,0,4.43367,0.34638,2.12927,3.6288,61.308,0.464625,0,0,1.0718,0.155516,0.451656,0.66528,12.849,1,0.348023,2.12927,0,101.472,3.07944,100.174,0.84672,12.849,0.84672,3695.15,0,36.966,0.280148,2.05355,1.73973,3.82801,0.704386,6.63676,0.42336,36.966,0.42336,423.524,0,1.02816,0,0,3.08171,2.05355,1.028160,1,0,107.262,0,0,0,107.262,0
72.29,2.00869,0,0,4.65564,0.351478,2.29547,3.6288,61.308,0.428407,0,0,1.63636,0.156679,1.05128,0.66528,12.849,1,0.357029,2.29547,0,96.5668,3.03944,95.4658,0.84672,12.849,0.84672,3695.15,0,36.966,0.25831,4.74277,1.80192,5.19723,0.689579,10.794,0.42336,36.966,0.42336,423.524,0,1.02816,0,0,5.77093,4.74277,1.028160,1,0,107.311,0,0,0,107.311,0
72.29,2.01006,0,0,4.15772,0.338815,1.80884,3.6288,61.308,0.428407,0,0,1.47351,0.163351,0.881752,0.66528,12.849,1,0.357274,1.80884,0,98.0364,3.16238,96.3256,0.84672,12.849,0.84672,3695.15,0,36.966,0.25831,3.13477,1.76825,4.41886,0.712347,8.35123,0.42336,36.966,0.42336,423.524,0,1.02816,0,0,4.16293,3.13477,1.028160,1,0,105.559,0,0,0,105.559,0
72.29,2.01144,0,0,3.26781,0.273893,0.98248,3.6288,61.308,0.428407,0,0,1.02103,0.174565,0.418059,0.66528,12.849,1,0.357518,0.98248,0,54.0528,3.67574,51.002,0.84672,12.849,0.84672,3695.15,0,36.966,0.25831,1.85216,1.76855,3.20529,0.723561,5.84413,0.42336,36.966,0.42336,423.524,0,1.02816,0,0,2.88032,1.85216,1.028160,1,0,57.2642,0,0,0,57.2642,0
72.29,1.98261,0,0,3.18133,0.296667,0.902046,3.6288,61.308,0.414312,0,0,0.906028,0.142303,0.349413,0.66528,12.849,1,0.352394,0.902046,0,56.3761,3.10259,53.8232,0.84672,12.849,0.84672,3695.15,0,36.966,0.249812,1.691,1.76886,3.45083,0.692765,5.96812,0.42336,36.966,0.42336,423.524,0,1.02816,0,0,2.71916,1.691,1.028160,1,0,60.1407,0,0,0,60.1407,0
72.29,1.96479,0,0,3.32733,0.279479,1.08306,3.6288,61.308,0.428401,0,0,0.814251,0.125835,0.260014,0.66528,12.849,1,0.349227,1.08306,0,60.2413,2.41063,58.5645,0.84672,12.849,0.84672,3695.15,0,36.966,0.258307,1.69809,1.74504,3.02419,0.744703,5.46431,0.42336,36.966,0.42336,423.524,0,1.02816,0,0,2.72625,1.69809,1.028160,1,0,64.2888,0,0,0,64.2888,0
72.29,1.96615,0,0,2.90145,0.224623,0.710675,3.6288,61.308,0.428401,0,0,0.780534,0.185039,0.167094,0.66528,12.849,1,0.349469,0.710675,0,51.4993,3.1751,48.6854,0.84672,12.849,0.84672,3695.15,0,36.966,0.258307,1.3256,1.75855,2.6363,0.958563,4.50358,0.42336,36.966,0.42336,423.524,0,1.02816,0,0,2.35376,1.3256,1.028160,1,0,53.3561,0,0,0,53.3561,0
72.29,1.96751,0,0,2.71252,0.224623,0.520386,3.6288,61.308,0.428401,0,0,0.822452,0.185039,0.209012,0.66528,12.849,1,0.34971,0.520386,0,49.7623,3.1751,46.7578,0.84672,12.849,0.84672,3695.15,0,36.966,0.258307,1.71464,1.75885,2.6867,0.958563,4.94333,0.42336,36.966,0.42336,423.524,0,1.02816,0,0,2.7428,1.71464,1.028160,1,0,51.9102,0,0,0,51.9102,0
72.29,2.07155,0,0,2.73637,0.220809,0.444004,3.6288,61.308,0.478465,0,0,0.76803,0.184756,0.10481,0.66528,12.849,1,0.368203,0.444004,0,53.7391,3.3028,50.5121,0.84672,12.849,0.84672,3695.15,0,36.966,0.288493,1.48427,1.75915,2.65884,0.94964,4.66413,0.42336,36.966,0.42336,423.524,0,1.02816,0,0,2.51243,1.48427,1.028160,1,0,55.281,0,0,0,55.281,0
72.29,2.14109,0,0,2.90677,0.197927,0.567756,3.6288,61.308,0.428421,0,0,0.76364,0.183057,0.152161,0.66528,12.849,1,0.380562,0.567756,0,53.4798,4.06907,49.5979,0.84672,12.849,0.84672,3695.15,0,36.966,0.258319,1.42968,1.84412,2.91992,0.896099,5.0393,0.42336,36.966,0.42336,423.524,0,1.02816,0,0,2.45784,1.42968,1.028160,1,0,54.7894,0,0,0,54.7894,0
72.0962,2.14252,0,0,2.50949,0.197927,0.36288,3.6288,61.308,0.428422,0,0,0.673583,0.183057,0.0621045,0.66528,12.849,1,0.380816,0.36288,0,49.1454,4.06907,45.0584,0.84672,12.849,0.84672,3695.15,0,36.966,0.258319,1.25956,1.79749,2.76172,0.896099,4.66435,0.42336,36.966,0.42336,423.524,0,1.02816,0,0,2.28772,1.25956,1.028160,1,0,49.7848,0,0,0,49.7848,0
71.6526,2.14307,0,0,2.26001,0.197636,0.36288,3.6288,61.2699,0.428422,0,0,0.573356,0.183057,0,0.66528,12.849,1,0.381939,0.36288,0,46.0318,4.06907,41.9437,0.84672,12.849,0.84672,3695.15,0,36.966,0.258319,1.02838,1.7978,2.675,0.896099,4.34677,0.42336,36.966,0.42336,423.524,0,1.02816,0,0,2.05654,1.02838,1.028160,1,0,46.2905,0,0,0,46.2905,0
71.0491,2.14249,0,0,2.07993,0.178061,0.36288,3.6288,61.208,0.428322,0,0,0.569177,0.202764,0,0.66528,12.849,1,0.3842,0.36288,0,43.0478,4.46032,38.5661,0.84672,12.849,0.84672,3695.15,0,36.966,0.25842,1.08494,1.79812,2.63603,1.00287,4.25781,0.42336,36.966,0.42336,423.524,0,1.02816,0,0,2.1131,1.08494,1.028160,1,0,42.8239,0,0,0,42.8239,0
70.632,2.12086,0,0,2.19156,0.124932,0.36288,3.6288,61.0923,0.455712,0,0,0.524538,0.1845,0,0.66528,12.849,1,0.383551,0.36288,0,38.618,4.26633,34.3309,0.84672,12.849,0.84672,3695.15,0,36.966,0.275223,0.827453,1.79844,2.3488,1.02175,3.67772,0.42336,36.966,0.42336,423.524,0,1.02816,0,0,1.85561,0.827453,1.028160,1,0,38.0087,0,0,0,38.0087,0
70.016,2.15775,0,0,2.02281,0.118187,0.36288,3.6288,60.9876,0.427865,0,0,0.502091,0.178871,0,0.66528,12.849,1,0.392527,0.36288,0,36.9124,4.18509,32.6977,0.84672,12.849,0.84672,3695.15,0,36.966,0.258894,0.653633,1.8284,2.20695,1.01155,3.41855,0.42336,36.966,0.42336,423.524,0,1.02816,0,0,1.68179,0.653633,1.028160,1,0,36.1162,0,0,0,36.1162,0
69.2407,2.15626,0,0,1.85219,0.108272,0.36288,3.6288,60.8373,0.427588,0,0,0.477877,0.200646,0,0.66528,12.849,1,0.395707,0.36288,0,32.5522,4.46739,28.052,0.84672,12.849,0.84672,3695.15,0,36.966,0.259171,0.584634,1.80287,2.14328,1.11459,3.15702,0.42336,36.966,0.42336,423.524,0,1.02816,0,0,1.61279,0.584634,1.028160,1,0,31.209,0,0,0,31.209,0
68.3882,2.15395,0,0,1.74862,0.0843737,0.36288,3.6288,60.6009,0.42719,0,0,0.445959,0.255137,0,0.66528,12.849,1,0.399709,0.36288,0,28.9526,5.17314,23.7426,0.84672,12.849,0.84672,3695.15,0,36.966,0.259569,0.556416,1.80319,2.0444,1.3722,2.77223,0.42336,36.966,0.42336,423.524,0,1.02816,0,0,1.58458,0.556416,1.028160,1,0,26.5148,0,0,0,26.5148,0
67.4391,2.20336,0,0,1.6976,0.0803643,0.36288,3.6288,60.3054,0.451064,0,0,0.423776,0.26821,0,0.66528,12.849,1,0.413974,0.36288,0,29.8051,5.47397,24.28,0.84672,12.849,0.84672,3695.15,0,36.966,0.275145,0.515428,1.8035,2.02256,1.44185,2.6245,0.42336,36.966,0.42336,423.524,0,1.02816,0,0,1.54359,0.515428,1.028160,1,0,26.9045,0,0,0,26.9045,0
66.5897,2.23304,0,0,1.82166,0.0752013,0.36288,3.6288,60.0087,0.42578,0,0,0.414663,0.285613,0,0.66528,12.849,1,0.425456,0.36288,0,30.2009,5.87506,24.2632,0.84672,12.849,0.84672,3695.15,0,36.966,0.260995,0.515419,1.84591,2.06741,1.53471,2.63304,0.42336,36.966,0.42336,423.524,0,1.02816,0,0,1.54358,0.515419,1.028160,1,0,26.8963,0,0,0,26.8963,0
65.5886,2.22994,0,0,1.66645,0.0746981,0.36288,3.6288,59.6884,0.424982,0,0,0.389749,0.285073,0,0.66528,12.849,1,0.430285,0.36288,0,28.3956,5.87506,22.4531,0.84672,12.849,0.84672,3695.15,0,36.966,0.261793,0.486441,1.82316,2.10433,1.53471,2.61743,0.42336,36.966,0.42336,423.524,0,1.02816,0,0,1.5146,0.486441,1.028160,1,0,25.0706,0,0,0,25.0706,0
64.4346,2.2259,0,0,1.50889,0.0741051,0.36288,3.6288,59.3522,0.424114,0,0,0.372377,0.284491,0,0.66528,12.849,1,0.436061,0.36288,0,26.743,5.87506,20.7948,0.84672,12.849,0.84672,3695.15,0,36.966,0.262661,0.332044,1.82349,1.95657,1.53471,2.31473,0.42336,36.966,0.42336,423.524,0,1.02816,0,0,1.3602,0.332044,1.028160,1,0,23.1095,0,0,0,23.1095,0
62.9593,2.37241,0,0,1.31956,0.0595938,0.36288,3.6288,58.9193,0.511079,0,0,0.36974,0.291554,0,0.66528,12.849,1,0.473086,0.36288,0,25.4652,6.09939,19.2556,0.84672,12.849,0.84672,3695.15,0,36.966,0.318313,0.310314,1.82381,1.97751,1.57953,2.2138,0.42336,36.966,0.42336,423.524,0,1.02816,0,0,1.33847,0.310314,1.028160,1,0,21.4694,0,0,0,21.4694,0
61.8305,2.4127,0,0,1.71197,0.0651906,0.36288,3.6288,58.5153,0.474161,0,0,0.386619,0.316406,0,0.66528,12.849,1,0.492395,0.36288,0,29.9651,6.55967,23.2759,0.84672,12.849,0.84672,3695.15,0,36.966,0.297489,0.779579,1.96839,2.10949,1.57742,2.98255,0.42336,36.966,0.42336,423.524,0,1.02816,0,0,1.80774,0.779579,1.028160,1,0,26.2584,0,0,0,26.2584,0
60.4066,2.40621,0,0,1.40978,0.0645897,0.36288,3.6288,58.0629,0.473339,0,0,0.336508,0.315586,0,0.66528,12.849,1,0.500035,0.36288,0,37.2,6.55967,30.5032,0.84672,12.849,0.84672,3695.15,0,36.966,0.299023,0.569169,1.93495,1.88198,1.57742,2.50966,0.42336,36.966,0.42336,423.524,0,1.02816,0,0,1.59733,0.569169,1.028160,1,0,33.0129,0,0,0,33.0129,0
59.142,2.39744,0,0,1.55957,0.0638317,0.36288,3.6288,57.7381,0.472351,0,0,0.462252,0.314667,0,0.66528,12.849,1,0.509957,0.36288,0,31.8939,6.55967,25.1871,0.84672,12.849,0.84672,3695.15,0,36.966,0.300724,1.06288,1.93571,2.24901,1.57742,3.36946,0.42336,36.966,0.42336,423.524,0,1.02816,0,0,2.09104,1.06288,1.028160,1,0,28.5566,0,0,0,28.5566,0
57.7728,2.38943,0,0,1.44846,0.0653507,0.36288,3.6288,57.3374,0.471754,0,0,0.371538,0.300529,0,0.66528,12.849,1,0.51912,0.36288,0,30.599,6.18997,24.2528,0.84672,12.849,0.84672,3695.15,0,36.966,0.302034,0.897212,1.93648,2.55519,1.43351,3.65334,0.42336,36.966,0.42336,423.524,0,1.02816,0,0,1.92537,0.897212,1.028160,1,0,27.9061,0,0,0,27.9061,0
56.5936,2.30768,0,0,1.54462,0.0532637,0.36288,3.6288,57.0018,0.418169,0,0,0.43703,0.354442,0,0.66528,12.849,1,0.513241,0.36288,0,25.1064,6.7515,18.2045,0.84672,12.849,0.84672,3695.15,0,36.966,0.269598,1.07863,1.93725,2.83617,1.42693,4.15552,0.42336,36.966,0.42336,423.524,0,1.02816,0,0,2.10679,1.07863,1.028160,1,0,22.36,0,0,0,22.36,0
55.4425,2.29988,0,0,1.60134,0.0896826,0.36288,3.6288,56.6951,0.417618,0,0,0.466213,0.355349,0,0.66528,12.849,1,0.522163,0.36288,0,22.1525,7.06972,14.9235,0.84672,12.849,0.84672,3695.15,0,36.966,0.270828,1.09448,1.85437,2.39016,1.47338,3.59479,0.42336,36.966,0.42336,423.524,0,1.02816,0,0,2.12264,1.09448,1.028160,1,0,18.5183,0,0,0,18.5183,0
55.0833,2.29198,0,0,2.40163,0.105941,0.36288,3.6288,56.4732,0.417142,0,0,0.53657,0.341242,0,0.66528,12.849,1,0.531175,0.36288,0,26.9786,6.9593,19.851,0.84672,12.849,0.84672,3695.15,0,36.966,0.271983,1.61299,1.8551,2.54228,1.43545,4.30293,0.42336,36.966,0.42336,423.524,0,1.02816,0,0,2.64115,1.61299,1.028160,1,0,24.1539,0,0,0,24.1539,0
55.5674,2.29008,0,0,3.24261,0.105561,0.36288,3.6288,56.5827,0.416907,0,0,0.867081,0.340749,0,0.66528,12.849,1,0.534194,0.36288,0,53.8365,6.9593,46.7059,0.84672,12.849,0.84672,3695.15,0,36.966,0.272897,3.26621,1.85583,4.00465,1.43545,7.41835,0.42336,36.966,0.42336,423.524,0,1.02816,0,0,4.29437,3.26621,1.028160,1,0,54.1243,0,0,0,54.1243,0
55.8005,2.23548,0,0,2.95321,0.121818,0.36288,3.6288,56.6497,0.369809,0,0,0.750825,0.313969,0,0.66528,12.849,1,0.516917,0.36288,0,83.5263,5.94444,77.4278,0.84672,12.849,0.84672,3695.15,0,36.966,0.2416,2.76152,1.85657,3.50408,1.30741,6.57316,0.42336,36.966,0.42336,423.524,0,1.02816,0,0,3.78968,2.76152,1.028160,1,0,84.0009,0,0,0,84.0009,0
56.7766,2.1774,0,0,3.68079,0.164358,0.36288,3.6288,56.7518,0.415584,0,0,0.797195,0.279502,0,0.66528,12.849,1,0.501382,0.36288,0,125.249,4.09584,121.015,0.84672,12.849,0.84672,3695.15,0,36.966,0.271184,2.80355,1.78253,5.10852,1.09039,8.33303,0.42336,36.966,0.42336,423.524,0,1.02816,0,0,3.83171,2.80355,1.028160,1,0,129.348,0,0,0,129.348,0
57.2717,2.18584,0,0,3.25327,0.209491,0.36288,3.6288,56.6214,0.41588,0,0,0.57545,0.289985,0,0.66528,12.849,1,0.494673,0.36288,0,48.435,4.57811,43.7251,0.84672,12.849,0.84672,3695.15,0,36.966,0.270888,1.35444,1.82696,3.38904,1.18302,5.11653,0.42336,36.966,0.42336,423.524,0,1.02816,0,0,2.3826,1.35444,1.028160,1,0,48.8416,0,0,0,48.8416,0
58.5706,2.19075,0,0,4.06308,0.210514,0.36288,3.6288,56.5919,0.415502,0,0,0.675698,0.289739,0,0.66528,12.849,1,0.491499,0.36288,0,37.2012,4.57811,32.4944,0.84672,12.849,0.84672,3695.15,0,36.966,0.271266,2.46599,1.82728,3.59745,1.18302,6.43645,0.42336,36.966,0.42336,423.524,0,1.02816,0,0,3.49415,2.46599,1.028160,1,0,38.9309,0,0,0,38.9309,0
59.6278,2.03085,0,0,3.66412,0.213199,0.36288,3.6288,56.668,0.315641,0,0,0.681478,0.289684,0,0.66528,12.849,1,0.445521,0.36288,0,45.3801,4.57811,40.7194,0.84672,12.849,0.84672,3695.15,0,36.966,0.206178,1.97613,1.82761,3.96419,1.18302,6.37874,0.42336,36.966,0.42336,423.524,0,1.02816,0,0,3.00429,1.97613,1.028160,1,0,47.0981,0,0,0,47.0981,0
63.8258,1.90301,0,0,6.70715,0.243279,0.36288,3.6288,57.0032,0.415598,0,0,1.00854,0.257736,0,0.66528,12.849,1,0.410073,0.36288,0,162.668,4.75904,157.862,0.84672,12.849,0.84672,3695.15,0,36.966,0.271105,2.7696,1.66159,6.31328,1.03927,9.4341,0.42336,36.966,0.42336,423.524,0,1.02816,0,0,3.79776,2.7696,1.028160,1,0,167.296,0,0,0,167.296,0
71.3745,1.92678,0,0,10.0943,0.255901,0.36288,3.6288,58.6308,0.416565,0,0,2.28021,0.236029,0,0.66528,12.849,1,0.387888,0.36288,0,153.524,4.27949,149.22,0.84672,12.849,0.84672,3695.15,0,36.966,0.270138,5.48197,1.75837,9.33234,0.959406,15.3431,0.42336,36.966,0.42336,423.524,0,1.02816,0,0,6.51013,5.48197,1.028160,1,0,164.563,0,0,0,164.563,0
72.29,1.9629,0,0,7.67975,0.271564,4.5298,3.6288,60.424,0.421165,0,0,2.45284,0.238525,0,0.66528,12.849,1,0.353365,4.5298,0,182.164,4.27949,182.061,0.84672,12.849,0.84672,3695.15,0,36.966,0.265539,5.33361,1.75867,9.00616,0.959406,14.8735,0.42336,36.966,0.42336,423.524,0,1.02816,0,0,6.36177,5.33361,1.028160,1,0,196.934,0,0,0,196.934,0
72.29,1.96805,0,0,8.85159,0.273463,6.61008,3.6288,61.308,0.426054,0,0,2.32592,0.241276,0.774577,0.66528,12.849,1,0.349806,6.61008,0,274.798,4.27949,276.779,0.84672,12.849,0.84672,3695.15,0,36.966,0.26065,5.49,1.75897,11.6217,0.959406,17.6506,0.42336,36.966,0.42336,423.524,0,1.02816,0,0,6.51816,5.49,1.028160,1,0,295.204,0,0,0,295.204,0
72.29,2.03732,0,0,7.75183,0.279399,5.43511,3.6288,61.308,0.458246,0,0,1.57419,0.231014,0.884934,0.66528,12.849,1,0.362118,5.43511,0,215.817,4.60006,216.29,0.84672,12.849,0.84672,3695.15,0,36.966,0.276302,4.62451,1.75927,10.066,1.11626,15.0572,0.42336,36.966,0.42336,423.524,0,1.02816,0,0,5.65267,4.62451,1.028160,1,0,232.232,0,0,0,232.232,0
72.29,2.07929,0,0,6.71737,0.28385,4.35423,3.6288,61.308,0.428398,0,0,1.59603,0.2223,0.945331,0.66528,12.849,1,0.369578,4.35423,0,168.994,4.8405,168.138,0.84672,12.849,0.84672,3695.15,0,36.966,0.258305,6.57423,1.81152,11.6383,1.23391,18.5318,0.42336,36.966,0.42336,423.524,0,1.02816,0,0,7.60239,6.57423,1.028160,1,0,187.615,0,0,0,187.615,0
72.29,2.08064,0,0,8.25794,0.28385,5.89345,3.6288,61.308,0.428398,0,0,1.68353,0.2223,1.03283,0.66528,12.849,1,0.369817,5.89345,0,220.235,4.8405,220.918,0.84672,12.849,0.84672,3695.15,0,36.966,0.258305,6.68687,1.78382,11.7415,1.23391,18.72,0.42336,36.966,0.42336,423.524,0,1.02816,0,0,7.71503,6.68687,1.028160,1,0,240.671,0,0,0,240.671,0
72.29,2.08198,0,0,6.08367,0.28385,3.71783,3.6288,61.308,0.428398,0,0,1.64064,0.2223,0.98994,0.66528,12.849,1,0.370057,3.71783,0,179.617,4.8405,178.124,0.84672,12.849,0.84672,3695.15,0,36.966,0.258305,6.15932,1.78412,11.3616,1.23391,17.8128,0.42336,36.966,0.42336,423.524,0,1.02816,0,0,7.18748,6.15932,1.028160,1,0,196.927,0,0,0,196.927,0
72.29,2.30182,0,0,6.72986,0.259459,4.16858,3.6288,61.308,0.540648,0,0,1.82612,0.1788,1.10667,0.66528,12.849,1,0.409131,4.16858,0,184.569,3.69531,184.633,0.84672,12.849,0.84672,3695.15,0,36.966,0.325987,5.9381,1.78442,9.28745,0.918367,15.7656,0.42336,36.966,0.42336,423.524,0,1.02816,0,0,6.96626,5.9381,1.028160,1,0,201.505,0,0,0,201.505,0
72.29,2.45603,0,0,5.01345,0.3103,2.24712,3.6288,61.308,0.428441,0,0,1.27226,0.198991,0.644831,0.66528,12.849,1,0.43654,2.24712,0,166.868,3.88143,164.797,0.84672,12.849,0.84672,3695.15,0,36.966,0.258331,2.89488,1.97195,5.83584,1.0285,9.41584,0.42336,36.966,0.42336,423.524,0,1.02816,0,0,3.92304,2.89488,1.028160,1,0,174.858,0,0,0,174.858,0
72.29,2.45752,0,0,7.85137,0.299911,5.09394,3.6288,61.308,0.428441,0,0,2.10437,0.221122,1.45481,0.66528,12.849,1,0.436805,5.09394,0,204.027,4.40559,204.278,0.84672,12.849,0.84672,3695.15,0,36.966,0.258331,4.79116,1.86702,10.8384,1.19248,16.0458,0.42336,36.966,0.42336,423.524,0,1.02816,0,0,5.81932,4.79116,1.028160,1,0,221.779,0,0,0,221.779,0
72.29,2.45901,0,0,5.94574,0.297981,3.18875,3.6288,61.308,0.428441,0,0,1.68729,0.200408,1.05844,0.66528,12.849,1,0.43707,3.18875,0,197.512,4.26193,196.002,0.84672,12.849,0.84672,3695.15,0,36.966,0.258331,4.17876,1.86735,8.92177,1.08002,13.6295,0.42336,36.966,0.42336,423.524,0,1.02816,0,0,5.20692,4.17876,1.028160,1,0,210.69,0,0,0,210.69,0
72.29,2.14839,0,0,5.47504,0.304787,3.02186,3.6288,61.308,0.277571,0,0,1.29016,0.186139,0.826448,0.66528,12.849,1,0.38186,3.02186,0,147.266,3.99273,145.913,0.84672,12.849,0.84672,3695.15,0,36.966,0.167363,3.02078,1.86768,6.10846,0.97171,9.85785,0.42336,36.966,0.42336,423.524,0,1.02816,0,0,4.04894,3.02078,1.028160,1,0,156.598,0,0,0,156.598,0
72.29,1.94442,0,0,4.40313,0.331548,2.12716,3.6288,61.308,0.428384,0,0,1.02748,0.190073,0.409027,0.66528,12.849,1,0.345606,2.12716,0,108.327,3.66576,106.443,0.84672,12.849,0.84672,3695.15,0,36.966,0.258296,2.51688,1.61228,5.57777,0.886916,8.56171,0.42336,36.966,0.42336,423.524,0,1.02816,0,0,3.54504,2.51688,1.028160,1,0,115.414,0,0,0,115.414,0
72.29,1.94572,0,0,3.58258,0.331548,1.30531,3.6288,61.308,0.428384,0,0,0.923555,0.190073,0.305098,0.66528,12.849,1,0.345836,1.30531,0,93.9496,3.66576,91.2433,0.84672,12.849,0.84672,3695.15,0,36.966,0.258296,1.85274,1.75404,4.30815,0.886916,6.76972,0.42336,36.966,0.42336,423.524,0,1.02816,0,0,2.8809,1.85274,1.028160,1,0,98.3182,0,0,0,98.3182,0
72.29,1.94701,0,0,4.8482,0.331548,2.56964,3.6288,61.308,0.428384,0,0,1.28686,0.190073,0.668398,0.66528,12.849,1,0.346066,2.56964,0,147.536,3.66576,146.094,0.84672,12.849,0.84672,3695.15,0,36.966,0.258296,3.22443,1.75432,5.41415,0.886916,9.24769,0.42336,36.966,0.42336,423.524,0,1.02816,0,0,4.25259,3.22443,1.028160,1,0,156.01,0,0,0,156.01,0
72.29,1.9483,0,0,6.05196,0.32745,3.7762,3.6288,61.308,0.428384,0,0,1.41121,0.155711,0.82712,0.66528,12.849,1,0.346296,3.7762,0,193.294,3.12783,193.596,0.84672,12.849,0.84672,3695.15,0,36.966,0.258296,3.97564,1.75461,7.19576,0.794786,11.8729,0.42336,36.966,0.42336,423.524,0,1.02816,0,0,5.0038,3.97564,1.028160,1,0,206.296,0,0,0,206.296,0
72.29,2.02831,0,0,6.52434,0.315112,4.18092,3.6288,61.308,0.465363,0,0,1.32443,0.153867,0.7052,0.66528,12.849,1,0.360517,4.18092,0,150.807,3.34672,151.281,0.84672,12.849,0.84672,3695.15,0,36.966,0.280593,3.1726,1.75489,7.48632,0.83542,11.2978,0.42336,36.966,0.42336,423.524,0,1.02816,0,0,4.20076,3.1726,1.028160,1,0,163.284,0,0,0,163.284,0
72.29,2.07997,0,0,5.69494,0.310449,3.30453,3.6288,61.308,0.428398,0,0,1.56272,0.15542,0.978899,0.66528,12.849,1,0.369698,3.30453,0,141.833,3.47015,141.298,0.84672,12.849,0.84672,3695.15,0,36.966,0.258305,3.78732,1.81835,11.0213,0.857816,15.5109,0.42336,36.966,0.42336,423.524,0,1.02816,0,0,4.81548,3.78732,1.028160,1,0,157.788,0,0,0,157.788,0
72.29,2.08131,0,0,4.47307,0.310449,2.08131,3.6288,61.308,0.428398,0,0,1.30141,0.15542,0.717594,0.66528,12.849,1,0.369937,2.08131,0,165.87,3.47015,164.111,0.84672,12.849,0.84672,3695.15,0,36.966,0.258305,3.93327,1.78397,8.13064,0.857816,12.7318,0.42336,36.966,0.42336,423.524,0,1.02816,0,0,4.96143,3.93327,1.028160,1,0,177.56,0,0,0,177.56,0
72.29,2.08266,0,0,3.44435,0.28396,1.07774,3.6288,61.308,0.428398,0,0,0.912731,0.117887,0.366446,0.66528,12.849,1,0.370176,1.07774,0,117.102,2.30255,115.507,0.84672,12.849,0.84672,3695.15,0,36.966,0.258305,2.6437,1.78427,6.30815,0.712297,9.76552,0.42336,36.966,0.42336,423.524,0,1.02816,0,0,3.67186,2.6437,1.028160,1,0,125.639,0,0,0,125.639,0
72.29,2.05318,0,0,3.9266,0.217469,1.65596,3.6288,61.308,0.414014,0,0,1.04513,0.18471,0.446407,0.66528,12.849,1,0.364937,1.65596,0,114.89,3.37564,112.805,0.84672,12.849,0.84672,3695.15,0,36.966,0.249632,2.8383,1.78456,7.43831,0.924574,10.887,0.42336,36.966,0.42336,423.524,0,1.02816,0,0,3.86646,2.8383,1.028160,1,0,124.138,0,0,0,124.138,0
72.29,2.03494,0,0,3.40975,0.205809,1.16901,3.6288,61.308,0.428393,0,0,0.835822,0.205402,0.202026,0.66528,12.849,1,0.361694,1.16901,0,83.2749,4.07495,80.0073,0.84672,12.849,0.84672,3695.15,0,36.966,0.258302,1.98424,1.76024,4.21253,0.96272,6.73599,0.42336,36.966,0.42336,423.524,0,1.02816,0,0,3.0124,1.98424,1.028160,1,0,86.9453,0,0,0,86.9453,0
72.29,2.03626,0,0,2.84503,0.205809,0.60296,3.6288,61.308,0.428393,0,0,0.757559,0.205402,0.123763,0.66528,12.849,1,0.36193,0.60296,0,67.3419,4.07495,63.508,0.84672,12.849,0.84672,3695.15,0,36.966,0.258302,1.56632,1.77403,3.34789,0.96272,5.46721,0.42336,36.966,0.42336,423.524,0,1.02816,0,0,2.59448,1.56632,1.028160,1,0,69.0989,0,0,0,69.0989,0
72.2062,2.03759,0,0,2.52251,0.205809,0.36288,3.6288,61.308,0.428393,0,0,0.688109,0.205402,0.0543134,0.66528,12.849,1,0.362166,0.36288,0,58.3497,4.07495,54.2755,0.84672,12.849,0.84672,3695.15,0,36.966,0.258302,1.23728,1.77432,2.89514,0.96272,4.68572,0.42336,36.966,0.42336,423.524,0,1.02816,0,0,2.26544,1.23728,1.028160,1,0,59.0155,0,0,0,59.0155,0
71.7843,2.14333,0,0,2.28565,0.20136,0.36288,3.6288,61.2458,0.47948,0,0,0.616953,0.199713,0,0.66528,12.849,1,0.381402,0.36288,0,51.4101,3.95699,47.4346,0.84672,12.849,0.84672,3695.15,0,36.966,0.289105,1.03152,1.77461,2.64806,0.932802,4.23229,0.42336,36.966,0.42336,423.524,0,1.02816,0,0,2.05968,1.03152,1.028160,1,0,51.6669,0,0,0,51.6669,0
71.4265,2.21225,0,0,2.40601,0.188719,0.36288,3.6288,61.2867,0.428249,0,0,0.691696,0.222493,0,0.66528,12.849,1,0.39598,0.36288,0,59.1007,4.72182,54.3458,0.84672,12.849,0.84672,3695.15,0,36.966,0.258478,1.13501,1.8613,3.27605,1.02706,4.98683,0.42336,36.966,0.42336,423.524,0,1.02816,0,0,2.16317,1.13501,1.028160,1,0,59.3326,0,0,0,59.3326,0
70.8184,2.21196,0,0,2.10841,0.141677,0.36288,3.6288,61.1931,0.428357,0,0,0.55052,0.215805,0,0.66528,12.849,1,0.397912,0.36288,0,51.1597,4.5318,46.5929,0.84672,12.849,0.84672,3695.15,0,36.966,0.25837,1.0979,1.8137,2.9933,0.98984,4.65669,0.42336,36.966,0.42336,423.524,0,1.02816,0,0,2.12606,1.0979,1.028160,1,0,51.2495,0,0,0,51.2495,0
70.1292,2.21046,0,0,2.01768,0.133493,0.36288,3.6288,61.1263,0.42811,0,0,0.57884,0.217461,0,0.66528,12.849,1,0.401056,0.36288,0,48.068,4.58598,43.4439,0.84672,12.849,0.84672,3695.15,0,36.966,0.258616,1.086,1.81401,3.11841,0.97981,4.77999,0.42336,36.966,0.42336,423.524,0,1.02816,0,0,2.11416,1.086,1.028160,1,0,48.2239,0,0,0,48.2239,0
69.3526,2.20851,0,0,1.92753,0.132787,0.36288,3.6288,61.0623,0.427935,0,0,0.581282,0.217369,0,0.66528,12.849,1,0.404641,0.36288,0,45.1625,4.58598,40.5347,0.84672,12.849,0.84672,3695.15,0,36.966,0.258792,0.992874,1.81432,2.99857,0.97981,4.56716,0.42336,36.966,0.42336,423.524,0,1.02816,0,0,2.02103,0.992874,1.028160,1,0,45.1019,0,0,0,45.1019,0
68.8935,2.18545,0,0,2.20432,0.115036,0.36288,3.6288,60.9917,0.455855,0,0,0.604211,0.218931,0,0.66528,12.849,1,0.404899,0.36288,0,49.4979,4.33181,45.124,0.84672,12.849,0.84672,3695.15,0,36.966,0.275966,1.54606,1.81463,3.4757,0.956483,5.60393,0.42336,36.966,0.42336,423.524,0,1.02816,0,0,2.57422,1.54606,1.028160,1,0,50.728,0,0,0,50.728,0
68.3557,2.22256,0,0,2.1555,0.107868,0.36288,3.6288,60.9355,0.42759,0,0,0.590805,0.219493,0,0.66528,12.849,1,0.414518,0.36288,0,50.9827,4.23013,46.7009,0.84672,12.849,0.84672,3695.15,0,36.966,0.259155,1.43699,1.84519,3.52636,0.947152,5.60223,0.42336,36.966,0.42336,423.524,0,1.02816,0,0,2.46515,1.43699,1.028160,1,0,52.3031,0,0,0,52.3031,0
67.6472,2.2212,0,0,1.9737,0.0981787,0.36288,3.6288,60.829,0.427441,0,0,0.562298,0.241301,0,0.66528,12.849,1,0.417525,0.36288,0,44.9601,4.51244,40.3931,0.84672,12.849,0.84672,3695.15,0,36.966,0.259304,1.33584,1.81912,3.42463,1.0502,5.2701,0.42336,36.966,0.42336,423.524,0,1.02816,0,0,2.364,1.33584,1.028160,1,0,45.6632,0,0,0,45.6632,0
66.854,2.21891,0,0,1.86332,0.0746701,0.36288,3.6288,60.6308,0.427159,0,0,0.524745,0.295818,0,0.66528,12.849,1,0.421464,0.36288,0,39.9885,5.21818,34.7117,0.84672,12.849,0.84672,3695.15,0,36.966,0.259586,1.29451,1.81943,3.26665,1.30781,4.8132,0.42336,36.966,0.42336,423.524,0,1.02816,0,0,2.32267,1.29451,1.028160,1,0,39.5249,0,0,0,39.5249,0
65.7452,2.26915,0,0,1.60902,0.085805,0.36288,3.6288,60.356,0.451636,0,0,0.466659,0.289791,0,0.66528,12.849,1,0.436119,0.36288,0,36.7413,5.34104,31.3271,0.84672,12.849,0.84672,3695.15,0,36.966,0.275358,1.07664,1.81974,2.83914,1.31683,4.14333,0.42336,36.966,0.42336,423.524,0,1.02816,0,0,2.1048,1.07664,1.028160,1,0,35.4704,0,0,0,35.4704,0
64.5275,2.29807,0,0,1.52739,0.0841929,0.36288,3.6288,60.0869,0.425907,0,0,0.458416,0.301668,0,0.66528,12.849,1,0.449127,0.36288,0,31.5869,5.87595,25.6247,0.84672,12.849,0.84672,3695.15,0,36.966,0.260853,0.687433,1.863,2.202,1.47432,3.01727,0.42336,36.966,0.42336,423.524,0,1.02816,0,0,1.71559,0.687433,1.028160,1,0,28.642,0,0,0,28.642,0
63.3315,2.29241,0,0,1.53787,0.0784879,0.36288,3.6288,59.7917,0.425184,0,0,0.43558,0.30556,0,0.66528,12.849,1,0.456476,0.36288,0,41.3752,5.91392,35.3677,0.84672,12.849,0.84672,3695.15,0,36.966,0.261577,0.892391,1.83977,2.4239,1.4968,3.39769,0.42336,36.966,0.42336,423.524,0,1.02816,0,0,1.92055,0.892391,1.028160,1,0,38.7654,0,0,0,38.7654,0
62.0443,2.28666,0,0,1.43999,0.0777312,0.36288,3.6288,59.4674,0.424386,0,0,0.405073,0.304985,0,0.66528,12.849,1,0.463928,0.36288,0,33.2203,5.91392,27.2053,0.84672,12.849,0.84672,3695.15,0,36.966,0.262375,0.856768,1.84009,2.18496,1.4968,3.12264,0.42336,36.966,0.42336,423.524,0,1.02816,0,0,1.88493,0.856768,1.028160,1,0,30.328,0,0,0,30.328,0
60.4818,2.43374,0,0,1.31108,0.0769166,0.36288,3.6288,59.0344,0.513229,0,0,0.384554,0.304354,0,0.66528,12.849,1,0.504014,0.36288,0,30.2758,5.91392,24.2207,0.84672,12.849,0.84672,3695.15,0,36.966,0.319032,0.566724,1.84041,2.03808,1.4968,2.62937,0.42336,36.966,0.42336,423.524,0,1.02816,0,0,1.59488,0.566724,1.028160,1,0,26.8501,0,0,0,26.8501,0
58.6855,2.44449,0,0,1.09633,0.0852543,0.36288,3.6288,58.6565,0.496886,0,0,0.405757,0.286769,0,0.66528,12.849,1,0.519318,0.36288,0,26.9188,6.03406,20.7283,0.84672,12.849,0.84672,3695.15,0,36.966,0.311139,1.10565,1.9879,2.09381,1.47366,3.40257,0.42336,36.966,0.42336,423.524,0,1.02816,0,0,2.13381,1.10565,1.028160,1,0,24.1308,0,0,0,24.1308,0
56.7448,2.43237,0,0,0.939902,0.0853417,0.36288,3.6288,58.2335,0.496083,0,0,0.356377,0.28329,0,0.66528,12.849,1,0.532561,0.36288,0,23.8995,6.05409,17.6758,0.84672,12.849,0.84672,3695.15,0,36.966,0.312638,0.957424,1.97405,1.98583,1.4698,3.13487,0.42336,36.966,0.42336,423.524,0,1.02816,0,0,1.98558,0.957424,1.028160,1,0,20.8106,0,0,0,20.8106,0
54.8805,2.41844,0,0,1.00074,0.0837376,0.36288,3.6288,57.8093,0.49512,0,0,0.353463,0.28252,0,0.66528,12.849,1,0.547619,0.36288,0,22.3254,6.05409,16.0866,0.84672,12.849,0.84672,3695.15,0,36.966,0.314297,0.926744,1.9748,2.09297,1.4698,3.21042,0.42336,36.966,0.42336,423.524,0,1.02816,0,0,1.9549,0.926744,1.028160,1,0,19.297,0,0,0,19.297,0
53.5244,2.40428,0,0,1.50206,0.0909729,0.36288,3.6288,57.4564,0.494138,0,0,0.420868,0.279649,0,0.66528,12.849,1,0.562906,0.36288,0,32.9674,5.99472,26.7726,0.84672,12.849,0.84672,3695.15,0,36.966,0.315975,1.31302,1.97555,2.22423,1.46252,3.73431,0.42336,36.966,0.42336,423.524,0,1.02816,0,0,2.34118,1.31302,1.028160,1,0,30.5069,0,0,0,30.5069,0
52.3183,2.32065,0,0,1.59106,0.113696,0.36288,3.6288,57.2317,0.43954,0,0,0.488613,0.273763,0,0.66528,12.849,1,0.557092,0.36288,0,40.9694,5.87257,34.9026,0.84672,12.849,0.84672,3695.15,0,36.966,0.282789,1.163,1.9763,2.6611,1.42225,4.09536,0.42336,36.966,0.42336,423.524,0,1.02816,0,0,2.19116,1.163,1.028160,1,0,38.998,0,0,0,38.998,0
51.5708,2.31121,0,0,2.04064,0.114019,0.36288,3.6288,57.1947,0.439269,0,0,0.67562,0.273354,0,0.66528,12.849,1,0.567618,0.36288,0,29.2323,5.89228,23.1353,0.84672,12.849,0.84672,3695.15,0,36.966,0.283724,2.25492,1.89172,3.90353,1.4057,6.36074,0.42336,36.966,0.42336,423.524,0,1.02816,0,0,3.28308,2.25492,1.028160,1,0,29.496,0,0,0,29.496,0
50.0876,2.3055,0,0,1.29835,0.113139,0.36288,3.6288,56.957,0.43956,0,0,0.47515,0.273288,0,0.66528,12.849,1,0.574422,0.36288,0,44.617,5.89228,38.5132,0.84672,12.849,0.84672,3695.15,0,36.966,0.284096,1.61337,1.89243,2.67627,1.4057,4.49227,0.42336,36.966,0.42336,423.524,0,1.02816,0,0,2.64153,1.61337,1.028160,1,0,43.0055,0,0,0,43.0055,0
48.3851,2.29283,0,0,1.06461,0.111394,0.36288,3.6288,56.6788,0.439243,0,0,0.43389,0.272866,0,0.66528,12.849,1,0.588181,0.36288,0,25.8836,5.89228,19.766,0.84672,12.849,0.84672,3695.15,0,36.966,0.285076,0.793109,1.89315,1.91248,1.4057,2.90796,0.42336,36.966,0.42336,423.524,0,1.02816,0,0,1.82127,0.793109,1.028160,1,0,22.674,0,0,0,22.674,0
47.7734,2.21851,0,0,2.13093,0.161217,0.36288,3.6288,56.7445,0.389977,0,0,0.725993,0.27032,0,0.66528,12.849,1,0.589141,0.36288,0,57.5008,5.20755,52.0669,0.84672,12.849,0.84672,3695.15,0,36.966,0.254344,2.65448,1.89387,4.05881,1.28742,7.0654,0.42336,36.966,0.42336,423.524,0,1.02816,0,0,3.68264,2.65448,1.028160,1,0,59.1323,0,0,0,59.1323,0
48.3172,2.18047,0,0,3.25829,0.171221,0.36288,3.6288,57.5062,0.41585,0,0,1.42509,0.247479,0,0.66528,12.849,1,0.586451,0.36288,0,146.849,4.16409,142.461,0.84672,12.849,0.84672,3695.15,0,36.966,0.270904,5.65419,1.81831,8.53494,1.19832,14.5382,0.42336,36.966,0.42336,423.524,0,1.02816,0,0,6.68235,5.65419,1.028160,1,0,156.999,0,0,0,156.999,0
48.5772,2.18702,0,0,3.03534,0.225434,0.36288,3.6288,57.8751,0.418034,0,0,1.04945,0.262503,0,0.66528,12.849,1,0.581595,0.36288,0,67.9737,4.80711,62.9479,0.84672,12.849,0.84672,3695.15,0,36.966,0.26872,2.73936,1.84346,5.82936,1.32183,8.82163,0.42336,36.966,0.42336,423.524,0,1.02816,0,0,3.76752,2.73936,1.028160,1,0,71.7695,0,0,0,71.7695,0
49.3793,2.19082,0,0,3.5819,0.226071,0.36288,3.6288,58.3097,0.419079,0,0,1.11679,0.26313,0,0.66528,12.849,1,0.579488,0.36288,0,41.8742,4.80711,36.8505,0.84672,12.849,0.84672,3695.15,0,36.966,0.267674,4.35496,1.84378,5.77026,1.32183,10.3795,0.42336,36.966,0.42336,423.524,0,1.02816,0,0,5.38312,4.35496,1.028160,1,0,47.23,0,0,0,47.23,0
49.9948,2.0316,0,0,3.23798,0.228038,0.36288,3.6288,58.9455,0.31733,0,0,1.21694,0.263869,0,0.66528,12.849,1,0.528642,0.36288,0,50.1163,4.80711,45.1434,0.84672,12.849,0.84672,3695.15,0,36.966,0.201174,4.00536,1.8441,6.37622,1.32183,10.7027,0.42336,36.966,0.42336,423.524,0,1.02816,0,0,5.03352,4.00536,1.028160,1,0,55.8461,0,0,0,55.8461,0
51.7708,1.90421,0,0,4.27556,0.232399,0.36288,3.6288,59.1276,0.422028,0,0,0.856967,0.252803,0,0.66528,12.849,1,0.489396,0.36288,0,56.396,3.89352,52.376,0.84672,12.849,0.84672,3695.15,0,36.966,0.264663,2.59007,1.67474,5.93835,0.942572,8.99593,0.42336,36.966,0.42336,423.524,0,1.02816,0,0,3.61823,2.59007,1.028160,1,0,61.3719,0,0,0,61.3719,0
54.1608,1.91891,0,0,4.90902,0.23725,0.36288,3.6288,59.368,0.422529,0,0,0.91395,0.251072,0,0.66528,12.849,1,0.476254,0.36288,0,76.3128,3.74126,72.4582,0.84672,12.849,0.84672,3695.15,0,36.966,0.264161,1.97875,1.77346,4.67037,0.879362,7.27905,0.42336,36.966,0.42336,423.524,0,1.02816,0,0,3.00691,1.97875,1.028160,1,0,79.7372,0,0,0,79.7372,0
56.7903,1.93715,0,0,5.17267,0.243136,0.36288,3.6288,61.308,0.423188,0,0,3.19166,0.251459,0.576964,0.66528,12.849,1,0.459566,0.36288,0,104.715,3.74126,100.877,0.84672,12.849,0.84672,3695.15,0,36.966,0.263502,6.64362,1.77375,6.42779,0.879362,13.7023,0.42336,36.966,0.42336,423.524,0,1.02816,0,0,7.67178,6.64362,1.028160,1,0,115.156,0,0,0,115.156,0
58.4371,1.95577,0,0,4.24491,0.279536,0.36288,3.6288,61.308,0.42839,0,0,1.37024,0.251483,0.690366,0.66528,12.849,1,0.4425,0.36288,0,62.9771,4.24286,58.6547,0.84672,12.849,0.84672,3695.15,0,36.966,0.2583,3.19431,1.77404,3.72821,1.09023,7.34802,0.42336,36.966,0.42336,423.524,0,1.02816,0,0,4.22247,3.19431,1.028160,1,0,66.693,0,0,0,66.693,0
61.497,2.03415,0,0,5.72224,0.265265,0.36288,3.6288,61.308,0.458832,0,0,1.08406,0.239421,0.385804,0.66528,12.849,1,0.447264,0.36288,0,84.8597,4.23165,80.5437,0.84672,12.849,0.84672,3695.15,0,36.966,0.276656,3.20044,1.77433,4.99253,1.08838,8.60226,0.42336,36.966,0.42336,423.524,0,1.02816,0,0,4.2286,3.20044,1.028160,1,0,89.5318,0,0,0,89.5318,0
64.7224,2.0942,0,0,5.89821,0.215699,0.36288,3.6288,61.308,0.428389,0,0,0.96002,0.226435,0.305196,0.66528,12.849,1,0.437557,0.36288,0,119.549,3.72162,115.753,0.84672,12.849,0.84672,3695.15,0,36.966,0.258299,2.70834,1.82761,6.54615,0.875042,9.94875,0.42336,36.966,0.42336,423.524,0,1.02816,0,0,3.7365,2.70834,1.028160,1,0,126.007,0,0,0,126.007,0
67.9363,2.11369,0,0,5.91195,0.221449,0.36288,3.6288,61.308,0.428389,0,0,0.916272,0.226435,0.261448,0.66528,12.849,1,0.419619,0.36288,0,94.6382,3.71511,90.8664,0.84672,12.849,0.84672,3695.15,0,36.966,0.258299,2.67639,1.79934,6.55657,0.875042,9.89896,0.42336,36.966,0.42336,423.524,0,1.02816,0,0,3.70455,2.67639,1.028160,1,0,101.027,0,0,0,101.027,0
72.29,2.13168,0,0,7.56952,0.252102,0.832085,3.6288,61.308,0.428389,0,0,1.12993,0.218475,0.483062,0.66528,12.849,1,0.403172,0.832085,0,104.493,3.77078,101.151,0.84672,12.849,0.84672,3695.15,0,36.966,0.258299,3.37372,1.79963,7.7435,0.925707,11.7328,0.42336,36.966,0.42336,423.524,0,1.02816,0,0,4.40188,3.37372,1.028160,1,0,113.367,0,0,0,113.367,0
72.29,2.37644,0,0,5.58596,0.29508,2.91444,3.6288,61.308,0.542868,0,0,0.857195,0.207861,0.106467,0.66528,12.849,1,0.422395,2.91444,0,101.953,3.845,100.6,0.84672,12.849,0.84672,3695.15,0,36.966,0.327325,2.45598,1.79992,6.39094,0.99326,9.32626,0.42336,36.966,0.42336,423.524,0,1.02816,0,0,3.48414,2.45598,1.028160,1,0,110.033,0,0,0,110.033,0
72.29,2.50825,0,0,6.80298,0.241609,4.05312,3.6288,61.308,0.447092,0,0,1.12547,0.255229,0.423146,0.66528,12.849,1,0.445822,4.05312,0,115.724,4.19296,115.138,0.84672,12.849,0.84672,3695.15,0,36.966,0.269577,4.79101,1.99117,7.22276,1.27789,12.4575,0.42336,36.966,0.42336,423.524,0,1.02816,0,0,5.81917,4.79101,1.028160,1,0,128.019,0,0,0,128.019,0
72.29,2.50916,0,0,8.39488,0.241609,5.64411,3.6288,61.308,0.447489,0,0,1.4616,0.255229,0.75888,0.66528,12.849,1,0.445985,5.64411,0,144.134,4.19296,145.139,0.84672,12.849,0.84672,3695.15,0,36.966,0.269816,5.16565,1.90165,10.1978,1.27789,15.7174,0.42336,36.966,0.42336,423.524,0,1.02816,0,0,6.19381,5.16565,1.028160,1,0,161.616,0,0,0,161.616,0
72.29,2.51008,0,0,7.11787,0.245121,4.36267,3.6288,61.308,0.447885,0,0,1.1829,0.236934,0.498076,0.66528,12.849,1,0.446147,4.36267,0,144.46,4.00808,144.368,0.84672,12.849,0.84672,3695.15,0,36.966,0.270055,4.36321,1.90234,12.3398,1.22887,17.1064,0.42336,36.966,0.42336,423.524,0,1.02816,0,0,5.39137,4.36321,1.028160,1,0,161.973,0,0,0,161.973,0
72.29,2.19271,0,0,5.07817,0.253903,2.63156,3.6288,61.308,0.294427,0,0,0.920383,0.191198,0.434758,0.66528,12.849,1,0.389737,2.63156,0,133.252,3.54585,131.948,0.84672,12.849,0.84672,3695.15,0,36.966,0.177526,2.8016,1.90303,8.38693,1.10631,11.8077,0.42336,36.966,0.42336,423.524,0,1.02816,0,0,3.82976,2.8016,1.028160,1,0,144.191,0,0,0,144.191,0
72.29,2.01166,0,0,6.94593,0.282927,4.65134,3.6288,61.308,0.428375,0,0,1.11646,0.237281,0.450801,0.66528,12.849,1,0.357558,4.65134,0,144.106,3.93236,144.467,0.84672,12.849,0.84672,3695.15,0,36.966,0.258291,3.46547,1.64294,7.37071,1.09993,11.1209,0.42336,36.966,0.42336,423.524,0,1.02816,0,0,4.49363,3.46547,1.028160,1,0,156.039,0,0,0,156.039,0
72.29,2.01292,0,0,7.38751,0.282927,5.09166,3.6288,61.308,0.428375,0,0,2.08472,0.237281,1.41907,0.66528,12.849,1,0.357782,5.09166,0,178.794,3.93236,179.595,0.84672,12.849,0.84672,3695.15,0,36.966,0.258291,5.81637,1.76887,10.6213,1.09993,16.8483,0.42336,36.966,0.42336,423.524,0,1.02816,0,0,6.84453,5.81637,1.028160,1,0,197.862,0,0,0,197.862,0
72.29,2.01419,0,0,6.09131,0.282927,3.7942,3.6288,61.308,0.428375,0,0,1.22483,0.237281,0.559178,0.66528,12.849,1,0.358006,3.7942,0,134.974,3.93236,134.478,0.84672,12.849,0.84672,3695.15,0,36.966,0.258291,4.01063,1.76915,7.62794,1.09993,12.0495,0.42336,36.966,0.42336,423.524,0,1.02816,0,0,5.03879,4.01063,1.028160,1,0,147.087,0,0,0,147.087,0
72.29,2.01545,0,0,5.5163,0.282927,3.21793,3.6288,61.308,0.428375,0,0,1.89255,0.237281,1.2269,0.66528,12.849,1,0.358231,3.21793,0,143.983,3.93236,142.91,0.84672,12.849,0.84672,3695.15,0,36.966,0.258291,7.52834,1.76942,12.9116,1.09993,20.8512,0.42336,36.966,0.42336,423.524,0,1.02816,0,0,8.5565,7.52834,1.028160,1,0,164.988,0,0,0,164.988,0
72.29,2.09698,0,0,6.544,0.297666,4.14936,3.6288,61.308,0.466083,0,0,1.62132,0.221496,0.933738,0.66528,12.849,1,0.372722,4.14936,0,164.754,3.94233,164.588,0.84672,12.849,0.84672,3695.15,0,36.966,0.281027,5.16844,1.7697,9.97884,1.10491,15.531,0.42336,36.966,0.42336,423.524,0,1.02816,0,0,6.1966,5.16844,1.028160,1,0,181.053,0,0,0,181.053,0
72.29,2.14959,0,0,8.60224,0.303402,6.14925,3.6288,61.308,0.428389,0,0,2.1247,0.223532,1.47278,0.66528,12.849,1,0.382073,6.14925,0,157.499,3.97635,159.289,0.84672,12.849,0.84672,3695.15,0,36.966,0.2583,6.06242,1.83439,12.7702,1.14058,19.2682,0.42336,36.966,0.42336,423.524,0,1.02816,0,0,7.09058,6.06242,1.028160,1,0,180.03,0,0,0,180.03,0
72.29,2.1509,0,0,7.57184,0.273223,5.14771,3.6288,61.308,0.428389,0,0,1.75461,0.220202,1.10602,0.66528,12.849,1,0.382307,5.14771,0,154.33,4.17405,154.922,0.84672,12.849,0.84672,3695.15,0,36.966,0.2583,5.21967,1.79933,9.42456,1.15343,15.0318,0.42336,36.966,0.42336,423.524,0,1.02816,0,0,6.24783,5.21967,1.028160,1,0,171.059,0,0,0,171.059,0
72.29,2.15221,0,0,6.47533,0.290478,4.03264,3.6288,61.308,0.428389,0,0,1.49944,0.23287,0.838182,0.66528,12.849,1,0.38254,4.03264,0,120.086,3.98948,119.746,0.84672,12.849,0.84672,3695.15,0,36.966,0.2583,4.69974,1.79962,6.42671,1.16725,11.5005,0.42336,36.966,0.42336,423.524,0,1.02816,0,0,5.7279,4.69974,1.028160,1,0,132.085,0,0,0,132.085,0
72.29,2.1221,0,0,5.92151,0.258218,3.54119,3.6288,61.308,0.413723,0,0,1.33237,0.241964,0.676678,0.66528,12.849,1,0.377187,3.54119,0,111.665,4.0868,110.742,0.84672,12.849,0.84672,3695.15,0,36.966,0.249457,4.10282,1.79991,6.63987,1.15086,11.1423,0.42336,36.966,0.42336,423.524,0,1.02816,0,0,5.13098,4.10282,1.028160,1,0,122.561,0,0,0,122.561,0
72.29,2.10344,0,0,5.12516,0.235994,2.78573,3.6288,61.308,0.428384,0,0,1.05466,0.203758,0.422522,0.66528,12.849,1,0.37387,2.78573,0,117.73,4.25933,115.883,0.84672,12.849,0.84672,3695.15,0,36.966,0.258297,3.66221,1.7751,6.49576,1.08162,10.5932,0.42336,36.966,0.42336,423.524,0,1.02816,0,0,4.69037,3.66221,1.028160,1,0,126.899,0,0,0,126.899,0
72.29,2.10473,0,0,4.81257,0.235994,2.47185,3.6288,61.308,0.428384,0,0,0.970554,0.203758,0.338411,0.66528,12.849,1,0.3741,2.47185,0,105.396,4.25933,103.234,0.84672,12.849,0.84672,3695.15,0,36.966,0.258297,2.89221,1.78913,5.99659,1.08162,9.33803,0.42336,36.966,0.42336,423.524,0,1.02816,0,0,3.92037,2.89221,1.028160,1,0,112.911,0,0,0,112.911,0
72.29,2.10603,0,0,4.39895,0.216014,2.07691,3.6288,61.308,0.428384,0,0,0.901052,0.216571,0.256097,0.66528,12.849,1,0.374331,2.07691,0,96.2211,4.53931,93.3843,0.84672,12.849,0.84672,3695.15,0,36.966,0.258297,2.76493,1.78942,5.12174,1.12087,8.29692,0.42336,36.966,0.42336,423.524,0,1.02816,0,0,3.79309,2.76493,1.028160,1,0,101.937,0,0,0,101.937,0
72.29,2.21416,0,0,4.14729,0.211398,1.72174,3.6288,61.308,0.480471,0,0,0.8679,0.230008,0.157421,0.66528,12.849,1,0.39355,1.72174,0,83.8702,4.24494,80.9535,0.84672,12.849,0.84672,3695.15,0,36.966,0.289703,2.90511,1.78971,5.40157,1.01448,8.79221,0.42336,36.966,0.42336,423.524,0,1.02816,0,0,3.93327,2.90511,1.028160,1,0,89.9031,0,0,0,89.9031,0
72.29,2.28638,0,0,4.12709,0.157695,1.68301,3.6288,61.308,0.428403,0,0,0.814339,0.235025,0.15091,0.66528,12.849,1,0.406387,1.68301,0,80.149,4.28121,77.1444,0.84672,12.849,0.84672,3695.15,0,36.966,0.258308,4.35267,1.87808,4.71158,0.963966,9.72005,0.42336,36.966,0.42336,423.524,0,1.02816,0,0,5.38083,4.35267,1.028160,1,0,87.0153,0,0,0,87.0153,0
72.29,2.28774,0,0,3.87698,0.148744,1.44049,3.6288,61.308,0.428404,0,0,0.818668,0.235862,0.154402,0.66528,12.849,1,0.406629,1.44049,0,76.5409,4.28725,73.2875,0.84672,12.849,0.84672,3695.15,0,36.966,0.258308,3.36844,1.82954,4.42273,0.955547,8.40685,0.42336,36.966,0.42336,423.524,0,1.02816,0,0,4.3966,3.36844,1.028160,1,0,81.8488,0,0,0,81.8488,0
72.29,2.2891,0,0,3.52489,0.148744,1.08704,3.6288,61.308,0.428404,0,0,0.709861,0.235862,0.0455954,0.66528,12.849,1,0.406871,1.08704,0,72.2883,4.28725,68.6812,0.84672,12.849,0.84672,3695.15,0,36.966,0.258308,2.31924,1.82984,4.07063,0.955547,7.00585,0.42336,36.966,0.42336,423.524,0,1.02816,0,0,3.3474,2.31924,1.028160,1,0,75.7326,0,0,0,75.7326,0
72.29,2.29047,0,0,3.1056,0.148744,0.666387,3.6288,61.308,0.428404,0,0,0.688046,0.235862,0.023781,0.66528,12.849,1,0.407113,0.666387,0,61.3898,4.28725,57.3618,0.84672,12.849,0.84672,3695.15,0,36.966,0.258308,2.49574,1.83014,4.01204,0.955547,7.12406,0.42336,36.966,0.42336,423.524,0,1.02816,0,0,3.5239,2.49574,1.028160,1,0,64.5097,0,0,0,64.5097,0
72.29,2.27066,0,0,3.28913,0.146327,0.872139,3.6288,61.2251,0.457084,0,0,0.626398,0.252241,0,0.66528,12.849,1,0.403593,0.872139,0,58.6446,4.80299,54.3102,0.84672,12.849,0.84672,3695.15,0,36.966,0.275601,2.43719,1.83044,4.16888,1.09476,7.06615,0.42336,36.966,0.42336,423.524,0,1.02816,0,0,3.46535,2.43719,1.028160,1,0,61.3763,0,0,0,61.3763,0
72.29,2.31105,0,0,3.40883,0.113692,0.984084,3.6288,61.1119,0.428196,0,0,0.586538,0.271551,0,0.66528,12.849,1,0.410771,0.984084,0,55.9355,5.16643,51.3424,0.84672,12.849,0.84672,3695.15,0,36.966,0.258533,2.39934,1.86158,4.3712,1.19975,7.17384,0.42336,36.966,0.42336,423.524,0,1.02816,0,0,3.4275,2.39934,1.028160,1,0,58.5163,0,0,0,58.5163,0
72.29,2.31242,0,0,3.15376,0.0804315,0.760916,3.6288,60.9806,0.427898,0,0,0.580427,0.283794,0,0.66528,12.849,1,0.411015,0.760916,0,51.5597,5.2626,46.647,0.84672,12.849,0.84672,3695.15,0,36.966,0.258831,2.19634,1.83499,4.24881,1.22831,6.793,0.42336,36.966,0.42336,423.524,0,1.02816,0,0,3.2245,2.19634,1.028160,1,0,53.44,0,0,0,53.44,0
72.29,2.31379,0,0,2.94664,0.080365,0.552487,3.6288,60.8517,0.427551,0,0,0.582179,0.283558,0,0.66528,12.849,1,0.411258,0.552487,0,47.7598,5.2626,42.6384,0.84672,12.849,0.84672,3695.15,0,36.966,0.259178,2.35161,1.83529,3.92797,1.22831,6.62739,0.42336,36.966,0.42336,423.524,0,1.02816,0,0,3.37977,2.35161,1.028160,1,0,49.2658,0,0,0,49.2658,0
72.2067,2.36989,0,0,2.72908,0.0796538,0.36288,3.6288,60.6583,0.452735,0,0,0.54657,0.287161,0,0.66528,12.849,1,0.421231,0.36288,0,43.6815,5.39274,38.2304,0.84672,12.849,0.84672,3695.15,0,36.966,0.275026,2.22197,1.8356,3.71555,1.26271,6.23538,0.42336,36.966,0.42336,423.524,0,1.02816,0,0,3.25013,2.22197,1.028160,1,0,44.4658,0,0,0,44.4658,0
72.14,2.40068,0,0,2.77222,0.0753393,0.36288,3.6288,60.4261,0.43038,0,0,0.507913,0.309793,0,0.66528,12.849,1,0.427195,0.36288,0,47.1027,6.17358,40.8648,0.84672,12.849,0.84672,3695.15,0,36.966,0.262279,2.24869,1.87968,3.28411,1.46909,5.68111,0.42336,36.966,0.42336,423.524,0,1.02816,0,0,3.27685,2.24869,1.028160,1,0,46.5459,0,0,0,46.5459,0
71.928,2.40122,0,0,2.62737,0.0753011,0.36288,3.6288,60.141,0.430142,0,0,0.454393,0.309336,0,0.66528,12.849,1,0.427686,0.36288,0,41.6193,6.17358,35.3809,0.84672,12.849,0.84672,3695.15,0,36.966,0.263142,2.56806,1.85945,3.43015,1.46909,6.12543,0.42336,36.966,0.42336,423.524,0,1.02816,0,0,3.59622,2.56806,1.028160,1,0,41.5064,0,0,0,41.5064,0
71.545,2.40102,0,0,2.45614,0.0751798,0.36288,3.6288,59.8229,0.429757,0,0,0.420428,0.308775,0,0.66528,12.849,1,0.428911,0.36288,0,39.5738,6.17358,33.3342,0.84672,12.849,0.84672,3695.15,0,36.966,0.264152,2.25861,1.86012,3.00984,1.46909,5.39532,0.42336,36.966,0.42336,423.524,0,1.02816,0,0,3.28677,2.25861,1.028160,1,0,38.7295,0,0,0,38.7295,0
70.9701,2.56023,0,0,2.42312,0.0749608,0.36288,3.6288,59.4487,0.520946,0,0,0.454855,0.30815,0,0.66528,12.849,1,0.459799,0.36288,0,36.7207,6.17358,30.4502,0.84672,12.849,0.84672,3695.15,0,36.966,0.321905,2.48013,1.8608,3.40379,1.46909,5.95373,0.42336,36.966,0.42336,423.524,0,1.02816,0,0,3.50829,2.48013,1.028160,1,0,36.4039,0,0,0,36.4039,0
70.6756,2.558,0,0,2.67722,0.0508068,0.36288,3.6288,59.0874,0.520115,0,0,0.485186,0.326371,0,0.66528,12.849,1,0.463121,0.36288,0,48.5327,6.7552,41.6772,0.84672,12.849,0.84672,3695.15,0,36.966,0.323415,3.18578,2.0115,3.60575,1.62071,6.8589,0.42336,36.966,0.42336,423.524,0,1.02816,0,0,4.21394,3.18578,1.028160,1,0,48.5362,0,0,0,48.5362,0
70.1145,2.55729,0,0,2.41383,0.0547379,0.36288,3.6288,58.6227,0.519316,0,0,0.380697,0.326031,0,0.66528,12.849,1,0.464922,0.36288,0,49.0146,6.77848,42.1341,0.84672,12.849,0.84672,3695.15,0,36.966,0.324892,2.31236,2.01223,2.69914,1.63953,5.0593,0.42336,36.966,0.42336,423.524,0,1.02816,0,0,3.34052,2.31236,1.028160,1,0,47.1934,0,0,0,47.1934,0
70.1482,2.55508,0,0,3.00617,0.054502,0.36288,3.6288,58.4302,0.518153,0,0,0.650685,0.32506,0,0.66528,12.849,1,0.468236,0.36288,0,44.7656,6.77848,37.8817,0.84672,12.849,0.84672,3695.15,0,36.966,0.326734,5.29093,2.01296,4.17347,1.63953,9.51109,0.42336,36.966,0.42336,423.524,0,1.02816,0,0,6.31909,5.29093,1.028160,1,0,47.3928,0,0,0,47.3928,0
69.6041,2.55619,0,0,2.43696,0.0620036,0.36288,3.6288,58.0909,0.51791,0,0,0.462682,0.284042,0,0.66528,12.849,1,0.468216,0.36288,0,33.7788,5.66941,28.004,0.84672,12.849,0.84672,3695.15,0,36.966,0.327657,3.33792,2.01369,4.17613,1.2078,7.99227,0.42336,36.966,0.42336,423.524,0,1.02816,0,0,4.36608,3.33792,1.028160,1,0,35.9963,0,0,0,35.9963,0
68.7503,2.4761,0,0,2.08628,0.101085,0.36288,3.6288,57.7991,0.462042,0,0,0.424818,0.254612,0,0.66528,12.849,1,0.457091,0.36288,0,24.5583,5.17412,19.2899,0.84672,12.849,0.84672,3695.15,0,36.966,0.294019,3.39535,2.01442,3.44165,1.19698,7.36042,0.42336,36.966,0.42336,423.524,0,1.02816,0,0,4.42351,3.39535,1.028160,1,0,26.6503,0,0,0,26.6503,0
67.0157,2.47222,0,0,1.20613,0.105618,0.36288,3.6288,57.4122,0.461531,0,0,0.330891,0.256271,0,0.66528,12.849,1,0.462042,0.36288,0,21.0649,5.01785,15.9479,0.84672,12.849,0.84672,3695.15,0,36.966,0.295177,2.93111,1.92817,2.35695,1.36699,5.55407,0.42336,36.966,0.42336,423.524,0,1.02816,0,0,3.95927,2.93111,1.028160,1,0,21.502,0,0,0,21.502,0
65.3251,2.46307,0,0,1.25837,0.123031,0.36288,3.6288,57.0291,0.460714,0,0,0.318545,0.240842,0,0.66528,12.849,1,0.472248,0.36288,0,20.2476,4.81021,15.328,0.84672,12.849,0.84672,3695.15,0,36.966,0.29664,2.80988,1.92887,2.37187,1.30209,5.51189,0.42336,36.966,0.42336,423.524,0,1.02816,0,0,3.83804,2.80988,1.028160,1,0,20.8399,0,0,0,20.8399,0
65.9261,2.45375,0,0,3.65053,0.232927,0.36288,3.6288,57.1682,0.459898,0,0,0.750638,0.151737,0,0.66528,12.849,1,0.482636,0.36288,0,61.0263,3.56444,57.3421,0.84672,12.849,0.84672,3695.15,0,36.966,0.298104,4.88655,1.92957,6.2297,0.9127,11.835,0.42336,36.966,0.42336,423.524,0,1.02816,0,0,5.91471,4.88655,1.028160,1,0,69.1771,0,0,0,69.1771,0
65.6154,2.39482,0,0,2.681,0.234049,0.36288,3.6288,57.1386,0.410805,0,0,0.533123,0.151874,0,0.66528,12.849,1,0.46675,0.36288,0,52.971,3.56444,49.3027,0.84672,12.849,0.84672,3695.15,0,36.966,0.265634,4.88202,1.93027,3.51208,0.9127,9.14604,0.42336,36.966,0.42336,423.524,0,1.02816,0,0,5.91018,4.88202,1.028160,1,0,58.4487,0,0,0,58.4487,0
63.7558,2.38574,0,0,1.09494,0.205857,0.36288,3.6288,56.9033,0.416975,0,0,0.413974,0.232272,0,0.66528,12.849,1,0.467183,0.36288,0,25.346,4.17462,21.0671,0.84672,12.849,0.84672,3695.15,0,36.966,0.269763,1.37926,1.85323,3.74047,1.02498,5.67822,0.42336,36.966,0.42336,423.524,0,1.02816,0,0,2.40742,1.37926,1.028160,1,0,26.7453,0,0,0,26.7453,0
61.9053,2.37578,0,0,1.16287,0.274715,0.36288,3.6288,56.5574,0.416299,0,0,0.29437,0.223973,0,0.66528,12.849,1,0.478801,0.36288,0,27.5072,4.2525,23.1387,0.84672,12.849,0.84672,3695.15,0,36.966,0.270439,0.787139,1.85957,3.26364,1.12419,4.51572,0.42336,36.966,0.42336,423.524,0,1.02816,0,0,1.8153,0.787139,1.028160,1,0,27.6545,0,0,0,27.6545,0
60.2639,2.3653,0,0,1.35734,0.270591,0.36288,3.6288,56.4959,0.415298,0,0,0.577249,0.223469,0,0.66528,12.849,1,0.490938,0.36288,0,32.0181,4.2525,27.6376,0.84672,12.849,0.84672,3695.15,0,36.966,0.27144,3.1702,1.85988,5.1817,1.12419,8.81615,0.42336,36.966,0.42336,423.524,0,1.02816,0,0,4.19836,3.1702,1.028160,1,0,36.4537,0,0,0,36.4537,0
61.0787,2.17775,0,0,3.62239,0.266918,0.36288,3.6288,57.3747,0.31147,0,0,1.41366,0.223379,0,0.66528,12.849,1,0.464322,0.36288,0,94.097,4.2525,89.7431,0.84672,12.849,0.84672,3695.15,0,36.966,0.203799,6.82692,1.86019,9.78288,1.12419,17.142,0.42336,36.966,0.42336,423.524,0,1.02816,0,0,7.85508,6.82692,1.028160,1,0,106.885,0,0,0,106.885,0
61.6809,2.0425,0,0,3.26245,0.254886,0.36288,3.6288,58.7516,0.417612,0,0,2.01452,0.220067,0,0.66528,12.849,1,0.429677,0.36288,0,91.0225,4.42988,86.5258,0.84672,12.849,0.84672,3695.15,0,36.966,0.269064,5.32508,1.68758,8.02789,1.22274,13.5487,0.42336,36.966,0.42336,423.524,0,1.02816,0,0,6.35324,5.32508,1.028160,1,0,100.075,0,0,0,100.075,0
63.1267,2.04723,0,0,4.10651,0.250586,0.36288,3.6288,61.308,0.421483,0,0,3.31849,0.220178,0.120385,0.66528,12.849,1,0.426466,0.36288,0,94.5061,4.50082,89.9416,0.84672,12.849,0.84672,3695.15,0,36.966,0.265194,6.56911,1.78817,14.1612,1.26216,20.9912,0.42336,36.966,0.42336,423.524,0,1.02816,0,0,7.59727,6.56911,1.028160,1,0,111.053,0,0,0,111.053,0
65.2142,2.0566,0,0,4.76051,0.253575,0.36288,3.6288,61.308,0.428381,0,0,2.94223,0.223795,2.29005,0.66528,12.849,1,0.418607,0.36288,0,199.726,4.50082,195.17,0.84672,12.849,0.84672,3695.15,0,36.966,0.258295,8.65365,1.78845,14.6522,1.26216,23.5738,0.42336,36.966,0.42336,423.524,0,1.02816,0,0,9.68181,8.65365,1.028160,1,0,221.034,0,0,0,221.034,0
70.6481,2.06906,0,0,8.12375,0.257892,0.36288,3.6288,61.308,0.428382,0,0,4.11984,0.223795,3.46767,0.66528,12.849,1,0.407663,0.36288,0,193.554,4.50082,189.009,0.84672,12.849,0.84672,3695.15,0,36.966,0.258295,9.89003,1.78874,20.0215,1.26216,30.1798,0.42336,36.966,0.42336,423.524,0,1.02816,0,0,10.9182,9.89003,1.028160,1,0,222.656,0,0,0,222.656,0
72.29,2.16722,0,0,5.53127,0.277,1.44512,3.6288,61.308,0.459404,0,0,2.36912,0.186948,1.72277,0.66528,12.849,1,0.39416,1.44512,0,271.986,3.93886,269.098,0.84672,12.849,0.84672,3695.15,0,36.966,0.277,6.05007,1.78902,13.0607,1.08116,19.5416,0.42336,36.966,0.42336,423.524,0,1.02816,0,0,7.07823,6.05007,1.028160,1,0,290.363,0,0,0,290.363,0
72.29,2.21833,0,0,4.08188,0.296167,1.56738,3.6288,61.308,0.42838,0,0,1.09841,0.136054,0.533978,0.66528,12.849,1,0.394292,1.56738,0,108.136,3.22464,106.084,0.84672,12.849,0.84672,3695.15,0,36.966,0.258294,2.59432,1.84331,6.73599,0.688946,10.2264,0.42336,36.966,0.42336,423.524,0,1.02816,0,0,3.62248,2.59432,1.028160,1,0,116.844,0,0,0,116.844,0
72.29,2.21961,0,0,10.3068,0.302489,7.78474,3.6288,61.308,0.42838,0,0,2.84826,0.1635,2.25638,0.66528,12.849,1,0.394519,7.78474,0,117.816,3.75165,121.454,0.84672,12.849,0.84672,3695.15,0,36.966,0.258294,5.97022,1.81449,16.5572,0.840431,23.2432,0.42336,36.966,0.42336,423.524,0,1.02816,0,0,6.99838,5.97022,1.028160,1,0,146.954,0,0,0,146.954,0
72.29,2.22089,0,0,16.542,0.304474,14.0166,3.6288,61.308,0.42838,0,0,7.61439,0.187604,6.9984,0.66528,12.849,1,0.394747,14.0166,0,343.546,4.11295,353.055,0.84672,12.849,0.84672,3695.15,0,36.966,0.258294,13.9927,1.81477,31.3632,0.982935,45.9294,0.42336,36.966,0.42336,423.524,0,1.02816,0,0,15.0208,13.9927,1.028160,1,0,405.983,0,0,0,405.983,0
72.29,2.44923,0,0,15.8759,0.304474,13.1222,3.6288,61.308,0.545032,0,0,8.29476,0.187604,7.56213,0.66528,12.849,1,0.435332,13.1222,0,381.624,4.11295,390.198,0.84672,12.849,0.84672,3695.15,0,36.966,0.32863,11.9429,1.81505,29.6008,0.982935,42.0472,0.42336,36.966,0.42336,423.524,0,1.02816,0,0,12.9711,11.9429,1.028160,1,0,439.807,0,0,0,439.807,0
72.29,2.55584,0,0,9.09118,0.353349,6.18199,3.6288,61.308,0.467745,0,0,4.63055,0.182857,3.97994,0.66528,12.849,1,0.454281,6.18199,0,263.898,4.11737,265.509,0.84672,12.849,0.84672,3695.15,0,36.966,0.282029,6.5476,2.00992,14.5706,0.96449,21.8816,0.42336,36.966,0.42336,423.524,0,1.02816,0,0,7.57576,6.5476,1.028160,1,0,291.37,0,0,0,291.37,0
72.29,2.55673,0,0,9.40749,0.361495,6.48927,3.6288,61.308,0.468131,0,0,4.31846,0.182066,3.66826,0.66528,12.849,1,0.454439,6.48927,0,217.75,4.1181,219.666,0.84672,12.849,0.84672,3695.15,0,36.966,0.282262,6.02635,1.93773,13.9729,0.961416,20.6933,0.42336,36.966,0.42336,423.524,0,1.02816,0,0,7.05451,6.02635,1.028160,1,0,244.028,0,0,0,244.028,0
72.29,2.55762,0,0,10.5551,0.361495,7.63603,3.6288,61.308,0.468518,0,0,5.79442,0.182066,5.14383,0.66528,12.849,1,0.454598,7.63603,0,230.418,4.1181,233.481,0.84672,12.849,0.84672,3695.15,0,36.966,0.282495,7.54341,1.9384,18.2223,0.961416,26.4602,0.42336,36.966,0.42336,423.524,0,1.02816,0,0,8.57157,7.54341,1.028160,1,0,265.085,0,0,0,265.085,0
72.29,2.2342,0,0,8.18579,0.361893,5.5897,3.6288,61.308,0.312137,0,0,5.09478,0.194741,4.58791,0.66528,12.849,1,0.397113,5.5897,0,169.792,4.47859,170.506,0.84672,12.849,0.84672,3695.15,0,36.966,0.188205,7.38107,1.93908,14.445,1.06412,22.5128,0.42336,36.966,0.42336,423.524,0,1.02816,0,0,8.40923,7.38107,1.028160,1,0,197.606,0,0,0,197.606,0
72.29,2.07724,0,0,9.40101,0.367306,6.95646,3.6288,61.308,0.428366,0,0,4.89218,0.190561,4.27325,0.66528,12.849,1,0.369214,6.95646,0,383.441,4.29833,385.73,0.84672,12.849,0.84672,3695.15,0,36.966,0.258286,6.44916,1.67403,14.7232,1.06818,21.5199,0.42336,36.966,0.42336,423.524,0,1.02816,0,0,7.47732,6.44916,1.028160,1,0,411.524,0,0,0,411.524,0
72.29,2.07847,0,0,10.4736,0.36175,8.03336,3.6288,61.308,0.428367,0,0,3.89596,0.1901,3.2775,0.66528,12.849,1,0.369433,8.03336,0,312.604,4.21355,316.054,0.84672,12.849,0.84672,3695.15,0,36.966,0.258286,8.47284,1.78333,16.3011,1.06181,25.2372,0.42336,36.966,0.42336,423.524,0,1.02816,0,0,9.501,8.47284,1.028160,1,0,344.569,0,0,0,344.569,0
72.29,2.0797,0,0,19.1623,0.36175,16.7209,3.6288,61.308,0.428367,0,0,8.43634,0.1901,7.81787,0.66528,12.849,1,0.369651,16.7209,0,341.264,4.21355,353.402,0.84672,12.849,0.84672,3695.15,0,36.966,0.258286,11.7053,1.7836,23.908,1.06181,36.0768,0.42336,36.966,0.42336,423.524,0,1.02816,0,0,12.7335,11.7053,1.028160,1,0,397.297,0,0,0,397.297,0
72.29,2.08093,0,0,11.7146,0.363347,9.27035,3.6288,61.308,0.428367,0,0,4.16981,0.121972,3.61947,0.66528,12.849,1,0.36987,9.27035,0,307.442,3.90097,312.442,0.84672,12.849,0.84672,3695.15,0,36.966,0.258286,6.55469,1.78387,15.8665,0.949163,22.9976,0.42336,36.966,0.42336,423.524,0,1.02816,0,0,7.58285,6.55469,1.028160,1,0,339.059,0,0,0,339.059,0
72.29,2.16394,0,0,9.21655,0.330599,6.72201,3.6288,61.308,0.466785,0,0,3.62926,0.116291,3.04618,0.66528,12.849,1,0.384624,6.72201,0,241.638,3.45018,244.526,0.84672,12.849,0.84672,3695.15,0,36.966,0.28145,5.7001,1.78414,16.3438,0.916442,22.6301,0.42336,36.966,0.42336,423.524,0,1.02816,0,0,6.72826,5.7001,1.028160,1,0,270.202,0,0,0,270.202,0
72.29,2.21749,0,0,13.1576,0.280476,10.6596,3.6288,61.308,0.42838,0,0,5.94185,0.170808,5.34266,0.66528,12.849,1,0.394142,10.6596,0,299.278,3.51088,306.033,0.84672,12.849,0.84672,3695.15,0,36.966,0.258294,8.7321,1.85004,29.4683,1.09629,38.6959,0.42336,36.966,0.42336,423.524,0,1.02816,0,0,9.76026,8.7321,1.028160,1,0,350.072,0,0,0,350.072,0
72.29,2.21877,0,0,9.95881,0.280476,7.45957,3.6288,61.308,0.42838,0,0,5.04279,0.170808,4.4436,0.66528,12.849,1,0.394369,7.45957,0,276.966,3.51088,280.521,0.84672,12.849,0.84672,3695.15,0,36.966,0.258294,7.66567,1.8143,24.7064,1.09629,32.8318,0.42336,36.966,0.42336,423.524,0,1.02816,0,0,8.69383,7.66567,1.028160,1,0,317.796,0,0,0,317.796,0
72.29,2.22004,0,0,7.75786,0.280476,5.25734,3.6288,61.308,0.42838,0,0,3.62472,0.170808,3.02553,0.66528,12.849,1,0.394596,5.25734,0,221.156,3.51088,222.508,0.84672,12.849,0.84672,3695.15,0,36.966,0.258294,6.61608,1.81458,16.4838,1.09629,23.5599,0.42336,36.966,0.42336,423.524,0,1.02816,0,0,7.64424,6.61608,1.028160,1,0,249.094,0,0,0,249.094,0
72.29,2.1893,0,0,7.52553,0.271258,5.06496,3.6288,61.308,0.413438,0,0,3.42395,0.17142,2.8391,0.66528,12.849,1,0.389132,5.06496,0,191.322,3.4483,192.55,0.84672,12.849,0.84672,3695.15,0,36.966,0.249285,6.34091,1.81486,14.3478,1.09648,21.1578,0.42336,36.966,0.42336,423.524,0,1.02816,0,0,7.36907,6.34091,1.028160,1,0,216.547,0,0,0,216.547,0
72.29,2.17024,0,0,6.54223,0.21595,4.15605,3.6288,61.308,0.428375,0,0,2.05617,0.175093,1.4527,0.66528,12.849,1,0.385743,4.15605,0,141.49,3.07282,142.188,0.84672,12.849,0.84672,3695.15,0,36.966,0.258291,3.85991,1.78958,8.99139,1.09765,13.2849,0.42336,36.966,0.42336,423.524,0,1.02816,0,0,4.88807,3.85991,1.028160,1,0,156.925,0,0,0,156.925,0
72.29,2.1715,0,0,5.75776,0.21595,3.37031,3.6288,61.308,0.428375,0,0,2.29075,0.175093,1.68728,0.66528,12.849,1,0.385967,3.37031,0,115.015,3.07282,114.926,0.84672,12.849,0.84672,3695.15,0,36.966,0.258291,4.26526,1.80387,9.63441,1.09765,14.3476,0.42336,36.966,0.42336,423.524,0,1.02816,0,0,5.29342,4.26526,1.028160,1,0,130.961,0,0,0,130.961,0
72.29,2.17276,0,0,6.96147,0.21595,4.57276,3.6288,61.308,0.428375,0,0,2.6403,0.175093,2.03683,0.66528,12.849,1,0.386191,4.57276,0,138.519,3.07282,139.633,0.84672,12.849,0.84672,3695.15,0,36.966,0.258291,4.98294,1.80414,12.1643,1.09765,17.5954,0.42336,36.966,0.42336,423.524,0,1.02816,0,0,6.0111,4.98294,1.028160,1,0,159.265,0,0,0,159.265,0
72.29,2.28285,0,0,5.18763,0.177618,2.72716,3.6288,61.308,0.481437,0,0,2.33895,0.150225,1.70729,0.66528,12.849,1,0.40576,2.72716,0,109.655,3.06285,108.913,0.84672,12.849,0.84672,3695.15,0,36.966,0.290285,4.35923,1.80442,9.26718,1.19416,13.9464,0.42336,36.966,0.42336,423.524,0,1.02816,0,0,5.38739,4.35923,1.028160,1,0,124.567,0,0,0,124.567,0
72.29,2.35637,0,0,5.86297,0.190574,3.31602,3.6288,61.308,0.428394,0,0,1.94472,0.122099,1.39423,0.66528,12.849,1,0.418827,3.31602,0,101.434,2.56476,101.767,0.84672,12.849,0.84672,3695.15,0,36.966,0.258303,3.3965,1.89444,8.6143,0.962984,12.684,0.42336,36.966,0.42336,423.524,0,1.02816,0,0,4.42466,3.3965,1.028160,1,0,115.845,0,0,0,115.845,0
72.29,2.3577,0,0,5.50493,0.122886,3.02435,3.6288,61.308,0.428394,0,0,1.77309,0.169665,1.17503,0.66528,12.849,1,0.419063,3.02435,0,99.4775,3.21627,98.8665,0.84672,12.849,0.84672,3695.15,0,36.966,0.258303,2.97954,1.84497,7.85386,1.0615,11.3586,0.42336,36.966,0.42336,423.524,0,1.02816,0,0,4.0077,2.97954,1.028160,1,0,111.4,0,0,0,111.4,0
72.29,2.35902,0,0,4.98214,0.109719,2.5134,3.6288,61.308,0.428394,0,0,1.62338,0.178804,1.01618,0.66528,12.849,1,0.419298,2.5134,0,88.274,3.35779,87.0103,0.84672,12.849,0.84672,3695.15,0,36.966,0.258303,2.67345,1.84526,7.91612,1.09591,11.0806,0.42336,36.966,0.42336,423.524,0,1.02816,0,0,3.70161,2.67345,1.028160,1,0,99.1071,0,0,0,99.1071,0
72.29,2.36035,0,0,4.59919,0.109719,2.12913,3.6288,61.308,0.428394,0,0,1.51333,0.178804,0.90613,0.66528,12.849,1,0.419534,2.12913,0,91.7749,3.35779,90.1267,0.84672,12.849,0.84672,3695.15,0,36.966,0.258303,2.40035,1.84556,6.4082,1.09591,9.29989,0.42336,36.966,0.42336,423.524,0,1.02816,0,0,3.42851,2.40035,1.028160,1,0,100.333,0,0,0,100.333,0
72.29,2.34011,0,0,4.36265,0.0976655,1.92487,3.6288,61.308,0.457609,0,0,1.26441,0.198422,0.608378,0.66528,12.849,1,0.415938,1.92487,0,85.2094,4.02567,82.6927,0.84672,12.849,0.84672,3695.15,0,36.966,0.275918,2.51321,1.84585,6.1742,1.21823,9.03911,0.42336,36.966,0.42336,423.524,0,1.02816,0,0,3.54137,2.51321,1.028160,1,0,92.3402,0,0,0,92.3402,0
72.29,2.3812,0,0,4.21654,0.0846559,1.75069,3.6288,61.308,0.428404,0,0,1.00688,0.214755,0.363718,0.66528,12.849,1,0.423239,1.75069,0,72.5924,4.81965,69.1002,0.84672,12.849,0.84672,3695.15,0,36.966,0.258309,1.80472,1.87756,5.6389,1.29854,7.76434,0.42336,36.966,0.42336,423.524,0,1.02816,0,0,2.83288,1.80472,1.028160,1,0,77.2283,0,0,0,77.2283,0
72.29,2.38253,0,0,3.97564,0.0773606,1.51576,3.6288,61.308,0.428405,0,0,0.951876,0.216291,0.30718,0.66528,12.849,1,0.423476,1.51576,0,64.8847,4.83893,61.138,0.84672,12.849,0.84672,3695.15,0,36.966,0.258309,1.60237,1.85046,4.69525,1.30452,6.58525,0.42336,36.966,0.42336,423.524,0,1.02816,0,0,2.63053,1.60237,1.028160,1,0,68.0305,0,0,0,68.0305,0
72.29,2.38386,0,0,3.94112,0.0773606,1.4799,3.6288,61.308,0.428405,0,0,0.933032,0.216291,0.288336,0.66528,12.849,1,0.423713,1.4799,0,60.1157,4.83893,56.333,0.84672,12.849,0.84672,3695.15,0,36.966,0.258309,1.75403,1.85076,4.63196,1.30452,6.67391,0.42336,36.966,0.42336,423.524,0,1.02816,0,0,2.78219,1.75403,1.028160,1,0,63.2952,0,0,0,63.2952,0
72.29,2.44095,0,0,3.6955,0.0773606,1.17719,3.6288,61.308,0.454477,0,0,0.87677,0.216291,0.206002,0.66528,12.849,1,0.43386,1.17719,0,55.335,4.83893,51.2394,0.84672,12.849,0.84672,3695.15,0,36.966,0.27403,1.48947,1.85105,4.52491,1.30452,6.28687,0.42336,36.966,0.42336,423.524,0,1.02816,0,0,2.51763,1.48947,1.028160,1,0,57.7322,0,0,0,57.7322,0
72.29,2.44565,0,0,3.67793,0.0597762,1.17251,3.6288,61.308,0.45203,0,0,0.933939,0.302827,0.179081,0.66528,12.849,1,0.434695,1.17251,0,58.8621,5.57466,54.0252,0.84672,12.849,0.84672,3695.15,0,36.966,0.272554,1.4149,1.89594,3.96912,1.45681,5.5506,0.42336,36.966,0.42336,423.524,0,1.02816,0,0,2.44306,1.4149,1.028160,1,0,59.7549,0,0,0,59.7549,0
72.29,2.44649,0,0,3.48575,0.0597762,0.979477,3.6288,61.308,0.45241,0,0,0.835536,0.302827,0.0802987,0.66528,12.849,1,0.434846,0.979477,0,52.0095,5.57466,46.9795,0.84672,12.849,0.84672,3695.15,0,36.966,0.272783,1.65303,1.89395,4.14559,1.45681,5.96298,0.42336,36.966,0.42336,423.524,0,1.02816,0,0,2.68119,1.65303,1.028160,1,0,53.0228,0,0,0,53.0228,0
72.29,2.44734,0,0,3.25856,0.0597762,0.751439,3.6288,61.308,0.45279,0,0,0.773054,0.302827,0.0174363,0.66528,12.849,1,0.434997,0.751439,0,49.4534,5.57466,44.1952,0.84672,12.849,0.84672,3695.15,0,36.966,0.273012,1.42232,1.8946,3.63763,1.45681,5.22473,0.42336,36.966,0.42336,423.524,0,1.02816,0,0,2.45048,1.42232,1.028160,1,0,49.4373,0,0,0,49.4373,0
72.29,2.5625,0,0,3.21475,0.0597762,0.592473,3.6288,61.308,0.525016,0,0,0.836387,0.302827,0.00854262,0.66528,12.849,1,0.455466,0.592473,0,45.8879,5.57466,40.4503,0.84672,12.849,0.84672,3695.15,0,36.966,0.316562,1.58748,1.89526,4.11375,1.45681,5.82312,0.42336,36.966,0.42336,423.524,0,1.02816,0,0,2.61564,1.58748,1.028160,1,0,46.2819,0,0,0,46.2819,0
72.29,2.56339,0,0,3.11303,0.0588128,0.49082,3.6288,61.1864,0.525421,0,0,0.739363,0.335535,0,0.66528,12.849,1,0.455624,0.49082,0,41.4352,6.06302,35.4074,0.84672,12.849,0.84672,3695.15,0,36.966,0.316806,1.4846,2.01013,4.04424,1.51624,5.70593,0.42336,36.966,0.42336,423.524,0,1.02816,0,0,2.51276,1.4846,1.028160,1,0,41.1133,0,0,0,41.1133,0
72.29,2.56428,0,0,3.23525,0.0711576,0.599807,3.6288,61.063,0.525433,0,0,0.764925,0.362937,0,0.66528,12.849,1,0.455782,0.599807,0,43.6841,6.24004,37.5881,0.84672,12.849,0.84672,3695.15,0,36.966,0.317443,1.78788,2.01082,3.17025,1.51547,5.13604,0.42336,36.966,0.42336,423.524,0,1.02816,0,0,2.81604,1.78788,1.028160,1,0,42.7241,0,0,0,42.7241,0
71.856,2.56517,0,0,2.5652,0.0711576,0.36288,3.6288,60.749,0.525438,0,0,0.574138,0.362654,0,0.66528,12.849,1,0.45594,0.36288,0,47.9669,6.24004,41.6338,0.84672,12.849,0.84672,3695.15,0,36.966,0.318087,1.08681,2.01152,2.54549,1.51547,3.81026,0.42336,36.966,0.42336,423.524,0,1.02816,0,0,2.11497,1.08681,1.028160,1,0,45.4441,0,0,0,45.4441,0
71.9763,2.56373,0,0,3.11789,0.0709232,0.36288,3.6288,60.7853,0.52482,0,0,0.923063,0.361933,0,0.66528,12.849,1,0.458435,0.36288,0,41.8125,6.24004,35.4769,0.84672,12.849,0.84672,3695.15,0,36.966,0.319355,2.47836,2.01222,3.6677,1.51547,6.32345,0.42336,36.966,0.42336,423.524,0,1.02816,0,0,3.50652,2.47836,1.028160,1,0,41.8004,0,0,0,41.8004,0
71.6348,2.53474,0,0,2.63477,0.0786797,0.36288,3.6288,60.9542,0.490587,0,0,1.01772,0.358284,0,0.66528,12.849,1,0.452494,0.36288,0,51.8242,5.96312,45.7715,0.84672,12.849,0.84672,3695.15,0,36.966,0.298346,2.09891,2.01292,4.2502,1.3576,6.70607,0.42336,36.966,0.42336,423.524,0,1.02816,0,0,3.12707,2.09891,1.028160,1,0,52.4775,0,0,0,52.4775,0
71.5381,2.53379,0,0,2.88874,0.0888185,0.36288,3.6288,61.308,0.491494,0,0,1.36118,0.397482,0.118368,0.66528,12.849,1,0.454481,0.36288,0,104.748,6.5647,98.0916,0.84672,12.849,0.84672,3695.15,0,36.966,0.298069,2.66187,1.96369,4.64777,1.46662,7.50865,0.42336,36.966,0.42336,423.524,0,1.02816,0,0,3.69003,2.66187,1.028160,1,0,105.719,0,0,0,105.719,0
70.8606,2.53415,0,0,2.32439,0.104881,0.36288,3.6288,61.308,0.49296,0,0,1.08095,0.387808,0.200179,0.66528,12.849,1,0.45516,0.36288,0,75.1637,6.39669,68.6747,0.84672,12.849,0.84672,3695.15,0,36.966,0.297233,2.16389,1.96437,5.49257,1.42303,7.90057,0.42336,36.966,0.42336,423.524,0,1.02816,0,0,3.19205,2.16389,1.028160,1,0,76.7755,0,0,0,76.7755,0
70.8395,2.53134,0,0,2.97464,0.101508,0.36288,3.6288,61.308,0.493354,0,0,1.08913,0.386543,0.209236,0.66528,12.849,1,0.459003,0.36288,0,70.3806,6.51607,63.7684,0.84672,12.849,0.84672,3695.15,0,36.966,0.29747,2.33232,1.96506,7.09596,1.28985,9.80602,0.42336,36.966,0.42336,423.524,0,1.02816,0,0,3.36048,2.33232,1.028160,1,0,73.7836,0,0,0,73.7836,0
72.29,2.46669,0,0,12.4307,0.121751,8.3917,3.6288,61.308,0.441518,0,0,2.4454,0.344419,1.65946,0.66528,12.849,1,0.447413,8.3917,0,159.794,6.23795,161.501,0.84672,12.849,0.84672,3695.15,0,36.966,0.266216,5.5857,1.96574,16.0247,1.11431,22.1956,0.42336,36.966,0.42336,423.524,0,1.02816,0,0,6.61386,5.5857,1.028160,1,0,185.356,0,0,0,185.356,0
72.29,2.47517,0,0,5.65147,0.163026,3.01327,3.6288,61.308,0.441894,0,0,1.50799,0.290978,0.775123,0.66528,12.849,1,0.439943,3.01327,0,122.116,5.10938,119.58,0.84672,12.849,0.84672,3695.15,0,36.966,0.266442,2.35494,1.88726,7.24744,1.14383,10.0794,0.42336,36.966,0.42336,423.524,0,1.02816,0,0,3.3831,2.35494,1.028160,1,0,130.434,0,0,0,130.434,0
72.29,2.47603,0,0,3.76581,0.23276,1.05702,3.6288,61.308,0.442269,0,0,1.34452,0.212306,0.689947,0.66528,12.849,1,0.440096,1.05702,0,89.0914,4.16178,85.5465,0.84672,12.849,0.84672,3695.15,0,36.966,0.266669,1.92164,1.88791,5.14367,0.912401,7.77415,0.42336,36.966,0.42336,423.524,0,1.02816,0,0,2.9498,1.92164,1.028160,1,0,94.0106,0,0,0,94.0106,0
72.29,2.47689,0,0,4.23503,0.23276,1.52539,3.6288,61.308,0.442645,0,0,1.10022,0.212306,0.44527,0.66528,12.849,1,0.440248,1.52539,0,99.9242,4.16178,96.8476,0.84672,12.849,0.84672,3695.15,0,36.966,0.266895,4.38874,1.88856,6.20753,0.912401,11.3055,0.42336,36.966,0.42336,423.524,0,1.02816,0,0,5.4169,4.38874,1.028160,1,0,108.598,0,0,0,108.598,0
72.29,2.29114,0,0,5.06449,0.23276,2.54059,3.6288,61.308,0.334092,0,0,1.3513,0.212306,0.804899,0.66528,12.849,1,0.407234,2.54059,0,135.522,4.16178,133.493,0.84672,12.849,0.84672,3695.15,0,36.966,0.201443,1.67229,1.88922,9.35085,0.912401,11.7985,0.42336,36.966,0.42336,423.524,0,1.02816,0,0,2.70045,1.67229,1.028160,1,0,146.097,0,0,0,146.097,0
72.29,2.16408,0,0,4.19069,0.262085,1.76453,3.6288,61.308,0.428372,0,0,0.881918,0.246119,0.207426,0.66528,12.849,1,0.384649,1.76453,0,91.2057,4.94391,87.6416,0.84672,12.849,0.84672,3695.15,0,36.966,0.258289,1.35182,1.71379,5.25696,1.01274,7.05154,0.42336,36.966,0.42336,423.524,0,1.02816,0,0,2.37998,1.35182,1.028160,1,0,94.9006,0,0,0,94.9006,0
72.0379,2.16533,0,0,2.56782,0.291741,0.36288,3.6288,61.1532,0.428372,0,0,0.509509,0.235921,0,0.66528,12.849,1,0.384872,0.36288,0,47.7236,5.07465,42.6269,0.84672,12.849,0.84672,3695.15,0,36.966,0.258289,3.00612,1.8025,4.0512,1.06189,7.53963,0.42336,36.966,0.42336,423.524,0,1.02816,0,0,4.03428,3.00612,1.028160,1,0,50.1665,0,0,0,50.1665,0
72.29,2.16544,0,0,3.88962,0.291183,1.18086,3.6288,61.0788,0.427965,0,0,0.589265,0.23569,0,0.66528,12.849,1,0.386238,1.18086,0,77.0474,5.07465,72.7673,0.84672,12.849,0.84672,3695.15,0,36.966,0.258697,3.56,1.80278,4.82014,1.06189,8.86233,0.42336,36.966,0.42336,423.524,0,1.02816,0,0,4.58816,3.56,1.028160,1,0,81.6297,0,0,0,81.6297,0
72.29,2.16784,0,0,16.3944,0.291741,13.9348,3.6288,61.308,0.427769,0,0,3.59233,0.235579,2.69981,0.66528,12.849,1,0.385317,13.9348,0,317.568,5.07465,326.043,0.84672,12.849,0.84672,3695.15,0,36.966,0.258893,3.76136,1.80306,12.9134,1.06189,17.1571,0.42336,36.966,0.42336,423.524,0,1.02816,0,0,4.78952,3.76136,1.028160,1,0,345.9,0,0,0,345.9,0
72.29,2.1683,0,0,8.98985,0.267615,6.55393,3.6288,61.308,0.428034,0,0,2.31664,0.214103,1.6745,0.66528,12.849,1,0.385399,6.55393,0,173.805,4.33473,175.639,0.84672,12.849,0.84672,3695.15,0,36.966,0.258086,3.15446,1.80333,8.40217,0.944074,12.1578,0.42336,36.966,0.42336,423.524,0,1.02816,0,0,4.18262,3.15446,1.028160,1,0,189.471,0,0,0,189.471,0
71.411,2.24098,0,0,2.02713,0.302242,0.36288,3.6288,60.9108,0.595574,0,0,0.36632,0.167932,0,0.66528,12.849,1,0.398316,0.36288,0,34.1217,3.80268,30.2836,0.84672,12.849,0.84672,3695.15,0,36.966,0.359104,0.412474,1.80302,2.4988,0.897213,3.45797,0.42336,36.966,0.42336,423.524,0,0.810778,0,0,1.22325,0.412474,1.028160,1,0,33.7415,0,0,0,33.7415,0
71.8798,2.28098,0,0,3.41283,0.300226,0.36288,3.6288,60.9284,0.427322,0,0,0.612434,0.16751,0,0.66528,12.849,1,0.410417,0.36288,0,77.9498,3.80268,74.0996,0.84672,12.849,0.84672,3695.15,0,36.966,0.259336,0.868527,1.85859,4.96691,0.897213,6.53748,0.42336,36.966,0.42336,423.524,0,1.02816,0,0,1.89669,0.868527,1.028160,1,0,80.6371,0,0,0,80.6371,0
72.29,2.28449,0,0,5.25869,0.301301,2.26268,3.6288,61.308,0.427369,0,0,1.40761,0.167529,0.433131,0.66528,12.849,1,0.408369,2.26268,0,140.513,3.80268,138.565,0.84672,12.849,0.84672,3695.15,0,36.966,0.25929,3.03167,1.82924,9.08931,0.897213,12.7937,0.42336,36.966,0.42336,423.524,0,1.02816,0,0,4.05983,3.03167,1.028160,1,0,151.792,0,0,0,151.792,0
72.29,2.28771,0,0,6.83366,0.352167,4.19379,3.6288,61.308,0.42837,0,0,1.31519,0.191991,0.694824,0.66528,12.849,1,0.406623,4.19379,0,200.426,4.25996,199.953,0.84672,12.849,0.84672,3695.15,0,36.966,0.258288,4.26841,1.82951,9.92135,1.01455,14.7464,0.42336,36.966,0.42336,423.524,0,1.02816,0,0,5.29657,4.26841,1.028160,1,0,215.394,0,0,0,215.394,0
72.29,2.52013,0,0,4.63312,0.324785,1.7882,3.6288,61.308,0.54714,0,0,1.36522,0.149559,0.668517,0.66528,12.849,1,0.447935,1.7882,0,131.636,3.64306,129.333,0.84672,12.849,0.84672,3695.15,0,36.966,0.329901,2.76127,1.82979,7.59062,0.97093,10.8809,0.42336,36.966,0.42336,423.524,0,1.02816,0,0,3.78943,2.76127,1.028160,1,0,140.882,0,0,0,140.882,0
72.29,2.60219,0,0,4.38607,0.305845,1.47803,3.6288,61.308,0.487861,0,0,1.56935,0.128736,0.952755,0.66528,12.849,1,0.46252,1.47803,0,115.4,3.32314,113.093,0.84672,12.849,0.84672,3695.15,0,36.966,0.294158,4.54577,2.02817,9.88236,0.934708,15.2274,0.42336,36.966,0.42336,423.524,0,1.02816,0,0,5.57393,4.54577,1.028160,1,0,129.273,0,0,0,129.273,0
72.29,2.60306,0,0,4.08025,0.334763,1.14243,3.6288,61.308,0.488236,0,0,1.07854,0.113663,0.476637,0.66528,12.849,1,0.462674,1.14243,0,125.287,3.41069,122.556,0.84672,12.849,0.84672,3695.15,0,36.966,0.294385,3.04798,1.97287,7.26735,0.896375,11.0974,0.42336,36.966,0.42336,423.524,0,1.02816,0,0,4.07614,3.04798,1.028160,1,0,134.13,0,0,0,134.13,0
72.29,2.60393,0,0,7.1645,0.386918,4.17365,3.6288,61.308,0.488612,0,0,1.22237,0.143506,0.590253,0.66528,12.849,1,0.462828,4.17365,0,152.328,3.36312,152.676,0.84672,12.849,0.84672,3695.15,0,36.966,0.294612,4.94199,1.97353,8.94955,0.929293,14.6412,0.42336,36.966,0.42336,423.524,0,1.02816,0,0,5.97015,4.94199,1.028160,1,0,167.908,0,0,0,167.908,0
72.29,2.27462,0,0,3.65495,0.338136,1.0422,3.6288,61.308,0.329386,0,0,1.10834,0.149522,0.629436,0.66528,12.849,1,0.404296,1.0422,0,135.71,3.12967,133.218,0.84672,12.849,0.84672,3695.15,0,36.966,0.198605,2.71231,1.97418,6.34563,0.988905,9.84462,0.42336,36.966,0.42336,423.524,0,1.02816,0,0,3.74047,2.71231,1.028160,1,0,143.692,0,0,0,143.692,0
72.29,2.14111,0,0,4.99303,0.316592,2.53533,3.6288,61.308,0.428357,0,0,1.19634,0.149186,0.618795,0.66528,12.849,1,0.380566,2.53533,0,113.205,3.04384,112.316,0.84672,12.849,0.84672,3695.15,0,36.966,0.25828,2.88766,1.70431,5.90592,1.00864,9.23098,0.42336,36.966,0.42336,423.524,0,1.02816,0,0,3.91582,2.88766,1.028160,1,0,122.165,0,0,0,122.165,0
72.29,2.14231,0,0,4.27818,0.316592,1.81928,3.6288,61.308,0.428357,0,0,0.947101,0.149186,0.369558,0.66528,12.849,1,0.380779,1.81928,0,108.751,3.04384,107.145,0.84672,12.849,0.84672,3695.15,0,36.966,0.258281,2.10857,1.79741,5.5363,1.00864,8.17537,0.42336,36.966,0.42336,423.524,0,1.02816,0,0,3.13673,2.10857,1.028160,1,0,115.69,0,0,0,115.69,0
72.29,2.1435,0,0,4.24726,0.287297,1.81646,3.6288,61.308,0.428357,0,0,1.01983,0.149437,0.442039,0.66528,12.849,1,0.380991,1.81646,0,123.114,3.23197,121.317,0.84672,12.849,0.84672,3695.15,0,36.966,0.258281,2.98537,1.79768,4.82522,1.06779,8.28219,0.42336,36.966,0.42336,423.524,0,1.02816,0,0,4.01353,2.98537,1.028160,1,0,130.042,0,0,0,130.042,0
72.29,2.1447,0,0,5.13279,0.289773,2.69832,3.6288,61.308,0.428358,0,0,1.70144,0.172842,1.10024,0.66528,12.849,1,0.381204,2.69832,0,115.975,4.22542,114.066,0.84672,12.849,0.84672,3695.15,0,36.966,0.258281,4.33514,1.79794,7.8,1.22306,12.4517,0.42336,36.966,0.42336,423.524,0,1.02816,0,0,5.3633,4.33514,1.028160,1,0,127.618,0,0,0,127.618,0
72.29,2.22915,0,0,5.59446,0.285915,3.0794,3.6288,61.308,0.467467,0,0,1.77201,0.162238,1.1423,0.66528,12.849,1,0.396214,3.0794,0,181.902,4.06192,180.523,0.84672,12.849,0.84672,3695.15,0,36.966,0.281862,4.80406,1.79821,8.13556,1.16981,13.2862,0.42336,36.966,0.42336,423.524,0,1.02816,0,0,5.83222,4.80406,1.028160,1,0,194.952,0,0,0,194.952,0
72.29,2.2836,0,0,4.53131,0.285915,1.96179,3.6288,61.308,0.428371,0,0,1.10915,0.162238,0.518539,0.66528,12.849,1,0.405893,1.96179,0,116.853,4.06192,114.347,0.84672,12.849,0.84672,3695.15,0,36.966,0.258288,2.96089,1.86528,4.7291,1.16981,8.12718,0.42336,36.966,0.42336,423.524,0,1.02816,0,0,3.98905,2.96089,1.028160,1,0,122.993,0,0,0,122.993,0
72.29,2.28484,0,0,4.26361,0.244181,1.73458,3.6288,61.308,0.428371,0,0,0.970082,0.189634,0.352077,0.66528,12.849,1,0.406114,1.73458,0,126.477,4.60177,123.203,0.84672,12.849,0.84672,3695.15,0,36.966,0.258289,2.40515,1.82888,4.25461,1.26939,6.96097,0.42336,36.966,0.42336,423.524,0,1.02816,0,0,3.43331,2.40515,1.028160,1,0,130.516,0,0,0,130.516,0
72.29,2.28609,0,0,3.61188,0.227488,1.09831,3.6288,61.308,0.428371,0,0,0.907941,0.200592,0.278978,0.66528,12.849,1,0.406335,1.09831,0,92.0644,4.81771,87.9386,0.84672,12.849,0.84672,3695.15,0,36.966,0.258289,1.97374,1.82915,3.76289,1.30922,5.99827,0.42336,36.966,0.42336,423.524,0,1.02816,0,0,3.0019,1.97374,1.028160,1,0,94.2159,0,0,0,94.2159,0
72.29,2.25474,0,0,3.2171,0.166503,0.795862,3.6288,61.2795,0.413161,0,0,0.611961,0.227287,0,0.66528,12.849,1,0.400763,0.795862,0,75.4056,4.10004,71.7007,0.84672,12.849,0.84672,3695.15,0,36.966,0.249118,1.61436,1.82943,3.3665,1.21076,5.35041,0.42336,36.966,0.42336,423.524,0,1.02816,0,0,2.64252,1.61436,1.028160,1,0,77.0511,0,0,0,77.0511,0
72.29,2.23527,0,0,2.84443,0.166503,0.442653,3.6288,61.2975,0.428291,0,0,0.673474,0.227246,0,0.66528,12.849,1,0.397302,0.442653,0,70.1343,4.10004,66.0796,0.84672,12.849,0.84672,3695.15,0,36.966,0.25836,1.88567,1.80367,3.49489,1.21076,5.71512,0.42336,36.966,0.42336,423.524,0,1.02816,0,0,2.91383,1.88567,1.028160,1,0,71.7948,0,0,0,71.7948,0
72.0904,2.2365,0,0,2.56625,0.166503,0.36288,3.6288,61.2513,0.428338,0,0,0.609421,0.227272,0,0.66528,12.849,1,0.39752,0.36288,0,64.7896,4.10004,60.655,0.84672,12.849,0.84672,3695.15,0,36.966,0.258313,1.4444,1.81821,3.29885,1.21076,5.09239,0.42336,36.966,0.42336,423.524,0,1.02816,0,0,2.47256,1.4444,1.028160,1,0,65.7473,0,0,0,65.7473,0
72.29,2.23679,0,0,3.00834,0.154105,0.417823,3.6288,61.1598,0.428217,0,0,0.569893,0.233137,0,0.66528,12.849,1,0.398673,0.417823,0,70.2899,4.56789,65.7411,0.84672,12.849,0.84672,3695.15,0,36.966,0.258435,1.43915,1.81848,4.38313,1.2292,6.15312,0.42336,36.966,0.42336,423.524,0,1.02816,0,0,2.46731,1.43915,1.028160,1,0,71.8942,0,0,0,71.8942,0
71.832,2.34973,0,0,2.38393,0.129316,0.36288,3.6288,60.9395,0.481937,0,0,0.491044,0.229384,0,0.66528,12.849,1,0.417647,0.36288,0,56.748,5.03503,51.6582,0.84672,12.849,0.84672,3695.15,0,36.966,0.291291,1.2102,1.81875,2.93772,1.20062,4.47476,0.42336,36.966,0.42336,423.524,0,1.02816,0,0,2.23836,1.2102,1.028160,1,0,56.133,0,0,0,56.133,0
71.1491,2.42217,0,0,2.23509,0.132894,0.36288,3.6288,60.7096,0.427412,0,0,0.412781,0.215253,0,0.66528,12.849,1,0.433268,0.36288,0,49.6229,4.50818,45.0443,0.84672,12.849,0.84672,3695.15,0,36.966,0.259269,0.846452,1.91036,2.36298,1.1446,3.71593,0.42336,36.966,0.42336,423.524,0,1.02816,0,0,1.87461,0.846452,1.028160,1,0,48.7603,0,0,0,48.7603,0
70.2077,2.41994,0,0,1.95934,0.117932,0.36288,3.6288,60.443,0.426802,0,0,0.384544,0.224347,0,0.66528,12.849,1,0.437023,0.36288,0,44.3352,4.61527,39.6458,0.84672,12.849,0.84672,3695.15,0,36.966,0.259879,0.719617,1.86,2.2926,1.17196,3.44037,0.42336,36.966,0.42336,423.524,0,1.02816,0,0,1.74778,0.719617,1.028160,1,0,43.0862,0,0,0,43.0862,0
69.2006,2.41627,0,0,1.85372,0.0816622,0.36288,3.6288,60.1392,0.426091,0,0,0.369719,0.247447,0,0.66528,12.849,1,0.442211,0.36288,0,40.5282,4.88302,35.5658,0.84672,12.849,0.84672,3695.15,0,36.966,0.26059,0.635239,1.86028,2.20552,1.24037,3.20007,0.42336,36.966,0.42336,423.524,0,1.02816,0,0,1.6634,0.635239,1.028160,1,0,38.7659,0,0,0,38.7659,0
68.2201,2.41212,0,0,1.8817,0.0871937,0.36288,3.6288,59.8369,0.425275,0,0,0.35845,0.235478,0,0.66528,12.849,1,0.447876,0.36288,0,42.3324,4.73297,37.5144,0.84672,12.849,0.84672,3695.15,0,36.966,0.261406,0.48498,1.86057,2.41149,1.1901,3.30553,0.42336,36.966,0.42336,423.524,0,1.02816,0,0,1.51314,0.48498,1.028160,1,0,40.8199,0,0,0,40.8199,0
67.3826,2.38623,0,0,2.01338,0.101826,0.36288,3.6288,59.5545,0.453921,0,0,0.377815,0.206352,0,0.66528,12.849,1,0.449438,0.36288,0,46.2232,4.35782,41.7788,0.84672,12.849,0.84672,3695.15,0,36.966,0.280423,0.414867,1.86085,2.57762,1.06442,3.5085,0.42336,36.966,0.42336,423.524,0,1.02816,0,0,1.44303,0.414867,1.028160,1,0,45.2873,0,0,0,45.2873,0
66.3305,2.4026,0,0,1.81457,0.101158,0.36288,3.6288,59.2431,0.457181,0,0,0.351832,0.20598,0,0.66528,12.849,1,0.458145,0.36288,0,42.842,4.35782,38.3889,0.84672,12.849,0.84672,3695.15,0,36.966,0.283777,0.261274,1.89312,2.45422,1.06442,3.26042,0.42336,36.966,0.42336,423.524,0,0.997998,0,0,1.25927,0.261274,1.028160,1,0,41.6493,0,0,0,41.6493,0
65.2279,2.39731,0,0,1.7352,0.0775964,0.36288,3.6288,58.8496,0.466419,0,0,0.33262,0.259699,0,0.66528,12.849,1,0.464387,0.36288,0,38.6243,5.06356,33.4593,0.84672,12.849,0.84672,3695.15,0,36.966,0.291032,0.261274,1.87962,2.33177,1.32203,2.85961,0.42336,36.966,0.42336,423.524,0,0.982083,0,0,1.24336,0.261274,1.028160,1,0,36.3189,0,0,0,36.3189,0
63.9523,2.39154,0,0,1.54666,0.0679068,0.36288,3.6288,58.4002,0.480537,0,0,0.31179,0.280642,0,0.66528,12.849,1,0.471101,0.36288,0,35.0908,5.34587,29.6367,0.84672,12.849,0.84672,3695.15,0,36.966,0.301846,0.261274,1.88024,2.25563,1.42508,2.67022,0.42336,36.966,0.42336,423.524,0,0.957727,0,0,1.219,0.261274,1.028160,1,0,32.3069,0,0,0,32.3069,0
62.5143,2.44016,0,0,1.43919,0.0741148,0.36288,3.6288,57.7349,0.648081,0,0,0.283264,0.300499,0,0.66528,12.849,1,0.490266,0.36288,0,33.6272,5.64881,27.851,0.84672,12.849,0.84672,3695.15,0,36.966,0.41022,0.261274,1.88087,1.62793,1.46427,1.89558,0.42336,36.966,0.42336,423.524,0,0.724922,0,0,0.986196,0.261274,1.028160,1,0,29.7466,0,0,0,29.7466,0
61.0284,2.43161,0,0,1.38296,0.0743885,0.36288,3.6288,57.0572,0.62598,0,0,0.25085,0.302641,0,0.66528,12.849,1,0.499786,0.36288,0,32.8889,5.6993,27.0526,0.84672,12.849,0.84672,3695.15,0,36.966,0.400797,0.261274,1.92688,1.63325,1.4708,1.9498,0.42336,36.966,0.42336,423.524,0,0.757037,0,0,1.01831,0.261274,1.028160,1,0,29.0025,0,0,0,29.0025,0
59.4638,2.42236,0,0,1.29413,0.0734826,0.36288,3.6288,56.3586,0.629417,0,0,0.232196,0.301314,0,0.66528,12.849,1,0.510008,0.36288,0,29.6904,5.6993,23.844,0.84672,12.849,0.84672,3695.15,0,36.966,0.407785,0.227405,1.92752,1.45765,1.4708,1.73399,0.42336,36.966,0.42336,423.524,0,0.747204,0,0,0.974609,0.227405,1.028160,1,0,25.578,0,0,0,25.578,0
57.8044,2.41213,0,0,1.18808,0.0724553,0.36288,3.6288,55.5938,0.694483,0,0,0.229645,0.299947,0,0.66528,12.849,1,0.521215,0.36288,0,27.1404,5.6993,21.2828,0.84672,12.849,0.84672,3695.15,0,36.966,0.42336,0.227405,1.92816,1.42564,1.4708,1.68704,0.42336,36.966,0.42336,423.524,0,0.667155,0,0,0.89456,0.227405,1.028160,1,0,22.9698,0,0,0,22.9698,0
56.1482,2.51278,0,0,1.2837,0.0642583,0.36288,3.6288,54.9639,0.591679,0,0,0.250682,0.288975,0,0.66528,12.849,1,0.55855,0.36288,0,27.3408,5.8995,21.2456,0.84672,12.849,0.84672,3695.15,0,36.966,0.393425,0.227405,1.9288,1.98443,1.52364,2.22356,0.42336,36.966,0.42336,423.524,0,0.917689,0,0,1.14509,0.227405,1.028160,1,0,23.4692,0,0,0,23.4692,0
54.1999,2.5002,0,0,0.984035,0.069194,0.36288,3.6288,54.1746,0.697721,0,0,0.187699,0.279233,0,0.66528,12.849,1,0.572147,0.36288,0,24.2554,5.91413,18.132,0.84672,12.849,0.84672,3695.15,0,36.966,0.42336,0.227405,2.04566,1.54989,1.53365,1.86595,0.42336,36.966,0.42336,423.524,0,0.782343,0,0,1.00975,0.227405,1.028160,1,0,19.998,0,0,0,19.998,0
52.248,2.4844,0,0,0.963161,0.0678555,0.36288,3.6288,53.3402,0.732117,0,0,0.175493,0.277782,0,0.66528,12.849,1,0.588967,0.36288,0,22.134,5.91413,15.9937,0.84672,12.849,0.84672,3695.15,0,36.966,0.42336,0.204422,2.04634,1.5556,1.53365,1.84936,0.42336,36.966,0.42336,423.524,0,0.748578,0,0,0.953001,0.204422,1.028160,1,0,17.8431,0,0,0,17.8431,0
50.7504,2.46755,0,0,1.39933,0.0665144,0.36288,3.6288,52.683,0.582806,0,0,0.201649,0.276069,0,0.66528,12.849,1,0.606829,0.36288,0,25.2091,5.91413,19.051,0.84672,12.849,0.84672,3695.15,0,36.966,0.403898,0.204422,2.04702,1.72474,1.53365,2.03864,0.42336,36.966,0.42336,423.524,0,0.917983,0,0,1.12241,0.204422,1.028160,1,0,21.0897,0,0,0,21.0897,0
49.6657,2.45408,0,0,1.82679,0.0944468,0.36288,3.6288,52.1257,0.549676,0,0,0.247443,0.25509,0,0.66528,12.849,1,0.621324,0.36288,0,38.461,5.56087,32.6416,0.84672,12.849,0.84672,3695.15,0,36.966,0.38569,0.204422,2.0477,1.92122,1.46556,2.32209,0.42336,36.966,0.42336,423.524,0,0.969952,0,0,1.17437,0.204422,1.028160,1,0,34.9637,0,0,0,34.9637,0
48.205,2.41502,0,0,1.42176,0.104624,0.36288,3.6288,51.6797,0.4803,0,0,0.22016,0.185773,0,0.66528,12.849,1,0.624789,0.36288,0,43.309,4.42081,38.6263,0.84672,12.849,0.84672,3695.15,0,36.966,0.340615,0.257437,2.04838,2.05153,1.21358,2.80315,0.42336,36.966,0.42336,423.524,0,1.02816,0,0,1.2856,0.257437,1.028160,1,0,41.4295,0,0,0,41.4295,0
46.3846,2.40087,0,0,1.04634,0.102988,0.36288,3.6288,51.1693,0.503363,0,0,0.17803,0.185106,0,0.66528,12.849,1,0.63995,0.36288,0,21.9958,4.42081,17.2979,0.84672,12.849,0.84672,3695.15,0,36.966,0.360051,0.216518,1.99826,1.58326,1.21358,2.2244,0.42336,36.966,0.42336,423.524,0,0.986273,0,0,1.20279,0.216518,1.028160,1,0,19.5223,0,0,0,19.5223,0
44.5112,2.38199,0,0,0.972475,0.100947,0.36288,3.6288,50.6731,0.491577,0,0,0.179705,0.184342,0,0.66528,12.849,1,0.659836,0.36288,0,16.2715,4.42081,11.5538,0.84672,12.849,0.84672,3695.15,0,36.966,0.355127,0.216518,1.99892,1.50088,1.21358,2.1476,0.42336,36.966,0.42336,423.524,0,1.0036,0,0,1.22011,0.216518,1.028160,1,0,13.7014,0,0,0,13.7014,0
42.6309,2.36122,0,0,1.00634,0.162567,0.36288,3.6288,50.1301,0.584903,0,0,0.180695,0.138783,0,0.66528,12.849,1,0.681611,0.36288,0,13.6075,3.32874,9.96001,0.84672,12.849,0.84672,3695.15,0,36.966,0.42336,0.216518,1.99958,1.4421,0.966742,2.26809,0.42336,36.966,0.42336,423.524,0,0.842651,0,0,1.05917,0.216518,1.028160,1,0,12.2281,0,0,0,12.2281,0
40.9294,2.27848,0,0,1.10895,0.16906,0.36288,3.6288,49.6975,0.470443,0,0,0.22727,0.189406,0,0.66528,12.849,1,0.686736,0.36288,0,21.0583,4.02226,16.7122,0.84672,12.849,0.84672,3695.15,0,36.966,0.346905,0.216518,2.00024,2.11923,0.922249,3.06684,0.42336,36.966,0.42336,423.524,0,0.94899,0,0,1.16551,0.216518,1.028160,1,0,19.779,0,0,0,19.779,0
38.9686,2.2575,0,0,0.839333,0.179777,0.36288,3.6288,48.7435,0.885986,0,0,0.145647,0.213636,0,0.66528,12.849,1,0.708698,0.36288,0,17.039,4.50166,12.1915,0.84672,12.849,0.84672,3695.15,0,36.966,0.42336,0.216518,1.92035,1.85641,0.978669,2.59125,0.42336,36.966,0.42336,423.524,0,0.457577,0,0,0.674095,0.216518,1.028160,1,0,14.7828,0,0,0,14.7828,0
37.3059,2.23142,0,0,1.10727,0.175687,0.36288,3.6288,48.4425,0.420472,0,0,0.331423,0.211961,0,0.66528,12.849,1,0.735759,0.36288,0,22.7971,4.50166,17.9225,0.84672,12.849,0.84672,3695.15,0,36.966,0.318876,0.690648,1.92099,3.29977,0.978669,4.61386,0.42336,36.966,0.42336,423.524,0,1.02816,0,0,1.71881,0.690648,1.028160,1,0,22.5364,0,0,0,22.5364,0
37.5593,2.20776,0,0,2.9964,0.172306,0.36288,3.6288,48.5818,0.41968,0,0,0.77035,0.211433,0,0.66528,12.849,1,0.760402,0.36288,0,68.0902,4.50166,63.191,0.84672,12.849,0.84672,3695.15,0,36.966,0.320254,2.0772,1.92163,5.75119,0.978669,8.4511,0.42336,36.966,0.42336,423.524,0,1.02816,0,0,3.10536,2.0772,1.028160,1,0,71.6421,0,0,0,71.6421,0
36.4087,2.0457,0,0,1.47206,0.214099,0.36288,3.6288,48.3662,0.319644,0,0,0.294286,0.190171,0,0.66528,12.849,1,0.699832,0.36288,0,32.0114,3.92409,27.7503,0.84672,12.849,0.84672,3695.15,0,36.966,0.243218,0.838331,1.92226,2.94221,0.88456,4.57503,0.42336,36.966,0.42336,423.524,0,1.02816,0,0,1.86649,0.838331,1.028160,1,0,32.3254,0,0,0,32.3254,0
35.1698,1.93892,0,0,1.2828,0.219911,0.36288,3.6288,47.9774,0.389191,0,0,0.182122,0.1818,0,0.66528,12.849,1,0.684264,0.36288,0,28.0607,3.93098,23.8084,0.84672,12.849,0.84672,3695.15,0,36.966,0.297456,1.64323,1.74374,3.0931,1.0696,5.11301,0.42336,36.966,0.42336,423.524,0,1.02816,0,0,2.67139,1.64323,1.028160,1,0,28.9214,0,0,0,28.9214,0
34.1377,1.92232,0,0,1.47148,0.218358,0.36288,3.6288,47.57,0.387829,0,0,0.156809,0.176334,0,0.66528,12.849,1,0.702303,0.36288,0,32.5889,3.93351,28.3159,0.84672,12.849,0.84672,3695.15,0,36.966,0.298818,0.832896,1.81644,2.57192,1.08539,3.83705,0.42336,36.966,0.42336,423.524,0,1.02816,0,0,1.86106,0.832896,1.028160,1,0,32.153,0,0,0,32.153,0
33.4902,1.90793,0,0,1.83895,0.21563,0.36288,3.6288,47.347,0.386389,0,0,0.339066,0.175735,0,0.66528,12.849,1,0.718121,0.36288,0,40.7373,3.93351,36.4486,0.84672,12.849,0.84672,3695.15,0,36.966,0.300258,0.750324,1.81671,2.63414,1.08539,3.81552,0.42336,36.966,0.42336,423.524,0,1.02816,0,0,1.77848,0.750324,1.028160,1,0,40.2641,0,0,0,40.2641,0
32.6524,1.89894,0,0,1.63789,0.213918,0.36288,3.6288,47.203,0.385595,0,0,0.417042,0.175408,0,0.66528,12.849,1,0.728554,0.36288,0,36.3131,3.93351,32.0139,0.84672,12.849,0.84672,3695.15,0,36.966,0.301052,1.39006,1.81698,3.17714,1.08539,4.99774,0.42336,36.966,0.42336,423.524,0,1.02816,0,0,2.41822,1.39006,1.028160,1,0,37.0116,0,0,0,37.0116,0
34.0645,1.94836,0,0,3.90538,0.182031,0.36288,3.6288,47.1024,0.41397,0,0,0.460318,0.146926,0,0.66528,12.849,1,0.766696,0.36288,0,42.2033,3.60234,38.1971,0.84672,12.849,0.84672,3695.15,0,36.966,0.324192,0.791579,1.81725,3.43525,0.903381,4.8165,0.42336,36.966,0.42336,423.524,0,1.02816,0,0,1.81974,0.791579,1.028160,1,0,43.0136,0,0,0,43.0136,0
34.9051,2.00988,0,0,3.39858,0.185241,0.36288,3.6288,47.1457,0.384717,0,0,0.574797,0.146802,0,0.66528,12.849,1,0.758119,0.36288,0,45.9167,3.60234,41.9191,0.84672,12.849,0.84672,3695.15,0,36.966,0.301926,1.14336,1.87346,3.6271,0.903381,5.43861,0.42336,36.966,0.42336,423.524,0,1.02816,0,0,2.17152,1.14336,1.028160,1,0,47.3577,0,0,0,47.3577,0
40.1734,2.02427,0,0,7.84266,0.187152,0.36288,3.6288,48.2398,0.384872,0,0,1.62586,0.146856,0,0.66528,12.849,1,0.745158,0.36288,0,130.519,3.60234,126.535,0.84672,12.849,0.84672,3695.15,0,36.966,0.301771,3.50813,1.84358,7.72508,0.903381,11.8716,0.42336,36.966,0.42336,423.524,0,1.02816,0,0,4.53629,3.50813,1.028160,1,0,138.406,0,0,0,138.406,0
45.0017,2.09938,0,0,7.50434,0.213817,0.36288,3.6288,49.2314,0.388747,0,0,1.53731,0.156966,0,0.66528,12.849,1,0.671463,0.36288,0,133.025,3.78525,128.931,0.84672,12.849,0.84672,3695.15,0,36.966,0.297896,4.7081,1.84385,7.00047,0.950315,12.3042,0.42336,36.966,0.42336,423.524,0,1.02816,0,0,5.73626,4.7081,1.028160,1,0,141.235,0,0,0,141.235,0
52.4024,2.372,0,0,10.3778,0.242206,0.36288,3.6288,50.1177,0.502796,0,0,1.56066,0.171614,0,0.66528,12.849,1,0.67726,0.36288,0,265.124,3.75064,261.059,0.84672,12.849,0.84672,3695.15,0,36.966,0.37753,4.87476,1.84411,8.95406,1.01646,14.2789,0.42336,36.966,0.42336,423.524,0,1.02816,0,0,5.90292,4.87476,1.028160,1,0,275.338,0,0,0,275.338,0
54.996,2.50385,0,0,5.70426,0.243932,0.36288,3.6288,50.4119,0.468104,0,0,0.928579,0.166272,0,0.66528,12.849,1,0.613941,0.36288,0,79.2582,3.38173,75.6254,0.84672,12.849,0.84672,3695.15,0,36.966,0.345266,1.31488,2.04593,4.40728,0.978072,6.44475,0.42336,36.966,0.42336,423.524,0,1.02816,0,0,2.34304,1.31488,1.028160,1,0,82.0701,0,0,0,82.0701,0
57.4696,2.52812,0,0,5.61505,0.250456,0.36288,3.6288,50.9056,0.469604,0,0,1.12995,0.166672,0,0.66528,12.849,1,0.590658,0.36288,0,76.6843,3.38173,73.0748,0.84672,12.849,0.84672,3695.15,0,36.966,0.344351,1.88341,2.00704,5.15834,0.978072,7.72636,0.42336,36.966,0.42336,423.524,0,1.02816,0,0,2.91157,1.88341,1.028160,1,0,80.8012,0,0,0,80.8012,0
59.2913,2.54971,0,0,5.02292,0.28865,0.36288,3.6288,51.2984,0.471877,0,0,1.01457,0.149811,0,0.66528,12.849,1,0.570062,0.36288,0,72.0242,3.49116,68.3259,0.84672,12.849,0.84672,3695.15,0,36.966,0.342663,1.54233,2.00768,4.6445,0.930155,6.92169,0.42336,36.966,0.42336,423.524,0,1.02816,0,0,2.57049,1.54233,1.028160,1,0,75.2476,0,0,0,75.2476,0
60.3695,2.2398,0,0,3.97011,0.28924,0.36288,3.6288,52.0431,0.322485,0,0,1.22245,0.15526,0,0.66528,12.849,1,0.485386,0.36288,0,79.6599,3.80961,75.7278,0.84672,12.849,0.84672,3695.15,0,36.966,0.232385,3.1956,2.00832,6.72181,1.03855,10.6548,0.42336,36.966,0.42336,423.524,0,1.02816,0,0,4.22376,3.1956,1.028160,1,0,86.3826,0,0,0,86.3826,0
61.733,2.13944,0,0,4.1447,0.278901,0.36288,3.6288,52.5622,0.401464,0,0,1.08583,0.165256,0,0.66528,12.849,1,0.455358,0.36288,0,87.9941,4.01562,83.886,0.84672,12.849,0.84672,3695.15,0,36.966,0.285158,1.29771,1.73375,6.08202,1.13422,7.69411,0.42336,36.966,0.42336,423.524,0,1.02816,0,0,2.32587,1.29771,1.028160,1,0,91.5801,0,0,0,91.5801,0
62.4214,2.1489,0,0,3.48226,0.282073,0.36288,3.6288,53.1976,0.403118,0,0,1.20442,0.165948,0,0.66528,12.849,1,0.447269,0.36288,0,99.5077,4.01562,95.4077,0.84672,12.849,0.84672,3695.15,0,36.966,0.283505,1.5065,1.81111,7.2211,1.13422,9.12099,0.42336,36.966,0.42336,423.524,0,1.02816,0,0,2.53466,1.5065,1.028160,1,0,104.529,0,0,0,104.529,0
64.9272,2.15413,0,0,5.30655,0.283675,0.36288,3.6288,54.0566,0.405116,0,0,1.43089,0.166794,0,0.66528,12.849,1,0.443412,0.36288,0,92.1231,4.01562,88.027,0.84672,12.849,0.84672,3695.15,0,36.966,0.281507,2.13323,1.81136,10.616,1.13422,13.1449,0.42336,36.966,0.42336,423.524,0,1.02816,0,0,3.16139,2.13323,1.028160,1,0,101.172,0,0,0,101.172,0
67.124,2.16955,0,0,5.01393,0.284742,0.36288,3.6288,55.5068,0.407772,0,0,2.03771,0.179682,0,0.66528,12.849,1,0.429351,0.36288,0,130.88,4.07286,126.74,0.84672,12.849,0.84672,3695.15,0,36.966,0.278851,3.76016,1.81162,9.60668,1.15839,13.7412,0.42336,36.966,0.42336,423.524,0,1.02816,0,0,4.78832,3.76016,1.028160,1,0,140.481,0,0,0,140.481,0
67.5639,2.2662,0,0,3.38561,0.31661,0.36288,3.6288,55.6978,0.450423,0,0,0.839528,0.198117,0,0.66528,12.849,1,0.433801,0.36288,0,64.5914,4.56656,59.954,0.84672,12.849,0.84672,3695.15,0,36.966,0.299969,1.16424,1.81188,4.18567,1.17462,5.68719,0.42336,36.966,0.42336,423.524,0,1.02816,0,0,2.1924,1.16424,1.028160,1,0,65.6411,0,0,0,65.6411,0
69.1679,2.32333,0,0,4.60788,0.31771,0.36288,3.6288,56.1061,0.412724,0,0,1.01938,0.198365,0,0.66528,12.849,1,0.441841,0.36288,0,79.9876,4.56656,75.342,0.84672,12.849,0.84672,3695.15,0,36.966,0.27392,1.59434,1.88009,6.26414,1.17462,8.29003,0.42336,36.966,0.42336,423.524,0,1.02816,0,0,2.6225,1.59434,1.028160,1,0,83.6321,0,0,0,83.6321,0
70.9618,2.33317,0,0,4.77682,0.286854,0.36288,3.6288,56.8103,0.413925,0,0,1.33545,0.217301,0,0.66528,12.849,1,0.433423,0.36288,0,94.4568,4.79924,89.587,0.84672,12.849,0.84672,3695.15,0,36.966,0.272718,2.76946,1.84305,6.82826,1.22042,9.94763,0.42336,36.966,0.42336,423.524,0,1.02816,0,0,3.79762,2.76946,1.028160,1,0,99.5347,0,0,0,99.5347,0
71.3112,2.34365,0,0,3.33562,0.279658,0.36288,3.6288,56.91,0.415973,0,0,0.742769,0.227095,0,0.66528,12.849,1,0.424364,0.36288,0,75.6605,4.14708,71.4519,0.84672,12.849,0.84672,3695.15,0,36.966,0.27067,1.09129,1.84332,4.15047,1.25574,5.55866,0.42336,36.966,0.42336,423.524,0,1.02816,0,0,2.11945,1.09129,1.028160,1,0,77.0106,0,0,0,77.0106,0
71.5744,2.31354,0,0,3.18156,0.241928,0.36288,3.6288,56.9142,0.401227,0,0,0.608197,0.202807,0,0.66528,12.849,1,0.416858,0.36288,0,61.2398,3.95349,57.2323,0.84672,12.849,0.84672,3695.15,0,36.966,0.260618,0.901783,1.84358,3.32811,1.21403,4.59883,0.42336,36.966,0.42336,423.524,0,1.02816,0,0,1.92994,0.901783,1.028160,1,0,61.8312,0,0,0,61.8312,0
71.5297,2.29501,0,0,2.85359,0.240428,0.36288,3.6288,56.9316,0.416268,0,0,0.6301,0.196427,0,0.66528,12.849,1,0.411999,0.36288,0,55.5671,3.89214,51.6259,0.84672,12.849,0.84672,3695.15,0,36.966,0.270368,0.989643,1.81737,3.29863,1.20136,4.63392,0.42336,36.966,0.42336,423.524,0,1.02816,0,0,2.0178,0.989643,1.028160,1,0,56.2598,0,0,0,56.2598,0
71.6109,2.29598,0,0,2.98039,0.240346,0.36288,3.6288,56.8586,0.416318,0,0,0.539732,0.196449,0,0.66528,12.849,1,0.41243,0.36288,0,55.1102,3.89214,51.1686,0.84672,12.849,0.84672,3695.15,0,36.966,0.270318,0.647188,1.83214,3.87052,1.20136,4.87818,0.42336,36.966,0.42336,423.524,0,1.02816,0,0,1.67535,0.647188,1.028160,1,0,56.0467,0,0,0,56.0467,0
71.6588,2.29756,0,0,2.91255,0.20419,0.36288,3.6288,56.7551,0.416108,0,0,0.526326,0.213658,0,0.66528,12.849,1,0.412247,0.36288,0,54.7929,5.29569,49.4478,0.84672,12.849,0.84672,3695.15,0,36.966,0.270528,0.722114,1.83241,3.49682,1.25669,4.52412,0.42336,36.966,0.42336,423.524,0,1.02816,0,0,1.75027,0.722114,1.028160,1,0,53.972,0,0,0,53.972,0
71.0579,2.41151,0,0,2.37008,0.196569,0.36288,3.6288,56.5711,0.469133,0,0,0.488919,0.203792,0,0.66528,12.849,1,0.432403,0.36288,0,34.5152,5.10095,29.3447,0.84672,12.849,0.84672,3695.15,0,36.966,0.305558,0.498044,1.83267,2.70147,1.18694,3.53969,0.42336,36.966,0.42336,423.524,0,1.02816,0,0,1.5262,0.498044,1.028160,1,0,32.8844,0,0,0,32.8844,0
70.4047,2.48213,0,0,2.37532,0.183519,0.36288,3.6288,56.4921,0.416773,0,0,0.53052,0.192732,0,0.66528,12.849,1,0.44883,0.36288,0,35.8872,4.55321,31.248,0.84672,12.849,0.84672,3695.15,0,36.966,0.272337,0.650488,1.92583,2.53982,1.02413,3.81967,0.42336,36.966,0.42336,423.524,0,1.02816,0,0,1.67865,0.650488,1.028160,1,0,35.0677,0,0,0,35.0677,0
69.5402,2.4794,0,0,2.11349,0.135772,0.36288,3.6288,56.3012,0.416872,0,0,0.434989,0.209015,0,0.66528,12.849,1,0.452495,0.36288,0,33.2857,4.77992,28.4162,0.84672,12.849,0.84672,3695.15,0,36.966,0.272783,0.397587,1.87603,2.17434,1.06974,3.10542,0.42336,36.966,0.42336,423.524,0,1.02816,0,0,1.42575,0.397587,1.028160,1,0,31.5216,0,0,0,31.5216,0
68.5418,2.47543,0,0,1.97479,0.134868,0.36288,3.6288,55.9659,0.473779,0,0,0.347201,0.208755,0,0.66528,12.849,1,0.457388,0.36288,0,30.6531,4.77992,25.7787,0.84672,12.849,0.84672,3695.15,0,36.966,0.311071,0.30119,1.87662,2.01022,1.06974,2.80722,0.42336,36.966,0.42336,423.524,0,0.933509,0,0,1.2347,0.30119,1.028160,1,0,28.5859,0,0,0,28.5859,0
67.4974,2.47061,0,0,1.92354,0.134407,0.36288,3.6288,55.5749,0.46226,0,0,0.308232,0.236941,0,0.66528,12.849,1,0.463145,0.36288,0,28.6676,5.27862,23.2887,0.84672,12.849,0.84672,3695.15,0,36.966,0.305327,0.30119,1.87721,1.93171,1.18716,2.61763,0.42336,36.966,0.42336,423.524,0,0.951316,0,0,1.25251,0.30119,1.028160,1,0,25.9063,0,0,0,25.9063,0
66.3857,2.44329,0,0,1.80195,0.107465,0.36288,3.6288,55.263,0.444259,0,0,0.360727,0.228433,0,0.66528,12.849,1,0.465111,0.36288,0,32.1743,5.07581,26.9963,0.84672,12.849,0.84672,3695.15,0,36.966,0.295502,0.507565,1.87781,1.79077,1.24448,2.63617,0.42336,36.966,0.42336,423.524,0,1.02816,0,0,1.53573,0.507565,1.028160,1,0,29.6325,0,0,0,29.6325,0
65.1347,2.43753,0,0,1.65593,0.106525,0.36288,3.6288,54.9418,0.443595,0,0,0.350361,0.227966,0,0.66528,12.849,1,0.471786,0.36288,0,31.6662,5.07581,26.4815,0.84672,12.849,0.84672,3695.15,0,36.966,0.296726,0.508213,1.91093,1.80578,1.24448,2.68373,0.42336,36.966,0.42336,423.524,0,1.02816,0,0,1.53637,0.508213,1.028160,1,0,29.1652,0,0,0,29.1652,0
63.743,2.43073,0,0,1.5073,0.105466,0.36288,3.6288,54.5991,0.442893,0,0,0.327694,0.227485,0,0.66528,12.849,1,0.479506,0.36288,0,30.3995,5.07581,25.2071,0.84672,12.849,0.84672,3695.15,0,36.966,0.297988,0.303005,1.91153,1.69636,1.24448,2.36844,0.42336,36.966,0.42336,423.524,0,1.02816,0,0,1.33116,0.303005,1.028160,1,0,27.5755,0,0,0,27.5755,0
62.2524,2.42279,0,0,1.38601,0.0909327,0.36288,3.6288,54.2114,0.442112,0,0,0.312863,0.258483,0,0.66528,12.849,1,0.488374,0.36288,0,26.9501,5.49925,21.3254,0.84672,12.849,0.84672,3695.15,0,36.966,0.299329,0.296387,1.91214,1.63227,1.39904,2.14243,0.42336,36.966,0.42336,423.524,0,1.02816,0,0,1.32455,0.296387,1.028160,1,0,23.4678,0,0,0,23.4678,0
60.6692,2.47019,0,0,1.3335,0.0836252,0.36288,3.6288,53.6977,0.518765,0,0,0.291245,0.286129,0,0.66528,12.849,1,0.509852,0.36288,0,23.8459,5.56008,18.1388,0.84672,12.849,0.84672,3695.15,0,36.966,0.353739,0.261274,1.91275,1.3364,1.48791,1.66877,0.42336,36.966,0.42336,423.524,0,0.940913,0,0,1.20219,0.261274,1.028160,1,0,19.8076,0,0,0,19.8076,0
59.0171,2.45999,0,0,1.25785,0.0870324,0.36288,3.6288,53.1685,0.535518,0,0,0.285998,0.279686,0,0.66528,12.849,1,0.520997,0.36288,0,22.2833,5.35857,16.7666,0.84672,12.849,0.84672,3695.15,0,36.966,0.368655,0.261274,1.95951,1.26376,1.44102,1.67486,0.42336,36.966,0.42336,423.524,0,0.909818,0,0,1.17109,0.261274,1.028160,1,0,18.4414,0,0,0,18.4414,0
57.2337,2.44879,0,0,1.11393,0.0857026,0.36288,3.6288,52.5971,0.561422,0,0,0.268569,0.278508,0,0.66528,12.849,1,0.533142,0.36288,0,20.9949,5.35857,15.4661,0.84672,12.849,0.84672,3695.15,0,36.966,0.390335,0.227405,1.96013,1.25145,1.44102,1.60763,0.42336,36.966,0.42336,423.524,0,0.862808,0,0,1.09021,0.227405,1.028160,1,0,17.0737,0,0,0,17.0737,0
55.3624,2.43599,0,0,1.01187,0.084227,0.36288,3.6288,51.9806,0.600622,0,0,0.261291,0.277237,0,0.66528,12.849,1,0.546882,0.36288,0,19.7633,5.35857,14.2207,0.84672,12.849,0.84672,3695.15,0,36.966,0.422126,0.227405,1.96075,1.20679,1.44102,1.5318,0.42336,36.966,0.42336,423.524,0,0.792392,0,0,1.0198,0.227405,1.028160,1,0,15.7525,0,0,0,15.7525,0
53.3777,2.53483,0,0,0.986844,0.0738352,0.36288,3.6288,51.2379,0.71529,0,0,0.261396,0.288805,0,0.66528,12.849,1,0.588307,0.36288,0,19.3667,5.66577,13.4755,0.84672,12.849,0.84672,3695.15,0,36.966,0.42336,0.227405,1.96137,1.31053,1.46669,1.60925,0.42336,36.966,0.42336,423.524,0,0.796245,0,0,1.02365,0.227405,1.028160,1,0,15.0848,0,0,0,15.0848,0
51.6077,2.518,0,0,1.19324,0.0823572,0.36288,3.6288,50.5253,0.656796,0,0,0.248863,0.304613,0,0.66528,12.849,1,0.606129,0.36288,0,21.1861,5.84913,15.0938,0.84672,12.849,0.84672,3695.15,0,36.966,0.42336,0.227405,2.08018,1.29725,1.47798,1.70349,0.42336,36.966,0.42336,423.524,0,0.855351,0,0,1.08276,0.227405,1.028160,1,0,16.7973,0,0,0,16.7973,0
49.9325,2.50215,0,0,1.27061,0.0808689,0.36288,3.6288,50.0043,0.524337,0,0,0.306113,0.302852,0,0.66528,12.849,1,0.62297,0.36288,0,26.9602,5.84913,20.8509,0.84672,12.849,0.84672,3695.15,0,36.966,0.383622,0.30634,2.08083,1.44896,1.47798,1.97454,0.42336,36.966,0.42336,423.524,0,1.02816,0,0,1.3345,0.30634,1.028160,1,0,22.8255,0,0,0,22.8255,0
48.0491,2.48631,0,0,1.04533,0.0794602,0.36288,3.6288,49.1199,0.805722,0,0,0.222937,0.301564,0,0.66528,12.849,1,0.639796,0.36288,0,24.6998,5.84913,18.5737,0.84672,12.849,0.84672,3695.15,0,36.966,0.42336,0.204422,2.08149,1.18677,1.47798,1.57135,0.42336,36.966,0.42336,423.524,0,0.707651,0,0,0.912073,0.204422,1.028160,1,0,20.1451,0,0,0,20.1451,0
46.4437,2.4673,0,0,1.30266,0.0778645,0.36288,3.6288,48.6879,0.518773,0,0,0.386195,0.299379,0,0.66528,12.849,1,0.659791,0.36288,0,24.0763,5.84913,17.9303,0.84672,12.849,0.84672,3695.15,0,36.966,0.390412,0.77423,2.08215,1.85096,1.47798,2.83896,0.42336,36.966,0.42336,423.524,0,1.02816,0,0,1.80239,0.77423,1.028160,1,0,20.7692,0,0,0,20.7692,0
45.1728,2.42106,0,0,1.59597,0.0829462,0.36288,3.6288,48.1788,0.484281,0,0,0.257306,0.282204,0,0.66528,12.849,1,0.669804,0.36288,0,25.9176,5.42325,20.1874,0.84672,12.849,0.84672,3695.15,0,36.966,0.367687,0.329651,2.08281,1.31101,1.27178,2.08401,0.42336,36.966,0.42336,423.524,0,1.02816,0,0,1.35781,0.329651,1.028160,1,0,22.2714,0,0,0,22.2714,0
43.7402,2.40715,0,0,1.41913,0.081776,0.36288,3.6288,47.7916,0.482418,0,0,0.376309,0.281013,0,0.66528,12.849,1,0.684691,0.36288,0,21.9865,5.42325,16.2414,0.84672,12.849,0.84672,3695.15,0,36.966,0.370144,1.21039,2.03181,1.50679,1.27178,3.10706,0.42336,36.966,0.42336,423.524,0,1.02816,0,0,2.23855,1.21039,1.028160,1,0,19.3485,0,0,0,19.3485,0
42.1581,2.39057,0,0,1.2519,0.0804569,0.36288,3.6288,47.2423,0.481063,0,0,0.211864,0.280108,0,0.66528,12.849,1,0.702248,0.36288,0,22.7746,5.42325,17.012,0.84672,12.849,0.84672,3695.15,0,36.966,0.372094,0.327266,2.03246,1.12996,1.27178,1.84581,0.42336,36.966,0.42336,423.524,0,1.02816,0,0,1.35543,0.327266,1.028160,1,0,18.8578,0,0,0,18.8578,0
40.4074,2.37112,0,0,1.06231,0.0790003,0.36288,3.6288,46.6707,0.48593,0,0,0.193124,0.278824,0,0.66528,12.849,1,0.722673,0.36288,0,21.0442,5.42325,15.2611,0.84672,12.849,0.84672,3695.15,0,36.966,0.380229,0.216518,2.0331,1.07521,1.27178,1.67282,0.42336,36.966,0.42336,423.524,0,1.01575,0,0,1.23227,0.216518,1.028160,1,0,16.934,0,0,0,16.934,0
39.8219,2.28745,0,0,2.18544,0.1207,0.36288,3.6288,46.2713,0.428408,0,0,0.241983,0.212967,0,0.66528,12.849,1,0.727377,0.36288,0,38.248,4.35219,33.5313,0.84672,12.849,0.84672,3695.15,0,36.966,0.339325,0.552338,2.03374,1.61601,1.00395,2.85882,0.42336,36.966,0.42336,423.524,0,1.02816,0,0,1.5805,0.552338,1.028160,1,0,36.3901,0,0,0,36.3901,0
40.2045,2.28008,0,0,3.19187,0.166296,0.36288,3.6288,46.059,0.427096,0,0,0.357768,0.142943,0,0.66528,12.849,1,0.735697,0.36288,0,39.2278,3.26833,35.5867,0.84672,12.849,0.84672,3695.15,0,36.966,0.341205,0.811909,1.95249,2.23235,0.698626,3.95692,0.42336,36.966,0.42336,423.524,0,1.02816,0,0,1.84007,0.811909,1.028160,1,0,39.5436,0,0,0,39.5436,0
41.6159,2.28611,0,0,4.22745,0.167058,0.36288,3.6288,45.8374,0.426538,0,0,0.347576,0.142663,0,0.66528,12.849,1,0.730622,0.36288,0,53.4443,3.26833,49.8082,0.84672,12.849,0.84672,3695.15,0,36.966,0.34233,1.08279,1.9531,2.58197,0.698626,4.57691,0.42336,36.966,0.42336,423.524,0,1.02816,0,0,2.11095,1.08279,1.028160,1,0,54.3851,0,0,0,54.3851,0
42.7096,2.30577,0,0,3.93227,0.16987,0.36288,3.6288,45.914,0.425936,0,0,0.644843,0.14237,0,0.66528,12.849,1,0.711914,0.36288,0,86.3024,3.26833,82.685,0.84672,12.849,0.84672,3695.15,0,36.966,0.3435,1.1363,1.95372,3.58423,0.698626,5.63212,0.42336,36.966,0.42336,423.524,0,1.02816,0,0,2.16446,1.1363,1.028160,1,0,88.3171,0,0,0,88.3171,0
43.5472,2.14576,0,0,3.53028,0.184037,0.36288,3.6288,46.049,0.326508,0,0,0.616678,0.155102,0,0.66528,12.849,1,0.645543,0.36288,0,75.1049,3.69581,71.1265,0.84672,12.849,0.84672,3695.15,0,36.966,0.262877,1.47993,1.95434,2.94031,0.798038,5.31366,0.42336,36.966,0.42336,423.524,0,1.02816,0,0,2.50809,1.47993,1.028160,1,0,76.4401,0,0,0,76.4401,0
43.3973,2.08133,0,0,2.51034,0.216081,0.36288,3.6288,45.9972,0.380879,0,0,0.515979,0.186912,0,0.66528,12.849,1,0.614117,0.36288,0,69.1959,4.76448,64.1801,0.84672,12.849,0.84672,3695.15,0,36.966,0.305752,1.24362,1.77281,1.76675,1.04657,3.43086,0.42336,36.966,0.42336,423.524,0,1.02816,0,0,2.27178,1.24362,1.028160,1,0,67.611,0,0,0,67.611,0
42.0108,2.08077,0,0,1.27291,0.21571,0.36288,3.6288,45.6495,0.49828,0,0,0.337338,0.186823,0,0.66528,12.849,1,0.616072,0.36288,0,44.1322,4.76448,39.1145,0.84672,12.849,0.84672,3695.15,0,36.966,0.400446,0.412474,1.82998,1.33985,1.04657,2.13529,0.42336,36.966,0.42336,423.524,0,0.816065,0,0,1.22854,0.412474,1.028160,1,0,41.2498,0,0,0,41.2498,0
40.7523,2.06627,0,0,1.38839,0.217767,0.36288,3.6288,45.2741,0.463715,0,0,0.279454,0.191076,0,0.66528,12.849,1,0.631968,0.36288,0,32.6475,4.52883,27.8496,0.84672,12.849,0.84672,3695.15,0,36.966,0.375507,0.412474,1.83024,1.11673,1.04768,1.93625,0.42336,36.966,0.42336,423.524,0,0.875569,0,0,1.28804,0.412474,1.028160,1,0,29.7859,0,0,0,29.7859,0
40.9352,2.05249,0,0,2.83069,0.232356,0.36288,3.6288,45.1656,0.377998,0,0,0.451894,0.182377,0,0.66528,12.849,1,0.647141,0.36288,0,50.9934,3.69221,47.0169,0.84672,12.849,0.84672,3695.15,0,36.966,0.308633,1.45485,1.8305,2.06538,0.983346,4.05875,0.42336,36.966,0.42336,423.524,0,1.02816,0,0,2.48301,1.45485,1.028160,1,0,51.0756,0,0,0,51.0756,0
40.7362,2.12239,0,0,2.48758,0.201362,0.36288,3.6288,45.0588,0.40639,0,0,0.491402,0.191864,0,0.66528,12.849,1,0.66619,0.36288,0,67.8756,4.18562,63.3867,0.84672,12.849,0.84672,3695.15,0,36.966,0.332611,0.85968,1.83076,2.73116,1.17909,3.9099,0.42336,36.966,0.42336,423.524,0,1.02816,0,0,1.88784,0.85968,1.028160,1,0,67.2966,0,0,0,67.2966,0
41.2195,2.16078,0,0,3.20174,0.194705,0.36288,3.6288,44.9958,0.377186,0,0,0.511937,0.197747,0,0.66528,12.849,1,0.681554,0.36288,0,101.676,4.32285,97.0349,0.84672,12.849,0.84672,3695.15,0,36.966,0.309441,0.863404,1.88789,2.73241,1.22662,3.94764,0.42336,36.966,0.42336,423.524,0,1.02816,0,0,1.89156,0.863404,1.028160,1,0,100.982,0,0,0,100.982,0
40.5711,2.16793,0,0,2.07945,0.197098,0.36288,3.6288,44.6005,0.56368,0,0,0.361099,0.19267,0,0.66528,12.849,1,0.675789,0.36288,0,57.3677,4.25602,52.7988,0.84672,12.849,0.84672,3695.15,0,36.966,0.42336,0.503194,1.8575,2.27249,1.20084,3.00898,0.42336,36.966,0.42336,423.524,0,0.727747,0,0,1.23094,0.503194,1.028160,1,0,55.8077,0,0,0,55.8077,0
39.8999,2.16077,0,0,2.05568,0.203199,0.36288,3.6288,44.0731,0.693038,0,0,0.327958,0.162308,0,0.66528,12.849,1,0.684324,0.36288,0,51.9918,3.85508,47.8153,0.84672,12.849,0.84672,3695.15,0,36.966,0.42336,0.503194,1.85776,2.60712,1.04613,3.49858,0.42336,36.966,0.42336,423.524,0,0.598389,0,0,1.10158,0.503194,1.028160,1,0,51.3139,0,0,0,51.3139,0
38.3248,2.36609,0,0,1.35999,0.206124,0.36288,3.6288,42.9354,1.27723,0,0,0.298955,0.159485,0,0.66528,12.849,1,0.761955,0.36288,0,43.4999,3.66625,39.4346,0.84672,12.849,0.84672,3695.15,0,36.966,0.42336,0.503194,1.85802,2.25121,1.02658,3.16248,0.42336,36.966,0.42336,423.524,0,0.21108,0,0,0.714274,0.503194,1.028160,1,0,42.597,0,0,0,42.597,0
36.9344,2.37353,0,0,1.55432,0.208347,0.36288,3.6288,42.3967,0.850826,0,0,0.467207,0.15511,0,0.66528,12.849,1,0.795764,0.36288,0,49.9361,3.4145,46.0887,0.84672,12.849,0.84672,3695.15,0,36.966,0.42336,0.503194,2.06315,2.90692,1.00051,4.04939,0.42336,36.966,0.42336,423.524,0,0.597764,0,0,1.10096,0.503194,1.028160,1,0,50.1381,0,0,0,50.1381,0
37.6667,2.13051,0,0,3.43065,0.204969,0.36288,3.6288,42.0072,0.631036,0,0,0.39584,0.154313,0,0.66528,12.849,1,0.741177,0.36288,0,88.2904,3.4145,84.4976,0.84672,12.849,0.84672,3695.15,0,36.966,0.42336,0.608429,2.04019,3.77556,1.00051,5.00031,0.42336,36.966,0.42336,423.524,0,0.641771,0,0,1.2502,0.608429,1.028160,1,0,89.498,0,0,0,89.498,0
36.5154,2.1419,0,0,1.55598,0.202451,0.36288,3.6288,40.9513,1.14883,0,0,0.248537,0.155508,0,0.66528,12.849,1,0.730654,0.36288,0,43.516,3.402,39.7462,0.84672,12.849,0.84672,3695.15,0,36.966,0.42336,0.608429,1.84861,2.24908,0.992146,3.29062,0.42336,36.966,0.42336,423.524,0,0.124489,0,0,0.732918,0.608429,1.028160,1,0,43.0368,0,0,0,43.0368,0
37.1662,1.85608,0,0,3.06182,0.192109,0.36288,3.6288,41.0841,0.357708,0,0,0.651502,0.161043,0,0.66528,12.849,1,0.653116,0.36288,0,70.6984,3.48124,66.927,0.84672,12.849,0.84672,3695.15,0,36.966,0.322896,0.608429,1.84917,4.62342,0.959681,5.79845,0.42336,36.966,0.42336,423.524,0,0.776961,0,0,1.38539,0.608429,1.028160,1,0,72.7254,0,0,0,72.7254,0
39.5345,1.78699,0,0,4.73574,0.217553,0.36288,3.6288,41.3872,0.281623,0,0,0.741405,0.156707,0,0.66528,12.849,1,0.617795,0.36288,0,97.8186,3.68686,93.8768,0.84672,12.849,0.84672,3695.15,0,36.966,0.253395,0.867188,1.59634,6.59415,0.983343,7.82094,0.42336,36.966,0.42336,423.524,0,1.02816,0,0,1.89535,0.867188,1.028160,1,0,101.698,0,0,0,101.698,0
40.9853,1.81586,0,0,3.85322,0.223643,0.36288,3.6288,41.5892,0.307269,0,0,0.666414,0.157168,0,0.66528,12.849,1,0.590169,0.36288,0,84.8362,3.68686,80.922,0.84672,12.849,0.84672,3695.15,0,36.966,0.274445,0.558835,1.65837,5.09318,0.983343,6.05259,0.42336,36.966,0.42336,423.524,0,0.981418,0,0,1.54025,0.558835,1.028160,1,0,86.9746,0,0,0,86.9746,0
43.7767,1.83272,0,0,5.21449,0.227511,0.36288,3.6288,42.0771,0.283204,0,0,0.928579,0.157476,0,0.66528,12.849,1,0.574562,0.36288,0,133.226,3.68686,129.328,0.84672,12.849,0.84672,3695.15,0,36.966,0.251722,1.24546,1.65857,6.40074,0.983343,8.06969,0.42336,36.966,0.42336,423.524,0,1.02816,0,0,2.27362,1.24546,1.028160,1,0,137.397,0,0,0,137.397,0
47.829,1.86201,0,0,6.50905,0.23188,0.36288,3.6288,42.682,0.284733,0,0,1.0183,0.128651,0,0.66528,12.849,1,0.546522,0.36288,0,174.545,3.14893,171.213,0.84672,12.849,0.84672,3695.15,0,36.966,0.250147,1.6471,1.65876,8.50689,0.891212,10.6714,0.42336,36.966,0.42336,423.524,0,1.02816,0,0,2.67526,1.6471,1.028160,1,0,181.884,0,0,0,181.884,0
49.5724,1.97186,0,0,4.30374,0.225539,0.36288,3.6288,42.761,0.363501,0,0,0.600525,0.15804,0,0.66528,12.849,1,0.529731,0.36288,0,98.6187,4.17018,94.2817,0.84672,12.849,0.84672,3695.15,0,36.966,0.314821,0.558835,1.65896,4.52102,0.947016,5.47698,0.42336,36.966,0.42336,423.524,0,0.943384,0,0,1.50222,0.558835,1.028160,1,0,99.7586,0,0,0,99.7586,0
51.3118,2.03915,0,0,4.38493,0.24351,0.36288,3.6288,42.9896,0.283566,0,0,0.689752,0.17755,0,0.66528,12.849,1,0.528539,0.36288,0,100.289,3.52264,96.6005,0.84672,12.849,0.84672,3695.15,0,36.966,0.245137,0.589931,1.72173,4.54595,0.945956,5.66652,0.42336,36.966,0.42336,423.524,0,1.02816,0,0,1.61809,0.589931,1.028160,1,0,102.267,0,0,0,102.267,0
55.1509,2.05451,0,0,6.50452,0.248009,0.36288,3.6288,43.5366,0.284241,0,0,1.00922,0.177938,0,0.66528,12.849,1,0.51447,0.36288,0,153.489,3.52264,149.815,0.84672,12.849,0.84672,3695.15,0,36.966,0.244414,1.62344,1.68402,7.12613,0.945956,9.24322,0.42336,36.966,0.42336,423.524,0,1.02816,0,0,2.6516,1.62344,1.028160,1,0,159.058,0,0,0,159.058,0
57.4123,2.08461,0,0,4.96675,0.25794,0.36288,3.6288,43.9213,0.285876,0,0,0.849398,0.178866,0,0.66528,12.849,1,0.485669,0.36288,0,114.397,3.52264,110.752,0.84672,12.849,0.84672,3695.15,0,36.966,0.242731,0.897368,1.68422,5.7361,0.945956,7.129,0.42336,36.966,0.42336,423.524,0,1.02816,0,0,1.92553,0.897368,1.028160,1,0,117.881,0,0,0,117.881,0
58.3226,2.07192,0,0,3.56941,0.224262,0.36288,3.6288,44.1132,0.274608,0,0,0.677134,0.210578,0,0.66528,12.849,1,0.463702,0.36288,0,83.3319,4.4411,78.79,0.84672,12.849,0.84672,3695.15,0,36.966,0.231121,0.829129,1.68443,4.11958,1.09578,5.30623,0.42336,36.966,0.42336,423.524,0,1.02816,0,0,1.85729,0.829129,1.028160,1,0,84.0963,0,0,0,84.0963,0
58.8116,2.05826,0,0,3.12041,0.210312,0.36288,3.6288,44.1607,0.288838,0,0,0.559716,0.223407,0,0.66528,12.849,1,0.453452,0.36288,0,72.4836,4.80848,67.5845,0.84672,12.849,0.84672,3695.15,0,36.966,0.24204,0.589758,1.66026,3.41525,1.15571,4.26751,0.42336,36.966,0.42336,423.524,0,1.02816,0,0,1.61792,0.589758,1.028160,1,0,71.852,0,0,0,71.852,0
58.5461,2.23808,0,0,2.54679,0.211311,0.36288,3.6288,44.0644,0.360521,0,0,0.487752,0.223507,0,0.66528,12.849,1,0.488969,0.36288,0,62.6052,4.80848,57.6706,0.84672,12.849,0.84672,3695.15,0,36.966,0.301784,0.402797,1.67521,3.1294,1.15571,3.74991,0.42336,36.966,0.42336,423.524,0,1.02132,0,0,1.42411,0.402797,1.028160,1,0,61.4205,0,0,0,61.4205,0
58.1161,2.28126,0,0,2.42495,0.210769,0.36288,3.6288,43.7306,0.535818,0,0,0.425342,0.223304,0,0.66528,12.849,1,0.500663,0.36288,0,55.8871,4.80848,50.9409,0.84672,12.849,0.84672,3695.15,0,36.966,0.42336,0.402797,1.81181,3.17554,1.15571,3.81108,0.42336,36.966,0.42336,423.524,0,0.755603,0,0,1.1584,0.402797,1.028160,1,0,54.752,0,0,0,54.752,0
57.3906,2.38978,0,0,2.20803,0.180938,0.36288,3.6288,43.4286,0.475599,0,0,0.406747,0.233174,0,0.66528,12.849,1,0.52836,0.36288,0,53.2268,4.74408,48.3172,0.84672,12.849,0.84672,3695.15,0,36.966,0.402029,0.402797,1.84617,2.77092,1.13626,3.48159,0.42336,36.966,0.42336,423.524,0,0.92664,0,0,1.32944,0.402797,1.028160,1,0,51.7988,0,0,0,51.7988,0
56.6715,2.43375,0,0,2.2214,0.143823,0.36288,3.6288,43.2513,0.38734,0,0,0.45135,0.241343,0,0.66528,12.849,1,0.544884,0.36288,0,55.4691,4.64793,50.6391,0.84672,12.849,0.84672,3695.15,0,36.966,0.3297,0.409657,1.94084,2.54969,1.12346,3.44703,0.42336,36.966,0.42336,423.524,0,1.02816,0,0,1.43782,0.409657,1.028160,1,0,54.0862,0,0,0,54.0862,0
55.8456,2.42884,0,0,2.10862,0.142809,0.36288,3.6288,43.0101,0.412158,0,0,0.411936,0.240937,0,0.66528,12.849,1,0.550686,0.36288,0,50.2668,4.64793,45.4311,0.84672,12.849,0.84672,3695.15,0,36.966,0.352263,0.30119,1.90654,2.39315,1.12346,3.12516,0.42336,36.966,0.42336,423.524,0,0.981305,0,0,1.2825,0.30119,1.028160,1,0,48.5563,0,0,0,48.5563,0
54.861,2.42296,0,0,1.91151,0.110317,0.36288,3.6288,42.7086,0.433915,0,0,0.393248,0.260881,0,0.66528,12.849,1,0.557476,0.36288,0,44.3222,4.91568,39.2119,0.84672,12.849,0.84672,3695.15,0,36.966,0.372938,0.30119,1.90711,2.33098,1.19187,2.97448,0.42336,36.966,0.42336,423.524,0,0.939401,0,0,1.24059,0.30119,1.028160,1,0,42.1864,0,0,0,42.1864,0
53.792,2.41558,0,0,1.80631,0.0968278,0.36288,3.6288,42.3381,0.477817,0,0,0.375652,0.268306,0,0.66528,12.849,1,0.565753,0.36288,0,42.8973,5.02278,37.6716,0.84672,12.849,0.84672,3695.15,0,36.966,0.41357,0.30119,1.90769,2.3245,1.21923,2.90058,0.42336,36.966,0.42336,423.524,0,0.855395,0,0,1.15658,0.30119,1.028160,1,0,40.5722,0,0,0,40.5722,0
52.6379,2.38567,0,0,1.66799,0.0735621,0.36288,3.6288,41.93,0.510054,0,0,0.359108,0.25721,0,0.66528,12.849,1,0.569852,0.36288,0,32.2415,5.60532,26.4292,0.84672,12.849,0.84672,3695.15,0,36.966,0.42336,0.30119,1.90827,2.19528,1.3334,2.64797,0.42336,36.966,0.42336,423.524,0,0.863153,0,0,1.16434,0.30119,1.028160,1,0,29.0771,0,0,0,29.0771,0
51.3364,2.37635,0,0,1.51047,0.072699,0.36288,3.6288,41.4995,0.521484,0,0,0.347279,0.256203,0,0.66528,12.849,1,0.58007,0.36288,0,29.1464,5.60532,23.3239,0.84672,12.849,0.84672,3695.15,0,36.966,0.42336,0.261274,1.94189,2.15498,1.3334,2.60139,0.42336,36.966,0.42336,423.524,0,0.852267,0,0,1.11354,0.261274,1.028160,1,0,25.9253,0,0,0,25.9253,0
49.9941,2.3653,0,0,1.4576,0.0717256,0.36288,3.6288,40.9144,0.653415,0,0,0.323389,0.255141,0,0.66528,12.849,1,0.592011,0.36288,0,26.6647,5.60532,20.8302,0.84672,12.849,0.84672,3695.15,0,36.966,0.42336,0.261274,1.94248,2.08706,1.3334,2.53405,0.42336,36.966,0.42336,423.524,0,0.720878,0,0,0.982152,0.261274,1.028160,1,0,23.3643,0,0,0,23.3643,0
48.614,2.35336,0,0,1.40258,0.0664661,0.36288,3.6288,40.2598,0.706428,0,0,0.309333,0.257477,0,0.66528,12.849,1,0.604838,0.36288,0,23.8883,5.64328,18.0031,0.84672,12.849,0.84672,3695.15,0,36.966,0.42336,0.261274,1.94307,2.07655,1.35589,2.50164,0.42336,36.966,0.42336,423.524,0,0.668408,0,0,0.929681,0.261274,1.028160,1,0,20.5047,0,0,0,20.5047,0
47.1651,2.39511,0,0,1.35737,0.0482627,0.36288,3.6288,39.5828,0.706247,0,0,0.303969,0.274713,0,0.66528,12.849,1,0.633044,0.36288,0,24.38,5.92903,18.1808,0.84672,12.849,0.84672,3695.15,0,36.966,0.42336,0.261274,1.94365,1.92715,1.48322,2.2255,0.42336,36.966,0.42336,423.524,0,0.713085,0,0,0.974359,0.261274,1.028160,1,0,20.4063,0,0,0,20.4063,0
45.7023,2.38055,0,0,1.33397,0.0533601,0.36288,3.6288,39.0054,0.613604,0,0,0.306433,0.270222,0,0.66528,12.849,1,0.648523,0.36288,0,23.9037,5.97251,17.6455,0.84672,12.849,0.84672,3695.15,0,36.966,0.42336,0.261274,1.99114,1.84085,1.47751,2.19239,0.42336,36.966,0.42336,423.524,0,0.806285,0,0,1.06756,0.261274,1.028160,1,0,19.8379,0,0,0,19.8379,0
44.1217,2.36506,0,0,1.19988,0.0525005,0.36288,3.6288,38.4097,0.61441,0,0,0.287431,0.268749,0,0.66528,12.849,1,0.664926,0.36288,0,22.5278,5.97251,16.2533,0.84672,12.849,0.84672,3695.15,0,36.966,0.42336,0.227405,1.99174,1.87926,1.47751,2.19753,0.42336,36.966,0.42336,423.524,0,0.806034,0,0,1.03344,0.227405,1.028160,1,0,18.4508,0,0,0,18.4508,0
42.4519,2.34732,0,0,1.09195,0.0515717,0.36288,3.6288,37.7056,0.712582,0,0,0.275745,0.26723,0,0.66528,12.849,1,0.683579,0.36288,0,21.1595,5.97251,14.8663,0.84672,12.849,0.84672,3695.15,0,36.966,0.42336,0.227405,1.99234,1.74709,1.47751,2.06596,0.42336,36.966,0.42336,423.524,0,0.70842,0,0,0.935824,0.227405,1.028160,1,0,16.9323,0,0,0,16.9323,0
40.5948,2.43605,0,0,0.97854,0.0367635,0.36288,3.6288,36.864,0.852354,0,0,0.279179,0.268474,0,0.66528,12.849,1,0.737324,0.36288,0,20.4446,6.12993,13.9402,0.84672,12.849,0.84672,3695.15,0,36.966,0.42336,0.227405,1.99294,1.75289,1.53168,2.0182,0.42336,36.966,0.42336,423.524,0,0.690301,0,0,0.917706,0.227405,1.028160,1,0,15.9584,0,0,0,15.9584,0
38.8123,2.41116,0,0,1.02233,0.030701,0.36288,3.6288,35.9788,0.932409,0,0,0.287154,0.239884,0,0.66528,12.849,1,0.763176,0.36288,0,20.4227,5.50421,14.5182,0.84672,12.849,0.84672,3695.15,0,36.966,0.42336,0.227405,2.11363,1.55458,1.54297,1.9293,0.42336,36.966,0.42336,423.524,0,0.610839,0,0,0.838244,0.227405,1.028160,1,0,16.4475,0,0,0,16.4475,0
36.9504,2.38554,0,0,0.916583,0.0300671,0.36288,3.6288,35.0369,0.964435,0,0,0.260301,0.237827,0,0.66528,12.849,1,0.789745,0.36288,0,18.2315,5.50421,12.3005,0.84672,12.849,0.84672,3695.15,0,36.966,0.42336,0.204422,2.11427,1.51596,1.54297,1.86833,0.42336,36.966,0.42336,423.524,0,0.579407,0,0,0.783829,0.204422,1.028160,1,0,14.1688,0,0,0,14.1688,0
35.2985,2.35673,0,0,1.09706,0.029418,0.36288,3.6288,34.1833,0.897611,0,0,0.279632,0.235638,0,0.66528,12.849,1,0.819519,0.36288,0,18.8686,5.50421,12.9078,0.84672,12.849,0.84672,3695.15,0,36.966,0.42336,0.204422,2.11491,1.66282,1.54297,2.01583,0.42336,36.966,0.42336,423.524,0,0.646825,0,0,0.851247,0.204422,1.028160,1,0,14.9236,0,0,0,14.9236,0
34.4345,2.33048,0,0,1.87587,0.046475,0.36288,3.6288,33.5551,0.757899,0,0,0.35916,0.229379,0,0.66528,12.849,1,0.84672,0.36288,0,31.3572,5.35578,25.5175,0.84672,12.849,0.84672,3695.15,0,36.966,0.42336,0.204422,2.11555,1.84061,1.52476,2.21246,0.42336,36.966,0.42336,423.524,0,0.78713,0,0,0.991552,0.204422,1.028160,1,0,27.73,0,0,0,27.73,0
33.7281,2.2439,0,0,1.94728,0.0469508,0.36288,3.6288,33.425,0.422726,0,0,0.468732,0.176159,0,0.66528,12.849,1,0.837295,0.36288,0,36.852,4.45278,31.9248,0.84672,12.849,0.84672,3695.15,0,36.966,0.42336,0.274139,2.11619,1.94776,1.28187,2.63285,0.42336,36.966,0.42336,423.524,0,1.02816,0,0,1.3023,0.274139,1.028160,1,0,34.5577,0,0,0,34.5577,0
33.0624,2.2354,0,0,1.96943,0.0368487,0.36288,3.6288,33.3217,0.423292,0,0,0.491796,0.171753,0,0.66528,12.849,1,0.84672,0.36288,0,34.3666,4.59543,29.2873,0.84672,12.849,0.84672,3695.15,0,36.966,0.42336,0.459804,2.02546,1.94692,1.26882,2.74,0.42336,36.966,0.42336,423.524,0,1.02816,0,0,1.48796,0.459804,1.028160,1,0,32.0273,0,0,0,32.0273,0
32.1125,2.23633,0,0,1.68591,0.0365465,0.36288,3.6288,32.8486,0.709919,0,0,0.408313,0.171562,0,0.66528,12.849,1,0.84672,0.36288,0,36.7559,4.59543,31.6766,0.84672,12.849,0.84672,3695.15,0,36.966,0.42336,0.216518,2.02607,1.68727,1.26882,2.23768,0.42336,36.966,0.42336,423.524,0,0.742098,0,0,0.958617,0.216518,1.028160,1,0,33.9143,0,0,0,33.9143,0
30.8092,2.23726,0,0,1.33297,0.0361152,0.36288,3.6288,32.3238,0.721189,0,0,0.367089,0.170689,0,0.66528,12.849,1,0.84672,0.36288,0,26.7618,4.59543,21.6825,0.84672,12.849,0.84672,3695.15,0,36.966,0.42336,0.216518,2.02668,1.52136,1.26882,2.07238,0.42336,36.966,0.42336,423.524,0,0.731393,0,0,0.947912,0.216518,1.028160,1,0,23.7549,0,0,0,23.7549,0
30.5053,2.21619,0,0,2.33374,0.0585672,0.36288,3.6288,32.2716,0.373017,0,0,0.476451,0.155617,0,0.66528,12.849,1,0.84672,0.36288,0,52.5214,4.3608,47.6767,0.84672,12.849,0.84672,3695.15,0,36.966,0.42336,0.229046,2.02729,2.14429,1.12647,2.8508,0.42336,36.966,0.42336,423.524,0,1.02816,0,0,1.25721,0.229046,1.028160,1,0,50.5275,0,0,0,50.5275,0
30.2912,2.21712,0,0,2.45481,0.0889386,0.36288,3.6288,32.463,0.373567,0,0,0.701649,0.136735,0,0.66528,12.849,1,0.84672,0.36288,0,75.3348,4.04796,70.803,0.84672,12.849,0.84672,3695.15,0,36.966,0.42336,0.711901,1.98363,3.31379,0.936664,4.64929,0.42336,36.966,0.42336,423.524,0,1.02816,0,0,1.74006,0.711901,1.028160,1,0,75.4522,0,0,0,75.4522,0
30.7571,2.21804,0,0,3.13554,0.0886852,0.36288,3.6288,32.6705,0.374117,0,0,0.718715,0.13702,0,0.66528,12.849,1,0.84672,0.36288,0,75.0989,4.04796,70.5671,0.84672,12.849,0.84672,3695.15,0,36.966,0.42336,0.906647,1.98422,3.62793,0.936664,5.15878,0.42336,36.966,0.42336,423.524,0,1.02816,0,0,1.93481,0.906647,1.028160,1,0,75.7259,0,0,0,75.7259,0
31.7852,2.21896,0,0,3.69916,0.0892366,0.36288,3.6288,32.9719,0.374667,0,0,0.813396,0.137329,0,0.66528,12.849,1,0.84672,0.36288,0,75.352,4.04796,70.8202,0.84672,12.849,0.84672,3695.15,0,36.966,0.42336,1.14518,1.98482,4.21874,0.936664,5.98872,0.42336,36.966,0.42336,423.524,0,1.02816,0,0,2.17334,1.14518,1.028160,1,0,76.809,0,0,0,76.809,0
34.2069,2.01935,0,0,4.91299,0.109117,0.36288,3.6288,33.4507,0.28998,0,0,0.863753,0.094983,0,0.66528,12.849,1,0.81631,0.36288,0,60.3382,3.7519,56.1329,0.84672,12.849,0.84672,3695.15,0,36.966,0.325107,1.21275,1.98542,4.45638,0.872675,6.45677,0.42336,36.966,0.42336,423.524,0,1.02816,0,0,2.24091,1.21275,1.028160,1,0,62.5897,0,0,0,62.5897,0
33.6337,2.01034,0,0,1.94369,0.143596,0.36288,3.6288,33.2887,0.326169,0,0,0.320271,0.156114,0,0.66528,12.849,1,0.755137,0.36288,0,57.7811,3.86745,53.5214,0.84672,12.849,0.84672,3695.15,0,36.966,0.360446,0.296767,1.80098,1.8624,0.93779,2.66191,0.42336,36.966,0.42336,423.524,0,1.02816,0,0,1.32493,0.296767,1.028160,1,0,56.1833,0,0,0,56.1833,0
32.6058,2.00201,0,0,1.50715,0.17016,0.36288,3.6288,32.726,0.678416,0,0,0.284813,0.169086,0,0.66528,12.849,1,0.764821,0.36288,0,42.7435,3.96008,38.3815,0.84672,12.849,0.84672,3695.15,0,36.966,0.42336,0.412474,1.84309,1.4118,0.864935,2.37906,0.42336,36.966,0.42336,423.524,0,0.612999,0,0,1.02547,0.412474,1.028160,1,0,40.7606,0,0,0,40.7606,0
32.0925,1.98568,0,0,2.00327,0.168002,0.36288,3.6288,32.7052,0.322421,0,0,0.469676,0.168062,0,0.66528,12.849,1,0.782498,0.36288,0,59.7528,3.96008,55.3731,0.84672,12.849,0.84672,3695.15,0,36.966,0.364194,1.22729,1.84334,2.38953,0.864935,4.23104,0.42336,36.966,0.42336,423.524,0,1.02816,0,0,2.25545,1.22729,1.028160,1,0,59.6041,0,0,0,59.6041,0
33.7521,1.97771,0,0,4.16707,0.166925,0.36288,3.6288,33.0246,0.322313,0,0,0.80975,0.168024,0,0.66528,12.849,1,0.791821,0.36288,0,132.205,3.96008,127.816,0.84672,12.849,0.84672,3695.15,0,36.966,0.364303,0.794102,1.84359,4.23672,0.864935,5.64518,0.42336,36.966,0.42336,423.524,0,1.02816,0,0,1.82226,0.794102,1.028160,1,0,133.461,0,0,0,133.461,0
41.612,2.0713,0,0,10.4502,0.156109,0.36288,3.6288,34.2468,0.349076,0,0,1.73915,0.167912,0,0.66528,12.849,1,0.788519,0.36288,0,282.978,3.67927,278.873,0.84672,12.849,0.84672,3695.15,0,36.966,0.390737,2.17248,1.84385,6.28975,0.809702,9.10563,0.42336,36.966,0.42336,423.524,0,1.02816,0,0,3.20064,2.17248,1.028160,1,0,287.979,0,0,0,287.979,0
44.9228,2.22678,0,0,6.06548,0.165101,0.36288,3.6288,34.5109,0.330196,0,0,0.764116,0.169793,0,0.66528,12.849,1,0.687586,0.36288,0,154.634,3.56695,150.742,0.84672,12.849,0.84672,3695.15,0,36.966,0.356414,1.72273,1.90187,4.61412,0.787609,7.0947,0.42336,36.966,0.42336,423.524,0,1.02816,0,0,2.75089,1.72273,1.028160,1,0,157.837,0,0,0,157.837,0
47.1035,2.26722,0,0,4.98233,0.171513,0.36288,3.6288,34.7677,0.331513,0,0,0.758544,0.170239,0,0.66528,12.849,1,0.648479,0.36288,0,83.8555,3.56695,80.003,0.84672,12.849,0.84672,3695.15,0,36.966,0.355097,1.84493,1.87098,3.93458,0.787609,6.50779,0.42336,36.966,0.42336,423.524,0,1.02816,0,0,2.87309,1.84493,1.028160,1,0,86.5108,0,0,0,86.5108,0
50.8723,2.29186,0,0,6.60867,0.185158,0.36288,3.6288,35.1044,0.332785,0,0,0.83619,0.166716,0,0.66528,12.849,1,0.625178,0.36288,0,104.446,3.60711,100.577,0.84672,12.849,0.84672,3695.15,0,36.966,0.353826,2.11619,1.87123,5.59364,0.811965,8.41527,0.42336,36.966,0.42336,423.524,0,1.02816,0,0,3.14435,2.11619,1.028160,1,0,108.992,0,0,0,108.992,0
54.4216,2.55823,0,0,6.7143,0.243874,0.36288,3.6288,35.4367,0.463238,0,0,0.942602,0.147085,0,0.66528,12.849,1,0.646142,0.36288,0,105.896,3.81387,101.799,0.84672,12.849,0.84672,3695.15,0,36.966,0.42336,2.53792,1.87148,6.41406,0.858542,9.54156,0.42336,36.966,0.42336,423.524,0,1.02816,0,0,3.56608,2.53792,1.028160,1,0,111.341,0,0,0,111.341,0
56.9248,2.60431,0,0,5.71001,0.23963,0.36288,3.6288,35.6607,0.4499,0,0,0.842965,0.169027,0,0.66528,12.849,1,0.61488,0.36288,0,117.533,4.13734,113.144,0.84672,12.849,0.84672,3695.15,0,36.966,0.42336,2.75937,2.07984,5.61578,0.865529,9.1661,0.42336,36.966,0.42336,423.524,0,1.02816,0,0,3.78753,2.75937,1.028160,1,0,122.31,0,0,0,122.31,0
58.9313,2.62713,0,0,5.24507,0.248544,0.36288,3.6288,35.7711,0.450449,0,0,0.73521,0.174354,0,0.66528,12.849,1,0.592992,0.36288,0,107.266,4.30091,102.735,0.84672,12.849,0.84672,3695.15,0,36.966,0.42336,2.52054,2.07231,5.18576,0.967883,8.38737,0.42336,36.966,0.42336,423.524,0,1.02816,0,0,3.5487,2.52054,1.028160,1,0,111.123,0,0,0,111.123,0
61.5406,2.64446,0,0,5.87013,0.253457,0.36288,3.6288,35.9462,0.450997,0,0,0.800617,0.174543,0,0.66528,12.849,1,0.576582,0.36288,0,121.749,4.30091,117.234,0.84672,12.849,0.84672,3695.15,0,36.966,0.42336,3.05367,2.07291,5.73931,0.967883,9.47465,0.42336,36.966,0.42336,423.524,0,1.02816,0,0,4.08183,3.05367,1.028160,1,0,126.709,0,0,0,126.709,0
64.1366,2.32759,0,0,5.5289,0.242403,0.36288,3.6288,36.3788,0.298866,0,0,0.914784,0.183323,0,0.66528,12.849,1,0.485976,0.36288,0,120.557,4.36154,116.073,0.84672,12.849,0.84672,3695.15,0,36.966,0.307344,2.94981,2.07351,5.87093,0.997413,9.58949,0.42336,36.966,0.42336,423.524,0,1.02816,0,0,3.97797,2.94981,1.028160,1,0,125.662,0,0,0,125.662,0
66.3111,2.27808,0,0,5.05434,0.238919,0.36288,3.6288,36.7961,0.340547,0,0,0.958542,0.200712,0,0.66528,12.849,1,0.456386,0.36288,0,126.144,4.54362,121.507,0.84672,12.849,0.84672,3695.15,0,36.966,0.346044,2.41367,1.78998,5.53014,1.07952,8.30822,0.42336,36.966,0.42336,423.524,0,1.02816,0,0,3.44183,2.41367,1.028160,1,0,129.815,0,0,0,129.815,0
68.7026,2.29169,0,0,5.34159,0.295527,0.36288,3.6288,37.3336,0.342505,0,0,1.05026,0.170205,0,0.66528,12.849,1,0.444058,0.36288,0,132.891,4.05499,128.755,0.84672,12.849,0.84672,3695.15,0,36.966,0.344087,2.37199,1.83726,6.41022,0.938784,9.3366,0.42336,36.966,0.42336,423.524,0,1.02816,0,0,3.40015,2.37199,1.028160,1,0,138.091,0,0,0,138.091,0
72.1684,2.3058,0,0,6.43564,0.301144,0.36288,3.6288,37.9046,0.344994,0,0,1.08703,0.171092,0,0.66528,12.849,1,0.431238,0.36288,0,161.997,4.05499,157.874,0.84672,12.849,0.84672,3695.15,0,36.966,0.341597,2.54741,1.8375,6.3532,0.938784,9.45772,0.42336,36.966,0.42336,423.524,0,1.02816,0,0,3.57557,2.54741,1.028160,1,0,167.332,0,0,0,167.332,0
72.29,2.32447,0,0,5.80359,0.309285,3.04825,3.6288,38.3463,0.347599,0,0,0.961342,0.172034,0,0.66528,12.849,1,0.413852,3.04825,0,145.941,4.05499,144.52,0.84672,12.849,0.84672,3695.15,0,36.966,0.338992,2.83686,1.83774,5.85699,0.938784,9.25381,0.42336,36.966,0.42336,423.524,0,1.02816,0,0,3.86502,2.83686,1.028160,1,0,153.774,0,0,0,153.774,0
72.29,2.41356,0,0,5.68655,0.29654,2.97645,3.6288,38.8341,0.383105,0,0,1.05784,0.18688,0,0.66528,12.849,1,0.428992,2.97645,0,163.934,5.14886,161.333,0.84672,12.849,0.84672,3695.15,0,36.966,0.369315,3.30123,1.83798,5.03501,1.23006,8.57485,0.42336,36.966,0.42336,423.524,0,1.02816,0,0,4.32939,3.30123,1.028160,1,0,169.908,0,0,0,169.908,0
72.29,2.47057,0,0,6.27055,0.294368,3.50561,3.6288,39.3581,0.351766,0,0,1.0658,0.190114,0,0.66528,12.849,1,0.439125,3.50561,0,143.002,5.33117,140.737,0.84672,12.849,0.84672,3695.15,0,36.966,0.334844,3.19913,1.90837,6.3293,1.2786,9.82336,0.42336,36.966,0.42336,423.524,0,1.02816,0,0,4.22729,3.19913,1.028160,1,0,150.56,0,0,0,150.56,0
72.29,2.4717,0,0,6.42352,0.256645,3.69518,3.6288,40.3519,0.354065,0,0,1.53551,0.187572,0,0.66528,12.849,1,0.439326,3.69518,0,157.042,5.57829,154.72,0.84672,12.849,0.84672,3695.15,0,36.966,0.332546,3.73308,1.87011,9.71844,1.29467,13.6944,0.42336,36.966,0.42336,423.524,0,1.02816,0,0,4.76124,3.73308,1.028160,1,0,168.414,0,0,0,168.414,0
72.29,2.47283,0,0,5.15377,0.197893,2.48305,3.6288,40.808,0.35834,0,0,1.0122,0.197831,0,0.66528,12.849,1,0.439527,2.48305,0,163.271,5.50974,159.805,0.84672,12.849,0.84672,3695.15,0,36.966,0.328271,3.08115,1.87036,5.52708,1.37099,8.77933,0.42336,36.966,0.42336,423.524,0,1.02816,0,0,4.10931,3.08115,1.028160,1,0,168.584,0,0,0,168.584,0
72.29,2.43974,0,0,4.31228,0.227101,1.64544,3.6288,40.9574,0.346834,0,0,0.700307,0.204024,0,0.66528,12.849,1,0.433646,1.64544,0,112.387,5.4975,108.102,0.84672,12.849,0.84672,3695.15,0,36.966,0.314181,2.16222,1.87061,4.25803,1.32744,6.64924,0.42336,36.966,0.42336,423.524,0,1.02816,0,0,3.19038,2.16222,1.028160,1,0,114.751,0,0,0,114.751,0
72.29,2.41913,0,0,3.59836,0.196732,0.982496,3.6288,40.9842,0.360887,0,0,0.57953,0.191892,0,0.66528,12.849,1,0.429983,0.982496,0,89.4551,4.56078,85.4468,0.84672,12.849,0.84672,3695.15,0,36.966,0.325717,1.64859,1.84353,3.91999,1.1769,5.90948,0.42336,36.966,0.42336,423.524,0,1.02816,0,0,2.67675,1.64859,1.028160,1,0,91.3563,0,0,0,91.3563,0
72.29,2.42025,0,0,3.33938,0.196732,0.722396,3.6288,40.9907,0.360998,0,0,0.559452,0.191942,0,0.66528,12.849,1,0.430181,0.722396,0,76.5703,4.56078,72.3017,0.84672,12.849,0.84672,3695.15,0,36.966,0.325605,1.4412,1.85875,3.59288,1.1769,5.39032,0.42336,36.966,0.42336,423.524,0,1.02816,0,0,2.46936,1.4412,1.028160,1,0,77.692,0,0,0,77.692,0
72.29,2.42137,0,0,3.22137,0.196732,0.603275,3.6288,40.9562,0.361026,0,0,0.518483,0.191954,0,0.66528,12.849,1,0.430379,0.603275,0,70.6994,4.56078,66.3115,0.84672,12.849,0.84672,3695.15,0,36.966,0.325578,1.24463,1.859,3.57048,1.1769,5.17162,0.42336,36.966,0.42336,423.524,0,1.02816,0,0,2.27279,1.24463,1.028160,1,0,71.4831,0,0,0,71.4831,0
72.0288,2.53876,0,0,2.85244,0.212032,0.36288,3.6288,40.8897,0.408646,0,0,0.495523,0.153306,0,0.66528,12.849,1,0.451246,0.36288,0,65.4551,4.23012,61.1366,0.84672,12.849,0.84672,3695.15,0,36.966,0.368834,1.21288,1.85924,3.38765,1.07033,5.02061,0.42336,36.966,0.42336,423.524,0,1.02816,0,0,2.24104,1.21288,1.028160,1,0,66.1572,0,0,0,66.1572,0
71.9175,2.56689,0,0,2.97721,0.158701,0.36288,3.6288,40.7057,0.390791,0,0,0.432382,0.225649,0,0.66528,12.849,1,0.457899,0.36288,0,57.8015,5.17723,52.5293,0.84672,12.849,0.84672,3695.15,0,36.966,0.353291,1.06216,1.95536,3.00594,1.27645,4.39372,0.42336,36.966,0.42336,423.524,0,1.02816,0,0,2.09032,1.06216,1.028160,1,0,56.923,0,0,0,56.923,0
71.4595,2.56703,0,0,2.63049,0.158567,0.36288,3.6288,40.4941,0.390221,0,0,0.403922,0.225245,0,0.66528,12.849,1,0.458632,0.36288,0,53.1845,5.17723,47.9115,0.84672,12.849,0.84672,3695.15,0,36.966,0.354371,0.887639,1.93608,2.67987,1.27645,3.87277,0.42336,36.966,0.42336,423.524,0,1.02816,0,0,1.9158,0.887639,1.028160,1,0,51.7843,0,0,0,51.7843,0
70.8914,2.56527,0,0,2.51803,0.158014,0.36288,3.6288,40.2572,0.38952,0,0,0.3774,0.22478,0,0.66528,12.849,1,0.461257,0.36288,0,49.9959,5.17723,44.7203,0.84672,12.849,0.84672,3695.15,0,36.966,0.355582,0.719012,1.93664,2.47895,1.27645,3.50256,0.42336,36.966,0.42336,423.524,0,1.02816,0,0,1.74717,0.719012,1.028160,1,0,48.2228,0,0,0,48.2228,0
70.0493,2.56288,0,0,2.24095,0.157329,0.36288,3.6288,39.9905,0.388696,0,0,0.346256,0.22426,0,0.66528,12.849,1,0.46452,0.36288,0,45.0855,5.17723,39.8066,0.84672,12.849,0.84672,3695.15,0,36.966,0.356918,0.564468,1.93719,2.38886,1.27645,3.25716,0.42336,36.966,0.42336,423.524,0,1.02816,0,0,1.59263,0.564468,1.028160,1,0,43.0638,0,0,0,43.0638,0
69.0238,2.53598,0,0,1.98711,0.113691,0.36288,3.6288,39.6551,0.414215,0,0,0.306061,0.227296,0,0.66528,12.849,1,0.46517,0.36288,0,36.2413,5.03107,31.108,0.84672,12.849,0.84672,3695.15,0,36.966,0.382887,0.30119,1.93775,1.81494,1.22463,2.44637,0.42336,36.966,0.42336,423.524,0,1.0272,0,0,1.32839,0.30119,1.028160,1,0,33.5544,0,0,0,33.5544,0
67.7815,2.53088,0,0,1.76539,0.113933,0.36288,3.6288,39.3131,0.412314,0,0,0.292841,0.222549,0,0.66528,12.849,1,0.471131,0.36288,0,34.92,4.94424,29.8675,0.84672,12.849,0.84672,3695.15,0,36.966,0.384354,0.267097,1.97187,1.73997,1.20002,2.39456,0.42336,36.966,0.42336,423.524,0,1.02816,0,0,1.29526,0.267097,1.028160,1,0,32.2621,0,0,0,32.2621,0
66.3884,2.52435,0,0,1.60693,0.112832,0.36288,3.6288,38.8241,0.540999,0,0,0.273895,0.221831,0,0.66528,12.849,1,0.478528,0.36288,0,33.523,4.94424,28.4631,0.84672,12.849,0.84672,3695.15,0,36.966,0.42336,0.261274,1.97244,1.63454,1.20002,2.24487,0.42336,36.966,0.42336,423.524,0,0.860993,0,0,1.12227,0.261274,1.028160,1,0,30.708,0,0,0,30.708,0
64.8885,2.51666,0,0,1.47762,0.0979562,0.36288,3.6288,38.2902,0.54714,0,0,0.261499,0.248249,0,0.66528,12.849,1,0.487081,0.36288,0,29.7194,5.36769,24.2275,0.84672,12.849,0.84672,3695.15,0,36.966,0.42336,0.261274,1.97301,1.57278,1.35459,2.02911,0.42336,36.966,0.42336,423.524,0,0.855377,0,0,1.11665,0.261274,1.028160,1,0,26.2567,0,0,0,26.2567,0
63.2452,2.56651,0,0,1.36987,0.0837941,0.36288,3.6288,37.5352,0.720296,0,0,0.237991,0.272769,0,0.66528,12.849,1,0.508212,0.36288,0,25.4541,5.82024,19.4886,0.84672,12.849,0.84672,3695.15,0,36.966,0.42336,0.261274,1.97357,1.38873,1.5191,1.68112,0.42336,36.966,0.42336,423.524,0,0.727376,0,0,0.988649,0.261274,1.028160,1,0,21.1697,0,0,0,21.1697,0
61.6915,2.55627,0,0,1.45472,0.0892336,0.36288,3.6288,36.9228,0.662394,0,0,0.306753,0.256736,0,0.66528,12.849,1,0.519337,0.36288,0,31.9561,5.67084,26.1288,0.84672,12.849,0.84672,3695.15,0,36.966,0.42336,0.261274,2.02176,1.45197,1.46366,1.84799,0.42336,36.966,0.42336,423.524,0,0.785817,0,0,1.04709,0.261274,1.028160,1,0,27.9768,0,0,0,27.9768,0
60.0335,2.54618,0,0,1.33912,0.0881041,0.36288,3.6288,36.3621,0.565559,0,0,0.260056,0.255222,0,0.66528,12.849,1,0.530314,0.36288,0,26.2484,5.67084,20.4101,0.84672,12.849,0.84672,3695.15,0,36.966,0.42336,0.227405,2.02234,1.40392,1.46366,1.76665,0.42336,36.966,0.42336,423.524,0,0.883189,0,0,1.11059,0.227405,1.028160,1,0,22.1768,0,0,0,22.1768,0
58.2751,2.53485,0,0,1.22619,0.0868702,0.36288,3.6288,35.6218,0.727346,0,0,0.240866,0.253837,0,0.66528,12.849,1,0.542534,0.36288,0,24.9489,5.67084,19.0985,0.84672,12.849,0.84672,3695.15,0,36.966,0.42336,0.227405,2.02293,1.23403,1.46366,1.59734,0.42336,36.966,0.42336,423.524,0,0.721941,0,0,0.949346,0.227405,1.028160,1,0,20.6958,0,0,0,20.6958,0
56.4911,2.63992,0,0,1.29554,0.0766724,0.36288,3.6288,34.9811,0.660956,0,0,0.276514,0.256196,0,0.66528,12.849,1,0.582073,0.36288,0,24.4691,5.82039,18.4295,0.84672,12.849,0.84672,3695.15,0,36.966,0.42336,0.227405,2.02351,1.63246,1.49354,1.96647,0.42336,36.966,0.42336,423.524,0,0.911822,0,0,1.13923,0.227405,1.028160,1,0,20.396,0,0,0,20.396,0
54.6378,2.6257,0,0,1.22619,0.0909871,0.36288,3.6288,34.2262,0.765002,0,0,0.296956,0.286867,0,0.66528,12.849,1,0.59722,0.36288,0,28.2588,6.54066,21.4838,0.84672,12.849,0.84672,3695.15,0,36.966,0.42336,0.227405,2.14602,1.89403,1.51178,2.33231,0.42336,36.966,0.42336,423.524,0,0.80835,0,0,1.03575,0.227405,1.028160,1,0,23.8161,0,0,0,23.8161,0
52.7685,2.61005,0,0,1.19302,0.0893184,0.36288,3.6288,33.278,0.88937,0,0,0.225906,0.28473,0,0.66528,12.849,1,0.613798,0.36288,0,25.468,6.54066,18.6765,0.84672,12.849,0.84672,3695.15,0,36.966,0.42336,0.204422,2.14664,1.3386,1.51178,1.75452,0.42336,36.966,0.42336,423.524,0,0.684556,0,0,0.888978,0.204422,1.028160,1,0,20.431,0,0,0,20.431,0
50.4946,2.59331,0,0,0.814545,0.13226,0.36288,3.6288,32.1957,0.999888,0,0,0.187046,0.26944,0,0.66528,12.849,1,0.631464,0.36288,0,17.8358,6.35612,11.2111,0.84672,12.849,0.84672,3695.15,0,36.966,0.42336,0.204422,2.14725,1.00323,1.46587,1.46567,0.42336,36.966,0.42336,423.524,0,0.574612,0,0,0.779034,0.204422,1.028160,1,0,12.6768,0,0,0,12.6768,0
48.1583,2.57138,0,0,0.75581,0.157918,0.36288,3.6288,31.1412,0.986466,0,0,0.187582,0.255691,0,0.66528,12.849,1,0.654321,0.36288,0,17.79,6.31785,11.1807,0.84672,12.849,0.84672,3695.15,0,36.966,0.42336,0.204422,2.14787,0.956728,1.43016,1.4555,0.42336,36.966,0.42336,423.524,0,0.588609,0,0,0.793031,0.204422,1.028160,1,0,12.6362,0,0,0,12.6362,0
46.0223,2.46934,0,0,0.847567,0.151279,0.36288,3.6288,30.241,0.859306,0,0,0.206602,0.247449,0,0.66528,12.849,1,0.658839,0.36288,0,16.7235,6.17044,10.2571,0.84672,12.849,0.84672,3695.15,0,36.966,0.42336,0.204422,2.14849,1.11469,1.3733,1.67093,0.42336,36.966,0.42336,423.524,0,0.620162,0,0,0.824584,0.204422,1.028160,1,0,11.928,0,0,0,11.928,0
44.1038,2.44614,0,0,1.07009,0.179546,0.36288,3.6288,29.3924,0.842581,0,0,0.214758,0.220753,0,0.66528,12.849,1,0.682939,0.36288,0,15.2123,5.87958,9.01264,0.84672,12.849,0.84672,3695.15,0,36.966,0.42336,0.216518,2.05635,0.902057,1.27091,1.48065,0.42336,36.966,0.42336,423.524,0,0.637433,0,0,0.853952,0.216518,1.028160,1,0,10.4933,0,0,0,10.4933,0
42.7863,2.42383,0,0,1.64491,0.175705,0.36288,3.6288,29.0841,0.452401,0,0,0.362736,0.218669,0,0.66528,12.849,1,0.706147,0.36288,0,28.2273,5.87958,22.0045,0.84672,12.849,0.84672,3695.15,0,36.966,0.42336,0.460374,2.05694,1.7439,1.27091,2.56694,0.42336,36.966,0.42336,423.524,0,1.02816,0,0,1.48853,0.460374,1.028160,1,0,24.5714,0,0,0,24.5714,0
41.2124,2.4078,0,0,1.36977,0.173067,0.36288,3.6288,28.6324,0.521991,0,0,0.288211,0.217912,0,0.66528,12.849,1,0.723077,0.36288,0,41.8858,5.87958,35.646,0.84672,12.849,0.84672,3695.15,0,36.966,0.42336,0.216518,2.05753,1.22778,1.27091,1.80755,0.42336,36.966,0.42336,423.524,0,0.959118,0,0,1.17564,0.216518,1.028160,1,0,37.4535,0,0,0,37.4535,0
39.5602,2.37041,0,0,1.33123,0.250113,0.36288,3.6288,27.8789,0.779999,0,0,0.200933,0.174406,0,0.66528,12.849,1,0.739035,0.36288,0,24.7384,5.22238,19.1399,0.84672,12.849,0.84672,3695.15,0,36.966,0.42336,0.216518,2.05812,0.886588,1.20379,1.53407,0.42336,36.966,0.42336,423.524,0,0.648895,0,0,0.865413,0.216518,1.028160,1,0,20.6739,0,0,0,20.6739,0
38.5224,2.34779,0,0,1.8858,0.212961,0.36288,3.6288,27.6467,0.401266,0,0,0.310667,0.141655,0,0.66528,12.849,1,0.762552,0.36288,0,36.525,3.80698,32.3183,0.84672,12.849,0.84672,3695.15,0,36.966,0.42336,0.368616,2.01376,1.3483,0.933839,2.37348,0.42336,36.966,0.42336,423.524,0,1.02816,0,0,1.39678,0.368616,1.028160,1,0,34.6918,0,0,0,34.6918,0
39.3662,2.33305,0,0,3.75022,0.210421,0.36288,3.6288,27.6809,0.401799,0,0,0.577317,0.141288,0,0.66528,12.849,1,0.778181,0.36288,0,53.8669,3.80698,49.6446,0.84672,12.849,0.84672,3695.15,0,36.966,0.42336,1.17608,2.01434,2.75744,0.933839,4.59066,0.42336,36.966,0.42336,423.524,0,1.02816,0,0,2.20424,1.17608,1.028160,1,0,54.2352,0,0,0,54.2352,0
39.2474,2.3463,0,0,2.80285,0.212487,0.36288,3.6288,27.7445,0.402331,0,0,0.607228,0.141342,0,0.66528,12.849,1,0.765824,0.36288,0,37.8316,3.80698,33.6217,0.84672,12.849,0.84672,3695.15,0,36.966,0.42336,1.39646,2.01492,2.15057,0.933839,4.20474,0.42336,36.966,0.42336,423.524,0,1.02816,0,0,2.42462,1.39646,1.028160,1,0,37.8264,0,0,0,37.8264,0
40.1089,2.1686,0,0,3.63609,0.243158,0.36288,3.6288,27.7753,0.27438,0,0,0.456883,0.151689,0,0.66528,12.849,1,0.709968,0.36288,0,50.5413,4.03894,46.1553,0.84672,12.849,0.84672,3695.15,0,36.966,0.365577,0.754318,2.0155,3.70419,0.987993,5.12043,0.42336,36.966,0.42336,423.524,0,1.02816,0,0,1.78248,0.754318,1.028160,1,0,51.2757,0,0,0,51.2757,0
41.1954,2.14582,0,0,3.81798,0.222723,0.36288,3.6288,27.7778,0.294564,0,0,0.43301,0.135908,0,0.66528,12.849,1,0.687419,0.36288,0,47.4147,3.78283,43.3073,0.84672,12.849,0.84672,3695.15,0,36.966,0.392035,1.34768,1.82823,2.58743,0.970429,4.40088,0.42336,36.966,0.42336,423.524,0,1.02816,0,0,2.37584,1.34768,1.028160,1,0,47.7082,0,0,0,47.7082,0
43.4021,2.16063,0,0,4.96732,0.237096,0.36288,3.6288,27.9233,0.29458,0,0,0.571883,0.131853,0,0.66528,12.849,1,0.673909,0.36288,0,83.5901,3.84079,79.4383,0.84672,12.849,0.84672,3695.15,0,36.966,0.392019,1.39498,1.85577,3.30482,0.975029,5.18852,0.42336,36.966,0.42336,423.524,0,1.02816,0,0,2.42314,1.39498,1.028160,1,0,84.6268,0,0,0,84.6268,0
45.9245,2.18808,0,0,5.31656,0.243263,0.36288,3.6288,28.1498,0.295459,0,0,0.654081,0.132067,0,0.66528,12.849,1,0.64777,0.36288,0,69.5587,3.84079,65.433,0.84672,12.849,0.84672,3695.15,0,36.966,0.391141,1.72918,1.85602,3.47978,0.975029,5.69881,0.42336,36.966,0.42336,423.524,0,1.02816,0,0,2.75734,1.72918,1.028160,1,0,71.1318,0,0,0,71.1318,0
50.045,2.2169,0,0,6.92677,0.226527,0.36288,3.6288,28.7328,0.296819,0,0,1.039,0.159226,0,0.66528,12.849,1,0.620255,0.36288,0,160.493,4.46474,155.771,0.84672,12.849,0.84672,3695.15,0,36.966,0.38978,2.8901,1.85626,5.6827,1.22861,8.81067,0.42336,36.966,0.42336,423.524,0,1.02816,0,0,3.91826,2.8901,1.028160,1,0,164.582,0,0,0,164.582,0
52.7613,2.33041,0,0,5.66023,0.250558,0.36288,3.6288,29.1849,0.323895,0,0,0.951808,0.175792,0,0.66528,12.849,1,0.598331,0.36288,0,95.1463,4.57701,90.3338,0.84672,12.849,0.84672,3695.15,0,36.966,0.416705,1.84074,1.85651,4.0244,1.16551,6.13943,0.42336,36.966,0.42336,423.524,0,1.02816,0,0,2.8689,1.84074,1.028160,1,0,96.4732,0,0,0,96.4732,0
57.7799,2.39142,0,0,8.04799,0.275119,0.36288,3.6288,29.8698,0.307431,0,0,1.18464,0.192254,0,0.66528,12.849,1,0.582385,0.36288,0,92.2579,5.17997,86.8584,0.84672,12.849,0.84672,3695.15,0,36.966,0.389397,1.78761,1.91539,4.26591,1.1769,6.40261,0.42336,36.966,0.42336,423.524,0,1.02816,0,0,2.81577,1.78761,1.028160,1,0,93.2611,0,0,0,93.2611,0
58.721,2.43347,0,0,4.02672,0.289305,0.36288,3.6288,29.9525,0.311634,0,0,0.588031,0.193737,0,0.66528,12.849,1,0.541152,0.36288,0,75.705,5.17997,70.3467,0.84672,12.849,0.84672,3695.15,0,36.966,0.385669,0.944654,1.89002,2.11751,1.1769,3.38961,0.42336,36.966,0.42336,423.524,0,1.02816,0,0,1.97281,0.944654,1.028160,1,0,73.7364,0,0,0,73.7364,0
65.6327,2.44126,0,0,10.0078,0.291965,0.36288,3.6288,29.9913,0.312323,0,0,0.545077,0.193916,0,0.66528,12.849,1,0.534184,0.36288,0,70.2435,5.17997,64.8923,0.84672,12.849,0.84672,3695.15,0,36.966,0.385455,0.704791,1.89054,2.29193,1.1769,3.32491,0.42336,36.966,0.42336,423.524,0,1.02816,0,0,1.73295,0.704791,1.028160,1,0,68.2172,0,0,0,68.2172,0
70.1604,2.68031,0,0,7.86948,0.29859,0.36288,3.6288,30.0311,0.44154,0,0,0.68307,0.201769,0,0.66528,12.849,1,0.524728,0.36288,0,94.2736,5.28214,88.8296,0.84672,12.849,0.84672,3695.15,0,36.966,0.42336,0.985124,1.89106,3.1131,1.3152,4.25072,0.42336,36.966,0.42336,423.524,0,1.02816,0,0,2.01328,0.985124,1.028160,1,0,93.0804,0,0,0,93.0804,0
72.29,2.70967,0,0,8.76021,0.32,3.6009,3.6288,30.0176,0.442061,0,0,0.593241,0.164717,0,0.66528,12.849,1,0.496243,3.6009,0,79.0712,3.70115,78.4747,0.84672,12.849,0.84672,3695.15,0,36.966,0.42336,0.707573,2.0632,2.7941,1.07349,4.06802,0.42336,36.966,0.42336,423.524,0,1.02816,0,0,1.73573,0.707573,1.028160,1,0,82.5427,0,0,0,82.5427,0
72.29,2.72284,0,0,5.34181,0.325256,2.29372,3.6288,30.3118,0.442582,0,0,0.901456,0.164692,0,0.66528,12.849,1,0.483963,2.29372,0,74.9857,3.70115,73.0943,0.84672,12.849,0.84672,3695.15,0,36.966,0.42336,0.945968,2.06377,3.64183,1.07349,5.15472,0.42336,36.966,0.42336,423.524,0,1.02816,0,0,1.97413,0.945968,1.028160,1,0,78.249,0,0,0,78.249,0
72.29,2.72358,0,0,7.16431,0.325256,4.11547,3.6288,30.3574,0.443103,0,0,0.653962,0.165233,0,0.66528,12.849,1,0.484096,4.11547,0,119.305,3.70115,119.235,0.84672,12.849,0.84672,3695.15,0,36.966,0.42336,1.51515,2.06434,3.79526,1.07349,5.8779,0.42336,36.966,0.42336,423.524,0,1.02816,0,0,2.54331,1.51515,1.028160,1,0,125.113,0,0,0,125.113,0
72.29,2.42468,0,0,6.18808,0.369544,3.39386,3.6288,30.595,0.284373,0,0,0.673858,0.151825,0,0.66528,12.849,1,0.430968,3.39386,0,90.3125,3.75774,89.5176,0.84672,12.849,0.84672,3695.15,0,36.966,0.346279,2.13912,2.06491,3.46867,1.02124,6.30517,0.42336,36.966,0.42336,423.524,0,1.02816,0,0,3.16728,2.13912,1.028160,1,0,95.8228,0,0,0,95.8228,0
72.29,2.37825,0,0,4.97903,0.296091,2.3047,3.6288,30.6774,0.310916,0,0,0.548934,0.155624,0,0.66528,12.849,1,0.422715,2.3047,0,73.8787,3.31023,72.4504,0.84672,12.849,0.84672,3695.15,0,36.966,0.37566,1.67907,1.81675,3.68628,1.03828,5.76816,0.42336,36.966,0.42336,423.524,0,1.02816,0,0,2.70723,1.67907,1.028160,1,0,78.2186,0,0,0,78.2186,0
72.29,2.3793,0,0,6.72292,0.296091,4.04753,3.6288,31.2933,0.311374,0,0,1.08298,0.155766,0,0.66528,12.849,1,0.422903,4.04753,0,114.727,3.31023,115.042,0.84672,12.849,0.84672,3695.15,0,36.966,0.375202,3.15719,1.84971,6.73148,1.03828,10.3249,0.42336,36.966,0.42336,423.524,0,1.02816,0,0,4.18535,3.15719,1.028160,1,0,125.366,0,0,0,125.366,0
72.29,2.38036,0,0,5.82139,0.296091,3.14494,3.6288,31.4368,0.314759,0,0,0.615071,0.156828,0,0.66528,12.849,1,0.42309,3.14494,0,97.1672,3.31023,96.5788,0.84672,12.849,0.84672,3695.15,0,36.966,0.371817,1.91976,1.84994,4.09197,1.03828,6.45157,0.42336,36.966,0.42336,423.524,0,1.02816,0,0,2.94792,1.91976,1.028160,1,0,103.03,0,0,0,103.03,0
72.29,2.38141,0,0,5.4538,0.353156,2.71923,3.6288,31.5838,0.315539,0,0,0.560992,0.0984088,0,0.66528,12.849,1,0.423278,2.71923,0,71.5003,2.44115,71.3551,0.84672,12.849,0.84672,3695.15,0,36.966,0.371037,1.71011,1.85017,3.60167,0.796738,5.99417,0.42336,36.966,0.42336,423.524,0,1.02816,0,0,2.73827,1.71011,1.028160,1,0,77.3493,0,0,0,77.3493,0
72.29,2.47118,0,0,5.80445,0.322969,3.0103,3.6288,31.6155,0.347116,0,0,0.515481,0.136647,0,0.66528,12.849,1,0.439234,3.0103,0,89.1562,2.97658,88.7506,0.84672,12.849,0.84672,3695.15,0,36.966,0.406268,1.42594,1.8504,3.75971,0.967165,5.66261,0.42336,36.966,0.42336,423.524,0,1.02816,0,0,2.4541,1.42594,1.028160,1,0,94.4133,0,0,0,94.4133,0
72.29,2.51742,0,0,6.57536,0.312031,3.74591,3.6288,31.9697,0.322794,0,0,0.814038,0.137034,0,0.66528,12.849,1,0.447452,3.74591,0,86.8389,2.92068,87.2167,0.84672,12.849,0.84672,3695.15,0,36.966,0.377422,1.48622,1.92183,3.22948,0.935197,5.32491,0.42336,36.966,0.42336,423.524,0,1.02816,0,0,2.51438,1.48622,1.028160,1,0,92.5416,0,0,0,92.5416,0
72.29,2.51811,0,0,5.71339,0.312031,2.88325,3.6288,32.5257,0.324954,0,0,1.01847,0.137566,0,0.66528,12.849,1,0.447575,2.88325,0,95.7675,2.92068,95.2825,0.84672,12.849,0.84672,3695.15,0,36.966,0.375738,2.35316,1.89096,4.67622,0.935197,7.60941,0.42336,36.966,0.42336,423.524,0,1.02816,0,0,3.38132,2.35316,1.028160,1,0,102.892,0,0,0,102.892,0
72.29,2.5188,0,0,4.45578,0.312031,1.62494,3.6288,32.8655,0.328182,0,0,0.806428,0.138401,0,0.66528,12.849,1,0.447698,1.62494,0,109.768,2.92068,108.024,0.84672,12.849,0.84672,3695.15,0,36.966,0.372985,2.38969,1.89148,3.20838,0.935197,6.18136,0.42336,36.966,0.42336,423.524,0,1.02816,0,0,3.41785,2.38969,1.028160,1,0,114.206,0,0,0,114.206,0
72.29,2.48477,0,0,4.11561,0.287508,1.34333,3.6288,33.1232,0.317996,0,0,0.700224,0.12454,0,0.66528,12.849,1,0.441649,1.34333,0,76.2186,2.44308,74.6772,0.84672,12.849,0.84672,3695.15,0,36.966,0.35767,1.54551,1.892,2.71538,0.846991,4.94822,0.42336,36.966,0.42336,423.524,0,1.02816,0,0,2.57367,1.54551,1.028160,1,0,79.6254,0,0,0,79.6254,0
72.29,2.47658,0,0,4.11477,0.281794,1.3564,3.6288,33.3485,0.324472,0,0,0.713526,0.163802,0,0.66528,12.849,1,0.440193,1.3564,0,64.4639,3.82074,61.5594,0.84672,12.849,0.84672,3695.15,0,36.966,0.362116,1.4693,1.86479,2.41012,1.01119,4.3709,0.42336,36.966,0.42336,423.524,0,1.02816,0,0,2.49746,1.4693,1.028160,1,0,65.9303,0,0,0,65.9303,0
72.29,2.47766,0,0,3.60754,0.281794,0.848086,3.6288,33.5315,0.325632,0,0,0.672826,0.1642,0,0.66528,12.849,1,0.440385,0.848086,0,58.8616,3.82074,55.4486,0.84672,12.849,0.84672,3695.15,0,36.966,0.360956,1.16707,1.87142,2.2447,1.01119,3.91104,0.42336,36.966,0.42336,423.524,0,1.02816,0,0,2.19523,1.16707,1.028160,1,0,59.3596,0,0,0,59.3596,0
72.29,2.47874,0,0,3.91287,0.281794,1.15234,3.6288,33.686,0.326569,0,0,0.645605,0.164523,0,0.66528,12.849,1,0.440577,1.15234,0,63.4529,3.82074,60.344,0.84672,12.849,0.84672,3695.15,0,36.966,0.360019,0.755058,1.87166,2.4567,1.01119,3.7122,0.42336,36.966,0.42336,423.524,0,1.02816,0,0,1.78322,0.755058,1.028160,1,0,64.0562,0,0,0,64.0562,0
72.29,2.59782,0,0,3.62557,0.21619,0.811561,3.6288,33.7504,0.371326,0,0,0.624527,0.188823,0,0.66528,12.849,1,0.461742,0.811561,0,57.8822,4.21479,54.0172,0.84672,12.849,0.84672,3695.15,0,36.966,0.407482,0.983396,1.87189,2.29286,1.09674,3.64393,0.42336,36.966,0.42336,423.524,0,1.02816,0,0,2.01156,0.983396,1.028160,1,0,57.6612,0,0,0,57.6612,0
72.29,2.60622,0,0,3.42467,0.14493,0.673524,3.6288,33.759,0.367613,0,0,0.588384,0.212169,0,0.66528,12.849,1,0.463235,0.673524,0,49.7172,4.97081,44.9567,0.84672,12.849,0.84672,3695.15,0,36.966,0.402639,0.761625,1.96942,2.04691,1.18408,3.19124,0.42336,36.966,0.42336,423.524,0,1.02816,0,0,1.78978,0.761625,1.028160,1,0,48.148,0,0,0,48.148,0
72.29,2.60693,0,0,3.28335,0.14493,0.531484,3.6288,33.7529,0.367898,0,0,0.574024,0.212189,0,0.66528,12.849,1,0.463363,0.531484,0,46.0027,4.97081,41.1,0.84672,12.849,0.84672,3695.15,0,36.966,0.402848,0.758998,1.96467,1.97777,1.18408,3.11451,0.42336,36.966,0.42336,423.524,0,1.02816,0,0,1.78716,0.758998,1.028160,1,0,44.2146,0,0,0,44.2146,0
72.29,2.60765,0,0,3.1369,0.14493,0.38432,3.6288,33.7489,0.368099,0,0,0.576274,0.212175,0,0.66528,12.849,1,0.46349,0.38432,0,43.9551,4.97081,38.9052,0.84672,12.849,0.84672,3695.15,0,36.966,0.403141,0.917983,1.96521,1.88356,1.18408,3.17953,0.42336,36.966,0.42336,423.524,0,1.02816,0,0,1.94614,0.917983,1.028160,1,0,42.0847,0,0,0,42.0847,0
72.0411,2.60836,0,0,2.90165,0.17935,0.36288,3.6288,33.7195,0.368312,0,0,0.543724,0.20485,0,0.66528,12.849,1,0.463617,0.36288,0,40.8949,4.3785,36.4157,0.84672,12.849,0.84672,3695.15,0,36.966,0.403422,0.850435,1.96575,1.71315,1.20693,2.91898,0.42336,36.966,0.42336,423.524,0,1.02816,0,0,1.8786,0.850435,1.028160,1,0,39.3347,0,0,0,39.3347,0
72.29,2.58437,0,0,3.85939,0.121294,0.904788,3.6288,33.7411,0.399623,0,0,0.643537,0.222316,0,0.66528,12.849,1,0.460939,0.904788,0,47.5421,4.58984,43.3961,0.84672,12.849,0.84672,3695.15,0,36.966,0.42336,0.920177,1.96629,2.57038,1.24297,3.79052,0.42336,36.966,0.42336,423.524,0,1.02816,0,0,1.94834,0.920177,1.028160,1,0,47.1867,0,0,0,47.1867,0
72.29,2.58642,0,0,4.11549,0.1295,1.39957,3.6288,33.7561,0.400131,0,0,0.635294,0.220157,0,0.66528,12.849,1,0.459717,1.39957,0,46.2529,4.58462,42.6082,0.84672,12.849,0.84672,3695.15,0,36.966,0.42336,0.859101,2.00088,2.77966,1.23073,3.98556,0.42336,36.966,0.42336,423.524,0,1.02816,0,0,1.88726,0.859101,1.028160,1,0,46.5937,0,0,0,46.5937,0
72.29,2.58713,0,0,3.79871,0.1295,1.08208,3.6288,33.7034,0.400639,0,0,0.568125,0.220192,0,0.66528,12.849,1,0.459843,1.08208,0,43.7689,4.58462,39.8066,0.84672,12.849,0.84672,3695.15,0,36.966,0.42336,0.76515,2.00143,2.60002,1.23073,3.71252,0.42336,36.966,0.42336,423.524,0,1.02816,0,0,1.79331,0.76515,1.028160,1,0,43.5191,0,0,0,43.5191,0
72.29,2.58784,0,0,3.63075,0.1295,0.91341,3.6288,33.6382,0.401148,0,0,0.556036,0.220068,0,0.66528,12.849,1,0.459969,0.91341,0,41.0381,4.58462,36.9069,0.84672,12.849,0.84672,3695.15,0,36.966,0.42336,0.624223,2.00198,2.47734,1.23073,3.44946,0.42336,36.966,0.42336,423.524,0,1.02816,0,0,1.65238,0.624223,1.028160,1,0,40.3564,0,0,0,40.3564,0
72.29,2.64896,0,0,3.38696,0.103318,0.634675,3.6288,33.4475,0.459822,0,0,0.527918,0.258752,0,0.66528,12.849,1,0.470833,0.634675,0,35.2207,5.54691,29.8376,0.84672,12.849,0.84672,3695.15,0,36.966,0.42336,0.261274,2.00253,2.19792,1.48382,2.55454,0.42336,36.966,0.42336,423.524,0,1.01528,0,0,1.27655,0.261274,1.028160,1,0,32.3922,0,0,0,32.3922,0
72.29,2.64969,0,0,3.55229,0.0896049,0.812996,3.6288,33.274,0.44746,0,0,0.524268,0.250283,0,0.66528,12.849,1,0.470963,0.812996,0,39.6205,5.73878,34.2238,0.84672,12.849,0.84672,3695.15,0,36.966,0.42336,0.530626,2.0514,2.30351,1.48363,2.97854,0.42336,36.966,0.42336,423.524,0,1.02816,0,0,1.55879,0.530626,1.028160,1,0,37.2023,0,0,0,37.2023,0
72.29,2.65042,0,0,3.27006,0.0896049,0.530035,3.6288,33.0207,0.447982,0,0,0.444461,0.249816,0,0.66528,12.849,1,0.471092,0.530035,0,32.5439,5.73878,26.864,0.84672,12.849,0.84672,3695.15,0,36.966,0.42336,0.625147,2.05196,2.22727,1.48363,2.99739,0.42336,36.966,0.42336,423.524,0,1.02816,0,0,1.65331,0.625147,1.028160,1,0,29.8614,0,0,0,29.8614,0
72.1806,2.65115,0,0,2.99425,0.0896049,0.36288,3.6288,32.7347,0.448503,0,0,0.411656,0.249135,0,0.66528,12.849,1,0.471221,0.36288,0,30.9327,5.73878,25.0856,0.84672,12.849,0.84672,3695.15,0,36.966,0.42336,0.385128,2.05253,1.95776,1.48363,2.48843,0.42336,36.966,0.42336,423.524,0,1.02816,0,0,1.41329,0.385128,1.028160,1,0,27.574,0,0,0,27.574,0
72.1266,2.77506,0,0,3.16363,0.079737,0.36288,3.6288,32.3811,0.573773,0,0,0.472579,0.252433,0,0.66528,12.849,1,0.493993,0.36288,0,30.3378,5.88832,24.3184,0.84672,12.849,0.84672,3695.15,0,36.966,0.42336,0.667803,2.05309,2.58984,1.51351,3.37386,0.42336,36.966,0.42336,423.524,0,1.02816,0,0,1.69596,0.667803,1.028160,1,0,27.6922,0,0,0,27.6922,0
72.29,2.77551,0,0,4.04934,0.0670937,1.04332,3.6288,32.0054,0.574328,0,0,0.450987,0.252349,0,0.66528,12.849,1,0.494443,1.04332,0,35.6702,6.18229,30.0367,0.84672,12.849,0.84672,3695.15,0,36.966,0.42336,0.495262,2.17736,2.7085,1.6004,3.35737,0.42336,36.966,0.42336,423.524,0,1.02816,0,0,1.52342,0.495262,1.028160,1,0,33.3941,0,0,0,33.3941,0
72.29,2.77722,0,0,4.66213,0.0549985,1.82991,3.6288,31.7066,0.574884,0,0,0.536933,0.260835,0,0.66528,12.849,1,0.493629,1.82991,0,44.4805,6.39177,39.425,0.84672,12.849,0.84672,3695.15,0,36.966,0.42336,0.824239,2.17796,2.71309,1.64192,3.65001,0.42336,36.966,0.42336,423.524,0,1.02816,0,0,1.8524,0.824239,1.028160,1,0,43.0751,0,0,0,43.0751,0
72.29,2.77798,0,0,3.69652,0.0549985,0.863542,3.6288,31.2742,0.57544,0,0,0.403015,0.259984,0,0.66528,12.849,1,0.493765,0.863542,0,48.8415,6.39177,42.8195,0.84672,12.849,0.84672,3695.15,0,36.966,0.42336,0.363096,2.17856,2.17843,1.64192,2.6548,0.42336,36.966,0.42336,423.524,0,1.02816,0,0,1.39126,0.363096,1.028160,1,0,45.4743,0,0,0,45.4743,0
72.29,2.77874,0,0,4.49296,0.0549985,1.65922,3.6288,31.0874,0.575995,0,0,0.647938,0.258753,0,0.66528,12.849,1,0.4939,1.65922,0,42.5748,6.39177,37.3484,0.84672,12.849,0.84672,3695.15,0,36.966,0.42336,1.27846,2.17915,3.1388,1.64192,4.53114,0.42336,36.966,0.42336,423.524,0,1.02816,0,0,2.30662,1.27846,1.028160,1,0,41.8795,0,0,0,41.8795,0
72.29,2.6947,0,0,4.3879,0.023846,1.66936,3.6288,31.0676,0.478972,0,0,0.704174,0.245004,0,0.66528,12.849,1,0.478962,1.66936,0,51.6952,6.17775,46.7078,0.84672,12.849,0.84672,3695.15,0,36.966,0.42336,1.43339,2.17975,4.81432,1.6081,6.396,0.42336,36.966,0.42336,423.524,0,1.02816,0,0,2.46155,1.43339,1.028160,1,0,53.1038,0,0,0,53.1038,0
72.29,2.69544,0,0,4.77967,0.0503136,2.03392,3.6288,31.2546,0.479501,0,0,0.87495,0.208439,0,0.66528,12.849,1,0.479093,2.03392,0,49.6949,5.74116,45.5085,0.84672,12.849,0.84672,3695.15,0,36.966,0.42336,1.77726,2.08624,5.03652,1.48792,6.98873,0.42336,36.966,0.42336,423.524,0,1.02816,0,0,2.80542,1.77726,1.028160,1,0,52.4973,0,0,0,52.4973,0
72.29,2.69617,0,0,7.16832,0.0702463,4.4019,3.6288,31.5834,0.480031,0,0,1.007,0.198207,0,0.66528,12.849,1,0.479225,4.4019,0,60.5207,5.63073,58.8126,0.84672,12.849,0.84672,3695.15,0,36.966,0.42336,2.46258,2.08681,5.35715,1.44999,8.03319,0.42336,36.966,0.42336,423.524,0,1.02816,0,0,3.49074,2.46258,1.028160,1,0,66.8458,0,0,0,66.8458,0
72.29,2.69691,0,0,9.67861,0.0702463,6.91145,3.6288,32.5312,0.48056,0,0,1.62727,0.198924,0,0.66528,12.849,1,0.479356,6.91145,0,120.772,5.63073,121.573,0.84672,12.849,0.84672,3695.15,0,36.966,0.42336,4.6476,2.08739,8.43862,1.44999,13.3003,0.42336,36.966,0.42336,423.524,0,1.02816,0,0,5.67576,4.6476,1.028160,1,0,134.873,0,0,0,134.873,0
72.29,2.67842,0,0,7.52145,0.121814,4.72122,3.6288,33.0691,0.427564,0,0,1.1558,0.190248,0,0.66528,12.849,1,0.476068,4.72122,0,108.117,5.55318,106.809,0.84672,12.849,0.84672,3695.15,0,36.966,0.42336,2.78289,2.08796,5.2018,1.41849,8.2308,0.42336,36.966,0.42336,423.524,0,1.02816,0,0,3.81105,2.78289,1.028160,1,0,115.04,0,0,0,115.04,0
71.4005,2.67915,0,0,2.33233,0.179816,0.36288,3.6288,33.3853,0.428079,0,0,0.933333,0.189082,0,0.66528,12.849,1,0.476199,0.36288,0,58.2552,5.26995,52.8719,0.84672,12.849,0.84672,3695.15,0,36.966,0.42336,1.41231,2.04293,3.88592,1.14775,5.77005,0.42336,36.966,0.42336,423.524,0,1.02816,0,0,2.44047,1.41231,1.028160,1,0,58.642,0,0,0,58.642,0
70.79,2.67486,0,0,2.60586,0.178603,0.36288,3.6288,33.8191,0.428594,0,0,1.05213,0.189727,0,0.66528,12.849,1,0.481358,0.36288,0,35.7114,5.26995,30.3229,0.84672,12.849,0.84672,3695.15,0,36.966,0.42336,1.76712,2.04349,4.16146,1.14775,6.40096,0.42336,36.966,0.42336,423.524,0,1.02816,0,0,2.79528,1.76712,1.028160,1,0,36.7239,0,0,0,36.7239,0
72.29,2.67207,0,0,10.7583,0.153639,6.4326,3.6288,35.0538,0.42911,0,0,1.8328,0.168997,0,0.66528,12.849,1,0.485005,6.4326,0,103.662,4.65348,104.956,0.84672,12.849,0.84672,3695.15,0,36.966,0.42336,3.48983,2.04405,11.8121,1.15109,15.7715,0.42336,36.966,0.42336,423.524,0,1.02816,0,0,4.51799,3.48983,1.028160,1,0,120.727,0,0,0,120.727,0
72.29,2.47942,0,0,6.42987,0.186916,3.76354,3.6288,36.1725,0.3232,0,0,1.58617,0.14432,0,0.66528,12.849,1,0.440698,3.76354,0,103.248,3.9523,102.619,0.84672,12.849,0.84672,3695.15,0,36.966,0.34083,2.75302,2.04461,10.0617,0.971632,13.5468,0.42336,36.966,0.42336,423.524,0,1.02816,0,0,3.78118,2.75302,1.028160,1,0,116.165,0,0,0,116.165,0
72.29,2.46134,0,0,3.86492,0.245388,1.1582,3.6288,36.5471,0.339567,0,0,0.872866,0.158687,0,0.66528,12.849,1,0.437484,1.1582,0,55.713,4.30079,52.1329,0.84672,12.849,0.84672,3695.15,0,36.966,0.347016,0.60359,1.85462,5.74569,1.0956,6.76128,0.42336,36.966,0.42336,423.524,0,1.02816,0,0,1.63175,0.60359,1.028160,1,0,58.8942,0,0,0,58.8942,0
72.29,2.46241,0,0,8.95846,0.255133,6.24092,3.6288,37.6014,0.341336,0,0,1.55709,0.161404,0,0.66528,12.849,1,0.437675,6.24092,0,80.714,4.35887,82.1584,0.84672,12.849,0.84672,3695.15,0,36.966,0.345248,1.90835,1.86805,11.236,1.11626,13.5509,0.42336,36.966,0.42336,423.524,0,1.02816,0,0,2.93651,1.90835,1.028160,1,0,95.7092,0,0,0,95.7092,0
72.29,2.46349,0,0,5.83155,0.255133,3.11293,3.6288,38.8145,0.346217,0,0,1.72236,0.163058,0,0.66528,12.849,1,0.437866,3.11293,0,103.255,4.35887,101.571,0.84672,12.849,0.84672,3695.15,0,36.966,0.340366,2.44203,1.86829,9.39802,1.11626,12.2517,0.42336,36.966,0.42336,423.524,0,1.02816,0,0,3.47019,2.44203,1.028160,1,0,113.823,0,0,0,113.823,0
72.29,2.46456,0,0,6.47212,0.280727,3.72683,3.6288,40.3284,0.351666,0,0,2.05267,0.187164,0,0.66528,12.849,1,0.438057,3.72683,0,79.5701,4.65663,78.2022,0.84672,12.849,0.84672,3695.15,0,36.966,0.334918,2.74702,1.86852,10.3376,1.17613,13.4421,0.42336,36.966,0.42336,423.524,0,1.02816,0,0,3.77518,2.74702,1.028160,1,0,91.6443,0,0,0,91.6443,0
72.29,2.54339,0,0,6.42308,0.286393,3.59329,3.6288,41.4856,0.386806,0,0,1.74118,0.197159,0,0.66528,12.849,1,0.452069,3.59329,0,103.865,4.85275,102.153,0.84672,12.849,0.84672,3695.15,0,36.966,0.354556,2.72411,1.86876,9.7045,1.19551,12.7473,0.42336,36.966,0.42336,423.524,0,1.02816,0,0,3.75227,2.72411,1.028160,1,0,114.901,0,0,0,114.901,0
72.29,2.56125,0,0,5.19084,0.290827,2.33877,3.6288,42.718,0.381578,0,0,1.8023,0.188327,0,0.66528,12.849,1,0.455243,2.33877,0,80.6164,4.58462,77.9153,0.84672,12.849,0.84672,3695.15,0,36.966,0.340008,3.68844,1.92848,8.67449,1.11284,12.8386,0.42336,36.966,0.42336,423.524,0,1.02816,0,0,4.7166,3.68844,1.028160,1,0,90.7539,0,0,0,90.7539,0
72.29,2.56192,0,0,5.03801,0.290827,2.18526,3.6288,43.7868,0.387083,0,0,1.64648,0.190572,0,0.66528,12.849,1,0.455362,2.18526,0,142.595,4.58462,139.74,0.84672,12.849,0.84672,3695.15,0,36.966,0.334963,2.82763,1.91714,9.01783,1.11284,12.3148,0.42336,36.966,0.42336,423.524,0,1.02816,0,0,3.85579,2.82763,1.028160,1,0,152.055,0,0,0,152.055,0
72.29,2.5626,0,0,4.18344,0.290827,1.33002,3.6288,44.5275,0.391766,0,0,1.32504,0.192519,0,0.66528,12.849,1,0.455482,1.33002,0,92.9474,4.58462,89.2373,0.84672,12.849,0.84672,3695.15,0,36.966,0.33074,2.78692,1.91765,6.43215,1.11284,9.69314,0.42336,36.966,0.42336,423.524,0,1.02816,0,0,3.81508,2.78692,1.028160,1,0,98.9305,0,0,0,98.9305,0
72.29,2.76029,0,0,3.70765,0.293855,0.6535,3.6288,45.0105,0.487383,0,0,1.14475,0.174347,0,0.66528,12.849,1,0.490621,0.6535,0,81.8683,4.24058,77.7906,0.84672,12.849,0.84672,3695.15,0,36.966,0.404617,2.20561,1.91815,5.70354,1.02091,8.40178,0.42336,36.966,0.42336,423.524,0,1.02816,0,0,3.23377,2.20561,1.028160,1,0,86.1924,0,0,0,86.1924,0
72.29,2.76102,0,0,5.47883,0.252611,2.4652,3.6288,45.7606,0.490044,0,0,1.47009,0.229951,0,0.66528,12.849,1,0.49075,2.4652,0,106.355,3.96438,104.365,0.84672,12.849,0.84672,3695.15,0,36.966,0.40246,1.56629,2.09274,5.79328,1.32017,7.72967,0.42336,36.966,0.42336,423.524,0,1.02816,0,0,2.59445,1.56629,1.028160,1,0,112.095,0,0,0,112.095,0
72.29,2.76174,0,0,4.13545,0.252611,1.12109,3.6288,46.5296,0.493972,0,0,1.49449,0.231564,0,0.66528,12.849,1,0.490879,1.12109,0,126.144,3.96438,122.81,0.84672,12.849,0.84672,3695.15,0,36.966,0.399037,2.67998,2.09329,7.11571,1.32017,10.1698,0.42336,36.966,0.42336,423.524,0,1.02816,0,0,3.70814,2.67998,1.028160,1,0,132.98,0,0,0,132.98,0
72.29,2.76247,0,0,4.88177,0.260443,1.85886,3.6288,48.0464,0.497928,0,0,2.23509,0.220406,0,0.66528,12.849,1,0.491008,1.85886,0,160.382,3.89634,157.853,0.84672,12.849,0.84672,3695.15,0,36.966,0.395585,3.93999,2.09384,9.7875,1.26278,14.1629,0.42336,36.966,0.42336,423.524,0,1.02816,0,0,4.96815,3.93999,1.028160,1,0,172.016,0,0,0,172.016,0
72.29,2.45926,0,0,6.31365,0.269685,3.5847,3.6288,49.7928,0.369798,0,0,2.30708,0.19088,0,0.66528,12.849,1,0.437116,3.5847,0,167.211,3.64812,166.71,0.84672,12.849,0.84672,3695.15,0,36.966,0.284516,7.00923,2.09439,14.4124,1.0654,22.1661,0.42336,36.966,0.42336,423.524,0,1.02816,0,0,8.03739,7.00923,1.028160,1,0,188.876,0,0,0,188.876,0
72.29,2.4329,0,0,7.24438,0.303982,4.50749,3.6288,50.3334,0.394033,0,0,1.15882,0.224149,0,0.66528,12.849,1,0.43243,4.50749,0,164.66,3.51107,165.224,0.84672,12.849,0.84672,3695.15,0,36.966,0.292529,3.25852,1.84266,12.4119,1.09827,16.1223,0.42336,36.966,0.42336,423.524,0,1.02816,0,0,4.28668,3.25852,1.028160,1,0,181.347,0,0,0,181.347,0
72.29,2.43393,0,0,6.54255,0.315361,3.79327,3.6288,51.6805,0.395845,0,0,1.93001,0.187015,0,0.66528,12.849,1,0.432612,3.79327,0,227.213,2.83899,227.735,0.84672,12.849,0.84672,3695.15,0,36.966,0.290717,3.88749,1.86176,11.9529,0.900935,16.5105,0.42336,36.966,0.42336,423.524,0,1.02816,0,0,4.91565,3.88749,1.028160,1,0,244.245,0,0,0,244.245,0
72.29,2.43495,0,0,7.26287,0.315361,4.51256,3.6288,52.5099,0.400263,0,0,1.4187,0.189074,0,0.66528,12.849,1,0.432793,4.51256,0,172.907,2.83899,174.148,0.84672,12.849,0.84672,3695.15,0,36.966,0.286299,4.92304,1.86198,12.5049,0.900935,18.1027,0.42336,36.966,0.42336,423.524,0,1.02816,0,0,5.9512,4.92304,1.028160,1,0,192.251,0,0,0,192.251,0
72.29,2.43597,0,0,13.288,0.315361,10.5366,3.6288,54.9887,0.402916,0,0,3.07206,0.190342,0,0.66528,12.849,1,0.432975,10.5366,0,188.76,2.83899,196.024,0.84672,12.849,0.84672,3695.15,0,36.966,0.283646,6.94777,1.86221,18.3403,0.900935,25.9657,0.42336,36.966,0.42336,423.524,0,1.02816,0,0,7.97593,6.94777,1.028160,1,0,221.99,0,0,0,221.99,0
72.29,2.52696,0,0,8.91631,0.339409,6.04993,3.6288,57.3259,0.451081,0,0,2.92525,0.137027,0,0.66528,12.849,1,0.449149,6.04993,0,222.574,2.29776,225.877,0.84672,12.849,0.84672,3695.15,0,36.966,0.303238,7.66973,1.86243,16.177,0.782016,24.6239,0.42336,36.966,0.42336,423.524,0,1.02816,0,0,8.69789,7.66973,1.028160,1,0,250.501,0,0,0,250.501,0
72.29,2.55314,0,0,7.3777,0.356513,4.46804,3.6288,59.3045,0.440615,0,0,2.55385,0.134612,0,0.66528,12.849,1,0.453801,4.46804,0,232.746,2.07417,234.686,0.84672,12.849,0.84672,3695.15,0,36.966,0.284126,8.47895,1.93487,14.6145,0.758537,23.9856,0.42336,36.966,0.42336,423.524,0,1.02816,0,0,9.50711,8.47895,1.028160,1,0,258.672,0,0,0,258.672,0
72.29,2.55381,0,0,6.34375,0.356513,3.43343,3.6288,61.308,0.446738,0,0,2.58924,0.136339,0.002638,0.66528,12.849,1,0.45392,3.43343,0,195.842,2.07417,196.747,0.84672,12.849,0.84672,3695.15,0,36.966,0.278463,7.74973,1.91779,13.6343,0.758537,22.2649,0.42336,36.966,0.42336,423.524,0,1.02816,0,0,8.77789,7.74973,1.028160,1,0,219.015,0,0,0,219.015,0
72.29,2.55448,0,0,5.79328,0.359503,2.8793,3.6288,61.308,0.452702,0,0,2.78904,0.140766,2.19558,0.66528,12.849,1,0.454039,2.8793,0,190.885,1.9692,191.341,0.84672,12.849,0.84672,3695.15,0,36.966,0.272959,7.55214,1.9183,17.0721,0.744703,25.5249,0.42336,36.966,0.42336,423.524,0,1.02816,0,0,8.5803,7.55214,1.028160,1,0,219.062,0,0,0,219.062,0
72.29,2.51993,0,0,5.7422,0.285831,2.93644,3.6288,61.308,0.436555,0,0,2.23008,0.182829,1.6107,0.66528,12.849,1,0.447899,2.93644,0,150.149,2.63642,150.002,0.84672,12.849,0.84672,3695.15,0,36.966,0.263223,7.89955,1.9188,12.5304,0.828333,21.2572,0.42336,36.966,0.42336,423.524,0,1.02816,0,0,8.92771,7.89955,1.028160,1,0,172.869,0,0,0,172.869,0
72.29,2.52059,0,0,4.37447,0.28595,1.56792,3.6288,61.308,0.436837,0,0,1.05406,0.179902,0.437318,0.66528,12.849,1,0.448017,1.56792,0,91.9037,3.72939,89.2942,0.84672,12.849,0.84672,3695.15,0,36.966,0.263394,4.00227,1.89118,6.95211,0.951064,11.6311,0.42336,36.966,0.42336,423.524,0,1.02816,0,0,5.03043,4.00227,1.028160,1,0,101.363,0,0,0,101.363,0
72.29,2.52126,0,0,3.76763,0.28595,0.960422,3.6288,61.308,0.43712,0,0,0.769031,0.179902,0.152008,0.66528,12.849,1,0.448134,0.960422,0,83.7199,3.72939,80.5028,0.84672,12.849,0.84672,3695.15,0,36.966,0.263564,2.71834,1.89167,5.34356,0.951064,8.73895,0.42336,36.966,0.42336,423.524,0,1.02816,0,0,3.7465,2.71834,1.028160,1,0,89.3937,0,0,0,89.3937,0
72.29,2.52192,0,0,4.29061,0.28595,1.48274,3.6288,61.308,0.437403,0,0,0.827963,0.179902,0.210657,0.66528,12.849,1,0.448252,1.48274,0,82.131,3.72939,79.4361,0.84672,12.849,0.84672,3695.15,0,36.966,0.263735,2.76488,1.89217,6.04454,0.951064,9.48679,0.42336,36.966,0.42336,423.524,0,1.02816,0,0,3.79304,2.76488,1.028160,1,0,89.1335,0,0,0,89.1335,0
72.29,2.64224,0,0,3.62101,0.277371,0.701393,3.6288,61.308,0.496028,0,0,0.757341,0.176803,0.0845094,0.66528,12.849,1,0.469639,0.701393,0,86.8363,3.579,83.4891,0.84672,12.849,0.84672,3695.15,0,36.966,0.299083,2.67449,1.89267,6.13096,0.934949,9.46408,0.42336,36.966,0.42336,423.524,0,1.02816,0,0,3.70265,2.67449,1.028160,1,0,93.0377,0,0,0,93.0377,0
72.29,2.64294,0,0,3.32748,0.234115,0.45043,3.6288,61.308,0.496326,0,0,0.673547,0.163611,0.0136094,0.66528,12.849,1,0.469762,0.45043,0,64.9812,3.48882,61.473,0.84672,12.849,0.84672,3695.15,0,36.966,0.299263,2.1912,1.99183,4.67239,0.759259,7.79689,0.42336,36.966,0.42336,423.524,0,1.02816,0,0,3.21936,2.1912,1.028160,1,0,69.2835,0,0,0,69.2835,0
72.1224,2.64363,0,0,3.0411,0.202171,0.36288,3.6288,61.2855,0.496625,0,0,0.644439,0.170288,0,0.66528,12.849,1,0.469885,0.36288,0,56.8146,3.64644,53.0611,0.84672,12.849,0.84672,3695.15,0,36.966,0.299443,1.81912,1.99235,4.25902,0.792717,6.97832,0.42336,36.966,0.42336,423.524,0,1.02816,0,0,2.84728,1.81912,1.028160,1,0,60.0394,0,0,0,60.0394,0
71.8408,2.64339,0,0,2.92661,0.201914,0.36288,3.6288,61.2185,0.496855,0,0,0.600079,0.170264,0,0.66528,12.849,1,0.470935,0.36288,0,52.4315,3.64644,48.677,0.84672,12.849,0.84672,3695.15,0,36.966,0.299691,1.5661,1.99287,4.00661,0.792717,6.47318,0.42336,36.966,0.42336,423.524,0,1.02816,0,0,2.59426,1.5661,1.028160,1,0,55.1502,0,0,0,55.1502,0
71.3961,2.64252,0,0,2.76214,0.201482,0.36288,3.6288,61.0754,0.496948,0,0,0.52403,0.170192,0,0.66528,12.849,1,0.472625,0.36288,0,48.9477,3.64644,45.1915,0.84672,12.849,0.84672,3695.15,0,36.966,0.300076,1.53283,1.99339,3.67178,0.792717,6.10521,0.42336,36.966,0.42336,423.524,0,1.02816,0,0,2.56099,1.53283,1.028160,1,0,51.2967,0,0,0,51.2967,0
70.7093,2.61707,0,0,2.44459,0.151488,0.36288,3.6288,60.7727,0.52887,0,0,0.452729,0.226518,0,0.66528,12.849,1,0.470988,0.36288,0,44.0063,4.69485,39.2033,0.84672,12.849,0.84672,3695.15,0,36.966,0.3201,1.14888,1.99392,2.74337,1.05941,4.50666,0.42336,36.966,0.42336,423.524,0,1.02816,0,0,2.17704,1.14888,1.028160,1,0,43.71,0,0,0,43.71,0
69.8451,2.61388,0,0,2.23732,0.124665,0.36288,3.6288,60.3717,0.528185,0,0,0.397431,0.27024,0,0.66528,12.849,1,0.474984,0.36288,0,41.862,5.35784,36.3921,0.84672,12.849,0.84672,3695.15,0,36.966,0.321277,0.551163,2.02897,2.17962,1.24581,3.19267,0.42336,36.966,0.42336,423.524,0,1.02816,0,0,1.57932,0.551163,1.028160,1,0,39.5847,0,0,0,39.5847,0
68.8171,2.6096,0,0,2.06826,0.123837,0.36288,3.6288,59.9592,0.527167,0,0,0.384228,0.269553,0,0.66528,12.849,1,0.480073,0.36288,0,41.6091,5.35784,36.1341,0.84672,12.849,0.84672,3695.15,0,36.966,0.322788,0.524413,2.0295,2.21014,1.24581,3.19546,0.42336,36.966,0.42336,423.524,0,1.02816,0,0,1.55257,0.524413,1.028160,1,0,39.3295,0,0,0,39.3295,0
67.6047,2.60424,0,0,1.87763,0.122853,0.36288,3.6288,59.5273,0.526098,0,0,0.36298,0.268846,0,0.66528,12.849,1,0.486244,0.36288,0,40.3724,5.35784,34.8912,0.84672,12.849,0.84672,3695.15,0,36.966,0.324349,0.372125,2.03004,2.07751,1.24581,2.90951,0.42336,36.966,0.42336,423.524,0,1.02816,0,0,1.40028,0.372125,1.028160,1,0,37.8007,0,0,0,37.8007,0
66.1741,2.60815,0,0,1.65421,0.113773,0.36288,3.6288,59.0165,0.555207,0,0,0.329431,0.285018,0,0.66528,12.849,1,0.495706,0.36288,0,34.0941,5.59467,28.3666,0.84672,12.849,0.84672,3695.15,0,36.966,0.34478,0.261274,2.03057,1.91695,1.33223,2.53178,0.42336,36.966,0.42336,423.524,0,0.98877,0,0,1.25004,0.261274,1.028160,1,0,30.8984,0,0,0,30.8984,0
64.4573,2.59985,0,0,1.34317,0.0972872,0.36288,3.6288,58.2734,0.733557,0,0,0.300057,0.309562,0,0.66528,12.849,1,0.504812,0.36288,0,31.113,6.02763,24.9434,0.84672,12.849,0.84672,3695.15,0,36.966,0.42336,0.261274,2.04092,1.45494,1.49012,1.84365,0.42336,36.966,0.42336,423.524,0,0.732335,0,0,0.993609,0.261274,1.028160,1,0,26.7871,0,0,0,26.7871,0
62.6821,2.58932,0,0,1.27299,0.0959582,0.36288,3.6288,57.5848,0.64892,0,0,0.268445,0.308087,0,0.66528,12.849,1,0.516159,0.36288,0,27.491,6.02763,21.3101,0.84672,12.849,0.84672,3695.15,0,36.966,0.411646,0.261274,2.04145,1.51963,1.49012,1.92059,0.42336,36.966,0.42336,423.524,0,0.829181,0,0,1.09045,0.261274,1.028160,1,0,23.2307,0,0,0,23.2307,0
60.8368,2.57787,0,0,1.19002,0.094584,0.36288,3.6288,56.8288,0.697663,0,0,0.248372,0.306719,0,0.66528,12.849,1,0.528428,0.36288,0,26.14,6.02763,19.9468,0.84672,12.849,0.84672,3695.15,0,36.966,0.42336,0.227405,2.04199,1.33343,1.49012,1.68934,0.42336,36.966,0.42336,423.524,0,0.769219,0,0,0.996624,0.227405,1.028160,1,0,21.6361,0,0,0,21.6361,0
58.8182,2.73663,0,0,1.17403,0.0931556,0.36288,3.6288,55.9986,0.793775,0,0,0.268714,0.305218,0,0.66528,12.849,1,0.577988,0.36288,0,24.2553,6.02763,18.0126,0.84672,12.849,0.84672,3695.15,0,36.966,0.42336,0.227405,2.04252,1.50795,1.49012,1.86439,0.42336,36.966,0.42336,423.524,0,0.836387,0,0,1.06379,0.227405,1.028160,1,0,19.877,0,0,0,19.877,0
56.6465,2.72106,0,0,1.00328,0.0910021,0.36288,3.6288,54.8787,1.01712,0,0,0.21478,0.31756,0,0.66528,12.849,1,0.594424,0.36288,0,20.9834,6.24648,14.5053,0.84672,12.849,0.84672,3695.15,0,36.966,0.42336,0.227405,2.20771,1.28125,1.47463,1.81838,0.42336,36.966,0.42336,423.524,0,0.613578,0,0,0.840983,0.227405,1.028160,1,0,16.3237,0,0,0,16.3237,0
54.4872,2.7032,0,0,1.00772,0.100964,0.36288,3.6288,53.863,0.938526,0,0,0.236741,0.313832,0,0.66528,12.849,1,0.61316,0.36288,0,24.2004,6.12465,17.8255,0.84672,12.849,0.84672,3695.15,0,36.966,0.42336,0.227405,2.20829,1.12322,1.4266,1.70895,0.42336,36.966,0.42336,423.524,0,0.692712,0,0,0.920117,0.227405,1.028160,1,0,19.5344,0,0,0,19.5344,0
52.1508,2.68424,0,0,0.809551,0.0988103,0.36288,3.6288,52.5251,1.19741,0,0,0.171234,0.311731,0,0.66528,12.849,1,0.632988,0.36288,0,23.6476,6.12465,17.2528,0.84672,12.849,0.84672,3695.15,0,36.966,0.42336,0.204422,2.20887,0.901695,1.4266,1.46503,0.42336,36.966,0.42336,423.524,0,0.434367,0,0,0.63879,0.204422,1.028160,1,0,18.7179,0,0,0,18.7179,0
50.0375,2.66218,0,0,1.00821,0.0964797,0.36288,3.6288,51.881,0.62838,0,0,0.292672,0.308431,0,0.66528,12.849,1,0.655912,0.36288,0,21.5976,6.12465,15.1799,0.84672,12.849,0.84672,3695.15,0,36.966,0.42336,0.204422,2.20945,1.39419,1.4266,1.9581,0.42336,36.966,0.42336,423.524,0,1.00393,0,0,1.20836,0.204422,1.028160,1,0,17.138,0,0,0,17.138,0
47.81,2.56025,0,0,0.783596,0.0879596,0.36288,3.6288,50.8425,0.897021,0,0,0.167712,0.309167,0,0.66528,12.849,1,0.657441,0.36288,0,15.5011,5.62876,9.57778,0.84672,12.849,0.84672,3695.15,0,36.966,0.42336,0.204422,2.21002,1.19224,1.20303,1.9803,0.42336,36.966,0.42336,423.524,0,0.636898,0,0,0.84132,0.204422,1.028160,1,0,11.5581,0,0,0,11.5581,0
45.6628,2.53678,0,0,0.867145,0.114663,0.36288,3.6288,49.9846,0.675624,0,0,0.147804,0.330101,0,0.66528,12.849,1,0.681762,0.36288,0,12.1384,5.58453,6.23501,0.84672,12.849,0.84672,3695.15,0,36.966,0.42336,0.204422,2.11519,1.33416,1.25695,1.97347,0.42336,36.966,0.42336,423.524,0,0.858807,0,0,1.06323,0.204422,1.028160,1,0,8.20848,0,0,0,8.20848,0
43.5376,2.51242,0,0,0.86927,0.119202,0.36288,3.6288,49.1501,0.669259,0,0,0.165344,0.330583,0,0.66528,12.849,1,0.706965,0.36288,0,13.8427,5.63335,7.86522,0.84672,12.849,0.84672,3695.15,0,36.966,0.42336,0.216518,2.11574,1.4607,1.2849,2.08469,0.42336,36.966,0.42336,423.524,0,0.865685,0,0,1.0822,0.216518,1.028160,1,0,9.94992,0,0,0,9.94992,0
41.5054,2.48642,0,0,0.93344,0.116365,0.36288,3.6288,48.4048,0.590845,0,0,0.173881,0.328322,0,0.66528,12.849,1,0.733803,0.36288,0,20.3354,5.63335,14.3311,0.84672,12.849,0.84672,3695.15,0,36.966,0.42336,0.216518,2.1163,1.59995,1.2849,2.2245,0.42336,36.966,0.42336,423.524,0,0.944611,0,0,1.16113,0.216518,1.028160,1,0,16.5556,0,0,0,16.5556,0
39.6007,2.44209,0,0,1.01398,0.113652,0.36288,3.6288,47.8315,0.4972,0,0,0.25015,0.326302,0,0.66528,12.849,1,0.756008,0.36288,0,48.0162,5.63335,41.9897,0.84672,12.849,0.84672,3695.15,0,36.966,0.379704,0.400023,2.11685,2.26737,1.2849,3.11964,0.42336,36.966,0.42336,423.524,0,1.02816,0,0,1.42818,0.400023,1.028160,1,0,45.1093,0,0,0,45.1093,0
37.659,2.36977,0,0,0.949657,0.1587,0.36288,3.6288,47.1258,0.665928,0,0,0.17649,0.216235,0,0.66528,12.849,1,0.768906,0.36288,0,23.0949,4.77771,17.9112,0.84672,12.849,0.84672,3695.15,0,36.966,0.42336,0.216518,2.07118,1.1593,1.17764,1.846,0.42336,36.966,0.42336,423.524,0,0.780382,0,0,0.9969,0.216518,1.028160,1,0,19.7572,0,0,0,19.7572,0
35.8002,2.34083,0,0,1.00005,0.15516,0.36288,3.6288,46.5019,0.596831,0,0,0.187869,0.214962,0,0.66528,12.849,1,0.798674,0.36288,0,24.5678,4.77771,19.3542,0.84672,12.849,0.84672,3695.15,0,36.966,0.42336,0.216518,2.0327,2.08277,1.17764,2.73098,0.42336,36.966,0.42336,423.524,0,0.849969,0,0,1.06649,0.216518,1.028160,1,0,22.0852,0,0,0,22.0852,0
34.3713,2.31092,0,0,1.41371,0.168822,0.36288,3.6288,46.0632,0.46937,0,0,0.237976,0.207276,0,0.66528,12.849,1,0.829407,0.36288,0,39.0665,4.56324,34.0368,0.84672,12.849,0.84672,3695.15,0,36.966,0.373119,0.293017,2.03323,1.91909,1.14649,2.72573,0.42336,36.966,0.42336,423.524,0,1.02816,0,0,1.32118,0.293017,1.028160,1,0,36.7625,0,0,0,36.7625,0
34.7375,2.15481,0,0,3.07219,0.188268,0.36288,3.6288,45.9595,0.381325,0,0,0.475442,0.19778,0,0.66528,12.849,1,0.805531,0.36288,0,45.2658,4.27728,40.5459,0.84672,12.849,0.84672,3695.15,0,36.966,0.306016,0.873081,2.03376,3.49841,1.10496,4.99428,0.42336,36.966,0.42336,423.524,0,1.02816,0,0,1.90124,0.873081,1.028160,1,0,45.5402,0,0,0,45.5402,0
35.156,2.16157,0,0,3.1229,0.179972,0.36288,3.6288,45.5187,0.381191,0,0,0.158568,0.218226,0,0.66528,12.849,1,0.79954,0.36288,0,49.8612,4.09938,45.3251,0.84672,12.849,0.84672,3695.15,0,36.966,0.306599,0.487953,1.88016,2.59485,0.958723,3.69764,0.42336,36.966,0.42336,423.524,0,1.02816,0,0,1.51611,0.487953,1.028160,1,0,49.0228,0,0,0,49.0228,0
34.8293,2.16911,0,0,2.38246,0.177214,0.36288,3.6288,45.166,0.379801,0,0,0.252627,0.225554,0,0.66528,12.849,1,0.792778,0.36288,0,60.316,4.02822,55.8579,0.84672,12.849,0.84672,3695.15,0,36.966,0.308438,0.928135,1.88066,2.25533,0.900229,3.85545,0.42336,36.966,0.42336,423.524,0,1.02816,0,0,1.95629,0.928135,1.028160,1,0,59.7133,0,0,0,59.7133,0
35.1294,2.16424,0,0,3.00377,0.176513,0.36288,3.6288,45.3529,0.378723,0,0,0.790532,0.224814,0,0.66528,12.849,1,0.79842,0.36288,0,76.3433,4.02822,71.8795,0.84672,12.849,0.84672,3695.15,0,36.966,0.309965,3.68789,1.88115,4.0074,0.900229,8.36624,0.42336,36.966,0.42336,423.524,0,1.02816,0,0,4.71605,3.68789,1.028160,1,0,80.2458,0,0,0,80.2458,0
34.2914,2.16981,0,0,1.91304,0.218366,0.36288,3.6288,44.9978,0.379674,0,0,0.244903,0.220396,0,0.66528,12.849,1,0.793633,0.36288,0,32.0635,4.90602,26.7267,0.84672,12.849,0.84672,3695.15,0,36.966,0.309463,1.22221,1.88164,1.78237,1.26925,3.30751,0.42336,36.966,0.42336,423.524,0,1.02816,0,0,2.25037,1.22221,1.028160,1,0,30.0342,0,0,0,30.0342,0
33.8451,1.95268,0,0,2.08289,0.213674,0.36288,3.6288,44.818,0.289543,0,0,0.318949,0.209146,0,0.66528,12.849,1,0.731669,0.36288,0,61.0769,4.57824,56.1299,0.84672,12.849,0.84672,3695.15,0,36.966,0.237862,0.544666,1.88213,2.16427,1.18972,3.16349,0.42336,36.966,0.42336,423.524,0,1.02816,0,0,1.57283,0.544666,1.028160,1,0,59.2934,0,0,0,59.2934,0
35.4344,2.00715,0,0,4.16568,0.206351,0.36288,3.6288,44.9642,0.316808,0,0,0.645512,0.182539,0,0.66528,12.849,1,0.761998,0.36288,0,106.787,3.75879,102.629,0.84672,12.849,0.84672,3695.15,0,36.966,0.261304,0.761461,1.70488,3.66554,0.990869,4.87971,0.42336,36.966,0.42336,423.524,0,1.02816,0,0,1.78962,0.761461,1.028160,1,0,107.509,0,0,0,107.509,0
37.1952,2.03274,0,0,4.36682,0.210386,0.36288,3.6288,45.2983,0.317495,0,0,0.83436,0.182789,0,0.66528,12.849,1,0.7371,0.36288,0,91.0371,3.75879,86.9041,0.84672,12.849,0.84672,3695.15,0,36.966,0.261019,1.0672,1.75994,4.73018,0.990869,6.30543,0.42336,36.966,0.42336,423.524,0,1.02816,0,0,2.09536,1.0672,1.028160,1,0,93.2095,0,0,0,93.2095,0
39.5187,2.05919,0,0,4.96049,0.214856,0.36288,3.6288,45.5202,0.318777,0,0,0.724065,0.18336,0,0.66528,12.849,1,0.711344,0.36288,0,52.3147,3.75879,48.2074,0.84672,12.849,0.84672,3695.15,0,36.966,0.26014,0.994784,1.76038,4.17365,0.990869,5.67781,0.42336,36.966,0.42336,423.524,0,1.02816,0,0,2.02294,0.994784,1.028160,1,0,53.8852,0,0,0,53.8852,0
43.6867,2.09128,0,0,6.85308,0.230927,0.36288,3.6288,45.7285,0.319699,0,0,0.727289,0.199278,0,0.66528,12.849,1,0.679951,0.36288,0,146.017,3.88632,141.813,0.84672,12.849,0.84672,3695.15,0,36.966,0.259621,1.09213,1.76083,5.89841,1.03538,7.45636,0.42336,36.966,0.42336,423.524,0,1.02816,0,0,2.12029,1.09213,1.028160,1,0,149.27,0,0,0,149.27,0
47.0853,2.35086,0,0,6.36797,0.255603,0.36288,3.6288,45.9471,0.425118,0,0,0.825448,0.181707,0,0.66528,12.849,1,0.691428,0.36288,0,128.942,3.79276,124.821,0.84672,12.849,0.84672,3695.15,0,36.966,0.343657,0.90148,1.76127,5.79173,1.07857,7.03225,0.42336,36.966,0.42336,423.524,0,1.02816,0,0,1.92964,0.90148,1.028160,1,0,131.853,0,0,0,131.853,0
51.5395,2.39067,0,0,7.47092,0.263202,0.36288,3.6288,46.4882,0.426274,0,0,1.13993,0.172577,0,0.66528,12.849,1,0.652384,0.36288,0,121.001,3.72404,116.987,0.84672,12.849,0.84672,3695.15,0,36.966,0.342951,2.41328,1.95844,7.25921,1.06722,10.2208,0.42336,36.966,0.42336,423.524,0,1.02816,0,0,3.44144,2.41328,1.028160,1,0,127.208,0,0,0,127.208,0
54.181,2.63906,0,0,5.91944,0.276065,0.36288,3.6288,46.7005,0.512048,0,0,0.897781,0.173443,0,0.66528,12.849,1,0.657928,0.36288,0,153.097,3.72404,149.078,0.84672,12.849,0.84672,3695.15,0,36.966,0.407165,1.21301,1.95893,6.65724,1.06722,8.3548,0.42336,36.966,0.42336,423.524,0,1.02816,0,0,2.24117,1.21301,1.028160,1,0,157.433,0,0,0,157.433,0
55.158,2.66565,0,0,4.29252,0.286887,0.36288,3.6288,46.2139,0.998601,0,0,0.666134,0.154112,0,0.66528,12.849,1,0.632159,0.36288,0,99.0559,3.34596,95.4406,0.84672,12.849,0.84672,3695.15,0,36.966,0.42336,0.608429,2.1224,3.66879,0.958808,5.01745,0.42336,36.966,0.42336,423.524,0,0.5259,0,0,1.13433,0.608429,1.028160,1,0,100.458,0,0,0,100.458,0
60.5026,2.15688,0,0,8.17334,0.30899,0.36288,3.6288,47.0907,0.287024,0,0,1.32667,0.16284,0,0.66528,12.849,1,0.502443,0.36288,0,127.858,3.77649,123.942,0.84672,12.849,0.84672,3695.15,0,36.966,0.229587,2.36496,2.12293,7.55035,0.952404,10.8562,0.42336,36.966,0.42336,423.524,0,1.02816,0,0,3.39312,2.36496,1.028160,1,0,134.798,0,0,0,134.798,0
63.8964,2.41481,0,0,6.50011,0.328628,0.36288,3.6288,47.746,0.384621,0,0,1.20689,0.167014,0,0.66528,12.849,1,0.512836,0.36288,0,133.294,3.87345,129.27,0.84672,12.849,0.84672,3695.15,0,36.966,0.301926,2.26548,1.69185,7.42261,0.958563,10.1194,0.42336,36.966,0.42336,423.524,0,1.02816,0,0,3.29364,2.26548,1.028160,1,0,139.39,0,0,0,139.39,0
66.6308,2.43846,0,0,5.83118,0.295494,0.36288,3.6288,48.0151,0.386957,0,0,0.802131,0.146114,0,0.66528,12.849,1,0.490353,0.36288,0,111.921,3.52467,108.269,0.84672,12.849,0.84672,3695.15,0,36.966,0.29959,1.50499,1.87342,6.5532,0.908462,8.72356,0.42336,36.966,0.42336,423.524,0,1.02816,0,0,2.53315,1.50499,1.028160,1,0,116.992,0,0,0,116.992,0
69.6991,2.45631,0,0,6.15708,0.269517,0.36288,3.6288,48.5545,0.387905,0,0,1.05738,0.130041,0,0.66528,12.849,1,0.473671,0.36288,0,117.782,3.26308,114.408,0.84672,12.849,0.84672,3695.15,0,36.966,0.298642,2.28682,1.87364,6.87751,0.870885,9.86844,0.42336,36.966,0.42336,423.524,0,1.02816,0,0,3.31498,2.28682,1.028160,1,0,124.277,0,0,0,124.277,0
72.29,2.47489,0,0,8.60055,0.298701,3.2361,3.6288,49.7511,0.389789,0,0,1.72235,0.13592,0,0.66528,12.849,1,0.456245,3.2361,0,148.287,3.35412,147.713,0.84672,12.849,0.84672,3695.15,0,36.966,0.296758,3.08867,1.87386,7.32758,0.885883,11.1075,0.42336,36.966,0.42336,423.524,0,1.02816,0,0,4.11683,3.08867,1.028160,1,0,158.821,0,0,0,158.821,0
72.29,2.58096,0,0,6.4568,0.335467,3.54038,3.6288,50.3955,0.433284,0,0,1.22206,0.144399,0,0.66528,12.849,1,0.458746,3.54038,0,136.373,3.4755,135.979,0.84672,12.849,0.84672,3695.15,0,36.966,0.321938,2.74921,1.87408,7.37973,0.90588,10.7752,0.42336,36.966,0.42336,423.524,0,1.02816,0,0,3.77737,2.74921,1.028160,1,0,146.754,0,0,0,146.754,0
72.29,2.58771,0,0,7.20145,0.335467,4.27827,3.6288,51.1516,0.431768,0,0,1.33306,0.145163,0,0.66528,12.849,1,0.459946,4.27827,0,148.854,3.4755,149.197,0.84672,12.849,0.84672,3695.15,0,36.966,0.316709,2.1579,1.94748,7.58062,0.90588,10.4634,0.42336,36.966,0.42336,423.524,0,1.02816,0,0,3.18606,2.1579,1.028160,1,0,159.66,0,0,0,159.66,0
72.29,2.58836,0,0,5.91312,0.335467,2.98929,3.6288,51.7356,0.434744,0,0,1.16474,0.14606,0,0.66528,12.849,1,0.460061,2.98929,0,109.328,3.4755,108.382,0.84672,12.849,0.84672,3695.15,0,36.966,0.314178,2.38867,1.94376,5.54626,0.90588,8.65864,0.42336,36.966,0.42336,423.524,0,1.02816,0,0,3.41683,2.38867,1.028160,1,0,117.04,0,0,0,117.04,0
72.29,2.58901,0,0,4.71009,0.281903,1.83918,3.6288,51.9683,0.437071,0,0,0.818476,0.148642,0,0.66528,12.849,1,0.460176,1.83918,0,96.6488,3.86574,94.162,0.84672,12.849,0.84672,3695.15,0,36.966,0.312296,1.28658,1.94425,4.21288,0.937091,6.19432,0.42336,36.966,0.42336,423.524,0,1.02816,0,0,2.31474,1.28658,1.028160,1,0,100.356,0,0,0,100.356,0
72.29,2.55396,0,0,4.36762,0.277391,1.53627,3.6288,52.2608,0.422547,0,0,0.908133,0.193098,0,0.66528,12.849,1,0.453948,1.53627,0,89.2408,4.13133,86.1918,0.84672,12.849,0.84672,3695.15,0,36.966,0.300565,1.51888,1.94473,4.56042,0.989374,6.73409,0.42336,36.966,0.42336,423.524,0,1.02816,0,0,2.54704,1.51888,1.028160,1,0,92.9259,0,0,0,92.9259,0
72.29,2.5546,0,0,4.16568,0.277391,1.33369,3.6288,52.6888,0.423789,0,0,1.04536,0.193554,0,0.66528,12.849,1,0.454061,1.33369,0,84.8059,4.13133,81.5542,0.84672,12.849,0.84672,3695.15,0,36.966,0.299762,1.6748,1.91672,4.79784,0.989374,7.10023,0.42336,36.966,0.42336,423.524,0,1.02816,0,0,2.70296,1.6748,1.028160,1,0,88.6544,0,0,0,88.6544,0
72.29,2.55524,0,0,3.96015,0.277391,1.12752,3.6288,52.9672,0.425478,0,0,0.898061,0.194221,0,0.66528,12.849,1,0.454175,1.12752,0,72.049,4.13133,68.591,0.84672,12.849,0.84672,3695.15,0,36.966,0.298511,1.32259,1.9172,4.1599,0.989374,6.1118,0.42336,36.966,0.42336,423.524,0,1.02816,0,0,2.35075,1.32259,1.028160,1,0,74.7028,0,0,0,74.7028,0
72.29,2.55588,0,0,3.5569,0.236939,0.764077,3.6288,53.0917,0.42666,0,0,0.741328,0.190125,0,0.66528,12.849,1,0.454289,0.764077,0,66.2887,4.03365,62.5648,0.84672,12.849,0.84672,3695.15,0,36.966,0.297768,1.06472,1.91768,3.56023,0.90982,5.33504,0.42336,36.966,0.42336,423.524,0,1.02816,0,0,2.09288,1.06472,1.028160,1,0,67.8999,0,0,0,67.8999,0
72.29,2.67779,0,0,3.33354,0.214471,0.441271,3.6288,53.2037,0.483205,0,0,0.800887,0.20568,0,0.66528,12.849,1,0.475958,0.441271,0,62.076,4.37356,57.6677,0.84672,12.849,0.84672,3695.15,0,36.966,0.336439,0.930148,1.91815,3.88816,0.987267,5.41276,0.42336,36.966,0.42336,423.524,0,1.02816,0,0,1.95831,0.930148,1.028160,1,0,63.0805,0,0,0,63.0805,0
72.184,2.67846,0,0,3.13653,0.20123,0.36288,3.6288,53.1674,0.483895,0,0,0.647803,0.200213,0,0.66528,12.849,1,0.476077,0.36288,0,57.9789,4.13209,53.7336,0.84672,12.849,0.84672,3695.15,0,36.966,0.336211,0.854289,2.01863,3.79355,1.04501,5.28524,0.42336,36.966,0.42336,423.524,0,1.02816,0,0,1.88245,0.854289,1.028160,1,0,59.0188,0,0,0,59.0188,0
71.7944,2.67854,0,0,2.81448,0.162576,0.36288,3.6288,53.1109,0.484033,0,0,0.629467,0.201996,0,0.66528,12.849,1,0.47679,0.36288,0,50.717,4.19696,46.4061,0.84672,12.849,0.84672,3695.15,0,36.966,0.336536,0.862644,2.01913,3.54563,1.00405,5.08683,0.42336,36.966,0.42336,423.524,0,1.02816,0,0,1.8908,0.862644,1.028160,1,0,51.4929,0,0,0,51.4929,0
71.3717,2.67702,0,0,2.77921,0.162095,0.36288,3.6288,53.1086,0.484094,0,0,0.683718,0.201905,0,0.66528,12.849,1,0.479104,0.36288,0,49.0456,4.19696,44.7324,0.84672,12.849,0.84672,3695.15,0,36.966,0.336937,0.822925,2.01964,3.88733,1.00405,5.3889,0.42336,36.966,0.42336,423.524,0,1.02816,0,0,1.85109,0.822925,1.028160,1,0,50.1213,0,0,0,50.1213,0
71.2531,2.67528,0,0,3.06397,0.144359,0.36288,3.6288,53.0161,0.484358,0,0,0.603371,0.211495,0,0.66528,12.849,1,0.481629,0.36288,0,46.4734,4.60524,41.7494,0.84672,12.849,0.84672,3695.15,0,36.966,0.337135,0.809292,2.02014,3.25466,1.11088,4.63607,0.42336,36.966,0.42336,423.524,0,1.02816,0,0,1.83745,0.809292,1.028160,1,0,46.3854,0,0,0,46.3854,0
71.6831,2.65131,0,0,3.56553,0.121297,0.36288,3.6288,52.8329,0.515014,0,0,0.555875,0.22412,0,0.66528,12.849,1,0.478108,0.36288,0,46.2471,5.14962,40.9822,0.84672,12.849,0.84672,3695.15,0,36.966,0.359099,0.842867,2.02065,3.15658,1.25333,4.40766,0.42336,36.966,0.42336,423.524,0,1.02816,0,0,1.87103,0.842867,1.028160,1,0,45.3899,0,0,0,45.3899,0
71.8684,2.65441,0,0,3.32427,0.121696,0.36288,3.6288,52.6286,0.514561,0,0,0.534102,0.223792,0,0.66528,12.849,1,0.475795,0.36288,0,45.6354,5.14962,40.3729,0.84672,12.849,0.84672,3695.15,0,36.966,0.360027,0.767457,2.05615,3.22544,1.25333,4.43568,0.42336,36.966,0.42336,423.524,0,1.02816,0,0,1.79562,0.767457,1.028160,1,0,44.8086,0,0,0,44.8086,0
71.7389,2.65611,0,0,3.01133,0.121868,0.36288,3.6288,52.4015,0.51402,0,0,0.51038,0.223425,0,0.66528,12.849,1,0.474873,0.36288,0,44.848,5.14962,39.5864,0.84672,12.849,0.84672,3695.15,0,36.966,0.361044,0.67824,2.05666,3.0471,1.25333,4.16763,0.42336,36.966,0.42336,423.524,0,1.02816,0,0,1.7064,0.67824,1.028160,1,0,43.754,0,0,0,43.754,0
71.3448,2.65605,0,0,2.74183,0.117007,0.36288,3.6288,52.1375,0.513382,0,0,0.482682,0.23335,0,0.66528,12.849,1,0.475719,0.36288,0,39.4795,5.29077,34.0759,0.84672,12.849,0.84672,3695.15,0,36.966,0.362158,0.515238,2.05718,2.95744,1.30485,3.86284,0.42336,36.966,0.42336,423.524,0,1.02816,0,0,1.5434,0.515238,1.028160,1,0,37.9388,0,0,0,37.9388,0
71.3927,2.66527,0,0,3.18158,0.105539,0.36288,3.6288,51.6828,0.518313,0,0,0.36833,0.304723,0,0.66528,12.849,1,0.480007,0.36288,0,36.9631,6.12213,30.7239,0.84672,12.849,0.84672,3695.15,0,36.966,0.367489,0.653867,2.05769,2.51387,1.55449,3.30345,0.42336,36.966,0.42336,423.524,0,1.02816,0,0,1.68203,0.653867,1.028160,1,0,34.0273,0,0,0,34.0273,0
71.0711,2.66621,0,0,2.8131,0.105577,0.36288,3.6288,51.2092,0.516707,0,0,0.346736,0.303606,0,0.66528,12.849,1,0.479854,0.36288,0,34.9168,6.12213,28.6777,0.84672,12.849,0.84672,3695.15,0,36.966,0.369574,0.479624,2.06815,2.35833,1.55449,2.98205,0.42336,36.966,0.42336,423.524,0,1.02816,0,0,1.50778,0.479624,1.028160,1,0,31.6598,0,0,0,31.6598,0
70.4897,2.66503,0,0,2.54208,0.095606,0.36288,3.6288,50.7302,0.515,0,0,0.343313,0.307276,0,0.66528,12.849,1,0.481813,0.36288,0,33.0988,6.27168,26.7082,0.84672,12.849,0.84672,3695.15,0,36.966,0.371759,0.434627,2.06867,2.3531,1.58437,2.90027,0.42336,36.966,0.42336,423.524,0,1.02816,0,0,1.46279,0.434627,1.028160,1,0,29.6085,0,0,0,29.6085,0
69.4571,2.66234,0,0,2.08759,0.0949925,0.36288,3.6288,50.2532,0.513247,0,0,0.335916,0.29975,0,0.66528,12.849,1,0.485296,0.36288,0,31.1375,6.30184,24.7133,0.84672,12.849,0.84672,3695.15,0,36.966,0.373992,0.414089,2.06919,2.25159,1.48079,2.88008,0.42336,36.966,0.42336,423.524,0,1.02816,0,0,1.44225,0.414089,1.028160,1,0,27.5933,0,0,0,27.5933,0
68.47,2.83436,0,0,2.30557,0.0954382,0.36288,3.6288,49.603,0.632874,0,0,0.286521,0.303839,0,0.66528,12.849,1,0.524333,0.36288,0,27.7017,6.15556,21.3847,0.84672,12.849,0.84672,3695.15,0,36.966,0.42336,0.227405,2.0697,2.02082,1.51029,2.38428,0.42336,36.966,0.42336,423.524,0,1.02459,0,0,1.252,0.227405,1.028160,1,0,23.769,0,0,0,23.769,0
67.9518,2.8287,0,0,2.75778,0.0843225,0.36288,3.6288,48.9546,0.629826,0,0,0.294033,0.31259,0,0.66528,12.849,1,0.530831,0.36288,0,28.4798,6.21968,22.0921,0.84672,12.849,0.84672,3695.15,0,36.966,0.42336,0.25685,2.23706,1.72531,1.58084,2.21503,0.42336,36.966,0.42336,423.524,0,1.02816,0,0,1.28501,0.25685,1.028160,1,0,24.3072,0,0,0,24.3072,0
66.9499,2.826,0,0,2.27096,0.0839811,0.36288,3.6288,48.1721,0.727485,0,0,0.255917,0.310924,0,0.66528,12.849,1,0.534368,0.36288,0,35.3558,6.21968,28.9647,0.84672,12.849,0.84672,3695.15,0,36.966,0.42336,0.204422,2.23762,1.53925,1.58084,1.9771,0.42336,36.966,0.42336,423.524,0,0.93102,0,0,1.13544,0.204422,1.028160,1,0,30.9418,0,0,0,30.9418,0
66.196,2.82,0,0,2.5123,0.0833209,0.36288,3.6288,47.5839,0.630866,0,0,0.351547,0.308912,0,0.66528,12.849,1,0.541212,0.36288,0,30.3128,6.21968,23.9148,0.84672,12.849,0.84672,3695.15,0,36.966,0.42336,0.458222,2.23818,1.83943,1.58084,2.53163,0.42336,36.966,0.42336,423.524,0,1.02816,0,0,1.48638,0.458222,1.028160,1,0,26.4465,0,0,0,26.4465,0
65.2409,2.81554,0,0,2.28664,0.0633442,0.36288,3.6288,46.9043,0.631386,0,0,0.268945,0.317115,0,0.66528,12.849,1,0.546511,0.36288,0,27.0413,6.30959,20.5481,0.84672,12.849,0.84672,3695.15,0,36.966,0.42336,0.307187,2.23874,1.82114,1.63228,2.31143,0.42336,36.966,0.42336,423.524,0,1.02816,0,0,1.33535,0.307187,1.028160,1,0,22.8595,0,0,0,22.8595,0
63.8166,2.72383,0,0,1.78437,0.121949,0.36288,3.6288,46.3601,0.54153,0,0,0.267575,0.270203,0,0.66528,12.849,1,0.536451,0.36288,0,16.0629,4.64246,11.2469,0.84672,12.849,0.84672,3695.15,0,36.966,0.42336,0.204422,2.2393,1.1474,1.28432,1.88344,0.42336,36.966,0.42336,423.524,0,1.01829,0,0,1.22272,0.204422,1.028160,1,0,13.1303,0,0,0,13.1303,0
62.6336,2.71454,0,0,2.04951,0.155083,0.36288,3.6288,45.9305,0.532159,0,0,0.365182,0.262657,0,0.66528,12.849,1,0.546553,0.36288,0,16.2327,4.42208,11.6269,0.84672,12.849,0.84672,3695.15,0,36.966,0.42336,0.483987,2.14318,1.59116,1.25926,2.53571,0.42336,36.966,0.42336,423.524,0,1.02816,0,0,1.51215,0.483987,1.028160,1,0,14.1626,0,0,0,14.1626,0
61.3729,2.70665,0,0,1.96237,0.153595,0.36288,3.6288,45.4944,0.532654,0,0,0.358171,0.261615,0,0.66528,12.849,1,0.555258,0.36288,0,21.6435,4.42208,17.029,0.84672,12.849,0.84672,3695.15,0,36.966,0.42336,0.4428,2.14372,1.59075,1.25926,2.49465,0.42336,36.966,0.42336,423.524,0,1.02816,0,0,1.47096,0.4428,1.028160,1,0,19.5237,0,0,0,19.5237,0
60.4096,2.6979,0,0,2.24952,0.15201,0.36288,3.6288,45.1943,0.53315,0,0,0.49362,0.260557,0,0.66528,12.849,1,0.564831,0.36288,0,48.6549,4.42208,44.0309,0.84672,12.849,0.84672,3695.15,0,36.966,0.42336,0.81146,2.14426,2.14938,1.25926,3.42248,0.42336,36.966,0.42336,423.524,0,1.02816,0,0,1.83962,0.81146,1.028160,1,0,47.4534,0,0,0,47.4534,0
58.9223,2.62162,0,0,1.74548,0.24827,0.36288,3.6288,44.9161,0.476182,0,0,0.426355,0.228378,0,0.66528,12.849,1,0.557614,0.36288,0,37.3057,4.39265,32.7183,0.84672,12.849,0.84672,3695.15,0,36.966,0.389486,0.695373,2.14479,2.44508,1.12399,3.77176,0.42336,36.966,0.42336,423.524,0,1.02816,0,0,1.72353,0.695373,1.028160,1,0,36.4901,0,0,0,36.4901,0
56.9241,2.61072,0,0,1.23617,0.260798,0.36288,3.6288,44.2059,0.801661,0,0,0.314042,0.222556,0,0.66528,12.849,1,0.569311,0.36288,0,25.5838,4.38774,20.9896,0.84672,12.849,0.84672,3695.15,0,36.966,0.42336,0.216518,2.05896,2.0519,1.10145,2.80257,0.42336,36.966,0.42336,423.524,0,0.66928,0,0,0.885799,0.216518,1.028160,1,0,23.7922,0,0,0,23.7922,0
56.4104,2.59506,0,0,2.69999,0.255762,0.36288,3.6288,44.0582,0.471955,0,0,0.545319,0.221077,0,0.66528,12.849,1,0.585762,0.36288,0,36.1021,4.38774,31.4914,0.84672,12.849,0.84672,3695.15,0,36.966,0.394659,0.709318,2.05947,2.9356,1.10145,4.20828,0.42336,36.966,0.42336,423.524,0,1.02816,0,0,1.73748,0.709318,1.028160,1,0,35.6997,0,0,0,35.6997,0
58.948,2.59136,0,0,5.74638,0.254468,0.36288,3.6288,44.4963,0.471493,0,0,1.1303,0.220769,0,0.66528,12.849,1,0.590254,0.36288,0,78.8972,4.38774,74.2821,0.84672,12.849,0.84672,3695.15,0,36.966,0.395595,3.12442,2.05999,4.76534,1.10145,8.4527,0.42336,36.966,0.42336,423.524,0,1.02816,0,0,4.15258,3.12442,1.028160,1,0,82.7348,0,0,0,82.7348,0
59.0702,2.46248,0,0,3.22842,0.280868,0.36288,3.6288,44.5452,0.387749,0,0,0.641758,0.20505,0,0.66528,12.849,1,0.536751,0.36288,0,77.4146,4.45314,72.7876,0.84672,12.849,0.84672,3695.15,0,36.966,0.322129,1.35702,2.0605,3.95076,1.11243,5.93373,0.42336,36.966,0.42336,423.524,0,1.02816,0,0,2.38518,1.35702,1.028160,1,0,78.7213,0,0,0,78.7213,0
59.0065,2.46401,0,0,3.05942,0.296221,0.36288,3.6288,44.5453,0.38818,0,0,0.580919,0.192664,0,0.66528,12.849,1,0.535973,0.36288,0,97.4229,4.50219,92.7476,0.84672,12.849,0.84672,3695.15,0,36.966,0.322132,1.42533,1.90486,4.97203,1.12066,6.85943,0.42336,36.966,0.42336,423.524,0,1.02816,0,0,2.45349,1.42533,1.028160,1,0,99.6071,0,0,0,99.6071,0
61.0585,2.46415,0,0,5.17507,0.296039,0.36288,3.6288,44.7208,0.388417,0,0,0.75662,0.192664,0,0.66528,12.849,1,0.536582,0.36288,0,86.3093,4.50219,81.6334,0.84672,12.849,0.84672,3695.15,0,36.966,0.322329,2.40913,1.90534,6.05911,1.12066,8.9306,0.42336,36.966,0.42336,423.524,0,1.02816,0,0,3.43729,2.40913,1.028160,1,0,90.564,0,0,0,90.564,0
63.6883,2.47966,0,0,5.77395,0.301637,0.36288,3.6288,44.8551,0.389348,0,0,0.716564,0.192982,0,0.66528,12.849,1,0.521814,0.36288,0,102.395,4.50219,97.7341,0.84672,12.849,0.84672,3695.15,0,36.966,0.321833,2.26093,1.90582,6.05139,1.12066,8.77564,0.42336,36.966,0.42336,423.524,0,1.02816,0,0,3.28909,2.26093,1.028160,1,0,106.51,0,0,0,106.51,0
70.4805,2.49822,0,0,9.97393,0.32067,0.36288,3.6288,45.5914,0.390114,0,0,1.30566,0.179193,0,0.66528,12.849,1,0.504011,0.36288,0,112.241,3.52908,108.57,0.84672,12.849,0.84672,3695.15,0,36.966,0.321501,2.35668,1.90629,8.4366,1.0494,11.3287,0.42336,36.966,0.42336,423.524,0,1.02816,0,0,3.38484,2.35668,1.028160,1,0,119.899,0,0,0,119.899,0
72.29,2.61948,0,0,9.28141,0.297468,4.55491,3.6288,46.6804,0.424288,0,0,1.68983,0.17662,0,0.66528,12.849,1,0.477547,4.55491,0,196.546,3.70451,196.919,0.84672,12.849,0.84672,3695.15,0,36.966,0.344017,4.44807,1.90677,8.16698,1.03681,13.141,0.42336,36.966,0.42336,423.524,0,1.02816,0,0,5.47623,4.44807,1.028160,1,0,210.06,0,0,0,210.06,0
72.29,2.63026,0,0,5.3468,0.301609,2.41493,3.6288,47.8654,0.429006,0,0,1.79246,0.178409,0,0.66528,12.849,1,0.467509,2.41493,0,111.636,3.70451,109.879,0.84672,12.849,0.84672,3695.15,0,36.966,0.339728,4.74978,1.96833,7.31748,1.03681,12.659,0.42336,36.966,0.42336,423.524,0,1.02816,0,0,5.77794,4.74978,1.028160,1,0,122.538,0,0,0,122.538,0
72.29,2.63089,0,0,4.87693,0.296749,1.94929,3.6288,48.88,0.433994,0,0,1.6299,0.181323,0,0.66528,12.849,1,0.467621,1.94929,0,114.138,3.78814,111.831,0.84672,12.849,0.84672,3695.15,0,36.966,0.335169,4.26798,1.9688,5.92899,1.0128,10.8178,0.42336,36.966,0.42336,423.524,0,1.02816,0,0,5.29614,4.26798,1.028160,1,0,122.649,0,0,0,122.649,0
72.29,2.63152,0,0,5.65091,0.308308,2.71108,3.6288,49.8983,0.438199,0,0,1.6469,0.190351,0,0.66528,12.849,1,0.467732,2.71108,0,113.656,4.17846,111.721,0.84672,12.849,0.84672,3695.15,0,36.966,0.331393,4.61747,1.96927,7.13785,0.944703,12.4485,0.42336,36.966,0.42336,423.524,0,1.02816,0,0,5.64563,4.61747,1.028160,1,0,124.169,0,0,0,124.169,0
72.29,2.83447,0,0,7.45854,0.28971,4.33436,3.6288,51.4007,0.54204,0,0,2.24399,0.199592,0,0.66528,12.849,1,0.503805,4.33436,0,145.836,4.34699,145.32,0.84672,12.849,0.84672,3695.15,0,36.966,0.401557,4.86856,1.96974,8.98615,1.04044,14.3825,0.42336,36.966,0.42336,423.524,0,1.02816,0,0,5.89672,4.86856,1.028160,1,0,159.702,0,0,0,159.702,0
72.29,2.83514,0,0,7.44768,0.29856,4.31398,3.6288,53.067,0.54914,0,0,2.42095,0.205516,0,0.66528,12.849,1,0.503925,4.31398,0,189.289,4.36979,188.729,0.84672,12.849,0.84672,3695.15,0,36.966,0.394927,4.25813,2.14897,8.8241,1.10914,13.7271,0.42336,36.966,0.42336,423.524,0,1.02816,0,0,5.28629,4.25813,1.028160,1,0,202.456,0,0,0,202.456,0
72.29,2.83582,0,0,5.44316,0.29856,2.30878,3.6288,53.9068,0.556727,0,0,1.60483,0.208291,0,0.66528,12.849,1,0.504045,2.30878,0,119.22,4.36979,116.655,0.84672,12.849,0.84672,3695.15,0,36.966,0.387811,2.73304,2.14948,5.47166,1.10914,8.85723,0.42336,36.966,0.42336,423.524,0,1.02816,0,0,3.7612,2.73304,1.028160,1,0,125.512,0,0,0,125.512,0
72.29,2.8365,0,0,5.3999,0.29856,2.26484,3.6288,54.6352,0.56059,0,0,1.49867,0.209668,0,0.66528,12.849,1,0.504166,2.26484,0,112.184,4.36979,109.575,0.84672,12.849,0.84672,3695.15,0,36.966,0.384419,2.32584,2.15,4.37219,1.10914,7.35446,0.42336,36.966,0.42336,423.524,0,1.02816,0,0,3.354,2.32584,1.028160,1,0,116.93,0,0,0,116.93,0
72.29,2.52511,0,0,5.8591,0.342078,2.99191,3.6288,56.0053,0.41713,0,0,2.00815,0.220913,0,0.66528,12.849,1,0.448818,2.99191,0,191.795,4.34253,189.996,0.84672,12.849,0.84672,3695.15,0,36.966,0.282229,3.63986,2.15051,7.0279,1.01646,11.5196,0.42336,36.966,0.42336,423.524,0,1.02816,0,0,4.66802,3.63986,1.028160,1,0,201.515,0,0,0,201.515,0
72.29,2.52571,0,0,7.85471,0.355581,4.97342,3.6288,59.207,0.421538,0,0,3.8592,0.235942,0,0.66528,12.849,1,0.448926,4.97342,0,222.623,4.45399,222.693,0.84672,12.849,0.84672,3695.15,0,36.966,0.278234,5.41204,1.89199,11.1462,1.00543,17.1666,0.42336,36.966,0.42336,423.524,0,1.02816,0,0,6.4402,5.41204,1.028160,1,0,239.86,0,0,0,239.86,0
72.29,2.52631,0,0,8.79587,0.355581,5.91397,3.6288,61.308,0.431054,0,0,4.43784,0.240883,1.66495,0.66528,12.849,1,0.449033,5.91397,0,292.717,4.45399,293.728,0.84672,12.849,0.84672,3695.15,0,36.966,0.269129,6.41198,1.89245,13.3457,1.00543,20.3756,0.42336,36.966,0.42336,423.524,0,1.02816,0,0,7.44014,6.41198,1.028160,1,0,315.769,0,0,0,315.769,0
72.29,2.52691,0,0,7.89307,0.310269,5.05589,3.6288,61.308,0.437065,0,0,3.89668,0.220061,3.23956,0.66528,12.849,1,0.44914,5.05589,0,268.069,4.10522,268.571,0.84672,12.849,0.84672,3695.15,0,36.966,0.263531,6.81197,1.8929,11.9152,0.95533,19.4012,0.42336,36.966,0.42336,423.524,0,1.02816,0,0,7.84013,6.81197,1.028160,1,0,291.211,0,0,0,291.211,0
72.29,2.52752,0,0,8.00798,0.319676,5.16079,3.6288,61.308,0.437322,0,0,3.15053,0.258305,2.4549,0.66528,12.849,1,0.449247,5.16079,0,205.365,4.72947,205.347,0.84672,12.849,0.84672,3695.15,0,36.966,0.263686,5.00715,1.89335,12.1788,1.10515,17.7105,0.42336,36.966,0.42336,423.524,0,1.02816,0,0,6.03531,5.00715,1.028160,1,0,225.512,0,0,0,225.512,0
72.29,2.62049,0,0,11.5722,0.303121,8.64863,3.6288,61.308,0.480976,0,0,5.70447,0.219697,5.0038,0.66528,12.849,1,0.465773,8.64863,0,275.836,4.54325,279.476,0.84672,12.849,0.84672,3695.15,0,36.966,0.290007,5.47033,1.8938,15.0108,0.973724,21.1112,0.42336,36.966,0.42336,423.524,0,1.02816,0,0,6.49849,5.47033,1.028160,1,0,305.591,0,0,0,305.591,0
72.29,2.62112,0,0,8.7232,0.303121,5.79897,3.6288,61.308,0.481244,0,0,4.52958,0.219697,3.82864,0.66528,12.849,1,0.465884,5.79897,0,244.912,4.54325,245.702,0.84672,12.849,0.84672,3695.15,0,36.966,0.290169,4.5676,1.96838,12.3224,0.973724,17.5945,0.42336,36.966,0.42336,423.524,0,1.02816,0,0,5.59576,4.5676,1.028160,1,0,267.125,0,0,0,267.125,0
72.29,2.62174,0,0,6.87848,0.303121,3.95361,3.6288,61.308,0.481512,0,0,3.42772,0.219697,2.72651,0.66528,12.849,1,0.465995,3.95361,0,190.985,4.54325,189.93,0.84672,12.849,0.84672,3695.15,0,36.966,0.29033,4.06569,1.96885,8.39792,0.973724,13.1684,0.42336,36.966,0.42336,423.524,0,1.02816,0,0,5.09385,4.06569,1.028160,1,0,205.825,0,0,0,205.825,0
72.29,2.62237,0,0,6.30501,0.303121,3.37953,3.6288,61.308,0.48178,0,0,3.30137,0.219697,2.59989,0.66528,12.849,1,0.466106,3.37953,0,176.964,4.54325,175.334,0.84672,12.849,0.84672,3695.15,0,36.966,0.290492,4.00597,1.96932,7.59741,0.973724,12.3085,0.42336,36.966,0.42336,423.524,0,1.02816,0,0,5.03413,4.00597,1.028160,1,0,190.242,0,0,0,190.242,0
72.29,2.58684,0,0,6.04506,0.214561,3.24366,3.6288,61.308,0.465177,0,0,1.90086,0.243163,1.19252,0.66528,12.849,1,0.459792,3.24366,0,138.387,5.00302,136.168,0.84672,12.849,0.84672,3695.15,0,36.966,0.280481,3.17494,1.96979,6.90286,1.14816,10.619,0.42336,36.966,0.42336,423.524,0,1.02816,0,0,4.2031,3.17494,1.028160,1,0,147.979,0,0,0,147.979,0
72.29,2.58746,0,0,5.09694,0.193604,2.31588,3.6288,61.308,0.465441,0,0,1.6254,0.227908,0.932053,0.66528,12.849,1,0.459901,2.31588,0,125.638,4.46933,123.024,0.84672,12.849,0.84672,3695.15,0,36.966,0.28064,2.49886,1.94139,5.27664,1.07075,8.3655,0.42336,36.966,0.42336,423.524,0,1.02816,0,0,3.52702,2.49886,1.028160,1,0,132.322,0,0,0,132.322,0
72.29,2.58808,0,0,4.64441,0.193604,1.86274,3.6288,61.308,0.465705,0,0,1.48179,0.227908,0.788177,0.66528,12.849,1,0.460011,1.86274,0,120.855,4.46933,117.788,0.84672,12.849,0.84672,3695.15,0,36.966,0.280799,1.86208,1.94185,4.37001,1.07075,6.8224,0.42336,36.966,0.42336,423.524,0,1.02816,0,0,2.89024,1.86208,1.028160,1,0,125.399,0,0,0,125.399,0
72.29,2.58869,0,0,4.35232,0.193604,1.57003,3.6288,61.308,0.465969,0,0,1.37782,0.227908,0.683948,0.66528,12.849,1,0.460121,1.57003,0,109.189,4.46933,105.829,0.84672,12.849,0.84672,3695.15,0,36.966,0.280958,1.46767,1.94232,3.97254,1.07075,6.03081,0.42336,36.966,0.42336,423.524,0,1.02816,0,0,2.49583,1.46767,1.028160,1,0,112.544,0,0,0,112.544,0
72.29,2.71214,0,0,4.27082,0.175955,1.38273,3.6288,61.308,0.526118,0,0,1.29826,0.248719,0.523423,0.66528,12.849,1,0.482062,1.38273,0,92.0557,4.61751,88.3389,0.84672,12.849,0.84672,3695.15,0,36.966,0.317226,1.58118,1.94278,3.77667,1.07552,5.90789,0.42336,36.966,0.42336,423.524,0,1.02816,0,0,2.60934,1.58118,1.028160,1,0,94.7702,0,0,0,94.7702,0
72.29,2.71279,0,0,4.1459,0.146987,1.28613,3.6288,61.308,0.526396,0,0,1.1944,0.260097,0.407905,0.66528,12.849,1,0.482177,1.28613,0,80.6993,4.76406,76.7392,0.84672,12.849,0.84672,3695.15,0,36.966,0.317394,1.40368,2.04452,3.73414,1.06648,5.79846,0.42336,36.966,0.42336,423.524,0,1.02816,0,0,2.43184,1.40368,1.028160,1,0,82.9456,0,0,0,82.9456,0
72.29,2.71343,0,0,3.91522,0.146987,1.0548,3.6288,61.308,0.526675,0,0,1.1996,0.260097,0.412826,0.66528,12.849,1,0.482292,1.0548,0,69.4146,4.76406,65.2231,0.84672,12.849,0.84672,3695.15,0,36.966,0.317561,1.66332,2.045,3.39761,1.06648,5.72189,0.42336,36.966,0.42336,423.524,0,1.02816,0,0,2.69148,1.66332,1.028160,1,0,71.3578,0,0,0,71.3578,0
72.29,2.71408,0,0,3.75593,0.146987,0.894863,3.6288,61.308,0.526953,0,0,1.14946,0.260097,0.362413,0.66528,12.849,1,0.482407,0.894863,0,63.7096,4.76406,59.358,0.84672,12.849,0.84672,3695.15,0,36.966,0.317729,1.59582,2.04549,3.17049,1.06648,5.42759,0.42336,36.966,0.42336,423.524,0,1.02816,0,0,2.62398,1.59582,1.028160,1,0,65.148,0,0,0,65.148,0
72.29,2.71473,0,0,3.83882,0.117858,1.00624,3.6288,61.308,0.527231,0,0,1.14142,0.285237,0.32895,0.66528,12.849,1,0.482522,1.00624,0,65.8584,4.85373,61.5284,0.84672,12.849,0.84672,3695.15,0,36.966,0.317897,1.79745,2.04598,3.71136,1.17124,6.06566,0.42336,36.966,0.42336,423.524,0,1.02816,0,0,2.82561,1.79745,1.028160,1,0,67.923,0,0,0,67.923,0
72.29,2.64037,0,0,4.36585,0.10428,1.62121,3.6288,61.308,0.537825,0,0,1.31541,0.265561,0.512029,0.66528,12.849,1,0.469305,1.62121,0,79.9675,4.98929,76.1301,0.84672,12.849,0.84672,3695.15,0,36.966,0.324285,2.23468,2.04647,4.90505,1.15973,7.70218,0.42336,36.966,0.42336,423.524,0,1.02816,0,0,3.26284,2.23468,1.028160,1,0,84.3444,0,0,0,84.3444,0
72.29,2.641,0,0,4.15587,0.0947091,1.42017,3.6288,61.308,0.538106,0,0,1.26996,0.281105,0.45075,0.66528,12.849,1,0.469417,1.42017,0,76.7612,5.20645,72.5055,0.84672,12.849,0.84672,3695.15,0,36.966,0.324454,2.20012,2.04317,4.72491,1.23323,7.41051,0.42336,36.966,0.42336,423.524,0,1.02816,0,0,3.22828,2.20012,1.028160,1,0,80.3668,0,0,0,80.3668,0
72.29,2.64162,0,0,3.92096,0.0806374,1.1987,3.6288,61.308,0.538387,0,0,1.22517,0.301033,0.385751,0.66528,12.849,1,0.469529,1.1987,0,72.7108,5.76768,67.6723,0.84672,12.849,0.84672,3695.15,0,36.966,0.324623,2.29309,2.04366,4.68659,1.37158,7.32714,0.42336,36.966,0.42336,423.524,0,1.02816,0,0,3.32125,2.29309,1.028160,1,0,75.3852,0,0,0,75.3852,0
72.29,2.64225,0,0,3.58907,0.0845794,0.86224,3.6288,61.308,0.538668,0,0,1.18684,0.29346,0.354712,0.66528,12.849,1,0.469641,0.86224,0,71.7906,5.775,66.4082,0.84672,12.849,0.84672,3695.15,0,36.966,0.324793,2.12851,2.04415,4.32864,1.35343,6.82308,0.42336,36.966,0.42336,423.524,0,1.02816,0,0,3.15667,2.12851,1.028160,1,0,73.586,0,0,0,73.586,0
72.1966,2.70456,0,0,3.04381,0.0697548,0.36288,3.6288,61.308,0.567792,0,0,0.96227,0.293914,0.100563,0.66528,12.849,1,0.480716,0.36288,0,60.5019,5.59644,54.7877,0.84672,12.849,0.84672,3695.15,0,36.966,0.342353,1.23911,2.04464,3.25547,1.39728,4.79958,0.42336,36.966,0.42336,423.524,0,1.02816,0,0,2.26727,1.23911,1.028160,1,0,59.6878,0,0,0,59.6878,0
71.7605,2.70468,0,0,2.69871,0.0672364,0.36288,3.6288,61.2212,0.56808,0,0,0.775226,0.29399,0,0.66528,12.849,1,0.481358,0.36288,0,48.4243,5.56668,42.7391,0.84672,12.849,0.84672,3695.15,0,36.966,0.342527,1.22302,2.09446,3.06532,1.40459,4.63568,0.42336,36.966,0.42336,423.524,0,1.02816,0,0,2.25118,1.22302,1.028160,1,0,47.3748,0,0,0,47.3748,0
71.1229,2.70284,0,0,2.49514,0.0670138,0.36288,3.6288,61.0782,0.568065,0,0,0.718917,0.293829,0,0.66528,12.849,1,0.483954,0.36288,0,46.4346,5.56668,40.7468,0.84672,12.849,0.84672,3695.15,0,36.966,0.343004,0.949052,2.09495,2.66527,1.40459,3.96169,0.42336,36.966,0.42336,423.524,0,1.02816,0,0,1.97721,0.949052,1.028160,1,0,44.7085,0,0,0,44.7085,0
70.549,2.69981,0,0,2.55056,0.0618308,0.36288,3.6288,61.0125,0.567853,0,0,0.798372,0.296149,0,0.66528,12.849,1,0.487745,0.36288,0,44.1641,5.64146,38.3977,0.84672,12.849,0.84672,3695.15,0,36.966,0.343678,1.21586,2.09545,3.2967,1.41953,4.84481,0.42336,36.966,0.42336,423.524,0,1.02816,0,0,2.24402,1.21586,1.028160,1,0,43.2425,0,0,0,43.2425,0
70.0425,2.87722,0,0,2.79736,0.0636993,0.36288,3.6288,60.8815,0.66528,0,0,0.80859,0.274334,0,0.66528,12.849,1,0.524025,0.36288,0,40.819,5.829,34.8288,0.84672,12.849,0.84672,3695.15,0,36.966,0.413752,1.31135,2.09595,3.69278,1.49066,5.19567,0.42336,36.966,0.42336,423.524,0,1.02816,0,0,2.33951,1.31135,1.028160,1,0,40.0245,0,0,0,40.0245,0
69.704,2.87471,0,0,2.96537,0.0662861,0.36288,3.6288,60.7338,0.66528,0,0,0.802846,0.285329,0,0.66528,12.849,1,0.527352,0.36288,0,38.3276,6.11971,32.0434,0.84672,12.849,0.84672,3695.15,0,36.966,0.414254,1.4873,2.26541,3.0172,1.56351,4.79214,0.42336,36.966,0.42336,423.524,0,1.02816,0,0,2.51546,1.4873,1.028160,1,0,36.8355,0,0,0,36.8355,0
69.0041,2.87323,0,0,2.60225,0.0661129,0.36288,3.6288,60.558,0.66528,0,0,0.774541,0.285062,0,0.66528,12.849,1,0.529641,0.36288,0,48.7211,6.11971,42.4347,0.84672,12.849,0.84672,3695.15,0,36.966,0.414755,1.37525,2.26595,2.89737,1.56351,4.56031,0.42336,36.966,0.42336,423.524,0,1.02816,0,0,2.40341,1.37525,1.028160,1,0,46.995,0,0,0,46.995,0
68.3637,2.86938,0,0,2.65769,0.0657548,0.36288,3.6288,60.4964,0.66528,0,0,0.888465,0.284744,0,0.66528,12.849,1,0.534297,0.36288,0,42.2047,6.11971,35.9135,0.84672,12.849,0.84672,3695.15,0,36.966,0.415257,1.51146,2.26649,3.00887,1.56351,4.80805,0.42336,36.966,0.42336,423.524,0,1.02816,0,0,2.53962,1.51146,1.028160,1,0,40.7216,0,0,0,40.7216,0
67.6553,2.86585,0,0,2.58547,0.065203,0.36288,3.6288,60.4278,0.66528,0,0,0.87354,0.276899,0,0.66528,12.849,1,0.538638,0.36288,0,41.1711,6.00979,34.9855,0.84672,12.849,0.84672,3695.15,0,36.966,0.41576,2.11358,2.26703,3.72201,1.53936,6.14749,0.42336,36.966,0.42336,423.524,0,1.02816,0,0,3.14174,2.11358,1.028160,1,0,41.133,0,0,0,41.133,0
66.877,2.77448,0,0,2.42262,0.0635046,0.36288,3.6288,60.4731,0.60806,0,0,0.883836,0.230395,0,0.66528,12.849,1,0.526925,0.36288,0,31.6181,5.35027,26.1038,0.84672,12.849,0.84672,3695.15,0,36.966,0.371974,2.54328,2.26757,3.32645,1.39451,6.37082,0.42336,36.966,0.42336,423.524,0,1.02816,0,0,3.57144,2.54328,1.028160,1,0,32.4746,0,0,0,32.4746,0
67.0072,2.76999,0,0,3.32614,0.0631159,0.36288,3.6288,61.0637,0.60853,0,0,1.42953,0.230461,0,0.66528,12.849,1,0.532195,0.36288,0,60.7439,5.35027,55.2243,0.84672,12.849,0.84672,3695.15,0,36.966,0.371982,4.86673,2.17021,5.90276,1.39451,11.1732,0.42336,36.966,0.42336,423.524,0,1.02816,0,0,5.89489,4.86673,1.028160,1,0,66.3975,0,0,0,66.3975,0
66.6417,2.77152,0,0,2.86659,0.0976561,0.36288,3.6288,61.2855,0.611069,0,0,1.05291,0.220001,0,0.66528,12.849,1,0.531454,0.36288,0,68.3983,5.32426,62.9055,0.84672,12.849,0.84672,3695.15,0,36.966,0.369922,3.23793,2.17073,3.69185,1.40618,7.3244,0.42336,36.966,0.42336,423.524,0,1.02816,0,0,4.26609,3.23793,1.028160,1,0,70.2299,0,0,0,70.2299,0
65.8696,2.76973,0,0,2.54381,0.183313,0.36288,3.6288,61.308,0.612203,0,0,0.833328,0.191958,0.00668979,0.66528,12.849,1,0.534024,0.36288,0,42.6812,5.25924,37.2508,0.84672,12.849,0.84672,3695.15,0,36.966,0.369266,2.53088,2.17125,3.126,1.43537,6.02349,0.42336,36.966,0.42336,423.524,0,1.02816,0,0,3.55904,2.53088,1.028160,1,0,43.281,0,0,0,43.281,0
64.817,2.69372,0,0,2.24035,0.236347,0.36288,3.6288,61.308,0.554889,0,0,1.095,0.137427,0.402685,0.66528,12.849,1,0.525457,0.36288,0,47.7408,4.04304,43.5352,0.84672,12.849,0.84672,3695.15,0,36.966,0.334573,3.4108,2.17176,5.20811,1.10896,9.34714,0.42336,36.966,0.42336,423.524,0,1.02816,0,0,4.43896,3.4108,1.028160,1,0,53.285,0,0,0,53.285,0
63.8011,2.68724,0,0,2.27977,0.245519,0.36288,3.6288,61.308,0.555174,0,0,1.06032,0.211178,0.293968,0.66528,12.849,1,0.532705,0.36288,0,42.6481,3.90222,38.576,0.84672,12.849,0.84672,3695.15,0,36.966,0.334745,2.78285,2.08483,4.7669,1.0134,8.28643,0.42336,36.966,0.42336,423.524,0,1.02816,0,0,3.81101,2.78285,1.028160,1,0,47.1564,0,0,0,47.1564,0
62.8939,2.68082,0,0,2.42249,0.286005,0.36288,3.6288,61.308,0.555458,0,0,0.955287,0.160947,0.238881,0.66528,12.849,1,0.539894,0.36288,0,57.2612,3.35538,53.7288,0.84672,12.849,0.84672,3695.15,0,36.966,0.334917,2.88888,2.08533,5.09105,0.843226,8.88711,0.42336,36.966,0.42336,423.524,0,1.02816,0,0,3.91704,2.88888,1.028160,1,0,62.8548,0,0,0,62.8548,0
63.0474,2.67499,0,0,3.47528,0.283901,0.36288,3.6288,61.308,0.555743,0,0,1.60301,0.160947,0.886322,0.66528,12.849,1,0.54649,0.36288,0,68.1979,3.35538,64.6589,0.84672,12.849,0.84672,3695.15,0,36.966,0.335088,3.42071,2.08582,7.31208,0.843226,11.6403,0.42336,36.966,0.42336,423.524,0,1.02816,0,0,4.44887,3.42071,1.028160,1,0,77.1855,0,0,0,77.1855,0
62.7917,2.52266,0,0,2.91121,0.281417,0.36288,3.6288,61.308,0.456427,0,0,1.80741,0.191736,1.15925,0.66528,12.849,1,0.514115,0.36288,0,88.7996,3.90798,84.7404,0.84672,12.849,0.84672,3695.15,0,36.966,0.275205,3.36617,2.08632,7.61027,0.985718,11.8018,0.42336,36.966,0.42336,423.524,0,1.02816,0,0,4.39433,3.36617,1.028160,1,0,97.7014,0,0,0,97.7014,0
63.1516,2.52152,0,0,3.5214,0.277051,0.36288,3.6288,61.308,0.456689,0,0,1.93105,0.232787,1.24157,0.66528,12.849,1,0.515976,0.36288,0,55.1784,4.64478,50.3805,0.84672,12.849,0.84672,3695.15,0,36.966,0.275363,3.231,1.92871,6.64407,1.17571,10.3527,0.42336,36.966,0.42336,423.524,0,1.02816,0,0,4.25916,3.231,1.028160,1,0,61.9748,0,0,0,61.9748,0
65.2537,2.52456,0,0,5.26735,0.277867,0.36288,3.6288,61.308,0.45695,0,0,3.60973,0.232787,2.91999,0.66528,12.849,1,0.513654,0.36288,0,126.817,4.64478,122.022,0.84672,12.849,0.84672,3695.15,0,36.966,0.27552,4.52537,1.92917,8.00949,1.17571,13.0128,0.42336,36.966,0.42336,423.524,0,1.02816,0,0,5.55353,4.52537,1.028160,1,0,137.955,0,0,0,137.955,0
66.6017,2.53899,0,0,4.5224,0.272504,0.36288,3.6288,61.308,0.457211,0,0,3.71983,0.236464,3.02616,0.66528,12.849,1,0.499949,0.36288,0,124.244,4.11348,119.994,0.84672,12.849,0.84672,3695.15,0,36.966,0.275678,6.94499,1.92962,8.60845,1.11005,16.0973,0.42336,36.966,0.42336,423.524,0,1.02816,0,0,7.97315,6.94499,1.028160,1,0,139.117,0,0,0,139.117,0
68.1943,2.54808,0,0,4.7749,0.271355,0.36288,3.6288,61.308,0.457472,0,0,2.30805,0.237934,1.61264,0.66528,12.849,1,0.491583,0.36288,0,94.1008,3.90096,90.0712,0.84672,12.849,0.84672,3695.15,0,36.966,0.275835,5.11882,1.93008,7.82131,1.08379,13.5106,0.42336,36.966,0.42336,423.524,0,1.02816,0,0,6.14698,5.11882,1.028160,1,0,105.194,0,0,0,105.194,0
68.5831,2.63848,0,0,3.66659,0.276459,0.36288,3.6288,61.308,0.493266,0,0,0.74859,0.226039,0.0292856,0.66528,12.849,1,0.497135,0.36288,0,74.2499,4.45294,69.6627,0.84672,12.849,0.84672,3695.15,0,36.966,0.297418,1.10717,1.93054,3.82685,1.39008,5.17707,0.42336,36.966,0.42336,423.524,0,1.02816,0,0,2.13533,1.10717,1.028160,1,0,74.8691,0,0,0,74.8691,0
68.8047,2.64145,0,0,3.50329,0.277301,0.36288,3.6288,61.308,0.493524,0,0,0.928999,0.226039,0.209436,0.66528,12.849,1,0.494874,0.36288,0,85.2595,4.45294,80.6746,0.84672,12.849,0.84672,3695.15,0,36.966,0.297573,1.4722,1.99285,4.2203,1.39008,5.99771,0.42336,36.966,0.42336,423.524,0,1.02816,0,0,2.50036,1.4722,1.028160,1,0,86.8817,0,0,0,86.8817,0
68.1036,2.64339,0,0,2.5829,0.277781,0.36288,3.6288,61.308,0.493782,0,0,0.733966,0.226039,0.0141458,0.66528,12.849,1,0.493643,0.36288,0,76.3318,4.45294,71.7481,0.84672,12.849,0.84672,3695.15,0,36.966,0.297728,1.06174,1.99331,4.36166,1.39008,5.72889,0.42336,36.966,0.42336,423.524,0,1.02816,0,0,2.0899,1.06174,1.028160,1,0,77.4911,0,0,0,77.4911,0
67.4006,2.63972,0,0,2.54188,0.242215,0.36288,3.6288,61.2097,0.49404,0,0,0.629265,0.233554,0,0.66528,12.849,1,0.498032,0.36288,0,80.7417,4.31527,76.2912,0.84672,12.849,0.84672,3695.15,0,36.966,0.297884,0.7668,1.99376,3.9642,1.26228,5.1646,0.42336,36.966,0.42336,423.524,0,1.02816,0,0,1.79496,0.7668,1.028160,1,0,81.4558,0,0,0,81.4558,0
66.5326,2.83857,0,0,2.59164,0.258244,0.36288,3.6288,60.9974,0.603561,0,0,0.625102,0.23382,0,0.66528,12.849,1,0.541134,0.36288,0,98.9591,3.87775,94.9031,0.84672,12.849,0.84672,3695.15,0,36.966,0.364505,1.20909,1.99421,3.51616,1.11159,5.24337,0.42336,36.966,0.42336,423.524,0,1.02816,0,0,2.23725,1.20909,1.028160,1,0,100.146,0,0,0,100.146,0
66.5889,2.83329,0,0,3.50253,0.250038,0.36288,3.6288,61.0298,0.603054,0,0,0.877138,0.241669,0,0.66528,12.849,1,0.547175,0.36288,0,123.505,3.83996,119.481,0.84672,12.849,0.84672,3695.15,0,36.966,0.365466,1.58866,2.17564,4.63121,1.18576,6.84429,0.42336,36.966,0.42336,423.524,0,1.02816,0,0,2.61682,1.58866,1.028160,1,0,126.325,0,0,0,126.325,0
68.5318,2.83432,0,0,5.39024,0.25015,0.36288,3.6288,61.1973,0.603457,0,0,1.01262,0.241718,0,0.66528,12.849,1,0.546912,0.36288,0,113.603,3.83996,109.579,0.84672,12.849,0.84672,3695.15,0,36.966,0.365517,2.2681,2.17613,6.44501,1.18576,9.33797,0.42336,36.966,0.42336,423.524,0,1.02816,0,0,3.29626,2.2681,1.028160,1,0,118.917,0,0,0,118.917,0
68.9327,2.84803,0,0,3.85971,0.247849,0.36288,3.6288,61.2582,0.604363,0,0,0.906873,0.241543,0,0.66528,12.849,1,0.533976,0.36288,0,113.802,3.66786,109.963,0.84672,12.849,0.84672,3695.15,0,36.966,0.365064,1.60017,2.17663,4.95756,1.15418,7.21512,0.42336,36.966,0.42336,423.524,0,1.02816,0,0,2.62833,1.60017,1.028160,1,0,117.178,0,0,0,117.178,0
69.7324,2.53767,0,0,4.00175,0.301555,0.36288,3.6288,61.308,0.44948,0,0,0.839637,0.190899,0.149478,0.66528,12.849,1,0.47302,0.36288,0,128.385,3.38406,124.891,0.84672,12.849,0.84672,3695.15,0,36.966,0.271237,1.71219,2.17712,4.80062,0.92804,7.49066,0.42336,36.966,0.42336,423.524,0,1.02816,0,0,2.74035,1.71219,1.028160,1,0,132.531,0,0,0,132.531,0
70.4602,2.54283,0,0,3.94202,0.308466,0.36288,3.6288,61.308,0.449865,0,0,0.753266,0.169924,0.133477,0.66528,12.849,1,0.468546,0.36288,0,91.1935,3.39549,87.6923,0.84672,12.849,0.84672,3695.15,0,36.966,0.271249,1.25232,1.91539,4.7778,0.751744,6.92251,0.42336,36.966,0.42336,423.524,0,1.02816,0,0,2.28048,1.25232,1.028160,1,0,94.7483,0,0,0,94.7483,0
69.9445,2.5475,0,0,2.70492,0.310203,0.36288,3.6288,61.308,0.450113,0,0,0.620089,0.169924,5.22562e-05,0.66528,12.849,1,0.464558,0.36288,0,82.6278,3.39549,79.1306,0.84672,12.849,0.84672,3695.15,0,36.966,0.271398,1.22878,1.91582,3.75534,0.751744,5.8768,0.42336,36.966,0.42336,423.524,0,1.02816,0,0,2.25694,1.22878,1.028160,1,0,85.0075,0,0,0,85.0075,0
70.4267,2.54519,0,0,3.69919,0.308972,0.36288,3.6288,61.308,0.450361,0,0,0.657507,0.169924,0.0372226,0.66528,12.849,1,0.467557,0.36288,0,91.8665,3.39549,88.3664,0.84672,12.849,0.84672,3695.15,0,36.966,0.271548,0.999743,1.91626,4.28183,0.751744,6.17454,0.42336,36.966,0.42336,423.524,0,1.02816,0,0,2.0279,0.999743,1.028160,1,0,94.5781,0,0,0,94.5781,0
70.2456,2.54847,0,0,3.01304,0.282749,0.36288,3.6288,61.2762,0.450609,0,0,0.593366,0.174551,0,0.66528,12.849,1,0.464956,0.36288,0,87.0039,3.86022,83.0416,0.84672,12.849,0.84672,3695.15,0,36.966,0.271697,1.42107,1.91669,3.55186,0.882072,5.73586,0.42336,36.966,0.42336,423.524,0,1.02816,0,0,2.44923,1.42107,1.028160,1,0,88.7775,0,0,0,88.7775,0
69.5253,2.64114,0,0,2.6497,0.365966,0.36288,3.6288,61.1607,0.49469,0,0,0.493765,0.114547,0,0.66528,12.849,1,0.483104,0.36288,0,55.9062,2.79405,52.992,0.84672,12.849,0.84672,3695.15,0,36.966,0.298431,1.18181,1.91713,2.86542,0.660534,5.00539,0.42336,36.966,0.42336,423.524,0,1.02816,0,0,2.20997,1.18181,1.028160,1,0,57.9974,0,0,0,57.9974,0
69.8043,2.63751,0,0,3.64332,0.363935,0.36288,3.6288,61.308,0.494597,0,0,0.872944,0.114463,0.116618,0.66528,12.849,1,0.487439,0.36288,0,110.882,2.79405,107.964,0.84672,12.849,0.84672,3695.15,0,36.966,0.298938,3.06582,1.9926,5.09712,0.660534,9.19607,0.42336,36.966,0.42336,423.524,0,1.02816,0,0,4.09398,3.06582,1.028160,1,0,117.276,0,0,0,117.276,0
68.9713,2.63975,0,0,2.47218,0.302603,0.36288,3.6288,61.1645,0.495303,0,0,0.499696,0.147934,0,0.66528,12.849,1,0.485904,0.36288,0,63.3123,3.40875,59.7805,0.84672,12.849,0.84672,3695.15,0,36.966,0.298645,0.981124,1.99306,2.95028,0.774377,4.85143,0.42336,36.966,0.42336,423.524,0,1.02816,0,0,2.00928,0.981124,1.028160,1,0,64.6319,0,0,0,64.6319,0
68.1088,2.38721,0,0,2.1887,0.301107,0.36288,3.6288,61.1362,0.388139,0,0,0.453813,0.093939,0,0.66528,12.849,1,0.444725,0.36288,0,46.0639,3.13131,42.8507,0.84672,12.849,0.84672,3695.15,0,36.966,0.23458,0.747446,1.99351,2.5268,0.527319,4.50586,0.42336,36.966,0.42336,423.524,0,1.02816,0,0,1.77561,0.747446,1.028160,1,0,47.3566,0,0,0,47.3566,0
66.9072,2.35017,0,0,1.79726,0.285805,0.36288,3.6288,60.9047,0.496493,0,0,0.418219,0.153249,0,0.66528,12.849,1,0.443368,0.36288,0,39.2018,3.60714,35.5142,0.84672,12.849,0.84672,3695.15,0,36.966,0.300205,0.528595,1.80617,1.88555,0.793858,3.12625,0.42336,36.966,0.42336,423.524,0,0.82976,0,0,1.35835,0.528595,1.028160,1,0,38.6405,0,0,0,38.6405,0
65.3778,2.34402,0,0,1.45839,0.280921,0.36288,3.6288,60.5218,0.58112,0,0,0.361191,0.162898,0,0.66528,12.849,1,0.45015,0.36288,0,32.3706,3.68644,28.5969,0.84672,12.849,0.84672,3695.15,0,36.966,0.35271,0.528595,1.78011,1.71217,0.838281,2.82989,0.42336,36.966,0.42336,423.524,0,0.692997,0,0,1.22159,0.528595,1.028160,1,0,31.4268,0,0,0,31.4268,0
63.6672,2.33575,0,0,1.26559,0.277522,0.36288,3.6288,60.2136,0.499007,0,0,0.353258,0.162503,0,0.66528,12.849,1,0.459055,0.36288,0,27.1034,3.68644,23.3208,0.84672,12.849,0.84672,3695.15,0,36.966,0.304788,0.402797,1.78051,2.03539,0.838281,3.07563,0.42336,36.966,0.42336,423.524,0,0.823401,0,0,1.2262,0.402797,1.028160,1,0,26.3964,0,0,0,26.3964,0
62.1798,2.32601,0,0,1.47518,0.273721,0.36288,3.6288,59.9289,0.499656,0,0,0.377198,0.162185,0,0.66528,12.849,1,0.469424,0.36288,0,27.9883,3.68644,24.1953,0.84672,12.849,0.84672,3695.15,0,36.966,0.306746,0.402797,1.78092,1.74523,0.838281,2.78392,0.42336,36.966,0.42336,423.524,0,0.821163,0,0,1.22396,0.402797,1.028160,1,0,26.9793,0,0,0,26.9793,0
60.7931,2.42715,0,0,1.64859,0.245241,0.36288,3.6288,59.5883,0.551662,0,0,0.379054,0.168083,0,0.66528,12.849,1,0.501554,0.36288,0,34.2162,3.92013,30.1574,0.84672,12.849,0.84672,3695.15,0,36.966,0.340282,0.402797,1.78132,1.67521,0.900803,2.61825,0.42336,36.966,0.42336,423.524,0,0.824005,0,0,1.2268,0.402797,1.028160,1,0,32.7757,0,0,0,32.7757,0
58.9643,2.41826,0,0,1.14544,0.193053,0.36288,3.6288,59.0358,0.70081,0,0,0.328398,0.180076,0,0.66528,12.849,1,0.511114,0.36288,0,27.4685,4.35813,22.9621,0.84672,12.849,0.84672,3695.15,0,36.966,0.42336,0.402797,1.87458,1.47659,0.960764,2.36984,0.42336,36.966,0.42336,423.524,0,0.592168,0,0,0.994965,0.402797,1.028160,1,0,25.3319,0,0,0,25.3319,0
57.1369,2.40579,0,0,1.13106,0.189811,0.36288,3.6288,58.5711,0.641917,0,0,0.356692,0.17944,0,0.66528,12.849,1,0.524249,0.36288,0,26.5632,4.35813,22.0437,0.84672,12.849,0.84672,3695.15,0,36.966,0.401945,0.30119,1.87501,1.6189,0.960764,2.43239,0.42336,36.966,0.42336,423.524,0,0.672866,0,0,0.974056,0.30119,1.028160,1,0,24.4761,0,0,0,24.4761,0
55.2528,2.39264,0,0,1.05783,0.18646,0.36288,3.6288,58.0565,0.664842,0,0,0.329133,0.178905,0,0.66528,12.849,1,0.538059,0.36288,0,24.8481,4.35813,20.3148,0.84672,12.849,0.84672,3695.15,0,36.966,0.419602,0.30119,1.87543,1.42146,0.960764,2.21771,0.42336,36.966,0.42336,423.524,0,0.632673,0,0,0.933863,0.30119,1.028160,1,0,22.5325,0,0,0,22.5325,0
53.3547,2.37829,0,0,1.00348,0.160423,0.36288,3.6288,57.4925,0.670036,0,0,0.308769,0.202705,0,0.66528,12.849,1,0.553071,0.36288,0,23.2557,4.81911,18.2464,0.84672,12.849,0.84672,3695.15,0,36.966,0.42336,0.30119,1.87586,1.41259,1.04218,2.1241,0.42336,36.966,0.42336,423.524,0,0.62411,0,0,0.925301,0.30119,1.028160,1,0,20.3705,0,0,0,20.3705,0
51.515,2.34181,0,0,1.00758,0.142523,0.36288,3.6288,56.9086,0.617204,0,0,0.266081,0.232765,0,0.66528,12.849,1,0.56396,0.36288,0,23.1638,4.85856,18.1042,0.84672,12.849,0.84672,3695.15,0,36.966,0.396844,0.30119,1.87628,1.39858,1.14359,2.03561,0.42336,36.966,0.42336,423.524,0,0.752276,0,0,1.05347,0.30119,1.028160,1,0,20.1398,0,0,0,20.1398,0
49.612,2.32622,0,0,0.925923,0.139845,0.36288,3.6288,56.3447,0.590508,0,0,0.258433,0.231885,0,0.66528,12.849,1,0.580211,0.36288,0,22.798,4.85856,17.7221,0.84672,12.849,0.84672,3695.15,0,36.966,0.383575,0.261274,1.9092,1.41029,1.14359,2.0536,0.42336,36.966,0.42336,423.524,0,0.792642,0,0,1.05392,0.261274,1.028160,1,0,19.7757,0,0,0,19.7757,0
47.4537,2.50112,0,0,0.842815,0.137075,0.36288,3.6288,55.5165,0.838887,0,0,0.241713,0.231034,0,0.66528,12.849,1,0.647765,0.36288,0,21.8861,4.85856,16.7426,0.84672,12.849,0.84672,3695.15,0,36.966,0.42336,0.261274,1.90964,1.32484,1.14359,1.9288,0.42336,36.966,0.42336,423.524,0,0.651862,0,0,0.913136,0.261274,1.028160,1,0,18.6714,0,0,0,18.6714,0
45.4552,2.28818,0,0,0.774999,0.122516,0.36288,3.6288,54.7889,0.69684,0,0,0.230775,0.261488,0,0.66528,12.849,1,0.619568,0.36288,0,19.4027,5.28201,13.864,0.84672,12.849,0.84672,3695.15,0,36.966,0.42336,0.261274,2.06894,1.27478,1.29816,1.88348,0.42336,36.966,0.42336,423.524,0,0.647326,0,0,0.9086,0.261274,1.028160,1,0,15.7475,0,0,0,15.7475,0
43.423,2.32037,0,0,0.756276,0.105158,0.36288,3.6288,53.9048,0.797172,0,0,0.215666,0.302638,0,0.66528,12.849,1,0.65591,0.36288,0,17.5097,5.76508,11.4516,0.84672,12.849,0.84672,3695.15,0,36.966,0.42336,0.261274,1.9105,1.16676,1.45513,1.46005,0.42336,36.966,0.42336,423.524,0,0.590596,0,0,0.851869,0.261274,1.028160,1,0,12.9117,0,0,0,12.9117,0
41.357,2.29721,0,0,0.696868,0.10283,0.36288,3.6288,52.9851,0.824116,0,0,0.205459,0.301005,0,0.66528,12.849,1,0.67975,0.36288,0,16.7734,5.73247,10.7241,0.84672,12.849,0.84672,3695.15,0,36.966,0.42336,0.261274,1.95703,1.18461,1.43548,1.54408,0.42336,36.966,0.42336,423.524,0,0.564062,0,0,0.825336,0.261274,1.028160,1,0,12.2682,0,0,0,12.2682,0
39.2381,2.27181,0,0,0.616159,0.10039,0.36288,3.6288,52.0035,0.87615,0,0,0.193416,0.298835,0,0.66528,12.849,1,0.705819,0.36288,0,15.8446,5.73247,9.76922,0.84672,12.849,0.84672,3695.15,0,36.966,0.42336,0.227405,1.95748,1.11131,1.43548,1.43735,0.42336,36.966,0.42336,423.524,0,0.512438,0,0,0.739843,0.227405,1.028160,1,0,11.2066,0,0,0,11.2066,0
37.0976,2.24361,0,0,0.556796,0.0908027,0.36288,3.6288,50.9951,0.898636,0,0,0.191505,0.301352,0,0.66528,12.849,1,0.734698,0.36288,0,15.0197,5.88202,8.76585,0.84672,12.849,0.84672,3695.15,0,36.966,0.42336,0.227405,1.95792,1.10884,1.46536,1.40545,0.42336,36.966,0.42336,423.524,0,0.490363,0,0,0.717768,0.227405,1.028160,1,0,10.1713,0,0,0,10.1713,0
34.8014,2.3604,0,0,0.513392,0.0862854,0.36288,3.6288,49.8539,1.04404,0,0,0.200867,0.298011,0,0.66528,12.849,1,0.81754,0.36288,0,14.3493,5.90467,7.98998,0.84672,12.849,0.84672,3695.15,0,36.966,0.42336,0.227405,1.95836,1.17063,1.38314,1.54989,0.42336,36.966,0.42336,423.524,0,0.50144,0,0,0.728844,0.227405,1.028160,1,0,9.53987,0,0,0,9.53987,0
32.6634,2.33194,0,0,0.626499,0.069716,0.36288,3.6288,48.8033,0.957751,0,0,0.221247,0.31408,0,0.66528,12.849,1,0.84672,0.36288,0,15.5475,6.09031,8.97335,0.84672,12.849,0.84672,3695.15,0,36.966,0.42336,0.227405,2.11667,1.17569,1.45912,1.63729,0.42336,36.966,0.42336,423.524,0,0.588177,0,0,0.815581,0.227405,1.028160,1,0,10.6106,0,0,0,10.6106,0
30.3026,2.5971,0,0,0.667128,0.0679035,0.36288,3.6288,47.8714,0.892642,0,0,0.272143,0.311372,0,0.66528,12.849,1,0.84672,0.36288,0,19.7847,6.09031,13.2106,0.84672,12.849,0.84672,3695.15,0,36.966,0.42336,0.204422,2.11715,1.3132,1.45912,1.7523,0.42336,36.966,0.42336,423.524,0,0.800798,0,0,1.00522,0.204422,1.028160,1,0,14.9629,0,0,0,14.9629,0
28.0893,2.33338,0,0,0.548843,0.0658779,0.36288,3.6288,46.6964,1.06424,0,0,0.198198,0.308971,0,0.66528,12.849,1,0.84672,0.36288,0,18.1259,6.09031,11.5517,0.84672,12.849,0.84672,3695.15,0,36.966,0.42336,0.204422,2.28081,1.07557,1.45912,1.67832,0.42336,36.966,0.42336,423.524,0,0.482579,0,0,0.687001,0.204422,1.028160,1,0,13.23,0,0,0,13.23,0
25.7478,2.59866,0,0,0.683948,0.0639325,0.36288,3.6288,46.0685,0.66528,0,0,0.343339,0.305931,0,0.66528,12.849,1,0.84672,0.36288,0,17.6683,6.09031,11.0941,0.84672,12.849,0.84672,3695.15,0,36.966,0.42336,0.329486,2.11811,1.67753,1.45912,2.24265,0.42336,36.966,0.42336,423.524,0,1.02816,0,0,1.35765,0.329486,1.028160,1,0,13.3368,0,0,0,13.3368,0
23.7998,2.23774,0,0,0.741208,0.0885226,0.36288,3.6288,45.2809,0.621691,0,0,0.167081,0.333009,0,0.66528,12.849,1,0.84672,0.36288,0,10.0178,5.6178,3.91618,0.84672,12.849,0.84672,3695.15,0,36.966,0.42336,0.204422,2.2811,1.19595,1.32975,1.92837,0.42336,36.966,0.42336,423.524,0,0.831185,0,0,1.03561,0.204422,1.028160,1,0,5.84455,0,0,0,5.84455,0
21.9419,2.23844,0,0,0.85136,0.108001,0.36288,3.6288,44.7174,0.467141,0,0,0.22803,0.324414,0,0.66528,12.849,1,0.84672,0.36288,0,10.1237,5.39742,4.2424,0.84672,12.849,0.84672,3695.15,0,36.966,0.38136,0.252582,2.02761,1.6585,1.30468,2.25264,0.42336,36.966,0.42336,423.524,0,1.02816,0,0,1.28074,0.252582,1.028160,1,0,6.49504,0,0,0,6.49504,0
20.0498,2.23914,0,0,0.815175,0.105275,0.36288,3.6288,44.1536,0.464743,0,0,0.223653,0.322708,0,0.66528,12.849,1,0.84672,0.36288,0,13.4983,5.39742,7.61701,0.84672,12.849,0.84672,3695.15,0,36.966,0.384183,0.217702,2.02807,1.65807,1.30468,2.21497,0.42336,36.966,0.42336,423.524,0,1.02816,0,0,1.24586,0.217702,1.028160,1,0,9.83199,0,0,0,9.83199,0
18.2789,2.23984,0,0,0.934468,0.102581,0.36288,3.6288,43.6785,0.462304,0,0,0.308227,0.321002,0,0.66528,12.849,1,0.84672,0.36288,0,30.3439,5.39742,24.4627,0.84672,12.849,0.84672,3695.15,0,36.966,0.387047,0.529952,2.02853,2.24037,1.30468,3.10712,0.42336,36.966,0.42336,423.524,0,1.02816,0,0,1.55811,0.529952,1.028160,1,0,27.5698,0,0,0,27.5698,0
17.9433,2.16079,0,0,2.3166,0.128505,0.36288,3.6288,43.3856,0.413456,0,0,0.393409,0.272883,0,0.66528,12.849,1,0.84672,0.36288,0,39.6466,4.71012,34.4527,0.84672,12.849,0.84672,3695.15,0,36.966,0.349916,0.730149,2.02899,2.87122,1.2198,4.06064,0.42336,36.966,0.42336,423.524,0,1.02816,0,0,1.75831,0.730149,1.028160,1,0,38.5133,0,0,0,38.5133,0
16.5978,2.16147,0,0,1.32788,0.149123,0.36288,3.6288,43.0038,0.4124,0,0,0.267829,0.237213,0,0.66528,12.849,1,0.84672,0.36288,0,19.9833,4.19464,15.3048,0.84672,12.849,0.84672,3695.15,0,36.966,0.351379,0.253731,1.94775,1.96346,1.15614,2.65741,0.42336,36.966,0.42336,423.524,0,1.02816,0,0,1.28189,0.253731,1.028160,1,0,17.9622,0,0,0,17.9622,0
15.1851,2.16215,0,0,1.25861,0.146254,0.36288,3.6288,42.5648,0.461337,0,0,0.258677,0.236352,0,0.66528,12.849,1,0.84672,0.36288,0,16.9517,4.19464,12.2732,0.84672,12.849,0.84672,3695.15,0,36.966,0.396565,0.292723,1.94819,3.22199,1.15614,3.91019,0.42336,36.966,0.42336,423.524,0,0.934442,0,0,1.22717,0.292723,1.028160,1,0,16.1834,0,0,0,16.1834,0
14.2471,2.16283,0,0,1.73866,0.150896,0.36288,3.6288,42.2675,0.409208,0,0,0.343145,0.231175,0,0.66528,12.849,1,0.84672,0.36288,0,28.9627,4.05166,24.4272,0.84672,12.849,0.84672,3695.15,0,36.966,0.355382,0.575191,1.94863,3.08507,1.13538,4.11813,0.42336,36.966,0.42336,423.524,0,1.02816,0,0,1.60335,0.575191,1.028160,1,0,28.5454,0,0,0,28.5454,0
14.983,1.93681,0,0,3.19934,0.163758,0.36288,3.6288,42.3419,0.312007,0,0,0.606842,0.220514,0,0.66528,12.849,1,0.84672,0.36288,0,31.279,3.93454,26.8607,0.84672,12.849,0.84672,3695.15,0,36.966,0.272872,1.06453,1.94907,5.16622,1.05994,6.84701,0.42336,36.966,0.42336,423.524,0,1.02816,0,0,2.09269,1.06453,1.028160,1,0,33.7077,0,0,0,33.7077,0
14.6824,1.93744,0,0,2.1531,0.153447,0.36288,3.6288,42.2455,0.312457,0,0,0.437871,0.221767,0,0.66528,12.849,1,0.84672,0.36288,0,35.8684,4.53537,30.8491,0.84672,12.849,0.84672,3695.15,0,36.966,0.272787,1.43011,1.76787,2.59241,1.00114,4.51647,0.42336,36.966,0.42336,423.524,0,1.02816,0,0,2.45827,1.43011,1.028160,1,0,35.3656,0,0,0,35.3656,0
14.6144,1.93807,0,0,2.38543,0.152474,0.36288,3.6288,42.168,0.31232,0,0,0.456428,0.221562,0,0.66528,12.849,1,0.84672,0.36288,0,37.5164,4.53537,32.4972,0.84672,12.849,0.84672,3695.15,0,36.966,0.273289,1.5879,1.76827,2.78187,1.00114,4.86362,0.42336,36.966,0.42336,423.524,0,1.02816,0,0,2.61606,1.5879,1.028160,1,0,37.3608,0,0,0,37.3608,0
14.3704,1.9387,0,0,2.2099,0.152254,0.36288,3.6288,42.025,0.312248,0,0,0.390572,0.221397,0,0.66528,12.849,1,0.84672,0.36288,0,28.6038,4.53537,23.5846,0.84672,12.849,0.84672,3695.15,0,36.966,0.273727,0.945017,1.76867,3.59587,1.00114,5.03468,0.42336,36.966,0.42336,423.524,0,1.02816,0,0,1.97318,0.945017,1.028160,1,0,28.6193,0,0,0,28.6193,0
14.6599,1.93933,0,0,2.72573,0.134023,0.36288,3.6288,42.1324,0.311946,0,0,0.589115,0.16973,0,0.66528,12.849,1,0.84672,0.36288,0,37.5555,3.2715,33.8001,0.84672,12.849,0.84672,3695.15,0,36.966,0.274394,1.65246,1.76907,3.00176,0.663802,5.48509,0.42336,36.966,0.42336,423.524,0,1.02816,0,0,2.68062,1.65246,1.028160,1,0,39.2852,0,0,0,39.2852,0
16.1447,2.02724,0,0,3.99782,0.122929,0.36288,3.6288,42.61,0.34032,0,0,1.00141,0.183556,0,0.66528,12.849,1,0.84672,0.36288,0,94.5518,3.96463,90.1033,0.84672,12.849,0.84672,3695.15,0,36.966,0.298589,1.76771,1.76947,4.41489,0.797895,6.85559,0.42336,36.966,0.42336,423.524,0,1.02816,0,0,2.79587,1.76771,1.028160,1,0,96.9589,0,0,0,96.9589,0
17.0058,2.02786,0,0,3.37712,0.125256,0.36288,3.6288,42.9925,0.342305,0,0,0.913001,0.188119,0,0.66528,12.849,1,0.84672,0.36288,0,85.0582,4.11527,80.4591,0.84672,12.849,0.84672,3695.15,0,36.966,0.296964,1.44545,1.82656,4.15674,0.829614,6.30216,0.42336,36.966,0.42336,423.524,0,1.02816,0,0,2.47361,1.44545,1.028160,1,0,86.7613,0,0,0,86.7613,0
17.6387,2.02848,0,0,3.15113,0.126888,0.36288,3.6288,43.3552,0.343919,0,0,0.895349,0.188808,0,0.66528,12.849,1,0.84672,0.36288,0,78.8504,4.11527,74.2513,0.84672,12.849,0.84672,3695.15,0,36.966,0.29571,1.40232,1.82695,4.11506,0.829614,6.21901,0.42336,36.966,0.42336,423.524,0,1.02816,0,0,2.43048,1.40232,1.028160,1,0,80.4703,0,0,0,80.4703,0
18.4267,2.0291,0,0,3.34026,0.16026,0.36288,3.6288,43.723,0.345448,0,0,0.907838,0.194576,0,0.66528,12.849,1,0.84672,0.36288,0,82.9509,4.45216,78.0149,0.84672,12.849,0.84672,3695.15,0,36.966,0.29454,1.43807,1.82735,4.25062,1.01812,6.20338,0.42336,36.966,0.42336,423.524,0,1.02816,0,0,2.46623,1.43807,1.028160,1,0,84.2183,0,0,0,84.2183,0
20.9207,2.31028,0,0,5.33285,0.165716,0.36288,3.6288,44.1087,0.45329,0,0,1.0285,0.189464,0,0.66528,12.849,1,0.84672,0.36288,0,207.854,4.33917,203.031,0.84672,12.849,0.84672,3695.15,0,36.966,0.383238,1.68895,1.82774,5.62998,1.18249,7.58094,0.42336,36.966,0.42336,423.524,0,1.02816,0,0,2.71711,1.68895,1.028160,1,0,210.612,0,0,0,210.612,0
22.1335,2.31096,0,0,4.0366,0.149979,0.36288,3.6288,43.869,0.681592,0,0,0.596481,0.154581,0,0.66528,12.849,1,0.84672,0.36288,0,88.6784,3.24555,84.949,0.84672,12.849,0.84672,3695.15,0,36.966,0.42336,0.503194,2.03228,3.38851,0.823473,4.67715,0.42336,36.966,0.42336,423.524,0,0.760139,0,0,1.26333,0.503194,1.028160,1,0,89.6261,0,0,0,89.6261,0
23.2799,2.31164,0,0,3.97342,0.152474,0.36288,3.6288,43.95,0.490631,0,0,0.725848,0.154231,0,0.66528,12.849,1,0.84672,0.36288,0,85.7969,3.24555,82.0675,0.84672,12.849,0.84672,3695.15,0,36.966,0.413428,0.608429,2.03272,3.96606,0.823473,5.3703,0.42336,36.966,0.42336,423.524,0,0.961433,0,0,1.56986,0.608429,1.028160,1,0,87.4378,0,0,0,87.4378,0
23.983,2.31232,0,0,3.55444,0.176149,0.36288,3.6288,43.7989,0.664995,0,0,0.651722,0.137845,0,0.66528,12.849,1,0.84672,0.36288,0,80.5844,3.35498,76.7456,0.84672,12.849,0.84672,3695.15,0,36.966,0.42336,0.608429,2.03316,3.57093,0.775557,5.01359,0.42336,36.966,0.42336,423.524,0,0.77754,0,0,1.38597,0.608429,1.028160,1,0,81.7592,0,0,0,81.7592,0
26.7885,1.91249,0,0,5.27786,0.197032,0.36288,3.6288,45.2991,0.311624,0,0,1.939,0.127151,0,0.66528,12.849,1,0.84672,0.36288,0,195.637,3.4203,191.733,0.84672,12.849,0.84672,3695.15,0,36.966,0.263008,3.71333,2.03359,9.98501,0.826443,14.6425,0.42336,36.966,0.42336,423.524,0,1.02816,0,0,4.74149,3.71333,1.028160,1,0,206.376,0,0,0,206.376,0
30.6197,1.91308,0,0,6.3268,0.219579,0.36288,3.6288,46.1171,0.31661,0,0,1.25832,0.123674,0,0.66528,12.849,1,0.84672,0.36288,0,242.294,3.44904,238.361,0.84672,12.849,0.84672,3695.15,0,36.966,0.258367,2.30294,1.75539,8.96402,0.919846,11.8441,0.42336,36.966,0.42336,423.524,0,1.02816,0,0,3.3311,2.30294,1.028160,1,0,250.205,0,0,0,250.205,0
37.4199,1.94445,0,0,9.3388,0.231356,0.36288,3.6288,48.607,0.319346,0,0,2.93379,0.124618,0,0.66528,12.849,1,0.815951,0.36288,0,245.521,3.44904,241.619,0.84672,12.849,0.84672,3695.15,0,36.966,0.255977,5.34193,1.75577,12.9623,0.919846,18.8842,0.42336,36.966,0.42336,423.524,0,1.02816,0,0,6.37009,5.34193,1.028160,1,0,260.503,0,0,0,260.503,0
45.9778,2.05527,0,0,11.2282,0.252134,0.36288,3.6288,51.3621,0.32699,0,0,3.17835,0.0962009,0,0.66528,12.849,1,0.705725,0.36288,0,249.423,3.29275,245.787,0.84672,12.849,0.84672,3695.15,0,36.966,0.248678,4.48172,1.75615,14.6083,0.863522,19.7339,0.42336,36.966,0.42336,423.524,0,1.02816,0,0,5.50988,4.48172,1.028160,1,0,265.521,0,0,0,265.521,0
50.1989,2.1584,0,0,7.02164,0.279231,0.36288,3.6288,52.1036,0.334948,0,0,1.13236,0.0559754,0,0.66528,12.849,1,0.603188,0.36288,0,185.515,3.08437,182.191,0.84672,12.849,0.84672,3695.15,0,36.966,0.241066,1.97993,1.75653,8.19601,0.788424,10.903,0.42336,36.966,0.42336,423.524,0,1.02816,0,0,3.00809,1.97993,1.028160,1,0,193.094,0,0,0,193.094,0
53.6818,2.27961,0,0,6.37978,0.254341,0.36288,3.6288,53.4977,0.374906,0,0,1.94698,0.177899,0,0.66528,12.849,1,0.583493,0.36288,0,200.575,3.8913,196.463,0.84672,12.849,0.84672,3695.15,0,36.966,0.265985,3.73338,1.75691,11.0846,1.00342,15.3055,0.42336,36.966,0.42336,423.524,0,1.02816,0,0,4.76154,3.73338,1.028160,1,0,211.769,0,0,0,211.769,0
56.0499,2.31066,0,0,5.30524,0.263689,0.36288,3.6288,54.6239,0.379218,0,0,1.68527,0.179897,0,0.66528,12.849,1,0.553066,0.36288,0,179.567,3.8913,175.485,0.84672,12.849,0.84672,3695.15,0,36.966,0.262033,3.01056,1.82606,7.86299,1.00342,11.4341,0.42336,36.966,0.42336,423.524,0,1.02816,0,0,4.03872,3.01056,1.028160,1,0,186.92,0,0,0,186.92,0
57.9766,2.33017,0,0,4.87004,0.250304,0.36288,3.6288,55.3059,0.382654,0,0,1.2436,0.178932,0,0.66528,12.849,1,0.534173,0.36288,0,138.095,4.03957,133.884,0.84672,12.849,0.84672,3695.15,0,36.966,0.258956,2.2159,1.82645,5.5982,1.01306,8.36853,0.42336,36.966,0.42336,423.524,0,1.02816,0,0,3.24406,2.2159,1.028160,1,0,142.253,0,0,0,142.253,0
58.9274,2.3452,0,0,3.88717,0.228273,0.36288,3.6288,55.7584,0.384784,0,0,1.01385,0.176534,0,0.66528,12.849,1,0.519753,0.36288,0,131.112,4.23728,126.718,0.84672,12.849,0.84672,3695.15,0,36.966,0.257186,1.36359,1.82684,4.47535,1.02592,6.38268,0.42336,36.966,0.42336,423.524,0,1.02816,0,0,2.39175,1.36359,1.028160,1,0,133.101,0,0,0,133.101,0
60.0012,2.32017,0,0,3.94807,0.191159,0.36288,3.6288,56.1847,0.371171,0,0,0.997184,0.19978,0,0.66528,12.849,1,0.505908,0.36288,0,109.668,4.46303,105.061,0.84672,12.849,0.84672,3695.15,0,36.966,0.246074,2.42099,1.82724,6.40281,1.05771,9.34725,0.42336,36.966,0.42336,423.524,0,1.02816,0,0,3.44915,2.42099,1.028160,1,0,114.409,0,0,0,114.409,0
60.7818,2.32813,0,0,3.64883,0.177287,0.36288,3.6288,56.5473,0.37251,0,0,0.944551,0.209451,0,0.66528,12.849,1,0.498558,0.36288,0,113.876,4.55332,109.187,0.84672,12.849,0.84672,3695.15,0,36.966,0.245089,2.39683,1.80085,5.8701,1.07042,8.75227,0.42336,36.966,0.42336,423.524,0,1.02816,0,0,3.42499,2.39683,1.028160,1,0,117.939,0,0,0,117.939,0
61.375,2.33391,0,0,3.46853,0.178511,0.36288,3.6288,56.8273,0.373675,0,0,0.863665,0.209948,0,0.66528,12.849,1,0.493379,0.36288,0,102.552,4.55332,97.8687,0.84672,12.849,0.84672,3695.15,0,36.966,0.244278,1.79691,1.80123,5.29421,1.07042,7.57766,0.42336,36.966,0.42336,423.524,0,1.02816,0,0,2.82507,1.79691,1.028160,1,0,105.446,0,0,0,105.446,0
61.6852,2.33836,0,0,3.19086,0.179391,0.36288,3.6288,57.0511,0.374619,0,0,0.808787,0.210331,0,0.66528,12.849,1,0.489542,0.36288,0,94.1475,4.55332,89.4675,0.84672,12.849,0.84672,3695.15,0,36.966,0.243689,1.65495,1.80162,4.53476,1.07042,6.67722,0.42336,36.966,0.42336,423.524,0,1.02816,0,0,2.68311,1.65495,1.028160,1,0,96.1447,0,0,0,96.1447,0
61.6014,2.45195,0,0,2.87537,0.144347,0.36288,3.6288,57.0899,0.429443,0,0,0.699436,0.231236,0,0.66528,12.849,1,0.51074,0.36288,0,79.1286,4.98466,73.9961,0.84672,12.849,0.84672,3695.15,0,36.966,0.278255,1.39539,1.80201,4.05377,1.11864,5.85428,0.42336,36.966,0.42336,423.524,0,1.02816,0,0,2.42355,1.39539,1.028160,1,0,79.8503,0,0,0,79.8503,0
61.1856,2.4519,0,0,2.54141,0.142406,0.36288,3.6288,57.0186,0.429784,0,0,0.572101,0.213604,0,0.66528,12.849,1,0.511425,0.36288,0,65.2562,5.09744,60.0102,0.84672,12.849,0.84672,3695.15,0,36.966,0.278287,1.35302,1.89633,3.4936,1.16891,5.29575,0.42336,36.966,0.42336,423.524,0,1.02816,0,0,2.38118,1.35302,1.028160,1,0,65.306,0,0,0,65.306,0
60.6047,2.44956,0,0,2.37346,0.141917,0.36288,3.6288,56.9239,0.4298,0,0,0.548628,0.213505,0,0.66528,12.849,1,0.514407,0.36288,0,63.9438,5.09744,58.6948,0.84672,12.849,0.84672,3695.15,0,36.966,0.278646,1.22196,1.89674,3.49194,1.16891,5.16308,0.42336,36.966,0.42336,423.524,0,1.02816,0,0,2.25012,1.22196,1.028160,1,0,63.8579,0,0,0,63.8579,0
60.2458,2.44601,0,0,2.54102,0.0910448,0.36288,3.6288,56.8225,0.429745,0,0,0.610302,0.281978,0,0.66528,12.849,1,0.518587,0.36288,0,65.3066,5.65228,59.4987,0.84672,12.849,0.84672,3695.15,0,36.966,0.279074,1.47222,1.89715,4.27154,1.42763,5.93421,0.42336,36.966,0.42336,423.524,0,1.02816,0,0,2.50038,1.47222,1.028160,1,0,65.4329,0,0,0,65.4329,0
59.7149,2.44399,0,0,2.35951,0.0835975,0.36288,3.6288,56.6775,0.42967,0,0,0.577762,0.293106,0,0.66528,12.849,1,0.521246,0.36288,0,62.1767,5.64732,56.371,0.84672,12.849,0.84672,3695.15,0,36.966,0.279523,1.15445,1.89756,3.63564,1.45806,4.95006,0.42336,36.966,0.42336,423.524,0,1.02816,0,0,2.18261,1.15445,1.028160,1,0,61.3211,0,0,0,61.3211,0
58.882,2.41884,0,0,2.02131,0.0724093,0.36288,3.6288,56.0919,0.580722,0,0,0.286425,0.291259,0,0.66528,12.849,1,0.520469,0.36288,0,43.4495,5.51019,37.7817,0.84672,12.849,0.84672,3695.15,0,36.966,0.378756,0.30119,1.89796,1.69256,1.41603,2.09693,0.42336,36.966,0.42336,423.524,0,0.827237,0,0,1.12843,0.30119,1.028160,1,0,39.8787,0,0,0,39.8787,0
57.6798,2.61405,0,0,1.84655,0.071831,0.36288,3.6288,55.3881,0.692387,0,0,0.278662,0.290149,0,0.66528,12.849,1,0.570428,0.36288,0,39.2965,5.51019,33.5788,0.84672,12.849,0.84672,3695.15,0,36.966,0.42336,0.261274,1.93124,1.62499,1.41603,1.97812,0.42336,36.966,0.42336,423.524,0,0.819996,0,0,1.08127,0.261274,1.028160,1,0,35.5569,0,0,0,35.5569,0
56.3959,2.60489,0,0,1.75484,0.0709963,0.36288,3.6288,54.5341,0.822499,0,0,0.257296,0.288814,0,0.66528,12.849,1,0.580276,0.36288,0,35.913,5.51019,30.1854,0.84672,12.849,0.84672,3695.15,0,36.966,0.42336,0.261274,2.09233,1.58283,1.41603,2.09704,0.42336,36.966,0.42336,423.524,0,0.690301,0,0,0.951575,0.261274,1.028160,1,0,32.2825,0,0,0,32.2825,0
55.0673,2.59469,0,0,1.69913,0.0701047,0.36288,3.6288,53.6225,0.87161,0,0,0.247294,0.287194,0,0.66528,12.849,1,0.591163,0.36288,0,32.0691,5.51019,26.3306,0.84672,12.849,0.84672,3695.15,0,36.966,0.42336,0.261274,2.09278,1.57645,1.41603,2.09112,0.42336,36.966,0.42336,423.524,0,0.641606,0,0,0.90288,0.261274,1.028160,1,0,28.4217,0,0,0,28.4217,0
53.5585,2.64398,0,0,1.54348,0.0454831,0.36288,3.6288,52.4107,1.11086,0,0,0.207733,0.308735,0,0.66528,12.849,1,0.616926,0.36288,0,30.1111,5.66135,24.1957,0.84672,12.849,0.84672,3695.15,0,36.966,0.42336,0.261274,2.09323,1.33588,1.49728,1.76973,0.42336,36.966,0.42336,423.524,0,0.450104,0,0,0.711378,0.261274,1.028160,1,0,25.9654,0,0,0,25.9654,0
51.9557,2.63053,0,0,1.44109,0.0504734,0.36288,3.6288,51.0929,1.20181,0,0,0.185141,0.30113,0,0.66528,12.849,1,0.631079,0.36288,0,28.2313,5.57539,22.3877,0.84672,12.849,0.84672,3695.15,0,36.966,0.42336,0.261274,2.14418,1.22098,1.44015,1.76292,0.42336,36.966,0.42336,423.524,0,0.35958,0,0,0.620854,0.261274,1.028160,1,0,24.1506,0,0,0,24.1506,0
50.2039,2.61548,0,0,1.27618,0.049649,0.36288,3.6288,49.7575,1.21125,0,0,0.173858,0.29794,0,0.66528,12.849,1,0.646826,0.36288,0,26.599,5.57539,20.7397,0.84672,12.849,0.84672,3695.15,0,36.966,0.42336,0.227405,2.14464,1.2091,1.44015,1.71763,0.42336,36.966,0.42336,423.524,0,0.350567,0,0,0.577972,0.227405,1.028160,1,0,22.4573,0,0,0,22.4573,0
48.3534,2.59807,0,0,1.15927,0.0487479,0.36288,3.6288,48.383,1.24901,0,0,0.169148,0.294708,0,0.66528,12.849,1,0.66494,0.36288,0,25.0386,5.57539,19.1612,0.84672,12.849,0.84672,3695.15,0,36.966,0.42336,0.227405,2.1451,1.16593,1.44015,1.67493,0.42336,36.966,0.42336,423.524,0,0.313237,0,0,0.540642,0.227405,1.028160,1,0,20.8361,0,0,0,20.8361,0
46.228,2.75073,0,0,1.0221,0.0339842,0.36288,3.6288,46.8529,1.39504,0,0,0.165379,0.300419,0,0.66528,12.849,1,0.730953,0.36288,0,24.1755,5.87224,17.9352,0.84672,12.849,0.84672,3695.15,0,36.966,0.42336,0.227405,2.14557,1.17836,1.47376,1.65422,0.42336,36.966,0.42336,423.524,0,0.298396,0,0,0.525801,0.227405,1.028160,1,0,19.5894,0,0,0,19.5894,0
44.208,2.72501,0,0,1.11055,0.042603,0.36288,3.6288,45.2094,1.47031,0,0,0.136897,0.310057,0,0.66528,12.849,1,0.757414,0.36288,0,25.6153,5.83821,19.3825,0.84672,12.849,0.84672,3695.15,0,36.966,0.42336,0.227405,2.28791,1.14405,1.56845,1.66755,0.42336,36.966,0.42336,423.524,0,0.223125,0,0,0.45053,0.227405,1.028160,1,0,21.0501,0,0,0,21.0501,0
42.2873,2.69878,0,0,1.18257,0.0416454,0.36288,3.6288,43.7298,1.34258,0,0,0.16839,0.305398,0,0.66528,12.849,1,0.784397,0.36288,0,32.5962,5.83821,26.3365,0.84672,12.849,0.84672,3695.15,0,36.966,0.42336,0.204422,2.28805,1.27785,1.56845,1.77851,0.42336,36.966,0.42336,423.524,0,0.350861,0,0,0.555283,0.204422,1.028160,1,0,28.115,0,0,0,28.115,0
40.1845,2.67203,0,0,0.97289,0.0407349,0.36288,3.6288,42.0329,1.51835,0,0,0.122636,0.301179,0,0.66528,12.849,1,0.811896,0.36288,0,29.8634,5.83821,23.5762,0.84672,12.849,0.84672,3695.15,0,36.966,0.42336,0.204422,2.28819,1.04662,1.56845,1.54742,0.42336,36.966,0.42336,423.524,0,0.175085,0,0,0.379508,0.204422,1.028160,1,0,25.1236,0,0,0,25.1236,0
38.3539,2.6404,0,0,1.21241,0.0397381,0.36288,3.6288,40.8011,1.14789,0,0,0.212444,0.296341,0,0.66528,12.849,1,0.844269,0.36288,0,29.1095,5.83821,22.7899,0.84672,12.849,0.84672,3695.15,0,36.966,0.42336,0.204422,2.28833,1.63238,1.56845,2.13332,0.42336,36.966,0.42336,423.524,0,0.545548,0,0,0.74997,0.204422,1.028160,1,0,24.9232,0,0,0,24.9232,0
36.3857,2.53236,0,0,0.963636,0.0366192,0.36288,3.6288,40.231,0.603925,0,0,0.273189,0.239372,0,0.66528,12.849,1,0.84672,0.36288,0,20.4028,4.58408,15.3349,0.84672,12.849,0.84672,3695.15,0,36.966,0.42336,0.454886,2.28847,1.38595,1.31499,2.39096,0.42336,36.966,0.42336,423.524,0,1.02816,0,0,1.48305,0.454886,1.028160,1,0,17.7259,0,0,0,17.7259,0
34.2907,2.53309,0,0,0.835376,0.0343688,0.36288,3.6288,39.1413,1.00502,0,0,0.151312,0.235981,0,0.66528,12.849,1,0.84672,0.36288,0,19.5305,4.59071,14.4559,0.84672,12.849,0.84672,3695.15,0,36.966,0.42336,0.216518,2.22128,0.990745,1.35669,1.64849,0.42336,36.966,0.42336,423.524,0,0.627506,0,0,0.844024,0.216518,1.028160,1,0,16.1044,0,0,0,16.1044,0
32.2187,2.53381,0,0,0.871569,0.0469414,0.36288,3.6288,38.0348,1.0313,0,0,0.145667,0.220872,0,0.66528,12.849,1,0.84672,0.36288,0,18.7724,4.38307,13.9055,0.84672,12.849,0.84672,3695.15,0,36.966,0.42336,0.216518,2.22175,0.997013,1.29179,1.72014,0.42336,36.966,0.42336,423.524,0,0.601672,0,0,0.818191,0.216518,1.028160,1,0,15.6256,0,0,0,15.6256,0
31.7253,2.53454,0,0,2.52837,0.124298,0.36288,3.6288,37.6296,0.605251,0,0,0.343254,0.14326,0,0.66528,12.849,1,0.84672,0.36288,0,56.5815,3.1373,52.9604,0.84672,12.849,0.84672,3695.15,0,36.966,0.42336,0.232718,2.22223,2.61862,0.902403,3.74781,0.42336,36.966,0.42336,423.524,0,1.02816,0,0,1.26088,0.232718,1.028160,1,0,56.7082,0,0,0,56.7082,0
30.7682,2.4479,0,0,1.9759,0.122213,0.36288,3.6288,37.2225,0.51931,0,0,0.258329,0.146118,0,0.66528,12.849,1,0.84672,0.36288,0,44.5274,3.66484,40.3787,0.84672,12.849,0.84672,3695.15,0,36.966,0.42336,0.216518,2.22271,1.61043,0.901972,2.72433,0.42336,36.966,0.42336,423.524,0,1.01989,0,0,1.23641,0.216518,1.028160,1,0,43.103,0,0,0,43.103,0
29.5023,2.44861,0,0,1.69391,0.148356,0.36288,3.6288,36.2584,0.990145,0,0,0.172233,0.146166,0,0.66528,12.849,1,0.84672,0.36288,0,26.6589,4.41367,21.7614,0.84672,12.849,0.84672,3695.15,0,36.966,0.42336,0.216518,2.13369,1.26919,0.95927,2.23677,0.42336,36.966,0.42336,423.524,0,0.549478,0,0,0.765996,0.216518,1.028160,1,0,23.9981,0,0,0,23.9981,0
28.2884,2.44932,0,0,1.74419,0.145866,0.36288,3.6288,35.8529,0.511885,0,0,0.251205,0.144806,0,0.66528,12.849,1,0.84672,0.36288,0,27.0474,4.41367,22.1499,0.84672,12.849,0.84672,3695.15,0,36.966,0.42336,0.485742,2.13415,1.74641,0.95927,2.98366,0.42336,36.966,0.42336,423.524,0,1.02816,0,0,1.5139,0.485742,1.028160,1,0,25.1336,0,0,0,25.1336,0
30.4737,2.19687,0,0,4.88847,0.143478,0.36288,3.6288,36.0744,0.386434,0,0,0.75214,0.144233,0,0.66528,12.849,1,0.84672,0.36288,0,83.7778,4.41367,78.8802,0.84672,12.849,0.84672,3695.15,0,36.966,0.398432,2.04443,2.1346,3.62552,0.95927,6.44686,0.42336,36.966,0.42336,423.524,0,1.02816,0,0,3.07259,2.04443,1.028160,1,0,85.3271,0,0,0,85.3271,0
31.025,1.98009,0,0,3.06587,0.171525,0.36288,3.6288,35.9089,0.465832,0,0,0.426058,0.12572,0,0.66528,12.849,1,0.83489,0.36288,0,55.1182,3.98731,50.6589,0.84672,12.849,0.84672,3695.15,0,36.966,0.42336,0.292723,1.97111,2.30447,0.866895,3.27805,0.42336,36.966,0.42336,423.524,0,0.742072,0,0,1.0348,0.292723,1.028160,1,0,53.9369,0,0,0,53.9369,0
32.5947,1.99101,0,0,4.08287,0.159351,0.36288,3.6288,35.5509,0.386814,0,0,0.174928,0.146097,0,0.66528,12.849,1,0.824575,0.36288,0,59.0535,3.71448,54.8774,0.84672,12.849,0.84672,3695.15,0,36.966,0.398201,0.292723,1.78784,2.53646,0.960003,3.25882,0.42336,36.966,0.42336,423.524,0,0.846599,0,0,1.13932,0.292723,1.028160,1,0,58.1362,0,0,0,58.1362,0
33.4023,2.01992,0,0,3.35296,0.162544,0.36288,3.6288,35.0654,0.551369,0,0,0.211477,0.145586,0,0.66528,12.849,1,0.796265,0.36288,0,78.0451,3.71448,73.8973,0.84672,12.849,0.84672,3695.15,0,36.966,0.42336,0.412474,1.78823,1.93603,0.960003,2.75337,0.42336,36.966,0.42336,423.524,0,0.657236,0,0,1.06971,0.412474,1.028160,1,0,76.6506,0,0,0,76.6506,0
35.183,2.03426,0,0,4.34202,0.164184,0.36288,3.6288,35.3246,0.294107,0,0,0.698189,0.144892,0,0.66528,12.849,1,0.782529,0.36288,0,109.196,3.71448,105.062,0.84672,12.849,0.84672,3695.15,0,36.966,0.310048,1.60121,1.78861,2.87961,0.960003,4.99938,0.42336,36.966,0.42336,423.524,0,1.02816,0,0,2.62937,1.60121,1.028160,1,0,110.061,0,0,0,110.061,0
35.781,2.06372,0,0,3.22189,0.197255,0.36288,3.6288,35.1349,0.32342,0,0,0.275859,0.142141,0,0.66528,12.849,1,0.75368,0.36288,0,54.8059,4.34148,50.0736,0.84672,12.849,0.84672,3695.15,0,36.966,0.338447,0.412474,1.78899,1.6086,1.22359,2.24802,0.42336,36.966,0.42336,423.524,0,0.970799,0,0,1.38327,0.412474,1.028160,1,0,52.3216,0,0,0,52.3216,0
37.0358,2.13837,0,0,3.92216,0.166112,0.36288,3.6288,35.3646,0.320473,0,0,0.716645,0.1665,0,0.66528,12.849,1,0.767892,0.36288,0,74.7998,3.67698,70.7178,0.84672,12.849,0.84672,3695.15,0,36.966,0.337174,0.668822,1.78938,3.6588,1.02876,4.75107,0.42336,36.966,0.42336,423.524,0,1.02816,0,0,1.69698,0.668822,1.028160,1,0,75.4688,0,0,0,75.4688,0
38.0971,2.15813,0,0,3.73285,0.150574,0.36288,3.6288,35.9476,0.321712,0,0,1.08191,0.177248,0,0.66528,12.849,1,0.748729,0.36288,0,63.3229,3.31086,59.6262,0.84672,12.849,0.84672,3695.15,0,36.966,0.33628,1.26066,1.84709,3.32398,0.908652,5.1868,0.42336,36.966,0.42336,423.524,0,1.02816,0,0,2.28882,1.26066,1.028160,1,0,64.813,0,0,0,64.813,0
38.0902,2.17417,0,0,2.68261,0.152466,0.36288,3.6288,36.2505,0.32457,0,0,0.80578,0.178264,0,0.66528,12.849,1,0.733281,0.36288,0,43.4598,3.31086,39.7785,0.84672,12.849,0.84672,3695.15,0,36.966,0.333765,0.670006,1.84747,2.94043,0.908652,4.21549,0.42336,36.966,0.42336,423.524,0,1.02816,0,0,1.69817,0.670006,1.028160,1,0,43.994,0,0,0,43.994,0
38.1126,2.17451,0,0,2.75753,0.197678,0.36288,3.6288,36.3928,0.395832,0,0,0.684643,0.146499,0,0.66528,12.849,1,0.73353,0.36288,0,59.0215,3.17865,55.4722,0.84672,12.849,0.84672,3695.15,0,36.966,0.403645,0.503194,1.84784,4.89108,0.804062,6.03441,0.42336,36.966,0.42336,423.524,0,0.887362,0,0,1.39056,0.503194,1.028160,1,0,61.5066,0,0,0,61.5066,0
38.5203,2.38745,0,0,3.36747,0.20951,0.36288,3.6288,36.53,0.486804,0,0,0.768642,0.14466,0,0.66528,12.849,1,0.804886,0.36288,0,81.4692,3.29195,77.7352,0.84672,12.849,0.84672,3695.15,0,36.966,0.42336,0.503194,1.84822,5.38346,0.835964,6.47555,0.42336,36.966,0.42336,423.524,0,0.975396,0,0,1.47859,0.503194,1.028160,1,0,84.2108,0,0,0,84.2108,0
37.2549,2.39432,0,0,1.71298,0.221162,0.36288,3.6288,35.8543,1.10758,0,0,0.585104,0.153233,0,0.66528,12.849,1,0.798662,0.36288,0,37.2655,3.63027,33.1995,0.84672,12.849,0.84672,3695.15,0,36.966,0.42336,0.503194,2.05503,2.00551,0.959297,3.18108,0.42336,36.966,0.42336,423.524,0,0.355,0,0,0.858194,0.503194,1.028160,1,0,36.3806,0,0,0,36.3806,0
39.3332,2.37464,0,0,5.03377,0.217906,0.36288,3.6288,36.4512,0.434809,0,0,1.18399,0.152226,0,0.66528,12.849,1,0.819,0.36288,0,68.3496,3.63027,64.2632,0.84672,12.849,0.84672,3695.15,0,36.966,0.42336,1.10622,2.05545,3.8355,0.959297,5.61451,0.42336,36.966,0.42336,423.524,0,1.02816,0,0,2.13438,1.10622,1.028160,1,0,69.8777,0,0,0,69.8777,0
39.9328,2.40775,0,0,3.59345,0.223253,0.36288,3.6288,36.3222,0.64709,0,0,0.671178,0.153115,0,0.66528,12.849,1,0.78654,0.36288,0,53.3842,3.63027,49.3303,0.84672,12.849,0.84672,3695.15,0,36.966,0.42336,0.608429,2.05587,2.69815,0.959297,3.97978,0.42336,36.966,0.42336,423.524,0,0.816264,0,0,1.42469,0.608429,1.028160,1,0,53.3101,0,0,0,53.3101,0
39.7991,2.11078,0,0,2.56333,0.223385,0.36288,3.6288,36.1232,0.621018,0,0,0.571453,0.149457,0,0.66528,12.849,1,0.679178,0.36288,0,45.1279,3.59973,41.2119,0.84672,12.849,0.84672,3695.15,0,36.966,0.42336,0.608429,2.05628,2.68001,0.922252,3.99911,0.42336,36.966,0.42336,423.524,0,0.576279,0,0,1.18471,0.608429,1.028160,1,0,45.211,0,0,0,45.211,0
39.7488,2.10949,0,0,2.67237,0.250301,0.36288,3.6288,36.3406,0.322161,0,0,0.668358,0.128804,0,0.66528,12.849,1,0.681041,0.36288,0,50.432,3.61085,46.503,0.84672,12.849,0.84672,3695.15,0,36.966,0.329678,0.608429,1.77496,3.87095,0.88822,5.03644,0.42336,36.966,0.42336,423.524,0,0.969149,0,0,1.57758,0.608429,1.028160,1,0,51.5395,0,0,0,51.5395,0
40.3943,2.10927,0,0,3.36783,0.250157,0.36288,3.6288,36.6587,0.294049,0,0,0.741265,0.129077,0,0.66528,12.849,1,0.681832,0.36288,0,73.0516,3.61085,69.1218,0.84672,12.849,0.84672,3695.15,0,36.966,0.299109,0.800029,1.77532,3.71148,0.88822,5.0995,0.42336,36.966,0.42336,423.524,0,1.02816,0,0,1.82819,0.800029,1.028160,1,0,74.2213,0,0,0,74.2213,0
41.2655,2.11797,0,0,3.59546,0.243376,0.36288,3.6288,37.0996,0.295506,0,0,0.863722,0.127304,0,0.66528,12.849,1,0.673702,0.36288,0,63.7285,3.72988,59.6878,0.84672,12.849,0.84672,3695.15,0,36.966,0.297983,0.81648,1.77568,4.02761,0.911338,5.41045,0.42336,36.966,0.42336,423.524,0,1.02816,0,0,1.84464,0.81648,1.028160,1,0,65.0982,0,0,0,65.0982,0
42.5551,2.12925,0,0,4.01266,0.230919,0.36288,3.6288,37.5533,0.297445,0,0,0.875588,0.124442,0,0.66528,12.849,1,0.662991,0.36288,0,77.6641,3.81811,73.5459,0.84672,12.849,0.84672,3695.15,0,36.966,0.296374,1.04293,1.77604,4.44118,0.939781,6.02401,0.42336,36.966,0.42336,423.524,0,1.02816,0,0,2.07109,1.04293,1.028160,1,0,79.5699,0,0,0,79.5699,0
43.0308,2.22349,0,0,3.30512,0.24313,0.36288,3.6288,37.6424,0.332297,0,0,0.558109,0.136702,0,0.66528,12.849,1,0.671356,0.36288,0,87.9742,3.79402,83.8717,0.84672,12.849,0.84672,3695.15,0,36.966,0.3271,0.691995,1.77641,4.74108,1.00342,5.87896,0.42336,36.966,0.42336,423.524,0,1.02816,0,0,1.72015,0.691995,1.028160,1,0,89.7507,0,0,0,89.7507,0
43.3459,2.22966,0,0,3.15372,0.246085,0.36288,3.6288,37.8772,0.332861,0,0,0.706372,0.138742,0,0.66528,12.849,1,0.665778,0.36288,0,65.3219,3.81339,61.2056,0.84672,12.849,0.84672,3695.15,0,36.966,0.32688,1.05761,1.8463,4.20785,1.01606,5.76882,0.42336,36.966,0.42336,423.524,0,1.02816,0,0,2.08577,1.05761,1.028160,1,0,66.9744,0,0,0,66.9744,0
43.4243,2.23385,0,0,2.92629,0.251072,0.36288,3.6288,38.1602,0.334061,0,0,0.749695,0.132647,0,0.66528,12.849,1,0.662179,0.36288,0,59.3013,3.59695,55.4051,0.84672,12.849,0.84672,3695.15,0,36.966,0.326024,1.08499,1.84668,5.64611,0.974291,7.27746,0.42336,36.966,0.42336,423.524,0,1.02816,0,0,2.11315,1.08499,1.028160,1,0,62.6825,0,0,0,62.6825,0
43.1321,2.23523,0,0,2.53291,0.227069,0.36288,3.6288,38.3812,0.335464,0,0,0.702116,0.145629,0,0.66528,12.849,1,0.661391,0.36288,0,54.7098,3.81223,50.599,0.84672,12.849,0.84672,3695.15,0,36.966,0.324965,0.949692,1.84705,4.05814,1.01155,5.51837,0.42336,36.966,0.42336,423.524,0,1.02816,0,0,1.97785,0.949692,1.028160,1,0,56.1174,0,0,0,56.1174,0
42.491,2.20146,0,0,2.12363,0.200323,0.36288,3.6288,38.2251,0.51204,0,0,0.497353,0.141474,0,0.66528,12.849,1,0.655814,0.36288,0,45.7977,3.71149,41.7933,0.84672,12.849,0.84672,3695.15,0,36.966,0.42336,0.528595,1.84743,2.80904,1.03056,3.73114,0.42336,36.966,0.42336,423.524,0,0.728171,0,0,1.25677,0.528595,1.028160,1,0,45.5244,0,0,0,45.5244,0
41.4758,2.19431,0,0,1.75293,0.210957,0.36288,3.6288,38.113,0.526877,0,0,0.570064,0.155276,0,0.66528,12.849,1,0.663546,0.36288,0,36.9453,3.92223,32.7224,0.84672,12.849,0.84672,3695.15,0,36.966,0.42336,0.528595,1.82073,2.62274,1.07396,3.47474,0.42336,36.966,0.42336,423.524,0,0.713673,0,0,1.24227,0.528595,1.028160,1,0,36.1972,0,0,0,36.1972,0
40.3579,2.18236,0,0,1.58863,0.161325,0.36288,3.6288,37.9001,0.499602,0,0,0.471791,0.185084,0,0.66528,12.849,1,0.676084,0.36288,0,33.4066,4.25825,28.8352,0.84672,12.849,0.84672,3695.15,0,36.966,0.42336,0.402797,1.8211,2.409,1.09603,3.1135,0.42336,36.966,0.42336,423.524,0,0.741286,0,0,1.14408,0.402797,1.028160,1,0,31.9487,0,0,0,31.9487,0
39.2305,2.1686,0,0,1.54261,0.13855,0.36288,3.6288,37.789,0.425666,0,0,0.510074,0.195519,0,0.66528,12.849,1,0.69043,0.36288,0,32.2205,4.37356,27.5194,0.84672,12.849,0.84672,3695.15,0,36.966,0.415175,0.402797,1.82147,2.66596,1.10292,3.37213,0.42336,36.966,0.42336,423.524,0,0.823746,0,0,1.22654,0.402797,1.028160,1,0,30.8916,0,0,0,30.8916,0
37.8939,2.25627,0,0,1.4178,0.13526,0.36288,3.6288,37.4565,0.601354,0,0,0.464642,0.195744,0,0.66528,12.849,1,0.738987,0.36288,0,28.8277,4.33068,24.1209,0.84672,12.849,0.84672,3695.15,0,36.966,0.42336,0.402797,1.82184,2.44791,1.11017,3.13902,0.42336,36.966,0.42336,423.524,0,0.730227,0,0,1.13302,0.402797,1.028160,1,0,27.2599,0,0,0,27.2599,0
36.5338,2.23726,0,0,1.36459,0.124477,0.36288,3.6288,37.2225,0.551876,0,0,0.515632,0.197712,0,0.66528,12.849,1,0.758608,0.36288,0,26.9692,4.07337,22.5001,0.84672,12.849,0.84672,3695.15,0,36.966,0.42336,0.402797,1.91718,2.23479,1.1537,2.97771,0.42336,36.966,0.42336,423.524,0,0.780062,0,0,1.18286,0.402797,1.028160,1,0,25.4778,0,0,0,25.4778,0
35.0796,2.21682,0,0,1.24799,0.122493,0.36288,3.6288,36.9633,0.544596,0,0,0.48263,0.197266,0,0.66528,12.849,1,0.779659,0.36288,0,25.2944,4.07337,20.8042,0.84672,12.849,0.84672,3695.15,0,36.966,0.42336,0.30119,1.91757,2.04301,1.1537,2.68471,0.42336,36.966,0.42336,423.524,0,0.7877,0,0,1.08889,0.30119,1.028160,1,0,23.4889,0,0,0,23.4889,0
33.5874,2.19361,0,0,1.18461,0.120371,0.36288,3.6288,36.5444,0.662587,0,0,0.440484,0.196773,0,0.66528,12.849,1,0.803478,0.36288,0,22.9222,4.07337,18.4082,0.84672,12.849,0.84672,3695.15,0,36.966,0.42336,0.30119,1.91796,1.91758,1.1537,2.55967,0.42336,36.966,0.42336,423.524,0,0.670067,0,0,0.971257,0.30119,1.028160,1,0,20.9679,0,0,0,20.9679,0
32.0364,2.16823,0,0,1.07388,0.0937762,0.36288,3.6288,36.055,0.694679,0,0,0.4205,0.215237,0,0.66528,12.849,1,0.829467,0.36288,0,20.2114,4.34112,15.4037,0.84672,12.849,0.84672,3695.15,0,36.966,0.42336,0.30119,1.91835,1.86776,1.22211,2.44183,0.42336,36.966,0.42336,423.524,0,0.638332,0,0,0.939522,0.30119,1.028160,1,0,17.8455,0,0,0,17.8455,0
31.4739,2.12474,0,0,2.00762,0.0824609,0.36288,3.6288,35.9937,0.384193,0,0,0.527337,0.204502,0,0.66528,12.849,1,0.84672,0.36288,0,26.9236,4.371,22.0688,0.84672,12.849,0.84672,3695.15,0,36.966,0.3939,0.666844,1.91874,2.30326,1.05126,3.44368,0.42336,36.966,0.42336,423.524,0,1.02816,0,0,1.695,0.666844,1.028160,1,0,25.5125,0,0,0,25.5125,0
31.014,2.12534,0,0,2.11016,0.0818872,0.36288,3.6288,35.9225,0.384043,0,0,0.514336,0.201485,0,0.66528,12.849,1,0.84672,0.36288,0,26.5907,4.35813,21.7488,0.84672,12.849,0.84672,3695.15,0,36.966,0.394418,0.781626,1.95236,2.4149,1.01823,3.73625,0.42336,36.966,0.42336,423.524,0,1.02816,0,0,1.80979,0.781626,1.028160,1,0,25.485,0,0,0,25.485,0
30.387,2.12595,0,0,1.92441,0.0625516,0.36288,3.6288,35.8003,0.383839,0,0,0.50079,0.239163,0,0.66528,12.849,1,0.84672,0.36288,0,25.2871,5.00964,19.7936,0.84672,12.849,0.84672,3695.15,0,36.966,0.394989,0.633589,1.95276,2.3275,1.23873,3.28013,0.42336,36.966,0.42336,423.524,0,1.02816,0,0,1.66175,0.633589,1.028160,1,0,23.0738,0,0,0,23.0738,0
29.5768,2.12655,0,0,1.73863,0.0593861,0.36288,3.6288,35.6526,0.383357,0,0,0.47332,0.237577,0,0.66528,12.849,1,0.84672,0.36288,0,23.1632,5.59282,17.0866,0.84672,12.849,0.84672,3695.15,0,36.966,0.39584,0.678707,1.95316,2.30206,1.45151,3.08657,0.42336,36.966,0.42336,423.524,0,1.02816,0,0,1.70687,0.678707,1.028160,1,0,20.1731,0,0,0,20.1731,0
28.6295,2.19656,0,0,1.6673,0.0551965,0.36288,3.6288,35.4385,0.40442,0,0,0.432359,0.242037,0,0.66528,12.849,1,0.84672,0.36288,0,21.0973,5.65582,14.9577,0.84672,12.849,0.84672,3695.15,0,36.966,0.419317,0.519411,1.95355,2.07495,1.45556,2.67303,0.42336,36.966,0.42336,423.524,0,1.02816,0,0,1.54757,0.519411,1.028160,1,0,17.6307,0,0,0,17.6307,0
27.5024,2.19718,0,0,1.48277,0.0498213,0.36288,3.6288,35.1283,0.430225,0,0,0.367915,0.247919,0,0.66528,12.849,1,0.84672,0.36288,0,18.2124,5.73983,11.9888,0.84672,12.849,0.84672,3695.15,0,36.966,0.42336,0.261274,2.00109,1.70821,1.46097,2.08624,0.42336,36.966,0.42336,423.524,0,0.998689,0,0,1.25996,0.261274,1.028160,1,0,14.075,0,0,0,14.075,0
26.2264,2.1978,0,0,1.33371,0.049055,0.36288,3.6288,34.7893,0.436978,0,0,0.345098,0.247164,0,0.66528,12.849,1,0.84672,0.36288,0,17.1641,5.73983,10.9405,0.84672,12.849,0.84672,3695.15,0,36.966,0.42336,0.227405,2.00149,1.74387,1.46097,2.08844,0.42336,36.966,0.42336,423.524,0,0.992313,0,0,1.21972,0.227405,1.028160,1,0,13.0289,0,0,0,13.0289,0
24.8306,2.19842,0,0,1.21376,0.0481874,0.36288,3.6288,34.3214,0.552569,0,0,0.331067,0.246338,0,0.66528,12.849,1,0.84672,0.36288,0,16.1215,5.73983,9.89788,0.84672,12.849,0.84672,3695.15,0,36.966,0.42336,0.227405,2.0019,1.62121,1.46097,1.96619,0.42336,36.966,0.42336,423.524,0,0.877098,0,0,1.1045,0.227405,1.028160,1,0,11.8641,0,0,0,11.8641,0
23.0777,2.40245,0,0,1.05027,0.037857,0.36288,3.6288,33.6756,0.72463,0,0,0.32968,0.250839,0,0.66528,12.849,1,0.84672,0.36288,0,15.3818,5.98164,8.91631,0.84672,12.849,0.84672,3695.15,0,36.966,0.42336,0.227405,2.00231,1.64285,1.49101,1.95819,0.42336,36.966,0.42336,423.524,0,0.864985,0,0,1.09239,0.227405,1.028160,1,0,10.8745,0,0,0,10.8745,0
21.2615,2.40311,0,0,0.994654,0.0448254,0.36288,3.6288,32.6522,1.03126,0,0,0.249136,0.241351,0,0.66528,12.849,1,0.84672,0.36288,0,10.6419,5.9809,4.17714,0.84672,12.849,0.84672,3695.15,0,36.966,0.42336,0.227405,2.16412,1.33448,1.52599,1.77665,0.42336,36.966,0.42336,423.524,0,0.558766,0,0,0.786171,0.227405,1.028160,1,0,5.9538,0,0,0,5.9538,0
19.5427,2.40377,0,0,1.09158,0.043741,0.36288,3.6288,31.903,0.818113,0,0,0.307643,0.238704,0,0.66528,12.849,1,0.84672,0.36288,0,13.6865,5.9809,7.22179,0.84672,12.849,0.84672,3695.15,0,36.966,0.42336,0.204422,2.16456,1.45576,1.52599,1.87539,0.42336,36.966,0.42336,423.524,0,0.772321,0,0,0.976743,0.204422,1.028160,1,0,9.09719,0,0,0,9.09719,0
17.6096,2.40444,0,0,0.876943,0.0427148,0.36288,3.6288,30.7716,1.11716,0,0,0.222516,0.236766,0,0.66528,12.849,1,0.84672,0.36288,0,13.3737,5.9809,6.90894,0.84672,12.849,0.84672,3695.15,0,36.966,0.42336,0.204422,2.165,1.16864,1.52599,1.58872,0.42336,36.966,0.42336,423.524,0,0.473679,0,0,0.678102,0.204422,1.028160,1,0,8.49765,0,0,0,8.49765,0
15.8922,2.4051,0,0,1.09211,0.0415606,0.36288,3.6288,30.355,0.563094,0,0,0.380324,0.233839,0,0.66528,12.849,1,0.84672,0.36288,0,12.2144,5.9809,5.74962,0.84672,12.849,0.84672,3695.15,0,36.966,0.42336,0.25456,2.16544,1.80695,1.52599,2.2776,0.42336,36.966,0.42336,423.524,0,1.02816,0,0,1.28272,0.25456,1.028160,1,0,8.02722,0,0,0,8.02722,0
14.3801,2.30652,0,0,1.19618,0.0389129,0.36288,3.6288,30.1083,0.466552,0,0,0.422091,0.202239,0,0.66528,12.849,1,0.84672,0.36288,0,23.0535,5.51856,17.0511,0.84672,12.849,0.84672,3695.15,0,36.966,0.42336,0.375857,2.16588,1.96793,1.45366,2.63265,0.42336,36.966,0.42336,423.524,0,1.02816,0,0,1.40402,0.375857,1.028160,1,0,19.6838,0,0,0,19.6838,0
12.5278,2.30716,0,0,0.853978,0.0361835,0.36288,3.6288,29.5757,0.712828,0,0,0.377118,0.196871,0,0.66528,12.849,1,0.84672,0.36288,0,18.5642,5.5924,12.488,0.84672,12.849,0.84672,3695.15,0,36.966,0.42336,0.216518,2.07282,1.52374,1.52547,1.86425,0.42336,36.966,0.42336,423.524,0,0.782274,0,0,0.998793,0.216518,1.028160,1,0,14.3523,0,0,0,14.3523,0
10.8789,2.3078,0,0,1.06954,0.0478033,0.36288,3.6288,29.1909,0.668307,0,0,0.477204,0.193732,0,0.66528,12.849,1,0.84672,0.36288,0,17.7111,5.41194,11.8154,0.84672,12.849,0.84672,3695.15,0,36.966,0.42336,0.216518,2.07324,1.86414,1.49831,2.23223,0.42336,36.966,0.42336,423.524,0,0.827185,0,0,1.0437,0.216518,1.028160,1,0,14.0476,0,0,0,14.0476,0
11.1025,2.30845,0,0,2.98475,0.0898251,0.36288,3.6288,29.359,0.467722,0,0,0.845775,0.209864,0,0.66528,12.849,1,0.84672,0.36288,0,28.9772,4.93269,23.5606,0.84672,12.849,0.84672,3695.15,0,36.966,0.42336,1.53636,2.07366,4.01615,1.35652,5.84629,0.42336,36.966,0.42336,423.524,0,1.02816,0,0,2.56452,1.53636,1.028160,1,0,29.4069,0,0,0,29.4069,0
10.0474,2.22756,0,0,1.63172,0.0963406,0.36288,3.6288,29.3132,0.379791,0,0,0.536171,0.202178,0,0.66528,12.849,1,0.84672,0.36288,0,27.859,4.63404,22.7411,0.84672,12.849,0.84672,3695.15,0,36.966,0.42336,0.448148,2.07408,2.06959,1.24512,2.92335,0.42336,36.966,0.42336,423.524,0,1.02816,0,0,1.47631,0.448148,1.028160,1,0,25.6645,0,0,0,25.6645,0
8.42908,2.22819,0,0,1.08149,0.108771,0.36288,3.6288,28.6727,0.787401,0,0,0.328722,0.181874,0,0.66528,12.849,1,0.84672,0.36288,0,31.0155,3.88741,26.6443,0.84672,12.849,0.84672,3695.15,0,36.966,0.42336,0.216518,1.99099,2.3221,0.966606,3.13964,0.42336,36.966,0.42336,423.524,0,0.620922,0,0,0.837441,0.216518,1.028160,1,0,29.7839,0,0,0,29.7839,0
8.08077,2.22882,0,0,2.34721,0.10382,0.36288,3.6288,28.7978,0.380536,0,0,0.686171,0.180565,0,0.66528,12.849,1,0.84672,0.36288,0,46.4085,3.88741,42.0372,0.84672,12.849,0.84672,3695.15,0,36.966,0.42336,0.847161,1.9914,3.35817,0.966606,4.80676,0.42336,36.966,0.42336,423.524,0,1.02816,0,0,1.87532,0.847161,1.028160,1,0,46.844,0,0,0,46.844,0
10.1819,2.22944,0,0,4.79616,0.102739,0.36288,3.6288,29.5639,0.380908,0,0,1.32788,0.18082,0,0.66528,12.849,1,0.84672,0.36288,0,92.9609,3.88741,88.5896,0.84672,12.849,0.84672,3695.15,0,36.966,0.42336,3.0678,1.9918,5.3917,0.966606,9.06134,0.42336,36.966,0.42336,423.524,0,1.02816,0,0,4.09596,3.0678,1.028160,1,0,97.651,0,0,0,97.651,0
11.6802,1.99835,0,0,3.98504,0.125444,0.36288,3.6288,30.1678,0.27575,0,0,1.0708,0.191155,0,0.66528,12.849,1,0.84672,0.36288,0,49.6361,3.58037,45.5719,0.84672,12.849,0.84672,3695.15,0,36.966,0.344791,1.93668,1.99221,3.80669,0.860545,6.53024,0.42336,36.966,0.42336,423.524,0,1.02816,0,0,2.96484,1.93668,1.028160,1,0,52.1021,0,0,0,52.1021,0
13.5828,1.99893,0,0,4.40083,0.136405,0.36288,3.6288,30.7261,0.279002,0,0,0.998521,0.161248,0,0.66528,12.849,1,0.84672,0.36288,0,67.2048,4.00438,62.7165,0.84672,12.849,0.84672,3695.15,0,36.966,0.341874,1.53505,1.80695,3.8011,0.970763,5.83047,0.42336,36.966,0.42336,423.524,0,1.02816,0,0,2.56321,1.53505,1.028160,1,0,68.547,0,0,0,68.547,0
15.3306,1.99951,0,0,4.25244,0.142285,0.36288,3.6288,31.1263,0.281974,0,0,0.844458,0.162251,0,0.66528,12.849,1,0.84672,0.36288,0,45.5313,4.00438,41.0431,0.84672,12.849,0.84672,3695.15,0,36.966,0.339238,1.14309,1.80732,3.19785,0.970763,4.83826,0.42336,36.966,0.42336,423.524,0,1.02816,0,0,2.17125,1.14309,1.028160,1,0,45.8814,0,0,0,45.8814,0
16.615,2.00008,0,0,3.795,0.147687,0.36288,3.6288,31.5588,0.284121,0,0,0.879569,0.162969,0,0.66528,12.849,1,0.84672,0.36288,0,58.278,4.00438,53.7898,0.84672,12.849,0.84672,3695.15,0,36.966,0.337426,1.26031,1.80769,3.35437,0.970763,5.11418,0.42336,36.966,0.42336,423.524,0,1.02816,0,0,2.28847,1.26031,1.028160,1,0,58.904,0,0,0,58.904,0
20.6505,2.00066,0,0,6.54884,0.149784,0.36288,3.6288,32.0075,0.286405,0,0,0.923955,0.188796,0,0.66528,12.849,1,0.84672,0.36288,0,51.0185,4.99663,45.538,0.84672,12.849,0.84672,3695.15,0,36.966,0.335477,1.58509,1.80805,3.65562,1.2788,5.43448,0.42336,36.966,0.42336,423.524,0,1.02816,0,0,2.61325,1.58509,1.028160,1,0,50.9725,0,0,0,50.9725,0
24.7814,2.09044,0,0,6.74431,0.160078,0.36288,3.6288,32.8666,0.313502,0,0,1.35237,0.179816,0,0.66528,12.849,1,0.84672,0.36288,0,108.888,4.58163,103.823,0.84672,12.849,0.84672,3695.15,0,36.966,0.362068,2.01855,1.80842,5.33993,1.25862,7.54622,0.42336,36.966,0.42336,423.524,0,1.02816,0,0,3.04671,2.01855,1.028160,1,0,111.369,0,0,0,111.369,0
27.9014,2.09101,0,0,5.74483,0.170929,0.36288,3.6288,33.749,0.31811,0,0,1.37134,0.170823,0,0.66528,12.849,1,0.84672,0.36288,0,149.662,4.14635,145.032,0.84672,12.849,0.84672,3695.15,0,36.966,0.357788,2.03557,1.86673,6.40068,1.20497,8.74022,0.42336,36.966,0.42336,423.524,0,1.02816,0,0,3.06373,2.03557,1.028160,1,0,153.772,0,0,0,153.772,0
30.3065,2.09157,0,0,5.03817,0.178611,0.36288,3.6288,34.4732,0.322732,0,0,1.21941,0.172453,0,0.66528,12.849,1,0.84672,0.36288,0,114.595,4.14635,109.965,0.84672,12.849,0.84672,3695.15,0,36.966,0.353495,1.50095,1.86709,5.60152,1.20497,7.41109,0.42336,36.966,0.42336,423.524,0,1.02816,0,0,2.52911,1.50095,1.028160,1,0,117.376,0,0,0,117.376,0
33.1886,2.09214,0,0,5.53903,0.201916,0.36288,3.6288,34.9525,0.326474,0,0,0.973731,0.167999,0,0.66528,12.849,1,0.84672,0.36288,0,124.807,4.22231,120.1,0.84672,12.849,0.84672,3695.15,0,36.966,0.350081,1.24127,1.86744,6.75817,1.33742,8.17939,0.42336,36.966,0.42336,423.524,0,1.02816,0,0,2.26943,1.24127,1.028160,1,0,128.28,0,0,0,128.28,0
34.9713,2.37941,0,0,4.74398,0.219007,0.36288,3.6288,35.3373,0.453999,0,0,1.0088,0.170028,0,0.66528,12.849,1,0.84672,0.36288,0,115.699,4.22053,110.995,0.84672,12.849,0.84672,3695.15,0,36.966,0.42336,1.40147,1.8678,5.22345,1.40814,6.66122,0.42336,36.966,0.42336,423.524,0,1.02816,0,0,2.42963,1.40147,1.028160,1,0,117.656,0,0,0,117.656,0
38.2111,2.38003,0,0,6.18201,0.199339,0.36288,3.6288,36.5248,0.454366,0,0,1.84588,0.203989,0,0.66528,12.849,1,0.84672,0.36288,0,152.43,3.8681,148.078,0.84672,12.849,0.84672,3695.15,0,36.966,0.42336,3.93604,2.07678,7.28518,1.23646,11.6382,0.42336,36.966,0.42336,423.524,0,1.02816,0,0,4.9642,3.93604,1.028160,1,0,159.717,0,0,0,159.717,0
42.8544,2.41522,0,0,7.62859,0.207176,0.36288,3.6288,38.2608,0.454733,0,0,2.39717,0.206371,0,0.66528,12.849,1,0.812151,0.36288,0,189.853,3.8681,185.535,0.84672,12.849,0.84672,3695.15,0,36.966,0.42336,4.25562,2.07718,10.286,1.23646,14.959,0.42336,36.966,0.42336,423.524,0,1.02816,0,0,5.28378,4.25562,1.028160,1,0,200.494,0,0,0,200.494,0
46.2549,2.4834,0,0,6.46821,0.221402,0.36288,3.6288,39.5511,0.4551,0,0,1.94006,0.194677,0,0.66528,12.849,1,0.744595,0.36288,0,190.28,3.68321,186.216,0.84672,12.849,0.84672,3695.15,0,36.966,0.42336,3.57108,2.07758,12.4464,1.18744,16.4842,0.42336,36.966,0.42336,423.524,0,1.02816,0,0,4.59924,3.57108,1.028160,1,0,202.7,0,0,0,202.7,0
48.5179,2.20644,0,0,5.07346,0.241176,0.36288,3.6288,40.858,0.315086,0,0,1.77913,0.157126,0,0.66528,12.849,1,0.612921,0.36288,0,177.362,3.23014,173.882,0.84672,12.849,0.84672,3695.15,0,36.966,0.294492,2.60176,2.07798,8.9664,1.02887,12.3228,0.42336,36.966,0.42336,423.524,0,1.02816,0,0,3.62992,2.60176,1.028160,1,0,186.205,0,0,0,186.205,0
52.2701,2.22948,0,0,6.61738,0.272831,0.36288,3.6288,43.4396,0.320197,0,0,3.05152,0.149723,0,0.66528,12.849,1,0.590433,0.36288,0,155.467,3.28514,151.955,0.84672,12.849,0.84672,3695.15,0,36.966,0.289696,3.51722,1.79367,10.8513,0.812823,15.0597,0.42336,36.966,0.42336,423.524,0,1.02816,0,0,4.54538,3.51722,1.028160,1,0,167.014,0,0,0,167.014,0
55.6013,2.26393,0,0,6.24196,0.283858,0.36288,3.6288,45.6975,0.329669,0,0,2.74101,0.153484,0,0.66528,12.849,1,0.556519,0.36288,0,142.616,3.28514,139.137,0.84672,12.849,0.84672,3695.15,0,36.966,0.280539,4.15842,1.79401,11.0339,0.812823,15.893,0.42336,36.966,0.42336,423.524,0,1.02816,0,0,5.18658,4.15842,1.028160,1,0,155.03,0,0,0,155.03,0
61.7663,2.29146,0,0,9.11287,0.293623,0.36288,3.6288,48.5661,0.337506,0,0,3.36283,0.156774,0,0.66528,12.849,1,0.529536,0.36288,0,205.484,3.28514,202.032,0.84672,12.849,0.84672,3695.15,0,36.966,0.273018,4.60512,1.79436,14.1924,0.812823,19.506,0.42336,36.966,0.42336,423.524,0,1.02816,0,0,5.63328,4.60512,1.028160,1,0,221.538,0,0,0,221.538,0
67.6518,2.33566,0,0,8.89453,0.310477,0.36288,3.6288,51.2847,0.346841,0,0,3.22256,0.157106,0,0.66528,12.849,1,0.485878,0.36288,0,206.588,3.36129,203.103,0.84672,12.849,0.84672,3695.15,0,36.966,0.263998,4.49776,1.7947,15.7506,0.850418,20.9286,0.42336,36.966,0.42336,423.524,0,1.02816,0,0,5.52592,4.49776,1.028160,1,0,224.032,0,0,0,224.032,0
71.6275,2.45829,0,0,7.12542,0.328559,0.36288,3.6288,53.9919,0.393472,0,0,3.27343,0.1727,0,0.66528,12.849,1,0.4669,0.36288,0,200.839,3.65044,197.084,0.84672,12.849,0.84672,3695.15,0,36.966,0.283614,4.10444,1.79505,12.981,0.779469,17.8174,0.42336,36.966,0.42336,423.524,0,1.02816,0,0,5.1326,4.10444,1.028160,1,0,214.901,0,0,0,214.901,0
72.29,2.48074,0,0,5.15614,0.339201,1.67365,3.6288,57.0488,0.402108,0,0,3.63221,0.173201,0,0.66528,12.849,1,0.445012,1.67365,0,109.833,3.55813,107.503,0.84672,12.849,0.84672,3695.15,0,36.966,0.275306,3.45402,1.86565,8.72903,0.702376,13.071,0.42336,36.966,0.42336,423.524,0,1.02816,0,0,4.48218,3.45402,1.028160,1,0,120.574,0,0,0,120.574,0
72.29,2.74302,0,0,3.87662,0.340915,0.792688,3.6288,58.5897,0.518883,0,0,2.23643,0.17671,0,0.66528,12.849,1,0.487551,0.792688,0,68.3571,3.55813,65.1041,0.84672,12.849,0.84672,3695.15,0,36.966,0.336222,2.21903,1.86601,7.09995,0.702376,10.1464,0.42336,36.966,0.42336,423.524,0,1.02816,0,0,3.24719,2.21903,1.028160,1,0,75.2505,0,0,0,75.2505,0
72.29,2.74354,0,0,3.65718,0.340915,0.572722,3.6288,60.313,0.524527,0,0,2.42629,0.178479,0,0.66528,12.849,1,0.487644,0.572722,0,78.8849,3.55813,75.4119,0.84672,12.849,0.84672,3695.15,0,36.966,0.33094,2.23908,2.06042,7.14137,0.702376,10.4076,0.42336,36.966,0.42336,423.524,0,1.02816,0,0,3.26724,2.23908,1.028160,1,0,85.8194,0,0,0,85.8194,0
72.2774,2.70625,0,0,3.34639,0.289874,0.36288,3.6288,61.308,0.513074,0,0,1.81788,0.20449,0.105273,0.66528,12.849,1,0.481016,0.36288,0,74.1684,4.10133,69.9489,0.84672,12.849,0.84672,3695.15,0,36.966,0.314464,1.86082,2.06082,7.01017,0.834959,9.78238,0.42336,36.966,0.42336,423.524,0,1.02816,0,0,2.88898,1.86082,1.028160,1,0,79.8365,0,0,0,79.8365,0
72.29,2.45179,0,0,3.27523,0.264186,0.546636,3.6288,61.308,0.407432,0,0,1.33018,0.160494,0.762252,0.66528,12.849,1,0.435863,0.546636,0,70.7512,3.54157,67.3204,0.84672,12.849,0.84672,3695.15,0,36.966,0.245663,1.5806,2.03101,5.36368,0.808716,7.92091,0.42336,36.966,0.42336,423.524,0,1.02816,0,0,2.60876,1.5806,1.028160,1,0,76.0036,0,0,0,76.0036,0
72.29,2.70729,0,0,3.35705,0.219599,0.430162,3.6288,61.308,0.516703,0,0,1.29736,0.18227,0.598385,0.66528,12.849,1,0.481201,0.430162,0,69.6569,3.70048,65.9054,0.84672,12.849,0.84672,3695.15,0,36.966,0.311549,1.72258,1.84008,4.55321,0.902143,6.90219,0.42336,36.966,0.42336,423.524,0,1.02816,0,0,2.75074,1.72258,1.028160,1,0,73.4059,0,0,0,73.4059,0
71.9025,2.70781,0,0,2.87534,0.192171,0.36288,3.6288,61.308,0.516926,0,0,1.29451,0.211872,0.565709,0.66528,12.849,1,0.481294,0.36288,0,58.307,4.08272,54.1058,0.84672,12.849,0.84672,3695.15,0,36.966,0.311683,1.53031,2.03179,4.13165,1.00907,6.37299,0.42336,36.966,0.42336,423.524,0,1.02816,0,0,2.55847,1.53031,1.028160,1,0,61.0445,0,0,0,61.0445,0
71.5372,2.56756,0,0,2.75676,0.191606,0.36288,3.6288,61.308,0.464776,0,0,1.25475,0.211872,0.578098,0.66528,12.849,1,0.458823,0.36288,0,62.4856,4.08272,58.3069,0.84672,12.849,0.84672,3695.15,0,36.966,0.280239,1.62228,2.03218,4.0951,1.00907,6.46025,0.42336,36.966,0.42336,423.524,0,1.02816,0,0,2.65044,1.62228,1.028160,1,0,65.3453,0,0,0,65.3453,0
71.1372,2.56606,0,0,2.69134,0.162407,0.36288,3.6288,61.308,0.464989,0,0,1.03126,0.222531,0.343744,0.66528,12.849,1,0.460898,0.36288,0,47.6044,4.95054,42.5559,0.84672,12.849,0.84672,3695.15,0,36.966,0.280367,1.00027,1.9371,3.86633,1.04537,5.47796,0.42336,36.966,0.42336,423.524,0,1.02816,0,0,2.02843,1.00027,1.028160,1,0,48.3776,0,0,0,48.3776,0
70.4532,2.77765,0,0,2.61843,0.161911,0.36288,3.6288,61.308,0.557245,0,0,1.04606,0.222531,0.266283,0.66528,12.849,1,0.501708,0.36288,0,45.2349,4.95054,40.1455,0.84672,12.849,0.84672,3695.15,0,36.966,0.335994,1.16471,1.93747,3.6819,1.04537,5.40272,0.42336,36.966,0.42336,423.524,0,1.02816,0,0,2.19287,1.16471,1.028160,1,0,45.8145,0,0,0,45.8145,0
69.5133,2.77407,0,0,2.37751,0.180458,0.36288,3.6288,61.308,0.557476,0,0,0.984654,0.217263,0.209915,0.66528,12.849,1,0.505925,0.36288,0,42.6305,4.61208,37.8754,0.84672,12.849,0.84672,3695.15,0,36.966,0.336133,1.09758,2.09903,3.36867,1.05843,5.17072,0.42336,36.966,0.42336,423.524,0,1.02816,0,0,2.12574,1.09758,1.028160,1,0,43.256,0,0,0,43.256,0
68.4976,2.76883,0,0,2.26608,0.150091,0.36288,3.6288,61.308,0.557706,0,0,0.982705,0.229916,0.195082,0.66528,12.849,1,0.511796,0.36288,0,39.6704,4.48646,35.035,0.84672,12.849,0.84672,3695.15,0,36.966,0.336272,1.15834,2.09943,3.27429,1.10631,5.08948,0.42336,36.966,0.42336,423.524,0,1.02816,0,0,2.1865,1.15834,1.028160,1,0,40.3196,0,0,0,40.3196,0
67.6983,2.73822,0,0,2.43079,0.128957,0.36288,3.6288,61.2651,0.591748,0,0,0.801835,0.253008,0,0.66528,12.849,1,0.513645,0.36288,0,40.5231,4.92529,35.447,0.84672,12.849,0.84672,3695.15,0,36.966,0.356798,0.930528,2.09983,3.16716,1.16152,4.67921,0.42336,36.966,0.42336,423.524,0,1.02816,0,0,1.95869,0.930528,1.028160,1,0,40.1262,0,0,0,40.1262,0
66.9156,2.73365,0,0,2.42236,0.108582,0.36288,3.6288,61.0521,0.591829,0,0,0.671354,0.292553,0,0.66528,12.849,1,0.518841,0.36288,0,40.1072,5.10034,34.8509,0.84672,12.849,0.84672,3695.15,0,36.966,0.357096,0.828714,2.1366,3.13335,1.28934,4.45223,0.42336,36.966,0.42336,423.524,0,1.02816,0,0,1.85687,0.828714,1.028160,1,0,39.3032,0,0,0,39.3032,0
66.0222,2.72908,0,0,2.30245,0.103854,0.36288,3.6288,60.8146,0.591289,0,0,0.651862,0.298044,0,0.66528,12.849,1,0.524033,0.36288,0,36.8652,5.10667,31.5973,0.84672,12.849,0.84672,3695.15,0,36.966,0.358016,0.765055,2.13701,3.03597,1.30887,4.27115,0.42336,36.966,0.42336,423.524,0,1.02816,0,0,1.79321,0.765055,1.028160,1,0,35.8685,0,0,0,35.8685,0
64.9767,2.72367,0,0,2.14415,0.10312,0.36288,3.6288,60.4952,0.590656,0,0,0.56884,0.297595,0,0.66528,12.849,1,0.530071,0.36288,0,34.2646,5.10667,28.9907,0.84672,12.849,0.84672,3695.15,0,36.966,0.359029,0.688435,2.13742,2.87589,1.30887,4.03385,0.42336,36.966,0.42336,423.524,0,1.02816,0,0,1.7166,0.688435,1.028160,1,0,33.0246,0,0,0,33.0246,0
63.7373,2.78048,0,0,1.99892,0.0948848,0.36288,3.6288,60.0543,0.61972,0,0,0.483621,0.304819,0,0.66528,12.849,1,0.549835,0.36288,0,31.4038,5.38618,25.8307,0.84672,12.849,0.84672,3695.15,0,36.966,0.378684,0.478941,2.13783,2.62733,1.36888,3.49655,0.42336,36.966,0.42336,423.524,0,1.02816,0,0,1.5071,0.478941,1.028160,1,0,29.3272,0,0,0,29.3272,0
62.6861,2.77212,0,0,2.15946,0.0756822,0.36288,3.6288,59.5976,0.61824,0,0,0.485046,0.323477,0,0.66528,12.849,1,0.558839,0.36288,0,35.3341,6.08496,29.0532,0.84672,12.849,0.84672,3695.15,0,36.966,0.380554,0.396325,2.18982,2.5942,1.51889,3.28091,0.42336,36.966,0.42336,423.524,0,1.02816,0,0,1.42449,0.396325,1.028160,1,0,32.3341,0,0,0,32.3341,0
61.4941,2.76487,0,0,2.01073,0.0750367,0.36288,3.6288,59.0792,0.616681,0,0,0.420811,0.322536,0,0.66528,12.849,1,0.566726,0.36288,0,29.9182,6.08496,23.6294,0.84672,12.849,0.84672,3695.15,0,36.966,0.382502,0.511669,2.19025,2.61812,1.51889,3.41864,0.42336,36.966,0.42336,423.524,0,1.02816,0,0,1.53983,0.511669,1.028160,1,0,27.048,0,0,0,27.048,0
60.1596,2.75631,0,0,1.85903,0.0743046,0.36288,3.6288,58.5331,0.614856,0,0,0.390236,0.321468,0,0.66528,12.849,1,0.575923,0.36288,0,28.6889,6.08496,22.3909,0.84672,12.849,0.84672,3695.15,0,36.966,0.384717,0.324276,2.19067,2.27643,1.51889,2.88777,0.42336,36.966,0.42336,423.524,0,1.02816,0,0,1.35244,0.324276,1.028160,1,0,25.2787,0,0,0,25.2787,0
58.6983,2.92973,0,0,1.90035,0.069023,0.36288,3.6288,57.9783,0.66528,0,0,0.433377,0.322887,0,0.66528,12.849,1,0.625737,0.36288,0,27.2862,6.15973,20.8636,0.84672,12.849,0.84672,3695.15,0,36.966,0.42336,0.506753,2.19109,2.81577,1.53383,3.55642,0.42336,36.966,0.42336,423.524,0,1.02816,0,0,1.53491,0.506753,1.028160,1,0,24.42,0,0,0,24.42,0
57.3342,2.91751,0,0,1.97627,0.0599794,0.36288,3.6288,57.3571,0.66528,0,0,0.371545,0.327477,0,0.66528,12.849,1,0.63864,0.36288,0,24.8453,6.60865,17.9609,0.84672,12.849,0.84672,3695.15,0,36.966,0.42336,0.333936,2.30173,2.63998,1.54578,3.30651,0.42336,36.966,0.42336,423.524,0,1.02816,0,0,1.3621,0.333936,1.028160,1,0,21.2674,0,0,0,21.2674,0
56.2067,2.90565,0,0,2.20322,0.0621871,0.36288,3.6288,56.8074,0.66528,0,0,0.440196,0.324592,0,0.66528,12.849,1,0.651177,0.36288,0,30.6888,6.6087,23.7918,0.84672,12.849,0.84672,3695.15,0,36.966,0.42336,0.615609,2.30186,2.74631,1.53283,3.70759,0.42336,36.966,0.42336,423.524,0,1.02816,0,0,1.64377,0.615609,1.028160,1,0,27.4993,0,0,0,27.4993,0
54.6274,2.89558,0,0,1.74062,0.061499,0.36288,3.6288,56.085,0.720265,0,0,0.321324,0.323435,0,0.66528,12.849,1,0.661937,0.36288,0,31.6698,6.6087,24.7621,0.84672,12.849,0.84672,3695.15,0,36.966,0.42336,0.204422,2.30199,2.17608,1.53283,2.7263,0.42336,36.966,0.42336,423.524,0,0.973175,0,0,1.1776,0.204422,1.028160,1,0,27.4884,0,0,0,27.4884,0
53.4791,2.88064,0,0,2.15579,0.0605352,0.36288,3.6288,55.6324,0.66528,0,0,0.534576,0.321915,0,0.66528,12.849,1,0.67756,0.36288,0,28.0666,6.6087,21.1432,0.84672,12.849,0.84672,3695.15,0,36.966,0.42336,1.07222,2.30212,3.27,1.53283,4.68816,0.42336,36.966,0.42336,423.524,0,1.02816,0,0,2.10038,1.07222,1.028160,1,0,25.8314,0,0,0,25.8314,0
51.8549,2.78191,0,0,1.62436,0.10376,0.36288,3.6288,55.0475,0.647247,0,0,0.361763,0.299473,0,0.66528,12.849,1,0.668387,0.36288,0,24.9806,5.73962,18.9355,0.84672,12.849,0.84672,3695.15,0,36.966,0.42336,0.330402,2.30225,2.98784,1.28314,3.914,0.42336,36.966,0.42336,423.524,0,1.02816,0,0,1.35856,0.330402,1.028160,1,0,22.8494,0,0,0,22.8494,0
50.4397,2.76566,0,0,1.84594,0.132584,0.36288,3.6288,54.4865,0.64765,0,0,0.380568,0.293857,0,0.66528,12.849,1,0.685296,0.36288,0,21.048,5.41128,15.3143,0.84672,12.849,0.84672,3695.15,0,36.966,0.42336,0.365835,2.26809,3.0209,1.22179,4.00968,0.42336,36.966,0.42336,423.524,0,1.02816,0,0,1.39399,0.365835,1.028160,1,0,19.324,0,0,0,19.324,0
48.7132,2.75087,0,0,1.51786,0.130638,0.36288,3.6288,54.0776,0.648053,0,0,0.531921,0.292772,0,0.66528,12.849,1,0.700755,0.36288,0,20.4327,5.41128,14.6836,0.84672,12.849,0.84672,3695.15,0,36.966,0.42336,1.35007,2.26853,3.41078,1.22179,5.38423,0.42336,36.966,0.42336,423.524,0,1.02816,0,0,2.37823,1.35007,1.028160,1,0,20.0678,0,0,0,20.0678,0
46.7498,2.73174,0,0,1.25947,0.128254,0.36288,3.6288,53.4098,0.661908,0,0,0.286092,0.291981,0,0.66528,12.849,1,0.720546,0.36288,0,19.5775,5.41128,13.8085,0.84672,12.849,0.84672,3695.15,0,36.966,0.42336,0.216518,2.26896,2.54012,1.22179,3.38046,0.42336,36.966,0.42336,423.524,0,1.01471,0,0,1.23123,0.216518,1.028160,1,0,17.189,0,0,0,17.189,0
45.0732,2.63855,0,0,1.49499,0.170216,0.36288,3.6288,52.9352,0.576544,0,0,0.351143,0.249231,0,0.66528,12.849,1,0.725196,0.36288,0,19.6932,4.81913,14.5117,0.84672,12.849,0.84672,3695.15,0,36.966,0.399037,0.537702,2.2694,2.57591,1.07187,3.9121,0.42336,36.966,0.42336,423.524,0,1.02816,0,0,1.56586,0.537702,1.028160,1,0,18.4238,0,0,0,18.4238,0
43.44,2.61806,0,0,1.56458,0.216812,0.36288,3.6288,52.4241,0.651059,0,0,0.342162,0.202224,0,0.66528,12.849,1,0.746331,0.36288,0,20.5289,4.17302,15.9724,0.84672,12.849,0.84672,3695.15,0,36.966,0.42336,0.216518,2.17846,1.86725,1.08096,2.7579,0.42336,36.966,0.42336,423.524,0,0.929707,0,0,1.14623,0.216518,1.028160,1,0,18.7303,0,0,0,18.7303,0
43.4372,2.59691,0,0,3.16981,0.212821,0.36288,3.6288,52.3951,0.572595,0,0,0.74498,0.201397,0,0.66528,12.849,1,0.768133,0.36288,0,32.5193,4.17302,27.941,0.84672,12.849,0.84672,3695.15,0,36.966,0.403756,1.49621,2.17888,3.92419,1.08096,6.11456,0.42336,36.966,0.42336,423.524,0,1.02816,0,0,2.52437,1.49621,1.028160,1,0,34.0556,0,0,0,34.0556,0
42.3693,2.59737,0,0,2.1052,0.212814,0.36288,3.6288,52.3404,0.572689,0,0,0.719415,0.20135,0,0.66528,12.849,1,0.768319,0.36288,0,20.0149,4.17302,15.4365,0.84672,12.849,0.84672,3695.15,0,36.966,0.404046,1.57353,2.17929,2.92274,1.08096,5.19055,0.42336,36.966,0.42336,423.524,0,1.02816,0,0,2.60169,1.57353,1.028160,1,0,20.627,0,0,0,20.627,0
42.4044,2.43433,0,0,3.08264,0.250353,0.36288,3.6288,52.2164,0.474913,0,0,0.568419,0.217498,0,0.66528,12.849,1,0.738239,0.36288,0,39.0497,4.46296,34.2114,0.84672,12.849,0.84672,3695.15,0,36.966,0.335413,0.968356,2.17971,5.37308,1.14866,7.03707,0.42336,36.966,0.42336,423.524,0,1.02816,0,0,1.99652,0.968356,1.028160,1,0,41.2484,0,0,0,41.2484,0
42.9493,2.43526,0,0,3.57451,0.231447,0.36288,3.6288,52.4439,0.474653,0,0,0.922109,0.219974,0,0.66528,12.849,1,0.737912,0.36288,0,73.4421,4.30463,68.7624,0.84672,12.849,0.84672,3695.15,0,36.966,0.336025,2.01953,2.01495,5.50287,1.17301,8.02832,0.42336,36.966,0.42336,423.524,0,1.02816,0,0,3.04769,2.01953,1.028160,1,0,76.7907,0,0,0,76.7907,0
45.6325,2.44294,0,0,5.71601,0.227029,0.36288,3.6288,53.2212,0.475715,0,0,1.47274,0.219743,0,0.66528,12.849,1,0.730846,0.36288,0,106.556,4.2589,101.929,0.84672,12.849,0.84672,3695.15,0,36.966,0.335316,2.34162,2.01534,7.16512,1.17256,10.0142,0.42336,36.966,0.42336,423.524,0,1.02816,0,0,3.36978,2.34162,1.028160,1,0,111.944,0,0,0,111.944,0
49.3407,2.47695,0,0,6.78212,0.234064,0.36288,3.6288,54.0042,0.478814,0,0,1.4829,0.221116,0,0.66528,12.849,1,0.697448,0.36288,0,107.152,4.2589,102.558,0.84672,12.849,0.84672,3695.15,0,36.966,0.332571,3.54961,2.01573,12.3088,1.17256,16.369,0.42336,36.966,0.42336,423.524,0,1.02816,0,0,4.57777,3.54961,1.028160,1,0,118.927,0,0,0,118.927,0
51.0234,2.51902,0,0,4.80838,0.243787,0.36288,3.6288,53.8595,0.481886,0,0,0.559681,0.222448,0,0.66528,12.849,1,0.655987,0.36288,0,90.123,4.2589,85.571,0.84672,12.849,0.84672,3695.15,0,36.966,0.329852,1.40089,2.01611,6.49407,1.17256,8.40867,0.42336,36.966,0.42336,423.524,0,1.02816,0,0,2.42905,1.40089,1.028160,1,0,93.9796,0,0,0,93.9796,0
52.395,2.5363,0,0,4.52093,0.250136,0.36288,3.6288,53.7745,0.48136,0,0,0.634936,0.238574,0,0.66528,12.849,1,0.638705,0.36288,0,65.5107,4.34578,60.8891,0.84672,12.849,0.84672,3695.15,0,36.966,0.330377,1.30977,2.0165,6.39763,1.23494,8.15858,0.42336,36.966,0.42336,423.524,0,1.02816,0,0,2.33793,1.30977,1.028160,1,0,69.0477,0,0,0,69.0477,0
52.3797,2.63009,0,0,3.22205,0.244358,0.36288,3.6288,53.6932,0.516515,0,0,0.626248,0.191093,0,0.66528,12.849,1,0.644986,0.36288,0,45.9426,3.49823,42.1623,0.84672,12.849,0.84672,3695.15,0,36.966,0.355066,1.96868,2.0165,5.2432,0.999994,7.87333,0.42336,36.966,0.42336,423.524,0,1.02816,0,0,2.99684,1.96868,1.028160,1,0,50.0356,0,0,0,50.0356,0
54.3839,2.38269,0,0,4.97985,0.230066,0.36288,3.6288,53.8564,0.410419,0,0,0.736206,0.162551,0,0.66528,12.849,1,0.584485,0.36288,0,95.0461,2.86629,91.9582,0.84672,12.849,0.84672,3695.15,0,36.966,0.28256,1.96573,2.08149,5.95994,0.831326,8.89327,0.42336,36.966,0.42336,423.524,0,1.02816,0,0,2.99389,1.96573,1.028160,1,0,100.851,0,0,0,100.851,0
55.3509,2.40055,0,0,3.96522,0.234822,0.36288,3.6288,53.8782,0.411112,0,0,0.595683,0.162756,0,0.66528,12.849,1,0.567164,0.36288,0,73.0542,2.86629,69.9836,0.84672,12.849,0.84672,3695.15,0,36.966,0.282179,1.35929,1.8858,4.48991,0.831326,6.6215,0.42336,36.966,0.42336,423.524,0,1.02816,0,0,2.38745,1.35929,1.028160,1,0,76.6051,0,0,0,76.6051,0
55.1999,2.65949,0,0,3.10843,0.237117,0.36288,3.6288,53.7295,0.517534,0,0,0.531573,0.16278,0,0.66528,12.849,1,0.617367,0.36288,0,41.8446,2.86629,38.7238,0.84672,12.849,0.84672,3695.15,0,36.966,0.355081,1.07989,1.88614,3.74801,0.831326,5.52763,0.42336,36.966,0.42336,423.524,0,1.02816,0,0,2.10805,1.07989,1.028160,1,0,44.2514,0,0,0,44.2514,0
56.7145,2.64311,0,0,4.77716,0.256554,0.36288,3.6288,53.9961,0.531039,0,0,1.009,0.211382,0,0.66528,12.849,1,0.615244,0.36288,0,78.9109,3.61326,75.0452,0.84672,12.849,0.84672,3695.15,0,36.966,0.365356,2.89655,2.08262,6.71909,1.2019,10.131,0.42336,36.966,0.42336,423.524,0,1.02816,0,0,3.92471,2.89655,1.028160,1,0,85.1762,0,0,0,85.1762,0
59.2836,2.65699,0,0,5.8495,0.260449,0.36288,3.6288,54.3232,0.532317,0,0,1.07127,0.211785,0,0.66528,12.849,1,0.601957,0.36288,0,106.75,3.61326,102.897,0.84672,12.849,0.84672,3695.15,0,36.966,0.364427,2.87209,2.09753,6.74625,1.2019,10.1495,0.42336,36.966,0.42336,423.524,0,1.02816,0,0,3.90025,2.87209,1.028160,1,0,113.047,0,0,0,113.047,0
61.7888,2.67892,0,0,5.814,0.267056,0.36288,3.6288,54.6128,0.533831,0,0,1.03563,0.212244,0,0.66528,12.849,1,0.580622,0.36288,0,147.338,3.61326,143.507,0.84672,12.849,0.84672,3695.15,0,36.966,0.363262,2.65616,2.09791,6.81074,1.2019,9.99965,0.42336,36.966,0.42336,423.524,0,1.02816,0,0,3.68432,2.65616,1.028160,1,0,153.507,0,0,0,153.507,0
62.3765,2.92338,0,0,4.16704,0.293094,0.36288,3.6288,54.2604,0.634246,0,0,0.483424,0.201606,0,0.66528,12.849,1,0.607917,0.36288,0,73.4633,3.57606,69.6422,0.84672,12.849,0.84672,3695.15,0,36.966,0.42336,2.06876,2.09829,5.60867,1.13272,8.21965,0.42336,36.966,0.42336,423.524,0,1.02816,0,0,3.09692,2.06876,1.028160,1,0,77.8619,0,0,0,77.8619,0
63.0353,2.60653,0,0,3.94044,0.312159,0.36288,3.6288,54.6457,0.474542,0,0,1.04689,0.186993,0,0.66528,12.849,1,0.536921,0.36288,0,64.6765,3.41344,61.0891,0.84672,12.849,0.84672,3695.15,0,36.966,0.323292,2.0815,2.27323,5.01422,0.985951,8.05971,0.42336,36.966,0.42336,423.524,0,1.02816,0,0,3.10966,2.0815,1.028160,1,0,69.1488,0,0,0,69.1488,0
63.8484,2.3657,0,0,3.8555,0.313847,0.36288,3.6288,55.3866,0.373502,0,0,1.30189,0.18747,0,0.66528,12.849,1,0.48222,0.36288,0,83.883,3.41344,80.3502,0.84672,12.849,0.84672,3695.15,0,36.966,0.252662,2.48933,1.99984,6.0729,0.985951,9.32346,0.42336,36.966,0.42336,423.524,0,1.02816,0,0,3.51749,2.48933,1.028160,1,0,89.6737,0,0,0,89.6737,0
66.1894,2.37124,0,0,5.39102,0.315929,0.36288,3.6288,56.2113,0.375709,0,0,1.38881,0.188387,0,0.66528,12.849,1,0.477194,0.36288,0,132.083,3.41344,128.555,0.84672,12.849,0.84672,3695.15,0,36.966,0.250755,2.68585,1.81183,7.94878,0.985951,11.2098,0.42336,36.966,0.42336,423.524,0,1.02816,0,0,3.71401,2.68585,1.028160,1,0,139.765,0,0,0,139.765,0
68.5294,2.38581,0,0,5.40772,0.318984,0.36288,3.6288,56.8628,0.37811,0,0,1.23508,0.205529,0,0.66528,12.849,1,0.463144,0.36288,0,103.68,3.78367,99.7961,0.84672,12.849,0.84672,3695.15,0,36.966,0.248654,2.77073,1.81216,6.98238,1.08687,10.2297,0.42336,36.966,0.42336,423.524,0,1.02816,0,0,3.79889,2.77073,1.028160,1,0,110.026,0,0,0,110.026,0
69.3839,2.39956,0,0,3.93745,0.320542,0.36288,3.6288,57.5638,0.380018,0,0,1.28186,0.20084,0,0.66528,12.849,1,0.449908,0.36288,0,66.4676,4.14255,62.238,0.84672,12.849,0.84672,3695.15,0,36.966,0.247046,2.00438,1.81249,6.37762,1.07873,8.8687,0.42336,36.966,0.42336,423.524,0,1.02816,0,0,3.03254,2.00438,1.028160,1,0,71.1067,0,0,0,71.1067,0
69.5695,2.49253,0,0,3.366,0.325028,0.36288,3.6288,58.1348,0.422579,0,0,1.16067,0.167068,0,0.66528,12.849,1,0.461585,0.36288,0,56.2944,3.71753,52.4782,0.84672,12.849,0.84672,3695.15,0,36.966,0.271369,1.26315,1.81282,4.54072,0.883411,6.4619,0.42336,36.966,0.42336,423.524,0,1.02816,0,0,2.29131,1.26315,1.028160,1,0,58.9401,0,0,0,58.9401,0
69.0962,2.49402,0,0,2.70918,0.325496,0.36288,3.6288,58.5083,0.424399,0,0,0.965603,0.167686,0,0.66528,12.849,1,0.460629,0.36288,0,42.8736,3.71753,39.0583,0.84672,12.849,0.84672,3695.15,0,36.966,0.269861,1.11305,1.8841,3.71087,0.883411,5.55475,0.42336,36.966,0.42336,423.524,0,1.02816,0,0,2.14121,1.11305,1.028160,1,0,44.6131,0,0,0,44.6131,0
68.5901,2.49182,0,0,2.66893,0.320379,0.36288,3.6288,58.7254,0.425646,0,0,0.802141,0.1594,0,0.66528,12.849,1,0.463373,0.36288,0,40.0277,3.54216,36.385,0.84672,12.849,0.84672,3695.15,0,36.966,0.268926,1.50965,1.88444,3.15923,0.858837,5.42556,0.42336,36.966,0.42336,423.524,0,1.02816,0,0,2.53781,1.50965,1.028160,1,0,41.8106,0,0,0,41.8106,0
68.055,2.48939,0,0,2.59754,0.280352,0.36288,3.6288,58.858,0.426448,0,0,0.672479,0.113487,0,0.66528,12.849,1,0.466337,0.36288,0,38.4979,2.87494,35.5194,0.84672,12.849,0.84672,3695.15,0,36.966,0.268437,1.08002,1.88479,2.52867,0.798958,4.42608,0.42336,36.966,0.42336,423.524,0,1.02816,0,0,2.10818,1.08002,1.028160,1,0,39.9455,0,0,0,39.9455,0
67.3392,2.45248,0,0,2.36416,0.264599,0.36288,3.6288,58.8209,0.411115,0,0,0.51489,0.140811,0,0.66528,12.849,1,0.463036,0.36288,0,35.1448,4.00438,31.0402,0.84672,12.849,0.84672,3695.15,0,36.966,0.258203,0.746384,1.88513,2.57876,1.03486,3.91721,0.42336,36.966,0.42336,423.524,0,1.02816,0,0,1.77454,0.746384,1.028160,1,0,34.9574,0,0,0,34.9574,0
66.5274,2.44879,0,0,2.16835,0.168494,0.36288,3.6288,58.6648,0.411204,0,0,0.44093,0.185835,0,0.66528,12.849,1,0.467254,0.36288,0,32.0847,4.408,27.5723,0.84672,12.849,0.84672,3695.15,0,36.966,0.258421,0.603841,1.85784,2.40335,1.05896,3.54765,0.42336,36.966,0.42336,423.524,0,1.02816,0,0,1.632,0.603841,1.028160,1,0,31.12,0,0,0,31.12,0
65.6621,2.44445,0,0,2.10942,0.167416,0.36288,3.6288,58.5545,0.410971,0,0,0.486358,0.185649,0,0.66528,12.849,1,0.472118,0.36288,0,31.0087,4.408,26.4915,0.84672,12.849,0.84672,3695.15,0,36.966,0.258962,0.782983,1.85818,2.78656,1.05896,4.1098,0.42336,36.966,0.42336,423.524,0,1.02816,0,0,1.81114,0.782983,1.028160,1,0,30.6013,0,0,0,30.6013,0
64.7342,2.43969,0,0,2.04092,0.166267,0.36288,3.6288,58.4465,0.410861,0,0,0.488291,0.185517,0,0.66528,12.849,1,0.477408,0.36288,0,29.3982,4.408,24.8757,0.84672,12.849,0.84672,3695.15,0,36.966,0.25938,0.563604,1.85851,2.4452,1.05896,3.54898,0.42336,36.966,0.42336,423.524,0,1.02816,0,0,1.59176,0.563604,1.028160,1,0,28.4247,0,0,0,28.4247,0
63.5171,2.54991,0,0,1.85471,0.158938,0.36288,3.6288,58.1048,0.504941,0,0,0.376329,0.213087,0,0.66528,12.849,1,0.506127,0.36288,0,27.1059,4.07132,22.8914,0.84672,12.849,0.84672,3695.15,0,36.966,0.319363,0.402797,1.85885,2.26797,1.06056,3.14969,0.42336,36.966,0.42336,423.524,0,0.966246,0,0,1.36904,0.402797,1.028160,1,0,26.0411,0,0,0,26.0411,0
62.1471,2.5423,0,0,1.66666,0.13151,0.36288,3.6288,57.7235,0.52431,0,0,0.366381,0.223345,0,0.66528,12.849,1,0.514286,0.36288,0,23.8472,4.20483,19.4909,0.84672,12.849,0.84672,3695.15,0,36.966,0.333564,0.402797,1.95608,2.16458,1.02573,3.16417,0.42336,36.966,0.42336,423.524,0,0.932999,0,0,1.3358,0.402797,1.028160,1,0,22.6551,0,0,0,22.6551,0
60.7544,2.53336,0,0,1.63362,0.130045,0.36288,3.6288,57.4203,0.476605,0,0,0.396255,0.222796,0,0.66528,12.849,1,0.523776,0.36288,0,22.8447,4.20483,18.479,0.84672,12.849,0.84672,3695.15,0,36.966,0.305217,0.30119,1.95643,2.33241,1.02573,3.25909,0.42336,36.966,0.42336,423.524,0,1.00938,0,0,1.31057,0.30119,1.028160,1,0,21.738,0,0,0,21.738,0
59.2638,2.52391,0,0,1.5247,0.128556,0.36288,3.6288,57.0271,0.533041,0,0,0.362127,0.222359,0,0.66528,12.849,1,0.533783,0.36288,0,21.3555,4.20483,16.9798,0.84672,12.849,0.84672,3695.15,0,36.966,0.34316,0.30119,1.95679,2.06538,1.02573,2.95447,0.42336,36.966,0.42336,423.524,0,0.915322,0,0,1.21651,0.30119,1.028160,1,0,19.9342,0,0,0,19.9342,0
57.8469,2.51333,0,0,1.57797,0.118678,0.36288,3.6288,56.6888,0.463341,0,0,0.345354,0.220321,0,0.66528,12.849,1,0.544916,0.36288,0,22.0177,4.31775,17.518,0.84672,12.849,0.84672,3695.15,0,36.966,0.300346,0.347795,1.95714,2.13546,1.08052,3.05953,0.42336,36.966,0.42336,423.524,0,1.02816,0,0,1.37595,0.347795,1.028160,1,0,20.5775,0,0,0,20.5775,0
56.4604,2.48045,0,0,1.56787,0.111047,0.36288,3.6288,56.3006,0.493034,0,0,0.323587,0.218736,0,0.66528,12.849,1,0.550959,0.36288,0,22.7822,4.40244,18.1917,0.84672,12.849,0.84672,3695.15,0,36.966,0.321501,0.322764,1.9575,2.07058,1.12161,2.90773,0.42336,36.966,0.42336,423.524,0,1.02816,0,0,1.35092,0.322764,1.028160,1,0,21.0994,0,0,0,21.0994,0
54.962,2.46987,0,0,1.43561,0.101206,0.36288,3.6288,55.8772,0.491897,0,0,0.307975,0.239427,0,0.66528,12.849,1,0.562083,0.36288,0,20.0909,4.68474,15.207,0.84672,12.849,0.84672,3695.15,0,36.966,0.322971,0.267339,1.99175,2.01084,1.22466,2.72231,0.42336,36.966,0.42336,423.524,0,1.02816,0,0,1.2955,0.267339,1.028160,1,0,17.9293,0,0,0,17.9293,0
53.4174,2.4579,0,0,1.35535,0.0791709,0.36288,3.6288,55.3723,0.500614,0,0,0.287409,0.291728,0,0.66528,12.849,1,0.574606,0.36288,0,17.8692,5.39049,12.2669,0.84672,12.849,0.84672,3695.15,0,36.966,0.331185,0.261274,1.99211,1.91809,1.48227,2.35802,0.42336,36.966,0.42336,423.524,0,1.01156,0,0,1.27284,0.261274,1.028160,1,0,14.625,0,0,0,14.625,0
51.7651,2.44495,0,0,1.23193,0.076395,0.36288,3.6288,54.8247,0.527339,0,0,0.271107,0.29133,0,0.66528,12.849,1,0.588106,0.36288,0,17.8306,5.41357,12.1918,0.84672,12.849,0.84672,3695.15,0,36.966,0.352046,0.261274,1.99247,1.85615,1.46968,2.28817,0.42336,36.966,0.42336,423.524,0,0.96431,0,0,1.22558,0.261274,1.028160,1,0,14.48,0,0,0,14.48,0
49.9427,2.69393,0,0,1.30033,0.0659794,0.36288,3.6288,54.0364,0.753448,0,0,0.258796,0.293667,0,0.66528,12.849,1,0.66868,0.36288,0,19.2912,5.55208,13.4333,0.84672,12.849,0.84672,3695.15,0,36.966,0.42336,0.261274,1.99283,1.88579,1.39416,2.32239,0.42336,36.966,0.42336,423.524,0,0.869409,0,0,1.13068,0.261274,1.028160,1,0,15.7557,0,0,0,15.7557,0
48.0423,2.67501,0,0,1.20223,0.0647312,0.36288,3.6288,53.0928,0.891428,0,0,0.239996,0.292141,0,0.66528,12.849,1,0.688213,0.36288,0,18.4985,5.55208,12.6211,0.84672,12.849,0.84672,3695.15,0,36.966,0.42336,0.261274,2.21106,1.63968,1.39416,2.2945,0.42336,36.966,0.42336,423.524,0,0.731799,0,0,0.993073,0.261274,1.028160,1,0,14.9156,0,0,0,14.9156,0
46.1949,2.65401,0,0,1.22895,0.0594861,0.36288,3.6288,52.343,0.723923,0,0,0.266523,0.292486,0,0.66528,12.849,1,0.70982,0.36288,0,17.594,5.62686,11.6202,0.84672,12.849,0.84672,3695.15,0,36.966,0.42336,0.227405,2.21146,2.02816,1.4091,2.63457,0.42336,36.966,0.42336,423.524,0,0.899675,0,0,1.12708,0.227405,1.028160,1,0,14.2547,0,0,0,14.2547,0
44.4301,2.63228,0,0,1.28048,0.0500345,0.36288,3.6288,51.7011,0.651597,0,0,0.273245,0.263494,0,0.66528,12.849,1,0.732162,0.36288,0,17.6208,5.75225,11.4993,0.84672,12.849,0.84672,3695.15,0,36.966,0.42336,0.227405,2.21186,2.21391,1.45997,2.76985,0.42336,36.966,0.42336,423.524,0,0.972371,0,0,1.19978,0.227405,1.028160,1,0,14.2692,0,0,0,14.2692,0
42.3558,2.78452,0,0,1.13842,0.0653426,0.36288,3.6288,50.8186,0.825975,0,0,0.232254,0.288834,0,0.66528,12.849,1,0.80527,0.36288,0,14.9994,5.87433,8.68267,0.84672,12.849,0.84672,3695.15,0,36.966,0.42336,0.227405,2.21226,1.87164,1.39969,2.48825,0.42336,36.966,0.42336,423.524,0,0.867465,0,0,1.09487,0.227405,1.028160,1,0,11.1709,0,0,0,11.1709,0
40.3917,2.75476,0,0,1.22441,0.0709392,0.36288,3.6288,50.1245,0.66528,0,0,0.270253,0.29901,0,0.66528,12.849,1,0.835679,0.36288,0,16.5818,5.90982,10.1992,0.84672,12.849,0.84672,3695.15,0,36.966,0.42336,0.267339,2.30817,1.98372,1.3712,2.76467,0.42336,36.966,0.42336,423.524,0,1.02816,0,0,1.2955,0.267339,1.028160,1,0,12.9639,0,0,0,12.9639,0
38.1859,2.74436,0,0,0.970825,0.069319,0.36288,3.6288,49.1052,0.924877,0,0,0.202847,0.29732,0,0.66528,12.849,1,0.84672,0.36288,0,18.2073,5.90982,11.8137,0.84672,12.849,0.84672,3695.15,0,36.966,0.42336,0.204422,2.30829,1.59278,1.3712,2.31094,0.42336,36.966,0.42336,423.524,0,0.768563,0,0,0.972985,0.204422,1.028160,1,0,14.1246,0,0,0,14.1246,0
36.1905,2.74501,0,0,1.17999,0.0675577,0.36288,3.6288,48.4712,0.66528,0,0,0.326123,0.294839,0,0.66528,12.849,1,0.84672,0.36288,0,15.8713,5.90982,9.47767,0.84672,12.849,0.84672,3695.15,0,36.966,0.42336,0.584988,2.30841,2.29499,1.3712,3.39383,0.42336,36.966,0.42336,423.524,0,1.02816,0,0,1.61315,0.584988,1.028160,1,0,12.8715,0,0,0,12.8715,0
34.3722,2.74566,0,0,1.34243,0.0521287,0.36288,3.6288,47.7693,0.66528,0,0,0.274076,0.310622,0,0.66528,12.849,1,0.84672,0.36288,0,20.7553,6.13902,14.1324,0.84672,12.849,0.84672,3695.15,0,36.966,0.42336,0.416863,2.30853,2.32379,1.37341,3.25241,0.42336,36.966,0.42336,423.524,0,1.02816,0,0,1.44502,0.416863,1.028160,1,0,17.3848,0,0,0,17.3848,0
33.0627,2.63669,0,0,1.75877,0.0687135,0.36288,3.6288,47.1127,0.66528,0,0,0.319618,0.311032,0,0.66528,12.849,1,0.84672,0.36288,0,25.8952,5.92184,19.4895,0.84672,12.849,0.84672,3695.15,0,36.966,0.42336,0.683372,2.30865,2.36444,1.30131,3.6318,0.42336,36.966,0.42336,423.524,0,1.02816,0,0,1.71153,0.683372,1.028160,1,0,23.1213,0,0,0,23.1213,0
31.8774,2.63732,0,0,1.94246,0.127619,0.36288,3.6288,46.6074,0.66528,0,0,0.427001,0.267006,0,0.66528,12.849,1,0.84672,0.36288,0,24.4871,4.73109,19.2721,0.84672,12.849,0.84672,3695.15,0,36.966,0.42336,1.10008,2.28823,3.00041,1.02399,4.94137,0.42336,36.966,0.42336,423.524,0,1.02816,0,0,2.12824,1.10008,1.028160,1,0,24.2135,0,0,0,24.2135,0
30.8358,2.37036,0,0,1.82155,0.129835,0.36288,3.6288,46.281,0.517945,0,0,0.459188,0.267652,0,0.66528,12.849,1,0.84672,0.36288,0,29.1336,4.76364,23.8861,0.84672,12.849,0.84672,3695.15,0,36.966,0.410801,1.12946,2.28835,3.15962,1.04263,5.12401,0.42336,36.966,0.42336,423.524,0,1.02816,0,0,2.15762,1.12946,1.028160,1,0,29.0101,0,0,0,29.0101,0
30.0007,2.37095,0,0,2.0268,0.128115,0.36288,3.6288,46.0134,0.516531,0,0,0.515824,0.266847,0,0.66528,12.849,1,0.84672,0.36288,0,43.9251,4.76364,38.6776,0.84672,12.849,0.84672,3695.15,0,36.966,0.412569,1.41735,2.11479,3.64529,1.04263,5.72223,0.42336,36.966,0.42336,423.524,0,1.02816,0,0,2.44551,1.41735,1.028160,1,0,44.3998,0,0,0,44.3998,0
28.4022,2.28839,0,0,1.26029,0.207482,0.36288,3.6288,45.8776,0.465452,0,0,0.543306,0.213655,0,0.66528,12.849,1,0.84672,0.36288,0,34.056,4.25565,29.3165,0.84672,12.849,0.84672,3695.15,0,36.966,0.373933,0.944231,2.11517,4.40647,0.985462,6.10648,0.42336,36.966,0.42336,423.524,0,1.02816,0,0,1.97239,0.944231,1.028160,1,0,35.423,0,0,0,35.423,0
26.9047,2.28896,0,0,1.35741,0.203039,0.36288,3.6288,45.5545,0.512371,0,0,0.402651,0.213386,0,0.66528,12.849,1,0.84672,0.36288,0,35.6206,4.25565,30.8811,0.84672,12.849,0.84672,3695.15,0,36.966,0.412844,0.216518,2.03039,4.02486,0.985462,4.87346,0.42336,36.966,0.42336,423.524,0,0.942667,0,0,1.15919,0.216518,1.028160,1,0,35.7545,0,0,0,35.7545,0
27.4239,2.28953,0,0,3.37043,0.198877,0.36288,3.6288,45.946,0.463746,0,0,1.06797,0.212746,0,0.66528,12.849,1,0.84672,0.36288,0,58.8166,4.25565,54.0771,0.84672,12.849,0.84672,3695.15,0,36.966,0.376315,2.17636,2.03075,6.15693,0.985462,9.00226,0.42336,36.966,0.42336,423.524,0,1.02816,0,0,3.20452,2.17636,1.028160,1,0,63.0794,0,0,0,63.0794,0
29.2617,2.29009,0,0,4.69112,0.20032,0.36288,3.6288,46.7478,0.46571,0,0,1.48105,0.213521,0,0.66528,12.849,1,0.84672,0.36288,0,88.7737,4.25565,84.0342,0.84672,12.849,0.84672,3695.15,0,36.966,0.374689,4.70714,2.03112,8.33877,0.985462,13.7169,0.42336,36.966,0.42336,423.524,0,1.02816,0,0,5.7353,4.70714,1.028160,1,0,97.7511,0,0,0,97.7511,0
30.5344,2.05438,0,0,3.87232,0.182397,0.36288,3.6288,47.2927,0.364658,0,0,1.12125,0.211702,0,0.66528,12.849,1,0.84672,0.36288,0,41.5487,3.89157,37.1733,0.84672,12.849,0.84672,3695.15,0,36.966,0.288354,2.70124,2.03149,7.48466,0.911074,11.018,0.42336,36.966,0.42336,423.524,0,1.02816,0,0,3.7294,2.70124,1.028160,1,0,48.1913,0,0,0,48.1913,0
32.3892,2.05491,0,0,4.46558,0.192934,0.36288,3.6288,48.0722,0.366693,0,0,1.34252,0.196294,0,0.66528,12.849,1,0.84672,0.36288,0,71.4174,3.90558,67.028,0.84672,12.849,0.84672,3695.15,0,36.966,0.286623,3.28607,1.84254,8.92789,0.926693,12.8432,0.42336,36.966,0.42336,423.524,0,1.02816,0,0,4.31423,3.28607,1.028160,1,0,79.8711,0,0,0,79.8711,0
33.9296,2.07785,0,0,4.17862,0.197574,0.36288,3.6288,48.7096,0.369492,0,0,1.20443,0.197577,0,0.66528,12.849,1,0.824297,0.36288,0,49.3502,3.90558,44.9832,0.84672,12.849,0.84672,3695.15,0,36.966,0.284128,2.82582,1.84287,8.08419,0.926693,11.5421,0.42336,36.966,0.42336,423.524,0,1.02816,0,0,3.85398,2.82582,1.028160,1,0,56.5253,0,0,0,56.5253,0
36.1811,2.10538,0,0,4.92115,0.201387,0.36288,3.6288,49.3357,0.371779,0,0,1.19655,0.198626,0,0.66528,12.849,1,0.797299,0.36288,0,61.2491,3.90558,56.9091,0.84672,12.849,0.84672,3695.15,0,36.966,0.282145,2.90745,1.84321,8.00347,0.926693,11.5453,0.42336,36.966,0.42336,423.524,0,1.02816,0,0,3.93561,2.90745,1.028160,1,0,68.4544,0,0,0,68.4544,0
38.8217,2.14238,0,0,5.34533,0.199481,0.36288,3.6288,49.8158,0.374,0,0,1.0752,0.221114,0,0.66528,12.849,1,0.760823,0.36288,0,69.2436,4.70663,64.1391,0.84672,12.849,0.84672,3695.15,0,36.966,0.280229,2.92753,1.84354,7.53391,1.22601,10.7987,0.42336,36.966,0.42336,423.524,0,1.02816,0,0,3.95569,2.92753,1.028160,1,0,74.9378,0,0,0,74.9378,0
40.6086,2.24998,0,0,4.59219,0.19243,0.36288,3.6288,50.0759,0.406951,0,0,0.855982,0.188901,0,0.66528,12.849,1,0.744689,0.36288,0,92.2778,3.81518,88.0808,0.84672,12.849,0.84672,3695.15,0,36.966,0.301979,2.10102,1.84387,6.39151,1.07586,8.95857,0.42336,36.966,0.42336,423.524,0,1.02816,0,0,3.12918,2.10102,1.028160,1,0,97.0394,0,0,0,97.0394,0
42.9904,2.27526,0,0,5.21648,0.196497,0.36288,3.6288,50.2214,0.408024,0,0,0.742821,0.189304,0,0.66528,12.849,1,0.719919,0.36288,0,53.0272,3.81518,48.855,0.84672,12.849,0.84672,3695.15,0,36.966,0.301203,1.99289,1.90328,5.63957,1.07586,8.15868,0.42336,36.966,0.42336,423.524,0,1.02816,0,0,3.02105,1.99289,1.028160,1,0,57.0137,0,0,0,57.0137,0
47.3154,2.30637,0,0,7.20695,0.212647,0.36288,3.6288,50.3532,0.408697,0,0,0.746133,0.205705,0,0.66528,12.849,1,0.689328,0.36288,0,148.006,3.9427,143.737,0.84672,12.849,0.84672,3695.15,0,36.966,0.300825,2.13828,1.9036,7.97004,1.12037,10.5907,0.42336,36.966,0.42336,423.524,0,1.02816,0,0,3.16644,2.13828,1.028160,1,0,154.327,0,0,0,154.327,0
54.7752,2.35632,0,0,10.4286,0.249644,0.36288,3.6288,51.3942,0.409321,0,0,1.65763,0.207268,0,0.66528,12.849,1,0.639883,0.36288,0,210.339,4.17837,205.884,0.84672,12.849,0.84672,3695.15,0,36.966,0.300497,4.71036,1.90393,12.4788,1.13857,17.654,0.42336,36.966,0.42336,423.524,0,1.02816,0,0,5.73852,4.71036,1.028160,1,0,223.538,0,0,0,223.538,0
56.7818,2.66408,0,0,5.29573,0.262117,0.36288,3.6288,51.855,0.531913,0,0,1.20268,0.209928,0,0.66528,12.849,1,0.624931,0.36288,0,88.382,3.69498,84.425,0.84672,12.849,0.84672,3695.15,0,36.966,0.382586,3.10186,1.90425,6.16896,1.07242,9.72007,0.42336,36.966,0.42336,423.524,0,1.02816,0,0,4.13002,3.10186,1.028160,1,0,94.1451,0,0,0,94.1451,0
58.07,2.68254,0,0,4.59969,0.266119,0.36288,3.6288,51.9828,0.534091,0,0,0.87382,0.211963,0,0.66528,12.849,1,0.607025,0.36288,0,109.504,3.61673,105.643,0.84672,12.849,0.84672,3695.15,0,36.966,0.380739,1.80186,2.11726,5.12895,1.06398,7.60334,0.42336,36.966,0.42336,423.524,0,1.02816,0,0,2.83002,1.80186,1.028160,1,0,113.247,0,0,0,113.247,0
59.4849,2.69403,0,0,4.74128,0.269502,0.36288,3.6288,52.0397,0.534831,0,0,0.803878,0.212182,0,0.66528,12.849,1,0.596101,0.36288,0,130.273,3.61673,126.423,0.84672,12.849,0.84672,3695.15,0,36.966,0.380329,1.64841,2.11762,5.0868,1.06398,7.40851,0.42336,36.966,0.42336,423.524,0,1.02816,0,0,2.67657,1.64841,1.028160,1,0,133.832,0,0,0,133.832,0
59.5858,2.70615,0,0,3.46774,0.297804,0.36288,3.6288,51.7411,0.535268,0,0,0.435494,0.198741,0,0.66528,12.849,1,0.58454,0.36288,0,68.1428,3.57022,64.3509,0.84672,12.849,0.84672,3695.15,0,36.966,0.380224,1.38281,2.11798,4.36208,0.977505,6.50514,0.42336,36.966,0.42336,423.524,0,1.02816,0,0,2.41097,1.38281,1.028160,1,0,70.8561,0,0,0,70.8561,0
61.2254,2.36424,0,0,4.65609,0.289311,0.36288,3.6288,51.8309,0.374087,0,0,0.659327,0.195518,0,0.66528,12.849,1,0.509822,0.36288,0,55.4484,3.77708,51.5244,0.84672,12.849,0.84672,3695.15,0,36.966,0.267263,1.90572,2.11834,3.53402,0.861193,6.42962,0.42336,36.966,0.42336,423.524,0,1.02816,0,0,2.93388,1.90572,1.028160,1,0,57.954,0,0,0,57.954,0
62.3441,2.37593,0,0,4.14793,0.290399,0.36288,3.6288,52.1001,0.374523,0,0,0.839824,0.196103,0,0.66528,12.849,1,0.498622,0.36288,0,65.2602,3.81465,61.3098,0.84672,12.849,0.84672,3695.15,0,36.966,0.267111,2.27312,1.82846,4.22356,0.847573,7.21046,0.42336,36.966,0.42336,423.524,0,1.02816,0,0,3.30128,2.27312,1.028160,1,0,68.5202,0,0,0,68.5202,0
65.3253,2.38375,0,0,6.02088,0.29309,0.36288,3.6288,52.5778,0.375497,0,0,1.0498,0.19653,0,0.66528,12.849,1,0.491287,0.36288,0,112.997,3.81465,109.053,0.84672,12.849,0.84672,3695.15,0,36.966,0.266422,2.71115,1.82877,5.18379,0.847573,8.60973,0.42336,36.966,0.42336,423.524,0,1.02816,0,0,3.73931,2.71115,1.028160,1,0,117.663,0,0,0,117.663,0
69.9662,2.4029,0,0,7.70691,0.300261,0.36288,3.6288,52.94,0.377085,0,0,0.936552,0.197286,0,0.66528,12.849,1,0.472632,0.36288,0,121.361,3.81465,117.436,0.84672,12.849,0.84672,3695.15,0,36.966,0.265118,2.87743,1.82909,5.96295,0.847573,9.55677,0.42336,36.966,0.42336,423.524,0,1.02816,0,0,3.90559,2.87743,1.028160,1,0,126.993,0,0,0,126.993,0
71.866,2.4298,0,0,4.99166,0.299115,0.36288,3.6288,53.2263,0.378321,0,0,0.878418,0.213772,0,0.66528,12.849,1,0.446222,0.36288,0,87.8075,4.27036,83.4537,0.84672,12.849,0.84672,3695.15,0,36.966,0.264167,2.66268,1.8294,5.07654,0.984162,8.32028,0.42336,36.966,0.42336,423.524,0,1.02816,0,0,3.69084,2.66268,1.028160,1,0,91.774,0,0,0,91.774,0
72.1922,2.52938,0,0,3.516,0.297608,0.36288,3.6288,53.2529,0.418987,0,0,0.625771,0.180244,0,0.66528,12.849,1,0.452231,0.36288,0,71.4152,3.58218,67.7437,0.84672,12.849,0.84672,3695.15,0,36.966,0.290989,1.48988,1.82971,2.82559,0.813067,5.04112,0.42336,36.966,0.42336,423.524,0,1.02816,0,0,2.51804,1.48988,1.028160,1,0,72.7848,0,0,0,72.7848,0
71.5517,2.53155,0,0,2.5523,0.298347,0.36288,3.6288,53.1368,0.419247,0,0,0.483439,0.180283,0,0.66528,12.849,1,0.450573,0.36288,0,42.0264,3.58218,38.3566,0.84672,12.849,0.84672,3695.15,0,36.966,0.291024,0.778965,1.90164,2.45952,0.813067,4.03603,0.42336,36.966,0.42336,423.524,0,1.02816,0,0,1.80713,0.778965,1.028160,1,0,42.3926,0,0,0,42.3926,0
70.555,2.52856,0,0,2.18068,0.285961,0.36288,3.6288,52.9583,0.419047,0,0,0.417493,0.176898,0,0.66528,12.849,1,0.454069,0.36288,0,39.7274,3.40152,36.2347,0.84672,12.849,0.84672,3695.15,0,36.966,0.291521,0.614753,1.90196,2.33838,0.792278,3.7713,0.42336,36.966,0.42336,423.524,0,1.02816,0,0,1.64291,0.614753,1.028160,1,0,40.006,0,0,0,40.006,0
69.9794,2.52356,0,0,2.52673,0.215865,0.36288,3.6288,52.8235,0.418643,0,0,0.447727,0.163897,0,0.66528,12.849,1,0.459574,0.36288,0,45.399,2.61296,42.6893,0.84672,12.849,0.84672,3695.15,0,36.966,0.292221,0.603668,1.90229,2.31797,0.712464,3.81924,0.42336,36.966,0.42336,423.524,0,1.02816,0,0,1.63183,0.603668,1.028160,1,0,46.5086,0,0,0,46.5086,0
69.8687,2.48605,0,0,2.93636,0.198126,0.36288,3.6288,52.7088,0.403012,0,0,0.491127,0.202844,0,0.66528,12.849,1,0.456467,0.36288,0,53.6544,4.38532,49.1755,0.84672,12.849,0.84672,3695.15,0,36.966,0.282029,0.941259,1.90261,2.49498,0.981984,4.07483,0.42336,36.966,0.42336,423.524,0,1.02816,0,0,1.96942,0.941259,1.028160,1,0,53.2503,0,0,0,53.2503,0
69.2058,2.48587,0,0,2.38378,0.197957,0.36288,3.6288,52.5385,0.402823,0,0,0.435135,0.202657,0,0.66528,12.849,1,0.457156,0.36288,0,45.684,4.38532,41.2044,0.84672,12.849,0.84672,3695.15,0,36.966,0.28251,0.770005,1.87505,2.14483,0.981984,3.52539,0.42336,36.966,0.42336,423.524,0,1.02816,0,0,1.79817,0.770005,1.028160,1,0,44.7298,0,0,0,44.7298,0
68.2896,2.4826,0,0,2.12624,0.196942,0.36288,3.6288,52.2489,0.456692,0,0,0.369475,0.20238,0,0.66528,12.849,1,0.460928,0.36288,0,43.5721,4.38532,39.0888,0.84672,12.849,0.84672,3695.15,0,36.966,0.321328,0.402797,1.87537,2.01675,0.981984,2.9916,0.42336,36.966,0.42336,423.524,0,0.935764,0,0,1.33856,0.402797,1.028160,1,0,42.0804,0,0,0,42.0804,0
67.8557,2.47781,0,0,2.58955,0.182818,0.36288,3.6288,51.9908,0.467696,0,0,0.417284,0.207609,0,0.66528,12.849,1,0.466212,0.36288,0,49.0472,4.46413,44.4797,0.84672,12.849,0.84672,3695.15,0,36.966,0.330894,0.402797,1.87569,2.32606,0.999093,3.27455,0.42336,36.966,0.42336,423.524,0,0.915486,0,0,1.31828,0.402797,1.028160,1,0,47.7543,0,0,0,47.7543,0
66.9336,2.59317,0,0,2.16258,0.128606,0.36288,3.6288,51.7256,0.455225,0,0,0.401677,0.211698,0,0.66528,12.849,1,0.491037,0.36288,0,39.3443,4.78219,34.434,0.84672,12.849,0.84672,3695.15,0,36.966,0.32367,0.660865,1.87601,1.8611,1.06858,3.00572,0.42336,36.966,0.42336,423.524,0,1.02816,0,0,1.68902,0.660865,1.028160,1,0,37.4397,0,0,0,37.4397,0
65.7527,2.80319,0,0,2.12184,0.136604,0.36288,3.6288,51.3442,0.54211,0,0,0.360148,0.199429,0,0.66528,12.849,1,0.538118,0.36288,0,35.6746,4.72027,30.7791,0.84672,12.849,0.84672,3695.15,0,36.966,0.387422,0.415428,1.97411,1.67867,1.05532,2.62547,0.42336,36.966,0.42336,423.524,0,1.02816,0,0,1.44359,0.415428,1.028160,1,0,33.4046,0,0,0,33.4046,0
64.5894,2.58091,0,0,1.88839,0.107964,0.36288,3.6288,51.0164,0.453213,0,0,0.341843,0.216452,0,0.66528,12.849,1,0.504345,0.36288,0,31.5602,4.93447,26.4843,0.84672,12.849,0.84672,3695.15,0,36.966,0.326297,0.354715,2.13867,1.633,1.11004,2.69004,0.42336,36.966,0.42336,423.524,0,1.02816,0,0,1.38288,0.354715,1.028160,1,0,29.1743,0,0,0,29.1743,0
63.354,2.57377,0,0,1.78785,0.0866281,0.36288,3.6288,50.6464,0.468498,0,0,0.327597,0.229071,0,0.66528,12.849,1,0.512009,0.36288,0,30.0718,5.09512,24.8275,0.84672,12.849,0.84672,3695.15,0,36.966,0.339469,0.30119,1.97478,1.61498,1.15109,2.40039,0.42336,36.966,0.42336,423.524,0,1.00001,0,0,1.3012,0.30119,1.028160,1,0,27.2279,0,0,0,27.2279,0
61.8484,2.77933,0,0,1.73169,0.0950865,0.36288,3.6288,50.1696,0.553389,0,0,0.321235,0.244625,0,0.66528,12.849,1,0.563684,0.36288,0,28.2982,5.29749,22.7999,0.84672,12.849,0.84672,3695.15,0,36.966,0.40391,0.30119,1.97512,1.61407,1.19362,2.29285,0.42336,36.966,0.42336,423.524,0,1.00139,0,0,1.30258,0.30119,1.028160,1,0,25.0927,0,0,0,25.0927,0
60.3522,2.74364,0,0,1.71654,0.106197,0.36288,3.6288,49.6605,0.567757,0,0,0.323924,0.265246,0,0.66528,12.849,1,0.569992,0.36288,0,26.3863,5.56731,20.6119,0.84672,12.849,0.84672,3695.15,0,36.966,0.418335,0.309476,2.13977,1.58476,1.25032,2.36535,0.42336,36.966,0.42336,423.524,0,1.02816,0,0,1.33764,0.309476,1.028160,1,0,22.9772,0,0,0,22.9772,0
58.9622,2.52263,0,0,1.6004,0.104887,0.36288,3.6288,49.2276,0.48008,0,0,0.311242,0.264141,0,0.66528,12.849,1,0.53707,0.36288,0,26.0372,5.56731,20.2957,0.84672,12.849,0.84672,3695.15,0,36.966,0.357359,0.261274,2.17719,1.61933,1.25032,2.45012,0.42336,36.966,0.42336,423.524,0,1.02246,0,0,1.28373,0.261274,1.028160,1,0,22.7459,0,0,0,22.7459,0
57.2239,2.72166,0,0,1.44974,0.103503,0.36288,3.6288,48.6289,0.632918,0,0,0.297416,0.263201,0,0.66528,12.849,1,0.593102,0.36288,0,25.5879,5.56731,19.7903,0.84672,12.849,0.84672,3695.15,0,36.966,0.42336,0.261274,2.01034,1.52978,1.25032,2.12772,0.42336,36.966,0.42336,423.524,0,0.95866,0,0,1.21993,0.261274,1.028160,1,0,21.9181,0,0,0,21.9181,0
55.376,2.70741,0,0,1.32,0.0975645,0.36288,3.6288,47.8884,0.749788,0,0,0.281272,0.27192,0,0.66528,12.849,1,0.607919,0.36288,0,22.5249,5.70846,16.5714,0.84672,12.849,0.84672,3695.15,0,36.966,0.42336,0.261274,2.17793,1.48478,1.30184,2.19878,0.42336,36.966,0.42336,423.524,0,0.842132,0,0,1.10341,0.261274,1.028160,1,0,18.7702,0,0,0,18.7702,0
53.8545,2.75421,0,0,1.67207,0.0765008,0.36288,3.6288,47.2711,0.680627,0,0,0.349815,0.286499,0,0.66528,12.849,1,0.639065,0.36288,0,25.6781,6.13757,19.2643,0.84672,12.849,0.84672,3695.15,0,36.966,0.42336,0.261274,2.1783,1.50258,1.47868,2.04011,0.42336,36.966,0.42336,423.524,0,0.960889,0,0,1.22216,0.261274,1.028160,1,0,21.3044,0,0,0,21.3044,0
52.2058,2.7401,0,0,1.52963,0.0753362,0.36288,3.6288,46.6109,0.703927,0,0,0.328782,0.285024,0,0.66528,12.849,1,0.653753,0.36288,0,24.1432,6.13757,17.7147,0.84672,12.849,0.84672,3695.15,0,36.966,0.42336,0.261274,2.23122,1.52942,1.47868,2.11988,0.42336,36.966,0.42336,423.524,0,0.937941,0,0,1.19921,0.261274,1.028160,1,0,19.8346,0,0,0,19.8346,0
50.4298,2.724,0,0,1.38497,0.0740742,0.36288,3.6288,45.849,0.792665,0,0,0.314137,0.283417,0,0.66528,12.849,1,0.670435,0.36288,0,22.7381,6.13757,16.293,0.84672,12.849,0.84672,3695.15,0,36.966,0.42336,0.227405,2.2316,1.42203,1.47868,1.979,0.42336,36.966,0.42336,423.524,0,0.849554,0,0,1.07696,0.227405,1.028160,1,0,18.272,0,0,0,18.272,0
48.5119,2.70564,0,0,1.21122,0.0606079,0.36288,3.6288,45.0623,0.81021,0,0,0.311909,0.288356,0,0.66528,12.849,1,0.689369,0.36288,0,21.6517,6.36189,14.9633,0.84672,12.849,0.84672,3695.15,0,36.966,0.42336,0.227405,2.23198,1.43725,1.5235,1.94977,0.42336,36.966,0.42336,423.524,0,0.83236,0,0,1.05977,0.227405,1.028160,1,0,16.9131,0,0,0,16.9131,0
46.3233,2.86384,0,0,1.10369,0.0655821,0.36288,3.6288,44.2605,0.84691,0,0,0.319247,0.274136,0,0.66528,12.849,1,0.758524,0.36288,0,21.1709,6.25039,14.5249,0.84672,12.849,0.84672,3695.15,0,36.966,0.42336,0.227405,2.23236,1.43282,1.47367,1.99555,0.42336,36.966,0.42336,423.524,0,0.84653,0,0,1.07393,0.227405,1.028160,1,0,16.5204,0,0,0,16.5204,0
44.1353,2.83626,0,0,1.07446,0.0633892,0.36288,3.6288,43.4429,0.851386,0,0,0.305168,0.27143,0,0.66528,12.849,1,0.786713,0.36288,0,20.2996,6.2432,13.6326,0.84672,12.849,0.84672,3695.15,0,36.966,0.42336,0.227405,2.31427,1.45775,1.54748,2.02858,0.42336,36.966,0.42336,423.524,0,0.842054,0,0,1.06946,0.227405,1.028160,1,0,15.6611,0,0,0,15.6611,0
41.9557,2.80653,0,0,1.05168,0.0618475,0.36288,3.6288,42.5704,0.888494,0,0,0.285325,0.269339,0,0.66528,12.849,1,0.81706,0.36288,0,18.5241,6.2432,11.8267,0.84672,12.849,0.84672,3695.15,0,36.966,0.42336,0.204422,2.31439,1.46312,1.54748,2.01109,0.42336,36.966,0.42336,423.524,0,0.804946,0,0,1.00937,0.204422,1.028160,1,0,13.8378,0,0,0,13.8378,0
40.2859,2.77451,0,0,1.52792,0.0603118,0.36288,3.6288,41.9221,0.709076,0,0,0.327847,0.267109,0,0.66528,12.849,1,0.849699,0.36288,0,21.0978,6.2432,14.3678,0.84672,12.849,0.84672,3695.15,0,36.966,0.42336,0.204422,2.3145,1.6222,1.54748,2.17028,0.42336,36.966,0.42336,423.524,0,0.984364,0,0,1.18879,0.204422,1.028160,1,0,16.5381,0,0,0,16.5381,0
38.7679,2.74828,0,0,1.68032,0.087139,0.36288,3.6288,41.3242,0.718381,0,0,0.375398,0.254875,0,0.66528,12.849,1,0.87655,0.36288,0,28.8401,5.92287,22.4036,0.84672,12.849,0.84672,3695.15,0,36.966,0.42336,0.204422,2.31462,1.62973,1.49708,2.22832,0.42336,36.966,0.42336,423.524,0,0.975059,0,0,1.17948,0.204422,1.028160,1,0,24.6319,0,0,0,24.6319,0
36.6296,2.63988,0,0,0.954504,0.0900909,0.36288,3.6288,40.8554,0.66528,0,0,0.43963,0.243156,0,0.66528,12.849,1,0.874946,0.36288,0,11.0966,5.64155,4.943,0.84672,12.849,0.84672,3695.15,0,36.966,0.42336,0.623592,2.31473,1.57465,1.4348,2.65481,0.42336,36.966,0.42336,423.524,0,1.02816,0,0,1.65175,0.623592,1.028160,1,0,7.59781,0,0,0,7.59781,0
34.4046,2.60251,0,0,0.828317,0.0878561,0.36288,3.6288,39.9089,0.947739,0,0,0.243276,0.242051,0,0.66528,12.849,1,0.912914,0.36288,0,11.394,5.64155,5.20242,0.84672,12.849,0.84672,3695.15,0,36.966,0.42336,0.216518,2.29412,1.16797,1.4348,1.82044,0.42336,36.966,0.42336,423.524,0,0.745701,0,0,0.96222,0.216518,1.028160,1,0,7.02286,0,0,0,7.02286,0
32.202,2.55996,0,0,0.805749,0.0855308,0.36288,3.6288,38.864,1.03007,0,0,0.225059,0.239838,0,0.66528,12.849,1,0.956061,0.36288,0,10.4083,5.64155,4.17354,0.84672,12.849,0.84672,3695.15,0,36.966,0.42336,0.216518,2.29423,1.14765,1.4348,1.80024,0.42336,36.966,0.42336,423.524,0,0.663371,0,0,0.879889,0.216518,1.028160,1,0,5.97377,0,0,0,5.97377,0
30.9635,2.32062,0,0,1.61981,0.174849,0.36288,3.6288,38.6745,0.52333,0,0,0.482695,0.148938,0,0.66528,12.849,1,0.925958,0.36288,0,28.2996,4.18813,23.5484,0.84672,12.849,0.84672,3695.15,0,36.966,0.42336,0.236503,2.29434,2.89164,0.980517,4.0186,0.42336,36.966,0.42336,423.524,0,1.02816,0,0,1.26466,0.236503,1.028160,1,0,27.567,0,0,0,27.567,0
30.2336,2.23556,0,0,2.02557,0.156994,0.36288,3.6288,38.2195,0.601172,0,0,0.337053,0.19087,0,0.66528,12.849,1,0.927695,0.36288,0,22.3214,4.14338,17.6132,0.84672,12.849,0.84672,3695.15,0,36.966,0.42336,0.216518,2.13418,2.49869,1.07859,3.34744,0.42336,36.966,0.42336,423.524,0,0.859775,0,0,1.07629,0.216518,1.028160,1,0,20.9606,0,0,0,20.9606,0
28.4672,2.22022,0,0,0.984295,0.167562,0.36288,3.6288,37.2091,1.00776,0,0,0.192521,0.19507,0,0.66528,12.849,1,0.943572,0.36288,0,14.135,4.15863,9.39563,0.84672,12.849,0.84672,3695.15,0,36.966,0.42336,0.216518,2.04861,2.05192,1.12387,2.76982,0.42336,36.966,0.42336,423.524,0,0.453503,0,0,0.670022,0.216518,1.028160,1,0,12.1654,0,0,0,12.1654,0
27.2421,2.18025,0,0,1.48162,0.16361,0.36288,3.6288,37.0488,0.433428,0,0,0.466217,0.193186,0,0.66528,12.849,1,0.984079,0.36288,0,22.0415,4.15863,17.2617,0.84672,12.849,0.84672,3695.15,0,36.966,0.42336,0.908401,2.04896,4.16067,1.12387,5.5708,0.42336,36.966,0.42336,423.524,0,1.02816,0,0,1.93656,0.908401,1.028160,1,0,22.8325,0,0,0,22.8325,0
28.1548,2.15054,0,0,3.58692,0.160868,0.36288,3.6288,37.4666,0.433748,0,0,1.04447,0.192886,0,0.66528,12.849,1,1.01432,0.36288,0,57.7636,4.15863,52.9535,0.84672,12.849,0.84672,3695.15,0,36.966,0.42336,2.01902,2.04931,6.29424,1.12387,8.81534,0.42336,36.966,0.42336,423.524,0,1.02816,0,0,3.04718,2.01902,1.028160,1,0,61.7688,0,0,0,61.7688,0
28.2489,2.0098,0,0,2.66645,0.199639,0.36288,3.6288,37.4202,0.33626,0,0,0.468991,0.17914,0,0.66528,12.849,1,0.917213,0.36288,0,41.0512,4.01851,36.4784,0.84672,12.849,0.84672,3695.15,0,36.966,0.331767,0.454879,2.04965,3.74082,1.04843,4.86515,0.42336,36.966,0.42336,423.524,0,1.02816,0,0,1.48304,0.454879,1.028160,1,0,41.3435,0,0,0,41.3435,0
29.3598,2.01224,0,0,3.67568,0.189677,0.36288,3.6288,37.7246,0.336198,0,0,0.842587,0.202001,0,0.66528,12.849,1,0.915268,0.36288,0,62.6341,4.48476,57.597,0.84672,12.849,0.84672,3695.15,0,36.966,0.332118,1.94077,1.859,6.52504,1.1537,8.83899,0.42336,36.966,0.42336,423.524,0,1.02816,0,0,2.96893,1.94077,1.028160,1,0,66.436,0,0,0,66.436,0
29.0759,2.03668,0,0,2.30657,0.190846,0.36288,3.6288,37.6432,0.337697,0,0,0.45184,0.195511,0,0.66528,12.849,1,0.89133,0.36288,0,41.618,4.32853,36.761,0.84672,12.849,0.84672,3695.15,0,36.966,0.330907,0.773911,1.85931,4.24964,1.10877,5.44318,0.42336,36.966,0.42336,423.524,0,1.02816,0,0,1.80207,0.773911,1.028160,1,0,42.2042,0,0,0,42.2042,0
28.5536,2.03099,0,0,2.05133,0.179826,0.36288,3.6288,37.4613,0.399343,0,0,0.370334,0.152894,0,0.66528,12.849,1,0.897517,0.36288,0,37.8472,3.39119,33.9214,0.84672,12.849,0.84672,3695.15,0,36.966,0.392159,0.412474,1.85963,3.40991,0.839205,4.45065,0.42336,36.966,0.42336,423.524,0,0.90555,0,0,1.31802,0.412474,1.028160,1,0,38.372,0,0,0,38.372,0
27.9139,2.02001,0,0,1.92389,0.180719,0.36288,3.6288,37.5496,0.353334,0,0,0.596497,0.154832,0,0.66528,12.849,1,0.908995,0.36288,0,42.504,3.47118,38.4867,0.84672,12.849,0.84672,3695.15,0,36.966,0.348662,0.412474,1.85994,3.94965,0.856776,5.01663,0.42336,36.966,0.42336,423.524,0,0.995345,0,0,1.40782,0.412474,1.028160,1,0,43.5033,0,0,0,43.5033,0
30.7,2.06891,0,0,5.40991,0.192027,0.36288,3.6288,37.931,0.365011,0,0,0.914623,0.168205,0,0.66528,12.849,1,0.95234,0.36288,0,107.115,3.95115,102.575,0.84672,12.849,0.84672,3695.15,0,36.966,0.359338,1.96518,1.86026,8.19933,0.962204,10.7032,0.42336,36.966,0.42336,423.524,0,1.02816,0,0,2.99334,1.96518,1.028160,1,0,113.278,0,0,0,113.278,0
35.0764,2.13018,0,0,7.06889,0.1994,0.36288,3.6288,38.3523,0.366983,0,0,0.957117,0.168823,0,0.66528,12.849,1,0.891555,0.36288,0,116.499,3.95115,112.019,0.84672,12.849,0.84672,3695.15,0,36.966,0.357646,2.46281,1.92017,7.13686,0.962204,10.2,0.42336,36.966,0.42336,423.524,0,1.02816,0,0,3.49097,2.46281,1.028160,1,0,122.219,0,0,0,122.219,0
37.8584,2.21195,0,0,5.56749,0.210606,0.36288,3.6288,38.7173,0.369126,0,0,0.903628,0.169505,0,0.66528,12.849,1,0.810269,0.36288,0,111.536,3.95115,107.138,0.84672,12.849,0.84672,3695.15,0,36.966,0.355783,1.62152,1.92048,6.24553,0.962204,8.46954,0.42336,36.966,0.42336,423.524,0,1.02816,0,0,2.64968,1.62152,1.028160,1,0,115.607,0,0,0,115.607,0
38.6462,2.25676,0,0,3.6251,0.217708,0.36288,3.6288,38.8318,0.370984,0,0,0.655569,0.170095,0,0.66528,12.849,1,0.765936,0.36288,0,60.3515,3.95115,55.9973,0.84672,12.849,0.84672,3695.15,0,36.966,0.354203,1.17036,1.92078,4.94372,0.962204,6.71846,0.42336,36.966,0.42336,423.524,0,1.02816,0,0,2.19852,1.17036,1.028160,1,0,62.7158,0,0,0,62.7158,0
41.5734,2.49014,0,0,6.02989,0.249659,0.36288,3.6288,38.7945,0.508296,0,0,0.661805,0.19089,0,0.66528,12.849,1,0.827916,0.36288,0,93.036,3.96334,88.6077,0.84672,12.849,0.84672,3695.15,0,36.966,0.42336,2.01955,1.92109,5.49442,1.04056,7.97114,0.42336,36.966,0.42336,423.524,0,1.02816,0,0,3.04771,2.01955,1.028160,1,0,96.5788,0,0,0,96.5788,0
43.9518,2.53507,0,0,5.53863,0.262269,0.36288,3.6288,38.8765,0.508609,0,0,0.789482,0.198871,0,0.66528,12.849,1,0.78351,0.36288,0,151.081,3.99945,146.661,0.84672,12.849,0.84672,3695.15,0,36.966,0.42336,2.06236,2.13596,8.20975,1.05062,10.9341,0.42336,36.966,0.42336,423.524,0,1.02816,0,0,3.09052,2.06236,1.028160,1,0,157.595,0,0,0,157.595,0
45.7363,2.56829,0,0,4.98172,0.266055,0.36288,3.6288,38.8044,0.508921,0,0,0.627223,0.190385,0,0.66528,12.849,1,0.750822,0.36288,0,97.7089,3.90938,93.4116,0.84672,12.849,0.84672,3695.15,0,36.966,0.42336,1.9002,2.1363,6.24755,1.01425,8.84644,0.42336,36.966,0.42336,423.524,0,1.02816,0,0,2.92836,1.9002,1.028160,1,0,102.258,0,0,0,102.258,0
48.0403,2.59157,0,0,5.50832,0.249834,0.36288,3.6288,38.818,0.509233,0,0,0.661287,0.138443,0,0.66528,12.849,1,0.728068,0.36288,0,96.5218,3.36893,92.7876,0.84672,12.849,0.84672,3695.15,0,36.966,0.42336,1.99608,2.13664,6.51416,0.796031,9.42749,0.42336,36.966,0.42336,423.524,0,1.02816,0,0,3.02424,1.99608,1.028160,1,0,102.215,0,0,0,102.215,0
50.4276,2.2875,0,0,5.29046,0.252819,0.36288,3.6288,39.2841,0.336026,0,0,0.955541,0.15344,0,0.66528,12.849,1,0.61182,0.36288,0,115.5,3.03885,112.212,0.84672,12.849,0.84672,3695.15,0,36.966,0.319995,2.61866,2.13698,7.29249,0.824599,10.9035,0.42336,36.966,0.42336,423.524,0,1.02816,0,0,3.64682,2.61866,1.028160,1,0,123.115,0,0,0,123.115,0
52.7307,2.55122,0,0,5.47513,0.257958,0.36288,3.6288,39.8618,0.428349,0,0,1.16626,0.160138,0,0.66528,12.849,1,0.650053,0.36288,0,118.385,2.90682,115.191,0.84672,12.849,0.84672,3695.15,0,36.966,0.403073,2.65371,1.84453,7.79456,0.836026,11.0537,0.42336,36.966,0.42336,423.524,0,1.02816,0,0,3.68187,2.65371,1.028160,1,0,126.245,0,0,0,126.245,0
57.0105,2.332,0,0,7.23887,0.264212,0.36288,3.6288,41.08,0.340653,0,0,1.71986,0.161014,0,0.66528,12.849,1,0.568243,0.36288,0,176.234,2.90682,173.121,0.84672,12.849,0.84672,3695.15,0,36.966,0.315905,4.68634,2.03663,11.8005,0.836026,17.3716,0.42336,36.966,0.42336,423.524,0,1.02816,0,0,5.7145,4.68634,1.028160,1,0,190.493,0,0,0,190.493,0
61.9703,2.36719,0,0,7.96798,0.27804,0.36288,3.6288,42.6031,0.345725,0,0,2.05785,0.189001,0,0.66528,12.849,1,0.533516,0.36288,0,182.674,3.77304,178.73,0.84672,12.849,0.84672,3695.15,0,36.966,0.311102,6.11505,1.84512,16.3363,0.969424,23.016,0.42336,36.966,0.42336,423.524,0,1.02816,0,0,7.14321,6.11505,1.028160,1,0,201.746,0,0,0,201.746,0
65.1542,2.65277,0,0,6.49032,0.29079,0.36288,3.6288,43.4294,0.445638,0,0,1.47468,0.202766,0,0.66528,12.849,1,0.550029,0.36288,0,189.728,4.42135,185.12,0.84672,12.849,0.84672,3695.15,0,36.966,0.386673,3.57654,1.84541,10.3501,1.07416,14.3112,0.42336,36.966,0.42336,423.524,0,1.02816,0,0,4.6047,3.57654,1.028160,1,0,199.431,0,0,0,199.431,0
72.29,2.51222,0,0,10.4907,0.2933,0.549377,3.6288,44.4576,0.391726,0,0,1.60192,0.182003,0,0.66528,12.849,1,0.495432,0.549377,0,236.129,4.41798,231.765,0.84672,12.849,0.84672,3695.15,0,36.966,0.333427,4.28324,2.0376,12.2019,1.08588,17.1035,0.42336,36.966,0.42336,423.524,0,1.02816,0,0,5.3114,4.28324,1.028160,1,0,248.869,0,0,0,248.869,0
72.29,2.76659,0,0,6.42731,0.310089,3.35063,3.6288,44.9172,0.475728,0,0,1.1191,0.18378,0,0.66528,12.849,1,0.491741,3.35063,0,135.337,4.41798,133.778,0.84672,12.849,0.84672,3695.15,0,36.966,0.395562,2.896,1.91824,8.63939,1.08588,11.9722,0.42336,36.966,0.42336,423.524,0,1.02816,0,0,3.92416,2.896,1.028160,1,0,145.75,0,0,0,145.75,0
72.29,2.55455,0,0,5.43353,0.310089,2.56889,3.6288,45.3332,0.398091,0,0,0.998651,0.184574,0,0.66528,12.849,1,0.454053,2.56889,0,108.701,4.41798,106.398,0.84672,12.849,0.84672,3695.15,0,36.966,0.327621,2.73218,2.07813,7.79668,1.08588,11.1935,0.42336,36.966,0.42336,423.524,0,1.02816,0,0,3.76034,2.73218,1.028160,1,0,117.591,0,0,0,117.591,0
72.29,2.55496,0,0,4.91602,0.30384,2.05722,3.6288,45.6765,0.399901,0,0,0.925313,0.182139,0,0.66528,12.849,1,0.454125,2.05722,0,92.5957,4.28029,89.9185,0.84672,12.849,0.84672,3695.15,0,36.966,0.326091,2.42036,1.91885,7.28912,1.08388,10.2184,0.42336,36.966,0.42336,423.524,0,1.02816,0,0,3.44852,2.42036,1.028160,1,0,100.137,0,0,0,100.137,0
72.29,2.52015,0,0,4.81099,0.309922,1.98092,3.6288,45.797,0.386848,0,0,0.670976,0.16359,0,0.66528,12.849,1,0.447937,1.98092,0,106.342,4.20882,103.666,0.84672,12.849,0.84672,3695.15,0,36.966,0.313077,1.79371,1.91916,6.61577,1.10202,8.91354,0.42336,36.966,0.42336,423.524,0,1.02816,0,0,2.82187,1.79371,1.028160,1,0,112.58,0,0,0,112.58,0
72.29,2.52055,0,0,4.57977,0.211609,1.84761,3.6288,45.7954,0.387457,0,0,0.590442,0.204572,0,0.66528,12.849,1,0.448009,1.84761,0,94.9692,4.61244,91.7563,0.84672,12.849,0.84672,3695.15,0,36.966,0.312744,1.96225,1.89134,6.40214,1.12612,8.81686,0.42336,36.966,0.42336,423.524,0,1.02816,0,0,2.99041,1.96225,1.028160,1,0,100.573,0,0,0,100.573,0
72.29,2.52095,0,0,4.24296,0.211609,1.5104,3.6288,45.833,0.387603,0,0,0.629737,0.204569,0,0.66528,12.849,1,0.44808,1.5104,0,88.179,4.61244,84.6289,0.84672,12.849,0.84672,3695.15,0,36.966,0.312873,1.86003,1.89164,5.34698,1.12612,7.65966,0.42336,36.966,0.42336,423.524,0,1.02816,0,0,2.88819,1.86003,1.028160,1,0,92.2885,0,0,0,92.2885,0
72.29,2.73107,0,0,4.41203,0.211609,1.46935,3.6288,45.7144,0.467499,0,0,0.553589,0.20464,0,0.66528,12.849,1,0.485427,1.46935,0,87.0713,4.61244,83.4428,0.84672,12.849,0.84672,3695.15,0,36.966,0.377056,1.70285,1.89194,5.02879,1.12612,7.1204,0.42336,36.966,0.42336,423.524,0,1.02816,0,0,2.73101,1.70285,1.028160,1,0,90.5632,0,0,0,90.5632,0
72.29,2.86108,0,0,3.9181,0.199823,0.857201,3.6288,45.452,0.523114,0,0,0.471127,0.21044,0,0.66528,12.849,1,0.508535,0.857201,0,73.0339,4.75623,68.6264,0.84672,12.849,0.84672,3695.15,0,36.966,0.423005,1.23578,2.04963,4.14974,1.07919,5.93296,0.42336,36.966,0.42336,423.524,0,1.02816,0,0,2.26394,1.23578,1.028160,1,0,74.5593,0,0,0,74.5593,0
72.2534,2.86153,0,0,3.35882,0.171002,0.36288,3.6288,45.1275,0.523073,0,0,0.418463,0.21989,0,0.66528,12.849,1,0.508616,0.36288,0,57.6764,4.96849,52.5622,0.84672,12.849,0.84672,3695.15,0,36.966,0.42336,0.838685,2.15679,3.65421,1.08836,5.13797,0.42336,36.966,0.42336,423.524,0,1.02816,0,0,1.86684,0.838685,1.028160,1,0,57.7001,0,0,0,57.7001,0
72.1651,2.86177,0,0,3.30733,0.170955,0.36288,3.6288,44.804,0.523387,0,0,0.419095,0.219225,0,0.66528,12.849,1,0.508916,0.36288,0,54.2343,4.96849,49.1198,0.84672,12.849,0.84672,3695.15,0,36.966,0.42336,0.876139,2.15714,3.49679,1.08836,5.01835,0.42336,36.966,0.42336,423.524,0,1.02816,0,0,1.9043,0.876139,1.028160,1,0,54.1381,0,0,0,54.1381,0
71.7168,2.8617,0,0,2.95696,0.180665,0.36288,3.6288,44.4671,0.523702,0,0,0.403097,0.216237,0,0.66528,12.849,1,0.509525,0.36288,0,51.4157,4.79927,46.4698,0.84672,12.849,0.84672,3695.15,0,36.966,0.42336,0.96101,2.15748,3.23142,1.09488,4.83167,0.42336,36.966,0.42336,423.524,0,1.02816,0,0,1.98917,0.96101,1.028160,1,0,51.3014,0,0,0,51.3014,0
70.9935,2.85945,0,0,2.6968,0.19782,0.36288,3.6288,44.09,0.524016,0,0,0.355699,0.2088,0,0.66528,12.849,1,0.512308,0.36288,0,44.7154,4.44873,40.1172,0.84672,12.849,0.84672,3695.15,0,36.966,0.42336,0.694526,2.15782,2.68847,1.13924,3.97822,0.42336,36.966,0.42336,423.524,0,1.02816,0,0,1.72269,0.694526,1.028160,1,0,44.0954,0,0,0,44.0954,0
69.8552,2.82991,0,0,2.21256,0.158048,0.36288,3.6288,43.3899,0.750482,0,0,0.263312,0.212952,0,0.66528,12.849,1,0.512181,0.36288,0,34.4777,4.69419,29.6343,0.84672,12.849,0.84672,3695.15,0,36.966,0.42336,0.30119,2.15817,1.7999,1.22836,2.60753,0.42336,36.966,0.42336,423.524,0,0.85771,0,0,1.1589,0.30119,1.028160,1,0,32.2418,0,0,0,32.2418,0
68.6473,2.82331,0,0,2.08047,0.102212,0.36288,3.6288,42.664,0.758832,0,0,0.262532,0.22963,0,0.66528,12.849,1,0.519313,0.36288,0,32.0773,4.85446,27.0664,0.84672,12.849,0.84672,3695.15,0,36.966,0.42336,0.261274,2.19589,1.78814,1.27597,2.54598,0.42336,36.966,0.42336,423.524,0,0.849684,0,0,1.11096,0.261274,1.028160,1,0,29.6124,0,0,0,29.6124,0
67.2979,2.81606,0,0,1.93078,0.101193,0.36288,3.6288,41.9595,0.737365,0,0,0.26097,0.228046,0,0.66528,12.849,1,0.527094,0.36288,0,29.4805,4.85446,24.4619,0.84672,12.849,0.84672,3695.15,0,36.966,0.42336,0.261274,2.19623,1.63875,1.27597,2.39693,0.42336,36.966,0.42336,423.524,0,0.871474,0,0,1.13275,0.261274,1.028160,1,0,26.8588,0,0,0,26.8588,0
65.8222,2.80764,0,0,1.79494,0.100127,0.36288,3.6288,41.2672,0.725817,0,0,0.260032,0.22651,0,0.66528,12.849,1,0.536054,0.36288,0,27.5221,4.85446,22.4945,0.84672,12.849,0.84672,3695.15,0,36.966,0.42336,0.261274,2.19658,1.59364,1.27597,2.35217,0.42336,36.966,0.42336,423.524,0,0.883345,0,0,1.14462,0.261274,1.028160,1,0,24.8466,0,0,0,24.8466,0
64.0757,2.86333,0,0,1.57841,0.0987039,0.36288,3.6288,40.3609,0.852728,0,0,0.220243,0.273892,0,0.66528,12.849,1,0.558943,0.36288,0,25.6242,5.69119,19.7369,0.84672,12.849,0.84672,3695.15,0,36.966,0.42336,0.261274,2.19693,1.32029,1.46891,1.88623,0.42336,36.966,0.42336,423.524,0,0.806432,0,0,1.06771,0.261274,1.028160,1,0,21.6231,0,0,0,21.6231,0
62.1814,2.85109,0,0,1.41695,0.097286,0.36288,3.6288,39.2603,1.02138,0,0,0.200393,0.279563,0,0.66528,12.849,1,0.571724,0.36288,0,24.3314,5.83065,18.2919,0.84672,12.849,0.84672,3695.15,0,36.966,0.42336,0.261274,2.25029,1.12912,1.50107,1.71625,0.42336,36.966,0.42336,423.524,0,0.638107,0,0,0.899381,0.261274,1.028160,1,0,20.0081,0,0,0,20.0081,0
60.3918,2.83711,0,0,1.4971,0.0867442,0.36288,3.6288,38.4014,0.807961,0,0,0.230048,0.280985,0,0.66528,12.849,1,0.586252,0.36288,0,23.8632,5.9802,17.6597,0.84672,12.849,0.84672,3695.15,0,36.966,0.42336,0.227405,2.25065,1.49368,1.53095,2.01742,0.42336,36.966,0.42336,423.524,0,0.851861,0,0,1.07927,0.227405,1.028160,1,0,19.6771,0,0,0,19.6771,0
58.6333,2.82323,0,0,1.51009,0.0825019,0.36288,3.6288,37.5983,0.781742,0,0,0.225386,0.246719,0,0.66528,12.849,1,0.600673,0.36288,0,23.2783,5.98939,17.0511,0.84672,12.849,0.84672,3695.15,0,36.966,0.42336,0.227405,2.251,1.46109,1.56291,1.95323,0.42336,36.966,0.42336,423.524,0,0.878412,0,0,1.10582,0.227405,1.028160,1,0,19.0044,0,0,0,19.0044,0
56.6536,2.9965,0,0,1.45888,0.079211,0.36288,3.6288,36.9172,0.669557,0,0,0.24805,0.259622,0,0.66528,12.849,1,0.656657,0.36288,0,22.6017,6.23863,16.0693,0.84672,12.849,0.84672,3695.15,0,36.966,0.42336,0.227405,2.25136,1.42879,1.54504,1.93916,0.42336,36.966,0.42336,423.524,0,1.02388,0,0,1.25129,0.227405,1.028160,1,0,18.0085,0,0,0,18.0085,0
54.0393,2.97827,0,0,0.807805,0.0809174,0.36288,3.6288,35.786,1.02311,0,0,0.166623,0.27469,0,0.66528,12.849,1,0.675469,0.36288,0,14.8483,6.47125,8.06443,0.84672,12.849,0.84672,3695.15,0,36.966,0.42336,0.227405,2.32004,1.13799,1.50129,1.76078,0.42336,36.966,0.42336,423.524,0,0.670334,0,0,0.897739,0.227405,1.028160,1,0,9.82521,0,0,0,9.82521,0
51.5054,2.95233,0,0,0.860095,0.0788275,0.36288,3.6288,34.6656,1.014,0,0,0.16526,0.271682,0,0.66528,12.849,1,0.701981,0.36288,0,13.8705,6.47125,7.06013,0.84672,12.849,0.84672,3695.15,0,36.966,0.42336,0.204422,2.32015,1.19938,1.50129,1.79931,0.42336,36.966,0.42336,423.524,0,0.679441,0,0,0.883863,0.204422,1.028160,1,0,8.85943,0,0,0,8.85943,0
49.423,2.92516,0,0,1.29095,0.0852802,0.36288,3.6288,33.7561,0.839341,0,0,0.196777,0.266983,0,0.66528,12.849,1,0.729737,0.36288,0,20.4821,6.41188,13.7033,0.84672,12.849,0.84672,3695.15,0,36.966,0.42336,0.204422,2.32026,1.2746,1.49401,1.88191,0.42336,36.966,0.42336,423.524,0,0.854099,0,0,1.05852,0.204422,1.028160,1,0,15.5852,0,0,0,15.5852,0
47.948,2.90122,0,0,1.8891,0.0999568,0.36288,3.6288,32.96,0.796245,0,0,0.255008,0.254866,0,0.66528,12.849,1,0.75426,0.36288,0,25.9843,6.18834,19.4046,0.84672,12.849,0.84672,3695.15,0,36.966,0.42336,0.204422,2.32037,1.55812,1.43042,2.22913,0.42336,36.966,0.42336,423.524,0,0.897195,0,0,1.10162,0.204422,1.028160,1,0,21.6337,0,0,0,21.6337,0
46.7686,2.7954,0,0,2.09386,0.114959,0.36288,3.6288,32.209,0.781246,0,0,0.26601,0.235732,0,0.66528,12.849,1,0.749106,0.36288,0,27.5095,4.93563,22.1876,0.84672,12.849,0.84672,3695.15,0,36.966,0.42336,0.204422,2.32048,2.1187,1.16897,3.05127,0.42336,36.966,0.42336,423.524,0,0.912194,0,0,1.11662,0.204422,1.028160,1,0,25.2389,0,0,0,25.2389,0
45.252,2.78103,0,0,1.74076,0.113479,0.36288,3.6288,31.6856,0.66528,0,0,0.375713,0.23382,0,0.66528,12.849,1,0.764046,0.36288,0,25.412,4.93563,20.0752,0.84672,12.849,0.84672,3695.15,0,36.966,0.42336,0.939825,2.29968,2.40223,1.16897,4.04941,0.42336,36.966,0.42336,423.524,0,1.02816,0,0,1.96798,0.939825,1.028160,1,0,24.1246,0,0,0,24.1246,0
43.1623,3.09126,0,0,1.47604,0.111576,0.36288,3.6288,31.1707,0.486433,0,0,0.203981,0.232487,0,0.66528,12.849,1,0.877741,0.36288,0,25.3763,4.93563,19.9258,0.84672,12.849,0.84672,3695.15,0,36.966,0.42336,0.216518,2.29979,1.77682,1.16897,2.7008,0.42336,36.966,0.42336,423.524,0,0.823608,0,0,1.04013,0.216518,1.028160,1,0,22.6266,0,0,0,22.6266,0
41.6631,2.7327,0,0,1.73511,0.138783,0.36288,3.6288,30.3266,0.843532,0,0,0.207241,0.207774,0,0.66528,12.849,1,0.813498,0.36288,0,25.5615,4.52037,20.5905,0.84672,12.849,0.84672,3695.15,0,36.966,0.42336,0.216518,2.08302,1.85556,1.03917,2.69256,0.42336,36.966,0.42336,423.524,0,0.849908,0,0,1.06643,0.216518,1.028160,1,0,23.2831,0,0,0,23.2831,0
40.1785,2.9643,0,0,2.02582,0.183231,0.36288,3.6288,30.2005,0.273403,0,0,0.337493,0.190193,0,0.66528,12.849,1,0.914199,0.36288,0,30.7517,4.6226,25.5777,0.84672,12.849,0.84672,3695.15,0,36.966,0.33326,0.314358,2.3,1.79506,1.04944,3.02671,0.42336,36.966,0.42336,423.524,0,1.02816,0,0,1.34252,0.314358,1.028160,1,0,28.6045,0,0,0,28.6045,0
38.6386,2.93913,0,0,1.93171,0.16965,0.36288,3.6288,30.071,0.272925,0,0,0.350293,0.206827,0,0.66528,12.849,1,0.939927,0.36288,0,31.7738,5.07874,26.118,0.84672,12.849,0.84672,3695.15,0,36.966,0.334066,0.422176,1.9899,2.4083,1.18334,3.30296,0.42336,36.966,0.42336,423.524,0,1.02816,0,0,1.45034,0.422176,1.028160,1,0,29.4209,0,0,0,29.4209,0
37.9523,2.91143,0,0,2.77821,0.190146,0.36288,3.6288,30.0565,0.272427,0,0,0.457039,0.199141,0,0.66528,12.849,1,0.968176,0.36288,0,47.6699,4.79278,42.2718,0.84672,12.849,0.84672,3695.15,0,36.966,0.334891,0.712377,1.99025,2.29384,1.14181,3.51976,0.42336,36.966,0.42336,423.524,0,1.02816,0,0,1.74054,0.712377,1.028160,1,0,45.7916,0,0,0,45.7916,0
40.2182,2.89876,0,0,5.73362,0.206123,0.36288,3.6288,30.3728,0.272501,0,0,0.782338,0.193569,0,0.66528,12.849,1,0.981394,0.36288,0,52.6338,4.57832,47.4369,0.84672,12.849,0.84672,3695.15,0,36.966,0.335144,1.42598,1.99061,3.86674,1.11066,5.83752,0.42336,36.966,0.42336,423.524,0,1.02816,0,0,2.45414,1.42598,1.028160,1,0,53.2744,0,0,0,53.2744,0
41.5146,2.46941,0,0,4.3516,0.222904,0.36288,3.6288,30.3525,0.436669,0,0,0.599519,0.18317,0,0.66528,12.849,1,0.788932,0.36288,0,64.5678,4.5461,59.5956,0.84672,12.849,0.84672,3695.15,0,36.966,0.42336,1.31338,1.99096,2.84823,1.12743,4.60178,0.42336,36.966,0.42336,423.524,0,1.02816,0,0,2.34154,1.31338,1.028160,1,0,64.1974,0,0,0,64.1974,0
43.8217,2.48862,0,0,5.40018,0.241604,0.36288,3.6288,30.5061,0.436969,0,0,0.758964,0.168355,0,0.66528,12.849,1,0.770241,0.36288,0,87.2579,4.50314,82.3475,0.84672,12.849,0.84672,3695.15,0,36.966,0.42336,1.40213,2.06943,3.46573,1.14979,5.36415,0.42336,36.966,0.42336,423.524,0,1.02816,0,0,2.43029,1.40213,1.028160,1,0,87.7116,0,0,0,87.7116,0
48.1813,2.52037,0,0,7.49102,0.248149,0.36288,3.6288,30.7454,0.43727,0,0,0.845256,0.168643,0,0.66528,12.849,1,0.739001,0.36288,0,90.9723,4.50314,86.093,0.84672,12.849,0.84672,3695.15,0,36.966,0.42336,1.45243,2.06976,4.24927,1.14979,6.1983,0.42336,36.966,0.42336,423.524,0,1.02816,0,0,2.48059,1.45243,1.028160,1,0,92.2913,0,0,0,92.2913,0
53.0546,2.57357,0,0,8.05709,0.247347,0.36288,3.6288,32.5606,0.43757,0,0,2.41227,0.159564,0,0.66528,12.849,1,0.686321,0.36288,0,152.493,4.07438,148.095,0.84672,12.849,0.84672,3695.15,0,36.966,0.42336,3.50895,2.07009,6.19684,1.09622,10.2563,0.42336,36.966,0.42336,423.524,0,1.02816,0,0,4.53711,3.50895,1.028160,1,0,158.351,0,0,0,158.351,0
56.7043,2.62474,0,0,6.88732,0.249982,0.36288,3.6288,33.2754,0.43787,0,0,1.30817,0.155481,0,0.66528,12.849,1,0.635671,0.36288,0,77.9363,3.75281,73.9107,0.84672,12.849,0.84672,3695.15,0,36.966,0.42336,2.11362,2.07041,4.49296,1.05605,7.19759,0.42336,36.966,0.42336,423.524,0,1.02816,0,0,3.14178,2.11362,1.028160,1,0,81.1082,0,0,0,81.1082,0
58.3527,3.03529,0,0,5.28992,0.243306,0.36288,3.6288,33.71,0.219107,0,0,0.831363,0.177622,0,0.66528,12.849,1,0.687787,0.36288,0,148.822,4.31351,144.184,0.84672,12.849,0.84672,3695.15,0,36.966,0.243408,1.77695,2.07074,6.30494,1.15378,8.75544,0.42336,36.966,0.42336,423.524,0,1.02816,0,0,2.80511,1.77695,1.028160,1,0,152.939,0,0,0,152.939,0
64.9559,3.05162,0,0,10.265,0.247266,0.36288,3.6288,35.3332,0.220739,0,0,2.02231,0.178453,0,0.66528,12.849,1,0.671952,0.36288,0,207.84,4.31351,203.217,0.84672,12.849,0.84672,3695.15,0,36.966,0.24206,4.37366,1.8494,10.6194,1.15378,15.4466,0.42336,36.966,0.42336,423.524,0,1.02816,0,0,5.40182,4.37366,1.028160,1,0,218.664,0,0,0,218.664,0
67.6195,3.10905,0,0,6.39724,0.261739,0.36288,3.6288,36.3234,0.226313,0,0,1.39797,0.18136,0,0.66528,12.849,1,0.615005,0.36288,0,169.593,4.31351,165.027,0.84672,12.849,0.84672,3695.15,0,36.966,0.236771,2.02927,1.84971,5.62925,1.15378,8.11768,0.42336,36.966,0.42336,423.524,0,1.02816,0,0,3.05743,2.02927,1.028160,1,0,173.145,0,0,0,173.145,0
70.2389,3.12982,0,0,6.384,0.27186,0.36288,3.6288,37.604,0.229653,0,0,1.67645,0.166292,0,0.66528,12.849,1,0.594726,0.36288,0,180.408,4.09411,176.082,0.84672,12.849,0.84672,3695.15,0,36.966,0.233716,3.02785,1.85002,6.59177,1.03823,10.1977,0.42336,36.966,0.42336,423.524,0,1.02816,0,0,4.05601,3.02785,1.028160,1,0,186.28,0,0,0,186.28,0
72.29,3.42122,0,0,6.73022,0.303937,0.953981,3.6288,38.4127,0.347365,0,0,1.32393,0.167837,0,0.66528,12.849,1,0.625854,0.953981,0,173.232,4.12533,169.435,0.84672,12.849,0.84672,3695.15,0,36.966,0.341472,1.93444,1.85034,5.60396,1.04221,8.00505,0.42336,36.966,0.42336,423.524,0,1.02816,0,0,2.9626,1.93444,1.028160,1,0,177.44,0,0,0,177.44,0
72.29,3.43676,0,0,6.0498,0.276362,2.33668,3.6288,39.1416,0.35119,0,0,1.28551,0.205408,0,0.66528,12.849,1,0.610858,2.33668,0,195.119,4.35533,192.489,0.84672,12.849,0.84672,3695.15,0,36.966,0.337964,1.90279,2.08497,5.44356,1.17204,7.92132,0.42336,36.966,0.42336,423.524,0,1.02816,0,0,2.93095,1.90279,1.028160,1,0,200.411,0,0,0,200.411,0
72.29,3.43722,0,0,5.49044,0.281521,1.77171,3.6288,39.9143,0.354591,0,0,1.32005,0.192767,0,0.66528,12.849,1,0.610939,1.77171,0,171.167,4.15485,168.173,0.84672,12.849,0.84672,3695.15,0,36.966,0.334882,1.93013,2.08532,5.58799,1.09469,8.17387,0.42336,36.966,0.42336,423.524,0,1.02816,0,0,2.95829,1.93013,1.028160,1,0,176.347,0,0,0,176.347,0
72.29,3.43767,0,0,5.67074,0.281521,1.95155,3.6288,40.8791,0.358122,0,0,1.51707,0.194178,0,0.66528,12.849,1,0.61102,1.95155,0,191.047,4.15485,188.232,0.84672,12.849,0.84672,3695.15,0,36.966,0.331669,2.1681,2.08567,5.69805,1.09469,8.52545,0.42336,36.966,0.42336,423.524,0,1.02816,0,0,3.19626,2.1681,1.028160,1,0,196.758,0,0,0,196.758,0
72.29,2.74003,0,0,5.57778,0.306568,2.53118,3.6288,41.3335,0.444472,0,0,1.08196,0.183075,0,0.66528,12.849,1,0.48702,2.53118,0,132.838,3.75501,131.127,0.84672,12.849,0.84672,3695.15,0,36.966,0.401926,2.12085,2.08601,5.07234,0.999916,7.87736,0.42336,36.966,0.42336,423.524,0,1.02816,0,0,3.14901,2.12085,1.028160,1,0,139.005,0,0,0,139.005,0
72.29,2.74044,0,0,5.06549,0.325353,1.9997,3.6288,41.4669,0.446952,0,0,0.754562,0.174145,0,0.66528,12.849,1,0.487092,1.9997,0,105.547,3.45513,103.605,0.84672,12.849,0.84672,3695.15,0,36.966,0.399725,1.68263,2.05303,3.76674,0.928839,6.17384,0.42336,36.966,0.42336,423.524,0,1.02816,0,0,2.71079,1.68263,1.028160,1,0,109.778,0,0,0,109.778,0
72.29,2.74085,0,0,4.43544,0.325353,1.36924,3.6288,41.6851,0.447779,0,0,0.840316,0.17437,0,0.66528,12.849,1,0.487165,1.36924,0,97.0721,3.45513,94.4991,0.84672,12.849,0.84672,3695.15,0,36.966,0.399176,1.56843,2.05334,3.33811,0.928839,5.63186,0.42336,36.966,0.42336,423.524,0,1.02816,0,0,2.59659,1.56843,1.028160,1,0,100.131,0,0,0,100.131,0
72.29,2.74125,0,0,8.06492,0.323987,4.99968,3.6288,42.3346,0.449034,0,0,1.26341,0.164919,0,0.66528,12.849,1,0.487237,4.99968,0,207.106,3.27582,208.343,0.84672,12.849,0.84672,3695.15,0,36.966,0.3982,3.74293,2.05364,6.26957,0.898129,10.7698,0.42336,36.966,0.42336,423.524,0,1.02816,0,0,4.77109,3.74293,1.028160,1,0,219.112,0,0,0,219.112,0
72.29,2.48346,0,0,7.45136,0.317435,4.65047,3.6288,42.9851,0.358141,0,0,1.15206,0.143385,0,0.66528,12.849,1,0.441415,4.65047,0,180.624,2.82461,182.008,0.84672,12.849,0.84672,3695.15,0,36.966,0.312724,3.18653,2.05395,5.42065,0.829125,9.51928,0.42336,36.966,0.42336,423.524,0,1.02816,0,0,4.21469,3.18653,1.028160,1,0,191.527,0,0,0,191.527,0
72.29,2.57458,0,0,6.65176,0.298613,3.77857,3.6288,44.1823,0.397565,0,0,1.75194,0.157154,0,0.66528,12.849,1,0.457612,3.77857,0,101.074,2.80696,101.588,0.84672,12.849,0.84672,3695.15,0,36.966,0.341895,2.6845,1.86079,4.05511,0.875749,7.38275,0.42336,36.966,0.42336,423.524,0,1.02816,0,0,3.71266,2.6845,1.028160,1,0,108.971,0,0,0,108.971,0
72.29,2.57496,0,0,5.83527,0.298613,2.9617,3.6288,46.3038,0.402752,0,0,2.68318,0.158948,0,0.66528,12.849,1,0.45768,2.9617,0,111.231,2.80696,110.928,0.84672,12.849,0.84672,3695.15,0,36.966,0.336971,4.08664,1.9339,5.53786,0.875749,10.3457,0.42336,36.966,0.42336,423.524,0,1.02816,0,0,5.1148,4.08664,1.028160,1,0,121.274,0,0,0,121.274,0
72.29,2.57534,0,0,4.7007,0.298613,1.82674,3.6288,48.0676,0.411483,0,0,2.3374,0.162127,0,0.66528,12.849,1,0.457748,1.82674,0,134.146,2.80696,132.708,0.84672,12.849,0.84672,3695.15,0,36.966,0.328502,4.77979,1.93418,4.45409,0.875749,9.96381,0.42336,36.966,0.42336,423.524,0,1.02816,0,0,5.80795,4.77979,1.028160,1,0,142.672,0,0,0,142.672,0
72.29,2.57573,0,0,3.57593,0.284158,0.716049,3.6288,49.1357,0.418446,0,0,1.61525,0.128691,0,0.66528,12.849,1,0.457816,0.716049,0,96.2496,1.72779,94.78,0.84672,12.849,0.84672,3695.15,0,36.966,0.321802,3.08623,1.93447,3.34061,0.72478,7.31473,0.42336,36.966,0.42336,423.524,0,1.02816,0,0,4.11439,3.08623,1.028160,1,0,102.095,0,0,0,102.095,0
72.29,2.5406,0,0,3.38678,0.269102,0.577072,3.6288,49.6634,0.407431,0,0,1.08508,0.149915,0,0.66528,12.849,1,0.451573,0.577072,0,68.0328,3.07773,65.0806,0.84672,12.849,0.84672,3695.15,0,36.966,0.30652,1.58884,1.93476,3.1232,0.848974,5.4913,0.42336,36.966,0.42336,423.524,0,1.02816,0,0,2.617,1.58884,1.028160,1,0,70.5719,0,0,0,70.5719,0
72.29,2.54098,0,0,3.36306,0.241413,0.580667,3.6288,50.0648,0.409446,0,0,0.96481,0.154004,0,0.66528,12.849,1,0.45164,0.580667,0,63.0246,3.19907,59.9545,0.84672,12.849,0.84672,3695.15,0,36.966,0.304763,1.58433,1.90669,2.58043,0.887746,4.87894,0.42336,36.966,0.42336,423.524,0,1.02816,0,0,2.61249,1.58433,1.028160,1,0,64.8335,0,0,0,64.8335,0
72.0833,2.54136,0,0,2.9024,0.204843,0.36288,3.6288,50.4236,0.411,0,0,0.960771,0.19099,0,0.66528,12.849,1,0.451707,0.36288,0,50.8969,3.7087,47.0994,0.84672,12.849,0.84672,3695.15,0,36.966,0.303468,1.3674,1.90697,2.31079,1.03032,4.25138,0.42336,36.966,0.42336,423.524,0,1.02816,0,0,2.39556,1.3674,1.028160,1,0,51.3508,0,0,0,51.3508,0
71.76,2.54063,0,0,2.78469,0.204521,0.36288,3.6288,50.7693,0.412396,0,0,0.949709,0.191551,0,0.66528,12.849,1,0.452873,0.36288,0,57.1494,3.7087,53.3507,0.84672,12.849,0.84672,3695.15,0,36.966,0.302331,1.54052,1.90725,2.32372,1.03032,4.43884,0.42336,36.966,0.42336,423.524,0,1.02816,0,0,2.56868,1.54052,1.028160,1,0,57.7895,0,0,0,57.7895,0
71.4521,2.65974,0,0,2.89784,0.183074,0.36288,3.6288,50.9854,0.468272,0,0,0.871876,0.187528,0,0.66528,12.849,1,0.47624,0.36288,0,54.5595,3.58694,50.8592,0.84672,12.849,0.84672,3695.15,0,36.966,0.340957,1.22059,1.90754,2.24465,0.996027,4.03579,0.42336,36.966,0.42336,423.524,0,1.02816,0,0,2.24875,1.22059,1.028160,1,0,54.895,0,0,0,54.895,0
71.2094,2.65839,0,0,2.93331,0.154784,0.36288,3.6288,51.0712,0.469268,0,0,0.736776,0.181762,0,0.66528,12.849,1,0.47805,0.36288,0,52.7817,3.42457,49.2419,0.84672,12.849,0.84672,3695.15,0,36.966,0.340234,0.858946,2.00725,2.07541,0.950304,3.65107,0.42336,36.966,0.42336,423.524,0,1.02816,0,0,1.88711,0.858946,1.028160,1,0,52.893,0,0,0,52.893,0
70.346,2.87844,0,0,2.53242,0.154497,0.36288,3.6288,50.9807,0.55844,0,0,0.649887,0.181889,0,0.66528,12.849,1,0.519385,0.36288,0,48.5037,3.42457,44.9226,0.84672,12.849,0.84672,3695.15,0,36.966,0.404207,0.728326,2.00755,1.96296,0.950304,3.34433,0.42336,36.966,0.42336,423.524,0,1.02816,0,0,1.75649,0.728326,1.028160,1,0,48.2669,0,0,0,48.2669,0
69.2368,2.87347,0,0,2.28065,0.153476,0.36288,3.6288,50.7939,0.558196,0,0,0.553174,0.181755,0,0.66528,12.849,1,0.524853,0.36288,0,45.4309,3.42457,41.8444,0.84672,12.849,0.84672,3695.15,0,36.966,0.404746,0.550852,2.17485,1.90131,0.950304,3.27197,0.42336,36.966,0.42336,423.524,0,1.02816,0,0,1.57901,0.550852,1.028160,1,0,45.1164,0,0,0,45.1164,0
68.0694,2.86681,0,0,2.19296,0.130713,0.36288,3.6288,50.613,0.557505,0,0,0.58517,0.208565,0,0.66528,12.849,1,0.532024,0.36288,0,41.6409,3.98063,37.4911,0.84672,12.849,0.84672,3695.15,0,36.966,0.405732,0.653279,2.17517,1.96507,1.08083,3.30696,0.42336,36.966,0.42336,423.524,0,1.02816,0,0,1.68144,0.653279,1.028160,1,0,40.7981,0,0,0,40.7981,0
67.3218,2.83395,0,0,2.54777,0.0985416,0.36288,3.6288,50.4366,0.596321,0,0,0.694174,0.274244,0,0.66528,12.849,1,0.534945,0.36288,0,38.6598,5.26281,33.2249,0.84672,12.849,0.84672,3695.15,0,36.966,0.42336,0.636535,2.17549,2.4808,1.30343,3.56603,0.42336,36.966,0.42336,423.524,0,1.02816,0,0,1.66469,0.636535,1.028160,1,0,36.7909,0,0,0,36.7909,0
66.2952,2.82938,0,0,2.26363,0.0979642,0.36288,3.6288,50.1749,0.596625,0,0,0.608778,0.27385,0,0.66528,12.849,1,0.540014,0.36288,0,52.3105,5.26281,46.8706,0.84672,12.849,0.84672,3695.15,0,36.966,0.42336,0.576228,2.21349,2.83131,1.30343,3.89424,0.42336,36.966,0.42336,423.524,0,1.02816,0,0,1.60439,0.576228,1.028160,1,0,50.7648,0,0,0,50.7648,0
65.0729,2.82279,0,0,2.0606,0.0971712,0.36288,3.6288,49.8808,0.596929,0,0,0.576036,0.273265,0,0.66528,12.849,1,0.547099,0.36288,0,47.0733,5.26281,41.6263,0.84672,12.849,0.84672,3695.15,0,36.966,0.42336,0.487832,2.21382,2.6478,1.30343,3.62265,0.42336,36.966,0.42336,423.524,0,1.02816,0,0,1.51599,0.487832,1.028160,1,0,45.2489,0,0,0,45.2489,0
63.7113,2.81463,0,0,1.91211,0.0962271,0.36288,3.6288,49.5429,0.597233,0,0,0.531977,0.272607,0,0.66528,12.849,1,0.555763,0.36288,0,44.5521,5.26281,39.0964,0.84672,12.849,0.84672,3695.15,0,36.966,0.42336,0.41218,2.21415,2.53234,1.30343,3.43188,0.42336,36.966,0.42336,423.524,0,1.02816,0,0,1.44034,0.41218,1.028160,1,0,42.5283,0,0,0,42.5283,0
62.2344,2.87063,0,0,1.82514,0.0684936,0.36288,3.6288,49.1776,0.647606,0,0,0.580136,0.297887,0,0.66528,12.849,1,0.578935,0.36288,0,35.6116,5.91213,29.4834,0.84672,12.849,0.84672,3695.15,0,36.966,0.42336,0.269343,2.21448,2.08823,1.49264,2.65606,0.42336,36.966,0.42336,423.524,0,1.02816,0,0,1.2975,0.269343,1.028160,1,0,32.1394,0,0,0,32.1394,0
60.7146,2.85966,0,0,1.77221,0.069502,0.36288,3.6288,48.7779,0.647918,0,0,0.535668,0.287408,0,0.66528,12.849,1,0.590409,0.36288,0,42.154,5.86782,36.0586,0.84672,12.849,0.84672,3695.15,0,36.966,0.42336,0.377231,2.26823,2.1064,1.46542,2.86308,0.42336,36.966,0.42336,423.524,0,1.02816,0,0,1.40539,0.377231,1.028160,1,0,38.9217,0,0,0,38.9217,0
59.0946,2.84789,0,0,1.65942,0.0686343,0.36288,3.6288,48.3414,0.648229,0,0,0.498156,0.28646,0,0.66528,12.849,1,0.602697,0.36288,0,33.8456,5.86782,27.738,0.84672,12.849,0.84672,3695.15,0,36.966,0.42336,0.351164,2.26857,1.89875,1.46542,2.6297,0.42336,36.966,0.42336,423.524,0,1.02816,0,0,1.37932,0.351164,1.028160,1,0,30.3677,0,0,0,30.3677,0
57.3402,2.83474,0,0,1.51085,0.0676106,0.36288,3.6288,47.7919,0.737032,0,0,0.472931,0.285425,0,0.66528,12.849,1,0.616359,0.36288,0,30.8458,5.86782,24.7245,0.84672,12.849,0.84672,3695.15,0,36.966,0.42336,0.227405,2.26891,1.77111,1.46542,2.37864,0.42336,36.966,0.42336,423.524,0,0.939669,0,0,1.16707,0.227405,1.028160,1,0,27.1032,0,0,0,27.1032,0
55.7913,3.00807,0,0,1.8757,0.053665,0.36288,3.6288,47.4155,0.66528,0,0,0.577565,0.288684,0,0.66528,12.849,1,0.674058,0.36288,0,33.1413,5.8521,26.978,0.84672,12.849,0.84672,3695.15,0,36.966,0.42336,0.602986,2.26924,2.77002,1.48538,3.73351,0.42336,36.966,0.42336,423.524,0,1.02816,0,0,1.63115,0.602986,1.028160,1,0,30.7115,0,0,0,30.7115,0
54.2426,2.9933,0,0,1.85302,0.0455985,0.36288,3.6288,46.8027,0.781747,0,0,0.441869,0.27283,0,0.66528,12.849,1,0.689371,0.36288,0,32.3523,5.37278,26.653,0.84672,12.849,0.84672,3695.15,0,36.966,0.42336,0.227405,2.32547,2.13678,1.45812,2.80818,0.42336,36.966,0.42336,423.524,0,0.911693,0,0,1.1391,0.227405,1.028160,1,0,29.4612,0,0,0,29.4612,0
52.914,2.97783,0,0,2.0548,0.0426975,0.36288,3.6288,46.3976,0.66528,0,0,0.527633,0.267481,0,0.66528,12.849,1,0.705389,0.36288,0,38.7871,5.40614,33.0385,0.84672,12.849,0.84672,3695.15,0,36.966,0.42336,0.377335,2.32557,2.13758,1.46909,2.94804,0.42336,36.966,0.42336,423.524,0,1.02816,0,0,1.40549,0.377335,1.028160,1,0,35.9865,0,0,0,35.9865,0
51.1742,2.96402,0,0,1.62924,0.0421234,0.36288,3.6288,45.6849,0.842279,0,0,0.396032,0.266497,0,0.66528,12.849,1,0.719747,0.36288,0,42.5899,5.40614,36.8269,0.84672,12.849,0.84672,3695.15,0,36.966,0.42336,0.204422,2.32567,1.71632,1.46909,2.35397,0.42336,36.966,0.42336,423.524,0,0.851161,0,0,1.05558,0.204422,1.028160,1,0,39.1809,0,0,0,39.1809,0
49.8053,2.9449,0,0,1.98026,0.0413716,0.36288,3.6288,45.3916,0.66528,0,0,0.63672,0.264743,0,0.66528,12.849,1,0.739415,0.36288,0,37.1254,5.40614,31.3427,0.84672,12.849,0.84672,3695.15,0,36.966,0.42336,0.721958,2.32578,2.473,1.46909,3.62828,0.42336,36.966,0.42336,423.524,0,1.02816,0,0,1.75012,0.721958,1.028160,1,0,34.971,0,0,0,34.971,0
48.3015,2.8398,0,0,1.7228,0.0239541,0.36288,3.6288,44.8135,0.773349,0,0,0.457659,0.262418,0,0.66528,12.849,1,0.732625,0.36288,0,34.9459,5.89438,28.6818,0.84672,12.849,0.84672,3695.15,0,36.966,0.42336,0.204422,2.32588,2.05353,1.45276,2.70771,0.42336,36.966,0.42336,423.524,0,0.920091,0,0,1.12451,0.204422,1.028160,1,0,31.3895,0,0,0,31.3895,0
48.5264,2.8222,0,0,3.43364,0.0235694,0.36288,3.6288,44.6458,0.66528,0,0,0.758663,0.261005,0,0.66528,12.849,1,0.750754,0.36288,0,37.5328,5.89438,31.2505,0.84672,12.849,0.84672,3695.15,0,36.966,0.42336,1.15171,2.30491,3.35921,1.45276,4.93971,0.42336,36.966,0.42336,423.524,0,1.02816,0,0,2.17987,1.15171,1.028160,1,0,36.1902,0,0,0,36.1902,0
46.8577,2.82538,0,0,1.54309,0.023627,0.36288,3.6288,44.1068,0.722416,0,0,0.443968,0.260595,0,0.66528,12.849,1,0.748113,0.36288,0,32.2316,5.89438,25.952,0.84672,12.849,0.84672,3695.15,0,36.966,0.42336,0.216518,2.30501,1.81594,1.45276,2.46135,0.42336,36.966,0.42336,423.524,0,0.971024,0,0,1.18754,0.216518,1.028160,1,0,28.4133,0,0,0,28.4133,0
45.4129,2.80488,0,0,1.74623,0.0231992,0.36288,3.6288,43.5758,0.792115,0,0,0.520427,0.259276,0,0.66528,12.849,1,0.769136,0.36288,0,25.8739,5.89438,19.5733,0.84672,12.849,0.84672,3695.15,0,36.966,0.42336,0.216518,2.30511,2.02211,1.45276,2.66762,0.42336,36.966,0.42336,423.524,0,0.901325,0,0,1.11784,0.216518,1.028160,1,0,22.2409,0,0,0,22.2409,0
47.8537,3.04424,0,0,5.9676,0.119693,0.36288,3.6288,43.7285,0.336948,0,0,0.733396,0.243784,0,0.66528,12.849,1,0.861328,0.36288,0,54.8362,4.70715,49.6306,0.84672,12.849,0.84672,3695.15,0,36.966,0.285837,1.15293,2.30521,4.95591,1.2047,6.92351,0.42336,36.966,0.42336,423.524,0,1.02816,0,0,2.18109,1.15293,1.028160,1,0,56.5541,0,0,0,56.5541,0
48.9854,2.74553,0,0,4.35328,0.113152,0.36288,3.6288,43.4191,0.623093,0,0,0.54249,0.228767,0,0.66528,12.849,1,0.737192,0.36288,0,47.8319,4.4624,42.9952,0.84672,12.849,0.84672,3695.15,0,36.966,0.42336,1.17515,2.00742,2.94667,1.15066,4.55523,0.42336,36.966,0.42336,423.524,0,1.02816,0,0,2.20331,1.17515,1.028160,1,0,47.5504,0,0,0,47.5504,0
48.2935,2.75943,0,0,2.54493,0.114551,0.36288,3.6288,42.9218,0.6234,0,0,0.354146,0.228097,0,0.66528,12.849,1,0.723806,0.36288,0,23.6849,4.4624,18.8616,0.84672,12.849,0.84672,3695.15,0,36.966,0.42336,0.458629,2.25551,2.09519,1.15066,3.23531,0.42336,36.966,0.42336,423.524,0,1.02816,0,0,1.48679,0.458629,1.028160,1,0,22.0969,0,0,0,22.0969,0
48.6998,3.08604,0,0,3.96897,0.113696,0.36288,3.6288,42.8848,0.335103,0,0,0.525106,0.22702,0,0.66528,12.849,1,0.821075,0.36288,0,40.366,4.4624,35.4454,0.84672,12.849,0.84672,3695.15,0,36.966,0.288605,1.07771,2.25584,4.42303,1.15066,6.31732,0.42336,36.966,0.42336,423.524,0,1.02816,0,0,2.10587,1.07771,1.028160,1,0,41.7627,0,0,0,41.7627,0
49.5662,2.59821,0,0,3.99641,0.169,0.36288,3.6288,42.7666,0.469788,0,0,0.550024,0.198394,0,0.66528,12.849,1,0.685513,0.36288,0,45.3114,4.01629,40.9725,0.84672,12.849,0.84672,3695.15,0,36.966,0.40495,0.950962,2.00843,3.52432,1.03484,5.04392,0.42336,36.966,0.42336,423.524,0,1.02816,0,0,1.97912,0.950962,1.028160,1,0,46.0164,0,0,0,46.0164,0
49.104,2.60811,0,0,2.72456,0.215716,0.36288,3.6288,42.7723,0.469339,0,0,0.631313,0.156261,0,0.66528,12.849,1,0.676098,0.36288,0,47.3859,3.90191,43.1708,0.84672,12.849,0.84672,3695.15,0,36.966,0.40568,1.46306,2.08555,3.42378,0.890665,5.67605,0.42336,36.966,0.42336,423.524,0,1.02816,0,0,2.49122,1.46306,1.028160,1,0,48.8468,0,0,0,48.8468,0
49.1022,2.60345,0,0,3.18129,0.216797,0.36288,3.6288,42.9612,0.469519,0,0,0.842504,0.184109,0,0.66528,12.849,1,0.681242,0.36288,0,62.9025,4.38364,58.2005,0.84672,12.849,0.84672,3695.15,0,36.966,0.405782,1.75262,2.08586,3.97577,1.08067,6.32779,0.42336,36.966,0.42336,423.524,0,1.02816,0,0,2.78078,1.75262,1.028160,1,0,64.5283,0,0,0,64.5283,0
49.486,2.60382,0,0,3.55365,0.203109,0.36288,3.6288,43.2017,0.47063,0,0,0.914789,0.203644,0,0.66528,12.849,1,0.681363,0.36288,0,68.3256,4.26143,63.7456,0.84672,12.849,0.84672,3695.15,0,36.966,0.404954,1.75097,2.08617,4.47539,1.03283,6.87475,0.42336,36.966,0.42336,423.524,0,1.02816,0,0,2.77913,1.75097,1.028160,1,0,70.6204,0,0,0,70.6204,0
51.0558,2.6084,0,0,4.73275,0.19169,0.36288,3.6288,43.6621,0.471997,0,0,1.11488,0.182523,0,0.66528,12.849,1,0.677268,0.36288,0,79.7541,3.63058,75.8091,0.84672,12.849,0.84672,3695.15,0,36.966,0.403869,2.85683,2.08647,7.09679,0.830891,10.8053,0.42336,36.966,0.42336,423.524,0,1.02816,0,0,3.88499,2.85683,1.028160,1,0,86.6145,0,0,0,86.6145,0
52.3091,2.99489,0,0,4.81406,0.202969,0.36288,3.6288,44.2407,0.258481,0,0,1.03787,0.200804,0,0.66528,12.849,1,0.753712,0.36288,0,84.7152,4.17112,80.1532,0.84672,12.849,0.84672,3695.15,0,36.966,0.21884,2.47539,2.08678,5.92262,0.993632,9.27231,0.42336,36.966,0.42336,423.524,0,1.02816,0,0,3.50355,2.47539,1.028160,1,0,89.4256,0,0,0,89.4256,0
54.2107,3.00976,0,0,5.48122,0.206993,0.36288,3.6288,44.6773,0.260186,0,0,0.901643,0.204834,0,0.66528,12.849,1,0.739305,0.36288,0,76.0406,4.26122,71.403,0.84672,12.849,0.84672,3695.15,0,36.966,0.217402,2.09728,1.86562,5.25984,1.02076,7.98459,0.42336,36.966,0.42336,423.524,0,1.02816,0,0,3.12544,2.09728,1.028160,1,0,79.3876,0,0,0,79.3876,0
54.1509,3.03109,0,0,3.54517,0.211056,0.36288,3.6288,44.7511,0.261494,0,0,0.540976,0.205676,0,0.66528,12.849,1,0.718428,0.36288,0,59.0877,4.26122,54.471,0.84672,12.849,0.84672,3695.15,0,36.966,0.21636,1.26681,1.86592,4.90588,1.02076,6.80148,0.42336,36.966,0.42336,423.524,0,1.02816,0,0,2.29497,1.26681,1.028160,1,0,61.2725,0,0,0,61.2725,0
55.8551,3.03082,0,0,5.31092,0.212945,0.36288,3.6288,45.6314,0.261836,0,0,1.34005,0.197882,0,0.66528,12.849,1,0.719158,0.36288,0,77.5478,4.20188,72.9896,0.84672,12.849,0.84672,3695.15,0,36.966,0.216286,2.44248,1.86621,7.01333,1.00659,10.0991,0.42336,36.966,0.42336,423.524,0,1.02816,0,0,3.47064,2.44248,1.028160,1,0,83.0888,0,0,0,83.0888,0
56.5311,3.31286,0,0,4.58353,0.231865,0.36288,3.6288,46.1572,0.389649,0,0,1.09353,0.178062,0,0.66528,12.849,1,0.762096,0.36288,0,98.9461,3.98844,94.5585,0.84672,12.849,0.84672,3695.15,0,36.966,0.315655,1.8373,1.8665,4.76849,0.962856,7.19377,0.42336,36.966,0.42336,423.524,0,1.02816,0,0,2.86546,1.8373,1.028160,1,0,101.752,0,0,0,101.752,0
57.1969,3.3207,0,0,4.58679,0.237368,0.36288,3.6288,46.7246,0.391811,0,0,1.1737,0.214519,0,0.66528,12.849,1,0.754765,0.36288,0,88.4814,4.17858,83.9109,0.84672,12.849,0.84672,3695.15,0,36.966,0.31379,1.79442,2.10292,5.32777,1.01785,7.89348,0.42336,36.966,0.42336,423.524,0,1.02816,0,0,2.82258,1.79442,1.028160,1,0,91.8044,0,0,0,91.8044,0
56.8607,3.32828,0,0,3.59383,0.238932,0.36288,3.6288,46.9634,0.394105,0,0,0.848559,0.215645,0,0.66528,12.849,1,0.747682,0.36288,0,71.4652,4.17858,66.9019,0.84672,12.849,0.84672,3695.15,0,36.966,0.311795,1.42928,2.10325,3.99831,1.01785,6.20119,0.42336,36.966,0.42336,423.524,0,1.02816,0,0,2.45744,1.42928,1.028160,1,0,73.1031,0,0,0,73.1031,0
55.5239,3.32509,0,0,2.58932,0.238142,0.36288,3.6288,46.8288,0.408846,0,0,0.490301,0.216082,0,0.66528,12.849,1,0.751382,0.36288,0,51.4693,4.17858,46.9023,0.84672,12.849,0.84672,3695.15,0,36.966,0.321812,0.608429,2.10357,3.26578,1.01785,4.63812,0.42336,36.966,0.42336,423.524,0,1.0037,0,0,1.61213,0.608429,1.028160,1,0,51.5404,0,0,0,51.5404,0
58.0004,2.64066,0,0,5.71431,0.234206,0.36288,3.6288,47.4746,0.481026,0,0,1.34416,0.217292,0,0.66528,12.849,1,0.611086,0.36288,0,148.469,4.32349,143.897,0.84672,12.849,0.84672,3695.15,0,36.966,0.379716,2.91813,2.1039,7.23935,1.06535,10.8163,0.42336,36.966,0.42336,423.524,0,1.02816,0,0,3.94629,2.91813,1.028160,1,0,154.714,0,0,0,154.714,0
63.2394,2.66239,0,0,8.57235,0.30807,0.36288,3.6288,48.8617,0.484077,0,0,2.07143,0.200242,0,0.66528,12.849,1,0.589806,0.36288,0,170.173,4.37251,165.574,0.84672,12.849,0.84672,3695.15,0,36.966,0.376926,4.00341,2.06874,9.67262,0.975001,14.3928,0.42336,36.966,0.42336,423.524,0,1.02816,0,0,5.03157,4.00341,1.028160,1,0,179.967,0,0,0,179.967,0
67.9517,2.70337,0,0,8.10121,0.322709,0.36288,3.6288,49.9851,0.490318,0,0,1.81621,0.202567,0,0.66528,12.849,1,0.549272,0.36288,0,176.671,4.37251,172.112,0.84672,12.849,0.84672,3695.15,0,36.966,0.370946,3.26443,2.06903,9.39533,0.975001,13.3828,0.42336,36.966,0.42336,423.524,0,1.02816,0,0,4.29259,3.26443,1.028160,1,0,185.495,0,0,0,185.495,0
72.29,2.73578,0,0,8.34451,0.302232,0.968181,3.6288,50.9472,0.49526,0,0,1.64514,0.187779,0,0.66528,12.849,1,0.51731,0.968181,0,193.73,4.11093,190.07,0.84672,12.849,0.84672,3695.15,0,36.966,0.366265,3.43589,2.06931,9.76894,0.937425,13.9705,0.42336,36.966,0.42336,423.524,0,1.02816,0,0,4.46405,3.43589,1.028160,1,0,204.041,0,0,0,204.041,0
72.29,2.76252,0,0,7.37536,0.310601,4.30224,3.6288,51.7365,0.499419,0,0,1.46258,0.173809,0,0.66528,12.849,1,0.491018,4.30224,0,169.265,4.13289,168.944,0.84672,12.849,0.84672,3695.15,0,36.966,0.362366,3.00326,2.0696,8.61669,0.937177,12.39,0.42336,36.966,0.42336,423.524,0,1.02816,0,0,4.03142,3.00326,1.028160,1,0,181.334,0,0,0,181.334,0
72.29,3.16938,0,0,5.38154,0.334175,1.87798,3.6288,52.3873,0.278607,0,0,1.09539,0.166022,0,0.66528,12.849,1,0.563333,1.87798,0,135.067,3.84048,132.541,0.84672,12.849,0.84672,3695.15,0,36.966,0.199066,2.28471,2.06989,7.54231,0.916341,10.7815,0.42336,36.966,0.42336,423.524,0,1.02816,0,0,3.31287,2.28471,1.028160,1,0,143.322,0,0,0,143.322,0
72.29,3.16977,0,0,5.68356,0.334175,2.17962,3.6288,53.5351,0.280213,0,0,1.59497,0.166895,0,0.66528,12.849,1,0.563402,2.17962,0,155.557,3.84048,153.333,0.84672,12.849,0.84672,3695.15,0,36.966,0.197727,3.15097,1.86292,8.98164,0.916341,12.8815,0.42336,36.966,0.42336,423.524,0,1.02816,0,0,4.17913,3.15097,1.028160,1,0,166.214,0,0,0,166.214,0
72.29,3.17016,0,0,4.85203,0.334175,1.34769,3.6288,54.3569,0.282879,0,0,1.27305,0.168435,0,0.66528,12.849,1,0.563471,1.34769,0,120.9,3.84048,117.844,0.84672,12.849,0.84672,3695.15,0,36.966,0.195328,2.41881,1.86321,6.50094,0.916341,9.6713,0.42336,36.966,0.42336,423.524,0,1.02816,0,0,3.44697,2.41881,1.028160,1,0,127.515,0,0,0,127.515,0
72.29,2.81108,0,0,3.88333,0.296452,0.775804,3.6288,54.5501,0.536786,0,0,0.895427,0.165442,0,0.66528,12.849,1,0.499648,0.775804,0,101.54,4.0876,97.7284,0.84672,12.849,0.84672,3695.15,0,36.966,0.365047,1.45823,1.8635,4.53916,0.93241,6.56344,0.42336,36.966,0.42336,423.524,0,1.02816,0,0,2.48639,1.45823,1.028160,1,0,104.292,0,0,0,104.292,0
72.29,2.77272,0,0,3.89107,0.254857,0.863494,3.6288,54.5427,0.520438,0,0,0.70223,0.189153,0,0.66528,12.849,1,0.492829,0.863494,0,102.027,4.20993,98.1879,0.84672,12.849,0.84672,3695.15,0,36.966,0.352676,1.23725,2.11154,4.79826,0.970142,6.82423,0.42336,36.966,0.42336,423.524,0,1.02816,0,0,2.26541,1.23725,1.028160,1,0,105.012,0,0,0,105.012,0
72.2378,2.7731,0,0,3.32799,0.244254,0.36288,3.6288,54.3619,0.520566,0,0,0.538949,0.199181,0,0.66528,12.849,1,0.492897,0.36288,0,73.8841,4.21932,69.5348,0.84672,12.849,0.84672,3695.15,0,36.966,0.35281,0.944585,2.08089,3.08331,0.982663,4.77331,0.42336,36.966,0.42336,423.524,0,1.02816,0,0,1.97275,0.944585,1.028160,1,0,74.3081,0,0,0,74.3081,0
71.7549,2.77318,0,0,2.89737,0.244157,0.36288,3.6288,54.1606,0.520023,0,0,0.517685,0.198943,0,0.66528,12.849,1,0.493268,0.36288,0,65.6268,4.21932,61.2771,0.84672,12.849,0.84672,3695.15,0,36.966,0.353615,0.729069,2.08117,2.88425,0.982663,4.35821,0.42336,36.966,0.42336,423.524,0,1.02816,0,0,1.75723,0.729069,1.028160,1,0,65.6354,0,0,0,65.6354,0
70.9742,2.77075,0,0,2.59613,0.243262,0.36288,3.6288,53.9,0.519398,0,0,0.457436,0.198678,0,0.66528,12.849,1,0.496152,0.36288,0,56.3251,4.21932,51.9725,0.84672,12.849,0.84672,3695.15,0,36.966,0.354502,0.512914,2.08146,2.51268,0.982663,3.76989,0.42336,36.966,0.42336,423.524,0,1.02816,0,0,1.54107,0.512914,1.028160,1,0,55.7424,0,0,0,55.7424,0
70.0468,2.89774,0,0,2.55152,0.218272,0.36288,3.6288,53.586,0.579546,0,0,0.452029,0.186448,0,0.66528,12.849,1,0.524601,0.36288,0,54.5095,4.08842,50.2594,0.84672,12.849,0.84672,3695.15,0,36.966,0.397467,0.433814,2.08175,2.41804,0.916213,3.61992,0.42336,36.966,0.42336,423.524,0,1.02816,0,0,1.46197,0.433814,1.028160,1,0,53.8793,0,0,0,53.8793,0
69.3031,2.89227,0,0,2.72858,0.217111,0.36288,3.6288,53.3952,0.578331,0,0,0.566658,0.179194,0,0.66528,12.849,1,0.530543,0.36288,0,54.6812,4.70663,49.8069,0.84672,12.849,0.84672,3695.15,0,36.966,0.398958,0.662135,2.19054,2.94725,0.979675,4.4213,0.42336,36.966,0.42336,423.524,0,1.02816,0,0,1.69029,0.662135,1.028160,1,0,54.2282,0,0,0,54.2282,0
68.6432,2.88787,0,0,2.69837,0.107525,0.36288,3.6288,53.1441,0.577652,0,0,0.542972,0.216353,0,0.66528,12.849,1,0.535419,0.36288,0,56.0332,5.23561,50.625,0.84672,12.849,0.84672,3695.15,0,36.966,0.399914,0.698838,2.19085,3.04223,1.0861,4.44589,0.42336,36.966,0.42336,423.524,0,1.02816,0,0,1.727,0.698838,1.028160,1,0,55.0709,0,0,0,55.0709,0
67.3293,3.24054,0,0,2.39649,0.106974,0.36288,3.6288,53.0438,0.327017,0,0,0.4426,0.21592,0,0.66528,12.849,1,0.606581,0.36288,0,50.1115,5.23561,44.6322,0.84672,12.849,0.84672,3695.15,0,36.966,0.227466,0.440372,2.19115,2.60912,1.0861,3.92707,0.42336,36.966,0.42336,423.524,0,1.02816,0,0,1.46853,0.440372,1.028160,1,0,48.5592,0,0,0,48.5592,0
65.9376,3.231,0,0,2.30801,0.105877,0.36288,3.6288,52.8574,0.326926,0,0,0.356297,0.215747,0,0.66528,12.849,1,0.616597,0.36288,0,46.179,5.23561,40.6897,0.84672,12.849,0.84672,3695.15,0,36.966,0.227834,0.330653,1.9437,2.50837,1.0861,3.46879,0.42336,36.966,0.42336,423.524,0,1.02816,0,0,1.35881,0.330653,1.028160,1,0,44.1584,0,0,0,44.1584,0
65.0966,2.84051,0,0,2.47591,0.113506,0.36288,3.6288,52.5818,0.611604,0,0,0.526622,0.190681,0,0.66528,12.849,1,0.55352,0.36288,0,45.376,4.24851,40.9368,0.84672,12.849,0.84672,3695.15,0,36.966,0.42336,0.752328,1.944,2.23207,1.04608,3.45897,0.42336,36.966,0.42336,423.524,0,1.02816,0,0,1.78049,0.752328,1.028160,1,0,44.3958,0,0,0,44.3958,0
63.6952,3.1885,0,0,2.2628,0.112745,0.36288,3.6288,52.5247,0.359296,0,0,0.49247,0.19026,0,0.66528,12.849,1,0.629358,0.36288,0,42.68,4.24851,38.165,0.84672,12.849,0.84672,3695.15,0,36.966,0.252592,0.493474,2.23001,2.12399,1.04608,3.54881,0.42336,36.966,0.42336,423.524,0,1.02816,0,0,1.52163,0.493474,1.028160,1,0,41.7138,0,0,0,41.7138,0
62.142,3.17737,0,0,2.08071,0.0936754,0.36288,3.6288,52.4005,0.359302,0,0,0.466679,0.231541,0,0.66528,12.849,1,0.640959,0.36288,0,38.2132,4.81311,33.122,0.84672,12.849,0.84672,3695.15,0,36.966,0.252871,0.494467,1.98257,2.02235,1.25217,2.99434,0.42336,36.966,0.42336,423.524,0,1.02816,0,0,1.52263,0.494467,1.028160,1,0,36.1163,0,0,0,36.1163,0
60.4862,3.16448,0,0,1.95088,0.0793119,0.36288,3.6288,52.2171,0.359118,0,0,0.438048,0.262306,0,0.66528,12.849,1,0.654315,0.36288,0,34.345,5.23656,28.817,0.84672,12.849,0.84672,3695.15,0,36.966,0.25334,0.456978,1.98288,1.94873,1.40674,2.72851,0.42336,36.966,0.42336,423.524,0,1.02816,0,0,1.48514,0.456978,1.028160,1,0,31.5455,0,0,0,31.5455,0
58.6459,3.21546,0,0,1.8186,0.0805474,0.36288,3.6288,51.9689,0.388297,0,0,0.417981,0.277929,0,0.66528,12.849,1,0.683056,0.36288,0,30.1735,5.65518,24.1981,0.84672,12.849,0.84672,3695.15,0,36.966,0.274887,0.358266,1.98318,1.6627,1.46236,2.2669,0.42336,36.966,0.42336,423.524,0,1.02816,0,0,1.38643,0.358266,1.028160,1,0,26.465,0,0,0,26.465,0
56.7688,3.19828,0,0,1.76493,0.0808592,0.36288,3.6288,51.6449,0.387701,0,0,0.353066,0.289357,0,0.66528,12.849,1,0.700724,0.36288,0,35.8696,5.96914,29.5626,0.84672,12.849,0.84672,3695.15,0,36.966,0.275775,0.348702,2.03732,1.6114,1.50409,2.21756,0.42336,36.966,0.42336,423.524,0,1.02816,0,0,1.37686,0.348702,1.028160,1,0,31.7801,0,0,0,31.7801,0
54.7994,3.17977,0,0,1.65261,0.0793886,0.36288,3.6288,51.2978,0.386862,0,0,0.328337,0.288601,0,0.66528,12.849,1,0.719706,0.36288,0,28.7999,5.96914,22.4739,0.84672,12.849,0.84672,3695.15,0,36.966,0.276905,0.323179,2.03763,1.45255,1.50409,2.03236,0.42336,36.966,0.42336,423.524,0,1.02816,0,0,1.35134,0.323179,1.028160,1,0,24.5063,0,0,0,24.5063,0
52.7041,3.15921,0,0,1.50465,0.0778457,0.36288,3.6288,50.8705,0.451136,0,0,0.311714,0.287791,0,0.66528,12.849,1,0.74075,0.36288,0,26.2472,5.96914,19.9002,0.84672,12.849,0.84672,3695.15,0,36.966,0.325096,0.227405,2.03795,1.3549,1.50409,1.79107,0.42336,36.966,0.42336,423.524,0,0.915987,0,0,1.14339,0.227405,1.028160,1,0,21.6913,0,0,0,21.6913,0
50.6247,3.32262,0,0,1.67275,0.0666377,0.36288,3.6288,50.4771,0.490262,0,0,0.379577,0.282727,0,0.66528,12.849,1,0.810038,0.36288,0,26.6214,6.15057,20.0237,0.84672,12.849,0.84672,3695.15,0,36.966,0.356257,0.556848,2.03826,1.95244,1.54332,2.64798,0.42336,36.966,0.42336,423.524,0,1.02816,0,0,1.58501,0.556848,1.028160,1,0,22.6716,0,0,0,22.6716,0
47.948,3.29649,0,0,1.04964,0.0669871,0.36288,3.6288,49.925,0.556477,0,0,0.301998,0.297687,0,0.66528,12.849,1,0.836678,0.36288,0,19.9383,6.24866,13.2158,0.84672,12.849,0.84672,3695.15,0,36.966,0.407526,0.227405,2.22284,1.13863,1.52058,1.66077,0.42336,36.966,0.42336,423.524,0,0.910993,0,0,1.1384,0.227405,1.028160,1,0,14.8766,0,0,0,14.8766,0
45.5163,3.26006,0,0,1.25632,0.0650927,0.36288,3.6288,49.4552,0.497804,0,0,0.324428,0.296345,0,0.66528,12.849,1,0.873623,0.36288,0,20.6347,6.24866,13.8753,0.84672,12.849,0.84672,3695.15,0,36.966,0.36859,0.227405,2.22318,1.24894,1.52058,1.81036,0.42336,36.966,0.42336,423.524,0,1.00892,0,0,1.23632,0.227405,1.028160,1,0,15.6857,0,0,0,15.6857,0
43.9943,3.22406,0,0,2.14818,0.0832328,0.36288,3.6288,49.0967,0.484971,0,0,0.416695,0.290271,0,0.66528,12.849,1,0.910134,0.36288,0,34.2923,6.10023,27.6448,0.84672,12.849,0.84672,3695.15,0,36.966,0.362499,0.411938,2.22352,1.38248,1.50237,2.15306,0.42336,36.966,0.42336,423.524,0,1.02816,0,0,1.4401,0.411938,1.028160,1,0,29.7979,0,0,0,29.7979,0
42.4303,3.20009,0,0,2.07532,0.0764032,0.36288,3.6288,48.7626,0.483642,0,0,0.430944,0.281451,0,0.66528,12.849,1,0.934619,0.36288,0,40.5023,6.30819,33.6224,0.84672,12.849,0.84672,3695.15,0,36.966,0.364145,0.33575,2.22386,1.19789,1.49148,1.90187,0.42336,36.966,0.42336,423.524,0,1.02816,0,0,1.36391,0.33575,1.028160,1,0,35.5243,0,0,0,35.5243,0
41.1377,3.08711,0,0,2.20502,0.0476095,0.36288,3.6288,48.486,0.419468,0,0,0.429055,0.286166,0,0.66528,12.849,1,0.934857,0.36288,0,30.2472,5.4177,24.2575,0.84672,12.849,0.84672,3695.15,0,36.966,0.317991,0.451941,2.2242,1.38921,1.35824,2.38913,0.42336,36.966,0.42336,423.524,0,1.02816,0,0,1.4801,0.451941,1.028160,1,0,26.6466,0,0,0,26.6466,0
40.0739,3.0651,0,0,2.47951,0.115277,0.36288,3.6288,48.3995,0.41861,0,0,0.566974,0.234798,0,0.66528,12.849,1,0.957358,0.36288,0,28.0107,3.85025,23.566,0.84672,12.849,0.84672,3695.15,0,36.966,0.319151,0.798768,2.11783,1.78099,0.995406,3.38303,0.42336,36.966,0.42336,423.524,0,1.02816,0,0,1.82693,0.798768,1.028160,1,0,26.949,0,0,0,26.949,0
39.0298,3.04623,0,0,2.48556,0.12061,0.36288,3.6288,48.378,0.418458,0,0,0.634262,0.237381,0,0.66528,12.849,1,0.976721,0.36288,0,31.9434,3.89907,27.4305,0.84672,12.849,0.84672,3695.15,0,36.966,0.319605,0.831375,2.11816,1.9499,1.02336,3.55647,0.42336,36.966,0.42336,423.524,0,1.02816,0,0,1.85954,0.831375,1.028160,1,0,30.9869,0,0,0,30.9869,0
38.1898,3.02695,0,0,2.66903,0.119154,0.36288,3.6288,48.3891,0.418549,0,0,0.66701,0.237339,0,0.66528,12.849,1,0.996503,0.36288,0,46.9259,3.89907,42.3932,0.84672,12.849,0.84672,3695.15,0,36.966,0.319816,0.967023,2.11849,2.13579,1.02336,3.87812,0.42336,36.966,0.42336,423.524,0,1.02816,0,0,1.99518,0.967023,1.028160,1,0,46.2713,0,0,0,46.2713,0
38.6618,2.94132,0,0,3.91653,0.140357,0.36288,3.6288,48.7077,0.361633,0,0,0.900824,0.22058,0,0.66528,12.849,1,0.989611,0.36288,0,86.2866,3.90132,81.7586,0.84672,12.849,0.84672,3695.15,0,36.966,0.276263,1.46102,2.11881,3.59663,0.991994,5.9082,0.42336,36.966,0.42336,423.524,0,1.02816,0,0,2.48918,1.46102,1.028160,1,0,87.6668,0,0,0,87.6668,0
41.5813,2.95076,0,0,6.4043,0.17111,0.36288,3.6288,49.2723,0.362824,0,0,1.12615,0.19873,0,0.66528,12.849,1,0.980665,0.36288,0,89.8654,3.90432,85.3433,0.84672,12.849,0.84672,3695.15,0,36.966,0.27536,2.43808,2.02385,3.98518,0.950168,7.22158,0.42336,36.966,0.42336,423.524,0,1.02816,0,0,3.46624,2.43808,1.028160,1,0,92.5649,0,0,0,92.5649,0
42.7668,3.00373,0,0,4.72914,0.177072,0.36288,3.6288,49.7465,0.364792,0,0,1.03869,0.19966,0,0.66528,12.849,1,0.928178,0.36288,0,82.0904,3.90432,77.6208,0.84672,12.849,0.84672,3695.15,0,36.966,0.273681,1.24011,2.02417,3.56439,0.950168,5.60481,0.42336,36.966,0.42336,423.524,0,1.02816,0,0,2.26827,1.24011,1.028160,1,0,83.2256,0,0,0,83.2256,0
45.7409,3.02388,0,0,6.54041,0.179535,0.36288,3.6288,50.2025,0.366454,0,0,1.02286,0.200441,0,0.66528,12.849,1,0.908505,0.36288,0,81.1797,3.90432,76.7298,0.84672,12.849,0.84672,3695.15,0,36.966,0.272307,1.98333,2.02448,3.96822,0.950168,6.75356,0.42336,36.966,0.42336,423.524,0,1.02816,0,0,3.01149,1.98333,1.028160,1,0,83.4833,0,0,0,83.4833,0
47.7729,2.86403,0,0,5.44709,0.188237,0.36288,3.6288,50.461,0.247105,0,0,0.708352,0.202742,0,0.66528,12.849,1,0.804531,0.36288,0,94.1947,4.00841,89.7447,0.84672,12.849,0.84672,3695.15,0,36.966,0.181953,1.05739,2.02479,3.50584,0.974291,5.43178,0.42336,36.966,0.42336,423.524,0,1.02816,0,0,2.08555,1.05739,1.028160,1,0,95.1765,0,0,0,95.1765,0
57.7317,2.89135,0,0,13.4211,0.207995,0.36288,3.6288,53.1289,0.247793,0,0,3.12818,0.212493,0,0.66528,12.849,1,0.777659,0.36288,0,163.288,4.63291,158.241,0.84672,12.849,0.84672,3695.15,0,36.966,0.181525,4.36863,1.81334,7.16289,1.11903,12.0443,0.42336,36.966,0.42336,423.524,0,1.02816,0,0,5.39679,4.36863,1.028160,1,0,170.285,0,0,0,170.285,0
64.3224,3.00145,0,0,10.1854,0.23047,0.36288,3.6288,56.0839,0.253321,0,0,3.42548,0.217122,0,0.66528,12.849,1,0.668013,0.36288,0,170.644,4.63291,165.706,0.84672,12.849,0.84672,3695.15,0,36.966,0.176256,4.98815,1.81362,7.39171,1.11903,12.8982,0.42336,36.966,0.42336,423.524,0,1.02816,0,0,6.01631,4.98815,1.028160,1,0,178.604,0,0,0,178.604,0
72.29,3.05887,0,0,12.8994,0.244192,1.62876,3.6288,60.1163,0.259075,0,0,4.51309,0.221604,0,0.66528,12.849,1,0.611038,1.62876,0,246.422,4.63291,242.807,0.84672,12.849,0.84672,3695.15,0,36.966,0.170761,6.03837,1.8139,10.1221,1.11903,16.6846,0.42336,36.966,0.42336,423.524,0,1.02816,0,0,7.06653,6.03837,1.028160,1,0,259.492,0,0,0,259.492,0
72.29,3.11643,0,0,10.4585,0.259904,7.08212,3.6288,61.308,0.266328,0,0,2.08576,0.227446,0.400338,0.66528,12.849,1,0.553922,7.08212,0,255.149,4.63291,257.044,0.84672,12.849,0.84672,3695.15,0,36.966,0.163767,3.17138,1.81419,6.9222,1.11903,10.625,0.42336,36.966,0.42336,423.524,0,1.02816,0,0,4.19954,3.17138,1.028160,1,0,268.069,0,0,0,268.069,0
72.29,3.20318,0,0,4.36391,0.262908,0.897823,3.6288,61.308,0.306429,0,0,1.0264,0.199766,0.520206,0.66528,12.849,1,0.56934,0.897823,0,82.1162,3.67046,78.7742,0.84672,12.849,0.84672,3695.15,0,36.966,0.184763,1.79486,1.81447,4.35549,1.06122,6.71885,0.42336,36.966,0.42336,423.524,0,1.02816,0,0,2.82302,1.79486,1.028160,1,0,86.0133,0,0,0,86.0133,0
71.9002,3.20354,0,0,3.42494,0.248279,0.36288,3.6288,61.308,0.306584,0,0,1.19719,0.160133,0.730475,0.66528,12.849,1,0.569405,0.36288,0,74.0108,2.69567,71.1087,0.84672,12.849,0.84672,3695.15,0,36.966,0.184857,1.79649,1.88082,4.63994,0.880667,7.25173,0.42336,36.966,0.42336,423.524,0,1.02816,0,0,2.82465,1.79649,1.028160,1,0,79.0909,0,0,0,79.0909,0
71.1715,2.84211,0,0,2.7238,0.247544,0.36288,3.6288,61.308,0.570852,0,0,0.964722,0.160133,0.233737,0.66528,12.849,1,0.507902,0.36288,0,69.1945,2.69567,66.3538,0.84672,12.849,0.84672,3695.15,0,36.966,0.344198,1.21901,1.88109,3.65362,0.880667,5.52885,0.42336,36.966,0.42336,423.524,0,1.02816,0,0,2.24717,1.21901,1.028160,1,0,72.1164,0,0,0,72.1164,0
69.603,3.19669,0,0,2.23722,0.246172,0.36288,3.6288,61.308,0.306895,0,0,0.861938,0.160133,0.39491,0.66528,12.849,1,0.577116,0.36288,0,42.6838,2.69567,39.7739,0.84672,12.849,0.84672,3695.15,0,36.966,0.185044,0.960362,2.12912,3.01449,0.880667,5.03826,0.42336,36.966,0.42336,423.524,0,1.02816,0,0,1.98852,0.960362,1.028160,1,0,45.2071,0,0,0,45.2071,0
67.5537,3.46197,0,0,2.0412,0.265684,0.36288,3.6288,61.308,0.449623,0,0,0.756299,0.149102,0.157573,0.66528,12.849,1,0.639095,0.36288,0,39.994,2.81552,36.9023,0.84672,12.849,0.84672,3695.15,0,36.966,0.271103,0.75378,1.88164,2.65241,0.847694,4.16903,0.42336,36.966,0.42336,423.524,0,1.02816,0,0,1.78194,0.75378,1.028160,1,0,41.2289,0,0,0,41.2289,0
65.8821,3.44608,0,0,2.43654,0.299132,0.36288,3.6288,61.308,0.449797,0,0,0.585678,0.130193,0.00568774,0.66528,12.849,1,0.65546,0.36288,0,48.5859,2.9863,45.307,0.84672,12.849,0.84672,3695.15,0,36.966,0.271208,0.890041,2.11973,2.5946,0.793722,4.53944,0.42336,36.966,0.42336,423.524,0,1.02816,0,0,1.9182,0.890041,1.028160,1,0,49.8522,0,0,0,49.8522,0
63.8838,3.43256,0,0,2.09238,0.295196,0.36288,3.6288,61.308,0.44997,0,0,0.677383,0.130193,0.0972191,0.66528,12.849,1,0.669453,0.36288,0,40.733,2.9863,37.4401,0.84672,12.849,0.84672,3695.15,0,36.966,0.271312,0.72519,2.12003,2.51915,0.793722,4.29934,0.42336,36.966,0.42336,423.524,0,1.02816,0,0,1.75335,0.72519,1.028160,1,0,41.8367,0,0,0,41.8367,0
62.7605,3.41552,0,0,2.9281,0.273084,0.36288,3.6288,61.308,0.450144,0,0,0.959377,0.150225,0.359008,0.66528,12.849,1,0.686965,0.36288,0,61.2846,3.7207,57.2399,0.84672,12.849,0.84672,3695.15,0,36.966,0.271417,1.11649,2.12034,5.0709,0.950994,7.08531,0.42336,36.966,0.42336,423.524,0,1.02816,0,0,2.14465,1.11649,1.028160,1,0,64.6842,0,0,0,64.6842,0
62.4282,2.71834,0,0,3.01023,0.26126,0.36288,3.6288,61.308,0.54535,0,0,0.812162,0.142235,0.124576,0.66528,12.849,1,0.556527,0.36288,0,75.0113,4.05445,70.7632,0.84672,12.849,0.84672,3695.15,0,36.966,0.328822,0.983863,2.12064,4.0671,0.951484,5.89129,0.42336,36.966,0.42336,423.524,0,1.02816,0,0,2.01202,0.983863,1.028160,1,0,76.779,0,0,0,76.779,0
64.1772,2.71623,0,0,5.09467,0.266578,0.36288,3.6288,61.308,0.545502,0,0,1.04277,0.120038,0.377231,0.66528,12.849,1,0.559055,0.36288,0,105.305,3.96963,101.139,0.84672,12.849,0.84672,3695.15,0,36.966,0.328914,2.95864,2.08345,4.56871,0.90675,8.37514,0.42336,36.966,0.42336,423.524,0,1.02816,0,0,3.9868,2.95864,1.028160,1,0,109.892,0,0,0,109.892,0
65.3113,2.72927,0,0,4.49668,0.270401,0.36288,3.6288,61.308,0.545654,0,0,0.705252,0.120038,0.0395597,0.66528,12.849,1,0.546431,0.36288,0,81.6575,3.96963,77.5043,0.84672,12.849,0.84672,3695.15,0,36.966,0.329005,1.61729,2.08372,3.47689,0.90675,5.94214,0.42336,36.966,0.42336,423.524,0,1.02816,0,0,2.64545,1.61729,1.028160,1,0,83.486,0,0,0,83.486,0
65.4286,2.73755,0,0,3.49057,0.272881,0.36288,3.6288,61.1912,0.545806,0,0,0.549001,0.120038,0,0.66528,12.849,1,0.538571,0.36288,0,86.0475,3.96963,81.9022,0.84672,12.849,0.84672,3695.15,0,36.966,0.329097,1.02037,2.08398,2.8133,0.90675,4.6818,0.42336,36.966,0.42336,423.524,0,1.02816,0,0,2.04853,1.02037,1.028160,1,0,86.584,0,0,0,86.584,0
64.9069,2.73871,0,0,2.82078,0.240922,0.36288,3.6288,60.9112,0.545566,0,0,0.367569,0.101914,0,0.66528,12.849,1,0.537833,0.36288,0,70.2294,3.70804,66.3464,0.84672,12.849,0.84672,3695.15,0,36.966,0.32958,0.583788,2.08425,2.48449,0.869174,3.95377,0.42336,36.966,0.42336,423.524,0,1.02816,0,0,1.61195,0.583788,1.028160,1,0,70.3002,0,0,0,70.3002,0
65.0855,3.13539,0,0,3.95294,0.276028,0.36288,3.6288,60.9681,0.305742,0,0,0.512874,0.150284,0,0.66528,12.849,1,0.620684,0.36288,0,106.234,4.27286,101.703,0.84672,12.849,0.84672,3695.15,0,36.966,0.18555,1.34492,2.08452,3.81235,0.915487,6.14075,0.42336,36.966,0.42336,423.524,0,1.02816,0,0,2.37308,1.34492,1.028160,1,0,107.844,0,0,0,107.844,0
64.6227,3.13717,0,0,3.32689,0.289591,0.36288,3.6288,61.0337,0.306005,0,0,0.534087,0.162435,0,0.66528,12.849,1,0.619332,0.36288,0,78.7899,4.42512,74.1083,0.84672,12.849,0.84672,3695.15,0,36.966,0.185536,1.62905,1.87782,2.7434,0.931556,5.13318,0.42336,36.966,0.42336,423.524,0,1.02816,0,0,2.65721,1.62905,1.028160,1,0,79.2415,0,0,0,79.2415,0
63.9332,3.13383,0,0,3.09564,0.288515,0.36288,3.6288,61.1429,0.306284,0,0,0.577907,0.162502,0,0.66528,12.849,1,0.623102,0.36288,0,67.2019,4.42512,62.5166,0.84672,12.849,0.84672,3695.15,0,36.966,0.185506,1.53039,1.87809,3.56627,0.931556,5.85768,0.42336,36.966,0.42336,423.524,0,1.02816,0,0,2.55855,1.53039,1.028160,1,0,68.3743,0,0,0,68.3743,0
62.997,3.12859,0,0,2.83313,0.277808,0.36288,3.6288,61.308,0.306646,0,0,0.73746,0.159137,0.106539,0.66528,12.849,1,0.628769,0.36288,0,64.0137,4.20802,59.5398,0.84672,12.849,0.84672,3695.15,0,36.966,0.185393,2.20748,1.87836,3.1526,0.887215,6.16583,0.42336,36.966,0.42336,423.524,0,1.02816,0,0,3.23564,2.20748,1.028160,1,0,65.8121,0,0,0,65.8121,0
61.5734,3.08301,0,0,2.30463,0.282359,0.36288,3.6288,61.27,0.288902,0,0,0.426738,0.175882,0,0.66528,12.849,1,0.628817,0.36288,0,52.0988,4.21744,47.6154,0.84672,12.849,0.84672,3695.15,0,36.966,0.174195,0.667405,1.87863,1.92187,0.963508,3.33021,0.42336,36.966,0.42336,423.524,0,1.02816,0,0,1.69557,0.667405,1.028160,1,0,50.9456,0,0,0,50.9456,0
59.9808,3.07133,0,0,2.09198,0.250355,0.36288,3.6288,61.0641,0.395616,0,0,0.392667,0.202938,0,0.66528,12.849,1,0.640918,0.36288,0,46.2192,4.26436,41.6768,0.84672,12.849,0.84672,3695.15,0,36.966,0.238687,0.528595,1.84774,1.59435,1.00291,2.7291,0.42336,36.966,0.42336,423.524,0,0.8572,0,0,1.3858,0.528595,1.028160,1,0,44.4059,0,0,0,44.4059,0
58.3574,3.05766,0,0,2.04407,0.246965,0.36288,3.6288,61.0133,0.288774,0,0,0.440707,0.202674,0,0.66528,12.849,1,0.655007,0.36288,0,44.8728,4.26436,40.3163,0.84672,12.849,0.84672,3695.15,0,36.966,0.174813,0.553781,1.84801,1.898,1.00291,3.12207,0.42336,36.966,0.42336,423.524,0,1.02816,0,0,1.58194,0.553781,1.028160,1,0,43.4384,0,0,0,43.4384,0
56.7384,3.04307,0,0,2.03012,0.24313,0.36288,3.6288,60.9118,0.337398,0,0,0.438509,0.202608,0,0.66528,12.849,1,0.670017,0.36288,0,43.961,4.26436,39.3895,0.84672,12.849,0.84672,3695.15,0,36.966,0.204419,0.402797,1.84828,1.61391,1.00291,2.65766,0.42336,36.966,0.42336,423.524,0,0.950175,0,0,1.35297,0.402797,1.028160,1,0,42.0472,0,0,0,42.0472,0
54.8516,3.15508,0,0,1.84607,0.214883,0.36288,3.6288,60.6353,0.435268,0,0,0.346024,0.187336,0,0.66528,12.849,1,0.714501,0.36288,0,39.9529,3.73138,35.8699,0.84672,12.849,0.84672,3695.15,0,36.966,0.264154,0.402797,1.84855,1.46917,1.01697,2.43939,0.42336,36.966,0.42336,423.524,0,0.896383,0,0,1.29918,0.402797,1.028160,1,0,38.3093,0,0,0,38.3093,0
52.7725,3.13553,0,0,1.59974,0.18047,0.36288,3.6288,60.0935,0.631935,0,0,0.304074,0.213885,0,0.66528,12.849,1,0.734497,0.36288,0,35.0584,3.99347,30.6933,0.84672,12.849,0.84672,3695.15,0,36.966,0.385257,0.402797,1.95808,1.11731,1.06899,2.02394,0.42336,36.966,0.42336,423.524,0,0.578871,0,0,0.981668,0.402797,1.028160,1,0,32.7172,0,0,0,32.7172,0
50.6368,3.11261,0,0,1.50364,0.163852,0.36288,3.6288,59.5651,0.62842,0,0,0.316671,0.216692,0,0.66528,12.849,1,0.757855,0.36288,0,32.2924,4.10182,27.7956,0.84672,12.849,0.84672,3695.15,0,36.966,0.386567,0.402797,1.95836,1.13556,1.04893,2.06121,0.42336,36.966,0.42336,423.524,0,0.581334,0,0,0.984131,0.402797,1.028160,1,0,29.8568,0,0,0,29.8568,0
48.4711,3.08747,0,0,1.44489,0.160257,0.36288,3.6288,59.0777,0.59399,0,0,0.322597,0.215963,0,0.66528,12.849,1,0.78344,0.36288,0,30.4425,4.10182,25.9201,0.84672,12.849,0.84672,3695.15,0,36.966,0.36863,0.30119,1.95864,1.1323,1.04893,1.97458,0.42336,36.966,0.42336,423.524,0,0.63396,0,0,0.93515,0.30119,1.028160,1,0,27.8947,0,0,0,27.8947,0
46.2453,3.06015,0,0,1.35388,0.156595,0.36288,3.6288,58.5312,0.631458,0,0,0.300227,0.21529,0,0.66528,12.849,1,0.811202,0.36288,0,28.519,4.10182,23.9689,0.84672,12.849,0.84672,3695.15,0,36.966,0.395115,0.30119,1.95893,1.04983,1.04893,1.8659,0.42336,36.966,0.42336,423.524,0,0.570266,0,0,0.871456,0.30119,1.028160,1,0,25.8348,0,0,0,25.8348,0
43.6683,3.00577,0,0,0.899571,0.107943,0.36288,3.6288,57.7714,0.755331,0,0,0.219373,0.223827,0,0.66528,12.849,1,0.835135,0.36288,0,21.4304,4.46525,16.4929,0.84672,12.849,0.84672,3695.15,0,36.966,0.42336,0.30119,1.95921,0.830949,1.08496,1.58303,0.42336,36.966,0.42336,423.524,0,0.475364,0,0,0.776555,0.30119,1.028160,1,0,18.0759,0,0,0,18.0759,0
40.9967,2.96803,0,0,0.756864,0.0975852,0.36288,3.6288,56.9859,0.768263,0,0,0.207011,0.224273,0,0.66528,12.849,1,0.873314,0.36288,0,20.2443,4.52582,15.208,0.84672,12.849,0.84672,3695.15,0,36.966,0.42336,0.30119,1.99771,0.771649,1.09096,1.55622,0.42336,36.966,0.42336,423.524,0,0.462698,0,0,0.763888,0.30119,1.028160,1,0,16.7643,0,0,0,16.7643,0
38.299,2.92503,0,0,0.68478,0.0945992,0.36288,3.6288,56.1315,0.823359,0,0,0.192114,0.223134,0,0.66528,12.849,1,0.916749,0.36288,0,18.1797,4.52582,13.1,0.84672,12.849,0.84672,3695.15,0,36.966,0.42336,0.261274,1.998,0.740073,1.09096,1.48502,0.42336,36.966,0.42336,423.524,0,0.407868,0,0,0.669142,0.261274,1.028160,1,0,14.585,0,0,0,14.585,0
35.6403,2.877,0,0,0.652406,0.0711527,0.36288,3.6288,55.2073,0.820367,0,0,0.181775,0.285556,0,0.66528,12.849,1,0.965212,0.36288,0,16.4694,5.37271,10.4943,0.84672,12.849,0.84672,3695.15,0,36.966,0.42336,0.261274,1.99828,0.701177,1.4001,1.13728,0.42336,36.966,0.42336,423.524,0,0.411126,0,0,0.672399,0.261274,1.028160,1,0,11.6316,0,0,0,11.6316,0
32.9199,2.88306,0,0,0.590064,0.0645187,0.36288,3.6288,54.2062,0.887561,0,0,0.182888,0.29643,0,0.66528,12.849,1,1.0394,0.36288,0,15.4454,5.5577,9.21117,0.84672,12.849,0.84672,3695.15,0,36.966,0.42336,0.261274,1.99857,0.668482,1.47357,1.0314,0.42336,36.966,0.42336,423.524,0,0.394986,0,0,0.65626,0.261274,1.028160,1,0,10.2426,0,0,0,10.2426,0
30.2481,2.8216,0,0,0.573582,0.0609666,0.36288,3.6288,53.2304,0.875962,0,0,0.197346,0.297197,0,0.66528,12.849,1,1.1013,0.36288,0,14.7865,5.61613,8.43194,0.84672,12.849,0.84672,3695.15,0,36.966,0.42336,0.261274,2.05305,0.629301,1.50284,1.01743,0.42336,36.966,0.42336,423.524,0,0.406858,0,0,0.668131,0.261274,1.028160,1,0,9.44937,0,0,0,9.44937,0
27.5886,2.75364,0,0,0.515926,0.0589161,0.36288,3.6288,52.2229,0.897567,0,0,0.185109,0.295044,0,0.66528,12.849,1,1.16971,0.36288,0,13.9355,5.61613,7.51258,0.84672,12.849,0.84672,3695.15,0,36.966,0.42336,0.261274,2.05335,0.642427,1.50284,1.03085,0.42336,36.966,0.42336,423.524,0,0.385525,0,0,0.646798,0.261274,1.028160,1,0,8.54343,0,0,0,8.54343,0
24.9614,2.67701,0,0,0.469518,0.0568241,0.36288,3.6288,51.1828,0.925075,0,0,0.177582,0.292671,0,0.66528,12.849,1,1.24678,0.36288,0,13.0891,5.61613,6.58904,0.84672,12.849,0.84672,3695.15,0,36.966,0.42336,0.227405,2.05364,0.597249,1.50284,0.952097,0.42336,36.966,0.42336,423.524,0,0.35829,0,0,0.585694,0.227405,1.028160,1,0,7.54114,0,0,0,7.54114,0
22.2144,2.74503,0,0,0.406277,0.0453583,0.36288,3.6288,49.9476,1.11518,0,0,0.176837,0.296811,0,0.66528,12.849,1,1.41302,0.36288,0,12.4883,5.85795,5.58017,0.84672,12.849,0.84672,3695.15,0,36.966,0.42336,0.227405,2.05393,0.605216,1.53288,0.930313,0.42336,36.966,0.42336,423.524,0,0.351869,0,0,0.579274,0.227405,1.028160,1,0,6.51048,0,0,0,6.51048,0
19.5487,2.63463,0,0,0.376732,0.0448709,0.36288,3.6288,48.5646,1.22357,0,0,0.148742,0.308177,0,0.66528,12.1161,1,1.5239,0.36288,0,9.51618,5.88261,3.20544,0.84672,12.1161,0.84672,3695.15,0,36.966,0.42336,0.227405,2.23975,0.590509,1.50132,1.13299,0.42336,36.966,0.42336,423.524,0,0.243772,0,0,0.471177,0.227405,1.028160,1,0,4.33843,0,0,0,4.33843,0
16.9987,2.56762,0,0,0.420961,0.0405123,0.36288,3.6288,47.337,1.10335,0,0,0.182782,0.307046,0,0.66528,12.849,1,1.59139,0.36288,0,12.1092,5.95738,4.19044,0.84672,12.849,0.84672,3695.15,0,36.966,0.42336,0.227405,2.24007,0.626792,1.51626,1.15465,0.42336,36.966,0.42336,423.524,0,0.364298,0,0,0.591703,0.227405,1.028160,1,0,5.34509,0,0,0,5.34509,0
14.5604,2.36889,0,0,0.33257,0.0390684,0.36288,3.6288,45.918,1.24846,0,0,0.133423,0.30392,0,0.66528,12.849,1,1.7906,0.36288,0,12.4963,5.95738,5.11119,0.84672,12.849,0.84672,3695.15,0,36.966,0.42336,0.204422,2.24039,0.496653,1.51626,1.00184,0.42336,36.966,0.42336,423.524,0,0.219479,0,0,0.423902,0.204422,1.028160,1,0,6.11303,0,0,0,6.11303,0
12.3623,2.20985,0,0,0.411896,0.0373127,0.36288,3.6288,44.9233,0.916579,0,0,0.221969,0.300111,0,0.66528,12.849,1,1.95011,0.36288,0,11.0746,5.95738,3.52997,0.84672,12.849,0.84672,3695.15,0,36.966,0.42336,0.204422,2.24071,0.746325,1.51626,1.25183,0.42336,36.966,0.42336,423.524,0,0.551656,0,0,0.756079,0.204422,1.028160,1,0,4.7818,0,0,0,4.7818,0
10.4616,1.98415,0,0,0.462831,0.0164394,0.36288,3.6288,43.7131,1.01134,0,0,0.142102,0.340936,0,0.66528,12.849,1,2.06227,0.36288,0,13.9966,6.66193,5.6353,0.84672,12.849,0.84672,3695.15,0,36.966,0.42336,0.204422,2.24102,0.569794,1.6177,0.97418,0.42336,36.966,0.42336,423.524,0,0.345794,0,0,0.550217,0.204422,1.028160,1,0,6.60948,0,0,0,6.60948,0
8.71353,1.81621,0,0,0.48276,0.0517705,0.36288,3.6288,42.5466,1.01103,0,0,0.142096,0.297552,0,0.66528,12.849,1,2.23067,0.36288,0,13.9597,5.3536,6.73834,0.84672,12.849,0.84672,3695.15,0,36.966,0.42336,0.204422,2.13391,0.503429,1.25338,1.16502,0.42336,36.966,0.42336,423.524,0,0.346381,0,0,0.550803,0.204422,1.028160,1,0,7.90335,0,0,0,7.90335,0
7.3601,1.46447,0,0,0.549501,0.0755807,0.36288,3.6288,41.3115,1.16275,0,0,0.205481,0.277899,0,0.66528,12.849,1,2.15951,0.36288,0,13.7508,4.83147,7.12272,0.84672,12.849,0.84672,3695.15,0,36.966,0.42336,0.216518,2.13421,0.702489,1.15666,1.4732,0.42336,36.966,0.42336,423.524,0,0.530695,0,0,0.747213,0.216518,1.028160,1,0,8.59592,0,0,0,8.59592,0
6.12773,1.32001,0,0,0.523076,0.07255,0.36288,3.6288,40.0275,1.20928,0,0,0.199934,0.274613,0,0.66528,12.849,1,2.30443,0.36288,0,17.504,4.83147,10.731,0.84672,12.849,0.84672,3695.15,0,36.966,0.42336,0.216518,2.31457,0.695491,1.15666,1.64656,0.42336,36.966,0.42336,423.524,0,0.48416,0,0,0.700678,0.216518,1.028160,1,0,12.3776,0,0,0,12.3776,0
5.3661,1.14027,0,0,0.812778,0.0712568,0.36288,3.6288,38.99,1.00893,0,0,0.233862,0.262442,0,0.66528,12.849,1,2.391,0.36288,0,27.1761,4.85823,20.2897,0.84672,12.849,0.84672,3695.15,0,36.966,0.42336,0.216518,2.31466,0.792146,1.16192,1.73805,0.42336,36.966,0.42336,423.524,0,0.671242,0,0,0.88776,0.216518,1.028160,1,0,22.0278,0,0,0,22.0278,0
4.79967,1.11252,0,0,0.982066,0.0730918,0.36288,3.6288,37.9141,1.05862,0,0,0.220889,0.238194,0,0.66528,12.849,1,2.4192,0.36288,0,17.0109,4.92513,10.0294,0.84672,12.849,0.84672,3695.15,0,36.966,0.42336,0.216518,2.28695,0.632007,1.17506,1.53706,0.42336,36.966,0.42336,423.524,0,0.621821,0,0,0.838339,0.216518,1.028160,1,0,11.5665,0,0,0,11.5665,0
4.28626,1.11297,0,0,1.03417,0.0717302,0.36288,3.6288,36.9131,1.00036,0,0,0.235129,0.235762,0,0.66528,12.849,1,2.4192,0.36288,0,18.0957,4.92513,11.1143,0.84672,12.849,0.84672,3695.15,0,36.966,0.42336,0.216518,2.28724,1.13544,1.17506,2.04078,0.42336,36.966,0.42336,423.524,0,0.680348,0,0,0.896867,0.216518,1.028160,1,0,13.155,0,0,0,13.155,0
4.19193,1.11342,0,0,1.46197,0.0799951,0.36288,3.6288,36.1207,0.862657,0,0,0.297842,0.227548,0,0.66528,12.849,1,2.4192,0.36288,0,28.7752,4.71066,22.0082,0.84672,12.849,0.84672,3695.15,0,36.966,0.42336,0.292723,2.28753,1.0462,1.14391,2.05919,0.42336,36.966,0.42336,423.524,0,0.81832,0,0,1.11104,0.292723,1.028160,1,0,24.0674,0,0,0,24.0674,0
6.06591,0.847795,0,0,3.17705,0.0923989,0.36288,3.6288,36.0562,0.441685,0,0,0.595043,0.217929,0,0.66528,12.849,1,2.4192,0.36288,0,33.3414,4.4247,26.8604,0.84672,12.849,0.84672,3695.15,0,36.966,0.42336,0.570707,2.28782,1.90722,1.10238,3.24002,0.42336,36.966,0.42336,423.524,0,1.02816,0,0,1.59887,0.570707,1.028160,1,0,30.1004,0,0,0,30.1004,0
7.3882,0.967378,0,0,2.75952,0.106966,0.36288,3.6288,36.1035,0.355461,0,0,0.565616,0.162848,0,0.66528,12.849,1,2.04913,0.36288,0,47.3929,3.89697,41.8097,0.84672,12.849,0.84672,3695.15,0,36.966,0.36443,1.00542,2.07493,2.0589,0.922644,3.85217,0.42336,36.966,0.42336,423.524,0,1.02816,0,0,2.03358,1.00542,1.028160,1,0,45.6619,0,0,0,45.6619,0
8.74323,1.10141,0,0,2.93083,0.111513,0.36288,3.6288,36.1349,0.355807,0,0,0.550147,0.162923,0,0.66528,12.849,1,1.91549,0.36288,0,47.61,3.89697,42.1605,0.84672,12.849,0.84672,3695.15,0,36.966,0.364307,0.815193,1.91584,1.8276,0.922644,3.27168,0.42336,36.966,0.42336,423.524,0,1.02816,0,0,1.84335,0.815193,1.028160,1,0,45.4321,0,0,0,45.4321,0
9.48368,1.22177,0,0,2.44128,0.116173,0.36288,3.6288,36.1523,0.356074,0,0,0.53643,0.162973,0,0.66528,12.849,1,1.79551,0.36288,0,47.4208,3.89697,42.0912,0.84672,12.849,0.84672,3695.15,0,36.966,0.364264,0.720127,1.91608,1.82556,0.922644,3.17486,0.42336,36.966,0.42336,423.524,0,1.02816,0,0,1.74829,0.720127,1.028160,1,0,45.2661,0,0,0,45.2661,0
11.7679,1.28147,0,0,4.04639,0.117857,0.36288,3.6288,36.1504,0.356271,0,0,0.53487,0.180513,0,0.66528,12.849,1,1.7362,0.36288,0,44.1861,4.55847,38.2543,0.84672,12.849,0.84672,3695.15,0,36.966,0.36429,1.04514,1.91633,1.9088,1.128,3.37797,0.42336,36.966,0.42336,423.524,0,1.02816,0,0,2.0733,1.04514,1.028160,1,0,41.6323,0,0,0,41.6323,0
14.6408,1.76494,0,0,5.13068,0.129931,0.36288,3.6288,36.662,0.218858,0,0,0.92424,0.193699,0,0.66528,12.849,1,1.92709,0.36288,0,104.847,4.95092,98.3317,0.84672,12.849,0.84672,3695.15,0,36.966,0.223796,2.38874,1.91657,4.26547,1.14624,7.20076,0.42336,36.966,0.42336,423.524,0,1.02816,0,0,3.4169,2.38874,1.028160,1,0,105.532,0,0,0,105.532,0
19.3701,1.79562,0,0,7.03097,0.143215,0.36288,3.6288,37.3353,0.504139,0,0,1.37208,0.194707,0,0.66528,12.849,1,1.57586,0.36288,0,189.073,4.87316,182.987,0.84672,12.849,0.84672,3695.15,0,36.966,0.42336,4.12772,1.82824,6.53661,1.04439,11.0248,0.42336,36.966,0.42336,423.524,0,1.02816,0,0,5.15588,4.12772,1.028160,1,0,194.012,0,0,0,194.012,0
21.9861,2.28169,0,0,5.41921,0.158577,0.36288,3.6288,38.2362,0.253438,0,0,1.34885,0.194512,0,0.66528,12.849,1,1.51354,0.36288,0,161.593,4.89214,155.55,0.84672,12.849,0.84672,3695.15,0,36.966,0.250931,3.81833,2.14276,6.36227,1.07751,10.9949,0.42336,36.966,0.42336,423.524,0,1.02816,0,0,4.84649,3.81833,1.028160,1,0,166.545,0,0,0,166.545,0
25.2115,2.39561,0,0,6.15475,0.17084,0.36288,3.6288,38.8124,0.256562,0,0,1.03323,0.200491,0,0.66528,12.849,1,1.40003,0.36288,0,104.357,5.04182,98.2776,0.84672,12.849,0.84672,3695.15,0,36.966,0.248039,2.95739,1.89526,4.77472,1.2838,8.09553,0.42336,36.966,0.42336,423.524,0,1.02816,0,0,3.98555,2.95739,1.028160,1,0,106.373,0,0,0,106.373,0
28.0117,2.51451,0,0,5.82739,0.149844,0.36288,3.6288,39.4224,0.258566,0,0,1.08372,0.215064,0,0.66528,12.849,1,1.28152,0.36288,0,148.724,4.84998,142.955,0.84672,12.849,0.84672,3695.15,0,36.966,0.246266,3.01047,1.89551,4.76373,1.23622,8.18723,0.42336,36.966,0.42336,423.524,0,1.02816,0,0,4.03863,3.01047,1.028160,1,0,151.142,0,0,0,151.142,0
29.1818,2.82815,0,0,4.58755,0.226394,0.36288,3.6288,39.8767,0.379377,0,0,1.03013,0.196532,0,0.66528,12.849,1,1.29728,0.36288,0,113.918,4.56635,108.418,0.84672,12.849,0.84672,3695.15,0,36.966,0.355738,1.92018,1.89577,4.81194,1.37799,6.89416,0.42336,36.966,0.42336,423.524,0,1.02816,0,0,2.94834,1.92018,1.028160,1,0,115.312,0,0,0,115.312,0
30.3314,2.86457,0,0,4.60353,0.226507,0.36288,3.6288,40.2907,0.381614,0,0,0.995224,0.199533,0,0.66528,12.849,1,1.2613,0.36288,0,99.29,4.47346,93.9181,0.84672,12.849,0.84672,3695.15,0,36.966,0.35376,1.89321,2.13541,4.07853,1.32727,6.42612,0.42336,36.966,0.42336,423.524,0,1.02816,0,0,2.92137,1.89321,1.028160,1,0,100.344,0,0,0,100.344,0
32.691,2.89846,0,0,5.82945,0.208509,0.36288,3.6288,40.6114,0.383645,0,0,0.917682,0.213323,0,0.66528,12.849,1,1.22785,0.36288,0,136.118,3.91618,131.337,0.84672,12.849,0.84672,3695.15,0,36.966,0.351987,1.7191,2.13569,4.10604,1.02293,6.58592,0.42336,36.966,0.42336,423.524,0,1.02816,0,0,2.74726,1.7191,1.028160,1,0,137.923,0,0,0,137.923,0
34.8983,2.96239,0,0,5.74751,0.214932,0.36288,3.6288,41.6137,0.385236,0,0,1.59713,0.209684,0,0.66528,12.849,1,1.16435,0.36288,0,169.168,3.90438,164.462,0.84672,12.849,0.84672,3695.15,0,36.966,0.350655,3.04457,2.13598,5.74471,1.04039,9.53421,0.42336,36.966,0.42336,423.524,0,1.02816,0,0,4.07273,3.04457,1.028160,1,0,173.996,0,0,0,173.996,0
36.4248,2.6734,0,0,4.7833,0.2205,0.36288,3.6288,42.1844,0.226271,0,0,0.965339,0.168332,0,0.66528,12.849,1,0.984302,0.36288,0,119.721,3.29984,115.8,0.84672,12.849,0.84672,3695.15,0,36.966,0.200999,2.14876,2.13626,4.12522,0.93066,7.27858,0.42336,36.966,0.42336,423.524,0,1.02816,0,0,3.17692,2.14876,1.028160,1,0,123.078,0,0,0,123.078,0
38.4238,2.70417,0,0,5.29065,0.224588,0.36288,3.6288,42.6091,0.227838,0,0,0.82182,0.16926,0,0.66528,12.849,1,0.953908,0.36288,0,100.075,3.29984,96.1837,0.84672,12.849,0.84672,3695.15,0,36.966,0.199654,1.82755,1.80992,3.72591,0.93066,6.23307,0.42336,36.966,0.42336,423.524,0,1.02816,0,0,2.85571,1.82755,1.028160,1,0,102.417,0,0,0,102.417,0
39.9612,2.74165,0,0,4.87184,0.229942,0.36288,3.6288,43.0205,0.229023,0,0,0.810306,0.16995,0,0.66528,12.849,1,0.916813,0.36288,0,102.153,3.29984,98.2995,0.84672,12.849,0.84672,3695.15,0,36.966,0.198691,1.78349,1.81016,3.3755,0.93066,5.8398,0.42336,36.966,0.42336,423.524,0,1.02816,0,0,2.81165,1.78349,1.028160,1,0,104.139,0,0,0,104.139,0
45.3797,2.76863,0,0,8.78409,0.234077,0.36288,3.6288,43.9756,0.230164,0,0,1.35592,0.170619,0,0.66528,12.849,1,0.890216,0.36288,0,193.301,3.29984,189.474,0.84672,12.849,0.84672,3695.15,0,36.966,0.197772,3.85075,1.8104,6.70219,0.93066,11.2349,0.42336,36.966,0.42336,423.524,0,1.02816,0,0,4.87891,3.85075,1.028160,1,0,200.709,0,0,0,200.709,0
49.0051,2.85177,0,0,7.05097,0.210899,0.36288,3.6288,44.8765,0.232618,0,0,1.28172,0.148177,0,0.66528,12.849,1,0.807461,0.36288,0,189.506,3.23416,185.828,0.84672,12.849,0.84672,3695.15,0,36.966,0.19554,2.99806,1.81065,5.71987,0.934397,9.39864,0.42336,36.966,0.42336,423.524,0,1.02816,0,0,4.02622,2.99806,1.028160,1,0,195.226,0,0,0,195.226,0
50.606,2.99308,0,0,5.17321,0.216387,0.36288,3.6288,45.5149,0.276351,0,0,1.06195,0.147201,0,0.66528,12.849,1,0.784776,0.36288,0,123.023,3.32997,119.271,0.84672,12.849,0.84672,3695.15,0,36.966,0.227637,1.86933,1.81089,4.14704,0.953428,6.6462,0.42336,36.966,0.42336,423.524,0,1.02816,0,0,2.89749,1.86933,1.028160,1,0,125.918,0,0,0,125.918,0
52.7522,3.01319,0,0,5.74373,0.221407,0.36288,3.6288,46.2653,0.27824,0,0,1.18384,0.155249,0,0.66528,12.849,1,0.765058,0.36288,0,116.853,3.50056,112.951,0.84672,12.849,0.84672,3695.15,0,36.966,0.225979,2.33382,1.89171,5.34346,0.968065,8.37494,0.42336,36.966,0.42336,423.524,0,1.02816,0,0,3.36198,2.33382,1.028160,1,0,121.326,0,0,0,121.326,0
54.292,3.03854,0,0,5.16633,0.225142,0.36288,3.6288,46.8843,0.280406,0,0,1.096,0.196602,0,0.66528,12.849,1,0.740105,0.36288,0,105.148,4.34348,100.427,0.84672,12.849,0.84672,3695.15,0,36.966,0.224044,2.13964,1.89196,4.87047,1.0351,7.64293,0.42336,36.966,0.42336,423.524,0,1.02816,0,0,3.1678,2.13964,1.028160,1,0,108.07,0,0,0,108.07,0
55.5785,3.05583,0,0,4.87529,0.170088,0.36288,3.6288,47.66,0.282189,0,0,1.24247,0.184591,0,0.66528,12.849,1,0.723208,0.36288,0,110.42,3.69651,106.363,0.84672,12.849,0.84672,3695.15,0,36.966,0.222492,2.34512,1.89221,5.31593,0.965011,8.36576,0.42336,36.966,0.42336,423.524,0,1.02816,0,0,3.37328,2.34512,1.028160,1,0,114.729,0,0,0,114.729,0
56.1153,3.03218,0,0,4.10139,0.169499,0.36288,3.6288,48.0954,0.267812,0,0,0.896106,0.192808,0,0.66528,12.849,1,0.701,0.36288,0,79.8474,4.27917,75.2301,0.84672,12.849,0.84672,3695.15,0,36.966,0.20772,1.74147,1.89247,3.15951,1.03787,5.54785,0.42336,36.966,0.42336,423.524,0,1.02816,0,0,2.76963,1.74147,1.028160,1,0,80.778,0,0,0,80.778,0
56.0112,3.03796,0,0,3.46716,0.170407,0.36288,3.6288,48.4677,0.269004,0,0,0.834795,0.19351,0,0.66528,12.849,1,0.695616,0.36288,0,67.9933,4.27917,63.3814,0.84672,12.849,0.84672,3695.15,0,36.966,0.206756,1.4495,1.86135,2.604,1.03787,4.67022,0.42336,36.966,0.42336,423.524,0,1.02816,0,0,2.47766,1.4495,1.028160,1,0,68.0517,0,0,0,68.0517,0
55.5155,3.03723,0,0,3.07457,0.170231,0.36288,3.6288,48.7533,0.270034,0,0,0.7497,0.194109,0,0.66528,12.849,1,0.696741,0.36288,0,58.6127,4.27917,53.9997,0.84672,12.849,0.84672,3695.15,0,36.966,0.205953,1.12833,1.8616,2.24583,1.03787,3.99194,0.42336,36.966,0.42336,423.524,0,1.02816,0,0,2.15649,1.12833,1.028160,1,0,57.9916,0,0,0,57.9916,0
54.7621,3.03249,0,0,2.80387,0.161895,0.36288,3.6288,48.9747,0.27085,0,0,0.676393,0.184167,0,0.66528,12.849,1,0.701867,0.36288,0,52.6497,4.04325,48.2674,0.84672,12.849,0.84672,3695.15,0,36.966,0.205365,0.956655,1.86185,2.07155,0.978037,3.70666,0.42336,36.966,0.42336,423.524,0,1.02816,0,0,1.98482,0.956655,1.028160,1,0,51.9741,0,0,0,51.9741,0
53.9517,3.15222,0,0,2.85533,0.15062,0.36288,3.6288,49.1044,0.330909,0,0,0.674081,0.213383,0,0.66528,12.849,1,0.739614,0.36288,0,52.3074,4.85907,47.0716,0.84672,12.849,0.84672,3695.15,0,36.966,0.24977,0.961165,1.8621,2.0327,1.06953,3.53667,0.42336,36.966,0.42336,423.524,0,1.02816,0,0,1.98933,0.961165,1.028160,1,0,50.6083,0,0,0,50.6083,0
52.885,3.14357,0,0,2.55546,0.115696,0.36288,3.6288,49.1046,0.331423,0,0,0.534159,0.202588,0,0.66528,12.849,1,0.748666,0.36288,0,46.4442,4.51185,41.5466,0.84672,12.849,0.84672,3695.15,0,36.966,0.249496,0.940464,1.97232,1.86578,1.04693,3.48214,0.42336,36.966,0.42336,423.524,0,1.02816,0,0,1.96862,0.940464,1.028160,1,0,45.0287,0,0,0,45.0287,0
51.6907,3.13175,0,0,2.40195,0.101584,0.36288,3.6288,49.1234,0.33156,0,0,0.556274,0.205862,0,0.66528,12.849,1,0.760895,0.36288,0,42.7799,4.62021,37.7617,0.84672,12.849,0.84672,3695.15,0,36.966,0.249599,0.945346,1.97258,1.89626,1.02687,3.53771,0.42336,36.966,0.42336,423.524,0,1.02816,0,0,1.97351,0.945346,1.028160,1,0,41.2994,0,0,0,41.2994,0
50.4176,3.118,0,0,2.30809,0.100339,0.36288,3.6288,49.1525,0.331752,0,0,0.566689,0.205894,0,0.66528,12.849,1,0.775056,0.36288,0,40.3292,4.62021,35.2968,0.84672,12.849,0.84672,3695.15,0,36.966,0.249647,0.847117,1.97284,1.89083,1.02687,3.43428,0.42336,36.966,0.42336,423.524,0,1.02816,0,0,1.87528,0.847117,1.028160,1,0,38.7311,0,0,0,38.7311,0
49.6359,3.10273,0,0,2.76446,0.0805472,0.36288,3.6288,49.1603,0.331973,0,0,0.554683,0.214881,0,0.66528,12.849,1,0.790736,0.36288,0,49.3709,4.98291,43.9602,0.84672,12.849,0.84672,3695.15,0,36.966,0.249666,1.40553,1.9731,3.0316,1.12425,5.03631,0.42336,36.966,0.42336,423.524,0,1.02816,0,0,2.43369,1.40553,1.028160,1,0,48.9965,0,0,0,48.9965,0
48.9262,3.06847,0,0,2.79422,0.0725591,0.36288,3.6288,49.1171,0.364852,0,0,0.540147,0.218471,0,0.66528,12.849,1,0.794321,0.36288,0,52.8553,5.12799,47.2959,0.84672,12.849,0.84672,3695.15,0,36.966,0.27435,1.52334,1.97337,3.64522,1.16321,5.70437,0.42336,36.966,0.42336,423.524,0,1.02816,0,0,2.5515,1.52334,1.028160,1,0,53.0002,0,0,0,53.0002,0
47.9729,3.05967,0,0,2.54121,0.0720081,0.36288,3.6288,49.0606,0.364856,0,0,0.526715,0.218393,0,0.66528,12.849,1,0.80353,0.36288,0,51.8208,5.12799,46.2522,0.84672,12.849,0.84672,3695.15,0,36.966,0.274594,1.49027,2.01209,3.49273,1.16321,5.55729,0.42336,36.966,0.42336,423.524,0,1.02816,0,0,2.51843,1.49027,1.028160,1,0,51.8095,0,0,0,51.8095,0
46.7978,3.0474,0,0,2.30652,0.0712665,0.36288,3.6288,48.9716,0.364816,0,0,0.494144,0.218291,0,0.66528,12.849,1,0.816211,0.36288,0,46.1766,5.12799,40.5952,0.84672,12.849,0.84672,3695.15,0,36.966,0.27488,1.20626,2.01236,3.37876,1.16321,5.15929,0.42336,36.966,0.42336,423.524,0,1.02816,0,0,2.23442,1.20626,1.028160,1,0,45.7545,0,0,0,45.7545,0
45.5443,3.03164,0,0,2.18599,0.0450112,0.36288,3.6288,48.7801,0.364672,0,0,0.462631,0.289487,0,0.66528,12.849,1,0.832378,0.36288,0,40.9239,6.04209,34.4123,0.84672,12.849,0.84672,3695.15,0,36.966,0.275271,1.17795,2.01263,3.01351,1.51148,4.41733,0.42336,36.966,0.42336,423.524,0,1.02816,0,0,2.20611,1.17795,1.028160,1,0,38.8296,0,0,0,38.8296,0
44.4444,3.07672,0,0,2.38666,0.0469587,0.36288,3.6288,48.6838,0.393275,0,0,0.588565,0.291593,0,0.66528,12.849,1,0.868007,0.36288,0,49.9752,5.85722,43.6129,0.84672,12.849,0.84672,3695.15,0,36.966,0.298027,1.41451,2.01289,2.93284,1.48053,4.58169,0.42336,36.966,0.42336,423.524,0,1.02816,0,0,2.44267,1.41451,1.028160,1,0,48.1946,0,0,0,48.1946,0
43.1718,3.06038,0,0,2.19706,0.0463796,0.36288,3.6288,48.4983,0.393083,0,0,0.49896,0.291361,0,0.66528,12.849,1,0.884764,0.36288,0,41.0489,5.85722,34.6698,0.84672,12.849,0.84672,3695.15,0,36.966,0.298471,1.56266,2.0677,2.83579,1.48053,4.68714,0.42336,36.966,0.42336,423.524,0,1.02816,0,0,2.59082,1.56266,1.028160,1,0,39.3569,0,0,0,39.3569,0
41.7344,3.0406,0,0,2.01175,0.0457096,0.36288,3.6288,48.277,0.392579,0,0,0.462143,0.290913,0,0.66528,12.849,1,0.904958,0.36288,0,39.0168,5.85722,32.6175,0.84672,12.849,0.84672,3695.15,0,36.966,0.299228,1.18652,2.06797,2.49262,1.48053,3.96735,0.42336,36.966,0.42336,423.524,0,1.02816,0,0,2.21468,1.18652,1.028160,1,0,36.5848,0,0,0,36.5848,0
40.4423,3.01709,0,0,2.12552,0.0376268,0.36288,3.6288,48.1205,0.391946,0,0,0.530531,0.295096,0,0.66528,12.849,1,0.928887,0.36288,0,38.2662,6.00677,31.6934,0.84672,12.849,0.84672,3695.15,0,36.966,0.300115,1.62948,2.06824,3.29743,1.51041,5.18463,0.42336,36.966,0.42336,423.524,0,1.02816,0,0,2.65764,1.62948,1.028160,1,0,36.8781,0,0,0,36.8781,0
39.3126,3.17344,0,0,2.45612,0.0495399,0.36288,3.6288,47.8372,0.495922,0,0,0.522335,0.309732,0,0.66528,12.849,1,1.00824,0.36288,0,38.8855,6.18678,32.0534,0.84672,12.849,0.84672,3695.15,0,36.966,0.380966,1.79268,2.06852,3.66018,1.52172,5.6187,0.42336,36.966,0.42336,423.524,0,1.02816,0,0,2.82084,1.79268,1.028160,1,0,37.6721,0,0,0,37.6721,0
37.6852,3.15194,0,0,1.9352,0.0477748,0.36288,3.6288,47.3977,0.494805,0,0,0.375066,0.319671,0,0.66528,12.849,1,1.03019,0.36288,0,41.6993,6.29003,34.742,0.84672,12.849,0.84672,3695.15,0,36.966,0.382359,1.04197,2.25549,2.81267,1.53321,4.19455,0.42336,36.966,0.42336,423.524,0,1.02816,0,0,2.07013,1.04197,1.028160,1,0,38.9365,0,0,0,38.9365,0
36.5085,3.11909,0,0,2.35216,0.0468785,0.36288,3.6288,47.1893,0.492968,0,0,0.603004,0.318499,0,0.66528,12.849,1,1.06347,0.36288,0,36.3491,6.29003,29.3585,0.84672,12.849,0.84672,3695.15,0,36.966,0.384471,2.40397,2.25578,4.05265,1.53321,6.79472,0.42336,36.966,0.42336,423.524,0,1.02816,0,0,3.43213,2.40397,1.028160,1,0,36.1532,0,0,0,36.1532,0
34.897,3.09407,0,0,1.89528,0.0497972,0.36288,3.6288,46.8308,0.492169,0,0,0.426721,0.293055,0,0.66528,12.849,1,1.08894,0.36288,0,31.2794,5.55065,25.0027,0.84672,12.849,0.84672,3695.15,0,36.966,0.385544,1.46118,2.25608,4.06327,1.24539,6.14959,0.42336,36.966,0.42336,423.524,0,1.02816,0,0,2.48934,1.46118,1.028160,1,0,31.1523,0,0,0,31.1523,0
34.2064,3.05764,0,0,2.79063,0.0607426,0.36288,3.6288,46.5966,0.490674,0,0,0.546534,0.290082,0,0.66528,12.849,1,1.12581,0.36288,0,40.0293,5.27739,33.989,0.84672,12.849,0.84672,3695.15,0,36.966,0.387314,2.68139,2.25637,4.95855,1.23113,8.27786,0.42336,36.966,0.42336,423.524,0,1.02816,0,0,3.70955,2.68139,1.028160,1,0,42.2668,0,0,0,42.2668,0
33.3097,2.95803,0,0,2.49138,0.0671331,0.36288,3.6288,46.3209,0.427234,0,0,0.453429,0.301841,0,0.66528,12.849,1,1.11113,0.36288,0,41.568,5.48835,35.3314,0.84672,12.849,0.84672,3695.15,0,36.966,0.338933,2.48553,2.25667,3.82504,1.38234,6.84597,0.42336,36.966,0.42336,423.524,0,1.02816,0,0,3.51369,2.48553,1.028160,1,0,42.1774,0,0,0,42.1774,0
32.1156,2.93675,0,0,2.17191,0.0663957,0.36288,3.6288,45.996,0.426257,0,0,0.402466,0.301074,0,0.66528,12.849,1,1.13283,0.36288,0,38.0049,5.48835,31.7466,0.84672,12.849,0.84672,3695.15,0,36.966,0.340171,2.20521,2.14886,3.72655,1.38234,6.35812,0.42336,36.966,0.42336,423.524,0,1.02816,0,0,3.23337,2.20521,1.028160,1,0,38.1047,0,0,0,38.1047,0
31.8865,2.90698,0,0,3.10621,0.0654138,0.36288,3.6288,45.8321,0.42507,0,0,0.561282,0.300171,0,0.66528,12.849,1,1.16304,0.36288,0,47.286,5.48835,40.9975,0.84672,12.849,0.84672,3695.15,0,36.966,0.34162,3.04913,2.14914,6.06481,1.38234,9.53912,0.42336,36.966,0.42336,423.524,0,1.02816,0,0,4.07729,3.04913,1.028160,1,0,50.5366,0,0,0,50.5366,0
32.7579,2.90133,0,0,4.21692,0.0813131,0.36288,3.6288,45.7565,0.424539,0,0,0.623969,0.275051,0,0.66528,12.849,1,1.16912,0.36288,0,64.435,5.19579,58.433,0.84672,12.849,0.84672,3695.15,0,36.966,0.342413,3.22095,2.14942,10.496,1.32004,14.2039,0.42336,36.966,0.42336,423.524,0,1.02816,0,0,4.24911,3.22095,1.028160,1,0,72.6369,0,0,0,72.6369,0
30.8473,2.8563,0,0,1.42315,0.114657,0.36288,3.6288,45.5512,0.367905,0,0,0.35725,0.194608,0,0.66528,12.849,1,1.12036,0.36288,0,24.7466,4.64108,19.348,0.84672,12.849,0.84672,3695.15,0,36.966,0.297225,1.18547,2.14971,4.4662,1.25276,6.25138,0.42336,36.966,0.42336,423.524,0,1.02816,0,0,2.21363,1.18547,1.028160,1,0,25.5994,0,0,0,25.5994,0
29.5474,2.8076,0,0,2.04759,0.17697,0.36288,3.6288,45.5609,0.367303,0,0,0.581686,0.204667,0,0.66528,12.849,1,1.16947,0.36288,0,38.7433,4.78831,33.1484,0.84672,12.849,0.84672,3695.15,0,36.966,0.298076,1.67769,2.05346,4.47659,1.26075,6.64892,0.42336,36.966,0.42336,423.524,0,1.02816,0,0,2.70585,1.67769,1.028160,1,0,39.7973,0,0,0,39.7973,0
30.2834,2.77204,0,0,4.04482,0.173923,0.36288,3.6288,45.7741,0.367476,0,0,0.78534,0.204686,0,0.66528,12.849,1,1.20545,0.36288,0,67.7566,4.78831,62.1257,0.84672,12.849,0.84672,3695.15,0,36.966,0.298153,3.0314,2.05373,9.15982,1.26075,12.686,0.42336,36.966,0.42336,423.524,0,1.02816,0,0,4.05956,3.0314,1.028160,1,0,74.8118,0,0,0,74.8118,0
30.6483,2.7929,0,0,3.69636,0.175648,0.36288,3.6288,45.8127,0.368383,0,0,0.612075,0.205092,0,0.66528,12.849,1,1.18501,0.36288,0,88.1902,4.78831,82.5798,0.84672,12.849,0.84672,3695.15,0,36.966,0.297496,3.23997,2.054,8.7987,1.26075,12.5344,0.42336,36.966,0.42336,423.524,0,1.02816,0,0,4.26813,3.23997,1.028160,1,0,95.1142,0,0,0,95.1142,0
30.507,2.6145,0,0,3.02135,0.185258,0.36288,3.6288,46.3693,0.250938,0,0,0.990927,0.183334,0,0.66528,12.849,1,1.0961,0.36288,0,100.669,4.39956,95.5362,0.84672,12.849,0.84672,3695.15,0,36.966,0.20248,3.21237,2.05428,9.5849,1.17471,13.4744,0.42336,36.966,0.42336,423.524,0,1.02816,0,0,4.24053,3.21237,1.028160,1,0,109.011,0,0,0,109.011,0
30.1928,2.6112,0,0,2.85953,0.199652,0.36288,3.6288,46.8851,0.252415,0,0,0.948942,0.18082,0,0.66528,12.849,1,1.09979,0.36288,0,78.5393,4.38071,73.4217,0.84672,12.849,0.84672,3695.15,0,36.966,0.201227,3.03532,1.84003,7.09093,1.17989,10.5852,0.42336,36.966,0.42336,423.524,0,1.02816,0,0,4.06348,3.03532,1.028160,1,0,84.0069,0,0,0,84.0069,0
31.8753,2.60344,0,0,4.83142,0.182623,0.36288,3.6288,47.541,0.253779,0,0,1.08452,0.174838,0,0.66528,12.849,1,1.10793,0.36288,0,132.341,3.82689,127.769,0.84672,12.849,0.84672,3695.15,0,36.966,0.200089,3.08335,1.84028,10.5729,1.0929,14.2035,0.42336,36.966,0.42336,423.524,0,1.02816,0,0,4.11151,3.08335,1.028160,1,0,141.972,0,0,0,141.972,0
32.1643,2.6454,0,0,3.4674,0.170105,0.36288,3.6288,47.9886,0.255458,0,0,0.881539,0.178475,0,0.66528,12.849,1,1.06637,0.36288,0,126.202,3.16207,122.336,0.84672,12.849,0.84672,3695.15,0,36.966,0.198634,2.85053,1.84053,7.54505,0.725117,11.3124,0.42336,36.966,0.42336,423.524,0,1.02816,0,0,3.87869,2.85053,1.028160,1,0,133.649,0,0,0,133.649,0
34.9462,2.65252,0,0,5.98205,0.184707,0.36288,3.6288,48.791,0.256632,0,0,1.24736,0.188294,0,0.66528,12.849,1,1.05963,0.36288,0,205.87,3.72341,201.449,0.84672,12.849,0.84672,3695.15,0,36.966,0.197685,4.63635,1.84077,12.338,0.811064,17.8063,0.42336,36.966,0.42336,423.524,0,1.02816,0,0,5.66451,4.63635,1.028160,1,0,219.256,0,0,0,219.256,0
36.976,2.78981,0,0,5.39287,0.210456,0.36288,3.6288,49.279,0.293667,0,0,0.983514,0.201836,0,0.66528,12.849,1,1.02575,0.36288,0,127.086,4.47184,121.951,0.84672,12.849,0.84672,3695.15,0,36.966,0.222494,3.28244,1.84102,8.60995,0.92566,12.5853,0.42336,36.966,0.42336,423.524,0,1.02816,0,0,4.3106,3.28244,1.028160,1,0,134.536,0,0,0,134.536,0
39.9706,2.83187,0,0,6.40503,0.215642,0.36288,3.6288,49.9031,0.295048,0,0,1.12183,0.202651,0,0.66528,12.849,1,0.984063,0.36288,0,173.971,4.47184,168.878,0.84672,12.849,0.84672,3695.15,0,36.966,0.221327,4.04231,1.90818,9.24654,0.92566,14.05,0.42336,36.966,0.42336,423.524,0,1.02816,0,0,5.07047,4.04231,1.028160,1,0,182.928,0,0,0,182.928,0
41.4284,2.88794,0,0,4.93678,0.228199,0.36288,3.6288,50.5072,0.296761,0,0,1.10282,0.202046,0,0.66528,12.849,1,0.92836,0.36288,0,148.684,4.49084,143.628,0.84672,12.849,0.84672,3695.15,0,36.966,0.219827,3.73811,1.90841,8.99984,0.958773,13.4678,0.42336,36.966,0.42336,423.524,0,1.02816,0,0,4.76627,3.73811,1.028160,1,0,157.095,0,0,0,157.095,0
43.5187,2.91315,0,0,5.60679,0.240466,0.36288,3.6288,50.8457,0.298402,0,0,0.844779,0.207845,0,0.66528,12.849,1,0.903514,0.36288,0,96.0215,4.6405,90.8404,0.84672,12.849,0.84672,3695.15,0,36.966,0.2184,2.8914,1.90865,6.75413,1.16506,10.1707,0.42336,36.966,0.42336,423.524,0,1.02816,0,0,3.91956,2.8914,1.028160,1,0,101.011,0,0,0,101.011,0
46.3812,3.2025,0,0,6.69021,0.262302,0.36288,3.6288,51.5449,0.433389,0,0,1.3326,0.200048,0,0.66528,12.849,1,0.945546,0.36288,0,198.993,3.79585,194.615,0.84672,12.849,0.84672,3695.15,0,36.966,0.315084,4.57397,1.90888,9.19071,1.02619,14.3323,0.42336,36.966,0.42336,423.524,0,1.02816,0,0,5.60213,4.57397,1.028160,1,0,208.947,0,0,0,208.947,0
48.8766,3.24851,0,0,6.37768,0.270917,0.36288,3.6288,52.0625,0.436017,0,0,1.15483,0.201187,0,0.66528,12.849,1,0.899937,0.36288,0,177.926,3.79585,173.593,0.84672,12.849,0.84672,3695.15,0,36.966,0.312695,4.06187,2.14997,8.50207,1.02619,13.375,0.42336,36.966,0.42336,423.524,0,1.02816,0,0,5.09003,4.06187,1.028160,1,0,186.968,0,0,0,186.968,0
54.036,3.28521,0,0,9.08176,0.274219,0.36288,3.6288,53.2238,0.437975,0,0,1.81174,0.212424,0,0.66528,12.849,1,0.863639,0.36288,0,247.288,4.05794,242.729,0.84672,12.849,0.84672,3695.15,0,36.966,0.310976,6.78709,2.15023,14.4974,1.10818,22.0156,0.42336,36.966,0.42336,423.524,0,1.02816,0,0,7.81525,6.78709,1.028160,1,0,264.745,0,0,0,264.745,0
59.3159,3.35216,0,0,9.27625,0.281286,0.36288,3.6288,54.6377,0.44212,0,0,2.07537,0.219415,0,0.66528,12.849,1,0.797097,0.36288,0,231.126,4.39107,226.301,0.84672,12.849,0.84672,3695.15,0,36.966,0.307069,8.02293,2.15049,18.1853,1.17189,26.8798,0.42336,36.966,0.42336,423.524,0,1.02816,0,0,9.05109,8.02293,1.028160,1,0,253.181,0,0,0,253.181,0
59.3132,3.02258,0,0,3.68509,0.302375,0.36288,3.6288,54.9029,0.26165,0,0,0.677865,0.150944,0,0.66528,12.849,1,0.65475,0.36288,0,136.806,2.39232,134.122,0.84672,12.849,0.84672,3695.15,0,36.966,0.177024,2.59928,2.15075,6.22303,0.771035,10.025,0.42336,36.966,0.42336,423.524,0,1.02816,0,0,3.62744,2.59928,1.028160,1,0,144.147,0,0,0,144.147,0
60.063,3.02284,0,0,4.43793,0.302367,0.36288,3.6288,55.1417,0.262284,0,0,0.652251,0.151208,0,0.66528,12.849,1,0.654838,0.36288,0,142.425,2.39232,139.741,0.84672,12.849,0.84672,3695.15,0,36.966,0.176595,2.03029,1.82241,7.67268,0.771035,10.5777,0.42336,36.966,0.42336,423.524,0,1.02816,0,0,3.05845,2.03029,1.028160,1,0,150.319,0,0,0,150.319,0
60.3703,3.02987,0,0,3.97194,0.27196,0.36288,3.6288,55.3546,0.262864,0,0,0.639275,0.163492,0,0.66528,12.849,1,0.648166,0.36288,0,148.046,2.94297,144.818,0.84672,12.849,0.84672,3695.15,0,36.966,0.176219,2.69341,1.82263,6.31717,0.914392,9.7426,0.42336,36.966,0.42336,423.524,0,1.02816,0,0,3.72157,2.69341,1.028160,1,0,154.561,0,0,0,154.561,0
61.6037,3.03288,0,0,4.9095,0.280309,0.36288,3.6288,55.7099,0.263393,0,0,0.780565,0.161903,0,0.66528,12.849,1,0.645508,0.36288,0,113.341,3.61434,109.444,0.84672,12.849,0.84672,3695.15,0,36.966,0.175895,2.16413,1.82286,6.85662,0.939339,9.72837,0.42336,36.966,0.42336,423.524,0,1.02816,0,0,3.19229,2.16413,1.028160,1,0,119.173,0,0,0,119.173,0
62.2814,3.04387,0,0,4.37456,0.290058,0.36288,3.6288,56.3783,0.264191,0,0,1.09113,0.158483,0,0.66528,12.849,1,0.634875,0.36288,0,84.382,3.18966,80.9203,0.84672,12.849,0.84672,3695.15,0,36.966,0.175303,2.30986,1.82308,6.03091,0.903645,9.0849,0.42336,36.966,0.42336,423.524,0,1.02816,0,0,3.33802,2.30986,1.028160,1,0,90.0052,0,0,0,90.0052,0
61.6148,3.1485,0,0,3.14213,0.297365,0.36288,3.6288,56.6361,0.311511,0,0,0.72955,0.160233,0,0.66528,12.849,1,0.649552,0.36288,0,64.1333,2.877,60.9696,0.84672,12.849,0.84672,3695.15,0,36.966,0.204251,1.35216,1.82331,5.23314,0.892676,7.31168,0.42336,36.966,0.42336,423.524,0,1.02816,0,0,2.38032,1.35216,1.028160,1,0,68.2813,0,0,0,68.2813,0
60.6654,3.14299,0,0,2.85218,0.295737,0.36288,3.6288,56.8008,0.312203,0,0,0.637378,0.160503,0,0.66528,12.849,1,0.65543,0.36288,0,72.1102,2.877,68.9407,0.84672,12.849,0.84672,3695.15,0,36.966,0.203772,1.11717,1.90459,4.62905,0.892676,6.55436,0.42336,36.966,0.42336,423.524,0,1.02816,0,0,2.14533,1.11717,1.028160,1,0,75.495,0,0,0,75.495,0
59.4455,3.13482,0,0,2.57119,0.293419,0.36288,3.6288,56.8428,0.31269,0,0,0.515341,0.160675,0,0.66528,12.849,1,0.663959,0.36288,0,52.8909,2.877,49.7128,0.84672,12.849,0.84672,3695.15,0,36.966,0.203499,1.55503,1.90482,3.86413,0.892676,6.22781,0.42336,36.966,0.42336,423.524,0,1.02816,0,0,2.58319,1.55503,1.028160,1,0,55.9406,0,0,0,55.9406,0
58.2806,3.12392,0,0,2.57653,0.254555,0.36288,3.6288,56.9297,0.31291,0,0,0.533942,0.134078,0,0.66528,12.849,1,0.675228,0.36288,0,59.8314,2.29857,57.2205,0.84672,12.849,0.84672,3695.15,0,36.966,0.203492,1.83915,1.90506,3.31461,0.823702,6.03162,0.42336,36.966,0.42336,423.524,0,1.02816,0,0,2.86731,1.83915,1.028160,1,0,63.2521,0,0,0,63.2521,0
56.8624,3.07504,0,0,2.23364,0.213924,0.36288,3.6288,57.0411,0.295308,0,0,0.594615,0.187937,0,0.66528,12.849,1,0.677946,0.36288,0,57.4867,3.30761,53.864,0.84672,12.849,0.84672,3695.15,0,36.966,0.191752,2.15503,1.90529,3.29964,0.995297,6.17291,0.42336,36.966,0.42336,423.524,0,1.02816,0,0,3.18319,2.15503,1.028160,1,0,60.0369,0,0,0,60.0369,0
55.2432,3.06154,0,0,2.01616,0.210974,0.36288,3.6288,57.1539,0.295663,0,0,0.596487,0.188073,0,0.66528,12.849,1,0.691805,0.36288,0,52.7544,3.30761,49.1178,0.84672,12.849,0.84672,3695.15,0,36.966,0.191607,2.28741,1.87397,4.20019,0.995297,7.17467,0.42336,36.966,0.42336,423.524,0,1.02816,0,0,3.31557,2.28741,1.028160,1,0,56.2925,0,0,0,56.2925,0
54.7435,3.04538,0,0,3.11614,0.207606,0.36288,3.6288,57.3982,0.29602,0,0,0.728565,0.188211,0,0.66528,12.849,1,0.708324,0.36288,0,66.3313,3.30761,62.6782,0.84672,12.849,0.84672,3695.15,0,36.966,0.19146,2.80786,1.8742,3.78883,0.995297,7.28413,0.42336,36.966,0.42336,423.524,0,1.02816,0,0,3.83602,2.80786,1.028160,1,0,69.9624,0,0,0,69.9624,0
53.259,3.04044,0,0,2.08611,0.167254,0.36288,3.6288,57.5433,0.296644,0,0,0.640675,0.198955,0,0.66528,12.849,1,0.71363,0.36288,0,56.9067,3.63268,52.9232,0.84672,12.849,0.84672,3695.15,0,36.966,0.191047,2.37187,1.87443,3.37062,0.935119,6.49075,0.42336,36.966,0.42336,423.524,0,1.02816,0,0,3.40003,2.37187,1.028160,1,0,59.414,0,0,0,59.414,0
51.8428,3.15201,0,0,2.24291,0.144198,0.36288,3.6288,57.6826,0.360907,0,0,0.66546,0.165211,0,0.66528,12.849,1,0.760437,0.36288,0,56.3021,3.71315,52.1914,0.84672,12.849,0.84672,3695.15,0,36.966,0.231848,2.59827,1.87466,3.70824,0.829909,7.11941,0.42336,36.966,0.42336,423.524,0,1.02816,0,0,3.62643,2.59827,1.028160,1,0,59.3108,0,0,0,59.3108,0
50.245,3.13566,0,0,2.04049,0.139794,0.36288,3.6288,57.7411,0.361384,0,0,0.579322,0.15941,0,0.66528,12.849,1,0.777159,0.36288,0,49.818,3.71753,45.6862,0.84672,12.849,0.84672,3695.15,0,36.966,0.231593,2.11823,1.98551,3.33827,0.814045,6.39638,0.42336,36.966,0.42336,423.524,0,1.02816,0,0,3.14639,2.11823,1.028160,1,0,52.0826,0,0,0,52.0826,0
48.3985,3.11628,0,0,1.77014,0.137477,0.36288,3.6288,57.7559,0.361662,0,0,0.535865,0.15947,0,0.66528,12.849,1,0.796917,0.36288,0,46.2444,3.71753,42.0928,0.84672,12.849,0.84672,3695.15,0,36.966,0.231537,2.12437,1.98575,3.28708,0.814045,6.35162,0.42336,36.966,0.42336,423.524,0,1.02816,0,0,3.15253,2.12437,1.028160,1,0,48.4444,0,0,0,48.4444,0
46.4,3.09255,0,0,1.59169,0.134784,0.36288,3.6288,57.6801,0.361833,0,0,0.445544,0.159485,0,0.66528,12.849,1,0.821022,0.36288,0,42.9919,3.71753,38.8162,0.84672,12.849,0.84672,3695.15,0,36.966,0.231587,1.68814,1.986,3.1125,0.814045,5.741,0.42336,36.966,0.42336,423.524,0,1.02816,0,0,2.7163,1.68814,1.028160,1,0,44.5572,0,0,0,44.5572,0
44.7198,3.06516,0,0,1.85715,0.109323,0.36288,3.6288,57.671,0.361783,0,0,0.549877,0.197202,0,0.66528,12.849,1,0.848798,0.36288,0,40.0698,4.3668,35.2171,0.84672,12.849,0.84672,3695.15,0,36.966,0.231859,1.36558,1.98624,2.79285,0.975719,4.93709,0.42336,36.966,0.42336,423.524,0,1.02816,0,0,2.39374,1.36558,1.028160,1,0,40.1542,0,0,0,40.1542,0
43.2404,3.01639,0,0,1.997,0.097129,0.36288,3.6288,57.6669,0.397034,0,0,0.610048,0.21709,0,0.66528,12.849,1,0.866677,0.36288,0,39.1616,4.68258,33.9752,0.84672,12.849,0.84672,3695.15,0,36.966,0.254491,1.04803,1.98648,2.4868,1.05026,4.21656,0.42336,36.966,0.42336,423.524,0,1.02816,0,0,2.07619,1.04803,1.028160,1,0,38.1918,0,0,0,38.1918,0
41.6133,2.99382,0,0,1.82511,0.0955028,0.36288,3.6288,57.6232,0.397162,0,0,0.570489,0.217084,0,0.66528,12.849,1,0.889622,0.36288,0,36.835,4.68258,31.6257,0.84672,12.849,0.84672,3695.15,0,36.966,0.254591,0.746185,2.02541,2.36639,1.05026,3.83313,0.42336,36.966,0.42336,423.524,0,1.02816,0,0,1.77434,0.746185,1.028160,1,0,35.4588,0,0,0,35.4588,0
39.8816,2.96753,0,0,1.67823,0.079503,0.36288,3.6288,57.5067,0.397183,0,0,0.540608,0.259877,0,0.66528,12.849,1,0.916289,0.36288,0,32.9799,5.24718,27.1793,0.84672,12.849,0.84672,3695.15,0,36.966,0.254798,0.747369,2.02566,2.25314,1.25635,3.51501,0.42336,36.966,0.42336,423.524,0,1.02816,0,0,1.77553,0.747369,1.028160,1,0,30.6943,0,0,0,30.6943,0
38.073,2.93772,0,0,1.55909,0.0670964,0.36288,3.6288,57.2989,0.397007,0,0,0.486673,0.297434,0,0.66528,12.849,1,0.946471,0.36288,0,29.1943,5.75332,22.8574,0.84672,12.849,0.84672,3695.15,0,36.966,0.255201,0.636457,2.0259,2.15921,1.4367,3.12967,0.42336,36.966,0.42336,423.524,0,1.02816,0,0,1.66462,0.636457,1.028160,1,0,25.9871,0,0,0,25.9871,0
36.2602,2.96478,0,0,1.57855,0.0636494,0.36288,3.6288,57.0134,0.427834,0,0,0.473105,0.330812,0,0.66528,12.849,1,1.00056,0.36288,0,34.1897,6.2495,27.3025,0.84672,12.849,0.84672,3695.15,0,36.966,0.276014,0.51783,2.02615,2.29367,1.59138,2.97025,0.42336,36.966,0.42336,423.524,0,1.02816,0,0,1.54599,0.51783,1.028160,1,0,30.2728,0,0,0,30.2728,0
34.3767,2.92813,0,0,1.4698,0.0623,0.36288,3.6288,56.6665,0.427137,0,0,0.410448,0.330199,0,0.66528,12.849,1,1.0376,0.36288,0,28.9492,6.2495,22.025,0.84672,12.849,0.84672,3695.15,0,36.966,0.276944,0.642989,2.08125,2.31482,1.59138,3.17073,0.42336,36.966,0.42336,423.524,0,1.02816,0,0,1.67115,0.642989,1.028160,1,0,25.1957,0,0,0,25.1957,0
32.4248,2.88703,0,0,1.35893,0.060898,0.36288,3.6288,56.2914,0.426252,0,0,0.38064,0.329455,0,0.66528,12.849,1,1.07909,0.36288,0,27.7598,6.2495,20.7941,0.84672,12.849,0.84672,3695.15,0,36.966,0.278063,0.439612,2.08151,2.01272,1.59138,2.66439,0.42336,36.966,0.42336,423.524,0,1.02816,0,0,1.46777,0.439612,1.028160,1,0,23.4585,0,0,0,23.4585,0
30.5541,2.84078,0,0,1.38911,0.0561681,0.36288,3.6288,55.9577,0.425275,0,0,0.422714,0.331158,0,0.66528,12.849,1,1.12572,0.36288,0,26.4023,6.32427,19.3152,0.84672,12.849,0.84672,3695.15,0,36.966,0.279274,0.637684,2.08176,2.48958,1.60632,3.32343,0.42336,36.966,0.42336,423.524,0,1.02816,0,0,1.66584,0.637684,1.028160,1,0,22.6386,0,0,0,22.6386,0
28.8143,2.95913,0,0,1.62334,0.0411824,0.36288,3.6288,55.5035,0.536208,0,0,0.4169,0.334951,0,0.66528,12.849,1,1.24441,0.36288,0,28.3989,6.35298,21.1644,0.84672,12.849,0.84672,3695.15,0,36.966,0.354222,0.571769,2.08201,2.29607,1.58467,3.01095,0.42336,36.966,0.42336,423.524,0,1.02816,0,0,1.59993,0.571769,1.028160,1,0,24.1753,0,0,0,24.1753,0
26.9331,2.90744,0,0,1.42512,0.035934,0.36288,3.6288,55.0036,0.53462,0,0,0.377473,0.342675,0,0.66528,12.849,1,1.2965,0.36288,0,36.216,6.34767,28.9347,0.84672,12.849,0.84672,3695.15,0,36.966,0.356064,0.413856,2.27005,1.89395,1.56663,2.65516,0.42336,36.966,0.42336,423.524,0,1.02816,0,0,1.44202,0.413856,1.028160,1,0,31.5899,0,0,0,31.5899,0
25.1443,2.84641,0,0,1.45549,0.0350138,0.36288,3.6288,54.5623,0.532837,0,0,0.432996,0.341551,0,0.66528,12.849,1,1.35794,0.36288,0,31.3718,6.34767,24.0291,0.84672,12.849,0.84672,3695.15,0,36.966,0.358101,0.495599,2.27032,1.96684,1.56663,2.80802,0.42336,36.966,0.42336,423.524,0,1.02816,0,0,1.52376,0.495599,1.028160,1,0,26.8371,0,0,0,26.8371,0
23.4324,2.78275,0,0,1.46858,0.0349075,0.36288,3.6288,54.1333,0.531261,0,0,0.436279,0.333958,0,0.66528,12.849,1,1.42201,0.36288,0,31.8318,6.16282,24.6099,0.84672,12.849,0.84672,3695.15,0,36.966,0.35993,0.867871,2.27059,2.51571,1.49468,3.79956,0.42336,36.966,0.42336,423.524,0,1.02816,0,0,1.89603,0.867871,1.028160,1,0,28.4094,0,0,0,28.4094,0
21.8068,2.71592,0,0,1.47174,0.0184977,0.36288,3.6288,53.6077,0.529717,0,0,0.322829,0.318715,0,0.66528,12.849,1,1.48926,0.36288,0,18.719,5.37562,12.217,0.84672,12.849,0.84672,3695.15,0,36.966,0.361728,0.362362,2.27086,2.02566,1.19893,3.09823,0.42336,36.966,0.42336,423.524,0,1.02816,0,0,1.39052,0.362362,1.028160,1,0,15.3152,0,0,0,15.3152,0
20.5371,2.5737,0,0,1.71378,0.0469399,0.36288,3.6288,53.1879,0.46104,0,0,0.337405,0.296201,0,0.66528,12.849,1,1.51648,0.36288,0,13.9651,4.36947,8.44202,0.84672,12.849,0.84672,3695.15,0,36.966,0.317917,0.573117,2.27114,1.51262,1.03029,3.00866,0.42336,36.966,0.42336,423.524,0,1.02816,0,0,1.60128,0.573117,1.028160,1,0,11.4507,0,0,0,11.4507,0
19.4611,2.51627,0,0,1.85634,0.0531406,0.36288,3.6288,52.8319,0.459702,0,0,0.402719,0.299026,0,0.66528,12.849,1,1.57431,0.36288,0,15.3234,4.43457,9.67739,0.84672,12.849,0.84672,3695.15,0,36.966,0.319496,0.639904,2.16268,1.73384,1.06757,3.14935,0.42336,36.966,0.42336,423.524,0,1.02816,0,0,1.66806,0.639904,1.028160,1,0,12.8267,0,0,0,12.8267,0
18.4715,2.46409,0,0,1.88976,0.0523524,0.36288,3.6288,52.4869,0.458577,0,0,0.41175,0.298175,0,0.66528,12.849,1,1.62689,0.36288,0,21.7857,4.43457,16.0871,0.84672,12.849,0.84672,3695.15,0,36.966,0.320862,0.753296,2.16294,1.86753,1.06757,3.39533,0.42336,36.966,0.42336,423.524,0,1.02816,0,0,1.78146,0.753296,1.028160,1,0,19.4824,0,0,0,19.4824,0
17.7307,2.41292,0,0,2.08655,0.0516274,0.36288,3.6288,52.3288,0.457481,0,0,0.596777,0.297351,0,0.66528,12.849,1,1.67845,0.36288,0,51.7149,4.43457,45.9648,0.84672,12.849,0.84672,3695.15,0,36.966,0.3222,1.16061,2.1632,2.62507,1.06757,4.55911,0.42336,36.966,0.42336,423.524,0,1.02816,0,0,2.18877,1.16061,1.028160,1,0,50.5239,0,0,0,50.5239,0
17.1362,2.31754,0,0,2.19314,0.107152,0.36288,3.6288,52.3192,0.396886,0,0,0.617067,0.229816,0,0.66528,12.849,1,1.67947,0.36288,0,42.1882,4.7165,36.1551,0.84672,12.849,0.84672,3695.15,0,36.966,0.280368,1.3056,2.16346,3.05557,1.20568,5.03859,0.42336,36.966,0.42336,423.524,0,1.02816,0,0,2.33376,1.3056,1.028160,1,0,41.1937,0,0,0,41.1937,0
16.4353,2.28447,0,0,2.05264,0.106239,0.36288,3.6288,52.3263,0.396991,0,0,0.633874,0.229798,0,0.66528,12.849,1,1.71293,0.36288,0,53.1996,4.7165,47.133,0.84672,12.849,0.84672,3695.15,0,36.966,0.280493,1.19873,2.06664,2.44103,1.20568,4.22023,0.42336,36.966,0.42336,423.524,0,1.02816,0,0,2.22689,1.19873,1.028160,1,0,51.3533,0,0,0,51.3533,0
16.0169,2.24368,0,0,2.29337,0.105161,0.36288,3.6288,52.4139,0.397149,0,0,0.714557,0.229811,0,0.66528,12.849,1,1.7541,0.36288,0,32.6123,4.7165,26.5046,0.84672,12.849,0.84672,3695.15,0,36.966,0.280567,1.52252,2.06689,2.61408,1.20568,4.71726,0.42336,36.966,0.42336,423.524,0,1.02816,0,0,2.55068,1.52252,1.028160,1,0,31.2218,0,0,0,31.2218,0
22.8125,2.21848,0,0,9.46829,0.0914081,0.36288,3.6288,53.0567,0.397559,0,0,1.24477,0.20434,0,0.66528,12.849,1,1.77969,0.36288,0,94.6654,4.10002,89.1485,0.84672,12.849,0.84672,3695.15,0,36.966,0.280387,3.09443,2.06714,7.42001,1.20902,11.0922,0.42336,36.966,0.42336,423.524,0,1.02816,0,0,4.12259,3.09443,1.028160,1,0,100.241,0,0,0,100.241,0
27.5897,2.38562,0,0,7.67599,0.150207,0.36288,3.6288,53.9776,0.273618,0,0,1.38021,0.185704,0,0.66528,12.849,1,1.34369,0.36288,0,93.1072,3.97425,88.1522,0.84672,12.849,0.84672,3695.15,0,36.966,0.190637,2.76144,2.06739,8.42939,1.01824,12.0493,0.42336,36.966,0.42336,423.524,0,1.02816,0,0,3.7896,2.76144,1.028160,1,0,100.202,0,0,0,100.202,0
29.9073,2.5446,0,0,5.39905,0.174041,0.36288,3.6288,54.7064,0.275672,0,0,1.19623,0.191797,0,0.66528,12.849,1,1.18506,0.36288,0,81.0268,4.20441,76.0002,0.84672,12.849,0.84672,3695.15,0,36.966,0.188791,2.33971,1.85191,7.15548,1.01372,10.1446,0.42336,36.966,0.42336,423.524,0,1.02816,0,0,3.36787,2.33971,1.028160,1,0,86.1448,0,0,0,86.1448,0
33.3464,2.60908,0,0,6.59074,0.179624,0.36288,3.6288,55.8723,0.277296,0,0,1.63597,0.192724,0,0.66528,12.849,1,1.12093,0.36288,0,134.102,4.20441,129.14,0.84672,12.849,0.84672,3695.15,0,36.966,0.187374,3.09873,1.85214,10.3523,1.01372,14.1021,0.42336,36.966,0.42336,423.524,0,1.02816,0,0,4.12689,3.09873,1.028160,1,0,143.242,0,0,0,143.242,0
35.3997,2.69279,0,0,5.29669,0.187716,0.36288,3.6288,56.0232,0.279775,0,0,0.624812,0.194206,0,0.66528,12.849,1,1.03758,0.36288,0,111.403,4.20441,106.524,0.84672,12.849,0.84672,3695.15,0,36.966,0.185103,1.09271,1.85237,6.18233,1.01372,7.92859,0.42336,36.966,0.42336,423.524,0,1.02816,0,0,2.12087,1.09271,1.028160,1,0,114.453,0,0,0,114.453,0
37.0547,2.73721,0,0,4.96301,0.207919,0.36288,3.6288,56.2489,0.2802,0,0,0.696387,0.190418,0,0.66528,12.849,1,0.993523,0.36288,0,100.763,4.43271,95.6998,0.84672,12.849,0.84672,3695.15,0,36.966,0.184885,0.892547,1.85259,4.55889,1.04824,6.0709,0.42336,36.966,0.42336,423.524,0,1.02816,0,0,1.92071,0.892547,1.028160,1,0,101.771,0,0,0,101.771,0
37.9207,2.84736,0,0,4.2517,0.175525,0.36288,3.6288,56.6895,0.318166,0,0,0.945722,0.187017,0,0.66528,12.849,1,0.987342,0.36288,0,87.9993,3.25521,84.1196,0.84672,12.849,0.84672,3695.15,0,36.966,0.209094,1.04074,1.85282,4.85989,0.923976,6.62038,0.42336,36.966,0.42336,423.524,0,1.02816,0,0,2.0689,1.04074,1.028160,1,0,90.74,0,0,0,90.74,0
38.9875,2.86445,0,0,4.47144,0.177324,0.36288,3.6288,56.957,0.319268,0,0,0.774391,0.187555,0,0.66528,12.849,1,0.970587,0.36288,0,91.7533,3.25521,87.8904,0.84672,12.849,0.84672,3695.15,0,36.966,0.208188,0.747878,1.92034,4.41475,0.923976,5.9508,0.42336,36.966,0.42336,423.524,0,1.02816,0,0,1.77604,0.747878,1.028160,1,0,93.8412,0,0,0,93.8412,0
40.7364,2.88468,0,0,5.17603,0.179541,0.36288,3.6288,57.4321,0.31998,0,0,0.982923,0.187882,0,0.66528,12.849,1,0.950696,0.36288,0,84.7688,3.25521,80.9257,0.84672,12.849,0.84672,3695.15,0,36.966,0.207672,3.26373,1.92055,6.22484,0.923976,10.2775,0.42336,36.966,0.42336,423.524,0,1.02816,0,0,4.29189,3.26373,1.028160,1,0,91.2032,0,0,0,91.2032,0
44.4923,2.91596,0,0,7.22028,0.185509,0.36288,3.6288,58.0385,0.321144,0,0,1.11513,0.187599,0,0.66528,12.849,1,0.919747,0.36288,0,117.332,3.31761,113.458,0.84672,12.849,0.84672,3695.15,0,36.966,0.206704,3.76014,1.92077,5.70878,0.940996,10.242,0.42336,36.966,0.42336,423.524,0,1.02816,0,0,4.7883,3.76014,1.028160,1,0,123.7,0,0,0,123.7,0
44.8164,3.23475,0,0,4.12448,0.202769,0.36288,3.6288,58.135,0.464774,0,0,0.764915,0.203622,0,0.66528,12.849,1,0.934167,0.36288,0,90.3433,4.16532,85.6067,0.84672,12.849,0.84672,3695.15,0,36.966,0.296025,2.66598,1.92098,4.16699,1.06091,7.39702,0.42336,36.966,0.42336,423.524,0,1.02816,0,0,3.69414,2.66598,1.028160,1,0,93.0037,0,0,0,93.0037,0
43.7295,3.24028,0,0,2.7189,0.202664,0.36288,3.6288,58.1114,0.465208,0,0,0.648731,0.207166,0,0.66528,12.849,1,0.928999,0.36288,0,51.0055,4.24421,46.1951,0.84672,12.849,0.84672,3695.15,0,36.966,0.295809,1.33344,2.1634,2.4641,1.06387,4.60125,0.42336,36.966,0.42336,423.524,0,1.02816,0,0,2.3616,1.33344,1.028160,1,0,50.7964,0,0,0,50.7964,0
42.6193,3.22272,0,0,2.67562,0.200173,0.36288,3.6288,58.0246,0.465268,0,0,0.585621,0.207134,0,0.66528,12.849,1,0.94693,0.36288,0,49.0928,4.24421,44.2646,0.84672,12.849,0.84672,3695.15,0,36.966,0.295968,0.689861,2.16364,2.1164,1.06387,3.61006,0.42336,36.966,0.42336,423.524,0,1.02816,0,0,1.71802,0.689861,1.028160,1,0,47.8746,0,0,0,47.8746,0
43.1397,3.20406,0,0,4.28496,0.19763,0.36288,3.6288,58.2772,0.465131,0,0,0.924743,0.207018,0,0.66528,12.849,1,0.965968,0.36288,0,126.695,4.24421,121.848,0.84672,12.849,0.84672,3695.15,0,36.966,0.296323,1.36067,2.16388,6.31648,1.06387,8.48083,0.42336,36.966,0.42336,423.524,0,1.02816,0,0,2.38883,1.36067,1.028160,1,0,130.329,0,0,0,130.329,0
41.9718,2.84736,0,0,2.2705,0.228154,0.36288,3.6288,58.2588,0.27485,0,0,0.468334,0.211872,0,0.66528,12.849,1,0.848075,0.36288,0,73.8677,4.20276,69.1797,0.84672,12.849,0.84672,3695.15,0,36.966,0.174341,1.20456,2.16412,3.7192,1.06438,5.84916,0.42336,36.966,0.42336,423.524,0,1.02816,0,0,2.23272,1.20456,1.028160,1,0,75.0289,0,0,0,75.0289,0
41.5172,2.82954,0,0,2.96775,0.229966,0.36288,3.6288,58.598,0.274931,0,0,0.835759,0.221566,0,0.66528,12.849,1,0.866218,0.36288,0,60.8823,4.27266,56.1063,0.84672,12.849,0.84672,3695.15,0,36.966,0.174448,1.42453,1.83393,4.30344,1.10153,6.28591,0.42336,36.966,0.42336,423.524,0,1.02816,0,0,2.45269,1.42453,1.028160,1,0,62.3922,0,0,0,62.3922,0
41.8401,2.82254,0,0,3.73712,0.228745,0.36288,3.6288,59.1185,0.275666,0,0,1.01816,0.222051,0,0.66528,12.849,1,0.873538,0.36288,0,71.1652,4.27266,66.3819,0.84672,12.849,0.84672,3695.15,0,36.966,0.173901,2.05758,1.83413,4.13388,1.10153,6.75016,0.42336,36.966,0.42336,423.524,0,1.02816,0,0,3.08574,2.05758,1.028160,1,0,73.132,0,0,0,73.132,0
41.7902,2.82795,0,0,3.3705,0.229612,0.36288,3.6288,59.4512,0.276723,0,0,0.832188,0.222794,0,0.66528,12.849,1,0.868456,0.36288,0,55.0671,4.27266,50.2889,0.84672,12.849,0.84672,3695.15,0,36.966,0.173031,1.65004,1.83434,4.00123,1.10153,6.21105,0.42336,36.966,0.42336,423.524,0,1.02816,0,0,2.6782,1.65004,1.028160,1,0,56.4999,0,0,0,56.4999,0
41.8792,2.8274,0,0,3.53297,0.253671,0.36288,3.6288,59.8347,0.277436,0,0,0.848642,0.187704,0,0.66528,12.849,1,0.869326,0.36288,0,69.154,4.0994,64.5482,0.84672,12.849,0.84672,3695.15,0,36.966,0.172507,1.74007,1.83454,4.23592,1.01174,6.62628,0.42336,36.966,0.42336,423.524,0,1.02816,0,0,2.76823,1.74007,1.028160,1,0,71.1745,0,0,0,71.1745,0
41.5611,2.9206,0,0,3.22907,0.263744,0.36288,3.6288,60.2377,0.325512,0,0,0.904598,0.176094,0,0.66528,12.849,1,0.896071,0.36288,0,67.8866,3.81895,63.5345,0.84672,12.849,0.84672,3695.15,0,36.966,0.201102,1.54653,1.83475,4.4799,0.980598,6.67947,0.42336,36.966,0.42336,423.524,0,1.02816,0,0,2.57469,1.54653,1.028160,1,0,70.214,0,0,0,70.214,0
41.2514,2.91561,0,0,3.23161,0.262762,0.36288,3.6288,60.5903,0.326467,0,0,0.855671,0.176546,0,0.66528,12.849,1,0.901389,0.36288,0,74.812,3.81895,70.4546,0.84672,12.849,0.84672,3695.15,0,36.966,0.200343,1.82992,1.91646,4.56939,0.980598,7.13482,0.42336,36.966,0.42336,423.524,0,1.02816,0,0,2.85808,1.82992,1.028160,1,0,77.5894,0,0,0,77.5894,0
40.627,2.91071,0,0,2.89742,0.248218,0.36288,3.6288,60.6107,0.327312,0,0,0.544325,0.196588,0,0.66528,12.849,1,0.906628,0.36288,0,58.2323,4.07378,53.6148,0.84672,12.849,0.84672,3695.15,0,36.966,0.199692,0.907839,1.91668,2.73154,1.05189,4.30448,0.42336,36.966,0.42336,423.524,0,1.02816,0,0,1.936,0.907839,1.028160,1,0,57.9193,0,0,0,57.9193,0
39.5853,2.90038,0,0,2.43264,0.211076,0.36288,3.6288,60.6119,0.327476,0,0,0.561821,0.233196,0,0.66528,12.849,1,0.917295,0.36288,0,52.123,4.55853,47.01,0.84672,12.849,0.84672,3695.15,0,36.966,0.199725,0.957165,1.91689,3.54267,1.20639,5.01062,0.42336,36.966,0.42336,423.524,0,1.02816,0,0,1.98533,0.957165,1.028160,1,0,52.0206,0,0,0,52.0206,0
38.5888,2.84709,0,0,2.42763,0.214251,0.36288,3.6288,60.6729,0.309141,0,0,0.53855,0.168402,0,0.66528,12.849,1,0.924135,0.36288,0,54.3825,3.78791,50.0333,0.84672,12.849,0.84672,3695.15,0,36.966,0.188539,0.849727,1.9171,2.90491,1.07866,4.40454,0.42336,36.966,0.42336,423.524,0,1.02816,0,0,1.87789,0.849727,1.028160,1,0,54.4379,0,0,0,54.4379,0
37.334,2.82943,0,0,2.1491,0.211599,0.36288,3.6288,60.6342,0.309378,0,0,0.466031,0.195391,0,0.66528,12.849,1,0.942123,0.36288,0,47.7902,4.09409,43.1168,0.84672,12.849,0.84672,3695.15,0,36.966,0.188494,0.707175,1.88559,2.62406,1.10497,3.92337,0.42336,36.966,0.42336,423.524,0,1.02816,0,0,1.73534,0.707175,1.028160,1,0,47.0402,0,0,0,47.0402,0
35.9968,2.80612,0,0,1.99056,0.158665,0.36288,3.6288,60.5215,0.309423,0,0,0.424668,0.227902,0,0.66528,12.849,1,0.965765,0.36288,0,43.8539,4.38239,38.8686,0.84672,12.849,0.84672,3695.15,0,36.966,0.188642,0.577169,1.8858,2.47568,1.12218,3.62782,0.42336,36.966,0.42336,423.524,0,1.02816,0,0,1.60533,0.577169,1.028160,1,0,42.4964,0,0,0,42.4964,0
34.6428,2.77993,0,0,1.94497,0.156162,0.36288,3.6288,60.4611,0.309325,0,0,0.476617,0.227739,0,0.66528,12.849,1,0.992289,0.36288,0,42.5764,4.38239,37.5646,0.84672,12.849,0.84672,3695.15,0,36.966,0.188933,0.804419,1.88601,2.94716,1.12218,4.32647,0.42336,36.966,0.42336,423.524,0,1.02816,0,0,1.83258,0.804419,1.028160,1,0,41.891,0,0,0,41.891,0
33.149,2.86777,0,0,1.86885,0.132075,0.36288,3.6288,60.2912,0.374752,0,0,0.430547,0.225624,0,0.66528,12.849,1,1.06365,0.36288,0,40.9628,3.83046,36.4316,0.84672,12.849,0.84672,3695.15,0,36.966,0.229124,0.556805,1.88622,2.23904,1.02536,3.42758,0.42336,36.966,0.42336,423.524,0,1.02816,0,0,1.58496,0.556805,1.028160,1,0,39.8592,0,0,0,39.8592,0
31.6819,2.83347,0,0,1.85048,0.121207,0.36288,3.6288,60.1511,0.374478,0,0,0.458877,0.22457,0,0.66528,12.849,1,1.09829,0.36288,0,40.2574,3.60969,35.9123,0.84672,12.849,0.84672,3695.15,0,36.966,0.229601,0.539015,1.99766,2.25994,0.98663,3.58039,0.42336,36.966,0.42336,423.524,0,1.02816,0,0,1.56718,0.539015,1.028160,1,0,39.4927,0,0,0,39.4927,0
30.1703,2.79754,0,0,1.7678,0.119001,0.36288,3.6288,60.0132,0.374272,0,0,0.460811,0.22437,0,0.66528,12.849,1,1.13458,0.36288,0,37.8242,3.60969,33.4428,0.84672,12.849,0.84672,3695.15,0,36.966,0.23001,0.469973,1.99788,2.17311,0.98663,3.42432,0.42336,36.966,0.42336,423.524,0,1.02816,0,0,1.49813,0.469973,1.028160,1,0,36.8671,0,0,0,36.8671,0
28.5855,2.75791,0,0,1.65271,0.116677,0.36288,3.6288,59.844,0.374071,0,0,0.428976,0.224173,0,0.66528,12.849,1,1.17455,0.36288,0,35.3011,3.60969,30.8797,0.84672,12.849,0.84672,3695.15,0,36.966,0.230415,0.38975,1.9981,2.05847,0.98663,3.22928,0.42336,36.966,0.42336,423.524,0,1.02816,0,0,1.41791,0.38975,1.028160,1,0,34.109,0,0,0,34.109,0
26.8853,2.71323,0,0,1.44679,0.0709383,0.36288,3.6288,59.5649,0.373794,0,0,0.373847,0.279143,0,0.66528,12.849,1,1.21958,0.36288,0,29.9456,5.04749,24.0415,0.84672,12.849,0.84672,3695.15,0,36.966,0.230895,0.387729,1.99833,1.709,1.20742,2.65674,0.42336,36.966,0.42336,423.524,0,1.02816,0,0,1.41589,0.387729,1.028160,1,0,26.6982,0,0,0,26.6982,0
25.0456,2.64001,0,0,1.22764,0.0644023,0.36288,3.6288,59.1534,0.443337,0,0,0.319872,0.288023,0,0.66528,12.849,1,1.26171,0.36288,0,24.0718,5.1617,18.0113,0.84672,12.849,0.84672,3695.15,0,36.966,0.275135,0.30119,1.99855,1.36311,1.28933,2.09838,0.42336,36.966,0.42336,423.524,0,0.972553,0,0,1.27374,0.30119,1.028160,1,0,20.1097,0,0,0,20.1097,0
23.2068,2.57898,0,0,1.16584,0.062746,0.36288,3.6288,58.7109,0.446174,0,0,0.291008,0.287265,0,0.66528,12.849,1,1.32308,0.36288,0,21.7852,5.1617,15.6633,0.84672,12.849,0.84672,3695.15,0,36.966,0.278822,0.261274,2.03767,1.33397,1.28933,2.06475,0.42336,36.966,0.42336,423.524,0,0.966237,0,0,1.22751,0.261274,1.028160,1,0,17.728,0,0,0,17.728,0
21.3513,2.51173,0,0,1.0802,0.061097,0.36288,3.6288,58.204,0.484013,0,0,0.263481,0.28645,0,0.66528,12.849,1,1.39068,0.36288,0,20.7376,5.1617,14.5481,0.84672,12.849,0.84672,3695.15,0,36.966,0.304748,0.261274,2.03789,1.23066,1.28933,1.93574,0.42336,36.966,0.42336,423.524,0,0.902681,0,0,1.16395,0.261274,1.028160,1,0,16.4839,0,0,0,16.4839,0
19.5253,2.4365,0,0,1.03296,0.0595896,0.36288,3.6288,57.6277,0.554835,0,0,0.264063,0.285517,0,0.66528,12.849,1,1.46626,0.36288,0,19.2446,5.1617,12.9796,0.84672,12.849,0.84672,3695.15,0,36.966,0.352382,0.261274,2.03812,1.17243,1.28933,1.83011,0.42336,36.966,0.42336,423.524,0,0.784434,0,0,1.04571,0.261274,1.028160,1,0,14.8097,0,0,0,14.8097,0
17.601,2.40298,0,0,0.881211,0.0397112,0.36288,3.6288,56.8168,0.729894,0,0,0.211865,0.292858,0,0.66528,12.849,1,1.58133,0.36288,0,16.7105,5.67388,9.81821,0.84672,12.849,0.84672,3695.15,0,36.966,0.42336,0.261274,2.03835,1.03601,1.39992,1.51236,0.42336,36.966,0.42336,423.524,0,0.590293,0,0,0.851567,0.261274,1.028160,1,0,11.3306,0,0,0,11.3306,0
15.7212,2.30325,0,0,0.825042,0.0386428,0.36288,3.6288,56.0057,0.72406,0,0,0.204304,0.291321,0,0.66528,12.849,1,1.68141,0.36288,0,15.6753,5.67388,8.68288,0.84672,12.849,0.84672,3695.15,0,36.966,0.42336,0.261274,2.09372,1.07158,1.39992,1.6033,0.42336,36.966,0.42336,423.524,0,0.596341,0,0,0.857615,0.261274,1.028160,1,0,10.2862,0,0,0,10.2862,0
13.8575,2.19282,0,0,0.729484,0.0374901,0.36288,3.6288,55.129,0.779259,0,0,0.19233,0.289783,0,0.66528,12.849,1,1.79219,0.36288,0,14.8073,5.67388,7.70412,0.84672,12.849,0.84672,3695.15,0,36.966,0.42336,0.227405,2.09395,1.00528,1.39992,1.50336,0.42336,36.966,0.42336,423.524,0,0.541356,0,0,0.768761,0.227405,1.028160,1,0,9.20748,0,0,0,9.20748,0
12.0549,2.06793,0,0,0.659197,0.0310549,0.36288,3.6288,54.2239,0.802412,0,0,0.19043,0.293099,0,0.66528,12.849,1,1.91743,0.36288,0,14.0365,5.82344,6.65847,0.84672,12.849,0.84672,3695.15,0,36.966,0.42336,0.227405,2.09419,1.00305,1.42979,1.47149,0.42336,36.966,0.42336,423.524,0,0.518417,0,0,0.745822,0.227405,1.028160,1,0,8.12996,0,0,0,8.12996,0
10.3769,2.04447,0,0,0.75378,0.0244253,0.36288,3.6288,53.2376,0.918664,0,0,0.209707,0.277347,0,0.66528,12.849,1,2.17916,0.36288,0,16.8489,5.59104,9.44155,0.84672,12.849,0.84672,3695.15,0,36.966,0.42336,0.227405,2.09442,1.06524,1.37006,1.59364,0.42336,36.966,0.42336,423.524,0,0.589015,0,0,0.81642,0.227405,1.028160,1,0,11.0352,0,0,0,11.0352,0
8.96529,1.8872,0,0,0.860077,0.0215653,0.36288,3.6288,52.284,0.901807,0,0,0.214839,0.266615,0,0.66528,12.849,1,2.3368,0.36288,0,18.6075,5.33684,11.2967,0.84672,12.849,0.84672,3695.15,0,36.966,0.42336,0.227405,2.28343,1.11941,1.37323,1.83365,0.42336,36.966,0.42336,423.524,0,0.606105,0,0,0.833509,0.227405,1.028160,1,0,13.1303,0,0,0,13.1303,0
8.05663,1.56215,0,0,1.03712,0.0207526,0.36288,3.6288,51.2411,0.998412,0,0,0.220083,0.264585,0,0.66528,12.849,1,2.23887,0.36288,0,18.5135,5.33684,11.3007,0.84672,12.849,0.84672,3695.15,0,36.966,0.42336,0.204422,2.28368,1.61532,1.37323,2.30683,0.42336,36.966,0.42336,423.524,0,0.695028,0,0,0.89945,0.204422,1.028160,1,0,13.6075,0,0,0,13.6075,0
7.11898,1.46498,0,0,0.910414,0.020198,0.36288,3.6288,50.172,1.02737,0,0,0.22062,0.262365,0,0.66528,12.849,1,2.33641,0.36288,0,17.4696,5.33684,10.1592,0.84672,12.849,0.84672,3695.15,0,36.966,0.42336,0.204422,2.34775,1.18745,1.37323,1.94303,0.42336,36.966,0.42336,423.524,0,0.666075,0,0,0.870497,0.204422,1.028160,1,0,12.1022,0,0,0,12.1022,0
6.17982,1.38257,0,0,0.828783,0.0224929,0.36288,3.6288,49.2116,0.892737,0,0,0.185094,0.252793,0,0.66528,12.849,1,2.4192,0.36288,0,17.8552,5.44766,10.3512,0.84672,12.849,0.84672,3695.15,0,36.966,0.42336,0.204422,2.34782,0.982093,1.37212,1.73886,0.42336,36.966,0.42336,423.524,0,0.800703,0,0,1.00513,0.204422,1.028160,1,0,12.0901,0,0,0,12.0901,0
5.60926,1.26694,0,0,1.08696,0.0276956,0.36288,3.6288,48.4552,0.71731,0,0,0.175846,0.214944,0,0.66528,12.849,1,2.4192,0.36288,0,20.7786,4.56306,14.1592,0.84672,12.849,0.84672,3695.15,0,36.966,0.42336,0.204422,2.34789,0.961699,1.10704,1.98362,0.42336,36.966,0.42336,423.524,0,0.97613,0,0,1.18055,0.204422,1.028160,1,0,16.1428,0,0,0,16.1428,0
5.07586,1.2673,0,0,1.13346,0.0366661,0.36288,3.6288,47.8573,0.66528,0,0,0.274703,0.207322,0,0.66528,12.849,1,2.4192,0.36288,0,21.1981,4.29145,14.8503,0.84672,12.849,0.84672,3695.15,0,36.966,0.42336,0.706778,2.32622,1.32886,1.04551,2.89299,0.42336,36.966,0.42336,423.524,0,1.02816,0,0,1.73494,0.706778,1.028160,1,0,17.7433,0,0,0,17.7433,0
4.53252,1.26767,0,0,1.12323,0.036028,0.36288,3.6288,47.3059,0.66528,0,0,0.320246,0.206293,0,0.66528,12.849,1,2.4192,0.36288,0,20.7476,4.29145,14.3998,0.84672,12.849,0.84672,3695.15,0,36.966,0.42336,0.988079,2.32629,1.34415,1.04551,3.18965,0.42336,36.966,0.42336,423.524,0,1.02816,0,0,2.01624,0.988079,1.028160,1,0,17.5895,0,0,0,17.5895,0
3.85594,1.26803,0,0,0.989712,0.0353773,0.36288,3.6288,46.7189,0.66528,0,0,0.283586,0.205344,0,0.66528,12.849,1,2.4192,0.36288,0,17.7992,4.29145,11.4514,0.84672,12.849,0.84672,3695.15,0,36.966,0.42336,0.846772,2.32636,1.1721,1.04551,2.87637,0.42336,36.966,0.42336,423.524,0,1.02816,0,0,1.87493,0.846772,1.028160,1,0,14.3278,0,0,0,14.3278,0
3.42615,0.897284,0,0,0.892002,0.0616351,0.36288,3.6288,46.3059,0.528921,0,0,0.324251,0.208287,0,0.66528,12.849,1,2.4192,0.36288,0,20.1713,4.54751,13.5675,0.84672,12.849,0.84672,3695.15,0,36.966,0.418505,0.902569,2.32643,1.37712,1.11158,3.07604,0.42336,36.966,0.42336,423.524,0,1.02816,0,0,1.93073,0.902569,1.028160,1,0,16.6435,0,0,0,16.6435,0
3.96739,0.897612,0,0,1.89809,0.0963496,0.36288,3.6288,45.954,0.526954,0,0,0.391917,0.216905,0,0.66528,12.849,1,2.4192,0.36288,0,24.5698,4.71288,17.8006,0.84672,12.849,0.84672,3695.15,0,36.966,0.420667,1.02566,2.14785,1.5805,1.12925,3.20409,0.42336,36.966,0.42336,423.524,0,1.02816,0,0,2.05382,1.02566,1.028160,1,0,21.0047,0,0,0,21.0047,0
5.40659,0.89794,0,0,2.81108,0.111073,0.36288,3.6288,45.7665,0.525277,0,0,0.557425,0.21969,0,0.66528,12.849,1,2.4192,0.36288,0,32.5489,4.76196,25.7306,0.84672,12.849,0.84672,3695.15,0,36.966,0.422539,1.34953,2.14806,1.76676,1.13191,3.70991,0.42336,36.966,0.42336,423.524,0,1.02816,0,0,2.37769,1.34953,1.028160,1,0,29.4405,0,0,0,29.4405,0
7.21716,0.982503,0,0,3.2727,0.116749,0.36288,3.6288,45.7087,0.524651,0,0,0.686216,0.219308,0,0.66528,12.849,1,2.33496,0.36288,0,75.5226,4.76196,68.7885,0.84672,12.849,0.84672,3695.15,0,36.966,0.42336,2.81833,2.14827,3.48251,1.13191,6.89385,0.42336,36.966,0.42336,423.524,0,1.02816,0,0,3.84649,2.81833,1.028160,1,0,75.6824,0,0,0,75.6824,0
7.73144,1.10344,0,0,2.10277,0.122168,0.36288,3.6288,45.5525,0.414482,0,0,0.460645,0.202336,0,0.66528,12.849,1,1.96449,0.36288,0,48.9225,4.48644,42.8345,0.84672,12.849,0.84672,3695.15,0,36.966,0.335204,1.62384,2.14848,2.3771,1.06058,4.75363,0.42336,36.966,0.42336,423.524,0,1.02816,0,0,2.652,1.62384,1.028160,1,0,47.5881,0,0,0,47.5881,0
7.40555,1.15264,0,0,1.31258,0.122954,0.36288,3.6288,45.4346,0.413945,0,0,0.485378,0.18942,0,0.66528,12.849,1,1.91559,0.36288,0,43.8709,4.2798,38.0384,0.84672,12.849,0.84672,3695.15,0,36.966,0.335917,1.13901,1.94849,1.87774,1.00709,3.62224,0.42336,36.966,0.42336,423.524,0,1.02816,0,0,2.16717,1.13901,1.028160,1,0,41.6606,0,0,0,41.6606,0
7.48143,1.21525,0,0,1.77574,0.121731,0.36288,3.6288,45.2199,0.495113,0,0,0.469624,0.189212,0,0.66528,12.849,1,2.10851,0.36288,0,44.1151,4.2798,38.0896,0.84672,12.849,0.84672,3695.15,0,36.966,0.402829,1.02577,1.94869,1.71628,1.00709,3.28081,0.42336,36.966,0.42336,423.524,0,1.02816,0,0,2.05393,1.02577,1.028160,1,0,41.3704,0,0,0,41.3704,0
11.256,1.12931,0,0,5.38369,0.116935,0.36288,3.6288,45.4942,0.412779,0,0,0.880233,0.193093,0,0.66528,12.849,1,1.93953,0.36288,0,39.2092,4.53804,33.0945,0.84672,12.849,0.84672,3695.15,0,36.966,0.337435,2.24573,2.11098,2.93219,1.22704,5.72442,0.42336,36.966,0.42336,423.524,0,1.02816,0,0,3.27389,2.24573,1.028160,1,0,38.8189,0,0,0,38.8189,0
12.8862,1.55236,0,0,3.67532,0.129874,0.36288,3.6288,45.4759,0.495614,0,0,0.672043,0.194722,0,0.66528,12.849,1,1.77206,0.36288,0,90.4065,4.65003,84.3472,0.84672,12.849,0.84672,3695.15,0,36.966,0.402708,1.70392,1.94907,2.48369,1.34859,4.38538,0.42336,36.966,0.42336,423.524,0,1.02816,0,0,2.73208,1.70392,1.028160,1,0,88.7326,0,0,0,88.7326,0
17.897,1.71692,0,0,7.25291,0.162313,0.36288,3.6288,46.3334,0.53744,0,0,1.57724,0.182284,0,0.66528,12.849,1,1.71196,0.36288,0,185.05,4.15989,179.541,0.84672,12.849,0.84672,3695.15,0,36.966,0.42336,5.64327,2.1114,7.77631,1.08806,14.0196,0.42336,36.966,0.42336,423.524,0,1.02816,0,0,6.67143,5.64327,1.028160,1,0,193.56,0,0,0,193.56,0
21.412,2.24254,0,0,6.29897,0.17852,0.36288,3.6288,47.3757,0.299038,0,0,1.52508,0.18374,0,0.66528,12.849,1,1.61001,0.36288,0,165.819,4.15989,160.412,0.84672,12.849,0.84672,3695.15,0,36.966,0.23858,2.97003,2.17924,4.55879,1.08806,8.38144,0.42336,36.966,0.42336,423.524,0,1.02816,0,0,3.99819,2.97003,1.028160,1,0,168.793,0,0,0,168.793,0
24.8897,2.40791,0,0,6.43525,0.186736,0.36288,3.6288,47.7095,0.302087,0,0,0.793225,0.157375,0,0.66528,12.849,1,1.44495,0.36288,0,143.552,3.7593,138.71,0.84672,12.849,0.84672,3695.15,0,36.966,0.23571,2.08156,1.93169,3.77531,1.00352,6.54932,0.42336,36.966,0.42336,423.524,0,1.02816,0,0,3.10972,2.08156,1.028160,1,0,145.26,0,0,0,145.26,0
26.7216,2.54127,0,0,4.93188,0.195892,0.36288,3.6288,48.2788,0.303116,0,0,1.02553,0.153129,0,0.66528,12.849,1,1.3119,0.36288,0,150.636,3.69253,145.994,0.84672,12.849,0.84672,3695.15,0,36.966,0.234859,2.26952,1.93188,3.39888,0.989429,6.376,0.42336,36.966,0.42336,423.524,0,1.02816,0,0,3.29768,2.26952,1.028160,1,0,152.37,0,0,0,152.37,0
28.7856,2.82814,0,0,5.42981,0.1748,0.36288,3.6288,49.03,0.43728,0,0,1.33463,0.146181,0,0.66528,12.849,1,1.3599,0.36288,0,136.85,3.71886,132.134,0.84672,12.849,0.84672,3695.15,0,36.966,0.334816,2.42485,1.93208,4.70957,0.982772,7.74891,0.42336,36.966,0.42336,423.524,0,1.02816,0,0,3.45301,2.42485,1.028160,1,0,139.883,0,0,0,139.883,0
30.2535,2.89579,0,0,4.91405,0.187487,0.36288,3.6288,49.6028,0.440319,0,0,1.14338,0.130192,0,0.66528,12.849,1,1.29259,0.36288,0,154.551,3.81693,149.804,0.84672,12.849,0.84672,3695.15,0,36.966,0.331977,1.5656,2.17572,3.94928,0.941776,6.41685,0.42336,36.966,0.42336,423.524,0,1.02816,0,0,2.59376,1.5656,1.028160,1,0,156.221,0,0,0,156.221,0
35.3538,2.94005,0,0,8.62839,0.225151,0.36288,3.6288,50.2978,0.44263,0,0,1.29588,0.158285,0,0.66528,12.849,1,1.24867,0.36288,0,187.909,3.76936,183.254,0.84672,12.849,0.84672,3695.15,0,36.966,0.329865,2.7708,2.17593,4.86352,0.974695,8.5057,0.42336,36.966,0.42336,423.524,0,1.02816,0,0,3.79896,2.7708,1.028160,1,0,191.759,0,0,0,191.759,0
35.6293,3.07241,0,0,3.95438,0.243547,0.36288,3.6288,50.7102,0.445372,0,0,1.02331,0.16554,0,0.66528,12.849,1,1.11664,0.36288,0,150.708,3.75049,146.203,0.84672,12.849,0.84672,3695.15,0,36.966,0.327323,1.01339,2.17615,4.35821,0.984973,6.23546,0.42336,36.966,0.42336,423.524,0,1.02816,0,0,2.04155,1.01339,1.028160,1,0,152.439,0,0,0,152.439,0
39.5726,2.72817,0,0,7.29323,0.258895,0.36288,3.6288,52.3784,0.265376,0,0,2.11902,0.185467,0,0.66528,12.849,1,0.983858,0.36288,0,211.785,3.89577,207.268,0.84672,12.849,0.84672,3695.15,0,36.966,0.19345,2.7694,2.17637,6.37321,0.944062,10.1815,0.42336,36.966,0.42336,423.524,0,1.02816,0,0,3.79756,2.7694,1.028160,1,0,217.449,0,0,0,217.449,0
42.5346,2.8024,0,0,6.40456,0.277277,0.36288,3.6288,54.8841,0.269089,0,0,2.97069,0.19584,0,0.66528,12.849,1,0.909922,0.36288,0,280.715,3.95388,276.214,0.84672,12.849,0.84672,3695.15,0,36.966,0.189909,3.18077,1.84448,7.82442,0.927698,11.7321,0.42336,36.966,0.42336,423.524,0,1.02816,0,0,4.20893,3.18077,1.028160,1,0,287.946,0,0,0,287.946,0
46.7286,2.85129,0,0,7.67811,0.270019,0.36288,3.6288,58.0028,0.274372,0,0,3.58101,0.187968,0,0.66528,12.849,1,0.861326,0.36288,0,313.169,3.77949,308.891,0.84672,12.849,0.84672,3695.15,0,36.966,0.184797,5.13529,1.84467,9.29439,0.902647,15.1869,0.42336,36.966,0.42336,423.524,0,1.02816,0,0,6.16345,5.13529,1.028160,1,0,324.078,0,0,0,324.078,0
49.541,2.91215,0,0,6.3451,0.25765,0.36288,3.6288,59.5277,0.280545,0,0,2.01211,0.206657,0,0.66528,12.849,1,0.800757,0.36288,0,236.229,3.94227,231.849,0.84672,12.849,0.84672,3695.15,0,36.966,0.178795,2.97025,1.84485,7.30192,0.998903,10.9393,0.42336,36.966,0.42336,423.524,0,1.02816,0,0,3.99841,2.97025,1.028160,1,0,242.788,0,0,0,242.788,0
53.6082,2.94848,0,0,7.65569,0.277101,0.36288,3.6288,61.308,0.283476,0,0,2.59226,0.242461,0.286013,0.66528,12.849,1,0.764721,0.36288,0,268.126,4.48234,263.242,0.84672,12.849,0.84672,3695.15,0,36.966,0.176036,3.72597,1.84504,8.5436,1.14341,12.7952,0.42336,36.966,0.42336,423.524,0,1.02816,0,0,4.75413,3.72597,1.028160,1,0,276.323,0,0,0,276.323,0
56.2551,3.09249,0,0,6.40825,0.30593,0.36288,3.6288,61.308,0.334726,0,0,6.75519,0.214952,6.20551,0.66528,12.849,1,0.741219,0.36288,0,236.072,4.34532,231.348,0.84672,12.849,0.84672,3695.15,0,36.966,0.201825,7.21087,1.84523,9.99273,1.04812,17.7989,0.42336,36.966,0.42336,423.524,0,1.02816,0,0,8.23903,7.21087,1.028160,1,0,255.352,0,0,0,255.352,0
57.8078,3.12113,0,0,5.35085,0.314178,0.36288,3.6288,61.308,0.334837,0,0,5.03464,0.214952,4.48486,0.66528,12.849,1,0.712885,0.36288,0,240.36,4.34532,235.664,0.84672,12.849,0.84672,3695.15,0,36.966,0.201892,6.02866,1.92733,8.53286,1.04812,15.2389,0.42336,36.966,0.42336,423.524,0,1.02816,0,0,7.05682,6.02866,1.028160,1,0,255.388,0,0,0,255.388,0
59.5544,3.13705,0,0,5.53383,0.287326,0.36288,3.6288,61.308,0.334948,0,0,3.02689,0.233982,2.45796,0.66528,12.849,1,0.697275,0.36288,0,191.682,4.578,186.769,0.84672,12.849,0.84672,3695.15,0,36.966,0.201959,3.91675,1.92753,7.8,1.09392,12.3484,0.42336,36.966,0.42336,423.524,0,1.02816,0,0,4.94491,3.91675,1.028160,1,0,201.576,0,0,0,201.576,0
60.7321,3.15412,0,0,4.97921,0.284519,0.36288,3.6288,61.308,0.335059,0,0,2.64654,0.217896,2.09358,0.66528,12.849,1,0.680509,0.36288,0,196.11,4.11684,191.675,0.84672,12.849,0.84672,3695.15,0,36.966,0.202026,3.80296,1.92772,7.4223,1.14152,11.8094,0.42336,36.966,0.42336,423.524,0,1.02816,0,0,4.83112,3.80296,1.028160,1,0,205.578,0,0,0,205.578,0
60.6043,3.12645,0,0,3.5869,0.225391,0.36288,3.6288,61.308,0.316539,0,0,1.71336,0.233489,1.16334,0.66528,12.849,1,0.66146,0.36288,0,116.232,4.11411,111.82,0.84672,12.849,0.84672,3695.15,0,36.966,0.190859,2.86591,1.92792,5.80504,1.10642,9.30158,0.42336,36.966,0.42336,423.524,0,1.02816,0,0,3.89407,2.86591,1.028160,1,0,122.284,0,0,0,122.284,0
60.0476,3.12555,0,0,3.15689,0.225151,0.36288,3.6288,61.308,0.316649,0,0,1.54994,0.233489,0.999801,0.66528,12.849,1,0.662664,0.36288,0,121.106,4.11411,116.692,0.84672,12.849,0.84672,3695.15,0,36.966,0.190925,2.21155,1.89623,4.56933,1.10642,7.37976,0.42336,36.966,0.42336,423.524,0,1.02816,0,0,3.23971,2.21155,1.028160,1,0,125.072,0,0,0,125.072,0
59.3259,3.12074,0,0,2.98604,0.224038,0.36288,3.6288,61.308,0.316758,0,0,1.41473,0.233489,0.864487,0.66528,12.849,1,0.667777,0.36288,0,107.104,4.11411,102.685,0.84672,12.849,0.84672,3695.15,0,36.966,0.190991,1.62945,1.89642,4.17566,1.10642,6.40412,0.42336,36.966,0.42336,423.524,0,1.02816,0,0,2.65761,1.62945,1.028160,1,0,109.954,0,0,0,109.954,0
58.3686,3.11431,0,0,2.74235,0.222492,0.36288,3.6288,61.308,0.316868,0,0,1.32043,0.233489,0.770076,0.66528,12.849,1,0.674507,0.36288,0,98.2472,4.11411,93.8214,0.84672,12.849,0.84672,3695.15,0,36.966,0.191057,1.56478,1.89661,3.53433,1.10642,5.69824,0.42336,36.966,0.42336,423.524,0,1.02816,0,0,2.59294,1.56478,1.028160,1,0,100.29,0,0,0,100.29,0
57.0251,3.23635,0,0,2.41594,0.160231,0.36288,3.6288,61.308,0.383072,0,0,1.05183,0.26833,0.400426,0.66528,12.849,1,0.712435,0.36288,0,81.1322,5.09362,75.689,0.84672,12.849,0.84672,3695.15,0,36.966,0.230976,1.11786,1.8968,3.38997,1.20372,4.96994,0.42336,36.966,0.42336,423.524,0,1.02816,0,0,2.14602,1.11786,1.028160,1,0,81.0594,0,0,0,81.0594,0
55.5343,3.22291,0,0,2.2448,0.149777,0.36288,3.6288,61.308,0.383188,0,0,0.878159,0.265475,0.229497,0.66528,12.849,1,0.726191,0.36288,0,72.538,5.34188,66.8328,0.84672,12.849,0.84672,3695.15,0,36.966,0.231045,1.01607,2.00877,2.90564,1.22478,4.47466,0.42336,36.966,0.42336,423.524,0,1.02816,0,0,2.04423,1.01607,1.028160,1,0,71.537,0,0,0,71.537,0
53.9769,3.20733,0,0,2.15704,0.144219,0.36288,3.6288,61.308,0.383303,0,0,0.842312,0.271275,0.187734,0.66528,12.849,1,0.742082,0.36288,0,68.1705,5.36944,62.4218,0.84672,12.849,0.84672,3695.15,0,36.966,0.231115,1.13348,2.00897,2.51536,1.23847,4.18823,0.42336,36.966,0.42336,423.524,0,1.02816,0,0,2.16164,1.13348,1.028160,1,0,66.7978,0,0,0,66.7978,0
52.4183,3.19029,0,0,2.11664,0.122134,0.36288,3.6288,61.308,0.383419,0,0,0.814609,0.306073,0.125117,0.66528,12.849,1,0.759437,0.36288,0,63.9647,5.53486,58.0333,0.84672,12.849,0.84672,3695.15,0,36.966,0.231185,1.05059,2.00918,2.39942,1.32066,3.90734,0.42336,36.966,0.42336,423.524,0,1.02816,0,0,2.07875,1.05059,1.028160,1,0,62.0657,0,0,0,62.0657,0
51.271,3.17241,0,0,2.5042,0.116185,0.36288,3.6288,61.308,0.383534,0,0,0.860052,0.301782,0.174735,0.66528,12.849,1,0.777635,0.36288,0,69.3938,5.47235,63.5067,0.84672,12.849,0.84672,3695.15,0,36.966,0.231254,1.4734,2.00938,3.03589,1.32873,4.95869,0.42336,36.966,0.42336,423.524,0,1.02816,0,0,2.50156,1.4734,1.028160,1,0,68.6401,0,0,0,68.6401,0
51.0096,3.13349,0,0,3.33981,0.104888,0.36288,3.6288,61.308,0.419993,0,0,0.990196,0.291055,0.279148,0.66528,12.849,1,0.785283,0.36288,0,82.5448,5.31604,76.8064,0.84672,12.849,0.84672,3695.15,0,36.966,0.253237,2.41355,2.00958,4.86539,1.34889,7.68639,0.42336,36.966,0.42336,423.524,0,1.02816,0,0,3.44171,2.41355,1.028160,1,0,84.7719,0,0,0,84.7719,0
50.6345,3.13053,0,0,3.22294,0.104602,0.36288,3.6288,61.308,0.420112,0,0,0.922083,0.291055,0.210916,0.66528,12.849,1,0.788561,0.36288,0,75.5162,5.31604,69.7745,0.84672,12.849,0.84672,3695.15,0,36.966,0.253309,2.00741,2.04887,4.7121,1.34889,7.16618,0.42336,36.966,0.42336,423.524,0,1.02816,0,0,3.03557,2.00741,1.028160,1,0,77.1516,0,0,0,77.1516,0
50.1469,3.12612,0,0,3.10128,0.0999075,0.36288,3.6288,61.308,0.420231,0,0,0.882016,0.295497,0.166288,0.66528,12.849,1,0.793283,0.36288,0,67.6529,5.35401,61.8685,0.84672,12.849,0.84672,3695.15,0,36.966,0.25338,1.84531,2.04908,4.68836,1.37138,6.95798,0.42336,36.966,0.42336,423.524,0,1.02816,0,0,2.87347,1.84531,1.028160,1,0,68.9928,0,0,0,68.9928,0
49.9881,3.12023,0,0,3.39812,0.0738256,0.36288,3.6288,61.308,0.420349,0,0,1.10037,0.322152,0.35787,0.66528,12.849,1,0.799487,0.36288,0,82.7029,5.5818,76.6845,0.84672,12.849,0.84672,3695.15,0,36.966,0.253452,2.18247,2.04928,5.07845,1.50631,7.55044,0.42336,36.966,0.42336,423.524,0,1.02816,0,0,3.21063,2.18247,1.028160,1,0,84.5928,0,0,0,84.5928,0
49.3297,3.18337,0,0,2.96118,0.0733006,0.36288,3.6288,61.308,0.45287,0,0,1.12922,0.334859,0.341491,0.66528,12.849,1,0.818259,0.36288,0,78.5067,5.86728,72.184,0.84672,12.849,0.84672,3695.15,0,36.966,0.27306,1.96512,2.04949,3.87379,1.51521,6.10013,0.42336,36.966,0.42336,423.524,0,1.02816,0,0,2.99328,1.96512,1.028160,1,0,78.6256,0,0,0,78.6256,0
48.3372,3.17496,0,0,2.61806,0.0727225,0.36288,3.6288,61.308,0.452991,0,0,0.935774,0.336977,0.145806,0.66528,12.849,1,0.826989,0.36288,0,61.6491,5.91486,55.2701,0.84672,12.849,0.84672,3695.15,0,36.966,0.273134,2.00263,2.10512,3.4138,1.51669,5.73172,0.42336,36.966,0.42336,423.524,0,1.02816,0,0,3.03079,2.00263,1.028160,1,0,61.1476,0,0,0,61.1476,0
47.1378,3.1618,0,0,2.39723,0.0719462,0.36288,3.6288,61.308,0.453113,0,0,0.866713,0.336977,0.0766227,0.66528,12.849,1,0.840471,0.36288,0,58.5973,5.91486,52.2048,0.84672,12.849,0.84672,3695.15,0,36.966,0.273207,1.56264,2.10533,3.0007,1.51669,4.87876,0.42336,36.966,0.42336,423.524,0,1.02816,0,0,2.5908,1.56264,1.028160,1,0,57.1602,0,0,0,57.1602,0
46.0993,3.14525,0,0,2.53283,0.0632184,0.36288,3.6288,61.308,0.453235,0,0,0.994976,0.342157,0.199584,0.66528,12.849,1,0.857344,0.36288,0,57.4704,6.06441,50.9116,0.84672,12.849,0.84672,3695.15,0,36.966,0.27328,2.08082,2.10554,3.96951,1.54657,6.33602,0.42336,36.966,0.42336,423.524,0,1.02816,0,0,3.10898,2.08082,1.028160,1,0,57.4472,0,0,0,57.4472,0
44.9118,3.31735,0,0,2.56167,0.0688693,0.36288,3.6288,61.308,0.570351,0,0,0.968527,0.317061,0.0811147,0.66528,12.849,1,0.924627,0.36288,0,50.4632,6.06768,43.8338,0.84672,12.849,0.84672,3695.15,0,36.966,0.343896,2.05013,2.10575,3.68928,1.56234,5.93893,0.42336,36.966,0.42336,423.524,0,1.02816,0,0,3.07829,2.05013,1.028160,1,0,49.8538,0,0,0,49.8538,0
43.6876,3.29861,0,0,2.5043,0.0670488,0.36288,3.6288,61.308,0.570483,0,0,0.941435,0.34357,0.0273819,0.66528,12.849,1,0.943712,0.36288,0,45.2176,6.30903,38.3278,0.84672,12.849,0.84672,3695.15,0,36.966,0.343976,2.0556,2.29565,2.59928,1.59054,5.01601,0.42336,36.966,0.42336,423.524,0,1.02816,0,0,3.08376,2.0556,1.028160,1,0,43.3711,0,0,0,43.3711,0
42.1778,3.27844,0,0,2.19761,0.0661219,0.36288,3.6288,61.3021,0.570615,0,0,0.908242,0.34357,0,0.66528,12.849,1,0.964224,0.36288,0,57.4797,6.30903,50.5693,0.84672,12.849,0.84672,3695.15,0,36.966,0.344055,1.91823,2.29588,2.49601,1.59054,4.77552,0.42336,36.966,0.42336,423.524,0,1.02816,0,0,2.94639,1.91823,1.028160,1,0,55.3448,0,0,0,55.3448,0
40.7421,3.25224,0,0,2.24444,0.0649787,0.36288,3.6288,61.308,0.570726,0,0,1.04184,0.343558,0.121611,0.66528,12.849,1,0.990761,0.36288,0,49.7917,6.30903,42.8548,0.84672,12.849,0.84672,3695.15,0,36.966,0.344156,2.08521,2.29611,2.59204,1.59054,5.03866,0.42336,36.966,0.42336,423.524,0,1.02816,0,0,3.11337,2.08521,1.028160,1,0,48.0151,0,0,0,48.0151,0
39.191,3.22596,0,0,2.1025,0.0647232,0.36288,3.6288,61.308,0.570879,0,0,1.31459,0.330523,0.413193,0.66528,12.849,1,1.01738,0.36288,0,46.7357,6.18651,39.8946,0.84672,12.849,0.84672,3695.15,0,36.966,0.344215,3.29692,2.29633,3.57402,1.56388,7.25918,0.42336,36.966,0.42336,423.524,0,1.02816,0,0,4.32508,3.29692,1.028160,1,0,47.567,0,0,0,47.567,0
36.3652,3.10811,0,0,0.713612,0.0684528,0.36288,3.6288,61.1557,0.499969,0,0,0.599939,0.252235,0,0.66528,12.849,1,1.01901,0.36288,0,21.3085,5.45139,15.201,0.84672,12.849,0.84672,3695.15,0,36.966,0.301459,0.467692,2.29656,2.0367,1.40391,3.09558,0.42336,36.966,0.42336,423.524,0,1.02816,0,0,1.49585,0.467692,1.028160,1,0,18.2965,0,0,0,18.2965,0
33.4668,3.04985,0,0,0.580503,0.0662198,0.36288,3.6288,60.8501,0.54744,0,0,0.493797,0.251992,0,0.66528,12.849,1,1.07761,0.36288,0,19.5673,5.45139,13.4011,0.84672,12.849,0.84672,3695.15,0,36.966,0.330904,0.216518,2.18696,1.84025,1.40391,2.50892,0.42336,36.966,0.42336,423.524,0,0.951445,0,0,1.16796,0.216518,1.028160,1,0,15.9101,0,0,0,15.9101,0
30.9632,2.98265,0,0,0.959104,0.117115,0.36288,3.6288,60.908,0.498809,0,0,0.747771,0.191035,0,0.66528,12.849,1,1.14514,0.36288,0,27.8579,4.62087,22.4547,0.84672,12.849,0.84672,3695.15,0,36.966,0.303023,0.456417,2.18718,2.43791,1.14432,3.63417,0.42336,36.966,0.42336,423.524,0,1.02816,0,0,1.48458,0.456417,1.028160,1,0,26.0889,0,0,0,26.0889,0
29.6701,2.91745,0,0,2.13938,0.152138,0.36288,3.6288,61.308,0.499114,0,0,1.18939,0.145737,0.144562,0.66528,12.849,1,1.21067,0.36288,0,71.185,3.99798,66.3393,0.84672,12.849,0.84672,3695.15,0,36.966,0.30292,1.0341,2.1874,5.21123,0.949624,7.18018,0.42336,36.966,0.42336,423.524,0,1.02816,0,0,2.06226,1.0341,1.028160,1,0,73.664,0,0,0,73.664,0
27.3816,2.81407,0,0,1.05171,0.163249,0.36288,3.6288,61.2912,0.470301,0,0,0.604149,0.150674,0,0.66528,12.849,1,1.21867,0.36288,0,36.3956,4.09113,31.4487,0.84672,12.849,0.84672,3695.15,0,36.966,0.283571,0.216518,2.18762,2.76805,1.01225,3.87637,0.42336,36.966,0.42336,423.524,0,0.972829,0,0,1.18935,0.216518,1.028160,1,0,35.325,0,0,0,35.325,0
25.5754,2.74497,0,0,1.46518,0.163538,0.36288,3.6288,61.308,0.435858,0,0,1.04368,0.152485,0.438511,0.66528,12.849,1,1.28809,0.36288,0,36.4539,4.12839,31.4003,0.84672,12.849,0.84672,3695.15,0,36.966,0.262875,0.806993,2.08978,3.89566,1.0373,5.49226,0.42336,36.966,0.42336,423.524,0,1.02816,0,0,1.83515,0.806993,1.028160,1,0,37.3311,0,0,0,37.3311,0
23.2689,2.68464,0,0,0.90688,0.165939,0.36288,3.6288,61.308,0.436023,0,0,0.698898,0.15595,0.106924,0.66528,12.849,1,1.34875,0.36288,0,30.3129,4.18638,25.1407,0.84672,12.849,0.84672,3695.15,0,36.966,0.262902,0.460644,2.08999,3.8582,1.05084,5.0951,0.42336,36.966,0.42336,423.524,0,1.02816,0,0,1.4888,0.460644,1.028160,1,0,30.3427,0,0,0,30.3427,0
22.7844,2.59871,0,0,2.67531,0.19822,0.36288,3.6288,61.308,0.436143,0,0,0.949284,0.176646,0.336495,0.66528,12.849,1,1.435,0.36288,0,87.5458,4.53432,81.9393,0.84672,12.849,0.84672,3695.15,0,36.966,0.262975,0.676966,2.0902,5.58811,1.13207,6.96023,0.42336,36.966,0.42336,423.524,0,1.02816,0,0,1.70513,0.676966,1.028160,1,0,89.236,0,0,0,89.236,0
22.1827,2.40553,0,0,2.34446,0.177686,0.36288,3.6288,61.308,0.301485,0,0,0.675952,0.178544,0.195923,0.66528,12.849,1,1.35658,0.36288,0,74.2428,4.10948,69.1397,0.84672,12.849,0.84672,3695.15,0,36.966,0.181782,1.30392,2.09041,3.91996,1.01253,6.11998,0.42336,36.966,0.42336,423.524,0,1.02816,0,0,2.33208,1.30392,1.028160,1,0,75.4556,0,0,0,75.4556,0
21.2209,2.38242,0,0,1.95528,0.171751,0.36288,3.6288,61.308,0.301593,0,0,0.603594,0.168328,0.133673,0.66528,12.849,1,1.37998,0.36288,0,52.9273,3.67826,48.2319,0.84672,12.849,0.84672,3695.15,0,36.966,0.181847,0.935738,1.87275,3.75391,0.863875,5.51667,0.42336,36.966,0.42336,423.524,0,1.02816,0,0,1.9639,0.935738,1.028160,1,0,53.8822,0,0,0,53.8822,0
20.4163,2.34365,0,0,2.07147,0.169524,0.36288,3.6288,61.308,0.301701,0,0,0.750524,0.168328,0.280495,0.66528,12.849,1,1.41905,0.36288,0,78.7831,3.67826,74.0486,0.84672,12.849,0.84672,3695.15,0,36.966,0.181912,1.053,1.87294,4.02989,0.863875,5.91004,0.42336,36.966,0.42336,423.524,0,1.02816,0,0,2.08116,1.053,1.028160,1,0,80.2392,0,0,0,80.2392,0
20.4299,2.30952,0,0,2.85359,0.167661,0.36288,3.6288,61.308,0.301809,0,0,1.08499,0.168328,0.614853,0.66528,12.849,1,1.45349,0.36288,0,105.099,3.67826,100.33,0.84672,12.849,0.84672,3695.15,0,36.966,0.181978,1.73278,1.87313,5.86632,0.863875,8.42637,0.42336,36.966,0.42336,423.524,0,1.02816,0,0,2.76094,1.73278,1.028160,1,0,109.371,0,0,0,109.371,0
20.6666,2.31029,0,0,3.04744,0.137572,0.36288,3.6288,61.308,0.301917,0,0,1.51486,0.231229,0.981717,0.66528,12.849,1,1.45302,0.36288,0,142.224,4.77015,136.364,0.84672,12.849,0.84672,3695.15,0,36.966,0.182043,2.57196,1.87332,7.66299,1.30765,10.6186,0.42336,36.966,0.42336,423.524,0,1.02816,0,0,3.60012,2.57196,1.028160,1,0,147.964,0,0,0,147.964,0
21.6467,2.38525,0,0,3.87703,0.148749,0.36288,3.6288,61.308,0.341064,0,0,1.0303,0.199287,0.489948,0.66528,12.849,1,1.48298,0.36288,0,81.5797,3.73359,76.7261,0.84672,12.849,0.84672,3695.15,0,36.966,0.205647,2.01522,1.87351,3.6938,0.840431,6.53645,0.42336,36.966,0.42336,423.524,0,1.02816,0,0,3.04338,2.01522,1.028160,1,0,83.7524,0,0,0,83.7524,0
25.3098,2.42756,0,0,6.61332,0.159765,0.36288,3.6288,61.308,0.341165,0,0,1.50314,0.220602,0.941371,0.66528,12.849,1,1.44095,0.36288,0,140.103,4.77078,134.254,0.84672,12.849,0.84672,3695.15,0,36.966,0.205707,2.73538,1.94165,5.89462,1.14391,9.22204,0.42336,36.966,0.42336,423.524,0,1.02816,0,0,3.76354,2.73538,1.028160,1,0,144.417,0,0,0,144.417,0
29.3276,2.56607,0,0,7.11528,0.16859,0.36288,3.6288,61.308,0.341265,0,0,2.22929,0.228636,1.65939,0.66528,12.849,1,1.30271,0.36288,0,145.898,4.89122,140.067,0.84672,12.849,0.84672,3695.15,0,36.966,0.205768,3.83421,1.94183,6.98767,1.19141,11.3665,0.42336,36.966,0.42336,423.524,0,1.02816,0,0,4.86237,3.83421,1.028160,1,0,153.092,0,0,0,153.092,0
33.5893,2.69036,0,0,7.49321,0.178273,0.36288,3.6288,61.308,0.341366,0,0,3.77879,0.228636,3.20879,0.66528,12.849,1,1.1787,0.36288,0,304.84,4.89122,299.133,0.84672,12.849,0.84672,3695.15,0,36.966,0.205828,5.52754,1.942,8.83991,1.19141,14.9122,0.42336,36.966,0.42336,423.524,0,1.02816,0,0,6.5557,5.52754,1.028160,1,0,317.254,0,0,0,317.254,0
35.5218,3.04185,0,0,5.52935,0.192117,0.36288,3.6288,61.308,0.488086,0,0,2.27891,0.238917,1.55191,0.66528,12.849,1,1.16361,0.36288,0,193.197,4.5737,187.823,0.84672,12.849,0.84672,3695.15,0,36.966,0.294294,3.63071,1.94218,4.5974,1.1768,8.69919,0.42336,36.966,0.42336,423.524,0,1.02816,0,0,4.65887,3.63071,1.028160,1,0,198.074,0,0,0,198.074,0
39.3369,3.08856,0,0,7.46618,0.199608,0.36288,3.6288,61.308,0.488198,0,0,2.00688,0.246627,1.27205,0.66528,12.849,1,1.1172,0.36288,0,160.542,4.33556,155.452,0.84672,12.849,0.84672,3695.15,0,36.966,0.294362,4.22439,2.18692,5.65512,1.16584,10.6062,0.42336,36.966,0.42336,423.524,0,1.02816,0,0,5.25255,4.22439,1.028160,1,0,167.33,0,0,0,167.33,0
41.8597,3.17046,0,0,6.26875,0.212616,0.36288,3.6288,61.308,0.48831,0,0,1.83762,0.219185,1.13012,0.66528,12.849,1,1.0356,0.36288,0,170.645,4.05822,165.914,0.84672,12.849,0.84672,3695.15,0,36.966,0.294429,3.37026,2.18712,6.82099,1.09231,10.9916,0.42336,36.966,0.42336,423.524,0,1.02816,0,0,4.39842,3.37026,1.028160,1,0,178.036,0,0,0,178.036,0
42.5456,3.21845,0,0,4.49155,0.224284,0.36288,3.6288,61.308,0.488422,0,0,1.40956,0.182596,0.738542,0.66528,12.849,1,0.987916,0.36288,0,150.435,3.68844,146.122,0.84672,12.849,0.84672,3695.15,0,36.966,0.294497,2.04491,2.18732,4.93434,0.994265,7.8778,0.42336,36.966,0.42336,423.524,0,1.02816,0,0,3.07307,2.04491,1.028160,1,0,154.738,0,0,0,154.738,0
43.3914,2.86259,0,0,4.29125,0.220052,0.36288,3.6288,61.308,0.291706,0,0,1.30038,0.202395,0.80628,0.66528,12.849,1,0.864518,0.36288,0,113.886,3.19482,110.19,0.84672,12.849,0.84672,3695.15,0,36.966,0.175886,1.40224,2.18751,3.68744,1.01417,6.08713,0.42336,36.966,0.42336,423.524,0,1.02816,0,0,2.4304,1.40224,1.028160,1,0,117.083,0,0,0,117.083,0
45.209,2.8758,0,0,5.27394,0.217643,0.36288,3.6288,61.308,0.291802,0,0,1.55875,0.217244,1.0497,0.66528,12.849,1,0.851578,0.36288,0,104.749,2.82461,101.435,0.84672,12.849,0.84672,3695.15,0,36.966,0.175944,1.44374,1.85408,4.05622,1.0291,6.14899,0.42336,36.966,0.42336,423.524,0,1.02816,0,0,2.4719,1.44374,1.028160,1,0,108.634,0,0,0,108.634,0
47.6718,2.90267,0,0,5.95026,0.221914,0.36288,3.6288,61.308,0.291899,0,0,1.85413,0.220286,1.34194,0.66528,12.849,1,0.824977,0.36288,0,144.113,2.9618,140.69,0.84672,12.849,0.84672,3695.15,0,36.966,0.176002,2.24856,1.85425,5.49291,1.03576,8.38396,0.42336,36.966,0.42336,423.524,0,1.02816,0,0,3.27672,2.24856,1.028160,1,0,150.415,0,0,0,150.415,0
51.171,2.93645,0,0,7.05772,0.259206,0.36288,3.6288,61.308,0.291995,0,0,1.97325,0.231261,1.44999,0.66528,12.849,1,0.791462,0.36288,0,195.928,3.67805,191.821,0.84672,12.849,0.84672,3695.15,0,36.966,0.17606,4.13675,1.85442,8.10104,1.05817,12.858,0.42336,36.966,0.42336,423.524,0,1.02816,0,0,5.16491,4.13675,1.028160,1,0,206.129,0,0,0,206.129,0
52.4761,2.97992,0,0,4.91644,0.26849,0.36288,3.6288,61.308,0.292091,0,0,1.36131,0.22197,0.847246,0.66528,12.849,1,0.748256,0.36288,0,130.799,3.62022,126.794,0.84672,12.849,0.84672,3695.15,0,36.966,0.176118,1.54862,1.85459,4.30656,1.0263,6.50734,0.42336,36.966,0.42336,423.524,0,1.02816,0,0,2.57678,1.54862,1.028160,1,0,134.148,0,0,0,134.148,0
56.3595,3.09209,0,0,7.60683,0.268488,0.36288,3.6288,61.308,0.340359,0,0,1.417,0.166228,0.910418,0.66528,12.849,1,0.757112,0.36288,0,160.98,3.27327,157.313,0.84672,12.849,0.84672,3695.15,0,36.966,0.205221,1.49399,1.85476,5.80857,0.835075,8.11702,0.42336,36.966,0.42336,423.524,0,1.02816,0,0,2.52215,1.49399,1.028160,1,0,166.34,0,0,0,166.34,0
62.1413,3.1348,0,0,9.55869,0.279232,0.36288,3.6288,61.308,0.340459,0,0,2.41759,0.166228,1.91091,0.66528,12.849,1,0.71468,0.36288,0,177.692,3.27327,174.067,0.84672,12.849,0.84672,3695.15,0,36.966,0.205282,3.45218,1.93721,9.13493,0.835075,13.484,0.42336,36.966,0.42336,423.524,0,1.02816,0,0,4.48034,3.45218,1.028160,1,0,189.462,0,0,0,189.462,0
65.0231,3.19013,0,0,6.68822,0.253395,0.36288,3.6288,61.308,0.34056,0,0,1.53778,0.190017,1.00721,0.66528,12.849,1,0.659625,0.36288,0,213.284,3.56412,209.424,0.84672,12.849,0.84672,3695.15,0,36.966,0.205342,1.60452,1.93739,5.31293,0.892326,7.75716,0.42336,36.966,0.42336,423.524,0,1.02816,0,0,2.63268,1.60452,1.028160,1,0,218.188,0,0,0,218.188,0
67.2378,3.21477,0,0,5.99494,0.202537,0.36288,3.6288,61.308,0.34066,0,0,1.22146,0.239757,0.641048,0.66528,12.849,1,0.63526,0.36288,0,153.096,3.59892,149.224,0.84672,12.849,0.84672,3695.15,0,36.966,0.205403,1.27423,1.93756,4.7023,1.03183,6.67686,0.42336,36.966,0.42336,423.524,0,1.02816,0,0,2.30239,1.27423,1.028160,1,0,156.542,0,0,0,156.542,0
68.4274,3.19291,0,0,4.98134,0.235971,0.36288,3.6288,61.308,0.322045,0,0,0.891902,0.213044,0.356813,0.66528,12.849,1,0.610159,0.36288,0,118.536,4.15998,114.128,0.84672,12.849,0.84672,3695.15,0,36.966,0.194179,1.36989,1.93774,4.0133,1.04987,6.07688,0.42336,36.966,0.42336,423.524,0,1.02816,0,0,2.39805,1.36989,1.028160,1,0,120.562,0,0,0,120.562,0
69.2673,3.20207,0,0,4.64919,0.244346,0.36288,3.6288,61.308,0.322144,0,0,0.778896,0.207475,0.249277,0.66528,12.849,1,0.601271,0.36288,0,101.785,4.25576,97.2911,0.84672,12.849,0.84672,3695.15,0,36.966,0.194238,1.00678,1.90589,3.55509,1.04964,5.22388,0.42336,36.966,0.42336,423.524,0,1.02816,0,0,2.03494,1.00678,1.028160,1,0,102.764,0,0,0,102.764,0
69.727,3.20845,0,0,4.277,0.24595,0.36288,3.6288,61.308,0.322243,0,0,0.72941,0.207475,0.199692,0.66528,12.849,1,0.595164,0.36288,0,93.4442,4.25576,88.9562,0.84672,12.849,0.84672,3695.15,0,36.966,0.194298,0.904513,1.90606,3.04506,1.04964,4.6117,0.42336,36.966,0.42336,423.524,0,1.02816,0,0,1.93267,0.904513,1.028160,1,0,93.7675,0,0,0,93.7675,0
69.8728,3.212,0,0,3.93415,0.213455,0.36288,3.6288,61.308,0.322341,0,0,0.681178,0.235288,0.123548,0.66528,12.849,1,0.591893,0.36288,0,82.5379,4.52753,77.7814,0.84672,12.849,0.84672,3695.15,0,36.966,0.194358,0.849424,1.90623,2.97,1.05053,4.48077,0.42336,36.966,0.42336,423.524,0,1.02816,0,0,1.87758,0.849424,1.028160,1,0,82.3857,0,0,0,82.3857,0
70.0288,3.34873,0,0,4.06747,0.1999,0.36288,3.6288,61.308,0.388831,0,0,0.783982,0.233277,0.161874,0.66528,12.849,1,0.615803,0.36288,0,78.3976,4.22161,73.9231,0.84672,12.849,0.84672,3695.15,0,36.966,0.234448,1.113,1.90641,3.07243,1.01571,4.84168,0.42336,36.966,0.42336,423.524,0,1.02816,0,0,2.14116,1.113,1.028160,1,0,78.9266,0,0,0,78.9266,0
70.122,3.35013,0,0,3.97561,0.169355,0.36288,3.6288,61.308,0.388935,0,0,0.746978,0.23268,0.125363,0.66528,12.849,1,0.614688,0.36288,0,80.6769,4.19527,76.2298,0.84672,12.849,0.84672,3695.15,0,36.966,0.23451,1.36516,2.01886,2.93166,1.05999,5.02117,0.42336,36.966,0.42336,423.524,0,1.02816,0,0,2.39332,1.36516,1.028160,1,0,81.3763,0,0,0,81.3763,0
69.9084,3.35107,0,0,3.66974,0.169477,0.36288,3.6288,61.308,0.389039,0,0,0.765946,0.23268,0.144227,0.66528,12.849,1,0.614041,0.36288,0,77.2684,4.19527,72.822,0.84672,12.849,0.84672,3695.15,0,36.966,0.234573,0.75606,2.01904,2.78979,1.05999,4.27032,0.42336,36.966,0.42336,423.524,0,1.02816,0,0,1.78422,0.75606,1.028160,1,0,77.2365,0,0,0,77.2365,0
69.3333,3.34972,0,0,3.30676,0.169198,0.36288,3.6288,61.308,0.389143,0,0,0.682676,0.23268,0.0608523,0.66528,12.849,1,0.615671,0.36288,0,69.266,4.19527,64.8179,0.84672,12.849,0.84672,3695.15,0,36.966,0.234636,0.511091,2.01922,2.62415,1.05999,3.85983,0.42336,36.966,0.42336,423.524,0,1.02816,0,0,1.53925,0.511091,1.028160,1,0,68.7386,0,0,0,68.7386,0
68.374,3.34565,0,0,2.9107,0.161516,0.36288,3.6288,61.308,0.389247,0,0,0.641349,0.239353,0.0127485,0.66528,12.849,1,0.620024,0.36288,0,60.0086,4.36552,55.3859,0.84672,12.849,0.84672,3695.15,0,36.966,0.234699,0.566603,2.0194,2.46333,1.09297,3.72167,0.42336,36.966,0.42336,423.524,0,1.02816,0,0,1.59476,0.566603,1.028160,1,0,59.1204,0,0,0,59.1204,0
67.1092,3.31186,0,0,2.52907,0.119044,0.36288,3.6288,61.1125,0.425856,0,0,0.509779,0.27939,0,0.66528,12.849,1,0.622373,0.36288,0,57.9633,5.38703,52.3168,0.84672,12.849,0.84672,3695.15,0,36.966,0.256772,0.447483,2.01959,1.91902,1.29083,2.83849,0.42336,36.966,0.42336,423.524,0,1.02816,0,0,1.47564,0.447483,1.028160,1,0,55.1553,0,0,0,55.1553,0
65.7768,3.30225,0,0,2.45058,0.117867,0.36288,3.6288,60.9261,0.425451,0,0,0.518063,0.279044,0,0.66528,12.849,1,0.632262,0.36288,0,54.6161,5.38703,48.9597,0.84672,12.849,0.84672,3695.15,0,36.966,0.257348,0.545452,2.05903,2.02647,1.29083,3.08278,0.42336,36.966,0.42336,423.524,0,1.02816,0,0,1.57361,0.545452,1.028160,1,0,52.0425,0,0,0,52.0425,0
64.3983,3.29178,0,0,2.39277,0.116626,0.36288,3.6288,60.7095,0.425068,0,0,0.487229,0.278715,0,0.66528,12.849,1,0.643023,0.36288,0,51.3925,5.38703,45.7254,0.84672,12.849,0.84672,3695.15,0,36.966,0.257903,0.539888,2.05922,2.09337,1.29083,3.14374,0.42336,36.966,0.42336,423.524,0,1.02816,0,0,1.56805,0.539888,1.028160,1,0,48.8691,0,0,0,48.8691,0
62.8902,3.28054,0,0,2.2282,0.0928547,0.36288,3.6288,60.4454,0.424603,0,0,0.477488,0.317047,0,0.66528,12.849,1,0.654545,0.36288,0,48.813,5.92995,42.5914,0.84672,12.849,0.84672,3695.15,0,36.966,0.25854,0.45265,2.0594,2.00559,1.47458,2.78452,0.42336,36.966,0.42336,423.524,0,1.02816,0,0,1.48081,0.45265,1.028160,1,0,45.3759,0,0,0,45.3759,0
61.0105,3.3358,0,0,1.90087,0.081965,0.36288,3.6288,60.134,0.456378,0,0,0.468656,0.323631,0,0.66528,12.849,1,0.681531,0.36288,0,38.2288,6.15155,31.7586,0.84672,12.849,0.84672,3695.15,0,36.966,0.279103,0.306366,2.05959,1.76469,1.54207,2.30947,0.42336,36.966,0.42336,423.524,0,1.02816,0,0,1.33453,0.306366,1.028160,1,0,34.0681,0,0,0,34.0681,0
59.1051,3.31869,0,0,1.85645,0.0802302,0.36288,3.6288,59.7748,0.455592,0,0,0.417846,0.321521,0,0.66528,12.849,1,0.698927,0.36288,0,46.135,6.0584,39.7406,0.84672,12.849,0.84672,3695.15,0,36.966,0.280065,0.369654,2.11544,1.79249,1.50447,2.49305,0.42336,36.966,0.42336,423.524,0,1.02816,0,0,1.39781,0.369654,1.028160,1,0,42.2336,0,0,0,42.2336,0
57.1013,3.30042,0,0,1.7383,0.0788475,0.36288,3.6288,59.3879,0.454661,0,0,0.388587,0.320785,0,0.66528,12.849,1,0.717486,0.36288,0,37.0421,6.0584,30.6291,0.84672,12.849,0.84672,3695.15,0,36.966,0.281172,0.34376,2.11563,1.61579,1.50447,2.28953,0.42336,36.966,0.42336,423.524,0,1.02816,0,0,1.37192,0.34376,1.028160,1,0,32.9186,0,0,0,32.9186,0
54.9636,3.2801,0,0,1.58268,0.0773235,0.36288,3.6288,58.9248,0.512048,0,0,0.368918,0.319993,0,0.66528,12.849,1,0.738093,0.36288,0,33.7589,6.0584,27.3253,0.84672,12.849,0.84672,3695.15,0,36.966,0.318724,0.227405,2.11582,1.50717,1.50447,2.0272,0.42336,36.966,0.42336,423.524,0,0.933396,0,0,1.1608,0.227405,1.028160,1,0,29.3525,0,0,0,29.3525,0
52.8236,3.45168,0,0,1.74338,0.0688915,0.36288,3.6288,58.4933,0.568127,0,0,0.45135,0.314751,0,0.66528,12.849,1,0.806908,0.36288,0,35.84,5.93172,29.4643,0.84672,12.849,0.84672,3695.15,0,36.966,0.35641,0.546722,2.11601,2.09741,1.53437,2.86936,0.42336,36.966,0.42336,423.524,0,1.02816,0,0,1.57488,0.546722,1.028160,1,0,32.3336,0,0,0,32.3336,0
50.3223,3.42563,0,0,1.36004,0.0728215,0.36288,3.6288,57.9857,0.581901,0,0,0.383746,0.309365,0,0.66528,12.849,1,0.833263,0.36288,0,35.83,5.23656,30.1231,0.84672,12.849,0.84672,3695.15,0,36.966,0.367744,0.227405,2.30671,1.43761,1.51846,2.08553,0.42336,36.966,0.42336,423.524,0,1.00324,0,0,1.23065,0.227405,1.028160,1,0,32.2086,0,0,0,32.2086,0
47.8268,3.39288,0,0,1.33123,0.0709512,0.36288,3.6288,57.4139,0.622263,0,0,0.358798,0.308354,0,0.66528,12.849,1,0.86632,0.36288,0,32.696,5.23656,26.956,0.84672,12.849,0.84672,3695.15,0,36.966,0.396694,0.227405,2.30692,1.44291,1.51846,2.06208,0.42336,36.966,0.42336,423.524,0,0.934122,0,0,1.16153,0.227405,1.028160,1,0,29.0181,0,0,0,29.0181,0
45.9714,3.3575,0,0,1.93405,0.0690729,0.36288,3.6288,56.9562,0.56277,0,0,0.412263,0.307216,0,0.66528,12.849,1,0.902015,0.36288,0,37.2387,5.23656,31.463,0.84672,12.849,0.84672,3695.15,0,36.966,0.36234,0.339803,2.30712,1.59979,1.51846,2.36592,0.42336,36.966,0.42336,423.524,0,1.02816,0,0,1.36796,0.339803,1.028160,1,0,33.8289,0,0,0,33.8289,0
44.975,3.32929,0,0,2.78758,0.0917607,0.36288,3.6288,56.6436,0.56112,0,0,0.545689,0.297185,0,0.66528,12.849,1,0.930535,0.36288,0,60.7564,5.10514,55.0836,0.84672,12.849,0.84672,3695.15,0,36.966,0.364181,0.454715,2.30733,1.78105,1.49194,2.68697,0.42336,36.966,0.42336,423.524,0,1.02816,0,0,1.48287,0.454715,1.028160,1,0,57.7706,0,0,0,57.7706,0
43.4282,3.22244,0,0,2.15229,0.113825,0.36288,3.6288,56.5189,0.490815,0,0,0.627902,0.261758,0,0.66528,12.849,1,0.920625,0.36288,0,39.738,4.5297,34.6505,0.84672,12.849,0.84672,3695.15,0,36.966,0.320309,0.753849,2.30753,1.93078,1.22342,3.44844,0.42336,36.966,0.42336,423.524,0,1.02816,0,0,1.78201,0.753849,1.028160,1,0,38.0989,0,0,0,38.0989,0
41.642,3.19737,0,0,1.88585,0.111838,0.36288,3.6288,56.155,0.490498,0,0,0.388107,0.261546,0,0.66528,12.849,1,0.945998,0.36288,0,40.3465,4.5297,35.2336,0.84672,12.849,0.84672,3695.15,0,36.966,0.320808,0.261369,2.19744,1.52213,1.22342,2.43671,0.42336,36.966,0.42336,423.524,0,1.02816,0,0,1.28953,0.261369,1.028160,1,0,37.6704,0,0,0,37.6704,0
39.537,3.16659,0,0,1.53409,0.109544,0.36288,3.6288,55.5807,0.632759,0,0,0.319441,0.260925,0,0.66528,12.849,1,0.977078,0.36288,0,37.05,4.5297,31.9061,0.84672,12.849,0.84672,3695.15,0,36.966,0.416536,0.216518,2.19764,1.37532,1.22342,2.14952,0.42336,36.966,0.42336,423.524,0,0.790353,0,0,1.00687,0.216518,1.028160,1,0,34.0556,0,0,0,34.0556,0
38.4172,3.12755,0,0,2.53463,0.164032,0.36288,3.6288,55.3755,0.487464,0,0,0.483733,0.201497,0,0.66528,12.849,1,1.01641,0.36288,0,52.7473,3.69918,48.3946,0.84672,12.849,0.84672,3695.15,0,36.966,0.324206,0.251649,2.19783,1.82198,0.963827,2.98343,0.42336,36.966,0.42336,423.524,0,1.02816,0,0,1.27981,0.251649,1.028160,1,0,51.378,0,0,0,51.378,0
38.1355,3.03354,0,0,3.30786,0.193156,0.36288,3.6288,55.4506,0.424404,0,0,0.692002,0.192525,0,0.66528,12.849,1,1.0146,0.36288,0,95.4882,4.06555,90.771,0.84672,12.849,0.84672,3695.15,0,36.966,0.283311,0.495979,2.19803,3.56845,0.906595,5.07256,0.42336,36.966,0.42336,423.524,0,1.02816,0,0,1.52414,0.495979,1.028160,1,0,95.8435,0,0,0,95.8435,0
37.6369,3.02816,0,0,3.09502,0.202585,0.36288,3.6288,55.3051,0.424738,0,0,0.474165,0.194929,0,0.66528,12.849,1,1.02028,0.36288,0,69.623,4.4582,64.5074,0.84672,12.849,0.84672,3695.15,0,36.966,0.283151,0.855075,2.09976,2.54948,0.97761,4.24355,0.42336,36.966,0.42336,423.524,0,1.02816,0,0,1.88323,0.855075,1.028160,1,0,68.751,0,0,0,68.751,0
37.715,3.0183,0,0,3.6607,0.201405,0.36288,3.6288,55.2574,0.424396,0,0,0.571489,0.194742,0,0.66528,12.849,1,1.03043,0.36288,0,84.4644,4.4582,79.3386,0.84672,12.849,0.84672,3695.15,0,36.966,0.283667,1.18714,2.09995,3.19262,0.97761,5.21843,0.42336,36.966,0.42336,423.524,0,1.02816,0,0,2.2153,1.18714,1.028160,1,0,84.5571,0,0,0,84.5571,0
38.3778,3.02011,0,0,4.24734,0.20159,0.36288,3.6288,55.4639,0.424353,0,0,0.825552,0.194681,0,0.66528,12.849,1,1.02891,0.36288,0,98.4718,4.4582,93.3476,0.84672,12.849,0.84672,3695.15,0,36.966,0.283883,1.71961,2.10014,3.86191,0.97761,6.42016,0.42336,36.966,0.42336,423.524,0,1.02816,0,0,2.74777,1.71961,1.028160,1,0,99.7677,0,0,0,99.7677,0
38.7096,2.82906,0,0,3.73683,0.213083,0.36288,3.6288,55.8753,0.294903,0,0,0.873856,0.167552,0,0.66528,12.849,1,0.947177,0.36288,0,92.5897,4.28779,87.7176,0.84672,12.849,0.84672,3695.15,0,36.966,0.196549,1.41702,2.10033,3.96363,1.05435,6.23008,0.42336,36.966,0.42336,423.524,0,1.02816,0,0,2.44518,1.41702,1.028160,1,0,93.9477,0,0,0,93.9477,0
38.7054,2.83535,0,0,3.40807,0.214042,0.36288,3.6288,56.6304,0.295868,0,0,1.22284,0.171939,0,0.66528,12.849,1,0.941149,0.36288,0,96.0872,3.82631,91.6826,0.84672,12.849,0.84672,3695.15,0,36.966,0.19574,1.42762,1.88172,3.89071,1.02516,5.97915,0.42336,36.966,0.42336,423.524,0,1.02816,0,0,2.45578,1.42762,1.028160,1,0,97.6617,0,0,0,97.6617,0
38.2006,2.83548,0,0,2.9076,0.214032,0.36288,3.6288,57.3708,0.297541,0,0,1.21076,0.172789,0,0.66528,12.849,1,0.941293,0.36288,0,95.8582,3.82631,91.4535,0.84672,12.849,0.84672,3695.15,0,36.966,0.194223,2.19182,1.88189,4.74119,1.02516,7.59552,0.42336,36.966,0.42336,423.524,0,1.02816,0,0,3.21998,2.19182,1.028160,1,0,99.049,0,0,0,99.049,0
37.0072,2.82637,0,0,2.20862,0.212777,0.36288,3.6288,57.7925,0.299161,0,0,0.89453,0.173623,0,0.66528,12.849,1,0.950669,0.36288,0,75.7685,3.82631,71.3544,0.84672,12.849,0.84672,3695.15,0,36.966,0.19276,1.29896,1.88206,4.03447,1.02516,5.99758,0.42336,36.966,0.42336,423.524,0,1.02816,0,0,2.32712,1.29896,1.028160,1,0,77.352,0,0,0,77.352,0
36.4939,2.80382,0,0,2.85723,0.203762,0.36288,3.6288,58.4083,0.300114,0,0,1.0928,0.176973,0,0.66528,12.849,1,0.973494,0.36288,0,87.893,3.40126,83.8811,0.84672,12.849,0.84672,3695.15,0,36.966,0.191963,2.40669,1.88223,5.1079,0.972634,8.23222,0.42336,36.966,0.42336,423.524,0,1.02816,0,0,3.43485,2.40669,1.028160,1,0,92.1133,0,0,0,92.1133,0
37.59,2.8716,0,0,4.55697,0.22647,0.36288,3.6288,58.8306,0.339933,0,0,0.968397,0.206139,0,0.66528,12.849,1,1.01105,0.36288,0,161.514,4.09437,156.772,0.84672,12.849,0.84672,3695.15,0,36.966,0.21514,2.74587,1.8824,4.92459,0.931424,8.4063,0.42336,36.966,0.42336,423.524,0,1.02816,0,0,3.77403,2.74587,1.028160,1,0,165.178,0,0,0,165.178,0
38.4741,2.89375,0,0,4.37469,0.233921,0.36288,3.6288,58.7761,0.340969,0,0,0.496306,0.209782,0,0.66528,12.849,1,0.989142,0.36288,0,117.141,4.15369,112.361,0.84672,12.849,0.84672,3695.15,0,36.966,0.214247,1.61745,1.95081,3.46228,0.923297,5.893,0.42336,36.966,0.42336,423.524,0,1.02816,0,0,2.64561,1.61745,1.028160,1,0,118.254,0,0,0,118.254,0
38.8421,2.91097,0,0,3.87386,0.231978,0.36288,3.6288,58.6309,0.340936,0,0,0.407071,0.211386,0,0.66528,12.849,1,0.972164,0.36288,0,100.678,4.21743,95.8509,0.84672,12.849,0.84672,3695.15,0,36.966,0.214424,1.3103,1.95097,3.15321,0.939688,5.26037,0.42336,36.966,0.42336,423.524,0,1.02816,0,0,2.33846,1.3103,1.028160,1,0,101.111,0,0,0,101.111,0
38.5972,2.91808,0,0,3.24263,0.206607,0.36288,3.6288,58.4151,0.340698,0,0,0.346141,0.221244,0,0.66528,12.849,1,0.965304,0.36288,0,73.6957,4.59984,68.4935,0.84672,12.849,0.84672,3695.15,0,36.966,0.214805,1.03786,1.95113,2.59511,1.03804,4.33126,0.42336,36.966,0.42336,423.524,0,1.02816,0,0,2.06602,1.03786,1.028160,1,0,72.8247,0,0,0,72.8247,0
38.2869,3.16688,0,0,3.45053,0.231019,0.36288,3.6288,58.1601,0.484835,0,0,0.449546,0.219718,0,0.66528,12.849,1,1.05426,0.36288,0,79.6159,4.68611,74.2384,0.84672,12.849,0.84672,3695.15,0,36.966,0.306811,1.11933,1.95128,3.15301,1.07142,4.84539,0.42336,36.966,0.42336,423.524,0,1.02816,0,0,2.14749,1.11933,1.028160,1,0,79.0838,0,0,0,79.0838,0
38.966,3.16069,0,0,4.46603,0.263397,0.36288,3.6288,57.9226,0.484111,0,0,0.464321,0.217735,0,0.66528,12.849,1,1.06072,0.36288,0,102.818,4.80112,97.3188,0.84672,12.849,0.84672,3695.15,0,36.966,0.307696,1.23536,2.19702,4.49925,1.11593,6.50801,0.42336,36.966,0.42336,423.524,0,1.02816,0,0,2.26352,1.23536,1.028160,1,0,103.827,0,0,0,103.827,0
40.4023,3.1748,0,0,5.2419,0.267877,0.36288,3.6288,57.7142,0.483438,0,0,0.486332,0.211287,0,0.66528,12.849,1,1.04689,0.36288,0,123.624,4.5913,118.348,0.84672,12.849,0.84672,3695.15,0,36.966,0.308529,1.43186,2.1972,3.82026,1.0457,6.09509,0.42336,36.966,0.42336,423.524,0,1.02816,0,0,2.46002,1.43186,1.028160,1,0,124.443,0,0,0,124.443,0
41.0817,3.20324,0,0,4.52398,0.278501,0.36288,3.6288,57.6279,0.482857,0,0,0.592293,0.195737,0,0.66528,12.849,1,1.01871,0.36288,0,137.006,4.06675,132.284,0.84672,12.849,0.84672,3695.15,0,36.966,0.30927,2.07865,2.19737,4.53327,0.870125,7.62991,0.42336,36.966,0.42336,423.524,0,1.02816,0,0,3.10681,2.07865,1.028160,1,0,139.914,0,0,0,139.914,0
41.617,2.84947,0,0,4.01332,0.265682,0.36288,3.6288,57.5776,0.28967,0,0,0.450894,0.211476,0,0.66528,12.849,1,0.891221,0.36288,0,111.215,3.93464,106.752,0.84672,12.849,0.84672,3695.15,0,36.966,0.185812,1.02329,2.19755,3.63216,0.96576,5.70142,0.42336,36.966,0.42336,423.524,0,1.02816,0,0,2.05145,1.02329,1.028160,1,0,112.453,0,0,0,112.453,0
42.1291,2.85841,0,0,3.98058,0.247141,0.36288,3.6288,57.5047,0.289655,0,0,0.449257,0.232532,0,0.66528,12.849,1,0.882518,0.36288,0,109.247,3.75848,104.969,0.84672,12.849,0.84672,3695.15,0,36.966,0.185964,0.968138,1.86272,3.51137,1.09327,5.06299,0.42336,36.966,0.42336,423.524,0,1.02816,0,0,1.9963,0.968138,1.028160,1,0,110.032,0,0,0,110.032,0
42.4288,2.86682,0,0,3.77796,0.248626,0.36288,3.6288,57.3995,0.289595,0,0,0.416841,0.232423,0,0.66528,12.849,1,0.874353,0.36288,0,128.116,3.75848,123.846,0.84672,12.849,0.84672,3695.15,0,36.966,0.186162,0.770532,1.86287,3.12088,1.09327,4.47485,0.42336,36.966,0.42336,423.524,0,1.02816,0,0,1.79869,0.770532,1.028160,1,0,128.321,0,0,0,128.321,0
43.2981,2.87174,0,0,4.29618,0.192216,0.36288,3.6288,57.6037,0.289472,0,0,0.694127,0.200414,0,0.66528,12.849,1,0.869668,0.36288,0,120.188,3.29938,116.382,0.84672,12.849,0.84672,3695.15,0,36.966,0.186423,1.59028,1.86302,4.23825,1.03649,6.46864,0.42336,36.966,0.42336,423.524,0,1.02816,0,0,2.61844,1.59028,1.028160,1,0,122.851,0,0,0,122.851,0
46.7216,2.88539,0,0,6.87753,0.205806,0.36288,3.6288,58.1903,0.289958,0,0,1.10097,0.224499,0,0.66528,12.849,1,0.856257,0.36288,0,135.281,4.16023,130.627,0.84672,12.849,0.84672,3695.15,0,36.966,0.186074,2.41065,1.86317,6.41696,1.09546,9.40925,0.42336,36.966,0.42336,423.524,0,1.02816,0,0,3.43881,2.41065,1.028160,1,0,140.036,0,0,0,140.036,0
49.5768,3.02988,0,0,6.49352,0.245512,0.36288,3.6288,58.7763,0.338601,0,0,1.14281,0.218134,0,0.66528,12.849,1,0.833253,0.36288,0,171.069,3.30372,167.295,0.84672,12.849,0.84672,3695.15,0,36.966,0.2151,3.02133,1.86332,6.49467,0.897838,10.2664,0.42336,36.966,0.42336,423.524,0,1.02816,0,0,4.04949,3.02133,1.028160,1,0,177.562,0,0,0,177.562,0
50.7839,3.06818,0,0,4.85756,0.219455,0.36288,3.6288,59.2154,0.340005,0,0,0.988848,0.209799,0,0.66528,12.849,1,0.795192,0.36288,0,113.93,3.72036,109.778,0.84672,12.849,0.84672,3695.15,0,36.966,0.213838,1.63445,1.9461,3.65424,0.978751,6.0422,0.42336,36.966,0.42336,423.524,0,1.02816,0,0,2.66261,1.63445,1.028160,1,0,115.82,0,0,0,115.82,0
51.647,3.08346,0,0,4.53172,0.222269,0.36288,3.6288,59.4223,0.341069,0,0,0.758341,0.210391,0,0.66528,12.849,1,0.780158,0.36288,0,106.694,3.72036,102.557,0.84672,12.849,0.84672,3695.15,0,36.966,0.212917,1.18873,1.94625,3.00195,0.978751,4.94526,0.42336,36.966,0.42336,423.524,0,1.02816,0,0,2.21689,1.18873,1.028160,1,0,107.502,0,0,0,107.502,0
53.4094,3.0941,0,0,5.44368,0.224281,0.36288,3.6288,59.5703,0.341615,0,0,0.700286,0.210669,0,0.66528,12.849,1,0.769766,0.36288,0,93.7907,3.72036,89.6634,0.84672,12.849,0.84672,3695.15,0,36.966,0.212515,1.49344,1.94641,5.90285,0.978751,8.15143,0.42336,36.966,0.42336,423.524,0,1.02816,0,0,2.5216,1.49344,1.028160,1,0,97.8148,0,0,0,97.8148,0
54.699,3.07655,0,0,4.91918,0.190176,0.36288,3.6288,59.8555,0.323442,0,0,0.822172,0.213445,0,0.66528,12.849,1,0.740143,0.36288,0,123.83,3.86159,119.591,0.84672,12.849,0.84672,3695.15,0,36.966,0.20071,1.99769,1.94657,5.1502,1.01425,7.8795,0.42336,36.966,0.42336,423.524,0,1.02816,0,0,3.02585,1.99769,1.028160,1,0,127.471,0,0,0,127.471,0
54.8561,3.09087,0,0,3.78594,0.175095,0.36288,3.6288,60.0271,0.324121,0,0,0.721312,0.225592,0,0.66528,12.849,1,0.726059,0.36288,0,85.4289,4.22331,80.8424,0.84672,12.849,0.84672,3695.15,0,36.966,0.200173,1.59155,1.91456,3.9177,1.09001,6.13363,0.42336,36.966,0.42336,423.524,0,1.02816,0,0,2.61971,1.59155,1.028160,1,0,86.976,0,0,0,86.976,0
54.5663,3.09276,0,0,3.34126,0.175372,0.36288,3.6288,60.1517,0.324562,0,0,0.674946,0.225839,0,0.66528,12.849,1,0.72442,0.36288,0,74.463,4.22331,69.8781,0.84672,12.849,0.84672,3695.15,0,36.966,0.199872,1.26395,1.91472,3.46194,1.09001,5.35073,0.42336,36.966,0.42336,423.524,0,1.02816,0,0,2.29211,1.26395,1.028160,1,0,75.2289,0,0,0,75.2289,0
53.9495,3.08984,0,0,3.01073,0.174861,0.36288,3.6288,60.1989,0.324906,0,0,0.598161,0.226019,0,0.66528,12.849,1,0.72758,0.36288,0,65.0005,4.22331,60.4124,0.84672,12.849,0.84672,3695.15,0,36.966,0.19967,1.03164,1.91487,3.1263,1.09001,4.78314,0.42336,36.966,0.42336,423.524,0,1.02816,0,0,2.0598,1.03164,1.028160,1,0,65.1956,0,0,0,65.1956,0
53.121,3.21336,0,0,2.88636,0.138543,0.36288,3.6288,60.1834,0.391287,0,0,0.578146,0.202393,0,0.66528,12.849,1,0.765317,0.36288,0,65.3538,3.75069,61.2007,0.84672,12.849,0.84672,3695.15,0,36.966,0.240275,1.03889,1.91503,2.97571,0.936765,4.75259,0.42336,36.966,0.42336,423.524,0,1.02816,0,0,2.06705,1.03889,1.028160,1,0,65.9533,0,0,0,65.9533,0
52.4136,3.20395,0,0,2.9396,0.0802364,0.36288,3.6288,60.088,0.391341,0,0,0.550157,0.254185,0,0.66528,12.849,1,0.774977,0.36288,0,64.1779,4.84228,58.9235,0.84672,12.849,0.84672,3695.15,0,36.966,0.24037,0.938693,2.02791,3.11621,1.16595,4.67649,0.42336,36.966,0.42336,423.524,0,1.02816,0,0,1.96685,0.938693,1.028160,1,0,63.6,0,0,0,63.6,0
51.5936,3.19576,0,0,2.81831,0.0796554,0.36288,3.6288,59.9795,0.391197,0,0,0.536731,0.254031,0,0.66528,12.849,1,0.783428,0.36288,0,59.3831,4.84228,54.1202,0.84672,12.849,0.84672,3695.15,0,36.966,0.240663,0.93579,2.02807,3.01096,1.16595,4.5682,0.42336,36.966,0.42336,423.524,0,1.02816,0,0,1.96395,0.93579,1.028160,1,0,58.6884,0,0,0,58.6884,0
50.6583,3.18599,0,0,2.6926,0.0789819,0.36288,3.6288,59.8735,0.391019,0,0,0.53883,0.253855,0,0.66528,12.849,1,0.793447,0.36288,0,56.7402,4.84228,51.4673,0.84672,12.849,0.84672,3695.15,0,36.966,0.240989,1.11053,2.02823,2.86752,1.16595,4.59934,0.42336,36.966,0.42336,423.524,0,1.02816,0,0,2.13869,1.11053,1.028160,1,0,56.0667,0,0,0,56.0667,0
49.505,3.17451,0,0,2.49068,0.106625,0.36288,3.6288,59.7465,0.390848,0,0,0.50839,0.24455,0,0.66528,12.849,1,0.805184,0.36288,0,52.7898,4.24998,48.0975,0.84672,12.849,0.84672,3695.15,0,36.966,0.24131,1.0363,2.02839,2.60809,1.1888,4.24267,0.42336,36.966,0.42336,423.524,0,1.02816,0,0,2.06446,1.0363,1.028160,1,0,52.3402,0,0,0,52.3402,0
48.6615,3.13453,0,0,2.74784,0.093911,0.36288,3.6288,59.4954,0.426914,0,0,0.471309,0.295501,0,0.66528,12.849,1,0.813565,0.36288,0,48.6207,5.42058,42.7495,0.84672,12.849,0.84672,3695.15,0,36.966,0.264138,0.953778,2.02856,2.34001,1.34314,3.71506,0.42336,36.966,0.42336,423.524,0,1.02816,0,0,1.98194,0.953778,1.028160,1,0,46.4645,0,0,0,46.4645,0
47.6953,3.12357,0,0,2.59623,0.0759632,0.36288,3.6288,59.1942,0.426321,0,0,0.449292,0.324163,0,0.66528,12.849,1,0.824774,0.36288,0,46.0847,5.45223,40.1706,0.84672,12.849,0.84672,3695.15,0,36.966,0.264884,0.88992,2.06814,2.34075,1.44078,3.59314,0.42336,36.966,0.42336,423.524,0,1.02816,0,0,1.91808,0.88992,1.028160,1,0,43.7637,0,0,0,43.7637,0
46.6122,3.11061,0,0,2.46552,0.0751681,0.36288,3.6288,58.8538,0.425585,0,0,0.408748,0.323538,0,0.66528,12.849,1,0.837989,0.36288,0,41.7068,5.45223,35.7795,0.84672,12.849,0.84672,3695.15,0,36.966,0.265772,0.820307,2.0683,2.29073,1.44078,3.47278,0.42336,36.966,0.42336,423.524,0,1.02816,0,0,1.84847,0.820307,1.028160,1,0,39.2523,0,0,0,39.2523,0
45.3639,3.09554,0,0,2.2844,0.0742767,0.36288,3.6288,58.4763,0.424735,0,0,0.370081,0.322833,0,0.66528,12.849,1,0.853308,0.36288,0,39.7015,5.45223,33.7588,0.84672,12.849,0.84672,3695.15,0,36.966,0.266775,0.724602,2.06847,2.11331,1.44078,3.19883,0.42336,36.966,0.42336,423.524,0,1.02816,0,0,1.75276,0.724602,1.028160,1,0,36.9577,0,0,0,36.9577,0
43.824,3.14156,0,0,2.02806,0.0635552,0.36288,3.6288,58.018,0.45586,0,0,0.310445,0.312856,0,0.66528,12.849,1,0.889824,0.36288,0,33.5776,5.59947,27.4512,0.84672,12.849,0.84672,3695.15,0,36.966,0.288173,0.447526,2.06863,1.69721,1.41625,2.50894,0.42336,36.966,0.42336,423.524,0,1.02816,0,0,1.47569,0.447526,1.028160,1,0,29.9602,0,0,0,29.9602,0
42.4758,3.11758,0,0,2.18762,0.0553107,0.36288,3.6288,57.6334,0.454565,0,0,0.374938,0.305057,0,0.66528,12.849,1,0.914061,0.36288,0,40.8148,5.7099,34.5537,0.84672,12.849,0.84672,3695.15,0,36.966,0.289625,0.633252,2.12468,1.69304,1.39785,2.76349,0.42336,36.966,0.42336,423.524,0,1.02816,0,0,1.66141,0.633252,1.028160,1,0,37.3172,0,0,0,37.3172,0
40.9542,3.0955,0,0,1.99123,0.0544582,0.36288,3.6288,57.1848,0.453483,0,0,0.309248,0.304299,0,0.66528,12.849,1,0.936394,0.36288,0,32.8742,5.7099,26.5908,0.84672,12.849,0.84672,3695.15,0,36.966,0.290864,0.669133,2.12485,1.57321,1.39785,2.67848,0.42336,36.966,0.42336,423.524,0,1.02816,0,0,1.69729,0.669133,1.028160,1,0,29.2693,0,0,0,29.2693,0
39.2797,3.06922,0,0,1.81103,0.053496,0.36288,3.6288,56.7172,0.452192,0,0,0.288,0.303416,0,0.66528,12.849,1,0.962938,0.36288,0,30.6461,5.7099,24.3361,0.84672,12.849,0.84672,3695.15,0,36.966,0.292311,0.404577,2.12502,1.40204,1.39785,2.24148,0.42336,36.966,0.42336,423.524,0,1.02816,0,0,1.43274,0.404577,1.028160,1,0,26.5776,0,0,0,26.5776,0
37.6228,3.2201,0,0,1.96997,0.0438726,0.36288,3.6288,56.1732,0.565301,0,0,0.328298,0.307033,0,0.66528,12.849,1,1.05335,0.36288,0,30.3592,5.84123,23.8275,0.84672,12.849,0.84672,3695.15,0,36.966,0.368441,0.740586,2.12519,1.85589,1.44264,2.91058,0.42336,36.966,0.42336,423.524,0,1.02816,0,0,1.76875,0.740586,1.028160,1,0,26.7381,0,0,0,26.7381,0
36.1529,3.18572,0,0,2.12013,0.0414128,0.36288,3.6288,55.5873,0.563252,0,0,0.275376,0.297993,0,0.66528,12.849,1,1.08799,0.36288,0,28.4925,5.58232,22.185,0.84672,12.849,0.84672,3695.15,0,36.966,0.37066,0.489525,2.31661,1.30428,1.50224,2.23751,0.42336,36.966,0.42336,423.524,0,1.02816,0,0,1.51769,0.489525,1.028160,1,0,24.4225,0,0,0,24.4225,0
34.3419,3.15329,0,0,1.74589,0.0406971,0.36288,3.6288,54.9691,0.561008,0,0,0.239678,0.296852,0,0.66528,12.849,1,1.1207,0.36288,0,35.3715,5.58232,29.0313,0.84672,12.849,0.84672,3695.15,0,36.966,0.373075,0.31288,2.31679,1.16362,1.50224,1.91798,0.42336,36.966,0.42336,423.524,0,1.02816,0,0,1.34104,0.31288,1.028160,1,0,30.9493,0,0,0,30.9493,0
32.7601,3.11048,0,0,1.9314,0.0398154,0.36288,3.6288,54.4441,0.558601,0,0,0.329239,0.295649,0,0.66528,12.849,1,1.16379,0.36288,0,30.3264,5.58232,23.9432,0.84672,12.849,0.84672,3695.15,0,36.966,0.375652,0.727367,2.31697,1.39054,1.50224,2.55699,0.42336,36.966,0.42336,423.524,0,1.02816,0,0,1.75553,0.727367,1.028160,1,0,26.5002,0,0,0,26.5002,0
31.08,3.07032,0,0,1.7938,0.0407489,0.36288,3.6288,53.8708,0.556545,0,0,0.26463,0.281436,0,0.66528,12.849,1,1.20422,0.36288,0,29.095,5.21263,23.041,0.84672,12.849,0.84672,3695.15,0,36.966,0.377878,0.588289,2.31716,1.57986,1.35833,2.74909,0.42336,36.966,0.42336,423.524,0,1.02816,0,0,1.61645,0.588289,1.028160,1,0,25.7901,0,0,0,25.7901,0
30.7182,2.94132,0,0,2.96466,0.0222535,0.36288,3.6288,53.7795,0.486175,0,0,0.639702,0.244747,0,0.66528,12.849,1,1.21599,0.36288,0,48.4275,4.91715,42.6573,0.84672,12.849,0.84672,3695.15,0,36.966,0.333612,1.87125,2.31734,2.00623,1.22937,4.63184,0.42336,36.966,0.42336,423.524,0,1.02816,0,0,2.89941,1.87125,1.028160,1,0,47.2891,0,0,0,47.2891,0
30.3852,2.93141,0,0,2.97982,0.0185292,0.36288,3.6288,53.6217,0.485935,0,0,0.572241,0.244122,0,0.66528,12.849,1,1.22617,0.36288,0,57.9921,5.02194,52.1069,0.84672,12.849,0.84672,3695.15,0,36.966,0.334013,1.80814,2.2068,1.79457,1.26784,4.20766,0.42336,36.966,0.42336,423.524,0,1.02816,0,0,2.8363,1.80814,1.028160,1,0,56.3145,0,0,0,56.3145,0
29.7111,2.92215,0,0,2.63991,0.0290141,0.36288,3.6288,53.464,0.48545,0,0,0.56151,0.233766,0,0.66528,12.849,1,1.23569,0.36288,0,61.6137,4.85393,55.887,0.84672,12.849,0.84672,3695.15,0,36.966,0.334661,1.73152,2.20698,1.83629,1.22425,4.21588,0.42336,36.966,0.42336,423.524,0,1.02816,0,0,2.75968,1.73152,1.028160,1,0,60.1029,0,0,0,60.1029,0
29.132,2.90276,0,0,2.80356,0.117025,0.36288,3.6288,53.3656,0.484962,0,0,0.541593,0.15506,0,0.66528,12.849,1,1.25534,0.36288,0,69.7637,4.95239,63.9188,0.84672,12.849,0.84672,3695.15,0,36.966,0.335311,1.79242,2.20715,2.23354,1.0293,4.8685,0.42336,36.966,0.42336,423.524,0,1.02816,0,0,2.82058,1.79242,1.028160,1,0,68.7873,0,0,0,68.7873,0
28.5837,2.81868,0,0,2.75445,0.121129,0.36288,3.6288,53.3392,0.422937,0,0,0.568048,0.171492,0,0.66528,12.849,1,1.24321,0.36288,0,67.9889,4.75499,62.3536,0.84672,12.849,0.84672,3695.15,0,36.966,0.292966,1.80115,2.20733,2.8111,1.00613,5.52049,0.42336,36.966,0.42336,423.524,0,1.02816,0,0,2.82931,1.80115,1.028160,1,0,67.8741,0,0,0,67.8741,0
26.6634,2.80241,0,0,1.36627,0.121298,0.36288,3.6288,52.9111,0.517914,0,0,0.287319,0.197562,0,0.66528,12.849,1,1.25974,0.36288,0,41.4907,4.24588,36.3479,0.84672,12.849,0.84672,3695.15,0,36.966,0.358933,0.216518,2.10866,2.27468,0.960438,3.28048,0.42336,36.966,0.42336,423.524,0,0.86737,0,0,1.08389,0.216518,1.028160,1,0,39.6284,0,0,0,39.6284,0
26.2424,2.74136,0,0,2.80133,0.118117,0.36288,3.6288,52.9269,0.421637,0,0,0.634405,0.196887,0,0.66528,12.849,1,1.32105,0.36288,0,64.0887,4.24588,58.8846,0.84672,12.849,0.84672,3695.15,0,36.966,0.294575,1.65189,2.10883,3.25232,0.960438,5.75802,0.42336,36.966,0.42336,423.524,0,1.02816,0,0,2.68005,1.65189,1.028160,1,0,64.6426,0,0,0,64.6426,0
28.6289,2.7273,0,0,5.59415,0.11742,0.36288,3.6288,53.5291,0.421781,0,0,1.22086,0.196912,0,0.66528,12.849,1,1.33536,0.36288,0,118.142,4.24588,112.924,0.84672,12.849,0.84672,3695.15,0,36.966,0.294586,4.78311,2.109,5.23241,0.960438,10.8695,0.42336,36.966,0.42336,423.524,0,1.02816,0,0,5.81127,4.78311,1.028160,1,0,123.794,0,0,0,123.794,0
31.107,2.61513,0,0,5.60688,0.150795,0.36288,3.6288,54.1715,0.295017,0,0,1.14639,0.208998,0,0.66528,12.849,1,1.1737,0.36288,0,71.5012,3.99845,66.6919,0.84672,12.849,0.84672,3695.15,0,36.966,0.203732,3.22739,2.10917,4.71482,0.895226,8.95242,0.42336,36.966,0.42336,423.524,0,1.02816,0,0,4.25555,3.22739,1.028160,1,0,75.6443,0,0,0,75.6443,0
35.6398,2.68147,0,0,7.75494,0.177814,0.36288,3.6288,55.7847,0.296536,0,0,2.10954,0.199802,0,0.66528,12.849,1,1.1076,0.36288,0,123.399,4.66315,117.991,0.84672,12.849,0.84672,3695.15,0,36.966,0.202352,3.56401,1.88972,7.57927,1.24638,11.5843,0.42336,36.966,0.42336,423.524,0,1.02816,0,0,4.59217,3.56401,1.028160,1,0,129.575,0,0,0,129.575,0
42.2899,2.78518,0,0,9.9862,0.188076,0.36288,3.6288,57.5845,0.300139,0,0,2.30192,0.201936,0,0.66528,12.849,1,1.00412,0.36288,0,211.327,4.66315,206.022,0.84672,12.849,0.84672,3695.15,0,36.966,0.198888,3.5079,1.88987,9.34748,1.24638,13.3,0.42336,36.966,0.42336,423.524,0,1.02816,0,0,4.53606,3.5079,1.028160,1,0,219.322,0,0,0,219.322,0
46.6283,2.90647,0,0,7.81116,0.203386,0.36288,3.6288,59.3491,0.30401,0,0,2.27294,0.204317,0,0.66528,12.849,1,0.883077,0.36288,0,166.526,4.66315,161.342,0.84672,12.849,0.84672,3695.15,0,36.966,0.195157,2.7117,1.89002,7.55397,1.24638,10.7142,0.42336,36.966,0.42336,423.524,0,1.02816,0,0,3.73986,2.7117,1.028160,1,0,172.056,0,0,0,172.056,0
49.9899,2.97107,0,0,6.91768,0.222067,0.36288,3.6288,60.8638,0.307671,0,0,2.00135,0.179043,0,0.66528,12.849,1,0.818715,0.36288,0,124.151,4.09931,119.596,0.84672,12.849,0.84672,3695.15,0,36.966,0.191635,3.22708,1.89017,5.74149,1.09577,9.57134,0.42336,36.966,0.42336,423.524,0,1.02816,0,0,4.25524,3.22708,1.028160,1,0,129.167,0,0,0,129.167,0
55.5722,3.01487,0,0,9.18769,0.227721,0.36288,3.6288,61.308,0.310638,0,0,1.82611,0.202352,0.8689,0.66528,12.849,1,0.774917,0.36288,0,179.928,3.69081,175.825,0.84672,12.849,0.84672,3695.15,0,36.966,0.188668,4.38633,1.89033,9.25935,1.01333,14.334,0.42336,36.966,0.42336,423.524,0,1.02816,0,0,5.41449,4.38633,1.028160,1,0,191.028,0,0,0,191.028,0
57.5,3.16394,0,0,5.69667,0.241967,0.36288,3.6288,61.308,0.350925,0,0,1.64583,0.230259,1.06465,0.66528,12.849,1,0.731543,0.36288,0,114.604,3.93078,110.304,0.84672,12.849,0.84672,3695.15,0,36.966,0.211592,3.37891,1.89033,9.83415,1.09395,13.7978,0.42336,36.966,0.42336,423.524,0,1.02816,0,0,4.40707,3.37891,1.028160,1,0,125.167,0,0,0,125.167,0
61.7568,3.18416,0,0,8.05043,0.246625,0.36288,3.6288,61.308,0.351004,0,0,2.97194,0.230259,2.39068,0.66528,12.849,1,0.711535,0.36288,0,136.298,3.93078,132.018,0.84672,12.849,0.84672,3695.15,0,36.966,0.21164,4.56333,1.95897,13.1243,1.09395,18.341,0.42336,36.966,0.42336,423.524,0,1.02816,0,0,5.59149,4.56333,1.028160,1,0,152.75,0,0,0,152.75,0
63.4305,3.22494,0,0,5.54596,0.284476,0.36288,3.6288,61.308,0.351082,0,0,2.00591,0.205021,1.44981,0.66528,12.849,1,0.670974,0.36288,0,186.803,3.78097,182.714,0.84672,12.849,0.84672,3695.15,0,36.966,0.211687,3.38276,1.95911,6.81463,1.14108,10.8037,0.42336,36.966,0.42336,423.524,0,1.02816,0,0,4.41092,3.38276,1.028160,1,0,194.967,0,0,0,194.967,0
63.8709,3.23984,0,0,4.33166,0.288479,0.36288,3.6288,61.308,0.351161,0,0,1.7571,0.179212,1.22672,0.66528,12.849,1,0.656289,0.36288,0,113.326,3.39703,109.635,0.84672,12.849,0.84672,3695.15,0,36.966,0.211734,2.16318,1.95925,6.35989,0.914567,9.35601,0.42336,36.966,0.42336,423.524,0,1.02816,0,0,3.19134,2.16318,1.028160,1,0,120.218,0,0,0,120.218,0
63.592,3.5258,0,0,3.91393,0.304149,0.36288,3.6288,61.308,0.499008,0,0,1.76346,0.167578,1.09688,0.66528,12.849,1,0.70929,0.36288,0,131.519,3.26886,127.904,0.84672,12.849,0.84672,3695.15,0,36.966,0.30088,2.68872,1.95938,8.46298,0.770682,12.0395,0.42336,36.966,0.42336,423.524,0,1.02816,0,0,3.71688,2.68872,1.028160,1,0,141.04,0,0,0,141.04,0
62.6506,3.52341,0,0,3.24835,0.303462,0.36288,3.6288,61.308,0.499096,0,0,1.35641,0.167578,0.689735,0.66528,12.849,1,0.711918,0.36288,0,81.5797,3.26886,77.9618,0.84672,12.849,0.84672,3695.15,0,36.966,0.300932,1.50576,2.20601,7.63671,0.770682,10.2769,0.42336,36.966,0.42336,423.524,0,1.02816,0,0,2.53392,1.50576,1.028160,1,0,88.9284,0,0,0,88.9284,0
64.2774,3.51473,0,0,5.79825,0.293919,0.36288,3.6288,61.308,0.499183,0,0,2.45194,0.184176,1.76858,0.66528,12.849,1,0.720835,0.36288,0,129.856,3.66198,125.836,0.84672,12.849,0.84672,3695.15,0,36.966,0.300985,4.05921,2.20616,9.81367,0.893669,14.8844,0.42336,36.966,0.42336,423.524,0,1.02816,0,0,5.08737,4.05921,1.028160,1,0,142.489,0,0,0,142.489,0
65.215,3.53013,0,0,5.12092,0.29024,0.36288,3.6288,61.308,0.499271,0,0,2.57879,0.198443,1.88107,0.66528,12.849,1,0.705672,0.36288,0,116.931,4.12449,112.464,0.84672,12.849,0.84672,3695.15,0,36.966,0.301038,4.98639,2.20631,10.2643,1.01961,16.1363,0.42336,36.966,0.42336,423.524,0,1.02816,0,0,6.01455,4.98639,1.028160,1,0,130.481,0,0,0,130.481,0
66.5236,3.13507,0,0,5.10445,0.297892,0.36288,3.6288,61.308,0.301001,0,0,1.68524,0.178783,1.20545,0.66528,12.849,1,0.617688,0.36288,0,88.2602,3.97037,84.035,0.84672,12.849,0.84672,3695.15,0,36.966,0.18149,2.13114,2.20647,6.05818,0.924519,9.28978,0.42336,36.966,0.42336,423.524,0,1.02816,0,0,3.1593,2.13114,1.028160,1,0,94.5302,0,0,0,94.5302,0
66.7446,3.14543,0,0,4.03025,0.301017,0.36288,3.6288,61.308,0.301077,0,0,0.936837,0.178783,0.456977,0.66528,12.849,1,0.607538,0.36288,0,73.4374,3.97037,69.2224,0.84672,12.849,0.84672,3695.15,0,36.966,0.181536,1.05614,1.8704,3.67126,0.924519,5.49174,0.42336,36.966,0.42336,423.524,0,1.02816,0,0,2.0843,1.05614,1.028160,1,0,75.1711,0,0,0,75.1711,0
66.4618,3.14729,0,0,3.52896,0.301545,0.36288,3.6288,61.308,0.301152,0,0,1.04331,0.178783,0.563376,0.66528,12.849,1,0.605886,0.36288,0,67.5415,3.97037,63.3281,0.84672,12.849,0.84672,3695.15,0,36.966,0.181581,0.968337,1.87053,3.25346,0.924519,4.98622,0.42336,36.966,0.42336,423.524,0,1.02816,0,0,1.9965,0.968337,1.028160,1,0,68.8777,0,0,0,68.8777,0
69.0709,3.14531,0,0,6.41681,0.299564,0.36288,3.6288,61.308,0.301227,0,0,1.56862,0.167329,1.10006,0.66528,12.849,1,0.608079,0.36288,0,144.099,3.79105,140.063,0.84672,12.849,0.84672,3695.15,0,36.966,0.181627,2.64025,1.87066,6.11061,0.893809,9.54609,0.42336,36.966,0.42336,423.524,0,1.02816,0,0,3.66841,2.64025,1.028160,1,0,150.709,0,0,0,150.709,0
70.5795,3.16485,0,0,5.35239,0.316046,0.36288,3.6288,61.308,0.301303,0,0,1.64377,0.184648,1.15782,0.66528,12.849,1,0.588745,0.36288,0,113.18,4.04163,108.912,0.84672,12.849,0.84672,3695.15,0,36.966,0.181672,2.44509,1.87079,6.25543,0.966804,9.42283,0.42336,36.966,0.42336,423.524,0,1.02816,0,0,3.47325,2.44509,1.028160,1,0,119.493,0,0,0,119.493,0
71.5681,3.27862,0,0,4.9522,0.322049,0.36288,3.6288,61.308,0.349919,0,0,1.72466,0.192307,1.18244,0.66528,12.849,1,0.596872,0.36288,0,105.237,4.15811,100.845,0.84672,12.849,0.84672,3695.15,0,36.966,0.210985,2.8085,1.87093,5.9813,0.991765,9.45798,0.42336,36.966,0.42336,423.524,0,1.02816,0,0,3.83666,2.8085,1.028160,1,0,111.485,0,0,0,111.485,0
71.2482,3.28579,0,0,3.65321,0.324497,0.36288,3.6288,61.308,0.349997,0,0,1.27971,0.192307,0.737408,0.66528,12.849,1,0.589915,0.36288,0,75.5629,4.15811,71.1777,0.84672,12.849,0.84672,3695.15,0,36.966,0.211033,1.48582,1.95398,4.23782,0.991765,6.47482,0.42336,36.966,0.42336,423.524,0,1.02816,0,0,2.51398,1.48582,1.028160,1,0,78.3899,0,0,0,78.3899,0
70.5374,3.28373,0,0,3.22764,0.291782,0.36288,3.6288,61.308,0.350075,0,0,1.06969,0.205764,0.513848,0.66528,12.849,1,0.592192,0.36288,0,66.2429,4.27031,61.7433,0.84672,12.849,0.84672,3695.15,0,36.966,0.21108,1.24862,1.95411,3.66256,1.00588,5.64834,0.42336,36.966,0.42336,423.524,0,1.02816,0,0,2.27678,1.24862,1.028160,1,0,67.9055,0,0,0,67.9055,0
69.9898,3.27886,0,0,3.38922,0.295095,0.36288,3.6288,61.308,0.350154,0,0,1.07258,0.208024,0.514402,0.66528,12.849,1,0.597273,0.36288,0,61.2839,3.82209,57.2274,0.84672,12.849,0.84672,3695.15,0,36.966,0.211127,1.53387,1.95425,3.569,1.02614,5.81985,0.42336,36.966,0.42336,423.524,0,1.02816,0,0,2.56203,1.53387,1.028160,1,0,63.5616,0,0,0,63.5616,0
69.2672,3.23489,0,0,3.14663,0.271436,0.36288,3.6288,61.308,0.331375,0,0,0.996354,0.209665,0.455314,0.66528,12.849,1,0.593873,0.36288,0,53.2554,3.30194,49.7225,0.84672,12.849,0.84672,3695.15,0,36.966,0.199804,1.50409,1.95439,3.08001,1.04918,5.2895,0.42336,36.966,0.42336,423.524,0,1.02816,0,0,2.53225,1.50409,1.028160,1,0,55.4673,0,0,0,55.4673,0
68.1893,3.22984,0,0,2.7847,0.269921,0.36288,3.6288,61.308,0.331452,0,0,0.882016,0.209665,0.340899,0.66528,12.849,1,0.599132,0.36288,0,50.1814,3.30194,46.6432,0.84672,12.849,0.84672,3695.15,0,36.966,0.199851,0.990412,1.92225,2.93339,1.04918,4.59703,0.42336,36.966,0.42336,423.524,0,1.02816,0,0,2.01857,0.990412,1.028160,1,0,51.5811,0,0,0,51.5811,0
67.6201,3.22205,0,0,3.28338,0.267662,0.36288,3.6288,61.308,0.331529,0,0,0.998926,0.209665,0.457731,0.66528,12.849,1,0.607135,0.36288,0,56.7167,3.30194,53.1705,0.84672,12.849,0.84672,3695.15,0,36.966,0.199897,1.06545,1.92239,3.44334,1.04918,5.1821,0.42336,36.966,0.42336,423.524,0,1.02816,0,0,2.09361,1.06545,1.028160,1,0,58.8103,0,0,0,58.8103,0
66.6288,3.21793,0,0,2.76959,0.180072,0.36288,3.6288,61.308,0.331606,0,0,0.859642,0.251232,0.276804,0.66528,12.849,1,0.611464,0.36288,0,47.7204,3.98367,43.4882,0.84672,12.849,0.84672,3695.15,0,36.966,0.199944,1.20927,1.92253,2.90327,1.16396,4.67116,0.42336,36.966,0.42336,423.524,0,1.02816,0,0,2.23743,1.20927,1.028160,1,0,48.4362,0,0,0,48.4362,0
65.4694,3.34594,0,0,2.74123,0.191729,0.36288,3.6288,61.308,0.398574,0,0,0.95581,0.246177,0.31106,0.66528,12.849,1,0.645247,0.36288,0,50.3974,4.76406,45.351,0.84672,12.849,0.84672,3695.15,0,36.966,0.240322,1.22882,1.92266,3.21594,1.13408,4.99301,0.42336,36.966,0.42336,423.524,0,1.02816,0,0,2.25698,1.22882,1.028160,1,0,50.655,0,0,0,50.655,0
64.2688,3.33658,0,0,2.68882,0.189967,0.36288,3.6288,61.308,0.398655,0,0,0.884758,0.246177,0.239926,0.66528,12.849,1,0.654835,0.36288,0,47.3223,4.76406,42.2663,0.84672,12.849,0.84672,3695.15,0,36.966,0.240371,0.999363,2.03592,2.96806,1.13408,4.62889,0.42336,36.966,0.42336,423.524,0,1.02816,0,0,2.02752,0.999363,1.028160,1,0,47.1351,0,0,0,47.1351,0
62.7444,3.32657,0,0,2.34636,0.181382,0.36288,3.6288,61.308,0.398736,0,0,0.822359,0.250899,0.172723,0.66528,12.849,1,0.665067,0.36288,0,42.2965,4.81761,37.1767,0.84672,12.849,0.84672,3695.15,0,36.966,0.24042,0.865469,2.03606,2.8707,1.14776,4.38405,0.42336,36.966,0.42336,423.524,0,1.02816,0,0,1.89363,0.865469,1.028160,1,0,41.7335,0,0,0,41.7335,0
61.1388,3.31334,0,0,2.2097,0.139087,0.36288,3.6288,61.308,0.398818,0,0,0.788103,0.279229,0.110056,0.66528,12.849,1,0.678517,0.36288,0,37.9281,5.13891,32.4736,0.84672,12.849,0.84672,3695.15,0,36.966,0.240469,0.779613,2.0362,2.715,1.22986,4.06048,0.42336,36.966,0.42336,423.524,0,1.02816,0,0,1.80777,0.779613,1.028160,1,0,36.6441,0,0,0,36.6441,0
59.8816,3.2988,0,0,2.5182,0.113701,0.36288,3.6288,61.308,0.398899,0,0,0.674133,0.262321,0.0129125,0.66528,12.849,1,0.69328,0.36288,0,35.4871,4.90671,30.25,0.84672,12.849,0.84672,3695.15,0,36.966,0.240518,0.722019,2.03634,2.80794,1.27369,4.0521,0.42336,36.966,0.42336,423.524,0,1.02816,0,0,1.75018,0.722019,1.028160,1,0,34.315,0,0,0,34.315,0
58.6379,3.26068,0,0,2.48845,0.108575,0.36288,3.6288,61.2427,0.435756,0,0,0.62998,0.259503,0,0.66528,12.849,1,0.699656,0.36288,0,34.6378,4.86801,29.4331,0.84672,12.849,0.84672,3695.15,0,36.966,0.262741,0.616922,2.03649,2.86821,1.28099,3.97788,0.42336,36.966,0.42336,423.524,0,1.02816,0,0,1.64508,0.616922,1.028160,1,0,33.4109,0,0,0,33.4109,0
57.1942,3.24869,0,0,2.27514,0.107282,0.36288,3.6288,61.1625,0.435665,0,0,0.614854,0.259396,0,0.66528,12.849,1,0.711868,0.36288,0,34.1488,4.86801,28.9318,0.84672,12.849,0.84672,3695.15,0,36.966,0.262967,0.647127,2.07618,2.83295,1.28099,4.0123,0.42336,36.966,0.42336,423.524,0,1.02816,0,0,1.67529,0.647127,1.028160,1,0,32.9441,0,0,0,32.9441,0
55.5706,3.2342,0,0,2.07932,0.105782,0.36288,3.6288,61.0427,0.435533,0,0,0.574978,0.259264,0,0.66528,12.849,1,0.726582,0.36288,0,32.1199,4.86801,26.8882,0.84672,12.849,0.84672,3695.15,0,36.966,0.263232,0.403557,2.07633,2.69578,1.28099,3.63145,0.42336,36.966,0.42336,423.524,0,1.02816,0,0,1.43172,0.403557,1.028160,1,0,30.5196,0,0,0,30.5196,0
54.2451,3.21714,0,0,2.34543,0.0909756,0.36288,3.6288,60.9254,0.435295,0,0,0.613096,0.295065,0,0.66528,12.849,1,0.743864,0.36288,0,31.2615,5.38221,25.4983,0.84672,12.849,0.84672,3695.15,0,36.966,0.263604,0.480142,2.07647,2.78855,1.43588,3.64568,0.42336,36.966,0.42336,423.524,0,1.02816,0,0,1.5083,0.480142,1.028160,1,0,29.144,0,0,0,29.144,0
53.0857,3.26937,0,0,2.55488,0.0820252,0.36288,3.6288,60.7896,0.467769,0,0,0.649192,0.317275,0,0.66528,12.849,1,0.774415,0.36288,0,31.5884,5.73846,25.4384,0.84672,12.849,0.84672,3695.15,0,36.966,0.283815,0.562602,2.07662,3.12037,1.52218,3.9536,0.42336,36.966,0.42336,423.524,0,1.02816,0,0,1.59076,0.562602,1.028160,1,0,29.392,0,0,0,29.392,0
51.7108,3.25594,0,0,2.32505,0.0810628,0.36288,3.6288,60.6279,0.46746,0,0,0.62279,0.317002,0,0.66528,12.849,1,0.788076,0.36288,0,29.6696,5.73846,23.5059,0.84672,12.849,0.84672,3695.15,0,36.966,0.284261,0.412318,2.13284,2.9009,1.52218,3.63962,0.42336,36.966,0.42336,423.524,0,1.02816,0,0,1.44048,0.412318,1.028160,1,0,27.1455,0,0,0,27.1455,0
50.0536,3.23934,0,0,2.01188,0.0669422,0.36288,3.6288,60.4573,0.467074,0,0,0.620183,0.323712,0,0.66528,12.849,1,0.804904,0.36288,0,28.308,5.98027,21.8857,0.84672,12.849,0.84672,3695.15,0,36.966,0.284784,0.39655,2.13298,2.93962,1.55223,3.63215,0.42336,36.966,0.42336,423.524,0,1.02816,0,0,1.42471,0.39655,1.028160,1,0,25.5179,0,0,0,25.5179,0
48.1252,3.21831,0,0,1.72656,0.0736736,0.36288,3.6288,60.2739,0.466661,0,0,0.594703,0.311432,0,0.66528,12.849,1,0.826157,0.36288,0,26.4731,5.86089,20.149,0.84672,12.849,0.84672,3695.15,0,36.966,0.285335,0.367243,2.13313,2.81426,1.41877,3.61053,0.42336,36.966,0.42336,423.524,0,1.02816,0,0,1.3954,0.367243,1.028160,1,0,23.7595,0,0,0,23.7595,0
46.9785,3.38325,0,0,2.6608,0.0614434,0.36288,3.6288,60.009,0.583809,0,0,0.652557,0.333659,0,0.66528,12.849,1,0.903297,0.36288,0,28.9761,6.37643,22.0593,0.84672,12.849,0.84672,3695.15,0,36.966,0.35805,0.422608,2.13328,3.62352,1.58022,4.24114,0.42336,36.966,0.42336,423.524,0,1.02816,0,0,1.45077,0.422608,1.028160,1,0,26.3004,0,0,0,26.3004,0
46.1658,3.36612,0,0,2.97316,0.0567876,0.36288,3.6288,59.8923,0.582923,0,0,0.801897,0.335666,0,0.66528,12.849,1,0.920663,0.36288,0,36.8715,6.4512,29.8626,0.84672,12.849,0.84672,3695.15,0,36.966,0.359085,0.793714,2.32534,3.84616,1.59516,5.01096,0.42336,36.966,0.42336,423.524,0,1.02816,0,0,1.82187,0.793714,1.028160,1,0,34.8735,0,0,0,34.8735,0
44.742,3.35364,0,0,2.3489,0.0562784,0.36288,3.6288,59.5597,0.582583,0,0,0.585351,0.335416,0,0.66528,12.849,1,0.933393,0.36288,0,38.0504,6.4512,31.0287,0.84672,12.849,0.84672,3695.15,0,36.966,0.359575,0.277042,2.3255,3.04758,1.59516,3.69538,0.42336,36.966,0.42336,423.524,0,1.02816,0,0,1.3052,0.277042,1.028160,1,0,34.7241,0,0,0,34.7241,0
43.9021,3.33075,0,0,2.90917,0.0553861,0.36288,3.6288,59.6173,0.581436,0,0,0.97382,0.334704,0,0.66528,12.849,1,0.956524,0.36288,0,33.7211,6.4512,26.6763,0.84672,12.849,0.84672,3695.15,0,36.966,0.360871,1.2998,2.32566,4.57968,1.59516,6.2491,0.42336,36.966,0.42336,423.524,0,1.02816,0,0,2.32796,1.2998,1.028160,1,0,32.9254,0,0,0,32.9254,0
41.8915,3.31678,0,0,1.72378,0.0547111,0.36288,3.6288,59.1795,0.657706,0,0,0.51348,0.293596,0,0.66528,12.849,1,0.970734,0.36288,0,22.2746,6.18292,15.4838,0.84672,12.849,0.84672,3695.15,0,36.966,0.407814,0.204422,2.32582,3.32258,1.43035,4.01465,0.42336,36.966,0.42336,423.524,0,0.905096,0,0,1.10952,0.204422,1.028160,1,0,19.4985,0,0,0,19.4985,0
39.5246,3.19108,0,0,1.24042,0.0533965,0.36288,3.6288,58.6603,0.67013,0,0,0.427269,0.276328,0,0.66528,12.849,1,0.978769,0.36288,0,26.892,6.07562,20.2005,0.84672,12.849,0.84672,3695.15,0,36.966,0.418591,0.204422,2.32598,2.55807,1.36443,3.30544,0.42336,36.966,0.42336,423.524,0,0.766852,0,0,0.971274,0.204422,1.028160,1,0,23.5059,0,0,0,23.5059,0
36.6995,3.14702,0,0,0.736698,0.0519266,0.36288,3.6288,57.5977,1.07915,0,0,0.291949,0.275409,0,0.66528,12.849,1,1.02306,0.36288,0,18.6955,6.07562,11.9597,0.84672,12.849,0.84672,3695.15,0,36.966,0.42336,0.216518,2.21504,1.66284,1.36443,2.30661,0.42336,36.966,0.42336,423.524,0,0.353202,0,0,0.569721,0.216518,1.028160,1,0,14.2663,0,0,0,14.2663,0
34.1843,3.08886,0,0,1.01731,0.0807729,0.36288,3.6288,56.7329,0.991612,0,0,0.400568,0.273761,0,0.66528,12.849,1,1.08145,0.36288,0,19.6771,5.80091,13.1576,0.84672,12.849,0.84672,3695.15,0,36.966,0.42336,0.216518,2.2152,2.23195,1.31314,2.92716,0.42336,36.966,0.42336,423.524,0,0.440885,0,0,0.657404,0.216518,1.028160,1,0,16.0848,0,0,0,16.0848,0
33.0811,3.0312,0,0,2.40457,0.113651,0.36288,3.6288,56.5942,0.501241,0,0,0.628969,0.266399,0,0.66528,12.849,1,1.13935,0.36288,0,24.4544,5.08059,18.5973,0.84672,12.849,0.84672,3695.15,0,36.966,0.326598,0.516646,2.21535,4.45314,1.10629,5.75225,0.42336,36.966,0.42336,423.524,0,1.02816,0,0,1.54481,0.516646,1.028160,1,0,24.3496,0,0,0,24.3496,0
30.603,2.93428,0,0,0.956422,0.137413,0.36288,3.6288,55.8095,0.830046,0,0,0.239358,0.194058,0,0.66528,12.849,1,1.1397,0.36288,0,16.3554,4.33966,11.239,0.84672,12.849,0.84672,3695.15,0,36.966,0.42336,0.216518,2.21551,2.21598,1.00731,3.21733,0.42336,36.966,0.42336,423.524,0,0.497857,0,0,0.714375,0.216518,1.028160,1,0,14.4563,0,0,0,14.4563,0
28.0083,2.86944,0,0,0.795908,0.158273,0.36288,3.6288,54.7661,1.02177,0,0,0.167531,0.189122,0,0.66528,12.849,1,1.20477,0.36288,0,13.2879,4.3786,8.0674,0.84672,12.849,0.84672,3695.15,0,36.966,0.42336,0.216518,2.11649,1.85013,1.05692,2.70286,0.42336,36.966,0.42336,423.524,0,0.30627,0,0,0.522788,0.216518,1.028160,1,0,10.7703,0,0,0,10.7703,0
25.8975,2.79308,0,0,1.19804,0.152816,0.36288,3.6288,54.5521,0.43187,0,0,0.405702,0.18783,0,0.66528,12.849,1,1.28135,0.36288,0,20.721,4.3786,15.4239,0.84672,12.849,0.84672,3695.15,0,36.966,0.291503,0.482855,2.11664,3.75149,1.05692,5.00256,0.42336,36.966,0.42336,423.524,0,1.02816,0,0,1.51102,0.482855,1.028160,1,0,20.4265,0,0,0,20.4265,0
25.5633,2.72343,0,0,2.90041,0.148376,0.36288,3.6288,54.8422,0.431269,0,0,0.90889,0.187565,0,0.66528,12.849,1,1.35122,0.36288,0,54.3027,4.3786,48.9357,0.84672,12.849,0.84672,3695.15,0,36.966,0.29224,1.34942,2.11678,5.67528,1.05692,7.79233,0.42336,36.966,0.42336,423.524,0,1.02816,0,0,2.37758,1.34942,1.028160,1,0,56.728,0,0,0,56.728,0
23.4297,2.52881,0,0,0.938088,0.179946,0.36288,3.6288,54.7383,0.301759,0,0,0.392462,0.194554,0,0.66528,12.849,1,1.27107,0.36288,0,21.1191,4.3806,15.8303,0.84672,12.849,0.84672,3695.15,0,36.966,0.203398,0.434246,2.11693,5.37602,1.01288,6.71091,0.42336,36.966,0.42336,423.524,0,1.02816,0,0,1.46241,0.434246,1.028160,1,0,22.5412,0,0,0,22.5412,0
21.8967,2.4542,0,0,1.45967,0.175579,0.36288,3.6288,54.6313,0.309156,0,0,0.377714,0.175593,0,0.66528,12.849,1,1.3459,0.36288,0,34.3605,4.46187,28.9156,0.84672,12.849,0.84672,3695.15,0,36.966,0.20878,0.292723,1.89674,5.49234,1.08113,6.3919,0.42336,36.966,0.42336,423.524,0,1.0155,0,0,1.30823,0.292723,1.028160,1,0,35.3075,0,0,0,35.3075,0
20.5737,2.39495,0,0,1.60679,0.171974,0.36288,3.6288,54.1555,0.679635,0,0,0.379282,0.175469,0,0.66528,12.849,1,1.40536,0.36288,0,37.8057,4.46187,32.3014,0.84672,12.849,0.84672,3695.15,0,36.966,0.42336,0.412474,1.89687,4.45412,1.08113,5.25898,0.42336,36.966,0.42336,423.524,0,0.430566,0,0,0.843039,0.412474,1.028160,1,0,37.5603,0,0,0,37.5603,0
19.4272,2.33945,0,0,1.72472,0.168895,0.36288,3.6288,54.5183,0.399317,0,0,0.937024,0.174918,0,0.66528,12.849,1,1.46107,0.36288,0,40.545,4.46187,34.985,0.84672,12.849,0.84672,3695.15,0,36.966,0.272569,0.412474,1.89701,6.1532,1.08113,7.10898,0.42336,36.966,0.42336,423.524,0,0.861797,0,0,1.27427,0.412474,1.028160,1,0,42.0939,0,0,0,42.0939,0
18.5692,2.28768,0,0,1.95865,0.166128,0.36288,3.6288,54.6411,0.301329,0,0,0.625635,0.201487,0,0.66528,12.849,1,1.51305,0.36288,0,58.7504,4.72311,52.8771,0.84672,12.849,0.84672,3695.15,0,36.966,0.204316,0.819107,1.89714,5.84272,1.16582,7.18883,0.42336,36.966,0.42336,423.524,0,1.02816,0,0,1.84727,0.819107,1.028160,1,0,60.0659,0,0,0,60.0659,0
21.1255,2.30901,0,0,5.38317,0.155002,0.36288,3.6288,54.6862,0.339419,0,0,0.593941,0.209399,0,0.66528,12.849,1,1.59772,0.36288,0,87.9604,4.49028,82.2353,0.84672,12.849,0.84672,3695.15,0,36.966,0.229625,1.89062,1.89727,7.53183,1.17578,9.91433,0.42336,36.966,0.42336,423.524,0,1.02816,0,0,2.91878,1.89062,1.028160,1,0,92.1496,0,0,0,92.1496,0
26.0961,2.42934,0,0,7.91642,0.153577,0.36288,3.6288,54.938,0.339597,0,0,0.791877,0.20055,0,0.66528,12.849,1,1.47758,0.36288,0,179.575,4.16871,174.291,0.84672,12.849,0.84672,3695.15,0,36.966,0.229556,3.08602,1.96612,10.1864,1.1356,13.8734,0.42336,36.966,0.42336,423.524,0,1.02816,0,0,4.11418,3.08602,1.028160,1,0,188.165,0,0,0,188.165,0
27.511,2.61805,0,0,4.56055,0.164656,0.36288,3.6288,55.2367,0.34029,0,0,0.839958,0.200883,0,0.66528,12.849,1,1.28906,0.36288,0,101.997,4.16871,96.902,0.84672,12.849,0.84672,3695.15,0,36.966,0.228971,3.31268,1.96624,9.1269,1.1356,13.0412,0.42336,36.966,0.42336,423.524,0,1.02816,0,0,4.34084,3.31268,1.028160,1,0,109.943,0,0,0,109.943,0
28.6804,2.66337,0,0,4.36668,0.171049,0.36288,3.6288,55.433,0.341097,0,0,0.738637,0.201285,0,0.66528,12.849,1,1.24392,0.36288,0,104.674,4.19088,99.6017,0.84672,12.849,0.84672,3695.15,0,36.966,0.228272,2.82868,1.96636,7.40659,1.12246,10.8509,0.42336,36.966,0.42336,423.524,0,1.02816,0,0,3.85684,2.82868,1.028160,1,0,110.453,0,0,0,110.453,0
32.1654,2.93321,0,0,6.97377,0.192719,0.36288,3.6288,55.6462,0.484206,0,0,0.899036,0.201585,0,0.66528,12.849,1,1.3141,0.36288,0,90.0824,4.3239,84.8073,0.84672,12.849,0.84672,3695.15,0,36.966,0.322898,2.56837,1.96648,6.53189,1.04358,9.70026,0.42336,36.966,0.42336,423.524,0,1.02816,0,0,3.59653,2.56837,1.028160,1,0,94.5075,0,0,0,94.5075,0
33.3853,3.0351,0,0,4.81972,0.201776,0.36288,3.6288,55.5069,0.485023,0,0,0.547529,0.201867,0,0.66528,12.849,1,1.21242,0.36288,0,64.4035,4.3239,59.2301,0.84672,12.849,0.84672,3695.15,0,36.966,0.322202,1.50791,2.21387,4.76358,1.04358,7.11958,0.42336,36.966,0.42336,423.524,0,1.02816,0,0,2.53607,1.50791,1.028160,1,0,66.3497,0,0,0,66.3497,0
33.3924,3.06723,0,0,3.63074,0.193588,0.36288,3.6288,55.1724,0.48461,0,0,0.356466,0.206288,0,0.66528,12.849,1,1.18049,0.36288,0,50.9731,4.3548,45.8007,0.84672,12.849,0.84672,3695.15,0,36.966,0.322736,0.864579,2.214,4.42232,1.07651,6.10166,0.42336,36.966,0.42336,423.524,0,1.02816,0,0,1.89274,0.864579,1.028160,1,0,51.9024,0,0,0,51.9024,0
33.3893,3.06756,0,0,3.5981,0.170782,0.36288,3.6288,54.8686,0.483511,0,0,0.388348,0.208649,0,0.66528,12.849,1,1.18036,0.36288,0,79.1044,4.32272,73.9642,0.84672,12.849,0.84672,3695.15,0,36.966,0.323956,1.01975,2.21413,4.16548,1.11322,5.96219,0.42336,36.966,0.42336,423.524,0,1.02816,0,0,2.04791,1.01975,1.028160,1,0,79.9264,0,0,0,79.9264,0
34.6081,2.71754,0,0,4.50228,0.203059,0.36288,3.6288,55.0301,0.291938,0,0,0.609706,0.156297,0,0.66528,12.849,1,1.04578,0.36288,0,102.413,3.66671,98.0629,0.84672,12.849,0.84672,3695.15,0,36.966,0.196684,1.43105,2.21427,4.83963,0.839531,7.44873,0.42336,36.966,0.42336,423.524,0,1.02816,0,0,2.45921,1.43105,1.028160,1,0,105.512,0,0,0,105.512,0
36.5792,2.74453,0,0,5.28468,0.206121,0.36288,3.6288,55.1573,0.292346,0,0,0.575984,0.156463,0,0.66528,12.849,1,1.01897,0.36288,0,88.7639,3.66671,84.4411,0.84672,12.849,0.84672,3695.15,0,36.966,0.196381,1.31719,1.87711,4.43056,0.839531,6.58894,0.42336,36.966,0.42336,423.524,0,1.02816,0,0,2.34535,1.31719,1.028160,1,0,91.0301,0,0,0,91.0301,0
37.4862,2.7853,0,0,4.26622,0.211073,0.36288,3.6288,55.0898,0.317608,0,0,0.406726,0.156594,0,0.66528,12.849,1,0.978377,0.36288,0,95.9394,3.66671,91.6572,0.84672,12.849,0.84672,3695.15,0,36.966,0.212859,0.558835,1.87723,3.07329,0.839531,4.45696,0.42336,36.966,0.42336,423.524,0,0.986524,0,0,1.54536,0.558835,1.028160,1,0,96.1142,0,0,0,96.1142,0
37.1102,2.80306,0,0,3.00327,0.213352,0.36288,3.6288,54.778,0.44383,0,0,0.288515,0.156524,0,0.66528,12.849,1,0.960794,0.36288,0,85.2906,3.66671,81.026,0.84672,12.849,0.84672,3695.15,0,36.966,0.297816,0.558835,1.87734,2.95356,0.839531,4.25239,0.42336,36.966,0.42336,423.524,0,0.775449,0,0,1.33428,0.558835,1.028160,1,0,85.2784,0,0,0,85.2784,0
37.1656,2.79596,0,0,3.39868,0.184445,0.36288,3.6288,54.6198,0.377214,0,0,0.404882,0.185875,0,0.66528,12.849,1,0.968071,0.36288,0,75.3265,4.34829,70.373,0.84672,12.849,0.84672,3695.15,0,36.966,0.254557,0.558835,1.87745,2.96614,1.02301,4.12486,0.42336,36.966,0.42336,423.524,0,0.885427,0,0,1.44426,0.558835,1.028160,1,0,74.4978,0,0,0,74.4978,0
36.7014,2.88787,0,0,2.98248,0.195844,0.36288,3.6288,54.2385,0.546287,0,0,0.378702,0.213671,0,0.66528,12.849,1,0.998405,0.36288,0,52.5051,4.86507,47.0045,0.84672,12.849,0.84672,3695.15,0,36.966,0.369721,0.558835,1.87757,2.75885,1.13147,3.69406,0.42336,36.966,0.42336,423.524,0,0.679346,0,0,1.23818,0.558835,1.028160,1,0,50.6986,0,0,0,50.6986,0
35.9524,2.87866,0,0,2.66402,0.171527,0.36288,3.6288,53.7781,0.592853,0,0,0.335899,0.203401,0,0.66528,12.849,1,1.0078,0.36288,0,54.3494,4.32309,49.3814,0.84672,12.849,0.84672,3695.15,0,36.966,0.404056,0.528595,1.96086,2.6146,1.06911,3.63089,0.42336,36.966,0.42336,423.524,0,0.598553,0,0,1.12715,0.528595,1.028160,1,0,53.0123,0,0,0,53.0123,0
35.3875,2.86333,0,0,2.8006,0.139285,0.36288,3.6288,53.3316,0.600365,0,0,0.343604,0.189832,0,0.66528,12.849,1,1.02332,0.36288,0,56.2906,3.60045,52.0297,0.84672,12.849,0.84672,3695.15,0,36.966,0.412679,0.528595,1.96098,2.62477,0.985951,3.71571,0.42336,36.966,0.42336,423.524,0,0.582526,0,0,1.11112,0.528595,1.028160,1,0,55.7454,0,0,0,55.7454,0
34.3185,2.85148,0,0,2.29758,0.152252,0.36288,3.6288,52.9105,0.590953,0,0,0.348225,0.178337,0,0.66528,12.849,1,1.03536,0.36288,0,45.8508,3.42612,41.7522,0.84672,12.849,0.84672,3695.15,0,36.966,0.409611,0.528595,1.9611,2.35371,1.01284,3.42095,0.42336,36.966,0.42336,423.524,0,0.595115,0,0,1.12371,0.528595,1.028160,1,0,45.1732,0,0,0,45.1732,0
33.332,2.79341,0,0,2.29034,0.120522,0.36288,3.6288,52.6299,0.475207,0,0,0.388852,0.194282,0,0.66528,12.849,1,1.04587,0.36288,0,44.924,3.48198,40.7591,0.84672,12.849,0.84672,3695.15,0,36.966,0.332004,0.528595,1.96121,2.35061,1.0659,3.44252,0.42336,36.966,0.42336,423.524,0,0.758255,0,0,1.28685,0.528595,1.028160,1,0,44.2016,0,0,0,44.2016,0
32.3219,2.77121,0,0,2.22403,0.10007,0.36288,3.6288,52.4243,0.419736,0,0,0.4204,0.206188,0,0.66528,12.849,1,1.06826,0.36288,0,43.3292,3.5973,39.0265,0.84672,12.849,0.84672,3695.15,0,36.966,0.294813,0.528595,1.92896,2.60134,1.07279,3.6913,0.42336,36.966,0.42336,423.524,0,0.851023,0,0,1.37962,0.528595,1.028160,1,0,42.7178,0,0,0,42.7178,0
31.1811,2.74745,0,0,2.06834,0.0988182,0.36288,3.6288,52.1858,0.42171,0,0,0.389002,0.205848,0,0.66528,12.849,1,1.0922,0.36288,0,39.6334,3.5973,35.3068,0.84672,12.849,0.84672,3695.15,0,36.966,0.297361,0.402797,1.92908,2.40192,1.07279,3.36365,0.42336,36.966,0.42336,423.524,0,0.846608,0,0,1.2494,0.402797,1.028160,1,0,38.6704,0,0,0,38.6704,0
30.1137,2.71928,0,0,2.1117,0.0969436,0.36288,3.6288,51.9292,0.454154,0,0,0.393176,0.195605,0,0.66528,12.849,1,1.12055,0.36288,0,40.3748,3.28824,36.3289,0.84672,12.849,0.84672,3695.15,0,36.966,0.321702,0.402797,1.92919,2.26996,1.08656,3.19369,0.42336,36.966,0.42336,423.524,0,0.789929,0,0,1.19273,0.402797,1.028160,1,0,39.5226,0,0,0,39.5226,0
28.9828,2.80517,0,0,2.11643,0.0792295,0.36288,3.6288,51.7226,0.414919,0,0,0.413262,0.204953,0,0.66528,12.849,1,1.19692,0.36288,0,34.2039,3.68141,29.6885,0.84672,12.849,0.84672,3695.15,0,36.966,0.295362,0.402797,1.92931,2.16735,1.08015,3.12394,0.42336,36.966,0.42336,423.524,0,0.963161,0,0,1.36596,0.402797,1.028160,1,0,32.8124,0,0,0,32.8124,0
27.606,2.77295,0,0,1.83705,0.0780311,0.36288,3.6288,51.3802,0.494871,0,0,0.357115,0.204612,0,0.66528,12.849,1,1.22934,0.36288,0,30.5486,3.68141,26.0008,0.84672,12.849,0.84672,3695.15,0,36.966,0.353683,0.402797,2.04289,1.94741,1.08015,2.95927,0.42336,36.966,0.42336,423.524,0,0.824999,0,0,1.2278,0.402797,1.028160,1,0,28.96,0,0,0,28.96,0
26.0545,2.73124,0,0,1.61915,0.076572,0.36288,3.6288,51.0312,0.459839,0,0,0.314889,0.204046,0,0.66528,12.849,1,1.27123,0.36288,0,28.879,3.68141,24.2893,0.84672,12.849,0.84672,3695.15,0,36.966,0.330836,0.30119,2.04302,1.94862,1.08015,2.88184,0.42336,36.966,0.42336,423.524,0,0.882991,0,0,1.18418,0.30119,1.028160,1,0,27.1711,0,0,0,27.1711,0
24.4162,2.68067,0,0,1.4773,0.0720119,0.36288,3.6288,50.627,0.491055,0,0,0.294904,0.208069,0,0.66528,12.849,1,1.322,0.36288,0,26.4112,3.77922,21.6728,0.84672,12.849,0.84672,3695.15,0,36.966,0.355711,0.30119,2.04314,1.87502,1.10684,2.75679,0.42336,36.966,0.42336,423.524,0,0.827012,0,0,1.1282,0.30119,1.028160,1,0,24.4296,0,0,0,24.4296,0
23.0022,2.62268,0,0,1.63778,0.0662531,0.36288,3.6288,50.4369,0.37322,0,0,0.408999,0.225874,0,0.66528,12.849,1,1.38018,0.36288,0,27.9306,4.00776,22.9056,0.84672,12.849,0.84672,3695.15,0,36.966,0.272511,0.3125,2.04326,1.77788,1.07209,2.78904,0.42336,36.966,0.42336,423.524,0,1.02816,0,0,1.34066,0.3125,1.028160,1,0,25.6946,0,0,0,25.6946,0
21.6849,2.54779,0,0,1.66343,0.0700179,0.36288,3.6288,50.251,0.406811,0,0,0.442864,0.221919,0,0.66528,12.849,1,1.4232,0.36288,0,27.3873,3.86442,22.4626,0.84672,12.849,0.84672,3695.15,0,36.966,0.298159,0.422116,2.04338,1.75993,0.994129,2.93314,0.42336,36.966,0.42336,423.524,0,1.02816,0,0,1.45028,0.422116,1.028160,1,0,25.3957,0,0,0,25.3957,0
20.2609,2.49363,0,0,1.48196,0.0495163,0.36288,3.6288,50.0036,0.406243,0,0,0.42951,0.270702,0,0.66528,12.849,1,1.47755,0.36288,0,25.9853,4.69232,20.1783,0.84672,12.849,0.84672,3695.15,0,36.966,0.298843,0.278796,2.08318,1.71154,1.27652,2.49815,0.42336,36.966,0.42336,423.524,0,1.02816,0,0,1.30696,0.278796,1.028160,1,0,22.6765,0,0,0,22.6765,0
18.8088,2.43019,0,0,1.3899,0.048909,0.36288,3.6288,49.7423,0.405459,0,0,0.406913,0.262729,0,0.66528,12.849,1,1.54118,0.36288,0,23.7904,5.09912,17.513,0.84672,12.849,0.84672,3695.15,0,36.966,0.299742,0.342956,2.0833,1.67642,1.42741,2.37552,0.42336,36.966,0.42336,423.524,0,1.02816,0,0,1.37112,0.342956,1.028160,1,0,19.8885,0,0,0,19.8885,0
17.3552,2.35961,0,0,1.31532,0.046409,0.36288,3.6288,49.4445,0.404622,0,0,0.37934,0.27251,0,0.66528,12.849,1,1.61194,0.36288,0,21.6638,5.2549,15.1598,0.84672,12.849,0.84672,3695.15,0,36.966,0.300695,0.287211,2.08343,1.60553,1.44324,2.23224,0.42336,36.966,0.42336,423.524,0,1.02816,0,0,1.31537,0.287211,1.028160,1,0,17.392,0,0,0,17.392,0
16.0426,2.32973,0,0,1.4218,0.0417415,0.36288,3.6288,49.1414,0.433811,0,0,0.428318,0.29764,0,0.66528,12.849,1,1.72483,0.36288,0,26.3368,5.64438,19.3305,0.84672,12.849,0.84672,3695.15,0,36.966,0.324328,0.302305,2.08355,1.60468,1.48281,2.1834,0.42336,36.966,0.42336,423.524,0,1.02816,0,0,1.33046,0.302305,1.028160,1,0,21.5139,0,0,0,21.5139,0
14.6815,2.25148,0,0,1.29416,0.040911,0.36288,3.6288,48.765,0.432736,0,0,0.353276,0.296897,0,0.66528,12.849,1,1.80327,0.36288,0,21.2129,5.64438,14.1282,0.84672,12.849,0.84672,3695.15,0,36.966,0.32552,0.331033,2.13992,1.4911,1.48281,2.15372,0.42336,36.966,0.42336,423.524,0,1.02816,0,0,1.35919,0.331033,1.028160,1,0,16.2819,0,0,0,16.2819,0
13.2935,2.16243,0,0,1.17703,0.0397629,0.36288,3.6288,48.3051,0.492929,0,0,0.328999,0.295974,0,0.66528,12.849,1,1.89252,0.36288,0,19.7751,5.64438,12.6011,0.84672,12.849,0.84672,3695.15,0,36.966,0.373662,0.227405,2.14005,1.32887,1.48281,1.83985,0.42336,36.966,0.42336,423.524,0,0.919944,0,0,1.14735,0.227405,1.028160,1,0,14.441,0,0,0,14.441,0
12.1155,2.06205,0,0,1.28177,0.0348407,0.36288,3.6288,47.9706,0.429678,0,0,0.388345,0.293207,0,0.66528,12.849,1,1.9931,0.36288,0,19.8687,5.75251,12.486,0.84672,12.849,0.84672,3695.15,0,36.966,0.328816,0.417735,2.14017,1.87894,1.50872,2.59931,0.42336,36.966,0.42336,423.524,0,1.02816,0,0,1.4459,0.417735,1.028160,1,0,15.0853,0,0,0,15.0853,0
10.6312,2.08581,0,0,1.0049,0.0404795,0.36288,3.6288,47.13,0.796736,0,0,0.271964,0.31581,0,0.66528,12.849,1,2.21209,0.36288,0,14.9868,6.13175,7.00581,0.84672,12.849,0.84672,3695.15,0,36.966,0.42336,0.227405,2.1403,1.8325,1.46817,2.30867,0.42336,36.966,0.42336,423.524,0,0.756959,0,0,0.984364,0.227405,1.028160,1,0,9.31448,0,0,0,9.31448,0
9.2868,1.94607,0,0,1.00542,0.0408848,0.36288,3.6288,46.3564,0.741257,0,0,0.277528,0.309857,0,0.66528,12.849,1,2.35204,0.36288,0,15.2264,6.16465,7.07263,0.84672,12.849,0.84672,3695.15,0,36.966,0.42336,0.227405,2.3329,1.62605,1.4611,2.30189,0.42336,36.966,0.42336,423.524,0,0.812566,0,0,1.03997,0.227405,1.028160,1,0,9.37452,0,0,0,9.37452,0
8.0867,1.62569,0,0,0.827954,0.0394816,0.36288,3.6288,45.3113,0.978938,0,0,0.241552,0.307752,0,0.66528,12.849,1,2.24927,0.36288,0,18.9029,6.16465,10.8519,0.84672,12.849,0.84672,3695.15,0,36.966,0.42336,0.204422,2.33304,1.45069,1.4611,2.10368,0.42336,36.966,0.42336,423.524,0,0.714502,0,0,0.918924,0.204422,1.028160,1,0,12.9556,0,0,0,12.9556,0
7.10482,1.49684,0,0,0.915935,0.0381012,0.36288,3.6288,44.6434,0.694915,0,0,0.331815,0.304781,0,0.66528,12.849,1,2.37833,0.36288,0,16.2067,6.16465,8.02655,0.84672,12.849,0.84672,3695.15,0,36.966,0.42336,0.204422,2.36161,1.73359,1.4611,2.41516,0.42336,36.966,0.42336,423.524,0,0.998525,0,0,1.20295,0.204422,1.028160,1,0,10.4417,0,0,0,10.4417,0
6.05405,1.45617,0,0,0.827176,0.0588939,0.36288,3.6288,43.4126,1.14556,0,0,0.20195,0.287188,0,0.66528,12.849,1,2.4192,0.36288,0,11.5763,5.6837,3.83629,0.84672,12.849,0.84672,3695.15,0,36.966,0.42336,0.204422,2.36165,1.35626,1.29064,2.20832,0.42336,36.966,0.42336,423.524,0,0.547881,0,0,0.752304,0.204422,1.028160,1,0,6.04461,0,0,0,6.04461,0
5.09084,1.33813,0,0,0.818329,0.0805283,0.36288,3.6288,41.929,1.40463,0,0,0.198514,0.277497,0,0.66528,10.4378,1,2.4192,0.36288,0,7.36932,5.42062,3.20544,0.84672,10.4378,0.84672,3694.25,0,36.966,0.42336,0.204422,2.36168,1.10782,1.21872,2.03185,0.42336,36.966,0.42336,423.524,0,0.288813,0,0,0.493235,0.204422,1.028160,1,0,5.23729,0,0,0,5.23729,0
4.2791,1.13726,0,0,0.767673,0.07927,0.36288,3.6288,40.4315,1.42474,0,0,0.20168,0.274452,0,0.66528,8.11992,1,2.33174,0.36288,0,9.07045,5.4369,3.20544,0.84672,8.11992,0.84672,3695.03,0,36.966,0.42336,0.216518,2.33956,1.12088,1.22804,2.02557,0.42336,36.966,0.42336,423.524,0,0.262042,0,0,0.47856,0.216518,1.028160,1,0,5.23101,0,0,0,5.23101,0
3.5037,1.19727,0,0,0.86184,0.0770854,0.36288,3.6288,39.0803,1.33192,0,0,0.251172,0.270494,0,0.66528,12.0366,1,2.27191,0.36288,0,14.5928,5.4369,3.20544,0.84672,12.0366,0.84672,3695.15,0,36.966,0.42336,0.216518,2.28038,1.42697,1.22804,2.27247,0.42336,36.966,0.42336,423.524,0,0.354978,0,0,0.571496,0.216518,1.028160,1,0,5.47791,0,0,0,5.47791,0
2.92269,1.05017,0,0,0.908963,0.0769293,0.36288,3.6288,37.7278,1.34876,0,0,0.251242,0.254936,0,0.66528,12.849,1,2.4192,0.36288,0,30.2525,5.30306,22.0807,0.84672,12.849,0.84672,3695.15,0,36.966,0.42336,0.216518,2.28051,1.56206,1.19652,2.43921,0.42336,36.966,0.42336,423.524,0,0.338244,0,0,0.554762,0.216518,1.028160,1,0,24.52,0,0,0,24.52,0
2.39461,0.960727,0,0,0.882689,0.0871588,0.36288,3.6288,36.4843,1.22888,0,0,0.165442,0.180022,0,0.66528,12.849,1,2.4192,0.36288,0,17.0988,4.49998,10.5425,0.84672,12.849,0.84672,3695.15,0,36.966,0.42336,0.216518,2.28063,1.03665,1.00744,2.10299,0.42336,36.966,0.42336,423.524,0,0.361136,0,0,0.577655,0.216518,1.028160,1,0,12.6455,0,0,0,12.6455,0
2.32236,0.960908,0,0,1.33692,0.0853879,0.36288,3.6288,35.8745,0.747223,0,0,0.315286,0.177871,0,0.66528,12.849,1,2.4192,0.36288,0,18.7228,4.49998,12.1665,0.84672,12.849,0.84672,3695.15,0,36.966,0.42336,0.216518,2.18893,1.51297,1.00744,2.48762,0.42336,36.966,0.42336,423.524,0,0.842902,0,0,1.05942,0.216518,1.028160,1,0,14.6541,0,0,0,14.6541,0
1.73688,0.961089,0,0,0.827496,0.0890067,0.36288,3.6288,34.8825,1.02349,0,0,0.21113,0.179612,0,0.66528,12.849,1,2.4192,0.36288,0,15.5688,4.55798,8.95447,0.84672,12.849,0.84672,3695.15,0,36.966,0.42336,0.292723,2.18905,1.49843,1.02098,2.53586,0.42336,36.966,0.42336,423.524,0,0.566741,0,0,0.859464,0.292723,1.028160,1,0,11.4903,0,0,0,11.4903,0
2.74426,0.96127,0,0,2.44112,0.109587,0.36288,3.6288,34.0761,0.898706,0,0,0.28677,0.194483,0,0.66528,12.849,1,2.4192,0.36288,0,44.9639,4.90591,38.0017,0.84672,12.849,0.84672,3695.15,0,36.966,0.42336,0.292723,2.18917,2.17029,1.10221,3.12661,0.42336,36.966,0.42336,423.524,0,0.691635,0,0,0.984358,0.292723,1.028160,1,0,41.1283,0,0,0,41.1283,0
6.45904,0.706849,0,0,4.89292,0.108406,0.36288,3.6288,34.121,0.375751,0,0,0.573038,0.152456,0,0.66528,12.849,1,2.4192,0.36288,0,73.762,4.14172,67.564,0.84672,12.849,0.84672,3695.15,0,36.966,0.407617,0.859585,2.18929,3.70121,1.03216,5.3103,0.42336,36.966,0.42336,423.524,0,1.02816,0,0,1.88774,0.859585,1.028160,1,0,72.8743,0,0,0,72.8743,0
9.00953,1.0458,0,0,4.08157,0.122402,0.36288,3.6288,34.0724,0.376055,0,0,0.473235,0.145775,0,0.66528,12.849,1,2.08042,0.36288,0,55.7324,4.01436,50.0005,0.84672,12.849,0.84672,3695.15,0,36.966,0.407411,0.458663,1.98541,3.36846,1.02048,4.38464,0.42336,36.966,0.42336,423.524,0,1.02816,0,0,1.48682,0.458663,1.028160,1,0,54.3851,0,0,0,54.3851,0
11.0286,1.28862,0,0,3.80284,0.132313,0.36288,3.6288,34.0615,0.375823,0,0,0.510702,0.145704,0,0.66528,12.849,1,1.83777,0.36288,0,50.7325,4.01436,45.2433,0.84672,12.849,0.84672,3695.15,0,36.966,0.40774,0.726676,1.98551,3.99959,1.02048,5.28355,0.42336,36.966,0.42336,423.524,0,1.02816,0,0,1.75484,0.726676,1.028160,1,0,50.5268,0,0,0,50.5268,0
11.7258,1.75975,0,0,2.95767,0.137826,0.36288,3.6288,33.7732,0.358849,0,0,0.206474,0.135935,0,0.66528,12.849,1,2.05022,0.36288,0,42.08,3.76574,36.6269,0.84672,12.849,0.84672,3695.15,0,36.966,0.389448,0.412474,1.98562,2.45251,0.940507,3.52065,0.42336,36.966,0.42336,423.524,0,0.790862,0,0,1.20334,0.412474,1.028160,1,0,40.1476,0,0,0,40.1476,0
13.6823,1.818,0,0,4.27915,0.141715,0.36288,3.6288,33.8861,0.244018,0,0,0.495129,0.138246,0,0.66528,12.849,1,1.99215,0.36288,0,96.6993,3.77402,91.296,0.84672,12.849,0.84672,3695.15,0,36.966,0.267086,0.732292,1.90314,3.90537,0.953929,5.31979,0.42336,36.966,0.42336,423.524,0,1.02816,0,0,1.76045,0.732292,1.028160,1,0,96.6158,0,0,0,96.6158,0
15.6412,2.01972,0,0,4.48987,0.148393,0.36288,3.6288,34.3296,0.274841,0,0,0.872052,0.153684,0,0.66528,12.849,1,1.8967,0.36288,0,110.641,3.9565,105.151,0.84672,12.849,0.84672,3695.15,0,36.966,0.299822,1.95639,1.90326,5.51153,1.06675,8.0046,0.42336,36.966,0.42336,423.524,0,1.02816,0,0,2.98455,1.95639,1.028160,1,0,113.156,0,0,0,113.156,0
17.6801,2.15021,0,0,4.70666,0.154694,0.36288,3.6288,35.0257,0.27675,0,0,1.12718,0.154364,0,0.66528,12.849,1,1.76636,0.36288,0,94.3229,3.9565,88.9629,0.84672,12.849,0.84672,3695.15,0,36.966,0.298004,2.46626,1.97228,7.11219,1.06675,10.186,0.42336,36.966,0.42336,423.524,0,1.02816,0,0,3.49442,2.46626,1.028160,1,0,99.1489,0,0,0,99.1489,0
20.2356,2.26827,0,0,5.3465,0.159897,0.36288,3.6288,35.5688,0.279676,0,0,0.978179,0.155431,0,0.66528,12.849,1,1.64846,0.36288,0,54.2036,3.9565,48.9615,0.84672,12.849,0.84672,3695.15,0,36.966,0.295169,2.34553,1.97238,6.27549,1.06675,9.23147,0.42336,36.966,0.42336,423.524,0,1.02816,0,0,3.37369,2.34553,1.028160,1,0,58.1929,0,0,0,58.1929,0
24.6898,2.39569,0,0,7.38648,0.173666,0.36288,3.6288,36.099,0.28193,0,0,0.982529,0.17039,0,0.66528,12.849,1,1.5212,0.36288,0,151.286,4.08404,146.044,0.84672,12.849,0.84672,3695.15,0,36.966,0.293005,2.50787,1.97248,8.86879,1.11127,11.9449,0.42336,36.966,0.42336,423.524,0,1.02816,0,0,3.53603,2.50787,1.028160,1,0,157.989,0,0,0,157.989,0
28.9765,2.80042,0,0,7.64714,0.19718,0.36288,3.6288,36.7296,0.401827,0,0,1.22952,0.197063,0,0.66528,12.849,1,1.45739,0.36288,0,111.121,4.09521,105.931,0.84672,12.849,0.84672,3695.15,0,36.966,0.411478,3.09867,1.97258,6.21904,1.09422,9.78458,0.42336,36.966,0.42336,423.524,0,1.02816,0,0,4.12683,3.09867,1.028160,1,0,115.716,0,0,0,115.716,0
30.9057,2.94991,0,0,5.45136,0.20937,0.36288,3.6288,37.6234,0.405399,0,0,1.49745,0.198276,0,0.66528,12.849,1,1.30807,0.36288,0,105.57,4.09521,100.529,0.84672,12.849,0.84672,3695.15,0,36.966,0.408008,2.91457,2.22063,8.42063,1.09422,12.0536,0.42336,36.966,0.42336,423.524,0,1.02816,0,0,3.94273,2.91457,1.028160,1,0,112.583,0,0,0,112.583,0
32.9784,3.0077,0,0,5.65212,0.208809,0.36288,3.6288,38.2142,0.410339,0,0,1.18408,0.182918,0,0.66528,12.849,1,1.25045,0.36288,0,83.0252,3.91506,78.2226,0.84672,12.849,0.84672,3695.15,0,36.966,0.403169,2.78218,2.22074,6.68415,1.02149,10.2624,0.42336,36.966,0.42336,423.524,0,1.02816,0,0,3.81034,2.78218,1.028160,1,0,88.485,0,0,0,88.485,0
35.3108,3.06438,0,0,5.95853,0.198831,0.36288,3.6288,38.8691,0.413559,0,0,1.20946,0.141024,0,0.66528,12.849,1,1.19394,0.36288,0,78.6663,3.46468,74.3706,0.84672,12.849,0.84672,3695.15,0,36.966,0.400051,2.75459,2.22085,6.84749,0.83964,10.5832,0.42336,36.966,0.42336,423.524,0,1.02816,0,0,3.78275,2.75459,1.028160,1,0,84.9538,0,0,0,84.9538,0
38.2676,2.7659,0,0,6.30507,0.219559,0.36288,3.6288,40.1226,0.253137,0,0,1.67311,0.166404,0,0.66528,12.849,1,1.00646,0.36288,0,129.707,2.98379,126.08,0.84672,12.849,0.84672,3695.15,0,36.966,0.240744,3.66771,2.22096,6.08316,0.843471,10.8876,0.42336,36.966,0.42336,423.524,0,1.02816,0,0,4.69587,3.66771,1.028160,1,0,136.967,0,0,0,136.967,0
40.4064,2.82423,0,0,5.5534,0.227404,0.36288,3.6288,40.9448,0.257098,0,0,1.24771,0.16839,0,0.66528,12.849,1,0.948286,0.36288,0,99.7721,2.98379,96.2029,0.84672,12.849,0.84672,3695.15,0,36.966,0.236871,2.66055,1.88287,5.57684,0.843471,9.03992,0.42336,36.966,0.42336,423.524,0,1.02816,0,0,3.68871,2.66055,1.028160,1,0,105.243,0,0,0,105.243,0
44.3734,2.86243,0,0,7.42539,0.233151,0.36288,3.6288,42.3935,0.259643,0,0,1.878,0.169747,0,0.66528,12.849,1,0.910236,0.36288,0,139.825,2.98379,136.293,0.84672,12.849,0.84672,3695.15,0,36.966,0.234412,3.98626,1.88297,8.51773,0.843471,13.3091,0.42336,36.966,0.42336,423.524,0,1.02816,0,0,5.01442,3.98626,1.028160,1,0,149.603,0,0,0,149.603,0
50.2641,2.92565,0,0,9.42434,0.245121,0.36288,3.6288,44.7996,0.263969,0,0,2.85549,0.185341,0,0.66528,12.849,1,0.847168,0.36288,0,176.709,3.4169,172.808,0.84672,12.849,0.84672,3695.15,0,36.966,0.230174,7.47075,1.88306,13.5299,0.910169,21.7434,0.42336,36.966,0.42336,423.524,0,1.02816,0,0,8.49891,7.47075,1.028160,1,0,194.551,0,0,0,194.551,0
54.6163,3.00484,0,0,7.9825,0.262503,0.36288,3.6288,46.3219,0.27079,0,0,1.99358,0.200508,0,0.66528,12.849,1,0.768128,0.36288,0,147.591,3.85293,143.333,0.84672,12.849,0.84672,3695.15,0,36.966,0.22344,5.075,1.88316,13.1368,0.947152,18.9243,0.42336,36.966,0.42336,423.524,0,1.02816,0,0,6.10316,5.075,1.028160,1,0,162.257,0,0,0,162.257,0
57.7387,3.1536,0,0,6.89687,0.258048,0.36288,3.6288,47.6178,0.318448,0,0,1.79671,0.182392,0,0.66528,12.849,1,0.741913,0.36288,0,175.411,3.54643,171.486,0.84672,12.849,0.84672,3695.15,0,36.966,0.254129,3.60098,1.88325,7.7633,0.884505,12.1089,0.42336,36.966,0.42336,423.524,0,1.02816,0,0,4.62914,3.60098,1.028160,1,0,183.594,0,0,0,183.594,0
59.9511,3.18654,0,0,6.00705,0.245175,0.36288,3.6288,48.6202,0.322392,0,0,1.50445,0.179633,0,0.66528,12.849,1,0.709124,0.36288,0,111.407,3.78451,107.276,0.84672,12.849,0.84672,3695.15,0,36.966,0.250275,2.23891,1.96675,5.85714,0.930741,8.88178,0.42336,36.966,0.42336,423.524,0,1.02816,0,0,3.26707,2.23891,1.028160,1,0,116.158,0,0,0,116.158,0
61.4641,3.20822,0,0,5.33458,0.250478,0.36288,3.6288,49.3103,0.325375,0,0,1.19664,0.181138,0,0.66528,12.849,1,0.687601,0.36288,0,101.792,3.78451,97.6829,0.84672,12.849,0.84672,3695.15,0,36.966,0.247383,2.12401,1.96685,4.79489,0.930741,7.70762,0.42336,36.966,0.42336,423.524,0,1.02816,0,0,3.15217,2.12401,1.028160,1,0,105.391,0,0,0,105.391,0
64.969,3.22235,0,0,7.33025,0.240105,0.36288,3.6288,49.9935,0.327406,0,0,1.19683,0.186263,0,0.66528,12.849,1,0.673628,0.36288,0,115.4,3.89764,111.192,0.84672,12.849,0.84672,3695.15,0,36.966,0.245443,2.91926,1.96695,11.6239,0.949364,15.3153,0.42336,36.966,0.42336,423.524,0,1.02816,0,0,3.94742,2.91926,1.028160,1,0,126.507,0,0,0,126.507,0
65.5711,3.21286,0,0,4.38977,0.211938,0.36288,3.6288,50.2183,0.311909,0,0,0.734282,0.197592,0,0.66528,12.849,1,0.635411,0.36288,0,74.0111,4.18047,69.5581,0.84672,12.849,0.84672,3695.15,0,36.966,0.23063,1.73775,1.96705,4.57001,0.995922,7.04825,0.42336,36.966,0.42336,423.524,0,1.02816,0,0,2.76591,1.73775,1.028160,1,0,76.6063,0,0,0,76.6063,0
65.2632,3.21787,0,0,3.48582,0.212963,0.36288,3.6288,50.3055,0.312555,0,0,0.597679,0.197956,0,0.66528,12.849,1,0.630558,0.36288,0,62.3125,4.18047,57.8644,0.84672,12.849,0.84672,3695.15,0,36.966,0.230074,1.30114,1.93469,3.7811,0.995922,5.79093,0.42336,36.966,0.42336,423.524,0,1.02816,0,0,2.3293,1.30114,1.028160,1,0,63.6553,0,0,0,63.6553,0
64.5573,3.21551,0,0,3.08487,0.212439,0.36288,3.6288,50.3236,0.312836,0,0,0.529084,0.198097,0,0.66528,12.849,1,0.633068,0.36288,0,58.7157,4.18047,54.2651,0.84672,12.849,0.84672,3695.15,0,36.966,0.229882,0.828645,1.93479,3.60115,0.995922,5.13878,0.42336,36.966,0.42336,423.524,0,1.02816,0,0,1.85681,0.828645,1.028160,1,0,59.4038,0,0,0,59.4038,0
64.4106,3.20986,0,0,3.63731,0.211237,0.36288,3.6288,50.4118,0.312936,0,0,0.599229,0.198126,0,0.66528,12.849,1,0.638868,0.36288,0,66.3629,4.18047,61.9064,0.84672,12.849,0.84672,3695.15,0,36.966,0.229872,0.897653,1.93488,4.22723,0.995922,5.83397,0.42336,36.966,0.42336,423.524,0,1.02816,0,0,1.92581,0.897653,1.028160,1,0,67.7404,0,0,0,67.7404,0
63.4392,3.34425,0,0,2.87419,0.138477,0.36288,3.6288,50.2949,0.37543,0,0,0.447473,0.188945,0,0.66528,12.849,1,0.667131,0.36288,0,45.4683,3.83142,41.3327,0.84672,12.849,0.84672,3695.15,0,36.966,0.275296,0.503677,1.93498,2.66806,1.00744,3.82399,0.42336,36.966,0.42336,423.524,0,1.02816,0,0,1.53184,0.503677,1.028160,1,0,45.1567,0,0,0,45.1567,0
62.3384,3.33589,0,0,2.73768,0.139681,0.36288,3.6288,50.212,0.375115,0,0,0.472931,0.180667,0,0.66528,12.849,1,0.675653,0.36288,0,42.1448,3.6813,38.1507,0.84672,12.849,0.84672,3695.15,0,36.966,0.275704,0.540579,2.04884,2.75029,0.989402,4.0746,0.42336,36.966,0.42336,423.524,0,1.02816,0,0,1.56874,0.540579,1.028160,1,0,42.2253,0,0,0,42.2253,0
61.0662,3.32613,0,0,2.55518,0.13843,0.36288,3.6288,50.0888,0.374908,0,0,0.4322,0.180545,0,0.66528,12.849,1,0.685572,0.36288,0,39.3974,3.6813,35.3935,0.84672,12.849,0.84672,3695.15,0,36.966,0.276006,0.427982,2.04894,2.43542,0.989402,3.64693,0.42336,36.966,0.42336,423.524,0,1.02816,0,0,1.45614,0.427982,1.028160,1,0,39.0404,0,0,0,39.0404,0
59.6961,3.31446,0,0,2.40788,0.100625,0.36288,3.6288,49.9144,0.374571,0,0,0.411687,0.211492,0,0.66528,12.849,1,0.6974,0.36288,0,36.9407,4.46028,32.1459,0.84672,12.849,0.84672,3695.15,0,36.966,0.276437,0.440484,2.04905,2.38021,1.09999,3.49331,0.42336,36.966,0.42336,423.524,0,1.02816,0,0,1.46864,0.440484,1.028160,1,0,35.6392,0,0,0,35.6392,0
58.4878,3.30143,0,0,2.55295,0.0968751,0.36288,3.6288,49.8761,0.37407,0,0,0.570188,0.234391,0,0.66528,12.849,1,0.7106,0.36288,0,51.2597,5.21774,45.6942,0.84672,12.849,0.84672,3695.15,0,36.966,0.277032,1.02033,2.04915,3.253,1.19869,4.84676,0.42336,36.966,0.42336,423.524,0,1.02816,0,0,2.04849,1.02033,1.028160,1,0,50.541,0,0,0,50.541,0
57.3613,3.26317,0,0,2.59073,0.0911644,0.36288,3.6288,49.8441,0.408047,0,0,0.642889,0.26687,0,0.66528,12.849,1,0.716875,0.36288,0,60.5784,5.38563,54.8388,0.84672,12.849,0.84672,3695.15,0,36.966,0.302427,1.42633,2.04925,3.98556,1.32768,5.83104,0.42336,36.966,0.42336,423.524,0,1.02816,0,0,2.45449,1.42633,1.028160,1,0,60.6698,0,0,0,60.6698,0
56.1227,3.2518,0,0,2.46249,0.0864289,0.36288,3.6288,49.7881,0.407991,0,0,0.624216,0.272238,0,0.66528,12.849,1,0.728406,0.36288,0,55.6813,5.39196,49.9239,0.84672,12.849,0.84672,3695.15,0,36.966,0.30258,1.34221,2.08913,3.86165,1.34721,5.64321,0.42336,36.966,0.42336,423.524,0,1.02816,0,0,2.37037,1.34221,1.028160,1,0,55.5671,0,0,0,55.5671,0
54.7288,3.23885,0,0,2.29319,0.0853786,0.36288,3.6288,49.6528,0.407852,0,0,0.544719,0.272113,0,0.66528,12.849,1,0.741516,0.36288,0,51.7535,5.39196,45.9829,0.84672,12.849,0.84672,3695.15,0,36.966,0.302816,1.24089,2.08923,3.65811,1.34721,5.33822,0.42336,36.966,0.42336,423.524,0,1.02816,0,0,2.26905,1.24089,1.028160,1,0,51.3211,0,0,0,51.3211,0
53.1924,3.22368,0,0,2.13147,0.0812855,0.36288,3.6288,49.4752,0.407434,0,0,0.506378,0.276548,0,0.66528,12.849,1,0.756842,0.36288,0,48.0826,5.43099,42.2577,0.84672,12.849,0.84672,3695.15,0,36.966,0.30333,1.05494,2.08934,3.35771,1.36522,4.83344,0.42336,36.966,0.42336,423.524,0,1.02816,0,0,2.0831,1.05494,1.028160,1,0,47.0911,0,0,0,47.0911,0
51.6447,3.27307,0,0,2.15101,0.0628309,0.36288,3.6288,49.3844,0.437109,0,0,0.650799,0.304528,0,0.66528,12.849,1,0.790632,0.36288,0,51.8945,5.66517,45.8016,0.84672,12.849,0.84672,3695.15,0,36.966,0.326591,1.02169,2.08944,2.95655,1.47333,4.26776,0.42336,36.966,0.42336,423.524,0,1.02816,0,0,2.04985,1.02169,1.028160,1,0,50.0694,0,0,0,50.0694,0
49.9458,3.25423,0,0,1.98012,0.0618362,0.36288,3.6288,49.195,0.436822,0,0,0.551723,0.3043,0,0.66528,12.849,1,0.809639,0.36288,0,42.6262,5.66517,36.5143,0.84672,12.849,0.84672,3695.15,0,36.966,0.326977,1.146,2.14593,2.85871,1.47333,4.35033,0.42336,36.966,0.42336,423.524,0,1.02816,0,0,2.17416,1.146,1.028160,1,0,40.8646,0,0,0,40.8646,0
48.1029,3.23245,0,0,1.81312,0.0607443,0.36288,3.6288,48.966,0.43616,0,0,0.511008,0.303825,0,0.66528,12.849,1,0.831576,0.36288,0,40.5161,5.66517,34.3822,0.84672,12.849,0.84672,3695.15,0,36.966,0.327739,0.830364,2.14604,2.51278,1.47333,3.68811,0.42336,36.966,0.42336,423.524,0,1.02816,0,0,1.85852,0.830364,1.028160,1,0,38.0703,0,0,0,38.0703,0
46.3966,3.20744,0,0,1.91566,0.0516786,0.36288,3.6288,48.8093,0.435344,0,0,0.586632,0.307996,0,0.66528,12.849,1,0.856754,0.36288,0,39.7367,5.81472,33.4281,0.84672,12.849,0.84672,3695.15,0,36.966,0.328655,1.20207,2.14614,3.32409,1.50321,4.84045,0.42336,36.966,0.42336,423.524,0,1.02816,0,0,2.23023,1.20207,1.028160,1,0,38.2685,0,0,0,38.2685,0
44.6184,3.37332,0,0,1.99969,0.0416135,0.36288,3.6288,48.6225,0.543346,0,0,0.6535,0.296979,0,0.66528,12.849,1,0.934202,0.36288,0,37.4283,5.63754,31.2194,0.84672,12.849,0.84672,3695.15,0,36.966,0.411507,1.30544,2.14625,3.49218,1.51573,5.01664,0.42336,36.966,0.42336,423.524,0,1.02816,0,0,2.3336,1.30544,1.028160,1,0,36.2361,0,0,0,36.2361,0
43.1013,3.34455,0,0,2.2247,0.0344433,0.36288,3.6288,48.5883,0.542509,0,0,0.817061,0.30871,0,0.66528,12.849,1,0.963147,0.36288,0,44.6068,5.63776,38.3688,0.84672,12.849,0.84672,3695.15,0,36.966,0.412451,1.84709,2.33931,3.59124,1.52289,5.8423,0.42336,36.966,0.42336,423.524,0,1.02816,0,0,2.87525,1.84709,1.028160,1,0,44.2111,0,0,0,44.2111,0
41.1499,3.31857,0,0,1.76394,0.0338513,0.36288,3.6288,48.3506,0.542406,0,0,0.613272,0.308623,0,0.66528,12.849,1,0.989304,0.36288,0,48.9802,5.63776,42.716,0.84672,12.849,0.84672,3695.15,0,36.966,0.412663,1.13131,2.33942,2.88352,1.52289,4.41871,0.42336,36.966,0.42336,423.524,0,1.02816,0,0,2.15947,1.13131,1.028160,1,0,47.1347,0,0,0,47.1347,0
39.615,3.28295,0,0,2.144,0.0330897,0.36288,3.6288,48.4872,0.541317,0,0,0.985971,0.308014,0,0.66528,12.849,1,1.0251,0.36288,0,42.6956,5.63776,36.3956,0.84672,12.849,0.84672,3695.15,0,36.966,0.413859,2.55216,2.33954,4.1548,1.52289,7.10975,0.42336,36.966,0.42336,423.524,0,1.02816,0,0,3.58032,2.55216,1.028160,1,0,43.5054,0,0,0,43.5054,0
38.1829,3.25309,0,0,2.17828,-0.0055513,0.36288,3.6288,48.2195,0.54204,0,0,0.588794,0.314408,0,0.66528,12.849,1,1.05513,0.36288,0,42.3829,5.87128,35.8194,0.84672,12.849,0.84672,3695.15,0,36.966,0.413244,1.89218,2.33965,4.28276,1.55119,6.55016,0.42336,36.966,0.42336,423.524,0,1.02816,0,0,2.92034,1.89218,1.028160,1,0,42.3695,0,0,0,42.3695,0
37.2732,3.13492,0,0,2.59661,0.00848723,0.36288,3.6288,47.9057,0.47525,0,0,0.438701,0.277278,0,0.66528,12.849,1,1.05494,0.36288,0,40.001,5.0238,34.2851,0.84672,12.849,0.84672,3695.15,0,36.966,0.364335,2.13907,2.33977,4.38748,1.35193,7.15005,0.42336,36.966,0.42336,423.524,0,1.02816,0,0,3.16723,2.13907,1.028160,1,0,41.4351,0,0,0,41.4351,0
36.7002,3.1159,0,0,2.95558,0.04981,0.36288,3.6288,47.8068,0.473961,0,0,0.634392,0.259364,0,0.66528,12.849,1,1.07413,0.36288,0,39.4022,4.50166,34.1893,0.84672,12.849,0.84672,3695.15,0,36.966,0.365727,3.26843,2.2282,6.12246,1.25521,9.99815,0.42336,36.966,0.42336,423.524,0,1.02816,0,0,4.29659,3.26843,1.028160,1,0,44.1874,0,0,0,44.1874,0
35.9977,3.1036,0,0,2.81345,0.049473,0.36288,3.6288,47.6913,0.473591,0,0,0.617264,0.25915,0,0.66528,12.849,1,1.08659,0.36288,0,50.1569,4.50166,44.9316,0.84672,12.849,0.84672,3695.15,0,36.966,0.366199,3.0009,2.22831,6.06144,1.25521,9.66924,0.42336,36.966,0.42336,423.524,0,1.02816,0,0,4.02906,3.0009,1.028160,1,0,54.6008,0,0,0,54.6008,0
35.6602,3.0881,0,0,3.16254,0.0490599,0.36288,3.6288,47.7699,0.47315,0,0,0.810596,0.2589,0,0.66528,12.849,1,1.10226,0.36288,0,99.455,4.50166,94.214,0.84672,12.849,0.84672,3695.15,0,36.966,0.366743,3.90915,2.22842,8.05065,1.25521,12.5663,0.42336,36.966,0.42336,423.524,0,1.02816,0,0,4.93731,3.90915,1.028160,1,0,106.78,0,0,0,106.78,0
34.5135,3.00901,0,0,2.33379,0.108616,0.36288,3.6288,47.7779,0.41411,0,0,0.578768,0.156654,0,0.66528,12.849,1,1.0842,0.36288,0,52.3874,3.58796,48.0782,0.84672,12.849,0.84672,3695.15,0,36.966,0.320453,1.49534,2.22853,5.42041,0.873439,7.95039,0.42336,36.966,0.42336,423.524,0,1.02816,0,0,2.5235,1.49534,1.028160,1,0,56.0285,0,0,0,56.0285,0
33.5446,2.98288,0,0,2.48406,0.107117,0.36288,3.6288,47.8063,0.414196,0,0,0.599307,0.156665,0,0.66528,12.849,1,1.1105,0.36288,0,61.9777,3.58796,57.6422,0.84672,12.849,0.84672,3695.15,0,36.966,0.320466,1.61948,2.12895,4.96524,0.873439,7.51976,0.42336,36.966,0.42336,423.524,0,1.02816,0,0,2.64764,1.61948,1.028160,1,0,65.1619,0,0,0,65.1619,0
33.7374,2.95981,0,0,3.66009,0.144659,0.36288,3.6288,48.457,0.414358,0,0,1.23983,0.174796,0,0.66528,12.849,1,1.13373,0.36288,0,86.7724,4.07755,81.924,0.84672,12.849,0.84672,3695.15,0,36.966,0.320401,2.04177,2.12905,5.90566,1.06095,8.69514,0.42336,36.966,0.42336,423.524,0,1.02816,0,0,3.06993,2.04177,1.028160,1,0,90.6191,0,0,0,90.6191,0
35.4692,2.96462,0,0,5.21988,0.160564,0.36288,3.6288,48.69,0.416854,0,0,0.832908,0.183023,0,0.66528,12.849,1,1.12909,0.36288,0,74.7187,4.2734,69.6791,0.84672,12.849,0.84672,3695.15,0,36.966,0.318003,2.69984,2.12916,6.63448,1.13596,10.0095,0.42336,36.966,0.42336,423.524,0,1.02816,0,0,3.728,2.69984,1.028160,1,0,79.6886,0,0,0,79.6886,0
36.005,2.80229,0,0,3.87699,0.176055,0.36288,3.6288,49.5184,0.292933,0,0,1.30606,0.184688,0,0.66528,12.849,1,1.01515,0.36288,0,71.337,3.93192,66.7528,0.84672,12.849,0.84672,3695.15,0,36.966,0.222398,3.94973,2.12927,5.93988,0.940701,10.8558,0.42336,36.966,0.42336,423.524,0,1.02816,0,0,4.97789,3.94973,1.028160,1,0,77.6086,0,0,0,77.6086,0
37.5351,2.81353,0,0,4.88856,0.182051,0.36288,3.6288,50.973,0.295114,0,0,1.93618,0.186484,0,0.66528,12.849,1,1.00406,0.36288,0,91.673,3.79533,87.2365,0.84672,12.849,0.84672,3695.15,0,36.966,0.220305,5.89654,1.90789,7.11628,0.862598,13.8378,0.42336,36.966,0.42336,423.524,0,1.02816,0,0,6.9247,5.89654,1.028160,1,0,101.074,0,0,0,101.074,0
38.914,2.84414,0,0,4.77136,0.185389,0.36288,3.6288,52.5174,0.298809,0,0,2.03185,0.188716,0,0.66528,12.849,1,0.973605,0.36288,0,116.652,3.79533,112.246,0.84672,12.849,0.84672,3695.15,0,36.966,0.216698,4.72467,1.90799,7.08326,0.862598,12.6366,0.42336,36.966,0.42336,423.524,0,1.02816,0,0,5.75283,4.72467,1.028160,1,0,124.883,0,0,0,124.883,0
37.7472,2.87019,0,0,2.25462,0.188398,0.36288,3.6288,53.3486,0.3026,0,0,1.32497,0.191085,0,0.66528,12.849,1,0.947706,0.36288,0,65.5531,3.79533,61.1729,0.84672,12.849,0.84672,3695.15,0,36.966,0.212995,2.23154,1.90808,5.04543,0.862598,8.10946,0.42336,36.966,0.42336,423.524,0,1.02816,0,0,3.2597,2.23154,1.028160,1,0,69.2824,0,0,0,69.2824,0
36.948,2.84845,0,0,2.6032,0.19106,0.36288,3.6288,53.8726,0.304613,0,0,1.0358,0.20722,0,0.66528,12.849,1,0.969601,0.36288,0,53.7429,3.90633,49.2298,0.84672,12.849,0.84672,3695.15,0,36.966,0.21107,2.40118,1.90818,3.93594,0.972226,7.062,0.42336,36.966,0.42336,423.524,0,1.02816,0,0,3.42934,2.40118,1.028160,1,0,56.2918,0,0,0,56.2918,0
34.9091,2.9119,0,0,1.41998,0.184046,0.36288,3.6288,53.9465,0.343602,0,0,0.644667,0.227179,0,0.66528,12.849,1,1.01264,0.36288,0,35.4242,5.0086,29.7658,0.84672,12.849,0.84672,3695.15,0,36.966,0.235771,0.838011,1.90828,2.29456,1.24241,3.56267,0.42336,36.966,0.42336,423.524,0,1.02816,0,0,1.86617,0.838011,1.028160,1,0,33.3285,0,0,0,33.3285,0
35.8489,2.86876,0,0,4.35103,0.179599,0.36288,3.6288,54.2342,0.343837,0,0,0.858807,0.227291,0,0.66528,12.849,1,1.0559,0.36288,0,73.4305,5.0086,67.7289,0.84672,12.849,0.84672,3695.15,0,36.966,0.235609,1.51349,1.97744,6.38066,1.24241,8.39356,0.42336,36.966,0.42336,423.524,0,1.02816,0,0,2.54165,1.51349,1.028160,1,0,76.1224,0,0,0,76.1224,0
39.5196,2.88923,0,0,7.10739,0.18463,0.36288,3.6288,55.4186,0.344623,0,0,1.75169,0.222696,0,0.66528,12.849,1,1.03556,0.36288,0,200.183,4.72088,194.789,0.84672,12.849,0.84672,3695.15,0,36.966,0.234895,4.64275,1.97752,5.71528,1.16495,10.9357,0.42336,36.966,0.42336,423.524,0,1.02816,0,0,5.67091,4.64275,1.028160,1,0,205.725,0,0,0,205.725,0
39.2198,2.96191,0,0,3.22197,0.196917,0.36288,3.6288,55.8364,0.347679,0,0,0.983203,0.217685,0,0.66528,12.849,1,0.963005,0.36288,0,76.4096,4.33724,71.4722,0.84672,12.849,0.84672,3695.15,0,36.966,0.231913,1.98469,1.9776,2.82034,1.06167,5.48904,0.42336,36.966,0.42336,423.524,0,1.02816,0,0,3.01285,1.98469,1.028160,1,0,76.9612,0,0,0,76.9612,0
39.5753,3.21372,0,0,4.14191,0.209809,0.36288,3.6288,56.2865,0.49246,0,0,1.17098,0.228387,0,0.66528,12.849,1,1.05286,0.36288,0,146.981,4.06417,142.227,0.84672,12.849,0.84672,3695.15,0,36.966,0.326029,2.85851,1.97768,5.52352,1.05252,8.98116,0.42336,36.966,0.42336,423.524,0,1.02816,0,0,3.88667,2.85851,1.028160,1,0,151.208,0,0,0,151.208,0
41.9343,3.22097,0,0,6.15575,0.212941,0.36288,3.6288,57.2735,0.494083,0,0,1.71177,0.23075,0,0.66528,12.849,1,1.04576,0.36288,0,139.506,4.01867,134.804,0.84672,12.849,0.84672,3695.15,0,36.966,0.324487,4.06639,2.22628,7.70809,1.051,12.6253,0.42336,36.966,0.42336,423.524,0,1.02816,0,0,5.09455,4.06639,1.028160,1,0,147.429,0,0,0,147.429,0
43.892,3.2661,0,0,5.8056,0.21895,0.36288,3.6288,58.0117,0.497531,0,0,1.46805,0.232236,0,0.66528,12.849,1,1.00076,0.36288,0,146.615,4.01867,141.958,0.84672,12.849,0.84672,3695.15,0,36.966,0.321121,3.67739,2.22637,6.72821,1.051,11.2599,0.42336,36.966,0.42336,423.524,0,1.02816,0,0,4.70555,3.67739,1.028160,1,0,153.218,0,0,0,153.218,0
46.5403,3.30074,0,0,6.54455,0.232655,0.36288,3.6288,58.7675,0.500077,0,0,1.4504,0.194597,0,0.66528,12.849,1,0.966263,0.36288,0,140.855,3.6523,136.6,0.84672,12.849,0.84672,3695.15,0,36.966,0.318657,3.53178,2.22646,6.61572,0.888922,11.1664,0.42336,36.966,0.42336,423.524,0,1.02816,0,0,4.55994,3.53178,1.028160,1,0,147.766,0,0,0,147.766,0
46.3272,2.96212,0,0,3.36679,0.254855,0.36288,3.6288,59.2014,0.305867,0,0,0.950606,0.210811,0,0.66528,12.849,1,0.817793,0.36288,0,88.2412,3.32131,84.465,0.84672,12.849,0.84672,3695.15,0,36.966,0.192397,1.74114,2.22655,3.72643,0.845582,6.65613,0.42336,36.966,0.42336,423.524,0,1.02816,0,0,2.7693,1.74114,1.028160,1,0,91.1211,0,0,0,91.1211,0
45.6857,2.95927,0,0,2.93357,0.252925,0.36288,3.6288,59.5165,0.306779,0,0,0.83408,0.212179,0,0.66528,12.849,1,0.820764,0.36288,0,74.3904,3.26519,70.6673,0.84672,12.849,0.84672,3695.15,0,36.966,0.191556,1.2923,1.88767,3.59599,0.83176,5.75265,0.42336,36.966,0.42336,423.524,0,1.02816,0,0,2.32046,1.2923,1.028160,1,0,76.42,0,0,0,76.42,0
46.8146,2.95037,0,0,4.69333,0.251122,0.36288,3.6288,60.2611,0.307448,0,0,1.26466,0.212607,0,0.66528,12.849,1,0.829786,0.36288,0,127.224,3.26519,123.492,0.84672,12.849,0.84672,3695.15,0,36.966,0.190957,2.5569,1.88775,5.47021,0.83176,8.89214,0.42336,36.966,0.42336,423.524,0,1.02816,0,0,3.58506,2.5569,1.028160,1,0,132.384,0,0,0,132.384,0
47.5757,2.96617,0,0,4.33121,0.24109,0.36288,3.6288,61.308,0.308954,0,0,1.68933,0.215934,0.117559,0.66528,12.849,1,0.81411,0.36288,0,124.552,3.54451,120.556,0.84672,12.849,0.84672,3695.15,0,36.966,0.189522,4.09778,1.88783,8.68595,0.879448,13.6026,0.42336,36.966,0.42336,423.524,0,1.02816,0,0,5.12594,4.09778,1.028160,1,0,134.276,0,0,0,134.276,0
48.9348,2.97652,0,0,4.93775,0.239283,0.36288,3.6288,61.308,0.311016,0,0,1.27154,0.209229,0.751292,0.66528,12.849,1,0.803882,0.36288,0,180.686,4.05646,176.188,0.84672,12.849,0.84672,3695.15,0,36.966,0.187529,3.18874,1.8879,7.75905,0.957352,11.6908,0.42336,36.966,0.42336,423.524,0,1.02816,0,0,4.2169,3.18874,1.028160,1,0,188.63,0,0,0,188.63,0
50.0264,3.09145,0,0,4.77906,0.233122,0.36288,3.6288,61.308,0.35999,0,0,1.41782,0.17551,0.882323,0.66528,12.849,1,0.811734,0.36288,0,152.007,3.97121,147.587,0.84672,12.849,0.84672,3695.15,0,36.966,0.217058,3.4381,1.88798,8.00078,0.937479,12.1723,0.42336,36.966,0.42336,423.524,0,1.02816,0,0,4.46626,3.4381,1.028160,1,0,160.642,0,0,0,160.642,0
50.7416,3.10564,0,0,4.41964,0.235858,0.36288,3.6288,61.308,0.360036,0,0,1.40187,0.17551,0.866327,0.66528,12.849,1,0.797667,0.36288,0,146.802,3.97121,142.396,0.84672,12.849,0.84672,3695.15,0,36.966,0.217086,3.18644,1.97164,7.82058,0.937479,11.8241,0.42336,36.966,0.42336,423.524,0,1.02816,0,0,4.2146,3.18644,1.028160,1,0,155.087,0,0,0,155.087,0
50.9289,3.11471,0,0,3.89,0.225175,0.36288,3.6288,61.308,0.360081,0,0,1.05865,0.173845,0.524724,0.66528,12.849,1,0.78872,0.36288,0,109.599,4.07005,105.103,0.84672,12.849,0.84672,3695.15,0,36.966,0.217113,2.46492,1.97172,4.91557,0.943907,8.1912,0.42336,36.966,0.42336,423.524,0,1.02816,0,0,3.49308,2.46492,1.028160,1,0,113.819,0,0,0,113.819,0
50.4266,3.11713,0,0,3.16428,0.186566,0.36288,3.6288,61.308,0.360127,0,0,0.789979,0.17753,0.252322,0.66528,12.849,1,0.78643,0.36288,0,103.837,4.46025,98.9535,0.84672,12.849,0.84672,3695.15,0,36.966,0.21714,1.65114,1.9718,3.95964,0.984034,6.38141,0.42336,36.966,0.42336,423.524,0,1.02816,0,0,2.6793,1.65114,1.028160,1,0,105.587,0,0,0,105.587,0
49.9418,3.07276,0,0,3.08973,0.138883,0.36288,3.6288,61.308,0.341166,0,0,0.704884,0.224614,0.139104,0.66528,12.849,1,0.782958,0.36288,0,87.4143,5.31867,81.6756,0.84672,12.849,0.84672,3695.15,0,36.966,0.205708,2.13134,1.97188,4.44191,1.12838,7.21105,0.42336,36.966,0.42336,423.524,0,1.02816,0,0,3.1595,2.13134,1.028160,1,0,89.0257,0,0,0,89.0257,0
49.2413,3.06681,0,0,2.86736,0.138175,0.36288,3.6288,61.308,0.341211,0,0,0.680452,0.224614,0.114627,0.66528,12.849,1,0.789028,0.36288,0,74.8233,5.31867,69.0784,0.84672,12.849,0.84672,3695.15,0,36.966,0.205735,1.88654,1.93943,4.0711,1.12838,6.56296,0.42336,36.966,0.42336,423.524,0,1.02816,0,0,2.9147,1.88654,1.028160,1,0,75.756,0,0,0,75.756,0
48.4493,3.05801,0,0,2.76602,0.137147,0.36288,3.6288,61.308,0.341255,0,0,0.630623,0.224614,0.0647539,0.66528,12.849,1,0.797955,0.36288,0,69.0872,5.31867,63.3334,0.84672,12.849,0.84672,3695.15,0,36.966,0.205762,1.65453,1.93951,4.0458,1.12838,6.30571,0.42336,36.966,0.42336,423.524,0,1.02816,0,0,2.68269,1.65453,1.028160,1,0,69.7039,0,0,0,69.7039,0
47.2809,3.04779,0,0,2.39834,0.155992,0.36288,3.6288,61.308,0.3413,0,0,0.631593,0.163391,0.126902,0.66528,12.849,1,0.808291,0.36288,0,65.3521,4.8162,60.0905,0.84672,12.849,0.84672,3695.15,0,36.966,0.205789,1.74775,1.93959,3.89028,0.983428,6.3884,0.42336,36.966,0.42336,423.524,0,1.02816,0,0,2.77591,1.74775,1.028160,1,0,66.6058,0,0,0,66.6058,0
45.8505,3.16023,0,0,2.23748,0.144785,0.36288,3.6288,61.2766,0.408758,0,0,0.567809,0.190461,0,0.66528,12.849,1,0.858821,0.36288,0,58.3855,4.7184,53.1712,0.84672,12.849,0.84672,3695.15,0,36.966,0.246463,1.35836,1.93967,3.29914,1.03513,5.31558,0.42336,36.966,0.42336,423.524,0,1.02816,0,0,2.38652,1.35836,1.028160,1,0,58.4867,0,0,0,58.4867,0
44.414,3.13941,0,0,2.17064,0.104896,0.36288,3.6288,61.2278,0.408726,0,0,0.567892,0.207941,0,0.66528,12.849,1,0.879777,0.36288,0,55.491,4.82225,50.1519,0.84672,12.849,0.84672,3695.15,0,36.966,0.24657,1.35111,2.05375,3.12849,1.07726,5.20951,0.42336,36.966,0.42336,423.524,0,1.02816,0,0,2.37927,1.35111,1.028160,1,0,55.3614,0,0,0,55.3614,0
42.8526,3.11744,0,0,1.97332,0.0543819,0.36288,3.6288,61.0707,0.408651,0,0,0.481884,0.230394,0,0.66528,12.849,1,0.901877,0.36288,0,52.5407,5.12452,46.8772,0.84672,12.849,0.84672,3695.15,0,36.966,0.246721,1.08858,2.05383,2.79884,1.13808,4.55646,0.42336,36.966,0.42336,423.524,0,1.02816,0,0,2.11674,1.08858,1.028160,1,0,51.4336,0,0,0,51.4336,0
41.158,3.09225,0,0,1.81392,0.0534176,0.36288,3.6288,60.8207,0.408303,0,0,0.388481,0.230165,0,0.66528,12.849,1,0.927187,0.36288,0,48.1729,5.12452,42.4841,0.84672,12.849,0.84672,3695.15,0,36.966,0.247145,0.777514,2.05392,2.53608,1.13808,3.98228,0.42336,36.966,0.42336,423.524,0,1.02816,0,0,1.80567,0.777514,1.028160,1,0,46.4664,0,0,0,46.4664,0
39.4868,3.06326,0,0,1.8102,0.0552206,0.36288,3.6288,60.5127,0.407718,0,0,0.360821,0.261066,0,0.66528,12.849,1,0.956311,0.36288,0,43.1768,5.42256,37.1609,0.84672,12.849,0.84672,3695.15,0,36.966,0.247806,0.698769,2.054,2.46306,1.22853,3.73949,0.42336,36.966,0.42336,423.524,0,1.02816,0,0,1.72693,0.698769,1.028160,1,0,40.9003,0,0,0,40.9003,0
37.7037,3.00852,0,0,1.6471,0.0588047,0.36288,3.6288,60.1345,0.443857,0,0,0.367679,0.302046,0,0.66528,12.849,1,0.978972,0.36288,0,39.4716,5.7225,33.133,0.84672,12.849,0.84672,3695.15,0,36.966,0.271144,0.376194,2.05408,1.95311,1.33645,2.77579,0.42336,36.966,0.42336,423.524,0,1.02816,0,0,1.40435,0.376194,1.028160,1,0,35.9088,0,0,0,35.9088,0
35.8288,2.97408,0,0,1.51965,0.0575984,0.36288,3.6288,59.748,0.442849,0,0,0.35769,0.30132,0,0.66528,12.849,1,1.01353,0.36288,0,35.6672,5.7225,29.2941,0.84672,12.849,0.84672,3695.15,0,36.966,0.272229,0.301553,2.09402,1.8391,1.33645,2.626,0.42336,36.966,0.42336,423.524,0,1.02816,0,0,1.32971,0.301553,1.028160,1,0,31.9201,0,0,0,31.9201,0
33.896,2.93514,0,0,1.42156,0.0563299,0.36288,3.6288,59.2661,0.509448,0,0,0.328081,0.300578,0,0.66528,12.849,1,1.05261,0.36288,0,32.5269,5.7225,26.1147,0.84672,12.849,0.84672,3695.15,0,36.966,0.315195,0.261274,2.09411,1.79212,1.33645,2.49586,0.42336,36.966,0.42336,423.524,0,0.918674,0,0,1.17995,0.261274,1.028160,1,0,28.6106,0,0,0,28.6106,0
31.9642,2.89171,0,0,1.37786,0.0550223,0.36288,3.6288,58.7334,0.548975,0,0,0.315934,0.299653,0,0.66528,12.849,1,1.09616,0.36288,0,28.995,5.7225,22.5392,0.84672,12.849,0.84672,3695.15,0,36.966,0.342412,0.261274,2.09419,1.77342,1.33645,2.45003,0.42336,36.966,0.42336,423.524,0,0.852008,0,0,1.11328,0.261274,1.028160,1,0,24.9892,0,0,0,24.9892,0
29.9061,2.90389,0,0,1.248,0.0393518,0.36288,3.6288,57.7418,0.926485,0,0,0.248826,0.313905,0,0.66528,12.849,1,1.16731,0.36288,0,28.1223,5.76649,21.5514,0.84672,12.849,0.84672,3695.15,0,36.966,0.42336,0.261274,2.09427,1.37142,1.4533,1.8503,0.42336,36.966,0.42336,423.524,0,0.446576,0,0,0.707849,0.261274,1.028160,1,0,23.4017,0,0,0,23.4017,0
27.7988,2.84779,0,0,1.14168,0.0383103,0.36288,3.6288,56.7239,0.93987,0,0,0.233868,0.311905,0,0.66528,12.849,1,1.22354,0.36288,0,26.4413,5.76649,19.8142,0.84672,12.849,0.84672,3695.15,0,36.966,0.42336,0.261274,2.15086,1.39591,1.4533,1.93138,0.42336,36.966,0.42336,423.524,0,0.43327,0,0,0.694544,0.261274,1.028160,1,0,21.7456,0,0,0,21.7456,0
25.648,2.78445,0,0,1.03372,0.0372275,0.36288,3.6288,55.6268,1.01073,0,0,0.223449,0.309852,0,0.66528,12.849,1,1.28701,0.36288,0,24.9026,5.76649,18.2119,0.84672,12.849,0.84672,3695.15,0,36.966,0.42336,0.261274,2.15094,1.29789,1.4533,1.83344,0.42336,36.966,0.42336,423.524,0,0.362487,0,0,0.62376,0.261274,1.028160,1,0,20.0454,0,0,0,20.0454,0
23.4494,2.71263,0,0,0.904029,0.0271483,0.36288,3.6288,54.5466,0.986911,0,0,0.221865,0.315129,0,0.66528,12.849,1,1.35896,0.36288,0,23.7127,5.99082,16.7258,0.84672,12.849,0.84672,3695.15,0,36.966,0.42336,0.227405,2.15103,1.31177,1.49812,1.76872,0.42336,36.966,0.42336,423.524,0,0.386389,0,0,0.613793,0.227405,1.028160,1,0,18.4945,0,0,0,18.4945,0
21.2192,2.78781,0,0,0.95459,0.0340752,0.36288,3.6288,53.3296,1.13955,0,0,0.222617,0.300071,0,0.66528,12.849,1,1.52757,0.36288,0,21.5806,5.58717,14.8288,0.84672,12.849,0.84672,3695.15,0,36.966,0.42336,0.227405,2.15112,1.37108,1.39195,1.93429,0.42336,36.966,0.42336,423.524,0,0.42497,0,0,0.652375,0.227405,1.028160,1,0,16.7631,0,0,0,16.7631,0
19.2953,2.6879,0,0,1.15696,0.0300289,0.36288,3.6288,52.2583,1.01659,0,0,0.246583,0.301265,0,0.66528,12.849,1,1.62762,0.36288,0,22.6958,5.49171,15.9394,0.84672,12.849,0.84672,3695.15,0,36.966,0.42336,0.227405,2.34454,1.34782,1.44964,2.04677,0.42336,36.966,0.42336,423.524,0,0.548018,0,0,0.775423,0.227405,1.028160,1,0,17.9861,0,0,0,17.9861,0
17.2654,2.59057,0,0,0.952733,0.0292399,0.36288,3.6288,51.0673,1.10694,0,0,0.21462,0.29869,0,0.66528,12.849,1,1.72509,0.36288,0,28.1758,5.49171,21.3219,0.84672,12.849,0.84672,3695.15,0,36.966,0.42336,0.227405,2.34463,1.20248,1.44964,1.90152,0.42336,36.966,0.42336,423.524,0,0.457756,0,0,0.685161,0.227405,1.028160,1,0,23.2234,0,0,0,23.2234,0
15.4537,2.47436,0,0,1.05397,0.0284073,0.36288,3.6288,50.194,0.872275,0,0,0.29482,0.295827,0,0.66528,12.849,1,1.84144,0.36288,0,24.1567,5.49171,17.1864,0.84672,12.849,0.84672,3695.15,0,36.966,0.42336,0.204422,2.34473,1.43697,1.44964,2.11312,0.42336,36.966,0.42336,423.524,0,0.692506,0,0,0.896929,0.204422,1.028160,1,0,19.2995,0,0,0,19.2995,0
13.8461,2.35657,0,0,1.13169,0.0198145,0.36288,3.6288,49.2754,0.829362,0,0,0.212977,0.302217,0,0.66528,12.849,1,1.95937,0.36288,0,24.4901,5.55318,17.3404,0.84672,12.849,0.84672,3695.15,0,36.966,0.42336,0.204422,2.34482,1.53317,1.44958,2.20947,0.42336,36.966,0.42336,423.524,0,0.735506,0,0,0.939928,0.204422,1.028160,1,0,19.5499,0,0,0,19.5499,0
12.5553,2.17704,0,0,1.28705,0.0379058,0.36288,3.6288,48.639,0.523798,0,0,0.160696,0.273301,0,0.66528,12.849,1,2.02026,0.36288,0,22.5013,4.43473,16.4092,0.84672,12.849,0.84672,3695.15,0,36.966,0.392949,0.204422,2.34491,1.227,1.12553,2.25785,0.42336,36.966,0.42336,423.524,0,0.955532,0,0,1.15995,0.204422,1.028160,1,0,18.6671,0,0,0,18.6671,0
11.4949,2.07446,0,0,1.45015,0.0732753,0.36288,3.6288,48.1427,0.479658,0,0,0.22509,0.241787,0,0.66528,12.849,1,2.12298,0.36288,0,21.6973,3.57829,16.3589,0.84672,12.849,0.84672,3695.15,0,36.966,0.364543,0.483745,2.2331,1.6386,0.938512,3.05239,0.42336,36.966,0.42336,423.524,0,1.02816,0,0,1.5119,0.483745,1.028160,1,0,19.4113,0,0,0,19.4113,0
10.4373,1.98205,0,0,1.36038,0.0730368,0.36288,3.6288,47.652,0.477578,0,0,0.228681,0.241708,0,0.66528,12.849,1,2.21553,0.36288,0,26.7061,3.59457,21.2588,0.84672,12.849,0.84672,3695.15,0,36.966,0.366705,0.438774,2.23319,1.65793,0.947831,3.01535,0.42336,36.966,0.42336,423.524,0,1.02816,0,0,1.46693,0.438774,1.028160,1,0,24.2742,0,0,0,24.2742,0
9.64893,1.88148,0,0,1.52728,0.0712793,0.36288,3.6288,47.2206,0.475499,0,0,0.284799,0.240721,0,0.66528,12.849,1,2.31623,0.36288,0,42.965,3.59457,37.4171,0.84672,12.849,0.84672,3695.15,0,36.966,0.368867,0.723643,2.23328,2.11066,0.947831,3.75088,0.42336,36.966,0.42336,423.524,0,1.02816,0,0,1.7518,0.723643,1.028160,1,0,41.1679,0,0,0,41.1679,0
9.30733,1.45589,0,0,1.56785,0.0906791,0.36288,3.6288,46.7194,0.606413,0,0,0.288369,0.183187,0,0.66528,12.849,1,1.93874,0.36288,0,40.1056,3.70626,34.8235,0.84672,12.849,0.84672,3695.15,0,36.966,0.42336,0.216518,2.23337,2.41566,0.935092,3.50709,0.42336,36.966,0.42336,423.524,0,0.992365,0,0,1.20888,0.216518,1.028160,1,0,38.3306,0,0,0,38.3306,0
10.4615,1.42605,0,0,3.03631,0.0932195,0.36288,3.6288,46.6197,0.570691,0,0,0.643956,0.173009,0,0.66528,12.849,1,1.9687,0.36288,0,43.8199,3.72487,38.4892,0.84672,12.849,0.84672,3695.15,0,36.966,0.42336,1.42723,2.19846,3.87911,0.932969,6.14848,0.42336,36.966,0.42336,423.524,0,1.02816,0,0,2.45539,1.42723,1.028160,1,0,44.6377,0,0,0,44.6377,0
10.0236,1.84031,0,0,1.86136,0.0960948,0.36288,3.6288,46.5696,0.412158,0,0,0.534927,0.17285,0,0.66528,12.849,1,2.2603,0.36288,0,26.1515,3.72487,20.5292,0.84672,12.849,0.84672,3695.15,0,36.966,0.326811,1.21891,2.19854,3.89724,0.932969,6.05491,0.42336,36.966,0.42336,423.524,0,1.02816,0,0,2.24707,1.21891,1.028160,1,0,26.5841,0,0,0,26.5841,0
10.911,1.79709,0,0,3.17232,0.124959,0.36288,3.6288,46.47,0.412006,0,0,0.503787,0.191347,0,0.66528,12.849,1,2.30365,0.36288,0,62.0668,4.07282,56.0532,0.84672,12.849,0.84672,3695.15,0,36.966,0.327042,1.05529,2.13374,4.81939,1.0142,6.66718,0.42336,36.966,0.42336,423.524,0,1.02816,0,0,2.08345,1.05529,1.028160,1,0,62.7204,0,0,0,62.7204,0
15.0772,1.756,0,0,6.3875,0.1024,0.36288,3.6288,46.763,0.289106,0,0,0.777553,0.195448,0,0.66528,12.849,1,2.06791,0.36288,0,110.942,3.62555,105.611,0.84672,12.849,0.84672,3695.15,0,36.966,0.229978,2.28044,2.13382,5.23248,0.950948,8.46582,0.42336,36.966,0.42336,423.524,0,1.02816,0,0,3.3086,2.28044,1.028160,1,0,114.077,0,0,0,114.077,0
16.6796,1.83601,0,0,3.93711,0.135789,0.36288,3.6288,46.7781,0.526398,0,0,0.708928,0.167388,0,0.66528,12.849,1,1.56467,0.36288,0,46.9934,3.59436,42.1972,0.84672,12.849,0.84672,3695.15,0,36.966,0.416116,1.89901,1.912,4.25575,0.920952,6.7297,0.42336,36.966,0.42336,423.524,0,1.02816,0,0,2.92717,1.89901,1.028160,1,0,48.9269,0,0,0,48.9269,0
19.1307,2.16013,0,0,5.12235,0.148301,0.36288,3.6288,47.2619,0.290031,0,0,0.936298,0.162496,0,0.66528,12.849,1,1.66404,0.36288,0,82.8481,3.65232,77.8946,0.84672,12.849,0.84672,3695.15,0,36.966,0.229194,1.9573,2.15983,5.43579,0.925552,8.39817,0.42336,36.966,0.42336,423.524,0,1.02816,0,0,2.98546,1.9573,1.028160,1,0,86.2928,0,0,0,86.2928,0
21.8088,2.28774,0,0,5.48239,0.153594,0.36288,3.6288,47.8782,0.291387,0,0,1.07087,0.163158,0,0.66528,12.849,1,1.53655,0.36288,0,68.9399,3.65232,64.1139,0.84672,12.849,0.84672,3695.15,0,36.966,0.227909,2.36904,1.91216,5.7235,0.925552,8.85123,0.42336,36.966,0.42336,423.524,0,1.02816,0,0,3.3972,2.36904,1.028160,1,0,72.9651,0,0,0,72.9651,0
25.5553,2.40655,0,0,6.66288,0.14694,0.36288,3.6288,48.8985,0.293083,0,0,1.51392,0.200592,0,0.66528,12.849,1,1.41785,0.36288,0,157.316,4.26075,152.001,0.84672,12.849,0.84672,3695.15,0,36.966,0.226284,3.16658,1.91224,8.65427,1.15986,12.3469,0.42336,36.966,0.42336,423.524,0,1.02816,0,0,4.19474,3.16658,1.028160,1,0,164.347,0,0,0,164.347,0
33.5432,2.61584,0,0,11.1399,0.173295,0.36288,3.6288,49.6458,0.332099,0,0,1.33036,0.25098,0,0.66528,12.849,1,1.31522,0.36288,0,221.017,4.63565,215.429,0.84672,12.849,0.84672,3695.15,0,36.966,0.251058,1.03397,1.91231,12.0094,1.23437,13.4702,0.42336,36.966,0.42336,423.524,0,1.02816,0,0,2.06213,1.03397,1.028160,1,0,228.899,0,0,0,228.899,0
34.7179,2.84236,0,0,4.57274,0.192798,0.36288,3.6288,50.0753,0.334297,0,0,1.01639,0.252531,0,0.66528,12.849,1,1.08879,0.36288,0,105.309,4.63565,99.9471,0.84672,12.849,0.84672,3695.15,0,36.966,0.248916,0.488169,1.98158,4.71219,1.23437,5.69866,0.42336,36.966,0.42336,423.524,0,1.02816,0,0,1.51633,0.488169,1.028160,1,0,105.646,0,0,0,105.646,0
35.449,2.86932,0,0,4.15889,0.195594,0.36288,3.6288,50.8188,0.335557,0,0,1.33241,0.253423,0,0.66528,12.849,1,1.06193,0.36288,0,97.7668,4.63565,92.4321,0.84672,12.849,0.84672,3695.15,0,36.966,0.247711,0.910518,1.98165,4.28291,1.23437,5.693,0.42336,36.966,0.42336,423.524,0,1.02816,0,0,1.93868,0.910518,1.028160,1,0,98.1251,0,0,0,98.1251,0
46.7936,2.88547,0,0,14.7708,0.177806,0.36288,3.6288,53.7864,0.337687,0,0,3.54466,0.239287,0,0.66528,12.849,1,1.04588,0.36288,0,289.098,3.63909,284.776,0.84672,12.849,0.84672,3695.15,0,36.966,0.245636,4.37616,1.98171,16.9403,1.03021,22.0223,0.42336,36.966,0.42336,423.524,0,1.02816,0,0,5.40432,4.37616,1.028160,1,0,306.798,0,0,0,306.798,0
50.4541,3.35293,0,0,7.62765,0.251325,0.36288,3.6288,54.842,0.487555,0,0,1.76376,0.220671,0,0.66528,12.849,1,0.920678,0.36288,0,212.864,3.70127,208.605,0.84672,12.849,0.84672,3695.15,0,36.966,0.335084,1.4642,1.98177,9.26303,0.947381,11.4265,0.42336,36.966,0.42336,423.524,0,1.02816,0,0,2.49236,1.4642,1.028160,1,0,220.031,0,0,0,220.031,0
52.9363,3.40626,0,0,6.53296,0.281654,0.36288,3.6288,55.5122,0.491445,0,0,1.37411,0.212402,0,0.66528,12.849,1,0.867461,0.36288,0,195.44,3.72613,191.21,0.84672,12.849,0.84672,3695.15,0,36.966,0.331256,0.741087,2.2308,6.94433,0.914249,8.67072,0.42336,36.966,0.42336,423.524,0,1.02816,0,0,1.76925,0.741087,1.028160,1,0,199.88,0,0,0,199.88,0
55.784,3.43907,0,0,6.9387,0.289012,0.36288,3.6288,56.3338,0.493883,0,0,1.52875,0.21334,0,0.66528,12.849,1,0.834751,0.36288,0,216.359,3.72613,212.161,0.84672,12.849,0.84672,3695.15,0,36.966,0.32888,1.22234,2.23087,8.57211,0.914249,10.7822,0.42336,36.966,0.42336,423.524,0,1.02816,0,0,2.2505,1.22234,1.028160,1,0,222.943,0,0,0,222.943,0
62.5254,3.47379,0,0,10.8664,0.288416,0.36288,3.6288,58.1297,0.496816,0,0,2.52863,0.235925,0,0.66528,12.849,1,0.800135,0.36288,0,264.539,4.2503,259.851,0.84672,12.849,0.84672,3695.15,0,36.966,0.326009,2.31018,2.23094,15.9203,1.07823,19.0572,0.42336,36.966,0.42336,423.524,0,1.02816,0,0,3.33834,2.31018,1.028160,1,0,278.908,0,0,0,278.908,0
65.508,3.14055,0,0,6.77446,0.288433,0.36288,3.6288,59.5424,0.306714,0,0,1.92873,0.209272,0,0.66528,12.849,1,0.645384,0.36288,0,315.521,3.99519,311.243,0.84672,12.849,0.84672,3695.15,0,36.966,0.195047,1.99708,2.231,10.7569,1.03507,13.7548,0.42336,36.966,0.42336,423.524,0,1.02816,0,0,3.02524,1.99708,1.028160,1,0,324.998,0,0,0,324.998,0
68.6657,2.81125,0,0,6.62265,0.290831,0.36288,3.6288,59.9062,0.570801,0,0,1.12735,0.19274,0,0.66528,12.849,1,0.551411,0.36288,0,252.574,3.7359,248.65,0.84672,12.849,0.84672,3695.15,0,36.966,0.354373,2.26593,1.8915,9.23789,0.968616,12.0723,0.42336,36.966,0.42336,423.524,0,1.02816,0,0,3.29409,2.26593,1.028160,1,0,260.722,0,0,0,260.722,0
72.29,3.18932,0,0,11.824,0.298177,4.71218,3.6288,61.308,0.310357,0,0,2.67251,0.193188,0.767176,0.66528,12.849,1,0.596798,4.71218,0,278.324,3.7359,278.703,0.84672,12.849,0.84672,3695.15,0,36.966,0.19151,3.68981,2.13931,13.4645,0.968616,18.1335,0.42336,36.966,0.42336,423.524,0,1.02816,0,0,4.71797,3.68981,1.028160,1,0,297.604,0,0,0,297.604,0
72.29,2.85533,0,0,8.70022,0.30794,5.53695,3.6288,61.308,0.577234,0,0,1.72691,0.138142,1.01153,0.66528,12.849,1,0.507514,5.53695,0,255.418,3.47542,256.972,0.84672,12.849,0.84672,3695.15,0,36.966,0.348046,2.27627,1.89162,11.1678,0.874743,14.1129,0.42336,36.966,0.42336,423.524,0,1.02816,0,0,3.30443,2.27627,1.028160,1,0,272.097,0,0,0,272.097,0
72.29,2.63615,0,0,6.98829,0.316459,4.03569,3.6288,61.308,0.483685,0,0,1.05011,0.129425,0.437002,0.66528,12.849,1,0.468555,4.03569,0,215.7,3.45536,215.812,0.84672,12.849,0.84672,3695.15,0,36.966,0.291641,1.6363,2.13943,8.3198,0.828694,10.9752,0.42336,36.966,0.42336,423.524,0,1.02816,0,0,2.66446,1.6363,1.028160,1,0,227.224,0,0,0,227.224,0
72.29,2.73254,0,0,8.18856,0.336425,5.11959,3.6288,61.308,0.528968,0,0,3.80276,0.164407,3.10939,0.66528,12.849,1,0.485688,5.11959,0,272.15,3.66566,273.119,0.84672,12.849,0.84672,3695.15,0,36.966,0.318944,5.61989,1.97519,14.4987,0.807443,20.9674,0.42336,36.966,0.42336,423.524,0,1.02816,0,0,6.64805,5.61989,1.028160,1,0,297.196,0,0,0,297.196,0
72.29,2.73261,0,0,6.83752,0.336425,3.76848,3.6288,61.308,0.528999,0,0,2.83421,0.164407,2.1408,0.66528,12.849,1,0.485701,3.76848,0,277.095,3.66566,276.712,0.84672,12.849,0.84672,3695.15,0,36.966,0.318963,4.66609,2.05255,12.3806,0.807443,17.9728,0.42336,36.966,0.42336,423.524,0,1.02816,0,0,5.69425,4.66609,1.028160,1,0,296.826,0,0,0,296.826,0
72.29,2.73269,0,0,7.07137,0.300713,4.03797,3.6288,61.308,0.529031,0,0,1.70396,0.183438,0.991491,0.66528,12.849,1,0.485715,4.03797,0,220.976,3.89833,220.63,0.84672,12.849,0.84672,3695.15,0,36.966,0.318982,2.96184,2.0526,11.3172,0.853244,15.1594,0.42336,36.966,0.42336,423.524,0,1.02816,0,0,3.99,2.96184,1.028160,1,0,236.781,0,0,0,236.781,0
72.29,2.73276,0,0,6.36257,0.292172,3.33763,3.6288,61.308,0.529063,0,0,1.48983,0.167352,0.793415,0.66528,12.849,1,0.485728,3.33763,0,226.082,3.43717,225.497,0.84672,12.849,0.84672,3695.15,0,36.966,0.319001,2.87009,2.05266,10.7692,0.900846,14.4721,0.42336,36.966,0.42336,423.524,0,1.02816,0,0,3.89825,2.87009,1.028160,1,0,240.762,0,0,0,240.762,0
72.29,2.69517,0,0,4.99471,0.316064,1.98347,3.6288,61.308,0.511517,0,0,1.36326,0.187074,0.664666,0.66528,12.849,1,0.479046,1.98347,0,171.899,4.0033,169.4,0.84672,12.849,0.84672,3695.15,0,36.966,0.308422,1.93288,2.05272,6.45014,0.937394,9.18992,0.42336,36.966,0.42336,423.524,0,1.02816,0,0,2.96104,1.93288,1.028160,1,0,179.255,0,0,0,179.255,0
72.29,2.69524,0,0,4.31188,0.235238,1.3814,3.6288,61.308,0.511549,0,0,1.19067,0.225525,0.453593,0.66528,12.849,1,0.479059,1.3814,0,137.463,4.51458,133.851,0.84672,12.849,0.84672,3695.15,0,36.966,0.308441,1.69748,2.02269,5.82132,1.021,8.21205,0.42336,36.966,0.42336,423.524,0,1.02816,0,0,2.72564,1.69748,1.028160,1,0,142.517,0,0,0,142.517,0
72.29,2.69532,0,0,3.95016,0.235238,1.01961,3.6288,61.308,0.51158,0,0,1.06633,0.225525,0.329229,0.66528,12.849,1,0.479072,1.01961,0,119.561,4.51458,115.587,0.84672,12.849,0.84672,3695.15,0,36.966,0.30846,1.48046,2.02275,5.50727,1.021,7.68101,0.42336,36.966,0.42336,423.524,0,1.02816,0,0,2.50862,1.48046,1.028160,1,0,123.597,0,0,0,123.597,0
72.29,2.91958,0,0,3.77139,0.235238,0.616565,3.6288,61.308,0.607516,0,0,0.995058,0.225525,0.162018,0.66528,12.849,1,0.518934,0.616565,0,106.472,4.51458,102.056,0.84672,12.849,0.84672,3695.15,0,36.966,0.366305,1.35754,2.0228,5.17063,1.021,7.16366,0.42336,36.966,0.42336,423.524,0,1.02816,0,0,2.3857,1.35754,1.028160,1,0,109.381,0,0,0,109.381,0
72.29,3.05816,0,0,3.67746,0.211191,0.408107,3.6288,61.2956,0.66528,0,0,0.873488,0.220646,0,0.66528,12.849,1,0.543565,0.408107,0,99.5293,4.59852,94.7954,0.84672,12.849,0.84672,3695.15,0,36.966,0.416836,1.04832,2.19111,4.49759,1.1228,6.19737,0.42336,36.966,0.42336,423.524,0,1.02816,0,0,2.07648,1.04832,1.028160,1,0,100.993,0,0,0,100.993,0
72.1836,3.05825,0,0,3.50792,0.193155,0.36288,3.6288,61.2479,0.66528,0,0,0.834567,0.21697,0,0.66528,12.849,1,0.54358,0.36288,0,87.899,4.66147,83.0569,0.84672,12.849,0.84672,3695.15,0,36.966,0.416893,0.914216,2.30536,4.11428,1.19916,5.71781,0.42336,36.966,0.42336,423.524,0,1.02816,0,0,1.94238,0.914216,1.028160,1,0,88.7747,0,0,0,88.7747,0
71.7853,3.05765,0,0,3.19297,0.170798,0.36288,3.6288,61.1543,0.66528,0,0,0.796921,0.225203,0,0.66528,12.849,1,0.544275,0.36288,0,78.6957,4.72559,73.7887,0.84672,12.849,0.84672,3695.15,0,36.966,0.41695,0.89087,2.30543,4.04482,1.2182,5.60596,0.42336,36.966,0.42336,423.524,0,1.02816,0,0,1.91903,0.89087,1.028160,1,0,79.3947,0,0,0,79.3947,0
71.232,3.05517,0,0,2.97971,0.114945,0.36288,3.6288,61.0566,0.66528,0,0,0.813416,0.245804,0,0.66528,12.849,1,0.546851,0.36288,0,82.0558,4.88586,76.986,0.84672,12.849,0.84672,3695.15,0,36.966,0.417008,0.931729,2.30549,3.9866,1.2658,5.54101,0.42336,36.966,0.42336,423.524,0,1.02816,0,0,1.95989,0.931729,1.028160,1,0,82.527,0,0,0,82.527,0
70.3815,3.05165,0,0,2.69374,0.1297,0.36288,3.6288,60.7851,0.66528,0,0,0.639825,0.246132,0,0.66528,12.849,1,0.550465,0.36288,0,80.1179,4.9797,74.9506,0.84672,12.849,0.84672,3695.15,0,36.966,0.417065,0.771016,2.30555,3.66303,1.26684,5.0557,0.42336,36.966,0.42336,423.524,0,1.02816,0,0,1.79918,0.771016,1.028160,1,0,80.0063,0,0,0,80.0063,0
69.5286,3.01883,0,0,2.67361,0.14481,0.36288,3.6288,60.2425,0.66528,0,0,0.37794,0.25518,0,0.66528,12.849,1,0.551124,0.36288,0,64.4095,5.27841,58.9428,0.84672,12.849,0.84672,3695.15,0,36.966,0.42336,0.659716,2.30561,3.02196,1.28846,4.27547,0.42336,36.966,0.42336,423.524,0,1.02816,0,0,1.68788,0.659716,1.028160,1,0,63.2183,0,0,0,63.2183,0
68.577,3.01321,0,0,2.51398,0.0895391,0.36288,3.6288,59.6792,0.66528,0,0,0.37682,0.274917,0,0.66528,12.849,1,0.556845,0.36288,0,59.9263,5.43869,54.2937,0.84672,12.849,0.84672,3695.15,0,36.966,0.42336,0.589896,2.30445,3.00224,1.33607,4.13716,0.42336,36.966,0.42336,423.524,0,1.02816,0,0,1.61806,0.589896,1.028160,1,0,58.4309,0,0,0,58.4309,0
67.4516,3.00678,0,0,2.33312,0.088814,0.36288,3.6288,59.1145,0.66528,0,0,0.374585,0.273931,0,0.66528,12.849,1,0.563369,0.36288,0,55.0743,5.43869,49.4351,0.84672,12.849,0.84672,3695.15,0,36.966,0.42336,0.621639,2.30447,2.7514,1.33607,3.91808,0.42336,36.966,0.42336,423.524,0,1.02816,0,0,1.6498,0.621639,1.028160,1,0,53.3532,0,0,0,53.3532,0
66.1707,2.99897,0,0,2.16894,0.0880337,0.36288,3.6288,58.5496,0.66528,0,0,0.373241,0.272943,0,0.66528,12.849,1,0.571279,0.36288,0,51.4159,5.43869,45.7688,0.84672,12.849,0.84672,3695.15,0,36.966,0.42336,0.638937,2.30449,2.67565,1.33607,3.85965,0.42336,36.966,0.42336,423.524,0,1.02816,0,0,1.6671,0.638937,1.028160,1,0,49.6284,0,0,0,49.6284,0
64.7151,3.05956,0,0,2.04585,0.0789871,0.36288,3.6288,57.9452,0.66528,0,0,0.367581,0.306661,0,0.66528,12.849,1,0.594105,0.36288,0,51.1053,5.5321,45.342,0.84672,12.849,0.84672,3695.15,0,36.966,0.42336,0.455898,2.3045,2.14016,1.41157,3.06563,0.42336,36.966,0.42336,423.524,0,1.02816,0,0,1.48406,0.455898,1.028160,1,0,48.4076,0,0,0,48.4076,0
63.1812,3.0485,0,0,1.9542,0.0767282,0.36288,3.6288,57.2976,0.66528,0,0,0.328919,0.31123,0,0.66528,12.849,1,0.60527,0.36288,0,49.9824,5.54767,44.1923,0.84672,12.849,0.84672,3695.15,0,36.966,0.42336,0.525718,2.32014,2.17683,1.42415,3.17518,0.42336,36.966,0.42336,423.524,0,1.02816,0,0,1.55388,0.525718,1.028160,1,0,47.3675,0,0,0,47.3675,0
61.5348,3.03637,0,0,1.82869,0.0757808,0.36288,3.6288,56.6269,0.66528,0,0,0.30446,0.309928,0,0.66528,12.849,1,0.617498,0.36288,0,45.1219,5.54767,39.3196,0.84672,12.849,0.84672,3695.15,0,36.966,0.42336,0.459052,2.32016,1.9428,1.42415,2.87449,0.42336,36.966,0.42336,423.524,0,1.02816,0,0,1.48721,0.459052,1.028160,1,0,42.1941,0,0,0,42.1941,0
59.7532,3.02278,0,0,1.67882,0.0747638,0.36288,3.6288,55.9541,0.66528,0,0,0.301117,0.30858,0,0.66528,12.849,1,0.631183,0.36288,0,41.2468,5.54767,35.4309,0.84672,12.849,0.84672,3695.15,0,36.966,0.42336,0.336899,2.32017,1.90013,1.42415,2.70969,0.42336,36.966,0.42336,423.524,0,1.02816,0,0,1.36506,0.336899,1.028160,1,0,38.1406,0,0,0,38.1406,0
58.0285,3.20822,0,0,1.90223,0.0558676,0.36288,3.6288,55.3235,0.66528,0,0,0.338135,0.303418,0,0.66528,12.849,1,0.689878,0.36288,0,39.7852,5.53119,33.927,0.84672,12.849,0.84672,3695.15,0,36.966,0.42336,0.591037,2.32019,2.8297,1.47505,3.84252,0.42336,36.966,0.42336,423.524,0,1.02816,0,0,1.6192,0.591037,1.028160,1,0,37.7695,0,0,0,37.7695,0
56.0578,3.19152,0,0,1.62557,0.0418437,0.36288,3.6288,54.6376,0.66528,0,0,0.270598,0.291294,0,0.66528,12.849,1,0.706685,0.36288,0,35.322,5.33474,29.6434,0.84672,12.849,0.84672,3695.15,0,36.966,0.42336,0.30145,2.36594,2.0253,1.50805,2.76128,0.42336,36.966,0.42336,423.524,0,1.02816,0,0,1.32961,0.30145,1.028160,1,0,32.4047,0,0,0,32.4047,0
54.2135,3.1714,0,0,1.73102,0.0410399,0.36288,3.6288,54.0152,0.66528,0,0,0.332851,0.289981,0,0.66528,12.849,1,0.726916,0.36288,0,44.9484,5.33474,39.2496,0.84672,12.849,0.84672,3695.15,0,36.966,0.42336,0.610606,2.36596,2.26218,1.50805,3.30734,0.42336,36.966,0.42336,423.524,0,1.02816,0,0,1.63877,0.610606,1.028160,1,0,42.557,0,0,0,42.557,0
52.083,3.15149,0,0,1.4241,0.0402877,0.36288,3.6288,53.1909,0.777851,0,0,0.242408,0.28879,0,0.66528,12.849,1,0.746927,0.36288,0,41.1798,5.33474,35.461,0.84672,12.849,0.84672,3695.15,0,36.966,0.42336,0.204422,2.36598,1.85282,1.50805,2.49182,0.42336,36.966,0.42336,423.524,0,0.915589,0,0,1.12001,0.204422,1.028160,1,0,37.9528,0,0,0,37.9528,0
50.3153,3.12707,0,0,1.75869,0.0363986,0.36288,3.6288,52.6566,0.66528,0,0,0.415539,0.284581,0,0.66528,12.849,1,0.771456,0.36288,0,42.3499,5.33417,36.6072,0.84672,12.849,0.84672,3695.15,0,36.966,0.42336,1.18798,2.366,2.87589,1.50143,4.50509,0.42336,36.966,0.42336,423.524,0,1.02816,0,0,2.21614,1.18798,1.028160,1,0,41.1123,0,0,0,41.1123,0
48.5681,3.01081,0,0,1.64447,0.0179432,0.36288,3.6288,52.0092,0.66528,0,0,0.287001,0.269094,0,0.66528,12.849,1,0.76887,0.36288,0,37.5084,5.33075,31.7717,0.84672,12.849,0.84672,3695.15,0,36.966,0.42336,0.837518,2.36602,2.74723,1.4617,4.06572,0.42336,36.966,0.42336,423.524,0,1.02816,0,0,1.86568,0.837518,1.028160,1,0,35.8374,0,0,0,35.8374,0
46.9756,2.75949,0,0,1.54747,0.0176111,0.36288,3.6288,51.3693,0.66528,0,0,0.293047,0.267696,0,0.66528,12.849,1,0.730042,0.36288,0,49.8127,5.33075,44.1148,0.84672,12.849,0.84672,3695.15,0,36.966,0.42336,1.13711,2.34375,2.55475,1.4617,4.15055,0.42336,36.966,0.42336,423.524,0,1.02816,0,0,2.16527,1.13711,1.028160,1,0,48.2654,0,0,0,48.2654,0
44.7743,2.74014,0,0,0.919054,0.0173069,0.36288,3.6288,50.6379,0.66528,0,0,0.200237,0.266315,0,0.66528,12.849,1,0.749495,0.36288,0,34.6304,5.33075,28.9131,0.84672,12.849,0.84672,3695.15,0,36.966,0.42336,0.241894,2.28938,1.66069,1.4617,2.30691,0.42336,36.966,0.42336,423.524,0,1.02816,0,0,1.27005,0.241894,1.028160,1,0,31.22,0,0,0,31.22,0
42.9186,2.71158,0,0,1.26915,0.0504329,0.36288,3.6288,49.9824,0.66528,0,0,0.274734,0.264959,0,0.66528,12.849,1,0.778148,0.36288,0,36.4485,5.05604,30.9772,0.84672,12.849,0.84672,3695.15,0,36.966,0.42336,0.437374,2.2894,2.22907,1.41041,3.12207,0.42336,36.966,0.42336,423.524,0,1.02816,0,0,1.46553,0.437374,1.028160,1,0,34.0993,0,0,0,34.0993,0
42.5434,2.61638,0,0,2.74328,0.139264,0.36288,3.6288,49.5396,0.573618,0,0,0.348405,0.217618,0,0.66528,12.849,1,0.783293,0.36288,0,45.8128,4.29491,41.0975,0.84672,12.849,0.84672,3695.15,0,36.966,0.42336,2.10732,2.28941,5.14185,1.10321,8.01202,0.42336,36.966,0.42336,423.524,0,1.02816,0,0,3.13548,2.10732,1.028160,1,0,49.1095,0,0,0,49.1095,0
41.2356,2.61114,0,0,1.81807,0.151801,0.36288,3.6288,49.0777,0.573673,0,0,0.303032,0.191297,0,0.66528,12.849,1,0.788621,0.36288,0,36.15,4.14446,31.5798,0.84672,12.849,0.84672,3695.15,0,36.966,0.42336,0.842547,2.20172,3.63407,1.02739,5.22759,0.42336,36.966,0.42336,423.524,0,1.02816,0,0,1.87071,0.842547,1.028160,1,0,36.8074,0,0,0,36.8074,0
40.969,2.59214,0,0,2.83791,0.149498,0.36288,3.6288,48.6716,0.573728,0,0,0.358239,0.19057,0,0.66528,12.849,1,0.807711,0.36288,0,48.4442,4.14446,43.8549,0.84672,12.849,0.84672,3695.15,0,36.966,0.42336,1.27687,2.20178,4.81586,1.02739,6.84377,0.42336,36.966,0.42336,423.524,0,1.02816,0,0,2.30503,1.27687,1.028160,1,0,50.6987,0,0,0,50.6987,0
44.5353,2.80349,0,0,6.88166,0.149028,0.36288,3.6288,48.7019,0.66528,0,0,0.885454,0.189931,0,0.66528,12.849,1,0.879251,0.36288,0,110.835,4.14446,106.174,0.84672,12.849,0.84672,3695.15,0,36.966,0.42336,4.96212,2.20184,7.9845,1.02739,13.6977,0.42336,36.966,0.42336,423.524,0,1.02816,0,0,5.99028,4.96212,1.028160,1,0,119.872,0,0,0,119.872,0
46.1924,2.64295,0,0,4.84687,0.183901,0.36288,3.6288,48.675,0.537398,0,0,0.687626,0.177056,0,0.66528,12.849,1,0.762527,0.36288,0,101.047,4.15139,96.4955,0.84672,12.849,0.84672,3695.15,0,36.966,0.4079,3.50379,2.32559,5.88275,0.981379,10.3228,0.42336,36.966,0.42336,423.524,0,1.02816,0,0,4.53195,3.50379,1.028160,1,0,106.818,0,0,0,106.818,0
48.2741,2.66443,0,0,5.33517,0.226196,0.36288,3.6288,48.6835,0.537301,0,0,0.705542,0.159791,0,0.66528,12.849,1,0.741145,0.36288,0,124.883,4.16062,120.344,0.84672,12.849,0.84672,3695.15,0,36.966,0.40805,3.18942,2.16288,6.50618,0.920036,10.5304,0.42336,36.966,0.42336,423.524,0,1.02816,0,0,4.21758,3.18942,1.028160,1,0,130.874,0,0,0,130.874,0
50.707,2.68974,0,0,5.717,0.231437,0.36288,3.6288,48.9513,0.537372,0,0,0.964976,0.159802,0,0.66528,12.849,1,0.715923,0.36288,0,146.998,4.16062,142.485,0.84672,12.849,0.84672,3695.15,0,36.966,0.408033,4.37937,2.16294,7.73479,0.920036,12.949,0.42336,36.966,0.42336,423.524,0,1.02816,0,0,5.40753,4.37937,1.028160,1,0,155.434,0,0,0,155.434,0
51.7606,2.71722,0,0,4.37231,0.238626,0.36288,3.6288,49.0442,0.538674,0,0,0.806501,0.174873,0,0.66528,12.849,1,0.688536,0.36288,0,143.896,4.40149,139.169,0.84672,12.849,0.84672,3695.15,0,36.966,0.406784,3.69359,2.163,7.07989,1.01504,11.5147,0.42336,36.966,0.42336,423.524,0,1.02816,0,0,4.72175,3.69359,1.028160,1,0,150.683,0,0,0,150.683,0
53.9392,2.72852,0,0,5.4993,0.22923,0.36288,3.6288,49.1779,0.539144,0,0,0.895059,0.222283,0,0.66528,12.849,1,0.677327,0.36288,0,123.225,4.96923,117.941,0.84672,12.849,0.84672,3695.15,0,36.966,0.406368,3.9947,2.16306,7.32027,1.3826,11.6891,0.42336,36.966,0.42336,423.524,0,1.02816,0,0,5.02286,3.9947,1.028160,1,0,129.63,0,0,0,129.63,0
55.4102,2.83685,0,0,4.9062,0.2355,0.36288,3.6288,49.1587,0.586015,0,0,0.787465,0.220586,0,0.66528,12.849,1,0.675774,0.36288,0,78.9307,5.06247,73.5554,0.84672,12.849,0.84672,3695.15,0,36.966,0.42336,3.04752,2.16312,4.38361,1.30229,7.86859,0.42336,36.966,0.42336,423.524,0,1.02816,0,0,4.07568,3.04752,1.028160,1,0,81.4239,0,0,0,81.4239,0
54.9813,3.19514,0,0,3.36817,0.239016,0.36288,3.6288,49.0596,0.33451,0,0,0.455959,0.220551,0,0.66528,12.849,1,0.740916,0.36288,0,72.7765,5.06247,67.3359,0.84672,12.849,0.84672,3695.15,0,36.966,0.251542,1.22407,2.23247,2.61169,1.30229,4.5144,0.42336,36.966,0.42336,423.524,0,1.02816,0,0,2.25223,1.22407,1.028160,1,0,71.8503,0,0,0,71.8503,0
54.4908,2.84734,0,0,2.95764,0.237991,0.36288,3.6288,48.65,0.58609,0,0,0.396791,0.220371,0,0.66528,12.849,1,0.665416,0.36288,0,87.9085,5.06247,82.5435,0.84672,12.849,0.84672,3695.15,0,36.966,0.42336,1.01471,1.98476,2.99965,1.30229,4.27346,0.42336,36.966,0.42336,423.524,0,1.02816,0,0,2.04287,1.01471,1.028160,1,0,86.817,0,0,0,86.817,0
53.5022,2.84254,0,0,2.45975,0.242935,0.36288,3.6288,48.1729,0.586127,0,0,0.32064,0.211611,0,0.66528,12.849,1,0.670276,0.36288,0,58.387,4.58292,53.4967,0.84672,12.849,0.84672,3695.15,0,36.966,0.42336,0.566317,2.23255,1.87329,1.1732,3.0756,0.42336,36.966,0.42336,423.524,0,1.02816,0,0,1.59448,0.566317,1.028160,1,0,56.5723,0,0,0,56.5723,0
52.0882,3.1089,0,0,2.2954,0.23761,0.36288,3.6288,47.1605,1.09098,0,0,0.265321,0.186667,0,0.66528,12.849,1,0.746628,0.36288,0,58.3038,4.12651,53.7936,0.84672,12.849,0.84672,3695.15,0,36.966,0.42336,0.503194,2.23259,1.50271,1.19223,2.6229,0.42336,36.966,0.42336,423.524,0,0.602464,0,0,1.10566,0.503194,1.028160,1,0,56.4165,0,0,0,56.4165,0
51.0322,3.43229,0,0,2.97886,0.239637,0.36288,3.6288,46.85,0.462933,0,0,0.360712,0.208337,0,0.66528,12.849,1,0.846669,0.36288,0,71.2091,4.33734,66.3879,0.84672,12.849,0.84672,3695.15,0,36.966,0.362862,0.723151,2.35796,2.15677,1.26651,3.60851,0.42336,36.966,0.42336,423.524,0,1.02816,0,0,1.75131,0.723151,1.028160,1,0,69.9964,0,0,0,69.9964,0
50.426,3.41835,0,0,3.41753,0.242569,0.36288,3.6288,46.6076,0.461612,0,0,0.42402,0.20479,0,0.66528,12.849,1,0.860679,0.36288,0,75.829,4.33626,70.9949,0.84672,12.849,0.84672,3695.15,0,36.966,0.364225,0.662688,2.23424,2.33754,1.27015,3.60009,0.42336,36.966,0.42336,423.524,0,1.02816,0,0,1.69085,0.662688,1.028160,1,0,74.595,0,0,0,74.595,0
49.6728,3.41016,0,0,3.29402,0.274118,0.36288,3.6288,46.4367,0.460579,0,0,0.476081,0.186369,0,0.66528,12.849,1,0.86894,0.36288,0,65.9455,4.32978,61.1096,0.84672,12.849,0.84672,3695.15,0,36.966,0.3653,0.849018,2.23429,2.88604,1.292,4.31205,0.42336,36.966,0.42336,423.524,0,1.02816,0,0,1.87718,0.849018,1.028160,1,0,65.4217,0,0,0,65.4217,0
50.164,3.01144,0,0,4.13603,0.270509,0.36288,3.6288,46.5735,0.28082,0,0,0.592588,0.175012,0,0.66528,12.849,1,0.778978,0.36288,0,100.056,3.61842,96.021,0.84672,12.849,0.84672,3695.15,0,36.966,0.223547,2.10004,2.23433,3.05451,1.05619,6.10915,0.42336,36.966,0.42336,423.524,0,1.02816,0,0,3.1282,2.10004,1.028160,1,0,102.13,0,0,0,102.13,0
51.4046,3.01756,0,0,4.89183,0.270837,0.36288,3.6288,46.6829,0.281206,0,0,0.557524,0.166925,0,0.66528,12.849,1,0.772918,0.36288,0,117.768,3.0849,114.273,0.84672,12.849,0.84672,3695.15,0,36.966,0.223197,1.58951,1.89436,3.03359,0.879335,5.41492,0.42336,36.966,0.42336,423.524,0,1.02816,0,0,2.61767,1.58951,1.028160,1,0,119.687,0,0,0,119.687,0
53.3873,3.03254,0,0,5.65253,0.274384,0.36288,3.6288,47.0822,0.281518,0,0,0.847947,0.167094,0,0.66528,12.849,1,0.758008,0.36288,0,147.106,3.0849,143.626,0.84672,12.849,0.84672,3695.15,0,36.966,0.222921,1.90299,1.89439,4.59378,0.879335,7.28891,0.42336,36.966,0.42336,423.524,0,1.02816,0,0,2.93115,1.90299,1.028160,1,0,150.915,0,0,0,150.915,0
54.572,3.05528,0,0,4.85811,0.255266,0.36288,3.6288,47.2068,0.282597,0,0,0.612013,0.204824,0,0.66528,12.849,1,0.735329,0.36288,0,82.6606,4.26394,78.0242,0.84672,12.849,0.84672,3695.15,0,36.966,0.221878,1.34425,1.89443,3.10852,1.04787,5.07746,0.42336,36.966,0.42336,423.524,0,1.02816,0,0,2.37241,1.34425,1.028160,1,0,83.1017,0,0,0,83.1017,0
55.283,2.72557,0,0,4.05115,0.251703,0.36288,3.6288,46.9595,0.52038,0,0,0.476855,0.203763,0,0.66528,12.849,1,0.641737,0.36288,0,96.1304,4.28191,91.5696,0.84672,12.849,0.84672,3695.15,0,36.966,0.407491,1.04342,1.89447,2.24276,1.04639,3.72678,0.42336,36.966,0.42336,423.524,0,1.02816,0,0,2.07158,1.04342,1.028160,1,0,95.2964,0,0,0,95.2964,0
54.0225,3.17567,0,0,2.49144,0.213324,0.36288,3.6288,46.8909,0.326333,0,0,0.45347,0.195708,0,0.66528,12.849,1,0.738097,0.36288,0,56.9544,4.38973,52.1894,0.84672,12.849,0.84672,3695.15,0,36.966,0.256886,0.601309,2.14226,1.71922,1.03749,3.16842,0.42336,36.966,0.42336,423.524,0,1.02816,0,0,1.62947,0.601309,1.028160,1,0,55.3578,0,0,0,55.3578,0
54.3125,3.16181,0,0,4.02527,0.210632,0.36288,3.6288,47.067,0.326144,0,0,0.697782,0.195595,0,0.66528,12.849,1,0.752021,0.36288,0,75.721,4.38973,70.9421,0.84672,12.849,0.84672,3695.15,0,36.966,0.257112,1.35382,1.97839,2.70312,1.03749,4.74073,0.42336,36.966,0.42336,423.524,0,1.02816,0,0,2.38198,1.35382,1.028160,1,0,75.6828,0,0,0,75.6828,0
53.9561,3.16511,0,0,3.38284,0.211251,0.36288,3.6288,47.0941,0.326704,0,0,0.54968,0.195884,0,0.66528,12.849,1,0.748787,0.36288,0,73.3199,4.38973,68.5443,0.84672,12.849,0.84672,3695.15,0,36.966,0.25659,0.955204,1.97843,2.23434,1.03749,3.87389,0.42336,36.966,0.42336,423.524,0,1.02816,0,0,1.98336,0.955204,1.028160,1,0,72.4182,0,0,0,72.4182,0
53.0557,3.16117,0,0,2.82615,0.202449,0.36288,3.6288,47.0365,0.326807,0,0,0.467923,0.198743,0,0.66528,12.849,1,0.752794,0.36288,0,68.1418,4.41753,63.3343,0.84672,12.849,0.84672,3695.15,0,36.966,0.256524,0.590095,1.97847,1.78354,1.03943,3.05615,0.42336,36.966,0.42336,423.524,0,1.02816,0,0,1.61825,0.590095,1.028160,1,0,66.3905,0,0,0,66.3905,0
52.1774,3.1122,0,0,2.75017,0.153395,0.36288,3.6288,46.992,0.309542,0,0,0.477628,0.212541,0,0.66528,12.849,1,0.753711,0.36288,0,54.8693,4.25787,50.2206,0.84672,12.849,0.84672,3695.15,0,36.966,0.243269,0.883276,1.97851,1.84667,1.05876,3.40643,0.42336,36.966,0.42336,423.524,0,1.02816,0,0,1.91144,0.883276,1.028160,1,0,53.627,0,0,0,53.627,0
50.7768,3.10207,0,0,2.21645,0.152114,0.36288,3.6288,46.8438,0.309434,0,0,0.373234,0.211965,0,0.66528,12.849,1,0.763904,0.36288,0,47.1752,4.20347,42.5707,0.84672,12.849,0.84672,3695.15,0,36.966,0.243414,0.534444,1.94593,1.50242,1.06004,2.67933,0.42336,36.966,0.42336,423.524,0,1.02816,0,0,1.5626,0.534444,1.028160,1,0,45.25,0,0,0,45.25,0
49.1258,3.08531,0,0,1.94709,0.149911,0.36288,3.6288,46.6212,0.370543,0,0,0.359625,0.211701,0,0.66528,12.849,1,0.780733,0.36288,0,43.8415,4.20347,39.2202,0.84672,12.849,0.84672,3695.15,0,36.966,0.292407,0.528595,1.94597,1.47442,1.06004,2.59654,0.42336,36.966,0.42336,423.524,0,0.918095,0,0,1.44669,0.528595,1.028160,1,0,41.8167,0,0,0,41.8167,0
47.7591,3.06456,0,0,2.20803,0.14731,0.36288,3.6288,46.4273,0.35805,0,0,0.375408,0.211284,0,0.66528,12.849,1,0.801545,0.36288,0,49.1613,4.20347,44.5192,0.84672,12.849,0.84672,3695.15,0,36.966,0.283898,0.402797,1.94601,1.70566,1.06004,2.71052,0.42336,36.966,0.42336,423.524,0,0.939133,0,0,1.34193,0.402797,1.028160,1,0,47.2297,0,0,0,47.2297,0
46.1232,3.17523,0,0,1.99699,0.0947675,0.36288,3.6288,46.1364,0.406465,0,0,0.347725,0.23211,0,0.66528,12.849,1,0.854256,0.36288,0,40.4006,4.76115,35.148,0.84672,12.849,0.84672,3695.15,0,36.966,0.323633,0.402797,1.94605,1.36364,1.11419,2.27467,0.42336,36.966,0.42336,423.524,0,0.959394,0,0,1.36219,0.402797,1.028160,1,0,37.4227,0,0,0,37.4227,0
44.2916,3.15158,0,0,1.78215,0.0992863,0.36288,3.6288,45.8206,0.411292,0,0,0.317216,0.221766,0,0.66528,12.849,1,0.877968,0.36288,0,36.3688,4.95306,30.9006,0.84672,12.849,0.84672,3695.15,0,36.966,0.329541,0.402797,2.06043,1.18854,1.06662,2.2556,0.42336,36.966,0.42336,423.524,0,0.948698,0,0,1.35149,0.402797,1.028160,1,0,33.1562,0,0,0,33.1562,0
42.3808,3.12349,0,0,1.67278,0.0972604,0.36288,3.6288,45.4251,0.472018,0,0,0.297633,0.221118,0,0.66528,12.849,1,0.906125,0.36288,0,34.3755,4.95306,28.8792,0.84672,12.849,0.84672,3695.15,0,36.966,0.380803,0.402797,2.06047,1.10011,1.06662,2.11596,0.42336,36.966,0.42336,423.524,0,0.836749,0,0,1.23955,0.402797,1.028160,1,0,30.9952,0,0,0,30.9952,0
40.3628,3.09219,0,0,1.5323,0.0951469,0.36288,3.6288,44.9956,0.481477,0,0,0.27225,0.220306,0,0.66528,12.849,1,0.937491,0.36288,0,30.8447,4.95306,25.317,0.84672,12.849,0.84672,3695.15,0,36.966,0.391816,0.30119,2.06051,1.05081,1.06662,1.95408,0.42336,36.966,0.42336,423.524,0,0.816316,0,0,1.11751,0.30119,1.028160,1,0,27.2711,0,0,0,27.2711,0
38.2793,3.05669,0,0,1.40067,0.0645999,0.36288,3.6288,44.5165,0.500567,0,0,0.265202,0.243744,0,0.66528,12.849,1,0.973059,0.36288,0,27.0413,5.30098,21.1301,0.84672,12.849,0.84672,3695.15,0,36.966,0.411239,0.30119,2.06055,1.00721,1.16383,1.79389,0.42336,36.966,0.42336,423.524,0,0.777842,0,0,1.07903,0.30119,1.028160,1,0,22.924,0,0,0,22.924,0
36.0232,2.99291,0,0,1.17164,0.0719756,0.36288,3.6288,43.9512,0.593923,0,0,0.281426,0.252765,0,0.66528,12.849,1,1.00461,0.36288,0,24.3546,5.52694,18.1859,0.84672,12.849,0.84672,3695.15,0,36.966,0.42336,0.30119,2.0606,1.03007,1.30728,1.66122,0.42336,36.966,0.42336,423.524,0,0.731972,0,0,1.03316,0.30119,1.028160,1,0,19.8471,0,0,0,19.8471,0
33.7655,2.94658,0,0,1.107,0.0552928,0.36288,3.6288,43.315,0.627245,0,0,0.268279,0.27724,0,0.66528,12.849,1,1.051,0.36288,0,23.0844,5.55859,16.8377,0.84672,12.849,0.84672,3695.15,0,36.966,0.42336,0.30119,2.10061,1.03039,1.40491,1.60391,0.42336,36.966,0.42336,423.524,0,0.698691,0,0,0.999881,0.30119,1.028160,1,0,18.4416,0,0,0,18.4416,0
31.5043,2.89572,0,0,1.05125,0.053797,0.36288,3.6288,42.6598,0.623647,0,0,0.24407,0.275574,0,0.66528,12.849,1,1.10193,0.36288,0,20.8915,5.55859,14.5939,0.84672,12.849,0.84672,3695.15,0,36.966,0.42336,0.261274,2.10065,1.00837,1.40491,1.54202,0.42336,36.966,0.42336,423.524,0,0.702328,0,0,0.963602,0.261274,1.028160,1,0,16.1359,0,0,0,16.1359,0
29.2236,2.83959,0,0,0.97403,0.0522989,0.36288,3.6288,41.9334,0.673601,0,0,0.220985,0.273858,0,0.66528,12.849,1,1.15812,0.36288,0,19.887,5.55859,13.5332,0.84672,12.849,0.84672,3695.15,0,36.966,0.42336,0.261274,2.1007,0.930274,1.40491,1.46397,0.42336,36.966,0.42336,423.524,0,0.652415,0,0,0.913689,0.261274,1.028160,1,0,14.9972,0,0,0,14.9972,0
27.0356,2.8348,0,0,1.05487,0.0451346,0.36288,3.6288,41.2072,0.713419,0,0,0.25384,0.266554,0,0.66528,12.849,1,1.2464,0.36288,0,21.2922,5.51764,14.891,0.84672,12.849,0.84672,3695.15,0,36.966,0.42336,0.261274,2.10074,0.978242,1.40495,1.51194,0.42336,36.966,0.42336,423.524,0,0.665729,0,0,0.927003,0.261274,1.028160,1,0,16.4029,0,0,0,16.4029,0
24.9349,2.76647,0,0,1.07025,0.0416211,0.36288,3.6288,40.5403,0.673587,0,0,0.269164,0.262545,0,0.66528,12.849,1,1.3148,0.36288,0,20.7455,5.50126,14.2923,0.84672,12.849,0.84672,3695.15,0,36.966,0.42336,0.261274,2.15744,1.01639,1.40497,1.60677,0.42336,36.966,0.42336,423.524,0,0.705603,0,0,0.966877,0.261274,1.028160,1,0,15.8991,0,0,0,15.8991,0
22.786,2.69341,0,0,0.947782,0.0404014,0.36288,3.6288,39.7918,0.740406,0,0,0.25276,0.260847,0,0.66528,12.849,1,1.38792,0.36288,0,19.546,5.50126,13.0197,0.84672,12.849,0.84672,3695.15,0,36.966,0.42336,0.261274,2.15748,1.00649,1.40497,1.59692,0.42336,36.966,0.42336,423.524,0,0.638824,0,0,0.900098,0.261274,1.028160,1,0,14.6166,0,0,0,14.6166,0
20.6351,2.60976,0,0,0.86095,0.0391817,0.36288,3.6288,39.014,0.764709,0,0,0.245912,0.258971,0,0.66528,12.849,1,1.47164,0.36288,0,18.3994,5.50126,11.7894,0.84672,12.849,0.84672,3695.15,0,36.966,0.42336,0.227405,2.15752,0.970569,1.40497,1.52717,0.42336,36.966,0.42336,423.524,0,0.614563,0,0,0.841968,0.227405,1.028160,1,0,13.3165,0,0,0,13.3165,0
18.3136,2.66583,0,0,0.740215,0.0330357,0.36288,3.6288,38.0218,0.977794,0,0,0.240084,0.25447,0,0.66528,12.849,1,1.65995,0.36288,0,17.2548,5.65083,10.3069,0.84672,12.849,0.84672,3695.15,0,36.966,0.42336,0.227405,2.15757,0.928206,1.39059,1.49923,0.42336,36.966,0.42336,423.524,0,0.593171,0,0,0.820575,0.227405,1.028160,1,0,11.8061,0,0,0,11.8061,0
16.1569,2.54221,0,0,0.798163,0.0498176,0.36288,3.6288,37.0187,1.00519,0,0,0.227195,0.225158,0,0.66528,12.849,1,1.78364,0.36288,0,16.1003,5.17839,9.50114,0.84672,12.849,0.84672,3695.15,0,36.966,0.42336,0.227405,2.35147,1.15754,1.24947,2.06358,0.42336,36.966,0.42336,423.524,0,0.565816,0,0,0.793221,0.227405,1.028160,1,0,11.5647,0,0,0,11.5647,0
14.1262,2.40963,0,0,0.790093,0.0482744,0.36288,3.6288,35.998,1.02887,0,0,0.231182,0.222995,0,0.66528,12.849,1,1.91629,0.36288,0,14.8953,5.17839,8.16347,0.84672,12.849,0.84672,3695.15,0,36.966,0.42336,0.227405,2.35151,0.919118,1.24947,1.8252,0.42336,36.966,0.42336,423.524,0,0.542186,0,0,0.769591,0.227405,1.028160,1,0,9.98867,0,0,0,9.98867,0
12.0462,2.26541,0,0,0.600953,0.0526754,0.36288,3.6288,34.909,1.06713,0,0,0.199094,0.220958,0,0.66528,12.849,1,2.06059,0.36288,0,14.4408,5.23389,7.50921,0.84672,12.849,0.84672,3695.15,0,36.966,0.42336,0.204422,2.35156,0.77972,1.23861,1.67374,0.42336,36.966,0.42336,423.524,0,0.503971,0,0,0.708394,0.204422,1.028160,1,0,9.18295,0,0,0,9.18295,0
10.207,2.09328,0,0,0.669785,0.0527757,0.36288,3.6288,33.8379,1.06743,0,0,0.215028,0.218672,0,0.66528,12.849,1,2.23279,0.36288,0,12.8106,5.25609,5.68462,0.84672,12.849,0.84672,3695.15,0,36.966,0.42336,0.204422,2.35161,0.797133,1.23426,1.69555,0.42336,36.966,0.42336,423.524,0,0.503712,0,0,0.708134,0.204422,1.028160,1,0,7.38016,0,0,0,7.38016,0
8.38881,1.86249,0,0,0.456328,0.0491703,0.36288,3.6288,32.7329,1.08093,0,0,0.170324,0.194412,0,0.66528,10.5158,1,2.34457,0.36288,0,8.53062,5.67672,3.20544,0.84672,10.5158,0.84672,3695.15,0,36.966,0.42336,0.204422,2.35166,0.696698,1.3021,1.52732,0.42336,36.966,0.42336,423.524,0,0.373921,0,0,0.578343,0.204422,1.028160,1,0,4.73276,0,0,0,4.73276,0
6.67141,1.67903,0,0,0.37121,0.0467004,0.36288,3.6288,31.2347,1.44629,0,0,0.140189,0.192118,0,0.66528,8.41975,1,2.10474,0.36288,0,7.83363,5.67672,3.20544,0.84672,8.41975,0.84672,3694.46,0,36.966,0.42336,0.204422,2.23951,0.629503,1.3021,1.34797,0.42336,36.966,0.42336,423.524,0,0.247152,0,0,0.451575,0.204422,1.028160,1,0,4.55341,0,0,0,4.55341,0
5.30012,1.54429,0,0,0.613312,0.0774361,0.36288,3.6288,29.9688,1.33597,0,0,0.212293,0.142163,0,0.66528,9.24022,1,1.94899,0.36288,0,11.1526,4.8462,3.20544,0.84672,9.24022,0.84672,3695.15,0,36.966,0.42336,0.216518,2.34452,0.83395,1.04251,1.92912,0.42336,36.966,0.42336,423.524,0,0.357466,0,0,0.573985,0.216518,1.028160,1,0,5.13456,0,0,0,5.13456,0
4.93405,1.27336,0,0,1.36804,0.0978641,0.36288,3.6288,29.0883,1.11263,0,0,0.337669,0.105543,0,0.66528,12.849,1,2.21998,0.36288,0,28.4981,4.22331,18.8089,0.84672,12.849,0.84672,3695.15,0,36.966,0.42336,0.216518,2.29008,1.78264,0.847818,3.01806,0.42336,36.966,0.42336,423.524,0,0.580814,0,0,0.797332,0.216518,1.028160,1,0,21.827,0,0,0,21.827,0
4.04397,1.26703,0,0,0.808998,0.0691656,0.36288,3.6288,28.0287,1.18104,0,0,0.254221,0.132824,0,0.66528,12.849,1,2.4192,0.36288,0,15.342,3.90879,9.37685,0.84672,12.849,0.84672,3695.15,0,36.966,0.42336,0.216518,2.29009,1.27594,0.77022,2.58897,0.42336,36.966,0.42336,423.524,0,0.512405,0,0,0.728923,0.216518,1.028160,1,0,11.9658,0,0,0,11.9658,0
3.96049,0.984031,0,0,1.34762,0.0841908,0.36288,3.6288,27.1324,1.03858,0,0,0.286894,0.144612,0,0.66528,12.849,1,2.4192,0.36288,0,23.8416,3.77025,18.015,0.84672,12.849,0.84672,3695.15,0,36.966,0.42336,0.216518,2.32624,1.90034,0.836034,3.1837,0.42336,36.966,0.42336,423.524,0,0.565324,0,0,0.781842,0.216518,1.028160,1,0,21.1987,0,0,0,21.1987,0
3.63621,0.984093,0,0,1.12144,0.0987505,0.36288,3.6288,25.9448,1.24829,0,0,0.200802,0.140151,0,0.66528,12.849,1,2.4192,0.36288,0,19.3699,3.80919,13.5044,0.84672,12.849,0.84672,3695.15,0,36.966,0.42336,0.216518,2.20403,1.58659,0.885639,2.69814,0.42336,36.966,0.42336,423.524,0,0.355646,0,0,0.572164,0.216518,1.028160,1,0,16.2026,0,0,0,16.2026,0
3.87967,0.984156,0,0,1.68807,0.0975657,0.36288,3.6288,25.7169,0.575814,0,0,0.486273,0.13828,0,0.66528,12.849,1,2.4192,0.36288,0,30.205,3.80919,24.3395,0.84672,12.849,0.84672,3695.15,0,36.966,0.42336,0.625553,2.20407,3.21718,0.885639,4.7378,0.42336,36.966,0.42336,423.524,0,1.02816,0,0,1.65371,0.625553,1.028160,1,0,29.0773,0,0,0,29.0773,0
6.96681,0.729868,0,0,4.28021,0.100323,0.36288,3.6288,26.2925,0.372209,0,0,1.0887,0.14094,0,0.66528,12.849,1,2.41723,0.36288,0,77.6074,3.75396,71.7991,0.84672,12.849,0.84672,3695.15,0,36.966,0.42336,1.66971,2.20411,4.87929,0.905892,7.42386,0.42336,36.966,0.42336,423.524,0,1.02816,0,0,2.69787,1.66971,1.028160,1,0,79.223,0,0,0,79.223,0
9.87242,1.10647,0,0,4.49136,0.116391,0.36288,3.6288,26.5241,0.378956,0,0,0.760021,0.149464,0,0.66528,12.849,1,2.04069,0.36288,0,63.6593,3.61588,58.3656,0.84672,12.849,0.84672,3695.15,0,36.966,0.42336,0.292723,1.99878,2.66764,0.956526,3.57926,0.42336,36.966,0.42336,423.524,0,1.02145,0,0,1.31417,0.292723,1.028160,1,0,61.9448,0,0,0,61.9448,0
11.4072,1.66515,0,0,3.6898,0.126957,0.36288,3.6288,26.8123,0.218898,0,0,0.657005,0.149857,0,0.66528,12.849,1,2.1672,0.36288,0,77.2692,3.61588,71.849,0.84672,12.849,0.84672,3695.15,0,36.966,0.305074,0.816601,1.99882,2.57394,0.956526,4.12776,0.42336,36.966,0.42336,423.524,0,1.02816,0,0,1.84476,0.816601,1.028160,1,0,75.9768,0,0,0,75.9768,0
11.5193,1.80231,0,0,2.40886,0.131592,0.36288,3.6288,26.4711,0.580713,0,0,0.389774,0.150346,0,0.66528,12.849,1,2.0301,0.36288,0,43.8464,3.61588,38.5633,0.84672,12.849,0.84672,3695.15,0,36.966,0.42336,0.412474,1.91736,2.16433,0.956526,3.11427,0.42336,36.966,0.42336,423.524,0,0.548096,0,0,0.960569,0.412474,1.028160,1,0,41.6776,0,0,0,41.6776,0
12.1145,1.81168,0,0,2.91238,0.142645,0.36288,3.6288,26.2862,0.434042,0,0,0.414568,0.165385,0,0.66528,12.849,1,2.0208,0.36288,0,44.4982,4.07303,38.7673,0.84672,12.849,0.84672,3695.15,0,36.966,0.42336,0.412474,1.9174,2.90237,1.09913,3.70975,0.42336,36.966,0.42336,423.524,0,0.694803,0,0,1.10728,0.412474,1.028160,1,0,42.4771,0,0,0,42.4771,0
12.4777,1.85986,0,0,2.72453,0.138574,0.36288,3.6288,26.3856,0.217781,0,0,0.498245,0.181082,0,0.66528,12.849,1,1.97262,0.36288,0,70.0102,5.12679,63.2736,0.84672,12.849,0.84672,3695.15,0,36.966,0.306263,0.415549,1.91744,2.75257,1.42593,3.35337,0.42336,36.966,0.42336,423.524,0,1.02816,0,0,1.44371,0.415549,1.028160,1,0,66.627,0,0,0,66.627,0
15.136,1.94079,0,0,5.09933,0.137326,0.36288,3.6288,26.5361,0.244878,0,0,0.577409,0.182012,0,0.66528,12.849,1,1.99854,0.36288,0,61.3594,5.24527,54.4784,0.84672,12.849,0.84672,3695.15,0,36.966,0.343073,0.768589,1.91744,3.33755,1.46257,4.21794,0.42336,36.966,0.42336,423.524,0,1.02816,0,0,1.79675,0.768589,1.028160,1,0,58.6964,0,0,0,58.6964,0
15.2512,2.13065,0,0,2.75418,0.145451,0.36288,3.6288,26.6395,0.2457,0,0,0.531407,0.182323,0,0.66528,12.849,1,1.80871,0.36288,0,57.6221,5.24527,50.931,0.84672,12.849,0.84672,3695.15,0,36.966,0.342271,0.652726,1.98684,2.68408,1.46257,3.51881,0.42336,36.966,0.42336,423.524,0,1.02816,0,0,1.68089,0.652726,1.028160,1,0,54.4498,0,0,0,54.4498,0
14.9704,2.13808,0,0,2.39979,0.179673,0.36288,3.6288,26.8162,0.246265,0,0,0.584289,0.161301,0,0.66528,12.849,1,1.80131,0.36288,0,44.867,3.65022,39.7783,0.84672,12.849,0.84672,3695.15,0,36.966,0.341727,0.857969,1.98686,2.8048,0.971116,4.33679,0.42336,36.966,0.42336,423.524,0,1.02816,0,0,1.88613,0.857969,1.028160,1,0,44.1151,0,0,0,44.1151,0
14.8104,2.11992,0,0,2.49963,0.176856,0.36288,3.6288,26.852,0.24722,0,0,0.44962,0.166596,0,0.66528,12.849,1,1.81951,0.36288,0,49.1044,3.90856,43.7392,0.84672,12.849,0.84672,3695.15,0,36.966,0.340792,0.576141,1.98688,2.52314,1.02403,3.72134,0.42336,36.966,0.42336,423.524,0,1.02816,0,0,1.6043,0.576141,1.028160,1,0,47.4606,0,0,0,47.4606,0
15.8873,2.29305,0,0,3.90679,0.173921,0.36288,3.6288,26.8314,0.40448,0,0,0.557123,0.173295,0,0.66528,12.849,1,1.98937,0.36288,0,65.853,4.25302,59.9734,0.84672,12.849,0.84672,3695.15,0,36.966,0.42336,0.944266,1.9869,3.01486,1.09458,4.4281,0.42336,36.966,0.42336,423.524,0,1.02816,0,0,1.97243,0.944266,1.028160,1,0,64.4015,0,0,0,64.4015,0
16.04,2.36762,0,0,3.06101,0.177884,0.36288,3.6288,26.6564,0.404502,0,0,0.402786,0.173255,0,0.66528,12.849,1,1.91483,0.36288,0,53.189,4.25302,47.384,0.84672,12.849,0.84672,3695.15,0,36.966,0.42336,0.689126,2.23647,2.26257,1.09458,3.67023,0.42336,36.966,0.42336,423.524,0,1.02816,0,0,1.71729,0.689126,1.028160,1,0,51.0542,0,0,0,51.0542,0
15.3263,2.37776,0,0,2.20546,0.178446,0.36288,3.6288,25.8016,0.914561,0,0,0.232732,0.172913,0,0.66528,12.849,1,1.90473,0.36288,0,38.3065,4.25302,32.5116,0.84672,12.849,0.84672,3695.15,0,36.966,0.42336,0.608429,2.23649,1.84802,1.09458,3.175,0.42336,36.966,0.42336,423.524,0,0.518124,0,0,1.12655,0.608429,1.028160,1,0,35.6866,0,0,0,35.6866,0
15.1902,2.32954,0,0,2.71128,0.154986,0.36288,3.6288,25.7286,0.404547,0,0,0.513925,0.182437,0,0.66528,12.849,1,1.95299,0.36288,0,48.815,4.23032,42.9945,0.84672,12.849,0.84672,3695.15,0,36.966,0.42336,0.879863,2.23652,3.05616,1.12043,4.62875,0.42336,36.966,0.42336,423.524,0,1.02816,0,0,1.90802,0.879863,1.028160,1,0,47.6233,0,0,0,47.6233,0
16.637,2.05506,0,0,4.03228,0.16754,0.36288,3.6288,25.9628,0.244547,0,0,0.659757,0.181002,0,0.66528,12.849,1,1.73833,0.36288,0,78.4618,4.05583,73.0305,0.84672,12.849,0.84672,3695.15,0,36.966,0.351357,0.608429,2.23654,4.7545,1.00122,6.24689,0.42336,36.966,0.42336,423.524,0,0.938347,0,0,1.54678,0.608429,1.028160,1,0,79.2774,0,0,0,79.2774,0
18.4725,2.14038,0,0,4.51096,0.172198,0.36288,3.6288,26.1309,0.335471,0,0,0.68505,0.181487,0,0.66528,12.849,1,1.65305,0.36288,0,78.7424,4.05583,73.3964,0.84672,12.849,0.84672,3695.15,0,36.966,0.42336,0.608429,1.89624,4.45654,1.00122,5.53663,0.42336,36.966,0.42336,423.524,0,0.77544,0,0,1.38387,0.608429,1.028160,1,0,78.933,0,0,0,78.933,0
20.8918,2.23727,0,0,5.18581,0.166345,0.36288,3.6288,26.7339,0.209608,0,0,0.987511,0.174868,0,0.66528,12.849,1,1.55619,0.36288,0,83.3855,4.08324,78.109,0.84672,12.849,0.84672,3695.15,0,36.966,0.296522,0.947048,1.89627,6.53998,0.949787,8.13698,0.42336,36.966,0.42336,423.524,0,1.02816,0,0,1.97521,0.947048,1.028160,1,0,86.2459,0,0,0,86.2459,0
24.0199,2.34887,0,0,5.99742,0.157632,0.36288,3.6288,27.5807,0.212424,0,0,1.22594,0.166716,0,0.66528,12.849,1,1.44462,0.36288,0,100.663,4.11978,95.4614,0.84672,12.849,0.84672,3695.15,0,36.966,0.293726,4.00543,1.89629,6.61178,0.88121,11.3386,0.42336,36.966,0.42336,423.524,0,1.02816,0,0,5.03359,4.00543,1.028160,1,0,106.8,0,0,0,106.8,0
28.5015,2.47146,0,0,7.46577,0.14976,0.36288,3.6288,28.4519,0.216285,0,0,1.23919,0.151694,0,0.66528,12.849,1,1.32206,0.36288,0,169.585,4.50923,164.117,0.84672,12.849,0.84672,3695.15,0,36.966,0.289884,1.87299,1.89631,6.20084,0.925959,8.75429,0.42336,36.966,0.42336,423.524,0,1.02816,0,0,2.90115,1.87299,1.028160,1,0,172.871,0,0,0,172.871,0
30.856,2.69965,0,0,5.57648,0.159535,0.36288,3.6288,28.9991,0.254399,0,0,0.954784,0.153195,0,0.66528,12.849,1,1.21705,0.36288,0,113.194,4.50923,107.831,0.84672,12.849,0.84672,3695.15,0,36.966,0.330526,1.391,1.89633,4.84372,0.925959,6.87456,0.42336,36.966,0.42336,423.524,0,1.02816,0,0,2.41916,1.391,1.028160,1,0,114.706,0,0,0,114.706,0
32.3835,2.76523,0,0,4.82036,0.164669,0.36288,3.6288,29.4587,0.25715,0,0,0.870886,0.154146,0,0.66528,12.849,1,1.1515,0.36288,0,98.0122,4.50923,92.7143,0.84672,12.849,0.84672,3695.15,0,36.966,0.327796,1.31234,1.98026,4.30635,0.925959,6.34519,0.42336,36.966,0.42336,423.524,0,1.02816,0,0,2.3405,1.31234,1.028160,1,0,99.0595,0,0,0,99.0595,0
34.0183,2.80415,0,0,4.95294,0.151193,0.36288,3.6288,29.8911,0.259427,0,0,0.836024,0.144183,0,0.66528,12.849,1,1.11262,0.36288,0,88.433,3.95849,83.7248,0.84672,12.849,0.84672,3695.15,0,36.966,0.325539,1.09292,1.98028,4.56726,0.917948,6.39697,0.42336,36.966,0.42336,423.524,0,1.02816,0,0,2.12108,1.09292,1.028160,1,0,90.1217,0,0,0,90.1217,0
35.2198,2.84298,0,0,4.53017,0.12279,0.36288,3.6288,30.0721,0.261541,0,0,0.598887,0.156403,0,0.66528,12.849,1,1.07382,0.36288,0,87.8126,4.18368,82.918,0.84672,12.849,0.84672,3695.15,0,36.966,0.323445,0.879846,1.9803,3.53985,0.993256,5.0833,0.42336,36.966,0.42336,423.524,0,1.02816,0,0,1.90801,0.879846,1.028160,1,0,88.0013,0,0,0,88.0013,0
35.6777,2.83457,0,0,3.77237,0.117006,0.36288,3.6288,30.14,0.248705,0,0,0.48122,0.164588,0,0.66528,12.849,1,1.03412,0.36288,0,73.5117,4.43898,68.4015,0.84672,12.849,0.84672,3695.15,0,36.966,0.305719,0.685705,1.98032,3.05903,1.02578,4.39356,0.42336,36.966,0.42336,423.524,0,1.02816,0,0,1.71386,0.685705,1.028160,1,0,72.7951,0,0,0,72.7951,0
35.7049,2.84435,0,0,3.35213,0.117654,0.36288,3.6288,30.2482,0.249023,0,0,0.52193,0.164713,0,0.66528,12.849,1,1.02437,0.36288,0,68.2776,4.43898,63.1771,0.84672,12.849,0.84672,3695.15,0,36.966,0.305421,0.800254,1.9477,3.13852,1.02578,4.55526,0.42336,36.966,0.42336,423.524,0,1.02816,0,0,1.82841,0.800254,1.028160,1,0,67.7324,0,0,0,67.7324,0
35.8805,2.84495,0,0,3.50109,0.117692,0.36288,3.6288,30.2808,0.249523,0,0,0.447073,0.164911,0,0.66528,12.849,1,1.0238,0.36288,0,67.7186,4.43898,62.6187,0.84672,12.849,0.84672,3695.15,0,36.966,0.30494,0.489966,1.94772,3.68264,1.02578,4.7896,0.42336,36.966,0.42336,423.524,0,1.02816,0,0,1.51813,0.489966,1.028160,1,0,67.4083,0,0,0,67.4083,0
35.9837,2.84866,0,0,3.40382,0.0890674,0.36288,3.6288,30.2858,0.24968,0,0,0.429759,0.17508,0,0.66528,12.849,1,1.02012,0.36288,0,64.0176,5.57193,57.7885,0.84672,12.849,0.84672,3695.15,0,36.966,0.304803,0.548666,1.94774,3.17741,1.10012,4.26889,0.42336,36.966,0.42336,423.524,0,1.02816,0,0,1.57683,0.548666,1.028160,1,0,62.0574,0,0,0,62.0574,0
35.5646,2.97128,0,0,2.99139,0.076384,0.36288,3.6288,30.182,0.311004,0,0,0.375828,0.168615,0,0.66528,12.849,1,1.06098,0.36288,0,45.7522,5.12935,39.9247,0.84672,12.849,0.84672,3695.15,0,36.966,0.379603,0.402797,1.94776,2.33842,1.15685,3.15252,0.42336,36.966,0.42336,423.524,0,1.00051,0,0,1.40331,0.402797,1.028160,1,0,43.0772,0,0,0,43.0772,0
34.7789,2.96212,0,0,2.61039,0.0709971,0.36288,3.6288,29.9994,0.35994,0,0,0.349318,0.172025,0,0.66528,12.849,1,1.07018,0.36288,0,40.893,5.1829,35.0028,0.84672,12.849,0.84672,3695.15,0,36.966,0.42336,0.402797,2.0622,2.26172,1.17053,3.13282,0.42336,36.966,0.42336,423.524,0,0.907839,0,0,1.31064,0.402797,1.028160,1,0,38.1357,0,0,0,38.1357,0
33.8893,2.9445,0,0,2.45836,0.0405908,0.36288,3.6288,29.8089,0.332019,0,0,0.334769,0.193258,0,0.66528,12.849,1,1.08784,0.36288,0,36.6695,5.50421,30.4404,0.84672,12.849,0.84672,3695.15,0,36.966,0.409122,0.30119,2.06223,2.13905,1.25263,2.84072,0.42336,36.966,0.42336,423.524,0,0.95002,0,0,1.25121,0.30119,1.028160,1,0,33.2811,0,0,0,33.2811,0
32.8883,2.92382,0,0,2.32576,0.0401515,0.36288,3.6288,29.5207,0.412997,0,0,0.317696,0.192847,0,0.66528,12.849,1,1.10855,0.36288,0,36.7881,5.50421,30.5382,0.84672,12.849,0.84672,3695.15,0,36.966,0.42336,0.30119,2.06225,2.27677,1.25263,2.96423,0.42336,36.966,0.42336,423.524,0,0.854824,0,0,1.15601,0.30119,1.028160,1,0,33.5024,0,0,0,33.5024,0
31.3989,2.89958,0,0,1.82659,0.0535001,0.36288,3.6288,29.2793,0.376479,0,0,0.331702,0.196626,0,0.66528,12.849,1,1.13283,0.36288,0,38.2698,5.54327,31.9566,0.84672,12.849,0.84672,3695.15,0,36.966,0.42336,0.30119,2.06227,1.60086,1.29569,2.24527,0.42336,36.966,0.42336,423.524,0,0.891363,0,0,1.19255,0.30119,1.028160,1,0,34.2019,0,0,0,34.2019,0
29.8979,2.83853,0,0,1.75296,0.0525081,0.36288,3.6288,29.0429,0.377015,0,0,0.336684,0.196093,0,0.66528,12.849,1,1.16158,0.36288,0,36.0057,5.54327,29.6638,0.84672,12.849,0.84672,3695.15,0,36.966,0.42336,0.30119,2.0623,1.68652,1.29569,2.33096,0.42336,36.966,0.42336,423.524,0,0.950461,0,0,1.25165,0.30119,1.028160,1,0,31.9947,0,0,0,31.9947,0
28.4117,2.79777,0,0,1.72593,0.0514794,0.36288,3.6288,28.8446,0.325084,0,0,0.322331,0.195572,0,0.66528,12.849,1,1.20238,0.36288,0,33.895,5.54327,27.5122,0.84672,12.849,0.84672,3695.15,0,36.966,0.413769,0.261274,2.10232,1.75973,1.29569,2.41386,0.42336,36.966,0.42336,423.524,0,1.012,0,0,1.27328,0.261274,1.028160,1,0,29.9261,0,0,0,29.9261,0
26.8984,2.75449,0,0,1.64239,0.0383149,0.36288,3.6288,28.5781,0.36256,0,0,0.314634,0.218514,0,0.66528,12.849,1,1.2457,0.36288,0,32.1356,5.9776,25.2752,0.84672,12.849,0.84672,3695.15,0,36.966,0.42336,0.261274,2.10234,1.69123,1.44269,2.1888,0.42336,36.966,0.42336,423.524,0,0.964958,0,0,1.22623,0.261274,1.028160,1,0,27.464,0,0,0,27.464,0
25.2531,2.70708,0,0,1.45804,0.0334336,0.36288,3.6288,28.3521,0.315124,0,0,0.315892,0.226816,0,0.66528,12.849,1,1.29314,0.36288,0,29.4568,5.87052,22.656,0.84672,12.849,0.84672,3695.15,0,36.966,0.407615,0.272799,2.10236,1.63915,1.49734,2.10937,0.42336,36.966,0.42336,423.524,0,1.02816,0,0,1.30096,0.272799,1.028160,1,0,24.7654,0,0,0,24.7654,0
23.6198,2.70659,0,0,1.47229,0.0360926,0.36288,3.6288,28.1041,0.352531,0,0,0.32617,0.221613,0,0.66528,12.849,1,1.37714,0.36288,0,27.6222,5.42724,21.1807,0.84672,12.849,0.84672,3695.15,0,36.966,0.42336,0.424284,2.10239,1.60152,1.41163,2.29321,0.42336,36.966,0.42336,423.524,0,1.02816,0,0,1.45244,0.424284,1.028160,1,0,23.4739,0,0,0,23.4739,0
21.8805,2.64494,0,0,1.30382,0.0352493,0.36288,3.6288,27.8369,0.352553,0,0,0.306294,0.220988,0,0.66528,12.849,1,1.43883,0.36288,0,26.0251,5.42724,19.522,0.84672,12.849,0.84672,3695.15,0,36.966,0.42336,0.323957,2.1591,1.58594,1.41163,2.23401,0.42336,36.966,0.42336,423.524,0,1.02816,0,0,1.35212,0.323957,1.028160,1,0,21.756,0,0,0,21.756,0
20.0947,2.57291,0,0,1.18437,0.0344218,0.36288,3.6288,27.562,0.352575,0,0,0.297994,0.22032,0,0.66528,12.849,1,1.5109,0.36288,0,24.4985,5.42724,17.9232,0.84672,12.849,0.84672,3695.15,0,36.966,0.42336,0.236632,2.15913,1.52932,1.41163,2.09009,0.42336,36.966,0.42336,423.524,0,1.02816,0,0,1.26479,0.236632,1.028160,1,0,20.0133,0,0,0,20.0133,0
18.2039,2.49103,0,0,0.987267,0.024189,0.36288,3.6288,27.2181,0.4107,0,0,0.290071,0.223291,0,0.66528,12.849,1,1.59282,0.36288,0,22.573,5.64246,15.7006,0.84672,12.849,0.84672,3695.15,0,36.966,0.42336,0.227405,2.15915,1.4531,1.42608,1.99022,0.42336,36.966,0.42336,423.524,0,0.970056,0,0,1.19746,0.227405,1.028160,1,0,17.6909,0,0,0,17.6909,0
16.0507,2.53737,0,0,0.778827,0.0317712,0.36288,3.6288,26.2708,0.978349,0,0,0.242427,0.211345,0,0.66528,12.849,1,1.79098,0.36288,0,16.0252,5.11864,9.47847,0.84672,12.849,0.84672,3695.15,0,36.966,0.42336,0.227405,2.15917,1.13779,1.40587,1.69515,0.42336,36.966,0.42336,423.524,0,0.594207,0,0,0.821612,0.227405,1.028160,1,0,11.1736,0,0,0,11.1736,0
14.066,2.40396,0,0,0.812903,0.0307678,0.36288,3.6288,25.3969,0.907646,0,0,0.24281,0.209096,0,0.66528,12.849,1,1.92443,0.36288,0,15.9929,5.11864,9.3127,0.84672,12.849,0.84672,3695.15,0,36.966,0.42336,0.227405,2.35318,1.27638,1.40587,2.02774,0.42336,36.966,0.42336,423.524,0,0.664934,0,0,0.892339,0.227405,1.028160,1,0,11.3404,0,0,0,11.3404,0
12.354,2.26207,0,0,0.942503,0.0295089,0.36288,3.6288,24.5289,0.914815,0,0,0.253836,0.207021,0,0.66528,12.849,1,2.06636,0.36288,0,15.2596,5.11864,8.4375,0.84672,12.849,0.84672,3695.15,0,36.966,0.42336,0.204422,2.3532,1.59252,1.40587,2.32092,0.42336,36.966,0.42336,423.524,0,0.657789,0,0,0.862212,0.204422,1.028160,1,0,10.7584,0,0,0,10.7584,0
10.5317,2.12173,0,0,0.69438,0.0321271,0.36288,3.6288,23.594,0.949442,0,0,0.219628,0.205047,0,0.66528,12.849,1,2.20674,0.36288,0,14.8379,5.15195,7.8421,0.84672,12.849,0.84672,3695.15,0,36.966,0.42336,0.204422,2.35323,1.08767,1.39934,1.82262,0.42336,36.966,0.42336,423.524,0,0.623186,0,0,0.827608,0.204422,1.028160,1,0,9.66472,0,0,0,9.66472,0
9.0393,1.94975,0,0,0.831341,0.0110809,0.36288,3.6288,22.6726,1.00913,0,0,0.286479,0.19877,0,0.66528,12.849,1,2.37876,0.36288,0,16.5772,5.16259,9.39875,0.84672,12.849,0.84672,3695.15,0,36.966,0.42336,0.204422,2.35325,1.32913,1.36145,2.102,0.42336,36.966,0.42336,423.524,0,0.563518,0,0,0.76794,0.204422,1.028160,1,0,11.5008,0,0,0,11.5008,0
7.81489,1.56353,0,0,0.708731,0.00672785,0.36288,3.6288,21.4877,1.24609,0,0,0.257114,0.195937,0,0.66528,12.849,1,2.2225,0.36288,0,15.6475,5.15697,8.63088,0.84672,12.849,0.84672,3695.15,0,36.966,0.42336,0.204422,2.35328,1.26019,1.35658,2.03796,0.42336,36.966,0.42336,423.524,0,0.447353,0,0,0.651776,0.204422,1.028160,1,0,10.6688,0,0,0,10.6688,0
7.15029,1.43186,0,0,1.17095,0.0408161,0.36288,3.6288,20.6444,1.0815,0,0,0.389354,0.151107,0,0.66528,12.849,1,2.35421,0.36288,0,22.2771,4.32645,15.9593,0.84672,12.849,0.84672,3695.15,0,36.966,0.42336,0.216518,2.34494,1.66947,1.09699,2.71058,0.42336,36.966,0.42336,423.524,0,0.611937,0,0,0.828455,0.216518,1.028160,1,0,18.6699,0,0,0,18.6699,0
7.96728,1.3669,0,0,2.61198,0.065217,0.36288,3.6288,20.3862,0.759128,0,0,0.619291,0.118376,0,0.66528,12.849,1,2.4192,0.36288,0,56.9246,3.70356,51.1647,0.84672,12.849,0.84672,3695.15,0,36.966,0.42336,0.216518,2.34495,3.56861,0.902294,4.80443,0.42336,36.966,0.42336,423.524,0,0.934312,0,0,1.15083,0.216518,1.028160,1,0,55.9691,0,0,0,55.9691,0
7.35873,1.33784,0,0,1.14876,0.056585,0.36288,3.6288,19.5306,1.0763,0,0,0.358299,0.137636,0,0.66528,12.849,1,2.15757,0.36288,0,25.5891,3.75832,20.0361,0.84672,12.849,0.84672,3695.15,0,36.966,0.42336,0.216518,2.34496,1.72954,0.85588,3.01178,0.42336,36.966,0.42336,423.524,0,0.617145,0,0,0.833663,0.216518,1.028160,1,0,23.0479,0,0,0,23.0479,0
6.92867,1.34314,0,0,1.34291,0.0669471,0.36288,3.6288,18.6887,1.06515,0,0,0.381175,0.157846,0,0.66528,12.849,1,2.34524,0.36288,0,28.0476,3.88975,22.1755,0.84672,12.849,0.84672,3695.15,0,36.966,0.42336,0.216518,2.29048,2.74866,0.868401,3.9639,0.42336,36.966,0.42336,423.524,0,0.628292,0,0,0.844811,0.216518,1.028160,1,0,26.1394,0,0,0,26.1394,0
6.60107,1.29215,0,0,1.42621,0.0987765,0.36288,3.6288,17.5362,1.27294,0,0,0.271042,0.150594,0,0.66528,12.849,1,2.39626,0.36288,0,30.4392,3.96763,24.4381,0.84672,12.849,0.84672,3695.15,0,36.966,0.42336,0.216518,2.32664,2.39828,0.967611,3.55047,0.42336,36.966,0.42336,423.524,0,0.420499,0,0,0.637018,0.216518,1.028160,1,0,27.9886,0,0,0,27.9886,0
6.53591,1.26925,0,0,1.66472,0.0977642,0.36288,3.6288,17.2543,0.66528,0,0,0.531515,0.148183,0,0.66528,12.849,1,2.4192,0.36288,0,35.4312,3.96763,29.4072,0.84672,12.849,0.84672,3695.15,0,36.966,0.42336,0.44511,2.32665,3.80779,0.967611,5.18858,0.42336,36.966,0.42336,423.524,0,1.02816,0,0,1.47327,0.44511,1.028160,1,0,34.5958,0,0,0,34.5958,0
9.34322,1.26928,0,0,4.53826,0.0987757,0.36288,3.6288,17.6405,0.66528,0,0,1.20098,0.14949,0,0.66528,12.849,1,2.4192,0.36288,0,103.787,4.10294,97.6275,0.84672,12.849,0.84672,3695.15,0,36.966,0.42336,1.81654,2.32665,6.83681,1.00613,9.55053,0.42336,36.966,0.42336,423.524,0,1.02816,0,0,2.8447,1.81654,1.028160,1,0,107.178,0,0,0,107.178,0
12.1719,1.3257,0,0,4.63271,0.115482,0.36288,3.6288,17.7449,0.373206,0,0,0.639369,0.161756,0,0.66528,12.849,1,1.82313,0.36288,0,69.5321,4.91474,63.1571,0.84672,12.849,0.84672,3695.15,0,36.966,0.42336,0.851887,2.32666,3.77259,1.23722,5.29056,0.42336,36.966,0.42336,423.524,0,1.02816,0,0,1.88005,0.851887,1.028160,1,0,68.4477,0,0,0,68.4477,0
14.6272,1.65923,0,0,4.60109,0.123659,0.36288,3.6288,17.999,0.524999,0,0,0.941103,0.161994,0,0.66528,12.849,1,1.75153,0.36288,0,79.3863,4.91474,73.0829,0.84672,12.849,0.84672,3695.15,0,36.966,0.42336,1.81696,1.99987,7.00115,1.23722,9.1574,0.42336,36.966,0.42336,423.524,0,1.02816,0,0,2.84512,1.81696,1.028160,1,0,82.2403,0,0,0,82.2403,0
15.3337,1.81577,0,0,3.01012,0.124923,0.36288,3.6288,17.6769,0.583312,0,0,0.401155,0.139992,0,0.66528,12.849,1,1.59503,0.36288,0,47.1374,4.28983,41.6154,0.84672,12.849,0.84672,3695.15,0,36.966,0.42336,0.412474,2.16624,2.9155,1.05751,4.01334,0.42336,36.966,0.42336,423.524,0,0.969866,0,0,1.38234,0.412474,1.028160,1,0,45.6288,0,0,0,45.6288,0
15.2793,2.08612,0,0,2.51719,0.12258,0.36288,3.6288,17.6874,0.377752,0,0,0.510792,0.1225,0,0.66528,12.849,1,1.74807,0.36288,0,50.8262,3.82116,45.6198,0.84672,12.849,0.84672,3695.15,0,36.966,0.42336,0.412474,2.16626,3.186,0.922726,4.41864,0.42336,36.966,0.42336,423.524,0,0.752086,0,0,1.16456,0.412474,1.028160,1,0,50.0385,0,0,0,50.0385,0
15.4516,2.08275,0,0,2.75746,0.139584,0.36288,3.6288,17.8827,0.169924,0,0,0.507332,0.142121,0,0.66528,12.849,1,1.75147,0.36288,0,41.2982,4.73376,35.1758,0.84672,12.849,0.84672,3695.15,0,36.966,0.355134,0.435819,1.91853,4.56609,1.21678,5.34852,0.42336,36.966,0.42336,423.524,0,1.02816,0,0,1.46398,0.435819,1.028160,1,0,40.5243,0,0,0,40.5243,0
15.044,2.15176,0,0,2.25407,0.14697,0.36288,3.6288,18.2492,0.192029,0,0,0.70885,0.150374,0,0.66528,12.849,1,1.78933,0.36288,0,43.3743,5.0988,36.849,0.84672,12.849,0.84672,3695.15,0,36.966,0.39695,0.715314,1.91855,3.03188,1.33441,3.93439,0.42336,36.966,0.42336,423.524,0,1.02816,0,0,1.74347,0.715314,1.028160,1,0,40.7834,0,0,0,40.7834,0
16.6049,2.12562,0,0,4.19503,0.14572,0.36288,3.6288,18.7289,0.194664,0,0,0.825516,0.151148,0,0.66528,12.849,1,1.81548,0.36288,0,39.0848,5.0988,32.5334,0.84672,12.849,0.84672,3695.15,0,36.966,0.394317,1.04104,1.98796,8.80918,1.33441,10.1095,0.42336,36.966,0.42336,423.524,0,1.02816,0,0,2.0692,1.04104,1.028160,1,0,42.6428,0,0,0,42.6428,0
28.0798,2.22183,0,0,14.2098,0.150161,0.36288,3.6288,19.9227,0.198062,0,0,1.54406,0.152162,0,0.66528,12.849,1,1.71927,0.36288,0,119.642,5.0988,113.186,0.84672,12.849,0.84672,3695.15,0,36.966,0.390923,3.22555,1.98797,7.42717,1.33441,10.9154,0.42336,36.966,0.42336,423.524,0,1.02816,0,0,4.25371,3.22555,1.028160,1,0,124.102,0,0,0,124.102,0
33.9282,2.70386,0,0,9.10286,0.187656,0.36288,3.6288,20.9709,0.206266,0,0,1.40589,0.15138,0,0.66528,12.849,1,1.23726,0.36288,0,146.53,4.64991,141.006,0.84672,12.849,0.84672,3695.15,0,36.966,0.382721,2.92044,1.98797,5.20676,1.22921,8.50325,0.42336,36.966,0.42336,423.524,0,1.02816,0,0,3.9486,2.92044,1.028160,1,0,149.509,0,0,0,149.509,0
34.5412,3.10742,0,0,4.30593,0.222619,0.36288,3.6288,21.0216,0.40555,0,0,0.613957,0.157791,0,0.66528,12.849,1,1.17681,0.36288,0,36.9971,4.53474,31.6484,0.84672,12.849,0.84672,3695.15,0,36.966,0.42336,1.30442,1.98797,2.8964,1.2373,4.52813,0.42336,36.966,0.42336,423.524,0,1.02816,0,0,2.33258,1.30442,1.028160,1,0,36.1765,0,0,0,36.1765,0
38.0798,3.12264,0,0,7.24837,0.224297,0.36288,3.6288,21.2871,0.405553,0,0,0.82902,0.157899,0,0.66528,12.849,1,1.16159,0.36288,0,76.8507,4.53474,71.5173,0.84672,12.849,0.84672,3695.15,0,36.966,0.42336,1.81772,2.23764,7.93375,1.2373,10.3284,0.42336,36.966,0.42336,423.524,0,1.02816,0,0,2.84588,1.81772,1.028160,1,0,81.8457,0,0,0,81.8457,0
41.5412,3.20335,0,0,7.2614,0.233736,0.36288,3.6288,21.6578,0.405557,0,0,0.907687,0.131501,0,0.66528,12.849,1,1.08089,0.36288,0,106.706,4.20556,101.782,0.84672,12.849,0.84672,3695.15,0,36.966,0.42336,2.25187,2.23764,5.00173,1.07845,7.98943,0.42336,36.966,0.42336,423.524,0,1.02816,0,0,3.28003,2.25187,1.028160,1,0,109.772,0,0,0,109.772,0
49.0373,3.27215,0,0,11.3858,0.254696,0.36288,3.6288,22.9217,0.40556,0,0,1.7863,0.116749,0,0.66528,12.849,1,1.0121,0.36288,0,135.555,3.89441,131.011,0.84672,12.849,0.84672,3695.15,0,36.966,0.42336,5.90627,2.23764,8.38364,0.944272,15.1599,0.42336,36.966,0.42336,423.524,0,1.02816,0,0,6.93443,5.90627,1.028160,1,0,146.171,0,0,0,146.171,0
60.7574,3.00696,0,0,15.398,0.308077,0.36288,3.6288,25.6397,0.194031,0,0,3.01904,0.107034,0,0.66528,12.849,1,0.787899,0.36288,0,212.655,3.44568,208.785,0.84672,12.849,0.84672,3695.15,0,36.966,0.312914,9.23659,2.23765,13.9818,0.767666,24.3755,0.42336,36.966,0.42336,423.524,0,1.02816,0,0,10.2648,9.23659,1.028160,1,0,233.16,0,0,0,233.16,0
72.29,2.78296,0,0,15.3452,0.346485,0.683211,3.6288,27.3631,0.506947,0,0,2.34077,0.110468,0,0.66528,12.849,1,0.588542,0.683211,0,230.072,3.44568,226.721,0.84672,12.849,0.84672,3695.15,0,36.966,0.42336,7.10217,1.89718,12.0884,0.767666,19.8967,0.42336,36.966,0.42336,423.524,0,1.02816,0,0,8.13033,7.10217,1.028160,1,0,246.618,0,0,0,246.618,0
72.29,3.22215,0,0,10.8314,0.330955,7.27825,3.6288,28.6166,0.215637,0,0,1.60407,0.13491,0,0.66528,12.849,1,0.572713,7.27825,0,149.993,3.82116,152.877,0.84672,12.849,0.84672,3695.15,0,36.966,0.291313,4.42975,2.14493,8.99901,0.898059,14.3843,0.42336,36.966,0.42336,423.524,0,1.02816,0,0,5.45791,4.42975,1.028160,1,0,167.262,0,0,0,167.262,0
72.29,2.86269,0,0,10.129,0.263314,7.00301,3.6288,29.7018,0.506952,0,0,1.7407,0.148532,0,0.66528,12.849,1,0.508821,7.00301,0,143.53,4.41525,145.609,0.84672,12.849,0.84672,3695.15,0,36.966,0.42336,3.6693,1.89718,7.83774,1.05654,11.9243,0.42336,36.966,0.42336,423.524,0,1.02816,0,0,4.69746,3.6693,1.028160,1,0,157.534,0,0,0,157.534,0
72.29,2.64287,0,0,9.82938,0.307361,6.87915,3.6288,30.8406,0.356565,0,0,1.62965,0.134285,0,0.66528,12.849,1,0.46975,6.87915,0,91.2479,3.56682,94.0905,0.84672,12.849,0.84672,3695.15,0,36.966,0.42336,2.93559,2.14494,7.17056,0.836041,10.9917,0.42336,36.966,0.42336,423.524,0,1.02816,0,0,3.96375,2.93559,1.028160,1,0,105.082,0,0,0,105.082,0
72.29,2.73944,0,0,8.07572,0.314702,5.02158,3.6288,31.8145,0.429288,0,0,1.53649,0.133284,0,0.66528,12.849,1,0.486914,5.02158,0,100.967,3.42541,102.076,0.84672,12.849,0.84672,3695.15,0,36.966,0.42336,3.0025,1.98023,7.16709,0.799292,10.9272,0.42336,36.966,0.42336,423.524,0,1.02816,0,0,4.03066,3.0025,1.028160,1,0,113.003,0,0,0,113.003,0
72.29,2.73944,0,0,8.97981,0.314702,5.92567,3.6288,33.0856,0.42929,0,0,1.83505,0.134719,0,0.66528,12.849,1,0.486915,5.92567,0,114.25,3.42541,116.264,0.84672,12.849,0.84672,3695.15,0,36.966,0.42336,2.7122,2.05773,7.66003,0.799292,11.2073,0.42336,36.966,0.42336,423.524,0,1.02816,0,0,3.74036,2.7122,1.028160,1,0,127.471,0,0,0,127.471,0
72.29,2.73945,0,0,7.48155,0.314702,4.4274,3.6288,34.0961,0.429293,0,0,1.57636,0.136591,0,0.66528,12.849,1,0.486916,4.4274,0,85.3641,3.42541,85.8791,0.84672,12.849,0.84672,3695.15,0,36.966,0.42336,2.71662,2.05773,5.74802,0.799292,9.29972,0.42336,36.966,0.42336,423.524,0,1.02816,0,0,3.74478,2.71662,1.028160,1,0,95.1789,0,0,0,95.1789,0
72.29,2.73945,0,0,5.88821,0.269882,2.87888,3.6288,34.3643,0.429295,0,0,0.84183,0.144297,0,0.66528,12.849,1,0.486916,2.87888,0,75.8454,3.67822,74.5591,0.84672,12.849,0.84672,3695.15,0,36.966,0.42336,1.43869,2.05774,3.97677,0.871922,6.17791,0.42336,36.966,0.42336,423.524,0,1.02816,0,0,2.46685,1.43869,1.028160,1,0,80.737,0,0,0,80.737,0
72.29,2.7017,0,0,4.4171,0.262672,1.45273,3.6288,34.3014,0.401054,0,0,0.489878,0.151706,0,0.66528,12.849,1,0.480206,1.45273,0,59.9011,3.69485,57.1788,0.84672,12.849,0.84672,3695.15,0,36.966,0.42336,0.662783,2.05774,3.11228,0.915145,4.4943,0.42336,36.966,0.42336,423.524,0,1.02816,0,0,1.69094,0.662783,1.028160,1,0,61.6731,0,0,0,61.6731,0
72.29,2.7017,0,0,3.98706,0.262672,1.02269,3.6288,34.2401,0.401056,0,0,0.491407,0.151611,0,0.66528,12.849,1,0.480207,1.02269,0,54.9693,3.69485,51.817,0.84672,12.849,0.84672,3695.15,0,36.966,0.42336,0.733087,2.02759,3.96167,0.915145,5.38384,0.42336,36.966,0.42336,423.524,0,1.02816,0,0,1.76125,0.733087,1.028160,1,0,57.2008,0,0,0,57.2008,0
72.29,2.92642,0,0,6.16233,0.262672,2.97324,3.6288,34.1337,0.555149,0,0,0.600235,0.151519,0,0.66528,12.849,1,0.520149,2.97324,0,69.1158,3.69485,67.874,0.84672,12.849,0.84672,3695.15,0,36.966,0.42336,1.00957,2.02759,3.57376,0.915145,5.27241,0.42336,36.966,0.42336,423.524,0,1.02816,0,0,2.03773,1.00957,1.028160,1,0,73.1464,0,0,0,73.1464,0
72.29,2.92642,0,0,4.29615,0.21397,1.15576,3.6288,33.9451,0.555152,0,0,0.52573,0.159236,0,0.66528,12.849,1,0.52015,1.15576,0,59.2004,4.04676,55.7893,0.84672,12.849,0.84672,3695.15,0,36.966,0.42336,0.738893,2.19624,3.15512,0.860254,4.80664,0.42336,36.966,0.42336,423.524,0,1.02816,0,0,1.76705,0.738893,1.028160,1,0,60.5959,0,0,0,60.5959,0
72.29,3.06525,0,0,4.56578,0.188147,1.31239,3.6288,33.6462,0.663646,0,0,0.521241,0.156424,0,0.66528,12.849,1,0.544825,1.31239,0,51.2922,4.26195,47.7978,0.84672,12.849,0.84672,3695.15,0,36.966,0.42336,0.790802,2.19624,3.40132,0.881944,5.08306,0.42336,36.966,0.42336,423.524,0,1.02816,0,0,1.81896,0.790802,1.028160,1,0,52.8809,0,0,0,52.8809,0
72.29,3.06525,0,0,4.13964,0.188147,0.88624,3.6288,33.28,0.663649,0,0,0.453362,0.15594,0,0.66528,12.849,1,0.544826,0.88624,0,47.2319,4.26195,43.3114,0.84672,12.849,0.84672,3695.15,0,36.966,0.42336,0.594536,2.31071,3.21618,0.881944,4.81612,0.42336,36.966,0.42336,423.524,0,1.02816,0,0,1.6227,0.594536,1.028160,1,0,48.1275,0,0,0,48.1275,0
72.29,3.06526,0,0,3.88244,0.159645,0.657542,3.6288,32.858,0.663651,0,0,0.420339,0.17873,0,0.66528,12.849,1,0.544826,0.657542,0,45.2088,4.84884,40.4727,0.84672,12.849,0.84672,3695.15,0,36.966,0.42336,0.484436,2.31071,3.08478,1.0421,4.41446,0.42336,36.966,0.42336,423.524,0,1.02816,0,0,1.5126,0.484436,1.028160,1,0,44.8871,0,0,0,44.8871,0
72.29,3.06526,0,0,3.60957,0.154895,0.389411,3.6288,32.4015,0.663654,0,0,0.389038,0.181801,0,0.66528,12.849,1,0.544827,0.389411,0,43.7002,4.94665,38.5981,0.84672,12.849,0.84672,3695.15,0,36.966,0.42336,0.396023,2.31071,2.90048,1.06879,4.11507,0.42336,36.966,0.42336,423.524,0,1.02816,0,0,1.42418,0.396023,1.028160,1,0,42.7132,0,0,0,42.7132,0
71.7466,3.06527,0,0,3.0149,0.130137,0.36288,3.6288,32.0274,0.663657,0,0,0.468234,0.178749,0,0.66528,12.849,1,0.544828,0.36288,0,48.784,4.8725,43.7296,0.84672,12.849,0.84672,3695.15,0,36.966,0.42336,0.555949,2.31071,2.4601,1.08339,3.82001,0.42336,36.966,0.42336,423.524,0,1.02816,0,0,1.58411,0.555949,1.028160,1,0,47.5496,0,0,0,47.5496,0
70.8984,3.03435,0,0,2.67448,0.125491,0.36288,3.6288,31.6409,0.66528,0,0,0.456503,0.177665,0,0.66528,12.849,1,0.543417,0.36288,0,48.8141,4.86013,43.7734,0.84672,12.849,0.84672,3695.15,0,36.966,0.42336,0.468366,2.31072,2.27024,1.08583,3.54014,0.42336,36.966,0.42336,423.524,0,1.02816,0,0,1.49653,0.468366,1.028160,1,0,47.3136,0,0,0,47.3136,0
69.8218,3.02885,0,0,2.43513,0.11997,0.36288,3.6288,31.222,0.66528,0,0,0.431729,0.185425,0,0.66528,12.849,1,0.548922,0.36288,0,42.9707,5.00129,37.7834,0.84672,12.849,0.84672,3695.15,0,36.966,0.42336,0.325443,2.30591,2.20345,1.13735,3.2741,0.42336,36.966,0.42336,423.524,0,1.02816,0,0,1.3536,0.325443,1.028160,1,0,41.0575,0,0,0,41.0575,0
68.6582,3.0217,0,0,2.3119,0.0909534,0.36288,3.6288,30.7257,0.66528,0,0,0.404409,0.235397,0,0.66528,12.849,1,0.556071,0.36288,0,38.7567,5.84818,32.7153,0.84672,12.849,0.84672,3695.15,0,36.966,0.42336,0.343984,2.30591,2.10116,1.44649,2.88121,0.42336,36.966,0.42336,423.524,0,1.02816,0,0,1.37214,0.343984,1.028160,1,0,35.5965,0,0,0,35.5965,0
67.0691,3.01377,0,0,1.88019,0.0926583,0.36288,3.6288,30.0431,0.786326,0,0,0.340472,0.236761,0,0.66528,12.849,1,0.56401,0.36288,0,33.0848,5.7734,27.1103,0.84672,12.849,0.84672,3695.15,0,36.966,0.42336,0.261274,2.30591,1.85809,1.45734,2.54458,0.42336,36.966,0.42336,423.524,0,0.907114,0,0,1.16839,0.261274,1.028160,1,0,29.6549,0,0,0,29.6549,0
65.367,3.07263,0,0,1.82829,0.0948321,0.36288,3.6288,29.2905,0.875543,0,0,0.361455,0.238479,0,0.66528,12.849,1,0.588651,0.36288,0,37.0385,5.67367,31.139,0.84672,12.849,0.84672,3695.15,0,36.966,0.42336,0.261274,2.30592,1.87565,1.47181,2.54767,0.42336,36.966,0.42336,423.524,0,0.817897,0,0,1.07917,0.261274,1.028160,1,0,33.6867,0,0,0,33.6867,0
63.5338,3.05983,0,0,1.68305,0.0935569,0.36288,3.6288,28.5504,0.810095,0,0,0.306428,0.236477,0,0.66528,12.849,1,0.601461,0.36288,0,30.4229,5.67367,24.5107,0.84672,12.849,0.84672,3695.15,0,36.966,0.42336,0.261274,2.32156,1.81357,1.47181,2.50124,0.42336,36.966,0.42336,423.524,0,0.883345,0,0,1.14462,0.261274,1.028160,1,0,27.0119,0,0,0,27.0119,0
61.5744,3.04539,0,0,1.54109,0.0921834,0.36288,3.6288,27.6573,0.942408,0,0,0.283818,0.234509,0,0.66528,12.849,1,0.615897,0.36288,0,28.9168,5.67367,22.9901,0.84672,12.849,0.84672,3695.15,0,36.966,0.42336,0.227405,2.32156,1.59411,1.47181,2.24791,0.42336,36.966,0.42336,423.524,0,0.751032,0,0,0.978437,0.227405,1.028160,1,0,25.238,0,0,0,25.238,0
59.7289,3.02918,0,0,1.62825,0.0817115,0.36288,3.6288,27.0004,0.746721,0,0,0.325819,0.235994,0,0.66528,12.849,1,0.632113,0.36288,0,28.3605,5.82323,22.2681,0.84672,12.849,0.84672,3695.15,0,36.966,0.42336,0.227405,2.32157,2.1088,1.50169,2.73273,0.42336,36.966,0.42336,423.524,0,0.946719,0,0,1.17412,0.227405,1.028160,1,0,25.0008,0,0,0,25.0008,0
57.9112,3.21435,0,0,1.85509,0.0955864,0.36288,3.6288,26.4688,0.671311,0,0,0.394283,0.254498,0,0.66528,12.849,1,0.691477,0.36288,0,38.1034,6.00548,31.7694,0.84672,12.849,0.84672,3695.15,0,36.966,0.42336,0.227405,2.32157,1.64923,1.53009,2.24476,0.42336,36.966,0.42336,423.524,0,1.02213,0,0,1.24953,0.227405,1.028160,1,0,34.0141,0,0,0,34.0141,0
55.7481,3.19659,0,0,1.4903,0.0939204,0.36288,3.6288,25.4477,1.05335,0,0,0.285184,0.252974,0,0.66528,12.849,1,0.709241,0.36288,0,37.2332,6.00548,30.8814,0.84672,12.849,0.84672,3695.15,0,36.966,0.42336,0.227405,2.36739,1.32397,1.53009,1.96532,0.42336,36.966,0.42336,423.524,0,0.640094,0,0,0.867499,0.227405,1.028160,1,0,32.8467,0,0,0,32.8467,0
53.975,3.17423,0,0,1.85598,0.091938,0.36288,3.6288,25.0198,0.66528,0,0,0.487428,0.250047,0,0.66528,12.849,1,0.731607,0.36288,0,34.0053,6.00548,27.6311,0.84672,12.849,0.84672,3695.15,0,36.966,0.42336,0.612809,2.36739,2.0471,1.53009,3.07385,0.42336,36.966,0.42336,423.524,0,1.02816,0,0,1.64097,0.612809,1.028160,1,0,30.705,0,0,0,30.705,0
51.8651,3.15482,0,0,1.50455,0.096811,0.36288,3.6288,24.3833,0.764018,0,0,0.346595,0.219032,0,0.66528,12.849,1,0.751019,0.36288,0,25.6596,4.8964,20.375,0.84672,12.849,0.84672,3695.15,0,36.966,0.42336,0.204422,2.36739,2.04846,1.09836,3.09855,0.42336,36.966,0.42336,423.524,0,0.929422,0,0,1.13384,0.204422,1.028160,1,0,23.4736,0,0,0,23.4736,0
50.3094,3.13034,0,0,2.00787,0.0703159,0.36288,3.6288,23.9606,0.66528,0,0,0.504021,0.261487,0,0.66528,12.849,1,0.775507,0.36288,0,37.2889,5.94328,30.9329,0.84672,12.849,0.84672,3695.15,0,36.966,0.42336,0.68942,2.36739,3.11385,1.40105,4.34626,0.42336,36.966,0.42336,423.524,0,1.02816,0,0,1.71758,0.68942,1.028160,1,0,35.2792,0,0,0,35.2792,0
48.9634,3.01631,0,0,2.13333,0.100134,0.36288,3.6288,23.5875,0.66528,0,0,0.547373,0.255161,0,0.66528,12.849,1,0.770365,0.36288,0,37.0147,6.1599,30.4473,0.84672,12.849,0.84672,3695.15,0,36.966,0.42336,0.758627,2.3674,2.89742,1.45608,4.144,0.42336,36.966,0.42336,423.524,0,1.02816,0,0,1.78679,0.758627,1.028160,1,0,34.5913,0,0,0,34.5913,0
48.916,2.76921,0,0,3.19952,0.114866,0.36288,3.6288,23.308,0.66528,0,0,0.62998,0.244276,0,0.66528,12.849,1,0.726697,0.36288,0,45.0785,6.04947,38.6652,0.84672,12.849,0.84672,3695.15,0,36.966,0.42336,1.1951,2.34506,3.08182,1.41815,4.78048,0.42336,36.966,0.42336,423.524,0,1.02816,0,0,2.22326,1.1951,1.028160,1,0,43.4457,0,0,0,43.4457,0
49.9895,2.76866,0,0,4.3199,0.114807,0.36288,3.6288,23.4172,0.66528,0,0,1.01802,0.243476,0,0.66528,12.849,1,0.727257,0.36288,0,89.9561,6.04947,83.5422,0.84672,12.849,0.84672,3695.15,0,36.966,0.42336,2.58676,2.29057,4.85456,1.41815,7.89039,0.42336,36.966,0.42336,423.524,0,1.02816,0,0,3.61492,2.58676,1.028160,1,0,91.4326,0,0,0,91.4326,0
51.4743,2.78108,0,0,4.78253,0.15377,0.36288,3.6288,23.462,0.66528,0,0,0.922332,0.21232,0,0.66528,12.849,1,0.714833,0.36288,0,103.995,5.58029,98.0631,0.84672,12.849,0.84672,3695.15,0,36.966,0.42336,1.89502,2.29057,5.59687,1.34492,8.01418,0.42336,36.966,0.42336,423.524,0,1.02816,0,0,2.92318,1.89502,1.028160,1,0,106.077,0,0,0,106.077,0
56.706,2.72532,0,0,8.51934,0.19943,0.36288,3.6288,24.3534,0.577158,0,0,1.61635,0.147756,0,0.66528,12.849,1,0.680293,0.36288,0,149.663,4.45284,144.893,0.84672,12.849,0.84672,3695.15,0,36.966,0.42336,3.1638,2.29057,10.6783,1.14142,14.5679,0.42336,36.966,0.42336,423.524,0,1.02816,0,0,4.19196,3.1638,1.028160,1,0,159.461,0,0,0,159.461,0
58.1491,2.77649,0,0,4.79271,0.210294,0.36288,3.6288,24.5079,0.577161,0,0,0.880969,0.149301,0,0.66528,12.849,1,0.629125,0.36288,0,82.8291,4.45284,78.11,0.84672,12.849,0.84672,3695.15,0,36.966,0.42336,1.28102,2.20557,4.35031,1.14142,6.27212,0.42336,36.966,0.42336,423.524,0,1.02816,0,0,2.30918,1.28102,1.028160,1,0,84.3821,0,0,0,84.3821,0
60.1187,2.78928,0,0,5.33505,0.21329,0.36288,3.6288,24.7838,0.577164,0,0,1.00268,0.149569,0,0.66528,12.849,1,0.616338,0.36288,0,83.3454,4.45284,78.6391,0.84672,12.849,0.84672,3695.15,0,36.966,0.42336,1.78592,2.20557,4.77866,1.14142,7.20538,0.42336,36.966,0.42336,423.524,0,1.02816,0,0,2.81408,1.78592,1.028160,1,0,85.8445,0,0,0,85.8445,0
63.5294,2.80592,0,0,6.79064,0.211073,0.36288,3.6288,25.2128,0.577166,0,0,1.21756,0.211404,0,0.66528,12.849,1,0.599703,0.36288,0,103.804,4.40013,99.1675,0.84672,12.849,0.84672,3695.15,0,36.966,0.42336,2.22407,2.20557,6.30924,1.27379,9.04174,0.42336,36.966,0.42336,423.524,0,1.02816,0,0,3.25223,2.22407,1.028160,1,0,108.209,0,0,0,108.209,0
66.9303,2.83724,0,0,6.83812,0.237165,0.36288,3.6288,27.755,0.525183,0,0,3.21582,0.148479,0,0.66528,12.849,1,0.57384,0.36288,0,93.534,4.12671,89.1964,0.84672,12.849,0.84672,3695.15,0,36.966,0.42336,4.3622,2.20558,9.93192,0.961661,15.1147,0.42336,36.966,0.42336,423.524,0,1.02816,0,0,5.39036,4.3622,1.028160,1,0,104.311,0,0,0,104.311,0
71.8096,2.86171,0,0,8.34762,0.24372,0.36288,3.6288,31.4749,0.525186,0,0,4.39796,0.152817,0,0.66528,12.849,1,0.549379,0.36288,0,154.803,4.12671,150.49,0.84672,12.849,0.84672,3695.15,0,36.966,0.42336,5.57692,2.16644,14.3692,0.961661,20.7275,0.42336,36.966,0.42336,423.524,0,1.02816,0,0,6.60508,5.57692,1.028160,1,0,171.217,0,0,0,171.217,0
72.29,2.89337,0,0,6.70861,0.253126,3.08169,3.6288,32.4701,0.525188,0,0,1.67967,0.159315,0,0.66528,12.849,1,0.517716,3.08169,0,128.6,4.12671,127.038,0.84672,12.849,0.84672,3695.15,0,36.966,0.42336,2.36632,2.16644,8.58118,0.961661,11.7289,0.42336,36.966,0.42336,423.524,0,1.02816,0,0,3.39448,2.36632,1.028160,1,0,138.767,0,0,0,138.767,0
72.29,2.8963,0,0,7.65864,0.300028,4.46232,3.6288,33.113,0.525191,0,0,1.32699,0.158878,0,0.66528,12.849,1,0.514795,4.46232,0,162.169,4.87596,161.241,0.84672,12.849,0.84672,3695.15,0,36.966,0.42336,2.20558,2.16644,7.5181,1.0519,10.4149,0.42336,36.966,0.42336,423.524,0,1.02816,0,0,3.23374,2.20558,1.028160,1,0,171.656,0,0,0,171.656,0
72.29,2.8963,0,0,5.22555,0.275702,2.05354,3.6288,34.584,0.525194,0,0,2.16198,0.165805,0,0.66528,12.849,1,0.514796,2.05354,0,156.637,4.1207,154.055,0.84672,12.849,0.84672,3695.15,0,36.966,0.42336,3.26218,2.16645,7.98751,0.914715,12.0781,0.42336,36.966,0.42336,423.524,0,1.02816,0,0,4.29034,3.26218,1.028160,1,0,166.133,0,0,0,166.133,0
72.29,2.98703,0,0,6.07521,0.254131,2.83405,3.6288,37.8922,0.589102,0,0,4.10604,0.208784,0,0.66528,12.849,1,0.530922,2.83405,0,151.717,4.99538,149.024,0.84672,12.849,0.84672,3695.15,0,36.966,0.42336,6.08324,2.16645,12.9138,1.11588,19.6243,0.42336,36.966,0.42336,423.524,0,1.02816,0,0,7.1114,6.08324,1.028160,1,0,168.649,0,0,0,168.649,0
72.0193,2.98701,0,0,3.33336,0.254131,0.36288,3.6288,39.4252,0.589088,0,0,2.33778,0.215626,0,0.66528,12.849,1,0.530918,0.36288,0,139.398,4.99538,134.234,0.84672,12.849,0.84672,3695.15,0,36.966,0.42336,4.72502,2.23585,7.14894,1.11588,12.5706,0.42336,36.966,0.42336,423.524,0,1.02816,0,0,5.75318,4.72502,1.028160,1,0,146.805,0,0,0,146.805,0
72.29,2.75605,0,0,7.13117,0.253609,3.85084,3.6288,40.5631,0.441643,0,0,1.79834,0.218797,0,0.66528,12.849,1,0.491709,3.85084,0,111.405,4.99538,109.769,0.84672,12.849,0.84672,3695.15,0,36.966,0.414095,3.57856,2.23583,6.7871,1.11588,11.0715,0.42336,36.966,0.42336,423.524,0,1.02816,0,0,4.60672,3.57856,1.028160,1,0,120.84,0,0,0,120.84,0
72.29,2.98696,0,0,6.02556,0.254932,2.78367,3.6288,42.3238,0.589058,0,0,2.58128,0.231586,0,0.66528,12.849,1,0.53091,2.78367,0,160.273,5.24058,157.285,0.84672,12.849,0.84672,3695.15,0,36.966,0.42336,4.37707,2.06413,9.99662,1.27443,14.74,0.42336,36.966,0.42336,423.524,0,1.02816,0,0,5.40523,4.37707,1.028160,1,0,172.025,0,0,0,172.025,0
71.8372,3.27828,0,0,3.5085,0.320133,0.36288,3.6288,44.4141,0.66528,0,0,2.98345,0.227877,0,0.66528,12.849,1,0.58269,0.36288,0,129.086,5.06625,123.8,0.84672,12.849,0.84672,3695.15,0,36.966,0.42336,3.91843,2.2358,7.32888,1.42211,11.6376,0.42336,36.966,0.42336,423.524,0,1.02816,0,0,4.94659,3.91843,1.028160,1,0,135.437,0,0,0,135.437,0
71.4463,3.02365,0,0,3.29807,0.302422,0.36288,3.6288,45.7292,0.653839,0,0,2.2056,0.236653,0,0.66528,12.849,1,0.540818,0.36288,0,114.143,5.09715,108.868,0.84672,12.849,0.84672,3695.15,0,36.966,0.42336,2.62624,2.35899,8.79398,1.45504,11.9008,0.42336,36.966,0.42336,423.524,0,1.02816,0,0,3.6544,2.62624,1.028160,1,0,120.769,0,0,0,120.769,0
71.3355,3.02112,0,0,3.55118,0.278051,0.36288,3.6288,47.1512,0.653824,0,0,2.27024,0.194331,0,0.66528,12.849,1,0.543322,0.36288,0,119.544,4.34674,115.017,0.84672,12.849,0.84672,3695.15,0,36.966,0.42336,2.78523,2.29458,6.59477,1.25267,9.99855,0.42336,36.966,0.42336,423.524,0,1.02816,0,0,3.81339,2.78523,1.028160,1,0,125.015,0,0,0,125.015,0
72.29,3.02038,0,0,5.06382,0.284556,0.804332,3.6288,49.159,0.653808,0,0,2.84471,0.18313,0,0.66528,12.849,1,0.544033,0.804332,0,112.666,4.25375,108.672,0.84672,12.849,0.84672,3695.15,0,36.966,0.42336,4.63994,2.29456,7.06263,1.20214,12.3716,0.42336,36.966,0.42336,423.524,0,1.02816,0,0,5.6681,4.63994,1.028160,1,0,121.044,0,0,0,121.044,0
72.29,2.64284,0,0,9.04102,0.327681,6.0705,3.6288,57.4569,0.445158,0,0,8.89851,0.155489,0,0.66528,12.849,1,0.469744,6.0705,0,140.348,3.48065,142.468,0.84672,12.849,0.84672,3695.15,0,36.966,0.334744,8.0438,2.29455,14.1777,0.893491,23.2878,0.42336,36.966,0.42336,423.524,0,1.02816,0,0,9.07196,8.0438,1.028160,1,0,165.756,0,0,0,165.756,0
72.29,2.64282,0,0,8.06838,0.327681,5.09788,3.6288,61.308,0.474567,0,0,8.01643,0.165369,3.52538,0.66528,12.849,1,0.469741,5.09788,0,224.727,3.48065,225.875,0.84672,12.849,0.84672,3695.15,0,36.966,0.305322,8.1394,1.98021,13.0742,0.893491,21.995,0.42336,36.966,0.42336,423.524,0,1.02816,0,0,9.16756,8.1394,1.028160,1,0,251.395,0,0,0,251.395,0
72.29,2.6428,0,0,7.62863,0.327681,4.65815,3.6288,61.308,0.486524,0,0,6.44392,0.169496,5.7879,0.66528,12.849,1,0.469737,4.65815,0,228.691,3.48065,229.399,0.84672,12.849,0.84672,3695.15,0,36.966,0.293352,6.88179,1.98019,10.8161,0.893491,18.4912,0.42336,36.966,0.42336,423.524,0,1.02816,0,0,7.90995,6.88179,1.028160,1,0,253.678,0,0,0,253.678,0
72.29,2.64278,0,0,5.61514,0.295553,2.67681,3.6288,61.308,0.486516,0,0,4.39411,0.193072,3.71453,0.66528,12.849,1,0.469734,2.67681,0,161.536,3.71762,160.025,0.84672,12.849,0.84672,3695.15,0,36.966,0.293347,4.0303,1.98018,8.10088,0.982617,12.8354,0.42336,36.966,0.42336,423.524,0,1.02816,0,0,5.05846,4.0303,1.028160,1,0,176.575,0,0,0,176.575,0
72.29,2.64276,0,0,5.13942,0.290709,2.20595,3.6288,61.308,0.486508,0,0,5.81241,0.199968,5.12593,0.66528,12.849,1,0.46973,2.20595,0,157.792,3.83784,155.691,0.84672,12.849,0.84672,3695.15,0,36.966,0.293342,6.30585,1.98016,11.0021,1.08614,17.9086,0.42336,36.966,0.42336,423.524,0,1.02816,0,0,7.33401,6.30585,1.028160,1,0,178.725,0,0,0,178.725,0
72.29,2.7393,0,0,5.68487,0.30739,2.63818,3.6288,61.308,0.531863,0,0,7.035,0.192211,6.31092,0.66528,12.849,1,0.48689,2.63818,0,175.313,3.69174,173.772,0.84672,12.849,0.84672,3695.15,0,36.966,0.32069,8.37363,1.98015,16.4678,1.05408,25.4468,0.42336,36.966,0.42336,423.524,0,1.02816,0,0,9.40179,8.37363,1.028160,1,0,205.53,0,0,0,205.53,0
72.29,2.73928,0,0,4.37444,0.2936,1.34156,3.6288,61.308,0.531855,0,0,5.33599,0.197148,4.60699,0.66528,12.849,1,0.486886,1.34156,0,139.229,3.73916,136.345,0.84672,12.849,0.84672,3695.15,0,36.966,0.320685,6.7913,2.05763,8.86158,1.07265,16.3172,0.42336,36.966,0.42336,423.524,0,1.02816,0,0,7.81946,6.7913,1.028160,1,0,157.269,0,0,0,157.269,0
72.29,2.73926,0,0,4.10997,0.297421,1.07329,3.6288,61.308,0.531846,0,0,4.95746,0.222359,4.20325,0.66528,12.849,1,0.486883,1.07329,0,117.809,3.58819,114.807,0.84672,12.849,0.84672,3695.15,0,36.966,0.32068,6.00264,2.05761,8.04671,1.08288,14.7034,0.42336,36.966,0.42336,423.524,0,1.02816,0,0,7.0308,6.00264,1.028160,1,0,133.714,0,0,0,133.714,0
72.29,2.73924,0,0,3.46621,0.245438,0.481533,3.6288,61.308,0.531838,0,0,3.41917,0.247124,2.64021,0.66528,12.849,1,0.486879,0.481533,0,110.335,3.9229,106.406,0.84672,12.849,0.84672,3695.15,0,36.966,0.320675,4.2408,2.0576,7.03868,1.07028,11.9461,0.42336,36.966,0.42336,423.524,0,1.02816,0,0,5.26896,4.2408,1.028160,1,0,120.993,0,0,0,120.993,0
71.9327,2.70147,0,0,2.96935,0.262268,0.36288,3.6288,61.308,0.514211,0,0,1.60984,0.245631,0.849997,0.66528,12.849,1,0.480166,0.36288,0,84.7351,4.22636,80.3914,0.84672,12.849,0.84672,3695.15,0,36.966,0.310046,2.53559,2.05758,5.53231,1.04812,8.76732,0.42336,36.966,0.42336,423.524,0,1.02816,0,0,3.56375,2.53559,1.028160,1,0,90.0087,0,0,0,90.0087,0
71.4698,2.69943,0,0,2.86091,0.261557,0.36288,3.6288,61.308,0.514203,0,0,1.50076,0.245631,0.740929,0.66528,12.849,1,0.482185,0.36288,0,79.1657,4.22636,74.8201,0.84672,12.849,0.84672,3695.15,0,36.966,0.310041,2.35005,2.02742,5.34216,1.04812,8.36148,0.42336,36.966,0.42336,423.524,0,1.02816,0,0,3.37821,2.35005,1.028160,1,0,83.9225,0,0,0,83.9225,0
70.8803,2.69676,0,0,2.73083,0.260636,0.36288,3.6288,61.308,0.514195,0,0,1.40734,0.245631,0.647511,0.66528,12.849,1,0.484829,0.36288,0,61.3514,4.22636,57.0031,0.84672,12.849,0.84672,3695.15,0,36.966,0.310036,2.1455,2.0274,5.00339,1.04812,7.81814,0.42336,36.966,0.42336,423.524,0,1.02816,0,0,3.17366,2.1455,1.028160,1,0,65.4688,0,0,0,65.4688,0
70.1187,2.69333,0,0,2.50315,0.208589,0.36288,3.6288,61.308,0.514186,0,0,1.2728,0.237484,0.521131,0.66528,12.849,1,0.488239,0.36288,0,49.62,2.88068,46.614,0.84672,12.849,0.84672,3695.15,0,36.966,0.310031,1.85556,2.02739,4.46539,0.790896,7.24741,0.42336,36.966,0.42336,423.524,0,1.02816,0,0,2.88372,1.85556,1.028160,1,0,54.3825,0,0,0,54.3825,0
69.0845,2.81637,0,0,2.32324,0.178185,0.36288,3.6288,61.308,0.576655,0,0,1.10501,0.185183,0.343167,0.66528,12.849,1,0.516091,0.36288,0,60.4265,3.49209,56.7812,0.84672,12.849,0.84672,3695.15,0,36.966,0.347698,1.59704,2.02737,3.85016,0.800813,6.32606,0.42336,36.966,0.42336,423.524,0,1.02816,0,0,2.6252,1.59704,1.028160,1,0,63.4504,0,0,0,63.4504,0
67.9057,2.80984,0,0,2.17072,0.176763,0.36288,3.6288,61.308,0.576647,0,0,1.05549,0.185183,0.293664,0.66528,12.849,1,0.522601,0.36288,0,55.373,3.49209,51.7212,0.84672,12.849,0.84672,3695.15,0,36.966,0.347692,1.25954,2.13302,3.49433,0.800813,5.73838,0.42336,36.966,0.42336,423.524,0,1.02816,0,0,2.2877,1.25954,1.028160,1,0,57.7532,0,0,0,57.7532,0
66.6708,2.80219,0,0,2.0544,0.124269,0.36288,3.6288,61.308,0.576638,0,0,0.992415,0.260159,0.155617,0.66528,12.849,1,0.530226,0.36288,0,52.3202,4.51074,47.6421,0.84672,12.849,0.84672,3695.15,0,36.966,0.347687,0.990196,2.133,3.02971,1.07358,4.73163,0.42336,36.966,0.42336,423.524,0,1.02816,0,0,2.01836,0.990196,1.028160,1,0,52.5294,0,0,0,52.5294,0
65.088,3.02633,0,0,1.90935,0.102913,0.36288,3.6288,61.2924,0.66528,0,0,0.93987,0.29015,0,0.66528,12.849,1,0.583243,0.36288,0,48.3198,4.9182,43.1812,0.84672,12.849,0.84672,3695.15,0,36.966,0.42143,0.89265,2.13298,2.88729,1.18269,4.30881,0.42336,36.966,0.42336,423.524,0,1.02816,0,0,1.92081,0.89265,1.028160,1,0,47.49,0,0,0,47.49,0
63.7387,2.78298,0,0,1.90131,0.10475,0.36288,3.6288,61.2144,0.576565,0,0,0.786527,0.288026,0,0.66528,12.849,1,0.549387,0.36288,0,48.2959,5.1758,42.9336,0.84672,12.849,0.84672,3695.15,0,36.966,0.347731,1.32542,2.31038,3.0792,1.24877,5.1185,0.42336,36.966,0.42336,423.524,0,1.02816,0,0,2.35358,1.32542,1.028160,1,0,48.0521,0,0,0,48.0521,0
62.3902,2.74844,0,0,1.86209,0.0993133,0.36288,3.6288,61.0391,0.610598,0,0,0.730649,0.295293,0,0.66528,12.849,1,0.554055,0.36288,0,46.1198,5.28769,40.6409,0.84672,12.849,0.84672,3695.15,0,36.966,0.368726,1.45549,2.13295,3.23788,1.30254,5.15507,0.42336,36.966,0.42336,423.524,0,1.02816,0,0,2.48365,1.45549,1.028160,1,0,45.796,0,0,0,45.796,0
60.9383,2.73849,0,0,1.74769,0.0982266,0.36288,3.6288,60.7772,0.609929,0,0,0.643008,0.294966,0,0.66528,12.849,1,0.563982,0.36288,0,42.14,5.28769,36.6512,0.84672,12.849,0.84672,3695.15,0,36.966,0.36938,1.36363,2.16987,3.07282,1.30254,4.9344,0.42336,36.966,0.42336,423.524,0,1.02816,0,0,2.39179,1.36363,1.028160,1,0,41.5856,0,0,0,41.5856,0
59.1609,2.95423,0,0,1.63684,0.0970566,0.36288,3.6288,60.417,0.66528,0,0,0.599524,0.294477,0,0.66528,12.849,1,0.622907,0.36288,0,40.3257,5.28769,34.778,0.84672,12.849,0.84672,3695.15,0,36.966,0.42336,1.2317,2.16985,2.90845,1.30254,4.58411,0.42336,36.966,0.42336,423.524,0,1.02816,0,0,2.25986,1.2317,1.028160,1,0,39.3621,0,0,0,39.3621,0
57.4994,2.71316,0,0,1.50456,0.0900358,0.36288,3.6288,60.1157,0.607552,0,0,0.601468,0.295256,0,0.66528,12.849,1,0.589265,0.36288,0,35.4942,5.46998,29.7979,0.84672,12.849,0.84672,3695.15,0,36.966,0.371729,0.909412,2.3058,2.60922,1.3352,4.1175,0.42336,36.966,0.42336,423.524,0,1.02816,0,0,1.93757,0.909412,1.028160,1,0,33.9154,0,0,0,33.9154,0
55.8078,2.76222,0,0,1.50862,0.0751703,0.36288,3.6288,59.9046,0.636764,0,0,0.723992,0.298312,0,0.66528,12.849,1,0.617255,0.36288,0,40.3678,5.92568,34.1878,0.84672,12.849,0.84672,3695.15,0,36.966,0.391555,1.10758,2.16982,2.59388,1.41687,4.06285,0.42336,36.966,0.42336,423.524,0,1.02816,0,0,2.13574,1.10758,1.028160,1,0,38.2506,0,0,0,38.2506,0
53.8002,2.97548,0,0,1.40473,0.0739244,0.36288,3.6288,59.5695,0.66528,0,0,0.628104,0.297911,0,0.66528,12.849,1,0.685064,0.36288,0,34.1806,5.92568,27.9328,0.84672,12.849,0.84672,3695.15,0,36.966,0.42336,1.28048,2.22215,2.61779,1.41687,4.28019,0.42336,36.966,0.42336,423.524,0,1.02816,0,0,2.30864,1.28048,1.028160,1,0,32.213,0,0,0,32.213,0
51.9357,2.72792,0,0,1.29876,0.0724459,0.36288,3.6288,59.2202,0.63453,0,0,0.582479,0.297275,0,0.66528,12.849,1,0.651505,0.36288,0,32.7762,5.92568,26.5619,0.84672,12.849,0.84672,3695.15,0,36.966,0.393759,0.999527,2.32143,2.27615,1.41687,3.78648,0.42336,36.966,0.42336,423.524,0,1.02816,0,0,2.02769,0.999527,1.028160,1,0,30.3484,0,0,0,30.3484,0
50.1243,2.70915,0,0,1.32761,0.0669731,0.36288,3.6288,58.9348,0.633091,0,0,0.64687,0.299167,0,0.66528,12.849,1,0.67025,0.36288,0,31.1736,6.00045,24.8657,0.84672,12.849,0.84672,3695.15,0,36.966,0.395183,1.27313,2.22212,2.8154,1.43181,4.48365,0.42336,36.966,0.42336,423.524,0,1.02816,0,0,2.30129,1.27313,1.028160,1,0,29.3494,0,0,0,29.3494,0
48.0098,3.10817,0,0,1.40894,0.0524301,0.36288,3.6288,58.6689,0.66528,0,0,0.717797,0.318385,0,0.66528,12.849,1,0.796757,0.36288,0,29.8839,6.39087,23.0591,0.84672,12.849,0.84672,3695.15,0,36.966,0.42336,1.44772,2.2221,2.67943,1.50228,4.42361,0.42336,36.966,0.42336,423.524,0,1.02816,0,0,2.47588,1.44772,1.028160,1,0,27.4827,0,0,0,27.4827,0
45.8434,2.84392,0,0,1.09346,0.0530188,0.36288,3.6288,58.2324,0.66528,0,0,0.547347,0.318584,0,0.66528,12.849,1,0.761127,0.36288,0,33.7537,6.38117,26.9743,0.84672,12.849,0.84672,3695.15,0,36.966,0.42336,0.898059,2.36722,2.05689,1.49909,3.39972,0.42336,36.966,0.42336,423.524,0,1.02816,0,0,1.92622,0.898059,1.028160,1,0,30.374,0,0,0,30.374,0
43.908,2.81581,0,0,1.29499,0.0517656,0.36288,3.6288,58.0849,0.66528,0,0,0.8355,0.31769,0,0.66528,12.849,1,0.789215,0.36288,0,28.9716,6.38117,22.1641,0.84672,12.849,0.84672,3695.15,0,36.966,0.42336,1.86944,2.31103,2.78154,1.49909,5.03955,0.42336,36.966,0.42336,423.524,0,1.02816,0,0,2.8976,1.86944,1.028160,1,0,27.2036,0,0,0,27.2036,0
41.7846,2.78887,0,0,1.08197,0.0535627,0.36288,3.6288,57.7357,0.66528,0,0,0.613153,0.297125,0,0.66528,12.849,1,0.816122,0.36288,0,26.4381,5.82663,20.1583,0.84672,12.849,0.84672,3695.15,0,36.966,0.42336,1.25796,2.31102,2.88178,1.28322,4.74417,0.42336,36.966,0.42336,423.524,0,1.02816,0,0,2.28612,1.25796,1.028160,1,0,24.9024,0,0,0,24.9024,0
39.6908,2.75714,0,0,1.06275,0.036513,0.36288,3.6288,57.4339,0.66528,0,0,0.667585,0.304125,0,0.66528,12.849,1,0.847834,0.36288,0,28.8871,5.6813,22.7209,0.84672,12.849,0.84672,3695.15,0,36.966,0.42336,1.44301,2.31102,3.80371,1.32802,5.80636,0.42336,36.966,0.42336,423.524,0,1.02816,0,0,2.47117,1.44301,1.028160,1,0,28.5273,0,0,0,28.5273,0
37.7702,2.64024,0,0,1.11994,0.037481,0.36288,3.6288,57.1672,0.66528,0,0,0.70279,0.304215,0,0.66528,12.849,1,0.854716,0.36288,0,27.546,5.69292,21.3612,0.84672,12.849,0.84672,3695.15,0,36.966,0.42336,1.61815,2.31101,4.53859,1.41364,6.63076,0.42336,36.966,0.42336,423.524,0,1.02816,0,0,2.64631,1.61815,1.028160,1,0,27.992,0,0,0,27.992,0
36.0872,2.60779,0,0,1.35988,0.0722078,0.36288,3.6288,56.9443,0.66528,0,0,0.712479,0.270089,0,0.66528,12.849,1,0.88714,0.36288,0,25.0071,5.41685,19.066,0.84672,12.849,0.84672,3695.15,0,36.966,0.42336,1.66224,2.29039,3.35781,1.31881,5.56827,0.42336,36.966,0.42336,423.524,0,1.02816,0,0,2.6904,1.66224,1.028160,1,0,24.6343,0,0,0,24.6343,0
35.1667,2.57726,0,0,2.09039,0.0707815,0.36288,3.6288,57.2127,0.66528,0,0,1.20342,0.269698,0,0.66528,12.849,1,0.917644,0.36288,0,46.4021,5.41685,40.4305,0.84672,12.849,0.84672,3695.15,0,36.966,0.42336,3.66141,2.29039,6.49151,1.31881,10.7011,0.42336,36.966,0.42336,423.524,0,1.02816,0,0,4.68957,3.66141,1.028160,1,0,51.1316,0,0,0,51.1316,0
33.9059,2.55965,0,0,1.74302,0.0812077,0.36288,3.6288,57.231,0.66528,0,0,0.940782,0.257213,0,0.66528,12.849,1,0.93523,0.36288,0,68.7677,5.18526,63.0101,0.84672,12.849,0.84672,3695.15,0,36.966,0.42336,2.57361,2.29038,4.5386,1.26965,7.70959,0.42336,36.966,0.42336,423.524,0,1.02816,0,0,3.60177,2.57361,1.028160,1,0,70.7197,0,0,0,70.7197,0
33.7611,2.46894,0,0,2.8332,0.14618,0.36288,3.6288,57.5103,0.607505,0,0,1.06634,0.179502,0,0.66528,12.849,1,0.93563,0.36288,0,73.6966,3.79575,69.3281,0.84672,12.849,0.84672,3695.15,0,36.966,0.392393,1.76462,2.29038,5.215,0.974648,7.90296,0.42336,36.966,0.42336,423.524,0,1.02816,0,0,2.79278,1.76462,1.028160,1,0,77.2311,0,0,0,77.2311,0
33.5498,2.46602,0,0,2.76344,0.145919,0.36288,3.6288,57.6261,0.608656,0,0,0.904271,0.179828,0,0.66528,12.849,1,0.93853,0.36288,0,73.8945,3.79575,69.5231,0.84672,12.849,0.84672,3695.15,0,36.966,0.391227,1.86773,2.20489,7.45319,0.974648,10.1599,0.42336,36.966,0.42336,423.524,0,1.02816,0,0,2.89589,1.86773,1.028160,1,0,79.683,0,0,0,79.683,0
33.9636,2.46172,0,0,3.38397,0.145539,0.36288,3.6288,58.0301,0.609126,0,0,1.1931,0.179963,0,0.66528,12.849,1,0.942799,0.36288,0,83.2058,3.79575,78.8301,0.84672,12.849,0.84672,3695.15,0,36.966,0.390742,1.92221,2.20488,7.77242,0.974648,10.5341,0.42336,36.966,0.42336,423.524,0,1.02816,0,0,2.95037,1.92221,1.028160,1,0,89.3642,0,0,0,89.3642,0
34.1038,2.47004,0,0,3.11939,0.146283,0.36288,3.6288,58.7525,0.610779,0,0,1.5136,0.180433,0,0.66528,12.849,1,0.934458,0.36288,0,71.121,3.79575,66.7537,0.84672,12.849,0.84672,3695.15,0,36.966,0.389075,2.88907,2.20486,10.7237,0.974648,14.4539,0.42336,36.966,0.42336,423.524,0,1.02816,0,0,3.91723,2.88907,1.028160,1,0,81.2076,0,0,0,81.2076,0
32.738,2.28658,0,0,1.46382,0.180158,0.36288,3.6288,58.9112,0.488671,0,0,0.815962,0.168596,0,0.66528,12.849,1,0.861496,0.36288,0,32.3841,3.80601,28.0795,0.84672,12.849,0.84672,3695.15,0,36.966,0.307463,1.52451,2.20485,3.74126,0.935872,6.22728,0.42336,36.966,0.42336,423.524,0,1.02816,0,0,2.55267,1.52451,1.028160,1,0,34.3068,0,0,0,34.3068,0
32.6351,2.26075,0,0,2.70336,0.182651,0.36288,3.6288,59.6309,0.489172,0,0,1.37553,0.166653,0,0.66528,12.849,1,0.8873,0.36288,0,61.8447,3.80772,57.5125,0.84672,12.849,0.84672,3695.15,0,36.966,0.306949,3.37401,1.9994,5.25367,0.92941,9.39073,0.42336,36.966,0.42336,423.524,0,1.02816,0,0,4.40217,3.37401,1.028160,1,0,66.9033,0,0,0,66.9033,0
32.3027,2.25873,0,0,2.47434,0.185078,0.36288,3.6288,60.3937,0.491451,0,0,1.46934,0.21512,0,0.66528,12.849,1,0.889302,0.36288,0,61.4992,4.53033,56.4424,0.84672,12.849,0.84672,3695.15,0,36.966,0.304657,2.32808,1.99938,6.01339,1.21442,8.82178,0.42336,36.966,0.42336,423.524,0,1.02816,0,0,3.35624,2.32808,1.028160,1,0,65.2642,0,0,0,65.2642,0
32.9076,2.25217,0,0,3.38567,0.16571,0.36288,3.6288,61.308,0.493829,0,0,2.13912,0.214582,0.516394,0.66528,12.849,1,0.895841,0.36288,0,78.6726,3.84885,74.2907,0.84672,12.849,0.84672,3695.15,0,36.966,0.302265,4.05982,1.99937,6.83884,0.959491,11.6363,0.42336,36.966,0.42336,423.524,0,1.02816,0,0,5.08798,4.05982,1.028160,1,0,86.4434,0,0,0,86.4434,0
32.7201,2.264,0,0,2.61046,0.171108,0.36288,3.6288,61.308,0.496633,0,0,1.34916,0.199273,0.653251,0.66528,12.849,1,0.883992,0.36288,0,66.7393,3.2551,62.963,0.84672,12.849,0.84672,3695.15,0,36.966,0.299448,3.20643,1.99936,7.78633,0.870951,11.8217,0.42336,36.966,0.42336,423.524,0,1.02816,0,0,4.23459,3.20643,1.028160,1,0,75.438,0,0,0,75.438,0
32.0196,2.33114,0,0,2.17455,0.181012,0.36288,3.6288,61.2452,0.533417,0,0,0.670727,0.200084,0,0.66528,12.849,1,0.915426,0.36288,0,48.6208,2.88005,45.1882,0.84672,12.849,0.84672,3695.15,0,36.966,0.321627,1.16677,1.99934,5.46369,0.872706,7.43547,0.42336,36.966,0.42336,423.524,0,1.02816,0,0,2.19493,1.16677,1.028160,1,0,52.6237,0,0,0,52.6237,0
30.6965,2.31681,0,0,1.53598,0.17943,0.36288,3.6288,61.228,0.533194,0,0,0.715973,0.200004,0,0.66528,12.849,1,0.929703,0.36288,0,41.9789,2.88005,38.532,0.84672,12.849,0.84672,3695.15,0,36.966,0.321822,1.10206,2.06337,4.28893,0.872706,6.25983,0.42336,36.966,0.42336,423.524,0,1.02816,0,0,2.13022,1.10206,1.028160,1,0,44.7919,0,0,0,44.7919,0
31.9824,2.28853,0,0,4.11377,0.17641,0.36288,3.6288,61.308,0.533119,0,0,2.04774,0.199982,1.23464,0.66528,12.849,1,0.957937,0.36288,0,128.78,2.88005,125.305,0.84672,12.849,0.84672,3695.15,0,36.966,0.321867,3.8691,2.06334,10.8277,0.872706,15.5655,0.42336,36.966,0.42336,423.524,0,1.02816,0,0,4.89726,3.8691,1.028160,1,0,142.105,0,0,0,142.105,0
32.9757,2.31597,0,0,3.85812,0.185986,0.36288,3.6288,61.308,0.533362,0,0,2.21232,0.204896,1.47407,0.66528,12.849,1,0.930445,0.36288,0,119.594,2.9715,116.055,0.84672,12.849,0.84672,3695.15,0,36.966,0.321594,5.05938,2.06331,9.4087,0.896173,15.3136,0.42336,36.966,0.42336,423.524,0,1.02816,0,0,6.08754,5.05938,1.028160,1,0,132.843,0,0,0,132.843,0
34.1503,2.56396,0,0,4.2647,0.163241,0.36288,3.6288,61.308,0.66528,0,0,0.860295,0.189007,0.00600774,0.66528,12.849,1,0.999048,0.36288,0,203.787,3.05193,200.099,0.84672,12.849,0.84672,3695.15,0,36.966,0.411057,1.77586,2.06327,4.36245,0.873303,6.91722,0.42336,36.966,0.42336,423.524,0,1.02816,0,0,2.80402,1.77586,1.028160,1,0,207.022,0,0,0,207.022,0
35.4374,2.58889,0,0,4.40441,0.165625,0.36288,3.6288,61.308,0.66528,0,0,0.990922,0.189007,0.136634,0.66528,12.849,1,0.974064,0.36288,0,105.337,3.05193,101.674,0.84672,12.849,0.84672,3695.15,0,36.966,0.411025,2.1025,2.29364,4.20878,0.873303,7.32059,0.42336,36.966,0.42336,423.524,0,1.02816,0,0,3.13066,2.1025,1.028160,1,0,109.131,0,0,0,109.131,0
36.0291,2.61481,0,0,3.75272,0.183289,0.36288,3.6288,61.308,0.66528,0,0,0.943447,0.177702,0.100464,0.66528,12.849,1,0.948087,0.36288,0,95.8703,3.11758,92.1675,0.84672,12.849,0.84672,3695.15,0,36.966,0.410991,1.9273,2.29361,3.6972,0.844554,6.66256,0.42336,36.966,0.42336,423.524,0,1.02816,0,0,2.95546,1.9273,1.028160,1,0,98.9305,0,0,0,98.9305,0
37.9422,2.62625,0,0,5.10707,0.204809,0.36288,3.6288,61.308,0.66528,0,0,1.63372,0.162629,0.805813,0.66528,12.849,1,0.936594,0.36288,0,89.1812,3.20512,85.4024,0.84672,12.849,0.84672,3695.15,0,36.966,0.410959,6.67026,2.29357,8.7634,0.80622,16.5101,0.42336,36.966,0.42336,423.524,0,1.02816,0,0,7.69842,6.67026,1.028160,1,0,102.718,0,0,0,102.718,0
39.4859,2.32412,0,0,4.44893,0.218248,0.36288,3.6288,61.308,0.486032,0,0,1.66816,0.202735,0.979397,0.66528,12.849,1,0.787056,0.36288,0,105.52,3.85182,101.244,0.84672,12.849,0.84672,3695.15,0,36.966,0.293056,4.53905,2.29353,7.42691,0.985489,12.9809,0.42336,36.966,0.42336,423.524,0,1.02816,0,0,5.56721,4.53905,1.028160,1,0,115.205,0,0,0,115.205,0
40.1734,2.3473,0,0,3.61984,0.222194,0.36288,3.6288,61.308,0.486015,0,0,1.49943,0.202735,0.810676,0.66528,12.849,1,0.763829,0.36288,0,91.5157,3.85182,87.263,0.84672,12.849,0.84672,3695.15,0,36.966,0.293045,3.49611,1.97931,5.73641,0.985489,9.93329,0.42336,36.966,0.42336,423.524,0,1.02816,0,0,4.52427,3.49611,1.028160,1,0,98.0069,0,0,0,98.0069,0
42.128,2.35717,0,0,4.89867,0.223994,0.36288,3.6288,61.308,0.485997,0,0,2.08928,0.202735,1.40054,0.66528,12.849,1,0.753913,0.36288,0,143.715,3.85182,139.472,0.84672,12.849,0.84672,3695.15,0,36.966,0.293035,5.65015,1.97928,7.20908,0.985489,13.56,0.42336,36.966,0.42336,423.524,0,1.02816,0,0,6.67831,5.65015,1.028160,1,0,154.433,0,0,0,154.433,0
45.27,2.38393,0,0,6.11495,0.226141,0.36288,3.6288,61.308,0.485979,0,0,2.29118,0.168372,1.63683,0.66528,12.849,1,0.727098,0.36288,0,188.286,3.31389,184.608,0.84672,12.849,0.84672,3695.15,0,36.966,0.293024,6.82992,1.97925,9.58128,0.893359,17.2041,0.42336,36.966,0.42336,423.524,0,1.02816,0,0,7.85808,6.82992,1.028160,1,0,203.449,0,0,0,203.449,0
48.437,2.4232,0,0,6.18769,0.234593,0.36288,3.6288,61.308,0.485962,0,0,1.91538,0.177862,1.25156,0.66528,12.849,1,0.687779,0.36288,0,164.478,3.75019,160.403,0.84672,12.849,0.84672,3695.15,0,36.966,0.293013,6.8002,1.97922,8.17817,0.989386,15.6752,0.42336,36.966,0.42336,423.524,0,1.02816,0,0,7.82836,6.8002,1.028160,1,0,177.33,0,0,0,177.33,0
50.1016,2.54854,0,0,4.81952,0.243493,0.36288,3.6288,61.308,0.531286,0,0,1.25385,0.189275,0.533293,0.66528,12.849,1,0.676058,0.36288,0,192.904,4.14467,188.447,0.84672,12.849,0.84672,3695.15,0,36.966,0.320342,4.37626,1.97919,5.63713,1.07292,10.5993,0.42336,36.966,0.42336,423.524,0,1.02816,0,0,5.40442,4.37626,1.028160,1,0,199.579,0,0,0,199.579,0
50.0513,2.77984,0,0,3.34032,0.247879,0.36288,3.6288,61.308,0.628806,0,0,1.05312,0.189275,0.235038,0.66528,12.849,1,0.712915,0.36288,0,110.146,4.14467,105.651,0.84672,12.849,0.84672,3695.15,0,36.966,0.379142,3.18532,2.05661,4.08458,1.07292,7.87444,0.42336,36.966,0.42336,423.524,0,1.02816,0,0,4.21348,3.18532,1.028160,1,0,113.761,0,0,0,113.761,0
50.032,3.11611,0,0,3.70868,0.249046,0.36288,3.6288,61.308,0.364674,0,0,1.17399,0.197339,0.611981,0.66528,12.849,1,0.799956,0.36288,0,104.622,4.31526,99.8694,0.84672,12.849,0.84672,3695.15,0,36.966,0.219882,3.86076,2.22764,5.26306,1.08756,10.044,0.42336,36.966,0.42336,423.524,0,1.02816,0,0,4.88892,3.86076,1.028160,1,0,110.525,0,0,0,110.525,0
49.5629,3.11582,0,0,3.25082,0.241187,0.36288,3.6288,61.308,0.364654,0,0,1.01557,0.237293,0.413619,0.66528,12.849,1,0.800191,0.36288,0,96.2479,4.82214,90.9884,0.84672,12.849,0.84672,3695.15,0,36.966,0.21987,3.42586,1.97986,4.78343,1.14577,8.82352,0.42336,36.966,0.42336,423.524,0,1.02816,0,0,4.45402,3.42586,1.028160,1,0,100.226,0,0,0,100.226,0
49.5464,2.52529,0,0,3.07281,0.201175,0.36288,3.6288,61.308,0.513603,0,0,0.757087,0.216221,0.0272627,0.66528,12.849,1,0.654671,0.36288,0,95.8003,3.53042,91.9781,0.84672,12.849,0.84672,3695.15,0,36.966,0.30968,2.81025,1.97982,4.21501,1.07173,7.62367,0.42336,36.966,0.42336,423.524,0,1.02816,0,0,3.83841,2.81025,1.028160,1,0,99.629,0,0,0,99.629,0
49.5931,2.52508,0,0,3.13579,0.20114,0.36288,3.6288,61.2298,0.513585,0,0,0.651587,0.216221,0,0.66528,12.849,1,0.654835,0.36288,0,92.4826,3.53042,88.6602,0.84672,12.849,0.84672,3695.15,0,36.966,0.309669,2.1328,2.02635,4.16892,1.07173,6.94668,0.42336,36.966,0.42336,423.524,0,1.02816,0,0,3.16096,2.1328,1.028160,1,0,95.6069,0,0,0,95.6069,0
49.1893,3.07183,0,0,3.20733,0.176419,0.36288,3.6288,61.2907,0.345356,0,0,0.637197,0.230943,0,0.66528,12.849,1,0.795876,0.36288,0,95.8427,4.70004,90.7096,0.84672,12.849,0.84672,3695.15,0,36.966,0.2085,2.2722,2.02632,5.18457,1.11784,8.15675,0.42336,36.966,0.42336,423.524,0,1.02816,0,0,3.30036,2.2722,1.028160,1,0,98.8664,0,0,0,98.8664,0
48.5521,2.73093,0,0,2.5853,0.128657,0.36288,3.6288,61.0349,0.609549,0,0,0.604817,0.251,0,0.66528,12.849,1,0.713362,0.36288,0,62.2052,5.40657,56.4481,0.84672,12.849,0.84672,3695.15,0,36.966,0.367635,2.05356,1.94707,3.91599,1.2377,6.3113,0.42336,36.966,0.42336,423.524,0,1.02816,0,0,3.08172,2.05356,1.028160,1,0,62.7594,0,0,0,62.7594,0
47.4217,3.18745,0,0,2.55061,0.130688,0.36288,3.6288,60.9269,0.412425,0,0,0.580572,0.27624,0,0.66528,12.849,1,0.843537,0.36288,0,66.811,4.81821,61.5121,0.84672,12.849,0.84672,3695.15,0,36.966,0.249786,1.74437,2.19479,3.92838,1.29057,6.32719,0.42336,36.966,0.42336,423.524,0,1.02816,0,0,2.77253,1.74437,1.028160,1,0,67.8393,0,0,0,67.8393,0
46.1886,3.17158,0,0,2.402,0.100673,0.36288,3.6288,60.7845,0.412128,0,0,0.537104,0.26732,0,0.66528,12.849,1,0.859346,0.36288,0,66.7164,4.78474,61.4351,0.84672,12.849,0.84672,3695.15,0,36.966,0.25005,1.41368,2.06139,3.70997,1.25309,5.6819,0.42336,36.966,0.42336,423.524,0,1.02816,0,0,2.44184,1.41368,1.028160,1,0,67.117,0,0,0,67.117,0
44.8294,3.15359,0,0,2.25662,0.0993102,0.36288,3.6288,60.6378,0.411744,0,0,0.532101,0.267079,0,0.66528,12.849,1,0.877283,0.36288,0,58.5433,4.78474,53.2442,0.84672,12.849,0.84672,3695.15,0,36.966,0.250401,1.61138,2.06135,3.37834,1.25309,5.54758,0.42336,36.966,0.42336,423.524,0,1.02816,0,0,2.63954,1.61138,1.028160,1,0,58.7918,0,0,0,58.7918,0
43.4031,3.13287,0,0,2.16724,0.0978076,0.36288,3.6288,60.4759,0.411347,0,0,0.516332,0.26683,0,0.66528,12.849,1,0.897943,0.36288,0,52.666,4.78474,47.3462,0.84672,12.849,0.84672,3695.15,0,36.966,0.250765,1.59886,2.06131,3.1504,1.25309,5.30672,0.42336,36.966,0.42336,423.524,0,1.02816,0,0,2.62702,1.59886,1.028160,1,0,52.6529,0,0,0,52.6529,0
41.6604,3.11006,0,0,1.81895,0.088732,0.36288,3.6288,60.2416,0.41091,0,0,0.446394,0.269856,0,0.66528,12.849,1,0.920699,0.36288,0,43.2337,4.99862,37.6773,0.84672,12.849,0.84672,3695.15,0,36.966,0.251169,1.09271,2.06128,2.28008,1.28906,3.89385,0.42336,36.966,0.42336,423.524,0,1.02816,0,0,2.12087,1.09271,1.028160,1,0,41.5711,0,0,0,41.5711,0
39.7271,3.05589,0,0,1.57245,0.0869743,0.36288,3.6288,59.9376,0.447209,0,0,0.404933,0.26168,0,0.66528,12.849,1,0.942505,0.36288,0,37.4488,5.14794,31.7212,0.84672,12.849,0.84672,3695.15,0,36.966,0.27442,0.662308,2.06124,1.82355,1.28186,2.99082,0.42336,36.966,0.42336,423.524,0,1.02816,0,0,1.69047,0.662308,1.028160,1,0,34.712,0,0,0,34.712,0
37.6957,3.02119,0,0,1.43765,0.0850068,0.36288,3.6288,59.6253,0.446327,0,0,0.395213,0.261173,0,0.66528,12.849,1,0.977149,0.36288,0,36.9201,5.14794,31.1579,0.84672,12.849,0.84672,3695.15,0,36.966,0.275268,0.693351,2.10119,1.80113,1.28186,3.03854,0.42336,36.966,0.42336,423.524,0,1.02816,0,0,1.72151,0.693351,1.028160,1,0,34.1964,0,0,0,34.1964,0
35.5818,2.98188,0,0,1.31391,0.0830256,0.36288,3.6288,59.2888,0.445416,0,0,0.369582,0.260653,0,0.66528,12.849,1,1.01641,0.36288,0,34.7265,5.14794,28.925,0.84672,12.849,0.84672,3695.15,0,36.966,0.276145,0.443051,2.10115,1.71392,1.28186,2.70011,0.42336,36.966,0.42336,423.524,0,1.02816,0,0,1.47121,0.443051,1.028160,1,0,31.6251,0,0,0,31.6251,0
33.4312,2.93747,0,0,1.22118,0.0714395,0.36288,3.6288,58.9033,0.44443,0,0,0.355496,0.296569,0,0.66528,12.849,1,1.06076,0.36288,0,31.2646,5.66409,24.9027,0.84672,12.849,0.84672,3695.15,0,36.966,0.277097,0.406866,2.10111,1.64625,1.44683,2.4303,0.42336,36.966,0.42336,423.524,0,1.02816,0,0,1.43503,0.406866,1.028160,1,0,27.333,0,0,0,27.333,0
31.4122,2.9484,0,0,1.35281,0.060528,0.36288,3.6288,58.5617,0.475919,0,0,0.447818,0.313555,0,0.66528,12.849,1,1.13319,0.36288,0,29.1854,6.02463,22.3905,0.84672,12.849,0.84672,3695.15,0,36.966,0.298673,0.399038,2.10108,1.80665,1.48961,2.51848,0.42336,36.966,0.42336,423.524,0,1.02816,0,0,1.4272,0.399038,1.028160,1,0,24.9089,0,0,0,24.9089,0
29.4591,2.89667,0,0,1.3621,0.055589,0.36288,3.6288,58.1951,0.474829,0,0,0.425513,0.317233,0,0.66528,12.849,1,1.18487,0.36288,0,38.2296,6.0626,31.345,0.84672,12.849,0.84672,3695.15,0,36.966,0.299727,0.56954,2.1577,1.98871,1.5121,2.90412,0.42336,36.966,0.42336,423.524,0,1.02816,0,0,1.5977,0.56954,1.028160,1,0,34.2491,0,0,0,34.2491,0
27.4756,2.84194,0,0,1.27541,0.05417,0.36288,3.6288,57.8007,0.473654,0,0,0.3957,0.316484,0,0.66528,12.849,1,1.23955,0.36288,0,30.6948,6.0626,23.7555,0.84672,12.849,0.84672,3695.15,0,36.966,0.300868,0.539922,2.15766,1.79266,1.5121,2.67728,0.42336,36.966,0.42336,423.524,0,1.02816,0,0,1.56808,0.539922,1.028160,1,0,26.4328,0,0,0,26.4328,0
25.4403,2.78092,0,0,1.16122,0.0527201,0.36288,3.6288,57.3883,0.47238,0,0,0.375659,0.315679,0,0.66528,12.849,1,1.3005,0.36288,0,27.9742,6.0626,20.9739,0.84672,12.849,0.84672,3695.15,0,36.966,0.302107,0.298616,2.15762,1.67215,1.5121,2.31418,0.42336,36.966,0.42336,423.524,0,1.02816,0,0,1.32678,0.298616,1.028160,1,0,23.2881,0,0,0,23.2881,0
23.3643,2.87408,0,0,1.20726,0.0462496,0.36288,3.6288,56.9675,0.587602,0,0,0.492257,0.325475,0,0.66528,12.849,1,1.4516,0.36288,0,28.7084,6.35074,21.2689,0.84672,12.849,0.84672,3695.15,0,36.966,0.378497,0.820869,2.15758,2.30273,1.56468,3.33801,0.42336,36.966,0.42336,423.524,0,1.02816,0,0,1.84903,0.820869,1.028160,1,0,24.6069,0,0,0,24.6069,0
21.1621,2.79082,0,0,0.994404,0.0429457,0.36288,3.6288,56.4834,0.585883,0,0,0.430687,0.32883,0,0.66528,12.849,1,1.53479,0.36288,0,26.1589,6.466,18.521,0.84672,12.849,0.84672,3695.15,0,36.966,0.380178,0.53835,2.3514,2.1251,1.58571,3.04897,0.42336,36.966,0.42336,423.524,0,1.02816,0,0,1.56651,0.53835,1.028160,1,0,21.5699,0,0,0,21.5699,0
19.1249,2.69141,0,0,1.05877,0.0416857,0.36288,3.6288,55.9989,0.583891,0,0,0.427177,0.327795,0,0.66528,12.849,1,1.63414,0.36288,0,24.4361,6.466,16.6988,0.84672,12.849,0.84672,3695.15,0,36.966,0.382132,0.514158,2.35135,2.23975,1.58571,3.13743,0.42336,36.966,0.42336,423.524,0,1.02816,0,0,1.54232,0.514158,1.028160,1,0,19.8362,0,0,0,19.8362,0
17.7177,2.58725,0,0,1.58915,0.046198,0.36288,3.6288,55.601,0.581877,0,0,0.508633,0.324686,0,0.66528,12.849,1,1.73824,0.36288,0,36.0839,6.40663,28.3019,0.84672,12.849,0.84672,3695.15,0,36.966,0.384108,0.818908,2.35131,2.38021,1.57842,3.5879,0.42336,36.966,0.42336,423.524,0,1.02816,0,0,1.84707,0.818908,1.028160,1,0,31.8898,0,0,0,31.8898,0
16.491,2.50719,0,0,1.69445,0.0510349,0.36288,3.6288,55.2897,0.580203,0,0,0.567995,0.299129,0,0.66528,12.849,1,1.81824,0.36288,0,30.9529,6.0066,23.4909,0.84672,12.849,0.84672,3695.15,0,36.966,0.385745,0.947238,2.35127,2.54657,1.51691,3.94243,0.42336,36.966,0.42336,423.524,0,1.02816,0,0,1.9754,0.947238,1.028160,1,0,27.4334,0,0,0,27.4334,0
14.4212,2.36422,0,0,0.699831,0.042542,0.36288,3.6288,54.85,0.509171,0,0,0.344142,0.274613,0,0.66528,12.849,1,1.84209,0.36288,0,15.0269,5.58201,7.96573,0.84672,12.849,0.84672,3695.15,0,36.966,0.340426,0.472098,2.35123,1.83733,1.46037,2.85987,0.42336,36.966,0.42336,423.524,0,1.02816,0,0,1.50026,0.472098,1.028160,1,0,10.8256,0,0,0,10.8256,0
12.4739,2.22438,0,0,0.680754,0.0408102,0.36288,3.6288,54.3871,0.50752,0,0,0.318371,0.27382,0,0.66528,12.849,1,1.98188,0.36288,0,13.7269,5.58201,6.52588,0.84672,12.849,0.84672,3695.15,0,36.966,0.342041,0.343699,2.23902,1.80536,1.46037,2.58567,0.42336,36.966,0.42336,423.524,0,1.02816,0,0,1.37186,0.343699,1.028160,1,0,9.11155,0,0,0,9.11155,0
11.3007,2.07194,0,0,1.36852,0.106895,0.36288,3.6288,54.3926,0.505765,0,0,0.682836,0.171499,0,0.66528,12.849,1,2.13425,0.36288,0,37.3226,4.1286,31.4227,0.84672,12.849,0.84672,3695.15,0,36.966,0.34376,0.943652,2.23898,4.54875,1.00608,6.38154,0.42336,36.966,0.42336,423.524,0,1.02816,0,0,1.97181,0.943652,1.028160,1,0,37.8042,0,0,0,37.8042,0
11.0224,1.96823,0,0,2.15688,0.104104,0.36288,3.6288,54.3283,0.505764,0,0,0.612925,0.171505,0,0.66528,12.849,1,2.2379,0.36288,0,42.2459,4.1286,36.2423,0.84672,12.849,0.84672,3695.15,0,36.966,0.343724,1.27906,2.23894,2.95495,1.00608,5.12314,0.42336,36.966,0.42336,423.524,0,1.02816,0,0,2.30722,1.27906,1.028160,1,0,41.3654,0,0,0,41.3654,0
9.57484,1.89699,0,0,0.927193,0.114831,0.36288,3.6288,53.8836,0.508842,0,0,0.234282,0.170121,0,0.66528,12.849,1,2.21137,0.36288,0,14.5812,3.90201,8.83071,0.84672,12.849,0.84672,3695.15,0,36.966,0.346225,0.216518,2.2389,1.8779,1.01546,2.97164,0.42336,36.966,0.42336,423.524,0,0.916678,0,0,1.1332,0.216518,1.028160,1,0,11.8024,0,0,0,11.8024,0
9.8853,1.57345,0,0,2.3576,0.110815,0.36288,3.6288,53.7988,0.66528,0,0,0.750073,0.169621,0,0.66528,12.849,1,2.11149,0.36288,0,40.6802,3.90201,35.0296,0.84672,12.849,0.84672,3695.15,0,36.966,0.42336,2.41998,2.13876,4.38873,1.01546,7.50865,0.42336,36.966,0.42336,423.524,0,1.02816,0,0,3.44814,2.41998,1.028160,1,0,42.5383,0,0,0,42.5383,0
10.388,1.78634,0,0,2.7743,0.122386,0.36288,3.6288,54.1709,0.440703,0,0,0.967459,0.1546,0,0.66528,12.849,1,2.3219,0.36288,0,48.5359,3.68436,42.8925,0.84672,12.849,0.84672,3695.15,0,36.966,0.302814,1.22122,2.326,4.44638,0.953805,6.73698,0.42336,36.966,0.42336,423.524,0,1.02816,0,0,2.24938,1.22122,1.028160,1,0,49.6295,0,0,0,49.6295,0
