0cont_fund,0ins_pout,0ins_price,0infra_npv,0debt_serv,0gross_rev,0cont_contrib,0drought_cost
0,0,0,0,3.27677e+179,2.27965e+07,-859486,859486
0,0,0,0,0,2.27157e+07,-758383,758383
0,0,0,0,0,2.27211e+07,-755742,755742
0,0,0,0,0,2.27264e+07,-753101,753101
0,0,0,0,0,2.50686e+07,-684110,684110
139236,0,0,0,0,2.43566e+07,139236,0
281424,0,0,0,0,2.43626e+07,142188,0
426564,0,0,0,0,2.43685e+07,145141,0
483159,0,0,0,0,2.11536e+07,56594.5,0
0,0,0,0,0,2.19829e+07,-882635,0
0,0,0,0,0,2.19901e+07,-882430,882430
0,0,0,0,0,2.19973e+07,-882225,882225
0,0,0,0,0,2.20045e+07,-882020,882020
0,0,0,0,0,2.28107e+07,-859111,859111
0,0,0,0,0,2.27121e+07,-737685,737685
0,0,0,0,0,2.27175e+07,-735041,735041
0,0,0,0,0,2.27228e+07,-732395,732395
0,0,0,0,0,2.24166e+07,-738606,738606
0,0,0,0,0,2.25138e+07,-841082,841082
0,0,0,0,0,2.25191e+07,-838474,838474
0,0,0,0,0,2.25244e+07,-835866,835866
0,0,0,0,0,2.36159e+07,-802401,802401
0,0,0,0,0,2.32949e+07,-426478,426478
0,0,0,0,0,2.33005e+07,-423727,423727
636515,0,0,0,0,2.23806e+07,636515,0
218291,0,0,0,0,2.33116e+07,-418223,0
0,0,0,0,0,2.35734e+07,-408410,0
0,0,0,0,0,2.33992e+07,-200125,200125
0,0,0,0,0,2.34048e+07,-197297,197297
0,0,0,0,0,2.34104e+07,-194467,194467
0,0,0,0,0,2.39593e+07,-176198,176198
10064.1,0,0,0,0,2.38045e+07,10064.1,0
23028.5,0,0,0,0,2.38103e+07,12964.4,0
38893.8,0,0,0,0,2.3816e+07,15865.3,0
108833,0,0,0,0,2.56259e+07,69939.2,0
821523,0,0,0,0,2.50724e+07,712690,0
1.53446e+06,0,0,0,0,2.50811e+07,712937,0
2.24764e+06,0,0,0,0,2.50898e+07,713185,0
2.96108e+06,0,0,0,0,2.50985e+07,713432,0
3.64603e+06,0,0,0,0,2.40924e+07,684953,0
3.9658e+06,0,0,0,0,2.44205e+07,319769,0
4.28857e+06,0,0,0,0,2.44265e+07,322774,0
4.61435e+06,0,0,0,0,2.44324e+07,325780,0
4.91783e+06,0,0,0,0,2.35433e+07,303473,0
4.85685e+06,0,0,0,0,2.38705e+07,-60971,0
4.79876e+06,0,0,0,0,2.38763e+07,-58098.8,0
4.74353e+06,0,0,0,0,2.3882e+07,-55226.5,0
4.63232e+06,0,0,0,0,2.18123e+07,-111211,0
3.76391e+06,0,0,0,0,2.24825e+07,-868412,0
2.8957e+06,0,0,0,0,2.24898e+07,-868203,0
2.02771e+06,0,0,0,0,2.24972e+07,-867994,0
1.16078e+06,0,0,0,0,2.25038e+07,-866926,0
315683,0,0,0,3.27677e+179,2.31855e+07,-845101,0
0,0,0,0,0,2.29963e+07,-620265,0
0,0,0,0,0,2.30016e+07,-617672,617672
0,0,0,0,0,2.30068e+07,-615077,615077
0,0,0,0,0,2.53914e+07,-544929,544929
293278,0,0,0,0,2.46662e+07,293278,0
589455,0,0,0,0,2.46721e+07,296177,0
888531,0,0,0,0,2.46779e+07,299076,0
1.09735e+06,0,0,0,0,2.14046e+07,208819,0
225372,0,0,0,0,2.23576e+07,-871978,0
0,0,0,0,0,2.23647e+07,-871777,421033
0,0,0,0,0,2.23717e+07,-871576,871576
0,0,0,0,0,2.23788e+07,-871375,871375
0,0,0,0,0,2.31993e+07,-848060,848060
0,0,0,0,0,2.29901e+07,-600435,600435
0,0,0,0,0,2.29954e+07,-597838,597838
0,0,0,0,0,2.30006e+07,-595241,595241
0,0,0,0,0,2.26887e+07,-601658,601658
0,0,0,0,0,2.27875e+07,-706075,706075
0,0,0,0,0,2.27927e+07,-703515,703515
0,0,0,0,0,2.27979e+07,-700954,700954
0,0,0,0,0,2.39088e+07,-666982,666982
0,0,0,0,0,2.35818e+07,-284406,284406
0,0,0,0,0,2.35873e+07,-281704,281704
0,0,0,0,0,2.35927e+07,-279003,279003
0,0,0,0,0,2.35982e+07,-276301,276301
0,0,0,0,0,2.38645e+07,-266411,266411
0,0,0,0,0,2.36869e+07,-54498.7,54498.7
0,0,0,0,0,2.36924e+07,-51722.4,51722.4
0,0,0,0,0,2.36979e+07,-48944.8,48944.8
0,0,0,0,0,2.42564e+07,-30451.9,30451.9
159031,0,0,0,0,2.40987e+07,159031,0
320909,0,0,0,0,2.41043e+07,161878,0
485636,0,0,0,0,2.411e+07,164726,0
705293,0,0,0,0,2.59519e+07,219658,0
1.43065e+06,0,0,0,0,2.55181e+07,725360,0
2.15626e+06,0,0,0,0,2.55267e+07,725602,0
2.8821e+06,0,0,0,0,2.55352e+07,725845,0
3.60819e+06,0,0,0,0,2.55438e+07,726088,0
4.30528e+06,0,0,0,0,2.45195e+07,697095,0
4.77857e+06,0,0,0,0,2.47238e+07,473285,0
5.2548e+06,0,0,0,0,2.47296e+07,476235,0
5.73399e+06,0,0,0,0,2.47354e+07,479186,0
6.19037e+06,0,0,0,0,2.38304e+07,456376,0
6.27575e+06,0,0,0,0,2.41632e+07,85381.8,0
6.36395e+06,0,0,0,0,2.41688e+07,88201.1,0
6.45497e+06,0,0,0,0,2.41745e+07,91021,0
6.48892e+06,0,0,0,0,2.20681e+07,33946.2,0
5.74582e+06,0,0,0,0,2.27555e+07,-743098,0
5.00526e+06,0,0,0,0,2.27606e+07,-740556,0
4.26725e+06,0,0,0,0,2.27658e+07,-738015,0
3.53178e+06,0,0,0,0,2.2771e+07,-735472,0
2.81842e+06,0,0,0,3.27677e+179,2.34645e+07,-713357,0
2.33375e+06,0,0,0,0,2.32717e+07,-484668,0
1.85162e+06,0,0,0,0,2.32769e+07,-482128,0
1.37204e+06,0,0,0,0,2.32821e+07,-479588,0
963726,0,0,0,0,2.57081e+07,-408309,0
1.40821e+06,0,0,0,0,2.49701e+07,444479,0
1.85552e+06,0,0,0,0,2.49758e+07,447318,0
2.30568e+06,0,0,0,0,2.49815e+07,450158,0
2.66389e+06,0,0,0,0,2.16508e+07,358214,0
1.88243e+06,0,0,0,0,2.26552e+07,-781461,0
1.10341e+06,0,0,0,0,2.26602e+07,-779019,0
326837,0,0,0,0,2.26651e+07,-776577,0
0,0,0,0,0,2.26701e+07,-774133,120459
0,0,0,0,0,2.35026e+07,-748174,748174
0,0,0,0,0,2.32628e+07,-465775,465775
0,0,0,0,0,2.3268e+07,-463232,463232
0,0,0,0,0,2.32732e+07,-460688,460688
0,0,0,0,0,2.29556e+07,-467315,467315
0,0,0,0,0,2.30559e+07,-573642,573642
0,0,0,0,0,2.3061e+07,-571135,571135
0,0,0,0,0,2.30661e+07,-568627,568627
0,0,0,0,0,2.4196e+07,-534164,534164
0,0,0,0,0,2.38632e+07,-145068,145068
0,0,0,0,0,2.38685e+07,-142423,142423
0,0,0,0,0,2.38739e+07,-139778,139778
0,0,0,0,0,2.38792e+07,-137131,137131
0,0,0,0,0,2.41499e+07,-127174,127174
88288.1,0,0,0,0,2.39691e+07,88288.1,0
179295,0,0,0,0,2.39744e+07,91007.1,0
273022,0,0,0,0,2.39798e+07,93726.6,0
385453,0,0,0,0,2.45477e+07,112432,0
690519,0,0,0,0,2.43871e+07,305065,0
998372,0,0,0,0,2.43926e+07,307853,0
1.30901e+06,0,0,0,0,2.43981e+07,310642,0
1.67542e+06,0,0,0,0,2.62714e+07,366406,0
2.4132e+06,0,0,0,0,2.5955e+07,737777,0
3.15121e+06,0,0,0,0,2.59633e+07,738015,0
3.88946e+06,0,0,0,0,2.59717e+07,738253,0
4.62796e+06,0,0,0,0,2.59801e+07,738491,0
5.33695e+06,0,0,0,0,2.4938e+07,708994,0
5.96066e+06,0,0,0,0,2.50209e+07,623711,0
6.58726e+06,0,0,0,0,2.50266e+07,626600,0
7.21675e+06,0,0,0,0,2.50323e+07,629490,0
7.82293e+06,0,0,0,0,2.41117e+07,606179,0
8.05169e+06,0,0,0,0,2.44499e+07,228761,0
8.28321e+06,0,0,0,0,2.44554e+07,231521,0
8.51749e+06,0,0,0,0,2.44609e+07,234283,0
8.69363e+06,0,0,0,0,2.23186e+07,176133,0
8.07942e+06,0,0,0,0,2.30175e+07,-614202,0
7.46771e+06,0,0,0,0,2.30225e+07,-611713,0
6.85849e+06,0,0,0,0,2.30276e+07,-609225,0
6.25175e+06,0,0,0,0,2.30326e+07,-606735,0
5.66741e+06,0,0,0,3.27677e+179,2.37376e+07,-584343,0
5.31552e+06,0,0,0,0,2.35414e+07,-351885,0
4.96612e+06,0,0,0,0,2.35465e+07,-349402,0
4.6192e+06,0,0,0,0,2.35515e+07,-346919,0
4.34466e+06,0,0,0,0,2.60183e+07,-274540,0
4.93718e+06,0,0,0,0,2.52676e+07,592518,0
5.53247e+06,0,0,0,0,2.52732e+07,595294,0
6.13054e+06,0,0,0,0,2.52787e+07,598069,0
6.63501e+06,0,0,0,0,2.18918e+07,504469,0
5.98055e+06,0,0,0,0,2.29129e+07,-654466,0
5.32847e+06,0,0,0,0,2.29178e+07,-652079,0
4.67877e+06,0,0,0,0,2.29226e+07,-649692,0
4.03147e+06,0,0,0,0,2.29275e+07,-647303,0
3.41047e+06,0,0,0,0,2.37737e+07,-621006,0
3.07649e+06,0,0,0,0,2.35298e+07,-333977,0
2.745e+06,0,0,0,0,2.35348e+07,-331491,0
2.41599e+06,0,0,0,0,2.35398e+07,-329005,0
2.08015e+06,0,0,0,0,2.32168e+07,-335843,0
1.63611e+06,0,0,0,0,2.33186e+07,-444045,0
1.19451e+06,0,0,0,0,2.33235e+07,-441594,0
755369,0,0,0,0,2.33285e+07,-439142,0
351163,0,0,0,0,2.4477e+07,-404206,0
342428,0,0,0,0,2.41385e+07,-8735.47,0
336278,0,0,0,0,2.41437e+07,-6150.39,0
332712,0,0,0,0,2.41489e+07,-3565.19,0
331734,0,0,0,0,2.41541e+07,-978.839,0
340773,0,0,0,0,2.4429e+07,9039.61,0
568741,0,0,0,0,2.4245e+07,227968,0
799366,0,0,0,0,2.42503e+07,230625,0
1.03265e+06,0,0,0,0,2.42556e+07,233283,0
1.28484e+06,0,0,0,0,2.48326e+07,252190,0
1.73274e+06,0,0,0,0,2.46691e+07,447899,0
2.18336e+06,0,0,0,0,2.46745e+07,450623,0
2.63671e+06,0,0,0,0,2.46799e+07,453348,0
3.14663e+06,0,0,0,0,2.65838e+07,509922,0
3.89655e+06,0,0,0,0,2.63821e+07,749920,0
4.6467e+06,0,0,0,0,2.63903e+07,750152,0
5.39709e+06,0,0,0,0,2.63985e+07,750385,0
6.1477e+06,0,0,0,0,2.64067e+07,750617,0
6.86833e+06,0,0,0,0,2.53472e+07,720627,0
7.58918e+06,0,0,0,0,2.5355e+07,720850,0
8.31025e+06,0,0,0,0,2.53629e+07,721073,0
9.03155e+06,0,0,0,0,2.53708e+07,721297,0
9.72644e+06,0,0,0,0,2.44371e+07,694892,0
1.00954e+07,0,0,0,0,2.47301e+07,368924,0
1.0467e+07,0,0,0,0,2.47355e+07,371621,0
1.08413e+07,0,0,0,0,2.47409e+07,374319,0
1.11564e+07,0,0,0,0,2.25635e+07,315112,0
1.06682e+07,0,0,0,0,2.32735e+07,-488217,0
1.01824e+07,0,0,0,0,2.32784e+07,-485786,0
9.69906e+06,0,0,0,0,2.32834e+07,-483355,0
9.21814e+06,0,0,0,0,2.32883e+07,-480922,0
8.75988e+06,0,0,5.60258e+07,3.27677e+179,2.40046e+07,-458264,0
8.53775e+06,0,0,5.60258e+07,0,2.3805e+07,-222127,0
8.31804e+06,0,0,5.60258e+07,0,2.38099e+07,-219705,0
8.10076e+06,0,0,5.60258e+07,0,2.38149e+07,-217282,0
7.95693e+06,0,0,5.60258e+07,0,2.63214e+07,-143832,0
8.68401e+06,0,0,5.60258e+07,0,2.55671e+07,727082,0
9.41131e+06,0,0,5.60258e+07,0,2.55747e+07,727298,0
1.01388e+07,0,0,5.60258e+07,0,2.55823e+07,727515,0
1.07686e+07,0,0,5.60258e+07,0,2.21427e+07,629799,0
1.02382e+07,0,0,5.60258e+07,0,2.31647e+07,-530396,0
9.71016e+06,0,0,5.60258e+07,0,2.31695e+07,-528067,0
9.18442e+06,0,0,5.60258e+07,0,2.31742e+07,-525737,0
8.66102e+06,0,0,5.60258e+07,0,2.31789e+07,-523408,0
8.16423e+06,0,0,5.60258e+07,0,2.40386e+07,-496783,0
7.959e+06,0,0,5.60258e+07,0,2.37905e+07,-205236,0
7.75619e+06,0,0,5.60258e+07,0,2.37954e+07,-202811,0
7.5558e+06,0,0,5.60258e+07,0,2.38003e+07,-200385,0
7.34837e+06,0,0,5.60258e+07,0,2.34718e+07,-207434,0
7.0309e+06,0,0,5.60258e+07,0,2.35751e+07,-317469,0
6.71582e+06,0,0,5.60258e+07,0,2.35799e+07,-315078,0
6.40313e+06,0,0,5.60258e+07,0,2.35848e+07,-312687,0
6.12584e+06,0,0,5.60258e+07,0,2.47515e+07,-277291,0
6.25024e+06,0,0,5.60258e+07,0,2.44073e+07,124400,0
6.37716e+06,0,0,5.60258e+07,0,2.44124e+07,126921,0
6.50661e+06,0,0,5.60258e+07,0,2.44175e+07,129443,0
6.63857e+06,0,0,5.60258e+07,0,2.44226e+07,131967,0
6.78061e+06,0,0,5.60258e+07,0,2.47016e+07,142040,0
7.14496e+06,0,0,5.60258e+07,0,2.45145e+07,364349,0
7.5119e+06,0,0,5.60258e+07,0,2.45196e+07,366941,0
7.88144e+06,0,0,5.60258e+07,0,2.45247e+07,369534,0
8.27007e+06,0,0,5.60258e+07,0,2.51107e+07,388634,0
8.85741e+06,0,0,5.60258e+07,0,2.49444e+07,587341,0
9.44741e+06,0,0,5.60258e+07,0,2.49497e+07,589999,0
1.00401e+07,0,0,5.60258e+07,0,2.49549e+07,592657,0
1.06901e+07,0,0,5.60258e+07,0,2.68887e+07,650015,0
1.14519e+07,0,0,5.60258e+07,0,2.67991e+07,761772,0
1.22139e+07,0,0,5.60258e+07,0,2.68071e+07,761999,0
1.29761e+07,0,0,5.60258e+07,0,2.68151e+07,762226,0
1.37385e+07,0,0,5.60258e+07,0,2.6823e+07,762453,0
1.44705e+07,0,0,5.60258e+07,0,2.57465e+07,731980,0
1.52027e+07,0,0,5.60258e+07,0,2.57542e+07,732198,0
1.59351e+07,0,0,5.60258e+07,0,2.57619e+07,732416,0
1.66678e+07,0,0,5.60258e+07,0,2.57695e+07,732634,0
1.73736e+07,0,0,5.60258e+07,0,2.48209e+07,705805,0
1.78793e+07,0,0,5.60258e+07,0,2.50036e+07,505698,0
1.83876e+07,0,0,5.60258e+07,0,2.50088e+07,508329,0
1.88986e+07,0,0,5.60258e+07,0,2.50141e+07,510960,0
1.93493e+07,0,0,5.60258e+07,0,2.28023e+07,450718,0
1.8984e+07,0,0,5.60258e+07,0,2.35233e+07,-365295,0
1.8621e+07,0,0,5.60258e+07,0,2.35281e+07,-362924,0
1.82605e+07,0,0,5.60258e+07,0,2.3533e+07,-360553,0
1.79023e+07,0,0,5.60258e+07,0,2.35378e+07,-358180,0
1.75671e+07,0,0,5.60258e+07,0,2.4265e+07,-335266,0
1.74715e+07,0,0,5.60258e+07,3.27677e+179,2.40621e+07,-95544.8,0
1.73783e+07,0,0,5.60258e+07,0,2.40669e+07,-93184,0
1.72875e+07,0,0,5.60258e+07,0,2.40717e+07,-90823.2,0
1.72712e+07,0,0,5.60258e+07,0,2.6617e+07,-16330.4,0
1.80095e+07,0,0,5.60258e+07,0,2.59642e+07,738374,0
1.87481e+07,0,0,5.60258e+07,0,2.59716e+07,738586,0
1.94869e+07,0,0,5.60258e+07,0,2.5979e+07,738797,0
2.01265e+07,0,0,5.60258e+07,0,2.24858e+07,639558,0
1.97171e+07,0,0,5.60258e+07,0,2.34103e+07,-409387,0
1.931e+07,0,0,5.60258e+07,0,2.34149e+07,-407118,0
1.89051e+07,0,0,5.60258e+07,0,2.34195e+07,-404848,0
1.85026e+07,0,0,5.60258e+07,0,2.34241e+07,-402578,0
1.81269e+07,0,0,5.60258e+07,0,2.42969e+07,-375638,0
1.80472e+07,0,0,5.60258e+07,0,2.40447e+07,-79687.3,0
1.79699e+07,0,0,5.60258e+07,0,2.40495e+07,-77325,0
1.78949e+07,0,0,5.60258e+07,0,2.40543e+07,-74961.4,0
1.78127e+07,0,0,5.60258e+07,0,2.37206e+07,-82218,0
1.76187e+07,0,0,5.60258e+07,0,2.38252e+07,-194047,0
1.7427e+07,0,0,5.60258e+07,0,2.38299e+07,-191717,0
1.72376e+07,0,0,5.60258e+07,0,2.38347e+07,-189388,0
1.7084e+07,0,0,5.60258e+07,0,2.5019e+07,-153547,0
1.73382e+07,0,0,5.60258e+07,0,2.46693e+07,254205,0
1.75949e+07,0,0,5.60258e+07,0,2.46743e+07,256662,0
1.7854e+07,0,0,5.60258e+07,0,2.46793e+07,259119,0
1.81156e+07,0,0,5.60258e+07,0,2.46842e+07,261577,0
1.83873e+07,0,0,5.60258e+07,0,2.49674e+07,271701,0
1.88846e+07,0,0,5.60258e+07,0,2.47772e+07,497302,0
1.93844e+07,0,0,5.60258e+07,0,2.47821e+07,499827,0
1.98868e+07,0,0,5.60258e+07,0,2.47871e+07,502353,0
2.04084e+07,0,0,5.60258e+07,0,2.53818e+07,521637,0
2.11254e+07,0,0,5.60258e+07,0,2.52183e+07,716959,0
2.18425e+07,0,0,5.60258e+07,0,2.52255e+07,717164,0
2.25599e+07,0,0,5.60258e+07,0,2.52327e+07,717369,0
2.3333e+07,0,0,5.60258e+07,0,2.71977e+07,773103,0
2.41063e+07,0,0,5.60258e+07,0,2.72055e+07,773324,0
2.48799e+07,0,0,5.60258e+07,0,2.72133e+07,773545,0
2.56536e+07,0,0,5.60258e+07,0,2.7221e+07,773766,0
2.64276e+07,0,0,5.60258e+07,0,2.72288e+07,773987,0
2.71707e+07,0,0,5.60258e+07,0,2.61357e+07,743045,0
2.79139e+07,0,0,5.60258e+07,0,2.61432e+07,743257,0
2.86574e+07,0,0,5.60258e+07,0,2.61506e+07,743469,0
2.94011e+07,0,0,5.60258e+07,0,2.61581e+07,743681,0
3.01175e+07,0,0,5.60258e+07,0,2.51949e+07,716439,0
3.07565e+07,0,0,5.60258e+07,0,2.527e+07,638973,0
3.1398e+07,0,0,5.60258e+07,0,2.52752e+07,641536,0
3.20421e+07,0,0,5.60258e+07,0,2.52803e+07,644099,0
3.2625e+07,0,0,5.60258e+07,0,2.30351e+07,582844,0
3.23794e+07,0,0,5.60258e+07,0,2.37667e+07,-245531,0
3.21362e+07,0,0,5.60258e+07,0,2.37714e+07,-243222,0
3.18953e+07,0,0,5.60258e+07,0,2.37761e+07,-240911,0
3.16567e+07,0,0,5.60258e+07,0,2.37808e+07,-238601,0
3.14202e+07,0,0,5.60258e+07,0,2.37789e+07,-236476,0
3.12048e+07,0,0,5.60258e+07,3.27677e+179,2.45187e+07,-215441,0
3.12326e+07,0,0,5.60258e+07,0,2.43126e+07,27768.9,0
3.12626e+07,0,0,5.60258e+07,0,2.43172e+07,30065.4,0
3.1295e+07,0,0,5.60258e+07,0,2.43219e+07,32361.8,0
3.14028e+07,0,0,5.60258e+07,0,2.69049e+07,107865,0
3.21522e+07,0,0,5.60258e+07,0,2.63509e+07,749374,0
3.29018e+07,0,0,5.60258e+07,0,2.63582e+07,749579,0
3.36516e+07,0,0,5.60258e+07,0,2.63654e+07,749785,0
3.43006e+07,0,0,5.60258e+07,0,2.282e+07,649062,0
3.40091e+07,0,0,5.60258e+07,0,2.36495e+07,-291533,0
3.37198e+07,0,0,5.60258e+07,0,2.3654e+07,-289327,0
3.34327e+07,0,0,5.60258e+07,0,2.36584e+07,-287119,0
3.31478e+07,0,0,5.60258e+07,0,2.36629e+07,-284911,0
3.28901e+07,0,0,5.60258e+07,0,2.45484e+07,-257669,0
3.29327e+07,0,0,5.60258e+07,0,2.42923e+07,42566.6,0
3.29775e+07,0,0,5.60258e+07,0,2.42969e+07,44864.5,0
3.30247e+07,0,0,5.60258e+07,0,2.43016e+07,47162.6,0
3.30644e+07,0,0,5.60258e+07,0,2.39628e+07,39699.6,0
3.29905e+07,0,0,5.60258e+07,0,2.40687e+07,-73878.3,0
3.29189e+07,0,0,5.60258e+07,0,2.40733e+07,-71613,0
3.28495e+07,0,0,5.60258e+07,0,2.40779e+07,-69347.1,0
3.28165e+07,0,0,5.60258e+07,0,2.52795e+07,-33077.4,0
3.3197e+07,0,0,5.60258e+07,0,2.49245e+07,380572,0
3.358e+07,0,0,5.60258e+07,0,2.49293e+07,382961,0
3.39653e+07,0,0,5.60258e+07,0,2.49341e+07,385351,0
3.43531e+07,0,0,5.60258e+07,0,2.49389e+07,387741,0
3.4751e+07,0,0,5.60258e+07,0,2.5226e+07,397910,0
3.53777e+07,0,0,5.60258e+07,0,2.50328e+07,626710,0
3.60069e+07,0,0,5.60258e+07,0,2.50377e+07,629166,0
3.66385e+07,0,0,5.60258e+07,0,2.50425e+07,631622,0
3.72896e+07,0,0,5.60258e+07,0,2.56457e+07,651082,0
3.8017e+07,0,0,5.60258e+07,0,2.55861e+07,727415,0
3.87446e+07,0,0,5.60258e+07,0,2.55931e+07,727614,0
3.94724e+07,0,0,5.60258e+07,0,2.56001e+07,727813,0
4.02568e+07,0,0,5.60258e+07,0,2.75934e+07,784350,0
4.10413e+07,0,0,5.60258e+07,0,2.76009e+07,784565,0
4.18261e+07,0,0,5.60258e+07,0,2.76085e+07,784779,0
4.26111e+07,0,0,5.60258e+07,0,2.76161e+07,784994,0
4.33963e+07,0,0,5.60258e+07,0,2.76236e+07,785209,0
4.41501e+07,0,0,5.60258e+07,0,2.65144e+07,753809,0
4.49041e+07,0,0,5.60258e+07,0,2.65216e+07,754015,0
4.56584e+07,0,0,5.60258e+07,0,2.65289e+07,754222,0
4.64128e+07,0,0,5.60258e+07,0,2.65361e+07,754428,0
4.71396e+07,0,0,5.60258e+07,0,2.55587e+07,726784,0
4.78666e+07,0,0,5.60258e+07,0,2.55657e+07,726983,0
4.85937e+07,0,0,5.60258e+07,0,2.55727e+07,727182,0
4.93211e+07,0,0,5.60258e+07,0,2.55796e+07,727381,0
4.9984e+07,0,0,5.60258e+07,0,2.33039e+07,662843,0
4.98549e+07,0,0,5.60258e+07,0,2.40034e+07,-129042,0
4.97281e+07,0,0,5.60258e+07,0,2.4008e+07,-126797,0
4.96036e+07,0,0,5.60258e+07,0,2.40126e+07,-124551,0
4.94813e+07,0,0,5.60258e+07,0,2.40171e+07,-122304,0
4.93824e+07,0,0,5.60258e+07,3.27677e+179,2.47654e+07,-98909.7,0
4.95301e+07,0,0,5.60258e+07,0,2.45561e+07,147689,0
4.968e+07,0,0,5.60258e+07,0,2.45606e+07,149918,0
4.98321e+07,0,0,5.60258e+07,0,2.45652e+07,152147,0
5.00607e+07,0,0,5.60258e+07,0,2.71849e+07,228629,0
5.08208e+07,0,0,5.60258e+07,0,2.6727e+07,760068,0
5.15811e+07,0,0,5.60258e+07,0,2.6734e+07,760268,0
5.23415e+07,0,0,5.60258e+07,0,2.6741e+07,760467,0
5.29999e+07,0,0,5.60258e+07,0,2.31448e+07,658302,0
5.28229e+07,0,0,5.60258e+07,0,2.3882e+07,-176961,0
5.26481e+07,0,0,5.60258e+07,0,2.38863e+07,-174818,0
5.24754e+07,0,0,5.60258e+07,0,2.38907e+07,-172675,0
5.23049e+07,0,0,5.60258e+07,0,2.3895e+07,-170532,0
5.21619e+07,0,0,5.60258e+07,0,2.47928e+07,-143000,0
5.23233e+07,0,0,5.60258e+07,0,2.45329e+07,161394,0
5.24869e+07,0,0,5.60258e+07,0,2.45374e+07,163625,0
5.26527e+07,0,0,5.60258e+07,0,2.45419e+07,165855,0
5.28109e+07,0,0,5.60258e+07,0,2.41981e+07,158187,0
5.28538e+07,0,0,5.60258e+07,0,2.43054e+07,42904.4,0
5.28989e+07,0,0,5.60258e+07,0,2.43098e+07,45102.9,0
5.29462e+07,0,0,5.60258e+07,0,2.43143e+07,47301.9,0
5.30302e+07,0,0,5.60258e+07,0,2.55326e+07,83983.5,0
5.35336e+07,0,0,5.60258e+07,0,2.51723e+07,503357,0
5.40393e+07,0,0,5.60258e+07,0,2.5177e+07,505676,0
5.45472e+07,0,0,5.60258e+07,0,2.51817e+07,507996,0
5.50576e+07,0,0,5.60258e+07,0,2.51864e+07,510315,0
5.55781e+07,0,0,5.60258e+07,0,2.54773e+07,520523,0
5.62977e+07,0,0,5.60258e+07,0,2.53099e+07,719571,0
5.70174e+07,0,0,5.60258e+07,0,2.53165e+07,719760,0
5.77374e+07,0,0,5.60258e+07,0,2.53232e+07,719948,0
5.84747e+07,0,0,5.60258e+07,0,2.59365e+07,737377,0
5.92123e+07,0,0,5.60258e+07,0,2.59433e+07,737570,0
5.99501e+07,0,0,5.60258e+07,0,2.59501e+07,737764,0
6.0688e+07,0,0,5.60258e+07,0,2.59569e+07,737957,0
6.14833e+07,0,0,5.60258e+07,0,2.79776e+07,795272,0
6.22788e+07,0,0,5.60258e+07,0,2.7985e+07,795481,0
6.30745e+07,0,0,5.60258e+07,0,2.79923e+07,795689,0
6.38704e+07,0,0,5.60258e+07,0,2.79996e+07,795897,0
6.46665e+07,0,0,5.60258e+07,0,2.8007e+07,796106,0
6.54307e+07,0,0,5.60258e+07,0,2.6882e+07,764261,0
6.61952e+07,0,0,5.60258e+07,0,2.6889e+07,764461,0
6.69599e+07,0,0,5.60258e+07,0,2.68961e+07,764662,0
6.77247e+07,0,0,5.60258e+07,0,2.69031e+07,764862,0
6.84616e+07,0,0,5.60258e+07,0,2.59118e+07,736827,0
6.91986e+07,0,0,5.60258e+07,0,2.59186e+07,737020,0
6.99358e+07,0,0,5.60258e+07,0,2.59254e+07,737213,0
7.06732e+07,0,0,5.60258e+07,0,2.59322e+07,737406,0
7.13452e+07,0,0,5.60258e+07,0,2.36248e+07,671970,0
7.13292e+07,0,0,5.60258e+07,0,2.42332e+07,-15974.8,0
7.13154e+07,0,0,5.60258e+07,0,2.42376e+07,-13795.6,0
7.13038e+07,0,0,5.60258e+07,0,2.4242e+07,-11616.4,0
7.12943e+07,0,0,5.60258e+07,0,2.42465e+07,-9436.51,0
7.05174e+07,0,0,5.60258e+07,3.27677e+179,2.56972e+07,-776982,0
6.97405e+07,0,0,5.60258e+07,0,2.57033e+07,-776808,0
6.89639e+07,0,0,5.60258e+07,0,2.57094e+07,-776633,0
6.81875e+07,0,0,5.60258e+07,0,2.57156e+07,-776459,0
6.74864e+07,0,0,5.60258e+07,0,2.83726e+07,-701018,0
6.67856e+07,0,0,5.60258e+07,0,2.83794e+07,-700824,0
6.6085e+07,0,0,5.60258e+07,0,2.83862e+07,-700631,0
6.53845e+07,0,0,5.60258e+07,0,2.8393e+07,-700438,0
6.45805e+07,0,0,5.60258e+07,0,2.47475e+07,-804003,0
6.37767e+07,0,0,5.60258e+07,0,2.47534e+07,-803836,0
6.2973e+07,0,0,5.60258e+07,0,2.47592e+07,-803669,0
6.21695e+07,0,0,5.60258e+07,0,2.47651e+07,-803501,0
6.13662e+07,0,0,5.60258e+07,0,2.4771e+07,-803334,0
6.05888e+07,0,0,5.60258e+07,0,2.56825e+07,-777433,0
5.98115e+07,0,0,5.60258e+07,0,2.56886e+07,-777259,0
5.90344e+07,0,0,5.60258e+07,0,2.56947e+07,-777085,0
5.82575e+07,0,0,5.60258e+07,0,2.57008e+07,-776911,0
5.74707e+07,0,0,5.60258e+07,0,2.53539e+07,-786771,0
5.66841e+07,0,0,5.60258e+07,0,2.53599e+07,-786599,0
5.58977e+07,0,0,5.60258e+07,0,2.53659e+07,-786428,0
5.51115e+07,0,0,5.60258e+07,0,2.5372e+07,-786256,0
5.43603e+07,0,0,5.60258e+07,0,2.66082e+07,-751138,0
5.36094e+07,0,0,5.60258e+07,0,2.66146e+07,-750957,0
5.28586e+07,0,0,5.60258e+07,0,2.66209e+07,-750777,0
5.2108e+07,0,0,5.60258e+07,0,2.66273e+07,-750596,0
5.13576e+07,0,0,5.60258e+07,0,2.66336e+07,-750416,0
5.06153e+07,0,0,5.60258e+07,0,2.693e+07,-742242,0
4.98733e+07,0,0,5.60258e+07,0,2.69364e+07,-742059,0
4.91314e+07,0,0,5.60258e+07,0,2.69429e+07,-741877,0
4.83897e+07,0,0,5.60258e+07,0,2.69493e+07,-741694,0
4.76657e+07,0,0,5.60258e+07,0,2.75705e+07,-724041,0
4.69418e+07,0,0,5.60258e+07,0,2.75771e+07,-723853,0
4.62181e+07,0,0,5.60258e+07,0,2.75837e+07,-723666,0
4.54947e+07,0,0,5.60258e+07,0,2.75902e+07,-723479,0
4.63005e+07,0,0,5.60258e+07,0,2.83501e+07,805861,0
4.71066e+07,0,0,5.60258e+07,0,2.83572e+07,806062,0
4.79129e+07,0,0,5.60258e+07,0,2.83643e+07,806264,0
4.87193e+07,0,0,5.60258e+07,0,2.83714e+07,806466,0
4.9526e+07,0,0,5.60258e+07,0,2.83786e+07,806668,0
4.88291e+07,0,0,5.60258e+07,0,2.85258e+07,-696878,0
4.81324e+07,0,0,5.60258e+07,0,2.85326e+07,-696684,0
4.74359e+07,0,0,5.60258e+07,0,2.85395e+07,-696490,0
4.67396e+07,0,0,5.60258e+07,0,2.85463e+07,-696296,0
4.60149e+07,0,0,5.60258e+07,0,2.75416e+07,-724710,0
4.52904e+07,0,0,5.60258e+07,0,2.75482e+07,-724523,0
4.45661e+07,0,0,5.60258e+07,0,2.75548e+07,-724336,0
4.38419e+07,0,0,5.60258e+07,0,2.75613e+07,-724149,0
4.30515e+07,0,0,5.60258e+07,0,2.52233e+07,-790454,0
4.22612e+07,0,0,5.60258e+07,0,2.52293e+07,-790284,0
4.14711e+07,0,0,5.60258e+07,0,2.52353e+07,-790113,0
4.06811e+07,0,0,5.60258e+07,0,2.52413e+07,-789943,0
3.98914e+07,0,0,5.60258e+07,0,2.52473e+07,-789772,0
3.91235e+07,0,0,5.60258e+07,3.27677e+179,2.60171e+07,-767883,0
3.83558e+07,0,0,5.60258e+07,0,2.6023e+07,-767715,0
3.75882e+07,0,0,5.60258e+07,0,2.60289e+07,-767546,0
3.68208e+07,0,0,5.60258e+07,0,2.60348e+07,-767377,0
3.61299e+07,0,0,5.60258e+07,0,2.87263e+07,-690959,0
3.54391e+07,0,0,5.60258e+07,0,2.87329e+07,-690772,0
3.47485e+07,0,0,5.60258e+07,0,2.87395e+07,-690585,0
3.40581e+07,0,0,5.60258e+07,0,2.8746e+07,-690397,0
3.32628e+07,0,0,5.60258e+07,0,2.50528e+07,-795320,0
3.24676e+07,0,0,5.60258e+07,0,2.50585e+07,-795158,0
3.16726e+07,0,0,5.60258e+07,0,2.50642e+07,-794996,0
3.08778e+07,0,0,5.60258e+07,0,2.50699e+07,-794834,0
3.00831e+07,0,0,5.60258e+07,0,2.50756e+07,-794672,0
2.93147e+07,0,0,5.60258e+07,0,2.59985e+07,-768443,0
2.85464e+07,0,0,5.60258e+07,0,2.60045e+07,-768275,0
2.77783e+07,0,0,5.60258e+07,0,2.60104e+07,-768107,0
2.70104e+07,0,0,5.60258e+07,0,2.60163e+07,-767938,0
2.62324e+07,0,0,5.60258e+07,0,2.56646e+07,-777933,0
2.54547e+07,0,0,5.60258e+07,0,2.56704e+07,-777767,0
2.46771e+07,0,0,5.60258e+07,0,2.56763e+07,-777601,0
2.38996e+07,0,0,5.60258e+07,0,2.56821e+07,-777435,0
2.31578e+07,0,0,5.60258e+07,0,2.6934e+07,-741873,0
2.24161e+07,0,0,5.60258e+07,0,2.69401e+07,-741698,0
2.16745e+07,0,0,5.60258e+07,0,2.69463e+07,-741524,0
2.09332e+07,0,0,5.60258e+07,0,2.69524e+07,-741349,0
2.0192e+07,0,0,5.60258e+07,0,2.69586e+07,-741174,0
1.94591e+07,0,0,5.60258e+07,0,2.72585e+07,-732904,0
1.87264e+07,0,0,5.60258e+07,0,2.72647e+07,-732727,0
1.79938e+07,0,0,5.60258e+07,0,2.72709e+07,-732551,0
1.72615e+07,0,0,5.60258e+07,0,2.72771e+07,-732374,0
1.6547e+07,0,0,5.60258e+07,0,2.79059e+07,-714503,0
1.58326e+07,0,0,5.60258e+07,0,2.79123e+07,-714322,0
1.51185e+07,0,0,5.60258e+07,0,2.79187e+07,-714141,0
1.44045e+07,0,0,5.60258e+07,0,2.79251e+07,-713960,0
1.37494e+07,0,0,5.60258e+07,0,2.99982e+07,-655160,0
1.30944e+07,0,0,5.60258e+07,0,3.0005e+07,-654965,0
1.24396e+07,0,0,5.60258e+07,0,3.00119e+07,-654770,0
1.17851e+07,0,0,5.60258e+07,0,3.00188e+07,-654574,0
1.11307e+07,0,0,5.60258e+07,0,3.00257e+07,-654379,0
1.04436e+07,0,0,5.60258e+07,0,2.88707e+07,-687073,0
9.75673e+06,0,0,5.60258e+07,0,2.88773e+07,-686885,0
9.07004e+06,0,0,5.60258e+07,0,2.88839e+07,-686698,0
8.38353e+06,0,0,5.60258e+07,0,2.88905e+07,-686510,0
7.66823e+06,0,0,5.60258e+07,0,2.78728e+07,-715292,0
6.95312e+06,0,0,5.60258e+07,0,2.78792e+07,-715111,0
6.23819e+06,0,0,5.60258e+07,0,2.78855e+07,-714930,0
5.52344e+06,0,0,5.60258e+07,0,2.78919e+07,-714749,0
4.74155e+06,0,0,5.60258e+07,0,2.55242e+07,-781896,0
3.95982e+06,0,0,5.60258e+07,0,2.553e+07,-781731,0
3.17825e+06,0,0,5.60258e+07,0,2.55358e+07,-781566,0
2.39685e+06,0,0,5.60258e+07,0,2.55416e+07,-781402,0
1.61561e+06,0,0,5.60258e+07,0,2.55474e+07,-781237,0
856532,0,0,5.60258e+07,3.27677e+179,2.63265e+07,-759081,0
97614.7,0,0,5.60258e+07,0,2.63323e+07,-758917,0
0,0,0,5.60258e+07,0,2.6338e+07,-758754,563525
0,0,0,5.60258e+07,0,2.63438e+07,-758591,758591
0,0,0,5.60258e+07,0,2.90685e+07,-681227,681227
0,0,0,5.60258e+07,0,2.90749e+07,-681045,681045
0,0,0,5.60258e+07,0,2.90813e+07,-680864,680864
0,0,0,5.60258e+07,0,2.90876e+07,-680683,680683
0,0,0,5.60258e+07,0,2.53482e+07,-786918,786918
0,0,0,5.60258e+07,0,2.53537e+07,-786761,786761
0,0,0,5.60258e+07,0,2.53592e+07,-786604,786604
0,0,0,5.60258e+07,0,2.53647e+07,-786447,786447
0,0,0,5.60258e+07,0,2.53702e+07,-786290,786290
0,0,0,5.60258e+07,0,2.63044e+07,-759745,759745
0,0,0,5.60258e+07,0,2.63101e+07,-759582,759582
0,0,0,5.60258e+07,0,2.63158e+07,-759419,759419
0,0,0,5.60258e+07,0,2.63216e+07,-759256,759256
0,0,0,5.60258e+07,0,2.59653e+07,-769381,769381
0,0,0,5.60258e+07,0,2.59709e+07,-769221,769221
0,0,0,5.60258e+07,0,2.59766e+07,-769060,769060
0,0,0,5.60258e+07,0,2.59822e+07,-768899,768899
0,0,0,5.60258e+07,0,2.72492e+07,-732907,732907
0,0,0,5.60258e+07,0,2.72552e+07,-732738,732738
0,0,0,5.60258e+07,0,2.72611e+07,-732569,732569
0,0,0,5.60258e+07,0,2.72671e+07,-732400,732400
0,0,0,5.60258e+07,0,2.7273e+07,-732231,732231
0,0,0,5.60258e+07,0,2.75763e+07,-723867,723867
0,0,0,5.60258e+07,0,2.75823e+07,-723696,723696
0,0,0,5.60258e+07,0,2.75884e+07,-723525,723525
0,0,0,5.60258e+07,0,2.75944e+07,-723354,723354
0,0,0,5.60258e+07,0,2.82306e+07,-705273,705273
0,0,0,5.60258e+07,0,2.82368e+07,-705098,705098
0,0,0,5.60258e+07,0,2.82429e+07,-704923,704923
0,0,0,5.60258e+07,0,2.82491e+07,-704747,704747
0,0,0,5.60258e+07,0,3.03471e+07,-645241,645241
0,0,0,5.60258e+07,0,3.03538e+07,-645052,645052
0,0,0,5.60258e+07,0,3.03604e+07,-644863,644863
0,0,0,5.60258e+07,0,3.03671e+07,-644674,644674
0,0,0,5.60258e+07,0,3.03738e+07,-644485,644485
0,0,0,5.60258e+07,0,2.92045e+07,-677583,677583
0,0,0,5.60258e+07,0,2.92109e+07,-677401,677401
0,0,0,5.60258e+07,0,2.92173e+07,-677219,677219
0,0,0,5.60258e+07,0,2.92237e+07,-677038,677038
0,0,0,5.60258e+07,0,2.81934e+07,-706175,706175
0,0,0,5.60258e+07,0,2.81996e+07,-706000,706000
0,0,0,5.60258e+07,0,2.82057e+07,-705825,705825
0,0,0,5.60258e+07,0,2.82119e+07,-705650,705650
0,0,0,5.60258e+07,0,2.58154e+07,-773612,773612
0,0,0,5.60258e+07,0,2.5821e+07,-773452,773452
0,0,0,5.60258e+07,0,2.58267e+07,-773293,773293
0,0,0,5.60258e+07,0,2.58323e+07,-773133,773133
0,0,0,5.60258e+07,0,2.58379e+07,-772973,772973
0,0,0,5.60258e+07,0,2.66261e+07,-750559,750559
0,0,0,5.60258e+07,3.27677e+179,2.66317e+07,-750401,750401
0,0,0,5.60258e+07,0,2.66373e+07,-750243,750243
0,0,0,5.60258e+07,0,2.66428e+07,-750085,750085
0,0,0,5.60258e+07,0,2.93998e+07,-671805,671805
0,0,0,5.60258e+07,0,2.9406e+07,-671630,671630
0,0,0,5.60258e+07,0,2.94122e+07,-671454,671454
0,0,0,5.60258e+07,0,2.94183e+07,-671279,671279
0,0,0,5.60258e+07,0,2.56341e+07,-778784,778784
0,0,0,5.60258e+07,0,2.56395e+07,-778632,778632
0,0,0,5.60258e+07,0,2.56448e+07,-778480,778480
0,0,0,5.60258e+07,0,2.56502e+07,-778328,778328
0,0,0,5.60258e+07,0,2.56555e+07,-778176,778176
0,0,0,5.60258e+07,0,2.66005e+07,-751323,751323
0,0,0,5.60258e+07,0,2.6606e+07,-751165,751165
0,0,0,5.60258e+07,0,2.66116e+07,-751007,751007
0,0,0,5.60258e+07,0,2.66171e+07,-750850,750850
0,0,0,5.60258e+07,0,2.62564e+07,-761102,761102
0,0,0,5.60258e+07,0,2.62618e+07,-760946,760946
0,0,0,5.60258e+07,0,2.62673e+07,-760790,760790
0,0,0,5.60258e+07,0,2.62728e+07,-760635,760635
0,0,0,5.60258e+07,0,2.75545e+07,-724227,724227
0,0,0,5.60258e+07,0,2.75602e+07,-724063,724063
0,0,0,5.60258e+07,0,2.7566e+07,-723899,723899
0,0,0,5.60258e+07,0,2.75717e+07,-723735,723735
0,0,0,5.60258e+07,0,2.75775e+07,-723571,723571
0,0,0,5.60258e+07,0,2.78841e+07,-715118,715118
0,0,0,5.60258e+07,0,2.78899e+07,-714952,714952
0,0,0,5.60258e+07,0,2.78957e+07,-714786,714786
0,0,0,5.60258e+07,0,2.79016e+07,-714620,714620
0,0,0,5.60258e+07,0,2.8545e+07,-696336,696336
0,0,0,5.60258e+07,0,2.85509e+07,-696167,696167
0,0,0,5.60258e+07,0,2.85569e+07,-695997,695997
0,0,0,5.60258e+07,0,2.85629e+07,-695827,695827
0,0,0,5.60258e+07,0,3.0685e+07,-635636,635636
0,0,0,5.60258e+07,0,3.06915e+07,-635453,635453
0,0,0,5.60258e+07,0,3.06979e+07,-635270,635270
0,0,0,5.60258e+07,0,3.07044e+07,-635087,635087
0,0,0,5.60258e+07,0,3.07108e+07,-634904,634904
0,0,0,5.60258e+07,0,2.95277e+07,-668393,668393
0,0,0,5.60258e+07,0,2.95339e+07,-668218,668218
0,0,0,5.60258e+07,0,2.95401e+07,-668042,668042
0,0,0,5.60258e+07,0,2.95463e+07,-667866,667866
0,0,0,5.60258e+07,0,2.85039e+07,-697347,697347
0,0,0,5.60258e+07,0,2.85098e+07,-697178,697178
0,0,0,5.60258e+07,0,2.85158e+07,-697008,697008
0,0,0,5.60258e+07,0,2.85218e+07,-696839,696839
0,0,0,5.60258e+07,0,2.60975e+07,-765590,765590
0,0,0,5.60258e+07,0,2.61029e+07,-765435,765435
0,0,0,5.60258e+07,0,2.61083e+07,-765281,765281
0,0,0,5.60258e+07,0,2.61138e+07,-765126,765126
0,0,0,5.60258e+07,0,2.61192e+07,-764972,764972
0,0,0,5.60258e+07,0,2.61192e+07,-764972,764972
0,0,0,5.60258e+07,3.27677e+179,2.69162e+07,-742308,742308
0,0,0,5.60258e+07,0,2.69216e+07,-742155,742155
0,0,0,5.60258e+07,0,2.6927e+07,-742002,742002
0,0,0,5.60258e+07,0,2.69324e+07,-741849,741849
0,0,0,5.60258e+07,0,2.97206e+07,-662683,662683
0,0,0,5.60258e+07,0,2.97266e+07,-662513,662513
0,0,0,5.60258e+07,0,2.97325e+07,-662344,662344
0,0,0,5.60258e+07,0,2.97385e+07,-662174,662174
0,0,0,5.60258e+07,0,2.5911e+07,-770910,770910
0,0,0,5.60258e+07,0,2.59162e+07,-770763,770763
0,0,0,5.60258e+07,0,2.59213e+07,-770616,770616
0,0,0,5.60258e+07,0,2.59265e+07,-770469,770469
0,0,0,5.60258e+07,0,2.59316e+07,-770322,770322
0,0,0,5.60258e+07,0,2.68871e+07,-743172,743172
0,0,0,5.60258e+07,0,2.68924e+07,-743019,743019
0,0,0,5.60258e+07,0,2.68978e+07,-742867,742867
0,0,0,5.60258e+07,0,2.69032e+07,-742714,742714
0,0,0,5.60258e+07,0,2.65381e+07,-753089,753089
0,0,0,5.60258e+07,0,2.65434e+07,-752938,752938
0,0,0,5.60258e+07,0,2.65487e+07,-752788,752788
0,0,0,5.60258e+07,0,2.6554e+07,-752637,752637
0,0,0,5.60258e+07,0,2.78498e+07,-715827,715827
0,0,0,5.60258e+07,0,2.78554e+07,-715669,715669
0,0,0,5.60258e+07,0,2.78609e+07,-715510,715510
0,0,0,5.60258e+07,0,2.78665e+07,-715352,715352
0,0,0,5.60258e+07,0,2.78721e+07,-715194,715194
0,0,0,5.60258e+07,0,2.81818e+07,-706652,706652
0,0,0,5.60258e+07,0,2.81875e+07,-706492,706492
0,0,0,5.60258e+07,0,2.81931e+07,-706332,706332
0,0,0,5.60258e+07,0,2.81987e+07,-706172,706172
0,0,0,5.60258e+07,0,2.8849e+07,-687691,687691
0,0,0,5.60258e+07,0,2.88548e+07,-687527,687527
0,0,0,5.60258e+07,0,2.88606e+07,-687363,687363
0,0,0,5.60258e+07,0,2.88664e+07,-687199,687199
0,0,0,5.60258e+07,0,3.10119e+07,-626346,626346
0,0,0,5.60258e+07,0,3.10181e+07,-626169,626169
0,0,0,5.60258e+07,0,3.10243e+07,-625993,625993
0,0,0,5.60258e+07,0,3.10305e+07,-625816,625816
0,0,0,5.60258e+07,0,3.10368e+07,-625639,625639
0,0,0,5.60258e+07,0,2.98403e+07,-659507,659507
0,0,0,5.60258e+07,0,2.98463e+07,-659337,659337
0,0,0,5.60258e+07,0,2.98522e+07,-659167,659167
0,0,0,5.60258e+07,0,2.98582e+07,-658997,658997
0,0,0,5.60258e+07,0,2.88041e+07,-688811,688811
0,0,0,5.60258e+07,0,2.88098e+07,-688647,688647
0,0,0,5.60258e+07,0,2.88156e+07,-688483,688483
0,0,0,5.60258e+07,0,2.88213e+07,-688320,688320
0,0,0,5.60258e+07,0,2.63701e+07,-757834,757834
0,0,0,5.60258e+07,0,2.63754e+07,-757684,757684
0,0,0,5.60258e+07,0,2.63806e+07,-757535,757535
0,0,0,5.60258e+07,0,2.63859e+07,-757386,757386
0,0,0,5.60258e+07,0,2.63911e+07,-757236,757236
0,0,0,5.60258e+07,3.27677e+179,2.71967e+07,-734331,734331
0,0,0,5.60258e+07,3.27677e+179,2.72019e+07,-734184,734184
0,0,0,5.60258e+07,0,2.72071e+07,-734036,734036
0,0,0,5.60258e+07,0,2.72122e+07,-733888,733888
0,0,0,5.60258e+07,0,3.00306e+07,-653866,653866
0,0,0,5.60258e+07,0,3.00364e+07,-653703,653703
0,0,0,5.60258e+07,0,3.00421e+07,-653539,653539
0,0,0,5.60258e+07,0,3.00479e+07,-653375,653375
0,0,0,5.60258e+07,0,2.61785e+07,-763300,763300
0,0,0,5.60258e+07,0,2.61835e+07,-763158,763158
0,0,0,5.60258e+07,0,2.61885e+07,-763016,763016
0,0,0,5.60258e+07,0,2.61935e+07,-762875,762875
0,0,0,5.60258e+07,0,2.61985e+07,-762733,762733
0,0,0,5.60258e+07,0,2.7164e+07,-735296,735296
0,0,0,5.60258e+07,0,2.71692e+07,-735148,735148
0,0,0,5.60258e+07,0,2.71744e+07,-735001,735001
0,0,0,5.60258e+07,0,2.71795e+07,-734854,734854
0,0,0,5.60258e+07,0,2.68103e+07,-745347,745347
0,0,0,5.60258e+07,0,2.68154e+07,-745202,745202
0,0,0,5.60258e+07,0,2.68205e+07,-745057,745057
0,0,0,5.60258e+07,0,2.68256e+07,-744911,744911
0,0,0,5.60258e+07,0,2.81351e+07,-707712,707712
0,0,0,5.60258e+07,0,2.81405e+07,-707560,707560
0,0,0,5.60258e+07,0,2.81459e+07,-707407,707407
0,0,0,5.60258e+07,0,2.81512e+07,-707254,707254
0,0,0,5.60258e+07,0,2.81566e+07,-707101,707101
0,0,0,5.60258e+07,0,2.84694e+07,-698476,698476
0,0,0,5.60258e+07,0,2.84749e+07,-698321,698321
0,0,0,5.60258e+07,0,2.84803e+07,-698167,698167
0,0,0,5.60258e+07,0,2.84857e+07,-698012,698012
0,0,0,5.60258e+07,0,2.91427e+07,-679342,679342
0,0,0,5.60258e+07,0,2.91483e+07,-679183,679183
0,0,0,5.60258e+07,0,2.91539e+07,-679025,679025
0,0,0,5.60258e+07,0,2.91594e+07,-678867,678867
0,0,0,5.60258e+07,0,3.13274e+07,-617376,617376
0,0,0,5.60258e+07,0,3.13334e+07,-617205,617205
0,0,0,5.60258e+07,0,3.13395e+07,-617034,617034
0,0,0,5.60258e+07,0,3.13455e+07,-616863,616863
0,0,0,5.60258e+07,0,3.13515e+07,-616693,616693
0,0,0,5.60258e+07,0,3.01421e+07,-650927,650927
0,0,0,5.60258e+07,0,3.01479e+07,-650763,650763
0,0,0,5.60258e+07,0,3.01536e+07,-650599,650599
0,0,0,5.60258e+07,0,3.01594e+07,-650435,650435
0,0,0,5.60258e+07,0,2.90939e+07,-680571,680571
0,0,0,5.60258e+07,0,2.90994e+07,-680412,680412
0,0,0,5.60258e+07,0,2.9105e+07,-680254,680254
0,0,0,5.60258e+07,0,2.91105e+07,-680096,680096
0,0,0,5.60258e+07,0,2.66333e+07,-750347,750347
0,0,0,5.60258e+07,0,2.66384e+07,-750203,750203
0,0,0,5.60258e+07,0,2.66435e+07,-750059,750059
0,0,0,5.60258e+07,0,2.66485e+07,-749915,749915
0,0,0,5.60258e+07,0,2.66536e+07,-749771,749771
0,0,0,5.60258e+07,8.67193e+06,2.74673e+07,-726633,726633
0,0,0,5.60258e+07,0,2.74723e+07,-726491,726491
0,0,0,5.60258e+07,0,2.74773e+07,-726349,726349
0,0,0,5.60258e+07,0,2.74823e+07,-726207,726207
0,0,0,5.60258e+07,0,3.03298e+07,-645359,645359
0,0,0,5.60258e+07,0,3.03353e+07,-645201,645201
0,0,0,5.60258e+07,0,3.03409e+07,-645043,645043
0,0,0,5.60258e+07,0,3.03464e+07,-644886,644886
0,0,0,5.60258e+07,0,2.64367e+07,-755958,755958
0,0,0,5.60258e+07,0,2.64415e+07,-755822,755822
0,0,0,5.60258e+07,0,2.64463e+07,-755685,755685
0,0,0,5.60258e+07,0,2.64511e+07,-755549,755549
0,0,0,5.60258e+07,0,2.64559e+07,-755412,755412
0,0,0,5.60258e+07,0,2.74311e+07,-727698,727698
0,0,0,5.60258e+07,0,2.74361e+07,-727556,727556
0,0,0,5.60258e+07,0,2.74411e+07,-727414,727414
0,0,0,5.60258e+07,0,2.74461e+07,-727272,727272
0,0,0,5.60258e+07,0,2.70728e+07,-737881,737881
0,0,0,5.60258e+07,0,2.70777e+07,-737741,737741
0,0,0,5.60258e+07,0,2.70826e+07,-737601,737601
0,0,0,5.60258e+07,0,2.70876e+07,-737461,737461
0,0,0,5.60258e+07,0,2.84102e+07,-699888,699888
0,0,0,5.60258e+07,0,2.84154e+07,-699741,699741
0,0,0,5.60258e+07,0,2.84206e+07,-699594,699594
0,0,0,5.60258e+07,0,2.84258e+07,-699446,699446
0,0,0,5.60258e+07,0,2.84309e+07,-699299,699299
0,0,0,5.60258e+07,0,2.87467e+07,-690593,690593
0,0,0,5.60258e+07,0,2.87519e+07,-690444,690444
0,0,0,5.60258e+07,0,2.87572e+07,-690295,690295
0,0,0,5.60258e+07,0,2.87624e+07,-690146,690146
0,0,0,5.60258e+07,0,2.94258e+07,-671294,671294
0,0,0,5.60258e+07,0,2.94312e+07,-671141,671141
0,0,0,5.60258e+07,0,2.94365e+07,-670989,670989
0,0,0,5.60258e+07,0,2.94419e+07,-670836,670836
0,0,0,5.60258e+07,0,3.16316e+07,-608730,608730
0,0,0,5.60258e+07,0,3.16374e+07,-608566,608566
0,0,0,5.60258e+07,0,3.16432e+07,-608401,608401
0,0,0,5.60258e+07,0,3.16489e+07,-608237,608237
0,0,0,5.60258e+07,0,3.16547e+07,-608072,608072
0,0,0,5.60258e+07,0,3.04329e+07,-642660,642660
0,0,0,5.60258e+07,0,3.04384e+07,-642502,642502
0,0,0,5.60258e+07,0,3.0444e+07,-642344,642344
0,0,0,5.60258e+07,0,3.04495e+07,-642186,642186
0,0,0,5.60258e+07,0,2.9373e+07,-672632,672632
0,0,0,5.60258e+07,0,2.93784e+07,-672480,672480
0,0,0,5.60258e+07,0,2.93837e+07,-672327,672327
0,0,0,5.60258e+07,0,2.93891e+07,-672175,672175
0,0,0,5.60258e+07,0,2.68869e+07,-743136,743136
0,0,0,5.60258e+07,0,2.68917e+07,-742998,742998
0,0,0,5.60258e+07,0,2.68966e+07,-742859,742859
0,0,0,5.60258e+07,0,2.69015e+07,-742720,742720
0,0,0,5.60258e+07,0,2.69064e+07,-742581,742581
0,0,0,5.60258e+07,8.67193e+06,2.7728e+07,-719220,719220
0,0,0,5.60258e+07,0,2.77327e+07,-719084,719084
0,0,0,5.60258e+07,0,2.77375e+07,-718947,718947
0,0,0,5.60258e+07,0,2.77423e+07,-718811,718811
0,0,0,5.60258e+07,0,3.06178e+07,-637168,637168
0,0,0,5.60258e+07,0,3.06231e+07,-637017,637017
0,0,0,5.60258e+07,0,3.06285e+07,-636865,636865
0,0,0,5.60258e+07,0,3.06338e+07,-636714,636714
0,0,0,5.60258e+07,0,2.66851e+07,-748891,748891
0,0,0,5.60258e+07,0,2.66897e+07,-748760,748760
0,0,0,5.60258e+07,0,2.66943e+07,-748629,748629
0,0,0,5.60258e+07,0,2.66989e+07,-748498,748498
0,0,0,5.60258e+07,0,2.67036e+07,-748367,748367
0,0,0,5.60258e+07,0,2.76882e+07,-720388,720388
0,0,0,5.60258e+07,0,2.7693e+07,-720251,720251
0,0,0,5.60258e+07,0,2.76977e+07,-720115,720115
0,0,0,5.60258e+07,0,2.77025e+07,-719979,719979
0,0,0,5.60258e+07,0,2.73253e+07,-730698,730698
0,0,0,5.60258e+07,0,2.73301e+07,-730564,730564
0,0,0,5.60258e+07,0,2.73348e+07,-730430,730430
0,0,0,5.60258e+07,0,2.73395e+07,-730295,730295
0,0,0,5.60258e+07,0,2.86748e+07,-692363,692363
0,0,0,5.60258e+07,0,2.86798e+07,-692221,692221
0,0,0,5.60258e+07,0,2.86848e+07,-692080,692080
0,0,0,5.60258e+07,0,2.86897e+07,-691939,691939
0,0,0,5.60258e+07,0,2.86947e+07,-691797,691797
0,0,0,5.60258e+07,0,2.90133e+07,-683014,683014
0,0,0,5.60258e+07,0,2.90183e+07,-682871,682871
0,0,0,5.60258e+07,0,2.90233e+07,-682728,682728
0,0,0,5.60258e+07,0,2.90283e+07,-682585,682585
0,0,0,5.60258e+07,0,2.96979e+07,-663558,663558
0,0,0,5.60258e+07,0,2.97031e+07,-663411,663411
0,0,0,5.60258e+07,0,2.97082e+07,-663265,663265
0,0,0,5.60258e+07,0,2.97134e+07,-663118,663118
0,0,0,5.60258e+07,0,3.19239e+07,-600422,600422
0,0,0,5.60258e+07,0,3.19294e+07,-600264,600264
0,0,0,5.60258e+07,0,3.1935e+07,-600106,600106
0,0,0,5.60258e+07,0,3.19405e+07,-599948,599948
0,0,0,5.60258e+07,0,3.19461e+07,-599790,599790
0,0,0,5.60258e+07,0,3.07122e+07,-634717,634717
0,0,0,5.60258e+07,0,3.07176e+07,-634566,634566
0,0,0,5.60258e+07,0,3.07229e+07,-634414,634414
0,0,0,5.60258e+07,0,3.07282e+07,-634263,634263
0,0,0,5.60258e+07,0,2.96412e+07,-665007,665007
0,0,0,5.60258e+07,0,2.96463e+07,-664861,664861
0,0,0,5.60258e+07,0,2.96514e+07,-664715,664715
0,0,0,5.60258e+07,0,2.96566e+07,-664569,664569
0,0,0,5.60258e+07,0,2.71303e+07,-736213,736213
0,0,0,5.60258e+07,0,2.7135e+07,-736079,736079
0,0,0,5.60258e+07,0,2.71397e+07,-735946,735946
0,0,0,5.60258e+07,0,2.71443e+07,-735813,735813
0,0,0,5.60258e+07,0,2.7149e+07,-735680,735680
0,0,0,5.60258e+07,8.67193e+06,2.79781e+07,-712105,712105
0,0,0,5.60258e+07,0,2.79827e+07,-711974,711974
0,0,0,5.60258e+07,0,2.79873e+07,-711843,711843
0,0,0,5.60258e+07,0,2.79919e+07,-711713,711713
0,0,0,5.60258e+07,0,3.08942e+07,-629308,629308
0,0,0,5.60258e+07,0,3.08993e+07,-629163,629163
0,0,0,5.60258e+07,0,3.09044e+07,-629018,629018
0,0,0,5.60258e+07,0,3.09095e+07,-628874,628874
0,0,0,5.60258e+07,0,2.69235e+07,-742112,742112
0,0,0,5.60258e+07,0,2.69279e+07,-741987,741987
0,0,0,5.60258e+07,0,2.69323e+07,-741861,741861
0,0,0,5.60258e+07,0,2.69367e+07,-741736,741736
0,0,0,5.60258e+07,0,2.69411e+07,-741610,741610
0,0,0,5.60258e+07,0,2.79347e+07,-713376,713376
0,0,0,5.60258e+07,0,2.79393e+07,-713246,713246
0,0,0,5.60258e+07,0,2.79438e+07,-713116,713116
0,0,0,5.60258e+07,0,2.79484e+07,-712986,712986
0,0,0,5.60258e+07,0,2.75675e+07,-723812,723812
0,0,0,5.60258e+07,0,2.7572e+07,-723683,723683
0,0,0,5.60258e+07,0,2.75765e+07,-723555,723555
0,0,0,5.60258e+07,0,2.7581e+07,-723426,723426
0,0,0,5.60258e+07,0,2.89285e+07,-685149,685149
0,0,0,5.60258e+07,0,2.89332e+07,-685014,685014
0,0,0,5.60258e+07,0,2.8938e+07,-684879,684879
0,0,0,5.60258e+07,0,2.89427e+07,-684744,684744
0,0,0,5.60258e+07,0,2.89475e+07,-684609,684609
0,0,0,5.60258e+07,0,2.92687e+07,-675752,675752
0,0,0,5.60258e+07,0,2.92735e+07,-675615,675615
0,0,0,5.60258e+07,0,2.92783e+07,-675479,675479
0,0,0,5.60258e+07,0,2.92831e+07,-675342,675342
0,0,0,5.60258e+07,0,2.99586e+07,-656147,656147
0,0,0,5.60258e+07,0,2.99635e+07,-656007,656007
0,0,0,5.60258e+07,0,2.99684e+07,-655867,655867
0,0,0,5.60258e+07,0,2.99733e+07,-655727,655727
0,0,0,5.60258e+07,0,3.22038e+07,-592465,592465
0,0,0,5.60258e+07,0,3.22091e+07,-592314,592314
0,0,0,5.60258e+07,0,3.22144e+07,-592163,592163
0,0,0,5.60258e+07,0,3.22197e+07,-592012,592012
0,0,0,5.60258e+07,0,3.2225e+07,-591861,591861
0,0,0,5.60258e+07,0,3.09797e+07,-627114,627114
0,0,0,5.60258e+07,0,3.09848e+07,-626969,626969
0,0,0,5.60258e+07,0,3.09899e+07,-626824,626824
0,0,0,5.60258e+07,0,3.0995e+07,-626679,626679
0,0,0,5.60258e+07,0,2.98978e+07,-657710,657710
0,0,0,5.60258e+07,0,2.99027e+07,-657570,657570
0,0,0,5.60258e+07,0,2.99076e+07,-657431,657431
0,0,0,5.60258e+07,0,2.99125e+07,-657291,657291
0,0,0,5.60258e+07,0,2.73632e+07,-729588,729588
0,0,0,5.60258e+07,0,2.73677e+07,-729460,729460
0,0,0,5.60258e+07,0,2.73722e+07,-729333,729333
0,0,0,5.60258e+07,0,2.73766e+07,-729206,729206
0,0,0,5.60258e+07,0,2.73811e+07,-729078,729078
0,0,0,5.60258e+07,0,2.82174e+07,-705299,705299
0,0,0,5.60258e+07,0,2.82218e+07,-705174,705174
0,0,0,5.60258e+07,0,2.82262e+07,-705049,705049
0,0,0,5.60258e+07,0,2.82305e+07,-704925,704925
0,0,0,5.60258e+07,0,3.11585e+07,-621792,621792
0,0,0,5.60258e+07,0,3.11634e+07,-621653,621653
0,0,0,5.60258e+07,0,3.11682e+07,-621515,621515
0,0,0,5.60258e+07,0,3.11731e+07,-621377,621377
0,0,0,5.60258e+07,0,2.71514e+07,-735630,735630
0,0,0,5.60258e+07,0,2.71556e+07,-735510,735510
0,0,0,5.60258e+07,0,2.71598e+07,-735391,735391
0,0,0,5.60258e+07,0,2.7164e+07,-735271,735271
0,0,0,5.60258e+07,0,2.71682e+07,-735151,735151
0,0,0,5.60258e+07,0,2.81703e+07,-706675,706675
0,0,0,5.60258e+07,0,2.81747e+07,-706550,706550
0,0,0,5.60258e+07,0,2.8179e+07,-706426,706426
0,0,0,5.60258e+07,0,2.81834e+07,-706302,706302
0,0,0,5.60258e+07,0,2.77988e+07,-717231,717231
0,0,0,5.60258e+07,0,2.78032e+07,-717108,717108
0,0,0,5.60258e+07,0,2.78075e+07,-716985,716985
0,0,0,5.60258e+07,0,2.78118e+07,-716863,716863
0,0,0,5.60258e+07,0,2.91708e+07,-678257,678257
0,0,0,5.60258e+07,0,2.91753e+07,-678128,678128
0,0,0,5.60258e+07,0,2.91799e+07,-678000,678000
0,0,0,5.60258e+07,0,2.91844e+07,-677871,677871
0,0,0,5.60258e+07,0,2.91889e+07,-677742,677742
0,0,0,5.60258e+07,0,2.95127e+07,-668815,668815
0,0,0,5.60258e+07,0,2.95173e+07,-668685,668685
0,0,0,5.60258e+07,0,2.95219e+07,-668554,668554
0,0,0,5.60258e+07,0,2.95265e+07,-668424,668424
0,0,0,5.60258e+07,0,3.02075e+07,-649070,649070
0,0,0,5.60258e+07,0,3.02122e+07,-648936,648936
0,0,0,5.60258e+07,0,3.02169e+07,-648803,648803
0,0,0,5.60258e+07,0,3.02216e+07,-648669,648669
0,0,0,5.60258e+07,0,3.24711e+07,-584868,584868
0,0,0,5.60258e+07,0,3.24761e+07,-584724,584724
0,0,0,5.60258e+07,0,3.24812e+07,-584580,584580
0,0,0,5.60258e+07,0,3.24863e+07,-584436,584436
0,0,0,5.60258e+07,0,3.24913e+07,-584292,584292
0,0,0,5.60258e+07,0,3.1235e+07,-619856,619856
0,0,0,5.60258e+07,0,3.12398e+07,-619718,619718
0,0,0,5.60258e+07,0,3.12447e+07,-619580,619580
0,0,0,5.60258e+07,0,3.12495e+07,-619441,619441
0,0,0,5.60258e+07,0,3.01427e+07,-650746,650746
0,0,0,5.60258e+07,0,3.01474e+07,-650613,650613
0,0,0,5.60258e+07,0,3.01521e+07,-650479,650479
0,0,0,5.60258e+07,0,3.01568e+07,-650346,650346
0,0,0,5.60258e+07,0,2.75854e+07,-723267,723267
0,0,0,5.60258e+07,0,2.75897e+07,-723145,723145
0,0,0,5.60258e+07,0,2.7594e+07,-723024,723024
0,0,0,5.60258e+07,0,2.75982e+07,-722902,722902
0,0,0,5.60258e+07,0,2.76025e+07,-722781,722781
0,0,0,5.60258e+07,0,2.76025e+07,-722781,722781
0,0,0,5.60258e+07,0,2.84457e+07,-698806,698806
0,0,0,5.60258e+07,0,2.84498e+07,-698688,698688
0,0,0,5.60258e+07,0,2.8454e+07,-698569,698569
0,0,0,5.60258e+07,0,2.84582e+07,-698451,698451
0,0,0,5.60258e+07,0,3.14106e+07,-614623,614623
0,0,0,5.60258e+07,0,3.14152e+07,-614492,614492
0,0,0,5.60258e+07,0,3.14198e+07,-614360,614360
0,0,0,5.60258e+07,0,3.14244e+07,-614229,614229
0,0,0,5.60258e+07,0,2.73687e+07,-729449,729449
0,0,0,5.60258e+07,0,2.73727e+07,-729336,729336
0,0,0,5.60258e+07,0,2.73767e+07,-729222,729222
0,0,0,5.60258e+07,0,2.73807e+07,-729108,729108
0,0,0,5.60258e+07,0,2.73847e+07,-728994,728994
0,0,0,5.60258e+07,0,2.83949e+07,-700286,700286
0,0,0,5.60258e+07,0,2.83991e+07,-700168,700168
0,0,0,5.60258e+07,0,2.84032e+07,-700050,700050
0,0,0,5.60258e+07,0,2.84074e+07,-699931,699931
0,0,0,5.60258e+07,0,2.80194e+07,-710958,710958
0,0,0,5.60258e+07,0,2.80235e+07,-710842,710842
0,0,0,5.60258e+07,0,2.80276e+07,-710725,710725
0,0,0,5.60258e+07,0,2.80317e+07,-710608,710608
0,0,0,5.60258e+07,0,2.94017e+07,-671690,671690
0,0,0,5.60258e+07,0,2.9406e+07,-671567,671567
0,0,0,5.60258e+07,0,2.94103e+07,-671445,671445
0,0,0,5.60258e+07,0,2.94146e+07,-671322,671322
0,0,0,5.60258e+07,0,2.9419e+07,-671200,671200
0,0,0,5.60258e+07,0,2.97451e+07,-662207,662207
0,0,0,5.60258e+07,0,2.97495e+07,-662083,662083
0,0,0,5.60258e+07,0,2.97539e+07,-661959,661959
0,0,0,5.60258e+07,0,2.97582e+07,-661835,661835
0,0,0,5.60258e+07,0,3.04446e+07,-642329,642329
0,0,0,5.60258e+07,0,3.04491e+07,-642202,642202
0,0,0,5.60258e+07,0,3.04535e+07,-642075,642075
0,0,0,5.60258e+07,0,3.0458e+07,-641948,641948
0,0,0,5.60258e+07,0,3.27255e+07,-577634,577634
0,0,0,5.60258e+07,0,3.27304e+07,-577497,577497
0,0,0,5.60258e+07,0,3.27352e+07,-577360,577360
0,0,0,5.60258e+07,0,3.274e+07,-577223,577223
0,0,0,5.60258e+07,0,3.27448e+07,-577086,577086
0,0,0,5.60258e+07,0,3.1478e+07,-612947,612947
0,0,0,5.60258e+07,0,3.14826e+07,-612816,612816
0,0,0,5.60258e+07,0,3.14872e+07,-612684,612684
0,0,0,5.60258e+07,0,3.14919e+07,-612552,612552
0,0,0,5.60258e+07,0,3.03758e+07,-644118,644118
0,0,0,5.60258e+07,0,3.03802e+07,-643991,643991
0,0,0,5.60258e+07,0,3.03847e+07,-643864,643864
0,0,0,5.60258e+07,0,3.03892e+07,-643737,643737
0,0,0,5.60258e+07,0,2.77969e+07,-717252,717252
0,0,0,5.60258e+07,0,2.7801e+07,-717136,717136
0,0,0,5.60258e+07,0,2.7805e+07,-717021,717021
0,0,0,5.60258e+07,0,2.78091e+07,-716905,716905
0,0,0,5.60258e+07,0,2.78132e+07,-716790,716790
0,0,0,5.60258e+07,0,2.86628e+07,-692631,692631
0,0,0,5.60258e+07,0,2.86667e+07,-692518,692518
0,0,0,5.60258e+07,0,2.86707e+07,-692406,692406
0,0,0,5.60258e+07,0,2.86746e+07,-692293,692293
0,0,0,5.60258e+07,0,3.16503e+07,-607805,607805
0,0,0,5.60258e+07,0,3.16547e+07,-607681,607681
0,0,0,5.60258e+07,0,3.16591e+07,-607556,607556
0,0,0,5.60258e+07,0,3.16635e+07,-607431,607431
0,0,0,5.60258e+07,0,2.75753e+07,-723573,723573
0,0,0,5.60258e+07,0,2.75791e+07,-723465,723465
0,0,0,5.60258e+07,0,2.75829e+07,-723357,723357
0,0,0,5.60258e+07,0,2.75867e+07,-723249,723249
0,0,0,5.60258e+07,0,2.75905e+07,-723141,723141
0,0,0,5.60258e+07,0,2.86084e+07,-694214,694214
0,0,0,5.60258e+07,0,2.86124e+07,-694102,694102
0,0,0,5.60258e+07,0,2.86163e+07,-693990,693990
0,0,0,5.60258e+07,0,2.86202e+07,-693877,693877
0,0,0,5.60258e+07,0,2.82289e+07,-704998,704998
0,0,0,5.60258e+07,0,2.82328e+07,-704887,704887
0,0,0,5.60258e+07,0,2.82367e+07,-704777,704777
0,0,0,5.60258e+07,0,2.82406e+07,-704666,704666
0,0,0,5.60258e+07,0,2.96211e+07,-665451,665451
0,0,0,5.60258e+07,0,2.96252e+07,-665335,665335
0,0,0,5.60258e+07,0,2.96293e+07,-665218,665218
0,0,0,5.60258e+07,0,2.96333e+07,-665102,665102
0,0,0,5.60258e+07,0,2.96374e+07,-664986,664986
0,0,0,5.60258e+07,0,2.99659e+07,-655931,655931
0,0,0,5.60258e+07,0,2.997e+07,-655813,655813
0,0,0,5.60258e+07,0,2.99742e+07,-655695,655695
0,0,0,5.60258e+07,0,2.99783e+07,-655578,655578
0,0,0,5.60258e+07,0,3.06697e+07,-635929,635929
0,0,0,5.60258e+07,0,3.06739e+07,-635809,635809
0,0,0,5.60258e+07,0,3.06782e+07,-635688,635688
0,0,0,5.60258e+07,0,3.06824e+07,-635568,635568
0,0,0,5.60258e+07,0,3.29671e+07,-570767,570767
0,0,0,5.60258e+07,0,3.29717e+07,-570637,570637
0,0,0,5.60258e+07,0,3.29763e+07,-570507,570507
0,0,0,5.60258e+07,0,3.29808e+07,-570378,570378
0,0,0,5.60258e+07,0,3.29854e+07,-570248,570248
0,0,0,5.60258e+07,0,3.17086e+07,-606391,606391
0,0,0,5.60258e+07,0,3.1713e+07,-606266,606266
0,0,0,5.60258e+07,0,3.17174e+07,-606141,606141
0,0,0,5.60258e+07,0,3.17217e+07,-606017,606017
0,0,0,5.60258e+07,0,3.05969e+07,-637829,637829
0,0,0,5.60258e+07,0,3.06011e+07,-637709,637709
0,0,0,5.60258e+07,0,3.06054e+07,-637589,637589
0,0,0,5.60258e+07,0,3.06096e+07,-637469,637469
0,0,0,5.60258e+07,0,2.79975e+07,-711547,711547
0,0,0,5.60258e+07,0,2.80013e+07,-711438,711438
0,0,0,5.60258e+07,0,2.80052e+07,-711328,711328
0,0,0,5.60258e+07,0,2.8009e+07,-711219,711219
0,0,0,5.60258e+07,0,2.80129e+07,-711109,711109
0,0,0,5.60258e+07,0,2.88686e+07,-686775,686775
0,0,0,5.60258e+07,0,2.88724e+07,-686669,686669
0,0,0,5.60258e+07,0,2.88761e+07,-686563,686563
0,0,0,5.60258e+07,0,2.88798e+07,-686457,686457
0,0,0,5.60258e+07,0,3.18775e+07,-601344,601344
0,0,0,5.60258e+07,0,3.18817e+07,-601226,601226
0,0,0,5.60258e+07,0,3.18858e+07,-601109,601109
0,0,0,5.60258e+07,0,3.18899e+07,-600991,600991
0,0,0,5.60258e+07,0,2.7771e+07,-718005,718005
0,0,0,5.60258e+07,0,2.77746e+07,-717903,717903
0,0,0,5.60258e+07,0,2.77782e+07,-717801,717801
0,0,0,5.60258e+07,0,2.77818e+07,-717700,717700
0,0,0,5.60258e+07,0,2.77854e+07,-717598,717598
0,0,0,5.60258e+07,0,2.88106e+07,-688463,688463
0,0,0,5.60258e+07,0,2.88143e+07,-688358,688358
0,0,0,5.60258e+07,0,2.8818e+07,-688252,688252
0,0,0,5.60258e+07,0,2.88218e+07,-688146,688146
0,0,0,5.60258e+07,0,2.84273e+07,-699355,699355
0,0,0,5.60258e+07,0,2.8431e+07,-699251,699251
0,0,0,5.60258e+07,0,2.84347e+07,-699147,699147
0,0,0,5.60258e+07,0,2.84383e+07,-699042,699042
0,0,0,5.60258e+07,0,2.98287e+07,-659547,659547
0,0,0,5.60258e+07,0,2.98325e+07,-659437,659437
0,0,0,5.60258e+07,0,2.98364e+07,-659327,659327
0,0,0,5.60258e+07,0,2.98402e+07,-659218,659218
0,0,0,5.60258e+07,0,2.98441e+07,-659108,659108
0,0,0,5.60258e+07,0,3.01747e+07,-649994,649994
0,0,0,5.60258e+07,0,3.01786e+07,-649883,649883
0,0,0,5.60258e+07,0,3.01825e+07,-649772,649772
0,0,0,5.60258e+07,0,3.01864e+07,-649661,649661
0,0,0,5.60258e+07,0,3.08826e+07,-629878,629878
0,0,0,5.60258e+07,0,3.08866e+07,-629764,629764
0,0,0,5.60258e+07,0,3.08906e+07,-629651,629651
0,0,0,5.60258e+07,0,3.08946e+07,-629537,629537
0,0,0,5.60258e+07,0,3.31955e+07,-564277,564277
0,0,0,5.60258e+07,0,3.31998e+07,-564154,564154
0,0,0,5.60258e+07,0,3.32041e+07,-564032,564032
0,0,0,5.60258e+07,0,3.32084e+07,-563909,563909
0,0,0,5.60258e+07,0,3.32127e+07,-563787,563787
0,0,0,5.60258e+07,0,3.19265e+07,-600197,600197
0,0,0,5.60258e+07,0,3.19306e+07,-600079,600079
0,0,0,5.60258e+07,0,3.19347e+07,-599961,599961
0,0,0,5.60258e+07,0,3.19389e+07,-599844,599844
0,0,0,5.60258e+07,0,3.08057e+07,-631891,631891
0,0,0,5.60258e+07,0,3.08097e+07,-631778,631778
0,0,0,5.60258e+07,0,3.08137e+07,-631664,631664
0,0,0,5.60258e+07,0,3.08177e+07,-631551,631551
0,0,0,5.60258e+07,0,2.81868e+07,-706162,706162
0,0,0,5.60258e+07,0,2.81904e+07,-706059,706059
0,0,0,5.60258e+07,0,2.81941e+07,-705955,705955
0,0,0,5.60258e+07,0,2.81977e+07,-705852,705852
0,0,0,5.60258e+07,0,2.82013e+07,-705749,705749
0,0,0,5.60258e+07,0,2.90629e+07,-681250,681250
0,0,0,5.60258e+07,0,2.90664e+07,-681151,681151
0,0,0,5.60258e+07,0,2.90699e+07,-681051,681051
0,0,0,5.60258e+07,0,2.90734e+07,-680951,680951
0,0,0,5.60258e+07,0,3.20918e+07,-595249,595249
0,0,0,5.60258e+07,0,3.20957e+07,-595139,595139
0,0,0,5.60258e+07,0,3.20996e+07,-595028,595028
0,0,0,5.60258e+07,0,3.21035e+07,-594918,594918
0,0,0,5.60258e+07,0,2.79556e+07,-712755,712755
0,0,0,5.60258e+07,0,2.7959e+07,-712659,712659
0,0,0,5.60258e+07,0,2.79623e+07,-712564,712564
0,0,0,5.60258e+07,0,2.79657e+07,-712468,712468
0,0,0,5.60258e+07,0,2.79691e+07,-712372,712372
0,0,0,5.60258e+07,0,2.90012e+07,-683043,683043
0,0,0,5.60258e+07,0,2.90047e+07,-682944,682944
0,0,0,5.60258e+07,0,2.90082e+07,-682844,682844
0,0,0,5.60258e+07,0,2.90117e+07,-682745,682745
0,0,0,5.60258e+07,0,2.86143e+07,-694038,694038
0,0,0,5.60258e+07,0,2.86177e+07,-693940,693940
0,0,0,5.60258e+07,0,2.86212e+07,-693842,693842
0,0,0,5.60258e+07,0,2.86246e+07,-693744,693744
0,0,0,5.60258e+07,0,3.00242e+07,-653985,653985
0,0,0,5.60258e+07,0,3.00278e+07,-653882,653882
0,0,0,5.60258e+07,0,3.00315e+07,-653779,653779
0,0,0,5.60258e+07,0,3.00351e+07,-653676,653676
0,0,0,5.60258e+07,0,3.00387e+07,-653573,653573
0,0,0,5.60258e+07,0,3.03713e+07,-644404,644404
0,0,0,5.60258e+07,0,3.0375e+07,-644300,644300
0,0,0,5.60258e+07,0,3.03786e+07,-644196,644196
0,0,0,5.60258e+07,0,3.03823e+07,-644092,644092
0,0,0,5.60258e+07,0,3.10829e+07,-624182,624182
0,0,0,5.60258e+07,0,3.10867e+07,-624075,624075
0,0,0,5.60258e+07,0,3.10904e+07,-623968,623968
0,0,0,5.60258e+07,0,3.10942e+07,-623862,623862
0,0,0,5.60258e+07,0,3.34103e+07,-558170,558170
0,0,0,5.60258e+07,0,3.34144e+07,-558055,558055
0,0,0,5.60258e+07,0,3.34184e+07,-557939,557939
0,0,0,5.60258e+07,0,3.34225e+07,-557824,557824
0,0,0,5.60258e+07,0,3.34265e+07,-557709,557709
0,0,0,5.60258e+07,0,3.21314e+07,-594371,594371
0,0,0,5.60258e+07,0,3.21353e+07,-594260,594260
0,0,0,5.60258e+07,0,3.21391e+07,-594150,594150
0,0,0,5.60258e+07,0,3.2143e+07,-594039,594039
0,0,0,5.60258e+07,0,3.10021e+07,-626308,626308
0,0,0,5.60258e+07,0,3.10058e+07,-626201,626201
0,0,0,5.60258e+07,0,3.10096e+07,-626095,626095
0,0,0,5.60258e+07,0,3.10133e+07,-625988,625988
0,0,0,5.60258e+07,0,2.83647e+07,-701101,701101
0,0,0,5.60258e+07,0,2.83682e+07,-701004,701004
0,0,0,5.60258e+07,0,2.83716e+07,-700906,700906
0,0,0,5.60258e+07,0,2.8375e+07,-700809,700809
0,0,0,5.60258e+07,0,2.83784e+07,-700712,700712
0,0,0,5.60258e+07,0,2.92454e+07,-676060,676060
0,0,0,5.60258e+07,0,2.92487e+07,-675966,675966
0,0,0,5.60258e+07,0,2.9252e+07,-675873,675873
0,0,0,5.60258e+07,0,2.92552e+07,-675779,675779
0,0,0,5.60258e+07,0,3.22932e+07,-589524,589524
0,0,0,5.60258e+07,0,3.22968e+07,-589421,589421
0,0,0,5.60258e+07,0,3.23004e+07,-589317,589317
0,0,0,5.60258e+07,0,3.23041e+07,-589213,589213
0,0,0,5.60258e+07,0,2.8129e+07,-707825,707825
0,0,0,5.60258e+07,0,2.81321e+07,-707735,707735
0,0,0,5.60258e+07,0,2.81353e+07,-707645,707645
0,0,0,5.60258e+07,0,2.81384e+07,-707556,707556
0,0,0,5.60258e+07,0,2.81416e+07,-707466,707466
0,0,0,5.60258e+07,0,2.91801e+07,-677954,677954
0,0,0,5.60258e+07,0,2.91834e+07,-677861,677861
0,0,0,5.60258e+07,0,2.91867e+07,-677768,677768
0,0,0,5.60258e+07,0,2.91899e+07,-677674,677674
0,0,0,5.60258e+07,0,2.87897e+07,-689047,689047
0,0,0,5.60258e+07,0,2.8793e+07,-688956,688956
0,0,0,5.60258e+07,0,2.87962e+07,-688864,688864
0,0,0,5.60258e+07,0,2.87994e+07,-688772,688772
0,0,0,5.60258e+07,0,3.02077e+07,-648766,648766
0,0,0,5.60258e+07,0,3.02111e+07,-648669,648669
0,0,0,5.60258e+07,0,3.02145e+07,-648573,648573
0,0,0,5.60258e+07,0,3.02179e+07,-648476,648476
0,0,0,5.60258e+07,0,3.02213e+07,-648380,648380
0,0,0,5.60258e+07,0,3.05558e+07,-639160,639160
0,0,0,5.60258e+07,0,3.05592e+07,-639062,639062
0,0,0,5.60258e+07,0,3.05626e+07,-638965,638965
0,0,0,5.60258e+07,0,3.05661e+07,-638867,638867
0,0,0,5.60258e+07,0,3.12708e+07,-618839,618839
0,0,0,5.60258e+07,0,3.12744e+07,-618739,618739
0,0,0,5.60258e+07,0,3.12779e+07,-618639,618639
0,0,0,5.60258e+07,0,3.12814e+07,-618539,618539
0,0,0,5.60258e+07,0,3.36118e+07,-552442,552442
0,0,0,5.60258e+07,0,3.36156e+07,-552334,552334
0,0,0,5.60258e+07,0,3.36194e+07,-552227,552227
0,0,0,5.60258e+07,0,3.36232e+07,-552119,552119
0,0,0,5.60258e+07,0,3.3627e+07,-552011,552011
0,0,0,5.60258e+07,0,3.23235e+07,-588909,588909
0,0,0,5.60258e+07,0,3.23271e+07,-588805,588805
0,0,0,5.60258e+07,0,3.23308e+07,-588702,588702
0,0,0,5.60258e+07,0,3.23344e+07,-588598,588598
0,0,0,5.60258e+07,0,3.11861e+07,-621074,621074
0,0,0,5.60258e+07,0,3.11896e+07,-620975,620975
0,0,0,5.60258e+07,0,3.11932e+07,-620875,620875
0,0,0,5.60258e+07,0,3.11967e+07,-620775,620775
0,0,0,5.60258e+07,0,2.85315e+07,-696357,696357
0,0,0,5.60258e+07,0,2.85347e+07,-696266,696266
0,0,0,5.60258e+07,0,2.85379e+07,-696175,696175
0,0,0,5.60258e+07,0,2.85411e+07,-696085,696085
0,0,0,5.60258e+07,0,2.85443e+07,-695994,695994
0,0,0,5.60258e+07,0,2.94163e+07,-671197,671197
0,0,0,2.74481e+08,0,2.94194e+07,-671110,671110
0,0,0,2.74481e+08,0,2.94225e+07,-671022,671022
0,0,0,2.74481e+08,0,2.94255e+07,-670935,670935
0,0,0,2.74481e+08,0,3.24817e+07,-584162,584162
0,0,0,2.74481e+08,0,3.24851e+07,-584065,584065
0,0,0,2.74481e+08,0,3.24885e+07,-583969,583969
0,0,0,2.74481e+08,0,3.24919e+07,-583872,583872
0,0,0,2.74481e+08,0,2.82913e+07,-703208,703208
0,0,0,2.74481e+08,0,2.82942e+07,-703124,703124
0,0,0,2.74481e+08,0,2.82972e+07,-703041,703041
0,0,0,2.74481e+08,0,2.83001e+07,-702957,702957
0,0,0,2.74481e+08,0,2.8303e+07,-702873,702873
0,0,0,2.74481e+08,0,2.93476e+07,-673191,673191
0,0,0,2.74481e+08,0,2.93506e+07,-673104,673104
0,0,0,2.74481e+08,0,2.93537e+07,-673017,673017
0,0,0,2.74481e+08,0,2.93568e+07,-672930,672930
0,0,0,2.74481e+08,0,2.89539e+07,-684377,684377
0,0,0,2.74481e+08,0,2.8957e+07,-684292,684292
0,0,0,2.74481e+08,0,2.896e+07,-684206,684206
0,0,0,2.74481e+08,0,2.8963e+07,-684120,684120
0,0,0,2.74481e+08,0,3.03794e+07,-643883,643883
0,0,0,2.74481e+08,0,3.03826e+07,-643793,643793
0,0,0,2.74481e+08,0,3.03858e+07,-643703,643703
0,0,0,2.74481e+08,0,3.03889e+07,-643613,643613
0,0,0,2.74481e+08,0,3.03921e+07,-643523,643523
0,0,0,2.74481e+08,0,3.07283e+07,-634256,634256
0,0,0,2.74481e+08,0,3.07315e+07,-634165,634165
0,0,0,2.74481e+08,0,3.07347e+07,-634073,634073
0,0,0,2.74481e+08,0,3.07379e+07,-633982,633982
0,0,0,2.74481e+08,0,3.14465e+07,-613844,613844
0,0,0,2.74481e+08,0,3.14498e+07,-613751,613751
0,0,0,2.74481e+08,0,3.14531e+07,-613657,613657
0,0,0,2.74481e+08,0,3.14564e+07,-613564,613564
0,0,0,2.74481e+08,0,3.38001e+07,-547089,547089
0,0,0,2.74481e+08,0,3.38036e+07,-546989,546989
0,0,0,2.74481e+08,0,3.38072e+07,-546888,546888
0,0,0,2.74481e+08,0,3.38107e+07,-546787,546787
0,0,0,2.74481e+08,0,3.38143e+07,-546687,546687
0,0,0,2.74481e+08,0,3.2503e+07,-583806,583806
0,0,0,2.74481e+08,0,3.25064e+07,-583710,583710
0,0,0,2.74481e+08,0,3.25098e+07,-583613,583613
0,0,0,2.74481e+08,0,3.25132e+07,-583516,583516
0,0,0,2.74481e+08,0,3.1358e+07,-616187,616187
0,0,0,2.74481e+08,0,3.13613e+07,-616093,616093
0,0,0,2.74481e+08,0,3.13646e+07,-616000,616000
0,0,0,2.74481e+08,0,3.13679e+07,-615907,615907
0,0,0,2.74481e+08,0,2.86872e+07,-691929,691929
0,0,0,2.74481e+08,0,2.86902e+07,-691844,691844
0,0,0,2.74481e+08,0,2.86932e+07,-691759,691759
0,0,0,2.74481e+08,0,2.86962e+07,-691674,691674
0,0,0,2.74481e+08,0,2.86991e+07,-691589,691589
0,0,0,2.74481e+08,0,2.86991e+07,-691589,691589
0,0,0,2.74481e+08,0,2.95759e+07,-666658,666658
0,0,0,2.74481e+08,0,2.95788e+07,-666577,666577
0,0,0,2.74481e+08,0,2.95816e+07,-666496,666496
0,0,0,2.74481e+08,0,2.95845e+07,-666415,666415
0,0,0,2.74481e+08,0,3.26576e+07,-579159,579159
0,0,0,2.74481e+08,0,3.26608e+07,-579070,579070
0,0,0,2.74481e+08,0,3.26639e+07,-578980,578980
0,0,0,2.74481e+08,0,3.26671e+07,-578890,578890
0,0,0,2.74481e+08,0,2.84427e+07,-698902,698902
0,0,0,2.74481e+08,0,2.84454e+07,-698825,698825
0,0,0,2.74481e+08,0,2.84481e+07,-698747,698747
0,0,0,2.74481e+08,0,2.84509e+07,-698669,698669
0,0,0,2.74481e+08,0,2.84536e+07,-698591,698591
0,0,0,2.74481e+08,0,2.95037e+07,-668750,668750
0,0,0,2.74481e+08,0,2.95066e+07,-668669,668669
0,0,0,2.74481e+08,0,2.95094e+07,-668588,668588
0,0,0,2.74481e+08,0,2.95122e+07,-668508,668508
0,0,0,2.74481e+08,0,2.91069e+07,-680025,680025
0,0,0,2.74481e+08,0,2.91097e+07,-679946,679946
0,0,0,2.74481e+08,0,2.91125e+07,-679866,679866
0,0,0,2.74481e+08,0,2.91154e+07,-679786,679786
0,0,0,2.74481e+08,0,3.05394e+07,-639335,639335
0,0,0,2.74481e+08,0,3.05423e+07,-639251,639251
0,0,0,2.74481e+08,0,3.05452e+07,-639167,639167
0,0,0,2.74481e+08,0,3.05482e+07,-639084,639084
0,0,0,2.74481e+08,0,3.05511e+07,-639000,639000
0,0,0,2.74481e+08,0,3.08889e+07,-629689,629689
0,0,0,2.74481e+08,0,3.08919e+07,-629605,629605
0,0,0,2.74481e+08,0,3.08948e+07,-629520,629520
0,0,0,2.74481e+08,0,3.08978e+07,-629435,629435
0,0,0,2.74481e+08,0,3.16101e+07,-609195,609195
0,0,0,2.74481e+08,0,3.16131e+07,-609108,609108
0,0,0,2.74481e+08,0,3.16162e+07,-609021,609021
0,0,0,2.74481e+08,0,3.16192e+07,-608935,608935
0,0,0,2.74481e+08,0,3.39753e+07,-542109,542109
0,0,0,2.74481e+08,0,3.39786e+07,-542016,542016
0,0,0,2.74481e+08,0,3.39819e+07,-541922,541922
0,0,0,2.74481e+08,0,3.39852e+07,-541829,541829
0,0,0,2.74481e+08,0,3.39885e+07,-541735,541735
0,0,0,2.74481e+08,0,3.26699e+07,-579061,579061
0,0,0,2.74481e+08,0,3.2673e+07,-578971,578971
0,0,0,2.74481e+08,0,3.26762e+07,-578881,578881
0,0,0,2.74481e+08,0,3.26794e+07,-578792,578792
0,0,0,2.74481e+08,0,3.15178e+07,-611643,611643
0,0,0,2.74481e+08,0,3.15209e+07,-611557,611557
0,0,0,2.74481e+08,0,3.15239e+07,-611470,611470
0,0,0,2.74481e+08,0,3.15269e+07,-611384,611384
0,0,0,2.74481e+08,0,2.88319e+07,-687814,687814
0,0,0,2.74481e+08,0,2.88347e+07,-687735,687735
0,0,0,2.74481e+08,0,2.88374e+07,-687656,687656
0,0,0,2.74481e+08,0,2.88402e+07,-687577,687577
0,0,0,2.74481e+08,0,2.8843e+07,-687498,687498
0,0,0,2.74481e+08,0,2.97241e+07,-662443,662443
0,0,0,2.74481e+08,0,2.97267e+07,-662368,662368
0,0,0,2.74481e+08,0,2.97294e+07,-662294,662294
0,0,0,2.74481e+08,0,2.9732e+07,-662219,662219
0,0,0,2.74481e+08,0,3.28209e+07,-574515,574515
0,0,0,2.74481e+08,0,3.28238e+07,-574433,574433
0,0,0,2.74481e+08,0,3.28267e+07,-574350,574350
0,0,0,2.74481e+08,0,3.28297e+07,-574267,574267
0,0,0,2.74481e+08,0,2.85831e+07,-694907,694907
0,0,0,2.74481e+08,0,2.85856e+07,-694835,694835
0,0,0,2.74481e+08,0,2.85882e+07,-694764,694764
0,0,0,2.74481e+08,0,2.85907e+07,-694692,694692
0,0,0,2.74481e+08,0,2.85932e+07,-694620,694620
0,0,0,2.74481e+08,0,2.96485e+07,-664632,664632
0,0,0,2.74481e+08,0,2.96511e+07,-664557,664557
0,0,0,2.74481e+08,0,2.96538e+07,-664483,664483
0,0,0,2.74481e+08,0,2.96564e+07,-664408,664408
0,0,0,2.74481e+08,0,2.92488e+07,-675991,675991
0,0,0,2.74481e+08,0,2.92514e+07,-675918,675918
0,0,0,2.74481e+08,0,2.9254e+07,-675844,675844
0,0,0,2.74481e+08,0,2.92565e+07,-675770,675770
0,0,0,2.74481e+08,0,3.06875e+07,-635121,635121
0,0,0,2.74481e+08,0,3.06903e+07,-635043,635043
0,0,0,2.74481e+08,0,3.0693e+07,-634966,634966
0,0,0,2.74481e+08,0,3.06957e+07,-634889,634889
0,0,0,2.74481e+08,0,3.06984e+07,-634811,634811
0,0,0,2.74481e+08,0,3.10376e+07,-625461,625461
0,0,0,2.74481e+08,0,3.10404e+07,-625383,625383
0,0,0,2.74481e+08,0,3.10431e+07,-625305,625305
0,0,0,2.74481e+08,0,3.10459e+07,-625226,625226
0,0,0,2.74481e+08,0,3.17614e+07,-604892,604892
0,0,0,2.74481e+08,0,3.17642e+07,-604812,604812
0,0,0,2.74481e+08,0,3.17671e+07,-604732,604732
0,0,0,2.74481e+08,0,3.17699e+07,-604652,604652
0,0,0,2.74481e+08,0,3.41374e+07,-537502,537502
0,0,0,2.74481e+08,0,3.41404e+07,-537416,537416
0,0,0,2.74481e+08,0,3.41435e+07,-537329,537329
0,0,0,2.74481e+08,0,3.41465e+07,-537243,537243
0,0,0,2.74481e+08,0,3.41495e+07,-537157,537157
0,0,0,2.74481e+08,0,3.28242e+07,-574674,574674
0,0,0,2.74481e+08,0,3.28271e+07,-574591,574591
0,0,0,2.74481e+08,0,3.283e+07,-574508,574508
0,0,0,2.74481e+08,0,3.28329e+07,-574425,574425
0,0,0,2.74481e+08,0,3.16655e+07,-607444,607444
0,0,0,2.74481e+08,0,3.16683e+07,-607364,607364
0,0,0,2.74481e+08,0,3.16711e+07,-607284,607284
0,0,0,2.74481e+08,0,3.16739e+07,-607205,607205
0,0,0,2.74481e+08,0,2.89655e+07,-684012,684012
0,0,0,2.74481e+08,0,2.89681e+07,-683940,683940
0,0,0,2.74481e+08,0,2.89706e+07,-683867,683867
0,0,0,2.74481e+08,0,2.89732e+07,-683794,683794
0,0,0,2.74481e+08,0,2.89758e+07,-683721,683721
0,0,0,2.74481e+08,0,2.98609e+07,-658552,658552
0,0,0,2.74481e+08,0,2.98633e+07,-658483,658483
0,0,0,2.74481e+08,0,2.98657e+07,-658415,658415
0,0,0,2.74481e+08,0,2.98682e+07,-658346,658346
0,0,0,2.74481e+08,0,3.29716e+07,-570230,570230
0,0,0,2.74481e+08,0,3.29743e+07,-570154,570154
0,0,0,2.74481e+08,0,3.29769e+07,-570078,570078
0,0,0,2.74481e+08,0,3.29796e+07,-570002,570002
0,0,0,2.74481e+08,0,2.87127e+07,-691223,691223
0,0,0,2.74481e+08,0,2.8715e+07,-691157,691157
0,0,0,2.74481e+08,0,2.87173e+07,-691091,691091
0,0,0,2.74481e+08,0,2.87196e+07,-691025,691025
0,0,0,2.74481e+08,0,2.87219e+07,-690959,690959
0,0,0,2.74481e+08,0,2.9782e+07,-660836,660836
0,0,0,2.74481e+08,0,2.97844e+07,-660768,660768
0,0,0,2.74481e+08,0,2.97868e+07,-660699,660699
0,0,0,2.74481e+08,0,2.97892e+07,-660631,660631
0,0,0,2.74481e+08,0,2.93795e+07,-672275,672275
0,0,0,2.74481e+08,0,2.93818e+07,-672207,672207
0,0,0,2.74481e+08,0,2.93842e+07,-672140,672140
0,0,0,2.74481e+08,0,2.93866e+07,-672072,672072
0,0,0,2.74481e+08,0,3.0824e+07,-631240,631240
0,0,0,2.74481e+08,0,3.08265e+07,-631169,631169
0,0,0,2.74481e+08,0,3.0829e+07,-631098,631098
0,0,0,2.74481e+08,0,3.08315e+07,-631027,631027
0,0,0,2.74481e+08,0,3.0834e+07,-630956,630956
0,0,0,2.74481e+08,0,3.11745e+07,-621570,621570
0,0,0,2.74481e+08,0,3.1177e+07,-621498,621498
0,0,0,2.74481e+08,0,3.11795e+07,-621426,621426
0,0,0,2.74481e+08,0,3.11821e+07,-621355,621355
0,0,0,2.74481e+08,0,3.19006e+07,-600934,600934
0,0,0,2.74481e+08,0,3.19032e+07,-600861,600861
0,0,0,2.74481e+08,0,3.19058e+07,-600787,600787
0,0,0,2.74481e+08,0,3.19084e+07,-600714,600714
0,0,0,2.74481e+08,0,3.42864e+07,-533266,533266
0,0,0,2.74481e+08,0,3.42892e+07,-533187,533187
0,0,0,2.74481e+08,0,3.4292e+07,-533108,533108
0,0,0,2.74481e+08,0,3.42948e+07,-533029,533029
0,0,0,2.74481e+08,0,3.42975e+07,-532950,532950
0,0,0,2.74481e+08,0,3.2966e+07,-570643,570643
0,0,0,2.74481e+08,0,3.29687e+07,-570567,570567
0,0,0,2.74481e+08,0,3.29713e+07,-570491,570491
0,0,0,2.74481e+08,0,3.2974e+07,-570415,570415
0,0,0,2.74481e+08,0,3.18011e+07,-603588,603588
0,0,0,2.74481e+08,0,3.18036e+07,-603515,603515
0,0,0,2.74481e+08,0,3.18062e+07,-603442,603442
0,0,0,2.74481e+08,0,3.18088e+07,-603369,603369
0,0,0,2.74481e+08,0,2.90882e+07,-680524,680524
0,0,0,2.74481e+08,0,2.90905e+07,-680457,680457
0,0,0,2.74481e+08,0,2.90929e+07,-680391,680391
0,0,0,2.74481e+08,0,2.90952e+07,-680324,680324
0,0,0,2.74481e+08,0,2.90975e+07,-680257,680257
0,0,0,2.74481e+08,0,2.99864e+07,-654984,654984
0,0,0,2.74481e+08,0,2.99886e+07,-654921,654921
0,0,0,2.74481e+08,0,2.99908e+07,-654858,654858
0,0,0,2.74481e+08,0,2.9993e+07,-654796,654796
0,0,0,2.74481e+08,0,3.31097e+07,-566302,566302
0,0,0,2.74481e+08,0,3.31122e+07,-566233,566233
0,0,0,2.74481e+08,0,3.31146e+07,-566164,566164
0,0,0,2.74481e+08,0,3.3117e+07,-566094,566094
0,0,0,2.74481e+08,0,2.82986e+07,-1.22065e+06,1.22065e+06
0,0,0,2.74481e+08,0,2.83006e+07,-1.22063e+06,1.22063e+06
0,0,0,2.74481e+08,0,2.83027e+07,-1.22061e+06,1.22061e+06
0,0,0,2.74481e+08,0,2.83048e+07,-1.22059e+06,1.22059e+06
0,0,0,2.74481e+08,0,2.83068e+07,-1.22057e+06,1.22057e+06
0,0,0,2.74481e+08,0,2.93506e+07,-1.21091e+06,1.21091e+06
0,0,0,2.74481e+08,0,2.93528e+07,-1.21089e+06,1.21089e+06
0,0,0,2.74481e+08,0,2.93549e+07,-1.21087e+06,1.21087e+06
0,0,0,2.74481e+08,0,2.93571e+07,-1.21085e+06,1.21085e+06
0,0,0,2.74481e+08,0,2.89533e+07,-1.21459e+06,1.21459e+06
0,0,0,2.74481e+08,0,2.89555e+07,-1.21457e+06,1.21457e+06
0,0,0,2.74481e+08,0,2.89576e+07,-1.21455e+06,1.21455e+06
0,0,0,2.74481e+08,0,2.89597e+07,-1.21453e+06,1.21453e+06
0,0,0,2.74481e+08,0,3.0375e+07,-1.20145e+06,1.20145e+06
0,0,0,2.74481e+08,0,3.09511e+07,-627626,627626
0,0,0,2.74481e+08,0,3.09533e+07,-627561,627561
0,0,0,2.74481e+08,0,3.09556e+07,-627497,627497
0,0,0,2.74481e+08,0,3.09579e+07,-627432,627432
0,0,0,2.74481e+08,0,3.12996e+07,-618013,618013
0,0,0,2.74481e+08,0,3.13019e+07,-617947,617947
0,0,0,2.74481e+08,0,3.13042e+07,-617882,617882
0,0,0,2.74481e+08,0,3.13065e+07,-617817,617817
0,0,0,2.74481e+08,0,3.20278e+07,-597318,597318
0,0,0,2.74481e+08,0,3.20302e+07,-597251,597251
0,0,0,2.74481e+08,0,3.20325e+07,-597184,597184
0,0,0,2.74481e+08,0,3.20349e+07,-597117,597117
0,0,0,2.74481e+08,0,3.44225e+07,-529399,529399
0,0,0,2.74481e+08,0,3.4425e+07,-529327,529327
0,0,0,2.74481e+08,0,3.44275e+07,-529254,529254
0,0,0,2.74481e+08,0,3.44301e+07,-529182,529182
0,0,0,2.74481e+08,0,3.44326e+07,-529110,529110
0,0,0,2.74481e+08,0,3.30954e+07,-566965,566965
0,0,0,2.74481e+08,0,3.30978e+07,-566895,566895
0,0,0,2.74481e+08,0,3.31002e+07,-566826,566826
0,0,0,2.74481e+08,0,3.31027e+07,-566757,566757
0,0,0,2.74481e+08,0,3.19247e+07,-600072,600072
0,0,0,2.74481e+08,0,3.19271e+07,-600005,600005
0,0,0,2.74481e+08,0,3.19294e+07,-599939,599939
0,0,0,2.74481e+08,0,3.19318e+07,-599872,599872
0,0,0,2.74481e+08,0,2.92e+07,-677344,677344
0,0,0,2.74481e+08,0,2.92021e+07,-677284,677284
0,0,0,2.74481e+08,0,2.92042e+07,-677223,677223
0,0,0,2.74481e+08,0,2.92064e+07,-677162,677162
0,0,0,2.74481e+08,0,2.86684e+07,-1.2172e+06,1.2172e+06
0,0,0,2.74481e+08,0,3.01006e+07,-651733,651733
0,0,0,2.74481e+08,0,2.95452e+07,-1.20907e+06,1.20907e+06
0,0,0,2.74481e+08,0,2.95472e+07,-1.20905e+06,1.20905e+06
0,0,0,2.74481e+08,0,3.01066e+07,-651564,651564
0,0,0,2.74481e+08,0,3.26174e+07,-1.18072e+06,1.18072e+06
0,0,0,2.74481e+08,0,3.32376e+07,-562665,562665
0,0,0,2.74481e+08,0,3.32398e+07,-562602,562602
0,0,0,2.74481e+08,0,3.26239e+07,-1.18066e+06,1.18066e+06
0,0,0,2.74481e+08,0,2.84044e+07,-1.21967e+06,1.21967e+06
0,0,0,2.74481e+08,0,2.84063e+07,-1.21965e+06,1.21965e+06
0,0,0,2.74481e+08,0,2.84082e+07,-1.21963e+06,1.21963e+06
0,0,0,2.74481e+08,0,2.841e+07,-1.21961e+06,1.21961e+06
0,0,0,2.74481e+08,0,2.84119e+07,-1.2196e+06,1.2196e+06
0,0,0,2.74481e+08,0,2.94595e+07,-1.2099e+06,1.2099e+06
0,0,0,2.74481e+08,0,2.94615e+07,-1.20989e+06,1.20989e+06
0,0,0,2.74481e+08,0,2.94634e+07,-1.20987e+06,1.20987e+06
0,0,0,2.74481e+08,0,2.94653e+07,-1.20985e+06,1.20985e+06
0,0,0,2.74481e+08,0,2.90598e+07,-1.2136e+06,1.2136e+06
0,0,0,2.74481e+08,0,2.90617e+07,-1.21358e+06,1.21358e+06
0,0,0,2.74481e+08,0,2.90637e+07,-1.21357e+06,1.21357e+06
0,0,0,2.74481e+08,0,2.90656e+07,-1.21355e+06,1.21355e+06
0,0,0,2.74481e+08,0,3.04861e+07,-1.20042e+06,1.20042e+06
0,0,0,2.74481e+08,0,3.04881e+07,-1.2004e+06,1.2004e+06
0,0,0,2.74481e+08,0,3.04901e+07,-1.20038e+06,1.20038e+06
0,0,0,2.74481e+08,0,3.04921e+07,-1.20036e+06,1.20036e+06
0,0,0,2.74481e+08,0,3.04941e+07,-1.20035e+06,1.20035e+06
0,0,0,2.74481e+08,0,3.08303e+07,-1.19753e+06,1.19753e+06
0,0,0,2.74481e+08,0,3.08323e+07,-1.19751e+06,1.19751e+06
0,0,0,2.74481e+08,0,3.08344e+07,-1.19749e+06,1.19749e+06
0,0,0,2.74481e+08,0,3.08364e+07,-1.19747e+06,1.19747e+06
0,0,0,2.74481e+08,0,3.15462e+07,-1.1909e+06,1.1909e+06
0,0,0,2.74481e+08,0,3.15483e+07,-1.19089e+06,1.19089e+06
0,0,0,2.74481e+08,0,3.21473e+07,-593921,593921
0,0,0,2.74481e+08,0,3.21494e+07,-593861,593861
0,0,0,2.74481e+08,0,3.39023e+07,-1.16923e+06,1.16923e+06
0,0,0,2.74481e+08,0,3.45479e+07,-525833,525833
0,0,0,2.74481e+08,0,3.45502e+07,-525768,525768
0,0,0,2.74481e+08,0,3.3909e+07,-1.16917e+06,1.16917e+06
0,0,0,2.74481e+08,0,3.39113e+07,-1.16915e+06,1.16915e+06
0,0,0,2.74481e+08,0,3.25948e+07,-1.18118e+06,1.18118e+06
0,0,0,2.74481e+08,0,3.32145e+07,-563576,563576
0,0,0,2.74481e+08,0,3.32167e+07,-563513,563513
0,0,0,2.74481e+08,0,3.32189e+07,-563451,563451
0,0,0,2.74481e+08,0,3.20365e+07,-596895,596895
0,0,0,2.74481e+08,0,3.20386e+07,-596835,596835
0,0,0,2.74481e+08,0,3.20407e+07,-596775,596775
0,0,0,2.74481e+08,0,3.20428e+07,-596714,596714
0,0,0,2.74481e+08,0,2.93009e+07,-674474,674474
0,0,0,2.74481e+08,0,2.93028e+07,-674419,674419
0,0,0,2.74481e+08,0,2.93047e+07,-674364,674364
0,0,0,2.74481e+08,0,2.93067e+07,-674309,674309
0,0,0,2.74481e+08,0,2.93086e+07,-674254,674254
0,0,0,2.74481e+08,0,3.02037e+07,-648802,648802
0,0,0,2.74481e+08,0,3.02055e+07,-648751,648751
0,0,0,2.74481e+08,0,3.02073e+07,-648701,648701
0,0,0,2.74481e+08,0,3.0209e+07,-648651,648651
0,0,0,2.74481e+08,0,3.33487e+07,-559505,559505
0,0,0,2.74481e+08,0,3.33507e+07,-559450,559450
0,0,0,2.74481e+08,0,3.33526e+07,-559394,559394
0,0,0,2.74481e+08,0,3.33546e+07,-559338,559338
0,0,0,2.74481e+08,0,2.90365e+07,-682011,682011
0,0,0,2.74481e+08,0,2.90382e+07,-681963,681963
0,0,0,2.74481e+08,0,2.90399e+07,-681915,681915
0,0,0,2.74481e+08,0,2.90416e+07,-681867,681867
0,0,0,2.74481e+08,0,2.90433e+07,-681819,681819
0,0,0,2.74481e+08,0,3.01151e+07,-651362,651362
0,0,0,2.74481e+08,0,3.01168e+07,-651312,651312
0,0,0,2.74481e+08,0,3.01186e+07,-651262,651262
0,0,0,2.74481e+08,0,3.01204e+07,-651212,651212
0,0,0,2.74481e+08,0,2.97052e+07,-663009,663009
0,0,0,2.74481e+08,0,2.97069e+07,-662960,662960
0,0,0,2.74481e+08,0,2.97087e+07,-662911,662911
0,0,0,2.74481e+08,0,2.97104e+07,-662861,662861
0,0,0,2.74481e+08,0,3.11637e+07,-621578,621578
0,0,0,2.74481e+08,0,3.11655e+07,-621527,621527
0,0,0,2.74481e+08,0,3.11673e+07,-621475,621475
0,0,0,2.74481e+08,0,3.11692e+07,-621423,621423
0,0,0,2.74481e+08,0,3.1171e+07,-621371,621371
0,0,0,2.74481e+08,0,3.15147e+07,-611897,611897
0,0,0,2.74481e+08,0,3.15166e+07,-611845,611845
0,0,0,2.74481e+08,0,3.15184e+07,-611792,611792
0,0,0,2.74481e+08,0,3.15202e+07,-611740,611740
0,0,0,2.74481e+08,0,3.22462e+07,-591109,591109
0,0,0,2.74481e+08,0,3.22481e+07,-591055,591055
0,0,0,2.74481e+08,0,3.225e+07,-591001,591001
0,0,0,2.74481e+08,0,3.22519e+07,-590947,590947
0,0,0,2.74481e+08,0,3.46558e+07,-522766,522766
0,0,0,2.74481e+08,0,3.46579e+07,-522708,522708
0,0,0,2.74481e+08,0,3.46599e+07,-522650,522650
0,0,0,2.74481e+08,0,3.46619e+07,-522592,522592
0,0,0,2.74481e+08,0,3.4664e+07,-522534,522534
0,0,0,2.74481e+08,0,3.33169e+07,-560667,560667
0,0,0,2.74481e+08,0,3.33188e+07,-560611,560611
0,0,0,2.74481e+08,0,3.33208e+07,-560555,560555
0,0,0,2.74481e+08,0,3.33227e+07,-560500,560500
0,0,0,2.74481e+08,0,3.21362e+07,-594059,594059
0,0,0,2.74481e+08,0,3.21381e+07,-594006,594006
0,0,0,2.74481e+08,0,3.21399e+07,-593952,593952
0,0,0,2.74481e+08,0,3.21418e+07,-593899,593899
0,0,0,2.74481e+08,0,2.93909e+07,-671914,671914
0,0,0,2.74481e+08,0,2.93926e+07,-671865,671865
0,0,0,2.74481e+08,0,2.93943e+07,-671817,671817
0,0,0,2.74481e+08,0,2.9396e+07,-671768,671768
0,0,0,2.74481e+08,0,2.93977e+07,-671719,671719
0,0,0,2.74481e+08,0,2.93977e+07,-671719,671719
0,0,0,2.74481e+08,0,3.02955e+07,-646192,646192
0,0,0,2.74481e+08,0,3.0297e+07,-646148,646148
0,0,0,2.74481e+08,0,3.02986e+07,-646104,646104
0,0,0,2.74481e+08,0,3.03001e+07,-646059,646059
0,0,0,2.74481e+08,0,3.34495e+07,-556640,556640
0,0,0,2.74481e+08,0,3.34512e+07,-556591,556591
0,0,0,2.74481e+08,0,3.34529e+07,-556543,556543
0,0,0,2.74481e+08,0,3.34546e+07,-556494,556494
0,0,0,2.74481e+08,0,2.91229e+07,-679556,679556
0,0,0,2.74481e+08,0,2.91243e+07,-679513,679513
0,0,0,2.74481e+08,0,2.91258e+07,-679471,679471
0,0,0,2.74481e+08,0,2.91273e+07,-679429,679429
0,0,0,2.74481e+08,0,2.91288e+07,-679386,679386
0,0,0,2.74481e+08,0,3.02037e+07,-648842,648842
0,0,0,2.74481e+08,0,3.02052e+07,-648798,648798
0,0,0,2.74481e+08,0,3.02068e+07,-648754,648754
0,0,0,2.74481e+08,0,3.02083e+07,-648710,648710
0,0,0,2.74481e+08,0,2.97917e+07,-660550,660550
0,0,0,2.74481e+08,0,2.97932e+07,-660507,660507
0,0,0,2.74481e+08,0,2.97947e+07,-660464,660464
0,0,0,2.74481e+08,0,2.97962e+07,-660421,660421
0,0,0,2.74481e+08,0,3.12537e+07,-619020,619020
0,0,0,2.74481e+08,0,3.12553e+07,-618974,618974
0,0,0,2.74481e+08,0,3.12569e+07,-618929,618929
0,0,0,2.74481e+08,0,3.12585e+07,-618883,618883
0,0,0,2.74481e+08,0,3.12601e+07,-618837,618837
0,0,0,2.74481e+08,0,3.16046e+07,-609342,609342
0,0,0,2.74481e+08,0,3.16062e+07,-609296,609296
0,0,0,2.74481e+08,0,3.16078e+07,-609250,609250
0,0,0,2.74481e+08,0,3.16094e+07,-609204,609204
0,0,0,2.74481e+08,0,3.23373e+07,-588519,588519
0,0,0,2.74481e+08,0,3.2339e+07,-588472,588472
0,0,0,2.74481e+08,0,3.23406e+07,-588425,588425
0,0,0,2.74481e+08,0,3.23423e+07,-588378,588378
0,0,0,2.74481e+08,0,3.4753e+07,-520004,520004
0,0,0,2.74481e+08,0,3.47548e+07,-519953,519953
0,0,0,2.74481e+08,0,3.47565e+07,-519903,519903
0,0,0,2.74481e+08,0,3.47583e+07,-519852,519852
0,0,0,2.74481e+08,0,3.47601e+07,-519801,519801
0,0,0,2.74481e+08,0,3.34089e+07,-558050,558050
0,0,0,2.74481e+08,0,3.34106e+07,-558002,558002
0,0,0,2.74481e+08,0,3.34123e+07,-557953,557953
0,0,0,2.74481e+08,0,3.3414e+07,-557904,557904
0,0,0,2.74481e+08,0,3.22239e+07,-591566,591566
0,0,0,2.74481e+08,0,3.22255e+07,-591519,591519
0,0,0,2.74481e+08,0,3.22272e+07,-591472,591472
0,0,0,2.74481e+08,0,3.22288e+07,-591425,591425
0,0,0,2.74481e+08,0,2.94699e+07,-669667,669667
0,0,0,2.74481e+08,0,2.94714e+07,-669624,669624
0,0,0,2.74481e+08,0,2.94729e+07,-669581,669581
0,0,0,2.74481e+08,0,2.94744e+07,-669538,669538
0,0,0,2.74481e+08,0,2.94759e+07,-669496,669496
0,0,0,2.74481e+08,0,3.03759e+07,-643904,643904
0,0,0,2.74481e+08,0,3.03773e+07,-643866,643866
0,0,0,2.74481e+08,0,3.03786e+07,-643828,643828
0,0,0,2.74481e+08,0,3.03799e+07,-643790,643790
0,0,0,2.74481e+08,0,3.35377e+07,-554131,554131
0,0,0,2.74481e+08,0,3.35392e+07,-554089,554089
0,0,0,2.74481e+08,0,3.35407e+07,-554047,554047
0,0,0,2.74481e+08,0,3.35421e+07,-554005,554005
0,0,0,2.74481e+08,0,2.91984e+07,-677408,677408
0,0,0,2.74481e+08,0,2.91997e+07,-677371,677371
0,0,0,2.74481e+08,0,2.92009e+07,-677335,677335
0,0,0,2.74481e+08,0,2.92022e+07,-677298,677298
0,0,0,2.74481e+08,0,2.92035e+07,-677262,677262
0,0,0,2.74481e+08,0,3.0281e+07,-646642,646642
0,0,0,2.74481e+08,0,3.02824e+07,-646604,646604
0,0,0,2.74481e+08,0,3.02837e+07,-646566,646566
0,0,0,2.74481e+08,0,3.0285e+07,-646529,646529
0,0,0,2.74481e+08,0,2.98671e+07,-658406,658406
0,0,0,2.74481e+08,0,2.98684e+07,-658369,658369
0,0,0,2.74481e+08,0,2.98697e+07,-658332,658332
0,0,0,2.74481e+08,0,2.9871e+07,-658294,658294
0,0,0,2.74481e+08,0,3.1332e+07,-616791,616791
0,0,0,2.74481e+08,0,3.13334e+07,-616752,616752
0,0,0,2.74481e+08,0,3.13348e+07,-616713,616713
0,0,0,2.74481e+08,0,3.13362e+07,-616674,616674
0,0,0,2.74481e+08,0,3.13375e+07,-616634,616634
0,0,0,2.74481e+08,0,3.16827e+07,-607121,607121
0,0,0,2.74481e+08,0,3.16841e+07,-607081,607081
0,0,0,2.74481e+08,0,3.16855e+07,-607042,607042
0,0,0,2.74481e+08,0,3.16869e+07,-607002,607002
0,0,0,2.74481e+08,0,3.24164e+07,-586271,586271
0,0,0,2.74481e+08,0,3.24178e+07,-586230,586230
0,0,0,2.74481e+08,0,3.24193e+07,-586190,586190
0,0,0,2.74481e+08,0,3.24207e+07,-586149,586149
0,0,0,2.74481e+08,0,3.48372e+07,-517610,517610
0,0,0,2.74481e+08,0,3.48387e+07,-517566,517566
0,0,0,2.74481e+08,0,3.48403e+07,-517523,517523
0,0,0,2.74481e+08,0,3.48418e+07,-517479,517479
0,0,0,2.74481e+08,0,3.48433e+07,-517435,517435
0,0,0,2.74481e+08,0,3.34885e+07,-555787,555787
0,0,0,2.74481e+08,0,3.349e+07,-555745,555745
0,0,0,2.74481e+08,0,3.34915e+07,-555703,555703
0,0,0,2.74481e+08,0,3.3493e+07,-555661,555661
0,0,0,2.74481e+08,0,3.22996e+07,-589412,589412
0,0,0,2.74481e+08,0,3.2301e+07,-589371,589371
0,0,0,2.74481e+08,0,3.23025e+07,-589331,589331
0,0,0,2.74481e+08,0,3.23039e+07,-589290,589290
0,0,0,2.74481e+08,0,2.9538e+07,-667728,667728
0,0,0,2.74481e+08,0,2.95393e+07,-667691,667691
0,0,0,2.74481e+08,0,2.95406e+07,-667654,667654
0,0,0,2.74481e+08,0,2.95419e+07,-667618,667618
0,0,0,2.74481e+08,0,2.95432e+07,-667581,667581
0,0,0,2.74481e+08,0,3.04452e+07,-641934,641934
0,0,0,2.74481e+08,0,3.04463e+07,-641902,641902
0,0,0,2.74481e+08,0,3.04474e+07,-641870,641870
0,0,0,2.74481e+08,0,3.04485e+07,-641838,641838
0,0,0,2.74481e+08,0,3.36135e+07,-551975,551975
0,0,0,2.74481e+08,0,3.36148e+07,-551940,551940
0,0,0,2.74481e+08,0,3.3616e+07,-551905,551905
0,0,0,2.74481e+08,0,3.36172e+07,-551869,551869
0,0,0,2.74481e+08,0,2.92631e+07,-675565,675565
0,0,0,2.74481e+08,0,2.92642e+07,-675535,675535
0,0,0,2.74481e+08,0,2.92653e+07,-675504,675504
0,0,0,2.74481e+08,0,2.92664e+07,-675474,675474
0,0,0,2.74481e+08,0,2.92674e+07,-675443,675443
0,0,0,2.74481e+08,0,3.03472e+07,-644759,644759
0,0,0,2.74481e+08,0,3.03483e+07,-644727,644727
0,0,0,2.74481e+08,0,3.03495e+07,-644696,644696
0,0,0,2.74481e+08,0,3.03506e+07,-644664,644664
0,0,0,2.74481e+08,0,2.99315e+07,-656575,656575
0,0,0,2.74481e+08,0,2.99326e+07,-656543,656543
0,0,0,2.74481e+08,0,2.99337e+07,-656512,656512
0,0,0,2.74481e+08,0,2.99348e+07,-656481,656481
0,0,0,2.74481e+08,0,3.13988e+07,-614891,614891
0,0,0,2.74481e+08,0,3.14e+07,-614859,614859
0,0,0,2.74481e+08,0,3.14011e+07,-614826,614826
0,0,0,2.74481e+08,0,3.14023e+07,-614793,614793
0,0,0,2.74481e+08,0,3.14034e+07,-614760,614760
0,0,0,2.74481e+08,0,3.17491e+07,-605232,605232
0,0,0,2.74481e+08,0,3.17503e+07,-605199,605199
0,0,0,2.74481e+08,0,3.17515e+07,-605166,605166
0,0,0,2.74481e+08,0,3.17526e+07,-605132,605132
0,0,0,2.74481e+08,0,3.24835e+07,-584363,584363
0,0,0,2.74481e+08,0,3.24847e+07,-584329,584329
0,0,0,2.74481e+08,0,3.24859e+07,-584295,584295
0,0,0,2.74481e+08,0,3.24871e+07,-584261,584261
0,0,0,2.74481e+08,0,3.49085e+07,-515583,515583
0,0,0,2.74481e+08,0,3.49098e+07,-515546,515546
0,0,0,2.74481e+08,0,3.49111e+07,-515510,515510
0,0,0,2.74481e+08,0,3.49124e+07,-515473,515473
0,0,0,2.74481e+08,0,3.49137e+07,-515436,515436
0,0,0,2.74481e+08,0,3.35558e+07,-553875,553875
0,0,0,2.74481e+08,0,3.3557e+07,-553840,553840
0,0,0,2.74481e+08,0,3.35582e+07,-553805,553805
0,0,0,2.74481e+08,0,3.35595e+07,-553769,553769
0,0,0,2.74481e+08,0,3.23634e+07,-587597,587597
0,0,0,2.74481e+08,0,3.23646e+07,-587563,587563
0,0,0,2.74481e+08,0,3.23658e+07,-587529,587529
0,0,0,2.74481e+08,0,3.2367e+07,-587495,587495
0,0,0,2.74481e+08,0,2.95953e+07,-666098,666098
805202,0,0,2.74481e+08,0,2.83089e+07,805202,0
1.61044e+06,0,0,2.74481e+08,0,2.831e+07,805233,0
2.4157e+06,0,0,2.74481e+08,0,2.83111e+07,805264,0
3.221e+06,0,0,2.74481e+08,0,2.83122e+07,805295,0
4.05198e+06,0,0,2.74481e+08,0,2.92157e+07,830987,0
4.88299e+06,0,0,2.74481e+08,0,2.92166e+07,831013,0
5.71403e+06,0,0,2.74481e+08,0,2.92175e+07,831038,0
6.5451e+06,0,0,2.74481e+08,0,2.92184e+07,831064,0
7.46619e+06,0,0,2.74481e+08,0,3.23894e+07,921097,0
8.38732e+06,0,0,2.74481e+08,0,3.23904e+07,921125,0
9.30847e+06,0,0,2.74481e+08,0,3.23914e+07,921153,0
1.02297e+07,0,0,2.74481e+08,0,3.23924e+07,921182,0
1.10269e+07,0,0,2.74481e+08,0,2.80297e+07,797240,0
1.18242e+07,0,0,2.74481e+08,0,2.80305e+07,797265,0
1.26214e+07,0,0,2.74481e+08,0,2.80314e+07,797289,0
1.34188e+07,0,0,2.74481e+08,0,2.80322e+07,797314,0
1.42161e+07,0,0,2.74481e+08,0,2.80331e+07,797339,0
1.50442e+07,0,0,2.74481e+08,0,2.91147e+07,828075,0
1.58723e+07,0,0,2.74481e+08,0,2.91156e+07,828100,0
1.67004e+07,0,0,2.74481e+08,0,2.91165e+07,828126,0
1.75286e+07,0,0,2.74481e+08,0,2.91174e+07,828151,0
1.83448e+07,0,0,2.74481e+08,0,2.86973e+07,816212,0
1.9161e+07,0,0,2.74481e+08,0,2.86982e+07,816237,0
1.99773e+07,0,0,2.74481e+08,0,2.86991e+07,816262,0
2.07936e+07,0,0,2.74481e+08,0,2.87e+07,816288,0
2.16515e+07,0,0,2.74481e+08,0,3.01665e+07,857947,0
2.25095e+07,0,0,2.74481e+08,0,3.01674e+07,857973,0
2.33675e+07,0,0,2.74481e+08,0,3.01683e+07,858000,0
2.42255e+07,0,0,2.74481e+08,0,3.01693e+07,858026,0
2.50836e+07,0,0,2.74481e+08,0,3.01702e+07,858053,0
2.59511e+07,0,0,2.74481e+08,0,3.05163e+07,867591,0
2.68188e+07,0,0,2.74481e+08,0,3.05172e+07,867618,0
2.76864e+07,0,0,2.74481e+08,0,3.05182e+07,867644,0
2.85541e+07,0,0,2.74481e+08,0,3.05191e+07,867671,0
2.94425e+07,0,0,2.74481e+08,0,3.1251e+07,888471,0
3.0331e+07,0,0,2.74481e+08,0,3.1252e+07,888498,0
3.12196e+07,0,0,2.74481e+08,0,3.1253e+07,888526,0
3.21081e+07,0,0,2.74481e+08,0,3.12539e+07,888553,0
3.30655e+07,0,0,2.74481e+08,0,3.36793e+07,957343,0
3.40228e+07,0,0,2.74481e+08,0,3.36803e+07,957373,0
3.49802e+07,0,0,2.74481e+08,0,3.36814e+07,957402,0
3.59377e+07,0,0,2.74481e+08,0,3.36824e+07,957432,0
3.68951e+07,0,0,2.74481e+08,0,3.36834e+07,957461,0
3.78141e+07,0,0,2.74481e+08,0,3.2323e+07,918950,0
3.87331e+07,0,0,2.74481e+08,0,3.2324e+07,918978,0
3.96521e+07,0,0,2.74481e+08,0,3.2325e+07,919007,0
4.05711e+07,0,0,2.74481e+08,0,3.2326e+07,919035,0
4.14562e+07,0,0,2.74481e+08,0,3.11277e+07,885144,0
4.23414e+07,0,0,2.74481e+08,0,3.11287e+07,885172,0
4.32266e+07,0,0,2.74481e+08,0,3.11296e+07,885199,0
4.41118e+07,0,0,2.74481e+08,0,3.11306e+07,885226,0
4.49183e+07,0,0,2.74481e+08,0,2.83541e+07,806488,0
4.57248e+07,0,0,2.74481e+08,0,2.8355e+07,806513,0
4.65314e+07,0,0,2.74481e+08,0,2.83559e+07,806537,0
4.73379e+07,0,0,2.74481e+08,0,2.83567e+07,806562,0
4.81445e+07,0,0,2.74481e+08,0,2.83576e+07,806587,0
4.89768e+07,0,0,2.74481e+08,0,2.92624e+07,832314,0
4.98092e+07,0,0,2.74481e+08,0,2.92631e+07,832333,0
5.06415e+07,0,0,2.74481e+08,0,2.92638e+07,832353,0
5.14739e+07,0,0,2.74481e+08,0,2.92644e+07,832372,0
5.23964e+07,0,0,2.74481e+08,0,3.24401e+07,922540,0
5.3319e+07,0,0,2.74481e+08,0,3.24409e+07,922561,0
5.42416e+07,0,0,2.74481e+08,0,3.24416e+07,922583,0
5.51642e+07,0,0,2.74481e+08,0,3.24424e+07,922604,0
5.59627e+07,0,0,2.74481e+08,0,2.80727e+07,798465,0
5.67611e+07,0,0,2.74481e+08,0,2.80734e+07,798484,0
5.75596e+07,0,0,2.74481e+08,0,2.8074e+07,798502,0
5.83582e+07,0,0,2.74481e+08,0,2.80747e+07,798521,0
5.91567e+07,0,0,2.74481e+08,0,2.80753e+07,798539,0
5.9986e+07,0,0,2.74481e+08,0,2.91583e+07,829315,0
6.08154e+07,0,0,2.74481e+08,0,2.9159e+07,829335,0
6.16447e+07,0,0,2.74481e+08,0,2.91597e+07,829354,0
6.24741e+07,0,0,2.74481e+08,0,2.91604e+07,829373,0
6.32915e+07,0,0,2.74481e+08,0,2.87394e+07,817410,0
6.41089e+07,0,0,2.74481e+08,0,2.87401e+07,817429,0
6.49264e+07,0,0,2.74481e+08,0,2.87408e+07,817449,0
6.57438e+07,0,0,2.74481e+08,0,2.87414e+07,817468,0
6.6603e+07,0,0,2.74481e+08,0,3.02099e+07,859181,0
6.74622e+07,0,0,2.74481e+08,0,3.02106e+07,859201,0
6.83214e+07,0,0,2.74481e+08,0,3.02113e+07,859220,0
6.91807e+07,0,0,2.74481e+08,0,3.0212e+07,859241,0
7.00399e+07,0,0,2.74481e+08,0,3.02127e+07,859261,0
7.09087e+07,0,0,2.74481e+08,0,3.0559e+07,868806,0
7.17776e+07,0,0,2.74481e+08,0,3.05597e+07,868826,0
7.11751e+07,0,0,2.74481e+08,0,3.18479e+07,-602424,0
7.05727e+07,0,0,2.74481e+08,0,3.18486e+07,-602403,0
6.99912e+07,0,0,2.74481e+08,0,3.25813e+07,-581582,0
6.94096e+07,0,0,2.74481e+08,0,3.2582e+07,-581561,0
6.88281e+07,0,0,2.74481e+08,0,3.25828e+07,-581541,0
6.82465e+07,0,0,2.74481e+08,0,3.25835e+07,-581520,0
6.77339e+07,0,0,2.74481e+08,0,3.50119e+07,-512644,0
6.72213e+07,0,0,2.74481e+08,0,3.50127e+07,-512622,0
6.67087e+07,0,0,2.74481e+08,0,3.50135e+07,-512600,0
6.61961e+07,0,0,2.74481e+08,0,3.50142e+07,-512577,0
6.56835e+07,0,0,2.74481e+08,0,3.5015e+07,-512555,0
6.51324e+07,0,0,2.74481e+08,0,3.36525e+07,-551123,0
6.39552e+07,0,0,2.74481e+08,0,3.30272e+07,-1.17718e+06,0
6.27781e+07,0,0,2.74481e+08,0,3.3028e+07,-1.17717e+06,0
6.2227e+07,0,0,2.74481e+08,0,3.36548e+07,-551059,0
6.10391e+07,0,0,2.74481e+08,0,3.18519e+07,-1.18789e+06,0
5.92483e+07,0,0,2.74481e+08,0,3.12497e+07,-1.79079e+06,0
5.86634e+07,0,0,2.74481e+08,0,3.24562e+07,-584959,0
5.80784e+07,0,0,2.74481e+08,0,3.24569e+07,-584938,0
5.74146e+07,0,0,2.74481e+08,0,2.96768e+07,-663781,0
5.67509e+07,0,0,2.74481e+08,0,2.96775e+07,-663762,0
5.60871e+07,0,0,2.74481e+08,0,2.96781e+07,-663743,0
5.68947e+07,0,0,2.74481e+08,0,2.83913e+07,807545,0
5.77023e+07,0,0,2.74481e+08,0,2.8392e+07,807564,0
5.85356e+07,0,0,2.74481e+08,0,2.92976e+07,833316,0
5.93689e+07,0,0,2.74481e+08,0,2.92981e+07,833329,0
6.02022e+07,0,0,2.74481e+08,0,2.92985e+07,833342,0
6.10356e+07,0,0,2.74481e+08,0,2.9299e+07,833355,0
6.19592e+07,0,0,2.74481e+08,0,3.24782e+07,923622,0
6.28829e+07,0,0,2.74481e+08,0,3.24787e+07,923637,0
6.38065e+07,0,0,2.74481e+08,0,3.24792e+07,923651,0
6.47302e+07,0,0,2.74481e+08,0,3.24798e+07,923666,0
6.55295e+07,0,0,2.74481e+08,0,2.81048e+07,799378,0
6.63289e+07,0,0,2.74481e+08,0,2.81053e+07,799391,0
6.71283e+07,0,0,2.74481e+08,0,2.81057e+07,799404,0
6.79278e+07,0,0,2.74481e+08,0,2.81062e+07,799416,0
6.87272e+07,0,0,2.74481e+08,0,2.81066e+07,799429,0
6.95574e+07,0,0,2.74481e+08,0,2.91906e+07,830233,0
7.03877e+07,0,0,2.74481e+08,0,2.91911e+07,830246,0
7.12179e+07,0,0,2.74481e+08,0,2.91915e+07,830259,0
7.20482e+07,0,0,2.74481e+08,0,2.9192e+07,830272,0
7.28665e+07,0,0,2.74481e+08,0,2.87704e+07,818290,0
7.36848e+07,0,0,2.74481e+08,0,2.87708e+07,818303,0
7.45031e+07,0,0,2.74481e+08,0,2.87713e+07,818316,0
7.53214e+07,0,0,2.74481e+08,0,2.87717e+07,818329,0
7.61815e+07,0,0,2.74481e+08,0,3.02415e+07,860080,0
7.70416e+07,0,0,2.74481e+08,0,3.02419e+07,860093,0
7.79017e+07,0,0,2.74481e+08,0,3.02424e+07,860107,0
7.87618e+07,0,0,2.74481e+08,0,3.02429e+07,860120,0
7.9622e+07,0,0,2.74481e+08,0,3.02434e+07,860134,0
8.04917e+07,0,0,2.74481e+08,0,3.05899e+07,869682,0
8.13613e+07,0,0,2.74481e+08,0,3.05903e+07,869696,0
8.22311e+07,0,0,2.74481e+08,0,3.05908e+07,869710,0
8.31008e+07,0,0,2.74481e+08,0,3.05913e+07,869724,0
8.39913e+07,0,0,2.74481e+08,0,3.13245e+07,890559,0
8.48819e+07,0,0,2.74481e+08,0,3.1325e+07,890573,0
8.57725e+07,0,0,2.74481e+08,0,3.13255e+07,890587,0
8.66631e+07,0,0,2.74481e+08,0,3.1326e+07,890601,0
8.76226e+07,0,0,2.74481e+08,0,3.37564e+07,959536,0
8.85822e+07,0,0,2.74481e+08,0,3.3757e+07,959551,0
8.95418e+07,0,0,2.74481e+08,0,3.37575e+07,959566,0
9.05013e+07,0,0,2.74481e+08,0,3.3758e+07,959581,0
9.14609e+07,0,0,2.74481e+08,0,3.37586e+07,959596,0
9.23819e+07,0,0,2.74481e+08,0,3.23946e+07,920985,0
9.33029e+07,0,0,2.74481e+08,0,3.23951e+07,921000,0
9.42239e+07,0,0,2.74481e+08,0,3.23956e+07,921014,0
9.5145e+07,0,0,2.74481e+08,0,3.23961e+07,921029,0
9.6032e+07,0,0,2.74481e+08,0,3.11948e+07,887051,0
9.69191e+07,0,0,2.74481e+08,0,3.11953e+07,887066,0
9.78062e+07,0,0,2.74481e+08,0,3.11958e+07,887080,0
9.86933e+07,0,0,2.74481e+08,0,3.11962e+07,887094,0
9.95014e+07,0,0,2.74481e+08,0,2.84135e+07,808177,0
1.0031e+08,0,0,2.74481e+08,0,2.8414e+07,808190,0
1.01118e+08,0,0,2.74481e+08,0,2.84144e+07,808202,0
1.01926e+08,0,0,2.74481e+08,0,2.84149e+07,808215,0
1.02734e+08,0,0,2.74481e+08,0,2.84153e+07,808228,0
1.03542e+08,0,0,2.74481e+08,0,2.84153e+07,808228,0
1.04376e+08,0,0,2.74481e+08,0,2.93215e+07,833995,0
1.0521e+08,0,0,2.74481e+08,0,2.93217e+07,834002,0
1.06044e+08,0,0,2.74481e+08,0,2.9322e+07,834009,0
1.06879e+08,0,0,2.74481e+08,0,2.93222e+07,834016,0
1.07803e+08,0,0,2.74481e+08,0,3.25037e+07,924348,0
1.08727e+08,0,0,2.74481e+08,0,3.2504e+07,924355,0
1.09652e+08,0,0,2.74481e+08,0,3.25043e+07,924363,0
1.10576e+08,0,0,2.74481e+08,0,3.25045e+07,924371,0
1.11376e+08,0,0,2.74481e+08,0,2.81261e+07,799982,0
1.12176e+08,0,0,2.74481e+08,0,2.81263e+07,799989,0
1.12976e+08,0,0,2.74481e+08,0,2.81265e+07,799996,0
1.13776e+08,0,0,2.74481e+08,0,2.81268e+07,800003,0
1.14576e+08,0,0,2.74481e+08,0,2.8127e+07,800009,0
1.15407e+08,0,0,2.74481e+08,0,2.92116e+07,830830,0
1.16238e+08,0,0,2.74481e+08,0,2.92118e+07,830837,0
1.17068e+08,0,0,2.74481e+08,0,2.92121e+07,830844,0
1.17899e+08,0,0,2.74481e+08,0,2.92123e+07,830851,0
1.18718e+08,0,0,2.74481e+08,0,2.87902e+07,818855,0
1.19537e+08,0,0,2.74481e+08,0,2.87905e+07,818861,0
1.20356e+08,0,0,2.74481e+08,0,2.87907e+07,818868,0
1.21175e+08,0,0,2.74481e+08,0,2.87909e+07,818875,0
1.22035e+08,0,0,2.74481e+08,0,3.02614e+07,860647,0
1.22896e+08,0,0,2.74481e+08,0,3.02617e+07,860655,0
1.23757e+08,0,0,2.74481e+08,0,3.02619e+07,860662,0
1.24617e+08,0,0,2.74481e+08,0,3.02622e+07,860669,0
1.25478e+08,0,0,2.74481e+08,0,3.02625e+07,860676,0
1.26348e+08,0,0,2.74481e+08,0,3.06089e+07,870224,0
1.27219e+08,0,0,2.74481e+08,0,3.06092e+07,870232,0
1.28089e+08,0,0,2.74481e+08,0,3.06094e+07,870239,0
1.28959e+08,0,0,2.74481e+08,0,3.06097e+07,870247,0
1.2985e+08,0,0,2.74481e+08,0,3.13431e+07,891088,0
1.30741e+08,0,0,2.74481e+08,0,3.13433e+07,891095,0
1.31632e+08,0,0,2.74481e+08,0,3.13436e+07,891103,0
1.32523e+08,0,0,2.74481e+08,0,3.13439e+07,891110,0
1.33483e+08,0,0,2.74481e+08,0,3.37755e+07,960077,0
1.34444e+08,0,0,2.74481e+08,0,3.37758e+07,960085,0
1.35404e+08,0,0,2.74481e+08,0,3.3776e+07,960093,0
1.36364e+08,0,0,2.74481e+08,0,3.37763e+07,960102,0
1.37324e+08,0,0,2.74481e+08,0,3.37766e+07,960110,0
1.38245e+08,0,0,2.74481e+08,0,3.24117e+07,921471,0
1.39167e+08,0,0,2.74481e+08,0,3.24119e+07,921479,0
1.40088e+08,0,0,2.74481e+08,0,3.24122e+07,921487,0
1.4101e+08,0,0,2.74481e+08,0,3.24125e+07,921495,0
1.41897e+08,0,0,2.74481e+08,0,3.12103e+07,887493,0
1.42785e+08,0,0,2.74481e+08,0,3.12106e+07,887501,0
1.43672e+08,0,0,2.74481e+08,0,3.12108e+07,887508,0
1.4456e+08,0,0,2.74481e+08,0,3.12111e+07,887516,0
1.45368e+08,0,0,2.74481e+08,0,2.84268e+07,808556,0
1.46177e+08,0,0,2.74481e+08,0,2.84271e+07,808562,0
1.46986e+08,0,0,2.74481e+08,0,2.84273e+07,808569,0
1.47794e+08,0,0,2.74481e+08,0,2.84276e+07,808576,0
1.48603e+08,0,0,2.74481e+08,0,2.84278e+07,808583,0
1.49437e+08,0,0,2.74481e+08,0,2.93341e+07,834355,0
1.50271e+08,0,0,2.74481e+08,0,2.93342e+07,834356,0
1.51106e+08,0,0,2.74481e+08,0,2.93342e+07,834357,0
1.5194e+08,0,0,2.74481e+08,0,2.93342e+07,834358,0
1.52865e+08,0,0,2.74481e+08,0,3.25168e+07,924720,0
1.5379e+08,0,0,2.74481e+08,0,3.25168e+07,924721,0
1.54714e+08,0,0,2.74481e+08,0,3.25169e+07,924722,0
1.55639e+08,0,0,2.74481e+08,0,3.25169e+07,924723,0
1.56439e+08,0,0,2.74481e+08,0,2.81366e+07,800281,0
1.5724e+08,0,0,2.74481e+08,0,2.81366e+07,800282,0
1.5804e+08,0,0,2.74481e+08,0,2.81366e+07,800283,0
1.5884e+08,0,0,2.74481e+08,0,2.81367e+07,800284,0
1.5964e+08,0,0,2.74481e+08,0,2.81367e+07,800285,0
1.60471e+08,0,0,2.74481e+08,0,2.92214e+07,831110,0
1.61303e+08,0,0,2.74481e+08,0,2.92215e+07,831111,0
1.62134e+08,0,0,2.74481e+08,0,2.92215e+07,831112,0
1.62965e+08,0,0,2.74481e+08,0,2.92215e+07,831113,0
1.63784e+08,0,0,2.74481e+08,0,2.87991e+07,819107,0
1.64603e+08,0,0,2.74481e+08,0,2.87991e+07,819107,0
1.65422e+08,0,0,2.74481e+08,0,2.87991e+07,819108,0
1.66241e+08,0,0,2.74481e+08,0,2.87992e+07,819109,0
1.67102e+08,0,0,2.74481e+08,0,3.02699e+07,860887,0
1.66492e+08,0,0,2.74481e+08,0,3.15574e+07,-610382,0
1.65881e+08,0,0,2.74481e+08,0,3.15574e+07,-610381,0
1.65271e+08,0,0,2.74481e+08,0,3.15574e+07,-610380,0
1.64661e+08,0,0,2.74481e+08,0,3.15575e+07,-610379,0
1.6406e+08,0,0,2.74481e+08,0,3.19038e+07,-600835,0
1.6493e+08,0,0,2.74481e+08,0,3.06164e+07,870436,0
1.65801e+08,0,0,2.74481e+08,0,3.06164e+07,870437,0
1.66671e+08,0,0,2.74481e+08,0,3.06164e+07,870438,0
1.67562e+08,0,0,2.74481e+08,0,3.13497e+07,891277,0
1.68454e+08,0,0,2.74481e+08,0,3.13498e+07,891278,0
1.69345e+08,0,0,2.74481e+08,0,3.13498e+07,891279,0
1.70236e+08,0,0,2.74481e+08,0,3.13499e+07,891280,0
1.71196e+08,0,0,2.74481e+08,0,3.37817e+07,960253,0
1.72157e+08,0,0,2.74481e+08,0,3.37817e+07,960254,0
1.73117e+08,0,0,2.74481e+08,0,3.37817e+07,960256,0
1.74077e+08,0,0,2.74481e+08,0,3.37818e+07,960257,0
1.75038e+08,0,0,2.74481e+08,0,3.37818e+07,960258,0
1.75959e+08,0,0,2.74481e+08,0,3.24164e+07,921607,0
1.76881e+08,0,0,2.74481e+08,0,3.24165e+07,921608,0
1.77802e+08,0,0,2.74481e+08,0,3.24165e+07,921609,0
1.78724e+08,0,0,2.74481e+08,0,3.24165e+07,921610,0
1.79612e+08,0,0,2.74481e+08,0,3.1214e+07,887598,0
1.80499e+08,0,0,2.74481e+08,0,3.1214e+07,887599,0
1.81387e+08,0,0,2.74481e+08,0,3.12141e+07,887600,0
1.82274e+08,0,0,2.74481e+08,0,3.12141e+07,887601,0
1.83083e+08,0,0,2.74481e+08,0,2.84293e+07,808627,0
1.83892e+08,0,0,2.74481e+08,0,2.84294e+07,808628,0
1.847e+08,0,0,2.74481e+08,0,2.84294e+07,808629,0
1.85509e+08,0,0,2.74481e+08,0,2.84294e+07,808630,0
1.86317e+08,0,0,2.74481e+08,0,2.84295e+07,808631,0
1.87152e+08,0,0,2.74481e+08,0,2.93357e+07,834398,0
1.87986e+08,0,0,2.74481e+08,0,2.93355e+07,834393,0
1.88821e+08,0,0,2.74481e+08,0,2.93353e+07,834388,0
1.89655e+08,0,0,2.74481e+08,0,2.93351e+07,834383,0
1.9058e+08,0,0,2.74481e+08,0,3.25175e+07,924741,0
1.91505e+08,0,0,2.74481e+08,0,3.25173e+07,924735,0
1.92429e+08,0,0,2.74481e+08,0,3.25171e+07,924729,0
1.93354e+08,0,0,2.74481e+08,0,3.25169e+07,924724,0
1.94154e+08,0,0,2.74481e+08,0,2.81364e+07,800276,0
1.94955e+08,0,0,2.74481e+08,0,2.81362e+07,800271,0
1.95755e+08,0,0,2.74481e+08,0,2.8136e+07,800266,0
1.96555e+08,0,0,2.74481e+08,0,2.81359e+07,800261,0
1.97355e+08,0,0,2.74481e+08,0,2.81357e+07,800256,0
1.98186e+08,0,0,2.74481e+08,0,2.92202e+07,831074,0
1.99017e+08,0,0,2.74481e+08,0,2.922e+07,831069,0
1.99849e+08,0,0,2.74481e+08,0,2.92198e+07,831064,0
2.0068e+08,0,0,2.74481e+08,0,2.92196e+07,831059,0
2.01499e+08,0,0,2.74481e+08,0,2.8797e+07,819047,0
2.02318e+08,0,0,2.74481e+08,0,2.87968e+07,819042,0
2.03137e+08,0,0,2.74481e+08,0,2.87966e+07,819037,0
2.03956e+08,0,0,2.74481e+08,0,2.87965e+07,819032,0
2.04817e+08,0,0,2.74481e+08,0,3.02668e+07,860800,0
2.05677e+08,0,0,2.74481e+08,0,3.02666e+07,860794,0
2.06538e+08,0,0,2.74481e+08,0,3.02664e+07,860789,0
2.07399e+08,0,0,2.74481e+08,0,3.02662e+07,860784,0
2.0826e+08,0,0,2.74481e+08,0,3.0266e+07,860778,0
2.0913e+08,0,0,2.74481e+08,0,3.06121e+07,870315,0
2.1e+08,0,0,2.74481e+08,0,3.06119e+07,870309,0
2.10871e+08,0,0,2.74481e+08,0,3.06117e+07,870304,0
2.11741e+08,0,0,2.74481e+08,0,3.06115e+07,870299,0
2.12632e+08,0,0,2.74481e+08,0,3.13445e+07,891128,0
2.13523e+08,0,0,2.74481e+08,0,3.13443e+07,891123,0
2.14414e+08,0,0,2.74481e+08,0,3.13441e+07,891117,0
2.15305e+08,0,0,2.74481e+08,0,3.13439e+07,891112,0
2.16265e+08,0,0,2.74481e+08,0,3.3775e+07,960065,0
2.17225e+08,0,0,2.74481e+08,0,3.37748e+07,960059,0
2.18186e+08,0,0,2.74481e+08,0,3.37746e+07,960053,0
2.19146e+08,0,0,2.74481e+08,0,3.37744e+07,960047,0
2.20106e+08,0,0,2.74481e+08,0,3.37742e+07,960041,0
2.21027e+08,0,0,2.74481e+08,0,3.24089e+07,921392,0
2.21948e+08,0,0,2.74481e+08,0,3.24087e+07,921386,0
2.2287e+08,0,0,2.74481e+08,0,3.24085e+07,921381,0
2.23791e+08,0,0,2.74481e+08,0,3.24083e+07,921375,0
2.24679e+08,0,0,2.74481e+08,0,3.12058e+07,887365,0
2.25566e+08,0,0,2.74481e+08,0,3.12056e+07,887360,0
2.26453e+08,0,0,2.74481e+08,0,3.12054e+07,887354,0
2.27341e+08,0,0,2.74481e+08,0,3.12052e+07,887349,0
2.28149e+08,0,0,2.74481e+08,0,2.84211e+07,808391,0
2.28957e+08,0,0,2.74481e+08,0,2.84209e+07,808386,0
2.29766e+08,0,0,2.74481e+08,0,2.84207e+07,808381,0
2.30574e+08,0,0,2.74481e+08,0,2.84205e+07,808376,0
2.31383e+08,0,0,2.74481e+08,0,2.84204e+07,808371,0
2.32217e+08,0,0,2.74481e+08,0,2.9326e+07,834125,0
2.33051e+08,0,0,2.74481e+08,0,2.93257e+07,834113,0
2.33885e+08,0,0,2.74481e+08,0,2.93253e+07,834102,0
2.34719e+08,0,0,2.74481e+08,0,2.93249e+07,834091,0
2.35643e+08,0,0,2.74481e+08,0,3.25059e+07,924411,0
2.36568e+08,0,0,2.74481e+08,0,3.25055e+07,924398,0
2.37492e+08,0,0,2.74481e+08,0,3.25051e+07,924386,0
2.38417e+08,0,0,2.74481e+08,0,3.25046e+07,924374,0
2.39216e+08,0,0,2.74481e+08,0,2.81255e+07,799967,0
2.40016e+08,0,0,2.74481e+08,0,2.81252e+07,799956,0
2.40816e+08,0,0,2.74481e+08,0,2.81248e+07,799946,0
2.41616e+08,0,0,2.74481e+08,0,2.81244e+07,799935,0
2.42416e+08,0,0,2.74481e+08,0,2.8124e+07,799924,0
2.43247e+08,0,0,2.74481e+08,0,2.92078e+07,830723,0
2.44078e+08,0,0,2.74481e+08,0,2.92075e+07,830712,0
2.44908e+08,0,0,2.74481e+08,0,2.92071e+07,830701,0
2.45739e+08,0,0,2.74481e+08,0,2.92067e+07,830690,0
2.46558e+08,0,0,2.74481e+08,0,2.8784e+07,818678,0
2.47376e+08,0,0,2.74481e+08,0,2.87836e+07,818667,0
2.48195e+08,0,0,2.74481e+08,0,2.87832e+07,818656,0
2.49014e+08,0,0,2.74481e+08,0,2.87828e+07,818645,0
2.49874e+08,0,0,2.74481e+08,0,3.02523e+07,860386,0
2.50734e+08,0,0,2.74481e+08,0,3.02518e+07,860375,0
2.51595e+08,0,0,2.74481e+08,0,3.02514e+07,860363,0
2.52455e+08,0,0,2.74481e+08,0,3.0251e+07,860352,0
2.53316e+08,0,0,2.74481e+08,0,3.02506e+07,860340,0
2.54185e+08,0,0,2.74481e+08,0,3.05963e+07,869865,0
2.55055e+08,0,0,2.74481e+08,0,3.05959e+07,869854,0
2.55925e+08,0,0,2.74481e+08,0,3.05955e+07,869842,0
2.56795e+08,0,0,2.74481e+08,0,3.05951e+07,869830,0
2.57686e+08,0,0,2.74481e+08,0,3.13274e+07,890642,0
2.58576e+08,0,0,2.74481e+08,0,3.1327e+07,890630,0
2.59467e+08,0,0,2.74481e+08,0,3.13266e+07,890618,0
2.60357e+08,0,0,2.74481e+08,0,3.13261e+07,890606,0
2.61317e+08,0,0,2.74481e+08,0,3.37556e+07,959513,0
2.62276e+08,0,0,2.74481e+08,0,3.37552e+07,959500,0
2.63236e+08,0,0,2.74481e+08,0,3.37547e+07,959487,0
2.64195e+08,0,0,2.74481e+08,0,3.37543e+07,959475,0
2.65155e+08,0,0,2.74481e+08,0,3.37538e+07,959462,0
2.66076e+08,0,0,2.74481e+08,0,3.23891e+07,920829,0
2.66996e+08,0,0,2.74481e+08,0,3.23887e+07,920817,0
2.67917e+08,0,0,2.74481e+08,0,3.23882e+07,920805,0
2.68838e+08,0,0,2.74481e+08,0,3.23878e+07,920792,0
2.69725e+08,0,0,2.74481e+08,0,3.11858e+07,886798,0
2.70612e+08,0,0,2.74481e+08,0,3.11854e+07,886786,0
2.71498e+08,0,0,2.74481e+08,0,3.1185e+07,886774,0
