0cont_fund,0ins_pout,0ins_price,0infra_npv,0debt_serv,0gross_rev,0cont_contrib,0drought_cost,0water_price
0,0,0,0,3.31186e-33,2.13542e+07,0,0,1.37e+07
0,0,0,0,0,2.13589e+07,0,0,1.37e+07
0,0,0,0,0,2.13636e+07,0,0,1.37e+07
0,0,0,0,0,2.13683e+07,0,0,1.37e+07
0,0,0,0,0,2.36655e+07,0,0,1.37e+07
0,0,0,0,0,2.36707e+07,0,0,1.37e+07
0,0,0,0,0,2.3676e+07,0,0,1.37e+07
0,0,0,0,0,2.36812e+07,0,0,1.37e+07
0,0,0,0,0,2.05165e+07,0,0,1.37e+07
0,0,0,0,0,2.05211e+07,0,0,1.37e+07
0,0,0,0,0,2.05256e+07,0,0,1.37e+07
0,0,0,0,0,2.05301e+07,0,0,1.37e+07
0,0,0,0,0,2.05346e+07,0,0,1.37e+07
0,0,0,0,0,2.13263e+07,0,0,1.37e+07
0,0,0,0,0,2.1331e+07,0,0,1.37e+07
0,0,0,0,0,2.13357e+07,0,0,1.37e+07
0,0,0,0,0,2.13404e+07,0,0,1.37e+07
0,0,0,0,0,2.10381e+07,0,0,1.37e+07
0,0,0,0,0,2.10428e+07,0,0,1.37e+07
0,0,0,0,0,2.10474e+07,0,0,1.37e+07
0,0,0,0,0,2.10521e+07,0,0,1.37e+07
0,0,0,0,0,2.21234e+07,0,0,1.37e+07
0,0,0,0,0,2.21283e+07,0,0,1.37e+07
0,0,0,0,0,2.21332e+07,0,0,1.37e+07
0,0,0,0,0,2.21381e+07,0,0,1.37e+07
0,0,0,0,0,2.21429e+07,0,0,1.37e+07
0,0,0,0,0,2.23508e+07,0,0,1.37e+07
0,0,0,0,0,2.23557e+07,0,0,1.37e+07
0,0,0,0,0,2.23606e+07,0,0,1.37e+07
0,0,0,0,0,2.23655e+07,0,0,1.37e+07
0,0,0,0,0,2.29048e+07,0,0,1.37e+07
0,0,0,0,0,2.29098e+07,0,0,1.37e+07
0,0,0,0,0,2.29149e+07,0,0,1.37e+07
0,0,0,0,0,2.29199e+07,0,0,1.37e+07
0,0,0,0,0,2.46762e+07,0,0,1.37e+07
0,0,0,0,0,2.46816e+07,0,0,1.37e+07
0,0,0,0,0,2.4687e+07,0,0,1.37e+07
0,0,0,0,0,2.46925e+07,0,0,1.37e+07
0,0,0,0,0,2.46979e+07,0,0,1.37e+07
0,0,0,0,0,2.37315e+07,0,0,1.37e+07
0,0,0,0,0,2.37367e+07,0,0,1.37e+07
0,0,0,0,0,2.3742e+07,0,0,1.37e+07
0,0,0,0,0,2.37472e+07,0,0,1.37e+07
0,0,0,0,0,2.29006e+07,0,0,1.37e+07
0,0,0,0,0,2.29057e+07,0,0,1.37e+07
0,0,0,0,0,2.29107e+07,0,0,1.37e+07
0,0,0,0,0,2.29158e+07,0,0,1.37e+07
0,0,0,0,0,2.09112e+07,0,0,1.37e+07
0,0,0,0,0,2.09158e+07,0,0,1.37e+07
0,0,0,0,0,2.09205e+07,0,0,1.37e+07
0,0,0,0,0,2.09251e+07,0,0,1.37e+07
0,0,0,0,0,2.09297e+07,0,0,1.37e+07
0,0,0,0,3.31186e-33,2.16003e+07,0,0,1.37e+07
0,0,0,0,0,2.16049e+07,0,0,1.37e+07
0,0,0,0,0,2.16095e+07,0,0,1.37e+07
0,0,0,0,0,2.16142e+07,0,0,1.37e+07
0,0,0,0,0,2.39377e+07,0,0,1.37e+07
0,0,0,0,0,2.39428e+07,0,0,1.37e+07
0,0,0,0,0,2.39479e+07,0,0,1.37e+07
0,0,0,0,0,2.3953e+07,0,0,1.37e+07
0,0,0,0,0,2.07519e+07,0,0,1.37e+07
0,0,0,0,0,2.07564e+07,0,0,1.37e+07
0,0,0,0,0,2.07608e+07,0,0,1.37e+07
0,0,0,0,0,2.07653e+07,0,0,1.37e+07
0,0,0,0,0,2.07697e+07,0,0,1.37e+07
0,0,0,0,0,2.15703e+07,0,0,1.37e+07
0,0,0,0,0,2.15749e+07,0,0,1.37e+07
0,0,0,0,0,2.15796e+07,0,0,1.37e+07
0,0,0,0,0,2.15842e+07,0,0,1.37e+07
0,0,0,0,0,2.12783e+07,0,0,1.37e+07
0,0,0,0,0,2.12828e+07,0,0,1.37e+07
0,0,0,0,0,2.12874e+07,0,0,1.37e+07
0,0,0,0,0,2.1292e+07,0,0,1.37e+07
0,0,0,0,0,2.23754e+07,0,0,1.37e+07
0,0,0,0,0,2.23802e+07,0,0,1.37e+07
0,0,0,0,0,2.2385e+07,0,0,1.37e+07
0,0,0,0,0,2.23898e+07,0,0,1.37e+07
0,0,0,0,0,2.23946e+07,0,0,1.37e+07
0,0,0,0,0,2.26046e+07,0,0,1.37e+07
0,0,0,0,0,2.26094e+07,0,0,1.37e+07
0,0,0,0,0,2.26143e+07,0,0,1.37e+07
0,0,0,0,0,2.26191e+07,0,0,1.37e+07
0,0,0,0,0,2.31643e+07,0,0,1.37e+07
0,0,0,0,0,2.31692e+07,0,0,1.37e+07
0,0,0,0,0,2.31742e+07,0,0,1.37e+07
0,0,0,0,0,2.31792e+07,0,0,1.37e+07
0,0,0,0,0,2.49551e+07,0,0,1.37e+07
0,0,0,0,0,2.49604e+07,0,0,1.37e+07
0,0,0,0,0,2.49658e+07,0,0,1.37e+07
0,0,0,0,0,2.49711e+07,0,0,1.37e+07
0,0,0,0,0,2.49765e+07,0,0,1.37e+07
0,0,0,0,0,2.3999e+07,0,0,1.37e+07
0,0,0,0,0,2.40041e+07,0,0,1.37e+07
0,0,0,0,0,2.40093e+07,0,0,1.37e+07
0,0,0,0,0,2.40144e+07,0,0,1.37e+07
0,0,0,0,0,2.31581e+07,0,0,1.37e+07
0,0,0,0,0,2.31631e+07,0,0,1.37e+07
0,0,0,0,0,2.3168e+07,0,0,1.37e+07
0,0,0,0,0,2.3173e+07,0,0,1.37e+07
0,0,0,0,0,2.11458e+07,0,0,1.37e+07
0,0,0,0,0,2.11504e+07,0,0,1.37e+07
0,0,0,0,0,2.11549e+07,0,0,1.37e+07
0,0,0,0,0,2.11594e+07,0,0,1.37e+07
0,0,0,0,0,2.1164e+07,0,0,1.37e+07
0,0,0,0,3.31186e-33,2.18419e+07,0,0,1.37e+07
0,0,0,0,0,2.18465e+07,0,0,1.37e+07
0,0,0,0,0,2.1851e+07,0,0,1.37e+07
0,0,0,0,0,2.18555e+07,0,0,1.37e+07
0,0,0,0,0,2.42048e+07,0,0,1.37e+07
0,0,0,0,0,2.42098e+07,0,0,1.37e+07
0,0,0,0,0,2.42148e+07,0,0,1.37e+07
0,0,0,0,0,2.42199e+07,0,0,1.37e+07
0,0,0,0,0,2.0983e+07,0,0,1.37e+07
0,0,0,0,0,2.09873e+07,0,0,1.37e+07
0,0,0,0,0,2.09917e+07,0,0,1.37e+07
0,0,0,0,0,2.0996e+07,0,0,1.37e+07
0,0,0,0,0,2.10004e+07,0,0,1.37e+07
0,0,0,0,0,2.18097e+07,0,0,1.37e+07
0,0,0,0,0,2.18142e+07,0,0,1.37e+07
0,0,0,0,0,2.18188e+07,0,0,1.37e+07
0,0,0,0,0,2.18233e+07,0,0,1.37e+07
0,0,0,0,0,2.15139e+07,0,0,1.37e+07
0,0,0,0,0,2.15183e+07,0,0,1.37e+07
0,0,0,0,0,2.15228e+07,0,0,1.37e+07
0,0,0,0,0,2.15273e+07,0,0,1.37e+07
0,0,0,0,0,2.26225e+07,0,0,1.37e+07
0,0,0,0,0,2.26272e+07,0,0,1.37e+07
0,0,0,0,0,2.26319e+07,0,0,1.37e+07
0,0,0,0,0,2.26366e+07,0,0,1.37e+07
0,0,0,0,0,2.26413e+07,0,0,1.37e+07
0,0,0,0,0,2.28535e+07,0,0,1.37e+07
0,0,0,0,0,2.28582e+07,0,0,1.37e+07
0,0,0,0,0,2.28629e+07,0,0,1.37e+07
0,0,0,0,0,2.28677e+07,0,0,1.37e+07
0,0,0,0,0,2.34187e+07,0,0,1.37e+07
0,0,0,0,0,2.34235e+07,0,0,1.37e+07
0,0,0,0,0,2.34284e+07,0,0,1.37e+07
0,0,0,0,0,2.34333e+07,0,0,1.37e+07
0,0,0,0,0,2.52285e+07,0,0,1.37e+07
0,0,0,0,0,2.52337e+07,0,0,1.37e+07
0,0,0,0,0,2.5239e+07,0,0,1.37e+07
0,0,0,0,0,2.52442e+07,0,0,1.37e+07
0,0,0,0,0,2.52494e+07,0,0,1.37e+07
0,0,0,0,0,2.42611e+07,0,0,1.37e+07
0,0,0,0,0,2.42661e+07,0,0,1.37e+07
0,0,0,0,0,2.42712e+07,0,0,1.37e+07
0,0,0,0,0,2.42762e+07,0,0,1.37e+07
0,0,0,0,0,2.34104e+07,0,0,1.37e+07
0,0,0,0,0,2.34153e+07,0,0,1.37e+07
0,0,0,0,0,2.34201e+07,0,0,1.37e+07
0,0,0,0,0,2.3425e+07,0,0,1.37e+07
0,0,0,0,0,2.13756e+07,0,0,1.37e+07
0,0,0,0,0,2.13801e+07,0,0,1.37e+07
0,0,0,0,0,2.13845e+07,0,0,1.37e+07
0,0,0,0,0,2.13889e+07,0,0,1.37e+07
0,0,0,0,0,2.13934e+07,0,0,1.37e+07
0,0,0,0,3.31186e-33,2.20785e+07,0,0,1.37e+07
0,0,0,0,0,2.2083e+07,0,0,1.37e+07
0,0,0,0,0,2.20874e+07,0,0,1.37e+07
0,0,0,0,0,2.20918e+07,0,0,1.37e+07
0,0,0,0,0,2.44663e+07,0,0,1.37e+07
0,0,0,0,0,2.44712e+07,0,0,1.37e+07
0,0,0,0,0,2.44762e+07,0,0,1.37e+07
0,0,0,0,0,2.44811e+07,0,0,1.37e+07
0,0,0,0,0,2.12091e+07,0,0,1.37e+07
0,0,0,0,0,2.12134e+07,0,0,1.37e+07
0,0,0,0,0,2.12176e+07,0,0,1.37e+07
0,0,0,0,0,2.12219e+07,0,0,1.37e+07
0,0,0,0,0,2.12261e+07,0,0,1.37e+07
0,0,0,0,0,2.2044e+07,0,0,1.37e+07
0,0,0,0,0,2.20485e+07,0,0,1.37e+07
0,0,0,0,0,2.20529e+07,0,0,1.37e+07
0,0,0,0,0,2.20573e+07,0,0,1.37e+07
0,0,0,0,0,2.17444e+07,0,0,1.37e+07
0,0,0,0,0,2.17488e+07,0,0,1.37e+07
0,0,0,0,0,2.17531e+07,0,0,1.37e+07
0,0,0,0,0,2.17575e+07,0,0,1.37e+07
0,0,0,0,0,2.28643e+07,0,0,1.37e+07
0,0,0,0,0,2.28689e+07,0,0,1.37e+07
0,0,0,0,0,2.28735e+07,0,0,1.37e+07
0,0,0,0,0,2.2878e+07,0,0,1.37e+07
0,0,0,0,0,2.28826e+07,0,0,1.37e+07
0,0,0,0,0,2.30969e+07,0,0,1.37e+07
0,0,0,0,0,2.31015e+07,0,0,1.37e+07
0,0,0,0,0,2.31062e+07,0,0,1.37e+07
0,0,0,0,0,2.31108e+07,0,0,1.37e+07
0,0,0,0,0,2.36675e+07,0,0,1.37e+07
0,0,0,0,0,2.36723e+07,0,0,1.37e+07
0,0,0,0,0,2.3677e+07,0,0,1.37e+07
0,0,0,0,0,2.36818e+07,0,0,1.37e+07
0,0,0,0,0,2.54959e+07,0,0,1.37e+07
0,0,0,0,0,2.5501e+07,0,0,1.37e+07
0,0,0,0,0,2.55061e+07,0,0,1.37e+07
0,0,0,0,0,2.55112e+07,0,0,1.37e+07
0,0,0,0,0,2.55163e+07,0,0,1.37e+07
0,0,0,0,0,2.45174e+07,0,0,1.37e+07
0,0,0,0,0,2.45223e+07,0,0,1.37e+07
0,0,0,0,0,2.45272e+07,0,0,1.37e+07
0,0,0,0,0,2.45321e+07,0,0,1.37e+07
0,0,0,0,0,2.36571e+07,0,0,1.37e+07
0,0,0,0,0,2.36618e+07,0,0,1.37e+07
0,0,0,0,0,2.36666e+07,0,0,1.37e+07
0,0,0,0,0,2.36713e+07,0,0,1.37e+07
0,0,0,0,0,2.16002e+07,0,0,1.37e+07
0,0,0,0,0,2.16046e+07,0,0,1.37e+07
0,0,0,0,0,2.16089e+07,0,0,1.37e+07
0,0,0,0,0,2.16133e+07,0,0,1.37e+07
0,0,0,0,0,2.16176e+07,0,0,1.37e+07
0,0,0,0,3.31186e-33,2.23098e+07,0,0,1.37e+07
0,0,0,0,0,2.23141e+07,0,0,1.37e+07
0,0,0,0,0,2.23184e+07,0,0,1.37e+07
0,0,0,0,0,2.23227e+07,0,0,1.37e+07
0,0,0,0,0,2.47219e+07,0,0,1.37e+07
0,0,0,0,0,2.47267e+07,0,0,1.37e+07
0,0,0,0,0,2.47315e+07,0,0,1.37e+07
0,0,0,0,0,2.47363e+07,0,0,1.37e+07
0,0,0,0,0,2.143e+07,0,0,1.37e+07
0,0,0,0,0,2.14342e+07,0,0,1.37e+07
0,0,0,0,0,2.14383e+07,0,0,1.37e+07
0,0,0,0,0,2.14425e+07,0,0,1.37e+07
0,0,0,0,0,2.14466e+07,0,0,1.37e+07
0,0,0,0,0,2.22729e+07,0,0,1.37e+07
0,0,0,0,0,2.22772e+07,0,0,1.37e+07
0,0,0,0,0,2.22815e+07,0,0,1.37e+07
0,0,0,0,0,2.22858e+07,0,0,1.37e+07
0,0,0,0,0,2.19696e+07,0,0,1.37e+07
0,0,0,0,0,2.19738e+07,0,0,1.37e+07
0,0,0,0,0,2.19781e+07,0,0,1.37e+07
0,0,0,0,0,2.19823e+07,0,0,1.37e+07
0,0,0,0,0,2.31004e+07,0,0,1.37e+07
0,0,0,0,0,2.31049e+07,0,0,1.37e+07
0,0,0,0,0,2.31093e+07,0,0,1.37e+07
0,0,0,0,0,2.31138e+07,0,0,1.37e+07
0,0,0,0,0,2.31183e+07,0,0,1.37e+07
0,0,0,0,0,2.33346e+07,0,0,1.37e+07
0,0,0,0,0,2.33391e+07,0,0,1.37e+07
0,0,0,0,0,2.33437e+07,0,0,1.37e+07
0,0,0,0,0,2.33482e+07,0,0,1.37e+07
0,0,0,0,0,2.39105e+07,0,0,1.37e+07
0,0,0,0,0,2.39151e+07,0,0,1.37e+07
0,0,0,0,0,2.39197e+07,0,0,1.37e+07
0,0,0,0,0,2.39243e+07,0,0,1.37e+07
0,0,0,0,0,2.57568e+07,0,0,1.37e+07
0,0,0,0,0,2.57618e+07,0,0,1.37e+07
0,0,0,0,0,2.57668e+07,0,0,1.37e+07
0,0,0,0,0,2.57718e+07,0,0,1.37e+07
0,0,0,0,0,2.57768e+07,0,0,1.37e+07
0,0,0,0,0,2.47675e+07,0,0,1.37e+07
0,0,0,0,0,2.47723e+07,0,0,1.37e+07
0,0,0,0,0,2.47771e+07,0,0,1.37e+07
0,0,0,0,0,2.47819e+07,0,0,1.37e+07
0,0,0,0,0,2.38977e+07,0,0,1.37e+07
0,0,0,0,0,2.39024e+07,0,0,1.37e+07
0,0,0,0,0,2.3907e+07,0,0,1.37e+07
0,0,0,0,0,2.39116e+07,0,0,1.37e+07
0,0,0,0,0,2.18194e+07,0,0,1.37e+07
0,0,0,0,0,2.18236e+07,0,0,1.37e+07
0,0,0,0,0,2.18278e+07,0,0,1.37e+07
0,0,0,0,0,2.18321e+07,0,0,1.37e+07
0,0,0,0,0,2.18363e+07,0,0,1.37e+07
0,0,0,0,0,2.25353e+07,0,0,1.37e+07
0,0,0,0,3.31186e-33,2.25395e+07,0,0,1.37e+07
0,0,0,0,0,2.25438e+07,0,0,1.37e+07
0,0,0,0,0,2.2548e+07,0,0,1.37e+07
0,0,0,0,0,2.49712e+07,0,0,1.37e+07
0,0,0,0,0,2.49758e+07,0,0,1.37e+07
0,0,0,0,0,2.49805e+07,0,0,1.37e+07
0,0,0,0,0,2.49852e+07,0,0,1.37e+07
0,0,0,0,0,2.16455e+07,0,0,1.37e+07
0,0,0,0,0,2.16496e+07,0,0,1.37e+07
0,0,0,0,0,2.16536e+07,0,0,1.37e+07
0,0,0,0,0,2.16577e+07,0,0,1.37e+07
0,0,0,0,0,2.16617e+07,0,0,1.37e+07
0,0,0,0,0,2.24961e+07,0,0,1.37e+07
0,0,0,0,0,2.25003e+07,0,0,1.37e+07
0,0,0,0,0,2.25045e+07,0,0,1.37e+07
0,0,0,0,0,2.25087e+07,0,0,1.37e+07
0,0,0,0,0,2.21891e+07,0,0,1.37e+07
0,0,0,0,0,2.21932e+07,0,0,1.37e+07
0,0,0,0,0,2.21974e+07,0,0,1.37e+07
0,0,0,0,0,2.22015e+07,0,0,1.37e+07
0,0,0,0,0,2.33306e+07,0,0,1.37e+07
0,0,0,0,0,2.3335e+07,0,0,1.37e+07
0,0,0,0,0,2.33393e+07,0,0,1.37e+07
0,0,0,0,0,2.33437e+07,0,0,1.37e+07
0,0,0,0,0,2.3348e+07,0,0,1.37e+07
0,0,0,0,0,2.35664e+07,0,0,1.37e+07
0,0,0,0,0,2.35708e+07,0,0,1.37e+07
0,0,0,0,0,2.35752e+07,0,0,1.37e+07
0,0,0,0,0,2.35796e+07,0,0,1.37e+07
0,0,0,0,0,2.41472e+07,0,0,1.37e+07
0,0,0,0,0,2.41518e+07,0,0,1.37e+07
0,0,0,0,0,2.41563e+07,0,0,1.37e+07
0,0,0,0,0,2.41608e+07,0,0,1.37e+07
0,0,0,0,0,2.60112e+07,0,0,1.37e+07
0,0,0,0,0,2.60161e+07,0,0,1.37e+07
0,0,0,0,0,2.60209e+07,0,0,1.37e+07
0,0,0,0,0,2.60258e+07,0,0,1.37e+07
0,0,0,0,0,2.60307e+07,0,0,1.37e+07
0,0,0,0,0,2.50112e+07,0,0,1.37e+07
0,0,0,0,0,2.50159e+07,0,0,1.37e+07
0,0,0,0,0,2.50206e+07,0,0,1.37e+07
0,0,0,0,0,2.50252e+07,0,0,1.37e+07
0,0,0,0,0,2.41323e+07,0,0,1.37e+07
0,0,0,0,0,2.41368e+07,0,0,1.37e+07
0,0,0,0,0,2.41413e+07,0,0,1.37e+07
0,0,0,0,0,2.41458e+07,0,0,1.37e+07
0,0,0,0,0,2.20329e+07,0,0,1.37e+07
0,0,0,0,0,2.2037e+07,0,0,1.37e+07
0,0,0,0,0,2.20411e+07,0,0,1.37e+07
0,0,0,0,0,2.20453e+07,0,0,1.37e+07
0,0,0,0,0,2.20494e+07,0,0,1.37e+07
0,0,0,0,0,2.20494e+07,0,0,1.37e+07
0,0,0,0,3.31186e-33,2.27551e+07,0,0,1.37e+07
0,0,0,0,0,2.27592e+07,0,0,1.37e+07
0,0,0,0,0,2.27633e+07,0,0,1.37e+07
0,0,0,0,0,2.27674e+07,0,0,1.37e+07
0,0,0,0,0,2.5214e+07,0,0,1.37e+07
0,0,0,0,0,2.52185e+07,0,0,1.37e+07
0,0,0,0,0,2.5223e+07,0,0,1.37e+07
0,0,0,0,0,2.52276e+07,0,0,1.37e+07
0,0,0,0,0,2.18554e+07,0,0,1.37e+07
0,0,0,0,0,2.18593e+07,0,0,1.37e+07
0,0,0,0,0,2.18633e+07,0,0,1.37e+07
0,0,0,0,0,2.18672e+07,0,0,1.37e+07
0,0,0,0,0,2.18711e+07,0,0,1.37e+07
0,0,0,0,0,2.27134e+07,0,0,1.37e+07
0,0,0,0,0,2.27175e+07,0,0,1.37e+07
0,0,0,0,0,2.27216e+07,0,0,1.37e+07
0,0,0,0,0,2.27257e+07,0,0,1.37e+07
0,0,0,0,0,2.24029e+07,0,0,1.37e+07
0,0,0,0,0,2.24069e+07,0,0,1.37e+07
0,0,0,0,0,2.24109e+07,0,0,1.37e+07
0,0,0,0,0,2.2415e+07,0,0,1.37e+07
0,0,0,0,0,2.35547e+07,0,0,1.37e+07
0,0,0,0,0,2.3559e+07,0,0,1.37e+07
0,0,0,0,0,2.35632e+07,0,0,1.37e+07
0,0,0,0,0,2.35674e+07,0,0,1.37e+07
0,0,0,0,0,2.35717e+07,0,0,1.37e+07
0,0,0,0,0,2.37919e+07,0,0,1.37e+07
0,0,0,0,0,2.37962e+07,0,0,1.37e+07
0,0,0,0,0,2.38005e+07,0,0,1.37e+07
0,0,0,0,0,2.38048e+07,0,0,1.37e+07
0,0,0,0,0,2.43777e+07,0,0,1.37e+07
0,0,0,0,0,2.43821e+07,0,0,1.37e+07
0,0,0,0,0,2.43865e+07,0,0,1.37e+07
0,0,0,0,0,2.43909e+07,0,0,1.37e+07
0,0,0,0,0,2.62587e+07,0,0,1.37e+07
0,0,0,0,0,2.62635e+07,0,0,1.37e+07
0,0,0,0,0,2.62682e+07,0,0,1.37e+07
0,0,0,0,0,2.62729e+07,0,0,1.37e+07
0,0,0,0,0,2.62776e+07,0,0,1.37e+07
0,0,0,0,0,2.52483e+07,0,0,1.37e+07
0,0,0,0,0,2.52529e+07,0,0,1.37e+07
0,0,0,0,0,2.52574e+07,0,0,1.37e+07
0,0,0,0,0,2.5262e+07,0,0,1.37e+07
0,0,0,0,0,2.43604e+07,0,0,1.37e+07
0,0,0,0,0,2.43648e+07,0,0,1.37e+07
0,0,0,0,0,2.43692e+07,0,0,1.37e+07
0,0,0,0,0,2.43735e+07,0,0,1.37e+07
0,0,0,0,0,2.22406e+07,0,0,1.37e+07
0,0,0,0,0,2.22446e+07,0,0,1.37e+07
0,0,0,0,0,2.22486e+07,0,0,1.37e+07
0,0,0,0,0,2.22526e+07,0,0,1.37e+07
0,0,0,0,0,2.22566e+07,0,0,1.37e+07
0,0,0,0,3.31186e-33,2.29688e+07,0,0,1.37e+07
0,0,0,0,0,2.29728e+07,0,0,1.37e+07
0,0,0,0,0,2.29767e+07,0,0,1.37e+07
0,0,0,0,0,2.29807e+07,0,0,1.37e+07
0,0,0,0,0,2.54501e+07,0,0,1.37e+07
0,0,0,0,0,2.54545e+07,0,0,1.37e+07
0,0,0,0,0,2.54589e+07,0,0,1.37e+07
0,0,0,0,0,2.54633e+07,0,0,1.37e+07
0,0,0,0,0,2.20594e+07,0,0,1.37e+07
0,0,0,0,0,2.20633e+07,0,0,1.37e+07
0,0,0,0,0,2.20671e+07,0,0,1.37e+07
0,0,0,0,0,2.20709e+07,0,0,1.37e+07
0,0,0,0,0,2.20747e+07,0,0,1.37e+07
0,0,0,0,0,2.29247e+07,0,0,1.37e+07
0,0,0,0,0,2.29287e+07,0,0,1.37e+07
0,0,0,0,0,2.29326e+07,0,0,1.37e+07
0,0,0,0,0,2.29366e+07,0,0,1.37e+07
0,0,0,0,0,2.26106e+07,0,0,1.37e+07
0,0,0,0,0,2.26145e+07,0,0,1.37e+07
0,0,0,0,0,2.26184e+07,0,0,1.37e+07
0,0,0,0,0,2.26223e+07,0,0,1.37e+07
0,0,0,0,0,2.37725e+07,0,0,1.37e+07
0,0,0,0,0,2.37766e+07,0,0,1.37e+07
0,0,0,0,0,2.37807e+07,0,0,1.37e+07
0,0,0,0,0,2.37848e+07,0,0,1.37e+07
0,0,0,0,0,2.37889e+07,0,0,1.37e+07
0,0,0,0,0,2.40111e+07,0,0,1.37e+07
0,0,0,0,0,2.40152e+07,0,0,1.37e+07
0,0,0,0,0,2.40194e+07,0,0,1.37e+07
0,0,0,0,0,2.40235e+07,0,0,1.37e+07
0,0,0,0,0,2.46015e+07,0,0,1.37e+07
0,0,0,0,0,2.46058e+07,0,0,1.37e+07
0,0,0,0,0,2.46101e+07,0,0,1.37e+07
0,0,0,0,0,2.46143e+07,0,0,1.37e+07
0,0,0,0,0,2.64991e+07,0,0,1.37e+07
0,0,0,0,0,2.65037e+07,0,0,1.37e+07
0,0,0,0,0,2.65083e+07,0,0,1.37e+07
0,0,0,0,0,2.65129e+07,0,0,1.37e+07
0,0,0,0,0,2.65175e+07,0,0,1.37e+07
0,0,0,0,0,2.54786e+07,0,0,1.37e+07
0,0,0,0,0,2.5483e+07,0,0,1.37e+07
0,0,0,0,0,2.54874e+07,0,0,1.37e+07
0,0,0,0,0,2.54918e+07,0,0,1.37e+07
0,0,0,0,0,2.45819e+07,0,0,1.37e+07
0,0,0,0,0,2.45861e+07,0,0,1.37e+07
0,0,0,0,0,2.45904e+07,0,0,1.37e+07
0,0,0,0,0,2.45946e+07,0,0,1.37e+07
0,0,0,0,0,2.24422e+07,0,0,1.37e+07
0,0,0,0,0,2.24461e+07,0,0,1.37e+07
0,0,0,0,0,2.24499e+07,0,0,1.37e+07
0,0,0,0,0,2.24538e+07,0,0,1.37e+07
0,0,0,0,0,2.24577e+07,0,0,1.37e+07
0,0,0,0,3.31186e-33,2.31762e+07,0,0,1.37e+07
0,0,0,0,0,2.318e+07,0,0,1.37e+07
0,0,0,0,0,2.31839e+07,0,0,1.37e+07
0,0,0,0,0,2.31877e+07,0,0,1.37e+07
0,0,0,0,0,2.56791e+07,0,0,1.37e+07
0,0,0,0,0,2.56834e+07,0,0,1.37e+07
0,0,0,0,0,2.56877e+07,0,0,1.37e+07
0,0,0,0,0,2.56919e+07,0,0,1.37e+07
0,0,0,0,0,2.22574e+07,0,0,1.37e+07
0,0,0,0,0,2.22611e+07,0,0,1.37e+07
0,0,0,0,0,2.22648e+07,0,0,1.37e+07
0,0,0,0,0,2.22685e+07,0,0,1.37e+07
0,0,0,0,0,2.22722e+07,0,0,1.37e+07
0,0,0,0,0,2.31296e+07,0,0,1.37e+07
0,0,0,0,0,2.31335e+07,0,0,1.37e+07
0,0,0,0,0,2.31373e+07,0,0,1.37e+07
0,0,0,0,0,2.31411e+07,0,0,1.37e+07
0,0,0,0,0,2.28121e+07,0,0,1.37e+07
0,0,0,0,0,2.28159e+07,0,0,1.37e+07
0,0,0,0,0,2.28197e+07,0,0,1.37e+07
0,0,0,0,0,2.28235e+07,0,0,1.37e+07
0,0,0,0,0,2.39837e+07,0,0,1.37e+07
0,0,0,0,0,2.39877e+07,0,0,1.37e+07
0,0,0,0,0,2.39916e+07,0,0,1.37e+07
0,0,0,0,0,2.39956e+07,0,0,1.37e+07
0,0,0,0,0,2.39996e+07,0,0,1.37e+07
0,0,0,0,0,2.42235e+07,0,0,1.37e+07
0,0,0,0,0,2.42276e+07,0,0,1.37e+07
0,0,0,0,0,2.42316e+07,0,0,1.37e+07
0,0,0,0,0,2.42356e+07,0,0,1.37e+07
0,0,0,0,0,2.48186e+07,0,0,1.37e+07
0,0,0,0,0,2.48227e+07,0,0,1.37e+07
0,0,0,0,0,2.48268e+07,0,0,1.37e+07
0,0,0,0,0,2.48309e+07,0,0,1.37e+07
0,0,0,0,0,2.67321e+07,0,0,1.37e+07
0,0,0,0,0,2.67366e+07,0,0,1.37e+07
0,0,0,0,0,2.6741e+07,0,0,1.37e+07
0,0,0,0,0,2.67455e+07,0,0,1.37e+07
0,0,0,0,0,2.67499e+07,0,0,1.37e+07
0,0,0,0,0,2.57018e+07,0,0,1.37e+07
0,0,0,0,0,2.5706e+07,0,0,1.37e+07
0,0,0,0,0,2.57103e+07,0,0,1.37e+07
0,0,0,0,0,2.57146e+07,0,0,1.37e+07
0,0,0,0,0,2.47965e+07,0,0,1.37e+07
0,0,0,0,0,2.48006e+07,0,0,1.37e+07
0,0,0,0,0,2.48048e+07,0,0,1.37e+07
0,0,0,0,0,2.48089e+07,0,0,1.37e+07
0,0,0,0,0,2.26375e+07,0,0,1.37e+07
0,0,0,0,0,2.26413e+07,0,0,1.37e+07
0,0,0,0,0,2.2645e+07,0,0,1.37e+07
0,0,0,0,0,2.26488e+07,0,0,1.37e+07
0,0,0,0,0,2.26526e+07,0,0,1.37e+07
0,0,0,0,3.31186e-33,2.33771e+07,0,0,1.37e+07
0,0,0,0,0,2.33808e+07,0,0,1.37e+07
0,0,0,0,0,2.33845e+07,0,0,1.37e+07
0,0,0,0,0,2.33883e+07,0,0,1.37e+07
0,0,0,0,0,2.59011e+07,0,0,1.37e+07
0,0,0,0,0,2.59052e+07,0,0,1.37e+07
0,0,0,0,0,2.59093e+07,0,0,1.37e+07
0,0,0,0,0,2.59135e+07,0,0,1.37e+07
0,0,0,0,0,2.24491e+07,0,0,1.37e+07
0,0,0,0,0,2.24527e+07,0,0,1.37e+07
0,0,0,0,0,2.24563e+07,0,0,1.37e+07
0,0,0,0,0,2.24599e+07,0,0,1.37e+07
0,0,0,0,0,2.24635e+07,0,0,1.37e+07
0,0,0,0,0,2.33281e+07,0,0,1.37e+07
0,0,0,0,0,2.33318e+07,0,0,1.37e+07
0,0,0,0,0,2.33355e+07,0,0,1.37e+07
0,0,0,0,0,2.33392e+07,0,0,1.37e+07
0,0,0,0,0,2.30072e+07,0,0,1.37e+07
0,0,0,0,0,2.30109e+07,0,0,1.37e+07
0,0,0,0,0,2.30146e+07,0,0,1.37e+07
0,0,0,0,0,2.30182e+07,0,0,1.37e+07
0,0,0,0,0,2.41882e+07,0,0,1.37e+07
0,0,0,0,0,2.4192e+07,0,0,1.37e+07
0,0,0,0,0,2.41959e+07,0,0,1.37e+07
0,0,0,0,0,2.41997e+07,0,0,1.37e+07
0,0,0,0,0,2.42036e+07,0,0,1.37e+07
0,0,0,0,0,2.44293e+07,0,0,1.37e+07
0,0,0,0,0,2.44331e+07,0,0,1.37e+07
0,0,0,0,0,2.4437e+07,0,0,1.37e+07
0,0,0,0,0,2.44409e+07,0,0,1.37e+07
0,0,0,0,0,2.50287e+07,0,0,1.37e+07
0,0,0,0,0,2.50326e+07,0,0,1.37e+07
0,0,0,0,0,2.50366e+07,0,0,1.37e+07
0,0,0,0,0,2.50406e+07,0,0,1.37e+07
0,0,0,0,0,2.69577e+07,0,0,1.37e+07
0,0,0,0,0,2.6962e+07,0,0,1.37e+07
0,0,0,0,0,2.69663e+07,0,0,1.37e+07
0,0,0,0,0,2.69706e+07,0,0,1.37e+07
0,0,0,0,0,2.69749e+07,0,0,1.37e+07
0,0,0,0,0,2.59178e+07,0,0,1.37e+07
0,0,0,0,0,2.59219e+07,0,0,1.37e+07
0,0,0,0,0,2.5926e+07,0,0,1.37e+07
0,0,0,0,0,2.59302e+07,0,0,1.37e+07
0,0,0,0,0,2.50042e+07,0,0,1.37e+07
0,0,0,0,0,2.50082e+07,0,0,1.37e+07
0,0,0,0,0,2.50122e+07,0,0,1.37e+07
0,0,0,0,0,2.50162e+07,0,0,1.37e+07
0,0,0,0,0,2.28265e+07,0,0,1.37e+07
0,0,0,0,0,2.28302e+07,0,0,1.37e+07
0,0,0,0,0,2.28338e+07,0,0,1.37e+07
0,0,0,0,0,2.28374e+07,0,0,1.37e+07
0,0,0,0,0,2.28411e+07,0,0,1.37e+07
0,0,0,0,3.31186e-33,2.35715e+07,0,0,1.37e+07
0,0,0,0,0,2.35751e+07,0,0,1.37e+07
0,0,0,0,0,2.35787e+07,0,0,1.37e+07
0,0,0,0,0,2.35823e+07,0,0,1.37e+07
0,0,0,0,0,2.61158e+07,0,0,1.37e+07
0,0,0,0,0,2.61198e+07,0,0,1.37e+07
0,0,0,0,0,2.61238e+07,0,0,1.37e+07
0,0,0,0,0,2.61278e+07,0,0,1.37e+07
0,0,0,0,0,2.26347e+07,0,0,1.37e+07
0,0,0,0,0,2.26381e+07,0,0,1.37e+07
0,0,0,0,0,2.26416e+07,0,0,1.37e+07
0,0,0,0,0,2.26451e+07,0,0,1.37e+07
0,0,0,0,0,2.26485e+07,0,0,1.37e+07
0,0,0,0,0,2.35201e+07,0,0,1.37e+07
0,0,0,0,0,2.35237e+07,0,0,1.37e+07
0,0,0,0,0,2.35273e+07,0,0,1.37e+07
0,0,0,0,0,2.35309e+07,0,0,1.37e+07
0,0,0,0,0,2.3196e+07,0,0,1.37e+07
0,0,0,0,0,2.31996e+07,0,0,1.37e+07
0,0,0,0,0,2.32031e+07,0,0,1.37e+07
0,0,0,0,0,2.32067e+07,0,0,1.37e+07
0,0,0,0,0,2.43861e+07,0,0,1.37e+07
0,0,0,0,0,2.43898e+07,0,0,1.37e+07
0,0,0,0,0,2.43935e+07,0,0,1.37e+07
0,0,0,0,0,2.43973e+07,0,0,1.37e+07
0,0,0,0,0,2.4401e+07,0,0,1.37e+07
0,0,0,0,0,2.46283e+07,0,0,1.37e+07
0,0,0,0,0,2.46321e+07,0,0,1.37e+07
0,0,0,0,0,2.46359e+07,0,0,1.37e+07
0,0,0,0,0,2.46396e+07,0,0,1.37e+07
0,0,0,0,0,2.5232e+07,0,0,1.37e+07
0,0,0,0,0,2.52359e+07,0,0,1.37e+07
0,0,0,0,0,2.52397e+07,0,0,1.37e+07
0,0,0,0,0,2.52436e+07,0,0,1.37e+07
0,0,0,0,0,2.7176e+07,0,0,1.37e+07
0,0,0,0,0,2.71802e+07,0,0,1.37e+07
0,0,0,0,0,2.71843e+07,0,0,1.37e+07
0,0,0,0,0,2.71885e+07,0,0,1.37e+07
0,0,0,0,0,2.71927e+07,0,0,1.37e+07
0,0,0,0,0,2.61268e+07,0,0,1.37e+07
0,0,0,0,0,2.61308e+07,0,0,1.37e+07
0,0,0,0,0,2.61348e+07,0,0,1.37e+07
0,0,0,0,0,2.61388e+07,0,0,1.37e+07
0,0,0,0,0,2.52053e+07,0,0,1.37e+07
0,0,0,0,0,2.52091e+07,0,0,1.37e+07
0,0,0,0,0,2.5213e+07,0,0,1.37e+07
0,0,0,0,0,2.52168e+07,0,0,1.37e+07
0,0,0,0,0,2.30095e+07,0,0,1.37e+07
0,0,0,0,0,2.3013e+07,0,0,1.37e+07
0,0,0,0,0,2.30165e+07,0,0,1.37e+07
0,0,0,0,0,2.302e+07,0,0,1.37e+07
0,0,0,0,0,2.30236e+07,0,0,1.37e+07
0,0,0,0,0,2.37597e+07,0,0,1.37e+07
0,0,0,0,3.31186e-33,2.37632e+07,0,0,1.37e+07
0,0,0,0,0,2.37667e+07,0,0,1.37e+07
0,0,0,0,0,2.37701e+07,0,0,1.37e+07
0,0,0,0,0,2.63237e+07,0,0,1.37e+07
0,0,0,0,0,2.63275e+07,0,0,1.37e+07
0,0,0,0,0,2.63314e+07,0,0,1.37e+07
0,0,0,0,0,2.63353e+07,0,0,1.37e+07
0,0,0,0,0,2.28143e+07,0,0,1.37e+07
0,0,0,0,0,2.28176e+07,0,0,1.37e+07
0,0,0,0,0,2.2821e+07,0,0,1.37e+07
0,0,0,0,0,2.28243e+07,0,0,1.37e+07
0,0,0,0,0,2.28277e+07,0,0,1.37e+07
0,0,0,0,0,2.37061e+07,0,0,1.37e+07
0,0,0,0,0,2.37096e+07,0,0,1.37e+07
0,0,0,0,0,2.3713e+07,0,0,1.37e+07
0,0,0,0,0,2.37165e+07,0,0,1.37e+07
0,0,0,0,0,2.33789e+07,0,0,1.37e+07
0,0,0,0,0,2.33823e+07,0,0,1.37e+07
0,0,0,0,0,2.33857e+07,0,0,1.37e+07
0,0,0,0,0,2.33892e+07,0,0,1.37e+07
0,0,0,0,0,2.45777e+07,0,0,1.37e+07
0,0,0,0,0,2.45813e+07,0,0,1.37e+07
0,0,0,0,0,2.45849e+07,0,0,1.37e+07
0,0,0,0,0,2.45885e+07,0,0,1.37e+07
0,0,0,0,0,2.45921e+07,0,0,1.37e+07
0,0,0,0,0,2.48211e+07,0,0,1.37e+07
0,0,0,0,0,2.48247e+07,0,0,1.37e+07
0,0,0,0,0,2.48284e+07,0,0,1.37e+07
0,0,0,0,0,2.4832e+07,0,0,1.37e+07
0,0,0,0,0,2.54289e+07,0,0,1.37e+07
0,0,0,0,0,2.54326e+07,0,0,1.37e+07
0,0,0,0,0,2.54363e+07,0,0,1.37e+07
0,0,0,0,0,2.54401e+07,0,0,1.37e+07
0,0,0,0,0,2.73874e+07,0,0,1.37e+07
0,0,0,0,0,2.73914e+07,0,0,1.37e+07
0,0,0,0,0,2.73955e+07,0,0,1.37e+07
0,0,0,0,0,2.73995e+07,0,0,1.37e+07
0,0,0,0,0,2.74035e+07,0,0,1.37e+07
0,0,0,0,0,2.63293e+07,0,0,1.37e+07
0,0,0,0,0,2.63331e+07,0,0,1.37e+07
0,0,0,0,0,2.6337e+07,0,0,1.37e+07
0,0,0,0,0,2.63409e+07,0,0,1.37e+07
0,0,0,0,0,2.54e+07,0,0,1.37e+07
0,0,0,0,0,2.54037e+07,0,0,1.37e+07
0,0,0,0,0,2.54074e+07,0,0,1.37e+07
0,0,0,0,0,2.54112e+07,0,0,1.37e+07
0,0,0,0,0,2.31866e+07,0,0,1.37e+07
0,0,0,0,0,2.31901e+07,0,0,1.37e+07
0,0,0,0,0,2.31935e+07,0,0,1.37e+07
0,0,0,0,0,2.31969e+07,0,0,1.37e+07
0,0,0,0,0,2.32003e+07,0,0,1.37e+07
0,0,0,0,0,2.32003e+07,0,0,1.37e+07
0,0,0,0,3.31186e-33,2.39419e+07,0,0,1.37e+07
0,0,0,0,0,2.39453e+07,0,0,1.37e+07
0,0,0,0,0,2.39486e+07,0,0,1.37e+07
0,0,0,0,0,2.3952e+07,0,0,1.37e+07
0,0,0,0,0,2.65249e+07,0,0,1.37e+07
0,0,0,0,0,2.65287e+07,0,0,1.37e+07
0,0,0,0,0,2.65324e+07,0,0,1.37e+07
0,0,0,0,0,2.65361e+07,0,0,1.37e+07
0,0,0,0,0,2.29882e+07,0,0,1.37e+07
0,0,0,0,0,2.29914e+07,0,0,1.37e+07
0,0,0,0,0,2.29946e+07,0,0,1.37e+07
0,0,0,0,0,2.29979e+07,0,0,1.37e+07
0,0,0,0,0,2.30011e+07,0,0,1.37e+07
0,0,0,0,0,2.3886e+07,0,0,1.37e+07
0,0,0,0,0,2.38894e+07,0,0,1.37e+07
0,0,0,0,0,2.38928e+07,0,0,1.37e+07
0,0,0,0,0,2.38961e+07,0,0,1.37e+07
0,0,0,0,0,2.35558e+07,0,0,1.37e+07
0,0,0,0,0,2.35591e+07,0,0,1.37e+07
0,0,0,0,0,2.35624e+07,0,0,1.37e+07
0,0,0,0,0,2.35657e+07,0,0,1.37e+07
0,0,0,0,0,2.47631e+07,0,0,1.37e+07
0,0,0,0,0,2.47666e+07,0,0,1.37e+07
0,0,0,0,0,2.47701e+07,0,0,1.37e+07
0,0,0,0,0,2.47735e+07,0,0,1.37e+07
0,0,0,0,0,2.4777e+07,0,0,1.37e+07
0,0,0,0,0,2.50076e+07,0,0,1.37e+07
0,0,0,0,0,2.50111e+07,0,0,1.37e+07
0,0,0,0,0,2.50146e+07,0,0,1.37e+07
0,0,0,0,0,2.50182e+07,0,0,1.37e+07
0,0,0,0,0,2.56193e+07,0,0,1.37e+07
0,0,0,0,0,2.56229e+07,0,0,1.37e+07
0,0,0,0,0,2.56265e+07,0,0,1.37e+07
0,0,0,0,0,2.56302e+07,0,0,1.37e+07
0,0,0,0,0,2.75919e+07,0,0,1.37e+07
0,0,0,0,0,2.75958e+07,0,0,1.37e+07
0,0,0,0,0,2.75996e+07,0,0,1.37e+07
0,0,0,0,0,2.76035e+07,0,0,1.37e+07
0,0,0,0,0,2.76074e+07,0,0,1.37e+07
0,0,0,0,0,2.6525e+07,0,0,1.37e+07
0,0,0,0,0,2.65288e+07,0,0,1.37e+07
0,0,0,0,0,2.65325e+07,0,0,1.37e+07
0,0,0,0,0,2.65363e+07,0,0,1.37e+07
0,0,0,0,0,2.55882e+07,0,0,1.37e+07
0,0,0,0,0,2.55918e+07,0,0,1.37e+07
0,0,0,0,0,2.55954e+07,0,0,1.37e+07
0,0,0,0,0,2.5599e+07,0,0,1.37e+07
0,0,0,0,0,2.33579e+07,0,0,1.37e+07
0,0,0,0,0,2.33612e+07,0,0,1.37e+07
0,0,0,0,0,2.33645e+07,0,0,1.37e+07
0,0,0,0,0,2.33678e+07,0,0,1.37e+07
0,0,0,0,0,2.33711e+07,0,0,1.37e+07
0,0,0,0,3.31186e-33,2.4118e+07,0,0,1.37e+07
0,0,0,0,3.31186e-33,2.41213e+07,0,0,1.37e+07
0,0,0,0,0,2.41246e+07,0,0,1.37e+07
0,0,0,0,0,2.41278e+07,0,0,1.37e+07
0,0,0,0,0,2.67194e+07,0,0,1.37e+07
0,0,0,0,0,2.67231e+07,0,0,1.37e+07
0,0,0,0,0,2.67267e+07,0,0,1.37e+07
0,0,0,0,0,2.67303e+07,0,0,1.37e+07
0,0,0,0,0,2.31562e+07,0,0,1.37e+07
0,0,0,0,0,2.31593e+07,0,0,1.37e+07
0,0,0,0,0,2.31625e+07,0,0,1.37e+07
0,0,0,0,0,2.31656e+07,0,0,1.37e+07
0,0,0,0,0,2.31687e+07,0,0,1.37e+07
0,0,0,0,0,2.40599e+07,0,0,1.37e+07
0,0,0,0,0,2.40632e+07,0,0,1.37e+07
0,0,0,0,0,2.40664e+07,0,0,1.37e+07
0,0,0,0,0,2.40697e+07,0,0,1.37e+07
0,0,0,0,0,2.37267e+07,0,0,1.37e+07
0,0,0,0,0,2.37299e+07,0,0,1.37e+07
0,0,0,0,0,2.37331e+07,0,0,1.37e+07
0,0,0,0,0,2.37363e+07,0,0,1.37e+07
0,0,0,0,0,2.49422e+07,0,0,1.37e+07
0,0,0,0,0,2.49455e+07,0,0,1.37e+07
0,0,0,0,0,2.49489e+07,0,0,1.37e+07
0,0,0,0,0,2.49523e+07,0,0,1.37e+07
0,0,0,0,0,2.49557e+07,0,0,1.37e+07
0,0,0,0,0,2.51877e+07,0,0,1.37e+07
0,0,0,0,0,2.51911e+07,0,0,1.37e+07
0,0,0,0,0,2.51945e+07,0,0,1.37e+07
0,0,0,0,0,2.51979e+07,0,0,1.37e+07
0,0,0,0,0,2.58032e+07,0,0,1.37e+07
0,0,0,0,0,2.58067e+07,0,0,1.37e+07
0,0,0,0,0,2.58102e+07,0,0,1.37e+07
0,0,0,0,0,2.58137e+07,0,0,1.37e+07
0,0,0,0,0,2.77893e+07,0,0,1.37e+07
0,0,0,0,0,2.7793e+07,0,0,1.37e+07
0,0,0,0,0,2.77968e+07,0,0,1.37e+07
0,0,0,0,0,2.78006e+07,0,0,1.37e+07
0,0,0,0,0,2.78043e+07,0,0,1.37e+07
0,0,0,0,0,2.6714e+07,0,0,1.37e+07
0,0,0,0,0,2.67177e+07,0,0,1.37e+07
0,0,0,0,0,2.67213e+07,0,0,1.37e+07
0,0,0,0,0,2.67249e+07,0,0,1.37e+07
0,0,0,0,0,2.57699e+07,0,0,1.37e+07
0,0,0,0,0,2.57734e+07,0,0,1.37e+07
0,0,0,0,0,2.57769e+07,0,0,1.37e+07
0,0,0,0,0,2.57804e+07,0,0,1.37e+07
0,0,0,0,0,2.35233e+07,0,0,1.37e+07
0,0,0,0,0,2.35264e+07,0,0,1.37e+07
0,0,0,0,0,2.35296e+07,0,0,1.37e+07
0,0,0,0,0,2.35328e+07,0,0,1.37e+07
0,0,0,0,0,2.3536e+07,0,0,1.37e+07
0,0,0,0,0,2.4288e+07,0,0,1.37e+07
0,0,0,0,0,2.42912e+07,0,0,1.37e+07
0,0,0,0,0,2.42943e+07,0,0,1.37e+07
0,0,0,0,0,2.42975e+07,0,0,1.37e+07
0,0,0,0,0,2.69071e+07,0,0,1.37e+07
0,0,0,0,0,2.69106e+07,0,0,1.37e+07
0,0,0,0,0,2.69141e+07,0,0,1.37e+07
0,0,0,0,0,2.69176e+07,0,0,1.37e+07
0,0,0,0,0,2.33183e+07,0,0,1.37e+07
0,0,0,0,0,2.33213e+07,0,0,1.37e+07
0,0,0,0,0,2.33244e+07,0,0,1.37e+07
0,0,0,0,0,2.33274e+07,0,0,1.37e+07
0,0,0,0,0,2.33304e+07,0,0,1.37e+07
0,0,0,0,0,2.42277e+07,0,0,1.37e+07
0,0,0,0,0,2.42308e+07,0,0,1.37e+07
0,0,0,0,0,2.42339e+07,0,0,1.37e+07
0,0,0,0,0,2.42371e+07,0,0,1.37e+07
0,0,0,0,0,2.38915e+07,0,0,1.37e+07
0,0,0,0,0,2.38946e+07,0,0,1.37e+07
0,0,0,0,0,2.38977e+07,0,0,1.37e+07
0,0,0,0,0,2.39008e+07,0,0,1.37e+07
0,0,0,0,0,2.51149e+07,0,0,1.37e+07
0,0,0,0,0,2.51181e+07,0,0,1.37e+07
0,0,0,0,0,2.51214e+07,0,0,1.37e+07
0,0,0,0,0,2.51246e+07,0,0,1.37e+07
0,0,0,0,0,2.51279e+07,0,0,1.37e+07
0,0,0,0,0,2.53614e+07,0,0,1.37e+07
0,0,0,0,0,2.53647e+07,0,0,1.37e+07
0,0,0,0,0,2.53679e+07,0,0,1.37e+07
0,0,0,0,0,2.53712e+07,0,0,1.37e+07
0,0,0,0,0,2.59805e+07,0,0,1.37e+07
0,0,0,0,0,2.59839e+07,0,0,1.37e+07
0,0,0,0,0,2.59872e+07,0,0,1.37e+07
0,0,0,0,0,2.59906e+07,0,0,1.37e+07
0,0,0,0,0,2.79796e+07,0,0,1.37e+07
0,0,0,0,0,2.79832e+07,0,0,1.37e+07
0,0,0,0,0,2.79868e+07,0,0,1.37e+07
0,0,0,0,0,2.79904e+07,0,0,1.37e+07
0,0,0,0,0,2.7994e+07,0,0,1.37e+07
0,0,0,0,0,2.68962e+07,0,0,1.37e+07
0,0,0,0,0,2.68996e+07,0,0,1.37e+07
0,0,0,0,0,2.69031e+07,0,0,1.37e+07
0,0,0,0,0,2.69066e+07,0,0,1.37e+07
0,0,0,0,0,2.5945e+07,0,0,1.37e+07
0,0,0,0,0,2.59484e+07,0,0,1.37e+07
0,0,0,0,0,2.59517e+07,0,0,1.37e+07
0,0,0,0,0,2.59551e+07,0,0,1.37e+07
0,0,0,0,0,2.36825e+07,0,0,1.37e+07
0,0,0,0,0,2.36856e+07,0,0,1.37e+07
0,0,0,0,0,2.36886e+07,0,0,1.37e+07
0,0,0,0,0,2.36917e+07,0,0,1.37e+07
0,0,0,0,0,2.36948e+07,0,0,1.37e+07
0,0,0,0,0,2.44517e+07,0,0,1.37e+07
0,0,0,0,0,2.44548e+07,0,0,1.37e+07
0,0,0,0,0,2.44578e+07,0,0,1.37e+07
0,0,0,0,0,2.44608e+07,0,0,1.37e+07
0,0,0,0,0,2.70879e+07,0,0,1.37e+07
0,0,0,0,0,2.70912e+07,0,0,1.37e+07
0,0,0,0,0,2.70945e+07,0,0,1.37e+07
0,0,0,0,0,2.70979e+07,0,0,1.37e+07
0,0,0,0,0,2.34744e+07,0,0,1.37e+07
0,0,0,0,0,2.34773e+07,0,0,1.37e+07
0,0,0,0,0,2.34802e+07,0,0,1.37e+07
0,0,0,0,0,2.34831e+07,0,0,1.37e+07
0,0,0,0,0,2.34859e+07,0,0,1.37e+07
0,0,0,0,0,2.43891e+07,0,0,1.37e+07
0,0,0,0,0,2.43921e+07,0,0,1.37e+07
0,0,0,0,0,2.43951e+07,0,0,1.37e+07
0,0,0,0,0,2.43981e+07,0,0,1.37e+07
0,0,0,0,0,2.40501e+07,0,0,1.37e+07
0,0,0,0,0,2.40531e+07,0,0,1.37e+07
0,0,0,0,0,2.40561e+07,0,0,1.37e+07
0,0,0,0,0,2.4059e+07,0,0,1.37e+07
0,0,0,0,0,2.5281e+07,0,0,1.37e+07
0,0,0,0,0,2.52841e+07,0,0,1.37e+07
0,0,0,0,0,2.52872e+07,0,0,1.37e+07
0,0,0,0,0,2.52903e+07,0,0,1.37e+07
0,0,0,0,0,2.52934e+07,0,0,1.37e+07
0,0,0,0,0,2.55283e+07,0,0,1.37e+07
0,0,0,0,0,2.55315e+07,0,0,1.37e+07
0,0,0,0,0,2.55346e+07,0,0,1.37e+07
0,0,0,0,0,2.55378e+07,0,0,1.37e+07
0,0,0,0,0,2.61509e+07,0,0,1.37e+07
0,0,0,0,0,2.61542e+07,0,0,1.37e+07
0,0,0,0,0,2.61574e+07,0,0,1.37e+07
0,0,0,0,0,2.61606e+07,0,0,1.37e+07
0,0,0,0,0,2.81624e+07,0,0,1.37e+07
0,0,0,0,0,2.81659e+07,0,0,1.37e+07
0,0,0,0,0,2.81694e+07,0,0,1.37e+07
0,0,0,0,0,2.81728e+07,0,0,1.37e+07
0,0,0,0,0,2.81763e+07,0,0,1.37e+07
0,0,0,0,0,2.70711e+07,0,0,1.37e+07
0,0,0,0,0,2.70745e+07,0,0,1.37e+07
0,0,0,0,0,2.70778e+07,0,0,1.37e+07
0,0,0,0,0,2.70811e+07,0,0,1.37e+07
0,0,0,0,0,2.61131e+07,0,0,1.37e+07
0,0,0,0,0,2.61164e+07,0,0,1.37e+07
0,0,0,0,0,2.61196e+07,0,0,1.37e+07
0,0,0,0,0,2.61228e+07,0,0,1.37e+07
0,0,0,0,0,2.38354e+07,0,0,1.37e+07
0,0,0,0,0,2.38384e+07,0,0,1.37e+07
0,0,0,0,0,2.38413e+07,0,0,1.37e+07
0,0,0,0,0,2.38442e+07,0,0,1.37e+07
0,0,0,0,0,2.38472e+07,0,0,1.37e+07
0,0,0,0,0,2.46089e+07,0,0,1.37e+07
0,0,0,0,0,2.46118e+07,0,0,1.37e+07
0,0,0,0,0,2.46147e+07,0,0,1.37e+07
0,0,0,0,0,2.46175e+07,0,0,1.37e+07
0,0,0,0,0,2.72613e+07,0,0,1.37e+07
0,0,0,0,0,2.72645e+07,0,0,1.37e+07
0,0,0,0,0,2.72677e+07,0,0,1.37e+07
0,0,0,0,0,2.72709e+07,0,0,1.37e+07
0,0,0,0,0,2.36241e+07,0,0,1.37e+07
0,0,0,0,0,2.36268e+07,0,0,1.37e+07
0,0,0,0,0,2.36296e+07,0,0,1.37e+07
0,0,0,0,0,2.36324e+07,0,0,1.37e+07
0,0,0,0,0,2.36352e+07,0,0,1.37e+07
0,0,0,0,0,2.45439e+07,0,0,1.37e+07
0,0,0,0,0,2.45467e+07,0,0,1.37e+07
0,0,0,0,0,2.45496e+07,0,0,1.37e+07
0,0,0,0,0,2.45525e+07,0,0,1.37e+07
0,0,0,0,0,2.42022e+07,0,0,1.37e+07
0,0,0,0,0,2.4205e+07,0,0,1.37e+07
0,0,0,0,0,2.42079e+07,0,0,1.37e+07
0,0,0,0,0,2.42107e+07,0,0,1.37e+07
0,0,0,0,0,2.54402e+07,0,0,1.37e+07
0,0,0,0,0,2.54432e+07,0,0,1.37e+07
0,0,0,0,0,2.54461e+07,0,0,1.37e+07
0,0,0,0,0,2.54491e+07,0,0,1.37e+07
0,0,0,0,0,2.54521e+07,0,0,1.37e+07
0,0,0,0,0,2.56883e+07,0,0,1.37e+07
0,0,0,0,0,2.56913e+07,0,0,1.37e+07
0,0,0,0,0,2.56943e+07,0,0,1.37e+07
0,0,0,0,0,2.56974e+07,0,0,1.37e+07
0,0,0,0,0,2.63142e+07,0,0,1.37e+07
0,0,0,0,0,2.63173e+07,0,0,1.37e+07
0,0,0,0,0,2.63204e+07,0,0,1.37e+07
0,0,0,0,0,2.63234e+07,0,0,1.37e+07
0,0,0,0,0,2.83375e+07,0,0,1.37e+07
0,0,0,0,0,2.83409e+07,0,0,1.37e+07
0,0,0,0,0,2.83442e+07,0,0,1.37e+07
0,0,0,0,0,2.83475e+07,0,0,1.37e+07
0,0,0,0,0,2.83508e+07,0,0,1.37e+07
0,0,0,0,0,2.72386e+07,0,0,1.37e+07
0,0,0,0,0,2.72418e+07,0,0,1.37e+07
0,0,0,0,0,2.7245e+07,0,0,1.37e+07
0,0,0,0,0,2.72482e+07,0,0,1.37e+07
0,0,0,0,0,2.62741e+07,0,0,1.37e+07
0,0,0,0,0,2.62772e+07,0,0,1.37e+07
0,0,0,0,0,2.62802e+07,0,0,1.37e+07
0,0,0,0,0,2.62833e+07,0,0,1.37e+07
0,0,0,0,0,2.39817e+07,0,0,1.37e+07
0,0,0,0,0,2.39845e+07,0,0,1.37e+07
0,0,0,0,0,2.39874e+07,0,0,1.37e+07
0,0,0,0,0,2.39902e+07,0,0,1.37e+07
0,0,0,0,0,2.3993e+07,0,0,1.37e+07
0,0,0,0,0,2.47592e+07,0,0,1.37e+07
0,0,0,0,0,2.47619e+07,0,0,1.37e+07
0,0,0,0,0,2.47647e+07,0,0,1.37e+07
0,0,0,0,0,2.47674e+07,0,0,1.37e+07
0,0,0,0,0,2.74271e+07,0,0,1.37e+07
0,0,0,0,0,2.74302e+07,0,0,1.37e+07
0,0,0,0,0,2.74332e+07,0,0,1.37e+07
0,0,0,0,0,2.74363e+07,0,0,1.37e+07
0,0,0,0,0,2.37672e+07,0,0,1.37e+07
0,0,0,0,0,2.37698e+07,0,0,1.37e+07
0,0,0,0,0,2.37725e+07,0,0,1.37e+07
0,0,0,0,0,2.37751e+07,0,0,1.37e+07
0,0,0,0,0,2.37778e+07,0,0,1.37e+07
0,0,0,0,0,2.46918e+07,0,0,1.37e+07
0,0,0,0,0,2.46946e+07,0,0,1.37e+07
0,0,0,0,0,2.46973e+07,0,0,1.37e+07
0,0,0,0,0,2.47e+07,0,0,1.37e+07
0,0,0,0,0,2.43475e+07,0,0,1.37e+07
0,0,0,0,0,2.43502e+07,0,0,1.37e+07
0,0,0,0,0,2.43529e+07,0,0,1.37e+07
0,0,0,0,0,2.43556e+07,0,0,1.37e+07
0,0,0,0,0,2.55923e+07,0,0,1.37e+07
0,0,0,0,0,2.55951e+07,0,0,1.37e+07
0,0,0,0,0,2.5598e+07,0,0,1.37e+07
0,0,0,0,0,2.56008e+07,0,0,1.37e+07
0,0,0,0,0,2.56037e+07,0,0,1.37e+07
0,0,0,0,0,2.58411e+07,0,0,1.37e+07
0,0,0,0,0,2.5844e+07,0,0,1.37e+07
0,0,0,0,0,2.58469e+07,0,0,1.37e+07
0,0,0,0,0,2.58498e+07,0,0,1.37e+07
0,0,0,0,0,2.64701e+07,0,0,1.37e+07
0,0,0,0,0,2.6473e+07,0,0,1.37e+07
0,0,0,0,0,2.6476e+07,0,0,1.37e+07
0,0,0,0,0,2.64789e+07,0,0,1.37e+07
0,0,0,0,0,2.85047e+07,0,0,1.37e+07
0,0,0,0,0,2.85079e+07,0,0,1.37e+07
0,0,0,0,0,2.85111e+07,0,0,1.37e+07
0,0,0,0,0,2.85142e+07,0,0,1.37e+07
0,0,0,0,0,2.85174e+07,0,0,1.37e+07
0,0,0,0,0,2.73985e+07,0,0,1.37e+07
0,0,0,0,0,2.74015e+07,0,0,1.37e+07
0,0,0,0,0,2.74046e+07,0,0,1.37e+07
0,0,0,0,0,2.74076e+07,0,0,1.37e+07
0,0,0,0,0,2.64277e+07,0,0,1.37e+07
0,0,0,0,0,2.64306e+07,0,0,1.37e+07
0,0,0,0,0,2.64335e+07,0,0,1.37e+07
0,0,0,0,0,2.64365e+07,0,0,1.37e+07
0,0,0,0,0,2.41213e+07,0,0,1.37e+07
0,0,0,0,0,2.4124e+07,0,0,1.37e+07
0,0,0,0,0,2.41267e+07,0,0,1.37e+07
0,0,0,0,0,2.41294e+07,0,0,1.37e+07
0,0,0,0,0,2.41321e+07,0,0,1.37e+07
0,0,0,0,0,2.41321e+07,0,0,1.37e+07
0,0,0,0,0,2.49026e+07,0,0,1.37e+07
0,0,0,0,0,2.49052e+07,0,0,1.37e+07
0,0,0,0,0,2.49078e+07,0,0,1.37e+07
0,0,0,0,0,2.49104e+07,0,0,1.37e+07
0,0,0,0,0,2.75853e+07,0,0,1.37e+07
0,0,0,0,0,2.75882e+07,0,0,1.37e+07
0,0,0,0,0,2.75911e+07,0,0,1.37e+07
0,0,0,0,0,2.7594e+07,0,0,1.37e+07
0,0,0,0,0,2.39037e+07,0,0,1.37e+07
0,0,0,0,0,2.39062e+07,0,0,1.37e+07
0,0,0,0,0,2.39087e+07,0,0,1.37e+07
0,0,0,0,0,2.39112e+07,0,0,1.37e+07
0,0,0,0,0,2.39137e+07,0,0,1.37e+07
0,0,0,0,0,2.48329e+07,0,0,1.37e+07
0,0,0,0,0,2.48355e+07,0,0,1.37e+07
0,0,0,0,0,2.48381e+07,0,0,1.37e+07
0,0,0,0,0,2.48407e+07,0,0,1.37e+07
0,0,0,0,0,2.4486e+07,0,0,1.37e+07
0,0,0,0,0,2.44886e+07,0,0,1.37e+07
0,0,0,0,0,2.44911e+07,0,0,1.37e+07
0,0,0,0,0,2.44937e+07,0,0,1.37e+07
0,0,0,0,0,2.57373e+07,0,0,1.37e+07
0,0,0,0,0,2.574e+07,0,0,1.37e+07
0,0,0,0,0,2.57427e+07,0,0,1.37e+07
0,0,0,0,0,2.57454e+07,0,0,1.37e+07
0,0,0,0,0,2.57481e+07,0,0,1.37e+07
0,0,0,0,0,2.59867e+07,0,0,1.37e+07
0,0,0,0,0,2.59895e+07,0,0,1.37e+07
0,0,0,0,0,2.59922e+07,0,0,1.37e+07
0,0,0,0,0,2.59949e+07,0,0,1.37e+07
0,0,0,0,0,2.66186e+07,0,0,1.37e+07
0,0,0,0,0,2.66214e+07,0,0,1.37e+07
0,0,0,0,0,2.66242e+07,0,0,1.37e+07
0,0,0,0,0,2.6627e+07,0,0,1.37e+07
0,0,0,0,0,2.86639e+07,0,0,1.37e+07
0,0,0,0,0,2.8667e+07,0,0,1.37e+07
0,0,0,0,0,2.867e+07,0,0,1.37e+07
0,0,0,0,0,2.8673e+07,0,0,1.37e+07
0,0,0,0,0,2.8676e+07,0,0,1.37e+07
0,0,0,0,0,2.75507e+07,0,0,1.37e+07
0,0,0,0,0,2.75536e+07,0,0,1.37e+07
0,0,0,0,0,2.75565e+07,0,0,1.37e+07
0,0,0,0,0,2.75594e+07,0,0,1.37e+07
0,0,0,0,0,2.65738e+07,0,0,1.37e+07
0,0,0,0,0,2.65766e+07,0,0,1.37e+07
0,0,0,0,0,2.65794e+07,0,0,1.37e+07
0,0,0,0,0,2.65822e+07,0,0,1.37e+07
0,0,0,0,0,2.42542e+07,0,0,1.37e+07
0,0,0,0,0,2.42567e+07,0,0,1.37e+07
0,0,0,0,0,2.55185e+07,-809360,809360,1.37e+07
0,0,0,0,0,2.55204e+07,-808947,808947,1.37e+07
0,0,0,0,0,2.55223e+07,-808534,808534,1.37e+07
0,0,0,0,0,2.62962e+07,-808122,808122,1.37e+07
0,0,0,0,0,2.50414e+07,0,0,1.37e+07
0,0,0,0,0,2.50439e+07,0,0,1.37e+07
0,0,0,0,0,2.50464e+07,0,0,1.37e+07
0,0,0,0,0,2.77357e+07,0,0,1.37e+07
0,0,0,0,0,2.77384e+07,0,0,1.37e+07
0,0,0,0,0,2.77412e+07,0,0,1.37e+07
0,0,0,0,0,2.77439e+07,0,0,1.37e+07
0,0,0,0,0,2.40335e+07,0,0,1.37e+07
0,0,0,0,0,2.40358e+07,0,0,1.37e+07
0,0,0,0,0,2.40382e+07,0,0,1.37e+07
0,0,0,0,0,2.40406e+07,0,0,1.37e+07
0,0,0,0,0,2.4043e+07,0,0,1.37e+07
0,0,0,0,0,2.49669e+07,0,0,1.37e+07
0,0,0,0,0,2.49694e+07,0,0,1.37e+07
0,0,0,0,0,2.49719e+07,0,0,1.37e+07
0,0,0,0,0,2.49744e+07,0,0,1.37e+07
0,0,0,0,0,2.46176e+07,0,0,1.37e+07
0,0,0,0,0,2.462e+07,0,0,1.37e+07
0,0,0,0,0,2.46225e+07,0,0,1.37e+07
0,0,0,0,0,2.46249e+07,0,0,1.37e+07
0,0,0,0,0,2.5875e+07,0,0,1.37e+07
0,0,0,0,0,2.58775e+07,0,0,1.37e+07
0,0,0,0,0,2.58801e+07,0,0,1.37e+07
0,0,0,0,0,2.58827e+07,0,0,1.37e+07
0,0,0,0,0,2.58852e+07,0,0,1.37e+07
0,0,0,0,0,2.6125e+07,0,0,1.37e+07
0,0,0,0,0,2.61276e+07,0,0,1.37e+07
0,0,0,0,0,2.61302e+07,0,0,1.37e+07
0,0,0,0,0,2.61328e+07,0,0,1.37e+07
0,0,0,0,0,2.67596e+07,0,0,1.37e+07
0,0,0,0,0,2.67622e+07,0,0,1.37e+07
0,0,0,0,0,2.67649e+07,0,0,1.37e+07
0,0,0,0,0,2.67675e+07,0,0,1.37e+07
0,0,0,0,0,2.88151e+07,0,0,1.37e+07
0,0,0,0,0,2.88179e+07,0,0,1.37e+07
0,0,0,0,0,2.88208e+07,0,0,1.37e+07
0,0,0,0,0,2.88236e+07,0,0,1.37e+07
0,0,0,0,0,2.88265e+07,0,0,1.37e+07
0,0,0,0,0,2.76951e+07,0,0,1.37e+07
0,0,0,0,0,2.76979e+07,0,0,1.37e+07
0,0,0,0,0,2.77006e+07,0,0,1.37e+07
0,0,0,0,0,2.77034e+07,0,0,1.37e+07
0,0,0,0,0,2.67125e+07,0,0,1.37e+07
0,0,0,0,0,2.67152e+07,0,0,1.37e+07
0,0,0,0,0,2.67178e+07,0,0,1.37e+07
0,0,0,0,0,2.67205e+07,0,0,1.37e+07
0,0,0,0,0,2.43801e+07,0,0,1.37e+07
0,0,0,0,0,2.43826e+07,0,0,1.37e+07
0,0,0,0,0,2.4385e+07,0,0,1.37e+07
0,0,0,0,0,2.43874e+07,0,0,1.37e+07
0,0,0,0,0,2.43898e+07,0,0,1.37e+07
0,0,0,0,0,2.51682e+07,0,0,1.37e+07
0,0,0,0,0,2.51706e+07,0,0,1.37e+07
0,0,0,0,0,2.51729e+07,0,0,1.37e+07
0,0,0,0,0,2.51753e+07,0,0,1.37e+07
0,0,0,0,0,2.78782e+07,0,0,1.37e+07
0,0,0,0,0,2.78808e+07,0,0,1.37e+07
0,0,0,0,0,2.78834e+07,0,0,1.37e+07
0,0,0,0,0,2.7886e+07,0,0,1.37e+07
0,0,0,0,0,2.41564e+07,0,0,1.37e+07
0,0,0,0,0,2.41586e+07,0,0,1.37e+07
0,0,0,0,0,2.41609e+07,0,0,1.37e+07
0,0,0,0,0,2.41631e+07,0,0,1.37e+07
0,0,0,0,0,2.41654e+07,0,0,1.37e+07
0,0,0,0,0,2.50939e+07,0,0,1.37e+07
0,0,0,0,0,2.50962e+07,0,0,1.37e+07
0,0,0,0,0,2.50986e+07,0,0,1.37e+07
0,0,0,0,0,2.51009e+07,0,0,1.37e+07
0,0,0,0,0,2.47422e+07,0,0,1.37e+07
0,0,0,0,0,2.47445e+07,0,0,1.37e+07
0,0,0,0,0,2.47468e+07,0,0,1.37e+07
0,0,0,0,0,2.47491e+07,0,0,1.37e+07
0,0,0,0,0,2.60053e+07,0,0,1.37e+07
0,0,0,0,0,2.60077e+07,0,0,1.37e+07
0,0,0,0,0,2.60101e+07,0,0,1.37e+07
0,0,0,0,0,2.60125e+07,0,0,1.37e+07
0,0,0,0,0,2.6015e+07,0,0,1.37e+07
0,0,0,0,0,2.62558e+07,0,0,1.37e+07
0,0,0,0,0,2.62582e+07,0,0,1.37e+07
0,0,0,0,0,2.62607e+07,0,0,1.37e+07
0,0,0,0,0,2.62631e+07,0,0,1.37e+07
0,0,0,0,0,2.68929e+07,0,0,1.37e+07
0,0,0,0,0,2.68954e+07,0,0,1.37e+07
0,0,0,0,0,2.68979e+07,0,0,1.37e+07
0,0,0,0,0,2.69004e+07,0,0,1.37e+07
0,0,0,0,0,2.89579e+07,0,0,1.37e+07
0,0,0,0,0,2.89606e+07,0,0,1.37e+07
0,0,0,0,0,2.89633e+07,0,0,1.37e+07
0,0,0,0,0,2.8966e+07,0,0,1.37e+07
0,0,0,0,0,2.89687e+07,0,0,1.37e+07
0,0,0,0,0,2.78316e+07,0,0,1.37e+07
0,0,0,0,0,2.80189e+07,-118721,118721,1.37e+07
0,0,0,0,0,2.80208e+07,-118291,118291,1.37e+07
0,0,0,0,0,2.78394e+07,0,0,1.37e+07
0,0,0,0,0,2.68435e+07,0,0,1.37e+07
0,0,0,0,0,2.6846e+07,0,0,1.37e+07
0,0,0,0,0,2.68485e+07,0,0,1.37e+07
0,0,0,0,0,2.6851e+07,0,0,1.37e+07
0,0,0,0,0,2.50096e+07,-328129,328129,1.37e+07
0,0,0,0,0,2.45014e+07,0,0,1.37e+07
0,0,0,0,0,2.57013e+07,-769793,769793,1.37e+07
0,0,0,0,0,2.45059e+07,0,0,1.37e+07
0,0,0,0,0,2.57047e+07,-769055,769055,1.37e+07
0,0,0,0,0,2.64862e+07,-768685,768685,1.37e+07
0,0,0,0,0,2.52925e+07,0,0,1.37e+07
0,0,0,0,0,2.52947e+07,0,0,1.37e+07
0,0,0,0,0,2.52969e+07,0,0,1.37e+07
0,0,0,0,0,2.80127e+07,0,0,1.37e+07
0,0,0,0,0,2.80151e+07,0,0,1.37e+07
0,0,0,0,0,2.80176e+07,0,0,1.37e+07
0,0,0,0,0,2.802e+07,0,0,1.37e+07
0,0,0,0,0,2.42723e+07,0,0,1.37e+07
0,0,0,0,0,2.42744e+07,0,0,1.37e+07
0,0,0,0,0,2.42766e+07,0,0,1.37e+07
0,0,0,0,0,2.42787e+07,0,0,1.37e+07
0,0,0,0,0,2.42808e+07,0,0,1.37e+07
0,0,0,0,0,2.52136e+07,0,0,1.37e+07
0,0,0,0,0,2.52157e+07,0,0,1.37e+07
0,0,0,0,0,2.52179e+07,0,0,1.37e+07
0,0,0,0,0,2.52201e+07,0,0,1.37e+07
0,0,0,0,0,2.48596e+07,0,0,1.37e+07
0,0,0,0,0,2.48617e+07,0,0,1.37e+07
0,0,0,0,0,2.48639e+07,0,0,1.37e+07
0,0,0,0,0,2.48661e+07,0,0,1.37e+07
0,0,0,0,0,2.6128e+07,0,0,1.37e+07
0,0,0,0,0,2.61303e+07,0,0,1.37e+07
0,0,0,0,0,2.61326e+07,0,0,1.37e+07
0,0,0,0,0,2.61349e+07,0,0,1.37e+07
0,0,0,0,0,2.61371e+07,0,0,1.37e+07
0,0,0,0,0,2.63789e+07,0,0,1.37e+07
0,0,0,0,0,2.63812e+07,0,0,1.37e+07
0,0,0,0,0,2.63835e+07,0,0,1.37e+07
0,0,0,0,0,2.63858e+07,0,0,1.37e+07
0,0,0,0,0,2.70183e+07,0,0,1.37e+07
0,0,0,0,0,2.70207e+07,0,0,1.37e+07
0,0,0,0,0,2.7023e+07,0,0,1.37e+07
0,0,0,0,0,2.70254e+07,0,0,1.37e+07
0,0,0,0,0,2.90923e+07,0,0,1.37e+07
0,0,0,0,0,2.90949e+07,0,0,1.37e+07
0,0,0,0,0,2.90974e+07,0,0,1.37e+07
0,0,0,0,0,2.90999e+07,0,0,1.37e+07
0,0,0,0,0,2.91025e+07,0,0,1.37e+07
0,0,0,0,0,2.79599e+07,0,0,1.37e+07
0,0,0,0,0,2.79624e+07,0,0,1.37e+07
0,0,0,0,0,2.79648e+07,0,0,1.37e+07
0,0,0,0,0,2.79672e+07,0,0,1.37e+07
0,0,0,0,0,2.69666e+07,0,0,1.37e+07
0,0,0,0,0,2.69689e+07,0,0,1.37e+07
0,0,0,0,0,2.69713e+07,0,0,1.37e+07
0,0,0,0,0,2.69736e+07,0,0,1.37e+07
0,0,0,0,0,2.46109e+07,0,0,1.37e+07
0,0,0,0,0,2.4613e+07,0,0,1.37e+07
0,0,0,0,0,2.46151e+07,0,0,1.37e+07
0,0,0,0,0,2.46173e+07,0,0,1.37e+07
0,0,0,0,0,2.46194e+07,0,0,1.37e+07
0,0,0,0,0,2.54049e+07,0,0,1.37e+07
0,0,0,0,0,2.54069e+07,0,0,1.37e+07
0,0,0,0,0,2.5409e+07,0,0,1.37e+07
0,0,0,0,0,2.54111e+07,0,0,1.37e+07
0,0,0,0,0,2.8139e+07,0,0,1.37e+07
0,0,0,0,0,2.81413e+07,0,0,1.37e+07
0,0,0,0,0,2.81436e+07,0,0,1.37e+07
0,0,0,0,0,2.81459e+07,0,0,1.37e+07
0,0,0,0,0,2.43812e+07,0,0,1.37e+07
0,0,0,0,0,2.43832e+07,0,0,1.37e+07
0,0,0,0,0,2.43852e+07,0,0,1.37e+07
0,0,0,0,0,2.43871e+07,0,0,1.37e+07
0,0,0,0,0,2.43891e+07,0,0,1.37e+07
0,0,0,0,0,2.53259e+07,0,0,1.37e+07
0,0,0,0,0,2.5328e+07,0,0,1.37e+07
0,0,0,0,0,2.533e+07,0,0,1.37e+07
0,0,0,0,0,2.53321e+07,0,0,1.37e+07
0,0,0,0,0,2.49698e+07,0,0,1.37e+07
0,0,0,0,0,2.49718e+07,0,0,1.37e+07
0,0,0,0,0,2.49738e+07,0,0,1.37e+07
0,0,0,0,0,2.49758e+07,0,0,1.37e+07
0,0,0,0,0,2.62432e+07,0,0,1.37e+07
0,0,0,0,0,2.62454e+07,0,0,1.37e+07
0,0,0,0,0,2.62475e+07,0,0,1.37e+07
0,0,0,0,0,2.62496e+07,0,0,1.37e+07
0,0,0,0,0,2.62518e+07,0,0,1.37e+07
0,0,0,0,0,2.64944e+07,0,0,1.37e+07
0,0,0,0,0,2.64966e+07,0,0,1.37e+07
0,0,0,0,0,2.64988e+07,0,0,1.37e+07
0,0,0,0,0,2.65009e+07,0,0,1.37e+07
0,0,0,0,0,2.7136e+07,0,0,1.37e+07
0,0,0,0,0,2.71382e+07,0,0,1.37e+07
0,0,0,0,0,2.71405e+07,0,0,1.37e+07
0,0,0,0,0,2.71427e+07,0,0,1.37e+07
0,0,0,0,0,2.92184e+07,0,0,1.37e+07
0,0,0,0,0,2.92208e+07,0,0,1.37e+07
0,0,0,0,0,2.92231e+07,0,0,1.37e+07
0,0,0,0,0,2.92255e+07,0,0,1.37e+07
0,0,0,0,0,2.92279e+07,0,0,1.37e+07
0,0,0,0,0,2.80802e+07,0,0,1.37e+07
0,0,0,0,0,2.80825e+07,0,0,1.37e+07
0,0,0,0,0,2.80848e+07,0,0,1.37e+07
0,0,0,0,0,2.80871e+07,0,0,1.37e+07
0,0,0,0,0,2.7082e+07,0,0,1.37e+07
0,0,0,0,0,2.70842e+07,0,0,1.37e+07
0,0,0,0,0,2.70864e+07,0,0,1.37e+07
0,0,0,0,0,2.70886e+07,0,0,1.37e+07
0,0,0,0,0,2.47156e+07,0,0,1.37e+07
0,0,0,0,0,2.47176e+07,0,0,1.37e+07
0,0,0,0,0,2.47196e+07,0,0,1.37e+07
0,0,0,0,0,2.47216e+07,0,0,1.37e+07
0,0,0,0,0,2.47236e+07,0,0,1.37e+07
0,0,0,0,0,2.55123e+07,0,0,1.37e+07
0,0,0,0,0,2.55142e+07,0,0,1.37e+07
0,0,0,0,0,2.55161e+07,0,0,1.37e+07
0,0,0,0,0,2.55181e+07,0,0,1.37e+07
0,0,0,0,0,2.82573e+07,0,0,1.37e+07
0,0,0,0,0,2.82595e+07,0,0,1.37e+07
0,0,0,0,0,2.82616e+07,0,0,1.37e+07
0,0,0,0,0,2.82637e+07,0,0,1.37e+07
0,0,0,0,0,2.44831e+07,0,0,1.37e+07
0,0,0,0,0,2.4485e+07,0,0,1.37e+07
0,0,0,0,0,2.44868e+07,0,0,1.37e+07
0,0,0,0,0,2.44887e+07,0,0,1.37e+07
0,0,0,0,0,2.44905e+07,0,0,1.37e+07
0,0,0,0,0,2.54311e+07,0,0,1.37e+07
0,0,0,0,0,2.5433e+07,0,0,1.37e+07
0,0,0,0,0,2.54349e+07,0,0,1.37e+07
0,0,0,0,0,2.54368e+07,0,0,1.37e+07
0,0,0,0,0,2.50729e+07,0,0,1.37e+07
0,0,0,0,0,2.50748e+07,0,0,1.37e+07
0,0,0,0,0,2.50767e+07,0,0,1.37e+07
0,0,0,0,0,2.50786e+07,0,0,1.37e+07
0,0,0,0,0,2.6351e+07,0,0,1.37e+07
0,0,0,0,0,2.6353e+07,0,0,1.37e+07
0,0,0,0,0,2.6355e+07,0,0,1.37e+07
0,0,0,0,0,2.6357e+07,0,0,1.37e+07
0,0,0,0,0,2.6359e+07,0,0,1.37e+07
0,0,0,0,0,2.66025e+07,0,0,1.37e+07
0,0,0,0,0,2.66045e+07,0,0,1.37e+07
0,0,0,0,0,2.66065e+07,0,0,1.37e+07
0,0,0,0,0,2.66085e+07,0,0,1.37e+07
0,0,0,0,0,2.72461e+07,0,0,1.37e+07
0,0,0,0,0,2.72481e+07,0,0,1.37e+07
0,0,0,0,0,2.72502e+07,0,0,1.37e+07
0,0,0,0,0,2.72523e+07,0,0,1.37e+07
0,0,0,0,0,2.93362e+07,0,0,1.37e+07
0,0,0,0,0,2.93384e+07,0,0,1.37e+07
0,0,0,0,0,2.93406e+07,0,0,1.37e+07
0,0,0,0,0,2.93428e+07,0,0,1.37e+07
0,0,0,0,0,2.9345e+07,0,0,1.37e+07
0,0,0,0,0,2.81927e+07,0,0,1.37e+07
0,0,0,0,0,2.81948e+07,0,0,1.37e+07
0,0,0,0,0,2.81969e+07,0,0,1.37e+07
0,0,0,0,0,2.8199e+07,0,0,1.37e+07
0,0,0,0,0,2.71898e+07,0,0,1.37e+07
0,0,0,0,0,2.71919e+07,0,0,1.37e+07
0,0,0,0,0,2.71939e+07,0,0,1.37e+07
0,0,0,0,0,2.7196e+07,0,0,1.37e+07
0,0,0,0,0,2.48134e+07,0,0,1.37e+07
0,0,0,0,0,2.48153e+07,0,0,1.37e+07
0,0,0,0,0,2.48172e+07,0,0,1.37e+07
0,0,0,0,0,2.4819e+07,0,0,1.37e+07
0,0,0,0,0,2.48209e+07,0,0,1.37e+07
0,0,0,0,0,2.48209e+07,0,0,1.37e+07
0,0,0,0,0,2.56125e+07,0,0,1.37e+07
0,0,0,0,0,2.56143e+07,0,0,1.37e+07
0,0,0,0,0,2.56161e+07,0,0,1.37e+07
0,0,0,0,0,2.56179e+07,0,0,1.37e+07
0,0,0,0,0,2.83677e+07,0,0,1.37e+07
0,0,0,0,0,2.83697e+07,0,0,1.37e+07
0,0,0,0,0,2.83717e+07,0,0,1.37e+07
0,0,0,0,0,2.83736e+07,0,0,1.37e+07
0,0,0,0,0,2.45782e+07,0,0,1.37e+07
0,0,0,0,0,2.45799e+07,0,0,1.37e+07
0,0,0,0,0,2.45817e+07,0,0,1.37e+07
0,0,0,0,0,2.45834e+07,0,0,1.37e+07
0,0,0,0,0,2.45851e+07,0,0,1.37e+07
0,0,0,0,0,2.55291e+07,0,0,1.37e+07
0,0,0,0,0,2.55309e+07,0,0,1.37e+07
0,0,0,0,0,2.55327e+07,0,0,1.37e+07
0,0,0,0,0,2.55345e+07,0,0,1.37e+07
0,0,0,0,0,2.5169e+07,0,0,1.37e+07
0,0,0,0,0,2.51707e+07,0,0,1.37e+07
0,0,0,0,0,2.51725e+07,0,0,1.37e+07
0,0,0,0,0,2.51742e+07,0,0,1.37e+07
0,0,0,0,0,2.64514e+07,0,0,1.37e+07
0,0,0,0,0,2.64532e+07,0,0,1.37e+07
0,0,0,0,0,2.64551e+07,0,0,1.37e+07
0,0,0,0,0,2.64569e+07,0,0,1.37e+07
0,0,0,0,0,2.64588e+07,0,0,1.37e+07
0,0,0,0,0,2.67031e+07,0,0,1.37e+07
0,0,0,0,0,2.6705e+07,0,0,1.37e+07
0,0,0,0,0,2.67068e+07,0,0,1.37e+07
0,0,0,0,0,2.67087e+07,0,0,1.37e+07
0,0,0,0,0,2.73485e+07,0,0,1.37e+07
0,0,0,0,0,2.73504e+07,0,0,1.37e+07
0,0,0,0,0,2.73523e+07,0,0,1.37e+07
0,0,0,0,0,2.73542e+07,0,0,1.37e+07
0,0,0,0,0,2.94458e+07,0,0,1.37e+07
0,0,0,0,0,2.94478e+07,0,0,1.37e+07
0,0,0,0,0,2.94499e+07,0,0,1.37e+07
0,0,0,0,0,2.9452e+07,0,0,1.37e+07
0,0,0,0,0,2.9454e+07,0,0,1.37e+07
0,0,0,0,0,2.82972e+07,0,0,1.37e+07
0,0,0,0,0,2.82992e+07,0,0,1.37e+07
0,0,0,0,0,2.83012e+07,0,0,1.37e+07
0,0,0,0,0,2.83031e+07,0,0,1.37e+07
0,0,0,0,0,2.729e+07,0,0,1.37e+07
0,0,0,0,0,2.72919e+07,0,0,1.37e+07
0,0,0,0,0,2.72938e+07,0,0,1.37e+07
0,0,0,0,0,2.72957e+07,0,0,1.37e+07
0,0,0,0,0,2.49043e+07,0,0,1.37e+07
0,0,0,0,0,2.4906e+07,0,0,1.37e+07
0,0,0,0,0,2.49078e+07,0,0,1.37e+07
0,0,0,0,0,2.49095e+07,0,0,1.37e+07
0,0,0,0,0,2.49113e+07,0,0,1.37e+07
0,0,0,0,0,2.57056e+07,0,0,1.37e+07
0,0,0,0,0,2.57072e+07,0,0,1.37e+07
0,0,0,0,0,2.57089e+07,0,0,1.37e+07
0,0,0,0,0,2.57105e+07,0,0,1.37e+07
0,0,0,0,0,2.84702e+07,0,0,1.37e+07
0,0,0,0,0,2.8472e+07,0,0,1.37e+07
0,0,0,0,0,2.84738e+07,0,0,1.37e+07
0,0,0,0,0,2.84756e+07,0,0,1.37e+07
0,0,0,0,0,2.46664e+07,0,0,1.37e+07
0,0,0,0,0,2.4668e+07,0,0,1.37e+07
0,0,0,0,0,2.46696e+07,0,0,1.37e+07
0,0,0,0,0,2.46712e+07,0,0,1.37e+07
0,0,0,0,0,2.46728e+07,0,0,1.37e+07
0,0,0,0,0,2.562e+07,0,0,1.37e+07
0,0,0,0,0,2.56217e+07,0,0,1.37e+07
0,0,0,0,0,2.56233e+07,0,0,1.37e+07
0,0,0,0,0,2.5625e+07,0,0,1.37e+07
0,0,0,0,0,2.5258e+07,0,0,1.37e+07
0,0,0,0,0,2.52597e+07,0,0,1.37e+07
0,0,0,0,0,2.52613e+07,0,0,1.37e+07
0,0,0,0,0,2.52629e+07,0,0,1.37e+07
0,0,0,0,0,2.65444e+07,0,0,1.37e+07
0,0,0,0,0,2.65461e+07,0,0,1.37e+07
0,0,0,0,0,2.65478e+07,0,0,1.37e+07
0,0,0,0,0,2.65495e+07,0,0,1.37e+07
0,0,0,0,0,2.65512e+07,0,0,1.37e+07
0,0,0,0,0,2.67962e+07,0,0,1.37e+07
0,0,0,0,0,2.6798e+07,0,0,1.37e+07
0,0,0,0,0,2.67997e+07,0,0,1.37e+07
0,0,0,0,0,2.68014e+07,0,0,1.37e+07
0,0,0,0,0,2.74433e+07,0,0,1.37e+07
0,0,0,0,0,2.7445e+07,0,0,1.37e+07
0,0,0,0,0,2.74468e+07,0,0,1.37e+07
0,0,0,0,0,2.74486e+07,0,0,1.37e+07
0,0,0,0,0,2.95472e+07,0,0,1.37e+07
0,0,0,0,0,2.95491e+07,0,0,1.37e+07
0,0,0,0,0,2.9551e+07,0,0,1.37e+07
0,0,0,0,0,2.95529e+07,0,0,1.37e+07
0,0,0,0,0,2.95548e+07,0,0,1.37e+07
0,0,0,0,0,2.83938e+07,0,0,1.37e+07
0,0,0,0,0,2.84354e+07,-25512.6,25512.6,1.37e+07
0,0,0,0,0,2.84367e+07,-25210,25210,1.37e+07
0,0,0,0,0,2.83993e+07,0,0,1.37e+07
0,0,0,0,0,2.73826e+07,0,0,1.37e+07
0,0,0,0,0,2.77592e+07,-240925,240925,1.37e+07
0,0,0,0,0,2.77605e+07,-240636,240636,1.37e+07
0,0,0,0,0,2.77618e+07,-240347,240347,1.37e+07
0,0,0,0,0,2.53617e+07,-240058,240058,1.37e+07
0,0,0,0,0,2.6065e+07,-691047,691047,1.37e+07
0,0,0,0,0,2.60662e+07,-690787,690787,1.37e+07
0,0,0,0,0,2.60674e+07,-690527,690527,1.37e+07
0,0,0,0,0,2.60686e+07,-690268,690268,1.37e+07
0,0,0,0,0,2.6865e+07,-690008,690008,1.37e+07
0,0,0,0,0,2.66628e+07,-559036,559036,1.37e+07
0,0,0,0,0,2.66639e+07,-558791,558791,1.37e+07
0,0,0,0,0,2.66651e+07,-558545,558545,1.37e+07
0,0,0,0,0,2.85647e+07,0,0,1.37e+07
0,0,0,0,0,2.8671e+07,-67231.4,67231.4,1.37e+07
0,0,0,0,0,2.86722e+07,-66957.1,66957.1,1.37e+07
0,0,0,0,0,2.86735e+07,-66683.2,66683.2,1.37e+07
0,0,0,0,0,2.48511e+07,-66408.9,66408.9,1.37e+07
0,0,0,0,0,2.58772e+07,-724980,724980,1.37e+07
0,0,0,0,0,2.47507e+07,0,0,1.37e+07
0,0,0,0,0,2.47522e+07,0,0,1.37e+07
0,0,0,0,0,2.47536e+07,0,0,1.37e+07
0,0,0,0,0,2.57038e+07,0,0,1.37e+07
0,0,0,0,0,2.57053e+07,0,0,1.37e+07
0,0,0,0,0,2.57069e+07,0,0,1.37e+07
0,0,0,0,0,2.57084e+07,0,0,1.37e+07
0,0,0,0,0,2.53401e+07,0,0,1.37e+07
0,0,0,0,0,2.53416e+07,0,0,1.37e+07
0,0,0,0,0,2.53431e+07,0,0,1.37e+07
0,0,0,0,0,2.53446e+07,0,0,1.37e+07
0,0,0,0,0,2.66301e+07,0,0,1.37e+07
0,0,0,0,0,2.66316e+07,0,0,1.37e+07
0,0,0,0,0,2.66332e+07,0,0,1.37e+07
0,0,0,0,0,2.66348e+07,0,0,1.37e+07
0,0,0,0,0,2.66363e+07,0,0,1.37e+07
0,0,0,0,0,2.6882e+07,0,0,1.37e+07
0,0,0,0,0,2.68835e+07,0,0,1.37e+07
0,0,0,0,0,2.68851e+07,0,0,1.37e+07
0,0,0,0,0,2.68867e+07,0,0,1.37e+07
0,0,0,0,0,2.75305e+07,0,0,1.37e+07
0,0,0,0,0,2.75321e+07,0,0,1.37e+07
0,0,0,0,0,2.75337e+07,0,0,1.37e+07
0,0,0,0,0,2.75353e+07,0,0,1.37e+07
0,0,0,0,0,2.99002e+07,-166950,166950,1.37e+07
0,0,0,0,0,2.96422e+07,0,0,1.37e+07
0,0,0,0,0,2.96439e+07,0,0,1.37e+07
0,0,0,0,0,2.96456e+07,0,0,1.37e+07
0,0,0,0,0,2.96474e+07,0,0,1.37e+07
0,0,0,0,0,2.84826e+07,0,0,1.37e+07
0,0,0,0,0,2.85011e+07,-10792.8,10792.8,1.37e+07
0,0,0,0,0,2.85024e+07,-10515.2,10515.2,1.37e+07
0,0,0,0,0,2.85036e+07,-10237.6,10237.6,1.37e+07
0,0,0,0,0,2.74831e+07,-9959.97,9959.97,1.37e+07
0,0,0,0,0,2.74692e+07,0,0,1.37e+07
0,0,0,0,0,2.74709e+07,0,0,1.37e+07
0,0,0,0,0,2.74725e+07,0,0,1.37e+07
0,0,0,0,0,2.50653e+07,0,0,1.37e+07
0,0,0,0,0,2.50668e+07,0,0,1.37e+07
0,0,0,0,0,2.50682e+07,0,0,1.37e+07
0,0,0,0,0,2.50697e+07,0,0,1.37e+07
0,0,0,0,0,2.50712e+07,0,0,1.37e+07
0,0,0,0,0,2.58703e+07,0,0,1.37e+07
0,0,0,0,0,2.58717e+07,0,0,1.37e+07
0,0,0,0,0,2.58731e+07,0,0,1.37e+07
0,0,0,0,0,2.58745e+07,0,0,1.37e+07
0,0,0,0,0,2.86514e+07,0,0,1.37e+07
0,0,0,0,0,2.86529e+07,0,0,1.37e+07
0,0,0,0,0,2.86544e+07,0,0,1.37e+07
0,0,0,0,0,2.86559e+07,0,0,1.37e+07
0,0,0,0,0,2.48224e+07,0,0,1.37e+07
0,0,0,0,0,2.48237e+07,0,0,1.37e+07
0,0,0,0,0,2.4825e+07,0,0,1.37e+07
0,0,0,0,0,2.48263e+07,0,0,1.37e+07
0,0,0,0,0,2.48277e+07,0,0,1.37e+07
0,0,0,0,0,2.57806e+07,0,0,1.37e+07
0,0,0,0,0,2.57819e+07,0,0,1.37e+07
0,0,0,0,0,2.57833e+07,0,0,1.37e+07
0,0,0,0,0,2.57847e+07,0,0,1.37e+07
0,0,0,0,0,2.54152e+07,0,0,1.37e+07
0,0,0,0,0,2.54166e+07,0,0,1.37e+07
0,0,0,0,0,2.54179e+07,0,0,1.37e+07
0,0,0,0,0,2.54193e+07,0,0,1.37e+07
0,0,0,0,0,2.67084e+07,0,0,1.37e+07
0,0,0,0,0,2.67098e+07,0,0,1.37e+07
0,0,0,0,0,2.67113e+07,0,0,1.37e+07
0,0,0,0,0,2.67127e+07,0,0,1.37e+07
0,0,0,0,0,2.67141e+07,0,0,1.37e+07
0,0,0,0,0,2.69603e+07,0,0,1.37e+07
0,0,0,0,0,2.69618e+07,0,0,1.37e+07
0,0,0,0,0,2.69632e+07,0,0,1.37e+07
0,0,0,0,0,2.69646e+07,0,0,1.37e+07
0,0,0,0,0,2.76101e+07,0,0,1.37e+07
0,0,0,0,0,2.76116e+07,0,0,1.37e+07
0,0,0,0,0,2.76131e+07,0,0,1.37e+07
0,0,0,0,0,2.76145e+07,0,0,1.37e+07
0,0,0,0,0,2.97255e+07,0,0,1.37e+07
0,0,0,0,0,2.97271e+07,0,0,1.37e+07
0,0,0,0,0,2.97287e+07,0,0,1.37e+07
0,0,0,0,0,2.97303e+07,0,0,1.37e+07
0,0,0,0,0,2.97319e+07,0,0,1.37e+07
0,0,0,0,0,2.85637e+07,0,0,1.37e+07
0,0,0,0,0,2.85652e+07,0,0,1.37e+07
0,0,0,0,0,2.85667e+07,0,0,1.37e+07
0,0,0,0,0,2.85682e+07,0,0,1.37e+07
0,0,0,0,0,2.75452e+07,0,0,1.37e+07
0,0,0,0,0,2.788e+07,-214258,214258,1.37e+07
0,0,0,0,0,2.78811e+07,-214017,214017,1.37e+07
0,0,0,0,0,2.78822e+07,-213775,213775,1.37e+07
0,0,0,0,0,2.54677e+07,-213534,213534,1.37e+07
0,0,0,0,0,2.61749e+07,-667230,667230,1.37e+07
0,0,0,0,0,2.61759e+07,-667013,667013,1.37e+07
0,0,0,0,0,2.61769e+07,-666796,666796,1.37e+07
0,0,0,0,0,2.6178e+07,-666579,666579,1.37e+07
0,0,0,0,0,2.69788e+07,-666361,666361,1.37e+07
0,0,0,0,0,2.67752e+07,-534669,534669,1.37e+07
0,0,0,0,0,2.59446e+07,0,0,1.37e+07
0,0,0,0,0,2.59458e+07,0,0,1.37e+07
0,0,0,0,0,2.87302e+07,0,0,1.37e+07
0,0,0,0,0,2.87316e+07,0,0,1.37e+07
0,0,0,0,0,2.8733e+07,0,0,1.37e+07
0,0,0,0,0,2.87344e+07,0,0,1.37e+07
0,0,0,0,0,2.48902e+07,0,0,1.37e+07
0,0,0,0,0,2.48914e+07,0,0,1.37e+07
0,0,0,0,0,2.48926e+07,0,0,1.37e+07
0,0,0,0,0,2.48937e+07,0,0,1.37e+07
0,0,0,0,0,2.48949e+07,0,0,1.37e+07
0,0,0,0,0,2.58503e+07,0,0,1.37e+07
0,0,0,0,0,2.58515e+07,0,0,1.37e+07
0,0,0,0,0,2.58528e+07,0,0,1.37e+07
0,0,0,0,0,2.5854e+07,0,0,1.37e+07
0,0,0,0,0,2.54834e+07,0,0,1.37e+07
0,0,0,0,0,2.54846e+07,0,0,1.37e+07
0,0,0,0,0,2.54858e+07,0,0,1.37e+07
0,0,0,0,0,2.54871e+07,0,0,1.37e+07
0,0,0,0,0,2.67795e+07,0,0,1.37e+07
0,0,0,0,0,2.67808e+07,0,0,1.37e+07
0,0,0,0,0,2.67821e+07,0,0,1.37e+07
0,0,0,0,0,2.67834e+07,0,0,1.37e+07
0,0,0,0,0,2.67847e+07,0,0,1.37e+07
0,0,0,0,0,2.70314e+07,0,0,1.37e+07
0,0,0,0,0,2.70327e+07,0,0,1.37e+07
0,0,0,0,0,2.7034e+07,0,0,1.37e+07
0,0,0,0,0,2.70353e+07,0,0,1.37e+07
0,0,0,0,0,2.76823e+07,0,0,1.37e+07
0,0,0,0,0,2.76836e+07,0,0,1.37e+07
0,0,0,0,0,2.76849e+07,0,0,1.37e+07
0,0,0,0,0,2.76863e+07,0,0,1.37e+07
0,0,0,0,0,2.98026e+07,0,0,1.37e+07
0,0,0,0,0,2.9804e+07,0,0,1.37e+07
0,0,0,0,0,2.98054e+07,0,0,1.37e+07
0,0,0,0,0,2.98069e+07,0,0,1.37e+07
0,0,0,0,0,2.98083e+07,0,0,1.37e+07
0,0,0,0,0,2.86369e+07,0,0,1.37e+07
0,0,0,0,0,2.86383e+07,0,0,1.37e+07
0,0,0,0,0,2.86397e+07,0,0,1.37e+07
0,0,0,0,0,2.86411e+07,0,0,1.37e+07
0,0,0,0,0,2.76152e+07,0,0,1.37e+07
0,0,0,0,0,2.76166e+07,0,0,1.37e+07
0,0,0,0,0,2.76179e+07,0,0,1.37e+07
0,0,0,0,0,2.76192e+07,0,0,1.37e+07
0,0,0,0,0,2.51989e+07,0,0,1.37e+07
0,0,0,0,0,2.52001e+07,0,0,1.37e+07
0,0,0,0,0,2.52013e+07,0,0,1.37e+07
0,0,0,0,0,2.52025e+07,0,0,1.37e+07
0,0,0,0,0,2.52038e+07,0,0,1.37e+07
0,0,0,0,0,2.60068e+07,0,0,1.37e+07
0,0,0,0,0,2.60079e+07,0,0,1.37e+07
0,0,0,0,0,2.60091e+07,0,0,1.37e+07
0,0,0,0,0,2.60102e+07,0,0,1.37e+07
0,0,0,0,0,2.88013e+07,0,0,1.37e+07
0,0,0,0,0,2.88025e+07,0,0,1.37e+07
0,0,0,0,0,2.88038e+07,0,0,1.37e+07
0,0,0,0,0,2.8805e+07,0,0,1.37e+07
0,0,0,0,0,2.49512e+07,0,0,1.37e+07
0,0,0,0,0,2.49523e+07,0,0,1.37e+07
0,0,0,0,0,2.49533e+07,0,0,1.37e+07
0,0,0,0,0,2.49544e+07,0,0,1.37e+07
0,0,0,0,0,2.49555e+07,0,0,1.37e+07
0,0,0,0,0,2.5913e+07,0,0,1.37e+07
0,0,0,0,0,2.59141e+07,0,0,1.37e+07
0,0,0,0,0,2.59152e+07,0,0,1.37e+07
0,0,0,0,0,2.59163e+07,0,0,1.37e+07
0,0,0,0,0,2.55447e+07,0,0,1.37e+07
0,0,0,0,0,2.55457e+07,0,0,1.37e+07
0,0,0,0,0,2.55468e+07,0,0,1.37e+07
0,0,0,0,0,2.55479e+07,0,0,1.37e+07
0,0,0,0,0,2.68433e+07,0,0,1.37e+07
0,0,0,0,0,2.68445e+07,0,0,1.37e+07
0,0,0,0,0,2.68456e+07,0,0,1.37e+07
0,0,0,0,0,2.68468e+07,0,0,1.37e+07
0,0,0,0,0,2.68479e+07,0,0,1.37e+07
0,0,0,0,0,2.70951e+07,0,0,1.37e+07
0,0,0,0,0,2.70962e+07,0,0,1.37e+07
0,0,0,0,0,2.70974e+07,0,0,1.37e+07
0,0,0,0,0,2.70985e+07,0,0,1.37e+07
0,0,0,0,0,2.77469e+07,0,0,1.37e+07
0,0,0,0,0,2.77481e+07,0,0,1.37e+07
0,0,0,0,0,2.77493e+07,0,0,1.37e+07
0,0,0,0,0,2.77505e+07,0,0,1.37e+07
0,0,0,0,0,2.98715e+07,0,0,1.37e+07
0,0,0,0,0,2.98728e+07,0,0,1.37e+07
0,0,0,0,0,2.98741e+07,0,0,1.37e+07
0,0,0,0,0,2.98753e+07,0,0,1.37e+07
0,0,0,0,0,2.98766e+07,0,0,1.37e+07
0,0,0,0,0,2.87024e+07,0,0,1.37e+07
0,0,0,0,0,2.87036e+07,0,0,1.37e+07
0,0,0,0,0,2.87049e+07,0,0,1.37e+07
0,0,0,0,0,2.87061e+07,0,0,1.37e+07
0,0,0,0,0,2.76778e+07,0,0,1.37e+07
0,0,0,0,0,2.7679e+07,0,0,1.37e+07
0,0,0,0,0,2.76801e+07,0,0,1.37e+07
0,0,0,0,0,2.76813e+07,0,0,1.37e+07
0,0,0,0,0,2.52554e+07,0,0,1.37e+07
0,0,0,0,0,2.52565e+07,0,0,1.37e+07
0,0,0,0,0,2.52576e+07,0,0,1.37e+07
0,0,0,0,0,2.52587e+07,0,0,1.37e+07
0,0,0,0,0,2.52597e+07,0,0,1.37e+07
0,0,0,0,0,2.52597e+07,0,0,1.37e+07
0,0,0,0,0,2.70713e+07,-647137,647137,1.37e+07
0,0,0,0,0,2.68665e+07,-514867,514867,1.37e+07
0,0,0,0,0,2.60664e+07,0,0,1.37e+07
0,0,0,0,0,2.60674e+07,0,0,1.37e+07
0,0,0,0,0,2.88645e+07,0,0,1.37e+07
0,0,0,0,0,2.88656e+07,0,0,1.37e+07
0,0,0,0,0,2.88667e+07,0,0,1.37e+07
0,0,0,0,0,2.88678e+07,0,0,1.37e+07
0,0,0,0,0,2.50054e+07,0,0,1.37e+07
0,0,0,0,0,2.50064e+07,0,0,1.37e+07
0,0,0,0,0,2.50073e+07,0,0,1.37e+07
0,0,0,0,0,2.50082e+07,0,0,1.37e+07
0,0,0,0,0,2.50092e+07,0,0,1.37e+07
0,0,0,0,0,2.59686e+07,0,0,1.37e+07
0,0,0,0,0,2.59696e+07,0,0,1.37e+07
0,0,0,0,0,2.59706e+07,0,0,1.37e+07
0,0,0,0,0,2.59715e+07,0,0,1.37e+07
0,0,0,0,0,2.5599e+07,0,0,1.37e+07
0,0,0,0,0,2.55999e+07,0,0,1.37e+07
0,0,0,0,0,2.56009e+07,0,0,1.37e+07
0,0,0,0,0,2.56018e+07,0,0,1.37e+07
0,0,0,0,0,2.68998e+07,0,0,1.37e+07
0,0,0,0,0,2.69008e+07,0,0,1.37e+07
0,0,0,0,0,2.69018e+07,0,0,1.37e+07
0,0,0,0,0,2.69028e+07,0,0,1.37e+07
0,0,0,0,0,2.69038e+07,0,0,1.37e+07
0,0,0,0,0,2.71513e+07,0,0,1.37e+07
0,0,0,0,0,2.71524e+07,0,0,1.37e+07
0,0,0,0,0,2.71534e+07,0,0,1.37e+07
0,0,0,0,0,2.71544e+07,0,0,1.37e+07
0,0,0,0,0,2.7804e+07,0,0,1.37e+07
0,0,0,0,0,2.7805e+07,0,0,1.37e+07
0,0,0,0,0,2.7806e+07,0,0,1.37e+07
0,0,0,0,0,2.78071e+07,0,0,1.37e+07
0,0,0,0,0,2.99323e+07,0,0,1.37e+07
0,0,0,0,0,2.99334e+07,0,0,1.37e+07
0,0,0,0,0,2.99345e+07,0,0,1.37e+07
0,0,0,0,0,2.99356e+07,0,0,1.37e+07
0,0,0,0,0,2.99368e+07,0,0,1.37e+07
0,0,0,0,0,2.876e+07,0,0,1.37e+07
0,0,0,0,0,2.87611e+07,0,0,1.37e+07
0,0,0,0,0,2.87622e+07,0,0,1.37e+07
0,0,0,0,0,2.87633e+07,0,0,1.37e+07
0,0,0,0,0,2.77328e+07,0,0,1.37e+07
0,0,0,0,0,2.77338e+07,0,0,1.37e+07
0,0,0,0,0,2.77348e+07,0,0,1.37e+07
0,0,0,0,0,2.77359e+07,0,0,1.37e+07
0,0,0,0,0,2.55897e+07,-182977,182977,1.37e+07
0,0,0,0,0,2.63014e+07,-639807,639807,1.37e+07
0,0,0,0,0,2.63021e+07,-639654,639654,1.37e+07
0,0,0,0,0,2.63029e+07,-639501,639501,1.37e+07
0,0,0,0,0,2.63036e+07,-639348,639348,1.37e+07
0,0,0,0,0,2.71095e+07,-639195,639195,1.37e+07
0,0,0,0,0,2.69042e+07,-506690,506690,1.37e+07
0,0,0,0,0,2.69048e+07,-506555,506555,1.37e+07
0,0,0,0,0,2.61175e+07,0,0,1.37e+07
0,0,0,0,0,2.89199e+07,0,0,1.37e+07
0,0,0,0,0,2.89208e+07,0,0,1.37e+07
0,0,0,0,0,2.89217e+07,0,0,1.37e+07
0,0,0,0,0,2.89227e+07,0,0,1.37e+07
0,0,0,0,0,2.50529e+07,0,0,1.37e+07
0,0,0,0,0,2.50537e+07,0,0,1.37e+07
0,0,0,0,0,2.50545e+07,0,0,1.37e+07
0,0,0,0,0,2.50553e+07,0,0,1.37e+07
0,0,0,0,0,2.50561e+07,0,0,1.37e+07
0,0,0,0,0,2.60172e+07,0,0,1.37e+07
0,0,0,0,0,2.6018e+07,0,0,1.37e+07
0,0,0,0,0,2.60189e+07,0,0,1.37e+07
0,0,0,0,0,2.60197e+07,0,0,1.37e+07
0,0,0,0,0,2.56463e+07,0,0,1.37e+07
0,0,0,0,0,2.56471e+07,0,0,1.37e+07
0,0,0,0,0,2.56479e+07,0,0,1.37e+07
0,0,0,0,0,2.56488e+07,0,0,1.37e+07
0,0,0,0,0,2.6949e+07,0,0,1.37e+07
0,0,0,0,0,2.69499e+07,0,0,1.37e+07
0,0,0,0,0,2.69507e+07,0,0,1.37e+07
0,0,0,0,0,2.69516e+07,0,0,1.37e+07
0,0,0,0,0,2.69524e+07,0,0,1.37e+07
0,0,0,0,0,2.72003e+07,0,0,1.37e+07
0,0,0,0,0,2.72011e+07,0,0,1.37e+07
0,0,0,0,0,2.7202e+07,0,0,1.37e+07
0,0,0,0,0,2.72029e+07,0,0,1.37e+07
0,0,0,0,0,2.78535e+07,0,0,1.37e+07
0,0,0,0,0,2.78544e+07,0,0,1.37e+07
0,0,0,0,0,2.78553e+07,0,0,1.37e+07
0,0,0,0,0,2.80334e+07,-113901,113901,1.37e+07
0,0,0,0,0,3.0162e+07,-113752,113752,1.37e+07
0,0,0,0,0,2.99859e+07,0,0,1.37e+07
0,0,0,0,0,2.99869e+07,0,0,1.37e+07
0,0,0,0,0,2.99879e+07,0,0,1.37e+07
0,0,0,0,0,2.99888e+07,0,0,1.37e+07
0,0,0,0,0,2.88099e+07,0,0,1.37e+07
0,0,0,0,0,2.88108e+07,0,0,1.37e+07
0,0,0,0,0,2.88118e+07,0,0,1.37e+07
0,0,0,0,0,2.88127e+07,0,0,1.37e+07
0,0,0,0,0,2.77803e+07,0,0,1.37e+07
0,0,0,0,0,2.80545e+07,-175695,175695,1.37e+07
0,0,0,0,0,2.80552e+07,-175549,175549,1.37e+07
0,0,0,0,0,2.80558e+07,-175402,175402,1.37e+07
0,0,0,0,0,2.56205e+07,-175256,175256,1.37e+07
0,0,0,0,0,2.63333e+07,-632882,632882,1.37e+07
0,0,0,0,0,2.6334e+07,-632750,632750,1.37e+07
0,0,0,0,0,2.63346e+07,-632619,632619,1.37e+07
0,0,0,0,0,2.63352e+07,-632487,632487,1.37e+07
0,0,0,0,0,2.71423e+07,-632356,632356,1.37e+07
0,0,0,0,0,2.69366e+07,-499651,499651,1.37e+07
0,0,0,0,0,2.69371e+07,-499537,499537,1.37e+07
0,0,0,0,0,2.69376e+07,-499423,499423,1.37e+07
0,0,0,0,0,2.97443e+07,-499310,499310,1.37e+07
0,0,0,0,0,2.89705e+07,-1451.78,1451.78,1.37e+07
0,0,0,0,0,2.89711e+07,-1324.93,1324.93,1.37e+07
0,0,0,0,0,2.89717e+07,-1197.71,1197.71,1.37e+07
0,0,0,0,0,2.50936e+07,0,0,1.37e+07
0,0,0,0,0,2.50942e+07,0,0,1.37e+07
0,0,0,0,0,2.50949e+07,0,0,1.37e+07
0,0,0,0,0,2.50956e+07,0,0,1.37e+07
0,0,0,0,0,2.50963e+07,0,0,1.37e+07
0,0,0,0,0,2.60588e+07,0,0,1.37e+07
0,0,0,0,0,2.60595e+07,0,0,1.37e+07
0,0,0,0,0,2.60602e+07,0,0,1.37e+07
0,0,0,0,0,2.60609e+07,0,0,1.37e+07
0,0,0,0,0,2.56867e+07,0,0,1.37e+07
0,0,0,0,0,2.56874e+07,0,0,1.37e+07
0,0,0,0,0,2.56881e+07,0,0,1.37e+07
0,0,0,0,0,2.56888e+07,0,0,1.37e+07
0,0,0,0,0,2.69909e+07,0,0,1.37e+07
0,0,0,0,0,2.69916e+07,0,0,1.37e+07
0,0,0,0,0,2.69924e+07,0,0,1.37e+07
0,0,0,0,0,2.69931e+07,0,0,1.37e+07
0,0,0,0,0,2.69938e+07,0,0,1.37e+07
0,0,0,0,0,2.72419e+07,0,0,1.37e+07
0,0,0,0,0,2.72426e+07,0,0,1.37e+07
0,0,0,0,0,2.72433e+07,0,0,1.37e+07
0,0,0,0,0,2.72441e+07,0,0,1.37e+07
0,0,0,0,0,2.78955e+07,0,0,1.37e+07
0,0,0,0,0,2.78963e+07,0,0,1.37e+07
0,0,0,0,0,2.7897e+07,0,0,1.37e+07
0,0,0,0,0,2.78978e+07,0,0,1.37e+07
0,0,0,0,0,3.00296e+07,0,0,1.37e+07
0,0,0,0,0,3.00304e+07,0,0,1.37e+07
0,0,0,0,0,3.00312e+07,0,0,1.37e+07
0,0,0,0,0,3.0032e+07,0,0,1.37e+07
0,0,0,0,0,3.00328e+07,0,0,1.37e+07
0,0,0,0,0,2.8852e+07,0,0,1.37e+07
0,0,0,0,0,2.88528e+07,0,0,1.37e+07
0,0,0,0,0,2.88536e+07,0,0,1.37e+07
0,0,0,0,0,2.88544e+07,0,0,1.37e+07
0,0,0,0,0,2.78203e+07,0,0,1.37e+07
0,0,0,0,0,2.7821e+07,0,0,1.37e+07
0,0,0,0,0,2.78218e+07,0,0,1.37e+07
0,0,0,0,0,2.78225e+07,0,0,1.37e+07
0,0,0,0,0,2.53839e+07,0,0,1.37e+07
0,0,0,0,0,2.53846e+07,0,0,1.37e+07
0,0,0,0,0,2.53852e+07,0,0,1.37e+07
0,0,0,0,0,2.53859e+07,0,0,1.37e+07
0,0,0,0,0,2.53866e+07,0,0,1.37e+07
0,0,0,0,0,2.6195e+07,0,0,1.37e+07
0,0,0,0,0,2.61955e+07,0,0,1.37e+07
0,0,0,0,0,2.61961e+07,0,0,1.37e+07
0,0,0,0,0,2.61967e+07,0,0,1.37e+07
0,0,0,0,0,2.90072e+07,0,0,1.37e+07
0,0,0,0,0,2.90078e+07,0,0,1.37e+07
0,0,0,0,0,2.90085e+07,0,0,1.37e+07
0,0,0,0,0,2.90091e+07,0,0,1.37e+07
0,0,0,0,0,2.51275e+07,0,0,1.37e+07
0,0,0,0,0,2.5128e+07,0,0,1.37e+07
0,0,0,0,0,2.51285e+07,0,0,1.37e+07
0,0,0,0,0,2.51291e+07,0,0,1.37e+07
0,0,0,0,0,2.51296e+07,0,0,1.37e+07
0,0,0,0,0,2.60933e+07,0,0,1.37e+07
0,0,0,0,0,2.60939e+07,0,0,1.37e+07
0,0,0,0,0,2.60944e+07,0,0,1.37e+07
0,0,0,0,0,2.6095e+07,0,0,1.37e+07
0,0,0,0,0,2.57202e+07,0,0,1.37e+07
0,0,0,0,0,2.57208e+07,0,0,1.37e+07
0,0,0,0,0,2.57213e+07,0,0,1.37e+07
0,0,0,0,0,2.57219e+07,0,0,1.37e+07
0,0,0,0,0,2.70255e+07,0,0,1.37e+07
0,0,0,0,0,2.70261e+07,0,0,1.37e+07
0,0,0,0,0,2.70267e+07,0,0,1.37e+07
0,0,0,0,0,2.70273e+07,0,0,1.37e+07
0,0,0,0,0,2.70279e+07,0,0,1.37e+07
0,0,0,0,0,2.72761e+07,0,0,1.37e+07
0,0,0,0,0,2.72767e+07,0,0,1.37e+07
0,0,0,0,0,2.72773e+07,0,0,1.37e+07
0,0,0,0,0,2.72779e+07,0,0,1.37e+07
0,0,0,0,0,2.793e+07,0,0,1.37e+07
0,0,0,0,0,2.79306e+07,0,0,1.37e+07
0,0,0,0,0,2.79312e+07,0,0,1.37e+07
0,0,0,0,0,2.79318e+07,0,0,1.37e+07
0,0,0,0,0,3.0066e+07,0,0,1.37e+07
0,0,0,0,0,3.00667e+07,0,0,1.37e+07
0,0,0,0,0,3.00673e+07,0,0,1.37e+07
0,0,0,0,0,3.0068e+07,0,0,1.37e+07
0,0,0,0,0,3.00686e+07,0,0,1.37e+07
0,0,0,0,0,2.88863e+07,0,0,1.37e+07
0,0,0,0,0,2.88869e+07,0,0,1.37e+07
0,0,0,0,0,2.88875e+07,0,0,1.37e+07
0,0,0,0,0,2.88882e+07,0,0,1.37e+07
0,0,0,0,0,2.78527e+07,0,0,1.37e+07
0,0,0,0,0,2.78533e+07,0,0,1.37e+07
0,0,0,0,0,2.78539e+07,0,0,1.37e+07
0,0,0,0,0,2.78545e+07,0,0,1.37e+07
0,0,0,0,0,2.54129e+07,0,0,1.37e+07
0,0,0,0,0,2.54135e+07,0,0,1.37e+07
0,0,0,0,0,2.5414e+07,0,0,1.37e+07
0,0,0,0,0,2.54146e+07,0,0,1.37e+07
0,0,0,0,0,2.54151e+07,0,0,1.37e+07
0,0,0,0,0,2.62243e+07,0,0,1.37e+07
0,0,0,0,0,2.62247e+07,0,0,1.37e+07
0,0,0,0,0,2.62251e+07,0,0,1.37e+07
0,0,0,0,0,2.62256e+07,0,0,1.37e+07
0,0,0,0,0,2.9039e+07,0,0,1.37e+07
0,0,0,0,0,2.90395e+07,0,0,1.37e+07
0,0,0,0,0,2.904e+07,0,0,1.37e+07
0,0,0,0,0,2.90405e+07,0,0,1.37e+07
0,0,0,0,0,2.51545e+07,0,0,1.37e+07
0,0,0,0,0,2.51549e+07,0,0,1.37e+07
0,0,0,0,0,2.51553e+07,0,0,1.37e+07
0,0,0,0,0,2.51557e+07,0,0,1.37e+07
0,0,0,0,0,2.51562e+07,0,0,1.37e+07
0,0,0,0,0,2.61207e+07,0,0,1.37e+07
0,0,0,0,0,2.61211e+07,0,0,1.37e+07
0,0,0,0,0,2.61216e+07,0,0,1.37e+07
0,0,0,0,0,2.6122e+07,0,0,1.37e+07
0,0,0,0,0,2.57467e+07,0,0,1.37e+07
0,0,0,0,0,2.57471e+07,0,0,1.37e+07
0,0,0,0,0,2.57475e+07,0,0,1.37e+07
0,0,0,0,0,2.57479e+07,0,0,1.37e+07
0,0,0,0,0,2.70528e+07,0,0,1.37e+07
0,0,0,0,0,2.70532e+07,0,0,1.37e+07
0,0,0,0,0,2.70537e+07,0,0,1.37e+07
0,0,0,0,0,2.70541e+07,0,0,1.37e+07
0,0,0,0,0,2.70545e+07,0,0,1.37e+07
0,0,0,0,0,2.73029e+07,0,0,1.37e+07
0,0,0,0,0,2.73033e+07,0,0,1.37e+07
0,0,0,0,0,2.73038e+07,0,0,1.37e+07
0,0,0,0,0,2.73042e+07,0,0,1.37e+07
0,0,0,0,0,2.79568e+07,0,0,1.37e+07
0,0,0,0,0,2.79572e+07,0,0,1.37e+07
0,0,0,0,0,2.79577e+07,0,0,1.37e+07
0,0,0,0,0,2.79581e+07,0,0,1.37e+07
0,0,0,0,0,3.00943e+07,0,0,1.37e+07
0,0,0,0,0,3.00948e+07,0,0,1.37e+07
0,0,0,0,0,3.00953e+07,0,0,1.37e+07
0,0,0,0,0,3.00957e+07,0,0,1.37e+07
0,0,0,0,0,3.00962e+07,0,0,1.37e+07
0,0,0,0,0,2.89126e+07,0,0,1.37e+07
0,0,0,0,0,2.89131e+07,0,0,1.37e+07
0,0,0,0,0,2.89136e+07,0,0,1.37e+07
0,0,0,0,0,2.89141e+07,0,0,1.37e+07
0,0,0,0,0,2.78776e+07,0,0,1.37e+07
0,0,0,0,0,2.7878e+07,0,0,1.37e+07
0,0,0,0,0,2.78785e+07,0,0,1.37e+07
0,0,0,0,0,2.78789e+07,0,0,1.37e+07
0,0,0,0,0,2.5435e+07,0,0,1.37e+07
0,0,0,0,0,2.54355e+07,0,0,1.37e+07
0,0,0,0,0,2.54359e+07,0,0,1.37e+07
0,0,0,0,0,2.54363e+07,0,0,1.37e+07
0,0,0,0,0,2.63991e+07,-618583,618583,1.37e+07
0,0,0,0,0,2.62464e+07,0,0,1.37e+07
0,0,0,0,0,2.62467e+07,0,0,1.37e+07
0,0,0,0,0,2.6247e+07,0,0,1.37e+07
0,0,0,0,0,2.62473e+07,0,0,1.37e+07
0,0,0,0,0,2.90629e+07,0,0,1.37e+07
0,0,0,0,0,2.90633e+07,0,0,1.37e+07
0,0,0,0,0,2.90636e+07,0,0,1.37e+07
0,0,0,0,0,2.90639e+07,0,0,1.37e+07
0,0,0,0,0,2.51747e+07,0,0,1.37e+07
0,0,0,0,0,2.5175e+07,0,0,1.37e+07
0,0,0,0,0,2.51752e+07,0,0,1.37e+07
0,0,0,0,0,2.51755e+07,0,0,1.37e+07
0,0,0,0,0,2.51758e+07,0,0,1.37e+07
0,0,0,0,0,2.6141e+07,0,0,1.37e+07
0,0,0,0,0,2.61412e+07,0,0,1.37e+07
0,0,0,0,0,2.61415e+07,0,0,1.37e+07
0,0,0,0,0,2.61418e+07,0,0,1.37e+07
0,0,0,0,0,2.57661e+07,0,0,1.37e+07
0,0,0,0,0,2.57664e+07,0,0,1.37e+07
0,0,0,0,0,2.57667e+07,0,0,1.37e+07
0,0,0,0,0,2.5767e+07,0,0,1.37e+07
0,0,0,0,0,2.70726e+07,0,0,1.37e+07
0,0,0,0,0,2.70729e+07,0,0,1.37e+07
0,0,0,0,0,2.70732e+07,0,0,1.37e+07
0,0,0,0,0,2.75854e+07,-329021,329021,1.37e+07
0,0,0,0,0,2.70738e+07,0,0,1.37e+07
0,0,0,0,0,2.73222e+07,0,0,1.37e+07
0,0,0,0,0,2.73225e+07,0,0,1.37e+07
0,0,0,0,0,2.73228e+07,0,0,1.37e+07
0,0,0,0,0,2.76415e+07,-204632,204632,1.37e+07
0,0,0,0,0,2.82943e+07,-204582,204582,1.37e+07
0,0,0,0,0,2.81223e+07,-93889.2,93889.2,1.37e+07
0,0,0,0,0,2.81226e+07,-93837.7,93837.7,1.37e+07
0,0,0,0,0,2.81228e+07,-93786.6,93786.6,1.37e+07
0,0,0,0,0,3.02601e+07,-93735.1,93735.1,1.37e+07
0,0,0,0,0,3.01146e+07,0,0,1.37e+07
0,0,0,0,0,3.0115e+07,0,0,1.37e+07
0,0,0,0,0,3.01153e+07,0,0,1.37e+07
0,0,0,0,0,3.01156e+07,0,0,1.37e+07
0,0,0,0,0,2.89311e+07,0,0,1.37e+07
0,0,0,0,0,2.89314e+07,0,0,1.37e+07
0,0,0,0,0,2.89318e+07,0,0,1.37e+07
0,0,0,0,0,2.89321e+07,0,0,1.37e+07
0,0,0,0,0,2.78948e+07,0,0,1.37e+07
0,0,0,0,0,2.81392e+07,-156908,156908,1.37e+07
0,0,0,0,0,2.81395e+07,-156858,156858,1.37e+07
0,0,0,0,0,2.81397e+07,-156807,156807,1.37e+07
0,0,0,0,0,2.56941e+07,-156756,156756,1.37e+07
0,0,0,0,0,2.64094e+07,-616327,616327,1.37e+07
0,0,0,0,0,2.64096e+07,-616281,616281,1.37e+07
0,0,0,0,0,2.64098e+07,-616236,616236,1.37e+07
0,0,0,0,0,2.64101e+07,-616190,616190,1.37e+07
0,0,0,0,0,2.641e+07,-616144,616144,1.37e+07
0,0,0,0,0,2.722e+07,-616144,616144,1.37e+07
0,0,0,0,0,2.7013e+07,-483004,483004,1.37e+07
0,0,0,0,0,2.70131e+07,-482979,482979,1.37e+07
0,0,0,0,0,2.70132e+07,-482954,482954,1.37e+07
0,0,0,0,0,2.98303e+07,-482928,482928,1.37e+07
0,0,0,0,0,2.90791e+07,0,0,1.37e+07
0,0,0,0,0,2.90793e+07,0,0,1.37e+07
0,0,0,0,0,2.90795e+07,0,0,1.37e+07
0,0,0,0,0,2.5188e+07,0,0,1.37e+07
0,0,0,0,0,2.62052e+07,-653696,653696,1.37e+07
0,0,0,0,0,2.62053e+07,-653672,653672,1.37e+07
0,0,0,0,0,2.62054e+07,-653648,653648,1.37e+07
0,0,0,0,0,2.62055e+07,-653624,653624,1.37e+07
0,0,0,0,0,2.61541e+07,0,0,1.37e+07
0,0,0,0,0,2.61543e+07,0,0,1.37e+07
0,0,0,0,0,2.61544e+07,0,0,1.37e+07
0,0,0,0,0,2.61546e+07,0,0,1.37e+07
0,0,0,0,0,2.57786e+07,0,0,1.37e+07
0,0,0,0,0,2.57787e+07,0,0,1.37e+07
0,0,0,0,0,2.57789e+07,0,0,1.37e+07
0,0,0,0,0,2.5779e+07,0,0,1.37e+07
0,0,0,0,0,2.70851e+07,0,0,1.37e+07
0,0,0,0,0,2.70853e+07,0,0,1.37e+07
0,0,0,0,0,2.70855e+07,0,0,1.37e+07
0,0,0,0,0,2.70856e+07,0,0,1.37e+07
0,0,0,0,0,2.70858e+07,0,0,1.37e+07
0,0,0,0,0,2.73341e+07,0,0,1.37e+07
0,0,0,0,0,2.73343e+07,0,0,1.37e+07
0,0,0,0,0,2.73344e+07,0,0,1.37e+07
0,0,0,0,0,2.73346e+07,0,0,1.37e+07
0,0,0,0,0,2.79876e+07,0,0,1.37e+07
0,0,0,0,0,2.79878e+07,0,0,1.37e+07
0,0,0,0,0,2.79879e+07,0,0,1.37e+07
0,0,0,0,0,2.79881e+07,0,0,1.37e+07
0,0,0,0,0,3.01262e+07,0,0,1.37e+07
0,0,0,0,0,3.01264e+07,0,0,1.37e+07
0,0,0,0,0,3.01266e+07,0,0,1.37e+07
0,0,0,0,0,3.01268e+07,0,0,1.37e+07
0,0,0,0,0,3.01269e+07,0,0,1.37e+07
0,0,0,0,0,2.89418e+07,0,0,1.37e+07
0,0,0,0,0,2.8942e+07,0,0,1.37e+07
0,0,0,0,0,2.89422e+07,0,0,1.37e+07
0,0,0,0,0,2.89423e+07,0,0,1.37e+07
0,0,0,0,0,2.79045e+07,0,0,1.37e+07
0,0,0,0,0,2.81463e+07,-155310,155310,1.37e+07
0,0,0,0,0,2.81465e+07,-155283,155283,1.37e+07
0,0,0,0,0,2.81466e+07,-155255,155255,1.37e+07
0,0,0,0,0,2.57001e+07,-155228,155228,1.37e+07
0,0,0,0,0,2.64155e+07,-614973,614973,1.37e+07
0,0,0,0,0,2.54589e+07,0,0,1.37e+07
0,0,0,0,0,2.54591e+07,0,0,1.37e+07
0,0,0,0,0,2.64159e+07,-614900,614900,1.37e+07
0,0,0,0,0,2.62693e+07,0,0,1.37e+07
0,0,0,0,0,2.70188e+07,-481717,481717,1.37e+07
0,0,0,0,0,2.62694e+07,0,0,1.37e+07
0,0,0,0,0,2.62694e+07,0,0,1.37e+07
0,0,0,0,0,2.90872e+07,0,0,1.37e+07
0,0,0,0,0,2.90872e+07,0,0,1.37e+07
0,0,0,0,0,2.90872e+07,0,0,1.37e+07
0,0,0,0,0,2.90872e+07,0,0,1.37e+07
0,0,0,0,0,2.51946e+07,0,0,1.37e+07
0,0,0,0,0,2.51946e+07,0,0,1.37e+07
0,0,0,0,0,2.51947e+07,0,0,1.37e+07
0,0,0,0,0,2.51947e+07,0,0,1.37e+07
0,0,0,0,0,2.51947e+07,0,0,1.37e+07
0,0,0,0,0,2.61603e+07,0,0,1.37e+07
0,0,0,0,0,2.61603e+07,0,0,1.37e+07
0,0,0,0,0,2.61604e+07,0,0,1.37e+07
0,0,0,0,0,2.61604e+07,0,0,1.37e+07
0,0,0,0,0,2.57841e+07,0,0,1.37e+07
0,0,0,0,0,2.57842e+07,0,0,1.37e+07
0,0,0,0,0,2.57842e+07,0,0,1.37e+07
0,0,0,0,0,2.57842e+07,0,0,1.37e+07
0,0,0,0,0,2.70904e+07,0,0,1.37e+07
0,0,0,0,0,2.70905e+07,0,0,1.37e+07
0,0,0,0,0,2.70905e+07,0,0,1.37e+07
0,0,0,0,0,2.70905e+07,0,0,1.37e+07
0,0,0,0,0,2.70905e+07,0,0,1.37e+07
0,0,0,0,0,2.73388e+07,0,0,1.37e+07
0,0,0,0,0,2.73388e+07,0,0,1.37e+07
0,0,0,0,0,2.73388e+07,0,0,1.37e+07
0,0,0,0,0,2.73388e+07,0,0,1.37e+07
0,0,0,0,0,2.79918e+07,0,0,1.37e+07
0,0,0,0,0,2.79918e+07,0,0,1.37e+07
0,0,0,0,0,2.79918e+07,0,0,1.37e+07
0,0,0,0,0,2.79919e+07,0,0,1.37e+07
0,0,0,0,0,3.01301e+07,0,0,1.37e+07
0,0,0,0,0,3.01301e+07,0,0,1.37e+07
0,0,0,0,0,3.01301e+07,0,0,1.37e+07
0,0,0,0,0,3.01302e+07,0,0,1.37e+07
0,0,0,0,0,3.01302e+07,0,0,1.37e+07
0,0,0,0,0,2.89448e+07,0,0,1.37e+07
0,0,0,0,0,2.89448e+07,0,0,1.37e+07
0,0,0,0,0,2.89449e+07,0,0,1.37e+07
0,0,0,0,0,2.89449e+07,0,0,1.37e+07
0,0,0,0,0,2.79068e+07,0,0,1.37e+07
0,0,0,0,0,2.79069e+07,0,0,1.37e+07
0,0,0,0,0,2.79069e+07,0,0,1.37e+07
0,0,0,0,0,2.79069e+07,0,0,1.37e+07
0,0,0,0,0,2.54602e+07,0,0,1.37e+07
0,0,0,0,0,2.54602e+07,0,0,1.37e+07
0,0,0,0,0,2.54602e+07,0,0,1.37e+07
0,0,0,0,0,2.54602e+07,0,0,1.37e+07
0,0,0,0,0,2.54603e+07,0,0,1.37e+07
0,0,0,0,0,2.62703e+07,0,0,1.37e+07
0,0,0,0,0,2.62702e+07,0,0,1.37e+07
0,0,0,0,0,2.62701e+07,0,0,1.37e+07
0,0,0,0,0,2.627e+07,0,0,1.37e+07
0,0,0,0,0,2.90876e+07,0,0,1.37e+07
0,0,0,0,0,2.90875e+07,0,0,1.37e+07
0,0,0,0,0,2.90874e+07,0,0,1.37e+07
0,0,0,0,0,2.90872e+07,0,0,1.37e+07
0,0,0,0,0,2.51945e+07,0,0,1.37e+07
0,0,0,0,0,2.51944e+07,0,0,1.37e+07
0,0,0,0,0,2.51943e+07,0,0,1.37e+07
0,0,0,0,0,2.51942e+07,0,0,1.37e+07
0,0,0,0,0,2.51941e+07,0,0,1.37e+07
0,0,0,0,0,2.61595e+07,0,0,1.37e+07
0,0,0,0,0,2.61594e+07,0,0,1.37e+07
0,0,0,0,0,2.61593e+07,0,0,1.37e+07
0,0,0,0,0,2.61592e+07,0,0,1.37e+07
0,0,0,0,0,2.57828e+07,0,0,1.37e+07
0,0,0,0,0,2.57827e+07,0,0,1.37e+07
0,0,0,0,0,2.57826e+07,0,0,1.37e+07
0,0,0,0,0,2.57825e+07,0,0,1.37e+07
0,0,0,0,0,2.70885e+07,0,0,1.37e+07
0,0,0,0,0,2.70884e+07,0,0,1.37e+07
0,0,0,0,0,2.70883e+07,0,0,1.37e+07
0,0,0,0,0,2.70882e+07,0,0,1.37e+07
0,0,0,0,0,2.7088e+07,0,0,1.37e+07
0,0,0,0,0,2.73361e+07,0,0,1.37e+07
0,0,0,0,0,2.7336e+07,0,0,1.37e+07
0,0,0,0,0,2.73359e+07,0,0,1.37e+07
0,0,0,0,0,2.73358e+07,0,0,1.37e+07
0,0,0,0,0,2.79885e+07,0,0,1.37e+07
0,0,0,0,0,2.79884e+07,0,0,1.37e+07
0,0,0,0,0,2.79883e+07,0,0,1.37e+07
0,0,0,0,0,2.79881e+07,0,0,1.37e+07
0,0,0,0,0,3.01259e+07,0,0,1.37e+07
0,0,0,0,0,3.01258e+07,0,0,1.37e+07
0,0,0,0,0,3.01257e+07,0,0,1.37e+07
0,0,0,0,0,3.01256e+07,0,0,1.37e+07
0,0,0,0,0,3.01254e+07,0,0,1.37e+07
0,0,0,0,0,2.89401e+07,0,0,1.37e+07
0,0,0,0,0,2.894e+07,0,0,1.37e+07
0,0,0,0,0,2.89398e+07,0,0,1.37e+07
0,0,0,0,0,2.89397e+07,0,0,1.37e+07
0,0,0,0,0,2.79017e+07,0,0,1.37e+07
0,0,0,0,0,2.8144e+07,-155774,155774,1.37e+07
0,0,0,0,0,2.81439e+07,-155794,155794,1.37e+07
0,0,0,0,0,2.81438e+07,-155814,155814,1.37e+07
0,0,0,0,0,2.56974e+07,-155833,155833,1.37e+07
0,0,0,0,0,2.64126e+07,-615560,615560,1.37e+07
0,0,0,0,0,2.64125e+07,-615578,615578,1.37e+07
0,0,0,0,0,2.64124e+07,-615595,615595,1.37e+07
0,0,0,0,0,2.64123e+07,-615613,615613,1.37e+07
0,0,0,0,0,2.72221e+07,-615631,615631,1.37e+07
0,0,0,0,0,2.70148e+07,-482539,482539,1.37e+07
0,0,0,0,0,2.70146e+07,-482579,482579,1.37e+07
0,0,0,0,0,2.70144e+07,-482620,482620,1.37e+07
0,0,0,0,0,2.98313e+07,-482660,482660,1.37e+07
0,0,0,0,0,2.90801e+07,0,0,1.37e+07
0,0,0,0,0,2.90798e+07,0,0,1.37e+07
0,0,0,0,0,2.90795e+07,0,0,1.37e+07
0,0,0,0,0,2.51877e+07,0,0,1.37e+07
0,0,0,0,0,2.62046e+07,-653751,653751,1.37e+07
0,0,0,0,0,2.62044e+07,-653789,653789,1.37e+07
0,0,0,0,0,2.62042e+07,-653828,653828,1.37e+07
0,0,0,0,0,2.51867e+07,0,0,1.37e+07
0,0,0,0,0,2.61518e+07,0,0,1.37e+07
0,0,0,0,0,2.61515e+07,0,0,1.37e+07
0,0,0,0,0,2.61513e+07,0,0,1.37e+07
0,0,0,0,0,2.6151e+07,0,0,1.37e+07
0,0,0,0,0,2.57747e+07,0,0,1.37e+07
0,0,0,0,0,2.57744e+07,0,0,1.37e+07
0,0,0,0,0,2.57742e+07,0,0,1.37e+07
0,0,0,0,0,2.57739e+07,0,0,1.37e+07
0,0,0,0,0,2.70794e+07,0,0,1.37e+07
0,0,0,0,0,2.70791e+07,0,0,1.37e+07
0,0,0,0,0,2.75893e+07,-328059,328059,1.37e+07
0,0,0,0,0,2.75891e+07,-328100,328100,1.37e+07
0,0,0,0,0,2.75889e+07,-328142,328142,1.37e+07
0,0,0,0,0,2.73262e+07,0,0,1.37e+07
0,0,0,0,0,2.7326e+07,0,0,1.37e+07
0,0,0,0,0,2.73257e+07,0,0,1.37e+07
0,0,0,0,0,2.73254e+07,0,0,1.37e+07
0,0,0,0,0,2.82955e+07,-204192,204192,1.37e+07
0,0,0,0,0,2.81231e+07,-93584.7,93584.7,1.37e+07
0,0,0,0,0,2.81229e+07,-93628.5,93628.5,1.37e+07
0,0,0,0,0,2.81227e+07,-93672.2,93672.2,1.37e+07
0,0,0,0,0,3.02596e+07,-93716,93716,1.37e+07
0,0,0,0,0,3.01135e+07,0,0,1.37e+07
0,0,0,0,0,3.01132e+07,0,0,1.37e+07
0,0,0,0,0,3.0113e+07,0,0,1.37e+07
0,0,0,0,0,3.01127e+07,0,0,1.37e+07
0,0,0,0,0,2.89277e+07,0,0,1.37e+07
0,0,0,0,0,2.89274e+07,0,0,1.37e+07
0,0,0,0,0,2.89271e+07,0,0,1.37e+07
0,0,0,0,0,2.89269e+07,0,0,1.37e+07
0,0,0,0,0,2.78892e+07,0,0,1.37e+07
0,0,0,0,0,2.81345e+07,-157827,157827,1.37e+07
0,0,0,0,0,2.81343e+07,-157870,157870,1.37e+07
0,0,0,0,0,2.81341e+07,-157913,157913,1.37e+07
0,0,0,0,0,2.56888e+07,-157956,157956,1.37e+07
0,0,0,0,0,2.64035e+07,-617490,617490,1.37e+07
0,0,0,0,0,2.54426e+07,0,0,1.37e+07
0,0,0,0,0,2.54423e+07,0,0,1.37e+07
0,0,0,0,0,2.54421e+07,0,0,1.37e+07
