0cont_fund,0ins_pout,0ins_price,0infra_npv,0debt_serv,0gross_rev,0cont_contrib,0drought_cost,0water_price
0,0,0,0,3.31186e-33,2.00667e+07,0,0,1.2874e+07
0,0,0,0,0,2.00732e+07,0,0,1.2874e+07
0,0,0,0,0,2.00796e+07,0,0,1.2874e+07
0,0,0,0,0,2.00861e+07,0,0,1.2874e+07
0,0,0,0,0,2.22477e+07,0,0,1.2874e+07
0,0,0,0,0,2.22549e+07,0,0,1.2874e+07
0,0,0,0,0,2.2262e+07,0,0,1.2874e+07
0,0,0,0,0,2.22692e+07,0,0,1.2874e+07
0,0,0,0,0,1.92952e+07,0,0,1.2874e+07
0,0,0,0,0,1.93014e+07,0,0,1.2874e+07
0,0,0,0,0,1.93076e+07,0,0,1.2874e+07
0,0,0,0,0,1.93138e+07,0,0,1.2874e+07
0,0,0,0,0,1.932e+07,0,0,1.2874e+07
0,0,0,0,0,2.00669e+07,0,0,1.2874e+07
0,0,0,0,0,2.00734e+07,0,0,1.2874e+07
0,0,0,0,0,2.00799e+07,0,0,1.2874e+07
0,0,0,0,0,2.00863e+07,0,0,1.2874e+07
0,0,0,0,0,1.98038e+07,0,0,1.2874e+07
0,0,0,0,0,1.98101e+07,0,0,1.2874e+07
0,0,0,0,0,1.98165e+07,0,0,1.2874e+07
0,0,0,0,0,1.98229e+07,0,0,1.2874e+07
0,0,0,0,0,2.08338e+07,0,0,1.2874e+07
0,0,0,0,0,2.08405e+07,0,0,1.2874e+07
0,0,0,0,0,2.08472e+07,0,0,1.2874e+07
0,0,0,0,0,2.08539e+07,0,0,1.2874e+07
0,0,0,0,0,2.08606e+07,0,0,1.2874e+07
0,0,0,0,0,2.10585e+07,0,0,1.2874e+07
0,0,0,0,0,2.10653e+07,0,0,1.2874e+07
0,0,0,0,0,2.1072e+07,0,0,1.2874e+07
0,0,0,0,0,2.10788e+07,0,0,1.2874e+07
0,0,0,0,0,2.15892e+07,0,0,1.2874e+07
0,0,0,0,0,2.15961e+07,0,0,1.2874e+07
0,0,0,0,0,2.1603e+07,0,0,1.2874e+07
0,0,0,0,0,2.161e+07,0,0,1.2874e+07
0,0,0,0,0,2.32682e+07,0,0,1.2874e+07
0,0,0,0,0,2.32756e+07,0,0,1.2874e+07
0,0,0,0,0,2.32831e+07,0,0,1.2874e+07
0,0,0,0,0,2.32906e+07,0,0,1.2874e+07
0,0,0,0,0,2.32981e+07,0,0,1.2874e+07
0,0,0,0,0,2.23886e+07,0,0,1.2874e+07
0,0,0,0,0,2.23958e+07,0,0,1.2874e+07
0,0,0,0,0,2.2403e+07,0,0,1.2874e+07
0,0,0,0,0,2.24102e+07,0,0,1.2874e+07
0,0,0,0,0,2.16134e+07,0,0,1.2874e+07
0,0,0,0,0,2.16204e+07,0,0,1.2874e+07
0,0,0,0,0,2.16273e+07,0,0,1.2874e+07
0,0,0,0,0,2.16343e+07,0,0,1.2874e+07
0,0,0,0,0,1.97438e+07,0,0,1.2874e+07
0,0,0,0,0,1.97501e+07,0,0,1.2874e+07
0,0,0,0,0,1.97565e+07,0,0,1.2874e+07
0,0,0,0,0,1.97628e+07,0,0,1.2874e+07
0,0,0,0,0,1.97692e+07,0,0,1.2874e+07
0,0,0,0,3.31186e-33,2.04045e+07,0,0,1.2874e+07
0,0,0,0,0,2.04109e+07,0,0,1.2874e+07
0,0,0,0,0,2.04172e+07,0,0,1.2874e+07
0,0,0,0,0,2.04236e+07,0,0,1.2874e+07
0,0,0,0,0,2.26213e+07,0,0,1.2874e+07
0,0,0,0,0,2.26283e+07,0,0,1.2874e+07
0,0,0,0,0,2.26354e+07,0,0,1.2874e+07
0,0,0,0,0,2.26424e+07,0,0,1.2874e+07
0,0,0,0,0,1.96183e+07,0,0,1.2874e+07
0,0,0,0,0,1.96244e+07,0,0,1.2874e+07
0,0,0,0,0,1.96305e+07,0,0,1.2874e+07
0,0,0,0,0,1.96366e+07,0,0,1.2874e+07
0,0,0,0,0,1.96427e+07,0,0,1.2874e+07
0,0,0,0,0,2.04019e+07,0,0,1.2874e+07
0,0,0,0,0,2.04082e+07,0,0,1.2874e+07
0,0,0,0,0,2.04146e+07,0,0,1.2874e+07
0,0,0,0,0,2.04209e+07,0,0,1.2874e+07
0,0,0,0,0,2.01334e+07,0,0,1.2874e+07
0,0,0,0,0,2.01397e+07,0,0,1.2874e+07
0,0,0,0,0,2.01459e+07,0,0,1.2874e+07
0,0,0,0,0,2.01522e+07,0,0,1.2874e+07
0,0,0,0,0,2.11797e+07,0,0,1.2874e+07
0,0,0,0,0,2.11862e+07,0,0,1.2874e+07
0,0,0,0,0,2.11928e+07,0,0,1.2874e+07
0,0,0,0,0,2.11994e+07,0,0,1.2874e+07
0,0,0,0,0,2.1206e+07,0,0,1.2874e+07
0,0,0,0,0,2.14069e+07,0,0,1.2874e+07
0,0,0,0,0,2.14136e+07,0,0,1.2874e+07
0,0,0,0,0,2.14202e+07,0,0,1.2874e+07
0,0,0,0,0,2.14268e+07,0,0,1.2874e+07
0,0,0,0,0,2.19454e+07,0,0,1.2874e+07
0,0,0,0,0,2.19522e+07,0,0,1.2874e+07
0,0,0,0,0,2.1959e+07,0,0,1.2874e+07
0,0,0,0,0,2.19658e+07,0,0,1.2874e+07
0,0,0,0,0,2.36511e+07,0,0,1.2874e+07
0,0,0,0,0,2.36584e+07,0,0,1.2874e+07
0,0,0,0,0,2.36657e+07,0,0,1.2874e+07
0,0,0,0,0,2.36731e+07,0,0,1.2874e+07
0,0,0,0,0,2.36804e+07,0,0,1.2874e+07
0,0,0,0,0,2.27558e+07,0,0,1.2874e+07
0,0,0,0,0,2.27629e+07,0,0,1.2874e+07
0,0,0,0,0,2.27699e+07,0,0,1.2874e+07
0,0,0,0,0,2.2777e+07,0,0,1.2874e+07
0,0,0,0,0,2.19669e+07,0,0,1.2874e+07
0,0,0,0,0,2.19738e+07,0,0,1.2874e+07
0,0,0,0,0,2.19806e+07,0,0,1.2874e+07
0,0,0,0,0,2.19874e+07,0,0,1.2874e+07
0,0,0,0,0,2.00658e+07,0,0,1.2874e+07
0,0,0,0,0,2.00721e+07,0,0,1.2874e+07
0,0,0,0,0,2.00783e+07,0,0,1.2874e+07
0,0,0,0,0,2.00845e+07,0,0,1.2874e+07
0,0,0,0,0,2.00907e+07,0,0,1.2874e+07
0,0,0,0,3.31186e-33,2.07362e+07,0,0,1.2874e+07
0,0,0,0,0,2.07424e+07,0,0,1.2874e+07
0,0,0,0,0,2.07487e+07,0,0,1.2874e+07
0,0,0,0,0,2.07549e+07,0,0,1.2874e+07
0,0,0,0,0,2.2988e+07,0,0,1.2874e+07
0,0,0,0,0,2.29949e+07,0,0,1.2874e+07
0,0,0,0,0,2.30017e+07,0,0,1.2874e+07
0,0,0,0,0,2.30086e+07,0,0,1.2874e+07
0,0,0,0,0,1.99354e+07,0,0,1.2874e+07
0,0,0,0,0,1.99414e+07,0,0,1.2874e+07
0,0,0,0,0,1.99474e+07,0,0,1.2874e+07
0,0,0,0,0,1.99534e+07,0,0,1.2874e+07
0,0,0,0,0,1.99593e+07,0,0,1.2874e+07
0,0,0,0,0,2.07305e+07,0,0,1.2874e+07
0,0,0,0,0,2.07367e+07,0,0,1.2874e+07
0,0,0,0,0,2.07429e+07,0,0,1.2874e+07
0,0,0,0,0,2.07491e+07,0,0,1.2874e+07
0,0,0,0,0,2.04568e+07,0,0,1.2874e+07
0,0,0,0,0,2.04629e+07,0,0,1.2874e+07
0,0,0,0,0,2.0469e+07,0,0,1.2874e+07
0,0,0,0,0,2.04752e+07,0,0,1.2874e+07
0,0,0,0,0,2.15189e+07,0,0,1.2874e+07
0,0,0,0,0,2.15253e+07,0,0,1.2874e+07
0,0,0,0,0,2.15317e+07,0,0,1.2874e+07
0,0,0,0,0,2.15382e+07,0,0,1.2874e+07
0,0,0,0,0,2.15446e+07,0,0,1.2874e+07
0,0,0,0,0,2.17485e+07,0,0,1.2874e+07
0,0,0,0,0,2.1755e+07,0,0,1.2874e+07
0,0,0,0,0,2.17615e+07,0,0,1.2874e+07
0,0,0,0,0,2.17681e+07,0,0,1.2874e+07
0,0,0,0,0,2.22946e+07,0,0,1.2874e+07
0,0,0,0,0,2.23013e+07,0,0,1.2874e+07
0,0,0,0,0,2.2308e+07,0,0,1.2874e+07
0,0,0,0,0,2.23146e+07,0,0,1.2874e+07
0,0,0,0,0,2.40264e+07,0,0,1.2874e+07
0,0,0,0,0,2.40335e+07,0,0,1.2874e+07
0,0,0,0,0,2.40407e+07,0,0,1.2874e+07
0,0,0,0,0,2.40479e+07,0,0,1.2874e+07
0,0,0,0,0,2.40551e+07,0,0,1.2874e+07
0,0,0,0,0,2.31156e+07,0,0,1.2874e+07
0,0,0,0,0,2.31225e+07,0,0,1.2874e+07
0,0,0,0,0,2.31294e+07,0,0,1.2874e+07
0,0,0,0,0,2.31363e+07,0,0,1.2874e+07
0,0,0,0,0,2.23133e+07,0,0,1.2874e+07
0,0,0,0,0,2.23199e+07,0,0,1.2874e+07
0,0,0,0,0,2.23266e+07,0,0,1.2874e+07
0,0,0,0,0,2.23333e+07,0,0,1.2874e+07
0,0,0,0,0,2.03813e+07,0,0,1.2874e+07
0,0,0,0,0,2.03874e+07,0,0,1.2874e+07
0,0,0,0,0,2.03935e+07,0,0,1.2874e+07
0,0,0,0,0,2.03996e+07,0,0,1.2874e+07
0,0,0,0,0,2.04056e+07,0,0,1.2874e+07
0,0,0,0,3.31186e-33,2.1061e+07,0,0,1.2874e+07
0,0,0,0,0,2.10671e+07,0,0,1.2874e+07
0,0,0,0,0,2.10732e+07,0,0,1.2874e+07
0,0,0,0,0,2.10792e+07,0,0,1.2874e+07
0,0,0,0,0,2.3347e+07,0,0,1.2874e+07
0,0,0,0,0,2.33537e+07,0,0,1.2874e+07
0,0,0,0,0,2.33604e+07,0,0,1.2874e+07
0,0,0,0,0,2.33672e+07,0,0,1.2874e+07
0,0,0,0,0,2.02459e+07,0,0,1.2874e+07
0,0,0,0,0,2.02517e+07,0,0,1.2874e+07
0,0,0,0,0,2.02575e+07,0,0,1.2874e+07
0,0,0,0,0,2.02634e+07,0,0,1.2874e+07
0,0,0,0,0,2.02692e+07,0,0,1.2874e+07
0,0,0,0,0,2.10521e+07,0,0,1.2874e+07
0,0,0,0,0,2.10582e+07,0,0,1.2874e+07
0,0,0,0,0,2.10642e+07,0,0,1.2874e+07
0,0,0,0,0,2.10703e+07,0,0,1.2874e+07
0,0,0,0,0,2.07732e+07,0,0,1.2874e+07
0,0,0,0,0,2.07792e+07,0,0,1.2874e+07
0,0,0,0,0,2.07852e+07,0,0,1.2874e+07
0,0,0,0,0,2.07912e+07,0,0,1.2874e+07
0,0,0,0,0,2.18508e+07,0,0,1.2874e+07
0,0,0,0,0,2.18571e+07,0,0,1.2874e+07
0,0,0,0,0,2.18633e+07,0,0,1.2874e+07
0,0,0,0,0,2.18696e+07,0,0,1.2874e+07
0,0,0,0,0,2.18759e+07,0,0,1.2874e+07
0,0,0,0,0,2.20827e+07,0,0,1.2874e+07
0,0,0,0,0,2.20891e+07,0,0,1.2874e+07
0,0,0,0,0,2.20954e+07,0,0,1.2874e+07
0,0,0,0,0,2.21018e+07,0,0,1.2874e+07
0,0,0,0,0,2.26362e+07,0,0,1.2874e+07
0,0,0,0,0,2.26427e+07,0,0,1.2874e+07
0,0,0,0,0,2.26492e+07,0,0,1.2874e+07
0,0,0,0,0,2.26557e+07,0,0,1.2874e+07
0,0,0,0,0,2.43934e+07,0,0,1.2874e+07
0,0,0,0,0,2.44004e+07,0,0,1.2874e+07
0,0,0,0,0,2.44074e+07,0,0,1.2874e+07
0,0,0,0,0,2.44144e+07,0,0,1.2874e+07
0,0,0,0,0,2.44214e+07,0,0,1.2874e+07
0,0,0,0,0,2.34674e+07,0,0,1.2874e+07
0,0,0,0,0,2.34741e+07,0,0,1.2874e+07
0,0,0,0,0,2.34809e+07,0,0,1.2874e+07
0,0,0,0,0,2.34876e+07,0,0,1.2874e+07
0,0,0,0,0,2.26518e+07,0,0,1.2874e+07
0,0,0,0,0,2.26583e+07,0,0,1.2874e+07
0,0,0,0,0,2.26649e+07,0,0,1.2874e+07
0,0,0,0,0,2.26714e+07,0,0,1.2874e+07
0,0,0,0,0,2.06896e+07,0,0,1.2874e+07
0,0,0,0,0,2.06955e+07,0,0,1.2874e+07
0,0,0,0,0,2.07015e+07,0,0,1.2874e+07
0,0,0,0,0,2.07074e+07,0,0,1.2874e+07
0,0,0,0,0,2.07134e+07,0,0,1.2874e+07
0,0,0,0,3.31186e-33,2.13784e+07,0,0,1.2874e+07
0,0,0,0,0,2.13843e+07,0,0,1.2874e+07
0,0,0,0,0,2.13903e+07,0,0,1.2874e+07
0,0,0,0,0,2.13962e+07,0,0,1.2874e+07
0,0,0,0,0,2.36978e+07,0,0,1.2874e+07
0,0,0,0,0,2.37043e+07,0,0,1.2874e+07
0,0,0,0,0,2.37109e+07,0,0,1.2874e+07
0,0,0,0,0,2.37175e+07,0,0,1.2874e+07
0,0,0,0,0,2.05492e+07,0,0,1.2874e+07
0,0,0,0,0,2.05549e+07,0,0,1.2874e+07
0,0,0,0,0,2.05605e+07,0,0,1.2874e+07
0,0,0,0,0,2.05662e+07,0,0,1.2874e+07
0,0,0,0,0,2.05719e+07,0,0,1.2874e+07
0,0,0,0,0,2.13663e+07,0,0,1.2874e+07
0,0,0,0,0,2.13722e+07,0,0,1.2874e+07
0,0,0,0,0,2.13781e+07,0,0,1.2874e+07
0,0,0,0,0,2.1384e+07,0,0,1.2874e+07
0,0,0,0,0,2.10823e+07,0,0,1.2874e+07
0,0,0,0,0,2.10881e+07,0,0,1.2874e+07
0,0,0,0,0,2.1094e+07,0,0,1.2874e+07
0,0,0,0,0,2.10998e+07,0,0,1.2874e+07
0,0,0,0,0,2.21749e+07,0,0,1.2874e+07
0,0,0,0,0,2.2181e+07,0,0,1.2874e+07
0,0,0,0,0,2.21872e+07,0,0,1.2874e+07
0,0,0,0,0,2.21933e+07,0,0,1.2874e+07
0,0,0,0,0,2.21994e+07,0,0,1.2874e+07
0,0,0,0,0,2.2409e+07,0,0,1.2874e+07
0,0,0,0,0,2.24152e+07,0,0,1.2874e+07
0,0,0,0,0,2.24214e+07,0,0,1.2874e+07
0,0,0,0,0,2.24276e+07,0,0,1.2874e+07
0,0,0,0,0,2.29696e+07,0,0,1.2874e+07
0,0,0,0,0,2.2976e+07,0,0,1.2874e+07
0,0,0,0,0,2.29824e+07,0,0,1.2874e+07
0,0,0,0,0,2.29887e+07,0,0,1.2874e+07
0,0,0,0,0,2.47516e+07,0,0,1.2874e+07
0,0,0,0,0,2.47585e+07,0,0,1.2874e+07
0,0,0,0,0,2.47653e+07,0,0,1.2874e+07
0,0,0,0,0,2.47722e+07,0,0,1.2874e+07
0,0,0,0,0,2.4779e+07,0,0,1.2874e+07
0,0,0,0,0,2.38107e+07,0,0,1.2874e+07
0,0,0,0,0,2.38173e+07,0,0,1.2874e+07
0,0,0,0,0,2.38239e+07,0,0,1.2874e+07
0,0,0,0,0,2.38305e+07,0,0,1.2874e+07
0,0,0,0,0,2.29822e+07,0,0,1.2874e+07
0,0,0,0,0,2.29885e+07,0,0,1.2874e+07
0,0,0,0,0,2.29949e+07,0,0,1.2874e+07
0,0,0,0,0,2.30013e+07,0,0,1.2874e+07
0,0,0,0,0,2.09904e+07,0,0,1.2874e+07
0,0,0,0,0,2.09962e+07,0,0,1.2874e+07
0,0,0,0,0,2.1002e+07,0,0,1.2874e+07
0,0,0,0,0,2.10078e+07,0,0,1.2874e+07
0,0,0,0,0,2.10136e+07,0,0,1.2874e+07
0,0,0,0,0,2.16881e+07,0,0,1.2874e+07
0,0,0,0,3.31186e-33,2.16938e+07,0,0,1.2874e+07
0,0,0,0,0,2.16996e+07,0,0,1.2874e+07
0,0,0,0,0,2.17054e+07,0,0,1.2874e+07
0,0,0,0,0,2.404e+07,0,0,1.2874e+07
0,0,0,0,0,2.40464e+07,0,0,1.2874e+07
0,0,0,0,0,2.40528e+07,0,0,1.2874e+07
0,0,0,0,0,2.40592e+07,0,0,1.2874e+07
0,0,0,0,0,2.0845e+07,0,0,1.2874e+07
0,0,0,0,0,2.08505e+07,0,0,1.2874e+07
0,0,0,0,0,2.08561e+07,0,0,1.2874e+07
0,0,0,0,0,2.08616e+07,0,0,1.2874e+07
0,0,0,0,0,2.08672e+07,0,0,1.2874e+07
0,0,0,0,0,2.16727e+07,0,0,1.2874e+07
0,0,0,0,0,2.16784e+07,0,0,1.2874e+07
0,0,0,0,0,2.16842e+07,0,0,1.2874e+07
0,0,0,0,0,2.169e+07,0,0,1.2874e+07
0,0,0,0,0,2.13837e+07,0,0,1.2874e+07
0,0,0,0,0,2.13894e+07,0,0,1.2874e+07
0,0,0,0,0,2.13951e+07,0,0,1.2874e+07
0,0,0,0,0,2.14007e+07,0,0,1.2874e+07
0,0,0,0,0,2.24909e+07,0,0,1.2874e+07
0,0,0,0,0,2.24969e+07,0,0,1.2874e+07
0,0,0,0,0,2.25028e+07,0,0,1.2874e+07
0,0,0,0,0,2.25088e+07,0,0,1.2874e+07
0,0,0,0,0,2.25148e+07,0,0,1.2874e+07
0,0,0,0,0,2.27271e+07,0,0,1.2874e+07
0,0,0,0,0,2.27332e+07,0,0,1.2874e+07
0,0,0,0,0,2.27392e+07,0,0,1.2874e+07
0,0,0,0,0,2.27453e+07,0,0,1.2874e+07
0,0,0,0,0,2.32947e+07,0,0,1.2874e+07
0,0,0,0,0,2.33009e+07,0,0,1.2874e+07
0,0,0,0,0,2.33071e+07,0,0,1.2874e+07
0,0,0,0,0,2.33133e+07,0,0,1.2874e+07
0,0,0,0,0,2.51008e+07,0,0,1.2874e+07
0,0,0,0,0,2.51074e+07,0,0,1.2874e+07
0,0,0,0,0,2.51141e+07,0,0,1.2874e+07
0,0,0,0,0,2.51208e+07,0,0,1.2874e+07
0,0,0,0,0,2.51275e+07,0,0,1.2874e+07
0,0,0,0,0,2.41453e+07,0,0,1.2874e+07
0,0,0,0,0,2.41517e+07,0,0,1.2874e+07
0,0,0,0,0,2.41581e+07,0,0,1.2874e+07
0,0,0,0,0,2.41645e+07,0,0,1.2874e+07
0,0,0,0,0,2.33041e+07,0,0,1.2874e+07
0,0,0,0,0,2.33103e+07,0,0,1.2874e+07
0,0,0,0,0,2.33165e+07,0,0,1.2874e+07
0,0,0,0,0,2.33227e+07,0,0,1.2874e+07
0,0,0,0,0,2.12835e+07,0,0,1.2874e+07
0,0,0,0,0,2.12892e+07,0,0,1.2874e+07
0,0,0,0,0,2.12948e+07,0,0,1.2874e+07
0,0,0,0,0,2.13005e+07,0,0,1.2874e+07
0,0,0,0,0,2.13061e+07,0,0,1.2874e+07
0,0,0,0,0,2.13061e+07,0,0,1.2874e+07
0,0,0,0,3.31186e-33,2.19897e+07,0,0,1.2874e+07
0,0,0,0,0,2.19953e+07,0,0,1.2874e+07
0,0,0,0,0,2.20009e+07,0,0,1.2874e+07
0,0,0,0,0,2.20065e+07,0,0,1.2874e+07
0,0,0,0,0,2.43732e+07,0,0,1.2874e+07
0,0,0,0,0,2.43795e+07,0,0,1.2874e+07
0,0,0,0,0,2.43857e+07,0,0,1.2874e+07
0,0,0,0,0,2.43919e+07,0,0,1.2874e+07
0,0,0,0,0,2.1133e+07,0,0,1.2874e+07
0,0,0,0,0,2.11384e+07,0,0,1.2874e+07
0,0,0,0,0,2.11438e+07,0,0,1.2874e+07
0,0,0,0,0,2.11492e+07,0,0,1.2874e+07
0,0,0,0,0,2.11546e+07,0,0,1.2874e+07
0,0,0,0,0,2.1971e+07,0,0,1.2874e+07
0,0,0,0,0,2.19766e+07,0,0,1.2874e+07
0,0,0,0,0,2.19822e+07,0,0,1.2874e+07
0,0,0,0,0,2.19878e+07,0,0,1.2874e+07
0,0,0,0,0,2.16771e+07,0,0,1.2874e+07
0,0,0,0,0,2.16826e+07,0,0,1.2874e+07
0,0,0,0,0,2.16882e+07,0,0,1.2874e+07
0,0,0,0,0,2.16937e+07,0,0,1.2874e+07
0,0,0,0,0,2.27985e+07,0,0,1.2874e+07
0,0,0,0,0,2.28043e+07,0,0,1.2874e+07
0,0,0,0,0,2.28101e+07,0,0,1.2874e+07
0,0,0,0,0,2.2816e+07,0,0,1.2874e+07
0,0,0,0,0,2.28218e+07,0,0,1.2874e+07
0,0,0,0,0,2.30368e+07,0,0,1.2874e+07
0,0,0,0,0,2.30426e+07,0,0,1.2874e+07
0,0,0,0,0,2.30485e+07,0,0,1.2874e+07
0,0,0,0,0,2.30544e+07,0,0,1.2874e+07
0,0,0,0,0,2.3611e+07,0,0,1.2874e+07
0,0,0,0,0,2.3617e+07,0,0,1.2874e+07
0,0,0,0,0,2.36231e+07,0,0,1.2874e+07
0,0,0,0,0,2.36291e+07,0,0,1.2874e+07
0,0,0,0,0,2.54405e+07,0,0,1.2874e+07
0,0,0,0,0,2.5447e+07,0,0,1.2874e+07
0,0,0,0,0,2.54535e+07,0,0,1.2874e+07
0,0,0,0,0,2.546e+07,0,0,1.2874e+07
0,0,0,0,0,2.54665e+07,0,0,1.2874e+07
0,0,0,0,0,2.44708e+07,0,0,1.2874e+07
0,0,0,0,0,2.4477e+07,0,0,1.2874e+07
0,0,0,0,0,2.44833e+07,0,0,1.2874e+07
0,0,0,0,0,2.44895e+07,0,0,1.2874e+07
0,0,0,0,0,2.36173e+07,0,0,1.2874e+07
0,0,0,0,0,2.36233e+07,0,0,1.2874e+07
0,0,0,0,0,2.36293e+07,0,0,1.2874e+07
0,0,0,0,0,2.36353e+07,0,0,1.2874e+07
0,0,0,0,0,2.15686e+07,0,0,1.2874e+07
0,0,0,0,0,2.15741e+07,0,0,1.2874e+07
0,0,0,0,0,2.15796e+07,0,0,1.2874e+07
0,0,0,0,0,2.15851e+07,0,0,1.2874e+07
0,0,0,0,0,2.15906e+07,0,0,1.2874e+07
0,0,0,0,3.31186e-33,2.2283e+07,0,0,1.2874e+07
0,0,0,0,0,2.22885e+07,0,0,1.2874e+07
0,0,0,0,0,2.22939e+07,0,0,1.2874e+07
0,0,0,0,0,2.22994e+07,0,0,1.2874e+07
0,0,0,0,0,2.46973e+07,0,0,1.2874e+07
0,0,0,0,0,2.47034e+07,0,0,1.2874e+07
0,0,0,0,0,2.47094e+07,0,0,1.2874e+07
0,0,0,0,0,2.47154e+07,0,0,1.2874e+07
0,0,0,0,0,2.14131e+07,0,0,1.2874e+07
0,0,0,0,0,2.14183e+07,0,0,1.2874e+07
0,0,0,0,0,2.14236e+07,0,0,1.2874e+07
0,0,0,0,0,2.14288e+07,0,0,1.2874e+07
0,0,0,0,0,2.14341e+07,0,0,1.2874e+07
0,0,0,0,0,2.2261e+07,0,0,1.2874e+07
0,0,0,0,0,2.22664e+07,0,0,1.2874e+07
0,0,0,0,0,2.22719e+07,0,0,1.2874e+07
0,0,0,0,0,2.22773e+07,0,0,1.2874e+07
0,0,0,0,0,2.19623e+07,0,0,1.2874e+07
0,0,0,0,0,2.19676e+07,0,0,1.2874e+07
0,0,0,0,0,2.1973e+07,0,0,1.2874e+07
0,0,0,0,0,2.19784e+07,0,0,1.2874e+07
0,0,0,0,0,2.30974e+07,0,0,1.2874e+07
0,0,0,0,0,2.31031e+07,0,0,1.2874e+07
0,0,0,0,0,2.31087e+07,0,0,1.2874e+07
0,0,0,0,0,2.31144e+07,0,0,1.2874e+07
0,0,0,0,0,2.312e+07,0,0,1.2874e+07
0,0,0,0,0,2.33375e+07,0,0,1.2874e+07
0,0,0,0,0,2.33433e+07,0,0,1.2874e+07
0,0,0,0,0,2.3349e+07,0,0,1.2874e+07
0,0,0,0,0,2.33547e+07,0,0,1.2874e+07
0,0,0,0,0,2.39183e+07,0,0,1.2874e+07
0,0,0,0,0,2.39241e+07,0,0,1.2874e+07
0,0,0,0,0,2.393e+07,0,0,1.2874e+07
0,0,0,0,0,2.39358e+07,0,0,1.2874e+07
0,0,0,0,0,2.57705e+07,0,0,1.2874e+07
0,0,0,0,0,2.57768e+07,0,0,1.2874e+07
0,0,0,0,0,2.57831e+07,0,0,1.2874e+07
0,0,0,0,0,2.57894e+07,0,0,1.2874e+07
0,0,0,0,0,2.57957e+07,0,0,1.2874e+07
0,0,0,0,0,2.47869e+07,0,0,1.2874e+07
0,0,0,0,0,2.47929e+07,0,0,1.2874e+07
0,0,0,0,0,2.4799e+07,0,0,1.2874e+07
0,0,0,0,0,2.4805e+07,0,0,1.2874e+07
0,0,0,0,0,2.39213e+07,0,0,1.2874e+07
0,0,0,0,0,2.39271e+07,0,0,1.2874e+07
0,0,0,0,0,2.3933e+07,0,0,1.2874e+07
0,0,0,0,0,2.39388e+07,0,0,1.2874e+07
0,0,0,0,0,2.18453e+07,0,0,1.2874e+07
0,0,0,0,0,2.18506e+07,0,0,1.2874e+07
0,0,0,0,0,2.1856e+07,0,0,1.2874e+07
0,0,0,0,0,2.18613e+07,0,0,1.2874e+07
0,0,0,0,0,2.18666e+07,0,0,1.2874e+07
0,0,0,0,3.31186e-33,2.25677e+07,0,0,1.2874e+07
0,0,0,0,0,2.2573e+07,0,0,1.2874e+07
0,0,0,0,0,2.25783e+07,0,0,1.2874e+07
0,0,0,0,0,2.25836e+07,0,0,1.2874e+07
0,0,0,0,0,2.50118e+07,0,0,1.2874e+07
0,0,0,0,0,2.50176e+07,0,0,1.2874e+07
0,0,0,0,0,2.50235e+07,0,0,1.2874e+07
0,0,0,0,0,2.50293e+07,0,0,1.2874e+07
0,0,0,0,0,2.16848e+07,0,0,1.2874e+07
0,0,0,0,0,2.16899e+07,0,0,1.2874e+07
0,0,0,0,0,2.1695e+07,0,0,1.2874e+07
0,0,0,0,0,2.17001e+07,0,0,1.2874e+07
0,0,0,0,0,2.17051e+07,0,0,1.2874e+07
0,0,0,0,0,2.25423e+07,0,0,1.2874e+07
0,0,0,0,0,2.25476e+07,0,0,1.2874e+07
0,0,0,0,0,2.25528e+07,0,0,1.2874e+07
0,0,0,0,0,2.25581e+07,0,0,1.2874e+07
0,0,0,0,0,2.22388e+07,0,0,1.2874e+07
0,0,0,0,0,2.22441e+07,0,0,1.2874e+07
0,0,0,0,0,2.22493e+07,0,0,1.2874e+07
0,0,0,0,0,2.22545e+07,0,0,1.2874e+07
0,0,0,0,0,2.33873e+07,0,0,1.2874e+07
0,0,0,0,0,2.33928e+07,0,0,1.2874e+07
0,0,0,0,0,2.33983e+07,0,0,1.2874e+07
0,0,0,0,0,2.34037e+07,0,0,1.2874e+07
0,0,0,0,0,2.34092e+07,0,0,1.2874e+07
0,0,0,0,0,2.36292e+07,0,0,1.2874e+07
0,0,0,0,0,2.36347e+07,0,0,1.2874e+07
0,0,0,0,0,2.36403e+07,0,0,1.2874e+07
0,0,0,0,0,2.36458e+07,0,0,1.2874e+07
0,0,0,0,0,2.42162e+07,0,0,1.2874e+07
0,0,0,0,0,2.42219e+07,0,0,1.2874e+07
0,0,0,0,0,2.42275e+07,0,0,1.2874e+07
0,0,0,0,0,2.42332e+07,0,0,1.2874e+07
0,0,0,0,0,2.60904e+07,0,0,1.2874e+07
0,0,0,0,0,2.60965e+07,0,0,1.2874e+07
0,0,0,0,0,2.61026e+07,0,0,1.2874e+07
0,0,0,0,0,2.61087e+07,0,0,1.2874e+07
0,0,0,0,0,2.61148e+07,0,0,1.2874e+07
0,0,0,0,0,2.50932e+07,0,0,1.2874e+07
0,0,0,0,0,2.50991e+07,0,0,1.2874e+07
0,0,0,0,0,2.51049e+07,0,0,1.2874e+07
0,0,0,0,0,2.51108e+07,0,0,1.2874e+07
0,0,0,0,0,2.42159e+07,0,0,1.2874e+07
0,0,0,0,0,2.42216e+07,0,0,1.2874e+07
0,0,0,0,0,2.42272e+07,0,0,1.2874e+07
0,0,0,0,0,2.42329e+07,0,0,1.2874e+07
0,0,0,0,0,2.21134e+07,0,0,1.2874e+07
0,0,0,0,0,2.21186e+07,0,0,1.2874e+07
0,0,0,0,0,2.21238e+07,0,0,1.2874e+07
0,0,0,0,0,2.21289e+07,0,0,1.2874e+07
0,0,0,0,0,2.21341e+07,0,0,1.2874e+07
0,0,0,0,3.31186e-33,2.28435e+07,0,0,1.2874e+07
0,0,0,0,0,2.28486e+07,0,0,1.2874e+07
0,0,0,0,0,2.28537e+07,0,0,1.2874e+07
0,0,0,0,0,2.28589e+07,0,0,1.2874e+07
0,0,0,0,0,2.53164e+07,0,0,1.2874e+07
0,0,0,0,0,2.53221e+07,0,0,1.2874e+07
0,0,0,0,0,2.53277e+07,0,0,1.2874e+07
0,0,0,0,0,2.53334e+07,0,0,1.2874e+07
0,0,0,0,0,2.19481e+07,0,0,1.2874e+07
0,0,0,0,0,2.1953e+07,0,0,1.2874e+07
0,0,0,0,0,2.19579e+07,0,0,1.2874e+07
0,0,0,0,0,2.19628e+07,0,0,1.2874e+07
0,0,0,0,0,2.19677e+07,0,0,1.2874e+07
0,0,0,0,0,2.28147e+07,0,0,1.2874e+07
0,0,0,0,0,2.28198e+07,0,0,1.2874e+07
0,0,0,0,0,2.28249e+07,0,0,1.2874e+07
0,0,0,0,0,2.283e+07,0,0,1.2874e+07
0,0,0,0,0,2.25067e+07,0,0,1.2874e+07
0,0,0,0,0,2.25117e+07,0,0,1.2874e+07
0,0,0,0,0,2.25168e+07,0,0,1.2874e+07
0,0,0,0,0,2.25218e+07,0,0,1.2874e+07
0,0,0,0,0,2.3668e+07,0,0,1.2874e+07
0,0,0,0,0,2.36733e+07,0,0,1.2874e+07
0,0,0,0,0,2.36786e+07,0,0,1.2874e+07
0,0,0,0,0,2.36839e+07,0,0,1.2874e+07
0,0,0,0,0,2.36892e+07,0,0,1.2874e+07
0,0,0,0,0,2.39116e+07,0,0,1.2874e+07
0,0,0,0,0,2.39169e+07,0,0,1.2874e+07
0,0,0,0,0,2.39223e+07,0,0,1.2874e+07
0,0,0,0,0,2.39276e+07,0,0,1.2874e+07
0,0,0,0,0,2.45046e+07,0,0,1.2874e+07
0,0,0,0,0,2.45101e+07,0,0,1.2874e+07
0,0,0,0,0,2.45155e+07,0,0,1.2874e+07
0,0,0,0,0,2.4521e+07,0,0,1.2874e+07
0,0,0,0,0,2.64e+07,0,0,1.2874e+07
0,0,0,0,0,2.64059e+07,0,0,1.2874e+07
0,0,0,0,0,2.64118e+07,0,0,1.2874e+07
0,0,0,0,0,2.64177e+07,0,0,1.2874e+07
0,0,0,0,0,2.64236e+07,0,0,1.2874e+07
0,0,0,0,0,2.53897e+07,0,0,1.2874e+07
0,0,0,0,0,2.53954e+07,0,0,1.2874e+07
0,0,0,0,0,2.54011e+07,0,0,1.2874e+07
0,0,0,0,0,2.54067e+07,0,0,1.2874e+07
0,0,0,0,0,2.4501e+07,0,0,1.2874e+07
0,0,0,0,0,2.45065e+07,0,0,1.2874e+07
0,0,0,0,0,2.4512e+07,0,0,1.2874e+07
0,0,0,0,0,2.45175e+07,0,0,1.2874e+07
0,0,0,0,0,2.23729e+07,0,0,1.2874e+07
0,0,0,0,0,2.23779e+07,0,0,1.2874e+07
0,0,0,0,0,2.23829e+07,0,0,1.2874e+07
0,0,0,0,0,2.23879e+07,0,0,1.2874e+07
0,0,0,0,0,2.23929e+07,0,0,1.2874e+07
0,0,0,0,3.31186e-33,2.31104e+07,0,0,1.2874e+07
0,0,0,0,0,2.31153e+07,0,0,1.2874e+07
0,0,0,0,0,2.31203e+07,0,0,1.2874e+07
0,0,0,0,0,2.31252e+07,0,0,1.2874e+07
0,0,0,0,0,2.56112e+07,0,0,1.2874e+07
0,0,0,0,0,2.56166e+07,0,0,1.2874e+07
0,0,0,0,0,2.56221e+07,0,0,1.2874e+07
0,0,0,0,0,2.56276e+07,0,0,1.2874e+07
0,0,0,0,0,2.22027e+07,0,0,1.2874e+07
0,0,0,0,0,2.22075e+07,0,0,1.2874e+07
0,0,0,0,0,2.22122e+07,0,0,1.2874e+07
0,0,0,0,0,2.2217e+07,0,0,1.2874e+07
0,0,0,0,0,2.22217e+07,0,0,1.2874e+07
0,0,0,0,0,2.30783e+07,0,0,1.2874e+07
0,0,0,0,0,2.30833e+07,0,0,1.2874e+07
0,0,0,0,0,2.30882e+07,0,0,1.2874e+07
0,0,0,0,0,2.30932e+07,0,0,1.2874e+07
0,0,0,0,0,2.27659e+07,0,0,1.2874e+07
0,0,0,0,0,2.27708e+07,0,0,1.2874e+07
0,0,0,0,0,2.27756e+07,0,0,1.2874e+07
0,0,0,0,0,2.27805e+07,0,0,1.2874e+07
0,0,0,0,0,2.39397e+07,0,0,1.2874e+07
0,0,0,0,0,2.39448e+07,0,0,1.2874e+07
0,0,0,0,0,2.39499e+07,0,0,1.2874e+07
0,0,0,0,0,2.39551e+07,0,0,1.2874e+07
0,0,0,0,0,2.39602e+07,0,0,1.2874e+07
0,0,0,0,0,2.41849e+07,0,0,1.2874e+07
0,0,0,0,0,2.41901e+07,0,0,1.2874e+07
0,0,0,0,0,2.41952e+07,0,0,1.2874e+07
0,0,0,0,0,2.42004e+07,0,0,1.2874e+07
0,0,0,0,0,2.47837e+07,0,0,1.2874e+07
0,0,0,0,0,2.4789e+07,0,0,1.2874e+07
0,0,0,0,0,2.47943e+07,0,0,1.2874e+07
0,0,0,0,0,2.47996e+07,0,0,1.2874e+07
0,0,0,0,0,2.66997e+07,0,0,1.2874e+07
0,0,0,0,0,2.67054e+07,0,0,1.2874e+07
0,0,0,0,0,2.67111e+07,0,0,1.2874e+07
0,0,0,0,0,2.67168e+07,0,0,1.2874e+07
0,0,0,0,0,2.67225e+07,0,0,1.2874e+07
0,0,0,0,0,2.56767e+07,0,0,1.2874e+07
0,0,0,0,0,2.56822e+07,0,0,1.2874e+07
0,0,0,0,0,2.56877e+07,0,0,1.2874e+07
0,0,0,0,0,2.56932e+07,0,0,1.2874e+07
0,0,0,0,0,2.4777e+07,0,0,1.2874e+07
0,0,0,0,0,2.47823e+07,0,0,1.2874e+07
0,0,0,0,0,2.47876e+07,0,0,1.2874e+07
0,0,0,0,0,2.47929e+07,0,0,1.2874e+07
0,0,0,0,0,2.2624e+07,0,0,1.2874e+07
0,0,0,0,0,2.26289e+07,0,0,1.2874e+07
0,0,0,0,0,2.26337e+07,0,0,1.2874e+07
0,0,0,0,0,2.26385e+07,0,0,1.2874e+07
0,0,0,0,0,2.26434e+07,0,0,1.2874e+07
0,0,0,0,0,2.33687e+07,0,0,1.2874e+07
0,0,0,0,3.31186e-33,2.33735e+07,0,0,1.2874e+07
0,0,0,0,0,2.33783e+07,0,0,1.2874e+07
0,0,0,0,0,2.33831e+07,0,0,1.2874e+07
0,0,0,0,0,2.58965e+07,0,0,1.2874e+07
0,0,0,0,0,2.59018e+07,0,0,1.2874e+07
0,0,0,0,0,2.59071e+07,0,0,1.2874e+07
0,0,0,0,0,2.59124e+07,0,0,1.2874e+07
0,0,0,0,0,2.24493e+07,0,0,1.2874e+07
0,0,0,0,0,2.24539e+07,0,0,1.2874e+07
0,0,0,0,0,2.24585e+07,0,0,1.2874e+07
0,0,0,0,0,2.24631e+07,0,0,1.2874e+07
0,0,0,0,0,2.24677e+07,0,0,1.2874e+07
0,0,0,0,0,2.33336e+07,0,0,1.2874e+07
0,0,0,0,0,2.33383e+07,0,0,1.2874e+07
0,0,0,0,0,2.33431e+07,0,0,1.2874e+07
0,0,0,0,0,2.33479e+07,0,0,1.2874e+07
0,0,0,0,0,2.30168e+07,0,0,1.2874e+07
0,0,0,0,0,2.30215e+07,0,0,1.2874e+07
0,0,0,0,0,2.30263e+07,0,0,1.2874e+07
0,0,0,0,0,2.3031e+07,0,0,1.2874e+07
0,0,0,0,0,2.42027e+07,0,0,1.2874e+07
0,0,0,0,0,2.42076e+07,0,0,1.2874e+07
0,0,0,0,0,2.42126e+07,0,0,1.2874e+07
0,0,0,0,0,2.42176e+07,0,0,1.2874e+07
0,0,0,0,0,2.42225e+07,0,0,1.2874e+07
0,0,0,0,0,2.44495e+07,0,0,1.2874e+07
0,0,0,0,0,2.44545e+07,0,0,1.2874e+07
0,0,0,0,0,2.44595e+07,0,0,1.2874e+07
0,0,0,0,0,2.44645e+07,0,0,1.2874e+07
0,0,0,0,0,2.50539e+07,0,0,1.2874e+07
0,0,0,0,0,2.50591e+07,0,0,1.2874e+07
0,0,0,0,0,2.50642e+07,0,0,1.2874e+07
0,0,0,0,0,2.50693e+07,0,0,1.2874e+07
0,0,0,0,0,2.69898e+07,0,0,1.2874e+07
0,0,0,0,0,2.69954e+07,0,0,1.2874e+07
0,0,0,0,0,2.70009e+07,0,0,1.2874e+07
0,0,0,0,0,2.70064e+07,0,0,1.2874e+07
0,0,0,0,0,2.7012e+07,0,0,1.2874e+07
0,0,0,0,0,2.59546e+07,0,0,1.2874e+07
0,0,0,0,0,2.59599e+07,0,0,1.2874e+07
0,0,0,0,0,2.59652e+07,0,0,1.2874e+07
0,0,0,0,0,2.59705e+07,0,0,1.2874e+07
0,0,0,0,0,2.50443e+07,0,0,1.2874e+07
0,0,0,0,0,2.50494e+07,0,0,1.2874e+07
0,0,0,0,0,2.50545e+07,0,0,1.2874e+07
0,0,0,0,0,2.50596e+07,0,0,1.2874e+07
0,0,0,0,0,2.28672e+07,0,0,1.2874e+07
0,0,0,0,0,2.28719e+07,0,0,1.2874e+07
0,0,0,0,0,2.28766e+07,0,0,1.2874e+07
0,0,0,0,0,2.28813e+07,0,0,1.2874e+07
0,0,0,0,0,2.28859e+07,0,0,1.2874e+07
0,0,0,0,0,2.28859e+07,0,0,1.2874e+07
0,0,0,0,3.31186e-33,2.36188e+07,0,0,1.2874e+07
0,0,0,0,0,2.36234e+07,0,0,1.2874e+07
0,0,0,0,0,2.36281e+07,0,0,1.2874e+07
0,0,0,0,0,2.36327e+07,0,0,1.2874e+07
0,0,0,0,0,2.61728e+07,0,0,1.2874e+07
0,0,0,0,0,2.61779e+07,0,0,1.2874e+07
0,0,0,0,0,2.6183e+07,0,0,1.2874e+07
0,0,0,0,0,2.61882e+07,0,0,1.2874e+07
0,0,0,0,0,2.2688e+07,0,0,1.2874e+07
0,0,0,0,0,2.26924e+07,0,0,1.2874e+07
0,0,0,0,0,2.26969e+07,0,0,1.2874e+07
0,0,0,0,0,2.27013e+07,0,0,1.2874e+07
0,0,0,0,0,2.27058e+07,0,0,1.2874e+07
0,0,0,0,0,2.35806e+07,0,0,1.2874e+07
0,0,0,0,0,2.35852e+07,0,0,1.2874e+07
0,0,0,0,0,2.35898e+07,0,0,1.2874e+07
0,0,0,0,0,2.35945e+07,0,0,1.2874e+07
0,0,0,0,0,2.32597e+07,0,0,1.2874e+07
0,0,0,0,0,2.32642e+07,0,0,1.2874e+07
0,0,0,0,0,2.32688e+07,0,0,1.2874e+07
0,0,0,0,0,2.32734e+07,0,0,1.2874e+07
0,0,0,0,0,2.44572e+07,0,0,1.2874e+07
0,0,0,0,0,2.4462e+07,0,0,1.2874e+07
0,0,0,0,0,2.44668e+07,0,0,1.2874e+07
0,0,0,0,0,2.44716e+07,0,0,1.2874e+07
0,0,0,0,0,2.44764e+07,0,0,1.2874e+07
0,0,0,0,0,2.47055e+07,0,0,1.2874e+07
0,0,0,0,0,2.47103e+07,0,0,1.2874e+07
0,0,0,0,0,2.47152e+07,0,0,1.2874e+07
0,0,0,0,0,2.472e+07,0,0,1.2874e+07
0,0,0,0,0,2.53154e+07,0,0,1.2874e+07
0,0,0,0,0,2.53203e+07,0,0,1.2874e+07
0,0,0,0,0,2.53253e+07,0,0,1.2874e+07
0,0,0,0,0,2.53303e+07,0,0,1.2874e+07
0,0,0,0,0,2.72705e+07,0,0,1.2874e+07
0,0,0,0,0,2.72758e+07,0,0,1.2874e+07
0,0,0,0,0,2.72812e+07,0,0,1.2874e+07
0,0,0,0,0,2.72865e+07,0,0,1.2874e+07
0,0,0,0,0,2.72919e+07,0,0,1.2874e+07
0,0,0,0,0,2.62233e+07,0,0,1.2874e+07
0,0,0,0,0,2.62284e+07,0,0,1.2874e+07
0,0,0,0,0,2.62336e+07,0,0,1.2874e+07
0,0,0,0,0,2.62387e+07,0,0,1.2874e+07
0,0,0,0,0,2.53027e+07,0,0,1.2874e+07
0,0,0,0,0,2.53076e+07,0,0,1.2874e+07
0,0,0,0,0,2.53126e+07,0,0,1.2874e+07
0,0,0,0,0,2.53175e+07,0,0,1.2874e+07
0,0,0,0,0,2.31023e+07,0,0,1.2874e+07
0,0,0,0,0,2.31069e+07,0,0,1.2874e+07
0,0,0,0,0,2.31114e+07,0,0,1.2874e+07
0,0,0,0,0,2.31159e+07,0,0,1.2874e+07
0,0,0,0,0,2.31204e+07,0,0,1.2874e+07
0,0,0,0,3.31186e-33,2.38606e+07,0,0,1.2874e+07
0,0,0,0,3.31186e-33,2.38651e+07,0,0,1.2874e+07
0,0,0,0,0,2.38696e+07,0,0,1.2874e+07
0,0,0,0,0,2.3874e+07,0,0,1.2874e+07
0,0,0,0,0,2.64398e+07,0,0,1.2874e+07
0,0,0,0,0,2.64447e+07,0,0,1.2874e+07
0,0,0,0,0,2.64497e+07,0,0,1.2874e+07
0,0,0,0,0,2.64546e+07,0,0,1.2874e+07
0,0,0,0,0,2.29186e+07,0,0,1.2874e+07
0,0,0,0,0,2.29229e+07,0,0,1.2874e+07
0,0,0,0,0,2.29272e+07,0,0,1.2874e+07
0,0,0,0,0,2.29315e+07,0,0,1.2874e+07
0,0,0,0,0,2.29358e+07,0,0,1.2874e+07
0,0,0,0,0,2.38193e+07,0,0,1.2874e+07
0,0,0,0,0,2.38238e+07,0,0,1.2874e+07
0,0,0,0,0,2.38282e+07,0,0,1.2874e+07
0,0,0,0,0,2.38327e+07,0,0,1.2874e+07
0,0,0,0,0,2.34943e+07,0,0,1.2874e+07
0,0,0,0,0,2.34987e+07,0,0,1.2874e+07
0,0,0,0,0,2.35031e+07,0,0,1.2874e+07
0,0,0,0,0,2.35075e+07,0,0,1.2874e+07
0,0,0,0,0,2.4703e+07,0,0,1.2874e+07
0,0,0,0,0,2.47077e+07,0,0,1.2874e+07
0,0,0,0,0,2.47123e+07,0,0,1.2874e+07
0,0,0,0,0,2.47169e+07,0,0,1.2874e+07
0,0,0,0,0,2.47215e+07,0,0,1.2874e+07
0,0,0,0,0,2.49527e+07,0,0,1.2874e+07
0,0,0,0,0,2.49574e+07,0,0,1.2874e+07
0,0,0,0,0,2.49621e+07,0,0,1.2874e+07
0,0,0,0,0,2.49668e+07,0,0,1.2874e+07
0,0,0,0,0,2.55678e+07,0,0,1.2874e+07
0,0,0,0,0,2.55726e+07,0,0,1.2874e+07
0,0,0,0,0,2.55774e+07,0,0,1.2874e+07
0,0,0,0,0,2.55822e+07,0,0,1.2874e+07
0,0,0,0,0,2.75415e+07,0,0,1.2874e+07
0,0,0,0,0,2.75467e+07,0,0,1.2874e+07
0,0,0,0,0,2.75518e+07,0,0,1.2874e+07
0,0,0,0,0,2.7557e+07,0,0,1.2874e+07
0,0,0,0,0,2.75621e+07,0,0,1.2874e+07
0,0,0,0,0,2.64827e+07,0,0,1.2874e+07
0,0,0,0,0,2.64877e+07,0,0,1.2874e+07
0,0,0,0,0,2.64927e+07,0,0,1.2874e+07
0,0,0,0,0,2.64976e+07,0,0,1.2874e+07
0,0,0,0,0,2.55521e+07,0,0,1.2874e+07
0,0,0,0,0,2.55569e+07,0,0,1.2874e+07
0,0,0,0,0,2.55617e+07,0,0,1.2874e+07
0,0,0,0,0,2.55665e+07,0,0,1.2874e+07
0,0,0,0,0,2.33293e+07,0,0,1.2874e+07
0,0,0,0,0,2.33337e+07,0,0,1.2874e+07
0,0,0,0,0,2.3338e+07,0,0,1.2874e+07
0,0,0,0,0,2.33424e+07,0,0,1.2874e+07
0,0,0,0,0,2.33468e+07,0,0,1.2874e+07
0,0,0,0,0,2.4094e+07,0,0,1.2874e+07
0,0,0,0,0,2.40983e+07,0,0,1.2874e+07
0,0,0,0,0,2.41026e+07,0,0,1.2874e+07
0,0,0,0,0,2.41069e+07,0,0,1.2874e+07
0,0,0,0,0,2.66974e+07,0,0,1.2874e+07
0,0,0,0,0,2.67022e+07,0,0,1.2874e+07
0,0,0,0,0,2.6707e+07,0,0,1.2874e+07
0,0,0,0,0,2.67117e+07,0,0,1.2874e+07
0,0,0,0,0,2.31412e+07,0,0,1.2874e+07
0,0,0,0,0,2.31453e+07,0,0,1.2874e+07
0,0,0,0,0,2.31494e+07,0,0,1.2874e+07
0,0,0,0,0,2.31536e+07,0,0,1.2874e+07
0,0,0,0,0,2.31577e+07,0,0,1.2874e+07
0,0,0,0,0,2.40495e+07,0,0,1.2874e+07
0,0,0,0,0,2.40538e+07,0,0,1.2874e+07
0,0,0,0,0,2.40581e+07,0,0,1.2874e+07
0,0,0,0,0,2.40624e+07,0,0,1.2874e+07
0,0,0,0,0,2.37206e+07,0,0,1.2874e+07
0,0,0,0,0,2.37248e+07,0,0,1.2874e+07
0,0,0,0,0,2.37291e+07,0,0,1.2874e+07
0,0,0,0,0,2.37333e+07,0,0,1.2874e+07
0,0,0,0,0,2.49401e+07,0,0,1.2874e+07
0,0,0,0,0,2.49446e+07,0,0,1.2874e+07
0,0,0,0,0,2.4949e+07,0,0,1.2874e+07
0,0,0,0,0,2.49535e+07,0,0,1.2874e+07
0,0,0,0,0,2.49579e+07,0,0,1.2874e+07
0,0,0,0,0,2.51911e+07,0,0,1.2874e+07
0,0,0,0,0,2.51956e+07,0,0,1.2874e+07
0,0,0,0,0,2.52001e+07,0,0,1.2874e+07
0,0,0,0,0,2.52046e+07,0,0,1.2874e+07
0,0,0,0,0,2.58112e+07,0,0,1.2874e+07
0,0,0,0,0,2.58158e+07,0,0,1.2874e+07
0,0,0,0,0,2.58204e+07,0,0,1.2874e+07
0,0,0,0,0,2.5825e+07,0,0,1.2874e+07
0,0,0,0,0,2.78027e+07,0,0,1.2874e+07
0,0,0,0,0,2.78077e+07,0,0,1.2874e+07
0,0,0,0,0,2.78126e+07,0,0,1.2874e+07
0,0,0,0,0,2.78176e+07,0,0,1.2874e+07
0,0,0,0,0,2.78226e+07,0,0,1.2874e+07
0,0,0,0,0,2.67327e+07,0,0,1.2874e+07
0,0,0,0,0,2.67375e+07,0,0,1.2874e+07
0,0,0,0,0,2.67423e+07,0,0,1.2874e+07
0,0,0,0,0,2.67471e+07,0,0,1.2874e+07
0,0,0,0,0,2.57924e+07,0,0,1.2874e+07
0,0,0,0,0,2.5797e+07,0,0,1.2874e+07
0,0,0,0,0,2.58016e+07,0,0,1.2874e+07
0,0,0,0,0,2.58063e+07,0,0,1.2874e+07
0,0,0,0,0,2.35479e+07,0,0,1.2874e+07
0,0,0,0,0,2.35521e+07,0,0,1.2874e+07
0,0,0,0,0,2.35563e+07,0,0,1.2874e+07
0,0,0,0,0,2.4552e+07,-637311,637311,1.2874e+07
0,0,0,0,0,2.45552e+07,-636631,636631,1.2874e+07
0,0,0,0,0,2.53081e+07,-635951,635951,1.2874e+07
0,0,0,0,0,2.51194e+07,-512034,512034,1.2874e+07
0,0,0,0,0,2.51225e+07,-511364,511364,1.2874e+07
0,0,0,0,0,2.51256e+07,-510695,510695,1.2874e+07
0,0,0,0,0,2.7739e+07,-510025,510025,1.2874e+07
0,0,0,0,0,2.70222e+07,-46354.4,46354.4,1.2874e+07
0,0,0,0,0,2.70256e+07,-45606.1,45606.1,1.2874e+07
0,0,0,0,0,2.7029e+07,-44857.3,44857.3,1.2874e+07
0,0,0,0,0,2.33554e+07,0,0,1.2874e+07
0,0,0,0,0,2.33593e+07,0,0,1.2874e+07
0,0,0,0,0,2.43971e+07,-664492,664492,1.2874e+07
0,0,0,0,0,2.33673e+07,0,0,1.2874e+07
0,0,0,0,0,2.33713e+07,0,0,1.2874e+07
0,0,0,0,0,2.42711e+07,0,0,1.2874e+07
0,0,0,0,0,2.42752e+07,0,0,1.2874e+07
0,0,0,0,0,2.42794e+07,0,0,1.2874e+07
0,0,0,0,0,2.42835e+07,0,0,1.2874e+07
0,0,0,0,0,2.39383e+07,0,0,1.2874e+07
0,0,0,0,0,2.39424e+07,0,0,1.2874e+07
0,0,0,0,0,2.39464e+07,0,0,1.2874e+07
0,0,0,0,0,2.39505e+07,0,0,1.2874e+07
0,0,0,0,0,2.51681e+07,0,0,1.2874e+07
0,0,0,0,0,2.51724e+07,0,0,1.2874e+07
0,0,0,0,0,2.51767e+07,0,0,1.2874e+07
0,0,0,0,0,2.51809e+07,0,0,1.2874e+07
0,0,0,0,0,2.51852e+07,0,0,1.2874e+07
0,0,0,0,0,2.54203e+07,0,0,1.2874e+07
0,0,0,0,0,2.54246e+07,0,0,1.2874e+07
0,0,0,0,0,2.54289e+07,0,0,1.2874e+07
0,0,0,0,0,2.54333e+07,0,0,1.2874e+07
0,0,0,0,0,2.60451e+07,0,0,1.2874e+07
0,0,0,0,0,2.60495e+07,0,0,1.2874e+07
0,0,0,0,0,2.6054e+07,0,0,1.2874e+07
0,0,0,0,0,2.60584e+07,0,0,1.2874e+07
0,0,0,0,0,2.80537e+07,0,0,1.2874e+07
0,0,0,0,0,2.80585e+07,0,0,1.2874e+07
0,0,0,0,0,2.80632e+07,0,0,1.2874e+07
0,0,0,0,0,2.8068e+07,0,0,1.2874e+07
0,0,0,0,0,2.80728e+07,0,0,1.2874e+07
0,0,0,0,0,2.69729e+07,0,0,1.2874e+07
0,0,0,0,0,2.69775e+07,0,0,1.2874e+07
0,0,0,0,0,2.69821e+07,0,0,1.2874e+07
0,0,0,0,0,2.69866e+07,0,0,1.2874e+07
0,0,0,0,0,2.60232e+07,0,0,1.2874e+07
0,0,0,0,0,2.60277e+07,0,0,1.2874e+07
0,0,0,0,0,2.60321e+07,0,0,1.2874e+07
0,0,0,0,0,2.60365e+07,0,0,1.2874e+07
0,0,0,0,0,2.37578e+07,0,0,1.2874e+07
0,0,0,0,0,2.37618e+07,0,0,1.2874e+07
0,0,0,0,0,2.37659e+07,0,0,1.2874e+07
0,0,0,0,0,2.37699e+07,0,0,1.2874e+07
0,0,0,0,0,2.37739e+07,0,0,1.2874e+07
0,0,0,0,0,2.45344e+07,0,0,1.2874e+07
0,0,0,0,0,2.45383e+07,0,0,1.2874e+07
0,0,0,0,0,2.52836e+07,-476490,476490,1.2874e+07
0,0,0,0,0,2.52866e+07,-475850,475850,1.2874e+07
0,0,0,0,0,2.79229e+07,-475209,475209,1.2874e+07
0,0,0,0,0,2.71995e+07,-7477.45,7477.45,1.2874e+07
0,0,0,0,0,2.72028e+07,-6761.19,6761.19,1.2874e+07
0,0,0,0,0,2.72061e+07,-6044.94,6044.94,1.2874e+07
0,0,0,0,0,2.35691e+07,-5328.69,5328.69,1.2874e+07
0,0,0,0,0,2.45477e+07,-631858,631858,1.2874e+07
0,0,0,0,0,2.45506e+07,-631243,631243,1.2874e+07
0,0,0,0,0,2.45534e+07,-630627,630627,1.2874e+07
0,0,0,0,0,2.45562e+07,-630012,630012,1.2874e+07
0,0,0,0,0,2.54628e+07,-629396,629396,1.2874e+07
0,0,0,0,0,2.52269e+07,-475209,475209,1.2874e+07
0,0,0,0,0,2.44915e+07,0,0,1.2874e+07
0,0,0,0,0,2.44954e+07,0,0,1.2874e+07
0,0,0,0,0,2.4147e+07,0,0,1.2874e+07
0,0,0,0,0,2.41509e+07,0,0,1.2874e+07
0,0,0,0,0,2.41548e+07,0,0,1.2874e+07
0,0,0,0,0,2.41587e+07,0,0,1.2874e+07
0,0,0,0,0,2.53866e+07,0,0,1.2874e+07
0,0,0,0,0,2.53907e+07,0,0,1.2874e+07
0,0,0,0,0,2.53948e+07,0,0,1.2874e+07
0,0,0,0,0,2.53989e+07,0,0,1.2874e+07
0,0,0,0,0,2.5403e+07,0,0,1.2874e+07
0,0,0,0,0,2.56399e+07,0,0,1.2874e+07
0,0,0,0,0,2.5644e+07,0,0,1.2874e+07
0,0,0,0,0,2.56482e+07,0,0,1.2874e+07
0,0,0,0,0,2.56523e+07,0,0,1.2874e+07
0,0,0,0,0,2.62692e+07,0,0,1.2874e+07
0,0,0,0,0,2.64159e+07,-91551.2,91551.2,1.2874e+07
0,0,0,0,0,2.6419e+07,-90849.2,90849.2,1.2874e+07
0,0,0,0,0,2.64222e+07,-90147.1,90147.1,1.2874e+07
0,0,0,0,0,2.84332e+07,-89444.6,89444.6,1.2874e+07
0,0,0,0,0,2.82986e+07,0,0,1.2874e+07
0,0,0,0,0,2.83032e+07,0,0,1.2874e+07
0,0,0,0,0,2.83078e+07,0,0,1.2874e+07
0,0,0,0,0,2.83123e+07,0,0,1.2874e+07
0,0,0,0,0,2.72028e+07,0,0,1.2874e+07
0,0,0,0,0,2.72072e+07,0,0,1.2874e+07
0,0,0,0,0,2.72116e+07,0,0,1.2874e+07
0,0,0,0,0,2.7216e+07,0,0,1.2874e+07
0,0,0,0,0,2.62441e+07,0,0,1.2874e+07
0,0,0,0,0,2.64698e+07,-142335,142335,1.2874e+07
0,0,0,0,0,2.6473e+07,-141642,141642,1.2874e+07
0,0,0,0,0,2.64761e+07,-140948,140948,1.2874e+07
0,0,0,0,0,2.41768e+07,-140254,140254,1.2874e+07
0,0,0,0,0,2.48528e+07,-572243,572243,1.2874e+07
0,0,0,0,0,2.48557e+07,-571619,571619,1.2874e+07
0,0,0,0,0,2.48586e+07,-570995,570995,1.2874e+07
0,0,0,0,0,2.48615e+07,-570370,570370,1.2874e+07
0,0,0,0,0,2.56271e+07,-569746,569746,1.2874e+07
0,0,0,0,0,2.54349e+07,-443746,443746,1.2874e+07
0,0,0,0,0,2.54377e+07,-443135,443135,1.2874e+07
0,0,0,0,0,2.54405e+07,-442524,442524,1.2874e+07
0,0,0,0,0,2.80987e+07,-441913,441913,1.2874e+07
0,0,0,0,0,2.74153e+07,0,0,1.2874e+07
0,0,0,0,0,2.74195e+07,0,0,1.2874e+07
0,0,0,0,0,2.74237e+07,0,0,1.2874e+07
0,0,0,0,0,2.37573e+07,0,0,1.2874e+07
0,0,0,0,0,2.46945e+07,-600042,600042,1.2874e+07
0,0,0,0,0,2.46972e+07,-599455,599455,1.2874e+07
0,0,0,0,0,2.46999e+07,-598868,598868,1.2874e+07
0,0,0,0,0,2.47027e+07,-598281,598281,1.2874e+07
0,0,0,0,0,2.56166e+07,-597693,597693,1.2874e+07
0,0,0,0,0,2.53785e+07,-442260,442260,1.2874e+07
0,0,0,0,0,2.53813e+07,-441649,441649,1.2874e+07
0,0,0,0,0,2.53842e+07,-441038,441038,1.2874e+07
0,0,0,0,0,2.50317e+07,-440427,440427,1.2874e+07
0,0,0,0,0,2.43502e+07,0,0,1.2874e+07
0,0,0,0,0,2.43539e+07,0,0,1.2874e+07
0,0,0,0,0,2.43576e+07,0,0,1.2874e+07
0,0,0,0,0,2.55955e+07,0,0,1.2874e+07
0,0,0,0,0,2.55994e+07,0,0,1.2874e+07
0,0,0,0,0,2.56033e+07,0,0,1.2874e+07
0,0,0,0,0,2.56072e+07,0,0,1.2874e+07
0,0,0,0,0,2.56111e+07,0,0,1.2874e+07
0,0,0,0,0,2.58497e+07,0,0,1.2874e+07
0,0,0,0,0,2.58536e+07,0,0,1.2874e+07
0,0,0,0,0,2.58576e+07,0,0,1.2874e+07
0,0,0,0,0,2.58615e+07,0,0,1.2874e+07
0,0,0,0,0,2.64832e+07,0,0,1.2874e+07
0,0,0,0,0,2.64873e+07,0,0,1.2874e+07
0,0,0,0,0,2.65775e+07,-55397.9,55397.9,1.2874e+07
0,0,0,0,0,2.64953e+07,0,0,1.2874e+07
0,0,0,0,0,2.85236e+07,0,0,1.2874e+07
0,0,0,0,0,2.85279e+07,0,0,1.2874e+07
0,0,0,0,0,2.85323e+07,0,0,1.2874e+07
0,0,0,0,0,2.85366e+07,0,0,1.2874e+07
0,0,0,0,0,2.8541e+07,0,0,1.2874e+07
0,0,0,0,0,2.74223e+07,0,0,1.2874e+07
0,0,0,0,0,2.74265e+07,0,0,1.2874e+07
0,0,0,0,0,2.74306e+07,0,0,1.2874e+07
0,0,0,0,0,2.74348e+07,0,0,1.2874e+07
0,0,0,0,0,2.6455e+07,0,0,1.2874e+07
0,0,0,0,0,2.66266e+07,-107755,107755,1.2874e+07
0,0,0,0,0,2.6463e+07,0,0,1.2874e+07
0,0,0,0,0,2.64671e+07,0,0,1.2874e+07
0,0,0,0,0,2.41502e+07,0,0,1.2874e+07
0,0,0,0,0,2.41539e+07,0,0,1.2874e+07
0,0,0,0,0,2.49988e+07,-540656,540656,1.2874e+07
0,0,0,0,0,2.50015e+07,-540060,540060,1.2874e+07
0,0,0,0,0,2.4165e+07,0,0,1.2874e+07
0,0,0,0,0,2.4165e+07,0,0,1.2874e+07
0,0,0,0,0,2.49375e+07,0,0,1.2874e+07
0,0,0,0,0,2.49411e+07,0,0,1.2874e+07
0,0,0,0,0,2.49447e+07,0,0,1.2874e+07
0,0,0,0,0,2.49483e+07,0,0,1.2874e+07
0,0,0,0,0,2.76283e+07,0,0,1.2874e+07
0,0,0,0,0,2.76322e+07,0,0,1.2874e+07
0,0,0,0,0,2.76362e+07,0,0,1.2874e+07
0,0,0,0,0,2.76402e+07,0,0,1.2874e+07
0,0,0,0,0,2.39447e+07,0,0,1.2874e+07
0,0,0,0,0,2.39481e+07,0,0,1.2874e+07
0,0,0,0,0,2.39516e+07,0,0,1.2874e+07
0,0,0,0,0,2.3955e+07,0,0,1.2874e+07
0,0,0,0,0,2.39585e+07,0,0,1.2874e+07
0,0,0,0,0,2.48803e+07,0,0,1.2874e+07
0,0,0,0,0,2.48839e+07,0,0,1.2874e+07
0,0,0,0,0,2.48875e+07,0,0,1.2874e+07
0,0,0,0,0,2.4891e+07,0,0,1.2874e+07
0,0,0,0,0,2.45366e+07,0,0,1.2874e+07
0,0,0,0,0,2.45401e+07,0,0,1.2874e+07
0,0,0,0,0,2.45436e+07,0,0,1.2874e+07
0,0,0,0,0,2.45472e+07,0,0,1.2874e+07
0,0,0,0,0,2.57944e+07,0,0,1.2874e+07
0,0,0,0,0,2.57981e+07,0,0,1.2874e+07
0,0,0,0,0,2.58019e+07,0,0,1.2874e+07
0,0,0,0,0,2.58056e+07,0,0,1.2874e+07
0,0,0,0,0,2.58093e+07,0,0,1.2874e+07
0,0,0,0,0,2.60495e+07,0,0,1.2874e+07
0,0,0,0,0,2.60533e+07,0,0,1.2874e+07
0,0,0,0,0,2.6057e+07,0,0,1.2874e+07
0,0,0,0,0,2.60608e+07,0,0,1.2874e+07
0,0,0,0,0,2.6687e+07,0,0,1.2874e+07
0,0,0,0,0,2.66909e+07,0,0,1.2874e+07
0,0,0,0,0,2.66947e+07,0,0,1.2874e+07
0,0,0,0,0,2.66986e+07,0,0,1.2874e+07
0,0,0,0,0,2.87421e+07,0,0,1.2874e+07
0,0,0,0,0,2.87463e+07,0,0,1.2874e+07
0,0,0,0,0,2.87504e+07,0,0,1.2874e+07
0,0,0,0,0,2.87545e+07,0,0,1.2874e+07
0,0,0,0,0,2.87587e+07,0,0,1.2874e+07
0,0,0,0,0,2.76312e+07,0,0,1.2874e+07
0,0,0,0,0,2.76352e+07,0,0,1.2874e+07
0,0,0,0,0,2.76392e+07,0,0,1.2874e+07
0,0,0,0,0,2.76431e+07,0,0,1.2874e+07
0,0,0,0,0,2.66556e+07,0,0,1.2874e+07
0,0,0,0,0,2.67759e+07,-74842.1,74842.1,1.2874e+07
0,0,0,0,0,2.67787e+07,-74213,74213,1.2874e+07
0,0,0,0,0,2.67816e+07,-73583.4,73583.4,1.2874e+07
0,0,0,0,0,2.44461e+07,-72953.9,72953.9,1.2874e+07
0,0,0,0,0,2.51323e+07,-511761,511761,1.2874e+07
0,0,0,0,0,2.51349e+07,-511195,511195,1.2874e+07
0,0,0,0,0,2.51375e+07,-510628,510628,1.2874e+07
0,0,0,0,0,2.51402e+07,-510061,510061,1.2874e+07
0,0,0,0,0,2.59174e+07,-509495,509495,1.2874e+07
0,0,0,0,0,2.57218e+07,-381607,381607,1.2874e+07
0,0,0,0,0,2.57244e+07,-381055,381055,1.2874e+07
0,0,0,0,0,2.57269e+07,-380504,380504,1.2874e+07
0,0,0,0,0,2.84259e+07,-379953,379953,1.2874e+07
0,0,0,0,0,2.78385e+07,0,0,1.2874e+07
0,0,0,0,0,2.78423e+07,0,0,1.2874e+07
0,0,0,0,0,2.78461e+07,0,0,1.2874e+07
0,0,0,0,0,2.41228e+07,0,0,1.2874e+07
0,0,0,0,0,2.49676e+07,-540860,540860,1.2874e+07
0,0,0,0,0,2.41293e+07,0,0,1.2874e+07
0,0,0,0,0,2.41326e+07,0,0,1.2874e+07
0,0,0,0,0,2.41359e+07,0,0,1.2874e+07
0,0,0,0,0,2.50643e+07,0,0,1.2874e+07
0,0,0,0,0,2.56605e+07,-380997,380997,1.2874e+07
0,0,0,0,0,2.5663e+07,-380446,380446,1.2874e+07
0,0,0,0,0,2.56656e+07,-379894,379894,1.2874e+07
0,0,0,0,0,2.53074e+07,-379343,379343,1.2874e+07
0,0,0,0,0,2.54049e+07,-439884,439884,1.2874e+07
0,0,0,0,0,2.54075e+07,-439341,439341,1.2874e+07
0,0,0,0,0,2.541e+07,-438798,438798,1.2874e+07
0,0,0,0,0,2.66653e+07,-438255,438255,1.2874e+07
0,0,0,0,0,2.63307e+07,-220940,220940,1.2874e+07
0,0,0,0,0,2.59905e+07,0,0,1.2874e+07
0,0,0,0,0,2.5994e+07,0,0,1.2874e+07
0,0,0,0,0,2.59976e+07,0,0,1.2874e+07
0,0,0,0,0,2.62393e+07,0,0,1.2874e+07
0,0,0,0,0,2.62429e+07,0,0,1.2874e+07
0,0,0,0,0,2.62464e+07,0,0,1.2874e+07
0,0,0,0,0,2.625e+07,0,0,1.2874e+07
0,0,0,0,0,2.70316e+07,-97084.3,97084.3,1.2874e+07
0,0,0,0,0,2.68842e+07,0,0,1.2874e+07
0,0,0,0,0,2.68878e+07,0,0,1.2874e+07
0,0,0,0,0,2.68915e+07,0,0,1.2874e+07
0,0,0,0,0,2.89496e+07,0,0,1.2874e+07
0,0,0,0,0,2.89535e+07,0,0,1.2874e+07
0,0,0,0,0,2.89574e+07,0,0,1.2874e+07
0,0,0,0,0,2.89614e+07,0,0,1.2874e+07
0,0,0,0,0,2.89653e+07,0,0,1.2874e+07
0,0,0,0,0,2.78295e+07,0,0,1.2874e+07
0,0,0,0,0,2.78332e+07,0,0,1.2874e+07
0,0,0,0,0,2.7837e+07,0,0,1.2874e+07
0,0,0,0,0,2.78408e+07,0,0,1.2874e+07
0,0,0,0,0,2.6846e+07,0,0,1.2874e+07
0,0,0,0,0,2.69175e+07,-43619,43619,1.2874e+07
0,0,0,0,0,2.69202e+07,-43022.3,43022.3,1.2874e+07
0,0,0,0,0,2.69229e+07,-42425.6,42425.6,1.2874e+07
0,0,0,0,0,2.45706e+07,-41828.9,41828.9,1.2874e+07
0,0,0,0,0,2.52615e+07,-483791,483791,1.2874e+07
0,0,0,0,0,2.5264e+07,-483255,483255,1.2874e+07
0,0,0,0,0,2.52665e+07,-482718,482718,1.2874e+07
0,0,0,0,0,2.5269e+07,-482181,482181,1.2874e+07
0,0,0,0,0,2.60515e+07,-481643,481643,1.2874e+07
0,0,0,0,0,2.58544e+07,-352886,352886,1.2874e+07
0,0,0,0,0,2.58568e+07,-352365,352365,1.2874e+07
0,0,0,0,0,2.58593e+07,-351845,351845,1.2874e+07
0,0,0,0,0,2.8577e+07,-351324,351324,1.2874e+07
0,0,0,0,0,2.8034e+07,0,0,1.2874e+07
0,0,0,0,0,2.80375e+07,0,0,1.2874e+07
0,0,0,0,0,2.80411e+07,0,0,1.2874e+07
0,0,0,0,0,2.42916e+07,0,0,1.2874e+07
0,0,0,0,0,2.42947e+07,0,0,1.2874e+07
0,0,0,0,0,2.42977e+07,0,0,1.2874e+07
0,0,0,0,0,2.43008e+07,0,0,1.2874e+07
0,0,0,0,0,2.43039e+07,0,0,1.2874e+07
0,0,0,0,0,2.52386e+07,0,0,1.2874e+07
0,0,0,0,0,2.52418e+07,0,0,1.2874e+07
0,0,0,0,0,2.5245e+07,0,0,1.2874e+07
0,0,0,0,0,2.52482e+07,0,0,1.2874e+07
0,0,0,0,0,2.48882e+07,0,0,1.2874e+07
0,0,0,0,0,2.48914e+07,0,0,1.2874e+07
0,0,0,0,0,2.48946e+07,0,0,1.2874e+07
0,0,0,0,0,2.48977e+07,0,0,1.2874e+07
0,0,0,0,0,2.61623e+07,0,0,1.2874e+07
0,0,0,0,0,2.61657e+07,0,0,1.2874e+07
0,0,0,0,0,2.6169e+07,0,0,1.2874e+07
0,0,0,0,0,2.61723e+07,0,0,1.2874e+07
0,0,0,0,0,2.61756e+07,0,0,1.2874e+07
0,0,0,0,0,2.64188e+07,0,0,1.2874e+07
0,0,0,0,0,2.64222e+07,0,0,1.2874e+07
0,0,0,0,0,2.64255e+07,0,0,1.2874e+07
0,0,0,0,0,2.64289e+07,0,0,1.2874e+07
0,0,0,0,0,2.70635e+07,0,0,1.2874e+07
0,0,0,0,0,2.7067e+07,0,0,1.2874e+07
0,0,0,0,0,2.70704e+07,0,0,1.2874e+07
0,0,0,0,0,2.70739e+07,0,0,1.2874e+07
0,0,0,0,0,2.91457e+07,0,0,1.2874e+07
0,0,0,0,0,2.91494e+07,0,0,1.2874e+07
0,0,0,0,0,2.91531e+07,0,0,1.2874e+07
0,0,0,0,0,2.91568e+07,0,0,1.2874e+07
0,0,0,0,0,2.91605e+07,0,0,1.2874e+07
0,0,0,0,0,2.80168e+07,0,0,1.2874e+07
0,0,0,0,0,2.80203e+07,0,0,1.2874e+07
0,0,0,0,0,2.80239e+07,0,0,1.2874e+07
0,0,0,0,0,2.80274e+07,0,0,1.2874e+07
0,0,0,0,0,2.70257e+07,0,0,1.2874e+07
0,0,0,0,0,2.70292e+07,0,0,1.2874e+07
0,0,0,0,0,2.70326e+07,0,0,1.2874e+07
0,0,0,0,0,2.7036e+07,0,0,1.2874e+07
0,0,0,0,0,2.46688e+07,0,0,1.2874e+07
0,0,0,0,0,2.46719e+07,0,0,1.2874e+07
0,0,0,0,0,2.4675e+07,0,0,1.2874e+07
0,0,0,0,0,2.46782e+07,0,0,1.2874e+07
0,0,0,0,0,2.46813e+07,0,0,1.2874e+07
0,0,0,0,0,2.54697e+07,0,0,1.2874e+07
0,0,0,0,0,2.54727e+07,0,0,1.2874e+07
0,0,0,0,0,2.54757e+07,0,0,1.2874e+07
0,0,0,0,0,2.54787e+07,0,0,1.2874e+07
0,0,0,0,0,2.8215e+07,0,0,1.2874e+07
0,0,0,0,0,2.82184e+07,0,0,1.2874e+07
0,0,0,0,0,2.82217e+07,0,0,1.2874e+07
0,0,0,0,0,2.8225e+07,0,0,1.2874e+07
0,0,0,0,0,2.44507e+07,0,0,1.2874e+07
0,0,0,0,0,2.44536e+07,0,0,1.2874e+07
0,0,0,0,0,2.44565e+07,0,0,1.2874e+07
0,0,0,0,0,2.44594e+07,0,0,1.2874e+07
0,0,0,0,0,2.44623e+07,0,0,1.2874e+07
0,0,0,0,0,2.54029e+07,0,0,1.2874e+07
0,0,0,0,0,2.54059e+07,0,0,1.2874e+07
0,0,0,0,0,2.54089e+07,0,0,1.2874e+07
0,0,0,0,0,2.54119e+07,0,0,1.2874e+07
0,0,0,0,0,2.50494e+07,0,0,1.2874e+07
0,0,0,0,0,2.50523e+07,0,0,1.2874e+07
0,0,0,0,0,2.50553e+07,0,0,1.2874e+07
0,0,0,0,0,2.50583e+07,0,0,1.2874e+07
0,0,0,0,0,2.63308e+07,0,0,1.2874e+07
0,0,0,0,0,2.6334e+07,0,0,1.2874e+07
0,0,0,0,0,2.63371e+07,0,0,1.2874e+07
0,0,0,0,0,2.63402e+07,0,0,1.2874e+07
0,0,0,0,0,2.63433e+07,0,0,1.2874e+07
0,0,0,0,0,2.65879e+07,0,0,1.2874e+07
0,0,0,0,0,2.6591e+07,0,0,1.2874e+07
0,0,0,0,0,2.65942e+07,0,0,1.2874e+07
0,0,0,0,0,2.65973e+07,0,0,1.2874e+07
0,0,0,0,0,2.72358e+07,0,0,1.2874e+07
0,0,0,0,0,2.7239e+07,0,0,1.2874e+07
0,0,0,0,0,2.72422e+07,0,0,1.2874e+07
0,0,0,0,0,2.72455e+07,0,0,1.2874e+07
0,0,0,0,0,2.93302e+07,0,0,1.2874e+07
0,0,0,0,0,2.93336e+07,0,0,1.2874e+07
0,0,0,0,0,2.93371e+07,0,0,1.2874e+07
0,0,0,0,0,2.93406e+07,0,0,1.2874e+07
0,0,0,0,0,2.93441e+07,0,0,1.2874e+07
0,0,0,0,0,2.81929e+07,0,0,1.2874e+07
0,0,0,0,0,2.81963e+07,0,0,1.2874e+07
0,0,0,0,0,2.81996e+07,0,0,1.2874e+07
0,0,0,0,0,2.8203e+07,0,0,1.2874e+07
0,0,0,0,0,2.71947e+07,0,0,1.2874e+07
0,0,0,0,0,2.7198e+07,0,0,1.2874e+07
0,0,0,0,0,2.72012e+07,0,0,1.2874e+07
0,0,0,0,0,2.72044e+07,0,0,1.2874e+07
0,0,0,0,0,2.48222e+07,0,0,1.2874e+07
0,0,0,0,0,2.54982e+07,-432572,432572,1.2874e+07
0,0,0,0,0,2.55004e+07,-432096,432096,1.2874e+07
0,0,0,0,0,2.55026e+07,-431620,431620,1.2874e+07
0,0,0,0,0,2.55048e+07,-431144,431144,1.2874e+07
0,0,0,0,0,2.62971e+07,-430668,430668,1.2874e+07
0,0,0,0,0,2.60971e+07,-300324,300324,1.2874e+07
0,0,0,0,0,2.60992e+07,-299865,299865,1.2874e+07
0,0,0,0,0,2.56355e+07,0,0,1.2874e+07
0,0,0,0,0,2.83884e+07,0,0,1.2874e+07
0,0,0,0,0,2.83915e+07,0,0,1.2874e+07
0,0,0,0,0,2.83947e+07,0,0,1.2874e+07
0,0,0,0,0,2.83978e+07,0,0,1.2874e+07
0,0,0,0,0,2.46002e+07,0,0,1.2874e+07
0,0,0,0,0,2.46029e+07,0,0,1.2874e+07
0,0,0,0,0,2.46056e+07,0,0,1.2874e+07
0,0,0,0,0,2.46083e+07,0,0,1.2874e+07
0,0,0,0,0,2.4611e+07,0,0,1.2874e+07
0,0,0,0,0,2.55571e+07,0,0,1.2874e+07
0,0,0,0,0,2.55599e+07,0,0,1.2874e+07
0,0,0,0,0,2.55627e+07,0,0,1.2874e+07
0,0,0,0,0,2.55656e+07,0,0,1.2874e+07
0,0,0,0,0,2.52006e+07,0,0,1.2874e+07
0,0,0,0,0,2.52034e+07,0,0,1.2874e+07
0,0,0,0,0,2.52062e+07,0,0,1.2874e+07
0,0,0,0,0,2.5209e+07,0,0,1.2874e+07
0,0,0,0,0,2.6489e+07,0,0,1.2874e+07
0,0,0,0,0,2.64919e+07,0,0,1.2874e+07
0,0,0,0,0,2.64948e+07,0,0,1.2874e+07
0,0,0,0,0,2.64978e+07,0,0,1.2874e+07
0,0,0,0,0,2.65007e+07,0,0,1.2874e+07
0,0,0,0,0,2.67465e+07,0,0,1.2874e+07
0,0,0,0,0,2.67494e+07,0,0,1.2874e+07
0,0,0,0,0,2.67524e+07,0,0,1.2874e+07
0,0,0,0,0,2.67553e+07,0,0,1.2874e+07
0,0,0,0,0,2.73974e+07,0,0,1.2874e+07
0,0,0,0,0,2.74004e+07,0,0,1.2874e+07
0,0,0,0,0,2.74034e+07,0,0,1.2874e+07
0,0,0,0,0,2.74064e+07,0,0,1.2874e+07
0,0,0,0,0,2.95032e+07,0,0,1.2874e+07
0,0,0,0,0,2.95064e+07,0,0,1.2874e+07
0,0,0,0,0,2.95097e+07,0,0,1.2874e+07
0,0,0,0,0,2.9513e+07,0,0,1.2874e+07
0,0,0,0,0,2.95162e+07,0,0,1.2874e+07
0,0,0,0,0,2.83581e+07,0,0,1.2874e+07
0,0,0,0,0,2.83612e+07,0,0,1.2874e+07
0,0,0,0,0,2.83644e+07,0,0,1.2874e+07
0,0,0,0,0,2.83675e+07,0,0,1.2874e+07
0,0,0,0,0,2.73532e+07,0,0,1.2874e+07
0,0,0,0,0,2.73562e+07,0,0,1.2874e+07
0,0,0,0,0,2.73592e+07,0,0,1.2874e+07
0,0,0,0,0,2.73622e+07,0,0,1.2874e+07
0,0,0,0,0,2.4966e+07,0,0,1.2874e+07
0,0,0,0,0,2.49688e+07,0,0,1.2874e+07
0,0,0,0,0,2.49715e+07,0,0,1.2874e+07
0,0,0,0,0,2.49743e+07,0,0,1.2874e+07
0,0,0,0,0,2.4977e+07,0,0,1.2874e+07
0,0,0,0,0,2.57744e+07,0,0,1.2874e+07
0,0,0,0,0,2.57771e+07,0,0,1.2874e+07
0,0,0,0,0,2.57797e+07,0,0,1.2874e+07
0,0,0,0,0,2.57824e+07,0,0,1.2874e+07
0,0,0,0,0,2.85508e+07,0,0,1.2874e+07
0,0,0,0,0,2.85537e+07,0,0,1.2874e+07
0,0,0,0,0,2.85566e+07,0,0,1.2874e+07
0,0,0,0,0,2.85596e+07,0,0,1.2874e+07
0,0,0,0,0,2.47401e+07,0,0,1.2874e+07
0,0,0,0,0,2.47426e+07,0,0,1.2874e+07
0,0,0,0,0,2.47452e+07,0,0,1.2874e+07
0,0,0,0,0,2.47477e+07,0,0,1.2874e+07
0,0,0,0,0,2.47502e+07,0,0,1.2874e+07
0,0,0,0,0,2.57014e+07,0,0,1.2874e+07
0,0,0,0,0,2.57041e+07,0,0,1.2874e+07
0,0,0,0,0,2.57067e+07,0,0,1.2874e+07
0,0,0,0,0,2.57094e+07,0,0,1.2874e+07
0,0,0,0,0,2.53422e+07,0,0,1.2874e+07
0,0,0,0,0,2.53448e+07,0,0,1.2874e+07
0,0,0,0,0,2.53474e+07,0,0,1.2874e+07
0,0,0,0,0,2.535e+07,0,0,1.2874e+07
0,0,0,0,0,2.66369e+07,0,0,1.2874e+07
0,0,0,0,0,2.66397e+07,0,0,1.2874e+07
0,0,0,0,0,2.66424e+07,0,0,1.2874e+07
0,0,0,0,0,2.66451e+07,0,0,1.2874e+07
0,0,0,0,0,2.66478e+07,0,0,1.2874e+07
0,0,0,0,0,2.68948e+07,0,0,1.2874e+07
0,0,0,0,0,2.68975e+07,0,0,1.2874e+07
0,0,0,0,0,2.69003e+07,0,0,1.2874e+07
0,0,0,0,0,2.6903e+07,0,0,1.2874e+07
0,0,0,0,0,2.75484e+07,0,0,1.2874e+07
0,0,0,0,0,2.75512e+07,0,0,1.2874e+07
0,0,0,0,0,2.7554e+07,0,0,1.2874e+07
0,0,0,0,0,2.75569e+07,0,0,1.2874e+07
0,0,0,0,0,2.96649e+07,0,0,1.2874e+07
0,0,0,0,0,2.96679e+07,0,0,1.2874e+07
0,0,0,0,0,2.9671e+07,0,0,1.2874e+07
0,0,0,0,0,2.9674e+07,0,0,1.2874e+07
0,0,0,0,0,2.96771e+07,0,0,1.2874e+07
0,0,0,0,0,2.85124e+07,0,0,1.2874e+07
0,0,0,0,0,2.85153e+07,0,0,1.2874e+07
0,0,0,0,0,2.85183e+07,0,0,1.2874e+07
0,0,0,0,0,2.85212e+07,0,0,1.2874e+07
0,0,0,0,0,2.75011e+07,0,0,1.2874e+07
0,0,0,0,0,2.7504e+07,0,0,1.2874e+07
0,0,0,0,0,2.75068e+07,0,0,1.2874e+07
0,0,0,0,0,2.75096e+07,0,0,1.2874e+07
0,0,0,0,0,2.51003e+07,0,0,1.2874e+07
0,0,0,0,0,2.57059e+07,-387602,387602,1.2874e+07
0,0,0,0,0,2.57078e+07,-387186,387186,1.2874e+07
0,0,0,0,0,2.57097e+07,-386770,386770,1.2874e+07
0,0,0,0,0,2.57116e+07,-386353,386353,1.2874e+07
0,0,0,0,0,2.5711e+07,-385937,385937,1.2874e+07
0,0,0,0,0,2.65125e+07,-385937,385937,1.2874e+07
0,0,0,0,0,2.631e+07,-254208,254208,1.2874e+07
0,0,0,0,0,2.63118e+07,-253810,253810,1.2874e+07
0,0,0,0,0,2.63137e+07,-253413,253413,1.2874e+07
0,0,0,0,0,2.90959e+07,-253015,253015,1.2874e+07
0,0,0,0,0,2.8705e+07,0,0,1.2874e+07
0,0,0,0,0,2.87077e+07,0,0,1.2874e+07
0,0,0,0,0,2.87105e+07,0,0,1.2874e+07
0,0,0,0,0,2.48706e+07,0,0,1.2874e+07
0,0,0,0,0,2.5526e+07,-419767,419767,1.2874e+07
0,0,0,0,0,2.55278e+07,-419385,419385,1.2874e+07
0,0,0,0,0,2.55296e+07,-419004,419004,1.2874e+07
0,0,0,0,0,2.55313e+07,-418622,418622,1.2874e+07
0,0,0,0,0,2.64867e+07,-418240,418240,1.2874e+07
0,0,0,0,0,2.62365e+07,-255803,255803,1.2874e+07
0,0,0,0,0,2.62383e+07,-255406,255406,1.2874e+07
0,0,0,0,0,2.62401e+07,-255009,255009,1.2874e+07
0,0,0,0,0,2.58702e+07,-254612,254612,1.2874e+07
0,0,0,0,0,2.597e+07,-317179,317179,1.2874e+07
0,0,0,0,0,2.59718e+07,-316788,316788,1.2874e+07
0,0,0,0,0,2.59736e+07,-316396,316396,1.2874e+07
0,0,0,0,0,2.72664e+07,-316005,316005,1.2874e+07
0,0,0,0,0,2.69208e+07,-92240.5,92240.5,1.2874e+07
0,0,0,0,0,2.69227e+07,-91828,91828,1.2874e+07
0,0,0,0,0,2.67823e+07,0,0,1.2874e+07
0,0,0,0,0,2.69265e+07,-91002.6,91002.6,1.2874e+07
0,0,0,0,0,2.71738e+07,-90590,90590,1.2874e+07
0,0,0,0,0,2.70354e+07,0,0,1.2874e+07
0,0,0,0,0,2.7038e+07,0,0,1.2874e+07
0,0,0,0,0,2.70405e+07,0,0,1.2874e+07
0,0,0,0,0,2.7689e+07,0,0,1.2874e+07
0,0,0,0,0,2.76916e+07,0,0,1.2874e+07
0,0,0,0,0,2.76942e+07,0,0,1.2874e+07
0,0,0,0,0,2.76968e+07,0,0,1.2874e+07
0,0,0,0,0,2.85784e+07,-1.23698e+06,1.23698e+06,1.2874e+07
0,0,0,0,0,2.85811e+07,-1.2371e+06,1.2371e+06,1.2874e+07
0,0,0,0,0,2.85838e+07,-1.23722e+06,1.23722e+06,1.2874e+07
0,0,0,0,0,2.85865e+07,-1.23733e+06,1.23733e+06,1.2874e+07
0,0,0,0,0,2.85892e+07,-1.23745e+06,1.23745e+06,1.2874e+07
0,0,0,0,0,2.86559e+07,0,0,1.2874e+07
0,0,0,0,0,2.86586e+07,0,0,1.2874e+07
0,0,0,0,0,2.86613e+07,0,0,1.2874e+07
0,0,0,0,0,2.8664e+07,0,0,1.2874e+07
0,0,0,0,0,2.76387e+07,0,0,1.2874e+07
0,0,0,0,0,2.76413e+07,0,0,1.2874e+07
0,0,0,0,0,2.76439e+07,0,0,1.2874e+07
0,0,0,0,0,2.76465e+07,0,0,1.2874e+07
0,0,0,0,0,2.5225e+07,0,0,1.2874e+07
0,0,0,0,0,2.5799e+07,-367426,367426,1.2874e+07
0,0,0,0,0,2.58008e+07,-367039,367039,1.2874e+07
0,0,0,0,0,2.58026e+07,-366653,366653,1.2874e+07
0,0,0,0,0,2.58044e+07,-366266,366266,1.2874e+07
0,0,0,0,0,2.6609e+07,-365880,365880,1.2874e+07
0,0,0,0,0,2.64054e+07,-233532,233532,1.2874e+07
0,0,0,0,0,2.64071e+07,-233165,233165,1.2874e+07
0,0,0,0,0,2.64088e+07,-232798,232798,1.2874e+07
0,0,0,0,0,2.88429e+07,0,0,1.2874e+07
0,0,0,0,0,2.88454e+07,0,0,1.2874e+07
0,0,0,0,0,2.8848e+07,0,0,1.2874e+07
0,0,0,0,0,2.88505e+07,0,0,1.2874e+07
0,0,0,0,0,2.49917e+07,0,0,1.2874e+07
0,0,0,0,0,2.49939e+07,0,0,1.2874e+07
0,0,0,0,0,2.49961e+07,0,0,1.2874e+07
0,0,0,0,0,2.49982e+07,0,0,1.2874e+07
0,0,0,0,0,2.50004e+07,0,0,1.2874e+07
0,0,0,0,0,2.59608e+07,0,0,1.2874e+07
0,0,0,0,0,2.59631e+07,0,0,1.2874e+07
0,0,0,0,0,2.59653e+07,0,0,1.2874e+07
0,0,0,0,0,2.59676e+07,0,0,1.2874e+07
0,0,0,0,0,2.55963e+07,0,0,1.2874e+07
0,0,0,0,0,2.55986e+07,0,0,1.2874e+07
0,0,0,0,0,2.56008e+07,0,0,1.2874e+07
0,0,0,0,0,2.5603e+07,0,0,1.2874e+07
0,0,0,0,0,2.69024e+07,0,0,1.2874e+07
0,0,0,0,0,2.69048e+07,0,0,1.2874e+07
0,0,0,0,0,2.69071e+07,0,0,1.2874e+07
0,0,0,0,0,2.69094e+07,0,0,1.2874e+07
0,0,0,0,0,2.69118e+07,0,0,1.2874e+07
0,0,0,0,0,2.71607e+07,0,0,1.2874e+07
0,0,0,0,0,2.71631e+07,0,0,1.2874e+07
0,0,0,0,0,2.71654e+07,0,0,1.2874e+07
0,0,0,0,0,2.71678e+07,0,0,1.2874e+07
0,0,0,0,0,2.78191e+07,0,0,1.2874e+07
0,0,0,0,0,2.78215e+07,0,0,1.2874e+07
0,0,0,0,0,2.78239e+07,0,0,1.2874e+07
0,0,0,0,0,2.78264e+07,0,0,1.2874e+07
0,0,0,0,0,2.87118e+07,-1.24276e+06,1.24276e+06,1.2874e+07
0,0,0,0,0,2.87143e+07,-1.24286e+06,1.24286e+06,1.2874e+07
0,0,0,0,0,2.87168e+07,-1.24297e+06,1.24297e+06,1.2874e+07
0,0,0,0,0,2.87193e+07,-1.24308e+06,1.24308e+06,1.2874e+07
0,0,0,0,0,2.87218e+07,-1.24319e+06,1.24319e+06,1.2874e+07
0,0,0,0,0,2.87886e+07,0,0,1.2874e+07
0,0,0,0,0,2.87911e+07,0,0,1.2874e+07
0,0,0,0,0,2.87936e+07,0,0,1.2874e+07
0,0,0,0,0,2.87961e+07,0,0,1.2874e+07
0,0,0,0,0,2.77658e+07,0,0,1.2874e+07
0,0,0,0,0,2.77682e+07,0,0,1.2874e+07
0,0,0,0,0,2.77706e+07,0,0,1.2874e+07
0,0,0,0,0,2.7773e+07,0,0,1.2874e+07
0,0,0,0,0,2.53402e+07,0,0,1.2874e+07
0,0,0,0,0,2.53424e+07,0,0,1.2874e+07
0,0,0,0,0,2.53446e+07,0,0,1.2874e+07
0,0,0,0,0,2.53469e+07,0,0,1.2874e+07
0,0,0,0,0,2.53491e+07,0,0,1.2874e+07
0,0,0,0,0,2.61577e+07,0,0,1.2874e+07
0,0,0,0,0,2.61598e+07,0,0,1.2874e+07
0,0,0,0,0,2.61619e+07,0,0,1.2874e+07
0,0,0,0,0,2.6164e+07,0,0,1.2874e+07
0,0,0,0,0,2.89727e+07,0,0,1.2874e+07
0,0,0,0,0,2.8975e+07,0,0,1.2874e+07
0,0,0,0,0,2.89773e+07,0,0,1.2874e+07
0,0,0,0,0,2.89796e+07,0,0,1.2874e+07
0,0,0,0,0,2.51034e+07,0,0,1.2874e+07
0,0,0,0,0,2.51054e+07,0,0,1.2874e+07
0,0,0,0,0,2.51074e+07,0,0,1.2874e+07
0,0,0,0,0,2.51094e+07,0,0,1.2874e+07
0,0,0,0,0,2.51114e+07,0,0,1.2874e+07
0,0,0,0,0,2.60759e+07,0,0,1.2874e+07
0,0,0,0,0,2.60779e+07,0,0,1.2874e+07
0,0,0,0,0,2.608e+07,0,0,1.2874e+07
0,0,0,0,0,2.60821e+07,0,0,1.2874e+07
0,0,0,0,0,2.5709e+07,0,0,1.2874e+07
0,0,0,0,0,2.5711e+07,0,0,1.2874e+07
0,0,0,0,0,2.57131e+07,0,0,1.2874e+07
0,0,0,0,0,2.57151e+07,0,0,1.2874e+07
0,0,0,0,0,2.702e+07,0,0,1.2874e+07
0,0,0,0,0,2.70221e+07,0,0,1.2874e+07
0,0,0,0,0,2.70243e+07,0,0,1.2874e+07
0,0,0,0,0,2.70264e+07,0,0,1.2874e+07
0,0,0,0,0,2.70286e+07,0,0,1.2874e+07
0,0,0,0,0,2.72784e+07,0,0,1.2874e+07
0,0,0,0,0,2.72806e+07,0,0,1.2874e+07
0,0,0,0,0,2.72827e+07,0,0,1.2874e+07
0,0,0,0,0,2.72849e+07,0,0,1.2874e+07
0,0,0,0,0,2.79388e+07,0,0,1.2874e+07
0,0,0,0,0,2.7941e+07,0,0,1.2874e+07
0,0,0,0,0,2.79432e+07,0,0,1.2874e+07
0,0,0,0,0,2.79454e+07,0,0,1.2874e+07
0,0,0,0,0,2.88344e+07,-1.24806e+06,1.24806e+06,1.2874e+07
0,0,0,0,0,2.88367e+07,-1.24816e+06,1.24816e+06,1.2874e+07
0,0,0,0,0,2.8839e+07,-1.24826e+06,1.24826e+06,1.2874e+07
0,0,0,0,0,2.88413e+07,-1.24836e+06,1.24836e+06,1.2874e+07
0,0,0,0,0,2.88436e+07,-1.24846e+06,1.24846e+06,1.2874e+07
0,0,0,0,0,2.89105e+07,0,0,1.2874e+07
0,0,0,0,0,2.89128e+07,0,0,1.2874e+07
0,0,0,0,0,2.89151e+07,0,0,1.2874e+07
0,0,0,0,0,2.89174e+07,0,0,1.2874e+07
0,0,0,0,0,2.78825e+07,0,0,1.2874e+07
0,0,0,0,0,2.78847e+07,0,0,1.2874e+07
0,0,0,0,0,2.78869e+07,0,0,1.2874e+07
0,0,0,0,0,2.78892e+07,0,0,1.2874e+07
0,0,0,0,0,2.5446e+07,0,0,1.2874e+07
0,0,0,0,0,2.5448e+07,0,0,1.2874e+07
0,0,0,0,0,2.545e+07,0,0,1.2874e+07
0,0,0,0,0,2.54521e+07,0,0,1.2874e+07
0,0,0,0,0,2.54541e+07,0,0,1.2874e+07
0,0,0,0,0,2.62659e+07,0,0,1.2874e+07
0,0,0,0,0,2.62678e+07,0,0,1.2874e+07
0,0,0,0,0,2.62697e+07,0,0,1.2874e+07
0,0,0,0,0,2.62716e+07,0,0,1.2874e+07
0,0,0,0,0,2.90917e+07,0,0,1.2874e+07
0,0,0,0,0,2.90938e+07,0,0,1.2874e+07
0,0,0,0,0,2.90959e+07,0,0,1.2874e+07
0,0,0,0,0,2.9098e+07,0,0,1.2874e+07
0,0,0,0,0,2.52057e+07,0,0,1.2874e+07
0,0,0,0,0,2.52075e+07,0,0,1.2874e+07
0,0,0,0,0,2.52094e+07,0,0,1.2874e+07
0,0,0,0,0,2.52112e+07,0,0,1.2874e+07
0,0,0,0,0,2.5213e+07,0,0,1.2874e+07
0,0,0,0,0,2.61812e+07,0,0,1.2874e+07
0,0,0,0,0,2.61831e+07,0,0,1.2874e+07
0,0,0,0,0,2.6185e+07,0,0,1.2874e+07
0,0,0,0,0,2.61869e+07,0,0,1.2874e+07
0,0,0,0,0,2.58121e+07,0,0,1.2874e+07
0,0,0,0,0,2.58139e+07,0,0,1.2874e+07
0,0,0,0,0,2.58158e+07,0,0,1.2874e+07
0,0,0,0,0,2.58177e+07,0,0,1.2874e+07
0,0,0,0,0,2.71275e+07,0,0,1.2874e+07
0,0,0,0,0,2.71295e+07,0,0,1.2874e+07
0,0,0,0,0,2.71314e+07,0,0,1.2874e+07
0,0,0,0,0,2.71334e+07,0,0,1.2874e+07
0,0,0,0,0,2.71354e+07,0,0,1.2874e+07
0,0,0,0,0,2.7386e+07,0,0,1.2874e+07
0,0,0,0,0,2.73879e+07,0,0,1.2874e+07
0,0,0,0,0,2.73899e+07,0,0,1.2874e+07
0,0,0,0,0,2.73919e+07,0,0,1.2874e+07
0,0,0,0,0,2.80481e+07,0,0,1.2874e+07
0,0,0,0,0,2.80501e+07,0,0,1.2874e+07
0,0,0,0,0,2.80522e+07,0,0,1.2874e+07
0,0,0,0,0,2.80542e+07,0,0,1.2874e+07
0,0,0,0,0,2.89464e+07,-1.25291e+06,1.25291e+06,1.2874e+07
0,0,0,0,0,2.89485e+07,-1.253e+06,1.253e+06,1.2874e+07
0,0,0,0,0,2.89506e+07,-1.25309e+06,1.25309e+06,1.2874e+07
0,0,0,0,0,2.89527e+07,-1.25318e+06,1.25318e+06,1.2874e+07
0,0,0,0,0,2.89548e+07,-1.25327e+06,1.25327e+06,1.2874e+07
0,0,0,0,0,2.90217e+07,0,0,1.2874e+07
0,0,0,0,0,2.90238e+07,0,0,1.2874e+07
0,0,0,0,0,2.90259e+07,0,0,1.2874e+07
0,0,0,0,0,2.9028e+07,0,0,1.2874e+07
0,0,0,0,0,2.7989e+07,0,0,1.2874e+07
0,0,0,0,0,2.7991e+07,0,0,1.2874e+07
0,0,0,0,0,2.7993e+07,0,0,1.2874e+07
0,0,0,0,0,2.7995e+07,0,0,1.2874e+07
0,0,0,0,0,2.55424e+07,0,0,1.2874e+07
0,0,0,0,0,2.6036e+07,-316095,316095,1.2874e+07
0,0,0,0,0,2.60374e+07,-315798,315798,1.2874e+07
0,0,0,0,0,2.60388e+07,-315500,315500,1.2874e+07
0,0,0,0,0,2.60401e+07,-315202,315202,1.2874e+07
0,0,0,0,0,2.68544e+07,-314904,314904,1.2874e+07
0,0,0,0,0,2.66478e+07,-180997,180997,1.2874e+07
0,0,0,0,0,2.6649e+07,-180721,180721,1.2874e+07
0,0,0,0,0,2.66503e+07,-180444,180444,1.2874e+07
0,0,0,0,0,2.94803e+07,-180167,180167,1.2874e+07
0,0,0,0,0,2.92018e+07,0,0,1.2874e+07
0,0,0,0,0,2.92037e+07,0,0,1.2874e+07
0,0,0,0,0,2.92056e+07,0,0,1.2874e+07
0,0,0,0,0,2.52988e+07,0,0,1.2874e+07
0,0,0,0,0,2.53004e+07,0,0,1.2874e+07
0,0,0,0,0,2.53021e+07,0,0,1.2874e+07
0,0,0,0,0,2.53037e+07,0,0,1.2874e+07
0,0,0,0,0,2.53054e+07,0,0,1.2874e+07
0,0,0,0,0,2.62769e+07,0,0,1.2874e+07
0,0,0,0,0,2.62786e+07,0,0,1.2874e+07
0,0,0,0,0,2.62803e+07,0,0,1.2874e+07
0,0,0,0,0,2.6282e+07,0,0,1.2874e+07
0,0,0,0,0,2.59057e+07,0,0,1.2874e+07
0,0,0,0,0,2.59074e+07,0,0,1.2874e+07
0,0,0,0,0,2.5909e+07,0,0,1.2874e+07
0,0,0,0,0,2.59107e+07,0,0,1.2874e+07
0,0,0,0,0,2.72251e+07,0,0,1.2874e+07
0,0,0,0,0,2.72269e+07,0,0,1.2874e+07
0,0,0,0,0,2.72286e+07,0,0,1.2874e+07
0,0,0,0,0,2.72304e+07,0,0,1.2874e+07
0,0,0,0,0,2.72322e+07,0,0,1.2874e+07
0,0,0,0,0,2.74835e+07,0,0,1.2874e+07
0,0,0,0,0,2.74853e+07,0,0,1.2874e+07
0,0,0,0,0,2.7487e+07,0,0,1.2874e+07
0,0,0,0,0,2.74888e+07,0,0,1.2874e+07
0,0,0,0,0,2.81472e+07,0,0,1.2874e+07
0,0,0,0,0,2.8149e+07,0,0,1.2874e+07
0,0,0,0,0,2.81508e+07,0,0,1.2874e+07
0,0,0,0,0,2.81527e+07,0,0,1.2874e+07
0,0,0,0,0,2.90478e+07,-1.2573e+06,1.2573e+06,1.2874e+07
0,0,0,0,0,2.90497e+07,-1.25738e+06,1.25738e+06,1.2874e+07
0,0,0,0,0,2.90516e+07,-1.25746e+06,1.25746e+06,1.2874e+07
0,0,0,0,0,2.90535e+07,-1.25754e+06,1.25754e+06,1.2874e+07
0,0,0,0,0,2.90554e+07,-1.25763e+06,1.25763e+06,1.2874e+07
0,0,0,0,0,2.91223e+07,0,0,1.2874e+07
0,0,0,0,0,2.91242e+07,0,0,1.2874e+07
0,0,0,0,0,2.9126e+07,0,0,1.2874e+07
0,0,0,0,0,2.91279e+07,0,0,1.2874e+07
0,0,0,0,0,2.80851e+07,0,0,1.2874e+07
0,0,0,0,0,2.8087e+07,0,0,1.2874e+07
0,0,0,0,0,2.80888e+07,0,0,1.2874e+07
0,0,0,0,0,2.80906e+07,0,0,1.2874e+07
0,0,0,0,0,2.56294e+07,0,0,1.2874e+07
0,0,0,0,0,2.56311e+07,0,0,1.2874e+07
0,0,0,0,0,2.56327e+07,0,0,1.2874e+07
0,0,0,0,0,2.56344e+07,0,0,1.2874e+07
0,0,0,0,0,2.56361e+07,0,0,1.2874e+07
0,0,0,0,0,2.64533e+07,0,0,1.2874e+07
0,0,0,0,0,2.64548e+07,0,0,1.2874e+07
0,0,0,0,0,2.64564e+07,0,0,1.2874e+07
0,0,0,0,0,2.64579e+07,0,0,1.2874e+07
0,0,0,0,0,2.92975e+07,0,0,1.2874e+07
0,0,0,0,0,2.92992e+07,0,0,1.2874e+07
0,0,0,0,0,2.93009e+07,0,0,1.2874e+07
0,0,0,0,0,2.93026e+07,0,0,1.2874e+07
0,0,0,0,0,2.53826e+07,0,0,1.2874e+07
0,0,0,0,0,2.53841e+07,0,0,1.2874e+07
0,0,0,0,0,2.53855e+07,0,0,1.2874e+07
0,0,0,0,0,2.5387e+07,0,0,1.2874e+07
0,0,0,0,0,2.53884e+07,0,0,1.2874e+07
0,0,0,0,0,2.6363e+07,0,0,1.2874e+07
0,0,0,0,0,2.63645e+07,0,0,1.2874e+07
0,0,0,0,0,2.6366e+07,0,0,1.2874e+07
0,0,0,0,0,2.63675e+07,0,0,1.2874e+07
0,0,0,0,0,2.59898e+07,0,0,1.2874e+07
0,0,0,0,0,2.59913e+07,0,0,1.2874e+07
0,0,0,0,0,2.63558e+07,-233327,233327,1.2874e+07
0,0,0,0,0,2.59943e+07,0,0,1.2874e+07
0,0,0,0,0,2.73127e+07,0,0,1.2874e+07
0,0,0,0,0,2.73143e+07,0,0,1.2874e+07
0,0,0,0,0,2.73159e+07,0,0,1.2874e+07
0,0,0,0,0,2.7324e+07,-4226.5,4226.5,1.2874e+07
0,0,0,0,0,2.7319e+07,0,0,1.2874e+07
0,0,0,0,0,2.75709e+07,0,0,1.2874e+07
0,0,0,0,0,2.75725e+07,0,0,1.2874e+07
0,0,0,0,0,2.75741e+07,0,0,1.2874e+07
0,0,0,0,0,2.75757e+07,0,0,1.2874e+07
0,0,0,0,0,2.82359e+07,0,0,1.2874e+07
0,0,0,0,0,2.82375e+07,0,0,1.2874e+07
0,0,0,0,0,2.82391e+07,0,0,1.2874e+07
0,0,0,0,0,2.82408e+07,0,0,1.2874e+07
0,0,0,0,0,2.91385e+07,-1.26123e+06,1.26123e+06,1.2874e+07
0,0,0,0,0,2.91402e+07,-1.2613e+06,1.2613e+06,1.2874e+07
0,0,0,0,0,2.91419e+07,-1.26137e+06,1.26137e+06,1.2874e+07
0,0,0,0,0,2.91435e+07,-1.26144e+06,1.26144e+06,1.2874e+07
0,0,0,0,0,2.91452e+07,-1.26152e+06,1.26152e+06,1.2874e+07
0,0,0,0,0,2.92121e+07,0,0,1.2874e+07
0,0,0,0,0,2.92138e+07,0,0,1.2874e+07
0,0,0,0,0,2.92155e+07,0,0,1.2874e+07
0,0,0,0,0,2.92172e+07,0,0,1.2874e+07
0,0,0,0,0,2.8171e+07,0,0,1.2874e+07
0,0,0,0,0,2.81726e+07,0,0,1.2874e+07
0,0,0,0,0,2.81742e+07,0,0,1.2874e+07
0,0,0,0,0,2.81758e+07,0,0,1.2874e+07
0,0,0,0,0,2.5707e+07,0,0,1.2874e+07
0,0,0,0,0,2.61588e+07,-289472,289472,1.2874e+07
0,0,0,0,0,2.616e+07,-289232,289232,1.2874e+07
0,0,0,0,0,2.61611e+07,-288993,288993,1.2874e+07
0,0,0,0,0,2.61622e+07,-288754,288754,1.2874e+07
0,0,0,0,0,2.61618e+07,-288514,288514,1.2874e+07
0,0,0,0,0,2.69813e+07,-288514,288514,1.2874e+07
0,0,0,0,0,2.67731e+07,-153815,153815,1.2874e+07
0,0,0,0,0,2.67741e+07,-153599,153599,1.2874e+07
0,0,0,0,0,2.67751e+07,-153383,153383,1.2874e+07
0,0,0,0,0,2.96226e+07,-153167,153167,1.2874e+07
0,0,0,0,0,2.93858e+07,0,0,1.2874e+07
0,0,0,0,0,2.93872e+07,0,0,1.2874e+07
0,0,0,0,0,2.93887e+07,0,0,1.2874e+07
0,0,0,0,0,2.4929e+07,-528081,528081,1.2874e+07
0,0,0,0,0,2.54355e+07,-852912,852912,1.2874e+07
0,0,0,0,0,2.54365e+07,-852731,852731,1.2874e+07
0,0,0,0,0,2.59656e+07,-324389,324389,1.2874e+07
0,0,0,0,0,2.54383e+07,-852369,852369,1.2874e+07
0,0,0,0,0,2.63949e+07,-872432,872432,1.2874e+07
0,0,0,0,0,2.61379e+07,-706413,706413,1.2874e+07
0,0,0,0,0,2.61389e+07,-706225,706225,1.2874e+07
0,0,0,0,0,2.61398e+07,-706037,706037,1.2874e+07
0,0,0,0,0,2.57683e+07,-697958,697958,1.2874e+07
0,0,0,0,0,2.58695e+07,-762193,762193,1.2874e+07
0,0,0,0,0,2.58705e+07,-762007,762007,1.2874e+07
0,0,0,0,0,2.58714e+07,-761821,761821,1.2874e+07
0,0,0,0,0,2.71657e+07,-789032,789032,1.2874e+07
0,0,0,0,0,2.68234e+07,-568212,568212,1.2874e+07
0,0,0,0,0,2.68248e+07,-568241,568241,1.2874e+07
0,0,0,0,0,2.73944e+07,0,0,1.2874e+07
0,0,0,0,0,2.73958e+07,0,0,1.2874e+07
0,0,0,0,0,2.76482e+07,0,0,1.2874e+07
0,0,0,0,0,2.76495e+07,0,0,1.2874e+07
0,0,0,0,0,2.70773e+07,-573592,573592,1.2874e+07
0,0,0,0,0,2.70787e+07,-573621,573621,1.2874e+07
0,0,0,0,0,2.83142e+07,0,0,1.2874e+07
0,0,0,0,0,2.83156e+07,0,0,1.2874e+07
0,0,0,0,0,2.8317e+07,0,0,1.2874e+07
0,0,0,0,0,2.7731e+07,-587439,587439,1.2874e+07
0,0,0,0,0,2.92185e+07,-1.26469e+06,1.26469e+06,1.2874e+07
0,0,0,0,0,2.92199e+07,-1.26475e+06,1.26475e+06,1.2874e+07
0,0,0,0,0,2.92214e+07,-1.26481e+06,1.26481e+06,1.2874e+07
0,0,0,0,0,2.92229e+07,-1.26488e+06,1.26488e+06,1.2874e+07
0,0,0,0,0,2.92244e+07,-1.26494e+06,1.26494e+06,1.2874e+07
0,0,0,0,0,2.92912e+07,0,0,1.2874e+07
0,0,0,0,0,2.92927e+07,0,0,1.2874e+07
0,0,0,0,0,2.92942e+07,0,0,1.2874e+07
0,0,0,0,0,2.92957e+07,0,0,1.2874e+07
0,0,0,0,0,2.82465e+07,0,0,1.2874e+07
0,0,0,0,0,2.82479e+07,0,0,1.2874e+07
0,0,0,0,0,2.82493e+07,0,0,1.2874e+07
0,0,0,0,0,2.82507e+07,0,0,1.2874e+07
0,0,0,0,0,2.57751e+07,0,0,1.2874e+07
0,0,0,0,0,2.62096e+07,-278452,278452,1.2874e+07
0,0,0,0,0,2.62106e+07,-278243,278243,1.2874e+07
0,0,0,0,0,2.62116e+07,-278033,278033,1.2874e+07
0,0,0,0,0,2.62126e+07,-277823,277823,1.2874e+07
0,0,0,0,0,2.70337e+07,-277613,277613,1.2874e+07
0,0,0,0,0,2.68248e+07,-142591,142591,1.2874e+07
0,0,0,0,0,2.68257e+07,-142405,142405,1.2874e+07
0,0,0,0,0,2.68265e+07,-142219,142219,1.2874e+07
0,0,0,0,0,2.96812e+07,-142033,142033,1.2874e+07
0,0,0,0,0,2.94615e+07,0,0,1.2874e+07
0,0,0,0,0,2.94628e+07,0,0,1.2874e+07
0,0,0,0,0,2.94641e+07,0,0,1.2874e+07
0,0,0,0,0,2.55221e+07,0,0,1.2874e+07
0,0,0,0,0,2.60122e+07,-314262,314262,1.2874e+07
0,0,0,0,0,2.6013e+07,-314083,314083,1.2874e+07
0,0,0,0,0,2.60138e+07,-313904,313904,1.2874e+07
0,0,0,0,0,2.60147e+07,-313726,313726,1.2874e+07
0,0,0,0,0,2.69938e+07,-313547,313547,1.2874e+07
0,0,0,0,0,2.6736e+07,-147111,147111,1.2874e+07
0,0,0,0,0,2.67369e+07,-146924,146924,1.2874e+07
0,0,0,0,0,2.67378e+07,-146739,146739,1.2874e+07
0,0,0,0,0,2.63573e+07,-146553,146553,1.2874e+07
0,0,0,0,0,2.64586e+07,-210950,210950,1.2874e+07
0,0,0,0,0,2.64595e+07,-210767,210767,1.2874e+07
0,0,0,0,0,2.64603e+07,-210584,210584,1.2874e+07
0,0,0,0,0,2.77851e+07,-210400,210400,1.2874e+07
0,0,0,0,0,2.74589e+07,0,0,1.2874e+07
0,0,0,0,0,2.74601e+07,0,0,1.2874e+07
0,0,0,0,0,2.74613e+07,0,0,1.2874e+07
0,0,0,0,0,2.74625e+07,0,0,1.2874e+07
0,0,0,0,0,2.77153e+07,0,0,1.2874e+07
0,0,0,0,0,2.77165e+07,0,0,1.2874e+07
0,0,0,0,0,2.77177e+07,0,0,1.2874e+07
0,0,0,0,0,2.77189e+07,0,0,1.2874e+07
0,0,0,0,0,2.83822e+07,0,0,1.2874e+07
0,0,0,0,0,2.83834e+07,0,0,1.2874e+07
0,0,0,0,0,2.83846e+07,0,0,1.2874e+07
0,0,0,0,0,2.83859e+07,0,0,1.2874e+07
0,0,0,0,0,2.92878e+07,-1.26769e+06,1.26769e+06,1.2874e+07
0,0,0,0,0,2.92891e+07,-1.26774e+06,1.26774e+06,1.2874e+07
0,0,0,0,0,2.92903e+07,-1.2678e+06,1.2678e+06,1.2874e+07
0,0,0,0,0,2.92916e+07,-1.26785e+06,1.26785e+06,1.2874e+07
0,0,0,0,0,2.92929e+07,-1.26791e+06,1.26791e+06,1.2874e+07
0,0,0,0,0,2.93597e+07,0,0,1.2874e+07
0,0,0,0,0,2.9361e+07,0,0,1.2874e+07
0,0,0,0,0,2.93622e+07,0,0,1.2874e+07
0,0,0,0,0,2.93635e+07,0,0,1.2874e+07
0,0,0,0,0,2.83117e+07,0,0,1.2874e+07
0,0,0,0,0,2.83129e+07,0,0,1.2874e+07
0,0,0,0,0,2.83141e+07,0,0,1.2874e+07
0,0,0,0,0,2.83153e+07,0,0,1.2874e+07
0,0,0,0,0,2.58339e+07,0,0,1.2874e+07
0,0,0,0,0,2.5835e+07,0,0,1.2874e+07
0,0,0,0,0,2.58361e+07,0,0,1.2874e+07
0,0,0,0,0,2.58373e+07,0,0,1.2874e+07
0,0,0,0,0,2.58384e+07,0,0,1.2874e+07
0,0,0,0,0,2.66615e+07,0,0,1.2874e+07
0,0,0,0,0,2.66625e+07,0,0,1.2874e+07
0,0,0,0,0,2.66634e+07,0,0,1.2874e+07
0,0,0,0,0,2.66644e+07,0,0,1.2874e+07
0,0,0,0,0,2.97317e+07,-132461,132461,1.2874e+07
0,0,0,0,0,2.95266e+07,0,0,1.2874e+07
0,0,0,0,0,2.95277e+07,0,0,1.2874e+07
0,0,0,0,0,2.95288e+07,0,0,1.2874e+07
0,0,0,0,0,2.5578e+07,0,0,1.2874e+07
0,0,0,0,0,2.60538e+07,-305219,305219,1.2874e+07
0,0,0,0,0,2.60545e+07,-305069,305069,1.2874e+07
0,0,0,0,0,2.55245e+07,-835567,835567,1.2874e+07
0,0,0,0,0,2.60559e+07,-304769,304769,1.2874e+07
0,0,0,0,0,2.7037e+07,-304619,304619,1.2874e+07
0,0,0,0,0,2.67785e+07,-137854,137854,1.2874e+07
0,0,0,0,0,2.67792e+07,-137698,137698,1.2874e+07
0,0,0,0,0,2.678e+07,-137542,137542,1.2874e+07
0,0,0,0,0,2.63986e+07,-137386,137386,1.2874e+07
0,0,0,0,0,2.65e+07,-201950,201950,1.2874e+07
0,0,0,0,0,2.65007e+07,-201797,201797,1.2874e+07
0,0,0,0,0,2.65014e+07,-201643,201643,1.2874e+07
0,0,0,0,0,2.78288e+07,-201490,201490,1.2874e+07
0,0,0,0,0,2.75163e+07,0,0,1.2874e+07
0,0,0,0,0,2.75173e+07,0,0,1.2874e+07
0,0,0,0,0,2.75183e+07,0,0,1.2874e+07
0,0,0,0,0,2.75193e+07,0,0,1.2874e+07
0,0,0,0,0,2.77724e+07,0,0,1.2874e+07
0,0,0,0,0,2.77734e+07,0,0,1.2874e+07
0,0,0,0,0,2.77745e+07,0,0,1.2874e+07
0,0,0,0,0,2.77755e+07,0,0,1.2874e+07
0,0,0,0,0,2.84399e+07,0,0,1.2874e+07
0,0,0,0,0,2.84409e+07,0,0,1.2874e+07
0,0,0,0,0,2.84419e+07,0,0,1.2874e+07
0,0,0,0,0,2.8443e+07,0,0,1.2874e+07
0,0,0,0,0,2.93465e+07,-1.27023e+06,1.27023e+06,1.2874e+07
0,0,0,0,0,2.93476e+07,-1.27027e+06,1.27027e+06,1.2874e+07
0,0,0,0,0,2.93486e+07,-1.27032e+06,1.27032e+06,1.2874e+07
0,0,0,0,0,2.93497e+07,-1.27037e+06,1.27037e+06,1.2874e+07
0,0,0,0,0,2.93508e+07,-1.27041e+06,1.27041e+06,1.2874e+07
0,0,0,0,0,2.94175e+07,0,0,1.2874e+07
0,0,0,0,0,2.94186e+07,0,0,1.2874e+07
0,0,0,0,0,2.94196e+07,0,0,1.2874e+07
0,0,0,0,0,2.94207e+07,0,0,1.2874e+07
0,0,0,0,0,2.83666e+07,0,0,1.2874e+07
0,0,0,0,0,2.83676e+07,0,0,1.2874e+07
0,0,0,0,0,2.83687e+07,0,0,1.2874e+07
0,0,0,0,0,2.83697e+07,0,0,1.2874e+07
0,0,0,0,0,2.58833e+07,0,0,1.2874e+07
0,0,0,0,0,2.62902e+07,-260956,260956,1.2874e+07
0,0,0,0,0,2.62909e+07,-260805,260805,1.2874e+07
0,0,0,0,0,2.62916e+07,-260653,260653,1.2874e+07
0,0,0,0,0,2.62924e+07,-260502,260502,1.2874e+07
0,0,0,0,0,2.71166e+07,-260350,260350,1.2874e+07
0,0,0,0,0,2.69065e+07,-124831,124831,1.2874e+07
0,0,0,0,0,2.69071e+07,-124705,124705,1.2874e+07
0,0,0,0,0,2.69077e+07,-124580,124580,1.2874e+07
0,0,0,0,0,2.97738e+07,-124454,124454,1.2874e+07
0,0,0,0,0,2.9581e+07,0,0,1.2874e+07
0,0,0,0,0,2.95819e+07,0,0,1.2874e+07
0,0,0,0,0,2.95827e+07,0,0,1.2874e+07
0,0,0,0,0,2.56245e+07,0,0,1.2874e+07
0,0,0,0,0,2.56253e+07,0,0,1.2874e+07
0,0,0,0,0,2.5626e+07,0,0,1.2874e+07
0,0,0,0,0,2.56268e+07,0,0,1.2874e+07
0,0,0,0,0,2.56275e+07,0,0,1.2874e+07
0,0,0,0,0,2.66105e+07,0,0,1.2874e+07
0,0,0,0,0,2.66112e+07,0,0,1.2874e+07
0,0,0,0,0,2.6612e+07,0,0,1.2874e+07
0,0,0,0,0,2.66128e+07,0,0,1.2874e+07
0,0,0,0,0,2.62308e+07,0,0,1.2874e+07
0,0,0,0,0,2.62315e+07,0,0,1.2874e+07
0,0,0,0,0,2.62323e+07,0,0,1.2874e+07
0,0,0,0,0,2.62331e+07,0,0,1.2874e+07
0,0,0,0,0,2.75628e+07,0,0,1.2874e+07
0,0,0,0,0,2.75636e+07,0,0,1.2874e+07
0,0,0,0,0,2.75644e+07,0,0,1.2874e+07
0,0,0,0,0,2.75652e+07,0,0,1.2874e+07
0,0,0,0,0,2.7566e+07,0,0,1.2874e+07
0,0,0,0,0,2.78194e+07,0,0,1.2874e+07
0,0,0,0,0,2.78202e+07,0,0,1.2874e+07
0,0,0,0,0,2.7821e+07,0,0,1.2874e+07
0,0,0,0,0,2.78218e+07,0,0,1.2874e+07
0,0,0,0,0,2.84872e+07,0,0,1.2874e+07
0,0,0,0,0,2.8488e+07,0,0,1.2874e+07
0,0,0,0,0,2.84888e+07,0,0,1.2874e+07
0,0,0,0,0,2.84896e+07,0,0,1.2874e+07
0,0,0,0,0,2.93945e+07,-1.2723e+06,1.2723e+06,1.2874e+07
0,0,0,0,0,2.93953e+07,-1.27234e+06,1.27234e+06,1.2874e+07
0,0,0,0,0,2.93962e+07,-1.27238e+06,1.27238e+06,1.2874e+07
0,0,0,0,0,2.9397e+07,-1.27242e+06,1.27242e+06,1.2874e+07
0,0,0,0,0,2.93979e+07,-1.27245e+06,1.27245e+06,1.2874e+07
0,0,0,0,0,2.94645e+07,0,0,1.2874e+07
0,0,0,0,0,2.94654e+07,0,0,1.2874e+07
0,0,0,0,0,2.94662e+07,0,0,1.2874e+07
0,0,0,0,0,2.94671e+07,0,0,1.2874e+07
0,0,0,0,0,2.84111e+07,0,0,1.2874e+07
0,0,0,0,0,2.8412e+07,0,0,1.2874e+07
0,0,0,0,0,2.84128e+07,0,0,1.2874e+07
0,0,0,0,0,2.84136e+07,0,0,1.2874e+07
0,0,0,0,0,2.59232e+07,0,0,1.2874e+07
0,0,0,0,0,2.5924e+07,0,0,1.2874e+07
0,0,0,0,0,2.59247e+07,0,0,1.2874e+07
0,0,0,0,0,2.59255e+07,0,0,1.2874e+07
0,0,0,0,0,2.59262e+07,0,0,1.2874e+07
0,0,0,0,0,2.67518e+07,0,0,1.2874e+07
0,0,0,0,0,2.67524e+07,0,0,1.2874e+07
0,0,0,0,0,2.6753e+07,0,0,1.2874e+07
0,0,0,0,0,2.67535e+07,0,0,1.2874e+07
0,0,0,0,0,2.96238e+07,0,0,1.2874e+07
0,0,0,0,0,2.96245e+07,0,0,1.2874e+07
0,0,0,0,0,2.96251e+07,0,0,1.2874e+07
0,0,0,0,0,2.96258e+07,0,0,1.2874e+07
0,0,0,0,0,2.56617e+07,0,0,1.2874e+07
0,0,0,0,0,2.56622e+07,0,0,1.2874e+07
0,0,0,0,0,2.56628e+07,0,0,1.2874e+07
0,0,0,0,0,2.56633e+07,0,0,1.2874e+07
0,0,0,0,0,2.56639e+07,0,0,1.2874e+07
0,0,0,0,0,2.66481e+07,0,0,1.2874e+07
0,0,0,0,0,2.66487e+07,0,0,1.2874e+07
0,0,0,0,0,2.66492e+07,0,0,1.2874e+07
0,0,0,0,0,2.66498e+07,0,0,1.2874e+07
0,0,0,0,0,2.62671e+07,0,0,1.2874e+07
0,0,0,0,0,2.62677e+07,0,0,1.2874e+07
0,0,0,0,0,2.62683e+07,0,0,1.2874e+07
0,0,0,0,0,2.62688e+07,0,0,1.2874e+07
0,0,0,0,0,2.76002e+07,0,0,1.2874e+07
0,0,0,0,0,2.76008e+07,0,0,1.2874e+07
0,0,0,0,0,2.76014e+07,0,0,1.2874e+07
0,0,0,0,0,2.7602e+07,0,0,1.2874e+07
0,0,0,0,0,2.76026e+07,0,0,1.2874e+07
0,0,0,0,0,2.78562e+07,0,0,1.2874e+07
0,0,0,0,0,2.78568e+07,0,0,1.2874e+07
0,0,0,0,0,2.78574e+07,0,0,1.2874e+07
0,0,0,0,0,2.7858e+07,0,0,1.2874e+07
0,0,0,0,0,2.8524e+07,0,0,1.2874e+07
0,0,0,0,0,2.85246e+07,0,0,1.2874e+07
0,0,0,0,0,2.85252e+07,0,0,1.2874e+07
0,0,0,0,0,2.85258e+07,0,0,1.2874e+07
0,0,0,0,0,2.94316e+07,-1.27391e+06,1.27391e+06,1.2874e+07
0,0,0,0,0,2.94322e+07,-1.27394e+06,1.27394e+06,1.2874e+07
0,0,0,0,0,2.94329e+07,-1.27397e+06,1.27397e+06,1.2874e+07
0,0,0,0,0,2.94335e+07,-1.274e+06,1.274e+06,1.2874e+07
0,0,0,0,0,2.94342e+07,-1.27402e+06,1.27402e+06,1.2874e+07
0,0,0,0,0,2.95007e+07,0,0,1.2874e+07
0,0,0,0,0,2.95014e+07,0,0,1.2874e+07
0,0,0,0,0,2.9502e+07,0,0,1.2874e+07
0,0,0,0,0,2.95027e+07,0,0,1.2874e+07
0,0,0,0,0,2.84452e+07,0,0,1.2874e+07
0,0,0,0,0,2.84458e+07,0,0,1.2874e+07
0,0,0,0,0,2.84465e+07,0,0,1.2874e+07
0,0,0,0,0,2.84471e+07,0,0,1.2874e+07
0,0,0,0,0,2.59536e+07,0,0,1.2874e+07
0,0,0,0,0,2.63425e+07,-249595,249595,1.2874e+07
0,0,0,0,0,2.63429e+07,-249503,249503,1.2874e+07
0,0,0,0,0,2.63433e+07,-249410,249410,1.2874e+07
0,0,0,0,0,2.63437e+07,-249319,249319,1.2874e+07
0,0,0,0,0,2.71699e+07,-249226,249226,1.2874e+07
0,0,0,0,0,2.6959e+07,-113408,113408,1.2874e+07
0,0,0,0,0,2.69593e+07,-113344,113344,1.2874e+07
0,0,0,0,0,2.69596e+07,-113279,113279,1.2874e+07
0,0,0,0,0,2.98328e+07,-113215,113215,1.2874e+07
0,0,0,0,0,2.96571e+07,0,0,1.2874e+07
0,0,0,0,0,2.96575e+07,0,0,1.2874e+07
0,0,0,0,0,2.9658e+07,0,0,1.2874e+07
0,0,0,0,0,2.56893e+07,0,0,1.2874e+07
0,0,0,0,0,2.61365e+07,-287186,287186,1.2874e+07
0,0,0,0,0,2.56901e+07,0,0,1.2874e+07
0,0,0,0,0,2.56905e+07,0,0,1.2874e+07
0,0,0,0,0,2.56909e+07,0,0,1.2874e+07
0,0,0,0,0,2.66759e+07,0,0,1.2874e+07
0,0,0,0,0,2.66763e+07,0,0,1.2874e+07
0,0,0,0,0,2.66767e+07,0,0,1.2874e+07
0,0,0,0,0,2.66771e+07,0,0,1.2874e+07
0,0,0,0,0,2.62938e+07,0,0,1.2874e+07
0,0,0,0,0,2.62942e+07,0,0,1.2874e+07
0,0,0,0,0,2.62946e+07,0,0,1.2874e+07
0,0,0,0,0,2.62949e+07,0,0,1.2874e+07
0,0,0,0,0,2.76274e+07,0,0,1.2874e+07
0,0,0,0,0,2.76279e+07,0,0,1.2874e+07
0,0,0,0,0,2.76283e+07,0,0,1.2874e+07
0,0,0,0,0,2.76287e+07,0,0,1.2874e+07
0,0,0,0,0,2.76291e+07,0,0,1.2874e+07
0,0,0,0,0,2.78827e+07,0,0,1.2874e+07
0,0,0,0,0,2.78831e+07,0,0,1.2874e+07
0,0,0,0,0,2.78835e+07,0,0,1.2874e+07
0,0,0,0,0,2.78839e+07,0,0,1.2874e+07
0,0,0,0,0,2.85503e+07,0,0,1.2874e+07
0,0,0,0,0,2.85507e+07,0,0,1.2874e+07
0,0,0,0,0,2.85511e+07,0,0,1.2874e+07
0,0,0,0,0,2.85516e+07,0,0,1.2874e+07
0,0,0,0,0,2.94579e+07,-1.27505e+06,1.27505e+06,1.2874e+07
0,0,0,0,0,2.94584e+07,-1.27507e+06,1.27507e+06,1.2874e+07
0,0,0,0,0,2.94588e+07,-1.27509e+06,1.27509e+06,1.2874e+07
0,0,0,0,0,2.94593e+07,-1.27511e+06,1.27511e+06,1.2874e+07
0,0,0,0,0,2.94597e+07,-1.27513e+06,1.27513e+06,1.2874e+07
0,0,0,0,0,2.95261e+07,0,0,1.2874e+07
0,0,0,0,0,2.95265e+07,0,0,1.2874e+07
0,0,0,0,0,2.9527e+07,0,0,1.2874e+07
0,0,0,0,0,2.95274e+07,0,0,1.2874e+07
0,0,0,0,0,2.84689e+07,0,0,1.2874e+07
0,0,0,0,0,2.84693e+07,0,0,1.2874e+07
0,0,0,0,0,2.84697e+07,0,0,1.2874e+07
0,0,0,0,0,2.84702e+07,0,0,1.2874e+07
0,0,0,0,0,2.59744e+07,0,0,1.2874e+07
0,0,0,0,0,2.63579e+07,-246222,246222,1.2874e+07
0,0,0,0,0,2.63582e+07,-246159,246159,1.2874e+07
0,0,0,0,0,2.63585e+07,-246097,246097,1.2874e+07
0,0,0,0,0,2.63587e+07,-246034,246034,1.2874e+07
0,0,0,0,0,2.5976e+07,0,0,1.2874e+07
0,0,0,0,0,2.68027e+07,0,0,1.2874e+07
0,0,0,0,0,2.68029e+07,0,0,1.2874e+07
0,0,0,0,0,2.68032e+07,0,0,1.2874e+07
0,0,0,0,0,2.68034e+07,0,0,1.2874e+07
0,0,0,0,0,2.96786e+07,0,0,1.2874e+07
0,0,0,0,0,2.96788e+07,0,0,1.2874e+07
0,0,0,0,0,2.96791e+07,0,0,1.2874e+07
0,0,0,0,0,2.96793e+07,0,0,1.2874e+07
0,0,0,0,0,2.57077e+07,0,0,1.2874e+07
0,0,0,0,0,2.57079e+07,0,0,1.2874e+07
0,0,0,0,0,2.57081e+07,0,0,1.2874e+07
0,0,0,0,0,2.57083e+07,0,0,1.2874e+07
0,0,0,0,0,2.57085e+07,0,0,1.2874e+07
0,0,0,0,0,2.6694e+07,0,0,1.2874e+07
0,0,0,0,0,2.66942e+07,0,0,1.2874e+07
0,0,0,0,0,2.66944e+07,0,0,1.2874e+07
0,0,0,0,0,2.66946e+07,0,0,1.2874e+07
0,0,0,0,0,2.63109e+07,0,0,1.2874e+07
0,0,0,0,0,2.63111e+07,0,0,1.2874e+07
0,0,0,0,0,2.63113e+07,0,0,1.2874e+07
0,0,0,0,0,2.63115e+07,0,0,1.2874e+07
0,0,0,0,0,2.76447e+07,0,0,1.2874e+07
0,0,0,0,0,2.76449e+07,0,0,1.2874e+07
0,0,0,0,0,2.76451e+07,0,0,1.2874e+07
0,0,0,0,0,2.76453e+07,0,0,1.2874e+07
0,0,0,0,0,2.76455e+07,0,0,1.2874e+07
0,0,0,0,0,2.78991e+07,0,0,1.2874e+07
0,0,0,0,0,2.78993e+07,0,0,1.2874e+07
0,0,0,0,0,2.78995e+07,0,0,1.2874e+07
0,0,0,0,0,2.78997e+07,0,0,1.2874e+07
0,0,0,0,0,2.85663e+07,0,0,1.2874e+07
0,0,0,0,0,2.85665e+07,0,0,1.2874e+07
0,0,0,0,0,2.85667e+07,0,0,1.2874e+07
0,0,0,0,0,2.8567e+07,0,0,1.2874e+07
0,0,0,0,0,2.94736e+07,-1.27573e+06,1.27573e+06,1.2874e+07
0,0,0,0,0,2.94739e+07,-1.27574e+06,1.27574e+06,1.2874e+07
0,0,0,0,0,2.94741e+07,-1.27575e+06,1.27575e+06,1.2874e+07
0,0,0,0,0,2.94743e+07,-1.27576e+06,1.27576e+06,1.2874e+07
0,0,0,0,0,2.94746e+07,-1.27577e+06,1.27577e+06,1.2874e+07
0,0,0,0,0,2.95408e+07,0,0,1.2874e+07
0,0,0,0,0,2.9541e+07,0,0,1.2874e+07
0,0,0,0,0,2.95412e+07,0,0,1.2874e+07
0,0,0,0,0,2.95415e+07,0,0,1.2874e+07
0,0,0,0,0,2.84823e+07,0,0,1.2874e+07
0,0,0,0,0,2.84825e+07,0,0,1.2874e+07
0,0,0,0,0,2.84827e+07,0,0,1.2874e+07
0,0,0,0,0,2.84829e+07,0,0,1.2874e+07
0,0,0,0,0,2.59859e+07,0,0,1.2874e+07
0,0,0,0,0,2.63663e+07,-244364,244364,1.2874e+07
0,0,0,0,0,2.63664e+07,-244331,244331,1.2874e+07
0,0,0,0,0,2.63666e+07,-244297,244297,1.2874e+07
0,0,0,0,0,2.63668e+07,-244264,244264,1.2874e+07
0,0,0,0,0,2.71936e+07,-244230,244230,1.2874e+07
0,0,0,0,0,2.69822e+07,-108310,108310,1.2874e+07
0,0,0,0,0,2.69822e+07,-108306,108306,1.2874e+07
0,0,0,0,0,2.69822e+07,-108301,108301,1.2874e+07
0,0,0,0,0,2.98584e+07,-108297,108297,1.2874e+07
0,0,0,0,0,2.96899e+07,0,0,1.2874e+07
0,0,0,0,0,2.96899e+07,0,0,1.2874e+07
0,0,0,0,0,2.969e+07,0,0,1.2874e+07
0,0,0,0,0,2.57167e+07,0,0,1.2874e+07
0,0,0,0,0,2.61567e+07,-282754,282754,1.2874e+07
0,0,0,0,0,2.61567e+07,-282749,282749,1.2874e+07
0,0,0,0,0,2.61567e+07,-282745,282745,1.2874e+07
0,0,0,0,0,2.61567e+07,-282741,282741,1.2874e+07
0,0,0,0,0,2.71423e+07,-282736,282736,1.2874e+07
0,0,0,0,0,2.68818e+07,-115242,115242,1.2874e+07
0,0,0,0,0,2.68818e+07,-115237,115237,1.2874e+07
0,0,0,0,0,2.68818e+07,-115233,115233,1.2874e+07
0,0,0,0,0,2.64978e+07,-115228,115228,1.2874e+07
0,0,0,0,0,2.6599e+07,-180275,180275,1.2874e+07
0,0,0,0,0,2.6599e+07,-180270,180270,1.2874e+07
0,0,0,0,0,2.65991e+07,-180266,180266,1.2874e+07
0,0,0,0,0,2.79324e+07,-180261,180261,1.2874e+07
0,0,0,0,0,2.76519e+07,0,0,1.2874e+07
0,0,0,0,0,2.7652e+07,0,0,1.2874e+07
0,0,0,0,0,2.7652e+07,0,0,1.2874e+07
0,0,0,0,0,2.7652e+07,0,0,1.2874e+07
0,0,0,0,0,2.79054e+07,0,0,1.2874e+07
0,0,0,0,0,2.79055e+07,0,0,1.2874e+07
0,0,0,0,0,2.79055e+07,0,0,1.2874e+07
0,0,0,0,0,2.79055e+07,0,0,1.2874e+07
0,0,0,0,0,2.8572e+07,0,0,1.2874e+07
0,0,0,0,0,2.85721e+07,0,0,1.2874e+07
0,0,0,0,0,2.85721e+07,0,0,1.2874e+07
0,0,0,0,0,2.85721e+07,0,0,1.2874e+07
0,0,0,0,0,2.94787e+07,-1.27595e+06,1.27595e+06,1.2874e+07
0,0,0,0,0,2.94788e+07,-1.27595e+06,1.27595e+06,1.2874e+07
0,0,0,0,0,2.94788e+07,-1.27595e+06,1.27595e+06,1.2874e+07
0,0,0,0,0,2.94788e+07,-1.27596e+06,1.27596e+06,1.2874e+07
0,0,0,0,0,2.94789e+07,-1.27596e+06,1.27596e+06,1.2874e+07
0,0,0,0,0,2.95449e+07,0,0,1.2874e+07
0,0,0,0,0,2.95449e+07,0,0,1.2874e+07
0,0,0,0,0,2.95449e+07,0,0,1.2874e+07
0,0,0,0,0,2.9545e+07,0,0,1.2874e+07
0,0,0,0,0,2.84854e+07,0,0,1.2874e+07
0,0,0,0,0,2.84855e+07,0,0,1.2874e+07
0,0,0,0,0,2.84855e+07,0,0,1.2874e+07
0,0,0,0,0,2.84855e+07,0,0,1.2874e+07
0,0,0,0,0,2.59881e+07,0,0,1.2874e+07
0,0,0,0,0,2.63677e+07,-244013,244013,1.2874e+07
0,0,0,0,0,2.63678e+07,-244009,244009,1.2874e+07
0,0,0,0,0,2.63678e+07,-244004,244004,1.2874e+07
0,0,0,0,0,2.63678e+07,-244000,244000,1.2874e+07
0,0,0,0,0,2.6815e+07,0,0,1.2874e+07
0,0,0,0,0,2.68148e+07,0,0,1.2874e+07
0,0,0,0,0,2.68146e+07,0,0,1.2874e+07
0,0,0,0,0,2.68145e+07,0,0,1.2874e+07
0,0,0,0,0,2.96905e+07,0,0,1.2874e+07
0,0,0,0,0,2.96903e+07,0,0,1.2874e+07
0,0,0,0,0,2.96902e+07,0,0,1.2874e+07
0,0,0,0,0,2.969e+07,0,0,1.2874e+07
0,0,0,0,0,2.57166e+07,0,0,1.2874e+07
0,0,0,0,0,2.61564e+07,-282780,282780,1.2874e+07
0,0,0,0,0,2.57163e+07,0,0,1.2874e+07
0,0,0,0,0,2.57161e+07,0,0,1.2874e+07
0,0,0,0,0,2.5716e+07,0,0,1.2874e+07
0,0,0,0,0,2.67014e+07,0,0,1.2874e+07
0,0,0,0,0,2.67012e+07,0,0,1.2874e+07
0,0,0,0,0,2.67011e+07,0,0,1.2874e+07
0,0,0,0,0,2.67009e+07,0,0,1.2874e+07
0,0,0,0,0,2.63167e+07,0,0,1.2874e+07
0,0,0,0,0,2.63166e+07,0,0,1.2874e+07
0,0,0,0,0,2.65974e+07,-180591,180591,1.2874e+07
0,0,0,0,0,2.65973e+07,-180616,180616,1.2874e+07
0,0,0,0,0,2.79303e+07,-180641,180641,1.2874e+07
0,0,0,0,0,2.76491e+07,0,0,1.2874e+07
0,0,0,0,0,2.76489e+07,0,0,1.2874e+07
0,0,0,0,0,2.76488e+07,0,0,1.2874e+07
0,0,0,0,0,2.76486e+07,0,0,1.2874e+07
0,0,0,0,0,2.79018e+07,0,0,1.2874e+07
0,0,0,0,0,2.79016e+07,0,0,1.2874e+07
0,0,0,0,0,2.79015e+07,0,0,1.2874e+07
0,0,0,0,0,2.79013e+07,0,0,1.2874e+07
0,0,0,0,0,2.85675e+07,0,0,1.2874e+07
0,0,0,0,0,2.85673e+07,0,0,1.2874e+07
0,0,0,0,0,2.85672e+07,0,0,1.2874e+07
0,0,0,0,0,2.8567e+07,0,0,1.2874e+07
0,0,0,0,0,2.94733e+07,-1.27572e+06,1.27572e+06,1.2874e+07
0,0,0,0,0,2.94731e+07,-1.27571e+06,1.27571e+06,1.2874e+07
0,0,0,0,0,2.94729e+07,-1.2757e+06,1.2757e+06,1.2874e+07
0,0,0,0,0,2.94728e+07,-1.27569e+06,1.27569e+06,1.2874e+07
0,0,0,0,0,2.94726e+07,-1.27569e+06,1.27569e+06,1.2874e+07
0,0,0,0,0,2.95384e+07,0,0,1.2874e+07
0,0,0,0,0,2.95382e+07,0,0,1.2874e+07
0,0,0,0,0,2.9538e+07,0,0,1.2874e+07
0,0,0,0,0,2.95379e+07,0,0,1.2874e+07
0,0,0,0,0,2.84784e+07,0,0,1.2874e+07
0,0,0,0,0,2.84782e+07,0,0,1.2874e+07
0,0,0,0,0,2.8478e+07,0,0,1.2874e+07
0,0,0,0,0,2.84779e+07,0,0,1.2874e+07
0,0,0,0,0,2.59809e+07,0,0,1.2874e+07
0,0,0,0,0,2.59808e+07,0,0,1.2874e+07
0,0,0,0,0,2.59806e+07,0,0,1.2874e+07
0,0,0,0,0,2.59805e+07,0,0,1.2874e+07
0,0,0,0,0,2.59803e+07,0,0,1.2874e+07
0,0,0,0,0,2.68067e+07,0,0,1.2874e+07
0,0,0,0,0,2.68063e+07,0,0,1.2874e+07
0,0,0,0,0,2.6806e+07,0,0,1.2874e+07
0,0,0,0,0,2.68056e+07,0,0,1.2874e+07
0,0,0,0,0,2.96805e+07,0,0,1.2874e+07
0,0,0,0,0,2.96801e+07,0,0,1.2874e+07
0,0,0,0,0,2.96798e+07,0,0,1.2874e+07
0,0,0,0,0,2.96794e+07,0,0,1.2874e+07
0,0,0,0,0,2.57072e+07,0,0,1.2874e+07
0,0,0,0,0,2.51736e+07,-533264,533264,1.2874e+07
0,0,0,0,0,2.51733e+07,-533257,533257,1.2874e+07
0,0,0,0,0,2.5173e+07,-533250,533250,1.2874e+07
0,0,0,0,0,2.51726e+07,-533244,533244,1.2874e+07
0,0,0,0,0,2.61371e+07,-553673,553673,1.2874e+07
0,0,0,0,0,2.61367e+07,-553666,553666,1.2874e+07
0,0,0,0,0,2.61364e+07,-553659,553659,1.2874e+07
0,0,0,0,0,2.61361e+07,-553652,553652,1.2874e+07
0,0,0,0,0,2.57598e+07,-545682,545682,1.2874e+07
0,0,0,0,0,2.57595e+07,-545675,545675,1.2874e+07
0,0,0,0,0,2.57592e+07,-545669,545669,1.2874e+07
0,0,0,0,0,2.57589e+07,-545662,545662,1.2874e+07
0,0,0,0,0,2.70634e+07,-573297,573297,1.2874e+07
0,0,0,0,0,2.70631e+07,-573290,573290,1.2874e+07
0,0,0,0,0,2.70628e+07,-573283,573283,1.2874e+07
0,0,0,0,0,2.70624e+07,-573276,573276,1.2874e+07
0,0,0,0,0,2.70621e+07,-573268,573268,1.2874e+07
0,0,0,0,0,2.67312e+07,-1.15703e+06,1.15703e+06,1.2874e+07
0,0,0,0,0,2.67308e+07,-1.15701e+06,1.15701e+06,1.2874e+07
0,0,0,0,0,2.67305e+07,-1.157e+06,1.157e+06,1.2874e+07
0,0,0,0,0,2.67302e+07,-1.15698e+06,1.15698e+06,1.2874e+07
0,0,0,0,0,2.73682e+07,-1.1846e+06,1.1846e+06,1.2874e+07
0,0,0,0,0,2.79602e+07,-592293,592293,1.2874e+07
0,0,0,0,0,2.79598e+07,-592285,592285,1.2874e+07
0,0,0,0,0,2.79595e+07,-592278,592278,1.2874e+07
0,0,0,0,0,2.94573e+07,-1.27502e+06,1.27502e+06,1.2874e+07
0,0,0,0,0,2.94569e+07,-1.27501e+06,1.27501e+06,1.2874e+07
0,0,0,0,0,2.94566e+07,-1.27499e+06,1.27499e+06,1.2874e+07
0,0,0,0,0,2.94562e+07,-1.27498e+06,1.27498e+06,1.2874e+07
0,0,0,0,0,2.94558e+07,-1.27496e+06,1.27496e+06,1.2874e+07
0,0,0,0,0,2.95214e+07,0,0,1.2874e+07
0,0,0,0,0,2.9521e+07,0,0,1.2874e+07
0,0,0,0,0,2.95206e+07,0,0,1.2874e+07
0,0,0,0,0,2.95202e+07,0,0,1.2874e+07
0,0,0,0,0,2.84612e+07,0,0,1.2874e+07
0,0,0,0,0,2.84608e+07,0,0,1.2874e+07
0,0,0,0,0,2.84605e+07,0,0,1.2874e+07
0,0,0,0,0,2.84601e+07,0,0,1.2874e+07
0,0,0,0,0,2.59645e+07,0,0,1.2874e+07
0,0,0,0,0,2.59642e+07,0,0,1.2874e+07
0,0,0,0,0,2.59639e+07,0,0,1.2874e+07
0,0,0,0,0,2.59636e+07,0,0,1.2874e+07
0,0,0,0,0,2.48861e+07,-1.07716e+06,1.07716e+06,1.2874e+07
