0volume,0demand,0up_spill,0ww_inflow,0catch_inflow,0evap,0ds_spill,0treat_cap,1volume,1demand,1up_spill,1ww_inflow,1catch_inflow,1evap,1ds_spill,1treat_cap,2volume,2s_area,2demand,2up_spill,2ww_inflow,2catch_inflow,2evap,2ds_spill,2treat_cap,2valloc_0,2talloc_0,2valloc_1,2talloc_1,3volume,3demand,3up_spill,3ww_inflow,3catch_inflow,3evap,3ds_spill,3treat_cap,3valloc_0,3talloc_0,3valloc_1,3talloc_1,3valloc_2,3talloc_2,4demand,4up_spill,4ww_inflow,4catch_inflow,4ds_spill,4treat_cap,11volume,11s_area,11demand,11up_spill,11ww_inflow,11catch_inflow,11evap,11ds_spill,11treat_cap
72.29,2.09699,0,0,4.01455,0.312743,1.60481,3.6288,61.308,0,0,0,0.843739,0.147209,0.69653,0.66528,12.849,1,0.372725,1.60481,0,44.6113,3.30928,42.5341,0.84672,12.849,0.84672,3695.15,0,0.0036966,5.36156e-05,0.667811,0,5.6315,0.864527,5.43473,0.42336,0.0018483,0.21168,0.0018483,0.21168,460.486,0,1.12031,0,0,1.78812,0.667811,1.028160,1,0,48.6653,0,0,0,48.6653,0
72.29,2.09793,0,0,3.28346,0.312743,0.872788,3.6288,61.308,0.175446,0,0,0.744932,0.147209,0.422277,0.66528,12.849,1,0.372891,0.872788,0,55.194,3.30928,52.3847,0.84672,12.849,0.84672,3695.15,0,0.0036966,5.2893e-06,0.503194,1.32838,5.78185,0.864527,6.7489,0.42336,0.0018483,0.21168,0.0018483,0.21168,460.486,0,0.945354,0,0,1.44855,0.503194,1.028160,1,0,59.5558,0,0,0,59.5558,0
72.29,2.09886,0,0,6.03437,0.312743,3.62277,3.6288,61.308,0.0931415,0,0,1.34694,0.147209,1.10659,0.66528,12.849,1,0.373057,3.62277,0,92.7062,3.30928,92.6466,0.84672,12.849,0.84672,3695.15,0,0.0036966,2.80801e-06,0.815391,1.32898,6.58893,0.864527,7.86877,0.42336,0.0018483,0.21168,0.0018483,0.21168,460.486,0,1.02816,0,0,1.84355,0.815391,1.028160,1,0,101.622,0,0,0,101.622,0
72.29,2.0998,0,0,6.41732,0.312743,4.00478,3.6288,61.308,0.0936408,0,0,1.84494,0.147209,1.60409,0.66528,12.849,1,0.373223,4.00478,0,87.2035,3.30928,87.5258,0.84672,12.849,0.84672,3695.15,0,0.0036966,2.82306e-06,1.57956,1.32957,7.73211,0.864527,9.77671,0.42336,0.0018483,0.21168,0.0018483,0.21168,460.486,0,1.02816,0,0,2.60772,1.57956,1.028160,1,0,98.9066,0,0,0,98.9066,0
72.29,2.30563,0,0,5.58845,0.334601,2.94821,3.6288,61.308,0.226095,0,0,1.71446,0.126209,1.36216,0.66528,12.849,1,0.409809,2.94821,0,107.059,3.67714,105.92,0.84672,12.849,0.84672,3695.15,0,0.0036966,6.81627e-06,1.67701,1.33016,7.16809,0.76413,9.41112,0.42336,0.0018483,0.21168,0.0018483,0.21168,460.486,0,1.02816,0,0,2.70517,1.67701,1.028160,1,0,116.694,0,0,0,116.694,0
72.29,2.30666,0,0,3.49621,0.316381,0.873171,3.6288,61.308,0.226653,0,0,1.05639,0.16194,0.667794,0.66528,12.849,1,0.409991,0.873171,0,64.4858,3.79297,61.1561,0.84672,12.849,0.84672,3695.15,0,0.0036966,6.8331e-06,0.76578,1.47793,4.61556,0.981592,5.87767,0.42336,0.0018483,0.21168,0.0018483,0.21168,460.486,0,1.02816,0,0,1.79394,0.76578,1.028160,1,0,67.7015,0,0,0,67.7015,0
72.29,2.30768,0,0,4.96708,0.344105,2.31529,3.6288,61.308,0.227212,0,0,1.23138,0.154627,0.849542,0.66528,12.849,1,0.410174,2.31529,0,74.1476,4.00249,72.0502,0.84672,12.849,0.84672,3695.15,0,0.0036966,6.84993e-06,1.18133,1.47859,5.2368,0.978207,6.9185,0.42336,0.0018483,0.21168,0.0018483,0.21168,460.486,0,1.02816,0,0,2.20949,1.18133,1.028160,1,0,79.8183,0,0,0,79.8183,0
72.29,2.30871,0,0,3.92794,0.344105,1.27513,3.6288,61.308,0.22777,0,0,0.960552,0.154627,0.578154,0.66528,12.849,1,0.410356,1.27513,0,88.4269,4.00249,85.2892,0.84672,12.849,0.84672,3695.15,0,0.0036966,6.86677e-06,0.889134,1.47924,4.5596,0.978207,5.94977,0.42336,0.0018483,0.21168,0.0018483,0.21168,460.486,0,1.02816,0,0,1.91729,0.889134,1.028160,1,0,91.8171,0,0,0,91.8171,0
72.29,2.01696,0,0,3.97714,0.360766,1.59941,3.6288,61.308,0.0509283,0,0,0.995319,0.124095,0.820296,0.66528,12.849,1,0.3585,1.59941,0,82.0031,3.96446,79.2796,0.84672,12.849,0.84672,3695.15,0,0.0036966,1.53538e-06,0.923685,1.4799,5.52318,0.864885,7.06188,0.42336,0.0018483,0.21168,0.0018483,0.21168,460.486,0,1.02816,0,0,1.95185,0.923685,1.028160,1,0,87.1617,0,0,0,87.1617,0
72.29,2.01786,0,0,3.45773,0.3458,1.09407,3.6288,61.308,0.0514083,0,0,1.01661,0.147456,0.817744,0.66528,12.849,1,0.35866,1.09407,0,87.798,4.05754,84.4758,0.84672,12.849,0.84672,3695.15,0,0.0036966,1.54984e-06,1.15343,1.27888,6.81524,0.921783,8.32576,0.42336,0.0018483,0.21168,0.0018483,0.21168,460.486,0,1.02816,0,0,2.18159,1.15343,1.028160,1,0,93.6193,0,0,0,93.6193,0
72.29,2.01876,0,0,3.0705,0.325203,0.726538,3.6288,61.308,0.123106,0,0,0.743213,0.182152,0.437955,0.66528,12.849,1,0.358819,0.726538,0,61.6553,4.14876,57.8743,0.84672,12.849,0.84672,3695.15,0,0.0036966,3.71136e-06,0.558835,1.27945,5.08859,1.0282,5.89867,0.42336,0.0018483,0.21168,0.0018483,0.21168,460.486,0,0.95694,0,0,1.51578,0.558835,1.028160,1,0,64.2109,0,0,0,64.2109,0
72.29,2.01966,0,0,3.1549,0.325203,0.810036,3.6288,61.308,0.152866,0,0,0.718943,0.182152,0.383925,0.66528,12.849,1,0.358979,0.810036,0,54.1459,4.14876,50.4482,0.84672,12.849,0.84672,3695.15,0,0.0036966,4.60857e-06,0.558835,1.28001,4.71436,1.0282,5.52501,0.42336,0.0018483,0.21168,0.0018483,0.21168,460.486,0,0.92766,0,0,1.48649,0.558835,1.028160,1,0,56.3572,0,0,0,56.3572,0
72.29,2.02055,0,0,3.67553,0.328632,1.32634,3.6288,61.308,0.0528486,0,0,0.801386,0.185477,0.56306,0.66528,12.849,1,0.359138,1.32634,0,64.2836,4.22148,61.0293,0.84672,12.849,0.84672,3695.15,0,0.0036966,1.59327e-06,0.674914,1.28058,5.04865,1.04437,5.95977,0.42336,0.0018483,0.21168,0.0018483,0.21168,460.486,0,1.02816,0,0,1.70307,0.674914,1.028160,1,0,67.5521,0,0,0,67.5521,0
72.29,2.09531,0,0,4.18207,0.349202,1.73756,3.6288,61.308,0.0968244,0,0,1.02034,0.205429,0.718087,0.66528,12.849,1,0.372426,1.73756,0,74.4763,4.6578,71.1836,0.84672,12.849,0.84672,3695.15,0,0.0036966,2.91904e-06,0.993704,1.28115,4.99897,1.14139,6.13243,0.42336,0.0018483,0.21168,0.0018483,0.21168,460.486,0,1.02816,0,0,2.02186,0.993704,1.028160,1,0,78.0341,0,0,0,78.0341,0
72.29,2.09624,0,0,3.32813,0.349202,0.882684,3.6288,61.308,0.0973243,0,0,0.827021,0.205429,0.524268,0.66528,12.849,1,0.372591,0.882684,0,53.8594,4.6578,49.7117,0.84672,12.849,0.84672,3695.15,0,0.0036966,2.93411e-06,0.63923,1.33163,4.71747,1.14139,5.54693,0.42336,0.0018483,0.21168,0.0018483,0.21168,460.486,0,1.02816,0,0,1.66739,0.63923,1.028160,1,0,55.7829,0,0,0,55.7829,0
72.29,2.09717,0,0,3.2314,0.294218,0.840012,3.6288,61.308,0.0978242,0,0,0.798794,0.18845,0.512519,0.66528,12.849,1,0.372757,0.840012,0,62.2991,3.7545,59.0118,0.84672,12.849,0.84672,3695.15,0,0.0036966,2.94918e-06,0.547059,1.33222,4.52301,1.03745,5.36484,0.42336,0.0018483,0.21168,0.0018483,0.21168,460.486,0,1.02816,0,0,1.57522,0.547059,1.028160,1,0,64.8892,0,0,0,64.8892,0
72.29,2.09811,0,0,3.03228,0.272224,0.661948,3.6288,61.308,0.158595,0,0,0.728281,0.181659,0.388027,0.66528,12.849,1,0.372922,0.661948,0,54.6911,3.39318,51.587,0.84672,12.849,0.84672,3695.15,0,0.0036966,4.78129e-06,0.528595,1.33281,4.34103,0.995868,5.20656,0.42336,0.0018483,0.21168,0.0018483,0.21168,460.486,0,0.967887,0,0,1.49648,0.528595,1.028160,1,0,57.1815,0,0,0,57.1815,0
72.29,2.07011,0,0,3.12418,0.263294,0.79078,3.6288,61.308,0.0819013,0,0,1.0077,0.162426,0.763376,0.66528,12.849,1,0.367946,0.79078,0,57.0431,3.65799,53.8079,0.84672,12.849,0.84672,3695.15,0,0.0036966,2.46914e-06,0.660623,1.3334,4.63357,1.02954,5.59805,0.42336,0.0018483,0.21168,0.0018483,0.21168,460.486,0,1.02816,0,0,1.68878,0.660623,1.028160,1,0,60.1694,0,0,0,60.1694,0
72.29,2.07103,0,0,2.87894,0.280209,0.527708,3.6288,61.308,0.0823941,0,0,0.972095,0.182039,0.707662,0.66528,12.849,1,0.368109,0.527708,0,51.9713,3.98245,48.1485,0.84672,12.849,0.84672,3695.15,0,0.0036966,2.484e-06,0.624119,1.31454,4.35575,1.06126,5.23315,0.42336,0.0018483,0.21168,0.0018483,0.21168,460.486,0,1.02816,0,0,1.65228,0.624119,1.028160,1,0,54.0893,0,0,0,54.0893,0
72.29,2.07195,0,0,2.65085,0.195941,0.382961,3.6288,61.308,0.0828872,0,0,0.856967,0.221277,0.552803,0.66528,12.849,1,0.368273,0.382961,0,47.5122,4.32841,43.1985,0.84672,12.849,0.84672,3695.15,0,0.0036966,2.49886e-06,0.492186,1.31512,4.05974,1.08192,4.78512,0.42336,0.0018483,0.21168,0.0018483,0.21168,460.486,0,1.02816,0,0,1.52035,0.492186,1.028160,1,0,48.5364,0,0,0,48.5364,0
72.2436,2.07286,0,0,2.58528,0.195941,0.36288,3.6288,61.308,0.0833802,0,0,0.957925,0.221277,0.653268,0.66528,12.849,1,0.368436,0.36288,0,46.0223,4.32841,41.6884,0.84672,12.849,0.84672,3695.15,0,0.0036966,2.51373e-06,0.68637,1.3157,4.80537,1.08192,5.72552,0.42336,0.0018483,0.21168,0.0018483,0.21168,460.486,0,1.02816,0,0,1.71453,0.68637,1.028160,1,0,48.0672,0,0,0,48.0672,0
71.8997,2.17195,0,0,2.39045,0.199467,0.36288,3.6288,61.308,0.177525,0,0,0.896478,0.217028,0.501924,0.66528,12.849,1,0.386295,0.36288,0,41.4164,4.7061,36.6868,0.84672,12.849,0.84672,3695.15,0,0.0036966,5.35198e-06,0.402797,1.31629,3.73241,1.12513,4.32636,0.42336,0.0018483,0.21168,0.0018483,0.21168,460.486,0,0.994628,0,0,1.39742,0.402797,1.028160,1,0,41.5151,0,0,0,41.5151,0
71.2283,2.17134,0,0,2.04231,0.179565,0.36288,3.6288,61.308,0.327858,0,0,0.665772,0.19577,0.142144,0.66528,12.849,1,0.388035,0.36288,0,34.7706,4.7541,29.9913,0.84672,12.849,0.84672,3695.15,0,0.0036966,9.88419e-06,0.402797,1.38503,3.01637,1.18021,3.62399,0.42336,0.0018483,0.21168,0.0018483,0.21168,460.486,0,0.844811,0,0,1.24761,0.402797,1.028160,1,0,33.7574,0,0,0,33.7574,0
70.4136,2.16921,0,0,1.86561,0.148217,0.36288,3.6288,61.308,0.227086,0,0,0.660156,0.199419,0.233651,0.66528,12.849,1,0.391307,0.36288,0,31.0765,4.8678,26.1803,0.84672,12.849,0.84672,3695.15,0,0.0036966,6.84613e-06,0.30119,1.38565,2.88128,1.14468,3.42344,0.42336,0.0018483,0.21168,0.0018483,0.21168,460.486,0,0.946106,0,0,1.2473,0.30119,1.028160,1,0,29.8374,0,0,0,29.8374,0
69.5657,2.16634,0,0,1.82862,0.147293,0.36288,3.6288,61.308,0.251167,0,0,0.713992,0.199419,0.263406,0.66528,12.849,1,0.395311,0.36288,0,29.7702,4.8678,24.87,0.84672,12.849,0.84672,3695.15,0,0.0036966,7.57212e-06,0.30119,1.38626,3.10465,1.14468,3.64742,0.42336,0.0018483,0.21168,0.0018483,0.21168,460.486,0,0.922545,0,0,1.22374,0.30119,1.028160,1,0,28.7808,0,0,0,28.7808,0
68.5978,2.16323,0,0,1.70003,0.141762,0.36288,3.6288,61.308,0.290799,0,0,0.666161,0.206474,0.168888,0.66528,12.849,1,0.399555,0.36288,0,27.5038,4.88244,22.5847,0.84672,12.849,0.84672,3695.15,0,0.0036966,8.76695e-06,0.30119,1.38688,2.74958,1.15808,3.27956,0.42336,0.0018483,0.21168,0.0018483,0.21168,460.486,0,0.883431,0,0,1.18462,0.30119,1.028160,1,0,26.0331,0,0,0,26.0331,0
67.543,2.1401,0,0,1.5616,0.113487,0.36288,3.6288,61.308,0.216448,0,0,0.721043,0.248802,0.255793,0.66528,12.849,1,0.400859,0.36288,0,23.3851,4.97028,18.3769,0.84672,12.849,0.84672,3695.15,0,0.0036966,6.52543e-06,0.30119,1.38749,2.95351,1.2385,3.40369,0.42336,0.0018483,0.21168,0.0018483,0.21168,460.486,0,0.991423,0,0,1.29261,0.30119,1.028160,1,0,22.0363,0,0,0,22.0363,0
66.3595,2.13578,0,0,1.42776,0.112552,0.36288,3.6288,61.308,0.180247,0,0,0.703737,0.248802,0.274688,0.66528,12.849,1,0.406299,0.36288,0,23.055,4.97028,18.0413,0.84672,12.849,0.84672,3695.15,0,0.0036966,5.43406e-06,0.288196,1.40939,2.9172,1.2385,3.37629,0.42336,0.0018483,0.21168,0.0018483,0.21168,460.486,0,1.02816,0,0,1.31636,0.288196,1.028160,1,0,21.6922,0,0,0,21.6922,0
65.0594,2.13065,0,0,1.30486,0.111504,0.36288,3.6288,61.308,0.345258,0,0,0.6581,0.248802,0.064041,0.66528,12.849,1,0.412552,0.36288,0,21.6853,4.97028,16.6653,0.84672,12.849,0.84672,3695.15,0,0.0036966,1.04087e-05,0.261274,1.41002,2.77595,1.2385,3.20874,0.42336,0.0018483,0.21168,0.0018483,0.21168,460.486,0,0.86368,0,0,1.12495,0.261274,1.028160,1,0,19.9381,0,0,0,19.9381,0
63.6793,2.12471,0,0,1.19985,0.0923577,0.36288,3.6288,61.2939,0.34505,0,0,0.623647,0.292678,0,0.66528,12.849,1,0.419623,0.36288,0,19.4156,5.53488,13.824,0.84672,12.849,0.84672,3695.15,0,0.0036966,1.04025e-05,0.261274,1.41064,2.6431,1.44459,2.87041,0.42336,0.0018483,0.21168,0.0018483,0.21168,460.486,0,0.864423,0,0,1.1257,0.261274,1.028160,1,0,16.6944,0,0,0,16.6944,0
62.3052,2.16751,0,0,1.23805,0.08167,0.36288,3.6288,61.192,0.425272,0,0,0.653369,0.329971,0,0.66528,12.849,1,0.437353,0.36288,0,18.3231,6.1027,12.1459,0.84672,12.849,0.84672,3695.15,0,0.0036966,1.28239e-05,0.261274,1.41127,2.56084,1.52645,2.70692,0.42336,0.0018483,0.21168,0.0018483,0.21168,460.486,0,0.814303,0,0,1.07558,0.261274,1.028160,1,0,14.8528,0,0,0,14.8528,0
60.9861,2.16047,0,0,1.28646,0.0822154,0.36288,3.6288,61.308,0.217793,0,0,0.70994,0.331523,0.0446703,0.66528,12.849,1,0.445546,0.36288,0,25.732,6.16045,19.4889,0.84672,12.849,0.84672,3695.15,0,0.0036966,6.57842e-06,0.261274,1.44587,2.92475,1.49737,3.13451,0.42336,0.0018483,0.21168,0.0018483,0.21168,460.486,0,1.02234,0,0,1.28361,0.261274,1.028160,1,0,22.6681,0,0,0,22.6681,0
59.5883,2.15346,0,0,1.1998,0.0813251,0.36288,3.6288,61.308,0.212519,0,0,0.628811,0.331766,0.0845266,0.66528,12.849,1,0.453707,0.36288,0,20.3563,6.16045,14.105,0.84672,12.849,0.84672,3695.15,0,0.0036966,6.40697e-06,0.238913,1.44651,2.66962,1.49737,2.85766,0.42336,0.0018483,0.21168,0.0018483,0.21168,460.486,0,1.02816,0,0,1.26707,0.238913,1.028160,1,0,17.0472,0,0,0,17.0472,0
58.0908,2.14565,0,0,1.09134,0.0803122,0.36288,3.6288,61.167,0.399851,0,0,0.590655,0.331766,0,0.66528,12.849,1,0.462667,0.36288,0,18.7184,6.16045,12.4581,0.84672,12.849,0.84672,3695.15,0,0.0036966,1.20546e-05,0.227405,1.44715,2.44329,1.49737,2.62046,0.42336,0.0018483,0.21168,0.0018483,0.21168,460.486,0,0.841372,0,0,1.06878,0.227405,1.028160,1,0,15.0786,0,0,0,15.0786,0
56.5493,2.27954,0,0,1.17509,0.0741123,0.36288,3.6288,61.1843,0.320527,0,0,0.677693,0.339886,0,0.66528,12.849,1,0.504208,0.36288,0,17.6019,6.25077,11.2098,0.84672,12.849,0.84672,3695.15,0,0.0036966,9.68543e-06,0.302331,1.44779,3.41512,1.51695,3.64829,0.42336,0.0018483,0.21168,0.0018483,0.21168,460.486,0,1.02816,0,0,1.33049,0.302331,1.028160,1,0,14.8581,0,0,0,14.8581,0
54.8351,2.26935,0,0,0.993669,0.0756166,0.36288,3.6288,60.7561,0.603436,0,0,0.527165,0.351908,0,0.66528,12.849,1,0.515635,0.36288,0,13.412,6.21485,7.04444,0.84672,12.849,0.84672,3695.15,0,0.0036966,1.8229e-05,0.227405,1.56369,2.48356,1.5136,2.76104,0.42336,0.0018483,0.21168,0.0018483,0.21168,460.486,0,0.745839,0,0,0.973244,0.227405,1.028160,1,0,9.80549,0,0,0,9.80549,0
53.1988,2.25728,0,0,1.05812,0.0743347,0.36288,3.6288,60.6989,0.354767,0,0,0.648443,0.350954,0,0.66528,12.849,1,0.528928,0.36288,0,17.0671,6.21485,10.6862,0.84672,12.849,0.84672,3695.15,0,0.0036966,1.07926e-05,0.204422,1.56438,2.77404,1.5136,3.02924,0.42336,0.0018483,0.21168,0.0018483,0.21168,460.486,0,0.995112,0,0,1.19953,0.204422,1.028160,1,0,13.7155,0,0,0,13.7155,0
51.3881,2.24517,0,0,0.870515,0.073111,0.36288,3.6288,60.0852,0.735072,0,0,0.472246,0.350827,0,0.66528,12.849,1,0.542272,0.36288,0,15.6362,6.21485,9.242,0.84672,12.849,0.84672,3695.15,0,0.0036966,2.23832e-05,0.204422,1.56508,2.27206,1.5136,2.52794,0.42336,0.0018483,0.21168,0.0018483,0.21168,460.486,0,0.615393,0,0,0.819815,0.204422,1.028160,1,0,11.7699,0,0,0,11.7699,0
49.8075,2.23087,0,0,1.08484,0.071757,0.36288,3.6288,60.2309,0.322915,0,0,0.818075,0.349461,0,0.66528,12.849,1,0.557803,0.36288,0,15.2415,6.21485,8.83171,0.84672,12.849,0.84672,3695.15,0,0.0036966,9.93328e-06,0.591952,1.56577,3.54366,1.5136,4.18778,0.42336,0.0018483,0.21168,0.0018483,0.21168,460.486,0,1.02816,0,0,1.62011,0.591952,1.028160,1,0,13.0195,0,0,0,13.0195,0
48.9046,2.15011,0,0,1.70902,0.0988578,0.36288,3.6288,60.6911,0.258479,0,0,1.02507,0.30642,0,0.66528,12.849,1,0.554671,0.36288,0,24.1499,5.0737,18.8844,0.84672,12.849,0.84672,3695.15,0,0.0036966,7.93191e-06,0.380791,1.56646,4.84135,1.38427,5.40433,0.42336,0.0018483,0.21168,0.0018483,0.21168,460.486,0,1.02816,0,0,1.40895,0.380791,1.028160,1,0,24.2888,0,0,0,24.2888,0
47.7764,2.14295,0,0,1.4755,0.097906,0.36288,3.6288,61.308,0.259048,0,0,1.48411,0.307318,0.300822,0.66528,12.849,1,0.563029,0.36288,0,20.9024,5.0737,15.6286,0.84672,12.849,0.84672,3695.15,0,0.0036966,7.8891e-06,1.39877,1.50095,5.51716,1.38427,7.03261,0.42336,0.0018483,0.21168,0.0018483,0.21168,460.486,0,1.02816,0,0,2.42693,1.39877,1.028160,1,0,22.962,0,0,0,22.962,0
46.4638,2.13341,0,0,1.28044,0.0967124,0.36288,3.6288,61.308,0.259617,0,0,0.821249,0.308521,0.253112,0.66528,12.849,1,0.57376,0.36288,0,21.4628,5.0737,16.1782,0.84672,12.849,0.84672,3695.15,0,0.0036966,7.82687e-06,0.385664,1.50162,4.0923,1.38427,4.59531,0.42336,0.0018483,0.21168,0.0018483,0.21168,460.486,0,1.02816,0,0,1.41382,0.385664,1.028160,1,0,21.0266,0,0,0,21.0266,0
45.1295,2.12165,0,0,1.24555,0.0953238,0.36288,3.6288,61.308,0.260186,0,0,0.759741,0.308521,0.191034,0.66528,12.849,1,0.586716,0.36288,0,19.6059,5.0737,14.3083,0.84672,12.849,0.84672,3695.15,0,0.0036966,7.84403e-06,0.264669,1.50228,4.0211,1.38427,4.40378,0.42336,0.0018483,0.21168,0.0018483,0.21168,460.486,0,1.02816,0,0,1.29283,0.264669,1.028160,1,0,18.9032,0,0,0,18.9032,0
44.0447,2.05459,0,0,1.52474,0.192052,0.36288,3.6288,61.308,0.201454,0,0,0.966743,0.175147,0.590142,0.66528,12.849,1,0.584971,0.36288,0,27.1403,3.66494,23.2533,0.84672,12.849,0.84672,3695.15,0,0.0036966,6.07338e-06,0.42328,1.50295,4.08008,0.927248,5.07905,0.42336,0.0018483,0.21168,0.0018483,0.21168,460.486,0,1.02816,0,0,1.45144,0.42328,1.028160,1,0,28.9225,0,0,0,28.9225,0
43.4772,2.04434,0,0,2.02297,0.18331,0.36288,3.6288,61.308,0.201997,0,0,0.977657,0.154713,0.620947,0.66528,12.849,1,0.596388,0.36288,0,39.7927,3.69841,35.8608,0.84672,12.849,0.84672,3695.15,0,0.0036966,6.08976e-06,0.595045,1.44467,5.39717,0.925198,6.51169,0.42336,0.0018483,0.21168,0.0018483,0.21168,460.486,0,1.02816,0,0,1.62321,0.595045,1.028160,1,0,42.9934,0,0,0,42.9934,0
44.1017,2.03923,0,0,3.20872,0.182124,0.36288,3.6288,61.308,0.20254,0,0,2.04678,0.154713,1.68953,0.66528,12.849,1,0.602663,0.36288,0,54.1413,3.69841,50.2032,0.84672,12.849,0.84672,3695.15,0,0.0036966,6.10614e-06,1.75323,1.44531,8.6902,0.925198,10.9635,0.42336,0.0018483,0.21168,0.0018483,0.21168,460.486,0,1.02816,0,0,2.78139,1.75323,1.028160,1,0,62.8562,0,0,0,62.8562,0
43.5702,2.04674,0,0,2.06155,0.183429,0.36288,3.6288,61.308,0.203084,0,0,1.52607,0.154713,1.16827,0.66528,12.849,1,0.596318,0.36288,0,37.2377,3.69841,33.3059,0.84672,12.849,0.84672,3695.15,0,0.0036966,6.12253e-06,1.38434,1.44595,8.57396,0.925198,10.479,0.42336,0.0018483,0.21168,0.0018483,0.21168,460.486,0,1.02816,0,0,2.4125,1.38434,1.028160,1,0,44.9532,0,0,0,44.9532,0
44.3724,1.88824,0,0,3.28667,0.233353,0.36288,3.6288,61.308,0.0799016,0,0,1.26694,0.176881,1.01016,0.66528,12.849,1,0.556849,0.36288,0,65.0315,3.97985,60.8576,0.84672,12.849,0.84672,3695.15,0,0.0036966,2.40886e-06,1.08456,1.44659,9.42359,1.00111,10.9536,0.42336,0.0018483,0.21168,0.0018483,0.21168,460.486,0,1.02816,0,0,2.11272,1.08456,1.028160,1,0,72.8214,0,0,0,72.8214,0
44.4905,1.89688,0,0,2.59835,0.220469,0.36288,3.6288,61.308,0.0803909,0,0,0.787157,0.171938,0.534828,0.66528,12.849,1,0.549285,0.36288,0,35.2578,3.66859,31.4028,0.84672,12.849,0.84672,3695.15,0,0.0036966,2.42361e-06,0.952776,1.31431,4.3532,0.953972,5.66632,0.42336,0.0018483,0.21168,0.0018483,0.21168,460.486,0,1.02816,0,0,1.98094,0.952776,1.028160,1,0,37.6039,0,0,0,37.6039,0
47.1687,1.89885,0,0,5.16125,0.221275,0.36288,3.6288,61.308,0.0808801,0,0,1.31123,0.179973,1.05038,0.66528,12.849,1,0.548395,0.36288,0,71.6126,3.78903,67.6381,0.84672,12.849,0.84672,3695.15,0,0.0036966,2.43835e-06,2.18398,1.3149,6.68442,1.00147,9.18182,0.42336,0.0018483,0.21168,0.0018483,0.21168,460.486,0,1.02816,0,0,3.21214,2.18398,1.028160,1,0,77.8703,0,0,0,77.8703,0
49.1783,1.92418,0,0,4.52435,0.22772,0.36288,3.6288,61.308,0.0813695,0,0,1.01747,0.23769,0.698412,0.66528,12.849,1,0.524156,0.36288,0,62.2724,4.5057,57.6054,0.84672,12.849,0.84672,3695.15,0,0.0036966,2.45311e-06,1.08975,1.31548,6.55993,1.26425,7.70089,0.42336,0.0018483,0.21168,0.0018483,0.21168,460.486,0,1.02816,0,0,2.11791,1.08975,1.028160,1,0,66.0047,0,0,0,66.0047,0
53.2985,1.94202,0,0,6.63384,0.208744,0.36288,3.6288,61.308,0.0818591,0,0,1.95229,0.201385,1.66904,0.66528,12.849,1,0.507398,0.36288,0,89.3799,3.39728,85.8381,0.84672,12.849,0.84672,3695.15,0,0.0036966,2.46787e-06,3.13965,1.31606,10.0074,0.894197,13.5689,0.42336,0.0018483,0.21168,0.0018483,0.21168,460.486,0,1.02816,0,0,4.16781,3.13965,1.028160,1,0,101.076,0,0,0,101.076,0
54.3174,2.03633,0,0,3.63468,0.216597,0.36288,3.6288,61.308,0.118244,0,0,1.96286,0.20464,1.63998,0.66528,12.849,1,0.490911,0.36288,0,60.146,3.32177,56.6962,0.84672,12.849,0.84672,3695.15,0,0.0036966,3.5648e-06,2.25081,1.31664,9.21145,1.07033,11.7086,0.42336,0.0018483,0.21168,0.0018483,0.21168,460.486,0,1.02816,0,0,3.27897,2.25081,1.028160,1,0,70.0447,0,0,0,70.0447,0
55.9944,2.04465,0,0,4.30318,0.218628,0.36288,3.6288,61.308,0.118734,0,0,2.91496,0.205183,2.59105,0.66528,12.849,1,0.483671,0.36288,0,80.6423,3.30918,77.2123,0.84672,12.849,0.84672,3695.15,0,0.0036966,3.57957e-06,3.02221,1.35933,10.4294,1.09969,13.7113,0.42336,0.0018483,0.21168,0.0018483,0.21168,460.486,0,1.02816,0,0,4.05037,3.02221,1.028160,1,0,93.5147,0,0,0,93.5147,0
56.5297,2.05732,0,0,3.17791,0.222336,0.36288,3.6288,61.308,0.119224,0,0,3.29904,0.205183,2.97463,0.66528,12.849,1,0.472091,0.36288,0,52.7606,3.30918,49.3422,0.84672,12.849,0.84672,3695.15,0,0.0036966,3.59434e-06,3.63717,1.35991,7.27972,1.09969,11.1771,0.42336,0.0018483,0.21168,0.0018483,0.21168,460.486,0,1.02816,0,0,4.66533,3.63717,1.028160,1,0,63.4939,0,0,0,63.4939,0
56.0981,2.06184,0,0,2.21657,0.223519,0.36288,3.6288,61.308,0.119714,0,0,2.25494,0.205183,1.93004,0.66528,12.849,1,0.468649,0.36288,0,40.1979,3.30918,36.7829,0.84672,12.849,0.84672,3695.15,0,0.0036966,3.60912e-06,2.09843,1.3605,6.31475,1.09969,8.67399,0.42336,0.0018483,0.21168,0.0018483,0.21168,460.486,0,1.02816,0,0,3.12659,2.09843,1.028160,1,0,47.3869,0,0,0,47.3869,0
55.5472,2.26069,0,0,2.35734,0.284624,0.36288,3.6288,61.308,0.255224,0,0,2.60441,0.176568,2.17261,0.66528,12.849,1,0.517801,0.36288,0,48.6604,3.39515,45.1103,0.84672,12.849,0.84672,3695.15,0,0.0036966,7.69445e-06,2.67308,1.36108,9.98249,1.01068,13.006,0.42336,0.0018483,0.21168,0.0018483,0.21168,460.486,0,1.02816,0,0,3.70124,2.67308,1.028160,1,0,60.2889,0,0,0,60.2889,0
59.3044,2.25748,0,0,6.6577,0.280112,0.36288,3.6288,61.308,0.255772,0,0,3.16283,0.200159,2.7069,0.66528,12.849,1,0.522194,0.36288,0,92.213,3.71542,88.3383,0.84672,12.849,0.84672,3695.15,0,0.0036966,7.71097e-06,4.49793,1.51225,12.3471,1.05469,17.3026,0.42336,0.0018483,0.21168,0.0018483,0.21168,460.486,0,1.02816,0,0,5.52609,4.49793,1.028160,1,0,108.348,0,0,0,108.348,0
59.7264,2.28566,0,0,3.36113,0.290624,0.36288,3.6288,61.308,0.256321,0,0,1.80536,0.200159,1.34888,0.66528,12.849,1,0.495214,0.36288,0,56.3441,3.71542,52.4964,0.84672,12.849,0.84672,3695.15,0,0.0036966,7.7275e-06,2.36113,1.5129,7.40083,1.05469,10.2202,0.42336,0.0018483,0.21168,0.0018483,0.21168,460.486,0,1.02816,0,0,3.38929,2.36113,1.028160,1,0,64.0654,0,0,0,64.0654,0
59.6807,2.28951,0,0,2.8658,0.2591,0.36288,3.6288,61.308,0.256869,0,0,1.4967,0.212517,1.02731,0.66528,12.849,1,0.492545,0.36288,0,41.3209,3.64046,37.5508,0.84672,12.849,0.84672,3695.15,0,0.0036966,7.74403e-06,1.73195,1.51354,7.04629,1.00448,9.2873,0.42336,0.0018483,0.21168,0.0018483,0.21168,460.486,0,1.02816,0,0,2.76011,1.73195,1.028160,1,0,47.8654,0,0,0,47.8654,0
60.3345,1.99988,0,0,3.29073,0.274226,0.36288,3.6288,61.308,0.0759102,0,0,2.32962,0.191177,2.06253,0.66528,12.849,1,0.430566,0.36288,0,56.5755,3.35125,53.1566,0.84672,12.849,0.84672,3695.15,0,0.0036966,2.28852e-06,3.26734,1.51419,9.78074,0.86502,13.6972,0.42336,0.0018483,0.21168,0.0018483,0.21168,460.486,0,1.02816,0,0,4.2955,3.26734,1.028160,1,0,68.9163,0,0,0,68.9163,0
62.3415,2.00459,0,0,4.67824,0.303693,0.36288,3.6288,61.308,0.0763814,0,0,2.68684,0.159978,2.45048,0.66528,12.849,1,0.426902,0.36288,0,89.8396,2.98231,86.7932,0.84672,12.849,0.84672,3695.15,0,0.0036966,2.30273e-06,3.84695,1.30848,9.64069,0.690231,14.1059,0.42336,0.0018483,0.21168,0.0018483,0.21168,460.486,0,1.02816,0,0,4.87511,3.84695,1.028160,1,0,103.35,0,0,0,103.35,0
65.282,2.01684,0,0,5.62892,0.308779,0.36288,3.6288,61.308,0.0768527,0,0,2.41741,0.159978,2.18058,0.66528,12.849,1,0.415685,0.36288,0,93.0804,2.98231,90.0453,0.84672,12.849,0.84672,3695.15,0,0.0036966,2.31694e-06,4.09582,1.30904,10.7136,0.690231,15.4282,0.42336,0.0018483,0.21168,0.0018483,0.21168,460.486,0,1.02816,0,0,5.12398,4.09582,1.028160,1,0,107.654,0,0,0,107.654,0
67.3781,2.03336,0,0,4.79841,0.306014,0.36288,3.6288,61.308,0.0773242,0,0,2.69279,0.218283,2.39719,0.66528,12.849,1,0.400212,0.36288,0,78.4555,4.27812,74.1401,0.84672,12.849,0.84672,3695.15,0,0.0036966,2.33115e-06,4.11021,1.3096,10.7091,1.04344,15.0855,0.42336,0.0018483,0.21168,0.0018483,0.21168,460.486,0,1.02816,0,0,5.13837,4.11021,1.028160,1,0,91.6227,0,0,0,91.6227,0
69.2659,2.04469,0,0,4.60654,0.311154,0.36288,3.6288,61.308,0.0777958,0,0,2.61476,0.218283,2.31868,0.66528,12.849,1,0.389922,0.36288,0,76.2255,4.27812,71.9204,0.84672,12.849,0.84672,3695.15,0,0.0036966,2.34537e-06,3.94845,1.31016,9.8267,1.04344,14.0419,0.42336,0.0018483,0.21168,0.0018483,0.21168,460.486,0,1.02816,0,0,4.97661,3.94845,1.028160,1,0,88.2809,0,0,0,88.2809,0
72.29,2.1296,0,0,6.67152,0.326362,1.19149,3.6288,61.308,0.122766,0,0,4.09673,0.170535,3.80343,0.66528,12.849,1,0.395045,1.19149,0,173.598,4.51437,169.88,0.84672,12.849,0.84672,3695.15,0,0.0036966,3.70111e-06,5.58635,1.31072,13.2748,0.871075,19.3008,0.42336,0.0018483,0.21168,0.0018483,0.21168,460.486,0,1.02816,0,0,6.61451,5.58635,1.028160,1,0,192.985,0,0,0,192.985,0
72.29,2.14454,0,0,5.4001,0.334026,2.92153,3.6288,61.308,0.123257,0,0,3.3892,0.170535,3.0954,0.66528,12.849,1,0.381176,2.92153,0,120.426,4.51437,118.452,0.84672,12.849,0.84672,3695.15,0,0.0036966,3.71591e-06,5.06223,1.36234,11.0916,0.871075,16.6451,0.42336,0.0018483,0.21168,0.0018483,0.21168,460.486,0,1.02816,0,0,6.09039,5.06223,1.028160,1,0,138.193,0,0,0,138.193,0
72.29,2.14546,0,0,4.71987,0.334026,2.24038,3.6288,61.308,0.123747,0,0,3.08927,0.170535,2.79498,0.66528,12.849,1,0.381339,2.24038,0,103.094,4.51437,100.439,0.84672,12.849,0.84672,3695.15,0,0.0036966,3.73071e-06,4.71536,1.36292,9.93911,0.871075,15.1463,0.42336,0.0018483,0.21168,0.0018483,0.21168,460.486,0,1.02816,0,0,5.74352,4.71536,1.028160,1,0,118.38,0,0,0,118.38,0
72.29,2.14637,0,0,5.01028,0.30278,2.56112,3.6288,61.308,0.124238,0,0,3.03809,0.152768,2.76109,0.66528,12.849,1,0.381501,2.56112,0,98.445,3.82595,96.7987,0.84672,12.849,0.84672,3695.15,0,0.0036966,3.74551e-06,4.31795,1.3635,10.564,0.861061,15.3844,0.42336,0.0018483,0.21168,0.0018483,0.21168,460.486,0,1.02816,0,0,5.34611,4.31795,1.028160,1,0,114.944,0,0,0,114.944,0
72.29,2.11769,0,0,4.57361,0.26982,2.1861,3.6288,61.308,0.107417,0,0,1.91767,0.190457,1.6198,0.66528,12.849,1,0.376404,2.1861,0,97.8558,4.33703,95.3284,0.84672,12.849,0.84672,3695.15,0,0.0036966,3.2384e-06,3.45741,1.36408,8.62479,0.973596,12.4727,0.42336,0.0018483,0.21168,0.0018483,0.21168,460.486,0,1.02816,0,0,4.48557,3.45741,1.028160,1,0,109.421,0,0,0,109.421,0
72.29,2.11859,0,0,3.9941,0.261635,1.61387,3.6288,61.308,0.107901,0,0,1.33683,0.208375,1.02056,0.66528,12.849,1,0.376564,1.61387,0,84.9303,4.6516,81.516,0.84672,12.849,0.84672,3695.15,0,0.0036966,3.25298e-06,2.58968,1.34475,7.41563,1.02021,10.3298,0.42336,0.0018483,0.21168,0.0018483,0.21168,460.486,0,1.02816,0,0,3.61784,2.58968,1.028160,1,0,92.8664,0,0,0,92.8664,0
72.29,2.1195,0,0,3.67526,0.261635,1.29412,3.6288,61.308,0.108385,0,0,1.3252,0.208375,1.00844,0.66528,12.849,1,0.376725,1.29412,0,76.6861,4.6516,72.9518,0.84672,12.849,0.84672,3695.15,0,0.0036966,3.26757e-06,2.6443,1.34533,7.08584,1.02021,10.0552,0.42336,0.0018483,0.21168,0.0018483,0.21168,460.486,0,1.02816,0,0,3.67246,2.6443,1.028160,1,0,84.0155,0,0,0,84.0155,0
72.29,2.1204,0,0,3.55009,0.267065,1.16263,3.6288,61.308,0.108869,0,0,1.69423,0.196734,1.38862,0.66528,12.849,1,0.376885,1.16263,0,74.0802,4.54093,70.325,0.84672,12.849,0.84672,3695.15,0,0.0036966,3.28217e-06,3.41633,1.3459,8.77012,0.979154,12.5532,0.42336,0.0018483,0.21168,0.0018483,0.21168,460.486,0,1.02816,0,0,4.44449,3.41633,1.028160,1,0,84.2668,0,0,0,84.2668,0
72.29,2.22193,0,0,3.19868,0.231391,0.745362,3.6288,61.308,0.170852,0,0,1.28944,0.16789,0.950701,0.66528,12.849,1,0.394931,0.745362,0,60.1587,4.18199,56.3271,0.84672,12.849,0.84672,3695.15,0,0.0036966,5.15081e-06,2.33674,1.34647,6.77679,0.879921,9.58008,0.42336,0.0018483,0.21168,0.0018483,0.21168,460.486,0,1.02816,0,0,3.3649,2.33674,1.028160,1,0,66.8579,0,0,0,66.8579,0
72.2295,2.22288,0,0,2.69686,0.171618,0.36288,3.6288,61.308,0.171362,0,0,1.07013,0.230966,0.667804,0.66528,12.849,1,0.3951,0.36288,0,45.2538,4.41567,40.8059,0.84672,12.849,0.84672,3695.15,0,0.0036966,5.1662e-06,1.5942,1.41677,5.36339,1.14128,7.23308,0.42336,0.0018483,0.21168,0.0018483,0.21168,460.486,0,1.02816,0,0,2.62236,1.5942,1.028160,1,0,48.7068,0,0,0,48.7068,0
72.0531,2.22354,0,0,2.58161,0.171539,0.36288,3.6288,61.308,0.171873,0,0,0.999881,0.230966,0.597042,0.66528,12.849,1,0.395549,0.36288,0,42.5406,4.41567,38.0923,0.84672,12.849,0.84672,3695.15,0,0.0036966,5.18159e-06,1.36336,1.41737,4.96125,1.14128,6.6007,0.42336,0.0018483,0.21168,0.0018483,0.21168,460.486,0,1.02816,0,0,2.39152,1.36336,1.028160,1,0,45.29,0,0,0,45.29,0
71.5928,2.22367,0,0,2.2975,0.171309,0.36288,3.6288,61.308,0.172384,0,0,0.917378,0.230966,0.514028,0.66528,12.849,1,0.396539,0.36288,0,38.3625,4.41567,33.9132,0.84672,12.849,0.84672,3695.15,0,0.0036966,5.19699e-06,1.15182,1.41798,4.781,1.14128,6.20951,0.42336,0.0018483,0.21168,0.0018483,0.21168,460.486,0,1.02816,0,0,2.17998,1.15182,1.028160,1,0,40.6368,0,0,0,40.6368,0
71.0568,2.22245,0,0,2.16995,0.120589,0.36288,3.6288,61.308,0.172895,0,0,0.881047,0.264018,0.444134,0.66528,12.849,1,0.398871,0.36288,0,34.1929,4.79052,29.3664,0.84672,12.849,0.84672,3695.15,0,0.0036966,5.2124e-06,1.0696,1.41858,4.55343,1.23706,5.80454,0.42336,0.0018483,0.21168,0.0018483,0.21168,460.486,0,1.02816,0,0,2.09776,1.0696,1.028160,1,0,35.6151,0,0,0,35.6151,0
69.4976,2.20096,0,0,1.11113,0.10649,0.36288,3.6288,61.308,0.207278,0,0,0.685238,0.282716,0.195244,0.66528,12.849,1,0.397993,0.36288,0,25.9752,5.16568,20.7744,0.84672,12.849,0.84672,3695.15,0,0.0036966,6.24898e-06,0.512266,1.41919,3.1689,1.2617,3.83865,0.42336,0.0018483,0.21168,0.0018483,0.21168,460.486,0,1.02816,0,0,1.54043,0.512266,1.028160,1,0,24.8083,0,0,0,24.8083,0
67.8863,2.19435,0,0,1.05118,0.105218,0.36288,3.6288,61.308,0.207804,0,0,0.65029,0.282716,0.15977,0.66528,12.849,1,0.405701,0.36288,0,26.0591,5.16568,20.8506,0.84672,12.849,0.84672,3695.15,0,0.0036966,6.26483e-06,0.395047,1.44156,3.37294,1.2617,3.94784,0.42336,0.0018483,0.21168,0.0018483,0.21168,460.486,0,1.02816,0,0,1.42321,0.395047,1.028160,1,0,24.9582,0,0,0,24.9582,0
66.1897,2.18718,0,0,0.957372,0.103904,0.36288,3.6288,61.308,0.20833,0,0,0.640414,0.282716,0.149369,0.66528,12.849,1,0.413973,0.36288,0,25.4533,5.16568,20.2365,0.84672,12.849,0.84672,3695.15,0,0.0036966,6.28068e-06,0.416664,1.44217,3.25355,1.2617,3.85068,0.42336,0.0018483,0.21168,0.0018483,0.21168,460.486,0,1.02816,0,0,1.44482,0.416664,1.028160,1,0,24.2365,0,0,0,24.2365,0
64.408,2.17922,0,0,0.862851,0.10252,0.36288,3.6288,61.308,0.237427,0,0,0.596359,0.282716,0.0762158,0.66528,12.849,1,0.423039,0.36288,0,23.5913,5.16568,18.3655,0.84672,12.849,0.84672,3695.15,0,0.0036966,7.1579e-06,0.261274,1.44278,3.09779,1.2617,3.54014,0.42336,0.0018483,0.21168,0.0018483,0.21168,460.486,0,0.999588,0,0,1.26086,0.261274,1.028160,1,0,21.9819,0,0,0,21.9819,0
62.4795,2.22104,0,0,0.735342,0.0799172,0.36288,3.6288,61.1111,0.434395,0,0,0.557499,0.319954,0,0.66528,12.849,1,0.443084,0.36288,0,19.9286,5.81965,14.0287,0.84672,12.849,0.84672,3695.15,0,0.0036966,1.3096e-05,0.261274,1.4434,2.5472,1.46463,2.78723,0.42336,0.0018483,0.21168,0.0018483,0.21168,460.486,0,0.83338,0,0,1.09465,0.261274,1.028160,1,0,16.816,0,0,0,16.816,0
60.6106,2.21064,0,0,0.775457,0.0707683,0.36288,3.6288,61.2947,0.24016,0,0,0.752026,0.328277,0,0.66528,12.849,1,0.454621,0.36288,0,24.7607,6.06312,18.6058,0.84672,12.849,0.84672,3695.15,0,0.0036966,7.2636e-06,0.279435,1.47876,2.70748,1.52666,2.93901,0.42336,0.0018483,0.21168,0.0018483,0.21168,460.486,0,1.02816,0,0,1.30759,0.279435,1.028160,1,0,21.5448,0,0,0,21.5448,0
58.6839,2.2,0,0,0.705853,0.0696841,0.36288,3.6288,61.308,0.240699,0,0,0.620266,0.328659,0.0376469,0.66528,12.849,1,0.466384,0.36288,0,19.9435,6.06312,13.7769,0.84672,12.849,0.84672,3695.15,0,0.0036966,7.2581e-06,0.307662,1.47939,2.51586,1.52666,2.77624,0.42336,0.0018483,0.21168,0.0018483,0.21168,460.486,0,1.02816,0,0,1.33582,0.307662,1.028160,1,0,16.5908,0,0,0,16.5908,0
56.7062,2.18837,0,0,0.641952,0.068432,0.36288,3.6288,61.1878,0.369175,0,0,0.577651,0.328686,0,0.66528,12.849,1,0.479149,0.36288,0,18.5918,6.06312,12.4124,0.84672,12.849,0.84672,3695.15,0,0.0036966,1.11298e-05,0.227405,1.48002,2.24214,1.52666,2.42289,0.42336,0.0018483,0.21168,0.0018483,0.21168,460.486,0,0.900219,0,0,1.12762,0.227405,1.028160,1,0,14.8353,0,0,0,14.8353,0
54.6384,2.32097,0,0,0.671651,0.0556304,0.36288,3.6288,61.1532,0.351111,0,0,0.653109,0.336562,0,0.66528,12.849,1,0.525907,0.36288,0,17.6358,6.24545,11.2273,0.84672,12.849,0.84672,3695.15,0,0.0036966,1.0606e-05,0.29281,1.48065,3.00331,1.56644,3.21032,0.42336,0.0018483,0.21168,0.0018483,0.21168,460.486,0,1.02816,0,0,1.32097,0.29281,1.028160,1,0,14.4376,0,0,0,14.4376,0
52.4039,2.30583,0,0,0.480183,0.0459592,0.36288,3.6288,60.2587,0.994396,0,0,0.448915,0.349008,0,0.66528,12.849,1,0.54225,0.36288,0,11.072,6.29254,4.60007,0.84672,12.849,0.84672,3695.15,0,0.0036966,3.00547e-05,0.227405,1.59915,1.9824,1.59592,2.21301,0.42336,0.0018483,0.21168,0.0018483,0.21168,460.486,0,0.385442,0,0,0.612846,0.227405,1.028160,1,0,6.81308,0,0,0,6.81308,0
50.2192,2.28824,0,0,0.511325,0.044924,0.36288,3.6288,59.6344,0.829502,0,0,0.552188,0.347032,0,0.66528,12.849,1,0.561057,0.36288,0,14.0894,6.29254,7.5987,0.84672,12.849,0.84672,3695.15,0,0.0036966,2.54431e-05,0.204422,1.59983,2.21429,1.59592,2.42259,0.42336,0.0018483,0.21168,0.0018483,0.21168,460.486,0,0.550926,0,0,0.755349,0.204422,1.028160,1,0,10.0213,0,0,0,10.0213,0
47.9633,2.26976,0,0,0.420665,0.0439119,0.36288,3.6288,58.6217,1.06919,0,0,0.402148,0.345653,0,0.66528,12.849,1,0.580738,0.36288,0,12.9082,6.29254,6.39776,0.84672,12.849,0.84672,3695.15,0,0.0036966,3.31383e-05,0.204422,1.60051,1.81358,1.59592,2.02256,0.42336,0.0018483,0.21168,0.0018483,0.21168,460.486,0,0.311816,0,0,0.516238,0.204422,1.028160,1,0,8.42032,0,0,0,8.42032,0
45.8326,2.24917,0,0,0.524223,0.0428597,0.36288,3.6288,58.4091,0.565854,0,0,0.696642,0.343417,0,0.66528,12.849,1,0.602536,0.36288,0,12.5824,6.29254,6.05023,0.84672,12.849,0.84672,3695.15,0,0.0036966,1.7841e-05,0.204422,1.60119,2.82859,1.59592,3.03826,0.42336,0.0018483,0.21168,0.0018483,0.21168,460.486,0,0.815754,0,0,1.02018,0.204422,1.028160,1,0,9.08849,0,0,0,9.08849,0
43.5927,2.16025,0,0,0.315667,0.0324746,0.36288,3.6288,57.8522,0.780626,0,0,0.534969,0.31118,0,0.66528,12.6802,1,0.605618,0.36288,0,8.80943,5.53008,3.20544,0.84672,12.6802,0.84672,3695.15,0,0.0036966,2.47022e-05,0.204422,1.60187,2.13751,1.4429,2.50088,0.42336,0.0018483,0.21168,0.0018483,0.21168,460.486,0,0.535058,0,0,0.73948,0.204422,1.028160,1,0,5.70632,0,0,0,5.70632,0
41.3052,2.14353,0,0,0.248003,0.0290059,0.36288,3.6288,57.0776,0.918479,0,0,0.456511,0.312657,0,0.66528,12.0651,1,0.623507,0.36288,0,7.69306,5.61866,3.20544,0.84672,12.0651,0.84672,3694.37,0,0.0036966,2.93441e-05,0.216518,1.53486,1.89151,1.50134,2.14152,0.42336,0.0018483,0.21168,0.0018483,0.21168,460.486,0,0.397759,0,0,0.614277,0.216518,1.028160,1,0,5.34696,0,0,0,5.34696,0
39.1231,2.14242,0,0,0.409753,0.086628,0.36288,3.6288,56.7643,0.752531,0,0,0.691298,0.252069,0,0.66528,12.849,1,0.625792,0.36288,0,10.9523,4.78814,4.34078,0.84672,12.849,0.84672,3695.15,0,0.0036966,2.43686e-05,0.216518,1.53551,2.50582,1.24175,3.01607,0.42336,0.0018483,0.21168,0.0018483,0.21168,460.486,0,0.56427,0,0,0.780788,0.216518,1.028160,1,0,7.35685,0,0,0,7.35685,0
37.4624,2.08471,0,0,0.913985,0.127111,0.36288,3.6288,57.2072,0.449283,0,0,1.09959,0.207378,0,0.66528,12.849,1,0.684671,0.36288,0,27.9869,4.16524,23.4998,0.84672,12.849,0.84672,3695.15,0,0.0036966,1.46291e-05,0.216518,1.53616,5.35636,1.04706,6.06197,0.42336,0.0018483,0.21168,0.0018483,0.21168,460.486,0,0.868087,0,0,1.08461,0.216518,1.028160,1,0,29.5618,0,0,0,29.5618,0
35.4061,2.00969,0,0,0.467324,0.151011,0.36288,3.6288,56.9144,0.67385,0,0,0.594562,0.213579,0,0.66528,12.849,1,0.689292,0.36288,0,15.2823,4.53793,10.418,0.84672,12.849,0.84672,3695.15,0,0.0036966,2.17713e-05,0.216518,1.53681,2.47838,1.14722,3.08447,0.42336,0.0018483,0.21168,0.0018483,0.21168,460.486,0,0.583433,0,0,0.799952,0.216518,1.028160,1,0,13.5025,0,0,0,13.5025,0
33.3564,1.98115,0,0,0.475914,0.181622,0.36288,3.6288,56.5911,0.658506,0,0,0.555918,0.22063,0,0.66528,12.849,1,0.718968,0.36288,0,15.4654,5.03486,10.0745,0.84672,12.849,0.84672,3695.15,0,0.0036966,2.13851e-05,0.216518,1.4772,4.65409,1.28077,5.06702,0.42336,0.0018483,0.21168,0.0018483,0.21168,460.486,0,0.59931,0,0,0.815829,0.216518,1.028160,1,0,15.1415,0,0,0,15.1415,0
31.5127,1.95008,0,0,0.657423,0.188162,0.36288,3.6288,56.628,0.48517,0,0,0.73745,0.215466,0,0.66528,12.849,1,0.75118,0.36288,0,26.4234,4.89188,21.1432,0.84672,12.849,0.84672,3695.15,0,0.0036966,1.5846e-05,0.292723,1.47783,4.45638,1.26001,4.96691,0.42336,0.0018483,0.21168,0.0018483,0.21168,460.486,0,0.773185,0,0,1.06591,0.292723,1.028160,1,0,26.1101,0,0,0,26.1101,0
30.4829,1.91967,0,0,1.4636,0.210822,0.36288,3.6288,57.6972,0.230737,0,0,1.50373,0.203764,0,0.66528,12.849,1,0.78273,0.36288,0,32.0506,4.53442,27.0963,0.84672,12.849,0.84672,3695.15,0,0.0036966,7.53111e-06,0.501362,1.47845,8.18992,1.20809,8.96163,0.42336,0.0018483,0.21168,0.0018483,0.21168,460.486,0,1.02816,0,0,1.52952,0.501362,1.028160,1,0,36.058,0,0,0,36.058,0
29.2663,1.75864,0,0,1.11031,0.205361,0.36288,3.6288,57.9292,0.351765,0,0,0.788219,0.204433,0,0.66528,12.849,1,0.741295,0.36288,0,28.8027,4.40217,24.0222,0.84672,12.849,0.84672,3695.15,0,0.0036966,1.12686e-05,0.292723,1.47908,4.74311,1.16612,5.34878,0.42336,0.0018483,0.21168,0.0018483,0.21168,460.486,0,0.781156,0,0,1.07388,0.292723,1.028160,1,0,29.3709,0,0,0,29.3709,0
28.1226,1.73796,0,0,1.14353,0.186381,0.36288,3.6288,58.877,0.105249,0,0,1.25324,0.200234,0,0.66528,12.849,1,0.763031,0.36288,0,28.0864,3.60864,24.0776,0.84672,12.849,0.84672,3695.15,0,0.0036966,3.35809e-06,0.297525,1.34381,7.78053,0.914276,8.50759,0.42336,0.0018483,0.21168,0.0018483,0.21168,460.486,0,1.02816,0,0,1.32569,0.297525,1.028160,1,0,32.5852,0,0,0,32.5852,0
26.7359,1.71739,0,0,0.877064,0.183497,0.36288,3.6288,58.6817,0.602523,0,0,0.608723,0.20146,0,0.66528,12.849,1,0.784662,0.36288,0,18.9712,3.60864,14.9408,0.84672,12.849,0.84672,3695.15,0,0.0036966,1.89148e-05,0.412474,1.34438,5.05188,0.914276,5.89444,0.42336,0.0018483,0.21168,0.0018483,0.21168,460.486,0,0.531351,0,0,0.943824,0.412474,1.028160,1,0,20.8352,0,0,0,20.8352,0
25.9796,1.69062,0,0,1.47722,0.18,0.36288,3.6288,59.9654,0.10621,0,0,1.59114,0.201207,0,0.66528,12.849,1,0.812492,0.36288,0,46.7703,3.60864,42.7121,0.84672,12.849,0.84672,3695.15,0,0.0036966,3.34529e-06,1.2646,1.34495,7.77036,0.914276,9.46563,0.42336,0.0018483,0.21168,0.0018483,0.21168,460.486,0,1.02816,0,0,2.29276,1.2646,1.028160,1,0,52.1777,0,0,0,52.1777,0
25.4473,1.6755,0,0,1.68413,0.178093,0.36288,3.6288,60.953,0.10669,0,0,1.29715,0.202868,0,0.66528,12.849,1,0.828668,0.36288,0,49.5824,3.60864,45.5079,0.84672,12.849,0.84672,3695.15,0,0.0036966,3.28849e-06,0.961295,1.34552,6.93925,0.914276,8.33179,0.42336,0.0018483,0.21168,0.0018483,0.21168,460.486,0,1.02816,0,0,1.98945,0.961295,1.028160,1,0,53.8397,0,0,0,53.8397,0
27.6036,1.73696,0,0,4.44353,0.187378,0.36288,3.6288,61.308,0.143868,0,0,2.27749,0.199842,1.5788,0.66528,12.849,1,0.84672,0.36288,0,83.9354,4.05084,79.4007,0.84672,12.849,0.84672,3695.15,0,0.0036966,4.36256e-06,1.46135,1.34609,12.5542,0.873692,14.488,0.42336,0.0018483,0.21168,0.0018483,0.21168,460.486,0,1.02816,0,0,2.48951,1.46135,1.028160,1,0,95.4675,0,0,0,95.4675,0
30.4634,1.76375,0,0,5.18725,0.200781,0.36288,3.6288,61.308,0.144348,0,0,2.69422,0.200641,2.34923,0.66528,12.849,1,0.820995,0.36288,0,115.824,4.33398,111.031,0.84672,12.849,0.84672,3695.15,0,0.0036966,4.35177e-06,1.95006,1.38972,13.7656,0.875069,16.2303,0.42336,0.0018483,0.21168,0.0018483,0.21168,460.486,0,1.02816,0,0,2.97822,1.95006,1.028160,1,0,129.611,0,0,0,129.611,0
35.7419,1.81871,0,0,7.6688,0.208728,0.36288,3.6288,61.308,0.144828,0,0,3.39855,0.200641,3.05308,0.66528,12.849,1,0.767103,0.36288,0,158.426,4.33398,153.687,0.84672,12.849,0.84672,3695.15,0,0.0036966,4.36625e-06,2.68176,1.39029,13.9528,0.875069,17.1498,0.42336,0.0018483,0.21168,0.0018483,0.21168,460.486,0,1.02816,0,0,3.70992,2.68176,1.028160,1,0,173.89,0,0,0,173.89,0
37.747,1.90283,0,0,4.49371,0.222936,0.36288,3.6288,61.308,0.145308,0,0,2.3306,0.200641,1.98465,0.66528,12.849,1,0.684055,0.36288,0,86.9512,4.33398,82.2961,0.84672,12.849,0.84672,3695.15,0,0.0036966,4.38072e-06,1.46907,1.39086,10.5468,0.875069,12.5316,0.42336,0.0018483,0.21168,0.0018483,0.21168,460.486,0,1.02816,0,0,2.49723,1.46907,1.028160,1,0,96.8123,0,0,0,96.8123,0
38.7053,2.11905,0,0,3.68122,0.240972,0.36288,3.6288,61.308,0.283816,0,0,1.91986,0.204088,1.43196,0.66528,12.849,1,0.72132,0.36288,0,67.1249,4.32162,62.4449,0.84672,12.849,0.84672,3695.15,0,0.0036966,8.55643e-06,1.29041,1.39143,9.99778,0.921864,11.7577,0.42336,0.0018483,0.21168,0.0018483,0.21168,460.486,0,1.02816,0,0,2.31857,1.29041,1.028160,1,0,75.6346,0,0,0,75.6346,0
41.5129,2.13333,0,0,5.57946,0.275692,0.36288,3.6288,61.308,0.284353,0,0,1.9167,0.212708,1.41964,0.66528,12.849,1,0.708201,0.36288,0,98.6187,4.29072,93.9826,0.84672,12.849,0.84672,3695.15,0,0.0036966,8.57262e-06,1.70966,1.54594,10.4961,1.03885,12.7129,0.42336,0.0018483,0.21168,0.0018483,0.21168,460.486,0,1.02816,0,0,2.73782,1.70966,1.028160,1,0,108.115,0,0,0,108.115,0
42.6717,2.1708,0,0,3.9774,0.284926,0.36288,3.6288,61.308,0.28489,0,0,2.33438,0.212708,1.83678,0.66528,12.849,1,0.671902,0.36288,0,93.6922,4.29072,89.0924,0.84672,12.849,0.84672,3695.15,0,0.0036966,8.58881e-06,1.58754,1.54658,14.2118,1.03885,16.307,0.42336,0.0018483,0.21168,0.0018483,0.21168,460.486,0,1.02816,0,0,2.6157,1.58754,1.028160,1,0,107.236,0,0,0,107.236,0
43.9651,2.18572,0,0,4.1239,0.281837,0.36288,3.6288,61.308,0.285427,0,0,1.84588,0.191995,1.36846,0.66528,12.849,1,0.658148,0.36288,0,73.6846,4.11057,69.2788,0.84672,12.849,0.84672,3695.15,0,0.0036966,8.605e-06,1.49972,1.54721,11.2811,0.966113,13.3619,0.42336,0.0018483,0.21168,0.0018483,0.21168,460.486,0,1.02816,0,0,2.52788,1.49972,1.028160,1,0,84.0091,0,0,0,84.0091,0
47.5627,1.92253,0,0,6.14668,0.263668,0.36288,3.6288,61.308,0.100426,0,0,2.355,0.150813,2.10376,0.66528,12.849,1,0.561869,0.36288,0,92.8074,3.53426,89.0742,0.84672,12.849,0.84672,3695.15,0,0.0036966,3.02764e-06,1.95056,1.54784,11.8674,0.84606,14.5197,0.42336,0.0018483,0.21168,0.0018483,0.21168,460.486,0,1.02816,0,0,2.97872,1.95056,1.028160,1,0,105.698,0,0,0,105.698,0
51.0138,1.9568,0,0,6.03295,0.262222,0.36288,3.6288,61.308,0.100888,0,0,3.27701,0.17731,2.99882,0.66528,12.849,1,0.528626,0.36288,0,107.86,3.2194,104.475,0.84672,12.849,0.84672,3695.15,0,0.0036966,3.04155e-06,3.65743,1.33754,16.4983,1.00054,20.4927,0.42336,0.0018483,0.21168,0.0018483,0.21168,460.486,0,1.02816,0,0,4.68559,3.65743,1.028160,1,0,127.966,0,0,0,127.966,0
56.5791,1.98618,0,0,8.18651,0.272101,0.36288,3.6288,61.308,0.10135,0,0,3.38398,0.17731,3.10532,0.66528,12.849,1,0.500265,0.36288,0,91.8639,3.2194,88.5071,0.84672,12.849,0.84672,3695.15,0,0.0036966,3.05547e-06,4.64917,1.33809,15.4415,1.00054,20.4282,0.42336,0.0018483,0.21168,0.0018483,0.21168,460.486,0,1.02816,0,0,5.67733,4.64917,1.028160,1,0,112.041,0,0,0,112.041,0
61.201,2.02711,0,0,7.29982,0.287945,0.36288,3.6288,61.308,0.101811,0,0,2.84795,0.17731,2.56883,0.66528,12.849,1,0.460353,0.36288,0,90.3355,3.2194,87.0186,0.84672,12.849,0.84672,3695.15,0,0.0036966,3.06939e-06,2.48737,1.33863,16.0718,1.00054,18.8972,0.42336,0.0018483,0.21168,0.0018483,0.21168,460.486,0,1.02816,0,0,3.51553,2.48737,1.028160,1,0,108.485,0,0,0,108.485,0
65.3087,2.05669,0,0,6.79814,0.270917,0.36288,3.6288,61.308,0.102273,0,0,2.89231,0.183703,2.60633,0.66528,12.849,1,0.431797,0.36288,0,99.9484,3.5888,96.2907,0.84672,12.849,0.84672,3695.15,0,0.0036966,3.08331e-06,4.11527,1.33918,13.4322,1.1018,17.7848,0.42336,0.0018483,0.21168,0.0018483,0.21168,460.486,0,1.02816,0,0,5.14343,4.11527,1.028160,1,0,116.682,0,0,0,116.682,0
68.0365,2.15624,0,0,5.5346,0.287671,0.36288,3.6288,61.308,0.148218,0,0,1.97784,0.191885,1.63774,0.66528,12.849,1,0.424225,0.36288,0,80.2673,3.8108,76.3952,0.84672,12.849,0.84672,3695.15,0,0.0036966,4.46843e-06,2.55372,1.33973,11.509,1.17283,14.2296,0.42336,0.0018483,0.21168,0.0018483,0.21168,460.486,0,1.02816,0,0,3.58188,2.55372,1.028160,1,0,92.2625,0,0,0,92.2625,0
70.5518,2.17144,0,0,5.3434,0.293729,0.36288,3.6288,61.308,0.148698,0,0,2.16809,0.187149,1.83224,0.66528,12.849,1,0.410086,0.36288,0,72.6546,3.69789,68.9095,0.84672,12.849,0.84672,3695.15,0,0.0036966,4.48292e-06,1.64144,1.39246,12.4476,1.15242,14.3291,0.42336,0.0018483,0.21168,0.0018483,0.21168,460.486,0,1.02816,0,0,2.6696,1.64144,1.028160,1,0,85.0709,0,0,0,85.0709,0
72.29,2.1847,0,0,5.34553,0.299522,1.12313,3.6288,61.308,0.149179,0,0,2.24418,0.187149,1.90785,0.66528,12.849,1,0.397881,1.12313,0,79.0439,3.69789,76.0713,0.84672,12.849,0.84672,3695.15,0,0.0036966,4.49742e-06,2.29422,1.39303,14.4798,1.15242,17.0146,0.42336,0.0018483,0.21168,0.0018483,0.21168,460.486,0,1.02816,0,0,3.32238,2.29422,1.028160,1,0,94.9937,0,0,0,94.9937,0
72.29,2.19372,0,0,4.77884,0.294382,2.29074,3.6288,61.308,0.14966,0,0,1.48401,0.197016,1.13733,0.66528,12.849,1,0.389917,2.29074,0,62.8914,3.8253,60.9669,0.84672,12.849,0.84672,3695.15,0,0.0036966,4.51191e-06,1.18224,1.3936,7.94206,1.18807,9.32983,0.42336,0.0018483,0.21168,0.0018483,0.21168,460.486,0,1.02816,0,0,2.2104,1.18224,1.028160,1,0,71.4341,0,0,0,71.4341,0
72.29,2.16437,0,0,4.24167,0.241485,1.83581,3.6288,61.308,0.132447,0,0,1.42826,0.232696,1.06312,0.66528,12.849,1,0.3847,1.83581,0,63.5567,3.8547,61.1531,0.84672,12.849,0.84672,3695.15,0,0.0036966,3.99299e-06,1.25375,1.39417,11.0279,1.23769,12.4381,0.42336,0.0018483,0.21168,0.0018483,0.21168,460.486,0,1.02816,0,0,2.28191,1.25375,1.028160,1,0,74.6544,0,0,0,74.6544,0
72.29,2.16525,0,0,3.73456,0.242953,1.32635,3.6288,61.308,0.132921,0,0,1.23573,0.215054,0.887753,0.66528,12.849,1,0.384857,1.32635,0,59.6361,3.3034,57.2742,0.84672,12.849,0.84672,3695.15,0,0.0036966,4.00727e-06,1.00497,1.37439,7.60173,1.11452,8.86657,0.42336,0.0018483,0.21168,0.0018483,0.21168,460.486,0,1.02816,0,0,2.03313,1.00497,1.028160,1,0,67.0285,0,0,0,67.0285,0
72.29,2.16614,0,0,4.06077,0.242953,1.65167,3.6288,61.308,0.133395,0,0,1.06517,0.215054,0.716717,0.66528,12.849,1,0.385015,1.65167,0,61.5298,3.3034,59.4931,0.84672,12.849,0.84672,3695.15,0,0.0036966,4.02156e-06,0.70975,1.37496,9.31522,1.11452,10.2854,0.42336,0.0018483,0.21168,0.0018483,0.21168,460.486,0,1.02816,0,0,1.73791,0.70975,1.028160,1,0,70.4952,0,0,0,70.4952,0
72.29,2.16702,0,0,3.66403,0.200379,1.29663,3.6288,61.308,0.133869,0,0,1.04269,0.235824,0.672999,0.66528,12.849,1,0.385172,1.29663,0,55.8001,4.94088,51.7706,0.84672,12.849,0.84672,3695.15,0,0.0036966,4.03586e-06,0.784547,1.37552,7.84002,1.17908,8.82101,0.42336,0.0018483,0.21168,0.0018483,0.21168,460.486,0,1.02816,0,0,1.81271,0.784547,1.028160,1,0,61.2646,0,0,0,61.2646,0
72.29,2.27075,0,0,3.19406,0.137656,0.78566,3.6288,61.308,0.197193,0,0,1.00582,0.248731,0.559893,0.66528,12.849,1,0.403608,0.78566,0,37.1939,5.10369,32.4723,0.84672,12.849,0.84672,3695.15,0,0.0036966,5.94492e-06,0.594536,1.37608,6.98052,1.27802,7.6731,0.42336,0.0018483,0.21168,0.0018483,0.21168,460.486,0,1.02816,0,0,1.6227,0.594536,1.028160,1,0,40.7053,0,0,0,40.7053,0
72.29,2.27167,0,0,3.21352,0.160923,0.780923,3.6288,61.308,0.197693,0,0,1.08651,0.203361,0.68546,0.66528,12.849,1,0.403772,0.780923,0,39.3251,3.9921,35.7102,0.84672,12.849,0.84672,3695.15,0,0.0036966,5.96e-06,0.750479,1.4479,6.58587,0.984294,7.79994,0.42336,0.0018483,0.21168,0.0018483,0.21168,460.486,0,1.02816,0,0,1.77864,0.750479,1.028160,1,0,44.1956,0,0,0,44.1956,0
72.29,2.2726,0,0,2.83234,0.160923,0.398817,3.6288,61.308,0.198193,0,0,0.958029,0.203361,0.556475,0.66528,12.849,1,0.403937,0.398817,0,37.176,3.9921,33.1788,0.84672,12.849,0.84672,3695.15,0,0.0036966,5.97507e-06,0.687295,1.44849,6.58986,0.984294,7.74134,0.42336,0.0018483,0.21168,0.0018483,0.21168,460.486,0,1.02816,0,0,1.71545,0.687295,1.028160,1,0,41.4766,0,0,0,41.4766,0
72.0816,2.27353,0,0,2.5842,0.156173,0.36288,3.6288,61.308,0.198693,0,0,0.897247,0.2083,0.490253,0.66528,12.849,1,0.404102,0.36288,0,33.9993,4.08992,29.8681,0.84672,12.849,0.84672,3695.15,0,0.0036966,5.99016e-06,0.606234,1.44908,6.34109,1.01099,7.38541,0.42336,0.0018483,0.21168,0.0018483,0.21168,460.486,0,1.02816,0,0,1.63439,0.606234,1.028160,1,0,37.7438,0,0,0,37.7438,0
71.7783,2.27346,0,0,2.46048,0.12747,0.36288,3.6288,61.308,0.199193,0,0,0.795917,0.237934,0.358789,0.66528,12.849,1,0.405259,0.36288,0,33.3622,4.67681,28.6431,0.84672,12.849,0.84672,3695.15,0,0.0036966,6.00524e-06,0.391496,1.44967,5.9183,1.17114,6.58831,0.42336,0.0018483,0.21168,0.0018483,0.21168,460.486,0,1.02816,0,0,1.41966,0.391496,1.028160,1,0,35.5902,0,0,0,35.5902,0
70.9855,2.25258,0,0,1.94141,0.118698,0.36288,3.6288,61.308,0.234307,0,0,0.706121,0.248884,0.22293,0.66528,12.849,1,0.403233,0.36288,0,29.3325,5.24182,24.0503,0.84672,12.849,0.84672,3695.15,0,0.0036966,7.06385e-06,0.467597,1.45026,4.42283,1.1602,5.18049,0.42336,0.0018483,0.21168,0.0018483,0.21168,460.486,0,1.02816,0,0,1.49576,0.467597,1.028160,1,0,29.4537,0,0,0,29.4537,0
70.0144,2.24968,0,0,1.75804,0.116577,0.36288,3.6288,61.308,0.234822,0,0,0.654938,0.250708,0.169407,0.66528,12.849,1,0.407212,0.36288,0,28.525,5.336,23.1446,0.84672,12.849,0.84672,3695.15,0,0.0036966,7.07936e-06,0.37095,1.4731,4.19081,1.15837,4.87647,0.42336,0.0018483,0.21168,0.0018483,0.21168,460.486,0,1.02816,0,0,1.39911,0.37095,1.028160,1,0,28.1905,0,0,0,28.1905,0
68.8889,2.24582,0,0,1.59885,0.115709,0.36288,3.6288,61.308,0.235337,0,0,0.638628,0.250708,0.152583,0.66528,12.849,1,0.412152,0.36288,0,27.9666,5.336,22.5813,0.84672,12.849,0.84672,3695.15,0,0.0036966,7.09489e-06,0.352832,1.4737,4.01553,1.15837,4.68368,0.42336,0.0018483,0.21168,0.0018483,0.21168,460.486,0,1.02816,0,0,1.38099,0.352832,1.028160,1,0,27.4176,0,0,0,27.4176,0
67.6214,2.24106,0,0,1.4512,0.114704,0.36288,3.6288,61.308,0.300036,0,0,0.599125,0.250708,0.0483804,0.66528,12.849,1,0.417997,0.36288,0,24.9205,5.336,19.5294,0.84672,12.849,0.84672,3695.15,0,0.0036966,9.04543e-06,0.261274,1.4743,3.88449,1.15837,4.46168,0.42336,0.0018483,0.21168,0.0018483,0.21168,460.486,0,0.963973,0,0,1.22525,0.261274,1.028160,1,0,24.0395,0,0,0,24.0395,0
66.257,2.28756,0,0,1.37251,0.0865061,0.36288,3.6288,61.2726,0.303838,0,0,0.591308,0.322864,0,0.66528,12.849,1,0.434667,0.36288,0,24.4665,6.05864,18.3361,0.84672,12.849,0.84672,3695.15,0,0.0036966,9.16003e-06,0.261274,1.4749,3.62225,1.47632,3.8821,0.42336,0.0018483,0.21168,0.0018483,0.21168,460.486,0,0.991587,0,0,1.25286,0.261274,1.028160,1,0,22.2182,0,0,0,22.2182,0
64.8909,2.28099,0,0,1.37001,0.09227,0.36288,3.6288,61.2767,0.267793,0,0,0.58856,0.316623,0,0.66528,12.849,1,0.442344,0.36288,0,24.3181,5.70476,18.5339,0.84672,12.849,0.84672,3695.15,0,0.0036966,8.07804e-06,0.27858,1.51101,3.24127,1.41937,3.61148,0.42336,0.0018483,0.21168,0.0018483,0.21168,460.486,0,1.02816,0,0,1.30674,0.27858,1.028160,1,0,22.1454,0,0,0,22.1454,0
63.4086,2.27414,0,0,1.24602,0.0912676,0.36288,3.6288,61.0874,0.420821,0,0,0.548112,0.316632,0,0.66528,12.849,1,0.450301,0.36288,0,22.6701,5.70476,16.8779,0.84672,12.849,0.84672,3695.15,0,0.0036966,1.26933e-05,0.227405,1.51162,2.88862,1.41937,3.20827,0.42336,0.0018483,0.21168,0.0018483,0.21168,460.486,0,0.875655,0,0,1.10306,0.227405,1.028160,1,0,20.0862,0,0,0,20.0862,0
62.0531,2.26631,0,0,1.3569,0.0832144,0.36288,3.6288,61.1511,0.268849,0,0,0.646981,0.314455,0,0.66528,12.849,1,0.45924,0.36288,0,22.7772,5.81289,16.868,0.84672,12.849,0.84672,3695.15,0,0.0036966,8.13447e-06,0.361938,1.51224,4.0843,1.44528,4.51319,0.42336,0.0018483,0.21168,0.0018483,0.21168,460.486,0,1.02816,0,0,1.3901,0.361938,1.028160,1,0,21.3811,0,0,0,21.3811,0
60.5507,2.40978,0,0,1.34284,0.0726169,0.36288,3.6288,61.0988,0.381087,0,0,0.614459,0.285678,0,0.66528,12.849,1,0.49898,0.36288,0,22.5675,5.93827,16.4931,0.84672,12.849,0.84672,3695.15,0,0.0036966,1.15184e-05,0.371166,1.51286,3.62039,1.49615,4.00825,0.42336,0.0018483,0.21168,0.0018483,0.21168,460.486,0,1.02816,0,0,1.39933,0.371166,1.028160,1,0,20.5014,0,0,0,20.5014,0
58.6138,2.40054,0,0,0.899113,0.0725766,0.36288,3.6288,60.7496,0.572495,0,0,0.523321,0.299966,0,0.66528,12.849,1,0.5094,0.36288,0,17.973,5.64469,12.1818,0.84672,12.849,0.84672,3695.15,0,0.0036966,1.73186e-05,0.227405,1.63391,2.84834,1.51906,3.19058,0.42336,0.0018483,0.21168,0.0018483,0.21168,460.486,0,0.83732,0,0,1.06472,0.227405,1.028160,1,0,15.3724,0,0,0,15.3724,0
56.5892,2.3877,0,0,0.797282,0.0712597,0.36288,3.6288,60.3064,0.615041,0,0,0.47114,0.299304,0,0.66528,12.849,1,0.523419,0.36288,0,15.9726,5.64469,10.1674,0.84672,12.849,0.84672,3695.15,0,0.0036966,1.87125e-05,0.204422,1.63457,2.76439,1.51906,3.08431,0.42336,0.0018483,0.21168,0.0018483,0.21168,460.486,0,0.795347,0,0,0.999769,0.204422,1.028160,1,0,13.2517,0,0,0,13.2517,0
54.6762,2.37341,0,0,0.893082,0.0698614,0.36288,3.6288,59.9035,0.587795,0,0,0.483306,0.298462,0,0.66528,12.849,1,0.538899,0.36288,0,15.8768,5.64469,10.0561,0.84672,12.849,0.84672,3695.15,0,0.0036966,1.8015e-05,0.204422,1.63524,2.96287,1.51906,3.28346,0.42336,0.0018483,0.21168,0.0018483,0.21168,460.486,0,0.823167,0,0,1.02759,0.204422,1.028160,1,0,13.3395,0,0,0,13.3395,0
53.2974,2.3591,0,0,1.42931,0.0860574,0.36288,3.6288,59.8206,0.383383,0,0,0.593978,0.293444,0,0.66528,12.849,1,0.554392,0.36288,0,26.3764,5.52596,20.6589,0.84672,12.849,0.84672,3695.15,0,0.0036966,1.18291e-05,0.220294,1.6359,3.2298,1.50449,3.5815,0.42336,0.0018483,0.21168,0.0018483,0.21168,460.486,0,1.02816,0,0,1.24845,0.220294,1.028160,1,0,24.2404,0,0,0,24.2404,0
52.6384,2.27684,0,0,2.03602,0.0553642,0.36288,3.6288,60.1091,0.316015,0,0,0.859102,0.25464,0,0.66528,12.849,1,0.548903,0.36288,0,21.9727,5.48304,16.3037,0.84672,12.849,0.84672,3695.15,0,0.0036966,9.76404e-06,0.441988,1.63657,3.92931,1.44368,4.56417,0.42336,0.0018483,0.21168,0.0018483,0.21168,460.486,0,1.02816,0,0,1.47015,0.441988,1.028160,1,0,20.8678,0,0,0,20.8678,0
51.1225,2.27224,0,0,1.16026,0.0410284,0.36288,3.6288,60.1265,0.316562,0,0,0.576143,0.242196,0,0.66528,12.849,1,0.554652,0.36288,0,33.8404,5.44803,28.2006,0.84672,12.849,0.84672,3695.15,0,0.0036966,9.734e-06,0.229046,1.56808,2.59827,1.42445,2.97094,0.42336,0.0018483,0.21168,0.0018483,0.21168,460.486,0,1.02816,0,0,1.25721,0.229046,1.028160,1,0,31.1715,0,0,0,31.1715,0
49.2329,2.26001,0,0,0.773712,0.0403886,0.36288,3.6288,59.5489,0.773823,0,0,0.438429,0.242223,0,0.66528,12.849,1,0.568026,0.36288,0,21.2282,5.44803,15.575,0.84672,12.849,0.84672,3695.15,0,0.0036966,2.37875e-05,0.216518,1.56871,1.75355,1.42445,2.11431,0.42336,0.0018483,0.21168,0.0018483,0.21168,460.486,0,0.571432,0,0,0.787951,0.216518,1.028160,1,0,17.6894,0,0,0,17.6894,0
48.0562,2.24363,0,0,1.51842,0.0885812,0.36288,3.6288,59.5756,0.382471,0,0,0.653618,0.244376,0,0.66528,12.849,1,0.585552,0.36288,0,24.8422,5.07907,19.5405,0.84672,12.849,0.84672,3695.15,0,0.0036966,1.18713e-05,0.216518,1.56935,2.74566,1.34902,3.1825,0.42336,0.0018483,0.21168,0.0018483,0.21168,460.486,0,0.963343,0,0,1.17986,0.216518,1.028160,1,0,22.723,0,0,0,22.723,0
47.9562,2.17554,0,0,2.56571,0.127279,0.36288,3.6288,60.082,0.256259,0,0,1.01361,0.251019,0,0.66528,12.849,1,0.581683,0.36288,0,37.8688,4.51865,33.1313,0.84672,12.849,0.84672,3695.15,0,0.0036966,7.95028e-06,0.962332,1.56999,5.39237,1.17146,6.75323,0.42336,0.0018483,0.21168,0.0018483,0.21168,460.486,0,1.02816,0,0,1.99049,0.962332,1.028160,1,0,39.8846,0,0,0,39.8846,0
46.9493,2.17547,0,0,1.69535,0.163943,0.36288,3.6288,59.7107,0.543706,0,0,0.392037,0.219626,0,0.66528,12.849,1,0.582876,0.36288,0,23.3369,3.91262,19.2043,0.84672,12.849,0.84672,3695.15,0,0.0036966,1.6726e-05,0.216518,1.50907,3.32223,1.04814,3.99965,0.42336,0.0018483,0.21168,0.0018483,0.21168,460.486,0,0.741226,0,0,0.957744,0.216518,1.028160,1,0,23.2039,0,0,0,23.2039,0
45.6984,2.16653,0,0,1.44068,0.16214,0.36288,3.6288,59.5275,0.40404,0,0,0.439977,0.219106,0,0.66528,12.849,1,0.592932,0.36288,0,19.0768,3.91262,14.9341,0.84672,12.849,0.84672,3695.15,0,0.0036966,1.25068e-05,0.292723,1.50968,3.69263,1.04814,4.44688,0.42336,0.0018483,0.21168,0.0018483,0.21168,460.486,0,0.881418,0,0,1.17414,0.292723,1.028160,1,0,19.381,0,0,0,19.381,0
47.4584,2.15473,0,0,4.43743,0.159901,0.36288,3.6288,60.4588,0.257825,0,0,1.408,0.21885,0,0.66528,12.849,1,0.605845,0.36288,0,66.0939,3.91262,61.9383,0.84672,12.849,0.84672,3695.15,0,0.0036966,8.00536e-06,2.72688,1.51029,8.78049,1.04814,11.9695,0.42336,0.0018483,0.21168,0.0018483,0.21168,460.486,0,1.02816,0,0,3.75504,2.72688,1.028160,1,0,73.9079,0,0,0,73.9079,0
48.539,2.00963,0,0,3.64344,0.190272,0.36288,3.6288,61.308,0.129126,0,0,1.20074,0.196786,0.0256487,0.66528,12.849,1,0.544091,0.36288,0,53.6124,3.58614,49.8451,0.84672,12.849,0.84672,3695.15,0,0.0036966,3.94753e-06,0.611099,1.51091,6.63951,0.955664,7.80585,0.42336,0.0018483,0.21168,0.0018483,0.21168,460.486,0,1.02816,0,0,1.63926,0.611099,1.028160,1,0,57.6766,0,0,0,57.6766,0
48.6172,2.02002,0,0,2.69419,0.233062,0.36288,3.6288,61.308,0.129596,0,0,0.97583,0.243033,0.603201,0.66528,12.849,1,0.534731,0.36288,0,57.1936,4.51563,52.5061,0.84672,12.849,0.84672,3695.15,0,0.0036966,3.90703e-06,0.877841,1.3727,8.30806,1.17237,9.38624,0.42336,0.0018483,0.21168,0.0018483,0.21168,460.486,0,1.02816,0,0,1.906,0.877841,1.028160,1,0,62.4956,0,0,0,62.4956,0
49.4037,2.02153,0,0,3.4041,0.23326,0.36288,3.6288,61.308,0.130066,0,0,0.943298,0.243033,0.570198,0.66528,12.849,1,0.534267,0.36288,0,55.1462,4.51563,50.4592,0.84672,12.849,0.84672,3695.15,0,0.0036966,3.92121e-06,1.02837,1.37326,6.45843,1.17237,7.68768,0.42336,0.0018483,0.21168,0.0018483,0.21168,460.486,0,1.02816,0,0,2.05653,1.02837,1.028160,1,0,58.717,0,0,0,58.717,0
49.2586,2.0291,0,0,2.48214,0.235248,0.36288,3.6288,61.308,0.130537,0,0,0.753343,0.243033,0.379773,0.66528,12.849,1,0.527732,0.36288,0,48.0203,4.51563,43.3399,0.84672,12.849,0.84672,3695.15,0,0.0036966,3.93539e-06,0.719565,1.37382,7.44722,1.17237,8.36824,0.42336,0.0018483,0.21168,0.0018483,0.21168,460.486,0,1.02816,0,0,1.74773,0.719565,1.028160,1,0,52.0879,0,0,0,52.0879,0
48.5316,2.02869,0,0,1.88637,0.221809,0.36288,3.6288,61.149,0.446289,0,0,0.478862,0.191538,0,0.66528,12.849,1,0.52918,0.36288,0,34.2353,3.57828,30.4907,0.84672,12.849,0.84672,3695.15,0,0.0036966,1.34546e-05,0.412474,1.37438,4.11931,0.902799,5.00335,0.42336,0.0018483,0.21168,0.0018483,0.21168,460.486,0,0.712869,0,0,1.12534,0.412474,1.028160,1,0,35.4941,0,0,0,35.4941,0
51.7242,2.08661,0,0,5.84194,0.199788,0.36288,3.6288,61.308,0.168961,0,0,1.70563,0.186601,1.19111,0.66528,12.849,1,0.55244,0.36288,0,89.0941,4.02804,84.8765,0.84672,12.849,0.84672,3695.15,0,0.0036966,5.10703e-06,2.5348,1.37493,8.75187,1.02881,11.6328,0.42336,0.0018483,0.21168,0.0018483,0.21168,460.486,0,1.02816,0,0,3.56296,2.5348,1.028160,1,0,97.7004,0,0,0,97.7004,0
54.9826,2.11475,0,0,5.95292,0.216914,0.36288,3.6288,61.308,0.16943,0,0,1.45173,0.217662,1.06464,0.66528,12.849,1,0.525333,0.36288,0,152.84,5.08253,147.595,0.84672,12.849,0.84672,3695.15,0,0.0036966,5.10793e-06,2.38839,1.41947,7.9704,1.34419,10.4341,0.42336,0.0018483,0.21168,0.0018483,0.21168,460.486,0,1.02816,0,0,3.41655,2.38839,1.028160,1,0,159.094,0,0,0,159.094,0
58.0041,2.14083,0,0,5.74947,0.224254,0.36288,3.6288,61.308,0.169899,0,0,1.32103,0.217662,0.933469,0.66528,12.849,1,0.500294,0.36288,0,157.09,5.08253,151.87,0.84672,12.849,0.84672,3695.15,0,0.0036966,5.12207e-06,1.63486,1.42003,7.70584,1.34419,9.41654,0.42336,0.0018483,0.21168,0.0018483,0.21168,460.486,0,1.02816,0,0,2.66302,1.63486,1.028160,1,0,162.22,0,0,0,162.22,0
60.8948,2.16301,0,0,5.64765,0.231061,0.36288,3.6288,61.308,0.170368,0,0,1.15845,0.217662,0.770421,0.66528,12.849,1,0.479148,0.36288,0,129.532,5.08253,124.333,0.84672,12.849,0.84672,3695.15,0,0.0036966,5.13623e-06,1.93674,1.42058,6.94157,1.34419,8.95471,0.42336,0.0018483,0.21168,0.0018483,0.21168,460.486,0,1.02816,0,0,2.9649,1.93674,1.028160,1,0,134.058,0,0,0,134.058,0
63.6473,2.39554,0,0,5.74316,0.232291,0.36288,3.6288,61.308,0.311811,0,0,1.57884,0.215337,1.05169,0.66528,12.849,1,0.505467,0.36288,0,138.086,4.84761,133.096,0.84672,12.849,0.84672,3695.15,0,0.0036966,9.4004e-06,2.79092,1.42114,9.30407,1.2541,12.262,0.42336,0.0018483,0.21168,0.0018483,0.21168,460.486,0,1.02816,0,0,3.81908,2.79092,1.028160,1,0,146.41,0,0,0,146.41,0
65.682,2.41468,0,0,5.05101,0.238722,0.36288,3.6288,61.308,0.312335,0,0,1.29199,0.193801,0.785855,0.66528,12.849,1,0.487471,0.36288,0,97.8419,4.31581,93.4015,0.84672,12.849,0.84672,3695.15,0,0.0036966,9.41622e-06,1.60188,1.57893,8.31125,1.09615,10.3959,0.42336,0.0018483,0.21168,0.0018483,0.21168,460.486,0,1.02816,0,0,2.63004,1.60188,1.028160,1,0,104.583,0,0,0,104.583,0
67.2901,2.42826,0,0,4.6419,0.242666,0.36288,3.6288,61.308,0.31286,0,0,1.16415,0.193801,0.657492,0.66528,12.849,1,0.475027,0.36288,0,89.3074,4.31581,84.8794,0.84672,12.849,0.84672,3695.15,0,0.0036966,9.43204e-06,1.63269,1.57955,7.74101,1.09615,9.85709,0.42336,0.0018483,0.21168,0.0018483,0.21168,460.486,0,1.02816,0,0,2.66085,1.63269,1.028160,1,0,95.394,0,0,0,95.394,0
69.6868,2.43875,0,0,5.44414,0.245783,0.36288,3.6288,61.308,0.313385,0,0,1.232,0.193801,0.724817,0.66528,12.849,1,0.465677,0.36288,0,106.745,4.31581,102.327,0.84672,12.849,0.84672,3695.15,0,0.0036966,9.44787e-06,1.62538,1.58017,8.15555,1.09615,10.2649,0.42336,0.0018483,0.21168,0.0018483,0.21168,460.486,0,1.02816,0,0,2.65354,1.62538,1.028160,1,0,113.317,0,0,0,113.317,0
72.29,2.14227,0,0,5.80005,0.249344,0.805256,3.6288,61.308,0.124427,0,0,1.4034,0.197127,1.08185,0.66528,12.849,1,0.394996,0.805256,0,110.649,4.27359,106.786,0.84672,12.849,0.84672,3695.15,0,0.0036966,3.75118e-06,1.83637,1.58079,9.8458,1.07373,12.1892,0.42336,0.0018483,0.21168,0.0018483,0.21168,460.486,0,1.02816,0,0,2.86453,1.83637,1.028160,1,0,120.057,0,0,0,120.057,0
72.29,2.15519,0,0,6.08501,0.287908,3.64191,3.6288,61.308,0.124878,0,0,2.55113,0.197058,2.2292,0.66528,12.849,1,0.383069,3.64191,0,124.193,4.01376,123.438,0.84672,12.849,0.84672,3695.15,0,0.0036966,3.76478e-06,2.58407,1.36599,15.017,0.961009,18.0061,0.42336,0.0018483,0.21168,0.0018483,0.21168,460.486,0,1.02816,0,0,3.61223,2.58407,1.028160,1,0,143.673,0,0,0,143.673,0
72.29,2.15603,0,0,5.21644,0.294606,2.7658,3.6288,61.308,0.125329,0,0,2.12755,0.193721,1.8085,0.66528,12.849,1,0.383219,2.7658,0,118.854,4.01268,117.224,0.84672,12.849,0.84672,3695.15,0,0.0036966,3.77838e-06,2.22031,1.36652,11.4282,0.964649,14.0504,0.42336,0.0018483,0.21168,0.0018483,0.21168,460.486,0,1.02816,0,0,3.24847,2.22031,1.028160,1,0,133.083,0,0,0,133.083,0
72.29,2.15688,0,0,5.06098,0.294606,2.6095,3.6288,61.308,0.12578,0,0,2.20789,0.193721,1.88839,0.66528,12.849,1,0.383369,2.6095,0,86.1348,4.01268,84.3482,0.84672,12.849,0.84672,3695.15,0,0.0036966,3.79199e-06,2.43761,1.36705,11.4598,0.964649,14.2999,0.42336,0.0018483,0.21168,0.0018483,0.21168,460.486,0,1.02816,0,0,3.46577,2.43761,1.028160,1,0,100.536,0,0,0,100.536,0
72.29,2.15772,0,0,5.28518,0.294606,2.83286,3.6288,61.308,0.126232,0,0,1.98477,0.193721,1.66482,0.66528,12.849,1,0.383518,2.83286,0,121.041,4.01268,119.478,0.84672,12.849,0.84672,3695.15,0,0.0036966,3.8056e-06,2.19554,1.36759,11.9653,0.964649,14.5637,0.42336,0.0018483,0.21168,0.0018483,0.21168,460.486,0,1.02816,0,0,3.2237,2.19554,1.028160,1,0,135.706,0,0,0,135.706,0
72.29,2.23743,0,0,5.62563,0.275926,3.11227,3.6288,61.308,0.173129,0,0,2.10641,0.199103,1.73417,0.66528,12.849,1,0.397687,3.11227,0,126.837,4.26401,125.288,0.84672,12.849,0.84672,3695.15,0,0.0036966,5.21944e-06,2.31834,1.36812,12.4023,1.02004,15.0687,0.42336,0.0018483,0.21168,0.0018483,0.21168,460.486,0,1.02816,0,0,3.3465,2.31834,1.028160,1,0,142.09,0,0,0,142.09,0
72.29,2.23831,0,0,6.62055,0.268454,4.11378,3.6288,61.308,0.173598,0,0,2.50577,0.201257,2.13092,0.66528,12.849,1,0.397842,4.11378,0,145.82,4.36454,145.171,0.84672,12.849,0.84672,3695.15,0,0.0036966,5.23361e-06,3.22548,1.42195,13.9482,1.04219,17.5535,0.42336,0.0018483,0.21168,0.0018483,0.21168,460.486,0,1.02816,0,0,4.25364,3.22548,1.028160,1,0,164.856,0,0,0,164.856,0
72.29,2.23918,0,0,4.64725,0.268454,2.13961,3.6288,61.308,0.174068,0,0,1.87438,0.201257,1.49905,0.66528,12.849,1,0.397998,2.13961,0,99.2442,4.36454,96.6213,0.84672,12.849,0.84672,3695.15,0,0.0036966,5.24777e-06,1.70893,1.42251,10.5508,1.04219,12.6401,0.42336,0.0018483,0.21168,0.0018483,0.21168,460.486,0,1.02816,0,0,2.73709,1.70893,1.028160,1,0,110.76,0,0,0,110.76,0
72.29,2.24006,0,0,4.03669,0.235819,1.56082,3.6288,61.308,0.174538,0,0,1.54488,0.212781,1.15756,0.66528,12.849,1,0.398154,1.56082,0,85.32,4.42566,82.057,0.84672,12.849,0.84672,3695.15,0,0.0036966,5.26194e-06,1.42503,1.42306,8.65771,1.05578,10.45,0.42336,0.0018483,0.21168,0.0018483,0.21168,460.486,0,1.02816,0,0,2.45319,1.42503,1.028160,1,0,93.6646,0,0,0,93.6646,0
72.29,2.21005,0,0,3.80703,0.227603,1.36937,3.6288,61.308,0.156941,0,0,1.37404,0.220469,0.996626,0.66528,12.849,1,0.39282,1.36937,0,84.024,4.72184,80.2787,0.84672,12.849,0.84672,3695.15,0,0.0036966,4.73142e-06,1.28072,1.42362,7.6305,1.09343,9.24141,0.42336,0.0018483,0.21168,0.0018483,0.21168,460.486,0,1.02816,0,0,2.30888,1.28072,1.028160,1,0,90.5168,0,0,0,90.5168,0
72.29,2.21091,0,0,3.70536,0.168858,1.32559,3.6288,61.308,0.157404,0,0,1.27379,0.228047,0.888335,0.66528,12.849,1,0.392973,1.32559,0,84.4837,4.72153,80.6947,0.84672,12.849,0.84672,3695.15,0,0.0036966,4.74539e-06,1.16755,1.4034,6.41615,1.15685,7.83024,0.42336,0.0018483,0.21168,0.0018483,0.21168,460.486,0,1.02816,0,0,2.19571,1.16755,1.028160,1,0,89.4133,0,0,0,89.4133,0
72.29,2.21178,0,0,3.26812,0.168858,0.887488,3.6288,61.308,0.157868,0,0,1.40328,0.228047,1.01737,0.66528,12.849,1,0.393127,0.887488,0,78.9791,4.72153,74.7519,0.84672,12.849,0.84672,3695.15,0,0.0036966,4.75936e-06,1.39802,1.40395,6.68676,1.15685,8.33187,0.42336,0.0018483,0.21168,0.0018483,0.21168,460.486,0,1.02816,0,0,2.42618,1.39802,1.028160,1,0,84.1012,0,0,0,84.1012,0
72.29,2.21264,0,0,2.95191,0.168858,0.570409,3.6288,61.308,0.158331,0,0,1.22565,0.228047,0.839275,0.66528,12.849,1,0.39328,0.570409,0,73.6137,4.72153,69.0693,0.84672,12.849,0.84672,3695.15,0,0.0036966,4.77332e-06,0.956664,1.4045,6.26348,1.15685,7.46779,0.42336,0.0018483,0.21168,0.0018483,0.21168,460.486,0,1.02816,0,0,1.98482,0.956664,1.028160,1,0,77.3763,0,0,0,77.3763,0
72.29,2.31851,0,0,3.54714,0.150612,1.07802,3.6288,61.308,0.222966,0,0,1.18434,0.236949,0.724422,0.66528,12.849,1,0.412097,1.07802,0,79.2418,5.42331,74.4844,0.84672,12.849,0.84672,3695.15,0,0.0036966,6.72192e-06,1.03428,1.40505,8.4145,1.18452,9.6693,0.42336,0.0018483,0.21168,0.0018483,0.21168,460.486,0,1.02816,0,0,2.06244,1.03428,1.028160,1,0,84.8781,0,0,0,84.8781,0
72.29,2.31941,0,0,3.13823,0.169896,0.64892,3.6288,61.308,0.223454,0,0,1.18927,0.23637,0.729445,0.66528,12.849,1,0.412258,0.64892,0,77.5708,4.59618,73.2113,0.84672,12.849,0.84672,3695.15,0,0.0036966,6.73665e-06,1.24806,1.47835,6.28429,1.04656,7.96413,0.42336,0.0018483,0.21168,0.0018483,0.21168,460.486,0,1.02816,0,0,2.27622,1.24806,1.028160,1,0,81.9048,0,0,0,81.9048,0
72.0772,2.32032,0,0,2.57714,0.106725,0.36288,3.6288,61.308,0.223943,0,0,1.13242,0.256882,0.651594,0.66528,12.849,1,0.412419,0.36288,0,48.5412,5.12845,43.3633,0.84672,12.849,0.84672,3695.15,0,0.0036966,6.75138e-06,1.05465,1.47893,5.50006,1.18255,6.85109,0.42336,0.0018483,0.21168,0.0018483,0.21168,460.486,0,1.02816,0,0,2.08281,1.05465,1.028160,1,0,50.8659,0,0,0,50.8659,0
71.77,2.32019,0,0,2.45957,0.0837542,0.36288,3.6288,61.308,0.224432,0,0,1.05723,0.2639,0.568902,0.66528,12.849,1,0.413614,0.36288,0,43.3422,5.2478,38.0437,0.84672,12.849,0.84672,3695.15,0,0.0036966,6.76612e-06,0.884814,1.47951,5.33904,1.23325,6.4701,0.42336,0.0018483,0.21168,0.0018483,0.21168,460.486,0,1.02816,0,0,1.91297,0.884814,1.028160,1,0,45.0827,0,0,0,45.0827,0
71.3968,2.31959,0,0,2.39292,0.0835586,0.36288,3.6288,61.308,0.224921,0,0,1.0724,0.2639,0.583576,0.66528,12.849,1,0.415278,0.36288,0,41.1849,5.2478,35.8847,0.84672,12.849,0.84672,3695.15,0,0.0036966,6.78086e-06,1.03988,1.48008,5.08431,1.23325,6.37101,0.42336,0.0018483,0.21168,0.0018483,0.21168,460.486,0,1.02816,0,0,2.06804,1.03988,1.028160,1,0,42.8393,0,0,0,42.8393,0
71.6376,2.29789,0,0,2.98468,0.0831415,0.36288,3.6288,61.308,0.260748,0,0,1.53459,0.286204,0.987641,0.66528,12.849,1,0.413542,0.36288,0,62.236,5.53999,56.6453,0.84672,12.849,0.84672,3695.15,0,0.0036966,7.86098e-06,1.68454,1.48066,5.55121,1.31742,7.39898,0.42336,0.0018483,0.21168,0.0018483,0.21168,460.486,0,1.02816,0,0,2.7127,1.68454,1.028160,1,0,65.032,0,0,0,65.032,0
71.9428,2.29997,0,0,3.05124,0.0832225,0.36288,3.6288,61.308,0.261251,0,0,1.71129,0.295126,1.15491,0.66528,12.849,1,0.412525,0.36288,0,65.918,5.65687,60.2115,0.84672,12.849,0.84672,3695.15,0,0.0036966,7.87615e-06,1.89632,1.50395,5.76542,1.35109,7.81459,0.42336,0.0018483,0.21168,0.0018483,0.21168,460.486,0,1.02816,0,0,2.92448,1.89632,1.028160,1,0,69.181,0,0,0,69.181,0
72.0938,2.30235,0,0,2.89969,0.0834162,0.36288,3.6288,61.308,0.261754,0,0,1.58007,0.295126,1.02319,0.66528,12.849,1,0.4112,0.36288,0,60.2414,5.65687,54.5362,0.84672,12.849,0.84672,3695.15,0,0.0036966,7.89132e-06,1.54556,1.50454,5.61585,1.35109,7.31485,0.42336,0.0018483,0.21168,0.0018483,0.21168,460.486,0,1.02816,0,0,2.57372,1.54556,1.028160,1,0,62.8742,0,0,0,62.8742,0
72.1511,2.30398,0,0,2.80765,0.083512,0.36288,3.6288,61.308,0.262258,0,0,1.51866,0.295126,0.961278,0.66528,12.849,1,0.410629,0.36288,0,53.794,5.65687,48.0894,0.84672,12.849,0.84672,3695.15,0,0.0036966,7.90648e-06,1.41386,1.50512,5.59325,1.35109,7.16113,0.42336,0.0018483,0.21168,0.0018483,0.21168,460.486,0,1.02816,0,0,2.44202,1.41386,1.028160,1,0,56.2118,0,0,0,56.2118,0
72.2422,2.35895,0,0,2.8635,0.0505253,0.36288,3.6288,61.308,0.294305,0,0,1.62759,0.324066,1.00922,0.66528,12.849,1,0.420093,0.36288,0,60.081,5.73912,54.2847,0.84672,12.849,0.84672,3695.15,0,0.0036966,8.87263e-06,1.3729,1.50571,5.3218,1.47836,6.72204,0.42336,0.0018483,0.21168,0.0018483,0.21168,460.486,0,1.02816,0,0,2.40106,1.3729,1.028160,1,0,62.0159,0,0,0,62.0159,0
72.0299,2.36032,0,0,2.56959,0.0587698,0.36288,3.6288,61.308,0.29482,0,0,1.30796,0.318676,0.694462,0.66528,12.849,1,0.419807,0.36288,0,50.5095,5.28034,45.1723,0.84672,12.849,0.84672,3695.15,0,0.0036966,8.88818e-06,1.45712,1.54255,4.35738,1.40296,5.95408,0.42336,0.0018483,0.21168,0.0018483,0.21168,460.486,0,1.02816,0,0,2.48528,1.45712,1.028160,1,0,51.8208,0,0,0,51.8208,0
71.6502,2.36019,0,0,2.4021,0.058675,0.36288,3.6288,61.308,0.295336,0,0,1.21015,0.318676,0.596141,0.66528,12.849,1,0.421022,0.36288,0,48.0272,5.28034,42.6887,0.84672,12.849,0.84672,3695.15,0,0.0036966,8.90373e-06,1.24326,1.54315,3.82345,1.40296,5.20689,0.42336,0.0018483,0.21168,0.0018483,0.21168,460.486,0,1.02816,0,0,2.27142,1.24326,1.028160,1,0,48.4917,0,0,0,48.4917,0
71.2394,2.35922,0,0,2.36984,0.0585057,0.36288,3.6288,61.308,0.295852,0,0,1.30929,0.318676,0.69476,0.66528,12.849,1,0.423078,0.36288,0,44.5646,5.28034,39.2241,0.84672,12.849,0.84672,3695.15,0,0.0036966,8.91929e-06,1.39635,1.54375,4.3239,1.40296,5.86103,0.42336,0.0018483,0.21168,0.0018483,0.21168,460.486,0,1.02816,0,0,2.42451,1.39635,1.028160,1,0,45.7799,0,0,0,45.7799,0
70.8774,2.51556,0,0,2.55711,0.0407336,0.36288,3.6288,61.308,0.410402,0,0,1.38319,0.299314,0.67347,0.66528,12.849,1,0.453715,0.36288,0,45.9333,5.52192,40.3205,0.84672,12.849,0.84672,3695.15,0,0.0036966,1.23727e-05,1.64941,1.54435,5.33381,1.47274,7.05482,0.42336,0.0018483,0.21168,0.0018483,0.21168,460.486,0,1.02816,0,0,2.67757,1.64941,1.028160,1,0,48.0488,0,0,0,48.0488,0
71.3075,2.51458,0,0,3.35297,0.04536,0.36288,3.6288,61.308,0.410962,0,0,1.62352,0.300798,0.911756,0.66528,12.849,1,0.455855,0.36288,0,52.4235,5.00888,47.3217,0.84672,12.849,0.84672,3695.15,0,0.0036966,1.23896e-05,1.77644,1.6679,3.95139,1.53601,5.8597,0.42336,0.0018483,0.21168,0.0018483,0.21168,460.486,0,1.02816,0,0,2.8046,1.77644,1.028160,1,0,54.0932,0,0,0,54.0932,0
71.1312,2.51789,0,0,2.75081,0.0463402,0.36288,3.6288,61.308,0.411523,0,0,1.27844,0.30294,0.56398,0.66528,12.849,1,0.453701,0.36288,0,61.805,4.92471,56.7895,0.84672,12.849,0.84672,3695.15,0,0.0036966,1.24065e-05,1.18006,1.66855,3.16699,1.54538,4.4702,0.42336,0.0018483,0.21168,0.0018483,0.21168,460.486,0,1.02816,0,0,2.20822,1.18006,1.028160,1,0,61.8237,0,0,0,61.8237,0
71.462,2.51792,0,0,3.25786,0.0462777,0.36288,3.6288,61.308,0.412084,0,0,1.95148,0.30294,1.23646,0.66528,12.849,1,0.454831,0.36288,0,53.0487,4.92471,48.0321,0.84672,12.849,0.84672,3695.15,0,0.0036966,1.24234e-05,2.29364,1.6692,4.28276,1.54538,6.7002,0.42336,0.0018483,0.21168,0.0018483,0.21168,460.486,0,1.02816,0,0,3.3218,2.29364,1.028160,1,0,55.9687,0,0,0,55.9687,0
71.2502,2.52068,0,0,2.72194,0.0501766,0.36288,3.6288,61.308,0.412645,0,0,1.43215,0.282256,0.737248,0.66528,12.849,1,0.453223,0.36288,0,48.4097,4.37018,43.9491,0.84672,12.849,0.84672,3695.15,0,0.0036966,1.24403e-05,1.59265,1.66985,4.43709,1.32952,6.37006,0.42336,0.0018483,0.21168,0.0018483,0.21168,460.486,0,1.02816,0,0,2.62081,1.59265,1.028160,1,0,51.0564,0,0,0,51.0564,0
71.7722,2.44362,0,0,3.43596,0.107519,0.36288,3.6288,61.308,0.343857,0,0,1.75778,0.225513,1.18841,0.66528,12.849,1,0.440673,0.36288,0,53.4118,3.75422,49.5798,0.84672,12.849,0.84672,3695.15,0,0.0036966,1.03665e-05,1.70693,1.6705,5.15283,1.06474,7.4655,0.42336,0.0018483,0.21168,0.0018483,0.21168,460.486,0,1.02816,0,0,2.73509,1.70693,1.028160,1,0,58.2337,0,0,0,58.2337,0
72.29,2.44729,0,0,4.40067,0.147398,1.28815,3.6288,61.308,0.344392,0,0,3.16984,0.20364,2.62181,0.66528,12.849,1,0.438125,1.28815,0,53.3074,3.84678,50.3107,0.84672,12.849,0.84672,3695.15,0,0.0036966,1.03826e-05,3.19113,1.60056,9.69261,1.08202,13.4023,0.42336,0.0018483,0.21168,0.0018483,0.21168,460.486,0,1.02816,0,0,4.21929,3.19113,1.028160,1,0,66.3347,0,0,0,66.3347,0
72.29,2.45091,0,0,3.31138,0.147979,0.712497,3.6288,61.308,0.344926,0,0,1.78072,0.20364,1.23216,0.66528,12.849,1,0.43563,0.712497,0,43.1857,3.84678,39.6158,0.84672,12.849,0.84672,3695.15,0,0.0036966,1.03988e-05,1.58468,1.60118,5.39419,1.08202,7.49801,0.42336,0.0018483,0.21168,0.0018483,0.21168,460.486,0,1.02816,0,0,2.61284,1.58468,1.028160,1,0,48.346,0,0,0,48.346,0
72.29,2.45186,0,0,2.99876,0.147979,0.398922,3.6288,61.308,0.345461,0,0,2.12178,0.20364,1.57268,0.66528,12.849,1,0.4358,0.398922,0,44.5354,3.84678,40.6517,0.84672,12.849,0.84672,3695.15,0,0.0036966,1.04149e-05,1.85465,1.6018,5.81132,1.08202,8.18575,0.42336,0.0018483,0.21168,0.0018483,0.21168,460.486,0,1.02816,0,0,2.88281,1.85465,1.028160,1,0,50.4102,0,0,0,50.4102,0
72.29,2.38945,0,0,4.05256,0.201806,1.4613,3.6288,61.308,0.282772,0,0,2.58326,0.185521,2.11496,0.66528,12.849,1,0.424707,1.4613,0,94.0308,3.49423,91.5731,0.84672,12.849,0.84672,3695.15,0,0.0036966,8.52495e-06,3.14855,1.60243,7.50825,0.972719,11.2865,0.42336,0.0018483,0.21168,0.0018483,0.21168,460.486,0,1.02816,0,0,4.17671,3.14855,1.028160,1,0,104.975,0,0,0,104.975,0
71.9321,2.39038,0,0,2.63364,0.238267,0.36288,3.6288,61.308,0.283282,0,0,1.32087,0.190302,0.847282,0.66528,12.849,1,0.424873,0.36288,0,51.312,4.18571,47.0643,0.84672,12.849,0.84672,3695.15,0,0.0036966,8.54033e-06,1.80012,1.54022,6.12652,1.01035,8.4565,0.42336,0.0018483,0.21168,0.0018483,0.21168,460.486,0,1.02816,0,0,2.82828,1.80012,1.028160,1,0,56.3681,0,0,0,56.3681,0
72.29,2.38952,0,0,3.43465,0.30256,0.384676,3.6288,61.308,0.283792,0,0,1.70536,0.165982,1.25559,0.66528,12.849,1,0.426832,0.384676,0,42.5345,3.52391,38.9685,0.84672,12.849,0.84672,3695.15,0,0.0036966,8.55571e-06,1.74017,1.54082,7.02152,0.762938,9.53956,0.42336,0.0018483,0.21168,0.0018483,0.21168,460.486,0,1.02816,0,0,2.76833,1.74017,1.028160,1,0,49.7636,0,0,0,49.7636,0
72.29,2.39224,0,0,4.54902,0.303384,1.85339,3.6288,61.308,0.284303,0,0,1.65676,0.165982,1.20648,0.66528,12.849,1,0.425203,1.85339,0,57.9499,3.52391,55.8542,0.84672,12.849,0.84672,3695.15,0,0.0036966,8.5711e-06,2.14768,1.54142,8.12117,0.762938,11.0473,0.42336,0.0018483,0.21168,0.0018483,0.21168,460.486,0,1.02816,0,0,3.17584,2.14768,1.028160,1,0,68.108,0,0,0,68.108,0
72.29,2.21294,0,0,4.23136,0.303384,1.71504,3.6288,61.308,0.152933,0,0,3.07376,0.165982,2.75484,0.66528,12.849,1,0.393334,1.71504,0,93.5772,3.52391,91.375,0.84672,12.849,0.84672,3695.15,0,0.0036966,4.61058e-06,2.22819,1.54202,11.2736,0.762938,14.2808,0.42336,0.0018483,0.21168,0.0018483,0.21168,460.486,0,1.02816,0,0,3.25635,2.22819,1.028160,1,0,108.411,0,0,0,108.411,0
72.29,2.2138,0,0,4.58956,0.296417,2.07934,3.6288,61.308,0.153392,0,0,4.13176,0.186898,3.79147,0.66528,12.849,1,0.393487,2.07934,0,109.238,4.34174,106.582,0.84672,12.849,0.84672,3695.15,0,0.0036966,4.62443e-06,2.77351,1.40094,14.543,1.10007,17.6174,0.42336,0.0018483,0.21168,0.0018483,0.21168,460.486,0,1.02816,0,0,3.80167,2.77351,1.028160,1,0,127.991,0,0,0,127.991,0
72.29,2.21466,0,0,4.18191,0.295256,1.67199,3.6288,61.308,0.153852,0,0,3.92635,0.190384,3.58212,0.66528,12.849,1,0.39364,1.67199,0,81.9132,4.47804,78.7136,0.84672,12.849,0.84672,3695.15,0,0.0036966,4.63828e-06,2.73535,1.40149,10.2816,1.15625,13.2622,0.42336,0.0018483,0.21168,0.0018483,0.21168,460.486,0,1.02816,0,0,3.76351,2.73535,1.028160,1,0,95.5578,0,0,0,95.5578,0
72.29,2.21552,0,0,6.80968,0.274775,4.31938,3.6288,61.308,0.154311,0,0,4.48715,0.174882,4.15796,0.66528,12.849,1,0.393793,4.31938,0,126.427,3.94209,126.411,0.84672,12.849,0.84672,3695.15,0,0.0036966,4.65214e-06,2.82634,1.40203,15.0899,1.0893,18.229,0.42336,0.0018483,0.21168,0.0018483,0.21168,460.486,0,1.02816,0,0,3.8545,2.82634,1.028160,1,0,148.798,0,0,0,148.798,0
72.29,2.21639,0,0,4.74159,0.248084,2.27712,3.6288,61.308,0.154771,0,0,3.79687,0.194339,3.44776,0.66528,12.849,1,0.393946,2.27712,0,135.977,3.41563,134.445,0.84672,12.849,0.84672,3695.15,0,0.0036966,4.666e-06,2.69778,1.40258,11.1946,0.746407,14.5485,0.42336,0.0018483,0.21168,0.0018483,0.21168,460.486,0,1.02816,0,0,3.72594,2.69778,1.028160,1,0,152.441,0,0,0,152.441,0
72.29,2.28668,0,0,6.61585,0.252233,4.07693,3.6288,61.308,0.193481,0,0,3.28092,0.197557,2.88988,0.66528,12.849,1,0.406441,4.07693,0,154.458,3.80702,154.322,0.84672,12.849,0.84672,3695.15,0,0.0036966,5.83304e-06,3.03719,1.40312,13.0035,0.918099,16.5257,0.42336,0.0018483,0.21168,0.0018483,0.21168,460.486,0,1.02816,0,0,4.06535,3.03719,1.028160,1,0,173.737,0,0,0,173.737,0
72.29,2.28754,0,0,9.255,0.261337,6.70612,3.6288,61.308,0.193939,0,0,6.51859,0.213291,6.11136,0.66528,12.849,1,0.406593,6.70612,0,181.885,4.53716,183.647,0.84672,12.849,0.84672,3695.15,0,0.0036966,5.84684e-06,5.34623,1.44855,21.6842,1.20693,27.2721,0.42336,0.0018483,0.21168,0.0018483,0.21168,460.486,0,1.02816,0,0,6.37439,5.34623,1.028160,1,0,217.031,0,0,0,217.031,0
72.29,2.2884,0,0,9.12522,0.261337,6.57549,3.6288,61.308,0.194397,0,0,8.93514,0.213291,8.52745,0.66528,12.849,1,0.406746,6.57549,0,347.35,4.53716,348.981,0.84672,12.849,0.84672,3695.15,0,0.0036966,5.86064e-06,6.36163,1.44909,23.6298,1.20693,30.2336,0.42336,0.0018483,0.21168,0.0018483,0.21168,460.486,0,1.02816,0,0,7.38979,6.36163,1.028160,1,0,387.742,0,0,0,387.742,0
72.29,2.28926,0,0,6.78,0.261337,4.22941,3.6288,61.308,0.194855,0,0,6.13354,0.213291,5.72539,0.66528,12.849,1,0.406898,4.22941,0,212.196,4.53716,211.481,0.84672,12.849,0.84672,3695.15,0,0.0036966,5.87444e-06,4.84996,1.44963,19.2145,1.20693,24.3072,0.42336,0.0018483,0.21168,0.0018483,0.21168,460.486,0,1.02816,0,0,5.87812,4.84996,1.028160,1,0,241.514,0,0,0,241.514,0
72.29,2.51349,0,0,8.31402,0.288402,5.51213,3.6288,61.308,0.339164,0,0,6.42737,0.184926,5.90328,0.66528,12.849,1,0.446753,5.51213,0,221.029,3.98874,222.106,0.84672,12.849,0.84672,3695.15,0,0.0036966,1.0225e-05,4.93905,1.45018,19.3018,1.06762,24.6233,0.42336,0.0018483,0.21168,0.0018483,0.21168,460.486,0,1.02816,0,0,5.96721,4.93905,1.028160,1,0,252.633,0,0,0,252.633,0
72.29,2.51443,0,0,5.91049,0.339694,3.05637,3.6288,61.308,0.339676,0,0,4.19725,0.213961,3.64361,0.66528,12.849,1,0.44692,3.05637,0,109.285,4.27245,107.622,0.84672,12.849,0.84672,3695.15,0,0.0036966,1.02405e-05,2.9799,1.61116,9.59826,1.06439,13.1249,0.42336,0.0018483,0.21168,0.0018483,0.21168,460.486,0,1.02816,0,0,4.00806,2.9799,1.028160,1,0,124.39,0,0,0,124.39,0
72.29,2.51537,0,0,6.61444,0.339694,3.75938,3.6288,61.308,0.340188,0,0,4.18892,0.213961,3.63477,0.66528,12.849,1,0.447088,3.75938,0,133.739,4.27245,132.778,0.84672,12.849,0.84672,3695.15,0,0.0036966,1.02559e-05,2.95624,1.61177,12.6897,1.06439,16.1933,0.42336,0.0018483,0.21168,0.0018483,0.21168,460.486,0,1.02816,0,0,3.9844,2.95624,1.028160,1,0,152.606,0,0,0,152.606,0
72.29,2.51631,0,0,7.76364,0.343003,4.90433,3.6288,61.308,0.3407,0,0,4.38751,0.207713,3.8391,0.66528,12.849,1,0.447255,4.90433,0,160.804,4.06263,161.199,0.84672,12.849,0.84672,3695.15,0,0.0036966,1.02714e-05,3.30221,1.61237,10.7749,0.99416,14.6953,0.42336,0.0018483,0.21168,0.0018483,0.21168,460.486,0,1.02816,0,0,4.33037,3.30221,1.028160,1,0,179.733,0,0,0,179.733,0
72.29,2.19817,0,0,6.70029,0.351276,4.15084,3.6288,61.308,0.147874,0,0,5.34354,0.192092,5.00357,0.66528,12.849,1,0.390709,4.15084,0,178.211,3.53808,178.433,0.84672,12.849,0.84672,3695.15,0,0.0036966,4.45807e-06,4.44072,1.61297,12.7858,0.818583,18.0209,0.42336,0.0018483,0.21168,0.0018483,0.21168,460.486,0,1.02816,0,0,5.46888,4.44072,1.028160,1,0,201.458,0,0,0,201.458,0
72.29,2.199,0,0,4.04547,0.317585,1.52889,3.6288,61.308,0.148314,0,0,2.58288,0.204261,2.23031,0.66528,12.849,1,0.390855,1.52889,0,112.768,3.80761,110.098,0.84672,12.849,0.84672,3695.15,0,0.0036966,4.47133e-06,1.62445,1.39377,6.52784,0.868005,8.67805,0.42336,0.0018483,0.21168,0.0018483,0.21168,460.486,0,1.02816,0,0,2.65261,1.62445,1.028160,1,0,121.006,0,0,0,121.006,0
72.29,2.19982,0,0,4.18071,0.317585,1.6633,3.6288,61.308,0.148754,0,0,3.29632,0.204261,2.9433,0.66528,12.849,1,0.391001,1.6633,0,124.318,3.80761,121.782,0.84672,12.849,0.84672,3695.15,0,0.0036966,4.48461e-06,2.21432,1.3943,11.0222,0.868005,13.7628,0.42336,0.0018483,0.21168,0.0018483,0.21168,460.486,0,1.02816,0,0,3.24248,2.21432,1.028160,1,0,138.488,0,0,0,138.488,0
72.29,2.20064,0,0,5.39927,0.317585,2.88105,3.6288,61.308,0.149194,0,0,3.72615,0.204261,3.37269,0.66528,12.849,1,0.391148,2.88105,0,98.5755,3.80761,97.2578,0.84672,12.849,0.84672,3695.15,0,0.0036966,4.49788e-06,2.95844,1.39482,12.7006,0.868005,16.1859,0.42336,0.0018483,0.21168,0.0018483,0.21168,460.486,0,1.02816,0,0,3.9866,2.95844,1.028160,1,0,116.816,0,0,0,116.816,0
72.29,2.20147,0,0,5.62232,0.309269,3.11159,3.6288,61.308,0.149635,0,0,5.57893,0.212378,5.21691,0.66528,12.849,1,0.391294,3.11159,0,172.113,3.78615,171.047,0.84672,12.849,0.84672,3695.15,0,0.0036966,4.51116e-06,5.35696,1.39534,14.8388,0.886403,20.7047,0.42336,0.0018483,0.21168,0.0018483,0.21168,460.486,0,1.02816,0,0,6.38512,5.35696,1.028160,1,0,196.969,0,0,0,196.969,0
72.29,2.28276,0,0,6.65429,0.332016,4.03951,3.6288,61.308,0.197462,0,0,5.00468,0.217989,4.58923,0.66528,12.849,1,0.405743,4.03951,0,164.215,4.06326,163.786,0.84672,12.849,0.84672,3695.15,0,0.0036966,5.95304e-06,3.8201,1.39586,15.4529,0.853807,19.815,0.42336,0.0018483,0.21168,0.0018483,0.21168,460.486,0,1.02816,0,0,4.84826,3.8201,1.028160,1,0,188.19,0,0,0,188.19,0
72.29,2.28361,0,0,6.73841,0.317743,4.13706,3.6288,61.308,0.19792,0,0,3.64874,0.193024,3.2578,0.66528,12.849,1,0.405894,4.13706,0,173.2,3.98737,172.944,0.84672,12.849,0.84672,3695.15,0,0.0036966,5.96685e-06,3.28582,1.45076,14.5462,0.767122,18.5157,0.42336,0.0018483,0.21168,0.0018483,0.21168,460.486,0,1.02816,0,0,4.31398,3.28582,1.028160,1,0,194.717,0,0,0,194.717,0
72.29,2.28446,0,0,5.44524,0.268103,2.89267,3.6288,61.308,0.198379,0,0,3.10685,0.207412,2.70106,0.66528,12.849,1,0.406046,2.89267,0,148.994,4.00245,147.478,0.84672,12.849,0.84672,3695.15,0,0.0036966,5.98068e-06,2.55196,1.4513,12.6365,0.78672,15.8531,0.42336,0.0018483,0.21168,0.0018483,0.21168,460.486,0,1.02816,0,0,3.58012,2.55196,1.028160,1,0,166.032,0,0,0,166.032,0
72.29,2.28532,0,0,5.30594,0.201916,2.8187,3.6288,61.308,0.198837,0,0,3.09809,0.226596,2.67266,0.66528,12.849,1,0.406198,2.8187,0,145.558,4.02255,143.948,0.84672,12.849,0.84672,3695.15,0,0.0036966,5.9945e-06,2.41587,1.45184,13.2862,0.81285,16.341,0.42336,0.0018483,0.21168,0.0018483,0.21168,460.486,0,1.02816,0,0,3.44403,2.41587,1.028160,1,0,162.962,0,0,0,162.962,0
72.29,2.25466,0,0,4.64839,0.200362,2.19336,3.6288,61.308,0.180864,0,0,2.77468,0.221495,2.37232,0.66528,12.849,1,0.400749,2.19336,0,108.009,4.17486,105.626,0.84672,12.849,0.84672,3695.15,0,0.0036966,5.45264e-06,2.01149,1.45238,11.0919,0.867865,13.6879,0.42336,0.0018483,0.21168,0.0018483,0.21168,460.486,0,1.02816,0,0,3.03965,2.01149,1.028160,1,0,121.687,0,0,0,121.687,0
72.29,2.25551,0,0,4.61322,0.196477,2.16123,3.6288,61.308,0.181316,0,0,2.39849,0.208744,2.00843,0.66528,12.849,1,0.400899,2.16123,0,111.582,4.55564,108.787,0.84672,12.849,0.84672,3695.15,0,0.0036966,5.46626e-06,2.11516,1.43173,9.69028,1.0054,12.2318,0.42336,0.0018483,0.21168,0.0018483,0.21168,460.486,0,1.02816,0,0,3.14332,2.11516,1.028160,1,0,123.027,0,0,0,123.027,0
72.29,2.25635,0,0,4.34966,0.196477,1.89684,3.6288,61.308,0.181768,0,0,2.17965,0.208744,1.78914,0.66528,12.849,1,0.401049,1.89684,0,97.8756,4.55564,94.8158,0.84672,12.849,0.84672,3695.15,0,0.0036966,5.47989e-06,1.59334,1.43227,8.90672,1.0054,10.9269,0.42336,0.0018483,0.21168,0.0018483,0.21168,460.486,0,1.02816,0,0,2.6215,1.59334,1.028160,1,0,107.532,0,0,0,107.532,0
72.29,2.25719,0,0,3.98645,0.186487,1.54277,3.6288,61.308,0.18222,0,0,2.03457,0.215151,1.6372,0.66528,12.849,1,0.401199,1.54277,0,89.4335,4.69563,85.8794,0.84672,12.849,0.84672,3695.15,0,0.0036966,5.49352e-06,1.51812,1.4328,7.58004,1.02503,9.50592,0.42336,0.0018483,0.21168,0.0018483,0.21168,460.486,0,1.02816,0,0,2.54628,1.51812,1.028160,1,0,97.0226,0,0,0,97.0226,0
72.29,2.36515,0,0,3.72967,0.165405,1.19912,3.6288,61.308,0.248134,0,0,1.94749,0.237651,1.46171,0.66528,12.849,1,0.420387,1.19912,0,78.2862,4.6833,74.3816,0.84672,12.849,0.84672,3695.15,0,0.0036966,7.48069e-06,1.54855,1.43334,7.83035,0.967487,9.84474,0.42336,0.0018483,0.21168,0.0018483,0.21168,460.486,0,1.02816,0,0,2.57671,1.54855,1.028160,1,0,85.6881,0,0,0,85.6881,0
72.29,2.36603,0,0,3.70273,0.182516,1.15418,3.6288,61.308,0.248611,0,0,1.86287,0.233332,1.38093,0.66528,12.849,1,0.420544,1.15418,0,83.2403,4.86291,79.1111,0.84672,12.849,0.84672,3695.15,0,0.0036966,7.49506e-06,1.32909,1.50809,7.72157,0.993857,9.56489,0.42336,0.0018483,0.21168,0.0018483,0.21168,460.486,0,1.02816,0,0,2.35725,1.32909,1.028160,1,0,90.0569,0,0,0,90.0569,0
72.29,2.36692,0,0,3.38674,0.104368,0.915458,3.6288,61.308,0.249088,0,0,1.73775,0.257618,1.23104,0.66528,12.849,1,0.420701,0.915458,0,60.3758,5.33421,55.5363,0.84672,12.849,0.84672,3695.15,0,0.0036966,7.50944e-06,0.99436,1.50865,7.22503,1.1806,8.54744,0.42336,0.0018483,0.21168,0.0018483,0.21168,460.486,0,1.02816,0,0,2.02252,0.99436,1.028160,1,0,65.3148,0,0,0,65.3148,0
72.29,2.3678,0,0,3.24007,0.104368,0.767902,3.6288,61.308,0.249564,0,0,1.66018,0.257618,1.153,0.66528,12.849,1,0.420858,0.767902,0,55.6147,5.33421,50.6276,0.84672,12.849,0.84672,3695.15,0,0.0036966,7.52381e-06,0.919771,1.50922,6.98743,1.1806,8.23581,0.42336,0.0018483,0.21168,0.0018483,0.21168,460.486,0,1.02816,0,0,1.94793,0.919771,1.028160,1,0,60.0164,0,0,0,60.0164,0
72.29,2.36868,0,0,3.10245,0.104368,0.6294,3.6288,61.308,0.250042,0,0,1.68776,0.257618,1.1801,0.66528,12.849,1,0.421016,0.6294,0,53.062,5.33421,47.9361,0.84672,12.849,0.84672,3695.15,0,0.0036966,7.5382e-06,1.15578,1.50978,6.65271,1.1806,8.13767,0.42336,0.0018483,0.21168,0.0018483,0.21168,460.486,0,1.02816,0,0,2.18394,1.15578,1.028160,1,0,57.2539,0,0,0,57.2539,0
72.29,2.34835,0,0,2.94997,0.109176,0.492451,3.6288,61.308,0.286565,0,0,1.29561,0.270553,0.738493,0.66528,12.849,1,0.417401,0.492451,0,50.4389,5.13804,45.3759,0.84672,12.849,0.84672,3695.15,0,0.0036966,8.6393e-06,0.93814,1.51035,6.19942,1.23727,7.41063,0.42336,0.0018483,0.21168,0.0018483,0.21168,460.486,0,1.02816,0,0,1.9663,0.93814,1.028160,1,0,53.525,0,0,0,53.525,0
72.29,2.34922,0,0,2.84298,0.0955715,0.39819,3.6288,61.308,0.287056,0,0,1.08576,0.284864,0.513844,0.66528,12.849,1,0.417556,0.39819,0,46.791,5.28706,41.4845,0.84672,12.849,0.84672,3695.15,0,0.0036966,8.65409e-06,0.774636,1.53408,5.71068,1.26836,6.75102,0.42336,0.0018483,0.21168,0.0018483,0.21168,460.486,0,1.02816,0,0,1.8028,0.774636,1.028160,1,0,48.7494,0,0,0,48.7494,0
72.1919,2.3501,0,0,2.7105,0.0955715,0.36288,3.6288,61.308,0.287546,0,0,1.04748,0.284864,0.475069,0.66528,12.849,1,0.417712,0.36288,0,45.5573,5.28706,40.2154,0.84672,12.849,0.84672,3695.15,0,0.0036966,8.66889e-06,0.720438,1.53465,5.40779,1.26836,6.39451,0.42336,0.0018483,0.21168,0.0018483,0.21168,460.486,0,1.02816,0,0,1.7486,0.720438,1.028160,1,0,47.085,0,0,0,47.085,0
71.9684,2.35049,0,0,2.56055,0.070754,0.36288,3.6288,61.308,0.288037,0,0,0.997384,0.323924,0.385423,0.66528,12.849,1,0.41835,0.36288,0,42.961,5.9459,36.9597,0.84672,12.849,0.84672,3695.15,0,0.0036966,8.68368e-06,0.713984,1.53522,5.25566,1.4707,6.03416,0.42336,0.0018483,0.21168,0.0018483,0.21168,460.486,0,1.02816,0,0,1.74214,0.713984,1.028160,1,0,43.3792,0,0,0,43.3792,0
71.576,2.40512,0,0,2.44866,0.0730126,0.36288,3.6288,61.308,0.320702,0,0,1.03262,0.313823,0.398093,0.66528,12.849,1,0.429402,0.36288,0,42.6962,6.04593,36.5837,0.84672,12.849,0.84672,3695.15,0,0.0036966,9.66844e-06,0.742772,1.53579,5.10205,1.4693,5.9113,0.42336,0.0018483,0.21168,0.0018483,0.21168,460.486,0,1.02816,0,0,1.77093,0.742772,1.028160,1,0,42.8931,0,0,0,42.8931,0
71.4894,2.40402,0,0,2.73701,0.0567657,0.36288,3.6288,61.308,0.321205,0,0,1.29144,0.320186,0.650047,0.66528,12.849,1,0.431558,0.36288,0,39.783,5.88483,33.8295,0.84672,12.849,0.84672,3695.15,0,0.0036966,9.68361e-06,0.798146,1.57334,4.53496,1.51281,5.39363,0.42336,0.0018483,0.21168,0.0018483,0.21168,460.486,0,1.02816,0,0,1.82631,0.798146,1.028160,1,0,39.8731,0,0,0,39.8731,0
71.2278,2.40447,0,0,2.5625,0.0567282,0.36288,3.6288,61.308,0.321708,0,0,1.24536,0.320186,0.603467,0.66528,12.849,1,0.432163,0.36288,0,37.3181,5.88483,31.364,0.84672,12.849,0.84672,3695.15,0,0.0036966,9.69878e-06,0.811132,1.57393,4.69067,1.51281,5.56291,0.42336,0.0018483,0.21168,0.0018483,0.21168,460.486,0,1.02816,0,0,1.83929,0.811132,1.028160,1,0,37.5304,0,0,0,37.5304,0
70.67,2.40402,0,0,2.26572,0.0566149,0.36288,3.6288,61.308,0.322211,0,0,1.17236,0.320186,0.529964,0.66528,12.849,1,0.433669,0.36288,0,35.2521,5.88483,29.2964,0.84672,12.849,0.84672,3695.15,0,0.0036966,9.71395e-06,0.620568,1.57451,4.40046,1.51281,5.08272,0.42336,0.0018483,0.21168,0.0018483,0.21168,460.486,0,1.02816,0,0,1.64873,0.620568,1.028160,1,0,34.9091,0,0,0,34.9091,0
69.7454,2.56244,0,0,2.04745,0.0466911,0.36288,3.6288,61.308,0.439017,0,0,1.16078,0.325366,0.396401,0.66528,12.849,1,0.465895,0.36288,0,33.4168,6.03438,27.2794,0.84672,12.849,0.84672,3695.15,0,0.0036966,1.32354e-05,0.571363,1.5751,4.39068,1.54269,4.99445,0.42336,0.0018483,0.21168,0.0018483,0.21168,460.486,0,1.02816,0,0,1.59952,0.571363,1.028160,1,0,32.6702,0,0,0,32.6702,0
69.4309,2.55818,0,0,2.65078,0.0442284,0.36288,3.6288,61.308,0.439563,0,0,1.35501,0.336959,0.578489,0.66528,12.849,1,0.471286,0.36288,0,35.2547,5.58794,29.5583,0.84672,12.849,0.84672,3695.15,0,0.0036966,1.32519e-05,0.430644,1.70107,4.9992,1.41117,5.71974,0.42336,0.0018483,0.21168,0.0018483,0.21168,460.486,0,1.02816,0,0,1.4588,0.430644,1.028160,1,0,35.8565,0,0,0,35.8565,0
69.3348,2.55733,0,0,2.87598,0.0518582,0.36288,3.6288,61.308,0.440111,0,0,1.40825,0.323405,0.644735,0.66528,12.849,1,0.473264,0.36288,0,33.9888,5.49979,28.3786,0.84672,12.849,0.84672,3695.15,0,0.0036966,1.32684e-05,0.821768,1.70171,6.17095,1.42825,7.26616,0.42336,0.0018483,0.21168,0.0018483,0.21168,460.486,0,1.02816,0,0,1.84993,0.821768,1.028160,1,0,36.2895,0,0,0,36.2895,0
69.063,2.55773,0,0,2.7006,0.0518195,0.36288,3.6288,61.308,0.440658,0,0,1.37419,0.323405,0.610129,0.66528,12.849,1,0.473994,0.36288,0,34.6937,5.49979,29.0828,0.84672,12.849,0.84672,3695.15,0,0.0036966,1.32848e-05,1.23155,1.70234,5.68832,1.42825,7.19394,0.42336,0.0018483,0.21168,0.0018483,0.21168,460.486,0,1.02816,0,0,2.25971,1.23155,1.028160,1,0,36.8869,0,0,0,36.8869,0
68.7049,2.55711,0,0,2.61359,0.0517102,0.36288,3.6288,61.308,0.441205,0,0,1.36168,0.323405,0.597071,0.66528,12.849,1,0.475744,0.36288,0,32.4331,5.49979,26.8204,0.84672,12.849,0.84672,3695.15,0,0.0036966,1.33013e-05,1.19672,1.70298,5.6662,1.42825,7.13763,0.42336,0.0018483,0.21168,0.0018483,0.21168,460.486,0,1.02816,0,0,2.22488,1.19672,1.028160,1,0,34.5551,0,0,0,34.5551,0
68.3163,2.47799,0,0,2.49539,0.0431051,0.36288,3.6288,61.308,0.37103,0,0,1.33199,0.310911,0.650045,0.66528,12.849,1,0.463426,0.36288,0,29.0001,5.35714,23.5424,0.84672,12.849,0.84672,3695.15,0,0.0036966,1.11857e-05,0.869331,1.70361,5.48503,1.35833,6.69964,0.42336,0.0018483,0.21168,0.0018483,0.21168,460.486,0,1.02816,0,0,1.89749,0.869331,1.028160,1,0,30.8921,0,0,0,30.8921,0
67.5474,2.47669,0,0,2.10236,0.0317273,0.36288,3.6288,61.308,0.371551,0,0,2.04333,0.294253,1.37752,0.66528,12.849,1,0.465818,0.36288,0,25.8678,5.16695,20.5979,0.84672,12.849,0.84672,3695.15,0,0.0036966,1.12014e-05,1.87432,1.63226,5.89614,1.2651,8.13761,0.42336,0.0018483,0.21168,0.0018483,0.21168,460.486,0,1.02816,0,0,2.90248,1.87432,1.028160,1,0,30.1131,0,0,0,30.1131,0
66.4625,2.47315,0,0,1.78265,0.0315365,0.36288,3.6288,61.308,0.372072,0,0,1.10932,0.294253,0.442999,0.66528,12.849,1,0.470448,0.36288,0,25.8316,5.16695,20.5571,0.84672,12.849,0.84672,3695.15,0,0.0036966,1.12172e-05,0.505881,1.63286,4.36114,1.2651,5.23478,0.42336,0.0018483,0.21168,0.0018483,0.21168,460.486,0,1.02816,0,0,1.53404,0.505881,1.028160,1,0,26.2349,0,0,0,26.2349,0
65.6587,2.46764,0,0,2.09553,0.0687864,0.36288,3.6288,61.308,0.372594,0,0,1.12707,0.26393,0.490547,0.66528,12.849,1,0.477061,0.36288,0,26.02,4.75169,21.1541,0.84672,12.849,0.84672,3695.15,0,0.0036966,1.12329e-05,0.544657,1.63347,4.5544,1.1353,5.59722,0.42336,0.0018483,0.21168,0.0018483,0.21168,460.486,0,1.02816,0,0,1.57282,0.544657,1.028160,1,0,27.2419,0,0,0,27.2419,0
68.6382,2.40003,0,0,5.90395,0.161547,0.36288,3.6288,61.308,0.308644,0,0,2.73609,0.188124,2.23932,0.66528,12.849,1,0.46967,0.36288,0,83.1388,3.71353,79.3185,0.84672,12.849,0.84672,3695.15,0,0.0036966,9.30494e-06,1.55258,1.63408,12.1225,0.810812,14.4983,0.42336,0.0018483,0.21168,0.0018483,0.21168,460.486,0,1.02816,0,0,2.58074,1.55258,1.028160,1,0,96.0561,0,0,0,96.0561,0
67.5139,2.4181,0,0,1.86281,0.206087,0.36288,3.6288,61.308,0.309142,0,0,1.07368,0.250708,0.513825,0.66528,12.849,1,0.452666,0.36288,0,40.3202,5.04704,35.1834,0.84672,12.849,0.84672,3695.15,0,0.0036966,9.31994e-06,0.59648,1.57062,4.05583,1.21337,5.00955,0.42336,0.0018483,0.21168,0.0018483,0.21168,460.486,0,1.02816,0,0,1.62464,0.59648,1.028160,1,0,40.7068,0,0,0,40.7068,0
66.148,2.41267,0,0,1.61389,0.204279,0.36288,3.6288,61.308,0.30964,0,0,1.04173,0.250708,0.481385,0.66528,12.849,1,0.45917,0.36288,0,27.8297,5.04704,22.6864,0.84672,12.849,0.84672,3695.15,0,0.0036966,9.33495e-06,0.605984,1.5712,3.55001,1.21337,4.51382,0.42336,0.0018483,0.21168,0.0018483,0.21168,460.486,0,1.02816,0,0,1.63414,0.605984,1.028160,1,0,27.6816,0,0,0,27.6816,0
68.3905,2.40562,0,0,5.18791,0.176877,0.36288,3.6288,61.308,0.310137,0,0,1.52472,0.240781,0.9738,0.66528,12.849,1,0.467283,0.36288,0,52.2295,4.80704,47.3181,0.84672,12.849,0.84672,3695.15,0,0.0036966,9.34995e-06,1.24084,1.57179,7.56526,1.26703,9.11085,0.42336,0.0018483,0.21168,0.0018483,0.21168,460.486,0,1.02816,0,0,2.269,1.24084,1.028160,1,0,57.4027,0,0,0,57.4027,0
72.29,2.23721,0,0,6.86511,0.212579,0.515839,3.6288,61.308,0.176161,0,0,2.17939,0.190218,1.81301,0.66528,12.849,1,0.42032,0.515839,0,81.9875,3.72939,78.3537,0.84672,12.849,0.84672,3695.15,0,0.0036966,5.31086e-06,2.04756,1.57237,13.2756,1.03725,15.8583,0.42336,0.0018483,0.21168,0.0018483,0.21168,460.486,0,1.02816,0,0,3.07572,2.04756,1.028160,1,0,96.025,0,0,0,96.025,0
71.9767,2.2573,0,0,2.56034,0.253501,0.36288,3.6288,61.308,0.176609,0,0,1.16047,0.215674,0.76819,0.66528,12.849,1,0.401219,0.36288,0,47.7683,4.05864,43.6713,0.84672,12.849,0.84672,3695.15,0,0.0036966,5.32437e-06,0.715202,1.42849,4.78789,0.915701,6.01588,0.42336,0.0018483,0.21168,0.0018483,0.21168,460.486,0,1.02816,0,0,1.74336,0.715202,1.028160,1,0,50.4554,0,0,0,50.4554,0
71.5095,2.25666,0,0,2.41902,0.266641,0.36288,3.6288,61.308,0.177057,0,0,1.66473,0.225857,1.26182,0.66528,12.849,1,0.40285,0.36288,0,52.7056,4.19034,48.4753,0.84672,12.849,0.84672,3695.15,0,0.0036966,5.33788e-06,1.45457,1.42903,5.13285,0.867081,7.14936,0.42336,0.0018483,0.21168,0.0018483,0.21168,460.486,0,1.02816,0,0,2.48273,1.45457,1.028160,1,0,56.8865,0,0,0,56.8865,0
72.29,2.25527,0,0,3.72261,0.249225,0.437616,3.6288,61.308,0.177505,0,0,1.15573,0.19785,0.780374,0.66528,12.849,1,0.405232,0.437616,0,70.7577,3.79726,66.9928,0.84672,12.849,0.84672,3695.15,0,0.0036966,5.3514e-06,0.793463,1.42956,4.36056,0.823648,5.75993,0.42336,0.0018483,0.21168,0.0018483,0.21168,460.486,0,1.02816,0,0,1.82162,0.793463,1.028160,1,0,73.5331,0,0,0,73.5331,0
72.29,2.25982,0,0,6.39515,0.228621,3.9067,3.6288,61.308,0.177954,0,0,1.67393,0.160508,1.33547,0.66528,12.849,1,0.401666,3.9067,0,63.652,3.27317,63.8839,0.84672,12.849,0.84672,3695.15,0,0.0036966,5.36491e-06,1.18849,1.43009,5.56346,0.765737,7.4163,0.42336,0.0018483,0.21168,0.0018483,0.21168,460.486,0,1.02816,0,0,2.21665,1.18849,1.028160,1,0,72.6356,0,0,0,72.6356,0
72.29,2.33146,0,0,5.56767,0.243068,2.99314,3.6288,61.308,0.217402,0,0,2.74621,0.187926,2.34088,0.66528,12.849,1,0.4144,2.99314,0,60.4112,3.90418,59.0858,0.84672,12.849,0.84672,3695.15,0,0.0036966,6.5542e-06,1.82529,1.43062,5.32382,0.864885,7.71484,0.42336,0.0018483,0.21168,0.0018483,0.21168,460.486,0,1.02816,0,0,2.85345,1.82529,1.028160,1,0,69.1415,0,0,0,69.1415,0
72.0633,2.3323,0,0,2.74766,0.279184,0.36288,3.6288,61.308,0.217848,0,0,1.06642,0.256471,0.592098,0.66528,12.849,1,0.414548,0.36288,0,46.7846,5.48173,41.2512,0.84672,12.849,0.84672,3695.15,0,0.0036966,6.56764e-06,0.709024,1.47691,3.8133,1.11275,4.88647,0.42336,0.0018483,0.21168,0.0018483,0.21168,460.486,0,1.02816,0,0,1.73718,0.709024,1.028160,1,0,46.7297,0,0,0,46.7297,0
72.29,2.33202,0,0,6.93117,0.278704,4.09374,3.6288,61.308,0.218294,0,0,1.38497,0.256471,0.9102,0.66528,12.849,1,0.415804,4.09374,0,59.4268,5.48173,57.623,0.84672,12.849,0.84672,3695.15,0,0.0036966,6.58109e-06,1.29751,1.47744,11.7072,1.11275,13.3694,0.42336,0.0018483,0.21168,0.0018483,0.21168,460.486,0,1.02816,0,0,2.32567,1.29751,1.028160,1,0,71.9026,0,0,0,71.9026,0
72.29,2.33397,0,0,18.7917,0.279184,16.1786,3.6288,61.308,0.218741,0,0,2.69822,0.256471,2.22301,0.66528,12.849,1,0.414845,16.1786,0,213.665,5.48173,223.947,0.84672,12.849,0.84672,3695.15,0,0.0036966,6.59454e-06,3.9414,1.47797,10.1462,1.11275,14.4528,0.42336,0.0018483,0.21168,0.0018483,0.21168,460.486,0,1.02816,0,0,4.96956,3.9414,1.028160,1,0,240.622,0,0,0,240.622,0
72.29,2.56253,0,0,8.8001,0.289158,5.94841,3.6288,61.308,0.365845,0,0,2.04913,0.24419,1.4391,0.66528,12.849,1,0.455471,5.94841,0,124.654,4.81037,125.336,0.84672,12.849,0.84672,3695.15,0,0.0036966,1.10294e-05,2.46836,1.4785,5.75215,0.932018,8.76698,0.42336,0.0018483,0.21168,0.0018483,0.21168,460.486,0,1.02816,0,0,3.49652,2.46836,1.028160,1,0,135.542,0,0,0,135.542,0
72.29,2.56345,0,0,7.91692,0.282236,5.07123,3.6288,61.308,0.366344,0,0,1.68532,0.273654,1.04532,0.66528,12.849,1,0.455634,5.07123,0,142.779,4.72856,142.666,0.84672,12.849,0.84672,3695.15,0,0.0036966,1.10445e-05,2.59208,1.6426,7.64428,1.16134,10.7176,0.42336,0.0018483,0.21168,0.0018483,0.21168,460.486,0,1.02816,0,0,3.62024,2.59208,1.028160,1,0,154.429,0,0,0,154.429,0
72.29,2.56437,0,0,7.19974,0.281082,4.35429,3.6288,61.308,0.366843,0,0,1.27161,0.278565,0.626202,0.66528,12.849,1,0.455797,4.35429,0,119.335,4.71492,118.518,0.84672,12.849,0.84672,3695.15,0,0.0036966,1.10595e-05,0.995138,1.64319,5.06989,1.19956,6.50865,0.42336,0.0018483,0.21168,0.0018483,0.21168,460.486,0,1.02816,0,0,2.0233,0.995138,1.028160,1,0,125.653,0,0,0,125.653,0
72.29,2.56529,0,0,8.0648,0.318833,5.18068,3.6288,61.308,0.367342,0,0,2.03335,0.228519,1.43749,0.66528,12.849,1,0.45596,5.18068,0,135.249,4.5549,135.419,0.84672,12.849,0.84672,3695.15,0,0.0036966,1.10745e-05,1.17052,1.64378,7.31317,1.05263,9.07483,0.42336,0.0018483,0.21168,0.0018483,0.21168,460.486,0,1.02816,0,0,2.19868,1.17052,1.028160,1,0,145.931,0,0,0,145.931,0
72.29,2.24092,0,0,8.81695,0.318833,6.25719,3.6288,61.308,0.170743,0,0,1.77741,0.228519,1.37815,0.66528,12.849,1,0.398307,6.25719,0,160.602,4.5549,161.906,0.84672,12.849,0.84672,3695.15,0,0.0036966,5.14751e-06,4.17989,1.64437,12.5783,1.05263,17.3499,0.42336,0.0018483,0.21168,0.0018483,0.21168,460.486,0,1.02816,0,0,5.20805,4.17989,1.028160,1,0,180.634,0,0,0,180.634,0
72.29,2.24172,0,0,8.48075,0.371753,5.86727,3.6288,61.308,0.171171,0,0,2.53624,0.211707,2.15336,0.66528,12.849,1,0.398449,5.86727,0,138.956,3.6945,140.731,0.84672,12.849,0.84672,3695.15,0,0.0036966,5.16044e-06,3.55985,1.42088,18.482,1.01467,22.4481,0.42336,0.0018483,0.21168,0.0018483,0.21168,460.486,0,1.02816,0,0,4.58801,3.55985,1.028160,1,0,165.332,0,0,0,165.332,0
72.29,2.24252,0,0,7.07444,0.380573,4.45134,3.6288,61.308,0.1716,0,0,1.72997,0.208905,1.34946,0.66528,12.849,1,0.398592,4.45134,0,107.717,3.5511,108.218,0.84672,12.849,0.84672,3695.15,0,0.0036966,5.17337e-06,2.07228,1.42139,11.8924,1.00834,14.3778,0.42336,0.0018483,0.21168,0.0018483,0.21168,460.486,0,1.02816,0,0,3.10044,2.07228,1.028160,1,0,123.945,0,0,0,123.945,0
72.29,2.24333,0,0,4.96092,0.380573,2.33702,3.6288,61.308,0.172029,0,0,1.36683,0.208905,0.985896,0.66528,12.849,1,0.398734,2.33702,0,108.898,3.5511,107.285,0.84672,12.849,0.84672,3695.15,0,0.0036966,5.1863e-06,1.4327,1.42189,10.0728,1.00834,11.919,0.42336,0.0018483,0.21168,0.0018483,0.21168,460.486,0,1.02816,0,0,2.46086,1.4327,1.028160,1,0,120.19,0,0,0,120.19,0
72.29,2.24413,0,0,4.45034,0.33526,1.87096,3.6288,61.308,0.172459,0,0,0.908436,0.18484,0.551137,0.66528,12.849,1,0.398877,1.87096,0,91.4389,3.20232,89.7086,0.84672,12.849,0.84672,3695.15,0,0.0036966,5.19924e-06,0.864501,1.4224,8.89263,0.958237,10.2213,0.42336,0.0018483,0.21168,0.0018483,0.21168,460.486,0,1.02816,0,0,1.89266,0.864501,1.028160,1,0,100.481,0,0,0,100.481,0
72.29,2.32695,0,0,5.24254,0.315849,2.59973,3.6288,61.308,0.221192,0,0,1.16791,0.171796,0.774917,0.66528,12.849,1,0.413599,2.59973,0,97.0713,2.84463,96.4128,0.84672,12.849,0.84672,3695.15,0,0.0036966,6.66844e-06,1.61592,1.42291,10.3042,0.912607,12.4304,0.42336,0.0018483,0.21168,0.0018483,0.21168,460.486,0,1.02816,0,0,2.64408,1.61592,1.028160,1,0,109.618,0,0,0,109.618,0
72.29,2.32779,0,0,6.53671,0.333578,3.87535,3.6288,61.308,0.221638,0,0,1.0409,0.165891,0.653375,0.66528,12.849,1,0.413746,3.87535,0,91.6134,2.69829,92.3767,0.84672,12.849,0.84672,3695.15,0,0.0036966,6.6819e-06,1.22863,1.47885,8.84114,0.852708,10.6959,0.42336,0.0018483,0.21168,0.0018483,0.21168,460.486,0,1.02816,0,0,2.25679,1.22863,1.028160,1,0,103.726,0,0,0,103.726,0
72.29,2.32862,0,0,5.73427,0.333578,3.07208,3.6288,61.308,0.222085,0,0,1.59421,0.165891,1.20623,0.66528,12.849,1,0.413894,3.07208,0,100.82,2.69829,100.78,0.84672,12.849,0.84672,3695.15,0,0.0036966,6.69536e-06,2.08088,1.47937,12.0741,0.852708,14.7817,0.42336,0.0018483,0.21168,0.0018483,0.21168,460.486,0,1.02816,0,0,3.10904,2.08088,1.028160,1,0,116.768,0,0,0,116.768,0
72.29,2.32945,0,0,4.61933,0.333578,1.9563,3.6288,61.308,0.222532,0,0,1.38876,0.165891,1.00034,0.66528,12.849,1,0.414042,1.9563,0,121.59,2.69829,120.434,0.84672,12.849,0.84672,3695.15,0,0.0036966,6.70883e-06,2.50227,1.4799,9.7111,0.852708,12.8406,0.42336,0.0018483,0.21168,0.0018483,0.21168,460.486,0,1.02816,0,0,3.53043,2.50227,1.028160,1,0,134.275,0,0,0,134.275,0
72.29,2.29817,0,0,3.61619,0.30962,1.0084,3.6288,61.308,0.204191,0,0,0.957822,0.137741,0.61589,0.66528,12.849,1,0.408482,1.0084,0,84.7696,1.96728,83.4023,0.84672,12.849,0.84672,3695.15,0,0.0036966,6.1559e-06,1.19776,1.48043,7.23254,0.743003,9.16773,0.42336,0.0018483,0.21168,0.0018483,0.21168,460.486,0,1.02816,0,0,2.22592,1.19776,1.028160,1,0,93.1859,0,0,0,93.1859,0
72.29,2.29899,0,0,3.29791,0.24682,0.752107,3.6288,61.308,0.204631,0,0,0.751205,0.190041,0.356533,0.66528,12.849,1,0.408627,0.752107,0,53.4845,3.6246,50.2033,0.84672,12.849,0.84672,3695.15,0,0.0036966,6.16917e-06,0.668866,1.45936,5.03314,0.930198,6.23115,0.42336,0.0018483,0.21168,0.0018483,0.21168,460.486,0,1.02816,0,0,1.69703,0.668866,1.028160,1,0,56.791,0,0,0,56.791,0
72.29,2.29981,0,0,2.94257,0.24682,0.39594,3.6288,61.308,0.205071,0,0,0.739757,0.190041,0.344644,0.66528,12.849,1,0.408773,0.39594,0,46.1466,3.6246,42.5092,0.84672,12.849,0.84672,3695.15,0,0.0036966,6.18244e-06,0.675778,1.45988,6.1703,0.930198,7.37575,0.42336,0.0018483,0.21168,0.0018483,0.21168,460.486,0,1.02816,0,0,1.70394,0.675778,1.028160,1,0,50.2295,0,0,0,50.2295,0
72.29,2.30063,0,0,3.8778,0.24682,1.33036,3.6288,61.308,0.205512,0,0,0.82601,0.190041,0.430457,0.66528,12.849,1,0.408919,1.33036,0,50.9413,3.6246,48.2381,0.84672,12.849,0.84672,3695.15,0,0.0036966,6.19572e-06,0.771915,1.4604,5.36922,0.930198,6.67133,0.42336,0.0018483,0.21168,0.0018483,0.21168,460.486,0,1.02816,0,0,1.80007,0.771915,1.028160,1,0,55.3399,0,0,0,55.3399,0
72.29,2.41062,0,0,3.4967,0.216375,0.869703,3.6288,61.308,0.272673,0,0,0.805274,0.197181,0.335419,0.66528,12.849,1,0.42847,0.869703,0,55.3606,3.84132,51.9605,0.84672,12.849,0.84672,3695.15,0,0.0036966,8.22049e-06,0.718286,1.46092,5.06044,0.890079,6.34956,0.42336,0.0018483,0.21168,0.0018483,0.21168,460.486,0,1.02816,0,0,1.74645,0.718286,1.028160,1,0,58.6455,0,0,0,58.6455,0
72.29,2.41149,0,0,3.10438,0.178406,0.514487,3.6288,61.308,0.273138,0,0,0.745554,0.173294,0.299122,0.66528,12.849,1,0.428623,0.514487,0,47.4403,3.9046,43.6216,0.84672,12.849,0.84672,3695.15,0,0.0036966,8.23449e-06,0.624905,1.53709,5.10985,0.912075,6.35976,0.42336,0.0018483,0.21168,0.0018483,0.21168,460.486,0,1.02816,0,0,1.65307,0.624905,1.028160,1,0,50.2805,0,0,0,50.2805,0
72.29,2.41235,0,0,3.05097,0.161697,0.476923,3.6288,61.308,0.273602,0,0,0.750332,0.164097,0.312633,0.66528,12.849,1,0.428776,0.476923,0,45.0331,3.94075,41.1405,0.84672,12.849,0.84672,3695.15,0,0.0036966,8.2485e-06,0.605508,1.53764,5.19204,0.918868,6.4163,0.42336,0.0018483,0.21168,0.0018483,0.21168,460.486,0,1.02816,0,0,1.63367,0.605508,1.028160,1,0,47.8694,0,0,0,47.8694,0
72.29,2.41321,0,0,2.95591,0.161697,0.381005,3.6288,61.308,0.274067,0,0,0.786231,0.164097,0.348068,0.66528,12.849,1,0.428929,0.381005,0,42.7302,3.94075,38.7416,0.84672,12.849,0.84672,3695.15,0,0.0036966,8.2625e-06,0.546083,1.53819,5.38962,0.918868,6.55502,0.42336,0.0018483,0.21168,0.0018483,0.21168,460.486,0,1.02816,0,0,1.57424,0.546083,1.028160,1,0,45.6446,0,0,0,45.6446,0
72.1196,2.41407,0,0,2.76821,0.161697,0.36288,3.6288,61.308,0.274532,0,0,0.725328,0.164097,0.2867,0.66528,12.849,1,0.429082,0.36288,0,40.0506,3.94075,36.0437,0.84672,12.849,0.84672,3695.15,0,0.0036966,8.27652e-06,0.403246,1.53873,4.88335,0.918868,5.90646,0.42336,0.0018483,0.21168,0.0018483,0.21168,460.486,0,1.02816,0,0,1.43141,0.403246,1.028160,1,0,42.2368,0,0,0,42.2368,0
71.8638,2.39245,0,0,2.64889,0.149299,0.36288,3.6288,61.308,0.311733,0,0,0.767336,0.205702,0.249901,0.66528,12.849,1,0.426244,0.36288,0,38.959,4.73889,34.1567,0.84672,12.849,0.84672,3695.15,0,0.0036966,9.39805e-06,0.37355,1.53928,4.46527,1.07909,5.29901,0.42336,0.0018483,0.21168,0.0018483,0.21168,460.486,0,1.02816,0,0,1.40171,0.37355,1.028160,1,0,39.7056,0,0,0,39.7056,0
71.5448,2.39201,0,0,2.53734,0.10149,0.36288,3.6288,61.308,0.425564,0,0,0.868441,0.250944,0.191933,0.66528,12.849,1,0.427684,0.36288,0,38.3485,5.11864,33.165,0.84672,12.849,0.84672,3695.15,0,0.0036966,1.28298e-05,0.30119,1.56344,4.13421,1.23035,4.76848,0.42336,0.0018483,0.21168,0.0018483,0.21168,460.486,0,0.914803,0,0,1.21599,0.30119,1.028160,1,0,38.1254,0,0,0,38.1254,0
71.0316,2.39125,0,0,2.34222,0.10131,0.36288,3.6288,61.308,0.411614,0,0,0.859395,0.250944,0.196837,0.66528,12.849,1,0.429453,0.36288,0,35.0641,5.11864,29.8789,0.84672,12.849,0.84672,3695.15,0,0.0036966,1.24092e-05,0.261274,1.564,3.79303,1.23035,4.38794,0.42336,0.0018483,0.21168,0.0018483,0.21168,460.486,0,0.929232,0,0,1.19051,0.261274,1.028160,1,0,34.4637,0,0,0,34.4637,0
70.3676,2.38947,0,0,2.18922,0.100847,0.36288,3.6288,61.308,0.358932,0,0,0.86457,0.250944,0.254694,0.66528,12.849,1,0.432235,0.36288,0,32.6004,5.11864,27.4124,0.84672,12.849,0.84672,3695.15,0,0.0036966,1.0821e-05,0.261274,1.56456,3.66647,1.23035,4.26194,0.42336,0.0018483,0.21168,0.0018483,0.21168,460.486,0,0.982394,0,0,1.24367,0.261274,1.028160,1,0,31.929,0,0,0,31.929,0
69.5957,2.44258,0,0,2.13047,0.0968655,0.36288,3.6288,61.308,0.444251,0,0,0.818182,0.27837,0.0955608,0.66528,12.849,1,0.446011,0.36288,0,30.5087,5.46394,24.9616,0.84672,12.849,0.84672,3695.15,0,0.0036966,1.33932e-05,0.261274,1.56512,3.52885,1.31319,4.04204,0.42336,0.0018483,0.21168,0.0018483,0.21168,460.486,0,0.930338,0,0,1.19161,0.261274,1.028160,1,0,29.0992,0,0,0,29.0992,0
68.8952,2.43927,0,0,2.18209,0.0804591,0.36288,3.6288,61.1152,0.670031,0,0,0.790644,0.313422,0,0.66528,12.849,1,0.450347,0.36288,0,34.2864,5.9367,28.2622,0.84672,12.849,0.84672,3695.15,0,0.0036966,2.02e-05,0.261274,1.60335,3.47538,1.48624,3.85375,0.42336,0.0018483,0.21168,0.0018483,0.21168,460.486,0,0.705041,0,0,0.966315,0.261274,1.028160,1,0,32.116,0,0,0,32.116,0
68.0478,2.43628,0,0,2.0318,0.0800225,0.36288,3.6288,60.8958,0.59228,0,0,0.68593,0.31304,0,0.66528,12.849,1,0.454368,0.36288,0,29.031,5.9367,23.0028,0.84672,12.849,0.84672,3695.15,0,0.0036966,1.79123e-05,0.261274,1.60392,3.50743,1.48624,3.88638,0.42336,0.0018483,0.21168,0.0018483,0.21168,460.486,0,0.783285,0,0,1.04456,0.261274,1.028160,1,0,26.8892,0,0,0,26.8892,0
67.0516,2.43239,0,0,1.87852,0.0794944,0.36288,3.6288,60.5333,0.686019,0,0,0.636111,0.312605,0,0.66528,12.849,1,0.459291,0.36288,0,27.8382,5.9367,21.8051,0.84672,12.849,0.84672,3695.15,0,0.0036966,2.08219e-05,0.227405,1.6045,3.04968,1.48624,3.39532,0.42336,0.0018483,0.21168,0.0018483,0.21168,460.486,0,0.690034,0,0,0.917438,0.227405,1.028160,1,0,25.2004,0,0,0,25.2004,0
65.9451,2.58965,0,0,1.92026,0.0741675,0.36288,3.6288,60.244,0.681241,0,0,0.706415,0.314464,0,0.66528,12.849,1,0.496251,0.36288,0,26.4768,6.01148,20.332,0.84672,12.849,0.84672,3695.15,0,0.0036966,2.08007e-05,0.227405,1.60507,3.7722,1.50117,4.10347,0.42336,0.0018483,0.21168,0.0018483,0.21168,460.486,0,0.813819,0,0,1.04122,0.227405,1.028160,1,0,24.4355,0,0,0,24.4355,0
64.7925,2.5836,0,0,1.8514,0.0575945,0.36288,3.6288,59.9668,0.719045,0,0,0.74901,0.30714,0,0.66528,12.849,1,0.503399,0.36288,0,26.1102,5.84916,20.1205,0.84672,12.849,0.84672,3695.15,0,0.0036966,2.20605e-05,0.227405,1.73341,3.56501,1.54107,3.98473,0.42336,0.0018483,0.21168,0.0018483,0.21168,460.486,0,0.776546,0,0,1.00395,0.227405,1.028160,1,0,24.1052,0,0,0,24.1052,0
63.325,2.57704,0,0,1.52266,0.0502354,0.36288,3.6288,59.5362,0.804377,0,0,0.692496,0.318709,0,0.66528,12.849,1,0.511054,0.36288,0,24.3031,5.66674,18.4882,0.84672,12.849,0.84672,3695.15,0,0.0036966,2.47925e-05,0.227405,1.73403,2.78402,1.54381,3.20161,0.42336,0.0018483,0.21168,0.0018483,0.21168,460.486,0,0.691744,0,0,0.919149,0.227405,1.028160,1,0,21.6898,0,0,0,21.6898,0
61.8988,2.56811,0,0,1.55447,0.0496423,0.36288,3.6288,59.0623,0.819338,0,0,0.663206,0.317834,0,0.66528,12.849,1,0.521085,0.36288,0,22.4218,5.66674,16.5969,0.84672,12.849,0.84672,3695.15,0,0.0036966,2.54363e-05,0.204422,1.73465,2.85412,1.54381,3.24935,0.42336,0.0018483,0.21168,0.0018483,0.21168,460.486,0,0.677316,0,0,0.881738,0.204422,1.028160,1,0,19.8462,0,0,0,19.8462,0
61.2397,2.55908,0,0,2.31658,0.0537554,0.36288,3.6288,58.8923,0.63937,0,0,0.785169,0.315813,0,0.66528,12.849,1,0.531216,0.36288,0,28.8631,5.63706,23.0577,0.84672,12.849,0.84672,3695.15,0,0.0036966,2.00085e-05,0.204422,1.73526,3.12802,1.54017,3.52752,0.42336,0.0018483,0.21168,0.0018483,0.21168,460.486,0,0.857822,0,0,1.06224,0.204422,1.028160,1,0,26.5852,0,0,0,26.5852,0
61.1026,2.4773,0,0,2.77239,0.0692616,0.36288,3.6288,58.9014,0.556774,0,0,0.889396,0.323475,0,0.66528,12.849,1,0.519774,0.36288,0,37.0259,5.61171,31.2573,0.84672,12.849,0.84672,3695.15,0,0.0036966,1.74741e-05,0.204422,1.73588,3.34285,1.54091,3.74223,0.42336,0.0018483,0.21168,0.0018483,0.21168,460.486,0,0.86889,0,0,1.07331,0.204422,1.028160,1,0,34.9996,0,0,0,34.9996,0
59.9958,2.47722,0,0,1.78901,0.0557586,0.36288,3.6288,58.4121,0.688001,0,0,0.554483,0.355779,0,0.66528,12.849,1,0.520923,0.36288,0,20.9583,5.80473,14.9955,0.84672,12.849,0.84672,3695.15,0,0.0036966,2.15892e-05,0.204422,1.66315,3.06164,1.58022,3.34897,0.42336,0.0018483,0.21168,0.0018483,0.21168,460.486,0,0.738167,0,0,0.942589,0.204422,1.028160,1,0,18.3445,0,0,0,18.3445,0
59.1064,2.47018,0,0,2.05314,0.109427,0.36288,3.6288,57.8988,0.737384,0,0,0.538104,0.314014,0,0.66528,12.849,1,0.529027,0.36288,0,17.9642,5.47344,12.3246,0.84672,12.849,0.84672,3695.15,0,0.0036966,2.33326e-05,0.216518,1.66374,2.23162,1.46643,2.64542,0.42336,0.0018483,0.21168,0.0018483,0.21168,460.486,0,0.689291,0,0,0.905809,0.216518,1.028160,1,0,14.97,0,0,0,14.97,0
59.3659,2.46452,0,0,3.19537,0.108496,0.36288,3.6288,58.079,0.399033,0,0,0.89219,0.312976,0,0.66528,12.849,1,0.535756,0.36288,0,29.2022,5.47344,23.5558,0.84672,12.849,0.84672,3695.15,0,0.0036966,1.27383e-05,0.53231,1.66433,3.98067,1.46643,4.71087,0.42336,0.0018483,0.21168,0.0018483,0.21168,460.486,0,1.02816,0,0,1.56047,0.53231,1.028160,1,0,28.2667,0,0,0,28.2667,0
59.4298,2.40358,0,0,2.93919,0.108767,0.36288,3.6288,58.2524,0.333854,0,0,0.820567,0.313341,0,0.66528,12.849,1,0.520226,0.36288,0,52.9102,5.47344,47.2795,0.84672,12.849,0.84672,3695.15,0,0.0036966,1.06245e-05,0.389439,1.66492,3.36465,1.46643,3.95257,0.42336,0.0018483,0.21168,0.0018483,0.21168,460.486,0,1.02816,0,0,1.4176,0.389439,1.028160,1,0,51.232,0,0,0,51.232,0
58.2608,2.4049,0,0,1.77838,0.179599,0.36288,3.6288,57.6375,0.871623,0,0,0.494294,0.237492,0,0.66528,12.849,1,0.51995,0.36288,0,33.9469,4.49928,29.2906,0.84672,12.849,0.84672,3695.15,0,0.0036966,2.76559e-05,0.216518,1.60024,2.86122,1.18652,3.49143,0.42336,0.0018483,0.21168,0.0018483,0.21168,460.486,0,0.490858,0,0,0.707377,0.216518,1.028160,1,0,32.782,0,0,0,32.782,0
58.5902,2.3972,0,0,3.27865,0.189242,0.36288,3.6288,57.6164,0.445706,0,0,0.64851,0.223901,0,0.66528,12.849,1,0.528686,0.36288,0,43.2949,4.33692,38.7921,0.84672,12.849,0.84672,3695.15,0,0.0036966,1.42928e-05,0.216518,1.60081,4.05101,1.13987,4.72845,0.42336,0.0018483,0.21168,0.0018483,0.21168,460.486,0,0.917273,0,0,1.13379,0.216518,1.028160,1,0,43.5206,0,0,0,43.5206,0
63.5874,2.4005,0,0,7.95044,0.189848,0.36288,3.6288,58.6602,0.335308,0,0,1.60292,0.223871,0,0.66528,12.849,1,0.526436,0.36288,0,99.055,4.33692,94.5545,0.84672,12.849,0.84672,3695.15,0,0.0036966,1.07565e-05,1.91831,1.60138,6.71649,1.13987,9.0963,0.42336,0.0018483,0.21168,0.0018483,0.21168,460.486,0,1.02816,0,0,2.94647,1.91831,1.028160,1,0,103.651,0,0,0,103.651,0
66.9478,2.25234,0,0,6.19348,0.217838,0.36288,3.6288,59.3952,0.198792,0,0,1.16599,0.232206,0,0.66528,12.849,1,0.455127,0.36288,0,56.8299,4.15269,52.585,0.84672,12.849,0.84672,3695.15,0,0.0036966,6.26366e-06,0.947652,1.60195,3.99939,1.07623,5.47274,0.42336,0.0018483,0.21168,0.0018483,0.21168,460.486,0,1.02816,0,0,1.97581,0.947652,1.028160,1,0,58.0578,0,0,0,58.0578,0
71.1181,2.27232,0,0,7.05591,0.250404,0.36288,3.6288,61.1097,0.199229,0,0,2.13667,0.222942,0,0.66528,12.849,1,0.436116,0.36288,0,74.2722,4.03839,70.1606,0.84672,12.849,0.84672,3695.15,0,0.0036966,6.19974e-06,2.43691,1.45534,8.84814,0.999862,11.7405,0.42336,0.0018483,0.21168,0.0018483,0.21168,460.486,0,1.02816,0,0,3.46507,2.43691,1.028160,1,0,81.9011,0,0,0,81.9011,0
72.29,2.2948,0,0,6.92028,0.258543,3.19505,3.6288,61.308,0.199665,0,0,2.21538,0.210601,1.60679,0.66528,12.849,1,0.414604,3.19505,0,87.4981,4.13689,86.1417,0.84672,12.849,0.84672,3695.15,0,0.0036966,6.03901e-06,2.4583,1.45586,10.1705,1.00622,13.0784,0.42336,0.0018483,0.21168,0.0018483,0.21168,460.486,0,1.02816,0,0,3.48646,2.4583,1.028160,1,0,100.827,0,0,0,100.827,0
72.29,2.30132,0,0,8.30226,0.260862,5.74008,3.6288,61.308,0.200102,0,0,3.06967,0.210865,2.6587,0.66528,12.849,1,0.409043,5.74008,0,150.202,4.13689,151.396,0.84672,12.849,0.84672,3695.15,0,0.0036966,6.03263e-06,3.32524,1.45638,15.0968,1.00622,18.8722,0.42336,0.0018483,0.21168,0.0018483,0.21168,460.486,0,1.02816,0,0,4.3534,3.32524,1.028160,1,0,172.927,0,0,0,172.927,0
72.29,2.30214,0,0,6.57592,0.260862,4.01292,3.6288,61.308,0.200539,0,0,1.01706,0.210865,0.605654,0.66528,12.849,1,0.409188,4.01292,0,110.565,4.13689,110.032,0.84672,12.849,0.84672,3695.15,0,0.0036966,6.0458e-06,0.990913,1.45689,8.12229,1.00622,9.56387,0.42336,0.0018483,0.21168,0.0018483,0.21168,460.486,0,1.02816,0,0,2.01907,0.990913,1.028160,1,0,120.202,0,0,0,120.202,0
72.29,2.30214,0,0,7.63017,0.302123,5.0259,3.6288,61.308,0.200539,0,0,1.15118,0.213243,0.737395,0.66528,12.849,1,0.409188,5.0259,0,147.803,5.05239,147.367,0.84672,12.849,0.84672,3695.15,0,0.0036966,6.0458e-06,1.33111,1.45741,9.49968,1.16643,11.1218,0.42336,0.0018483,0.21168,0.0018483,0.21168,460.486,0,1.02816,0,0,2.35927,1.33111,1.028160,1,0,159.226,0,0,0,159.226,0
72.29,2.37508,0,0,6.23017,0.227857,3.62724,3.6288,61.308,0.240705,0,0,2.65175,0.246981,2.16407,0.66528,12.849,1,0.422153,3.62724,0,92.645,5.30061,90.5495,0.84672,12.849,0.84672,3695.15,0,0.0036966,7.25674e-06,2.1207,1.45741,9.57709,1.49602,11.6592,0.42336,0.0018483,0.21168,0.0018483,0.21168,460.486,0,1.02816,0,0,3.14886,2.1207,1.028160,1,0,104.373,0,0,0,104.373,0
72.29,2.37589,0,0,5.46691,0.227857,2.86316,3.6288,61.308,0.241139,0,0,1.6978,0.246981,1.20968,0.66528,12.849,1,0.422297,2.86316,0,97.5413,5.30061,94.6815,0.84672,12.849,0.84672,3695.15,0,0.0036966,7.26982e-06,1.25186,1.50454,7.11613,1.49602,8.37651,0.42336,0.0018483,0.21168,0.0018483,0.21168,460.486,0,1.02816,0,0,2.28002,1.25186,1.028160,1,0,104.268,0,0,0,104.268,0
72.29,2.37671,0,0,5.43027,0.227857,2.8257,3.6288,61.308,0.241573,0,0,2.19318,0.246981,1.70462,0.66528,12.849,1,0.422442,2.8257,0,92.7081,5.30061,89.8107,0.84672,12.849,0.84672,3695.15,0,0.0036966,7.2829e-06,1.66529,1.50506,6.65398,1.49602,8.32831,0.42336,0.0018483,0.21168,0.0018483,0.21168,460.486,0,1.02816,0,0,2.69345,1.66529,1.028160,1,0,99.8436,0,0,0,99.8436,0
72.29,2.37752,0,0,3.98959,0.31321,1.29886,3.6288,61.308,0.242007,0,0,1.46438,0.218196,1.00418,0.66528,12.849,1,0.422586,1.29886,0,69.8112,4.02099,66.6665,0.84672,12.849,0.84672,3695.15,0,0.0036966,7.29598e-06,0.909248,1.50557,4.14075,1.13302,5.42254,0.42336,0.0018483,0.21168,0.0018483,0.21168,460.486,0,1.02816,0,0,1.93741,0.909248,1.028160,1,0,73.0932,0,0,0,73.0932,0
72.29,2.61031,0,0,4.7744,0.290692,1.8734,3.6288,61.308,0.391834,0,0,1.72905,0.21165,1.12557,0.66528,12.849,1,0.463963,1.8734,0,87.7634,3.63567,85.5372,0.84672,12.849,0.84672,3695.15,0,0.0036966,1.18129e-05,2.76021,1.50609,7.53892,1.08267,10.7225,0.42336,0.0018483,0.21168,0.0018483,0.21168,460.486,0,1.02816,0,0,3.78837,2.76021,1.028160,1,0,97.3853,0,0,0,97.3853,0
72.29,2.6112,0,0,3.52473,0.275994,0.637537,3.6288,61.308,0.392319,0,0,1.87656,0.210951,1.27329,0.66528,12.849,1,0.464121,0.637537,0,57.2478,3.56685,53.8543,0.84672,12.849,0.84672,3695.15,0,0.0036966,1.18275e-05,2.26812,1.67323,5.56057,1.08673,8.41518,0.42336,0.0018483,0.21168,0.0018483,0.21168,460.486,0,1.02816,0,0,3.29628,2.26812,1.028160,1,0,63.5428,0,0,0,63.5428,0
72.29,2.61209,0,0,3.46862,0.275994,0.580536,3.6288,61.308,0.392804,0,0,1.69398,0.210951,1.09023,0.66528,12.849,1,0.46428,0.580536,0,55.1012,3.56685,51.6506,0.84672,12.849,0.84672,3695.15,0,0.0036966,1.18422e-05,1.36982,1.6738,4.77595,1.08673,6.73283,0.42336,0.0018483,0.21168,0.0018483,0.21168,460.486,0,1.02816,0,0,2.39798,1.36982,1.028160,1,0,59.4736,0,0,0,59.4736,0
72.29,2.61298,0,0,5.55496,0.275994,2.66598,3.6288,61.308,0.39329,0,0,2.67495,0.210951,2.07071,0.66528,12.849,1,0.464438,2.66598,0,142.199,3.56685,140.834,0.84672,12.849,0.84672,3695.15,0,0.0036966,1.18568e-05,2.30614,1.67437,14.2541,1.08673,17.1479,0.42336,0.0018483,0.21168,0.0018483,0.21168,460.486,0,1.02816,0,0,3.3343,2.30614,1.028160,1,0,160.052,0,0,0,160.052,0
72.29,2.28255,0,0,7.03982,0.316682,4.44059,3.6288,61.308,0.193015,0,0,3.22917,0.169048,2.86711,0.66528,12.849,1,0.405706,4.44059,0,168.877,2.89102,170.021,0.84672,12.849,0.84672,3695.15,0,0.0036966,5.81898e-06,3.90486,1.67494,14.4064,0.86818,19.118,0.42336,0.0018483,0.21168,0.0018483,0.21168,460.486,0,1.02816,0,0,4.93302,3.90486,1.028160,1,0,192.006,0,0,0,192.006,0
72.29,2.28333,0,0,6.52156,0.319439,3.91879,3.6288,61.308,0.193432,0,0,3.42167,0.183394,3.04485,0.66528,12.849,1,0.405845,3.91879,0,137.691,2.87815,138.326,0.84672,12.849,0.84672,3695.15,0,0.0036966,5.83155e-06,3.7778,1.44727,14.2808,0.865207,18.6407,0.42336,0.0018483,0.21168,0.0018483,0.21168,460.486,0,1.02816,0,0,4.80596,3.7778,1.028160,1,0,160.012,0,0,0,160.012,0
72.29,2.28411,0,0,5.77146,0.319439,3.16791,3.6288,61.308,0.193849,0,0,3.04403,0.183394,2.66678,0.66528,12.849,1,0.405983,3.16791,0,118.178,2.87815,118.062,0.84672,12.849,0.84672,3695.15,0,0.0036966,5.84413e-06,3.77295,1.44777,12.9166,0.865207,17.2721,0.42336,0.0018483,0.21168,0.0018483,0.21168,460.486,0,1.02816,0,0,4.80111,3.77295,1.028160,1,0,138.001,0,0,0,138.001,0
72.29,2.28489,0,0,7.49352,0.319439,4.88919,3.6288,61.308,0.194267,0,0,3.31116,0.183394,2.9335,0.66528,12.849,1,0.406122,4.88919,0,138.347,2.87815,139.952,0.84672,12.849,0.84672,3695.15,0,0.0036966,5.85671e-06,4.36281,1.44826,16.7403,0.865207,21.6861,0.42336,0.0018483,0.21168,0.0018483,0.21168,460.486,0,1.02816,0,0,5.39097,4.36281,1.028160,1,0,164.572,0,0,0,164.572,0
72.29,2.28567,0,0,6.91902,0.320362,4.31298,3.6288,61.308,0.194684,0,0,3.18443,0.19034,2.7994,0.66528,12.849,1,0.406261,4.31298,0,155.935,3.10895,156.733,0.84672,12.849,0.84672,3695.15,0,0.0036966,5.86929e-06,4.2882,1.44876,13.7648,0.838448,18.6633,0.42336,0.0018483,0.21168,0.0018483,0.21168,460.486,0,1.02816,0,0,5.31636,4.2882,1.028160,1,0,178.195,0,0,0,178.195,0
72.29,2.36999,0,0,5.08302,0.301952,2.41108,3.6288,61.308,0.244299,0,0,2.65847,0.203051,2.21112,0.66528,12.849,1,0.421248,2.41108,0,120.419,3.89424,118.515,0.84672,12.849,0.84672,3695.15,0,0.0036966,7.36507e-06,2.85274,1.44925,7.81341,0.812008,11.3034,0.42336,0.0018483,0.21168,0.0018483,0.21168,460.486,0,1.02816,0,0,3.8809,2.85274,1.028160,1,0,132.029,0,0,0,132.029,0
72.29,2.3708,0,0,4.68974,0.301952,2.01699,3.6288,61.308,0.244733,0,0,2.03262,0.203051,1.58484,0.66528,12.849,1,0.421392,2.01699,0,108.113,3.89424,105.815,0.84672,12.849,0.84672,3695.15,0,0.0036966,7.37816e-06,2.37267,1.5062,6.44636,0.812008,9.5132,0.42336,0.0018483,0.21168,0.0018483,0.21168,460.486,0,1.02816,0,0,3.40083,2.37267,1.028160,1,0,116.913,0,0,0,116.913,0
72.29,2.37161,0,0,6.15029,0.301952,3.47673,3.6288,61.308,0.245168,0,0,2.0237,0.203051,1.57549,0.66528,12.849,1,0.421536,3.47673,0,112.686,3.89424,111.847,0.84672,12.849,0.84672,3695.15,0,0.0036966,7.39126e-06,3.14906,1.50671,14.2025,0.812008,18.0462,0.42336,0.0018483,0.21168,0.0018483,0.21168,460.486,0,1.02816,0,0,4.17722,3.14906,1.028160,1,0,131.469,0,0,0,131.469,0
72.29,2.37242,0,0,4.99626,0.277569,2.34627,3.6288,61.308,0.245602,0,0,2.02503,0.188392,1.59104,0.66528,12.849,1,0.42168,2.34627,0,129.581,2.8777,128.628,0.84672,12.849,0.84672,3695.15,0,0.0036966,7.40436e-06,2.96814,1.50723,9.49951,0.646743,13.3281,0.42336,0.0018483,0.21168,0.0018483,0.21168,460.486,0,1.02816,0,0,3.9963,2.96814,1.028160,1,0,143.547,0,0,0,143.547,0
72.29,2.34052,0,0,3.99168,0.240598,1.41056,3.6288,61.308,0.226903,0,0,1.08803,0.223827,0.637297,0.66528,12.849,1,0.41601,1.41056,0,77.3116,3.57451,74.7316,0.84672,12.849,0.84672,3695.15,0,0.0036966,6.84061e-06,1.59341,1.50774,5.22465,0.925742,7.40006,0.42336,0.0018483,0.21168,0.0018483,0.21168,460.486,0,1.02816,0,0,2.62157,1.59341,1.028160,1,0,82.769,0,0,0,82.769,0
72.29,2.34132,0,0,3.60132,0.240598,1.0194,3.6288,61.308,0.227331,0,0,0.984537,0.223827,0.533379,0.66528,12.849,1,0.416152,1.0194,0,71.4191,3.57451,68.4478,0.84672,12.849,0.84672,3695.15,0,0.0036966,6.85352e-06,1.19641,1.48625,4.93157,0.925742,6.68848,0.42336,0.0018483,0.21168,0.0018483,0.21168,460.486,0,1.02816,0,0,2.22457,1.19641,1.028160,1,0,75.6697,0,0,0,75.6697,0
72.29,2.34212,0,0,4.22174,0.228434,1.65118,3.6288,61.308,0.227759,0,0,0.920696,0.229761,0.463175,0.66528,12.849,1,0.416294,1.65118,0,77.4827,4.04236,74.6752,0.84672,12.849,0.84672,3695.15,0,0.0036966,6.86643e-06,1.19169,1.48676,6.55237,0.944186,8.28662,0.42336,0.0018483,0.21168,0.0018483,0.21168,460.486,0,1.02816,0,0,2.21985,1.19169,1.028160,1,0,83.425,0,0,0,83.425,0
72.29,2.34292,0,0,3.38112,0.186606,0.851594,3.6288,61.308,0.228188,0,0,0.895337,0.248106,0.419044,0.66528,12.849,1,0.416436,0.851594,0,58.7661,5.27166,53.9296,0.84672,12.849,0.84672,3695.15,0,0.0036966,6.87935e-06,1.19648,1.48727,5.03493,1.01565,6.70302,0.42336,0.0018483,0.21168,0.0018483,0.21168,460.486,0,1.02816,0,0,2.22464,1.19648,1.028160,1,0,61.0516,0,0,0,61.0516,0
72.29,2.4549,0,0,3.37017,0.133131,0.782144,3.6288,61.308,0.296562,0,0,0.89316,0.260122,0.336476,0.66528,12.849,1,0.436339,0.782144,0,58.4798,5.3067,53.5189,0.84672,12.849,0.84672,3695.15,0,0.0036966,8.94069e-06,0.902146,1.48777,5.08793,1.10115,6.37669,0.42336,0.0018483,0.21168,0.0018483,0.21168,460.486,0,1.02816,0,0,1.93031,0.902146,1.028160,1,0,60.232,0,0,0,60.232,0
72.29,2.45573,0,0,3.38361,0.144403,0.78347,3.6288,61.308,0.297014,0,0,0.887803,0.253344,0.337446,0.66528,12.849,1,0.436488,0.78347,0,63.6319,5.06447,58.9144,0.84672,12.849,0.84672,3695.15,0,0.0036966,8.95431e-06,0.829414,1.56532,5.28056,1.05119,6.6241,0.42336,0.0018483,0.21168,0.0018483,0.21168,460.486,0,1.02816,0,0,1.85757,0.829414,1.028160,1,0,65.8759,0,0,0,65.8759,0
72.29,2.45657,0,0,3.33737,0.144403,0.7364,3.6288,61.308,0.297466,0,0,0.890413,0.253344,0.339603,0.66528,12.849,1,0.436637,0.7364,0,60.2139,5.06447,55.4492,0.84672,12.849,0.84672,3695.15,0,0.0036966,8.96793e-06,0.908202,1.56585,5.02734,1.05119,6.4502,0.42336,0.0018483,0.21168,0.0018483,0.21168,460.486,0,1.02816,0,0,1.93636,0.908202,1.028160,1,0,62.239,0,0,0,62.239,0
72.29,2.45741,0,0,2.99365,0.159155,0.377086,3.6288,61.308,0.297918,0,0,0.849053,0.249393,0.301742,0.66528,12.849,1,0.436785,0.377086,0,56.8651,4.81062,51.9948,0.84672,12.849,0.84672,3695.15,0,0.0036966,8.98155e-06,0.919045,1.56638,4.6303,1.06098,6.05474,0.42336,0.0018483,0.21168,0.0018483,0.21168,460.486,0,1.02816,0,0,1.94721,0.919045,1.028160,1,0,58.3513,0,0,0,58.3513,0
71.8818,2.45824,0,0,2.56433,0.151354,0.36288,3.6288,61.308,0.298369,0,0,0.751933,0.251521,0.202043,0.66528,12.849,1,0.436934,0.36288,0,46.719,4.52875,42.1162,0.84672,12.849,0.84672,3695.15,0,0.0036966,8.99518e-06,0.768347,1.56692,3.7675,1.12602,4.97673,0.42336,0.0018483,0.21168,0.0018483,0.21168,460.486,0,1.02816,0,0,1.79651,0.768347,1.028160,1,0,47.295,0,0,0,47.295,0
70.6924,2.43497,0,0,1.72955,0.121188,0.36288,3.6288,61.1484,0.412415,0,0,0.508322,0.255481,0,0.66528,12.849,1,0.435255,0.36288,0,30.9153,4.55805,26.2849,0.84672,12.849,0.84672,3695.15,0,0.0036966,1.24334e-05,0.30119,1.56745,2.06309,1.22266,2.70906,0.42336,0.0018483,0.21168,0.0018483,0.21168,460.486,0,0.951972,0,0,1.25316,0.30119,1.028160,1,0,28.9939,0,0,0,28.9939,0
69.3692,2.4296,0,0,1.58941,0.120091,0.36288,3.6288,61.0145,0.372437,0,0,0.493714,0.255223,0,0.66528,12.849,1,0.441603,0.36288,0,30.427,4.55805,25.7902,0.84672,12.849,0.84672,3695.15,0,0.0036966,1.12575e-05,0.261274,1.59203,2.08037,1.22266,2.71101,0.42336,0.0018483,0.21168,0.0018483,0.21168,460.486,0,0.992416,0,0,1.25369,0.261274,1.028160,1,0,28.5012,0,0,0,28.5012,0
67.9109,2.42332,0,0,1.44675,0.11887,0.36288,3.6288,60.6809,0.540349,0,0,0.46177,0.255007,0,0.66528,12.849,1,0.448862,0.36288,0,29.2098,4.55805,24.5657,0.84672,12.849,0.84672,3695.15,0,0.0036966,1.63687e-05,0.261274,1.59257,1.9543,1.22266,2.58547,0.42336,0.0018483,0.21168,0.0018483,0.21168,460.486,0,0.824964,0,0,1.08624,0.261274,1.028160,1,0,27.1512,0,0,0,27.1512,0
66.3585,2.41603,0,0,1.33031,0.103719,0.36288,3.6288,60.2883,0.546222,0,0,0.440872,0.287244,0,0.66528,12.849,1,0.457123,0.36288,0,25.8955,4.9815,20.8198,0.84672,12.849,0.84672,3695.15,0,0.0036966,1.66376e-05,0.261274,1.59311,1.88048,1.37722,2.35762,0.42336,0.0018483,0.21168,0.0018483,0.21168,460.486,0,0.819556,0,0,1.08083,0.261274,1.028160,1,0,23.1774,0,0,0,23.1774,0
65.0177,2.46409,0,0,1.57342,0.0873357,0.36288,3.6288,60.098,0.371474,0,0,0.491331,0.310167,0,0.66528,12.849,1,0.477121,0.36288,0,26.9164,5.40147,21.4007,0.84672,12.849,0.84672,3695.15,0,0.0036966,1.13885e-05,0.302815,1.59365,2.19482,1.49775,2.59353,0.42336,0.0018483,0.21168,0.0018483,0.21168,460.486,0,1.02816,0,0,1.33097,0.302815,1.028160,1,0,23.9942,0,0,0,23.9942,0
63.5429,2.45671,0,0,1.43176,0.0869105,0.36288,3.6288,59.8659,0.397723,0,0,0.472077,0.306469,0,0.66528,12.849,1,0.485503,0.36288,0,25.9169,5.37737,20.4169,0.84672,12.849,0.84672,3695.15,0,0.0036966,1.22319e-05,0.261274,1.63256,2.22303,1.48349,2.63336,0.42336,0.0018483,0.21168,0.0018483,0.21168,460.486,0,1.00239,0,0,1.26366,0.261274,1.028160,1,0,23.0503,0,0,0,23.0503,0
61.9466,2.44817,0,0,1.3006,0.0858812,0.36288,3.6288,59.5732,0.44596,0,0,0.459284,0.306016,0,0.66528,12.849,1,0.495044,0.36288,0,24.3964,5.37737,18.8869,0.84672,12.849,0.84672,3695.15,0,0.0036966,1.37686e-05,0.227405,1.63312,2.14367,1.48349,2.52069,0.42336,0.0018483,0.21168,0.0018483,0.21168,460.486,0,0.954625,0,0,1.18203,0.227405,1.028160,1,0,21.4076,0,0,0,21.4076,0
60.178,2.43843,0,0,1.10158,0.0688696,0.36288,3.6288,59.2623,0.456597,0,0,0.45679,0.311041,0,0.66528,12.849,1,0.505781,0.36288,0,23.2503,5.65416,17.4533,0.84672,12.849,0.84672,3695.15,0,0.0036966,1.41662e-05,0.227405,1.63367,2.10359,1.48399,2.48066,0.42336,0.0018483,0.21168,0.0018483,0.21168,460.486,0,0.944464,0,0,1.17187,0.227405,1.028160,1,0,19.9339,0,0,0,19.9339,0
58.3673,2.5891,0,0,1.2129,0.0715835,0.36288,3.6288,58.9441,0.517631,0,0,0.514221,0.314796,0,0.66528,12.849,1,0.552815,0.36288,0,27.6536,5.61612,21.8476,0.84672,12.849,0.84672,3695.15,0,0.0036966,1.61441e-05,0.227405,1.63423,2.11151,1.49034,2.48279,0.42336,0.0018483,0.21168,0.0018483,0.21168,460.486,0,1.00457,0,0,1.23198,0.227405,1.028160,1,0,24.3304,0,0,0,24.3304,0
56.6455,2.57592,0,0,1.27873,0.0617756,0.36288,3.6288,58.3193,0.74273,0,0,0.451781,0.333878,0,0.66528,12.849,1,0.567063,0.36288,0,34.7501,5.77122,28.7747,0.84672,12.849,0.84672,3695.15,0,0.0036966,2.32896e-05,0.227405,1.76488,1.71746,1.63736,2.07236,0.42336,0.0018483,0.21168,0.0018483,0.21168,460.486,0,0.779985,0,0,1.00739,0.227405,1.028160,1,0,30.847,0,0,0,30.847,0
55.2134,2.56274,0,0,1.55423,0.0607422,0.36288,3.6288,58.218,0.49508,0,0,0.726336,0.332539,0,0.66528,12.849,1,0.58131,0.36288,0,30.2916,5.77122,24.3019,0.84672,12.849,0.84672,3695.15,0,0.0036966,1.56905e-05,0.642047,1.76548,2.47466,1.63736,3.24481,0.42336,0.0018483,0.21168,0.0018483,0.21168,460.486,0,1.02816,0,0,1.67021,0.642047,1.028160,1,0,27.5467,0,0,0,27.5467,0
53.4872,2.55137,0,0,1.25235,0.0642714,0.36288,3.6288,57.91,0.516775,0,0,0.514005,0.305282,0,0.66528,12.849,1,0.593743,0.36288,0,26.0665,5.03184,20.8038,0.84672,12.849,0.84672,3695.15,0,0.0036966,1.64065e-05,0.204422,1.76608,2.48113,1.34954,3.10208,0.42336,0.0018483,0.21168,0.0018483,0.21168,460.486,0,1.00698,0,0,1.21141,0.204422,1.028160,1,0,23.9059,0,0,0,23.9059,0
51.9146,2.53678,0,0,1.41608,0.0889628,0.36288,3.6288,57.5832,0.556716,0,0,0.496721,0.266757,0,0.66528,12.849,1,0.6094,0.36288,0,21.2544,4.39113,16.6167,0.84672,12.849,0.84672,3695.15,0,0.0036966,1.77686e-05,0.204422,1.76668,2.58956,1.12705,3.43359,0.42336,0.0018483,0.21168,0.0018483,0.21168,460.486,0,0.967559,0,0,1.17198,0.204422,1.028160,1,0,20.0503,0,0,0,20.0503,0
50.4279,2.44587,0,0,1.43995,0.117931,0.36288,3.6288,56.9203,0.741214,0,0,0.32184,0.243495,0,0.66528,12.849,1,0.605358,0.36288,0,30.6,4.00595,26.3516,0.84672,12.849,0.84672,3695.15,0,0.0036966,2.37914e-05,0.204422,1.76728,2.41031,1.16133,3.22066,0.42336,0.0018483,0.21168,0.0018483,0.21168,460.486,0,0.710208,0,0,0.91463,0.204422,1.028160,1,0,29.5723,0,0,0,29.5723,0
48.8061,2.43247,0,0,1.32183,0.14835,0.36288,3.6288,56.5169,0.597027,0,0,0.422182,0.228622,0,0.66528,12.849,1,0.619791,0.36288,0,27.063,3.36924,23.4368,0.84672,12.849,0.84672,3695.15,0,0.0036966,1.93865e-05,0.216518,1.6932,2.86216,0.998585,3.77328,0.42336,0.0018483,0.21168,0.0018483,0.21168,460.486,0,0.854893,0,0,1.07141,0.216518,1.028160,1,0,27.2101,0,0,0,27.2101,0
47.3668,2.41698,0,0,1.48638,0.145806,0.36288,3.6288,56.48,0.42426,0,0,0.615354,0.228022,0,0.66528,12.849,1,0.636311,0.36288,0,30.4024,3.36924,26.7598,0.84672,12.849,0.84672,3695.15,0,0.0036966,1.38748e-05,0.433728,1.69378,3.7625,0.998585,4.8914,0.42336,0.0018483,0.21168,0.0018483,0.21168,460.486,0,1.02816,0,0,1.46189,0.433728,1.028160,1,0,31.6512,0,0,0,31.6512,0
45.7773,2.40259,0,0,1.3195,0.143536,0.36288,3.6288,56.2469,0.484307,0,0,0.479243,0.227967,0,0.66528,12.849,1,0.651741,0.36288,0,26.5181,3.36924,22.86,0.84672,12.849,0.84672,3695.15,0,0.0036966,1.58489e-05,0.216518,1.69435,2.88674,0.998585,3.79902,0.42336,0.0018483,0.21168,0.0018483,0.21168,460.486,0,0.968604,0,0,1.18512,0.216518,1.028160,1,0,26.659,0,0,0,26.659,0
44.0539,2.3241,0,0,1.08776,0.124098,0.36288,3.6288,55.9827,0.539052,0,0,0.47233,0.197494,0,0.66528,12.849,1,0.65234,0.36288,0,15.7744,4.26174,11.2232,0.84672,12.849,0.84672,3695.15,0,0.0036966,1.77135e-05,0.216518,1.69493,3.03357,0.911485,4.03352,0.42336,0.0018483,0.21168,0.0018483,0.21168,460.486,0,0.847479,0,0,1.064,0.216518,1.028160,1,0,15.2567,0,0,0,15.2567,0
42.8709,2.30512,0,0,1.67378,0.188858,0.36288,3.6288,55.2801,0.906046,0,0,0.378663,0.175253,0,0.66528,12.849,1,0.672324,0.36288,0,22.3386,4.71609,17.3131,0.84672,12.849,0.84672,3695.15,0,0.0036966,2.99136e-05,0.216518,1.62905,3.34624,1.00066,4.19112,0.42336,0.0018483,0.21168,0.0018483,0.21168,460.486,0,0.480945,0,0,0.697463,0.216518,1.028160,1,0,21.5042,0,0,0,21.5042,0
41.3938,2.29163,0,0,1.39286,0.21543,0.36288,3.6288,54.2048,1.16976,0,0,0.265034,0.170517,0,0.66528,12.849,1,0.686832,0.36288,0,18.1488,4.75503,13.0698,0.84672,12.849,0.84672,3695.15,0,0.0036966,3.91113e-05,0.292723,1.6296,2.79379,1.05026,3.66581,0.42336,0.0018483,0.21168,0.0018483,0.21168,460.486,0,0.217689,0,0,0.510412,0.292723,1.028160,1,0,16.7356,0,0,0,16.7356,0
40.6421,2.27369,0,0,2.09661,0.211752,0.36288,3.6288,54.3175,0.359792,0,0,0.64181,0.169312,0,0.66528,12.849,1,0.705775,0.36288,0,28.3008,4.75503,23.2029,0.84672,12.849,0.84672,3695.15,0,0.0036966,1.22683e-05,0.447094,1.63016,5.66501,1.05026,6.69198,0.42336,0.0018483,0.21168,0.0018483,0.21168,460.486,0,1.02816,0,0,1.47525,0.447094,1.028160,1,0,29.8949,0,0,0,29.8949,0
43.2685,2.094,0,0,5.29486,0.211514,0.36288,3.6288,56.2853,0.220804,0,0,2.35634,0.167745,0,0.66528,12.849,1,0.662018,0.36288,0,86.7974,4.38108,82.1172,0.84672,12.849,0.84672,3695.15,0,0.0036966,7.51346e-06,1.90223,1.63071,11.2078,1.02616,13.7146,0.42336,0.0018483,0.21168,0.0018483,0.21168,460.486,0,1.02816,0,0,2.93039,1.90223,1.028160,1,0,95.8318,0,0,0,95.8318,0
47.5878,2.12571,0,0,7.02823,0.220352,0.36288,3.6288,60.7997,0.221229,0,0,4.9033,0.16764,0,0.66528,12.849,1,0.631249,0.36288,0,187.84,3.88248,183.689,0.84672,12.849,0.84672,3695.15,0,0.0036966,7.26473e-06,2.34572,1.48145,16.6748,0.99402,19.5079,0.42336,0.0018483,0.21168,0.0018483,0.21168,460.486,0,1.02816,0,0,3.37388,2.34572,1.028160,1,0,203.197,0,0,0,203.197,0
51.3873,2.17156,0,0,6.56522,0.231303,0.36288,3.6288,61.308,0.221654,0,0,8.32082,0.172581,7.41833,0.66528,12.849,1,0.586335,0.36288,0,210.352,3.88248,206.246,0.84672,12.849,0.84672,3695.15,0,0.0036966,6.73824e-06,3.36112,1.48195,18.6127,0.99402,22.4618,0.42336,0.0018483,0.21168,0.0018483,0.21168,460.486,0,1.02816,0,0,4.38928,3.36112,1.028160,1,0,236.126,0,0,0,236.126,0
53.9534,2.207,0,0,5.37962,0.24364,0.36288,3.6288,61.308,0.222079,0,0,3.44058,0.213311,3.00519,0.66528,12.849,1,0.551843,0.36288,0,131.455,4.48465,126.781,0.84672,12.849,0.84672,3695.15,0,0.0036966,6.69517e-06,1.96984,1.48246,13.5012,1.23153,15.722,0.42336,0.0018483,0.21168,0.0018483,0.21168,460.486,0,1.02816,0,0,2.998,1.96984,1.028160,1,0,145.509,0,0,0,145.509,0
60.7416,2.22896,0,0,9.63131,0.251285,0.36288,3.6288,61.308,0.222503,0,0,6.41456,0.229381,5.96268,0.66528,12.849,1,0.530826,0.36288,0,186.635,4.72552,181.742,0.84672,12.849,0.84672,3695.15,0,0.0036966,6.70797e-06,4.88802,1.48296,21.8558,1.32653,26.9003,0.42336,0.0018483,0.21168,0.0018483,0.21168,460.486,0,1.02816,0,0,5.91618,4.88802,1.028160,1,0,214.605,0,0,0,214.605,0
60.7835,2.35006,0,0,2.96672,0.2119,0.36288,3.6288,61.308,0.263367,0,0,1.2499,0.199596,0.786933,0.66528,12.849,1,0.497122,0.36288,0,83.1574,3.83786,79.1853,0.84672,12.849,0.84672,3695.15,0,0.0036966,7.93994e-06,1.07342,1.48346,6.51632,1.00511,8.0681,0.42336,0.0018483,0.21168,0.0018483,0.21168,460.486,0,1.02816,0,0,2.10158,1.07342,1.028160,1,0,88.0403,0,0,0,88.0403,0
60.312,2.35111,0,0,2.45451,0.211973,0.36288,3.6288,61.308,0.263789,0,0,1.08721,0.199596,0.623821,0.66528,12.849,1,0.497001,0.36288,0,68.18,3.83786,64.208,0.84672,12.849,0.84672,3695.15,0,0.0036966,7.95264e-06,0.783518,1.53142,5.09875,1.00511,6.40857,0.42336,0.0018483,0.21168,0.0018483,0.21168,460.486,0,1.02816,0,0,1.81168,0.783518,1.028160,1,0,71.2404,0,0,0,71.2404,0
59.9754,2.34867,0,0,2.64643,0.271507,0.36288,3.6288,61.308,0.26421,0,0,1.37552,0.201079,0.910234,0.66528,12.849,1,0.500367,0.36288,0,62.6511,4.03315,58.4804,0.84672,12.849,0.84672,3695.15,0,0.0036966,7.96534e-06,0.89545,1.53192,5.42847,1.07597,6.77985,0.42336,0.0018483,0.21168,0.0018483,0.21168,460.486,0,1.02816,0,0,1.92361,0.89545,1.028160,1,0,66.1705,0,0,0,66.1705,0
59.8723,2.34713,0,0,2.88291,0.275962,0.36288,3.6288,61.308,0.264631,0,0,1.088,0.194835,0.628535,0.66528,12.849,1,0.502843,0.36288,0,67.1708,3.8219,63.209,0.84672,12.849,0.84672,3695.15,0,0.0036966,7.97804e-06,0.905005,1.53241,4.78396,0.90656,6.31481,0.42336,0.0018483,0.21168,0.0018483,0.21168,460.486,0,1.02816,0,0,1.93317,0.905005,1.028160,1,0,70.1523,0,0,0,70.1523,0
60.1332,2.57612,0,0,3.48702,0.287123,0.36288,3.6288,61.308,0.417103,0,0,1.52441,0.164976,0.942328,0.66528,12.849,1,0.552852,0.36288,0,84.6634,3.40112,81.0723,0.84672,12.849,0.84672,3695.15,0,0.0036966,1.25747e-05,1.46488,1.53291,4.32709,0.909727,6.41515,0.42336,0.0018483,0.21168,0.0018483,0.21168,460.486,0,1.02816,0,0,2.49304,1.46488,1.028160,1,0,88.4297,0,0,0,88.4297,0
60.1466,2.57893,0,0,3.25166,0.296436,0.36288,3.6288,61.308,0.417574,0,0,1.49939,0.142582,0.939239,0.66528,12.849,1,0.551055,0.36288,0,99.4067,3.08553,96.1329,0.84672,12.849,0.84672,3695.15,0,0.0036966,1.25889e-05,1.4622,1.703,5.42011,0.912102,7.67319,0.42336,0.0018483,0.21168,0.0018483,0.21168,460.486,0,1.02816,0,0,2.49036,1.4622,1.028160,1,0,104.745,0,0,0,104.745,0
60.3999,2.57988,0,0,3.49248,0.296474,0.36288,3.6288,61.308,0.418045,0,0,1.24251,0.142582,0.681883,0.66528,12.849,1,0.551133,0.36288,0,77.3453,3.08553,74.0715,0.84672,12.849,0.84672,3695.15,0,0.0036966,1.26031e-05,0.865633,1.70356,5.27405,0.912102,6.93112,0.42336,0.0018483,0.21168,0.0018483,0.21168,460.486,0,1.02816,0,0,1.89379,0.865633,1.028160,1,0,81.6845,0,0,0,81.6845,0
60.0131,2.58262,0,0,2.85585,0.297159,0.36288,3.6288,61.308,0.418516,0,0,1.35644,0.142582,0.795339,0.66528,12.849,1,0.549407,0.36288,0,86.432,3.08553,83.1599,0.84672,12.849,0.84672,3695.15,0,0.0036966,1.26173e-05,1.09526,1.70411,5.15093,0.912102,7.03818,0.42336,0.0018483,0.21168,0.0018483,0.21168,460.486,0,1.02816,0,0,2.12342,1.09526,1.028160,1,0,90.9934,0,0,0,90.9934,0
62.1968,2.25344,0,0,5.08575,0.285728,0.36288,3.6288,61.308,0.214668,0,0,1.81061,0.137113,1.45883,0.66528,12.849,1,0.48247,0.36288,0,109.919,3.46119,106.338,0.84672,12.849,0.84672,3695.15,0,0.0036966,6.47176e-06,2.36045,1.70467,7.07123,1.00134,10.135,0.42336,0.0018483,0.21168,0.0018483,0.21168,460.486,0,1.02816,0,0,3.38861,2.36045,1.028160,1,0,117.932,0,0,0,117.932,0
63.8167,2.26822,0,0,4.54679,0.295722,0.36288,3.6288,61.308,0.215073,0,0,1.25594,0.103965,0.936907,0.66528,12.849,1,0.468584,0.36288,0,103.795,3.05497,100.634,0.84672,12.849,0.84672,3695.15,0,0.0036966,6.48397e-06,1.483,1.47294,6.50246,0.853034,8.60536,0.42336,0.0018483,0.21168,0.0018483,0.21168,460.486,0,1.02816,0,0,2.51116,1.483,1.028160,1,0,110.176,0,0,0,110.176,0
64.5728,2.27887,0,0,3.69753,0.299658,0.36288,3.6288,61.308,0.215478,0,0,0.839668,0.103965,0.520225,0.66528,12.849,1,0.458832,0.36288,0,92.7478,3.05497,89.5969,0.84672,12.849,0.84672,3695.15,0,0.0036966,6.49617e-06,0.572452,1.47342,4.55223,0.853034,5.74505,0.42336,0.0018483,0.21168,0.0018483,0.21168,460.486,0,1.02816,0,0,1.60061,0.572452,1.028160,1,0,95.8622,0,0,0,95.8622,0
64.2186,2.28409,0,0,2.59426,0.301495,0.36288,3.6288,61.308,0.417724,0,0,0.636216,0.103965,0.114527,0.66528,12.849,1,0.454499,0.36288,0,90.3087,3.05497,87.1621,0.84672,12.849,0.84672,3695.15,0,0.0036966,1.25935e-05,0.558835,1.4739,4.11115,0.853034,5.29084,0.42336,0.0018483,0.21168,0.0018483,0.21168,460.486,0,0.826312,0,0,1.38515,0.558835,1.028160,1,0,92.5675,0,0,0,92.5675,0
64.2773,2.28275,0,0,2.96069,0.256456,0.36288,3.6288,61.1949,0.582725,0,0,0.556839,0.0871978,0,0.66528,12.849,1,0.456737,0.36288,0,86.3093,2.79601,83.4194,0.84672,12.849,0.84672,3695.15,0,0.0036966,1.75679e-05,0.558835,1.47438,4.24853,0.812629,5.4691,0.42336,0.0018483,0.21168,0.0018483,0.21168,460.486,0,0.661712,0,0,1.22055,0.558835,1.028160,1,0,88.8885,0,0,0,88.8885,0
66.9136,2.36728,0,0,5.65577,0.289289,0.36288,3.6288,61.308,0.266759,0,0,1.20737,0.15494,0.672589,0.66528,12.849,1,0.473219,0.36288,0,151.962,3.68372,148.168,0.84672,12.849,0.84672,3695.15,0,0.0036966,8.05704e-06,1.68045,1.47486,10.5256,0.920906,12.76,0.42336,0.0018483,0.21168,0.0018483,0.21168,460.486,0,1.02816,0,0,2.70861,1.68045,1.028160,1,0,161.601,0,0,0,161.601,0
68.3138,2.3837,0,0,4.44226,0.29545,0.36288,3.6288,61.308,0.26718,0,0,1.00547,0.15505,0.583241,0.66528,12.849,1,0.457728,0.36288,0,177.714,3.68372,173.935,0.84672,12.849,0.84672,3695.15,0,0.0036966,8.05489e-06,1.76249,1.53278,7.76477,0.920906,10.1391,0.42336,0.0018483,0.21168,0.0018483,0.21168,460.486,0,1.02816,0,0,2.79065,1.76249,1.028160,1,0,184.657,0,0,0,184.657,0
68.7061,2.39238,0,0,3.42063,0.273033,0.36288,3.6288,61.308,0.267602,0,0,0.705188,0.117517,0.320069,0.66528,12.849,1,0.449978,0.36288,0,125.461,2.51612,122.858,0.84672,12.849,0.84672,3695.15,0,0.0036966,8.0676e-06,1.03715,1.53328,6.02453,0.775386,7.81958,0.42336,0.0018483,0.21168,0.0018483,0.21168,460.486,0,1.02816,0,0,2.06531,1.03715,1.028160,1,0,130.998,0,0,0,130.998,0
68.9554,2.39532,0,0,3.22511,0.217694,0.36288,3.6288,61.308,0.268023,0,0,0.645442,0.168821,0.208598,0.66528,12.849,1,0.447959,0.36288,0,111.157,3.06474,108.007,0.84672,12.849,0.84672,3695.15,0,0.0036966,8.08031e-06,0.934269,1.53378,4.86276,0.959052,6.37175,0.42336,0.0018483,0.21168,0.0018483,0.21168,460.486,0,1.02816,0,0,1.96243,0.934269,1.028160,1,0,114.588,0,0,0,114.588,0
69.3563,2.36443,0,0,3.32744,0.199154,0.36288,3.6288,61.308,0.248975,0,0,0.879181,0.207274,0.422933,0.66528,12.849,1,0.440582,0.36288,0,92.9033,4.30881,88.5168,0.84672,12.849,0.84672,3695.15,0,0.0036966,7.50604e-06,2.22597,1.53428,5.49314,1.06013,8.19325,0.42336,0.0018483,0.21168,0.0018483,0.21168,460.486,0,1.02816,0,0,3.25413,2.22597,1.028160,1,0,97.133,0,0,0,97.133,0
69.3691,2.36734,0,0,2.93959,0.196606,0.36288,3.6288,61.308,0.24939,0,0,0.886187,0.213682,0.423115,0.66528,12.849,1,0.438576,0.36288,0,80.0349,4.51616,75.4431,0.84672,12.849,0.84672,3695.15,0,0.0036966,7.51857e-06,1.50729,1.51239,4.84409,1.07697,6.78679,0.42336,0.0018483,0.21168,0.0018483,0.21168,460.486,0,1.02816,0,0,2.53545,1.50729,1.028160,1,0,82.653,0,0,0,82.653,0
69.0481,2.36818,0,0,2.60672,0.196625,0.36288,3.6288,61.308,0.249806,0,0,0.795856,0.213682,0.332368,0.66528,12.849,1,0.438651,0.36288,0,68.993,4.51616,64.4011,0.84672,12.849,0.84672,3695.15,0,0.0036966,7.5311e-06,1.17862,1.51288,4.17779,1.07697,5.79231,0.42336,0.0018483,0.21168,0.0018483,0.21168,460.486,0,1.02816,0,0,2.20678,1.17862,1.028160,1,0,70.5257,0,0,0,70.5257,0
68.5075,2.36723,0,0,2.37721,0.187706,0.36288,3.6288,61.308,0.250222,0,0,0.718036,0.202305,0.265509,0.66528,12.849,1,0.440513,0.36288,0,61.9747,4.28024,57.6169,0.84672,12.849,0.84672,3695.15,0,0.0036966,7.54363e-06,1.00294,1.51337,3.8536,1.01713,5.35278,0.42336,0.0018483,0.21168,0.0018483,0.21168,460.486,0,1.02816,0,0,2.0311,1.00294,1.028160,1,0,63.2351,0,0,0,63.2351,0
67.7235,2.47727,0,0,2.22242,0.166251,0.36288,3.6288,61.308,0.319774,0,0,0.747239,0.194076,0.233388,0.66528,12.849,1,0.464626,0.36288,0,62.8452,4.02384,58.7196,0.84672,12.849,0.84672,3695.15,0,0.0036966,9.64049e-06,0.940568,1.51387,3.78503,0.952209,5.28724,0.42336,0.0018483,0.21168,0.0018483,0.21168,460.486,0,1.02816,0,0,1.96873,0.940568,1.028160,1,0,64.2402,0,0,0,64.2402,0
66.9447,2.47355,0,0,2.22254,0.164978,0.36288,3.6288,61.308,0.320213,0,0,0.789765,0.210557,0.258996,0.66528,12.849,1,0.4693,0.36288,0,66.5574,4.15932,62.2916,0.84672,12.849,0.84672,3695.15,0,0.0036966,9.6537e-06,0.888157,1.59274,4.01115,1.07887,5.41317,0.42336,0.0018483,0.21168,0.0018483,0.21168,460.486,0,1.02816,0,0,1.91632,0.888157,1.028160,1,0,67.9638,0,0,0,67.9638,0
65.9554,2.46977,0,0,1.95538,0.111955,0.36288,3.6288,61.308,0.320651,0,0,0.672961,0.209087,0.143223,0.66528,12.849,1,0.474035,0.36288,0,57.4814,4.1265,53.2437,0.84672,12.849,0.84672,3695.15,0,0.0036966,9.66692e-06,0.888555,1.59326,3.6908,1.02703,5.14558,0.42336,0.0018483,0.21168,0.0018483,0.21168,460.486,0,1.02816,0,0,1.91671,0.888555,1.028160,1,0,58.5325,0,0,0,58.5325,0
64.9149,2.46462,0,0,1.89799,0.111079,0.36288,3.6288,61.308,0.32109,0,0,0.714658,0.209087,0.184481,0.66528,12.849,1,0.480141,0.36288,0,54.7885,4.1265,50.5447,0.84672,12.849,0.84672,3695.15,0,0.0036966,9.68014e-06,0.866601,1.59378,3.92624,1.02703,5.35958,0.42336,0.0018483,0.21168,0.0018483,0.21168,460.486,0,1.02816,0,0,1.89476,0.866601,1.028160,1,0,56.0888,0,0,0,56.0888,0
63.8862,2.45899,0,0,1.90072,0.107546,0.36288,3.6288,61.308,0.321528,0,0,0.692773,0.211548,0.159697,0.66528,12.849,1,0.486724,0.36288,0,50.9551,4.2257,46.6056,0.84672,12.849,0.84672,3695.15,0,0.0036966,9.69336e-06,0.769383,1.5943,3.72211,1.03968,5.04611,0.42336,0.0018483,0.21168,0.0018483,0.21168,460.486,0,1.02816,0,0,1.79754,0.769383,1.028160,1,0,51.8114,0,0,0,51.8114,0
63.3912,2.43129,0,0,2.39031,0.0911146,0.36288,3.6288,61.308,0.360028,0,0,0.649227,0.226312,0.0628875,0.66528,12.849,1,0.48899,0.36288,0,46.0193,4.82087,41.0723,0.84672,12.849,0.84672,3695.15,0,0.0036966,1.0854e-05,0.688547,1.59482,3.96509,1.11555,5.1329,0.42336,0.0018483,0.21168,0.0018483,0.21168,460.486,0,1.02816,0,0,1.71671,0.688547,1.028160,1,0,46.2681,0,0,0,46.2681,0
62.6825,2.42891,0,0,2.17388,0.0907491,0.36288,3.6288,61.308,0.360479,0,0,0.63308,0.226312,0.046289,0.66528,12.849,1,0.492325,0.36288,0,45.1186,4.82087,40.1683,0.84672,12.849,0.84672,3695.15,0,0.0036966,1.08676e-05,0.666317,1.6198,3.79928,1.11555,4.96983,0.42336,0.0018483,0.21168,0.0018483,0.21168,460.486,0,1.02816,0,0,1.69448,0.666317,1.028160,1,0,45.1844,0,0,0,45.1844,0
61.7775,2.42508,0,0,1.97313,0.0902258,0.36288,3.6288,61.308,0.36093,0,0,0.593935,0.226312,0.0066934,0.66528,12.849,1,0.497105,0.36288,0,40.2043,4.82087,35.2492,0.84672,12.849,0.84672,3695.15,0,0.0036966,1.08812e-05,0.475217,1.62032,3.67528,1.11555,4.65526,0.42336,0.0018483,0.21168,0.0018483,0.21168,460.486,0,1.02816,0,0,1.50338,0.475217,1.028160,1,0,39.9111,0,0,0,39.9111,0
60.8078,2.41983,0,0,1.87197,0.0588936,0.36288,3.6288,61.2006,0.361381,0,0,0.557117,0.303095,0,0.66528,12.849,1,0.503297,0.36288,0,36.1636,5.80892,30.2143,0.84672,12.849,0.84672,3695.15,0,0.0036966,1.08948e-05,0.481092,1.62085,3.48312,1.47621,4.10884,0.42336,0.0018483,0.21168,0.0018483,0.21168,460.486,0,1.02816,0,0,1.50925,0.481092,1.028160,1,0,34.3231,0,0,0,34.3231,0
59.5362,2.47033,0,0,1.61726,0.0557149,0.36288,3.6288,60.8534,0.476691,0,0,0.435004,0.30557,0,0.66528,12.849,1,0.521993,0.36288,0,32.0671,5.59449,26.3135,0.84672,12.849,0.84672,3695.15,0,0.0036966,1.43964e-05,0.261274,1.62138,3.05577,1.46212,3.47628,0.42336,0.0018483,0.21168,0.0018483,0.21168,460.486,0,0.947264,0,0,1.20854,0.261274,1.028160,1,0,29.7898,0,0,0,29.7898,0
58.2015,2.46196,0,0,1.54418,0.0540042,0.36288,3.6288,60.3758,0.564423,0,0,0.392842,0.305968,0,0.66528,12.849,1,0.531335,0.36288,0,29.2836,5.50872,23.6064,0.84672,12.849,0.84672,3695.15,0,0.0036966,1.71432e-05,0.261274,1.66093,2.95144,1.45648,3.41715,0.42336,0.0018483,0.21168,0.0018483,0.21168,460.486,0,0.859991,0,0,1.12126,0.261274,1.028160,1,0,27.0235,0,0,0,27.0235,0
56.7,2.45277,0,0,1.3675,0.0533118,0.36288,3.6288,59.8312,0.608456,0,0,0.368901,0.305042,0,0.66528,12.849,1,0.541492,0.36288,0,27.5905,5.50872,21.9032,0.84672,12.849,0.84672,3695.15,0,0.0036966,1.86268e-05,0.227405,1.66147,2.92272,1.45648,3.3551,0.42336,0.0018483,0.21168,0.0018483,0.21168,460.486,0,0.81642,0,0,1.04382,0.227405,1.028160,1,0,25.2583,0,0,0,25.2583,0
55.085,2.44187,0,0,1.2422,0.0525329,0.36288,3.6288,59.2098,0.676326,0,0,0.358906,0.303985,0,0.66528,12.849,1,0.553361,0.36288,0,25.9721,5.50872,20.2729,0.84672,12.849,0.84672,3695.15,0,0.0036966,2.0893e-05,0.227405,1.66201,2.81839,1.45648,3.25131,0.42336,0.0018483,0.21168,0.0018483,0.21168,460.486,0,0.74901,0,0,0.976415,0.227405,1.028160,1,0,23.5242,0,0,0,23.5242,0
53.1716,2.59176,0,0,1.07646,0.0352198,0.36288,3.6288,58.5037,0.753682,0,0,0.355302,0.307723,0,0.66528,12.849,1,0.604548,0.36288,0,26.5228,5.62225,20.6589,0.84672,12.849,0.84672,3695.15,0,0.0036966,2.3527e-05,0.227405,1.66255,2.77525,1.48652,3.17866,0.42336,0.0018483,0.21168,0.0018483,0.21168,460.486,0,0.794871,0,0,1.02228,0.227405,1.028160,1,0,23.8375,0,0,0,23.8375,0
51.1689,2.57507,0,0,0.975525,0.040264,0.36288,3.6288,57.8339,0.692505,0,0,0.317064,0.294339,0,0.66528,12.849,1,0.622271,0.36288,0,26.6661,5.05974,21.3469,0.84672,12.849,0.84672,3695.15,0,0.0036966,2.18782e-05,0.227405,1.79543,2.67329,1.45646,3.23965,0.42336,0.0018483,0.21168,0.0018483,0.21168,460.486,0,0.856552,0,0,1.08396,0.227405,1.028160,1,0,24.5866,0,0,0,24.5866,0
49.2697,2.55643,0,0,1.05962,0.039439,0.36288,3.6288,57.1997,0.661965,0,0,0.320825,0.29307,0,0.66528,12.849,1,0.641945,0.36288,0,25.4856,5.05974,20.1468,0.84672,12.849,0.84672,3695.15,0,0.0036966,2.11556e-05,0.204422,1.79602,2.83945,1.45646,3.38341,0.42336,0.0018483,0.21168,0.0018483,0.21168,460.486,0,0.887596,0,0,1.09202,0.204422,1.028160,1,0,23.5302,0,0,0,23.5302,0
47.9548,2.53763,0,0,1.63664,0.0510771,0.36288,3.6288,56.775,0.521909,0,0,0.385897,0.288735,0,0.66528,12.849,1,0.661785,0.36288,0,41.1634,4.97069,35.8938,0.84672,12.849,0.84672,3695.15,0,0.0036966,1.68645e-05,0.280861,1.7966,3.00078,1.44553,3.63269,0.42336,0.0018483,0.21168,0.0018483,0.21168,460.486,0,1.02816,0,0,1.30902,0.280861,1.028160,1,0,39.5265,0,0,0,39.5265,0
47.2322,2.52413,0,0,2.2212,0.0568116,0.36288,3.6288,56.4612,0.522411,0,0,0.487873,0.279233,0,0.66528,12.849,1,0.676316,0.36288,0,50.285,5.0429,44.9286,0.84672,12.849,0.84672,3695.15,0,0.0036966,1.7007e-05,0.316863,1.79718,3.24092,1.42839,3.92656,0.42336,0.0018483,0.21168,0.0018483,0.21168,460.486,0,1.02816,0,0,1.34502,0.316863,1.028160,1,0,48.8552,0,0,0,48.8552,0
45.4142,2.44002,0,0,1.01157,0.0266564,0.36288,3.6288,56.1154,0.448287,0,0,0.402534,0.300049,0,0.66528,12.849,1,0.663782,0.36288,0,23.2765,4.78999,18.1856,0.84672,12.849,0.84672,3695.15,0,0.0036966,1.4675e-05,1.77301,1.79777,2.60087,1.46083,4.71081,0.42336,0.0018483,0.21168,0.0018483,0.21168,460.486,0,1.02816,0,0,2.80117,1.77301,1.028160,1,0,22.8964,0,0,0,22.8964,0
43.4628,2.42009,0,0,0.857727,0.0261231,0.36288,3.6288,55.5858,0.448766,0,0,0.218538,0.299372,0,0.66528,12.849,1,0.684715,0.36288,0,23.2439,4.78999,18.1321,0.84672,12.849,0.84672,3695.15,0,0.0036966,1.47812e-05,0.452321,1.72239,1.92375,1.46083,2.63761,0.42336,0.0018483,0.21168,0.0018483,0.21168,460.486,0,1.02816,0,0,1.48048,0.452321,1.028160,1,0,20.7697,0,0,0,20.7697,0
41.6556,2.39714,0,0,1.00828,0.0554838,0.36288,3.6288,55.0895,0.449245,0,0,0.222032,0.269111,0,0.66528,12.849,1,0.708672,0.36288,0,23.4135,4.37473,18.693,0.84672,12.849,0.84672,3695.15,0,0.0036966,1.4938e-05,0.489741,1.72294,2.009,1.33104,2.89063,0.42336,0.0018483,0.21168,0.0018483,0.21168,460.486,0,1.02816,0,0,1.5179,0.489741,1.028160,1,0,21.5836,0,0,0,21.5836,0
41.6314,2.37441,0,0,2.84073,0.127613,0.36288,3.6288,54.9834,0.449724,0,0,0.539012,0.195408,0,0.66528,12.849,1,0.732406,0.36288,0,74.8114,3.33659,71.1053,0.84672,12.849,0.84672,3695.15,0,0.0036966,1.50886e-05,1.46247,1.7235,5.3474,1.00655,7.52681,0.42336,0.0018483,0.21168,0.0018483,0.21168,460.486,0,1.02816,0,0,2.49063,1.46247,1.028160,1,0,78.6321,0,0,0,78.6321,0
40.5724,2.31351,0,0,1.75879,0.141424,0.36288,3.6288,54.7844,0.382186,0,0,0.391223,0.208012,0,0.66528,12.849,1,0.714034,0.36288,0,47.0244,3.99227,42.681,0.84672,12.849,0.84672,3695.15,0,0.0036966,1.28474e-05,0.957925,1.72406,3.08106,1.05381,4.70923,0.42336,0.0018483,0.21168,0.0018483,0.21168,460.486,0,1.02816,0,0,1.98609,0.957925,1.028160,1,0,47.3902,0,0,0,47.3902,0
38.9222,2.3001,0,0,1.16275,0.149924,0.36288,3.6288,54.3929,0.458422,0,0,0.284193,0.217282,0,0.66528,12.849,1,0.728425,0.36288,0,26.3167,4.48402,21.4671,0.84672,12.849,0.84672,3695.15,0,0.0036966,1.54661e-05,0.216518,1.65702,2.53058,1.08925,3.31485,0.42336,0.0018483,0.21168,0.0018483,0.21168,460.486,0,0.952379,0,0,1.1689,0.216518,1.028160,1,0,24.7819,0,0,0,24.7819,0
37.6686,2.27761,0,0,1.53393,0.147055,0.36288,3.6288,54.4398,0.3831,0,0,0.646686,0.216721,0,0.66528,12.849,1,0.751886,0.36288,0,35.2096,4.48402,30.3365,0.84672,12.849,0.84672,3695.15,0,0.0036966,1.3018e-05,1.95226,1.65756,4.49812,1.08925,7.01868,0.42336,0.0018483,0.21168,0.0018483,0.21168,460.486,0,1.02816,0,0,2.98042,1.95226,1.028160,1,0,37.3552,0,0,0,37.3552,0
39.0522,2.25969,0,0,4.15102,0.14492,0.36288,3.6288,55.3425,0.383558,0,0,1.50313,0.216788,0,0.66528,12.849,1,0.770793,0.36288,0,105.163,4.48402,100.272,0.84672,12.849,0.84672,3695.15,0,0.0036966,1.30223e-05,4.35648,1.6581,7.8399,1.08925,12.7652,0.42336,0.0018483,0.21168,0.0018483,0.21168,460.486,0,1.02816,0,0,5.38464,4.35648,1.028160,1,0,113.037,0,0,0,113.037,0
38.7036,2.10919,0,0,2.31511,0.191569,0.36288,3.6288,55.655,0.242171,0,0,0.73605,0.18143,0,0.66528,12.849,1,0.693969,0.36288,0,58.7713,4.08263,54.3576,0.84672,12.849,0.84672,3695.15,0,0.0036966,8.08789e-06,1.00671,1.65864,4.27374,0.946251,5.99282,0.42336,0.0018483,0.21168,0.0018483,0.21168,460.486,0,1.02816,0,0,2.03487,1.00671,1.028160,1,0,60.3504,0,0,0,60.3504,0
38.1504,2.10518,0,0,2.10107,0.186196,0.36288,3.6288,56.2184,0.242583,0,0,1.0017,0.195707,0,0.66528,12.849,1,0.698887,0.36288,0,91.9719,4.60268,87.0333,0.84672,12.849,0.84672,3695.15,0,0.0036966,8.05616e-06,1.91257,1.50679,5.03199,1.02032,7.43102,0.42336,0.0018483,0.21168,0.0018483,0.21168,460.486,0,1.02816,0,0,2.94073,1.91257,1.028160,1,0,94.4643,0,0,0,94.4643,0
36.5697,2.09828,0,0,1.06538,0.185,0.36288,3.6288,56.4339,0.242995,0,0,0.654904,0.19643,0,0.66528,12.849,1,0.706697,0.36288,0,58.6582,4.60268,53.7117,0.84672,12.849,0.84672,3695.15,0,0.0036966,7.98896e-06,0.562118,1.50728,3.81611,1.02032,4.86518,0.42336,0.0018483,0.21168,0.0018483,0.21168,460.486,0,1.02816,0,0,1.59028,0.562118,1.028160,1,0,58.5769,0,0,0,58.5769,0
35.1057,2.07634,0,0,1.16203,0.186736,0.36288,3.6288,56.531,0.243406,0,0,0.542522,0.201993,0,0.66528,12.849,1,0.729538,0.36288,0,43.394,4.36702,38.6603,0.84672,12.849,0.84672,3695.15,0,0.0036966,7.97195e-06,0.639144,1.50777,3.18061,1.02143,4.30609,0.42336,0.0018483,0.21168,0.0018483,0.21168,460.486,0,1.02816,0,0,1.6673,0.639144,1.028160,1,0,42.9664,0,0,0,42.9664,0
34.8572,2.05474,0,0,2.36919,0.200124,0.36288,3.6288,56.9711,0.243818,0,0,0.877288,0.193339,0,0.66528,12.849,1,0.752051,0.36288,0,67.7792,3.5304,63.8597,0.84672,12.849,0.84672,3695.15,0,0.0036966,7.97172e-06,2.186,1.50826,5.88247,0.9571,8.61963,0.42336,0.0018483,0.21168,0.0018483,0.21168,460.486,0,1.02816,0,0,3.21416,2.186,1.028160,1,0,72.4793,0,0,0,72.4793,0
37.7028,2.11573,0,0,5.52978,0.205542,0.36288,3.6288,58.3745,0.285359,0,0,1.90461,0.215895,0,0.66528,12.849,1,0.779898,0.36288,0,149.288,4.14387,144.727,0.84672,12.849,0.84672,3695.15,0,0.0036966,9.25783e-06,2.18499,1.50875,10.3164,1.13857,12.8716,0.42336,0.0018483,0.21168,0.0018483,0.21168,460.486,0,1.02816,0,0,3.21315,2.18499,1.028160,1,0,157.599,0,0,0,157.599,0
39.0376,2.16031,0,0,4.07073,0.212775,0.36288,3.6288,59.1184,0.285767,0,0,1.25619,0.226515,0,0.66528,12.849,1,0.736226,0.36288,0,122.333,4.30112,117.658,0.84672,12.849,0.84672,3695.15,0,0.0036966,9.04819e-06,2.3003,1.55749,9.22311,1.18372,11.8972,0.42336,0.0018483,0.21168,0.0018483,0.21168,460.486,0,1.02816,0,0,3.32846,2.3003,1.028160,1,0,129.556,0,0,0,129.556,0
40.051,2.17993,0,0,3.77239,0.216111,0.36288,3.6288,59.8535,0.286176,0,0,1.2489,0.2276,0,0.66528,12.849,1,0.717511,0.36288,0,97.778,4.30112,93.1223,0.84672,12.849,0.84672,3695.15,0,0.0036966,8.9471e-06,1.9891,1.55798,8.75241,1.18372,11.1158,0.42336,0.0018483,0.21168,0.0018483,0.21168,460.486,0,1.02816,0,0,3.01726,1.9891,1.028160,1,0,104.238,0,0,0,104.238,0
41.0978,2.19436,0,0,3.83732,0.23335,0.36288,3.6288,60.1694,0.286584,0,0,0.825846,0.223367,0,0.66528,12.849,1,0.703984,0.36288,0,95.9437,4.35808,91.2446,0.84672,12.849,0.84672,3695.15,0,0.0036966,8.84982e-06,1.39393,1.55846,8.83665,1.28306,10.506,0.42336,0.0018483,0.21168,0.0018483,0.21168,460.486,0,1.02816,0,0,2.42209,1.39393,1.028160,1,0,101.751,0,0,0,101.751,0
43.6476,2.42413,0,0,5.58384,0.247031,0.36288,3.6288,61.2482,0.441623,0,0,1.73773,0.217341,0,0.66528,12.849,1,0.757893,0.36288,0,124.313,4.1249,119.793,0.84672,12.849,0.84672,3695.15,0,0.0036966,1.35659e-05,2.34826,1.55895,13.7805,1.27913,16.4085,0.42336,0.0018483,0.21168,0.0018483,0.21168,460.486,0,1.02816,0,0,3.37642,2.34826,1.028160,1,0,136.202,0,0,0,136.202,0
48.1923,2.45911,0,0,7.60873,0.242028,0.36288,3.6288,61.308,0.442079,0,0,2.27796,0.219657,1.55641,0.66528,12.849,1,0.723913,0.36288,0,149.432,3.7127,145.359,0.84672,12.849,0.84672,3695.15,0,0.0036966,1.33407e-05,4.14996,1.7319,17.8318,1.09729,22.6164,0.42336,0.0018483,0.21168,0.0018483,0.21168,460.486,0,1.02816,0,0,5.17812,4.14996,1.028160,1,0,169.531,0,0,0,169.531,0
50.5947,2.51379,0,0,5.53372,0.254629,0.36288,3.6288,61.308,0.442536,0,0,1.77716,0.21974,1.11489,0.66528,12.849,1,0.670225,0.36288,0,169.634,3.7127,165.614,0.84672,12.849,0.84672,3695.15,0,0.0036966,1.33415e-05,1.64003,1.73243,13.1421,1.09729,15.4173,0.42336,0.0018483,0.21168,0.0018483,0.21168,460.486,0,1.02816,0,0,2.66819,1.64003,1.028160,1,0,182.146,0,0,0,182.146,0
51.5175,2.53996,0,0,4.09062,0.265001,0.36288,3.6288,61.308,0.506918,0,0,1.29728,0.193476,0.596885,0.66528,12.849,1,0.645047,0.36288,0,109.27,3.25901,105.729,0.84672,12.849,0.84672,3695.15,0,0.0036966,1.52825e-05,0.608429,1.73297,7.85851,0.967204,9.23269,0.42336,0.0018483,0.21168,0.0018483,0.21168,460.486,0,0.964233,0,0,1.57266,0.608429,1.028160,1,0,115.558,0,0,0,115.558,0
53.7194,2.22677,0,0,5.04013,0.248515,0.36288,3.6288,61.308,0.235676,0,0,1.59815,0.237693,1.12478,0.66528,12.849,1,0.55538,0.36288,0,112.393,4.14444,108.056,0.84672,12.849,0.84672,3695.15,0,0.0036966,7.1051e-06,1.15367,1.73351,12.0291,1.01979,13.8965,0.42336,0.0018483,0.21168,0.0018483,0.21168,460.486,0,1.02816,0,0,2.18183,1.15367,1.028160,1,0,123.077,0,0,0,123.077,0
56.4686,2.24584,0,0,5.64776,0.289866,0.36288,3.6288,61.308,0.236068,0,0,2.02464,0.201765,1.5868,0.66528,12.849,1,0.537177,0.36288,0,183.739,3.72876,179.836,0.84672,12.849,0.84672,3695.15,0,0.0036966,7.11693e-06,1.70103,1.49784,12.292,0.891969,14.5989,0.42336,0.0018483,0.21168,0.0018483,0.21168,460.486,0,1.02816,0,0,2.72919,1.70103,1.028160,1,0,196.022,0,0,0,196.022,0
59.8319,2.26785,0,0,6.28208,0.288053,0.36288,3.6288,61.308,0.23646,0,0,1.97135,0.195749,1.53914,0.66528,12.849,1,0.516033,0.36288,0,193.232,3.64156,189.437,0.84672,12.849,0.84672,3695.15,0,0.0036966,7.12875e-06,2.18481,1.4983,16.5585,0.879444,19.3621,0.42336,0.0018483,0.21168,0.0018483,0.21168,460.486,0,1.02816,0,0,3.21297,2.18481,1.028160,1,0,210.338,0,0,0,210.338,0
62.4284,2.29245,0,0,5.50757,0.255768,0.36288,3.6288,61.308,0.236853,0,0,1.6691,0.163385,1.26886,0.66528,12.849,1,0.492307,0.36288,0,178.075,3.30376,174.642,0.84672,12.849,0.84672,3695.15,0,0.0036966,7.14059e-06,1.74223,1.49877,14.1248,0.829218,16.5366,0.42336,0.0018483,0.21168,0.0018483,0.21168,460.486,0,1.02816,0,0,2.77039,1.74223,1.028160,1,0,192.447,0,0,0,192.447,0
64.1588,2.31015,0,0,4.71512,0.311666,0.36288,3.6288,61.308,0.237245,0,0,1.43078,0.17272,1.02082,0.66528,12.849,1,0.475474,0.36288,0,155.382,3.76719,151.502,0.84672,12.849,0.84672,3695.15,0,0.0036966,7.15242e-06,1.12405,1.49923,10.5302,0.891535,12.2619,0.42336,0.0018483,0.21168,0.0018483,0.21168,460.486,0,1.02816,0,0,2.15221,1.12405,1.028160,1,0,164.785,0,0,0,164.785,0
67.1444,2.40638,0,0,6.08057,0.325711,0.36288,3.6288,61.308,0.288546,0,0,2.46015,0.166421,2.00519,0.66528,12.849,1,0.481922,0.36288,0,199.814,3.74577,195.949,0.84672,12.849,0.84672,3695.15,0,0.0036966,8.69902e-06,3.69383,1.4997,15.2188,0.856485,19.5559,0.42336,0.0018483,0.21168,0.0018483,0.21168,460.486,0,1.02816,0,0,4.72199,3.69383,1.028160,1,0,217.51,0,0,0,217.51,0
68.8499,2.42512,0,0,4.82703,0.333575,0.36288,3.6288,61.308,0.288955,0,0,1.84173,0.166421,1.38635,0.66528,12.849,1,0.464079,0.36288,0,167.31,3.74577,163.463,0.84672,12.849,0.84672,3695.15,0,0.0036966,8.71134e-06,2.6454,1.55857,12.6606,0.856485,16.0081,0.42336,0.0018483,0.21168,0.0018483,0.21168,460.486,0,1.02816,0,0,3.67356,2.6454,1.028160,1,0,180.858,0,0,0,180.858,0
69.9583,2.43556,0,0,4.14825,0.241379,0.36288,3.6288,61.308,0.289363,0,0,1.69477,0.195197,1.21021,0.66528,12.849,1,0.454533,0.36288,0,155.622,3.77592,151.754,0.84672,12.849,0.84672,3695.15,0,0.0036966,8.72365e-06,2.19118,1.55906,11.2263,0.89568,14.0808,0.42336,0.0018483,0.21168,0.0018483,0.21168,460.486,0,1.02816,0,0,3.21934,2.19118,1.028160,1,0,167.045,0,0,0,167.045,0
70.6793,2.4424,0,0,3.75354,0.227209,0.36288,3.6288,61.308,0.289772,0,0,1.589,0.199993,1.09924,0.66528,12.849,1,0.448588,0.36288,0,132.134,3.78095,128.267,0.84672,12.849,0.84672,3695.15,0,0.0036966,8.73597e-06,1.94042,1.55954,11.5139,0.902212,14.1117,0.42336,0.0018483,0.21168,0.0018483,0.21168,460.486,0,1.02816,0,0,2.96858,1.94042,1.028160,1,0,143.478,0,0,0,143.478,0
70.8197,2.41331,0,0,3.14166,0.225096,0.36288,3.6288,61.308,0.270384,0,0,1.39449,0.208344,0.91576,0.66528,12.849,1,0.438722,0.36288,0,103.735,4.29095,99.3685,0.84672,12.849,0.84672,3695.15,0,0.0036966,8.15147e-06,1.67055,1.56002,8.06095,1.00567,10.2858,0.42336,0.0018483,0.21168,0.0018483,0.21168,460.486,0,1.02816,0,0,2.69871,1.67055,1.028160,1,0,110.57,0,0,0,110.57,0
70.6021,2.41479,0,0,2.78406,0.223985,0.36288,3.6288,61.308,0.270786,0,0,1.06189,0.211685,0.57942,0.66528,12.849,1,0.438122,0.36288,0,89.3877,4.49494,84.8175,0.84672,12.849,0.84672,3695.15,0,0.0036966,8.16361e-06,1.00687,1.53774,7.58134,1.04706,9.07889,0.42336,0.0018483,0.21168,0.0018483,0.21168,460.486,0,1.02816,0,0,2.03503,1.00687,1.028160,1,0,94.4758,0,0,0,94.4758,0
70.1941,2.4144,0,0,2.58134,0.212112,0.36288,3.6288,61.308,0.271189,0,0,0.986766,0.217429,0.498148,0.66528,12.849,1,0.439401,0.36288,0,82.6978,4.47642,78.1448,0.84672,12.849,0.84672,3695.15,0,0.0036966,8.17575e-06,1.05369,1.53822,6.57707,1.03682,8.13215,0.42336,0.0018483,0.21168,0.0018483,0.21168,460.486,0,1.02816,0,0,2.08185,1.05369,1.028160,1,0,86.7751,0,0,0,86.7751,0
69.5521,2.41299,0,0,2.27652,0.142669,0.36288,3.6288,61.308,0.271592,0,0,0.930079,0.251892,0.406595,0.66528,12.849,1,0.441697,0.36288,0,76.648,4.36527,72.2039,0.84672,12.849,0.84672,3695.15,0,0.0036966,8.18789e-06,1.39387,1.5387,6.25899,0.975409,8.21613,0.42336,0.0018483,0.21168,0.0018483,0.21168,460.486,0,1.02816,0,0,2.42203,1.39387,1.028160,1,0,80.8267,0,0,0,80.8267,0
68.4281,2.52463,0,0,1.89636,0.132844,0.36288,3.6288,61.308,0.342286,0,0,0.831989,0.250767,0.238935,0.66528,12.849,1,0.466398,0.36288,0,47.1328,4.55754,42.4717,0.84672,12.849,0.84672,3695.15,0,0.0036966,1.03192e-05,1.00045,1.53917,5.47632,0.996089,7.01984,0.42336,0.0018483,0.21168,0.0018483,0.21168,460.486,0,1.02816,0,0,2.02861,1.00045,1.028160,1,0,49.7305,0,0,0,49.7305,0
67.2311,2.51896,0,0,1.79395,0.109089,0.36288,3.6288,61.308,0.342711,0,0,0.763309,0.247955,0.172643,0.66528,12.849,1,0.472995,0.36288,0,55.459,5.03821,50.3106,0.84672,12.849,0.84672,3695.15,0,0.0036966,1.0332e-05,0.590233,1.61935,5.58362,1.04779,6.7454,0.42336,0.0018483,0.21168,0.0018483,0.21168,460.486,0,1.02816,0,0,1.61839,0.590233,1.028160,1,0,57.2287,0,0,0,57.2287,0
66.0139,2.51267,0,0,1.76644,0.108068,0.36288,3.6288,61.308,0.343136,0,0,0.764467,0.247955,0.173376,0.66528,12.849,1,0.480213,0.36288,0,52.1494,5.03821,46.9939,0.84672,12.849,0.84672,3695.15,0,0.0036966,1.03448e-05,0.622711,1.61985,5.34318,1.04779,6.53794,0.42336,0.0018483,0.21168,0.0018483,0.21168,460.486,0,1.02816,0,0,1.65087,0.622711,1.028160,1,0,53.7052,0,0,0,53.7052,0
64.6079,2.50603,0,0,1.5793,0.116396,0.36288,3.6288,61.308,0.343561,0,0,0.73529,0.245322,0.146407,0.66528,12.849,1,0.487776,0.36288,0,49.439,4.86899,44.4451,0.84672,12.849,0.84672,3695.15,0,0.0036966,1.03576e-05,0.696272,1.62035,4.93764,1.05432,6.19993,0.42336,0.0018483,0.21168,0.0018483,0.21168,460.486,0,1.02816,0,0,1.72443,0.696272,1.028160,1,0,50.7915,0,0,0,50.7915,0
63.1407,2.49795,0,0,1.51097,0.117322,0.36288,3.6288,61.308,0.343986,0,0,0.720118,0.24704,0.129093,0.66528,12.849,1,0.496784,0.36288,0,45.9038,4.51002,41.2599,0.84672,12.849,0.84672,3695.15,0,0.0036966,1.03704e-05,0.681065,1.62085,4.6689,1.08968,5.88112,0.42336,0.0018483,0.21168,0.0018483,0.21168,460.486,0,1.02816,0,0,1.70923,0.681065,1.028160,1,0,47.2701,0,0,0,47.2701,0
61.9862,2.46683,0,0,1.76676,0.0916027,0.36288,3.6288,60.9137,0.728953,0,0,0.617698,0.283075,0,0.66528,12.849,1,0.501995,0.36288,0,42.8689,5.28664,37.4432,0.84672,12.849,0.84672,3695.15,0,0.0036966,2.19763e-05,0.30119,1.62135,3.33611,1.20486,4.05377,0.42336,0.0018483,0.21168,0.0018483,0.21168,460.486,0,0.682301,0,0,0.983491,0.30119,1.028160,1,0,41.4969,0,0,0,41.4969,0
60.7347,2.45985,0,0,1.66206,0.0907403,0.36288,3.6288,60.4593,0.75467,0,0,0.58269,0.282369,0,0.66528,12.849,1,0.509898,0.36288,0,42.5517,5.28664,37.118,0.84672,12.849,0.84672,3695.15,0,0.0036966,2.28989e-05,0.261274,1.64672,3.48678,1.20486,4.1899,0.42336,0.0018483,0.21168,0.0018483,0.21168,460.486,0,0.65702,0,0,0.918294,0.261274,1.028160,1,0,41.3079,0,0,0,41.3079,0
59.3435,2.45194,0,0,1.51342,0.0898057,0.36288,3.6288,60.0008,0.753785,0,0,0.576805,0.281556,0,0.66528,12.849,1,0.51873,0.36288,0,42.2225,5.28664,36.78,0.84672,12.849,0.84672,3695.15,0,0.0036966,2.30439e-05,0.261274,1.64723,3.35583,1.20486,4.05945,0.42336,0.0018483,0.21168,0.0018483,0.21168,460.486,0,0.658342,0,0,0.919616,0.261274,1.028160,1,0,40.8394,0,0,0,40.8394,0
57.8186,2.44269,0,0,1.36929,0.0886638,0.36288,3.6288,59.3871,0.868284,0,0,0.535298,0.280735,0,0.66528,12.849,1,0.52889,0.36288,0,37.9162,5.28664,32.4636,0.84672,12.849,0.84672,3695.15,0,0.0036966,2.67471e-05,0.261274,1.64774,3.21853,1.20486,3.92266,0.42336,0.0018483,0.21168,0.0018483,0.21168,460.486,0,0.544277,0,0,0.80555,0.261274,1.028160,1,0,36.3862,0,0,0,36.3862,0
56.2685,2.48879,0,0,1.36867,0.0670742,0.36288,3.6288,58.7543,0.859868,0,0,0.538619,0.31151,0,0.66528,12.849,1,0.553083,0.36288,0,36.2477,5.7217,30.3357,0.84672,12.849,0.84672,3695.15,0,0.0036966,2.67616e-05,0.261274,1.64825,3.04026,1.46093,3.48883,0.42336,0.0018483,0.21168,0.0018483,0.21168,460.486,0,0.587658,0,0,0.848932,0.261274,1.028160,1,0,33.8246,0,0,0,33.8246,0
54.7527,2.47715,0,0,1.38983,0.0656367,0.36288,3.6288,58.2018,0.811224,0,0,0.555011,0.296284,0,0.66528,12.849,1,0.565662,0.36288,0,34.3323,5.55398,28.5756,0.84672,12.849,0.84672,3695.15,0,0.0036966,2.55196e-05,0.261274,1.68844,3.07518,1.47265,3.55222,0.42336,0.0018483,0.21168,0.0018483,0.21168,460.486,0,0.636751,0,0,0.898024,0.261274,1.028160,1,0,32.1278,0,0,0,32.1278,0
53.0907,2.46523,0,0,1.2308,0.06465,0.36288,3.6288,57.5879,0.839829,0,0,0.521189,0.295232,0,0.66528,12.849,1,0.578524,0.36288,0,32.3474,5.55398,26.5778,0.84672,12.849,0.84672,3695.15,0,0.0036966,2.66702e-05,0.227405,1.68896,3.04525,1.47265,3.48895,0.42336,0.0018483,0.21168,0.0018483,0.21168,460.486,0,0.608593,0,0,0.835998,0.227405,1.028160,1,0,30.0667,0,0,0,30.0667,0
51.3309,2.45141,0,0,1.11804,0.0635682,0.36288,3.6288,56.9067,0.894276,0,0,0.507066,0.294064,0,0.66528,12.849,1,0.593289,0.36288,0,30.4497,5.55398,24.6653,0.84672,12.849,0.84672,3695.15,0,0.0036966,2.8702e-05,0.227405,1.68949,2.93654,1.47265,3.38075,0.42336,0.0018483,0.21168,0.0018483,0.21168,460.486,0,0.554593,0,0,0.781998,0.227405,1.028160,1,0,28.0461,0,0,0,28.0461,0
49.2141,2.59857,0,0,0.892453,0.0478029,0.36288,3.6288,56.0301,1.06878,0,0,0.488548,0.296359,0,0.66528,12.849,1,0.650467,0.36288,0,27.6789,5.77878,21.6126,0.84672,12.849,0.84672,3695.15,0,0.0036966,3.47135e-05,0.227405,1.69001,2.81633,1.48259,3.25112,0.42336,0.0018483,0.21168,0.0018483,0.21168,460.486,0,0.50531,0,0,0.732715,0.227405,1.028160,1,0,24.8637,0,0,0,24.8637,0
46.6971,2.57718,0,0,0.477374,0.0542941,0.36288,3.6288,54.7672,1.35246,0,0,0.362693,0.273055,0,0.66528,12.849,1,0.67286,0.36288,0,16.5504,5.31248,10.9279,0.84672,12.849,0.84672,3695.15,0,0.0036966,4.46146e-05,0.227405,1.82506,2.29457,1.43532,2.91167,0.42336,0.0018483,0.21168,0.0018483,0.21168,460.486,0,0.222106,0,0,0.449511,0.227405,1.028160,1,0,13.8396,0,0,0,13.8396,0
44.1599,2.54953,0,0,0.428,0.0528224,0.36288,3.6288,53.4661,1.35915,0,0,0.328778,0.2708,0,0.66528,12.849,1,0.701518,0.36288,0,14.7748,5.31248,9.12372,0.84672,12.849,0.84672,3695.15,0,0.0036966,4.58691e-05,0.204422,1.82562,2.23756,1.43532,2.83224,0.42336,0.0018483,0.21168,0.0018483,0.21168,460.486,0,0.215904,0,0,0.420327,0.204422,1.028160,1,0,11.956,0,0,0,11.956,0
41.7389,2.51908,0,0,0.51227,0.0513388,0.36288,3.6288,52.2274,1.32348,0,0,0.353193,0.268348,0,0.66528,12.849,1,0.732965,0.36288,0,15.291,5.31248,9.60843,0.84672,12.849,0.84672,3695.15,0,0.0036966,4.57522e-05,0.204422,1.82619,2.45433,1.43532,3.04958,0.42336,0.0018483,0.21168,0.0018483,0.21168,460.486,0,0.252063,0,0,0.456486,0.204422,1.028160,1,0,12.658,0,0,0,12.658,0
39.6956,2.48734,0,0,0.875915,0.0689483,0.36288,3.6288,51.1717,1.24874,0,0,0.453641,0.260654,0,0.66528,12.849,1,0.765708,0.36288,0,25.4116,5.16405,19.8447,0.84672,12.849,0.84672,3695.15,0,0.0036966,4.41921e-05,0.204422,1.82675,2.71675,1.41711,3.33077,0.42336,0.0018483,0.21168,0.0018483,0.21168,460.486,0,0.327296,0,0,0.531719,0.204422,1.028160,1,0,23.1755,0,0,0,23.1755,0
37.6567,2.38331,0,0,0.760545,0.0533042,0.36288,3.6288,50.4368,1.07851,0,0,0.598357,0.254723,0,0.66528,12.849,1,0.77145,0.36288,0,20.1217,5.08779,14.6253,0.84672,12.849,0.84672,3695.15,0,0.0036966,3.89553e-05,0.204422,1.82732,2.74537,1.35911,3.41796,0.42336,0.0018483,0.21168,0.0018483,0.21168,460.486,0,0.42216,0,0,0.626582,0.204422,1.028160,1,0,18.0433,0,0,0,18.0433,0
35.4843,2.35289,0,0,0.59401,0.0506159,0.36288,3.6288,49.1704,1.34049,0,0,0.327975,0.25393,0,0.66528,12.849,1,0.802841,0.36288,0,20.721,5.04042,15.2406,0.84672,12.849,0.84672,3695.15,0,0.0036966,4.91233e-05,0.216518,1.75067,1.96879,1.35125,2.58467,0.42336,0.0018483,0.21168,0.0018483,0.21168,460.486,0,0.160636,0,0,0.377154,0.216518,1.028160,1,0,17.8253,0,0,0,17.8253,0
33.2454,2.31752,0,0,0.490864,0.0493236,0.36288,3.6288,47.8253,1.38275,0,0,0.28894,0.251303,0,0.66528,12.849,1,0.839184,0.36288,0,19.1316,5.04042,13.6149,0.84672,12.849,0.84672,3695.15,0,0.0036966,5.19771e-05,0.216518,1.75121,1.82326,1.35125,2.43968,0.42336,0.0018483,0.21168,0.0018483,0.21168,460.486,0,0.118836,0,0,0.335355,0.216518,1.028160,1,0,16.0546,0,0,0,16.0546,0
31.3697,2.31095,0,0,0.912442,0.114293,0.36288,3.6288,46.7954,1.29958,0,0,0.449507,0.179738,0,0.66528,12.849,1,0.84672,0.36288,0,33.78,4.00227,29.2939,0.84672,12.849,0.84672,3695.15,0,0.0036966,5.02248e-05,0.216518,1.75175,3.16564,1.02676,4.1071,0.42336,0.0018483,0.21168,0.0018483,0.21168,460.486,0,0.202472,0,0,0.418991,0.216518,1.028160,1,0,33.401,0,0,0,33.401,0
30.1653,2.23033,0,0,1.51083,0.122047,0.36288,3.6288,46.2353,1.05529,0,0,0.669384,0.174229,0,0.66528,12.849,1,0.84672,0.36288,0,51.3386,3.84076,47.014,0.84672,12.849,0.84672,3695.15,0,0.0036966,4.16813e-05,0.216518,1.7523,4.5495,0.888503,5.62977,0.42336,0.0018483,0.21168,0.0018483,0.21168,460.486,0,0.378101,0,0,0.59462,0.216518,1.028160,1,0,52.6438,0,0,0,52.6438,0
28.1419,2.23127,0,0,0.757953,0.187203,0.36288,3.6288,45.3527,1.08905,0,0,0.397926,0.191462,0,0.66528,12.849,1,0.84672,0.36288,0,22.8212,4.31539,18.0219,0.84672,12.849,0.84672,3695.15,0,0.0036966,4.35359e-05,0.216518,1.68413,2.8664,1.05083,3.71617,0.42336,0.0018483,0.21168,0.0018483,0.21168,460.486,0,0.34478,0,0,0.561298,0.216518,1.028160,1,0,21.7381,0,0,0,21.7381,0
26.0918,2.13175,0,0,0.62667,0.18214,0.36288,3.6288,44.2875,1.21817,0,0,0.342874,0.189899,0,0.66528,12.849,1,0.84672,0.36288,0,18.3021,4.31539,13.5029,0.84672,12.849,0.84672,3695.15,0,0.0036966,4.96452e-05,0.292723,1.68465,2.78039,1.05083,3.70688,0.42336,0.0018483,0.21168,0.0018483,0.21168,460.486,0,0.316576,0,0,0.609299,0.292723,1.028160,1,0,17.2098,0,0,0,17.2098,0
25.0122,2.13313,0,0,1.59343,0.177011,0.36288,3.6288,44.6906,0.506614,0,0,1.09773,0.188014,0,0.66528,12.849,1,0.84672,0.36288,0,51.0617,4.31539,46.2625,0.84672,12.849,0.84672,3695.15,0,0.0036966,2.11431e-05,0.825889,1.74397,6.49788,1.05083,8.01689,0.42336,0.0018483,0.21168,0.0018483,0.21168,460.486,0,1.02816,0,0,1.85405,0.825889,1.028160,1,0,54.2794,0,0,0,54.2794,0
24.4847,1.9025,0,0,1.91932,0.181462,0.36288,3.6288,45.4794,0.400482,0,0,1.37593,0.186685,0,0.66528,12.849,1,0.84672,0.36288,0,63.4406,4.24946,58.7073,0.84672,12.849,0.84672,3695.15,0,0.0036966,1.6563e-05,0.292723,1.74423,6.65565,1.03017,7.66242,0.42336,0.0018483,0.21168,0.0018483,0.21168,460.486,0,0.990135,0,0,1.28286,0.292723,1.028160,1,0,66.3697,0,0,0,66.3697,0
24.7173,1.75967,0,0,2.53,0.174883,0.36288,3.6288,45.6709,0.50657,0,0,0.922484,0.224434,0,0.66528,12.849,1,0.84672,0.36288,0,69.8228,4.61559,64.7233,0.84672,12.849,0.84672,3695.15,0,0.0036966,2.05872e-05,0.448684,1.58963,5.29293,1.12196,6.20927,0.42336,0.0018483,0.21168,0.0018483,0.21168,460.486,0,1.02816,0,0,1.47684,0.448684,1.028160,1,0,70.9326,0,0,0,70.9326,0
24.2627,1.76095,0,0,1.84479,0.175471,0.36288,3.6288,45.4906,0.692124,0,0,0.736713,0.224834,0,0.66528,12.849,1,0.84672,0.36288,0,60.8006,4.61559,55.7012,0.84672,12.849,0.84672,3695.15,0,0.0036966,2.80103e-05,0.412474,1.67421,6.10335,1.12196,7.06804,0.42336,0.0018483,0.21168,0.0018483,0.21168,460.486,0,0.842599,0,0,1.25507,0.412474,1.028160,1,0,62.7692,0,0,0,62.7692,0
23.3749,1.76223,0,0,1.40199,0.164705,0.36288,3.6288,44.6412,1.13904,0,0,0.468295,0.178693,0,0.66528,12.849,1,0.84672,0.36288,0,43.3464,3.67824,39.1843,0.84672,12.849,0.84672,3695.15,0,0.0036966,4.62798e-05,0.412474,1.67445,3.37595,0.852398,4.61043,0.42336,0.0018483,0.21168,0.0018483,0.21168,460.486,0,0.39566,0,0,0.808134,0.412474,1.028160,1,0,43.7947,0,0,0,43.7947,0
22.1552,1.7635,0,0,1.06762,0.161001,0.36288,3.6288,43.752,1.30349,0,0,0.584023,0.169713,0,0.66528,12.849,1,0.84672,0.36288,0,43.0792,3.52202,39.0734,0.84672,12.849,0.84672,3695.15,0,0.0036966,5.3969e-05,0.412474,1.67469,3.3694,0.80747,4.64904,0.42336,0.0018483,0.21168,0.0018483,0.21168,460.486,0,0.231206,0,0,0.64368,0.412474,1.028160,1,0,43.7224,0,0,0,43.7224,0
21.4469,1.85413,0,0,1.67344,0.164696,0.36288,3.6288,42.7407,1.32033,0,0,0.505343,0.196273,0,0.66528,12.849,1,0.84672,0.36288,0,35.6016,4.67274,30.4451,0.84672,12.849,0.84672,3695.15,0,0.0036966,5.5777e-05,0.412474,1.67493,4.92378,1.14908,5.86205,0.42336,0.0018483,0.21168,0.0018483,0.21168,460.486,0,0.256167,0,0,0.668641,0.412474,1.028160,1,0,36.3071,0,0,0,36.3071,0
20.6883,1.89719,0,0,1.66711,0.165628,0.36288,3.6288,41.8134,1.33667,0,0,0.614809,0.205478,0,0.66528,12.849,1,0.84672,0.36288,0,34.134,5.13303,28.5172,0.84672,12.849,0.84672,3695.15,0,0.0036966,5.78035e-05,0.503194,1.72421,2.75977,1.28572,3.7014,0.42336,0.0018483,0.21168,0.0018483,0.21168,460.486,0,0.19802,0,0,0.701214,0.503194,1.028160,1,0,32.2186,0,0,0,32.2186,0
20.7949,1.89845,0,0,2.53188,0.163918,0.36288,3.6288,41.0893,1.23917,0,0,0.71877,0.203657,0,0.66528,12.849,1,0.84672,0.36288,0,27.6074,5.13303,21.9905,0.84672,12.849,0.84672,3695.15,0,0.0036966,5.47757e-05,0.503194,1.69998,3.31987,1.28572,4.23727,0.42336,0.0018483,0.21168,0.0018483,0.21168,460.486,0,0.295523,0,0,0.798716,0.503194,1.028160,1,0,26.2278,0,0,0,26.2278,0
26.9618,1.89971,0,0,8.59363,0.164158,0.36288,3.6288,41.3175,0.692247,0,0,1.12264,0.202236,0,0.66528,12.849,1,0.84672,0.36288,0,61.1072,5.13303,55.4903,0.84672,12.849,0.84672,3695.15,0,0.0036966,3.1139e-05,0.503194,1.70022,10.0444,1.28572,10.9621,0.42336,0.0018483,0.21168,0.0018483,0.21168,460.486,0,0.842469,0,0,1.34566,0.503194,1.028160,1,0,66.4524,0,0,0,66.4524,0
32.1829,2.18837,0,0,7.95669,0.184347,0.36288,3.6288,41.9668,0.663692,0,0,1.51432,0.201297,0,0.66528,12.849,1,0.84672,0.36288,0,138.43,4.70502,133.241,0.84672,12.849,0.84672,3695.15,0,0.0036966,2.96896e-05,0.852448,1.70046,5.65614,1.17245,7.03657,0.42336,0.0018483,0.21168,0.0018483,0.21168,460.486,0,1.02816,0,0,1.88061,0.852448,1.028160,1,0,140.277,0,0,0,140.277,0
32.9061,2.38766,0,0,3.67857,0.204841,0.36288,3.6288,41.6909,0.85901,0,0,0.787873,0.20485,0,0.66528,12.849,1,0.84672,0.36288,0,37.5141,4.35161,32.6787,0.84672,12.849,0.84672,3695.15,0,0.0036966,3.78325e-05,0.503194,1.87595,4.2972,1.0801,5.59621,0.42336,0.0018483,0.21168,0.0018483,0.21168,460.486,0,0.634945,0,0,1.13814,0.503194,1.028160,1,0,38.2749,0,0,0,38.2749,0
33.5464,2.38862,0,0,3.59688,0.205114,0.36288,3.6288,41.3471,0.859002,0,0,0.707685,0.192388,0,0.66528,12.849,1,0.84672,0.36288,0,37.0801,4.4647,32.1316,0.84672,12.849,0.84672,3695.15,0,0.0036966,3.80826e-05,0.608429,1.76041,4.35071,1.10531,5.6142,0.42336,0.0018483,0.21168,0.0018483,0.21168,460.486,0,0.635394,0,0,1.24382,0.608429,1.028160,1,0,37.7458,0,0,0,37.7458,0
35.3903,2.34967,0,0,4.76321,0.206749,0.36288,3.6288,41.3308,0.656033,0,0,0.831436,0.19175,0,0.66528,12.849,1,0.84672,0.36288,0,51.5669,4.4647,46.6183,0.84672,12.849,0.84672,3695.15,0,0.0036966,2.9326e-05,0.608429,1.76093,5.70275,1.10531,6.96677,0.42336,0.0018483,0.21168,0.0018483,0.21168,460.486,0,0.878731,0,0,1.48716,0.608429,1.028160,1,0,53.5851,0,0,0,53.5851,0
38.1419,2.04498,0,0,5.37544,0.215986,0.36288,3.6288,41.8274,0.295495,0,0,0.981945,0.189855,0,0.66528,12.849,1,0.742464,0.36288,0,60.0234,4.26415,55.3796,0.84672,12.849,0.84672,3695.15,0,0.0036966,1.32145e-05,0.645183,1.78481,6.08367,1.0687,7.44495,0.42336,0.0018483,0.21168,0.0018483,0.21168,460.486,0,1.02816,0,0,1.67334,0.645183,1.028160,1,0,62.8246,0,0,0,62.8246,0
42.6776,1.92809,0,0,7.06158,0.23486,0.36288,3.6288,42.7575,0.506549,0,0,1.62272,0.186085,0,0.66528,12.849,1,0.649524,0.36288,0,87.6001,3.76278,83.5507,0.84672,12.849,0.84672,3695.15,0,0.0036966,2.23838e-05,2.09159,1.54505,9.83154,0.977175,12.491,0.42336,0.0018483,0.21168,0.0018483,0.21168,460.486,0,1.02816,0,0,3.11975,2.09159,1.028160,1,0,96.0417,0,0,0,96.0417,0
46.1302,2.17406,0,0,6.23721,0.247666,0.36288,3.6288,43.772,0.256781,0,0,1.4591,0.187754,0,0.66528,12.849,1,0.654547,0.36288,0,83.935,3.76278,79.8806,0.84672,12.849,0.84672,3695.15,0,0.0036966,1.11e-05,1.56549,1.6688,7.95407,0.977175,10.2112,0.42336,0.0018483,0.21168,0.0018483,0.21168,460.486,0,1.02816,0,0,2.59365,1.56549,1.028160,1,0,90.0917,0,0,0,90.0917,0
49.8348,2.21304,0,0,6.54003,0.25952,0.36288,3.6288,44.9917,0.257161,0,0,1.66506,0.188259,0,0.66528,12.849,1,0.616414,0.36288,0,97.0471,3.9364,92.8571,0.84672,12.849,0.84672,3695.15,0,0.0036966,1.08588e-05,2.17839,1.52285,9.44663,0.98684,12.161,0.42336,0.0018483,0.21168,0.0018483,0.21168,460.486,0,1.02816,0,0,3.20655,2.17839,1.028160,1,0,105.018,0,0,0,105.018,0
54.8037,2.25014,0,0,7.85298,0.271032,0.36288,3.6288,46.9527,0.257541,0,0,2.40843,0.1899,0,0.66528,12.849,1,0.580157,0.36288,0,120.915,4.00586,116.692,0.84672,12.849,0.84672,3695.15,0,0.0036966,1.058e-05,2.13964,1.5233,11.4355,0.990706,14.1077,0.42336,0.0018483,0.21168,0.0018483,0.21168,460.486,0,1.02816,0,0,3.1678,2.13964,1.028160,1,0,130.8,0,0,0,130.8,0
58.4634,2.37723,0,0,6.67163,0.27181,0.36288,3.6288,48.461,0.309645,0,0,1.99306,0.175064,0,0.66528,12.849,1,0.557352,0.36288,0,118.757,3.45505,115.107,0.84672,12.849,0.84672,3695.15,0,0.0036966,1.21892e-05,2.94487,1.52375,10.9642,0.810917,14.6219,0.42336,0.0018483,0.21168,0.0018483,0.21168,460.486,0,1.02816,0,0,3.97303,2.94487,1.028160,1,0,129.729,0,0,0,129.729,0
60.8279,2.40654,0,0,5.41337,0.279489,0.36288,3.6288,49.9101,0.310041,0,0,1.93332,0.174197,0,0.66528,12.849,1,0.528906,0.36288,0,79.4958,3.36326,75.9665,0.84672,12.849,0.84672,3695.15,0,0.0036966,1.18249e-05,2.56922,1.58355,7.48103,0.780952,10.8528,0.42336,0.0018483,0.21168,0.0018483,0.21168,460.486,0,1.02816,0,0,3.59738,2.56922,1.028160,1,0,86.8193,0,0,0,86.8193,0
62.7401,2.42423,0,0,4.98652,0.287188,0.36288,3.6288,51.6912,0.310436,0,0,2.26168,0.170121,0,0.66528,12.849,1,0.512084,0.36288,0,72.8464,3.14666,69.5506,0.84672,12.849,0.84672,3695.15,0,0.0036966,1.14963e-05,3.0056,1.58402,10.5587,0.738543,14.4097,0.42336,0.0018483,0.21168,0.0018483,0.21168,460.486,0,1.02816,0,0,4.03376,3.0056,1.028160,1,0,83.9603,0,0,0,83.9603,0
63.9288,2.43791,0,0,4.25529,0.265768,0.36288,3.6288,53.0213,0.310832,0,0,1.82681,0.18587,0,0.66528,12.849,1,0.499277,0.36288,0,65.743,3.3621,62.2445,0.84672,12.849,0.84672,3695.15,0,0.0036966,1.11143e-05,2.23999,1.58449,6.88958,0.776442,9.9376,0.42336,0.0018483,0.21168,0.0018483,0.21168,460.486,0,1.02816,0,0,3.26815,2.23999,1.028160,1,0,72.1821,0,0,0,72.1821,0
64.8136,2.41265,0,0,3.91039,0.25012,0.36288,3.6288,53.7827,0.291115,0,0,1.23201,0.179484,0,0.66528,12.849,1,0.484916,0.36288,0,65.082,3.57102,61.389,0.84672,12.849,0.84672,3695.15,0,0.0036966,1.01481e-05,1.38307,1.58496,5.90985,0.856834,8.02104,0.42336,0.0018483,0.21168,0.0018483,0.21168,460.486,0,1.02816,0,0,2.41123,1.38307,1.028160,1,0,69.41,0,0,0,69.41,0
65.2019,2.41889,0,0,3.40822,0.23814,0.36288,3.6288,54.4887,0.291505,0,0,1.17171,0.174251,0,0.66528,12.849,1,0.479533,0.36288,0,60.5819,3.72771,56.7375,0.84672,12.849,0.84672,3695.15,0,0.0036966,1.00179e-05,1.36319,1.5623,5.69523,0.917129,7.70358,0.42336,0.0018483,0.21168,0.0018483,0.21168,460.486,0,1.02816,0,0,2.39135,1.36319,1.028160,1,0,64.4411,0,0,0,64.4411,0
65.1943,2.42199,0,0,3.01619,0.238884,0.36288,3.6288,55.059,0.291894,0,0,1.03725,0.175078,0,0.66528,12.849,1,0.477288,0.36288,0,57.0849,3.72771,53.2428,0.84672,12.849,0.84672,3695.15,0,0.0036966,9.90129e-06,0.8781,1.56276,5.42413,0.917129,6.94785,0.42336,0.0018483,0.21168,0.0018483,0.21168,460.486,0,1.02816,0,0,1.90626,0.8781,1.028160,1,0,60.1906,0,0,0,60.1906,0
65.7263,2.42266,0,0,3.55632,0.238869,0.36288,3.6288,55.7657,0.292284,0,0,1.17474,0.175738,0,0.66528,12.849,1,0.477475,0.36288,0,64.5184,3.72771,60.6761,0.84672,12.849,0.84672,3695.15,0,0.0036966,9.81182e-06,0.948966,1.56322,6.36711,0.917129,7.96216,0.42336,0.0018483,0.21168,0.0018483,0.21168,460.486,0,1.02816,0,0,1.97713,0.948966,1.028160,1,0,68.6383,0,0,0,68.6383,0
65.5978,2.54171,0,0,2.93427,0.158191,0.36288,3.6288,56.142,0.364084,0,0,0.958271,0.217886,0,0.66528,12.849,1,0.496886,0.36288,0,51.7283,4.28053,47.3137,0.84672,12.849,0.84672,3695.15,0,0.0036966,1.20672e-05,1.08854,1.56368,5.06839,1.04112,6.67948,0.42336,0.0018483,0.21168,0.0018483,0.21168,460.486,0,1.02816,0,0,2.1167,1.08854,1.028160,1,0,53.9932,0,0,0,53.9932,0
65.0766,2.54165,0,0,2.53145,0.14809,0.36288,3.6288,56.3299,0.364495,0,0,0.783691,0.231235,0,0.66528,12.849,1,0.497847,0.36288,0,38.8776,4.61255,34.1301,0.84672,12.849,0.84672,3695.15,0,0.0036966,1.19998e-05,1.16876,1.6451,3.96893,1.00628,5.7765,0.42336,0.0018483,0.21168,0.0018483,0.21168,460.486,0,1.02816,0,0,2.19692,1.16876,1.028160,1,0,39.9066,0,0,0,39.9066,0
64.4569,2.53907,0,0,2.42253,0.140279,0.36288,3.6288,56.5558,0.364906,0,0,0.823997,0.233248,0,0.66528,12.849,1,0.501325,0.36288,0,36.5281,4.66672,31.7229,0.84672,12.849,0.84672,3695.15,0,0.0036966,1.19733e-05,1.15642,1.64559,4.13483,0.996248,5.94058,0.42336,0.0018483,0.21168,0.0018483,0.21168,460.486,0,1.02816,0,0,2.18458,1.15642,1.028160,1,0,37.6635,0,0,0,37.6635,0
63.7329,2.5358,0,0,2.31429,0.139581,0.36288,3.6288,56.7844,0.365317,0,0,0.827479,0.233592,0,0.66528,12.849,1,0.505493,0.36288,0,34.3202,4.66672,29.5108,0.84672,12.849,0.84672,3695.15,0,0.0036966,1.19389e-05,1.0602,1.64608,3.97592,0.996248,5.68593,0.42336,0.0018483,0.21168,0.0018483,0.21168,460.486,0,1.02816,0,0,2.08836,1.0602,1.028160,1,0,35.1967,0,0,0,35.1967,0
62.8632,2.53177,0,0,2.16365,0.138766,0.36288,3.6288,56.955,0.365728,0,0,0.770299,0.23394,0,0.66528,12.849,1,0.510422,0.36288,0,32.0309,4.66672,27.2166,0.84672,12.849,0.84672,3695.15,0,0.0036966,1.19042e-05,0.948387,1.64656,3.76618,0.996248,5.36487,0.42336,0.0018483,0.21168,0.0018483,0.21168,460.486,0,1.02816,0,0,1.97655,0.948387,1.028160,1,0,32.5815,0,0,0,32.5815,0
62.7614,2.50402,0,0,2.87877,0.113618,0.36288,3.6288,57.309,0.405445,0,0,1.01453,0.255075,0,0.66528,12.849,1,0.511812,0.36288,0,48.6657,5.37774,43.139,0.84672,12.849,0.84672,3695.15,0,0.0036966,1.31575e-05,1.53518,1.64705,4.79539,1.19818,6.77943,0.42336,0.0018483,0.21168,0.0018483,0.21168,460.486,0,1.02816,0,0,2.56334,1.53518,1.028160,1,0,49.9184,0,0,0,49.9184,0
62.6573,2.50407,0,0,2.86024,0.0973519,0.36288,3.6288,57.6215,0.405868,0,0,1.00143,0.283091,0,0.66528,12.849,1,0.512652,0.36288,0,49.2807,5.30597,43.8249,0.84672,12.849,0.84672,3695.15,0,0.0036966,1.30898e-05,1.52613,1.67279,5.12814,1.31349,7.01356,0.42336,0.0018483,0.21168,0.0018483,0.21168,460.486,0,1.02816,0,0,2.55429,1.52613,1.028160,1,0,50.8385,0,0,0,50.8385,0
62.4147,2.5041,0,0,2.72161,0.097269,0.36288,3.6288,57.8631,0.406291,0,0,0.931573,0.283665,0,0.66528,12.849,1,0.51351,0.36288,0,44.6724,5.30597,39.2158,0.84672,12.849,0.84672,3695.15,0,0.0036966,1.30324e-05,1.43357,1.67329,4.88291,1.31349,6.67627,0.42336,0.0018483,0.21168,0.0018483,0.21168,460.486,0,1.02816,0,0,2.46173,1.43357,1.028160,1,0,45.8921,0,0,0,45.8921,0
61.9637,2.50318,0,0,2.51213,0.0970758,0.36288,3.6288,58.0053,0.406714,0,0,0.833077,0.284109,0,0.66528,12.849,1,0.515317,0.36288,0,42.2732,5.30597,36.8148,0.84672,12.849,0.84672,3695.15,0,0.0036966,1.29915e-05,1.31103,1.67378,4.56735,1.31349,6.23866,0.42336,0.0018483,0.21168,0.0018483,0.21168,460.486,0,1.02816,0,0,2.33919,1.31103,1.028160,1,0,43.0534,0,0,0,43.0534,0
61.3855,2.55918,0,0,2.44077,0.0969369,0.36288,3.6288,58.0828,0.442208,0,0,0.80562,0.285951,0,0.66528,12.849,1,0.530679,0.36288,0,39.0309,5.48995,33.3732,0.84672,12.849,0.84672,3695.15,0,0.0036966,1.40907e-05,1.19267,1.67427,4.41423,1.33917,5.942,0.42336,0.0018483,0.21168,0.0018483,0.21168,460.486,0,1.02816,0,0,2.22083,1.19267,1.028160,1,0,39.3152,0,0,0,39.3152,0
61.1275,2.55579,0,0,2.73526,0.0745442,0.36288,3.6288,58.3782,0.442642,0,0,1.04654,0.308511,0,0.66528,12.849,1,0.53497,0.36288,0,45.5466,5.91245,39.4621,0.84672,12.849,0.84672,3695.15,0,0.0036966,1.40857e-05,1.51253,1.71507,4.74307,1.47836,6.49229,0.42336,0.0018483,0.21168,0.0018483,0.21168,460.486,0,1.02816,0,0,2.54069,1.51253,1.028160,1,0,45.9544,0,0,0,45.9544,0
60.7279,2.55468,0,0,2.59233,0.0743852,0.36288,3.6288,58.5623,0.443076,0,0,0.936282,0.309099,0,0.66528,12.849,1,0.536994,0.36288,0,40.2443,5.91245,34.1577,0.84672,12.849,0.84672,3695.15,0,0.0036966,1.40281e-05,1.76018,1.71558,4.954,1.47836,6.95139,0.42336,0.0018483,0.21168,0.0018483,0.21168,460.486,0,1.02816,0,0,2.78834,1.76018,1.028160,1,0,41.1091,0,0,0,41.1091,0
60.1617,2.55252,0,0,2.42336,0.0741388,0.36288,3.6288,58.6756,0.44351,0,0,0.866281,0.309466,0,0.66528,12.849,1,0.54007,0.36288,0,38.2664,5.91245,32.1768,0.84672,12.849,0.84672,3695.15,0,0.0036966,1.39977e-05,1.52023,1.71608,4.34696,1.47836,6.1049,0.42336,0.0018483,0.21168,0.0018483,0.21168,460.486,0,1.02816,0,0,2.54839,1.52023,1.028160,1,0,38.2817,0,0,0,38.2817,0
59.3965,2.71932,0,0,2.3908,0.0737766,0.36288,3.6288,58.7325,0.570682,0,0,0.937233,0.309691,0,0.66528,12.849,1,0.580777,0.36288,0,35.5075,5.91245,29.3771,0.84672,12.849,0.84672,3695.15,0,0.0036966,1.79767e-05,1.692,1.71659,4.91593,1.47836,6.84614,0.42336,0.0018483,0.21168,0.0018483,0.21168,460.486,0,1.02816,0,0,2.72016,1.692,1.028160,1,0,36.2233,0,0,0,36.2233,0
58.7018,2.71397,0,0,2.45151,0.0693799,0.36288,3.6288,58.642,0.571154,0,0,0.821206,0.34053,0,0.66528,12.849,1,0.587101,0.36288,0,31.9336,5.99648,25.7129,0.84672,12.849,0.84672,3695.15,0,0.0036966,1.79741e-05,1.12215,1.85373,4.7231,1.48016,6.2188,0.42336,0.0018483,0.21168,0.0018483,0.21168,460.486,0,1.02816,0,0,2.15031,1.12215,1.028160,1,0,31.9317,0,0,0,31.9317,0
58.2817,2.70907,0,0,2.71846,0.0666197,0.36288,3.6288,58.715,0.571625,0,0,0.980605,0.336016,0,0.66528,12.849,1,0.592976,0.36288,0,38.2851,6.02984,32.0252,0.84672,12.849,0.84672,3695.15,0,0.0036966,1.80167e-05,1.62505,1.85428,4.72484,1.49113,6.71303,0.42336,0.0018483,0.21168,0.0018483,0.21168,460.486,0,1.02816,0,0,2.65321,1.62505,1.028160,1,0,38.7382,0,0,0,38.7382,0
57.3016,2.70636,0,0,2.15543,0.0663487,0.36288,3.6288,58.5427,0.572096,0,0,0.736016,0.336174,0,0.66528,12.849,1,0.596654,0.36288,0,42.0386,6.02984,35.775,0.84672,12.849,0.84672,3695.15,0,0.0036966,1.80091e-05,0.964535,1.85483,3.79371,1.49113,5.12193,0.42336,0.0018483,0.21168,0.0018483,0.21168,460.486,0,1.02816,0,0,1.9927,0.964535,1.028160,1,0,40.8969,0,0,0,40.8969,0
56.794,2.69882,0,0,2.61983,0.0657163,0.36288,3.6288,58.8176,0.572568,0,0,1.18331,0.335802,0,0.66528,12.849,1,0.605169,0.36288,0,36.6447,6.02984,30.3726,0.84672,12.849,0.84672,3695.15,0,0.0036966,1.8077e-05,2.27561,1.85537,5.46628,1.49113,8.10612,0.42336,0.0018483,0.21168,0.0018483,0.21168,460.486,0,1.02816,0,0,3.30377,2.27561,1.028160,1,0,38.4787,0,0,0,38.4787,0
56.4756,2.61297,0,0,2.68655,0.0291122,0.36288,3.6288,58.9949,0.496,0,0,1.01405,0.340794,0,0.66528,12.849,1,0.591155,0.36288,0,43.063,6.33276,36.5019,0.84672,12.849,0.84672,3695.15,0,0.0036966,1.55864e-05,2.23404,1.85592,6.36318,1.49755,8.95558,0.42336,0.0018483,0.21168,0.0018483,0.21168,460.486,0,1.02816,0,0,3.2622,2.23404,1.028160,1,0,45.4575,0,0,0,45.4575,0
56.0795,2.61102,0,0,2.69179,0.113954,0.36288,3.6288,59.4178,0.496449,0,0,1.18651,0.26714,0,0.66528,12.849,1,0.594045,0.36288,0,41.5086,4.56202,36.7154,0.84672,12.849,0.84672,3695.15,0,0.0036966,1.55537e-05,2.68904,1.77805,6.53668,1.02357,9.98018,0.42336,0.0018483,0.21168,0.0018483,0.21168,460.486,0,1.02816,0,0,3.7172,2.68904,1.028160,1,0,46.6956,0,0,0,46.6956,0
56.0543,2.60837,0,0,3.09176,0.145699,0.36288,3.6288,60.2793,0.496898,0,0,1.61933,0.260996,0,0.66528,12.849,1,0.597634,0.36288,0,41.947,4.34165,37.3706,0.84672,12.849,0.84672,3695.15,0,0.0036966,1.54569e-05,3.56891,1.77857,9.06492,0.998504,13.4139,0.42336,0.0018483,0.21168,0.0018483,0.21168,460.486,0,1.02816,0,0,4.59707,3.56891,1.028160,1,0,50.7845,0,0,0,50.7845,0
55.8971,2.60892,0,0,2.9603,0.145663,0.36288,3.6288,61.1077,0.497347,0,0,1.58826,0.262434,0,0.66528,12.849,1,0.598028,0.36288,0,55.9289,4.34165,51.3521,0.84672,12.849,0.84672,3695.15,0,0.0036966,1.52498e-05,3.44371,1.77909,9.06258,0.998504,13.2869,0.42336,0.0018483,0.21168,0.0018483,0.21168,460.486,0,1.02816,0,0,4.47187,3.44371,1.028160,1,0,64.6389,0,0,0,64.6389,0
55.6327,2.54095,0,0,2.78741,0.148055,0.36288,3.6288,61.308,0.427589,0,0,1.69278,0.251638,0.813283,0.66528,12.849,1,0.584084,0.36288,0,71.2857,4.27078,66.7937,0.84672,12.849,0.84672,3695.15,0,0.0036966,1.29331e-05,3.5152,1.77962,9.87953,0.990593,14.1837,0.42336,0.0018483,0.21168,0.0018483,0.21168,460.486,0,1.02816,0,0,4.54336,3.5152,1.028160,1,0,81.7907,0,0,0,81.7907,0
53.8864,2.53944,0,0,1.36864,0.212637,0.36288,3.6288,61.174,0.428018,0,0,0.508299,0.21432,0,0.66528,12.849,1,0.586512,0.36288,0,24.4757,4.16178,20.0903,0.84672,12.849,0.84672,3695.15,0,0.0036966,1.29038e-05,0.434108,1.71037,4.55288,1.05763,5.63972,0.42336,0.0018483,0.21168,0.0018483,0.21168,460.486,0,1.02816,0,0,1.46227,0.434108,1.028160,1,0,25.73,0,0,0,25.73,0
51.9528,2.52483,0,0,1.16304,0.208931,0.36288,3.6288,61.1018,0.428446,0,0,0.570461,0.214138,0,0.66528,12.849,1,0.602036,0.36288,0,20.0077,4.16178,15.6068,0.84672,12.849,0.84672,3695.15,0,0.0036966,1.2945e-05,0.764485,1.71087,5.06042,1.05763,6.47814,0.42336,0.0018483,0.21168,0.0018483,0.21168,460.486,0,1.02816,0,0,1.79264,0.764485,1.028160,1,0,22.0849,0,0,0,22.0849,0
52.4597,2.5076,0,0,3.5823,0.204827,0.36288,3.6288,61.308,0.428875,0,0,1.82556,0.214041,0.976485,0.66528,12.849,1,0.620182,0.36288,0,69.3186,4.16178,64.8996,0.84672,12.849,0.84672,3695.15,0,0.0036966,1.29733e-05,4.70494,1.71138,12.0331,1.05763,17.3918,0.42336,0.0018483,0.21168,0.0018483,0.21168,460.486,0,1.02816,0,0,5.7331,4.70494,1.028160,1,0,83.2678,0,0,0,83.2678,0
52.4796,2.32389,0,0,2.94126,0.23461,0.36288,3.6288,61.308,0.28291,0,0,1.55685,0.190826,1.08311,0.66528,12.849,1,0.569191,0.36288,0,56.2281,3.8353,52.1865,0.84672,12.849,0.84672,3695.15,0,0.0036966,8.5291e-06,1.4747,1.71188,9.09898,0.965146,11.3204,0.42336,0.0018483,0.21168,0.0018483,0.21168,460.486,0,1.02816,0,0,2.50286,1.4747,1.028160,1,0,64.59,0,0,0,64.59,0
51.9772,2.32474,0,0,2.3999,0.21472,0.36288,3.6288,61.308,0.283296,0,0,0.917775,0.187679,0.446801,0.66528,12.849,1,0.569186,0.36288,0,45.8719,4.49536,41.1703,0.84672,12.849,0.84672,3695.15,0,0.0036966,8.54073e-06,1.04674,1.55512,7.19493,1.12137,8.67541,0.42336,0.0018483,0.21168,0.0018483,0.21168,460.486,0,1.02816,0,0,2.0749,1.04674,1.028160,1,0,50.2925,0,0,0,50.2925,0
53.8552,2.32102,0,0,4.7755,0.213608,0.36288,3.6288,61.308,0.283681,0,0,1.46166,0.187679,0.990303,0.66528,12.849,1,0.573766,0.36288,0,68.5829,4.49536,63.8767,0.84672,12.849,0.84672,3695.15,0,0.0036966,8.55236e-06,2.57177,1.55557,10.8179,1.12137,13.8239,0.42336,0.0018483,0.21168,0.0018483,0.21168,460.486,0,1.02816,0,0,3.59993,2.57177,1.028160,1,0,78.6908,0,0,0,78.6908,0
53.7914,2.33786,0,0,2.85473,0.217763,0.36288,3.6288,61.308,0.284067,0,0,1.58022,0.187679,1.10847,0.66528,12.849,1,0.557776,0.36288,0,78.5433,4.49536,73.853,0.84672,12.849,0.84672,3695.15,0,0.0036966,8.564e-06,3.04965,1.55603,9.15944,1.12137,12.6437,0.42336,0.0018483,0.21168,0.0018483,0.21168,460.486,0,1.02816,0,0,4.07781,3.04965,1.028160,1,0,87.6053,0,0,0,87.6053,0
54.6879,2.33801,0,0,3.84025,0.242846,0.36288,3.6288,61.308,0.284453,0,0,2.04581,0.220725,1.54063,0.66528,12.849,1,0.558474,0.36288,0,70.5219,4.89242,65.4339,0.84672,12.849,0.84672,3695.15,0,0.0036966,8.57564e-06,3.89146,1.55649,11.1879,1.20141,15.4345,0.42336,0.0018483,0.21168,0.0018483,0.21168,460.486,0,1.02816,0,0,4.91962,3.89146,1.028160,1,0,82.409,0,0,0,82.409,0
56.6635,2.4196,0,0,4.99744,0.239389,0.36288,3.6288,61.308,0.327282,0,0,2.83267,0.228993,2.27639,0.66528,12.849,1,0.568487,0.36288,0,129.56,4.72704,124.628,0.84672,12.849,0.84672,3695.15,0,0.0036966,9.86683e-06,3.30593,1.55695,14.8822,1.29136,18.4537,0.42336,0.0018483,0.21168,0.0018483,0.21168,460.486,0,1.02816,0,0,4.33409,3.30593,1.028160,1,0,145.358,0,0,0,145.358,0
61.5736,2.43644,0,0,7.95038,0.240902,0.36288,3.6288,61.308,0.327665,0,0,3.99304,0.22628,3.43909,0.66528,12.849,1,0.552487,0.36288,0,210.876,4.37955,206.306,0.84672,12.849,0.84672,3695.15,0,0.0036966,9.87836e-06,4.09878,1.6072,18.5363,1.31292,22.9293,0.42336,0.0018483,0.21168,0.0018483,0.21168,460.486,0,1.02816,0,0,5.12694,4.09878,1.028160,1,0,232.675,0,0,0,232.675,0
65.5081,2.47359,0,0,7.02313,0.252212,0.36288,3.6288,61.308,0.328047,0,0,3.46807,0.22628,2.91374,0.66528,12.849,1,0.516182,0.36288,0,183.976,4.37955,179.443,0.84672,12.849,0.84672,3695.15,0,0.0036966,9.88989e-06,4.40497,1.60766,19.2374,1.31292,23.9371,0.42336,0.0018483,0.21168,0.0018483,0.21168,460.486,0,1.02816,0,0,5.43313,4.40497,1.028160,1,0,206.294,0,0,0,206.294,0
69.3202,2.50022,0,0,6.91334,0.238141,0.36288,3.6288,61.308,0.32843,0,0,5.10947,0.192805,4.58824,0.66528,12.849,1,0.490402,0.36288,0,201.243,3.5394,197.576,0.84672,12.849,0.84672,3695.15,0,0.0036966,9.90142e-06,3.89972,1.60811,15.8933,1.07442,20.3267,0.42336,0.0018483,0.21168,0.0018483,0.21168,460.486,0,1.02816,0,0,4.92788,3.89972,1.028160,1,0,222.491,0,0,0,222.491,0
72.29,2.76984,0,0,6.68616,0.243354,0.703152,3.6288,61.308,0.48836,0,0,4.13266,0.177022,3.46728,0.66528,12.849,1,0.51341,0.703152,0,174.187,3.31526,171.061,0.84672,12.849,0.84672,3695.15,0,0.0036966,1.4723e-05,3.43674,1.60856,16.3549,0.978033,20.4222,0.42336,0.0018483,0.21168,0.0018483,0.21168,460.486,0,1.02816,0,0,4.4649,3.43674,1.028160,1,0,194.951,0,0,0,194.951,0
72.0094,2.78854,0,0,3.1635,0.292725,0.36288,3.6288,61.308,0.488787,0,0,2.49038,0.162667,1.83892,0.66528,12.849,1,0.495641,0.36288,0,82.3496,3.98674,78.2301,0.84672,12.849,0.84672,3695.15,0,0.0036966,1.47359e-05,1.54904,1.78697,9.55143,0.972094,11.9153,0.42336,0.0018483,0.21168,0.0018483,0.21168,460.486,0,1.02816,0,0,2.5772,1.54904,1.028160,1,0,91.9843,0,0,0,91.9843,0
72.29,2.78768,0,0,5.26419,0.292102,1.90376,3.6288,61.308,0.489215,0,0,2.88795,0.162667,2.23606,0.66528,12.849,1,0.497421,1.90376,0,102.795,3.98674,100.215,0.84672,12.849,0.84672,3695.15,0,0.0036966,1.47487e-05,2.23925,1.78747,11.4451,0.972094,14.4998,0.42336,0.0018483,0.21168,0.0018483,0.21168,460.486,0,1.02816,0,0,3.26741,2.23925,1.028160,1,0,116.951,0,0,0,116.951,0
72.29,2.79011,0,0,4.827,0.266073,1.77082,3.6288,61.308,0.489643,0,0,3.30881,0.213609,2.60556,0.66528,12.849,1,0.495921,1.77082,0,144.16,3.66633,141.769,0.84672,12.849,0.84672,3695.15,0,0.0036966,1.47616e-05,2.51105,1.78798,13.586,1.05791,16.8271,0.42336,0.0018483,0.21168,0.0018483,0.21168,460.486,0,1.02816,0,0,3.53921,2.51105,1.028160,1,0,161.201,0,0,0,161.201,0
72.29,2.43713,0,0,3.68842,0.304991,0.946292,3.6288,61.308,0.275715,0,0,2.79769,0.205629,2.31635,0.66528,12.849,1,0.433182,0.946292,0,92.3746,3.59653,89.2911,0.84672,12.849,0.84672,3695.15,0,0.0036966,8.31218e-06,1.95153,1.78848,11.0358,1.09579,13.68,0.42336,0.0018483,0.21168,0.0018483,0.21168,460.486,0,1.02816,0,0,2.97969,1.95153,1.028160,1,0,105.287,0,0,0,105.287,0
72.29,2.43782,0,0,4.97542,0.313648,2.22395,3.6288,61.308,0.276082,0,0,3.39949,0.163545,2.95987,0.66528,12.849,1,0.433304,2.22395,0,116.002,3.76708,114.026,0.84672,12.849,0.84672,3695.15,0,0.0036966,8.32326e-06,3.12347,1.54529,13.5387,0.874635,17.3328,0.42336,0.0018483,0.21168,0.0018483,0.21168,460.486,0,1.02816,0,0,4.15163,3.12347,1.028160,1,0,134.319,0,0,0,134.319,0
72.29,2.43851,0,0,4.39147,0.313648,1.63932,3.6288,61.308,0.27645,0,0,2.29917,0.163545,1.85918,0.66528,12.849,1,0.433426,1.63932,0,89.9536,3.76708,87.3924,0.84672,12.849,0.84672,3695.15,0,0.0036966,8.33434e-06,1.72663,1.54572,10.3033,0.874635,12.701,0.42336,0.0018483,0.21168,0.0018483,0.21168,460.486,0,1.02816,0,0,2.75479,1.72663,1.028160,1,0,101.953,0,0,0,101.953,0
72.29,2.43919,0,0,3.40884,0.313648,0.656001,3.6288,61.308,0.276817,0,0,1.78977,0.163545,1.34941,0.66528,12.849,1,0.433548,0.656001,0,94.7894,3.76708,91.2448,0.84672,12.849,0.84672,3695.15,0,0.0036966,8.34543e-06,1.10506,1.54616,8.33665,0.874635,10.1132,0.42336,0.0018483,0.21168,0.0018483,0.21168,460.486,0,1.02816,0,0,2.13322,1.10506,1.028160,1,0,102.707,0,0,0,102.707,0
71.9623,2.43988,0,0,2.75474,0.279663,0.36288,3.6288,61.308,0.277185,0,0,1.1983,0.145496,0.775618,0.66528,12.849,1,0.43367,0.36288,0,77.3634,3.5055,73.7871,0.84672,12.849,0.84672,3695.15,0,0.0036966,8.35651e-06,0.650428,1.5466,7.36232,0.837058,8.72227,0.42336,0.0018483,0.21168,0.0018483,0.21168,460.486,0,1.02816,0,0,1.67859,0.650428,1.028160,1,0,83.285,0,0,0,83.285,0
72.29,2.528,0,0,4.2752,0.271284,1.14823,3.6288,61.308,0.330066,0,0,1.83139,0.146451,1.35488,0.66528,12.849,1,0.45138,1.14823,0,92.6545,3.58137,89.77,0.84672,12.849,0.84672,3695.15,0,0.0036966,9.95076e-06,2.08583,1.54703,11.853,0.809275,14.6766,0.42336,0.0018483,0.21168,0.0018483,0.21168,460.486,0,1.02816,0,0,3.11399,2.08583,1.028160,1,0,105.801,0,0,0,105.801,0
72.29,2.53045,0,0,5.22256,0.287005,2.4051,3.6288,61.308,0.330449,0,0,2.85835,0.156459,2.37144,0.66528,12.849,1,0.449769,2.4051,0,110.522,3.75123,108.726,0.84672,12.849,0.84672,3695.15,0,0.0036966,9.9623e-06,2.71364,1.60772,13.536,0.818202,17.0392,0.42336,0.0018483,0.21168,0.0018483,0.21168,460.486,0,1.02816,0,0,3.7418,2.71364,1.028160,1,0,128.137,0,0,0,128.137,0
72.29,2.53117,0,0,3.76318,0.287005,0.945006,3.6288,61.308,0.330831,0,0,1.51636,0.156459,1.02907,0.66528,12.849,1,0.449896,0.945006,0,70.6899,3.75123,67.4338,0.84672,12.849,0.84672,3695.15,0,0.0036966,9.97383e-06,1.45831,1.60817,10.6095,0.818202,12.8578,0.42336,0.0018483,0.21168,0.0018483,0.21168,460.486,0,1.02816,0,0,2.48647,1.45831,1.028160,1,0,81.3206,0,0,0,81.3206,0
72.29,2.53188,0,0,3.48073,0.287005,0.661843,3.6288,61.308,0.331214,0,0,1.71428,0.156459,1.22661,0.66528,12.849,1,0.450023,0.661843,0,81.1365,3.75123,77.5971,0.84672,12.849,0.84672,3695.15,0,0.0036966,9.98537e-06,1.53647,1.60863,10.9965,0.818202,13.3234,0.42336,0.0018483,0.21168,0.0018483,0.21168,460.486,0,1.02816,0,0,2.56463,1.53647,1.028160,1,0,92.1471,0,0,0,92.1471,0
72.29,2.49769,0,0,3.45451,0.238692,0.718135,3.6288,61.308,0.311178,0,0,1.46973,0.211594,0.94696,0.66528,12.849,1,0.443945,0.718135,0,76.2644,4.88855,71.6501,0.84672,12.849,0.84672,3695.15,0,0.0036966,9.38134e-06,1.49323,1.60908,10.7123,1.03046,12.7841,0.42336,0.0018483,0.21168,0.0018483,0.21168,460.486,0,1.02816,0,0,2.52139,1.49323,1.028160,1,0,85.3812,0,0,0,85.3812,0
72.29,2.49839,0,0,3.28113,0.180625,0.602111,3.6288,61.308,0.311556,0,0,1.41368,0.216934,0.885188,0.66528,12.849,1,0.44407,0.602111,0,67.386,4.59742,62.9466,0.84672,12.849,0.84672,3695.15,0,0.0036966,9.39271e-06,1.45773,1.58605,9.41216,1.06108,11.3949,0.42336,0.0018483,0.21168,0.0018483,0.21168,460.486,0,1.02816,0,0,2.48589,1.45773,1.028160,1,0,75.2266,0,0,0,75.2266,0
72.2793,2.49909,0,0,3.03185,0.180625,0.36288,3.6288,61.308,0.311933,0,0,1.4822,0.216934,0.953334,0.66528,12.849,1,0.444195,0.36288,0,56.9951,4.59742,52.3163,0.84672,12.849,0.84672,3695.15,0,0.0036966,9.40408e-06,1.25184,1.5865,8.70143,1.06108,10.4787,0.42336,0.0018483,0.21168,0.0018483,0.21168,460.486,0,1.02816,0,0,2.28,1.25184,1.028160,1,0,63.7483,0,0,0,63.7483,0
72.1657,2.49974,0,0,2.92968,0.18061,0.36288,3.6288,61.308,0.31231,0,0,1.32509,0.216934,0.795847,0.66528,12.849,1,0.444376,0.36288,0,51.5428,4.59742,46.8639,0.84672,12.849,0.84672,3695.15,0,0.0036966,9.41545e-06,1.04955,1.58695,8.4653,1.06108,10.0407,0.42336,0.0018483,0.21168,0.0018483,0.21168,460.486,0,1.02816,0,0,2.07771,1.04955,1.028160,1,0,57.7004,0,0,0,57.7004,0
71.5317,2.61844,0,0,2.5484,0.201123,0.36288,3.6288,61.308,0.385179,0,0,1.27443,0.165914,0.723342,0.66528,12.849,1,0.466209,0.36288,0,49.0761,4.1787,44.794,0.84672,12.849,0.84672,3695.15,0,0.0036966,1.16123e-05,1.02002,1.58739,8.12938,0.940286,9.79649,0.42336,0.0018483,0.21168,0.0018483,0.21168,460.486,0,1.02816,0,0,2.04818,1.02002,1.028160,1,0,55.3139,0,0,0,55.3139,0
71.4122,2.61567,0,0,2.98738,0.128318,0.36288,3.6288,61.308,0.385577,0,0,1.10864,0.244437,0.478628,0.66528,12.849,1,0.469844,0.36288,0,52.7891,4.49841,48.1837,0.84672,12.849,0.84672,3695.15,0,0.0036966,1.16243e-05,1.39174,1.67003,7.6191,1.06333,9.61752,0.42336,0.0018483,0.21168,0.0018483,0.21168,460.486,0,1.02816,0,0,2.4199,1.39174,1.028160,1,0,58.2799,0,0,0,58.2799,0
71.0613,2.61574,0,0,2.75598,0.128201,0.36288,3.6288,61.308,0.385975,0,0,1.1329,0.244437,0.502492,0.66528,12.849,1,0.470643,0.36288,0,50.1159,4.49841,45.5097,0.84672,12.849,0.84672,3695.15,0,0.0036966,1.16363e-05,0.691209,1.6705,7.26166,1.06333,8.56003,0.42336,0.0018483,0.21168,0.0018483,0.21168,460.486,0,1.02816,0,0,1.71937,0.691209,1.028160,1,0,54.5722,0,0,0,54.5722,0
70.4553,2.61451,0,0,2.49922,0.127857,0.36288,3.6288,61.308,0.386373,0,0,1.00652,0.244437,0.375708,0.66528,12.849,1,0.472744,0.36288,0,46.1126,4.49841,41.5044,0.84672,12.849,0.84672,3695.15,0,0.0036966,1.16483e-05,0.45398,1.67097,6.77436,1.06333,7.83597,0.42336,0.0018483,0.21168,0.0018483,0.21168,460.486,0,1.02816,0,0,1.48214,0.45398,1.028160,1,0,49.716,0,0,0,49.716,0
69.5728,2.6118,0,0,2.21943,0.127264,0.36288,3.6288,61.308,0.386771,0,0,0.98121,0.244437,0.350003,0.66528,12.849,1,0.476317,0.36288,0,39.2108,4.49841,34.599,0.84672,12.849,0.84672,3695.15,0,0.0036966,1.16603e-05,0.534565,1.67144,6.69438,1.06333,7.83704,0.42336,0.0018483,0.21168,0.0018483,0.21168,460.486,0,1.02816,0,0,1.56273,0.534565,1.028160,1,0,42.786,0,0,0,42.786,0
68.7314,2.58408,0,0,2.19578,0.0902368,0.36288,3.6288,61.308,0.427067,0,0,1.00831,0.270137,0.31111,0.66528,12.849,1,0.477239,0.36288,0,40.3318,5.02533,35.1921,0.84672,12.849,0.84672,3695.15,0,0.0036966,1.28751e-05,0.691969,1.67191,5.81795,1.15386,7.02796,0.42336,0.0018483,0.21168,0.0018483,0.21168,460.486,0,1.02816,0,0,1.72013,0.691969,1.028160,1,0,42.5312,0,0,0,42.5312,0
67.7671,2.57988,0,0,2.07496,0.0964709,0.36288,3.6288,61.308,0.427477,0,0,0.967196,0.26532,0.2744,0.66528,12.849,1,0.482297,0.36288,0,40.791,4.99359,35.678,0.84672,12.849,0.84672,3695.15,0,0.0036966,1.28875e-05,0.661435,1.69802,5.26152,1.13006,6.4909,0.42336,0.0018483,0.21168,0.0018483,0.21168,460.486,0,1.02816,0,0,1.6896,0.661435,1.028160,1,0,42.4433,0,0,0,42.4433,0
66.63,2.57484,0,0,1.89635,0.0957454,0.36288,3.6288,61.308,0.427886,0,0,0.904478,0.26532,0.211273,0.66528,12.849,1,0.488203,0.36288,0,38.3675,4.99359,33.2486,0.84672,12.849,0.84672,3695.15,0,0.0036966,1.28998e-05,0.4158,1.6985,5.00676,1.13006,5.99099,0.42336,0.0018483,0.21168,0.0018483,0.21168,460.486,0,1.02816,0,0,1.44396,0.4158,1.028160,1,0,39.4508,0,0,0,39.4508,0
65.3656,2.56858,0,0,1.74374,0.0766653,0.36288,3.6288,61.308,0.428296,0,0,0.857105,0.309196,0.119614,0.66528,12.849,1,0.495327,0.36288,0,34.3519,5.55819,28.6613,0.84672,12.849,0.84672,3695.15,0,0.0036966,1.29122e-05,0.416759,1.69898,4.76715,1.33615,5.54672,0.42336,0.0018483,0.21168,0.0018483,0.21168,460.486,0,1.02816,0,0,1.44492,0.416759,1.028160,1,0,34.3276,0,0,0,34.3276,0
63.9504,2.62106,0,0,1.63291,0.064141,0.36288,3.6288,61.2772,0.464304,0,0,0.769971,0.33649,0,0.66528,12.849,1,0.515226,0.36288,0,30.5468,5.9244,24.4701,0.84672,12.849,0.84672,3695.15,0,0.0036966,1.39977e-05,0.286304,1.69946,4.28608,1.49383,4.77799,0.42336,0.0018483,0.21168,0.0018483,0.21168,460.486,0,1.02816,0,0,1.31446,0.286304,1.028160,1,0,29.2481,0,0,0,29.2481,0
62.6626,2.6123,0,0,1.75514,0.0678032,0.36288,3.6288,61.308,0.464723,0,0,0.90968,0.322394,0.0917393,0.66528,12.849,1,0.524867,0.36288,0,38.0804,5.7813,32.1371,0.84672,12.849,0.84672,3695.15,0,0.0036966,1.40174e-05,0.310634,1.74084,4.01654,1.50161,4.56639,0.42336,0.0018483,0.21168,0.0018483,0.21168,460.486,0,1.02816,0,0,1.33879,0.310634,1.028160,1,0,36.7952,0,0,0,36.7952,0
61.2628,2.60408,0,0,1.63424,0.0670959,0.36288,3.6288,61.308,0.465143,0,0,0.789212,0.322457,0.00161187,0.66528,12.849,1,0.533969,0.36288,0,32.2433,5.7813,26.2909,0.84672,12.849,0.84672,3695.15,0,0.0036966,1.4023e-05,0.419023,1.74133,4.05356,1.50161,4.71229,0.42336,0.0018483,0.21168,0.0018483,0.21168,460.486,0,1.02816,0,0,1.44718,0.419023,1.028160,1,0,31.0048,0,0,0,31.0048,0
59.7498,2.59472,0,0,1.51095,0.066327,0.36288,3.6288,61.2519,0.465563,0,0,0.731894,0.322457,0,0.66528,12.849,1,0.544207,0.36288,0,30.9184,5.7813,24.9558,0.84672,12.849,0.84672,3695.15,0,0.0036966,1.40357e-05,0.242914,1.74182,3.52454,1.50161,4.00765,0.42336,0.0018483,0.21168,0.0018483,0.21168,460.486,0,1.02816,0,0,1.27107,0.242914,1.028160,1,0,28.9634,0,0,0,28.9634,0
58.1137,2.75669,0,0,1.54453,0.0610207,0.36288,3.6288,61.1451,0.594619,0,0,0.812782,0.324932,0,0.66528,12.849,1,0.592817,0.36288,0,29.4066,5.85608,23.3206,0.84672,12.849,0.84672,3695.15,0,0.0036966,1.79429e-05,0.414426,1.74231,4.35955,1.51655,4.99972,0.42336,0.0018483,0.21168,0.0018483,0.21168,460.486,0,1.02816,0,0,1.44259,0.414426,1.028160,1,0,28.3203,0,0,0,28.3203,0
57.0719,2.74379,0,0,2.12537,0.0604711,0.36288,3.6288,61.0408,0.70563,0,0,0.902102,0.300811,0,0.66528,12.849,1,0.606655,0.36288,0,37.9096,5.11521,32.5507,0.84672,12.849,0.84672,3695.15,0,0.0036966,2.13298e-05,0.227405,1.88149,4.92424,1.38597,5.64713,0.42336,0.0018483,0.21168,0.0018483,0.21168,460.486,0,0.917603,0,0,1.14501,0.227405,1.028160,1,0,38.1978,0,0,0,38.1978,0
55.9901,2.73552,0,0,2.08205,0.0655434,0.36288,3.6288,61.0628,0.595532,0,0,0.901403,0.283805,0,0.66528,12.849,1,0.615866,0.36288,0,37.186,5.03863,31.8944,0.84672,12.849,0.84672,3695.15,0,0.0036966,1.80326e-05,0.624499,1.88202,5.28449,1.38986,6.40113,0.42336,0.0018483,0.21168,0.0018483,0.21168,460.486,0,1.02816,0,0,1.65266,0.624499,1.028160,1,0,38.2955,0,0,0,38.2955,0
54.7987,2.72661,0,0,1.96296,0.0648458,0.36288,3.6288,61.0468,0.595988,0,0,0.863801,0.283844,0,0.66528,12.849,1,0.625721,0.36288,0,37.719,5.03863,32.4175,0.84672,12.849,0.84672,3695.15,0,0.0036966,1.80399e-05,0.722079,1.88254,4.93501,1.38986,6.14976,0.42336,0.0018483,0.21168,0.0018483,0.21168,460.486,0,1.02816,0,0,1.75024,0.722079,1.028160,1,0,38.5672,0,0,0,38.5672,0
53.5768,2.71635,0,0,1.92139,0.0640775,0.36288,3.6288,61.0316,0.596444,0,0,0.865106,0.283816,0,0.66528,12.849,1,0.636919,0.36288,0,35.7674,5.03863,30.4547,0.84672,12.849,0.84672,3695.15,0,0.0036966,1.80584e-05,0.706441,1.88307,4.95124,1.38986,6.15087,0.42336,0.0018483,0.21168,0.0018483,0.21168,460.486,0,1.02816,0,0,1.7346,0.706441,1.028160,1,0,36.6056,0,0,0,36.6056,0
52.568,2.62284,0,0,2.0679,0.0909155,0.36288,3.6288,61.0426,0.518713,0,0,0.782361,0.252653,0,0.66528,12.849,1,0.629021,0.36288,0,37.8322,4.3442,33.2219,0.84672,12.849,0.84672,3695.15,0,0.0036966,1.57089e-05,0.532068,1.8836,6.13328,1.19893,7.35001,0.42336,0.0018483,0.21168,0.0018483,0.21168,460.486,0,1.02816,0,0,1.56023,0.532068,1.028160,1,0,40.5719,0,0,0,40.5719,0
51.8145,2.61388,0,0,2.33372,0.110488,0.36288,3.6288,60.5247,0.874684,0,0,0.586094,0.229317,0,0.66528,12.849,1,0.6389,0.36288,0,38.0849,3.82336,33.9856,0.84672,12.849,0.84672,3695.15,0,0.0036966,2.64844e-05,0.216518,1.80454,6.41783,1.05572,7.38314,0.42336,0.0018483,0.21168,0.0018483,0.21168,460.486,0,0.672613,0,0,0.889131,0.216518,1.028160,1,0,41.3687,0,0,0,41.3687,0
51.6191,2.60716,0,0,2.88429,0.10963,0.36288,3.6288,60.6186,0.519582,0,0,0.842011,0.228565,0,0.66528,12.849,1,0.646527,0.36288,0,49.5729,3.82336,45.4659,0.84672,12.849,0.84672,3695.15,0,0.0036966,1.5867e-05,0.588332,1.80505,5.38894,1.05572,6.72658,0.42336,0.0018483,0.21168,0.0018483,0.21168,460.486,0,1.02816,0,0,1.61649,0.588332,1.028160,1,0,52.1924,0,0,0,52.1924,0
51.0445,2.60594,0,0,2.50363,0.109408,0.36288,3.6288,60.5136,0.549807,0,0,0.673548,0.228701,0,0.66528,12.849,1,0.648668,0.36288,0,42.063,3.82336,37.9538,0.84672,12.849,0.84672,3695.15,0,0.0036966,1.6764e-05,0.216518,1.80556,6.68352,1.05572,7.64985,0.42336,0.0018483,0.21168,0.0018483,0.21168,460.486,0,0.998369,0,0,1.21489,0.216518,1.028160,1,0,45.6037,0,0,0,45.6037,0
55.9974,2.53365,0,0,7.96925,0.119828,0.36288,3.6288,61.308,0.449202,0,0,2.55337,0.221888,1.08792,0.66528,12.849,1,0.637773,0.36288,0,115.203,3.8766,111.051,0.84672,12.849,0.84672,3695.15,0,0.0036966,1.37202e-05,5.1196,1.80606,11.4552,1.05426,17.3266,0.42336,0.0018483,0.21168,0.0018483,0.21168,460.486,0,1.02816,0,0,6.14776,5.1196,1.028160,1,0,129.466,0,0,0,129.466,0
59.8463,2.58026,0,0,6.98793,0.195915,0.36288,3.6288,61.308,0.449617,0,0,1.36943,0.182843,0.736972,0.66528,12.849,1,0.592058,0.36288,0,116.167,4.19601,111.742,0.84672,12.849,0.84672,3695.15,0,0.0036966,1.3555e-05,0.92899,1.73576,8.97264,1.04545,10.5919,0.42336,0.0018483,0.21168,0.0018483,0.21168,460.486,0,1.02816,0,0,1.95715,0.92899,1.028160,1,0,123.071,0,0,0,123.071,0
61.516,2.61234,0,0,4.8483,0.203413,0.36288,3.6288,61.308,0.450032,0,0,1.07097,0.182843,0.438097,0.66528,12.849,1,0.56087,0.36288,0,64.3455,4.19601,59.9515,0.84672,12.849,0.84672,3695.15,0,0.0036966,1.35675e-05,0.738824,1.73625,5.69295,1.04545,7.12255,0.42336,0.0018483,0.21168,0.0018483,0.21168,460.486,0,1.02816,0,0,1.76698,0.738824,1.028160,1,0,67.5121,0,0,0,67.5121,0
65.6506,2.62567,0,0,7.32688,0.203638,0.36288,3.6288,61.308,0.450447,0,0,1.58685,0.219459,0.916942,0.66528,12.849,1,0.548431,0.36288,0,98.1089,4.17342,93.75,0.84672,12.849,0.84672,3695.15,0,0.0036966,1.358e-05,1.53876,1.73674,7.10303,1.10218,9.27633,0.42336,0.0018483,0.21168,0.0018483,0.21168,460.486,0,1.02816,0,0,2.56692,1.53876,1.028160,1,0,103.943,0,0,0,103.943,0
70.9469,2.45533,0,0,8.33725,0.222792,0.36288,3.6288,61.308,0.302302,0,0,1.6829,0.221808,1.15879,0.66528,12.849,1,0.480553,0.36288,0,106.03,3.94647,101.966,0.84672,12.849,0.84672,3695.15,0,0.0036966,9.11374e-06,1.76712,1.73722,10.7907,1.13843,13.1566,0.42336,0.0018483,0.21168,0.0018483,0.21168,460.486,0,1.02816,0,0,2.79528,1.76712,1.028160,1,0,116.281,0,0,0,116.281,0
71.8616,2.48641,0,0,4.05648,0.29253,0.36288,3.6288,61.308,0.302676,0,0,1.27708,0.207447,0.766956,0.66528,12.849,1,0.450307,0.36288,0,65.9928,4.33473,61.5707,0.84672,12.849,0.84672,3695.15,0,0.0036966,9.125e-06,2.55891,1.57812,8.32017,1.10494,11.3523,0.42336,0.0018483,0.21168,0.0018483,0.21168,460.486,0,1.02816,0,0,3.58707,2.55891,1.028160,1,0,73.6899,0,0,0,73.6899,0
72.29,2.49197,0,0,4.52805,0.300979,1.30666,3.6288,61.308,0.303049,0,0,1.16819,0.21538,0.649759,0.66528,12.849,1,0.44557,1.30666,0,84.2702,4.44318,80.6881,0.84672,12.849,0.84672,3695.15,0,0.0036966,9.13626e-06,2.30324,1.57856,8.96823,1.10811,11.7419,0.42336,0.0018483,0.21168,0.0018483,0.21168,460.486,0,1.02816,0,0,3.3314,2.30324,1.028160,1,0,93.0797,0,0,0,93.0797,0
72.29,2.49491,0,0,19.1938,0.301961,16.397,3.6288,61.308,0.303423,0,0,8.98076,0.21538,8.46196,0.66528,12.849,1,0.443452,16.397,0,346.175,4.44318,357.685,0.84672,12.849,0.84672,3695.15,0,0.0036966,9.14752e-06,2.83876,1.57901,25.1325,1.10811,28.4421,0.42336,0.0018483,0.21168,0.0018483,0.21168,460.486,0,1.02816,0,0,3.86692,2.83876,1.028160,1,0,394.589,0,0,0,394.589,0
72.29,2.49561,0,0,9.0828,0.257851,6.32934,3.6288,61.308,0.303796,0,0,3.52452,0.203867,3.01686,0.66528,12.849,1,0.443576,6.32934,0,166.973,3.62607,169.233,0.84672,12.849,0.84672,3695.15,0,0.0036966,9.15879e-06,2.70285,1.57945,12.8784,0.93236,16.2284,0.42336,0.0018483,0.21168,0.0018483,0.21168,460.486,0,1.02816,0,0,3.73101,2.70285,1.028160,1,0,188.478,0,0,0,188.478,0
72.29,2.5745,0,0,8.1811,0.262745,5.34385,3.6288,61.308,0.347239,0,0,2.45465,0.205785,1.90163,0.66528,12.849,1,0.457597,5.34385,0,156.62,3.79322,157.713,0.84672,12.849,0.84672,3695.15,0,0.0036966,1.04685e-05,4.30465,1.57989,15.3079,0.955582,20.2369,0.42336,0.0018483,0.21168,0.0018483,0.21168,460.486,0,1.02816,0,0,5.33281,4.30465,1.028160,1,0,179.851,0,0,0,179.851,0
72.29,2.57519,0,0,9.30934,0.296715,6.43744,3.6288,61.308,0.347609,0,0,2.49832,0.190229,1.96048,0.66528,12.849,1,0.457721,6.43744,0,211.202,4.1348,213.047,0.84672,12.849,0.84672,3695.15,0,0.0036966,1.04796e-05,4.17269,1.63087,12.2555,1.13234,16.9267,0.42336,0.0018483,0.21168,0.0018483,0.21168,460.486,0,1.02816,0,0,5.20085,4.17269,1.028160,1,0,231.934,0,0,0,231.934,0
72.29,2.57588,0,0,7.17863,0.296715,4.30603,3.6288,61.308,0.34798,0,0,2.07825,0.190229,1.54004,0.66528,12.849,1,0.457844,4.30603,0,169.163,4.1348,168.876,0.84672,12.849,0.84672,3695.15,0,0.0036966,1.04908e-05,2.97719,1.63131,10.0943,1.13234,13.5704,0.42336,0.0018483,0.21168,0.0018483,0.21168,460.486,0,1.02816,0,0,4.00535,2.97719,1.028160,1,0,183.986,0,0,0,183.986,0
72.29,2.57658,0,0,6.74975,0.308427,3.86475,3.6288,61.308,0.34835,0,0,2.25268,0.138536,1.7658,0.66528,12.849,1,0.457967,3.86475,0,231.725,3.58632,231.545,0.84672,12.849,0.84672,3695.15,0,0.0036966,1.0502e-05,3.28114,1.63175,10.4813,0.843467,14.5507,0.42336,0.0018483,0.21168,0.0018483,0.21168,460.486,0,1.02816,0,0,4.3093,3.28114,1.028160,1,0,247.862,0,0,0,247.862,0
72.29,2.82865,0,0,5.85188,0.313112,2.71012,3.6288,61.308,0.510609,0,0,1.43084,0.117858,0.802377,0.66528,12.849,1,0.502771,2.71012,0,150.043,3.36693,148.884,0.84672,12.849,0.84672,3695.15,0,0.0036966,1.53937e-05,1.78202,1.63219,7.57737,0.727916,10.2636,0.42336,0.0018483,0.21168,0.0018483,0.21168,460.486,0,1.02816,0,0,2.81018,1.78202,1.028160,1,0,159.95,0,0,0,159.95,0
72.29,2.82941,0,0,11.2256,0.294563,8.10163,3.6288,61.308,0.511023,0,0,3.74296,0.117556,3.11438,0.66528,12.849,1,0.502907,8.10163,0,227.839,3.35127,232.087,0.84672,12.849,0.84672,3695.15,0,0.0036966,1.54062e-05,5.65953,1.81319,18.1846,0.932088,24.7252,0.42336,0.0018483,0.21168,0.0018483,0.21168,460.486,0,1.02816,0,0,6.68769,5.65953,1.028160,1,0,259.926,0,0,0,259.926,0
72.29,2.83017,0,0,9.92053,0.294342,6.79601,3.6288,61.308,0.511437,0,0,3.51143,0.112385,2.8876,0.66528,12.849,1,0.503042,6.79601,0,419.666,3.28451,422.675,0.84672,12.849,0.84672,3695.15,0,0.0036966,1.54187e-05,5.68535,1.81367,20.7587,0.917998,27.3397,0.42336,0.0018483,0.21168,0.0018483,0.21168,460.486,0,1.02816,0,0,6.71351,5.68535,1.028160,1,0,452.902,0,0,0,452.902,0
72.29,2.83094,0,0,4.93686,0.294342,1.81158,3.6288,61.308,0.511851,0,0,1.93662,0.112385,1.31239,0.66528,12.849,1,0.503177,1.81158,0,208.995,3.28451,207.019,0.84672,12.849,0.84672,3695.15,0,0.0036966,1.54312e-05,3.0689,1.81416,10.1949,0.917998,14.1599,0.42336,0.0018483,0.21168,0.0018483,0.21168,460.486,0,1.02816,0,0,4.09706,3.0689,1.028160,1,0,222.491,0,0,0,222.491,0
72.29,2.47276,0,0,4.19037,0.307357,1.41025,3.6288,61.308,0.294776,0,0,2.33123,0.208825,1.82763,0.66528,12.849,1,0.439515,1.41025,0,179.021,4.43984,175.552,0.84672,12.849,0.84672,3695.15,0,0.0036966,8.88684e-06,3.38292,1.81465,10.6007,1.1177,14.6805,0.42336,0.0018483,0.21168,0.0018483,0.21168,460.486,0,1.02816,0,0,4.41108,3.38292,1.028160,1,0,192.06,0,0,0,192.06,0
72.29,2.47343,0,0,5.98016,0.30153,3.2052,3.6288,61.308,0.295132,0,0,1.0827,0.223339,0.564225,0.66528,12.849,1,0.439633,3.2052,0,138.881,4.00659,137.64,0.84672,12.849,0.84672,3695.15,0,0.0036966,8.89757e-06,1.96416,1.56788,7.84521,1.04461,10.3326,0.42336,0.0018483,0.21168,0.0018483,0.21168,460.486,0,1.02816,0,0,2.99232,1.96416,1.028160,1,0,148.537,0,0,0,148.537,0
72.29,2.47409,0,0,6.36044,0.30153,3.58482,3.6288,61.308,0.295488,0,0,2.02167,0.223339,1.50285,0.66528,12.849,1,0.439751,3.58482,0,172.31,4.00659,171.449,0.84672,12.849,0.84672,3695.15,0,0.0036966,8.9083e-06,3.52958,1.5683,11.305,1.04461,15.3583,0.42336,0.0018483,0.21168,0.0018483,0.21168,460.486,0,1.02816,0,0,4.55774,3.52958,1.028160,1,0,188.31,0,0,0,188.31,0
72.29,2.47476,0,0,5.24446,0.30153,2.46817,3.6288,61.308,0.295844,0,0,1.18778,0.223339,0.668601,0.66528,12.849,1,0.43987,2.46817,0,130.08,4.00659,128.102,0.84672,12.849,0.84672,3695.15,0,0.0036966,8.91903e-06,2.32719,1.56872,8.11901,1.04461,10.9703,0.42336,0.0018483,0.21168,0.0018483,0.21168,460.486,0,1.02816,0,0,3.35535,2.32719,1.028160,1,0,139.741,0,0,0,139.741,0
72.29,2.47542,0,0,4.74943,0.30153,1.97248,3.6288,61.308,0.2962,0,0,1.83533,0.223339,1.3158,0.66528,12.849,1,0.439988,1.97248,0,138.762,4.00659,136.288,0.84672,12.849,0.84672,3695.15,0,0.0036966,8.92977e-06,4.66965,1.56915,13.7429,1.04461,18.937,0.42336,0.0018483,0.21168,0.0018483,0.21168,460.486,0,1.02816,0,0,5.69781,4.66965,1.028160,1,0,156.541,0,0,0,156.541,0
72.29,2.56656,0,0,5.5927,0.307693,2.71844,3.6288,61.308,0.349834,0,0,1.70022,0.200108,1.15028,0.66528,12.849,1,0.456187,2.71844,0,179.023,4.10357,177.182,0.84672,12.849,0.84672,3695.15,0,0.0036966,1.05467e-05,3.86252,1.56957,12.8917,1.00671,17.317,0.42336,0.0018483,0.21168,0.0018483,0.21168,460.486,0,1.02816,0,0,4.89068,3.86252,1.028160,1,0,195.649,0,0,0,195.649,0
72.29,2.56725,0,0,6.28472,0.306996,3.41047,3.6288,61.308,0.350204,0,0,1.65889,0.196559,1.11212,0.66528,12.849,1,0.456309,3.41047,0,189.095,4.20284,187.846,0.84672,12.849,0.84672,3695.15,0,0.0036966,1.05579e-05,3.50932,1.63112,12.2236,1.01021,16.3538,0.42336,0.0018483,0.21168,0.0018483,0.21168,460.486,0,1.02816,0,0,4.53748,3.50932,1.028160,1,0,205.312,0,0,0,205.312,0
72.29,2.56794,0,0,8.83708,0.306996,5.96214,3.6288,61.308,0.350575,0,0,2.54101,0.196559,1.99387,0.66528,12.849,1,0.456432,5.96214,0,194.791,4.20284,196.094,0.84672,12.849,0.84672,3695.15,0,0.0036966,1.05691e-05,6.99013,1.63156,22.0637,1.01021,29.6752,0.42336,0.0018483,0.21168,0.0018483,0.21168,460.486,0,1.02816,0,0,8.01829,6.99013,1.028160,1,0,227.763,0,0,0,227.763,0
72.29,2.56863,0,0,6.47341,0.280212,3.62456,3.6288,61.308,0.350946,0,0,2.10535,0.210832,1.54357,0.66528,12.849,1,0.456555,3.62456,0,239.609,4.37735,238.399,0.84672,12.849,0.84672,3695.15,0,0.0036966,1.05802e-05,4.48692,1.632,13.9875,1.04456,19.0618,0.42336,0.0018483,0.21168,0.0018483,0.21168,460.486,0,1.02816,0,0,5.51508,4.48692,1.028160,1,0,259.005,0,0,0,259.005,0
72.29,2.53391,0,0,5.34003,0.226855,2.57926,3.6288,61.308,0.330602,0,0,1.41487,0.232682,0.851586,0.66528,12.849,1,0.450383,2.57926,0,172.855,4.46917,170.515,0.84672,12.849,0.84672,3695.15,0,0.0036966,9.9669e-06,3.42182,1.63244,10.3207,1.11707,14.2578,0.42336,0.0018483,0.21168,0.0018483,0.21168,460.486,0,1.02816,0,0,4.44998,3.42182,1.028160,1,0,185.624,0,0,0,185.624,0
72.29,2.53459,0,0,4.41217,0.232119,1.64546,3.6288,61.308,0.330967,0,0,1.13807,0.192799,0.614303,0.66528,12.849,1,0.450504,1.64546,0,112.437,4.21218,109.419,0.84672,12.849,0.84672,3695.15,0,0.0036966,9.97791e-06,2.51962,1.60906,6.76676,1.04779,9.84764,0.42336,0.0018483,0.21168,0.0018483,0.21168,460.486,0,1.02816,0,0,3.54778,2.51962,1.028160,1,0,119.881,0,0,0,119.881,0
72.29,2.53527,0,0,4.10693,0.232119,1.33954,3.6288,61.308,0.331332,0,0,1.06813,0.192799,0.543997,0.66528,12.849,1,0.450626,1.33954,0,102.389,4.21218,99.0659,0.84672,12.849,0.84672,3695.15,0,0.0036966,9.98893e-06,2.15482,1.60949,6.05387,1.04779,8.77038,0.42336,0.0018483,0.21168,0.0018483,0.21168,460.486,0,1.02816,0,0,3.18298,2.15482,1.028160,1,0,108.38,0,0,0,108.38,0
72.29,2.53595,0,0,3.75613,0.205111,1.01506,3.6288,61.308,0.331697,0,0,0.981988,0.213112,0.437178,0.66528,12.849,1,0.450747,1.01506,0,92.0799,4.48806,88.1562,0.84672,12.849,0.84672,3695.15,0,0.0036966,9.99994e-06,2.01623,1.60992,5.475,1.06787,8.03327,0.42336,0.0018483,0.21168,0.0018483,0.21168,460.486,0,1.02816,0,0,3.04439,2.01623,1.028160,1,0,96.6266,0,0,0,96.6266,0
72.29,2.65697,0,0,3.61462,0.194356,0.7633,3.6288,61.308,0.405602,0,0,0.958504,0.228189,0.324714,0.66528,12.849,1,0.472256,0.7633,0,80.6734,4.33932,76.6251,0.84672,12.849,0.84672,3695.15,0,0.0036966,1.2228e-05,2.05131,1.61035,5.93616,1.01506,8.58275,0.42336,0.0018483,0.21168,0.0018483,0.21168,460.486,0,1.02816,0,0,3.07947,2.05131,1.028160,1,0,85.5326,0,0,0,85.5326,0
72.29,2.65768,0,0,3.83857,0.168591,1.0123,3.6288,61.308,0.405987,0,0,0.892037,0.275534,0.210515,0.66528,12.849,1,0.472382,1.0123,0,90.447,4.86684,86.1201,0.84672,12.849,0.84672,3695.15,0,0.0036966,1.22396e-05,1.51195,1.69416,5.57666,1.11448,7.66828,0.42336,0.0018483,0.21168,0.0018483,0.21168,460.486,0,1.02816,0,0,2.54011,1.51195,1.028160,1,0,93.9989,0,0,0,93.9989,0
72.29,2.65839,0,0,3.61152,0.149016,0.80411,3.6288,61.308,0.406373,0,0,0.871258,0.282645,0.18224,0.66528,12.849,1,0.472509,0.80411,0,89.6901,4.89802,85.1237,0.84672,12.849,0.84672,3695.15,0,0.0036966,1.22512e-05,1.26331,1.69462,5.27506,1.12429,7.10869,0.42336,0.0018483,0.21168,0.0018483,0.21168,460.486,0,1.02816,0,0,2.29147,1.26331,1.028160,1,0,92.4146,0,0,0,92.4146,0
72.29,2.65911,0,0,3.34652,0.122048,0.565367,3.6288,61.308,0.406758,0,0,0.79933,0.275394,0.117178,0.66528,12.849,1,0.472636,0.565367,0,85.879,4.95873,81.013,0.84672,12.849,0.84672,3695.15,0,0.0036966,1.22628e-05,1.01931,1.69507,4.90418,1.10267,6.51588,0.42336,0.0018483,0.21168,0.0018483,0.21168,460.486,0,1.02816,0,0,2.04747,1.01931,1.028160,1,0,87.6461,0,0,0,87.6461,0
72.29,2.65982,0,0,3.16846,0.122048,0.386591,3.6288,61.308,0.407143,0,0,0.808661,0.275394,0.126123,0.66528,12.849,1,0.472763,0.386591,0,72.8136,4.95873,67.7687,0.84672,12.849,0.84672,3695.15,0,0.0036966,1.22745e-05,1.26483,1.69553,4.45659,1.10267,6.31426,0.42336,0.0018483,0.21168,0.0018483,0.21168,460.486,0,1.02816,0,0,2.29299,1.26483,1.028160,1,0,74.2091,0,0,0,74.2091,0
72.2256,2.63671,0,0,3.06456,0.129359,0.36288,3.6288,61.308,0.448001,0,0,0.846202,0.265307,0.132894,0.66528,12.849,1,0.468655,0.36288,0,63.5393,5.09823,58.3353,0.84672,12.849,0.84672,3695.15,0,0.0036966,1.35062e-05,1.07823,1.69598,4.5368,1.16422,6.14678,0.42336,0.0018483,0.21168,0.0018483,0.21168,460.486,0,1.02816,0,0,2.10639,1.07823,1.028160,1,0,64.615,0,0,0,64.615,0
71.9931,2.63706,0,0,2.88534,0.117858,0.36288,3.6288,61.308,0.448398,0,0,0.833112,0.281319,0.103395,0.66528,12.849,1,0.469136,0.36288,0,57.3697,5.22817,52.0353,0.84672,12.849,0.84672,3695.15,0,0.0036966,1.35182e-05,0.917698,1.72245,4.55081,1.28849,5.90246,0.42336,0.0018483,0.21168,0.0018483,0.21168,460.486,0,1.02816,0,0,1.94586,0.917698,1.028160,1,0,58.0411,0,0,0,58.0411,0
71.6276,2.63648,0,0,2.73877,0.104983,0.36288,3.6288,61.308,0.448794,0,0,0.80498,0.299003,0.0571826,0.66528,12.849,1,0.470547,0.36288,0,53.5914,5.24716,48.2366,0.84672,12.849,0.84672,3695.15,0,0.0036966,1.35302e-05,0.851196,1.72291,4.58505,1.34707,5.81207,0.42336,0.0018483,0.21168,0.0018483,0.21168,460.486,0,1.02816,0,0,1.87936,0.851196,1.028160,1,0,54.1058,0,0,0,54.1058,0
71.0953,2.63515,0,0,2.5705,0.104691,0.36288,3.6288,61.2682,0.449191,0,0,0.70842,0.299003,0,0.66528,12.849,1,0.47271,0.36288,0,48.9669,5.24716,43.6099,0.84672,12.849,0.84672,3695.15,0,0.0036966,1.35421e-05,0.781678,1.72338,4.35131,1.34707,5.50928,0.42336,0.0018483,0.21168,0.0018483,0.21168,460.486,0,1.02816,0,0,1.80984,0.781678,1.028160,1,0,49.1192,0,0,0,49.1192,0
70.4568,2.69431,0,0,2.52025,0.101617,0.36288,3.6288,61.2466,0.485696,0,0,0.765798,0.3017,0,0.66528,12.849,1,0.48694,0.36288,0,46.0417,5.30936,40.6083,0.84672,12.849,0.84672,3695.15,0,0.0036966,1.46522e-05,0.690915,1.72384,4.13943,1.35562,5.19855,0.42336,0.0018483,0.21168,0.0018483,0.21168,460.486,0,1.02816,0,0,1.71907,0.690915,1.028160,1,0,45.8068,0,0,0,45.8068,0
69.8897,2.6913,0,0,2.57239,0.0853032,0.36288,3.6288,61.308,0.486103,0,0,0.886429,0.31829,0.0206633,0.66528,12.849,1,0.490804,0.36288,0,57.3435,5.6825,51.5331,0.84672,12.849,0.84672,3695.15,0,0.0036966,1.46696e-05,0.678897,1.7658,4.09825,1.4069,5.13603,0.42336,0.0018483,0.21168,0.0018483,0.21168,460.486,0,1.02816,0,0,1.70706,0.678897,1.028160,1,0,56.6898,0,0,0,56.6898,0
69.1524,2.68866,0,0,2.39913,0.084931,0.36288,3.6288,61.2882,0.486509,0,0,0.785143,0.318413,0,0.66528,12.849,1,0.494301,0.36288,0,45.3642,5.6825,39.5503,0.84672,12.849,0.84672,3695.15,0,0.0036966,1.46672e-05,0.656925,1.76627,3.74075,1.4069,4.75703,0.42336,0.0018483,0.21168,0.0018483,0.21168,460.486,0,1.02816,0,0,1.68509,0.656925,1.028160,1,0,44.3073,0,0,0,44.3073,0
68.2023,2.68493,0,0,2.18222,0.084447,0.36288,3.6288,61.2204,0.486916,0,0,0.737502,0.318374,0,0.66528,12.849,1,0.498879,0.36288,0,41.7139,5.6825,35.8954,0.84672,12.849,0.84672,3695.15,0,0.0036966,1.46842e-05,0.393206,1.76674,3.42357,1.4069,4.17661,0.42336,0.0018483,0.21168,0.0018483,0.21168,460.486,0,1.02816,0,0,1.42137,0.393206,1.028160,1,0,40.072,0,0,0,40.072,0
67.3755,2.85877,0,0,2.46897,0.0741015,0.36288,3.6288,61.1872,0.617796,0,0,0.896625,0.31205,0,0.66528,12.849,1,0.53858,0.36288,0,42.8977,5.82399,36.898,0.84672,12.849,0.84672,3695.15,0,0.0036966,1.86518e-05,0.894344,1.76722,5.01917,1.44378,6.23693,0.42336,0.0018483,0.21168,0.0018483,0.21168,460.486,0,1.02816,0,0,1.9225,0.894344,1.028160,1,0,43.1349,0,0,0,43.1349,0
66.87,2.85399,0,0,2.78186,0.0705183,0.36288,3.6288,61.2535,0.618238,0,0,1.02724,0.342704,0,0.66528,12.849,1,0.544276,0.36288,0,47.615,6.05341,41.3801,0.84672,12.849,0.84672,3695.15,0,0.0036966,1.86753e-05,0.999423,1.90836,4.1169,1.55846,5.46621,0.42336,0.0018483,0.21168,0.0018483,0.21168,460.486,0,1.02816,0,0,2.02758,0.999423,1.028160,1,0,46.8463,0,0,0,46.8463,0
65.766,2.8513,0,0,2.18223,0.0720415,0.36288,3.6288,61.0476,0.618679,0,0,0.777773,0.364954,0,0.66528,12.849,1,0.547875,0.36288,0,55.1016,6.10837,48.8082,0.84672,12.849,0.84672,3695.15,0,0.0036966,1.86684e-05,0.46103,1.90887,3.02843,1.58837,3.80995,0.42336,0.0018483,0.21168,0.0018483,0.21168,460.486,0,1.02816,0,0,1.48919,0.46103,1.028160,1,0,52.6182,0,0,0,52.6182,0
65.0718,2.84437,0,0,2.58447,0.0714121,0.36288,3.6288,61.2513,0.619121,0,0,1.18726,0.364479,0,0.66528,12.849,1,0.555717,0.36288,0,47.2951,6.10837,40.9939,0.84672,12.849,0.84672,3695.15,0,0.0036966,1.87447e-05,1.21202,1.90938,4.09535,1.58837,5.62837,0.42336,0.0018483,0.21168,0.0018483,0.21168,460.486,0,1.02816,0,0,2.24018,1.21202,1.028160,1,0,46.6223,0,0,0,46.6223,0
63.9535,2.84018,0,0,2.15932,0.0746135,0.36288,3.6288,61.1588,0.619563,0,0,0.871301,0.344273,0,0.66528,12.849,1,0.560818,0.36288,0,43.1593,5.55384,37.4075,0.84672,12.849,0.84672,3695.15,0,0.0036966,1.86957e-05,0.739273,1.9099,4.24295,1.3725,5.51959,0.42336,0.0018483,0.21168,0.0018483,0.21168,460.486,0,1.02816,0,0,1.76743,0.739273,1.028160,1,0,42.9271,0,0,0,42.9271,0
63.008,2.74634,0,0,2.22691,0.0631741,0.36288,3.6288,60.9696,0.540706,0,0,0.678794,0.327265,0,0.66528,12.849,1,0.551772,0.36288,0,33.3044,5.28142,27.8341,0.84672,12.849,0.84672,3695.15,0,0.0036966,1.63409e-05,0.365221,1.91041,4.49413,1.30939,5.46035,0.42336,0.0018483,0.21168,0.0018483,0.21168,460.486,0,1.02816,0,0,1.39338,0.365221,1.028160,1,0,33.2945,0,0,0,33.2945,0
61.7099,2.7402,0,0,1.89847,0.0934654,0.36288,3.6288,60.0247,0.989486,0,0,0.346878,0.3023,0,0.66528,12.849,1,0.558799,0.36288,0,33.7224,4.94996,28.5765,0.84672,12.849,0.84672,3695.15,0,0.0036966,2.99964e-05,0.204422,1.8302,3.54802,1.36605,4.21656,0.42336,0.0018483,0.21168,0.0018483,0.21168,460.486,0,0.579787,0,0,0.78421,0.204422,1.028160,1,0,32.793,0,0,0,32.793,0
60.5382,2.7312,0,0,2.09675,0.174346,0.36288,3.6288,59.4231,0.81109,0,0,0.463418,0.253946,0,0.66528,12.849,1,0.56868,0.36288,0,31.8887,3.75921,27.9237,0.84672,12.849,0.84672,3695.15,0,0.0036966,2.49753e-05,0.216518,1.83069,4.50232,1.08874,5.46077,0.42336,0.0018483,0.21168,0.0018483,0.21168,460.486,0,0.758609,0,0,0.975128,0.216518,1.028160,1,0,33.3844,0,0,0,33.3844,0
59.2404,2.72285,0,0,1.96623,0.178277,0.36288,3.6288,58.8684,0.79805,0,0,0.498359,0.254961,0,0.66528,12.849,1,0.577914,0.36288,0,37.9396,3.79176,33.9328,0.84672,12.849,0.84672,3695.15,0,0.0036966,2.48226e-05,0.216518,1.83118,4.74126,1.10737,5.68156,0.42336,0.0018483,0.21168,0.0018483,0.21168,460.486,0,0.77207,0,0,0.988589,0.216518,1.028160,1,0,39.6144,0,0,0,39.6144,0
58.2461,2.64308,0,0,2.18778,0.176124,0.36288,3.6288,58.5799,0.594308,0,0,0.559817,0.254056,0,0.66528,12.849,1,0.573274,0.36288,0,57.2027,3.79176,53.2005,0.84672,12.849,0.84672,3695.15,0,0.0036966,1.86596e-05,0.216518,1.83167,5.47002,1.10737,6.41082,0.42336,0.0018483,0.21168,0.0018483,0.21168,460.486,0,0.903977,0,0,1.1205,0.216518,1.028160,1,0,59.6113,0,0,0,59.6113,0
57.4111,2.63577,0,0,2.38855,0.224926,0.36288,3.6288,58.541,0.557484,0,0,0.689337,0.170736,0,0.66528,12.849,1,0.581447,0.36288,0,37.6472,4.23538,33.1933,0.84672,12.849,0.84672,3695.15,0,0.0036966,1.75896e-05,0.216518,1.76035,6.82404,0.938186,7.8627,0.42336,0.0018483,0.21168,0.0018483,0.21168,460.486,0,0.941204,0,0,1.15772,0.216518,1.028160,1,0,41.056,0,0,0,41.056,0
56.1361,2.62956,0,0,1.9405,0.223099,0.36288,3.6288,58.7413,0.470933,0,0,0.841942,0.170693,0,0.66528,12.849,1,0.588515,0.36288,0,34.0445,4.23538,29.5835,0.84672,12.849,0.84672,3695.15,0,0.0036966,1.48686e-05,0.810251,1.76082,6.2026,0.938186,7.83547,0.42336,0.0018483,0.21168,0.0018483,0.21168,460.486,0,1.02816,0,0,1.83841,0.810251,1.028160,1,0,37.419,0,0,0,37.419,0
54.6659,2.61939,0,0,1.76035,0.248236,0.36288,3.6288,58.6321,0.552092,0,0,0.623966,0.181093,0,0.66528,12.849,1,0.599552,0.36288,0,33.3939,4.40936,28.7478,0.84672,12.849,0.84672,3695.15,0,0.0036966,1.73716e-05,0.292723,1.76129,7.30901,0.978801,8.38421,0.42336,0.0018483,0.21168,0.0018483,0.21168,460.486,0,0.9474,0,0,1.24012,0.292723,1.028160,1,0,37.132,0,0,0,37.132,0
57.5175,2.41069,0,0,5.90643,0.281304,0.36288,3.6288,59.0346,0.32108,0,0,0.918168,0.19453,0,0.66528,12.849,1,0.566623,0.36288,0,120.538,4.64132,115.692,0.84672,12.849,0.84672,3695.15,0,0.0036966,1.01216e-05,1.25904,1.76177,11.4599,1.03296,13.4478,0.42336,0.0018483,0.21168,0.0018483,0.21168,460.486,0,1.02816,0,0,2.2872,1.25904,1.028160,1,0,129.14,0,0,0,129.14,0
58.1931,2.43431,0,0,3.74593,0.273108,0.36288,3.6288,59.7681,0.321442,0,0,1.25353,0.19863,0,0.66528,12.849,1,0.543807,0.36288,0,96.106,4.53872,91.3864,0.84672,12.849,0.84672,3695.15,0,0.0036966,1.00639e-05,1.51171,1.60039,10.5622,1.15361,12.5207,0.42336,0.0018483,0.21168,0.0018483,0.21168,460.486,0,1.02816,0,0,2.53987,1.51171,1.028160,1,0,103.907,0,0,0,103.907,0
58.9911,2.44013,0,0,3.86935,0.268361,0.36288,3.6288,60.959,0.321804,0,0,1.71372,0.201011,0,0.66528,12.849,1,0.53878,0.36288,0,125.041,4.49768,120.367,0.84672,12.849,0.84672,3695.15,0,0.0036966,9.95162e-06,2.21206,1.60082,12.7162,1.20187,15.3272,0.42336,0.0018483,0.21168,0.0018483,0.21168,460.486,0,1.02816,0,0,3.24022,2.21206,1.028160,1,0,135.694,0,0,0,135.694,0
60.3327,2.44677,0,0,4.42168,0.270445,0.36288,3.6288,61.308,0.322165,0,0,2.34155,0.202539,1.46785,0.66528,12.849,1,0.532938,0.36288,0,102.819,4.49768,98.1517,0.84672,12.849,0.84672,3695.15,0,0.0036966,9.76818e-06,2.08186,1.60125,15.3108,1.20187,17.792,0.42336,0.0018483,0.21168,0.0018483,0.21168,460.486,0,1.02816,0,0,3.11002,2.08186,1.028160,1,0,117.412,0,0,0,117.412,0
62.1446,2.4572,0,0,4.93177,0.299747,0.36288,3.6288,61.308,0.322527,0,0,1.85652,0.193453,1.34054,0.66528,12.849,1,0.523309,0.36288,0,146.825,4.12304,142.541,0.84672,12.849,0.84672,3695.15,0,0.0036966,9.72348e-06,1.79772,1.60168,13.3305,1.12576,15.6041,0.42336,0.0018483,0.21168,0.0018483,0.21168,460.486,0,1.02816,0,0,2.82588,1.79772,1.028160,1,0,159.486,0,0,0,159.486,0
66.6302,2.46985,0,0,7.63093,0.312622,0.36288,3.6288,61.308,0.322527,0,0,3.2907,0.190402,2.77777,0.66528,12.849,1,0.510665,0.36288,0,191.331,3.72379,187.459,0.84672,12.849,0.84672,3695.15,0,0.0036966,9.72348e-06,3.46175,1.60211,21.327,1.04774,25.3431,0.42336,0.0018483,0.21168,0.0018483,0.21168,460.486,0,1.02816,0,0,4.48991,3.46175,1.028160,1,0,215.58,0,0,0,215.58,0
68.0891,2.57762,0,0,4.69426,0.294847,0.36288,3.6288,61.308,0.366563,0,0,1.24069,0.200651,0.673472,0.66528,12.849,1,0.49707,0.36288,0,102.661,3.42814,99.099,0.84672,12.849,0.84672,3695.15,0,0.0036966,1.10511e-05,1.21084,1.60211,7.65736,0.995379,9.47493,0.42336,0.0018483,0.21168,0.0018483,0.21168,460.486,0,1.02816,0,0,2.239,1.21084,1.028160,1,0,109.247,0,0,0,109.247,0
69.7617,2.58725,0,0,4.92095,0.298257,0.36288,3.6288,61.308,0.366921,0,0,1.60366,0.200651,1.03609,0.66528,12.849,1,0.488236,0.36288,0,87.5197,3.42814,83.9662,0.84672,12.849,0.84672,3695.15,0,0.0036966,1.10619e-05,1.59335,1.65378,9.88131,0.995379,12.133,0.42336,0.0018483,0.21168,0.0018483,0.21168,460.486,0,1.02816,0,0,2.62151,1.59335,1.028160,1,0,97.1354,0,0,0,97.1354,0
72.0887,2.5978,0,0,5.5899,0.302167,0.36288,3.6288,61.308,0.367279,0,0,1.39167,0.200651,0.82374,0.66528,12.849,1,0.478474,0.36288,0,50.2936,3.42814,46.7499,0.84672,12.849,0.84672,3695.15,0,0.0036966,1.10727e-05,1.50279,1.65421,8.7188,0.995379,10.8804,0.42336,0.0018483,0.21168,0.0018483,0.21168,460.486,0,1.02816,0,0,2.53095,1.50279,1.028160,1,0,58.454,0,0,0,58.454,0
72.29,2.61158,0,0,7.72278,0.321554,4.58836,3.6288,61.308,0.367637,0,0,1.39787,0.21813,0.812107,0.66528,12.849,1,0.465485,4.58836,0,140.373,3.55567,140.94,0.84672,12.849,0.84672,3695.15,0,0.0036966,1.10835e-05,1.62455,1.65463,12.3218,1.03989,14.561,0.42336,0.0018483,0.21168,0.0018483,0.21168,460.486,0,1.02816,0,0,2.65271,1.62455,1.028160,1,0,156.314,0,0,0,156.314,0
72.29,2.86825,0,0,5.08872,0.25656,1.96391,3.6288,61.308,0.53215,0,0,1.53109,0.198258,0.800677,0.66528,12.849,1,0.50981,1.96391,0,103.676,3.37203,101.758,0.84672,12.849,0.84672,3695.15,0,0.0036966,1.60431e-05,1.28676,1.65506,8.28239,1.03717,10.187,0.42336,0.0018483,0.21168,0.0018483,0.21168,460.486,0,1.02816,0,0,2.31492,1.28676,1.028160,1,0,112.745,0,0,0,112.745,0
72.29,2.86899,0,0,6.03264,0.239825,2.92383,3.6288,61.308,0.532551,0,0,1.07733,0.187663,0.357116,0.66528,12.849,1,0.509941,2.92383,0,144.366,3.28829,143.491,0.84672,12.849,0.84672,3695.15,0,0.0036966,1.60552e-05,1.65077,1.83857,8.21379,1.01817,10.6849,0.42336,0.0018483,0.21168,0.0018483,0.21168,460.486,0,1.02816,0,0,2.67893,1.65077,1.028160,1,0,154.533,0,0,0,154.533,0
72.29,2.86972,0,0,5.48466,0.300587,2.31435,3.6288,61.308,0.532951,0,0,1.12552,0.175001,0.417572,0.66528,12.849,1,0.510072,2.31435,0,123.019,3.40374,121.419,0.84672,12.849,0.84672,3695.15,0,0.0036966,1.60673e-05,2.40166,1.83904,7.83432,0.971648,11.1034,0.42336,0.0018483,0.21168,0.0018483,0.21168,460.486,0,1.02816,0,0,3.42982,2.40166,1.028160,1,0,132.94,0,0,0,132.94,0
72.29,2.87046,0,0,8.51343,0.325977,5.317,3.6288,61.308,0.533352,0,0,0.916065,0.209291,0.173422,0.66528,12.849,1,0.510203,5.317,0,169.29,3.30939,170.788,0.84672,12.849,0.84672,3695.15,0,0.0036966,1.60794e-05,1.32551,1.83951,8.27418,1.02304,10.4162,0.42336,0.0018483,0.21168,0.0018483,0.21168,460.486,0,1.02816,0,0,2.35367,1.32551,1.028160,1,0,181.377,0,0,0,181.377,0
72.29,2.50725,0,0,5.4792,0.313104,2.65884,3.6288,61.308,0.313229,0,0,0.857218,0.165223,0.378766,0.66528,12.849,1,0.445645,2.65884,0,83.8705,3.19842,82.8852,0.84672,12.849,0.84672,3695.15,0,0.0036966,9.44315e-06,1.16115,1.83999,11.0034,0.850492,13.154,0.42336,0.0018483,0.21168,0.0018483,0.21168,460.486,0,1.02816,0,0,2.18931,1.16115,1.028160,1,0,96.418,0,0,0,96.418,0
72.29,2.5079,0,0,5.30497,0.310959,2.48611,3.6288,61.308,0.313573,0,0,0.879803,0.157878,0.408351,0.66528,12.849,1,0.44576,2.48611,0,108.806,3.17992,107.667,0.84672,12.849,0.84672,3695.15,0,0.0036966,9.45352e-06,0.739256,1.58975,9.54495,0.821734,11.0522,0.42336,0.0018483,0.21168,0.0018483,0.21168,460.486,0,1.02816,0,0,1.76742,0.739256,1.028160,1,0,119.127,0,0,0,119.127,0
72.29,2.50854,0,0,3.76444,0.310959,0.94494,3.6288,61.308,0.313917,0,0,1.48494,0.157878,1.01314,0.66528,12.849,1,0.445874,0.94494,0,88.452,3.17992,85.7711,0.84672,12.849,0.84672,3695.15,0,0.0036966,9.4639e-06,0.686413,1.59016,6.93922,0.821734,8.39404,0.42336,0.0018483,0.21168,0.0018483,0.21168,460.486,0,1.02816,0,0,1.71457,0.686413,1.028160,1,0,95.1783,0,0,0,95.1783,0
72.29,2.50918,0,0,5.4409,0.287489,2.64423,3.6288,61.308,0.314261,0,0,1.87557,0.162038,1.39927,0.66528,12.849,1,0.445988,2.64423,0,116.202,3.241,115.159,0.84672,12.849,0.84672,3695.15,0,0.0036966,9.47428e-06,1.06399,1.59057,9.27305,0.831764,11.0958,0.42336,0.0018483,0.21168,0.0018483,0.21168,460.486,0,1.02816,0,0,2.09215,1.06399,1.028160,1,0,127.654,0,0,0,127.654,0
72.29,2.50983,0,0,5.83923,0.307735,3.02167,3.6288,61.308,0.314606,0,0,1.51305,0.162517,1.03592,0.66528,12.849,1,0.446103,3.02167,0,118.404,3.27336,117.706,0.84672,12.849,0.84672,3695.15,0,0.0036966,9.48466e-06,0.704091,1.59097,10.5075,0.856939,11.9457,0.42336,0.0018483,0.21168,0.0018483,0.21168,460.486,0,1.02816,0,0,1.73225,0.704091,1.028160,1,0,130.688,0,0,0,130.688,0
72.29,2.6022,0,0,7.72831,0.3582,4.76791,3.6288,61.308,0.368967,0,0,1.71437,0.158998,1.18641,0.66528,12.849,1,0.462521,4.76791,0,178.161,3.25542,179.211,0.84672,12.849,0.84672,3695.15,0,0.0036966,1.11235e-05,1.89683,1.59138,13.7621,0.880476,16.3699,0.42336,0.0018483,0.21168,0.0018483,0.21168,460.486,0,1.02816,0,0,2.92499,1.89683,1.028160,1,0,196.767,0,0,0,196.767,0
72.29,2.60287,0,0,6.7158,0.3582,3.75474,3.6288,61.308,0.369326,0,0,1.3935,0.158998,0.865179,0.66528,12.849,1,0.46264,3.75474,0,147.449,3.25542,147.486,0.84672,12.849,0.84672,3695.15,0,0.0036966,1.11343e-05,1.27229,1.65377,10.8648,0.880476,12.9104,0.42336,0.0018483,0.21168,0.0018483,0.21168,460.486,0,1.02816,0,0,2.30045,1.27229,1.028160,1,0,161.262,0,0,0,161.262,0
72.29,2.60353,0,0,5.39791,0.328022,2.46635,3.6288,61.308,0.369684,0,0,1.00617,0.155668,0.48082,0.66528,12.849,1,0.462758,2.46635,0,118.234,3.45312,116.785,0.84672,12.849,0.84672,3695.15,0,0.0036966,1.11451e-05,0.769608,1.65419,7.28447,0.893332,8.81493,0.42336,0.0018483,0.21168,0.0018483,0.21168,460.486,0,1.02816,0,0,1.79777,0.769608,1.028160,1,0,126.08,0,0,0,126.08,0
72.29,2.6042,0,0,4.72319,0.301106,1.81789,3.6288,61.308,0.370042,0,0,0.953208,0.160159,0.423007,0.66528,12.849,1,0.462877,1.81789,0,111.936,3.62433,109.666,0.84672,12.849,0.84672,3695.15,0,0.0036966,1.11559e-05,0.63161,1.65462,6.71594,0.915662,8.0865,0.42336,0.0018483,0.21168,0.0018483,0.21168,460.486,0,1.02816,0,0,1.65977,0.63161,1.028160,1,0,118.176,0,0,0,118.176,0
72.29,2.56897,0,0,4.33857,0.275414,1.49419,3.6288,61.308,0.349399,0,0,0.924929,0.202087,0.373443,0.66528,12.849,1,0.456614,1.49419,0,87.162,3.76194,84.4377,0.84672,12.849,0.84672,3695.15,0,0.0036966,1.05336e-05,1.02538,1.65504,7.0702,0.991793,8.75882,0.42336,0.0018483,0.21168,0.0018483,0.21168,460.486,0,1.02816,0,0,2.05354,1.02538,1.028160,1,0,93.5699,0,0,0,93.5699,0
72.29,2.56962,0,0,3.7367,0.275414,0.891658,3.6288,61.308,0.377097,0,0,0.67481,0.202087,0.0956262,0.66528,12.849,1,0.456731,0.891658,0,79.3999,3.76194,76.0729,0.84672,12.849,0.84672,3695.15,0,0.0036966,1.13686e-05,0.528595,1.63132,5.43433,0.991793,6.60243,0.42336,0.0018483,0.21168,0.0018483,0.21168,460.486,0,1.00081,0,0,1.52941,0.528595,1.028160,1,0,82.7709,0,0,0,82.7709,0
72.29,2.57028,0,0,4.25536,0.275414,1.40967,3.6288,61.308,0.350105,0,0,0.726512,0.202087,0.17432,0.66528,12.849,1,0.456848,1.40967,0,77.8948,3.76194,75.0857,0.84672,12.849,0.84672,3695.15,0,0.0036966,1.05549e-05,0.52024,1.63173,6.14717,0.991793,7.30734,0.42336,0.0018483,0.21168,0.0018483,0.21168,460.486,0,1.02816,0,0,1.5484,0.52024,1.028160,1,0,82.5673,0,0,0,82.5673,0
72.29,2.57094,0,0,3.59129,0.266835,0.753517,3.6288,61.308,0.350459,0,0,0.664546,0.198988,0.115099,0.66528,12.849,1,0.456965,0.753517,0,82.3556,3.61155,79.0406,0.84672,12.849,0.84672,3695.15,0,0.0036966,1.05655e-05,0.483339,1.63215,6.23513,0.975677,7.37494,0.42336,0.0018483,0.21168,0.0018483,0.21168,460.486,0,1.02816,0,0,1.5115,0.483339,1.028160,1,0,86.5307,0,0,0,86.5307,0
72.29,2.69359,0,0,3.94374,0.22471,1.02544,3.6288,61.308,0.425365,0,0,0.768087,0.184072,0.158651,0.66528,12.849,1,0.478765,1.02544,0,72.436,3.73698,69.2457,0.84672,12.849,0.84672,3695.15,0,0.0036966,1.28238e-05,0.540812,1.63257,5.59711,0.922264,6.84822,0.42336,0.0018483,0.21168,0.0018483,0.21168,460.486,0,1.02816,0,0,1.56897,0.540812,1.028160,1,0,76.2526,0,0,0,76.2526,0
72.29,2.69428,0,0,3.48598,0.212435,0.579266,3.6288,61.308,0.425737,0,0,0.742332,0.179758,0.136837,0.66528,12.849,1,0.478888,0.579266,0,66.5021,3.86736,62.7351,0.84672,12.849,0.84672,3695.15,0,0.0036966,1.2835e-05,0.517009,1.71752,5.1787,0.909494,6.50371,0.42336,0.0018483,0.21168,0.0018483,0.21168,460.486,0,1.02816,0,0,1.54517,0.517009,1.028160,1,0,69.3757,0,0,0,69.3757,0
72.1143,2.69497,0,0,3.09455,0.212435,0.36288,3.6288,61.308,0.426109,0,0,0.638484,0.179758,0.0326168,0.66528,12.849,1,0.479011,0.36288,0,62.9292,3.86736,58.9457,0.84672,12.849,0.84672,3695.15,0,0.0036966,1.28463e-05,0.409683,1.71796,5.12096,0.909494,6.33909,0.42336,0.0018483,0.21168,0.0018483,0.21168,460.486,0,1.02816,0,0,1.43784,0.409683,1.028160,1,0,65.3174,0,0,0,65.3174,0
71.698,2.69467,0,0,2.84398,0.202664,0.36288,3.6288,61.308,0.426482,0,0,0.621457,0.189636,0.00533948,0.66528,12.849,1,0.480124,0.36288,0,57.6602,4.06299,53.4799,0.84672,12.849,0.84672,3695.15,0,0.0036966,1.28575e-05,0.396446,1.7184,4.97658,0.96288,6.12853,0.42336,0.0018483,0.21168,0.0018483,0.21168,460.486,0,1.02816,0,0,1.42461,0.396446,1.028160,1,0,59.6138,0,0,0,59.6138,0
71.0351,2.69299,0,0,2.56059,0.167622,0.36288,3.6288,61.1957,0.464325,0,0,0.570662,0.218602,0,0.66528,12.849,1,0.482611,0.36288,0,48.6163,4.58078,43.9158,0.84672,12.849,0.84672,3695.15,0,0.0036966,1.39984e-05,0.30119,1.71884,4.38308,1.08253,5.32056,0.42336,0.0018483,0.21168,0.0018483,0.21168,460.486,0,0.990688,0,0,1.29188,0.30119,1.028160,1,0,49.2364,0,0,0,49.2364,0
70.0809,2.66578,0,0,2.22696,0.152506,0.36288,3.6288,61.0511,0.489172,0,0,0.568703,0.224139,0,0.66528,12.849,1,0.482192,0.36288,0,37.3444,4.61906,32.606,0.84672,12.849,0.84672,3695.15,0,0.0036966,1.47745e-05,0.30119,1.71928,3.80369,1.06412,4.76002,0.42336,0.0018483,0.21168,0.0018483,0.21168,460.486,0,1.00724,0,0,1.30843,0.30119,1.028160,1,0,37.3661,0,0,0,37.3661,0
68.9275,2.66091,0,0,2.02173,0.151392,0.36288,3.6288,60.7865,0.577983,0,0,0.53725,0.223934,0,0.66528,12.849,1,0.487865,0.36288,0,36.2344,4.61906,31.4904,0.84672,12.849,0.84672,3695.15,0,0.0036966,1.74982e-05,0.261274,1.74608,3.57541,1.06412,4.51863,0.42336,0.0018483,0.21168,0.0018483,0.21168,460.486,0,0.918812,0,0,1.18009,0.261274,1.028160,1,0,36.009,0,0,0,36.009,0
67.6203,2.65471,0,0,1.85119,0.140766,0.36288,3.6288,60.4256,0.626792,0,0,0.511329,0.245424,0,0.66528,12.849,1,0.494873,0.36288,0,31.9542,4.90135,26.9208,0.84672,12.849,0.84672,3695.15,0,0.0036966,1.90585e-05,0.261274,1.74653,3.47225,1.16716,4.31287,0.42336,0.0018483,0.21168,0.0018483,0.21168,460.486,0,0.870385,0,0,1.13166,0.261274,1.028160,1,0,31.2337,0,0,0,31.2337,0
66.2414,2.64735,0,0,1.74768,0.116376,0.36288,3.6288,59.9564,0.64696,0,0,0.477183,0.299402,0,0.66528,12.849,1,0.50304,0.36288,0,28.4208,5.60711,22.6735,0.84672,12.849,0.84672,3695.15,0,0.0036966,1.97892e-05,0.261274,1.74698,3.31209,1.42478,3.89555,0.42336,0.0018483,0.21168,0.0018483,0.21168,460.486,0,0.850599,0,0,1.11187,0.261274,1.028160,1,0,26.569,0,0,0,26.569,0
65.0268,2.70084,0,0,1.95665,0.107484,0.36288,3.6288,59.5238,0.727144,0,0,0.627542,0.333041,0,0.66528,12.849,1,0.523889,0.36288,0,33.9212,6.11299,27.6472,0.84672,12.849,0.84672,3695.15,0,0.0036966,2.2416e-05,0.261274,1.74743,3.55195,1.55949,4.00114,0.42336,0.0018483,0.21168,0.0018483,0.21168,460.486,0,0.807399,0,0,1.06867,0.261274,1.028160,1,0,31.6483,0,0,0,31.6483,0
63.7185,2.69336,0,0,1.85441,0.106446,0.36288,3.6288,59.1297,0.623376,0,0,0.561425,0.332123,0,0.66528,12.849,1,0.532196,0.36288,0,29.9724,6.11299,23.6901,0.84672,12.849,0.84672,3695.15,0,0.0036966,1.93568e-05,0.261274,1.78993,3.7099,1.55949,4.2016,0.42336,0.0018483,0.21168,0.0018483,0.21168,460.486,0,0.911563,0,0,1.17284,0.261274,1.028160,1,0,27.8917,0,0,0,27.8917,0
62.2989,2.68495,0,0,1.73355,0.105328,0.36288,3.6288,58.627,0.690831,0,0,0.519445,0.331286,0,0.66528,12.849,1,0.541428,0.36288,0,28.4993,6.11299,22.2078,0.84672,12.849,0.84672,3695.15,0,0.0036966,2.15943e-05,0.227405,1.79039,3.2553,1.55949,3.71359,0.42336,0.0018483,0.21168,0.0018483,0.21168,460.486,0,0.8445,0,0,1.0719,0.227405,1.028160,1,0,25.9213,0,0,0,25.9213,0
60.8668,2.67541,0,0,1.71025,0.104114,0.36288,3.6288,58.2398,0.618978,0,0,0.561994,0.330218,0,0.66528,12.849,1,0.551797,0.36288,0,26.4446,6.11299,20.1427,0.84672,12.849,0.84672,3695.15,0,0.0036966,1.95142e-05,0.227405,1.79085,3.6814,1.55949,4.14015,0.42336,0.0018483,0.21168,0.0018483,0.21168,460.486,0,0.916747,0,0,1.14415,0.227405,1.028160,1,0,24.2829,0,0,0,24.2829,0
59.0551,2.84338,0,0,1.48935,0.0948133,0.36288,3.6288,57.4679,0.958612,0,0,0.507801,0.321043,0,0.66528,12.849,1,0.600238,0.36288,0,23.2347,6.28233,16.715,0.84672,12.849,0.84672,3695.15,0,0.0036966,3.04225e-05,0.227405,1.79131,3.70075,1.54582,4.17361,0.42336,0.0018483,0.21168,0.0018483,0.21168,460.486,0,0.70975,0,0,0.937155,0.227405,1.028160,1,0,20.8886,0,0,0,20.8886,0
56.8992,2.82898,0,0,1.13501,0.0990258,0.36288,3.6288,56.3871,1.17539,0,0,0.410819,0.316286,0,0.66528,12.849,1,0.615519,0.36288,0,18.7014,6.2201,12.2286,0.84672,12.849,0.84672,3695.15,0,0.0036966,3.78031e-05,0.227405,1.93435,2.72462,1.49023,3.3961,0.42336,0.0018483,0.21168,0.0018483,0.21168,460.486,0,0.493396,0,0,0.720801,0.227405,1.028160,1,0,15.6247,0,0,0,15.6247,0
54.7396,2.81067,0,0,1.11094,0.0969655,0.36288,3.6288,55.2638,1.19332,0,0,0.384105,0.314071,0,0.66528,12.849,1,0.634706,0.36288,0,17.0656,6.2201,10.5736,0.84672,12.849,0.84672,3695.15,0,0.0036966,3.91157e-05,0.204422,1.93485,2.73466,1.49023,3.38366,0.42336,0.0018483,0.21168,0.0018483,0.21168,460.486,0,0.475883,0,0,0.680305,0.204422,1.028160,1,0,13.9573,0,0,0,13.9573,0
53.1048,2.7911,0,0,1.61404,0.0949017,0.36288,3.6288,54.3205,1.07285,0,0,0.441351,0.311769,0,0.66528,12.849,1,0.655153,0.36288,0,19.4367,6.2201,12.9243,0.84672,12.849,0.84672,3695.15,0,0.0036966,3.58814e-05,0.204422,1.93534,3.032,1.49023,3.6815,0.42336,0.0018483,0.21168,0.0018483,0.21168,460.486,0,0.596791,0,0,0.801213,0.204422,1.028160,1,0,16.6058,0,0,0,16.6058,0
51.9328,2.77557,0,0,2.0991,0.132584,0.36288,3.6288,53.8386,0.862862,0,0,0.676735,0.295846,0,0.66528,12.849,1,0.671564,0.36288,0,37.1262,5.6133,31.2042,0.84672,12.849,0.84672,3695.15,0,0.0036966,2.93596e-05,0.204422,1.93584,4.23252,1.39838,4.97437,0.42336,0.0018483,0.21168,0.0018483,0.21168,460.486,0,0.807209,0,0,1.01163,0.204422,1.028160,1,0,36.1786,0,0,0,36.1786,0
50.666,2.67979,0,0,1.92925,0.153412,0.36288,3.6288,54.3985,0.561972,0,0,1.39983,0.277924,0,0.66528,12.849,1,0.663022,0.36288,0,43.2641,4.6158,38.3482,0.84672,12.849,0.84672,3695.15,0,0.0036966,1.92927e-05,1.23062,1.93633,7.46672,1.23247,9.40119,0.42336,0.0018483,0.21168,0.0018483,0.21168,460.486,0,1.02816,0,0,2.25878,1.23062,1.028160,1,0,47.7494,0,0,0,47.7494,0
49.1749,2.66724,0,0,1.69043,0.151398,0.36288,3.6288,54.4224,0.562379,0,0,0.865253,0.278956,0,0.66528,12.849,1,0.676418,0.36288,0,43.9266,4.6158,38.9973,0.84672,12.849,0.84672,3695.15,0,0.0036966,1.9108e-05,0.606372,1.85501,5.88634,1.23247,7.11524,0.42336,0.0018483,0.21168,0.0018483,0.21168,460.486,0,1.02816,0,0,1.63453,0.606372,1.028160,1,0,46.1125,0,0,0,46.1125,0
47.3865,2.65166,0,0,1.37512,0.149023,0.36288,3.6288,54.2928,0.562786,0,0,0.712169,0.279001,0,0.66528,12.849,1,0.692857,0.36288,0,40.3375,4.6158,35.3917,0.84672,12.849,0.84672,3695.15,0,0.0036966,1.91134e-05,0.24808,1.85549,5.31858,1.23247,6.18966,0.42336,0.0018483,0.21168,0.0018483,0.21168,460.486,0,1.02816,0,0,1.27624,0.24808,1.028160,1,0,41.5814,0,0,0,41.5814,0
46.4551,2.63176,0,0,2.27197,0.208715,0.36288,3.6288,54.5873,0.563193,0,0,1.07845,0.220806,0,0.66528,12.849,1,0.71361,0.36288,0,57.428,3.78528,53.292,0.84672,12.849,0.84672,3695.15,0,0.0036966,1.91729e-05,0.594052,1.85596,7.04589,0.972874,8.52301,0.42336,0.0018483,0.21168,0.0018483,0.21168,460.486,0,1.02816,0,0,1.62221,0.594052,1.028160,1,0,61.815,0,0,0,61.815,0
45.7622,2.55351,0,0,2.45105,0.227553,0.36288,3.6288,55.0417,0.490364,0,0,1.1719,0.227071,0,0.66528,12.849,1,0.706274,0.36288,0,82.324,3.93855,78.042,0.84672,12.849,0.84672,3695.15,0,0.0036966,1.66035e-05,1.65601,1.85643,9.51227,0.960811,12.0639,0.42336,0.0018483,0.21168,0.0018483,0.21168,460.486,0,1.02816,0,0,2.68417,1.65601,1.028160,1,0,90.1059,0,0,0,90.1059,0
44.1975,2.54581,0,0,1.56563,0.221591,0.36288,3.6288,55.0748,0.490753,0,0,0.759837,0.236009,0,0.66528,12.849,1,0.714806,0.36288,0,58.776,4.06791,54.3562,0.84672,12.849,0.84672,3695.15,0,0.0036966,1.64795e-05,0.669799,1.78413,5.95168,0.991249,7.41434,0.42336,0.0018483,0.21168,0.0018483,0.21168,460.486,0,1.02816,0,0,1.69796,0.669799,1.028160,1,0,61.7705,0,0,0,61.7705,0
43.3761,2.52685,0,0,2.28601,0.217713,0.36288,3.6288,55.1268,0.491141,0,0,0.779194,0.23606,0,0.66528,12.849,1,0.734598,0.36288,0,77.5608,4.06791,73.1211,0.84672,12.849,0.84672,3695.15,0,0.0036966,1.64826e-05,0.341073,1.78458,5.87864,0.991249,7.01303,0.42336,0.0018483,0.21168,0.0018483,0.21168,460.486,0,1.02816,0,0,1.36923,0.341073,1.028160,1,0,80.1342,0,0,0,80.1342,0
42.5047,2.51676,0,0,2.24973,0.241509,0.36288,3.6288,55.6102,0.49153,0,0,1.24819,0.273281,0,0.66528,12.849,1,0.745521,0.36288,0,72.7748,4.89438,67.4978,0.84672,12.849,0.84672,3695.15,0,0.0036966,1.64801e-05,1.74918,1.78504,8.74247,1.22432,11.0523,0.42336,0.0018483,0.21168,0.0018483,0.21168,460.486,0,1.02816,0,0,2.77734,1.74918,1.028160,1,0,78.5501,0,0,0,78.5501,0
43.7028,2.31695,0,0,4.09686,0.218916,0.36288,3.6288,56.784,0.339235,0,0,1.73314,0.220087,0,0.66528,12.849,1,0.700406,0.36288,0,157.981,4.06726,153.576,0.84672,12.849,0.84672,3695.15,0,0.0036966,1.12751e-05,2.4245,1.7855,13.6868,0.996652,16.9001,0.42336,0.0018483,0.21168,0.0018483,0.21168,460.486,0,1.02816,0,0,3.45266,2.4245,1.028160,1,0,170.476,0,0,0,170.476,0
45.4722,2.33239,0,0,4.6897,0.224985,0.36288,3.6288,57.8091,0.339584,0,0,1.57219,0.207517,0,0.66528,12.849,1,0.685742,0.36288,0,188.052,4.03235,183.697,0.84672,12.849,0.84672,3695.15,0,0.0036966,1.10534e-05,1.99027,1.62193,12.6219,0.990993,15.2431,0.42336,0.0018483,0.21168,0.0018483,0.21168,460.486,0,1.02816,0,0,3.01843,1.99027,1.028160,1,0,198.94,0,0,0,198.94,0
47.3942,2.3538,0,0,4.87701,0.238361,0.36288,3.6288,59.5926,0.339934,0,0,2.34496,0.2215,0,0.66528,12.849,1,0.665108,0.36288,0,159.445,4.30784,154.835,0.84672,12.849,0.84672,3695.15,0,0.0036966,1.08685e-05,2.96327,1.62234,16.7685,1.06868,20.2854,0.42336,0.0018483,0.21168,0.0018483,0.21168,460.486,0,1.02816,0,0,3.99143,2.96327,1.028160,1,0,175.121,0,0,0,175.121,0
48.4431,2.37563,0,0,4.0309,0.243501,0.36288,3.6288,60.6536,0.340284,0,0,1.62537,0.224054,0,0.66528,12.849,1,0.644054,0.36288,0,154.739,4.30784,150.15,0.84672,12.849,0.84672,3695.15,0,0.0036966,1.05541e-05,2.09326,1.62276,14.4823,1.07001,17.1283,0.42336,0.0018483,0.21168,0.0018483,0.21168,460.486,0,1.02816,0,0,3.12142,2.09326,1.028160,1,0,167.278,0,0,0,167.278,0
50.2734,2.38726,0,0,4.82354,0.243112,0.36288,3.6288,61.308,0.340634,0,0,2.60902,0.223106,1.39089,0.66528,12.849,1,0.633194,0.36288,0,179.866,4.43952,175.156,0.84672,12.849,0.84672,3695.15,0,0.0036966,1.03801e-05,2.44593,1.62317,18.3772,1.08813,21.3582,0.42336,0.0018483,0.21168,0.0018483,0.21168,460.486,0,1.02816,0,0,3.47409,2.44593,1.028160,1,0,197.905,0,0,0,197.905,0
49.3857,2.4816,0,0,2.22518,0.268428,0.36288,3.6288,61.308,0.385243,0,0,1.40861,0.203904,0.819467,0.66528,12.849,1,0.634254,0.36288,0,45.9403,3.59976,42.0691,0.84672,12.849,0.84672,3695.15,0,0.0036966,1.16142e-05,0.929163,1.62359,8.37121,0.994207,9.92974,0.42336,0.0018483,0.21168,0.0018483,0.21168,460.486,0,1.02816,0,0,1.95732,0.929163,1.028160,1,0,52.8183,0,0,0,52.8183,0
49.7366,2.47316,0,0,3.43911,0.252099,0.36288,3.6288,61.308,0.385589,0,0,1.65593,0.174043,1.0963,0.66528,12.849,1,0.643458,0.36288,0,95.0417,2.96782,91.7933,0.84672,12.849,0.84672,3695.15,0,0.0036966,1.16246e-05,0.927245,1.67593,9.51532,0.825538,11.2929,0.42336,0.0018483,0.21168,0.0018483,0.21168,460.486,0,1.02816,0,0,1.9554,0.927245,1.028160,1,0,104.183,0,0,0,104.183,0
49.3818,2.47737,0,0,2.73841,0.253043,0.36288,3.6288,61.308,0.385934,0,0,1.33986,0.174043,0.77988,0.66528,12.849,1,0.640006,0.36288,0,73.0502,2.96782,69.8053,0.84672,12.849,0.84672,3695.15,0,0.0036966,1.16351e-05,0.531161,1.67634,7.16844,0.825538,8.55039,0.42336,0.0018483,0.21168,0.0018483,0.21168,460.486,0,1.02816,0,0,1.55932,0.531161,1.028160,1,0,79.1356,0,0,0,79.1356,0
48.4392,2.47433,0,0,2.14671,0.252088,0.36288,3.6288,61.308,0.54081,0,0,1.19566,0.174043,0.480811,0.66528,12.849,1,0.643813,0.36288,0,41.8424,2.96782,38.5936,0.84672,12.849,0.84672,3695.15,0,0.0036966,1.63042e-05,0.503194,1.67675,5.98386,0.825538,7.33825,0.42336,0.0018483,0.21168,0.0018483,0.21168,460.486,0,0.873625,0,0,1.37682,0.503194,1.028160,1,0,46.4127,0,0,0,46.4127,0
47.3285,2.70546,0,0,2.22104,0.263402,0.36288,3.6288,61.308,0.552971,0,0,1.07213,0.171648,0.34751,0.66528,12.849,1,0.717651,0.36288,0,44.7371,2.9247,41.4577,0.84672,12.849,0.84672,3695.15,0,0.0036966,1.66708e-05,1.18321,1.67716,5.66801,0.87033,7.65804,0.42336,0.0018483,0.21168,0.0018483,0.21168,460.486,0,1.02816,0,0,2.21137,1.18321,1.028160,1,0,49.4632,0,0,0,49.4632,0
46.7404,2.69287,0,0,2.7334,0.265706,0.36288,3.6288,61.308,0.553357,0,0,1.04115,0.17069,0.317107,0.66528,12.849,1,0.731075,0.36288,0,66.8461,2.90745,63.5705,0.84672,12.849,0.84672,3695.15,0,0.0036966,1.66825e-05,1.62163,1.8631,6.11409,0.888247,8.71056,0.42336,0.0018483,0.21168,0.0018483,0.21168,460.486,0,1.02816,0,0,2.64979,1.62163,1.028160,1,0,72.5981,0,0,0,72.5981,0
46.1709,2.68631,0,0,2.74368,0.263988,0.36288,3.6288,61.308,0.553744,0,0,1.15416,0.17069,0.429723,0.66528,12.849,1,0.73847,0.36288,0,61.8376,2.90745,58.5546,0.84672,12.849,0.84672,3695.15,0,0.0036966,1.66941e-05,1.70143,1.86356,6.4416,0.888247,9.11832,0.42336,0.0018483,0.21168,0.0018483,0.21168,460.486,0,1.02816,0,0,2.72959,1.70143,1.028160,1,0,68.1026,0,0,0,68.1026,0
45.8387,2.67984,0,0,2.96519,0.254729,0.36288,3.6288,61.308,0.554131,0,0,1.37887,0.184744,0.639992,0.66528,12.849,1,0.745778,0.36288,0,67.7558,3.32697,64.046,0.84672,12.849,0.84672,3695.15,0,0.0036966,1.67058e-05,1.72277,1.86402,9.51361,0.995332,12.105,0.42336,0.0018483,0.21168,0.0018483,0.21168,460.486,0,1.02816,0,0,2.75093,1.72277,1.028160,1,0,76.791,0,0,0,76.791,0
49.6877,2.33704,0,0,6.8087,0.259711,0.36288,3.6288,61.308,0.331062,0,0,5.83407,0.164501,5.33851,0.66528,12.849,1,0.655093,0.36288,0,120.442,3.07751,117.072,0.84672,12.849,0.84672,3695.15,0,0.0036966,9.98078e-06,5.62473,1.86447,17.54,0.887083,24.1421,0.42336,0.0018483,0.21168,0.0018483,0.21168,460.486,0,1.02816,0,0,6.65289,5.62473,1.028160,1,0,146.552,0,0,0,146.552,0
52.3358,2.37794,0,0,5.66928,0.280409,0.36288,3.6288,61.308,0.331394,0,0,6.70185,0.153658,6.2168,0.66528,12.849,1,0.614924,0.36288,0,120.538,2.70469,117.581,0.84672,12.849,0.84672,3695.15,0,0.0036966,9.99079e-06,7.35863,1.61089,13.5969,0.816355,21.75,0.42336,0.0018483,0.21168,0.0018483,0.21168,460.486,0,1.02816,0,0,8.38679,7.35863,1.028160,1,0,145.548,0,0,0,145.548,0
56.1085,2.40351,0,0,6.82741,0.288288,0.36288,3.6288,61.308,0.331726,0,0,6.44841,0.153658,5.96303,0.66528,12.849,1,0.590088,0.36288,0,125.489,2.70469,122.557,0.84672,12.849,0.84672,3695.15,0,0.0036966,1.00008e-05,6.04304,1.61128,16.7642,0.816355,23.6021,0.42336,0.0018483,0.21168,0.0018483,0.21168,460.486,0,1.02816,0,0,7.0712,6.04304,1.028160,1,0,152.122,0,0,0,152.122,0
59.1517,2.4364,0,0,6.11061,0.268154,0.36288,3.6288,61.308,0.332058,0,0,6.32037,0.166192,5.82212,0.66528,12.849,1,0.557941,0.36288,0,130.442,3.25535,126.992,0.84672,12.849,0.84672,3695.15,0,0.0036966,1.00108e-05,7.57625,1.61167,13.8025,0.959712,22.0307,0.42336,0.0018483,0.21168,0.0018483,0.21168,460.486,0,1.02816,0,0,8.60441,7.57625,1.028160,1,0,154.845,0,0,0,154.845,0
62.7004,2.46058,0,0,6.64968,0.277562,0.36288,3.6288,61.308,0.332391,0,0,6.15376,0.181831,5.63954,0.66528,12.849,1,0.53449,0.36288,0,97.9629,4.11095,93.6804,0.84672,12.849,0.84672,3695.15,0,0.0036966,1.00208e-05,5.81717,1.61207,13.0976,1.01231,19.5145,0.42336,0.0018483,0.21168,0.0018483,0.21168,460.486,0,1.02816,0,0,6.84533,5.81717,1.028160,1,0,118.834,0,0,0,118.834,0
64.5652,2.57714,0,0,5.07451,0.26965,0.36288,3.6288,61.308,0.387455,0,0,5.69754,0.22026,5.08983,0.66528,12.849,1,0.528126,0.36288,0,98.3768,4.56372,93.6478,0.84672,12.849,0.84672,3695.15,0,0.0036966,1.16809e-05,6.07565,1.61246,12.76,1.06037,19.3877,0.42336,0.0018483,0.21168,0.0018483,0.21168,460.486,0,1.02816,0,0,7.10381,6.07565,1.028160,1,0,118.125,0,0,0,118.125,0
64.9755,2.5905,0,0,3.63742,0.273764,0.36288,3.6288,61.308,0.387801,0,0,1.99576,0.22026,1.3877,0.66528,12.849,1,0.51553,0.36288,0,89.3989,4.56372,84.6826,0.84672,12.849,0.84672,3695.15,0,0.0036966,1.16913e-05,3.03494,1.67565,6.07224,1.06037,9.72245,0.42336,0.0018483,0.21168,0.0018483,0.21168,460.486,0,1.02816,0,0,4.0631,3.03494,1.028160,1,0,95.7927,0,0,0,95.7927,0
67.1532,2.59385,0,0,5.40609,0.271638,0.36288,3.6288,61.308,0.388147,0,0,4.28442,0.224153,3.67212,0.66528,12.849,1,0.512937,0.36288,0,116.579,4.66725,111.761,0.84672,12.849,0.84672,3695.15,0,0.0036966,1.17018e-05,5.11641,1.67606,11.163,1.06791,16.8875,0.42336,0.0018483,0.21168,0.0018483,0.21168,460.486,0,1.02816,0,0,6.14457,5.11641,1.028160,1,0,132.321,0,0,0,132.321,0
67.787,2.60845,0,0,3.82942,0.224313,0.36288,3.6288,61.308,0.388493,0,0,2.01368,0.222085,1.4031,0.66528,12.849,1,0.499097,0.36288,0,80.4038,4.39893,75.8687,0.84672,12.849,0.84672,3695.15,0,0.0036966,1.17122e-05,2.97295,1.67647,6.2304,0.984142,9.89567,0.42336,0.0018483,0.21168,0.0018483,0.21168,460.486,0,1.02816,0,0,4.00111,2.97295,1.028160,1,0,87.1675,0,0,0,87.1675,0
68.2929,2.577,0,0,3.65596,0.21016,0.36288,3.6288,61.308,0.36756,0,0,0.984735,0.267515,0.349659,0.66528,12.849,1,0.488469,0.36288,0,69.3274,5.41294,63.7888,0.84672,12.849,0.84672,3695.15,0,0.0036966,1.10811e-05,1.92079,1.67688,6.38608,1.20075,8.783,0.42336,0.0018483,0.21168,0.0018483,0.21168,460.486,0,1.02816,0,0,2.94895,1.92079,1.028160,1,0,72.9215,0,0,0,72.9215,0
68.4926,2.58067,0,0,3.30093,0.157679,0.36288,3.6288,61.308,0.367901,0,0,1.07354,0.250537,0.455099,0.66528,12.849,1,0.485542,0.36288,0,62.888,4.50965,58.2557,0.84672,12.849,0.84672,3695.15,0,0.0036966,1.10914e-05,1.55399,1.65282,6.03164,1.09681,8.14163,0.42336,0.0018483,0.21168,0.0018483,0.21168,460.486,0,1.02816,0,0,2.58215,1.55399,1.028160,1,0,66.8524,0,0,0,66.8524,0
68.4898,2.5825,0,0,3.1005,0.157925,0.36288,3.6288,61.308,0.368242,0,0,1.01126,0.250537,0.392481,0.66528,12.849,1,0.484468,0.36288,0,53.5926,4.50965,48.9614,0.84672,12.849,0.84672,3695.15,0,0.0036966,1.11017e-05,1.37911,1.65323,5.502,1.09681,7.43752,0.42336,0.0018483,0.21168,0.0018483,0.21168,460.486,0,1.02816,0,0,2.40727,1.37911,1.028160,1,0,56.7914,0,0,0,56.7914,0
68.354,2.58311,0,0,2.96806,0.157922,0.36288,3.6288,61.308,0.368583,0,0,0.946875,0.250537,0.327755,0.66528,12.849,1,0.484603,0.36288,0,50.6112,4.50965,45.9798,0.84672,12.849,0.84672,3695.15,0,0.0036966,1.1112e-05,1.20251,1.65363,5.48832,1.09681,7.24764,0.42336,0.0018483,0.21168,0.0018483,0.21168,460.486,0,1.02816,0,0,2.23067,1.20251,1.028160,1,0,53.5552,0,0,0,53.5552,0
67.6955,2.70546,0,0,2.56409,0.154203,0.36288,3.6288,61.308,0.444456,0,0,0.800807,0.219784,0.136567,0.66528,12.849,1,0.508564,0.36288,0,44.2933,4.52559,39.622,0.84672,12.849,0.84672,3695.15,0,0.0036966,1.33994e-05,0.96406,1.65403,4.80318,1.06086,6.3604,0.42336,0.0018483,0.21168,0.0018483,0.21168,460.486,0,1.02816,0,0,1.99222,0.96406,1.028160,1,0,46.119,0,0,0,46.119,0
66.7894,2.70196,0,0,2.28847,0.129794,0.36288,3.6288,61.2714,0.444815,0,0,0.658472,0.250291,0,0.66528,12.849,1,0.512847,0.36288,0,38.307,4.97721,33.1798,0.84672,12.849,0.84672,3695.15,0,0.0036966,1.34102e-05,0.658048,1.74007,4.06855,1.16074,5.30592,0.42336,0.0018483,0.21168,0.0018483,0.21168,460.486,0,1.02816,0,0,1.68621,0.658048,1.028160,1,0,38.4857,0,0,0,38.4857,0
65.7915,2.69678,0,0,2.19065,0.128869,0.36288,3.6288,61.1912,0.445175,0,0,0.61524,0.250233,0,0.66528,12.849,1,0.518809,0.36288,0,36.0102,4.97721,30.8771,0.84672,12.849,0.84672,3695.15,0,0.0036966,1.34291e-05,0.50963,1.7405,3.76351,1.16074,4.85289,0.42336,0.0018483,0.21168,0.0018483,0.21168,460.486,0,1.02816,0,0,1.53779,0.50963,1.028160,1,0,35.73,0,0,0,35.73,0
64.5595,2.69085,0,0,1.94959,0.127851,0.36288,3.6288,61.06,0.445534,0,0,0.564464,0.250106,0,0.66528,12.849,1,0.52552,0.36288,0,32.4736,4.97721,27.3338,0.84672,12.849,0.84672,3695.15,0,0.0036966,1.34575e-05,0.373594,1.74092,3.62674,1.16074,4.58051,0.42336,0.0018483,0.21168,0.0018483,0.21168,460.486,0,1.02816,0,0,1.40175,0.373594,1.028160,1,0,31.9143,0,0,0,31.9143,0
63.0986,2.68314,0,0,1.66615,0.0810491,0.36288,3.6288,60.7889,0.517509,0,0,0.522001,0.275613,0,0.66528,12.849,1,0.534014,0.36288,0,28.1727,5.24373,22.7578,0.84672,12.849,0.84672,3695.15,0,0.0036966,1.56651e-05,0.30119,1.74135,3.15716,1.22491,3.97477,0.42336,0.0018483,0.21168,0.0018483,0.21168,460.486,0,0.956543,0,0,1.25773,0.30119,1.028160,1,0,26.7326,0,0,0,26.7326,0
61.167,2.64957,0,0,1.16566,0.0847536,0.36288,3.6288,60.2551,0.751313,0,0,0.474518,0.256959,0,0.66528,12.849,1,0.539543,0.36288,0,25.6597,4.97291,20.5101,0.84672,12.849,0.84672,3695.15,0,0.0036966,2.28438e-05,0.30119,1.74177,2.65003,1.1459,3.54707,0.42336,0.0018483,0.21168,0.0018483,0.21168,460.486,0,0.764657,0,0,1.06585,0.30119,1.028160,1,0,24.0572,0,0,0,24.0572,0
59.2131,2.63614,0,0,1.12856,0.0834183,0.36288,3.6288,59.7357,0.713348,0,0,0.45002,0.256089,0,0.66528,12.849,1,0.553758,0.36288,0,24.0894,4.97291,18.9256,0.84672,12.849,0.84672,3695.15,0,0.0036966,2.18816e-05,0.261274,1.76891,2.69007,1.1459,3.57433,0.42336,0.0018483,0.21168,0.0018483,0.21168,460.486,0,0.802993,0,0,1.06427,0.261274,1.028160,1,0,22.4999,0,0,0,22.4999,0
57.182,2.62176,0,0,1.00545,0.0519245,0.36288,3.6288,59.0455,0.818915,0,0,0.436453,0.307782,0,0.66528,12.849,1,0.568911,0.36288,0,22.8563,5.8008,16.8494,0.84672,12.849,0.84672,3695.15,0,0.0036966,2.53383e-05,0.261274,1.76934,2.61613,1.4283,3.21843,0.42336,0.0018483,0.21168,0.0018483,0.21168,460.486,0,0.697792,0,0,0.959066,0.261274,1.028160,1,0,20.0679,0,0,0,20.0679,0
55.1048,2.60589,0,0,0.942987,0.051453,0.36288,3.6288,58.3883,0.772189,0,0,0.413496,0.298501,0,0.66528,12.849,1,0.585553,0.36288,0,20.9256,6.2076,14.4954,0.84672,12.849,0.84672,3695.15,0,0.0036966,2.41718e-05,0.261274,1.76977,2.56243,1.57918,3.01426,0.42336,0.0018483,0.21168,0.0018483,0.21168,460.486,0,0.744889,0,0,1.00616,0.261274,1.028160,1,0,17.5096,0,0,0,17.5096,0
53.0181,2.64903,0,0,0.981668,0.0564376,0.36288,3.6288,57.6974,0.78822,0,0,0.412091,0.314745,0,0.66528,12.849,1,0.617686,0.36288,0,21.7032,5.86389,15.5845,0.84672,12.849,0.84672,3695.15,0,0.0036966,2.49514e-05,0.261274,1.77021,2.35226,1.564,2.81971,0.42336,0.0018483,0.21168,0.0018483,0.21168,460.486,0,0.766307,0,0,1.02758,0.261274,1.028160,1,0,18.4042,0,0,0,18.4042,0
50.8323,2.63011,0,0,0.863456,0.0562409,0.36288,3.6288,56.8774,0.886798,0,0,0.383037,0.316249,0,0.66528,12.849,1,0.637409,0.36288,0,20.8116,5.8066,14.7305,0.84672,12.849,0.84672,3695.15,0,0.0036966,2.8408e-05,0.261274,1.81325,2.23697,1.56147,2.75,0.42336,0.0018483,0.21168,0.0018483,0.21168,460.486,0,0.668105,0,0,0.929379,0.261274,1.028160,1,0,17.4805,0,0,0,17.4805,0
48.6007,2.60886,0,0,0.795113,0.0549811,0.36288,3.6288,56.0371,0.901078,0,0,0.375298,0.314571,0,0.66528,12.849,1,0.659447,0.36288,0,19.6283,5.8066,13.5251,0.84672,12.849,0.84672,3695.15,0,0.0036966,2.92816e-05,0.227405,1.81369,2.21433,1.56147,2.69392,0.42336,0.0018483,0.21168,0.0018483,0.21168,460.486,0,0.654204,0,0,0.881608,0.227405,1.028160,1,0,16.219,0,0,0,16.219,0
46.2733,2.58554,0,0,0.660122,0.0390749,0.36288,3.6288,55.1858,0.906831,0,0,0.37326,0.317641,0,0.66528,12.849,1,0.683562,0.36288,0,18.6139,6.10089,12.1924,0.84672,12.849,0.84672,3695.15,0,0.0036966,2.99105e-05,0.227405,1.81413,2.10883,1.5472,2.60314,0.42336,0.0018483,0.21168,0.0018483,0.21168,460.486,0,0.648829,0,0,0.876234,0.227405,1.028160,1,0,14.7955,0,0,0,14.7955,0
43.8076,2.73017,0,0,0.680721,0.0534172,0.36288,3.6288,54.2874,0.986055,0,0,0.396026,0.308381,0,0.66528,12.849,1,0.758104,0.36288,0,17.5011,5.93227,11.1736,0.84672,12.849,0.84672,3695.15,0,0.0036966,3.30252e-05,0.227405,1.81457,2.14016,1.51398,2.66813,0.42336,0.0018483,0.21168,0.0018483,0.21168,460.486,0,0.703953,0,0,0.931357,0.227405,1.028160,1,0,13.8417,0,0,0,13.8417,0
41.2337,2.69783,0,0,0.546261,0.0594188,0.36288,3.6288,52.995,1.26483,0,0,0.281646,0.309221,0,0.66528,12.849,1,0.791289,0.36288,0,18.1152,5.9366,11.7502,0.84672,12.849,0.84672,3695.15,0,0.0036966,4.3063e-05,0.227405,1.95945,1.52323,1.58853,2.12151,0.42336,0.0018483,0.21168,0.0018483,0.21168,460.486,0,0.425583,0,0,0.652988,0.227405,1.028160,1,0,13.8717,0,0,0,13.8717,0
38.7993,2.66082,0,0,0.646945,0.05767,0.36288,3.6288,52.2058,0.912966,0,0,0.429919,0.306239,0,0.66528,12.849,1,0.829148,0.36288,0,15.5488,5.9366,9.14594,0.84672,12.849,0.84672,3695.15,0,0.0036966,3.18414e-05,0.204422,1.95993,2.05986,1.58853,2.63565,0.42336,0.0018483,0.21168,0.0018483,0.21168,460.486,0,0.777866,0,0,0.982289,0.204422,1.028160,1,0,11.7816,0,0,0,11.7816,0
36.2741,2.64409,0,0,0.540522,0.0587937,0.36288,3.6288,51.1157,1.12067,0,0,0.315509,0.284854,0,0.66528,12.849,1,0.84672,0.36288,0,14.189,5.38206,8.32314,0.84672,12.849,0.84672,3695.15,0,0.0036966,3.96763e-05,0.204422,1.9604,2.1341,1.37267,2.92622,0.42336,0.0018483,0.21168,0.0018483,0.21168,460.486,0,0.570568,0,0,0.774991,0.204422,1.028160,1,0,11.2494,0,0,0,11.2494,0
33.8289,2.64493,0,0,0.632525,0.0699156,0.36288,3.6288,50.1131,1.08732,0,0,0.333744,0.249083,0,0.66528,12.849,1,0.84672,0.36288,0,11.6524,4.60761,6.56097,0.84672,12.849,0.84672,3695.15,0,0.0036966,3.93167e-05,0.204422,1.96088,2.45384,1.10429,3.51481,0.42336,0.0018483,0.21168,0.0018483,0.21168,460.486,0,0.604325,0,0,0.808747,0.204422,1.028160,1,0,10.0758,0,0,0,10.0758,0
31.6261,2.53922,0,0,0.773859,0.0744945,0.36288,3.6288,49.8157,0.582505,0,0,0.53179,0.246707,0,0.66528,12.849,1,0.84672,0.36288,0,18.4138,4.78369,13.1463,0.84672,12.849,0.84672,3695.15,0,0.0036966,2.14843e-05,0.471251,1.96136,2.93272,1.3537,4.01161,0.42336,0.0018483,0.21168,0.0018483,0.21168,460.486,0,1.02816,0,0,1.49941,0.471251,1.028160,1,0,17.1579,0,0,0,17.1579,0
29.3334,2.54003,0,0,0.682681,0.0724752,0.36288,3.6288,48.9493,0.919681,0,0,0.2994,0.246106,0,0.66528,12.849,1,0.84672,0.36288,0,19.0739,4.78369,13.8064,0.84672,12.849,0.84672,3695.15,0,0.0036966,3.41227e-05,0.216518,1.87897,2.19929,1.3537,2.94104,0.42336,0.0018483,0.21168,0.0018483,0.21168,460.486,0,0.691364,0,0,0.907883,0.216518,1.028160,1,0,16.7474,0,0,0,16.7474,0
26.9387,2.54085,0,0,0.579294,0.0703146,0.36288,3.6288,47.9753,1.00257,0,0,0.272918,0.244356,0,0.66528,12.849,1,0.84672,0.36288,0,17.6247,4.78369,12.3572,0.84672,12.849,0.84672,3695.15,0,0.0036966,3.78567e-05,0.216518,1.87942,2.09271,1.3537,2.83492,0.42336,0.0018483,0.21168,0.0018483,0.21168,460.486,0,0.608861,0,0,0.825379,0.216518,1.028160,1,0,15.1921,0,0,0,15.1921,0
25.128,2.54166,0,0,1.23514,0.14123,0.36288,3.6288,47.5944,0.720344,0,0,0.499262,0.159753,0,0.66528,12.849,1,0.84672,0.36288,0,38.7971,3.53792,34.7753,0.84672,12.849,0.84672,3695.15,0,0.0036966,2.77521e-05,0.216518,1.87988,4.63689,0.964312,5.76895,0.42336,0.0018483,0.21168,0.0018483,0.21168,460.486,0,0.891492,0,0,1.10801,0.216518,1.028160,1,0,40.5443,0,0,0,40.5443,0
24.5573,2.45492,0,0,2.39596,0.148935,0.36288,3.6288,47.5918,0.509897,0,0,0.653844,0.146595,0,0.66528,12.849,1,0.84672,0.36288,0,49.7416,3.94131,45.3165,0.84672,12.849,0.84672,3695.15,0,0.0036966,1.98015e-05,0.334515,1.88034,5.0118,0.938888,6.28774,0.42336,0.0018483,0.21168,0.0018483,0.21168,460.486,0,1.02816,0,0,1.36267,0.334515,1.028160,1,0,51.6042,0,0,0,51.6042,0
24.9406,2.45572,0,0,3.34941,0.147474,0.36288,3.6288,48.0503,0.510272,0,0,1.11578,0.147022,0,0.66528,12.849,1,0.84672,0.36288,0,48.8617,4.18572,44.1921,0.84672,12.849,0.84672,3695.15,0,0.0036966,1.98172e-05,0.998879,1.80708,8.35253,0.954678,10.2038,0.42336,0.0018483,0.21168,0.0018483,0.21168,460.486,0,1.02816,0,0,2.02704,0.998879,1.028160,1,0,54.3959,0,0,0,54.3959,0
24.694,2.45653,0,0,2.72112,0.148291,0.36288,3.6288,48.7548,0.510647,0,0,1.36282,0.147586,0,0.66528,12.849,1,0.84672,0.36288,0,44.1852,4.18572,39.5157,0.84672,12.849,0.84672,3695.15,0,0.0036966,1.96425e-05,2.19072,1.80752,7.59179,0.954678,10.6353,0.42336,0.0018483,0.21168,0.0018483,0.21168,460.486,0,1.02816,0,0,3.21888,2.19072,1.028160,1,0,50.151,0,0,0,50.151,0
24.1753,2.45733,0,0,2.46848,0.167026,0.36288,3.6288,49.0959,0.511022,0,0,1.00996,0.157913,0,0.66528,12.849,1,0.84672,0.36288,0,43.3407,4.35969,38.4972,0.84672,12.849,0.84672,3695.15,0,0.0036966,1.93729e-05,1.14319,1.80796,8.94611,0.995294,10.9019,0.42336,0.0018483,0.21168,0.0018483,0.21168,460.486,0,1.02816,0,0,2.17135,1.14319,1.028160,1,0,49.3992,0,0,0,49.3992,0
25.9373,2.20924,0,0,4.52045,0.186304,0.36288,3.6288,49.8667,0.356757,0,0,1.31415,0.186596,0,0.66528,12.849,1,0.84672,0.36288,0,92.6456,4.29996,87.8618,0.84672,12.849,0.84672,3695.15,0,0.0036966,1.34308e-05,2.292,1.8084,11.4791,1.03969,14.5398,0.42336,0.0018483,0.21168,0.0018483,0.21168,460.486,0,1.02816,0,0,3.32016,2.292,1.028160,1,0,102.402,0,0,0,102.402,0
28.7016,2.06059,0,0,5.37208,0.184292,0.36288,3.6288,49.9443,0.50651,0,0,0.792825,0.208699,0,0.66528,12.849,1,0.84672,0.36288,0,110.43,3.91104,106.036,0.84672,12.849,0.84672,3695.15,0,0.0036966,1.87737e-05,2.22965,1.64272,7.37647,1.02668,10.2221,0.42336,0.0018483,0.21168,0.0018483,0.21168,460.486,0,1.02816,0,0,3.25781,2.22965,1.028160,1,0,116.258,0,0,0,116.258,0
31.8616,2.06168,0,0,5.77601,0.19151,0.36288,3.6288,50.3494,0.506511,0,0,1.12044,0.208832,0,0.66528,12.849,1,0.84672,0.36288,0,114.174,3.91104,109.779,0.84672,12.849,0.84672,3695.15,0,0.0036966,1.87446e-05,2.22368,1.73056,8.03771,1.02668,10.9652,0.42336,0.0018483,0.21168,0.0018483,0.21168,460.486,0,1.02816,0,0,3.25184,2.22368,1.028160,1,0,120.744,0,0,0,120.744,0
32.6422,2.07336,0,0,3.4242,0.207339,0.36288,3.6288,50.2597,0.506511,0,0,0.584333,0.167478,0,0.66528,12.849,1,0.836137,0.36288,0,80.0245,3.41604,76.1352,0.84672,12.849,0.84672,3695.15,0,0.0036966,1.85938e-05,1.23511,1.73076,6.42823,0.892466,8.50161,0.42336,0.0018483,0.21168,0.0018483,0.21168,460.486,0,1.02816,0,0,2.26327,1.23511,1.028160,1,0,84.6369,0,0,0,84.6369,0
32.399,2.08849,0,0,2.41882,0.210669,0.36288,3.6288,50.0115,0.506511,0,0,0.418678,0.160352,0,0.66528,12.849,1,0.822095,0.36288,0,45.4373,3.33354,41.6446,0.84672,12.849,0.84672,3695.15,0,0.0036966,1.86269e-05,0.607841,1.73096,6.23448,0.870097,7.70317,0.42336,0.0018483,0.21168,0.0018483,0.21168,460.486,0,1.02816,0,0,1.636,0.607841,1.028160,1,0,49.3477,0,0,0,49.3477,0
42.5021,2.16077,0,0,12.8318,0.204975,0.36288,3.6288,53.9815,0.551334,0,0,4.72877,0.207508,0,0.66528,12.849,1,0.84672,0.36288,0,254.623,3.92619,250.212,0.84672,12.849,0.84672,3695.15,0,0.0036966,2.03759e-05,2.82855,1.73117,23.5591,1.04543,27.0734,0.42336,0.0018483,0.21168,0.0018483,0.21168,460.486,0,1.02816,0,0,3.85671,2.82855,1.028160,1,0,277.286,0,0,0,277.286,0
50.1399,2.42362,0,0,10.6745,0.250251,0.36288,3.6288,55.2783,0.403602,0,0,1.90688,0.206413,0,0.66528,12.849,1,0.732696,0.36288,0,246.062,3.87885,241.813,0.84672,12.849,0.84672,3695.15,0,0.0036966,1.38191e-05,6.07614,1.78396,22.0428,1.07083,28.8321,0.42336,0.0018483,0.21168,0.0018483,0.21168,460.486,0,1.02816,0,0,7.1043,6.07614,1.028160,1,0,270.645,0,0,0,270.645,0
55.9026,2.51306,0,0,8.91985,0.281257,0.36288,3.6288,56.3464,0.403935,0,0,1.68064,0.208613,0,0.66528,12.849,1,0.644004,0.36288,0,212.005,3.90684,207.817,0.84672,12.849,0.84672,3695.15,0,0.0036966,1.35061e-05,4.62103,1.6977,16.7225,1.09835,21.9428,0.42336,0.0018483,0.21168,0.0018483,0.21168,460.486,0,1.02816,0,0,5.64919,4.62103,1.028160,1,0,229.76,0,0,0,229.76,0
59.017,2.56764,0,0,6.34338,0.298371,0.36288,3.6288,56.7723,0.404268,0,0,1.04026,0.210077,0,0.66528,12.849,1,0.590163,0.36288,0,140.803,3.90684,136.669,0.84672,12.849,0.84672,3695.15,0,0.0036966,1.3261e-05,2.00313,1.6981,8.61736,1.09835,11.2202,0.42336,0.0018483,0.21168,0.0018483,0.21168,460.486,0,1.02816,0,0,3.03129,2.00313,1.028160,1,0,147.889,0,0,0,147.889,0
61.7752,2.84682,0,0,6.26847,0.300618,0.36288,3.6288,57.7225,0.57306,0,0,1.74942,0.226236,0,0.66528,12.849,1,0.619801,0.36288,0,145.641,4.1199,141.264,0.84672,12.849,0.84672,3695.15,0,0.0036966,1.86567e-05,2.48464,1.69849,7.89731,1.18961,10.8908,0.42336,0.0018483,0.21168,0.0018483,0.21168,460.486,0,1.02816,0,0,3.5128,2.48464,1.028160,1,0,152.155,0,0,0,152.155,0
67.1261,2.8704,0,0,8.88693,0.302711,0.36288,3.6288,59.2018,0.573433,0,0,2.29211,0.239388,0,0.66528,12.849,1,0.597032,0.36288,0,150.453,4.27969,145.939,0.84672,12.849,0.84672,3695.15,0,0.0036966,1.83616e-05,4.07614,1.88678,14.1089,1.25806,18.8137,0.42336,0.0018483,0.21168,0.0018483,0.21168,460.486,0,1.02816,0,0,5.1043,4.07614,1.028160,1,0,164.752,0,0,0,164.752,0
70.9928,2.91103,0,0,7.4617,0.321129,0.36288,3.6288,60.5121,0.573805,0,0,2.0988,0.214602,0,0.66528,12.849,1,0.557216,0.36288,0,159.922,4.00236,155.725,0.84672,12.849,0.84672,3695.15,0,0.0036966,1.79144e-05,3.24611,1.88722,17.0177,1.18453,20.9665,0.42336,0.0018483,0.21168,0.0018483,0.21168,460.486,0,1.02816,0,0,4.27427,3.24611,1.028160,1,0,176.692,0,0,0,176.692,0
72.29,2.93741,0,0,5.34627,0.33789,0.773761,3.6288,61.308,0.574178,0,0,1.60991,0.179999,0.0598795,0.66528,12.849,1,0.531642,0.773761,0,140.981,3.63258,137.591,0.84672,12.849,0.84672,3695.15,0,0.0036966,1.75379e-05,1.95817,1.88766,12.3104,1.08648,15.0698,0.42336,0.0018483,0.21168,0.0018483,0.21168,460.486,0,1.02816,0,0,2.98633,1.95817,1.028160,1,0,152.721,0,0,0,152.721,0
72.29,2.57275,0,0,5.62243,0.34148,2.7082,3.6288,61.308,0.348267,0,0,4.19296,0.227806,3.61688,0.66528,12.849,1,0.457286,2.7082,0,230.111,4.0455,228.316,0.84672,12.849,0.84672,3695.15,0,0.0036966,1.04995e-05,3.47398,1.88809,15.6905,1.07732,19.9752,0.42336,0.0018483,0.21168,0.0018483,0.21168,460.486,0,1.02816,0,0,4.50214,3.47398,1.028160,1,0,251.908,0,0,0,251.908,0
72.29,2.57334,0,0,6.80288,0.341653,3.88788,3.6288,61.308,0.348587,0,0,2.84969,0.262979,2.23812,0.66528,12.849,1,0.457393,3.88788,0,228.652,4.35519,227.728,0.84672,12.849,0.84672,3695.15,0,0.0036966,1.05091e-05,3.91969,1.63128,17.2517,1.07045,21.7323,0.42336,0.0018483,0.21168,0.0018483,0.21168,460.486,0,1.02816,0,0,4.94785,3.91969,1.028160,1,0,251.698,0,0,0,251.698,0
72.29,2.57394,0,0,10.1898,0.341653,7.27416,3.6288,61.308,0.348907,0,0,8.1216,0.262979,7.50971,0.66528,12.849,1,0.457499,7.27416,0,246.64,4.35519,249.102,0.84672,12.849,0.84672,3695.15,0,0.0036966,1.05188e-05,8.92564,1.63166,25.9842,1.07045,35.471,0.42336,0.0018483,0.21168,0.0018483,0.21168,460.486,0,1.02816,0,0,9.9538,8.92564,1.028160,1,0,292.082,0,0,0,292.082,0
72.29,2.57454,0,0,11.9052,0.342718,8.98797,3.6288,61.308,0.349227,0,0,6.79573,0.21756,6.22894,0.66528,12.849,1,0.457605,8.98797,0,236.085,4.14681,240.469,0.84672,12.849,0.84672,3695.15,0,0.0036966,1.05284e-05,6.53574,1.63203,27.0927,0.995352,34.2651,0.42336,0.0018483,0.21168,0.0018483,0.21168,460.486,0,1.02816,0,0,7.5639,6.53574,1.028160,1,0,280.963,0,0,0,280.963,0
72.29,2.57514,0,0,7.11551,0.34108,4.19929,3.6288,61.308,0.349547,0,0,2.94396,0.182415,2.412,0.66528,12.849,1,0.457712,4.19929,0,167.147,3.94119,166.947,0.84672,12.849,0.84672,3695.15,0,0.0036966,1.05381e-05,3.45088,1.63241,14.7156,0.914641,18.8842,0.42336,0.0018483,0.21168,0.0018483,0.21168,460.486,0,1.02816,0,0,4.47904,3.45088,1.028160,1,0,188.243,0,0,0,188.243,0
72.29,2.66985,0,0,6.40384,0.32646,3.40753,3.6288,61.308,0.405289,0,0,3.56436,0.175928,2.98315,0.66528,12.849,1,0.474546,3.40753,0,127.598,3.64518,126.886,0.84672,12.849,0.84672,3695.15,0,0.0036966,1.22186e-05,3.6205,1.63279,13.3598,0.768318,17.8447,0.42336,0.0018483,0.21168,0.0018483,0.21168,460.486,0,1.02816,0,0,4.64866,3.6205,1.028160,1,0,147.714,0,0,0,147.714,0
72.29,2.67047,0,0,6.46576,0.32646,3.46883,3.6288,61.308,0.405622,0,0,5.09723,0.175928,4.51568,0.66528,12.849,1,0.474656,3.46883,0,147.881,3.64518,147.23,0.84672,12.849,0.84672,3695.15,0,0.0036966,1.22286e-05,4.94586,1.69676,15.879,0.768318,21.7533,0.42336,0.0018483,0.21168,0.0018483,0.21168,460.486,0,1.02816,0,0,5.97402,4.94586,1.028160,1,0,173.498,0,0,0,173.498,0
72.29,2.67109,0,0,5.61881,0.32646,2.62126,3.6288,61.308,0.405955,0,0,4.14322,0.175928,3.56133,0.66528,12.849,1,0.474766,2.62126,0,122.388,3.64518,120.89,0.84672,12.849,0.84672,3695.15,0,0.0036966,1.22386e-05,3.67034,1.69716,12.5361,0.768318,17.1353,0.42336,0.0018483,0.21168,0.0018483,0.21168,460.486,0,1.02816,0,0,4.6985,3.67034,1.028160,1,0,141.586,0,0,0,141.586,0
72.29,2.67171,0,0,4.51612,0.296282,1.54813,3.6288,61.308,0.406288,0,0,2.99163,0.172598,2.41274,0.66528,12.849,1,0.474876,1.54813,0,98.1392,3.84288,95.3695,0.84672,12.849,0.84672,3695.15,0,0.0036966,1.22487e-05,2.64364,1.69755,8.40508,0.781173,11.9651,0.42336,0.0018483,0.21168,0.0018483,0.21168,460.486,0,1.02816,0,0,3.6718,2.64364,1.028160,1,0,109.747,0,0,0,109.747,0
72.29,2.6355,0,0,4.44389,0.232154,1.57624,3.6288,61.308,0.385076,0,0,1.6025,0.198501,1.01892,0.66528,12.849,1,0.46844,1.57624,0,98.3759,4.55925,94.9244,0.84672,12.849,0.84672,3695.15,0,0.0036966,1.16092e-05,1.64968,1.69795,8.35583,0.985384,10.7181,0.42336,0.0018483,0.21168,0.0018483,0.21168,460.486,0,1.02816,0,0,2.67784,1.64968,1.028160,1,0,106.661,0,0,0,106.661,0
72.29,2.63611,0,0,4.25386,0.214254,1.4035,3.6288,61.308,0.385404,0,0,1.32401,0.206875,0.731732,0.66528,12.849,1,0.468549,1.4035,0,92.5361,4.68636,88.7847,0.84672,12.849,0.84672,3695.15,0,0.0036966,1.16191e-05,1.54259,1.67357,7.87778,1.02008,10.0739,0.42336,0.0018483,0.21168,0.0018483,0.21168,460.486,0,1.02816,0,0,2.57075,1.54259,1.028160,1,0,99.5903,0,0,0,99.5903,0
72.29,2.63672,0,0,3.91425,0.214254,1.06327,3.6288,61.308,0.385732,0,0,1.31249,0.206875,0.719878,0.66528,12.849,1,0.468658,1.06327,0,83.5488,4.68636,79.4571,0.84672,12.849,0.84672,3695.15,0,0.0036966,1.1629e-05,1.58144,1.67395,7.52777,1.02008,9.76308,0.42336,0.0018483,0.21168,0.0018483,0.21168,460.486,0,1.02816,0,0,2.6096,1.58144,1.028160,1,0,89.94,0,0,0,89.94,0
72.29,2.63734,0,0,3.78098,0.219683,0.923957,3.6288,61.308,0.38606,0,0,1.678,0.195234,1.09671,0.66528,12.849,1,0.468767,0.923957,0,80.7114,4.57569,76.5909,0.84672,12.849,0.84672,3695.15,0,0.0036966,1.16389e-05,2.13003,1.67434,9.31668,0.979019,12.142,0.42336,0.0018483,0.21168,0.0018483,0.21168,460.486,0,1.02816,0,0,3.15819,2.13003,1.028160,1,0,89.8297,0,0,0,89.8297,0
72.29,2.76308,0,0,3.60104,0.18957,0.648385,3.6288,61.308,0.462865,0,0,1.21209,0.179638,0.569585,0.66528,12.849,1,0.491117,0.648385,0,68.5791,4.19595,64.5405,0.84672,12.849,0.84672,3695.15,0,0.0036966,1.39544e-05,1.60103,1.67473,7.0219,0.820756,9.47689,0.42336,0.0018483,0.21168,0.0018483,0.21168,460.486,0,1.02816,0,0,2.62919,1.60103,1.028160,1,0,74.5869,0,0,0,74.5869,0
72.29,2.76373,0,0,3.29514,0.142936,0.388479,3.6288,61.308,0.463211,0,0,1.14772,0.238829,0.44568,0.66528,12.849,1,0.491231,0.388479,0,62.2659,4.39866,57.7645,0.84672,12.849,0.84672,3695.15,0,0.0036966,1.39648e-05,1.1717,1.76183,6.38262,0.902729,8.41341,0.42336,0.0018483,0.21168,0.0018483,0.21168,460.486,0,1.02816,0,0,2.19986,1.1717,1.028160,1,0,66.6236,0,0,0,66.6236,0
72.0152,2.76437,0,0,2.99536,0.142936,0.36288,3.6288,61.308,0.463558,0,0,0.990144,0.238829,0.287758,0.66528,12.849,1,0.491345,0.36288,0,58.1541,4.39866,53.627,0.84672,12.849,0.84672,3695.15,0,0.0036966,1.39752e-05,0.751101,1.76224,5.90186,0.902729,7.51246,0.42336,0.0018483,0.21168,0.0018483,0.21168,460.486,0,1.02816,0,0,1.77926,0.751101,1.028160,1,0,61.4272,0,0,0,61.4272,0
71.3979,2.76342,0,0,2.65166,0.142637,0.36288,3.6288,61.308,0.463904,0,0,0.969572,0.238829,0.26684,0.66528,12.849,1,0.493051,0.36288,0,49.3119,4.39866,44.783,0.84672,12.849,0.84672,3695.15,0,0.0036966,1.39857e-05,0.882878,1.76265,5.8428,0.902729,7.58558,0.42336,0.0018483,0.21168,0.0018483,0.21168,460.486,0,1.02816,0,0,1.91104,0.882878,1.028160,1,0,52.6354,0,0,0,52.6354,0
70.6309,2.76045,0,0,2.45481,0.0984906,0.36288,3.6288,61.308,0.46425,0,0,1.00977,0.267558,0.277966,0.66528,12.849,1,0.496779,0.36288,0,47.5794,4.90364,42.5419,0.84672,12.849,0.84672,3695.15,0,0.0036966,1.39961e-05,1.08346,1.76305,5.77986,1.03863,7.58772,0.42336,0.0018483,0.21168,0.0018483,0.21168,460.486,0,1.02816,0,0,2.11162,1.08346,1.028160,1,0,50.4076,0,0,0,50.4076,0
69.6148,2.73183,0,0,2.18605,0.107427,0.36288,3.6288,61.308,0.506678,0,0,1.12266,0.251212,0.364766,0.66528,12.849,1,0.496968,0.36288,0,58.2753,4.90214,53.2391,0.84672,12.849,0.84672,3695.15,0,0.0036966,1.52752e-05,1.12949,1.76346,6.55223,1.10387,8.3413,0.42336,0.0018483,0.21168,0.0018483,0.21168,460.486,0,1.02816,0,0,2.15765,1.12949,1.028160,1,0,61.9452,0,0,0,61.9452,0
68.5093,2.72634,0,0,2.08092,0.0972142,0.36288,3.6288,61.308,0.507034,0,0,1.08387,0.266756,0.31008,0.66528,12.849,1,0.503208,0.36288,0,55.9393,5.1193,50.6797,0.84672,12.849,0.84672,3695.15,0,0.0036966,1.52859e-05,1.10665,1.79092,6.31152,1.17737,8.0317,0.42336,0.0018483,0.21168,0.0018483,0.21168,460.486,0,1.02816,0,0,2.13481,1.10665,1.028160,1,0,59.0215,0,0,0,59.0215,0
67.3068,2.72013,0,0,1.96328,0.0827193,0.36288,3.6288,61.308,0.50739,0,0,1.04565,0.286685,0.251573,0.66528,12.849,1,0.510164,0.36288,0,52.988,5.68053,47.1602,0.84672,12.849,0.84672,3695.15,0,0.0036966,1.52967e-05,1.16813,1.79133,6.26046,1.31572,7.90418,0.42336,0.0018483,0.21168,0.0018483,0.21168,460.486,0,1.02816,0,0,2.19629,1.16813,1.028160,1,0,55.3159,0,0,0,55.3159,0
65.9422,2.71311,0,0,1.79711,0.085735,0.36288,3.6288,61.308,0.507747,0,0,1.01294,0.279111,0.226079,0.66528,12.849,1,0.517937,0.36288,0,52.3174,5.68785,46.4745,0.84672,12.849,0.84672,3695.15,0,0.0036966,1.53074e-05,1.05929,1.79175,5.78242,1.29757,7.33588,0.42336,0.0018483,0.21168,0.0018483,0.21168,460.486,0,1.02816,0,0,2.08745,1.05929,1.028160,1,0,54.0365,0,0,0,54.0365,0
64.7751,2.76789,0,0,2.03864,0.0750054,0.36288,3.6288,61.308,0.545642,0,0,1.17904,0.295038,0.338361,0.66528,12.849,1,0.53933,0.36288,0,53.017,5.94112,46.8995,0.84672,12.849,0.84672,3695.15,0,0.0036966,1.64499e-05,1.17882,1.79217,5.84126,1.39396,7.41826,0.42336,0.0018483,0.21168,0.0018483,0.21168,460.486,0,1.02816,0,0,2.20698,1.17882,1.028160,1,0,54.6561,0,0,0,54.6561,0
63.4929,2.76042,0,0,1.9115,0.0704213,0.36288,3.6288,61.308,0.546007,0,0,1.17981,0.301408,0.332395,0.66528,12.849,1,0.547566,0.36288,0,51.4753,6.04243,45.2482,0.84672,12.849,0.84672,3695.15,0,0.0036966,1.64609e-05,1.08429,1.83572,5.8569,1.43252,7.34438,0.42336,0.0018483,0.21168,0.0018483,0.21168,460.486,0,1.02816,0,0,2.11245,1.08429,1.028160,1,0,52.925,0,0,0,52.925,0
62.0448,2.75186,0,0,1.73638,0.0696947,0.36288,3.6288,61.308,0.546372,0,0,1.14782,0.301408,0.300044,0.66528,12.849,1,0.556891,0.36288,0,48.4557,6.04243,42.2193,0.84672,12.849,0.84672,3695.15,0,0.0036966,1.64719e-05,0.947868,1.83614,5.64783,1.43252,6.99931,0.42336,0.0018483,0.21168,0.0018483,0.21168,460.486,0,1.02816,0,0,1.97603,0.947868,1.028160,1,0,49.5186,0,0,0,49.5186,0
60.3579,2.74173,0,0,1.47066,0.0529653,0.36288,3.6288,61.308,0.546737,0,0,1.1416,0.307066,0.2878,0.66528,12.849,1,0.56779,0.36288,0,46.1792,6.31923,39.6551,0.84672,12.849,0.84672,3695.15,0,0.0036966,1.64829e-05,0.930891,1.83657,5.54222,1.43302,6.87665,0.42336,0.0018483,0.21168,0.0018483,0.21168,460.486,0,1.02816,0,0,1.95905,0.930891,1.028160,1,0,46.8196,0,0,0,46.8196,0
58.1835,2.91155,0,0,1.16245,0.0623896,0.36288,3.6288,61.308,0.66528,0,0,1.06308,0.29903,0.0987728,0.66528,12.849,1,0.619811,0.36288,0,38.4079,6.14513,32.0059,0.84672,12.849,0.84672,3695.15,0,0.0036966,0.0018483,0.768433,1.837,5.16529,1.36095,6.40793,0.42336,0.0018483,0.21168,0.0018483,0.21168,460.486,0,1.02816,0,0,1.79659,0.768433,1.028160,1,0,38.5126,0,0,0,38.5126,0
55.5879,2.89325,0,0,0.721267,0.060791,0.36288,3.6288,61.2799,0.66528,0,0,0.942555,0.305404,0,0.66528,12.849,1,0.638932,0.36288,0,25.1066,6.09577,18.7348,0.84672,12.849,0.84672,3695.15,0,0.0036966,0.0018483,0.436622,1.98364,4.5516,1.44053,5.52948,0.42336,0.0018483,0.21168,0.0018483,0.21168,460.486,0,1.02816,0,0,1.46478,0.436622,1.028160,1,0,24.2643,0,0,0,24.2643,0
53.0021,2.86967,0,0,0.705974,0.0592553,0.36288,3.6288,61.1905,0.66528,0,0,0.881263,0.305349,0,0.66528,12.849,1,0.663318,0.36288,0,22.9108,6.09577,16.5146,0.84672,12.849,0.84672,3695.15,0,0.0036966,0.0018483,0.354344,1.9841,4.56838,1.44053,5.46444,0.42336,0.0018483,0.21168,0.0018483,0.21168,460.486,0,1.02816,0,0,1.3825,0.354344,1.028160,1,0,21.979,0,0,0,21.979,0
50.7629,2.84428,0,0,1.02569,0.0577254,0.36288,3.6288,61.2327,0.66528,0,0,1.01261,0.305177,0,0.66528,12.849,1,0.689524,0.36288,0,26.0938,6.09577,19.6713,0.84672,12.849,0.84672,3695.15,0,0.0036966,0.0018483,0.600074,1.98456,5.06508,1.44053,6.20733,0.42336,0.0018483,0.21168,0.0018483,0.21168,460.486,0,1.02816,0,0,1.62823,0.600074,1.028160,1,0,25.8787,0,0,0,25.8787,0
48.9759,2.82066,0,0,1.47834,0.0817761,0.36288,3.6288,61.308,0.66528,0,0,1.34034,0.295885,0.303831,0.66528,12.849,1,0.713961,0.36288,0,42.5731,5.96436,36.2576,0.84672,12.849,0.84672,3695.15,0,0.0036966,0.0018483,0.736837,1.98502,5.6389,1.41402,6.94489,0.42336,0.0018483,0.21168,0.0018483,0.21168,460.486,0,1.02816,0,0,1.765,0.736837,1.028160,1,0,43.5064,0,0,0,43.5064,0
47.3224,2.71522,0,0,1.53391,0.10931,0.36288,3.6288,61.308,0.602295,0,0,2.26972,0.263766,1.40366,0.66528,12.849,1,0.712348,0.36288,0,47.1442,4.78411,42.0106,0.84672,12.849,0.84672,3695.15,0,0.0036966,1.81579e-05,1.51681,1.98548,8.5625,1.23502,10.8298,0.42336,0.0018483,0.21168,0.0018483,0.21168,460.486,0,1.02816,0,0,2.54497,1.51681,1.028160,1,0,54.244,0,0,0,54.244,0
45.8565,2.69627,0,0,1.70065,0.107358,0.36288,3.6288,61.308,0.602673,0,0,2.10902,0.263766,1.24258,0.66528,12.849,1,0.732092,0.36288,0,70.9606,4.78411,65.8073,0.84672,12.849,0.84672,3695.15,0,0.0036966,1.81693e-05,1.30883,1.90205,13.004,1.23502,14.9798,0.42336,0.0018483,0.21168,0.0018483,0.21168,460.486,0,1.02816,0,0,2.33699,1.30883,1.028160,1,0,82.0297,0,0,0,82.0297,0
44.0651,2.67861,0,0,1.35569,0.105628,0.36288,3.6288,61.308,0.603051,0,0,2.19837,0.263766,1.33155,0.66528,12.849,1,0.750546,0.36288,0,55.7799,4.78411,50.6081,0.84672,12.849,0.84672,3695.15,0,0.0036966,1.81807e-05,1.46576,1.90249,9.32394,1.23502,11.4572,0.42336,0.0018483,0.21168,0.0018483,0.21168,460.486,0,1.02816,0,0,2.49392,1.46576,1.028160,1,0,63.3969,0,0,0,63.3969,0
42.8545,2.6556,0,0,1.92298,0.115138,0.36288,3.6288,61.308,0.603429,0,0,2.08988,0.247023,1.23943,0.66528,12.849,1,0.774349,0.36288,0,66.0824,4.60184,61.069,0.84672,12.849,0.84672,3695.15,0,0.0036966,1.8192e-05,0.874904,1.90293,10.9538,1.1783,12.5533,0.42336,0.0018483,0.21168,0.0018483,0.21168,460.486,0,1.02816,0,0,1.90306,0.874904,1.028160,1,0,74.8618,0,0,0,74.8618,0
41.612,2.57119,0,0,1.88965,0.197982,0.36288,3.6288,61.308,0.528722,0,0,2.20709,0.158384,1.51998,0.66528,12.849,1,0.770918,0.36288,0,72.9147,3.45512,69.0515,0.84672,12.849,0.84672,3695.15,0,0.0036966,1.59398e-05,1.14802,1.90337,13.3197,0.9097,15.4614,0.42336,0.0018483,0.21168,0.0018483,0.21168,460.486,0,1.02816,0,0,2.17618,1.14802,1.028160,1,0,86.0329,0,0,0,86.0329,0
41.5548,2.5542,0,0,3.06654,0.206708,0.36288,3.6288,61.308,0.529083,0,0,2.32524,0.167251,1.62891,0.66528,12.849,1,0.788687,0.36288,0,77.5941,3.41534,73.753,0.84672,12.849,0.84672,3695.15,0,0.0036966,1.59507e-05,1.62915,1.82919,14.7334,0.963508,17.2282,0.42336,0.0018483,0.21168,0.0018483,0.21168,460.486,0,1.02816,0,0,2.65731,1.62915,1.028160,1,0,92.6101,0,0,0,92.6101,0
41.5341,2.55396,0,0,3.10274,0.206569,0.36288,3.6288,61.308,0.529444,0,0,3.29738,0.167251,2.60068,0.66528,12.849,1,0.7897,0.36288,0,66.7233,3.41534,62.8811,0.84672,12.849,0.84672,3695.15,0,0.0036966,1.59615e-05,1.93636,1.82962,16.4841,0.963508,19.2865,0.42336,0.0018483,0.21168,0.0018483,0.21168,460.486,0,1.02816,0,0,2.96452,1.93636,1.028160,1,0,84.7683,0,0,0,84.7683,0
41.4254,2.55425,0,0,3.01489,0.206519,0.36288,3.6288,61.308,0.529804,0,0,2.53058,0.167251,1.83352,0.66528,12.849,1,0.790183,0.36288,0,98.6265,3.41534,94.7838,0.84672,12.849,0.84672,3695.15,0,0.0036966,1.59724e-05,1.8058,1.83004,23.9464,0.963508,26.6187,0.42336,0.0018483,0.21168,0.0018483,0.21168,460.486,0,1.02816,0,0,2.83396,1.8058,1.028160,1,0,123.236,0,0,0,123.236,0
40.52,2.36097,0,0,2.02211,0.203664,0.36288,3.6288,61.308,0.37364,0,0,1.78863,0.184179,1.23081,0.66528,12.849,1,0.732307,0.36288,0,104.917,3.6673,100.881,0.84672,12.849,0.84672,3695.15,0,0.0036966,1.12644e-05,1.09156,1.83046,11.7781,1.01084,13.6893,0.42336,0.0018483,0.21168,0.0018483,0.21168,460.486,0,1.02816,0,0,2.11972,1.09156,1.028160,1,0,115.801,0,0,0,115.801,0
39.6454,2.34909,0,0,2.03243,0.195086,0.36288,3.6288,61.308,0.373965,0,0,1.62832,0.226499,1.02786,0.66528,12.849,1,0.744902,0.36288,0,103.522,4.29723,98.8426,0.84672,12.849,0.84672,3695.15,0,0.0036966,1.12742e-05,0.949864,1.66274,11.5813,1.12916,13.0647,0.42336,0.0018483,0.21168,0.0018483,0.21168,460.486,0,1.02816,0,0,1.97802,0.949864,1.028160,1,0,112.935,0,0,0,112.935,0
39.9043,2.33722,0,0,3.15213,0.193075,0.36288,3.6288,61.308,0.374289,0,0,2.06133,0.226499,1.46054,0.66528,12.849,1,0.757489,0.36288,0,89.3514,4.29723,84.6596,0.84672,12.849,0.84672,3695.15,0,0.0036966,1.1284e-05,1.80979,1.66312,13.5374,1.12916,15.8812,0.42336,0.0018483,0.21168,0.0018483,0.21168,460.486,0,1.02816,0,0,2.83795,1.80979,1.028160,1,0,102.001,0,0,0,102.001,0
40.8693,2.34148,0,0,3.86299,0.193659,0.36288,3.6288,61.308,0.374614,0,0,1.96911,0.226499,1.36799,0.66528,12.849,1,0.753945,0.36288,0,113.207,4.29723,108.519,0.84672,12.849,0.84672,3695.15,0,0.0036966,1.12938e-05,1.69791,1.66351,13.9175,1.12916,16.1497,0.42336,0.0018483,0.21168,0.0018483,0.21168,460.486,0,1.02816,0,0,2.72607,1.69791,1.028160,1,0,126.037,0,0,0,126.037,0
43.3782,2.35557,0,0,5.43613,0.208726,0.36288,3.6288,61.308,0.374939,0,0,2.81591,0.213497,2.22748,0.66528,12.849,1,0.740573,0.36288,0,118.048,3.43808,114.233,0.84672,12.849,0.84672,3695.15,0,0.0036966,1.13036e-05,1.44223,1.66389,16.9033,1.06988,18.9395,0.42336,0.0018483,0.21168,0.0018483,0.21168,460.486,0,1.02816,0,0,2.47039,1.44223,1.028160,1,0,135.4,0,0,0,135.4,0
48.7841,2.36275,0,0,8.35039,0.218932,0.36288,3.6288,61.308,0.551869,0,0,3.34538,0.196701,2.59681,0.66528,12.849,1,0.699867,0.36288,0,133.622,3.53763,129.747,0.84672,12.849,0.84672,3695.15,0,0.0036966,1.66376e-05,3.56181,1.66428,17.0114,1.09479,21.1427,0.42336,0.0018483,0.21168,0.0018483,0.21168,460.486,0,1.02816,0,0,4.58997,3.56181,1.028160,1,0,153.487,0,0,0,153.487,0
53.5121,2.52858,0,0,7.85038,0.230887,0.36288,3.6288,61.308,0.420951,0,0,3.12867,0.194888,2.51283,0.66528,12.849,1,0.665991,0.36288,0,166.352,3.58344,162.465,0.84672,12.849,0.84672,3695.15,0,0.0036966,1.26907e-05,3.67192,1.7947,16.9393,1.09662,21.3093,0.42336,0.0018483,0.21168,0.0018483,0.21168,460.486,0,1.02816,0,0,4.70008,3.67192,1.028160,1,0,186.288,0,0,0,186.288,0
58.0551,2.5766,0,0,7.72511,0.242599,0.36288,3.6288,61.308,0.421271,0,0,3.79413,0.194888,3.17797,0.66528,12.849,1,0.618679,0.36288,0,187.841,3.58344,184.001,0.84672,12.849,0.84672,3695.15,0,0.0036966,1.27004e-05,4.57891,1.71827,17.4379,1.09662,22.6385,0.42336,0.0018483,0.21168,0.0018483,0.21168,460.486,0,1.02816,0,0,5.60707,4.57891,1.028160,1,0,209.818,0,0,0,209.818,0
63.7197,2.61683,0,0,8.89816,0.253837,0.36288,3.6288,61.308,0.42159,0,0,2.49339,0.194888,1.87691,0.66528,12.849,1,0.579167,0.36288,0,195.963,3.58344,192.163,0.84672,12.849,0.84672,3695.15,0,0.0036966,1.271e-05,3.13604,1.71865,16.2013,1.09662,19.9594,0.42336,0.0018483,0.21168,0.0018483,0.21168,460.486,0,1.02816,0,0,4.1642,3.13604,1.028160,1,0,214,0,0,0,214,0
72.2787,2.91974,0,0,12.1232,0.281668,0.36288,3.6288,61.308,0.592404,0,0,4.03699,0.200398,3.24419,0.66528,12.849,1,0.588762,0.36288,0,241.706,3.64482,237.835,0.84672,12.849,0.84672,3695.15,0,0.0036966,1.78597e-05,7.0626,1.71903,24.276,1.03328,32.0243,0.42336,0.0018483,0.21168,0.0018483,0.21168,460.486,0,1.02816,0,0,8.09076,7.0626,1.028160,1,0,273.104,0,0,0,273.104,0
72.29,2.9796,0,0,7.3864,0.326168,4.0693,3.6288,61.308,0.592761,0,0,2.96858,0.194819,2.181,0.66528,12.849,1,0.529685,4.0693,0,158.681,3.43854,158.782,0.84672,12.849,0.84672,3695.15,0,0.0036966,1.78704e-05,5.5451,1.90957,12.4359,0.925959,18.9646,0.42336,0.0018483,0.21168,0.0018483,0.21168,460.486,0,1.02816,0,0,6.57326,5.5451,1.028160,1,0,179.928,0,0,0,179.928,0
72.29,2.98033,0,0,5.19465,0.326196,1.88813,3.6288,61.308,0.593119,0,0,1.94035,0.194819,1.15241,0.66528,12.849,1,0.529731,1.88813,0,92.8204,3.43854,90.7402,0.84672,12.849,0.84672,3695.15,0,0.0036966,1.78812e-05,2.08878,1.90999,6.93904,0.925959,10.0118,0.42336,0.0018483,0.21168,0.0018483,0.21168,460.486,0,1.02816,0,0,3.11694,2.08878,1.028160,1,0,101.904,0,0,0,101.904,0
72.29,2.98099,0,0,4.31802,0.326196,1.01084,3.6288,61.308,0.593476,0,0,1.67918,0.194819,0.890889,0.66528,12.849,1,0.529848,1.01084,0,65.1764,3.43854,62.2189,0.84672,12.849,0.84672,3695.15,0,0.0036966,1.7892e-05,1.54978,1.91041,5.66358,0.925959,8.1978,0.42336,0.0018483,0.21168,0.0018483,0.21168,460.486,0,1.02816,0,0,2.57794,1.54978,1.028160,1,0,71.3076,0,0,0,71.3076,0
72.29,2.6037,0,0,7.52053,0.321538,4.59529,3.6288,61.308,0.364827,0,0,6.25947,0.216111,5.67853,0.66528,12.849,1,0.462788,4.59529,0,102.059,3.4979,102.694,0.84672,12.849,0.84672,3695.15,0,0.0036966,1.09987e-05,5.82976,1.91083,12.9023,0.938861,19.7041,0.42336,0.0018483,0.21168,0.0018483,0.21168,460.486,0,1.02816,0,0,6.85792,5.82976,1.028160,1,0,128.076,0,0,0,128.076,0
72.29,2.60428,0,0,10.9379,0.349527,7.98409,3.6288,61.308,0.365134,0,0,10.9536,0.197159,10.3913,0.66528,12.849,1,0.46289,7.98409,0,169.738,3.48579,173.773,0.84672,12.849,0.84672,3695.15,0,0.0036966,1.1008e-05,9.37846,1.6509,18.5454,0.875803,28.699,0.42336,0.0018483,0.21168,0.0018483,0.21168,460.486,0,1.02816,0,0,10.4066,9.37846,1.028160,1,0,212.864,0,0,0,212.864,0
72.29,2.60485,0,0,11.7835,0.32687,8.85177,3.6288,61.308,0.365442,0,0,10.6103,0.185127,10.0597,0.66528,12.849,1,0.462992,8.85177,0,182.997,3.3114,188.074,0.84672,12.849,0.84672,3695.15,0,0.0036966,1.10173e-05,11.2325,1.65127,22.8875,0.850752,34.9206,0.42336,0.0018483,0.21168,0.0018483,0.21168,460.486,0,1.02816,0,0,12.2607,11.2325,1.028160,1,0,233.055,0,0,0,233.055,0
72.29,2.60542,0,0,10.4687,0.302775,7.56046,3.6288,61.308,0.365749,0,0,9.09084,0.160646,8.56444,0.66528,12.849,1,0.463094,7.56046,0,164.755,3.15348,168.699,0.84672,12.849,0.84672,3695.15,0,0.0036966,1.10265e-05,9.57753,1.65163,20.4117,0.825515,30.8153,0.42336,0.0018483,0.21168,0.0018483,0.21168,460.486,0,1.02816,0,0,10.6057,9.57753,1.028160,1,0,208.079,0,0,0,208.079,0
72.29,2.606,0,0,9.01351,0.34617,6.06134,3.6288,61.308,0.366056,0,0,7.83285,0.168114,7.29868,0.66528,12.849,1,0.463196,6.06134,0,145.539,3.52422,147.613,0.84672,12.849,0.84672,3695.15,0,0.0036966,1.10358e-05,7.15219,1.652,15.1986,0.875368,23.1274,0.42336,0.0018483,0.21168,0.0018483,0.21168,460.486,0,1.02816,0,0,8.18035,7.15219,1.028160,1,0,178.039,0,0,0,178.039,0
72.29,2.70181,0,0,8.97722,0.336609,5.9388,3.6288,61.308,0.422449,0,0,9.40527,0.16069,8.82213,0.66528,12.849,1,0.480227,5.9388,0,154.645,3.89886,156.204,0.84672,12.849,0.84672,3695.15,0,0.0036966,1.27359e-05,7.8563,1.65236,19.0834,0.832901,27.7592,0.42336,0.0018483,0.21168,0.0018483,0.21168,460.486,0,1.02816,0,0,8.88446,7.8563,1.028160,1,0,192.786,0,0,0,192.786,0
72.29,2.70241,0,0,6.30245,0.336609,3.26343,3.6288,61.308,0.422768,0,0,5.54968,0.16069,4.96622,0.66528,12.849,1,0.480332,3.26343,0,116.138,3.89886,115.022,0.84672,12.849,0.84672,3695.15,0,0.0036966,1.27455e-05,5.1608,1.71708,15.316,0.832901,21.361,0.42336,0.0018483,0.21168,0.0018483,0.21168,460.486,0,1.02816,0,0,6.18896,5.1608,1.028160,1,0,141.349,0,0,0,141.349,0
72.29,2.703,0,0,5.58529,0.318753,2.56354,3.6288,61.308,0.423088,0,0,4.43407,0.170206,3.84078,0.66528,12.849,1,0.480438,2.56354,0,117.797,4.0152,115.865,0.84672,12.849,0.84672,3695.15,0,0.0036966,1.27552e-05,4.43667,1.71746,15.0253,0.855802,20.3236,0.42336,0.0018483,0.21168,0.0018483,0.21168,460.486,0,1.02816,0,0,5.46483,4.43667,1.028160,1,0,140.029,0,0,0,140.029,0
72.29,2.7036,0,0,5.22074,0.274114,2.24303,3.6288,61.308,0.423408,0,0,5.30571,0.193994,4.68831,0.66528,12.849,1,0.480544,2.24303,0,89.348,4.30605,86.8044,0.84672,12.849,0.84672,3695.15,0,0.0036966,1.27648e-05,5.00522,1.71783,15.1622,0.913053,20.9722,0.42336,0.0018483,0.21168,0.0018483,0.21168,460.486,0,1.02816,0,0,6.03338,5.00522,1.028160,1,0,112.465,0,0,0,112.465,0
72.29,2.66692,0,0,5.1769,0.278137,2.23184,3.6288,61.308,0.401926,0,0,2.70763,0.194177,2.11153,0.66528,12.849,1,0.474025,2.23184,0,85.3848,4.6029,82.5397,0.84672,12.849,0.84672,3695.15,0,0.0036966,1.21172e-05,3.2531,1.71821,10.5556,0.97735,14.5495,0.42336,0.0018483,0.21168,0.0018483,0.21168,460.486,0,1.02816,0,0,4.28126,3.2531,1.028160,1,0,99.2008,0,0,0,99.2008,0
72.29,2.66751,0,0,4.90147,0.279746,1.95422,3.6288,61.308,0.402241,0,0,1.85243,0.194251,1.25594,0.66528,12.849,1,0.47413,1.95422,0,79.8656,4.72164,76.624,0.84672,12.849,0.84672,3695.15,0,0.0036966,1.21267e-05,2.01129,1.69352,11.4369,1.00307,14.1387,0.42336,0.0018483,0.21168,0.0018483,0.21168,460.486,0,1.02816,0,0,3.03945,2.01129,1.028160,1,0,92.0186,0,0,0,92.0186,0
72.29,2.6681,0,0,4.68232,0.279746,1.73447,3.6288,61.308,0.402556,0,0,1.78382,0.194251,1.18702,0.66528,12.849,1,0.474234,1.73447,0,73.9567,4.72164,70.4953,0.84672,12.849,0.84672,3695.15,0,0.0036966,1.21362e-05,1.9996,1.69389,10.3137,1.00307,13.0041,0.42336,0.0018483,0.21168,0.0018483,0.21168,460.486,0,1.02816,0,0,3.02776,1.9996,1.028160,1,0,84.6864,0,0,0,84.6864,0
72.29,2.66869,0,0,4.06968,0.198208,1.20279,3.6288,61.308,0.402871,0,0,1.61624,0.234458,0.978912,0.66528,12.849,1,0.474339,1.20279,0,67.9294,4.59196,64.0659,0.84672,12.849,0.84672,3695.15,0,0.0036966,1.21457e-05,2.54788,1.69427,9.33794,0.93142,12.6486,0.42336,0.0018483,0.21168,0.0018483,0.21168,460.486,0,1.02816,0,0,3.57604,2.54788,1.028160,1,0,77.6935,0,0,0,77.6935,0
72.29,2.7959,0,0,3.58916,0.197862,0.595402,3.6288,61.308,0.48057,0,0,1.39569,0.224709,0.690409,0.66528,12.849,1,0.496949,0.595402,0,46.3298,4.42519,42.0031,0.84672,12.849,0.84672,3695.15,0,0.0036966,1.44881e-05,2.03305,1.69464,8.06838,0.961672,10.8344,0.42336,0.0018483,0.21168,0.0018483,0.21168,460.486,0,1.02816,0,0,3.06121,2.03305,1.028160,1,0,53.5279,0,0,0,53.5279,0
72.29,2.79651,0,0,3.80894,0.196995,0.815428,3.6288,61.308,0.480903,0,0,1.25717,0.200335,0.575934,0.66528,12.849,1,0.497059,0.815428,0,53.6041,4.00827,49.9142,0.84672,12.849,0.84672,3695.15,0,0.0036966,1.44982e-05,1.67466,1.78275,7.74991,1.0373,10.17,0.42336,0.0018483,0.21168,0.0018483,0.21168,460.486,0,1.02816,0,0,2.70282,1.67466,1.028160,1,0,60.6601,0,0,0,60.6601,0
72.29,2.79713,0,0,3.66013,0.196995,0.666005,3.6288,61.308,0.481235,0,0,1.2807,0.200335,0.599128,0.66528,12.849,1,0.497168,0.666005,0,50.5337,4.00827,46.6943,0.84672,12.849,0.84672,3695.15,0,0.0036966,1.45082e-05,1.54011,1.78314,7.7277,1.0373,10.0136,0.42336,0.0018483,0.21168,0.0018483,0.21168,460.486,0,1.02816,0,0,2.56827,1.54011,1.028160,1,0,57.3071,0,0,0,57.3071,0
72.29,2.79774,0,0,3.4296,0.196995,0.434857,3.6288,61.308,0.481568,0,0,1.1919,0.200335,0.509994,0.66528,12.849,1,0.497278,0.434857,0,47.3403,4.00827,43.2696,0.84672,12.849,0.84672,3695.15,0,0.0036966,1.45182e-05,1.36519,1.78353,7.16472,1.0373,9.27613,0.42336,0.0018483,0.21168,0.0018483,0.21168,460.486,0,1.02816,0,0,2.39335,1.36519,1.028160,1,0,53.0557,0,0,0,53.0557,0
72.2325,2.79836,0,0,3.24114,0.137379,0.36288,3.6288,61.308,0.4819,0,0,1.13526,0.250848,0.402513,0.66528,12.849,1,0.497387,0.36288,0,44.6532,5.17674,39.342,0.84672,12.849,0.84672,3695.15,0,0.0036966,1.45282e-05,1.44151,1.78393,6.86344,1.20319,8.88567,0.42336,0.0018483,0.21168,0.0018483,0.21168,460.486,0,1.02816,0,0,2.46967,1.44151,1.028160,1,0,48.6302,0,0,0,48.6302,0
70.5443,2.77357,0,0,1.56793,0.119693,0.36288,3.6288,61.2807,0.524811,0,0,0.728948,0.231427,0,0.66528,12.849,1,0.493374,0.36288,0,29.5677,4.81583,24.6214,0.84672,12.849,0.84672,3695.15,0,0.0036966,1.58219e-05,0.392818,1.78432,3.32158,1.16006,4.33864,0.42336,0.0018483,0.21168,0.0018483,0.21168,460.486,0,1.02816,0,0,1.42098,0.392818,1.028160,1,0,28.96,0,0,0,28.96,0
68.7271,2.76419,0,0,1.42801,0.11816,0.36288,3.6288,61.242,0.525153,0,0,0.717863,0.231387,0,0.66528,12.849,1,0.503473,0.36288,0,28.8802,4.81583,23.9238,0.84672,12.849,0.84672,3695.15,0,0.0036966,1.58392e-05,0.4144,1.81208,3.20398,1.16006,4.27038,0.42336,0.0018483,0.21168,0.0018483,0.21168,460.486,0,1.02816,0,0,1.44256,0.4144,1.028160,1,0,28.1942,0,0,0,28.1942,0
66.7811,2.75358,0,0,1.28701,0.116508,0.36288,3.6288,61.1232,0.556045,0,0,0.668503,0.23133,0,0.66528,12.849,1,0.514801,0.36288,0,26.7676,4.81583,21.7998,0.84672,12.849,0.84672,3695.15,0,0.0036966,1.67816e-05,0.261274,1.81248,3.0506,1.16006,3.96428,0.42336,0.0018483,0.21168,0.0018483,0.21168,460.486,0,0.997609,0,0,1.25888,0.261274,1.028160,1,0,25.7641,0,0,0,25.7641,0
64.8154,2.7416,0,0,1.23067,0.0919364,0.36288,3.6288,60.8969,0.57231,0,0,0.63199,0.285938,0,0.66528,12.849,1,0.527498,0.36288,0,24.1326,5.52157,18.4464,0.84672,12.849,0.84672,3695.15,0,0.0036966,1.7306e-05,0.261274,1.81287,2.89841,1.41767,3.55487,0.42336,0.0018483,0.21168,0.0018483,0.21168,460.486,0,0.981685,0,0,1.24296,0.261274,1.028160,1,0,22.0012,0,0,0,22.0012,0
62.7807,2.79254,0,0,1.20669,0.0859857,0.36288,3.6288,60.6296,0.599262,0,0,0.645242,0.313331,0,0.66528,12.849,1,0.553593,0.36288,0,24.0342,5.82871,18.0148,0.84672,12.849,0.84672,3695.15,0,0.0036966,1.81884e-05,0.261274,1.81327,2.69251,1.51658,3.25045,0.42336,0.0018483,0.21168,0.0018483,0.21168,460.486,0,0.993056,0,0,1.25433,0.261274,1.028160,1,0,21.2653,0,0,0,21.2653,0
60.7883,2.77825,0,0,1.23668,0.0878686,0.36288,3.6288,60.435,0.564509,0,0,0.687148,0.317234,0,0.66528,12.849,1,0.568611,0.36288,0,23.714,5.84734,17.661,0.84672,12.849,0.84672,3695.15,0,0.0036966,1.72091e-05,0.316829,1.85732,2.62107,1.51349,3.28172,0.42336,0.0018483,0.21168,0.0018483,0.21168,460.486,0,1.02816,0,0,1.34499,0.316829,1.028160,1,0,20.9427,0,0,0,20.9427,0
58.6702,2.76348,0,0,1.09462,0.086437,0.36288,3.6288,60.1982,0.56486,0,0,0.644941,0.316842,0,0.66528,12.849,1,0.584124,0.36288,0,22.3858,5.84734,16.3172,0.84672,12.849,0.84672,3695.15,0,0.0036966,1.72753e-05,0.248124,1.85773,2.62255,1.51349,3.2149,0.42336,0.0018483,0.21168,0.0018483,0.21168,460.486,0,1.02816,0,0,1.27628,0.248124,1.028160,1,0,19.5321,0,0,0,19.5321,0
56.4766,2.74678,0,0,1.00081,0.0847471,0.36288,3.6288,59.86,0.644843,0,0,0.623022,0.316366,0,0.66528,12.849,1,0.601555,0.36288,0,21.0227,5.84734,14.9367,0.84672,12.849,0.84672,3695.15,0,0.0036966,1.9799e-05,0.227405,1.85814,2.49873,1.51349,3.07077,0.42336,0.0018483,0.21168,0.0018483,0.21168,460.486,0,0.948525,0,0,1.17593,0.227405,1.028160,1,0,18.0074,0,0,0,18.0074,0
54.1816,2.77376,0,0,0.913723,0.0720064,0.36288,3.6288,59.5086,0.673924,0,0,0.647974,0.325431,0,0.66528,12.849,1,0.63106,0.36288,0,19.7211,6.18119,13.2717,0.84672,12.849,0.84672,3695.15,0,0.0036966,2.08088e-05,0.227405,1.85855,2.46939,1.55932,2.996,0.42336,0.0018483,0.21168,0.0018483,0.21168,460.486,0,0.975655,0,0,1.20306,0.227405,1.028160,1,0,16.2677,0,0,0,16.2677,0
51.6319,2.75276,0,0,0.665307,0.0994156,0.36288,3.6288,58.5133,1.11088,0,0,0.4497,0.33415,0,0.66528,12.849,1,0.652808,0.36288,0,20.3545,6.49152,13.573,0.84672,12.849,0.84672,3695.15,0,0.0036966,3.45032e-05,0.227405,1.91256,1.51619,1.62396,2.03216,0.42336,0.0018483,0.21168,0.0018483,0.21168,460.486,0,0.53905,0,0,0.766454,0.227405,1.028160,1,0,15.6052,0,0,0,15.6052,0
49.1241,2.72754,0,0,0.679484,0.0968486,0.36288,3.6288,57.6523,1.04482,0,0,0.51585,0.332023,0,0.66528,12.849,1,0.678771,0.36288,0,17.6319,6.49152,10.8245,0.84672,12.849,0.84672,3695.15,0,0.0036966,3.30035e-05,0.204422,1.91298,1.57453,1.62396,2.06794,0.42336,0.0018483,0.21168,0.0018483,0.21168,460.486,0,0.605471,0,0,0.809894,0.204422,1.028160,1,0,12.8924,0,0,0,12.8924,0
46.6508,2.70067,0,0,0.685586,0.0953509,0.36288,3.6288,57.0013,0.847323,0,0,0.519756,0.323448,0,0.66528,12.849,1,0.706392,0.36288,0,17.8904,6.30667,11.2402,0.84672,12.849,0.84672,3695.15,0,0.0036966,2.71647e-05,0.204422,1.9134,2.01392,1.55201,2.57971,0.42336,0.0018483,0.21168,0.0018483,0.21168,460.486,0,0.803339,0,0,1.00776,0.204422,1.028160,1,0,13.8199,0,0,0,13.8199,0
44.1703,2.67189,0,0,0.653162,0.0988279,0.36288,3.6288,56.1293,1.04553,0,0,0.455425,0.281844,0,0.66528,12.849,1,0.735917,0.36288,0,11.6122,5.19761,6.04152,0.84672,12.849,0.84672,3695.15,0,0.0036966,3.39021e-05,0.204422,1.91382,2.18507,1.12028,3.18301,0.42336,0.0018483,0.21168,0.0018483,0.21168,460.486,0,0.605483,0,0,0.809905,0.204422,1.028160,1,0,9.22452,0,0,0,9.22452,0
42.1974,2.68613,0,0,1.16525,0.0892295,0.36288,3.6288,56.3196,0.621301,0,0,1.1404,0.328852,0,0.66528,12.849,1,0.781387,0.36288,0,31.0142,5.57475,25.021,0.84672,12.849,0.84672,3695.15,0,0.0036966,2.0459e-05,0.26085,1.91424,5.82545,1.49091,6.50961,0.42336,0.0018483,0.21168,0.0018483,0.21168,460.486,0,1.02816,0,0,1.28901,0.26085,1.028160,1,0,31.5306,0,0,0,31.5306,0
40.4391,2.65871,0,0,1.38561,0.122307,0.36288,3.6288,56.6,0.621664,0,0,1.20715,0.30507,0,0.66528,12.849,1,0.809571,0.36288,0,28.983,5.37074,23.1655,0.84672,12.849,0.84672,3695.15,0,0.0036966,2.04018e-05,0.23582,1.92422,5.10142,1.46102,5.80042,0.42336,0.0018483,0.21168,0.0018483,0.21168,460.486,0,1.02816,0,0,1.26398,0.23582,1.028160,1,0,28.966,0,0,0,28.966,0
39.1721,2.63257,0,0,1.85562,0.127138,0.36288,3.6288,57.1636,0.622027,0,0,1.48459,0.298933,0,0.66528,12.849,1,0.836466,0.36288,0,38.4579,5.31552,32.6688,0.84672,12.849,0.84672,3695.15,0,0.0036966,2.03126e-05,0.645183,1.92465,6.2701,1.44206,7.39785,0.42336,0.0018483,0.21168,0.0018483,0.21168,460.486,0,1.02816,0,0,1.67334,0.645183,1.028160,1,0,40.0667,0,0,0,40.0667,0
38.3981,2.62308,0,0,2.33727,0.125264,0.36288,3.6288,58.467,0.62239,0,0,2.22577,0.300031,0,0.66528,12.849,1,0.84672,0.36288,0,78.2751,5.31552,72.4758,0.84672,12.849,0.84672,3695.15,0,0.0036966,2.0124e-05,1.48246,1.92507,8.66083,1.44206,10.6263,0.42336,0.0018483,0.21168,0.0018483,0.21168,460.486,0,1.02816,0,0,2.51062,1.48246,1.028160,1,0,83.102,0,0,0,83.102,0
38.1009,2.53419,0,0,2.75503,0.155204,0.36288,3.6288,59.0453,0.546797,0,0,1.39114,0.265989,0,0.66528,12.849,1,0.84672,0.36288,0,59.9847,4.59966,54.9012,0.84672,12.849,0.84672,3695.15,0,0.0036966,1.72857e-05,0.627031,1.92549,5.68821,1.20545,7.03527,0.42336,0.0018483,0.21168,0.0018483,0.21168,460.486,0,1.02816,0,0,1.65519,0.627031,1.028160,1,0,61.9364,0,0,0,61.9364,0
39.0905,2.53493,0,0,4.05329,0.165923,0.36288,3.6288,60.7991,0.547143,0,0,2.532,0.231068,0,0.66528,12.849,1,0.84672,0.36288,0,79.5597,3.67552,75.4004,0.84672,12.849,0.84672,3695.15,0,0.0036966,1.71272e-05,2.29378,1.85043,8.93125,0.876346,12.1991,0.42336,0.0018483,0.21168,0.0018483,0.21168,460.486,0,1.02816,0,0,3.32194,2.29378,1.028160,1,0,87.5994,0,0,0,87.5994,0
38.7086,2.54564,0,0,2.69446,0.167842,0.36288,3.6288,61.1832,0.54749,0,0,1.16521,0.233667,0,0.66528,12.849,1,0.836751,0.36288,0,51.1663,3.67552,47.0169,0.84672,12.849,0.84672,3695.15,0,0.0036966,1.66437e-05,0.434393,1.85084,4.00727,0.876346,5.41613,0.42336,0.0018483,0.21168,0.0018483,0.21168,460.486,0,1.02816,0,0,1.46255,0.434393,1.028160,1,0,52.4331,0,0,0,52.4331,0
40.6837,2.54,0,0,5.05327,0.175255,0.36288,3.6288,61.308,0.547836,0,0,2.11321,0.247109,1.19345,0.66528,12.849,1,0.843134,0.36288,0,94.3094,3.95101,89.8781,0.84672,12.849,0.84672,3695.15,0,0.0036966,1.65497e-05,1.1989,1.85124,9.01422,0.954038,11.1103,0.42336,0.0018483,0.21168,0.0018483,0.21168,460.486,0,1.02816,0,0,2.22706,1.1989,1.028160,1,0,102.182,0,0,0,102.182,0
42.0246,2.378,0,0,4.28289,0.201102,0.36288,3.6288,61.308,0.389847,0,0,2.34027,0.267786,1.68264,0.66528,12.849,1,0.751037,0.36288,0,83.1496,4.5267,78.2348,0.84672,12.849,0.84672,3695.15,0,0.0036966,1.1753e-05,2.14249,1.85165,8.58723,1.10878,11.4726,0.42336,0.0018483,0.21168,0.0018483,0.21168,460.486,0,1.02816,0,0,3.17065,2.14249,1.028160,1,0,91.39,0,0,0,91.39,0
42.3685,2.39688,0,0,3.31339,0.209711,0.36288,3.6288,61.308,0.390159,0,0,1.15917,0.197427,0.571582,0.66528,12.849,1,0.732846,0.36288,0,55.1604,3.84846,50.9419,0.84672,12.849,0.84672,3695.15,0,0.0036966,1.17624e-05,0.902932,1.68196,4.38471,0.871891,6.0977,0.42336,0.0018483,0.21168,0.0018483,0.21168,460.486,0,1.02816,0,0,1.93109,0.902932,1.028160,1,0,57.6112,0,0,0,57.6112,0
42.251,2.40198,0,0,2.8579,0.210553,0.36288,3.6288,61.308,0.390471,0,0,1.13013,0.197427,0.542232,0.66528,12.849,1,0.728442,0.36288,0,54.2754,3.84846,50.0614,0.84672,12.849,0.84672,3695.15,0,0.0036966,1.17718e-05,0.506192,1.68233,4.01446,0.871891,5.33109,0.42336,0.0018483,0.21168,0.0018483,0.21168,460.486,0,1.02816,0,0,1.53435,0.506192,1.028160,1,0,55.9347,0,0,0,55.9347,0
44.8588,2.31223,0,0,5.49317,0.210265,0.36288,3.6288,61.308,0.506488,0,0,1.7049,0.197427,1.00098,0.66528,12.849,1,0.703174,0.36288,0,144.256,3.84846,140.067,0.84672,12.849,0.84672,3695.15,0,0.0036966,1.52695e-05,1.2044,1.6827,6.19237,0.871891,8.20756,0.42336,0.0018483,0.21168,0.0018483,0.21168,460.486,0,1.02816,0,0,2.23256,1.2044,1.028160,1,0,149.276,0,0,0,149.276,0
46.0279,2.34478,0,0,4.09449,0.217674,0.36288,3.6288,61.308,0.506488,0,0,1.9453,0.213497,1.22532,0.66528,12.849,1,0.671621,0.36288,0,107.483,4.08933,103.085,0.84672,12.849,0.84672,3695.15,0,0.0036966,1.52695e-05,1.13304,1.75079,5.01191,0.966893,6.92883,0.42336,0.0018483,0.21168,0.0018483,0.21168,460.486,0,1.02816,0,0,2.1612,1.13304,1.028160,1,0,111.239,0,0,0,111.239,0
47.7589,2.4356,0,0,4.76384,0.234369,0.36288,3.6288,61.308,0.552378,0,0,1.42751,0.225345,0.649787,0.66528,12.849,1,0.679914,0.36288,0,105.962,4.22043,101.424,0.84672,12.849,0.84672,3695.15,0,0.0036966,1.6653e-05,1.45933,1.75097,6.86424,1.20339,8.87114,0.42336,0.0018483,0.21168,0.0018483,0.21168,460.486,0,1.02816,0,0,2.48749,1.45933,1.028160,1,0,110.945,0,0,0,110.945,0
52.5442,2.54624,0,0,7.95181,0.257464,0.36288,3.6288,61.308,0.437601,0,0,2.05745,0.20951,1.41034,0.66528,12.849,1,0.685037,0.36288,0,155.377,3.99347,151.062,0.84672,12.849,0.84672,3695.15,0,0.0036966,1.31927e-05,2.23947,1.805,10.3652,1.23157,13.1781,0.42336,0.0018483,0.21168,0.0018483,0.21168,460.486,0,1.02816,0,0,3.26763,2.23947,1.028160,1,0,165.65,0,0,0,165.65,0
56.4683,2.59691,0,0,7.15476,0.270859,0.36288,3.6288,61.308,0.437907,0,0,2.51304,0.20951,1.86562,0.66528,12.849,1,0.635042,0.36288,0,167.083,3.99347,162.817,0.84672,12.849,0.84672,3695.15,0,0.0036966,1.32019e-05,2.68705,1.73802,13.5181,1.23157,16.7116,0.42336,0.0018483,0.21168,0.0018483,0.21168,460.486,0,1.02816,0,0,3.71521,2.68705,1.028160,1,0,181.395,0,0,0,181.395,0
59.3138,2.63342,0,0,6.1236,0.281804,0.36288,3.6288,61.308,0.438213,0,0,1.98015,0.20951,1.33243,0.66528,12.849,1,0.599218,0.36288,0,171.365,3.99347,167.135,0.84672,12.849,0.84672,3695.15,0,0.0036966,1.32111e-05,2.22617,1.73838,11.0993,1.23157,13.8323,0.42336,0.0018483,0.21168,0.0018483,0.21168,460.486,0,1.02816,0,0,3.25433,2.22617,1.028160,1,0,182.3,0,0,0,182.3,0
64.836,2.91682,0,0,9.09841,0.296434,0.36288,3.6288,61.308,0.610965,0,0,1.93382,0.222295,1.10056,0.66528,12.849,1,0.631864,0.36288,0,174.321,3.83474,170.217,0.84672,12.849,0.84672,3695.15,0,0.0036966,1.84192e-05,2.43242,1.73874,12.9717,1.18937,15.9534,0.42336,0.0018483,0.21168,0.0018483,0.21168,460.486,0,1.02816,0,0,3.46058,2.43242,1.028160,1,0,187.271,0,0,0,187.271,0
67.2515,2.96236,0,0,6.06779,0.32713,0.36288,3.6288,61.308,0.611307,0,0,2.22636,0.229611,1.38545,0.66528,12.849,1,0.587071,0.36288,0,130.248,3.3894,126.634,0.84672,12.849,0.84672,3695.15,0,0.0036966,1.84295e-05,3.07519,1.93144,13.2237,1.02959,17.2007,0.42336,0.0018483,0.21168,0.0018483,0.21168,460.486,0,1.02816,0,0,4.10335,3.07519,1.028160,1,0,145.221,0,0,0,145.221,0
70.9679,2.98069,0,0,7.39351,0.333485,0.36288,3.6288,61.308,0.611649,0,0,2.32038,0.229611,1.47912,0.66528,12.849,1,0.569487,0.36288,0,148.551,3.3894,144.955,0.84672,12.849,0.84672,3695.15,0,0.0036966,1.84399e-05,5.33873,1.93185,18.3349,1.02959,24.5759,0.42336,0.0018483,0.21168,0.0018483,0.21168,460.486,0,1.02816,0,0,6.36689,5.33873,1.028160,1,0,171.01,0,0,0,171.01,0
72.29,3.00657,0,0,5.05859,0.343263,0.386668,3.6288,61.308,0.611991,0,0,1.78179,0.229611,0.94019,0.66528,12.849,1,0.54435,0.386668,0,151.051,3.3894,147.504,0.84672,12.849,0.84672,3695.15,0,0.0036966,1.84502e-05,1.54355,1.93225,11.2521,1.02959,13.6983,0.42336,0.0018483,0.21168,0.0018483,0.21168,460.486,0,1.02816,0,0,2.57171,1.54355,1.028160,1,0,162.143,0,0,0,162.143,0
72.29,2.6334,0,0,3.5259,0.342591,0.549908,3.6288,61.308,0.380715,0,0,1.23822,0.195741,0.66176,0.66528,12.849,1,0.468067,0.549908,0,88.9078,2.78746,86.2021,0.84672,12.849,0.84672,3695.15,0,0.0036966,1.14777e-05,0.925664,1.93265,7.1998,0.817465,9.24064,0.42336,0.0018483,0.21168,0.0018483,0.21168,460.486,0,1.02816,0,0,1.95382,0.925664,1.028160,1,0,96.1045,0,0,0,96.1045,0
71.5699,2.63395,0,0,2.59577,0.318991,0.36288,3.6288,61.308,0.381008,0,0,1.06074,0.187668,0.492065,0.66528,12.849,1,0.468164,0.36288,0,55.2162,2.60589,52.505,0.84672,12.849,0.84672,3695.15,0,0.0036966,1.14866e-05,1.21957,1.66973,7.35592,0.666593,9.57862,0.42336,0.0018483,0.21168,0.0018483,0.21168,460.486,0,1.02816,0,0,2.24773,1.21957,1.028160,1,0,62.5757,0,0,0,62.5757,0
72.2301,2.6305,0,0,3.9708,0.317248,0.36288,3.6288,61.308,0.381302,0,0,1.26512,0.187668,0.69615,0.66528,12.849,1,0.472256,0.36288,0,97.0868,2.60589,94.3715,0.84672,12.849,0.84672,3695.15,0,0.0036966,1.14954e-05,1.45297,1.67008,9.18778,0.666593,11.6442,0.42336,0.0018483,0.21168,0.0018483,0.21168,460.486,0,1.02816,0,0,2.48113,1.45297,1.028160,1,0,106.712,0,0,0,106.712,0
72.29,2.63472,0,0,4.77776,0.318846,1.76432,3.6288,61.308,0.381596,0,0,1.13824,0.187668,0.568978,0.66528,12.849,1,0.468689,1.76432,0,100.591,2.60589,99.2809,0.84672,12.849,0.84672,3695.15,0,0.0036966,1.15043e-05,1.57963,1.67043,10.2102,0.666593,12.7937,0.42336,0.0018483,0.21168,0.0018483,0.21168,460.486,0,1.02816,0,0,2.60779,1.57963,1.028160,1,0,112.644,0,0,0,112.644,0
72.29,2.6356,0,0,4.07278,0.3082,1.12899,3.6288,61.308,0.38189,0,0,1.26791,0.245974,0.640048,0.66528,12.849,1,0.468457,1.12899,0,84.7852,3.9017,81.544,0.84672,12.849,0.84672,3695.15,0,0.0036966,1.15131e-05,1.58696,1.67078,10.206,1.0198,12.4439,0.42336,0.0018483,0.21168,0.0018483,0.21168,460.486,0,1.02816,0,0,2.61512,1.58696,1.028160,1,0,94.628,0,0,0,94.628,0
71.8007,2.73246,0,0,2.89392,0.287871,0.36288,3.6288,61.308,0.438906,0,0,0.938028,0.230452,0.26867,0.66528,12.849,1,0.485675,0.36288,0,61.8446,3.77947,57.9423,0.84672,12.849,0.84672,3695.15,0,0.0036966,1.3232e-05,1.0525,1.67113,5.64421,0.856272,7.51155,0.42336,0.0018483,0.21168,0.0018483,0.21168,460.486,0,1.02816,0,0,2.08066,1.0525,1.028160,1,0,65.7226,0,0,0,65.7226,0
72.29,2.73023,0,0,4.28729,0.283426,0.784348,3.6288,61.308,0.439211,0,0,1.10792,0.227865,0.440848,0.66528,12.849,1,0.488584,0.784348,0,83.5428,3.75911,80.0794,0.84672,12.849,0.84672,3695.15,0,0.0036966,1.32412e-05,1.26014,1.73656,5.87107,0.829016,8.03874,0.42336,0.0018483,0.21168,0.0018483,0.21168,460.486,0,1.02816,0,0,2.2883,1.26014,1.028160,1,0,88.559,0,0,0,88.559,0
72.29,2.7336,0,0,3.49875,0.284483,0.480665,3.6288,61.308,0.439517,0,0,0.862082,0.227865,0.194699,0.66528,12.849,1,0.485877,0.480665,0,74.3584,3.75911,70.5941,0.84672,12.849,0.84672,3695.15,0,0.0036966,1.32505e-05,0.751542,1.73692,5.18559,0.829016,6.84502,0.42336,0.0018483,0.21168,0.0018483,0.21168,460.486,0,1.02816,0,0,1.7797,0.751542,1.028160,1,0,77.6338,0,0,0,77.6338,0
71.5626,2.73417,0,0,2.62588,0.256237,0.36288,3.6288,61.272,0.497727,0,0,0.69895,0.237226,0,0.66528,12.849,1,0.485979,0.36288,0,62.6706,3.84249,58.705,0.84672,12.849,0.84672,3695.15,0,0.0036966,1.50054e-05,0.528595,1.73728,3.67537,0.834838,5.10639,0.42336,0.0018483,0.21168,0.0018483,0.21168,460.486,0,0.970255,0,0,1.49885,0.528595,1.028160,1,0,63.8114,0,0,0,63.8114,0
70.5911,2.69292,0,0,2.34046,0.256122,0.36288,3.6288,61.057,0.70568,0,0,0.706134,0.215404,0,0.66528,12.849,1,0.483511,0.36288,0,43.6856,4.01673,39.5482,0.84672,12.849,0.84672,3695.15,0,0.0036966,2.12872e-05,0.528595,1.73764,3.2318,0.889179,4.60884,0.42336,0.0018483,0.21168,0.0018483,0.21168,460.486,0,0.740552,0,0,1.26915,0.528595,1.028160,1,0,44.157,0,0,0,44.157,0
69.4351,2.68785,0,0,2.09459,0.199889,0.36288,3.6288,60.6541,0.850378,0,0,0.676037,0.228637,0,0.66528,12.849,1,0.489242,0.36288,0,40.0102,4.40999,35.4738,0.84672,12.849,0.84672,3695.15,0,0.0036966,2.57424e-05,0.528595,1.71265,3.11683,0.944769,4.41328,0.42336,0.0018483,0.21168,0.0018483,0.21168,460.486,0,0.596151,0,0,1.12475,0.528595,1.028160,1,0,39.8871,0,0,0,39.8871,0
68.2483,2.68153,0,0,2.04195,0.184372,0.36288,3.6288,60.5346,0.623333,0,0,0.738452,0.234567,0,0.66528,12.849,1,0.496219,0.36288,0,38.7703,4.46765,34.1693,0.84672,12.849,0.84672,3695.15,0,0.0036966,1.89947e-05,0.402797,1.71301,3.53265,0.948212,4.70022,0.42336,0.0018483,0.21168,0.0018483,0.21168,460.486,0,0.823504,0,0,1.2263,0.402797,1.028160,1,0,38.8695,0,0,0,38.8695,0
66.9371,2.67483,0,0,1.90921,0.182675,0.36288,3.6288,60.2706,0.755883,0,0,0.726244,0.234389,0,0.66528,12.849,1,0.503586,0.36288,0,35.3541,4.46765,30.7458,0.84672,12.849,0.84672,3695.15,0,0.0036966,2.30793e-05,0.402797,1.71337,3.17081,0.948212,4.33874,0.42336,0.0018483,0.21168,0.0018483,0.21168,460.486,0,0.691252,0,0,1.09405,0.402797,1.028160,1,0,35.0845,0,0,0,35.0845,0
65.5416,2.79363,0,0,1.93388,0.172878,0.36288,3.6288,59.8605,0.844591,0,0,0.660296,0.225848,0,0.66528,12.849,1,0.536254,0.36288,0,36.9454,4.19187,32.5802,0.84672,12.849,0.84672,3695.15,0,0.0036966,2.59008e-05,0.402797,1.71372,3.02739,0.994948,4.14893,0.42336,0.0018483,0.21168,0.0018483,0.21168,460.486,0,0.6811,0,0,1.0839,0.402797,1.028160,1,0,36.7291,0,0,0,36.7291,0
64.1805,2.78466,0,0,1.91508,0.128613,0.36288,3.6288,59.656,0.700228,0,0,0.744915,0.249147,0,0.66528,12.849,1,0.545914,0.36288,0,37.9369,4.70064,33.0533,0.84672,12.849,0.84672,3695.15,0,0.0036966,2.16208e-05,0.402797,1.8028,2.98329,1.17894,4.00993,0.42336,0.0018483,0.21168,0.0018483,0.21168,460.486,0,0.825785,0,0,1.22858,0.402797,1.028160,1,0,37.0632,0,0,0,37.0632,0
62.6191,2.77559,0,0,1.70432,0.127213,0.36288,3.6288,59.383,0.707621,0,0,0.683467,0.248822,0,0.66528,12.849,1,0.555676,0.36288,0,34.2111,4.70064,29.3177,0.84672,12.849,0.84672,3695.15,0,0.0036966,2.1924e-05,0.30119,1.80318,2.87491,1.17894,3.80031,0.42336,0.0018483,0.21168,0.0018483,0.21168,460.486,0,0.818709,0,0,1.1199,0.30119,1.028160,1,0,33.118,0,0,0,33.118,0
61.0224,2.76467,0,0,1.60972,0.0789195,0.36288,3.6288,59.0082,0.750179,0,0,0.656389,0.281037,0,0.66528,12.849,1,0.56729,0.36288,0,30.4925,5.07549,25.2126,0.84672,12.849,0.84672,3695.15,0,0.0036966,2.33494e-05,0.30119,1.80355,2.73805,1.27472,3.56806,0.42336,0.0018483,0.21168,0.0018483,0.21168,460.486,0,0.776468,0,0,1.07766,0.30119,1.028160,1,0,28.7807,0,0,0,28.7807,0
59.3426,2.75298,0,0,1.5139,0.0778876,0.36288,3.6288,58.5245,0.828859,0,0,0.625539,0.280363,0,0.66528,12.849,1,0.579673,0.36288,0,30.052,5.07549,24.7597,0.84672,12.849,0.84672,3695.15,0,0.0036966,2.59622e-05,0.30119,1.80393,2.81966,1.27472,3.65004,0.42336,0.0018483,0.21168,0.0018483,0.21168,460.486,0,0.698103,0,0,0.999294,0.30119,1.028160,1,0,28.4098,0,0,0,28.4098,0
58.5461,2.71552,0,0,2.36018,0.0782415,0.36288,3.6288,58.6652,0.542185,0,0,0.963665,0.280806,0,0.66528,12.849,1,0.587971,0.36288,0,38.7008,4.9575,33.5182,0.84672,12.849,0.84672,3695.15,0,0.0036966,1.71231e-05,0.582396,1.80431,3.56413,1.23412,4.71669,0.42336,0.0018483,0.21168,0.0018483,0.21168,460.486,0,1.02816,0,0,1.61056,0.582396,1.028160,1,0,38.2349,0,0,0,38.2349,0
57.7307,2.70952,0,0,2.33492,0.0778945,0.36288,3.6288,58.8161,0.542512,0,0,0.974696,0.281279,0,0.66528,12.849,1,0.594653,0.36288,0,39.839,4.93784,34.6693,0.84672,12.849,0.84672,3695.15,0,0.0036966,1.70923e-05,0.586786,1.83235,3.76723,1.22736,4.95899,0.42336,0.0018483,0.21168,0.0018483,0.21168,460.486,0,1.02816,0,0,1.61495,0.586786,1.028160,1,0,39.6283,0,0,0,39.6283,0
56.7108,2.70321,0,0,2.1235,0.0772786,0.36288,3.6288,58.9421,0.54284,0,0,0.950435,0.281552,0,0.66528,12.849,1,0.601648,0.36288,0,39.0593,4.93784,33.8827,0.84672,12.849,0.84672,3695.15,0,0.0036966,1.70588e-05,0.56586,1.83273,3.60968,1.22736,4.7809,0.42336,0.0018483,0.21168,0.0018483,0.21168,460.486,0,1.02816,0,0,1.59402,0.56586,1.028160,1,0,38.6636,0,0,0,38.6636,0
55.5039,2.69495,0,0,1.92739,0.0765081,0.36288,3.6288,59.0088,0.543167,0,0,0.891665,0.28178,0,0.66528,12.849,1,0.610597,0.36288,0,34.8049,4.93784,29.6194,0.84672,12.849,0.84672,3695.15,0,0.0036966,1.70326e-05,0.386104,1.83311,3.49189,1.22736,4.48373,0.42336,0.0018483,0.21168,0.0018483,0.21168,460.486,0,1.02816,0,0,1.41426,0.386104,1.028160,1,0,34.1031,0,0,0,34.1031,0
54.0205,2.74738,0,0,1.69049,0.0636448,0.36288,3.6288,58.8022,0.633848,0,0,0.752026,0.32482,0,0.66528,12.849,1,0.636012,0.36288,0,29.4241,5.77302,23.378,0.84672,12.849,0.84672,3695.15,0,0.0036966,1.98537e-05,0.261274,1.8335,3.15416,1.47281,3.77611,0.42336,0.0018483,0.21168,0.0018483,0.21168,460.486,0,0.976208,0,0,1.23748,0.261274,1.028160,1,0,27.1541,0,0,0,27.1541,0
52.5324,2.73384,0,0,1.66262,0.0539139,0.36288,3.6288,58.4298,0.810935,0,0,0.749953,0.311388,0,0.66528,12.849,1,0.650256,0.36288,0,29.5186,5.83495,23.3963,0.84672,12.849,0.84672,3695.15,0,0.0036966,2.54897e-05,0.261274,1.87801,3.05148,1.47662,3.71413,0.42336,0.0018483,0.21168,0.0018483,0.21168,460.486,0,0.799451,0,0,1.06072,0.261274,1.028160,1,0,27.1104,0,0,0,27.1104,0
51.0187,2.71961,0,0,1.6218,0.0531001,0.36288,3.6288,58.1274,0.682771,0,0,0.690975,0.310643,0,0.66528,12.849,1,0.665193,0.36288,0,29.4808,5.83495,23.3435,0.84672,12.849,0.84672,3695.15,0,0.0036966,2.1598e-05,0.227405,1.8784,3.26989,1.47662,3.89905,0.42336,0.0018483,0.21168,0.0018483,0.21168,460.486,0,0.927953,0,0,1.15536,0.227405,1.028160,1,0,27.2426,0,0,0,27.2426,0
49.4167,2.7044,0,0,1.51762,0.0522723,0.36288,3.6288,57.7243,0.73269,0,0,0.639585,0.310038,0,0.66528,12.849,1,0.681101,0.36288,0,26.6139,5.83495,20.4607,0.84672,12.849,0.84672,3695.15,0,0.0036966,2.32976e-05,0.227405,1.87879,2.91833,1.47662,3.54789,0.42336,0.0018483,0.21168,0.0018483,0.21168,460.486,0,0.878368,0,0,1.10577,0.227405,1.028160,1,0,24.0086,0,0,0,24.0086,0
47.6635,2.73218,0,0,1.39326,0.0513958,0.36288,3.6288,57.1673,0.880316,0,0,0.632572,0.309231,0,0.66528,12.849,1,0.710402,0.36288,0,24.3283,5.83495,18.1458,0.84672,12.849,0.84672,3695.15,0,0.0036966,2.81872e-05,0.227405,1.87918,2.85424,1.47662,3.48418,0.42336,0.0018483,0.21168,0.0018483,0.21168,460.486,0,0.787553,0,0,1.01496,0.227405,1.028160,1,0,21.63,0,0,0,21.63,0
46.3473,2.71216,0,0,1.80751,0.0486554,0.36288,3.6288,56.8044,0.702054,0,0,0.649287,0.310115,0,0.66528,12.849,1,0.731136,0.36288,0,27.6722,5.86152,21.4424,0.84672,12.849,0.84672,3695.15,0,0.0036966,2.26984e-05,0.227405,1.93378,3.141,1.53055,3.77161,0.42336,0.0018483,0.21168,0.0018483,0.21168,460.486,0,0.966168,0,0,1.19357,0.227405,1.028160,1,0,25.214,0,0,0,25.214,0
45.1648,2.69646,0,0,1.92473,0.047954,0.36288,3.6288,56.6533,0.640411,0,0,0.798651,0.309385,0,0.66528,12.849,1,0.747547,0.36288,0,35.214,5.86152,28.9678,0.84672,12.849,0.84672,3695.15,0,0.0036966,2.08377e-05,0.442947,1.93418,3.5084,1.53055,4.35496,0.42336,0.0018483,0.21168,0.0018483,0.21168,460.486,0,1.02816,0,0,1.47111,0.442947,1.028160,1,0,33.3227,0,0,0,33.3227,0
43.6563,2.68178,0,0,1.58345,0.0473239,0.36288,3.6288,56.0579,0.867905,0,0,0.581641,0.30908,0,0.66528,12.849,1,0.762943,0.36288,0,32.2614,5.86152,25.9998,0.84672,12.849,0.84672,3695.15,0,0.0036966,2.83152e-05,0.204422,1.93458,2.87352,1.53055,3.48194,0.42336,0.0018483,0.21168,0.0018483,0.21168,460.486,0,0.801006,0,0,1.00543,0.204422,1.028160,1,0,29.4818,0,0,0,29.4818,0
42.5582,2.66196,0,0,1.97326,0.04652,0.36288,3.6288,56.1165,0.641105,0,0,1.00757,0.307882,0,0.66528,12.849,1,0.783474,0.36288,0,31.4473,5.86152,25.1652,0.84672,12.849,0.84672,3695.15,0,0.0036966,2.1138e-05,0.95872,1.93498,4.48174,1.53055,5.84487,0.42336,0.0018483,0.21168,0.0018483,0.21168,460.486,0,1.02816,0,0,1.98688,0.95872,1.028160,1,0,31.01,0,0,0,31.01,0
41.3824,2.69278,0,0,1.92397,0.0440961,0.36288,3.6288,55.8663,0.639498,0,0,0.642726,0.253454,0,0.66528,12.849,1,0.812993,0.36288,0,31.7877,5.3956,25.942,0.84672,12.849,0.84672,3695.15,0,0.0036966,2.10631e-05,0.394943,1.93539,3.02332,1.39398,3.95965,0.42336,0.0018483,0.21168,0.0018483,0.21168,460.486,0,1.02816,0,0,1.4231,0.394943,1.028160,1,0,29.9016,0,0,0,29.9016,0
41.3113,2.67571,0,0,3.00764,0.0401254,0.36288,3.6288,55.8119,0.639845,0,0,0.835425,0.249898,0,0.66528,12.849,1,0.830792,0.36288,0,25.0482,5.7268,18.8535,0.84672,12.849,0.84672,3695.15,0,0.0036966,2.11689e-05,1.27814,1.94545,3.50054,1.54082,5.18329,0.42336,0.0018483,0.21168,0.0018483,0.21168,460.486,0,1.02816,0,0,2.3063,1.27814,1.028160,1,0,24.0368,0,0,0,24.0368,0
40.1467,2.67517,0,0,1.91359,0.0400919,0.36288,3.6288,55.5095,0.640192,0,0,0.587538,0.249809,0,0.66528,12.849,1,0.832055,0.36288,0,38.2308,5.7268,32.0348,0.84672,12.849,0.84672,3695.15,0,0.0036966,2.1201e-05,0.827453,1.94586,2.39998,1.54082,3.63245,0.42336,0.0018483,0.21168,0.0018483,0.21168,460.486,0,1.02816,0,0,1.85561,0.827453,1.028160,1,0,35.6673,0,0,0,35.6673,0
38.6522,2.66123,0,0,1.56908,0.0395423,0.36288,3.6288,55.1562,0.640539,0,0,0.536521,0.249315,0,0.66528,12.849,1,0.84672,0.36288,0,22.1789,5.7268,15.9682,0.84672,12.849,0.84672,3695.15,0,0.0036966,2.1328e-05,0.251234,1.94626,1.71504,1.54082,2.37169,0.42336,0.0018483,0.21168,0.0018483,0.21168,460.486,0,1.02816,0,0,1.27939,0.251234,1.028160,1,0,18.3399,0,0,0,18.3399,0
38.1819,2.57132,0,0,2.56049,0.0965516,0.36288,3.6288,55.0765,0.564095,0,0,0.723419,0.239021,0,0.66528,12.849,1,0.84672,0.36288,0,37.4811,4.99709,32.0002,0.84672,12.849,0.84672,3695.15,0,0.0036966,1.8903e-05,0.903666,1.94667,4.50398,1.37177,5.98252,0.42336,0.0018483,0.21168,0.0018483,0.21168,460.486,0,1.02816,0,0,1.93183,0.903666,1.028160,1,0,37.9827,0,0,0,37.9827,0
41.2967,2.57203,0,0,6.1804,0.130712,0.36288,3.6288,56.3162,0.564426,0,0,2.018,0.213816,0,0.66528,12.849,1,0.84672,0.36288,0,95.2266,4.13427,90.6085,0.84672,12.849,0.84672,3695.15,0,0.0036966,1.89415e-05,5.06534,1.87075,9.74989,1.12868,15.5573,0.42336,0.0018483,0.21168,0.0018483,0.21168,460.486,0,1.02816,0,0,6.0935,5.06534,1.028160,1,0,106.166,0,0,0,106.166,0
42.6254,2.60802,0,0,4.43518,0.13557,0.36288,3.6288,57.26,0.564758,0,0,1.72409,0.21556,0,0.66528,12.849,1,0.811455,0.36288,0,83.5669,4.13427,78.9841,0.84672,12.849,0.84672,3695.15,0,0.0036966,1.85354e-05,2.84815,1.87114,8.29336,1.12868,11.884,0.42336,0.0018483,0.21168,0.0018483,0.21168,460.486,0,1.02816,0,0,3.87631,2.84815,1.028160,1,0,90.8681,0,0,0,90.8681,0
45.4907,2.628,0,0,5.99389,0.137691,0.36288,3.6288,58.2331,0.565089,0,0,1.75512,0.216888,0,0.66528,12.849,1,0.792185,0.36288,0,87.5016,4.13427,82.938,0.84672,12.849,0.84672,3695.15,0,0.0036966,1.82406e-05,4.00381,1.87153,9.23383,1.12868,13.9805,0.42336,0.0018483,0.21168,0.0018483,0.21168,460.486,0,1.02816,0,0,5.03197,4.00381,1.028160,1,0,96.9185,0,0,0,96.9185,0
46.9914,2.46658,0,0,4.47237,0.142264,0.36288,3.6288,58.6296,0.405354,0,0,1.02012,0.218257,0,0.66528,12.849,1,0.696693,0.36288,0,82.455,4.13427,77.9869,0.84672,12.849,0.84672,3695.15,0,0.0036966,1.28658e-05,2.21192,1.87192,7.66705,1.12868,10.6222,0.42336,0.0018483,0.21168,0.0018483,0.21168,460.486,0,1.02816,0,0,3.24008,2.21192,1.028160,1,0,88.6091,0,0,0,88.6091,0
51.8667,2.48457,0,0,7.93555,0.21275,0.36288,3.6288,60.5258,0.405652,0,0,2.53542,0.233637,0,0.66528,12.849,1,0.679363,0.36288,0,105.988,3.98023,101.692,0.84672,12.849,0.84672,3695.15,0,0.0036966,1.27882e-05,4.10653,1.70036,8.50487,1.07094,13.2408,0.42336,0.0018483,0.21168,0.0018483,0.21168,460.486,0,1.02816,0,0,5.13469,4.10653,1.028160,1,0,114.933,0,0,0,114.933,0
58.7529,2.53628,0,0,10.0095,0.22414,0.36288,3.6288,61.308,0.405951,0,0,3.75163,0.236486,2.32696,0.66528,12.849,1,0.628315,0.36288,0,99.0973,3.98023,94.8516,0.84672,12.849,0.84672,3695.15,0,0.0036966,1.23967e-05,4.71933,1.70071,9.96227,1.07094,15.3114,0.42336,0.0018483,0.21168,0.0018483,0.21168,460.486,0,1.02816,0,0,5.74749,4.71933,1.028160,1,0,112.49,0,0,0,112.49,0
61.7587,2.59725,0,0,6.21463,0.248746,0.36288,3.6288,61.308,0.406249,0,0,2.15527,0.199836,1.54919,0.66528,12.849,1,0.568007,0.36288,0,105.249,3.56774,101.476,0.84672,12.849,0.84672,3695.15,0,0.0036966,1.22475e-05,3.05537,1.70107,7.95796,0.959095,11.7553,0.42336,0.0018483,0.21168,0.0018483,0.21168,460.486,0,1.02816,0,0,4.08353,3.05537,1.028160,1,0,114.781,0,0,0,114.781,0
62.7352,2.62068,0,0,4.21915,0.259082,0.36288,3.6288,61.308,0.406547,0,0,1.32655,0.184707,0.735297,0.66528,12.849,1,0.545238,0.36288,0,46.0945,3.40274,42.5094,0.84672,12.849,0.84672,3695.15,0,0.0036966,1.22565e-05,1.81702,1.70142,7.43973,0.914358,10.0438,0.42336,0.0018483,0.21168,0.0018483,0.21168,460.486,0,1.02816,0,0,2.84518,1.81702,1.028160,1,0,53.2885,0,0,0,53.2885,0
63.6885,2.71059,0,0,4.28771,0.260982,0.36288,3.6288,61.308,0.453234,0,0,1.46635,0.1963,0.816812,0.66528,12.849,1,0.555166,0.36288,0,93.9969,3.82682,89.9778,0.84672,12.849,0.84672,3695.15,0,0.0036966,1.3664e-05,1.8272,1.70177,9.1298,0.943003,11.7158,0.42336,0.0018483,0.21168,0.0018483,0.21168,460.486,0,1.02816,0,0,2.85536,1.8272,1.028160,1,0,102.51,0,0,0,102.51,0
66.0323,2.71804,0,0,5.68763,0.262877,0.36288,3.6288,61.308,0.453526,0,0,1.53121,0.204995,0.872686,0.66528,12.849,1,0.548359,0.36288,0,112.481,4.14488,108.15,0.84672,12.849,0.84672,3695.15,0,0.0036966,1.36728e-05,2.38089,1.75655,8.25345,0.964486,11.4264,0.42336,0.0018483,0.21168,0.0018483,0.21168,460.486,0,1.02816,0,0,3.40905,2.38089,1.028160,1,0,120.449,0,0,0,120.449,0
68.6142,2.73488,0,0,5.94752,0.267878,0.36288,3.6288,61.308,0.453818,0,0,1.61297,0.204995,0.954154,0.66528,12.849,1,0.532171,0.36288,0,132.375,4.14488,128.061,0.84672,12.849,0.84672,3695.15,0,0.0036966,1.36816e-05,2.03338,1.7569,7.78611,0.964486,10.6119,0.42336,0.0018483,0.21168,0.0018483,0.21168,460.486,0,1.02816,0,0,3.06154,2.03338,1.028160,1,0,139.627,0,0,0,139.627,0
68.6765,2.75229,0,0,3.45088,0.273388,0.36288,3.6288,61.308,0.454109,0,0,1.13022,0.204995,0.471111,0.66528,12.849,1,0.515406,0.36288,0,67.5295,4.14488,63.2321,0.84672,12.849,0.84672,3695.15,0,0.0036966,1.36904e-05,1.29819,1.75725,5.99925,0.964486,8.09019,0.42336,0.0018483,0.21168,0.0018483,0.21168,460.486,0,1.02816,0,0,2.32635,1.29819,1.028160,1,0,71.7934,0,0,0,71.7934,0
67.7908,3.02177,0,0,2.80465,0.305645,0.36288,3.6288,61.308,0.628715,0,0,1.07565,0.206274,0.240664,0.66528,12.849,1,0.565357,0.36288,0,61.0965,4.05195,56.842,0.84672,12.849,0.84672,3695.15,0,0.0036966,1.89544e-05,1.16115,1.75759,5.48101,1.0364,7.36333,0.42336,0.0018483,0.21168,0.0018483,0.21168,460.486,0,1.02816,0,0,2.18931,1.16115,1.028160,1,0,64.446,0,0,0,64.446,0
69.0029,3.01615,0,0,4.86582,0.274686,0.36288,3.6288,61.308,0.629042,0,0,1.81421,0.209344,0.975829,0.66528,12.849,1,0.571678,0.36288,0,83.84,4.11894,79.5122,0.84672,12.849,0.84672,3695.15,0,0.0036966,1.89642e-05,1.80756,1.95236,8.09143,1.04217,10.8092,0.42336,0.0018483,0.21168,0.0018483,0.21168,460.486,0,1.02816,0,0,2.83572,1.80756,1.028160,1,0,91.2972,0,0,0,91.2972,0
69.15,3.02521,0,0,3.81244,0.277302,0.36288,3.6288,61.308,0.629368,0,0,1.31163,0.209344,0.472918,0.66528,12.849,1,0.563324,0.36288,0,67.7165,4.11894,63.3971,0.84672,12.849,0.84672,3695.15,0,0.0036966,1.8974e-05,1.44074,1.95274,6.07237,1.04217,8.42367,0.42336,0.0018483,0.21168,0.0018483,0.21168,460.486,0,1.02816,0,0,2.4689,1.44074,1.028160,1,0,72.2937,0,0,0,72.2937,0
68.2295,3.02682,0,0,2.74683,0.277619,0.36288,3.6288,61.2098,0.646662,0,0,0.757852,0.209344,0,0.66528,12.849,1,0.562424,0.36288,0,48.7692,4.11894,44.4507,0.84672,12.849,0.84672,3695.15,0,0.0036966,1.94954e-05,0.608429,1.95313,4.9598,1.04217,6.47917,0.42336,0.0018483,0.21168,0.0018483,0.21168,460.486,0,1.01119,0,0,1.61962,0.608429,1.028160,1,0,50.9299,0,0,0,50.9299,0
67.9016,2.63809,0,0,2.90847,0.235378,0.36288,3.6288,61.308,0.395905,0,0,1.02737,0.225112,0.308195,0.66528,12.849,1,0.496807,0.36288,0,65.118,4.27334,60.7108,0.84672,12.849,0.84672,3695.15,0,0.0036966,1.19548e-05,1.00397,1.95351,5.6603,1.15825,7.45951,0.42336,0.0018483,0.21168,0.0018483,0.21168,460.486,0,1.02816,0,0,2.03213,1.00397,1.028160,1,0,68.4785,0,0,0,68.4785,0
70.1979,2.6366,0,0,5.60833,0.312575,0.36288,3.6288,61.308,0.396185,0,0,1.52854,0.21577,0.916582,0.66528,12.849,1,0.498922,0.36288,0,94.8145,4.20448,90.474,0.84672,12.849,0.84672,3695.15,0,0.0036966,1.19441e-05,1.65524,1.68774,7.90707,1.04175,10.2083,0.42336,0.0018483,0.21168,0.0018483,0.21168,460.486,0,1.02816,0,0,2.6834,1.65524,1.028160,1,0,101.599,0,0,0,101.599,0
72.29,2.65091,0,0,5.77153,0.304203,0.724294,3.6288,61.308,0.396465,0,0,1.56325,0.21322,0.953567,0.66528,12.849,1,0.485223,0.724294,0,97.5335,4.0446,93.728,0.84672,12.849,0.84672,3695.15,0,0.0036966,1.19525e-05,1.36886,1.68807,7.78438,0.944066,9.89723,0.42336,0.0018483,0.21168,0.0018483,0.21168,460.486,0,1.02816,0,0,2.39702,1.36886,1.028160,1,0,104.579,0,0,0,104.579,0
72.29,2.66336,0,0,5.47614,0.308771,2.50401,3.6288,61.308,0.396746,0,0,1.60518,0.174037,1.0344,0.66528,12.849,1,0.473393,2.50401,0,92.0272,3.71542,90.3424,0.84672,12.849,0.84672,3695.15,0,0.0036966,1.1961e-05,1.62556,1.6884,7.92988,0.785218,10.4586,0.42336,0.0018483,0.21168,0.0018483,0.21168,460.486,0,1.02816,0,0,2.65372,1.62556,1.028160,1,0,101.835,0,0,0,101.835,0
72.29,2.66389,0,0,5.99545,0.308771,3.02279,3.6288,61.308,0.397026,0,0,1.408,0.174037,0.836937,0.66528,12.849,1,0.473486,3.02279,0,101.843,3.71542,100.677,0.84672,12.849,0.84672,3695.15,0,0.0036966,1.19695e-05,1.11678,1.68873,7.37398,0.785218,9.39426,0.42336,0.0018483,0.21168,0.0018483,0.21168,460.486,0,1.02816,0,0,2.14494,1.11678,1.028160,1,0,110.908,0,0,0,110.908,0
72.29,2.76176,0,0,6.05447,0.342138,2.95057,3.6288,61.308,0.454636,0,0,2.43859,0.185691,1.79826,0.66528,12.849,1,0.490883,2.95057,0,102.155,3.96015,100.655,0.84672,12.849,0.84672,3695.15,0,0.0036966,1.37063e-05,2.9807,1.68906,11.1192,0.937312,14.8517,0.42336,0.0018483,0.21168,0.0018483,0.21168,460.486,0,1.02816,0,0,4.00886,2.9807,1.028160,1,0,117.305,0,0,0,117.305,0
72.29,2.76231,0,0,4.82016,0.355485,1.70237,3.6288,61.308,0.454928,0,0,2.00661,0.190352,1.36133,0.66528,12.849,1,0.490979,1.70237,0,91.4855,4.05804,88.6389,0.84672,12.849,0.84672,3695.15,0,0.0036966,1.37151e-05,2.25265,1.75518,10.4308,0.99815,13.4405,0.42336,0.0018483,0.21168,0.0018483,0.21168,460.486,0,1.02816,0,0,3.28081,2.25265,1.028160,1,0,103.441,0,0,0,103.441,0
72.29,2.76285,0,0,3.61764,0.32724,0.527547,3.6288,61.308,0.45522,0,0,1.62688,0.199713,0.971945,0.66528,12.849,1,0.491076,0.527547,0,77.1059,4.14143,73.001,0.84672,12.849,0.84672,3695.15,0,0.0036966,1.37239e-05,1.73495,1.75552,7.39307,1.00397,9.87956,0.42336,0.0018483,0.21168,0.0018483,0.21168,460.486,0,1.02816,0,0,2.76311,1.73495,1.028160,1,0,83.8525,0,0,0,83.8525,0
71.9855,2.76339,0,0,3.11133,0.289579,0.36288,3.6288,61.308,0.455512,0,0,1.32766,0.212193,0.659952,0.66528,12.849,1,0.491172,0.36288,0,52.6727,4.2526,48.2918,0.84672,12.849,0.84672,3695.15,0,0.0036966,1.37327e-05,1.32983,1.75587,6.04004,1.01174,8.114,0.42336,0.0018483,0.21168,0.0018483,0.21168,460.486,0,1.02816,0,0,2.35799,1.32983,1.028160,1,0,57.0658,0,0,0,57.0658,0
71.6382,2.7241,0,0,3.02155,0.281816,0.36288,3.6288,61.308,0.43352,0,0,1.34739,0.205906,0.707965,0.66528,12.849,1,0.486237,0.36288,0,58.3565,4.27164,53.9615,0.84672,12.849,0.84672,3695.15,0,0.0036966,1.30697e-05,1.36003,1.75621,6.3073,0.990252,8.43328,0.42336,0.0018483,0.21168,0.0018483,0.21168,460.486,0,1.02816,0,0,2.38819,1.36003,1.028160,1,0,63.1027,0,0,0,63.1027,0
71.3926,2.72264,0,0,3.11148,0.271639,0.36288,3.6288,61.308,0.433807,0,0,1.3682,0.197523,0.736865,0.66528,12.849,1,0.488332,0.36288,0,66.3396,4.29702,61.9172,0.84672,12.849,0.84672,3695.15,0,0.0036966,1.30783e-05,1.28199,1.73093,6.48905,0.961606,8.54036,0.42336,0.0018483,0.21168,0.0018483,0.21168,460.486,0,1.02816,0,0,2.31015,1.28199,1.028160,1,0,71.1944,0,0,0,71.1944,0
70.7701,2.72175,0,0,2.73334,0.27113,0.36288,3.6288,61.308,0.434095,0,0,1.3183,0.197523,0.686682,0.66528,12.849,1,0.489852,0.36288,0,61.6509,4.29702,57.2269,0.84672,12.849,0.84672,3695.15,0,0.0036966,1.3087e-05,1.11063,1.73128,6.36809,0.961606,8.24838,0.42336,0.0018483,0.21168,0.0018483,0.21168,460.486,0,1.02816,0,0,2.13879,1.11063,1.028160,1,0,66.162,0,0,0,66.162,0
70.5184,2.71864,0,0,3.09963,0.269841,0.36288,3.6288,61.308,0.434382,0,0,1.37614,0.197523,0.744239,0.66528,12.849,1,0.493595,0.36288,0,69.1321,4.29702,64.7044,0.84672,12.849,0.84672,3695.15,0,0.0036966,1.30957e-05,0.955739,1.73162,7.3669,0.961606,9.09263,0.42336,0.0018483,0.21168,0.0018483,0.21168,460.486,0,1.02816,0,0,1.9839,0.955739,1.028160,1,0,74.5412,0,0,0,74.5412,0
69.8282,2.8466,0,0,2.71089,0.191653,0.36288,3.6288,61.308,0.513757,0,0,1.1699,0.233874,0.422269,0.66528,12.849,1,0.518673,0.36288,0,58.0499,4.76988,53.1242,0.84672,12.849,0.84672,3695.15,0,0.0036966,1.54886e-05,0.938295,1.73196,5.99969,1.06426,7.60566,0.42336,0.0018483,0.21168,0.0018483,0.21168,460.486,0,1.02816,0,0,1.96646,0.938295,1.028160,1,0,61.1522,0,0,0,61.1522,0
68.9207,2.84283,0,0,2.50123,0.202959,0.36288,3.6288,61.308,0.51406,0,0,1.09768,0.197006,0.386611,0.66528,12.849,1,0.523106,0.36288,0,50.8662,4.51395,46.192,0.84672,12.849,0.84672,3695.15,0,0.0036966,1.54978e-05,0.918415,1.82196,5.26765,0.924934,7.08308,0.42336,0.0018483,0.21168,0.0018483,0.21168,460.486,0,1.02816,0,0,1.94657,0.918415,1.028160,1,0,53.6617,0,0,0,53.6617,0
67.8845,2.83758,0,0,2.35093,0.186702,0.36288,3.6288,61.308,0.514363,0,0,1.14316,0.200576,0.428219,0.66528,12.849,1,0.529015,0.36288,0,46.8531,4.62231,42.0646,0.84672,12.849,0.84672,3695.15,0,0.0036966,1.55069e-05,0.923253,1.82232,5.35366,0.904875,7.19435,0.42336,0.0018483,0.21168,0.0018483,0.21168,460.486,0,1.02816,0,0,1.95141,0.923253,1.028160,1,0,49.6872,0,0,0,49.6872,0
66.7642,2.83135,0,0,2.2591,0.185195,0.36288,3.6288,61.308,0.514667,0,0,1.16453,0.200576,0.449291,0.66528,12.849,1,0.53591,0.36288,0,44.1691,4.62231,39.3737,0.84672,12.849,0.84672,3695.15,0,0.0036966,1.55161e-05,0.826114,1.82268,5.33835,0.904875,7.08225,0.42336,0.0018483,0.21168,0.0018483,0.21168,460.486,0,1.02816,0,0,1.85427,0.826114,1.028160,1,0,46.9053,0,0,0,46.9053,0
65.5102,2.82436,0,0,2.11681,0.183567,0.36288,3.6288,61.308,0.51497,0,0,1.08378,0.200576,0.368238,0.66528,12.849,1,0.543558,0.36288,0,41.3779,4.62231,36.5749,0.84672,12.849,0.84672,3695.15,0,0.0036966,1.55252e-05,0.699831,1.82304,4.94954,0.904875,6.56752,0.42336,0.0018483,0.21168,0.0018483,0.21168,460.486,0,1.02816,0,0,1.72799,0.699831,1.028160,1,0,43.5107,0,0,0,43.5107,0
64.2069,2.79099,0,0,1.97716,0.12657,0.36288,3.6288,61.308,0.558783,0,0,0.829371,0.186883,0.083705,0.66528,12.849,1,0.547418,0.36288,0,34.5722,4.91568,29.472,0.84672,12.849,0.84672,3695.15,0,0.0036966,1.68461e-05,0.837181,1.8234,4.50711,1.00619,6.16148,0.42336,0.0018483,0.21168,0.0018483,0.21168,460.486,0,1.02816,0,0,1.86534,0.837181,1.028160,1,0,35.7171,0,0,0,35.7171,0
62.7342,2.78228,0,0,1.78894,0.116468,0.36288,3.6288,61.2862,0.559095,0,0,0.706882,0.169619,0,0.66528,12.849,1,0.556786,0.36288,0,31.7568,4.76038,26.8025,0.84672,12.849,0.84672,3695.15,0,0.0036966,1.68555e-05,0.651819,1.85172,4.13151,1.00801,5.62702,0.42336,0.0018483,0.21168,0.0018483,0.21168,460.486,0,1.02816,0,0,1.67998,0.651819,1.028160,1,0,32.4295,0,0,0,32.4295,0
61.1311,2.77197,0,0,1.63805,0.106251,0.36288,3.6288,61.208,0.559407,0,0,0.672797,0.19153,0,0.66528,12.849,1,0.567746,0.36288,0,28.0055,5.04268,22.758,0.84672,12.849,0.84672,3695.15,0,0.0036966,1.68709e-05,0.582889,1.85208,4.0123,1.11106,5.3362,0.42336,0.0018483,0.21168,0.0018483,0.21168,460.486,0,1.02816,0,0,1.61105,0.582889,1.028160,1,0,28.0942,0,0,0,28.0942,0
59.4714,2.76021,0,0,1.54646,0.0830718,0.36288,3.6288,61.0299,0.559719,0,0,0.627862,0.246246,0,0.66528,12.849,1,0.580162,0.36288,0,24.9087,5.74843,18.943,0.84672,12.849,0.84672,3695.15,0,0.0036966,1.69019e-05,0.55474,1.85245,3.82723,1.36867,4.86573,0.42336,0.0018483,0.21168,0.0018483,0.21168,460.486,0,1.02816,0,0,1.5829,0.55474,1.028160,1,0,23.8087,0,0,0,23.8087,0
57.6531,2.81156,0,0,1.43789,0.0817765,0.36288,3.6288,60.7565,0.598839,0,0,0.585782,0.260376,0,0.66528,12.849,1,0.607446,0.36288,0,24.2085,5.85388,18.1101,0.84672,12.849,0.84672,3695.15,0,0.0036966,1.81359e-05,0.556762,1.85281,3.57094,1.41594,4.56455,0.42336,0.0018483,0.21168,0.0018483,0.21168,460.486,0,1.02816,0,0,1.58492,0.556762,1.028160,1,0,22.6746,0,0,0,22.6746,0
55.9678,2.79644,0,0,1.55423,0.0801748,0.36288,3.6288,60.4168,0.599159,0,0,0.555327,0.295879,0,0.66528,12.849,1,0.623235,0.36288,0,23.7856,6.11751,17.4077,0.84672,12.849,0.84672,3695.15,0,0.0036966,1.82273e-05,0.611781,1.89777,3.37893,1.53411,4.35436,0.42336,0.0018483,0.21168,0.0018483,0.21168,460.486,0,1.02816,0,0,1.63994,0.611781,1.028160,1,0,21.7621,0,0,0,21.7621,0
54.1208,2.78172,0,0,1.37637,0.078853,0.36288,3.6288,60.0435,0.599478,0,0,0.521484,0.295242,0,0.66528,12.849,1,0.638622,0.36288,0,22.4104,6.11751,16.0172,0.84672,12.849,0.84672,3695.15,0,0.0036966,1.83395e-05,0.498519,1.89814,3.34606,1.53411,4.20859,0.42336,0.0018483,0.21168,0.0018483,0.21168,460.486,0,1.02816,0,0,1.52668,0.498519,1.028160,1,0,20.2258,0,0,0,20.2258,0
52.1661,2.76465,0,0,1.25027,0.0774042,0.36288,3.6288,59.6566,0.599798,0,0,0.507354,0.294541,0,0.66528,12.849,1,0.656365,0.36288,0,21.0957,6.11751,14.6847,0.84672,12.849,0.84672,3695.15,0,0.0036966,1.84634e-05,0.399902,1.89852,3.22661,1.53411,3.9909,0.42336,0.0018483,0.21168,0.0018483,0.21168,460.486,0,1.02816,0,0,1.42806,0.399902,1.028160,1,0,18.6756,0,0,0,18.6756,0
50.0096,2.79116,0,0,1.05895,0.0614057,0.36288,3.6288,59.2046,0.657188,0,0,0.504599,0.299414,0,0.66528,12.849,1,0.687488,0.36288,0,20.1047,6.39431,13.3858,0.84672,12.849,0.84672,3695.15,0,0.0036966,2.03612e-05,0.387625,1.89889,3.16626,1.53461,3.91814,0.42336,0.0018483,0.21168,0.0018483,0.21168,460.486,0,1.02816,0,0,1.41578,0.387625,1.028160,1,0,17.3039,0,0,0,17.3039,0
48.0393,2.76811,0,0,1.22416,0.0634299,0.36288,3.6288,58.6685,0.657519,0,0,0.430561,0.309118,0,0.66528,12.849,1,0.711213,0.36288,0,18.6634,6.70533,11.6098,0.84672,12.849,0.84672,3695.15,0,0.0036966,2.0527e-05,0.279962,1.95403,3.29246,1.52739,3.99904,0.42336,0.0018483,0.21168,0.0018483,0.21168,460.486,0,1.02816,0,0,1.30812,0.279962,1.028160,1,0,15.6088,0,0,0,15.6088,0
46.2895,2.74563,0,0,1.41978,0.0611396,0.36288,3.6288,58.2172,0.65785,0,0,0.518156,0.311547,0,0.66528,12.849,1,0.73437,0.36288,0,23.7776,6.78289,16.6232,0.84672,12.849,0.84672,3695.15,0,0.0036966,2.0725e-05,0.577109,1.95442,3.65494,1.54351,4.64293,0.42336,0.0018483,0.21168,0.0018483,0.21168,460.486,0,1.02816,0,0,1.60527,0.577109,1.028160,1,0,21.2662,0,0,0,21.2662,0
44.2638,2.72444,0,0,1.12166,0.0599727,0.36288,3.6288,57.5441,0.740734,0,0,0.378232,0.310643,0,0.66528,12.849,1,0.756248,0.36288,0,24.5377,6.78289,17.3614,0.84672,12.849,0.84672,3695.15,0,0.0036966,2.35171e-05,0.204422,1.9548,2.89603,1.54351,3.51172,0.42336,0.0018483,0.21168,0.0018483,0.21168,460.486,0,0.945605,0,0,1.15003,0.204422,1.028160,1,0,20.8731,0,0,0,20.8731,0
42.5334,2.69814,0,0,1.38921,0.0586218,0.36288,3.6288,57.2055,0.658512,0,0,0.629244,0.309295,0,0.66528,12.849,1,0.783222,0.36288,0,21.7459,6.78289,14.5427,0.84672,12.849,0.84672,3695.15,0,0.0036966,2.11512e-05,1.02303,1.95518,4.35192,1.54351,5.7866,0.42336,0.0018483,0.21168,0.0018483,0.21168,460.486,0,1.02816,0,0,2.05119,1.02303,1.028160,1,0,20.3293,0,0,0,20.3293,0
41.1027,2.72046,0,0,1.70167,0.0490154,0.36288,3.6288,56.926,0.656869,0,0,0.673858,0.296475,0,0.66528,12.849,1,0.821829,0.36288,0,23.0882,6.29925,16.33,0.84672,12.849,0.84672,3695.15,0,0.0036966,2.12233e-05,0.700479,1.95557,4.83796,1.47497,6.01901,0.42336,0.0018483,0.21168,0.0018483,0.21168,460.486,0,1.02816,0,0,1.72864,0.700479,1.028160,1,0,22.349,0,0,0,22.349,0
38.8968,2.69919,0,0,0.896478,0.0403207,0.36288,3.6288,56.184,0.858332,0,0,0.414878,0.298579,0,0.66528,12.849,1,0.843787,0.36288,0,28.1595,6.26,21.4186,0.84672,12.849,0.84672,3695.15,0,0.0036966,2.78687e-05,0.204422,1.96572,2.57655,1.54949,3.19718,0.42336,0.0018483,0.21168,0.0018483,0.21168,460.486,0,0.827021,0,0,1.03144,0.204422,1.028160,1,0,24.6158,0,0,0,24.6158,0
36.6294,2.69695,0,0,0.831738,0.03929,0.36288,3.6288,55.1987,1.10934,0,0,0.421148,0.297138,0,0.66528,12.849,1,0.84672,0.36288,0,16.7259,6.26,9.98208,0.84672,12.849,0.84672,3695.15,0,0.0036966,3.64941e-05,0.216518,1.9661,1.94707,1.54949,2.58016,0.42336,0.0018483,0.21168,0.0018483,0.21168,460.486,0,0.57634,0,0,0.792858,0.216518,1.028160,1,0,12.5622,0,0,0,12.5622,0
35.6653,2.69764,0,0,2.20086,0.104492,0.36288,3.6288,54.9933,0.657861,0,0,0.75609,0.303645,0,0.66528,12.849,1,0.84672,0.36288,0,24.9309,5.70255,18.7445,0.84672,12.849,0.84672,3695.15,0,0.0036966,2.20281e-05,0.988088,1.96649,5.68808,1.42579,7.21685,0.42336,0.0018483,0.21168,0.0018483,0.21168,460.486,0,1.02816,0,0,2.01625,0.988088,1.028160,1,0,25.9614,0,0,0,25.9614,0
34.271,2.60675,0,0,1.69938,0.123986,0.36288,3.6288,54.576,0.689681,0,0,0.575784,0.303361,0,0.66528,12.849,1,0.84672,0.36288,0,43.6702,5.37435,37.812,0.84672,12.849,0.84672,3695.15,0,0.0036966,2.31799e-05,0.216518,1.96688,3.42844,1.34332,4.26849,0.42336,0.0018483,0.21168,0.0018483,0.21168,460.486,0,0.91908,0,0,1.1356,0.216518,1.028160,1,0,42.0805,0,0,0,42.0805,0
33.5081,2.60743,0,0,2.35143,0.144106,0.36288,3.6288,54.1718,0.58092,0,0,0.416094,0.239408,0,0.66528,12.849,1,0.84672,0.36288,0,48.1995,4.01877,43.6969,0.84672,12.849,0.84672,3695.15,0,0.0036966,1.96738e-05,0.283971,1.89015,4.25199,1.11995,5.30614,0.42336,0.0018483,0.21168,0.0018483,0.21168,460.486,0,1.02816,0,0,1.31213,0.283971,1.028160,1,0,49.0031,0,0,0,49.0031,0
32.5898,2.6081,0,0,2.19548,0.14276,0.36288,3.6288,54.1629,0.581236,0,0,0.811133,0.238769,0,0.66528,12.849,1,0.84672,0.36288,0,57.4684,4.01877,52.9658,0.84672,12.849,0.84672,3695.15,0,0.0036966,1.98313e-05,0.763672,1.89052,4.01456,1.11995,5.54878,0.42336,0.0018483,0.21168,0.0018483,0.21168,460.486,0,1.02816,0,0,1.79183,0.763672,1.028160,1,0,58.5146,0,0,0,58.5146,0
31.77,2.60878,0,0,2.29993,0.14812,0.36288,3.6288,53.9562,0.581552,0,0,0.616554,0.241691,0,0.66528,12.849,1,0.84672,0.36288,0,45.8161,3.78183,41.5504,0.84672,12.849,0.84672,3695.15,0,0.0036966,1.98454e-05,0.628776,1.8909,5.19112,1.06956,6.64121,0.42336,0.0018483,0.21168,0.0018483,0.21168,460.486,0,1.02816,0,0,1.65694,0.628776,1.028160,1,0,48.1916,0,0,0,48.1916,0
32.54,2.34916,0,0,3.64592,0.16387,0.36288,3.6288,54.3978,0.42015,0,0,1.11038,0.248688,0,0.66528,12.849,1,0.84672,0.36288,0,88.0563,3.18948,84.383,0.84672,12.849,0.84672,3695.15,0,0.0036966,1.43925e-05,1.31904,1.89127,6.33944,0.943565,8.60617,0.42336,0.0018483,0.21168,0.0018483,0.21168,460.486,0,1.02816,0,0,2.3472,1.31904,1.028160,1,0,92.9891,0,0,0,92.9891,0
33.9402,2.26377,0,0,4.21211,0.185181,0.36288,3.6288,54.7327,0.506459,0,0,1.06517,0.223746,0,0.66528,12.849,1,0.84672,0.36288,0,83.3077,4.09326,78.7306,0.84672,12.849,0.84672,3695.15,0,0.0036966,1.72082e-05,1.52051,1.71791,7.82373,0.988326,10.0738,0.42336,0.0018483,0.21168,0.0018483,0.21168,460.486,0,1.02816,0,0,2.54867,1.52051,1.028160,1,0,88.8045,0,0,0,88.8045,0
35.5754,2.26469,0,0,4.45453,0.191767,0.36288,3.6288,55.6592,0.506459,0,0,1.65285,0.219954,0,0.66528,12.849,1,0.84672,0.36288,0,114.01,4.24389,109.282,0.84672,12.849,0.84672,3695.15,0,0.0036966,1.71029e-05,2.16371,1.76859,9.20151,0.995787,12.138,0.42336,0.0018483,0.21168,0.0018483,0.21168,460.486,0,1.02816,0,0,3.19187,2.16371,1.028160,1,0,121.42,0,0,0,121.42,0
38.0299,2.2865,0,0,5.29944,0.19562,0.36288,3.6288,56.6389,0.506459,0,0,1.70751,0.221298,0,0.66528,12.849,1,0.825828,0.36288,0,149.585,4.24389,144.878,0.84672,12.849,0.84672,3695.15,0,0.0036966,1.68182e-05,1.99975,1.76876,7.17013,0.995787,9.94283,0.42336,0.0018483,0.21168,0.0018483,0.21168,460.486,0,1.02816,0,0,3.02791,1.99975,1.028160,1,0,154.821,0,0,0,154.821,0
39.4797,2.32702,0,0,4.33266,0.19292,0.36288,3.6288,57.1925,0.50646,0,0,1.24491,0.184907,0,0.66528,12.849,1,0.786221,0.36288,0,93.4044,3.79452,89.1866,0.84672,12.849,0.84672,3695.15,0,0.0036966,1.65273e-05,0.877444,1.76893,5.85622,0.951631,7.55095,0.42336,0.0018483,0.21168,0.0018483,0.21168,460.486,0,1.02816,0,0,1.9056,0.877444,1.028160,1,0,96.7375,0,0,0,96.7375,0
43.8955,2.34902,0,0,7.31705,0.189402,0.36288,3.6288,58.5874,0.506176,0,0,2.08897,0.187843,0,0.66528,12.849,1,0.764509,0.36288,0,83.0339,3.7892,78.843,0.84672,12.849,0.84672,3695.15,0,0.0036966,1.63582e-05,2.07705,1.7691,14.5286,0.918084,17.4566,0.42336,0.0018483,0.21168,0.0018483,0.21168,460.486,0,1.02816,0,0,3.10521,2.07705,1.028160,1,0,96.2997,0,0,0,96.2997,0
44.0002,2.48651,0,0,3.14602,0.191914,0.36288,3.6288,58.8815,0.553325,0,0,1.04854,0.201106,0,0.66528,12.849,1,0.727848,0.36288,0,82.5612,3.88195,78.3143,0.84672,12.849,0.84672,3695.15,0,0.0036966,1.74562e-05,0.625942,1.76894,5.73222,0.883166,7.24391,0.42336,0.0018483,0.21168,0.0018483,0.21168,460.486,0,1.02816,0,0,1.6541,0.625942,1.028160,1,0,85.5582,0,0,0,85.5582,0
43.8558,2.52482,0,0,2.93549,0.192143,0.36288,3.6288,59.2018,0.506454,0,0,1.02825,0.201487,0,0.66528,12.849,1,0.737302,0.36288,0,76.5357,3.88195,72.2793,0.84672,12.849,0.84672,3695.15,0,0.0036966,1.58977e-05,0.59711,1.82426,5.6747,0.883166,7.21289,0.42336,0.0018483,0.21168,0.0018483,0.21168,460.486,0,1.02816,0,0,1.62527,0.59711,1.028160,1,0,79.4922,0,0,0,79.4922,0
43.8439,2.52363,0,0,3.11168,0.23705,0.36288,3.6288,59.5303,0.506454,0,0,1.04259,0.207695,0,0.66528,12.849,1,0.739381,0.36288,0,80.5162,4.21886,75.9208,0.84672,12.849,0.84672,3695.15,0,0.0036966,1.58116e-05,0.621017,1.797,5.86165,1.07167,7.20798,0.42336,0.0018483,0.21168,0.0018483,0.21168,460.486,0,1.02816,0,0,1.64918,0.621017,1.028160,1,0,83.1288,0,0,0,83.1288,0
43.808,2.52417,0,0,3.11488,0.263799,0.36288,3.6288,59.7876,0.506454,0,0,0.995406,0.231654,0,0.66528,12.849,1,0.739738,0.36288,0,80.7512,4.92608,75.4482,0.84672,12.849,0.84672,3695.15,0,0.0036966,1.57244e-05,0.720887,1.79716,6.05991,1.50531,7.07263,0.42336,0.0018483,0.21168,0.0018483,0.21168,460.486,0,1.02816,0,0,1.74905,0.720887,1.028160,1,0,82.5209,0,0,0,82.5209,0
42.6132,2.77339,0,0,2.17782,0.236324,0.36288,3.6288,59.9132,0.66528,0,0,0.960777,0.16985,0,0.66528,12.849,1,0.813443,0.36288,0,56.2426,2.74376,53.0483,0.84672,12.849,0.84672,3695.15,0,0.0036966,0.0018483,1.00376,1.79733,4.44275,0.937126,6.30487,0.42336,0.0018483,0.21168,0.0018483,0.21168,460.486,0,1.02816,0,0,2.03192,1.00376,1.028160,1,0,59.3531,0,0,0,59.3531,0
42.1963,2.78474,0,0,2.96385,0.233095,0.36288,3.6288,60.0347,0.645954,0,0,0.937388,0.169987,0,0.66528,12.849,1,0.839671,0.36288,0,81.3446,2.74376,78.124,0.84672,12.849,0.84672,3695.15,0,0.0036966,1.99274e-05,1.28657,1.9939,5.09442,0.937126,7.43774,0.42336,0.0018483,0.21168,0.0018483,0.21168,460.486,0,1.02816,0,0,2.31473,1.28657,1.028160,1,0,85.5618,0,0,0,85.5618,0
41.241,2.77889,0,0,2.41841,0.231969,0.36288,3.6288,60.2066,0.646264,0,0,0.988286,0.170118,0,0.66528,12.849,1,0.846187,0.36288,0,62.9332,2.74376,59.7061,0.84672,12.849,0.84672,3695.15,0,0.0036966,1.98967e-05,0.918389,1.97267,4.63482,0.937126,6.58873,0.42336,0.0018483,0.21168,0.0018483,0.21168,460.486,0,1.02816,0,0,1.94655,0.918389,1.028160,1,0,66.2948,0,0,0,66.2948,0
41.6921,2.77903,0,0,3.80528,0.212251,0.36288,3.6288,60.8993,0.646575,0,0,1.53248,0.193164,0,0.66528,12.849,1,0.84672,0.36288,0,112.58,3.6356,108.461,0.84672,12.849,0.84672,3695.15,0,0.0036966,1.98494e-05,1.53496,1.97304,10.5072,1.11949,12.8957,0.42336,0.0018483,0.21168,0.0018483,0.21168,460.486,0,1.02816,0,0,2.56312,1.53496,1.028160,1,0,121.357,0,0,0,121.357,0
42.9277,2.42072,0,0,4.24178,0.222617,0.36288,3.6288,61.308,0.410388,0,0,2.61824,0.14341,1.65575,0.66528,12.849,1,0.746035,0.36288,0,124.254,2.53029,121.34,0.84672,12.849,0.84672,3695.15,0,0.0036966,1.24553e-05,2.65102,1.9734,9.25819,0.749978,13.1326,0.42336,0.0018483,0.21168,0.0018483,0.21168,460.486,0,1.02816,0,0,3.67918,2.65102,1.028160,1,0,136.128,0,0,0,136.128,0
44.5579,2.36397,0,0,4.58294,0.225841,0.36288,3.6288,61.308,0.506443,0,0,2.52775,0.143781,1.87753,0.66528,12.849,1,0.707578,0.36288,0,134.595,2.53029,131.72,0.84672,12.849,0.84672,3695.15,0,0.0036966,1.52681e-05,3.19237,1.7049,10.7921,0.749978,14.9393,0.42336,0.0018483,0.21168,0.0018483,0.21168,460.486,0,1.02816,0,0,4.22053,3.19237,1.028160,1,0,148.537,0,0,0,148.537,0
47.4311,2.38473,0,0,5.85091,0.230094,0.36288,3.6288,61.308,0.506444,0,0,2.8976,0.143781,2.24737,0.66528,12.849,1,0.687676,0.36288,0,168.533,2.53029,165.678,0.84672,12.849,0.84672,3695.15,0,0.0036966,1.52681e-05,3.38119,1.76127,11.6453,0.749978,16.0377,0.42336,0.0018483,0.21168,0.0018483,0.21168,460.486,0,1.02816,0,0,4.40935,3.38119,1.028160,1,0,183.963,0,0,0,183.963,0
51.3638,2.41819,0,0,6.95103,0.237326,0.36288,3.6288,61.308,0.506444,0,0,3.35468,0.144807,2.70343,0.66528,12.849,1,0.655082,0.36288,0,242.772,2.77675,239.703,0.84672,12.849,0.84672,3695.15,0,0.0036966,1.52681e-05,3.75557,1.76143,16.7158,0.833111,21.3997,0.42336,0.0018483,0.21168,0.0018483,0.21168,460.486,0,1.02816,0,0,4.78373,3.75557,1.028160,1,0,263.806,0,0,0,263.806,0
56.0944,2.45899,0,0,7.82179,0.269246,0.36288,3.6288,61.308,0.506444,0,0,4.08485,0.170017,3.40838,0.66528,12.849,1,0.615134,0.36288,0,223.832,3.23935,220.341,0.84672,12.849,0.84672,3695.15,0,0.0036966,1.52681e-05,5.56772,1.76159,15.1928,0.860832,21.6613,0.42336,0.0018483,0.21168,0.0018483,0.21168,460.486,0,1.02816,0,0,6.59588,5.56772,1.028160,1,0,245.41,0,0,0,245.41,0
58.8014,2.6732,0,0,6.05053,0.30749,0.36288,3.6288,61.308,0.469632,0,0,3.26519,0.178917,2.61665,0.66528,12.849,1,0.612324,0.36288,0,198.888,3.21993,195.419,0.84672,12.849,0.84672,3695.15,0,0.0036966,1.41584e-05,4.91342,1.76175,15.6311,0.80421,21.502,0.42336,0.0018483,0.21168,0.0018483,0.21168,460.486,0,1.02816,0,0,5.94158,4.91342,1.028160,1,0,219.538,0,0,0,219.538,0
60.7649,2.69684,0,0,5.32549,0.302239,0.36288,3.6288,61.308,0.46991,0,0,2.46577,0.177252,1.81861,0.66528,12.849,1,0.5893,0.36288,0,148.488,3.31878,144.943,0.84672,12.849,0.84672,3695.15,0,0.0036966,1.41667e-05,3.89616,1.77293,9.82472,0.810637,14.6831,0.42336,0.0018483,0.21168,0.0018483,0.21168,460.486,0,1.02816,0,0,4.92432,3.89616,1.028160,1,0,161.444,0,0,0,161.444,0
61.6658,2.71306,0,0,4.25015,0.27339,0.36288,3.6288,61.308,0.470187,0,0,1.87248,0.173089,1.2292,0.66528,12.849,1,0.573688,0.36288,0,140.022,3.5659,136.246,0.84672,12.849,0.84672,3695.15,0,0.0036966,1.41751e-05,2.47788,1.77326,7.63085,0.826707,11.0553,0.42336,0.0018483,0.21168,0.0018483,0.21168,460.486,0,1.02816,0,0,3.50604,2.47788,1.028160,1,0,148.53,0,0,0,148.53,0
62.6023,2.7205,0,0,4.29086,0.270918,0.36288,3.6288,61.308,0.470465,0,0,1.86985,0.184014,1.21537,0.66528,12.849,1,0.566858,0.36288,0,116.176,3.50722,112.465,0.84672,12.849,0.84672,3695.15,0,0.0036966,1.41835e-05,2.35303,1.77359,7.23229,0.853853,10.505,0.42336,0.0018483,0.21168,0.0018483,0.21168,460.486,0,1.02816,0,0,3.38119,2.35303,1.028160,1,0,124.185,0,0,0,124.185,0
62.9615,2.69044,0,0,3.67415,0.261626,0.36288,3.6288,61.308,0.448234,0,0,1.39659,0.211326,0.737027,0.66528,12.849,1,0.552208,0.36288,0,126.655,3.36053,123.106,0.84672,12.849,0.84672,3695.15,0,0.0036966,1.35133e-05,2.37558,1.77391,6.65928,0.921721,9.88704,0.42336,0.0018483,0.21168,0.0018483,0.21168,460.486,0,1.02816,0,0,3.40374,2.37558,1.028160,1,0,133.73,0,0,0,133.73,0
62.9119,2.69356,0,0,3.26916,0.262395,0.36288,3.6288,61.308,0.448508,0,0,1.13814,0.211326,0.478305,0.66528,12.849,1,0.549693,0.36288,0,86.2773,3.36053,82.73,0.84672,12.849,0.84672,3695.15,0,0.0036966,1.35215e-05,2.27942,1.74836,6.33976,0.921721,9.4458,0.42336,0.0018483,0.21168,0.0018483,0.21168,460.486,0,1.02816,0,0,3.30758,2.27942,1.028160,1,0,92.6541,0,0,0,92.6541,0
62.6261,2.6937,0,0,3.03314,0.262289,0.36288,3.6288,61.308,0.448781,0,0,1.01691,0.211326,0.356803,0.66528,12.849,1,0.550156,0.36288,0,69.9918,3.36053,66.444,0.84672,12.849,0.84672,3695.15,0,0.0036966,1.35298e-05,1.698,1.74868,5.6051,0.921721,8.13005,0.42336,0.0018483,0.21168,0.0018483,0.21168,460.486,0,1.02816,0,0,2.72616,1.698,1.028160,1,0,74.9308,0,0,0,74.9308,0
61.9982,2.69211,0,0,2.61722,0.190164,0.36288,3.6288,61.308,0.449055,0,0,0.920618,0.228808,0.242755,0.66528,12.849,1,0.552341,0.36288,0,66.1997,3.71133,62.2989,0.84672,12.849,0.84672,3695.15,0,0.0036966,1.3538e-05,1.47682,1.74901,5.41415,1.04619,7.59378,0.42336,0.0018483,0.21168,0.0018483,0.21168,460.486,0,1.02816,0,0,2.50498,1.47682,1.028160,1,0,70.1354,0,0,0,70.1354,0
61.4047,2.81549,0,0,2.74043,0.155515,0.36288,3.6288,61.308,0.529208,0,0,0.98083,0.237391,0.214231,0.66528,12.849,1,0.583504,0.36288,0,72.4784,4.45869,67.7991,0.84672,12.849,0.84672,3695.15,0,0.0036966,1.59544e-05,1.38801,1.74933,5.52672,1.13567,7.52838,0.42336,0.0018483,0.21168,0.0018483,0.21168,460.486,0,1.02816,0,0,2.41617,1.38801,1.028160,1,0,75.5417,0,0,0,75.5417,0
60.7168,2.81134,0,0,2.62319,0.13695,0.36288,3.6288,61.308,0.529496,0,0,0.920739,0.242915,0.148327,0.66528,12.849,1,0.588276,0.36288,0,66.0182,4.65287,61.14,0.84672,12.849,0.84672,3695.15,0,0.0036966,1.59631e-05,1.19731,1.84022,5.34432,1.18016,7.20168,0.42336,0.0018483,0.21168,0.0018483,0.21168,460.486,0,1.02816,0,0,2.22547,1.19731,1.028160,1,0,68.49,0,0,0,68.49,0
59.9635,2.80636,0,0,2.55213,0.136171,0.36288,3.6288,61.308,0.529785,0,0,0.933941,0.242915,0.161241,0.66528,12.849,1,0.593888,0.36288,0,62.7315,4.65287,57.8476,0.84672,12.849,0.84672,3695.15,0,0.0036966,1.59718e-05,1.37772,1.84056,5.08935,1.18016,7.12745,0.42336,0.0018483,0.21168,0.0018483,0.21168,460.486,0,1.02816,0,0,2.40588,1.37772,1.028160,1,0,65.1363,0,0,0,65.1363,0
58.9641,2.80073,0,0,2.31731,0.153084,0.36288,3.6288,61.308,0.530073,0,0,0.879146,0.237648,0.111424,0.66528,12.849,1,0.600143,0.36288,0,59.1199,4.3144,54.5682,0.84672,12.849,0.84672,3695.15,0,0.0036966,1.59805e-05,1.30406,1.8409,4.65633,1.19322,6.60806,0.42336,0.0018483,0.21168,0.0018483,0.21168,460.486,0,1.02816,0,0,2.33222,1.30406,1.028160,1,0,61.2877,0,0,0,61.2877,0
58.2166,2.7929,0,0,2.53784,0.12951,0.36288,3.6288,61.2414,0.530362,0,0,0.74101,0.277271,0,0.66528,12.849,1,0.608607,0.36288,0,53.4745,4.67121,48.5576,0.84672,12.849,0.84672,3695.15,0,0.0036966,1.59892e-05,0.800798,1.84124,4.37974,1.27125,5.75051,0.42336,0.0018483,0.21168,0.0018483,0.21168,460.486,0,1.02816,0,0,1.82896,0.800798,1.028160,1,0,54.3081,0,0,0,54.3081,0
57.642,2.76205,0,0,2.64599,0.0956566,0.36288,3.6288,60.9845,0.574594,0,0,0.637839,0.320132,0,0.66528,12.849,1,0.609613,0.36288,0,49.3766,5.14028,43.9896,0.84672,12.849,0.84672,3695.15,0,0.0036966,1.73416e-05,0.336571,1.84158,4.29866,1.35661,5.12019,0.42336,0.0018483,0.21168,0.0018483,0.21168,460.486,0,1.02816,0,0,1.36473,0.336571,1.028160,1,0,49.1097,0,0,0,49.1097,0
56.9269,2.75759,0,0,2.50042,0.0951219,0.36288,3.6288,60.6588,0.574891,0,0,0.568812,0.319612,0,0.66528,12.849,1,0.614695,0.36288,0,44.7758,5.14028,39.3837,0.84672,12.849,0.84672,3695.15,0,0.0036966,1.74236e-05,0.286995,1.87017,4.15715,1.35661,4.95769,0.42336,0.0018483,0.21168,0.0018483,0.21168,460.486,0,1.02816,0,0,1.31515,0.286995,1.028160,1,0,44.3414,0,0,0,44.3414,0
56.0469,2.7518,0,0,2.32914,0.0944563,0.36288,3.6288,60.2424,0.620201,0,0,0.52278,0.318952,0,0.66528,12.849,1,0.621111,0.36288,0,42.7956,5.14028,37.3971,0.84672,12.849,0.84672,3695.15,0,0.0036966,1.88978e-05,0.261274,1.87051,3.88124,1.35661,4.65641,0.42336,0.0018483,0.21168,0.0018483,0.21168,460.486,0,0.983146,0,0,1.24442,0.261274,1.028160,1,0,42.0535,0,0,0,42.0535,0
55.0497,2.74437,0,0,2.20369,0.093622,0.36288,3.6288,59.6692,0.774233,0,0,0.515087,0.314046,0,0.66528,12.849,1,0.62916,0.36288,0,38.6714,5.17593,33.2292,0.84672,12.849,0.84672,3695.15,0,0.0036966,2.37543e-05,0.261274,1.87086,3.6438,1.3568,4.41911,0.42336,0.0018483,0.21168,0.0018483,0.21168,460.486,0,0.829405,0,0,1.09068,0.261274,1.028160,1,0,37.6483,0,0,0,37.6483,0
54.0102,2.79948,0,0,2.18412,0.0612201,0.36288,3.6288,59.0396,0.80484,0,0,0.494608,0.319382,0,0.66528,12.849,1,0.65342,0.36288,0,38.0697,5.65561,32.1236,0.84672,12.849,0.84672,3695.15,0,0.0036966,2.49305e-05,0.261274,1.87121,3.45328,1.51539,4.07034,0.42336,0.0018483,0.21168,0.0018483,0.21168,460.486,0,0.838287,0,0,1.09956,0.261274,1.028160,1,0,36.1939,0,0,0,36.1939,0
52.9274,2.78984,0,0,2.13048,0.0605813,0.36288,3.6288,58.4702,0.707049,0,0,0.455712,0.318097,0,0.66528,12.849,1,0.663701,0.36288,0,38.0214,5.65561,32.065,0.84672,12.849,0.84672,3695.15,0,0.0036966,2.21349e-05,0.261274,1.91659,3.70043,1.51539,4.36289,0.42336,0.0018483,0.21168,0.0018483,0.21168,460.486,0,0.936386,0,0,1.19766,0.261274,1.028160,1,0,36.4279,0,0,0,36.4279,0
51.7188,2.77943,0,0,1.99365,0.0599158,0.36288,3.6288,57.8502,0.724874,0,0,0.421824,0.316935,0,0.66528,12.849,1,0.674752,0.36288,0,34.3237,5.65561,28.3562,0.84672,12.849,0.84672,3695.15,0,0.0036966,2.2914e-05,0.227405,1.91695,3.30261,1.51539,3.93155,0.42336,0.0018483,0.21168,0.0018483,0.21168,460.486,0,0.918864,0,0,1.14627,0.227405,1.028160,1,0,32.2878,0,0,0,32.2878,0
50.3597,2.76731,0,0,1.83027,0.0591731,0.36288,3.6288,57.1324,0.819334,0,0,0.41719,0.31567,0,0.66528,12.849,1,0.687509,0.36288,0,31.376,5.65561,25.3957,0.84672,12.849,0.84672,3695.15,0,0.0036966,2.61775e-05,0.227405,1.9173,3.23008,1.51539,3.85937,0.42336,0.0018483,0.21168,0.0018483,0.21168,460.486,0,0.824705,0,0,1.05211,0.227405,1.028160,1,0,29.2551,0,0,0,29.2551,0
49.2773,2.79887,0,0,2.1214,0.0420513,0.36288,3.6288,56.4629,0.800859,0,0,0.433929,0.302589,0,0.66528,12.849,1,0.714115,0.36288,0,34.7894,5.81784,28.6203,0.84672,12.849,0.84672,3695.15,0,0.0036966,0.0018483,0.227405,1.91766,3.79911,1.52998,4.41234,0.42336,0.0018483,0.21168,0.0018483,0.21168,460.486,0,0.892581,0,0,1.11999,0.227405,1.028160,1,0,33.0327,0,0,0,33.0327,0
48.3632,2.78694,0,0,2.27637,0.0407118,0.36288,3.6288,55.8936,0.763145,0,0,0.486996,0.293132,0,0.66528,12.849,1,0.72669,0.36288,0,44.8954,5.77804,38.7536,0.84672,12.849,0.84672,3695.15,0,0.0036966,0.0018483,0.227405,1.97332,3.55731,1.5149,4.24129,0.42336,0.0018483,0.21168,0.0018483,0.21168,460.486,0,0.930295,0,0,1.1577,0.227405,1.028160,1,0,42.9949,0,0,0,42.9949,0
47.0121,2.7766,0,0,1.82874,0.0403113,0.36288,3.6288,54.8597,1.09413,0,0,0.352238,0.292043,0,0.66528,12.849,1,0.737679,0.36288,0,43.8699,5.77804,37.717,0.84672,12.849,0.84672,3695.15,0,0.0036966,0.0018483,0.204422,1.97369,2.85572,1.5149,3.51708,0.42336,0.0018483,0.21168,0.0018483,0.21168,460.486,0,0.599314,0,0,0.803736,0.204422,1.028160,1,0,41.2341,0,0,0,41.2341,0
46.1266,2.76046,0,0,2.2775,0.0397194,0.36288,3.6288,54.5064,0.66528,0,0,0.60204,0.290067,0,0.66528,12.849,1,0.754467,0.36288,0,40.067,5.77804,33.8973,0.84672,12.849,0.84672,3695.15,0,0.0036966,0.0018483,0.492204,1.97405,4.41551,1.5149,5.36501,0.42336,0.0018483,0.21168,0.0018483,0.21168,460.486,0,1.02816,0,0,1.52036,0.492204,1.028160,1,0,39.2623,0,0,0,39.2623,0
45.5885,2.74964,0,0,2.5962,0.0217378,0.36288,3.6288,54.1357,0.66528,0,0,0.538788,0.244205,0,0.66528,12.849,1,0.765938,0.36288,0,38.2143,4.73773,33.0735,0.84672,12.849,0.84672,3695.15,0,0.0036966,0.0018483,0.240555,1.97442,4.09783,1.18037,5.13059,0.42336,0.0018483,0.21168,0.0018483,0.21168,460.486,0,1.02816,0,0,1.26871,0.240555,1.028160,1,0,38.2041,0,0,0,38.2041,0
45.8601,2.79055,0,0,3.41637,-0.00864627,0.36288,3.6288,53.8398,0.66528,0,0,0.599016,0.22958,0,0.66528,12.849,1,0.786509,0.36288,0,44.1819,4.64457,39.1137,0.84672,12.849,0.84672,3695.15,0,0.0036966,0.0018483,0.491746,1.97478,3.61039,1.23801,4.83706,0.42336,0.0018483,0.21168,0.0018483,0.21168,460.486,0,1.02816,0,0,1.51991,0.491746,1.028160,1,0,43.9508,0,0,0,43.9508,0
45.7252,2.7947,0,0,3.02667,0.0040361,0.36288,3.6288,53.5433,0.66528,0,0,0.587785,0.219064,0,0.66528,12.849,1,0.783015,0.36288,0,46.9402,4.47655,42.0435,0.84672,12.849,0.84672,3695.15,0,0.0036966,0.0018483,0.450688,1.98501,3.6943,1.19442,4.93373,0.42336,0.0018483,0.21168,0.0018483,0.21168,460.486,0,1.02816,0,0,1.47885,0.450688,1.028160,1,0,46.9772,0,0,0,46.9772,0
45.6722,2.79342,0,0,3.2143,0.110998,0.36288,3.6288,53.3048,0.66528,0,0,0.566936,0.140088,0,0.66528,12.849,1,0.784964,0.36288,0,53.1503,4.57502,48.1532,0.84672,12.849,0.84672,3695.15,0,0.0036966,0.0018483,0.483313,1.98537,4.4935,0.999466,5.96087,0.42336,0.0018483,0.21168,0.0018483,0.21168,460.486,0,1.02816,0,0,1.51147,0.483313,1.028160,1,0,54.1141,0,0,0,54.1141,0
46.5732,2.79322,0,0,4.17322,0.116067,0.36288,3.6288,53.1723,0.66528,0,0,0.669574,0.136794,0,0.66528,12.849,1,0.785821,0.36288,0,71.6325,4.75944,66.4501,0.84672,12.849,0.84672,3695.15,0,0.0036966,0.0018483,0.644293,1.98574,5.91588,1.01057,7.5335,0.42336,0.0018483,0.21168,0.0018483,0.21168,460.486,0,1.02816,0,0,1.67245,0.644293,1.028160,1,0,73.9836,0,0,0,73.9836,0
45.9572,2.73318,0,0,2.62098,0.140898,0.36288,3.6288,53.0538,0.596318,0,0,0.684711,0.206867,0,0.66528,12.849,1,0.754053,0.36288,0,36.847,4.77681,31.679,0.84672,12.849,0.84672,3695.15,0,0.0036966,2.07283e-05,0.535533,1.98611,4.62985,1.05768,6.09379,0.42336,0.0018483,0.21168,0.0018483,0.21168,460.486,0,1.02816,0,0,1.56369,0.535533,1.028160,1,0,37.7728,0,0,0,37.7728,0
47.0398,2.72579,0,0,4.37601,0.204815,0.36288,3.6288,53.4452,0.596618,0,0,1.20395,0.215927,0,0.66528,12.849,1,0.762092,0.36288,0,58.2775,4.89951,52.9788,0.84672,12.849,0.84672,3695.15,0,0.0036966,2.07851e-05,0.927176,1.90862,4.70764,1.06434,6.47908,0.42336,0.0018483,0.21168,0.0018483,0.21168,460.486,0,1.02816,0,0,1.95534,0.927176,1.028160,1,0,59.4578,0,0,0,59.4578,0
50.1254,2.74007,0,0,6.39591,0.20729,0.36288,3.6288,54.1053,0.596919,0,0,1.47356,0.216602,0,0.66528,12.849,1,0.748455,0.36288,0,117.184,4.89951,111.899,0.84672,12.849,0.84672,3695.15,0,0.0036966,2.06433e-05,1.90632,1.90897,9.90753,1.06434,12.6585,0.42336,0.0018483,0.21168,0.0018483,0.21168,460.486,0,1.02816,0,0,2.93448,1.90632,1.028160,1,0,124.558,0,0,0,124.558,0
52.81,2.77726,0,0,6.02472,0.200005,0.36288,3.6288,54.4191,0.597219,0,0,1.12852,0.217484,0,0.66528,12.849,1,0.711915,0.36288,0,117.049,4.86013,111.84,0.84672,12.849,0.84672,3695.15,0,0.0036966,2.04017e-05,1.97837,1.90932,8.7931,1.0476,11.6332,0.42336,0.0018483,0.21168,0.0018483,0.21168,460.486,0,1.02816,0,0,3.00653,1.97837,1.028160,1,0,123.473,0,0,0,123.473,0
52.6354,2.5955,0,0,2.98629,0.202536,0.36288,3.6288,54.4759,0.43423,0,0,0.696194,0.205194,0,0.66528,12.849,1,0.631501,0.36288,0,62.488,4.48423,57.7352,0.84672,12.849,0.84672,3695.15,0,0.0036966,1.47482e-05,1.25993,1.90967,5.37125,1.08792,7.45291,0.42336,0.0018483,0.21168,0.0018483,0.21168,460.486,0,1.02816,0,0,2.28809,1.25993,1.028160,1,0,65.1881,0,0,0,65.1881,0
52.4317,2.5943,0,0,2.98967,0.23621,0.36288,3.6288,54.5383,0.4345,0,0,0.697499,0.200605,0,0.66528,12.849,1,0.633302,0.36288,0,55.1613,4.42838,50.4625,0.84672,12.849,0.84672,3695.15,0,0.0036966,1.4742e-05,3.03115,1.73461,6.11008,1.14422,9.7316,0.42336,0.0018483,0.21168,0.0018483,0.21168,460.486,0,1.02816,0,0,4.05931,3.03115,1.028160,1,0,60.1941,0,0,0,60.1941,0
53.911,2.5928,0,0,4.67073,0.235715,0.36288,3.6288,54.5641,0.43477,0,0,0.661277,0.200687,0,0.66528,12.849,1,0.635396,0.36288,0,91.6937,4.42838,86.9928,0.84672,12.849,0.84672,3695.15,0,0.0036966,1.47344e-05,2.5366,1.73493,7.42945,1.14422,10.5567,0.42336,0.0018483,0.21168,0.0018483,0.21168,460.486,0,1.02816,0,0,3.56476,2.5366,1.028160,1,0,97.5496,0,0,0,97.5496,0
70.3766,2.60736,0,0,19.6716,0.235814,0.36288,3.6288,59.7108,0.435041,0,0,5.77954,0.197754,0,0.66528,12.849,1,0.621431,0.36288,0,372.451,4.32118,367.872,0.84672,12.849,0.84672,3695.15,0,0.0036966,1.47365e-05,3.38924,1.73525,19.4854,1.13083,23.479,0.42336,0.0018483,0.21168,0.0018483,0.21168,460.486,0,1.02816,0,0,4.4174,3.38924,1.028160,1,0,391.351,0,0,0,391.351,0
72.29,2.73083,0,0,6.69951,0.245082,1.81018,3.6288,60.4862,0.435313,0,0,1.41089,0.20018,0,0.66528,12.849,1,0.498581,1.81018,0,130.277,3.74206,127.846,0.84672,12.849,0.84672,3695.15,0,0.0036966,1.34747e-05,2.35095,1.73557,7.69808,0.973682,10.8109,0.42336,0.0018483,0.21168,0.0018483,0.21168,460.486,0,1.02816,0,0,3.37911,2.35095,1.028160,1,0,138.657,0,0,0,138.657,0
70.1274,2.82844,0,0,1.30601,0.277268,0.36288,3.6288,60.5629,0.482901,0,0,0.772512,0.212993,0,0.66528,12.849,1,0.502734,0.36288,0,23.2726,4.05794,19.0748,0.84672,12.849,0.84672,3695.15,0,0.0036966,1.47562e-05,0.607807,1.73589,4.27035,0.973045,5.641,0.42336,0.0018483,0.21168,0.0018483,0.21168,460.486,0,1.02816,0,0,1.63597,0.607807,1.028160,1,0,24.7158,0,0,0,24.7158,0
68.7912,2.81582,0,0,2.11522,0.272719,0.36288,3.6288,60.7519,0.483164,0,0,0.885332,0.213097,0,0.66528,12.849,1,0.515926,0.36288,0,36.4849,4.05794,32.2739,0.84672,12.849,0.84672,3695.15,0,0.0036966,1.47455e-05,0.793048,1.79173,6.95573,0.973045,8.56745,0.42336,0.0018483,0.21168,0.0018483,0.21168,460.486,0,1.02816,0,0,1.82121,0.793048,1.028160,1,0,40.8414,0,0,0,40.8414,0
68.3228,2.80787,0,0,3.04121,0.338873,0.36288,3.6288,60.8956,0.483428,0,0,0.847506,0.220375,0,0.66528,12.849,1,0.524461,0.36288,0,56.0572,4.46221,51.4334,0.84672,12.849,0.84672,3695.15,0,0.0036966,1.47077e-05,0.70727,1.79204,7.11535,1.19925,8.4154,0.42336,0.0018483,0.21168,0.0018483,0.21168,460.486,0,1.02816,0,0,1.73543,0.70727,1.028160,1,0,59.8488,0,0,0,59.8488,0
66.632,2.80533,0,0,1.8265,0.349088,0.36288,3.6288,61.0423,0.483691,0,0,0.852061,0.221747,0,0.66528,12.849,1,0.527579,0.36288,0,37.9458,4.52959,33.2515,0.84672,12.849,0.84672,3695.15,0,0.0036966,1.4681e-05,0.738435,1.79236,5.3302,1.23695,6.62403,0.42336,0.0018483,0.21168,0.0018483,0.21168,460.486,0,1.02816,0,0,1.76659,0.738435,1.028160,1,0,39.8755,0,0,0,39.8755,0
64.851,3.06717,0,0,1.97497,0.325915,0.36288,3.6288,61.308,0.661743,0,0,1.29063,0.216926,0.14621,0.66528,12.849,1,0.591459,0.36288,0,39.9895,4.47037,35.2905,0.84672,12.849,0.84672,3695.15,0,0.0036966,2.00369e-05,1.6034,1.79267,5.18618,1.14235,7.43988,0.42336,0.0018483,0.21168,0.0018483,0.21168,460.486,0,1.02816,0,0,2.63156,1.6034,1.028160,1,0,42.8766,0,0,0,42.8766,0
63.2118,3.05414,0,0,2.09611,0.318265,0.36288,3.6288,61.1113,0.662038,0,0,0.681744,0.216452,0,0.66528,12.849,1,0.605121,0.36288,0,48.9942,4.4605,44.2914,0.84672,12.849,0.84672,3695.15,0,0.0036966,1.9959e-05,0.589654,1.99128,5.01161,1.12658,6.46593,0.42336,0.0018483,0.21168,0.0018483,0.21168,460.486,0,1.02816,0,0,1.61781,0.589654,1.028160,1,0,50.7573,0,0,0,50.7573,0
60.6163,3.04163,0,0,1.11184,0.302841,0.36288,3.6288,59.9668,1.36248,0,0,0.438281,0.220297,0,0.66528,12.849,1,0.618269,0.36288,0,24.9131,4.43552,20.2222,0.84672,12.849,0.84672,3695.15,0,0.0036966,4.1208e-05,0.608429,1.99162,2.83575,1.10985,4.32592,0.42336,0.0018483,0.21168,0.0018483,0.21168,460.486,0,0.327992,0,0,0.936421,0.608429,1.028160,1,0,24.5481,0,0,0,24.5481,0
58.3788,3.02031,0,0,1.41459,0.268959,0.36288,3.6288,59.139,1.13393,0,0,0.535121,0.228912,0,0.66528,12.849,1,0.640223,0.36288,0,30.9434,4.37304,26.293,0.84672,12.849,0.84672,3695.15,0,0.0036966,3.49501e-05,0.608429,1.99197,4.12202,1.068,5.65438,0.42336,0.0018483,0.21168,0.0018483,0.21168,460.486,0,0.556839,0,0,1.16527,0.608429,1.028160,1,0,31.9474,0,0,0,31.9474,0
58.4199,2.62036,0,0,3.32201,0.297679,0.36288,3.6288,59.6636,0.424159,0,0,1.15494,0.20626,0,0.66528,12.849,1,0.576734,0.36288,0,49.7972,3.80325,45.7801,0.84672,12.849,0.84672,3695.15,0,0.0036966,1.32565e-05,0.967732,1.99232,6.47149,0.970146,8.46138,0.42336,0.0018483,0.21168,0.0018483,0.21168,460.486,0,1.02816,0,0,1.99589,0.967732,1.028160,1,0,54.2415,0,0,0,54.2415,0
58.3326,2.62115,0,0,3.20033,0.303525,0.36288,3.6288,60.4827,0.424413,0,0,1.44695,0.203368,0,0.66528,12.849,1,0.576501,0.36288,0,63.4865,3.70828,59.5646,0.84672,12.849,0.84672,3695.15,0,0.0036966,1.31478e-05,1.34004,1.72122,8.26433,0.953836,10.3717,0.42336,0.0018483,0.21168,0.0018483,0.21168,460.486,0,1.02816,0,0,2.3682,1.34004,1.028160,1,0,69.9364,0,0,0,69.9364,0
59.9412,2.6209,0,0,4.89565,0.303267,0.36288,3.6288,61.308,0.424666,0,0,1.72571,0.204432,0.271342,0.66528,12.849,1,0.577308,0.36288,0,111.628,3.70828,107.705,0.84672,12.849,0.84672,3695.15,0,0.0036966,1.29774e-05,1.58596,1.72152,10.3227,0.953836,12.6764,0.42336,0.0018483,0.21168,0.0018483,0.21168,460.486,0,1.02816,0,0,2.61412,1.58596,1.028160,1,0,120.653,0,0,0,120.653,0
62.5267,2.63412,0,0,5.89049,0.308008,0.36288,3.6288,61.308,0.424919,0,0,1.55266,0.205504,0.922237,0.66528,12.849,1,0.564649,0.36288,0,115.657,3.70828,111.747,0.84672,12.849,0.84672,3695.15,0,0.0036966,1.28104e-05,1.7194,1.72182,11.4715,0.953836,13.9589,0.42336,0.0018483,0.21168,0.0018483,0.21168,460.486,0,1.02816,0,0,2.74756,1.7194,1.028160,1,0,126.628,0,0,0,126.628,0
64.0536,2.65395,0,0,4.85739,0.313673,0.36288,3.6288,61.308,0.425172,0,0,1.6819,0.235142,1.02158,0.66528,12.849,1,0.545376,0.36288,0,94.9294,4.60233,90.1446,0.84672,12.849,0.84672,3695.15,0,0.0036966,1.2818e-05,2.22322,1.72212,11.4614,1.16276,14.244,0.42336,0.0018483,0.21168,0.0018483,0.21168,460.486,0,1.02816,0,0,3.25138,2.22322,1.028160,1,0,105.41,0,0,0,105.41,0
64.3349,2.76262,0,0,3.73636,0.329545,0.36288,3.6288,61.308,0.483885,0,0,1.28324,0.196918,0.602435,0.66528,12.849,1,0.554176,0.36288,0,94.3298,4.06665,90.0718,0.84672,12.849,0.84672,3695.15,0,0.0036966,1.45881e-05,1.89082,1.72242,8.43817,0.970382,11.081,0.42336,0.0018483,0.21168,0.0018483,0.21168,460.486,0,1.02816,0,0,2.91898,1.89082,1.028160,1,0,101.755,0,0,0,101.755,0
64.007,2.76513,0,0,3.12152,0.321449,0.36288,3.6288,61.308,0.484149,0,0,1.09236,0.200038,0.408177,0.66528,12.849,1,0.552252,0.36288,0,87.6666,4.09444,83.3828,0.84672,12.849,0.84672,3695.15,0,0.0036966,1.4596e-05,1.35347,1.7898,6.73569,0.972323,8.90663,0.42336,0.0018483,0.21168,0.0018483,0.21168,460.486,0,1.02816,0,0,2.38163,1.35347,1.028160,1,0,92.6976,0,0,0,92.6976,0
63.1848,2.76325,0,0,2.57157,0.267657,0.36288,3.6288,61.308,0.484412,0,0,0.892305,0.21876,0.189133,0.66528,12.849,1,0.554705,0.36288,0,56.8588,4.26122,52.4058,0.84672,12.849,0.84672,3695.15,0,0.0036966,1.46039e-05,1.00294,1.79011,5.30737,0.983967,7.11644,0.42336,0.0018483,0.21168,0.0018483,0.21168,460.486,0,1.02816,0,0,2.0311,1.00294,1.028160,1,0,59.7113,0,0,0,59.7113,0
61.9445,2.75773,0,0,2.13751,0.257153,0.36288,3.6288,61.308,0.484675,0,0,0.777989,0.219742,0.073572,0.66528,12.849,1,0.560801,0.36288,0,50.8286,4.2053,46.4254,0.84672,12.849,0.84672,3695.15,0,0.0036966,1.46119e-05,0.953597,1.79042,4.5453,0.991016,6.29829,0.42336,0.0018483,0.21168,0.0018483,0.21168,460.486,0,1.02816,0,0,1.98176,0.953597,1.028160,1,0,52.7972,0,0,0,52.7972,0
61.3823,2.71102,0,0,2.71445,0.202748,0.36288,3.6288,61.308,0.462217,0,0,1.10066,0.225632,0.412809,0.66528,12.849,1,0.562341,0.36288,0,58.129,3.86977,54.0597,0.84672,12.849,0.84672,3695.15,0,0.0036966,1.39348e-05,1.67635,1.79074,5.59557,1.03331,8.02933,0.42336,0.0018483,0.21168,0.0018483,0.21168,460.486,0,1.02816,0,0,2.70451,1.67635,1.028160,1,0,62.5019,0,0,0,62.5019,0
60.2213,2.70723,0,0,2.11088,0.201809,0.36288,3.6288,61.308,0.462477,0,0,0.843057,0.225632,0.154948,0.66528,12.849,1,0.566698,0.36288,0,47.7498,3.86977,43.6762,0.84672,12.849,0.84672,3695.15,0,0.0036966,1.39426e-05,1.25923,1.76492,4.4866,1.03331,6.47742,0.42336,0.0018483,0.21168,0.0018483,0.21168,460.486,0,1.02816,0,0,2.28739,1.25923,1.028160,1,0,50.3086,0,0,0,50.3086,0
58.8105,2.6987,0,0,1.85066,0.19985,0.36288,3.6288,61.308,0.462736,0,0,0.794966,0.225632,0.106599,0.66528,12.849,1,0.575802,0.36288,0,43.5998,3.86977,39.5171,0.84672,12.849,0.84672,3695.15,0,0.0036966,1.39505e-05,0.982428,1.76523,4.17865,1.03331,5.89298,0.42336,0.0018483,0.21168,0.0018483,0.21168,460.486,0,1.02816,0,0,2.01059,0.982428,1.028160,1,0,45.5167,0,0,0,45.5167,0
57.57,2.68783,0,0,2.00731,0.197159,0.36288,3.6288,61.308,0.462995,0,0,0.762803,0.225632,0.0741761,0.66528,12.849,1,0.58724,0.36288,0,47.0011,3.86977,42.9069,0.84672,12.849,0.84672,3695.15,0,0.0036966,1.39583e-05,0.605068,1.76553,4.57333,1.03331,5.91061,0.42336,0.0018483,0.21168,0.0018483,0.21168,460.486,0,1.02816,0,0,1.63323,0.605068,1.028160,1,0,48.8917,0,0,0,48.8917,0
55.9758,2.80498,0,0,1.74096,0.167286,0.36288,3.6288,61.2817,0.543887,0,0,0.755888,0.238314,0,0.66528,12.849,1,0.626042,0.36288,0,38.8718,4.29997,34.3087,0.84672,12.849,0.84672,3695.15,0,0.0036966,1.6397e-05,0.793161,1.76584,4.03131,1.0238,5.5665,0.42336,0.0018483,0.21168,0.0018483,0.21168,460.486,0,1.02816,0,0,1.82132,0.793161,1.028160,1,0,39.8752,0,0,0,39.8752,0
54.2128,2.79096,0,0,1.54475,0.153843,0.36288,3.6288,61.1561,0.54416,0,0,0.661902,0.243346,0,0.66528,12.849,1,0.640654,0.36288,0,32.0062,4.47205,27.2564,0.84672,12.849,0.84672,3695.15,0,0.0036966,1.64123e-05,0.642609,1.85757,3.50924,1.02,4.9894,0.42336,0.0018483,0.21168,0.0018483,0.21168,460.486,0,1.02816,0,0,1.67077,0.642609,1.028160,1,0,32.2458,0,0,0,32.2458,0
52.3236,2.7746,0,0,1.37477,0.126492,0.36288,3.6288,60.9779,0.544434,0,0,0.628277,0.262022,0,0.66528,12.849,1,0.657609,0.36288,0,28.3152,4.68625,23.3342,0.84672,12.849,0.84672,3695.15,0,0.0036966,1.64542e-05,0.57234,1.85789,3.41375,1.07472,4.76924,0.42336,0.0018483,0.21168,0.0018483,0.21168,460.486,0,1.02816,0,0,1.6005,0.57234,1.028160,1,0,28.1034,0,0,0,28.1034,0
50.4004,2.75602,0,0,1.3016,0.105936,0.36288,3.6288,60.7594,0.544708,0,0,0.602103,0.275862,0,0.66528,12.849,1,0.676789,0.36288,0,26.9798,4.8469,21.819,0.84672,12.849,0.84672,3695.15,0,0.0036966,1.65106e-05,0.477835,1.85821,3.37607,1.11577,4.59633,0.42336,0.0018483,0.21168,0.0018483,0.21168,460.486,0,1.02816,0,0,1.506,0.477835,1.028160,1,0,26.4153,0,0,0,26.4153,0
48.485,2.73591,0,0,1.29259,0.109141,0.36288,3.6288,60.5343,0.544981,0,0,0.598482,0.278655,0,0.66528,12.849,1,0.697489,0.36288,0,26.1878,5.16353,20.6896,0.84672,12.849,0.84672,3695.15,0,0.0036966,1.65783e-05,0.45068,1.85854,3.31128,1.15385,4.46663,0.42336,0.0018483,0.21168,0.0018483,0.21168,460.486,0,1.02816,0,0,1.47884,0.45068,1.028160,1,0,25.1563,0,0,0,25.1563,0
46.6282,2.69029,0,0,1.29314,0.0967969,0.36288,3.6288,60.2082,0.58961,0,0,0.575387,0.311813,0,0.66528,12.849,1,0.712952,0.36288,0,24.6848,5.61733,18.7174,0.84672,12.849,0.84672,3695.15,0,0.0036966,1.80026e-05,0.468521,1.85886,3.03793,1.30225,4.06304,0.42336,0.0018483,0.21168,0.0018483,0.21168,460.486,0,1.02816,0,0,1.49668,0.468521,1.028160,1,0,22.7805,0,0,0,22.7805,0
44.7361,2.66849,0,0,1.2274,0.0881576,0.36288,3.6288,59.8548,0.589891,0,0,0.559329,0.322875,0,0.66528,12.849,1,0.735337,0.36288,0,22.8766,5.63,16.8742,0.84672,12.849,0.84672,3695.15,0,0.0036966,1.81087e-05,0.416362,1.88769,3.01179,1.34131,3.97451,0.42336,0.0018483,0.21168,0.0018483,0.21168,460.486,0,1.02816,0,0,1.44452,0.416362,1.028160,1,0,20.8487,0,0,0,20.8487,0
42.7884,2.64479,0,0,1.14633,0.0863098,0.36288,3.6288,59.4323,0.590173,0,0,0.489786,0.322148,0,0.66528,12.849,1,0.75963,0.36288,0,21.0653,5.63,15.0385,0.84672,12.849,0.84672,3695.15,0,0.0036966,1.82244e-05,0.360141,1.88802,2.85477,1.34131,3.7616,0.42336,0.0018483,0.21168,0.0018483,0.21168,460.486,0,1.02816,0,0,1.3883,0.360141,1.028160,1,0,18.8001,0,0,0,18.8001,0
40.8036,2.61865,0,0,1.08107,0.0844077,0.36288,3.6288,58.9773,0.590454,0,0,0.456802,0.32128,0,0.66528,12.849,1,0.786357,0.36288,0,20.1713,5.63,14.1178,0.84672,12.849,0.84672,3695.15,0,0.0036966,1.83627e-05,0.281647,1.88835,2.70535,1.34131,3.53401,0.42336,0.0018483,0.21168,0.0018483,0.21168,460.486,0,1.02816,0,0,1.30981,0.281647,1.028160,1,0,17.6518,0,0,0,17.6518,0
38.6181,2.65045,0,0,0.896849,0.0689767,0.36288,3.6288,58.4182,0.6883,0,0,0.461291,0.332139,0,0.66528,12.849,1,0.834623,0.36288,0,17.743,5.9892,11.2821,0.84672,12.849,0.84672,3695.15,0,0.0036966,2.15707e-05,0.261274,1.88867,2.47542,1.49699,3.12835,0.42336,0.0018483,0.21168,0.0018483,0.21168,460.486,0,0.970151,0,0,1.23142,0.261274,1.028160,1,0,14.4104,0,0,0,14.4104,0
36.4239,2.63895,0,0,0.874826,0.0672339,0.36288,3.6288,57.8817,0.630581,0,0,0.425015,0.330947,0,0.66528,12.849,1,0.84672,0.36288,0,17.7204,5.9892,11.2473,0.84672,12.849,0.84672,3695.15,0,0.0036966,1.9951e-05,0.313122,1.93446,2.65259,1.49699,3.40316,0.42336,0.0018483,0.21168,0.0018483,0.21168,460.486,0,1.02816,0,0,1.34128,0.313122,1.028160,1,0,14.6505,0,0,0,14.6505,0
34.1746,2.63955,0,0,0.818631,0.0655195,0.36288,3.6288,57.3144,0.630869,0,0,0.393412,0.329804,0,0.66528,12.849,1,0.84672,0.36288,0,15.997,5.9892,9.52401,0.84672,12.849,0.84672,3695.15,0,0.0036966,2.01452e-05,0.255563,1.9348,2.3674,1.49699,3.06075,0.42336,0.0018483,0.21168,0.0018483,0.21168,460.486,0,1.02816,0,0,1.28372,0.255563,1.028160,1,0,12.5848,0,0,0,12.5848,0
31.8593,2.64015,0,0,0.751542,0.0637621,0.36288,3.6288,56.6665,0.708423,0,0,0.389089,0.328595,0,0.66528,12.849,1,0.84672,0.36288,0,14.6233,5.9892,8.15025,0.84672,12.849,0.84672,3695.15,0,0.0036966,2.28455e-05,0.227405,1.93513,2.31542,1.49699,2.98094,0.42336,0.0018483,0.21168,0.0018483,0.21168,460.486,0,0.950892,0,0,1.1783,0.227405,1.028160,1,0,11.1312,0,0,0,11.1312,0
29.4661,2.6988,0,0,0.725669,0.057219,0.36288,3.6288,56.0686,0.66528,0,0,0.40232,0.334913,0,0.66528,12.849,1,0.84672,0.36288,0,13.6585,6.23781,6.93689,0.84672,12.849,0.84672,3695.15,0,0.0036966,0.0018483,0.314176,1.93547,2.72169,1.54311,3.42637,0.42336,0.0018483,0.21168,0.0018483,0.21168,460.486,0,1.02816,0,0,1.34234,0.314176,1.028160,1,0,10.3633,0,0,0,10.3633,0
26.8493,2.69941,0,0,0.508512,0.0630449,0.36288,3.6288,55.1291,0.910915,0,0,0.301979,0.330596,0,0.66528,12.849,1,0.84672,0.36288,0,10.6022,6.16256,3.95583,0.84672,12.849,0.84672,3695.15,0,0.0036966,0.0018483,0.227405,1.99163,1.84863,1.52541,2.5404,0.42336,0.0018483,0.21168,0.0018483,0.21168,460.486,0,0.782525,0,0,1.00993,0.227405,1.028160,1,0,6.49624,0,0,0,6.49624,0
24.2952,2.70001,0,0,0.569618,0.0608189,0.36288,3.6288,54.2505,0.859801,0,0,0.309776,0.328565,0,0.66528,12.849,1,0.84672,0.36288,0,10.5387,6.16256,3.89233,0.84672,12.849,0.84672,3695.15,0,0.0036966,0.0018483,0.204422,1.99198,1.98136,1.52541,2.6505,0.42336,0.0018483,0.21168,0.0018483,0.21168,460.486,0,0.833639,0,0,1.03806,0.204422,1.028160,1,0,6.54283,0,0,0,6.54283,0
22.0725,2.7006,0,0,0.911624,0.0708339,0.36288,3.6288,53.6434,0.66528,0,0,0.380716,0.322566,0,0.66528,12.849,1,0.84672,0.36288,0,17.5078,6.04381,10.9802,0.84672,12.849,0.84672,3695.15,0,0.0036966,0.0018483,0.232969,1.99232,2.15986,1.51085,2.87245,0.42336,0.0018483,0.21168,0.0018483,0.21168,460.486,0,1.02816,0,0,1.26113,0.232969,1.028160,1,0,13.8526,0,0,0,13.8526,0
20.1336,2.7012,0,0,1.19889,0.0736796,0.36288,3.6288,53.1751,0.66528,0,0,0.502196,0.305187,0,0.66528,12.849,1,0.84672,0.36288,0,19.795,6.07056,13.2406,0.84672,12.849,0.84672,3695.15,0,0.0036966,0.0018483,0.229055,1.99267,2.32501,1.45101,3.09388,0.42336,0.0018483,0.21168,0.0018483,0.21168,460.486,0,1.02816,0,0,1.25722,0.229055,1.028160,1,0,16.3345,0,0,0,16.3345,0
18.1948,2.59353,0,0,1.0994,0.0818448,0.36288,3.6288,52.8161,0.623679,0,0,0.548856,0.284208,0,0.66528,12.849,1,0.84672,0.36288,0,18.6223,5.8254,12.3131,0.84672,12.849,0.84672,3695.15,0,0.0036966,2.16783e-05,0.204422,1.99302,2.47993,1.33593,3.34142,0.42336,0.0018483,0.21168,0.0018483,0.21168,460.486,0,1.01287,0,0,1.21729,0.204422,1.028160,1,0,15.6545,0,0,0,15.6545,0
16.083,2.5941,0,0,0.924886,0.0796449,0.36288,3.6288,52.7026,0.608671,0,0,0.778583,0.283393,0,0.66528,12.849,1,0.84672,0.36288,0,16.8879,5.8254,10.5787,0.84672,12.849,0.84672,3695.15,0,0.0036966,2.13005e-05,1.08282,1.90916,2.79933,1.33593,4.45535,0.42336,0.0018483,0.21168,0.0018483,0.21168,460.486,0,1.02816,0,0,2.11098,1.08282,1.028160,1,0,15.034,0,0,0,15.034,0
13.8397,2.59466,0,0,0.791398,0.0771909,0.36288,3.6288,52.1724,0.67708,0,0,0.430032,0.283135,0,0.66528,12.849,1,0.84672,0.36288,0,16.8713,5.8254,10.5621,0.84672,12.849,0.84672,3695.15,0,0.0036966,2.37454e-05,0.216518,1.90949,2.08336,1.33593,2.87342,0.42336,0.0018483,0.21168,0.0018483,0.21168,460.486,0,0.960034,0,0,1.17655,0.216518,1.028160,1,0,13.4355,0,0,0,13.4355,0
11.6237,2.59521,0,0,0.825682,0.0836005,0.36288,3.6288,51.6053,0.713391,0,0,0.413988,0.267677,0,0.66528,12.849,1,0.84672,0.36288,0,16.2165,5.61777,10.1149,0.84672,12.849,0.84672,3695.15,0,0.0036966,2.52732e-05,0.216518,1.90982,2.09655,1.27103,2.95183,0.42336,0.0018483,0.21168,0.0018483,0.21168,460.486,0,0.924005,0,0,1.14052,0.216518,1.028160,1,0,13.0667,0,0,0,13.0667,0
9.35157,2.6722,0,0,0.851178,0.0882095,0.36288,3.6288,51.0291,0.936793,0,0,0.545842,0.185256,0,0.66528,12.849,1,0.84672,0.36288,0,15.2348,4.16445,10.5865,0.84672,12.849,0.84672,3695.15,0,0.0036966,3.35523e-05,0.216518,1.91015,3.02713,0.935814,4.21795,0.42336,0.0018483,0.21168,0.0018483,0.21168,460.486,0,0.702579,0,0,0.919097,0.216518,1.028160,1,0,14.8045,0,0,0,14.8045,0
7.49305,2.67271,0,0,1.30567,0.128591,0.36288,3.6288,50.4047,0.979343,0,0,0.528599,0.173627,0,0.66528,12.849,1,0.84672,0.36288,0,26.177,4.24668,21.4464,0.84672,12.849,0.84672,3695.15,0,0.0036966,3.54723e-05,0.216518,1.92613,3.66902,1.09366,4.71797,0.42336,0.0018483,0.21168,0.0018483,0.21168,460.486,0,0.660312,0,0,0.87683,0.216518,1.028160,1,0,26.1644,0,0,0,26.1644,0
5.37705,2.67319,0,0,1.05003,0.129966,0.36288,3.6288,49.4815,1.15288,0,0,0.400536,0.170852,0,0.66528,12.849,1,0.84672,0.36288,0,20.3963,4.26615,15.6463,0.84672,12.849,0.84672,3695.15,0,0.0036966,4.22751e-05,0.292723,1.92646,3.15311,1.11846,4.25379,0.42336,0.0018483,0.21168,0.0018483,0.21168,460.486,0,0.487054,0,0,0.779777,0.292723,1.028160,1,0,19.9001,0,0,0,19.9001,0
4.18106,2.67354,0,0,1.96195,0.121513,0.36288,3.6288,49.7927,0.612077,0,0,1.09281,0.169564,0,0.66528,12.849,1,0.84672,0.36288,0,40.635,4.26615,35.885,0.84672,12.849,0.84672,3695.15,0,0.0036966,2.28631e-05,1.36039,1.9268,6.95622,1.11846,9.12493,0.42336,0.0018483,0.21168,0.0018483,0.21168,460.486,0,1.02816,0,0,2.38855,1.36039,1.028160,1,0,45.0099,0,0,0,45.0099,0
4.4138,2.40878,0,0,3.1197,0.1153,0.36288,3.6288,50.8009,0.447581,0,0,1.62299,0.167201,0,0.66528,12.849,1,0.84672,0.36288,0,64.9432,4.05309,60.4062,0.84672,12.849,0.84672,3695.15,0,0.0036966,1.66142e-05,1.41018,1.92713,8.41607,1.0317,10.7217,0.42336,0.0018483,0.21168,0.0018483,0.21168,460.486,0,1.02816,0,0,2.43834,1.41018,1.028160,1,0,71.1279,0,0,0,71.1279,0
3.39913,2.35083,0,0,1.81431,0.115276,0.36288,3.6288,50.9429,0.50643,0,0,0.814925,0.16647,0,0.66528,12.849,1,0.84672,0.36288,0,32.0103,3.89329,27.6331,0.84672,12.849,0.84672,3695.15,0,0.0036966,1.84255e-05,0.566076,1.75045,6.2262,0.966633,7.57607,0.42336,0.0018483,0.21168,0.0018483,0.21168,460.486,0,1.02816,0,0,1.59424,0.566076,1.028160,1,0,35.2092,0,0,0,35.2092,0
2.50315,2.35136,0,0,1.92927,0.11102,0.36288,3.6288,51.0448,0.50643,0,0,0.774991,0.166663,0,0.66528,12.849,1,0.84672,0.36288,0,33.8304,3.89329,29.4532,0.84672,12.849,0.84672,3695.15,0,0.0036966,1.83742e-05,0.419299,1.78504,4.74862,0.966633,5.98631,0.42336,0.0018483,0.21168,0.0018483,0.21168,460.486,0,1.02816,0,0,1.44746,0.419299,1.028160,1,0,35.4395,0,0,0,35.4395,0
1.16998,2.35172,0,0,1.48887,0.107433,0.36288,3.6288,50.9192,0.646678,0,0,0.696557,0.175568,0,0.66528,12.849,1,0.84672,0.36288,0,28.8601,3.88605,24.4902,0.84672,12.849,0.84672,3695.15,0,0.0036966,2.34158e-05,0.412474,1.7852,4.06169,0.961001,5.29834,0.42336,0.0018483,0.21168,0.0018483,0.21168,460.486,0,0.887907,0,0,1.30038,0.412474,1.028160,1,0,29.7886,0,0,0,29.7886,0
2.10964,1.16998,0,0,2.5714,0.0988808,0.36288,3.6288,51.2295,0.50643,0,0,1.01178,0.19498,0,0.66528,12.849,1,0.84672,0.36288,0,37.9989,3.30724,34.2078,0.84672,12.849,0.84672,3695.15,0,0.0036966,1.83828e-05,0.91603,1.78535,6.36402,0.771388,8.29399,0.42336,0.0018483,0.21168,0.0018483,0.21168,460.486,0,1.02816,0,0,1.94419,0.91603,1.028160,1,0,42.5018,0,0,0,42.5018,0
3.08318,2.10964,0,0,3.55473,0.108672,0.36288,3.6288,51.9423,0.554177,0,0,1.5045,0.237548,0,0.66528,12.849,1,0.84672,0.36288,0,87.2994,4.56824,82.2473,0.84672,12.849,0.84672,3695.15,0,0.0036966,1.9994e-05,1.05041,1.78551,7.65789,1.05162,9.44216,0.42336,0.0018483,0.21168,0.0018483,0.21168,460.486,0,1.02816,0,0,2.07857,1.05041,1.028160,1,0,91.6895,0,0,0,91.6895,0
4.44975,2.50424,0,0,4.34657,0.112874,0.36288,3.6288,52.6577,0.506423,0,0,1.46076,0.238922,0,0.66528,12.849,1,0.84672,0.36288,0,126.564,4.56824,121.512,0.84672,12.849,0.84672,3695.15,0,0.0036966,1.80204e-05,1.01063,1.84168,7.01535,1.05162,8.81602,0.42336,0.0018483,0.21168,0.0018483,0.21168,460.486,0,1.02816,0,0,2.03879,1.01063,1.028160,1,0,130.328,0,0,0,130.328,0
4.45964,2.50549,0,0,2.99703,0.118772,0.36288,3.6288,52.8526,0.643733,0,0,1.07895,0.240301,0,0.66528,12.849,1,0.84672,0.36288,0,75.5853,4.56824,70.5332,0.84672,12.849,0.84672,3695.15,0,0.0036966,2.25952e-05,0.503194,1.81388,6.33973,1.05162,7.60516,0.42336,0.0018483,0.21168,0.0018483,0.21168,460.486,0,0.890844,0,0,1.39404,0.503194,1.028160,1,0,78.1384,0,0,0,78.1384,0
4.29458,2.50629,0,0,2.82697,0.122865,0.36288,3.6288,53.0287,0.651276,0,0,1.03624,0.208875,0,0.66528,12.849,1,0.84672,0.36288,0,66.6835,4.16728,62.0324,0.84672,12.849,0.84672,3695.15,0,0.0036966,2.27757e-05,0.503194,1.81403,6.50236,0.896914,7.92265,0.42336,0.0018483,0.21168,0.0018483,0.21168,460.486,0,0.883302,0,0,1.3865,0.503194,1.028160,1,0,69.955,0,0,0,69.955,0
4.67685,2.83499,0,0,3.69913,0.118989,0.36288,3.6288,53.3707,0.66528,0,0,1.22228,0.214973,0,0.66528,12.849,1,0.84672,0.36288,0,74.7438,4.07368,70.1862,0.84672,12.849,0.84672,3695.15,0,0.0036966,0.0018483,0.629761,1.81418,8.523,0.993628,9.97146,0.42336,0.0018483,0.21168,0.0018483,0.21168,460.486,0,1.02816,0,0,1.65792,0.629761,1.028160,1,0,80.1577,0,0,0,80.1577,0
6.34238,2.84451,0,0,4.99198,0.119066,0.36288,3.6288,53.9315,0.66528,0,0,1.4461,0.220017,0,0.66528,12.849,1,0.84672,0.36288,0,114.952,4.06298,110.405,0.84672,12.849,0.84672,3695.15,0,0.0036966,0.0018483,0.972631,2.01442,9.19089,1.04263,11.1335,0.42336,0.0018483,0.21168,0.0018483,0.21168,460.486,0,1.02816,0,0,2.00079,0.972631,1.028160,1,0,121.538,0,0,0,121.538,0
7.9701,2.8454,0,0,4.96175,0.12574,0.36288,3.6288,54.4433,0.66528,0,0,1.398,0.220972,0,0.66528,12.849,1,0.84672,0.36288,0,158.655,4.06298,154.109,0.84672,12.849,0.84672,3695.15,0,0.0036966,0.0018483,0.861849,2.00959,9.27867,1.04263,11.1056,0.42336,0.0018483,0.21168,0.0018483,0.21168,460.486,0,1.02816,0,0,1.89001,0.861849,1.028160,1,0,165.214,0,0,0,165.214,0
8.17541,2.84618,0,0,3.55621,0.141843,0.36288,3.6288,54.172,0.713189,0,0,0.652568,0.21069,0,0.66528,12.849,1,0.84672,0.36288,0,79.1052,4.02577,74.5956,0.84672,12.849,0.84672,3695.15,0,0.0036966,0.0018483,0.608429,2.00991,7.64096,0.973445,9.28401,0.42336,0.0018483,0.21168,0.0018483,0.21168,460.486,0,0.980251,0,0,1.58868,0.608429,1.028160,1,0,83.8796,0,0,0,83.8796,0
12.2526,2.37864,0,0,6.97189,0.153174,0.36288,3.6288,59.3855,0.437206,0,0,5.83166,0.180887,0,0.66528,12.849,1,0.84672,0.36288,0,146.845,3.31845,143.043,0.84672,12.849,0.84672,3695.15,0,0.0036966,1.49171e-05,3.51078,2.01024,18.2955,0.885635,22.9308,0.42336,0.0018483,0.21168,0.0018483,0.21168,460.486,0,1.02816,0,0,4.53894,3.51078,1.028160,1,0,165.974,0,0,0,165.974,0
17.2583,2.31038,0,0,7.85048,0.171524,0.36288,3.6288,61.308,0.506415,0,0,7.02328,0.178372,4.41604,0.66528,12.849,1,0.84672,0.36288,0,173.823,3.04668,170.292,0.84672,12.849,0.84672,3695.15,0,0.0036966,1.57615e-05,4.13192,1.73669,22.0303,0.871266,27.0276,0.42336,0.0018483,0.21168,0.0018483,0.21168,460.486,0,1.02816,0,0,5.16008,4.13192,1.028160,1,0,201.736,0,0,0,201.736,0
22.2164,2.31125,0,0,7.79725,0.164991,0.36288,3.6288,61.308,0.506415,0,0,6.39738,0.156501,5.73447,0.66528,12.849,1,0.84672,0.36288,0,187.459,2.6979,184.277,0.84672,12.849,0.84672,3695.15,0,0.0036966,1.52673e-05,4.26336,1.77733,22.6461,0.821164,27.8656,0.42336,0.0018483,0.21168,0.0018483,0.21168,460.486,0,1.02816,0,0,5.29152,4.26336,1.028160,1,0,217.877,0,0,0,217.877,0
26.1176,2.31207,0,0,6.76469,0.188581,0.36288,3.6288,61.308,0.506416,0,0,5.35204,0.147787,4.69784,0.66528,12.849,1,0.84672,0.36288,0,160.039,2.89974,156.655,0.84672,12.849,0.84672,3695.15,0,0.0036966,1.52673e-05,3.37019,1.77747,17.9364,0.845904,22.2381,0.42336,0.0018483,0.21168,0.0018483,0.21168,460.486,0,1.02816,0,0,4.39835,3.37019,1.028160,1,0,183.591,0,0,0,183.591,0
28.9669,2.31286,0,0,5.73788,0.212807,0.36288,3.6288,61.308,0.506416,0,0,4.62402,0.151362,3.96624,0.66528,12.849,1,0.84672,0.36288,0,140.267,3.08061,136.702,0.84672,12.849,0.84672,3695.15,0,0.0036966,1.52673e-05,2.74568,1.77762,13.7545,0.864116,17.4137,0.42336,0.0018483,0.21168,0.0018483,0.21168,460.486,0,1.02816,0,0,3.77384,2.74568,1.028160,1,0,158.082,0,0,0,158.082,0
31.0024,2.4316,0,0,5.05182,0.221901,0.36288,3.6288,61.308,0.565398,0,0,3.66731,0.150964,2.95095,0.66528,12.849,1,0.84672,0.36288,0,131.306,3.06936,127.752,0.84672,12.849,0.84672,3695.15,0,0.0036966,1.70455e-05,2.62672,1.77776,9.23599,0.847329,12.7931,0.42336,0.0018483,0.21168,0.0018483,0.21168,460.486,0,1.02816,0,0,3.65488,2.62672,1.028160,1,0,143.496,0,0,0,143.496,0
31.9568,2.49137,0,0,4.03672,0.228036,0.36288,3.6288,61.308,0.506425,0,0,3.61508,0.150964,2.95769,0.66528,12.849,1,0.84672,0.36288,0,81.8752,3.06936,78.322,0.84672,12.849,0.84672,3695.15,0,0.0036966,1.52676e-05,1.81711,1.84558,7.96548,0.847329,10.7808,0.42336,0.0018483,0.21168,0.0018483,0.21168,460.486,0,1.02816,0,0,2.84527,1.81711,1.028160,1,0,92.0605,0,0,0,92.0605,0
32.5658,2.49217,0,0,3.69485,0.230819,0.36288,3.6288,61.308,0.506425,0,0,2.98416,0.150964,2.32677,0.66528,12.849,1,0.84672,0.36288,0,93.8114,3.06936,90.2582,0.84672,12.849,0.84672,3695.15,0,0.0036966,1.52676e-05,1.68265,1.81122,7.70316,0.847329,10.3497,0.42336,0.0018483,0.21168,0.0018483,0.21168,460.486,0,1.02816,0,0,2.71081,1.68265,1.028160,1,0,102.935,0,0,0,102.935,0
32.697,2.49297,0,0,3.18976,0.202685,0.36288,3.6288,61.308,0.506425,0,0,2.51714,0.174752,1.83597,0.66528,12.849,1,0.84672,0.36288,0,87.5733,3.36021,83.7293,0.84672,12.849,0.84672,3695.15,0,0.0036966,1.52676e-05,1.4666,1.81137,7.66722,0.90458,10.0406,0.42336,0.0018483,0.21168,0.0018483,0.21168,460.486,0,1.02816,0,0,2.49476,1.4666,1.028160,1,0,95.6058,0,0,0,95.6058,0
32.4039,2.44761,0,0,2.73189,0.21452,0.36288,3.6288,61.308,0.483502,0,0,0.951566,0.163685,0.304379,0.66528,12.849,1,0.84672,0.36288,0,70.2242,3.49654,66.2438,0.84672,12.849,0.84672,3695.15,0,0.0036966,1.45765e-05,0.634582,1.81152,5.95934,0.793703,7.61173,0.42336,0.0018483,0.21168,0.0018483,0.21168,460.486,0,1.02816,0,0,1.66274,0.634582,1.028160,1,0,74.1599,0,0,0,74.1599,0
32.156,2.42547,0,0,2.72779,0.187334,0.36288,3.6288,61.308,0.506421,0,0,0.898957,0.166747,0.225789,0.66528,12.849,1,0.84672,0.36288,0,69.3605,3.35268,65.5239,0.84672,12.849,0.84672,3695.15,0,0.0036966,1.52675e-05,0.66185,1.7853,4.79804,0.826912,6.41827,0.42336,0.0018483,0.21168,0.0018483,0.21168,460.486,0,1.02816,0,0,1.69001,0.66185,1.028160,1,0,72.168,0,0,0,72.168,0
31.5586,2.42625,0,0,2.35415,0.162379,0.36288,3.6288,61.308,0.506422,0,0,0.895208,0.206216,0.18257,0.66528,12.849,1,0.84672,0.36288,0,56.013,3.86232,51.6669,0.84672,12.849,0.84672,3695.15,0,0.0036966,1.52675e-05,0.521528,1.79886,4.29668,0.969486,5.64757,0.42336,0.0018483,0.21168,0.0018483,0.21168,460.486,0,1.02816,0,0,1.54969,0.521528,1.028160,1,0,57.497,0,0,0,57.497,0
30.8662,2.42703,0,0,2.25867,0.16116,0.36288,3.6288,61.308,0.506422,0,0,0.884883,0.206216,0.172245,0.66528,12.849,1,0.84672,0.36288,0,62.8942,3.86232,58.548,0.84672,12.849,0.84672,3695.15,0,0.0036966,1.52675e-05,0.633519,1.79901,4.32071,0.969486,5.78374,0.42336,0.0018483,0.21168,0.0018483,0.21168,460.486,0,1.02816,0,0,1.66168,0.633519,1.028160,1,0,64.504,0,0,0,64.504,0
29.9008,2.58457,0,0,2.12212,0.140108,0.36288,3.6288,61.2654,0.587766,0,0,0.72932,0.184202,0,0.66528,12.849,1,0.84672,0.36288,0,54.1131,3.49752,50.1317,0.84672,12.849,0.84672,3695.15,0,0.0036966,1.77198e-05,0.422496,1.79916,3.95834,0.932736,5.24724,0.42336,0.0018483,0.21168,0.0018483,0.21168,460.486,0,1.02816,0,0,1.45066,0.422496,1.028160,1,0,55.379,0,0,0,55.379,0
28.8787,2.61511,0,0,2.07969,0.123787,0.36288,3.6288,61.227,0.57116,0,0,0.700462,0.167645,0,0.66528,12.849,1,0.84672,0.36288,0,50.5653,3.22392,46.8576,0.84672,12.849,0.84672,3695.15,0,0.0036966,1.72312e-05,0.402797,1.89153,4.21337,0.905174,5.60251,0.42336,0.0018483,0.21168,0.0018483,0.21168,460.486,0,1.01504,0,0,1.41783,0.402797,1.028160,1,0,52.4601,0,0,0,52.4601,0
27.7511,2.61567,0,0,1.973,0.122089,0.36288,3.6288,61.1818,0.558294,0,0,0.680685,0.167605,0,0.66528,12.849,1,0.84672,0.36288,0,47.4926,3.22392,43.7849,0.84672,12.849,0.84672,3695.15,0,0.0036966,1.68536e-05,0.329314,1.87429,3.89551,0.905174,5.19392,0.42336,0.0018483,0.21168,0.0018483,0.21168,460.486,0,1.02816,0,0,1.35747,0.329314,1.028160,1,0,48.9788,0,0,0,48.9788,0
26.5007,2.61623,0,0,1.84275,0.113972,0.36288,3.6288,61.0394,0.606365,0,0,0.639904,0.175969,0,0.66528,12.849,1,0.84672,0.36288,0,44.1569,3.41867,40.2544,0.84672,12.849,0.84672,3695.15,0,0.0036966,1.83183e-05,0.30119,1.87459,3.7779,0.932822,5.02084,0.42336,0.0018483,0.21168,0.0018483,0.21168,460.486,0,0.980346,0,0,1.28154,0.30119,1.028160,1,0,45.2752,0,0,0,45.2752,0
25.1533,2.61678,0,0,1.7075,0.0752169,0.36288,3.6288,60.7183,0.66863,0,0,0.575066,0.227455,0,0.66528,12.849,1,0.84672,0.36288,0,40.6418,4.54327,35.6147,0.84672,12.849,0.84672,3695.15,0,0.0036966,2.02464e-05,0.30119,1.8749,3.20379,1.10405,4.27581,0.42336,0.0018483,0.21168,0.0018483,0.21168,460.486,0,0.918337,0,0,1.21953,0.30119,1.028160,1,0,39.8905,0,0,0,39.8905,0
23.6606,2.58631,0,0,1.53029,0.0738875,0.36288,3.6288,60.0092,0.939251,0,0,0.460177,0.230031,0,0.66528,12.849,1,0.84672,0.36288,0,36.1362,4.43363,31.2187,0.84672,12.849,0.84672,3695.15,0,0.0036966,2.85913e-05,0.30119,1.8752,2.1835,1.1174,3.24246,0.42336,0.0018483,0.21168,0.0018483,0.21168,460.486,0,0.692712,0,0,0.993902,0.30119,1.028160,1,0,34.4612,0,0,0,34.4612,0
22.0302,2.58686,0,0,1.39174,0.0723074,0.36288,3.6288,59.3165,0.912465,0,0,0.448729,0.228996,0,0.66528,12.849,1,0.84672,0.36288,0,35.4288,4.43363,30.5114,0.84672,12.849,0.84672,3695.15,0,0.0036966,2.81042e-05,0.261274,1.90426,2.09218,1.1174,3.14028,0.42336,0.0018483,0.21168,0.0018483,0.21168,460.486,0,0.719764,0,0,0.981037,0.261274,1.028160,1,0,33.6517,0,0,0,33.6517,0
20.2725,2.5874,0,0,1.2632,0.0707108,0.36288,3.6288,58.4861,1.02336,0,0,0.420977,0.227984,0,0.66528,12.849,1,0.84672,0.36288,0,31.5701,4.43363,26.6527,0.84672,12.849,0.84672,3695.15,0,0.0036966,3.18879e-05,0.261274,1.90457,2.02391,1.1174,3.07233,0.42336,0.0018483,0.21168,0.0018483,0.21168,460.486,0,0.609129,0,0,0.870402,0.261274,1.028160,1,0,29.725,0,0,0,29.725,0
18.4699,2.58794,0,0,1.19843,0.0501656,0.36288,3.6288,57.5586,1.02023,0,0,0.394884,0.302186,0,0.66528,12.849,1,0.84672,0.36288,0,28.3971,5.42168,22.4916,0.84672,12.849,0.84672,3695.15,0,0.0036966,3.22417e-05,0.261274,1.90488,1.91808,1.47806,2.60615,0.42336,0.0018483,0.21168,0.0018483,0.21168,460.486,0,0.612524,0,0,0.873798,0.261274,1.028160,1,0,25.0977,0,0,0,25.0977,0
16.5433,2.66865,0,0,1.14951,0.0445916,0.36288,3.6288,56.4893,1.16486,0,0,0.410232,0.314675,0,0.66528,12.849,1,0.84672,0.36288,0,25.9415,5.85646,19.6012,0.84672,12.849,0.84672,3695.15,0,0.0036966,3.74056e-05,0.261274,1.90519,1.9237,1.51884,2.57129,0.42336,0.0018483,0.21168,0.0018483,0.21168,460.486,0,0.508058,0,0,0.769332,0.261274,1.028160,1,0,22.1725,0,0,0,22.1725,0
14.6225,2.66919,0,0,1.154,0.0426717,0.36288,3.6288,55.4644,1.09525,0,0,0.385169,0.314862,0,0.66528,12.849,1,0.84672,0.36288,0,33.6124,5.92893,27.1997,0.84672,12.849,0.84672,3695.15,0,0.0036966,3.58359e-05,0.261274,1.95136,2.12578,1.52563,2.81274,0.42336,0.0018483,0.21168,0.0018483,0.21168,460.486,0,0.577947,0,0,0.83922,0.261274,1.028160,1,0,30.0124,0,0,0,30.0124,0
12.6294,2.66972,0,0,1.08057,0.041079,0.36288,3.6288,54.4326,1.0772,0,0,0.358195,0.312758,0,0.66528,12.849,1,0.84672,0.36288,0,26.9876,5.92893,20.5749,0.84672,12.849,0.84672,3695.15,0,0.0036966,3.58968e-05,0.227405,1.95167,1.91621,1.52563,2.56963,0.42336,0.0018483,0.21168,0.0018483,0.21168,460.486,0,0.596264,0,0,0.823668,0.227405,1.028160,1,0,23.1445,0,0,0,23.1445,0
10.5408,2.67024,0,0,0.983802,0.0393399,0.36288,3.6288,53.2578,1.20422,0,0,0.340058,0.31064,0,0.66528,12.849,1,0.84672,0.36288,0,24.5957,5.92893,18.1829,0.84672,12.849,0.84672,3695.15,0,0.0036966,4.08902e-05,0.227405,1.95199,1.7874,1.52563,2.44112,0.42336,0.0018483,0.21168,0.0018483,0.21168,460.486,0,0.469515,0,0,0.69692,0.227405,1.028160,1,0,20.624,0,0,0,20.624,0
8.58081,2.72929,0,0,1.1614,0.0292051,0.36288,3.6288,52.4411,0.945458,0,0,0.451183,0.322409,0,0.66528,12.849,1,0.84672,0.36288,0,26.9768,6.30402,20.1889,0.84672,12.849,0.84672,3695.15,0,0.0036966,0.0018483,0.227405,1.95231,2.23527,1.5933,2.81984,0.42336,0.0018483,0.21168,0.0018483,0.21168,460.486,0,0.747982,0,0,0.975387,0.227405,1.028160,1,0,23.0087,0,0,0,23.0087,0
6.2689,2.72976,0,0,0.808142,0.0274101,0.36288,3.6288,51.0231,1.37912,0,0,0.289158,0.32801,0,0.66528,12.849,1,0.84672,0.36288,0,29.7145,6.45519,22.7755,0.84672,12.849,0.84672,3695.15,0,0.0036966,0.0018483,0.227405,2.00894,1.0232,1.6138,1.64389,0.42336,0.0018483,0.21168,0.0018483,0.21168,460.486,0,0.314318,0,0,0.541723,0.227405,1.028160,1,0,24.4194,0,0,0,24.4194,0
4.10746,2.73013,0,0,0.957096,0.0255252,0.36288,3.6288,50.0573,1.08296,0,0,0.441387,0.324273,0,0.66528,12.849,1,0.84672,0.36288,0,25.5048,6.45519,18.5657,0.84672,12.849,0.84672,3695.15,0,0.0036966,0.0018483,0.204422,2.00926,1.38369,1.6138,1.98172,0.42336,0.0018483,0.21168,0.0018483,0.21168,460.486,0,0.610478,0,0,0.814901,0.204422,1.028160,1,0,20.5475,0,0,0,20.5475,0
1.78874,2.73028,0,0,0.799649,0.0252125,0.36288,3.6288,48.8237,1.25493,0,0,0.323924,0.302612,0,0.66528,12.849,1,0.84672,0.36288,0,23.2743,5.90066,16.8898,0.84672,12.849,0.84672,3695.15,0,0.0036966,0.0018483,0.204422,2.00959,1.43357,1.39794,2.24779,0.42336,0.0018483,0.21168,0.0018483,0.21168,460.486,0,0.438505,0,0,0.642927,0.204422,1.028160,1,0,19.1376,0,0,0,19.1376,0
0.42763,1.78874,0,0,0.81912,0.0286102,0.36288,3.6288,47.5852,1.2855,0,0,0.325401,0.278407,0,0.66528,12.849,1,0.84672,0.36288,0,16.2978,5.22671,10.5873,0.84672,12.849,0.84672,3695.15,0,0.0036966,0.0018483,0.204422,2.00992,1.60974,1.1589,2.66333,0.42336,0.0018483,0.21168,0.0018483,0.21168,460.486,0,0.407944,0,0,0.612366,0.204422,1.028160,1,0,13.2506,0,0,0,13.2506,0
0.222915,0.42763,0,0,0.614072,0.0282776,0.36288,3.6288,46.1144,1.40662,0,0,0.273103,0.337289,0,0.66528,12.849,1,0.84672,0.36288,0,15.1622,5.95057,8.72783,0.84672,12.849,0.84672,3695.15,0,0.0036966,5.4636e-05,0.204422,2.01024,1.53441,1.56538,2.18364,0.42336,0.0018483,0.21168,0.0018483,0.21168,460.486,0,0.244017,0,0,0.448439,0.204422,1.028160,1,0,10.9115,0,0,0,10.9115,0
0.293972,0.222915,0,0,0.704745,0.0478928,0.36288,3.6288,44.6469,1.43649,0,0,0.265035,0.295966,0,0.66528,12.849,1,0.84672,0.36288,0,12.9962,5.61929,6.89308,0.84672,12.849,0.84672,3695.15,0,0.0036966,5.75755e-05,0.216518,1.92564,1.11844,1.45159,1.80895,0.42336,0.0018483,0.21168,0.0018483,0.21168,460.486,0,0.21442,0,0,0.430938,0.216518,1.028160,1,0,8.70202,0,0,0,8.70202,0
0.685903,0.293972,0,0,1.09682,0.0480389,0.36288,3.6288,43.6691,1.12531,0,0,0.439432,0.291945,0,0.66528,12.849,1,0.84672,0.36288,0,21.1264,5.61929,15.0233,0.84672,12.849,0.84672,3695.15,0,0.0036966,4.65858e-05,0.216518,1.92595,1.99502,1.45159,2.68585,0.42336,0.0018483,0.21168,0.0018483,0.21168,460.486,0,0.525874,0,0,0.742392,0.216518,1.028160,1,0,17.7092,0,0,0,17.7092,0
0.597159,0.685903,0,0,1.00888,0.0488448,0.36288,3.6288,42.5905,1.19355,0,0,0.404154,0.289266,0,0.66528,12.849,1,0.84672,0.36288,0,38.278,5.61929,32.1748,0.84672,12.849,0.84672,3695.15,0,0.0036966,5.0517e-05,0.216518,1.92627,1.68628,1.45159,2.37742,0.42336,0.0018483,0.21168,0.0018483,0.21168,460.486,0,0.457904,0,0,0.674423,0.216518,1.028160,1,0,34.5523,0,0,0,34.5523,0
1.95896,0.597159,0,0,2.40348,0.0816334,0.36288,3.6288,42.3395,0.714114,0,0,0.7196,0.256473,0,0.66528,12.849,1,0.84672,0.36288,0,50.1339,5.21111,44.439,0.84672,12.849,0.84672,3695.15,0,0.0036966,3.09904e-05,0.216518,1.92658,2.8235,1.36565,3.60091,0.42336,0.0018483,0.21168,0.0018483,0.21168,460.486,0,0.939339,0,0,1.15586,0.216518,1.028160,1,0,48.0399,0,0,0,48.0399,0
0.847862,1.95896,0,0,1.30205,0.0913061,0.36288,3.6288,41.6117,0.944748,0,0,0.467798,0.2508,0,0.66528,12.849,1,0.84672,0.36288,0,28.636,5.06604,23.0861,0.84672,12.849,0.84672,3695.15,0,0.0036966,4.12423e-05,0.216518,1.94267,1.77282,1.32311,2.60886,0.42336,0.0018483,0.21168,0.0018483,0.21168,460.486,0,0.708964,0,0,0.925482,0.216518,1.028160,1,0,25.695,0,0,0,25.695,0
0.783996,0.847862,0,0,1.23413,0.0872525,0.36288,3.6288,40.7538,1.06072,0,0,0.451814,0.249049,0,0.66528,12.849,1,0.84672,0.36288,0,24.2917,5.06604,18.7418,0.84672,12.849,0.84672,3695.15,0,0.0036966,4.71147e-05,0.292723,1.94299,2.90909,1.32311,3.82164,0.42336,0.0018483,0.21168,0.0018483,0.21168,460.486,0,0.593257,0,0,0.88598,0.292723,1.028160,1,0,22.5635,0,0,0,22.5635,0
1.24939,0.783996,0,0,1.70484,0.0925667,0.36288,3.6288,40.3208,0.789416,0,0,0.599343,0.242869,0,0.66528,12.849,1,0.84672,0.36288,0,41.5034,4.92306,36.0965,0.84672,12.849,0.84672,3695.15,0,0.0036966,3.58023e-05,0.292723,1.9433,2.78554,1.30234,3.71919,0.42336,0.0018483,0.21168,0.0018483,0.21168,460.486,0,0.864838,0,0,1.15756,0.292723,1.028160,1,0,39.8157,0,0,0,39.8157,0
2.28934,1.24939,0,0,2.76692,0.1147,0.36288,3.6288,40.372,0.584019,0,0,0.835147,0.199962,0,0.66528,12.849,1,0.84672,0.36288,0,40.1912,4.17496,35.5324,0.84672,12.849,0.84672,3695.15,0,0.0036966,2.67713e-05,0.292723,1.94362,4.81518,1.14225,5.90925,0.42336,0.0018483,0.21168,0.0018483,0.21168,460.486,0,0.904319,0,0,1.19704,0.292723,1.028160,1,0,41.4417,0,0,0,41.4417,0
1.55697,2.28934,0,0,2.0244,0.104543,0.36288,3.6288,40.1157,0.460425,0,0,0.391058,0.186928,0,0.66528,12.849,1,0.84672,0.36288,0,32.6964,4.14188,28.0706,0.84672,12.849,0.84672,3695.15,0,0.0036966,2.10791e-05,0.583148,1.7654,4.22434,0.970448,5.60242,0.42336,0.0018483,0.21168,0.0018483,0.21168,460.486,0,1.02816,0,0,1.61131,0.583148,1.028160,1,0,33.6731,0,0,0,33.6731,0
2.08849,1.55697,0,0,2.55634,0.104969,0.36288,3.6288,39.8331,0.48986,0,0,0.375551,0.168324,0,0.66528,12.849,1,0.84672,0.36288,0,42.2448,4.15202,37.6089,0.84672,12.849,0.84672,3695.15,0,0.0036966,2.25699e-05,0.412474,1.76569,4.03827,1.03361,5.1828,0.42336,0.0018483,0.21168,0.0018483,0.21168,460.486,0,0.998965,0,0,1.41144,0.412474,1.028160,1,0,42.7917,0,0,0,42.7917,0
2.62468,2.08849,0,0,3.0948,0.107234,0.36288,3.6288,39.0321,1.03885,0,0,0.405741,0.167874,0,0.66528,12.849,1,0.84672,0.36288,0,51.3965,4.15202,46.7607,0.84672,12.849,0.84672,3695.15,0,0.0036966,4.82036e-05,0.412474,1.76598,3.29917,1.03361,4.44396,0.42336,0.0018483,0.21168,0.0018483,0.21168,460.486,0,0.450196,0,0,0.862669,0.412474,1.028160,1,0,51.2046,0,0,0,51.2046,0
2.84617,2.43808,0,0,3.13197,0.10952,0.36288,3.6288,39.4648,0.46115,0,0,1.06044,0.166608,0,0.66528,12.849,1,0.84672,0.36288,0,51.8572,4.15202,47.2213,0.84672,12.849,0.84672,3695.15,0,0.0036966,2.1837e-05,0.505578,1.76626,4.89429,1.03361,6.1325,0.42336,0.0018483,0.21168,0.0018483,0.21168,460.486,0,1.02816,0,0,1.53374,0.505578,1.028160,1,0,53.3538,0,0,0,53.3538,0
2.32282,2.54163,0,0,2.50742,0.126262,0.36288,3.6288,39.5713,0.509544,0,0,0.828887,0.212789,0,0.66528,12.849,1,0.84672,0.36288,0,35.9484,4.82832,30.6363,0.84672,12.849,0.84672,3695.15,0,0.0036966,2.38641e-05,0.530868,1.76655,4.77974,1.23646,5.84068,0.42336,0.0018483,0.21168,0.0018483,0.21168,460.486,0,1.02816,0,0,1.55903,0.530868,1.028160,1,0,36.477,0,0,0,36.477,0
1.32186,2.32282,0,0,1.80845,0.123712,0.36288,3.6288,39.3791,0.644797,0,0,0.665598,0.213003,0,0.66528,12.849,1,0.84672,0.36288,0,31.721,4.82832,26.4088,0.84672,12.849,0.84672,3695.15,0,0.0036966,3.01172e-05,0.503194,1.82333,3.79817,1.23646,4.88821,0.42336,0.0018483,0.21168,0.0018483,0.21168,460.486,0,0.893134,0,0,1.39633,0.503194,1.028160,1,0,31.297,0,0,0,31.297,0
1.1278,1.32186,0,0,1.60952,0.118835,0.36288,3.6288,38.9088,0.82266,0,0,0.564982,0.212617,0,0.66528,12.849,1,0.84672,0.36288,0,29.2002,4.82832,23.888,0.84672,12.849,0.84672,3695.15,0,0.0036966,3.86124e-05,0.503194,1.82361,3.32266,1.23646,4.41296,0.42336,0.0018483,0.21168,0.0018483,0.21168,460.486,0,0.715496,0,0,1.21869,0.503194,1.028160,1,0,28.301,0,0,0,28.301,0
1.37848,1.1278,0,0,1.84705,0.105691,0.36288,3.6288,39.2901,0.510244,0,0,1.09097,0.19949,0,0.66528,12.849,1,0.84672,0.36288,0,31.5084,4.73292,26.2917,0.84672,12.849,0.84672,3695.15,0,0.0036966,2.42383e-05,0.614183,1.82389,4.76701,1.07195,6.13311,0.42336,0.0018483,0.21168,0.0018483,0.21168,460.486,0,1.02816,0,0,1.64234,0.614183,1.028160,1,0,32.4248,0,0,0,32.4248,0
1.51956,1.37848,0,0,2.00143,0.118987,0.36288,3.6288,39.3714,0.610569,0,0,0.894283,0.2024,0,0.66528,12.849,1,0.84672,0.36288,0,41.1537,4.48332,36.1865,0.84672,12.849,0.84672,3695.15,0,0.0036966,2.87226e-05,0.598104,1.82416,5.17993,1.08232,6.51985,0.42336,0.0018483,0.21168,0.0018483,0.21168,460.486,0,1.02816,0,0,1.62626,0.598104,1.028160,1,0,42.7064,0,0,0,42.7064,0
3.47016,1.51956,0,0,3.96347,0.130428,0.36288,3.6288,39.9634,0.610817,0,0,1.4086,0.205727,0,0.66528,12.849,1,0.84672,0.36288,0,56.9906,4.30805,52.1987,0.84672,12.849,0.84672,3695.15,0,0.0036966,2.8675e-05,2.00836,1.93099,6.63239,1.11066,9.46105,0.42336,0.0018483,0.21168,0.0018483,0.21168,460.486,0,1.02816,0,0,3.03652,2.00836,1.028160,1,0,61.6597,0,0,0,61.6597,0
3.00494,2.70086,0,0,2.73929,0.140775,0.36288,3.6288,40.0033,0.611067,0,0,0.857859,0.206879,0,0.66528,12.849,1,0.84672,0.36288,0,40.7452,4.30805,35.9533,0.84672,12.849,0.84672,3695.15,0,0.0036966,2.82617e-05,1.11301,1.93128,4.83685,1.11066,6.77046,0.42336,0.0018483,0.21168,0.0018483,0.21168,460.486,0,1.02816,0,0,2.14117,1.11301,1.028160,1,0,42.7238,0,0,0,42.7238,0
1.87232,2.70117,0,0,2.06353,0.13211,0.36288,3.6288,39.701,0.6499,0,0,0.558512,0.210988,0,0.66528,12.849,1,0.84672,0.36288,0,32.2483,4.33895,27.4255,0.84672,12.849,0.84672,3695.15,0,0.0036966,3.00277e-05,0.608429,1.93157,4.49035,1.14359,5.88673,0.42336,0.0018483,0.21168,0.0018483,0.21168,460.486,0,0.989574,0,0,1.598,0.608429,1.028160,1,0,33.3122,0,0,0,33.3122,0
3.53364,1.87232,0,0,4.00974,0.113215,0.36288,3.6288,41.3518,0.41478,0,0,2.26031,0.194712,0,0.66528,12.849,1,0.84672,0.36288,0,81.6672,3.94862,77.2347,0.84672,12.849,0.84672,3695.15,0,0.0036966,1.93103e-05,2.31161,1.93187,11.7937,1.01635,15.0208,0.42336,0.0018483,0.21168,0.0018483,0.21168,460.486,0,1.02816,0,0,3.33977,2.31161,1.028160,1,0,92.2556,0,0,0,92.2556,0
5.5342,2.32908,0,0,4.81461,0.122088,0.36288,3.6288,43.1723,0.415,0,0,2.41372,0.178239,0,0.66528,12.849,1,0.84672,0.36288,0,96.7326,3.59793,92.6508,0.84672,12.849,0.84672,3695.15,0,0.0036966,1.85492e-05,2.35551,1.71011,11.9089,0.859175,15.1153,0.42336,0.0018483,0.21168,0.0018483,0.21168,460.486,0,1.02816,0,0,3.38367,2.35551,1.028160,1,0,107.766,0,0,0,107.766,0
6.88578,2.35002,0,0,4.19545,0.130965,0.36288,3.6288,45.0601,0.506395,0,0,2.57558,0.181382,0,0.66528,12.849,1,0.84672,0.36288,0,85.5904,3.59793,81.5087,0.84672,12.849,0.84672,3695.15,0,0.0036966,2.16799e-05,2.12149,1.71037,10.2538,0.859175,13.2264,0.42336,0.0018483,0.21168,0.0018483,0.21168,460.486,0,1.02816,0,0,3.14965,2.12149,1.028160,1,0,94.7351,0,0,0,94.7351,0
11.1452,2.27444,0,0,7.03325,0.136465,0.36288,3.6288,48.1371,0.471656,0,0,3.72826,0.179571,0,0.66528,12.849,1,0.84672,0.36288,0,174.074,3.50828,170.081,0.84672,12.849,0.84672,3695.15,0,0.0036966,1.93467e-05,4.57051,1.78483,16.9801,0.84382,22.4916,0.42336,0.0018483,0.21168,0.0018483,0.21168,460.486,0,1.02816,0,0,5.59867,4.57051,1.028160,1,0,192.573,0,0,0,192.573,0
15.4461,2.27538,0,0,7.08748,0.148346,0.36288,3.6288,51.1124,0.471652,0,0,3.60039,0.153479,0,0.66528,12.849,1,0.84672,0.36288,0,169.235,3.05154,165.7,0.84672,12.849,0.84672,3695.15,0,0.0036966,1.81098e-05,3.9811,1.74379,17.4107,0.784434,22.3512,0.42336,0.0018483,0.21168,0.0018483,0.21168,460.486,0,1.02816,0,0,5.00926,3.9811,1.028160,1,0,188.051,0,0,0,188.051,0
19.8887,2.39233,0,0,7.338,0.140247,0.36288,3.6288,53.0094,0.529725,0,0,2.5853,0.1585,0,0.66528,12.849,1,0.84672,0.36288,0,214.968,3.53871,210.946,0.84672,12.849,0.84672,3695.15,0,0.0036966,1.91556e-05,2.89191,1.74392,11.3717,0.980897,15.0266,0.42336,0.0018483,0.21168,0.0018483,0.21168,460.486,0,1.02816,0,0,3.92007,2.89191,1.028160,1,0,225.972,0,0,0,225.972,0
21.8108,2.44866,0,0,4.8838,0.150168,0.36288,3.6288,54.4391,0.474184,0,0,2.06484,0.160942,0,0.66528,12.849,1,0.84672,0.36288,0,133.16,3.53871,129.137,0.84672,12.849,0.84672,3695.15,0,0.0036966,1.65336e-05,1.84118,1.81069,7.6496,0.980897,10.3205,0.42336,0.0018483,0.21168,0.0018483,0.21168,460.486,0,1.02816,0,0,2.86934,1.84118,1.028160,1,0,139.458,0,0,0,139.458,0
24.3078,2.52849,0,0,5.54259,0.154183,0.36288,3.6288,56.0027,0.510571,0,0,2.23684,0.162653,0,0.66528,12.849,1,0.84672,0.36288,0,112.784,3.53871,108.761,0.84672,12.849,0.84672,3695.15,0,0.0036966,1.73348e-05,2.18409,1.77832,9.55187,0.980897,12.5334,0.42336,0.0018483,0.21168,0.0018483,0.21168,460.486,0,1.02816,0,0,3.21225,2.18409,1.028160,1,0,121.295,0,0,0,121.295,0
26.173,2.52902,0,0,4.92339,0.16627,0.36288,3.6288,57.4189,0.510805,0,0,2.14583,0.218887,0,0.66528,12.849,1,0.84672,0.36288,0,106.631,4.73287,101.415,0.84672,12.849,0.84672,3695.15,0,0.0036966,1.68585e-05,2.08791,1.82139,9.07684,1.08336,11.9028,0.42336,0.0018483,0.21168,0.0018483,0.21168,460.486,0,1.02816,0,0,3.11607,2.08791,1.028160,1,0,113.317,0,0,0,113.317,0
28.2161,2.48302,0,0,4.99376,0.104774,0.36288,3.6288,58.4337,0.487926,0,0,1.7022,0.199436,0,0.66528,12.849,1,0.84672,0.36288,0,126.989,4.06801,122.437,0.84672,12.849,0.84672,3695.15,0,0.0036966,1.57062e-05,2.47075,1.82167,10.7323,1.04994,13.9748,0.42336,0.0018483,0.21168,0.0018483,0.21168,460.486,0,1.02816,0,0,3.49891,2.47075,1.028160,1,0,136.412,0,0,0,136.412,0
29.3018,2.46529,0,0,4.01843,0.104596,0.36288,3.6288,58.9339,0.506406,0,0,1.2076,0.201034,0,0.66528,12.849,1,0.84672,0.36288,0,90.0971,4.16798,85.4452,0.84672,12.849,0.84672,3695.15,0,0.0036966,1.6018e-05,1.66554,1.79537,5.66817,1.06863,8.06043,0.42336,0.0018483,0.21168,0.0018483,0.21168,460.486,0,1.02816,0,0,2.6937,1.66554,1.028160,1,0,93.5057,0,0,0,93.5057,0
29.8652,2.46603,0,0,3.4985,0.106155,0.36288,3.6288,59.3858,0.506406,0,0,1.15996,0.201681,0,0.66528,12.849,1,0.84672,0.36288,0,80.0211,4.16798,75.3693,0.84672,12.849,0.84672,3695.15,0,0.0036966,1.5882e-05,1.37127,1.80632,5.30227,1.06863,7.41122,0.42336,0.0018483,0.21168,0.0018483,0.21168,460.486,0,1.02816,0,0,2.39943,1.37127,1.028160,1,0,82.7805,0,0,0,82.7805,0
30.0634,2.46677,0,0,3.13476,0.106963,0.36288,3.6288,59.702,0.506406,0,0,1.02495,0.202266,0,0.66528,12.849,1,0.84672,0.36288,0,68.6811,4.16798,64.0293,0.84672,12.849,0.84672,3695.15,0,0.0036966,1.57612e-05,1.07609,1.80646,4.61916,1.06863,6.43306,0.42336,0.0018483,0.21168,0.0018483,0.21168,460.486,0,1.02816,0,0,2.10425,1.07609,1.028160,1,0,70.4623,0,0,0,70.4623,0
29.8677,2.62555,0,0,2.89346,0.100739,0.36288,3.6288,59.84,0.588422,0,0,0.916937,0.190561,0,0.66528,12.849,1,0.84672,0.36288,0,60.303,3.99156,55.8276,0.84672,12.849,0.84672,3695.15,0,0.0036966,1.82168e-05,1.02552,1.80659,4.35034,0.988843,6.19359,0.42336,0.0018483,0.21168,0.0018483,0.21168,460.486,0,1.02816,0,0,2.05368,1.02552,1.028160,1,0,62.0212,0,0,0,62.0212,0
29.4203,2.64364,0,0,2.63409,0.0749674,0.36288,3.6288,59.8905,0.571105,0,0,0.824999,0.203404,0,0.66528,12.849,1,0.84672,0.36288,0,49.3279,4.39152,44.4526,0.84672,12.849,0.84672,3695.15,0,0.0036966,1.76399e-05,1.06453,1.89972,4.23845,0.972614,6.23007,0.42336,0.0018483,0.21168,0.0018483,0.21168,460.486,0,1.02816,0,0,2.09269,1.06453,1.028160,1,0,50.6826,0,0,0,50.6826,0
28.8644,2.64416,0,0,2.52076,0.069623,0.36288,3.6288,59.9813,0.571348,0,0,0.867439,0.205239,0,0.66528,12.849,1,0.84672,0.36288,0,46.3469,4.4457,41.4174,0.84672,12.849,0.84672,3695.15,0,0.0036966,1.76325e-05,1.05281,1.88973,4.4156,0.962585,6.39554,0.42336,0.0018483,0.21168,0.0018483,0.21168,460.486,0,1.02816,0,0,2.08097,1.05281,1.028160,1,0,47.8129,0,0,0,47.8129,0
28.1958,2.64469,0,0,2.40813,0.0691004,0.36288,3.6288,60.0755,0.57159,0,0,0.871085,0.205358,0,0.66528,12.849,1,0.84672,0.36288,0,43.5453,4.4457,38.6158,0.84672,12.849,0.84672,3695.15,0,0.0036966,1.76133e-05,0.961148,1.89002,4.24591,0.962585,6.13447,0.42336,0.0018483,0.21168,0.0018483,0.21168,460.486,0,1.02816,0,0,1.98931,0.961148,1.028160,1,0,44.7503,0,0,0,44.7503,0
27.3479,2.64522,0,0,2.22853,0.0683656,0.36288,3.6288,60.0981,0.571833,0,0,0.800522,0.206104,0,0.66528,12.849,1,0.84672,0.36288,0,40.5895,4.44623,35.6594,0.84672,12.849,0.84672,3695.15,0,0.0036966,1.75932e-05,0.843134,1.8903,4.03038,0.979488,5.78431,0.42336,0.0018483,0.21168,0.0018483,0.21168,460.486,0,1.02816,0,0,1.87129,0.843134,1.028160,1,0,41.4438,0,0,0,41.4438,0
26.2952,2.61446,0,0,1.99162,0.066939,0.36288,3.6288,59.9936,0.617187,0,0,0.722624,0.209874,0,0.66528,12.849,1,0.84672,0.36288,0,40.2314,4.44937,35.2982,0.84672,12.849,0.84672,3695.15,0,0.0036966,1.89814e-05,0.814501,1.89059,4.00078,1.08091,5.62494,0.42336,0.0018483,0.21168,0.0018483,0.21168,460.486,0,1.02816,0,0,1.84266,0.814501,1.028160,1,0,40.9231,0,0,0,40.9231,0
25.0534,2.61498,0,0,1.80196,0.0659603,0.36288,3.6288,59.8371,0.617436,0,0,0.670611,0.209735,0,0.66528,12.849,1,0.84672,0.36288,0,36.1282,4.44937,31.1949,0.84672,12.849,0.84672,3695.15,0,0.0036966,1.90221e-05,0.585939,1.91987,3.83711,1.08091,5.26199,0.42336,0.0018483,0.21168,0.0018483,0.21168,460.486,0,1.02816,0,0,1.6141,0.585939,1.028160,1,0,36.4569,0,0,0,36.4569,0
23.7442,2.61549,0,0,1.71675,0.0475228,0.36288,3.6288,59.5792,0.617686,0,0,0.634512,0.274728,0,0.66528,12.849,1,0.84672,0.36288,0,32.7294,5.29627,26.9492,0.84672,12.849,0.84672,3695.15,0,0.0036966,1.90796e-05,0.593819,1.92016,3.63542,1.39004,4.75933,0.42336,0.0018483,0.21168,0.0018483,0.21168,460.486,0,1.02816,0,0,1.62198,0.593819,1.028160,1,0,31.7086,0,0,0,31.7086,0
22.2456,2.61601,0,0,1.5241,0.0438039,0.36288,3.6288,59.2694,0.617935,0,0,0.593296,0.285125,0,0.66528,12.849,1,0.84672,0.36288,0,29.9347,5.43742,24.0134,0.84672,12.849,0.84672,3695.15,0,0.0036966,1.91699e-05,0.549478,1.92045,3.51558,1.44157,4.54392,0.42336,0.0018483,0.21168,0.0018483,0.21168,460.486,0,1.02816,0,0,1.57764,0.549478,1.028160,1,0,28.5573,0,0,0,28.5573,0
20.809,2.69734,0,0,1.66293,0.0394014,0.36288,3.6288,58.8726,0.658413,0,0,0.550797,0.289175,0,0.66528,12.849,1,0.84672,0.36288,0,30.5814,5.22338,24.8742,0.84672,12.849,0.84672,3695.15,0,0.0036966,2.05324e-05,0.638168,1.92074,3.40558,1.46284,4.50163,0.42336,0.0018483,0.21168,0.0018483,0.21168,460.486,0,1.02816,0,0,1.66633,0.638168,1.028160,1,0,29.3758,0,0,0,29.3758,0
19.2702,2.69786,0,0,1.55928,0.0372632,0.36288,3.6288,58.4382,0.658669,0,0,0.514549,0.290281,0,0.66528,12.849,1,0.84672,0.36288,0,29.162,5.13776,23.5404,0.84672,12.849,0.84672,3695.15,0,0.0036966,2.06788e-05,0.555172,1.96726,3.35962,1.47135,4.41069,0.42336,0.0018483,0.21168,0.0018483,0.21168,460.486,0,1.02816,0,0,1.58333,0.555172,1.028160,1,0,27.9511,0,0,0,27.9511,0
17.5889,2.69838,0,0,1.41642,0.0364757,0.36288,3.6288,57.9904,0.658924,0,0,0.500607,0.289472,0,0.66528,12.849,1,0.84672,0.36288,0,27.4514,5.13776,21.8298,0.84672,12.849,0.84672,3695.15,0,0.0036966,2.08406e-05,0.452917,1.96756,3.23968,1.47135,4.18879,0.42336,0.0018483,0.21168,0.0018483,0.21168,460.486,0,1.02816,0,0,1.48108,0.452917,1.028160,1,0,26.0185,0,0,0,26.0185,0
15.7006,2.6989,0,0,1.19967,0.0262112,0.36288,3.6288,57.535,0.65918,0,0,0.49789,0.294177,0,0.66528,12.849,1,0.84672,0.36288,0,26.1617,5.41455,20.2633,0.84672,12.849,0.84672,3695.15,0,0.0036966,2.10097e-05,0.440191,1.96786,3.17911,1.47185,4.11529,0.42336,0.0018483,0.21168,0.0018483,0.21168,460.486,0,1.02816,0,0,1.46835,0.440191,1.028160,1,0,24.3786,0,0,0,24.3786,0
13.6662,2.75843,0,0,1.1183,0.031387,0.36288,3.6288,57.0575,0.66528,0,0,0.474018,0.286229,0,0.66528,12.849,1,0.84672,0.36288,0,24.3233,5.35622,18.4833,0.84672,12.849,0.84672,3695.15,0,0.0036966,0.0018483,0.461471,1.96816,2.92539,1.37254,3.98063,0.42336,0.0018483,0.21168,0.0018483,0.21168,460.486,0,1.02816,0,0,1.48963,0.461471,1.028160,1,0,22.4639,0,0,0,22.4639,0
11.6692,2.75893,0,0,1.15485,0.0300225,0.36288,3.6288,56.5635,0.66528,0,0,0.464734,0.293445,0,0.66528,12.849,1,0.84672,0.36288,0,23.3307,5.59629,17.2505,0.84672,12.849,0.84672,3695.15,0,0.0036966,0.0018483,0.479848,2.02522,2.49806,1.38405,3.61723,0.42336,0.0018483,0.21168,0.0018483,0.21168,460.486,0,1.02816,0,0,1.50801,0.479848,1.028160,1,0,20.8678,0,0,0,20.8678,0
9.72357,2.75941,0,0,1.20538,0.0287226,0.36288,3.6288,56.0712,0.66528,0,0,0.46547,0.292503,0,0.66528,12.849,1,0.84672,0.36288,0,23.2837,5.59629,17.2035,0.84672,12.849,0.84672,3695.15,0,0.0036966,0.0018483,0.609638,2.02553,2.80231,1.38405,4.05157,0.42336,0.0018483,0.21168,0.0018483,0.21168,460.486,0,1.02816,0,0,1.6378,0.609638,1.028160,1,0,21.2551,0,0,0,21.2551,0
7.97095,2.75987,0,0,1.39756,0.027429,0.36288,3.6288,55.6009,0.66528,0,0,0.486606,0.291564,0,0.66528,12.849,1,0.84672,0.36288,0,22.216,5.59629,16.1359,0.84672,12.849,0.84672,3695.15,0,0.0036966,0.0018483,0.554342,2.02583,3.49641,1.38405,4.69069,0.42336,0.0018483,0.21168,0.0018483,0.21168,460.486,0,1.02816,0,0,1.5825,0.554342,1.028160,1,0,20.8266,0,0,0,20.8266,0
5.84804,2.7603,0,0,1.02962,0.0293537,0.36288,3.6288,55.0659,0.66528,0,0,0.421028,0.290785,0,0.66528,12.849,1,0.84672,0.36288,0,21.6022,5.62959,15.4887,0.84672,12.849,0.84672,3695.15,0,0.0036966,0.0018483,0.490821,2.02614,2.38801,1.37753,3.5256,0.42336,0.0018483,0.21168,0.0018483,0.21168,460.486,0,1.02816,0,0,1.51898,0.490821,1.028160,1,0,19.0143,0,0,0,19.0143,0
4.21626,2.65056,0,0,1.43032,0.0486561,0.36288,3.6288,54.9301,0.635802,0,0,0.804548,0.304562,0,0.66528,12.849,1,0.84672,0.36288,0,47.0662,6.07162,40.5108,0.84672,12.849,0.84672,3695.15,0,0.0036966,2.13409e-05,1.28298,2.02645,3.43376,1.19576,5.54741,0.42336,0.0018483,0.21168,0.0018483,0.21168,460.486,0,1.02816,0,0,2.31114,1.28298,1.028160,1,0,46.0582,0,0,0,46.0582,0
2.6132,2.65077,0,0,1.45663,0.0460492,0.36288,3.6288,54.7912,0.636054,0,0,0.801472,0.30429,0,0.66528,12.849,1,0.84672,0.36288,0,49.4398,6.07162,42.8843,0.84672,12.849,0.84672,3695.15,0,0.0036966,2.14021e-05,1.33728,1.94114,3.34047,1.19576,5.42311,0.42336,0.0018483,0.21168,0.0018483,0.21168,460.486,0,1.02816,0,0,2.36544,1.33728,1.028160,1,0,48.3075,0,0,0,48.3075,0
0.759913,2.6132,0,0,1.17208,0.0492837,0.36288,3.6288,54.4975,0.636307,0,0,0.636477,0.293882,0,0.66528,12.849,1,0.84672,0.36288,0,35.4762,5.90361,29.0887,0.84672,12.849,0.84672,3695.15,0,0.0036966,2.14649e-05,1.01806,1.94144,3.9477,1.15217,5.75501,0.42336,0.0018483,0.21168,0.0018483,0.21168,460.486,0,1.02816,0,0,2.04622,1.01806,1.028160,1,0,34.8437,0,0,0,34.8437,0
1.09232,0.759913,0,0,1.49996,0.044755,0.36288,3.6288,54.2101,0.636559,0,0,0.641295,0.292103,0,0.66528,12.849,1,0.84672,0.36288,0,33.2187,6.023,26.7119,0.84672,12.849,0.84672,3695.15,0,0.0036966,2.15891e-05,1.12604,1.94173,5.10009,1.01899,7.14885,0.42336,0.0018483,0.21168,0.0018483,0.21168,460.486,0,1.02816,0,0,2.1542,1.12604,1.028160,1,0,33.8607,0,0,0,33.8607,0
5.27758,1.09232,0,0,5.69595,0.0554989,0.36288,3.6288,55.6728,0.638539,0,0,2.34383,0.242579,0,0.66528,12.849,1,0.84672,0.36288,0,107.287,5.04154,101.761,0.84672,12.849,0.84672,3695.15,0,0.0036966,2.1771e-05,4.35802,1.94202,15.4272,1.02102,20.7062,0.42336,0.0018483,0.21168,0.0018483,0.21168,460.486,0,1.02816,0,0,5.38618,4.35802,1.028160,1,0,122.467,0,0,0,122.467,0
5.625,2.73085,0,0,3.52717,0.086016,0.36288,3.6288,56.5941,0.638792,0,0,1.74989,0.189872,0,0.66528,12.849,1,0.84672,0.36288,0,106.457,3.96722,102.006,0.84672,12.849,0.84672,3695.15,0,0.0036966,2.12075e-05,2.57489,1.95822,8.28282,0.984022,11.8319,0.42336,0.0018483,0.21168,0.0018483,0.21168,460.486,0,1.02816,0,0,3.60305,2.57489,1.028160,1,0,113.838,0,0,0,113.838,0
5.74593,2.73145,0,0,3.30226,0.0870017,0.36288,3.6288,57.4325,0.639045,0,0,1.66854,0.191019,0,0.66528,12.849,1,0.84672,0.36288,0,76.28,3.96722,71.8289,0.84672,12.849,0.84672,3695.15,0,0.0036966,2.08705e-05,2.77893,1.95852,7.45269,0.984022,11.2061,0.42336,0.0018483,0.21168,0.0018483,0.21168,460.486,0,1.02816,0,0,3.80709,2.77893,1.028160,1,0,83.035,0,0,0,83.035,0
6.74876,2.73201,0,0,4.18303,0.0853105,0.36288,3.6288,58.8174,0.639298,0,0,2.27572,0.251595,0,0.66528,12.849,1,0.84672,0.36288,0,106.726,3.92956,102.313,0.84672,12.849,0.84672,3695.15,0,0.0036966,2.05739e-05,3.66999,1.95882,8.59352,1.07857,13.1437,0.42336,0.0018483,0.21168,0.0018483,0.21168,460.486,0,1.02816,0,0,4.69815,3.66999,1.028160,1,0,115.457,0,0,0,115.457,0
8.44424,2.46313,0,0,4.62795,0.106456,0.36288,3.6288,60.3246,0.472038,0,0,2.1953,0.216002,0,0.66528,12.849,1,0.84672,0.36288,0,106.215,3.86459,101.867,0.84672,12.849,0.84672,3695.15,0,0.0036966,1.48335e-05,4.30852,1.95911,11.9052,1.07848,17.0944,0.42336,0.0018483,0.21168,0.0018483,0.21168,460.486,0,1.02816,0,0,5.33668,4.30852,1.028160,1,0,118.961,0,0,0,118.961,0
9.07421,2.42963,0,0,3.55897,0.136484,0.36288,3.6288,61.308,0.506404,0,0,3.98313,0.223548,2.26981,0.66528,12.849,1,0.84672,0.36288,0,94.2408,4.42869,89.3283,0.84672,12.849,0.84672,3695.15,0,0.0036966,1.55158e-05,5.21234,1.77946,13.4368,1.12156,19.307,0.42336,0.0018483,0.21168,0.0018483,0.21168,460.486,0,1.02816,0,0,6.2405,5.21234,1.028160,1,0,110.905,0,0,0,110.905,0
9.97704,2.4304,0,0,3.83516,0.139052,0.36288,3.6288,61.308,0.506404,0,0,2.94747,0.224946,2.21612,0.66528,12.849,1,0.84672,0.36288,0,96.3412,4.42869,91.4287,0.84672,12.849,0.84672,3695.15,0,0.0036966,1.5267e-05,6.48176,1.7997,15.4651,1.12156,22.625,0.42336,0.0018483,0.21168,0.0018483,0.21168,460.486,0,1.02816,0,0,7.50992,6.48176,1.028160,1,0,116.27,0,0,0,116.27,0
10.2191,2.43117,0,0,3.17877,0.142691,0.36288,3.6288,61.308,0.506404,0,0,1.18743,0.224946,0.45608,0.66528,12.849,1,0.84672,0.36288,0,80.3313,4.42869,75.4187,0.84672,12.849,0.84672,3695.15,0,0.0036966,1.5267e-05,2.53111,1.79984,10.7308,1.12156,13.9402,0.42336,0.0018483,0.21168,0.0018483,0.21168,460.486,0,1.02816,0,0,3.55927,2.53111,1.028160,1,0,89.815,0,0,0,89.815,0
9.60759,2.43191,0,0,2.321,0.137679,0.36288,3.6288,61.308,0.506404,0,0,1.3991,0.274066,0.618631,0.66528,12.849,1,0.84672,0.36288,0,68.4487,4.60992,63.3549,0.84672,12.849,0.84672,3695.15,0,0.0036966,1.5267e-05,2.34484,1.79998,6.25062,1.2614,9.13402,0.42336,0.0018483,0.21168,0.0018483,0.21168,460.486,0,1.02816,0,0,3.373,2.34484,1.028160,1,0,73.1076,0,0,0,73.1076,0
14.4712,2.53636,0,0,7.8996,0.136763,0.36288,3.6288,61.308,0.554938,0,0,1.40842,0.222513,0.630965,0.66528,12.849,1,0.84672,0.36288,0,188.999,4.40748,184.108,0.84672,12.849,0.84672,3695.15,0,0.0036966,1.67301e-05,5.92851,1.80011,13.3129,1.07835,19.9631,0.42336,0.0018483,0.21168,0.0018483,0.21168,460.486,0,1.02816,0,0,6.95667,5.92851,1.028160,1,0,204.702,0,0,0,204.702,0
17.1453,2.57023,0,0,5.76135,0.15415,0.36288,3.6288,61.308,0.521927,0,0,1.04022,0.203602,0.314692,0.66528,12.849,1,0.84672,0.36288,0,148.427,4.25985,143.684,0.84672,12.849,0.84672,3695.15,0,0.0036966,1.57349e-05,3.4256,1.85719,11.8066,1.02698,16.0624,0.42336,0.0018483,0.21168,0.0018483,0.21168,460.486,0,1.02816,0,0,4.45376,3.4256,1.028160,1,0,160.061,0,0,0,160.061,0
25.2297,2.57077,0,0,11.1801,0.162054,0.36288,3.6288,61.308,0.522146,0,0,2.53039,0.203602,1.80464,0.66528,12.849,1,0.84672,0.36288,0,207.287,4.25985,202.543,0.84672,12.849,0.84672,3695.15,0,0.0036966,1.57415e-05,7.54843,1.83801,19.8857,1.02698,28.2452,0.42336,0.0018483,0.21168,0.0018483,0.21168,460.486,0,1.02816,0,0,8.57659,7.54843,1.028160,1,0,232.593,0,0,0,232.593,0
29.0816,2.57134,0,0,6.96764,0.181496,0.36288,3.6288,61.308,0.522365,0,0,1.74917,0.203602,1.0232,0.66528,12.849,1,0.84672,0.36288,0,169.144,4.25985,164.4,0.84672,12.849,0.84672,3695.15,0,0.0036966,1.57481e-05,3.82621,1.83827,10.5413,1.02698,15.1788,0.42336,0.0018483,0.21168,0.0018483,0.21168,460.486,0,1.02816,0,0,4.85437,3.82621,1.028160,1,0,180.602,0,0,0,180.602,0
33.1716,2.72894,0,0,7.37139,0.189601,0.36288,3.6288,61.308,0.623463,0,0,1.67523,0.206222,0.845542,0.66528,12.849,1,0.84672,0.36288,0,151.116,4.02544,146.607,0.84672,12.849,0.84672,3695.15,0,0.0036966,1.8796e-05,4.60232,1.83853,12.0252,1.06696,17.3991,0.42336,0.0018483,0.21168,0.0018483,0.21168,460.486,0,1.02816,0,0,5.63048,4.60232,1.028160,1,0,164.852,0,0,0,164.852,0
37.029,2.72947,0,0,7.14701,0.197257,0.36288,3.6288,61.308,0.623696,0,0,1.5004,0.209714,0.666987,0.66528,12.849,1,0.84672,0.36288,0,181.946,3.71291,177.75,0.84672,12.849,0.84672,3695.15,0,0.0036966,1.88031e-05,4.00715,1.94617,11.0379,1.12028,15.8709,0.42336,0.0018483,0.21168,0.0018483,0.21168,460.486,0,1.02816,0,0,5.03531,4.00715,1.028160,1,0,194.287,0,0,0,194.287,0
40.0189,2.72999,0,0,6.28948,0.206697,0.36288,3.6288,61.308,0.623929,0,0,1.50567,0.209714,0.672024,0.66528,12.849,1,0.84672,0.36288,0,139.6,3.71291,135.403,0.84672,12.849,0.84672,3695.15,0,0.0036966,1.88101e-05,3.3355,1.94644,9.68293,1.12028,13.8446,0.42336,0.0018483,0.21168,0.0018483,0.21168,460.486,0,1.02816,0,0,4.36366,3.3355,1.028160,1,0,149.92,0,0,0,149.92,0
43.5636,2.7305,0,0,6.85207,0.214037,0.36288,3.6288,61.308,0.624163,0,0,1.74717,0.209714,0.913296,0.66528,12.849,1,0.84672,0.36288,0,184.2,3.71291,180.004,0.84672,12.849,0.84672,3695.15,0,0.0036966,1.88171e-05,4.93283,1.94672,12.7879,1.12028,18.5471,0.42336,0.0018483,0.21168,0.0018483,0.21168,460.486,0,1.02816,0,0,5.96099,4.93283,1.028160,1,0,199.464,0,0,0,199.464,0
45.7539,2.53162,0,0,5.31296,0.228088,0.36288,3.6288,61.308,0.461065,0,0,1.48236,0.176995,0.844305,0.66528,12.849,1,0.746696,0.36288,0,143.304,3.23334,139.687,0.84672,12.849,0.84672,3695.15,0,0.0036966,1.39001e-05,2.55597,1.94699,9.0396,0.934867,12.6077,0.42336,0.0018483,0.21168,0.0018483,0.21168,460.486,0,1.02816,0,0,3.58413,2.55597,1.028160,1,0,153.139,0,0,0,153.139,0
47.1148,2.52467,0,0,4.48491,0.236487,0.36288,3.6288,61.308,0.506387,0,0,1.40168,0.164011,0.731287,0.66528,12.849,1,0.708999,0.36288,0,123.981,3.12323,120.512,0.84672,12.849,0.84672,3695.15,0,0.0036966,1.52664e-05,2.39808,1.76496,8.02794,0.839422,11.3515,0.42336,0.0018483,0.21168,0.0018483,0.21168,460.486,0,1.02816,0,0,3.42624,2.39808,1.028160,1,0,132.595,0,0,0,132.595,0
48.781,2.57657,0,0,4.84567,0.240087,0.36288,3.6288,61.308,0.461485,0,0,1.35324,0.164011,0.727744,0.66528,12.849,1,0.702674,0.36288,0,134.301,3.12323,130.838,0.84672,12.849,0.84672,3695.15,0,0.0036966,1.39128e-05,2.9022,1.79161,9.3579,0.839422,13.2123,0.42336,0.0018483,0.21168,0.0018483,0.21168,460.486,0,1.02816,0,0,3.93036,2.9022,1.028160,1,0,144.778,0,0,0,144.778,0
51.7993,2.56056,0,0,6.18624,0.244495,0.36288,3.6288,61.308,0.506387,0,0,1.55123,0.164011,0.880836,0.66528,12.849,1,0.674457,0.36288,0,168.165,3.12323,164.731,0.84672,12.849,0.84672,3695.15,0,0.0036966,1.52664e-05,3.07807,1.76546,10.0977,0.839422,14.1017,0.42336,0.0018483,0.21168,0.0018483,0.21168,460.486,0,1.02816,0,0,4.10623,3.07807,1.028160,1,0,179.713,0,0,0,179.713,0
55.9411,2.59259,0,0,7.34948,0.252143,0.36288,3.6288,61.308,0.506387,0,0,1.79594,0.165036,1.12451,0.66528,12.849,1,0.643103,0.36288,0,242.242,3.36969,238.592,0.84672,12.849,0.84672,3695.15,0,0.0036966,1.52664e-05,3.42671,1.79186,14.4946,0.922555,18.7906,0.42336,0.0018483,0.21168,0.0018483,0.21168,460.486,0,1.02816,0,0,4.45487,3.42671,1.028160,1,0,258.507,0,0,0,258.507,0
59.2315,2.76535,0,0,6.68952,0.270871,0.36288,3.6288,61.308,0.522052,0,0,2.00281,0.191975,1.28879,0.66528,12.849,1,0.635167,0.36288,0,218.244,4.00827,213.963,0.84672,12.849,0.84672,3695.15,0,0.0036966,1.57387e-05,3.12838,1.79199,11.7048,1.04143,15.5837,0.42336,0.0018483,0.21168,0.0018483,0.21168,460.486,0,1.02816,0,0,4.15654,3.12838,1.028160,1,0,230.836,0,0,0,230.836,0
62.7734,2.79474,0,0,6.97922,0.279739,0.36288,3.6288,61.308,0.522271,0,0,2.13328,0.191975,1.41903,0.66528,12.849,1,0.606258,0.36288,0,197.751,4.00827,193.499,0.84672,12.849,0.84672,3695.15,0,0.0036966,1.57453e-05,3.88134,1.83498,12.9722,1.04143,17.6471,0.42336,0.0018483,0.21168,0.0018483,0.21168,460.486,0,1.02816,0,0,4.9095,3.88134,1.028160,1,0,212.565,0,0,0,212.565,0
66.4908,2.82354,0,0,7.19226,0.288456,0.36288,3.6288,61.308,0.52249,0,0,1.73058,0.191975,1.01612,0.66528,12.849,1,0.577946,0.36288,0,220.763,4.00827,216.54,0.84672,12.849,0.84672,3695.15,0,0.0036966,1.57519e-05,3.02479,1.83524,11.9045,1.04143,15.7231,0.42336,0.0018483,0.21168,0.0018483,0.21168,460.486,0,1.02816,0,0,4.05295,3.02479,1.028160,1,0,233.279,0,0,0,233.279,0
68.4002,2.85102,0,0,5.39908,0.275775,0.36288,3.6288,61.308,0.522708,0,0,1.48185,0.188573,0.770565,0.66528,12.849,1,0.550945,0.36288,0,167.03,3.64769,163.194,0.84672,12.849,0.84672,3695.15,0,0.0036966,1.57585e-05,2.60147,1.8355,8.85652,1.0414,12.2521,0.42336,0.0018483,0.21168,0.0018483,0.21168,460.486,0,1.02816,0,0,3.62963,2.60147,1.028160,1,0,176.217,0,0,0,176.217,0
70.5778,2.8249,0,0,5.58139,0.215992,0.36288,3.6288,61.308,0.499635,0,0,1.59233,0.202775,0.889915,0.66528,12.849,1,0.530658,0.36288,0,192.767,4.08851,188.511,0.84672,12.849,0.84672,3695.15,0,0.0036966,1.50629e-05,2.27944,1.83576,8.86723,1.06571,11.9167,0.42336,0.0018483,0.21168,0.0018483,0.21168,460.486,0,1.02816,0,0,3.3076,2.27944,1.028160,1,0,201.317,0,0,0,201.317,0
72.168,2.83915,0,0,4.9977,0.20546,0.36288,3.6288,61.308,0.499851,0,0,1.65106,0.210271,0.940939,0.66528,12.849,1,0.516879,0.36288,0,139.12,4.45715,134.509,0.84672,12.849,0.84672,3695.15,0,0.0036966,1.50694e-05,2.15258,1.80923,8.63499,1.07545,11.5213,0.42336,0.0018483,0.21168,0.0018483,0.21168,460.486,0,1.02816,0,0,3.18074,2.15258,1.028160,1,0,146.972,0,0,0,146.972,0
72.29,2.84922,0,0,4.63749,0.207972,1.45833,3.6288,61.308,0.500066,0,0,1.60853,0.210271,0.898189,0.66528,12.849,1,0.507283,1.45833,0,123.294,4.45715,119.788,0.84672,12.849,0.84672,3695.15,0,0.0036966,1.50759e-05,1.92944,1.80949,8.09827,1.07545,10.7617,0.42336,0.0018483,0.21168,0.0018483,0.21168,460.486,0,1.02816,0,0,2.9576,1.92944,1.028160,1,0,131.447,0,0,0,131.447,0
72.29,2.85035,0,0,4.37778,0.208164,1.31927,3.6288,61.308,0.500282,0,0,1.44422,0.210271,0.733667,0.66528,12.849,1,0.506628,1.31927,0,117.387,4.45715,113.743,0.84672,12.849,0.84672,3695.15,0,0.0036966,1.50824e-05,1.6903,1.80974,7.47662,1.07545,9.9012,0.42336,0.0018483,0.21168,0.0018483,0.21168,460.486,0,1.02816,0,0,2.71846,1.6903,1.028160,1,0,124.378,0,0,0,124.378,0
72.29,2.98598,0,0,4.10979,0.167975,0.955833,3.6288,61.308,0.583143,0,0,1.5767,0.196399,0.797154,0.66528,12.849,1,0.530736,0.955833,0,106.387,4.46886,102.343,0.84672,12.849,0.84672,3695.15,0,0.0036966,1.75805e-05,1.99841,1.81,7.499,1.02064,10.2867,0.42336,0.0018483,0.21168,0.0018483,0.21168,460.486,0,1.02816,0,0,3.02657,1.99841,1.028160,1,0,113.427,0,0,0,113.427,0
72.29,2.9864,0,0,4.06593,0.16189,0.91764,3.6288,61.308,0.58337,0,0,1.45665,0.187101,0.686181,0.66528,12.849,1,0.53081,0.91764,0,99.4715,4.28568,95.5726,0.84672,12.849,0.84672,3695.15,0,0.0036966,1.75873e-05,1.75468,1.90395,7.12273,0.95927,9.82208,0.42336,0.0018483,0.21168,0.0018483,0.21168,460.486,0,1.02816,0,0,2.78284,1.75468,1.028160,1,0,106.081,0,0,0,106.081,0
72.29,2.98682,0,0,3.76056,0.16189,0.611846,3.6288,61.308,0.583597,0,0,1.40606,0.187101,0.635358,0.66528,12.849,1,0.530885,0.611846,0,90.6336,4.28568,86.4289,0.84672,12.849,0.84672,3695.15,0,0.0036966,1.75942e-05,1.60027,1.90422,6.88893,0.95927,9.43414,0.42336,0.0018483,0.21168,0.0018483,0.21168,460.486,0,1.02816,0,0,2.62843,1.60027,1.028160,1,0,96.4984,0,0,0,96.4984,0
72.29,2.98725,0,0,3.60958,0.16189,0.46045,3.6288,61.308,0.583825,0,0,1.32724,0.187101,0.556317,0.66528,12.849,1,0.53096,0.46045,0,86.273,4.28568,81.9168,0.84672,12.849,0.84672,3695.15,0,0.0036966,1.7601e-05,1.51662,1.90449,6.87537,0.95927,9.33719,0.42336,0.0018483,0.21168,0.0018483,0.21168,460.486,0,1.02816,0,0,2.54478,1.51662,1.028160,1,0,91.8103,0,0,0,91.8103,0
72.0449,2.98767,0,0,3.23978,0.134338,0.36288,3.6288,61.308,0.584052,0,0,1.28668,0.260389,0.442236,0.66528,12.849,1,0.531035,0.36288,0,77.919,5.31111,72.4397,0.84672,12.849,0.84672,3695.15,0,0.0036966,1.76079e-05,1.40491,1.90476,6.59543,1.26633,8.63875,0.42336,0.0018483,0.21168,0.0018483,0.21168,460.486,0,1.02816,0,0,2.43307,1.40491,1.028160,1,0,81.5207,0,0,0,81.5207,0
71.8682,2.95981,0,0,3.30844,0.162483,0.36288,3.6288,61.308,0.629735,0,0,1.23692,0.231759,0.375426,0.66528,12.849,1,0.527873,0.36288,0,71.7543,4.88103,66.7083,0.84672,12.849,0.84672,3695.15,0,0.0036966,1.89851e-05,1.3169,1.90503,6.98484,1.16859,9.03816,0.42336,0.0018483,0.21168,0.0018483,0.21168,460.486,0,1.02816,0,0,2.34506,1.3169,1.028160,1,0,76.1219,0,0,0,76.1219,0
71.5787,2.95912,0,0,3.11733,0.0847475,0.36288,3.6288,61.308,0.629968,0,0,1.24428,0.260815,0.353497,0.66528,12.849,1,0.529049,0.36288,0,67.1293,5.10542,61.8578,0.84672,12.849,0.84672,3695.15,0,0.0036966,1.89921e-05,1.29116,1.93451,7.06035,1.23524,9.05076,0.42336,0.0018483,0.21168,0.0018483,0.21168,460.486,0,1.02816,0,0,2.31932,1.29116,1.028160,1,0,71.262,0,0,0,71.262,0
71.0511,2.95772,0,0,2.87762,0.084627,0.36288,3.6288,61.308,0.630202,0,0,1.23132,0.260815,0.340304,0.66528,12.849,1,0.530937,0.36288,0,61.3813,5.10542,56.1079,0.84672,12.849,0.84672,3695.15,0,0.0036966,1.89992e-05,1.24255,1.93478,6.47767,1.23524,8.41975,0.42336,0.0018483,0.21168,0.0018483,0.21168,460.486,0,1.02816,0,0,2.27071,1.24255,1.028160,1,0,64.8679,0,0,0,64.8679,0
70.3389,2.9548,0,0,2.68963,0.0842205,0.36288,3.6288,61.308,0.630436,0,0,1.23873,0.260815,0.347474,0.66528,12.849,1,0.534351,0.36288,0,57.0684,5.10542,51.7915,0.84672,12.849,0.84672,3695.15,0,0.0036966,1.90062e-05,1.34395,1.93505,6.26149,1.23524,8.30525,0.42336,0.0018483,0.21168,0.0018483,0.21168,460.486,0,1.02816,0,0,2.37211,1.34395,1.028160,1,0,60.4442,0,0,0,60.4442,0
69.7228,3.0195,0,0,2.84894,0.082639,0.36288,3.6288,61.308,0.66528,0,0,1.09716,0.294432,0.137447,0.66528,12.849,1,0.551581,0.36288,0,55.8907,5.38759,50.3144,0.84672,12.849,0.84672,3695.15,0,0.0036966,0.0018483,1.23767,1.93533,5.67905,1.38877,7.46143,0.42336,0.0018483,0.21168,0.0018483,0.21168,460.486,0,1.02816,0,0,2.26583,1.23767,1.028160,1,0,57.9133,0,0,0,57.9133,0
69.1227,3.01581,0,0,2.85997,0.0814094,0.36288,3.6288,61.3056,0.66528,0,0,0.982532,0.319645,0,0.66528,12.849,1,0.555775,0.36288,0,54.4571,5.59923,48.665,0.84672,12.849,0.84672,3695.15,0,0.0036966,0.0018483,1.22291,1.98218,5.56529,1.50392,7.26462,0.42336,0.0018483,0.21168,0.0018483,0.21168,460.486,0,1.02816,0,0,2.25107,1.22291,1.028160,1,0,55.9296,0,0,0,55.9296,0
68.1953,3.01217,0,0,2.52874,0.0810313,0.36288,3.6288,61.2456,0.66528,0,0,0.924955,0.31964,0,0.66528,12.849,1,0.559923,0.36288,0,51.4421,5.59923,45.6459,0.84672,12.849,0.84672,3695.15,0,0.0036966,0.0018483,0.989695,1.98246,5.22095,1.50392,6.68734,0.42336,0.0018483,0.21168,0.0018483,0.21168,460.486,0,1.02816,0,0,2.01785,0.989695,1.028160,1,0,52.3332,0,0,0,52.3332,0
67.0404,3.00618,0,0,2.28512,0.070949,0.36288,3.6288,61.1715,0.66528,0,0,0.915823,0.324697,0,0.66528,12.849,1,0.566409,0.36288,0,48.7638,5.74878,42.8115,0.84672,12.849,0.84672,3695.15,0,0.0036966,0.0018483,0.929483,1.98274,5.20937,1.5338,6.58594,0.42336,0.0018483,0.21168,0.0018483,0.21168,460.486,0,1.02816,0,0,1.95764,0.929483,1.028160,1,0,49.3974,0,0,0,49.3974,0
65.5221,3.04833,0,0,1.96999,0.0770801,0.36288,3.6288,61.08,0.66528,0,0,0.888011,0.314179,0,0.66528,12.849,1,0.584245,0.36288,0,44.4277,5.69033,38.516,0.84672,12.849,0.84672,3695.15,0,0.0036966,0.0018483,0.910431,1.98302,5.1004,1.42892,6.56308,0.42336,0.0018483,0.21168,0.0018483,0.21168,460.486,0,1.02816,0,0,1.93859,0.910431,1.028160,1,0,45.079,0,0,0,45.079,0
64.493,3.03744,0,0,2.45995,0.0886881,0.36288,3.6288,60.9081,0.66528,0,0,0.80079,0.307477,0,0.66528,12.849,1,0.595648,0.36288,0,37.1656,5.62475,31.3081,0.84672,12.849,0.84672,3695.15,0,0.0036966,0.0018483,1.15195,2.04049,4.67573,1.49596,6.37036,0.42336,0.0018483,0.21168,0.0018483,0.21168,460.486,0,1.02816,0,0,2.18011,1.15195,1.028160,1,0,37.6784,0,0,0,37.6784,0
63.712,3.02994,0,0,2.6997,0.0879581,0.36288,3.6288,60.9245,0.66528,0,0,0.988857,0.307143,0,0.66528,12.849,1,0.603658,0.36288,0,47.7978,5.62475,41.9323,0.84672,12.849,0.84672,3695.15,0,0.0036966,0.0018483,1.68041,2.04078,5.1007,1.49596,7.32408,0.42336,0.0018483,0.21168,0.0018483,0.21168,460.486,0,1.02816,0,0,2.70857,1.68041,1.028160,1,0,49.2563,0,0,0,49.2563,0
62.4063,3.02421,0,0,2.1688,0.087404,0.36288,3.6288,60.6673,0.66528,0,0,0.715219,0.307175,0,0.66528,12.849,1,0.609902,0.36288,0,46.706,5.62475,40.8343,0.84672,12.849,0.84672,3695.15,0,0.0036966,0.0018483,0.852258,2.04107,4.09468,1.49596,5.49019,0.42336,0.0018483,0.21168,0.0018483,0.21168,460.486,0,1.02816,0,0,1.88042,0.852258,1.028160,1,0,46.3244,0,0,0,46.3244,0
61.6439,3.01405,0,0,2.70102,0.0864778,0.36288,3.6288,60.9178,0.66528,0,0,1.22245,0.306674,0,0.66528,12.849,1,0.620571,0.36288,0,42.6572,5.62475,36.7747,0.84672,12.849,0.84672,3695.15,0,0.0036966,0.0018483,2.52892,2.04135,6.33117,1.49596,9.40363,0.42336,0.0018483,0.21168,0.0018483,0.21168,460.486,0,1.02816,0,0,3.55708,2.52892,1.028160,1,0,46.1783,0,0,0,46.1783,0
61.0865,2.91634,0,0,2.81677,0.0949446,0.36288,3.6288,61.308,0.648262,0,0,1.56927,0.337057,0.193719,0.66528,12.849,1,0.60788,0.36288,0,72.7083,6.07141,66.3919,0.84672,12.849,0.84672,3695.15,0,0.0036966,1.96689e-05,3.48094,2.04164,9.35623,1.61022,13.2686,0.42336,0.0018483,0.21168,0.0018483,0.21168,460.486,0,1.02816,0,0,4.5091,3.48094,1.028160,1,0,79.8541,0,0,0,79.8541,0
60.6629,2.91217,0,0,2.99305,0.141597,0.36288,3.6288,61.308,0.648498,0,0,1.61595,0.308381,0.659068,0.66528,12.849,1,0.612549,0.36288,0,62.4045,5.86978,56.285,0.84672,12.849,0.84672,3695.15,0,0.0036966,1.95508e-05,3.40915,1.95567,8.45882,1.53444,12.2892,0.42336,0.0018483,0.21168,0.0018483,0.21168,460.486,0,1.02816,0,0,4.43731,3.40915,1.028160,1,0,69.2333,0,0,0,69.2333,0
61.7206,2.90905,0,0,4.48886,0.159273,0.36288,3.6288,61.308,0.648735,0,0,1.85983,0.294579,0.916515,0.66528,12.849,1,0.616165,0.36288,0,75.9999,5.75935,69.9872,0.84672,12.849,0.84672,3695.15,0,0.0036966,1.95579e-05,4.49313,1.95595,8.99726,1.49651,13.9498,0.42336,0.0018483,0.21168,0.0018483,0.21168,460.486,0,1.02816,0,0,5.52129,4.49313,1.028160,1,0,84.8536,0,0,0,84.8536,0
64.3395,2.9182,0,0,6.06069,0.160675,0.36288,3.6288,61.308,0.648971,0,0,3.00539,0.294579,2.06184,0.66528,12.849,1,0.607512,0.36288,0,151.659,5.75935,145.655,0.84672,12.849,0.84672,3695.15,0,0.0036966,1.9565e-05,7.94915,1.95623,14.1726,1.49651,22.5815,0.42336,0.0018483,0.21168,0.0018483,0.21168,460.486,0,1.02816,0,0,8.97731,7.94915,1.028160,1,0,170.298,0,0,0,170.298,0
64.7272,3.00451,0,0,3.95342,0.198286,0.36288,3.6288,61.308,0.650948,0,0,1.75057,0.265981,0.833639,0.66528,12.849,1,0.60002,0.36288,0,112.881,4.93801,107.705,0.84672,12.849,0.84672,3695.15,0,0.0036966,1.96246e-05,3.59898,1.9565,9.59334,1.27122,13.8776,0.42336,0.0018483,0.21168,0.0018483,0.21168,460.486,0,1.02816,0,0,4.62714,3.59898,1.028160,1,0,122.417,0,0,0,122.417,0
63.6555,3.00793,0,0,2.54362,0.244568,0.36288,3.6288,61.308,0.651185,0,0,2.11542,0.227849,1.23638,0.66528,12.849,1,0.597105,0.36288,0,66.4358,3.84289,62.3587,0.84672,12.849,0.84672,3695.15,0,0.0036966,1.96318e-05,2.45659,1.9728,12.7006,0.970844,16.1592,0.42336,0.0018483,0.21168,0.0018483,0.21168,460.486,0,1.02816,0,0,3.48475,2.45659,1.028160,1,0,79.7542,0,0,0,79.7542,0
62.1519,2.99999,0,0,2.1018,0.242458,0.36288,3.6288,61.308,0.651421,0,0,0.977849,0.227849,0.0985791,0.66528,12.849,1,0.605555,0.36288,0,48.2077,3.84289,44.1222,0.84672,12.849,0.84672,3695.15,0,0.0036966,1.96389e-05,0.516689,1.97308,5.60028,0.970844,7.11918,0.42336,0.0018483,0.21168,0.0018483,0.21168,460.486,0,1.02816,0,0,1.54485,0.516689,1.028160,1,0,51.3399,0,0,0,51.3399,0
61.683,2.98827,0,0,3.13737,0.255148,0.36288,3.6288,61.308,0.651658,0,0,1.92655,0.247174,1.02772,0.66528,12.849,1,0.617781,0.36288,0,74.1868,4.25613,69.6757,0.84672,12.849,0.84672,3695.15,0,0.0036966,1.9646e-05,1.55947,1.97336,12.4051,1.08738,14.8506,0.42336,0.0018483,0.21168,0.0018483,0.21168,460.486,0,1.02816,0,0,2.58763,1.55947,1.028160,1,0,85.554,0,0,0,85.554,0
61.3083,2.76001,0,0,3.02386,0.275633,0.36288,3.6288,61.308,0.483142,0,0,1.73401,0.261391,0.989481,0.66528,12.849,1,0.57493,0.36288,0,73.5724,4.6689,68.6914,0.84672,12.849,0.84672,3695.15,0,0.0036966,1.45656e-05,2.22407,1.97363,11.9381,1.19046,14.9454,0.42336,0.0018483,0.21168,0.0018483,0.21168,460.486,0,1.02816,0,0,3.25223,2.22407,1.028160,1,0,84.6263,0,0,0,84.6263,0
61.0668,2.7575,0,0,3.15767,0.278854,0.36288,3.6288,61.308,0.483355,0,0,1.16583,0.192087,0.490388,0.66528,12.849,1,0.577916,0.36288,0,45.955,3.83964,41.9003,0.84672,12.849,0.84672,3695.15,0,0.0036966,1.45721e-05,1.74978,1.79263,8.49148,0.876618,11.1573,0.42336,0.0018483,0.21168,0.0018483,0.21168,460.486,0,1.02816,0,0,2.77794,1.74978,1.028160,1,0,53.5479,0,0,0,53.5479,0
61.5808,2.756,0,0,3.91116,0.278296,0.36288,3.6288,61.308,0.483567,0,0,1.71931,0.192087,1.04365,0.66528,12.849,1,0.579886,0.36288,0,82.4312,3.83964,78.3746,0.84672,12.849,0.84672,3695.15,0,0.0036966,1.45785e-05,2.01112,1.79288,10.9203,0.876618,13.8476,0.42336,0.0018483,0.21168,0.0018483,0.21168,460.486,0,1.02816,0,0,3.03928,2.01112,1.028160,1,0,93.2659,0,0,0,93.2659,0
63.0792,2.76039,0,0,4.90123,0.279483,0.36288,3.6288,61.308,0.48378,0,0,2.16042,0.192087,1.48456,0.66528,12.849,1,0.575963,0.36288,0,85.2777,3.83964,81.2249,0.84672,12.849,0.84672,3695.15,0,0.0036966,1.45849e-05,2.71989,1.79313,13.4759,0.876618,17.1123,0.42336,0.0018483,0.21168,0.0018483,0.21168,460.486,0,1.02816,0,0,3.74805,2.71989,1.028160,1,0,99.8218,0,0,0,99.8218,0
64.9984,2.77215,0,0,5.2948,0.24062,0.36288,3.6288,61.308,0.483993,0,0,3.11689,0.246002,2.38689,0.66528,12.849,1,0.564676,0.36288,0,152.175,4.77555,147.198,0.84672,12.849,0.84672,3695.15,0,0.0036966,1.45913e-05,3.98911,1.79338,18.868,1.25699,23.3935,0.42336,0.0018483,0.21168,0.0018483,0.21168,460.486,0,1.02816,0,0,5.01727,3.98911,1.028160,1,0,172.979,0,0,0,172.979,0
65.8541,2.87374,0,0,4.36301,0.270678,0.36288,3.6288,61.308,0.533097,0,0,2.85126,0.239616,2.07855,0.66528,12.849,1,0.568086,0.36288,0,94.7229,4.97721,89.5405,0.84672,12.849,0.84672,3695.15,0,0.0036966,1.60717e-05,2.64884,1.79364,15.9048,1.24458,19.1027,0.42336,0.0018483,0.21168,0.0018483,0.21168,460.486,0,1.02816,0,0,3.677,2.64884,1.028160,1,0,110.722,0,0,0,110.722,0
65.2277,2.88029,0,0,2.90276,0.286011,0.36288,3.6288,61.308,0.533301,0,0,1.58794,0.233467,0.821169,0.66528,12.849,1,0.561983,0.36288,0,76.1457,4.99548,70.9511,0.84672,12.849,0.84672,3695.15,0,0.0036966,1.60778e-05,1.19784,1.85125,8.29449,1.21426,10.1293,0.42336,0.0018483,0.21168,0.0018483,0.21168,460.486,0,1.02816,0,0,2.226,1.19784,1.028160,1,0,81.9016,0,0,0,81.9016,0
64.4438,2.87616,0,0,2.74282,0.287687,0.36288,3.6288,61.308,0.533505,0,0,1.36985,0.204531,0.63181,0.66528,12.849,1,0.566566,0.36288,0,57.3097,4.17529,52.9307,0.84672,12.849,0.84672,3695.15,0,0.0036966,1.6084e-05,0.864009,1.85149,6.0063,1.01632,7.70547,0.42336,0.0018483,0.21168,0.0018483,0.21168,460.486,0,1.02816,0,0,1.89217,0.864009,1.028160,1,0,61.268,0,0,0,61.268,0
62.9682,2.87079,0,0,2.05218,0.294091,0.36288,3.6288,61.308,0.53371,0,0,1.62589,0.165773,0.92641,0.66528,12.849,1,0.572387,0.36288,0,48.3705,3.72876,44.4323,0.84672,12.849,0.84672,3695.15,0,0.0036966,1.60902e-05,0.906638,1.85174,5.1898,1.06887,6.87928,0.42336,0.0018483,0.21168,0.0018483,0.21168,460.486,0,1.02816,0,0,1.9348,0.906638,1.028160,1,0,52.2379,0,0,0,52.2379,0
62.1213,2.99145,0,0,2.79804,0.290636,0.36288,3.6288,61.308,0.63553,0,0,1.6483,0.177189,0.835576,0.66528,12.849,1,0.610422,0.36288,0,61.5923,3.80289,57.5419,0.84672,12.849,0.84672,3695.15,0,0.0036966,1.91598e-05,0.950875,1.85198,8.93652,1.06028,10.6791,0.42336,0.0018483,0.21168,0.0018483,0.21168,460.486,0,1.02816,0,0,1.97904,0.950875,1.028160,1,0,69.0565,0,0,0,69.0565,0
62.5541,2.98495,0,0,4.0694,0.288742,0.36288,3.6288,61.308,0.635748,0,0,1.69568,0.205729,0.854199,0.66528,12.849,1,0.617398,0.36288,0,77.5086,3.98822,73.2658,0.84672,12.849,0.84672,3695.15,0,0.0036966,1.91664e-05,0.888175,1.96039,9.05236,1.0388,10.8621,0.42336,0.0018483,0.21168,0.0018483,0.21168,460.486,0,1.02816,0,0,1.91633,0.888175,1.028160,1,0,84.9822,0,0,0,84.9822,0
62.101,2.98888,0,0,3.18845,0.28977,0.36288,3.6288,61.308,0.635966,0,0,1.22594,0.205729,0.384244,0.66528,12.849,1,0.613935,0.36288,0,62.6029,3.98822,58.3637,0.84672,12.849,0.84672,3695.15,0,0.0036966,1.9173e-05,0.640285,1.96065,6.79338,1.0388,8.3555,0.42336,0.0018483,0.21168,0.0018483,0.21168,460.486,0,1.02816,0,0,1.66844,0.640285,1.028160,1,0,67.1034,0,0,0,67.1034,0
60.7611,2.98556,0,0,2.29726,0.288694,0.36288,3.6288,60.6324,1.17823,0,0,0.708336,0.205729,0,0.66528,12.849,1,0.617727,0.36288,0,45.0865,3.98822,40.8434,0.84672,12.849,0.84672,3695.15,0,0.0036966,3.55211e-05,0.608429,1.9609,5.5488,1.0388,7.0793,0.42336,0.0018483,0.21168,0.0018483,0.21168,460.486,0,0.486095,0,0,1.09452,0.608429,1.028160,1,0,47.9227,0,0,0,47.9227,0
60.1441,2.72575,0,0,2.71838,0.246807,0.36288,3.6288,61.0101,0.516594,0,0,1.1038,0.209476,0,0.66528,12.849,1,0.576407,0.36288,0,54.4415,3.8957,50.3323,0.84672,12.849,0.84672,3695.15,0,0.0036966,1.57477e-05,0.608429,1.96116,6.59595,1.06853,8.09699,0.42336,0.0018483,0.21168,0.0018483,0.21168,460.486,0,0.983448,0,0,1.59188,0.608429,1.028160,1,0,58.4293,0,0,0,58.4293,0
60.3746,2.72123,0,0,3.5962,0.281624,0.36288,3.6288,61.308,0.47208,0,0,1.92508,0.17982,0.975281,0.66528,12.849,1,0.581355,0.36288,0,55.6521,3.39402,52.0396,0.84672,12.849,0.84672,3695.15,0,0.0036966,1.43016e-05,1.28509,1.77778,7.91571,0.854719,10.1238,0.42336,0.0018483,0.21168,0.0018483,0.21168,460.486,0,1.02816,0,0,2.31325,1.28509,1.028160,1,0,63.1388,0,0,0,63.1388,0
62.5072,2.72342,0,0,5.50117,0.282222,0.36288,3.6288,61.308,0.472276,0,0,2.29594,0.180159,1.64351,0.66528,12.849,1,0.579601,0.36288,0,97.8523,3.39402,94.2416,0.84672,12.849,0.84672,3695.15,0,0.0036966,1.42381e-05,1.5253,1.77802,9.88727,0.854719,12.3359,0.42336,0.0018483,0.21168,0.0018483,0.21168,460.486,0,1.02816,0,0,2.55346,1.5253,1.028160,1,0,108.221,0,0,0,108.221,0
65.7359,2.74018,0,0,6.61904,0.287243,0.36288,3.6288,61.308,0.472472,0,0,2.06572,0.180159,1.41309,0.66528,12.849,1,0.563272,0.36288,0,101.383,3.39402,97.7891,0.84672,12.849,0.84672,3695.15,0,0.0036966,1.4244e-05,1.65564,1.77825,10.9875,0.854719,13.5666,0.42336,0.0018483,0.21168,0.0018483,0.21168,460.486,0,1.02816,0,0,2.6838,1.65564,1.028160,1,0,112.769,0,0,0,112.769,0
67.9673,2.76369,0,0,5.6425,0.28459,0.36288,3.6288,61.308,0.472668,0,0,2.30104,0.238465,1.58991,0.66528,12.849,1,0.540201,0.36288,0,85.4548,4.68983,80.5876,0.84672,12.849,0.84672,3695.15,0,0.0036966,1.42499e-05,1.66319,1.77848,10.9828,1.20793,13.2165,0.42336,0.0018483,0.21168,0.0018483,0.21168,460.486,0,1.02816,0,0,2.69135,1.66319,1.028160,1,0,95.3941,0,0,0,95.3941,0
68.3913,2.8805,0,0,3.97207,0.304689,0.36288,3.6288,61.308,0.533233,0,0,1.6363,0.191996,0.911074,0.66528,12.849,1,0.54455,0.36288,0,62.0786,3.65428,58.2426,0.84672,12.849,0.84672,3695.15,0,0.0036966,1.60758e-05,1.39414,1.77871,7.80987,0.927931,10.0548,0.42336,0.0018483,0.21168,0.0018483,0.21168,460.486,0,1.02816,0,0,2.4223,1.39414,1.028160,1,0,69.2085,0,0,0,69.2085,0
68.7009,2.88372,0,0,3.86448,0.308216,0.36288,3.6288,61.308,0.533437,0,0,1.4672,0.184251,0.749513,0.66528,12.849,1,0.541779,0.36288,0,78.0572,3.4817,74.3966,0.84672,12.849,0.84672,3695.15,0,0.0036966,1.6082e-05,1.30308,1.84821,7.08955,0.881264,9.35957,0.42336,0.0018483,0.21168,0.0018483,0.21168,460.486,0,1.02816,0,0,2.33124,1.30308,1.028160,1,0,84.5057,0,0,0,84.5057,0
68.2742,2.88616,0,0,3.13121,0.308962,0.36288,3.6288,61.308,0.533642,0,0,1.18508,0.184251,0.467187,0.66528,12.849,1,0.539792,0.36288,0,54.2333,3.4817,50.5747,0.84672,12.849,0.84672,3695.15,0,0.0036966,1.60881e-05,1.26356,1.84846,5.71613,0.881264,7.94686,0.42336,0.0018483,0.21168,0.0018483,0.21168,460.486,0,1.02816,0,0,2.29172,1.26356,1.028160,1,0,58.9887,0,0,0,58.9887,0
67.9599,2.8837,0,0,3.23248,0.300137,0.36288,3.6288,61.308,0.533846,0,0,1.01753,0.166558,0.317129,0.66528,12.849,1,0.542703,0.36288,0,54.0047,3.13096,50.6939,0.84672,12.849,0.84672,3695.15,0,0.0036966,1.60943e-05,1.51817,1.8487,4.92981,0.832117,7.46454,0.42336,0.0018483,0.21168,0.0018483,0.21168,460.486,0,1.02816,0,0,2.54633,1.51817,1.028160,1,0,58.4756,0,0,0,58.4756,0
67.7369,2.84224,0,0,3.22925,0.24716,0.36288,3.6288,61.308,0.510591,0,0,0.97327,0.139908,0.322771,0.66528,12.849,1,0.537375,0.36288,0,55.7691,3.2298,52.3648,0.84672,12.849,0.84672,3695.15,0,0.0036966,1.53932e-05,1.25946,1.84894,4.65134,0.885157,6.87457,0.42336,0.0018483,0.21168,0.0018483,0.21168,460.486,0,1.02816,0,0,2.28762,1.25946,1.028160,1,0,59.5622,0,0,0,59.5622,0
66.9523,2.84113,0,0,2.67511,0.255739,0.36288,3.6288,61.308,0.510792,0,0,0.938226,0.170537,0.256897,0.66528,12.849,1,0.538932,0.36288,0,42.8794,4.20012,38.5032,0.84672,12.849,0.84672,3695.15,0,0.0036966,1.53993e-05,0.833458,1.82221,4.69606,1.04137,6.31035,0.42336,0.0018483,0.21168,0.0018483,0.21168,460.486,0,1.02816,0,0,1.86162,0.833458,1.028160,1,0,45.0704,0,0,0,45.0704,0
65.9457,2.8362,0,0,2.40614,0.213602,0.36288,3.6288,61.308,0.510993,0,0,0.778179,0.203672,0.0635133,0.66528,12.849,1,0.544302,0.36288,0,38.4661,4.52619,33.7585,0.84672,12.849,0.84672,3695.15,0,0.0036966,1.54053e-05,0.700462,1.82244,4.30134,1.06485,5.75938,0.42336,0.0018483,0.21168,0.0018483,0.21168,460.486,0,1.02816,0,0,1.72862,0.700462,1.028160,1,0,39.5814,0,0,0,39.5814,0
64.9002,2.82961,0,0,2.31873,0.171796,0.36288,3.6288,61.308,0.511195,0,0,0.814035,0.223291,0.0795491,0.66528,12.849,1,0.551327,0.36288,0,36.8393,4.69917,31.9517,0.84672,12.849,0.84672,3695.15,0,0.0036966,1.54114e-05,0.7729,1.82268,4.56739,1.07518,6.08778,0.42336,0.0018483,0.21168,0.0018483,0.21168,460.486,0,1.02816,0,0,1.80106,0.7729,1.028160,1,0,38.119,0,0,0,38.119,0
63.5458,2.95646,0,0,2.13835,0.173368,0.36288,3.6288,61.2399,0.594631,0,0,0.750928,0.224425,0,0.66528,12.849,1,0.585323,0.36288,0,33.6434,4.76406,28.6569,0.84672,12.849,0.84672,3695.15,0,0.0036966,1.79268e-05,0.66496,1.82292,4.48077,1.07303,5.89561,0.42336,0.0018483,0.21168,0.0018483,0.21168,460.486,0,1.02816,0,0,1.69312,0.66496,1.028160,1,0,34.5525,0,0,0,34.5525,0
62.2181,2.94647,0,0,2.17051,0.188871,0.36288,3.6288,61.2096,0.594843,0,0,0.78872,0.224149,0,0.66528,12.849,1,0.595777,0.36288,0,35.0848,4.94736,29.9045,0.84672,12.849,0.84672,3695.15,0,0.0036966,1.79531e-05,0.59711,1.91753,4.15187,1.06931,5.59719,0.42336,0.0018483,0.21168,0.0018483,0.21168,460.486,0,1.02816,0,0,1.62527,0.59711,1.028160,1,0,35.5017,0,0,0,35.5017,0
60.6774,2.93631,0,0,1.90204,0.143578,0.36288,3.6288,61.0249,0.595055,0,0,0.627768,0.217364,0,0.66528,12.849,1,0.606394,0.36288,0,30.3706,4.75734,25.3697,0.84672,12.849,0.84672,3695.15,0,0.0036966,1.79684e-05,0.569246,1.91778,3.79353,1.03209,5.24845,0.42336,0.0018483,0.21168,0.0018483,0.21168,460.486,0,1.02816,0,0,1.59741,0.569246,1.028160,1,0,30.6181,0,0,0,30.6181,0
59.0759,2.92399,0,0,1.82021,0.13482,0.36288,3.6288,60.8709,0.595267,0,0,0.660061,0.218892,0,0.66528,12.849,1,0.619181,0.36288,0,28.5352,4.81152,23.4673,0.84672,12.849,0.84672,3695.15,0,0.0036966,1.80292e-05,0.560295,1.91803,3.95208,1.02206,5.40833,0.42336,0.0018483,0.21168,0.0018483,0.21168,460.486,0,1.02816,0,0,1.58846,0.560295,1.028160,1,0,28.8757,0,0,0,28.8757,0
57.4085,2.91058,0,0,1.73887,0.132827,0.36288,3.6288,60.7195,0.595479,0,0,0.662852,0.218679,0,0.66528,12.849,1,0.63305,0.36288,0,26.8104,4.81152,21.7287,0.84672,12.849,0.84672,3695.15,0,0.0036966,1.80813e-05,0.490303,1.91828,3.8002,1.02206,5.1867,0.42336,0.0018483,0.21168,0.0018483,0.21168,460.486,0,1.02816,0,0,1.51846,0.490303,1.028160,1,0,26.9155,0,0,0,26.9155,0
55.4072,2.86999,0,0,1.34142,0.109797,0.36288,3.6288,59.8473,1.00271,0,0,0.41352,0.283087,0,0.66528,12.849,1,0.642354,0.36288,0,21.7802,5.51856,15.9822,0.84672,12.849,0.84672,3695.15,0,0.0036966,3.05225e-05,0.30119,1.91853,2.60225,1.27952,3.54242,0.42336,0.0018483,0.21168,0.0018483,0.21168,460.486,0,0.666904,0,0,0.968095,0.30119,1.028160,1,0,19.5246,0,0,0,19.5246,0
53.2604,2.85153,0,0,1.17183,0.104229,0.36288,3.6288,58.7851,1.13703,0,0,0.367121,0.292231,0,0.66528,12.849,1,0.661273,0.36288,0,19.2535,5.6364,13.3187,0.84672,12.849,0.84672,3695.15,0,0.0036966,3.51155e-05,0.30119,1.9482,2.42667,1.32243,3.3536,0.42336,0.0018483,0.21168,0.0018483,0.21168,460.486,0,0.532803,0,0,0.833993,0.30119,1.028160,1,0,16.6723,0,0,0,16.6723,0
51.096,2.83042,0,0,1.13084,0.10199,0.36288,3.6288,57.641,1.19574,0,0,0.341866,0.29025,0,0.66528,12.849,1,0.682836,0.36288,0,17.6139,5.6364,11.6576,0.84672,12.849,0.84672,3695.15,0,0.0036966,3.75959e-05,0.261274,1.94846,2.35017,1.32243,3.23743,0.42336,0.0018483,0.21168,0.0018483,0.21168,460.486,0,0.47431,0,0,0.735584,0.261274,1.028160,1,0,14.895,0,0,0,14.895,0
48.9181,2.80767,0,0,1.08813,0.0954281,0.36288,3.6288,56.4403,1.23522,0,0,0.327008,0.292456,0,0.66528,12.849,1,0.70604,0.36288,0,15.78,5.67437,9.76248,0.84672,12.849,0.84672,3695.15,0,0.0036966,3.96083e-05,0.261274,1.94871,2.33836,1.34492,3.20338,0.42336,0.0018483,0.21168,0.0018483,0.21168,460.486,0,0.435041,0,0,0.696315,0.261274,1.028160,1,0,12.9659,0,0,0,12.9659,0
46.6926,2.84809,0,0,1.05293,0.0674168,0.36288,3.6288,55.1404,1.31017,0,0,0.3337,0.323475,0,0.66528,12.849,1,0.74809,0.36288,0,14.3613,5.94482,8.0313,0.84672,12.849,0.84672,3695.15,0,0.0036966,0.0018483,0.261274,1.94896,2.17618,1.48768,2.8969,0.42336,0.0018483,0.21168,0.0018483,0.21168,460.486,0,0.383269,0,0,0.644542,0.261274,1.028160,1,0,10.9282,0,0,0,10.9282,0
44.5129,2.8205,0,0,1.06866,0.0650303,0.36288,3.6288,53.8945,1.26312,0,0,0.347778,0.330592,0,0.66528,12.849,1,0.776152,0.36288,0,18.7437,6.0017,12.3287,0.84672,12.849,0.84672,3695.15,0,0.0036966,0.0018483,0.261274,1.99613,2.25834,1.49811,3.01578,0.42336,0.0018483,0.21168,0.0018483,0.21168,460.486,0,0.430324,0,0,0.691597,0.261274,1.028160,1,0,15.3445,0,0,0,15.3445,0
42.2679,2.79137,0,0,0.972708,0.0634611,0.36288,3.6288,52.6052,1.24819,0,0,0.286849,0.327882,0,0.66528,12.849,1,0.80575,0.36288,0,15.0971,6.0017,8.65254,0.84672,12.849,0.84672,3695.15,0,0.0036966,0.0018483,0.261274,1.99639,2.0985,1.49811,2.8562,0.42336,0.0018483,0.21168,0.0018483,0.21168,460.486,0,0.445254,0,0,0.706527,0.261274,1.028160,1,0,11.5087,0,0,0,11.5087,0
39.969,2.7589,0,0,0.884693,0.061845,0.36288,3.6288,51.2234,1.32444,0,0,0.26714,0.324552,0,0.66528,12.849,1,0.838678,0.36288,0,14.0739,6.0017,7.59638,0.84672,12.849,0.84672,3695.15,0,0.0036966,0.0018483,0.227405,1.99665,1.87018,1.49811,2.59428,0.42336,0.0018483,0.21168,0.0018483,0.21168,460.486,0,0.369001,0,0,0.596405,0.227405,1.028160,1,0,10.1907,0,0,0,10.1907,0
37.7035,2.81122,0,0,0.963403,0.0547247,0.36288,3.6288,50.0502,1.16924,0,0,0.315323,0.319273,0,0.66528,12.849,1,0.84672,0.36288,0,14.1405,6.10983,7.54681,0.84672,12.849,0.84672,3695.15,0,0.0036966,0.0018483,0.227405,1.99691,2.64432,1.52402,3.34277,0.42336,0.0018483,0.21168,0.0018483,0.21168,460.486,0,0.5242,0,0,0.751605,0.227405,1.028160,1,0,10.8896,0,0,0,10.8896,0
35.2763,2.81169,0,0,0.796409,0.0490707,0.36288,3.6288,48.5732,1.41339,0,0,0.238165,0.301804,0,0.66528,12.849,1,0.84672,0.36288,0,12.1467,5.87967,5.78321,0.84672,12.849,0.84672,3695.15,0,0.0036966,0.0018483,0.227405,2.05476,1.94397,1.47689,2.7474,0.42336,0.0018483,0.21168,0.0018483,0.21168,460.486,0,0.280053,0,0,0.507457,0.227405,1.028160,1,0,8.53061,0,0,0,8.53061,0
32.9469,2.81216,0,0,0.889911,0.0442774,0.36288,3.6288,47.2817,1.28359,0,0,0.292666,0.300516,0,0.66528,12.849,1,0.84672,0.36288,0,15.4565,5.95445,9.01824,0.84672,12.849,0.84672,3695.15,0,0.0036966,0.0018483,0.227405,2.05503,2.0634,1.49183,2.85215,0.42336,0.0018483,0.21168,0.0018483,0.21168,460.486,0,0.409854,0,0,0.637259,0.227405,1.028160,1,0,11.8704,0,0,0,11.8704,0
30.4314,2.81263,0,0,0.703063,0.0430304,0.36288,3.6288,45.7568,1.44132,0,0,0.213634,0.297297,0,0.66528,12.849,1,0.84672,0.36288,0,15.9506,5.95445,9.51228,0.84672,12.849,0.84672,3695.15,0,0.0036966,0.0018483,0.204422,2.0553,1.63496,1.49183,2.40101,0.42336,0.0018483,0.21168,0.0018483,0.21168,460.486,0,0.25212,0,0,0.456543,0.204422,1.028160,1,0,11.9133,0,0,0,11.9133,0
28.0845,2.81309,0,0,0.870748,0.041671,0.36288,3.6288,44.7353,1.08358,0,0,0.355411,0.293268,0,0.66528,12.849,1,0.84672,0.36288,0,14.1358,5.95445,7.69753,0.84672,12.849,0.84672,3695.15,0,0.0036966,0.0018483,0.204422,2.05557,2.45689,1.49183,3.2232,0.42336,0.0018483,0.21168,0.0018483,0.21168,460.486,0,0.609862,0,0,0.814285,0.204422,1.028160,1,0,10.9207,0,0,0,10.9207,0
25.7527,2.70188,0,0,0.783251,0.0503116,0.36288,3.6288,44.1855,0.738138,0,0,0.450422,0.262134,0,0.66528,12.849,1,0.84672,0.36288,0,12.1501,5.49882,6.16743,0.84672,12.849,0.84672,3695.15,0,0.0036966,3.04972e-05,0.204422,2.05584,2.52958,1.24961,3.54019,0.42336,0.0018483,0.21168,0.0018483,0.21168,460.486,0,0.949913,0,0,1.15434,0.204422,1.028160,1,0,9.70762,0,0,0,9.70762,0
23.3595,2.70233,0,0,0.724533,0.0525483,0.36288,3.6288,42.9906,1.20539,0,0,0.260042,0.2495,0,0.66528,12.849,1,0.84672,0.36288,0,11.6807,5.31657,5.88027,0.84672,12.849,0.84672,3695.15,0,0.0036966,5.04221e-05,0.204422,1.96925,1.86778,1.15272,2.88868,0.42336,0.0018483,0.21168,0.0018483,0.21168,460.486,0,0.482861,0,0,0.687284,0.204422,1.028160,1,0,8.76895,0,0,0,8.76895,0
20.9479,2.70277,0,0,0.704799,0.050762,0.36288,3.6288,41.708,1.27651,0,0,0.240568,0.24669,0,0.66528,12.849,1,0.84672,0.36288,0,10.67,5.31657,4.86956,0.84672,12.849,0.84672,3695.15,0,0.0036966,5.48812e-05,0.216518,1.96951,1.83527,1.15272,2.86853,0.42336,0.0018483,0.21168,0.0018483,0.21168,460.486,0,0.411954,0,0,0.628473,0.216518,1.028160,1,0,7.73808,0,0,0,7.73808,0
19.171,2.70321,0,0,1.41684,0.127648,0.36288,3.6288,41.0694,1.00189,0,0,0.515965,0.152678,0,0.66528,12.849,1,0.84672,0.36288,0,29.0115,3.86316,24.6645,0.84672,12.849,0.84672,3695.15,0,0.0036966,4.43989e-05,0.216518,1.96977,4.62424,0.698436,6.11204,0.42336,0.0018483,0.21168,0.0018483,0.21168,460.486,0,0.686811,0,0,0.903329,0.216518,1.028160,1,0,30.7765,0,0,0,30.7765,0
18.1671,2.7825,0,0,2.26911,0.127641,0.36288,3.6288,40.448,0.899113,0,0,0.435816,0.158088,0,0.66528,12.849,1,0.84672,0.36288,0,31.5909,3.83358,27.2734,0.84672,12.849,0.84672,3695.15,0,0.0036966,4.0464e-05,0.216518,1.97002,3.09834,0.780979,4.50386,0.42336,0.0018483,0.21168,0.0018483,0.21168,460.486,0,0.791562,0,0,1.00808,0.216518,1.028160,1,0,31.7773,0,0,0,31.7773,0
16.258,2.78296,0,0,1.37031,0.133486,0.36288,3.6288,39.4799,1.08136,0,0,0.286186,0.172914,0,0.66528,12.849,1,0.84672,0.36288,0,18.9933,3.75963,14.7498,0.84672,12.849,0.84672,3695.15,0,0.0036966,4.94134e-05,0.216518,1.98641,2.87505,0.987337,4.09059,0.42336,0.0018483,0.21168,0.0018483,0.21168,460.486,0,0.60953,0,0,0.826048,0.216518,1.028160,1,0,18.8404,0,0,0,18.8404,0
17.2026,2.7834,0,0,4.22069,0.129854,0.36288,3.6288,39.5615,0.662966,0,0,0.915849,0.171321,0,0.66528,12.849,1,0.84672,0.36288,0,65.804,3.75963,61.5605,0.84672,12.849,0.84672,3695.15,0,0.0036966,3.10376e-05,1.61363,1.98667,6.83647,0.987337,9.44941,0.42336,0.0018483,0.21168,0.0018483,0.21168,460.486,0,1.02816,0,0,2.64179,1.61363,1.028160,1,0,71.0099,0,0,0,71.0099,0
17.3711,2.7839,0,0,3.46549,0.150155,0.36288,3.6288,39.36,0.830764,0,0,0.781038,0.151722,0,0.66528,12.849,1,0.84672,0.36288,0,53.377,3.43316,49.46,0.84672,12.849,0.84672,3695.15,0,0.0036966,3.8813e-05,0.292723,1.98693,5.16949,0.894857,6.55425,0.42336,0.0018483,0.21168,0.0018483,0.21168,460.486,0,0.860575,0,0,1.1533,0.292723,1.028160,1,0,56.0142,0,0,0,56.0142,0
17.1288,2.51092,0,0,2.77546,0.144001,0.36288,3.6288,39.3832,0.4935,0,0,0.669126,0.152427,0,0.66528,12.849,1,0.84672,0.36288,0,41.9382,3.4145,38.0399,0.84672,12.849,0.84672,3695.15,0,0.0036966,2.31742e-05,0.384471,1.98719,5.05515,0.7389,6.68789,0.42336,0.0018483,0.21168,0.0018483,0.21168,460.486,0,1.02816,0,0,1.41263,0.384471,1.028160,1,0,44.7278,0,0,0,44.7278,0
17.2792,2.51135,0,0,3.18698,0.162329,0.36288,3.6288,39.272,0.493699,0,0,0.533769,0.151307,0,0.66528,12.849,1,0.84672,0.36288,0,48.6974,3.7758,44.4377,0.84672,12.849,0.84672,3695.15,0,0.0036966,2.31699e-05,0.455959,1.80492,5.29443,0.886807,6.66848,0.42336,0.0018483,0.21168,0.0018483,0.21168,460.486,0,1.02816,0,0,1.48412,0.455959,1.028160,1,0,51.1062,0,0,0,51.1062,0
18.3749,2.51179,0,0,4.13307,0.162682,0.36288,3.6288,39.3994,0.493898,0,0,0.772451,0.151148,0,0.66528,12.849,1,0.84672,0.36288,0,89.1933,3.7758,84.9337,0.84672,12.849,0.84672,3695.15,0,0.0036966,2.32448e-05,0.556796,1.80516,7.00963,0.886807,8.48476,0.42336,0.0018483,0.21168,0.0018483,0.21168,460.486,0,1.02816,0,0,1.58496,0.556796,1.028160,1,0,93.4184,0,0,0,93.4184,0
20.0329,2.51225,0,0,4.6983,0.165255,0.36288,3.6288,39.6783,0.494096,0,0,0.924366,0.15133,0,0.66528,12.849,1,0.84672,0.36288,0,83.2611,3.7758,79.0014,0.84672,12.849,0.84672,3695.15,0,0.0036966,2.3179e-05,0.853528,1.8054,7.78344,0.886807,9.55553,0.42336,0.0018483,0.21168,0.0018483,0.21168,460.486,0,1.02816,0,0,1.88169,0.853528,1.028160,1,0,88.557,0,0,0,88.557,0
22.7498,2.51271,0,0,5.74023,0.147752,0.36288,3.6288,40.357,0.494295,0,0,1.36242,0.189504,0,0.66528,12.849,1,0.84672,0.36288,0,165.854,4.55573,160.815,0.84672,12.849,0.84672,3695.15,0,0.0036966,2.30253e-05,1.54952,1.80563,12.1121,1.20379,14.2634,0.42336,0.0018483,0.21168,0.0018483,0.21168,460.486,0,1.02816,0,0,2.57768,1.54952,1.028160,1,0,175.078,0,0,0,175.078,0
25.1449,2.51273,0,0,5.42318,0.152435,0.36288,3.6288,41.5794,0.494296,0,0,1.91911,0.202323,0,0.66528,12.849,1,0.84672,0.36288,0,142.784,4.91936,137.381,0.84672,12.849,0.84672,3695.15,0,0.0036966,2.26381e-05,2.11501,1.80587,14.9272,1.34826,17.4998,0.42336,0.0018483,0.21168,0.0018483,0.21168,460.486,0,1.02816,0,0,3.14317,2.11501,1.028160,1,0,154.88,0,0,0,154.88,0
28.0204,2.61843,0,0,6.02071,0.163933,0.36288,3.6288,42.7701,0.543718,0,0,1.93641,0.201992,0,0.66528,12.849,1,0.84672,0.36288,0,109.777,4.9581,104.335,0.84672,12.849,0.84672,3695.15,0,0.0036966,2.41695e-05,2.12191,1.80587,12.9933,1.36152,15.5595,0.42336,0.0018483,0.21168,0.0018483,0.21168,460.486,0,1.02816,0,0,3.15007,2.12191,1.028160,1,0,119.895,0,0,0,119.895,0
35.2103,2.61886,0,0,10.3423,0.170687,0.36288,3.6288,46.5302,0.543908,0,0,4.50829,0.204316,0,0.66528,12.849,1,0.84672,0.36288,0,221.498,4.9581,216.056,0.84672,12.849,0.84672,3695.15,0,0.0036966,2.35049e-05,4.89087,1.86386,24.4433,1.36152,29.8365,0.42336,0.0018483,0.21168,0.0018483,0.21168,460.486,0,1.02816,0,0,5.91903,4.89087,1.028160,1,0,245.892,0,0,0,245.892,0
43.1222,2.61932,0,0,11.0853,0.191175,0.36288,3.6288,48.8147,0.5441,0,0,3.0339,0.205358,0,0.66528,12.849,1,0.84672,0.36288,0,300.057,4.57446,294.999,0.84672,12.849,0.84672,3695.15,0,0.0036966,2.16131e-05,3.25574,1.86408,18.6761,1.25825,22.5377,0.42336,0.0018483,0.21168,0.0018483,0.21168,460.486,0,1.02816,0,0,4.2839,3.25574,1.028160,1,0,317.536,0,0,0,317.536,0
50.0605,2.6707,0,0,10.1684,0.196519,0.36288,3.6288,50.6941,0.544291,0,0,2.58985,0.166086,0,0.66528,12.849,1,0.795781,0.36288,0,276.463,3.47517,272.555,0.84672,12.849,0.84672,3695.15,0,0.0036966,2.06088e-05,2.83545,1.86431,17.8425,1.09392,21.4483,0.42336,0.0018483,0.21168,0.0018483,0.21168,460.486,0,1.02816,0,0,3.86361,2.83545,1.028160,1,0,294.003,0,0,0,294.003,0
56.574,2.88559,0,0,10.0157,0.253742,0.36288,3.6288,53.0657,0.646785,0,0,3.26473,0.246391,0,0.66528,12.849,1,0.740642,0.36288,0,192.98,4.43664,188.166,0.84672,12.849,0.84672,3695.15,0,0.0036966,2.35817e-05,2.87575,1.86453,14.9339,1.26971,18.4044,0.42336,0.0018483,0.21168,0.0018483,0.21168,460.486,0,1.02816,0,0,3.90391,2.87575,1.028160,1,0,206.57,0,0,0,206.57,0
60.8839,2.95544,0,0,7.8846,0.25639,0.36288,3.6288,55.2689,0.646988,0,0,3.07926,0.229027,0,0.66528,12.849,1,0.671236,0.36288,0,177.571,4.00459,173.258,0.84672,12.849,0.84672,3695.15,0,0.0036966,2.25349e-05,2.64178,1.97366,14.0494,1.09683,17.568,0.42336,0.0018483,0.21168,0.0018483,0.21168,460.486,0,1.02816,0,0,3.66994,2.64178,1.028160,1,0,190.826,0,0,0,190.826,0
64.0574,2.99504,0,0,6.79858,0.267134,0.36288,3.6288,57.3664,0.647191,0,0,2.97732,0.232627,0,0.66528,12.849,1,0.632077,0.36288,0,167.495,4.00459,163.221,0.84672,12.849,0.84672,3695.15,0,0.0036966,2.16433e-05,2.36959,1.97389,12.965,1.09683,16.2116,0.42336,0.0018483,0.21168,0.0018483,0.21168,460.486,0,1.02816,0,0,3.39775,2.36959,1.028160,1,0,179.433,0,0,0,179.433,0
68.4225,3.02149,0,0,8.02328,0.273833,0.36288,3.6288,59.6028,0.647394,0,0,3.11732,0.233596,0,0.66528,12.849,1,0.606069,0.36288,0,212.026,3.94391,207.839,0.84672,12.849,0.84672,3695.15,0,0.0036966,2.08585e-05,2.58009,1.97413,12.9538,1.0433,16.4647,0.42336,0.0018483,0.21168,0.0018483,0.21168,460.486,0,1.02816,0,0,3.60825,2.58009,1.028160,1,0,224.303,0,0,0,224.303,0
71.5301,2.79879,0,0,6.58486,0.315602,0.36288,3.6288,60.5706,0.481973,0,0,1.69525,0.245447,0,0.66528,12.849,1,0.525583,0.36288,0,144.366,3.66571,140.537,0.84672,12.849,0.84672,3695.15,0,0.0036966,1.49461e-05,0.948802,1.97437,7.07832,0.807734,9.19374,0.42336,0.0018483,0.21168,0.0018483,0.21168,460.486,0,1.02816,0,0,1.97696,0.948802,1.028160,1,0,149.731,0,0,0,149.731,0
72.29,2.81849,0,0,5.94685,0.329112,2.03932,3.6288,61.308,0.482156,0,0,1.9791,0.25067,0.50885,0.66528,12.849,1,0.506288,2.03932,0,129.528,3.68004,127.381,0.84672,12.849,0.84672,3695.15,0,0.0036966,1.47129e-05,1.18884,1.78974,7.87985,0.822006,10.0364,0.42336,0.0018483,0.21168,0.0018483,0.21168,460.486,0,1.02816,0,0,2.217,1.18884,1.028160,1,0,137.927,0,0,0,137.927,0
72.29,2.82335,0,0,6.40837,0.331021,3.254,3.6288,61.308,0.482338,0,0,2.65491,0.251844,1.92073,0.66528,12.849,1,0.501829,3.254,0,134.403,3.68004,133.475,0.84672,12.849,0.84672,3695.15,0,0.0036966,1.45414e-05,1.59184,1.78996,9.3026,0.822006,11.8624,0.42336,0.0018483,0.21168,0.0018483,0.21168,460.486,0,1.02816,0,0,2.62,1.59184,1.028160,1,0,147.258,0,0,0,147.258,0
72.29,2.82369,0,0,5.80487,0.308364,2.67281,3.6288,61.308,0.48252,0,0,2.15178,0.239811,1.42945,0.66528,12.849,1,0.50189,2.67281,0,147.691,3.50565,146.357,0.84672,12.849,0.84672,3695.15,0,0.0036966,1.45469e-05,1.23859,1.79017,7.97913,0.796955,10.2109,0.42336,0.0018483,0.21168,0.0018483,0.21168,460.486,0,1.02816,0,0,2.26675,1.23859,1.028160,1,0,157.997,0,0,0,157.997,0
72.29,2.82403,0,0,4.65317,0.261295,1.56784,3.6288,61.308,0.482703,0,0,1.7765,0.202549,1.09124,0.66528,12.849,1,0.50195,1.56784,0,96.8328,4.0713,93.8274,0.84672,12.849,0.84672,3695.15,0,0.0036966,1.45524e-05,1.06776,1.79039,6.99437,0.725925,9.12658,0.42336,0.0018483,0.21168,0.0018483,0.21168,460.486,0,1.02816,0,0,2.09592,1.06776,1.028160,1,0,104.045,0,0,0,104.045,0
72.29,2.92757,0,0,3.89489,0.279488,0.687828,3.6288,61.308,0.543657,0,0,1.33136,0.218866,0.568841,0.66528,12.849,1,0.520353,0.687828,0,83.6758,3.91692,79.9264,0.84672,12.849,0.84672,3695.15,0,0.0036966,1.639e-05,0.625778,1.79061,5.49218,0.721655,7.18689,0.42336,0.0018483,0.21168,0.0018483,0.21168,460.486,0,1.02816,0,0,1.65394,0.625778,1.028160,1,0,87.6821,0,0,0,87.6821,0
72.29,2.92792,0,0,6.308,0.281882,3.0982,3.6288,61.308,0.543846,0,0,2.04087,0.222065,1.27496,0.66528,12.849,1,0.520416,3.0982,0,141.063,3.82441,139.816,0.84672,12.849,0.84672,3695.15,0,0.0036966,1.63958e-05,1.79145,1.86055,9.0504,0.721504,11.9809,0.42336,0.0018483,0.21168,0.0018483,0.21168,460.486,0,1.02816,0,0,2.81961,1.79145,1.028160,1,0,153.072,0,0,0,153.072,0
72.29,2.92828,0,0,4.96284,0.281882,1.75268,3.6288,61.308,0.544036,0,0,1.81926,0.222065,1.05316,0.66528,12.849,1,0.520479,1.75268,0,108.626,3.82441,106.033,0.84672,12.849,0.84672,3695.15,0,0.0036966,1.64015e-05,1.20321,1.86078,7.55456,0.721504,9.89702,0.42336,0.0018483,0.21168,0.0018483,0.21168,460.486,0,1.02816,0,0,2.23137,1.20321,1.028160,1,0,116.984,0,0,0,116.984,0
72.29,2.92863,0,0,4.07961,0.246564,0.904416,3.6288,61.308,0.544226,0,0,1.48778,0.222863,0.720693,0.66528,12.849,1,0.520542,0.904416,0,89.0447,4.05869,85.3699,0.84672,12.849,0.84672,3695.15,0,0.0036966,1.64072e-05,1.01502,1.861,6.08035,0.802956,8.1534,0.42336,0.0018483,0.21168,0.0018483,0.21168,460.486,0,1.02816,0,0,2.04318,1.01502,1.028160,1,0,94.244,0,0,0,94.244,0
72.29,2.88861,0,0,3.71923,0.199474,0.631147,3.6288,61.308,0.520801,0,0,1.24525,0.223928,0.500519,0.66528,12.849,1,0.513429,0.631147,0,73.3674,4.37105,69.1141,0.84672,12.849,0.84672,3695.15,0,0.0036966,1.5701e-05,0.976605,1.86123,5.35428,0.911559,7.28053,0.42336,0.0018483,0.21168,0.0018483,0.21168,460.486,0,1.02816,0,0,2.00477,0.976605,1.028160,1,0,76.8952,0,0,0,76.8952,0
71.7921,2.88896,0,0,2.95338,0.199474,0.36288,3.6288,61.308,0.520988,0,0,1.01358,0.223928,0.268668,0.66528,12.849,1,0.513491,0.36288,0,61.7703,4.37105,57.2486,0.84672,12.849,0.84672,3695.15,0,0.0036966,1.57066e-05,0.660148,1.8343,4.43001,0.911559,6.01288,0.42336,0.0018483,0.21168,0.0018483,0.21168,460.486,0,1.02816,0,0,1.68831,0.660148,1.028160,1,0,63.5302,0,0,0,63.5302,0
70.9578,2.88629,0,0,2.61366,0.19872,0.36288,3.6288,61.308,0.606293,0,0,0.897264,0.223928,0.0670424,0.66528,12.849,1,0.516574,0.36288,0,58.2046,4.37105,53.6798,0.84672,12.849,0.84672,3695.15,0,0.0036966,1.82784e-05,0.402797,1.83452,4.21911,0.911559,5.54485,0.42336,0.0018483,0.21168,0.0018483,0.21168,460.486,0,0.943039,0,0,1.34584,0.402797,1.028160,1,0,59.2917,0,0,0,59.2917,0
70.5977,2.88149,0,0,3.08172,0.197457,0.36288,3.6288,61.308,0.556447,0,0,1.01618,0.223928,0.235809,0.66528,12.849,1,0.521779,0.36288,0,65.7849,4.37105,61.2549,0.84672,12.849,0.84672,3695.15,0,0.0036966,1.67756e-05,0.402797,1.83474,4.95261,0.911559,6.27857,0.42336,0.0018483,0.21168,0.0018483,0.21168,460.486,0,0.993073,0,0,1.39587,0.402797,1.028160,1,0,67.7693,0,0,0,67.7693,0
70.1365,3.01619,0,0,3.06482,0.146947,0.36288,3.6288,61.308,0.605332,0,0,1.06929,0.233741,0.230214,0.66528,12.849,1,0.548956,0.36288,0,59.795,4.70295,54.906,0.84672,12.849,0.84672,3695.15,0,0.0036966,1.82494e-05,0.922294,1.83496,5.14339,0.984375,6.91625,0.42336,0.0018483,0.21168,0.0018483,0.21168,460.486,0,1.02816,0,0,1.95045,0.922294,1.028160,1,0,62.0525,0,0,0,62.0525,0
69.4154,3.0135,0,0,2.80171,0.146426,0.36288,3.6288,61.308,0.605529,0,0,1.07701,0.233741,0.237741,0.66528,12.849,1,0.552073,0.36288,0,56.9315,4.70295,52.0393,0.84672,12.849,0.84672,3695.15,0,0.0036966,1.82554e-05,0.586241,1.93017,4.98053,0.984375,6.51255,0.42336,0.0018483,0.21168,0.0018483,0.21168,460.486,0,1.02816,0,0,1.6144,0.586241,1.028160,1,0,58.7896,0,0,0,58.7896,0
68.4452,3.00902,0,0,2.54726,0.145611,0.36288,3.6288,61.3022,0.705938,0,0,0.933863,0.233741,0,0.66528,12.849,1,0.556979,0.36288,0,53.7692,4.70295,48.8722,0.84672,12.849,0.84672,3695.15,0,0.0036966,2.12825e-05,0.30119,1.93041,4.58399,0.984375,5.83119,0.42336,0.0018483,0.21168,0.0018483,0.21168,460.486,0,0.927945,0,0,1.22914,0.30119,1.028160,1,0,54.7034,0,0,0,54.7034,0
67.1793,3.00274,0,0,2.24426,0.144516,0.36288,3.6288,61.308,0.641329,0,0,0.905152,0.233732,0.0242757,0.66528,12.849,1,0.563695,0.36288,0,45.6619,4.70295,40.7581,0.84672,12.849,0.84672,3695.15,0,0.0036966,1.93365e-05,0.30119,1.93064,4.51798,0.984375,5.76541,0.42336,0.0018483,0.21168,0.0018483,0.21168,460.486,0,0.992753,0,0,1.29394,0.30119,1.028160,1,0,46.5478,0,0,0,46.5478,0
66.1007,2.99418,0,0,2.40666,0.128184,0.36288,3.6288,61.308,0.60612,0,0,0.938961,0.238527,0.094314,0.66528,12.849,1,0.57268,0.36288,0,44.2326,4.6839,39.3389,0.84672,12.849,0.84672,3695.15,0,0.0036966,1.82732e-05,0.38912,1.93087,4.3727,1.03829,5.65438,0.42336,0.0018483,0.21168,0.0018483,0.21168,460.486,0,1.02816,0,0,1.41728,0.38912,1.028160,1,0,45.0876,0,0,0,45.0876,0
65.022,2.95997,0,0,2.36537,0.121182,0.36288,3.6288,61.308,0.652394,0,0,0.945493,0.240441,0.0526579,0.66528,12.849,1,0.575374,0.36288,0,43.9741,4.67628,39.0853,0.84672,12.849,0.84672,3695.15,0,0.0036966,1.96682e-05,0.488385,1.9311,4.28205,1.05985,5.64167,0.42336,0.0018483,0.21168,0.0018483,0.21168,460.486,0,1.02816,0,0,1.51654,0.488385,1.028160,1,0,44.7796,0,0,0,44.7796,0
63.7397,2.95235,0,0,2.15307,0.120141,0.36288,3.6288,61.2993,0.652596,0,0,0.884313,0.240441,0,0.66528,12.849,1,0.583414,0.36288,0,42.215,4.67628,37.3181,0.84672,12.849,0.84672,3695.15,0,0.0036966,1.96743e-05,0.285846,1.96095,4.0226,1.05985,5.20952,0.42336,0.0018483,0.21168,0.0018483,0.21168,460.486,0,1.02816,0,0,1.31401,0.285846,1.028160,1,0,42.5277,0,0,0,42.5277,0
62.3082,2.94294,0,0,1.9798,0.10555,0.36288,3.6288,61.2174,0.652799,0,0,0.844292,0.273333,0,0.66528,12.849,1,0.593253,0.36288,0,37.4248,5.09973,32.0947,0.84672,12.849,0.84672,3695.15,0,0.0036966,1.96832e-05,0.279288,1.96119,3.8706,1.21442,4.89663,0.42336,0.0018483,0.21168,0.0018483,0.21168,460.486,0,1.02816,0,0,1.30745,0.279288,1.028160,1,0,36.9913,0,0,0,36.9913,0
61.0153,2.93199,0,0,2.09278,0.0908114,0.36288,3.6288,61.0754,0.653002,0,0,0.818986,0.308002,0,0.66528,12.849,1,0.604626,0.36288,0,35.1092,5.57709,29.2904,0.84672,12.849,0.84672,3695.15,0,0.0036966,1.97157e-05,0.283522,1.96142,3.89807,1.42943,4.71357,0.42336,0.0018483,0.21168,0.0018483,0.21168,460.486,0,1.02816,0,0,1.31168,0.283522,1.028160,1,0,34.004,0,0,0,34.004,0
60.092,2.84942,0,0,2.38899,0.0999553,0.36288,3.6288,61.0767,0.613337,0,0,0.899778,0.285145,0,0.66528,12.849,1,0.60005,0.36288,0,38.123,5.35899,32.5268,0.84672,12.849,0.84672,3695.15,0,0.0036966,1.85612e-05,0.326678,1.96166,4.37067,1.45173,5.20726,0.42336,0.0018483,0.21168,0.0018483,0.21168,460.486,0,1.02816,0,0,1.35484,0.326678,1.028160,1,0,37.7341,0,0,0,37.7341,0
58.9579,2.84217,0,0,2.17013,0.0991638,0.36288,3.6288,61.0314,0.635618,0,0,0.875413,0.285148,0,0.66528,12.849,1,0.607718,0.36288,0,35.8867,5.35899,30.2828,0.84672,12.849,0.84672,3695.15,0,0.0036966,1.9235e-05,0.261274,1.91468,4.21465,1.45173,4.93886,0.42336,0.0018483,0.21168,0.0018483,0.21168,460.486,0,1.00608,0,0,1.26735,0.261274,1.028160,1,0,35.2217,0,0,0,35.2217,0
57.5176,2.83291,0,0,1.83804,0.0826099,0.36288,3.6288,60.9976,0.613732,0,0,0.870653,0.290714,0,0.66528,12.849,1,0.61739,0.36288,0,34.2007,5.63579,28.3105,0.84672,12.849,0.84672,3695.15,0,0.0036966,1.85865e-05,0.228295,1.91491,4.13584,1.45223,4.8268,0.42336,0.0018483,0.21168,0.0018483,0.21168,460.486,0,1.02816,0,0,1.25645,0.228295,1.028160,1,0,33.1373,0,0,0,33.1373,0
55.8538,2.82061,0,0,1.61122,0.091468,0.36288,3.6288,60.8763,0.651911,0,0,0.810708,0.280087,0,0.66528,12.849,1,0.630103,0.36288,0,31.5398,5.48142,25.7912,0.84672,12.849,0.84672,3695.15,0,0.0036966,1.97537e-05,0.227405,1.91514,3.9937,1.34832,4.78791,0.42336,0.0018483,0.21168,0.0018483,0.21168,460.486,0,0.990179,0,0,1.21758,0.227405,1.028160,1,0,30.5791,0,0,0,30.5791,0
53.5973,2.99307,0,0,1.22514,0.125697,0.36288,3.6288,60.3975,0.891907,0,0,0.706069,0.292925,0,0.66528,12.849,1,0.688546,0.36288,0,27.8631,5.89875,21.6387,0.84672,12.849,0.84672,3695.15,0,0.0036966,0.0018483,0.227405,1.91537,3.35959,1.46684,4.03368,0.42336,0.0018483,0.21168,0.0018483,0.21168,460.486,0,0.801533,0,0,1.02894,0.227405,1.028160,1,0,25.6724,0,0,0,25.6724,0
51.1885,2.97004,0,0,1.05276,0.128692,0.36288,3.6288,59.7566,0.971559,0,0,0.624844,0.294204,0,0.66528,12.849,1,0.712014,0.36288,0,25.1699,5.9683,18.8524,0.84672,12.849,0.84672,3695.15,0,0.0036966,0.0018483,0.227405,2.06804,3.19402,1.48659,4.00103,0.42336,0.0018483,0.21168,0.0018483,0.21168,460.486,0,0.721881,0,0,0.949285,0.227405,1.028160,1,0,22.8535,0,0,0,22.8535,0
48.8999,2.94361,0,0,1.14348,0.125534,0.36288,3.6288,59.1543,0.941527,0,0,0.632244,0.293005,0,0.66528,12.849,1,0.738886,0.36288,0,24.0556,5.9683,17.7113,0.84672,12.849,0.84672,3695.15,0,0.0036966,0.0018483,0.204422,2.06829,3.39254,1.48659,4.17682,0.42336,0.0018483,0.21168,0.0018483,0.21168,460.486,0,0.751913,0,0,0.956336,0.204422,1.028160,1,0,21.8881,0,0,0,21.8881,0
47.2518,2.91657,0,0,1.76621,0.134898,0.36288,3.6288,58.8746,0.75149,0,0,0.760493,0.288704,0,0.66528,12.849,1,0.766362,0.36288,0,38.8537,5.87925,32.571,0.84672,12.849,0.84672,3695.15,0,0.0036966,0.0018483,0.204422,2.06854,3.5853,1.47567,4.38075,0.42336,0.0018483,0.21168,0.0018483,0.21168,460.486,0,0.94195,0,0,1.14637,0.204422,1.028160,1,0,36.9517,0,0,0,36.9517,0
46.3254,2.8959,0,0,2.5026,0.17026,0.36288,3.6288,58.7653,0.81464,0,0,0.982515,0.277145,0,0.66528,12.849,1,0.787472,0.36288,0,47.8282,6.02586,41.3777,0.84672,12.849,0.84672,3695.15,0,0.0036966,0.0018483,0.204422,2.06879,4.97551,1.4783,5.76857,0.42336,0.0018483,0.21168,0.0018483,0.21168,460.486,0,0.8788,0,0,1.08322,0.204422,1.028160,1,0,47.1463,0,0,0,47.1463,0
45.7839,2.79593,0,0,2.8053,0.187925,0.36288,3.6288,59.0036,0.66528,0,0,1.17704,0.27345,0,0.66528,12.849,1,0.775491,0.36288,0,39.9296,6.15804,33.3589,0.84672,12.849,0.84672,3695.15,0,0.0036966,0.0018483,0.373654,2.06904,6.54608,1.4921,7.49482,0.42336,0.0018483,0.21168,0.0018483,0.21168,460.486,0,1.02816,0,0,1.40181,0.373654,1.028160,1,0,40.8538,0,0,0,40.8538,0
44.5623,2.7891,0,0,2.11719,0.186794,0.36288,3.6288,58.9945,0.66528,0,0,0.930027,0.273868,0,0.66528,12.849,1,0.782746,0.36288,0,59.0578,6.15804,52.4799,0.84672,12.849,0.84672,3695.15,0,0.0036966,0.0018483,0.315611,1.98188,5.07962,1.4921,5.88316,0.42336,0.0018483,0.21168,0.0018483,0.21168,460.486,0,1.02816,0,0,1.34377,0.315611,1.028160,1,0,58.363,0,0,0,58.363,0
42.6543,2.77278,0,0,1.41185,0.184243,0.36288,3.6288,58.3606,1.06776,0,0,0.70772,0.273852,0,0.66528,12.849,1,0.799497,0.36288,0,37.0475,6.15804,30.4529,0.84672,12.849,0.84672,3695.15,0,0.0036966,0.0018483,0.216518,1.98212,3.42816,1.4921,4.13285,0.42336,0.0018483,0.21168,0.0018483,0.21168,460.486,0,0.625683,0,0,0.842201,0.216518,1.028160,1,0,34.5857,0,0,0,34.5857,0
41.2886,2.74562,0,0,1.9578,0.214968,0.36288,3.6288,58.1624,0.892011,0,0,0.957983,0.264178,0,0.66528,12.849,1,0.82708,0.36288,0,42.8033,5.68189,36.6572,0.84672,12.849,0.84672,3695.15,0,0.0036966,0.0018483,0.216518,1.98236,4.97058,1.41854,5.74907,0.42336,0.0018483,0.21168,0.0018483,0.21168,460.486,0,0.801429,0,0,1.01795,0.216518,1.028160,1,0,42.4063,0,0,0,42.4063,0
39.9208,2.80577,0,0,1.99178,0.190975,0.36288,3.6288,57.8214,0.780719,0,0,0.650606,0.210903,0,0.66528,12.849,1,0.84672,0.36288,0,44.15,4.74799,38.9181,0.84672,12.849,0.84672,3695.15,0,0.0036966,0.0018483,0.216518,1.98259,4.00585,1.3362,4.86691,0.42336,0.0018483,0.21168,0.0018483,0.21168,460.486,0,0.912721,0,0,1.12924,0.216518,1.028160,1,0,43.785,0,0,0,43.785,0
38.3998,2.80621,0,0,1.83605,0.187899,0.36288,3.6288,57.7711,0.66528,0,0,0.825384,0.210439,0,0.66528,12.849,1,0.84672,0.36288,0,37.7377,4.74799,32.5059,0.84672,12.849,0.84672,3695.15,0,0.0036966,0.0018483,0.471139,1.99907,5.52696,1.3362,6.65912,0.42336,0.0018483,0.21168,0.0018483,0.21168,460.486,0,1.02816,0,0,1.4993,0.471139,1.028160,1,0,39.165,0,0,0,39.165,0
36.9489,2.80664,0,0,1.92563,0.207073,0.36288,3.6288,57.9628,0.66528,0,0,1.07644,0.219388,0,0.66528,12.849,1,0.84672,0.36288,0,54.3471,4.03718,49.8261,0.84672,12.849,0.84672,3695.15,0,0.0036966,0.0018483,0.46186,1.99931,5.11631,1.18501,6.39063,0.42336,0.0018483,0.21168,0.0018483,0.21168,460.486,0,1.02816,0,0,1.49002,0.46186,1.028160,1,0,56.2167,0,0,0,56.2167,0
37.5047,2.80708,0,0,3.93307,0.207252,0.36288,3.6288,57.8831,0.66528,0,0,0.806723,0.221164,0,0.66528,12.849,1,0.84672,0.36288,0,71.9021,3.91871,67.4995,0.84672,12.849,0.84672,3695.15,0,0.0036966,0.0018483,0.895579,1.99955,6.77065,1.15981,8.50412,0.42336,0.0018483,0.21168,0.0018483,0.21168,460.486,0,1.02816,0,0,1.92374,0.895579,1.028160,1,0,76.0037,0,0,0,76.0037,0
40.2439,2.53232,0,0,5.85673,0.222396,0.36288,3.6288,57.9888,0.50314,0,0,0.846024,0.237233,0,0.66528,12.849,1,0.84672,0.36288,0,77.0787,4.53835,72.0565,0.84672,12.849,0.84672,3695.15,0,0.0036966,1.60661e-05,0.801982,1.99979,7.08913,1.08405,8.80683,0.42336,0.0018483,0.21168,0.0018483,0.21168,460.486,0,1.02816,0,0,1.83014,0.801982,1.028160,1,0,80.8633,0,0,0,80.8633,0
41.9534,2.55929,0,0,4.86369,0.231991,0.36288,3.6288,58.0025,0.50636,0,0,0.760173,0.240094,0,0.66528,12.849,1,0.817126,0.36288,0,70.985,4.64163,65.8892,0.84672,12.849,0.84672,3695.15,0,0.0036966,1.61394e-05,0.47037,1.81635,5.63073,1.07143,6.84601,0.42336,0.0018483,0.21168,0.0018483,0.21168,460.486,0,1.02816,0,0,1.49853,0.47037,1.028160,1,0,72.7352,0,0,0,72.7352,0
45.3765,2.58523,0,0,6.6048,0.233563,0.36288,3.6288,58.6199,0.50636,0,0,1.35486,0.231047,0,0.66528,12.849,1,0.791776,0.36288,0,88.5621,4.31556,83.8176,0.84672,12.849,0.84672,3695.15,0,0.0036966,1.61356e-05,0.820126,1.81835,9.69021,0.998057,11.3306,0.42336,0.0018483,0.21168,0.0018483,0.21168,460.486,0,1.02816,0,0,1.84829,0.820126,1.028160,1,0,95.1482,0,0,0,95.1482,0
48.9621,2.63225,0,0,6.8153,0.234549,0.36288,3.6288,59.2785,0.518033,0,0,1.4107,0.234066,0,0.66528,12.849,1,0.745359,0.36288,0,124.729,4.37778,119.969,0.84672,12.849,0.84672,3695.15,0,0.0036966,1.63337e-05,0.412474,1.81846,8.23572,1.01529,9.45134,0.42336,0.0018483,0.21168,0.0018483,0.21168,460.486,0,1.01649,0,0,1.42896,0.412474,1.028160,1,0,129.42,0,0,0,129.42,0
51.5954,2.67793,0,0,5.93355,0.25947,0.36288,3.6288,60.1135,0.503879,0,0,1.5918,0.253012,0,0.66528,12.849,1,0.702761,0.36288,0,97.4279,5.01644,92.0716,0.84672,12.849,0.84672,3695.15,0,0.0036966,1.57109e-05,0.977236,1.81857,9.19049,1.22568,10.7606,0.42336,0.0018483,0.21168,0.0018483,0.21168,460.486,0,1.02816,0,0,2.0054,0.977236,1.028160,1,0,102.832,0,0,0,102.832,0
50.0104,2.78992,0,0,1.86337,0.29557,0.36288,3.6288,59.9152,0.620225,0,0,0.67481,0.252876,0,0.66528,12.849,1,0.694784,0.36288,0,28.5015,4.98446,23.1852,0.84672,12.849,0.84672,3695.15,0,0.0036966,1.907e-05,0.412474,1.81723,4.47447,1.30167,5.40249,0.42336,0.0018483,0.21168,0.0018483,0.21168,460.486,0,0.963827,0,0,1.3763,0.412474,1.028160,1,0,28.5877,0,0,0,28.5877,0
48.1285,2.77453,0,0,1.54621,0.290699,0.36288,3.6288,59.3173,0.903344,0,0,0.557991,0.252557,0,0.66528,12.849,1,0.712851,0.36288,0,25.6623,4.98446,20.3278,0.84672,12.849,0.84672,3695.15,0,0.0036966,2.78669e-05,0.503194,1.87691,3.90477,1.30167,4.98317,0.42336,0.0018483,0.21168,0.0018483,0.21168,460.486,0,0.678577,0,0,1.18177,0.503194,1.028160,1,0,25.311,0,0,0,25.311,0
46.612,2.75284,0,0,1.86041,0.261203,0.36288,3.6288,59.3544,0.624438,0,0,0.901138,0.239585,0,0.66528,12.849,1,0.734932,0.36288,0,27.7845,4.90495,22.5075,0.84672,12.849,0.84672,3695.15,0,0.0036966,1.94572e-05,0.503194,1.87577,5.03448,1.16458,6.24884,0.42336,0.0018483,0.21168,0.0018483,0.21168,460.486,0,0.957666,0,0,1.46086,0.503194,1.028160,1,0,28.7563,0,0,0,28.7563,0
44.7936,2.73439,0,0,1.52644,0.247575,0.36288,3.6288,59.4431,0.622583,0,0,0.94614,0.234837,0,0.66528,12.849,1,0.753759,0.36288,0,31.4092,4.87316,26.1451,0.84672,12.849,0.84672,3695.15,0,0.0036966,1.93873e-05,0.503194,1.87598,4.98597,1.10974,6.25538,0.42336,0.0018483,0.21168,0.0018483,0.21168,460.486,0,0.959697,0,0,1.46289,0.503194,1.028160,1,0,32.4005,0,0,0,32.4005,0
42.6974,2.83549,0,0,1.33262,0.230443,0.36288,3.6288,58.5431,1.16672,0,0,0.486176,0.219431,0,0.66528,12.849,1,0.813358,0.36288,0,22.0831,3.86117,17.7714,0.84672,12.849,0.84672,3695.15,0,0.0036966,3.62777e-05,0.503194,1.87618,3.04732,1.07746,4.3492,0.42336,0.0018483,0.21168,0.0018483,0.21168,460.486,0,0.518659,0,0,1.02185,0.503194,1.028160,1,0,22.1206,0,0,0,22.1206,0
40.9237,2.8051,0,0,1.61924,0.224981,0.36288,3.6288,58.2936,0.657426,0,0,0.626111,0.218167,0,0.66528,12.849,1,0.844145,0.36288,0,27.9281,3.86117,23.5857,0.84672,12.849,0.84672,3695.15,0,0.0036966,2.0756e-05,0.503643,1.98597,4.24195,1.07746,5.65409,0.42336,0.0018483,0.21168,0.0018483,0.21168,460.486,0,1.02816,0,0,1.5318,0.503643,1.028160,1,0,29.2398,0,0,0,29.2398,0
39.5631,2.80293,0,0,2.0256,0.220359,0.36288,3.6288,57.7952,0.926014,0,0,0.645448,0.217817,0,0.66528,12.849,1,0.84672,0.36288,0,36.024,3.86117,31.679,0.84672,12.849,0.84672,3695.15,0,0.0036966,2.93609e-05,0.608429,1.98619,3.90031,1.07746,5.41744,0.42336,0.0018483,0.21168,0.0018483,0.21168,460.486,0,0.75975,0,0,1.36818,0.608429,1.028160,1,0,37.0964,0,0,0,37.0964,0
37.8416,2.80333,0,0,1.6396,0.194879,0.36288,3.6288,57.0259,1.15222,0,0,0.610025,0.227188,0,0.66528,12.849,1,0.84672,0.36288,0,27.914,3.79869,23.6315,0.84672,12.849,0.84672,3695.15,0,0.0036966,3.6848e-05,0.608429,1.98641,3.53103,1.03562,5.09022,0.42336,0.0018483,0.21168,0.0018483,0.21168,460.486,0,0.533727,0,0,1.14216,0.608429,1.028160,1,0,28.7217,0,0,0,28.7217,0
36.5984,2.49822,0,0,1.81704,0.19917,0.36288,3.6288,56.6868,0.94943,0,0,0.817871,0.207477,0,0.66528,12.849,1,0.84672,0.36288,0,26.2429,3.78491,21.9741,0.84672,12.849,0.84672,3695.15,0,0.0036966,3.07726e-05,0.608429,1.98663,4.32204,1.07639,5.84068,0.42336,0.0018483,0.21168,0.0018483,0.21168,460.486,0,0.57005,0,0,1.17848,0.608429,1.028160,1,0,27.8148,0,0,0,27.8148,0
35.698,2.48375,0,0,2.15382,0.207615,0.36288,3.6288,56.8069,0.616206,0,0,0.92213,0.185815,0,0.66528,12.849,1,0.84672,0.36288,0,32.0643,3.78704,27.7934,0.84672,12.849,0.84672,3695.15,0,0.0036966,2.00917e-05,0.608429,1.80084,4.93684,1.03445,6.31163,0.42336,0.0018483,0.21168,0.0018483,0.21168,460.486,0,0.918294,0,0,1.52672,0.608429,1.028160,1,0,34.105,0,0,0,34.105,0
34.2281,2.48428,0,0,1.58265,0.205391,0.36288,3.6288,56.2873,1.02557,0,0,0.691865,0.185961,0,0.66528,12.849,1,0.84672,0.36288,0,22.4769,3.78704,18.206,0.84672,12.849,0.84672,3695.15,0,0.0036966,3.33686e-05,0.558835,1.80972,3.75589,1.03445,5.08997,0.42336,0.0018483,0.21168,0.0018483,0.21168,460.486,0,0.508913,0,0,1.06775,0.558835,1.028160,1,0,23.296,0,0,0,23.296,0
33.7386,2.48481,0,0,2.55998,0.201759,0.36288,3.6288,56.0336,0.808967,0,0,0.740586,0.185332,0,0.66528,12.849,1,0.84672,0.36288,0,39.2056,3.78704,34.9347,0.84672,12.849,0.84672,3695.15,0,0.0036966,2.6564e-05,0.558835,1.80982,4.53209,1.03445,5.86628,0.42336,0.0018483,0.21168,0.0018483,0.21168,460.486,0,0.725527,0,0,1.28436,0.558835,1.028160,1,0,40.801,0,0,0,40.801,0
34.2754,2.48535,0,0,3.59349,0.208482,0.36288,3.6288,56.1597,0.506344,0,0,0.808489,0.176034,0,0.66528,12.849,1,0.84672,0.36288,0,59.2411,3.27788,55.4794,0.84672,12.849,0.84672,3695.15,0,0.0036966,1.6702e-05,0.65759,1.80993,4.36327,0.997188,5.83358,0.42336,0.0018483,0.21168,0.0018483,0.21168,460.486,0,1.02816,0,0,1.68575,0.65759,1.028160,1,0,61.313,0,0,0,61.313,0
33.988,2.60818,0,0,2.89958,0.215849,0.36288,3.6288,55.6136,0.973659,0,0,0.597021,0.16943,0,0.66528,12.849,1,0.84672,0.36288,0,48.1963,2.896,44.8165,0.84672,12.849,0.84672,3695.15,0,0.0036966,3.20446e-05,0.558835,1.81003,3.80443,0.969241,5.20402,0.42336,0.0018483,0.21168,0.0018483,0.21168,460.486,0,0.621976,0,0,1.18081,0.558835,1.028160,1,0,50.0205,0,0,0,50.0205,0
33.7231,2.62273,0,0,2.92961,0.209003,0.36288,3.6288,55.4327,0.667783,0,0,0.66026,0.173412,0,0.66528,12.849,1,0.84672,0.36288,0,48.8354,2.95417,45.3974,0.84672,12.849,0.84672,3695.15,0,0.0036966,2.21935e-05,0.528595,1.88029,4.42775,0.980692,5.85592,0.42336,0.0018483,0.21168,0.0018483,0.21168,460.486,0,0.91387,0,0,1.44247,0.528595,1.028160,1,0,51.2533,0,0,0,51.2533,0
32.9535,2.62311,0,0,2.39781,0.181369,0.36288,3.6288,54.6747,1.07999,0,0,0.529442,0.207409,0,0.66528,12.849,1,0.84672,0.36288,0,38.799,3.39862,34.9166,0.84672,12.849,0.84672,3695.15,0,0.0036966,3.60104e-05,0.528595,1.8722,3.39777,1.0591,4.73942,0.42336,0.0018483,0.21168,0.0018483,0.21168,460.486,0,0.50182,0,0,1.03042,0.528595,1.028160,1,0,39.656,0,0,0,39.656,0
31.8931,2.62349,0,0,2.11922,0.193231,0.36288,3.6288,53.9566,1.03565,0,0,0.536988,0.219394,0,0.66528,12.849,1,0.84672,0.36288,0,34.2183,3.75429,29.9802,0.84672,12.849,0.84672,3695.15,0,0.0036966,3.50105e-05,0.528595,1.87241,3.27613,1.09388,4.58322,0.42336,0.0018483,0.21168,0.0018483,0.21168,460.486,0,0.546342,0,0,1.07494,0.528595,1.028160,1,0,34.5634,0,0,0,34.5634,0
30.5594,2.57604,0,0,1.77164,0.166454,0.36288,3.6288,53.3499,0.954455,0,0,0.556841,0.209165,0,0.66528,12.849,1,0.84672,0.36288,0,28.1743,4.04702,23.6435,0.84672,12.849,0.84672,3695.15,0,0.0036966,3.26951e-05,0.528595,1.87262,3.06615,1.12012,4.34722,0.42336,0.0018483,0.21168,0.0018483,0.21168,460.486,0,0.603953,0,0,1.13255,0.528595,1.028160,1,0,27.9907,0,0,0,27.9907,0
29.0573,2.57641,0,0,1.60079,0.163615,0.36288,3.6288,52.7367,0.954005,0,0,0.549065,0.208192,0,0.66528,12.849,1,0.84672,0.36288,0,25.321,4.04702,20.7901,0.84672,12.849,0.84672,3695.15,0,0.0036966,3.30514e-05,0.528595,1.8455,3.79281,1.12012,5.04676,0.42336,0.0018483,0.21168,0.0018483,0.21168,460.486,0,0.604575,0,0,1.13317,0.528595,1.028160,1,0,25.8369,0,0,0,25.8369,0
28.2941,2.57678,0,0,2.33685,0.160347,0.36288,3.6288,52.4772,0.694822,0,0,0.642505,0.207174,0,0.66528,12.849,1,0.84672,0.36288,0,29.8453,4.04702,25.3145,0.84672,12.849,0.84672,3695.15,0,0.0036966,2.43519e-05,0.402797,1.84571,3.41546,1.12012,4.54382,0.42336,0.0018483,0.21168,0.0018483,0.21168,460.486,0,0.863939,0,0,1.26674,0.402797,1.028160,1,0,29.8583,0,0,0,29.8583,0
26.9631,2.57715,0,0,1.7436,0.134587,0.36288,3.6288,52.028,0.821773,0,0,0.587695,0.215155,0,0.66528,12.849,1,0.84672,0.36288,0,28.9653,4.31792,24.1636,0.84672,12.849,0.84672,3695.15,0,0.0036966,2.89437e-05,0.402797,1.84591,3.04143,1.06997,4.22014,0.42336,0.0018483,0.21168,0.0018483,0.21168,460.486,0,0.737156,0,0,1.13995,0.402797,1.028160,1,0,28.3837,0,0,0,28.3837,0
25.128,2.73996,0,0,1.38586,0.118083,0.36288,3.6288,51.4365,0.903032,0,0,0.525311,0.213757,0,0.66528,12.849,1,0.84672,0.36288,0,21.3814,4.10165,16.7959,0.84672,12.849,0.84672,3695.15,0,0.0036966,3.20803e-05,0.402797,1.84612,2.69145,1.0735,3.86683,0.42336,0.0018483,0.21168,0.0018483,0.21168,460.486,0,0.740362,0,0,1.14316,0.402797,1.028160,1,0,20.6628,0,0,0,20.6628,0
23.2114,2.74034,0,0,1.30089,0.114313,0.36288,3.6288,50.6826,1.0171,0,0,0.47521,0.212078,0,0.66528,12.849,1,0.84672,0.36288,0,18.9911,4.04754,14.4597,0.84672,12.849,0.84672,3695.15,0,0.0036966,3.65481e-05,0.402797,1.94189,2.48193,1.07743,3.74914,0.42336,0.0018483,0.21168,0.0018483,0.21168,460.486,0,0.626469,0,0,1.02927,0.402797,1.028160,1,0,18.2088,0,0,0,18.2088,0
21.1971,2.74072,0,0,1.17929,0.0899776,0.36288,3.6288,49.9542,0.949315,0,0,0.453651,0.232712,0,0.66528,12.849,1,0.84672,0.36288,0,16.7452,4.31529,11.9461,0.84672,12.849,0.84672,3695.15,0,0.0036966,3.46198e-05,0.30119,1.9421,2.41746,1.14584,3.51488,0.42336,0.0018483,0.21168,0.0018483,0.21168,460.486,0,0.69444,0,0,0.99563,0.30119,1.028160,1,0,15.4609,0,0,0,15.4609,0
19.2125,2.65679,0,0,1.1144,0.0793126,0.36288,3.6288,49.1692,0.978298,0,0,0.433353,0.240051,0,0.66528,12.849,1,0.84672,0.36288,0,16.2069,4.42239,11.3007,0.84672,12.849,0.84672,3695.15,0,0.0036966,3.61969e-05,0.30119,1.94232,2.41075,1.17321,3.48102,0.42336,0.0018483,0.21168,0.0018483,0.21168,460.486,0,0.627005,0,0,0.928195,0.30119,1.028160,1,0,14.7817,0,0,0,14.7817,0
17.2003,2.65715,0,0,1.07556,0.067789,0.36288,3.6288,48.3414,1.00658,0,0,0.433585,0.254766,0,0.66528,12.849,1,0.84672,0.36288,0,15.5809,4.98801,10.109,0.84672,12.849,0.84672,3695.15,0,0.0036966,3.78379e-05,0.30119,1.89689,2.2876,1.23947,3.24616,0.42336,0.0018483,0.21168,0.0018483,0.21168,460.486,0,0.598899,0,0,0.900089,0.30119,1.028160,1,0,13.3552,0,0,0,13.3552,0
15.1157,2.7097,0,0,1.04707,0.0590422,0.36288,3.6288,47.3826,1.12685,0,0,0.433119,0.265138,0,0.66528,12.849,1,0.84672,0.36288,0,15.0165,5.41223,9.12043,0.84672,12.849,0.84672,3695.15,0,0.0036966,4.30844e-05,0.30119,1.8971,2.19854,1.28917,3.10762,0.42336,0.0018483,0.21168,0.0018483,0.21168,460.486,0,0.563795,0,0,0.864985,0.30119,1.028160,1,0,12.228,0,0,0,12.228,0
12.9539,2.71005,0,0,0.967948,0.0568887,0.36288,3.6288,46.4365,1.10178,0,0,0.418727,0.263025,0,0.66528,12.849,1,0.84672,0.36288,0,14.9259,5.41223,9.02979,0.84672,12.849,0.84672,3695.15,0,0.0036966,4.29781e-05,0.261274,1.97275,2.22932,1.28917,3.17413,0.42336,0.0018483,0.21168,0.0018483,0.21168,460.486,0,0.589058,0,0,0.850332,0.261274,1.028160,1,0,12.2039,0,0,0,12.2039,0
10.705,2.71039,0,0,0.87874,0.0543034,0.36288,3.6288,45.3858,1.18537,0,0,0.395569,0.260878,0,0.66528,12.849,1,0.84672,0.36288,0,14.4823,5.41223,8.58622,0.84672,12.849,0.84672,3695.15,0,0.0036966,4.7181e-05,0.261274,1.97297,2.09554,1.28917,3.04057,0.42336,0.0018483,0.21168,0.0018483,0.21168,460.486,0,0.505647,0,0,0.766921,0.261274,1.028160,1,0,11.6268,0,0,0,11.6268,0
8.46729,2.62711,0,0,0.799191,0.0469401,0.36288,3.6288,44.2667,1.21376,0,0,0.36525,0.270594,0,0.66528,12.849,1,0.84672,0.36288,0,12.4754,5.62082,6.37073,0.84672,12.849,0.84672,3695.15,0,0.0036966,4.94294e-05,0.261274,1.97319,1.97682,1.36163,2.84961,0.42336,0.0018483,0.21168,0.0018483,0.21168,460.486,0,0.437698,0,0,0.698972,0.261274,1.028160,1,0,9.22033,0,0,0,9.22033,0
6.30072,2.62289,0,0,0.851844,0.0326416,0.36288,3.6288,43.1724,1.21904,0,0,0.397782,0.273022,0,0.66528,12.849,1,0.84672,0.36288,0,14.3167,5.88431,7.94851,0.84672,12.849,0.84672,3695.15,0,0.0036966,5.08996e-05,0.261274,1.92704,1.95333,1.43575,2.70584,0.42336,0.0018483,0.21168,0.0018483,0.21168,460.486,0,0.432237,0,0,0.69351,0.261274,1.028160,1,0,10.6543,0,0,0,10.6543,0
4.06839,2.62308,0,0,0.784158,0.0305309,0.36288,3.6288,42.0622,1.17719,0,0,0.337227,0.270208,0,0.66528,12.849,1,0.84672,0.36288,0,11.7595,5.88431,5.39133,0.84672,12.849,0.84672,3695.15,0,0.0036966,5.03979e-05,0.261274,1.92613,1.88869,1.43575,2.64029,0.42336,0.0018483,0.21168,0.0018483,0.21168,460.486,0,0.474275,0,0,0.735549,0.261274,1.028160,1,0,8.03162,0,0,0,8.03162,0
1.77217,2.62304,0,0,0.718027,0.0283234,0.36288,3.6288,40.857,1.25028,0,0,0.312345,0.267353,0,0.66528,12.849,1,0.84672,0.36288,0,11.1774,5.88431,4.80925,0.84672,12.849,0.84672,3695.15,0,0.0036966,5.49399e-05,0.227405,1.92634,1.66012,1.43575,2.37806,0.42336,0.0018483,0.21168,0.0018483,0.21168,460.486,0,0.401361,0,0,0.628766,0.227405,1.028160,1,0,7.18731,0,0,0,7.18731,0
0.373309,1.77217,0,0,0.758644,0.0224548,0.36288,3.6288,39.8222,1.1247,0,0,0.358566,0.268659,0,0.66528,12.849,1,0.84672,0.36288,0,10.9624,6.03385,4.44474,0.84672,12.849,0.84672,3695.15,0,0.0036966,5.08797e-05,0.227405,1.92656,2.19614,1.46563,2.88442,0.42336,0.0018483,0.21168,0.0018483,0.21168,460.486,0,0.527126,0,0,0.754531,0.227405,1.028160,1,0,7.32916,0,0,0,7.32916,0
0.261221,0.373309,0,0,0.64429,0.0201887,0.36288,3.6288,38.6733,1.23649,0,0,0.324925,0.237318,0,0.66528,12.849,1,0.84672,0.36288,0,11.8277,5.6802,5.66369,0.84672,12.849,0.84672,3695.15,0,0.0036966,0.0018483,0.227405,1.92677,2.39606,1.4662,3.08219,0.42336,0.0018483,0.21168,0.0018483,0.21168,460.486,0,0.456952,0,0,0.684357,0.227405,1.028160,1,0,8.74588,0,0,0,8.74588,0
0.139054,0.261221,0,0,0.520431,0.018497,0.36288,3.6288,37.4146,1.30187,0,0,0.28161,0.238392,0,0.66528,12.849,1,0.84672,0.36288,0,11.0199,5.60983,4.92621,0.84672,12.849,0.84672,3695.15,0,0.0036966,0.0018483,0.227405,2.08033,2.29886,1.46857,3.13617,0.42336,0.0018483,0.21168,0.0018483,0.21168,460.486,0,0.391574,0,0,0.618979,0.227405,1.028160,1,0,8.06238,0,0,0,8.06238,0
0.201685,0.139054,0,0,0.582965,0.0184001,0.36288,3.6288,36.2063,1.26164,0,0,0.288882,0.235536,0,0.66528,12.849,1,0.84672,0.36288,0,10.9536,5.60983,4.85994,0.84672,12.849,0.84672,3695.15,0,0.0036966,0.0018483,0.204422,2.08056,2.46392,1.46857,3.27848,0.42336,0.0018483,0.21168,0.0018483,0.21168,460.486,0,0.431796,0,0,0.636218,0.204422,1.028160,1,0,8.13842,0,0,0,8.13842,0
0.544913,0.201685,0,0,0.932999,0.0252055,0.36288,3.6288,35.2072,1.12491,0,0,0.355033,0.229304,0,0.66528,12.849,1,0.84672,0.36288,0,18.1976,5.4911,12.2226,0.84672,12.849,0.84672,3695.15,0,0.0036966,0.0018483,0.204422,2.08079,2.68588,1.45401,3.51523,0.42336,0.0018483,0.21168,0.0018483,0.21168,460.486,0,0.568529,0,0,0.772952,0.204422,1.028160,1,0,15.7379,0,0,0,15.7379,0
0.673754,0.544913,0,0,1.06928,0.0326494,0.36288,3.6288,34.2694,1.11692,0,0,0.387602,0.208389,0,0.66528,12.849,1,0.84672,0.36288,0,15.8681,5.37207,10.0121,0.84672,12.849,0.84672,3695.15,0,0.0036966,0.0018483,0.204422,2.08102,2.61194,1.37032,3.52521,0.42336,0.0018483,0.21168,0.0018483,0.21168,460.486,0,0.576521,0,0,0.780944,0.204422,1.028160,1,0,13.5374,0,0,0,13.5374,0
0.190946,0.673754,0,0,0.595075,0.0412485,0.36288,3.6288,33.0984,1.2245,0,0,0.243913,0.190429,0,0.66528,12.849,1,0.84672,0.36288,0,12.9387,5.06478,7.39013,0.84672,12.849,0.84672,3695.15,0,0.0036966,0.0018483,0.204422,2.08125,1.9367,1.27692,2.9436,0.42336,0.0018483,0.21168,0.0018483,0.21168,460.486,0,0.468936,0,0,0.673358,0.204422,1.028160,1,0,10.3337,0,0,0,10.3337,0
0.415479,0.190946,0,0,0.818769,0.0404096,0.36288,3.6288,32.0741,1.14222,0,0,0.306009,0.188116,0,0.66528,12.849,1,0.84672,0.36288,0,11.2801,5.06478,5.7315,0.84672,12.849,0.84672,3695.15,0,0.0036966,0.0018483,0.216518,1.99355,2.05341,1.27692,2.98471,0.42336,0.0018483,0.21168,0.0018483,0.21168,460.486,0,0.551223,0,0,0.767742,0.216518,1.028160,1,0,8.71622,0,0,0,8.71622,0
0.510156,0.415479,0,0,0.913836,0.0407997,0.36288,3.6288,31.4362,0.9537,0,0,0.501809,0.186038,0,0.66528,12.849,1,0.84672,0.36288,0,20.7275,5.06478,15.1789,0.84672,12.849,0.84672,3695.15,0,0.0036966,0.0018483,0.216518,1.99377,2.84314,1.27692,3.77467,0.42336,0.0018483,0.21168,0.0018483,0.21168,460.486,0,0.73974,0,0,0.956258,0.216518,1.028160,1,0,18.9536,0,0,0,18.9536,0
0.441043,0.510156,0,0,0.849234,0.0453111,0.36288,3.6288,30.9124,0.905757,0,0,0.535546,0.153597,0,0.66528,12.849,1,0.84672,0.36288,0,28.5069,4.30154,23.7215,0.84672,12.849,0.84672,3695.15,0,0.0036966,0.0018483,0.216518,1.99399,2.66724,1.13477,3.74113,0.42336,0.0018483,0.21168,0.0018483,0.21168,460.486,0,0.787683,0,0,1.0042,0.216518,1.028160,1,0,27.4627,0,0,0,27.4627,0
1.16103,0.441043,0,0,1.60381,0.0798943,0.36288,3.6288,30.8145,0.66528,0,0,0.743256,0.1758,0,0.66528,12.849,1,0.84672,0.36288,0,48.8869,4.48938,43.9137,0.84672,12.849,0.84672,3695.15,0,0.0036966,0.0018483,1.23196,1.99421,5.53443,1.19592,7.56283,0.42336,0.0018483,0.21168,0.0018483,0.21168,460.486,0,1.02816,0,0,2.26012,1.23196,1.028160,1,0,51.4765,0,0,0,51.4765,0
1.30731,1.16103,0,0,1.75253,0.0823411,0.36288,3.6288,31.2973,0.66528,0,0,1.32364,0.17561,0,0.66528,12.849,1,0.84672,0.36288,0,50.7866,4.48938,45.8134,0.84672,12.849,0.84672,3695.15,0,0.0036966,0.0018483,1.95062,2.01077,5.90473,1.19592,8.66834,0.42336,0.0018483,0.21168,0.0018483,0.21168,460.486,0,1.02816,0,0,2.97878,1.95062,1.028160,1,0,54.4817,0,0,0,54.4817,0
1.07924,1.30731,0,0,1.5322,0.090078,0.36288,3.6288,31.7508,0.66528,0,0,1.30005,0.1813,0,0.66528,12.849,1,0.84672,0.36288,0,51.4204,4.0155,46.921,0.84672,12.849,0.84672,3695.15,0,0.0036966,0.0018483,1.70732,2.01099,6.2139,1.09513,8.83523,0.42336,0.0018483,0.21168,0.0018483,0.21168,460.486,0,1.02816,0,0,2.73548,1.70732,1.028160,1,0,55.7562,0,0,0,55.7562,0
2.45567,1.07924,0,0,2.91317,0.0946142,0.36288,3.6288,32.3032,0.66528,0,0,1.40355,0.185786,0,0.66528,12.849,1,0.84672,0.36288,0,88.0209,3.66009,83.8769,0.84672,12.849,0.84672,3695.15,0,0.0036966,0.0018483,2.91881,2.01121,8.62142,1.01953,12.5301,0.42336,0.0018483,0.21168,0.0018483,0.21168,460.486,0,1.02816,0,0,3.94697,2.91881,1.028160,1,0,96.407,0,0,0,96.407,0
2.92317,2.45567,0,0,3.37481,0.0887562,0.36288,3.6288,33.8616,0.512025,0,0,2.23373,0.163307,0,0.66528,12.849,1,0.84672,0.36288,0,93.1682,4.37551,88.3089,0.84672,12.849,0.84672,3695.15,0,0.0036966,2.92966e-05,2.20811,2.01143,9.59757,1.0894,12.7277,0.42336,0.0018483,0.21168,0.0018483,0.21168,460.486,0,1.02816,0,0,3.23627,2.20811,1.028160,1,0,101.037,0,0,0,101.037,0
5.44526,2.55084,0,0,5.52161,0.085799,0.36288,3.6288,37.885,0.512197,0,0,4.69206,0.156469,0,0.66528,12.849,1,0.84672,0.36288,0,108.098,4.66168,102.953,0.84672,12.849,0.84672,3695.15,0,0.0036966,2.79577e-05,3.45327,1.8269,13.0909,1.11735,17.2537,0.42336,0.0018483,0.21168,0.0018483,0.21168,460.486,0,1.02816,0,0,4.48143,3.45327,1.028160,1,0,120.207,0,0,0,120.207,0
6.42558,2.55196,0,0,3.98908,0.0939255,0.36288,3.6288,39.2185,0.51237,0,0,2.00854,0.16275,0,0.66528,12.849,1,0.84672,0.36288,0,72.7876,4.66168,67.6421,0.84672,12.849,0.84672,3695.15,0,0.0036966,2.4997e-05,1.82368,1.82711,8.79198,1.11735,11.3254,0.42336,0.0018483,0.21168,0.0018483,0.21168,460.486,0,1.02816,0,0,2.85184,1.82368,1.028160,1,0,78.9675,0,0,0,78.9675,0
6.77612,2.55247,0,0,3.39107,0.125179,0.36288,3.6288,39.9406,0.512541,0,0,1.40505,0.170409,0,0.66528,12.849,1,0.84672,0.36288,0,99.5527,3.96606,95.1028,0.84672,12.849,0.84672,3695.15,0,0.0036966,2.41552e-05,1.46848,1.82731,8.2779,0.971388,10.6023,0.42336,0.0018483,0.21168,0.0018483,0.21168,460.486,0,1.02816,0,0,2.49664,1.46848,1.028160,1,0,105.705,0,0,0,105.705,0
7.60464,2.55288,0,0,3.86905,0.124772,0.36288,3.6288,40.41,0.512712,0,0,1.16112,0.17892,0,0.66528,12.849,1,0.84672,0.36288,0,104.043,4.17453,99.3845,0.84672,12.849,0.84672,3695.15,0,0.0036966,2.37264e-05,1.3335,1.82751,8.00349,0.989405,10.1751,0.42336,0.0018483,0.21168,0.0018483,0.21168,460.486,0,1.02816,0,0,2.36166,1.3335,1.028160,1,0,109.56,0,0,0,109.56,0
11.0983,2.65982,0,0,6.63977,0.123398,0.36288,3.6288,41.1223,0.562701,0,0,1.47313,0.198181,0,0.66528,12.849,1,0.84672,0.36288,0,163.87,4.6957,158.69,0.84672,12.849,0.84672,3695.15,0,0.0036966,2.57372e-05,2.07326,1.82771,14.4171,1.03445,17.2836,0.42336,0.0018483,0.21168,0.0018483,0.21168,460.486,0,1.02816,0,0,3.10142,2.07326,1.028160,1,0,175.974,0,0,0,175.974,0
13.3583,2.66038,0,0,5.41909,0.135825,0.36288,3.6288,41.8322,0.562862,0,0,1.47233,0.199561,0,0.66528,12.849,1,0.84672,0.36288,0,160.632,4.6957,155.453,0.84672,12.849,0.84672,3695.15,0,0.0036966,2.52986e-05,2.02832,1.88637,14.7216,1.03445,17.6018,0.42336,0.0018483,0.21168,0.0018483,0.21168,460.486,0,1.02816,0,0,3.05648,2.02832,1.028160,1,0,173.055,0,0,0,173.055,0
13.9984,2.66081,0,0,3.8229,0.159111,0.36288,3.6288,41.9824,0.563023,0,0,0.910215,0.197026,0,0.66528,12.849,1,0.84672,0.36288,0,97.9024,4.8465,92.5721,0.84672,12.849,0.84672,3695.15,0,0.0036966,2.48764e-05,1.02679,1.88656,9.29776,1.27005,10.941,0.42336,0.0018483,0.21168,0.0018483,0.21168,460.486,0,1.02816,0,0,2.05495,1.02679,1.028160,1,0,103.513,0,0,0,103.513,0
17.9333,2.66118,0,0,7.07861,0.11968,0.36288,3.6288,42.4481,0.563184,0,0,1.25269,0.223813,0,0.66528,12.849,1,0.84672,0.36288,0,133.092,4.75321,127.855,0.84672,12.849,0.84672,3695.15,0,0.0036966,2.47945e-05,1.73928,1.88675,11.4019,1.21554,13.8123,0.42336,0.0018483,0.21168,0.0018483,0.21168,460.486,0,1.02816,0,0,2.76744,1.73928,1.028160,1,0,141.668,0,0,0,141.668,0
20.1642,2.82283,0,0,5.59633,0.179711,0.36288,3.6288,42.6737,0.66528,0,0,1.08454,0.193663,0,0.66528,12.849,1,0.84672,0.36288,0,111.377,4.59734,106.295,0.84672,12.849,0.84672,3695.15,0,0.0036966,0.00162413,1.25549,1.88694,10.9636,1.0978,13.0066,0.42336,0.0018483,0.21168,0.0018483,0.21168,460.486,0,1.02816,0,0,2.28365,1.25549,1.028160,1,0,119.302,0,0,0,119.302,0
22.6432,2.82324,0,0,5.85873,0.193596,0.36288,3.6288,42.9085,0.66528,0,0,1.09221,0.192113,0,0.66528,12.849,1,0.84672,0.36288,0,128.168,4.6159,123.069,0.84672,12.849,0.84672,3695.15,0,0.0036966,0.00179534,1.16431,1.99734,14.8457,1.09537,16.9102,0.42336,0.0018483,0.21168,0.0018483,0.21168,460.486,0,1.02816,0,0,2.19247,1.16431,1.028160,1,0,139.979,0,0,0,139.979,0
26.4504,2.82364,0,0,7.19395,0.200246,0.36288,3.6288,43.2242,0.66528,0,0,1.17357,0.192545,0,0.66528,12.849,1,0.84672,0.36288,0,175.34,4.6159,170.24,0.84672,12.849,0.84672,3695.15,0,0.0036966,0.0018483,1.45497,1.99754,14.8556,1.09537,17.2109,0.42336,0.0018483,0.21168,0.0018483,0.21168,460.486,0,1.02816,0,0,2.48313,1.45497,1.028160,1,0,187.451,0,0,0,187.451,0
29.5317,2.82404,0,0,6.48574,0.217508,0.36288,3.6288,43.9166,0.66528,0,0,1.5345,0.176818,0,0.66528,12.849,1,0.84672,0.36288,0,190.757,3.98644,186.287,0.84672,12.849,0.84672,3695.15,0,0.0036966,0.0018483,2.27286,1.99774,15.8858,0.884672,19.2698,0.42336,0.0018483,0.21168,0.0018483,0.21168,460.486,0,1.02816,0,0,3.30102,2.27286,1.028160,1,0,205.557,0,0,0,205.557,0
32.9435,2.51719,0,0,6.49556,0.203644,0.36288,3.6288,44.9321,0.499965,0,0,1.67526,0.159765,0,0.66528,12.849,1,0.84672,0.36288,0,135.853,3.52,131.849,0.84672,12.849,0.84672,3695.15,0,0.0036966,2.10418e-05,1.81951,1.99794,14.6171,0.773729,17.6608,0.42336,0.0018483,0.21168,0.0018483,0.21168,460.486,0,1.02816,0,0,2.84767,1.81951,1.028160,1,0,149.51,0,0,0,149.51,0
35.2355,2.51134,0,0,5.37481,0.208587,0.36288,3.6288,45.4049,0.506326,0,0,1.13779,0.158694,0,0.66528,12.849,1,0.84672,0.36288,0,96.374,3.45975,92.4304,0.84672,12.849,0.84672,3695.15,0,0.0036966,2.08279e-05,0.770852,1.81107,11.3182,0.761091,13.139,0.42336,0.0018483,0.21168,0.0018483,0.21168,460.486,0,1.02816,0,0,1.79901,0.770852,1.028160,1,0,105.569,0,0,0,105.569,0
36.3124,2.5179,0,0,4.17217,0.214535,0.36288,3.6288,45.437,0.694183,0,0,0.885695,0.159396,0,0.66528,12.849,1,0.84672,0.36288,0,101.555,3.45975,97.611,0.84672,12.849,0.84672,3695.15,0,0.0036966,2.82581e-05,0.558835,1.81489,9.15805,0.761091,10.7707,0.42336,0.0018483,0.21168,0.0018483,0.21168,460.486,0,0.834244,0,0,1.39308,0.558835,1.028160,1,0,108.382,0,0,0,108.382,0
36.6094,2.51824,0,0,3.37161,0.193497,0.36288,3.6288,44.8954,0.991221,0,0,0.592998,0.143411,0,0.66528,12.849,1,0.84672,0.36288,0,82.8852,3.19816,79.2032,0.84672,12.849,0.84672,3695.15,0,0.0036966,4.03212e-05,0.558835,1.81144,8.08756,0.723514,9.73428,0.42336,0.0018483,0.21168,0.0018483,0.21168,460.486,0,0.537348,0,0,1.09618,0.558835,1.028160,1,0,88.9375,0,0,0,88.9375,0
38.0281,2.51858,0,0,4.48607,0.18584,0.36288,3.6288,45.5945,0.500583,0,0,1.33211,0.132425,0,0.66528,12.849,1,0.84672,0.36288,0,99.0446,3.08658,95.4742,0.84672,12.849,0.84672,3695.15,0,0.0036966,2.06085e-05,0.839817,1.81162,10.0538,0.728339,11.9768,0.42336,0.0018483,0.21168,0.0018483,0.21168,460.486,0,1.02816,0,0,1.86798,0.839817,1.028160,1,0,107.451,0,0,0,107.451,0
39.3857,2.6419,0,0,4.58326,0.220902,0.36288,3.6288,46.4793,0.562227,0,0,1.59513,0.148062,0,0.66528,12.849,1,0.84672,0.36288,0,108.033,3.40284,104.146,0.84672,12.849,0.84672,3695.15,0,0.0036966,2.27914e-05,1.17139,1.8118,9.58444,0.801574,11.766,0.42336,0.0018483,0.21168,0.0018483,0.21168,460.486,0,1.02816,0,0,2.19955,1.17139,1.028160,1,0,115.912,0,0,0,115.912,0
42.1668,2.64226,0,0,6.01067,0.224411,0.36288,3.6288,47.3558,0.562388,0,0,1.58814,0.14928,0,0.66528,12.849,1,0.84672,0.36288,0,112.605,3.40284,108.718,0.84672,12.849,0.84672,3695.15,0,0.0036966,2.23639e-05,1.67355,1.88254,21.1161,0.801574,23.8706,0.42336,0.0018483,0.21168,0.0018483,0.21168,460.486,0,1.02816,0,0,2.70171,1.67355,1.028160,1,0,132.589,0,0,0,132.589,0
43.7988,2.6744,0,0,4.88278,0.21356,0.36288,3.6288,48.2453,0.562549,0,0,1.58917,0.137169,0,0.66528,12.849,1,0.814938,0.36288,0,129.487,2.3863,126.648,0.84672,12.849,0.84672,3695.15,0,0.0036966,2.19563e-05,1.55655,1.88273,14.1237,0.63631,16.9267,0.42336,0.0018483,0.21168,0.0018483,0.21168,460.486,0,1.02816,0,0,2.58471,1.55655,1.028160,1,0,143.575,0,0,0,143.575,0
44.67,2.69815,0,0,4.13475,0.202501,0.36288,3.6288,48.9005,0.56271,0,0,1.37877,0.160825,0,0.66528,12.849,1,0.791541,0.36288,0,78.122,2.91187,74.7815,0.84672,12.849,0.84672,3695.15,0,0.0036966,2.15577e-05,1.28542,1.88292,10.9312,0.754116,13.3455,0.42336,0.0018483,0.21168,0.0018483,0.21168,460.486,0,1.02816,0,0,2.31358,1.28542,1.028160,1,0,88.1269,0,0,0,88.1269,0
45.0679,2.67306,0,0,3.6187,0.184842,0.36288,3.6288,49.6124,0.538979,0,0,1.4122,0.161314,0,0.66528,12.849,1,0.768886,0.36288,0,92.1577,3.4283,88.3234,0.84672,12.849,0.84672,3695.15,0,0.0036966,2.03719e-05,1.53237,1.88311,11.4922,0.82496,14.0827,0.42336,0.0018483,0.21168,0.0018483,0.21168,460.486,0,1.02816,0,0,2.56053,1.53237,1.028160,1,0,102.406,0,0,0,102.406,0
45.1656,2.67861,0,0,3.30314,0.163957,0.36288,3.6288,50.1158,0.539138,0,0,1.22702,0.184489,0,0.66528,12.849,1,0.76368,0.36288,0,91.1943,3.88867,86.9049,0.84672,12.849,0.84672,3695.15,0,0.0036966,2.00855e-05,1.20267,1.85583,9.3185,0.8636,11.5134,0.42336,0.0018483,0.21168,0.0018483,0.21168,460.486,0,1.02816,0,0,2.23083,1.20267,1.028160,1,0,98.4182,0,0,0,98.4182,0
44.9861,2.68017,0,0,3.02263,0.159146,0.36288,3.6288,50.471,0.539296,0,0,1.08698,0.192451,0,0.66528,12.849,1,0.762471,0.36288,0,74.6427,4.09573,70.1474,0.84672,12.849,0.84672,3695.15,0,0.0036966,1.98896e-05,1.00648,1.85602,8.23573,0.878683,10.2195,0.42336,0.0018483,0.21168,0.0018483,0.21168,460.486,0,1.02816,0,0,2.03464,1.00648,1.028160,1,0,80.3669,0,0,0,80.3669,0
44.7374,2.67807,0,0,2.95116,0.158824,0.36288,3.6288,50.7952,0.539455,0,0,1.05667,0.193011,0,0.66528,12.849,1,0.764916,0.36288,0,61.6049,4.09573,57.1072,0.84672,12.849,0.84672,3695.15,0,0.0036966,1.97554e-05,0.961001,1.8562,8.18493,0.878683,10.1234,0.42336,0.0018483,0.21168,0.0018483,0.21168,460.486,0,1.02816,0,0,1.98916,0.961001,1.028160,1,0,67.2306,0,0,0,67.2306,0
44.2471,2.80194,0,0,2.81947,0.145038,0.36288,3.6288,51.1755,0.624373,0,0,1.19902,0.194358,0,0.66528,12.849,1,0.804741,0.36288,0,66.126,4.42634,61.2578,0.84672,12.849,0.84672,3695.15,0,0.0036966,2.27192e-05,0.9842,1.85639,8.03002,0.908124,9.96246,0.42336,0.0018483,0.21168,0.0018483,0.21168,460.486,0,1.02816,0,0,2.01236,0.9842,1.028160,1,0,71.2202,0,0,0,71.2202,0
43.4806,2.7953,0,0,2.50596,0.114245,0.36288,3.6288,51.3401,0.62454,0,0,0.968302,0.179162,0,0.66528,12.849,1,0.811735,0.36288,0,62.957,4.05415,58.454,0.84672,12.849,0.84672,3695.15,0,0.0036966,2.25564e-05,1.03902,1.95268,7.58609,0.911924,9.66584,0.42336,0.0018483,0.21168,0.0018483,0.21168,460.486,0,1.02816,0,0,2.06718,1.03902,1.028160,1,0,68.1198,0,0,0,68.1198,0
42.5558,2.78454,0,0,2.31843,0.0958339,0.36288,3.6288,51.5154,0.624707,0,0,0.984381,0.184402,0,0.66528,12.849,1,0.822863,0.36288,0,57.0343,4.21669,52.3576,0.84672,12.849,0.84672,3695.15,0,0.0036966,2.24901e-05,1.04304,1.95287,7.48526,0.881835,9.59932,0.42336,0.0018483,0.21168,0.0018483,0.21168,460.486,0,1.02816,0,0,2.0712,1.04304,1.028160,1,0,61.9569,0,0,0,61.9569,0
41.5732,2.77108,0,0,2.24621,0.0948166,0.36288,3.6288,51.7374,0.624874,0,0,1.0315,0.184664,0,0.66528,12.849,1,0.836682,0.36288,0,54.1176,4.21669,49.4271,0.84672,12.849,0.84672,3695.15,0,0.0036966,2.24196e-05,0.967654,1.95307,7.77012,0.881835,9.80899,0.42336,0.0018483,0.21168,0.0018483,0.21168,460.486,0,1.02816,0,0,1.99581,0.967654,1.028160,1,0,59.2361,0,0,0,59.2361,0
40.958,2.76141,0,0,2.61609,0.107041,0.36288,3.6288,51.9356,0.625041,0,0,1.02163,0.198297,0,0.66528,12.849,1,0.84672,0.36288,0,53.0031,4.45771,48.0616,0.84672,12.849,0.84672,3695.15,0,0.0036966,2.23294e-05,0.969002,1.95327,7.94128,0.972929,9.8906,0.42336,0.0018483,0.21168,0.0018483,0.21168,460.486,0,1.02816,0,0,1.99716,0.969002,1.028160,1,0,57.9522,0,0,0,57.9522,0
40.9338,2.72945,0,0,3.14272,0.0745129,0.36288,3.6288,52.1393,0.66528,0,0,1.10864,0.239749,0,0.66528,12.849,1,0.84672,0.36288,0,53.635,4.9714,48.1797,0.84672,12.849,0.84672,3695.15,0,0.0036966,0.0018483,1.11987,1.95347,9.32507,1.15151,11.245,0.42336,0.0018483,0.21168,0.0018483,0.21168,460.486,0,1.02816,0,0,2.14803,1.11987,1.028160,1,0,59.4247,0,0,0,59.4247,0
40.6891,2.72981,0,0,2.91426,0.0663152,0.36288,3.6288,52.3254,0.66528,0,0,1.09547,0.244044,0,0.66528,12.849,1,0.84672,0.36288,0,49.0508,5.00346,43.5635,0.84672,12.849,0.84672,3695.15,0,0.0036966,0.0018483,1.03245,1.98362,8.79682,1.16104,10.65,0.42336,0.0018483,0.21168,0.0018483,0.21168,460.486,0,1.02816,0,0,2.06061,1.03245,1.028160,1,0,54.2135,0,0,0,54.2135,0
40.2406,2.73017,0,0,2.71064,0.0660741,0.36288,3.6288,52.5162,0.66528,0,0,1.10044,0.24441,0,0.66528,12.849,1,0.84672,0.36288,0,45.366,5.00346,39.8787,0.84672,12.849,0.84672,3695.15,0,0.0036966,0.0018483,1.13698,1.98382,8.32369,1.16104,10.2816,0.42336,0.0018483,0.21168,0.0018483,0.21168,460.486,0,1.02816,0,0,2.16514,1.13698,1.028160,1,0,50.1603,0,0,0,50.1603,0
39.7057,2.73053,0,0,2.62227,0.0637841,0.36288,3.6288,52.6407,0.66528,0,0,1.05396,0.264178,0,0.66528,12.849,1,0.84672,0.36288,0,42.3791,5.26244,36.6328,0.84672,12.849,0.84672,3695.15,0,0.0036966,0.0018483,1.06265,1.98402,8.02924,1.22317,9.85089,0.42336,0.0018483,0.21168,0.0018483,0.21168,460.486,0,1.02816,0,0,2.09081,1.06265,1.028160,1,0,46.4837,0,0,0,46.4837,0
39.1101,2.64232,0,0,2.46726,0.0576134,0.36288,3.6288,52.551,0.632179,0,0,0.824377,0.281835,0,0.66528,12.849,1,0.84672,0.36288,0,35.1715,5.81915,28.8686,0.84672,12.849,0.84672,3695.15,0,0.0036966,2.21968e-05,0.662688,1.98422,6.36079,1.42541,7.58227,0.42336,0.0018483,0.21168,0.0018483,0.21168,460.486,0,1.02816,0,0,1.69085,0.662688,1.028160,1,0,36.4508,0,0,0,36.4508,0
38.5353,2.64267,0,0,2.48421,0.0534572,0.36288,3.6288,52.4162,0.632346,0,0,0.78332,0.285822,0,0.66528,12.849,1,0.84672,0.36288,0,46.0707,5.85711,39.7298,0.84672,12.849,0.84672,3695.15,0,0.0036966,2.22406e-05,0.864691,1.93666,7.00186,1.4479,8.35529,0.42336,0.0018483,0.21168,0.0018483,0.21168,460.486,0,1.02816,0,0,1.89285,0.864691,1.028160,1,0,48.0851,0,0,0,48.0851,0
37.8024,2.64302,0,0,2.3261,0.0531021,0.36288,3.6288,52.2266,0.632514,0,0,0.728438,0.285512,0,0.66528,12.849,1,0.84672,0.36288,0,36.9903,5.85711,30.6493,0.84672,12.849,0.84672,3695.15,0,0.0036966,2.23037e-05,0.829604,1.93686,6.3116,1.4479,7.63014,0.42336,0.0018483,0.21168,0.0018483,0.21168,460.486,0,1.02816,0,0,1.85776,0.829604,1.028160,1,0,38.2795,0,0,0,38.2795,0
36.8614,2.64337,0,0,2.11784,0.0526494,0.36288,3.6288,52.0004,0.632681,0,0,0.691563,0.285077,0,0.66528,12.849,1,0.84672,0.36288,0,33.7117,5.85711,27.3708,0.84672,12.849,0.84672,3695.15,0,0.0036966,2.23906e-05,0.543732,1.93705,5.88733,1.4479,6.9202,0.42336,0.0018483,0.21168,0.0018483,0.21168,460.486,0,1.02816,0,0,1.57189,0.543732,1.028160,1,0,34.291,0,0,0,34.291,0
35.8243,2.87682,0,0,2.25003,0.0473852,0.36288,3.6288,51.8738,0.66528,0,0,0.823124,0.284467,0,0.66528,12.849,1,0.84672,0.36288,0,38.0534,5.62751,31.9421,0.84672,12.849,0.84672,3695.15,0,0.0036966,0.0018483,1.05545,1.93725,6.66469,1.48038,8.17516,0.42336,0.0018483,0.21168,0.0018483,0.21168,460.486,0,1.02816,0,0,2.08361,1.05545,1.028160,1,0,40.1172,0,0,0,40.1172,0
34.3454,2.8772,0,0,1.81046,0.0493127,0.36288,3.6288,51.6127,0.66528,0,0,0.684046,0.279857,0,0.66528,12.849,1,0.84672,0.36288,0,36.9001,5.32445,31.0919,0.84672,12.849,0.84672,3695.15,0,0.0036966,0.0018483,0.63714,2.09162,4.59745,1.4786,5.84576,0.42336,0.0018483,0.21168,0.0018483,0.21168,460.486,0,1.02816,0,0,1.6653,0.63714,1.028160,1,0,36.9376,0,0,0,36.9376,0
32.9842,2.87757,0,0,1.92766,0.0484368,0.36288,3.6288,51.3466,0.66528,0,0,0.678456,0.279267,0,0.66528,12.849,1,0.84672,0.36288,0,34.4699,5.32445,28.6616,0.84672,12.849,0.84672,3695.15,0,0.0036966,0.0018483,0.61141,2.09183,4.84548,1.4786,6.06828,0.42336,0.0018483,0.21168,0.0018483,0.21168,460.486,0,1.02816,0,0,1.63957,0.61141,1.028160,1,0,34.7299,0,0,0,34.7299,0
32.5822,2.87794,0,0,2.89329,0.0544862,0.36288,3.6288,51.2125,0.66528,0,0,0.80784,0.276662,0,0.66528,12.849,1,0.84672,0.36288,0,50.9005,5.26508,45.1516,0.84672,12.849,0.84672,3695.15,0,0.0036966,0.0018483,0.935392,2.09204,5.14935,1.47132,6.70362,0.42336,0.0018483,0.21168,0.0018483,0.21168,460.486,0,1.02816,0,0,1.96355,0.935392,1.028160,1,0,51.8552,0,0,0,51.8552,0
32.7871,2.87831,0,0,3.51198,0.0658235,0.36288,3.6288,51.2136,0.66528,0,0,0.935264,0.268834,0,0.66528,12.849,1,0.84672,0.36288,0,49.5877,5.15685,43.947,0.84672,12.849,0.84672,3695.15,0,0.0036966,0.0018483,0.915745,2.09225,5.24065,1.45384,6.79296,0.42336,0.0018483,0.21168,0.0018483,0.21168,460.486,0,1.02816,0,0,1.9439,0.915745,1.028160,1,0,50.74,0,0,0,50.74,0
31.8161,2.76502,0,0,2.22083,0.0639236,0.36288,3.6288,51.3118,0.66528,0,0,1.03209,0.268627,0,0.66528,12.849,1,0.84672,0.36288,0,32.4706,4.99002,26.9967,0.84672,12.849,0.84672,3695.15,0,0.0036966,0.0018483,1.57374,2.09246,5.81079,1.45928,8.01586,0.42336,0.0018483,0.21168,0.0018483,0.21168,460.486,0,1.02816,0,0,2.6019,1.57374,1.028160,1,0,35.0126,0,0,0,35.0126,0
29.6205,2.76538,0,0,0.99582,0.0631498,0.36288,3.6288,50.9632,0.66528,0,0,0.585542,0.268841,0,0.66528,12.849,1,0.84672,0.36288,0,24.6891,4.99002,19.2152,0.84672,12.849,0.84672,3695.15,0,0.0036966,0.0018483,0.301856,2.00428,2.98779,1.45928,3.83279,0.42336,0.0018483,0.21168,0.0018483,0.21168,460.486,0,1.02816,0,0,1.33002,0.301856,1.028160,1,0,23.048,0,0,0,23.048,0
27.6607,2.76573,0,0,1.24718,0.0783945,0.36288,3.6288,50.7733,0.66528,0,0,0.740952,0.265661,0,0.66528,12.849,1,0.84672,0.36288,0,23.5546,4.80955,18.2612,0.84672,12.849,0.84672,3695.15,0,0.0036966,0.0018483,0.361679,2.00448,3.65532,1.43212,4.5875,0.42336,0.0018483,0.21168,0.0018483,0.21168,460.486,0,1.02816,0,0,1.38984,0.361679,1.028160,1,0,22.8487,0,0,0,22.8487,0
27.8782,2.76609,0,0,3.48054,0.134079,0.36288,3.6288,51.1351,0.66528,0,0,1.31322,0.286144,0,0.66528,12.849,1,0.84672,0.36288,0,38.5379,4.33031,33.7238,0.84672,12.849,0.84672,3695.15,0,0.0036966,0.0018483,2.3868,2.00468,7.87496,1.29034,10.9743,0.42336,0.0018483,0.21168,0.0018483,0.21168,460.486,0,1.02816,0,0,3.41496,2.3868,1.028160,1,0,44.6981,0,0,0,44.6981,0
26.2624,2.67312,0,0,1.58288,0.162711,0.36288,3.6288,51.1806,0.611535,0,0,0.918104,0.261011,0,0.66528,12.849,1,0.84672,0.36288,0,42.5676,4.99684,37.087,0.84672,12.849,0.84672,3695.15,0,0.0036966,2.21042e-05,1.33632,2.00488,5.95218,1.32585,7.96751,0.42336,0.0018483,0.21168,0.0018483,0.21168,460.486,0,1.02816,0,0,2.36448,1.33632,1.028160,1,0,45.0545,0,0,0,45.0545,0
24.913,2.67346,0,0,1.85067,0.163685,0.36288,3.6288,51.1225,0.6117,0,0,0.810318,0.256776,0,0.66528,12.849,1,0.84672,0.36288,0,41.1008,5.10793,35.5091,0.84672,12.849,0.84672,3695.15,0,0.0036966,2.20905e-05,1.02191,1.9265,5.57964,1.33177,7.19626,0.42336,0.0018483,0.21168,0.0018483,0.21168,460.486,0,1.02816,0,0,2.05007,1.02191,1.028160,1,0,42.7053,0,0,0,42.7053,0
23.5279,2.6738,0,0,1.81246,0.160904,0.36288,3.6288,51.7274,0.611866,0,0,1.47302,0.256216,0,0.66528,12.849,1,0.84672,0.36288,0,41.5046,5.36318,35.6576,0.84672,12.849,0.84672,3695.15,0,0.0036966,2.21216e-05,1.81552,1.92669,7.10712,1.40392,9.44539,0.42336,0.0018483,0.21168,0.0018483,0.21168,460.486,0,1.02816,0,0,2.84368,1.81552,1.028160,1,0,45.1029,0,0,0,45.1029,0
22.3102,2.67415,0,0,2.00423,0.184882,0.36288,3.6288,52.0598,0.612031,0,0,1.17221,0.227798,0,0.66528,12.849,1,0.84672,0.36288,0,53.7957,5.1193,48.1926,0.84672,12.849,0.84672,3695.15,0,0.0036966,2.18688e-05,1.29902,1.92688,6.89786,1.33473,8.78902,0.42336,0.0018483,0.21168,0.0018483,0.21168,460.486,0,1.02816,0,0,2.32718,1.29902,1.028160,1,0,56.9816,0,0,0,56.9816,0
22.1158,2.56988,0,0,2.92001,0.181676,0.36288,3.6288,52.952,0.520202,0,0,1.59881,0.186333,0,0.66528,12.849,1,0.84672,0.36288,0,47.9759,4.10973,43.3824,0.84672,12.849,0.84672,3695.15,0,0.0036966,1.8469e-05,1.95329,1.92708,10.0239,1.05507,12.8491,0.42336,0.0018483,0.21168,0.0018483,0.21168,460.486,0,1.02816,0,0,2.98145,1.95329,1.028160,1,0,56.2315,0,0,0,56.2315,0
21.7544,2.57023,0,0,2.73792,0.166218,0.36288,3.6288,53.7846,0.520358,0,0,1.52548,0.172558,0,0.66528,12.849,1,0.84672,0.36288,0,65.5777,3.59741,61.4964,0.84672,12.849,0.84672,3695.15,0,0.0036966,1.81632e-05,1.65623,1.83659,9.02699,0.914684,11.6051,0.42336,0.0018483,0.21168,0.0018483,0.21168,460.486,0,1.02816,0,0,2.68439,1.65623,1.028160,1,0,73.1015,0,0,0,73.1015,0
21.5162,2.57057,0,0,2.86069,0.165408,0.36288,3.6288,54.6233,0.520515,0,0,1.53291,0.173708,0,0.66528,12.849,1,0.84672,0.36288,0,76.9872,3.59741,72.906,0.84672,12.849,0.84672,3695.15,0,0.0036966,1.78874e-05,1.4174,1.83678,11.6346,0.914684,13.9741,0.42336,0.0018483,0.21168,0.0018483,0.21168,460.486,0,1.02816,0,0,2.44556,1.4174,1.028160,1,0,86.8801,0,0,0,86.8801,0
20.1691,2.57091,0,0,1.76997,0.183318,0.36288,3.6288,55.1651,0.520671,0,0,1.23782,0.175328,0,0.66528,12.849,1,0.84672,0.36288,0,51.817,4.02303,47.3101,0.84672,12.849,0.84672,3695.15,0,0.0036966,1.76181e-05,0.912565,1.83696,5.95666,0.91435,7.79182,0.42336,0.0018483,0.21168,0.0018483,0.21168,460.486,0,1.02816,0,0,1.94073,0.912565,1.028160,1,0,55.102,0,0,0,55.102,0
19.0374,2.57124,0,0,1.98541,0.182993,0.36288,3.6288,55.6608,0.520828,0,0,1.23326,0.216747,0,0.66528,12.849,1,0.84672,0.36288,0,58.2647,4.6952,53.0857,0.84672,12.849,0.84672,3695.15,0,0.0036966,1.74503e-05,1.03028,1.83715,6.02542,1.16247,7.73036,0.42336,0.0018483,0.21168,0.0018483,0.21168,460.486,0,1.02816,0,0,2.05844,1.03028,1.028160,1,0,60.816,0,0,0,60.816,0
20.3878,2.67863,0,0,4.57208,0.180127,0.36288,3.6288,56.8908,0.571065,0,0,1.99095,0.189838,0,0.66528,12.849,1,0.84672,0.36288,0,101.535,4.46196,96.5889,0.84672,12.849,0.84672,3695.15,0,0.0036966,1.89631e-05,2.10211,1.83733,9.42356,1.03412,12.3289,0.42336,0.0018483,0.21168,0.0018483,0.21168,460.486,0,1.02816,0,0,3.13027,2.10211,1.028160,1,0,108.918,0,0,0,108.918,0
23.0931,2.67898,0,0,5.94107,0.193964,0.36288,3.6288,58.5649,0.571212,0,0,2.42584,0.180525,0,0.66528,12.849,1,0.84672,0.36288,0,168.083,4.63989,162.96,0.84672,12.849,0.84672,3695.15,0,0.0036966,1.85578e-05,3.01829,1.89628,10.9134,1.05411,14.7738,0.42336,0.0018483,0.21168,0.0018483,0.21168,460.486,0,1.02816,0,0,4.04645,3.01829,1.028160,1,0,177.733,0,0,0,177.733,0
25.8185,2.67933,0,0,5.95927,0.191574,0.36288,3.6288,60.3328,0.571359,0,0,2.50957,0.170304,0,0.66528,12.849,1,0.84672,0.36288,0,101.463,4.21113,96.768,0.84672,12.849,0.84672,3695.15,0,0.0036966,1.8032e-05,3.06796,1.89645,10.1085,1.00054,14.0724,0.42336,0.0018483,0.21168,0.0018483,0.21168,460.486,0,1.02816,0,0,4.09612,3.06796,1.028160,1,0,110.84,0,0,0,110.84,0
28.9631,2.67967,0,0,6.38638,0.199228,0.36288,3.6288,61.308,0.571506,0,0,3.34505,0.172241,1.62614,0.66528,12.849,1,0.84672,0.36288,0,118.816,4.21113,114.121,0.84672,12.849,0.84672,3695.15,0,0.0036966,1.75081e-05,3.9364,1.89662,13.2912,1.00054,18.1236,0.42336,0.0018483,0.21168,0.0018483,0.21168,460.486,0,1.02816,0,0,4.96456,3.9364,1.028160,1,0,133.871,0,0,0,133.871,0
33.2882,2.84208,0,0,7.75752,0.227538,0.36288,3.6288,61.308,0.66528,0,0,3.19485,0.194821,2.33475,0.66528,12.849,1,0.84672,0.36288,0,134.271,4.43185,129.355,0.84672,12.849,0.84672,3695.15,0,0.0036966,0.0018483,4.44201,1.8968,16.8987,1.01853,22.2171,0.42336,0.0018483,0.21168,0.0018483,0.21168,460.486,0,1.02816,0,0,5.47017,4.44201,1.028160,1,0,153.907,0,0,0,153.907,0
37.7955,2.84244,0,0,7.9615,0.24888,0.36288,3.6288,61.308,0.66528,0,0,4.32663,0.203426,3.45792,0.66528,12.849,1,0.84672,0.36288,0,153.111,4.52015,148.107,0.84672,12.849,0.84672,3695.15,0,0.0036966,0.0018483,5.08246,2.00775,19.6615,1.02573,25.7242,0.42336,0.0018483,0.21168,0.0018483,0.21168,460.486,0,1.02816,0,0,6.11062,5.08246,1.028160,1,0,177.289,0,0,0,177.289,0
42.7753,2.8428,0,0,8.44828,0.262777,0.36288,3.6288,61.308,0.66528,0,0,4.40363,0.203426,3.53492,0.66528,12.849,1,0.84672,0.36288,0,174.721,4.52015,169.717,0.84672,12.849,0.84672,3695.15,0,0.0036966,0.0018483,4.81555,2.00794,26.4165,1.02573,32.2124,0.42336,0.0018483,0.21168,0.0018483,0.21168,460.486,0,1.02816,0,0,5.84371,4.81555,1.028160,1,0,205.464,0,0,0,205.464,0
49.6644,2.84315,0,0,10.3737,0.278546,0.36288,3.6288,61.308,0.66528,0,0,4.73164,0.203426,3.86293,0.66528,12.849,1,0.84672,0.36288,0,239.027,4.52015,234.023,0.84672,12.849,0.84672,3695.15,0,0.0036966,0.0018483,5.59025,2.00812,26.4341,1.02573,33.0049,0.42336,0.0018483,0.21168,0.0018483,0.21168,460.486,0,1.02816,0,0,6.61841,5.59025,1.028160,1,0,270.891,0,0,0,270.891,0
53.2329,2.68638,0,0,6.89691,0.279124,0.36288,3.6288,61.308,0.507882,0,0,4.10856,0.192329,3.40835,0.66528,12.849,1,0.69501,0.36288,0,153.544,4.13174,149.08,0.84672,12.849,0.84672,3695.15,0,0.0036966,1.53115e-05,4.68403,2.0083,19.9493,0.912751,25.7289,0.42336,0.0018483,0.21168,0.0018483,0.21168,460.486,0,1.02816,0,0,5.71219,4.68403,1.028160,1,0,178.217,0,0,0,178.217,0
55.3415,2.72416,0,0,5.47436,0.278754,0.36288,3.6288,61.308,0.508023,0,0,2.53823,0.192264,1.83795,0.66528,12.849,1,0.65754,0.36288,0,114.609,4.12325,110.191,0.84672,12.849,0.84672,3695.15,0,0.0036966,1.53158e-05,2.7631,1.82045,15.7363,0.916721,19.4031,0.42336,0.0018483,0.21168,0.0018483,0.21168,460.486,0,1.02816,0,0,3.79126,2.7631,1.028160,1,0,131.432,0,0,0,131.432,0
55.788,2.74475,0,0,3.83888,0.284764,0.36288,3.6288,61.308,0.508163,0,0,2.00543,0.192264,1.305,0.66528,12.849,1,0.637266,0.36288,0,115.868,4.12325,111.47,0.84672,12.849,0.84672,3695.15,0,0.0036966,1.532e-05,1.98101,1.82062,13.3283,0.916721,16.2132,0.42336,0.0018483,0.21168,0.0018483,0.21168,460.486,0,1.02816,0,0,3.00917,1.98101,1.028160,1,0,128.988,0,0,0,128.988,0
55.8731,2.74915,0,0,3.44379,0.246619,0.36288,3.6288,61.308,0.508304,0,0,1.33286,0.168199,0.656355,0.66528,12.849,1,0.633179,0.36288,0,97.2899,3.77446,93.2451,0.84672,12.849,0.84672,3695.15,0,0.0036966,1.53242e-05,1.28622,1.82078,11.7671,0.86662,14.0074,0.42336,0.0018483,0.21168,0.0018483,0.21168,460.486,0,1.02816,0,0,2.31438,1.28622,1.028160,1,0,107.909,0,0,0,107.909,0
57.0663,2.75018,0,0,4.54082,0.234563,0.36288,3.6288,61.308,0.508445,0,0,1.88297,0.153128,1.22139,0.66528,12.849,1,0.632452,0.36288,0,112.724,3.52614,108.929,0.84672,12.849,0.84672,3695.15,0,0.0036966,1.53285e-05,2.12286,1.82095,11.9623,0.890331,15.0157,0.42336,0.0018483,0.21168,0.0018483,0.21168,460.486,0,1.02816,0,0,3.15102,2.12286,1.028160,1,0,125.166,0,0,0,125.166,0
58.0591,2.86212,0,0,4.49898,0.281172,0.36288,3.6288,61.308,0.570391,0,0,1.64597,0.160572,0.915009,0.66528,12.849,1,0.644432,0.36288,0,118.35,3.55929,114.509,0.84672,12.849,0.84672,3695.15,0,0.0036966,1.7196e-05,1.74397,1.82112,10.2914,1.04355,12.8129,0.42336,0.0018483,0.21168,0.0018483,0.21168,460.486,0,1.02816,0,0,2.77213,1.74397,1.028160,1,0,128.237,0,0,0,128.237,0
58.4635,2.87141,0,0,3.92253,0.283919,0.36288,3.6288,61.308,0.570537,0,0,1.8422,0.160572,1.11109,0.66528,12.849,1,0.635468,0.36288,0,82.1975,3.55929,78.3656,0.84672,12.849,0.84672,3695.15,0,0.0036966,1.72004e-05,2.02182,1.8922,7.55119,1.04355,10.4216,0.42336,0.0018483,0.21168,0.0018483,0.21168,460.486,0,1.02816,0,0,3.04998,2.02182,1.028160,1,0,89.8984,0,0,0,89.8984,0
58.5839,2.87527,0,0,3.65176,0.293206,0.36288,3.6288,61.308,0.570684,0,0,2.09793,0.15175,1.3755,0.66528,12.849,1,0.631923,0.36288,0,74.4517,3.34302,70.8397,0.84672,12.849,0.84672,3695.15,0,0.0036966,1.72048e-05,2.18773,1.89237,10.3538,1.00243,13.4315,0.42336,0.0018483,0.21168,0.0018483,0.21168,460.486,0,1.02816,0,0,3.21589,2.18773,1.028160,1,0,85.6467,0,0,0,85.6467,0
58.3006,2.8766,0,0,3.21796,0.261752,0.36288,3.6288,61.308,0.57083,0,0,2.17331,0.168049,1.43443,0.66528,12.849,1,0.630915,0.36288,0,69.7965,3.55813,65.9703,0.84672,12.849,0.84672,3695.15,0,0.0036966,1.72092e-05,2.30362,1.89255,8.02462,1.03904,11.1817,0.42336,0.0018483,0.21168,0.0018483,0.21168,460.486,0,1.02816,0,0,3.33178,2.30362,1.028160,1,0,78.5865,0,0,0,78.5865,0
58.5683,2.83474,0,0,3.70551,0.240144,0.36288,3.6288,61.308,0.546963,0,0,1.72645,0.196875,0.982615,0.66528,12.849,1,0.624754,0.36288,0,75.3434,4.1684,70.9131,0.84672,12.849,0.84672,3695.15,0,0.0036966,1.64897e-05,2.40149,1.89272,8.7315,1.10123,11.9245,0.42336,0.0018483,0.21168,0.0018483,0.21168,460.486,0,1.02816,0,0,3.42965,2.40149,1.028160,1,0,83.8202,0,0,0,83.8202,0
58.2598,2.83734,0,0,3.1325,0.240769,0.36288,3.6288,61.308,0.547107,0,0,1.60835,0.196875,0.864371,0.66528,12.849,1,0.622469,0.36288,0,64.1589,4.1684,59.7309,0.84672,12.849,0.84672,3695.15,0,0.0036966,1.64941e-05,2.03995,1.86528,7.19643,1.10123,10.0004,0.42336,0.0018483,0.21168,0.0018483,0.21168,460.486,0,1.02816,0,0,3.06811,2.03995,1.028160,1,0,70.5957,0,0,0,70.5957,0
57.5998,2.8349,0,0,2.77779,0.240049,0.36288,3.6288,61.308,0.547251,0,0,1.44439,0.196875,0.700265,0.66528,12.849,1,0.625227,0.36288,0,55.3065,4.1684,50.8758,0.84672,12.849,0.84672,3695.15,0,0.0036966,1.64984e-05,1.64225,1.86545,6.20647,1.10123,8.61291,0.42336,0.0018483,0.21168,0.0018483,0.21168,460.486,0,1.02816,0,0,2.67041,1.64225,1.028160,1,0,60.189,0,0,0,60.189,0
56.71,2.8293,0,0,2.53324,0.230855,0.36288,3.6288,61.308,0.547395,0,0,1.30315,0.185498,0.570261,0.66528,12.849,1,0.631142,0.36288,0,49.68,3.93248,45.4793,0.84672,12.849,0.84672,3695.15,0,0.0036966,1.65028e-05,1.42963,1.86562,5.72492,1.0414,7.97876,0.42336,0.0018483,0.21168,0.0018483,0.21168,460.486,0,1.02816,0,0,2.45779,1.42963,1.028160,1,0,54.0283,0,0,0,54.0283,0
55.678,2.95532,0,0,2.48071,0.194497,0.36288,3.6288,61.308,0.632728,0,0,1.24777,0.174327,0.440716,0.66528,12.849,1,0.669599,0.36288,0,44.289,3.83203,40.1502,0.84672,12.849,0.84672,3695.15,0,0.0036966,1.90754e-05,1.23934,1.86579,5.14599,0.963116,7.28799,0.42336,0.0018483,0.21168,0.0018483,0.21168,460.486,0,1.02816,0,0,2.2675,1.23934,1.028160,1,0,47.8789,0,0,0,47.8789,0
54.4392,2.94551,0,0,2.25068,0.181098,0.36288,3.6288,61.308,0.63288,0,0,1.15817,0.187283,0.338003,0.66528,12.849,1,0.679745,0.36288,0,37.7176,4.19905,33.2017,0.84672,12.849,0.84672,3695.15,0,0.0036966,1.90799e-05,1.17425,1.96255,4.83023,1.0166,6.95041,0.42336,0.0018483,0.21168,0.0018483,0.21168,460.486,0,1.02816,0,0,2.20241,1.17425,1.028160,1,0,40.4901,0,0,0,40.4901,0
52.9622,2.93326,0,0,1.99797,0.17886,0.36288,3.6288,61.308,0.633032,0,0,0.99614,0.187283,0.175825,0.66528,12.849,1,0.692322,0.36288,0,35.6924,4.19905,31.1639,0.84672,12.849,0.84672,3695.15,0,0.0036966,1.90845e-05,1.02127,1.96273,4.77636,1.0166,6.74375,0.42336,0.0018483,0.21168,0.0018483,0.21168,460.486,0,1.02816,0,0,2.04943,1.02127,1.028160,1,0,38.0834,0,0,0,38.0834,0
51.3493,2.91799,0,0,1.83617,0.16816,0.36288,3.6288,61.308,0.633184,0,0,0.969572,0.197161,0.139227,0.66528,12.849,1,0.707925,0.36288,0,32.7033,4.39469,27.9635,0.84672,12.849,0.84672,3695.15,0,0.0036966,1.90891e-05,1.00241,1.96291,4.64171,1.06998,6.53702,0.42336,0.0018483,0.21168,0.0018483,0.21168,460.486,0,1.02816,0,0,2.03057,1.00241,1.028160,1,0,34.6398,0,0,0,34.6398,0
49.6186,2.90047,0,0,1.67491,0.142237,0.36288,3.6288,61.2459,0.633336,0,0,0.796487,0.225245,0,0.66528,12.849,1,0.725776,0.36288,0,31.0882,4.89798,25.8273,0.84672,12.849,0.84672,3695.15,0,0.0036966,1.90937e-05,0.608515,1.96308,4.07538,1.19531,5.45164,0.42336,0.0018483,0.21168,0.0018483,0.21168,460.486,0,1.02816,0,0,1.63668,0.608515,1.028160,1,0,31.279,0,0,0,31.279,0
47.6679,2.85482,0,0,1.3983,0.131339,0.36288,3.6288,60.9075,0.732145,0,0,0.627324,0.233627,0,0.66528,12.849,1,0.73927,0.36288,0,25.6564,4.93353,20.3465,0.84672,12.849,0.84672,3695.15,0,0.0036966,0.0018483,0.30119,1.96326,3.26556,1.17497,4.35319,0.42336,0.0018483,0.21168,0.0018483,0.21168,460.486,0,0.961295,0,0,1.26249,0.30119,1.028160,1,0,24.6997,0,0,0,24.6997,0
45.6413,2.83125,0,0,1.29609,0.128593,0.36288,3.6288,60.595,0.699788,0,0,0.620464,0.233127,0,0.66528,12.849,1,0.763169,0.36288,0,24.1712,4.93353,18.8374,0.84672,12.849,0.84672,3695.15,0,0.0036966,0.0018483,0.261274,1.99355,3.22101,1.17497,4.29901,0.42336,0.0018483,0.21168,0.0018483,0.21168,460.486,0,0.993652,0,0,1.25493,0.261274,1.028160,1,0,23.1364,0,0,0,23.1364,0
43.6169,2.80506,0,0,1.26935,0.125739,0.36288,3.6288,60.2656,0.69425,0,0,0.597486,0.232666,0,0.66528,12.849,1,0.789684,0.36288,0,22.8112,4.93353,17.4508,0.84672,12.849,0.84672,3695.15,0,0.0036966,0.0018483,0.261274,1.99373,3.23263,1.17497,4.31081,0.42336,0.0018483,0.21168,0.0018483,0.21168,460.486,0,0.99919,0,0,1.26046,0.261274,1.028160,1,0,21.7616,0,0,0,21.7616,0
41.5845,2.777,0,0,1.2206,0.113216,0.36288,3.6288,59.8752,0.718295,0,0,0.570146,0.24219,0,0.66528,12.849,1,0.818068,0.36288,0,21.3556,5.04783,15.8526,0.84672,12.849,0.84672,3695.15,0,0.0036966,0.0018483,0.261274,1.99391,3.14099,1.26243,4.13189,0.42336,0.0018483,0.21168,0.0018483,0.21168,460.486,0,0.975145,0,0,1.23642,0.261274,1.028160,1,0,19.9844,0,0,0,19.9844,0
39.6453,2.6787,0,0,1.19558,0.0931731,0.36288,3.6288,59.4215,0.75419,0,0,0.624566,0.324156,0,0.66528,12.849,1,0.827679,0.36288,0,22.6111,5.91645,16.2299,0.84672,12.849,0.84672,3695.15,0,0.0036966,2.32812e-05,0.261274,1.9941,2.96713,1.53667,3.68581,0.42336,0.0018483,0.21168,0.0018483,0.21168,460.486,0,0.914397,0,0,1.17567,0.261274,1.028160,1,0,19.9157,0,0,0,19.9157,0
37.6887,2.65997,0,0,1.15658,0.0902774,0.36288,3.6288,58.9429,0.755388,0,0,0.611591,0.334726,0,0.66528,12.849,1,0.84672,0.36288,0,21.7293,6.03582,15.2096,0.84672,12.849,0.84672,3695.15,0,0.0036966,2.34963e-05,0.261274,1.94629,3.02759,1.56294,3.67218,0.42336,0.0018483,0.21168,0.0018483,0.21168,460.486,0,0.913352,0,0,1.17463,0.261274,1.028160,1,0,18.8818,0,0,0,18.8818,0
35.6,2.66029,0,0,1.02264,0.088249,0.36288,3.6288,58.3416,0.843371,0,0,0.575744,0.333701,0,0.66528,12.849,1,0.84672,0.36288,0,20.5263,6.03582,14.0066,0.84672,12.849,0.84672,3695.15,0,0.0036966,2.6446e-05,0.227405,1.94646,2.84025,1.56294,3.45116,0.42336,0.0018483,0.21168,0.0018483,0.21168,460.486,0,0.825517,0,0,1.05292,0.227405,1.028160,1,0,17.4578,0,0,0,17.4578,0
33.4213,2.6606,0,0,0.924117,0.0792665,0.36288,3.6288,57.6992,0.874938,0,0,0.570051,0.337496,0,0.66528,12.849,1,0.84672,0.36288,0,19.4576,6.18537,12.7884,0.84672,12.849,0.84672,3695.15,0,0.0036966,2.77186e-05,0.227405,1.94664,2.83395,1.59282,3.41515,0.42336,0.0018483,0.21168,0.0018483,0.21168,460.486,0,0.794102,0,0,1.02151,0.227405,1.028160,1,0,16.2036,0,0,0,16.2036,0
30.7494,2.89517,0,0,0.668657,0.0825329,0.36288,3.6288,56.8249,1.02567,0,0,0.483691,0.332337,0,0.66528,12.849,1,0.84672,0.36288,0,15.7598,6.20991,9.06604,0.84672,12.849,0.84672,3695.15,0,0.0036966,0.0018483,0.227405,1.94682,2.50067,1.51652,3.15652,0.42336,0.0018483,0.21168,0.0018483,0.21168,460.486,0,0.667768,0,0,0.895173,0.227405,1.028160,1,0,12.2226,0,0,0,12.2226,0
27.9127,2.8955,0,0,0.511156,0.0895036,0.36288,3.6288,55.6565,1.19183,0,0,0.354534,0.331096,0,0.66528,12.849,1,0.84672,0.36288,0,11.3319,6.14513,4.70291,0.84672,12.849,0.84672,3695.15,0,0.0036966,0.0018483,0.227405,2.10193,2.19275,1.52319,2.99705,0.42336,0.0018483,0.21168,0.0018483,0.21168,460.486,0,0.501612,0,0,0.729017,0.227405,1.028160,1,0,7.69996,0,0,0,7.69996,0
25.0682,2.89582,0,0,0.500318,0.0861361,0.36288,3.6288,54.4496,1.20979,0,0,0.331481,0.328579,0,0.66528,12.849,1,0.84672,0.36288,0,10.3408,6.14513,3.71182,0.84672,12.849,0.84672,3695.15,0,0.0036966,0.0018483,0.204422,2.10212,2.20084,1.52319,2.98235,0.42336,0.0018483,0.21168,0.0018483,0.21168,460.486,0,0.48365,0,0,0.688072,0.204422,1.028160,1,0,6.69417,0,0,0,6.69417,0
22.4533,2.89614,0,0,0.726878,0.0827595,0.36288,3.6288,53.417,1.08751,0,0,0.380884,0.325979,0,0.66528,12.849,1,0.84672,0.36288,0,11.7774,6.14513,5.14848,0.84672,12.849,0.84672,3695.15,0,0.0036966,0.0018483,0.204422,2.10232,2.44013,1.52319,3.22183,0.42336,0.0018483,0.21168,0.0018483,0.21168,460.486,0,0.605932,0,0,0.810354,0.204422,1.028160,1,0,8.37031,0,0,0,8.37031,0
20.0841,2.89646,0,0,0.989565,0.099358,0.36288,3.6288,52.5961,0.989133,0,0,0.484919,0.316733,0,0.66528,12.849,1,0.84672,0.36288,0,18.9495,5.85001,12.6157,0.84672,12.849,0.84672,3695.15,0,0.0036966,0.0018483,0.204422,2.10251,2.62985,1.47507,3.45987,0.42336,0.0018483,0.21168,0.0018483,0.21168,460.486,0,0.704307,0,0,0.908729,0.204422,1.028160,1,0,16.0755,0,0,0,16.0755,0
17.5192,2.78256,0,0,0.679588,0.0990922,0.36288,3.6288,51.713,0.909438,0,0,0.348867,0.322527,0,0.66528,12.849,1,0.84672,0.36288,0,14.2879,5.0588,8.74525,0.84672,12.849,0.84672,3695.15,0,0.0036966,0.0018483,0.204422,2.1027,1.59654,1.34289,2.55893,0.42336,0.0018483,0.21168,0.0018483,0.21168,460.486,0,0.784002,0,0,0.988425,0.204422,1.028160,1,0,11.3042,0,0,0,11.3042,0
14.8354,2.78285,0,0,0.55748,0.0955662,0.36288,3.6288,50.6552,1.03147,0,0,0.293919,0.320241,0,0.66528,12.849,1,0.84672,0.36288,0,12.6328,5.0588,7.09017,0.84672,12.849,0.84672,3695.15,0,0.0036966,0.0018483,0.216518,2.01406,1.46585,1.34289,2.3517,0.42336,0.0018483,0.21168,0.0018483,0.21168,460.486,0,0.661971,0,0,0.878489,0.216518,1.028160,1,0,9.44187,0,0,0,9.44187,0
12.3308,2.78313,0,0,0.732553,0.0911179,0.36288,3.6288,49.8216,0.885565,0,0,0.369513,0.317503,0,0.66528,12.849,1,0.84672,0.36288,0,14.5444,5.0588,9.00177,0.84672,12.849,0.84672,3695.15,0,0.0036966,0.0018483,0.216518,2.01425,2.28562,1.34289,3.17165,0.42336,0.0018483,0.21168,0.0018483,0.21168,460.486,0,0.807875,0,0,1.02439,0.216518,1.028160,1,0,12.1734,0,0,0,12.1734,0
10.1628,2.78339,0,0,1.06455,0.0862922,0.36288,3.6288,49.2444,0.719859,0,0,0.457962,0.315346,0,0.66528,12.849,1,0.84672,0.36288,0,20.1359,5.0588,14.5932,0.84672,12.849,0.84672,3695.15,0,0.0036966,0.0018483,0.216518,2.01443,4.15402,1.34289,5.04023,0.42336,0.0018483,0.21168,0.0018483,0.21168,460.486,0,0.973581,0,0,1.1901,0.216518,1.028160,1,0,19.6335,0,0,0,19.6335,0
8.08541,2.68986,0,0,1.1005,0.125132,0.36288,3.6288,48.7142,0.740313,0,0,0.45751,0.247421,0,0.66528,12.849,1,0.84672,0.36288,0,18.2358,4.47631,13.2757,0.84672,12.849,0.84672,3695.15,0,0.0036966,2.77863e-05,0.216518,2.01462,2.40451,1.16714,3.46847,0.42336,0.0018483,0.21168,0.0018483,0.21168,460.486,0,0.907321,0,0,1.12384,0.216518,1.028160,1,0,16.7442,0,0,0,16.7442,0
5.63778,2.69006,0,0,0.719381,0.114078,0.36288,3.6288,47.8536,0.950908,0,0,0.337245,0.246921,0,0.66528,12.849,1,0.84672,0.36288,0,11.6954,4.71376,6.49776,0.84672,12.849,0.84672,3695.15,0,0.0036966,3.60791e-05,0.216518,1.93583,3.27103,1.21891,4.20444,0.42336,0.0018483,0.21168,0.0018483,0.21168,460.486,0,0.696868,0,0,0.913386,0.216518,1.028160,1,0,10.7022,0,0,0,10.7022,0
3.46623,2.69011,0,0,0.993747,0.112307,0.36288,3.6288,47.3129,0.747283,0,0,0.447368,0.240764,0,0.66528,12.849,1,0.84672,0.36288,0,19.982,4.57078,14.9274,0.84672,12.849,0.84672,3695.15,0,0.0036966,2.88631e-05,0.292723,1.93601,3.13202,1.19814,4.16258,0.42336,0.0018483,0.21168,0.0018483,0.21168,460.486,0,0.900651,0,0,1.19337,0.292723,1.028160,1,0,19.0899,0,0,0,19.0899,0
2.50633,2.68988,0,0,2.21238,0.119504,0.36288,3.6288,47.3765,0.619929,0,0,0.91223,0.228736,0,0.66528,12.849,1,0.84672,0.36288,0,24.2374,4.21334,19.5403,0.84672,12.849,0.84672,3695.15,0,0.0036966,2.42178e-05,0.684288,1.93618,5.7561,1.14623,7.23032,0.42336,0.0018483,0.21168,0.0018483,0.21168,460.486,0,1.02816,0,0,1.71245,0.684288,1.028160,1,0,26.7706,0,0,0,26.7706,0
1.29158,2.50633,0,0,1.77035,0.115893,0.36288,3.6288,47.0886,0.527643,0,0,0.453463,0.213711,0,0.66528,12.849,1,0.84672,0.36288,0,24.1077,4.0776,19.5462,0.84672,12.849,0.84672,3695.15,0,0.0036966,2.0585e-05,0.650843,1.93636,4.1158,1.00975,5.69324,0.42336,0.0018483,0.21168,0.0018483,0.21168,460.486,0,1.02816,0,0,1.679,0.650843,1.028160,1,0,25.2395,0,0,0,25.2395,0
1.46236,1.29158,0,0,1.93236,0.107121,0.36288,3.6288,46.7147,0.527785,0,0,0.337919,0.184003,0,0.66528,12.849,1,0.84672,0.36288,0,25.8075,4.06935,21.2543,0.84672,12.849,0.84672,3695.15,0,0.0036966,2.07164e-05,0.539827,1.84542,4.74024,0.881746,6.24372,0.42336,0.0018483,0.21168,0.0018483,0.21168,460.486,0,1.02816,0,0,1.56799,0.539827,1.028160,1,0,27.498,0,0,0,27.498,0
1.95531,1.46236,0,0,2.42778,0.109588,0.36288,3.6288,46.0651,0.776499,0,0,0.30064,0.173767,0,0.66528,12.849,1,0.84672,0.36288,0,33.1353,4.07442,28.577,0.84672,12.849,0.84672,3695.15,0,0.0036966,3.07227e-05,0.412474,1.84559,4.16688,0.913325,5.51159,0.42336,0.0018483,0.21168,0.0018483,0.21168,460.486,0,0.779579,0,0,1.19205,0.412474,1.028160,1,0,34.0886,0,0,0,34.0886,0
2.53741,1.95531,0,0,3.01208,0.11179,0.36288,3.6288,45.4628,0.972338,0,0,0.542832,0.172728,0,0.66528,12.849,1,0.84672,0.36288,0,41.1513,4.07442,36.593,0.84672,12.849,0.84672,3695.15,0,0.0036966,3.90137e-05,0.412474,1.84576,3.96784,0.913325,5.31271,0.42336,0.0018483,0.21168,0.0018483,0.21168,460.486,0,0.583874,0,0,0.996348,0.412474,1.028160,1,0,41.9057,0,0,0,41.9057,0
2.35283,2.53741,0,0,2.8301,0.114391,0.36288,3.6288,45.6529,0.528211,0,0,0.890004,0.171764,0,0.66528,12.849,1,0.84672,0.36288,0,38.7505,4.07442,34.1922,0.84672,12.849,0.84672,3695.15,0,0.0036966,2.14745e-05,0.54699,1.84593,5.31065,0.913325,6.79022,0.42336,0.0018483,0.21168,0.0018483,0.21168,460.486,0,1.02816,0,0,1.57515,0.54699,1.028160,1,0,40.9825,0,0,0,40.9825,0
1.61718,2.35283,0,0,2.08179,0.101732,0.36288,3.6288,45.6892,0.578672,0,0,0.800695,0.185671,0,0.66528,12.849,1,0.84672,0.36288,0,36.0524,4.53556,31.033,0.84672,12.849,0.84672,3695.15,0,0.0036966,2.34281e-05,0.457194,1.84609,2.99551,1.07113,4.22764,0.42336,0.0018483,0.21168,0.0018483,0.21168,460.486,0,1.02816,0,0,1.48535,0.457194,1.028160,1,0,35.2606,0,0,0,35.2606,0
1.70652,1.61718,0,0,2.17497,0.105569,0.36288,3.6288,45.481,0.728936,0,0,0.708117,0.187429,0,0.66528,12.849,1,0.84672,0.36288,0,38.2302,4.33682,33.4095,0.84672,12.849,0.84672,3695.15,0,0.0036966,2.94882e-05,0.412474,1.9053,3.39287,1.02942,4.68119,0.42336,0.0018483,0.21168,0.0018483,0.21168,460.486,0,0.878023,0,0,1.2905,0.412474,1.028160,1,0,38.0907,0,0,0,38.0907,0
2.75751,1.70652,0,0,3.22634,0.105951,0.36288,3.6288,45.525,0.582176,0,0,0.813214,0.187066,0,0.66528,12.849,1,0.84672,0.36288,0,60.9408,4.33682,56.1201,0.84672,12.849,0.84672,3695.15,0,0.0036966,2.36591e-05,0.503194,1.90546,4.36287,1.02942,5.74208,0.42336,0.0018483,0.21168,0.0018483,0.21168,460.486,0,1.02492,0,0,1.52811,0.503194,1.028160,1,0,61.8622,0,0,0,61.8622,0
1.81175,2.69474,0,0,2.22231,0.110445,0.36288,3.6288,45.2347,0.818145,0,0,0.715064,0.187143,0,0.66528,12.849,1,0.84672,0.36288,0,39.1196,4.33682,34.2989,0.84672,12.849,0.84672,3695.15,0,0.0036966,3.32165e-05,0.503194,1.90562,3.44758,1.02942,4.82694,0.42336,0.0018483,0.21168,0.0018483,0.21168,460.486,0,0.789074,0,0,1.29227,0.503194,1.028160,1,0,39.1259,0,0,0,39.1259,0
2.11576,1.81175,0,0,2.58157,0.102934,0.36288,3.6288,44.7321,0.955059,0,0,0.646381,0.193945,0,0.66528,12.849,1,0.84672,0.36288,0,44.4308,4.39736,39.5496,0.84672,12.849,0.84672,3695.15,0,0.0036966,0.0018483,0.503194,1.90577,3.64485,1.07848,4.97349,0.42336,0.0018483,0.21168,0.0018483,0.21168,460.486,0,0.738381,0,0,1.24157,0.503194,1.028160,1,0,44.5231,0,0,0,44.5231,0
3.09847,2.11576,0,0,3.5635,0.102153,0.36288,3.6288,44.7457,0.66528,0,0,0.885931,0.207077,0,0.66528,12.849,1,0.84672,0.36288,0,69.5289,4.36359,64.6815,0.84672,12.849,0.84672,3695.15,0,0.0036966,0.0018483,0.845977,2.01723,5.07673,1.09762,6.84047,0.42336,0.0018483,0.21168,0.0018483,0.21168,460.486,0,1.02816,0,0,1.87414,0.845977,1.028160,1,0,71.522,0,0,0,71.522,0
3.3736,2.85859,0,0,3.60274,0.106139,0.36288,3.6288,44.6963,0.66528,0,0,0.823055,0.207104,0,0.66528,12.849,1,0.84672,0.36288,0,67.8472,4.36359,62.9997,0.84672,12.849,0.84672,3695.15,0,0.0036966,0.0018483,1.05955,2.0174,3.55786,1.09762,5.53534,0.42336,0.0018483,0.21168,0.0018483,0.21168,460.486,0,1.02816,0,0,2.08771,1.05955,1.028160,1,0,68.5351,0,0,0,68.5351,0
2.52607,2.85903,0,0,2.48164,0.107255,0.36288,3.6288,44.1908,0.819487,0,0,0.520922,0.207008,0,0.66528,12.849,1,0.84672,0.36288,0,46.7257,4.36359,41.8783,0.84672,12.849,0.84672,3695.15,0,0.0036966,0.0018483,0.608429,2.01757,3.38016,1.09762,4.90668,0.42336,0.0018483,0.21168,0.0018483,0.21168,460.486,0,0.873953,0,0,1.48238,0.608429,1.028160,1,0,46.785,0,0,0,46.785,0
1.99707,2.46897,0,0,2.41238,0.109539,0.36288,3.6288,44.0383,0.478808,0,0,0.519895,0.193569,0,0.66528,12.849,1,0.84672,0.36288,0,51.4123,3.95382,46.9747,0.84672,12.849,0.84672,3695.15,0,0.0036966,2.00264e-05,1.25272,2.01773,5.48645,1.02759,7.72929,0.42336,0.0018483,0.21168,0.0018483,0.21168,460.486,0,1.02816,0,0,2.28088,1.25272,1.028160,1,0,54.704,0,0,0,54.704,0
2.24739,1.99707,0,0,2.72696,0.116691,0.36288,3.6288,44.2001,0.478932,0,0,0.821032,0.180294,0,0.66528,12.849,1,0.84672,0.36288,0,60.5382,3.61946,56.4349,0.84672,12.849,0.84672,3695.15,0,0.0036966,2.01009e-05,1.33357,1.786,6.48304,0.946255,8.65633,0.42336,0.0018483,0.21168,0.0018483,0.21168,460.486,0,1.02816,0,0,2.36173,1.33357,1.028160,1,0,65.0913,0,0,0,65.0913,0
3.52008,2.24739,0,0,4.00082,0.117856,0.36288,3.6288,44.8751,0.479056,0,0,1.33459,0.18057,0,0.66528,12.849,1,0.84672,0.36288,0,73.9925,3.61946,69.8892,0.84672,12.849,0.84672,3695.15,0,0.0036966,2.00325e-05,2.58322,1.78614,7.87251,0.946255,11.2956,0.42336,0.0018483,0.21168,0.0018483,0.21168,460.486,0,1.02816,0,0,3.61138,2.58322,1.028160,1,0,81.1848,0,0,0,81.1848,0
5.1639,2.4703,0,0,4.60077,0.123781,0.36288,3.6288,45.6471,0.47918,0,0,1.43289,0.181718,0,0.66528,12.849,1,0.84672,0.36288,0,62.3594,3.61946,58.2561,0.84672,12.849,0.84672,3695.15,0,0.0036966,1.97363e-05,2.36607,1.78629,6.81418,0.946255,10.0203,0.42336,0.0018483,0.21168,0.0018483,0.21168,460.486,0,1.02816,0,0,3.39423,2.36607,1.028160,1,0,68.2763,0,0,0,68.2763,0
6.36881,2.47098,0,0,4.16733,0.12856,0.36288,3.6288,46.2725,0.479304,0,0,1.27652,0.171768,0,0.66528,12.849,1,0.84672,0.36288,0,62.6181,3.67956,58.4547,0.84672,12.849,0.84672,3695.15,0,0.0036966,1.94076e-05,2.40537,1.78644,7.23193,0.938201,10.4855,0.42336,0.0018483,0.21168,0.0018483,0.21168,460.486,0,1.02816,0,0,3.43353,2.40537,1.028160,1,0,68.9403,0,0,0,68.9403,0
8.05754,2.59265,0,0,4.74732,0.103061,0.36288,3.6288,46.638,0.540061,0,0,1.06135,0.15579,0,0.66528,12.849,1,0.84672,0.36288,0,94.1734,3.65679,90.0328,0.84672,12.849,0.84672,3695.15,0,0.0036966,2.15721e-05,1.62697,1.78658,6.50506,0.981526,8.93707,0.42336,0.0018483,0.21168,0.0018483,0.21168,460.486,0,1.02816,0,0,2.65513,1.62697,1.028160,1,0,98.9698,0,0,0,98.9698,0
8.30673,2.59309,0,0,3.31219,0.10703,0.36288,3.6288,46.7897,0.54019,0,0,0.847714,0.15582,0,0.66528,12.849,1,0.84672,0.36288,0,58.5572,3.61641,54.4569,0.84672,12.849,0.84672,3695.15,0,0.0036966,2.14081e-05,1.14696,1.8563,5.73236,0.981223,7.75437,0.42336,0.0018483,0.21168,0.0018483,0.21168,460.486,0,1.02816,0,0,2.17512,1.14696,1.028160,1,0,62.2113,0,0,0,62.2113,0
8.69227,2.59339,0,0,3.44965,0.107835,0.36288,3.6288,46.9161,0.540319,0,0,0.822727,0.156032,0,0.66528,12.849,1,0.84672,0.36288,0,76.4398,3.61641,72.3396,0.84672,12.849,0.84672,3695.15,0,0.0036966,2.13438e-05,1.09629,1.85646,5.46532,0.981223,7.43682,0.42336,0.0018483,0.21168,0.0018483,0.21168,460.486,0,1.02816,0,0,2.12445,1.09629,1.028160,1,0,79.7764,0,0,0,79.7764,0
8.42495,2.5937,0,0,2.79834,0.109082,0.36288,3.6288,46.8807,0.540448,0,0,0.661275,0.156198,0,0.66528,12.849,1,0.84672,0.36288,0,51.4484,3.61641,47.3482,0.84672,12.849,0.84672,3695.15,0,0.0036966,2.12914e-05,1.19998,1.85661,4.39684,0.981223,6.47218,0.42336,0.0018483,0.21168,0.0018483,0.21168,460.486,0,1.02816,0,0,2.22814,1.19998,1.028160,1,0,53.8204,0,0,0,53.8204,0
7.74867,2.54655,0,0,2.30993,0.0767829,0.36288,3.6288,46.6719,0.51702,0,0,0.48731,0.179117,0,0.66528,12.849,1,0.84672,0.36288,0,41.9678,4.19037,37.2936,0.84672,12.849,0.84672,3695.15,0,0.0036966,2.03838e-05,0.548312,1.85676,3.12836,1.00638,4.52704,0.42336,0.0018483,0.21168,0.0018483,0.21168,460.486,0,1.02816,0,0,1.57647,0.548312,1.028160,1,0,41.8207,0,0,0,41.8207,0
6.98515,2.46512,0,0,2.12742,0.0629474,0.36288,3.6288,46.4948,0.49355,0,0,0.505963,0.189468,0,0.66528,12.849,1,0.84672,0.36288,0,39.5607,4.3533,34.7236,0.84672,12.849,0.84672,3695.15,0,0.0036966,1.95456e-05,0.528595,1.82982,3.28946,1.01459,4.63328,0.42336,0.0018483,0.21168,0.0018483,0.21168,460.486,0,1.01457,0,0,1.54316,0.528595,1.028160,1,0,39.3569,0,0,0,39.3569,0
6.07397,2.46532,0,0,1.97851,0.0614815,0.36288,3.6288,46.1345,0.639313,0,0,0.46817,0.189159,0,0.66528,12.849,1,0.84672,0.36288,0,36.1867,4.3533,31.3495,0.84672,12.849,0.84672,3695.15,0,0.0036966,2.54145e-05,0.528595,1.78594,3.03731,1.01459,4.33722,0.42336,0.0018483,0.21168,0.0018483,0.21168,460.486,0,0.868925,0,0,1.39752,0.528595,1.028160,1,0,35.6867,0,0,0,35.6867,0
5.20613,2.4655,0,0,2.01998,0.0594421,0.36288,3.6288,45.8515,0.577015,0,0,0.473199,0.179166,0,0.66528,12.849,1,0.84672,0.36288,0,36.8634,4.04424,32.3353,0.84672,12.849,0.84672,3695.15,0,0.0036966,2.31171e-05,0.402797,1.78608,2.87042,1.02836,4.03092,0.42336,0.0018483,0.21168,0.0018483,0.21168,460.486,0,0.931349,0,0,1.33415,0.402797,1.028160,1,0,36.3663,0,0,0,36.3663,0
3.8197,2.7083,0,0,1.72397,0.0392068,0.36288,3.6288,45.3578,0.739207,0,0,0.417856,0.172425,0,0.66528,12.849,1,0.84672,0.36288,0,29.2639,4.08288,24.6972,0.84672,12.849,0.84672,3695.15,0,0.0036966,2.97978e-05,0.402797,1.78623,2.52232,0.959708,3.75161,0.42336,0.0018483,0.21168,0.0018483,0.21168,460.486,0,0.890041,0,0,1.29284,0.402797,1.028160,1,0,28.4488,0,0,0,28.4488,0
2.23167,2.62271,0,0,1.43902,0.0414649,0.36288,3.6288,44.7809,0.816212,0,0,0.404374,0.16505,0,0.66528,12.849,1,0.84672,0.36288,0,22.815,4.17816,18.153,0.84672,12.849,0.84672,3695.15,0,0.0036966,3.32601e-05,0.402797,1.92517,2.18176,0.937289,3.5724,0.42336,0.0018483,0.21168,0.0018483,0.21168,460.486,0,0.773954,0,0,1.17675,0.402797,1.028160,1,0,21.7254,0,0,0,21.7254,0
0.853755,2.23167,0,0,1.25565,0.0390159,0.36288,3.6288,44.2029,0.785672,0,0,0.371808,0.164162,0,0.66528,12.849,1,0.84672,0.36288,0,21.5189,4.17816,16.8569,0.84672,12.849,0.84672,3695.15,0,0.0036966,3.24281e-05,0.402797,1.879,2.23798,0.937289,3.58245,0.42336,0.0018483,0.21168,0.0018483,0.21168,460.486,0,0.804626,0,0,1.20742,0.402797,1.028160,1,0,20.4393,0,0,0,20.4393,0
0.743975,0.853755,0,0,1.14375,0.036891,0.36288,3.6288,43.5931,0.781551,0,0,0.335084,0.163273,0,0.66528,12.849,1,0.84672,0.36288,0,19.6976,4.17816,15.0356,0.84672,12.849,0.84672,3695.15,0,0.0036966,3.26798e-05,0.30119,1.87915,2.12884,0.937289,3.37185,0.42336,0.0018483,0.21168,0.0018483,0.21168,460.486,0,0.808877,0,0,1.11007,0.30119,1.028160,1,0,18.4075,0,0,0,18.4075,0
0.774865,0.743975,0,0,1.16465,0.0269012,0.36288,3.6288,42.8447,0.883163,0,0,0.326943,0.192235,0,0.66528,12.849,1,0.84672,0.36288,0,20.943,4.77678,15.6824,0.84672,12.849,0.84672,3695.15,0,0.0036966,3.74451e-05,0.30119,1.87931,2.07585,1.10796,3.14834,0.42336,0.0018483,0.21168,0.0018483,0.21168,460.486,0,0.707391,0,0,1.00858,0.30119,1.028160,1,0,18.8307,0,0,0,18.8307,0
1.17557,0.774865,0,0,1.57423,0.0357744,0.36288,3.6288,42.501,0.65393,0,0,0.499433,0.189196,0,0.66528,12.849,1,0.84672,0.36288,0,31.4321,4.26027,26.688,0.84672,12.849,0.84672,3695.15,0,0.0036966,2.82103e-05,0.30119,1.87946,2.34775,1.01092,3.51745,0.42336,0.0018483,0.21168,0.0018483,0.21168,460.486,0,0.981608,0,0,1.2828,0.30119,1.028160,1,0,30.2055,0,0,0,30.2055,0
1.03946,1.17557,0,0,1.43872,0.0363756,0.36288,3.6288,41.9389,0.840568,0,0,0.467046,0.188576,0,0.66528,12.849,1,0.84672,0.36288,0,29.5645,4.26027,24.8204,0.84672,12.849,0.84672,3695.15,0,0.0036966,3.6555e-05,0.30119,1.90843,2.2341,1.01092,3.43276,0.42336,0.0018483,0.21168,0.0018483,0.21168,460.486,0,0.795096,0,0,1.09629,0.30119,1.028160,1,0,28.2532,0,0,0,28.2532,0
0.930433,1.03946,0,0,1.32294,0.0296262,0.36288,3.6288,41.3561,0.800061,0,0,0.44259,0.225264,0,0.66528,12.849,1,0.84672,0.36288,0,26.4705,4.82487,21.1617,0.84672,12.849,0.84672,3695.15,0,0.0036966,3.52597e-05,0.261274,1.90859,2.12716,1.21701,3.07998,0.42336,0.0018483,0.21168,0.0018483,0.21168,460.486,0,0.835739,0,0,1.09701,0.261274,1.028160,1,0,24.2417,0,0,0,24.2417,0
0.852916,0.930433,0,0,1.2404,0.0246056,0.36288,3.6288,40.6922,0.827211,0,0,0.415444,0.252119,0,0.66528,12.849,1,0.84672,0.36288,0,23.7908,5.24832,18.0587,0.84672,12.849,0.84672,3695.15,0,0.0036966,3.697e-05,0.261274,1.90875,2.04972,1.37158,2.84813,0.42336,0.0018483,0.21168,0.0018483,0.21168,460.486,0,0.808721,0,0,1.06999,0.261274,1.028160,1,0,20.9068,0,0,0,20.9068,0
0.840353,0.852916,0,0,1.22799,0.0247528,0.36288,3.6288,39.8979,0.939118,0,0,0.407979,0.263188,0,0.66528,12.849,1,0.84672,0.36288,0,25.1736,5.31867,19.3711,0.84672,12.849,0.84672,3695.15,0,0.0036966,4.26561e-05,0.261274,1.9089,1.89594,1.42524,2.64083,0.42336,0.0018483,0.21168,0.0018483,0.21168,460.486,0,0.736923,0,0,0.998196,0.261274,1.028160,1,0,22.0119,0,0,0,22.0119,0
0.855706,0.840353,0,0,1.24342,0.0248305,0.36288,3.6288,39.1119,0.930822,0,0,0.411035,0.266206,0,0.66528,12.849,1,0.84672,0.36288,0,24.1467,5.34681,18.3161,0.84672,12.849,0.84672,3695.15,0,0.0036966,4.3121e-05,0.261274,1.955,1.8654,1.4467,2.63493,0.42336,0.0018483,0.21168,0.0018483,0.21168,460.486,0,0.745356,0,0,1.00663,0.261274,1.028160,1,0,20.951,0,0,0,20.951,0
0.712854,0.855706,0,0,1.10058,0.0248464,0.36288,3.6288,38.2511,0.982373,0,0,0.385794,0.264237,0,0.66528,12.849,1,0.84672,0.36288,0,22.794,5.34681,16.9634,0.84672,12.849,0.84672,3695.15,0,0.0036966,4.64237e-05,0.261274,1.95516,1.86645,1.4467,2.63613,0.42336,0.0018483,0.21168,0.0018483,0.21168,460.486,0,0.693939,0,0,0.955212,0.261274,1.028160,1,0,19.5995,0,0,0,19.5995,0
0.618662,0.712854,0,0,1.00624,0.024698,0.36288,3.6288,37.338,1.02375,0,0,0.372672,0.262081,0,0.66528,12.849,1,0.84672,0.36288,0,21.4063,5.34681,15.5756,0.84672,12.849,0.84672,3695.15,0,0.0036966,4.94676e-05,0.227405,1.95532,1.77833,1.4467,2.5143,0.42336,0.0018483,0.21168,0.0018483,0.21168,460.486,0,0.6527,0,0,0.880105,0.227405,1.028160,1,0,18.0899,0,0,0,18.0899,0
0.485152,0.618662,0,0,0.874152,0.0261201,0.36288,3.6288,36.4122,1.04853,0,0,0.380345,0.2576,0,0.66528,12.849,1,0.84672,0.36288,0,19.4032,5.46551,13.4538,0.84672,12.849,0.84672,3695.15,0,0.0036966,0.0018483,0.227405,1.95548,1.71553,1.4349,2.46167,0.42336,0.0018483,0.21168,0.0018483,0.21168,460.486,0,0.644907,0,0,0.872312,0.227405,1.028160,1,0,15.9155,0,0,0,15.9155,0
0.3625,0.485152,0,0,0.772416,0.047036,0.36288,3.6288,35.4665,1.09939,0,0,0.381396,0.227705,0,0.66528,12.849,1,0.84672,0.36288,0,16.5362,4.97711,11.0752,0.84672,12.849,0.84672,3695.15,0,0.0036966,0.0018483,0.227405,2.11127,1.49685,1.24852,2.58515,0.42336,0.0018483,0.21168,0.0018483,0.21168,460.486,0,0.594052,0,0,0.821457,0.227405,1.028160,1,0,13.6604,0,0,0,13.6604,0
0.521738,0.3625,0,0,0.931409,0.0467911,0.36288,3.6288,34.5972,1.03441,0,0,0.390703,0.22561,0,0.66528,12.849,1,0.84672,0.36288,0,16.4528,4.97711,10.9919,0.84672,12.849,0.84672,3695.15,0,0.0036966,0.0018483,0.227405,2.11144,2.15998,1.24852,3.24846,0.42336,0.0018483,0.21168,0.0018483,0.21168,460.486,0,0.659033,0,0,0.886438,0.227405,1.028160,1,0,14.2403,0,0,0,14.2403,0
0.407631,0.521738,0,0,0.81762,0.0471091,0.36288,3.6288,33.7252,1.03994,0,0,0.391657,0.223684,0,0.66528,12.849,1,0.84672,0.36288,0,15.525,4.97711,10.064,0.84672,12.849,0.84672,3695.15,0,0.0036966,0.0018483,0.204422,2.11161,1.58785,1.24852,2.65352,0.42336,0.0018483,0.21168,0.0018483,0.21168,460.486,0,0.653504,0,0,0.857926,0.204422,1.028160,1,0,12.7175,0,0,0,12.7175,0
0.236482,0.407631,0,0,0.651283,0.0519215,0.36288,3.6288,32.7273,1.11591,0,0,0.339992,0.221931,0,0.66528,12.849,1,0.84672,0.36288,0,14.7985,5.04371,9.27096,0.84672,12.849,0.84672,3695.15,0,0.0036966,0.0018483,0.204422,2.11179,1.41094,1.23548,2.48982,0.42336,0.0018483,0.21168,0.0018483,0.21168,460.486,0,0.577532,0,0,0.781955,0.204422,1.028160,1,0,11.7608,0,0,0,11.7608,0
0.254189,0.236482,0,0,0.686716,0.0696471,0.36288,3.6288,31.9836,0.888278,0,0,0.35967,0.215164,0,0.66528,12.849,1,0.84672,0.36288,0,12.8675,5.25546,7.12817,0.84672,12.849,0.84672,3695.15,0,0.0036966,0.0018483,0.204422,2.11196,1.28155,1.19812,2.39797,0.42336,0.0018483,0.21168,0.0018483,0.21168,460.486,0,0.805162,0,0,1.00958,0.204422,1.028160,1,0,9.52613,0,0,0,9.52613,0
0.126056,0.254189,0,0,0.558636,0.0697,0.36288,3.6288,30.9566,1.10957,0,0,0.296034,0.213431,0,0.66528,12.849,1,0.84672,0.36288,0,11.8161,5.25546,6.07676,0.84672,12.849,0.84672,3695.15,0,0.0036966,0.0018483,0.204422,2.02291,1.15793,1.19812,2.1853,0.42336,0.0018483,0.21168,0.0018483,0.21168,460.486,0,0.583865,0,0,0.788288,0.204422,1.028160,1,0,8.26206,0,0,0,8.26206,0
0.464819,0.126056,0,0,0.922983,0.0952835,0.36288,3.6288,30.3325,0.907995,0,0,0.448282,0.164344,0,0.66528,12.849,1,0.84672,0.36288,0,16.8223,4.42494,11.9135,0.84672,12.849,0.84672,3695.15,0,0.0036966,0.0018483,0.216518,2.02308,1.53401,0.938531,2.83323,0.42336,0.0018483,0.21168,0.0018483,0.21168,460.486,0,0.785445,0,0,1.00196,0.216518,1.028160,1,0,14.7467,0,0,0,14.7467,0
1.57947,0.464819,0,0,2.05878,0.116434,0.36288,3.6288,30.2519,0.66528,0,0,0.713038,0.128432,0,0.66528,12.849,1,0.84672,0.36288,0,42.9861,3.80205,38.7002,0.84672,12.849,0.84672,3695.15,0,0.0036966,0.0018483,0.363701,2.02325,3.27909,0.743838,4.92035,0.42336,0.0018483,0.21168,0.0018483,0.21168,460.486,0,1.02816,0,0,1.39186,0.363701,1.028160,1,0,43.6205,0,0,0,43.6205,0
0.312671,1.57947,0,0,0.786421,0.11087,0.36288,3.6288,29.5213,0.935252,0,0,0.376417,0.171716,0,0.66528,12.849,1,0.84672,0.36288,0,22.0558,4.36875,17.2033,0.84672,12.849,0.84672,3695.15,0,0.0036966,5.71412e-05,0.216518,2.02341,1.42907,0.949166,2.71978,0.42336,0.0018483,0.21168,0.0018483,0.21168,460.486,0,0.719531,0,0,0.936049,0.216518,1.028160,1,0,19.923,0,0,0,19.923,0
0.14012,0.312671,0,0,0.600288,0.0972885,0.36288,3.6288,28.876,0.861597,0,0,0.418858,0.202605,0,0.66528,12.849,1,0.84672,0.36288,0,24.4357,4.79378,19.1581,0.84672,12.849,0.84672,3695.15,0,0.0036966,5.39437e-05,0.216518,1.94426,2.74584,1.10316,3.80341,0.42336,0.0018483,0.21168,0.0018483,0.21168,460.486,0,0.793325,0,0,1.00984,0.216518,1.028160,1,0,22.9615,0,0,0,22.9615,0
0.381065,0.14012,0,0,0.848612,0.104667,0.36288,3.6288,28.584,0.626912,0,0,0.53057,0.195671,0,0.66528,12.849,1,0.84672,0.36288,0,38.8566,4.5793,33.7934,0.84672,12.849,0.84672,3695.15,0,0.0036966,4.01275e-05,0.222851,1.94442,2.53006,1.07201,3.62528,0.42336,0.0018483,0.21168,0.0018483,0.21168,460.486,0,1.02816,0,0,1.25101,0.222851,1.028160,1,0,37.4187,0,0,0,37.4187,0
1.36459,0.381065,0,0,1.84413,0.116661,0.36288,3.6288,28.8292,0.627047,0,0,1.06,0.18776,0,0.66528,12.849,1,0.84672,0.36288,0,45.0226,4.29334,40.2454,0.84672,12.849,0.84672,3695.15,0,0.0036966,4.05462e-05,0.772114,1.94458,4.61216,1.03048,6.29834,0.42336,0.0018483,0.21168,0.0018483,0.21168,460.486,0,1.02816,0,0,1.80027,0.772114,1.028160,1,0,46.5438,0,0,0,46.5438,0
1.05764,1.36459,0,0,1.53755,0.117025,0.36288,3.6288,28.6564,0.53435,0,0,0.546385,0.184772,0,0.66528,12.849,1,0.84672,0.36288,0,45.7945,4.39397,40.9167,0.84672,12.849,0.84672,3695.15,0,0.0036966,3.42583e-05,0.418781,1.94474,2.85865,1.0616,4.16053,0.42336,0.0018483,0.21168,0.0018483,0.21168,460.486,0,1.02816,0,0,1.44694,0.418781,1.028160,1,0,45.0772,0,0,0,45.0772,0
2.30411,1.05764,0,0,2.77137,0.104376,0.36288,3.6288,29.0447,0.534478,0,0,1.09841,0.175652,0,0.66528,12.849,1,0.84672,0.36288,0,50.1591,4.64551,45.0297,0.84672,12.849,0.84672,3695.15,0,0.0036966,3.44731e-05,1.83284,1.85339,6.15188,1.13941,8.69866,0.42336,0.0018483,0.21168,0.0018483,0.21168,460.486,0,1.02816,0,0,2.861,1.83284,1.028160,1,0,53.7284,0,0,0,53.7284,0
1.4198,2.30411,0,0,1.89245,0.109768,0.36288,3.6288,28.9324,0.534607,0,0,0.598761,0.176425,0,0.66528,12.849,1,0.84672,0.36288,0,46.8333,4.64551,41.7039,0.84672,12.849,0.84672,3695.15,0,0.0036966,3.40204e-05,0.794785,1.85354,3.9922,1.13941,5.50108,0.42336,0.0018483,0.21168,0.0018483,0.21168,460.486,0,1.02816,0,0,1.82294,0.794785,1.028160,1,0,47.205,0,0,0,47.205,0
1.98805,1.4198,0,0,2.45639,0.105453,0.36288,3.6288,29.1163,0.534735,0,0,0.892532,0.173877,0,0.66528,12.849,1,0.84672,0.36288,0,50.0496,4.53683,45.029,0.84672,12.849,0.84672,3695.15,0,0.0036966,3.41606e-05,1.28087,1.85369,5.44552,1.11495,7.4651,0.42336,0.0018483,0.21168,0.0018483,0.21168,460.486,0,1.02816,0,0,2.30903,1.28087,1.028160,1,0,52.494,0,0,0,52.494,0
1.62356,1.98805,0,0,2.09072,0.104283,0.36288,3.6288,29.5278,0.534863,0,0,1.11021,0.163907,0,0.66528,12.849,1,0.84672,0.36288,0,95.5195,4.05035,90.9853,0.84672,12.849,0.84672,3695.15,0,0.0036966,3.3953e-05,0.541002,1.85385,5.63174,1.00656,7.02,0.42336,0.0018483,0.21168,0.0018483,0.21168,460.486,0,1.02816,0,0,1.56916,0.541002,1.028160,1,0,98.0053,0,0,0,98.0053,0
4.43689,1.62356,0,0,4.91959,0.119818,0.36288,3.6288,30.353,0.585525,0,0,1.57123,0.160509,0,0.66528,12.849,1,0.84672,0.36288,0,115.906,4.39216,111.03,0.84672,12.849,0.84672,3695.15,0,0.0036966,3.66511e-05,1.11084,1.854,6.77141,1.26176,8.47446,0.42336,0.0018483,0.21168,0.0018483,0.21168,460.486,0,1.02816,0,0,2.139,1.11084,1.028160,1,0,119.505,0,0,0,119.505,0
5.54213,2.70994,0,0,4.31537,0.137304,0.36288,3.6288,31.0805,0.585644,0,0,1.47074,0.157603,0,0.66528,12.849,1,0.84672,0.36288,0,92.8143,4.28348,88.047,0.84672,12.849,0.84672,3695.15,0,0.0036966,3.56619e-05,0.927513,1.91344,7.09119,1.26594,8.66617,0.42336,0.0018483,0.21168,0.0018483,0.21168,460.486,0,1.02816,0,0,1.95567,0.927513,1.028160,1,0,96.7132,0,0,0,96.7132,0
5.78286,2.71043,0,0,3.45862,0.144588,0.36288,3.6288,31.352,0.693842,0,0,1.11125,0.145908,0,0.66528,12.849,1,0.84672,0.36288,0,69.495,4.083,64.9281,0.84672,12.849,0.84672,3695.15,0,0.0036966,4.12615e-05,0.503194,1.91358,5.6371,1.18859,6.86525,0.42336,0.0018483,0.21168,0.0018483,0.21168,460.486,0,0.920074,0,0,1.42327,0.503194,1.028160,1,0,71.7934,0,0,0,71.7934,0
5.74581,2.71072,0,0,3.1851,0.148548,0.36288,3.6288,31.2432,0.985016,0,0,1.00527,0.129001,0,0.66528,12.849,1,0.84672,0.36288,0,63.8061,3.8157,59.5065,0.84672,12.849,0.84672,3695.15,0,0.0036966,5.80699e-05,0.503194,1.91372,6.94639,1.08545,8.2778,0.42336,0.0018483,0.21168,0.0018483,0.21168,460.486,0,0.629001,0,0,1.13219,0.503194,1.028160,1,0,67.7843,0,0,0,67.7843,0
6.96551,2.87446,0,0,4.60754,0.150499,0.36288,3.6288,31.9231,0.66528,0,0,1.4751,0.12993,0,0.66528,12.849,1,0.84672,0.36288,0,98.9812,3.84463,94.6527,0.84672,12.849,0.84672,3695.15,0,0.0036966,0.0018483,0.511514,1.91386,7.44333,1.07796,8.7889,0.42336,0.0018483,0.21168,0.0018483,0.21168,460.486,0,1.02816,0,0,1.53967,0.511514,1.028160,1,0,103.442,0,0,0,103.442,0
10.6417,2.87489,0,0,7.0734,0.159413,0.36288,3.6288,33.0948,0.66528,0,0,1.96934,0.132357,0,0.66528,12.849,1,0.84672,0.36288,0,150.737,3.88321,146.37,0.84672,12.849,0.84672,3695.15,0,0.0036966,0.0018483,1.3727,2.02578,9.54815,1.06798,11.8768,0.42336,0.0018483,0.21168,0.0018483,0.21168,460.486,0,1.02816,0,0,2.40086,1.3727,1.028160,1,0,158.247,0,0,0,158.247,0
17.3015,2.87543,0,0,10.0728,0.174637,0.36288,3.6288,35.3763,0.66528,0,0,3.08953,0.142772,0,0.66528,12.849,1,0.84672,0.36288,0,209.499,4.1453,204.87,0.84672,12.849,0.84672,3695.15,0,0.0036966,0.0018483,2.65805,2.02592,16.2812,1.14997,19.8134,0.42336,0.0018483,0.21168,0.0018483,0.21168,460.486,0,1.02816,0,0,3.68621,2.65805,1.028160,1,0,224.684,0,0,0,224.684,0
24.1561,2.87589,0,0,10.2885,0.195215,0.36288,3.6288,38.0998,0.66528,0,0,3.53913,0.150379,0,0.66528,12.849,1,0.84672,0.36288,0,195.807,4.47843,190.844,0.84672,12.849,0.84672,3695.15,0,0.0036966,0.0018483,3.24104,2.02607,20.423,1.21368,24.4746,0.42336,0.0018483,0.21168,0.0018483,0.21168,460.486,0,1.02816,0,0,4.2692,3.24104,1.028160,1,0,215.319,0,0,0,215.319,0
27.4668,2.56468,0,0,6.44823,0.209979,0.36288,3.6288,39.4814,0.521547,0,0,2.04727,0.144051,0,0.66528,12.849,1,0.84672,0.36288,0,161.693,4.23033,156.979,0.84672,12.849,0.84672,3695.15,0,0.0036966,2.53013e-05,1.57218,2.02622,9.92971,1.04274,12.4853,0.42336,0.0018483,0.21168,0.0018483,0.21168,460.486,0,1.02816,0,0,2.60034,1.57218,1.028160,1,0,169.464,0,0,0,169.464,0
28.5907,2.56495,0,0,4.26527,0.213516,0.36288,3.6288,40.3476,0.593214,0,0,1.61187,0.152486,0,0.66528,12.849,1,0.84672,0.36288,0,103.296,4.26814,98.5435,0.84672,12.849,0.84672,3695.15,0,0.0036966,2.7771e-05,0.608429,1.83666,5.12802,1.02255,6.55053,0.42336,0.0018483,0.21168,0.0018483,0.21168,460.486,0,0.956604,0,0,1.56503,0.608429,1.028160,1,0,105.094,0,0,0,105.094,0
31.3418,2.5652,0,0,5.89603,0.216844,0.36288,3.6288,42.0429,0.521774,0,0,2.37085,0.153751,0,0.66528,12.849,1,0.84672,0.36288,0,106.199,4.26814,101.447,0.84672,12.849,0.84672,3695.15,0,0.0036966,2.39022e-05,1.27731,1.83679,11.389,1.02255,13.4805,0.42336,0.0018483,0.21168,0.0018483,0.21168,460.486,0,1.02816,0,0,2.30547,1.27731,1.028160,1,0,114.927,0,0,0,114.927,0
32.5117,2.56547,0,0,4.3232,0.224962,0.36288,3.6288,43.4823,0.521888,0,0,2.11757,0.1563,0,0.66528,12.849,1,0.84672,0.36288,0,102.896,4.26814,98.1444,0.84672,12.849,0.84672,3695.15,0,0.0036966,2.29434e-05,1.30128,1.83692,7.16181,1.02255,9.27744,0.42336,0.0018483,0.21168,0.0018483,0.21168,460.486,0,1.02816,0,0,2.32944,1.30128,1.028160,1,0,107.422,0,0,0,107.422,0
37.7321,2.56572,0,0,8.36215,0.213135,0.36288,3.6288,46.0643,0.522002,0,0,3.25197,0.147971,0,0.66528,12.849,1,0.84672,0.36288,0,133.764,4.09376,129.186,0.84672,12.849,0.84672,3695.15,0,0.0036966,2.21887e-05,2.48166,1.83706,16.972,0.997498,20.2932,0.42336,0.0018483,0.21168,0.0018483,0.21168,460.486,0,1.02816,0,0,3.50982,2.48166,1.028160,1,0,149.479,0,0,0,149.479,0
40.6253,2.69068,0,0,6.18113,0.23435,0.36288,3.6288,47.8328,0.584466,0,0,2.51906,0.166132,0,0.66528,12.849,1,0.84672,0.36288,0,121.047,4.00333,116.56,0.84672,12.849,0.84672,3695.15,0,0.0036966,2.34513e-05,1.78136,1.83719,7.18011,0.907891,9.89075,0.42336,0.0018483,0.21168,0.0018483,0.21168,460.486,0,1.02816,0,0,2.80952,1.78136,1.028160,1,0,126.451,0,0,0,126.451,0
43.6819,2.69095,0,0,6.35286,0.242413,0.36288,3.6288,50.5737,0.584584,0,0,3.49421,0.168711,0,0.66528,12.849,1,0.84672,0.36288,0,140.62,4.00333,136.133,0.84672,12.849,0.84672,3695.15,0,0.0036966,2.25888e-05,2.37186,1.90887,11.7945,0.907891,15.1673,0.42336,0.0018483,0.21168,0.0018483,0.21168,460.486,0,1.02816,0,0,3.40002,2.37186,1.028160,1,0,151.3,0,0,0,151.3,0
45.6169,2.73379,0,0,5.28286,0.251206,0.36288,3.6288,52.8409,0.584703,0,0,3.02452,0.172569,0,0.66528,12.849,1,0.804142,0.36288,0,125.893,4.00333,121.448,0.84672,12.849,0.84672,3695.15,0,0.0036966,2.13689e-05,1.85573,1.90901,8.36646,0.907891,11.2233,0.42336,0.0018483,0.21168,0.0018483,0.21168,460.486,0,1.02816,0,0,2.88389,1.85573,1.028160,1,0,132.671,0,0,0,132.671,0
47.1038,2.76061,0,0,4.84948,0.239086,0.36288,3.6288,54.3146,0.584821,0,0,2.23186,0.1734,0,0.66528,12.849,1,0.777586,0.36288,0,96.8164,4.15161,92.2501,0.84672,12.849,0.84672,3695.15,0,0.0036966,2.04562e-05,1.2883,1.90914,5.95674,0.917533,8.23663,0.42336,0.0018483,0.21168,0.0018483,0.21168,460.486,0,1.02816,0,0,2.31646,1.2883,1.028160,1,0,100.487,0,0,0,100.487,0
47.4262,2.74178,0,0,3.63784,0.210797,0.36288,3.6288,54.8921,0.560716,0,0,1.3192,0.180933,0,0.66528,12.849,1,0.747905,0.36288,0,71.8376,3.90329,67.5493,0.84672,12.849,0.84672,3695.15,0,0.0036966,1.90809e-05,0.70327,1.90928,4.32826,0.956025,5.98477,0.42336,0.0018483,0.21168,0.0018483,0.21168,460.486,0,1.02816,0,0,1.73143,0.70327,1.028160,1,0,73.5341,0,0,0,73.5341,0
47.1858,2.74598,0,0,3.07669,0.208215,0.36288,3.6288,55.1996,0.560832,0,0,1.05348,0.185149,0,0.66528,12.849,1,0.743959,0.36288,0,54.4603,3.72487,50.3543,0.84672,12.849,0.84672,3695.15,0,0.0036966,1.88841e-05,0.685411,1.88157,4.88142,0.96628,6.4821,0.42336,0.0018483,0.21168,0.0018483,0.21168,460.486,0,1.02816,0,0,1.71357,0.685411,1.028160,1,0,56.8364,0,0,0,56.8364,0
47.0434,2.7432,0,0,3.17138,0.207666,0.36288,3.6288,55.5649,0.560948,0,0,1.11179,0.185524,0,0.66528,12.849,1,0.746992,0.36288,0,52.4554,3.72487,48.3464,0.84672,12.849,0.84672,3695.15,0,0.0036966,1.87827e-05,0.671397,1.88171,4.20931,0.96628,5.79612,0.42336,0.0018483,0.21168,0.0018483,0.21168,460.486,0,1.02816,0,0,1.69956,0.671397,1.028160,1,0,54.1426,0,0,0,54.1426,0
48.1017,2.74163,0,0,4.358,0.195255,0.36288,3.6288,56.0371,0.561064,0,0,1.22264,0.189411,0,0.66528,12.849,1,0.748822,0.36288,0,68.3916,3.83324,64.1724,0.84672,12.849,0.84672,3695.15,0,0.0036966,1.86631e-05,0.878152,1.88184,4.20454,0.94622,6.0183,0.42336,0.0018483,0.21168,0.0018483,0.21168,460.486,0,1.02816,0,0,1.90631,0.878152,1.028160,1,0,70.1907,0,0,0,70.1907,0
47.5144,2.88551,0,0,2.8259,0.164769,0.36288,3.6288,56.1992,0.647106,0,0,1.00732,0.198104,0,0.66528,12.849,1,0.770783,0.36288,0,49.6244,4.32597,44.8906,0.84672,12.849,0.84672,3695.15,0,0.0036966,2.13438e-05,0.533209,1.88198,3.69956,0.971527,5.1432,0.42336,0.0018483,0.21168,0.0018483,0.21168,460.486,0,1.02816,0,0,1.56137,0.533209,1.028160,1,0,50.0338,0,0,0,50.0338,0
46.7726,2.87822,0,0,2.6691,0.169807,0.36288,3.6288,56.2718,0.647229,0,0,0.882308,0.162451,0,0.66528,12.849,1,0.778338,0.36288,0,43.5282,4.58745,38.5253,0.84672,12.849,0.84672,3695.15,0,0.0036966,2.12863e-05,0.440251,1.97954,3.55106,1.07561,4.89521,0.42336,0.0018483,0.21168,0.0018483,0.21168,460.486,0,1.02816,0,0,1.46841,0.440251,1.028160,1,0,43.4205,0,0,0,43.4205,0
46.0998,2.86875,0,0,2.63955,0.0806825,0.36288,3.6288,56.2692,0.647351,0,0,0.845441,0.200698,0,0.66528,12.849,1,0.788079,0.36288,0,44.6044,5.11644,39.0628,0.84672,12.849,0.84672,3695.15,0,0.0036966,2.12628e-05,0.472124,1.97968,3.66548,1.18204,4.93522,0.42336,0.0018483,0.21168,0.0018483,0.21168,460.486,0,1.02816,0,0,1.50028,0.472124,1.028160,1,0,43.998,0,0,0,43.998,0
45.1412,2.85996,0,0,2.34427,0.0800821,0.36288,3.6288,56.0566,0.701065,0,0,0.689152,0.200695,0,0.66528,12.849,1,0.797131,0.36288,0,39.8905,5.11644,34.3398,0.84672,12.849,0.84672,3695.15,0,0.0036966,2.30282e-05,0.30119,1.97983,3.14366,1.18204,4.24261,0.42336,0.0018483,0.21168,0.0018483,0.21168,460.486,0,0.974566,0,0,1.27576,0.30119,1.028160,1,0,38.5825,0,0,0,38.5825,0
44.1098,2.84699,0,0,2.2577,0.0792267,0.36288,3.6288,55.6145,0.796509,0,0,0.554774,0.200416,0,0.66528,12.849,1,0.810367,0.36288,0,36.7603,5.11644,31.1963,0.84672,12.849,0.84672,3695.15,0,0.0036966,2.62625e-05,0.30119,1.97997,3.02226,1.18204,4.12136,0.42336,0.0018483,0.21168,0.0018483,0.21168,460.486,0,0.879241,0,0,1.18043,0.30119,1.028160,1,0,35.3177,0,0,0,35.3177,0
42.5004,2.67522,0,0,1.52087,0.0921854,0.36288,3.6288,55.1202,0.895882,0,0,0.643524,0.241943,0,0.66528,12.849,1,0.779279,0.36288,0,33.6891,4.87883,28.3939,0.84672,12.849,0.84672,3695.15,0,0.0036966,2.97739e-05,0.30119,1.98012,2.1646,1.21747,3.2284,0.42336,0.0018483,0.21168,0.0018483,0.21168,460.486,0,0.746245,0,0,1.04744,0.30119,1.028160,1,0,31.6223,0,0,0,31.6223,0
40.9088,2.65275,0,0,1.51452,0.0904947,0.36288,3.6288,54.6943,0.827774,0,0,0.643049,0.241159,0,0.66528,12.849,1,0.801996,0.36288,0,31.8247,4.87883,26.5068,0.84672,12.849,0.84672,3695.15,0,0.0036966,2.77571e-05,0.30119,1.91612,2.33191,1.21747,3.33173,0.42336,0.0018483,0.21168,0.0018483,0.21168,460.486,0,0.814476,0,0,1.11567,0.30119,1.028160,1,0,29.8385,0,0,0,29.8385,0
39.2856,2.62919,0,0,1.45416,0.0852819,0.36288,3.6288,54.2878,0.776807,0,0,0.618218,0.24793,0,0.66528,12.849,1,0.8258,0.36288,0,29.8725,4.98741,24.4222,0.84672,12.849,0.84672,3695.15,0,0.0036966,2.62509e-05,0.261274,1.91626,2.36368,1.25422,3.28697,0.42336,0.0018483,0.21168,0.0018483,0.21168,460.486,0,0.865564,0,0,1.12684,0.261274,1.028160,1,0,27.7092,0,0,0,27.7092,0
37.5304,2.60852,0,0,1.27922,0.0629748,0.36288,3.6288,53.665,0.918462,0,0,0.585001,0.289269,0,0.66528,12.849,1,0.84672,0.36288,0,28.2628,5.77452,22.0045,0.84672,12.849,0.84672,3695.15,0,0.0036966,3.12703e-05,0.261274,1.9164,2.26856,1.52501,2.9212,0.42336,0.0018483,0.21168,0.0018483,0.21168,460.486,0,0.724023,0,0,0.985297,0.261274,1.028160,1,0,24.9257,0,0,0,24.9257,0
35.6589,2.68941,0,0,1.24433,0.0635512,0.36288,3.6288,52.8908,0.982452,0,0,0.499464,0.291231,0,0.66528,12.849,1,0.84672,0.36288,0,26.3973,5.9763,19.9371,0.84672,12.849,0.84672,3695.15,0,0.0036966,3.3837e-05,0.261274,1.91654,1.97224,1.55025,2.59978,0.42336,0.0018483,0.21168,0.0018483,0.21168,460.486,0,0.700289,0,0,0.961563,0.261274,1.028160,1,0,22.5369,0,0,0,22.5369,0
33.7597,2.68966,0,0,1.21649,0.0632404,0.36288,3.6288,52.0048,1.03272,0,0,0.443255,0.296584,0,0.66528,12.849,1,0.84672,0.36288,0,25.1243,5.87339,18.7671,0.84672,12.849,0.84672,3695.15,0,0.0036966,3.6089e-05,0.261274,1.96281,1.83839,1.47488,2.58756,0.42336,0.0018483,0.21168,0.0018483,0.21168,460.486,0,0.650143,0,0,0.911416,0.261274,1.028160,1,0,21.3547,0,0,0,21.3547,0
31.7058,2.68991,0,0,1.06077,0.0617949,0.36288,3.6288,51.0108,1.11748,0,0,0.417993,0.29448,0,0.66528,12.849,1,0.84672,0.36288,0,23.8034,5.87339,17.4461,0.84672,12.849,0.84672,3695.15,0,0.0036966,3.97165e-05,0.261274,1.96295,1.75662,1.47488,2.50593,0.42336,0.0018483,0.21168,0.0018483,0.21168,460.486,0,0.565497,0,0,0.82677,0.261274,1.028160,1,0,19.9521,0,0,0,19.9521,0
29.5741,2.69016,0,0,0.978273,0.0569835,0.36288,3.6288,50.0068,1.12026,0,0,0.41081,0.294532,0,0.66528,12.849,1,0.84672,0.36288,0,22.4562,5.94816,16.0242,0.84672,12.849,0.84672,3695.15,0,0.0036966,4.05909e-05,0.227405,1.96309,1.74063,1.48982,2.44127,0.42336,0.0018483,0.21168,0.0018483,0.21168,460.486,0,0.562844,0,0,0.790249,0.227405,1.028160,1,0,18.4655,0,0,0,18.4655,0
27.0578,2.92663,0,0,0.821629,0.0484212,0.36288,3.6288,48.9805,1.13926,0,0,0.406449,0.293483,0,0.66528,12.849,1,0.84672,0.36288,0,21.0114,6.08016,14.4474,0.84672,12.849,0.84672,3695.15,0,0.0036966,0.0018483,0.227405,1.96324,1.65638,1.44701,2.39817,0.42336,0.0018483,0.21168,0.0018483,0.21168,460.486,0,0.554178,0,0,0.781583,0.227405,1.028160,1,0,16.8455,0,0,0,16.8455,0
24.7156,2.92689,0,0,0.993038,0.0454814,0.36288,3.6288,47.874,1.19616,0,0,0.387827,0.298151,0,0.66528,12.849,1,0.84672,0.36288,0,19.6647,5.78424,13.3966,0.84672,12.849,0.84672,3695.15,0,0.0036966,0.0018483,0.227405,2.11962,1.41592,1.48425,2.27685,0.42336,0.0018483,0.21168,0.0018483,0.21168,460.486,0,0.497285,0,0,0.724689,0.227405,1.028160,1,0,15.6735,0,0,0,15.6735,0
22.253,2.92715,0,0,0.87143,0.0439958,0.36288,3.6288,46.7243,1.22844,0,0,0.374153,0.295424,0,0.66528,12.849,1,0.84672,0.36288,0,24.9973,5.78424,18.7293,0.84672,12.849,0.84672,3695.15,0,0.0036966,0.0018483,0.227405,2.11977,1.35969,1.48425,2.22076,0.42336,0.0018483,0.21168,0.0018483,0.21168,460.486,0,0.464996,0,0,0.692401,0.227405,1.028160,1,0,20.95,0,0,0,20.95,0
19.8102,2.9274,0,0,0.890006,0.0424974,0.36288,3.6288,45.6947,1.1662,0,0,0.429184,0.292587,0,0.66528,12.849,1,0.84672,0.36288,0,21.654,5.78424,15.3859,0.84672,12.849,0.84672,3695.15,0,0.0036966,0.0018483,0.204422,2.11993,1.41201,1.48425,2.25026,0.42336,0.0018483,0.21168,0.0018483,0.21168,460.486,0,0.527238,0,0,0.73166,0.204422,1.028160,1,0,17.6362,0,0,0,17.6362,0
17.3759,2.92764,0,0,0.897998,0.0418129,0.36288,3.6288,44.856,0.987457,0,0,0.432439,0.283675,0,0.66528,12.849,1,0.84672,0.36288,0,21.9714,5.5994,15.8882,0.84672,12.849,0.84672,3695.15,0,0.0036966,0.0018483,0.204422,2.12008,1.80606,1.4123,2.71642,0.42336,0.0018483,0.21168,0.0018483,0.21168,460.486,0,0.705983,0,0,0.910405,0.204422,1.028160,1,0,18.6046,0,0,0,18.6046,0
14.9873,2.81271,0,0,0.845804,0.0587925,0.36288,3.6288,43.7858,1.13833,0,0,0.326999,0.258873,0,0.66528,12.849,1,0.84672,0.36288,0,18.6376,5.20438,12.9494,0.84672,12.849,0.84672,3695.15,0,0.0036966,0.0018483,0.204422,2.12024,1.40962,1.25105,2.48139,0.42336,0.0018483,0.21168,0.0018483,0.21168,460.486,0,0.555111,0,0,0.759534,0.204422,1.028160,1,0,15.4308,0,0,0,15.4308,0
12.5482,2.81293,0,0,0.795321,0.0586302,0.36288,3.6288,43.3367,0.66528,0,0,0.474708,0.25858,0,0.66528,12.849,1,0.84672,0.36288,0,16.7044,5.3234,10.8972,0.84672,12.849,0.84672,3695.15,0,0.0036966,0.0018483,0.259943,2.03082,1.54369,1.29613,2.53648,0.42336,0.0018483,0.21168,0.0018483,0.21168,460.486,0,1.02816,0,0,1.2881,0.259943,1.028160,1,0,13.4337,0,0,0,13.4337,0
10.0183,2.81313,0,0,0.701758,0.055616,0.36288,3.6288,42.2535,1.10125,0,0,0.2755,0.257481,0,0.66528,12.849,1,0.84672,0.36288,0,17.1101,5.3234,11.3029,0.84672,12.849,0.84672,3695.15,0,0.0036966,0.0018483,0.216518,2.03097,1.18572,1.29613,2.13523,0.42336,0.0018483,0.21168,0.0018483,0.21168,460.486,0,0.592194,0,0,0.808713,0.216518,1.028160,1,0,13.4381,0,0,0,13.4381,0
7.36954,2.81329,0,0,0.579901,0.0524896,0.36288,3.6288,41.0505,1.19087,0,0,0.242711,0.254831,0,0.66528,12.849,1,0.84672,0.36288,0,15.7979,5.3234,9.99066,0.84672,12.849,0.84672,3695.15,0,0.0036966,0.0018483,0.216518,2.03112,1.09807,1.29613,2.04773,0.42336,0.0018483,0.21168,0.0018483,0.21168,460.486,0,0.502572,0,0,0.71909,0.216518,1.028160,1,0,12.0384,0,0,0,12.0384,0
5.24769,2.71883,0,0,1.04528,0.08542,0.36288,3.6288,40.6806,0.633058,0,0,0.455831,0.192656,0,0.66528,12.849,1,0.84672,0.36288,0,26.6158,4.3095,21.8224,0.84672,12.849,0.84672,3695.15,0,0.0036966,2.85035e-05,0.310936,2.03127,2.33525,1.02615,3.65127,0.42336,0.0018483,0.21168,0.0018483,0.21168,460.486,0,1.02816,0,0,1.3391,0.310936,1.028160,1,0,25.4737,0,0,0,25.4737,0
2.9737,2.71881,0,0,0.896556,0.08885,0.36288,3.6288,39.9633,1.00459,0,0,0.460687,0.173334,0,0.66528,12.849,1,0.84672,0.36288,0,34.4126,3.92658,30.0022,0.84672,12.849,0.84672,3695.15,0,0.0036966,4.56429e-05,0.216518,1.95179,3.38903,0.969051,4.58824,0.42336,0.0018483,0.21168,0.0018483,0.21168,460.486,0,0.656735,0,0,0.873253,0.216518,1.028160,1,0,34.5904,0,0,0,34.5904,0
1.76886,2.71834,0,0,1.95823,0.0818509,0.36288,3.6288,39.9579,0.6333,0,0,0.799955,0.17213,0,0.66528,12.849,1,0.84672,0.36288,0,48.56,3.92658,44.1496,0.84672,12.849,0.84672,3695.15,0,0.0036966,2.929e-05,0.684729,1.95193,4.84856,0.969051,6.51614,0.42336,0.0018483,0.21168,0.0018483,0.21168,460.486,0,1.02816,0,0,1.71289,0.684729,1.028160,1,0,50.6657,0,0,0,50.6657,0
3.72674,1.76886,0,0,4.16769,0.078064,0.36288,3.6288,40.8105,0.633421,0,0,1.65813,0.172121,0,0.66528,12.849,1,0.84672,0.36288,0,106.122,3.92658,101.711,0.84672,12.849,0.84672,3695.15,0,0.0036966,2.92996e-05,3.06572,1.95208,7.87069,0.969051,11.9194,0.42336,0.0018483,0.21168,0.0018483,0.21168,460.486,0,1.02816,0,0,4.09388,3.06572,1.028160,1,0,113.631,0,0,0,113.631,0
3.80209,2.61328,0,0,3.14801,0.0965098,0.36288,3.6288,41.2863,0.540351,0,0,1.19306,0.176843,0,0.66528,12.849,1,0.84672,0.36288,0,53.808,3.76907,49.5551,0.84672,12.849,0.84672,3695.15,0,0.0036966,2.44724e-05,1.55883,1.95222,4.69731,0.918666,7.28966,0.42336,0.0018483,0.21168,0.0018483,0.21168,460.486,0,1.02816,0,0,2.58699,1.55883,1.028160,1,0,56.8448,0,0,0,56.8448,0
2.93463,2.61355,0,0,2.22359,0.114609,0.36288,3.6288,42.0622,0.540465,0,0,1.47234,0.156009,0,0.66528,12.849,1,0.84672,0.36288,0,59.6224,4.11358,55.025,0.84672,12.849,0.84672,3695.15,0,0.0036966,2.41955e-05,2.3599,1.8605,7.06579,1.06181,10.2244,0.42336,0.0018483,0.21168,0.0018483,0.21168,460.486,0,1.02816,0,0,3.38806,2.3599,1.028160,1,0,65.2493,0,0,0,65.2493,0
2.33393,2.61343,0,0,2.48651,0.11091,0.36288,3.6288,42.7967,0.54058,0,0,1.43225,0.157182,0,0.66528,12.849,1,0.84672,0.36288,0,89.6103,4.11358,85.0129,0.84672,12.849,0.84672,3695.15,0,0.0036966,2.37542e-05,3.3831,1.86063,8.12601,1.06181,12.3079,0.42336,0.0018483,0.21168,0.0018483,0.21168,460.486,0,1.02816,0,0,4.41126,3.3831,1.028160,1,0,97.3208,0,0,0,97.3208,0
1.91946,2.33393,0,0,2.39069,0.108347,0.36288,3.6288,43.6631,0.540695,0,0,1.56544,0.158292,0,0.66528,12.849,1,0.84672,0.36288,0,64.0825,4.11358,59.4851,0.84672,12.849,0.84672,3695.15,0,0.0036966,2.33515e-05,2.90491,1.86077,7.23254,1.06181,10.9364,0.42336,0.0018483,0.21168,0.0018483,0.21168,460.486,0,1.02816,0,0,3.93307,2.90491,1.028160,1,0,70.4215,0,0,0,70.4215,0
1.91354,1.91946,0,0,2.38468,0.108264,0.36288,3.6288,44.44,0.540809,0,0,1.46299,0.145287,0,0.66528,12.849,1,0.84672,0.36288,0,74.2657,3.87818,69.9037,0.84672,12.849,0.84672,3695.15,0,0.0036966,2.28929e-05,2.31415,1.8609,6.78838,0.941601,10.0218,0.42336,0.0018483,0.21168,0.0018483,0.21168,460.486,0,1.02816,0,0,3.34231,2.31415,1.028160,1,0,79.9255,0,0,0,79.9255,0
1.88456,1.91354,0,0,2.35709,0.109651,0.36288,3.6288,45.7259,0.54081,0,0,1.97206,0.145396,0,0.66528,12.849,1,0.84672,0.36288,0,54.1733,3.25752,50.432,0.84672,12.849,0.84672,3695.15,0,0.0036966,2.24928e-05,2.50562,1.86104,7.99874,0.850329,11.515,0.42336,0.0018483,0.21168,0.0018483,0.21168,460.486,0,1.02816,0,0,3.53378,2.50562,1.028160,1,0,61.947,0,0,0,61.947,0
2.67643,1.88456,0,0,3.1449,0.10559,0.36288,3.6288,47.1846,0.59165,0,0,2.19927,0.148949,0,0.66528,12.849,1,0.84672,0.36288,0,103.768,2.94977,100.335,0.84672,12.849,0.84672,3695.15,0,0.0036966,2.39153e-05,2.14622,1.86104,8.79258,0.855317,11.9445,0.42336,0.0018483,0.21168,0.0018483,0.21168,460.486,0,1.02816,0,0,3.17438,2.14622,1.028160,1,0,112.279,0,0,0,112.279,0
2.0323,2.67643,0,0,2.50412,0.10894,0.36288,3.6288,48.2214,0.591754,0,0,1.77948,0.150915,0,0.66528,12.849,1,0.84672,0.36288,0,79.7572,2.94977,76.3236,0.84672,12.849,0.84672,3695.15,0,0.0036966,2.318e-05,1.50323,1.92069,6.62404,0.855317,9.19262,0.42336,0.0018483,0.21168,0.0018483,0.21168,460.486,0,1.02816,0,0,2.53139,1.50323,1.028160,1,0,85.5162,0,0,0,85.5162,0
1.49395,2.0323,0,0,1.96304,0.106215,0.36288,3.6288,49.0652,0.591858,0,0,1.58796,0.152228,0,0.66528,12.849,1,0.84672,0.36288,0,45.6845,2.94977,42.2509,0.84672,12.849,0.84672,3695.15,0,0.0036966,2.26856e-05,1.20696,1.92081,5.52948,0.855317,7.80191,0.42336,0.0018483,0.21168,0.0018483,0.21168,460.486,0,1.02816,0,0,2.23512,1.20696,1.028160,1,0,50.0528,0,0,0,50.0528,0
2.22033,1.49395,0,0,2.69216,0.108958,0.36288,3.6288,50.1958,0.591961,0,0,1.87761,0.155063,0,0.66528,12.849,1,0.84672,0.36288,0,67.0123,3.34205,63.1864,0.84672,12.849,0.84672,3695.15,0,0.0036966,2.22993e-05,1.97242,1.92094,7.02096,0.893487,10.0208,0.42336,0.0018483,0.21168,0.0018483,0.21168,460.486,0,1.02816,0,0,3.00058,1.97242,1.028160,1,0,73.2072,0,0,0,73.2072,0
2.48972,2.22033,0,0,2.96453,0.111928,0.36288,3.6288,51.005,0.66528,0,0,1.65148,0.177008,0,0.66528,12.849,1,0.84672,0.36288,0,68.2784,4.06508,63.7295,0.84672,12.849,0.84672,3695.15,0,0.0036966,0.0018483,2.38393,1.92106,6.84352,1.04583,10.1008,0.42336,0.0018483,0.21168,0.0018483,0.21168,460.486,0,1.02816,0,0,3.41209,2.38393,1.028160,1,0,73.8303,0,0,0,73.8303,0
1.79723,2.48972,0,0,2.27323,0.113121,0.36288,3.6288,51.8197,0.66528,0,0,1.65816,0.17818,0,0.66528,12.849,1,0.84672,0.36288,0,48.0406,4.06508,43.4916,0.84672,12.849,0.84672,3695.15,0,0.0036966,0.0018483,1.07711,2.03338,4.82003,1.04583,6.88284,0.42336,0.0018483,0.21168,0.0018483,0.21168,460.486,0,1.02816,0,0,2.10527,1.07711,1.028160,1,0,50.3745,0,0,0,50.3745,0
2.71122,1.79723,0,0,3.18415,0.110056,0.36288,3.6288,52.6038,0.66528,0,0,1.62874,0.17936,0,0.66528,12.849,1,0.84672,0.36288,0,69.0072,4.06508,64.4582,0.84672,12.849,0.84672,3695.15,0,0.0036966,0.0018483,1.05754,2.0335,10.1167,1.04583,12.1601,0.42336,0.0018483,0.21168,0.0018483,0.21168,460.486,0,1.02816,0,0,2.0857,1.05754,1.028160,1,0,76.6183,0,0,0,76.6183,0
3.41352,2.71122,0,0,3.89473,0.118327,0.36288,3.6288,54.7792,0.66528,0,0,3.01712,0.176462,0,0.66528,12.849,1,0.84672,0.36288,0,134.884,4.20414,130.196,0.84672,12.849,0.84672,3695.15,0,0.0036966,0.0018483,2.74139,2.03363,10.4381,1.05964,14.1516,0.42336,0.0018483,0.21168,0.0018483,0.21168,460.486,0,1.02816,0,0,3.76955,2.74139,1.028160,1,0,144.348,0,0,0,144.348,0
4.98497,2.49572,0,0,4.54928,0.119234,0.36288,3.6288,57.4621,0.490758,0,0,3.36819,0.194553,0,0.66528,12.849,1,0.84672,0.36288,0,96.9348,4.27539,92.1755,0.84672,12.849,0.84672,3695.15,0,0.0036966,1.65586e-05,3.6271,2.03376,11.7365,1.01716,16.3802,0.42336,0.0018483,0.21168,0.0018483,0.21168,460.486,0,1.02816,0,0,4.65526,3.6271,1.028160,1,0,108.556,0,0,0,108.556,0
6.66147,2.49636,0,0,4.66205,0.126307,0.36288,3.6288,60.4656,0.490856,0,0,3.66332,0.168977,0,0.66528,12.849,1,0.84672,0.36288,0,99.1112,4.07851,94.5488,0.84672,12.849,0.84672,3695.15,0,0.0036966,1.57886e-05,3.62737,1.80016,12.06,0.890871,16.5966,0.42336,0.0018483,0.21168,0.0018483,0.21168,460.486,0,1.02816,0,0,4.65553,3.62737,1.028160,1,0,111.145,0,0,0,111.145,0
7.84689,2.49681,0,0,4.17841,0.133303,0.36288,3.6288,61.308,0.490953,0,0,3.10333,0.156675,1.61327,0.66528,12.849,1,0.84672,0.36288,0,87.988,3.94684,83.5573,0.84672,12.849,0.84672,3695.15,0,0.0036966,1.50074e-05,2.92955,1.80027,10.8282,0.827331,14.7306,0.42336,0.0018483,0.21168,0.0018483,0.21168,460.486,0,1.02816,0,0,3.95771,2.92955,1.028160,1,0,99.9013,0,0,0,99.9013,0
9.68937,2.49712,0,0,4.84078,0.138288,0.36288,3.6288,61.308,0.49105,0,0,3.10822,0.157514,2.45966,0.66528,12.849,1,0.84672,0.36288,0,103.526,3.94684,99.0955,0.84672,12.849,0.84672,3695.15,0,0.0036966,1.48041e-05,2.74699,1.80039,10.9077,0.827331,14.6277,0.42336,0.0018483,0.21168,0.0018483,0.21168,460.486,0,1.02816,0,0,3.77515,2.74699,1.028160,1,0,116.183,0,0,0,116.183,0
10.4324,2.49745,0,0,3.75651,0.153165,0.36288,3.6288,61.308,0.491147,0,0,3.37946,0.16643,2.72188,0.66528,12.849,1,0.84672,0.36288,0,85.1152,3.87502,80.7564,0.84672,12.849,0.84672,3695.15,0,0.0036966,1.4807e-05,2.423,1.8005,10.0923,0.891841,13.4239,0.42336,0.0018483,0.21168,0.0018483,0.21168,460.486,0,1.02816,0,0,3.45116,2.423,1.028160,1,0,96.9022,0,0,0,96.9022,0
10.6348,2.61989,0,0,3.3424,0.157258,0.36288,3.6288,61.308,0.552352,0,0,2.75736,0.167916,2.03709,0.66528,12.849,1,0.84672,0.36288,0,76.2895,3.86306,71.9426,0.84672,12.849,0.84672,3695.15,0,0.0036966,1.66522e-05,1.92536,1.80061,8.48957,0.902593,11.3129,0.42336,0.0018483,0.21168,0.0018483,0.21168,460.486,0,1.02816,0,0,2.95352,1.92536,1.028160,1,0,85.2926,0,0,0,85.2926,0
10.5405,2.62012,0,0,3.04674,0.158,0.36288,3.6288,61.308,0.552452,0,0,2.43249,0.167916,1.71212,0.66528,12.849,1,0.84672,0.36288,0,61.2801,3.86306,56.9332,0.84672,12.849,0.84672,3695.15,0,0.0036966,1.66552e-05,1.65609,1.87085,6.48907,0.902593,9.1134,0.42336,0.0018483,0.21168,0.0018483,0.21168,460.486,0,1.02816,0,0,2.68425,1.65609,1.028160,1,0,67.7587,0,0,0,67.7587,0
10.2988,2.62033,0,0,2.86959,0.128035,0.36288,3.6288,61.308,0.552553,0,0,2.44032,0.211975,1.6758,0.66528,12.849,1,0.84672,0.36288,0,58.4923,4.57066,53.4378,0.84672,12.849,0.84672,3695.15,0,0.0036966,1.66582e-05,1.48172,1.87096,6.29589,1.0158,8.63276,0.42336,0.0018483,0.21168,0.0018483,0.21168,460.486,0,1.02816,0,0,2.50988,1.48172,1.028160,1,0,63.7463,0,0,0,63.7463,0
9.77116,2.53711,0,0,2.50188,0.129578,0.36288,3.6288,61.308,0.514612,0,0,1.49263,0.258188,0.719829,0.66528,12.849,1,0.84672,0.36288,0,51.887,5.61058,45.7926,0.84672,12.849,0.84672,3695.15,0,0.0036966,1.55144e-05,0.959524,1.87108,5.00138,1.14476,6.68721,0.42336,0.0018483,0.21168,0.0018483,0.21168,460.486,0,1.02816,0,0,1.98768,0.959524,1.028160,1,0,53.1996,0,0,0,53.1996,0
9.19997,2.49066,0,0,2.40203,0.119676,0.36288,3.6288,61.308,0.491542,0,0,1.08507,0.256477,0.337053,0.66528,12.849,1,0.84672,0.36288,0,58.2968,5.20305,52.6099,0.84672,12.849,0.84672,3695.15,0,0.0036966,1.48189e-05,0.805507,1.82617,4.63901,1.10902,6.16166,0.42336,0.0018483,0.21168,0.0018483,0.21168,460.486,0,1.02816,0,0,1.83367,0.805507,1.028160,1,0,59.1086,0,0,0,59.1086,0
8.42237,2.49084,0,0,2.16878,0.0926558,0.36288,3.6288,61.308,0.491639,0,0,1.18291,0.239498,0.451774,0.66528,12.849,1,0.84672,0.36288,0,52.8816,4.29975,48.098,0.84672,12.849,0.84672,3695.15,0,0.0036966,1.48218e-05,0.577437,1.79965,4.38159,1.00508,5.75359,0.42336,0.0018483,0.21168,0.0018483,0.21168,460.486,0,1.02816,0,0,1.6056,0.577437,1.028160,1,0,54.3033,0,0,0,54.3033,0
7.515,2.49101,0,0,2.03708,0.0905515,0.36288,3.6288,61.308,0.491735,0,0,1.1143,0.239498,0.383067,0.66528,12.849,1,0.84672,0.36288,0,45.0656,4.29975,40.282,0.84672,12.849,0.84672,3695.15,0,0.0036966,1.48247e-05,0.468685,1.79976,3.99685,1.00508,5.2602,0.42336,0.0018483,0.21168,0.0018483,0.21168,460.486,0,1.02816,0,0,1.49685,0.468685,1.028160,1,0,45.9253,0,0,0,45.9253,0
6.44501,2.57346,0,0,1.95393,0.087582,0.36288,3.6288,61.308,0.532906,0,0,1.05265,0.238351,0.281388,0.66528,12.849,1,0.84672,0.36288,0,42.9144,4.33211,38.0984,0.84672,12.849,0.84672,3695.15,0,0.0036966,1.60659e-05,0.402797,1.79988,4.00738,1.00928,5.20076,0.42336,0.0018483,0.21168,0.0018483,0.21168,460.486,0,1.02457,0,0,1.42736,0.402797,1.028160,1,0,43.5806,0,0,0,43.5806,0
5.12014,2.73581,0,0,1.85554,0.0817207,0.36288,3.6288,61.308,0.61362,0,0,1.0233,0.23147,0.178206,0.66528,12.849,1,0.84672,0.36288,0,42.6496,4.52624,37.6396,0.84672,12.849,0.84672,3695.15,0,0.0036966,1.84993e-05,0.494519,1.84438,3.71536,1.03448,5.01975,0.42336,0.0018483,0.21168,0.0018483,0.21168,460.486,0,1.02816,0,0,1.52268,0.494519,1.028160,1,0,42.8375,0,0,0,42.8375,0
3.68067,2.64963,0,0,1.65133,0.0782818,0.36288,3.6288,61.308,0.617188,0,0,0.938892,0.23147,0.0902342,0.66528,12.849,1,0.84672,0.36288,0,38.461,4.52624,33.4509,0.84672,12.849,0.84672,3695.15,0,0.0036966,1.86068e-05,0.402797,1.93997,3.58036,1.03448,4.88863,0.42336,0.0018483,0.21168,0.0018483,0.21168,460.486,0,0.985185,0,0,1.38798,0.402797,1.028160,1,0,38.4298,0,0,0,38.4298,0
2.17279,2.64948,0,0,1.55964,0.0551671,0.36288,3.6288,61.308,0.574316,0,0,0.901688,0.264521,0.0628506,0.66528,12.849,1,0.84672,0.36288,0,34.2807,4.90109,28.8957,0.84672,12.849,0.84672,3695.15,0,0.0036966,1.73143e-05,0.30748,1.8934,3.40997,1.13025,4.48058,0.42336,0.0018483,0.21168,0.0018483,0.21168,460.486,0,1.02816,0,0,1.33564,0.30748,1.028160,1,0,33.4392,0,0,0,33.4392,0
1.05188,2.17279,0,0,1.46681,0.0520573,0.36288,3.6288,61.2376,0.66523,0,0,0.859308,0.264521,0,0.66528,12.849,1,0.84672,0.36288,0,33.7853,4.90109,28.4003,0.84672,12.849,0.84672,3695.15,0,0.0036966,2.00552e-05,0.30119,1.89352,3.51158,1.13025,4.57602,0.42336,0.0018483,0.21168,0.0018483,0.21168,460.486,0,0.937345,0,0,1.23854,0.30119,1.028160,1,0,32.9763,0,0,0,32.9763,0
0.824724,1.05188,0,0,1.22733,0.039725,0.36288,3.6288,60.8922,0.729551,0,0,0.635085,0.250922,0,0.66528,12.849,1,0.84672,0.36288,0,27.1671,4.82459,21.8587,0.84672,12.849,0.84672,3695.15,0,0.0036966,2.20196e-05,0.30119,1.89364,3.30332,1.06944,4.42869,0.42336,0.0018483,0.21168,0.0018483,0.21168,460.486,0,0.873124,0,0,1.17431,0.30119,1.028160,1,0,26.2874,0,0,0,26.2874,0
0.70098,0.824724,0,0,1.10156,0.0376965,0.36288,3.6288,60.2502,0.957282,0,0,0.563493,0.248132,0,0.66528,12.849,1,0.84672,0.36288,0,24.5776,4.81183,19.2819,0.84672,12.849,0.84672,3695.15,0,0.0036966,2.9057e-05,0.30119,1.89376,3.11735,1.05931,4.25296,0.42336,0.0018483,0.21168,0.0018483,0.21168,460.486,0,0.690673,0,0,0.991863,0.30119,1.028160,1,0,23.5349,0,0,0,23.5349,0
0.618966,0.70098,0,0,1.01289,0.0310466,0.36288,3.6288,59.5767,0.916805,0,0,0.533987,0.290705,0,0.66528,12.849,1,0.84672,0.36288,0,22.0054,5.37644,16.1451,0.84672,12.849,0.84672,3695.15,0,0.0036966,2.81249e-05,0.261274,1.92292,2.96816,1.2654,3.88693,0.42336,0.0018483,0.21168,0.0018483,0.21168,460.486,0,0.731255,0,0,0.992529,0.261274,1.028160,1,0,20.032,0,0,0,20.032,0
0.560705,0.618966,0,0,0.9497,0.0261152,0.36288,3.6288,58.8146,0.941378,0,0,0.501235,0.322006,0,0.66528,12.849,1,0.84672,0.36288,0,19.7777,5.79988,13.4939,0.84672,12.849,0.84672,3695.15,0,0.0036966,2.92052e-05,0.261274,1.92304,2.8601,1.41997,3.62442,0.42336,0.0018483,0.21168,0.0018483,0.21168,460.486,0,0.706787,0,0,0.96806,0.261274,1.028160,1,0,17.1183,0,0,0,17.1183,0
0.512262,0.560705,0,0,0.901411,0.0262695,0.36288,3.6288,58.0636,0.943841,0,0,0.520393,0.327574,0,0.66528,12.849,1,0.84672,0.36288,0,22.4253,5.95185,15.9896,0.84672,12.849,0.84672,3695.15,0,0.0036966,2.9661e-05,0.261274,1.92317,2.98719,1.43653,3.73508,0.42336,0.0018483,0.21168,0.0018483,0.21168,460.486,0,0.704428,0,0,0.965701,0.261274,1.028160,1,0,19.7247,0,0,0,19.7247,0
0.535327,0.512262,0,0,0.924713,0.0265064,0.36288,3.6288,57.4547,0.843681,0,0,0.570285,0.335464,0,0.66528,12.849,1,0.84672,0.36288,0,22.0883,6.15447,15.45,0.84672,12.849,0.84672,3695.15,0,0.0036966,2.68564e-05,0.261274,1.92329,3.18652,1.4586,3.91245,0.42336,0.0018483,0.21168,0.0018483,0.21168,460.486,0,0.844975,0,0,1.10625,0.261274,1.028160,1,0,19.3625,0,0,0,19.3625,0
0.457308,0.535327,0,0,0.84672,0.0265323,0.36288,3.6288,56.6444,1.00438,0,0,0.528206,0.334146,0,0.66528,12.849,1,0.84672,0.36288,0,20.9948,6.15447,14.3565,0.84672,12.849,0.84672,3695.15,0,0.0036966,3.23104e-05,0.261274,1.9697,2.80093,1.4586,3.57327,0.42336,0.0018483,0.21168,0.0018483,0.21168,460.486,0,0.684383,0,0,0.945657,0.261274,1.028160,1,0,17.9297,0,0,0,17.9297,0
0.508575,0.457308,0,0,0.894612,0.0231564,0.36288,3.6288,56.1318,0.7815,0,0,0.606379,0.337419,0,0.66528,12.849,1,0.84672,0.36288,0,20.5909,6.30402,13.8031,0.84672,12.849,0.84672,3695.15,0,0.0036966,2.55003e-05,0.227405,1.96982,3.70527,1.48848,4.41399,0.42336,0.0018483,0.21168,0.0018483,0.21168,460.486,0,0.907373,0,0,1.13478,0.227405,1.028160,1,0,18.2171,0,0,0,18.2171,0
0.51737,0.508575,0,0,0.902362,0.0221112,0.36288,3.6288,55.6732,0.753675,0,0,0.594089,0.299049,0,0.66528,12.849,1,0.84672,0.36288,0,20.0863,6.31321,13.2892,0.84672,12.849,0.84672,3695.15,0,0.0036966,2.48169e-05,0.227405,1.96995,3.62441,1.52045,4.30129,0.42336,0.0018483,0.21168,0.0018483,0.21168,460.486,0,0.935306,0,0,1.16271,0.227405,1.028160,1,0,17.5905,0,0,0,17.5905,0
0.446067,0.51737,0,0,0.833147,0.0241998,0.36288,3.6288,54.7682,1.10279,0,0,0.503013,0.30524,0,0.66528,12.849,1,0.84672,0.36288,0,18.2384,5.93742,11.8172,0.84672,12.849,0.84672,3695.15,0,0.0036966,0.0018483,0.227405,1.97008,3.01897,1.45586,3.75874,0.42336,0.0018483,0.21168,0.0018483,0.21168,460.486,0,0.590648,0,0,0.818052,0.227405,1.028160,1,0,15.5759,0,0,0,15.5759,0
0.545579,0.446067,0,0,0.930943,0.0224837,0.36288,3.6288,54.1869,0.893523,0,0,0.618125,0.305912,0,0.66528,12.849,1,0.84672,0.36288,0,23.2083,6.0122,16.7122,0.84672,12.849,0.84672,3695.15,0,0.0036966,0.0018483,0.227405,2.12698,3.20445,1.4708,4.08618,0.42336,0.0018483,0.21168,0.0018483,0.21168,460.486,0,0.799917,0,0,1.02732,0.227405,1.028160,1,0,20.7984,0,0,0,20.7984,0
0.350038,0.545579,0,0,0.735497,0.0225788,0.36288,3.6288,53.1715,1.16188,0,0,0.451204,0.304739,0,0.66528,12.849,1,0.84672,0.36288,0,23.9501,6.0122,17.454,0.84672,12.849,0.84672,3695.15,0,0.0036966,0.0018483,0.204422,2.12712,2.53911,1.4708,3.39799,0.42336,0.0018483,0.21168,0.0018483,0.21168,460.486,0,0.531559,0,0,0.735981,0.204422,1.028160,1,0,20.852,0,0,0,20.852,0
0.525652,0.350038,0,0,0.910924,0.0223918,0.36288,3.6288,52.9544,0.66528,0,0,0.750656,0.302428,0,0.66528,12.849,1,0.84672,0.36288,0,21.2252,6.0122,14.7292,0.84672,12.849,0.84672,3695.15,0,0.0036966,0.0018483,0.284524,2.12725,3.81554,1.4708,4.75466,0.42336,0.0018483,0.21168,0.0018483,0.21168,460.486,0,1.02816,0,0,1.31268,0.284524,1.028160,1,0,19.4838,0,0,0,19.4838,0
0.41031,0.525652,0,0,0.81521,0.0420202,0.36288,3.6288,52.0436,1.08832,0,0,0.434042,0.256504,0,0.66528,12.849,1,0.84672,0.36288,0,21.584,4.88483,16.2154,0.84672,12.849,0.84672,3695.15,0,0.0036966,0.0018483,0.204422,2.12739,3.05047,1.29823,4.0822,0.42336,0.0018483,0.21168,0.0018483,0.21168,460.486,0,0.605122,0,0,0.809545,0.204422,1.028160,1,0,20.2976,0,0,0,20.2976,0
0.287658,0.41031,0,0,0.714718,0.0641796,0.36288,3.6288,51.1787,1.09845,0,0,0.456227,0.222729,0,0.66528,12.849,1,0.84672,0.36288,0,17.3746,3.79806,13.0927,0.84672,12.849,0.84672,3695.15,0,0.0036966,0.0018483,0.204422,2.12752,3.17348,1.07222,4.43136,0.42336,0.0018483,0.21168,0.0018483,0.21168,460.486,0,0.594993,0,0,0.799415,0.204422,1.028160,1,0,17.5241,0,0,0,17.5241,0
0.427832,0.287658,0,0,0.854557,0.0638443,0.36288,3.6288,50.8579,0.811737,0,0,0.71216,0.221176,0,0.66528,12.849,1,0.84672,0.36288,0,20.9368,3.79806,16.6549,0.84672,12.849,0.84672,3695.15,0,0.0036966,0.0018483,0.216518,2.03778,4.34769,1.07222,5.52793,0.42336,0.0018483,0.21168,0.0018483,0.21168,460.486,0,0.881703,0,0,1.09822,0.216518,1.028160,1,0,22.1828,0,0,0,22.1828,0
0.366338,0.427832,0,0,0.793446,0.0642275,0.36288,3.6288,50.4025,0.837786,0,0,0.602945,0.2206,0,0.66528,12.849,1,0.84672,0.36288,0,19.3234,3.79806,15.0415,0.84672,12.849,0.84672,3695.15,0,0.0036966,0.0018483,0.216518,2.03791,3.48928,1.07222,4.66965,0.42336,0.0018483,0.21168,0.0018483,0.21168,460.486,0,0.855654,0,0,1.07217,0.216518,1.028160,1,0,19.7112,0,0,0,19.7112,0
0.515465,0.366338,0,0,0.947877,0.0695322,0.36288,3.6288,50.2308,0.66528,0,0,0.710954,0.217332,0,0.66528,12.849,1,0.84672,0.36288,0,19.9416,3.86889,15.5888,0.84672,12.849,0.84672,3695.15,0,0.0036966,0.0018483,0.352754,2.03804,4.39144,1.03058,5.74981,0.42336,0.0018483,0.21168,0.0018483,0.21168,460.486,0,1.02816,0,0,1.38091,0.352754,1.028160,1,0,21.3386,0,0,0,21.3386,0
0.733955,0.515465,0,0,1.20321,0.106371,0.36288,3.6288,49.3952,0.974556,0,0,0.343249,0.204291,0,0.66528,12.849,1,0.84672,0.36288,0,19.0184,4.11411,14.4204,0.84672,12.849,0.84672,3695.15,0,0.0036966,3.58599e-05,0.216518,2.03817,3.14217,1.01328,4.38354,0.42336,0.0018483,0.21168,0.0018483,0.21168,460.486,0,0.692289,0,0,0.908807,0.216518,1.028160,1,0,18.804,0,0,0,18.804,0
0.552229,0.733955,0,0,1.02247,0.107357,0.36288,3.6288,48.8082,0.769331,0,0,0.385221,0.202895,0,0.66528,12.849,1,0.84672,0.36288,0,15.5466,4.11411,10.9486,0.84672,12.849,0.84672,3695.15,0,0.0036966,2.87873e-05,0.216518,1.95841,3.4925,1.01328,4.65412,0.42336,0.0018483,0.21168,0.0018483,0.21168,460.486,0,0.897627,0,0,1.11415,0.216518,1.028160,1,0,15.6027,0,0,0,15.6027,0
2.67985,0.552229,0,0,3.14927,0.106537,0.36288,3.6288,49.2002,0.638908,0,0,1.23278,0.201914,0,0.66528,12.849,1,0.84672,0.36288,0,53.8632,4.11411,49.2653,0.84672,12.849,0.84672,3695.15,0,0.0036966,2.41946e-05,2.53499,1.95853,8.30463,1.01328,11.7848,0.42336,0.0018483,0.21168,0.0018483,0.21168,460.486,0,1.02816,0,0,3.56315,2.53499,1.028160,1,0,61.0501,0,0,0,61.0501,0
2.09419,2.67985,0,0,2.58574,0.128665,0.36288,3.6288,49.4315,0.639014,0,0,1.05132,0.181009,0,0.66528,12.849,1,0.84672,0.36288,0,43.6903,3.78763,39.4188,0.84672,12.849,0.84672,3695.15,0,0.0036966,2.40058e-05,0.527351,1.95866,6.27974,0.920805,7.84492,0.42336,0.0018483,0.21168,0.0018483,0.21168,460.486,0,1.02816,0,0,1.55551,0.527351,1.028160,1,0,47.2638,0,0,0,47.2638,0
1.21902,2.09419,0,0,1.68826,0.106357,0.36288,3.6288,49.6399,0.545616,0,0,0.937025,0.18301,0,0.66528,12.849,1,0.84672,0.36288,0,74.6939,3.77587,70.4342,0.84672,12.849,0.84672,3695.15,0,0.0036966,2.04012e-05,0.710925,1.95878,8.7937,1.10224,10.3612,0.42336,0.0018483,0.21168,0.0018483,0.21168,460.486,0,1.02816,0,0,1.73909,0.710925,1.028160,1,0,80.7954,0,0,0,80.7954,0
2.68829,1.21902,0,0,3.16322,0.112055,0.36288,3.6288,51.4111,0.545716,0,0,2.50274,0.185762,0,0.66528,12.849,1,0.84672,0.36288,0,123.005,4.06529,118.456,0.84672,12.849,0.84672,3695.15,0,0.0036966,2.03193e-05,2.33528,1.86674,15.1981,1.13819,18.2619,0.42336,0.0018483,0.21168,0.0018483,0.21168,460.486,0,1.02816,0,0,3.36344,2.33528,1.028160,1,0,136.718,0,0,0,136.718,0
2.96841,2.62482,0,0,3.38666,0.118834,0.36288,3.6288,52.1809,0.545817,0,0,1.50402,0.188467,0,0.66528,12.849,1,0.84672,0.36288,0,122.59,4.06529,118.041,0.84672,12.849,0.84672,3695.15,0,0.0036966,1.96229e-05,1.82875,1.86686,12.1342,1.13819,14.6916,0.42336,0.0018483,0.21168,0.0018483,0.21168,460.486,0,1.02816,0,0,2.85691,1.82875,1.028160,1,0,132.733,0,0,0,132.733,0
3.84496,2.62521,0,0,3.98477,0.120127,0.36288,3.6288,52.9846,0.545917,0,0,1.53926,0.189643,0,0.66528,12.849,1,0.84672,0.36288,0,105.001,4.06529,100.452,0.84672,12.849,0.84672,3695.15,0,0.0036966,1.9337e-05,1.90491,1.86697,10.8353,1.13819,13.469,0.42336,0.0018483,0.21168,0.0018483,0.21168,460.486,0,1.02816,0,0,2.93307,1.90491,1.028160,1,0,113.921,0,0,0,113.921,0
6.23766,2.6258,0,0,5.49703,0.11565,0.36288,3.6288,53.8478,0.546018,0,0,1.59876,0.18947,0,0.66528,12.849,1,0.84672,0.36288,0,85.3916,3.92649,80.9813,0.84672,12.849,0.84672,3695.15,0,0.0036966,1.90471e-05,2.2958,1.86709,13.7916,1.05237,16.9021,0.42336,0.0018483,0.21168,0.0018483,0.21168,460.486,0,1.02816,0,0,3.32396,2.2958,1.028160,1,0,97.8834,0,0,0,97.8834,0
18.2814,2.73529,0,0,15.2609,0.118995,0.36288,3.6288,56.859,0.597012,0,0,3.8113,0.203115,0,0.66528,12.849,1,0.84672,0.36288,0,288.215,4.03315,283.698,0.84672,12.849,0.84672,3695.15,0,0.0036966,2.04921e-05,5.62545,1.86721,29.5826,1.07113,36.0041,0.42336,0.0018483,0.21168,0.0018483,0.21168,460.486,0,1.02816,0,0,6.65361,5.62545,1.028160,1,0,319.702,0,0,0,319.702,0
28.631,2.73602,0,0,13.6059,0.157387,0.36288,3.6288,61.308,0.597102,0,0,5.43065,0.207173,0.177394,0.66528,12.849,1,0.84672,0.36288,0,374.696,4.03315,370.179,0.84672,12.849,0.84672,3695.15,0,0.0036966,1.94098e-05,6.27687,1.92704,30.9254,1.07113,38.0582,0.42336,0.0018483,0.21168,0.0018483,0.21168,460.486,0,1.02816,0,0,7.30503,6.27687,1.028160,1,0,408.415,0,0,0,408.415,0
33.261,2.73632,0,0,7.9151,0.185973,0.36288,3.6288,61.308,0.597192,0,0,2.75017,0.202265,1.95071,0.66528,12.849,1,0.84672,0.36288,0,189.527,3.93593,185.107,0.84672,12.849,0.84672,3695.15,0,0.0036966,1.8004e-05,3.27212,1.92715,19.253,1.04228,23.41,0.42336,0.0018483,0.21168,0.0018483,0.21168,460.486,0,1.02816,0,0,4.30028,3.27212,1.028160,1,0,210.468,0,0,0,210.468,0
39.8492,2.73654,0,0,9.915,0.22738,0.36288,3.6288,61.308,0.597281,0,0,2.49266,0.140172,1.7552,0.66528,12.849,1,0.84672,0.36288,0,144.661,3.53492,140.642,0.84672,12.849,0.84672,3695.15,0,0.0036966,1.80067e-05,2.78474,1.92726,21.5622,0.881617,25.3925,0.42336,0.0018483,0.21168,0.0018483,0.21168,460.486,0,1.02816,0,0,3.8129,2.78474,1.028160,1,0,167.79,0,0,0,167.79,0
45.3956,2.90143,0,0,9.08029,0.269622,0.36288,3.6288,61.308,0.66528,0,0,2.85949,0.160128,2.03408,0.66528,12.849,1,0.84672,0.36288,0,210.472,4.62913,205.359,0.84672,12.849,0.84672,3695.15,0,0.0036966,0.0018483,3.10702,1.92736,13.6566,0.956118,17.7331,0.42336,0.0018483,0.21168,0.0018483,0.21168,460.486,0,1.02816,0,0,4.13518,3.10702,1.028160,1,0,225.126,0,0,0,225.126,0
49.4671,2.92147,0,0,7.63966,0.283725,0.36288,3.6288,61.308,0.66528,0,0,2.53051,0.166891,1.69834,0.66528,12.849,1,0.826907,0.36288,0,154.75,4.64217,149.644,0.84672,12.849,0.84672,3695.15,0,0.0036966,0.0018483,2.35628,2.04003,11.438,0.967584,14.8649,0.42336,0.0018483,0.21168,0.0018483,0.21168,460.486,0,1.02816,0,0,3.38444,2.35628,1.028160,1,0,166.207,0,0,0,166.207,0
55.4585,2.97566,0,0,9.60276,0.272805,0.36288,3.6288,61.308,0.66528,0,0,3.55991,0.20747,2.68716,0.66528,12.849,1,0.772923,0.36288,0,180.057,4.72038,174.926,0.84672,12.849,0.84672,3695.15,0,0.0036966,0.0018483,4.05034,2.04014,24.115,1.03638,29.1673,0.42336,0.0018483,0.21168,0.0018483,0.21168,460.486,0,1.02816,0,0,5.0785,4.05034,1.028160,1,0,206.781,0,0,0,206.781,0
60.3131,3.04363,0,0,8.55221,0.291132,0.36288,3.6288,61.308,0.66528,0,0,2.04474,0.200309,1.17915,0.66528,12.849,1,0.705169,0.36288,0,150.646,4.6398,145.664,0.84672,12.849,0.84672,3695.15,0,0.0036966,0.0018483,2.8269,2.04025,16.9981,1.0143,20.8491,0.42336,0.0018483,0.21168,0.0018483,0.21168,460.486,0,1.02816,0,0,3.85506,2.8269,1.028160,1,0,167.692,0,0,0,167.692,0
61.7759,2.83194,0,0,4.96883,0.311204,0.36288,3.6288,61.308,0.532345,0,0,1.45385,0.157348,0.76416,0.66528,12.849,1,0.603312,0.36288,0,107.178,4.15632,102.782,0.84672,12.849,0.84672,3695.15,0,0.0036966,1.6049e-05,1.86837,2.04036,8.65572,0.881862,11.6826,0.42336,0.0018483,0.21168,0.0018483,0.21168,460.486,0,1.02816,0,0,2.89653,1.86837,1.028160,1,0,115.228,0,0,0,115.228,0
63.389,2.84393,0,0,5.13491,0.315004,0.36288,3.6288,61.308,0.53243,0,0,1.85541,0.157348,1.16564,0.66528,12.849,1,0.591519,0.36288,0,118.156,4.15632,113.771,0.84672,12.849,0.84672,3695.15,0,0.0036966,1.60516e-05,2.51248,1.84944,14.615,0.881862,18.095,0.42336,0.0018483,0.21168,0.0018483,0.21168,460.486,0,1.02816,0,0,3.54064,2.51248,1.028160,1,0,133.032,0,0,0,133.032,0
66.4819,2.8566,0,0,6.63157,0.319194,0.36288,3.6288,61.308,0.532516,0,0,2.09736,0.157348,1.4075,0.66528,12.849,1,0.579035,0.36288,0,93.6896,4.15632,89.3171,0.84672,12.849,0.84672,3695.15,0,0.0036966,1.60542e-05,3.32503,1.84954,16.8405,0.881862,21.1332,0.42336,0.0018483,0.21168,0.0018483,0.21168,460.486,0,1.02816,0,0,4.35319,3.32503,1.028160,1,0,111.858,0,0,0,111.858,0
69.8261,2.87934,0,0,6.90564,0.319278,0.36288,3.6288,61.308,0.532601,0,0,3.14027,0.165465,2.4422,0.66528,12.849,1,0.556491,0.36288,0,163.582,4.13485,159.254,0.84672,12.849,0.84672,3695.15,0,0.0036966,1.60567e-05,5.9441,1.84964,19.6758,0.90026,26.5692,0.42336,0.0018483,0.21168,0.0018483,0.21168,460.486,0,1.02816,0,0,6.97226,5.9441,1.028160,1,0,188.265,0,0,0,188.265,0
72.247,2.90201,0,0,6.00146,0.31562,0.36288,3.6288,61.308,0.532686,0,0,2.23799,0.189888,1.51542,0.66528,12.849,1,0.534011,0.36288,0,110.892,3.9504,106.77,0.84672,12.849,0.84672,3695.15,0,0.0036966,1.60593e-05,2.46738,1.84975,12.4302,0.943515,15.8038,0.42336,0.0018483,0.21168,0.0018483,0.21168,460.486,0,1.02816,0,0,3.49554,2.46738,1.028160,1,0,124.089,0,0,0,124.089,0
72.29,3.02395,0,0,6.82179,0.289309,3.46554,3.6288,61.308,0.59555,0,0,4.55519,0.178483,3.78116,0.66528,12.849,1,0.537805,3.46554,0,113.223,3.64392,112.507,0.84672,12.849,0.84672,3695.15,0,0.0036966,1.79545e-05,4.28591,1.84985,14.0606,0.915933,19.2805,0.42336,0.0018483,0.21168,0.0018483,0.21168,460.486,0,1.02816,0,0,5.31407,4.28591,1.028160,1,0,135.568,0,0,0,135.568,0
72.29,3.02439,0,0,5.7645,0.289404,2.45071,3.6288,61.308,0.595639,0,0,4.97977,0.178483,4.20565,0.66528,12.849,1,0.537563,2.45071,0,137.715,3.64392,135.984,0.84672,12.849,0.84672,3695.15,0,0.0036966,1.79572e-05,5.54873,1.92198,17.6233,0.915933,24.178,0.42336,0.0018483,0.21168,0.0018483,0.21168,460.486,0,1.02816,0,0,6.57689,5.54873,1.028160,1,0,164.368,0,0,0,164.368,0
72.29,3.02456,0,0,4.20452,0.283621,0.89634,3.6288,61.308,0.595728,0,0,3.4643,0.162683,2.70589,0.66528,12.849,1,0.537592,0.89634,0,123.261,3.21225,120.407,0.84672,12.849,0.84672,3695.15,0,0.0036966,1.79599e-05,3.85493,1.92209,11.6089,0.855546,16.5303,0.42336,0.0018483,0.21168,0.0018483,0.21168,460.486,0,1.02816,0,0,4.88309,3.85493,1.028160,1,0,139.644,0,0,0,139.644,0
72.29,3.02472,0,0,4.55643,0.229798,1.30191,3.6288,61.308,0.595817,0,0,3.01147,0.173075,2.24258,0.66528,12.849,1,0.537621,1.30191,0,110.962,3.22578,108.5,0.84672,12.849,0.84672,3695.15,0,0.0036966,1.79625e-05,3.73917,1.92219,15.3408,0.906956,20.0952,0.42336,0.0018483,0.21168,0.0018483,0.21168,460.486,0,1.02816,0,0,4.76733,3.73917,1.028160,1,0,130.838,0,0,0,130.838,0
72.29,2.9832,0,0,4.70312,0.198639,1.52129,3.6288,61.308,0.571517,0,0,2.22669,0.216575,1.4386,0.66528,12.849,1,0.530241,1.52129,0,83.9964,4.38543,80.602,0.84672,12.849,0.84672,3695.15,0,0.0036966,1.723e-05,2.69125,1.9223,10.3766,1.09363,13.8965,0.42336,0.0018483,0.21168,0.0018483,0.21168,460.486,0,1.02816,0,0,3.71941,2.69125,1.028160,1,0,95.9371,0,0,0,95.9371,0
72.29,2.98336,0,0,3.97583,0.198639,0.793835,3.6288,61.308,0.571605,0,0,2.07437,0.216575,1.28619,0.66528,12.849,1,0.53027,0.793835,0,71.5262,4.38543,67.4044,0.84672,12.849,0.84672,3695.15,0,0.0036966,1.72326e-05,2.29916,1.89436,8.55213,1.09363,11.652,0.42336,0.0018483,0.21168,0.0018483,0.21168,460.486,0,1.02816,0,0,3.32732,2.29916,1.028160,1,0,80.3426,0,0,0,80.3426,0
72.2706,2.98352,0,0,3.52563,0.198639,0.36288,3.6288,61.308,0.571692,0,0,1.86289,0.216575,1.07462,0.66528,12.849,1,0.530299,0.36288,0,61.6581,4.38543,57.1053,0.84672,12.849,0.84672,3695.15,0,0.0036966,1.72353e-05,1.86786,1.89446,7.37588,1.09363,10.0446,0.42336,0.0018483,0.21168,0.0018483,0.21168,460.486,0,1.02816,0,0,2.89602,1.86786,1.028160,1,0,68.2245,0,0,0,68.2245,0
71.9494,2.98357,0,0,3.21522,0.189969,0.36288,3.6288,61.308,0.57178,0,0,1.68071,0.205197,0.903736,0.66528,12.849,1,0.530449,0.36288,0,55.3849,4.14951,51.0678,0.84672,12.849,0.84672,3695.15,0,0.0036966,1.72379e-05,1.6373,1.89456,6.80357,1.03379,9.30162,0.42336,0.0018483,0.21168,0.0018483,0.21168,460.486,0,1.02816,0,0,2.66546,1.6373,1.028160,1,0,61.2732,0,0,0,61.2732,0
71.9871,3.12316,0,0,3.68585,0.162111,0.36288,3.6288,61.308,0.658372,0,0,1.52017,0.175425,0.686377,0.66528,12.849,1,0.557746,0.36288,0,63.5351,3.49829,59.842,0.84672,12.849,0.84672,3695.15,0,0.0036966,1.98484e-05,2.0561,1.89467,8.43826,0.879036,11.51,0.42336,0.0018483,0.21168,0.0018483,0.21168,460.486,0,1.02816,0,0,3.08426,2.0561,1.028160,1,0,72.0383,0,0,0,72.0383,0
71.7823,3.12358,0,0,3.44388,0.162158,0.36288,3.6288,61.308,0.658464,0,0,1.45204,0.175425,0.61815,0.66528,12.849,1,0.557529,0.36288,0,58.2223,3.49829,54.5293,0.84672,12.849,0.84672,3695.15,0,0.0036966,1.98512e-05,1.65956,1.99285,7.65841,0.879036,10.4318,0.42336,0.0018483,0.21168,0.0018483,0.21168,460.486,0,1.02816,0,0,2.68772,1.65956,1.028160,1,0,65.5793,0,0,0,65.5793,0
71.4469,3.1224,0,0,3.25934,0.109484,0.36288,3.6288,61.308,0.658556,0,0,1.36528,0.250401,0.456318,0.66528,12.849,1,0.558908,0.36288,0,55.0124,4.51694,50.2995,0.84672,12.849,0.84672,3695.15,0,0.0036966,1.9854e-05,1.34312,1.99296,6.64001,1.15181,8.82427,0.42336,0.0018483,0.21168,0.0018483,0.21168,460.486,0,1.02816,0,0,2.37128,1.34312,1.028160,1,0,59.5801,0,0,0,59.5801,0
70.9046,3.12035,0,0,3.02919,0.0882896,0.36288,3.6288,61.308,0.658649,0,0,1.29299,0.280391,0.353954,0.66528,12.849,1,0.561163,0.36288,0,50.8062,4.9244,45.6835,0.84672,12.849,0.84672,3695.15,0,0.0036966,1.98568e-05,1.22853,1.99307,6.32796,1.26091,8.28862,0.42336,0.0018483,0.21168,0.0018483,0.21168,460.486,0,1.02816,0,0,2.25669,1.22853,1.028160,1,0,54.3261,0,0,0,54.3261,0
70.2612,3.11689,0,0,2.93985,0.103426,0.36288,3.6288,61.308,0.658741,0,0,1.56658,0.269121,0.638717,0.66528,12.849,1,0.564828,0.36288,0,47.2748,5.21697,41.8559,0.84672,12.849,0.84672,3695.15,0,0.0036966,1.98596e-05,1.27887,1.99317,6.55804,1.19161,8.63845,0.42336,0.0018483,0.21168,0.0018483,0.21168,460.486,0,1.02816,0,0,2.30703,1.27887,1.028160,1,0,51.133,0,0,0,51.133,0
69.705,2.93982,0,0,2.83059,0.0840884,0.36288,3.6288,61.308,0.624869,0,0,1.56066,0.29998,0.635811,0.66528,12.849,1,0.537619,0.36288,0,44.8623,5.37198,39.3155,0.84672,12.849,0.84672,3695.15,0,0.0036966,1.88384e-05,1.26137,1.99328,6.78983,1.28105,8.76341,0.42336,0.0018483,0.21168,0.0018483,0.21168,460.486,0,1.02816,0,0,2.28953,1.26137,1.028160,1,0,48.7148,0,0,0,48.7148,0
69.0167,2.93636,0,0,2.69048,0.0795796,0.36288,3.6288,61.308,0.62496,0,0,1.51534,0.305875,0.5845,0.66528,12.849,1,0.541271,0.36288,0,41.2356,5.37831,35.6789,0.84672,12.849,0.84672,3695.15,0,0.0036966,1.88411e-05,1.1829,1.92883,6.57869,1.30058,8.38983,0.42336,0.0018483,0.21168,0.0018483,0.21168,460.486,0,1.02816,0,0,2.21106,1.1829,1.028160,1,0,44.6532,0,0,0,44.6532,0
68.1482,2.93197,0,0,2.50549,0.0791556,0.36288,3.6288,61.308,0.62505,0,0,1.32235,0.305875,0.391427,0.66528,12.849,1,0.545851,0.36288,0,38.3269,5.37831,32.7656,0.84672,12.849,0.84672,3695.15,0,0.0036966,1.88439e-05,1.08842,1.92894,6.23185,1.30058,7.9486,0.42336,0.0018483,0.21168,0.0018483,0.21168,460.486,0,1.02816,0,0,2.11658,1.08842,1.028160,1,0,41.1056,0,0,0,41.1056,0
67.1173,2.92628,0,0,2.33392,0.0756707,0.36288,3.6288,61.308,0.625141,0,0,1.21641,0.31115,0.280118,0.66528,12.849,1,0.551735,0.36288,0,35.4822,5.58723,29.7062,0.84672,12.849,0.84672,3695.15,0,0.0036966,1.88466e-05,0.902984,1.92904,5.74861,1.35293,7.22768,0.42336,0.0018483,0.21168,0.0018483,0.21168,460.486,0,1.02816,0,0,1.93114,0.902984,1.028160,1,0,37.2139,0,0,0,37.2139,0
66.2151,2.98745,0,0,2.51589,0.0677442,0.36288,3.6288,61.308,0.66528,0,0,1.55294,0.324337,0.563319,0.66528,12.849,1,0.571921,0.36288,0,41.1282,6.10953,34.8096,0.84672,12.849,0.84672,3695.15,0,0.0036966,0.000371732,1.0344,1.92915,5.84201,1.48382,7.32137,0.42336,0.0018483,0.21168,0.0018483,0.21168,460.486,0,1.02816,0,0,2.06256,1.0344,1.028160,1,0,42.6943,0,0,0,42.6943,0
65.1465,2.98109,0,0,2.34261,0.0672615,0.36288,3.6288,61.308,0.66528,0,0,1.34727,0.324337,0.357653,0.66528,12.849,1,0.578478,0.36288,0,34.8238,6.10953,28.4987,0.84672,12.849,0.84672,3695.15,0,0.0036966,0.000464435,1.20137,1.97568,5.89581,1.48382,7.58858,0.42336,0.0018483,0.21168,0.0018483,0.21168,460.486,0,1.02816,0,0,2.22953,1.20137,1.028160,1,0,36.4449,0,0,0,36.4449,0
63.9095,2.97332,0,0,2.16588,0.0666898,0.36288,3.6288,61.308,0.66528,0,0,1.2494,0.324337,0.259787,0.66528,12.849,1,0.586436,0.36288,0,33.3928,6.10953,27.0597,0.84672,12.849,0.84672,3695.15,0,0.0036966,0.000557024,0.930053,1.97579,5.1264,1.48382,6.54786,0.42336,0.0018483,0.21168,0.0018483,0.21168,460.486,0,1.02816,0,0,1.95821,0.930053,1.028160,1,0,33.8674,0,0,0,33.8674,0
62.7351,2.96403,0,0,2.214,0.0614388,0.36288,3.6288,61.308,0.66528,0,0,1.3875,0.326927,0.39529,0.66528,12.849,1,0.595919,0.36288,0,31.7601,6.1843,25.3428,0.84672,12.849,0.84672,3695.15,0,0.0036966,0.000649613,1.19429,1.9759,6.34093,1.49876,8.01171,0.42336,0.0018483,0.21168,0.0018483,0.21168,460.486,0,1.02816,0,0,2.22245,1.19429,1.028160,1,0,33.7498,0,0,0,33.7498,0
61.5722,3.15228,0,0,2.41906,0.0667891,0.36288,3.6288,61.308,0.66528,0,0,1.08619,0.314554,0.106361,0.66528,12.849,1,0.64563,0.36288,0,28.9326,5.69265,22.9572,0.84672,12.849,0.84672,3695.15,0,0.0036966,0.0018483,0.640008,1.97601,6.0663,1.45892,7.22154,0.42336,0.0018483,0.21168,0.0018483,0.21168,460.486,0,1.02816,0,0,1.66817,0.640008,1.028160,1,0,30.2851,0,0,0,30.2851,0
60.7046,3.14237,0,0,2.70403,0.0663832,0.36288,3.6288,61.308,0.66528,0,0,1.22681,0.312924,0.248607,0.66528,12.849,1,0.655754,0.36288,0,34.0757,5.62317,28.1597,0.84672,12.849,0.84672,3695.15,0,0.0036966,0.0018483,0.891432,2.13336,5.90399,1.45477,7.47216,0.42336,0.0018483,0.21168,0.0018483,0.21168,460.486,0,1.02816,0,0,1.91959,0.891432,1.028160,1,0,35.8805,0,0,0,35.8805,0
59.285,3.1348,0,0,2.14399,0.0659075,0.36288,3.6288,61.2506,0.66528,0,0,0.920808,0.312924,0,0.66528,12.849,1,0.663526,0.36288,0,37.4166,5.62317,31.4928,0.84672,12.849,0.84672,3695.15,0,0.0036966,0.0018483,0.413554,2.13348,4.7405,1.45477,5.83091,0.42336,0.0018483,0.21168,0.0018483,0.21168,460.486,0,1.02816,0,0,1.44171,0.413554,1.028160,1,0,37.3237,0,0,0,37.3237,0
58.3411,3.12191,0,0,2.60594,0.0650491,0.36288,3.6288,61.308,0.66528,0,0,1.48044,0.31281,0.444953,0.66528,12.849,1,0.67662,0.36288,0,32.6157,5.62317,26.6788,0.84672,12.849,0.84672,3695.15,0,0.0036966,0.0018483,1.36209,2.1336,6.83049,1.45477,8.86955,0.42336,0.0018483,0.21168,0.0018483,0.21168,460.486,0,1.02816,0,0,2.39025,1.36209,1.028160,1,0,35.9933,0,0,0,35.9933,0
56.6926,3.11311,0,0,1.89025,0.0628028,0.36288,3.6288,61.308,0.66528,0,0,1.24755,0.292231,0.290036,0.66528,12.849,1,0.685629,0.36288,0,26.5107,5.20539,20.9826,0.84672,12.849,0.84672,3695.15,0,0.0036966,0.0018483,1.20201,2.13371,6.91321,1.36474,8.88235,0.42336,0.0018483,0.21168,0.0018483,0.21168,460.486,0,1.02816,0,0,2.23017,1.20201,1.028160,1,0,30.155,0,0,0,30.155,0
54.7363,3.00253,0,0,1.46974,0.0605753,0.36288,3.6288,61.308,0.66528,0,0,1.23123,0.276712,0.289243,0.66528,12.849,1,0.680504,0.36288,0,21.1539,4.89206,15.9442,0.84672,12.849,0.84672,3695.15,0,0.0036966,0.0018483,1.12533,2.13383,6.5073,1.29721,8.4674,0.42336,0.0018483,0.21168,0.0018483,0.21168,460.486,0,1.02816,0,0,2.15349,1.12533,1.028160,1,0,24.7009,0,0,0,24.7009,0
53.025,2.98299,0,0,1.72771,0.0931956,0.36288,3.6288,61.308,0.66528,0,0,1.25093,0.246389,0.339256,0.66528,12.849,1,0.700239,0.36288,0,21.3082,4.4768,16.4941,0.84672,12.849,0.84672,3695.15,0,0.0036966,0.0018483,1.17974,2.04381,6.79569,1.16742,8.84997,0.42336,0.0018483,0.21168,0.0018483,0.21168,460.486,0,1.02816,0,0,2.2079,1.17974,1.028160,1,0,25.6833,0,0,0,25.6833,0
54.3901,2.96496,0,0,4.86763,0.17461,0.36288,3.6288,61.308,0.66528,0,0,3.03676,0.170583,2.2009,0.66528,12.849,1,0.718469,0.36288,0,68.0838,3.43864,64.2896,0.84672,12.849,0.84672,3695.15,0,0.0036966,0.0018483,2.59466,2.04392,18.0882,0.842927,21.882,0.42336,0.0018483,0.21168,0.0018483,0.21168,460.486,0,1.02816,0,0,3.62282,2.59466,1.028160,1,0,88.3725,0,0,0,88.3725,0
53.9327,2.97971,0,0,3.06546,0.180292,0.36288,3.6288,61.308,0.66528,0,0,1.74654,0.177114,0.904147,0.66528,12.849,1,0.703921,0.36288,0,49.566,3.5266,45.6983,0.84672,12.849,0.84672,3695.15,0,0.0036966,0.0018483,1.91327,2.04403,8.93843,0.874258,12.0196,0.42336,0.0018483,0.21168,0.0018483,0.21168,460.486,0,1.02816,0,0,2.94143,1.91327,1.028160,1,0,58.6221,0,0,0,58.6221,0
52.7801,2.8982,0,0,2.30724,0.198803,0.36288,3.6288,61.2702,0.643568,0,0,0.822036,0.216302,0,0.66528,12.849,1,0.690471,0.36288,0,43.2525,4.05436,38.8706,0.84672,12.849,0.84672,3695.15,0,0.0036966,1.94021e-05,0.569212,2.04414,5.87136,1.06224,7.42244,0.42336,0.0018483,0.21168,0.0018483,0.21168,460.486,0,1.02816,0,0,1.59737,0.569212,1.028160,1,0,46.293,0,0,0,46.293,0
51.5249,2.88623,0,0,2.19038,0.196476,0.36288,3.6288,60.6001,1.02,0,0,0.566222,0.21625,0,0.66528,12.849,1,0.702636,0.36288,0,39.505,4.05436,35.1109,0.84672,12.849,0.84672,3695.15,0,0.0036966,3.07696e-05,0.216518,1.96413,5.25366,1.06224,6.37203,0.42336,0.0018483,0.21168,0.0018483,0.21168,460.486,0,0.65181,0,0,0.868329,0.216518,1.028160,1,0,41.4829,0,0,0,41.4829,0
52.5864,2.87269,0,0,4.49103,0.193943,0.36288,3.6288,60.9913,0.64375,0,0,1.25023,0.215334,0,0.66528,12.849,1,0.716375,0.36288,0,61.0215,4.05436,56.6136,0.84672,12.849,0.84672,3695.15,0,0.0036966,1.96343e-05,1.11886,1.96424,7.51165,1.06224,9.53248,0.42336,0.0018483,0.21168,0.0018483,0.21168,460.486,0,1.02816,0,0,2.14702,1.11886,1.028160,1,0,66.1461,0,0,0,66.1461,0
58.1115,2.88447,0,0,8.96854,0.196085,0.36288,3.6288,61.308,0.643842,0,0,2.40596,0.215868,1.22954,0.66528,12.849,1,0.704793,0.36288,0,112.487,4.05436,108.09,0.84672,12.849,0.84672,3695.15,0,0.0036966,1.95112e-05,3.62733,1.96434,12.085,1.06224,16.6144,0.42336,0.0018483,0.21168,0.0018483,0.21168,460.486,0,1.02816,0,0,4.65549,3.62733,1.028160,1,0,125.934,0,0,0,125.934,0
59.2003,2.85218,0,0,4.53247,0.228569,0.36288,3.6288,61.308,0.550158,0,0,1.61997,0.247946,0.821861,0.66528,12.849,1,0.630644,0.36288,0,72.9954,4.44064,68.287,0.84672,12.849,0.84672,3695.15,0,0.0036966,1.6586e-05,3.46712,1.96445,12.3423,1.08446,16.6894,0.42336,0.0018483,0.21168,0.0018483,0.21168,460.486,0,1.02816,0,0,4.49528,3.46712,1.028160,1,0,85.7983,0,0,0,85.7983,0
59.8239,2.86187,0,0,4.08289,0.234585,0.36288,3.6288,61.308,0.550244,0,0,1.36622,0.25322,0.562753,0.66528,12.849,1,0.621148,0.36288,0,68.8873,4.50502,64.124,0.84672,12.849,0.84672,3695.15,0,0.0036966,1.65886e-05,2.74336,1.87212,9.83154,1.08817,13.3588,0.42336,0.0018483,0.21168,0.0018483,0.21168,460.486,0,1.02816,0,0,3.77152,2.74336,1.028160,1,0,78.0456,0,0,0,78.0456,0
61.906,2.86736,0,0,5.5445,0.232185,0.36288,3.6288,61.308,0.55033,0,0,2.43507,0.243958,1.64078,0.66528,12.849,1,0.615852,0.36288,0,85.9467,4.17895,81.5147,0.84672,12.849,0.84672,3695.15,0,0.0036966,1.65912e-05,3.6236,1.87222,16.9197,1.01479,21.4007,0.42336,0.0018483,0.21168,0.0018483,0.21168,460.486,0,1.02816,0,0,4.65176,3.6236,1.028160,1,0,104.556,0,0,0,104.556,0
64.1531,2.88467,0,0,5.72119,0.226498,0.36288,3.6288,61.308,0.550417,0,0,2.53538,0.246093,1.73887,0.66528,12.849,1,0.598732,0.36288,0,121.043,4.24117,116.566,0.84672,12.849,0.84672,3695.15,0,0.0036966,1.65938e-05,2.56827,1.87232,14.3802,1.03202,17.7887,0.42336,0.0018483,0.21168,0.0018483,0.21168,460.486,0,1.02816,0,0,3.59643,2.56827,1.028160,1,0,136.094,0,0,0,136.094,0
67.4725,2.9023,0,0,6.82431,0.239725,0.36288,3.6288,61.308,0.550503,0,0,2.97735,0.249679,2.17717,0.66528,12.849,1,0.581292,0.36288,0,137.392,4.66257,132.511,0.84672,12.849,0.84672,3695.15,0,0.0036966,1.65964e-05,3.8529,1.87243,17.4423,1.25373,21.9138,0.42336,0.0018483,0.21168,0.0018483,0.21168,460.486,0,1.02816,0,0,4.88106,3.8529,1.028160,1,0,156.602,0,0,0,156.602,0
70.1437,3.01815,0,0,6.31945,0.267277,0.36288,3.6288,61.308,0.601628,0,0,1.64026,0.228711,0.809922,0.66528,12.849,1,0.574756,0.36288,0,134.749,4.34091,130.197,0.84672,12.849,0.84672,3695.15,0,0.0036966,1.81377e-05,2.169,1.87253,12.454,1.34479,15.1507,0.42336,0.0018483,0.21168,0.0018483,0.21168,460.486,0,1.02816,0,0,3.19716,2.169,1.028160,1,0,146.157,0,0,0,146.157,0
72.29,3.03679,0,0,6.20758,0.2729,0.751554,3.6288,61.308,0.601702,0,0,1.43839,0.228711,0.607973,0.66528,12.849,1,0.556283,0.751554,0,111.11,4.34091,106.965,0.84672,12.849,0.84672,3695.15,0,0.0036966,1.814e-05,2.53142,1.93251,11.219,1.34479,14.3381,0.42336,0.0018483,0.21168,0.0018483,0.21168,460.486,0,1.02816,0,0,3.55958,2.53142,1.028160,1,0,121.911,0,0,0,121.911,0
72.29,3.05096,0,0,6.20714,0.270717,2.88547,3.6288,61.308,0.601777,0,0,1.94594,0.237004,1.10715,0.66528,12.849,1,0.542285,2.88547,0,121.155,4.2537,119.245,0.84672,12.849,0.84672,3695.15,0,0.0036966,1.81422e-05,3.6483,1.9326,14.8587,1.33782,19.1018,0.42336,0.0018483,0.21168,0.0018483,0.21168,460.486,0,1.02816,0,0,4.67646,3.6483,1.028160,1,0,139.454,0,0,0,139.454,0
72.29,3.0511,0,0,5.63251,0.253964,2.32745,3.6288,61.308,0.601852,0,0,1.31414,0.257735,0.454557,0.66528,12.849,1,0.542309,2.32745,0,91.2695,4.03568,89.019,0.84672,12.849,0.84672,3695.15,0,0.0036966,1.81445e-05,1.6073,1.93269,8.99441,1.32042,11.214,0.42336,0.0018483,0.21168,0.0018483,0.21168,460.486,0,1.02816,0,0,2.63546,1.6073,1.028160,1,0,100.687,0,0,0,100.687,0
72.29,3.19145,0,0,8.37328,0.322049,4.85978,3.6288,61.308,0.66528,0,0,2.40064,0.151157,1.5842,0.66528,12.849,1,0.567257,4.85978,0,216.193,3.69338,216.792,0.84672,12.849,0.84672,3695.15,0,0.0036966,0.0018483,6.85039,1.93278,18.0689,0.963046,25.8872,0.42336,0.0018483,0.21168,0.0018483,0.21168,460.486,0,1.02816,0,0,7.87855,6.85039,1.028160,1,0,244.263,0,0,0,244.263,0
72.29,3.1916,0,0,5.68916,0.322049,2.17551,3.6288,61.308,0.66528,0,0,1.64833,0.151157,0.831894,0.66528,12.849,1,0.567283,2.17551,0,124.204,3.69338,122.119,0.84672,12.849,0.84672,3695.15,0,0.0036966,0.0018483,2.6639,2.04575,9.79413,0.963046,13.5389,0.42336,0.0018483,0.21168,0.0018483,0.21168,460.486,0,1.02816,0,0,3.69206,2.6639,1.028160,1,0,136.49,0,0,0,136.49,0
72.29,3.19175,0,0,4.69961,0.322049,1.18581,3.6288,61.308,0.66528,0,0,1.39553,0.151157,0.579096,0.66528,12.849,1,0.567309,1.18581,0,86.9331,3.69338,83.8582,0.84672,12.849,0.84672,3695.15,0,0.0036966,0.0018483,1.97878,2.04584,7.80106,0.963046,10.8608,0.42336,0.0018483,0.21168,0.0018483,0.21168,460.486,0,1.02816,0,0,3.00694,1.97878,1.028160,1,0,95.2981,0,0,0,95.2981,0
72.29,3.19189,0,0,4.51593,0.29762,1.02642,3.6288,61.308,0.66528,0,0,1.44314,0.184972,0.592887,0.66528,12.849,1,0.567335,1.02642,0,82.4368,3.75855,79.1374,0.84672,12.849,0.84672,3695.15,0,0.0036966,0.0018483,2.16428,2.04593,10.2107,1.02038,13.3987,0.42336,0.0018483,0.21168,0.0018483,0.21168,460.486,0,1.02816,0,0,3.19244,2.16428,1.028160,1,0,93.1289,0,0,0,93.1289,0
72.29,2.92489,0,0,7.78217,0.337778,4.5195,3.6288,61.308,0.536663,0,0,4.10485,0.10058,3.4676,0.66528,12.849,1,0.519878,4.5195,0,117.911,3.29805,118.613,0.84672,12.849,0.84672,3695.15,0,0.0036966,1.61792e-05,6.93167,2.04603,16.0631,0.767313,24.2735,0.42336,0.0018483,0.21168,0.0018483,0.21168,460.486,0,1.02816,0,0,7.95983,6.93167,1.028160,1,0,146.354,0,0,0,146.354,0
72.29,2.92503,0,0,6.28236,0.337778,3.01955,3.6288,61.308,0.536734,0,0,2.89859,0.10058,2.26128,0.66528,12.849,1,0.519902,3.01955,0,127.444,3.29805,126.646,0.84672,12.849,0.84672,3695.15,0,0.0036966,1.61813e-05,4.21657,1.85456,11.1423,0.767313,16.4461,0.42336,0.0018483,0.21168,0.0018483,0.21168,460.486,0,1.02816,0,0,5.24473,4.21657,1.028160,1,0,145.353,0,0,0,145.353,0
72.29,2.92516,0,0,4.42261,0.337778,1.15967,3.6288,61.308,0.536806,0,0,2.05613,0.10058,1.41874,0.66528,12.849,1,0.519925,1.15967,0,113.297,3.29805,110.639,0.84672,12.849,0.84672,3695.15,0,0.0036966,1.61835e-05,3.50021,1.85464,10.7082,0.767313,15.2957,0.42336,0.0018483,0.21168,0.0018483,0.21168,460.486,0,1.02816,0,0,4.52837,3.50021,1.028160,1,0,127.353,0,0,0,127.353,0
72.29,2.9253,0,0,5.37405,0.258481,2.19028,3.6288,61.308,0.536877,0,0,2.18885,0.058466,1.59351,0.66528,12.849,1,0.519949,2.19028,0,107.216,2.68768,106.199,0.84672,12.849,0.84672,3695.15,0,0.0036966,1.61857e-05,3.82012,1.85473,10.7349,0.679634,15.7301,0.42336,0.0018483,0.21168,0.0018483,0.21168,460.486,0,1.02816,0,0,4.84828,3.82012,1.028160,1,0,123.523,0,0,0,123.523,0
72.29,2.92543,0,0,7.48799,0.284778,4.27779,3.6288,61.308,0.536949,0,0,2.51749,0.0929126,1.88763,0.66528,12.849,1,0.519973,4.27779,0,118.672,3.22991,119.2,0.84672,12.849,0.84672,3695.15,0,0.0036966,1.61878e-05,3.71868,1.85481,11.3498,0.692987,16.2303,0.42336,0.0018483,0.21168,0.0018483,0.21168,460.486,0,1.02816,0,0,4.74684,3.71868,1.028160,1,0,137.318,0,0,0,137.318,0
72.29,3.03246,0,0,8.0962,0.3045,4.75924,3.6288,61.308,0.59997,0,0,3.07386,0.118748,2.35514,0.66528,12.849,1,0.538996,4.75924,0,146.569,3.63657,147.153,0.84672,12.849,0.84672,3695.15,0,0.0036966,1.80878e-05,4.51702,1.8549,16.7199,0.703001,22.3888,0.42336,0.0018483,0.21168,0.0018483,0.21168,460.486,0,1.02816,0,0,5.54518,4.51702,1.028160,1,0,171.897,0,0,0,171.897,0
72.29,3.0326,0,0,6.35913,0.3045,3.02203,3.6288,61.308,0.600044,0,0,2.55988,0.118748,1.84108,0.66528,12.849,1,0.539021,3.02203,0,171.408,3.63657,170.255,0.84672,12.849,0.84672,3695.15,0,0.0036966,1.809e-05,4.68501,1.92721,12.3345,0.703001,18.2437,0.42336,0.0018483,0.21168,0.0018483,0.21168,460.486,0,1.02816,0,0,5.71317,4.68501,1.028160,1,0,190.339,0,0,0,190.339,0
72.29,3.03273,0,0,4.89669,0.278011,1.58595,3.6288,61.308,0.600119,0,0,1.79534,0.0812144,1.11401,0.66528,12.849,1,0.539046,1.58595,0,121.01,2.46897,119.588,0.84672,12.849,0.84672,3695.15,0,0.0036966,1.80922e-05,3.20006,1.9273,9.56984,0.557481,14.1397,0.42336,0.0018483,0.21168,0.0018483,0.21168,460.486,0,1.02816,0,0,4.22822,3.20006,1.028160,1,0,134.842,0,0,0,134.842,0
72.29,3.03287,0,0,5.13648,0.203749,1.89986,3.6288,61.308,0.600193,0,0,1.7242,0.150687,0.973318,0.66528,12.849,1,0.53907,1.89986,0,109.303,3.19138,107.472,0.84672,12.849,0.84672,3695.15,0,0.0036966,1.80945e-05,2.67516,1.92739,8.4526,0.798857,12.2563,0.42336,0.0018483,0.21168,0.0018483,0.21168,460.486,0,1.02816,0,0,3.70332,2.67516,1.028160,1,0,120.702,0,0,0,120.702,0
72.29,2.99121,0,0,5.53066,0.27208,2.26737,3.6288,61.308,0.575814,0,0,1.69309,0.179188,0.938092,0.66528,12.849,1,0.531665,2.26737,0,101.309,3.97601,99.0689,0.84672,12.849,0.84672,3695.15,0,0.0036966,1.73595e-05,2.349,1.92748,8.9456,0.903012,12.319,0.42336,0.0018483,0.21168,0.0018483,0.21168,460.486,0,1.02816,0,0,3.37716,2.349,1.028160,1,0,112.326,0,0,0,112.326,0
72.29,2.99135,0,0,4.94717,0.21559,1.74023,3.6288,61.308,0.575888,0,0,1.42265,0.197909,0.648848,0.66528,12.849,1,0.531689,1.74023,0,90.2724,4.14277,87.3382,0.84672,12.849,0.84672,3695.15,0,0.0036966,1.73617e-05,2.49864,1.89945,8.04237,0.914656,11.5258,0.42336,0.0018483,0.21168,0.0018483,0.21168,460.486,0,1.02816,0,0,3.5268,2.49864,1.028160,1,0,99.5128,0,0,0,99.5128,0
72.29,2.99148,0,0,4.68922,0.21559,1.48215,3.6288,61.308,0.575961,0,0,1.39657,0.197909,0.622699,0.66528,12.849,1,0.531714,1.48215,0,84.4577,4.14277,81.2654,0.84672,12.849,0.84672,3695.15,0,0.0036966,1.73639e-05,2.33378,1.89953,7.58912,0.914656,10.9078,0.42336,0.0018483,0.21168,0.0018483,0.21168,460.486,0,1.02816,0,0,3.36194,2.33378,1.028160,1,0,92.7958,0,0,0,92.7958,0
72.29,2.99162,0,0,4.39695,0.21559,1.18974,3.6288,61.308,0.576034,0,0,1.67632,0.197909,0.902372,0.66528,12.849,1,0.531738,1.18974,0,78.2214,4.14277,74.7366,0.84672,12.849,0.84672,3695.15,0,0.0036966,1.73662e-05,2.94155,1.89962,8.66281,0.914656,12.5893,0.42336,0.0018483,0.21168,0.0018483,0.21168,460.486,0,1.02816,0,0,3.96971,2.94155,1.028160,1,0,88.2283,0,0,0,88.2283,0
72.29,3.13368,0,0,4.44018,0.178698,1.12781,3.6288,61.308,0.662841,0,0,1.40929,0.242973,0.503474,0.66528,12.849,1,0.556987,1.12781,0,76.3793,4.35679,72.5934,0.84672,12.849,0.84672,3695.15,0,0.0036966,1.99832e-05,2.45818,1.89971,8.01749,0.985361,11.39,0.42336,0.0018483,0.21168,0.0018483,0.21168,460.486,0,1.02816,0,0,3.48634,2.45818,1.028160,1,0,84.4868,0,0,0,84.4868,0
72.29,3.13382,0,0,4.42689,0.172549,1.12052,3.6288,61.308,0.662919,0,0,1.67657,0.250483,0.763173,0.66528,12.849,1,0.557013,1.12052,0,66.35,4.39247,62.5211,0.84672,12.849,0.84672,3695.15,0,0.0036966,1.99855e-05,2.25818,1.99813,7.70835,0.997145,10.9675,0.42336,0.0018483,0.21168,0.0018483,0.21168,460.486,0,1.02816,0,0,3.28634,2.25818,1.028160,1,0,74.2517,0,0,0,74.2517,0
72.29,3.13396,0,0,3.8103,0.172549,0.503787,3.6288,61.308,0.662996,0,0,1.12892,0.250483,0.21544,0.66528,12.849,1,0.557038,0.503787,0,67.5155,4.39247,63.0698,0.84672,12.849,0.84672,3695.15,0,0.0036966,1.99879e-05,1.42674,1.99822,6.80512,0.997145,9.23292,0.42336,0.0018483,0.21168,0.0018483,0.21168,460.486,0,1.02816,0,0,2.4549,1.42674,1.028160,1,0,72.5182,0,0,0,72.5182,0
72.1921,3.13411,0,0,3.5415,0.142396,0.36288,3.6288,61.308,0.663073,0,0,1.11811,0.252317,0.202721,0.66528,12.849,1,0.557064,0.36288,0,67.3566,4.68461,62.4778,0.84672,12.849,0.84672,3695.15,0,0.0036966,1.99902e-05,1.31409,1.99831,6.56315,1.10715,8.76839,0.42336,0.0018483,0.21168,0.0018483,0.21168,460.486,0,1.02816,0,0,2.34225,1.31409,1.028160,1,0,71.4489,0,0,0,71.4489,0
71.9003,3.13361,0,0,3.32902,0.124363,0.36288,3.6288,61.308,0.663151,0,0,1.28,0.256755,0.360093,0.66528,12.849,1,0.557731,0.36288,0,57.4462,5.04939,52.2019,0.84672,12.849,0.84672,3695.15,0,0.0036966,1.99925e-05,1.31625,1.9984,5.88744,1.19415,8.00793,0.42336,0.0018483,0.21168,0.0018483,0.21168,460.486,0,1.02816,0,0,2.34441,1.31625,1.028160,1,0,60.5699,0,0,0,60.5699,0
71.7105,2.95791,0,0,3.23323,0.102268,0.36288,3.6288,61.308,0.629176,0,0,1.39014,0.294421,0.466545,0.66528,12.849,1,0.528595,0.36288,0,49.7547,5.19663,44.3923,0.84672,12.849,0.84672,3695.15,0,0.0036966,1.89683e-05,1.52524,1.99849,5.76515,1.31469,7.97417,0.42336,0.0018483,0.21168,0.0018483,0.21168,460.486,0,1.02816,0,0,2.5534,1.52524,1.028160,1,0,52.833,0,0,0,52.833,0
71.366,2.95686,0,0,3.07318,0.0979071,0.36288,3.6288,61.308,0.629252,0,0,1.34979,0.300316,0.420225,0.66528,12.849,1,0.529806,0.36288,0,45.7326,5.20296,40.3627,0.84672,12.849,0.84672,3695.15,0,0.0036966,1.89705e-05,1.43773,1.93386,5.58603,1.33422,7.62338,0.42336,0.0018483,0.21168,0.0018483,0.21168,460.486,0,1.02816,0,0,2.46589,1.43773,1.028160,1,0,48.4063,0,0,0,48.4063,0
70.8125,2.95482,0,0,2.86188,0.0976501,0.36288,3.6288,61.308,0.629328,0,0,1.17788,0.300316,0.248239,0.66528,12.849,1,0.531998,0.36288,0,42.5066,5.20296,37.1346,0.84672,12.849,0.84672,3695.15,0,0.0036966,1.89728e-05,1.33235,1.93395,5.29146,1.33422,7.22352,0.42336,0.0018483,0.21168,0.0018483,0.21168,460.486,0,1.02816,0,0,2.36051,1.33235,1.028160,1,0,44.6063,0,0,0,44.6063,0
70.0846,2.95144,0,0,2.68254,0.0960952,0.36288,3.6288,61.308,0.629404,0,0,1.07128,0.305651,0.136228,0.66528,12.849,1,0.535541,0.36288,0,40.3855,5.25544,34.9574,0.84672,12.849,0.84672,3695.15,0,0.0036966,1.89751e-05,1.16116,1.93403,4.95319,1.35053,6.69783,0.42336,0.0018483,0.21168,0.0018483,0.21168,460.486,0,1.02816,0,0,2.18932,1.16116,1.028160,1,0,41.7915,0,0,0,41.7915,0
69.0219,3.01565,0,0,2.40453,0.0887449,0.36288,3.6288,61.1617,0.66528,0,0,0.856656,0.337663,0,0.66528,12.849,1,0.552875,0.36288,0,34.412,5.57035,28.6516,0.84672,12.849,0.84672,3695.15,0,0.0036966,0.0018483,1.01695,1.93412,4.11913,1.44839,5.61997,0.42336,0.0018483,0.21168,0.0018483,0.21168,460.486,0,1.02816,0,0,2.04511,1.01695,1.028160,1,0,34.2716,0,0,0,34.2716,0
67.7855,3.00861,0,0,2.22313,0.0880171,0.36288,3.6288,60.9535,0.66528,0,0,0.794413,0.337351,0,0.66528,12.849,1,0.560077,0.36288,0,32.9981,5.57035,27.2305,0.84672,12.849,0.84672,3695.15,0,0.0036966,0.0018483,0.768079,1.98076,3.58156,1.44839,4.88016,0.42336,0.0018483,0.21168,0.0018483,0.21168,460.486,0,1.02816,0,0,1.79624,0.768079,1.028160,1,0,32.1107,0,0,0,32.1107,0
66.6126,3.00016,0,0,2.27253,0.0824371,0.36288,3.6288,60.831,0.66528,0,0,0.882239,0.33949,0,0.66528,12.849,1,0.568691,0.36288,0,31.3845,5.64513,25.5336,0.84672,12.849,0.84672,3695.15,0,0.0036966,0.0018483,1.01045,1.98085,4.43007,1.46333,5.95619,0.42336,0.0018483,0.21168,0.0018483,0.21168,460.486,0,1.02816,0,0,2.03861,1.01045,1.028160,1,0,31.4898,0,0,0,31.4898,0
65.554,2.9919,0,0,2.36783,0.0716355,0.36288,3.6288,60.7598,0.66528,0,0,0.904496,0.310382,0,0.66528,12.849,1,0.577111,0.36288,0,31.4323,5.77052,25.4476,0.84672,12.849,0.84672,3695.15,0,0.0036966,0.0018483,1.14193,1.98094,4.83581,1.5142,6.44263,0.42336,0.0018483,0.21168,0.0018483,0.21168,460.486,0,1.02816,0,0,2.17009,1.14193,1.028160,1,0,31.8902,0,0,0,31.8902,0
64.1646,3.18354,0,0,2.23996,0.0828985,0.36288,3.6288,60.5904,0.66528,0,0,0.827228,0.331384,0,0.66528,12.849,1,0.623995,0.36288,0,29.3366,5.37369,23.7018,0.84672,12.849,0.84672,3695.15,0,0.0036966,0.0018483,0.478665,1.98103,3.41499,1.44097,4.43187,0.42336,0.0018483,0.21168,0.0018483,0.21168,460.486,0,1.02816,0,0,1.50682,0.478665,1.028160,1,0,28.1337,0,0,0,28.1337,0
62.6292,3.17243,0,0,2.09187,0.0919964,0.36288,3.6288,60.4059,0.66528,0,0,0.804479,0.323681,0,0.66528,12.849,1,0.635281,0.36288,0,26.4648,5.3614,20.8309,0.84672,12.849,0.84672,3695.15,0,0.0036966,0.0018483,0.64336,2.13877,3.66433,1.46526,4.97935,0.42336,0.0018483,0.21168,0.0018483,0.21168,460.486,0,1.02816,0,0,1.67152,0.64336,1.028160,1,0,25.8103,0,0,0,25.8103,0
60.9801,3.15965,0,0,1.96433,0.0908542,0.36288,3.6288,60.2023,0.66528,0,0,0.785039,0.323302,0,0.66528,12.849,1,0.648234,0.36288,0,27.0136,5.3614,21.3668,0.84672,12.849,0.84672,3695.15,0,0.0036966,0.0018483,1.01361,2.13887,3.37778,1.46526,5.06315,0.42336,0.0018483,0.21168,0.0018483,0.21168,460.486,0,1.02816,0,0,2.04177,1.01361,1.028160,1,0,26.43,0,0,0,26.43,0
59.2833,3.14531,0,0,1.90102,0.0896274,0.36288,3.6288,59.9921,0.66528,0,0,0.777894,0.322884,0,0.66528,12.849,1,0.662743,0.36288,0,25.2535,5.3614,19.5922,0.84672,12.849,0.84672,3695.15,0,0.0036966,0.0018483,0.982143,2.13897,3.36465,1.46526,5.01865,0.42336,0.0018483,0.21168,0.0018483,0.21168,460.486,0,1.02816,0,0,2.0103,0.982143,1.028160,1,0,24.6109,0,0,0,24.6109,0
57.7252,3.12987,0,0,2.00068,0.0660616,0.36288,3.6288,59.7478,0.66528,0,0,0.762929,0.34188,0,0.66528,12.849,1,0.678363,0.36288,0,24.5693,5.87566,18.3782,0.84672,12.849,0.84672,3695.15,0,0.0036966,0.0018483,0.883284,2.13906,2.97702,1.54096,4.45656,0.42336,0.0018483,0.21168,0.0018483,0.21168,460.486,0,1.02816,0,0,1.91144,0.883284,1.028160,1,0,22.8347,0,0,0,22.8347,0
56.1871,3.01999,0,0,1.96227,0.1175,0.36288,3.6288,59.5855,0.66528,0,0,0.805896,0.302907,0,0.66528,12.849,1,0.672216,0.36288,0,22.7165,4.9712,17.4359,0.84672,12.849,0.84672,3695.15,0,0.0036966,0.0018483,0.741519,2.13916,2.21983,1.237,3.86166,0.42336,0.0018483,0.21168,0.0018483,0.21168,460.486,0,1.02816,0,0,1.76968,0.741519,1.028160,1,0,21.2976,0,0,0,21.2976,0
54.8859,3.00515,0,0,2.23356,0.166722,0.36288,3.6288,59.8018,0.66528,0,0,1.16538,0.283865,0,0.66528,12.849,1,0.687223,0.36288,0,22.3763,4.44906,17.6029,0.84672,12.849,0.84672,3695.15,0,0.0036966,0.0018483,1.37253,2.04889,3.09759,1.14028,5.37689,0.42336,0.0018483,0.21168,0.0018483,0.21168,460.486,0,1.02816,0,0,2.40069,1.37253,1.028160,1,0,22.9798,0,0,0,22.9798,0
53.4926,2.99208,0,0,2.12617,0.164569,0.36288,3.6288,59.9862,0.66528,0,0,1.13391,0.284257,0,0.66528,12.849,1,0.700457,0.36288,0,28.4837,4.44906,23.697,0.84672,12.849,0.84672,3695.15,0,0.0036966,0.0018483,1.22304,2.04899,3.06672,1.14028,5.19663,0.42336,0.0018483,0.21168,0.0018483,0.21168,460.486,0,1.02816,0,0,2.2512,1.22304,1.028160,1,0,28.8937,0,0,0,28.8937,0
52.3799,2.9775,0,0,2.38997,0.162263,0.36288,3.6288,60.5254,0.66528,0,0,1.48907,0.284592,0,0.66528,12.849,1,0.715201,0.36288,0,56.4803,4.44906,51.6789,0.84672,12.849,0.84672,3695.15,0,0.0036966,0.0018483,1.73052,2.04908,4.07314,1.14028,6.71062,0.42336,0.0018483,0.21168,0.0018483,0.21168,460.486,0,1.02816,0,0,2.75868,1.73052,1.028160,1,0,58.3895,0,0,0,58.3895,0
49.9399,2.88883,0,0,1.03295,0.221212,0.36288,3.6288,60.6801,0.647668,0,0,1.06847,0.266107,0,0.66528,12.849,1,0.708642,0.36288,0,32.9823,5.24811,27.3885,0.84672,12.849,0.84672,3695.15,0,0.0036966,1.97782e-05,0.811331,2.04917,3.48836,1.26798,5.08086,0.42336,0.0018483,0.21168,0.0018483,0.21168,460.486,0,1.02816,0,0,1.83949,0.811331,1.028160,1,0,32.4693,0,0,0,32.4693,0
47.576,2.86142,0,0,1.07603,0.215644,0.36288,3.6288,60.9357,0.647745,0,0,1.16973,0.266368,0,0.66528,12.849,1,0.736213,0.36288,0,46.6399,5.24811,41.0185,0.84672,12.849,0.84672,3695.15,0,0.0036966,1.97302e-05,0.766403,1.96895,3.0647,1.26798,4.53205,0.42336,0.0018483,0.21168,0.0018483,0.21168,460.486,0,1.02816,0,0,1.79456,0.766403,1.028160,1,0,45.5505,0,0,0,45.5505,0
45.1024,2.83275,0,0,0.932247,0.210207,0.36288,3.6288,61.156,0.647821,0,0,1.13492,0.2668,0,0.66528,12.849,1,0.765049,0.36288,0,32.1919,5.24811,26.5416,0.84672,12.849,0.84672,3695.15,0,0.0036966,1.96497e-05,0.776909,1.96904,2.68246,1.26798,4.16041,0.42336,0.0018483,0.21168,0.0018483,0.21168,460.486,0,1.02816,0,0,1.80507,0.776909,1.028160,1,0,30.702,0,0,0,30.702,0
44.7521,2.80022,0,0,2.99672,0.183967,0.36288,3.6288,61.308,0.647898,0,0,1.66111,0.257255,0.603918,0.66528,12.849,1,0.797739,0.36288,0,60.4168,5.00811,54.9739,0.84672,12.849,0.84672,3695.15,0,0.0036966,1.95812e-05,1.47817,1.96913,5.71656,1.32164,7.8422,0.42336,0.0018483,0.21168,0.0018483,0.21168,460.486,0,1.02816,0,0,2.50633,1.47817,1.028160,1,0,63.42,0,0,0,63.42,0
45.1266,2.71244,0,0,3.67338,0.22359,0.36288,3.6288,61.308,0.553973,0,0,1.49157,0.206193,0.7314,0.66528,12.849,1,0.778783,0.36288,0,81.9414,3.79367,77.7318,0.84672,12.849,0.84672,3695.15,0,0.0036966,1.67011e-05,1.59004,1.96922,7.9388,1.00672,10.4913,0.42336,0.0018483,0.21168,0.0018483,0.21168,460.486,0,1.02816,0,0,2.6182,1.59004,1.028160,1,0,88.9546,0,0,0,88.9546,0
44.7275,2.7176,0,0,2.91177,0.23032,0.36288,3.6288,61.308,0.554045,0,0,0.924912,0.205895,0.164972,0.66528,12.849,1,0.773788,0.36288,0,60.1587,3.73894,56.0088,0.84672,12.849,0.84672,3695.15,0,0.0036966,1.67032e-05,1.12402,1.87664,6.18959,0.972665,8.21758,0.42336,0.0018483,0.21168,0.0018483,0.21168,460.486,0,1.02816,0,0,2.15218,1.12402,1.028160,1,0,64.3914,0,0,0,64.3914,0
44.4164,2.71236,0,0,2.99337,0.229285,0.36288,3.6288,61.308,0.554118,0,0,1.3111,0.205895,0.55109,0.66528,12.849,1,0.779186,0.36288,0,66.0521,3.73894,61.8969,0.84672,12.849,0.84672,3695.15,0,0.0036966,1.67054e-05,1.94191,1.87673,7.91586,0.972665,10.7618,0.42336,0.0018483,0.21168,0.0018483,0.21168,460.486,0,1.02816,0,0,2.97007,1.94191,1.028160,1,0,73.2098,0,0,0,73.2098,0
44.1827,2.70825,0,0,3.0659,0.228478,0.36288,3.6288,61.308,0.55419,0,0,1.34682,0.205895,0.586736,0.66528,12.849,1,0.783455,0.36288,0,78.3112,3.73894,74.1517,0.84672,12.849,0.84672,3695.15,0,0.0036966,1.67076e-05,1.81753,1.87682,7.70092,0.972665,10.4226,0.42336,0.0018483,0.21168,0.0018483,0.21168,460.486,0,1.02816,0,0,2.84569,1.81753,1.028160,1,0,85.161,0,0,0,85.161,0
47.5588,2.70516,0,0,6.68716,0.242992,0.36288,3.6288,61.308,0.554262,0,0,2.97116,0.197779,2.21912,0.66528,12.849,1,0.786702,0.36288,0,108.865,4.08155,104.359,0.84672,12.849,0.84672,3695.15,0,0.0036966,1.67098e-05,3.0157,1.8769,13.4328,1.01275,17.3126,0.42336,0.0018483,0.21168,0.0018483,0.21168,460.486,0,1.02816,0,0,4.04386,3.0157,1.028160,1,0,123.891,0,0,0,123.891,0
50.2474,2.83537,0,0,6.12695,0.240092,0.36288,3.6288,61.308,0.605494,0,0,3.10606,0.215311,2.28526,0.66528,12.849,1,0.766034,0.36288,0,120.492,4.01537,116.073,0.84672,12.849,0.84672,3695.15,0,0.0036966,1.82543e-05,2.47262,1.87699,10.4465,0.864706,13.9314,0.42336,0.0018483,0.21168,0.0018483,0.21168,460.486,0,1.02816,0,0,3.50078,2.47262,1.028160,1,0,132.29,0,0,0,132.29,0
52.1492,2.86812,0,0,5.36912,0.236301,0.36288,3.6288,61.308,0.605554,0,0,1.30203,0.192087,0.504389,0.66528,12.849,1,0.733421,0.36288,0,106.008,3.77045,101.867,0.84672,12.849,0.84672,3695.15,0,0.0036966,1.82561e-05,1.66939,1.9371,7.61797,0.688193,10.5362,0.42336,0.0018483,0.21168,0.0018483,0.21168,460.486,0,1.02816,0,0,2.69755,1.66939,1.028160,1,0,112.907,0,0,0,112.907,0
53.2347,2.88969,0,0,4.57912,0.241041,0.36288,3.6288,61.308,0.605614,0,0,1.11072,0.192087,0.313014,0.66528,12.849,1,0.711988,0.36288,0,89.9735,3.77045,85.854,0.84672,12.849,0.84672,3695.15,0,0.0036966,1.82579e-05,1.29059,1.93717,6.90085,0.688193,9.4404,0.42336,0.0018483,0.21168,0.0018483,0.21168,460.486,0,1.02816,0,0,2.31875,1.29059,1.028160,1,0,95.6074,0,0,0,95.6074,0
53.9993,2.90149,0,0,4.27269,0.243746,0.36288,3.6288,61.308,0.605674,0,0,1.08925,0.192087,0.291492,0.66528,12.849,1,0.700318,0.36288,0,83.4071,3.77045,79.2992,0.84672,12.849,0.84672,3695.15,0,0.0036966,1.82597e-05,1.25018,1.93724,6.83156,0.688193,9.33077,0.42336,0.0018483,0.21168,0.0018483,0.21168,460.486,0,1.02816,0,0,2.27834,1.25018,1.028160,1,0,88.9215,0,0,0,88.9215,0
54.2764,3.04332,0,0,3.9397,0.256431,0.36288,3.6288,61.308,0.66528,0,0,1.27149,0.234461,0.371748,0.66528,12.849,1,0.72415,0.36288,0,97.721,4.16627,93.1935,0.84672,12.849,0.84672,3695.15,0,0.0036966,0.0018483,1.65574,1.93731,5.39915,1.0402,7.95016,0.42336,0.0018483,0.21168,0.0018483,0.21168,460.486,0,1.02816,0,0,2.6839,1.65574,1.028160,1,0,101.515,0,0,0,101.515,0
55.9829,3.04642,0,0,5.37481,0.258953,0.36288,3.6288,61.308,0.66528,0,0,1.7978,0.241523,0.891,0.66528,12.849,1,0.721188,0.36288,0,128.663,4.23224,124.073,0.84672,12.849,0.84672,3695.15,0,0.0036966,0.0018483,2.02437,2.05053,7.4065,1.09887,10.3807,0.42336,0.0018483,0.21168,0.0018483,0.21168,460.486,0,1.02816,0,0,3.05253,2.02437,1.028160,1,0,135.345,0,0,0,135.345,0
59.2799,3.06442,0,0,6.9877,0.263424,0.36288,3.6288,61.308,0.66528,0,0,2.28722,0.241523,1.38041,0.66528,12.849,1,0.703334,0.36288,0,126.573,4.23224,122,0.84672,12.849,0.84672,3695.15,0,0.0036966,0.0018483,2.30641,2.0506,9.52102,1.09887,12.7773,0.42336,0.0018483,0.21168,0.0018483,0.21168,460.486,0,1.02816,0,0,3.33457,2.30641,1.028160,1,0,136.158,0,0,0,136.158,0
63.6324,3.09668,0,0,8.06787,0.255779,0.36288,3.6288,61.308,0.66528,0,0,2.65182,0.247702,1.73884,0.66528,12.849,1,0.67121,0.36288,0,128.634,4.19475,124.131,0.84672,12.849,0.84672,3695.15,0,0.0036966,0.0018483,3.10235,2.05068,11.0575,1.07376,15.1349,0.42336,0.0018483,0.21168,0.0018483,0.21168,460.486,0,1.02816,0,0,4.13051,3.10235,1.028160,1,0,141.005,0,0,0,141.005,0
67.7202,2.87263,0,0,7.61422,0.290952,0.36288,3.6288,61.308,0.540262,0,0,3.95645,0.259987,3.15621,0.66528,12.849,1,0.580057,0.36288,0,179.345,4.42413,174.703,0.84672,12.849,0.84672,3695.15,0,0.0036966,1.62877e-05,3.78354,2.05075,14.8094,1.14817,19.4955,0.42336,0.0018483,0.21168,0.0018483,0.21168,460.486,0,1.02816,0,0,4.8117,3.78354,1.028160,1,0,197.355,0,0,0,197.355,0
70.1156,2.90217,0,0,5.95591,0.295469,0.36288,3.6288,61.308,0.540319,0,0,2.79263,0.266921,1.98539,0.66528,12.849,1,0.550648,0.36288,0,145.43,4.53463,140.708,0.84672,12.849,0.84672,3695.15,0,0.0036966,1.62894e-05,2.81193,1.85882,11.1088,1.16017,14.6194,0.42336,0.0018483,0.21168,0.0018483,0.21168,460.486,0,1.02816,0,0,3.84009,2.81193,1.028160,1,0,157.313,0,0,0,157.313,0
72.0542,2.91818,0,0,5.53562,0.315977,0.36288,3.6288,61.308,0.540377,0,0,2.50546,0.227279,1.73781,0.66528,12.849,1,0.534769,0.36288,0,161.857,4.45881,157.227,0.84672,12.849,0.84672,3695.15,0,0.0036966,1.62912e-05,2.55382,1.85889,10.1576,1.06895,13.5014,0.42336,0.0018483,0.21168,0.0018483,0.21168,460.486,0,1.02816,0,0,3.58198,2.55382,1.028160,1,0,172.466,0,0,0,172.466,0
72.29,2.9305,0,0,5.07953,0.32029,1.59292,3.6288,61.308,0.540434,0,0,2.34298,0.218111,1.58443,0.66528,12.849,1,0.522578,1.59292,0,107.87,3.77463,105.165,0.84672,12.849,0.84672,3695.15,0,0.0036966,1.62929e-05,2.33736,1.85896,10.2118,0.952516,13.4556,0.42336,0.0018483,0.21168,0.0018483,0.21168,460.486,0,1.02816,0,0,3.36552,2.33736,1.028160,1,0,120.205,0,0,0,120.205,0
72.29,2.93205,0,0,5.10526,0.319446,1.85376,3.6288,61.308,0.540492,0,0,3.04768,0.221566,2.28562,0.66528,12.849,1,0.52115,1.85376,0,97.7072,3.86508,95.1747,0.84672,12.849,0.84672,3695.15,0,0.0036966,1.62946e-05,3.2319,1.85903,12.1052,1.03204,16.1641,0.42336,0.0018483,0.21168,0.0018483,0.21168,460.486,0,1.02816,0,0,4.26006,3.2319,1.028160,1,0,113.624,0,0,0,113.624,0
72.29,3.03929,0,0,6.73362,0.320084,3.37424,3.6288,61.308,0.60364,0,0,4.23456,0.235009,3.39591,0.66528,12.849,1,0.540212,3.37424,0,100.839,4.17241,99.5008,0.84672,12.849,0.84672,3695.15,0,0.0036966,1.81984e-05,3.68923,1.8591,14.3821,1.17851,18.7519,0.42336,0.0018483,0.21168,0.0018483,0.21168,460.486,0,1.02816,0,0,4.71739,3.68923,1.028160,1,0,121.649,0,0,0,121.649,0
72.29,3.03941,0,0,6.83687,0.2861,3.51137,3.6288,61.308,0.6037,0,0,3.10169,0.21696,2.28103,0.66528,12.849,1,0.540231,3.51137,0,181.391,3.91083,180.451,0.84672,12.849,0.84672,3695.15,0,0.0036966,1.82002e-05,3.07162,1.93156,13.3158,1.14093,17.178,0.42336,0.0018483,0.21168,0.0018483,0.21168,460.486,0,1.02816,0,0,4.09978,3.07162,1.028160,1,0,199.91,0,0,0,199.91,0
72.29,3.03952,0,0,4.55035,0.2861,1.22473,3.6288,61.308,0.60376,0,0,2.47728,0.21696,1.65656,0.66528,12.849,1,0.540251,1.22473,0,112.361,3.91083,109.134,0.84672,12.849,0.84672,3695.15,0,0.0036966,1.8202e-05,1.97272,1.93163,8.95743,1.14093,11.7208,0.42336,0.0018483,0.21168,0.0018483,0.21168,460.486,0,1.02816,0,0,3.00088,1.97272,1.028160,1,0,122.512,0,0,0,122.512,0
72.29,3.03963,0,0,5.12651,0.28072,1.80616,3.6288,61.308,0.60382,0,0,2.49195,0.217377,1.67075,0.66528,12.849,1,0.540271,1.80616,0,95.7701,3.94471,93.0913,0.84672,12.849,0.84672,3695.15,0,0.0036966,1.82038e-05,2.24404,1.9317,10.7164,1.13963,13.7525,0.42336,0.0018483,0.21168,0.0018483,0.21168,460.486,0,1.02816,0,0,3.2722,2.24404,1.028160,1,0,108.514,0,0,0,108.514,0
72.29,2.99785,0,0,4.12072,0.248446,0.874427,3.6288,61.308,0.579373,0,0,1.5487,0.219874,0.749456,0.66528,12.849,1,0.532844,0.874427,0,89.2115,4.14802,85.405,0.84672,12.849,0.84672,3695.15,0,0.0036966,1.74668e-05,1.86189,1.93177,7.5371,1.1318,10.199,0.42336,0.0018483,0.21168,0.0018483,0.21168,460.486,0,1.02816,0,0,2.89005,1.86189,1.028160,1,0,96.3534,0,0,0,96.3534,0
72.2892,2.99796,0,0,3.60844,0.248446,0.36288,3.6288,61.308,0.579432,0,0,1.46965,0.219874,0.670341,0.66528,12.849,1,0.532864,0.36288,0,78.5402,4.14802,74.2222,0.84672,12.849,0.84672,3695.15,0,0.0036966,1.74686e-05,1.51883,1.90366,7.0276,1.1318,9.31828,0.42336,0.0018483,0.21168,0.0018483,0.21168,460.486,0,1.02816,0,0,2.54699,1.51883,1.028160,1,0,84.2108,0,0,0,84.2108,0
71.9234,2.99806,0,0,3.24363,0.248444,0.36288,3.6288,61.308,0.579491,0,0,1.30218,0.219874,0.502813,0.66528,12.849,1,0.532889,0.36288,0,67.8655,4.14802,63.5474,0.84672,12.849,0.84672,3695.15,0,0.0036966,1.74704e-05,1.23224,1.90373,6.14941,1.1318,8.15356,0.42336,0.0018483,0.21168,0.0018483,0.21168,460.486,0,1.02816,0,0,2.2604,1.23224,1.028160,1,0,72.2038,0,0,0,72.2038,0
71.3368,2.99587,0,0,2.99405,0.221901,0.36288,3.6288,61.308,0.57955,0,0,1.21913,0.185741,0.453839,0.66528,12.849,1,0.535208,0.36288,0,65.1301,3.44027,61.5175,0.84672,12.849,0.84672,3695.15,0,0.0036966,1.74721e-05,1.12706,1.9038,5.55328,0.952291,7.63183,0.42336,0.0018483,0.21168,0.0018483,0.21168,460.486,0,1.02816,0,0,2.15522,1.12706,1.028160,1,0,69.6031,0,0,0,69.6031,0
70.3872,3.1342,0,0,2.7425,0.195036,0.36288,3.6288,61.308,0.66528,0,0,1.09024,0.211228,0.213731,0.66528,12.849,1,0.564523,0.36288,0,53.0299,4.14453,48.6837,0.84672,12.849,0.84672,3695.15,0,0.0036966,0.0012718,0.826001,1.90387,4.83657,1.03722,6.52794,0.42336,0.0018483,0.21168,0.0018483,0.21168,460.486,0,1.02816,0,0,1.85416,0.826001,1.028160,1,0,55.4254,0,0,0,55.4254,0
69.3931,3.12787,0,0,2.68171,0.185049,0.36288,3.6288,61.308,0.66528,0,0,0.993047,0.223698,0.104069,0.66528,12.849,1,0.570984,0.36288,0,46.9007,4.47342,42.2192,0.84672,12.849,0.84672,3695.15,0,0.0036966,0.00133403,0.582595,2.00249,4.35802,1.08317,5.8586,0.42336,0.0018483,0.21168,0.0018483,0.21168,460.486,0,1.02816,0,0,1.61076,0.582595,1.028160,1,0,48.1818,0,0,0,48.1818,0
68.1181,3.12108,0,0,2.37143,0.162513,0.36288,3.6288,61.308,0.66528,0,0,0.932083,0.237863,0.02894,0.66528,12.849,1,0.577907,0.36288,0,41.6914,4.63407,36.8423,0.84672,12.849,0.84672,3695.15,0,0.0036966,0.00139626,0.491651,2.00256,4.25577,1.12421,5.62438,0.42336,0.0018483,0.21168,0.0018483,0.21168,460.486,0,1.02816,0,0,1.51981,0.491651,1.028160,1,0,42.4956,0,0,0,42.4956,0
66.7548,3.11209,0,0,2.24473,0.133025,0.36288,3.6288,61.2802,0.66528,0,0,0.894249,0.25675,0,0.66528,12.849,1,0.587029,0.36288,0,38.5639,4.84827,33.4914,0.84672,12.849,0.84672,3695.15,0,0.0036966,0.00145849,0.411178,2.00264,4.14309,1.17894,5.3765,0.42336,0.0018483,0.21168,0.0018483,0.21168,460.486,0,1.02816,0,0,1.43934,0.411178,1.028160,1,0,38.8679,0,0,0,38.8679,0
65.3119,3.10215,0,0,2.14971,0.127595,0.36288,3.6288,61.1378,0.66528,0,0,0.775008,0.252117,0,0.66528,12.849,1,0.597104,0.36288,0,38.8327,4.86533,33.7332,0.84672,12.849,0.84672,3695.15,0,0.0036966,0.00152071,0.308094,2.00271,4.19233,1.14096,5.36065,0.42336,0.0018483,0.21168,0.0018483,0.21168,460.486,0,1.02816,0,0,1.33625,0.308094,1.028160,1,0,39.0938,0,0,0,39.0938,0
63.999,2.91957,0,0,2.09048,0.120854,0.36288,3.6288,60.8898,0.649419,0,0,0.647214,0.245779,0,0.66528,12.849,1,0.574376,0.36288,0,39.6198,4.88806,34.5203,0.84672,12.849,0.84672,3695.15,0,0.0036966,1.9633e-05,0.30119,2.00278,3.93409,1.09031,5.14774,0.42336,0.0018483,0.21168,0.0018483,0.21168,460.486,0,1.01146,0,0,1.31265,0.30119,1.028160,1,0,39.668,0,0,0,39.668,0
62.5045,2.90987,0,0,1.89781,0.119583,0.36288,3.6288,60.4776,0.778237,0,0,0.61142,0.245393,0,0.66528,12.849,1,0.58421,0.36288,0,38.4423,4.88806,33.3329,0.84672,12.849,0.84672,3695.15,0,0.0036966,2.36233e-05,0.30119,1.93799,3.69799,1.09031,4.84683,0.42336,0.0018483,0.21168,0.0018483,0.21168,460.486,0,0.882697,0,0,1.18389,0.30119,1.028160,1,0,38.1797,0,0,0,38.1797,0
60.8717,2.89838,0,0,1.73774,0.109322,0.36288,3.6288,60.006,0.786964,0,0,0.581922,0.266575,0,0.66528,12.849,1,0.595818,0.36288,0,33.9013,5.17037,28.498,0.84672,12.849,0.84672,3695.15,0,0.0036966,2.4051e-05,0.261274,1.93806,3.59131,1.19336,4.59727,0.42336,0.0018483,0.21168,0.0018483,0.21168,460.486,0,0.874031,0,0,1.1353,0.261274,1.028160,1,0,33.0952,0,0,0,33.0952,0
59.178,2.88529,0,0,1.64056,0.0861196,0.36288,3.6288,59.422,0.80687,0,0,0.543063,0.32017,0,0.66528,12.849,1,0.609037,0.36288,0,30.1525,5.87611,24.0302,0.84672,12.849,0.84672,3695.15,0,0.0036966,2.48531e-05,0.261274,1.93813,3.42566,1.45097,4.17408,0.42336,0.0018483,0.21168,0.0018483,0.21168,460.486,0,0.854185,0,0,1.11546,0.261274,1.028160,1,0,28.2043,0,0,0,28.2043,0
57.4181,2.93808,0,0,1.61589,0.0747755,0.36288,3.6288,58.7107,0.985392,0,0,0.574333,0.300297,0,0.66528,12.849,1,0.63793,0.36288,0,31.8514,5.74276,25.8335,0.84672,12.849,0.84672,3695.15,0,0.0036966,0.0018483,0.261274,1.9382,2.85766,1.43757,3.61772,0.42336,0.0018483,0.21168,0.0018483,0.21168,460.486,0,0.708048,0,0,0.969322,0.261274,1.028160,1,0,29.4513,0,0,0,29.4513,0
55.6357,2.92221,0,0,1.57621,0.073507,0.36288,3.6288,58.042,0.898914,0,0,0.52916,0.29893,0,0.66528,12.849,1,0.65393,0.36288,0,31.8107,5.74276,25.7769,0.84672,12.849,0.84672,3695.15,0,0.0036966,0.0018483,0.261274,1.98492,3.06221,1.43757,3.86898,0.42336,0.0018483,0.21168,0.0018483,0.21168,460.486,0,0.794526,0,0,1.0558,0.261274,1.028160,1,0,29.6458,0,0,0,29.6458,0
53.7703,2.90529,0,0,1.47496,0.0722223,0.36288,3.6288,57.29,0.944214,0,0,0.489811,0.297645,0,0.66528,12.849,1,0.670973,0.36288,0,28.7171,5.74276,22.6663,0.84672,12.849,0.84672,3695.15,0,0.0036966,0.0018483,0.261274,1.98499,2.733,1.43757,3.53984,0.42336,0.0018483,0.21168,0.0018483,0.21168,460.486,0,0.749226,0,0,1.0105,0.261274,1.028160,1,0,26.2061,0,0,0,26.2061,0
51.804,2.88661,0,0,1.35409,0.0708778,0.36288,3.6288,56.4848,0.993341,0,0,0.484434,0.2962,0,0.66528,12.849,1,0.689786,0.36288,0,26.2507,5.74276,20.1811,0.84672,12.849,0.84672,3695.15,0,0.0036966,0.0018483,0.227405,1.98506,2.67297,1.43757,3.44601,0.42336,0.0018483,0.21168,0.0018483,0.21168,460.486,0,0.700099,0,0,0.927504,0.227405,1.028160,1,0,23.6271,0,0,0,23.6271,0
49.8528,3.05712,0,0,1.53533,0.06651,0.36288,3.6288,55.8601,0.847904,0,0,0.528847,0.305711,0,0.66528,12.849,1,0.758261,0.36288,0,24.2568,6.13682,17.7246,0.84672,12.849,0.84672,3695.15,0,0.0036966,0.0018483,0.227405,1.98514,3.55082,1.51922,4.24229,0.42336,0.0018483,0.21168,0.0018483,0.21168,460.486,0,0.845536,0,0,1.07294,0.227405,1.028160,1,0,21.9669,0,0,0,21.9669,0
47.9184,3.03363,0,0,1.5391,0.0770342,0.36288,3.6288,55.1794,0.909472,0,0,0.53276,0.303972,0,0.66528,12.849,1,0.781885,0.36288,0,23.9503,6.17064,17.3607,0.84672,12.849,0.84672,3695.15,0,0.0036966,0.0018483,0.227405,2.14319,2.93081,1.52816,3.77139,0.42336,0.0018483,0.21168,0.0018483,0.21168,460.486,0,0.783968,0,0,1.01137,0.227405,1.028160,1,0,21.1321,0,0,0,21.1321,0
45.7061,3.00885,0,0,1.23487,0.0754432,0.36288,3.6288,54.1862,1.10954,0,0,0.418927,0.302617,0,0.66528,12.849,1,0.806804,0.36288,0,28.1708,6.17064,21.5562,0.84672,12.849,0.84672,3695.15,0,0.0036966,0.0018483,0.227405,2.14326,2.4346,1.52816,3.27526,0.42336,0.0018483,0.21168,0.0018483,0.21168,460.486,0,0.5839,0,0,0.811305,0.227405,1.028160,1,0,24.8315,0,0,0,24.8315,0
43.7536,2.97848,0,0,1.4625,0.0736204,0.36288,3.6288,53.8476,0.677428,0,0,0.639477,0.300641,0,0.66528,12.849,1,0.837316,0.36288,0,24.1798,6.17064,17.5347,0.84672,12.849,0.84672,3695.15,0,0.0036966,0.0018483,0.204422,2.14334,3.29232,1.52816,4.11007,0.42336,0.0018483,0.21168,0.0018483,0.21168,460.486,0,1.01601,0,0,1.22043,0.204422,1.028160,1,0,21.6448,0,0,0,21.6448,0
41.6663,2.96921,0,0,1.31881,0.0739901,0.36288,3.6288,53.2746,0.802621,0,0,0.524562,0.294866,0,0.66528,12.849,1,0.84672,0.36288,0,26.7495,5.96045,20.3052,0.84672,12.849,0.84672,3695.15,0,0.0036966,0.0018483,0.204422,2.14342,4.42136,1.44534,5.32201,0.42336,0.0018483,0.21168,0.0018483,0.21168,460.486,0,0.890819,0,0,1.09524,0.204422,1.028160,1,0,25.6272,0,0,0,25.6272,0
39.8862,2.85291,0,0,1.53916,0.103512,0.36288,3.6288,53.0358,0.66528,0,0,0.703979,0.277542,0,0.66528,12.849,1,0.84672,0.36288,0,29.1209,5.86105,22.776,0.84672,12.849,0.84672,3695.15,0,0.0036966,0.0018483,0.374743,2.1435,6.47803,1.41429,7.58014,0.42336,0.0018483,0.21168,0.0018483,0.21168,460.486,0,1.02816,0,0,1.4029,0.374743,1.028160,1,0,30.3561,0,0,0,30.3561,0
38.714,2.85304,0,0,2.16697,0.123218,0.36288,3.6288,52.8771,0.66528,0,0,0.764027,0.257413,0,0.66528,12.849,1,0.84672,0.36288,0,32.5033,5.69541,26.3241,0.84672,12.849,0.84672,3695.15,0,0.0036966,0.0018483,0.558801,2.05303,5.7725,1.35739,7.02509,0.42336,0.0018483,0.21168,0.0018483,0.21168,460.486,0,1.02816,0,0,1.58696,0.558801,1.028160,1,0,33.3492,0,0,0,33.3492,0
38.3516,2.85317,0,0,2.97516,0.121559,0.36288,3.6288,53.1905,0.66528,0,0,1.23576,0.257087,0,0.66528,12.849,1,0.84672,0.36288,0,62.4445,5.69541,56.2652,0.84672,12.849,0.84672,3695.15,0,0.0036966,0.0018483,1.59121,2.05311,10.2431,1.35739,12.5281,0.42336,0.0018483,0.21168,0.0018483,0.21168,460.486,0,1.02816,0,0,2.61937,1.59121,1.028160,1,0,68.7934,0,0,0,68.7934,0
37.5526,2.85331,0,0,2.56408,0.146848,0.36288,3.6288,53.1885,0.66528,0,0,0.910181,0.24698,0,0.66528,12.849,1,0.84672,0.36288,0,70.3128,5.6694,64.1596,0.84672,12.849,0.84672,3695.15,0,0.0036966,0.0018483,0.867465,2.05318,6.40661,1.36907,7.95634,0.42336,0.0018483,0.21168,0.0018483,0.21168,460.486,0,1.02816,0,0,1.89562,0.867465,1.028160,1,0,72.1159,0,0,0,72.1159,0
35.622,2.75786,0,0,1.39263,0.202528,0.36288,3.6288,52.7075,0.844729,0,0,0.579719,0.215951,0,0.66528,12.849,1,0.84672,0.36288,0,37.1454,4.32602,32.3356,0.84672,12.849,0.84672,3695.15,0,0.0036966,2.93544e-05,0.216518,2.05326,4.50183,1.10175,5.66983,0.42336,0.0018483,0.21168,0.0018483,0.21168,460.486,0,0.834413,0,0,1.05093,0.216518,1.028160,1,0,38.0054,0,0,0,38.0054,0
33.8605,2.75798,0,0,1.55616,0.196812,0.36288,3.6288,51.9396,1.04785,0,0,0.494376,0.214433,0,0.66528,12.849,1,0.84672,0.36288,0,43.8788,4.11295,39.2821,0.84672,12.849,0.84672,3695.15,0,0.0036966,3.67451e-05,0.216518,1.97285,4.84326,1.05233,5.98027,0.42336,0.0018483,0.21168,0.0018483,0.21168,460.486,0,0.631347,0,0,0.847866,0.216518,1.028160,1,0,45.2623,0,0,0,45.2623,0
34.6258,2.75811,0,0,4.07895,0.192638,0.36288,3.6288,52.554,0.651112,0,0,1.47867,0.213113,0,0.66528,12.849,1,0.84672,0.36288,0,97.5091,4.11295,92.9123,0.84672,12.849,0.84672,3695.15,0,0.0036966,2.31702e-05,1.88468,1.97292,9.79624,1.05233,12.6015,0.42336,0.0018483,0.21168,0.0018483,0.21168,460.486,0,1.02816,0,0,2.91284,1.88468,1.028160,1,0,105.514,0,0,0,105.514,0
34.1219,2.75824,0,0,2.82122,0.204038,0.36288,3.6288,52.6888,0.651174,0,0,1.00453,0.218532,0,0.66528,12.849,1,0.84672,0.36288,0,73.4265,3.99014,68.9525,0.84672,12.849,0.84672,3695.15,0,0.0036966,2.29015e-05,0.955653,1.973,5.70075,1.0099,7.61947,0.42336,0.0018483,0.21168,0.0018483,0.21168,460.486,0,1.02816,0,0,1.98381,0.955653,1.028160,1,0,76.572,0,0,0,76.572,0
34.5814,2.65127,0,0,3.6813,0.207577,0.36288,3.6288,53.3589,0.557051,0,0,1.43475,0.207618,0,0.66528,12.849,1,0.84672,0.36288,0,63.8045,3.81244,59.5082,0.84672,12.849,0.84672,3695.15,0,0.0036966,1.95411e-05,1.74769,1.97307,8.59338,0.924539,11.3896,0.42336,0.0018483,0.21168,0.0018483,0.21168,460.486,0,1.02816,0,0,2.77585,1.74769,1.028160,1,0,70.8978,0,0,0,70.8978,0
34.827,2.6514,0,0,3.45426,0.194394,0.36288,3.6288,53.8423,0.55711,0,0,1.23258,0.192092,0,0.66528,12.849,1,0.84672,0.36288,0,70.5551,3.90947,66.1618,0.84672,12.849,0.84672,3695.15,0,0.0036966,1.92977e-05,1.50035,1.8803,7.49753,0.94006,9.93811,0.42336,0.0018483,0.21168,0.0018483,0.21168,460.486,0,1.02816,0,0,2.52851,1.50035,1.028160,1,0,76.0999,0,0,0,76.0999,0
34.6176,2.65153,0,0,2.99999,0.194976,0.36288,3.6288,54.2945,0.557168,0,0,1.20222,0.19283,0,0.66528,12.849,1,0.84672,0.36288,0,59.3266,3.90947,54.9333,0.84672,12.849,0.84672,3695.15,0,0.0036966,1.91265e-05,1.39025,1.88037,7.3211,0.94006,9.65165,0.42336,0.0018483,0.21168,0.0018483,0.21168,460.486,0,1.02816,0,0,2.41841,1.39025,1.028160,1,0,64.585,0,0,0,64.585,0
35.5428,2.65166,0,0,4.13351,0.193835,0.36288,3.6288,54.6771,0.557226,0,0,1.14347,0.203704,0,0.66528,12.849,1,0.84672,0.36288,0,60.8242,4.24021,56.1002,0.84672,12.849,0.84672,3695.15,0,0.0036966,1.89692e-05,1.48847,1.88044,7.21786,1.04274,9.54401,0.42336,0.0018483,0.21168,0.0018483,0.21168,460.486,0,1.02816,0,0,2.51663,1.48847,1.028160,1,0,65.6442,0,0,0,65.6442,0
36.7814,2.65179,0,0,4.44781,0.194494,0.36288,3.6288,55.1516,0.557285,0,0,1.25772,0.225912,0,0.66528,12.849,1,0.84672,0.36288,0,66.7888,4.90889,61.3961,0.84672,12.849,0.84672,3695.15,0,0.0036966,1.88384e-05,1.83277,1.88051,8.76787,1.25126,11.2299,0.42336,0.0018483,0.21168,0.0018483,0.21168,460.486,0,1.02816,0,0,2.86093,1.83277,1.028160,1,0,72.626,0,0,0,72.626,0
39.5063,2.76151,0,0,6.04733,0.198035,0.36288,3.6288,56.3402,0.6086,0,0,1.99906,0.201871,0,0.66528,12.849,1,0.84672,0.36288,0,110.269,3.95966,105.825,0.84672,12.849,0.84672,3695.15,0,0.0036966,2.03961e-05,2.54558,1.88058,16.9521,0.96215,20.4161,0.42336,0.0018483,0.21168,0.0018483,0.21168,460.486,0,1.02816,0,0,3.57374,2.54558,1.028160,1,0,126.241,0,0,0,126.241,0
43.3102,2.76162,0,0,7.13285,0.204443,0.36288,3.6288,57.5015,0.608645,0,0,1.97339,0.203449,0,0.66528,12.849,1,0.84672,0.36288,0,108.577,3.95966,104.134,0.84672,12.849,0.84672,3695.15,0,0.0036966,1.99673e-05,2.92325,1.94078,14.0613,0.96215,17.9632,0.42336,0.0018483,0.21168,0.0018483,0.21168,460.486,0,1.02816,0,0,3.95141,2.92325,1.028160,1,0,122.097,0,0,0,122.097,0
47.4096,2.78285,0,0,7.45882,0.213761,0.36288,3.6288,58.7666,0.608691,0,0,2.07875,0.204991,0,0.66528,12.849,1,0.825598,0.36288,0,127.781,3.95966,123.359,0.84672,12.849,0.84672,3695.15,0,0.0036966,1.95655e-05,2.52043,1.94084,13.2653,0.96215,16.7644,0.42336,0.0018483,0.21168,0.0018483,0.21168,460.486,0,1.02816,0,0,3.54859,2.52043,1.028160,1,0,140.123,0,0,0,140.123,0
48.3115,2.8391,0,0,4.32777,0.223839,0.36288,3.6288,59.4077,0.608737,0,0,1.4566,0.206671,0,0.66528,12.849,1,0.769456,0.36288,0,65.1862,3.95966,60.82,0.84672,12.849,0.84672,3695.15,0,0.0036966,1.91457e-05,1.66831,1.94089,10.221,0.96215,12.8681,0.42336,0.0018483,0.21168,0.0018483,0.21168,460.486,0,1.02816,0,0,2.69647,1.66831,1.028160,1,0,73.6881,0,0,0,73.6881,0
54.5186,2.98152,0,0,9.81355,0.262047,0.36288,3.6288,61.308,0.66528,0,0,3.30086,0.204098,0.531225,0.66528,12.849,1,0.79297,0.36288,0,150.377,3.70938,146.238,0.84672,12.849,0.84672,3695.15,0,0.0036966,0.0018483,7.87323,1.94095,32.6519,0.996714,41.4675,0.42336,0.0018483,0.21168,0.0018483,0.21168,460.486,0,1.02816,0,0,8.90139,7.87323,1.028160,1,0,188.237,0,0,0,188.237,0
59.2088,3.05468,0,0,8.40266,0.294955,0.36288,3.6288,61.308,0.66528,0,0,3.43172,0.205193,2.56125,0.66528,12.849,1,0.719929,0.36288,0,180.763,3.60927,176.796,0.84672,12.849,0.84672,3695.15,0,0.0036966,0.0018483,3.61168,2.05435,22.5111,1.01054,27.1647,0.42336,0.0018483,0.21168,0.0018483,0.21168,460.486,0,1.02816,0,0,4.63984,3.61168,1.028160,1,0,206.522,0,0,0,206.522,0
62.0151,3.10163,0,0,6.57448,0.303592,0.36288,3.6288,61.308,0.66528,0,0,2.44136,0.187012,1.58907,0.66528,12.849,1,0.67309,0.36288,0,116.118,3.26233,112.546,0.84672,12.849,0.84672,3695.15,0,0.0036966,0.0018483,2.18915,2.05441,14.5123,0.881253,17.8727,0.42336,0.0018483,0.21168,0.0018483,0.21168,460.486,0,1.02816,0,0,3.21731,2.18915,1.028160,1,0,132.007,0,0,0,132.007,0
64.4109,3.12695,0,0,6.17182,0.286221,0.36288,3.6288,61.308,0.66528,0,0,2.19787,0.241749,1.29084,0.66528,12.849,1,0.647877,0.36288,0,99.5008,4.35008,94.8658,0.84672,12.849,0.84672,3695.15,0,0.0036966,0.0018483,2.38785,2.05447,16.2317,1.03801,19.6342,0.42336,0.0018483,0.21168,0.0018483,0.21168,460.486,0,1.02816,0,0,3.41601,2.38785,1.028160,1,0,115.791,0,0,0,115.791,0
65.9328,2.88374,0,0,5.05244,0.283967,0.36288,3.6288,61.308,0.543132,0,0,2.92628,0.209003,2.17415,0.66528,12.849,1,0.575263,0.36288,0,106.809,3.86389,102.733,0.84672,12.849,0.84672,3695.15,0,0.0036966,1.63742e-05,2.43327,2.05452,17.4434,0.915444,21.0157,0.42336,0.0018483,0.21168,0.0018483,0.21168,460.486,0,1.02816,0,0,3.46143,2.43327,1.028160,1,0,125.923,0,0,0,125.923,0
66.8996,2.89494,0,0,4.50637,0.281708,0.36288,3.6288,61.308,0.543175,0,0,2.10249,0.19724,1.36208,0.66528,12.849,1,0.564166,0.36288,0,82.0454,3.66986,78.1743,0.84672,12.849,0.84672,3695.15,0,0.0036966,1.63755e-05,1.67518,1.86223,13.5147,0.864962,16.1871,0.42336,0.0018483,0.21168,0.0018483,0.21168,460.486,0,1.02816,0,0,2.70334,1.67518,1.028160,1,0,95.7235,0,0,0,95.7235,0
67.0632,2.90186,0,0,3.71226,0.283879,0.36288,3.6288,61.308,0.543219,0,0,1.49698,0.19724,0.756517,0.66528,12.849,1,0.557342,0.36288,0,70.2717,3.66986,66.4074,0.84672,12.849,0.84672,3695.15,0,0.0036966,1.63768e-05,1.00662,1.86228,11.4212,0.864962,13.4251,0.42336,0.0018483,0.21168,0.0018483,0.21168,460.486,0,1.02816,0,0,2.03478,1.00662,1.028160,1,0,80.589,0,0,0,80.589,0
67.5177,2.90308,0,0,4.00465,0.284247,0.36288,3.6288,61.308,0.543262,0,0,1.78008,0.19724,1.03958,0.66528,12.849,1,0.556216,0.36288,0,79.5951,3.66986,75.7319,0.84672,12.849,0.84672,3695.15,0,0.0036966,1.63782e-05,1.08922,1.86233,9.28757,0.864962,11.3741,0.42336,0.0018483,0.21168,0.0018483,0.21168,460.486,0,1.02816,0,0,2.11738,1.08922,1.028160,1,0,88.1457,0,0,0,88.1457,0
71.3317,2.90631,0,0,7.35971,0.276469,0.36288,3.6288,61.308,0.543306,0,0,3.02834,0.181283,2.30375,0.66528,12.849,1,0.553087,0.36288,0,140.77,3.50626,137.073,0.84672,12.849,0.84672,3695.15,0,0.0036966,1.63795e-05,3.63749,1.86238,22.4631,0.862525,27.1005,0.42336,0.0018483,0.21168,0.0018483,0.21168,460.486,0,1.02816,0,0,4.66565,3.63749,1.028160,1,0,166.478,0,0,0,166.478,0
72.29,3.03856,0,0,6.59458,0.26686,2.33091,3.6288,61.308,0.606553,0,0,2.65526,0.181482,1.86723,0.66528,12.849,1,0.547336,2.33091,0,188.928,3.72487,186.987,0.84672,12.849,0.84672,3695.15,0,0.0036966,1.82862e-05,3.71237,1.86243,19.0077,0.963916,23.6186,0.42336,0.0018483,0.21168,0.0018483,0.21168,460.486,0,1.02816,0,0,4.74053,3.71237,1.028160,1,0,212.473,0,0,0,212.473,0
72.29,3.0448,0,0,4.35624,0.268815,1.04262,3.6288,61.308,0.606598,0,0,2.00687,0.181482,1.21879,0.66528,12.849,1,0.541191,1.04262,0,135.604,3.72487,132.38,0.84672,12.849,0.84672,3695.15,0,0.0036966,1.82876e-05,2.2393,1.935,12.6371,0.963916,15.8475,0.42336,0.0018483,0.21168,0.0018483,0.21168,460.486,0,1.02816,0,0,3.26746,2.2393,1.028160,1,0,149.447,0,0,0,149.447,0
72.29,3.04489,0,0,4.80679,0.268815,1.49308,3.6288,61.308,0.606644,0,0,2.08408,0.181482,1.29595,0.66528,12.849,1,0.541206,1.49308,0,102.502,3.72487,99.7285,0.84672,12.849,0.84672,3695.15,0,0.0036966,1.8289e-05,2.45394,1.93506,14.8872,0.963916,18.3123,0.42336,0.0018483,0.21168,0.0018483,0.21168,460.486,0,1.02816,0,0,3.4821,2.45394,1.028160,1,0,119.337,0,0,0,119.337,0
72.29,3.04497,0,0,4.23604,0.27832,0.912743,3.6288,61.308,0.606689,0,0,2.14743,0.229865,1.31087,0.66528,12.849,1,0.541221,0.912743,0,97.9517,4.74845,93.5748,0.84672,12.849,0.84672,3695.15,0,0.0036966,1.82903e-05,2.57777,1.93511,15.1178,1.05174,18.5789,0.42336,0.0018483,0.21168,0.0018483,0.21168,460.486,0,1.02816,0,0,3.60593,2.57777,1.028160,1,0,113.465,0,0,0,113.465,0
72.29,3.00309,0,0,4.47644,0.20617,1.26719,3.6288,61.308,0.582184,0,0,1.98479,0.214143,1.18846,0.66528,12.849,1,0.533776,1.26719,0,99.0861,4.08544,95.7341,0.84672,12.849,0.84672,3695.15,0,0.0036966,1.75516e-05,3.21453,1.93517,13.6781,1.10311,17.7246,0.42336,0.0018483,0.21168,0.0018483,0.21168,460.486,0,1.02816,0,0,4.24269,3.21453,1.028160,1,0,114.647,0,0,0,114.647,0
72.29,3.00317,0,0,3.73504,0.20617,0.525696,3.6288,61.308,0.582229,0,0,1.79894,0.214143,1.00257,0.66528,12.849,1,0.533791,0.525696,0,80.1282,4.08544,76.0347,0.84672,12.849,0.84672,3695.15,0,0.0036966,1.75529e-05,2.6259,1.90699,10.8707,1.10311,14.3004,0.42336,0.0018483,0.21168,0.0018483,0.21168,460.486,0,1.02816,0,0,3.65406,2.6259,1.028160,1,0,91.3377,0,0,0,91.3377,0
72.0293,3.00326,0,0,3.31165,0.20617,0.36288,3.6288,61.308,0.582273,0,0,1.63402,0.214143,0.837606,0.66528,12.849,1,0.533806,0.36288,0,69.4267,4.08544,65.1703,0.84672,12.849,0.84672,3695.15,0,0.0036966,1.75542e-05,2.16248,1.90704,9.40041,1.10311,12.3668,0.42336,0.0018483,0.21168,0.0018483,0.21168,460.486,0,1.02816,0,0,3.19064,2.16248,1.028160,1,0,78.3748,0,0,0,78.3748,0
71.464,3.0017,0,0,3.00069,0.201449,0.36288,3.6288,61.308,0.582318,0,0,1.46506,0.208454,0.674287,0.66528,12.849,1,0.53546,0.36288,0,61.1701,3.96748,57.03,0.84672,12.849,0.84672,3695.15,0,0.0036966,1.75556e-05,1.87271,1.90709,8.59818,1.07319,11.3048,0.42336,0.0018483,0.21168,0.0018483,0.21168,460.486,0,1.02816,0,0,2.90087,1.87271,1.028160,1,0,69.0091,0,0,0,69.0091,0
70.7949,3.14042,0,0,2.98897,0.154776,0.36288,3.6288,61.308,0.66528,0,0,1.33015,0.196226,0.468648,0.66528,12.849,1,0.564637,0.36288,0,60.0434,4.21228,55.6294,0.84672,12.849,0.84672,3695.15,0,0.0036966,0.0018483,1.70725,1.90715,8.97437,0.975564,11.6113,0.42336,0.0018483,0.21168,0.0018483,0.21168,460.486,0,1.02816,0,0,2.73541,1.70725,1.028160,1,0,67.7094,0,0,0,67.7094,0
70.1539,3.13599,0,0,2.99686,0.139029,0.36288,3.6288,61.308,0.66528,0,0,1.27523,0.212654,0.397295,0.66528,12.849,1,0.569169,0.36288,0,55.5225,4.92671,50.3895,0.84672,12.849,0.84672,3695.15,0,0.0036966,0.0018483,1.66021,2.00592,9.27763,1.03698,11.9049,0.42336,0.0018483,0.21168,0.0018483,0.21168,460.486,0,1.02816,0,0,2.68837,1.66021,1.028160,1,0,62.6918,0,0,0,62.6918,0
69.3603,3.13168,0,0,2.84414,0.143183,0.36288,3.6288,61.308,0.66528,0,0,1.25506,0.211337,0.378438,0.66528,12.849,1,0.573581,0.36288,0,53.1859,4.84209,48.1331,0.84672,12.849,0.84672,3695.15,0,0.0036966,0.0018483,1.8797,2.00597,8.68467,1.04024,11.5283,0.42336,0.0018483,0.21168,0.0018483,0.21168,460.486,0,1.02816,0,0,2.90786,1.8797,1.028160,1,0,60.0398,0,0,0,60.0398,0
68.3509,3.12623,0,0,2.64006,0.160291,0.36288,3.6288,61.308,0.66528,0,0,1.20626,0.207587,0.333398,0.66528,12.849,1,0.579134,0.36288,0,49.2286,4.36646,44.6459,0.84672,12.849,0.84672,3695.15,0,0.0036966,0.0018483,1.78251,2.00603,8.07823,1.06935,10.7956,0.42336,0.0018483,0.21168,0.0018483,0.21168,460.486,0,1.02816,0,0,2.81067,1.78251,1.028160,1,0,55.7748,0,0,0,55.7748,0
67.5973,3.11911,0,0,2.83206,0.103756,0.36288,3.6288,61.308,0.66528,0,0,1.14233,0.223394,0.253655,0.66528,12.849,1,0.586349,0.36288,0,46.4763,4.59263,41.6602,0.84672,12.849,0.84672,3695.15,0,0.0036966,0.0018483,1.55511,2.00609,7.84253,1.07786,10.324,0.42336,0.0018483,0.21168,0.0018483,0.21168,460.486,0,1.02816,0,0,2.58327,1.55511,1.028160,1,0,52.2379,0,0,0,52.2379,0
67.6869,2.94079,0,0,3.51981,0.126473,0.36288,3.6288,61.308,0.635488,0,0,0.946667,0.200646,0.110534,0.66528,12.849,1,0.55899,0.36288,0,45.6124,4.67723,40.739,0.84672,12.849,0.84672,3695.15,0,0.0036966,1.91585e-05,1.04418,2.00614,7.10078,0.956335,9.19475,0.42336,0.0018483,0.21168,0.0018483,0.21168,460.486,0,1.02816,0,0,2.07234,1.04418,1.028160,1,0,50.0443,0,0,0,50.0443,0
67.4507,2.94149,0,0,3.19474,0.126563,0.36288,3.6288,61.308,0.635534,0,0,0.888123,0.200646,0.051943,0.66528,12.849,1,0.558383,0.36288,0,40.6444,4.67723,35.7716,0.84672,12.849,0.84672,3695.15,0,0.0036966,1.91599e-05,0.810467,1.94122,6.86923,0.956335,8.66457,0.42336,0.0018483,0.21168,0.0018483,0.21168,460.486,0,1.02816,0,0,1.83863,0.810467,1.028160,1,0,44.4882,0,0,0,44.4882,0
67.0847,2.93993,0,0,3.03097,0.0942293,0.36288,3.6288,61.2281,0.63558,0,0,0.833077,0.277429,0,0.66528,12.849,1,0.560041,0.36288,0,36.5593,5.66528,30.6969,0.84672,12.849,0.84672,3695.15,0,0.0036966,1.91613e-05,0.817655,1.94128,6.50998,1.31699,7.9519,0.42336,0.0018483,0.21168,0.0018483,0.21168,460.486,0,1.02816,0,0,1.84582,0.817655,1.028160,1,0,38.6488,0,0,0,38.6488,0
66.3785,2.93745,0,0,2.68809,0.0939576,0.36288,3.6288,61.0981,0.635626,0,0,0.782948,0.277289,0,0.66528,12.849,1,0.562621,0.36288,0,34.2944,5.66528,28.4294,0.84672,12.849,0.84672,3695.15,0,0.0036966,1.91877e-05,0.793161,1.94133,6.26308,1.31699,7.68056,0.42336,0.0018483,0.21168,0.0018483,0.21168,460.486,0,1.02816,0,0,1.82132,0.793161,1.028160,1,0,36.11,0,0,0,36.11,0
66.0889,3.00095,0,0,3.1469,0.0726652,0.36288,3.6288,60.9323,0.66528,0,0,0.797213,0.297729,0,0.66528,12.849,1,0.580899,0.36288,0,32.5668,5.77678,26.572,0.84672,12.849,0.84672,3695.15,0,0.0036966,0.0018483,0.605388,1.94138,5.70063,1.47778,6.76777,0.42336,0.0018483,0.21168,0.0018483,0.21168,460.486,0,1.02816,0,0,1.63355,0.605388,1.028160,1,0,33.3398,0,0,0,33.3398,0
65.8882,2.9989,0,0,3.23019,0.0690446,0.36288,3.6288,60.7108,0.66528,0,0,0.744664,0.300858,0,0.66528,12.849,1,0.583047,0.36288,0,42.4081,5.79537,36.3925,0.84672,12.849,0.84672,3695.15,0,0.0036966,0.0018483,0.760303,1.98816,6.19963,1.50457,7.44167,0.42336,0.0018483,0.21168,0.0018483,0.21168,460.486,0,1.02816,0,0,1.78846,0.760303,1.028160,1,0,43.8342,0,0,0,43.8342,0
65.4835,2.9975,0,0,3.0246,0.0689343,0.36288,3.6288,60.4376,0.66528,0,0,0.692513,0.300436,0,0.66528,12.849,1,0.584549,0.36288,0,34.0495,5.79537,28.0324,0.84672,12.849,0.84672,3695.15,0,0.0036966,0.0018483,0.727134,1.98821,5.58855,1.50457,6.79747,0.42336,0.0018483,0.21168,0.0018483,0.21168,460.486,0,1.02816,0,0,1.75529,0.727134,1.028160,1,0,34.8299,0,0,0,34.8299,0
64.8112,2.99456,0,0,2.75381,0.0687118,0.36288,3.6288,60.1299,0.66528,0,0,0.657435,0.299915,0,0.66528,12.849,1,0.587585,0.36288,0,31.0317,5.79537,25.0116,0.84672,12.849,0.84672,3695.15,0,0.0036966,0.0018483,0.457039,1.98827,5.21285,1.50457,6.15173,0.42336,0.0018483,0.21168,0.0018483,0.21168,460.486,0,1.02816,0,0,1.4852,0.457039,1.028160,1,0,31.1633,0,0,0,31.1633,0
64.2042,3.18922,0,0,2.99948,0.054316,0.36288,3.6288,59.8674,0.66528,0,0,0.721183,0.318365,0,0.66528,12.849,1,0.632271,0.36288,0,28.6362,5.96697,22.3998,0.84672,12.849,0.84672,3695.15,0,0.0036966,0.0018483,0.88026,1.98832,6.68911,1.53324,8.02261,0.42336,0.0018483,0.21168,0.0018483,0.21168,460.486,0,1.02816,0,0,1.90842,0.88026,1.028160,1,0,30.4224,0,0,0,30.4224,0
63.3904,3.18432,0,0,2.79032,0.056908,0.36288,3.6288,59.4699,0.66528,0,0,0.598978,0.331196,0,0.66528,12.849,1,0.637269,0.36288,0,24.3371,5.84682,18.2159,0.84672,12.849,0.84672,3695.15,0,0.0036966,0.0018483,0.524344,2.14661,4.50928,1.50175,5.67663,0.42336,0.0018483,0.21168,0.0018483,0.21168,460.486,0,1.02816,0,0,1.5525,0.524344,1.028160,1,0,23.8925,0,0,0,23.8925,0
62.0912,3.17761,0,0,2.29778,0.0565337,0.36288,3.6288,58.9956,0.66528,0,0,0.52134,0.330357,0,0.66528,12.849,1,0.644089,0.36288,0,30.2131,5.84682,24.0851,0.84672,12.849,0.84672,3695.15,0,0.0036966,0.0018483,0.343647,2.14666,4.02294,1.50175,5.00965,0.42336,0.0018483,0.21168,0.0018483,0.21168,460.486,0,1.02816,0,0,1.37181,0.343647,1.028160,1,0,29.0948,0,0,0,29.0948,0
61.0478,3.16653,0,0,2.54193,0.055936,0.36288,3.6288,58.7171,0.66528,0,0,0.716151,0.329354,0,0.66528,12.849,1,0.655274,0.36288,0,25.9037,5.84682,19.7645,0.84672,12.849,0.84672,3695.15,0,0.0036966,0.0018483,0.767638,2.14672,4.80743,1.50175,6.2182,0.42336,0.0018483,0.21168,0.0018483,0.21168,460.486,0,1.02816,0,0,1.7958,0.767638,1.028160,1,0,25.9827,0,0,0,25.9827,0
59.8894,3.15736,0,0,2.40801,0.0461838,0.36288,3.6288,58.2736,0.66528,0,0,0.554297,0.332592,0,0.66528,12.849,1,0.664544,0.36288,0,26.636,5.77416,20.5602,0.84672,12.849,0.84672,3695.15,0,0.0036966,0.0018483,0.6318,2.14678,5.32233,1.46273,6.63633,0.42336,0.0018483,0.21168,0.0018483,0.21168,460.486,0,1.02816,0,0,1.65996,0.6318,1.028160,1,0,27.1965,0,0,0,27.1965,0
58.7745,3.05085,0,0,2.29811,-0.000732686,0.36288,3.6288,57.6063,0.66528,0,0,0.387174,0.389133,0,0.66528,12.849,1,0.654547,0.36288,0,28.8051,6.31409,22.1993,0.84672,12.849,0.84672,3695.15,0,0.0036966,0.0018483,0.399151,2.14684,4.53674,1.65134,5.42955,0.42336,0.0018483,0.21168,0.0018483,0.21168,460.486,0,1.02816,0,0,1.42731,0.399151,1.028160,1,0,27.6289,0,0,0,27.6289,0
57.5383,3.04075,0,0,2.2739,0.106461,0.36288,3.6288,57.0946,0.66528,0,0,0.467859,0.314297,0,0.66528,12.849,1,0.664753,0.36288,0,26.372,4.45473,21.6154,0.84672,12.849,0.84672,3695.15,0,0.0036966,0.0018483,0.641295,2.05621,5.17625,1.19342,6.67849,0.42336,0.0018483,0.21168,0.0018483,0.21168,460.486,0,1.02816,0,0,1.66946,0.641295,1.028160,1,0,28.2939,0,0,0,28.2939,0
56.4932,3.02915,0,0,2.46304,0.116102,0.36288,3.6288,56.6706,0.66528,0,0,0.558416,0.317174,0,0.66528,12.849,1,0.676447,0.36288,0,28.9375,4.51983,24.1041,0.84672,12.849,0.84672,3695.15,0,0.0036966,0.0018483,0.710916,2.05627,5.93325,1.2307,7.46789,0.42336,0.0018483,0.21168,0.0018483,0.21168,460.486,0,1.02816,0,0,1.73908,0.710916,1.028160,1,0,31.572,0,0,0,31.572,0
55.5037,3.01904,0,0,2.50737,0.114914,0.36288,3.6288,56.2599,0.66528,0,0,0.570946,0.3163,0,0.66528,12.849,1,0.686661,0.36288,0,41.1407,4.51983,36.2971,0.84672,12.849,0.84672,3695.15,0,0.0036966,0.0018483,0.829146,2.05633,6.39087,1.2307,8.0438,0.42336,0.0018483,0.21168,0.0018483,0.21168,460.486,0,1.02816,0,0,1.85731,0.829146,1.028160,1,0,44.3409,0,0,0,44.3409,0
54.2612,2.93145,0,0,2.20495,0.153143,0.36288,3.6288,55.962,0.653533,0,0,0.598866,0.243241,0,0.66528,12.849,1,0.678624,0.36288,0,43.0536,4.55156,38.1863,0.84672,12.849,0.84672,3695.15,0,0.0036966,2.14704e-05,0.980286,2.05639,6.0323,1.27027,7.79868,0.42336,0.0018483,0.21168,0.0018483,0.21168,460.486,0,1.02816,0,0,2.00845,0.980286,1.028160,1,0,45.9849,0,0,0,45.9849,0
52.6039,2.91896,0,0,1.79134,0.166787,0.36288,3.6288,56.041,0.65358,0,0,0.946523,0.213939,0,0.66528,12.849,1,0.691207,0.36288,0,45.9286,4.56424,41.036,0.84672,12.849,0.84672,3695.15,0,0.0036966,2.15863e-05,1.22853,1.97584,6.29097,1.2861,8.20922,0.42336,0.0018483,0.21168,0.0018483,0.21168,460.486,0,1.02816,0,0,2.25669,1.22853,1.028160,1,0,49.2452,0,0,0,49.2452,0
50.9855,2.90154,0,0,1.81436,0.168376,0.36288,3.6288,55.9382,0.653626,0,0,0.766353,0.215535,0,0.66528,12.849,1,0.708728,0.36288,0,35.0727,4.44577,30.2811,0.84672,12.849,0.84672,3695.15,0,0.0036966,2.15574e-05,1.47144,1.97589,7.80081,1.2609,9.98721,0.42336,0.0018483,0.21168,0.0018483,0.21168,460.486,0,1.02816,0,0,2.4996,1.47144,1.028160,1,0,40.2683,0,0,0,40.2683,0
49.8336,2.88365,0,0,2.28605,0.19145,0.36288,3.6288,56.3412,0.653673,0,0,1.28093,0.2243,0,0.66528,12.849,1,0.726717,0.36288,0,65.4485,3.73496,61.3497,0.84672,12.849,0.84672,3695.15,0,0.0036966,2.15985e-05,1.71761,1.97595,7.81029,1.10971,10.3941,0.42336,0.0018483,0.21168,0.0018483,0.21168,460.486,0,1.02816,0,0,2.74577,1.71761,1.028160,1,0,71.7438,0,0,0,71.7438,0
50.8918,2.7851,0,0,4.38705,0.18083,0.36288,3.6288,57.2364,0.559396,0,0,1.66895,0.21428,0,0.66528,12.849,1,0.718105,0.36288,0,66.1852,4.07313,61.7569,0.84672,12.849,0.84672,3695.15,0,0.0036966,1.83513e-05,3.0732,1.976,14.8541,1.08684,18.8164,0.42336,0.0018483,0.21168,0.0018483,0.21168,460.486,0,1.02816,0,0,4.10136,3.0732,1.028160,1,0,80.5733,0,0,0,80.5733,0
54.4999,2.7971,0,0,6.93972,0.171651,0.36288,3.6288,60.0768,0.55944,0,0,3.60108,0.2013,0,0.66528,12.849,1,0.706202,0.36288,0,137.754,4.52403,132.887,0.84672,12.849,0.84672,3695.15,0,0.0036966,1.80656e-05,4.03879,1.88308,22.4357,1.05635,27.3013,0.42336,0.0018483,0.21168,0.0018483,0.21168,460.486,0,1.02816,0,0,5.06695,4.03879,1.028160,1,0,160.188,0,0,0,160.188,0
56.8195,2.83501,0,0,5.69561,0.178139,0.36288,3.6288,61.2924,0.559485,0,0,1.98012,0.20501,0,0.66528,12.849,1,0.668389,0.36288,0,76.1921,4.52403,71.3626,0.84672,12.849,0.84672,3695.15,0,0.0036966,1.72129e-05,2.9058,1.88313,17.5142,1.05635,21.2468,0.42336,0.0018483,0.21168,0.0018483,0.21168,460.486,0,1.02816,0,0,3.93396,2.9058,1.028160,1,0,92.6094,0,0,0,92.6094,0
57.7118,2.85735,0,0,4.34563,0.233095,0.36288,3.6288,61.308,0.559529,0,0,1.11882,0.212308,0.331385,0.66528,12.849,1,0.646153,0.36288,0,98.4252,3.92778,94.2141,0.84672,12.849,0.84672,3695.15,0,0.0036966,1.68729e-05,1.88434,1.88318,14.6334,0.931242,17.4697,0.42336,0.0018483,0.21168,0.0018483,0.21168,460.486,0,1.02816,0,0,2.9125,1.88434,1.028160,1,0,112.015,0,0,0,112.015,0
58.8187,2.8656,0,0,4.57909,0.243685,0.36288,3.6288,61.308,0.559573,0,0,1.05578,0.213281,0.282928,0.66528,12.849,1,0.638,0.36288,0,108.417,3.82841,104.314,0.84672,12.849,0.84672,3695.15,0,0.0036966,1.68699e-05,1.84306,1.88324,12.4466,0.910391,15.2625,0.42336,0.0018483,0.21168,0.0018483,0.21168,460.486,0,1.02816,0,0,2.87122,1.84306,1.028160,1,0,119.859,0,0,0,119.859,0
56.5459,2.96561,0,0,1.27448,0.218807,0.36288,3.6288,61.2666,0.610948,0,0,0.800823,0.231282,0,0.66528,12.849,1,0.647839,0.36288,0,29.6534,4.09017,25.2783,0.84672,12.849,0.84672,3695.15,0,0.0036966,1.84187e-05,0.979456,1.88329,4.93082,0.939055,6.85449,0.42336,0.0018483,0.21168,0.0018483,0.21168,460.486,0,1.02816,0,0,2.00762,0.979456,1.028160,1,0,32.1328,0,0,0,32.1328,0
54.1801,2.94444,0,0,1.15551,0.213997,0.36288,3.6288,61.308,0.610979,0,0,0.942183,0.231222,0.0585767,0.66528,12.849,1,0.669069,0.36288,0,27.1808,4.09017,22.7845,0.84672,12.849,0.84672,3695.15,0,0.0036966,1.84321e-05,0.816376,1.94357,5.11385,0.939055,6.93472,0.42336,0.0018483,0.21168,0.0018483,0.21168,460.486,0,1.02816,0,0,1.84454,0.816376,1.028160,1,0,29.7778,0,0,0,29.7778,0
52.6968,2.92088,0,0,2.00945,0.20899,0.36288,3.6288,61.308,0.611009,0,0,1.12067,0.231282,0.278377,0.66528,12.849,1,0.692697,0.36288,0,30.3963,4.09017,25.9763,0.84672,12.849,0.84672,3695.15,0,0.0036966,1.84206e-05,1.38996,1.9436,7.13963,0.939055,9.53412,0.42336,0.0018483,0.21168,0.0018483,0.21168,460.486,0,1.02816,0,0,2.41812,1.38996,1.028160,1,0,35.7888,0,0,0,35.7888,0
52.3623,2.90525,0,0,3.15941,0.225761,0.36288,3.6288,61.308,0.61104,0,0,1.06672,0.233631,0.222049,0.66528,12.849,1,0.708385,0.36288,0,50.3378,4.22493,45.7673,0.84672,12.849,0.84672,3695.15,0,0.0036966,1.84215e-05,1.13086,1.94364,6.58855,1.01446,8.64858,0.42336,0.0018483,0.21168,0.0018483,0.21168,460.486,0,1.02816,0,0,2.15902,1.13086,1.028160,1,0,54.638,0,0,0,54.638,0
51.7168,3.03502,0,0,3.02763,0.275214,0.36288,3.6288,61.308,0.66528,0,0,0.966056,0.238468,0.062308,0.66528,12.849,1,0.744753,0.36288,0,49.1569,4.35723,44.4178,0.84672,12.849,0.84672,3695.15,0,0.0036966,0.0018483,0.977815,1.94368,6.77838,1.20353,8.49449,0.42336,0.0018483,0.21168,0.0018483,0.21168,460.486,0,1.02816,0,0,2.00597,0.977815,1.028160,1,0,52.9746,0,0,0,52.9746,0
50.1681,3.02763,0,0,2.11362,0.271778,0.36288,3.6288,61.1087,0.66528,0,0,0.689081,0.223093,0,0.66528,12.849,1,0.752212,0.36288,0,33.5498,4.32253,28.8379,0.84672,12.849,0.84672,3695.15,0,0.0036966,0.0018483,0.629899,2.05722,4.48884,1.23043,5.94369,0.42336,0.0018483,0.21168,0.0018483,0.21168,460.486,0,1.02816,0,0,1.65806,0.629899,1.028160,1,0,34.7816,0,0,0,34.7816,0
49.2513,3.0092,0,0,2.72264,0.267406,0.36288,3.6288,61.0663,0.66528,0,0,0.84564,0.222812,0,0.66528,12.849,1,0.770712,0.36288,0,45.2997,4.32253,40.5693,0.84672,12.849,0.84672,3695.15,0,0.0036966,0.0018483,1.15645,2.05726,6.12872,1.23043,8.11015,0.42336,0.0018483,0.21168,0.0018483,0.21168,460.486,0,1.02816,0,0,2.18461,1.15645,1.028160,1,0,48.6795,0,0,0,48.6795,0
48.7096,2.99788,0,0,3.08385,0.264812,0.36288,3.6288,61.064,0.66528,0,0,0.885764,0.222752,0,0.66528,12.849,1,0.782105,0.36288,0,52.01,4.32253,47.2683,0.84672,12.849,0.84672,3695.15,0,0.0036966,0.0018483,0.954383,2.0573,5.61847,1.23043,7.39788,0.42336,0.0018483,0.21168,0.0018483,0.21168,460.486,0,1.02816,0,0,1.98254,0.954383,1.028160,1,0,54.6662,0,0,0,54.6662,0
49.224,2.74073,0,0,3.87986,0.261873,0.36288,3.6288,61.3018,0.545272,0,0,0.982437,0.199365,0,0.66528,12.849,1,0.72297,0.36288,0,85.6086,3.81581,81.4327,0.84672,12.849,0.84672,3695.15,0,0.0036966,1.65044e-05,1.14625,2.05734,7.614,1.08164,9.73593,0.42336,0.0018483,0.21168,0.0018483,0.21168,460.486,0,1.02816,0,0,2.17441,1.14625,1.028160,1,0,91.1686,0,0,0,91.1686,0
51.3043,2.74677,0,0,5.46944,0.279436,0.36288,3.6288,61.308,0.545301,0,0,1.07349,0.174893,0.34708,0.66528,12.849,1,0.716993,0.36288,0,133.759,3.47949,129.926,0.84672,12.849,0.84672,3695.15,0,0.0036966,1.64413e-05,2.80797,1.86476,10.7579,0.999346,14.4313,0.42336,0.0018483,0.21168,0.0018483,0.21168,460.486,0,1.02816,0,0,3.83613,2.80797,1.028160,1,0,144.704,0,0,0,144.704,0
53.8917,2.77007,0,0,6.00593,0.285642,0.36288,3.6288,61.308,0.545331,0,0,1.38942,0.1749,0.669194,0.66528,12.849,1,0.693756,0.36288,0,150.117,3.47949,146.307,0.84672,12.849,0.84672,3695.15,0,0.0036966,1.64405e-05,2.39834,1.8648,14.114,0.999346,17.3777,0.42336,0.0018483,0.21168,0.0018483,0.21168,460.486,0,1.02816,0,0,3.4265,2.39834,1.028160,1,0,164.354,0,0,0,164.354,0
56.1117,2.79703,0,0,5.65553,0.275555,0.36288,3.6288,61.308,0.545361,0,0,1.18862,0.204339,0.438923,0.66528,12.849,1,0.666875,0.36288,0,99.6322,4.32167,95.0065,0.84672,12.849,0.84672,3695.15,0,0.0036966,1.64414e-05,1.97501,1.86483,10.0044,1.11973,12.7245,0.42336,0.0018483,0.21168,0.0018483,0.21168,460.486,0,1.02816,0,0,3.00317,1.97501,1.028160,1,0,108.17,0,0,0,108.17,0
57.3852,2.81855,0,0,4.73141,0.276531,0.36288,3.6288,61.308,0.54539,0,0,0.83208,0.205502,0.081187,0.66528,12.849,1,0.645419,0.36288,0,96.1381,4.48119,91.3744,0.84672,12.849,0.84672,3695.15,0,0.0036966,1.64423e-05,1.70419,1.86487,8.11365,1.13159,10.5511,0.42336,0.0018483,0.21168,0.0018483,0.21168,460.486,0,1.02816,0,0,2.73235,1.70419,1.028160,1,0,102.007,0,0,0,102.007,0
59.5526,2.93372,0,0,5.75642,0.29243,0.36288,3.6288,61.308,0.608707,0,0,1.24629,0.141832,0.495747,0.66528,12.849,1,0.656883,0.36288,0,131.327,3.41712,127.616,0.84672,12.849,0.84672,3695.15,0,0.0036966,1.83512e-05,2.26105,1.8649,9.03381,0.913814,12.2459,0.42336,0.0018483,0.21168,0.0018483,0.21168,460.486,0,1.02816,0,0,3.28921,2.26105,1.028160,1,0,140.358,0,0,0,140.358,0
59.9788,2.95344,0,0,4.04122,0.298646,0.36288,3.6288,61.2928,0.608737,0,0,0.735376,0.141832,0,0.66528,12.849,1,0.637232,0.36288,0,98.6256,3.41712,94.9341,0.84672,12.849,0.84672,3695.15,0,0.0036966,1.83521e-05,1.26309,1.93755,7.25026,0.913814,9.53707,0.42336,0.0018483,0.21168,0.0018483,0.21168,460.486,0,1.02816,0,0,2.29125,1.26309,1.028160,1,0,104.471,0,0,0,104.471,0
59.9564,2.95723,0,0,3.58141,0.283688,0.36288,3.6288,61.1203,0.608768,0,0,0.587547,0.151333,0,0.66528,12.849,1,0.633514,0.36288,0,100.035,3.53346,96.2307,0.84672,12.849,0.84672,3695.15,0,0.0036966,1.83576e-05,0.995008,1.93759,7.11279,0.936715,9.10866,0.42336,0.0018483,0.21168,0.0018483,0.21168,460.486,0,1.02816,0,0,2.02317,0.995008,1.028160,1,0,105.339,0,0,0,105.339,0
59.7409,2.95709,0,0,3.34765,0.243181,0.36288,3.6288,61.0396,0.608799,0,0,0.703035,0.174928,0,0.66528,12.849,1,0.633721,0.36288,0,75.8765,3.82431,71.7813,0.84672,12.849,0.84672,3695.15,0,0.0036966,1.84103e-05,1.20553,1.93763,7.17751,0.993966,9.32668,0.42336,0.0018483,0.21168,0.0018483,0.21168,460.486,0,1.02816,0,0,2.23369,1.20553,1.028160,1,0,81.108,0,0,0,81.108,0
59.541,2.91453,0,0,3.30023,0.222794,0.36288,3.6288,61.0764,0.584248,0,0,0.794998,0.173949,0,0.66528,12.849,1,0.626854,0.36288,0,70.4108,3.56709,66.5797,0.84672,12.849,0.84672,3695.15,0,0.0036966,1.76912e-05,1.20111,1.93766,5.48844,1.00743,7.61976,0.42336,0.0018483,0.21168,0.0018483,0.21168,460.486,0,1.02816,0,0,2.22927,1.20111,1.028160,1,0,74.1995,0,0,0,74.1995,0
59.0483,2.91285,0,0,3.0021,0.219059,0.36288,3.6288,61.1455,0.584278,0,0,0.827289,0.173841,0,0.66528,12.849,1,0.628597,0.36288,0,66.9972,3.52422,63.2072,0.84672,12.849,0.84672,3695.15,0,0.0036966,1.76815e-05,1.11241,1.90943,5.41727,1.00967,7.42942,0.42336,0.0018483,0.21168,0.0018483,0.21168,460.486,0,1.02816,0,0,2.14057,1.11241,1.028160,1,0,70.6366,0,0,0,70.6366,0
58.8149,2.9086,0,0,3.25617,0.218022,0.36288,3.6288,61.1811,0.584309,0,0,0.793809,0.173918,0,0.66528,12.849,1,0.632917,0.36288,0,72.2235,3.52422,68.4292,0.84672,12.849,0.84672,3695.15,0,0.0036966,1.76624e-05,0.710675,1.90947,5.92889,1.00967,7.53934,0.42336,0.0018483,0.21168,0.0018483,0.21168,460.486,0,1.02816,0,0,1.73883,0.710675,1.028160,1,0,75.9686,0,0,0,75.9686,0
58.4038,2.90659,0,0,3.01708,0.158741,0.36288,3.6288,61.1604,0.584339,0,0,0.767898,0.204224,0,0.66528,12.849,1,0.634989,0.36288,0,65.8826,3.91827,61.6922,0.84672,12.849,0.84672,3695.15,0,0.0036966,1.76531e-05,0.933301,1.9095,5.53351,1.09522,7.28108,0.42336,0.0018483,0.21168,0.0018483,0.21168,460.486,0,1.02816,0,0,1.96146,0.933301,1.028160,1,0,68.9733,0,0,0,68.9733,0
57.5332,3.04069,0,0,2.68324,0.150217,0.36288,3.6288,60.9974,0.66528,0,0,0.715134,0.212867,0,0.66528,12.849,1,0.668961,0.36288,0,56.2201,4.09272,51.8213,0.84672,12.849,0.84672,3695.15,0,0.0036966,0.0018483,0.908686,1.90954,4.76061,1.11361,6.46338,0.42336,0.0018483,0.21168,0.0018483,0.21168,460.486,0,1.02816,0,0,1.93685,0.908686,1.028160,1,0,58.2847,0,0,0,58.2847,0
56.3097,3.03248,0,0,2.30986,0.138044,0.36288,3.6288,60.8871,0.66528,0,0,0.771353,0.216385,0,0.66528,12.849,1,0.677248,0.36288,0,44.7205,4.368,40.0381,0.84672,12.849,0.84672,3695.15,0,0.0036966,0.0018483,0.92016,2.00842,4.39177,1.0457,6.2728,0.42336,0.0018483,0.21168,0.0018483,0.21168,460.486,0,1.02816,0,0,1.94832,0.92016,1.028160,1,0,46.3109,0,0,0,46.3109,0
55.0717,3.02055,0,0,2.28185,0.136389,0.36288,3.6288,60.8374,0.66528,0,0,0.831807,0.216233,0,0.66528,12.849,1,0.689243,0.36288,0,43.3876,4.368,38.6932,0.84672,12.849,0.84672,3695.15,0,0.0036966,0.0018483,0.884477,2.00846,4.75858,1.0457,6.60397,0.42336,0.0018483,0.21168,0.0018483,0.21168,460.486,0,1.02816,0,0,1.91264,0.884477,1.028160,1,0,45.2972,0,0,0,45.2972,0
53.704,3.00804,0,0,2.13792,0.134715,0.36288,3.6288,60.7365,0.66528,0,0,0.78052,0.216165,0,0.66528,12.849,1,0.701818,0.36288,0,40.4821,4.368,35.7752,0.84672,12.849,0.84672,3695.15,0,0.0036966,0.0018483,0.822865,2.00849,4.25491,1.0457,6.03873,0.42336,0.0018483,0.21168,0.0018483,0.21168,460.486,0,1.02816,0,0,1.85102,0.822865,1.028160,1,0,41.8139,0,0,0,41.8139,0
52.2188,2.99367,0,0,1.99416,0.122784,0.36288,3.6288,60.5917,0.66528,0,0,0.748086,0.227561,0,0.66528,12.849,1,0.716254,0.36288,0,37.072,4.59559,32.123,0.84672,12.849,0.84672,3695.15,0,0.0036966,0.0018483,0.681307,2.00853,4.07006,1.08437,5.67369,0.42336,0.0018483,0.21168,0.0018483,0.21168,460.486,0,1.02816,0,0,1.70947,0.681307,1.028160,1,0,37.7967,0,0,0,37.7967,0
50.6164,2.81203,0,0,1.69216,0.119704,0.36288,3.6288,60.4829,0.637486,0,0,0.766506,0.237827,0,0.66528,12.849,1,0.69193,0.36288,0,33.4861,4.59795,28.5591,0.84672,12.849,0.84672,3695.15,0,0.0036966,1.9446e-05,0.563941,2.00857,3.94672,1.12283,5.39638,0.42336,0.0018483,0.21168,0.0018483,0.21168,460.486,0,1.02816,0,0,1.5921,0.563941,1.028160,1,0,33.9555,0,0,0,33.9555,0
48.8823,2.79461,0,0,1.54115,0.117722,0.36288,3.6288,60.3626,0.637518,0,0,0.754842,0.237663,0,0.66528,12.849,1,0.709414,0.36288,0,32.7076,4.59795,27.7631,0.84672,12.849,0.84672,3695.15,0,0.0036966,1.94819e-05,0.588142,1.94355,3.80702,1.12283,5.21586,0.42336,0.0018483,0.21168,0.0018483,0.21168,460.486,0,1.02816,0,0,1.6163,0.588142,1.028160,1,0,32.979,0,0,0,32.979,0
47.0181,2.77473,0,0,1.38899,0.11557,0.36288,3.6288,60.1905,0.637549,0,0,0.702924,0.237481,0,0.66528,12.849,1,0.729355,0.36288,0,30.315,4.59795,25.3506,0.84672,12.849,0.84672,3695.15,0,0.0036966,1.95217e-05,0.382311,1.94359,3.62476,1.12283,4.82781,0.42336,0.0018483,0.21168,0.0018483,0.21168,460.486,0,1.02816,0,0,1.41047,0.382311,1.028160,1,0,30.1784,0,0,0,30.1784,0
45.137,2.75207,0,0,1.32821,0.094351,0.36288,3.6288,59.9258,0.63758,0,0,0.664554,0.291679,0,0.66528,12.849,1,0.75208,0.36288,0,27.3307,5.3037,21.6378,0.84672,12.849,0.84672,3695.15,0,0.0036966,1.95785e-05,0.364487,1.94363,3.44391,1.38045,4.37156,0.42336,0.0018483,0.21168,0.0018483,0.21168,460.486,0,1.02816,0,0,1.39265,0.364487,1.028160,1,0,26.0093,0,0,0,26.0093,0
43.1239,2.79138,0,0,1.23093,0.0898381,0.36288,3.6288,59.5706,0.66528,0,0,0.620888,0.310765,0,0.66528,12.849,1,0.794613,0.36288,0,29.3152,5.70015,23.1833,0.84672,12.849,0.84672,3695.15,0,0.0036966,0.0018483,0.515229,1.94366,3.50679,1.42461,4.53922,0.42336,0.0018483,0.21168,0.0018483,0.21168,460.486,0,1.02816,0,0,1.54339,0.515229,1.028160,1,0,27.7225,0,0,0,27.7225,0
41.0901,2.76285,0,0,1.18161,0.0896946,0.36288,3.6288,59.1866,0.66528,0,0,0.590449,0.309195,0,0.66528,12.849,1,0.823207,0.36288,0,23.3096,5.74581,17.1035,0.84672,12.849,0.84672,3695.15,0,0.0036966,0.0018483,0.719738,1.99048,3.34857,1.40106,4.65588,0.42336,0.0018483,0.21168,0.0018483,0.21168,460.486,0,1.02816,0,0,1.7479,0.719738,1.028160,1,0,21.7593,0,0,0,21.7593,0
38.9749,2.7394,0,0,1.07469,0.0875921,0.36288,3.6288,58.7628,0.66528,0,0,0.549882,0.308436,0,0.66528,12.849,1,0.84672,0.36288,0,21.73,5.74581,15.5004,0.84672,12.849,0.84672,3695.15,0,0.0036966,0.0018483,0.447301,1.99051,2.98424,1.40106,4.01915,0.42336,0.0018483,0.21168,0.0018483,0.21168,460.486,0,1.02816,0,0,1.47546,0.447301,1.028160,1,0,19.5195,0,0,0,19.5195,0
36.9628,2.73946,0,0,1.17031,0.0800405,0.36288,3.6288,58.4407,0.66528,0,0,0.649052,0.305827,0,0.66528,12.849,1,0.84672,0.36288,0,21.8327,5.85395,15.4949,0.84672,12.849,0.84672,3695.15,0,0.0036966,0.0018483,0.831228,1.99055,4.21952,1.42697,5.61248,0.42336,0.0018483,0.21168,0.0018483,0.21168,460.486,0,1.02816,0,0,1.85939,0.831228,1.028160,1,0,21.1074,0,0,0,21.1074,0
34.7278,2.97903,0,0,1.1854,0.0785012,0.36288,3.6288,58.0948,0.66528,0,0,0.612842,0.293447,0,0.66528,12.849,1,0.84672,0.36288,0,20.5912,6.13545,13.9719,0.84672,12.849,0.84672,3695.15,0,0.0036966,0.0018483,0.745451,1.99059,3.89252,1.49645,5.13026,0.42336,0.0018483,0.21168,0.0018483,0.21168,460.486,0,1.02816,0,0,1.77361,0.745451,1.028160,1,0,19.1022,0,0,0,19.1022,0
32.5594,2.97909,0,0,1.2689,0.0952637,0.36288,3.6288,57.6969,0.66528,0,0,0.601717,0.334351,0,0.66528,12.849,1,0.84672,0.36288,0,19.4983,6.52575,12.4887,0.84672,12.849,0.84672,3695.15,0,0.0036966,0.0018483,0.513302,2.14903,3.61757,1.54297,4.73509,0.42336,0.0018483,0.21168,0.0018483,0.21168,460.486,0,1.02816,0,0,1.54146,0.513302,1.028160,1,0,17.2238,0,0,0,17.2238,0
30.2382,2.97915,0,0,1.11352,0.0927495,0.36288,3.6288,57.2786,0.66528,0,0,0.580502,0.333493,0,0.66528,12.849,1,0.84672,0.36288,0,24.7859,6.52575,17.7763,0.84672,12.849,0.84672,3695.15,0,0.0036966,0.0018483,0.444649,2.14907,3.47388,1.54297,4.52278,0.42336,0.0018483,0.21168,0.0018483,0.21168,460.486,0,1.02816,0,0,1.47281,0.444649,1.028160,1,0,22.2991,0,0,0,22.2991,0
27.9433,2.97921,0,0,1.13723,0.0900222,0.36288,3.6288,56.9467,0.66528,0,0,0.6659,0.33259,0,0.66528,12.849,1,0.84672,0.36288,0,21.4707,6.52575,14.4611,0.84672,12.849,0.84672,3695.15,0,0.0036966,0.0018483,0.528129,2.14911,3.60754,1.54297,4.73996,0.42336,0.0018483,0.21168,0.0018483,0.21168,460.486,0,1.02816,0,0,1.55629,0.528129,1.028160,1,0,19.201,0,0,0,19.201,0
25.6606,2.97927,0,0,1.14747,0.0880626,0.36288,3.6288,56.6272,0.66528,0,0,0.670937,0.325169,0,0.66528,12.849,1,0.84672,0.36288,0,21.7853,6.3409,14.9606,0.84672,12.849,0.84672,3695.15,0,0.0036966,0.0018483,0.908358,2.14915,4.61429,1.47101,6.19894,0.42336,0.0018483,0.21168,0.0018483,0.21168,460.486,0,1.02816,0,0,1.93652,0.908358,1.028160,1,0,21.1595,0,0,0,21.1595,0
23.0873,2.86259,0,0,0.755948,0.103781,0.36288,3.6288,56.2244,0.66528,0,0,0.623686,0.361195,0,0.66528,12.849,1,0.84672,0.36288,0,15.0148,6.63883,7.89209,0.84672,12.849,0.84672,3695.15,0,0.0036966,0.0018483,0.336122,2.14919,4.42967,1.57117,5.34197,0.42336,0.0018483,0.21168,0.0018483,0.21168,460.486,0,1.02816,0,0,1.36428,0.336122,1.028160,1,0,13.2341,0,0,0,13.2341,0
20.5786,2.86264,0,0,0.8579,0.141048,0.36288,3.6288,55.8472,0.66528,0,0,0.601596,0.313494,0,0.66528,12.849,1,0.84672,0.36288,0,12.6665,6.25233,5.93033,0.84672,12.849,0.84672,3695.15,0,0.0036966,0.0018483,0.247933,2.05845,3.34041,1.43842,4.20652,0.42336,0.0018483,0.21168,0.0018483,0.21168,460.486,0,1.02816,0,0,1.27609,0.247933,1.028160,1,0,10.1369,0,0,0,10.1369,0
18.3516,2.86268,0,0,1.13492,0.136335,0.36288,3.6288,55.6518,0.66528,0,0,0.782646,0.312722,0,0.66528,12.849,1,0.84672,0.36288,0,18.4387,6.25233,11.7025,0.84672,12.849,0.84672,3695.15,0,0.0036966,0.0018483,0.737735,2.05849,4.79534,1.43842,6.15129,0.42336,0.0018483,0.21168,0.0018483,0.21168,460.486,0,1.02816,0,0,1.7659,0.737735,1.028160,1,0,17.8538,0,0,0,17.8538,0
16.4709,2.86272,0,0,1.47697,0.132152,0.36288,3.6288,55.7817,0.66528,0,0,1.10746,0.312322,0,0.66528,12.849,1,0.84672,0.36288,0,36.1038,6.25233,29.3676,0.84672,12.849,0.84672,3695.15,0,0.0036966,0.0018483,1.44615,2.05852,5.69473,1.43842,7.75913,0.42336,0.0018483,0.21168,0.0018483,0.21168,460.486,0,1.02816,0,0,2.47431,1.44615,1.028160,1,0,37.1268,0,0,0,37.1268,0
14.3007,2.76693,0,0,1.10585,0.146157,0.36288,3.6288,55.5893,0.655299,0,0,0.716312,0.253402,0,0.66528,12.849,1,0.84672,0.36288,0,35.1067,5.08649,29.5364,0.84672,12.849,0.84672,3695.15,0,0.0036966,2.1713e-05,0.552364,2.05856,5.52519,1.24355,6.89254,0.42336,0.0018483,0.21168,0.0018483,0.21168,460.486,0,1.02816,0,0,1.58052,0.552364,1.028160,1,0,36.429,0,0,0,36.429,0
12.3548,2.76695,0,0,1.3202,0.136343,0.36288,3.6288,55.5122,0.655331,0,0,0.796591,0.218316,0,0.66528,12.849,1,0.84672,0.36288,0,29.566,4.23486,24.8473,0.84672,12.849,0.84672,3695.15,0,0.0036966,2.17892e-05,0.477714,1.97791,6.294,1.08719,7.66242,0.42336,0.0018483,0.21168,0.0018483,0.21168,460.486,0,1.02816,0,0,1.50587,0.477714,1.028160,1,0,32.5097,0,0,0,32.5097,0
11.155,2.76696,0,0,2.06075,0.130668,0.36288,3.6288,55.5804,0.655362,0,0,0.941708,0.218206,0,0.66528,12.849,1,0.84672,0.36288,0,39.6206,4.23486,34.9019,0.84672,12.849,0.84672,3695.15,0,0.0036966,2.18205e-05,0.827332,1.97795,8.34066,1.08719,10.0587,0.42336,0.0018483,0.21168,0.0018483,0.21168,460.486,0,1.02816,0,0,1.85549,0.827332,1.028160,1,0,44.9607,0,0,0,44.9607,0
12.895,2.76699,0,0,4.99707,0.12717,0.36288,3.6288,57.0343,0.655394,0,0,2.32758,0.218303,0,0.66528,12.849,1,0.84672,0.36288,0,90.6485,4.23486,85.9298,0.84672,12.849,0.84672,3695.15,0,0.0036966,2.17948e-05,3.79386,1.97799,13.8287,1.08719,18.5133,0.42336,0.0018483,0.21168,0.0018483,0.21168,460.486,0,1.02816,0,0,4.82202,3.79386,1.028160,1,0,104.443,0,0,0,104.443,0
12.5573,2.65976,0,0,2.82542,0.140471,0.36288,3.6288,57.7169,0.561006,0,0,1.46492,0.221241,0,0.66528,12.849,1,0.84672,0.36288,0,51.3019,4.24962,46.5684,0.84672,12.849,0.84672,3695.15,0,0.0036966,1.81804e-05,1.88717,1.97803,8.19556,1.07453,10.9862,0.42336,0.0018483,0.21168,0.0018483,0.21168,460.486,0,1.02816,0,0,2.91533,1.88717,1.028160,1,0,57.5546,0,0,0,57.5546,0
11.1501,2.65981,0,0,1.76321,0.147772,0.36288,3.6288,57.9865,0.561037,0,0,1.04702,0.216458,0,0.66528,12.849,1,0.84672,0.36288,0,37.3406,4.50145,32.3553,0.84672,12.849,0.84672,3695.15,0,0.0036966,1.79664e-05,0.341271,1.88499,7.86205,1.11713,8.97117,0.42336,0.0018483,0.21168,0.0018483,0.21168,460.486,0,1.02816,0,0,1.36943,0.341271,1.028160,1,0,41.3265,0,0,0,41.3265,0
12.038,2.65983,0,0,4.05381,0.143152,0.36288,3.6288,60.7656,0.561067,0,0,3.55705,0.216835,0,0.66528,12.849,1,0.84672,0.36288,0,108.06,4.50145,103.074,0.84672,12.849,0.84672,3695.15,0,0.0036966,1.78838e-05,3.25079,1.88502,14.0386,1.11713,18.0573,0.42336,0.0018483,0.21168,0.0018483,0.21168,460.486,0,1.02816,0,0,4.27895,3.25079,1.028160,1,0,121.132,0,0,0,121.132,0
12.5591,2.65993,0,0,3.68815,0.144255,0.36288,3.6288,61.308,0.561097,0,0,1.68833,0.21925,0.365594,0.66528,12.849,1,0.84672,0.36288,0,77.9659,4.42555,73.0565,0.84672,12.849,0.84672,3695.15,0,0.0036966,1.70668e-05,1.37117,1.88506,10.1611,1.10455,12.3127,0.42336,0.0018483,0.21168,0.0018483,0.21168,460.486,0,1.02816,0,0,2.39933,1.37117,1.028160,1,0,85.7348,0,0,0,85.7348,0
12.9599,2.66001,0,0,3.55865,0.134948,0.36288,3.6288,61.308,0.561127,0,0,1.81282,0.211112,1.04058,0.66528,12.849,1,0.84672,0.36288,0,55.856,3.97015,51.402,0.84672,12.849,0.84672,3695.15,0,0.0036966,1.69167e-05,1.21342,1.8851,8.47765,1.02907,10.5471,0.42336,0.0018483,0.21168,0.0018483,0.21168,460.486,0,1.02816,0,0,2.24158,1.21342,1.028160,1,0,62.9896,0,0,0,62.9896,0
15.691,2.66002,0,0,5.9105,0.156582,0.36288,3.6288,61.308,0.561127,0,0,2.7764,0.221914,1.99336,0.66528,12.849,1,0.84672,0.36288,0,86.5214,4.33636,81.7012,0.84672,12.849,0.84672,3695.15,0,0.0036966,1.69167e-05,4.3219,1.88513,15.0826,1.06016,20.2294,0.42336,0.0018483,0.21168,0.0018483,0.21168,460.486,0,1.02816,0,0,5.35006,4.3219,1.028160,1,0,103.924,0,0,0,103.924,0
18.2113,2.77,0,0,5.82281,0.169608,0.36288,3.6288,61.308,0.612538,0,0,2.16175,0.223714,1.32549,0.66528,12.849,1,0.84672,0.36288,0,146.222,4.3974,141.341,0.84672,12.849,0.84672,3695.15,0,0.0036966,1.84666e-05,3.26468,1.88513,13.4182,1.06534,17.5026,0.42336,0.0018483,0.21168,0.0018483,0.21168,460.486,0,1.02816,0,0,4.29284,3.26468,1.028160,1,0,160.169,0,0,0,160.169,0
19.9762,2.77008,0,0,5.07432,0.176466,0.36288,3.6288,61.308,0.612554,0,0,1.91074,0.223714,1.07447,0.66528,12.849,1,0.84672,0.36288,0,97.9966,4.3974,93.1154,0.84672,12.849,0.84672,3695.15,0,0.0036966,1.84671e-05,3.49167,1.94545,10.7882,1.06534,15.1599,0.42336,0.0018483,0.21168,0.0018483,0.21168,460.486,0,1.02816,0,0,4.51983,3.49167,1.028160,1,0,109.35,0,0,0,109.35,0
21.1566,2.77014,0,0,4.4965,0.183036,0.36288,3.6288,61.308,0.612571,0,0,1.61788,0.196008,0.809304,0.66528,12.849,1,0.84672,0.36288,0,88.0485,3.96735,83.5973,0.84672,12.849,0.84672,3695.15,0,0.0036966,1.84676e-05,2.92903,1.94547,9.50581,0.950432,13.4299,0.42336,0.0018483,0.21168,0.0018483,0.21168,460.486,0,1.02816,0,0,3.95719,2.92903,1.028160,1,0,97.8365,0,0,0,97.8365,0
22.6063,2.77019,0,0,4.76789,0.185186,0.36288,3.6288,61.308,0.612587,0,0,1.72245,0.200886,0.90898,0.66528,12.849,1,0.84672,0.36288,0,82.404,3.64309,78.2771,0.84672,12.849,0.84672,3695.15,0,0.0036966,1.84681e-05,3.52717,1.94549,10.846,0.943895,15.3747,0.42336,0.0018483,0.21168,0.0018483,0.21168,460.486,0,1.02816,0,0,4.55533,3.52717,1.028160,1,0,94.5608,0,0,0,94.5608,0
24.0511,2.93645,0,0,4.93066,0.186516,0.36288,3.6288,61.308,0.66528,0,0,1.67001,0.222166,0.782562,0.66528,12.849,1,0.84672,0.36288,0,94.0343,3.44012,90.1103,0.84672,12.849,0.84672,3695.15,0,0.0036966,0.0018483,3.54708,1.94551,10.6262,0.996466,15.1204,0.42336,0.0018483,0.21168,0.0018483,0.21168,460.486,0,1.02816,0,0,4.57524,3.54708,1.028160,1,0,106.013,0,0,0,106.013,0
27.3824,2.93651,0,0,6.82102,0.190337,0.36288,3.6288,61.308,0.66528,0,0,2.18946,0.222166,1.30202,0.66528,12.849,1,0.84672,0.36288,0,153.848,3.44012,149.924,0.84672,12.849,0.84672,3695.15,0,0.0036966,0.0018483,4.09234,2.05915,13.3283,0.996466,18.4815,0.42336,0.0018483,0.21168,0.0018483,0.21168,460.486,0,1.02816,0,0,5.1205,4.09234,1.028160,1,0,169.708,0,0,0,169.708,0
28.2646,2.93657,0,0,4.38123,0.199567,0.36288,3.6288,61.308,0.66528,0,0,1.62191,0.222166,0.734463,0.66528,12.849,1,0.84672,0.36288,0,89.9735,3.44012,86.0495,0.84672,12.849,0.84672,3695.15,0,0.0036966,0.0018483,3.11087,2.05917,9.882,0.996466,14.0537,0.42336,0.0018483,0.21168,0.0018483,0.21168,460.486,0,1.02816,0,0,4.13903,3.11087,1.028160,1,0,100.838,0,0,0,100.838,0
30.9309,2.93662,0,0,6.16364,0.197775,0.36288,3.6288,61.308,0.66528,0,0,2.64186,0.163943,1.81264,0.66528,12.849,1,0.84672,0.36288,0,136.267,2.95722,132.826,0.84672,12.849,0.84672,3695.15,0,0.0036966,0.0018483,3.87299,2.05919,14.984,0.831896,20.0824,0.42336,0.0018483,0.21168,0.0018483,0.21168,460.486,0,1.02816,0,0,4.90115,3.87299,1.028160,1,0,154.722,0,0,0,154.722,0
33.6865,2.62004,0,0,5.95877,0.220325,0.36288,3.6288,61.308,0.546688,0,0,3.70774,0.158805,3.00225,0.66528,12.849,1,0.84672,0.36288,0,144.251,2.94389,140.823,0.84672,12.849,0.84672,3695.15,0,0.0036966,1.64814e-05,3.3725,2.05921,17.4313,0.867054,21.9959,0.42336,0.0018483,0.21168,0.0018483,0.21168,460.486,0,1.02816,0,0,4.40066,3.3725,1.028160,1,0,165.821,0,0,0,165.821,0
35.7487,2.62009,0,0,5.27335,0.228088,0.36288,3.6288,61.308,0.546704,0,0,3.29855,0.158805,2.59304,0.66528,12.849,1,0.84672,0.36288,0,123.808,2.94389,120.38,0.84672,12.849,0.84672,3695.15,0,0.0036966,1.64819e-05,3.36808,1.86644,15.7663,0.867054,20.1337,0.42336,0.0018483,0.21168,0.0018483,0.21168,460.486,0,1.02816,0,0,4.39624,3.36808,1.028160,1,0,143.107,0,0,0,143.107,0
39.3786,2.62013,0,0,6.84671,0.233887,0.36288,3.6288,61.308,0.546719,0,0,3.588,0.158805,2.88248,0.66528,12.849,1,0.84672,0.36288,0,144.939,2.94389,141.511,0.84672,12.849,0.84672,3695.15,0,0.0036966,1.64824e-05,3.90818,1.86646,20.4332,0.867054,25.3407,0.42336,0.0018483,0.21168,0.0018483,0.21168,460.486,0,1.02816,0,0,4.93634,3.90818,1.028160,1,0,169.734,0,0,0,169.734,0
42.6411,2.62018,0,0,6.48866,0.2431,0.36288,3.6288,61.308,0.546735,0,0,3.42119,0.147351,2.7271,0.66528,12.849,1,0.84672,0.36288,0,160.124,2.76457,156.876,0.84672,12.849,0.84672,3695.15,0,0.0036966,1.64828e-05,3.82531,1.86648,18.3197,0.836344,23.1751,0.42336,0.0018483,0.21168,0.0018483,0.21168,460.486,0,1.02816,0,0,4.85347,3.82531,1.028160,1,0,182.778,0,0,0,182.778,0
47.9777,2.66415,0,0,8.5733,0.209634,0.36288,3.6288,61.308,0.546751,0,0,3.66819,0.160144,2.96129,0.66528,12.849,1,0.802788,0.36288,0,139.225,3.82966,134.955,0.84672,12.849,0.84672,3695.15,0,0.0036966,1.64833e-05,3.12414,1.8665,21.7397,1.04233,25.688,0.42336,0.0018483,0.21168,0.0018483,0.21168,460.486,0,1.02816,0,0,4.1523,3.12414,1.028160,1,0,163.605,0,0,0,163.605,0
51.7009,2.83454,0,0,7.14323,0.2226,0.36288,3.6288,61.308,0.610108,0,0,3.70136,0.160144,2.93111,0.66528,12.849,1,0.759124,0.36288,0,171.363,3.82966,167.137,0.84672,12.849,0.84672,3695.15,0,0.0036966,1.83934e-05,3.9058,1.86652,24.0973,1.04233,28.8273,0.42336,0.0018483,0.21168,0.0018483,0.21168,460.486,0,1.02816,0,0,4.93396,3.9058,1.028160,1,0,198.896,0,0,0,198.896,0
53.3362,2.87836,0,0,5.10087,0.224356,0.36288,3.6288,61.308,0.610124,0,0,2.46291,0.136444,1.71634,0.66528,12.849,1,0.715346,0.36288,0,137.837,3.18216,134.302,0.84672,12.849,0.84672,3695.15,0,0.0036966,1.83939e-05,2.5719,1.93921,15.8963,0.951748,19.4557,0.42336,0.0018483,0.21168,0.0018483,0.21168,460.486,0,1.02816,0,0,3.60006,2.5719,1.028160,1,0,155.474,0,0,0,155.474,0
54.578,2.89606,0,0,4.68034,0.179558,0.36288,3.6288,61.308,0.610141,0,0,2.10063,0.15418,1.33631,0.66528,12.849,1,0.697679,0.36288,0,113.84,2.95587,110.549,0.84672,12.849,0.84672,3695.15,0,0.0036966,1.83944e-05,2.26088,1.93923,13.5332,1.00919,16.7241,0.42336,0.0018483,0.21168,0.0018483,0.21168,460.486,0,1.02816,0,0,3.28904,2.26088,1.028160,1,0,128.609,0,0,0,128.609,0
55.6981,2.90894,0,0,4.5569,0.165021,0.36288,3.6288,61.308,0.610157,0,0,1.83076,0.196271,1.02433,0.66528,12.849,1,0.684837,0.36288,0,108.632,3.8883,104.421,0.84672,12.849,0.84672,3695.15,0,0.0036966,1.83949e-05,2.26915,1.93925,11.4774,1.08075,14.605,0.42336,0.0018483,0.21168,0.0018483,0.21168,460.486,0,1.02816,0,0,3.29731,2.26915,1.028160,1,0,120.051,0,0,0,120.051,0
56.7372,2.87992,0,0,4.42549,0.143528,0.36288,3.6288,61.308,0.585572,0,0,1.60739,0.21395,0.807872,0.66528,12.849,1,0.664369,0.36288,0,103.01,4.23717,98.4709,0.84672,12.849,0.84672,3695.15,0,0.0036966,1.76537e-05,2.13995,1.93927,10.8646,1.08629,13.8575,0.42336,0.0018483,0.21168,0.0018483,0.21168,460.486,0,1.02816,0,0,3.16811,2.13995,1.028160,1,0,113.136,0,0,0,113.136,0
57.4831,2.88987,0,0,4.14358,0.145016,0.36288,3.6288,61.308,0.585588,0,0,1.61245,0.21395,0.81291,0.66528,12.849,1,0.654454,0.36288,0,94.7929,4.23717,90.2641,0.84672,12.849,0.84672,3695.15,0,0.0036966,1.76542e-05,2.04825,1.911,10.287,1.08629,13.16,0.42336,0.0018483,0.21168,0.0018483,0.21168,460.486,0,1.02816,0,0,3.07641,2.04825,1.028160,1,0,104.237,0,0,0,104.237,0
58.0435,2.89684,0,0,3.96627,0.146083,0.36288,3.6288,61.308,0.585604,0,0,2.00167,0.21395,1.20212,0.66528,12.849,1,0.647521,0.36288,0,90.3459,4.23717,85.8241,0.84672,12.849,0.84672,3695.15,0,0.0036966,1.76547e-05,2.70609,1.91102,12.3346,1.08629,15.8654,0.42336,0.0018483,0.21168,0.0018483,0.21168,460.486,0,1.02816,0,0,3.73425,2.70609,1.028160,1,0,102.892,0,0,0,102.892,0
58.2835,2.90199,0,0,3.67296,0.168105,0.36288,3.6288,61.308,0.58562,0,0,1.64506,0.168385,0.891051,0.66528,12.849,1,0.642409,0.36288,0,77.2209,3.97863,72.9627,0.84672,12.849,0.84672,3695.15,0,0.0036966,1.76552e-05,2.05941,1.91104,10.3728,0.926972,13.4163,0.42336,0.0018483,0.21168,0.0018483,0.21168,460.486,0,1.02816,0,0,3.08757,2.05941,1.028160,1,0,87.2701,0,0,0,87.2701,0
58.3299,3.04195,0,0,3.60449,0.153279,0.36288,3.6288,61.308,0.66528,0,0,1.47169,0.206968,0.599437,0.66528,12.849,1,0.670619,0.36288,0,68.5722,4.5726,63.6919,0.84672,12.849,0.84672,3695.15,0,0.0036966,0.0018483,1.84805,1.91106,9.22847,1.11726,11.8685,0.42336,0.0018483,0.21168,0.0018483,0.21168,460.486,0,1.02816,0,0,2.87621,1.84805,1.028160,1,0,76.1598,0,0,0,76.1598,0
57.9908,3.04242,0,0,3.17119,0.104995,0.36288,3.6288,61.308,0.66528,0,0,1.25401,0.205499,0.383231,0.66528,12.849,1,0.670189,0.36288,0,59.2214,4.53978,54.3743,0.84672,12.849,0.84672,3695.15,0,0.0036966,0.0018483,1.84865,2.01,8.49148,1.06542,11.2829,0.42336,0.0018483,0.21168,0.0018483,0.21168,460.486,0,1.02816,0,0,2.87681,1.84865,1.028160,1,0,66.0404,0,0,0,66.0404,0
57.5621,3.03924,0,0,3.07812,0.104649,0.36288,3.6288,61.308,0.66528,0,0,1.33171,0.205499,0.460931,0.66528,12.849,1,0.673404,0.36288,0,56.4468,4.53978,51.5965,0.84672,12.849,0.84672,3695.15,0,0.0036966,0.0018483,1.81568,2.01002,9.03329,1.06542,11.7917,0.42336,0.0018483,0.21168,0.0018483,0.21168,460.486,0,1.02816,0,0,2.84384,1.81568,1.028160,1,0,63.8492,0,0,0,63.8492,0
56.9801,3.03517,0,0,2.92021,0.104211,0.36288,3.6288,61.308,0.66528,0,0,1.29411,0.205499,0.423329,0.66528,12.849,1,0.67751,0.36288,0,53.0169,4.53978,48.1625,0.84672,12.849,0.84672,3695.15,0,0.0036966,0.0018483,1.69462,2.01004,8.35168,1.06542,10.9891,0.42336,0.0018483,0.21168,0.0018483,0.21168,460.486,0,1.02816,0,0,2.72278,1.69462,1.028160,1,0,59.5749,0,0,0,59.5749,0
57.5953,3.02955,0,0,4.11693,0.109256,0.36288,3.6288,61.308,0.66528,0,0,1.08048,0.236263,0.178941,0.66528,12.849,1,0.683164,0.36288,0,63.4582,4.82622,58.3117,0.84672,12.849,0.84672,3695.15,0,0.0036966,0.0018483,0.971965,2.01006,5.72763,1.21116,7.49664,0.42336,0.0018483,0.21168,0.0018483,0.21168,460.486,0,1.02816,0,0,2.00013,0.971965,1.028160,1,0,65.9873,0,0,0,65.9873,0
58.2035,2.86697,0,0,3.87912,0.0410515,0.36288,3.6288,61.308,0.638723,0,0,1.08691,0.26532,0.18287,0.66528,12.849,1,0.639596,0.36288,0,59.3695,5.0506,54.0422,0.84672,12.849,0.84672,3695.15,0,0.0036966,1.92561e-05,0.950003,2.01008,5.78949,1.27781,7.47174,0.42336,0.0018483,0.21168,0.0018483,0.21168,460.486,0,1.02816,0,0,1.97816,0.950003,1.028160,1,0,61.6968,0,0,0,61.6968,0
58.5076,2.87248,0,0,3.58082,0.0413551,0.36288,3.6288,61.308,0.638739,0,0,1.07559,0.26532,0.171535,0.66528,12.849,1,0.634128,0.36288,0,54.2849,5.0506,48.963,0.84672,12.849,0.84672,3695.15,0,0.0036966,1.92566e-05,0.908574,1.945,5.31172,1.27781,6.88746,0.42336,0.0018483,0.21168,0.0018483,0.21168,460.486,0,1.02816,0,0,1.93673,0.908574,1.028160,1,0,56.022,0,0,0,56.022,0
58.575,2.87521,0,0,3.34692,0.0414181,0.36288,3.6288,61.308,0.638756,0,0,1.08208,0.26532,0.178007,0.66528,12.849,1,0.631432,0.36288,0,50.4706,5.0506,45.1515,0.84672,12.849,0.84672,3695.15,0,0.0036966,1.92571e-05,0.995025,1.94502,5.13449,1.27781,6.7967,0.42336,0.0018483,0.21168,0.0018483,0.21168,460.486,0,1.02816,0,0,2.02319,0.995025,1.028160,1,0,52.1262,0,0,0,52.1262,0
58.8771,2.87584,0,0,3.58381,0.0430708,0.36288,3.6288,61.308,0.638773,0,0,1.22975,0.308097,0.282879,0.66528,12.849,1,0.630842,0.36288,0,52.3752,5.54524,46.562,0.84672,12.849,0.84672,3695.15,0,0.0036966,1.92576e-05,0.946668,1.94504,4.81556,1.43293,6.27431,0.42336,0.0018483,0.21168,0.0018483,0.21168,460.486,0,1.02816,0,0,1.97483,0.946668,1.028160,1,0,53.1191,0,0,0,53.1191,0
59.0061,2.9457,0,0,3.48201,0.0444197,0.36288,3.6288,61.308,0.66528,0,0,1.09139,0.34018,0.0859274,0.66528,12.849,1,0.642853,0.36288,0,49.0544,5.91622,42.8582,0.84672,12.849,0.84672,3695.15,0,0.0036966,0.0018483,0.946374,1.94506,4.72714,1.54927,6.06745,0.42336,0.0018483,0.21168,0.0018483,0.21168,460.486,0,1.02816,0,0,1.97453,0.946374,1.028160,1,0,49.0116,0,0,0,49.0116,0
58.9102,2.94688,0,0,3.25835,0.0444751,0.36288,3.6288,61.308,0.66528,0,0,1.01023,0.34018,0.00477181,0.66528,12.849,1,0.641705,0.36288,0,44.2838,5.91622,38.0888,0.84672,12.849,0.84672,3695.15,0,0.0036966,0.0018483,0.86165,1.99188,4.21892,1.54927,5.52134,0.42336,0.0018483,0.21168,0.0018483,0.21168,460.486,0,1.02816,0,0,1.88981,0.86165,1.028160,1,0,43.6149,0,0,0,43.6149,0
58.5481,2.94606,0,0,2.99132,0.0444339,0.36288,3.6288,61.3017,0.66528,0,0,0.999138,0.34018,0,0.66528,12.849,1,0.642569,0.36288,0,40.4807,5.91622,34.2848,0.84672,12.849,0.84672,3695.15,0,0.0036966,0.0018483,0.706424,1.9919,4.12627,1.54927,5.27347,0.42336,0.0018483,0.21168,0.0018483,0.21168,460.486,0,1.02816,0,0,1.73458,0.706424,1.028160,1,0,39.5583,0,0,0,39.5583,0
58.8205,2.94283,0,0,3.6164,0.0383804,0.36288,3.6288,61.308,0.66528,0,0,1.19866,0.330617,0.196443,0.66528,12.849,1,0.645834,0.36288,0,41.7375,6.06084,35.3937,0.84672,12.849,0.84672,3695.15,0,0.0036966,0.0018483,1.21282,1.99192,6.08445,1.57464,7.71271,0.42336,0.0018483,0.21168,0.0018483,0.21168,460.486,0,1.02816,0,0,2.24098,1.21282,1.028160,1,0,43.3029,0,0,0,43.3029,0
58.7906,3.14202,0,0,3.52634,0.0512916,0.36288,3.6288,61.2865,0.66528,0,0,1.00932,0.36553,0,0.66528,12.849,1,0.686356,0.36288,0,38.504,6.22797,31.9525,0.84672,12.849,0.84672,3695.15,0,0.0036966,0.0018483,0.68466,1.99194,3.79093,1.49648,4.96921,0.42336,0.0018483,0.21168,0.0018483,0.21168,460.486,0,1.02816,0,0,1.71282,0.68466,1.028160,1,0,36.9217,0,0,0,36.9217,0
59.1047,3.14176,0,0,3.87,0.0512768,0.36288,3.6288,61.308,0.66528,0,0,1.24635,0.36548,0.194109,0.66528,12.849,1,0.686649,0.36288,0,49.519,6.22797,42.9672,0.84672,12.849,0.84672,3695.15,0,0.0036966,0.0018483,1.09985,2.15048,4.13545,1.49648,5.88744,0.42336,0.0018483,0.21168,0.0018483,0.21168,460.486,0,1.02816,0,0,2.12801,1.09985,1.028160,1,0,49.0488,0,0,0,49.0488,0
58.6546,3.14479,0,0,3.10899,0.0514326,0.36288,3.6288,61.1787,0.66528,0,0,0.901489,0.36553,0,0.66528,12.849,1,0.683658,0.36288,0,48.3878,6.22797,41.8391,0.84672,12.849,0.84672,3695.15,0,0.0036966,0.0018483,0.449211,2.1505,3.31984,1.49648,4.42122,0.42336,0.0018483,0.21168,0.0018483,0.21168,460.486,0,1.02816,0,0,1.47737,0.449211,1.028160,1,0,46.2603,0,0,0,46.2603,0
58.9719,3.14052,0,0,3.8719,0.0512093,0.36288,3.6288,61.308,0.66528,0,0,1.54077,0.365231,0.380939,0.66528,12.849,1,0.687969,0.36288,0,44.1931,6.22797,37.64,0.84672,12.849,0.84672,3695.15,0,0.0036966,0.0018483,1.76646,2.15052,5.1331,1.49648,7.55175,0.42336,0.0018483,0.21168,0.0018483,0.21168,460.486,0,1.02816,0,0,2.79462,1.76646,1.028160,1,0,45.5727,0,0,0,45.5727,0
60.4174,3.14359,0,0,5.03228,0.0802705,0.36288,3.6288,61.308,0.66528,0,0,1.46246,0.382702,0.414476,0.66528,12.849,1,0.684936,0.36288,0,37.6688,5.59532,31.7515,0.84672,12.849,0.84672,3695.15,0,0.0036966,0.0018483,1.66866,2.15054,7.21694,1.365,9.66929,0.42336,0.0018483,0.21168,0.0018483,0.21168,460.486,0,1.02816,0,0,2.69682,1.66866,1.028160,1,0,41.8352,0,0,0,41.8352,0
62.687,3.06081,0,0,5.7894,0.0960852,0.36288,3.6288,61.308,0.66528,0,0,1.78679,0.389086,0.732421,0.66528,12.849,1,0.650944,0.36288,0,40.6609,5.54683,34.826,0.84672,12.849,0.84672,3695.15,0,0.0036966,0.0018483,1.86376,2.15056,8.62186,1.37571,11.2586,0.42336,0.0018483,0.21168,0.0018483,0.21168,460.486,0,1.02816,0,0,2.89192,1.86376,1.028160,1,0,46.817,0,0,0,46.817,0
65.0395,3.0804,0,0,5.89368,0.0979037,0.36288,3.6288,61.308,0.66528,0,0,1.82687,0.389086,0.772502,0.66528,12.849,1,0.631392,0.36288,0,57.8075,5.54683,51.9921,0.84672,12.849,0.84672,3695.15,0,0.0036966,0.0018483,2.06037,2.05974,9.2867,1.37571,12.0293,0.42336,0.0018483,0.21168,0.0018483,0.21168,460.486,0,1.02816,0,0,3.08853,2.06037,1.028160,1,0,64.7939,0,0,0,64.7939,0
67.9848,3.0995,0,0,6.50748,0.0997886,0.36288,3.6288,61.308,0.66528,0,0,2.64778,0.389086,1.59341,0.66528,12.849,1,0.612328,0.36288,0,137.225,5.54683,131.429,0.84672,12.849,0.84672,3695.15,0,0.0036966,0.0018483,2.76653,2.05976,13.0536,1.37571,16.5023,0.42336,0.0018483,0.21168,0.0018483,0.21168,460.486,0,1.02816,0,0,3.79469,2.76653,1.028160,1,0,149.524,0,0,0,149.524,0
68.9512,3.12185,0,0,4.6302,0.179087,0.36288,3.6288,61.308,0.66528,0,0,1.54188,0.322893,0.553704,0.66528,12.849,1,0.590023,0.36288,0,101.488,5.49399,95.7666,0.84672,12.849,0.84672,3695.15,0,0.0036966,0.0018483,1.06481,2.05978,10.7101,1.34823,12.4846,0.42336,0.0018483,0.21168,0.0018483,0.21168,460.486,0,1.02816,0,0,2.09297,1.06481,1.028160,1,0,108.805,0,0,0,108.805,0
68.0335,3.04803,0,0,2.70182,0.208672,0.36288,3.6288,61.308,0.656299,0,0,1.02523,0.218144,0.150788,0.66528,12.849,1,0.567997,0.36288,0,49.9033,4.67334,45.0248,0.84672,12.849,0.84672,3695.15,0,0.0036966,1.9786e-05,0.310236,2.0598,7.65124,1.1675,8.85376,0.42336,0.0018483,0.21168,0.0018483,0.21168,460.486,0,1.02816,0,0,1.3384,0.310236,1.028160,1,0,54.0293,0,0,0,54.0293,0
67.373,3.04161,0,0,2.95121,0.207181,0.36288,3.6288,61.308,0.656316,0,0,1.56704,0.218144,0.692576,0.66528,12.849,1,0.574448,0.36288,0,46.9386,4.67334,42.0537,0.84672,12.849,0.84672,3695.15,0,0.0036966,1.97865e-05,0.747351,1.97909,9.07296,1.1675,10.6319,0.42336,0.0018483,0.21168,0.0018483,0.21168,460.486,0,1.02816,0,0,1.77551,0.747351,1.028160,1,0,53.3782,0,0,0,53.3782,0
66.457,3.03691,0,0,2.71493,0.231173,0.36288,3.6288,61.308,0.656333,0,0,1.76339,0.22583,0.881226,0.66528,12.849,1,0.579183,0.36288,0,56.574,4.08099,52.2767,0.84672,12.849,0.84672,3695.15,0,0.0036966,1.9787e-05,0.636146,1.97911,9.74671,1.04151,11.3204,0.42336,0.0018483,0.21168,0.0018483,0.21168,460.486,0,1.02816,0,0,1.66431,0.636146,1.028160,1,0,64.4784,0,0,0,64.4784,0
67.6905,3.03025,0,0,4.8575,0.230841,0.36288,3.6288,61.308,0.65635,0,0,1.61223,0.228222,0.727661,0.66528,12.849,1,0.585878,0.36288,0,78.3665,3.85789,74.2856,0.84672,12.849,0.84672,3695.15,0,0.0036966,1.97875e-05,1.27526,1.97913,12.0464,0.983149,14.3176,0.42336,0.0018483,0.21168,0.0018483,0.21168,460.486,0,1.02816,0,0,2.30342,1.27526,1.028160,1,0,89.3309,0,0,0,89.3309,0
66.9288,2.94896,0,0,2.80897,0.258834,0.36288,3.6288,61.308,0.561895,0,0,1.27963,0.206016,0.511717,0.66528,12.849,1,0.559772,0.36288,0,45.7637,3.91899,41.6478,0.84672,12.849,0.84672,3695.15,0,0.0036966,1.69399e-05,0.757313,1.97915,12.4524,0.910325,14.2785,0.42336,0.0018483,0.21168,0.0018483,0.21168,460.486,0,1.02816,0,0,1.78547,0.757313,1.028160,1,0,56.438,0,0,0,56.438,0
66.5994,2.94365,0,0,3.26542,0.28827,0.36288,3.6288,61.308,0.561911,0,0,1.33779,0.198771,0.57711,0.66528,12.849,1,0.565122,0.36288,0,60.1573,3.9102,56.0449,0.84672,12.849,0.84672,3695.15,0,0.0036966,1.69404e-05,0.733277,1.88604,12.1675,0.900311,13.8864,0.42336,0.0018483,0.21168,0.0018483,0.21168,460.486,0,1.02816,0,0,1.76144,0.733277,1.028160,1,0,70.5084,0,0,0,70.5084,0
65.8437,2.94133,0,0,2.83598,0.287519,0.36288,3.6288,61.308,0.561927,0,0,1.30485,0.198771,0.544149,0.66528,12.849,1,0.567471,0.36288,0,50.5837,3.9102,46.469,0.84672,12.849,0.84672,3695.15,0,0.0036966,1.69408e-05,0.656579,1.88606,11.8809,0.900311,13.5233,0.42336,0.0018483,0.21168,0.0018483,0.21168,460.486,0,1.02816,0,0,1.68474,0.656579,1.028160,1,0,60.5364,0,0,0,60.5364,0
66.1675,2.93591,0,0,3.90749,0.284902,0.36288,3.6288,61.308,0.561943,0,0,1.24108,0.209545,0.469597,0.66528,12.849,1,0.572926,0.36288,0,51.8617,4.24095,47.4107,0.84672,12.849,0.84672,3695.15,0,0.0036966,1.69413e-05,0.724991,1.88608,11.7136,1.00299,13.3217,0.42336,0.0018483,0.21168,0.0018483,0.21168,460.486,0,1.02816,0,0,1.75315,0.724991,1.028160,1,0,61.2019,0,0,0,61.2019,0
65.9325,2.93829,0,0,3.31429,0.248076,0.36288,3.6288,61.308,0.561959,0,0,0.873691,0.200791,0.110942,0.66528,12.849,1,0.570584,0.36288,0,48.3296,3.63675,44.4851,0.84672,12.849,0.84672,3695.15,0,0.0036966,1.69418e-05,0.436994,1.8861,8.46875,0.931203,9.86063,0.42336,0.0018483,0.21168,0.0018483,0.21168,460.486,0,1.02816,0,0,1.46515,0.436994,1.028160,1,0,54.4567,0,0,0,54.4567,0
70.0582,3.0286,0,0,7.75067,0.233509,0.36288,3.6288,61.308,0.613381,0,0,1.94579,0.186517,1.14589,0.66528,12.849,1,0.590217,0.36288,0,123.021,3.06432,119.729,0.84672,12.849,0.84672,3695.15,0,0.0036966,1.84921e-05,1.63857,1.88612,15.2652,0.799808,17.9901,0.42336,0.0018483,0.21168,0.0018483,0.21168,460.486,0,1.02816,0,0,2.66673,1.63857,1.028160,1,0,138.865,0,0,0,138.865,0
72.29,3.05798,0,0,7.26908,0.251005,1.72827,3.6288,61.308,0.613384,0,0,2.10222,0.191329,1.2975,0.66528,12.849,1,0.560848,1.72827,0,114.245,3.15577,112.257,0.84672,12.849,0.84672,3695.15,0,0.0036966,1.84922e-05,2.28666,1.94645,13.2646,0.823275,16.6744,0.42336,0.0018483,0.21168,0.0018483,0.21168,460.486,0,1.02816,0,0,3.31482,2.28666,1.028160,1,0,130.229,0,0,0,130.229,0
72.29,3.07269,0,0,10.9924,0.315238,7.60449,3.6288,61.308,0.613386,0,0,2.80787,0.220201,1.97428,0.66528,12.849,1,0.546147,7.60449,0,274.513,3.70451,277.866,0.84672,12.849,0.84672,3695.15,0,0.0036966,1.84922e-05,4.50875,1.94645,21.4452,0.964079,26.9363,0.42336,0.0018483,0.21168,0.0018483,0.21168,460.486,0,1.02816,0,0,5.53691,4.50875,1.028160,1,0,306.777,0,0,0,306.777,0
72.29,3.07269,0,0,6.37688,0.317701,2.98649,3.6288,61.308,0.613388,0,0,2.29694,0.213982,1.46957,0.66528,12.849,1,0.546148,2.98649,0,166.279,3.71798,165.002,0.84672,12.849,0.84672,3695.15,0,0.0036966,1.84923e-05,3.12276,1.94646,11.0476,0.981204,15.1356,0.42336,0.0018483,0.21168,0.0018483,0.21168,460.486,0,1.02816,0,0,4.15092,3.12276,1.028160,1,0,181.607,0,0,0,181.607,0
72.29,3.2139,0,0,7.73766,0.323859,4.1999,3.6288,61.308,0.66528,0,0,2.3058,0.198434,1.44209,0.66528,12.849,1,0.571246,4.1999,0,126.599,3.75165,126.476,0.84672,12.849,0.84672,3695.15,0,0.0036966,0.0018483,3.85639,1.94646,12.9123,1.02402,17.6893,0.42336,0.0018483,0.21168,0.0018483,0.21168,460.486,0,1.02816,0,0,4.88455,3.85639,1.028160,1,0,145.608,0,0,0,145.608,0
72.29,3.2139,0,0,6.58066,0.323859,3.0429,3.6288,61.308,0.66528,0,0,1.58407,0.198434,0.720361,0.66528,12.849,1,0.571247,3.0429,0,157.075,3.75165,155.795,0.84672,12.849,0.84672,3695.15,0,0.0036966,0.0018483,2.73778,2.06013,12.8449,1.02402,16.617,0.42336,0.0018483,0.21168,0.0018483,0.21168,460.486,0,1.02816,0,0,3.76594,2.73778,1.028160,1,0,173.133,0,0,0,173.133,0
72.29,3.21391,0,0,4.45058,0.326126,0.910541,3.6288,61.308,0.66528,0,0,1.32313,0.185302,0.472548,0.66528,12.849,1,0.571248,0.910541,0,117.831,3.52481,114.645,0.84672,12.849,0.84672,3695.15,0,0.0036966,0.0018483,0.718615,2.06014,6.58644,0.958971,8.40437,0.42336,0.0018483,0.21168,0.0018483,0.21168,460.486,0,1.02816,0,0,1.74677,0.718615,1.028160,1,0,123.522,0,0,0,123.522,0
72.29,3.21391,0,0,4.18565,0.309967,0.661767,3.6288,61.308,0.66528,0,0,1.15544,0.193829,0.296327,0.66528,12.849,1,0.571249,0.661767,0,99.3211,3.5746,95.837,0.84672,12.849,0.84672,3695.15,0,0.0036966,0.0018483,1.02914,2.06014,6.47698,0.907829,8.65657,0.42336,0.0018483,0.21168,0.0018483,0.21168,460.486,0,1.02816,0,0,2.0573,1.02914,1.028160,1,0,104.79,0,0,0,104.79,0
72.29,2.94494,0,0,6.26959,0.340476,2.98417,3.6288,61.308,0.547388,0,0,1.97342,0.171697,1.25433,0.66528,12.849,1,0.523441,2.98417,0,121.903,3.17866,121.186,0.84672,12.849,0.84672,3695.15,0,0.0036966,1.65025e-05,3.04797,2.06014,9.90645,0.839395,14.1751,0.42336,0.0018483,0.21168,0.0018483,0.21168,460.486,0,1.02816,0,0,4.07613,3.04797,1.028160,1,0,136.615,0,0,0,136.615,0
72.29,2.94495,0,0,4.5791,0.340476,1.29367,3.6288,61.308,0.54739,0,0,1.48873,0.171697,0.769645,0.66528,12.849,1,0.523442,1.29367,0,113.626,3.17866,111.217,0.84672,12.849,0.84672,3695.15,0,0.0036966,1.65026e-05,2.10635,1.86727,7.99908,0.839395,11.1333,0.42336,0.0018483,0.21168,0.0018483,0.21168,460.486,0,1.02816,0,0,3.13451,2.10635,1.028160,1,0,123.12,0,0,0,123.12,0
72.29,2.94495,0,0,5.95539,0.317819,2.69262,3.6288,61.308,0.547392,0,0,1.63374,0.159664,0.926681,0.66528,12.849,1,0.523443,2.69262,0,132.376,3.00427,131.541,0.84672,12.849,0.84672,3695.15,0,0.0036966,1.65027e-05,2.52407,1.86727,8.63335,0.814344,12.2103,0.42336,0.0018483,0.21168,0.0018483,0.21168,460.486,0,1.02816,0,0,3.55223,2.52407,1.028160,1,0,144.678,0,0,0,144.678,0
72.29,2.94495,0,0,4.98978,0.315783,1.72904,3.6288,61.308,0.547394,0,0,1.81433,0.203907,1.06303,0.66528,12.849,1,0.523443,1.72904,0,111.387,4.43189,108.161,0.84672,12.849,0.84672,3695.15,0,0.0036966,1.65027e-05,3.0945,1.86728,8.46331,1.09197,12.3331,0.42336,0.0018483,0.21168,0.0018483,0.21168,460.486,0,1.02816,0,0,4.12266,3.0945,1.028160,1,0,121.557,0,0,0,121.557,0
72.29,2.94496,0,0,3.9795,0.331321,0.703219,3.6288,61.308,0.547396,0,0,1.31442,0.179352,0.587672,0.66528,12.849,1,0.523444,0.703219,0,90.6163,4.1714,86.6247,0.84672,12.849,0.84672,3695.15,0,0.0036966,1.65028e-05,1.95178,1.86728,8.46435,1.01034,11.273,0.42336,0.0018483,0.21168,0.0018483,0.21168,460.486,0,1.02816,0,0,2.97994,1.95178,1.028160,1,0,98.4854,0,0,0,98.4854,0
72.29,3.05256,0,0,3.9731,0.334518,0.586021,3.6288,61.308,0.610765,0,0,1.53458,0.179752,0.744059,0.66528,12.849,1,0.54257,0.586021,0,147.131,4.13448,143.04,0.84672,12.849,0.84672,3695.15,0,0.0036966,1.84132e-05,2.61589,1.86728,9.29629,1.01429,12.7652,0.42336,0.0018483,0.21168,0.0018483,0.21168,460.486,0,1.02816,0,0,3.64405,2.61589,1.028160,1,0,156.549,0,0,0,156.549,0
72.29,3.05257,0,0,4.35407,0.334518,0.96698,3.6288,61.308,0.610767,0,0,1.83272,0.179752,1.0422,0.66528,12.849,1,0.542571,0.96698,0,97.4385,4.13448,93.7284,0.84672,12.849,0.84672,3695.15,0,0.0036966,1.84133e-05,3.73712,1.93999,9.363,1.01429,14.0258,0.42336,0.0018483,0.21168,0.0018483,0.21168,460.486,0,1.02816,0,0,4.76528,3.73712,1.028160,1,0,108.796,0,0,0,108.796,0
71.9721,3.05257,0,0,3.36183,0.264294,0.36288,3.6288,61.308,0.610769,0,0,1.04006,0.212451,0.216837,0.66528,12.849,1,0.542572,0.36288,0,63.5381,4.42278,58.9357,0.84672,12.849,0.84672,3695.15,0,0.0036966,1.84133e-05,1.86824,1.93999,7.72839,1.0315,10.5051,0.42336,0.0018483,0.21168,0.0018483,0.21168,460.486,0,1.02816,0,0,2.8964,1.86824,1.028160,1,0,69.6576,0,0,0,69.6576,0
71.118,3.05054,0,0,2.79863,0.239307,0.36288,3.6288,61.308,0.610772,0,0,0.91692,0.214344,0.0918048,0.66528,12.849,1,0.544606,0.36288,0,57.0918,4.08264,52.8275,0.84672,12.849,0.84672,3695.15,0,0.0036966,1.84134e-05,1.50342,1.94,5.89001,1.00178,8.33163,0.42336,0.0018483,0.21168,0.0018483,0.21168,460.486,0,1.02816,0,0,2.53158,1.50342,1.028160,1,0,61.2509,0,0,0,61.2509,0
69.7861,3.00304,0,0,2.27449,0.240488,0.36288,3.6288,61.2405,0.586163,0,0,0.724637,0.205954,0,0.66528,12.849,1,0.542564,0.36288,0,46.8867,3.74105,42.966,0.84672,12.849,0.84672,3695.15,0,0.0036966,1.76715e-05,0.824282,1.94,4.15101,0.974322,5.94095,0.42336,0.0018483,0.21168,0.0018483,0.21168,460.486,0,1.02816,0,0,1.85244,0.824282,1.028160,1,0,48.9069,0,0,0,48.9069,0
68.2439,2.9943,0,0,2.05307,0.238036,0.36288,3.6288,61.1754,0.586165,0,0,0.726935,0.205866,0,0.66528,12.849,1,0.55131,0.36288,0,43.0269,3.74105,39.0975,0.84672,12.849,0.84672,3695.15,0,0.0036966,1.7691e-05,0.901325,1.9117,5.28388,0.974322,7.12256,0.42336,0.0018483,0.21168,0.0018483,0.21168,460.486,0,1.02816,0,0,1.92948,0.901325,1.028160,1,0,46.22,0,0,0,46.22,0
67.8352,2.98382,0,0,3.17314,0.235197,0.36288,3.6288,61.2714,0.586167,0,0,0.887881,0.205781,0,0.66528,12.849,1,0.561794,0.36288,0,54.1007,3.74105,50.1607,0.84672,12.849,0.84672,3695.15,0,0.0036966,1.77099e-05,1.2042,1.9117,4.76642,0.974322,6.90798,0.42336,0.0018483,0.21168,0.0018483,0.21168,460.486,0,1.02816,0,0,2.23236,1.2042,1.028160,1,0,57.0687,0,0,0,57.0687,0
66.4878,2.98097,0,0,2.19155,0.195022,0.36288,3.6288,61.2392,0.586169,0,0,0.766791,0.212732,0,0.66528,12.849,1,0.564641,0.36288,0,47.4225,3.96629,43.2544,0.84672,12.849,0.84672,3695.15,0,0.0036966,1.76823e-05,0.926035,1.91171,4.29033,0.933594,6.19446,0.42336,0.0018483,0.21168,0.0018483,0.21168,460.486,0,1.02816,0,0,1.9542,0.926035,1.028160,1,0,49.4489,0,0,0,49.4489,0
65.1224,3.11234,0,0,2.27245,0.162659,0.36288,3.6288,61.0799,0.66528,0,0,0.709603,0.203675,0,0.66528,12.849,1,0.60147,0.36288,0,44.2531,3.80068,40.2139,0.84672,12.849,0.84672,3695.15,0,0.0036966,0.0018483,0.846184,1.91171,4.46257,0.970056,6.24856,0.42336,0.0018483,0.21168,0.0018483,0.21168,460.486,0,1.02816,0,0,1.87434,0.846184,1.028160,1,0,46.4624,0,0,0,46.4624,0
63.7026,3.10181,0,0,2.20575,0.160896,0.36288,3.6288,60.9647,0.66528,0,0,0.753564,0.203469,0,0.66528,12.849,1,0.612004,0.36288,0,42.18,3.80068,38.1302,0.84672,12.849,0.84672,3695.15,0,0.0036966,0.0018483,0.824697,2.01066,4.74725,0.970056,6.6107,0.42336,0.0018483,0.21168,0.0018483,0.21168,460.486,0,1.02816,0,0,1.85286,0.824697,1.028160,1,0,44.7409,0,0,0,44.7409,0
62.1828,3.09046,0,0,2.09259,0.159063,0.36288,3.6288,60.8284,0.66528,0,0,0.732292,0.203321,0,0.66528,12.849,1,0.623356,0.36288,0,39.6167,3.80068,35.5556,0.84672,12.849,0.84672,3695.15,0,0.0036966,0.0018483,0.745822,2.01067,4.3891,0.970056,6.17369,0.42336,0.0018483,0.21168,0.0018483,0.21168,460.486,0,1.02816,0,0,1.77398,0.745822,1.028160,1,0,41.7293,0,0,0,41.7293,0
60.5486,3.07784,0,0,1.95445,0.147927,0.36288,3.6288,60.64,0.66528,0,0,0.688418,0.211539,0,0.66528,12.849,1,0.635983,0.36288,0,36.8343,3.99543,32.5658,0.84672,12.849,0.84672,3695.15,0,0.0036966,0.0018483,0.646583,2.01067,4.25658,0.997704,5.91428,0.42336,0.0018483,0.21168,0.0018483,0.21168,460.486,0,1.02816,0,0,1.67474,0.646583,1.028160,1,0,38.4801,0,0,0,38.4801,0
59.0403,3.06368,0,0,2.03451,0.116198,0.36288,3.6288,60.7989,0.66528,0,0,1.04999,0.225855,0,0.66528,12.849,1,0.650143,0.36288,0,40.6409,4.34337,36.0103,0.84672,12.849,0.84672,3695.15,0,0.0036966,0.0018483,0.946166,2.01067,4.148,1.04542,6.05757,0.42336,0.0018483,0.21168,0.0018483,0.21168,460.486,0,1.02816,0,0,1.97433,0.946166,1.028160,1,0,42.0679,0,0,0,42.0679,0
57.6603,2.88066,0,0,1.98211,0.118599,0.36288,3.6288,60.993,0.639203,0,0,1.05345,0.220122,0,0.66528,12.849,1,0.626921,0.36288,0,39.1733,4.20661,34.7027,0.84672,12.849,0.84672,3695.15,0,0.0036966,1.94319e-05,0.957087,2.01067,4.1823,1.02573,6.12432,0.42336,0.0018483,0.21168,0.0018483,0.21168,460.486,0,1.02816,0,0,1.98525,0.957087,1.028160,1,0,40.827,0,0,0,40.827,0
56.1075,2.86839,0,0,1.76588,0.0874355,0.36288,3.6288,61.1021,0.639205,0,0,1.0217,0.273354,0,0.66528,12.849,1,0.639192,0.36288,0,37.1681,5.03451,31.8573,0.84672,12.849,0.84672,3695.15,0,0.0036966,1.93701e-05,0.760873,1.94556,4.06733,1.30812,5.46562,0.42336,0.0018483,0.21168,0.0018483,0.21168,460.486,0,1.02816,0,0,1.78903,0.760873,1.028160,1,0,37.3229,0,0,0,37.3229,0
54.4601,2.854,0,0,1.65617,0.0866463,0.36288,3.6288,61.1654,0.639207,0,0,0.967965,0.265514,0,0.66528,12.849,1,0.653586,0.36288,0,34.0285,5.44131,28.2965,0.84672,12.849,0.84672,3695.15,0,0.0036966,1.93356e-05,0.848699,1.94556,3.98385,1.45901,5.31908,0.42336,0.0018483,0.21168,0.0018483,0.21168,460.486,0,1.02816,0,0,1.87686,0.848699,1.028160,1,0,33.6155,0,0,0,33.6155,0
52.7267,2.83801,0,0,1.54767,0.0801347,0.36288,3.6288,61.1246,0.639209,0,0,0.888451,0.290038,0,0.66528,12.849,1,0.669583,0.36288,0,30.7713,5.56087,24.9037,0.84672,12.849,0.84672,3695.15,0,0.0036966,1.93157e-05,0.678456,1.94556,3.58858,1.48385,4.72873,0.42336,0.0018483,0.21168,0.0018483,0.21168,460.486,0,1.02816,0,0,1.70662,0.678456,1.028160,1,0,29.6324,0,0,0,29.6324,0
51.0441,2.88613,0,0,1.63846,0.0720592,0.36288,3.6288,61.1705,0.66528,0,0,1.03371,0.322511,0,0.66528,12.849,1,0.703322,0.36288,0,37.0502,5.72029,30.9895,0.84672,12.849,0.84672,3695.15,0,0.0036966,0.0018483,0.662576,1.94557,3.41985,1.51696,4.50918,0.42336,0.0018483,0.21168,0.0018483,0.21168,460.486,0,1.02816,0,0,1.69074,0.662576,1.028160,1,0,35.4987,0,0,0,35.4987,0
49.2511,2.86761,0,0,1.50828,0.070813,0.36288,3.6288,61.0589,0.66528,0,0,0.876347,0.322605,0,0.66528,12.849,1,0.721845,0.36288,0,30.4324,5.72029,24.3532,0.84672,12.849,0.84672,3695.15,0,0.0036966,0.0018483,0.765115,1.99239,3.30667,1.51696,4.54536,0.42336,0.0018483,0.21168,0.0018483,0.21168,460.486,0,1.02816,0,0,1.79328,0.765115,1.028160,1,0,28.8985,0,0,0,28.8985,0
47.353,2.84677,0,0,1.38106,0.0694832,0.36288,3.6288,60.883,0.66528,0,0,0.811676,0.322377,0,0.66528,12.849,1,0.742687,0.36288,0,28.9259,5.72029,22.8258,0.84672,12.849,0.84672,3695.15,0,0.0036966,0.0018483,0.504757,1.99239,2.90653,1.51696,3.88487,0.42336,0.0018483,0.21168,0.0018483,0.21168,460.486,0,1.02816,0,0,1.53292,0.504757,1.028160,1,0,26.7106,0,0,0,26.7106,0
45.5657,2.82336,0,0,1.45918,0.0602554,0.36288,3.6288,60.8223,0.66528,0,0,0.931781,0.327184,0,0.66528,12.849,1,0.766103,0.36288,0,28.3695,5.86985,22.0965,0.84672,12.849,0.84672,3695.15,0,0.0036966,0.0018483,0.811357,1.99239,3.84497,1.54684,5.10003,0.42336,0.0018483,0.21168,0.0018483,0.21168,460.486,0,1.02816,0,0,1.83952,0.811357,1.028160,1,0,27.1965,0,0,0,27.1965,0
43.216,2.98691,0,0,1.05017,0.0500506,0.36288,3.6288,60.7415,0.66528,0,0,0.902431,0.3179,0,0.66528,12.849,1,0.842274,0.36288,0,23.2677,6.03141,16.7569,0.84672,12.849,0.84672,3695.15,0,0.0036966,0.0018483,0.735817,1.9924,2.65986,1.51074,3.87548,0.42336,0.0018483,0.21168,0.0018483,0.21168,460.486,0,1.02816,0,0,1.76398,0.735817,1.028160,1,0,20.6324,0,0,0,20.6324,0
40.8153,2.98246,0,0,0.993289,0.0487323,0.36288,3.6288,60.5885,0.66528,0,0,0.829993,0.317737,0,0.66528,12.849,1,0.84672,0.36288,0,20.9109,6.03141,14.3956,0.84672,12.849,0.84672,3695.15,0,0.0036966,0.0018483,0.625666,2.15095,2.62967,1.51074,3.89369,0.42336,0.0018483,0.21168,0.0018483,0.21168,460.486,0,1.02816,0,0,1.65383,0.625666,1.028160,1,0,18.2893,0,0,0,18.2893,0
38.7942,2.98246,0,0,1.37167,0.0473853,0.36288,3.6288,60.525,0.66528,0,0,0.919201,0.317429,0,0.66528,12.849,1,0.84672,0.36288,0,22.4299,6.03141,15.9146,0.84672,12.849,0.84672,3695.15,0,0.0036966,0.0018483,0.84869,2.15095,2.93149,1.51074,4.41854,0.42336,0.0018483,0.21168,0.0018483,0.21168,460.486,0,1.02816,0,0,1.87685,0.84869,1.028160,1,0,20.3332,0,0,0,20.3332,0
37.3794,2.98246,0,0,1.99706,0.0665508,0.36288,3.6288,60.7733,0.66528,0,0,1.22355,0.309967,0,0.66528,12.849,1,0.84672,0.36288,0,37.4286,5.89149,31.0532,0.84672,12.849,0.84672,3695.15,0,0.0036966,0.0018483,1.08336,2.15095,3.26002,1.48838,5.0041,0.42336,0.0018483,0.21168,0.0018483,0.21168,460.486,0,1.02816,0,0,2.11152,1.08336,1.028160,1,0,36.0573,0,0,0,36.0573,0
36.1085,2.98246,0,0,2.1311,0.0565998,0.36288,3.6288,61.2301,0.66528,0,0,1.39091,0.268822,0,0.66528,12.849,1,0.84672,0.36288,0,30.9399,5.5088,24.9473,0.84672,12.849,0.84672,3695.15,0,0.0036966,0.0018483,1.33355,2.15095,3.78373,1.27802,5.98837,0.42336,0.0018483,0.21168,0.0018483,0.21168,460.486,0,1.02816,0,0,2.36171,1.33355,1.028160,1,0,30.9357,0,0,0,30.9357,0
34.6937,2.86563,0,0,1.86861,0.0549694,0.36288,3.6288,61.308,0.66528,0,0,2.10981,0.255569,1.11108,0.66528,12.849,1,0.84672,0.36288,0,26.5523,5.27593,20.7925,0.84672,12.849,0.84672,3695.15,0,0.0036966,0.0018483,3.35857,2.15096,4.80984,1.19657,9.12094,0.42336,0.0018483,0.21168,0.0018483,0.21168,460.486,0,1.02816,0,0,4.38673,3.35857,1.028160,1,0,31.0245,0,0,0,31.0245,0
32.9616,2.86563,0,0,1.55052,0.0540385,0.36288,3.6288,61.308,0.66528,0,0,1.13476,0.255695,0.213785,0.66528,12.849,1,0.84672,0.36288,0,25.4411,5.27593,19.6813,0.84672,12.849,0.84672,3695.15,0,0.0036966,0.0018483,1.24285,2.0601,3.58202,1.19657,5.68655,0.42336,0.0018483,0.21168,0.0018483,0.21168,460.486,0,1.02816,0,0,2.27101,1.24285,1.028160,1,0,25.5816,0,0,0,25.5816,0
31.8706,2.86562,0,0,2.23004,0.0925394,0.36288,3.6288,61.308,0.66528,0,0,1.39578,0.210211,0.520292,0.66528,12.849,1,0.84672,0.36288,0,29.6921,4.65305,24.5553,0.84672,12.849,0.84672,3695.15,0,0.0036966,0.0018483,1.53092,2.0601,3.94165,1.00188,6.52894,0.42336,0.0018483,0.21168,0.0018483,0.21168,460.486,0,1.02816,0,0,2.55908,1.53092,1.028160,1,0,31.6045,0,0,0,31.6045,0
33.319,2.86562,0,0,4.82239,0.145543,0.36288,3.6288,61.308,0.66528,0,0,2.37213,0.172809,1.53404,0.66528,12.849,1,0.84672,0.36288,0,78.6052,3.82685,74.2946,0.84672,12.849,0.84672,3695.15,0,0.0036966,0.0018483,2.15065,2.06011,10.0247,0.809749,13.4238,0.42336,0.0018483,0.21168,0.0018483,0.21168,460.486,0,1.02816,0,0,3.17881,2.15065,1.028160,1,0,89.2524,0,0,0,89.2524,0
32.3125,2.76974,0,0,2.27978,0.153604,0.36288,3.6288,61.308,0.656535,0,0,1.07309,0.230918,0.185635,0.66528,12.849,1,0.84672,0.36288,0,38.3311,3.83765,34.0096,0.84672,12.849,0.84672,3695.15,0,0.0036966,1.97931e-05,0.775449,2.06011,5.6457,0.978398,7.50284,0.42336,0.0018483,0.21168,0.0018483,0.21168,460.486,0,1.02816,0,0,1.80361,0.775449,1.028160,1,0,41.6981,0,0,0,41.6981,0
31.4837,2.76974,0,0,2.45548,0.15169,0.36288,3.6288,61.0312,0.841212,0,0,0.795297,0.230918,0,0.66528,12.849,1,0.84672,0.36288,0,40.0922,3.83765,35.7707,0.84672,12.849,0.84672,3695.15,0,0.0036966,2.53607e-05,0.216518,1.97936,5.15671,0.978398,6.37417,0.42336,0.0018483,0.21168,0.0018483,0.21168,460.486,0,0.84348,0,0,1.06,0.216518,1.028160,1,0,42.1449,0,0,0,42.1449,0
34.2979,2.76974,0,0,6.09695,0.150113,0.36288,3.6288,61.308,0.65654,0,0,2.10935,0.230514,0.945466,0.66528,12.849,1,0.84672,0.36288,0,66.1998,3.83765,61.8783,0.84672,12.849,0.84672,3695.15,0,0.0036966,1.9883e-05,1.90213,1.97937,7.88834,0.978398,10.7914,0.42336,0.0018483,0.21168,0.0018483,0.21168,460.486,0,1.02816,0,0,2.93029,1.90213,1.028160,1,0,73.6152,0,0,0,73.6152,0
39.4957,2.76976,0,0,8.48591,0.155466,0.36288,3.6288,61.308,0.656542,0,0,2.92525,0.230918,2.03779,0.66528,12.849,1,0.84672,0.36288,0,99.9164,3.83765,95.5949,0.84672,12.849,0.84672,3695.15,0,0.0036966,1.97933e-05,4.21635,1.97937,10.6838,0.978398,15.9011,0.42336,0.0018483,0.21168,0.0018483,0.21168,460.486,0,1.02816,0,0,5.24451,4.21635,1.028160,1,0,113.534,0,0,0,113.534,0
42.4191,2.66234,0,0,6.1469,0.198283,0.36288,3.6288,61.308,0.562062,0,0,3.87895,0.198552,3.11833,0.66528,12.849,1,0.84672,0.36288,0,85.8548,3.98328,81.3877,0.84672,12.849,0.84672,3695.15,0,0.0036966,1.69449e-05,3.9365,1.97937,12.601,1.05043,17.4664,0.42336,0.0018483,0.21168,0.0018483,0.21168,460.486,0,1.02816,0,0,4.96466,3.9365,1.028160,1,0,101.972,0,0,0,101.972,0
44.0052,2.69327,0,0,4.84741,0.205222,0.36288,3.6288,61.308,0.562064,0,0,3.57062,0.198552,2.81,0.66528,12.849,1,0.815806,0.36288,0,95.0797,3.98328,90.6435,0.84672,12.849,0.84672,3695.15,0,0.0036966,1.6945e-05,3.59059,1.88624,11.47,1.05043,15.8964,0.42336,0.0018483,0.21168,0.0018483,0.21168,460.486,0,1.02816,0,0,4.61875,3.59059,1.028160,1,0,109.35,0,0,0,109.35,0
46.4364,2.71603,0,0,5.71919,0.209004,0.36288,3.6288,61.308,0.562066,0,0,4.63487,0.198552,3.87425,0.66528,12.849,1,0.79305,0.36288,0,156.179,3.98328,151.766,0.84672,12.849,0.84672,3695.15,0,0.0036966,1.6945e-05,4.57035,1.88624,16.9636,1.05043,22.3698,0.42336,0.0018483,0.21168,0.0018483,0.21168,460.486,0,1.02816,0,0,5.59851,4.57035,1.028160,1,0,178.01,0,0,0,178.01,0
47.5127,2.74856,0,0,4.40851,0.220844,0.36288,3.6288,61.308,0.562069,0,0,1.43472,0.198088,0.674558,0.66528,12.849,1,0.760529,0.36288,0,107.343,4.10815,102.838,0.84672,12.849,0.84672,3695.15,0,0.0036966,1.69451e-05,1.49761,1.88625,8.59542,1.06547,10.9138,0.42336,0.0018483,0.21168,0.0018483,0.21168,460.486,0,1.02816,0,0,2.52577,1.49761,1.028160,1,0,114.426,0,0,0,114.426,0
50.9607,2.76213,0,0,6.81779,0.24478,0.36288,3.6288,61.308,0.562071,0,0,3.63531,0.173328,2.89992,0.66528,12.849,1,0.74697,0.36288,0,141.305,3.89158,137.029,0.84672,12.849,0.84672,3695.15,0,0.0036966,1.69452e-05,4.47365,1.88625,13.4865,0.984134,18.8623,0.42336,0.0018483,0.21168,0.0018483,0.21168,460.486,0,1.02816,0,0,5.50181,4.47365,1.028160,1,0,158.791,0,0,0,158.791,0
53.3155,2.89028,0,0,5.85005,0.242022,0.36288,3.6288,61.308,0.613483,0,0,4.97807,0.156845,4.20774,0.66528,12.849,1,0.728742,0.36288,0,118.687,3.16722,115.154,0.84672,12.849,0.84672,3695.15,0,0.0036966,1.84951e-05,6.36393,1.88625,13.1893,0.855453,20.584,0.42336,0.0018483,0.21168,0.0018483,0.21168,460.486,0,1.02816,0,0,7.39209,6.36393,1.028160,1,0,139.945,0,0,0,139.945,0
57.1169,2.9162,0,0,7.32846,0.247988,0.36288,3.6288,61.308,0.613471,0,0,5.35598,0.156845,4.58566,0.66528,12.849,1,0.702801,0.36288,0,110.244,3.16722,106.737,0.84672,12.849,0.84672,3695.15,0,0.0036966,1.84948e-05,6.5983,1.94657,15.0455,0.855453,22.7349,0.42336,0.0018483,0.21168,0.0018483,0.21168,460.486,0,1.02816,0,0,7.62646,6.5983,1.028160,1,0,134.057,0,0,0,134.057,0
66.02,2.95437,0,0,12.478,0.257619,0.36288,3.6288,61.308,0.613459,0,0,6.92989,0.156845,6.15959,0.66528,12.849,1,0.664613,0.36288,0,198.506,3.16722,195.037,0.84672,12.849,0.84672,3695.15,0,0.0036966,1.84944e-05,8.72329,1.94656,22.7508,0.855453,32.5652,0.42336,0.0018483,0.21168,0.0018483,0.21168,460.486,0,1.02816,0,0,9.75145,8.72329,1.028160,1,0,233.762,0,0,0,233.762,0
72.29,3.02938,0,0,15.0373,0.319021,5.41896,3.6288,61.308,0.613447,0,0,7.10952,0.169056,6.32702,0.66528,12.849,1,0.589586,5.41896,0,292.062,4.12684,292.765,0.84672,12.849,0.84672,3695.15,0,0.0036966,1.84941e-05,11.3482,1.94654,30.1184,1.08862,42.3246,0.42336,0.0018483,0.21168,0.0018483,0.21168,460.486,0,1.02816,0,0,12.3764,11.3482,1.028160,1,0,341.416,0,0,0,341.416,0
72.29,3.21399,0,0,9.4824,0.339799,5.92861,3.6288,61.308,0.66528,0,0,7.1911,0.193051,6.33277,0.66528,12.849,1,0.571262,5.92861,0,235.941,3.75837,237.54,0.84672,12.849,0.84672,3695.15,0,0.0036966,0.0018483,9.12384,1.94653,25.3137,1.03942,35.3428,0.42336,0.0018483,0.21168,0.0018483,0.21168,460.486,0,1.02816,0,0,10.152,9.12384,1.028160,1,0,279.216,0,0,0,279.216,0
72.29,3.21396,0,0,7.69643,0.341311,4.14115,3.6288,61.308,0.66528,0,0,5.84329,0.184296,4.99372,0.66528,12.849,1,0.571258,4.14115,0,184.362,3.60714,184.325,0.84672,12.849,0.84672,3695.15,0,0.0036966,0.0018483,6.63453,2.06019,21.4756,0.996058,29.1724,0.42336,0.0018483,0.21168,0.0018483,0.21168,460.486,0,1.02816,0,0,7.66269,6.63453,1.028160,1,0,218.491,0,0,0,218.491,0
72.29,3.21394,0,0,7.90171,0.345089,4.34268,3.6288,61.308,0.66528,0,0,5.19712,0.16241,4.36943,0.66528,12.849,1,0.571253,4.34268,0,164.1,3.22906,164.643,0.84672,12.849,0.84672,3695.15,0,0.0036966,0.0018483,7.56622,2.06017,20.6482,0.887649,29.3851,0.42336,0.0018483,0.21168,0.0018483,0.21168,460.486,0,1.02816,0,0,8.59438,7.56622,1.028160,1,0,198.397,0,0,0,198.397,0
72.29,3.21392,0,0,6.45992,0.347053,2.89895,3.6288,61.308,0.66528,0,0,4.22158,0.169071,3.38723,0.66528,12.849,1,0.571249,2.89895,0,153.256,3.38847,152.196,0.84672,12.849,0.84672,3695.15,0,0.0036966,0.0018483,5.39737,2.06016,15.6546,0.91138,22.1989,0.42336,0.0018483,0.21168,0.0018483,0.21168,460.486,0,1.02816,0,0,6.42553,5.39737,1.028160,1,0,177.782,0,0,0,177.782,0
72.29,2.94492,0,0,8.91441,0.358833,5.61065,3.6288,61.308,0.547376,0,0,6.96137,0.209039,6.20495,0.66528,12.849,1,0.523437,5.61065,0,318.85,4.3449,319.592,0.84672,12.849,0.84672,3695.15,0,0.0036966,1.65022e-05,6.93412,2.06014,22.28,1.05377,30.2204,0.42336,0.0018483,0.21168,0.0018483,0.21168,460.486,0,1.02816,0,0,7.96228,6.93412,1.028160,1,0,356.017,0,0,0,356.017,0
72.29,2.9449,0,0,12.6962,0.358833,9.39249,3.6288,61.308,0.547364,0,0,9.59447,0.209039,8.83807,0.66528,12.849,1,0.523433,9.39249,0,270.53,4.3449,275.054,0.84672,12.849,0.84672,3695.15,0,0.0036966,1.65018e-05,12.7859,1.86726,30.1127,1.05377,43.7121,0.42336,0.0018483,0.21168,0.0018483,0.21168,460.486,0,1.02816,0,0,13.8141,12.7859,1.028160,1,0,327.604,0,0,0,327.604,0
72.29,2.94488,0,0,16.8204,0.359099,13.5165,3.6288,61.308,0.547352,0,0,15.1386,0.197684,14.3935,0.66528,12.849,1,0.523429,13.5165,0,293.755,4.2928,302.455,0.84672,12.849,0.84672,3695.15,0,0.0036966,1.65015e-05,14.0824,1.86724,38.8282,1.03499,53.7428,0.42336,0.0018483,0.21168,0.0018483,0.21168,460.486,0,1.02816,0,0,15.1106,14.0824,1.028160,1,0,370.591,0,0,0,370.591,0
72.29,2.94485,0,0,10.5316,0.360696,7.22601,3.6288,61.308,0.547341,0,0,5.24246,0.129556,4.56556,0.66528,12.849,1,0.523426,7.22601,0,235.696,3.98023,238.418,0.84672,12.849,0.84672,3695.15,0,0.0036966,1.65011e-05,6.72062,1.86723,21.7779,0.922346,29.4434,0.42336,0.0018483,0.21168,0.0018483,0.21168,460.486,0,1.02816,0,0,7.74878,6.72062,1.028160,1,0,272.427,0,0,0,272.427,0
72.29,2.94483,0,0,8.61598,0.364085,5.30706,3.6288,61.308,0.547329,0,0,5.66778,0.146753,4.9737,0.66528,12.849,1,0.523422,5.30706,0,200.299,3.96313,201.12,0.84672,12.849,0.84672,3695.15,0,0.0036966,1.65008e-05,7.79907,1.86721,19.6597,0.961374,28.3646,0.42336,0.0018483,0.21168,0.0018483,0.21168,460.486,0,1.02816,0,0,8.82723,7.79907,1.028160,1,0,234.458,0,0,0,234.458,0
72.29,3.05241,0,0,7.53019,0.365441,4.11234,3.6288,61.308,0.610681,0,0,5.66285,0.153631,4.89853,0.66528,12.849,1,0.542542,4.11234,0,193.297,3.95629,192.91,0.84672,12.849,0.84672,3695.15,0,0.0036966,1.84107e-05,6.9905,1.8672,21.0908,0.976985,28.9715,0.42336,0.0018483,0.21168,0.0018483,0.21168,460.486,0,1.02816,0,0,8.01866,6.9905,1.028160,1,0,226.78,0,0,0,226.78,0
72.29,3.05239,0,0,6.62774,0.350352,3.225,3.6288,61.308,0.610669,0,0,4.27643,0.151966,3.51379,0.66528,12.849,1,0.542538,3.225,0,144.314,4.05515,142.941,0.84672,12.849,0.84672,3695.15,0,0.0036966,1.84103e-05,5.61769,1.93989,13.2563,0.983412,19.8304,0.42336,0.0018483,0.21168,0.0018483,0.21168,460.486,0,1.02816,0,0,6.64585,5.61769,1.028160,1,0,166.285,0,0,0,166.285,0
72.29,3.05236,0,0,5.28949,0.312629,1.9245,3.6288,61.308,0.610657,0,0,3.24745,0.147804,2.48899,0.66528,12.849,1,0.542534,1.9245,0,136.086,4.30227,133.166,0.84672,12.849,0.84672,3695.15,0,0.0036966,1.84099e-05,3.7036,1.93988,10.2961,0.999482,14.9401,0.42336,0.0018483,0.21168,0.0018483,0.21168,460.486,0,1.02816,0,0,4.73176,3.7036,1.028160,1,0,150.595,0,0,0,150.595,0
72.29,3.05234,0,0,4.97357,0.306208,1.61502,3.6288,61.308,0.610645,0,0,2.8855,0.171619,2.10324,0.66528,12.849,1,0.54253,1.61502,0,116.292,4.75862,112.606,0.84672,12.849,0.84672,3695.15,0,0.0036966,1.84096e-05,3.2425,1.93986,10.2541,1.03422,14.4022,0.42336,0.0018483,0.21168,0.0018483,0.21168,460.486,0,1.02816,0,0,4.27066,3.2425,1.028160,1,0,129.111,0,0,0,129.111,0
72.29,3.01025,0,0,6.26528,0.260152,2.99488,3.6288,61.308,0.586024,0,0,3.00376,0.182052,2.23568,0.66528,12.849,1,0.535049,2.99488,0,128.83,4.54097,126.749,0.84672,12.849,0.84672,3695.15,0,0.0036966,1.76673e-05,3.86916,1.93985,12.0951,1.06851,16.8356,0.42336,0.0018483,0.21168,0.0018483,0.21168,460.486,0,1.02816,0,0,4.89732,3.86916,1.028160,1,0,145.82,0,0,0,145.82,0
72.29,3.01023,0,0,5.40393,0.253903,2.1398,3.6288,61.308,0.586012,0,0,2.864,0.178499,2.09949,0.66528,12.849,1,0.535045,2.1398,0,125.277,4.40328,122.478,0.84672,12.849,0.84672,3695.15,0,0.0036966,1.7667e-05,4.61984,1.91154,10.5195,1.06651,15.9843,0.42336,0.0018483,0.21168,0.0018483,0.21168,460.486,0,1.02816,0,0,5.648,4.61984,1.028160,1,0,140.562,0,0,0,140.562,0
72.29,3.01021,0,0,4.80952,0.253903,1.54541,3.6288,61.308,0.586,0,0,2.79129,0.178499,2.02679,0.66528,12.849,1,0.535041,1.54541,0,101.645,4.40328,98.2524,0.84672,12.849,0.84672,3695.15,0,0.0036966,1.76666e-05,4.28451,1.91152,9.84537,1.06651,14.9749,0.42336,0.0018483,0.21168,0.0018483,0.21168,460.486,0,1.02816,0,0,5.31267,4.28451,1.028160,1,0,115.254,0,0,0,115.254,0
72.29,3.01018,0,0,4.39924,0.231854,1.1572,3.6288,61.308,0.585988,0,0,2.65474,0.183494,1.88526,0.66528,12.849,1,0.535037,1.1572,0,92.9958,4.50351,89.1144,0.84672,12.849,0.84672,3695.15,0,0.0036966,1.76662e-05,3.50947,1.91151,9.46581,1.10207,13.7847,0.42336,0.0018483,0.21168,0.0018483,0.21168,460.486,0,1.02816,0,0,4.53763,3.50947,1.028160,1,0,104.784,0,0,0,104.784,0
72.29,3.15295,0,0,4.85469,0.198577,1.50315,3.6288,61.308,0.66528,0,0,2.32074,0.149802,1.50566,0.66528,12.849,1,0.560414,1.50315,0,92.8947,4.73676,89.1007,0.84672,12.849,0.84672,3695.15,0,0.0036966,0.0018483,3.54792,1.91149,9.31841,0.918515,13.8575,0.42336,0.0018483,0.21168,0.0018483,0.21168,460.486,0,1.02816,0,0,4.57608,3.54792,1.028160,1,0,104.464,0,0,0,104.464,0
72.29,3.15293,0,0,4.48363,0.198577,1.13212,3.6288,61.308,0.66528,0,0,2.27944,0.149802,1.46436,0.66528,12.849,1,0.56041,1.13212,0,84.5338,4.73676,80.3687,0.84672,12.849,0.84672,3695.15,0,0.0036966,0.0018483,3.25547,2.01042,8.9475,0.918515,13.293,0.42336,0.0018483,0.21168,0.0018483,0.21168,460.486,0,1.02816,0,0,4.28363,3.25547,1.028160,1,0,95.1261,0,0,0,95.1261,0
72.29,3.15291,0,0,4.23183,0.198577,0.880343,3.6288,61.308,0.66528,0,0,2.20643,0.149802,1.39135,0.66528,12.849,1,0.560406,0.880343,0,78.8884,4.73676,74.4716,0.84672,12.849,0.84672,3695.15,0,0.0036966,0.0018483,3.0583,2.01041,8.71966,0.918515,12.868,0.42336,0.0018483,0.21168,0.0018483,0.21168,460.486,0,1.02816,0,0,4.08646,3.0583,1.028160,1,0,88.7309,0,0,0,88.7309,0
72.29,3.15289,0,0,4.00003,0.19912,0.648022,3.6288,61.308,0.66528,0,0,2.06235,0.172183,1.22489,0.66528,12.849,1,0.560401,0.648022,0,74.1796,5.05287,69.2143,0.84672,12.849,0.84672,3695.15,0,0.0036966,0.0018483,2.91902,2.01039,8.58928,1.01289,12.504,0.42336,0.0018483,0.21168,0.0018483,0.21168,460.486,0,1.02816,0,0,3.94718,2.91902,1.028160,1,0,82.9432,0,0,0,82.9432,0
72.2245,3.15286,0,0,3.57582,0.125535,0.36288,3.6288,61.308,0.66528,0,0,1.35295,0.234435,0.453232,0.66528,12.849,1,0.560397,0.36288,0,63.3679,5.48697,57.6834,0.84672,12.849,0.84672,3695.15,0,0.0036966,0.0018483,2.05683,2.01038,7.29156,1.2147,10.1422,0.42336,0.0018483,0.21168,0.0018483,0.21168,460.486,0,1.02816,0,0,3.08499,2.05683,1.028160,1,0,68.2789,0,0,0,68.2789,0
72.113,2.97734,0,0,3.34463,0.115927,0.36288,3.6288,61.308,0.638929,0,0,1.07733,0.232653,0.205748,0.66528,12.849,1,0.529679,0.36288,0,56.79,5.29053,51.3327,0.84672,12.849,0.84672,3695.15,0,0.0036966,1.92623e-05,1.87273,2.01036,6.68209,1.18429,9.38087,0.42336,0.0018483,0.21168,0.0018483,0.21168,460.486,0,1.02816,0,0,2.90089,1.87273,1.028160,1,0,60.9193,0,0,0,60.9193,0
71.7907,2.97662,0,0,3.13298,0.115829,0.36288,3.6288,61.308,0.638917,0,0,1.05503,0.232653,0.18346,0.66528,12.849,1,0.530371,0.36288,0,53.9387,5.29053,48.4806,0.84672,12.849,0.84672,3695.15,0,0.0036966,1.92619e-05,1.83241,1.94524,6.61452,1.18429,9.20786,0.42336,0.0018483,0.21168,0.0018483,0.21168,460.486,0,1.02816,0,0,2.86057,1.83241,1.028160,1,0,57.872,0,0,0,57.872,0
71.4057,2.97458,0,0,3.068,0.115545,0.36288,3.6288,61.308,0.638904,0,0,1.01364,0.232653,0.142079,0.66528,12.849,1,0.532387,0.36288,0,50.7035,5.29053,45.2435,0.84672,12.849,0.84672,3695.15,0,0.0036966,1.92615e-05,1.84221,1.94522,6.64934,1.18429,9.25247,0.42336,0.0018483,0.21168,0.0018483,0.21168,460.486,0,1.02816,0,0,2.87037,1.84221,1.028160,1,0,54.638,0,0,0,54.638,0
70.8912,2.97213,0,0,2.92761,0.107063,0.36288,3.6288,61.308,0.638892,0,0,0.929863,0.257415,0.0335559,0.66528,12.849,1,0.534815,0.36288,0,46.3481,5.48243,40.6937,0.84672,12.849,0.84672,3695.15,0,0.0036966,1.92612e-05,1.65282,1.94521,6.30014,1.29943,8.59872,0.42336,0.0018483,0.21168,0.0018483,0.21168,460.486,0,1.02816,0,0,2.68098,1.65282,1.028160,1,0,49.326,0,0,0,49.326,0
70.5803,3.0381,0,0,3.18774,0.0976175,0.36288,3.6288,61.308,0.66528,0,0,1.02908,0.311354,0.0524502,0.66528,12.849,1,0.550655,0.36288,0,52.5514,5.82834,46.5353,0.84672,12.849,0.84672,3695.15,0,0.0036966,0.0018483,1.62826,1.94519,6.44709,1.46192,8.55678,0.42336,0.0018483,0.21168,0.0018483,0.21168,460.486,0,1.02816,0,0,2.65642,1.62826,1.028160,1,0,55.1445,0,0,0,55.1445,0
70.1052,3.03603,0,0,3.02118,0.0973848,0.36288,3.6288,61.252,0.66528,0,0,0.920653,0.311354,0,0.66528,12.849,1,0.552703,0.36288,0,46.434,5.82834,40.4158,0.84672,12.849,0.84672,3695.15,0,0.0036966,0.0018483,1.88717,1.99199,6.73376,1.46192,9.14916,0.42336,0.0018483,0.21168,0.0018483,0.21168,460.486,0,1.02816,0,0,2.91533,1.88717,1.028160,1,0,49.5649,0,0,0,49.5649,0
69.4367,3.03284,0,0,2.82425,0.0970291,0.36288,3.6288,61.1273,0.66528,0,0,0.851809,0.311244,0,0.66528,12.849,1,0.555864,0.36288,0,44.1518,5.82834,38.1305,0.84672,12.849,0.84672,3695.15,0,0.0036966,0.0018483,1.63631,1.99198,5.90865,1.46192,8.07317,0.42336,0.0018483,0.21168,0.0018483,0.21168,460.486,0,1.02816,0,0,2.66447,1.63631,1.028160,1,0,46.2036,0,0,0,46.2036,0
68.7353,3.0283,0,0,2.7863,0.0965287,0.36288,3.6288,61.0726,0.66528,0,0,0.921586,0.310999,0,0.66528,12.849,1,0.560376,0.36288,0,40.9685,5.82834,34.9427,0.84672,12.849,0.84672,3695.15,0,0.0036966,0.0018483,1.81589,1.99196,6.68205,1.46192,9.02614,0.42336,0.0018483,0.21168,0.0018483,0.21168,460.486,0,1.02816,0,0,2.84405,1.81589,1.028160,1,0,43.9688,0,0,0,43.9688,0
67.5594,3.22539,0,0,2.52301,0.110632,0.36288,3.6288,60.8813,0.66528,0,0,0.786275,0.312349,0,0.66528,12.849,1,0.602936,0.36288,0,34.3706,5.94732,28.1832,0.84672,12.849,0.84672,3695.15,0,0.0036966,0.0018483,1.57638,1.99195,6.17143,1.47855,8.25936,0.42336,0.0018483,0.21168,0.0018483,0.21168,460.486,0,1.02816,0,0,2.60454,1.57638,1.028160,1,0,36.4426,0,0,0,36.4426,0
66.5936,3.21655,0,0,2.72566,0.112033,0.36288,3.6288,60.8157,0.66528,0,0,0.911987,0.312213,0,0.66528,12.849,1,0.611749,0.36288,0,39.457,5.96715,33.241,0.84672,12.849,0.84672,3695.15,0,0.0036966,0.0018483,2.08204,2.15044,5.78919,1.48132,8.53851,0.42336,0.0018483,0.21168,0.0018483,0.21168,460.486,0,1.02816,0,0,3.1102,2.08204,1.028160,1,0,41.7795,0,0,0,41.7795,0
65.0716,3.20908,0,0,2.16113,0.111182,0.36288,3.6288,60.5229,0.66528,0,0,0.684504,0.312083,0,0.66528,12.849,1,0.619181,0.36288,0,43.3255,5.96715,37.1021,0.84672,12.849,0.84672,3695.15,0,0.0036966,0.0018483,1.30775,2.15043,4.64829,1.48132,6.62331,0.42336,0.0018483,0.21168,0.0018483,0.21168,460.486,0,1.02816,0,0,2.33591,1.30775,1.028160,1,0,43.7254,0,0,0,43.7254,0
64.0287,3.19696,0,0,2.62678,0.10984,0.36288,3.6288,60.6466,0.66528,0,0,1.10053,0.311504,0,0.66528,12.849,1,0.631271,0.36288,0,37.7666,5.96715,31.531,0.84672,12.849,0.84672,3695.15,0,0.0036966,0.0018483,2.84466,2.15041,6.6976,1.48132,10.2095,0.42336,0.0018483,0.21168,0.0018483,0.21168,460.486,0,1.02816,0,0,3.87282,2.84466,1.028160,1,0,41.7405,0,0,0,41.7405,0
63.4154,3.18838,0,0,3.00714,0.0691857,0.36288,3.6288,60.485,0.66528,0,0,0.845528,0.341836,0,0.66528,12.849,1,0.639829,0.36288,0,40.7741,5.86047,34.6366,0.84672,12.849,0.84672,3695.15,0,0.0036966,0.0018483,1.62607,2.15039,6.11121,1.4845,8.40132,0.42336,0.0018483,0.21168,0.0018483,0.21168,460.486,0,1.02816,0,0,2.65423,1.62607,1.028160,1,0,43.038,0,0,0,43.038,0
63.2623,3.08608,0,0,3.40371,0.107837,0.36288,3.6288,60.4189,0.66528,0,0,0.911451,0.312342,0,0.66528,12.849,1,0.625291,0.36288,0,39.7065,4.50834,34.9357,0.84672,12.849,0.84672,3695.15,0,0.0036966,0.0018483,1.44477,2.15038,5.63471,1.16297,8.06504,0.42336,0.0018483,0.21168,0.0018483,0.21168,460.486,0,1.02816,0,0,2.47293,1.44477,1.028160,1,0,43.0008,0,0,0,43.0008,0
63.4733,3.0848,0,0,3.83507,0.176357,0.36288,3.6288,60.7508,0.66528,0,0,1.27669,0.279466,0,0.66528,12.849,1,0.626544,0.36288,0,38.2876,3.6519,34.3721,0.84672,12.849,0.84672,3695.15,0,0.0036966,0.0018483,2.1951,2.05953,7.52492,0.975952,10.8018,0.42336,0.0018483,0.21168,0.0018483,0.21168,460.486,0,1.02816,0,0,3.22326,2.1951,1.028160,1,0,45.1738,0,0,0,45.1738,0
63.4421,3.08651,0,0,3.59764,0.179537,0.36288,3.6288,61.1015,0.66528,0,0,1.29705,0.281058,0,0.66528,12.849,1,0.624807,0.36288,0,47.1261,3.66817,43.196,0.84672,12.849,0.84672,3695.15,0,0.0036966,0.0018483,2.09921,2.05951,7.61374,0.985272,10.7853,0.42336,0.0018483,0.21168,0.0018483,0.21168,460.486,0,1.02816,0,0,3.12737,2.09921,1.028160,1,0,53.9813,0,0,0,53.9813,0
63.9647,3.08623,0,0,4.16608,0.194286,0.36288,3.6288,61.308,0.66528,0,0,1.52926,0.283681,0.373837,0.66528,12.849,1,0.625059,0.36288,0,83.3439,3.7601,79.3216,0.84672,12.849,0.84672,3695.15,0,0.0036966,0.0018483,2.51635,2.0595,9.39047,1.00477,12.9597,0.42336,0.0018483,0.21168,0.0018483,0.21168,460.486,0,1.02816,0,0,3.54451,2.51635,1.028160,1,0,92.6551,0,0,0,92.6551,0
64.7007,3.01063,0,0,4.39371,0.284261,0.36288,3.6288,61.308,0.656009,0,0,1.44746,0.296052,0.495398,0.66528,12.849,1,0.604764,0.36288,0,64.9522,4.31162,60.3987,0.84672,12.849,0.84672,3695.15,0,0.0036966,1.97772e-05,1.88114,2.05948,9.25664,1.12177,12.0755,0.42336,0.0018483,0.21168,0.0018483,0.21168,460.486,0,1.02816,0,0,2.9093,1.88114,1.028160,1,0,72.9696,0,0,0,72.9696,0
66.5229,3.01635,0,0,5.48738,0.285955,0.36288,3.6288,61.308,0.655997,0,0,1.69961,0.296052,0.74756,0.66528,12.849,1,0.599021,0.36288,0,49.8873,4.31162,45.3395,0.84672,12.849,0.84672,3695.15,0,0.0036966,1.97769e-05,3.23845,1.97875,9.8261,1.12177,13.9215,0.42336,0.0018483,0.21168,0.0018483,0.21168,460.486,0,1.02816,0,0,4.26661,3.23845,1.028160,1,0,60.0086,0,0,0,60.0086,0
67.7883,3.03008,0,0,4.94859,0.290151,0.36288,3.6288,61.308,0.655985,0,0,1.71414,0.296052,0.762105,0.66528,12.849,1,0.585265,0.36288,0,60.856,4.31162,56.322,0.84672,12.849,0.84672,3695.15,0,0.0036966,1.97765e-05,2.64029,1.97873,10.8274,1.12177,14.3246,0.42336,0.0018483,0.21168,0.0018483,0.21168,460.486,0,1.02816,0,0,3.66845,2.64029,1.028160,1,0,71.4087,0,0,0,71.4087,0
69.4193,3.03924,0,0,5.32546,0.292421,0.36288,3.6288,61.308,0.655972,0,0,1.42271,0.250883,0.515859,0.66528,12.849,1,0.576076,0.36288,0,61.8962,4.06762,57.6154,0.84672,12.849,0.84672,3695.15,0,0.0036966,1.97761e-05,1.83367,1.97872,9.49847,0.972929,12.3379,0.42336,0.0018483,0.21168,0.0018483,0.21168,460.486,0,1.02816,0,0,2.86183,1.83367,1.028160,1,0,70.4691,0,0,0,70.4691,0
70.27,2.96001,0,0,4.47772,0.304119,0.36288,3.6288,61.308,0.56151,0,0,1.36518,0.227683,0.575987,0.66528,12.849,1,0.547877,0.36288,0,91.7058,4.21647,87.3044,0.84672,12.849,0.84672,3695.15,0,0.0036966,1.69283e-05,1.76181,1.9787,7.99485,1.08022,10.6551,0.42336,0.0018483,0.21168,0.0018483,0.21168,460.486,0,1.02816,0,0,2.78997,1.76181,1.028160,1,0,98.5355,0,0,0,98.5355,0
72.29,2.9656,0,0,6.58419,0.313089,1.28547,3.6288,61.308,0.561499,0,0,3.21829,0.22832,2.42847,0.66528,12.849,1,0.542266,1.28547,0,110.877,4.38039,107.24,0.84672,12.849,0.84672,3695.15,0,0.0036966,1.69279e-05,3.90155,1.88559,17.79,1.11368,22.4635,0.42336,0.0018483,0.21168,0.0018483,0.21168,460.486,0,1.02816,0,0,4.92971,3.90155,1.028160,1,0,132.132,0,0,0,132.132,0
72.29,2.97844,0,0,5.31919,0.317963,2.02278,3.6288,61.308,0.561487,0,0,1.36742,0.22832,0.577611,0.66528,12.849,1,0.529396,2.02278,0,93.3103,4.38039,90.4233,0.84672,12.849,0.84672,3695.15,0,0.0036966,1.69276e-05,2.80561,1.88557,9.72147,1.11368,13.299,0.42336,0.0018483,0.21168,0.0018483,0.21168,460.486,0,1.02816,0,0,3.83377,2.80561,1.028160,1,0,104.3,0,0,0,104.3,0
72.29,2.97842,0,0,5.37144,0.316186,2.07683,3.6288,61.308,0.561475,0,0,0.805444,0.235337,0.00863139,0.66528,12.849,1,0.529392,2.07683,0,88.998,4.40628,86.1392,0.84672,12.849,0.84672,3695.15,0,0.0036966,1.69272e-05,1.16982,1.88556,10.4373,1.13366,12.359,0.42336,0.0018483,0.21168,0.0018483,0.21168,460.486,0,1.02816,0,0,2.19798,1.16982,1.028160,1,0,98.5068,0,0,0,98.5068,0
72.29,2.9784,0,0,4.56517,0.294852,1.29192,3.6288,61.308,0.561464,0,0,1.27565,0.24373,0.470453,0.66528,12.849,1,0.529388,1.29192,0,85.7226,4.06145,82.4237,0.84672,12.849,0.84672,3695.15,0,0.0036966,1.69269e-05,1.07168,1.88554,8.12733,1.12923,9.9553,0.42336,0.0018483,0.21168,0.0018483,0.21168,460.486,0,1.02816,0,0,2.09984,1.07168,1.028160,1,0,92.8495,0,0,0,92.8495,0
72.29,3.07167,0,0,5.45702,0.280616,2.10474,3.6288,61.308,0.612842,0,0,1.7439,0.198782,0.932273,0.66528,12.849,1,0.545966,2.10474,0,90.5109,3.39455,88.6751,0.84672,12.849,0.84672,3695.15,0,0.0036966,1.84758e-05,2.19901,1.88553,13.361,0.963508,16.482,0.42336,0.0018483,0.21168,0.0018483,0.21168,460.486,0,1.02816,0,0,3.22717,2.19901,1.028160,1,0,106.089,0,0,0,106.089,0
72.29,3.07162,0,0,9.61001,0.280616,6.25778,3.6288,61.308,0.612816,0,0,2.30177,0.198782,1.49017,0.66528,12.849,1,0.545957,6.25778,0,113.848,3.39455,116.166,0.84672,12.849,0.84672,3695.15,0,0.0036966,1.8475e-05,3.90972,1.94581,15.0669,0.963508,19.9589,0.42336,0.0018483,0.21168,0.0018483,0.21168,460.486,0,1.02816,0,0,4.93788,3.90972,1.028160,1,0,137.615,0,0,0,137.615,0
72.29,3.07157,0,0,6.94958,0.298874,3.57914,3.6288,61.308,0.61279,0,0,1.81223,0.19347,1.00597,0.66528,12.849,1,0.545949,3.57914,0,105.152,3.76895,104.416,0.84672,12.849,0.84672,3695.15,0,0.0036966,1.84742e-05,4.05486,1.94578,11.3297,1.06563,16.2647,0.42336,0.0018483,0.21168,0.0018483,0.21168,460.486,0,1.02816,0,0,5.08302,4.05486,1.028160,1,0,121.687,0,0,0,121.687,0
72.29,3.07152,0,0,6.46797,0.301917,3.09453,3.6288,61.308,0.612763,0,0,2.23131,0.192585,1.42596,0.66528,12.849,1,0.54594,3.09453,0,113.024,3.83134,111.741,0.84672,12.849,0.84672,3695.15,0,0.0036966,1.84735e-05,2.72832,1.94575,11.3836,1.08265,14.975,0.42336,0.0018483,0.21168,0.0018483,0.21168,460.486,0,1.02816,0,0,3.75648,2.72832,1.028160,1,0,128.142,0,0,0,128.142,0
72.29,3.21262,0,0,8.90568,0.305484,5.38757,3.6288,61.308,0.66528,0,0,1.97519,0.170663,1.13925,0.66528,12.849,1,0.571019,5.38757,0,154.355,4.20956,154.962,0.84672,12.849,0.84672,3695.15,0,0.0036966,0.0018483,4.14765,1.94572,17.6008,1.0157,22.6766,0.42336,0.0018483,0.21168,0.0018483,0.21168,460.486,0,1.02816,0,0,5.17581,4.14765,1.028160,1,0,178.778,0,0,0,178.778,0
72.29,3.21257,0,0,5.5352,0.305484,2.01714,3.6288,61.308,0.66528,0,0,2.11032,0.170663,1.27438,0.66528,12.849,1,0.57101,2.01714,0,90.5869,4.20956,87.8235,0.84672,12.849,0.84672,3695.15,0,0.0036966,0.0018483,3.32474,2.05931,10.5475,1.0157,14.914,0.42336,0.0018483,0.21168,0.0018483,0.21168,460.486,0,1.02816,0,0,4.3529,3.32474,1.028160,1,0,104.012,0,0,0,104.012,0
72.29,3.21252,0,0,4.22761,0.305484,0.709609,3.6288,61.308,0.66528,0,0,1.3745,0.170663,0.53856,0.66528,12.849,1,0.571001,0.709609,0,63.2116,4.20956,59.1407,0.84672,12.849,0.84672,3695.15,0,0.0036966,0.0018483,1.10911,2.05928,6.47006,1.0157,8.6209,0.42336,0.0018483,0.21168,0.0018483,0.21168,460.486,0,1.02816,0,0,2.13727,1.10911,1.028160,1,0,68.3001,0,0,0,68.3001,0
71.9709,3.21247,0,0,3.55689,0.300599,0.36288,3.6288,61.308,0.66528,0,0,1.21638,0.177426,0.373676,0.66528,12.849,1,0.570992,0.36288,0,46.4766,4.22259,42.0459,0.84672,12.849,0.84672,3695.15,0,0.0036966,0.0018483,0.721094,2.05925,5.41903,1.02717,7.17036,0.42336,0.0018483,0.21168,0.0018483,0.21168,460.486,0,1.02816,0,0,1.74925,0.721094,1.028160,1,0,49.59,0,0,0,49.59,0
72.29,2.9416,0,0,8.48802,0.354607,4.87276,3.6288,61.308,0.546652,0,0,4.02075,0.139931,3.33417,0.66528,12.849,1,0.525165,4.87276,0,131.09,4.14193,131.296,0.84672,12.849,0.84672,3695.15,0,0.0036966,1.64803e-05,3.63632,2.05922,19.6484,0.927399,24.4165,0.42336,0.0018483,0.21168,0.0018483,0.21168,460.486,0,1.02816,0,0,4.66448,3.63632,1.028160,1,0,159.047,0,0,0,159.047,0
72.29,2.94352,0,0,5.9523,0.355467,2.65332,3.6288,61.308,0.546627,0,0,3.17676,0.139931,2.49021,0.66528,12.849,1,0.523188,2.65332,0,132.529,4.14193,130.517,0.84672,12.849,0.84672,3695.15,0,0.0036966,1.64796e-05,2.67407,1.8664,16.6417,0.927399,20.2547,0.42336,0.0018483,0.21168,0.0018483,0.21168,460.486,0,1.02816,0,0,3.70223,2.67407,1.028160,1,0,153.262,0,0,0,153.262,0
72.29,2.94347,0,0,5.33966,0.310154,2.08603,3.6288,61.308,0.546602,0,0,2.11137,0.115865,1.4489,0.66528,12.849,1,0.52318,2.08603,0,111.28,3.79316,109.049,0.84672,12.849,0.84672,3695.15,0,0.0036966,1.64788e-05,1.81925,1.86637,14.6923,0.877297,17.5006,0.42336,0.0018483,0.21168,0.0018483,0.21168,460.486,0,1.02816,0,0,2.84741,1.81925,1.028160,1,0,127.999,0,0,0,127.999,0
72.29,2.94343,0,0,5.63809,0.27617,2.4185,3.6288,61.308,0.546576,0,0,2.78322,0.0978164,2.13883,0.66528,12.849,1,0.523172,2.4185,0,117.106,3.53157,115.469,0.84672,12.849,0.84672,3695.15,0,0.0036966,1.64781e-05,2.69806,1.86634,15.4195,0.839721,19.1442,0.42336,0.0018483,0.21168,0.0018483,0.21168,460.486,0,1.02816,0,0,3.72622,2.69806,1.028160,1,0,136.752,0,0,0,136.752,0
72.29,2.94338,0,0,6.48887,0.308657,3.23684,3.6288,61.308,0.546551,0,0,3.17182,0.162175,2.4631,0.66528,12.849,1,0.523163,3.23684,0,137.451,3.73623,136.429,0.84672,12.849,0.84672,3695.15,0,0.0036966,1.64773e-05,3.00692,1.86631,15.7871,0.996873,19.6634,0.42336,0.0018483,0.21168,0.0018483,0.21168,460.486,0,1.02816,0,0,4.03508,3.00692,1.028160,1,0,158.555,0,0,0,158.555,0
72.29,3.05087,0,0,6.41854,0.329193,3.03847,3.6288,61.308,0.609857,0,0,1.99563,0.182141,1.20363,0.66528,12.849,1,0.54227,3.03847,0,95.6785,3.84877,94.3259,0.84672,12.849,0.84672,3695.15,0,0.0036966,1.83858e-05,1.43326,1.86628,11.917,1.00413,14.2124,0.42336,0.0018483,0.21168,0.0018483,0.21168,460.486,0,1.02816,0,0,2.46142,1.43326,1.028160,1,0,109.742,0,0,0,109.742,0
72.29,3.05083,0,0,5.96258,0.329193,2.58257,3.6288,61.308,0.609831,0,0,3.65891,0.182141,2.86694,0.66528,12.849,1,0.542261,2.58257,0,103.721,3.84877,101.912,0.84672,12.849,0.84672,3695.15,0,0.0036966,1.83851e-05,2.69204,1.93892,15.5777,1.00413,19.2045,0.42336,0.0018483,0.21168,0.0018483,0.21168,460.486,0,1.02816,0,0,3.7202,2.69204,1.028160,1,0,123.984,0,0,0,123.984,0
72.29,3.05078,0,0,4.90927,0.329193,1.5293,3.6288,61.308,0.609805,0,0,3.44468,0.182141,2.65274,0.66528,12.849,1,0.542252,1.5293,0,127.496,3.84877,124.634,0.84672,12.849,0.84672,3695.15,0,0.0036966,1.83843e-05,3.14482,1.93889,14.3955,1.00413,18.4751,0.42336,0.0018483,0.21168,0.0018483,0.21168,460.486,0,1.02816,0,0,4.17298,3.14482,1.028160,1,0,145.762,0,0,0,145.762,0
72.29,3.05073,0,0,4.028,0.302841,0.674434,3.6288,61.308,0.609779,0,0,2.50684,0.179625,1.71743,0.66528,12.849,1,0.542244,0.674434,0,92.9543,3.35909,89.7274,0.84672,12.849,0.84672,3695.15,0,0.0036966,1.83835e-05,2.70372,1.93885,11.2117,0.950059,14.9042,0.42336,0.0018483,0.21168,0.0018483,0.21168,460.486,0,1.02816,0,0,3.73188,2.70372,1.028160,1,0,106.349,0,0,0,106.349,0
72.29,3.00863,0,0,4.83745,0.257198,1.57162,3.6288,61.308,0.585157,0,0,2.4222,0.228636,1.6084,0.66528,12.849,1,0.534762,1.57162,0,86.4121,3.64571,83.8032,0.84672,12.849,0.84672,3695.15,0,0.0036966,1.76412e-05,2.92641,1.93882,10.9385,1.02624,14.7775,0.42336,0.0018483,0.21168,0.0018483,0.21168,460.486,0,1.02816,0,0,3.95457,2.92641,1.028160,1,0,100.189,0,0,0,100.189,0
72.29,3.00859,0,0,3.89758,0.257198,0.631799,3.6288,61.308,0.585131,0,0,1.43775,0.228636,0.62398,0.66528,12.849,1,0.534753,0.631799,0,91.3231,3.64571,87.7744,0.84672,12.849,0.84672,3695.15,0,0.0036966,1.76404e-05,2.06808,1.91051,8.18407,1.02624,11.1364,0.42336,0.0018483,0.21168,0.0018483,0.21168,460.486,0,1.02816,0,0,3.09624,2.06808,1.028160,1,0,99.5348,0,0,0,99.5348,0
72.1339,3.00854,0,0,3.47248,0.257198,0.36288,3.6288,61.308,0.585106,0,0,1.15506,0.228636,0.341314,0.66528,12.849,1,0.534745,0.36288,0,61.2969,3.64571,57.4793,0.84672,12.849,0.84672,3695.15,0,0.0036966,1.76396e-05,1.5808,1.91048,7.14502,1.02624,9.61004,0.42336,0.0018483,0.21168,0.0018483,0.21168,460.486,0,1.02816,0,0,2.60896,1.5808,1.028160,1,0,67.4307,0,0,0,67.4307,0
71.6734,3.00751,0,0,3.15582,0.245882,0.36288,3.6288,61.308,0.58508,0,0,1.0633,0.231134,0.247085,0.66528,12.849,1,0.535719,0.36288,0,51.6837,3.69582,47.815,0.84672,12.849,0.84672,3695.15,0,0.0036966,1.76389e-05,1.30018,1.91045,6.60027,1.04403,8.76686,0.42336,0.0018483,0.21168,0.0018483,0.21168,460.486,0,1.02816,0,0,2.32834,1.30018,1.028160,1,0,56.829,0,0,0,56.829,0
70.8969,3.14707,0,0,2.90376,0.170339,0.36288,3.6288,61.308,0.66528,0,0,1.07911,0.234477,0.179353,0.66528,12.849,1,0.564179,0.36288,0,47.5374,3.87555,43.4605,0.84672,12.849,0.84672,3695.15,0,0.0036966,0.0018483,1.35053,1.91042,5.99547,1.07955,8.17502,0.42336,0.0018483,0.21168,0.0018483,0.21168,460.486,0,1.02816,0,0,2.37869,1.35053,1.028160,1,0,51.8149,0,0,0,51.8149,0
69.9429,3.14178,0,0,2.70092,0.150293,0.36288,3.6288,61.308,0.66528,0,0,1.1168,0.236702,0.214815,0.66528,12.849,1,0.569401,0.36288,0,43.1959,3.98181,39.0075,0.84672,12.849,0.84672,3695.15,0,0.0036966,0.0018483,1.3908,2.00927,5.89503,1.04429,8.24896,0.42336,0.0018483,0.21168,0.0018483,0.21168,460.486,0,1.02816,0,0,2.41896,1.3908,1.028160,1,0,47.4713,0,0,0,47.4713,0
68.9124,3.13517,0,0,2.61678,0.149193,0.36288,3.6288,61.308,0.66528,0,0,1.17027,0.236702,0.268288,0.66528,12.849,1,0.575953,0.36288,0,40.9869,3.98181,36.7921,0.84672,12.849,0.84672,3695.15,0,0.0036966,0.0018483,1.30277,2.00924,6.11935,1.04429,8.38523,0.42336,0.0018483,0.21168,0.0018483,0.21168,460.486,0,1.02816,0,0,2.33093,1.30277,1.028160,1,0,45.4456,0,0,0,45.4456,0
67.7243,3.12786,0,0,2.45062,0.148006,0.36288,3.6288,61.308,0.66528,0,0,1.07959,0.236702,0.177603,0.66528,12.849,1,0.583203,0.36288,0,38.4165,3.98181,34.2143,0.84672,12.849,0.84672,3695.15,0,0.0036966,0.0018483,1.0913,2.00921,5.54459,1.04429,7.59897,0.42336,0.0018483,0.21168,0.0018483,0.21168,460.486,0,1.02816,0,0,2.11946,1.0913,1.028160,1,0,41.9909,0,0,0,41.9909,0
66.4137,3.11921,0,0,2.29943,0.127902,0.36288,3.6288,61.308,0.66528,0,0,1.25812,0.258686,0.334156,0.66528,12.849,1,0.591793,0.36288,0,45.0275,4.89811,39.9005,0.84672,12.849,0.84672,3695.15,0,0.0036966,0.0018483,1.28707,2.00918,6.509,1.13446,8.66894,0.42336,0.0018483,0.21168,0.0018483,0.21168,460.486,0,1.02816,0,0,2.31523,1.28707,1.028160,1,0,48.9036,0,0,0,48.9036,0
65.147,2.9367,0,0,2.14596,0.11312,0.36288,3.6288,61.308,0.637904,0,0,1.32782,0.284019,0.405898,0.66528,12.849,1,0.56816,0.36288,0,49.3846,5.26986,43.9095,0.84672,12.849,0.84672,3695.15,0,0.0036966,1.92314e-05,1.28785,2.00914,7.00505,1.23181,9.07022,0.42336,0.0018483,0.21168,0.0018483,0.21168,460.486,0,1.02816,0,0,2.31601,1.28785,1.028160,1,0,53.3856,0,0,0,53.3856,0
63.7936,2.92742,0,0,2.03696,0.0999744,0.36288,3.6288,61.308,0.637877,0,0,1.28298,0.301703,0.343399,0.66528,12.849,1,0.577378,0.36288,0,46.1322,5.28885,40.6289,0.84672,12.849,0.84672,3695.15,0,0.0036966,1.92306e-05,1.20868,1.94404,7.05776,1.29039,8.92006,0.42336,0.0018483,0.21168,0.0018483,0.21168,460.486,0,1.02816,0,0,2.23684,1.20868,1.028160,1,0,49.8924,0,0,0,49.8924,0
62.3265,2.91718,0,0,1.91182,0.098889,0.36288,3.6288,61.308,0.637851,0,0,1.12908,0.301703,0.18953,0.66528,12.849,1,0.587564,0.36288,0,42.1514,5.28885,36.6378,0.84672,12.849,0.84672,3695.15,0,0.0036966,1.92298e-05,1.12593,1.94401,6.69807,1.29039,8.4776,0.42336,0.0018483,0.21168,0.0018483,0.21168,460.486,0,1.02816,0,0,2.15409,1.12593,1.028160,1,0,45.305,0,0,0,45.305,0
60.7068,2.90567,0,0,1.74456,0.0957686,0.36288,3.6288,61.308,0.637824,0,0,1.02668,0.30865,0.0802083,0.66528,12.849,1,0.599021,0.36288,0,39.2062,5.43942,33.5307,0.84672,12.849,0.84672,3695.15,0,0.0036966,1.9229e-05,0.948154,1.94398,6.07767,1.32179,7.64799,0.42336,0.0018483,0.21168,0.0018483,0.21168,460.486,0,1.02816,0,0,1.97631,0.948154,1.028160,1,0,41.2589,0,0,0,41.2589,0
58.9173,2.95993,0,0,1.6163,0.082988,0.36288,3.6288,61.308,0.66528,0,0,1.0919,0.350335,0.0762821,0.66528,12.849,1,0.626489,0.36288,0,39.7157,6.34284,33.1092,0.84672,12.849,0.84672,3695.15,0,0.0036966,0.0018483,0.808488,1.94395,4.92338,1.5102,6.16377,0.42336,0.0018483,0.21168,0.0018483,0.21168,460.486,0,1.02816,0,0,1.83665,0.808488,1.028160,1,0,39.3493,0,0,0,39.3493,0
57.0604,2.94426,0,0,1.53185,0.0816156,0.36288,3.6288,61.2692,0.66528,0,0,0.976838,0.350335,0,0.66528,12.849,1,0.6421,0.36288,0,35.0921,6.34284,28.47,0.84672,12.849,0.84672,3695.15,0,0.0036966,0.0018483,0.987509,1.9907,5.14231,1.5102,6.60847,0.42336,0.0018483,0.21168,0.0018483,0.21168,460.486,0,1.02816,0,0,2.01567,0.987509,1.028160,1,0,35.0785,0,0,0,35.0785,0
55.1222,2.92716,0,0,1.432,0.0801511,0.36288,3.6288,61.1575,0.66528,0,0,0.903796,0.350249,0,0.66528,12.849,1,0.659144,0.36288,0,33.3673,6.34284,26.7282,0.84672,12.849,0.84672,3695.15,0,0.0036966,0.0018483,0.814043,1.99067,4.51219,1.5102,5.80485,0.42336,0.0018483,0.21168,0.0018483,0.21168,460.486,0,1.02816,0,0,1.8422,0.814043,1.028160,1,0,32.5331,0,0,0,32.5331,0
53.1851,2.90831,0,0,1.41276,0.0786225,0.36288,3.6288,61.12,0.66528,0,0,0.977823,0.350002,0,0.66528,12.849,1,0.677928,0.36288,0,30.9617,6.34284,24.3038,0.84672,12.849,0.84672,3695.15,0,0.0036966,0.0018483,0.938218,1.99063,5.10278,1.5102,6.51959,0.42336,0.0018483,0.21168,0.0018483,0.21168,460.486,0,1.02816,0,0,1.96638,0.938218,1.028160,1,0,30.8234,0,0,0,30.8234,0
51.057,3.08128,0,0,1.37942,0.0634407,0.36288,3.6288,60.9673,0.66528,0,0,0.861901,0.349311,0,0.66528,12.849,1,0.744406,0.36288,0,29.244,6.45211,22.4103,0.84672,12.849,0.84672,3695.15,0,0.0036966,0.0018483,0.708255,1.9906,4.6038,1.50375,5.79706,0.42336,0.0018483,0.21168,0.0018483,0.21168,460.486,0,1.02816,0,0,1.73642,0.708255,1.028160,1,0,28.2074,0,0,0,28.2074,0
49.0536,3.05644,0,0,1.4841,0.0680903,0.36288,3.6288,60.9647,0.66528,0,0,1.00418,0.341494,0,0.66528,12.849,1,0.769183,0.36288,0,35.3083,6.28645,28.6156,0.84672,12.849,0.84672,3695.15,0,0.0036966,0.0018483,0.996615,2.14897,4.23186,1.45934,5.91627,0.42336,0.0018483,0.21168,0.0018483,0.21168,460.486,0,1.02816,0,0,2.02478,0.996615,1.028160,1,0,34.5318,0,0,0,34.5318,0
46.7849,3.03149,0,0,1.19226,0.0666607,0.36288,3.6288,60.6843,0.66528,0,0,0.726296,0.341489,0,0.66528,12.849,1,0.794062,0.36288,0,34.502,6.28645,27.7844,0.84672,12.849,0.84672,3695.15,0,0.0036966,0.0018483,0.377533,2.14894,3.39724,1.45934,4.46253,0.42336,0.0018483,0.21168,0.0018483,0.21168,460.486,0,1.02816,0,0,1.40569,0.377533,1.028160,1,0,32.2469,0,0,0,32.2469,0
44.8406,3.00123,0,0,1.48484,0.0650292,0.36288,3.6288,60.9195,0.66528,0,0,1.24138,0.340882,0,0.66528,12.849,1,0.824259,0.36288,0,31.511,6.28645,24.7632,0.84672,12.849,0.84672,3695.15,0,0.0036966,0.0018483,1.6309,2.1489,5.25284,1.45934,7.57147,0.42336,0.0018483,0.21168,0.0018483,0.21168,460.486,0,1.02816,0,0,2.65906,1.6309,1.028160,1,0,32.3347,0,0,0,32.3347,0
42.3517,2.97871,0,0,0.937734,0.0850477,0.36288,3.6288,60.7304,0.66528,0,0,0.774438,0.298206,0,0.66528,12.849,1,0.84672,0.36288,0,23.706,5.46448,17.7577,0.84672,12.849,0.84672,3695.15,0,0.0036966,0.0018483,0.392144,2.14887,4.46871,1.17109,5.83678,0.42336,0.0018483,0.21168,0.0018483,0.21168,460.486,0,1.02816,0,0,1.4203,0.392144,1.028160,1,0,23.5945,0,0,0,23.5945,0
39.7987,2.86192,0,0,0.775526,0.103721,0.36288,3.6288,60.2197,0.928593,0,0,0.706234,0.288423,0,0.66528,12.849,1,0.84672,0.36288,0,19.6497,5.66244,13.5034,0.84672,12.849,0.84672,3695.15,0,0.0036966,0.0018483,0.204422,2.14883,3.99317,1.29045,5.05414,0.42336,0.0018483,0.21168,0.0018483,0.21168,460.486,0,0.764847,0,0,0.96927,0.204422,1.028160,1,0,18.5575,0,0,0,18.5575,0
37.118,2.86185,0,0,0.644742,0.100643,0.36288,3.6288,60.2644,0.66528,0,0,0.997503,0.287489,0,0.66528,12.849,1,0.84672,0.36288,0,18.1514,5.66244,12.0052,0.84672,12.849,0.84672,3695.15,0,0.0036966,0.0018483,0.680132,2.05803,4.52751,1.29045,5.97338,0.42336,0.0018483,0.21168,0.0018483,0.21168,460.486,0,1.02816,0,0,1.70829,0.680132,1.028160,1,0,17.9785,0,0,0,17.9785,0
34.3425,2.86179,0,0,0.546699,0.0975498,0.36288,3.6288,59.5113,1.00708,0,0,0.541553,0.287571,0,0.66528,12.849,1,0.84672,0.36288,0,18.1261,5.66244,11.9798,0.84672,12.849,0.84672,3695.15,0,0.0036966,0.0018483,0.216518,2.058,3.34882,1.29045,4.33104,0.42336,0.0018483,0.21168,0.0018483,0.21168,460.486,0,0.686362,0,0,0.90288,0.216518,1.028160,1,0,16.3109,0,0,0,16.3109,0
31.6394,2.86172,0,0,0.642657,0.121228,0.36288,3.6288,58.821,0.984252,0,0,0.550211,0.256214,0,0.66528,12.849,1,0.84672,0.36288,0,18.2583,5.24718,12.5273,0.84672,12.849,0.84672,3695.15,0,0.0036966,0.0018483,0.216518,2.05797,3.49721,1.16065,4.6092,0.42336,0.0018483,0.21168,0.0018483,0.21168,460.486,0,0.709188,0,0,0.925707,0.216518,1.028160,1,0,17.1365,0,0,0,17.1365,0
29.7592,2.76585,0,0,1.38983,0.141268,0.36288,3.6288,59.248,0.654726,0,0,1.25357,0.171908,0,0.66528,12.849,1,0.84672,0.36288,0,44.9047,3.78315,40.6377,0.84672,12.849,0.84672,3695.15,0,0.0036966,2.05731e-05,0.727116,2.05793,8.69686,1.00299,10.4789,0.42336,0.0018483,0.21168,0.0018483,0.21168,460.486,0,1.02816,0,0,1.75528,0.727116,1.028160,1,0,51.1166,0,0,0,51.1166,0
27.5314,2.76578,0,0,1.03873,0.137823,0.36288,3.6288,59.7394,0.6547,0,0,1.31851,0.172379,0,0.66528,12.849,1,0.84672,0.36288,0,31.5373,3.78315,27.2703,0.84672,12.849,0.84672,3695.15,0,0.0036966,2.0424e-05,0.902603,1.97724,6.78283,1.00299,8.65967,0.42336,0.0018483,0.21168,0.0018483,0.21168,460.486,0,1.02816,0,0,1.93076,0.902603,1.028160,1,0,35.93,0,0,0,35.93,0
25.59,2.76571,0,0,1.34754,0.160427,0.36288,3.6288,59.8902,0.654673,0,0,0.99206,0.186582,0,0.66528,12.849,1,0.84672,0.36288,0,42.1324,4.01511,37.6335,0.84672,12.849,0.84672,3695.15,0,0.0036966,2.02552e-05,0.391269,1.97721,11.683,1.05714,12.9944,0.42336,0.0018483,0.21168,0.0018483,0.21168,460.486,0,1.02816,0,0,1.41943,0.391269,1.028160,1,0,50.6279,0,0,0,50.6279,0
25.335,2.76564,0,0,3.04923,0.175621,0.36288,3.6288,60.5546,0.654646,0,0,1.51609,0.197016,0,0.66528,12.849,1,0.84672,0.36288,0,125.525,4.18908,120.852,0.84672,12.849,0.84672,3695.15,0,0.0036966,2.02033e-05,1.7408,1.97718,10.2927,1.09776,12.9129,0.42336,0.0018483,0.21168,0.0018483,0.21168,460.486,0,1.02816,0,0,2.76896,1.7408,1.028160,1,0,133.764,0,0,0,133.764,0
23.6241,2.65826,0,0,1.48535,0.175132,0.36288,3.6288,60.2976,0.689349,0,0,0.615724,0.183398,0,0.66528,12.849,1,0.84672,0.36288,0,42.755,4.13268,38.1385,0.84672,12.849,0.84672,3695.15,0,0.0036966,2.10409e-05,0.292723,1.97714,6.00279,1.06643,7.2062,0.42336,0.0018483,0.21168,0.0018483,0.21168,460.486,0,0.899052,0,0,1.19178,0.292723,1.028160,1,0,45.3447,0,0,0,45.3447,0
22.1279,2.65819,0,0,1.69579,0.170909,0.36288,3.6288,60.5843,0.560219,0,0,1.02423,0.177327,0,0.66528,12.849,1,0.84672,0.36288,0,62.1522,4.11012,57.5582,0.84672,12.849,0.84672,3695.15,0,0.0036966,1.71724e-05,1.22043,1.88408,7.45334,1.0539,9.50394,0.42336,0.0018483,0.21168,0.0018483,0.21168,460.486,0,1.02816,0,0,2.24859,1.22043,1.028160,1,0,67.0622,0,0,0,67.0622,0
20.6029,2.65812,0,0,1.66341,0.167445,0.36288,3.6288,60.8077,0.560194,0,0,0.961243,0.17765,0,0.66528,12.849,1,0.84672,0.36288,0,67.0361,4.11012,62.4422,0.84672,12.849,0.84672,3695.15,0,0.0036966,1.70904e-05,0.777971,1.88405,6.37172,1.0539,7.97982,0.42336,0.0018483,0.21168,0.0018483,0.21168,460.486,0,1.02816,0,0,1.80613,0.777971,1.028160,1,0,70.422,0,0,0,70.422,0
19.1198,2.65805,0,0,1.70179,0.164,0.36288,3.6288,60.9806,0.560169,0,0,0.910941,0.177902,0,0.66528,12.849,1,0.84672,0.36288,0,70.9571,4.11012,66.3632,0.84672,12.849,0.84672,3695.15,0,0.0036966,1.70268e-05,0.664502,1.88402,6.53095,1.0539,8.02556,0.42336,0.0018483,0.21168,0.0018483,0.21168,460.486,0,1.02816,0,0,1.69266,0.664502,1.028160,1,0,74.3887,0,0,0,74.3887,0
16.0989,2.65798,0,0,1.82804e-322,1.27854e-319,0.36288,3.6288,58.9798,2.00073,0,0,1.82804e-322,1.39583e-319,0,0.66528,12.0035,1,0.84672,0.36288,0,1.82804e-322,2.74206e-318,3.20544,0.84672,12.0035,0.84672,3692.31,0,0.0036966,6.06416e-05,0.412474,1.88399,8.10515e-320,7.09547e-319,2.29641,0.42336,0.0018483,0.21168,0.0018483,0.21168,460.486,0,-0.412474,0,0,1.82804e-322,0.412474,1.028160,1,0,5.50185,0,0,0,5.50185,0
