0volume,0demand,0up_spill,0ww_inflow,0catch_inflow,0evap,0ds_spill,0treat_cap,1volume,1demand,1up_spill,1ww_inflow,1catch_inflow,1evap,1ds_spill,1treat_cap,2volume,2s_area,2demand,2up_spill,2ww_inflow,2catch_inflow,2evap,2ds_spill,2treat_cap,2valloc_0,2talloc_0,2valloc_1,2talloc_1,3volume,3demand,3up_spill,3ww_inflow,3catch_inflow,3evap,3ds_spill,3treat_cap,3valloc_0,3talloc_0,3valloc_1,3talloc_1,3valloc_2,3talloc_2,4demand,4up_spill,4ww_inflow,4catch_inflow,4ds_spill,4treat_cap,11volume,11s_area,11demand,11up_spill,11ww_inflow,11catch_inflow,11evap,11ds_spill,11treat_cap
72.29,2.09699,0,0,3.33129,0.304738,0.929559,3.6288,61.308,0,0,0,2.93912,0.148505,2.79062,0.66528,12.849,1,0.372725,0.929559,0,68.8168,3.30372,66.0699,0.84672,12.849,0.84672,3695.15,0,0.0036966,5.36156e-05,4.28228,0,13.5523,0.77636,17.0581,0.42336,0.0018483,0.21168,0.0018483,0.21168,460.486,0,1.12031,0,0,5.40258,4.28228,1.028160,1,0,85.9187,0,0,0,85.9187,0
72.29,2.09785,0,0,3.45303,0.304738,1.05044,3.6288,61.308,0.0926005,0,0,2.5751,0.148505,2.33399,0.66528,12.849,1,0.372877,1.05044,0,112.756,3.30372,110.13,0.84672,12.849,0.84672,3695.15,0,0.0036966,2.7917e-06,3.3566,1.32838,13.1331,0.77636,17.0417,0.42336,0.0018483,0.21168,0.0018483,0.21168,460.486,0,1.02816,0,0,4.38476,3.3566,1.028160,1,0,129.506,0,0,0,129.506,0
72.29,2.09871,0,0,2.87651,0.304738,0.473063,3.6288,61.308,0.0930578,0,0,2.23666,0.148505,1.9951,0.66528,12.849,1,0.373029,0.473063,0,59.0535,3.30372,55.8498,0.84672,12.849,0.84672,3695.15,0,0.0036966,2.80549e-06,2.73734,1.32893,10.162,0.77636,13.4519,0.42336,0.0018483,0.21168,0.0018483,0.21168,460.486,0,1.02816,0,0,3.7655,2.73734,1.028160,1,0,71.2969,0,0,0,71.2969,0
71.9604,2.09956,0,0,2.43755,0.304738,0.36288,3.6288,61.308,0.0935152,0,0,1.98235,0.148505,1.74033,0.66528,12.849,1,0.373181,0.36288,0,45.9272,3.30372,42.6132,0.84672,12.849,0.84672,3695.15,0,0.0036966,2.81927e-06,2.26284,1.32947,8.75422,0.77636,11.5702,0.42336,0.0018483,0.21168,0.0018483,0.21168,460.486,0,1.02816,0,0,3.291,2.26284,1.028160,1,0,55.9237,0,0,0,55.9237,0
71.6335,2.3037,0,0,2.65466,0.315002,0.36288,3.6288,61.308,0.225908,0,0,1.91176,0.156889,1.52897,0.66528,12.849,1,0.41134,0.36288,0,52.5528,3.87603,48.6283,0.84672,12.849,0.84672,3695.15,0,0.0036966,6.81062e-06,2.98617,1.33001,8.07192,1.02152,11.3666,0.42336,0.0018483,0.21168,0.0018483,0.21168,460.486,0,1.02816,0,0,4.01433,2.98617,1.028160,1,0,61.5238,0,0,0,61.5238,0
70.9077,2.30304,0,0,2.23542,0.295202,0.36288,3.6288,61.308,0.226419,0,0,1.98144,0.17618,1.57884,0.66528,12.849,1,0.4131,0.36288,0,39.8055,4.11201,35.6433,0.84672,12.849,0.84672,3695.15,0,0.0036966,6.82604e-06,1.42588,1.47771,5.8068,1.24809,7.46228,0.42336,0.0018483,0.21168,0.0018483,0.21168,460.486,0,1.02816,0,0,2.45404,1.42588,1.028160,1,0,44.6844,0,0,0,44.6844,0
70.9529,2.3004,0,0,3.00203,0.293568,0.36288,3.6288,61.308,0.226931,0,0,1.90548,0.17618,1.50237,0.66528,12.849,1,0.416849,0.36288,0,48.0363,4.11201,43.8703,0.84672,12.849,0.84672,3695.15,0,0.0036966,6.84146e-06,1.35361,1.47831,9.60354,1.24809,11.1874,0.42336,0.0018483,0.21168,0.0018483,0.21168,460.486,0,1.02816,0,0,2.38177,1.35361,1.028160,1,0,56.5601,0,0,0,56.5601,0
71.5145,2.30156,0,0,3.51953,0.293535,0.36288,3.6288,61.308,0.227442,0,0,2.98012,0.160507,2.59217,0.66528,12.849,1,0.416794,0.36288,0,116.349,3.98034,112.315,0.84672,12.849,0.84672,3695.15,0,0.0036966,6.85688e-06,2.29926,1.47891,12.9023,1.18455,15.4959,0.42336,0.0018483,0.21168,0.0018483,0.21168,460.486,0,1.02816,0,0,3.32742,2.29926,1.028160,1,0,130.403,0,0,0,130.403,0
72.29,2.01307,0,0,3.86866,0.316077,0.763998,3.6288,61.308,0.0506066,0,0,2.08867,0.175569,1.86249,0.66528,12.849,1,0.361688,0.763998,0,85.9154,3.47759,82.8401,0.84672,12.849,0.84672,3695.15,0,0.0036966,1.52568e-06,1.54059,1.47952,8.77366,0.940728,10.853,0.42336,0.0018483,0.21168,0.0018483,0.21168,460.486,0,1.02816,0,0,2.56875,1.54059,1.028160,1,0,95.5556,0,0,0,95.5556,0
72.29,2.01718,0,0,6.80841,0.334254,4.45698,3.6288,61.308,0.0510462,0,0,4.53217,0.216253,4.26487,0.66528,12.849,1,0.358539,4.45698,0,79.1517,3.3474,79.9028,0.84672,12.849,0.84672,3695.15,0,0.0036966,1.53893e-06,3.67088,1.2785,11.9489,0.876999,16.0212,0.42336,0.0018483,0.21168,0.0018483,0.21168,460.486,0,1.02816,0,0,4.69904,3.67088,1.028160,1,0,100.189,0,0,0,100.189,0
72.29,2.01801,0,0,4.29215,0.334254,1.93989,3.6288,61.308,0.0514859,0,0,2.45115,0.216253,2.18341,0.66528,12.849,1,0.358685,1.93989,0,131.525,3.3474,129.759,0.84672,12.849,0.84672,3695.15,0,0.0036966,1.55218e-06,1.35508,1.27902,7.27567,0.876999,9.03276,0.42336,0.0018483,0.21168,0.0018483,0.21168,460.486,0,1.02816,0,0,2.38324,1.35508,1.028160,1,0,140.975,0,0,0,140.975,0
72.29,2.01883,0,0,3.20675,0.275843,0.912081,3.6288,61.308,0.0519257,0,0,1.66726,0.207727,1.40761,0.66528,12.849,1,0.358832,0.912081,0,84.4621,3.52071,81.4946,0.84672,12.849,0.84672,3695.15,0,0.0036966,1.56545e-06,0.850383,1.27954,4.82441,0.941042,6.01329,0.42336,0.0018483,0.21168,0.0018483,0.21168,460.486,0,1.02816,0,0,1.87854,0.850383,1.028160,1,0,88.9155,0,0,0,88.9155,0
72.29,2.01965,0,0,3.2654,0.291364,0.954386,3.6288,61.308,0.0523657,0,0,1.54226,0.265711,1.22418,0.66528,12.849,1,0.358978,0.954386,0,79.4336,5.06553,74.9634,0.84672,12.849,0.84672,3695.15,0,0.0036966,1.57871e-06,0.798189,1.28006,4.44304,1.25504,5.26625,0.42336,0.0018483,0.21168,0.0018483,0.21168,460.486,0,1.02816,0,0,1.82635,0.798189,1.028160,1,0,81.4539,0,0,0,81.4539,0
72.29,2.0943,0,0,3.47724,0.309087,1.07385,3.6288,61.308,0.0962802,0,0,0.969797,0.236145,0.637371,0.66528,12.849,1,0.372246,1.07385,0,116.667,4.41042,112.958,0.84672,12.849,0.84672,3695.15,0,0.0036966,2.90263e-06,0.954668,1.28058,4.90434,1.1262,6.01338,0.42336,0.0018483,0.21168,0.0018483,0.21168,460.486,0,1.02816,0,0,1.98283,0.954668,1.028160,1,0,119.609,0,0,0,119.609,0
72.29,2.09515,0,0,4.04451,0.309087,1.64027,3.6288,61.308,0.096738,0,0,3.03194,0.236145,2.69906,0.66528,12.849,1,0.372397,1.64027,0,102.342,4.41042,99.1991,0.84672,12.849,0.84672,3695.15,0,0.0036966,2.91644e-06,2.77639,1.33098,10.8906,1.1262,13.8717,0.42336,0.0018483,0.21168,0.0018483,0.21168,460.486,0,1.02816,0,0,3.80455,2.77639,1.028160,1,0,115.77,0,0,0,115.77,0
72.29,2.096,0,0,2.98344,0.309087,0.578344,3.6288,61.308,0.097196,0,0,1.06305,0.236145,0.729707,0.66528,12.849,1,0.372549,0.578344,0,100.912,4.41042,96.7071,0.84672,12.849,0.84672,3695.15,0,0.0036966,2.93024e-06,1.20385,1.33153,5.25027,1.1262,6.65944,0.42336,0.0018483,0.21168,0.0018483,0.21168,460.486,0,1.02816,0,0,2.23201,1.20385,1.028160,1,0,104.096,0,0,0,104.096,0
72.29,2.09686,0,0,4.45566,0.302668,2.05613,3.6288,61.308,0.0976541,0,0,2.27695,0.243932,1.93537,0.66528,12.849,1,0.3727,2.05613,0,118.625,4.61748,115.691,0.84672,12.849,0.84672,3695.15,0,0.0036966,2.94405e-06,2.26998,1.33207,9.39527,1.14129,11.856,0.42336,0.0018483,0.21168,0.0018483,0.21168,460.486,0,1.02816,0,0,3.29814,2.26998,1.028160,1,0,129.482,0,0,0,129.482,0
72.29,2.0688,0,0,2.86074,0.264619,0.527321,3.6288,61.308,0.0811999,0,0,1.08635,0.161524,0.843626,0.66528,12.849,1,0.367713,0.527321,0,66.8144,3.66108,63.3129,0.84672,12.849,0.84672,3695.15,0,0.0036966,2.448e-06,0.870281,1.33261,5.15394,0.9681,6.38873,0.42336,0.0018483,0.21168,0.0018483,0.21168,460.486,0,1.02816,0,0,1.89844,0.870281,1.028160,1,0,70.5453,0,0,0,70.5453,0
71.7425,2.06964,0,0,2.17723,0.292257,0.36288,3.6288,61.308,0.219438,0,0,0.974316,0.171026,0.583852,0.66528,12.849,1,0.367863,0.36288,0,47.5637,3.76956,43.7892,0.84672,12.849,0.84672,3695.15,0,0.0036966,6.61556e-06,0.528595,1.31371,4.26861,0.975444,5.13546,0.42336,0.0018483,0.21168,0.0018483,0.21168,460.486,0,0.890369,0,0,1.41896,0.528595,1.028160,1,0,49.5085,0,0,0,49.5085,0
71.0566,2.0681,0,0,1.97313,0.228035,0.36288,3.6288,61.308,0.206196,0,0,0.80638,0.207212,0.392972,0.66528,12.849,1,0.370395,0.36288,0,43.0078,4.10557,38.8948,0.84672,12.849,0.84672,3695.15,0,0.0036966,6.21634e-06,0.402797,1.31424,3.92072,0.997514,4.64024,0.42336,0.0018483,0.21168,0.0018483,0.21168,460.486,0,0.904064,0,0,1.30686,0.402797,1.028160,1,0,43.928,0,0,0,43.928,0
70.3448,2.06591,0,0,1.91602,0.199017,0.36288,3.6288,61.308,0.112474,0,0,0.871811,0.220292,0.539045,0.66528,12.849,1,0.373574,0.36288,0,41.4811,4.2209,37.2495,0.84672,12.849,0.84672,3695.15,0,0.0036966,3.39084e-06,0.402797,1.31477,4.33893,1.0044,5.0521,0.42336,0.0018483,0.21168,0.0018483,0.21168,460.486,0,0.99824,0,0,1.40104,0.402797,1.028160,1,0,42.8406,0,0,0,42.8406,0
69.3797,2.16144,0,0,1.76727,0.208006,0.36288,3.6288,61.308,0.35967,0,0,0.728257,0.228358,0.140229,0.66528,12.849,1,0.394804,0.36288,0,38.4678,4.04323,34.3926,0.84672,12.849,0.84672,3695.15,0,0.0036966,1.08433e-05,0.402797,1.31531,3.72381,1.03484,4.40707,0.42336,0.0018483,0.21168,0.0018483,0.21168,460.486,0,0.811564,0,0,1.21436,0.402797,1.028160,1,0,38.9399,0,0,0,38.9399,0
68.3164,2.15769,0,0,1.62493,0.16769,0.36288,3.6288,61.2477,0.460799,0,0,0.652104,0.251608,0,0.66528,12.849,1,0.3996,0.36288,0,35.5505,4.18562,31.3282,0.84672,12.849,0.84672,3695.15,0,0.0036966,1.38921e-05,0.402797,1.38395,3.02415,1.00521,3.80567,0.42336,0.0018483,0.21168,0.0018483,0.21168,460.486,0,0.710908,0,0,1.1137,0.402797,1.028160,1,0,35.1338,0,0,0,35.1338,0
67.2111,2.15333,0,0,1.57722,0.166307,0.36288,3.6288,61.308,0.372433,0,0,0.692513,0.251512,0.00826432,0.66528,12.849,1,0.404999,0.36288,0,33.8849,4.18562,29.6571,0.84672,12.849,0.84672,3695.15,0,0.0036966,1.12391e-05,0.30119,1.38452,3.21706,1.00521,3.89754,0.42336,0.0018483,0.21168,0.0018483,0.21168,460.486,0,0.799753,0,0,1.10094,0.30119,1.028160,1,0,33.5629,0,0,0,33.5629,0
66.0311,2.14861,0,0,1.49632,0.164869,0.36288,3.6288,61.308,0.419772,0,0,0.672961,0.251608,0.00158094,0.66528,12.849,1,0.410757,0.36288,0,31.826,4.18562,27.5925,0.84672,12.849,0.84672,3695.15,0,0.0036966,1.26552e-05,0.30119,1.38508,2.97436,1.00521,3.65541,0.42336,0.0018483,0.21168,0.0018483,0.21168,460.486,0,0.75289,0,0,1.05408,0.30119,1.028160,1,0,31.2495,0,0,0,31.2495,0
64.7413,2.14333,0,0,1.37402,0.157529,0.36288,3.6288,61.1775,0.496572,0,0,0.610881,0.244809,0,0.66528,12.849,1,0.417072,0.36288,0,29.0471,4.24803,24.7449,0.84672,12.849,0.84672,3695.15,0,0.0036966,1.49705e-05,0.30119,1.38564,2.81065,1.00367,3.49381,0.42336,0.0018483,0.21168,0.0018483,0.21168,460.486,0,0.676564,0,0,0.977754,0.30119,1.028160,1,0,28.2387,0,0,0,28.2387,0
63.1763,2.11813,0,0,1.03741,0.121444,0.36288,3.6288,60.9478,0.512578,0,0,0.486754,0.203847,0,0.66528,12.849,1,0.420377,0.36288,0,24.5753,4.62252,19.8953,0.84672,12.849,0.84672,3695.15,0,0.0036966,1.5486e-05,0.30119,1.38621,2.32073,0.994374,3.01374,0.42336,0.0018483,0.21168,0.0018483,0.21168,460.486,0,0.69412,0,0,0.995311,0.30119,1.028160,1,0,22.909,0,0,0,22.909,0
61.5182,2.11033,0,0,0.934978,0.119915,0.36288,3.6288,60.5977,0.59988,0,0,0.453277,0.20355,0,0.66528,12.849,1,0.429205,0.36288,0,22.7776,4.62252,18.0888,0.84672,12.849,0.84672,3695.15,0,0.0036966,1.81919e-05,0.261274,1.40803,2.20962,0.994374,2.88453,0.42336,0.0018483,0.21168,0.0018483,0.21168,460.486,0,0.607306,0,0,0.868579,0.261274,1.028160,1,0,20.9733,0,0,0,20.9733,0
59.8513,2.10161,0,0,0.894076,0.096438,0.36288,3.6288,60.1571,0.61136,0,0,0.428526,0.257698,0,0.66528,12.849,1,0.438953,0.36288,0,20.5352,5.32827,15.1309,0.84672,12.849,0.84672,3695.15,0,0.0036966,1.86472e-05,0.261274,1.40861,2.09939,1.25199,2.51727,0.42336,0.0018483,0.21168,0.0018483,0.21168,460.486,0,0.596316,0,0,0.857589,0.261274,1.028160,1,0,17.6481,0,0,0,17.6481,0
58.1065,2.0924,0,0,0.796936,0.0864405,0.36288,3.6288,59.6514,0.628646,0,0,0.401688,0.278755,0,0.66528,12.849,1,0.4492,0.36288,0,18.6565,5.61057,12.9596,0.84672,12.849,0.84672,3695.15,0,0.0036966,1.93149e-05,0.261274,1.40918,2.03083,1.35503,2.34623,0.42336,0.0018483,0.21168,0.0018483,0.21168,460.486,0,0.579519,0,0,0.840793,0.261274,1.028160,1,0,15.3059,0,0,0,15.3059,0
56.3491,2.13079,0,0,0.817448,0.081203,0.36288,3.6288,59.0999,0.690387,0,0,0.428141,0.289298,0,0.66528,12.849,1,0.471178,0.36288,0,18.4073,5.83362,12.4654,0.84672,12.849,0.84672,3695.15,0,0.0036966,2.13917e-05,0.261274,1.40975,1.91829,1.49115,2.09814,0.42336,0.0018483,0.21168,0.0018483,0.21168,460.486,0,0.547802,0,0,0.809076,0.261274,1.028160,1,0,14.5636,0,0,0,14.5636,0
54.5565,2.11968,0,0,0.768243,0.0783218,0.36288,3.6288,58.4589,0.776795,0,0,0.42867,0.292839,0,0.66528,12.849,1,0.48334,0.36288,0,17.8627,5.92284,11.8194,0.84672,12.849,0.84672,3695.15,0,0.0036966,2.42936e-05,0.261274,1.44426,1.78068,1.5456,1.94059,0.42336,0.0018483,0.21168,0.0018483,0.21168,460.486,0,0.461894,0,0,0.723168,0.261274,1.028160,1,0,13.76,0,0,0,13.76,0
52.7116,2.10768,0,0,0.694215,0.0685084,0.36288,3.6288,57.8216,0.764994,0,0,0.424436,0.296722,0,0.66528,12.849,1,0.496396,0.36288,0,16.9328,6.07239,10.7269,0.84672,12.849,0.84672,3695.15,0,0.0036966,2.41869e-05,0.227405,1.44485,1.77674,1.57548,1.87349,0.42336,0.0018483,0.21168,0.0018483,0.21168,460.486,0,0.474198,0,0,0.701603,0.227405,1.028160,1,0,12.6003,0,0,0,12.6003,0
50.7572,2.09456,0,0,0.5701,0.0670745,0.36288,3.6288,57.1727,0.775355,0,0,0.415293,0.288841,0,0.66528,12.849,1,0.510571,0.36288,0,15.9294,6.10256,9.67915,0.84672,12.849,0.84672,3695.15,0,0.0036966,2.47847e-05,0.227405,1.44544,1.70008,1.4719,1.901,0.42336,0.0018483,0.21168,0.0018483,0.21168,460.486,0,0.46434,0,0,0.691744,0.227405,1.028160,1,0,11.5801,0,0,0,11.5801,0
48.6613,2.21861,0,0,0.55572,0.0701332,0.36288,3.6288,56.3629,0.905174,0,0,0.393573,0.298234,0,0.66528,12.849,1,0.561633,0.36288,0,14.4391,6.07286,8.16747,0.84672,12.849,0.84672,3695.15,0,0.0036966,2.92628e-05,0.227405,1.44602,1.93437,1.46439,2.14337,0.42336,0.0018483,0.21168,0.0018483,0.21168,460.486,0,0.441798,0,0,0.669203,0.227405,1.028160,1,0,10.3108,0,0,0,10.3108,0
46.6704,2.20036,0,0,0.629634,0.057311,0.36288,3.6288,55.5646,0.868993,0,0,0.41052,0.339798,0,0.66528,12.849,1,0.581005,0.36288,0,14.8603,6.40353,8.23863,0.84672,12.849,0.84672,3695.15,0,0.0036966,2.84967e-05,0.227405,1.56173,2.11559,1.57217,2.33252,0.42336,0.0018483,0.21168,0.0018483,0.21168,460.486,0,0.478526,0,0,0.705931,0.227405,1.028160,1,0,10.5711,0,0,0,10.5711,0
44.7401,2.18181,0,0,0.670474,0.0560748,0.36288,3.6288,55.0491,0.682429,0,0,0.504956,0.338028,0,0.66528,12.849,1,0.600683,0.36288,0,18.9103,6.40353,12.2689,0.84672,12.849,0.84672,3695.15,0,0.0036966,2.27003e-05,0.204422,1.56236,2.36304,1.57217,2.55762,0.42336,0.0018483,0.21168,0.0018483,0.21168,460.486,0,0.665643,0,0,0.870065,0.204422,1.028160,1,0,14.8266,0,0,0,14.8266,0
42.7114,2.16255,0,0,0.551594,0.0548763,0.36288,3.6288,54.1216,0.958389,0,0,0.367751,0.336885,0,0.66528,12.849,1,0.621068,0.36288,0,17.3247,6.40353,10.663,0.84672,12.849,0.84672,3695.15,0,0.0036966,3.21784e-05,0.204422,1.56299,1.93543,1.57217,2.13064,0.42336,0.0018483,0.21168,0.0018483,0.21168,460.486,0,0.39022,0,0,0.594643,0.204422,1.028160,1,0,12.7936,0,0,0,12.7936,0
40.8415,2.14074,0,0,0.687386,0.0536167,0.36288,3.6288,54.0453,0.378489,0,0,0.637058,0.334828,0,0.66528,12.849,1,0.644006,0.36288,0,16.8876,6.40353,10.2029,0.84672,12.849,0.84672,3695.15,0,0.0036966,1.29257e-05,0.204422,1.56363,3.01863,1.57217,3.21449,0.42336,0.0018483,0.21168,0.0018483,0.21168,460.486,0,0.970687,0,0,1.17511,0.204422,1.028160,1,0,13.4174,0,0,0,13.4174,0
39.6054,2.05451,0,0,1.23905,0.0577447,0.36288,3.6288,53.9842,0.256626,0,0,0.484981,0.289471,0,0.66528,12.849,1,0.646362,0.36288,0,26.4723,6.0921,20.0967,0.84672,12.849,0.84672,3695.15,0,0.0036966,8.77636e-06,0.30558,1.56426,4.01223,1.65037,4.2317,0.42336,0.0018483,0.21168,0.0018483,0.21168,460.486,0,1.02816,0,0,1.33374,0.30558,1.028160,1,0,24.3284,0,0,0,24.3284,0
37.8248,2.04011,0,0,0.67927,0.0569059,0.36288,3.6288,53.422,0.58663,0,0,0.313712,0.289354,0,0.66528,12.849,1,0.661862,0.36288,0,33.5051,6.0921,27.114,0.84672,12.849,0.84672,3695.15,0,0.0036966,2.00849e-05,0.216518,1.49879,2.49824,1.65037,2.56316,0.42336,0.0018483,0.21168,0.0018483,0.21168,460.486,0,0.698665,0,0,0.915183,0.216518,1.028160,1,0,29.6771,0,0,0,29.6771,0
36.0187,2.01766,0,0,0.63022,0.0557417,0.36288,3.6288,52.6534,0.79885,0,0,0.318454,0.28812,0,0.66528,12.849,1,0.685396,0.36288,0,19.9009,6.0921,13.4863,0.84672,12.849,0.84672,3695.15,0,0.0036966,2.76387e-05,0.216518,1.4994,1.8879,1.65037,1.95342,0.42336,0.0018483,0.21168,0.0018483,0.21168,460.486,0,0.486959,0,0,0.703477,0.216518,1.028160,1,0,15.4398,0,0,0,15.4398,0
35.21,1.99314,0,0,1.66759,0.120313,0.36288,3.6288,52.6724,0.258189,0,0,0.571731,0.294621,0,0.66528,12.849,1,0.711014,0.36288,0,29.6635,5.53465,23.7808,0.84672,12.849,0.84672,3695.15,0,0.0036966,9.06324e-06,0.76083,1.50001,5.51517,1.52667,6.24933,0.42336,0.0018483,0.21168,0.0018483,0.21168,460.486,0,1.02816,0,0,1.78899,0.76083,1.028160,1,0,30.0301,0,0,0,30.0301,0
34.6051,1.93078,0,0,1.83749,0.148726,0.36288,3.6288,52.6782,0.215997,0,0,0.467049,0.245172,0,0.66528,12.849,1,0.704588,0.36288,0,52.8442,4.85627,47.6463,0.84672,12.849,0.84672,3695.15,0,0.0036966,7.57944e-06,0.216518,1.50062,4.53834,1.2897,4.96577,0.42336,0.0018483,0.21168,0.0018483,0.21168,460.486,0,1.01167,0,0,1.22818,0.216518,1.028160,1,0,52.612,0,0,0,52.612,0
34.6591,1.92257,0,0,2.49658,0.157125,0.36288,3.6288,52.7911,0.200001,0,0,0.513082,0.200191,0,0.66528,12.849,1,0.713858,0.36288,0,53.5377,4.42417,48.7625,0.84672,12.849,0.84672,3695.15,0,0.0036966,7.01736e-06,0.334109,1.44238,4.73778,1.1459,5.36836,0.42336,0.0018483,0.21168,0.0018483,0.21168,460.486,0,1.02816,0,0,1.36227,0.334109,1.028160,1,0,54.1309,0,0,0,54.1309,0
34.9419,1.92416,0,0,2.72703,0.157229,0.36288,3.6288,53.1745,0.200499,0,0,0.784236,0.200372,0,0.66528,12.849,1,0.713336,0.36288,0,50.3565,4.42417,45.5819,0.84672,12.849,0.84672,3695.15,0,0.0036966,7.01978e-06,0.779017,1.44297,5.61821,1.1459,6.69429,0.42336,0.0018483,0.21168,0.0018483,0.21168,460.486,0,1.02816,0,0,1.80718,0.779017,1.028160,1,0,52.2762,0,0,0,52.2762,0
34.9828,1.92917,0,0,2.50869,0.17573,0.36288,3.6288,53.6477,0.200997,0,0,0.882502,0.208272,0,0.66528,12.849,1,0.709402,0.36288,0,60.6931,3.83183,56.5147,0.84672,12.849,0.84672,3695.15,0,0.0036966,6.98648e-06,0.665816,1.44355,6.03544,1.01991,7.12489,0.42336,0.0018483,0.21168,0.0018483,0.21168,460.486,0,1.02816,0,0,1.69398,0.665816,1.028160,1,0,63.6396,0,0,0,63.6396,0
36.9086,1.78516,0,0,4.26665,0.192791,0.36288,3.6288,54.2172,0.0779838,0,0,0.85053,0.203044,0,0.66528,12.849,1,0.655681,0.36288,0,80.9244,3.60374,77.0279,0.84672,12.849,0.84672,3695.15,0,0.0036966,2.68674e-06,1.39242,1.44414,6.71388,0.928626,8.62181,0.42336,0.0018483,0.21168,0.0018483,0.21168,460.486,0,1.02816,0,0,2.42058,1.39242,1.028160,1,0,85.6497,0,0,0,85.6497,0
37.5201,1.81128,0,0,3.00796,0.222334,0.36288,3.6288,54.5798,0.0784319,0,0,0.622394,0.18142,0,0.66528,12.849,1,0.63056,0.36288,0,53.2262,3.62586,49.3327,0.84672,12.849,0.84672,3695.15,0,0.0036966,2.67379e-06,0.977953,1.31204,4.66129,0.826408,6.12487,0.42336,0.0018483,0.21168,0.0018483,0.21168,460.486,0,1.02816,0,0,2.00611,0.977953,1.028160,1,0,55.4575,0,0,0,55.4575,0
38.3003,1.81967,0,0,3.18671,0.223945,0.36288,3.6288,55.0929,0.0788801,0,0,0.773902,0.181855,0,0.66528,12.849,1,0.623157,0.36288,0,79.2261,3.62586,75.34,0.84672,12.849,0.84672,3695.15,0,0.0036966,2.67121e-06,1.09775,1.31257,5.00401,0.826408,6.58792,0.42336,0.0018483,0.21168,0.0018483,0.21168,460.486,0,1.02816,0,0,2.12591,1.09775,1.028160,1,0,81.9279,0,0,0,81.9279,0
40.2714,1.82992,0,0,4.38991,0.226002,0.36288,3.6288,55.9499,0.0793286,0,0,1.11879,0.182472,0,0.66528,12.849,1,0.613901,0.36288,0,105.691,3.62586,101.815,0.84672,12.849,0.84672,3695.15,0,0.0036966,2.66138e-06,1.79213,1.3131,7.2842,0.826408,9.56303,0.42336,0.0018483,0.21168,0.0018483,0.21168,460.486,0,1.02816,0,0,2.82029,1.79213,1.028160,1,0,111.378,0,0,0,111.378,0
42.551,1.85345,0,0,4.68813,0.192257,0.36288,3.6288,57.1879,0.0797771,0,0,1.56204,0.244271,0,0.66528,12.849,1,0.591361,0.36288,0,143.024,4.71776,138.078,0.84672,12.849,0.84672,3695.15,0,0.0036966,2.63543e-06,2.64934,1.31364,9.51523,1.27018,12.208,0.42336,0.0018483,0.21168,0.0018483,0.21168,460.486,0,1.02816,0,0,3.6775,2.64934,1.028160,1,0,150.286,0,0,0,150.286,0
44.5982,1.93738,0,0,4.53021,0.182686,0.36288,3.6288,58.6081,0.116054,0,0,1.73611,0.19986,0,0.66528,12.849,1,0.585025,0.36288,0,115.525,4.1782,111.124,0.84672,12.849,0.84672,3695.15,0,0.0036966,3.75082e-06,2.58568,1.31417,11.0037,0.701072,14.2025,0.42336,0.0018483,0.21168,0.0018483,0.21168,460.486,0,1.02816,0,0,3.61384,2.58568,1.028160,1,0,125.327,0,0,0,125.327,0
45.8484,1.959,0,0,3.75652,0.184501,0.36288,3.6288,59.5965,0.116502,0,0,1.29879,0.193899,0,0.66528,12.849,1,0.564398,0.36288,0,92.9966,4.08828,88.7068,0.84672,12.849,0.84672,3695.15,0,0.0036966,3.67409e-06,2.00242,1.35674,9.20298,0.606221,11.9559,0.42336,0.0018483,0.21168,0.0018483,0.21168,460.486,0,1.02816,0,0,3.03058,2.00242,1.028160,1,0,100.663,0,0,0,100.663,0
46.9178,1.97179,0,0,3.59123,0.187115,0.36288,3.6288,60.5995,0.116952,0,0,1.31509,0.195132,0,0.66528,12.849,1,0.552594,0.36288,0,88.2887,4.08828,84.0107,0.84672,12.849,0.84672,3695.15,0,0.0036966,3.62708e-06,2.05232,1.35727,9.40775,0.606221,12.2111,0.42336,0.0018483,0.21168,0.0018483,0.21168,460.486,0,1.02816,0,0,3.08048,2.05232,1.028160,1,0,96.2218,0,0,0,96.2218,0
48.1731,1.98246,0,0,3.84747,0.246803,0.36288,3.6288,61.308,0.117401,0,0,1.26458,0.206447,0.232254,0.66528,12.849,1,0.54292,0.36288,0,94.2805,4.57434,89.5262,0.84672,12.849,0.84672,3695.15,0,0.0036966,3.58075e-06,1.9588,1.3578,9.54089,0.883601,11.9739,0.42336,0.0018483,0.21168,0.0018483,0.21168,460.486,0,1.02816,0,0,2.98696,1.9588,1.028160,1,0,101.732,0,0,0,101.732,0
48.8,2.18894,0,0,3.42711,0.248421,0.36288,3.6288,61.308,0.252593,0,0,1.22018,0.212694,0.754897,0.66528,12.849,1,0.583846,0.36288,0,96.9607,4.45835,92.2814,0.84672,12.849,0.84672,3695.15,0,0.0036966,7.61511e-06,1.9234,1.35833,9.72734,1.0435,11.9656,0.42336,0.0018483,0.21168,0.0018483,0.21168,460.486,0,1.02816,0,0,2.95156,1.9234,1.028160,1,0,105.002,0,0,0,105.002,0
49.2172,2.19574,0,0,3.20026,0.224456,0.36288,3.6288,61.308,0.253095,0,0,1.08653,0.193715,0.639722,0.66528,12.849,1,0.578136,0.36288,0,93.2239,3.55961,89.449,0.84672,12.849,0.84672,3695.15,0,0.0036966,7.63025e-06,1.5535,1.50915,7.03697,0.79701,9.3026,0.42336,0.0018483,0.21168,0.0018483,0.21168,460.486,0,1.02816,0,0,2.58166,1.5535,1.028160,1,0,99.3913,0,0,0,99.3913,0
49.7901,2.20049,0,0,3.36174,0.225469,0.36288,3.6288,61.308,0.253597,0,0,1.02921,0.193715,0.581902,0.66528,12.849,1,0.574475,0.36288,0,88.8477,3.55961,85.0765,0.84672,12.849,0.84672,3695.15,0,0.0036966,7.64539e-06,1.29412,1.50974,5.42976,0.79701,7.43661,0.42336,0.0018483,0.21168,0.0018483,0.21168,460.486,0,1.02816,0,0,2.32228,1.29412,1.028160,1,0,93.095,0,0,0,93.095,0
49.8143,2.20661,0,0,2.81413,0.220479,0.36288,3.6288,61.308,0.2541,0,0,1.16828,0.210314,0.70387,0.66528,12.849,1,0.569444,0.36288,0,81.1451,3.95272,76.9859,0.84672,12.849,0.84672,3695.15,0,0.0036966,7.66054e-06,1.46093,1.51033,6.17141,0.919997,8.22267,0.42336,0.0018483,0.21168,0.0018483,0.21168,460.486,0,1.02816,0,0,2.48909,1.46093,1.028160,1,0,85.9124,0,0,0,85.9124,0
51.9014,1.92785,0,0,4.61402,0.236113,0.36288,3.6288,61.308,0.073492,0,0,1.3001,0.206936,1.01968,0.66528,12.849,1,0.497267,0.36288,0,139.953,4.35567,135.463,0.84672,12.849,0.84672,3695.15,0,0.0036966,2.21562e-06,2.28136,1.51093,9.07132,1.17199,11.6916,0.42336,0.0018483,0.21168,0.0018483,0.21168,460.486,0,1.02816,0,0,3.30952,2.28136,1.028160,1,0,148.175,0,0,0,148.175,0
54.7375,1.94464,0,0,5.42792,0.284335,0.36288,3.6288,61.308,0.0739236,0,0,1.33888,0.19837,1.06659,0.66528,12.849,1,0.481427,0.36288,0,163.366,3.60171,159.646,0.84672,12.849,0.84672,3695.15,0,0.0036966,2.22863e-06,2.06558,1.30562,10.9511,1.02782,13.2945,0.42336,0.0018483,0.21168,0.0018483,0.21168,460.486,0,1.02816,0,0,3.09374,2.06558,1.028160,1,0,174.007,0,0,0,174.007,0
57.4208,1.96562,0,0,5.30446,0.292694,0.36288,3.6288,61.308,0.0743555,0,0,1.19604,0.19837,0.92331,0.66528,12.849,1,0.461406,0.36288,0,170.313,3.60171,166.613,0.84672,12.849,0.84672,3695.15,0,0.0036966,2.24165e-06,1.83704,1.30613,11.0643,1.02782,13.1796,0.42336,0.0018483,0.21168,0.0018483,0.21168,460.486,0,1.02816,0,0,2.8652,1.83704,1.028160,1,0,180.716,0,0,0,180.716,0
60.0818,1.98402,0,0,5.26853,0.260544,0.36288,3.6288,61.308,0.0747874,0,0,1.08944,0.174304,0.840352,0.66528,12.849,1,0.443962,0.36288,0,183.673,3.25293,180.339,0.84672,12.849,0.84672,3695.15,0,0.0036966,2.25467e-06,1.91004,1.30664,11.3736,0.977718,13.6126,0.42336,0.0018483,0.21168,0.0018483,0.21168,460.486,0,1.02816,0,0,2.9382,1.91004,1.028160,1,0,194.791,0,0,0,194.791,0
62.003,2.001,0,0,4.57078,0.28572,0.36288,3.6288,61.308,0.0752194,0,0,0.911425,0.16559,0.670615,0.66528,12.849,1,0.42793,0.36288,0,156.807,3.45477,153.288,0.84672,12.849,0.84672,3695.15,0,0.0036966,2.2677e-06,1.41408,1.30715,9.00824,1.00246,10.727,0.42336,0.0018483,0.21168,0.0018483,0.21168,460.486,0,1.02816,0,0,2.44224,1.41408,1.028160,1,0,164.685,0,0,0,164.685,0
62.9863,2.08632,0,0,3.75864,0.326158,0.36288,3.6288,61.308,0.120045,0,0,0.944982,0.156036,0.668901,0.66528,12.849,1,0.432351,0.36288,0,143.908,3.38152,140.457,0.84672,12.849,0.84672,3695.15,0,0.0036966,3.61908e-06,1.73246,1.30767,6.7575,1.015,8.78262,0.42336,0.0018483,0.21168,0.0018483,0.21168,460.486,0,1.02816,0,0,2.76062,1.73246,1.028160,1,0,149.908,0,0,0,149.908,0
63.2053,2.09274,0,0,3.00341,0.328797,0.36288,3.6288,61.308,0.120494,0,0,0.931513,0.156036,0.654983,0.66528,12.849,1,0.426912,0.36288,0,89.7324,3.38152,86.2869,0.84672,12.849,0.84672,3695.15,0,0.0036966,3.63263e-06,1.12094,1.35912,5.82797,1.015,7.29302,0.42336,0.0018483,0.21168,0.0018483,0.21168,460.486,0,1.02816,0,0,2.1491,1.12094,1.028160,1,0,94.2349,0,0,0,94.2349,0
63.1673,2.09479,0,0,2.74906,0.329385,0.36288,3.6288,61.308,0.120944,0,0,0.768951,0.156036,0.491972,0.66528,12.849,1,0.42585,0.36288,0,102.816,3.38152,99.3715,0.84672,12.849,0.84672,3695.15,0,0.0036966,3.64619e-06,1.01938,1.35965,5.63603,1.015,7.00006,0.42336,0.0018483,0.21168,0.0018483,0.21168,460.486,0,1.02816,0,0,2.04754,1.01938,1.028160,1,0,106.864,0,0,0,106.864,0
62.7945,2.0954,0,0,2.37325,0.287733,0.36288,3.6288,61.308,0.121394,0,0,0.648609,0.179824,0.347391,0.66528,12.849,1,0.426229,0.36288,0,95.9792,3.67238,92.2434,0.84672,12.849,0.84672,3695.15,0,0.0036966,3.65975e-06,0.856181,1.36018,5.60963,1.07225,6.75374,0.42336,0.0018483,0.21168,0.0018483,0.21168,460.486,0,1.02816,0,0,1.88434,0.856181,1.028160,1,0,99.3446,0,0,0,99.3446,0
63.1945,2.06525,0,0,3.07389,0.245792,0.36288,3.6288,61.308,0.104575,0,0,1.24019,0.198636,0.936975,0.66528,12.849,1,0.422592,0.36288,0,106.404,4.16079,102.184,0.84672,12.849,0.84672,3695.15,0,0.0036966,3.1527e-06,1.85986,1.36071,9.11692,1.08471,11.2528,0.42336,0.0018483,0.21168,0.0018483,0.21168,460.486,0,1.02816,0,0,2.88802,1.85986,1.028160,1,0,114.373,0,0,0,114.373,0
63.0638,2.06829,0,0,2.53721,0.236764,0.36288,3.6288,61.308,0.105018,0,0,0.962315,0.202355,0.654942,0.66528,12.849,1,0.420533,0.36288,0,77.5336,4.30962,73.1664,0.84672,12.849,0.84672,3695.15,0,0.0036966,3.16606e-06,1.17317,1.34139,5.0771,1.08053,6.51112,0.42336,0.0018483,0.21168,0.0018483,0.21168,460.486,0,1.02816,0,0,2.20133,1.17317,1.028160,1,0,80.3324,0,0,0,80.3324,0
62.5615,2.06837,0,0,2.16549,0.236512,0.36288,3.6288,61.308,0.105461,0,0,0.909092,0.202355,0.601276,0.66528,12.849,1,0.421422,0.36288,0,67.9899,4.30962,63.6217,0.84672,12.849,0.84672,3695.15,0,0.0036966,3.17943e-06,0.941864,1.34191,4.3184,1.08053,5.52164,0.42336,0.0018483,0.21168,0.0018483,0.21168,460.486,0,1.02816,0,0,1.97002,0.941864,1.028160,1,0,69.7446,0,0,0,69.7446,0
61.8232,2.06637,0,0,1.92646,0.235543,0.36288,3.6288,61.308,0.105905,0,0,0.813456,0.202355,0.505197,0.66528,12.849,1,0.424395,0.36288,0,58.2976,4.30962,53.9265,0.84672,12.849,0.84672,3695.15,0,0.0036966,3.1928e-06,0.695434,1.34244,3.69243,1.08053,4.64977,0.42336,0.0018483,0.21168,0.0018483,0.21168,460.486,0,1.02816,0,0,1.72359,0.695434,1.028160,1,0,59.0815,0,0,0,59.0815,0
61.0538,2.16084,0,0,1.96935,0.215027,0.36288,3.6288,61.308,0.167684,0,0,0.805049,0.206199,0.431166,0.66528,12.849,1,0.449098,0.36288,0,64.2376,4.27884,59.8726,0.84672,12.849,0.84672,3695.15,0,0.0036966,5.05531e-06,0.747205,1.34296,4.04481,1.03926,5.09571,0.42336,0.0018483,0.21168,0.0018483,0.21168,460.486,0,1.02816,0,0,1.77536,0.747205,1.028160,1,0,65.3994,0,0,0,65.3994,0
60.3809,2.15701,0,0,2.00623,0.159184,0.36288,3.6288,61.308,0.168152,0,0,0.931375,0.24274,0.520482,0.66528,12.849,1,0.453951,0.36288,0,67.4468,4.73409,62.6216,0.84672,12.849,0.84672,3695.15,0,0.0036966,5.06941e-06,1.09803,1.41303,4.87758,1.09151,6.29712,0.42336,0.0018483,0.21168,0.0018483,0.21168,460.486,0,1.02816,0,0,2.12619,1.09803,1.028160,1,0,69.4392,0,0,0,69.4392,0
59.62,2.15368,0,0,1.86198,0.106367,0.36288,3.6288,61.308,0.16862,0,0,0.855395,0.260285,0.42649,0.66528,12.849,1,0.458301,0.36288,0,51.5798,5.03244,46.452,0.84672,12.849,0.84672,3695.15,0,0.0036966,5.08351e-06,0.81159,1.41358,4.65021,1.21828,5.65709,0.42336,0.0018483,0.21168,0.0018483,0.21168,460.486,0,1.02816,0,0,1.83975,0.81159,1.028160,1,0,52.5356,0,0,0,52.5356,0
58.7899,2.14971,0,0,1.78812,0.105605,0.36288,3.6288,61.308,0.169088,0,0,0.846409,0.260285,0.417036,0.66528,12.849,1,0.463294,0.36288,0,47.8748,5.03244,42.7419,0.84672,12.849,0.84672,3695.15,0,0.0036966,5.09762e-06,0.81807,1.41413,4.46271,1.21828,5.47662,0.42336,0.0018483,0.21168,0.0018483,0.21168,460.486,0,1.02816,0,0,1.84623,0.81807,1.028160,1,0,48.6356,0,0,0,48.6356,0
57.8697,2.14518,0,0,1.69698,0.109169,0.36288,3.6288,61.308,0.169556,0,0,0.833017,0.258968,0.404493,0.66528,12.849,1,0.468846,0.36288,0,45.8601,4.94782,40.8063,0.84672,12.849,0.84672,3695.15,0,0.0036966,5.11173e-06,0.968803,1.41469,4.17745,1.22155,5.33939,0.42336,0.0018483,0.21168,0.0018483,0.21168,460.486,0,1.02816,0,0,1.99696,0.968803,1.028160,1,0,46.5502,0,0,0,46.5502,0
57.4887,2.12075,0,0,2.20485,0.102184,0.36288,3.6288,61.308,0.203801,0,0,0.815314,0.257923,0.35359,0.66528,12.849,1,0.470876,0.36288,0,47.2308,4.91757,42.2053,0.84672,12.849,0.84672,3695.15,0,0.0036966,6.14415e-06,0.80447,1.41524,3.81728,1.16843,4.86856,0.42336,0.0018483,0.21168,0.0018483,0.21168,460.486,0,1.02816,0,0,1.83263,0.80447,1.028160,1,0,47.4274,0,0,0,47.4274,0
57.1006,2.11902,0,0,2.19565,0.101804,0.36288,3.6288,61.308,0.204283,0,0,0.814726,0.257923,0.352521,0.66528,12.849,1,0.473612,0.36288,0,44.617,4.91757,39.5887,0.84672,12.849,0.84672,3695.15,0,0.0036966,6.15866e-06,0.923841,1.4375,4.11239,1.16843,5.3053,0.42336,0.0018483,0.21168,0.0018483,0.21168,460.486,0,1.02816,0,0,1.952,0.923841,1.028160,1,0,45.2466,0,0,0,45.2466,0
56.6315,2.11722,0,0,2.10812,0.0972017,0.36288,3.6288,61.308,0.204764,0,0,0.783268,0.265695,0.312809,0.66528,12.849,1,0.476425,0.36288,0,41.88,5.02615,36.7403,0.84672,12.849,0.84672,3695.15,0,0.0036966,6.17318e-06,0.943393,1.43806,4.16838,1.20518,5.34465,0.42336,0.0018483,0.21168,0.0018483,0.21168,460.486,0,1.02816,0,0,1.97155,0.943393,1.028160,1,0,42.3977,0,0,0,42.3977,0
55.9365,2.11483,0,0,1.85454,0.0717563,0.36288,3.6288,61.308,0.205246,0,0,0.741182,0.30965,0.226287,0.66528,12.849,1,0.47983,0.36288,0,39.6232,5.81327,33.693,0.84672,12.849,0.84672,3695.15,0,0.0036966,6.18771e-06,0.695701,1.43862,4.00066,1.47597,4.65901,0.42336,0.0018483,0.21168,0.0018483,0.21168,460.486,0,1.02816,0,0,1.72386,0.695701,1.028160,1,0,38.5783,0,0,0,38.5783,0
55.1103,2.16007,0,0,1.76237,0.0656903,0.36288,3.6288,61.308,0.235878,0,0,0.61206,0.30673,0.0694521,0.66528,12.849,1,0.496182,0.36288,0,34.6914,5.88719,28.6709,0.84672,12.849,0.84672,3695.15,0,0.0036966,7.11119e-06,0.545573,1.43919,3.59659,1.50754,4.0738,0.42336,0.0018483,0.21168,0.0018483,0.21168,460.486,0,1.02816,0,0,1.57373,0.545573,1.028160,1,0,32.8142,0,0,0,32.8142,0
54.1721,2.15488,0,0,1.64026,0.0606712,0.36288,3.6288,61.2753,0.236371,0,0,0.513255,0.309565,0,0.66528,12.849,1,0.502411,0.36288,0,31.306,5.68838,25.4781,0.84672,12.849,0.84672,3695.15,0,0.0036966,7.12607e-06,0.343976,1.4744,3.44593,1.43692,3.82738,0.42336,0.0018483,0.21168,0.0018483,0.21168,460.486,0,1.02816,0,0,1.37214,0.343976,1.028160,1,0,29.3055,0,0,0,29.3055,0
53.0507,2.14868,0,0,1.4503,0.0601002,0.36288,3.6288,61.1865,0.262448,0,0,0.48317,0.309501,0,0.66528,12.849,1,0.509643,0.36288,0,29.5728,5.68838,23.7377,0.84672,12.849,0.84672,3695.15,0,0.0036966,7.91643e-06,0.227405,1.47497,3.23273,1.43692,3.49817,0.42336,0.0018483,0.21168,0.0018483,0.21168,460.486,0,1.00258,0,0,1.22998,0.227405,1.028160,1,0,27.2359,0,0,0,27.2359,0
51.8065,2.14084,0,0,1.31057,0.0511228,0.36288,3.6288,61.0508,0.299643,0,0,0.478396,0.314504,0,0.66528,12.849,1,0.518517,0.36288,0,28.0331,5.83792,22.0395,0.84672,12.849,0.84672,3695.15,0,0.0036966,9.05151e-06,0.227405,1.47555,3.22556,1.4668,3.46171,0.42336,0.0018483,0.21168,0.0018483,0.21168,460.486,0,0.965874,0,0,1.19328,0.227405,1.028160,1,0,25.5012,0,0,0,25.5012,0
50.2649,2.27406,0,0,1.14553,0.0501619,0.36288,3.6288,60.7685,0.437601,0,0,0.461999,0.306715,0,0.66528,12.849,1,0.564012,0.36288,0,26.2023,5.84061,20.1605,0.84672,12.849,0.84672,3695.15,0,0.0036966,1.32483e-05,0.227405,1.47612,3.21331,1.38686,3.52997,0.42336,0.0018483,0.21168,0.0018483,0.21168,460.486,0,0.937405,0,0,1.16481,0.227405,1.028160,1,0,23.6905,0,0,0,23.6905,0
49.1355,2.26117,0,0,1.51828,0.0236055,0.36288,3.6288,60.4552,0.402369,0,0,0.405748,0.316666,0,0.66528,12.849,1,0.578013,0.36288,0,26.1618,6.14187,19.8048,0.84672,12.849,0.84672,3695.15,0,0.0036966,1.22382e-05,0.227405,1.59421,3.20568,1.60353,3.42376,0.42336,0.0018483,0.21168,0.0018483,0.21168,460.486,0,0.973175,0,0,1.20058,0.227405,1.028160,1,0,23.2286,0,0,0,23.2286,0
48.164,2.25151,0,0,1.66624,0.0233235,0.36288,3.6288,60.2923,0.347923,0,0,0.501039,0.316036,0,0.66528,12.849,1,0.588774,0.36288,0,33.6461,6.14187,27.2783,0.84672,12.849,0.84672,3695.15,0,0.0036966,1.06371e-05,0.463432,1.59483,3.49702,1.60353,3.95175,0.42336,0.0018483,0.21168,0.0018483,0.21168,460.486,0,1.02816,0,0,1.49159,0.463432,1.028160,1,0,31.23,0,0,0,31.23,0
46.8737,2.24301,0,0,1.33859,0.0230793,0.36288,3.6288,59.7935,0.54548,0,0,0.362394,0.315709,0,0.66528,12.849,1,0.598382,0.36288,0,32.8776,6.14187,26.5002,0.84672,12.849,0.84672,3695.15,0,0.0036966,1.67221e-05,0.204422,1.59546,2.80732,1.60353,3.00365,0.42336,0.0018483,0.21168,0.0018483,0.21168,460.486,0,0.831133,0,0,1.03556,0.204422,1.028160,1,0,29.5039,0,0,0,29.5039,0
45.9241,2.23095,0,0,1.66707,0.0227549,0.36288,3.6288,59.7492,0.348997,0,0,0.619389,0.314707,0,0.66528,12.849,1,0.611549,0.36288,0,30.0275,6.14187,23.6369,0.84672,12.849,0.84672,3695.15,0,0.0036966,1.0788e-05,0.930727,1.59608,4.34066,1.60353,5.26392,0.42336,0.0018483,0.21168,0.0018483,0.21168,460.486,0,1.02816,0,0,1.95889,0.930727,1.028160,1,0,28.9008,0,0,0,28.9008,0
45.6745,2.15415,0,0,2.31625,0.0488981,0.36288,3.6288,59.9457,0.283248,0,0,0.765838,0.28604,0,0.66528,12.849,1,0.602703,0.36288,0,53.6365,5.72382,47.6729,0.84672,12.849,0.84672,3695.15,0,0.0036966,8.7621e-06,1.32468,1.5967,5.1052,1.48627,6.5403,0.42336,0.0018483,0.21168,0.0018483,0.21168,460.486,0,1.02816,0,0,2.35284,1.32468,1.028160,1,0,54.2132,0,0,0,54.2132,0
46.2813,2.15241,0,0,3.17532,0.0531465,0.36288,3.6288,60.4598,0.28376,0,0,1.07947,0.28163,0,0.66528,12.849,1,0.60551,0.36288,0,44.0027,5.65415,38.1059,0.84672,12.849,0.84672,3695.15,0,0.0036966,8.74915e-06,2.93559,1.52985,6.70234,1.46673,9.70104,0.42336,0.0018483,0.21168,0.0018483,0.21168,460.486,0,1.02816,0,0,3.96375,2.93559,1.028160,1,0,47.8069,0,0,0,47.8069,0
45.7258,2.15947,0,0,2.02027,0.0535076,0.36288,3.6288,60.6521,0.284272,0,0,0.759162,0.282553,0,0.66528,12.849,1,0.599529,0.36288,0,67.1611,5.65415,61.2703,0.84672,12.849,0.84672,3695.15,0,0.0036966,8.6904e-06,2.16102,1.53045,4.59511,1.46673,6.81984,0.42336,0.0018483,0.21168,0.0018483,0.21168,460.486,0,1.02816,0,0,3.18918,2.16102,1.028160,1,0,68.0902,0,0,0,68.0902,0
44.8116,2.15462,0,0,1.65656,0.053177,0.36288,3.6288,60.7777,0.284784,0,0,0.693247,0.282898,0,0.66528,12.849,1,0.605452,0.36288,0,38.9623,5.65415,33.0655,0.84672,12.849,0.84672,3695.15,0,0.0036966,8.67844e-06,1.17071,1.53104,3.28369,1.46673,4.51871,0.42336,0.0018483,0.21168,0.0018483,0.21168,460.486,0,1.02816,0,0,2.19887,1.17071,1.028160,1,0,37.5842,0,0,0,37.5842,0
44.1865,2.09043,0,0,1.97281,0.144605,0.36288,3.6288,61.2032,0.224865,0,0,0.917266,0.266873,0,0.66528,12.849,1,0.599396,0.36288,0,50.6891,5.14216,45.3104,0.84672,12.849,0.84672,3695.15,0,0.0036966,6.83833e-06,1.79215,1.53164,6.91169,1.29816,8.93732,0.42336,0.0018483,0.21168,0.0018483,0.21168,460.486,0,1.02816,0,0,2.82031,1.79215,1.028160,1,0,54.2477,0,0,0,54.2477,0
43.4323,2.08467,0,0,1.91121,0.217943,0.36288,3.6288,61.308,0.225354,0,0,1.07968,0.251929,0.497618,0.66528,12.849,1,0.606201,0.36288,0,57.9946,4.88061,52.8707,0.84672,12.849,0.84672,3695.15,0,0.0036966,6.80554e-06,1.9191,1.47218,5.47042,1.13677,7.72492,0.42336,0.0018483,0.21168,0.0018483,0.21168,460.486,0,1.02816,0,0,2.94726,1.9191,1.028160,1,0,61.0932,0,0,0,61.0932,0
42.2731,2.07735,0,0,1.49713,0.216071,0.36288,3.6288,61.308,0.225842,0,0,0.909645,0.252096,0.431707,0.66528,12.849,1,0.614564,0.36288,0,47.4718,4.88061,42.3395,0.84672,12.849,0.84672,3695.15,0,0.0036966,6.80864e-06,1.54001,1.47276,3.9995,1.13677,5.87549,0.42336,0.0018483,0.21168,0.0018483,0.21168,460.486,0,1.02816,0,0,2.56817,1.54001,1.028160,1,0,48.6467,0,0,0,48.6467,0
44.0826,2.06523,0,0,4.43491,0.197287,0.36288,3.6288,61.308,0.226331,0,0,1.49132,0.244153,1.02084,0.66528,12.849,1,0.627732,0.36288,0,62.0769,4.68861,57.1235,0.84672,12.849,0.84672,3695.15,0,0.0036966,6.82338e-06,2.96914,1.47333,9.30796,1.1797,12.5707,0.42336,0.0018483,0.21168,0.0018483,0.21168,460.486,0,1.02816,0,0,3.9973,2.96914,1.028160,1,0,70.715,0,0,0,70.715,0
48.6505,1.9289,0,0,7.07797,0.218289,0.36288,3.6288,61.308,0.100765,0,0,2.14343,0.206753,1.83591,0.66528,12.849,1,0.562227,0.36288,0,131.225,3.85475,127.171,0.84672,12.849,0.84672,3695.15,0,0.0036966,3.03783e-06,4.33677,1.4739,17.6243,1.02377,22.4112,0.42336,0.0018483,0.21168,0.0018483,0.21168,460.486,0,1.02816,0,0,5.36493,4.33677,1.028160,1,0,151.418,0,0,0,151.418,0
50.4508,1.97143,0,0,4.36936,0.234693,0.36288,3.6288,61.308,0.101204,0,0,1.21559,0.251051,0.863332,0.66528,12.849,1,0.520672,0.36288,0,73.3801,4.62378,68.5986,0.84672,12.849,0.84672,3695.15,0,0.0036966,3.05109e-06,1.69978,1.33906,6.77246,1.15123,8.66007,0.42336,0.0018483,0.21168,0.0018483,0.21168,460.486,0,1.02816,0,0,2.72794,1.69978,1.028160,1,0,78.122,0,0,0,78.122,0
55.4516,1.98702,0,0,7.58989,0.239247,0.36288,3.6288,61.308,0.101644,0,0,2.38334,0.251051,2.03065,0.66528,12.849,1,0.50606,0.36288,0,115.122,4.62378,110.355,0.84672,12.849,0.84672,3695.15,0,0.0036966,3.06435e-06,2.5617,1.33958,9.22993,1.15123,11.98,0.42336,0.0018483,0.21168,0.0018483,0.21168,460.486,0,1.02816,0,0,3.58986,2.5617,1.028160,1,0,124.366,0,0,0,124.366,0
61.3284,2.02486,0,0,8.51636,0.251838,0.36288,3.6288,61.308,0.102085,0,0,2.02744,0.251051,1.6743,0.66528,12.849,1,0.469192,0.36288,0,110.977,4.62378,106.247,0.84672,12.849,0.84672,3695.15,0,0.0036966,3.07762e-06,3.53835,1.34011,14.6887,1.15123,18.416,0.42336,0.0018483,0.21168,0.0018483,0.21168,460.486,0,1.02816,0,0,4.56651,3.53835,1.028160,1,0,126.338,0,0,0,126.338,0
65.0414,2.06284,0,0,6.40502,0.266316,0.36288,3.6288,61.308,0.102525,0,0,0.769555,0.251051,0.415979,0.66528,12.849,1,0.432189,0.36288,0,92.8022,4.62378,88.1091,0.84672,12.849,0.84672,3695.15,0,0.0036966,3.09089e-06,1.19409,1.34063,8.36994,1.15123,9.75343,0.42336,0.0018483,0.21168,0.0018483,0.21168,460.486,0,1.02816,0,0,2.22225,1.19409,1.028160,1,0,98.2786,0,0,0,98.2786,0
67.7268,2.14953,0,0,5.4988,0.300924,0.36288,3.6288,61.308,0.139528,0,0,1.4605,0.227788,1.09318,0.66528,12.849,1,0.424643,0.36288,0,134.397,5.02317,129.312,0.84672,12.849,0.84672,3695.15,0,0.0036966,4.20645e-06,2.03526,1.34115,9.88718,1.08814,12.1755,0.42336,0.0018483,0.21168,0.0018483,0.21168,460.486,0,1.02816,0,0,3.06342,2.03526,1.028160,1,0,142.581,0,0,0,142.581,0
70.395,2.1645,0,0,5.49635,0.30084,0.36288,3.6288,61.308,0.139967,0,0,1.90371,0.193157,1.57059,0.66528,12.849,1,0.410645,0.36288,0,162.864,4.61073,158.206,0.84672,12.849,0.84672,3695.15,0,0.0036966,4.2197e-06,2.98246,1.38457,12.5304,0.967984,15.9295,0.42336,0.0018483,0.21168,0.0018483,0.21168,460.486,0,1.02816,0,0,4.01062,2.98246,1.028160,1,0,175.706,0,0,0,175.706,0
72.29,2.17849,0,0,6.24415,0.299074,1.87155,3.6288,61.308,0.140407,0,0,2.77767,0.186956,2.45031,0.66528,12.849,1,0.397633,1.87155,0,114.559,4.39635,111.636,0.84672,12.849,0.84672,3695.15,0,0.0036966,4.23296e-06,4.12645,1.38509,14.6815,0.941202,19.2519,0.42336,0.0018483,0.21168,0.0018483,0.21168,460.486,0,1.02816,0,0,5.15461,4.12645,1.028160,1,0,133.338,0,0,0,133.338,0
72.29,2.18816,0,0,5.34222,0.303437,2.85062,3.6288,61.308,0.140847,0,0,1.93769,0.186956,1.60989,0.66528,12.849,1,0.388929,2.85062,0,128.022,4.39635,126.088,0.84672,12.849,0.84672,3695.15,0,0.0036966,4.24622e-06,2.87862,1.38561,13.9232,0.941202,17.2462,0.42336,0.0018483,0.21168,0.0018483,0.21168,460.486,0,1.02816,0,0,3.90678,2.87862,1.028160,1,0,144.944,0,0,0,144.944,0
72.29,2.40249,0,0,6.05004,0.305177,3.34237,3.6288,61.308,0.278785,0,0,2.04225,0.189639,1.57382,0.66528,12.849,1,0.427025,3.34237,0,175.763,4.23222,174.446,0.84672,12.849,0.84672,3695.15,0,0.0036966,8.40476e-06,4.3348,1.38613,18.0167,1.00607,22.7316,0.42336,0.0018483,0.21168,0.0018483,0.21168,460.486,0,1.02816,0,0,5.36296,4.3348,1.028160,1,0,198.751,0,0,0,198.751,0
72.29,2.4034,0,0,6.80313,0.309527,4.0902,3.6288,61.308,0.279277,0,0,3.25909,0.196345,2.78346,0.66528,12.849,1,0.427186,4.0902,0,224.737,3.8219,224.578,0.84672,12.849,0.84672,3695.15,0,0.0036966,8.41958e-06,5.06593,1.54002,19.5085,1.16824,24.9462,0.42336,0.0018483,0.21168,0.0018483,0.21168,460.486,0,1.02816,0,0,6.09409,5.06593,1.028160,1,0,252.308,0,0,0,252.308,0
72.29,2.4043,0,0,5.02895,0.314061,2.31059,3.6288,61.308,0.279769,0,0,2.37904,0.170081,1.92919,0.66528,12.849,1,0.427346,2.31059,0,144.766,3.3682,143.281,0.84672,12.849,0.84672,3695.15,0,0.0036966,8.43442e-06,2.56376,1.54059,11.6656,1.03814,14.7318,0.42336,0.0018483,0.21168,0.0018483,0.21168,460.486,0,1.02816,0,0,3.59192,2.56376,1.028160,1,0,159.942,0,0,0,159.942,0
72.29,2.40521,0,0,4.72248,0.26984,2.04743,3.6288,61.308,0.280261,0,0,1.9964,0.236238,1.4799,0.66528,12.849,1,0.427507,2.04743,0,111.193,4.56378,108.249,0.84672,12.849,0.84672,3695.15,0,0.0036966,8.44925e-06,2.47562,1.54117,12.4483,1.19206,15.2731,0.42336,0.0018483,0.21168,0.0018483,0.21168,460.486,0,1.02816,0,0,3.50378,2.47562,1.028160,1,0,125.002,0,0,0,125.002,0
72.29,2.10112,0,0,4.13486,0.292263,1.74148,3.6288,61.308,0.095951,0,0,1.85666,0.213942,1.54677,0.66528,12.849,1,0.373458,1.74148,0,147.548,4.09071,144.825,0.84672,12.849,0.84672,3695.15,0,0.0036966,2.89271e-06,2.35462,1.54175,9.90524,1.10487,12.6967,0.42336,0.0018483,0.21168,0.0018483,0.21168,460.486,0,1.02816,0,0,3.38278,2.35462,1.028160,1,0,159.069,0,0,0,159.069,0
72.29,2.10191,0,0,3.57741,0.314834,1.16066,3.6288,61.308,0.0963737,0,0,1.85694,0.174889,1.58568,0.66528,12.849,1,0.373599,1.16066,0,129.292,2.91343,127.165,0.84672,12.849,0.84672,3695.15,0,0.0036966,2.90545e-06,2.23003,1.33224,8.90862,0.868684,11.6022,0.42336,0.0018483,0.21168,0.0018483,0.21168,460.486,0,1.02816,0,0,3.25819,2.23003,1.028160,1,0,140.353,0,0,0,140.353,0
72.29,2.1027,0,0,4.16493,0.314834,1.74739,3.6288,61.308,0.0967967,0,0,1.89524,0.174889,1.62356,0.66528,12.849,1,0.373739,1.74739,0,145.228,2.91343,143.688,0.84672,12.849,0.84672,3695.15,0,0.0036966,2.9182e-06,2.66159,1.33274,10.8168,0.868684,13.9424,0.42336,0.0018483,0.21168,0.0018483,0.21168,460.486,0,1.02816,0,0,3.68975,2.66159,1.028160,1,0,159.254,0,0,0,159.254,0
72.29,2.10349,0,0,4.73105,0.314151,2.3134,3.6288,61.308,0.0972196,0,0,2.01521,0.169162,1.74883,0.66528,12.849,1,0.37388,2.3134,0,172.543,2.82378,171.658,0.84672,12.849,0.84672,3695.15,0,0.0036966,2.93096e-06,2.75054,1.33324,10.8351,0.853329,14.0655,0.42336,0.0018483,0.21168,0.0018483,0.21168,460.486,0,1.02816,0,0,3.7787,2.75054,1.028160,1,0,187.473,0,0,0,187.473,0
72.29,2.10428,0,0,6.76159,0.315394,4.34192,3.6288,61.308,0.0976428,0,0,2.5755,0.184137,2.29372,0.66528,12.849,1,0.37402,4.34192,0,273.577,3.33471,274.21,0.84672,12.849,0.84672,3695.15,0,0.0036966,2.94371e-06,3.2669,1.33374,17.4074,0.989941,21.018,0.42336,0.0018483,0.21168,0.0018483,0.21168,460.486,0,1.02816,0,0,4.29506,3.2669,1.028160,1,0,297.522,0,0,0,297.522,0
72.29,2.18199,0,0,3.88174,0.339362,1.36039,3.6288,61.308,0.143361,0,0,1.72641,0.128355,1.4547,0.66528,12.849,1,0.387832,1.36039,0,109.509,2.00922,108.473,0.84672,12.849,0.84672,3695.15,0,0.0036966,4.322e-06,2.09693,1.33424,7.84617,0.714831,10.5625,0.42336,0.0018483,0.21168,0.0018483,0.21168,460.486,0,1.02816,0,0,3.12509,2.09693,1.028160,1,0,120.49,0,0,0,120.49,0
72.29,2.18281,0,0,3.84715,0.335501,1.32884,3.6288,61.308,0.143801,0,0,1.6321,0.159334,1.32897,0.66528,12.849,1,0.387978,1.32884,0,112.777,2.68474,111.033,0.84672,12.849,0.84672,3695.15,0,0.0036966,4.33528e-06,2.09862,1.38671,7.93748,0.91492,10.5079,0.42336,0.0018483,0.21168,0.0018483,0.21168,460.486,0,1.02816,0,0,3.12678,2.09862,1.028160,1,0,122.87,0,0,0,122.87,0
71.8428,2.18363,0,0,2.43177,0.332418,0.36288,3.6288,61.308,0.144241,0,0,1.40605,0.175992,1.08581,0.66528,12.849,1,0.388124,0.36288,0,102.586,3.05497,99.506,0.84672,12.849,0.84672,3695.15,0,0.0036966,4.34856e-06,2.10438,1.38724,6.70451,1.01584,9.18029,0.42336,0.0018483,0.21168,0.0018483,0.21168,460.486,0,1.02816,0,0,3.13254,2.10438,1.028160,1,0,109.772,0,0,0,109.772,0
71.2733,2.1824,0,0,2.30701,0.33129,0.36288,3.6288,61.308,0.144682,0,0,1.67867,0.175992,1.35799,0.66528,12.849,1,0.390319,0.36288,0,74.0932,3.05497,71.0108,0.84672,12.849,0.84672,3695.15,0,0.0036966,4.36184e-06,2.3393,1.38776,5.76778,1.01584,8.47899,0.42336,0.0018483,0.21168,0.0018483,0.21168,460.486,0,1.02816,0,0,3.36746,2.3393,1.028160,1,0,80.8478,0,0,0,80.8478,0
70.5341,2.15052,0,0,2.06249,0.288308,0.36288,3.6288,61.308,0.127504,0,0,1.38958,0.184066,1.07801,0.66528,12.849,1,0.387692,0.36288,0,61.7141,3.42122,58.2681,0.84672,12.849,0.84672,3695.15,0,0.0036966,3.84396e-06,1.71155,1.38828,8.01776,1.06583,10.0518,0.42336,0.0018483,0.21168,0.0018483,0.21168,460.486,0,1.02816,0,0,2.73971,1.71155,1.028160,1,0,69.3979,0,0,0,69.3979,0
69.6214,2.14789,0,0,1.85378,0.255696,0.36288,3.6288,61.308,0.127938,0,0,1.12708,0.190121,0.80902,0.66528,12.849,1,0.391275,0.36288,0,55.6657,3.69589,51.9414,0.84672,12.849,0.84672,3695.15,0,0.0036966,3.85705e-06,1.22475,1.36854,5.59177,1.10333,7.08174,0.42336,0.0018483,0.21168,0.0018483,0.21168,460.486,0,1.02816,0,0,2.25291,1.22475,1.028160,1,0,59.8322,0,0,0,59.8322,0
69.7914,2.14436,0,0,2.92371,0.246444,0.36288,3.6288,61.308,0.128372,0,0,1.44037,0.191907,1.12009,0.66528,12.849,1,0.395754,0.36288,0,73.0414,3.75007,69.2584,0.84672,12.849,0.84672,3695.15,0,0.0036966,3.87014e-06,1.75666,1.36905,5.53861,1.0933,7.57102,0.42336,0.0018483,0.21168,0.0018483,0.21168,460.486,0,1.02816,0,0,2.78482,1.75666,1.028160,1,0,77.9495,0,0,0,77.9495,0
68.8765,2.14598,0,0,1.79596,0.201968,0.36288,3.6288,61.308,0.128807,0,0,1.14657,0.202617,0.815147,0.66528,12.849,1,0.395088,0.36288,0,55.0908,4.07516,50.9834,0.84672,12.849,0.84672,3695.15,0,0.0036966,3.88324e-06,1.1886,1.36957,4.86645,1.03312,6.3915,0.42336,0.0018483,0.21168,0.0018483,0.21168,460.486,0,1.02816,0,0,2.21676,1.1886,1.028160,1,0,58.1901,0,0,0,58.1901,0
67.691,2.24399,0,0,1.61971,0.198395,0.36288,3.6288,61.308,0.191815,0,0,1.04264,0.208016,0.64281,0.66528,12.849,1,0.41862,0.36288,0,48.6215,4.16297,44.4028,0.84672,12.849,0.84672,3695.15,0,0.0036966,5.78279e-06,0.948758,1.37008,4.35608,1.04407,5.63085,0.42336,0.0018483,0.21168,0.0018483,0.21168,460.486,0,1.02816,0,0,1.97692,0.948758,1.028160,1,0,50.6765,0,0,0,50.6765,0
66.5977,2.23867,0,0,1.69138,0.183144,0.36288,3.6288,61.308,0.192273,0,0,1.00431,0.229935,0.582106,0.66528,12.849,1,0.424941,0.36288,0,48.7098,4.38077,44.267,0.84672,12.849,0.84672,3695.15,0,0.0036966,5.7966e-06,0.92461,1.44154,4.43254,1.12354,5.67514,0.42336,0.0018483,0.21168,0.0018483,0.21168,460.486,0,1.02816,0,0,1.95277,0.92461,1.028160,1,0,50.5242,0,0,0,50.5242,0
65.3595,2.23366,0,0,1.48807,0.129699,0.36288,3.6288,61.308,0.192731,0,0,0.855783,0.228465,0.434587,0.66528,12.849,1,0.430951,0.36288,0,42.0668,4.34795,37.6508,0.84672,12.849,0.84672,3695.15,0,0.0036966,5.81041e-06,0.925042,1.44208,4.07852,1.0717,5.37394,0.42336,0.0018483,0.21168,0.0018483,0.21168,460.486,0,1.02816,0,0,1.9532,0.925042,1.028160,1,0,43.4593,0,0,0,43.4593,0
64.0849,2.22767,0,0,1.44438,0.128426,0.36288,3.6288,61.308,0.193189,0,0,0.908816,0.228465,0.487162,0.66528,12.849,1,0.437937,0.36288,0,40.096,4.34795,35.673,0.84672,12.849,0.84672,3695.15,0,0.0036966,5.82422e-06,0.902629,1.44262,4.33871,1.0717,5.61226,0.42336,0.0018483,0.21168,0.0018483,0.21168,460.486,0,1.02816,0,0,1.93079,0.902629,1.028160,1,0,41.7724,0,0,0,41.7724,0
62.7439,2.22125,0,0,1.3703,0.127115,0.36288,3.6288,61.308,0.193647,0,0,0.883146,0.228465,0.461034,0.66528,12.849,1,0.44536,0.36288,0,37.6593,4.34795,33.2289,0.84672,12.849,0.84672,3695.15,0,0.0036966,5.83804e-06,0.820446,1.44317,4.01139,1.0717,5.20329,0.42336,0.0018483,0.21168,0.0018483,0.21168,460.486,0,1.02816,0,0,1.84861,0.820446,1.028160,1,0,38.8932,0,0,0,38.8932,0
61.8093,2.19435,0,0,1.74825,0.125652,0.36288,3.6288,61.308,0.228562,0,0,0.733933,0.254559,0.250812,0.66528,12.849,1,0.449369,0.36288,0,37.5614,4.90802,32.5669,0.84672,12.849,0.84672,3695.15,0,0.0036966,6.89064e-06,0.677756,1.44371,3.32476,1.15656,4.28965,0.42336,0.0018483,0.21168,0.0018483,0.21168,460.486,0,1.02816,0,0,1.70592,0.677756,1.028160,1,0,37.1073,0,0,0,37.1073,0
60.822,2.18954,0,0,1.68975,0.124677,0.36288,3.6288,61.308,0.229033,0,0,0.693766,0.258908,0.205824,0.66528,12.849,1,0.455165,0.36288,0,37.6351,5.00136,32.5414,0.84672,12.849,0.84672,3695.15,0,0.0036966,6.90485e-06,0.627264,1.46639,3.27559,1.17071,4.19853,0.42336,0.0018483,0.21168,0.0018483,0.21168,460.486,0,1.02816,0,0,1.65542,0.627264,1.028160,1,0,36.9458,0,0,0,36.9458,0
59.6852,2.18426,0,0,1.53401,0.123663,0.36288,3.6288,61.308,0.229505,0,0,0.655405,0.258908,0.166991,0.66528,12.849,1,0.461438,0.36288,0,36.5165,5.00136,31.4166,0.84672,12.849,0.84672,3695.15,0,0.0036966,6.91907e-06,0.464858,1.46694,3.07901,1.17071,3.8401,0.42336,0.0018483,0.21168,0.0018483,0.21168,460.486,0,1.02816,0,0,1.49302,0.464858,1.028160,1,0,35.4237,0,0,0,35.4237,0
58.4353,2.17784,0,0,1.40463,0.113799,0.36288,3.6288,61.308,0.229977,0,0,0.623754,0.280847,0.11293,0.66528,12.849,1,0.468846,0.36288,0,32.203,5.28366,26.8134,0.84672,12.849,0.84672,3695.15,0,0.0036966,6.93329e-06,0.4036,1.46749,2.99018,1.27375,3.58752,0.42336,0.0018483,0.21168,0.0018483,0.21168,460.486,0,1.02816,0,0,1.43176,0.4036,1.028160,1,0,30.5138,0,0,0,30.5138,0
57.056,2.22109,0,0,1.29377,0.0891329,0.36288,3.6288,61.2329,0.291848,0,0,0.544749,0.328004,0,0.66528,12.849,1,0.488383,0.36288,0,27.4809,5.90823,21.4472,0.84672,12.849,0.84672,3695.15,0,0.0036966,8.79856e-06,0.261274,1.46804,2.51117,1.49269,2.74779,0.42336,0.0018483,0.21168,0.0018483,0.21168,460.486,0,0.997514,0,0,1.25879,0.261274,1.028160,1,0,24.195,0,0,0,24.195,0
55.7482,2.21228,0,0,1.35264,0.0852411,0.36288,3.6288,61.272,0.2837,0,0,0.640357,0.317604,0,0.66528,12.849,1,0.498206,0.36288,0,33.546,5.79999,27.6107,0.84672,12.849,0.84672,3695.15,0,0.0036966,8.56342e-06,0.261274,1.50394,2.39528,1.44113,2.71935,0.42336,0.0018483,0.21168,0.0018483,0.21168,460.486,0,1.00615,0,0,1.26742,0.261274,1.028160,1,0,30.33,0,0,0,30.33,0
54.3427,2.20361,0,0,1.24516,0.0841441,0.36288,3.6288,61.235,0.26217,0,0,0.542873,0.317682,0,0.66528,12.849,1,0.507894,0.36288,0,27.5543,5.79999,21.6093,0.84672,12.849,0.84672,3695.15,0,0.0036966,7.90849e-06,0.316112,1.5045,2.31601,1.44113,2.69548,0.42336,0.0018483,0.21168,0.0018483,0.21168,460.486,0,1.02816,0,0,1.34427,0.316112,1.028160,1,0,24.3047,0,0,0,24.3047,0
52.8432,2.19381,0,0,1.14015,0.0829652,0.36288,3.6288,61.0511,0.369104,0,0,0.502815,0.317608,0,0.66528,12.849,1,0.518712,0.36288,0,26.1903,5.79999,20.2344,0.84672,12.849,0.84672,3695.15,0,0.0036966,1.11409e-05,0.227405,1.50506,2.03576,1.44113,2.32708,0.42336,0.0018483,0.21168,0.0018483,0.21168,460.486,0,0.921707,0,0,1.14911,0.227405,1.028160,1,0,22.5615,0,0,0,22.5615,0
51.283,2.32856,0,0,1.20465,0.0734309,0.36288,3.6288,60.9316,0.37431,0,0,0.577223,0.32241,0,0.66528,12.849,1,0.566197,0.36288,0,25.6865,5.94954,19.5336,0.84672,12.849,0.84672,3695.15,0,0.0036966,1.13321e-05,0.350784,1.50563,2.69304,1.47101,3.07843,0.42336,0.0018483,0.21168,0.0018483,0.21168,460.486,0,1.02816,0,0,1.37894,0.350784,1.028160,1,0,22.612,0,0,0,22.612,0
49.5434,2.31565,0,0,1.01149,0.0725845,0.36288,3.6288,60.4457,0.589343,0,0,0.424399,0.320885,0,0.66528,12.849,1,0.580189,0.36288,0,19.6852,5.67009,13.7978,0.84672,12.849,0.84672,3695.15,0,0.0036966,1.78771e-05,0.227405,1.62605,2.12909,1.44771,2.53482,0.42336,0.0018483,0.21168,0.0018483,0.21168,460.486,0,0.813646,0,0,1.04105,0.227405,1.028160,1,0,16.3326,0,0,0,16.3326,0
47.9431,2.30034,0,0,1.13022,0.0672692,0.36288,3.6288,60.2694,0.375361,0,0,0.521522,0.322473,0,0.66528,12.849,1,0.596589,0.36288,0,25.0491,5.74487,19.0705,0.84672,12.849,0.84672,3695.15,0,0.0036966,1.14777e-05,0.279193,1.62666,2.25992,1.46265,2.70311,0.42336,0.0018483,0.21168,0.0018483,0.21168,460.486,0,1.02816,0,0,1.30735,0.279193,1.028160,1,0,21.7736,0,0,0,21.7736,0
46.1216,2.28549,0,0,0.892927,0.0661143,0.36288,3.6288,59.6561,0.671867,0,0,0.380687,0.322112,0,0.66528,12.849,1,0.612522,0.36288,0,25.8499,5.74487,19.8554,0.84672,12.849,0.84672,3695.15,0,0.0036966,2.06043e-05,0.204422,1.62727,1.79069,1.46265,2.15971,0.42336,0.0018483,0.21168,0.0018483,0.21168,460.486,0,0.732171,0,0,0.936593,0.204422,1.028160,1,0,22.0151,0,0,0,22.0151,0
44.5324,2.26741,0,0,1.10589,0.0647994,0.36288,3.6288,59.5922,0.376413,0,0,0.633329,0.320855,0,0.66528,12.849,1,0.631678,0.36288,0,22.9089,5.74487,16.8952,0.84672,12.849,0.84672,3695.15,0,0.0036966,1.16622e-05,0.642367,1.62788,2.69088,1.46265,3.49846,0.42336,0.0018483,0.21168,0.0018483,0.21168,460.486,0,1.02816,0,0,1.67053,0.642367,1.028160,1,0,20.3937,0,0,0,20.3937,0
42.8026,2.18209,0,0,0.890706,0.0754934,0.36288,3.6288,59.3906,0.3805,0,0,0.520082,0.34123,0,0.66528,12.849,1,0.629601,0.36288,0,24.4605,5.64302,18.5508,0.84672,12.849,0.84672,3695.15,0,0.0036966,1.18015e-05,0.204422,1.62849,1.89221,1.47298,2.25213,0.42336,0.0018483,0.21168,0.0018483,0.21168,460.486,0,0.956992,0,0,1.16141,0.204422,1.028160,1,0,20.8029,0,0,0,20.8029,0
41.1368,2.16332,0,0,0.969235,0.108824,0.36288,3.6288,59.279,0.366849,0,0,0.577002,0.321714,0,0.66528,12.849,1,0.649412,0.36288,0,20.2816,5.38141,14.6137,0.84672,12.849,0.84672,3695.15,0,0.0036966,1.14168e-05,0.216518,1.56028,1.63103,1.40125,2.00658,0.42336,0.0018483,0.21168,0.0018483,0.21168,460.486,0,0.971145,0,0,1.18766,0.216518,1.028160,1,0,16.6203,0,0,0,16.6203,0
39.8655,2.14409,0,0,1.36458,0.128917,0.36288,3.6288,59.2938,0.310337,0,0,0.626231,0.301048,0,0.66528,12.849,1,0.669701,0.36288,0,22.6374,5.21577,17.1148,0.84672,12.849,0.84672,3695.15,0,0.0036966,9.6762e-06,0.315334,1.56087,1.45339,1.34435,1.98523,0.42336,0.0018483,0.21168,0.0018483,0.21168,460.486,0,1.02816,0,0,1.34349,0.315334,1.028160,1,0,19.1,0,0,0,19.1,0
39.1204,2.12873,0,0,1.87351,0.126984,0.36288,3.6288,59.6948,0.310838,0,0,1.01289,0.301076,0,0.66528,12.849,1,0.686108,0.36288,0,43.4905,5.21577,37.9515,0.84672,12.849,0.84672,3695.15,0,0.0036966,9.6894e-06,1.18932,1.56145,2.57902,1.34435,3.98543,0.42336,0.0018483,0.21168,0.0018483,0.21168,460.486,0,1.02816,0,0,2.21748,1.18932,1.028160,1,0,41.9369,0,0,0,41.9369,0
37.9868,2.06493,0,0,1.42824,0.134042,0.36288,3.6288,59.8644,0.24971,0,0,0.70415,0.284868,0,0.66528,12.849,1,0.67822,0.36288,0,43.2626,4.94862,37.9987,0.84672,12.849,0.84672,3695.15,0,0.0036966,7.73166e-06,0.48092,1.56204,1.88253,1.24721,2.67828,0.42336,0.0018483,0.21168,0.0018483,0.21168,460.486,0,1.02816,0,0,1.50908,0.48092,1.028160,1,0,40.677,0,0,0,40.677,0
36.5823,2.05057,0,0,1.20945,0.200511,0.36288,3.6288,59.3539,0.641828,0,0,0.366907,0.235593,0,0.66528,12.849,1,0.693603,0.36288,0,17.3781,4.34889,12.6984,0.84672,12.849,0.84672,3695.15,0,0.0036966,1.98163e-05,0.216518,1.50137,1.91482,1.09115,2.54154,0.42336,0.0018483,0.21168,0.0018483,0.21168,460.486,0,0.636509,0,0,0.853027,0.216518,1.028160,1,0,15.24,0,0,0,15.24,0
35.0184,2.03162,0,0,1.02777,0.197214,0.36288,3.6288,59.005,0.525791,0,0,0.411771,0.234826,0,0.66528,12.849,1,0.713577,0.36288,0,14.2058,4.34889,9.50621,0.84672,12.849,0.84672,3695.15,0,0.0036966,1.63733e-05,0.292723,1.50194,2.12833,1.09115,2.83181,0.42336,0.0018483,0.21168,0.0018483,0.21168,460.486,0,0.753028,0,0,1.04575,0.292723,1.028160,1,0,12.338,0,0,0,12.338,0
35.6185,2.00906,0,0,3.16564,0.193543,0.36288,3.6288,59.8373,0.251146,0,0,1.31775,0.234301,0,0.66528,12.849,1,0.737166,0.36288,0,49.217,4.34889,44.4938,0.84672,12.849,0.84672,3695.15,0,0.0036966,7.867e-06,2.31627,1.5025,5.06083,1.09115,7.78844,0.42336,0.0018483,0.21168,0.0018483,0.21168,460.486,0,1.02816,0,0,3.34443,2.31627,1.028160,1,0,52.2822,0,0,0,52.2822,0
35.7693,1.86689,0,0,2.59921,0.218689,0.36288,3.6288,60.6258,0.123078,0,0,1.12379,0.212277,0,0.66528,12.849,1,0.67346,0.36288,0,39.9225,4.02242,35.5895,0.84672,12.849,0.84672,3695.15,0,0.0036966,3.80171e-06,0.43187,1.50306,3.82685,0.998674,4.7631,0.42336,0.0018483,0.21168,0.0018483,0.21168,460.486,0,1.02816,0,0,1.46003,0.43187,1.028160,1,0,40.3526,0,0,0,40.3526,0
40.3335,1.86968,0,0,6.98705,0.19031,0.36288,3.6288,61.308,0.123508,0,0,2.43984,0.220094,1.41401,0.66528,12.849,1,0.671624,0.36288,0,82.9224,3.50144,79.1122,0.84672,12.849,0.84672,3695.15,0,0.0036966,3.7654e-06,3.66401,1.36553,6.61768,0.933458,10.7138,0.42336,0.0018483,0.21168,0.0018483,0.21168,460.486,0,1.02816,0,0,4.69217,3.66401,1.028160,1,0,91.24,0,0,0,91.24,0
42.1306,1.92804,0,0,4.2889,0.200804,0.36288,3.6288,61.308,0.123939,0,0,1.55246,0.221047,1.20748,0.66528,12.849,1,0.614216,0.36288,0,46.9531,3.50144,43.2004,0.84672,12.849,0.84672,3695.15,0,0.0036966,3.73649e-06,1.69035,1.36604,5.70752,0.933458,7.83045,0.42336,0.0018483,0.21168,0.0018483,0.21168,460.486,0,1.02816,0,0,2.71851,1.69035,1.028160,1,0,52.2383,0,0,0,52.2383,0
43.965,1.94885,0,0,4.36369,0.2176,0.36288,3.6288,61.308,0.12437,0,0,1.2048,0.237046,0.843389,0.66528,12.849,1,0.594361,0.36288,0,42.304,3.84429,38.2283,0.84672,12.849,0.84672,3695.15,0,0.0036966,3.74948e-06,1.23896,1.36655,7.22334,1.04041,8.78844,0.42336,0.0018483,0.21168,0.0018483,0.21168,460.486,0,1.02816,0,0,2.26712,1.23896,1.028160,1,0,47.8601,0,0,0,47.8601,0
46.9966,1.96878,0,0,5.6025,0.239276,0.36288,3.6288,61.308,0.124801,0,0,2.03956,0.258378,1.65638,0.66528,12.849,1,0.575387,0.36288,0,68.3276,4.30143,63.8137,0.84672,12.849,0.84672,3695.15,0,0.0036966,3.76247e-06,2.5013,1.36706,7.3389,1.18302,10.0242,0.42336,0.0018483,0.21168,0.0018483,0.21168,460.486,0,1.02816,0,0,3.52946,2.5013,1.028160,1,0,75.4943,0,0,0,75.4943,0
50.1332,2.06127,0,0,5.81621,0.255381,0.36288,3.6288,61.308,0.162514,0,0,2.22972,0.23625,1.83095,0.66528,12.849,1,0.563559,0.36288,0,78.4158,4.14093,74.0742,0.84672,12.849,0.84672,3695.15,0,0.0036966,4.89944e-06,2.09707,1.36757,8.84356,1.16817,11.14,0.42336,0.0018483,0.21168,0.0018483,0.21168,460.486,0,1.02816,0,0,3.12523,2.09707,1.028160,1,0,87.0451,0,0,0,87.0451,0
54.8845,2.0901,0,0,7.47455,0.270273,0.36288,3.6288,61.308,0.162944,0,0,2.55827,0.219654,2.17567,0.66528,12.849,1,0.535686,0.36288,0,128.66,4.02055,124.467,0.84672,12.849,0.84672,3695.15,0,0.0036966,4.9124e-06,3.56973,1.41183,11.3407,1.15704,15.1652,0.42336,0.0018483,0.21168,0.0018483,0.21168,460.486,0,1.02816,0,0,4.59789,3.56973,1.028160,1,0,141.807,0,0,0,141.807,0
60.277,2.12845,0,0,8.16765,0.283833,0.36288,3.6288,61.308,0.163374,0,0,4.15827,0.219654,3.77524,0.66528,12.849,1,0.49829,0.36288,0,169.339,4.02055,165.183,0.84672,12.849,0.84672,3695.15,0,0.0036966,4.92536e-06,5.63008,1.41234,15.956,1.15704,21.8414,0.42336,0.0018483,0.21168,0.0018483,0.21168,460.486,0,1.02816,0,0,6.65824,5.63008,1.028160,1,0,190.799,0,0,0,190.799,0
65.0863,2.16598,0,0,7.63733,0.299223,0.36288,3.6288,61.308,0.163804,0,0,3.78426,0.219654,3.4008,0.66528,12.849,1,0.461712,0.36288,0,157.65,4.02055,153.53,0.84672,12.849,0.84672,3695.15,0,0.0036966,4.93832e-06,2.97615,1.41285,9.21179,1.15704,12.4437,0.42336,0.0018483,0.21168,0.0018483,0.21168,460.486,0,1.02816,0,0,4.00431,2.97615,1.028160,1,0,169.375,0,0,0,169.375,0
68.4186,2.40939,0,0,6.40913,0.304487,0.36288,3.6288,61.308,0.30443,0,0,2.12598,0.184528,1.63702,0.66528,12.849,1,0.475649,0.36288,0,130.704,3.4914,127.1,0.84672,12.849,0.84672,3695.15,0,0.0036966,9.1779e-06,2.01404,1.41336,8.35972,1.01975,10.7674,0.42336,0.0018483,0.21168,0.0018483,0.21168,460.486,0,1.02816,0,0,3.0422,2.01404,1.028160,1,0,139.504,0,0,0,139.504,0
68.6291,2.42977,0,0,3.2981,0.295029,0.36288,3.6288,61.308,0.304911,0,0,2.35725,0.192802,1.85954,0.66528,12.849,1,0.45631,0.36288,0,59.5694,3.45165,56.0244,0.84672,12.849,0.84672,3695.15,0,0.0036966,9.1924e-06,1.51861,1.57023,8.26174,0.920645,10.4299,0.42336,0.0018483,0.21168,0.0018483,0.21168,460.486,0,1.02816,0,0,2.54677,1.51861,1.028160,1,0,68.3138,0,0,0,68.3138,0
69.3593,2.43182,0,0,3.82649,0.301544,0.36288,3.6288,61.308,0.305392,0,0,2.64214,0.193544,2.1432,0.66528,12.849,1,0.455295,0.36288,0,73.4509,3.58407,69.7744,0.84672,12.849,0.84672,3695.15,0,0.0036966,9.20689e-06,2.33856,1.5708,9.45562,0.973806,12.3912,0.42336,0.0018483,0.21168,0.0018483,0.21168,460.486,0,1.02816,0,0,3.36672,2.33856,1.028160,1,0,84.3088,0,0,0,84.3088,0
71.1992,2.43675,0,0,4.9428,0.303262,0.36288,3.6288,61.308,0.305873,0,0,2.59891,0.193544,2.0995,0.66528,12.849,1,0.451414,0.36288,0,107.598,3.58407,103.926,0.84672,12.849,0.84672,3695.15,0,0.0036966,9.22139e-06,2.59107,1.57137,10.4253,0.973806,13.6139,0.42336,0.0018483,0.21168,0.0018483,0.21168,460.486,0,1.02816,0,0,3.61923,2.59107,1.028160,1,0,119.639,0,0,0,119.639,0
72.29,2.13727,0,0,4.43804,0.315017,0.894974,3.6288,61.308,0.117937,0,0,2.84494,0.19334,2.53367,0.66528,12.849,1,0.385704,0.894974,0,85.5127,3.60195,82.42,0.84672,12.849,0.84672,3695.15,0,0.0036966,3.55554e-06,2.62656,1.57193,10.3176,0.961773,13.5543,0.42336,0.0018483,0.21168,0.0018483,0.21168,460.486,0,1.02816,0,0,3.65472,2.62656,1.028160,1,0,98.508,0,0,0,98.508,0
72.29,2.14299,0,0,6.17816,0.362567,3.67261,3.6288,61.308,0.11835,0,0,3.16423,0.192119,2.85376,0.66528,12.849,1,0.3809,3.67261,0,105.558,3.70923,105.141,0.84672,12.849,0.84672,3695.15,0,0.0036966,3.568e-06,4.21588,1.35829,11.549,0.889578,16.2336,0.42336,0.0018483,0.21168,0.0018483,0.21168,460.486,0,1.02816,0,0,5.24404,4.21588,1.028160,1,0,124.228,0,0,0,124.228,0
72.29,2.14376,0,0,5.00137,0.362567,2.49504,3.6288,61.308,0.118764,0,0,2.23637,0.192119,1.92549,0.66528,12.849,1,0.381037,2.49504,0,105.83,3.70923,104.235,0.84672,12.849,0.84672,3695.15,0,0.0036966,3.58046e-06,2.32946,1.35878,7.92392,0.889578,10.7226,0.42336,0.0018483,0.21168,0.0018483,0.21168,460.486,0,1.02816,0,0,3.35762,2.32946,1.028160,1,0,116.883,0,0,0,116.883,0
72.29,2.14453,0,0,3.47881,0.362567,0.971708,3.6288,61.308,0.119177,0,0,1.59771,0.192119,1.28641,0.66528,12.849,1,0.381175,0.971708,0,98.1323,3.70923,95.0136,0.84672,12.849,0.84672,3695.15,0,0.0036966,3.59292e-06,1.94651,1.35927,7.61763,0.889578,10.0338,0.42336,0.0018483,0.21168,0.0018483,0.21168,460.486,0,1.02816,0,0,2.97467,1.94651,1.028160,1,0,106.334,0,0,0,106.334,0
72.29,2.14531,0,0,3.86669,0.294598,1.42679,3.6288,61.308,0.119591,0,0,1.41516,0.156021,1.13955,0.66528,12.849,1,0.381312,1.42679,0,89.1665,3.18606,87.0259,0.84672,12.849,0.84672,3695.15,0,0.0036966,3.60539e-06,1.67178,1.35976,7.19945,0.814426,9.41657,0.42336,0.0018483,0.21168,0.0018483,0.21168,460.486,0,1.02816,0,0,2.69994,1.67178,1.028160,1,0,97.5821,0,0,0,97.5821,0
72.29,2.22449,0,0,4.91068,0.319292,2.3669,3.6288,61.308,0.166181,0,0,2.31896,0.153538,1.99924,0.66528,12.849,1,0.395387,2.3669,0,99.3686,3.5195,97.8207,0.84672,12.849,0.84672,3695.15,0,0.0036966,5.00999e-06,2.80049,1.36025,9.08004,0.859299,12.3815,0.42336,0.0018483,0.21168,0.0018483,0.21168,460.486,0,1.02816,0,0,3.82865,2.80049,1.028160,1,0,112.201,0,0,0,112.201,0
72.29,2.2253,0,0,3.3331,0.328701,0.779109,3.6288,61.308,0.166612,0,0,1.87445,0.154177,1.55366,0.66528,12.849,1,0.395529,0.779109,0,61.8765,3.63122,58.6288,0.84672,12.849,0.84672,3695.15,0,0.0036966,5.02297e-06,1.89296,1.41373,8.29872,0.881835,10.7236,0.42336,0.0018483,0.21168,0.0018483,0.21168,460.486,0,1.02816,0,0,2.92112,1.89296,1.028160,1,0,70.9061,0,0,0,70.9061,0
72.29,2.2261,0,0,3.63487,0.328701,1.08008,3.6288,61.308,0.167042,0,0,1.83878,0.154177,1.51756,0.66528,12.849,1,0.395672,1.08008,0,74.1093,3.63122,71.1625,0.84672,12.849,0.84672,3695.15,0,0.0036966,5.03594e-06,1.92458,1.41424,8.08272,0.881835,10.5397,0.42336,0.0018483,0.21168,0.0018483,0.21168,460.486,0,1.02816,0,0,2.95274,1.92458,1.028160,1,0,83.2198,0,0,0,83.2198,0
72.29,2.2269,0,0,2.92561,0.328701,0.370008,3.6288,61.308,0.167473,0,0,1.52976,0.154177,1.20811,0.66528,12.849,1,0.395814,0.370008,0,56.4415,3.63122,52.7845,0.84672,12.849,0.84672,3695.15,0,0.0036966,5.04892e-06,1.73115,1.41475,6.60554,0.881835,8.86959,0.42336,0.0018483,0.21168,0.0018483,0.21168,460.486,0,1.02816,0,0,2.75931,1.73115,1.028160,1,0,62.8622,0,0,0,62.8622,0
72.143,2.197,0,0,2.70785,0.295004,0.36288,3.6288,61.308,0.149943,0,0,1.37486,0.152643,1.07227,0.66528,12.849,1,0.3905,0.36288,0,47.3708,3.52058,43.8226,0.84672,12.849,0.84672,3695.15,0,0.0036966,4.52044e-06,1.65429,1.41526,5.26469,0.905019,7.42921,0.42336,0.0018483,0.21168,0.0018483,0.21168,460.486,0,1.02816,0,0,2.68245,1.65429,1.028160,1,0,52.3241,0,0,0,52.3241,0
71.5896,2.19711,0,0,2.28887,0.282208,0.36288,3.6288,61.308,0.150367,0,0,1.3695,0.166876,1.05226,0.66528,12.849,1,0.391316,0.36288,0,41.5136,3.59572,37.8895,0.84672,12.849,0.84672,3695.15,0,0.0036966,4.53323e-06,0.75676,1.39511,4.05816,0.958591,5.25144,0.42336,0.0018483,0.21168,0.0018483,0.21168,460.486,0,1.02816,0,0,1.78492,0.75676,1.028160,1,0,44.1932,0,0,0,44.1932,0
70.9475,2.19534,0,0,2.09931,0.183231,0.36288,3.6288,61.308,0.150791,0,0,1.17278,0.212654,0.80934,0.66528,12.849,1,0.394022,0.36288,0,37.8991,3.99935,33.8686,0.84672,12.849,0.84672,3695.15,0,0.0036966,4.54602e-06,0.613388,1.39562,3.78213,0.98269,4.80843,0.42336,0.0018483,0.21168,0.0018483,0.21168,460.486,0,1.02816,0,0,1.64155,0.613388,1.028160,1,0,39.4864,0,0,0,39.4864,0
70.2514,2.19311,0,0,2.04225,0.182333,0.36288,3.6288,61.308,0.151216,0,0,1.29363,0.212654,0.929763,0.66528,12.849,1,0.397185,0.36288,0,36.628,3.99935,32.5943,0.84672,12.849,0.84672,3695.15,0,0.0036966,4.55882e-06,0.793584,1.39612,4.38518,0.98269,5.59219,0.42336,0.0018483,0.21168,0.0018483,0.21168,460.486,0,1.02816,0,0,1.82174,0.793584,1.028160,1,0,39.1163,0,0,0,39.1163,0
69.3886,2.29448,0,0,1.97593,0.181361,0.36288,3.6288,61.308,0.215425,0,0,1.29875,0.212654,0.870669,0.66528,12.849,1,0.419661,0.36288,0,34.7255,3.99935,30.6694,0.84672,12.849,0.84672,3695.15,0,0.0036966,6.49458e-06,0.572927,1.39662,3.84797,0.98269,4.83482,0.42336,0.0018483,0.21168,0.0018483,0.21168,460.486,0,1.02816,0,0,1.60109,0.572927,1.028160,1,0,36.3749,0,0,0,36.3749,0
68.511,2.2909,0,0,1.91443,0.138262,0.36288,3.6288,61.308,0.310495,0,0,0.93128,0.21459,0.406195,0.66528,12.849,1,0.424217,0.36288,0,32.1393,4.56561,27.5124,0.84672,12.849,0.84672,3695.15,0,0.0036966,9.36073e-06,0.402797,1.46944,3.26769,1.16838,3.97154,0.42336,0.0018483,0.21168,0.0018483,0.21168,460.486,0,0.933535,0,0,1.33633,0.402797,1.028160,1,0,31.8901,0,0,0,31.8901,0
67.5379,2.28715,0,0,1.79941,0.122534,0.36288,3.6288,61.308,0.21632,0,0,0.969866,0.21816,0.535386,0.66528,12.849,1,0.428947,0.36288,0,29.6035,4.67397,24.8635,0.84672,12.849,0.84672,3695.15,0,0.0036966,6.52157e-06,0.311489,1.46997,3.32106,1.14832,3.95419,0.42336,0.0018483,0.21168,0.0018483,0.21168,460.486,0,1.02816,0,0,1.33965,0.311489,1.028160,1,0,29.353,0,0,0,29.353,0
66.4997,2.28278,0,0,1.72911,0.121603,0.36288,3.6288,61.308,0.273134,0,0,0.988001,0.21816,0.496708,0.66528,12.849,1,0.434296,0.36288,0,27.9079,4.67397,23.1625,0.84672,12.849,0.84672,3695.15,0,0.0036966,8.23437e-06,0.30119,1.4705,3.31154,1.14832,3.9349,0.42336,0.0018483,0.21168,0.0018483,0.21168,460.486,0,0.971793,0,0,1.27298,0.30119,1.028160,1,0,27.5941,0,0,0,27.5941,0
65.3585,2.27791,0,0,1.62019,0.120609,0.36288,3.6288,61.308,0.360299,0,0,0.919503,0.21816,0.341045,0.66528,12.849,1,0.440136,0.36288,0,26.1445,4.67397,21.3932,0.84672,12.849,0.84672,3695.15,0,0.0036966,1.08622e-05,0.30119,1.47103,3.07035,1.14832,3.69424,0.42336,0.0018483,0.21168,0.0018483,0.21168,460.486,0,0.885073,0,0,1.18626,0.30119,1.028160,1,0,25.4285,0,0,0,25.4285,0
64.262,2.25196,0,0,1.62943,0.111037,0.36288,3.6288,61.308,0.252784,0,0,0.807684,0.223989,0.330911,0.66528,12.849,1,0.442718,0.36288,0,31.6428,4.70837,26.8546,0.84672,12.849,0.84672,3695.15,0,0.0036966,7.62088e-06,0.303065,1.47156,3.09962,1.10263,3.7716,0.42336,0.0018483,0.21168,0.0018483,0.21168,460.486,0,1.02816,0,0,1.33123,0.303065,1.028160,1,0,30.9571,0,0,0,30.9571,0
63.1325,2.24647,0,0,1.5951,0.11527,0.36288,3.6288,61.308,0.253245,0,0,0.762601,0.222306,0.28705,0.66528,12.849,1,0.449175,0.36288,0,32.5764,4.55806,27.9321,0.84672,12.849,0.84672,3695.15,0,0.0036966,7.63477e-06,0.360608,1.49466,3.19811,1.08239,3.97098,0.42336,0.0018483,0.21168,0.0018483,0.21168,460.486,0,1.02816,0,0,1.38877,0.360608,1.028160,1,0,32.1901,0,0,0,32.1901,0
61.8446,2.2406,0,0,1.40322,0.0876997,0.36288,3.6288,61.308,0.328837,0,0,0.721639,0.266261,0.126541,0.66528,12.849,1,0.456016,0.36288,0,30.821,5.34518,25.3827,0.84672,12.849,0.84672,3695.15,0,0.0036966,9.9137e-06,0.261274,1.4952,3.06944,1.35319,3.47271,0.42336,0.0018483,0.21168,0.0018483,0.21168,460.486,0,0.953027,0,0,1.2143,0.261274,1.028160,1,0,28.982,0,0,0,28.982,0
60.5047,2.23354,0,0,1.34375,0.0872526,0.36288,3.6288,61.308,0.254167,0,0,0.70098,0.259562,0.187252,0.66528,12.849,1,0.464046,0.36288,0,28.2656,5.68417,22.4802,0.84672,12.849,0.84672,3695.15,0,0.0036966,7.66256e-06,0.282131,1.49573,3.03149,1.47893,3.33042,0.42336,0.0018483,0.21168,0.0018483,0.21168,460.486,0,1.02816,0,0,1.31029,0.282131,1.028160,1,0,25.9979,0,0,0,25.9979,0
59.0854,2.27781,0,0,1.3046,0.0831251,0.36288,3.6288,61.308,0.285973,0,0,0.709646,0.278325,0.145349,0.66528,12.849,1,0.483723,0.36288,0,30.9013,5.75272,25.0277,0.84672,12.849,0.84672,3695.15,0,0.0036966,8.62144e-06,0.261792,1.49627,3.04232,1.47341,3.32696,0.42336,0.0018483,0.21168,0.0018483,0.21168,460.486,0,1.02816,0,0,1.28995,0.261792,1.028160,1,0,28.5001,0,0,0,28.5001,0
57.6532,2.26908,0,0,1.27396,0.0742161,0.36288,3.6288,61.308,0.286445,0,0,0.773712,0.325232,0.162035,0.66528,12.849,1,0.493444,0.36288,0,25.0897,5.9241,19.035,0.84672,12.849,0.84672,3695.15,0,0.0036966,8.63569e-06,0.289138,1.53283,2.89009,1.45961,3.25244,0.42336,0.0018483,0.21168,0.0018483,0.21168,460.486,0,1.02816,0,0,1.3173,0.289138,1.028160,1,0,22.4495,0,0,0,22.4495,0
56.1482,2.25986,0,0,1.19094,0.0731906,0.36288,3.6288,61.308,0.338532,0,0,0.71585,0.325232,0.0520868,0.66528,12.849,1,0.503649,0.36288,0,23.8567,5.9241,17.7918,0.84672,12.849,0.84672,3695.15,0,0.0036966,1.0206e-05,0.227405,1.53338,2.53596,1.45961,2.83713,0.42336,0.0018483,0.21168,0.0018483,0.21168,460.486,0,0.976545,0,0,1.20395,0.227405,1.028160,1,0,20.681,0,0,0,20.681,0
54.6385,2.24968,0,0,1.17493,0.072113,0.36288,3.6288,61.308,0.28739,0,0,0.774481,0.325232,0.161859,0.66528,12.849,1,0.514819,0.36288,0,22.1365,5.9241,16.0605,0.84672,12.849,0.84672,3695.15,0,0.0036966,8.66418e-06,0.256936,1.53393,2.86788,1.45961,3.19913,0.42336,0.0018483,0.21168,0.0018483,0.21168,460.486,0,1.02816,0,0,1.2851,0.256936,1.028160,1,0,19.4215,0,0,0,19.4215,0
53.0991,2.3885,0,0,1.2678,0.0557854,0.36288,3.6288,61.308,0.401164,0,0,0.818208,0.30587,0.111174,0.66528,12.849,1,0.561689,0.36288,0,22.8165,6.16568,16.452,0.84672,12.849,0.84672,3695.15,0,0.0036966,1.20942e-05,0.391055,1.53448,3.53773,1.52939,3.93387,0.42336,0.0018483,0.21168,0.0018483,0.21168,460.486,0,1.02816,0,0,1.41922,0.391055,1.028160,1,0,20.4971,0,0,0,20.4971,0
51.2312,2.37624,0,0,0.958357,0.0871467,0.36288,3.6288,60.8396,0.699533,0,0,0.551491,0.32034,0,0.66528,12.849,1,0.575007,0.36288,0,18.0821,6.42125,11.4487,0.84672,12.849,0.84672,3695.15,0,0.0036966,2.10894e-05,0.227405,1.65719,2.44626,1.53622,2.79461,0.42336,0.0018483,0.21168,0.0018483,0.21168,460.486,0,0.730296,0,0,0.957701,0.227405,1.028160,1,0,14.2433,0,0,0,14.2433,0
49.4609,2.36033,0,0,1.03894,0.0860324,0.36288,3.6288,60.6063,0.533023,0,0,0.62639,0.326698,0,0.66528,12.849,1,0.59198,0.36288,0,21.0951,6.55242,14.3136,0.84672,12.849,0.84672,3695.15,0,0.0036966,1.61932e-05,0.204422,1.65778,2.4518,1.55362,2.76037,0.42336,0.0018483,0.21168,0.0018483,0.21168,460.486,0,0.897325,0,0,1.10175,0.204422,1.028160,1,0,17.0739,0,0,0,17.0739,0
47.493,2.34435,0,0,0.823764,0.0844422,0.36288,3.6288,59.9424,0.807814,0,0,0.470155,0.326215,0,0.66528,12.849,1,0.609017,0.36288,0,23.1633,6.55242,16.3648,0.84672,12.849,0.84672,3695.15,0,0.0036966,2.46358e-05,0.204422,1.65838,1.96862,1.55362,2.27777,0.42336,0.0018483,0.21168,0.0018483,0.21168,460.486,0,0.623039,0,0,0.827461,0.204422,1.028160,1,0,18.6425,0,0,0,18.6425,0
45.7234,2.32532,0,0,1.00126,0.0826574,0.36288,3.6288,59.9702,0.403219,0,0,0.755883,0.32484,0,0.66528,12.849,1,0.629104,0.36288,0,20.1912,6.55242,13.3726,0.84672,12.849,0.84672,3695.15,0,0.0036966,1.24331e-05,0.343725,1.65897,2.83654,1.55362,3.28561,0.42336,0.0018483,0.21168,0.0018483,0.21168,460.486,0,1.02816,0,0,1.37189,0.343725,1.028160,1,0,16.6582,0,0,0,16.6582,0
43.8825,2.23675,0,0,0.871119,0.112373,0.36288,3.6288,59.437,0.753092,0,0,0.53245,0.312571,0,0.66528,12.849,1,0.628561,0.36288,0,20.3844,6.39282,13.7259,0.84672,12.849,0.84672,3695.15,0,0.0036966,2.32105e-05,0.204422,1.65957,2.12096,1.55741,2.42753,0.42336,0.0018483,0.21168,0.0018483,0.21168,460.486,0,0.609895,0,0,0.814317,0.204422,1.028160,1,0,16.1535,0,0,0,16.1535,0
42.9114,2.21714,0,0,1.74197,0.133065,0.36288,3.6288,59.7735,0.33533,0,0,0.974091,0.302294,0,0.66528,12.849,1,0.649189,0.36288,0,29.3901,6.27312,22.8307,0.84672,12.849,0.84672,3695.15,0,0.0036966,1.04277e-05,0.233591,1.59004,3.10234,1.56025,3.36571,0.42336,0.0018483,0.21168,0.0018483,0.21168,460.486,0,1.02816,0,0,1.26175,0.233591,1.028160,1,0,26.1964,0,0,0,26.1964,0
40.9914,2.20663,0,0,0.781099,0.131589,0.36288,3.6288,59.0877,0.93551,0,0,0.552649,0.302945,0,0.66528,12.849,1,0.660732,0.36288,0,22.3469,6.27312,15.776,0.84672,12.849,0.84672,3695.15,0,0.0036966,2.89276e-05,0.216518,1.59061,1.59515,1.56025,1.842,0.42336,0.0018483,0.21168,0.0018483,0.21168,460.486,0,0.428451,0,0,0.644969,0.216518,1.028160,1,0,17.618,0,0,0,17.618,0
39.2747,2.18385,0,0,0.978264,0.148247,0.36288,3.6288,58.581,0.906992,0,0,0.69932,0.299055,0,0.66528,12.849,1,0.68454,0.36288,0,21.32,6.09265,14.9057,0.84672,12.849,0.84672,3695.15,0,0.0036966,2.83713e-05,0.216518,1.59118,1.95152,1.53309,2.2261,0.42336,0.0018483,0.21168,0.0018483,0.21168,460.486,0,0.45746,0,0,0.673978,0.216518,1.028160,1,0,17.1318,0,0,0,17.1318,0
39.3608,2.10622,0,0,2.76884,0.213648,0.36288,3.6288,59.1632,0.273999,0,0,1.16475,0.308506,0,0.66528,12.849,1,0.689066,0.36288,0,31.52,5.40315,25.7907,0.84672,12.849,0.84672,3695.15,0,0.0036966,8.64498e-06,0.630582,1.59175,4.17855,1.34793,5.05294,0.42336,0.0018483,0.21168,0.0018483,0.21168,460.486,0,1.02816,0,0,1.65874,0.630582,1.028160,1,0,30.8436,0,0,0,30.8436,0
37.965,2.10812,0,0,1.29853,0.223292,0.36288,3.6288,58.2753,0.917875,0,0,0.269348,0.2394,0,0.66528,12.849,1,0.688177,0.36288,0,16.882,4.14162,12.415,0.84672,12.849,0.84672,3695.15,0,0.0036966,2.86751e-05,0.216518,1.52991,2.02664,1.08768,2.68537,0.42336,0.0018483,0.21168,0.0018483,0.21168,460.486,0,0.384731,0,0,0.601249,0.216518,1.028160,1,0,15.1004,0,0,0,15.1004,0
37.0056,2.08996,0,0,1.71305,0.219702,0.36288,3.6288,58.3752,0.274933,0,0,0.61291,0.238038,0,0.66528,12.849,1,0.707332,0.36288,0,22.5869,4.14162,18.1009,0.84672,12.849,0.84672,3695.15,0,0.0036966,8.71998e-06,0.504873,1.53046,3.60234,1.08768,4.54998,0.42336,0.0018483,0.21168,0.0018483,0.21168,460.486,0,1.02816,0,0,1.53303,0.504873,1.028160,1,0,22.6509,0,0,0,22.6509,0
38.9841,2.07709,0,0,4.63574,0.217233,0.36288,3.6288,59.2862,0.275401,0,0,1.42462,0.238191,0,0.66528,12.849,1,0.721204,0.36288,0,67.4616,4.14162,62.9617,0.84672,12.849,0.84672,3695.15,0,0.0036966,8.71985e-06,1.74157,1.53101,6.2785,1.08768,8.46339,0.42336,0.0018483,0.21168,0.0018483,0.21168,460.486,0,1.02816,0,0,2.76973,1.74157,1.028160,1,0,71.4251,0,0,0,71.4251,0
39.1599,1.94682,0,0,2.74218,0.256667,0.36288,3.6288,59.6585,0.223746,0,0,0.803477,0.207434,0,0.66528,12.849,1,0.641664,0.36288,0,38.4725,3.62586,34.5679,0.84672,12.849,0.84672,3695.15,0,0.0036966,6.97547e-06,0.292723,1.53156,3.72172,0.881307,4.66469,0.42336,0.0018483,0.21168,0.0018483,0.21168,460.486,0,0.949298,0,0,1.24202,0.292723,1.028160,1,0,39.2326,0,0,0,39.2326,0
38.7801,1.94969,0,0,2.17056,0.237754,0.36288,3.6288,60.0715,0.145307,0,0,0.776298,0.217996,0,0.66528,12.849,1,0.639724,0.36288,0,49.39,4.4496,44.6635,0.84672,12.849,0.84672,3695.15,0,0.0036966,4.50182e-06,0.463571,1.3914,6.18486,1.0502,6.98963,0.42336,0.0018483,0.21168,0.0018483,0.21168,460.486,0,1.02816,0,0,1.49173,0.463571,1.028160,1,0,51.6531,0,0,0,51.6531,0
41.2294,1.94568,0,0,4.99616,0.238375,0.36288,3.6288,61.308,0.145728,0,0,2.33171,0.215589,0.733922,0.66528,12.849,1,0.644661,0.36288,0,125.197,4.54786,120.367,0.84672,12.849,0.84672,3695.15,0,0.0036966,4.48382e-06,3.042,1.3919,9.66177,1.0924,13.0033,0.42336,0.0018483,0.21168,0.0018483,0.21168,460.486,0,1.02816,0,0,4.07016,3.042,1.028160,1,0,134.105,0,0,0,134.105,0
43.0181,1.97559,0,0,4.36706,0.239815,0.36288,3.6288,61.308,0.146149,0,0,0.854073,0.214323,0.4936,0.66528,12.849,1,0.615686,0.36288,0,78.7458,4.39607,74.097,0.84672,12.849,0.84672,3695.15,0,0.0036966,4.40608e-06,1.06601,1.3924,7.12074,1.06724,8.5119,0.42336,0.0018483,0.21168,0.0018483,0.21168,460.486,0,1.02816,0,0,2.09417,1.06601,1.028160,1,0,83.1025,0,0,0,83.1025,0
44.2289,1.99602,0,0,3.8005,0.230803,0.36288,3.6288,61.308,0.146571,0,0,1.22381,0.206912,0.87033,0.66528,12.849,1,0.596187,0.36288,0,60.1279,4.01657,55.878,0.84672,12.849,0.84672,3695.15,0,0.0036966,4.41878e-06,1.05327,1.3929,6.09038,1.00435,7.53219,0.42336,0.0018483,0.21168,0.0018483,0.21168,460.486,0,1.02816,0,0,2.08143,1.05327,1.028160,1,0,64.2806,0,0,0,64.2806,0
46.5315,2.07232,0,0,4.96823,0.230517,0.36288,3.6288,61.308,0.184978,0,0,1.56734,0.205717,1.17665,0.66528,12.849,1,0.602032,0.36288,0,84.0879,3.99834,79.8504,0.84672,12.849,0.84672,3695.15,0,0.0036966,5.57666e-06,2.00357,1.3934,7.13478,1.00961,9.52214,0.42336,0.0018483,0.21168,0.0018483,0.21168,460.486,0,1.02816,0,0,3.03173,2.00357,1.028160,1,0,90.5492,0,0,0,90.5492,0
47.7854,2.09639,0,0,3.945,0.231753,0.36288,3.6288,61.308,0.185397,0,0,1.1081,0.204122,0.718578,0.66528,12.849,1,0.578888,0.36288,0,92.0454,3.97404,87.8553,0.84672,12.849,0.84672,3695.15,0,0.0036966,5.5893e-06,2.59765,1.43846,5.25807,1.01663,8.27755,0.42336,0.0018483,0.21168,0.0018483,0.21168,460.486,0,1.02816,0,0,3.62581,2.59765,1.028160,1,0,96.8515,0,0,0,96.8515,0
50.5675,2.10909,0,0,5.489,0.234976,0.36288,3.6288,61.308,0.185816,0,0,1.29377,0.204122,0.903833,0.66528,12.849,1,0.567112,0.36288,0,125.251,3.97404,121.072,0.84672,12.849,0.84672,3695.15,0,0.0036966,5.60195e-06,3.53535,1.43896,5.54399,1.01663,9.50167,0.42336,0.0018483,0.21168,0.0018483,0.21168,460.486,0,1.02816,0,0,4.56351,3.53535,1.028160,1,0,131.478,0,0,0,131.478,0
50.9115,2.13471,0,0,3.08366,0.242098,0.36288,3.6288,61.308,0.186236,0,0,0.890853,0.204122,0.500495,0.66528,12.849,1,0.542422,0.36288,0,64.9442,3.97404,60.7906,0.84672,12.849,0.84672,3695.15,0,0.0036966,5.61459e-06,1.97569,1.43946,4.03964,1.01663,6.43816,0.42336,0.0018483,0.21168,0.0018483,0.21168,460.486,0,1.02816,0,0,3.00385,1.97569,1.028160,1,0,67.7293,0,0,0,67.7293,0
50.303,2.34695,0,0,2.3646,0.263196,0.36288,3.6288,61.308,0.329488,0,0,0.775682,0.204616,0.241578,0.66528,12.849,1,0.592321,0.36288,0,50.2554,3.90713,46.1189,0.84672,12.849,0.84672,3695.15,0,0.0036966,9.93334e-06,1.67029,1.43996,3.47295,1.06224,5.52095,0.42336,0.0018483,0.21168,0.0018483,0.21168,460.486,0,1.02816,0,0,2.69845,1.67029,1.028160,1,0,51.8814,0,0,0,51.8814,0
52.7827,2.34205,0,0,5.46013,0.275541,0.36288,3.6288,61.308,0.329957,0,0,1.22317,0.249375,0.643841,0.66528,12.849,1,0.598234,0.36288,0,111.593,3.80604,107.551,0.84672,12.849,0.84672,3695.15,0,0.0036966,9.94748e-06,3.03419,1.59976,6.41135,1.10998,9.9353,0.42336,0.0018483,0.21168,0.0018483,0.21168,460.486,0,1.02816,0,0,4.06235,3.03419,1.028160,1,0,118.13,0,0,0,118.13,0
53.5314,2.36547,0,0,3.75981,0.282743,0.36288,3.6288,61.308,0.330426,0,0,0.954539,0.249375,0.374737,0.66528,12.849,1,0.575832,0.36288,0,67.9049,3.80604,63.8859,0.84672,12.849,0.84672,3695.15,0,0.0036966,9.96162e-06,2.66868,1.60031,4.71565,1.10998,7.87465,0.42336,0.0018483,0.21168,0.0018483,0.21168,460.486,0,1.02816,0,0,3.69684,2.66868,1.028160,1,0,72.1353,0,0,0,72.1353,0
54.8719,2.37279,0,0,4.33368,0.25748,0.36288,3.6288,61.308,0.330896,0,0,1.01828,0.176881,0.510507,0.66528,12.849,1,0.569534,0.36288,0,71.5681,3.17552,68.1859,0.84672,12.849,0.84672,3695.15,0,0.0036966,9.97577e-06,2.86098,1.60087,5.17116,0.855398,8.7776,0.42336,0.0018483,0.21168,0.0018483,0.21168,460.486,0,1.02816,0,0,3.88914,2.86098,1.028160,1,0,77.474,0,0,0,77.474,0
56.6133,2.08259,0,0,4.4478,0.260998,0.36288,3.6288,61.308,0.139417,0,0,1.22408,0.176881,0.907782,0.66528,12.849,1,0.487665,0.36288,0,81.2143,3.17552,77.914,0.84672,12.849,0.84672,3695.15,0,0.0036966,4.20311e-06,3.35614,1.60142,6.42985,0.855398,10.532,0.42336,0.0018483,0.21168,0.0018483,0.21168,460.486,0,1.02816,0,0,4.3843,3.35614,1.028160,1,0,89.3538,0,0,0,89.3538,0
57.8495,2.09554,0,0,3.97707,0.282408,0.36288,3.6288,61.308,0.13982,0,0,1.07659,0.212783,0.723985,0.66528,12.849,1,0.475605,0.36288,0,69.3536,3.52663,65.7143,0.84672,12.849,0.84672,3695.15,0,0.0036966,4.21526e-06,2.93317,1.38375,6.70237,0.875368,10.1439,0.42336,0.0018483,0.21168,0.0018483,0.21168,460.486,0,1.02816,0,0,3.96133,2.93317,1.028160,1,0,76.5822,0,0,0,76.5822,0
60.4662,2.10458,0,0,5.36998,0.285859,0.36288,3.6288,61.308,0.140223,0,0,2.12396,0.212783,1.77096,0.66528,12.849,1,0.46745,0.36288,0,107.703,3.52663,104.072,0.84672,12.849,0.84672,3695.15,0,0.0036966,4.22742e-06,5.09595,1.38423,12.2391,0.875368,17.8439,0.42336,0.0018483,0.21168,0.0018483,0.21168,460.486,0,1.02816,0,0,6.12411,5.09595,1.028160,1,0,123.686,0,0,0,123.686,0
62.3381,2.122,0,0,4.64994,0.293108,0.36288,3.6288,61.308,0.140627,0,0,1.2063,0.212783,0.85289,0.66528,12.849,1,0.450922,0.36288,0,91.2177,3.52663,87.603,0.84672,12.849,0.84672,3695.15,0,0.0036966,4.23958e-06,3.28536,1.38471,7.44016,0.875368,11.2349,0.42336,0.0018483,0.21168,0.0018483,0.21168,460.486,0,1.02816,0,0,4.31352,3.28536,1.028160,1,0,99.6907,0,0,0,99.6907,0
63.8472,2.13396,0,0,4.35635,0.350438,0.36288,3.6288,61.308,0.14103,0,0,1.10023,0.13699,0.822206,0.66528,12.849,1,0.439847,0.36288,0,67.1216,2.65755,64.387,0.84672,12.849,0.84672,3695.15,0,0.0036966,4.25174e-06,2.97859,1.38519,6.54851,0.633826,10.2785,0.42336,0.0018483,0.21168,0.0018483,0.21168,460.486,0,1.02816,0,0,4.00675,2.97859,1.028160,1,0,75.4877,0,0,0,75.4877,0
65.3357,2.22167,0,0,4.36454,0.291492,0.36288,3.6288,61.308,0.188472,0,0,0.972596,0.20069,0.583434,0.66528,12.849,1,0.447102,0.36288,0,85.1818,3.78294,81.3146,0.84672,12.849,0.84672,3695.15,0,0.0036966,5.68202e-06,2.19456,1.38566,5.1397,0.948192,7.77173,0.42336,0.0018483,0.21168,0.0018483,0.21168,460.486,0,1.02816,0,0,3.22272,2.19456,1.028160,1,0,89.6698,0,0,0,89.6698,0
65.7032,2.23095,0,0,3.21335,0.252083,0.36288,3.6288,61.308,0.188892,0,0,0.790968,0.219312,0.382764,0.66528,12.849,1,0.438742,0.36288,0,58.9343,3.97908,54.8794,0.84672,12.849,0.84672,3695.15,0,0.0036966,5.69468e-06,1.59291,1.44011,3.59365,1.00736,5.61931,0.42336,0.0018483,0.21168,0.0018483,0.21168,460.486,0,1.02816,0,0,2.62107,1.59291,1.028160,1,0,60.8814,0,0,0,60.8814,0
68.1632,2.23378,0,0,5.30957,0.252825,0.36288,3.6288,61.308,0.189312,0,0,1.08232,0.219312,0.673692,0.66528,12.849,1,0.43684,0.36288,0,83.2188,3.97908,79.1657,0.84672,12.849,0.84672,3695.15,0,0.0036966,5.70734e-06,2.21345,1.44061,4.97299,1.00736,7.61969,0.42336,0.0018483,0.21168,0.0018483,0.21168,460.486,0,1.02816,0,0,3.24161,2.21345,1.028160,1,0,87.4591,0,0,0,87.4591,0
69.6408,2.24782,0,0,4.34608,0.257793,0.36288,3.6288,61.308,0.189732,0,0,0.856682,0.219312,0.447638,0.66528,12.849,1,0.423721,0.36288,0,76.248,3.97908,72.2081,0.84672,12.849,0.84672,3695.15,0,0.0036966,5.72001e-06,1.62663,1.44111,4.23958,1.00736,6.29995,0.42336,0.0018483,0.21168,0.0018483,0.21168,460.486,0,1.02816,0,0,2.65479,1.62663,1.028160,1,0,78.9557,0,0,0,78.9557,0
70.2066,2.22509,0,0,3.39879,0.245073,0.36288,3.6288,61.308,0.171858,0,0,0.741675,0.214168,0.355649,0.66528,12.849,1,0.410538,0.36288,0,68.961,3.94953,64.9638,0.84672,12.849,0.84672,3695.15,0,0.0036966,5.18113e-06,1.18188,1.44161,3.27504,1.01368,4.88485,0.42336,0.0018483,0.21168,0.0018483,0.21168,460.486,0,1.02816,0,0,2.21004,1.18188,1.028160,1,0,70.2043,0,0,0,70.2043,0
70.2334,2.22866,0,0,2.82506,0.206716,0.36288,3.6288,61.308,0.172272,0,0,0.79221,0.20131,0.418628,0.66528,12.849,1,0.407882,0.36288,0,53.7538,3.87565,49.8331,0.84672,12.849,0.84672,3695.15,0,0.0036966,5.19361e-06,1.41297,1.42107,3.88408,1.02948,5.68863,0.42336,0.0018483,0.21168,0.0018483,0.21168,460.486,0,1.02816,0,0,2.44113,1.41297,1.028160,1,0,55.9404,0,0,0,55.9404,0
70.0816,2.22956,0,0,2.64746,0.206758,0.36288,3.6288,61.308,0.172686,0,0,0.783804,0.20131,0.409808,0.66528,12.849,1,0.407891,0.36288,0,50.9294,3.87565,47.0088,0.84672,12.849,0.84672,3695.15,0,0.0036966,5.20609e-06,1.35614,1.42156,3.69614,1.02948,5.44436,0.42336,0.0018483,0.21168,0.0018483,0.21168,460.486,0,1.02816,0,0,2.3843,1.35614,1.028160,1,0,52.8629,0,0,0,52.8629,0
71.4656,2.22958,0,0,4.17545,0.199033,0.36288,3.6288,61.308,0.1731,0,0,1.00166,0.203095,0.625466,0.66528,12.849,1,0.408778,0.36288,0,66.8275,3.92983,62.8517,0.84672,12.849,0.84672,3695.15,0,0.0036966,5.21858e-06,1.91907,1.42205,3.66102,1.01945,5.98269,0.42336,0.0018483,0.21168,0.0018483,0.21168,460.486,0,1.02816,0,0,2.94723,1.91907,1.028160,1,0,69.4599,0,0,0,69.4599,0
71.1686,2.34318,0,0,2.56488,0.155778,0.36288,3.6288,61.308,0.238481,0,0,0.797351,0.213806,0.345064,0.66528,12.849,1,0.421287,0.36288,0,50.4034,4.25492,46.0901,0.84672,12.849,0.84672,3695.15,0,0.0036966,7.18968e-06,1.31787,1.42254,3.2167,0.95927,4.99783,0.42336,0.0018483,0.21168,0.0018483,0.21168,460.486,0,1.02816,0,0,2.34603,1.31787,1.028160,1,0,51.433,0,0,0,51.433,0
70.6547,2.3425,0,0,2.36033,0.168885,0.36288,3.6288,61.308,0.238918,0,0,0.664356,0.205581,0.219856,0.66528,12.849,1,0.422922,0.36288,0,41.4453,3.9896,37.3957,0.84672,12.849,0.84672,3695.15,0,0.0036966,7.20285e-06,1.13371,1.49669,2.79164,1.00324,4.41879,0.42336,0.0018483,0.21168,0.0018483,0.21168,460.486,0,1.02816,0,0,2.16187,1.13371,1.028160,1,0,42.0343,0,0,0,42.0343,0
69.9705,2.3407,0,0,2.16348,0.144147,0.36288,3.6288,61.308,0.239355,0,0,0.66185,0.210458,0.212037,0.66528,12.849,1,0.425671,0.36288,0,36.7185,4.13501,32.5207,0.84672,12.849,0.84672,3695.15,0,0.0036966,7.21601e-06,1.16323,1.4972,2.66672,0.975463,4.35168,0.42336,0.0018483,0.21168,0.0018483,0.21168,460.486,0,1.02816,0,0,2.19139,1.16323,1.028160,1,0,37.0845,0,0,0,37.0845,0
69.2468,2.33799,0,0,2.12056,0.14339,0.36288,3.6288,61.308,0.239792,0,0,0.715815,0.210458,0.265566,0.66528,12.849,1,0.429336,0.36288,0,35.175,4.13501,30.9735,0.84672,12.849,0.84672,3695.15,0,0.0036966,7.22919e-06,1.12187,1.49772,2.87347,0.975463,4.51759,0.42336,0.0018483,0.21168,0.0018483,0.21168,460.486,0,1.02816,0,0,2.15003,1.12187,1.028160,1,0,35.7567,0,0,0,35.7567,0
68.3855,2.33501,0,0,1.97921,0.142588,0.36288,3.6288,61.308,0.240229,0,0,0.654169,0.210458,0.203482,0.66528,12.849,1,0.43327,0.36288,0,32.8822,4.13501,28.6768,0.84672,12.849,0.84672,3695.15,0,0.0036966,7.24236e-06,0.967568,1.49823,2.54449,0.975463,4.03482,0.42336,0.0018483,0.21168,0.0018483,0.21168,460.486,0,1.02816,0,0,1.99573,0.967568,1.028160,1,0,32.9151,0,0,0,32.9151,0
67.5126,2.31034,0,0,1.92538,0.125087,0.36288,3.6288,61.308,0.276434,0,0,0.670905,0.21433,0.180141,0.66528,12.849,1,0.434091,0.36288,0,34.5648,4.28243,30.2112,0.84672,12.849,0.84672,3695.15,0,0.0036966,8.33388e-06,1.10786,1.49875,3.0987,0.997758,4.70755,0.42336,0.0018483,0.21168,0.0018483,0.21168,460.486,0,1.02816,0,0,2.13602,1.10786,1.028160,1,0,35.0989,0,0,0,35.0989,0
66.5158,2.30642,0,0,1.78445,0.111907,0.36288,3.6288,61.308,0.276884,0,0,0.700894,0.217233,0.206777,0.66528,12.849,1,0.438958,0.36288,0,36.0406,4.39299,31.5716,0.84672,12.849,0.84672,3695.15,0,0.0036966,8.34743e-06,1.26522,1.52225,3.42389,1.01448,5.19688,0.42336,0.0018483,0.21168,0.0018483,0.21168,460.486,0,1.02816,0,0,2.29338,1.26522,1.028160,1,0,36.9752,0,0,0,36.9752,0
65.3598,2.3017,0,0,1.61965,0.111029,0.36288,3.6288,61.308,0.277333,0,0,0.657547,0.217233,0.16298,0.66528,12.849,1,0.444624,0.36288,0,32.1151,4.39299,27.6403,0.84672,12.849,0.84672,3695.15,0,0.0036966,8.36098e-06,1.00659,1.52278,3.31218,1.01448,4.82706,0.42336,0.0018483,0.21168,0.0018483,0.21168,460.486,0,1.02816,0,0,2.03475,1.00659,1.028160,1,0,32.6304,0,0,0,32.6304,0
64.1592,2.29592,0,0,1.53662,0.0784444,0.36288,3.6288,61.308,0.277783,0,0,0.616798,0.294017,0.0449975,0.66528,12.849,1,0.451351,0.36288,0,28.8873,5.38104,23.4178,0.84672,12.849,0.84672,3695.15,0,0.0036966,8.37454e-06,1.01453,1.5233,3.13899,1.37514,4.30168,0.42336,0.0018483,0.21168,0.0018483,0.21168,460.486,0,1.02816,0,0,2.04269,1.01453,1.028160,1,0,27.7645,0,0,0,27.7645,0
62.8013,2.3431,0,0,1.42699,0.0789594,0.36288,3.6288,61.2868,0.310154,0,0,0.584489,0.295549,0,0.66528,12.849,1,0.469247,0.36288,0,27.8289,5.43803,22.2845,0.84672,12.849,0.84672,3695.15,0,0.0036966,9.35047e-06,1.02024,1.52383,3.07195,1.40424,4.21177,0.42336,0.0018483,0.21168,0.0018483,0.21168,460.486,0,1.02816,0,0,2.0484,1.02024,1.028160,1,0,26.4963,0,0,0,26.4963,0
61.6067,2.33548,0,0,1.58944,0.0856245,0.36288,3.6288,61.1986,0.310615,0,0,0.527121,0.304704,0,0.66528,12.849,1,0.477834,0.36288,0,30.6466,5.77994,24.7517,0.84672,12.849,0.84672,3695.15,0,0.0036966,9.36761e-06,1.07228,1.56104,3.21026,1.57886,4.26471,0.42336,0.0018483,0.21168,0.0018483,0.21168,460.486,0,1.02816,0,0,2.10044,1.07228,1.028160,1,0,29.0164,0,0,0,29.0164,0
60.2696,2.32862,0,0,1.43916,0.0847882,0.36288,3.6288,61.0866,0.311076,0,0,0.503637,0.304534,0,0.66528,12.849,1,0.485668,0.36288,0,28.8633,5.77994,22.9606,0.84672,12.849,0.84672,3695.15,0,0.0036966,9.39503e-06,0.858151,1.56157,2.98484,1.57886,3.8257,0.42336,0.0018483,0.21168,0.0018483,0.21168,460.486,0,1.02816,0,0,1.88631,0.858151,1.028160,1,0,26.7863,0,0,0,26.7863,0
58.7743,2.32053,0,0,1.25858,0.0704861,0.36288,3.6288,60.9631,0.311537,0,0,0.500065,0.312078,0,0.66528,12.849,1,0.494719,0.36288,0,27.484,6.00426,21.3479,0.84672,12.849,0.84672,3695.15,0,0.0036966,9.4262e-06,0.828058,1.56211,3.01679,1.62368,3.78327,0.42336,0.0018483,0.21168,0.0018483,0.21168,460.486,0,1.02816,0,0,1.85622,0.828058,1.028160,1,0,25.1312,0,0,0,25.1312,0
56.9317,2.46534,0,0,1.06301,0.0773317,0.36288,3.6288,60.7223,0.427378,0,0,0.485798,0.299164,0,0.66528,12.849,1,0.538963,0.36288,0,25.788,5.90237,19.7095,0.84672,12.849,0.84672,3695.15,0,0.0036966,1.29574e-05,0.797126,1.56265,2.88018,1.47545,3.76449,0.42336,0.0018483,0.21168,0.0018483,0.21168,460.486,0,1.02816,0,0,1.82529,0.797126,1.028160,1,0,23.474,0,0,0,23.474,0
55.1382,2.45195,0,0,1.1217,0.100432,0.36288,3.6288,60.3822,0.427879,0,0,0.415886,0.328146,0,0.66528,12.849,1,0.553384,0.36288,0,21.7081,6.12243,15.3952,0.84672,12.849,0.84672,3695.15,0,0.0036966,1.3024e-05,0.668736,1.68758,3.00991,1.47839,3.88782,0.42336,0.0018483,0.21168,0.0018483,0.21168,460.486,0,1.02816,0,0,1.6969,0.668736,1.028160,1,0,19.283,0,0,0,19.283,0
53.4818,2.43819,0,0,1.24985,0.105171,0.36288,3.6288,60.0608,0.42838,0,0,0.440116,0.333078,0,0.66528,12.849,1,0.568178,0.36288,0,22.2503,6.25716,15.7879,0.84672,12.849,0.84672,3695.15,0,0.0036966,1.31127e-05,0.873668,1.68816,2.78845,1.49493,3.85533,0.42336,0.0018483,0.21168,0.0018483,0.21168,460.486,0,1.02816,0,0,1.90183,0.873668,1.028160,1,0,19.6432,0,0,0,19.6432,0
51.6199,2.42483,0,0,1.02922,0.103424,0.36288,3.6288,59.6826,0.428881,0,0,0.383067,0.332397,0,0.66528,12.849,1,0.582566,0.36288,0,27.6225,6.25716,21.1457,0.84672,12.849,0.84672,3695.15,0,0.0036966,1.31983e-05,0.652311,1.68874,2.48772,1.49493,3.33383,0.42336,0.0018483,0.21168,0.0018483,0.21168,460.486,0,1.02816,0,0,1.68047,0.652311,1.028160,1,0,24.4795,0,0,0,24.4795,0
49.8853,2.40883,0,0,1.1386,0.10146,0.36288,3.6288,59.4479,0.429382,0,0,0.526216,0.331596,0,0.66528,12.849,1,0.599597,0.36288,0,23.6827,6.25716,17.1888,0.84672,12.849,0.84672,3695.15,0,0.0036966,1.32975e-05,1.17172,1.68932,2.97286,1.49493,4.33896,0.42336,0.0018483,0.21168,0.0018483,0.21168,460.486,0,1.02816,0,0,2.19988,1.17172,1.028160,1,0,21.5278,0,0,0,21.5278,0
48.2086,2.32006,0,0,1.08474,0.078429,0.36288,3.6288,59.0625,0.359733,0,0,0.346188,0.371821,0,0.66528,12.849,1,0.597581,0.36288,0,19.7462,6.68124,12.8303,0.84672,12.849,0.84672,3695.15,0,0.0036966,1.11845e-05,0.721224,1.6899,2.43439,1.60894,3.23657,0.42336,0.0018483,0.21168,0.0018483,0.21168,460.486,0,1.02816,0,0,1.74938,0.721224,1.028160,1,0,16.0668,0,0,0,16.0668,0
46.3411,2.30444,0,0,0.957606,0.157793,0.36288,3.6288,58.6376,0.36021,0,0,0.272682,0.337419,0,0.66528,12.849,1,0.614201,0.36288,0,12.2941,5.05302,6.98977,0.84672,12.849,0.84672,3695.15,0,0.0036966,1.12724e-05,0.244538,1.61908,1.09866,1.21274,1.74953,0.42336,0.0018483,0.21168,0.0018483,0.21168,460.486,0,1.02816,0,0,1.2727,0.244538,1.028160,1,0,8.7393,0,0,0,8.7393,0
44.6361,2.28585,0,0,1.11041,0.166728,0.36288,3.6288,58.2893,0.360687,0,0,0.353856,0.341446,0,0.66528,12.849,1,0.633797,0.36288,0,12.9128,5.1344,7.50751,0.84672,12.849,0.84672,3695.15,0,0.0036966,1.13691e-05,0.519808,1.61963,1.51511,1.25934,2.3952,0.42336,0.0018483,0.21168,0.0018483,0.21168,460.486,0,1.02816,0,0,1.54797,0.519808,1.028160,1,0,9.90272,0,0,0,9.90272,0
42.9186,2.26783,0,0,1.07676,0.163569,0.36288,3.6288,57.9397,0.361165,0,0,0.352238,0.340681,0,0.66528,12.849,1,0.652819,0.36288,0,17.8213,5.1344,12.397,0.84672,12.849,0.84672,3695.15,0,0.0036966,1.14522e-05,0.510684,1.62019,1.51913,1.25934,2.39065,0.42336,0.0018483,0.21168,0.0018483,0.21168,460.486,0,1.02816,0,0,1.53884,0.510684,1.028160,1,0,14.7876,0,0,0,14.7876,0
41.4131,2.19041,0,0,1.20818,0.160386,0.36288,3.6288,57.8035,0.297699,0,0,0.501473,0.339914,0,0.66528,12.849,1,0.655766,0.36288,0,41.8021,5.1344,36.3749,0.84672,12.849,0.84672,3695.15,0,0.0036966,9.49674e-06,0.864052,1.62075,2.10264,1.25934,3.32809,0.42336,0.0018483,0.21168,0.0018483,0.21168,460.486,0,1.02816,0,0,1.89221,0.864052,1.028160,1,0,39.7029,0,0,0,39.7029,0
39.6753,2.17296,0,0,0.930683,0.132657,0.36288,3.6288,57.6451,0.327988,0,0,0.400627,0.231087,0,0.66528,12.849,1,0.674192,0.36288,0,20.4548,4.43592,15.7075,0.84672,12.849,0.84672,3695.15,0,0.0036966,1.04876e-05,0.216518,1.55776,2.04609,0.993062,2.82729,0.42336,0.0018483,0.21168,0.0018483,0.21168,460.486,0,0.998326,0,0,1.21484,0.216518,1.028160,1,0,18.5348,0,0,0,18.5348,0
38.1001,2.15139,0,0,1.13916,0.200071,0.36288,3.6288,57.0393,0.674785,0,0,0.289875,0.220873,0,0.66528,12.849,1,0.696736,0.36288,0,26.2595,4.53327,21.3923,0.84672,12.849,0.84672,3695.15,0,0.0036966,2.16359e-05,0.292723,1.55829,1.85559,1.11707,2.58951,0.42336,0.0018483,0.21168,0.0018483,0.21168,460.486,0,0.651974,0,0,0.944698,0.292723,1.028160,1,0,23.9818,0,0,0,23.9818,0
36.5831,2.13058,0,0,1.17295,0.196453,0.36288,3.6288,56.943,0.299067,0,0,0.42279,0.220007,0,0.66528,12.849,1,0.718523,0.36288,0,26.6423,4.53327,21.7534,0.84672,12.849,0.84672,3695.15,0,0.0036966,9.69097e-06,0.838927,1.55883,2.55328,1.11707,3.83396,0.42336,0.0018483,0.21168,0.0018483,0.21168,460.486,0,1.02816,0,0,1.86709,0.838927,1.028160,1,0,25.5873,0,0,0,25.5873,0
37.3644,1.9504,0,0,3.2875,0.192969,0.36288,3.6288,57.8228,0.166165,0,0,1.26587,0.219869,0,0.66528,12.849,1,0.685034,0.36288,0,82.5211,4.53327,77.6656,0.84672,12.849,0.84672,3695.15,0,0.0036966,5.39352e-06,2.76128,1.55936,5.30056,1.11707,8.50413,0.42336,0.0018483,0.21168,0.0018483,0.21168,460.486,0,1.02816,0,0,3.78944,2.76128,1.028160,1,0,86.1698,0,0,0,86.1698,0
37.8943,1.96173,0,0,3.04688,0.192312,0.36288,3.6288,58.4267,0.166576,0,0,1.00755,0.237121,0,0.66528,12.849,1,0.674608,0.36288,0,56.9647,4.48947,52.1635,0.84672,12.849,0.84672,3695.15,0,0.0036966,5.32458e-06,2.13173,1.41664,6.3339,1.03473,8.84753,0.42336,0.0018483,0.21168,0.0018483,0.21168,460.486,0,1.02816,0,0,3.15989,2.13173,1.028160,1,0,61.0111,0,0,0,61.0111,0
38.4094,1.96946,0,0,3.03994,0.192527,0.36288,3.6288,58.9234,0.166987,0,0,0.90813,0.24447,0,0.66528,12.849,1,0.667792,0.36288,0,67.7235,4.47195,62.9467,0.84672,12.849,0.84672,3695.15,0,0.0036966,5.28254e-06,3.0493,1.41713,8.1479,1.00179,11.6125,0.42336,0.0018483,0.21168,0.0018483,0.21168,460.486,0,1.02816,0,0,4.07746,3.0493,1.028160,1,0,74.5592,0,0,0,74.5592,0
38.4228,1.97685,0,0,2.54683,0.193689,0.36288,3.6288,59.1562,0.167397,0,0,0.645514,0.245251,0,0.66528,12.849,1,0.661309,0.36288,0,64.448,4.47195,59.6776,0.84672,12.849,0.84672,3695.15,0,0.0036966,5.25089e-06,1.91725,1.41761,5.69136,1.00179,8.02442,0.42336,0.0018483,0.21168,0.0018483,0.21168,460.486,0,1.02816,0,0,2.94541,1.91725,1.028160,1,0,67.7021,0,0,0,67.7021,0
39.3501,1.9777,0,0,3.45859,0.190692,0.36288,3.6288,59.9025,0.167808,0,0,1.15053,0.236482,0,0.66528,12.849,1,0.661364,0.36288,0,80.4059,4.14588,75.9616,0.84672,12.849,0.84672,3695.15,0,0.0036966,5.24305e-06,2.60467,1.4181,9.79453,0.92842,12.8889,0.42336,0.0018483,0.21168,0.0018483,0.21168,460.486,0,1.02816,0,0,3.63283,2.60467,1.028160,1,0,88.8504,0,0,0,88.8504,0
39.993,2.05246,0,0,3.24416,0.186005,0.36288,3.6288,60.6379,0.206891,0,0,1.17874,0.236401,0,0.66528,12.849,1,0.67019,0.36288,0,110.546,3.98871,106.25,0.84672,12.849,0.84672,3695.15,0,0.0036966,6.38365e-06,2.17775,1.41859,7.18729,0.907798,9.87582,0.42336,0.0018483,0.21168,0.0018483,0.21168,460.486,0,1.02816,0,0,3.20591,2.17775,1.028160,1,0,116.126,0,0,0,116.126,0
41.6172,2.0613,0,0,4.23342,0.185044,0.36288,3.6288,61.308,0.2073,0,0,1.46032,0.248382,0.334563,0.66528,12.849,1,0.662256,0.36288,0,84.9044,4.10287,80.5022,0.84672,12.849,0.84672,3695.15,0,0.0036966,6.31868e-06,4.14495,1.46445,7.19872,0.966579,11.8415,0.42336,0.0018483,0.21168,0.0018483,0.21168,460.486,0,1.02816,0,0,5.17311,4.14495,1.028160,1,0,92.6783,0,0,0,92.6783,0
42.864,2.08174,0,0,3.88013,0.188637,0.36288,3.6288,61.308,0.207708,0,0,1.17482,0.249439,0.717677,0.66528,12.849,1,0.642721,0.36288,0,135.164,4.10287,130.781,0.84672,12.849,0.84672,3695.15,0,0.0036966,6.26195e-06,2.87709,1.46493,6.2361,0.966579,9.61153,0.42336,0.0018483,0.21168,0.0018483,0.21168,460.486,0,1.02816,0,0,3.90525,2.87709,1.028160,1,0,141.111,0,0,0,141.111,0
43.5943,2.09681,0,0,3.38132,0.191396,0.36288,3.6288,61.308,0.208117,0,0,1.03841,0.249439,0.580851,0.66528,12.849,1,0.628545,0.36288,0,90.5852,4.10287,86.2167,0.84672,12.849,0.84672,3695.15,0,0.0036966,6.27427e-06,3.08361,1.46542,5.0138,0.966579,8.59624,0.42336,0.0018483,0.21168,0.0018483,0.21168,460.486,0,1.02816,0,0,4.11177,3.08361,1.028160,1,0,95.3938,0,0,0,95.3938,0
43.7207,2.31102,0,0,2.99627,0.195902,0.36288,3.6288,61.308,0.35393,0,0,0.879267,0.221733,0.303603,0.66528,12.849,1,0.681152,0.36288,0,81.3897,3.67283,77.3986,0.84672,12.849,0.84672,3695.15,0,0.0036966,1.06702e-05,2.57174,1.4659,4.41785,0.851668,7.60381,0.42336,0.0018483,0.21168,0.0018483,0.21168,460.486,0,1.02816,0,0,3.5999,2.57174,1.028160,1,0,85.306,0,0,0,85.306,0
45.9925,2.31331,0,0,5.14111,0.193122,0.36288,3.6288,61.308,0.354387,0,0,0.722813,0.204114,0.164312,0.66528,12.849,1,0.679854,0.36288,0,143.243,3.47425,139.452,0.84672,12.849,0.84672,3695.15,0,0.0036966,1.0684e-05,1.86659,1.62856,3.46535,0.973243,5.98725,0.42336,0.0018483,0.21168,0.0018483,0.21168,460.486,0,1.02816,0,0,2.89475,1.86659,1.028160,1,0,145.604,0,0,0,145.604,0
47.8516,2.34034,0,0,4.75974,0.197422,0.36288,3.6288,61.308,0.354844,0,0,0.73351,0.203024,0.175642,0.66528,12.849,1,0.653823,0.36288,0,140.162,3.46983,136.401,0.84672,12.849,0.84672,3695.15,0,0.0036966,1.06978e-05,1.89813,1.6291,3.38408,1.00117,5.91014,0.42336,0.0018483,0.21168,0.0018483,0.21168,460.486,0,1.02816,0,0,2.92629,1.89813,1.028160,1,0,142.487,0,0,0,142.487,0
49.185,2.36114,0,0,4.2936,0.23626,0.36288,3.6288,61.308,0.355302,0,0,0.647922,0.180414,0.112206,0.66528,12.849,1,0.634008,0.36288,0,129.743,3.60114,125.871,0.84672,12.849,0.84672,3695.15,0,0.0036966,1.07116e-05,1.55398,1.62964,3.24972,0.943666,5.48967,0.42336,0.0018483,0.21168,0.0018483,0.21168,460.486,0,1.02816,0,0,2.58214,1.55398,1.028160,1,0,131.473,0,0,0,131.473,0
53.8946,2.07444,0,0,7.39253,0.245578,0.36288,3.6288,61.308,0.160367,0,0,2.10747,0.176646,1.77046,0.66528,12.849,1,0.541923,0.36288,0,152.539,3.62303,148.737,0.84672,12.849,0.84672,3695.15,0,0.0036966,4.8347e-06,8.72275,1.63018,9.2533,0.934083,18.6721,0.42336,0.0018483,0.21168,0.0018483,0.21168,460.486,0,1.02816,0,0,9.75091,8.72275,1.028160,1,0,169.18,0,0,0,169.18,0
55.3666,2.11338,0,0,4.21595,0.267636,0.36288,3.6288,61.308,0.160759,0,0,1.52186,0.151874,1.20923,0.66528,12.849,1,0.503851,0.36288,0,133.273,3.31091,129.821,0.84672,12.849,0.84672,3695.15,0,0.0036966,4.84654e-06,2.96396,1.40858,7.09633,0.97393,10.4949,0.42336,0.0018483,0.21168,0.0018483,0.21168,460.486,0,1.02816,0,0,3.99212,2.96396,1.028160,1,0,141.525,0,0,0,141.525,0
57.9477,2.12496,0,0,5.34215,0.273281,0.36288,3.6288,61.308,0.161152,0,0,1.42754,0.147745,1.11865,0.66528,12.849,1,0.493142,0.36288,0,110.693,3.25889,107.304,0.84672,12.849,0.84672,3695.15,0,0.0036966,4.85839e-06,3.42641,1.40905,7.13673,0.980571,10.9916,0.42336,0.0018483,0.21168,0.0018483,0.21168,460.486,0,1.02816,0,0,4.45457,3.42641,1.028160,1,0,119.414,0,0,0,119.414,0
59.9243,2.14365,0,0,4.76351,0.280339,0.36288,3.6288,61.308,0.161545,0,0,1.20143,0.147745,0.892136,0.66528,12.849,1,0.475321,0.36288,0,108.852,3.25889,105.481,0.84672,12.849,0.84672,3695.15,0,0.0036966,4.87023e-06,1.73025,1.40951,7.42799,0.980571,9.58717,0.42336,0.0018483,0.21168,0.0018483,0.21168,460.486,0,1.02816,0,0,2.75841,1.73025,1.028160,1,0,115.96,0,0,0,115.96,0
61.5841,2.15727,0,0,4.43611,0.256204,0.36288,3.6288,61.308,0.161938,0,0,1.22014,0.154138,0.904065,0.66528,12.849,1,0.462563,0.36288,0,120.433,3.62828,116.705,0.84672,12.849,0.84672,3695.15,0,0.0036966,4.88208e-06,3.00764,1.40998,6.20805,1.08183,9.54383,0.42336,0.0018483,0.21168,0.0018483,0.21168,460.486,0,1.02816,0,0,4.0358,3.00764,1.028160,1,0,127.153,0,0,0,127.153,0
63.308,2.24753,0,0,4.58827,0.253993,0.36288,3.6288,61.308,0.210211,0,0,1.40068,0.176202,1.01427,0.66528,12.849,1,0.468928,0.36288,0,100.285,4.35712,95.8222,0.84672,12.849,0.84672,3695.15,0,0.0036966,6.33739e-06,2.83619,1.41044,6.44958,1.17228,9.52392,0.42336,0.0018483,0.21168,0.0018483,0.21168,460.486,0,1.02816,0,0,3.86435,2.83619,1.028160,1,0,106.36,0,0,0,106.36,0
63.8526,2.25889,0,0,3.40761,0.241159,0.36288,3.6288,61.308,0.21062,0,0,0.908919,0.18198,0.516319,0.66528,12.849,1,0.458465,0.36288,0,68.3861,4.16608,64.1244,0.84672,12.849,0.84672,3695.15,0,0.0036966,6.34972e-06,1.0651,1.46585,3.27076,1.13327,4.66843,0.42336,0.0018483,0.21168,0.0018483,0.21168,460.486,0,1.02816,0,0,2.09326,1.0651,1.028160,1,0,69.3092,0,0,0,69.3092,0
63.8765,2.26289,0,0,2.86684,0.21716,0.36288,3.6288,61.308,0.211029,0,0,0.775596,0.196253,0.368313,0.66528,12.849,1,0.45536,0.36288,0,51.9772,4.3406,47.5441,0.84672,12.849,0.84672,3695.15,0,0.0036966,6.36206e-06,0.765573,1.46633,2.81936,1.16762,3.88364,0.42336,0.0018483,0.21168,0.0018483,0.21168,460.486,0,1.02816,0,0,1.79373,0.765573,1.028160,1,0,51.7961,0,0,0,51.7961,0
64.2483,2.26378,0,0,3.21431,0.215919,0.36288,3.6288,61.308,0.211438,0,0,0.990109,0.209313,0.569358,0.66528,12.849,1,0.455368,0.36288,0,72.4976,5.01134,67.3938,0.84672,12.849,0.84672,3695.15,0,0.0036966,6.3744e-06,1.27782,1.46682,4.83902,1.37279,6.21086,0.42336,0.0018483,0.21168,0.0018483,0.21168,460.486,0,1.02816,0,0,2.30598,1.27782,1.028160,1,0,74.174,0,0,0,74.174,0
64.5271,2.23549,0,0,3.05675,0.179534,0.36288,3.6288,61.308,0.193227,0,0,1.00215,0.231698,0.577229,0.66528,12.849,1,0.447075,0.36288,0,90.9792,5.47235,85.4227,0.84672,12.849,0.84672,3695.15,0,0.0036966,5.82537e-06,1.64613,1.4673,3.9072,1.46329,5.55733,0.42336,0.0018483,0.21168,0.0018483,0.21168,460.486,0,1.02816,0,0,2.67429,1.64613,1.028160,1,0,91.5572,0,0,0,91.5572,0
64.7209,2.23784,0,0,2.93433,0.139875,0.36288,3.6288,61.308,0.193631,0,0,0.905852,0.233555,0.478666,0.66528,12.849,1,0.445611,0.36288,0,72.3427,4.94351,67.3165,0.84672,12.849,0.84672,3695.15,0,0.0036966,5.83753e-06,1.09532,1.44637,3.03092,1.24997,4.32264,0.42336,0.0018483,0.21168,0.0018483,0.21168,460.486,0,1.02816,0,0,2.12348,1.09532,1.028160,1,0,72.1178,0,0,0,72.1178,0
64.6568,2.23969,0,0,2.66179,0.123263,0.36288,3.6288,61.308,0.194034,0,0,0.887008,0.243071,0.449904,0.66528,12.849,1,0.444644,0.36288,0,66.6524,5.05984,61.5108,0.84672,12.849,0.84672,3695.15,0,0.0036966,5.84969e-06,1.0432,1.44685,2.9051,1.27287,4.12227,0.42336,0.0018483,0.21168,0.0018483,0.21168,460.486,0,1.02816,0,0,2.07136,1.0432,1.028160,1,0,66.083,0,0,0,66.083,0
64.2783,2.24006,0,0,2.34765,0.1232,0.36288,3.6288,61.308,0.194437,0,0,0.964267,0.243071,0.526759,0.66528,12.849,1,0.445159,0.36288,0,62.1226,5.05984,56.9804,0.84672,12.849,0.84672,3695.15,0,0.0036966,5.86186e-06,1.20552,1.44733,3.00044,1.27287,4.38041,0.42336,0.0018483,0.21168,0.0018483,0.21168,460.486,0,1.02816,0,0,2.23368,1.20552,1.028160,1,0,61.8876,0,0,0,61.8876,0
63.8436,2.34481,0,0,2.39578,0.122824,0.36288,3.6288,61.308,0.260961,0,0,0.829889,0.243071,0.325857,0.66528,12.849,1,0.468718,0.36288,0,59.9705,5.05984,54.8048,0.84672,12.849,0.84672,3695.15,0,0.0036966,7.8674e-06,0.811287,1.44781,2.9676,1.27287,3.95382,0.42336,0.0018483,0.21168,0.0018483,0.21168,460.486,0,1.02816,0,0,1.83945,0.811287,1.028160,1,0,59.0845,0,0,0,59.0845,0
63.3688,2.34292,0,0,2.34466,0.113669,0.36288,3.6288,61.308,0.261387,0,0,0.823781,0.280915,0.281479,0.66528,12.849,1,0.471531,0.36288,0,56.547,4.92558,51.5128,0.84672,12.849,0.84672,3695.15,0,0.0036966,7.88022e-06,0.879569,1.52325,3.57132,1.24395,4.73018,0.42336,0.0018483,0.21168,0.0018483,0.21168,460.486,0,1.02816,0,0,1.90773,0.879569,1.028160,1,0,56.5244,0,0,0,56.5244,0
62.6753,2.34076,0,0,2.07298,0.0628246,0.36288,3.6288,61.308,0.261812,0,0,0.770731,0.282518,0.226401,0.66528,12.849,1,0.474625,0.36288,0,50.7556,4.98519,45.6587,0.84672,12.849,0.84672,3695.15,0,0.0036966,7.89305e-06,0.669168,1.52375,2.78837,1.19204,3.78924,0.42336,0.0018483,0.21168,0.0018483,0.21168,460.486,0,1.02816,0,0,1.69733,0.669168,1.028160,1,0,49.6743,0,0,0,49.6743,0
61.8565,2.33717,0,0,1.94373,0.06247,0.36288,3.6288,61.308,0.262238,0,0,0.750488,0.282518,0.205732,0.66528,12.849,1,0.479141,0.36288,0,45.5422,4.98519,40.4408,0.84672,12.849,0.84672,3695.15,0,0.0036966,7.90589e-06,0.728931,1.52425,2.55785,1.19204,3.61899,0.42336,0.0018483,0.21168,0.0018483,0.21168,460.486,0,1.02816,0,0,1.75709,0.728931,1.028160,1,0,44.2655,0,0,0,44.2655,0
60.9645,2.33269,0,0,1.86564,0.0620514,0.36288,3.6288,61.308,0.262664,0,0,0.73777,0.282518,0.192588,0.66528,12.849,1,0.484552,0.36288,0,40.1276,4.98519,35.0208,0.84672,12.849,0.84672,3695.15,0,0.0036966,7.91872e-06,0.78211,1.52476,2.3721,1.19204,3.48693,0.42336,0.0018483,0.21168,0.0018483,0.21168,460.486,0,1.02816,0,0,1.81027,0.78211,1.028160,1,0,38.7003,0,0,0,38.7003,0
59.9952,2.30675,0,0,1.75784,0.0575086,0.36288,3.6288,61.308,0.29949,0,0,0.685757,0.28869,0.0975768,0.66528,12.849,1,0.486175,0.36288,0,36.0127,5.21616,30.6733,0.84672,12.849,0.84672,3695.15,0,0.0036966,9.02896e-06,0.88052,1.52526,2.37935,1.26602,3.5191,0.42336,0.0018483,0.21168,0.0018483,0.21168,460.486,0,1.02816,0,0,1.90868,0.88052,1.028160,1,0,34.2899,0,0,0,34.2899,0
58.969,2.30104,0,0,1.69827,0.060571,0.36288,3.6288,61.308,0.299928,0,0,0.677212,0.283166,0.0941182,0.66528,12.849,1,0.492807,0.36288,0,32.4276,5.50935,26.7883,0.84672,12.849,0.84672,3695.15,0,0.0036966,9.04216e-06,1.03775,1.54916,2.67569,1.31911,3.94347,0.42336,0.0018483,0.21168,0.0018483,0.21168,460.486,0,1.02816,0,0,2.06591,1.03775,1.028160,1,0,30.8259,0,0,0,30.8259,0
57.8348,2.29475,0,0,1.58336,0.0599766,0.36288,3.6288,61.308,0.300366,0,0,0.650687,0.283166,0.0671555,0.66528,12.849,1,0.500014,0.36288,0,31.9987,5.50935,26.3522,0.84672,12.849,0.84672,3695.15,0,0.0036966,9.05536e-06,0.954504,1.54967,2.73407,1.31911,3.91912,0.42336,0.0018483,0.21168,0.0018483,0.21168,460.486,0,1.02816,0,0,1.98266,0.954504,1.028160,1,0,30.3385,0,0,0,30.3385,0
56.5594,2.28748,0,0,1.43431,0.0593195,0.36288,3.6288,61.308,0.300804,0,0,0.621804,0.283166,0.0378339,0.66528,12.849,1,0.508205,0.36288,0,31.4467,5.50935,25.792,0.84672,12.849,0.84672,3695.15,0,0.0036966,9.06857e-06,0.855973,1.55018,2.58289,1.31911,3.66993,0.42336,0.0018483,0.21168,0.0018483,0.21168,460.486,0,1.02816,0,0,1.88413,0.855973,1.028160,1,0,29.4997,0,0,0,29.4997,0
55.116,2.33208,0,0,1.30595,0.0544079,0.36288,3.6288,61.2682,0.333726,0,0,0.588045,0.294135,0,0.66528,12.849,1,0.529795,0.36288,0,27.6822,5.6505,21.8648,0.84672,12.849,0.84672,3695.15,0,0.0036966,1.00611e-05,0.676002,1.55069,2.5069,1.37063,3.36294,0.42336,0.0018483,0.21168,0.0018483,0.21168,460.486,0,1.02816,0,0,1.70416,0.676002,1.028160,1,0,25.2277,0,0,0,25.2277,0
53.6879,2.32159,0,0,1.30315,0.0467233,0.36288,3.6288,61.1007,0.334175,0,0,0.471305,0.304615,0,0.66528,12.849,1,0.541225,0.36288,0,27.1089,5.47869,21.4519,0.84672,12.849,0.84672,3695.15,0,0.0036966,1.00812e-05,0.570067,1.58853,2.24534,1.35829,3.04563,0.42336,0.0018483,0.21168,0.0018483,0.21168,460.486,0,1.02816,0,0,1.59823,0.570067,1.028160,1,0,24.4975,0,0,0,24.4975,0
52.1865,2.31074,0,0,1.21822,0.046054,0.36288,3.6288,60.8978,0.334624,0,0,0.436065,0.304292,0,0.66528,12.849,1,0.553023,0.36288,0,25.7767,5.47869,20.1078,0.84672,12.849,0.84672,3695.15,0,0.0036966,1.01224e-05,0.432527,1.58905,1.9702,1.35829,2.63348,0.42336,0.0018483,0.21168,0.0018483,0.21168,460.486,0,1.02816,0,0,1.46069,0.432527,1.028160,1,0,22.7413,0,0,0,22.7413,0
50.6814,2.29873,0,0,1.20187,0.0453502,0.36288,3.6288,60.7307,0.335073,0,0,0.471779,0.303901,0,0.66528,12.849,1,0.565977,0.36288,0,23.9183,5.47869,18.2365,0.84672,12.849,0.84672,3695.15,0,0.0036966,1.01698e-05,0.530988,1.58958,2.22807,1.35829,2.99033,0.42336,0.0018483,0.21168,0.0018483,0.21168,460.486,0,1.02816,0,0,1.55915,0.530988,1.028160,1,0,21.2268,0,0,0,21.2268,0
49.1466,2.43875,0,0,1.29686,0.0300061,0.36288,3.6288,60.4919,0.452927,0,0,0.498412,0.284288,0,0.66528,12.849,1,0.618283,0.36288,0,24.6529,5.72027,18.6772,0.84672,12.849,0.84672,3695.15,0,0.0036966,1.37846e-05,0.693714,1.5901,2.74848,1.42808,3.60421,0.42336,0.0018483,0.21168,0.0018483,0.21168,460.486,0,1.02816,0,0,1.72187,0.693714,1.028160,1,0,22.2814,0,0,0,22.2814,0
47.4946,2.42424,0,0,1.16768,0.0326109,0.36288,3.6288,60.2043,0.453415,0,0,0.450494,0.284663,0,0.66528,12.849,1,0.633798,0.36288,0,24.7662,5.44785,19.0474,0.84672,12.849,0.84672,3695.15,0,0.0036966,1.38539e-05,0.680296,1.7172,2.191,1.49387,3.09462,0.42336,0.0018483,0.21168,0.0018483,0.21168,460.486,0,1.02816,0,0,1.70846,0.680296,1.028160,1,0,22.1421,0,0,0,22.1421,0
45.6964,2.40768,0,0,1.00683,0.034444,0.36288,3.6288,59.8619,0.453903,0,0,0.404704,0.293215,0,0.66528,12.849,1,0.651363,0.36288,0,23.3017,5.24958,17.7637,0.84672,12.849,0.84672,3695.15,0,0.0036966,1.3935e-05,0.653417,1.71777,2.15457,1.53797,2.98778,0.42336,0.0018483,0.21168,0.0018483,0.21168,460.486,0,1.02816,0,0,1.68158,0.653417,1.028160,1,0,20.7515,0,0,0,20.7515,0
43.9833,2.38845,0,0,1.07201,0.0337644,0.36288,3.6288,59.5163,0.454391,0,0,0.401396,0.292576,0,0.66528,12.849,1,0.67159,0.36288,0,21.767,5.24958,16.2087,0.84672,12.849,0.84672,3695.15,0,0.0036966,1.40298e-05,0.627454,1.71833,2.27081,1.53797,3.07862,0.42336,0.0018483,0.21168,0.0018483,0.21168,460.486,0,1.02816,0,0,1.65561,0.627454,1.028160,1,0,19.2873,0,0,0,19.2873,0
42.8195,2.36899,0,0,1.609,0.0409266,0.36288,3.6288,59.2495,0.45488,0,0,0.477944,0.28981,0,0.66528,12.849,1,0.692061,0.36288,0,32.1429,5.19021,26.6235,0.84672,12.849,0.84672,3695.15,0,0.0036966,1.41265e-05,0.954599,1.7189,2.41321,1.53069,3.55601,0.42336,0.0018483,0.21168,0.0018483,0.21168,460.486,0,1.02816,0,0,1.98276,0.954599,1.028160,1,0,30.1795,0,0,0,30.1795,0
42.1289,2.28343,0,0,2.01521,0.059481,0.36288,3.6288,59.3392,0.383991,0,0,0.749297,0.27562,0,0.66528,12.849,1,0.685197,0.36288,0,31.652,4.96739,26.3623,0.84672,12.849,0.84672,3695.15,0,0.0036966,1.19787e-05,1.67089,1.71947,2.71599,1.49035,4.61599,0.42336,0.0018483,0.21168,0.0018483,0.21168,460.486,0,1.02816,0,0,2.69905,1.67089,1.028160,1,0,30.9783,0,0,0,30.9783,0
40.3325,2.27557,0,0,0.913516,0.0715306,0.36288,3.6288,59.0482,0.384456,0,0,0.354605,0.261219,0,0.66528,12.849,1,0.694032,0.36288,0,15.7843,4.51406,10.9391,0.84672,12.849,0.84672,3695.15,0,0.0036966,1.1975e-05,0.521104,1.64738,1.36815,1.43863,2.09799,0.42336,0.0018483,0.21168,0.0018483,0.21168,460.486,0,1.02816,0,0,1.54926,0.521104,1.028160,1,0,13.0371,0,0,0,13.0371,0
38.3898,2.25287,0,0,0.743126,0.0700324,0.36288,3.6288,58.6594,0.419929,0,0,0.291867,0.260732,0,0.66528,12.849,1,0.717712,0.36288,0,14.4946,4.51406,9.62575,0.84672,12.849,0.84672,3695.15,0,0.0036966,1.31444e-05,0.216518,1.64792,1.23618,1.43863,1.66197,0.42336,0.0018483,0.21168,0.0018483,0.21168,460.486,0,0.993151,0,0,1.20967,0.216518,1.028160,1,0,11.2877,0,0,0,11.2877,0
36.9034,2.22639,0,0,1.22777,0.124886,0.36288,3.6288,58.5155,0.385386,0,0,0.441978,0.200452,0,0.66528,12.849,1,0.745168,0.36288,0,20.6357,3.68354,16.5699,0.84672,12.849,0.84672,3695.15,0,0.0036966,1.21431e-05,0.509414,1.64846,1.63767,1.17904,2.61649,0.42336,0.0018483,0.21168,0.0018483,0.21168,460.486,0,1.02816,0,0,1.53757,0.509414,1.028160,1,0,19.1864,0,0,0,19.1864,0
36.967,2.14789,0,0,2.73861,0.164307,0.36288,3.6288,58.7421,0.320794,0,0,0.702999,0.155586,0,0.66528,12.849,1,0.747851,0.36288,0,52.7307,3.06064,49.2851,0.84672,12.849,0.84672,3695.15,0,0.0036966,1.01328e-05,1.10772,1.649,3.50066,0.984348,5.27302,0.42336,0.0018483,0.21168,0.0018483,0.21168,460.486,0,1.02816,0,0,2.13588,1.10772,1.028160,1,0,54.5581,0,0,0,54.5581,0
35.4515,2.14955,0,0,1.15271,0.155765,0.36288,3.6288,58.615,0.321238,0,0,0.381761,0.187685,0,0.66528,12.849,1,0.747143,0.36288,0,25.0386,3.80539,20.849,0.84672,12.849,0.84672,3695.15,0,0.0036966,1.01077e-05,0.344204,1.58489,1.81791,0.928595,2.8184,0.42336,0.0018483,0.21168,0.0018483,0.21168,460.486,0,1.02816,0,0,1.37236,0.344204,1.028160,1,0,23.6674,0,0,0,23.6674,0
35.0524,2.12681,0,0,2.24218,0.151549,0.36288,3.6288,58.5054,0.321683,0,0,0.404993,0.192839,0,0.66528,12.849,1,0.770838,0.36288,0,43.1964,3.92952,38.8589,0.84672,12.849,0.84672,3695.15,0,0.0036966,1.01436e-05,0.220743,1.58541,3.03338,0.919302,3.92023,0.42336,0.0018483,0.21168,0.0018483,0.21168,460.486,0,1.02816,0,0,1.2489,0.220743,1.028160,1,0,42.7791,0,0,0,42.7791,0
36.9275,2.12108,0,0,4.50989,0.15082,0.36288,3.6288,59.0198,0.322127,0,0,1.02918,0.192703,0,0.66528,12.849,1,0.777515,0.36288,0,71.0289,3.92952,66.6848,0.84672,12.849,0.84672,3695.15,0,0.0036966,1.01766e-05,1.89754,1.58594,5.24278,0.919302,7.80694,0.42336,0.0018483,0.21168,0.0018483,0.21168,460.486,0,1.02816,0,0,2.9257,1.89754,1.028160,1,0,74.4917,0,0,0,74.4917,0
37.186,1.98908,0,0,2.76468,0.154248,0.36288,3.6288,59.4945,0.186898,0,0,0.854928,0.193341,0,0.66528,12.849,1,0.692105,0.36288,0,42.3897,3.92952,38.131,0.84672,12.849,0.84672,3695.15,0,0.0036966,5.85301e-06,1.64936,1.58646,5.26721,0.919302,7.58372,0.42336,0.0018483,0.21168,0.0018483,0.21168,460.486,0,1.02816,0,0,2.67752,1.64936,1.028160,1,0,45.7147,0,0,0,45.7147,0
38.4515,1.99331,0,0,3.81551,0.193805,0.36288,3.6288,59.6814,0.187298,0,0,0.542734,0.168534,0,0.66528,12.849,1,0.688756,0.36288,0,63.8825,3.59748,59.9592,0.84672,12.849,0.84672,3695.15,0,0.0036966,5.81874e-06,0.775462,1.44123,3.74384,0.960974,4.99955,0.42336,0.0018483,0.21168,0.0018483,0.21168,460.486,0,1.02816,0,0,1.80362,0.775462,1.028160,1,0,64.9587,0,0,0,64.9587,0
40.1866,2.01097,0,0,4.3086,0.199611,0.36288,3.6288,60.0112,0.187698,0,0,0.655285,0.137718,0,0.66528,12.849,1,0.671987,0.36288,0,79.3394,3.14549,75.8848,0.84672,12.849,0.84672,3695.15,0,0.0036966,5.8129e-06,1.3081,1.44171,5.73287,0.944842,7.53784,0.42336,0.0018483,0.21168,0.0018483,0.21168,460.486,0,1.02816,0,0,2.33626,1.3081,1.028160,1,0,83.4226,0,0,0,83.4226,0
45.4033,2.03362,0,0,7.81683,0.203684,0.36288,3.6288,61.2732,0.188098,0,0,1.58808,0.138008,0,0.66528,12.849,1,0.650216,0.36288,0,110.365,3.14549,106.932,0.84672,12.849,0.84672,3695.15,0,0.0036966,5.79326e-06,4.06293,1.44218,10.5722,0.944842,15.1325,0.42336,0.0018483,0.21168,0.0018483,0.21168,460.486,0,1.02816,0,0,5.09109,4.06293,1.028160,1,0,122.064,0,0,0,122.064,0
47.7874,2.09255,0,0,5.05225,0.21269,0.36288,3.6288,61.308,0.188498,0,0,0.7665,0.179383,0.363825,0.66528,12.849,1,0.592184,0.36288,0,111.99,3.62245,108.138,0.84672,12.849,0.84672,3695.15,0,0.0036966,5.68602e-06,1.90307,1.44265,7.17789,1.0682,9.45541,0.42336,0.0018483,0.21168,0.0018483,0.21168,460.486,0,1.02816,0,0,2.93123,1.90307,1.028160,1,0,117.957,0,0,0,117.957,0
49.4824,2.11583,0,0,4.40313,0.229445,0.36288,3.6288,61.308,0.188498,0,0,0.773221,0.270419,0.314304,0.66528,12.849,1,0.568901,0.36288,0,98.1409,5.08833,92.8465,0.84672,12.849,0.84672,3695.15,0,0.0036966,5.68279e-06,1.58958,1.44313,5.9328,1.48325,7.48226,0.42336,0.0018483,0.21168,0.0018483,0.21168,460.486,0,1.02816,0,0,2.61774,1.58958,1.028160,1,0,100.643,0,0,0,100.643,0
51.0996,2.19878,0,0,4.39195,0.213067,0.36288,3.6288,61.308,0.228239,0,0,1.47584,0.228551,1.01905,0.66528,12.849,1,0.570952,0.36288,0,92.645,4.09563,88.3413,0.84672,12.849,0.84672,3695.15,0,0.0036966,6.88089e-06,4.03984,1.44313,8.46789,1.01603,12.9348,0.42336,0.0018483,0.21168,0.0018483,0.21168,460.486,0,1.02816,0,0,5.068,4.03984,1.028160,1,0,102.295,0,0,0,102.295,0
52.7301,2.21392,0,0,4.42402,0.216731,0.36288,3.6288,61.308,0.228636,0,0,1.7671,0.228551,1.30991,0.66528,12.849,1,0.55669,0.36288,0,154.384,4.09563,150.094,0.84672,12.849,0.84672,3695.15,0,0.0036966,6.89288e-06,3.81319,1.48976,9.98499,1.01603,14.2719,0.42336,0.0018483,0.21168,0.0018483,0.21168,460.486,0,1.02816,0,0,4.84135,3.81319,1.028160,1,0,165.676,0,0,0,165.676,0
53.4669,2.22846,0,0,3.54855,0.220425,0.36288,3.6288,61.308,0.229034,0,0,1.22398,0.228551,0.766392,0.66528,12.849,1,0.543021,0.36288,0,103.85,4.09563,99.5744,0.84672,12.849,0.84672,3695.15,0,0.0036966,6.90486e-06,3.26108,1.49023,6.5588,1.01603,10.2941,0.42336,0.0018483,0.21168,0.0018483,0.21168,460.486,0,1.02816,0,0,4.28924,3.26108,1.028160,1,0,110.635,0,0,0,110.635,0
53.7841,2.23521,0,0,3.13933,0.224024,0.36288,3.6288,61.308,0.229431,0,0,1.08402,0.211927,0.642659,0.66528,12.849,1,0.537158,0.36288,0,90.7451,3.8376,86.7332,0.84672,12.849,0.84672,3695.15,0,0.0036966,6.91685e-06,2.67166,1.4907,5.9291,0.947082,9.14437,0.42336,0.0018483,0.21168,0.0018483,0.21168,460.486,0,1.02816,0,0,3.69982,2.67166,1.028160,1,0,96.5202,0,0,0,96.5202,0
53.5898,2.45681,0,0,2.89625,0.270893,0.36288,3.6288,61.308,0.377738,0,0,1.1431,0.164941,0.600418,0.66528,12.849,1,0.58693,0.36288,0,82.6554,3.33276,79.0986,0.84672,12.849,0.84672,3695.15,0,0.0036966,1.1388e-05,2.58939,1.49118,6.55882,0.785094,9.85428,0.42336,0.0018483,0.21168,0.0018483,0.21168,460.486,0,1.02816,0,0,3.61755,2.58939,1.028160,1,0,89.5533,0,0,0,89.5533,0
53.0176,2.45586,0,0,2.53432,0.287749,0.36288,3.6288,61.308,0.378183,0,0,1.17466,0.155013,0.641464,0.66528,12.849,1,0.588833,0.36288,0,77.3263,3.26844,73.8319,0.84672,12.849,0.84672,3695.15,0,0.0036966,1.14014e-05,2.24925,1.65662,6.66708,0.757069,9.81587,0.42336,0.0018483,0.21168,0.0018483,0.21168,460.486,0,1.02816,0,0,3.27741,2.24925,1.028160,1,0,84.2892,0,0,0,84.2892,0
52.4747,2.45152,0,0,2.54108,0.269576,0.36288,3.6288,61.308,0.378627,0,0,1.29148,0.180031,0.732823,0.66528,12.849,1,0.594135,0.36288,0,75.1395,4.24508,70.6632,0.84672,12.849,0.84672,3695.15,0,0.0036966,1.14148e-05,2.47195,1.65714,7.42764,1.08711,10.4696,0.42336,0.0018483,0.21168,0.0018483,0.21168,460.486,0,1.02816,0,0,3.50011,2.47195,1.028160,1,0,81.8656,0,0,0,81.8656,0
52.1558,2.44736,0,0,2.73434,0.242956,0.36288,3.6288,61.308,0.379072,0,0,1.26952,0.184902,0.705544,0.66528,12.849,1,0.599262,0.36288,0,79.9926,4.25846,75.4977,0.84672,12.849,0.84672,3695.15,0,0.0036966,1.14282e-05,2.78829,1.65767,8.60112,1.03729,12.0098,0.42336,0.0018483,0.21168,0.0018483,0.21168,460.486,0,1.02816,0,0,3.81645,2.78829,1.028160,1,0,88.2131,0,0,0,88.2131,0
53.5025,2.13525,0,0,4.09753,0.252767,0.36288,3.6288,61.308,0.18077,0,0,2.20404,0.182202,1.84107,0.66528,12.849,1,0.526035,0.36288,0,96.4829,3.80206,92.5177,0.84672,12.849,0.84672,3695.15,0,0.0036966,5.44982e-06,2.66255,1.65819,9.6074,0.882464,13.0457,0.42336,0.0018483,0.21168,0.0018483,0.21168,460.486,0,1.02816,0,0,3.69071,2.66255,1.028160,1,0,107.404,0,0,0,107.404,0
54.733,2.1466,0,0,4.00626,0.266211,0.36288,3.6288,61.308,0.181152,0,0,1.28498,0.178049,0.925783,0.66528,12.849,1,0.515522,0.36288,0,84.507,3.73096,80.6234,0.84672,12.849,0.84672,3695.15,0,0.0036966,5.46133e-06,1.30051,1.43276,6.23883,0.8814,8.0907,0.42336,0.0018483,0.21168,0.0018483,0.21168,460.486,0,1.02816,0,0,2.32867,1.30051,1.028160,1,0,89.6398,0,0,0,89.6398,0
55.2187,2.15667,0,0,3.27475,0.269551,0.36288,3.6288,61.308,0.181534,0,0,1.07418,0.178049,0.714593,0.66528,12.849,1,0.506295,0.36288,0,73.3873,3.73096,69.5129,0.84672,12.849,0.84672,3695.15,0,0.0036966,5.47286e-06,0.811858,1.43322,4.73721,0.8814,6.10088,0.42336,0.0018483,0.21168,0.0018483,0.21168,460.486,0,1.02816,0,0,1.84002,0.811858,1.028160,1,0,76.3284,0,0,0,76.3284,0
56.5155,2.16097,0,0,4.09151,0.27087,0.36288,3.6288,61.308,0.181917,0,0,1.41096,0.178049,1.051,0.66528,12.849,1,0.502842,0.36288,0,97.2847,3.73096,93.4137,0.84672,12.849,0.84672,3695.15,0,0.0036966,5.48438e-06,1.3351,1.43367,5.38879,0.8814,7.27614,0.42336,0.0018483,0.21168,0.0018483,0.21168,460.486,0,1.02816,0,0,2.36326,1.3351,1.028160,1,0,101.741,0,0,0,101.741,0
58.7711,2.17106,0,0,5.04944,0.259886,0.36288,3.6288,61.308,0.182299,0,0,1.55225,0.162533,1.20741,0.66528,12.849,1,0.493598,0.36288,0,153.916,3.52572,150.26,0.84672,12.849,0.84672,3695.15,0,0.0036966,5.49591e-06,2.02281,1.43412,8.21921,0.90257,10.7736,0.42336,0.0018483,0.21168,0.0018483,0.21168,460.486,0,1.02816,0,0,3.05097,2.02281,1.028160,1,0,162.241,0,0,0,162.241,0
59.2562,2.26721,0,0,3.35023,0.23504,0.36288,3.6288,61.308,0.231379,0,0,1.05068,0.183876,0.635429,0.66528,12.849,1,0.495676,0.36288,0,88.4157,3.95399,84.3289,0.84672,12.849,0.84672,3695.15,0,0.0036966,6.97556e-06,0.956802,1.43457,4.72047,1.11672,5.99512,0.42336,0.0018483,0.21168,0.0018483,0.21168,460.486,0,1.02816,0,0,1.98496,0.956802,1.028160,1,0,90.9595,0,0,0,90.9595,0
59.5033,2.27127,0,0,3.11737,0.236143,0.36288,3.6288,61.308,0.231777,0,0,1.13689,0.183876,0.721241,0.66528,12.849,1,0.492497,0.36288,0,75.4142,3.95399,71.3306,0.84672,12.849,0.84672,3695.15,0,0.0036966,6.98756e-06,0.883086,1.4909,6.1363,1.11672,7.39356,0.42336,0.0018483,0.21168,0.0018483,0.21168,460.486,0,1.02816,0,0,1.91125,0.883086,1.028160,1,0,79.4454,0,0,0,79.4454,0
59.4918,2.27367,0,0,2.853,0.227935,0.36288,3.6288,61.308,0.232175,0,0,1.45077,0.180395,1.0382,0.66528,12.849,1,0.49097,0.36288,0,71.8347,3.73689,67.9697,0.84672,12.849,0.84672,3695.15,0,0.0036966,6.99956e-06,1.38891,1.49138,5.42453,1.07238,7.23242,0.42336,0.0018483,0.21168,0.0018483,0.21168,460.486,0,1.02816,0,0,2.41707,1.38891,1.028160,1,0,76.2403,0,0,0,76.2403,0
59.0109,2.27431,0,0,2.36915,0.212852,0.36288,3.6288,61.308,0.508457,0,0,0.75505,0.191353,0.0552391,0.66528,12.849,1,0.491203,0.36288,0,60.4898,3.95283,56.4087,0.84672,12.849,0.84672,3695.15,0,0.0036966,1.53289e-05,0.528595,1.49185,3.4555,1.11221,4.36371,0.42336,0.0018483,0.21168,0.0018483,0.21168,460.486,0,0.752267,0,0,1.28086,0.528595,1.028160,1,0,60.8276,0,0,0,60.8276,0
58.811,2.24043,0,0,2.60134,0.197983,0.36288,3.6288,61.308,0.214033,0,0,0.785385,0.159934,0.411418,0.66528,12.849,1,0.487829,0.36288,0,59.3769,3.72372,55.5283,0.84672,12.849,0.84672,3695.15,0,0.0036966,6.45263e-06,0.75181,1.49232,3.57374,1.07734,4.74052,0.42336,0.0018483,0.21168,0.0018483,0.21168,460.486,0,1.02816,0,0,1.77997,0.75181,1.028160,1,0,60.6802,0,0,0,60.6802,0
58.045,2.23977,0,0,2.0699,0.233217,0.36288,3.6288,61.308,0.33527,0,0,0.707158,0.189109,0.182779,0.66528,12.849,1,0.489345,0.36288,0,45.8058,4.1159,41.5635,0.84672,12.849,0.84672,3695.15,0,0.0036966,1.01076e-05,0.528595,1.47101,3.03366,1.12278,3.91048,0.42336,0.0018483,0.21168,0.0018483,0.21168,460.486,0,0.907312,0,0,1.43591,0.528595,1.028160,1,0,45.6567,0,0,0,45.6567,0
57.1757,2.23519,0,0,1.88534,0.156535,0.36288,3.6288,61.308,0.330003,0,0,0.591155,0.228347,0.0328048,0.66528,12.849,1,0.494788,0.36288,0,41.5688,4.46186,36.975,0.84672,12.849,0.84672,3695.15,0,0.0036966,9.94885e-06,0.402797,1.47148,2.8009,1.14344,3.53172,0.42336,0.0018483,0.21168,0.0018483,0.21168,460.486,0,0.912972,0,0,1.31577,0.402797,1.028160,1,0,40.5395,0,0,0,40.5395,0
56.2782,2.22975,0,0,1.83796,0.142822,0.36288,3.6288,61.308,0.21521,0,0,0.64571,0.234887,0.195613,0.66528,12.849,1,0.501088,0.36288,0,40.2806,4.51952,35.6229,0.84672,12.849,0.84672,3695.15,0,0.0036966,6.48811e-06,0.406417,1.47194,3.17456,1.14688,3.90603,0.42336,0.0018483,0.21168,0.0018483,0.21168,460.486,0,1.02816,0,0,1.43458,0.406417,1.028160,1,0,39.7246,0,0,0,39.7246,0
55.1435,2.32944,0,0,1.70808,0.150534,0.36288,3.6288,61.308,0.317724,0,0,0.586692,0.23739,0.0315778,0.66528,12.849,1,0.53184,0.36288,0,39.4888,4.51165,34.8082,0.84672,12.849,0.84672,3695.15,0,0.0036966,9.57868e-06,0.402797,1.47241,2.8208,1.14427,3.55172,0.42336,0.0018483,0.21168,0.0018483,0.21168,460.486,0,0.99328,0,0,1.39608,0.402797,1.028160,1,0,38.3915,0,0,0,38.3915,0
54.0107,2.3213,0,0,1.70688,0.155494,0.36288,3.6288,61.2667,0.361924,0,0,0.559922,0.239268,0,0.66528,12.849,1,0.540886,0.36288,0,39.5425,4.50576,34.8587,0.84672,12.849,0.84672,3695.15,0,0.0036966,1.09112e-05,0.402797,1.54911,2.58518,1.14232,3.39476,0.42336,0.0018483,0.21168,0.0018483,0.21168,460.486,0,0.949493,0,0,1.35229,0.402797,1.028160,1,0,38.2535,0,0,0,38.2535,0
52.7091,2.31286,0,0,1.5094,0.135275,0.36288,3.6288,61.2018,0.337101,0,0,0.525546,0.253367,0,0.66528,12.849,1,0.550224,0.36288,0,35.1505,4.66641,30.2968,0.84672,12.849,0.84672,3695.15,0,0.0036966,1.01697e-05,0.30119,1.5496,2.52453,1.18336,3.19195,0.42336,0.0018483,0.21168,0.0018483,0.21168,460.486,0,0.97473,0,0,1.27592,0.30119,1.028160,1,0,33.4887,0,0,0,33.4887,0
51.363,2.30266,0,0,1.42874,0.109211,0.36288,3.6288,61.0288,0.405078,0,0,0.504217,0.272137,0,0.66528,12.849,1,0.561325,0.36288,0,32.5137,4.88061,27.4346,0.84672,12.849,0.84672,3695.15,0,0.0036966,1.22334e-05,0.30119,1.55009,2.45768,1.23809,3.07086,0.42336,0.0018483,0.21168,0.0018483,0.21168,460.486,0,0.907165,0,0,1.20836,0.30119,1.028160,1,0,30.5055,0,0,0,30.5055,0
49.9562,2.29162,0,0,1.34762,0.0999977,0.36288,3.6288,60.9422,0.305547,0,0,0.4971,0.278168,0,0.66528,12.849,1,0.573272,0.36288,0,31.4412,5.04294,26.1879,0.84672,12.849,0.84672,3695.15,0,0.0036966,9.25372e-06,0.30119,1.55058,2.44691,1.269,3.02966,0.42336,0.0018483,0.21168,0.0018483,0.21168,460.486,0,1.00711,0,0,1.3083,0.30119,1.028160,1,0,29.2175,0,0,0,29.2175,0
48.5394,2.25908,0,0,1.28478,0.0795593,0.36288,3.6288,60.8546,0.321931,0,0,0.528192,0.293829,0,0.66528,12.849,1,0.581047,0.36288,0,28.2829,5.44876,22.6159,0.84672,12.849,0.84672,3695.15,0,0.0036966,9.76376e-06,0.655292,1.55106,2.21444,1.34628,3.07451,0.42336,0.0018483,0.21168,0.0018483,0.21168,460.486,0,1.02816,0,0,1.68345,0.655292,1.028160,1,0,25.6904,0,0,0,25.6904,0
47.0549,2.24637,0,0,1.20309,0.0783589,0.36288,3.6288,60.7407,0.322357,0,0,0.502133,0.293666,0,0.66528,12.849,1,0.594644,0.36288,0,28.2458,5.44876,22.5653,0.84672,12.849,0.84672,3695.15,0,0.0036966,9.79075e-06,0.553686,1.57534,2.27571,1.34628,3.05844,0.42336,0.0018483,0.21168,0.0018483,0.21168,460.486,0,1.02816,0,0,1.58185,0.553686,1.028160,1,0,25.6237,0,0,0,25.6237,0
45.4768,2.23234,0,0,1.09415,0.077097,0.36288,3.6288,60.6141,0.322783,0,0,0.48964,0.293454,0,0.66528,12.849,1,0.609572,0.36288,0,27.693,5.44876,21.9976,0.84672,12.849,0.84672,3695.15,0,0.0036966,9.82207e-06,0.533183,1.57584,2.18053,1.34628,2.94326,0.42336,0.0018483,0.21168,0.0018483,0.21168,460.486,0,1.02816,0,0,1.56134,0.533183,1.028160,1,0,24.9408,0,0,0,24.9408,0
43.8147,2.21654,0,0,0.993107,0.0757555,0.36288,3.6288,60.4571,0.323209,0,0,0.459359,0.293218,0,0.66528,12.849,1,0.626262,0.36288,0,24.6767,5.44876,18.9646,0.84672,12.849,0.84672,3695.15,0,0.0036966,9.85557e-06,0.3571,1.57634,2.10937,1.34628,2.69651,0.42336,0.0018483,0.21168,0.0018483,0.21168,460.486,0,1.02816,0,0,1.38526,0.3571,1.028160,1,0,21.6611,0,0,0,21.6611,0
42.0779,2.25018,0,0,0.937656,0.0613549,0.36288,3.6288,60.1144,0.378853,0,0,0.359217,0.323009,0,0.66528,12.849,1,0.659884,0.36288,0,22.8867,5.95225,16.6374,0.84672,12.849,0.84672,3695.15,0,0.0036966,1.15823e-05,0.261274,1.57683,1.94098,1.52002,2.25905,0.42336,0.0018483,0.21168,0.0018483,0.21168,460.486,0,1.00597,0,0,1.26725,0.261274,1.028160,1,0,18.8965,0,0,0,18.8965,0
40.3422,2.23002,0,0,0.919356,0.062183,0.36288,3.6288,59.7857,0.357103,0,0,0.34296,0.314608,0,0.66528,12.849,1,0.680963,0.36288,0,21.2556,5.87149,15.066,0.84672,12.849,0.84672,3695.15,0,0.0036966,1.09796e-05,0.273396,1.61529,1.94857,1.48887,2.34837,0.42336,0.0018483,0.21168,0.0018483,0.21168,460.486,0,1.02816,0,0,1.30156,0.273396,1.028160,1,0,17.4144,0,0,0,17.4144,0
38.524,2.20849,0,0,0.814147,0.0609239,0.36288,3.6288,59.3923,0.401438,0,0,0.322058,0.313949,0,0.66528,12.849,1,0.703405,0.36288,0,20.0267,5.87149,13.8146,0.84672,12.849,0.84672,3695.15,0,0.0036966,1.24106e-05,0.227405,1.6158,1.92958,1.48887,2.2839,0.42336,0.0018483,0.21168,0.0018483,0.21168,460.486,0,0.98426,0,0,1.21166,0.227405,1.028160,1,0,16.0985,0,0,0,16.0985,0
36.6568,2.18428,0,0,0.739584,0.0596455,0.36288,3.6288,58.9124,0.480125,0,0,0.313332,0.313161,0,0.66528,12.849,1,0.728528,0.36288,0,18.8519,5.87149,12.6147,0.84672,12.849,0.84672,3695.15,0,0.0036966,1.49416e-05,0.227405,1.61631,1.86072,1.48887,2.21555,0.42336,0.0018483,0.21168,0.0018483,0.21168,460.486,0,0.906008,0,0,1.13341,0.227405,1.028160,1,0,14.8303,0,0,0,14.8303,0
34.6082,2.30157,0,0,0.67245,0.0566173,0.36288,3.6288,58.3759,0.546889,0,0,0.319379,0.30898,0,0.66528,12.849,1,0.806749,0.36288,0,17.7206,5.9731,11.3036,0.84672,12.849,0.84672,3695.15,0,0.0036966,1.71579e-05,0.227405,1.61682,1.73419,1.4765,2.1019,0.42336,0.0018483,0.21168,0.0018483,0.21168,460.486,0,0.959057,0,0,1.18646,0.227405,1.028160,1,0,13.4055,0,0,0,13.4055,0
32.5487,2.26745,0,0,0.647412,0.0765552,0.36288,3.6288,57.8508,0.544624,0,0,0.305332,0.285844,0,0.66528,12.849,1,0.841839,0.36288,0,16.4765,5.58516,10.4124,0.84672,12.849,0.84672,3695.15,0,0.0036966,1.72439e-05,0.227405,1.74603,1.52412,1.35544,2.1421,0.42336,0.0018483,0.21168,0.0018483,0.21168,460.486,0,0.961796,0,0,1.1892,0.227405,1.028160,1,0,12.5545,0,0,0,12.5545,0
30.5857,2.26355,0,0,0.738046,0.0746335,0.36288,3.6288,57.4005,0.478737,0,0,0.313348,0.284877,0,0.66528,12.849,1,0.84672,0.36288,0,16.6913,5.58516,10.6223,0.84672,12.849,0.84672,3695.15,0,0.0036966,1.52954e-05,0.260384,1.74658,2.15198,1.35544,2.80349,0.42336,0.0018483,0.21168,0.0018483,0.21168,460.486,0,1.02816,0,0,1.28854,0.260384,1.028160,1,0,13.4258,0,0,0,13.4258,0
28.6161,2.26452,0,0,0.730555,0.0727848,0.36288,3.6288,56.9561,0.479212,0,0,0.318846,0.284048,0,0.66528,12.849,1,0.84672,0.36288,0,15.4423,5.58516,9.37327,0.84672,12.849,0.84672,3695.15,0,0.0036966,1.54307e-05,0.222013,1.74713,1.70872,1.35544,2.3224,0.42336,0.0018483,0.21168,0.0018483,0.21168,460.486,0,1.02816,0,0,1.25017,0.222013,1.028160,1,0,11.6957,0,0,0,11.6957,0
26.538,2.23853,0,0,0.605654,0.0822944,0.36288,3.6288,56.4014,0.56585,0,0,0.286394,0.275273,0,0.66528,12.849,1,0.84672,0.36288,0,15.8693,5.57204,9.81347,0.84672,12.849,0.84672,3695.15,0,0.0036966,1.83626e-05,0.204422,1.74768,1.44886,1.32042,2.08052,0.42336,0.0018483,0.21168,0.0018483,0.21168,460.486,0,0.968959,0,0,1.17338,0.204422,1.028160,1,0,11.894,0,0,0,11.894,0
24.9852,2.14498,0,0,1.05812,0.103083,0.36288,3.6288,56.1295,0.43408,0,0,0.387796,0.225613,0,0.66528,12.849,1,0.84672,0.36288,0,19.9247,5.18248,14.2584,0.84672,12.849,0.84672,3695.15,0,0.0036966,1.4225e-05,0.298564,1.76401,1.5778,1.1712,2.46916,0.42336,0.0018483,0.21168,0.0018483,0.21168,460.486,0,1.02816,0,0,1.32672,0.298564,1.028160,1,0,16.7275,0,0,0,16.7275,0
23.3378,2.07383,0,0,0.890153,0.100835,0.36288,3.6288,55.9477,0.506628,0,0,0.550108,0.225213,0,0.66528,12.849,1,0.84672,0.36288,0,18.0688,5.18248,12.4025,0.84672,12.849,0.84672,3695.15,0,0.0036966,1.66829e-05,1.27265,1.69041,1.78102,1.1712,3.57287,0.42336,0.0018483,0.21168,0.0018483,0.21168,460.486,0,1.02816,0,0,2.30081,1.27265,1.028160,1,0,15.9754,0,0,0,15.9754,0
21.5629,2.07523,0,0,0.761676,0.0984492,0.36288,3.6288,55.52,0.506628,0,0,0.303839,0.224946,0,0.66528,12.849,1,0.84672,0.36288,0,18.0512,5.18248,12.3849,0.84672,12.849,0.84672,3695.15,0,0.0036966,1.6737e-05,0.254171,1.73313,1.32551,1.1712,2.14159,0.42336,0.0018483,0.21168,0.0018483,0.21168,460.486,0,1.02816,0,0,1.28233,0.254171,1.028160,1,0,14.5265,0,0,0,14.5265,0
19.713,2.17429,0,0,0.794673,0.107433,0.36288,3.6288,55.1922,0.410555,0,0,0.292504,0.20971,0,0.66528,12.849,1,0.84672,0.36288,0,17.3506,4.97486,11.8919,0.84672,12.849,0.84672,3695.15,0,0.0036966,1.36677e-05,0.216518,1.73339,1.3339,1.1063,2.17749,0.42336,0.0018483,0.21168,0.0018483,0.21168,460.486,0,1.02655,0,0,1.24307,0.216518,1.028160,1,0,14.0694,0,0,0,14.0694,0
18.8649,1.99994,0,0,1.60696,0.0922623,0.36288,3.6288,55.1404,0.440487,0,0,0.567076,0.178416,0,0.66528,12.849,1,0.84672,0.36288,0,22.6659,3.94328,18.2388,0.84672,12.849,0.84672,3695.15,0,0.0036966,1.47512e-05,0.395893,1.67649,2.02121,0.797452,3.29613,0.42336,0.0018483,0.21168,0.0018483,0.21168,460.486,0,1.02816,0,0,1.42405,0.395893,1.028160,1,0,21.5349,0,0,0,21.5349,0
19.1229,1.93518,0,0,2.66954,0.113454,0.36288,3.6288,55.0225,0.506607,0,0,0.57986,0.191175,0,0.66528,12.849,1,0.84672,0.36288,0,36.7386,4.1263,32.1284,0.84672,12.849,0.84672,3695.15,0,0.0036966,1.69814e-05,0.318323,1.66819,2.63206,0.95368,3.66488,0.42336,0.0018483,0.21168,0.0018483,0.21168,460.486,0,1.02816,0,0,1.34648,0.318323,1.028160,1,0,35.7933,0,0,0,35.7933,0
18.9097,1.93654,0,0,2.22149,0.13529,0.36288,3.6288,54.3992,0.842087,0,0,0.405856,0.187103,0,0.66528,12.849,1,0.84672,0.36288,0,29.8483,4.16524,25.1992,0.84672,12.849,0.84672,3695.15,0,0.0036966,2.82871e-05,0.292723,1.70714,2.19751,1.00329,3.19406,0.42336,0.0018483,0.21168,0.0018483,0.21168,460.486,0,0.692669,0,0,0.985392,0.292723,1.028160,1,0,28.3932,0,0,0,28.3932,0
19.818,1.93789,0,0,3.34392,0.134884,0.36288,3.6288,54.689,0.506607,0,0,0.982836,0.186335,0,0.66528,12.849,1,0.84672,0.36288,0,46.5442,4.16524,41.8951,0.84672,12.849,0.84672,3695.15,0,0.0036966,1.72128e-05,1.81988,1.70739,4.45592,1.00329,6.97988,0.42336,0.0018483,0.21168,0.0018483,0.21168,460.486,0,1.02816,0,0,2.84804,1.81988,1.028160,1,0,48.875,0,0,0,48.875,0
24.4908,1.71728,0,0,6.89862,0.145674,0.36288,3.6288,55.9732,0.368682,0,0,1.82861,0.175808,0,0.66528,12.849,1,0.84672,0.36288,0,105.385,4.11836,100.783,0.84672,12.849,0.84672,3695.15,0,0.0036966,1.24602e-05,3.39017,1.70765,6.06596,0.991338,10.1724,0.42336,0.0018483,0.21168,0.0018483,0.21168,460.486,0,1.02816,0,0,4.41833,3.39017,1.028160,1,0,110.956,0,0,0,110.956,0
25.3023,1.87978,0,0,3.2225,0.16831,0.36288,3.6288,56.4213,0.207452,0,0,0.818225,0.162661,0,0.66528,12.849,1,0.84672,0.36288,0,52.1405,4.05583,47.6008,0.84672,12.849,0.84672,3695.15,0,0.0036966,6.8503e-06,1.28128,1.55973,4.31099,0.975409,6.17658,0.42336,0.0018483,0.21168,0.0018483,0.21168,460.486,0,1.02816,0,0,2.30944,1.28128,1.028160,1,0,53.7774,0,0,0,53.7774,0
26.2295,1.6107,0,0,3.07112,0.170285,0.36288,3.6288,56.4964,0.506564,0,0,0.744785,0.163138,0,0.66528,12.849,1,0.817947,0.36288,0,50.5709,4.05583,46.06,0.84672,12.849,0.84672,3695.15,0,0.0036966,1.65945e-05,0.928351,1.46561,3.0796,0.975409,4.49814,0.42336,0.0018483,0.21168,0.0018483,0.21168,460.486,0,1.02816,0,0,1.95651,0.928351,1.028160,1,0,50.5581,0,0,0,50.5581,0
26.7117,1.63095,0,0,2.64792,0.171879,0.36288,3.6288,56.5113,0.506564,0,0,0.696997,0.175521,0,0.66528,12.849,1,0.79895,0.36288,0,44.0679,3.93485,39.697,0.84672,12.849,0.84672,3695.15,0,0.0036966,1.65724e-05,0.88579,1.64089,2.9865,0.935213,4.57796,0.42336,0.0018483,0.21168,0.0018483,0.21168,460.486,0,1.02816,0,0,1.91395,0.88579,1.028160,1,0,44.2749,0,0,0,44.2749,0
28.4314,1.64153,0,0,3.89108,0.167004,0.36288,3.6288,56.665,0.506564,0,0,0.845821,0.185483,0,0.66528,12.849,1,0.789617,0.36288,0,49.8418,3.25962,46.1555,0.84672,12.849,0.84672,3695.15,0,0.0036966,1.65681e-05,1.49828,1.64113,3.90232,0.733459,6.30825,0.42336,0.0018483,0.21168,0.0018483,0.21168,460.486,0,1.02816,0,0,2.52644,1.49828,1.028160,1,0,52.4637,0,0,0,52.4637,0
34.0711,1.73417,0,0,7.91821,0.181492,0.36288,3.6288,59.2301,0.546555,0,0,3.3493,0.237668,0,0.66528,12.849,1,0.783725,0.36288,0,187.796,4.29744,183.078,0.84672,12.849,0.84672,3695.15,0,0.0036966,1.78275e-05,3.08173,1.64136,14.6851,1.07015,18.3381,0.42336,0.0018483,0.21168,0.0018483,0.21168,460.486,0,1.02816,0,0,4.10989,3.08173,1.028160,1,0,201.416,0,0,0,201.416,0
37.5201,2.04507,0,0,6.0495,0.192525,0.36288,3.6288,61.2563,0.249384,0,0,2.49932,0.22372,0,0.66528,12.849,1,0.771245,0.36288,0,103.776,4.4206,98.9469,0.84672,12.849,0.84672,3695.15,0,0.0036966,7.78214e-06,2.58589,1.68851,9.63818,1.09792,12.8147,0.42336,0.0018483,0.21168,0.0018483,0.21168,460.486,0,1.02816,0,0,3.61405,2.58589,1.028160,1,0,111.762,0,0,0,111.762,0
40.888,2.09852,0,0,6.02996,0.200672,0.36288,3.6288,61.308,0.249771,0,0,2.88633,0.226623,2.35828,0.66528,12.849,1,0.718653,0.36288,0,135.067,4.4206,130.291,0.84672,12.849,0.84672,3695.15,0,0.0036966,7.53638e-06,2.85725,1.51484,10.7711,1.09792,14.0452,0.42336,0.0018483,0.21168,0.0018483,0.21168,460.486,0,1.02816,0,0,3.88541,2.85725,1.028160,1,0,146.695,0,0,0,146.695,0
42.8708,2.14422,0,0,4.69867,0.208743,0.36288,3.6288,61.308,0.250157,0,0,2.00324,0.226698,1.52638,0.66528,12.849,1,0.673818,0.36288,0,106.832,4.4206,102.1,0.84672,12.849,0.84672,3695.15,0,0.0036966,7.54167e-06,2.06443,1.51529,7.06847,1.09792,9.55027,0.42336,0.0018483,0.21168,0.0018483,0.21168,460.486,0,1.02816,0,0,3.09259,2.06443,1.028160,1,0,113.177,0,0,0,113.177,0
45.2967,2.3804,0,0,5.39466,0.225455,0.36288,3.6288,61.308,0.400887,0,0,1.9977,0.211321,1.38549,0.66528,12.849,1,0.713439,0.36288,0,133.57,3.98962,129.23,0.84672,12.849,0.84672,3695.15,0,0.0036966,1.20859e-05,1.68414,1.51575,7.527,0.968201,9.75868,0.42336,0.0018483,0.21168,0.0018483,0.21168,460.486,0,1.02816,0,0,2.7123,1.68414,1.028160,1,0,140.374,0,0,0,140.374,0
48.9905,2.41089,0,0,6.70838,0.240888,0.36288,3.6288,61.308,0.401319,0,0,2.65739,0.199789,2.05628,0.66528,12.849,1,0.683881,0.36288,0,158.649,3.66639,154.662,0.84672,12.849,0.84672,3695.15,0,0.0036966,1.20989e-05,1.95728,1.6839,10.2146,0.870912,12.9849,0.42336,0.0018483,0.21168,0.0018483,0.21168,460.486,0,1.02816,0,0,2.98544,1.95728,1.028160,1,0,169.703,0,0,0,169.703,0
51.4088,2.45249,0,0,5.50808,0.274343,0.36288,3.6288,61.308,0.40175,0,0,2.43552,0.184716,1.84905,0.66528,12.849,1,0.643228,0.36288,0,147.015,3.75393,142.981,0.84672,12.849,0.84672,3695.15,0,0.0036966,1.21119e-05,1.67778,1.6844,8.53088,0.832579,11.0605,0.42336,0.0018483,0.21168,0.0018483,0.21168,460.486,0,1.02816,0,0,2.70594,1.67778,1.028160,1,0,155.89,0,0,0,155.89,0
56.9944,2.47745,0,0,8.72542,0.299493,0.36288,3.6288,61.308,0.402182,0,0,5.36465,0.173411,4.78906,0.66528,12.849,1,0.619207,0.36288,0,146.827,3.81958,142.751,0.84672,12.849,0.84672,3695.15,0,0.0036966,1.21249e-05,7.12692,1.68491,23.6613,0.803829,31.6693,0.42336,0.0018483,0.21168,0.0018483,0.21168,460.486,0,1.02816,0,0,8.15508,7.12692,1.028160,1,0,179.21,0,0,0,179.21,0
62.4954,2.20733,0,0,8.35782,0.28666,0.36288,3.6288,61.308,0.200606,0,0,7.34122,0.194599,6.94601,0.66528,12.849,1,0.497627,0.36288,0,180.178,3.67684,176.366,0.84672,12.849,0.84672,3695.15,0,0.0036966,6.04782e-06,6.25164,1.68542,20.0364,0.860592,27.1129,0.42336,0.0018483,0.21168,0.0018483,0.21168,460.486,0,1.02816,0,0,7.2798,6.25164,1.028160,1,0,210.425,0,0,0,210.425,0
66.7013,2.24434,0,0,7.09068,0.277551,0.36288,3.6288,61.308,0.200977,0,0,5.11963,0.21049,4.70816,0.66528,12.849,1,0.461435,0.36288,0,174.541,3.56979,170.873,0.84672,12.849,0.84672,3695.15,0,0.0036966,6.059e-06,5.06771,1.45627,15.8968,0.903163,21.5176,0.42336,0.0018483,0.21168,0.0018483,0.21168,460.486,0,1.02816,0,0,6.09587,5.06771,1.028160,1,0,197.098,0,0,0,197.098,0
71.4423,2.26943,0,0,7.63871,0.265424,0.36288,3.6288,61.308,0.201348,0,0,4.95925,0.198458,4.55944,0.66528,12.849,1,0.437171,0.36288,0,188.175,3.3954,184.705,0.84672,12.849,0.84672,3695.15,0,0.0036966,6.07018e-06,6.15393,1.45671,19.6189,0.878113,26.3515,0.42336,0.0018483,0.21168,0.0018483,0.21168,460.486,0,1.02816,0,0,7.18209,6.15393,1.028160,1,0,215.616,0,0,0,215.616,0
72.29,2.29471,0,0,6.78646,0.251455,3.39256,3.6288,61.308,0.201719,0,0,4.24898,0.173977,3.87328,0.66528,12.849,1,0.412707,3.39256,0,169.418,3.23748,169.161,0.84672,12.849,0.84672,3695.15,0,0.0036966,6.08137e-06,5.18438,1.45715,17.4966,0.852875,23.2853,0.42336,0.0018483,0.21168,0.0018483,0.21168,460.486,0,1.02816,0,0,6.21254,5.18438,1.028160,1,0,196.319,0,0,0,196.319,0
72.29,2.29951,0,0,5.8901,0.291259,3.29933,3.6288,61.308,0.20209,0,0,3.79979,0.180374,3.41733,0.66528,12.849,1,0.408721,3.29933,0,147.784,3.7251,146.949,0.84672,12.849,0.84672,3695.15,0,0.0036966,6.09255e-06,3.84915,1.45759,13.1638,0.931933,17.5386,0.42336,0.0018483,0.21168,0.0018483,0.21168,460.486,0,1.02816,0,0,4.87731,3.84915,1.028160,1,0,167.905,0,0,0,167.905,0
72.29,2.38425,0,0,6.35512,0.259948,3.71092,3.6288,61.308,0.251954,0,0,5.16541,0.173952,4.7395,0.66528,12.849,1,0.423783,3.71092,0,134.069,4.42638,132.93,0.84672,12.849,0.84672,3695.15,0,0.0036966,7.59586e-06,5.4364,1.45803,16.8317,1.10716,22.6189,0.42336,0.0018483,0.21168,0.0018483,0.21168,460.486,0,1.02816,0,0,6.46456,5.4364,1.028160,1,0,160.289,0,0,0,160.289,0
72.29,2.38497,0,0,4.85266,0.259948,2.20774,3.6288,61.308,0.25234,0,0,4.34743,0.173952,3.92114,0.66528,12.849,1,0.423911,2.20774,0,99.9233,4.42638,97.2808,0.84672,12.849,0.84672,3695.15,0,0.0036966,7.6075e-06,3.66625,1.51526,13.5483,1.10716,17.6226,0.42336,0.0018483,0.21168,0.0018483,0.21168,460.486,0,1.02816,0,0,4.69441,3.66625,1.028160,1,0,118.825,0,0,0,118.825,0
72.29,2.38569,0,0,3.94309,0.259948,1.29745,3.6288,61.308,0.252727,0,0,3.42219,0.173952,2.99551,0.66528,12.849,1,0.424038,1.29745,0,79.8085,4.42638,76.2556,0.84672,12.849,0.84672,3695.15,0,0.0036966,7.61914e-06,2.81655,1.51572,10.341,1.10716,13.5661,0.42336,0.0018483,0.21168,0.0018483,0.21168,460.486,0,1.02816,0,0,3.84471,2.81655,1.028160,1,0,92.8172,0,0,0,92.8172,0
72.29,2.38641,0,0,3.57546,0.229146,0.9599,3.6288,61.308,0.253113,0,0,2.96315,0.193207,2.51683,0.66528,12.849,1,0.424166,0.9599,0,72.1354,4.6918,67.9793,0.84672,12.849,0.84672,3695.15,0,0.0036966,7.63079e-06,2.50932,1.51617,9.40015,1.12284,12.3028,0.42336,0.0018483,0.21168,0.0018483,0.21168,460.486,0,1.02816,0,0,3.53748,2.50932,1.028160,1,0,82.7989,0,0,0,82.7989,0
72.29,2.35423,0,0,3.61166,0.219387,1.03804,3.6288,61.308,0.234253,0,0,1.83877,0.224345,1.38017,0.66528,12.849,1,0.418446,1.03804,0,73.3501,4.38295,69.5868,0.84672,12.849,0.84672,3695.15,0,0.0036966,7.06222e-06,1.9318,1.51663,7.0308,1.11187,9.36735,0.42336,0.0018483,0.21168,0.0018483,0.21168,460.486,0,1.02816,0,0,2.95996,1.9318,1.028160,1,0,80.3343,0,0,0,80.3343,0
72.29,2.35494,0,0,3.26419,0.212092,0.697161,3.6288,61.308,0.234634,0,0,1.77729,0.23049,1.31217,0.66528,12.849,1,0.418573,0.697161,0,69.5166,4.31613,65.479,0.84672,12.849,0.84672,3695.15,0,0.0036966,7.07369e-06,2.01963,1.49496,6.86448,1.11205,9.26702,0.42336,0.0018483,0.21168,0.0018483,0.21168,460.486,0,1.02816,0,0,3.04779,2.01963,1.028160,1,0,76.0582,0,0,0,76.0582,0
72.29,2.35565,0,0,2.94456,0.212092,0.376814,3.6288,61.308,0.235015,0,0,1.77441,0.23049,1.30891,0.66528,12.849,1,0.418699,0.376814,0,64.1019,4.31613,59.7439,0.84672,12.849,0.84672,3695.15,0,0.0036966,7.08517e-06,1.8837,1.49541,6.73497,1.11205,9.00202,0.42336,0.0018483,0.21168,0.0018483,0.21168,460.486,0,1.02816,0,0,2.91186,1.8837,1.028160,1,0,70.0548,0,0,0,70.0548,0
72.29,2.35636,0,0,3.32952,0.20601,0.767149,3.6288,61.308,0.235396,0,0,1.56462,0.233457,1.09577,0.66528,12.849,1,0.418825,0.767149,0,67.8992,4.55006,63.6974,0.84672,12.849,0.84672,3695.15,0,0.0036966,7.09665e-06,1.60582,1.49586,8.57321,1.12127,10.5536,0.42336,0.0018483,0.21168,0.0018483,0.21168,460.486,0,1.02816,0,0,2.63398,1.60582,1.028160,1,0,75.3468,0,0,0,75.3468,0
72.29,2.46888,0,0,3.01876,0.170075,0.379799,3.6288,61.308,0.30411,0,0,1.49011,0.254912,0.931084,0.66528,12.849,1,0.438825,0.379799,0,60.9176,5.56323,55.2954,0.84672,12.849,0.84672,3695.15,0,0.0036966,9.16823e-06,1.704,1.49631,6.75518,1.19421,8.76127,0.42336,0.0018483,0.21168,0.0018483,0.21168,460.486,0,1.02816,0,0,2.73216,1.704,1.028160,1,0,64.9877,0,0,0,64.9877,0
72.1247,2.46963,0,0,2.83806,0.170818,0.36288,3.6288,61.308,0.304511,0,0,1.35231,0.259781,0.788014,0.66528,12.849,1,0.438957,0.36288,0,54.3426,5.04273,49.2238,0.84672,12.849,0.84672,3695.15,0,0.0036966,9.18034e-06,1.55599,1.57423,6.007,1.21769,7.91954,0.42336,0.0018483,0.21168,0.0018483,0.21168,460.486,0,1.02816,0,0,2.58415,1.55599,1.028160,1,0,57.9313,0,0,0,57.9313,0
71.883,2.46952,0,0,2.76126,0.170604,0.36288,3.6288,61.308,0.304913,0,0,1.25266,0.259781,0.687967,0.66528,12.849,1,0.439944,0.36288,0,50.5233,5.04273,45.4036,0.84672,12.849,0.84672,3695.15,0,0.0036966,9.19245e-06,1.30819,1.57471,5.53243,1.21769,7.19764,0.42336,0.0018483,0.21168,0.0018483,0.21168,460.486,0,1.02816,0,0,2.33635,1.30819,1.028160,1,0,53.2892,0,0,0,53.2892,0
71.3157,2.46901,0,0,2.42057,0.155939,0.36288,3.6288,61.308,0.305315,0,0,1.16697,0.269225,0.592431,0.66528,12.849,1,0.441332,0.36288,0,45.1398,5.14983,39.9115,0.84672,12.849,0.84672,3695.15,0,0.0036966,9.20456e-06,1.15012,1.57518,5.36766,1.24505,6.84791,0.42336,0.0018483,0.21168,0.0018483,0.21168,460.486,0,1.02816,0,0,2.17828,1.15012,1.028160,1,0,47.3518,0,0,0,47.3518,0
70.6431,2.46677,0,0,2.273,0.115993,0.36288,3.6288,61.308,0.305717,0,0,1.1043,0.293443,0.505145,0.66528,12.849,1,0.44444,0.36288,0,41.8443,5.46881,36.2939,0.84672,12.849,0.84672,3695.15,0,0.0036966,9.21668e-06,1.24383,1.57566,5.26467,1.32657,6.75759,0.42336,0.0018483,0.21168,0.0018483,0.21168,460.486,0,1.02816,0,0,2.27199,1.24383,1.028160,1,0,43.5567,0,0,0,43.5567,0
69.4763,2.44187,0,0,1.7322,0.0942211,0.36288,3.6288,61.308,0.343732,0,0,0.839428,0.297102,0.198594,0.66528,12.849,1,0.444142,0.36288,0,44.387,5.77616,38.5295,0.84672,12.849,0.84672,3695.15,0,0.0036966,1.03628e-05,1.50597,1.57613,4.79823,1.40521,6.47511,0.42336,0.0018483,0.21168,0.0018483,0.21168,460.486,0,1.02816,0,0,2.53413,1.50597,1.028160,1,0,45.2033,0,0,0,45.2033,0
68.1604,2.4363,0,0,1.57665,0.0933764,0.36288,3.6288,61.308,0.344146,0,0,0.805291,0.297102,0.164044,0.66528,12.849,1,0.450572,0.36288,0,40.0697,5.77616,34.2059,0.84672,12.849,0.84672,3695.15,0,0.0036966,1.03752e-05,1.32791,1.60078,4.34956,1.40521,5.87302,0.42336,0.0018483,0.21168,0.0018483,0.21168,460.486,0,1.02816,0,0,2.35607,1.32791,1.028160,1,0,40.2429,0,0,0,40.2429,0
66.7426,2.42972,0,0,1.46716,0.0924237,0.36288,3.6288,61.308,0.344559,0,0,0.750056,0.297102,0.108395,0.66528,12.849,1,0.458029,0.36288,0,36.4587,5.77616,30.5874,0.84672,12.849,0.84672,3695.15,0,0.0036966,1.03877e-05,1.10776,1.60126,4.26076,1.40521,5.56456,0.42336,0.0018483,0.21168,0.0018483,0.21168,460.486,0,1.02816,0,0,2.13592,1.10776,1.028160,1,0,36.2604,0,0,0,36.2604,0
65.2943,2.42229,0,0,1.42834,0.0913972,0.36288,3.6288,61.308,0.344972,0,0,0.714105,0.297102,0.0720304,0.66528,12.849,1,0.466328,0.36288,0,32.6242,5.77616,26.7446,0.84672,12.849,0.84672,3695.15,0,0.0036966,1.04001e-05,0.947506,1.60175,4.2166,1.40521,5.36062,0.42336,0.0018483,0.21168,0.0018483,0.21168,460.486,0,1.02816,0,0,1.97567,0.947506,1.028160,1,0,32.1773,0,0,0,32.1773,0
63.7767,2.47072,0,0,1.38665,0.0706769,0.36288,3.6288,61.29,0.378948,0,0,0.671921,0.311016,0,0.66528,12.849,1,0.486202,0.36288,0,29.7173,5.84643,23.7475,0.84672,12.849,0.84672,3695.15,0,0.0036966,1.14244e-05,0.807952,1.60223,3.93936,1.47062,4.87891,0.42336,0.0018483,0.21168,0.0018483,0.21168,460.486,0,1.02816,0,0,1.83611,0.807952,1.028160,1,0,28.6264,0,0,0,28.6264,0
62.334,2.46183,0,0,1.44402,0.0620443,0.36288,3.6288,61.2874,0.379372,0,0,0.693386,0.316546,0,0.66528,12.849,1,0.49598,0.36288,0,40.5234,5.87454,34.5158,0.84672,12.849,0.84672,3695.15,0,0.0036966,1.14406e-05,1.16667,1.64128,4.34034,1.49678,5.6515,0.42336,0.0018483,0.21168,0.0018483,0.21168,460.486,0,1.02816,0,0,2.19483,1.16667,1.028160,1,0,40.1673,0,0,0,40.1673,0
60.8035,2.45305,0,0,1.34676,0.0613183,0.36288,3.6288,61.2053,0.379796,0,0,0.614164,0.316541,0,0.66528,12.849,1,0.50565,0.36288,0,32.0577,5.87454,26.0404,0.84672,12.849,0.84672,3695.15,0,0.0036966,1.14538e-05,1.1384,1.64177,3.96172,1.49678,5.2451,0.42336,0.0018483,0.21168,0.0018483,0.21168,460.486,0,1.02816,0,0,2.16656,1.1384,1.028160,1,0,31.2855,0,0,0,31.2855,0
59.1618,2.44327,0,0,1.22501,0.060548,0.36288,3.6288,61.0856,0.38022,0,0,0.576897,0.316376,0,0.66528,12.849,1,0.516313,0.36288,0,29.4781,5.87454,23.4502,0.84672,12.849,0.84672,3695.15,0,0.0036966,1.1482e-05,0.799347,1.64227,3.62583,1.49678,4.57065,0.42336,0.0018483,0.21168,0.0018483,0.21168,460.486,0,1.02816,0,0,1.82751,0.799347,1.028160,1,0,28.0208,0,0,0,28.0208,0
57.4107,2.59467,0,0,1.26624,0.0597587,0.36288,3.6288,60.9567,0.501933,0,0,0.675847,0.302724,0,0.66528,12.849,1,0.563521,0.36288,0,29.9618,5.74353,24.0176,0.84672,12.849,0.84672,3695.15,0,0.0036966,1.51873e-05,1.35718,1.64276,4.66301,1.4741,6.18883,0.42336,0.0018483,0.21168,0.0018483,0.21168,460.486,0,1.02816,0,0,2.38534,1.35718,1.028160,1,0,30.2065,0,0,0,30.2065,0
55.4303,2.5814,0,0,1.05317,0.0893682,0.36288,3.6288,60.8149,0.502394,0,0,0.611387,0.250884,0,0.66528,12.849,1,0.577739,0.36288,0,28.823,4.89258,23.7155,0.84672,12.849,0.84672,3695.15,0,0.0036966,1.52333e-05,1.23804,1.77402,3.46265,1.31284,5.16187,0.42336,0.0018483,0.21168,0.0018483,0.21168,460.486,0,1.02816,0,0,2.2662,1.23804,1.028160,1,0,28.8774,0,0,0,28.8774,0
53.6747,2.56541,0,0,1.26038,0.0876326,0.36288,3.6288,60.7049,0.502854,0,0,0.643548,0.250658,0,0.66528,12.849,1,0.594675,0.36288,0,28.1833,4.89258,23.059,0.84672,12.849,0.84672,3695.15,0,0.0036966,1.52829e-05,1.26578,1.77456,4.65197,1.31284,6.37946,0.42336,0.0018483,0.21168,0.0018483,0.21168,460.486,0,1.02816,0,0,2.29394,1.26578,1.028160,1,0,29.4384,0,0,0,29.4384,0
51.6117,2.55049,0,0,0.940671,0.090368,0.36288,3.6288,60.5114,0.503315,0,0,0.560408,0.250564,0,0.66528,12.849,1,0.610552,0.36288,0,26.8563,4.91478,21.6939,0.84672,12.849,0.84672,3695.15,0,0.0036966,1.53246e-05,1.13573,1.77509,3.1243,1.30849,4.72662,0.42336,0.0018483,0.21168,0.0018483,0.21168,460.486,0,1.02816,0,0,2.16389,1.13573,1.028160,1,0,26.4205,0,0,0,26.4205,0
49.5743,2.5317,0,0,0.956197,0.0989308,0.36288,3.6288,60.334,0.503776,0,0,0.576828,0.250458,0,0.66528,12.849,1,0.630282,0.36288,0,24.735,4.97028,19.4973,0.84672,12.849,0.84672,3695.15,0,0.0036966,1.53877e-05,1.07093,1.77562,3.13435,1.29762,4.68327,0.42336,0.0018483,0.21168,0.0018483,0.21168,460.486,0,1.02816,0,0,2.09909,1.07093,1.028160,1,0,24.1806,0,0,0,24.1806,0
47.9477,2.43525,0,0,1.27717,0.105727,0.36288,3.6288,60.1135,0.430508,0,0,0.398722,0.188717,0,0.66528,12.849,1,0.631183,0.36288,0,37.4063,4.79608,32.3419,0.84672,12.849,0.84672,3695.15,0,0.0036966,1.31884e-05,0.822761,1.77616,2.97912,1.23521,4.34282,0.42336,0.0018483,0.21168,0.0018483,0.21168,460.486,0,1.02816,0,0,1.85092,0.822761,1.028160,1,0,36.6847,0,0,0,36.6847,0
46.2903,2.41908,0,0,1.26092,0.136316,0.36288,3.6288,59.9726,0.430947,0,0,0.456189,0.166163,0,0.66528,12.849,1,0.648266,0.36288,0,36.5429,3.60729,32.6502,0.84672,12.849,0.84672,3695.15,0,0.0036966,1.32502e-05,0.657426,1.70164,3.71225,0.891888,5.17941,0.42336,0.0018483,0.21168,0.0018483,0.21168,460.486,0,1.02816,0,0,1.68559,0.657426,1.028160,1,0,37.8296,0,0,0,37.8296,0
44.7529,2.40164,0,0,1.37302,0.145872,0.36288,3.6288,60.1542,0.431385,0,0,0.775794,0.162823,0,0.66528,12.849,1,0.666633,0.36288,0,39.1409,3.51824,35.3189,0.84672,12.849,0.84672,3695.15,0,0.0036966,1.32949e-05,1.69421,1.70215,5.19635,0.880965,7.71173,0.42336,0.0018483,0.21168,0.0018483,0.21168,460.486,0,1.02816,0,0,2.72237,1.69421,1.028160,1,0,43.0307,0,0,0,43.0307,0
43.192,2.38456,0,0,1.32995,0.143378,0.36288,3.6288,60.3361,0.431825,0,0,0.776796,0.163011,0,0.66528,12.849,1,0.68463,0.36288,0,37.5439,3.51824,33.7039,0.84672,12.849,0.84672,3695.15,0,0.0036966,1.32683e-05,1.70182,1.70267,4.75781,0.880965,7.28132,0.42336,0.0018483,0.21168,0.0018483,0.21168,460.486,0,1.02816,0,0,2.72998,1.70182,1.028160,1,0,40.9852,0,0,0,40.9852,0
42.1089,2.30508,0,0,1.74819,0.163364,0.36288,3.6288,60.3523,0.365071,0,0,0.607789,0.226594,0,0.66528,12.849,1,0.685726,0.36288,0,34.4707,4.15357,29.9942,0.84672,12.849,0.84672,3695.15,0,0.0036966,1.11834e-05,0.68218,1.70318,4.31273,0.957523,5.74055,0.42336,0.0018483,0.21168,0.0018483,0.21168,460.486,0,1.02816,0,0,1.71034,0.68218,1.028160,1,0,35.7348,0,0,0,35.7348,0
42.1737,2.29225,0,0,2.89788,0.178003,0.36288,3.6288,60.2807,0.36549,0,0,0.568134,0.274167,0,0.66528,12.849,1,0.699451,0.36288,0,38.18,4.63008,33.2133,0.84672,12.849,0.84672,3695.15,0,0.0036966,1.11932e-05,0.657443,1.63691,4.13519,1.01494,5.4146,0.42336,0.0018483,0.21168,0.0018483,0.21168,460.486,0,1.02816,0,0,1.6856,0.657443,1.028160,1,0,38.6279,0,0,0,38.6279,0
43.0044,2.29376,0,0,3.66554,0.178138,0.36288,3.6288,61.2341,0.365909,0,0,1.5933,0.274042,0,0.66528,12.849,1,0.698838,0.36288,0,61.8515,4.63008,56.8855,0.84672,12.849,0.84672,3695.15,0,0.0036966,1.12193e-05,3.27395,1.63741,7.30083,1.01494,11.1972,0.42336,0.0018483,0.21168,0.0018483,0.21168,460.486,0,1.02816,0,0,4.30211,3.27395,1.028160,1,0,68.0827,0,0,0,68.0827,0
43.1857,2.30485,0,0,3.02886,0.179862,0.36288,3.6288,61.308,0.366328,0,0,0.736503,0.275704,0.0205565,0.66528,12.849,1,0.68865,0.36288,0,44.881,4.63008,39.9251,0.84672,12.849,0.84672,3695.15,0,0.0036966,1.10573e-05,0.87906,1.6379,3.21921,1.01494,4.72122,0.42336,0.0018483,0.21168,0.0018483,0.21168,460.486,0,1.02816,0,0,1.90722,0.87906,1.028160,1,0,44.6669,0,0,0,44.6669,0
45.0487,2.13397,0,0,4.54688,0.187038,0.36288,3.6288,61.308,0.226637,0,0,1.21651,0.262234,0.727641,0.66528,12.849,1,0.634918,0.36288,0,74.6756,4.50553,69.898,0.84672,12.849,0.84672,3695.15,0,0.0036966,6.8326e-06,1.5467,1.63839,6.81904,1.01932,8.9848,0.42336,0.0018483,0.21168,0.0018483,0.21168,460.486,0,1.02816,0,0,2.57486,1.5467,1.028160,1,0,79.6105,0,0,0,79.6105,0
46.597,2.15505,0,0,4.25925,0.193057,0.36288,3.6288,61.308,0.227014,0,0,1.18878,0.205691,0.756072,0.66528,12.849,1,0.614674,0.36288,0,66.1531,3.71207,62.1892,0.84672,12.849,0.84672,3695.15,0,0.0036966,6.84397e-06,1.69633,1.48837,7.3688,0.894306,9.65919,0.42336,0.0018483,0.21168,0.0018483,0.21168,460.486,0,1.02816,0,0,2.72449,1.69633,1.028160,1,0,72.6045,0,0,0,72.6045,0
48.1238,2.17171,0,0,4.25782,0.196427,0.36288,3.6288,61.308,0.227391,0,0,1.63593,0.205691,1.20285,0.66528,12.849,1,0.598845,0.36288,0,69.708,3.71207,65.7599,0.84672,12.849,0.84672,3695.15,0,0.0036966,6.85535e-06,2.68998,1.48882,9.07943,0.894306,12.3639,0.42336,0.0018483,0.21168,0.0018483,0.21168,460.486,0,1.02816,0,0,3.71814,2.68998,1.028160,1,0,79.3267,0,0,0,79.3267,0
50.0715,2.18737,0,0,4.69771,0.199751,0.36288,3.6288,61.308,0.227769,0,0,1.85966,0.205691,1.4262,0.66528,12.849,1,0.584025,0.36288,0,85.0124,3.71207,81.0792,0.84672,12.849,0.84672,3695.15,0,0.0036966,6.86672e-06,2.89221,1.48926,9.74851,0.894306,13.2357,0.42336,0.0018483,0.21168,0.0018483,0.21168,460.486,0,1.02816,0,0,3.92037,2.89221,1.028160,1,0,95.7411,0,0,0,95.7411,0
56.8847,2.20611,0,0,9.60233,0.220111,0.36288,3.6288,61.308,0.228146,0,0,3.13318,0.192609,2.71243,0.66528,12.849,1,0.566117,0.36288,0,103.279,4.10936,98.9665,0.84672,12.849,0.84672,3695.15,0,0.0036966,6.8781e-06,4.05501,1.48971,15.1929,0.981359,19.7563,0.42336,0.0018483,0.21168,0.0018483,0.21168,460.486,0,1.02816,0,0,5.08317,4.05501,1.028160,1,0,121.435,0,0,0,121.435,0
63.8112,2.33296,0,0,9.8953,0.272991,0.36288,3.6288,61.308,0.269146,0,0,2.9652,0.211885,2.48417,0.66528,12.849,1,0.526963,0.36288,0,139.53,5.24372,134.122,0.84672,12.849,0.84672,3695.15,0,0.0036966,8.11414e-06,4.67351,1.49016,16.1569,1.27169,21.0489,0.42336,0.0018483,0.21168,0.0018483,0.21168,460.486,0,1.02816,0,0,5.70167,4.67351,1.028160,1,0,157.655,0,0,0,157.655,0
72.189,2.38126,0,0,11.4176,0.295648,0.36288,3.6288,61.308,0.26952,0,0,5.83201,0.209767,5.35272,0.66528,12.849,1,0.47949,0.36288,0,292.026,5.28181,286.628,0.84672,12.849,0.84672,3695.15,0,0.0036966,8.12541e-06,7.431,1.53827,22.8053,1.27165,30.5029,0.42336,0.0018483,0.21168,0.0018483,0.21168,460.486,0,1.02816,0,0,8.45916,7.431,1.028160,1,0,322.483,0,0,0,322.483,0
72.29,2.4292,0,0,7.55283,0.315734,4.70685,3.6288,61.308,0.269893,0,0,3.2452,0.209767,2.76554,0.66528,12.849,1,0.432377,4.70685,0,218.647,5.28181,217.64,0.84672,12.849,0.84672,3695.15,0,0.0036966,8.13669e-06,4.58007,1.53871,15.0682,1.27165,19.9154,0.42336,0.0018483,0.21168,0.0018483,0.21168,460.486,0,1.02816,0,0,5.60823,4.58007,1.028160,1,0,240.321,0,0,0,240.321,0
72.29,2.43042,0,0,8.23945,0.335309,5.47372,3.6288,61.308,0.270268,0,0,4.37653,0.189506,3.91676,0.66528,12.849,1,0.431988,5.47372,0,189.785,4.89009,189.937,0.84672,12.849,0.84672,3695.15,0,0.0036966,8.14797e-06,5.96762,1.53915,18.9231,1.17214,25.2577,0.42336,0.0018483,0.21168,0.0018483,0.21168,460.486,0,1.02816,0,0,6.99578,5.96762,1.028160,1,0,219.111,0,0,0,219.111,0
72.29,2.66824,0,0,11.2493,0.331296,8.24974,3.6288,61.308,0.423349,0,0,4.47398,0.199354,3.85128,0.66528,12.849,1,0.47426,8.24974,0,180.856,4.90836,183.723,0.84672,12.849,0.84672,3695.15,0,0.0036966,1.2763e-05,5.4335,1.5396,18.9467,1.14219,24.7775,0.42336,0.0018483,0.21168,0.0018483,0.21168,460.486,0,1.02816,0,0,6.46166,5.4335,1.028160,1,0,212.352,0,0,0,212.352,0
72.29,2.66901,0,0,7.43325,0.315634,4.44861,3.6288,61.308,0.423768,0,0,3.64259,0.223291,2.99553,0.66528,12.849,1,0.474397,4.44861,0,145.186,5.14164,144.018,0.84672,12.849,0.84672,3695.15,0,0.0036966,1.27757e-05,3.49825,1.71036,15.0804,1.15533,19.1337,0.42336,0.0018483,0.21168,0.0018483,0.21168,460.486,0,1.02816,0,0,4.52641,3.49825,1.028160,1,0,166.147,0,0,0,166.147,0
72.29,2.66978,0,0,8.4742,0.315634,5.48878,3.6288,61.308,0.424186,0,0,3.84133,0.223291,3.19385,0.66528,12.849,1,0.474533,5.48878,0,187.299,5.14164,187.171,0.84672,12.849,0.84672,3695.15,0,0.0036966,1.27883e-05,3.87929,1.71086,15.3605,1.15533,19.7953,0.42336,0.0018483,0.21168,0.0018483,0.21168,460.486,0,1.02816,0,0,4.90745,3.87929,1.028160,1,0,210.16,0,0,0,210.16,0
72.29,2.67055,0,0,6.0246,0.349403,3.00465,3.6288,61.308,0.424604,0,0,2.70359,0.218107,2.06088,0.66528,12.849,1,0.47467,3.00465,0,123.091,5.27251,120.349,0.84672,12.849,0.84672,3695.15,0,0.0036966,1.28009e-05,2.69853,1.71135,11.5892,1.14386,14.8552,0.42336,0.0018483,0.21168,0.0018483,0.21168,460.486,0,1.02816,0,0,3.72669,2.69853,1.028160,1,0,137.265,0,0,0,137.265,0
72.29,2.33271,0,0,5.70487,0.350252,3.02191,3.6288,61.308,0.219851,0,0,2.8599,0.215033,2.42502,0.66528,12.849,1,0.414622,3.02191,0,102.636,4.98615,100.257,0.84672,12.849,0.84672,3695.15,0,0.0036966,6.62801e-06,2.91025,1.71184,13.49,1.10086,17.0112,0.42336,0.0018483,0.21168,0.0018483,0.21168,460.486,0,1.02816,0,0,3.93841,2.91025,1.028160,1,0,119.694,0,0,0,119.694,0
72.29,2.33338,0,0,4.82378,0.308104,2.18229,3.6288,61.308,0.22021,0,0,1.94467,0.210393,1.51406,0.66528,12.849,1,0.414741,2.18229,0,95.8919,4.13471,93.5248,0.84672,12.849,0.84672,3695.15,0,0.0036966,6.63884e-06,2.77258,1.47908,10.4642,0.905915,13.81,0.42336,0.0018483,0.21168,0.0018483,0.21168,460.486,0,1.02816,0,0,3.80074,2.77258,1.028160,1,0,108.849,0,0,0,108.849,0
72.29,2.33406,0,0,5.27245,0.298726,2.63967,3.6288,61.308,0.220569,0,0,2.03538,0.19878,1.61603,0.66528,12.849,1,0.414861,2.63967,0,105.36,3.96249,103.623,0.84672,12.849,0.84672,3695.15,0,0.0036966,6.64968e-06,2.35033,1.47951,10.3689,0.798698,13.4,0.42336,0.0018483,0.21168,0.0018483,0.21168,460.486,0,1.02816,0,0,3.37849,2.35033,1.028160,1,0,118.639,0,0,0,118.639,0
72.29,2.33473,0,0,4.75368,0.298455,2.12049,3.6288,61.308,0.220929,0,0,1.95189,0.167434,1.56353,0.66528,12.849,1,0.41498,2.12049,0,94.03,3.69915,92.0363,0.84672,12.849,0.84672,3695.15,0,0.0036966,6.66052e-06,2.49653,1.47993,10.3917,0.671619,13.6965,0.42336,0.0018483,0.21168,0.0018483,0.21168,460.486,0,1.02816,0,0,3.52469,2.49653,1.028160,1,0,107.296,0,0,0,107.296,0
72.29,2.3354,0,0,5.55346,0.298455,2.91961,3.6288,61.308,0.221289,0,0,1.81503,0.167434,1.42631,0.66528,12.849,1,0.4151,2.91961,0,111.737,3.69915,110.542,0.84672,12.849,0.84672,3695.15,0,0.0036966,6.67136e-06,1.98986,1.48036,10.1034,0.671619,12.902,0.42336,0.0018483,0.21168,0.0018483,0.21168,460.486,0,1.02816,0,0,3.01802,1.98986,1.028160,1,0,124.871,0,0,0,124.871,0
72.29,2.42143,0,0,5.61484,0.31769,2.87572,3.6288,61.308,0.271913,0,0,2.10469,0.248154,1.58462,0.66528,12.849,1,0.43039,2.87572,0,118.492,3.8305,117.107,0.84672,12.849,0.84672,3695.15,0,0.0036966,8.19758e-06,2.66463,1.48078,11.8244,1.0082,14.9616,0.42336,0.0018483,0.21168,0.0018483,0.21168,460.486,0,1.02816,0,0,3.69279,2.66463,1.028160,1,0,133.653,0,0,0,133.653,0
72.29,2.42212,0,0,5.78833,0.31769,3.04852,3.6288,61.308,0.272287,0,0,1.88152,0.248154,1.36107,0.66528,12.849,1,0.430514,3.04852,0,122.717,3.8305,121.504,0.84672,12.849,0.84672,3695.15,0,0.0036966,8.20886e-06,2.278,1.53889,12.5722,1.0082,15.3808,0.42336,0.0018483,0.21168,0.0018483,0.21168,460.486,0,1.02816,0,0,3.30616,2.278,1.028160,1,0,138.246,0,0,0,138.246,0
72.29,2.42282,0,0,4.73511,0.308762,2.00353,3.6288,61.308,0.272662,0,0,1.74122,0.252911,1.21565,0.66528,12.849,1,0.430638,2.00353,0,99.0343,3.88867,96.7185,0.84672,12.849,0.84672,3695.15,0,0.0036966,8.22014e-06,2.27483,1.53933,10.1982,1.01965,12.9927,0.42336,0.0018483,0.21168,0.0018483,0.21168,460.486,0,1.02816,0,0,3.30299,2.27483,1.028160,1,0,110.927,0,0,0,110.927,0
72.29,2.42352,0,0,3.32467,0.271973,0.62918,3.6288,61.308,0.273036,0,0,1.53556,0.27942,0.983105,0.66528,12.849,1,0.430762,0.62918,0,73.8357,4.28128,69.7528,0.84672,12.849,0.84672,3695.15,0,0.0036966,8.23143e-06,1.90274,1.53977,9.4773,1.12425,11.7956,0.42336,0.0018483,0.21168,0.0018483,0.21168,460.486,0,1.02816,0,0,2.9309,1.90274,1.028160,1,0,82.5315,0,0,0,82.5315,0
72.29,2.3908,0,0,4.09057,0.266895,1.43287,3.6288,61.308,0.253866,0,0,1.55302,0.231312,1.06785,0.66528,12.849,1,0.424947,1.43287,0,86.8415,4.36813,83.4813,0.84672,12.849,0.84672,3695.15,0,0.0036966,7.65348e-06,1.40276,1.54021,8.73901,1.11185,10.5701,0.42336,0.0018483,0.21168,0.0018483,0.21168,460.486,0,1.02816,0,0,2.43092,1.40276,1.028160,1,0,95.1193,0,0,0,95.1193,0
72.29,2.39149,0,0,4.39556,0.248085,1.75598,3.6288,61.308,0.254234,0,0,1.53981,0.214106,1.07147,0.66528,12.849,1,0.42507,1.75598,0,85.5472,4.35929,82.5189,0.84672,12.849,0.84672,3695.15,0,0.0036966,7.6646e-06,1.21973,1.51818,8.77755,1.07099,10.4445,0.42336,0.0018483,0.21168,0.0018483,0.21168,460.486,0,1.02816,0,0,2.24789,1.21973,1.028160,1,0,94.0348,0,0,0,94.0348,0
72.29,2.39218,0,0,3.86057,0.21314,1.25525,3.6288,61.308,0.254603,0,0,1.29902,0.231337,0.813075,0.66528,12.849,1,0.425192,1.25525,0,79.2176,4.30371,75.7439,0.84672,12.849,0.84672,3695.15,0,0.0036966,7.67572e-06,1.34381,1.51862,7.47032,1.04029,9.29245,0.42336,0.0018483,0.21168,0.0018483,0.21168,460.486,0,1.02816,0,0,2.37197,1.34381,1.028160,1,0,85.8494,0,0,0,85.8494,0
72.29,2.39287,0,0,3.37029,0.166547,0.810875,3.6288,61.308,0.254972,0,0,1.28559,0.254313,0.776304,0.66528,12.849,1,0.425314,0.810875,0,64.2775,4.22961,60.4334,0.84672,12.849,0.84672,3695.15,0,0.0036966,7.68685e-06,1.55906,1.51906,6.99293,0.999346,9.0717,0.42336,0.0018483,0.21168,0.0018483,0.21168,460.486,0,1.02816,0,0,2.58722,1.55906,1.028160,1,0,70.2814,0,0,0,70.2814,0
72.29,2.5071,0,0,3.08414,0.165068,0.411974,3.6288,61.308,0.324733,0,0,1.35945,0.23075,0.80397,0.66528,12.849,1,0.445618,0.411974,0,45.8647,4.00488,41.8262,0.84672,12.849,0.84672,3695.15,0,0.0036966,9.78997e-06,1.62602,1.51949,6.74977,0.972416,8.92286,0.42336,0.0018483,0.21168,0.0018483,0.21168,460.486,0,1.02816,0,0,2.65418,1.62602,1.028160,1,0,51.5531,0,0,0,51.5531,0
72.29,2.50782,0,0,3.36555,0.161371,0.696355,3.6288,61.308,0.325122,0,0,1.23576,0.171841,0.738799,0.66528,12.849,1,0.445746,0.696355,0,56.3287,3.44306,53.1363,0.84672,12.849,0.84672,3695.15,0,0.0036966,9.8017e-06,1.29663,1.5986,6.78361,0.905092,8.77374,0.42336,0.0018483,0.21168,0.0018483,0.21168,460.486,0,1.02816,0,0,2.32479,1.29663,1.028160,1,0,62.6488,0,0,0,62.6488,0
72.29,2.50854,0,0,3.13004,0.161371,0.460125,3.6288,61.308,0.325511,0,0,1.18963,0.171841,0.692281,0.66528,12.849,1,0.445874,0.460125,0,51.3789,3.44306,47.9501,0.84672,12.849,0.84672,3695.15,0,0.0036966,9.81343e-06,0.988226,1.59906,6.02731,0.905092,7.70949,0.42336,0.0018483,0.21168,0.0018483,0.21168,460.486,0,1.02816,0,0,2.01639,0.988226,1.028160,1,0,56.3519,0,0,0,56.3519,0
72.2794,2.50926,0,0,2.95974,0.0982258,0.36288,3.6288,61.308,0.3259,0,0,1.11821,0.261813,0.530493,0.66528,12.849,1,0.446003,0.36288,0,49.1021,4.66543,44.3535,0.84672,12.849,0.84672,3695.15,0,0.0036966,9.82516e-06,0.781946,1.59952,5.31894,1.23242,6.46798,0.42336,0.0018483,0.21168,0.0018483,0.21168,460.486,0,1.02816,0,0,1.81011,0.781946,1.028160,1,0,51.352,0,0,0,51.352,0
72.066,2.50993,0,0,2.74715,0.0876945,0.36288,3.6288,61.308,0.326289,0,0,1.05876,0.276808,0.455665,0.66528,12.849,1,0.446187,0.36288,0,44.7462,4.86916,39.7937,0.84672,12.849,0.84672,3695.15,0,0.0036966,9.8369e-06,0.691528,1.59998,5.05299,1.28697,6.05752,0.42336,0.0018483,0.21168,0.0018483,0.21168,460.486,0,1.02816,0,0,1.71969,0.691528,1.028160,1,0,46.3069,0,0,0,46.3069,0
71.7788,2.48705,0,0,2.66347,0.100743,0.36288,3.6288,61.308,0.364872,0,0,1.29409,0.290814,0.638404,0.66528,12.849,1,0.443429,0.36288,0,35.2465,5.33389,29.8321,0.84672,12.849,0.84672,3695.15,0,0.0036966,1.10001e-05,0.785955,1.60044,5.13114,1.29863,6.2189,0.42336,0.0018483,0.21168,0.0018483,0.21168,460.486,0,1.02816,0,0,1.81411,0.785955,1.028160,1,0,36.6894,0,0,0,36.6894,0
71.2158,2.48626,0,0,2.38665,0.100523,0.36288,3.6288,61.308,0.365273,0,0,1.14765,0.290814,0.491565,0.66528,12.849,1,0.445062,0.36288,0,48.7529,5.33389,43.3369,0.84672,12.849,0.84672,3695.15,0,0.0036966,1.10122e-05,0.726253,1.62545,5.88209,1.29863,6.93516,0.42336,0.0018483,0.21168,0.0018483,0.21168,460.486,0,1.02816,0,0,1.75441,0.726253,1.028160,1,0,50.7636,0,0,0,50.7636,0
70.39,2.484,0,0,2.12115,0.100092,0.36288,3.6288,61.308,0.365673,0,0,1.04078,0.290814,0.384296,0.66528,12.849,1,0.448171,0.36288,0,46.9285,5.33389,41.5093,0.84672,12.849,0.84672,3695.15,0,0.0036966,1.10242e-05,0.618218,1.62592,5.71707,1.29863,6.66257,0.42336,0.0018483,0.21168,0.0018483,0.21168,460.486,0,1.02816,0,0,1.64638,0.618218,1.028160,1,0,48.5562,0,0,0,48.5562,0
69.4413,2.48026,0,0,1.99394,0.0994594,0.36288,3.6288,61.308,0.366074,0,0,1.00001,0.290814,0.343123,0.66528,12.849,1,0.452747,0.36288,0,44.0014,5.33389,38.5776,0.84672,12.849,0.84672,3695.15,0,0.0036966,1.10363e-05,0.577178,1.62638,5.4474,1.29863,6.35232,0.42336,0.0018483,0.21168,0.0018483,0.21168,460.486,0,1.02816,0,0,1.60534,0.577178,1.028160,1,0,45.273,0,0,0,45.273,0
68.3513,2.53353,0,0,1.8832,0.076798,0.36288,3.6288,61.308,0.400552,0,0,0.922562,0.321531,0.200478,0.66528,12.849,1,0.468789,0.36288,0,36.9568,5.53092,31.32,0.84672,12.849,0.84672,3695.15,0,0.0036966,1.20758e-05,0.354344,1.62685,4.3282,1.4335,4.87588,0.42336,0.0018483,0.21168,0.0018483,0.21168,460.486,0,1.02816,0,0,1.3825,0.354344,1.028160,1,0,36.3964,0,0,0,36.3964,0
67.5261,2.52796,0,0,2.13362,0.0679594,0.36288,3.6288,61.308,0.400963,0,0,1.19199,0.330968,0.460061,0.66528,12.849,1,0.475219,0.36288,0,44.5436,5.48866,38.9426,0.84672,12.849,0.84672,3695.15,0,0.0036966,1.20881e-05,0.507868,1.66648,4.34412,1.47034,5.04812,0.42336,0.0018483,0.21168,0.0018483,0.21168,460.486,0,1.02816,0,0,1.53603,0.507868,1.028160,1,0,44.4508,0,0,0,44.4508,0
66.514,2.52381,0,0,1.94209,0.0675208,0.36288,3.6288,61.308,0.401373,0,0,0.983146,0.330968,0.250804,0.66528,12.849,1,0.480235,0.36288,0,35.8773,5.48866,30.2713,0.84672,12.849,0.84672,3695.15,0,0.0036966,1.21005e-05,0.541054,1.66696,4.03668,1.47034,4.77434,0.42336,0.0018483,0.21168,0.0018483,0.21168,460.486,0,1.02816,0,0,1.56921,0.541054,1.028160,1,0,35.2965,0,0,0,35.2965,0
65.3321,2.51841,0,0,1.76632,0.0669829,0.36288,3.6288,61.308,0.401784,0,0,0.915598,0.330968,0.182846,0.66528,12.849,1,0.486499,0.36288,0,33.4458,5.48866,27.8335,0.84672,12.849,0.84672,3695.15,0,0.0036966,1.21129e-05,0.296473,1.66744,3.59747,1.47034,4.09103,0.42336,0.0018483,0.21168,0.0018483,0.21168,460.486,0,1.02816,0,0,1.32463,0.296473,1.028160,1,0,32.1074,0,0,0,32.1074,0
64.15,2.67952,0,0,1.91194,0.0516045,0.36288,3.6288,61.308,0.52534,0,0,1.04639,0.340404,0.180647,0.66528,12.849,1,0.526988,0.36288,0,33.3596,5.60435,27.5912,0.84672,12.849,0.84672,3695.15,0,0.0036966,1.58378e-05,0.510123,1.66792,4.78507,1.49366,5.46942,0.42336,0.0018483,0.21168,0.0018483,0.21168,460.486,0,1.02816,0,0,1.53828,0.510123,1.028160,1,0,33.2413,0,0,0,33.2413,0
62.8729,2.6722,0,0,1.79818,0.0401397,0.36288,3.6288,60.5922,1.1761,0,0,0.803269,0.342991,0,0.66528,12.849,1,0.535232,0.36288,0,28.3116,5.21616,22.9231,0.84672,12.849,0.84672,3695.15,0,0.0036966,3.54568e-05,0.227405,1.80116,3.65791,1.43598,4.25046,0.42336,0.0018483,0.21168,0.0018483,0.21168,460.486,0,0.377827,0,0,0.605232,0.227405,1.028160,1,0,27.1736,0,0,0,27.1736,0
61.4935,2.66394,0,0,1.68825,0.0409003,0.36288,3.6288,60.2713,0.781355,0,0,0.793161,0.332685,0,0.66528,12.849,1,0.544414,0.36288,0,27.3151,5.32045,21.8131,0.84672,12.849,0.84672,3695.15,0,0.0036966,2.38344e-05,0.204422,1.80168,3.84947,1.47078,4.38477,0.42336,0.0018483,0.21168,0.0018483,0.21168,460.486,0,0.773029,0,0,0.977452,0.204422,1.028160,1,0,26.1979,0,0,0,26.1979,0
60.0349,2.6546,0,0,1.59936,0.0404392,0.36288,3.6288,59.9213,0.782829,0,0,0.764787,0.332007,0,0.66528,12.849,1,0.554675,0.36288,0,27.0738,5.32045,21.5615,0.84672,12.849,0.84672,3695.15,0,0.0036966,2.40065e-05,0.204422,1.8022,3.65262,1.47078,4.18844,0.42336,0.0018483,0.21168,0.0018483,0.21168,460.486,0,0.772001,0,0,0.976424,0.204422,1.028160,1,0,25.75,0,0,0,25.75,0
58.5653,2.64425,0,0,1.57748,0.0399387,0.36288,3.6288,59.5568,0.79176,0,0,0.758575,0.331268,0,0.66528,12.849,1,0.565938,0.36288,0,25.8662,5.32045,20.3427,0.84672,12.849,0.84672,3695.15,0,0.0036966,2.44222e-05,0.204422,1.80271,3.6811,1.47078,4.21743,0.42336,0.0018483,0.21168,0.0018483,0.21168,460.486,0,0.763517,0,0,0.967939,0.204422,1.028160,1,0,24.5601,0,0,0,24.5601,0
57.7012,2.55302,0,0,2.09844,0.0466816,0.36288,3.6288,59.6412,0.753391,0,0,1.15611,0.318327,0,0.66528,12.849,1,0.560121,0.36288,0,22.0838,4.94352,16.943,0.84672,12.849,0.84672,3695.15,0,0.0036966,2.33809e-05,0.204422,1.80323,3.8794,1.27802,4.60901,0.42336,0.0018483,0.21168,0.0018483,0.21168,460.486,0,0.727479,0,0,0.931902,0.204422,1.028160,1,0,21.552,0,0,0,21.552,0
57.2346,2.54688,0,0,2.50665,0.0634409,0.36288,3.6288,60.4187,0.555543,0,0,1.65529,0.322276,0,0.66528,12.849,1,0.567145,0.36288,0,22.068,4.97563,16.8881,0.84672,12.849,0.84672,3695.15,0,0.0036966,1.72165e-05,0.216518,1.72756,5.35988,1.30026,6.00368,0.42336,0.0018483,0.21168,0.0018483,0.21168,460.486,0,0.925759,0,0,1.14228,0.216518,1.028160,1,0,22.8918,0,0,0,22.8918,0
56.6648,2.54384,0,0,2.40007,0.0631515,0.36288,3.6288,61.1312,0.587097,0,0,1.62354,0.323877,0,0.66528,12.849,1,0.571084,0.36288,0,29.4238,4.97563,24.2399,0.84672,12.849,0.84672,3695.15,0,0.0036966,1.79602e-05,0.216518,1.72805,5.35852,1.30026,6.00282,0.42336,0.0018483,0.21168,0.0018483,0.21168,460.486,0,0.894629,0,0,1.11115,0.216518,1.028160,1,0,30.2428,0,0,0,30.2428,0
56.4505,2.53989,0,0,2.75127,0.062798,0.36288,3.6288,61.308,0.453996,0,0,2.23749,0.325344,1.28139,0.66528,12.849,1,0.57593,0.36288,0,66.1447,4.97563,60.956,0.84672,12.849,0.84672,3695.15,0,0.0036966,1.37265e-05,0.36148,1.72855,7.24032,1.30026,8.03008,0.42336,0.0018483,0.21168,0.0018483,0.21168,460.486,0,1.02816,0,0,1.38964,0.36148,1.028160,1,0,70.2675,0,0,0,70.2675,0
56.1349,2.47325,0,0,2.58962,0.0691516,0.36288,3.6288,61.308,0.386209,0,0,1.8583,0.289037,1.18305,0.66528,12.849,1,0.562949,0.36288,0,83.897,5.02239,78.6745,0.84672,12.849,0.84672,3695.15,0,0.0036966,1.16433e-05,0.618382,1.72904,7.07867,1.2946,8.13148,0.42336,0.0018483,0.21168,0.0018483,0.21168,460.486,0,1.02816,0,0,1.64654,0.618382,1.028160,1,0,87.9891,0,0,0,87.9891,0
55.8279,2.47138,0,0,2.6913,0.164049,0.36288,3.6288,61.308,0.386615,0,0,1.50718,0.182241,0.938323,0.66528,12.849,1,0.565687,0.36288,0,55.97,3.77424,51.993,0.84672,12.849,0.84672,3695.15,0,0.0036966,1.16556e-05,0.831125,1.66175,6.16538,0.990842,7.6674,0.42336,0.0018483,0.21168,0.0018483,0.21168,460.486,0,1.02816,0,0,1.85928,0.831125,1.028160,1,0,60.5987,0,0,0,60.5987,0
58.1561,2.46956,0,0,5.33857,0.17792,0.36288,3.6288,61.308,0.387021,0,0,2.32072,0.172591,1.76111,0.66528,12.849,1,0.568379,0.36288,0,82.0083,3.55583,78.247,0.84672,12.849,0.84672,3695.15,0,0.0036966,1.16678e-05,1.87165,1.66223,12.7158,0.941473,15.3082,0.42336,0.0018483,0.21168,0.0018483,0.21168,460.486,0,1.02816,0,0,2.89981,1.87165,1.028160,1,0,95.3163,0,0,0,95.3163,0
59.8968,2.48891,0,0,4.77458,0.182046,0.36288,3.6288,61.308,0.387427,0,0,2.1182,0.172591,1.55818,0.66528,12.849,1,0.5499,0.36288,0,112.419,3.55583,108.677,0.84672,12.849,0.84672,3695.15,0,0.0036966,1.16801e-05,1.42497,1.6627,11.6524,0.941473,13.7986,0.42336,0.0018483,0.21168,0.0018483,0.21168,460.486,0,1.02816,0,0,2.45313,1.42497,1.028160,1,0,124.033,0,0,0,124.033,0
63.7445,2.3143,0,0,6.71907,0.194203,0.36288,3.6288,61.308,0.245604,0,0,4.0642,0.172168,3.64643,0.66528,12.849,1,0.496462,0.36288,0,110.551,3.66772,106.75,0.84672,12.849,0.84672,3695.15,0,0.0036966,7.40443e-06,1.78408,1.66318,13.0564,0.958218,15.5455,0.42336,0.0018483,0.21168,0.0018483,0.21168,460.486,0,1.02816,0,0,2.81224,1.78408,1.028160,1,0,125.942,0,0,0,125.942,0
64.9382,2.33992,0,0,4.15324,0.256776,0.36288,3.6288,61.308,0.24597,0,0,3.05907,0.169629,2.64347,0.66528,12.849,1,0.471658,0.36288,0,72.2634,4.33912,67.8155,0.84672,12.849,0.84672,3695.15,0,0.0036966,7.41544e-06,1.65938,1.51087,12.163,1.05869,14.2745,0.42336,0.0018483,0.21168,0.0018483,0.21168,460.486,0,1.02816,0,0,2.68754,1.65938,1.028160,1,0,84.7335,0,0,0,84.7335,0
66.0975,2.34783,0,0,4.12932,0.259262,0.36288,3.6288,61.308,0.246335,0,0,2.73094,0.169629,2.31498,0.66528,12.849,1,0.464553,0.36288,0,91.6857,4.33912,87.2449,0.84672,12.849,0.84672,3695.15,0,0.0036966,7.42646e-06,1.10575,1.5113,10.5131,1.05869,12.0714,0.42336,0.0018483,0.21168,0.0018483,0.21168,460.486,0,1.02816,0,0,2.13391,1.10575,1.028160,1,0,101.631,0,0,0,101.631,0
67.3161,2.35533,0,0,4.1985,0.261678,0.36288,3.6288,61.308,0.246701,0,0,2.70873,0.169629,2.2924,0.66528,12.849,1,0.457863,0.36288,0,85.5304,4.33912,81.0963,0.84672,12.849,0.84672,3695.15,0,0.0036966,7.43748e-06,1.05913,1.51173,10.521,1.05869,12.0332,0.42336,0.0018483,0.21168,0.0018483,0.21168,460.486,0,1.02816,0,0,2.08729,1.05913,1.028160,1,0,95.4219,0,0,0,95.4219,0
68.8831,2.36297,0,0,4.56837,0.27559,0.36288,3.6288,61.308,0.247066,0,0,2.93738,0.128664,2.56165,0.66528,12.849,1,0.451032,0.36288,0,71.3577,3.7506,67.5189,0.84672,12.849,0.84672,3695.15,0,0.0036966,7.4485e-06,0.94589,1.51217,11.007,0.758164,12.7069,0.42336,0.0018483,0.21168,0.0018483,0.21168,460.486,0,1.02816,0,0,1.97405,0.94589,1.028160,1,0,82.7875,0,0,0,82.7875,0
72.2231,2.44659,0,0,6.38729,0.237797,0.36288,3.6288,61.308,0.288666,0,0,2.23179,0.193451,1.74967,0.66528,12.849,1,0.456371,0.36288,0,132.753,3.84001,128.819,0.84672,12.849,0.84672,3695.15,0,0.0036966,8.70263e-06,2.63117,1.5126,11.1027,0.823877,14.4225,0.42336,0.0018483,0.21168,0.0018483,0.21168,460.486,0,1.02816,0,0,3.65933,2.63117,1.028160,1,0,144.991,0,0,0,144.991,0
72.29,2.46519,0,0,4.49547,0.225185,1.73819,3.6288,61.308,0.289027,0,0,1.09025,0.225921,0.575299,0.66528,12.849,1,0.438575,1.73819,0,121.942,3.97646,119.266,0.84672,12.849,0.84672,3695.15,0,0.0036966,8.71353e-06,1.84308,1.56141,7.0861,0.898246,9.59234,0.42336,0.0018483,0.21168,0.0018483,0.21168,460.486,0,1.02816,0,0,2.87124,1.84308,1.028160,1,0,129.433,0,0,0,129.433,0
72.29,2.46621,0,0,5.20064,0.2253,2.50913,3.6288,61.308,0.289389,0,0,1.26809,0.225921,0.752783,0.66528,12.849,1,0.43835,2.50913,0,95.8228,3.96994,93.9236,0.84672,12.849,0.84672,3695.15,0,0.0036966,8.72444e-06,2.40046,1.56184,7.91243,0.898246,10.9765,0.42336,0.0018483,0.21168,0.0018483,0.21168,460.486,0,1.02816,0,0,3.42862,2.40046,1.028160,1,0,105.653,0,0,0,105.653,0
72.29,2.46689,0,0,5.46748,0.268257,2.73233,3.6288,61.308,0.289751,0,0,1.17831,0.212653,0.67591,0.66528,12.849,1,0.438471,2.73233,0,116.901,4.06272,115.132,0.84672,12.849,0.84672,3695.15,0,0.0036966,8.73535e-06,2.16872,1.56227,7.84538,0.982687,10.5937,0.42336,0.0018483,0.21168,0.0018483,0.21168,460.486,0,1.02816,0,0,3.19688,2.16872,1.028160,1,0,126.402,0,0,0,126.402,0
72.29,2.70825,0,0,4.07989,0.284722,1.08693,3.6288,61.308,0.44511,0,0,1.07128,0.205688,0.420484,0.66528,12.849,1,0.48137,1.08693,0,93.1038,3.82608,89.8833,0.84672,12.849,0.84672,3695.15,0,0.0036966,1.34191e-05,2.0476,1.5627,7.29337,0.957574,9.94609,0.42336,0.0018483,0.21168,0.0018483,0.21168,460.486,0,1.02816,0,0,3.07576,2.0476,1.028160,1,0,100.25,0,0,0,100.25,0
71.735,2.70899,0,0,2.81836,0.301531,0.36288,3.6288,61.308,0.445515,0,0,0.890715,0.203767,0.241433,0.66528,12.849,1,0.481503,0.36288,0,56.5274,3.53897,52.8698,0.84672,12.849,0.84672,3695.15,0,0.0036966,1.34313e-05,2.53347,1.73601,7.14096,0.969831,10.4406,0.42336,0.0018483,0.21168,0.0018483,0.21168,460.486,0,1.02816,0,0,3.56163,2.53347,1.028160,1,0,63.5518,0,0,0,63.5518,0
71.8548,2.70657,0,0,3.49267,0.303349,0.36288,3.6288,61.308,0.44592,0,0,1.0385,0.204138,0.388444,0.66528,12.849,1,0.484795,0.36288,0,82.6131,3.60518,78.886,0.84672,12.849,0.84672,3695.15,0,0.0036966,1.34435e-05,3.21497,1.73648,8.13499,0.996411,12.09,0.42336,0.0018483,0.21168,0.0018483,0.21168,460.486,0,1.02816,0,0,4.24313,3.21497,1.028160,1,0,91.3645,0,0,0,91.3645,0
72.29,2.708,0,0,3.92143,0.303626,0.474622,3.6288,61.308,0.446324,0,0,1.02832,0.204138,0.377862,0.66528,12.849,1,0.484242,0.474622,0,98.1971,3.60518,94.5823,0.84672,12.849,0.84672,3695.15,0,0.0036966,1.34557e-05,3.54059,1.73696,8.88296,0.996411,13.1641,0.42336,0.0018483,0.21168,0.0018483,0.21168,460.486,0,1.02816,0,0,4.56875,3.54059,1.028160,1,0,108.124,0,0,0,108.124,0
72.29,2.36756,0,0,4.00127,0.303442,1.33027,3.6288,61.308,0.238493,0,0,1.04875,0.201541,0.608715,0.66528,12.849,1,0.420815,1.33027,0,78.3683,3.64271,75.635,0.84672,12.849,0.84672,3695.15,0,0.0036966,7.19002e-06,2.94501,1.73744,7.4594,1.01122,11.1306,0.42336,0.0018483,0.21168,0.0018483,0.21168,460.486,0,1.02816,0,0,3.97317,2.94501,1.028160,1,0,87.3744,0,0,0,87.3744,0
72.29,2.36821,0,0,6.26798,0.300467,3.59931,3.6288,61.308,0.23884,0,0,1.34898,0.195049,0.915091,0.66528,12.849,1,0.420931,3.59931,0,118.499,3.73653,117.941,0.84672,12.849,0.84672,3695.15,0,0.0036966,7.2005e-06,4.09846,1.50117,8.01076,1.04822,12.5622,0.42336,0.0018483,0.21168,0.0018483,0.21168,460.486,0,1.02816,0,0,5.12662,4.09846,1.028160,1,0,131.418,0,0,0,131.418,0
72.29,2.36886,0,0,6.47752,0.300467,3.8082,3.6288,61.308,0.239188,0,0,1.7216,0.195049,1.28736,0.66528,12.849,1,0.421047,3.8082,0,130.637,3.73653,130.287,0.84672,12.849,0.84672,3695.15,0,0.0036966,7.21099e-06,5.23844,1.50159,13.5259,1.04822,19.2177,0.42336,0.0018483,0.21168,0.0018483,0.21168,460.486,0,1.02816,0,0,6.2666,5.23844,1.028160,1,0,150.792,0,0,0,150.792,0
72.29,2.36951,0,0,8.36542,0.300467,5.69545,3.6288,61.308,0.239536,0,0,1.94609,0.195049,1.51151,0.66528,12.849,1,0.421162,5.69545,0,103.586,3.73653,105.124,0.84672,12.849,0.84672,3695.15,0,0.0036966,7.22148e-06,6.67664,1.502,15.5859,1.04822,22.7163,0.42336,0.0018483,0.21168,0.0018483,0.21168,460.486,0,1.02816,0,0,7.7048,6.67664,1.028160,1,0,129.351,0,0,0,129.351,0
72.29,2.37016,0,0,8.71102,0.292152,6.04871,3.6288,61.308,0.239884,0,0,2.9138,0.203166,2.47075,0.66528,12.849,1,0.421278,6.04871,0,180.861,3.71507,182.773,0.84672,12.849,0.84672,3695.15,0,0.0036966,7.23197e-06,11.3123,1.50241,18.2096,1.06662,29.9576,0.42336,0.0018483,0.21168,0.0018483,0.21168,460.486,0,1.02816,0,0,12.3404,11.3123,1.028160,1,0,215.202,0,0,0,215.202,0
72.29,2.45743,0,0,6.41117,0.27528,3.67846,3.6288,61.308,0.291244,0,0,2.0543,0.203509,1.55954,0.66528,12.849,1,0.43679,3.67846,0,127.964,3.96687,127.238,0.84672,12.849,0.84672,3695.15,0,0.0036966,8.78037e-06,4.33063,1.50282,10.8631,1.13938,15.5571,0.42336,0.0018483,0.21168,0.0018483,0.21168,460.486,0,1.02816,0,0,5.35879,4.33063,1.028160,1,0,144.355,0,0,0,144.355,0
72.29,2.45811,0,0,5.4431,0.261099,2.72389,3.6288,61.308,0.291606,0,0,1.8711,0.194744,1.38475,0.66528,12.849,1,0.43691,2.72389,0,106.473,3.91188,104.848,0.84672,12.849,0.84672,3695.15,0,0.0036966,8.79128e-06,3.30682,1.56177,9.42322,1.13281,13.159,0.42336,0.0018483,0.21168,0.0018483,0.21168,460.486,0,1.02816,0,0,4.33498,3.30682,1.028160,1,0,119.392,0,0,0,119.392,0
72.29,2.45878,0,0,4.16061,0.261099,1.44073,3.6288,61.308,0.291968,0,0,1.42291,0.194744,0.936201,0.66528,12.849,1,0.43703,1.44073,0,79.4828,3.91188,76.5746,0.84672,12.849,0.84672,3695.15,0,0.0036966,8.8022e-06,2.12716,1.5622,6.90759,1.13281,9.46414,0.42336,0.0018483,0.21168,0.0018483,0.21168,460.486,0,1.02816,0,0,3.15532,2.12716,1.028160,1,0,86.975,0,0,0,86.975,0
72.29,2.45946,0,0,3.71137,0.229381,1.02254,3.6288,61.308,0.292331,0,0,1.20064,0.210134,0.698176,0.66528,12.849,1,0.43715,1.02254,0,70.4661,4.07516,66.9763,0.84672,12.849,0.84672,3695.15,0,0.0036966,8.81312e-06,1.84692,1.56262,6.10481,1.14744,8.3669,0.42336,0.0018483,0.21168,0.0018483,0.21168,460.486,0,1.02816,0,0,2.87508,1.84692,1.028160,1,0,76.0414,0,0,0,76.0414,0
72.29,2.42622,0,0,3.61525,0.227736,0.961292,3.6288,61.308,0.272858,0,0,0.925188,0.209519,0.442812,0.66528,12.849,1,0.431243,0.961292,0,74.749,3.78334,71.4957,0.84672,12.849,0.84672,3695.15,0,0.0036966,8.22607e-06,1.4546,1.56305,5.21091,1.10567,7.12288,0.42336,0.0018483,0.21168,0.0018483,0.21168,460.486,0,1.02816,0,0,2.48276,1.4546,1.028160,1,0,79.0614,0,0,0,79.0614,0
72.29,2.42689,0,0,3.42961,0.200308,0.802415,3.6288,61.308,0.273215,0,0,0.845346,0.210453,0.361678,0.66528,12.849,1,0.431361,0.802415,0,78.5134,3.4188,75.4657,0.84672,12.849,0.84672,3695.15,0,0.0036966,8.23683e-06,1.40794,1.54067,4.77782,1.08257,6.64386,0.42336,0.0018483,0.21168,0.0018483,0.21168,460.486,0,1.02816,0,0,2.4361,1.40794,1.028160,1,0,82.4712,0,0,0,82.4712,0
72.29,2.42756,0,0,3.49992,0.200308,0.872053,3.6288,61.308,0.273572,0,0,0.72754,0.210453,0.243515,0.66528,12.849,1,0.43148,0.872053,0,75.7935,3.4188,72.8153,0.84672,12.849,0.84672,3695.15,0,0.0036966,8.24759e-06,0.977988,1.5411,4.72554,1.08257,6.16205,0.42336,0.0018483,0.21168,0.0018483,0.21168,460.486,0,1.02816,0,0,2.00615,0.977988,1.028160,1,0,79.2209,0,0,0,79.2209,0
72.29,2.42822,0,0,3.57975,0.169898,0.981631,3.6288,61.308,0.273929,0,0,0.711487,0.225289,0.212269,0.66528,12.849,1,0.431598,0.981631,0,78.5471,4.58842,74.5087,0.84672,12.849,0.84672,3695.15,0,0.0036966,8.25836e-06,1.06645,1.54152,5.87678,1.12868,7.35607,0.42336,0.0018483,0.21168,0.0018483,0.21168,460.486,0,1.02816,0,0,2.09461,1.06645,1.028160,1,0,82.077,0,0,0,82.077,0
72.2082,2.54411,0,0,2.95321,0.128011,0.36288,3.6288,61.308,0.344702,0,0,0.672071,0.242148,0.0852213,0.66528,12.849,1,0.452196,0.36288,0,54.2004,5.21554,48.8955,0.84672,12.849,0.84672,3695.15,0,0.0036966,1.0392e-05,0.929007,1.54194,4.39111,1.20811,5.65394,0.42336,0.0018483,0.21168,0.0018483,0.21168,460.486,0,1.02816,0,0,1.95717,0.929007,1.028160,1,0,54.6347,0,0,0,54.6347,0
71.9612,2.54437,0,0,2.82676,0.166509,0.36288,3.6288,61.308,0.345078,0,0,0.606654,0.241026,0.0205497,0.66528,12.849,1,0.452755,0.36288,0,53.5175,5.03744,48.3902,0.84672,12.849,0.84672,3695.15,0,0.0036966,1.04033e-05,0.704653,1.6222,3.71053,1.09228,4.94509,0.42336,0.0018483,0.21168,0.0018483,0.21168,460.486,0,1.02816,0,0,1.73281,0.704653,1.028160,1,0,53.3559,0,0,0,53.3559,0
71.5688,2.54375,0,0,2.62349,0.109253,0.36288,3.6288,61.2611,0.345455,0,0,0.557165,0.258571,0,0.66528,12.849,1,0.454198,0.36288,0,40.9266,5.33579,35.4995,0.84672,12.849,0.84672,3695.15,0,0.0036966,1.04147e-05,0.471226,1.62265,3.53757,1.21904,4.41239,0.42336,0.0018483,0.21168,0.0018483,0.21168,460.486,0,1.02816,0,0,1.49939,0.471226,1.028160,1,0,39.9118,0,0,0,39.9118,0
71.0741,2.54233,0,0,2.51943,0.108927,0.36288,3.6288,61.2081,0.345831,0,0,0.551318,0.258494,0,0.66528,12.849,1,0.456434,0.36288,0,37.9868,5.33579,32.5575,0.84672,12.849,0.84672,3695.15,0,0.0036966,1.0434e-05,0.476505,1.62309,3.39491,1.21904,4.27545,0.42336,0.0018483,0.21168,0.0018483,0.21168,460.486,0,1.02816,0,0,1.50466,0.476505,1.028160,1,0,36.8329,0,0,0,36.8329,0
70.4485,2.54034,0,0,2.39103,0.113387,0.36288,3.6288,61.1474,0.346208,0,0,0.542594,0.257092,0,0.66528,12.849,1,0.45925,0.36288,0,36.3882,5.25117,31.0407,0.84672,12.849,0.84672,3695.15,0,0.0036966,1.04544e-05,0.599339,1.62353,3.1779,1.22231,4.17845,0.42336,0.0018483,0.21168,0.0018483,0.21168,460.486,0,1.02816,0,0,1.6275,0.599339,1.028160,1,0,35.2191,0,0,0,35.2191,0
68.9643,2.51486,0,0,1.50306,0.109569,0.36288,3.6288,61.0956,0.385339,0,0,0.546643,0.213158,0,0.66528,12.849,1,0.458681,0.36288,0,33.5532,4.62693,28.8304,0.84672,12.849,0.84672,3695.15,0,0.0036966,1.16476e-05,1.27481,1.62398,3.54223,1.10121,5.33979,0.42336,0.0018483,0.21168,0.0018483,0.21168,460.486,0,1.02816,0,0,2.30297,1.27481,1.028160,1,0,34.1702,0,0,0,34.1702,0
67.2414,2.50722,0,0,1.25023,0.102985,0.36288,3.6288,61.0335,0.385726,0,0,0.530758,0.2071,0,0.66528,12.849,1,0.46713,0.36288,0,32.5616,4.60751,27.8498,0.84672,12.849,0.84672,3695.15,0,0.0036966,1.16692e-05,1.29355,1.64933,3.45848,1.07776,5.3236,0.42336,0.0018483,0.21168,0.0018483,0.21168,460.486,0,1.02816,0,0,2.32171,1.29355,1.028160,1,0,33.1734,0,0,0,33.1734,0
65.422,2.49786,0,0,1.13834,0.0970253,0.36288,3.6288,60.9314,0.386114,0,0,0.501949,0.217969,0,0.66528,12.849,1,0.477309,0.36288,0,28.6639,4.74866,23.8008,0.84672,12.849,0.84672,3695.15,0,0.0036966,1.16928e-05,1.07179,1.64978,3.35673,1.12928,4.94901,0.42336,0.0018483,0.21168,0.0018483,0.21168,460.486,0,1.02816,0,0,2.09995,1.07179,1.028160,1,0,28.7498,0,0,0,28.7498,0
63.5839,2.48744,0,0,1.08074,0.0685573,0.36288,3.6288,60.7316,0.386501,0,0,0.470198,0.283485,0,0.66528,12.849,1,0.488538,0.36288,0,25.8527,5.59556,20.1315,0.84672,12.849,0.84672,3695.15,0,0.0036966,1.17242e-05,1.10056,1.65024,3.20089,1.43842,4.51326,0.42336,0.0018483,0.21168,0.0018483,0.21168,460.486,0,1.02816,0,0,2.12872,1.10056,1.028160,1,0,24.6447,0,0,0,24.6447,0
61.5787,2.53416,0,0,0.96152,0.0696321,0.36288,3.6288,60.4706,0.421466,0,0,0.447846,0.287401,0,0.66528,12.849,1,0.512102,0.36288,0,24.3293,5.57827,18.6018,0.84672,12.849,0.84672,3695.15,0,0.0036966,1.28269e-05,1.00387,1.65069,3.03256,1.42321,4.2639,0.42336,0.0018483,0.21168,0.0018483,0.21168,460.486,0,1.02816,0,0,2.03203,1.00387,1.028160,1,0,22.8657,0,0,0,22.8657,0
59.5501,2.52105,0,0,0.926528,0.0712307,0.36288,3.6288,60.1915,0.421863,0,0,0.435425,0.292615,0,0.66528,12.849,1,0.526043,0.36288,0,22.8259,5.55524,17.1075,0.84672,12.849,0.84672,3695.15,0,0.0036966,1.28944e-05,0.897644,1.69087,2.95373,1.40293,4.13931,0.42336,0.0018483,0.21168,0.0018483,0.21168,460.486,0,1.02816,0,0,1.9258,0.897644,1.028160,1,0,21.2468,0,0,0,21.2468,0
57.4307,2.507,0,0,0.820498,0.0699736,0.36288,3.6288,59.886,0.42226,0,0,0.408887,0.292096,0,0.66528,12.849,1,0.54093,0.36288,0,21.5063,5.55524,15.7731,0.84672,12.849,0.84672,3695.15,0,0.0036966,1.29663e-05,0.764649,1.69134,2.92498,1.40293,3.97802,0.42336,0.0018483,0.21168,0.0018483,0.21168,460.486,0,1.02816,0,0,1.79281,0.764649,1.028160,1,0,19.7511,0,0,0,19.7511,0
55.2533,2.49137,0,0,0.74533,0.0685492,0.36288,3.6288,59.5697,0.422657,0,0,0.397809,0.291528,0,0.66528,12.849,1,0.557395,0.36288,0,20.2446,5.55524,14.4948,0.84672,12.849,0.84672,3695.15,0,0.0036966,1.30447e-05,0.648847,1.6918,2.82056,1.40293,3.75827,0.42336,0.0018483,0.21168,0.0018483,0.21168,460.486,0,1.02816,0,0,1.67701,0.648847,1.028160,1,0,18.2531,0,0,0,18.2531,0
52.83,2.63946,0,0,0.631267,0.0521601,0.36288,3.6288,59.1208,0.547995,0,0,0.395649,0.296536,0,0.66528,12.849,1,0.6138,0.36288,0,19.2934,5.83203,13.2104,0.84672,12.849,0.84672,3695.15,0,0.0036966,1.70029e-05,0.634435,1.69226,2.76782,1.40343,3.69107,0.42336,0.0018483,0.21168,0.0018483,0.21168,460.486,0,1.02816,0,0,1.6626,0.634435,1.028160,1,0,16.9015,0,0,0,16.9015,0
50.3532,2.61753,0,0,0.566952,0.0633926,0.36288,3.6288,58.6471,0.548427,0,0,0.400433,0.325642,0,0.66528,12.849,1,0.63662,0.36288,0,18.1378,6.14712,11.7169,0.84672,12.849,0.84672,3695.15,0,0.0036966,1.71455e-05,1.01842,1.82743,2.94309,1.53397,4.25495,0.42336,0.0018483,0.21168,0.0018483,0.21168,460.486,0,1.02816,0,0,2.04658,1.01842,1.028160,1,0,15.9719,0,0,0,15.9719,0
47.914,2.59329,0,0,0.578792,0.0617804,0.36288,3.6288,58.1571,0.548858,0,0,0.383493,0.324653,0,0.66528,12.849,1,0.661749,0.36288,0,16.734,6.14712,10.288,0.84672,12.849,0.84672,3695.15,0,0.0036966,1.72976e-05,0.935107,1.82793,3.01719,1.53397,4.24624,0.42336,0.0018483,0.21168,0.0018483,0.21168,460.486,0,1.02816,0,0,1.96327,0.935107,1.028160,1,0,14.5342,0,0,0,14.5342,0
45.782,2.56743,0,0,0.862546,0.0642629,0.36288,3.6288,57.7393,0.54929,0,0,0.45402,0.322579,0,0.66528,12.849,1,0.688501,0.36288,0,21.5408,6.11744,15.0978,0.84672,12.849,0.84672,3695.15,0,0.0036966,1.74571e-05,1.33707,1.82843,3.30675,1.53033,4.9419,0.42336,0.0018483,0.21168,0.0018483,0.21168,460.486,0,1.02816,0,0,2.36523,1.33707,1.028160,1,0,20.0397,0,0,0,20.0397,0
44.0254,2.54308,0,0,1.23026,0.0808962,0.36288,3.6288,57.4636,0.549722,0,0,0.586737,0.312679,0,0.66528,12.849,1,0.713732,0.36288,0,31.5983,6.0539,25.1935,0.84672,12.849,0.84672,3695.15,0,0.0036966,1.75972e-05,1.44965,1.82893,3.62055,1.50694,5.39217,0.42336,0.0018483,0.21168,0.0018483,0.21168,460.486,0,1.02816,0,0,2.47781,1.44965,1.028160,1,0,30.5857,0,0,0,30.5857,0
42.3978,2.44479,0,0,1.27214,0.0921074,0.36288,3.6288,57.3197,0.474216,0,0,0.610308,0.27999,0,0.66528,12.849,1,0.713521,0.36288,0,26.4802,5.54118,20.5884,0.84672,12.849,0.84672,3695.15,0,0.0036966,1.5253e-05,1.43894,1.82943,3.48663,1.36765,5.38734,0.42336,0.0018483,0.21168,0.0018483,0.21168,460.486,0,1.02816,0,0,2.4671,1.43894,1.028160,1,0,25.9757,0,0,0,25.9757,0
40.647,2.42443,0,0,1.13492,0.0983891,0.36288,3.6288,57.4663,0.474627,0,0,0.889536,0.268346,0,0.66528,12.849,1,0.734743,0.36288,0,19.4304,5.27499,13.7836,0.84672,12.849,0.84672,3695.15,0,0.0036966,1.53046e-05,3.1665,1.75263,4.22726,1.31275,7.83362,0.42336,0.0018483,0.21168,0.0018483,0.21168,460.486,0,1.02816,0,0,4.19466,3.1665,1.028160,1,0,21.6172,0,0,0,21.6172,0
38.7578,2.40103,0,0,0.97111,0.096387,0.36288,3.6288,57.214,0.475038,0,0,0.491317,0.268601,0,0.66528,12.849,1,0.758996,0.36288,0,19.4112,5.27499,13.7401,0.84672,12.849,0.84672,3695.15,0,0.0036966,1.52788e-05,1.30972,1.75311,3.1461,1.31275,4.89616,0.42336,0.0018483,0.21168,0.0018483,0.21168,460.486,0,1.02816,0,0,2.33788,1.30972,1.028160,1,0,18.6363,0,0,0,18.6363,0
36.9258,2.3739,0,0,1.01319,0.108445,0.36288,3.6288,56.9581,0.47545,0,0,0.472987,0.253393,0,0.66528,12.849,1,0.786995,0.36288,0,18.6581,5.06736,13.1666,0.84672,12.849,0.84672,3695.15,0,0.0036966,1.53594e-05,1.23814,1.75359,3.16601,1.24786,4.90987,0.42336,0.0018483,0.21168,0.0018483,0.21168,460.486,0,1.02816,0,0,2.2663,1.23814,1.028160,1,0,18.0765,0,0,0,18.0765,0
36.1736,2.28498,0,0,2.07044,0.17474,0.36288,3.6288,57.2047,0.406663,0,0,0.836727,0.183514,0,0.66528,12.849,1,0.7951,0.36288,0,40.1594,3.92289,35.8043,0.84672,12.849,0.84672,3695.15,0,0.0036966,1.31963e-05,1.6749,1.75407,7.03615,0.90916,9.55595,0.42336,0.0018483,0.21168,0.0018483,0.21168,460.486,0,1.02816,0,0,2.70306,1.6749,1.028160,1,0,45.3602,0,0,0,45.3602,0
35.2641,2.2734,0,0,1.86383,0.137034,0.36288,3.6288,57.0051,0.407055,0,0,0.438858,0.231402,0,0.66528,12.849,1,0.807519,0.36288,0,18.9044,4.17616,14.2836,0.84672,12.849,0.84672,3695.15,0,0.0036966,1.31521e-05,0.44998,1.68578,4.37158,1.03589,5.47144,0.42336,0.0018483,0.21168,0.0018483,0.21168,460.486,0,1.02816,0,0,1.47814,0.44998,1.028160,1,0,19.755,0,0,0,19.755,0
35.9895,2.25875,0,0,3.48257,0.135543,0.36288,3.6288,57.5639,0.407448,0,0,1.19737,0.231103,0,0.66528,12.849,1,0.823008,0.36288,0,37.6626,4.17616,33.0263,0.84672,12.849,0.84672,3695.15,0,0.0036966,1.32109e-05,3.49964,1.68624,9.6444,1.03589,13.7944,0.42336,0.0018483,0.21168,0.0018483,0.21168,460.486,0,1.02816,0,0,4.5278,3.49964,1.028160,1,0,46.8207,0,0,0,46.8207,0
39.6029,2.2716,0,0,6.3925,0.14468,0.36288,3.6288,59.0998,0.407841,0,0,2.1681,0.224296,0,0.66528,12.849,1,0.811007,0.36288,0,72.4135,4.06734,67.898,0.84672,12.849,0.84672,3695.15,0,0.0036966,1.30952e-05,3.43112,1.6867,12.6219,1.00506,16.7347,0.42336,0.0018483,0.21168,0.0018483,0.21168,460.486,0,1.02816,0,0,4.45928,3.43112,1.028160,1,0,84.6327,0,0,0,84.6327,0
40.7696,2.15278,0,0,3.85271,0.170374,0.36288,3.6288,59.8759,0.263956,0,0,1.2487,0.208626,0,0.66528,12.849,1,0.69846,0.36288,0,42.1501,3.68877,38.1257,0.84672,12.849,0.84672,3695.15,0,0.0036966,8.25502e-06,1.51618,1.68717,7.91605,0.777284,10.3421,0.42336,0.0018483,0.21168,0.0018483,0.21168,460.486,0,1.02816,0,0,2.54434,1.51618,1.028160,1,0,48.4678,0,0,0,48.4678,0
39.1671,2.16857,0,0,1.12939,0.200418,0.36288,3.6288,60.2823,0.26431,0,0,0.869556,0.198904,0,0.66528,12.849,1,0.683449,0.36288,0,37.4961,4.19968,32.9759,0.84672,12.849,0.84672,3695.15,0,0.0036966,8.15893e-06,1.29961,1.53264,4.83179,0.997199,6.66683,0.42336,0.0018483,0.21168,0.0018483,0.21168,460.486,0,1.02816,0,0,2.32777,1.29961,1.028160,1,0,39.6427,0,0,0,39.6427,0
37.8661,2.1481,0,0,1.40668,0.19668,0.36288,3.6288,60.796,0.264663,0,0,0.977754,0.199419,0,0.66528,12.849,1,0.704697,0.36288,0,43.2572,4.19968,38.7157,0.84672,12.849,0.84672,3695.15,0,0.0036966,8.11477e-06,1.54245,1.53305,5.15081,0.997199,7.22911,0.42336,0.0018483,0.21168,0.0018483,0.21168,460.486,0,1.02816,0,0,2.57061,1.54245,1.028160,1,0,45.9448,0,0,0,45.9448,0
38.7969,1.95028,0,0,3.43774,0.193725,0.36288,3.6288,61.308,0.50653,0,0,1.31369,0.200071,0.095055,0.66528,12.849,1,0.661782,0.36288,0,39.0752,4.19968,34.5766,0.84672,12.849,0.84672,3695.15,0,0.0036966,1.53994e-05,2.07944,1.53347,6.70914,0.997199,9.32484,0.42336,0.0018483,0.21168,0.0018483,0.21168,460.486,0,1.02816,0,0,3.1076,2.07944,1.028160,1,0,43.9965,0,0,0,43.9965,0
41.1945,2.14422,0,0,5.08561,0.181004,0.36288,3.6288,61.308,0.265371,0,0,1.56172,0.20913,1.08722,0.66528,12.849,1,0.710135,0.36288,0,50.1124,4.6516,45.1136,0.84672,12.849,0.84672,3695.15,0,0.0036966,8.00034e-06,2.38911,1.67523,7.06008,1.38212,9.74229,0.42336,0.0018483,0.21168,0.0018483,0.21168,460.486,0,1.02816,0,0,3.41727,2.38911,1.028160,1,0,55.9431,0,0,0,55.9431,0
42.7426,2.24448,0,0,4.36153,0.206051,0.36288,3.6288,61.308,0.30755,0,0,1.54453,0.209526,1.02745,0.66528,12.849,1,0.700079,0.36288,0,51.7492,4.45799,46.954,0.84672,12.849,0.84672,3695.15,0,0.0036966,9.27196e-06,2.1558,1.53431,7.14487,1.17744,9.65753,0.42336,0.0018483,0.21168,0.0018483,0.21168,460.486,0,1.02816,0,0,3.18396,2.1558,1.028160,1,0,57.639,0,0,0,57.639,0
45.1416,2.26457,0,0,5.23979,0.213343,0.36288,3.6288,61.308,0.307901,0,0,1.75029,0.21613,1.22626,0.66528,12.849,1,0.680762,0.36288,0,47.3203,4.65171,42.3507,0.84672,12.849,0.84672,3695.15,0,0.0036966,9.28252e-06,2.24008,1.58381,6.9539,1.31262,9.46516,0.42336,0.0018483,0.21168,0.0018483,0.21168,460.486,0,1.02816,0,0,3.26824,2.24008,1.028160,1,0,53.0422,0,0,0,53.0422,0
45.4015,2.29334,0,0,3.13544,0.219268,0.36288,3.6288,61.308,0.308251,0,0,1.67013,0.21613,1.14575,0.66528,12.849,1,0.652772,0.36288,0,68.745,4.65171,63.8034,0.84672,12.849,0.84672,3695.15,0,0.0036966,9.29308e-06,2.25265,1.58422,6.69298,1.31262,9.21723,0.42336,0.0018483,0.21168,0.0018483,0.21168,460.486,0,1.02816,0,0,3.28081,2.25265,1.028160,1,0,74.1664,0,0,0,74.1664,0
45.0316,2.29686,0,0,2.50971,0.21991,0.36288,3.6288,61.308,0.308601,0,0,1.48475,0.21613,0.960018,0.66528,12.849,1,0.650029,0.36288,0,82.6191,4.65171,77.6803,0.84672,12.849,0.84672,3695.15,0,0.0036966,9.30365e-06,1.86171,1.58464,6.12261,1.31262,8.25633,0.42336,0.0018483,0.21168,0.0018483,0.21168,460.486,0,1.02816,0,0,2.88987,1.86171,1.028160,1,0,86.8966,0,0,0,86.8966,0
44.6093,2.51699,0,0,2.68183,0.224286,0.36288,3.6288,61.308,0.466164,0,0,1.5412,0.206251,0.868788,0.66528,12.849,1,0.71818,0.36288,0,65.156,4.42109,60.3796,0.84672,12.849,0.84672,3695.15,0,0.0036966,1.40538e-05,1.91123,1.58505,7.49719,1.23345,9.76001,0.42336,0.0018483,0.21168,0.0018483,0.21168,460.486,0,1.02816,0,0,2.93939,1.91123,1.028160,1,0,71.0084,0,0,0,71.0084,0
47.1699,2.51237,0,0,5.69074,0.25481,0.36288,3.6288,61.308,0.466556,0,0,2.59126,0.146979,1.97772,0.66528,12.849,1,0.723648,0.36288,0,86.3153,3.03733,82.9172,0.84672,12.849,0.84672,3695.15,0,0.0036966,1.40656e-05,3.08119,1.76082,10.3795,0.758428,14.4631,0.42336,0.0018483,0.21168,0.0018483,0.21168,460.486,0,1.02816,0,0,4.10935,3.08119,1.028160,1,0,99.358,0,0,0,99.358,0
48.8391,2.54391,0,0,4.82884,0.252906,0.36288,3.6288,61.308,0.466948,0,0,2.95897,0.166384,2.32564,0.66528,12.849,1,0.692956,0.36288,0,79.3956,3.62496,75.4405,0.84672,12.849,0.84672,3695.15,0,0.0036966,1.40774e-05,3.37982,1.76128,11.8107,0.950432,16.0014,0.42336,0.0018483,0.21168,0.0018483,0.21168,460.486,0,1.02816,0,0,4.40798,3.37982,1.028160,1,0,93.7675,0,0,0,93.7675,0
51.4334,2.56333,0,0,5.75646,0.235981,0.36288,3.6288,61.308,0.46734,0,0,2.72115,0.171747,2.08206,0.66528,12.849,1,0.674384,0.36288,0,82.798,4.21311,78.2734,0.84672,12.849,0.84672,3695.15,0,0.0036966,1.40893e-05,3.55144,1.76174,14.0809,1.1401,18.2539,0.42336,0.0018483,0.21168,0.0018483,0.21168,460.486,0,1.02816,0,0,4.5796,3.55144,1.028160,1,0,98.6094,0,0,0,98.6094,0
54.2012,2.26278,0,0,5.62292,0.229393,0.36288,3.6288,61.308,0.25653,0,0,3.28605,0.172421,2.8571,0.66528,12.849,1,0.565283,0.36288,0,104.947,3.67733,101.068,0.84672,12.849,0.84672,3695.15,0,0.0036966,7.7338e-06,4.20549,1.7622,17.9749,0.883015,23.0596,0.42336,0.0018483,0.21168,0.0018483,0.21168,460.486,0,1.02816,0,0,5.23365,4.20549,1.028160,1,0,126.984,0,0,0,126.984,0
56.7892,2.28671,0,0,5.51289,0.275362,0.36288,3.6288,61.308,0.256866,0,0,2.49407,0.116004,2.1212,0.66528,12.849,1,0.542091,0.36288,0,154.906,3.37959,151.347,0.84672,12.849,0.84672,3695.15,0,0.0036966,7.74395e-06,2.90414,1.52255,14.8166,0.854164,18.3891,0.42336,0.0018483,0.21168,0.0018483,0.21168,460.486,0,1.02816,0,0,3.9323,2.90414,1.028160,1,0,171.857,0,0,0,171.857,0
58.3656,2.30747,0,0,4.52073,0.273975,0.36288,3.6288,61.308,0.257203,0,0,2.30736,0.12255,1.9276,0.66528,12.849,1,0.522083,0.36288,0,118.065,3.43182,114.474,0.84672,12.849,0.84672,3695.15,0,0.0036966,7.7541e-06,2.28977,1.52295,12.3234,0.850942,15.2852,0.42336,0.0018483,0.21168,0.0018483,0.21168,460.486,0,1.02816,0,0,3.31793,2.28977,1.028160,1,0,131.686,0,0,0,131.686,0
59.5121,2.31963,0,0,4.10725,0.278236,0.36288,3.6288,61.308,0.25754,0,0,2.04555,0.12255,1.66546,0.66528,12.849,1,0.51066,0.36288,0,105.794,3.43182,102.215,0.84672,12.849,0.84672,3695.15,0,0.0036966,7.76425e-06,2.61029,1.52335,11.5351,0.850942,14.8178,0.42336,0.0018483,0.21168,0.0018483,0.21168,460.486,0,1.02816,0,0,3.63845,2.61029,1.028160,1,0,118.698,0,0,0,118.698,0
62.5805,2.32833,0,0,6.041,0.281335,0.36288,3.6288,61.308,0.257877,0,0,2.49903,0.12255,2.11861,0.66528,12.849,1,0.502701,0.36288,0,143.8,3.43182,140.228,0.84672,12.849,0.84672,3695.15,0,0.0036966,7.77441e-06,3.02164,1.52375,16.26,0.850942,19.9545,0.42336,0.0018483,0.21168,0.0018483,0.21168,460.486,0,1.02816,0,0,4.0498,3.02164,1.028160,1,0,162.301,0,0,0,162.301,0
64.1912,2.43524,0,0,4.70703,0.298237,0.36288,3.6288,61.308,0.309949,0,0,1.78618,0.158015,1.31822,0.66528,12.849,1,0.500003,0.36288,0,110.644,3.35187,107.155,0.84672,12.849,0.84672,3695.15,0,0.0036966,9.34428e-06,2.45156,1.52415,12.8779,0.827537,16.0261,0.42336,0.0018483,0.21168,0.0018483,0.21168,460.486,0,1.02816,0,0,3.47972,2.45156,1.028160,1,0,124.499,0,0,0,124.499,0
65.7656,2.44634,0,0,4.68959,0.30597,0.36288,3.6288,61.308,0.3103,0,0,3.34071,0.1722,2.85821,0.66528,12.849,1,0.489678,0.36288,0,99.4265,3.31989,95.9798,0.84672,12.849,0.84672,3695.15,0,0.0036966,9.35485e-06,3.98269,1.58391,12.5142,0.818175,17.2626,0.42336,0.0018483,0.21168,0.0018483,0.21168,460.486,0,1.02816,0,0,5.01085,3.98269,1.028160,1,0,116.101,0,0,0,116.101,0
66.9981,2.45679,0,0,4.36201,0.309864,0.36288,3.6288,61.308,0.31065,0,0,3.9136,0.1722,3.43075,0.66528,12.849,1,0.479997,0.36288,0,112.822,3.31989,109.385,0.84672,12.849,0.84672,3695.15,0,0.0036966,9.36541e-06,4.08585,1.58432,18.2258,0.818175,23.0778,0.42336,0.0018483,0.21168,0.0018483,0.21168,460.486,0,1.02816,0,0,5.11401,4.08585,1.028160,1,0,135.894,0,0,0,135.894,0
67.0009,2.46485,0,0,3.14065,0.310138,0.36288,3.6288,61.308,0.311001,0,0,2.89642,0.1643,2.42112,0.66528,12.849,1,0.472712,0.36288,0,118.481,3.10405,115.267,0.84672,12.849,0.84672,3695.15,0,0.0036966,9.37598e-06,4.59327,1.58474,11.7968,0.787981,17.1868,0.42336,0.0018483,0.21168,0.0018483,0.21168,460.486,0,1.02816,0,0,5.62143,4.59327,1.028160,1,0,134.875,0,0,0,134.875,0
66.7891,2.43153,0,0,2.85957,0.276945,0.36288,3.6288,61.308,0.291237,0,0,1.9948,0.122648,1.58092,0.66528,12.849,1,0.466303,0.36288,0,86.2505,2.57996,83.5671,0.84672,12.849,0.84672,3695.15,0,0.0036966,8.78015e-06,4.04019,1.58515,9.63464,0.792076,14.4679,0.42336,0.0018483,0.21168,0.0018483,0.21168,460.486,0,1.02816,0,0,5.06835,4.04019,1.028160,1,0,99.616,0,0,0,99.616,0
66.1685,2.43092,0,0,2.42774,0.254478,0.36288,3.6288,61.308,0.291582,0,0,1.4284,0.151879,0.984938,0.66528,12.849,1,0.467665,0.36288,0,61.0549,3.88671,57.0634,0.84672,12.849,0.84672,3695.15,0,0.0036966,8.79056e-06,2.40087,1.56244,7.7468,1.08037,10.6297,0.42336,0.0018483,0.21168,0.0018483,0.21168,460.486,0,1.02816,0,0,3.42903,2.40087,1.028160,1,0,68.6781,0,0,0,68.6781,0
65.274,2.42789,0,0,2.14921,0.252964,0.36288,3.6288,61.308,0.291928,0,0,1.23608,0.178911,0.765242,0.66528,12.849,1,0.471461,0.36288,0,53.6542,4.19289,49.3528,0.84672,12.849,0.84672,3695.15,0,0.0036966,8.80098e-06,2.14061,1.56285,6.9978,1.10668,9.59457,0.42336,0.0018483,0.21168,0.0018483,0.21168,460.486,0,1.02816,0,0,3.16877,2.14061,1.028160,1,0,59.7126,0,0,0,59.7126,0
64.294,2.42312,0,0,1.99063,0.184678,0.36288,3.6288,61.308,0.292274,0,0,1.12637,0.21161,0.622488,0.66528,12.849,1,0.476984,0.36288,0,49.2349,4.48119,44.6396,0.84672,12.849,0.84672,3695.15,0,0.0036966,8.8114e-06,1.90319,1.56326,6.60217,1.12389,8.94472,0.42336,0.0018483,0.21168,0.0018483,0.21168,460.486,0,1.02816,0,0,2.93135,1.90319,1.028160,1,0,54.2068,0,0,0,54.2068,0
63.1605,2.53238,0,0,1.94504,0.183228,0.36288,3.6288,61.308,0.364026,0,0,1.26416,0.21161,0.688526,0.66528,12.849,1,0.50609,0.36288,0,47.8005,4.48119,43.1761,0.84672,12.849,0.84672,3695.15,0,0.0036966,1.09746e-05,2.31813,1.56367,7.85946,1.12389,10.6174,0.42336,0.0018483,0.21168,0.0018483,0.21168,460.486,0,1.02816,0,0,3.34629,2.31813,1.028160,1,0,54.482,0,0,0,54.482,0
61.8004,2.52549,0,0,1.71056,0.18227,0.36288,3.6288,61.308,0.36439,0,0,1.0682,0.226515,0.477292,0.66528,12.849,1,0.513772,0.36288,0,42.0093,4.81918,37.0392,0.84672,12.849,0.84672,3695.15,0,0.0036966,1.09856e-05,1.40975,1.64503,5.97628,1.05706,7.97399,0.42336,0.0018483,0.21168,0.0018483,0.21168,460.486,0,1.02816,0,0,2.43791,1.40975,1.028160,1,0,45.4905,0,0,0,45.4905,0
60.3318,2.51679,0,0,1.56179,0.150723,0.36288,3.6288,61.308,0.364755,0,0,0.853278,0.209216,0.279307,0.66528,12.849,1,0.523269,0.36288,0,38.1368,4.31476,33.6616,0.84672,12.849,0.84672,3695.15,0,0.0036966,1.09965e-05,1.39835,1.64547,5.54923,1.04908,7.54395,0.42336,0.0018483,0.21168,0.0018483,0.21168,460.486,0,1.02816,0,0,2.42651,1.39835,1.028160,1,0,41.4849,0,0,0,41.4849,0
58.7788,2.50694,0,0,1.4449,0.128137,0.36288,3.6288,61.308,0.365119,0,0,0.86743,0.214572,0.287739,0.66528,12.849,1,0.533909,0.36288,0,34.5494,4.4773,29.901,0.84672,12.849,0.84672,3695.15,0,0.0036966,1.10075e-05,1.40305,1.6459,5.47549,1.01899,7.50543,0.42336,0.0018483,0.21168,0.0018483,0.21168,460.486,0,1.02816,0,0,2.43121,1.40305,1.028160,1,0,37.6942,0,0,0,37.6942,0
57.1935,2.49602,0,0,1.3999,0.126243,0.36288,3.6288,61.308,0.365484,0,0,0.908945,0.214572,0.32889,0.66528,12.849,1,0.545628,0.36288,0,32.7828,4.4773,28.1228,0.84672,12.849,0.84672,3695.15,0,0.0036966,1.10185e-05,1.31459,1.64633,5.68386,1.01899,7.62578,0.42336,0.0018483,0.21168,0.0018483,0.21168,460.486,0,1.02816,0,0,2.34275,1.31459,1.028160,1,0,36.0775,0,0,0,36.0775,0
55.682,2.46207,0,0,1.42265,0.109241,0.36288,3.6288,61.308,0.405146,0,0,0.682391,0.221779,0.0554653,0.66528,12.849,1,0.553124,0.36288,0,31.8021,4.62618,26.9857,0.84672,12.849,0.84672,3695.15,0,0.0036966,1.22143e-05,0.667509,1.64676,3.63283,1.00158,4.9455,0.42336,0.0018483,0.21168,0.0018483,0.21168,460.486,0,1.02816,0,0,1.69567,0.667509,1.028160,1,0,31.9867,0,0,0,31.9867,0
54.0982,2.45051,0,0,1.33124,0.101682,0.36288,3.6288,61.2674,0.405521,0,0,0.589632,0.224662,0,0.66528,12.849,1,0.565472,0.36288,0,31.1205,4.68573,26.2322,0.84672,12.849,0.84672,3695.15,0,0.0036966,1.22256e-05,0.35913,1.67244,2.88719,0.994618,3.92413,0.42336,0.0018483,0.21168,0.0018483,0.21168,460.486,0,1.02816,0,0,1.38729,0.35913,1.028160,1,0,30.1563,0,0,0,30.1563,0
52.4245,2.43777,0,0,1.21897,0.0919325,0.36288,3.6288,61.1762,0.405896,0,0,0.561184,0.246537,0,0.66528,12.849,1,0.579001,0.36288,0,27.4444,4.96803,22.2603,0.84672,12.849,0.84672,3695.15,0,0.0036966,1.2245e-05,0.302219,1.67288,2.80388,1.09766,3.6813,0.42336,0.0018483,0.21168,0.0018483,0.21168,460.486,0,1.02816,0,0,1.33038,0.302219,1.028160,1,0,25.9416,0,0,0,25.9416,0
50.7185,2.42355,0,0,1.1508,0.0703607,0.36288,3.6288,60.9924,0.406271,0,0,0.52371,0.301195,0,0.66528,12.849,1,0.594001,0.36288,0,24.4096,5.67378,18.5047,0.84672,12.849,0.84672,3695.15,0,0.0036966,1.22746e-05,0.27896,1.67332,2.67454,1.35527,3.27153,0.42336,0.0018483,0.21168,0.0018483,0.21168,460.486,0,1.02816,0,0,1.30712,0.27896,1.028160,1,0,21.7763,0,0,0,21.7763,0
48.81,2.46444,0,0,0.992442,0.073618,0.36288,3.6288,60.6228,0.532933,0,0,0.464519,0.301214,0,0.66528,12.849,1,0.62434,0.36288,0,22.6223,5.67817,16.6826,0.84672,12.849,0.84672,3695.15,0,0.0036966,1.61499e-05,0.261274,1.67376,2.48231,1.37377,3.04355,0.42336,0.0018483,0.21168,0.0018483,0.21168,460.486,0,0.93693,0,0,1.1982,0.261274,1.028160,1,0,19.7262,0,0,0,19.7262,0
46.9157,2.44576,0,0,0.982688,0.0684435,0.36288,3.6288,60.1434,0.645781,0,0,0.483279,0.316912,0,0.66528,12.849,1,0.643833,0.36288,0,25.0051,5.82204,18.9021,0.84672,12.849,0.84672,3695.15,0,0.0036966,1.96889e-05,0.261274,1.71448,2.41031,1.49873,2.88731,0.42336,0.0018483,0.21168,0.0018483,0.21168,460.486,0,0.824463,0,0,1.08574,0.261274,1.028160,1,0,21.7894,0,0,0,21.7894,0
44.9911,2.42598,0,0,0.93134,0.0670411,0.36288,3.6288,59.7533,0.506478,0,0,0.432359,0.315947,0,0.66528,12.849,1,0.664414,0.36288,0,22.0942,5.82204,15.9706,0.84672,12.849,0.84672,3695.15,0,0.0036966,1.55649e-05,0.227405,1.71493,2.51748,1.49873,2.96107,0.42336,0.0018483,0.21168,0.0018483,0.21168,460.486,0,0.964155,0,0,1.19156,0.227405,1.028160,1,0,18.9317,0,0,0,18.9317,0
43.0287,2.4045,0,0,0.870636,0.0656163,0.36288,3.6288,59.2288,0.609407,0,0,0.400029,0.315162,0,0.66528,12.849,1,0.6867,0.36288,0,21.0083,5.82204,14.8625,0.84672,12.849,0.84672,3695.15,0,0.0036966,1.88503e-05,0.227405,1.71538,2.20899,1.49873,2.65302,0.42336,0.0018483,0.21168,0.0018483,0.21168,460.486,0,0.861607,0,0,1.08901,0.227405,1.028160,1,0,17.5155,0,0,0,17.5155,0
40.9206,2.54002,0,0,0.858928,0.0641635,0.36288,3.6288,58.6844,0.66305,0,0,0.432796,0.314107,0,0.66528,12.849,1,0.758486,0.36288,0,19.4937,5.82204,13.276,0.84672,12.849,0.84672,3695.15,0,0.0036966,2.06912e-05,0.227405,1.71583,2.49812,1.49873,2.9426,0.42336,0.0018483,0.21168,0.0018483,0.21168,460.486,0,0.935029,0,0,1.16243,0.227405,1.028160,1,0,16.2186,0,0,0,16.2186,0
38.6955,2.51093,0,0,0.700237,0.0515299,0.36288,3.6288,58.1199,0.68429,0,0,0.463545,0.343753,0,0.66528,12.849,1,0.788429,0.36288,0,17.3044,5.82715,11.0517,0.84672,12.849,0.84672,3695.15,0,0.0036966,2.15521e-05,0.227405,1.85285,2.95139,1.4316,3.60002,0.42336,0.0018483,0.21168,0.0018483,0.21168,460.486,0,0.914207,0,0,1.14161,0.227405,1.028160,1,0,14.6517,0,0,0,14.6517,0
36.6344,2.47754,0,0,0.831842,0.0525293,0.36288,3.6288,57.6808,0.570758,0,0,0.47623,0.344649,0,0.66528,12.849,1,0.822679,0.36288,0,22.4147,5.74077,16.2141,0.84672,12.849,0.84672,3695.15,0,0.0036966,1.8151e-05,0.23017,1.85334,3.06065,1.40299,3.74115,0.42336,0.0018483,0.21168,0.0018483,0.21168,460.486,0,1.02816,0,0,1.25833,0.23017,1.028160,1,0,19.9553,0,0,0,19.9553,0
34.4651,2.45436,0,0,0.702772,0.0548563,0.36288,3.6288,56.9108,0.777329,0,0,0.349999,0.342625,0,0.66528,12.849,1,0.84672,0.36288,0,18.0579,5.71108,11.8629,0.84672,12.849,0.84672,3695.15,0,0.0036966,2.49084e-05,0.204422,1.85382,1.93485,1.39934,2.59372,0.42336,0.0018483,0.21168,0.0018483,0.21168,460.486,0,0.822001,0,0,1.02642,0.204422,1.028160,1,0,14.4567,0,0,0,14.4567,0
32.0546,2.45521,0,0,0.507594,0.0999343,0.36288,3.6288,56.0414,0.850761,0,0,0.30082,0.319445,0,0.66528,12.849,1,0.84672,0.36288,0,12.5874,5.52225,6.58135,0.84672,12.849,0.84672,3695.15,0,0.0036966,2.76303e-05,0.204422,1.85431,1.58571,1.3374,2.307,0.42336,0.0018483,0.21168,0.0018483,0.21168,460.486,0,0.748984,0,0,0.953407,0.204422,1.028160,1,0,8.88836,0,0,0,8.88836,0
30.2371,2.3553,0,0,1.00285,0.102197,0.36288,3.6288,55.7919,0.495022,0,0,0.565667,0.320188,0,0.66528,12.849,1,0.84672,0.36288,0,32.4785,5.37984,26.6148,0.84672,12.849,0.84672,3695.15,0,0.0036966,1.63263e-05,0.901826,1.85479,3.11709,1.1937,4.67999,0.42336,0.0018483,0.21168,0.0018483,0.21168,460.486,0,1.02816,0,0,1.92999,0.901826,1.028160,1,0,31.2948,0,0,0,31.2948,0
28.5038,2.34497,0,0,1.0709,0.0963681,0.36288,3.6288,55.5212,0.506573,0,0,0.56202,0.326105,0,0.66528,12.849,1,0.84672,0.36288,0,36.9778,5.27625,31.2177,0.84672,12.849,0.84672,3695.15,0,0.0036966,1.6782e-05,1.05265,1.77691,3.30667,1.09795,5.03826,0.42336,0.0018483,0.21168,0.0018483,0.21168,460.486,0,1.02816,0,0,2.08081,1.05265,1.028160,1,0,36.256,0,0,0,36.256,0
26.6341,2.3462,0,0,0.933578,0.0941376,0.36288,3.6288,55.188,0.506573,0,0,0.498855,0.325527,0,0.66528,12.849,1,0.84672,0.36288,0,33.8081,5.27625,28.0481,0.84672,12.849,0.84672,3695.15,0,0.0036966,1.68638e-05,0.886663,1.7839,3.22149,1.09795,4.79409,0.42336,0.0018483,0.21168,0.0018483,0.21168,460.486,0,1.02816,0,0,1.91482,0.886663,1.028160,1,0,32.8421,0,0,0,32.8421,0
25.1673,2.34742,0,0,1.33517,0.0917316,0.36288,3.6288,55.0523,0.506573,0,0,0.695714,0.324815,0,0.66528,12.849,1,0.84672,0.36288,0,42.0643,5.27625,36.3042,0.84672,12.849,0.84672,3695.15,0,0.0036966,1.69656e-05,1.38642,1.78413,5.24292,1.09795,7.31551,0.42336,0.0018483,0.21168,0.0018483,0.21168,460.486,0,1.02816,0,0,2.41458,1.38642,1.028160,1,0,43.6197,0,0,0,43.6197,0
24.4128,2.26585,0,0,1.98198,0.107778,0.36288,3.6288,55.1886,0.43642,0,0,0.870998,0.298325,0,0.66528,12.849,1,0.84672,0.36288,0,60.7637,5.08479,55.1951,0.84672,12.849,0.84672,3695.15,0,0.0036966,1.46522e-05,1.60612,1.78436,9.35647,1.07003,11.6769,0.42336,0.0018483,0.21168,0.0018483,0.21168,460.486,0,1.02816,0,0,2.63428,1.60612,1.028160,1,0,66.872,0,0,0,66.872,0
22.9369,2.19691,0,0,1.22893,0.144974,0.36288,3.6288,55.4168,0.506555,0,0,0.947169,0.212341,0,0.66528,12.849,1,0.84672,0.36288,0,40.8687,5.11213,35.2727,0.84672,12.849,0.84672,3695.15,0,0.0036966,1.69649e-05,0.781972,1.71487,3.90537,1.20766,5.19453,0.42336,0.0018483,0.21168,0.0018483,0.21168,460.486,0,1.02816,0,0,1.81013,0.781972,1.028160,1,0,40.4672,0,0,0,40.4672,0
23.3279,2.19809,0,0,3.08456,0.132634,0.36288,3.6288,56.136,0.506555,0,0,1.43268,0.206925,0,0.66528,12.849,1,0.84672,0.36288,0,39.2369,4.96814,33.7849,0.84672,12.849,0.84672,3695.15,0,0.0036966,1.6895e-05,1.60506,1.75614,8.17062,1.23986,10.2919,0.42336,0.0018483,0.21168,0.0018483,0.21168,460.486,0,1.02816,0,0,2.63322,1.60506,1.028160,1,0,44.0769,0,0,0,44.0769,0
26.9895,2.19929,0,0,6.36327,0.139449,0.36288,3.6288,57.7646,0.506555,0,0,2.30316,0.168028,0,0.66528,12.849,1,0.84672,0.36288,0,107.857,4.07496,103.298,0.84672,12.849,0.84672,3695.15,0,0.0036966,1.66785e-05,2.92597,1.75637,18.3719,1.10333,21.9509,0.42336,0.0018483,0.21168,0.0018483,0.21168,460.486,0,1.02816,0,0,3.95413,2.92597,1.028160,1,0,125.249,0,0,0,125.249,0
27.9065,1.96511,0,0,3.39974,0.1548,0.36288,3.6288,58.8117,0.360295,0,0,1.56422,0.156803,0,0.66528,12.849,1,0.84672,0.36288,0,65.1992,3.79449,60.9208,0.84672,12.849,0.84672,3695.15,0,0.0036966,1.15284e-05,1.59682,1.75659,9.1057,1.03154,11.4275,0.42336,0.0018483,0.21168,0.0018483,0.21168,460.486,0,1.02816,0,0,2.62498,1.59682,1.028160,1,0,72.3484,0,0,0,72.3484,0
29.1319,1.82598,0,0,3.59754,0.183293,0.36288,3.6288,60.5469,0.506518,0,0,2.40016,0.158438,0,0.66528,12.849,1,0.840736,0.36288,0,63.554,4.04415,59.032,0.84672,12.849,0.84672,3695.15,0,0.0036966,1.59186e-05,3.36758,1.59969,11.3321,1.0093,15.29,0.42336,0.0018483,0.21168,0.0018483,0.21168,460.486,0,1.02816,0,0,4.39574,3.36758,1.028160,1,0,74.322,0,0,0,74.322,0
29.5185,1.85128,0,0,2.79173,0.190882,0.36288,3.6288,61.308,0.506519,0,0,1.65986,0.160301,0.231962,0.66528,12.849,1,0.816532,0.36288,0,60.9459,4.08576,56.4065,0.84672,12.849,0.84672,3695.15,0,0.0036966,1.54624e-05,2.55835,1.68547,12.6292,1.00559,15.8674,0.42336,0.0018483,0.21168,0.0018483,0.21168,460.486,0,1.02816,0,0,3.58651,2.55835,1.028160,1,0,72.5058,0,0,0,72.5058,0
30.245,1.8595,0,0,3.14075,0.191883,0.36288,3.6288,61.308,0.506519,0,0,1.89079,0.161076,1.2232,0.66528,12.849,1,0.809413,0.36288,0,51.8663,4.08576,47.334,0.84672,12.849,0.84672,3695.15,0,0.0036966,1.52704e-05,1.87466,1.68567,13.0455,1.00559,15.6003,0.42336,0.0018483,0.21168,0.0018483,0.21168,460.486,0,1.02816,0,0,2.90282,1.87466,1.028160,1,0,64.1574,0,0,0,64.1574,0
32.5124,1.87391,0,0,4.6979,0.193762,0.36288,3.6288,61.308,0.506519,0,0,3.53443,0.161076,2.86684,0.66528,12.849,1,0.796095,0.36288,0,119.202,4.08576,114.683,0.84672,12.849,0.84672,3695.15,0,0.0036966,1.52704e-05,2.75681,1.68588,15.7268,1.00559,19.1639,0.42336,0.0018483,0.21168,0.0018483,0.21168,460.486,0,1.02816,0,0,3.78497,2.75681,1.028160,1,0,136.714,0,0,0,136.714,0
38.9445,1.97947,0,0,8.9756,0.201128,0.36288,3.6288,61.308,0.548918,0,0,3.24735,0.202875,2.49556,0.66528,12.849,1,0.782293,0.36288,0,188.785,4.221,184.144,0.84672,12.849,0.84672,3695.15,0,0.0036966,1.65487e-05,3.73379,1.68609,21.073,1.09845,25.3945,0.42336,0.0018483,0.21168,0.0018483,0.21168,460.486,0,1.02816,0,0,4.76195,3.73379,1.028160,1,0,212.034,0,0,0,212.034,0
41.9417,2.24493,0,0,5.83188,0.22688,0.36288,3.6288,61.308,0.326171,0,0,0.96717,0.255175,0.385824,0.66528,12.849,1,0.740674,0.36288,0,103.549,4.8972,98.2737,0.84672,12.849,0.84672,3695.15,0,0.0036966,9.83334e-06,0.846081,1.73604,10.1682,1.28355,11.4667,0.42336,0.0018483,0.21168,0.0018483,0.21168,460.486,0,1.02816,0,0,1.87424,0.846081,1.028160,1,0,110.126,0,0,0,110.126,0
42.5595,2.28603,0,0,3.50169,0.235007,0.36288,3.6288,61.308,0.326511,0,0,1.10831,0.255175,0.526627,0.66528,12.849,1,0.700334,0.36288,0,71.5141,4.8972,66.2795,0.84672,12.849,0.84672,3695.15,0,0.0036966,9.84358e-06,1.01725,1.60589,5.51423,1.28355,6.85381,0.42336,0.0018483,0.21168,0.0018483,0.21168,460.486,0,1.02816,0,0,2.04541,1.01725,1.028160,1,0,73.6599,0,0,0,73.6599,0
51.8282,2.29441,0,0,12.1506,0.22457,0.36288,3.6288,61.308,0.32685,0,0,2.85692,0.245541,2.28453,0.66528,12.849,1,0.692699,0.36288,0,205.337,4.32774,200.68,0.84672,12.849,0.84672,3695.15,0,0.0036966,9.85381e-06,4.51026,1.60629,22.7283,1.16688,27.678,0.42336,0.0018483,0.21168,0.0018483,0.21168,460.486,0,1.02816,0,0,5.53842,4.51026,1.028160,1,0,230.642,0,0,0,230.642,0
55.5609,2.62783,0,0,6.962,0.238581,0.36288,3.6288,61.308,0.486546,0,0,1.84051,0.238315,1.11565,0.66528,12.849,1,0.651478,0.36288,0,119.293,3.90064,115.104,0.84672,12.849,0.84672,3695.15,0,0.0036966,1.46683e-05,2.42379,1.60669,11.2888,1.07939,14.2398,0.42336,0.0018483,0.21168,0.0018483,0.21168,460.486,0,1.02816,0,0,3.45195,2.42379,1.028160,1,0,130.46,0,0,0,130.46,0
57.7338,2.66404,0,0,5.42671,0.226914,0.36288,3.6288,61.308,0.486926,0,0,1.41508,0.262567,0.665584,0.66528,12.849,1,0.616086,0.36288,0,99.8559,4.14939,95.4533,0.84672,12.849,0.84672,3695.15,0,0.0036966,1.46797e-05,1.76327,1.78483,9.34511,1.23785,11.6554,0.42336,0.0018483,0.21168,0.0018483,0.21168,460.486,0,1.02816,0,0,2.79143,1.76327,1.028160,1,0,107.774,0,0,0,107.774,0
59.9891,2.68369,0,0,5.53365,0.231839,0.36288,3.6288,61.308,0.487305,0,0,1.51876,0.262567,0.768885,0.66528,12.849,1,0.59727,0.36288,0,105.566,4.14939,101.182,0.84672,12.849,0.84672,3695.15,0,0.0036966,1.46912e-05,2.11003,1.78528,9.96693,1.23785,12.6244,0.42336,0.0018483,0.21168,0.0018483,0.21168,460.486,0,1.02816,0,0,3.13819,2.11003,1.028160,1,0,114.576,0,0,0,114.576,0
61.6217,2.70286,0,0,4.93058,0.232242,0.36288,3.6288,61.308,0.487685,0,0,1.19858,0.273632,0.437267,0.66528,12.849,1,0.578922,0.36288,0,103.483,4.41147,98.8555,0.84672,12.849,0.84672,3695.15,0,0.0036966,1.47026e-05,0.999397,1.78573,9.28981,1.31984,10.7551,0.42336,0.0018483,0.21168,0.0018483,0.21168,460.486,0,1.02816,0,0,2.02756,0.999397,1.028160,1,0,110.048,0,0,0,110.048,0
65.2337,2.37193,0,0,6.6792,0.332338,0.36288,3.6288,61.308,0.273991,0,0,1.32475,0.210565,0.840197,0.66528,12.849,1,0.494582,0.36288,0,110.159,4.0089,106.019,0.84672,12.849,0.84672,3695.15,0,0.0036966,8.26023e-06,1.56228,1.78617,10.4187,1.11675,12.6504,0.42336,0.0018483,0.21168,0.0018483,0.21168,460.486,0,1.02816,0,0,2.59044,1.56228,1.028160,1,0,119.509,0,0,0,119.509,0
69.7589,2.39541,0,0,7.56484,0.281407,0.36288,3.6288,61.308,0.274317,0,0,1.99968,0.228297,1.49707,0.66528,12.849,1,0.471821,0.36288,0,146.876,3.2587,143.508,0.84672,12.849,0.84672,3695.15,0,0.0036966,8.27006e-06,2.8546,1.54325,10.776,0.920222,14.2536,0.42336,0.0018483,0.21168,0.0018483,0.21168,460.486,0,1.02816,0,0,3.88276,2.8546,1.028160,1,0,159.259,0,0,0,159.259,0
72.29,2.42187,0,0,5.92936,0.314674,0.661668,3.6288,61.308,0.274644,0,0,1.8131,0.243183,1.29527,0.66528,12.849,1,0.446088,0.661668,0,146.202,3.31601,143.101,0.84672,12.849,0.84672,3695.15,0,0.0036966,8.27989e-06,2.47758,1.54363,9.82195,0.977311,12.8658,0.42336,0.0018483,0.21168,0.0018483,0.21168,460.486,0,1.02816,0,0,3.50574,2.47758,1.028160,1,0,157.262,0,0,0,157.262,0
72.29,2.43574,0,0,6.76616,0.320836,4.00958,3.6288,61.308,0.27497,0,0,2.75314,0.243183,2.23499,0.66528,12.849,1,0.432934,4.00958,0,126.22,3.31601,126.481,0.84672,12.849,0.84672,3695.15,0,0.0036966,8.28973e-06,3.81061,1.54402,13.3052,0.977311,17.6825,0.42336,0.0018483,0.21168,0.0018483,0.21168,460.486,0,1.02816,0,0,4.83877,3.81061,1.028160,1,0,146.398,0,0,0,146.398,0
72.29,2.43635,0,0,6.24225,0.320836,3.48507,3.6288,61.308,0.275296,0,0,2.58375,0.243183,2.06527,0.66528,12.849,1,0.433043,3.48507,0,152.567,3.31601,152.303,0.84672,12.849,0.84672,3695.15,0,0.0036966,8.29956e-06,3.33218,1.54441,12.1078,0.977311,16.0071,0.42336,0.0018483,0.21168,0.0018483,0.21168,460.486,0,1.02816,0,0,4.36034,3.33218,1.028160,1,0,170.375,0,0,0,170.375,0
72.29,2.526,0,0,5.59387,0.301559,2.76631,3.6288,61.308,0.328058,0,0,1.94225,0.188281,1.42592,0.66528,12.849,1,0.448978,2.76631,0,131.039,2.92417,130.432,0.84672,12.849,0.84672,3695.15,0,0.0036966,9.89022e-06,2.87199,1.54479,12.4704,0.845132,16.042,0.42336,0.0018483,0.21168,0.0018483,0.21168,460.486,0,1.02816,0,0,3.90015,2.87199,1.028160,1,0,147.9,0,0,0,147.9,0
72.29,2.52663,0,0,6.79536,0.32675,3.94198,3.6288,61.308,0.328397,0,0,3.02205,0.168162,2.52549,0.66528,12.849,1,0.44909,3.94198,0,138.431,2.93549,138.988,0.84672,12.849,0.84672,3695.15,0,0.0036966,9.90045e-06,3.65302,1.60534,14.8422,0.789837,19.3107,0.42336,0.0018483,0.21168,0.0018483,0.21168,460.486,0,1.02816,0,0,4.68118,3.65302,1.028160,1,0,160.825,0,0,0,160.825,0
72.29,2.52727,0,0,4.77063,0.32675,1.91661,3.6288,61.308,0.328737,0,0,1.78317,0.168162,1.28628,0.66528,12.849,1,0.449202,1.91661,0,103.961,2.93549,102.493,0.84672,12.849,0.84672,3695.15,0,0.0036966,9.91069e-06,2.23276,1.60575,11.9121,0.789837,14.9607,0.42336,0.0018483,0.21168,0.0018483,0.21168,460.486,0,1.02816,0,0,3.26092,2.23276,1.028160,1,0,118.74,0,0,0,118.74,0
72.29,2.5279,0,0,4.22782,0.308894,1.39103,3.6288,61.308,0.329076,0,0,1.42473,0.177677,0.917974,0.66528,12.849,1,0.449315,1.39103,0,105.448,3.05182,103.338,0.84672,12.849,0.84672,3695.15,0,0.0036966,9.92092e-06,1.85121,1.60615,11.686,0.812737,14.3306,0.42336,0.0018483,0.21168,0.0018483,0.21168,460.486,0,1.02816,0,0,2.87937,1.85121,1.028160,1,0,118.586,0,0,0,118.586,0
72.29,2.49368,0,0,3.96421,0.266885,1.20365,3.6288,61.308,0.30903,0,0,1.65904,0.205397,1.14462,0.66528,12.849,1,0.443233,1.20365,0,80.8263,3.4744,78.1123,0.84672,12.849,0.84672,3695.15,0,0.0036966,9.31658e-06,2.18612,1.60655,10.6856,0.878186,13.6001,0.42336,0.0018483,0.21168,0.0018483,0.21168,460.486,0,1.02816,0,0,3.21428,2.18612,1.028160,1,0,92.857,0,0,0,92.857,0
72.29,2.49431,0,0,3.37522,0.273463,0.607456,3.6288,61.308,0.309365,0,0,1.03988,0.215225,0.515286,0.66528,12.849,1,0.443344,0.607456,0,61.6802,3.80373,58.0406,0.84672,12.849,0.84672,3695.15,0,0.0036966,9.32666e-06,1.306,1.58351,6.14034,0.89868,8.13116,0.42336,0.0018483,0.21168,0.0018483,0.21168,460.486,0,1.02816,0,0,2.33416,1.306,1.028160,1,0,66.687,0,0,0,66.687,0
72.1457,2.49493,0,0,2.98699,0.273463,0.36288,3.6288,61.308,0.309699,0,0,0.920549,0.215225,0.395624,0.66528,12.849,1,0.443455,0.36288,0,58.1213,3.80373,54.237,0.84672,12.849,0.84672,3695.15,0,0.0036966,9.33675e-06,0.832507,1.58391,5.84807,0.89868,7.36579,0.42336,0.0018483,0.21168,0.0018483,0.21168,460.486,0,1.02816,0,0,1.86067,0.832507,1.028160,1,0,61.9984,0,0,0,61.9984,0
72.29,2.4948,0,0,3.52191,0.273164,0.609663,3.6288,61.308,0.310034,0,0,1.04257,0.215225,0.517312,0.66528,12.849,1,0.444319,0.609663,0,65.6907,3.80373,62.0523,0.84672,12.849,0.84672,3695.15,0,0.0036966,9.34684e-06,0.901679,1.5843,6.86482,0.89868,8.45211,0.42336,0.0018483,0.21168,0.0018483,0.21168,460.486,0,1.02816,0,0,1.92984,0.901679,1.028160,1,0,71.0217,0,0,0,71.0217,0
72.0569,2.61459,0,0,2.92602,0.181618,0.36288,3.6288,61.308,0.382735,0,0,0.851291,0.257634,0.210923,0.66528,12.849,1,0.464723,0.36288,0,54.2192,4.3554,49.762,0.84672,12.849,0.84672,3695.15,0,0.0036966,1.15386e-05,0.982351,1.5847,5.55972,1.01845,7.10831,0.42336,0.0018483,0.21168,0.0018483,0.21168,460.486,0,1.02816,0,0,2.01051,0.982351,1.028160,1,0,57.0812,0,0,0,57.0812,0
71.8363,2.61397,0,0,2.93479,0.178605,0.36288,3.6288,61.308,0.383088,0,0,0.839047,0.247653,0.208306,0.66528,12.849,1,0.466116,0.36288,0,49.0623,4.2222,44.7369,0.84672,12.849,0.84672,3695.15,0,0.0036966,1.15493e-05,1.13034,1.66714,4.96861,0.972568,6.79351,0.42336,0.0018483,0.21168,0.0018483,0.21168,460.486,0,1.02816,0,0,2.1585,1.13034,1.028160,1,0,51.7387,0,0,0,51.7387,0
71.4083,2.61341,0,0,2.72617,0.177857,0.36288,3.6288,61.308,0.383441,0,0,0.815478,0.24599,0.186047,0.66528,12.849,1,0.467447,0.36288,0,46.2619,4.2,41.9574,0.84672,12.849,0.84672,3695.15,0,0.0036966,1.15599e-05,0.769772,1.66756,4.64949,0.964921,6.12189,0.42336,0.0018483,0.21168,0.0018483,0.21168,460.486,0,1.02816,0,0,1.79793,0.769772,1.028160,1,0,48.2653,0,0,0,48.2653,0
70.7339,2.61168,0,0,2.47745,0.177278,0.36288,3.6288,61.308,0.383794,0,0,0.781367,0.24599,0.151583,0.66528,12.849,1,0.469939,0.36288,0,43.9832,4.2,39.6762,0.84672,12.849,0.84672,3695.15,0,0.0036966,1.15705e-05,0.519808,1.66798,4.53019,0.964921,5.75305,0.42336,0.0018483,0.21168,0.0018483,0.21168,460.486,0,1.02816,0,0,1.54797,0.519808,1.028160,1,0,45.5808,0,0,0,45.5808,0
69.7641,2.60854,0,0,2.178,0.176364,0.36288,3.6288,61.308,0.384147,0,0,0.706438,0.24599,0.0763006,0.66528,12.849,1,0.473849,0.36288,0,37.6506,4.2,33.3396,0.84672,12.849,0.84672,3695.15,0,0.0036966,1.15812e-05,0.39363,1.66839,4.28047,0.964921,5.37756,0.42336,0.0018483,0.21168,0.0018483,0.21168,460.486,0,1.02816,0,0,1.42179,0.39363,1.028160,1,0,38.7935,0,0,0,38.7935,0
69.0309,2.58031,0,0,2.34576,0.135763,0.36288,3.6288,61.2914,0.424324,0,0,0.652723,0.245047,0,0.66528,12.849,1,0.475236,0.36288,0,39.008,4.60404,34.2916,0.84672,12.849,0.84672,3695.15,0,0.0036966,1.27924e-05,0.402771,1.66881,3.9563,1.07938,4.94849,0.42336,0.0018483,0.21168,0.0018483,0.21168,460.486,0,1.02816,0,0,1.43093,0.402771,1.028160,1,0,39.2401,0,0,0,39.2401,0
68.3952,2.5767,0,0,2.40957,0.105695,0.36288,3.6288,61.2427,0.424687,0,0,0.620311,0.244314,0,0.66528,12.849,1,0.479612,0.36288,0,41.3259,4.90707,36.3021,0.84672,12.849,0.84672,3695.15,0,0.0036966,1.28068e-05,0.4388,1.69482,4.10041,1.16522,5.06879,0.42336,0.0018483,0.21168,0.0018483,0.21168,460.486,0,1.02816,0,0,1.46696,0.4388,1.028160,1,0,41.3709,0,0,0,41.3709,0
67.5476,2.57359,0,0,2.19408,0.105172,0.36288,3.6288,61.1874,0.42505,0,0,0.614027,0.244239,0,0.66528,12.849,1,0.483485,0.36288,0,41.0061,4.90707,35.9785,0.84672,12.849,0.84672,3695.15,0,0.0036966,1.2828e-05,0.440891,1.69525,3.94643,1.16522,4.91734,0.42336,0.0018483,0.21168,0.0018483,0.21168,460.486,0,1.02816,0,0,1.46905,0.440891,1.028160,1,0,40.8958,0,0,0,40.8958,0
66.4963,2.56914,0,0,1.98514,0.104475,0.36288,3.6288,61.0851,0.428022,0,0,0.569848,0.244154,0,0.66528,12.849,1,0.488704,0.36288,0,36.824,4.90707,31.7911,0.84672,12.849,0.84672,3695.15,0,0.0036966,1.29294e-05,0.261274,1.69567,3.78498,1.16522,4.57669,0.42336,0.0018483,0.21168,0.0018483,0.21168,460.486,0,1.02555,0,0,1.28682,0.261274,1.028160,1,0,36.3678,0,0,0,36.3678,0
65.3681,2.62312,0,0,1.93521,0.0773851,0.36288,3.6288,60.8639,0.461304,0,0,0.543821,0.303669,0,0.66528,12.849,1,0.506863,0.36288,0,33.3732,5.72091,27.5083,0.84672,12.849,0.84672,3695.15,0,0.0036966,1.3958e-05,0.294589,1.69609,3.53544,1.46633,4.05978,0.42336,0.0018483,0.21168,0.0018483,0.21168,460.486,0,1.02816,0,0,1.32275,0.294589,1.028160,1,0,31.5681,0,0,0,31.5681,0
64.3212,2.61646,0,0,2.011,0.0786153,0.36288,3.6288,60.6684,0.461676,0,0,0.544056,0.277943,0,0.66528,12.849,1,0.514302,0.36288,0,31.7223,5.6637,25.9072,0.84672,12.849,0.84672,3695.15,0,0.0036966,1.40201e-05,0.33321,1.73734,3.13855,1.46974,3.73935,0.42336,0.0018483,0.21168,0.0018483,0.21168,460.486,0,1.02816,0,0,1.36137,0.33321,1.028160,1,0,29.6465,0,0,0,29.6465,0
63.097,2.61014,0,0,1.82678,0.0779562,0.36288,3.6288,60.442,0.47804,0,0,0.529316,0.277598,0,0.66528,12.849,1,0.521409,0.36288,0,29.8616,5.6637,24.0393,0.84672,12.849,0.84672,3695.15,0,0.0036966,1.45638e-05,0.261274,1.73778,3.02651,1.46974,3.55581,0.42336,0.0018483,0.21168,0.0018483,0.21168,460.486,0,1.01217,0,0,1.27344,0.261274,1.028160,1,0,27.5951,0,0,0,27.5951,0
61.6178,2.60238,0,0,1.54723,0.0611388,0.36288,3.6288,60.2232,0.46242,0,0,0.526443,0.282827,0,0.66528,12.849,1,0.529946,0.36288,0,28.4585,5.94049,22.351,0.84672,12.849,0.84672,3695.15,0,0.0036966,1.41407e-05,0.234343,1.73821,2.96991,1.47024,3.47221,0.42336,0.0018483,0.21168,0.0018483,0.21168,460.486,0,1.02816,0,0,1.2625,0.234343,1.028160,1,0,25.8232,0,0,0,25.8232,0
59.7748,2.76564,0,0,1.3563,0.070795,0.36288,3.6288,59.8182,0.623277,0,0,0.490198,0.27192,0,0.66528,12.849,1,0.576713,0.36288,0,26.2443,5.78613,20.2443,0.84672,12.849,0.84672,3695.15,0,0.0036966,1.91289e-05,0.227405,1.73865,2.86786,1.36633,3.46756,0.42336,0.0018483,0.21168,0.0018483,0.21168,460.486,0,0.996036,0,0,1.22344,0.227405,1.028160,1,0,23.7119,0,0,0,23.7119,0
57.9702,2.75169,0,0,1.37241,0.0624452,0.36288,3.6288,59.4725,0.591559,0,0,0.498656,0.252851,0,0.66528,12.849,1,0.591496,0.36288,0,26.0461,5.20008,20.6174,0.84672,12.849,0.84672,3695.15,0,0.0036966,1.82784e-05,0.227612,1.87747,2.6964,1.36771,3.43375,0.42336,0.0018483,0.21168,0.0018483,0.21168,460.486,0,1.02816,0,0,1.25577,0.227612,1.028160,1,0,24.0511,0,0,0,24.0511,0
56.5366,2.7373,0,0,1.72512,0.058524,0.36288,3.6288,59.1636,0.591964,0,0,0.528038,0.244962,0,0.66528,12.849,1,0.606719,0.36288,0,26.8672,4.96566,21.6577,0.84672,12.849,0.84672,3695.15,0,0.0036966,1.83972e-05,0.340425,1.87794,3.79096,1.36826,4.64105,0.42336,0.0018483,0.21168,0.0018483,0.21168,460.486,0,1.02816,0,0,1.36858,0.340425,1.028160,1,0,26.2988,0,0,0,26.2988,0
54.9049,2.72545,0,0,1.51439,0.0577057,0.36288,3.6288,58.8561,0.592368,0,0,0.529328,0.244478,0,0.66528,12.849,1,0.619409,0.36288,0,25.3522,4.96566,20.13,0.84672,12.849,0.84672,3695.15,0,0.0036966,1.85059e-05,0.296395,1.87841,2.78677,1.36826,3.59329,0.42336,0.0018483,0.21168,0.0018483,0.21168,460.486,0,1.02816,0,0,1.32456,0.296395,1.028160,1,0,23.7233,0,0,0,23.7233,0
52.9674,2.71121,0,0,1.20627,0.0697569,0.36288,3.6288,58.4532,0.618096,0,0,0.459501,0.244236,0,0.66528,12.849,1,0.634484,0.36288,0,24.1657,5.03226,18.8619,0.84672,12.849,0.84672,3695.15,0,0.0036966,1.94105e-05,0.204422,1.87888,2.47629,1.35522,3.20435,0.42336,0.0018483,0.21168,0.0018483,0.21168,460.486,0,1.00284,0,0,1.20726,0.204422,1.028160,1,0,22.0662,0,0,0,22.0662,0
51.2549,2.61103,0,0,1.32152,0.0601202,0.36288,3.6288,58.2093,0.51517,0,0,0.517328,0.246128,0,0.66528,12.849,1,0.633391,0.36288,0,19.4372,5.01942,14.1473,0.84672,12.849,0.84672,3695.15,0,0.0036966,1.62897e-05,0.4583,1.87935,2.50216,1.35763,3.48216,0.42336,0.0018483,0.21168,0.0018483,0.21168,460.486,0,1.02816,0,0,1.48646,0.4583,1.028160,1,0,17.6295,0,0,0,17.6295,0
49.2051,2.59475,0,0,0.953294,0.045442,0.36288,3.6288,57.8483,0.515555,0,0,0.40368,0.249048,0,0.66528,12.849,1,0.650474,0.36288,0,15.3202,4.9875,10.0451,0.84672,12.849,0.84672,3695.15,0,0.0036966,1.63703e-05,0.275391,1.80041,2.07948,1.36375,2.79151,0.42336,0.0018483,0.21168,0.0018483,0.21168,460.486,0,1.02816,0,0,1.30355,0.275391,1.028160,1,0,12.8366,0,0,0,12.8366,0
47.1512,2.5739,0,0,0.927314,0.0444686,0.36288,3.6288,57.4047,0.568617,0,0,0.373449,0.248468,0,0.66528,12.849,1,0.672128,0.36288,0,13.9946,4.9875,8.69781,0.84672,12.849,0.84672,3695.15,0,0.0036966,1.81678e-05,0.216518,1.80086,2.04329,1.36375,2.6969,0.42336,0.0018483,0.21168,0.0018483,0.21168,460.486,0,0.975482,0,0,1.192,0.216518,1.028160,1,0,11.3947,0,0,0,11.3947,0
45.9482,2.55153,0,0,1.86418,0.152688,0.36288,3.6288,57.5451,0.516326,0,0,0.800966,0.144245,0,0.66528,12.849,1,0.695309,0.36288,0,38.0512,3.53409,34.1846,0.84672,12.849,0.84672,3695.15,0,0.0036966,1.66245e-05,0.685117,1.80131,5.14822,0.909467,6.72517,0.42336,0.0018483,0.21168,0.0018483,0.21168,460.486,0,1.02816,0,0,1.71328,0.685117,1.028160,1,0,40.9098,0,0,0,40.9098,0
45.9004,2.47238,0,0,2.93803,0.150665,0.36288,3.6288,57.6741,0.445634,0,0,0.718966,0.144377,0,0.66528,12.849,1,0.691377,0.36288,0,43.07,3.53409,39.2074,0.84672,12.849,0.84672,3695.15,0,0.0036966,1.43134e-05,0.976536,1.80176,3.34441,0.909467,5.21323,0.42336,0.0018483,0.21168,0.0018483,0.21168,460.486,0,1.02816,0,0,2.0047,0.976536,1.028160,1,0,44.4206,0,0,0,44.4206,0
45.6865,2.47243,0,0,2.80193,0.180514,0.36288,3.6288,57.5776,0.446002,0,0,0.577768,0.228224,0,0.66528,12.849,1,0.692113,0.36288,0,49.0591,4.79671,43.9332,0.84672,12.849,0.84672,3695.15,0,0.0036966,1.42932e-05,0.849303,1.73157,3.70259,1.16411,5.11934,0.42336,0.0018483,0.21168,0.0018483,0.21168,460.486,0,1.02816,0,0,1.87746,0.849303,1.028160,1,0,49.0525,0,0,0,49.0525,0
45.7347,2.47052,0,0,3.06172,0.180083,0.36288,3.6288,57.9321,0.44637,0,0,1.02891,0.228082,0,0.66528,12.849,1,0.694816,0.36288,0,50.9656,4.79671,45.837,0.84672,12.849,0.84672,3695.15,0,0.0036966,1.43289e-05,1.44628,1.732,3.95036,1.16411,5.96452,0.42336,0.0018483,0.21168,0.0018483,0.21168,460.486,0,1.02816,0,0,2.47444,1.44628,1.028160,1,0,51.8015,0,0,0,51.8015,0
45.3805,2.47171,0,0,2.67682,0.196478,0.36288,3.6288,58.2613,0.446738,0,0,1.01058,0.234623,0,0.66528,12.849,1,0.694417,0.36288,0,51.6011,4.32284,46.9467,0.84672,12.849,0.84672,3695.15,0,0.0036966,1.4253e-05,1.24419,1.73243,4.15716,1.06331,6.07046,0.42336,0.0018483,0.21168,0.0018483,0.21168,460.486,0,1.02816,0,0,2.27235,1.24419,1.028160,1,0,53.0172,0,0,0,53.0172,0
47.6169,2.28222,0,0,5.0894,0.207873,0.36288,3.6288,58.8138,0.298924,0,0,1.09106,0.239645,0,0.66528,12.849,1,0.646187,0.36288,0,88.3328,3.96743,84.082,0.84672,12.849,0.84672,3695.15,0,0.0036966,9.48316e-06,2.25057,1.73287,5.76781,0.987717,8.76353,0.42336,0.0018483,0.21168,0.0018483,0.21168,460.486,0,1.02816,0,0,3.27873,2.25057,1.028160,1,0,92.8456,0,0,0,92.8456,0
50.6899,2.3067,0,0,5.95728,0.214645,0.36288,3.6288,58.6036,0.299255,0,0,0.343609,0.254539,0,0.66528,12.849,1,0.622443,0.36288,0,61.2622,3.88898,57.1136,0.84672,12.849,0.84672,3695.15,0,0.0036966,9.40448e-06,0.639533,1.57411,4.80527,0.941237,6.07767,0.42336,0.0018483,0.21168,0.0018483,0.21168,460.486,0,1.02816,0,0,1.66769,0.639533,1.028160,1,0,63.1913,0,0,0,63.1913,0
51.9756,2.33739,0,0,4.20839,0.222486,0.36288,3.6288,58.6272,0.299586,0,0,0.583044,0.259804,0,0.66528,12.849,1,0.592487,0.36288,0,62.0467,3.8576,57.9595,0.84672,12.849,0.84672,3695.15,0,0.0036966,9.44866e-06,0.731255,1.57451,3.84658,0.922644,5.22969,0.42336,0.0018483,0.21168,0.0018483,0.21168,460.486,0,1.02816,0,0,1.75942,0.731255,1.028160,1,0,63.1892,0,0,0,63.1892,0
54.4465,2.34973,0,0,5.40899,0.225488,0.36288,3.6288,59.992,0.299918,0,0,1.92448,0.259844,0,0.66528,12.849,1,0.580882,0.36288,0,85.0772,3.8576,81.0016,0.84672,12.849,0.84672,3695.15,0,0.0036966,9.4553e-06,3.29886,1.5749,6.09919,0.922644,10.0503,0.42336,0.0018483,0.21168,0.0018483,0.21168,460.486,0,1.02816,0,0,4.32702,3.29886,1.028160,1,0,91.0519,0,0,0,91.0519,0
55.1128,2.37165,0,0,3.67595,0.275109,0.36288,3.6288,60.0892,0.300249,0,0,0.655051,0.257517,0,0.66528,12.849,1,0.559694,0.36288,0,37.776,4.60999,32.9692,0.84672,12.849,0.84672,3695.15,0,0.0036966,9.25042e-06,1.13989,1.57529,3.21219,1.23895,4.68841,0.42336,0.0018483,0.21168,0.0018483,0.21168,460.486,0,1.02816,0,0,2.16805,1.13989,1.028160,1,0,37.6576,0,0,0,37.6576,0
57.7061,2.37714,0,0,5.60981,0.276482,0.36288,3.6288,60.6705,0.300249,0,0,1.13436,0.252854,0,0.66528,12.849,1,0.554207,0.36288,0,48.7719,4.82659,43.7539,0.84672,12.849,0.84672,3695.15,0,0.0036966,9.23544e-06,1.67047,1.57569,5.17234,1.29125,7.12724,0.42336,0.0018483,0.21168,0.0018483,0.21168,460.486,0,1.02816,0,0,2.69863,1.67047,1.028160,1,0,50.8812,0,0,0,50.8812,0
63.2672,2.47322,0,0,8.66082,0.263576,0.36288,3.6288,61.308,0.343535,0,0,1.59116,0.243617,0.366515,0.66528,12.849,1,0.550694,0.36288,0,82.9077,5.05459,77.6653,0.84672,12.849,0.84672,3695.15,0,0.0036966,1.04656e-05,2.83644,1.57569,6.84582,1.2902,9.96773,0.42336,0.0018483,0.21168,0.0018483,0.21168,460.486,0,1.02816,0,0,3.8646,2.83644,1.028160,1,0,87.9996,0,0,0,87.9996,0
66.6613,2.51406,0,0,6.54801,0.276958,0.36288,3.6288,61.308,0.343863,0,0,1.101,0.244603,0.51253,0.66528,12.849,1,0.510583,0.36288,0,90.739,5.05459,85.5367,0.84672,12.849,0.84672,3695.15,0,0.0036966,1.03667e-05,1.37911,1.62648,5.76103,1.2902,7.4764,0.42336,0.0018483,0.21168,0.0018483,0.21168,460.486,0,1.02816,0,0,2.40727,1.37911,1.028160,1,0,93.5256,0,0,0,93.5256,0
68.6171,2.53647,0,0,5.13973,0.284615,0.36288,3.6288,61.308,0.344191,0,0,0.894802,0.244603,0.306008,0.66528,12.849,1,0.488905,0.36288,0,87.1093,5.05459,81.9287,0.84672,12.849,0.84672,3695.15,0,0.0036966,1.03766e-05,0.993039,1.62686,4.60619,1.2902,5.93588,0.42336,0.0018483,0.21168,0.0018483,0.21168,460.486,0,1.02816,0,0,2.0212,0.993039,1.028160,1,0,88.1706,0,0,0,88.1706,0
70.2697,2.54881,0,0,4.85649,0.292215,0.36288,3.6288,61.308,0.344519,0,0,0.771898,0.215666,0.211713,0.66528,12.849,1,0.477282,0.36288,0,65.5612,4.23441,61.2124,0.84672,12.849,0.84672,3695.15,0,0.0036966,1.03865e-05,0.689895,1.62725,3.33551,1.09226,4.56039,0.42336,0.0018483,0.21168,0.0018483,0.21168,460.486,0,1.02816,0,0,1.71806,0.689895,1.028160,1,0,65.9845,0,0,0,65.9845,0
72.0347,2.80851,0,0,5.26781,0.331396,0.36288,3.6288,61.308,0.50628,0,0,0.727631,0.185418,0.0359333,0.66528,12.849,1,0.513543,0.36288,0,95.1307,4.5122,90.4679,0.84672,12.849,0.84672,3695.15,0,0.0036966,1.52632e-05,0.519489,1.62764,4.50841,1.14676,5.50877,0.42336,0.0018483,0.21168,0.0018483,0.21168,460.486,0,1.02816,0,0,1.54765,0.519489,1.028160,1,0,96.0126,0,0,0,96.0126,0
72.29,2.81986,0,0,9.53268,0.339737,6.11781,3.6288,61.308,0.506647,0,0,1.75986,0.170406,1.0828,0.66528,12.849,1,0.502985,6.11781,0,110.277,4.60058,111.291,0.84672,12.849,0.84672,3695.15,0,0.0036966,1.52743e-05,3.24086,1.80809,10.2855,1.11088,14.2235,0.42336,0.0018483,0.21168,0.0018483,0.21168,460.486,0,1.02816,0,0,4.26902,3.24086,1.028160,1,0,126.597,0,0,0,126.597,0
72.29,2.82204,0,0,8.10721,0.340397,4.94477,3.6288,61.308,0.507014,0,0,1.20901,0.170406,0.531593,0.66528,12.849,1,0.501597,4.94477,0,136.822,4.60058,136.665,0.84672,12.849,0.84672,3695.15,0,0.0036966,1.52853e-05,2.26323,1.80852,10.2319,1.11088,13.1928,0.42336,0.0018483,0.21168,0.0018483,0.21168,460.486,0,1.02816,0,0,3.29139,2.26323,1.028160,1,0,150.389,0,0,0,150.389,0
72.29,2.82272,0,0,5.48296,0.342664,2.31758,3.6288,61.308,0.617313,0,0,1.00984,0.157274,0.235257,0.66528,12.849,1,0.501717,2.31758,0,102.64,4.37373,100.082,0.84672,12.849,0.84672,3695.15,0,0.0036966,1.86106e-05,0.608429,1.80895,5.24661,1.04583,6.61814,0.42336,0.0018483,0.21168,0.0018483,0.21168,460.486,0,0.918225,0,0,1.52665,0.608429,1.028160,1,0,106.935,0,0,0,106.935,0
72.29,2.46551,0,0,7.79001,0.340309,4.9842,3.6288,61.308,0.290896,0,0,3.04708,0.113211,2.64297,0.66528,12.849,1,0.438226,4.9842,0,111.037,3.84393,111.739,0.84672,12.849,0.84672,3695.15,0,0.0036966,8.76986e-06,3.67201,1.80938,12.3612,0.863181,16.9794,0.42336,0.0018483,0.21168,0.0018483,0.21168,460.486,0,1.02816,0,0,4.70017,3.67201,1.028160,1,0,131.361,0,0,0,131.361,0
72.29,2.4661,0,0,6.92297,0.339413,4.11746,3.6288,61.308,0.291211,0,0,2.43858,0.108785,2.03858,0.66528,12.849,1,0.43833,4.11746,0,110.086,3.80604,109.959,0.84672,12.849,0.84672,3695.15,0,0.0036966,8.77937e-06,2.56598,1.56328,10.2163,0.847193,13.4983,0.42336,0.0018483,0.21168,0.0018483,0.21168,460.486,0,1.02816,0,0,3.59414,2.56598,1.028160,1,0,125.496,0,0,0,125.496,0
72.29,2.46669,0,0,4.85731,0.339413,2.05121,3.6288,61.308,0.291526,0,0,1.84772,0.108785,1.4474,0.66528,12.849,1,0.438435,2.05121,0,107.192,3.80604,104.999,0.84672,12.849,0.84672,3695.15,0,0.0036966,8.78887e-06,2.08214,1.56365,9.22657,0.847193,12.0252,0.42336,0.0018483,0.21168,0.0018483,0.21168,460.486,0,1.02816,0,0,3.1103,2.08214,1.028160,1,0,118.471,0,0,0,118.471,0
72.29,2.46728,0,0,4.9578,0.282772,2.20775,3.6288,61.308,0.291842,0,0,1.40444,0.0787039,1.0339,0.66528,12.849,1,0.43854,2.20775,0,93.2662,3.37007,91.6653,0.84672,12.849,0.84672,3695.15,0,0.0036966,8.79838e-06,1.53379,1.56403,8.40629,0.784566,10.7195,0.42336,0.0018483,0.21168,0.0018483,0.21168,460.486,0,1.02816,0,0,2.56195,1.53379,1.028160,1,0,103.419,0,0,0,103.419,0
72.29,2.46787,0,0,4.66026,0.288304,1.90409,3.6288,61.308,0.292157,0,0,1.87112,0.0930871,1.48588,0.66528,12.849,1,0.438645,1.90409,0,84.4793,3.30448,82.6403,0.84672,12.849,0.84672,3695.15,0,0.0036966,8.80788e-06,2.03191,1.5644,7.97083,0.760202,10.8069,0.42336,0.0018483,0.21168,0.0018483,0.21168,460.486,0,1.02816,0,0,3.06007,2.03191,1.028160,1,0,94.9331,0,0,0,94.9331,0
72.29,2.55865,0,0,4.62462,0.325889,1.74008,3.6288,61.308,0.345586,0,0,1.80236,0.128308,1.32846,0.66528,12.849,1,0.45478,1.74008,0,80.9905,3.44957,78.8262,0.84672,12.849,0.84672,3695.15,0,0.0036966,1.04186e-05,1.54316,1.56478,6.30609,0.761118,8.65289,0.42336,0.0018483,0.21168,0.0018483,0.21168,460.486,0,1.02816,0,0,2.57132,1.54316,1.028160,1,0,88.8076,0,0,0,88.8076,0
72.29,2.55926,0,0,3.90119,0.325889,1.01604,3.6288,61.308,0.345914,0,0,1.5308,0.128308,1.05658,0.66528,12.849,1,0.454889,1.01604,0,75.3506,3.44957,72.4622,0.84672,12.849,0.84672,3695.15,0,0.0036966,1.04285e-05,1.29835,1.62609,5.29643,0.761118,7.45975,0.42336,0.0018483,0.21168,0.0018483,0.21168,460.486,0,1.02816,0,0,2.32651,1.29835,1.028160,1,0,80.9786,0,0,0,80.9786,0
72.29,2.55987,0,0,3.70773,0.325889,0.821967,3.6288,61.308,0.346242,0,0,1.24584,0.128308,0.771295,0.66528,12.849,1,0.454998,0.821967,0,62.249,3.44957,59.1664,0.84672,12.849,0.84672,3695.15,0,0.0036966,1.04384e-05,1.7809,1.62648,4.49271,0.761118,7.13897,0.42336,0.0018483,0.21168,0.0018483,0.21168,460.486,0,1.02816,0,0,2.80906,1.7809,1.028160,1,0,67.0766,0,0,0,67.0766,0
72.29,2.56048,0,0,3.62161,0.287679,0.77345,3.6288,61.308,0.346571,0,0,1.15466,0.0862482,0.721839,0.66528,12.849,1,0.455106,0.77345,0,65.4645,2.55075,63.2321,0.84672,12.849,0.84672,3695.15,0,0.0036966,1.04483e-05,1.51741,1.62687,3.65556,0.643223,6.1566,0.42336,0.0018483,0.21168,0.0018483,0.21168,460.486,0,1.02816,0,0,2.54557,1.51741,1.028160,1,0,70.1105,0,0,0,70.1105,0
72.29,2.5258,0,0,3.53743,0.227294,0.784342,3.6288,61.308,0.32625,0,0,1.27392,0.205445,0.74223,0.66528,12.849,1,0.448941,0.784342,0,72.3902,4.52319,68.2025,0.84672,12.849,0.84672,3695.15,0,0.0036966,9.83572e-06,1.44142,1.62726,4.54614,0.967937,6.64687,0.42336,0.0018483,0.21168,0.0018483,0.21168,460.486,0,1.02816,0,0,2.46958,1.44142,1.028160,1,0,75.5916,0,0,0,75.5916,0
71.9243,2.5264,0,0,2.75085,0.227294,0.36288,3.6288,61.308,0.326574,0,0,0.975776,0.205445,0.443757,0.66528,12.849,1,0.449048,0.36288,0,59.4638,4.52319,54.8545,0.84672,12.849,0.84672,3695.15,0,0.0036966,9.84548e-06,1.06053,1.6039,3.64517,0.967937,5.34165,0.42336,0.0018483,0.21168,0.0018483,0.21168,460.486,0,1.02816,0,0,2.08869,1.06053,1.028160,1,0,60.6399,0,0,0,60.6399,0
71.2214,2.52506,0,0,2.41176,0.226664,0.36288,3.6288,61.308,0.326897,0,0,0.920099,0.205445,0.387757,0.66528,12.849,1,0.451093,0.36288,0,54.2957,4.52319,49.6843,0.84672,12.849,0.84672,3695.15,0,0.0036966,9.85523e-06,0.807762,1.60429,3.39498,0.967937,4.83909,0.42336,0.0018483,0.21168,0.0018483,0.21168,460.486,0,1.02816,0,0,1.83592,0.807762,1.028160,1,0,54.9112,0,0,0,54.9112,0
70.7271,2.52189,0,0,2.61588,0.225452,0.36288,3.6288,61.308,0.327221,0,0,0.882861,0.205445,0.350195,0.66528,12.849,1,0.454973,0.36288,0,58.5312,4.52319,53.916,0.84672,12.849,0.84672,3695.15,0,0.0036966,9.86498e-06,0.46319,1.60467,3.71563,0.967937,4.81554,0.42336,0.0018483,0.21168,0.0018483,0.21168,460.486,0,1.02816,0,0,1.49135,0.46319,1.028160,1,0,59.0817,0,0,0,59.0817,0
70.0291,2.63934,0,0,2.52663,0.222366,0.36288,3.6288,61.308,0.400839,0,0,1.02818,0.178176,0.449162,0.66528,12.849,1,0.479489,0.36288,0,45.0314,4.38284,40.532,0.84672,12.849,0.84672,3695.15,0,0.0036966,1.20844e-05,0.807477,1.60505,3.70346,0.958008,5.15797,0.42336,0.0018483,0.21168,0.0018483,0.21168,460.486,0,1.02816,0,0,1.83564,0.807477,1.028160,1,0,46.1391,0,0,0,46.1391,0
69.1927,2.63593,0,0,2.29548,0.133125,0.36288,3.6288,61.308,0.40118,0,0,0.919745,0.198809,0.319756,0.66528,12.849,1,0.483642,0.36288,0,37.9138,4.74988,33.0431,0.84672,12.849,0.84672,3695.15,0,0.0036966,1.20947e-05,0.737666,1.68853,3.4279,1.03918,4.81491,0.42336,0.0018483,0.21168,0.0018483,0.21168,460.486,0,1.02816,0,0,1.76583,0.737666,1.028160,1,0,38.1778,0,0,0,38.1778,0
68.1313,2.63162,0,0,2.06542,0.132265,0.36288,3.6288,61.308,0.401522,0,0,0.745943,0.198809,0.145612,0.66528,12.849,1,0.488689,0.36288,0,34.0591,4.74988,29.1834,0.84672,12.849,0.84672,3695.15,0,0.0036966,1.2105e-05,0.461376,1.68894,2.97552,1.03918,4.08665,0.42336,0.0018483,0.21168,0.0018483,0.21168,460.486,0,1.02816,0,0,1.48954,0.461376,1.028160,1,0,33.4157,0,0,0,33.4157,0
67.0126,2.62584,0,0,2.00115,0.131175,0.36288,3.6288,61.308,0.401863,0,0,0.60381,0.198809,0.00313807,0.66528,12.849,1,0.495212,0.36288,0,31.1124,4.74988,26.2302,0.84672,12.849,0.84672,3695.15,0,0.0036966,1.21153e-05,0.376212,1.68934,2.87658,1.03918,3.90295,0.42336,0.0018483,0.21168,0.0018483,0.21168,460.486,0,1.02816,0,0,1.40437,0.376212,1.028160,1,0,30.1362,0,0,0,30.1362,0
66.1564,2.61953,0,0,2.2468,0.120522,0.36288,3.6288,61.308,0.402204,0,0,0.737801,0.284551,0.0510459,0.66528,12.849,1,0.502269,0.36288,0,33.2329,5.84893,27.2446,0.84672,12.849,0.84672,3695.15,0,0.0036966,1.21256e-05,0.457695,1.68974,3.21394,1.31961,4.04176,0.42336,0.0018483,0.21168,0.0018483,0.21168,460.486,0,1.02816,0,0,1.48586,0.457695,1.028160,1,0,31.3374,0,0,0,31.3374,0
65.7474,2.59129,0,0,2.64918,0.104018,0.36288,3.6288,61.308,0.442878,0,0,0.932083,0.271249,0.217957,0.66528,12.849,1,0.503285,0.36288,0,40.0354,5.13933,34.7557,0.84672,12.849,0.84672,3695.15,0,0.0036966,1.33518e-05,0.547024,1.69015,3.82346,1.24809,4.81253,0.42336,0.0018483,0.21168,0.0018483,0.21168,460.486,0,1.02816,0,0,1.57518,0.547024,1.028160,1,0,39.7862,0,0,0,39.7862,0
65.1261,2.58929,0,0,2.43452,0.10368,0.36288,3.6288,61.308,0.443229,0,0,0.905308,0.271249,0.19083,0.66528,12.849,1,0.506025,0.36288,0,39.4031,5.13933,34.1206,0.84672,12.849,0.84672,3695.15,0,0.0036966,1.33624e-05,0.547672,1.71647,3.85548,1.24809,4.87152,0.42336,0.0018483,0.21168,0.0018483,0.21168,460.486,0,1.02816,0,0,1.57583,0.547672,1.028160,1,0,39.1829,0,0,0,39.1829,0
64.2902,2.58588,0,0,2.216,0.103165,0.36288,3.6288,61.308,0.44358,0,0,0.846755,0.271249,0.131926,0.66528,12.849,1,0.510178,0.36288,0,37.827,5.13933,32.5403,0.84672,12.849,0.84672,3695.15,0,0.0036966,1.33729e-05,0.337202,1.71688,3.62187,1.24809,4.42785,0.42336,0.0018483,0.21168,0.0018483,0.21168,460.486,0,1.02816,0,0,1.36536,0.337202,1.028160,1,0,37.1001,0,0,0,37.1001,0
63.295,2.58096,0,0,2.03768,0.0890587,0.36288,3.6288,61.308,0.443931,0,0,0.808428,0.304156,0.0603407,0.66528,12.849,1,0.51583,0.36288,0,33.5348,5.56278,27.819,0.84672,12.849,0.84672,3695.15,0,0.0036966,1.33835e-05,0.330385,1.71729,3.48502,1.40266,4.13003,0.42336,0.0018483,0.21168,0.0018483,0.21168,460.486,0,1.02816,0,0,1.35854,0.330385,1.028160,1,0,32.0094,0,0,0,32.0094,0
62.9864,2.63493,0,0,2.76933,0.0801258,0.36288,3.6288,61.308,0.480261,0,0,0.967395,0.331985,0.155148,0.66528,12.849,1,0.534895,0.36288,0,38.3702,5.87286,32.3254,0.84672,12.849,0.84672,3695.15,0,0.0036966,1.44788e-05,0.478328,1.7177,4.17919,1.50618,4.86903,0.42336,0.0018483,0.21168,0.0018483,0.21168,460.486,0,1.02816,0,0,1.50649,0.478328,1.028160,1,0,37.3495,0,0,0,37.3495,0
62.3626,2.63338,0,0,2.45244,0.0799245,0.36288,3.6288,61.308,0.480621,0,0,0.908444,0.331985,0.0958374,0.66528,12.849,1,0.5372,0.36288,0,36.1519,5.87286,30.1047,0.84672,12.849,0.84672,3695.15,0,0.0036966,1.44897e-05,0.374276,1.75946,4.13851,1.50618,4.76605,0.42336,0.0018483,0.21168,0.0018483,0.21168,460.486,0,1.02816,0,0,1.40244,0.374276,1.028160,1,0,34.9666,0,0,0,34.9666,0
61.5184,2.62955,0,0,2.22776,0.0795175,0.36288,3.6288,61.308,0.480981,0,0,0.88382,0.331985,0.0708536,0.66528,12.849,1,0.541784,0.36288,0,34.0311,5.87286,27.9794,0.84672,12.849,0.84672,3695.15,0,0.0036966,1.45005e-05,0.283694,1.75988,3.99076,1.50618,4.52814,0.42336,0.0018483,0.21168,0.0018483,0.21168,460.486,0,1.02816,0,0,1.31185,0.283694,1.028160,1,0,32.5784,0,0,0,32.5784,0
60.3552,2.62402,0,0,1.88683,0.0631266,0.36288,3.6288,61.308,0.481341,0,0,0.879016,0.337644,0.0600315,0.66528,12.849,1,0.548065,0.36288,0,32.4323,6.14965,26.0975,0.84672,12.849,0.84672,3695.15,0,0.0036966,1.45114e-05,0.272419,1.7603,3.91614,1.50668,4.44216,0.42336,0.0018483,0.21168,0.0018483,0.21168,460.486,0,1.02816,0,0,1.30058,0.272419,1.028160,1,0,30.5997,0,0,0,30.5997,0
59.2498,2.79064,0,0,2.11951,0.0714125,0.36288,3.6288,61.1034,0.688084,0,0,0.810363,0.326887,0,0.66528,12.849,1,0.594099,0.36288,0,30.8511,5.76897,24.8509,0.84672,12.849,0.84672,3695.15,0,0.0036966,2.07442e-05,0.227405,1.76072,3.84159,1.47745,4.35224,0.42336,0.0018483,0.21168,0.0018483,0.21168,460.486,0,0.951765,0,0,1.17917,0.227405,1.028160,1,0,29.2032,0,0,0,29.2032,0
58.7839,2.7822,0,0,2.74883,0.0696302,0.36288,3.6288,61.1737,0.612082,0,0,1.00872,0.326335,0,0.66528,12.849,1,0.603352,0.36288,0,39.9527,5.59923,34.113,0.84672,12.849,0.84672,3695.15,0,0.0036966,1.85147e-05,0.408205,1.90128,4.55003,1.53346,5.32604,0.42336,0.0018483,0.21168,0.0018483,0.21168,460.486,0,1.02816,0,0,1.43637,0.408205,1.028160,1,0,39.439,0,0,0,39.439,0
57.7811,2.77894,0,0,2.20829,0.0693178,0.36288,3.6288,60.7289,0.847846,0,0,0.729579,0.326481,0,0.66528,12.849,1,0.60742,0.36288,0,39.0402,5.59923,33.1964,0.84672,12.849,0.84672,3695.15,0,0.0036966,2.56168e-05,0.204422,1.90173,3.65261,1.53346,4.22529,0.42336,0.0018483,0.21168,0.0018483,0.21168,460.486,0,0.79278,0,0,0.997203,0.204422,1.028160,1,0,37.4217,0,0,0,37.4217,0
57.3288,2.77097,0,0,2.75018,0.0686451,0.36288,3.6288,61.0375,0.612864,0,0,1.247,0.325562,0,0.66528,12.849,1,0.616192,0.36288,0,35.6558,5.59923,29.8033,0.84672,12.849,0.84672,3695.15,0,0.0036966,1.86527e-05,0.858168,1.90219,5.64769,1.53346,6.87457,0.42336,0.0018483,0.21168,0.0018483,0.21168,460.486,0,1.02816,0,0,1.88633,0.858168,1.028160,1,0,36.6778,0,0,0,36.6778,0
56.9009,2.76766,0,0,2.77963,0.0769588,0.36288,3.6288,61.2431,0.613256,0,0,1.11189,0.293057,0,0.66528,12.849,1,0.620311,0.36288,0,32.9086,4.64991,28.0012,0.84672,12.849,0.84672,3695.15,0,0.0036966,1.85702e-05,0.499643,1.90264,6.04955,1.17288,7.27893,0.42336,0.0018483,0.21168,0.0018483,0.21168,460.486,0,1.02816,0,0,1.5278,0.499643,1.028160,1,0,35.2801,0,0,0,35.2801,0
57.0418,2.68016,0,0,3.26645,0.0824677,0.36288,3.6288,61.308,0.534654,0,0,2.22289,0.30696,1.31638,0.66528,12.849,1,0.605218,0.36288,0,40.3637,4.86444,35.2569,0.84672,12.849,0.84672,3695.15,0,0.0036966,1.61357e-05,2.1837,1.90309,8.44733,1.27879,11.2553,0.42336,0.0018483,0.21168,0.0018483,0.21168,460.486,0,1.02816,0,0,3.21186,2.1837,1.028160,1,0,47.8286,0,0,0,47.8286,0
56.7965,2.68202,0,0,2.88217,0.0825822,0.36288,3.6288,61.308,0.535027,0,0,1.29007,0.307086,0.447961,0.66528,12.849,1,0.604141,0.36288,0,41.3444,4.86444,36.2387,0.84672,12.849,0.84672,3695.15,0,0.0036966,1.61299e-05,0.988373,1.82314,6.48853,1.27879,8.02123,0.42336,0.0018483,0.21168,0.0018483,0.21168,460.486,0,1.02816,0,0,2.01653,0.988373,1.028160,1,0,44.7079,0,0,0,44.7079,0
56.0524,2.68053,0,0,2.3817,0.0823829,0.36288,3.6288,61.308,0.535399,0,0,1.13652,0.307086,0.294038,0.66528,12.849,1,0.606414,0.36288,0,38.1732,4.86444,33.0653,0.84672,12.849,0.84672,3695.15,0,0.0036966,1.61411e-05,0.764882,1.82357,6.0087,1.27879,7.31835,0.42336,0.0018483,0.21168,0.0018483,0.21168,460.486,0,1.02816,0,0,1.79304,0.764882,1.028160,1,0,40.6777,0,0,0,40.6777,0
57.2748,2.67462,0,0,4.42721,0.167372,0.36288,3.6288,61.308,0.535772,0,0,1.76812,0.231279,1.00107,0.66528,12.849,1,0.613109,0.36288,0,67.4005,3.82629,63.3239,0.84672,12.849,0.84672,3695.15,0,0.0036966,1.61523e-05,1.21205,1.82401,10.4327,0.954302,12.5144,0.42336,0.0018483,0.21168,0.0018483,0.21168,460.486,0,1.02816,0,0,2.24021,1.21205,1.028160,1,0,76.8395,0,0,0,76.8395,0
60.9524,2.61657,0,0,6.85589,0.198793,0.36288,3.6288,61.308,0.464173,0,0,3.11021,0.204092,2.44195,0.66528,12.849,1,0.587,0.36288,0,174.061,4.24281,169.594,0.84672,12.849,0.84672,3695.15,0,0.0036966,1.39938e-05,3.92296,1.82444,23.8866,1.02663,28.6073,0.42336,0.0018483,0.21168,0.0018483,0.21168,460.486,0,1.02816,0,0,4.95112,3.92296,1.028160,1,0,200.643,0,0,0,200.643,0
65.4623,2.64645,0,0,7.72414,0.204906,0.36288,3.6288,61.308,0.464528,0,0,3.84088,0.204615,3.17173,0.66528,12.849,1,0.557882,0.36288,0,203.653,4.38144,199.076,0.84672,12.849,0.84672,3695.15,0,0.0036966,1.40045e-05,3.61231,1.75335,23.8425,1.06032,28.1478,0.42336,0.0018483,0.21168,0.0018483,0.21168,460.486,0,1.02816,0,0,4.64047,3.61231,1.028160,1,0,230.396,0,0,0,230.396,0
67.8546,2.67922,0,0,5.64951,0.215175,0.36288,3.6288,61.308,0.464884,0,0,3.70456,0.202462,3.03721,0.66528,12.849,1,0.52588,0.36288,0,116.633,4.32794,112.142,0.84672,12.849,0.84672,3695.15,0,0.0036966,1.40152e-05,2.78559,1.75377,22.4405,1.0534,25.9264,0.42336,0.0018483,0.21168,0.0018483,0.21168,460.486,0,1.02816,0,0,3.81375,2.78559,1.028160,1,0,141.106,0,0,0,141.106,0
71.9831,2.69545,0,0,7.42209,0.235176,0.36288,3.6288,61.308,0.46524,0,0,2.72016,0.189548,2.06537,0.66528,12.849,1,0.510414,0.36288,0,136.42,4.00691,132.265,0.84672,12.849,0.84672,3695.15,0,0.0036966,1.40259e-05,2.19303,1.75419,15.969,1.0119,18.9043,0.42336,0.0018483,0.21168,0.0018483,0.21168,460.486,0,1.02816,0,0,3.22119,2.19303,1.028160,1,0,153.235,0,0,0,153.235,0
72.29,2.51603,0,0,13.0713,0.278554,9.96984,3.6288,61.308,0.315556,0,0,7.62847,0.21513,7.09779,0.66528,12.849,1,0.449111,9.96984,0,187.539,4.63146,192.428,0.84672,12.849,0.84672,3695.15,0,0.0036966,9.51331e-06,3.96589,1.7546,30.2511,1.1458,34.8257,0.42336,0.0018483,0.21168,0.0018483,0.21168,460.486,0,1.02816,0,0,4.99405,3.96589,1.028160,1,0,234.352,0,0,0,234.352,0
72.29,2.51825,0,0,9.84087,0.299105,7.02352,3.6288,61.308,0.315876,0,0,6.90213,0.193458,6.3928,0.66528,12.849,1,0.447599,7.02352,0,265.827,4.00061,268.402,0.84672,12.849,0.84672,3695.15,0,0.0036966,9.52296e-06,2.9452,1.59384,27.9989,1.03757,31.5003,0.42336,0.0018483,0.21168,0.0018483,0.21168,460.486,0,1.02816,0,0,3.97336,2.9452,1.028160,1,0,306.295,0,0,0,306.295,0
72.29,2.51885,0,0,11.7571,0.299105,8.93919,3.6288,61.308,0.316196,0,0,8.13957,0.193458,7.62992,0.66528,12.849,1,0.447706,8.93919,0,198.351,4.00061,202.842,0.84672,12.849,0.84672,3695.15,0,0.0036966,9.53262e-06,3.62971,1.59422,32.2204,1.03757,36.4067,0.42336,0.0018483,0.21168,0.0018483,0.21168,460.486,0,1.02816,0,0,4.65787,3.62971,1.028160,1,0,246.879,0,0,0,246.879,0
72.29,2.51945,0,0,12.0868,0.299105,9.2682,3.6288,61.308,0.316516,0,0,11.5383,0.193458,11.0283,0.66528,12.849,1,0.447812,9.2682,0,217.782,4.00061,222.602,0.84672,12.849,0.84672,3695.15,0,0.0036966,9.54227e-06,5.39977,1.5946,41.2066,1.03757,47.1634,0.42336,0.0018483,0.21168,0.0018483,0.21168,460.486,0,1.02816,0,0,6.42793,5.39977,1.028160,1,0,280.794,0,0,0,280.794,0
72.29,2.52005,0,0,11.4935,0.300517,8.67298,3.6288,61.308,0.316837,0,0,10.9768,0.186158,10.4738,0.66528,12.849,1,0.447919,8.67298,0,235.519,3.84413,239.9,0.84672,12.849,0.84672,3695.15,0,0.0036966,9.55193e-06,5.05487,1.59498,38.6078,0.982822,44.2749,0.42336,0.0018483,0.21168,0.0018483,0.21168,460.486,0,1.02816,0,0,6.08303,5.05487,1.028160,1,0,294.649,0,0,0,294.649,0
72.29,2.5996,0,0,4.03668,0.308991,1.12809,3.6288,61.308,0.360647,0,0,3.4255,0.142357,2.9225,0.66528,12.849,1,0.462058,1.12809,0,163.289,2.90524,161.05,0.84672,12.849,0.84672,3695.15,0,0.0036966,1.08727e-05,3.68614,1.59536,21.8697,0.654312,26.4968,0.42336,0.0018483,0.21168,0.0018483,0.21168,460.486,0,1.02816,0,0,4.7143,3.68614,1.028160,1,0,190.469,0,0,0,190.469,0
71.988,2.60019,0,0,2.97003,0.308991,0.36288,3.6288,61.308,0.360964,0,0,3.44878,0.142357,2.94546,0.66528,12.849,1,0.462164,0.36288,0,108.336,2.90524,105.332,0.84672,12.849,0.84672,3695.15,0,0.0036966,1.08823e-05,4.00922,1.64677,16.787,0.654312,21.7887,0.42336,0.0018483,0.21168,0.0018483,0.21168,460.486,0,1.02816,0,0,5.03738,4.00922,1.028160,1,0,130.066,0,0,0,130.066,0
72.29,2.59914,0,0,4.15589,0.308283,0.94645,3.6288,61.308,0.36128,0,0,3.73642,0.142357,3.23278,0.66528,12.849,1,0.463915,0.94645,0,119.676,2.90524,117.253,0.84672,12.849,0.84672,3695.15,0,0.0036966,1.08918e-05,4.1026,1.64714,20.9086,0.654312,26.004,0.42336,0.0018483,0.21168,0.0018483,0.21168,460.486,0,1.02816,0,0,5.13076,4.1026,1.028160,1,0,146.49,0,0,0,146.49,0
72.29,2.60137,0,0,6.50934,0.308991,3.59898,3.6288,61.308,0.361597,0,0,4.91124,0.142357,4.40728,0.66528,12.849,1,0.462375,3.59898,0,204.078,2.90524,204.309,0.84672,12.849,0.84672,3695.15,0,0.0036966,1.09014e-05,5.78662,1.64752,30.3891,0.654312,37.1689,0.42336,0.0018483,0.21168,0.0018483,0.21168,460.486,0,1.02816,0,0,6.81478,5.78662,1.028160,1,0,245.885,0,0,0,245.885,0
72.29,2.85576,0,0,11.1157,0.316612,7.94334,3.6288,61.308,0.525353,0,0,7.30861,0.143344,6.63991,0.66528,12.849,1,0.507589,7.94334,0,325.186,3.92829,328.694,0.84672,12.849,0.84672,3695.15,0,0.0036966,1.58382e-05,11.3383,1.64789,51.2462,0.944159,63.2882,0.42336,0.0018483,0.21168,0.0018483,0.21168,460.486,0,1.02816,0,0,12.3664,11.3383,1.028160,1,0,398.622,0,0,0,398.622,0
72.29,2.85641,0,0,6.54022,0.299562,3.38425,3.6288,61.308,0.525707,0,0,5.50187,0.139797,4.83637,0.66528,12.849,1,0.507705,3.38425,0,188.199,3.84741,187.228,0.84672,12.849,0.84672,3695.15,0,0.0036966,1.58489e-05,6.29528,1.83056,29.5793,0.944245,36.7609,0.42336,0.0018483,0.21168,0.0018483,0.21168,460.486,0,1.02816,0,0,7.32344,6.29528,1.028160,1,0,228.825,0,0,0,228.825,0
72.29,2.85706,0,0,4.99522,0.299562,1.8386,3.6288,61.308,0.526062,0,0,4.37326,0.139797,3.7074,0.66528,12.849,1,0.507821,1.8386,0,128.873,3.84741,126.356,0.84672,12.849,0.84672,3695.15,0,0.0036966,1.58596e-05,4.93818,1.83098,22.7945,0.944245,28.6194,0.42336,0.0018483,0.21168,0.0018483,0.21168,460.486,0,1.02816,0,0,5.96634,4.93818,1.028160,1,0,158.683,0,0,0,158.683,0
72.29,2.85771,0,0,4.4888,0.30334,1.32775,3.6288,61.308,0.526416,0,0,4.46297,0.11791,3.81865,0.66528,12.849,1,0.507936,1.32775,0,115.041,3.46933,112.391,0.84672,12.849,0.84672,3695.15,0,0.0036966,1.58703e-05,5.93474,1.8314,22.7715,0.835836,29.7018,0.42336,0.0018483,0.21168,0.0018483,0.21168,460.486,0,1.02816,0,0,6.9629,5.93474,1.028160,1,0,145.912,0,0,0,145.912,0
72.29,2.49605,0,0,4.30384,0.302646,1.50515,3.6288,61.308,0.307232,0,0,2.99791,0.159396,2.53128,0.66528,12.849,1,0.443653,1.50515,0,111.353,4.20422,108.21,0.84672,12.849,0.84672,3695.15,0,0.0036966,9.26237e-06,4.49061,1.83181,15.7611,0.995891,21.0876,0.42336,0.0018483,0.21168,0.0018483,0.21168,460.486,0,1.02816,0,0,5.51877,4.49061,1.028160,1,0,131.829,0,0,0,131.829,0
72.29,2.49661,0,0,4.64675,0.305817,1.84432,3.6288,61.308,0.307537,0,0,2.45985,0.151446,2.00087,0.66528,12.849,1,0.443754,1.84432,0,103.06,3.67763,100.783,0.84672,12.849,0.84672,3695.15,0,0.0036966,9.27155e-06,3.92078,1.58264,13.3567,0.967875,17.8923,0.42336,0.0018483,0.21168,0.0018483,0.21168,460.486,0,1.02816,0,0,4.94894,3.92078,1.028160,1,0,120.676,0,0,0,120.676,0
72.29,2.49718,0,0,4.6383,0.292831,1.84828,3.6288,61.308,0.307841,0,0,2.4507,0.17911,1.96375,0.66528,12.849,1,0.443855,1.84828,0,122.501,4.33282,119.573,0.84672,12.849,0.84672,3695.15,0,0.0036966,9.28072e-06,3.94685,1.583,13.9666,1.17285,18.3236,0.42336,0.0018483,0.21168,0.0018483,0.21168,460.486,0,1.02816,0,0,4.97501,3.94685,1.028160,1,0,139.86,0,0,0,139.86,0
72.29,2.49775,0,0,8.30276,0.292831,5.51217,3.6288,61.308,0.308145,0,0,4.68621,0.17911,4.19895,0.66528,12.849,1,0.443957,5.51217,0,114.047,4.33282,114.783,0.84672,12.849,0.84672,3695.15,0,0.0036966,9.2899e-06,6.94174,1.58336,21.1849,1.17285,28.5372,0.42336,0.0018483,0.21168,0.0018483,0.21168,460.486,0,1.02816,0,0,7.9699,6.94174,1.028160,1,0,147.519,0,0,0,147.519,0
72.29,2.49832,0,0,11.8044,0.290985,9.01509,3.6288,61.308,0.30845,0,0,5.8578,0.183734,5.36562,0.66528,12.849,1,0.444058,9.01509,0,268.698,4.53325,272.736,0.84672,12.849,0.84672,3695.15,0,0.0036966,9.29907e-06,8.73772,1.58372,31.057,1.21668,40.1618,0.42336,0.0018483,0.21168,0.0018483,0.21168,460.486,0,1.02816,0,0,9.76588,8.73772,1.028160,1,0,318.263,0,0,0,318.263,0
72.29,2.59019,0,0,7.25484,0.286372,4.37827,3.6288,61.308,0.362522,0,0,4.07468,0.195295,3.51686,0.66528,12.849,1,0.460387,4.37827,0,275.04,5.03433,273.923,0.84672,12.849,0.84672,3695.15,0,0.0036966,1.09292e-05,5.68717,1.58409,20.0104,1.32623,25.9554,0.42336,0.0018483,0.21168,0.0018483,0.21168,460.486,0,1.02816,0,0,6.71533,5.68717,1.028160,1,0,303.396,0,0,0,303.396,0
72.29,2.59078,0,0,12.4494,0.286372,9.57222,3.6288,61.308,0.362839,0,0,5.80471,0.195295,5.24657,0.66528,12.849,1,0.460492,9.57222,0,239.764,5.03433,243.842,0.84672,12.849,0.84672,3695.15,0,0.0036966,1.09388e-05,8.57943,1.64614,25.5019,1.32623,34.4012,0.42336,0.0018483,0.21168,0.0018483,0.21168,460.486,0,1.02816,0,0,9.60759,8.57943,1.028160,1,0,283.49,0,0,0,283.49,0
72.29,2.59137,0,0,9.39013,0.25066,6.54809,3.6288,61.308,0.363156,0,0,4.4109,0.214326,3.83342,0.66528,12.849,1,0.460597,6.54809,0,191.987,5.26701,192.807,0.84672,12.849,0.84672,3695.15,0,0.0036966,1.09483e-05,5.96998,1.64652,31.0738,1.37203,37.3182,0.42336,0.0018483,0.21168,0.0018483,0.21168,460.486,0,1.02816,0,0,6.99814,5.96998,1.028160,1,0,233.959,0,0,0,233.959,0
72.29,2.59196,0,0,7.11029,0.238928,4.2794,3.6288,61.308,0.363473,0,0,4.18621,0.239556,3.58318,0.66528,12.849,1,0.460702,4.2794,0,145.362,5.65947,143.521,0.84672,12.849,0.84672,3695.15,0,0.0036966,1.09579e-05,5.4286,1.64689,24.5329,1.4646,30.1438,0.42336,0.0018483,0.21168,0.0018483,0.21168,460.486,0,1.02816,0,0,6.45676,5.4286,1.028160,1,0,177.248,0,0,0,177.248,0
72.29,2.55682,0,0,6.68062,0.179476,3.94432,3.6288,61.308,0.342888,0,0,2.50346,0.211436,1.94913,0.66528,12.849,1,0.454456,3.94432,0,155.872,4.92036,154.441,0.84672,12.849,0.84672,3695.15,0,0.0036966,1.03373e-05,3.49459,1.64727,20.4937,1.26739,24.3682,0.42336,0.0018483,0.21168,0.0018483,0.21168,460.486,0,1.02816,0,0,4.52275,3.49459,1.028160,1,0,180.758,0,0,0,180.758,0
72.29,2.5574,0,0,6.77774,0.160262,4.06008,3.6288,61.308,0.3432,0,0,2.82758,0.227371,2.25701,0.66528,12.849,1,0.454559,4.06008,0,156.183,5.13452,154.654,0.84672,12.849,0.84672,3695.15,0,0.0036966,1.03467e-05,4.12678,1.62361,15.1415,1.30814,19.5837,0.42336,0.0018483,0.21168,0.0018483,0.21168,460.486,0,1.02816,0,0,5.15494,4.12678,1.028160,1,0,176.494,0,0,0,176.494,0
72.29,2.55799,0,0,5.79588,0.122602,3.1153,3.6288,61.308,0.343512,0,0,2.43501,0.239852,1.85165,0.66528,12.849,1,0.454663,3.1153,0,137.649,5.24569,135.064,0.84672,12.849,0.84672,3695.15,0,0.0036966,1.03561e-05,3.52549,1.62397,13.9429,1.31591,17.7764,0.42336,0.0018483,0.21168,0.0018483,0.21168,460.486,0,1.02816,0,0,4.55365,3.52549,1.028160,1,0,154.692,0,0,0,154.692,0
72.29,2.55857,0,0,5.3689,0.122602,2.68773,3.6288,61.308,0.343824,0,0,2.20614,0.239852,1.62246,0.66528,12.849,1,0.454766,2.68773,0,128.639,5.24569,125.627,0.84672,12.849,0.84672,3695.15,0,0.0036966,1.03655e-05,3.13222,1.62434,13.1194,1.31591,16.5601,0.42336,0.0018483,0.21168,0.0018483,0.21168,460.486,0,1.02816,0,0,4.16038,3.13222,1.028160,1,0,143.809,0,0,0,143.809,0
72.29,2.68055,0,0,5.21263,0.118409,2.41367,3.6288,61.308,0.418329,0,0,2.14536,0.263207,1.46382,0.66528,12.849,1,0.476448,2.41367,0,123.35,5.21282,120.074,0.84672,12.849,0.84672,3695.15,0,0.0036966,1.26117e-05,2.88086,1.62471,12.503,1.33812,15.6705,0.42336,0.0018483,0.21168,0.0018483,0.21168,460.486,0,1.02816,0,0,3.90902,2.88086,1.028160,1,0,137.209,0,0,0,137.209,0
72.29,2.68116,0,0,5.04268,0.123311,2.2382,3.6288,61.308,0.418658,0,0,1.90588,0.300039,1.18718,0.66528,12.849,1,0.476556,2.2382,0,119.871,5.19228,116.441,0.84672,12.849,0.84672,3695.15,0,0.0036966,1.26216e-05,2.5106,1.7092,12.242,1.41528,15.0465,0.42336,0.0018483,0.21168,0.0018483,0.21168,460.486,0,1.02816,0,0,3.53876,2.5106,1.028160,1,0,132.674,0,0,0,132.674,0
72.29,2.68177,0,0,4.70102,0.0636057,1.95565,3.6288,61.308,0.418987,0,0,1.81693,0.290846,1.1071,0.66528,12.849,1,0.476664,1.95565,0,115.618,5.33558,111.761,0.84672,12.849,0.84672,3695.15,0,0.0036966,1.26315e-05,2.10712,1.70959,11.6636,1.38905,14.0912,0.42336,0.0018483,0.21168,0.0018483,0.21168,460.486,0,1.02816,0,0,3.13528,2.10712,1.028160,1,0,126.96,0,0,0,126.96,0
72.29,2.68238,0,0,4.38865,0.0636057,1.64267,3.6288,61.308,0.419317,0,0,1.73807,0.290846,1.02791,0.66528,12.849,1,0.476773,1.64267,0,106.039,5.33558,101.869,0.84672,12.849,0.84672,3695.15,0,0.0036966,1.26415e-05,2.0611,1.70998,10.6931,1.38905,13.0751,0.42336,0.0018483,0.21168,0.0018483,0.21168,460.486,0,1.02816,0,0,3.08926,2.0611,1.028160,1,0,115.972,0,0,0,115.972,0
72.29,2.68299,0,0,3.93288,0.0654194,1.18447,3.6288,61.308,0.419646,0,0,1.54123,0.292788,0.828795,0.66528,12.849,1,0.476881,1.18447,0,80.3104,5.53711,75.4809,0.84672,12.849,0.84672,3695.15,0,0.0036966,1.26514e-05,1.98967,1.71037,8.89697,1.41633,11.1807,0.42336,0.0018483,0.21168,0.0018483,0.21168,460.486,0,1.02816,0,0,3.01783,1.98967,1.028160,1,0,87.4904,0,0,0,87.4904,0
71.9512,2.65957,0,0,2.75357,0.0699537,0.36288,3.6288,61.308,0.460799,0,0,0.934217,0.297643,0.175775,0.66528,12.849,1,0.472718,0.36288,0,47.7007,6.04097,41.5499,0.84672,12.849,0.84672,3695.15,0,0.0036966,1.38921e-05,0.770904,1.71076,4.78913,1.48452,5.78625,0.42336,0.0018483,0.21168,0.0018483,0.21168,460.486,0,1.02816,0,0,1.79906,0.770904,1.028160,1,0,47.5119,0,0,0,47.5119,0
71.4008,2.65828,0,0,2.54053,0.0697739,0.36288,3.6288,61.308,0.461138,0,0,0.908833,0.297643,0.150052,0.66528,12.849,1,0.474715,0.36288,0,43.1028,6.04097,36.95,0.84672,12.849,0.84672,3695.15,0,0.0036966,1.39023e-05,0.675259,1.73738,4.50954,1.48452,5.43764,0.42336,0.0018483,0.21168,0.0018483,0.21168,460.486,0,1.02816,0,0,1.70342,0.675259,1.028160,1,0,42.5377,0,0,0,42.5377,0
70.6891,2.65579,0,0,2.37652,0.0694817,0.36288,3.6288,61.308,0.461477,0,0,0.833622,0.297643,0.0745022,0.66528,12.849,1,0.477925,0.36288,0,39.3081,6.04097,33.1521,0.84672,12.849,0.84672,3695.15,0,0.0036966,1.39125e-05,0.483434,1.73778,4.39437,1.48452,5.13105,0.42336,0.0018483,0.21168,0.0018483,0.21168,460.486,0,1.02816,0,0,1.51159,0.483434,1.028160,1,0,38.3577,0,0,0,38.3577,0
69.9083,2.65232,0,0,2.30348,0.069104,0.36288,3.6288,61.308,0.461815,0,0,0.802734,0.297643,0.0432754,0.66528,12.849,1,0.482105,0.36288,0,35.0399,6.04097,28.8797,0.84672,12.849,0.84672,3695.15,0,0.0036966,1.39227e-05,0.398036,1.73817,4.34852,1.48452,5.00019,0.42336,0.0018483,0.21168,0.0018483,0.21168,460.486,0,1.02816,0,0,1.4262,0.398036,1.028160,1,0,33.9231,0,0,0,33.9231,0
68.7587,2.71018,0,0,1.98014,0.0567222,0.36288,3.6288,61.1961,0.522554,0,0,0.740927,0.330316,0,0.66528,12.849,1,0.498125,0.36288,0,28.8049,5.97643,22.6932,0.84672,12.849,0.84672,3695.15,0,0.0036966,1.57538e-05,0.261274,1.73857,3.84883,1.46885,4.37981,0.42336,0.0018483,0.21168,0.0018483,0.21168,460.486,0,1.00418,0,0,1.26545,0.261274,1.028160,1,0,27.073,0,0,0,27.073,0
67.5654,2.70377,0,0,1.92764,0.0542415,0.36288,3.6288,61.0395,0.498918,0,0,0.677903,0.335524,0,0.66528,12.849,1,0.505257,0.36288,0,36.6211,5.96568,30.513,0.84672,12.849,0.84672,3695.15,0,0.0036966,1.50688e-05,0.351337,1.78081,4.1114,1.46624,4.7773,0.42336,0.0018483,0.21168,0.0018483,0.21168,460.486,0,1.02816,0,0,1.3795,0.351337,1.028160,1,0,35.2903,0,0,0,35.2903,0
66.2569,2.69689,0,0,1.80496,0.0537368,0.36288,3.6288,60.8355,0.499265,0,0,0.630409,0.335192,0,0.66528,12.849,1,0.512871,0.36288,0,29.4031,5.96568,23.2875,0.84672,12.849,0.84672,3695.15,0,0.0036966,1.51179e-05,0.325763,1.78122,3.70609,1.46624,4.34682,0.42336,0.0018483,0.21168,0.0018483,0.21168,460.486,0,1.02816,0,0,1.35392,0.325763,1.028160,1,0,27.6343,0,0,0,27.6343,0
64.7951,2.68902,0,0,1.64335,0.0531835,0.36288,3.6288,60.4896,0.609605,0,0,0.598502,0.334758,0,0.66528,12.849,1,0.521473,0.36288,0,26.797,5.96568,20.6728,0.84672,12.849,0.84672,3695.15,0,0.0036966,1.8521e-05,0.227405,1.78162,3.45697,1.46624,3.99974,0.42336,0.0018483,0.21168,0.0018483,0.21168,460.486,0,0.918164,0,0,1.14557,0.227405,1.028160,1,0,24.6725,0,0,0,24.6725,0
63.2561,2.85878,0,0,1.74563,0.0629961,0.36288,3.6288,60.1689,0.631521,0,0,0.644299,0.333488,0,0.66528,12.849,1,0.566901,0.36288,0,25.8752,5.95136,19.7198,0.84672,12.849,0.84672,3695.15,0,0.0036966,1.92966e-05,0.41034,1.78203,4.55679,1.48798,5.26116,0.42336,0.0018483,0.21168,0.0018483,0.21168,460.486,0,1.02816,0,0,1.4385,0.41034,1.028160,1,0,24.9809,0,0,0,24.9809,0
61.4933,2.84796,0,0,1.53459,0.0866059,0.36288,3.6288,59.5944,0.74806,0,0,0.4997,0.326096,0,0.66528,12.849,1,0.578497,0.36288,0,23.4907,5.75778,17.5173,0.84672,12.849,0.84672,3695.15,0,0.0036966,2.29793e-05,0.227405,1.92427,3.00637,1.48211,3.67592,0.42336,0.0018483,0.21168,0.0018483,0.21168,460.486,0,0.911995,0,0,1.1394,0.227405,1.028160,1,0,21.1932,0,0,0,21.1932,0
59.5568,2.83489,0,0,1.34667,0.0853623,0.36288,3.6288,58.9754,0.776197,0,0,0.482079,0.324903,0,0.66528,12.849,1,0.592349,0.36288,0,29.8609,5.75778,23.8736,0.84672,12.849,0.84672,3695.15,0,0.0036966,2.40735e-05,0.204422,1.92471,2.88693,1.48211,3.53394,0.42336,0.0018483,0.21168,0.0018483,0.21168,460.486,0,0.884235,0,0,1.08866,0.204422,1.028160,1,0,27.4076,0,0,0,27.4076,0
57.6657,2.81968,0,0,1.37537,0.0839204,0.36288,3.6288,58.4899,0.714878,0,0,0.552993,0.323618,0,0.66528,12.849,1,0.608329,0.36288,0,25.867,5.75778,19.8637,0.84672,12.849,0.84672,3695.15,0,0.0036966,2.24044e-05,0.204422,1.92515,2.99805,1.48211,3.6455,0.42336,0.0018483,0.21168,0.0018483,0.21168,460.486,0,0.945933,0,0,1.15036,0.204422,1.028160,1,0,23.5092,0,0,0,23.5092,0
55.9321,2.804,0,0,1.52409,0.0908042,0.36288,3.6288,58.1077,0.633031,0,0,0.55526,0.304489,0,0.66528,12.849,1,0.624785,0.36288,0,28.1497,5.55429,22.3335,0.84672,12.849,0.84672,3695.15,0,0.0036966,2.0004e-05,0.436121,1.92559,4.05526,1.41552,5.00143,0.42336,0.0018483,0.21168,0.0018483,0.21168,460.486,0,1.02816,0,0,1.46428,0.436121,1.028160,1,0,27.335,0,0,0,27.335,0
55.4847,2.7038,0,0,2.75813,0.138857,0.36288,3.6288,58.1388,0.553465,0,0,0.77989,0.19528,0,0.66528,12.849,1,0.62113,0.36288,0,68.6464,4.33335,64.0548,0.84672,12.849,0.84672,3695.15,0,0.0036966,1.76047e-05,1.02792,1.92602,5.96783,1.01603,7.90573,0.42336,0.0018483,0.21168,0.0018483,0.21168,460.486,0,1.02816,0,0,2.05608,1.02792,1.028160,1,0,71.9605,0,0,0,71.9605,0
54.3131,2.70034,0,0,2.02986,0.138238,0.36288,3.6288,58.0203,0.553824,0,0,0.63065,0.195319,0,0.66528,12.849,1,0.625339,0.36288,0,34.864,4.33335,30.2682,0.84672,12.849,0.84672,3695.15,0,0.0036966,1.76067e-05,0.89551,1.84508,4.60566,1.01603,6.3302,0.42336,0.0018483,0.21168,0.0018483,0.21168,460.486,0,1.02816,0,0,1.92367,0.89551,1.028160,1,0,36.5984,0,0,0,36.5984,0
53.0101,2.69005,0,0,1.8866,0.13662,0.36288,3.6288,57.9075,0.554184,0,0,0.636588,0.19517,0,0.66528,12.849,1,0.636392,0.36288,0,25.7908,4.33335,21.184,0.84672,12.849,0.84672,3695.15,0,0.0036966,1.76541e-05,0.923201,1.8455,4.36599,1.01603,6.11865,0.42336,0.0018483,0.21168,0.0018483,0.21168,460.486,0,1.02816,0,0,1.95136,0.923201,1.028160,1,0,27.3026,0,0,0,27.3026,0
51.7168,2.67806,0,0,1.95224,0.204659,0.36288,3.6288,57.8453,0.554543,0,0,0.640104,0.147815,0,0.66528,12.849,1,0.649129,0.36288,0,21.5684,3.24127,18.0409,0.84672,12.849,0.84672,3695.15,0,0.0036966,1.77e-05,0.665807,1.84592,4.19501,0.769187,5.93754,0.42336,0.0018483,0.21168,0.0018483,0.21168,460.486,0,1.02816,0,0,1.69397,0.665807,1.028160,1,0,23.9784,0,0,0,23.9784,0
50.2555,2.5968,0,0,1.70392,0.205529,0.36288,3.6288,57.7303,0.482068,0,0,0.581803,0.214693,0,0.66528,12.849,1,0.645174,0.36288,0,23.1241,3.65352,19.1883,0.84672,12.849,0.84672,3695.15,0,0.0036966,1.54033e-05,0.467683,1.84634,3.46874,0.814395,4.96836,0.42336,0.0018483,0.21168,0.0018483,0.21168,460.486,0,1.02816,0,0,1.49584,0.467683,1.028160,1,0,24.1566,0,0,0,24.1566,0
48.2657,2.58245,0,0,1.14854,0.192963,0.36288,3.6288,57.3463,0.548151,0,0,0.41298,0.248833,0,0.66528,12.849,1,0.660264,0.36288,0,16.1999,3.99315,11.9094,0.84672,12.849,0.84672,3695.15,0,0.0036966,1.75496e-05,0.216518,1.77438,2.74681,0.871972,3.86572,0.42336,0.0018483,0.21168,0.0018483,0.21168,460.486,0,0.962418,0,0,1.17894,0.216518,1.028160,1,0,15.7751,0,0,0,15.7751,0
48.0729,2.56153,0,0,2.92047,0.188889,0.36288,3.6288,57.9375,0.482754,0,0,1.32218,0.248215,0,0.66528,12.849,1,0.681914,0.36288,0,45.1966,3.99315,40.8844,0.84672,12.849,0.84672,3695.15,0,0.0036966,1.55594e-05,2.55919,1.77478,6.41935,0.871972,9.88133,0.42336,0.0018483,0.21168,0.0018483,0.21168,460.486,0,1.02816,0,0,3.58735,2.55919,1.028160,1,0,50.7658,0,0,0,50.7658,0
48.3799,2.55995,0,0,3.43659,0.206762,0.36288,3.6288,58.926,0.483098,0,0,1.70539,0.233838,0,0.66528,12.849,1,0.684228,0.36288,0,53.9247,3.7755,49.8278,0.84672,12.849,0.84672,3695.15,0,0.0036966,1.54116e-05,1.31201,1.77518,6.50373,0.810319,8.78059,0.42336,0.0018483,0.21168,0.0018483,0.21168,460.486,0,1.02816,0,0,2.34017,1.31201,1.028160,1,0,58.6084,0,0,0,58.6084,0
51.3157,2.37087,0,0,5.89872,0.229167,0.36288,3.6288,60.9699,0.331609,0,0,2.57523,0.199723,0,0.66528,12.849,1,0.629669,0.36288,0,75.3914,3.60256,71.5221,0.84672,12.849,0.84672,3695.15,0,0.0036966,1.04014e-05,2.15249,1.77559,10.185,0.752128,13.361,0.42336,0.0018483,0.21168,0.0018483,0.21168,460.486,0,1.02816,0,0,3.18065,2.15249,1.028160,1,0,84.883,0,0,0,84.883,0
57.1502,2.40023,0,0,8.84123,0.243608,0.36288,3.6288,61.308,0.331919,0,0,5.19934,0.172773,4.35653,0.66528,12.849,1,0.600996,0.36288,0,145.799,3.77737,141.784,0.84672,12.849,0.84672,3695.15,0,0.0036966,1.00621e-05,4.22755,1.61288,17.6639,0.930008,22.5743,0.42336,0.0018483,0.21168,0.0018483,0.21168,460.486,0,1.02816,0,0,5.25571,4.22755,1.028160,1,0,168.714,0,0,0,168.714,0
63.4838,2.45089,0,0,9.40576,0.258432,0.36288,3.6288,61.308,0.332228,0,0,6.11629,0.173143,5.61092,0.66528,12.849,1,0.551029,0.36288,0,155.765,3.77737,151.799,0.84672,12.849,0.84672,3695.15,0,0.0036966,1.00159e-05,5.02655,1.61325,21.7793,0.930008,27.4891,0.42336,0.0018483,0.21168,0.0018483,0.21168,460.486,0,1.02816,0,0,6.05471,5.02655,1.028160,1,0,184.899,0,0,0,184.899,0
68.6738,2.49718,0,0,8.32317,0.273088,0.36288,3.6288,61.308,0.332537,0,0,4.54448,0.224204,3.98774,0.66528,12.849,1,0.505424,0.36288,0,117.875,4.49138,113.241,0.84672,12.849,0.84672,3695.15,0,0.0036966,1.00252e-05,3.68491,1.61362,16.5732,1.24753,20.6242,0.42336,0.0018483,0.21168,0.0018483,0.21168,460.486,0,1.02816,0,0,4.71307,3.68491,1.028160,1,0,137.853,0,0,0,137.853,0
72.29,2.52993,0,0,10.4408,0.259405,4.03529,3.6288,61.308,0.332846,0,0,6.6379,0.249353,6.05571,0.66528,12.849,1,0.473356,4.03529,0,158.724,4.56015,157.725,0.84672,12.849,0.84672,3695.15,0,0.0036966,1.00346e-05,5.20923,1.61398,22.5144,1.49012,27.8475,0.42336,0.0018483,0.21168,0.0018483,0.21168,460.486,0,1.02816,0,0,6.23739,5.20923,1.028160,1,0,191.629,0,0,0,191.629,0
72.29,2.63051,0,0,11.0252,0.305143,8.08959,3.6288,61.308,0.377162,0,0,6.69501,0.188287,6.12956,0.66528,12.849,1,0.467553,8.08959,0,235.97,4.6191,238.973,0.84672,12.849,0.84672,3695.15,0,0.0036966,1.13706e-05,7.25302,1.61435,24.9832,1.04233,32.8082,0.42336,0.0018483,0.21168,0.0018483,0.21168,460.486,0,1.02816,0,0,8.28118,7.25302,1.028160,1,0,277.911,0,0,0,277.911,0
72.29,2.63108,0,0,9.21283,0.315906,6.26585,3.6288,61.308,0.377467,0,0,5.90071,0.188729,5.33452,0.66528,12.849,1,0.467655,6.26585,0,203.31,4.64709,204.462,0.84672,12.849,0.84672,3695.15,0,0.0036966,1.13798e-05,5.55685,1.66635,18.953,1.06985,25.1064,0.42336,0.0018483,0.21168,0.0018483,0.21168,460.486,0,1.02816,0,0,6.58501,5.55685,1.028160,1,0,234.902,0,0,0,234.902,0
72.29,2.63165,0,0,6.55181,0.315906,3.60425,3.6288,61.308,0.377772,0,0,3.65235,0.188729,3.08585,0.66528,12.849,1,0.467756,3.60425,0,135.027,4.64709,133.516,0.84672,12.849,0.84672,3695.15,0,0.0036966,1.1389e-05,2.50531,1.66671,9.76683,1.06985,12.869,0.42336,0.0018483,0.21168,0.0018483,0.21168,460.486,0,1.02816,0,0,3.53347,2.50531,1.028160,1,0,149.471,0,0,0,149.471,0
72.29,2.63222,0,0,6.12428,0.333373,3.15869,3.6288,61.308,0.378077,0,0,3.35883,0.165541,2.81521,0.66528,12.849,1,0.467858,3.15869,0,126.247,4.26072,124.677,0.84672,12.849,0.84672,3695.15,0,0.0036966,1.13982e-05,1.97128,1.66707,9.12315,0.979539,11.7819,0.42336,0.0018483,0.21168,0.0018483,0.21168,460.486,0,1.02816,0,0,2.99944,1.97128,1.028160,1,0,139.274,0,0,0,139.274,0
72.29,2.88959,0,0,7.89488,0.314006,4.69128,3.6288,61.308,0.543758,0,0,6.08285,0.195981,5.34311,0.66528,12.849,1,0.513603,4.69128,0,259.963,4.44234,259.698,0.84672,12.849,0.84672,3695.15,0,0.0036966,1.63931e-05,5.18726,1.66744,16.155,1.08143,21.9282,0.42336,0.0018483,0.21168,0.0018483,0.21168,460.486,0,1.02816,0,0,6.21542,5.18726,1.028160,1,0,286.97,0,0,0,286.97,0
72.29,2.89022,0,0,9.89807,0.314332,6.69352,3.6288,61.308,0.544099,0,0,4.85656,0.187483,4.12498,0.66528,12.849,1,0.513714,6.69352,0,260.049,4.47877,261.75,0.84672,12.849,0.84672,3695.15,0,0.0036966,1.64034e-05,4.39725,1.85225,21.616,1.10394,26.7615,0.42336,0.0018483,0.21168,0.0018483,0.21168,460.486,0,1.02816,0,0,5.42541,4.39725,1.028160,1,0,292.637,0,0,0,292.637,0
72.29,2.89084,0,0,11.6162,0.32726,8.39812,3.6288,61.308,0.54444,0,0,10.7618,0.165677,10.0517,0.66528,12.849,1,0.513826,8.39812,0,237.854,4.28432,241.454,0.84672,12.849,0.84672,3695.15,0,0.0036966,1.64137e-05,7.30207,1.85265,26.5461,1.04624,34.6546,0.42336,0.0018483,0.21168,0.0018483,0.21168,460.486,0,1.02816,0,0,8.33023,7.30207,1.028160,1,0,286.16,0,0,0,286.16,0
72.29,2.89147,0,0,7.54073,0.32726,4.322,3.6288,61.308,0.544781,0,0,7.47659,0.165677,6.76613,0.66528,12.849,1,0.513937,4.322,0,191.955,4.28432,191.479,0.84672,12.849,0.84672,3695.15,0,0.0036966,1.64239e-05,6.7614,1.85305,19.1227,1.04624,26.6909,0.42336,0.0018483,0.21168,0.0018483,0.21168,460.486,0,1.02816,0,0,7.78956,6.7614,1.028160,1,0,224.936,0,0,0,224.936,0
72.29,2.52551,0,0,6.8597,0.325572,4.00862,3.6288,61.308,0.322994,0,0,6.28191,0.184735,5.77418,0.66528,12.849,1,0.44889,4.00862,0,167.893,4.07366,167.379,0.84672,12.849,0.84672,3695.15,0,0.0036966,9.73754e-06,5.07551,1.85345,14.2334,1.01061,20.1517,0.42336,0.0018483,0.21168,0.0018483,0.21168,460.486,0,1.02816,0,0,6.10367,5.07551,1.028160,1,0,193.305,0,0,0,193.305,0
72.29,2.52605,0,0,8.31839,0.324307,5.46803,3.6288,61.308,0.323287,0,0,5.48962,0.199028,4.96731,0.66528,12.849,1,0.448987,5.46803,0,176.61,3.91566,177.714,0.84672,12.849,0.84672,3695.15,0,0.0036966,9.74637e-06,6.51153,1.60132,18.8099,0.983886,25.9388,0.42336,0.0018483,0.21168,0.0018483,0.21168,460.486,0,1.02816,0,0,7.53969,6.51153,1.028160,1,0,208.62,0,0,0,208.62,0
72.29,2.5266,0,0,6.6585,0.324307,3.80759,3.6288,61.308,0.32358,0,0,4.38998,0.199028,3.86738,0.66528,12.849,1,0.449084,3.80759,0,221.9,3.91566,221.343,0.84672,12.849,0.84672,3695.15,0,0.0036966,9.75521e-06,5.71338,1.60167,14.6679,0.983886,20.999,0.42336,0.0018483,0.21168,0.0018483,0.21168,460.486,0,1.02816,0,0,6.74154,5.71338,1.028160,1,0,246.21,0,0,0,246.21,0
72.29,2.52715,0,0,6.63568,0.324307,3.78423,3.6288,61.308,0.323873,0,0,3.40371,0.199028,2.88081,0.66528,12.849,1,0.449182,3.78423,0,240.074,3.91566,239.493,0.84672,12.849,0.84672,3695.15,0,0.0036966,9.76405e-06,4.31149,1.60202,12.6815,0.983886,17.6111,0.42336,0.0018483,0.21168,0.0018483,0.21168,460.486,0,1.02816,0,0,5.33965,4.31149,1.028160,1,0,259.985,0,0,0,259.985,0
72.29,2.5277,0,0,4.5859,0.294722,1.76348,3.6288,61.308,0.324166,0,0,2.41715,0.227499,1.86549,0.66528,12.849,1,0.449279,1.76348,0,151.63,4.08514,148.859,0.84672,12.849,0.84672,3695.15,0,0.0036966,9.77289e-06,2.66342,1.60236,9.61088,1.07114,12.8055,0.42336,0.0018483,0.21168,0.0018483,0.21168,460.486,0,1.02816,0,0,3.69158,2.66342,1.028160,1,0,163.53,0,0,0,163.53,0
72.29,2.62062,0,0,4.74656,0.34211,1.78382,3.6288,61.308,0.378859,0,0,2.88874,0.233291,2.27659,0.66528,12.849,1,0.465796,1.78382,0,115.232,3.44327,113.106,0.84672,12.849,0.84672,3695.15,0,0.0036966,1.14218e-05,3.61534,1.60271,9.51186,0.970763,13.7591,0.42336,0.0018483,0.21168,0.0018483,0.21168,460.486,0,1.02816,0,0,4.6435,3.61534,1.028160,1,0,129.142,0,0,0,129.142,0
72.29,2.62119,0,0,4.95221,0.34211,1.98891,3.6288,61.308,0.379164,0,0,3.35635,0.233291,2.74389,0.66528,12.849,1,0.465897,1.98891,0,102.455,3.44327,100.535,0.84672,12.849,0.84672,3695.15,0,0.0036966,1.1431e-05,4.18362,1.66548,8.54634,0.970763,13.4247,0.42336,0.0018483,0.21168,0.0018483,0.21168,460.486,0,1.02816,0,0,5.21178,4.18362,1.028160,1,0,116.703,0,0,0,116.703,0
72.29,2.62176,0,0,6.94812,0.33725,3.98911,3.6288,61.308,0.379469,0,0,4.49048,0.207671,3.90334,0.66528,12.849,1,0.465998,3.98911,0,168.305,3.24017,168.588,0.84672,12.849,0.84672,3695.15,0,0.0036966,1.14402e-05,5.30175,1.66584,17.6907,0.959895,23.6983,0.42336,0.0018483,0.21168,0.0018483,0.21168,460.486,0,1.02816,0,0,6.32991,5.30175,1.028160,1,0,196.189,0,0,0,196.189,0
72.29,2.62233,0,0,4.84019,0.288527,1.92933,3.6288,61.308,0.379775,0,0,3.76139,0.18309,3.19853,0.66528,12.849,1,0.466099,1.92933,0,165.252,3.24206,163.473,0.84672,12.849,0.84672,3695.15,0,0.0036966,1.14494e-05,3.6338,1.6662,10.483,1.0753,14.7077,0.42336,0.0018483,0.21168,0.0018483,0.21168,460.486,0,1.02816,0,0,4.66196,3.6338,1.028160,1,0,181.379,0,0,0,181.379,0
72.29,2.58675,0,0,4.26031,0.262229,1.41134,3.6288,61.308,0.358933,0,0,2.63688,0.235788,2.04215,0.66528,12.849,1,0.459775,1.41134,0,94.2745,4.27715,90.9489,0.84672,12.849,0.84672,3695.15,0,0.0036966,1.0821e-05,3.20953,1.66656,7.59024,1.16746,11.2989,0.42336,0.0018483,0.21168,0.0018483,0.21168,460.486,0,1.02816,0,0,4.23769,3.20953,1.028160,1,0,104.29,0,0,0,104.29,0
72.29,2.58731,0,0,3.78766,0.262418,0.937931,3.6288,61.308,0.359234,0,0,2.47864,0.239638,1.87977,0.66528,12.849,1,0.459874,0.937931,0,82.8222,4.38595,78.9143,0.84672,12.849,0.84672,3695.15,0,0.0036966,1.08301e-05,2.78768,1.64261,7.01292,1.165,10.2782,0.42336,0.0018483,0.21168,0.0018483,0.21168,460.486,0,1.02816,0,0,3.81584,2.78768,1.028160,1,0,91.0722,0,0,0,91.0722,0
72.29,2.58787,0,0,3.39384,0.262418,0.543559,3.6288,61.308,0.359534,0,0,2.19017,0.239638,1.591,0.66528,12.849,1,0.459974,0.543559,0,71.083,4.38595,66.7806,0.84672,12.849,0.84672,3695.15,0,0.0036966,1.08392e-05,2.31828,1.64296,6.1094,1.165,8.90563,0.42336,0.0018483,0.21168,0.0018483,0.21168,460.486,0,1.02816,0,0,3.34644,2.31828,1.028160,1,0,77.2773,0,0,0,77.2773,0
72.236,2.58843,0,0,3.13809,0.240813,0.36288,3.6288,61.308,0.359835,0,0,2.03787,0.211193,1.46684,0.66528,12.849,1,0.460074,0.36288,0,67.5155,3.79616,63.6222,0.84672,12.849,0.84672,3695.15,0,0.0036966,1.08482e-05,2.14871,1.64332,5.50739,1.01541,8.28399,0.42336,0.0018483,0.21168,0.0018483,0.21168,460.486,0,1.02816,0,0,3.17687,2.14871,1.028160,1,0,73.373,0,0,0,73.373,0
71.7339,2.7115,0,0,2.81169,0.239394,0.36288,3.6288,61.308,0.435193,0,0,1.79096,0.196579,1.15919,0.66528,12.849,1,0.482309,0.36288,0,57.6678,3.83896,53.7094,0.84672,12.849,0.84672,3695.15,0,0.0036966,1.31201e-05,1.75688,1.64368,4.85297,0.987829,7.26568,0.42336,0.0018483,0.21168,0.0018483,0.21168,460.486,0,1.02816,0,0,2.78504,1.75688,1.028160,1,0,62.1342,0,0,0,62.1342,0
71.1635,2.70922,0,0,2.70265,0.200894,0.36288,3.6288,61.308,0.43551,0,0,1.84052,0.20916,1.19585,0.66528,12.849,1,0.485277,0.36288,0,54.5384,4.43731,49.9787,0.84672,12.849,0.84672,3695.15,0,0.0036966,1.31297e-05,1.6371,1.72913,4.82917,1.07645,7.11894,0.42336,0.0018483,0.21168,0.0018483,0.21168,460.486,0,1.02816,0,0,2.66526,1.6371,1.028160,1,0,58.2935,0,0,0,58.2935,0
70.4139,2.70651,0,0,2.45697,0.137218,0.36288,3.6288,61.308,0.435827,0,0,1.56176,0.231689,0.894241,0.66528,12.849,1,0.488677,0.36288,0,51.639,4.7396,46.7736,0.84672,12.849,0.84672,3695.15,0,0.0036966,1.31392e-05,1.34302,1.7295,4.32035,1.13726,6.25559,0.42336,0.0018483,0.21168,0.0018483,0.21168,460.486,0,1.02816,0,0,2.37118,1.34302,1.028160,1,0,53.9235,0,0,0,53.9235,0
69.4704,2.7027,0,0,2.25848,0.136431,0.36288,3.6288,61.308,0.436144,0,0,1.25903,0.231689,0.591196,0.66528,12.849,1,0.493183,0.36288,0,47.346,4.7396,42.4761,0.84672,12.849,0.84672,3695.15,0,0.0036966,1.31488e-05,0.994542,1.72988,3.91473,1.13726,5.50188,0.42336,0.0018483,0.21168,0.0018483,0.21168,460.486,0,1.02816,0,0,2.0227,0.994542,1.028160,1,0,48.5692,0,0,0,48.5692,0
68.5283,2.69763,0,0,2.25828,0.139828,0.36288,3.6288,61.308,0.436462,0,0,1.08165,0.249734,0.395454,0.66528,12.849,1,0.498944,0.36288,0,43.7768,5.02708,38.6137,0.84672,12.849,0.84672,3695.15,0,0.0036966,1.31584e-05,0.924074,1.73025,4.04187,1.19836,5.49782,0.42336,0.0018483,0.21168,0.0018483,0.21168,460.486,0,1.02816,0,0,1.95223,0.924074,1.028160,1,0,44.5069,0,0,0,44.5069,0
67.8357,2.66832,0,0,2.46397,0.125368,0.36288,3.6288,61.308,0.478076,0,0,1.26961,0.270349,0.521188,0.66528,12.849,1,0.500308,0.36288,0,45.0867,5.22196,39.7273,0.84672,12.849,0.84672,3695.15,0,0.0036966,1.44129e-05,0.964086,1.73063,5.6619,1.2623,7.09431,0.42336,0.0018483,0.21168,0.0018483,0.21168,460.486,0,1.02816,0,0,1.99225,0.964086,1.028160,1,0,47.3428,0,0,0,47.3428,0
67.0015,2.6646,0,0,2.31795,0.12469,0.36288,3.6288,61.308,0.478402,0,0,1.19766,0.270349,0.448908,0.66528,12.849,1,0.504712,0.36288,0,44.7528,5.22196,39.389,0.84672,12.849,0.84672,3695.15,0,0.0036966,1.44228e-05,0.832023,1.75754,5.91763,1.2623,7.24489,0.42336,0.0018483,0.21168,0.0018483,0.21168,460.486,0,1.02816,0,0,1.86018,0.832023,1.028160,1,0,47.0828,0,0,0,47.0828,0
65.9655,2.6599,0,0,2.11067,0.123873,0.36288,3.6288,61.308,0.478729,0,0,1.18555,0.270349,0.436477,0.66528,12.849,1,0.510095,0.36288,0,44.4067,5.22196,39.0376,0.84672,12.849,0.84672,3695.15,0,0.0036966,1.44326e-05,0.834684,1.75792,5.69537,1.2623,7.02566,0.42336,0.0018483,0.21168,0.0018483,0.21168,460.486,0,1.02816,0,0,1.86284,0.834684,1.028160,1,0,46.4997,0,0,0,46.4997,0
64.7357,2.65377,0,0,1.90967,0.122859,0.36288,3.6288,61.308,0.479055,0,0,1.10023,0.270349,0.350822,0.66528,12.849,1,0.516912,0.36288,0,39.8777,5.22196,34.5017,0.84672,12.849,0.84672,3695.15,0,0.0036966,1.44425e-05,0.603616,1.75831,5.46237,1.2623,6.56198,0.42336,0.0018483,0.21168,0.0018483,0.21168,460.486,0,1.02816,0,0,1.63178,0.603616,1.028160,1,0,41.4146,0,0,0,41.4146,0
63.2294,2.70791,0,0,1.66778,0.103221,0.36288,3.6288,61.308,0.516218,0,0,0.979525,0.306996,0.156311,0.66528,12.849,1,0.537477,0.36288,0,36.3042,5.72859,30.4011,0.84672,12.849,0.84672,3695.15,0,0.0036966,1.55628e-05,0.261999,1.75869,4.29265,1.44864,4.86468,0.42336,0.0018483,0.21168,0.0018483,0.21168,460.486,0,1.02816,0,0,1.29016,0.261999,1.028160,1,0,35.4221,0,0,0,35.4221,0
61.5755,2.69785,0,0,1.50766,0.100891,0.36288,3.6288,61.2322,0.579442,0,0,0.809948,0.306298,0,0.66528,12.849,1,0.548236,0.36288,0,33.4327,5.73363,27.5138,0.84672,12.849,0.84672,3695.15,0,0.0036966,1.74689e-05,0.261274,1.8014,4.10191,1.45105,4.71351,0.42336,0.0018483,0.21168,0.0018483,0.21168,460.486,0,0.965269,0,0,1.22654,0.261274,1.028160,1,0,32.2273,0,0,0,32.2273,0
59.8376,2.68625,0,0,1.41081,0.0995318,0.36288,3.6288,61.0772,0.598542,0,0,0.749719,0.306151,0,0.66528,12.849,1,0.560541,0.36288,0,30.1814,5.73363,24.2501,0.84672,12.849,0.84672,3695.15,0,0.0036966,1.8067e-05,0.227405,1.80179,3.66093,1.45105,4.23906,0.42336,0.0018483,0.21168,0.0018483,0.21168,460.486,0,0.946503,0,0,1.17391,0.227405,1.028160,1,0,28.4892,0,0,0,28.4892,0
57.9985,2.67342,0,0,1.2952,0.098048,0.36288,3.6288,60.8176,0.695287,0,0,0.741476,0.305851,0,0.66528,12.849,1,0.574067,0.36288,0,27.5892,5.73363,21.6444,0.84672,12.849,0.84672,3695.15,0,0.0036966,2.10406e-05,0.227405,1.80218,3.58054,1.45105,4.15905,0.42336,0.0018483,0.21168,0.0018483,0.21168,460.486,0,0.85009,0,0,1.07749,0.227405,1.028160,1,0,25.8035,0,0,0,25.8035,0
56.0667,2.83668,0,0,1.3562,0.0884167,0.36288,3.6288,60.6874,0.650633,0,0,0.820778,0.300361,0,0.66528,12.849,1,0.62844,0.36288,0,26.1833,5.82457,20.0932,0.84672,12.849,0.84672,3695.15,0,0.0036966,1.97733e-05,0.327845,1.80257,4.90261,1.50254,5.53047,0.42336,0.0018483,0.21168,0.0018483,0.21168,460.486,0,1.02816,0,0,1.356,0.327845,1.028160,1,0,25.6237,0,0,0,25.6237,0
53.5354,2.81967,0,0,0.7492,0.0979867,0.36288,3.6288,60.1145,0.8158,0,0,0.552178,0.309236,0,0.66528,12.849,1,0.646195,0.36288,0,18.7654,5.55671,12.9254,0.84672,12.849,0.84672,3695.15,0,0.0036966,2.48461e-05,0.227405,1.94643,3.1234,1.50218,3.79503,0.42336,0.0018483,0.21168,0.0018483,0.21168,460.486,0,0.863352,0,0,1.09076,0.227405,1.028160,1,0,16.7204,0,0,0,16.7204,0
51.0146,2.79564,0,0,0.733329,0.0955219,0.36288,3.6288,59.4682,0.854454,0,0,0.516275,0.308112,0,0.66528,12.849,1,0.67098,0.36288,0,17.1239,5.55671,11.2591,0.84672,12.849,0.84672,3695.15,0,0.0036966,2.62713e-05,0.204422,1.94685,3.13494,1.50218,3.784,0.42336,0.0018483,0.21168,0.0018483,0.21168,460.486,0,0.825059,0,0,1.02948,0.204422,1.028160,1,0,15.0431,0,0,0,15.0431,0
48.8544,2.76975,0,0,1.06541,0.0930675,0.36288,3.6288,59.0827,0.671837,0,0,0.593215,0.306844,0,0.66528,12.849,1,0.697614,0.36288,0,19.5032,5.55671,13.6117,0.84672,12.849,0.84672,3695.15,0,0.0036966,2.0881e-05,0.204422,1.94727,3.47577,1.50218,4.12526,0.42336,0.0018483,0.21168,0.0018483,0.21168,460.486,0,1.00805,0,0,1.21247,0.204422,1.028160,1,0,17.737,0,0,0,17.737,0
47.1653,2.74592,0,0,1.53556,0.115825,0.36288,3.6288,58.919,0.652087,0,0,0.785203,0.296841,0,0.66528,12.849,1,0.722193,0.36288,0,31.8201,5.42529,26.0355,0.84672,12.849,0.84672,3695.15,0,0.0036966,2.03994e-05,0.286165,1.9477,3.86958,1.47567,4.62775,0.42336,0.0018483,0.21168,0.0018483,0.21168,460.486,0,1.02816,0,0,1.31433,0.286165,1.028160,1,0,30.6632,0,0,0,30.6632,0
45.1356,2.643,0,0,1.10862,0.132454,0.36288,3.6288,58.5874,0.57159,0,0,0.527039,0.287029,0,0.66528,12.849,1,0.720019,0.36288,0,27.1691,5.00031,21.8116,0.84672,12.849,0.84672,3695.15,0,0.0036966,1.79309e-05,0.31593,1.94812,3.53182,1.37478,4.42106,0.42336,0.0018483,0.21168,0.0018483,0.21168,460.486,0,1.02816,0,0,1.34409,0.31593,1.028160,1,0,26.2327,0,0,0,26.2327,0
43.0607,2.61836,0,0,1.03587,0.129493,0.36288,3.6288,58.517,0.571937,0,0,0.78794,0.286418,0,0.66528,12.849,1,0.745383,0.36288,0,23.2923,5.00031,17.9095,0.84672,12.849,0.84672,3695.15,0,0.0036966,1.80433e-05,1.20687,1.86623,4.07428,1.37478,5.77258,0.42336,0.0018483,0.21168,0.0018483,0.21168,460.486,0,1.02816,0,0,2.23503,1.20687,1.028160,1,0,23.6821,0,0,0,23.6821,0
40.8941,2.59126,0,0,0.913991,0.126467,0.36288,3.6288,58.1157,0.572283,0,0,0.457292,0.286288,0,0.66528,12.849,1,0.773212,0.36288,0,23.8581,5.00031,18.4474,0.84672,12.849,0.84672,3695.15,0,0.0036966,1.80759e-05,0.375028,1.86663,3.12944,1.37478,3.9963,0.42336,0.0018483,0.21168,0.0018483,0.21168,460.486,0,1.02816,0,0,1.40319,0.375028,1.028160,1,0,22.4437,0,0,0,22.4437,0
38.6026,2.56063,0,0,0.755283,0.123307,0.36288,3.6288,57.6604,0.572629,0,0,0.402866,0.285549,0,0.66528,12.849,1,0.804556,0.36288,0,22.0283,5.00031,16.5863,0.84672,12.849,0.84672,3695.15,0,0.0036966,1.82118e-05,0.219508,1.86704,2.89812,1.37478,3.60986,0.42336,0.0018483,0.21168,0.0018483,0.21168,460.486,0,1.02816,0,0,1.24767,0.219508,1.028160,1,0,20.1962,0,0,0,20.1962,0
36.711,2.46011,0,0,1.05885,0.127463,0.36288,3.6288,57.4902,0.499309,0,0,0.558039,0.228932,0,0.66528,12.849,1,0.818856,0.36288,0,20.023,4.53594,15.0311,0.84672,12.849,0.84672,3695.15,0,0.0036966,1.60053e-05,0.348227,1.86744,3.03509,1.05796,4.19278,0.42336,0.0018483,0.21168,0.0018483,0.21168,460.486,0,1.02816,0,0,1.37639,0.348227,1.028160,1,0,19.2239,0,0,0,19.2239,0
35.4324,2.42608,0,0,1.67046,0.160086,0.36288,3.6288,57.4605,0.506506,0,0,0.681584,0.204811,0,0.66528,12.849,1,0.84672,0.36288,0,29.4964,4.6289,24.3837,0.84672,12.849,0.84672,3695.15,0,0.0036966,1.62841e-05,0.465489,1.79463,3.85284,1.03313,5.07982,0.42336,0.0018483,0.21168,0.0018483,0.21168,460.486,0,1.02816,0,0,1.49365,0.465489,1.028160,1,0,29.4635,0,0,0,29.4635,0
33.9331,2.42712,0,0,1.48841,0.197673,0.36288,3.6288,56.9891,0.738232,0,0,0.465605,0.198791,0,0.66528,12.849,1,0.84672,0.36288,0,25.9599,4.68731,20.7888,0.84672,12.849,0.84672,3695.15,0,0.0036966,2.37463e-05,0.292723,1.79904,3.21959,1.10754,4.2038,0.42336,0.0018483,0.21168,0.0018483,0.21168,460.486,0,0.796427,0,0,1.08915,0.292723,1.028160,1,0,24.9926,0,0,0,24.9926,0
32.9115,2.42815,0,0,1.96356,0.194097,0.36288,3.6288,57.3439,0.506506,0,0,1.05951,0.198184,0,0.66528,12.849,1,0.84672,0.36288,0,34.7324,4.68731,29.5612,0.84672,12.849,0.84672,3695.15,0,0.0036966,1.64273e-05,1.74884,1.79924,5.72276,1.10754,8.16329,0.42336,0.0018483,0.21168,0.0018483,0.21168,460.486,0,1.02816,0,0,2.777,1.74884,1.028160,1,0,37.7245,0,0,0,37.7245,0
35.1089,2.18204,0,0,4.93674,0.19443,0.36288,3.6288,58.7917,0.352948,0,0,2.00756,0.206813,0,0.66528,12.849,1,0.84672,0.36288,0,91.9803,4.6327,86.8638,0.84672,12.849,0.84672,3695.15,0,0.0036966,1.13762e-05,3.63288,1.79943,9.62352,1.11066,13.9452,0.42336,0.0018483,0.21168,0.0018483,0.21168,460.486,0,1.02816,0,0,4.66104,3.63288,1.028160,1,0,100.809,0,0,0,100.809,0
35.4442,2.1056,0,0,3.01056,0.206863,0.36288,3.6288,58.8993,0.506474,0,0,0.843464,0.229374,0,0.66528,12.849,1,0.770596,0.36288,0,61.7169,4.4962,56.813,0.84672,12.849,0.84672,3695.15,0,0.0036966,1.59226e-05,1.29608,1.63466,8.07062,1.11846,9.88289,0.42336,0.0018483,0.21168,0.0018483,0.21168,460.486,0,1.02816,0,0,2.32424,1.29608,1.028160,1,0,66.6959,0,0,0,66.6959,0
39.818,2.11165,0,0,7.05604,0.207703,0.36288,3.6288,60.5005,0.506474,0,0,2.3372,0.229533,0,0.66528,12.849,1,0.765501,0.36288,0,130.768,4.4962,125.869,0.84672,12.849,0.84672,3695.15,0,0.0036966,1.58935e-05,4.87563,1.72469,11.2799,1.11846,16.7617,0.42336,0.0018483,0.21168,0.0018483,0.21168,460.486,0,1.02816,0,0,5.90379,4.87563,1.028160,1,0,142.631,0,0,0,142.631,0
43.108,2.17595,0,0,6.03937,0.210537,0.36288,3.6288,60.5733,0.506474,0,0,0.806725,0.227468,0,0.66528,12.849,1,0.702163,0.36288,0,77.6961,4.26851,73.0883,0.84672,12.849,0.84672,3695.15,0,0.0036966,1.54729e-05,1.75459,1.72487,8.16921,1.08072,10.5679,0.42336,0.0018483,0.21168,0.0018483,0.21168,460.486,0,1.02816,0,0,2.78275,1.75459,1.028160,1,0,83.6562,0,0,0,83.6562,0
45.5635,2.33985,0,0,5.36585,0.207572,0.36288,3.6288,61.308,0.348263,0,0,1.39441,0.221673,0.0897592,0.66528,12.849,1,0.697429,0.36288,0,60.4828,3.96491,56.1833,0.84672,12.849,0.84672,3695.15,0,0.0036966,1.06267e-05,2.09021,1.72505,7.56432,1.0304,10.3492,0.42336,0.0018483,0.21168,0.0018483,0.21168,460.486,0,1.02816,0,0,3.11837,2.09021,1.028160,1,0,66.6222,0,0,0,66.6222,0
48.937,2.44391,0,0,6.38499,0.204718,0.36288,3.6288,61.308,0.393066,0,0,1.30817,0.257203,0.657905,0.66528,12.849,1,0.689186,0.36288,0,137.711,4.69094,132.694,0.84672,12.849,0.84672,3695.15,0,0.0036966,1.18501e-05,1.25206,1.63264,12.9634,1.29529,14.5528,0.42336,0.0018483,0.21168,0.0018483,0.21168,460.486,0,1.02816,0,0,2.28022,1.25206,1.028160,1,0,147.905,0,0,0,147.905,0
49.4206,2.48205,0,0,3.53951,0.21095,0.36288,3.6288,61.308,0.393359,0,0,1.03489,0.262952,0.37858,0.66528,12.849,1,0.651692,0.36288,0,93.8796,4.81194,88.7789,0.84672,12.849,0.84672,3695.15,0,0.0036966,1.18589e-05,0.653849,1.68521,7.42007,1.33943,8.41968,0.42336,0.0018483,0.21168,0.0018483,0.21168,460.486,0,1.02816,0,0,1.68201,0.653849,1.028160,1,0,97.5772,0,0,0,97.5772,0
48.4833,2.48763,0,0,2.12524,0.212052,0.36288,3.6288,61.308,0.393652,0,0,1.18592,0.262952,0.529314,0.66528,12.849,1,0.646764,0.36288,0,64.8363,4.81194,59.7405,0.84672,12.849,0.84672,3695.15,0,0.0036966,1.18677e-05,0.80746,1.68556,4.02386,1.33943,5.17743,0.42336,0.0018483,0.21168,0.0018483,0.21168,460.486,0,1.02816,0,0,1.83562,0.80746,1.028160,1,0,65.4472,0,0,0,65.4472,0
52.8197,2.47825,0,0,7.37443,0.196949,0.36288,3.6288,61.308,0.393945,0,0,3.05706,0.253318,2.40979,0.66528,12.849,1,0.656783,0.36288,0,186.164,4.24248,181.628,0.84672,12.849,0.84672,3695.15,0,0.0036966,1.18766e-05,3.94226,1.6859,16.5853,1.22277,20.9907,0.42336,0.0018483,0.21168,0.0018483,0.21168,460.486,0,1.02816,0,0,4.97042,3.94226,1.028160,1,0,205.028,0,0,0,205.028,0
54.4036,2.76815,0,0,4.90253,0.187619,0.36288,3.6288,61.308,0.561478,0,0,1.87527,0.259993,1.0538,0.66528,12.849,1,0.673385,0.36288,0,111.79,4.1226,107.357,0.84672,12.849,0.84672,3695.15,0,0.0036966,1.69273e-05,1.64195,1.68625,8.96996,1.22322,11.0749,0.42336,0.0018483,0.21168,0.0018483,0.21168,460.486,0,1.02816,0,0,2.67011,1.64195,1.028160,1,0,119.486,0,0,0,119.486,0
55.2059,2.78458,0,0,4.12919,0.179353,0.36288,3.6288,61.308,0.561805,0,0,1.76224,0.278527,0.921908,0.66528,12.849,1,0.657661,0.36288,0,117.646,4.53222,112.819,0.84672,12.849,0.84672,3695.15,0,0.0036966,1.69372e-05,1.60069,1.87313,8.97299,1.34047,11.1063,0.42336,0.0018483,0.21168,0.0018483,0.21168,460.486,0,1.02816,0,0,2.62885,1.60069,1.028160,1,0,124.847,0,0,0,124.847,0
57.122,2.79291,0,0,5.25729,0.185472,0.36288,3.6288,61.308,0.562132,0,0,2.61697,0.271378,1.78346,0.66528,12.849,1,0.650041,0.36288,0,153.379,4.50936,148.582,0.84672,12.849,0.84672,3695.15,0,0.0036966,1.6947e-05,2.35768,1.87351,14.1558,1.31948,17.0675,0.42336,0.0018483,0.21168,0.0018483,0.21168,460.486,0,1.02816,0,0,3.38584,2.35768,1.028160,1,0,167.433,0,0,0,167.433,0
59.9921,2.81129,0,0,6.24364,0.19933,0.36288,3.6288,61.308,0.56246,0,0,2.69713,0.22862,1.90605,0.66528,12.849,1,0.632372,0.36288,0,158.698,4.21596,154.212,0.84672,12.849,0.84672,3695.15,0,0.0036966,1.69569e-05,4.45261,1.8739,19.6844,1.08569,24.9252,0.42336,0.0018483,0.21168,0.0018483,0.21168,460.486,0,1.02816,0,0,5.48077,4.45261,1.028160,1,0,181.044,0,0,0,181.044,0
61.8594,2.47722,0,0,4.93938,0.231996,0.36288,3.6288,61.308,0.338164,0,0,1.69246,0.211627,1.14267,0.66528,12.849,1,0.530566,0.36288,0,131.613,4.07408,127.371,0.84672,12.849,0.84672,3695.15,0,0.0036966,1.01949e-05,2.2899,1.87429,8.6439,1.03088,11.7772,0.42336,0.0018483,0.21168,0.0018483,0.21168,460.486,0,1.02816,0,0,3.31806,2.2899,1.028160,1,0,140.291,0,0,0,140.291,0
64.9015,2.49099,0,0,6.16829,0.272342,0.36288,3.6288,61.308,0.338446,0,0,1.34593,0.18897,0.818515,0.66528,12.849,1,0.517412,0.36288,0,129.165,3.8849,125.125,0.84672,12.849,0.84672,3695.15,0,0.0036966,1.02034e-05,1.64031,1.6193,12.0882,0.957803,14.39,0.42336,0.0018483,0.21168,0.0018483,0.21168,460.486,0,1.02816,0,0,2.66847,1.64031,1.028160,1,0,140.334,0,0,0,140.334,0
66.2615,2.51176,0,0,4.51389,0.279168,0.36288,3.6288,61.308,0.338727,0,0,1.19014,0.18897,0.662446,0.66528,12.849,1,0.49727,0.36288,0,114.369,3.8849,110.349,0.84672,12.849,0.84672,3695.15,0,0.0036966,1.02119e-05,1.64722,1.61964,7.19035,0.957803,9.49939,0.42336,0.0018483,0.21168,0.0018483,0.21168,460.486,0,1.02816,0,0,2.67538,1.64722,1.028160,1,0,120.511,0,0,0,120.511,0
72.29,2.52082,0,0,9.34407,0.24979,0.544997,3.6288,61.308,0.339009,0,0,1.96735,0.170921,1.45742,0.66528,12.849,1,0.488822,0.544997,0,171.201,3.62331,167.634,0.84672,12.849,0.84672,3695.15,0,0.0036966,1.02204e-05,3.45311,1.61997,18.7606,0.920226,22.9135,0.42336,0.0018483,0.21168,0.0018483,0.21168,460.486,0,1.02816,0,0,4.48127,3.45311,1.028160,1,0,192.004,0,0,0,192.004,0
72.29,2.55597,0,0,7.21989,0.332986,4.33094,3.6288,61.308,0.33929,0,0,2.11004,0.23799,1.53276,0.66528,12.849,1,0.454304,4.33094,0,149.029,4.27078,148.635,0.84672,12.849,0.84672,3695.15,0,0.0036966,1.02288e-05,2.70853,1.6203,12.68,1.06336,15.9454,0.42336,0.0018483,0.21168,0.0018483,0.21168,460.486,0,1.02816,0,0,3.73669,2.70853,1.028160,1,0,166.113,0,0,0,166.113,0
72.29,2.6499,0,0,6.39525,0.337901,3.40745,3.6288,61.308,0.394579,0,0,1.44278,0.171804,0.876393,0.66528,12.849,1,0.471,3.40745,0,138.777,3.32745,138.386,0.84672,12.849,0.84672,3695.15,0,0.0036966,1.18957e-05,1.81457,1.62064,13.7443,0.792907,16.3866,0.42336,0.0018483,0.21168,0.0018483,0.21168,460.486,0,1.02816,0,0,2.84273,1.81457,1.028160,1,0,155.649,0,0,0,155.649,0
72.29,2.65045,0,0,5.33397,0.337901,2.34562,3.6288,61.308,0.394872,0,0,1.50368,0.171804,0.937003,0.66528,12.849,1,0.471097,2.34562,0,95.6146,3.32745,94.1616,0.84672,12.849,0.84672,3695.15,0,0.0036966,1.19045e-05,2.01301,1.68409,9.60379,0.792907,12.508,0.42336,0.0018483,0.21168,0.0018483,0.21168,460.486,0,1.02816,0,0,3.04117,2.01301,1.028160,1,0,107.607,0,0,0,107.607,0
72.29,2.65099,0,0,4.96782,0.342474,1.97435,3.6288,61.308,0.395165,0,0,1.71036,0.167393,1.1478,0.66528,12.849,1,0.471194,1.97435,0,84.2763,3.21932,82.5601,0.84672,12.849,0.84672,3695.15,0,0.0036966,1.19133e-05,2.10668,1.68443,13.1039,0.772347,16.1227,0.42336,0.0018483,0.21168,0.0018483,0.21168,460.486,0,1.02816,0,0,3.13484,2.10668,1.028160,1,0,99.8306,0,0,0,99.8306,0
72.29,2.65154,0,0,4.49357,0.319833,1.5222,3.6288,61.308,0.395458,0,0,2.01303,0.173802,1.44377,0.66528,12.849,1,0.471291,1.5222,0,80.5775,3.21832,78.4101,0.84672,12.849,0.84672,3695.15,0,0.0036966,1.19222e-05,2.64118,1.68478,10.9731,0.768481,14.5306,0.42336,0.0018483,0.21168,0.0018483,0.21168,460.486,0,1.02816,0,0,3.66934,2.64118,1.028160,1,0,94.3845,0,0,0,94.3845,0
72.29,2.61553,0,0,3.43299,0.303678,0.513781,3.6288,61.308,0.374369,0,0,1.44393,0.185735,0.88383,0.66528,12.849,1,0.464891,0.513781,0,69.3922,3.7187,65.7224,0.84672,12.849,0.84672,3695.15,0,0.0036966,1.12864e-05,1.6115,1.68513,7.32836,0.86393,9.76105,0.42336,0.0018483,0.21168,0.0018483,0.21168,460.486,0,1.02816,0,0,2.63966,1.6115,1.028160,1,0,76.3672,0,0,0,76.3672,0
72.01,2.61607,0,0,2.99949,0.300555,0.36288,3.6288,61.308,0.374658,0,0,1.40259,0.188317,0.839618,0.66528,12.849,1,0.464987,0.36288,0,66.21,3.87565,62.2323,0.84672,12.849,0.84672,3695.15,0,0.0036966,1.12951e-05,1.21605,1.66089,7.0162,0.894143,8.99898,0.42336,0.0018483,0.21168,0.0018483,0.21168,460.486,0,1.02816,0,0,2.24421,1.21605,1.028160,1,0,72.0709,0,0,0,72.0709,0
72.29,2.61507,0,0,3.65307,0.286823,0.471155,3.6288,61.308,0.374946,0,0,1.58407,0.194375,1.01475,0.66528,12.849,1,0.466617,0.471155,0,74.5304,3.95446,70.5804,0.84672,12.849,0.84672,3695.15,0,0.0036966,1.13038e-05,1.18205,1.66123,8.0924,0.911252,10.0244,0.42336,0.0018483,0.21168,0.0018483,0.21168,460.486,0,1.02816,0,0,2.21021,1.18205,1.028160,1,0,81.6196,0,0,0,81.6196,0
72.0109,2.61715,0,0,2.90961,0.208709,0.36288,3.6288,61.308,0.375235,0,0,1.28115,0.230725,0.675188,0.66528,12.849,1,0.465178,0.36288,0,61.7846,4.42733,57.255,0.84672,12.849,0.84672,3695.15,0,0.0036966,1.13125e-05,1.59977,1.66157,6.65764,1.01391,8.90506,0.42336,0.0018483,0.21168,0.0018483,0.21168,460.486,0,1.02816,0,0,2.62793,1.59977,1.028160,1,0,66.8353,0,0,0,66.8353,0
71.292,2.74026,0,0,2.59696,0.212684,0.36288,3.6288,61.308,0.451413,0,0,1.30167,0.228239,0.622016,0.66528,12.849,1,0.488948,0.36288,0,54.791,4.42934,50.2356,0.84672,12.849,0.84672,3695.15,0,0.0036966,1.36091e-05,0.977823,1.66191,6.20722,1.00941,7.83753,0.42336,0.0018483,0.21168,0.0018483,0.21168,460.486,0,1.02816,0,0,2.00598,0.977823,1.028160,1,0,58.6951,0,0,0,58.6951,0
70.1878,2.73664,0,0,2.17923,0.183925,0.36288,3.6288,61.308,0.451717,0,0,1.10903,0.21873,0.438583,0.66528,12.849,1,0.493227,0.36288,0,42.6969,4.34469,38.2219,0.84672,12.849,0.84672,3695.15,0,0.0036966,1.36183e-05,1.03533,1.74829,5.29207,0.964087,7.11159,0.42336,0.0018483,0.21168,0.0018483,0.21168,460.486,0,1.02816,0,0,2.06349,1.03533,1.028160,1,0,45.772,0,0,0,45.772,0
68.9752,2.73064,0,0,2.0483,0.167393,0.36288,3.6288,61.308,0.452021,0,0,1.15496,0.2223,0.480639,0.66528,12.849,1,0.499888,0.36288,0,39.3282,4.45305,34.7382,0.84672,12.849,0.84672,3695.15,0,0.0036966,1.36274e-05,1.04047,1.74865,5.3785,0.944027,7.22358,0.42336,0.0018483,0.21168,0.0018483,0.21168,460.486,0,1.02816,0,0,2.06863,1.04047,1.028160,1,0,42.4424,0,0,0,42.4424,0
67.691,2.7238,0,0,1.96829,0.165828,0.36288,3.6288,61.308,0.452326,0,0,1.17658,0.2223,0.501952,0.66528,12.849,1,0.507401,0.36288,0,37.0755,4.45305,32.4779,0.84672,12.849,0.84672,3695.15,0,0.0036966,1.36366e-05,0.937518,1.74901,5.36309,0.944027,7.10558,0.42336,0.0018483,0.21168,0.0018483,0.21168,460.486,0,1.02816,0,0,1.96568,0.937518,1.028160,1,0,40.0854,0,0,0,40.0854,0
66.2919,2.71626,0,0,1.84429,0.16417,0.36288,3.6288,61.308,0.45263,0,0,1.09497,0.2223,0.420042,0.66528,12.849,1,0.515597,0.36288,0,34.7325,4.45305,30.1267,0.84672,12.849,0.84672,3695.15,0,0.0036966,1.36458e-05,0.803632,1.74937,4.97248,0.944027,6.58145,0.42336,0.0018483,0.21168,0.0018483,0.21168,460.486,0,1.02816,0,0,1.83179,0.803632,1.028160,1,0,37.1282,0,0,0,37.1282,0
66.3618,2.68345,0,0,3.22196,0.105783,0.36288,3.6288,61.308,0.494688,0,0,1.24469,0.289952,0.460048,0.66528,12.849,1,0.520119,0.36288,0,65.2804,5.6027,59.5204,0.84672,12.849,0.84672,3695.15,0,0.0036966,1.49137e-05,1.37785,1.74973,8.77608,1.31591,10.5877,0.42336,0.0018483,0.21168,0.0018483,0.21168,460.486,0,1.02816,0,0,2.40601,1.37785,1.028160,1,0,70.5682,0,0,0,70.5682,0
66.0587,2.68446,0,0,2.85005,0.105841,0.36288,3.6288,61.308,0.495001,0,0,1.16135,0.289952,0.376402,0.66528,12.849,1,0.519767,0.36288,0,58.8735,5.6027,53.1139,0.84672,12.849,0.84672,3695.15,0,0.0036966,1.49232e-05,1.09877,1.77693,7.5587,1.31591,9.11849,0.42336,0.0018483,0.21168,0.0018483,0.21168,460.486,0,1.02816,0,0,2.12693,1.09877,1.028160,1,0,62.6088,0,0,0,62.6088,0
65.549,2.68302,0,0,2.64179,0.105586,0.36288,3.6288,61.308,0.495314,0,0,1.09609,0.289952,0.310822,0.66528,12.849,1,0.521871,0.36288,0,53.4583,5.6027,47.6966,0.84672,12.849,0.84672,3695.15,0,0.0036966,1.49326e-05,0.941216,1.77729,7.46435,1.31591,8.86694,0.42336,0.0018483,0.21168,0.0018483,0.21168,460.486,0,1.02816,0,0,1.96938,0.941216,1.028160,1,0,56.8743,0,0,0,56.8743,0
64.9686,2.68018,0,0,2.56783,0.105158,0.36288,3.6288,61.308,0.495627,0,0,1.03601,0.289952,0.250426,0.66528,12.849,1,0.525372,0.36288,0,48.0526,5.6027,42.2874,0.84672,12.849,0.84672,3695.15,0,0.0036966,1.49421e-05,0.761962,1.77766,7.35661,1.31591,8.58031,0.42336,0.0018483,0.21168,0.0018483,0.21168,460.486,0,1.02816,0,0,1.79012,0.761962,1.028160,1,0,51.1181,0,0,0,51.1181,0
64.0764,2.73928,0,0,2.29723,0.0872798,0.36288,3.6288,61.308,0.533182,0,0,0.951316,0.312459,0.105675,0.66528,12.849,1,0.541754,0.36288,0,43.4451,5.91572,37.3505,0.84672,12.849,0.84672,3695.15,0,0.0036966,1.60743e-05,0.596298,1.77802,6.29091,1.42047,7.24475,0.42336,0.0018483,0.21168,0.0018483,0.21168,460.486,0,1.02816,0,0,1.62446,0.596298,1.028160,1,0,44.701,0,0,0,44.701,0
63.4049,2.73356,0,0,2.4987,0.0737052,0.36288,3.6288,61.308,0.533503,0,0,1.23297,0.32934,0.370128,0.66528,12.849,1,0.54815,0.36288,0,57.3142,6.15048,50.9785,0.84672,12.849,0.84672,3695.15,0,0.0036966,1.60839e-05,0.955308,1.82119,6.62066,1.4989,7.89824,0.42336,0.0018483,0.21168,0.0018483,0.21168,460.486,0,1.02816,0,0,1.98347,0.955308,1.028160,1,0,59.2468,0,0,0,59.2468,0
62.5138,2.72929,0,0,2.27438,0.0733048,0.36288,3.6288,61.308,0.533824,0,0,1.01695,0.32934,0.15379,0.66528,12.849,1,0.55309,0.36288,0,46.1634,6.15048,39.8227,0.84672,12.849,0.84672,3695.15,0,0.0036966,1.60936e-05,0.998145,1.82156,6.15215,1.4989,7.47294,0.42336,0.0018483,0.21168,0.0018483,0.21168,460.486,0,1.02816,0,0,2.0263,0.998145,1.028160,1,0,47.4495,0,0,0,47.4495,0
61.4234,2.72331,0,0,2.06853,0.0727733,0.36288,3.6288,61.308,0.534145,0,0,0.947082,0.32934,0.0835971,0.66528,12.849,1,0.559745,0.36288,0,43.0347,6.15048,36.6874,0.84672,12.849,0.84672,3695.15,0,0.0036966,1.61033e-05,0.682327,1.82193,5.48283,1.4989,6.48818,0.42336,0.0018483,0.21168,0.0018483,0.21168,460.486,0,1.02816,0,0,1.71049,0.682327,1.028160,1,0,43.2591,0,0,0,43.2591,0
60.2356,2.89702,0,0,2.13242,0.0602949,0.36288,3.6288,61.308,0.66528,0,0,1.06154,0.333214,0.063042,0.66528,12.849,1,0.606019,0.36288,0,40.7709,6.2611,34.2666,0.84672,12.849,0.84672,3695.15,0,0.0036966,0.0018483,1.00202,1.82231,7.27812,1.51554,8.58505,0.42336,0.0018483,0.21168,0.0018483,0.21168,460.486,0,1.02816,0,0,2.03018,1.00202,1.028160,1,0,42.9147,0,0,0,42.9147,0
58.2733,2.88776,0,0,1.3401,0.051763,0.36288,3.6288,60.8554,0.80689,0,0,0.674525,0.320202,0,0.66528,12.849,1,0.615995,0.36288,0,25.2552,5.87801,19.1241,0.84672,12.849,0.84672,3695.15,0,0.0036966,0.0018483,0.227405,1.96773,4.4537,1.40627,5.24071,0.42336,0.0018483,0.21168,0.0018483,0.21168,460.486,0,0.88655,0,0,1.11396,0.227405,1.028160,1,0,24.3648,0,0,0,24.3648,0
56.4153,2.87135,0,0,1.427,0.0507938,0.36288,3.6288,60.7006,0.66528,0,0,0.829691,0.319286,0,0.66528,12.849,1,0.63312,0.36288,0,32.138,5.87801,25.9898,0.84672,12.849,0.84672,3695.15,0,0.0036966,0.0018483,0.344797,1.96813,4.97463,1.40627,5.87943,0.42336,0.0018483,0.21168,0.0018483,0.21168,460.486,0,1.02816,0,0,1.37296,0.344797,1.028160,1,0,31.8692,0,0,0,31.8692,0
54.3216,2.85495,0,0,1.17398,0.0498761,0.36288,3.6288,60.0263,0.959515,0,0,0.604249,0.318973,0,0.66528,12.849,1,0.650237,0.36288,0,29.4436,5.87801,23.2782,0.84672,12.849,0.84672,3695.15,0,0.0036966,0.0018483,0.204422,1.96854,4.07443,1.40627,4.83926,0.42336,0.0018483,0.21168,0.0018483,0.21168,460.486,0,0.733925,0,0,0.938347,0.204422,1.028160,1,0,28.1175,0,0,0,28.1175,0
52.5376,2.83526,0,0,1.46299,0.048842,0.36288,3.6288,60.0902,0.66528,0,0,1.04674,0.317608,0,0.66528,12.849,1,0.670642,0.36288,0,28.7004,5.87801,22.5147,0.84672,12.849,0.84672,3695.15,0,0.0036966,0.0018483,0.826183,1.96894,6.35468,1.40627,7.74168,0.42336,0.0018483,0.21168,0.0018483,0.21168,460.486,0,1.02816,0,0,1.85434,0.826183,1.028160,1,0,30.2563,0,0,0,30.2563,0
50.5958,2.73158,0,0,1.24492,0.0921958,0.36288,3.6288,60.0455,0.74826,0,0,0.996659,0.293038,0,0.66528,12.849,1,0.668056,0.36288,0,31.1359,5.25324,25.5775,0.84672,12.849,0.84672,3695.15,0,0.0036966,2.30156e-05,0.204422,1.96934,6.52195,1.22498,7.47071,0.42336,0.0018483,0.21168,0.0018483,0.21168,460.486,0,0.868899,0,0,1.07332,0.204422,1.028160,1,0,33.0482,0,0,0,33.0482,0
48.6667,2.71169,0,0,1.24182,0.0963565,0.36288,3.6288,60.7088,0.589336,0,0,1.54939,0.296819,0,0.66528,12.849,1,0.688643,0.36288,0,27.9558,5.36477,22.2653,0.84672,12.849,0.84672,3695.15,0,0.0036966,1.81407e-05,0.633692,1.88654,7.68856,1.27871,8.93007,0.42336,0.0018483,0.21168,0.0018483,0.21168,460.486,0,1.02816,0,0,1.66185,0.633692,1.028160,1,0,31.1954,0,0,0,31.1954,0
46.6069,2.69064,0,0,1.0881,0.0943949,0.36288,3.6288,60.7366,0.63177,0,0,0.957701,0.298073,0,0.66528,12.849,1,0.710384,0.36288,0,28.3838,5.36477,22.6715,0.84672,12.849,0.84672,3695.15,0,0.0036966,1.92345e-05,0.216518,1.88693,6.06121,1.27871,6.88593,0.42336,0.0018483,0.21168,0.0018483,0.21168,460.486,0,0.986057,0,0,1.20258,0.216518,1.028160,1,0,29.5574,0,0,0,29.5574,0
44.3703,2.66658,0,0,0.885142,0.0922885,0.36288,3.6288,60.3311,0.895692,0,0,0.788253,0.298126,0,0.66528,12.849,1,0.735145,0.36288,0,26.0645,5.36477,20.3274,0.84672,12.849,0.84672,3695.15,0,0.0036966,2.72572e-05,0.216518,1.88732,5.47658,1.27871,6.30168,0.42336,0.0018483,0.21168,0.0018483,0.21168,460.486,0,0.722459,0,0,0.938978,0.216518,1.028160,1,0,26.6291,0,0,0,26.6291,0
42.2594,2.57022,0,0,0.927313,0.105086,0.36288,3.6288,60.2987,0.667063,0,0,0.874437,0.239714,0,0.66528,12.849,1,0.744299,0.36288,0,21.4947,4.65894,16.4543,0.84672,12.849,0.84672,3695.15,0,0.0036966,2.04361e-05,0.216518,1.88771,5.88892,1.08441,6.90872,0.42336,0.0018483,0.21168,0.0018483,0.21168,460.486,0,0.87696,0,0,1.09348,0.216518,1.028160,1,0,23.363,0,0,0,23.363,0
40.2024,2.54223,0,0,1.00815,0.160041,0.36288,3.6288,60.1792,0.73477,0,0,0.803088,0.187822,0,0.66528,12.849,1,0.772967,0.36288,0,23.5594,4.29966,18.8496,0.84672,12.849,0.84672,3695.15,0,0.0036966,2.25225e-05,0.216518,1.81409,6.10817,1.10078,7.03797,0.42336,0.0018483,0.21168,0.0018483,0.21168,460.486,0,0.809568,0,0,1.02609,0.216518,1.028160,1,0,25.8876,0,0,0,25.8876,0
37.9813,2.51277,0,0,0.838935,0.18443,0.36288,3.6288,59.4712,1.08645,0,0,0.562092,0.183623,0,0.66528,12.849,1,0.803102,0.36288,0,19.1406,4.3386,14.3618,0.84672,12.849,0.84672,3695.15,0,0.0036966,3.33684e-05,0.292723,1.81446,5.09973,1.15038,6.0565,0.42336,0.0018483,0.21168,0.0018483,0.21168,460.486,0,0.458196,0,0,0.75092,0.292723,1.028160,1,0,20.4183,0,0,0,20.4183,0
36.2233,2.47819,0,0,1.26281,0.179719,0.36288,3.6288,60.1328,0.516819,0,0,1.36119,0.182795,0,0.66528,12.849,1,0.838366,0.36288,0,29.8475,4.3386,25.0334,0.84672,12.849,0.84672,3695.15,0,0.0036966,1.60622e-05,1.14218,1.81484,10.3407,1.15038,12.1473,0.42336,0.0018483,0.21168,0.0018483,0.21168,460.486,0,1.02816,0,0,2.17034,1.14218,1.028160,1,0,37.1807,0,0,0,37.1807,0
36.7647,2.26424,0,0,3.3446,0.176073,0.36288,3.6288,61.308,0.36192,0,0,3.03409,0.188766,1.30822,0.66528,12.849,1,0.803163,0.36288,0,80.2905,4.304,75.5462,0.84672,12.849,0.84672,3695.15,0,0.0036966,1.11243e-05,2.37426,1.81521,15.8247,1.10751,18.9066,0.42336,0.0018483,0.21168,0.0018483,0.21168,460.486,0,1.02816,0,0,3.40242,2.37426,1.028160,1,0,95.7611,0,0,0,95.7611,0
35.4888,2.16658,0,0,1.43106,0.177531,0.36288,3.6288,60.9765,0.801486,0,0,0.691603,0.221599,0,0.66528,12.849,1,0.757203,0.36288,0,30.865,4.09636,26.3743,0.84672,12.849,0.84672,3695.15,0,0.0036966,2.4163e-05,0.292723,1.64884,6.27751,0.85029,7.36876,0.42336,0.0018483,0.21168,0.0018483,0.21168,460.486,0,0.733127,0,0,1.02585,0.292723,1.028160,1,0,33.7431,0,0,0,33.7431,0
34.695,2.14726,0,0,1.89119,0.174841,0.36288,3.6288,61.1382,0.524588,0,0,0.907381,0.221134,0,0.66528,12.849,1,0.777433,0.36288,0,59.7769,4.09636,55.266,0.84672,12.849,0.84672,3695.15,0,0.0036966,1.59011e-05,0.412474,1.7336,8.34048,0.85029,9.63624,0.42336,0.0018483,0.21168,0.0018483,0.21168,460.486,0,1.01003,0,0,1.42251,0.412474,1.028160,1,0,64.9022,0,0,0,64.9022,0
35.0023,2.13495,0,0,2.97834,0.173167,0.36288,3.6288,61.308,0.506462,0,0,1.94755,0.221361,1.04991,0.66528,12.849,1,0.79066,0.36288,0,80.3565,4.09636,75.8323,0.84672,12.849,0.84672,3695.15,0,0.0036966,1.53111e-05,1.53287,1.73377,9.19089,0.85029,11.6072,0.42336,0.0018483,0.21168,0.0018483,0.21168,460.486,0,1.02816,0,0,2.56103,1.53287,1.028160,1,0,88.4895,0,0,0,88.4895,0
35.2042,2.1407,0,0,2.86641,0.161016,0.36288,3.6288,61.1317,0.684916,0,0,0.722822,0.214188,0,0.66528,12.849,1,0.785827,0.36288,0,52.3174,3.71687,48.1775,0.84672,12.849,0.84672,3695.15,0,0.0036966,2.06487e-05,0.412474,1.73394,6.23408,0.787391,7.59308,0.42336,0.0018483,0.21168,0.0018483,0.21168,460.486,0,0.849701,0,0,1.26217,0.412474,1.028160,1,0,55.7706,0,0,0,55.7706,0
35.9073,2.21512,0,0,3.45889,0.177702,0.36288,3.6288,61.1872,0.551445,0,0,0.821491,0.214611,0,0.66528,12.849,1,0.808488,0.36288,0,42.2584,4.27772,37.5351,0.84672,12.849,0.84672,3695.15,0,0.0036966,1.66728e-05,0.564106,1.73411,6.02754,0.99029,7.33545,0.42336,0.0018483,0.21168,0.0018483,0.21168,460.486,0,1.02816,0,0,1.59227,0.564106,1.028160,1,0,44.8705,0,0,0,44.8705,0
37.0467,2.26058,0,0,3.94974,0.18694,0.36288,3.6288,61.308,0.506457,0,0,1.00453,0.231207,0.146017,0.66528,12.849,1,0.80892,0.36288,0,96.0252,5.02582,90.5534,0.84672,12.849,0.84672,3695.15,0,0.0036966,1.52987e-05,0.988692,1.78706,7.21477,1.22527,8.76525,0.42336,0.0018483,0.21168,0.0018483,0.21168,460.486,0,1.02816,0,0,2.01685,0.988692,1.028160,1,0,99.4646,0,0,0,99.4646,0
39.6894,2.27972,0,0,5.47477,0.189496,0.36288,3.6288,61.308,0.506457,0,0,1.21407,0.231384,0.476226,0.66528,12.849,1,0.790681,0.36288,0,94.0706,5.02582,88.617,0.84672,12.849,0.84672,3695.15,0,0.0036966,1.52686e-05,1.24248,1.7609,7.4793,1.22527,9.25741,0.42336,0.0018483,0.21168,0.0018483,0.21168,460.486,0,1.02816,0,0,2.27064,1.24248,1.028160,1,0,98.3506,0,0,0,98.3506,0
46.2154,2.32017,0,0,9.40454,0.195423,0.36288,3.6288,61.308,0.506457,0,0,2.82655,0.231384,2.08871,0.66528,12.849,1,0.751131,0.36288,0,189.807,5.02582,184.393,0.84672,12.849,0.84672,3695.15,0,0.0036966,1.52685e-05,3.23842,1.76107,14.0701,1.22527,17.8443,0.42336,0.0018483,0.21168,0.0018483,0.21168,460.486,0,1.02816,0,0,4.26658,3.23842,1.028160,1,0,204.326,0,0,0,204.326,0
52.0584,2.64575,0,0,9.08271,0.231102,0.36288,3.6288,61.308,0.66528,0,0,1.7969,0.208269,0.923346,0.66528,12.849,1,0.735582,0.36288,0,267.945,4.68283,262.89,0.84672,12.849,0.84672,3695.15,0,0.0036966,0.0018483,2.05935,1.76124,10.7952,1.12518,13.4888,0.42336,0.0018483,0.21168,0.0018483,0.21168,460.486,0,1.02816,0,0,3.08751,2.05935,1.028160,1,0,277.302,0,0,0,277.302,0
57.464,2.79032,0,0,8.85082,0.291981,0.36288,3.6288,61.308,0.578794,0,0,1.46723,0.162763,0.72567,0.66528,12.849,1,0.688704,0.36288,0,221.55,4.49673,216.728,0.84672,12.849,0.84672,3695.15,0,0.0036966,1.74494e-05,2.32105,1.94993,10.1788,1.0557,13.3941,0.42336,0.0018483,0.21168,0.0018483,0.21168,460.486,0,1.02816,0,0,3.34921,2.32105,1.028160,1,0,230.848,0,0,0,230.848,0
61.3699,2.84383,0,0,7.4209,0.308316,0.36288,3.6288,61.308,0.579108,0,0,1.2827,0.162763,0.540832,0.66528,12.849,1,0.635882,0.36288,0,158.532,4.49673,153.762,0.84672,12.849,0.84672,3695.15,0,0.0036966,1.74588e-05,1.65818,1.89353,8.44249,1.0557,10.9385,0.42336,0.0018483,0.21168,0.0018483,0.21168,460.486,0,1.02816,0,0,2.68634,1.65818,1.028160,1,0,165.241,0,0,0,165.241,0
66.5969,2.87786,0,0,8.75612,0.288353,0.36288,3.6288,61.308,0.579421,0,0,1.65968,0.210105,0.870158,0.66528,12.849,1,0.602536,0.36288,0,174.81,4.58797,169.982,0.84672,12.849,0.84672,3695.15,0,0.0036966,1.74683e-05,2.69007,1.8939,16.0979,1.13596,19.5459,0.42336,0.0018483,0.21168,0.0018483,0.21168,460.486,0,1.02816,0,0,3.71823,2.69007,1.028160,1,0,190.398,0,0,0,190.398,0
72.0825,2.54819,0,0,8.70221,0.305557,0.36288,3.6288,61.308,0.352719,0,0,1.38153,0.19454,0.834269,0.66528,12.849,1,0.491639,0.36288,0,148.216,4.25921,143.828,0.84672,12.849,0.84672,3695.15,0,0.0036966,1.06337e-05,2.72161,1.89427,16.0662,1.0734,19.6086,0.42336,0.0018483,0.21168,0.0018483,0.21168,460.486,0,1.02816,0,0,3.74977,2.72161,1.028160,1,0,164.271,0,0,0,164.271,0
72.29,2.58045,0,0,8.44442,0.331201,5.32529,3.6288,61.308,0.352988,0,0,1.57862,0.155629,1.07001,0.66528,12.849,1,0.459976,5.32529,0,141.324,3.43728,142.753,0.84672,12.849,0.84672,3695.15,0,0.0036966,1.06418e-05,3.50471,1.63655,18.319,0.916993,22.5432,0.42336,0.0018483,0.21168,0.0018483,0.21168,460.486,0,1.02816,0,0,4.53287,3.50471,1.028160,1,0,166.366,0,0,0,166.366,0
72.29,2.58207,0,0,5.88582,0.331724,2.97202,3.6288,61.308,0.353257,0,0,2.24193,0.155629,1.73305,0.66528,12.849,1,0.458944,2.97202,0,105.23,3.43728,104.306,0.84672,12.849,0.84672,3695.15,0,0.0036966,1.06499e-05,2.81596,1.63687,12.9398,0.916993,16.4756,0.42336,0.0018483,0.21168,0.0018483,0.21168,460.486,0,1.02816,0,0,3.84412,2.81596,1.028160,1,0,122.514,0,0,0,122.514,0
72.29,2.58258,0,0,8.06014,0.314121,5.16344,3.6288,61.308,0.353526,0,0,3.39379,0.158748,2.88152,0.66528,12.849,1,0.459034,5.16344,0,155.211,3.48309,156.432,0.84672,12.849,0.84672,3695.15,0,0.0036966,1.0658e-05,4.27051,1.63719,16.5038,0.924515,21.487,0.42336,0.0018483,0.21168,0.0018483,0.21168,460.486,0,1.02816,0,0,5.29867,4.27051,1.028160,1,0,180.8,0,0,0,180.8,0
72.29,2.58308,0,0,7.39256,0.290651,4.51882,3.6288,61.308,0.353795,0,0,2.99558,0.162908,2.47888,0.66528,12.849,1,0.459123,4.51882,0,109.169,3.54417,109.685,0.84672,12.849,0.84672,3695.15,0,0.0036966,1.06661e-05,3.69113,1.63751,14.368,0.934545,18.7621,0.42336,0.0018483,0.21168,0.0018483,0.21168,460.486,0,1.02816,0,0,4.71929,3.69113,1.028160,1,0,130.925,0,0,0,130.925,0
72.29,2.67798,0,0,9.98395,0.247433,7.05854,3.6288,61.308,0.409655,0,0,2.22394,0.152441,1.66185,0.66528,12.849,1,0.475991,7.05854,0,113.344,3.73668,116.19,0.84672,12.849,0.84672,3695.15,0,0.0036966,1.23502e-05,1.94173,1.63783,12.3911,0.918872,15.0518,0.42336,0.0018483,0.21168,0.0018483,0.21168,460.486,0,1.02816,0,0,2.96989,1.94173,1.028160,1,0,132.903,0,0,0,132.903,0
72.29,2.6785,0,0,9.22242,0.240229,6.30369,3.6288,61.308,0.409935,0,0,2.69864,0.150696,2.13801,0.66528,12.849,1,0.476084,6.30369,0,128.642,3.76877,130.701,0.84672,12.849,0.84672,3695.15,0,0.0036966,1.23586e-05,2.38162,1.70193,17.7414,0.916259,20.9087,0.42336,0.0018483,0.21168,0.0018483,0.21168,460.486,0,1.02816,0,0,3.40978,2.38162,1.028160,1,0,153.747,0,0,0,153.747,0
72.29,2.67903,0,0,7.24369,0.240229,4.32443,3.6288,61.308,0.410216,0,0,2.24739,0.150696,1.68648,0.66528,12.849,1,0.476177,4.32443,0,150.442,3.76877,150.522,0.84672,12.849,0.84672,3695.15,0,0.0036966,1.23671e-05,2.48497,1.70226,13.0881,0.916259,16.3591,0.42336,0.0018483,0.21168,0.0018483,0.21168,460.486,0,1.02816,0,0,3.51313,2.48497,1.028160,1,0,168.567,0,0,0,168.567,0
72.29,2.67955,0,0,5.57781,0.21374,2.68452,3.6288,61.308,0.410496,0,0,1.5762,0.113163,1.05254,0.66528,12.849,1,0.476269,2.68452,0,106.211,2.60116,105.818,0.84672,12.849,0.84672,3695.15,0,0.0036966,1.23755e-05,1.57182,1.7026,10.1545,0.77074,12.6582,0.42336,0.0018483,0.21168,0.0018483,0.21168,460.486,0,1.02816,0,0,2.59998,1.57182,1.028160,1,0,119.528,0,0,0,119.528,0
72.29,2.64313,0,0,6.05341,0.155584,3.25469,3.6288,61.308,0.389168,0,0,1.43783,0.174629,0.874037,0.66528,12.849,1,0.469797,3.25469,0,106.096,3.6555,105.225,0.84672,12.849,0.84672,3695.15,0,0.0036966,1.17326e-05,1.54554,1.70293,10.0284,0.943725,12.3331,0.42336,0.0018483,0.21168,0.0018483,0.21168,460.486,0,1.02816,0,0,2.5737,1.54554,1.028160,1,0,118.432,0,0,0,118.432,0
72.29,2.64365,0,0,5.60223,0.147376,2.8112,3.6288,61.308,0.389445,0,0,1.23228,0.189721,0.653114,0.66528,12.849,1,0.469888,2.8112,0,99.6425,4.22655,97.7573,0.84672,12.849,0.84672,3695.15,0,0.0036966,1.17409e-05,1.4871,1.67841,9.84537,0.932961,12.0779,0.42336,0.0018483,0.21168,0.0018483,0.21168,460.486,0,1.02816,0,0,2.51526,1.4871,1.028160,1,0,110.488,0,0,0,110.488,0
72.29,2.64416,0,0,5.1917,0.119131,2.42841,3.6288,61.308,0.389721,0,0,1.08834,0.199082,0.499535,0.66528,12.849,1,0.46998,2.42841,0,91.7948,4.30993,89.4433,0.84672,12.849,0.84672,3695.15,0,0.0036966,1.17492e-05,1.44666,1.67874,8.964,0.938784,11.1506,0.42336,0.0018483,0.21168,0.0018483,0.21168,460.486,0,1.02816,0,0,2.47482,1.44666,1.028160,1,0,101.093,0,0,0,101.093,0
72.29,2.64468,0,0,4.83062,0.119131,2.06682,3.6288,61.308,0.389997,0,0,1.08587,0.199082,0.496788,0.66528,12.849,1,0.470071,2.06682,0,83.9281,4.30993,81.2149,0.84672,12.849,0.84672,3695.15,0,0.0036966,1.17575e-05,1.45596,1.67907,8.51887,0.938784,10.7151,0.42336,0.0018483,0.21168,0.0018483,0.21168,460.486,0,1.02816,0,0,2.48412,1.45596,1.028160,1,0,92.4268,0,0,0,92.4268,0
72.29,2.77067,0,0,4.67828,0.117501,1.79011,3.6288,61.308,0.466959,0,0,1.3593,0.195099,0.697239,0.66528,12.849,1,0.492466,1.79011,0,80.4108,4.23878,77.4696,0.84672,12.849,0.84672,3695.15,0,0.0036966,1.40778e-05,2.0266,1.67939,10.2211,0.930489,12.9966,0.42336,0.0018483,0.21168,0.0018483,0.21168,460.486,0,1.02816,0,0,3.05476,2.0266,1.028160,1,0,91.1635,0,0,0,91.1635,0
72.29,2.77121,0,0,4.45231,0.107724,1.57338,3.6288,61.308,0.467251,0,0,1.26186,0.171199,0.623414,0.66528,12.849,1,0.492562,1.57338,0,69.8544,3.81181,67.1234,0.84672,12.849,0.84672,3695.15,0,0.0036966,1.40866e-05,1.80453,1.76667,8.57269,0.880721,11.2632,0.42336,0.0018483,0.21168,0.0018483,0.21168,460.486,0,1.02816,0,0,2.83269,1.80453,1.028160,1,0,79.01,0,0,0,79.01,0
72.29,2.77175,0,0,4.22186,0.107724,1.34238,3.6288,61.308,0.467542,0,0,1.04875,0.171199,0.410009,0.66528,12.849,1,0.492658,1.34238,0,63.9939,3.81181,61.0318,0.84672,12.849,0.84672,3695.15,0,0.0036966,1.40953e-05,1.3736,1.76701,7.92469,0.880721,10.1846,0.42336,0.0018483,0.21168,0.0018483,0.21168,460.486,0,1.02816,0,0,2.40176,1.3736,1.028160,1,0,71.6264,0,0,0,71.6264,0
72.29,2.77229,0,0,3.9658,0.0971998,1.09631,3.6288,61.308,0.467833,0,0,1.00292,0.186194,0.348895,0.66528,12.849,1,0.492754,1.09631,0,58.0207,4.01554,54.6087,0.84672,12.849,0.84672,3695.15,0,0.0036966,1.41041e-05,1.04574,1.76735,6.72278,0.935275,8.60059,0.42336,0.0018483,0.21168,0.0018483,0.21168,460.486,0,1.02816,0,0,2.0739,1.04574,1.028160,1,0,63.5582,0,0,0,63.5582,0
72.29,2.77283,0,0,3.70072,0.034052,0.893836,3.6288,61.308,0.468124,0,0,0.948335,0.276165,0.204045,0.66528,12.849,1,0.49285,0.893836,0,55.8381,5.23793,51.0011,0.84672,12.849,0.84672,3695.15,0,0.0036966,1.41129e-05,0.891518,1.7677,6.18569,1.2626,7.58229,0.42336,0.0018483,0.21168,0.0018483,0.21168,460.486,0,1.02816,0,0,1.91968,0.891518,1.028160,1,0,58.7875,0,0,0,58.7875,0
72.29,2.74853,0,0,3.63064,0.0746888,0.80742,3.6288,61.308,0.510605,0,0,1.17673,0.279094,0.387034,0.66528,12.849,1,0.488531,0.80742,0,43.6779,5.01535,38.9814,0.84672,12.849,0.84672,3695.15,0,0.0036966,1.53936e-05,1.13106,1.76804,5.18962,1.25508,6.83363,0.42336,0.0018483,0.21168,0.0018483,0.21168,460.486,0,1.02816,0,0,2.15922,1.13106,1.028160,1,0,46.2021,0,0,0,46.2021,0
72.29,2.74907,0,0,3.28471,0.0814616,0.454183,3.6288,61.308,0.510904,0,0,1.08754,0.279583,0.297056,0.66528,12.849,1,0.488626,0.454183,0,58.3022,4.97826,53.2895,0.84672,12.849,0.84672,3695.15,0,0.0036966,1.54026e-05,1.07019,1.7955,5.84321,1.25382,7.45505,0.42336,0.0018483,0.21168,0.0018483,0.21168,460.486,0,1.02816,0,0,2.09835,1.07019,1.028160,1,0,61.0416,0,0,0,61.0416,0
72.0153,2.7496,0,0,2.91927,0.0814616,0.36288,3.6288,61.308,0.511204,0,0,0.986256,0.279583,0.19547,0.66528,12.849,1,0.488721,0.36288,0,56.1216,4.97826,51.0175,0.84672,12.849,0.84672,3695.15,0,0.0036966,1.54117e-05,0.940956,1.79585,5.67931,1.25382,7.16228,0.42336,0.0018483,0.21168,0.0018483,0.21168,460.486,0,1.02816,0,0,1.96912,0.940956,1.028160,1,0,58.3752,0,0,0,58.3752,0
71.5668,2.74856,0,0,2.74424,0.0812919,0.36288,3.6288,61.308,0.511504,0,0,0.947652,0.279583,0.156566,0.66528,12.849,1,0.490398,0.36288,0,52.6211,4.97826,47.5154,0.84672,12.849,0.84672,3695.15,0,0.0036966,1.54207e-05,0.891899,1.7962,5.41144,1.25382,6.8457,0.42336,0.0018483,0.21168,0.0018483,0.21168,460.486,0,1.02816,0,0,1.92006,0.891899,1.028160,1,0,54.5176,0,0,0,54.5176,0
71.0051,2.81058,0,0,2.67989,0.068154,0.36288,3.6288,61.3051,0.549432,0,0,0.856276,0.309744,0,0.66528,12.849,1,0.504607,0.36288,0,46.221,5.40697,40.6723,0.84672,12.849,0.84672,3695.15,0,0.0036966,1.65642e-05,0.686604,1.79655,4.953,1.3904,6.04574,0.42336,0.0018483,0.21168,0.0018483,0.21168,460.486,0,1.02816,0,0,1.71476,0.686604,1.028160,1,0,46.718,0,0,0,46.718,0
70.915,2.80775,0,0,3.15344,0.072896,0.36288,3.6288,61.308,0.549739,0,0,1.05079,0.313684,0.184464,0.66528,12.849,1,0.508087,0.36288,0,54.7293,5.47186,49.1122,0.84672,12.849,0.84672,3695.15,0,0.0036966,1.65742e-05,1.00004,1.84014,5.54759,1.401,6.98675,0.42336,0.0018483,0.21168,0.0018483,0.21168,460.486,0,1.02816,0,0,2.0282,1.00004,1.028160,1,0,56.2834,0,0,0,56.2834,0
70.5419,2.80775,0,0,2.87035,0.0728456,0.36288,3.6288,61.308,0.550047,0,0,0.866678,0.313689,0.00294233,0.66528,12.849,1,0.508732,0.36288,0,44.0816,5.47186,38.4639,0.84672,12.849,0.84672,3695.15,0,0.0036966,1.65827e-05,1.04384,1.8405,5.15498,1.401,6.6383,0.42336,0.0018483,0.21168,0.0018483,0.21168,460.486,0,1.02816,0,0,2.072,1.04384,1.028160,1,0,45.1052,0,0,0,45.1052,0
69.9109,2.80602,0,0,2.61055,0.0726372,0.36288,3.6288,61.2511,0.550354,0,0,0.807149,0.313689,0,0.66528,12.849,1,0.511108,0.36288,0,41.0941,5.47186,35.474,0.84672,12.849,0.84672,3695.15,0,0.0036966,1.65919e-05,0.720887,1.84086,4.5941,1.401,5.75482,0.42336,0.0018483,0.21168,0.0018483,0.21168,460.486,0,1.02816,0,0,1.74905,0.720887,1.028160,1,0,41.2288,0,0,0,41.2288,0
69.4386,2.88739,0,0,2.84286,0.0649526,0.36288,3.6288,61.2642,0.627831,0,0,0.952724,0.311777,0,0.66528,12.849,1,0.530677,0.36288,0,41.2885,5.58,35.5407,0.84672,12.849,0.84672,3695.15,0,0.0036966,1.89453e-05,1.17599,1.84122,6.49579,1.42691,8.08606,0.42336,0.0018483,0.21168,0.0018483,0.21168,460.486,0,1.02816,0,0,2.20415,1.17599,1.028160,1,0,43.6268,0,0,0,43.6268,0
68.2657,2.88491,0,0,2.20651,0.13159,0.36288,3.6288,60.7563,0.756454,0,0,0.566289,0.31779,0,0.66528,12.849,1,0.533827,0.36288,0,28.3776,5.43144,22.7753,0.84672,12.849,0.84672,3695.15,0,0.0036966,2.28217e-05,0.227405,1.91999,3.50508,1.48297,4.16948,0.42336,0.0018483,0.21168,0.0018483,0.21168,460.486,0,0.899856,0,0,1.12726,0.227405,1.028160,1,0,26.9447,0,0,0,26.9447,0
67.3162,2.87775,0,0,2.42154,0.130393,0.36288,3.6288,60.5103,0.628476,0,0,0.699281,0.316769,0,0.66528,12.849,1,0.541651,0.36288,0,36.4959,5.43144,30.8857,0.84672,12.849,0.84672,3695.15,0,0.0036966,1.91192e-05,0.372341,1.92037,3.82363,1.48297,4.63335,0.42336,0.0018483,0.21168,0.0018483,0.21168,460.486,0,1.02816,0,0,1.4005,0.372341,1.028160,1,0,35.519,0,0,0,35.519,0
65.8974,2.87189,0,0,1.94535,0.129424,0.36288,3.6288,59.8108,0.889061,0,0,0.505784,0.316275,0,0.66528,12.849,1,0.548173,0.36288,0,35.6625,5.43144,30.0457,0.84672,12.849,0.84672,3695.15,0,0.0036966,2.71566e-05,0.204422,1.92074,3.06952,1.48297,3.71168,0.42336,0.0018483,0.21168,0.0018483,0.21168,460.486,0,0.767889,0,0,0.972311,0.204422,1.028160,1,0,33.7574,0,0,0,33.7574,0
64.9667,2.86257,0,0,2.42273,0.127976,0.36288,3.6288,59.7312,0.62912,0,0,0.864474,0.314869,0,0.66528,12.849,1,0.558158,0.36288,0,32.5706,5.43144,26.9439,0.84672,12.849,0.84672,3695.15,0,0.0036966,1.94414e-05,0.81108,1.92111,4.74608,1.48297,5.99528,0.42336,0.0018483,0.21168,0.0018483,0.21168,460.486,0,1.02816,0,0,1.83924,0.81108,1.028160,1,0,32.9392,0,0,0,32.9392,0
63.3057,2.86755,0,0,1.69252,0.1231,0.36288,3.6288,59.5146,0.740445,0,0,0.845558,0.321769,0,0.66528,12.849,1,0.56714,0.36288,0,29.7141,5.38833,24.1215,0.84672,12.849,0.84672,3695.15,0,0.0036966,2.2912e-05,0.204422,1.92149,4.07986,1.42175,4.784,0.42336,0.0018483,0.21168,0.0018483,0.21168,460.486,0,0.893385,0,0,1.09781,0.204422,1.028160,1,0,28.9055,0,0,0,28.9055,0
61.7617,2.85574,0,0,1.84495,0.17026,0.36288,3.6288,59.2,0.895785,0,0,0.876675,0.295481,0,0.66528,12.849,1,0.579622,0.36288,0,26.1215,5.32066,20.5841,0.84672,12.849,0.84672,3695.15,0,0.0036966,2.78197e-05,0.216518,1.90599,2.88243,1.39179,3.61312,0.42336,0.0018483,0.21168,0.0018483,0.21168,460.486,0,0.738357,0,0,0.954876,0.216518,1.028160,1,0,24.1972,0,0,0,24.1972,0
61.2578,2.8443,0,0,2.87133,0.16812,0.36288,3.6288,59.7523,0.606309,0,0,1.45352,0.294887,0,0.66528,12.849,1,0.591731,0.36288,0,42.4624,5.32066,36.9129,0.84672,12.849,0.84672,3695.15,0,0.0036966,1.89298e-05,0.616836,1.90636,5.14164,1.39179,6.27303,0.42336,0.0018483,0.21168,0.0018483,0.21168,460.486,0,1.02816,0,0,1.645,0.616836,1.028160,1,0,43.1859,0,0,0,43.1859,0
60.5278,2.84082,0,0,2.64115,0.167421,0.36288,3.6288,60.1866,0.606627,0,0,1.33684,0.29593,0,0.66528,12.849,1,0.595871,0.36288,0,76.9357,5.32066,71.3821,0.84672,12.849,0.84672,3695.15,0,0.0036966,1.87646e-05,0.466258,1.90673,4.34588,1.39179,5.32706,0.42336,0.0018483,0.21168,0.0018483,0.21168,460.486,0,1.02816,0,0,1.49442,0.466258,1.028160,1,0,76.7091,0,0,0,76.7091,0
59.9846,2.7622,0,0,2.82454,0.242658,0.36288,3.6288,60.5873,0.531716,0,0,1.17988,0.247425,0,0.66528,12.849,1,0.586367,0.36288,0,61.1658,4.94504,55.9973,0.84672,12.849,0.84672,3695.15,0,0.0036966,1.63287e-05,0.387495,1.9071,3.59102,1.30235,4.58325,0.42336,0.0018483,0.21168,0.0018483,0.21168,460.486,0,1.02816,0,0,1.41566,0.387495,1.028160,1,0,60.5806,0,0,0,60.5806,0
59.4864,2.75836,0,0,2.82639,0.203308,0.36288,3.6288,60.9908,0.532019,0,0,1.13891,0.203464,0,0.66528,12.849,1,0.590855,0.36288,0,80.8488,4.18803,76.4328,0.84672,12.849,0.84672,3695.15,0,0.0036966,1.623e-05,1.0344,1.83271,5.50796,0.997009,7.37804,0.42336,0.0018483,0.21168,0.0018483,0.21168,460.486,0,1.02816,0,0,2.06256,1.0344,1.028160,1,0,83.8108,0,0,0,83.8108,0
58.9951,2.75483,0,0,2.82877,0.20234,0.36288,3.6288,61.308,0.532323,0,0,1.15037,0.203985,0.0968279,0.66528,12.849,1,0.59504,0.36288,0,82.5578,4.18803,78.1376,0.84672,12.849,0.84672,3695.15,0,0.0036966,1.61318e-05,1.08461,1.83307,6.85071,0.997009,8.77136,0.42336,0.0018483,0.21168,0.0018483,0.21168,460.486,0,1.02816,0,0,2.11277,1.08461,1.028160,1,0,87.0058,0,0,0,87.0058,0
58.7706,2.75129,0,0,3.09106,0.201384,0.36288,3.6288,61.308,0.532626,0,0,2.04865,0.204395,1.31163,0.66528,12.849,1,0.599225,0.36288,0,85.7658,4.18803,81.3414,0.84672,12.849,0.84672,3695.15,0,0.0036966,1.60575e-05,1.75643,1.83342,7.30912,0.997009,9.90194,0.42336,0.0018483,0.21168,0.0018483,0.21168,460.486,0,1.02816,0,0,2.78459,1.75643,1.028160,1,0,92.555,0,0,0,92.555,0
58.3478,2.54285,0,0,2.70246,0.219605,0.36288,3.6288,61.308,0.376127,0,0,2.01215,0.210544,1.42548,0.66528,12.849,1,0.555942,0.36288,0,86.8363,3.71415,82.9291,0.84672,12.849,0.84672,3695.15,0,0.0036966,1.13394e-05,1.52899,1.83378,7.69176,0.896216,10.1583,0.42336,0.0018483,0.21168,0.0018483,0.21168,460.486,0,1.02816,0,0,2.55715,1.52899,1.028160,1,0,94.5129,0,0,0,94.5129,0
61.4328,2.54004,0,0,6.22934,0.241391,0.36288,3.6288,61.308,0.3764,0,0,1.67327,0.165779,1.13109,0.66528,12.849,1,0.559352,0.36288,0,132.348,4.14256,128.008,0.84672,12.849,0.84672,3695.15,0,0.0036966,1.13476e-05,1.05713,1.66569,9.26467,0.812551,11.1749,0.42336,0.0018483,0.21168,0.0018483,0.21168,460.486,0,1.02816,0,0,2.08529,1.05713,1.028160,1,0,140.314,0,0,0,140.314,0
64.7831,2.56377,0,0,6.52526,0.248299,0.36288,3.6288,61.308,0.376673,0,0,2.34891,0.165779,1.80646,0.66528,12.849,1,0.536226,0.36288,0,155.774,4.14256,151.458,0.84672,12.849,0.84672,3695.15,0,0.0036966,1.13558e-05,1.68531,1.66601,12.0401,0.812551,14.5789,0.42336,0.0018483,0.21168,0.0018483,0.21168,460.486,0,1.02816,0,0,2.71347,1.68531,1.028160,1,0,167.843,0,0,0,167.843,0
66.4515,2.58742,0,0,4.87636,0.257673,0.36288,3.6288,61.308,0.376946,0,0,1.52525,0.197917,0.950382,0.66528,12.849,1,0.513185,0.36288,0,130.538,4.62431,125.764,0.84672,12.849,0.84672,3695.15,0,0.0036966,1.13641e-05,0.865745,1.66634,8.55714,1.00256,10.0867,0.42336,0.0018483,0.21168,0.0018483,0.21168,460.486,0,1.02816,0,0,1.89391,0.865745,1.028160,1,0,136.801,0,0,0,136.801,0
70.3476,2.59872,0,0,7.09531,0.237625,0.36288,3.6288,61.308,0.377219,0,0,2.37065,0.239136,1.7543,0.66528,12.849,1,0.502486,0.36288,0,144.453,4.93395,139.379,0.84672,12.849,0.84672,3695.15,0,0.0036966,1.13723e-05,1.64489,1.66666,11.898,1.34015,13.8694,0.42336,0.0018483,0.21168,0.0018483,0.21168,460.486,0,1.02816,0,0,2.67305,1.64489,1.028160,1,0,155.003,0,0,0,155.003,0
72.29,2.70491,0,0,6.00164,0.282159,1.07216,3.6288,61.308,0.422933,0,0,1.65552,0.256842,0.975745,0.66528,12.849,1,0.494053,1.07216,0,132.597,4.8873,128.288,0.84672,12.849,0.84672,3695.15,0,0.0036966,1.27505e-05,1.24661,1.66698,8.34767,1.34427,9.91698,0.42336,0.0018483,0.21168,0.0018483,0.21168,460.486,0,1.02816,0,0,2.27477,1.24661,1.028160,1,0,139.181,0,0,0,139.181,0
72.29,2.71669,0,0,5.7084,0.318006,2.6737,3.6288,61.308,0.4232,0,0,1.21357,0.267981,0.522384,0.66528,12.849,1,0.48287,2.6737,0,119.926,4.85877,117.258,0.84672,12.849,0.84672,3695.15,0,0.0036966,1.27585e-05,0.904064,1.72062,6.58696,1.32297,7.88867,0.42336,0.0018483,0.21168,0.0018483,0.21168,460.486,0,1.02816,0,0,1.93222,0.904064,1.028160,1,0,125.669,0,0,0,125.669,0
72.29,2.71719,0,0,5.75574,0.318006,2.72055,3.6288,61.308,0.423467,0,0,1.22461,0.267981,0.533159,0.66528,12.849,1,0.482959,2.72055,0,106.72,4.85877,104.098,0.84672,12.849,0.84672,3695.15,0,0.0036966,1.27666e-05,0.931461,1.72094,6.09829,1.32297,7.42771,0.42336,0.0018483,0.21168,0.0018483,0.21168,460.486,0,1.02816,0,0,1.95962,0.931461,1.028160,1,0,112.059,0,0,0,112.059,0
72.29,2.71769,0,0,5.70613,0.300677,2.68777,3.6288,61.308,0.423735,0,0,1.50102,0.242529,0.834755,0.66528,12.849,1,0.483048,2.68777,0,104.363,3.92222,102.645,0.84672,12.849,0.84672,3695.15,0,0.0036966,1.27747e-05,1.35708,1.72126,6.53687,1.1283,8.4869,0.42336,0.0018483,0.21168,0.0018483,0.21168,460.486,0,1.02816,0,0,2.38524,1.35708,1.028160,1,0,111.967,0,0,0,111.967,0
72.29,2.98331,0,0,5.74426,0.337521,2.42343,3.6288,61.308,0.594742,0,0,1.23688,0.176113,0.466021,0.66528,12.849,1,0.530261,2.42343,0,104.31,3.23423,102.969,0.84672,12.849,0.84672,3695.15,0,0.0036966,1.79301e-05,1.8975,1.72157,7.00957,0.941974,9.68665,0.42336,0.0018483,0.21168,0.0018483,0.21168,460.486,0,1.02816,0,0,2.92566,1.8975,1.028160,1,0,113.121,0,0,0,113.121,0
72.29,2.98386,0,0,5.2349,0.338349,1.91269,3.6288,61.308,0.595041,0,0,0.898698,0.188086,0.115571,0.66528,12.849,1,0.530359,1.91269,0,82.0463,2.92561,80.503,0.84672,12.849,0.84672,3695.15,0,0.0036966,1.79392e-05,1.02346,1.91233,4.79431,0.70762,7.02246,0.42336,0.0018483,0.21168,0.0018483,0.21168,460.486,0,1.02816,0,0,2.05162,1.02346,1.028160,1,0,87.641,0,0,0,87.641,0
72.29,2.98441,0,0,4.38218,0.330557,1.06721,3.6288,61.308,0.595339,0,0,1.02014,0.204684,0.220118,0.66528,12.849,1,0.530457,1.06721,0,74.9356,3.31874,72.1536,0.84672,12.849,0.84672,3695.15,0,0.0036966,1.79482e-05,1.17083,1.91268,5.44916,0.830607,7.70205,0.42336,0.0018483,0.21168,0.0018483,0.21168,460.486,0,1.02816,0,0,2.19899,1.17083,1.028160,1,0,80.0758,0,0,0,80.0758,0
72.29,2.98496,0,0,5.18162,0.305518,1.89114,3.6288,61.308,0.595638,0,0,0.968051,0.210293,0.16212,0.66528,12.849,1,0.530554,1.89114,0,77.1232,4.19427,74.2895,0.84672,12.849,0.84672,3695.15,0,0.0036966,1.79572e-05,1.29218,1.91303,6.17872,1.14001,8.24391,0.42336,0.0018483,0.21168,0.0018483,0.21168,460.486,0,1.02816,0,0,2.32034,1.29218,1.028160,1,0,82.6956,0,0,0,82.6956,0
72.29,2.60708,0,0,5.39391,0.277829,2.509,3.6288,61.308,0.366634,0,0,1.33539,0.218504,0.750252,0.66528,12.849,1,0.463388,2.509,0,90.307,3.69291,88.6597,0.84672,12.849,0.84672,3695.15,0,0.0036966,1.10532e-05,1.92664,1.91338,7.64744,0.855934,10.6315,0.42336,0.0018483,0.21168,0.0018483,0.21168,460.486,0,1.02816,0,0,2.9548,1.92664,1.028160,1,0,100.041,0,0,0,100.041,0
72.29,2.60756,0,0,7.6483,0.310089,4.73065,3.6288,61.308,0.366891,0,0,1.408,0.175575,0.865535,0.66528,12.849,1,0.463474,4.73065,0,102.406,4.02843,102.645,0.84672,12.849,0.84672,3695.15,0,0.0036966,1.10609e-05,2.44543,1.65304,10.6611,0.977501,13.782,0.42336,0.0018483,0.21168,0.0018483,0.21168,460.486,0,1.02816,0,0,3.47359,2.44543,1.028160,1,0,117.293,0,0,0,117.293,0
72.29,2.60804,0,0,6.25173,0.310089,3.3336,3.6288,61.308,0.367147,0,0,1.177,0.175575,0.634279,0.66528,12.849,1,0.463559,3.3336,0,88.9315,4.02843,87.7731,0.84672,12.849,0.84672,3695.15,0,0.0036966,1.10687e-05,1.71652,1.65335,8.0949,0.977501,10.4873,0.42336,0.0018483,0.21168,0.0018483,0.21168,460.486,0,1.02816,0,0,2.74468,1.71652,1.028160,1,0,98.8947,0,0,0,98.8947,0
72.29,2.60852,0,0,7.81108,0.310089,4.89247,3.6288,61.308,0.367404,0,0,1.54604,0.175575,1.00306,0.66528,12.849,1,0.463644,4.89247,0,117.889,4.02843,118.29,0.84672,12.849,0.84672,3695.15,0,0.0036966,1.10764e-05,2.49703,1.65365,9.20837,0.977501,12.3815,0.42336,0.0018483,0.21168,0.0018483,0.21168,460.486,0,1.02816,0,0,3.52519,2.49703,1.028160,1,0,131.674,0,0,0,131.674,0
72.29,2.609,0,0,10.5017,0.306675,7.58599,3.6288,61.308,0.367661,0,0,1.93507,0.146939,1.42047,0.66528,12.849,1,0.46373,7.58599,0,183.843,3.58016,187.385,0.84672,12.849,0.84672,3695.15,0,0.0036966,1.10842e-05,4.03528,1.65396,13.9307,0.900726,18.7192,0.42336,0.0018483,0.21168,0.0018483,0.21168,460.486,0,1.02816,0,0,5.06344,4.03528,1.028160,1,0,207.525,0,0,0,207.525,0
72.29,2.70482,0,0,9.01575,0.300915,6.01002,3.6288,61.308,0.424066,0,0,1.343,0.142597,0.776339,0.66528,12.849,1,0.480762,6.01002,0,136.366,3.5831,138.312,0.84672,12.849,0.84672,3695.15,0,0.0036966,1.27846e-05,2.28056,1.65426,9.17715,0.880476,12.2315,0.42336,0.0018483,0.21168,0.0018483,0.21168,460.486,0,1.02816,0,0,3.30872,2.28056,1.028160,1,0,151.32,0,0,0,151.32,0
72.29,2.70532,0,0,7.26788,0.299158,4.2634,3.6288,61.308,0.424333,0,0,1.50901,0.145442,0.939235,0.66528,12.849,1,0.48085,4.2634,0,129.257,3.65599,129.384,0.84672,12.849,0.84672,3695.15,0,0.0036966,1.27927e-05,2.04539,1.71899,11.5404,0.884661,14.4202,0.42336,0.0018483,0.21168,0.0018483,0.21168,460.486,0,1.02816,0,0,3.07355,2.04539,1.028160,1,0,144.743,0,0,0,144.743,0
72.29,2.70582,0,0,8.21569,0.299158,5.21071,3.6288,61.308,0.424601,0,0,1.49049,0.145442,0.920444,0.66528,12.849,1,0.480939,5.21071,0,133.576,3.65599,134.65,0.84672,12.849,0.84672,3695.15,0,0.0036966,1.28008e-05,1.65296,1.71931,11.1139,0.884661,13.6015,0.42336,0.0018483,0.21168,0.0018483,0.21168,460.486,0,1.02816,0,0,2.68112,1.65296,1.028160,1,0,149.172,0,0,0,149.172,0
72.29,2.70632,0,0,6.64866,0.291613,3.65073,3.6288,61.308,0.424868,0,0,1.30648,0.144609,0.737003,0.66528,12.849,1,0.481027,3.65073,0,98.1893,3.70542,97.6536,0.84672,12.849,0.84672,3695.15,0,0.0036966,1.28088e-05,1.78698,1.71962,8.09801,0.887874,10.7167,0.42336,0.0018483,0.21168,0.0018483,0.21168,460.486,0,1.02816,0,0,2.81514,1.78698,1.028160,1,0,109.107,0,0,0,109.107,0
72.29,2.66951,0,0,6.0567,0.247479,3.13971,3.6288,61.308,0.403312,0,0,1.1385,0.163811,0.571379,0.66528,12.849,1,0.474485,3.13971,0,110.201,4.00764,108.858,0.84672,12.849,0.84672,3695.15,0,0.0036966,1.2159e-05,1.39481,1.71994,10.0511,0.962783,12.203,0.42336,0.0018483,0.21168,0.0018483,0.21168,460.486,0,1.02816,0,0,2.42297,1.39481,1.028160,1,0,121.633,0,0,0,121.633,0
72.29,2.67,0,0,5.20352,0.24899,2.28453,3.6288,61.308,0.403575,0,0,0.931098,0.196072,0.331451,0.66528,12.849,1,0.474572,2.28453,0,91.0181,4.0152,88.8128,0.84672,12.849,0.84672,3695.15,0,0.0036966,1.21669e-05,1.14408,1.69516,6.60404,1.03695,8.40632,0.42336,0.0018483,0.21168,0.0018483,0.21168,460.486,0,1.02816,0,0,2.17224,1.14408,1.028160,1,0,97.5506,0,0,0,97.5506,0
72.29,2.67049,0,0,4.34169,0.24899,1.42221,3.6288,61.308,0.403839,0,0,0.843912,0.196072,0.244001,0.66528,12.849,1,0.47466,1.42221,0,73.6033,4.0152,70.5356,0.84672,12.849,0.84672,3695.15,0,0.0036966,1.21748e-05,0.84272,1.69547,5.2486,1.03695,6.74983,0.42336,0.0018483,0.21168,0.0018483,0.21168,460.486,0,1.02816,0,0,1.87088,0.84272,1.028160,1,0,77.5295,0,0,0,77.5295,0
72.29,2.67098,0,0,3.84954,0.24899,0.92957,3.6288,61.308,0.404102,0,0,0.766549,0.196072,0.166375,0.66528,12.849,1,0.474747,0.92957,0,63.7742,4.0152,60.2138,0.84672,12.849,0.84672,3695.15,0,0.0036966,1.21828e-05,0.605439,1.69579,4.53878,1.03695,5.80305,0.42336,0.0018483,0.21168,0.0018483,0.21168,460.486,0,1.02816,0,0,1.6336,0.605439,1.028160,1,0,66.1832,0,0,0,66.1832,0
72.29,2.7982,0,0,3.48806,0.24467,0.445193,3.6288,61.308,0.481814,0,0,0.687286,0.190383,0.015089,0.66528,12.849,1,0.497359,0.445193,0,56.1893,3.89724,52.2399,0.84672,12.849,0.84672,3695.15,0,0.0036966,1.45256e-05,0.457082,1.6961,4.15143,1.00703,5.29757,0.42336,0.0018483,0.21168,0.0018483,0.21168,460.486,0,1.02816,0,0,1.48524,0.457082,1.028160,1,0,57.5525,0,0,0,57.5525,0
72.29,2.79872,0,0,3.93605,0.19993,0.937401,3.6288,61.308,0.482092,0,0,0.857373,0.205702,0.169579,0.66528,12.849,1,0.49745,0.937401,0,51.3885,4.54135,47.2871,0.84672,12.849,0.84672,3695.15,0,0.0036966,1.4534e-05,0.79742,1.78422,4.68984,0.985598,6.28586,0.42336,0.0018483,0.21168,0.0018483,0.21168,460.486,0,1.02816,0,0,1.82558,0.79742,1.028160,1,0,53.7425,0,0,0,53.7425,0
72.29,2.79923,0,0,3.43068,0.19993,0.431516,3.6288,61.308,0.48237,0,0,0.734927,0.205702,0.0468555,0.66528,12.849,1,0.497542,0.431516,0,45.2596,4.54135,40.6522,0.84672,12.849,0.84672,3695.15,0,0.0036966,1.45424e-05,0.557747,1.78455,4.10535,0.985598,5.46203,0.42336,0.0018483,0.21168,0.0018483,0.21168,460.486,0,1.02816,0,0,1.58591,0.557747,1.028160,1,0,46.1611,0,0,0,46.1611,0
71.921,2.79975,0,0,2.99354,0.19993,0.36288,3.6288,61.2954,0.482647,0,0,0.675741,0.205702,0,0.66528,12.849,1,0.497633,0.36288,0,42.6883,4.54135,38.0122,0.84672,12.849,0.84672,3695.15,0,0.0036966,1.45507e-05,0.599124,1.78487,4.21114,0.985598,5.60952,0.42336,0.0018483,0.21168,0.0018483,0.21168,460.486,0,1.02816,0,0,1.62728,0.599124,1.028160,1,0,43.6218,0,0,0,43.6218,0
71.2874,2.79809,0,0,2.72676,0.199371,0.36288,3.6288,61.2158,0.482925,0,0,0.608987,0.205686,0,0.66528,12.849,1,0.499892,0.36288,0,39.0757,4.54135,34.3973,0.84672,12.849,0.84672,3695.15,0,0.0036966,1.45621e-05,0.467891,1.7852,4.00577,0.985598,5.27325,0.42336,0.0018483,0.21168,0.0018483,0.21168,460.486,0,1.02816,0,0,1.49605,0.467891,1.028160,1,0,39.6706,0,0,0,39.6706,0
70.8993,2.76981,0,0,2.87892,0.134285,0.36288,3.6288,61.2694,0.525809,0,0,0.828047,0.248642,0,0.66528,12.849,1,0.499237,0.36288,0,51.7922,4.95043,46.7054,0.84672,12.849,0.84672,3695.15,0,0.0036966,1.58759e-05,0.660303,1.78553,5.49794,1.15997,6.78379,0.42336,0.0018483,0.21168,0.0018483,0.21168,460.486,0,1.02816,0,0,1.68846,0.660303,1.028160,1,0,53.4892,0,0,0,53.4892,0
70.5132,2.76801,0,0,2.86625,0.121473,0.36288,3.6288,61.308,0.526095,0,0,0.918112,0.25213,0.101251,0.66528,12.849,1,0.501642,0.36288,0,55.8406,4.84018,50.8616,0.84672,12.849,0.84672,3695.15,0,0.0036966,1.58706e-05,0.809058,1.81324,5.92728,1.15498,7.39459,0.42336,0.0018483,0.21168,0.0018483,0.21168,460.486,0,1.02816,0,0,1.83722,0.809058,1.028160,1,0,58.3575,0,0,0,58.3575,0
69.9952,2.76619,0,0,2.70768,0.0966844,0.36288,3.6288,61.308,0.526381,0,0,0.874204,0.291252,0.0565707,0.66528,12.849,1,0.504058,0.36288,0,52.6585,5.49901,47.0183,0.84672,12.849,0.84672,3695.15,0,0.0036966,1.58692e-05,0.802267,1.81358,5.7605,1.35732,7.01901,0.42336,0.0018483,0.21168,0.0018483,0.21168,460.486,0,1.02816,0,0,1.83043,0.802267,1.028160,1,0,54.0939,0,0,0,54.0939,0
69.2825,2.76355,0,0,2.51506,0.101281,0.36288,3.6288,61.308,0.526667,0,0,0.866419,0.280091,0.0596613,0.66528,12.849,1,0.507304,0.36288,0,52.2978,5.6259,46.5275,0.84672,12.849,0.84672,3695.15,0,0.0036966,1.58778e-05,0.816895,1.81391,5.6288,1.34867,6.91091,0.42336,0.0018483,0.21168,0.0018483,0.21168,460.486,0,1.02816,0,0,1.84505,0.816895,1.028160,1,0,53.4981,0,0,0,53.4981,0
68.3831,2.82406,0,0,2.38359,0.0960864,0.36288,3.6288,61.3053,0.564952,0,0,0.85739,0.295094,0,0.66528,12.849,1,0.523744,0.36288,0,52.9943,5.58606,47.2474,0.84672,12.849,0.84672,3695.15,0,0.0036966,1.7032e-05,0.727972,1.81424,4.91994,1.38462,6.07751,0.42336,0.0018483,0.21168,0.0018483,0.21168,460.486,0,1.02816,0,0,1.75613,0.727972,1.028160,1,0,53.3249,0,0,0,53.3249,0
67.303,2.81877,0,0,2.1855,0.0839028,0.36288,3.6288,61.1629,0.565245,0,0,0.755387,0.332596,0,0.66528,12.849,1,0.52964,0.36288,0,45.979,5.48646,40.3257,0.84672,12.849,0.84672,3695.15,0,0.0036966,1.70416e-05,0.617492,1.85824,4.27746,1.4745,5.27868,0.42336,0.0018483,0.21168,0.0018483,0.21168,460.486,0,1.02816,0,0,1.64565,0.617492,1.028160,1,0,45.6044,0,0,0,45.6044,0
66.0899,2.81215,0,0,2.04511,0.0831942,0.36288,3.6288,60.9643,0.565538,0,0,0.699218,0.332296,0,0.66528,12.849,1,0.536876,0.36288,0,41.5077,5.48646,35.8472,0.84672,12.849,0.84672,3695.15,0,0.0036966,1.70901e-05,0.546877,1.85858,3.81759,1.4745,4.74854,0.42336,0.0018483,0.21168,0.0018483,0.21168,460.486,0,1.02816,0,0,1.57504,0.546877,1.028160,1,0,40.5958,0,0,0,40.5958,0
64.7177,2.80442,0,0,1.87752,0.0823984,0.36288,3.6288,60.7581,0.56583,0,0,0.69152,0.331879,0,0.66528,12.849,1,0.545226,0.36288,0,37.9428,5.48646,32.274,0.84672,12.849,0.84672,3695.15,0,0.0036966,1.71547e-05,0.417502,1.85893,3.73374,1.4745,4.53566,0.42336,0.0018483,0.21168,0.0018483,0.21168,460.486,0,1.02816,0,0,1.44566,0.417502,1.028160,1,0,36.8097,0,0,0,36.8097,0
63.6635,2.87979,0,0,2.25566,0.0672055,0.36288,3.6288,60.6396,0.64405,0,0,0.84208,0.316526,0,0.66528,12.849,1,0.571751,0.36288,0,39.7348,5.69468,33.8313,0.84672,12.849,0.84672,3695.15,0,0.0036966,1.95924e-05,0.930951,1.85927,5.57506,1.53331,6.83195,0.42336,0.0018483,0.21168,0.0018483,0.21168,460.486,0,1.02816,0,0,1.95911,0.930951,1.028160,1,0,40.6632,0,0,0,40.6632,0
62.2202,2.87244,0,0,1.86933,0.0772943,0.36288,3.6288,60.3436,0.644357,0,0,0.660005,0.311638,0,0.66528,12.849,1,0.579735,0.36288,0,29.9867,5.56347,24.2064,0.84672,12.849,0.84672,3695.15,0,0.0036966,1.96401e-05,0.348037,1.9388,3.42452,1.49874,4.2126,0.42336,0.0018483,0.21168,0.0018483,0.21168,460.486,0,1.02816,0,0,1.3762,0.348037,1.028160,1,0,28.4189,0,0,0,28.4189,0
60.9925,2.86182,0,0,2.07558,0.0785748,0.36288,3.6288,60.1881,0.644664,0,0,0.802077,0.31289,0,0.66528,12.849,1,0.590989,0.36288,0,36.2305,5.53739,30.465,0.84672,12.849,0.84672,3695.15,0,0.0036966,1.97458e-05,0.606848,1.93915,3.57192,1.48998,4.62792,0.42336,0.0018483,0.21168,0.0018483,0.21168,460.486,0,1.02816,0,0,1.63501,0.606848,1.028160,1,0,35.0929,0,0,0,35.0929,0
59.3391,2.85251,0,0,1.63979,0.0777823,0.36288,3.6288,59.7548,0.706219,0,0,0.585491,0.31258,0,0.66528,12.849,1,0.600925,0.36288,0,37.3886,5.53739,31.6132,0.84672,12.849,0.84672,3695.15,0,0.0036966,2.16871e-05,0.204422,1.93951,2.83027,1.48998,3.48419,0.42336,0.0018483,0.21168,0.0018483,0.21168,460.486,0,0.966911,0,0,1.17133,0.204422,1.028160,1,0,35.0974,0,0,0,35.0974,0
58.0913,2.83927,0,0,2.03088,0.0766258,0.36288,3.6288,59.7719,0.645279,0,0,0.974054,0.311718,0,0.66528,12.849,1,0.614801,0.36288,0,33.1349,5.53739,27.3456,0.84672,12.849,0.84672,3695.15,0,0.0036966,1.99594e-05,1.06104,1.93987,4.25308,1.48998,5.76398,0.42336,0.0018483,0.21168,0.0018483,0.21168,460.486,0,1.02816,0,0,2.0892,1.06104,1.028160,1,0,33.1096,0,0,0,33.1096,0
56.8028,2.83997,0,0,1.9528,0.0384119,0.36288,3.6288,59.556,0.621586,0,0,0.733605,0.327907,0,0.66528,12.849,1,0.628164,0.36288,0,37.6132,5.94882,31.3991,0.84672,12.849,0.84672,3695.15,0,0.0036966,1.9221e-05,0.223024,1.94022,3.93779,1.46927,4.63176,0.42336,0.0018483,0.21168,0.0018483,0.21168,460.486,0,1.02816,0,0,1.25118,0.223024,1.028160,1,0,36.0309,0,0,0,36.0309,0
55.6288,2.82887,0,0,2.09085,0.0730363,0.36288,3.6288,59.2102,0.803004,0,0,0.757313,0.300106,0,0.66528,12.849,1,0.639901,0.36288,0,38.8582,5.30876,33.2725,0.84672,12.849,0.84672,3695.15,0,0.0036966,2.4921e-05,0.204422,1.92455,3.76381,1.25573,4.63703,0.42336,0.0018483,0.21168,0.0018483,0.21168,460.486,0,0.84704,0,0,1.05146,0.204422,1.028160,1,0,37.9095,0,0,0,37.9095,0
54.6672,2.81842,0,0,2.35583,0.136202,0.36288,3.6288,59.3818,0.622192,0,0,1.06079,0.266949,0,0.66528,12.849,1,0.650991,0.36288,0,37.4697,4.45232,32.7293,0.84672,12.849,0.84672,3695.15,0,0.0036966,1.94223e-05,0.342343,1.92491,5.02635,1.06871,6.22488,0.42336,0.0018483,0.21168,0.0018483,0.21168,460.486,0,1.02816,0,0,1.3705,0.342343,1.028160,1,0,38.9541,0,0,0,38.9541,0
53.567,2.80966,0,0,2.20997,0.137547,0.36288,3.6288,59.5688,0.622496,0,0,1.07771,0.268237,0,0.66528,12.849,1,0.660384,0.36288,0,46.1193,4.46859,41.3532,0.84672,12.849,0.84672,3695.15,0,0.0036966,1.93756e-05,0.301579,1.92526,5.08568,1.07803,6.23447,0.42336,0.0018483,0.21168,0.0018483,0.21168,460.486,0,1.02816,0,0,1.32974,0.301579,1.028160,1,0,47.5877,0,0,0,47.5877,0
52.6525,2.72693,0,0,2.31583,0.140549,0.36288,3.6288,59.8807,0.54684,0,0,1.12413,0.265454,0,0.66528,12.849,1,0.654101,0.36288,0,63.3912,4.3904,58.7095,0.84672,12.849,0.84672,3695.15,0,0.0036966,1.69673e-05,0.40354,1.92562,5.33257,1.05563,6.60609,0.42336,0.0018483,0.21168,0.0018483,0.21168,460.486,0,1.02816,0,0,1.4317,0.40354,1.028160,1,0,65.3156,0,0,0,65.3156,0
51.6954,2.71829,0,0,2.29018,0.166146,0.36288,3.6288,60.0646,0.54713,0,0,0.978402,0.247321,0,0.66528,12.849,1,0.663355,0.36288,0,101.804,3.92122,97.5825,0.84672,12.849,0.84672,3695.15,0,0.0036966,1.68879e-05,0.650869,1.85048,5.96919,0.921204,7.54932,0.42336,0.0018483,0.21168,0.0018483,0.21168,460.486,0,1.02816,0,0,1.67903,0.650869,1.028160,1,0,105.132,0,0,0,105.132,0
51.3738,2.70895,0,0,2.91478,0.16451,0.36288,3.6288,60.4017,0.547419,0,0,1.13213,0.247611,0,0.66528,12.849,1,0.673315,0.36288,0,88.1369,3.92122,83.9052,0.84672,12.849,0.84672,3695.15,0,0.0036966,1.68451e-05,0.95161,1.85082,7.40724,0.921204,9.28844,0.42336,0.0018483,0.21168,0.0018483,0.21168,460.486,0,1.02816,0,0,1.97977,0.95161,1.028160,1,0,93.1937,0,0,0,93.1937,0
51.5195,2.70608,0,0,3.37857,0.163961,0.36288,3.6288,60.7658,0.547708,0,0,1.15991,0.248143,0,0.66528,12.849,1,0.676811,0.36288,0,48.814,3.92122,44.5789,0.84672,12.849,0.84672,3695.15,0,0.0036966,1.67599e-05,0.959213,1.85116,7.56694,0.921204,9.45609,0.42336,0.0018483,0.21168,0.0018483,0.21168,460.486,0,1.02816,0,0,1.98737,0.959213,1.028160,1,0,54.0349,0,0,0,54.0349,0
51.2157,2.50415,0,0,2.76978,0.206526,0.36288,3.6288,61.0669,0.389681,0,0,0.933388,0.242612,0,0.66528,12.849,1,0.624538,0.36288,0,74.4103,4.00392,70.1447,0.84672,12.849,0.84672,3695.15,0,0.0036966,1.18529e-05,0.393604,1.8515,4.61023,1.0071,5.84821,0.42336,0.0018483,0.21168,0.0018483,0.21168,460.486,0,1.02816,0,0,1.42176,0.393604,1.028160,1,0,75.9929,0,0,0,75.9929,0
49.7959,2.50165,0,0,1.67063,0.22592,0.36288,3.6288,61.2066,0.389942,0,0,0.697791,0.168123,0,0.66528,12.849,1,0.627615,0.36288,0,59.3938,3.98367,55.1454,0.84672,12.849,0.84672,3695.15,0,0.0036966,1.18023e-05,0.345237,1.68177,3.77669,0.905923,4.89776,0.42336,0.0018483,0.21168,0.0018483,0.21168,460.486,0,1.02816,0,0,1.3734,0.345237,1.028160,1,0,60.0431,0,0,0,60.0431,0
48.215,2.48788,0,0,1.49674,0.226902,0.36288,3.6288,61.308,0.400121,0,0,0.683061,0.154314,0.0272148,0.66528,12.849,1,0.641957,0.36288,0,70.0872,3.9585,65.8497,0.84672,12.849,0.84672,3695.15,0,0.0036966,1.20827e-05,0.292723,1.68208,3.90945,0.866076,5.01816,0.42336,0.0018483,0.21168,0.0018483,0.21168,460.486,0,1.01824,0,0,1.31096,0.292723,1.028160,1,0,70.8951,0,0,0,70.8951,0
47.2638,2.47171,0,0,2.11591,0.232426,0.36288,3.6288,61.308,0.390463,0,0,0.856134,0.209445,0.256226,0.66528,12.849,1,0.658697,0.36288,0,54.7836,4.80288,49.685,0.84672,12.849,0.84672,3695.15,0,0.0036966,1.17716e-05,0.68739,1.68238,4.22777,1.18114,5.41639,0.42336,0.0018483,0.21168,0.0018483,0.21168,460.486,0,1.02816,0,0,1.71555,0.68739,1.028160,1,0,55.3576,0,0,0,55.3576,0
46.1924,2.46174,0,0,2.01335,0.260201,0.36288,3.6288,61.308,0.390723,0,0,0.88249,0.199077,0.292689,0.66528,12.849,1,0.669242,0.36288,0,95.3269,4.7037,90.3168,0.84672,12.849,0.84672,3695.15,0,0.0036966,1.17794e-05,0.865244,1.68269,6.41898,1.06306,7.90384,0.42336,0.0018483,0.21168,0.0018483,0.21168,460.486,0,1.02816,0,0,1.8934,0.865244,1.028160,1,0,98.5133,0,0,0,98.5133,0
51.4783,2.35927,0,0,8.24055,0.232477,0.36288,3.6288,61.308,0.506177,0,0,2.70504,0.183558,2.0153,0.66528,12.849,1,0.656261,0.36288,0,138.102,4.01313,133.795,0.84672,12.849,0.84672,3695.15,0,0.0036966,1.52601e-05,2.28568,1.683,12.3972,1.02305,15.3428,0.42336,0.0018483,0.21168,0.0018483,0.21168,460.486,0,1.02816,0,0,3.31384,2.28568,1.028160,1,0,151.153,0,0,0,151.153,0
55.5662,2.58455,0,0,7.29846,0.263116,0.36288,3.6288,61.308,0.436861,0,0,2.98798,0.215155,2.33596,0.66528,12.849,1,0.645104,0.36288,0,176.061,4.47174,171.307,0.84672,12.849,0.84672,3695.15,0,0.0036966,1.31704e-05,2.66049,1.75057,12.3407,1.15343,15.5983,0.42336,0.0018483,0.21168,0.0018483,0.21168,460.486,0,1.02816,0,0,3.68865,2.66049,1.028160,1,0,189.241,0,0,0,189.241,0
59.7111,2.62355,0,0,7.40563,0.274315,0.36288,3.6288,61.308,0.437115,0,0,2.42439,0.215155,1.77212,0.66528,12.849,1,0.606664,0.36288,0,152.02,4.47174,147.304,0.84672,12.849,0.84672,3695.15,0,0.0036966,1.3178e-05,2.08641,1.73714,9.03329,1.15343,11.7034,0.42336,0.0018483,0.21168,0.0018483,0.21168,460.486,0,1.02816,0,0,3.11457,2.08641,1.028160,1,0,160.78,0,0,0,160.78,0
63.765,2.65867,0,0,7.36111,0.28567,0.36288,3.6288,61.308,0.437369,0,0,3.0275,0.215155,2.37497,0.66528,12.849,1,0.572109,0.36288,0,189.342,4.47174,184.661,0.84672,12.849,0.84672,3695.15,0,0.0036966,1.31857e-05,2.94805,1.73744,10.9537,1.15343,14.4858,0.42336,0.0018483,0.21168,0.0018483,0.21168,460.486,0,1.02816,0,0,3.97621,2.94805,1.028160,1,0,201.522,0,0,0,201.522,0
65.18,2.68941,0,0,4.78787,0.320581,0.36288,3.6288,61.308,0.437624,0,0,1.82865,0.208015,1.18301,0.66528,12.849,1,0.541932,0.36288,0,106.785,4.5477,102.058,0.84672,12.849,0.84672,3695.15,0,0.0036966,1.31934e-05,1.49182,1.73774,7.00246,1.28588,8.94613,0.42336,0.0018483,0.21168,0.0018483,0.21168,460.486,0,1.02816,0,0,2.51998,1.49182,1.028160,1,0,112.188,0,0,0,112.188,0
69.5208,2.96304,0,0,7.95865,0.291934,0.36288,3.6288,61.308,0.61025,0,0,3.68861,0.245043,2.83331,0.66528,12.849,1,0.584106,0.36288,0,260.432,3.8793,256.332,0.84672,12.849,0.84672,3695.15,0,0.0036966,1.83977e-05,3.52502,1.73804,15.0597,1.11499,19.2077,0.42336,0.0018483,0.21168,0.0018483,0.21168,460.486,0,1.02816,0,0,4.55318,3.52502,1.028160,1,0,278.373,0,0,0,278.373,0
72.29,2.99434,0,0,7.25881,0.304391,1.19086,3.6288,61.308,0.610534,0,0,2.68397,0.234705,1.83873,0.66528,12.849,1,0.553421,1.19086,0,178.114,3.76961,174.981,0.84672,12.849,0.84672,3695.15,0,0.0036966,1.84062e-05,2.46934,1.9306,11.9721,1.05722,15.3148,0.42336,0.0018483,0.21168,0.0018483,0.21168,460.486,0,1.02816,0,0,3.4975,2.46934,1.028160,1,0,192.135,0,0,0,192.135,0
72.29,3.01287,0,0,7.70437,0.310924,4.38058,3.6288,61.308,0.610818,0,0,3.45847,0.234705,2.61295,0.66528,12.849,1,0.535514,4.38058,0,190.109,3.76961,190.185,0.84672,12.849,0.84672,3695.15,0,0.0036966,1.84148e-05,3.12606,1.93093,14.9818,1.05722,18.9816,0.42336,0.0018483,0.21168,0.0018483,0.21168,460.486,0,1.02816,0,0,4.15422,3.12606,1.028160,1,0,211.779,0,0,0,211.779,0
72.29,3.01339,0,0,7.32563,0.308327,4.00392,3.6288,61.308,0.611103,0,0,3.64446,0.240237,2.79312,0.66528,12.849,1,0.535607,4.00392,0,170.606,3.90064,170.174,0.84672,12.849,0.84672,3695.15,0,0.0036966,1.84234e-05,3.66531,1.93127,14.8027,1.09821,19.301,0.42336,0.0018483,0.21168,0.0018483,0.21168,460.486,0,1.02816,0,0,4.69347,3.66531,1.028160,1,0,192.268,0,0,0,192.268,0
72.29,2.63188,0,0,5.74462,0.324421,2.78831,3.6288,61.308,0.379902,0,0,2.22078,0.206189,1.63469,0.66528,12.849,1,0.467797,2.78831,0,138.974,2.81295,138.481,0.84672,12.849,0.84672,3695.15,0,0.0036966,1.14532e-05,1.67734,1.9316,13.2327,0.716885,16.1247,0.42336,0.0018483,0.21168,0.0018483,0.21168,460.486,0,1.02816,0,0,2.7055,1.67734,1.028160,1,0,156.241,0,0,0,156.241,0
72.29,2.63234,0,0,4.92215,0.324421,1.96539,3.6288,61.308,0.380147,0,0,1.7581,0.206189,1.17177,0.66528,12.849,1,0.467878,1.96539,0,133.503,2.81295,132.187,0.84672,12.849,0.84672,3695.15,0,0.0036966,1.14606e-05,1.13905,1.66877,12.4046,0.716885,14.4955,0.42336,0.0018483,0.21168,0.0018483,0.21168,460.486,0,1.02816,0,0,2.16721,1.13905,1.028160,1,0,147.855,0,0,0,147.855,0
72.29,2.63279,0,0,4.88654,0.295127,1.95862,3.6288,61.308,0.380391,0,0,1.89312,0.20644,1.30629,0.66528,12.849,1,0.467959,1.95862,0,151.137,3.00108,149.627,0.84672,12.849,0.84672,3695.15,0,0.0036966,1.14679e-05,1.74487,1.66906,10.8111,0.776038,13.449,0.42336,0.0018483,0.21168,0.0018483,0.21168,460.486,0,1.02816,0,0,2.77303,1.74487,1.028160,1,0,164.382,0,0,0,164.382,0
72.29,2.63325,0,0,5.24514,0.29827,2.31362,3.6288,61.308,0.380635,0,0,2.16094,0.227617,1.55269,0.66528,12.849,1,0.46804,2.31362,0,117.25,4.05057,115.045,0.84672,12.849,0.84672,3695.15,0,0.0036966,1.14753e-05,1.6119,1.66935,11.8708,0.927325,14.2247,0.42336,0.0018483,0.21168,0.0018483,0.21168,460.486,0,1.02816,0,0,2.64006,1.6119,1.028160,1,0,130.822,0,0,0,130.822,0
72.29,2.63371,0,0,7.57749,0.33316,4.61062,3.6288,61.308,0.38088,0,0,3.04303,0.199875,2.46227,0.66528,12.849,1,0.468121,4.61062,0,129.574,3.95529,129.761,0.84672,12.849,0.84672,3695.15,0,0.0036966,1.14827e-05,1.85636,1.66964,12.6585,0.842803,15.3416,0.42336,0.0018483,0.21168,0.0018483,0.21168,460.486,0,1.02816,0,0,2.88452,1.85636,1.028160,1,0,147.565,0,0,0,147.565,0
72.29,2.73041,0,0,6.8694,0.360968,3.77803,3.6288,61.308,0.437803,0,0,1.60144,0.191198,0.97244,0.66528,12.849,1,0.48531,3.77803,0,134.736,3.90138,134.127,0.84672,12.849,0.84672,3695.15,0,0.0036966,1.31988e-05,1.24436,1.66993,10.9783,0.826815,13.0658,0.42336,0.0018483,0.21168,0.0018483,0.21168,460.486,0,1.02816,0,0,2.27252,1.24436,1.028160,1,0,148.165,0,0,0,148.165,0
72.29,2.73088,0,0,6.20113,0.35204,3.1182,3.6288,61.308,0.438057,0,0,1.75449,0.195956,1.12048,0.66528,12.849,1,0.485394,3.1182,0,146.81,3.95955,145.483,0.84672,12.849,0.84672,3695.15,0,0.0036966,1.32065e-05,1.31369,1.73525,11.4877,0.838266,13.6983,0.42336,0.0018483,0.21168,0.0018483,0.21168,460.486,0,1.02816,0,0,2.34185,1.31369,1.028160,1,0,160.302,0,0,0,160.302,0
72.29,2.73136,0,0,5.99172,0.298472,2.96189,3.6288,61.308,0.438312,0,0,1.86199,0.224502,1.19918,0.66528,12.849,1,0.485478,2.96189,0,119.616,4.30857,117.784,0.84672,12.849,0.84672,3695.15,0,0.0036966,1.32141e-05,1.41521,1.73555,11.6926,0.906967,13.9364,0.42336,0.0018483,0.21168,0.0018483,0.21168,460.486,0,1.02816,0,0,2.44337,1.41521,1.028160,1,0,132.92,0,0,0,132.92,0
72.29,2.73183,0,0,4.92124,0.287126,1.90228,3.6288,61.308,0.438566,0,0,1.37057,0.220657,0.711348,0.66528,12.849,1,0.485562,1.90228,0,87.7366,4.30965,84.8437,0.84672,12.849,0.84672,3695.15,0,0.0036966,1.32218e-05,0.949761,1.73585,7.75803,0.913496,9.53013,0.42336,0.0018483,0.21168,0.0018483,0.21168,460.486,0,1.02816,0,0,1.97792,0.949761,1.028160,1,0,95.0852,0,0,0,95.0852,0
72.29,2.69465,0,0,4.51413,0.258762,1.56072,3.6288,61.308,0.416792,0,0,1.42056,0.211047,0.792724,0.66528,12.849,1,0.478953,1.56072,0,76.9392,4.31235,73.7086,0.84672,12.849,0.84672,3695.15,0,0.0036966,1.25653e-05,0.888909,1.73616,6.5618,0.929817,8.25704,0.42336,0.0018483,0.21168,0.0018483,0.21168,460.486,0,1.02816,0,0,1.91707,0.888909,1.028160,1,0,82.7584,0,0,0,82.7584,0
72.29,2.69511,0,0,3.58456,0.258762,0.630687,3.6288,61.308,0.417042,0,0,1.15628,0.211047,0.528193,0.66528,12.849,1,0.479036,0.630687,0,64.7784,4.31235,60.6177,0.84672,12.849,0.84672,3695.15,0,0.0036966,1.25729e-05,0.586284,1.71112,5.42908,0.929817,6.79666,0.42336,0.0018483,0.21168,0.0018483,0.21168,460.486,0,1.02816,0,0,1.61444,0.586284,1.028160,1,0,67.9426,0,0,0,67.9426,0
72.145,2.69558,0,0,3.17226,0.258762,0.36288,3.6288,61.308,0.5613,0,0,1.02359,0.211047,0.251242,0.66528,12.849,1,0.479119,0.36288,0,61.0381,4.31235,56.6095,0.84672,12.849,0.84672,3695.15,0,0.0036966,1.6922e-05,0.402797,1.71142,5.17063,0.929817,6.35501,0.42336,0.0018483,0.21168,0.0018483,0.21168,460.486,0,0.884148,0,0,1.28695,0.402797,1.028160,1,0,63.2157,0,0,0,63.2157,0
72.29,2.69523,0,0,3.74036,0.258477,0.641689,3.6288,61.308,0.513695,0,0,1.15926,0.211047,0.434521,0.66528,12.849,1,0.48002,0.641689,0,68.9887,4.31235,64.838,0.84672,12.849,0.84672,3695.15,0,0.0036966,1.54868e-05,0.402797,1.71172,6.0695,0.929817,7.25418,0.42336,0.0018483,0.21168,0.0018483,0.21168,460.486,0,0.932005,0,0,1.3348,0.402797,1.028160,1,0,72.5267,0,0,0,72.5267,0
72.29,2.82443,0,0,3.39604,0.194145,0.377462,3.6288,61.308,0.740223,0,0,0.984787,0.210559,0.0340055,0.66528,12.849,1,0.502021,0.377462,0,55.966,4.48611,51.3554,0.84672,12.849,0.84672,3695.15,0,0.0036966,2.23161e-05,0.402797,1.71202,4.16179,0.966676,5.30991,0.42336,0.0018483,0.21168,0.0018483,0.21168,460.486,0,0.783899,0,0,1.1867,0.402797,1.028160,1,0,56.6993,0,0,0,56.6993,0
71.9389,2.82492,0,0,3.03541,0.198683,0.36288,3.6288,61.2407,0.73075,0,0,0.866903,0.20341,0,0.66528,12.849,1,0.502108,0.36288,0,53.1672,4.42313,48.6048,0.84672,12.849,0.84672,3695.15,0,0.0036966,2.20305e-05,0.402797,1.80094,4.09323,0.952858,5.3441,0.42336,0.0018483,0.21168,0.0018483,0.21168,460.486,0,0.793636,0,0,1.19643,0.402797,1.028160,1,0,53.9489,0,0,0,53.9489,0
71.3537,2.82333,0,0,2.78961,0.188678,0.36288,3.6288,61.2309,0.640401,0,0,0.843782,0.213197,0,0.66528,12.849,1,0.504275,0.36288,0,48.7147,4.61876,43.9545,0.84672,12.849,0.84672,3695.15,0,0.0036966,1.93279e-05,0.30119,1.80126,3.97784,1.00624,5.07402,0.42336,0.0018483,0.21168,0.0018483,0.21168,460.486,0,0.884252,0,0,1.18544,0.30119,1.028160,1,0,49.0285,0,0,0,49.0285,0
70.6558,2.82031,0,0,2.64956,0.164256,0.36288,3.6288,60.9743,0.772179,0,0,0.753391,0.237867,0,0.66528,12.849,1,0.507868,0.36288,0,48.187,5.10783,42.9342,0.84672,12.849,0.84672,3695.15,0,0.0036966,2.33088e-05,0.30119,1.80157,3.75378,1.13971,4.71681,0.42336,0.0018483,0.21168,0.0018483,0.21168,460.486,0,0.752734,0,0,1.05392,0.30119,1.028160,1,0,47.651,0,0,0,47.651,0
69.5616,2.81656,0,0,2.22236,0.137097,0.36288,3.6288,60.6154,0.755285,0,0,0.664883,0.268455,0,0.66528,12.849,1,0.512201,0.36288,0,38.4802,5.31039,33.0205,0.84672,12.849,0.84672,3695.15,0,0.0036966,2.28948e-05,0.30119,1.80188,3.12644,1.2444,3.9851,0.42336,0.0018483,0.21168,0.0018483,0.21168,460.486,0,0.769893,0,0,1.07108,0.30119,1.028160,1,0,37.0056,0,0,0,37.0056,0
68.3149,2.78507,0,0,2.0177,0.116397,0.36288,3.6288,60.1211,0.814916,0,0,0.611589,0.291023,0,0.66528,12.849,1,0.514442,0.36288,0,33.0111,5.46231,27.3972,0.84672,12.849,0.84672,3695.15,0,0.0036966,2.48486e-05,0.30119,1.80219,2.86372,1.32292,3.64416,0.42336,0.0018483,0.21168,0.0018483,0.21168,460.486,0,0.753529,0,0,1.05472,0.30119,1.028160,1,0,31.0414,0,0,0,31.0414,0
66.9244,2.77765,0,0,1.86523,0.115273,0.36288,3.6288,59.6291,0.793104,0,0,0.59126,0.29011,0,0.66528,12.849,1,0.522434,0.36288,0,32.8117,5.46231,27.1898,0.84672,12.849,0.84672,3695.15,0,0.0036966,2.43824e-05,0.261274,1.83014,2.9038,1.32292,3.67228,0.42336,0.0018483,0.21168,0.0018483,0.21168,460.486,0,0.775613,0,0,1.03689,0.261274,1.028160,1,0,30.8621,0,0,0,30.8621,0
65.3718,2.76902,0,0,1.69332,0.114019,0.36288,3.6288,59.0034,0.8951,0,0,0.55856,0.289201,0,0.66528,12.849,1,0.531633,0.36288,0,31.8365,5.46231,26.2054,0.84672,12.849,0.84672,3695.15,0,0.0036966,2.77451e-05,0.261274,1.83046,2.72954,1.32292,3.49833,0.42336,0.0018483,0.21168,0.0018483,0.21168,460.486,0,0.673885,0,0,0.935159,0.261274,1.028160,1,0,29.7038,0,0,0,29.7038,0
63.6699,2.75895,0,0,1.52435,0.104363,0.36288,3.6288,58.2252,0.987912,0,0,0.513101,0.303357,0,0.66528,12.849,1,0.542279,0.36288,0,27.1251,5.65622,21.2895,0.84672,12.849,0.84672,3695.15,0,0.0036966,3.09467e-05,0.261274,1.83078,2.52655,1.38902,3.22955,0.42336,0.0018483,0.21168,0.0018483,0.21168,460.486,0,0.581342,0,0,0.842616,0.261274,1.028160,1,0,24.519,0,0,0,24.519,0
61.9218,2.81148,0,0,1.51147,0.0852225,0.36288,3.6288,57.3584,1.09076,0,0,0.541938,0.317974,0,0.66528,12.849,1,0.567375,0.36288,0,29.6286,5.8316,23.5925,0.84672,12.849,0.84672,3695.15,0,0.0036966,3.46252e-05,0.261274,1.83109,2.12925,1.42499,2.79659,0.42336,0.0018483,0.21168,0.0018483,0.21168,460.486,0,0.517113,0,0,0.778386,0.261274,1.028160,1,0,26.3891,0,0,0,26.3891,0
60.052,2.7987,0,0,1.37578,0.084013,0.36288,3.6288,56.415,1.07424,0,0,0.446986,0.316197,0,0.66528,12.849,1,0.58074,0.36288,0,23.8643,5.8316,17.8148,0.84672,12.849,0.84672,3695.15,0,0.0036966,3.46159e-05,0.261274,1.87548,1.97853,1.42499,2.69026,0.42336,0.0018483,0.21168,0.0018483,0.21168,460.486,0,0.533917,0,0,0.795191,0.261274,1.028160,1,0,20.5051,0,0,0,20.5051,0
58.0734,2.78428,0,0,1.25126,0.0826939,0.36288,3.6288,55.3524,1.16458,0,0,0.416274,0.314263,0,0.66528,12.849,1,0.595738,0.36288,0,22.2468,5.8316,16.1823,0.84672,12.849,0.84672,3695.15,0,0.0036966,3.81545e-05,0.227405,1.87581,1.76328,1.42499,2.44146,0.42336,0.0018483,0.21168,0.0018483,0.21168,460.486,0,0.443854,0,0,0.671259,0.227405,1.028160,1,0,18.6238,0,0,0,18.6238,0
56.2305,2.76814,0,0,1.36261,0.0744862,0.36288,3.6288,54.5432,0.990194,0,0,0.491355,0.310352,0,0.66528,12.849,1,0.612464,0.36288,0,22.3521,5.93973,16.1628,0.84672,12.849,0.84672,3695.15,0,0.0036966,3.30641e-05,0.227405,1.87613,2.49316,1.4509,3.14576,0.42336,0.0018483,0.21168,0.0018483,0.21168,460.486,0,0.618519,0,0,0.845924,0.227405,1.028160,1,0,19.3086,0,0,0,19.3086,0
54.1536,2.83548,0,0,1.20266,0.0811943,0.36288,3.6288,53.6284,1.06707,0,0,0.45086,0.298589,0,0.66528,12.849,1,0.647925,0.36288,0,20.8713,5.82002,14.7662,0.84672,12.849,0.84672,3695.15,0,0.0036966,3.61597e-05,0.227405,1.87646,2.20584,1.35715,2.95251,0.42336,0.0018483,0.21168,0.0018483,0.21168,460.486,0,0.620568,0,0,0.847973,0.227405,1.028160,1,0,17.7188,0,0,0,17.7188,0
51.9144,2.81588,0,0,1.02581,0.0862656,0.36288,3.6288,52.5856,1.14734,0,0,0.408231,0.303695,0,0.66528,12.849,1,0.668124,0.36288,0,20.42,5.72198,14.3928,0.84672,12.849,0.84672,3695.15,0,0.0036966,3.9543e-05,0.227405,1.9567,2.04122,1.2993,2.92598,0.42336,0.0018483,0.21168,0.0018483,0.21168,460.486,0,0.540588,0,0,0.767992,0.227405,1.028160,1,0,17.3188,0,0,0,17.3188,0
49.8433,2.79326,0,0,1.16939,0.0843089,0.36288,3.6288,51.6429,1.0605,0,0,0.418948,0.301174,0,0.66528,12.849,1,0.691343,0.36288,0,20.6865,5.72198,14.6361,0.84672,12.849,0.84672,3695.15,0,0.0036966,3.72748e-05,0.204422,1.95704,2.88211,1.2993,3.74424,0.42336,0.0018483,0.21168,0.0018483,0.21168,460.486,0,0.627722,0,0,0.832144,0.204422,1.028160,1,0,18.3803,0,0,0,18.3803,0
47.7846,2.7709,0,0,1.15754,0.0824991,0.36288,3.6288,50.6847,1.08558,0,0,0.426301,0.298896,0,0.66528,12.849,1,0.714305,0.36288,0,19.1384,5.72198,13.065,0.84672,12.849,0.84672,3695.15,0,0.0036966,3.88529e-05,0.204422,1.95738,2.28845,1.2993,3.15091,0.42336,0.0018483,0.21168,0.0018483,0.21168,460.486,0,0.602934,0,0,0.807356,0.204422,1.028160,1,0,16.2159,0,0,0,16.2159,0
45.57,2.74712,0,0,0.998421,0.102955,0.36288,3.6288,49.6262,1.10209,0,0,0.337123,0.293588,0,0.66528,12.849,1,0.738686,0.36288,0,15.1803,5.3234,9.48111,0.84672,12.849,0.84672,3695.15,0,0.0036966,4.01894e-05,0.204422,1.95772,1.67319,1.25462,2.58067,0.42336,0.0018483,0.21168,0.0018483,0.21168,460.486,0,0.586716,0,0,0.791139,0.204422,1.028160,1,0,12.0618,0,0,0,12.0618,0
43.6602,2.73016,0,0,1.30915,0.125906,0.36288,3.6288,48.697,0.975933,0,0,0.33582,0.289088,0,0.66528,12.849,1,0.769801,0.36288,0,10.2947,4.77813,5.10968,0.84672,12.849,0.84672,3695.15,0,0.0036966,3.63481e-05,0.204422,1.95806,1.74908,1.22692,2.68461,0.42336,0.0018483,0.21168,0.0018483,0.21168,460.486,0,0.688945,0,0,0.893367,0.204422,1.028160,1,0,7.79429,0,0,0,7.79429,0
41.739,2.70461,0,0,1.26949,0.123211,0.36288,3.6288,47.7508,0.993569,0,0,0.334285,0.28688,0,0.66528,12.849,1,0.795955,0.36288,0,14.2079,4.77813,8.99667,0.84672,12.849,0.84672,3695.15,0,0.0036966,3.77111e-05,0.216518,1.94223,1.75371,1.22692,2.6855,0.42336,0.0018483,0.21168,0.0018483,0.21168,460.486,0,0.671596,0,0,0.888114,0.216518,1.028160,1,0,11.6822,0,0,0,11.6822,0
40.003,2.67706,0,0,1.42442,0.1205,0.36288,3.6288,47.1522,0.789926,0,0,0.475917,0.284631,0,0.66528,12.849,1,0.82411,0.36288,0,33.3261,4.77813,28.0868,0.84672,12.849,0.84672,3695.15,0,0.0036966,3.05758e-05,0.216518,1.94256,2.42732,1.22692,3.35945,0.42336,0.0018483,0.21168,0.0018483,0.21168,460.486,0,0.875534,0,0,1.09205,0.216518,1.028160,1,0,31.4462,0,0,0,31.4462,0
38.2691,2.65505,0,0,1.45047,0.166434,0.36288,3.6288,46.0976,1.14456,0,0,0.385927,0.295962,0,0.66528,12.849,1,0.84672,0.36288,0,37.1771,5.42115,31.2722,0.84672,12.849,0.84672,3695.15,0,0.0036966,4.48651e-05,0.216518,1.9429,2.26159,1.35043,3.07053,0.42336,0.0018483,0.21168,0.0018483,0.21168,460.486,0,0.521178,0,0,0.737696,0.216518,1.028160,1,0,34.3427,0,0,0,34.3427,0
36.3522,2.56518,0,0,1.21659,0.205481,0.36288,3.6288,45.7138,0.644824,0,0,0.463122,0.202008,0,0.66528,12.849,1,0.84672,0.36288,0,32.229,3.84542,27.8998,0.84672,12.849,0.84672,3695.15,0,0.0036966,2.58545e-05,0.216518,1.94324,2.51173,0.907728,3.76374,0.42336,0.0018483,0.21168,0.0018483,0.21168,460.486,0,0.944563,0,0,1.16108,0.216518,1.028160,1,0,31.6635,0,0,0,31.6635,0
35.6123,2.56576,0,0,2.38964,0.200885,0.36288,3.6288,45.7578,0.561505,0,0,0.806794,0.20129,0,0.66528,12.849,1,0.84672,0.36288,0,47.1824,3.84542,42.8531,0.84672,12.849,0.84672,3695.15,0,0.0036966,2.27027e-05,0.392593,1.86739,4.30472,0.907728,5.65695,0.42336,0.0018483,0.21168,0.0018483,0.21168,460.486,0,1.02816,0,0,1.42075,0.392593,1.028160,1,0,48.51,0,0,0,48.51,0
35.2922,2.56635,0,0,2.80826,0.199111,0.36288,3.6288,46.3265,0.56178,0,0,1.33177,0.201372,0,0.66528,12.849,1,0.84672,0.36288,0,51.0785,3.84542,46.7492,0.84672,12.849,0.84672,3695.15,0,0.0036966,2.2692e-05,1.62609,1.86772,5.23166,0.907728,7.81772,0.42336,0.0018483,0.21168,0.0018483,0.21168,460.486,0,1.02816,0,0,2.65425,1.62609,1.028160,1,0,54.5669,0,0,0,54.5669,0
34.1746,2.56694,0,0,2.02535,0.213118,0.36288,3.6288,46.4384,0.562056,0,0,0.882631,0.208614,0,0.66528,12.849,1,0.84672,0.36288,0,45.6802,3.96139,41.235,0.84672,12.849,0.84672,3695.15,0,0.0036966,2.24245e-05,0.824095,1.86804,5.3229,0.934805,7.0802,0.42336,0.0018483,0.21168,0.0018483,0.21168,460.486,0,1.02816,0,0,1.85226,0.824095,1.028160,1,0,48.3152,0,0,0,48.3152,0
34.2655,2.3104,0,0,2.98497,0.220761,0.36288,3.6288,46.5079,0.402576,0,0,0.676801,0.204704,0,0.66528,12.849,1,0.84672,0.36288,0,58.9994,3.75139,54.7641,0.84672,12.849,0.84672,3695.15,0,0.0036966,1.6023e-05,0.918346,1.86836,6.52115,0.93954,8.3683,0.42336,0.0018483,0.21168,0.0018483,0.21168,460.486,0,1.02816,0,0,1.94651,0.918346,1.028160,1,0,63.1324,0,0,0,63.1324,0
34.1308,2.22117,0,0,2.6599,0.210629,0.36288,3.6288,46.4766,0.50642,0,0,0.672077,0.196995,0,0.66528,12.849,1,0.832901,0.36288,0,61.5151,3.55141,57.4936,0.84672,12.849,0.84672,3695.15,0,0.0036966,2.01259e-05,1.13208,1.69707,4.58676,0.914358,6.50153,0.42336,0.0018483,0.21168,0.0018483,0.21168,460.486,0,1.02816,0,0,2.16024,1.13208,1.028160,1,0,63.9952,0,0,0,63.9952,0
34.048,2.21936,0,0,2.7098,0.210281,0.36288,3.6288,46.7161,0.50642,0,0,0.942883,0.196938,0,0.66528,12.849,1,0.835508,0.36288,0,70.8342,3.55141,66.8101,0.84672,12.849,0.84672,3695.15,0,0.0036966,2.01395e-05,1.83274,1.75799,5.79651,0.914358,8.47286,0.42336,0.0018483,0.21168,0.0018483,0.21168,460.486,0,1.02816,0,0,2.8609,1.83274,1.028160,1,0,75.283,0,0,0,75.283,0
34.5931,2.21846,0,0,3.34243,0.216064,0.36288,3.6288,47.1164,0.50642,0,0,1.09949,0.192777,0,0.66528,12.849,1,0.837199,0.36288,0,77.5812,3.63112,73.4757,0.84672,12.849,0.84672,3695.15,0,0.0036966,2.00362e-05,1.83131,1.75814,6.11226,0.934568,8.76711,0.42336,0.0018483,0.21168,0.0018483,0.21168,460.486,0,1.02816,0,0,2.85947,1.83131,1.028160,1,0,82.2428,0,0,0,82.2428,0
38.878,2.22866,0,0,7.09975,0.223269,0.36288,3.6288,48.1189,0.50642,0,0,1.70935,0.200508,0,0.66528,12.849,1,0.827797,0.36288,0,113.441,4.3565,108.62,0.84672,12.849,0.84672,3695.15,0,0.0036966,1.9866e-05,2.79717,1.75828,11.0821,1.20979,14.4277,0.42336,0.0018483,0.21168,0.0018483,0.21168,460.486,0,1.02816,0,0,3.82533,2.79717,1.028160,1,0,123.048,0,0,0,123.048,0
42.8685,2.37222,0,0,6.94346,0.217865,0.36288,3.6288,48.642,0.552712,0,0,1.29241,0.216588,0,0.66528,12.849,1,0.784009,0.36288,0,81.7862,3.95462,77.4105,0.84672,12.849,0.84672,3695.15,0,0.0036966,2.12303e-05,1.97275,1.75843,9.30191,1.33677,11.6963,0.42336,0.0018483,0.21168,0.0018483,0.21168,460.486,0,1.02816,0,0,3.00091,1.97275,1.028160,1,0,89.1068,0,0,0,89.1068,0
44.932,2.4646,0,0,5.1193,0.228288,0.36288,3.6288,48.9391,0.506414,0,0,1.02108,0.217531,0,0.66528,12.849,1,0.738715,0.36288,0,73.2231,3.95462,68.8927,0.84672,12.849,0.84672,3695.15,0,0.0036966,1.92427e-05,1.48011,1.8129,9.61338,1.33677,11.5696,0.42336,0.0018483,0.21168,0.0018483,0.21168,460.486,0,1.02816,0,0,2.50827,1.48011,1.028160,1,0,80.4623,0,0,0,80.4623,0
46.9091,2.49158,0,0,5.03804,0.206467,0.36288,3.6288,49.0832,0.506414,0,0,0.875439,0.224949,0,0.66528,12.849,1,0.712506,0.36288,0,77.4507,3.81694,73.2841,0.84672,12.849,0.84672,3695.15,0,0.0036966,1.91259e-05,1.12612,1.78595,8.73729,1.20897,10.4404,0.42336,0.0018483,0.21168,0.0018483,0.21168,460.486,0,1.02816,0,0,2.15428,1.12612,1.028160,1,0,83.7245,0,0,0,83.7245,0
47.7396,2.5594,0,0,3.98527,0.232487,0.36288,3.6288,49.4735,0.450831,0,0,1.05679,0.215597,0,0.66528,12.849,1,0.701051,0.36288,0,86.5089,3.42983,82.7409,0.84672,12.849,0.84672,3695.15,0,0.0036966,1.69767e-05,1.42938,1.78609,7.76434,0.959379,10.0204,0.42336,0.0018483,0.21168,0.0018483,0.21168,460.486,0,1.02816,0,0,2.45754,1.42938,1.028160,1,0,92.7613,0,0,0,92.7613,0
49.1361,2.82004,0,0,4.82899,0.249562,0.36288,3.6288,49.6688,0.624994,0,0,0.995864,0.175643,0,0.66528,12.849,1,0.759007,0.36288,0,96.5814,3.58957,92.5957,0.84672,12.849,0.84672,3695.15,0,0.0036966,2.33494e-05,1.54119,1.75371,6.47095,0.905978,8.85984,0.42336,0.0018483,0.21168,0.0018483,0.21168,460.486,0,1.02816,0,0,2.56935,1.54119,1.028160,1,0,101.456,0,0,0,101.456,0
51.6664,2.83761,0,0,5.98666,0.255905,0.36288,3.6288,49.8022,0.625264,0,0,0.927815,0.169139,0,0.66528,12.849,1,0.742028,0.36288,0,79.8569,3.6162,75.8616,0.84672,12.849,0.84672,3695.15,0,0.0036966,2.32676e-05,1.55614,1.94798,6.03672,0.897077,8.64374,0.42336,0.0018483,0.21168,0.0018483,0.21168,460.486,0,1.02816,0,0,2.5843,1.55614,1.028160,1,0,84.5053,0,0,0,84.5053,0
56.7997,2.86718,0,0,8.61123,0.247896,0.36288,3.6288,50.2651,0.625533,0,0,1.2788,0.190396,0,0.66528,12.849,1,0.713043,0.36288,0,163.048,3.47304,159.225,0.84672,12.849,0.84672,3695.15,0,0.0036966,2.32153e-05,2.63616,1.9483,9.24074,0.92136,12.9038,0.42336,0.0018483,0.21168,0.0018483,0.21168,460.486,0,1.02816,0,0,3.66432,2.63616,1.028160,1,0,172.129,0,0,0,172.129,0
59.2882,2.92022,0,0,6.0423,0.270662,0.36288,3.6288,50.4422,0.625803,0,0,1.02743,0.224472,0,0.66528,12.849,1,0.6606,0.36288,0,123.328,3.20045,119.83,0.84672,12.849,0.84672,3695.15,0,0.0036966,2.30115e-05,1.80836,1.94861,7.11988,1.04793,9.8289,0.42336,0.0018483,0.21168,0.0018483,0.21168,460.486,0,1.02816,0,0,2.83652,1.80836,1.028160,1,0,129.659,0,0,0,129.659,0
63.249,2.57038,0,0,7.19116,0.297141,0.36288,3.6288,52.6693,0.392516,0,0,2.85365,0.234067,0,0.66528,12.849,1,0.557055,0.36288,0,184.2,4.18607,179.82,0.84672,12.849,0.84672,3695.15,0,0.0036966,1.43825e-05,3.82015,1.94893,13.397,1.01495,18.1511,0.42336,0.0018483,0.21168,0.0018483,0.21168,460.486,0,1.02816,0,0,4.84831,3.82015,1.028160,1,0,197.971,0,0,0,197.971,0
66.6257,2.5998,0,0,6.66386,0.324461,0.36288,3.6288,54.6012,0.392748,0,0,2.5363,0.211597,0,0.66528,12.849,1,0.528149,0.36288,0,189.505,3.88532,185.454,0.84672,12.849,0.84672,3695.15,0,0.0036966,1.37825e-05,3.13426,1.68372,12.96,0.91001,16.868,0.42336,0.0018483,0.21168,0.0018483,0.21168,460.486,0,1.02816,0,0,4.16242,3.13426,1.028160,1,0,202.322,0,0,0,202.322,0
71.2509,2.62267,0,0,7.94413,0.333386,0.36288,3.6288,57.4058,0.39298,0,0,3.41217,0.21466,0,0.66528,12.849,1,0.505792,0.36288,0,211.963,3.88532,207.935,0.84672,12.849,0.84672,3695.15,0,0.0036966,1.33027e-05,3.46842,1.684,16.3195,0.91001,20.5619,0.42336,0.0018483,0.21168,0.0018483,0.21168,460.486,0,1.02816,0,0,4.49658,3.46842,1.028160,1,0,228.497,0,0,0,228.497,0
72.29,2.65092,0,0,9.21689,0.334373,5.19249,3.6288,60.9433,0.393212,0,0,4.14348,0.212766,0,0.66528,12.849,1,0.478053,5.19249,0,257.383,3.79812,258.299,0.84672,12.849,0.84672,3695.15,0,0.0036966,1.26603e-05,5.56385,1.68427,19.5978,0.897485,25.9484,0.42336,0.0018483,0.21168,0.0018483,0.21168,460.486,0,1.02816,0,0,6.59201,5.56385,1.028160,1,0,284.248,0,0,0,284.248,0
72.29,2.65719,0,0,5.74633,0.294267,2.79487,3.6288,61.308,0.393445,0,0,2.3912,0.17568,1.45733,0.66528,12.849,1,0.472296,2.79487,0,173.849,3.20345,172.968,0.84672,12.849,0.84672,3695.15,0,0.0036966,1.19325e-05,2.9185,1.68455,12.1424,0.725405,16.02,0.42336,0.0018483,0.21168,0.0018483,0.21168,460.486,0,1.02816,0,0,3.94666,2.9185,1.028160,1,0,190.445,0,0,0,190.445,0
72.29,2.75473,0,0,5.97884,0.327545,2.89656,3.6288,61.308,0.450861,0,0,2.75803,0.16916,2.13801,0.66528,12.849,1,0.489633,2.89656,0,179.182,3.35457,178.234,0.84672,12.849,0.84672,3695.15,0,0.0036966,1.35924e-05,3.29587,1.68482,14.6369,0.679301,18.9382,0.42336,0.0018483,0.21168,0.0018483,0.21168,460.486,0,1.02816,0,0,4.32403,3.29587,1.028160,1,0,199.31,0,0,0,199.31,0
72.29,2.75518,0,0,6.71381,0.29973,3.6589,3.6288,61.308,0.451102,0,0,3.06735,0.178957,2.43729,0.66528,12.849,1,0.489712,3.6589,0,154.529,4.00179,153.696,0.84672,12.849,0.84672,3695.15,0,0.0036966,1.35997e-05,3.4651,1.75071,12.6523,0.813343,17.0548,0.42336,0.0018483,0.21168,0.0018483,0.21168,460.486,0,1.02816,0,0,4.49326,3.4651,1.028160,1,0,173.188,0,0,0,173.188,0
72.29,2.75563,0,0,4.71117,0.287892,1.66765,3.6288,61.308,0.451343,0,0,2.20786,0.176298,1.58022,0.66528,12.849,1,0.489792,1.66765,0,126.344,4.12083,123.401,0.84672,12.849,0.84672,3695.15,0,0.0036966,1.3607e-05,2.80594,1.75099,9.5898,0.836461,13.3103,0.42336,0.0018483,0.21168,0.0018483,0.21168,460.486,0,1.02816,0,0,3.8341,2.80594,1.028160,1,0,138.291,0,0,0,138.291,0
72.29,2.75608,0,0,4.15531,0.283352,1.11588,3.6288,61.308,0.451584,0,0,2.18492,0.179453,1.55388,0.66528,12.849,1,0.489872,1.11588,0,109.431,4.12206,105.935,0.84672,12.849,0.84672,3695.15,0,0.0036966,1.36143e-05,2.50641,1.75128,9.16056,0.852483,12.5658,0.42336,0.0018483,0.21168,0.0018483,0.21168,460.486,0,1.02816,0,0,3.53457,2.50641,1.028160,1,0,120.054,0,0,0,120.054,0
72.29,2.71854,0,0,3.81347,0.256108,0.838828,3.6288,61.308,0.429601,0,0,1.23325,0.198386,0.605261,0.66528,12.849,1,0.483199,0.838828,0,97.3287,4.12944,93.5549,0.84672,12.849,0.84672,3695.15,0,0.0036966,1.29515e-05,1.81819,1.75157,7.96029,0.948619,10.5814,0.42336,0.0018483,0.21168,0.0018483,0.21168,460.486,0,1.02816,0,0,2.84635,1.81819,1.028160,1,0,104.742,0,0,0,104.742,0
72.29,2.71898,0,0,3.57362,0.256108,0.598529,3.6288,61.308,0.429839,0,0,1.14672,0.198386,0.518493,0.66528,12.849,1,0.483278,0.598529,0,87.9345,4.12944,83.9203,0.84672,12.849,0.84672,3695.15,0,0.0036966,1.29587e-05,1.42976,1.72629,7.23626,0.948619,9.44369,0.42336,0.0018483,0.21168,0.0018483,0.21168,460.486,0,1.02816,0,0,2.45792,1.42976,1.028160,1,0,93.8825,0,0,0,93.8825,0
72.2281,2.71942,0,0,3.25306,0.232615,0.36288,3.6288,61.308,0.430076,0,0,1.05565,0.214949,0.410627,0.66528,12.849,1,0.483357,0.36288,0,80.2673,4.40737,75.7395,0.84672,12.849,0.84672,3695.15,0,0.0036966,1.29658e-05,1.32492,1.72658,6.27195,0.978285,8.34514,0.42336,0.0018483,0.21168,0.0018483,0.21168,460.486,0,1.02816,0,0,2.35308,1.32492,1.028160,1,0,84.4952,0,0,0,84.4952,0
72.012,2.71951,0,0,3.09764,0.231404,0.36288,3.6288,61.308,0.430314,0,0,1.03099,0.224635,0.376044,0.66528,12.849,1,0.483787,0.36288,0,69.8268,4.11506,65.5908,0.84672,12.849,0.84672,3695.15,0,0.0036966,1.2973e-05,1.42647,1.72686,6.74879,0.881482,9.02063,0.42336,0.0018483,0.21168,0.0018483,0.21168,460.486,0,1.02816,0,0,2.45463,1.42647,1.028160,1,0,74.9875,0,0,0,74.9875,0
71.5978,2.84769,0,0,2.9793,0.182865,0.36288,3.6288,61.308,0.509416,0,0,0.946564,0.280844,0.156304,0.66528,12.849,1,0.50811,0.36288,0,62.2468,4.9489,57.1527,0.84672,12.849,0.84672,3695.15,0,0.0036966,1.53578e-05,1.18479,1.72714,6.77316,1.18679,8.49827,0.42336,0.0018483,0.21168,0.0018483,0.21168,460.486,0,1.02816,0,0,2.21295,1.18479,1.028160,1,0,65.8072,0,0,0,65.8072,0
70.9367,2.84566,0,0,2.70697,0.159536,0.36288,3.6288,61.308,0.509666,0,0,0.9025,0.276468,0.116365,0.66528,12.849,1,0.510685,0.36288,0,58.7677,4.98966,53.6303,0.84672,12.849,0.84672,3695.15,0,0.0036966,1.53653e-05,0.979906,1.81683,6.09964,1.21044,7.68593,0.42336,0.0018483,0.21168,0.0018483,0.21168,460.486,0,1.02816,0,0,2.00807,0.979906,1.028160,1,0,61.4326,0,0,0,61.4326,0
70.0963,2.8421,0,0,2.50544,0.140937,0.36288,3.6288,61.308,0.509917,0,0,0.834926,0.271634,0.0533753,0.66528,12.849,1,0.514798,0.36288,0,55.9313,5.03013,50.7492,0.84672,12.849,0.84672,3695.15,0,0.0036966,1.53729e-05,0.809879,1.81713,5.65106,1.19603,7.08202,0.42336,0.0018483,0.21168,0.0018483,0.21168,460.486,0,1.02816,0,0,1.83804,0.809879,1.028160,1,0,57.8846,0,0,0,57.8846,0
69.1422,2.83734,0,0,2.38617,0.140029,0.36288,3.6288,61.308,0.510168,0,0,0.84227,0.271634,0.0604686,0.66528,12.849,1,0.520099,0.36288,0,46.9865,5.03013,41.7991,0.84672,12.849,0.84672,3695.15,0,0.0036966,1.53804e-05,1.02713,1.81743,5.17259,1.19603,6.8211,0.42336,0.0018483,0.21168,0.0018483,0.21168,460.486,0,1.02816,0,0,2.05529,1.02713,1.028160,1,0,48.6807,0,0,0,48.6807,0
68.3206,2.83175,0,0,2.53035,0.157335,0.36288,3.6288,61.308,0.510418,0,0,0.80403,0.255438,0.0381738,0.66528,12.849,1,0.526237,0.36288,0,49.9236,4.93158,44.8287,0.84672,12.849,0.84672,3695.15,0,0.0036966,1.5388e-05,0.969011,1.81772,5.45096,1.19538,7.0423,0.42336,0.0018483,0.21168,0.0018483,0.21168,460.486,0,1.02816,0,0,1.99717,0.969011,1.028160,1,0,51.9092,0,0,0,51.9092,0
67.7625,2.80157,0,0,2.71161,0.105196,0.36288,3.6288,61.2888,0.554049,0,0,0.797749,0.262899,0,0.66528,12.849,1,0.526888,0.36288,0,54.3416,5.02457,49.1531,0.84672,12.849,0.84672,3695.15,0,0.0036966,1.67033e-05,0.943782,1.81802,6.36163,1.26116,7.86226,0.42336,0.0018483,0.21168,0.0018483,0.21168,460.486,0,1.02816,0,0,1.97194,0.943782,1.028160,1,0,57.0153,0,0,0,57.0153,0
66.9996,2.79837,0,0,2.50309,0.104801,0.36288,3.6288,61.2611,0.554307,0,0,0.789428,0.262867,0,0.66528,12.849,1,0.530622,0.36288,0,49.6876,5.02457,44.4953,0.84672,12.849,0.84672,3695.15,0,0.0036966,1.67164e-05,0.902457,1.84619,5.83663,1.26116,7.32411,0.42336,0.0018483,0.21168,0.0018483,0.21168,460.486,0,1.02816,0,0,1.93062,0.902457,1.028160,1,0,51.8194,0,0,0,51.8194,0
66.0784,2.79376,0,0,2.33957,0.104109,0.36288,3.6288,61.2379,0.554565,0,0,0.794189,0.262821,0,0.66528,12.849,1,0.535779,0.36288,0,46.1964,5.02457,40.999,0.84672,12.849,0.84672,3695.15,0,0.0036966,1.67317e-05,0.988658,1.84649,5.64189,1.26116,7.21587,0.42336,0.0018483,0.21168,0.0018483,0.21168,460.486,0,1.02816,0,0,2.01682,0.988658,1.028160,1,0,48.2148,0,0,0,48.2148,0
65.1043,2.78796,0,0,2.27678,0.0999966,0.36288,3.6288,61.1444,0.554822,0,0,0.751576,0.290196,0,0.66528,12.849,1,0.542121,0.36288,0,43.2325,5.36986,37.6834,0.84672,12.849,0.84672,3695.15,0,0.0036966,1.67458e-05,0.904254,1.8468,5.43014,1.344,6.83717,0.42336,0.0018483,0.21168,0.0018483,0.21168,460.486,0,1.02816,0,0,1.93241,0.904254,1.028160,1,0,44.5205,0,0,0,44.5205,0
64.0928,2.84655,0,0,2.28035,0.0824247,0.36288,3.6288,60.9367,0.593767,0,0,0.67871,0.292664,0,0.66528,12.849,1,0.561796,0.36288,0,43.6499,5.96064,37.4903,0.84672,12.849,0.84672,3695.15,0,0.0036966,1.79486e-05,0.737338,1.8471,5.2529,1.46167,6.37564,0.42336,0.0018483,0.21168,0.0018483,0.21168,460.486,0,1.02816,0,0,1.7655,0.737338,1.028160,1,0,43.866,0,0,0,43.866,0
63.0329,2.83963,0,0,2.22434,0.0817556,0.36288,3.6288,60.6757,0.594031,0,0,0.62532,0.292279,0,0.66528,12.849,1,0.569274,0.36288,0,43.594,5.96064,37.4269,0.84672,12.849,0.84672,3695.15,0,0.0036966,1.80178e-05,0.894836,1.89185,5.62886,1.46167,6.95386,0.42336,0.0018483,0.21168,0.0018483,0.21168,460.486,0,1.02816,0,0,1.923,0.894836,1.028160,1,0,44.3808,0,0,0,44.3808,0
61.8383,2.83214,0,0,2.08147,0.0810545,0.36288,3.6288,60.3685,0.594295,0,0,0.578838,0.291796,0,0.66528,12.849,1,0.57732,0.36288,0,39.3543,5.96064,33.1793,0.84672,12.849,0.84672,3695.15,0,0.0036966,1.81034e-05,0.812324,1.89216,5.02369,1.46167,6.26649,0.42336,0.0018483,0.21168,0.0018483,0.21168,460.486,0,1.02816,0,0,1.84048,0.812324,1.028160,1,0,39.4457,0,0,0,39.4457,0
60.4827,2.82336,0,0,1.91089,0.0802643,0.36288,3.6288,60.0551,0.594559,0,0,0.572481,0.291227,0,0.66528,12.849,1,0.586649,0.36288,0,35.9745,5.96064,29.7901,0.84672,12.849,0.84672,3695.15,0,0.0036966,1.82036e-05,0.66115,1.89247,4.91336,1.46167,6.00529,0.42336,0.0018483,0.21168,0.0018483,0.21168,460.486,0,1.02816,0,0,1.68931,0.66115,1.028160,1,0,35.7954,0,0,0,35.7954,0
59.3793,2.89801,0,0,2.23209,0.0745958,0.36288,3.6288,59.782,0.66528,0,0,0.674801,0.282679,0,0.66528,12.849,1,0.615657,0.36288,0,38.9055,6.17751,32.4752,0.84672,12.849,0.84672,3695.15,0,0.0036966,0.0018483,1.09737,1.89278,7.29899,1.51089,8.77639,0.42336,0.0018483,0.21168,0.0018483,0.21168,460.486,0,1.02816,0,0,2.12553,1.09737,1.028160,1,0,41.2516,0,0,0,41.2516,0
58.2385,2.88908,0,0,2.19286,0.081695,0.36288,3.6288,59.5177,0.66528,0,0,0.66064,0.259636,0,0.66528,12.849,1,0.625164,0.36288,0,40.5955,6.13683,34.1964,0.84672,12.849,0.84672,3695.15,0,0.0036966,0.0018483,1.09825,1.9737,5.83076,1.51471,7.38616,0.42336,0.0018483,0.21168,0.0018483,0.21168,460.486,0,1.02816,0,0,2.12641,1.09825,1.028160,1,0,41.5825,0,0,0,41.5825,0
56.8396,2.87951,0,0,1.92433,0.0807984,0.36288,3.6288,59.2306,0.66528,0,0,0.63735,0.259198,0,0.66528,12.849,1,0.635299,0.36288,0,51.6042,6.13683,45.195,0.84672,12.849,0.84672,3695.15,0,0.0036966,0.0018483,1.00354,1.97402,5.59916,1.51471,7.06017,0.42336,0.0018483,0.21168,0.0018483,0.21168,460.486,0,1.02816,0,0,2.0317,1.00354,1.028160,1,0,52.2551,0,0,0,52.2551,0
55.4951,2.86723,0,0,1.96531,0.079699,0.36288,3.6288,59.0377,0.66528,0,0,0.7311,0.258722,0,0.66528,12.849,1,0.648157,0.36288,0,44.7021,6.13683,38.28,0.84672,12.849,0.84672,3695.15,0,0.0036966,0.0018483,1.1187,1.97434,5.81462,1.51471,7.3911,0.42336,0.0018483,0.21168,0.0018483,0.21168,460.486,0,1.02816,0,0,2.14686,1.1187,1.028160,1,0,45.6711,0,0,0,45.6711,0
54.129,2.85494,0,0,1.92859,0.0769058,0.36288,3.6288,58.8519,0.66528,0,0,0.723648,0.244183,0,0.66528,12.849,1,0.661015,0.36288,0,51.6313,5.87721,45.4559,0.84672,12.849,0.84672,3695.15,0,0.0036966,0.0018483,1.85129,1.97467,7.34607,1.49699,9.67319,0.42336,0.0018483,0.21168,0.0018483,0.21168,460.486,0,1.02816,0,0,2.87945,1.85129,1.028160,1,0,55.1291,0,0,0,55.1291,0
51.9047,2.85297,0,0,1.06319,0.0715739,0.36288,3.6288,58.5319,0.651109,0,0,0.539559,0.208387,0,0.66528,12.849,1,0.67723,0.36288,0,40.4895,5.22816,34.947,0.84672,12.849,0.84672,3695.15,0,0.0036966,2.04487e-05,0.980502,1.97499,5.34367,1.45271,6.84643,0.42336,0.0018483,0.21168,0.0018483,0.21168,460.486,0,1.02816,0,0,2.00866,0.980502,1.028160,1,0,41.7935,0,0,0,41.7935,0
49.8449,2.83016,0,0,1.20316,0.0699608,0.36288,3.6288,58.3051,0.651382,0,0,0.63248,0.207959,0,0.66528,12.849,1,0.700606,0.36288,0,32.5032,5.22816,26.9374,0.84672,12.849,0.84672,3695.15,0,0.0036966,2.05691e-05,0.862618,1.959,5.95039,1.45271,7.31927,0.42336,0.0018483,0.21168,0.0018483,0.21168,460.486,0,1.02816,0,0,1.89078,0.862618,1.028160,1,0,34.2566,0,0,0,34.2566,0
49.9537,2.8076,0,0,3.45243,0.173161,0.36288,3.6288,58.5941,0.651655,0,0,1.16249,0.221818,0,0.66528,12.849,1,0.723742,0.36288,0,53.9355,4.48222,49.0924,0.84672,12.849,0.84672,3695.15,0,0.0036966,2.06578e-05,3.85525,1.95932,13.283,1.28074,17.8168,0.42336,0.0018483,0.21168,0.0018483,0.21168,460.486,0,1.02816,0,0,4.88341,3.85525,1.028160,1,0,66.9091,0,0,0,66.9091,0
48.6998,2.80931,0,0,2.08386,0.165573,0.36288,3.6288,58.4036,0.651929,0,0,0.688994,0.227577,0,0.66528,12.849,1,0.722606,0.36288,0,58.6048,4.56845,53.6766,0.84672,12.849,0.84672,3695.15,0,0.0036966,2.05645e-05,1.25918,1.95963,6.64989,1.28376,8.58492,0.42336,0.0018483,0.21168,0.0018483,0.21168,460.486,0,1.02816,0,0,2.28734,1.25918,1.028160,1,0,62.2615,0,0,0,62.2615,0
47.8941,2.72284,0,0,2.52435,0.244313,0.36288,3.6288,58.6434,0.574891,0,0,1.05747,0.242711,0,0.66528,12.849,1,0.718397,0.36288,0,44.1046,4.927,38.8221,0.84672,12.849,0.84672,3695.15,0,0.0036966,1.81936e-05,1.84699,1.95995,8.61525,1.22815,11.194,0.42336,0.0018483,0.21168,0.0018483,0.21168,460.486,0,1.02816,0,0,2.87515,1.84699,1.028160,1,0,50.0161,0,0,0,50.0161,0
45.5661,2.71375,0,0,1.00416,0.255556,0.36288,3.6288,58.6208,0.575152,0,0,0.798198,0.245659,0,0.66528,12.849,1,0.728044,0.36288,0,42.5433,4.98676,37.1913,0.84672,12.849,0.84672,3695.15,0,0.0036966,1.81274e-05,1.20946,1.88344,4.42171,1.21888,6.29571,0.42336,0.0018483,0.21168,0.0018483,0.21168,460.486,0,1.02816,0,0,2.23762,1.20946,1.028160,1,0,43.4871,0,0,0,43.4871,0
44.8017,2.68517,0,0,2.52037,0.236669,0.36288,3.6288,59.013,0.575413,0,0,1.20735,0.239767,0,0.66528,12.849,1,0.757181,0.36288,0,40.8448,4.84277,35.6078,0.84672,12.849,0.84672,3695.15,0,0.0036966,1.81426e-05,2.22693,1.88374,9.25077,1.25108,12.1104,0.42336,0.0018483,0.21168,0.0018483,0.21168,460.486,0,1.02816,0,0,3.25509,2.22693,1.028160,1,0,47.7181,0,0,0,47.7181,0
46.72,2.67557,0,0,5.19941,0.242661,0.36288,3.6288,60.1785,0.575674,0,0,1.94093,0.199748,0,0.66528,12.849,1,0.767344,0.36288,0,112.275,3.94959,107.921,0.84672,12.849,0.84672,3695.15,0,0.0036966,1.80302e-05,3.85985,1.88405,20.8008,1.11455,25.4301,0.42336,0.0018483,0.21168,0.0018483,0.21168,460.486,0,1.02816,0,0,4.88801,3.85985,1.028160,1,0,133.351,0,0,0,133.351,0
46.022,2.49732,0,0,2.40463,0.242443,0.36288,3.6288,60.653,0.414812,0,0,1.09935,0.210092,0,0.66528,12.849,1,0.686817,0.36288,0,51.0849,4.17168,46.5892,0.84672,12.849,0.84672,3695.15,0,0.0036966,1.27404e-05,1.5597,1.88436,8.32626,1.09197,10.6783,0.42336,0.0018483,0.21168,0.0018483,0.21168,460.486,0,1.02816,0,0,2.58786,1.5597,1.028160,1,0,57.2676,0,0,0,57.2676,0
46.0224,2.41816,0,0,3.01054,0.229071,0.36288,3.6288,61.2141,0.506412,0,0,1.29489,0.227327,0,0.66528,12.849,1,0.675132,0.36288,0,79.4191,4.5486,74.5582,0.84672,12.849,0.84672,3695.15,0,0.0036966,1.54321e-05,1.70758,1.71158,10.082,1.12887,12.3723,0.42336,0.0018483,0.21168,0.0018483,0.21168,460.486,0,1.02816,0,0,2.73574,1.70758,1.028160,1,0,86.9305,0,0,0,86.9305,0
46.1595,2.41875,0,0,3.1478,0.229072,0.36288,3.6288,61.308,0.506412,0,0,1.17441,0.228137,0.345974,0.66528,12.849,1,0.675292,0.36288,0,105.663,4.5486,100.802,0.84672,12.849,0.84672,3695.15,0,0.0036966,1.52906e-05,1.50793,1.76532,9.77365,1.12887,11.918,0.42336,0.0018483,0.21168,0.0018483,0.21168,460.486,0,1.02816,0,0,2.53609,1.50793,1.028160,1,0,113.066,0,0,0,113.066,0
53.5577,2.42091,0,0,10.4058,0.223909,0.36288,3.6288,61.308,0.506412,0,0,3.22198,0.252686,2.46288,0.66528,12.849,1,0.673887,0.36288,0,229.415,4.5087,224.596,0.84672,12.849,0.84672,3695.15,0,0.0036966,1.52672e-05,9.14772,1.76546,33.1244,1.21298,42.8246,0.42336,0.0018483,0.21168,0.0018483,0.21168,460.486,0,1.02816,0,0,10.1759,9.14772,1.028160,1,0,269.883,0,0,0,269.883,0
56.253,2.56972,0,0,5.87866,0.25071,0.36288,3.6288,61.308,0.415752,0,0,1.83923,0.218015,1.20546,0.66528,12.849,1,0.616501,0.36288,0,135.611,4.11316,131.244,0.84672,12.849,0.84672,3695.15,0,0.0036966,1.2534e-05,4.91524,1.76561,14.2389,1.17792,19.7418,0.42336,0.0018483,0.21168,0.0018483,0.21168,460.486,0,1.02816,0,0,5.9434,4.91524,1.028160,1,0,152.191,0,0,0,152.191,0
57.8524,2.67545,0,0,4.90896,0.271235,0.36288,3.6288,61.308,0.462672,0,0,1.3614,0.233216,0.665517,0.66528,12.849,1,0.611111,0.36288,0,89.8577,4.51321,85.0963,0.84672,12.849,0.84672,3695.15,0,0.0036966,1.39485e-05,2.11924,1.71269,9.00158,1.38408,11.4494,0.42336,0.0018483,0.21168,0.0018483,0.21168,460.486,0,1.02816,0,0,3.1474,2.11924,1.028160,1,0,97.2112,0,0,0,97.2112,0
58.0397,2.68968,0,0,3.51534,0.275538,0.36288,3.6288,61.308,0.4629,0,0,1.04621,0.233216,0.350093,0.66528,12.849,1,0.597378,0.36288,0,92.0799,4.51321,87.3322,0.84672,12.849,0.84672,3695.15,0,0.0036966,1.39554e-05,1.50595,1.76775,8.71439,1.38408,10.604,0.42336,0.0018483,0.21168,0.0018483,0.21168,460.486,0,1.02816,0,0,2.53411,1.50595,1.028160,1,0,98.2863,0,0,0,98.2863,0
58.1973,2.69167,0,0,3.46737,0.255163,0.36288,3.6288,61.308,0.463127,0,0,0.90701,0.234541,0.209341,0.66528,12.849,1,0.595891,0.36288,0,77.9846,4.42848,73.3232,0.84672,12.849,0.84672,3695.15,0,0.0036966,1.39623e-05,1.16976,1.76802,8.24757,1.29276,9.89258,0.42336,0.0018483,0.21168,0.0018483,0.21168,460.486,0,1.02816,0,0,2.19792,1.16976,1.028160,1,0,83.4251,0,0,0,83.4251,0
57.7302,2.69341,0,0,2.84899,0.259827,0.36288,3.6288,61.308,0.463355,0,0,1.02833,0.236853,0.328124,0.66528,12.849,1,0.59466,0.36288,0,111.089,4.01046,106.847,0.84672,12.849,0.84672,3695.15,0,0.0036966,1.39691e-05,1.38007,1.76829,7.39835,1.02411,9.52257,0.42336,0.0018483,0.21168,0.0018483,0.21168,460.486,0,1.02816,0,0,2.40823,1.38007,1.028160,1,0,116.697,0,0,0,116.697,0
56.6188,2.95225,0,0,2.49627,0.292573,0.36288,3.6288,61.308,0.638976,0,0,0.963075,0.230058,0.0940405,0.66528,12.849,1,0.657081,0.36288,0,87.5128,4.2357,82.9829,0.84672,12.849,0.84672,3695.15,0,0.0036966,1.92637e-05,1.01722,1.76856,5.45885,1.20568,7.03892,0.42336,0.0018483,0.21168,0.0018483,0.21168,460.486,0,1.02816,0,0,2.04538,1.01722,1.028160,1,0,90.1159,0,0,0,90.1159,0
56.2393,2.94218,0,0,3.22467,0.299126,0.36288,3.6288,61.308,0.639231,0,0,1.06018,0.229986,0.190963,0.66528,12.849,1,0.667695,0.36288,0,72.8317,4.33461,68.1923,0.84672,12.849,0.84672,3695.15,0,0.0036966,1.92714e-05,0.955575,1.96445,5.56576,1.28528,7.20048,0.42336,0.0018483,0.21168,0.0018483,0.21168,460.486,0,1.02816,0,0,1.98374,0.955575,1.028160,1,0,75.5838,0,0,0,75.5838,0
57.2579,2.93896,0,0,4.6185,0.298004,0.36288,3.6288,61.308,0.639485,0,0,1.03763,0.229986,0.168158,0.66528,12.849,1,0.671466,0.36288,0,85.638,4.33461,80.9948,0.84672,12.849,0.84672,3695.15,0,0.0036966,1.92791e-05,1.28648,1.96475,7.25249,1.28528,9.21842,0.42336,0.0018483,0.21168,0.0018483,0.21168,460.486,0,1.02816,0,0,2.31464,1.28648,1.028160,1,0,90.3813,0,0,0,90.3813,0
57.2394,2.94917,0,0,3.61443,0.32093,0.36288,3.6288,61.2279,0.63974,0,0,0.77671,0.217058,0,0.66528,12.849,1,0.66181,0.36288,0,90.2362,4.71383,85.2234,0.84672,12.849,0.84672,3695.15,0,0.0036966,1.92867e-05,0.623376,1.96505,5.15791,1.39273,6.35359,0.42336,0.0018483,0.21168,0.0018483,0.21168,460.486,0,1.02816,0,0,1.65154,0.623376,1.028160,1,0,91.577,0,0,0,91.577,0
57.5336,2.57558,0,0,3.54173,0.309072,0.36288,3.6288,61.308,0.40447,0,0,1.10043,0.179788,0.436078,0.66528,12.849,1,0.578163,0.36288,0,71.2101,3.70404,67.2908,0.84672,12.849,0.84672,3695.15,0,0.0036966,1.22098e-05,1.02909,1.96535,5.14683,0.913018,7.22824,0.42336,0.0018483,0.21168,0.0018483,0.21168,460.486,0,1.02816,0,0,2.05725,1.02909,1.028160,1,0,74.9551,0,0,0,74.9551,0
58.6118,2.57839,0,0,4.32098,0.30141,0.36288,3.6288,61.308,0.404689,0,0,1.46058,0.168317,0.887577,0.66528,12.849,1,0.575834,0.36288,0,101.022,3.22791,97.5816,0.84672,12.849,0.84672,3695.15,0,0.0036966,1.22005e-05,1.41614,1.69789,6.41501,0.734844,8.79418,0.42336,0.0018483,0.21168,0.0018483,0.21168,460.486,0,1.02816,0,0,2.4443,1.41614,1.028160,1,0,107.263,0,0,0,107.263,0
61.3247,2.58748,0,0,5.96784,0.304593,0.36288,3.6288,61.308,0.404908,0,0,1.35246,0.168317,0.779237,0.66528,12.849,1,0.567232,0.36288,0,115.905,3.22791,112.472,0.84672,12.849,0.84672,3695.15,0,0.0036966,1.22071e-05,1.48463,1.69815,7.28661,0.734844,9.73453,0.42336,0.0018483,0.21168,0.0018483,0.21168,460.486,0,1.02816,0,0,2.51279,1.48463,1.028160,1,0,122.986,0,0,0,122.986,0
62.4015,2.60863,0,0,4.35342,0.305162,0.36288,3.6288,61.308,0.405126,0,0,1.32454,0.209964,0.709447,0.66528,12.849,1,0.54657,0.36288,0,89.951,4.15348,85.6139,0.84672,12.849,0.84672,3695.15,0,0.0036966,1.22137e-05,1.52229,1.69841,6.92753,0.987139,9.16107,0.42336,0.0018483,0.21168,0.0018483,0.21168,460.486,0,1.02816,0,0,2.55045,1.52229,1.028160,1,0,95.4844,0,0,0,95.4844,0
64.6671,2.61685,0,0,5.5363,0.290975,0.36288,3.6288,61.308,0.405345,0,0,1.5834,0.214073,0.963983,0.66528,12.849,1,0.538831,0.36288,0,122.426,4.49569,117.755,0.84672,12.849,0.84672,3695.15,0,0.0036966,1.22203e-05,1.6738,1.69866,7.6947,1.04469,10.0225,0.42336,0.0018483,0.21168,0.0018483,0.21168,460.486,0,1.02816,0,0,2.70196,1.6738,1.028160,1,0,128.741,0,0,0,128.741,0
65.8288,2.7292,0,0,4.51437,0.260594,0.36288,3.6288,61.308,0.463226,0,0,1.20533,0.182698,0.559408,0.66528,12.849,1,0.542278,0.36288,0,122.969,4.42564,118.364,0.84672,12.849,0.84672,3695.15,0,0.0036966,1.39652e-05,1.2423,1.69892,8.20515,0.936284,10.2101,0.42336,0.0018483,0.21168,0.0018483,0.21168,460.486,0,1.02816,0,0,2.27046,1.2423,1.028160,1,0,129.133,0,0,0,129.133,0
66.3266,2.73763,0,0,3.8614,0.263032,0.36288,3.6288,61.308,0.463453,0,0,1.09492,0.182698,0.44877,0.66528,12.849,1,0.534353,0.36288,0,102.706,4.42564,98.1092,0.84672,12.849,0.84672,3695.15,0,0.0036966,1.39721e-05,1.24878,1.76535,7.37986,0.936284,9.45769,0.42336,0.0018483,0.21168,0.0018483,0.21168,460.486,0,1.02816,0,0,2.27694,1.24878,1.028160,1,0,108.016,0,0,0,108.016,0
66.7067,2.74141,0,0,3.73648,0.252144,0.36288,3.6288,61.308,0.463681,0,0,1.0183,0.175591,0.379029,0.66528,12.849,1,0.531074,0.36288,0,88.3621,4.15027,84.0437,0.84672,12.849,0.84672,3695.15,0,0.0036966,1.3979e-05,1.00926,1.76561,7.08143,0.932278,8.92402,0.42336,0.0018483,0.21168,0.0018483,0.21168,460.486,0,1.02816,0,0,2.03742,1.00926,1.028160,1,0,93.3467,0,0,0,93.3467,0
67.3768,2.74436,0,0,4.0004,0.222984,0.36288,3.6288,61.308,0.463909,0,0,1.02635,0.157825,0.404621,0.66528,12.849,1,0.528618,0.36288,0,101.726,3.46185,98.0989,0.84672,12.849,0.84672,3695.15,0,0.0036966,1.39858e-05,1.22837,1.76588,7.52725,0.922264,9.59924,0.42336,0.0018483,0.21168,0.0018483,0.21168,460.486,0,1.02816,0,0,2.25653,1.22837,1.028160,1,0,108.103,0,0,0,108.103,0
67.8733,2.71131,0,0,3.75405,0.183358,0.36288,3.6288,61.308,0.441727,0,0,1.23461,0.205193,0.587692,0.66528,12.849,1,0.517056,0.36288,0,81.9262,4.03526,77.7368,0.84672,12.849,0.84672,3695.15,0,0.0036966,1.33171e-05,1.5396,1.76615,7.53857,0.95908,9.88524,0.42336,0.0018483,0.21168,0.0018483,0.21168,460.486,0,1.02816,0,0,2.56776,1.5396,1.028160,1,0,88.2097,0,0,0,88.2097,0
67.5781,2.7149,0,0,2.96658,0.184075,0.36288,3.6288,61.308,0.441952,0,0,0.930295,0.205193,0.28315,0.66528,12.849,1,0.513954,0.36288,0,65.6459,4.03526,61.4595,0.84672,12.849,0.84672,3695.15,0,0.0036966,1.33239e-05,1.02354,1.74065,5.9554,0.95908,7.7605,0.42336,0.0018483,0.21168,0.0018483,0.21168,460.486,0,1.02816,0,0,2.0517,1.02354,1.028160,1,0,69.5032,0,0,0,69.5032,0
66.873,2.71343,0,0,2.55489,0.183648,0.36288,3.6288,61.308,0.442176,0,0,0.863214,0.205193,0.215845,0.66528,12.849,1,0.51592,0.36288,0,58.8757,4.03526,54.6874,0.84672,12.849,0.84672,3695.15,0,0.0036966,1.33306e-05,0.798215,1.74092,5.56785,0.95908,7.14789,0.42336,0.0018483,0.21168,0.0018483,0.21168,460.486,0,1.02816,0,0,1.82638,0.798215,1.028160,1,0,62.0512,0,0,0,62.0512,0
66.229,2.70928,0,0,2.61075,0.182629,0.36288,3.6288,61.308,0.4424,0,0,0.802224,0.205193,0.154631,0.66528,12.849,1,0.520562,0.36288,0,59.8414,4.03526,55.6485,0.84672,12.849,0.84672,3695.15,0,0.0036966,1.33374e-05,0.403669,1.74119,5.83043,0.95908,7.01619,0.42336,0.0018483,0.21168,0.0018483,0.21168,460.486,0,1.02816,0,0,1.43183,0.403669,1.028160,1,0,62.8193,0,0,0,62.8193,0
65.7511,2.83379,0,0,2.86063,0.141818,0.36288,3.6288,61.308,0.522141,0,0,0.903424,0.215452,0.165831,0.66528,12.849,1,0.54978,0.36288,0,62.7763,4.09111,58.4982,0.84672,12.849,0.84672,3695.15,0,0.0036966,1.57414e-05,0.654385,1.74145,5.47691,0.929053,6.94368,0.42336,0.0018483,0.21168,0.0018483,0.21168,460.486,0,1.02816,0,0,1.68254,0.654385,1.028160,1,0,65.6077,0,0,0,65.6077,0
64.8942,2.83088,0,0,2.44837,0.111483,0.36288,3.6288,61.308,0.522377,0,0,0.842374,0.223146,0.0968502,0.66528,12.849,1,0.553207,0.36288,0,52.5694,4.13301,48.2461,0.84672,12.849,0.84672,3695.15,0,0.0036966,1.57485e-05,0.711262,1.83187,4.73834,0.906532,6.37492,0.42336,0.0018483,0.21168,0.0018483,0.21168,460.486,0,1.02816,0,0,1.73942,0.711262,1.028160,1,0,54.7178,0,0,0,54.7178,0
63.7933,2.82521,0,0,2.19793,0.11072,0.36288,3.6288,61.2939,0.522614,0,0,0.731661,0.223146,0,0.66528,12.849,1,0.559389,0.36288,0,49.6987,4.13301,45.3691,0.84672,12.849,0.84672,3695.15,0,0.0036966,1.57556e-05,0.596791,1.83215,4.68062,0.906532,6.20301,0.42336,0.0018483,0.21168,0.0018483,0.21168,460.486,0,1.02816,0,0,1.62495,0.596791,1.028160,1,0,51.5722,0,0,0,51.5722,0
62.5203,2.81761,0,0,2.00383,0.0964091,0.36288,3.6288,61.2391,0.52285,0,0,0.706018,0.237942,0,0.66528,12.849,1,0.567511,0.36288,0,45.9733,4.42646,41.3422,0.84672,12.849,0.84672,3695.15,0,0.0036966,1.57664e-05,0.578146,1.83243,4.54072,0.986611,5.96467,0.42336,0.0018483,0.21168,0.0018483,0.21168,460.486,0,1.02816,0,0,1.60631,0.578146,1.028160,1,0,47.3068,0,0,0,47.3068,0
61.2847,2.80845,0,0,2.01849,0.0827592,0.36288,3.6288,61.0681,0.544064,0,0,0.627264,0.254274,0,0.66528,12.849,1,0.577184,0.36288,0,43.4906,4.8905,38.3858,0.84672,12.849,0.84672,3695.15,0,0.0036966,1.64208e-05,0.30119,1.83271,4.01604,1.09646,5.05346,0.42336,0.0018483,0.21168,0.0018483,0.21168,460.486,0,1.00718,0,0,1.30837,0.30119,1.028160,1,0,43.4392,0,0,0,43.4392,0
60.1614,2.77418,0,0,2.10792,0.0941385,0.36288,3.6288,60.7883,0.683973,0,0,0.649935,0.245675,0,0.66528,12.849,1,0.581637,0.36288,0,37.4404,5.07244,32.1492,0.84672,12.849,0.84672,3695.15,0,0.0036966,2.07013e-05,0.30119,1.83299,3.65861,1.10414,4.68863,0.42336,0.0018483,0.21168,0.0018483,0.21168,460.486,0,0.911244,0,0,1.21243,0.30119,1.028160,1,0,36.8378,0,0,0,36.8378,0
58.8491,2.76565,0,0,1.90947,0.0932465,0.36288,3.6288,60.4596,0.704546,0,0,0.621074,0.24524,0,0.66528,12.849,1,0.590676,0.36288,0,36.7944,5.07244,31.4942,0.84672,12.849,0.84672,3695.15,0,0.0036966,2.14221e-05,0.261274,1.86138,3.45631,1.10414,4.4748,0.42336,0.0018483,0.21168,0.0018483,0.21168,460.486,0,0.890914,0,0,1.15219,0.261274,1.028160,1,0,35.9689,0,0,0,35.9689,0
57.3817,2.75526,0,0,1.73859,0.0878113,0.36288,3.6288,59.9765,0.814842,0,0,0.587358,0.255639,0,0.66528,12.849,1,0.601578,0.36288,0,32.3898,5.21359,26.9375,0.84672,12.849,0.84672,3695.15,0,0.0036966,2.49104e-05,0.261274,1.86166,3.35461,1.15566,4.32186,0.42336,0.0018483,0.21168,0.0018483,0.21168,460.486,0,0.780857,0,0,1.04213,0.261274,1.028160,1,0,31.2594,0,0,0,31.2594,0
55.865,2.74311,0,0,1.65059,0.0613277,0.36288,3.6288,59.4058,0.800804,0,0,0.550205,0.320115,0,0.66528,12.849,1,0.614241,0.36288,0,29.2134,6.06049,22.9015,0.84672,12.849,0.84672,3695.15,0,0.0036966,2.46784e-05,0.261274,1.86194,3.19888,1.4648,3.85728,0.42336,0.0018483,0.21168,0.0018483,0.21168,460.486,0,0.795139,0,0,1.05641,0.261274,1.028160,1,0,26.7588,0,0,0,26.7588,0
53.9382,2.79368,0,0,1.3001,0.0704004,0.36288,3.6288,58.397,1.12188,0,0,0.418695,0.305603,0,0.66528,12.849,1,0.642548,0.36288,0,22.4172,5.70807,16.4294,0.84672,12.849,0.84672,3695.15,0,0.0036966,3.49051e-05,0.261274,1.86223,2.51947,1.4305,3.21243,0.42336,0.0018483,0.21168,0.0018483,0.21168,460.486,0,0.513302,0,0,0.774576,0.261274,1.028160,1,0,19.6419,0,0,0,19.6419,0
52.063,2.77556,0,0,1.32882,0.0655094,0.36288,3.6288,57.4922,1.02553,0,0,0.427247,0.306508,0,0.66528,12.849,1,0.661186,0.36288,0,29.788,5.69363,23.796,0.84672,12.849,0.84672,3695.15,0,0.0036966,3.24585e-05,0.261274,1.90733,2.72661,1.45102,3.44416,0.42336,0.0018483,0.21168,0.0018483,0.21168,460.486,0,0.609906,0,0,0.87118,0.261274,1.028160,1,0,27.2402,0,0,0,27.2402,0
50.1183,2.75688,0,0,1.23933,0.0642624,0.36288,3.6288,56.5628,1.00313,0,0,0.378428,0.304722,0,0.66528,12.849,1,0.680389,0.36288,0,23.5651,5.69363,17.5539,0.84672,12.849,0.84672,3695.15,0,0.0036966,3.22493e-05,0.227405,1.90762,2.48876,1.45102,3.17273,0.42336,0.0018483,0.21168,0.0018483,0.21168,460.486,0,0.632552,0,0,0.859957,0.227405,1.028160,1,0,20.7267,0,0,0,20.7267,0
48.0835,2.73628,0,0,1.12728,0.0629691,0.36288,3.6288,55.4774,1.13795,0,0,0.355459,0.302887,0,0.66528,12.849,1,0.701509,0.36288,0,21.6688,5.69363,15.6365,0.84672,12.849,0.84672,3695.15,0,0.0036966,3.71848e-05,0.227405,1.90791,2.27775,1.45102,2.96201,0.42336,0.0018483,0.21168,0.0018483,0.21168,460.486,0,0.497975,0,0,0.72538,0.227405,1.028160,1,0,18.5985,0,0,0,18.5985,0
46.2368,2.79529,0,0,1.37079,0.0593342,0.36288,3.6288,54.5988,0.997073,0,0,0.423852,0.305363,0,0.66528,12.849,1,0.746965,0.36288,0,23.7316,5.86422,17.4833,0.84672,12.849,0.84672,3695.15,0,0.0036966,0.0018483,0.227405,1.90821,3.33088,1.45893,4.00572,0.42336,0.0018483,0.21168,0.0018483,0.21168,460.486,0,0.696367,0,0,0.923772,0.227405,1.028160,1,0,21.489,0,0,0,21.489,0
44.6153,2.77236,0,0,1.5689,0.0551723,0.36288,3.6288,53.6583,1.05552,0,0,0.424755,0.309724,0,0.66528,12.849,1,0.770427,0.36288,0,26.9719,6.09168,20.4727,0.84672,12.849,0.84672,3695.15,0,0.0036966,0.0018483,0.227405,1.98977,3.00618,1.46947,3.75204,0.42336,0.0018483,0.21168,0.0018483,0.21168,460.486,0,0.637917,0,0,0.865322,0.227405,1.028160,1,0,24.2247,0,0,0,24.2247,0
42.824,2.75104,0,0,1.37678,0.0541769,0.36288,3.6288,52.6893,1.07109,0,0,0.409778,0.307732,0,0.66528,12.849,1,0.792287,0.36288,0,34.2861,6.09168,27.765,0.84672,12.849,0.84672,3695.15,0,0.0036966,0.0018483,0.204422,1.99007,2.88678,1.46947,3.60995,0.42336,0.0018483,0.21168,0.0018483,0.21168,460.486,0,0.622348,0,0,0.82677,0.204422,1.028160,1,0,31.375,0,0,0,31.375,0
41.0882,2.72596,0,0,1.40612,0.0530773,0.36288,3.6288,51.8298,1.02423,0,0,0.470053,0.305359,0,0.66528,12.849,1,0.817903,0.36288,0,29.7003,6.09168,23.1536,0.84672,12.849,0.84672,3695.15,0,0.0036966,0.0018483,0.204422,1.99037,2.99785,1.46947,3.72132,0.42336,0.0018483,0.21168,0.0018483,0.21168,460.486,0,0.669215,0,0,0.873637,0.204422,1.028160,1,0,26.875,0,0,0,26.875,0
39.5116,2.70005,0,0,1.5299,0.0435277,0.36288,3.6288,51.2279,0.768839,0,0,0.475915,0.308949,0,0.66528,12.849,1,0.844353,0.36288,0,30.4493,6.19846,23.7693,0.84672,12.849,0.84672,3695.15,0,0.0036966,0.0018483,0.204422,1.99068,3.71205,1.5031,4.4022,0.42336,0.0018483,0.21168,0.0018483,0.21168,460.486,0,0.924601,0,0,1.12902,0.204422,1.028160,1,0,28.1715,0,0,0,28.1715,0
38.2251,2.712,0,0,1.82136,0.0329495,0.36288,3.6288,50.7373,0.664686,0,0,0.479195,0.305096,0,0.66528,12.849,1,0.84672,0.36288,0,27.5234,5.88508,21.1545,0.84672,12.849,0.84672,3695.15,0,0.0036966,2.39818e-05,0.213019,1.99098,2.73174,1.46191,3.47381,0.42336,0.0018483,0.21168,0.0018483,0.21168,460.486,0,1.02816,0,0,1.24118,0.213019,1.028160,1,0,24.6283,0,0,0,24.6283,0
37.065,2.71254,0,0,2.01158,0.0963139,0.36288,3.6288,50.4523,0.664943,0,0,0.640201,0.260273,0,0.66528,12.849,1,0.84672,0.36288,0,26.0269,4.69434,20.8487,0.84672,12.849,0.84672,3695.15,0,0.0036966,2.42231e-05,0.515195,1.97484,3.46649,1.18459,4.77191,0.42336,0.0018483,0.21168,0.0018483,0.21168,460.486,0,1.02816,0,0,1.54335,0.515195,1.028160,1,0,25.6206,0,0,0,25.6206,0
35.776,2.71307,0,0,1.88637,0.0993726,0.36288,3.6288,50.214,0.665201,0,0,0.68847,0.261535,0,0.66528,12.849,1,0.84672,0.36288,0,30.9655,4.72689,25.7548,0.84672,12.849,0.84672,3695.15,0,0.0036966,2.43694e-05,0.536518,1.97514,3.65045,1.20323,4.95885,0.42336,0.0018483,0.21168,0.0018483,0.21168,460.486,0,1.02816,0,0,1.56468,0.536518,1.028160,1,0,30.7136,0,0,0,30.7136,0
34.7006,2.71361,0,0,2.09891,0.0978567,0.36288,3.6288,50.0611,0.66528,0,0,0.773366,0.261026,0,0.66528,12.849,1,0.84672,0.36288,0,46.6871,4.72689,41.4764,0.84672,12.849,0.84672,3695.15,0,0.0036966,0.000203689,0.745278,1.97544,4.21154,1.20323,5.72883,0.42336,0.0018483,0.21168,0.0018483,0.21168,460.486,0,1.02816,0,0,1.77344,0.745278,1.028160,1,0,47.2052,0,0,0,47.2052,0
34.9675,2.62217,0,0,3.35753,0.105528,0.36288,3.6288,50.6486,0.587784,0,0,1.38872,0.213367,0,0.66528,12.849,1,0.84672,0.36288,0,81.3491,3.84901,77.0162,0.84672,12.849,0.84672,3695.15,0,0.0036966,2.17015e-05,1.35041,1.97574,6.56643,1.11902,8.77354,0.42336,0.0018483,0.21168,0.0018483,0.21168,460.486,0,1.02816,0,0,2.37857,1.35041,1.028160,1,0,85.7897,0,0,0,85.7897,0
38.6882,2.62269,0,0,6.81567,0.109457,0.36288,3.6288,51.9399,0.58803,0,0,2.07468,0.19537,0,0.66528,12.849,1,0.84672,0.36288,0,148.048,3.49786,144.066,0.84672,12.849,0.84672,3695.15,0,0.0036966,2.14587e-05,2.31674,1.89859,11.6535,1.08534,14.7834,0.42336,0.0018483,0.21168,0.0018483,0.21168,460.486,0,1.02816,0,0,3.3449,2.31674,1.028160,1,0,158.85,0,0,0,158.85,0
43.4534,2.62324,0,0,7.86572,0.1144,0.36288,3.6288,53.6845,0.588277,0,0,2.53024,0.197427,0,0.66528,12.849,1,0.84672,0.36288,0,134.146,3.49786,130.165,0.84672,12.849,0.84672,3695.15,0,0.0036966,2.0934e-05,3.83323,1.89888,12.7617,1.08534,17.4085,0.42336,0.0018483,0.21168,0.0018483,0.21168,460.486,0,1.02816,0,0,4.86139,3.83323,1.028160,1,0,147.573,0,0,0,147.573,0
45.8401,2.67848,0,0,5.55941,0.131294,0.36288,3.6288,54.8957,0.588524,0,0,2.00127,0.201465,0,0.66528,12.849,1,0.792016,0.36288,0,103.712,3.64257,99.6403,0.84672,12.849,0.84672,3695.15,0,0.0036966,2.02623e-05,2.57249,1.89917,8.33769,1.10331,11.706,0.42336,0.0018483,0.21168,0.0018483,0.21168,460.486,0,1.02816,0,0,3.60065,2.57249,1.028160,1,0,111.346,0,0,0,111.346,0
47.6134,2.50693,0,0,4.83778,0.194665,0.36288,3.6288,56.1415,0.426359,0,0,1.88044,0.208298,0,0.66528,12.849,1,0.702693,0.36288,0,105.977,4.19175,101.445,0.84672,12.849,0.84672,3695.15,0,0.0036966,1.43552e-05,2.26142,1.89946,8.849,1.06823,11.9416,0.42336,0.0018483,0.21168,0.0018483,0.21168,460.486,0,1.02816,0,0,3.28958,2.26142,1.028160,1,0,113.387,0,0,0,113.387,0
47.0499,2.52793,0,0,2.52031,0.193087,0.36288,3.6288,56.3041,0.426581,0,0,0.795891,0.206719,0,0.66528,12.849,1,0.682188,0.36288,0,44.2245,3.76635,40.1389,0.84672,12.849,0.84672,3695.15,0,0.0036966,1.4044e-05,0.642142,1.72527,3.03177,0.877651,4.52152,0.42336,0.0018483,0.21168,0.0018483,0.21168,460.486,0,1.02816,0,0,1.6703,0.642142,1.028160,1,0,44.6604,0,0,0,44.6604,0
47.8416,2.52189,0,0,3.8684,0.191895,0.36288,3.6288,56.5812,0.426802,0,0,0.910863,0.206939,0,0.66528,12.849,1,0.688711,0.36288,0,40.2352,3.76635,36.143,0.84672,12.849,0.84672,3695.15,0,0.0036966,1.40107e-05,0.83554,1.72554,3.95918,0.877651,5.64259,0.42336,0.0018483,0.21168,0.0018483,0.21168,460.486,0,1.02816,0,0,1.8637,0.83554,1.028160,1,0,41.7856,0,0,0,41.7856,0
54.281,2.53126,0,0,9.53217,0.198627,0.36288,3.6288,58.9027,0.427024,0,0,2.96154,0.213027,0,0.66528,12.849,1,0.679831,0.36288,0,141.12,3.87818,136.925,0.84672,12.849,0.84672,3695.15,0,0.0036966,1.39493e-05,3.26955,1.7258,8.79258,0.894065,12.8939,0.42336,0.0018483,0.21168,0.0018483,0.21168,460.486,0,1.02816,0,0,4.29771,3.26955,1.028160,1,0,149.818,0,0,0,149.818,0
59.0691,2.59688,0,0,7.99286,0.244968,0.36288,3.6288,60.5674,0.427246,0,0,2.34296,0.251053,0,0.66528,12.849,1,0.614714,0.36288,0,188.657,4.54913,183.856,0.84672,12.849,0.84672,3695.15,0,0.0036966,1.34065e-05,2.66866,1.72606,9.52007,0.992553,12.9222,0.42336,0.0018483,0.21168,0.0018483,0.21168,460.486,0,1.02816,0,0,3.69682,2.66866,1.028160,1,0,196.778,0,0,0,196.778,0
68.3667,2.72084,0,0,12.5766,0.195351,0.36288,3.6288,61.308,0.474525,0,0,4.47915,0.241515,3.02249,0.66528,12.849,1,0.591851,0.36288,0,253.035,4.07584,248.73,0.84672,12.849,0.84672,3695.15,0,0.0036966,1.44808e-05,3.2287,1.72633,12.756,1.01137,16.6996,0.42336,0.0018483,0.21168,0.0018483,0.21168,460.486,0,1.02816,0,0,4.25686,3.2287,1.028160,1,0,268.452,0,0,0,268.452,0
72.29,2.789,0,0,9.65555,0.2286,2.71464,3.6288,61.308,0.474739,0,0,1.66456,0.224958,0.96486,0.66528,12.849,1,0.524172,2.71464,0,251.567,3.8972,249.861,0.84672,12.849,0.84672,3695.15,0,0.0036966,1.43123e-05,7.0842,1.7818,11.3003,0.979574,19.1867,0.42336,0.0018483,0.21168,0.0018483,0.21168,460.486,0,1.02816,0,0,8.11236,7.0842,1.028160,1,0,270.012,0,0,0,270.012,0
72.29,2.81356,0,0,8.79051,0.251758,5.72519,3.6288,61.308,0.474953,0,0,1.5227,0.225621,0.822131,0.66528,12.849,1,0.500089,5.72519,0,207.787,3.93918,209.073,0.84672,12.849,0.84672,3695.15,0,0.0036966,1.43188e-05,6.13894,1.78205,9.15854,1.02086,16.0586,0.42336,0.0018483,0.21168,0.0018483,0.21168,460.486,0,1.02816,0,0,7.1671,6.13894,1.028160,1,0,225.954,0,0,0,225.954,0
72.29,2.81396,0,0,5.97576,0.251758,2.91004,3.6288,61.308,0.475167,0,0,0.916695,0.225621,0.215908,0.66528,12.849,1,0.50016,2.91004,0,141.946,3.93918,140.416,0.84672,12.849,0.84672,3695.15,0,0.0036966,1.43252e-05,2.7362,1.78231,4.42149,1.02086,7.91912,0.42336,0.0018483,0.21168,0.0018483,0.21168,460.486,0,1.02816,0,0,3.76436,2.7362,1.028160,1,0,148.551,0,0,0,148.551,0
72.29,3.08887,0,0,5.12961,0.272964,1.76778,3.6288,61.308,0.652161,0,0,1.23362,0.193555,0.387902,0.66528,12.849,1,0.549023,1.76778,0,140.217,3.23874,138.197,0.84672,12.849,0.84672,3695.15,0,0.0036966,1.96612e-05,2.28939,1.78256,4.987,0.876381,8.18255,0.42336,0.0018483,0.21168,0.0018483,0.21168,460.486,0,1.02816,0,0,3.31755,2.28939,1.028160,1,0,146.767,0,0,0,146.767,0
72.29,3.08931,0,0,5.66074,0.288868,2.28256,3.6288,61.308,0.652401,0,0,1.87664,0.169506,1.05474,0.66528,12.849,1,0.549101,2.28256,0,171.599,2.71341,170.619,0.84672,12.849,0.84672,3695.15,0,0.0036966,1.96684e-05,3.83344,1.97999,7.56815,0.768019,12.6135,0.42336,0.0018483,0.21168,0.0018483,0.21168,460.486,0,1.02816,0,0,4.8616,3.83344,1.028160,1,0,184.287,0,0,0,184.287,0
72.29,3.08975,0,0,8.86507,0.278478,5.49685,3.6288,61.308,0.65264,0,0,3.10404,0.191637,2.25976,0.66528,12.849,1,0.549179,5.49685,0,209.815,3.23757,211.525,0.84672,12.849,0.84672,3695.15,0,0.0036966,1.96756e-05,6.18346,1.98027,14.0559,0.932003,21.2876,0.42336,0.0018483,0.21168,0.0018483,0.21168,460.486,0,1.02816,0,0,7.21162,6.18346,1.028160,1,0,235.072,0,0,0,235.072,0
72.29,3.09019,0,0,6.71337,0.276549,3.34663,3.6288,61.308,0.652879,0,0,2.48883,0.170923,1.66503,0.66528,12.849,1,0.549257,3.34663,0,203.113,3.09392,202.817,0.84672,12.849,0.84672,3695.15,0,0.0036966,1.96828e-05,5.42453,1.98055,11.5702,0.819541,18.1557,0.42336,0.0018483,0.21168,0.0018483,0.21168,460.486,0,1.02816,0,0,6.45269,5.42453,1.028160,1,0,222.638,0,0,0,222.638,0
72.29,2.69887,0,0,8.74781,0.289127,5.75981,3.6288,61.308,0.415741,0,0,2.42473,0.151879,1.85711,0.66528,12.849,1,0.479704,5.75981,0,284.735,3.10007,286.915,0.84672,12.849,0.84672,3695.15,0,0.0036966,1.25337e-05,5.29045,1.98083,14.5937,0.850888,21.014,0.42336,0.0018483,0.21168,0.0018483,0.21168,460.486,0,1.02816,0,0,6.31861,5.29045,1.028160,1,0,309.786,0,0,0,309.786,0
72.29,2.69925,0,0,8.93886,0.296803,5.9428,3.6288,61.308,0.415947,0,0,2.27623,0.148789,1.7115,0.66528,12.849,1,0.479772,5.9428,0,214.955,3.26571,217.152,0.84672,12.849,0.84672,3695.15,0,0.0036966,1.25399e-05,4.13602,1.71125,13.6086,0.945033,18.5108,0.42336,0.0018483,0.21168,0.0018483,0.21168,460.486,0,1.02816,0,0,5.16418,4.13602,1.028160,1,0,237.374,0,0,0,237.374,0
72.29,2.69964,0,0,8.06475,0.296803,5.06831,3.6288,61.308,0.416152,0,0,1.92672,0.148789,1.36178,0.66528,12.849,1,0.47984,5.06831,0,224.21,3.26571,225.532,0.84672,12.849,0.84672,3695.15,0,0.0036966,1.25461e-05,2.89268,1.71149,11.6372,0.945033,15.2963,0.42336,0.0018483,0.21168,0.0018483,0.21168,460.486,0,1.02816,0,0,3.92084,2.89268,1.028160,1,0,242.191,0,0,0,242.191,0
72.29,2.70002,0,0,8.68812,0.274146,5.71396,3.6288,61.308,0.416358,0,0,1.86634,0.136757,1.31323,0.66528,12.849,1,0.479908,5.71396,0,241.724,3.09132,243.867,0.84672,12.849,0.84672,3695.15,0,0.0036966,1.25523e-05,3.59126,1.71173,14.3619,0.919982,18.7449,0.42336,0.0018483,0.21168,0.0018483,0.21168,460.486,0,1.02816,0,0,4.61942,3.59126,1.028160,1,0,263.925,0,0,0,263.925,0
72.29,2.70041,0,0,7.68865,0.249313,4.73893,3.6288,61.308,0.416563,0,0,2.07134,0.105145,1.54963,0.66528,12.849,1,0.479977,4.73893,0,225.238,2.83011,226.667,0.84672,12.849,0.84672,3695.15,0,0.0036966,1.25585e-05,3.42193,1.71198,13.7336,0.850651,18.0169,0.42336,0.0018483,0.21168,0.0018483,0.21168,460.486,0,1.02816,0,0,4.45009,3.42193,1.028160,1,0,246.233,0,0,0,246.233,0
72.29,2.79947,0,0,10.4954,0.325743,7.37023,3.6288,61.308,0.474881,0,0,5.09286,0.154259,4.46372,0.66528,12.849,1,0.497585,7.37023,0,268.345,3.69143,271.527,0.84672,12.849,0.84672,3695.15,0,0.0036966,1.43166e-05,6.98777,1.71222,22.5558,0.941186,30.3146,0.42336,0.0018483,0.21168,0.0018483,0.21168,460.486,0,1.02816,0,0,8.01593,6.98777,1.028160,1,0,306.305,0,0,0,306.305,0
72.29,2.79987,0,0,8.12609,0.318771,5.00745,3.6288,61.308,0.475095,0,0,5.10373,0.161312,4.46732,0.66528,12.849,1,0.497656,5.00745,0,269.562,3.77475,270.297,0.84672,12.849,0.84672,3695.15,0,0.0036966,1.43231e-05,7.01093,1.77914,21.6895,0.977447,29.5021,0.42336,0.0018483,0.21168,0.0018483,0.21168,460.486,0,1.02816,0,0,8.03909,7.01093,1.028160,1,0,304.266,0,0,0,304.266,0
72.29,2.80027,0,0,6.74808,0.318771,3.62904,3.6288,61.308,0.475309,0,0,3.50635,0.161312,2.86973,0.66528,12.849,1,0.497726,3.62904,0,231.833,3.77475,231.189,0.84672,12.849,0.84672,3695.15,0,0.0036966,1.43295e-05,5.68469,1.7794,14.0405,0.977447,20.5271,0.42336,0.0018483,0.21168,0.0018483,0.21168,460.486,0,1.02816,0,0,6.71285,5.68469,1.028160,1,0,254.586,0,0,0,254.586,0
72.29,2.80067,0,0,6.3651,0.318771,3.24566,3.6288,61.308,0.475523,0,0,3.47859,0.161312,2.84175,0.66528,12.849,1,0.497797,3.24566,0,188.51,3.77475,187.483,0.84672,12.849,0.84672,3695.15,0,0.0036966,1.4336e-05,5.75139,1.77965,12.3564,0.977447,18.91,0.42336,0.0018483,0.21168,0.0018483,0.21168,460.486,0,1.02816,0,0,6.77955,5.75139,1.028160,1,0,209.235,0,0,0,209.235,0
72.29,2.76246,0,0,5.7387,0.290353,2.68589,3.6288,61.308,0.453154,0,0,2.07744,0.213716,1.41057,0.66528,12.849,1,0.491006,2.68589,0,201.277,4.43121,199.04,0.84672,12.849,0.84672,3695.15,0,0.0036966,1.36616e-05,3.49817,1.7799,10.7822,1.07654,14.9837,0.42336,0.0018483,0.21168,0.0018483,0.21168,460.486,0,1.02816,0,0,4.52633,3.49817,1.028160,1,0,215.435,0,0,0,215.435,0
72.29,2.76285,0,0,4.94714,0.285616,1.89868,3.6288,61.308,0.453364,0,0,1.89046,0.22245,1.21464,0.66528,12.849,1,0.491076,1.89868,0,135.19,4.54062,132.057,0.84672,12.849,0.84672,3695.15,0,0.0036966,1.36679e-05,2.97629,1.75419,9.8267,1.09306,13.4641,0.42336,0.0018483,0.21168,0.0018483,0.21168,460.486,0,1.02816,0,0,4.00445,2.97629,1.028160,1,0,146.736,0,0,0,146.736,0
72.29,2.76324,0,0,4.50824,0.285616,1.45938,3.6288,61.308,0.453575,0,0,1.84251,0.22245,1.16649,0.66528,12.849,1,0.491146,1.45938,0,112.941,4.54062,109.369,0.84672,12.849,0.84672,3695.15,0,0.0036966,1.36743e-05,2.73542,1.75444,9.19261,1.09306,12.5894,0.42336,0.0018483,0.21168,0.0018483,0.21168,460.486,0,1.02816,0,0,3.76358,2.73542,1.028160,1,0,123.125,0,0,0,123.125,0
72.29,2.76364,0,0,4.28446,0.285616,1.23521,3.6288,61.308,0.453786,0,0,1.67935,0.22245,1.00311,0.66528,12.849,1,0.491216,1.23521,0,108.355,4.54062,104.558,0.84672,12.849,0.84672,3695.15,0,0.0036966,1.36806e-05,2.41717,1.75468,8.51636,1.09306,11.5951,0.42336,0.0018483,0.21168,0.0018483,0.21168,460.486,0,1.02816,0,0,3.44533,2.41717,1.028160,1,0,117.157,0,0,0,117.157,0
72.29,2.89515,0,0,4.15303,0.261992,0.995892,3.6288,61.308,0.534128,0,0,1.51048,0.237839,0.738513,0.66528,12.849,1,0.514591,0.995892,0,103.909,4.73595,99.6543,0.84672,12.849,0.84672,3695.15,0,0.0036966,1.61028e-05,2.13489,1.75493,7.63759,1.15757,10.3698,0.42336,0.0018483,0.21168,0.0018483,0.21168,460.486,0,1.02816,0,0,3.16305,2.13489,1.028160,1,0,110.763,0,0,0,110.763,0
72.29,2.89556,0,0,4.15344,0.200903,1.05697,3.6288,61.308,0.53435,0,0,1.47245,0.258013,0.680083,0.66528,12.849,1,0.514664,1.05697,0,101.093,4.82708,96.8084,0.84672,12.849,0.84672,3695.15,0,0.0036966,1.61095e-05,2.00959,1.84604,7.03037,1.16095,9.72503,0.42336,0.0018483,0.21168,0.0018483,0.21168,460.486,0,1.02816,0,0,3.03775,2.00959,1.028160,1,0,107.214,0,0,0,107.214,0
72.29,2.89597,0,0,3.8407,0.180677,0.764056,3.6288,61.308,0.534572,0,0,1.36169,0.25562,0.571498,0.66528,12.849,1,0.514737,0.764056,0,91.978,4.77823,87.4491,0.84672,12.849,0.84672,3695.15,0,0.0036966,1.61162e-05,1.95853,1.8463,6.84996,1.12118,9.5336,0.42336,0.0018483,0.21168,0.0018483,0.21168,460.486,0,1.02816,0,0,2.98669,1.95853,1.028160,1,0,97.5542,0,0,0,97.5542,0
72.29,2.89638,0,0,3.68173,0.180677,0.604668,3.6288,61.308,0.534795,0,0,1.34438,0.25562,0.553969,0.66528,12.849,1,0.51481,0.604668,0,87.3815,4.77823,82.6931,0.84672,12.849,0.84672,3695.15,0,0.0036966,1.61229e-05,1.82714,1.84656,6.69963,1.12118,9.25213,0.42336,0.0018483,0.21168,0.0018483,0.21168,460.486,0,1.02816,0,0,2.8553,1.82714,1.028160,1,0,92.4992,0,0,0,92.4992,0
72.29,2.8968,0,0,3.85748,0.174727,0.785961,3.6288,61.308,0.535017,0,0,1.36491,0.241964,0.587931,0.66528,12.849,1,0.514883,0.785961,0,91.0172,4.54473,86.7436,0.84672,12.849,0.84672,3695.15,0,0.0036966,1.61296e-05,2.2199,1.84682,7.4518,1.11166,10.4069,0.42336,0.0018483,0.21168,0.0018483,0.21168,460.486,0,1.02816,0,0,3.24806,2.2199,1.028160,1,0,97.7384,0,0,0,97.7384,0
72.29,2.87126,0,0,3.38848,0.129089,0.388131,3.6288,61.308,0.579312,0,0,1.09423,0.293501,0.221417,0.66528,12.849,1,0.510344,0.388131,0,72.9544,5.50419,67.328,0.84672,12.849,0.84672,3695.15,0,0.0036966,1.7465e-05,2.27794,1.84709,4.82953,1.3001,7.65444,0.42336,0.0018483,0.21168,0.0018483,0.21168,460.486,0,1.02816,0,0,3.3061,2.27794,1.028160,1,0,75.2039,0,0,0,75.2039,0
72.1492,2.87167,0,0,3.20586,0.112162,0.36288,3.6288,61.308,0.579541,0,0,1.05232,0.31708,0.155697,0.66528,12.849,1,0.510417,0.36288,0,68.7761,5.52951,63.0991,0.84672,12.849,0.84672,3695.15,0,0.0036966,1.74719e-05,2.16921,1.87567,4.80388,1.37821,7.47054,0.42336,0.0018483,0.21168,0.0018483,0.21168,460.486,0,1.02816,0,0,3.19737,2.16921,1.028160,1,0,70.7253,0,0,0,70.7253,0
71.8325,2.87123,0,0,3.0295,0.112042,0.36288,3.6288,61.308,0.579769,0,0,0.938442,0.31708,0.0415933,0.66528,12.849,1,0.511335,0.36288,0,62.3696,5.52951,56.6916,0.84672,12.849,0.84672,3695.15,0,0.0036966,1.74788e-05,2.05309,1.87594,4.64576,1.37821,7.19657,0.42336,0.0018483,0.21168,0.0018483,0.21168,460.486,0,1.02816,0,0,3.08125,2.05309,1.028160,1,0,63.9298,0,0,0,63.9298,0
71.3101,2.86972,0,0,2.82198,0.111773,0.36288,3.6288,61.2734,0.579998,0,0,0.862497,0.31708,0,0.66528,12.849,1,0.51332,0.36288,0,59.61,5.52951,53.9301,0.84672,12.849,0.84672,3695.15,0,0.0036966,1.74856e-05,1.88735,1.87621,4.33744,1.37821,6.72277,0.42336,0.0018483,0.21168,0.0018483,0.21168,460.486,0,1.02816,0,0,2.91551,1.88735,1.028160,1,0,60.6529,0,0,0,60.6529,0
70.5701,2.93385,0,0,2.6509,0.0941457,0.36288,3.6288,61.1282,0.619527,0,0,0.819158,0.344825,0,0.66528,12.849,1,0.528636,0.36288,0,55.0369,5.87023,49.0009,0.84672,12.849,0.84672,3695.15,0,0.0036966,1.86879e-05,1.91293,1.87647,3.90843,1.46104,6.23678,0.42336,0.0018483,0.21168,0.0018483,0.21168,460.486,0,1.02816,0,0,2.94109,1.91293,1.028160,1,0,55.2377,0,0,0,55.2377,0
69.6632,2.92958,0,0,2.47228,0.0867791,0.36288,3.6288,60.9056,0.619762,0,0,0.752725,0.355624,0,0.66528,12.849,1,0.533401,0.36288,0,52.0434,6.00653,45.8663,0.84672,12.849,0.84672,3695.15,0,0.0036966,1.87394e-05,1.75032,1.9219,3.38037,1.49417,5.5584,0.42336,0.0018483,0.21168,0.0018483,0.21168,460.486,0,1.02816,0,0,2.77848,1.75032,1.028160,1,0,51.4247,0,0,0,51.4247,0
68.5596,2.92413,0,0,2.26968,0.086174,0.36288,3.6288,60.6749,0.619996,0,0,0.744448,0.355123,0,0.66528,12.849,1,0.539341,0.36288,0,47.5738,6.00653,41.3908,0.84672,12.849,0.84672,3695.15,0,0.0036966,1.8815e-05,1.5221,1.92218,3.30613,1.49417,5.25622,0.42336,0.0018483,0.21168,0.0018483,0.21168,460.486,0,1.02816,0,0,2.55026,1.5221,1.028160,1,0,46.6471,0,0,0,46.6471,0
67.9356,2.91724,0,0,2.72682,0.0707047,0.36288,3.6288,60.6215,0.62023,0,0,0.906526,0.339692,0,0.66528,12.849,1,0.546729,0.36288,0,49.8207,6.21474,43.4221,0.84672,12.849,0.84672,3695.15,0,0.0036966,1.88937e-05,2.42785,1.92245,4.93654,1.55298,7.73384,0.42336,0.0018483,0.21168,0.0018483,0.21168,460.486,0,1.02816,0,0,3.45601,2.42785,1.028160,1,0,51.1559,0,0,0,51.1559,0
66.8693,3.0015,0,0,2.37417,0.0761676,0.36288,3.6288,60.4357,0.66528,0,0,0.793964,0.314438,0,0.66528,12.849,1,0.567689,0.36288,0,45.9653,5.95813,39.8024,0.84672,12.849,0.84672,3695.15,0,0.0036966,0.0018483,2.03634,1.92272,3.49084,1.48849,5.95957,0.42336,0.0018483,0.21168,0.0018483,0.21168,460.486,0,1.02816,0,0,3.0645,2.03634,1.028160,1,0,45.7619,0,0,0,45.7619,0
65.3179,2.99433,0,0,1.90246,0.0966288,0.36288,3.6288,60.281,0.66528,0,0,0.801014,0.290478,0,0.66528,12.849,1,0.575364,0.36288,0,36.152,5.25336,30.6862,0.84672,12.849,0.84672,3695.15,0,0.0036966,0.0018483,1.96922,2.00488,2.86676,1.28232,5.55669,0.42336,0.0018483,0.21168,0.0018483,0.21168,460.486,0,1.02816,0,0,2.99738,1.96922,1.028160,1,0,36.2429,0,0,0,36.2429,0
63.7185,2.98334,0,0,1.84229,0.0954426,0.36288,3.6288,60.0976,0.66528,0,0,0.772027,0.290192,0,0.66528,12.849,1,0.586867,0.36288,0,35.8326,5.25336,30.3552,0.84672,12.849,0.84672,3695.15,0,0.0036966,0.0018483,1.88834,2.00517,2.89653,1.28232,5.50587,0.42336,0.0018483,0.21168,0.0018483,0.21168,460.486,0,1.02816,0,0,2.9165,1.88834,1.028160,1,0,35.8611,0,0,0,35.8611,0
62.5741,2.9715,0,0,2.28414,0.0942196,0.36288,3.6288,59.9689,0.66528,0,0,0.826459,0.289854,0,0.66528,12.849,1,0.59921,0.36288,0,35.0894,5.25336,29.5997,0.84672,12.849,0.84672,3695.15,0,0.0036966,0.0018483,2.22177,2.00545,4.24855,1.28232,7.1916,0.42336,0.0018483,0.21168,0.0018483,0.21168,460.486,0,1.02816,0,0,3.24993,2.22177,1.028160,1,0,36.7913,0,0,0,36.7913,0
60.8814,2.96283,0,0,1.72868,0.095669,0.36288,3.6288,59.7519,0.66528,0,0,0.737994,0.289656,0,0.66528,12.849,1,0.608389,0.36288,0,33.2241,5.26446,27.7141,0.84672,12.849,0.84672,3695.15,0,0.0036966,0.0018483,1.89571,2.00574,2.81069,1.28015,5.43014,0.42336,0.0018483,0.21168,0.0018483,0.21168,460.486,0,1.02816,0,0,2.92387,1.89571,1.028160,1,0,33.1443,0,0,0,33.1443,0
59.9853,2.96074,0,0,2.57396,0.146399,0.36288,3.6288,59.8712,0.66528,0,0,0.969486,0.184963,0,0.66528,12.849,1,0.624864,0.36288,0,57.3932,3.29385,53.8374,0.84672,12.849,0.84672,3695.15,0,0.0036966,0.0018483,1.96149,2.00602,3.70856,0.766633,6.90759,0.42336,0.0018483,0.21168,0.0018483,0.21168,460.486,0,1.02816,0,0,2.98965,1.96149,1.028160,1,0,60.7449,0,0,0,60.7449,0
59.8706,2.95347,0,0,3.36652,0.164812,0.36288,3.6288,60.7133,0.66528,0,0,1.69944,0.192083,0,0.66528,12.849,1,0.632642,0.36288,0,90.8254,3.40777,87.1479,0.84672,12.849,0.84672,3695.15,0,0.0036966,0.0018483,3.49722,1.98974,7.51546,0.831869,12.1687,0.42336,0.0018483,0.21168,0.0018483,0.21168,460.486,0,1.02816,0,0,4.52538,3.49722,1.028160,1,0,99.3166,0,0,0,99.3166,0
59.405,2.9529,0,0,3.01472,0.164632,0.36288,3.6288,61.308,0.66528,0,0,1.45915,0.193115,0.00601014,0.66528,12.849,1,0.633729,0.36288,0,65.4722,3.40777,61.7936,0.84672,12.849,0.84672,3695.15,0,0.0036966,0.0018483,2.53309,1.99002,4.41055,0.831869,8.09994,0.42336,0.0018483,0.21168,0.0018483,0.21168,460.486,0,1.02816,0,0,3.56125,2.53309,1.028160,1,0,69.8995,0,0,0,69.8995,0
58.4697,2.94923,0,0,2.5408,0.163898,0.36288,3.6288,61.308,0.66528,0,0,1.3791,0.193844,0.519976,0.66528,12.849,1,0.637904,0.36288,0,46.9821,3.40777,43.2993,0.84672,12.849,0.84672,3695.15,0,0.0036966,0.0018483,2.21484,1.9903,4.1454,0.831869,7.51683,0.42336,0.0018483,0.21168,0.0018483,0.21168,460.486,0,1.02816,0,0,3.243,2.21484,1.028160,1,0,51.3361,0,0,0,51.3361,0
56.4687,2.8653,0,0,1.38426,0.157134,0.36288,3.6288,61.308,0.599913,0,0,1.09985,0.220478,0.279464,0.66528,12.849,1,0.629663,0.36288,0,35.3404,4.10691,30.9667,0.84672,12.849,0.84672,3695.15,0,0.0036966,1.80861e-05,1.23165,1.99059,4.14341,0.946531,6.41909,0.42336,0.0018483,0.21168,0.0018483,0.21168,460.486,0,1.02816,0,0,2.25981,1.23165,1.028160,1,0,37.6652,0,0,0,37.6652,0
54.4786,2.84753,0,0,1.39558,0.175224,0.36288,3.6288,61.308,0.600145,0,0,0.973693,0.225289,0.14826,0.66528,12.849,1,0.647932,0.36288,0,28.9844,4.31943,24.38,0.84672,12.849,0.84672,3695.15,0,0.0036966,1.8093e-05,0.893462,1.91284,5.44975,1.02548,7.23055,0.42336,0.0018483,0.21168,0.0018483,0.21168,460.486,0,1.02816,0,0,1.92162,0.893462,1.028160,1,0,31.7588,0,0,0,31.7588,0
53.3743,2.82878,0,0,2.3301,0.242787,0.36288,3.6288,61.308,0.600376,0,0,1.71205,0.235064,0.876611,0.66528,12.849,1,0.667178,0.36288,0,45.8425,4.44213,41.0961,0.84672,12.849,0.84672,3695.15,0,0.0036966,1.81e-05,1.37477,1.91311,5.54137,1.03214,7.79709,0.42336,0.0018483,0.21168,0.0018483,0.21168,460.486,0,1.02816,0,0,2.40293,1.37477,1.028160,1,0,49.7698,0,0,0,49.7698,0
53.3589,2.81805,0,0,3.40562,0.24008,0.36288,3.6288,61.308,0.600607,0,0,2.09545,0.235064,1.25978,0.66528,12.849,1,0.6784,0.36288,0,92.1796,4.44213,87.4219,0.84672,12.849,0.84672,3695.15,0,0.0036966,1.8107e-05,2.57805,1.91338,11.6621,1.03214,15.1214,0.42336,0.0018483,0.21168,0.0018483,0.21168,460.486,0,1.02816,0,0,3.60621,2.57805,1.028160,1,0,103.803,0,0,0,103.803,0
53.5546,2.60604,0,0,3.40433,0.239733,0.36288,3.6288,61.308,0.437214,0,0,1.73121,0.218945,1.07505,0.66528,12.849,1,0.627543,0.36288,0,89.1613,4.28136,84.6153,0.84672,12.849,0.84672,3695.15,0,0.0036966,1.3181e-05,2.66429,1.91365,10.5204,1.02515,14.0732,0.42336,0.0018483,0.21168,0.0018483,0.21168,460.486,0,1.02816,0,0,3.69245,2.66429,1.028160,1,0,99.7636,0,0,0,99.7636,0
53.1128,2.55264,0,0,2.71321,0.239438,0.36288,3.6288,61.308,0.506385,0,0,1.66676,0.178649,0.981726,0.66528,12.849,1,0.612439,0.36288,0,59.8018,3.87944,55.6728,0.84672,12.849,0.84672,3695.15,0,0.0036966,1.52664e-05,2.33263,1.73815,6.49471,1.00766,9.55782,0.42336,0.0018483,0.21168,0.0018483,0.21168,460.486,0,1.02816,0,0,3.36079,2.33263,1.028160,1,0,66.2123,0,0,0,66.2123,0
52.5121,2.54908,0,0,2.54958,0.23836,0.36288,3.6288,61.308,0.506385,0,0,2.06104,0.178649,1.376,0.66528,12.849,1,0.61667,0.36288,0,55.5478,3.87944,51.4145,0.84672,12.849,0.84672,3695.15,0,0.0036966,1.52664e-05,2.77313,1.77875,9.56566,1.00766,13.1099,0.42336,0.0018483,0.21168,0.0018483,0.21168,460.486,0,1.02816,0,0,3.80129,2.77313,1.028160,1,0,65.9004,0,0,0,65.9004,0
51.3026,2.59902,0,0,1.98873,0.236338,0.36288,3.6288,61.308,0.437839,0,0,1.02692,0.176199,0.412878,0.66528,12.849,1,0.635944,0.36288,0,38.8057,3.82971,34.7029,0.84672,12.849,0.84672,3695.15,0,0.0036966,1.31999e-05,1.88038,1.77888,6.53592,0.991664,9.20349,0.42336,0.0018483,0.21168,0.0018483,0.21168,460.486,0,1.02816,0,0,2.90854,1.88038,1.028160,1,0,44.3193,0,0,0,44.3193,0
50.4382,2.58739,0,0,2.31593,0.230094,0.36288,3.6288,61.308,0.438047,0,0,0.734517,0.161499,0.13497,0.66528,12.849,1,0.648026,0.36288,0,47.053,3.53136,43.2365,0.84672,12.849,0.84672,3695.15,0,0.0036966,1.32061e-05,1.59996,1.73889,7.30268,0.895692,9.74582,0.42336,0.0018483,0.21168,0.0018483,0.21168,460.486,0,1.02816,0,0,2.62812,1.59996,1.028160,1,0,53.1173,0,0,0,53.1173,0
54.7749,2.60539,0,0,7.58713,0.282115,0.36288,3.6288,61.308,0.553791,0,0,2.54477,0.172779,1.8182,0.66528,12.849,1,0.663716,0.36288,0,107.201,3.53883,103.361,0.84672,12.849,0.84672,3695.15,0,0.0036966,1.66956e-05,5.0496,1.73914,15.4873,0.971706,21.3043,0.42336,0.0018483,0.21168,0.0018483,0.21168,460.486,0,1.02816,0,0,6.07776,5.0496,1.028160,1,0,126.483,0,0,0,126.483,0
60.6609,2.68688,0,0,9.24013,0.30442,0.36288,3.6288,61.308,0.506377,0,0,4.79799,0.174659,4.11695,0.66528,12.849,1,0.630283,0.36288,0,173.309,3.54007,169.501,0.84672,12.849,0.84672,3695.15,0,0.0036966,1.52661e-05,9.25166,1.83488,26.8186,0.984375,36.9208,0.42336,0.0018483,0.21168,0.0018483,0.21168,460.486,0,1.02816,0,0,10.2798,9.25166,1.028160,1,0,210.539,0,0,0,210.539,0
65.2458,2.75465,0,0,8.02483,0.322323,0.36288,3.6288,61.308,0.486062,0,0,4.63923,0.174659,3.97851,0.66528,12.849,1,0.583481,0.36288,0,155.3,3.54007,151.539,0.84672,12.849,0.84672,3695.15,0,0.0036966,1.46537e-05,5.13249,1.80725,15.7222,0.984375,21.6776,0.42336,0.0018483,0.21168,0.0018483,0.21168,460.486,0,1.02816,0,0,6.16065,5.13249,1.028160,1,0,177.195,0,0,0,177.195,0
69.9587,2.78928,0,0,8.19841,0.333367,0.36288,3.6288,61.308,0.486262,0,0,2.413,0.143634,1.7831,0.66528,12.849,1,0.549298,0.36288,0,134.446,3.13949,131.12,0.84672,12.849,0.84672,3695.15,0,0.0036966,1.46597e-05,3.76351,1.79548,13.02,0.899837,17.6792,0.42336,0.0018483,0.21168,0.0018483,0.21168,460.486,0,1.02816,0,0,4.79167,3.76351,1.028160,1,0,150.583,0,0,0,150.583,0
72.1533,3.09606,0,0,6.01563,0.362132,0.36288,3.6288,61.308,0.664547,0,0,2.88204,0.159526,2.05797,0.66528,12.849,1,0.56864,0.36288,0,125.214,3.55944,121.449,0.84672,12.849,0.84672,3695.15,0,0.0036966,2.00346e-05,3.42751,1.79572,12.797,0.93052,17.0897,0.42336,0.0018483,0.21168,0.0018483,0.21168,460.486,0,1.02816,0,0,4.45567,3.42751,1.028160,1,0,140.597,0,0,0,140.597,0
72.29,3.11116,0,0,5.01706,0.390492,1.37869,3.6288,61.308,0.664771,0,0,2.71072,0.18761,1.85834,0.66528,12.849,1,0.554032,1.37869,0,123.631,4.2084,120.248,0.84672,12.849,0.84672,3695.15,0,0.0036966,2.00414e-05,2.60483,1.99458,15.0525,0.990217,18.6617,0.42336,0.0018483,0.21168,0.0018483,0.21168,460.486,0,1.02816,0,0,3.63299,2.60483,1.028160,1,0,140.768,0,0,0,140.768,0
72.29,3.11246,0,0,4.44321,0.390898,0.93985,3.6288,61.308,0.664995,0,0,2.02798,0.18761,1.17538,0.66528,12.849,1,0.553216,0.93985,0,76.661,4.2084,72.8392,0.84672,12.849,0.84672,3695.15,0,0.0036966,2.00481e-05,1.3902,1.99485,13.6356,0.990217,16.0305,0.42336,0.0018483,0.21168,0.0018483,0.21168,460.486,0,1.02816,0,0,2.41836,1.3902,1.028160,1,0,90.0451,0,0,0,90.0451,0
72.29,3.11287,0,0,7.17463,0.385703,3.67606,3.6288,61.308,0.665219,0,0,3.50925,0.198675,2.64535,0.66528,12.849,1,0.553289,3.67606,0,121.824,4.47048,120.476,0.84672,12.849,0.84672,3695.15,0,0.0036966,2.00549e-05,3.74966,1.99511,16.8976,1.07221,21.5701,0.42336,0.0018483,0.21168,0.0018483,0.21168,460.486,0,1.02816,0,0,4.77782,3.74966,1.028160,1,0,144.692,0,0,0,144.692,0
72.29,2.71865,0,0,6.54342,0.316004,3.50876,3.6288,61.308,0.426326,0,0,4.20873,0.238842,3.54357,0.66528,12.849,1,0.48322,3.50876,0,122.063,4.86904,120.22,0.84672,12.849,0.84672,3695.15,0,0.0036966,1.28528e-05,4.75317,1.99537,19.2824,1.18854,24.8424,0.42336,0.0018483,0.21168,0.0018483,0.21168,460.486,0,1.02816,0,0,5.78133,4.75317,1.028160,1,0,148.606,0,0,0,148.606,0
72.29,2.71901,0,0,6.6542,0.277592,3.65759,3.6288,61.308,0.426519,0,0,4.17505,0.249772,3.49876,0.66528,12.849,1,0.483284,3.65759,0,134.027,4.55738,132.644,0.84672,12.849,0.84672,3695.15,0,0.0036966,1.28586e-05,4.65315,1.72379,17.9875,1.07862,23.2858,0.42336,0.0018483,0.21168,0.0018483,0.21168,460.486,0,1.02816,0,0,5.68131,4.65315,1.028160,1,0,159.429,0,0,0,159.429,0
72.29,2.71937,0,0,7.03222,0.332488,3.98035,3.6288,61.308,0.426711,0,0,4.57453,0.211476,3.93635,0.66528,12.849,1,0.483348,3.98035,0,141.194,4.06875,140.622,0.84672,12.849,0.84672,3695.15,0,0.0036966,1.28644e-05,4.58428,1.72402,20.8504,0.937887,26.2208,0.42336,0.0018483,0.21168,0.0018483,0.21168,460.486,0,1.02816,0,0,5.61244,4.58428,1.028160,1,0,170.779,0,0,0,170.779,0
72.29,2.71973,0,0,8.47264,0.332488,5.42042,3.6288,61.308,0.426904,0,0,4.7347,0.211476,4.09632,0.66528,12.849,1,0.483412,5.42042,0,172.12,4.06875,172.988,0.84672,12.849,0.84672,3695.15,0,0.0036966,1.28702e-05,4.87386,1.72425,20.6647,0.937887,26.3249,0.42336,0.0018483,0.21168,0.0018483,0.21168,460.486,0,1.02816,0,0,5.90202,4.87386,1.028160,1,0,203.41,0,0,0,203.41,0
72.29,2.72009,0,0,7.6407,0.332488,4.58812,3.6288,61.308,0.427096,0,0,4.18725,0.211476,3.54868,0.66528,12.849,1,0.483476,4.58812,0,155.06,4.06875,155.096,0.84672,12.849,0.84672,3695.15,0,0.0036966,1.2876e-05,5.35169,1.72447,19.0505,0.937887,25.1888,0.42336,0.0018483,0.21168,0.0018483,0.21168,460.486,0,1.02816,0,0,6.37985,5.35169,1.028160,1,0,183.834,0,0,0,183.834,0
72.29,2.81985,0,0,4.79577,0.283367,1.69255,3.6288,61.308,0.485824,0,0,2.96516,0.21981,2.25953,0.66528,12.849,1,0.501208,1.69255,0,99.6408,4.40695,96.4252,0.84672,12.849,0.84672,3695.15,0,0.0036966,1.46465e-05,2.22667,1.7247,17.2521,1.05102,20.1524,0.42336,0.0018483,0.21168,0.0018483,0.21168,460.486,0,1.02816,0,0,3.25483,2.22667,1.028160,1,0,118.837,0,0,0,118.837,0
72.29,2.82023,0,0,5.35229,0.283367,2.2487,3.6288,61.308,0.486025,0,0,3.74248,0.21981,3.03664,0.66528,12.849,1,0.501274,2.2487,0,105.822,4.40695,103.162,0.84672,12.849,0.84672,3695.15,0,0.0036966,1.46526e-05,2.84532,1.7921,17.7783,1.05102,21.3647,0.42336,0.0018483,0.21168,0.0018483,0.21168,460.486,0,1.02816,0,0,3.87348,2.84532,1.028160,1,0,127.564,0,0,0,127.564,0
72.29,2.8206,0,0,6.68379,0.283367,3.57982,3.6288,61.308,0.486225,0,0,4.53593,0.21981,3.8299,0.66528,12.849,1,0.50134,3.57982,0,90.5679,4.40695,89.2395,0.84672,12.849,0.84672,3695.15,0,0.0036966,1.46586e-05,3.89918,1.79233,23.4465,1.05102,28.0869,0.42336,0.0018483,0.21168,0.0018483,0.21168,460.486,0,1.02816,0,0,4.92734,3.89918,1.028160,1,0,121.156,0,0,0,121.156,0
72.29,2.82097,0,0,6.914,0.273645,3.81938,3.6288,61.308,0.486426,0,0,5.39684,0.16857,4.74184,0.66528,12.849,1,0.501407,3.81938,0,180.743,4.00075,180.06,0.84672,12.849,0.84672,3695.15,0,0.0036966,1.46647e-05,3.42248,1.79257,27.9348,1.02929,32.1205,0.42336,0.0018483,0.21168,0.0018483,0.21168,460.486,0,1.02816,0,0,4.45064,3.42248,1.028160,1,0,216.922,0,0,0,216.922,0
72.29,2.78246,0,0,4.74691,0.20096,1.76349,3.6288,61.308,0.463879,0,0,3.51281,0.187847,2.86108,0.66528,12.849,1,0.494561,1.76349,0,102.286,4.03997,99.5153,0.84672,12.849,0.84672,3695.15,0,0.0036966,1.39849e-05,2.18477,1.79281,16.0521,1.07562,18.954,0.42336,0.0018483,0.21168,0.0018483,0.21168,460.486,0,1.02816,0,0,3.21293,2.18477,1.028160,1,0,121.33,0,0,0,121.33,0
72.29,2.78283,0,0,4.58495,0.187602,1.61452,3.6288,61.308,0.464077,0,0,2.00242,0.197116,1.34123,0.66528,12.849,1,0.494627,1.61452,0,99.7255,3.99913,96.8462,0.84672,12.849,0.84672,3695.15,0,0.0036966,1.39909e-05,1.38211,1.76689,10.0202,1.05078,12.1184,0.42336,0.0018483,0.21168,0.0018483,0.21168,460.486,0,1.02816,0,0,2.41027,1.38211,1.028160,1,0,110.306,0,0,0,110.306,0
72.29,2.7832,0,0,3.57972,0.187602,0.608925,3.6288,61.308,0.464274,0,0,1.48259,0.197116,0.821199,0.66528,12.849,1,0.494692,0.608925,0,80.0444,3.99913,76.1595,0.84672,12.849,0.84672,3695.15,0,0.0036966,1.39968e-05,1.22718,1.76712,9.12747,1.05078,11.071,0.42336,0.0018483,0.21168,0.0018483,0.21168,460.486,0,1.02816,0,0,2.25534,1.22718,1.028160,1,0,88.0517,0,0,0,88.0517,0
72.2676,2.78357,0,0,3.31167,0.187602,0.36288,3.6288,61.308,0.464472,0,0,1.18902,0.197116,0.527432,0.66528,12.849,1,0.494758,0.36288,0,56.6773,3.99913,52.5463,0.84672,12.849,0.84672,3695.15,0,0.0036966,1.40028e-05,0.708912,1.76736,7.69306,1.05078,9.11853,0.42336,0.0018483,0.21168,0.0018483,0.21168,460.486,0,1.02816,0,0,1.73707,0.708912,1.028160,1,0,62.1922,0,0,0,62.1922,0
71.881,2.91586,0,0,3.05182,0.159706,0.36288,3.6288,61.308,0.545378,0,0,1.23691,0.20755,0.483984,0.66528,12.849,1,0.518432,0.36288,0,53.3019,4.23763,48.9087,0.84672,12.849,0.84672,3695.15,0,0.0036966,1.64419e-05,0.772088,1.76759,7.61875,1.11996,9.03845,0.42336,0.0018483,0.21168,0.0018483,0.21168,460.486,0,1.02816,0,0,1.80025,0.772088,1.028160,1,0,58.4311,0,0,0,58.4311,0
72.0725,2.91388,0,0,3.63451,0.166248,0.36288,3.6288,61.308,0.545586,0,0,1.77077,0.209169,1.01601,0.66528,12.849,1,0.520867,0.36288,0,62.4787,4.27704,58.0437,0.84672,12.849,0.84672,3695.15,0,0.0036966,1.64482e-05,1.17844,1.85933,8.34062,1.17764,10.2007,0.42336,0.0018483,0.21168,0.0018483,0.21168,460.486,0,1.02816,0,0,2.2066,1.17844,1.028160,1,0,69.2604,0,0,0,69.2604,0
71.8594,2.91544,0,0,3.18495,0.119733,0.36288,3.6288,61.308,0.545794,0,0,1.40938,0.202423,0.661166,0.66528,12.849,1,0.519761,0.36288,0,54.0836,4.08702,49.8397,0.84672,12.849,0.84672,3695.15,0,0.0036966,1.64545e-05,1.14061,1.85957,7.62065,1.14042,9.4804,0.42336,0.0018483,0.21168,0.0018483,0.21168,460.486,0,1.02816,0,0,2.16877,1.14061,1.028160,1,0,59.9813,0,0,0,59.9813,0
71.518,2.91452,0,0,3.04791,0.111953,0.36288,3.6288,61.308,0.546002,0,0,1.48186,0.204208,0.731654,0.66528,12.849,1,0.521138,0.36288,0,50.8153,4.1412,46.5158,0.84672,12.849,0.84672,3695.15,0,0.0036966,1.64608e-05,1.12844,1.85982,7.93921,1.13039,9.79707,0.42336,0.0018483,0.21168,0.0018483,0.21168,460.486,0,1.02816,0,0,2.1566,1.12844,1.028160,1,0,57.0446,0,0,0,57.0446,0
71.0423,2.91279,0,0,2.91172,0.111662,0.36288,3.6288,61.308,0.54621,0,0,1.48813,0.204208,0.73771,0.66528,12.849,1,0.523316,0.36288,0,47.7436,4.1412,43.442,0.84672,12.849,0.84672,3695.15,0,0.0036966,1.6467e-05,1.03346,1.86007,7.63404,1.13039,9.39716,0.42336,0.0018483,0.21168,0.0018483,0.21168,460.486,0,1.02816,0,0,2.06162,1.03346,1.028160,1,0,53.5768,0,0,0,53.5768,0
70.4109,2.88415,0,0,2.7149,0.0993061,0.36288,3.6288,61.308,0.590807,0,0,1.36947,0.203458,0.575201,0.66528,12.849,1,0.521638,0.36288,0,55.4441,4.07453,51.2108,0.84672,12.849,0.84672,3695.15,0,0.0036966,1.78115e-05,1.90012,1.86031,7.07953,0.994944,9.845,0.42336,0.0018483,0.21168,0.0018483,0.21168,460.486,0,1.02816,0,0,2.92828,1.90012,1.028160,1,0,61.631,0,0,0,61.631,0
69.5155,2.88057,0,0,2.44683,0.0988258,0.36288,3.6288,61.308,0.591021,0,0,1.27528,0.203458,0.480803,0.66528,12.849,1,0.525663,0.36288,0,51.3882,4.07453,47.1509,0.84672,12.849,0.84672,3695.15,0,0.0036966,1.7818e-05,1.52724,1.88909,6.74058,0.994944,9.16195,0.42336,0.0018483,0.21168,0.0018483,0.21168,460.486,0,1.02816,0,0,2.5554,1.52724,1.028160,1,0,56.7937,0,0,0,56.7937,0
68.5423,2.87523,0,0,2.33976,0.0748432,0.36288,3.6288,61.308,0.591235,0,0,1.20563,0.258303,0.356088,0.66528,12.849,1,0.531448,0.36288,0,46.3293,4.78027,41.3805,0.84672,12.849,0.84672,3695.15,0,0.0036966,1.78244e-05,1.49492,1.88934,6.40423,1.25256,8.53591,0.42336,0.0018483,0.21168,0.0018483,0.21168,460.486,0,1.02816,0,0,2.52308,1.49492,1.028160,1,0,50.2725,0,0,0,50.2725,0
67.3306,2.86926,0,0,2.08554,0.0650284,0.36288,3.6288,61.308,0.591449,0,0,1.13014,0.280241,0.258448,0.66528,12.849,1,0.537874,0.36288,0,42.0908,5.06257,36.8532,0.84672,12.849,0.84672,3695.15,0,0.0036966,1.78309e-05,1.44549,1.88959,6.19512,1.3556,8.17458,0.42336,0.0018483,0.21168,0.0018483,0.21168,460.486,0,1.02816,0,0,2.47365,1.44549,1.028160,1,0,45.2863,0,0,0,45.2863,0
65.7821,2.92829,0,0,1.80674,0.0641048,0.36288,3.6288,61.308,0.631244,0,0,0.955739,0.29267,0.0318255,0.66528,12.849,1,0.558818,0.36288,0,35.6355,5.38921,30.0504,0.84672,12.849,0.84672,3695.15,0,0.0036966,1.90306e-05,1.14014,1.88983,4.99143,1.41053,6.61086,0.42336,0.0018483,0.21168,0.0018483,0.21168,460.486,0,1.02816,0,0,2.1683,1.14014,1.028160,1,0,36.693,0,0,0,36.693,0
64.4185,2.91767,0,0,1.98007,0.0630937,0.36288,3.6288,61.308,0.631463,0,0,1.19565,0.301992,0.262191,0.66528,12.849,1,0.569899,0.36288,0,43.3879,5.63419,37.5467,0.84672,12.849,0.84672,3695.15,0,0.0036966,1.90372e-05,1.4822,1.93557,5.13664,1.45173,7.10266,0.42336,0.0018483,0.21168,0.0018483,0.21168,460.486,0,1.02816,0,0,2.51036,1.4822,1.028160,1,0,44.9116,0,0,0,44.9116,0
62.8876,2.908,0,0,1.8023,0.062407,0.36288,3.6288,61.308,0.631683,0,0,0.986178,0.301992,0.0525036,0.66528,12.849,1,0.580032,0.36288,0,34.9466,5.63419,29.0952,0.84672,12.849,0.84672,3695.15,0,0.0036966,1.90438e-05,1.53642,1.93583,4.7731,1.45173,6.79359,0.42336,0.0018483,0.21168,0.0018483,0.21168,460.486,0,1.02816,0,0,2.56458,1.53642,1.028160,1,0,35.9413,0,0,0,35.9413,0
61.2056,2.89665,0,0,1.63919,0.061636,0.36288,3.6288,61.2925,0.631902,0,0,0.918415,0.301992,0,0.66528,12.849,1,0.591835,0.36288,0,32.5781,5.63419,26.7149,0.84672,12.849,0.84672,3695.15,0,0.0036966,1.90504e-05,1.13669,1.93608,4.25377,1.45173,5.87479,0.42336,0.0018483,0.21168,0.0018483,0.21168,460.486,0,1.02816,0,0,2.16485,1.13669,1.028160,1,0,32.5897,0,0,0,32.5897,0
59.622,2.97076,0,0,1.80602,0.0559772,0.36288,3.6288,61.308,0.66528,0,0,1.08755,0.308738,0.0980542,0.66528,12.849,1,0.623658,0.36288,0,32.5195,5.80641,26.4523,0.84672,12.849,0.84672,3695.15,0,0.0036966,0.0018483,1.68375,1.93634,5.90645,1.48361,8.04108,0.42336,0.0018483,0.21168,0.0018483,0.21168,460.486,0,1.02816,0,0,2.71191,1.68375,1.028160,1,0,34.5914,0,0,0,34.5914,0
58.1539,2.95752,0,0,1.91001,0.0577152,0.36288,3.6288,61.308,0.66528,0,0,1.05311,0.331295,0.0565377,0.66528,12.849,1,0.63737,0.36288,0,30.8893,6.31627,24.2985,0.84672,12.849,0.84672,3695.15,0,0.0036966,0.0018483,1.59442,2.01906,4.72342,1.5703,6.76475,0.42336,0.0018483,0.21168,0.0018483,0.21168,460.486,0,1.02816,0,0,2.62258,1.59442,1.028160,1,0,31.1198,0,0,0,31.1198,0
56.8855,2.94473,0,0,2.09614,0.056902,0.36288,3.6288,61.308,0.66528,0,0,1.30042,0.331295,0.303849,0.66528,12.849,1,0.650634,0.36288,0,39.726,6.31627,33.122,0.84672,12.849,0.84672,3695.15,0,0.0036966,0.0018483,2.2301,2.01933,5.15271,1.5703,7.82998,0.42336,0.0018483,0.21168,0.0018483,0.21168,460.486,0,1.02816,0,0,3.25826,2.2301,1.028160,1,0,41.2558,0,0,0,41.2558,0
55.2171,2.93329,0,0,1.68395,0.0561994,0.36288,3.6288,61.252,0.66528,0,0,0.940585,0.331295,0,0.66528,12.849,1,0.662555,0.36288,0,38.8187,6.31627,32.2027,0.84672,12.849,0.84672,3695.15,0,0.0036966,0.0018483,1.2339,2.01959,4.13643,1.5703,5.81778,0.42336,0.0018483,0.21168,0.0018483,0.21168,460.486,0,1.02816,0,0,2.26206,1.2339,1.028160,1,0,38.0205,0,0,0,38.0205,0
53.9787,2.91743,0,0,2.09718,0.0552751,0.36288,3.6288,61.308,0.66528,0,0,1.60762,0.331177,0.555172,0.66528,12.849,1,0.678885,0.36288,0,35.4534,6.31627,28.8211,0.84672,12.849,0.84672,3695.15,0,0.0036966,0.0018483,3.2508,2.01986,6.39576,1.5703,10.0943,0.42336,0.0018483,0.21168,0.0018483,0.21168,460.486,0,1.02816,0,0,4.27896,3.2508,1.028160,1,0,39.4705,0,0,0,39.4705,0
53.8201,2.81659,0,0,3.0716,0.0506599,0.36288,3.6288,61.308,0.630583,0,0,1.8644,0.337364,0.896453,0.66528,12.849,1,0.670457,0.36288,0,40.1528,6.38621,33.4591,0.84672,12.849,0.84672,3695.15,0,0.0036966,1.90107e-05,2.84554,2.02013,9.49034,1.52966,12.8263,0.42336,0.0018483,0.21168,0.0018483,0.21168,460.486,0,1.02816,0,0,3.8737,2.84554,1.028160,1,0,47.1818,0,0,0,47.1818,0
53.5675,2.81537,0,0,2.97554,0.0499245,0.36288,3.6288,61.308,0.630802,0,0,1.9704,0.338375,1.00122,0.66528,12.849,1,0.67214,0.36288,0,58.2307,6.39786,51.5236,0.84672,12.849,0.84672,3695.15,0,0.0036966,1.90173e-05,3.49232,1.93505,9.13931,1.52289,13.0438,0.42336,0.0018483,0.21168,0.0018483,0.21168,460.486,0,1.02816,0,0,4.52048,3.49232,1.028160,1,0,65.5686,0,0,0,65.5686,0
52.1089,2.81318,0,0,1.76722,0.0497964,0.36288,3.6288,61.308,0.631022,0,0,1.34634,0.338375,0.37694,0.66528,12.849,1,0.674785,0.36288,0,40.4827,6.39786,33.773,0.84672,12.849,0.84672,3695.15,0,0.0036966,1.90239e-05,1.6234,1.93531,5.94086,1.52289,7.97665,0.42336,0.0018483,0.21168,0.0018483,0.21168,460.486,0,1.02816,0,0,2.65156,1.6234,1.028160,1,0,42.1265,0,0,0,42.1265,0
51.3026,2.7984,0,0,2.44034,0.0853756,0.36288,3.6288,61.308,0.631241,0,0,1.84725,0.338615,0.877394,0.66528,12.849,1,0.690029,0.36288,0,42.6077,6.12315,36.1574,0.84672,12.849,0.84672,3695.15,0,0.0036966,1.90305e-05,2.03151,1.93556,7.97406,1.47159,10.4695,0.42336,0.0018483,0.21168,0.0018483,0.21168,460.486,0,1.02816,0,0,3.05967,2.03151,1.028160,1,0,47.5043,0,0,0,47.5043,0
53.8154,2.81446,0,0,5.85754,0.167375,0.36288,3.6288,61.308,0.611279,0,0,2.82404,0.312717,1.90005,0.66528,12.849,1,0.704896,0.36288,0,48.8656,5.4668,43.0568,0.84672,12.849,0.84672,3695.15,0,0.0036966,1.84287e-05,5.87345,1.93582,15.255,1.26708,21.7972,0.42336,0.0018483,0.21168,0.0018483,0.21168,460.486,0,1.02816,0,0,6.90161,5.87345,1.028160,1,0,66.754,0,0,0,66.754,0
52.3227,2.84141,0,0,1.91118,0.199563,0.36288,3.6288,61.308,0.611496,0,0,1.1274,0.252005,0.263899,0.66528,12.849,1,0.678416,0.36288,0,43.2873,5.105,37.8668,0.84672,12.849,0.84672,3695.15,0,0.0036966,1.84352e-05,1.43682,1.92619,4.42738,1.15125,6.63912,0.42336,0.0018483,0.21168,0.0018483,0.21168,460.486,0,1.02816,0,0,2.46498,1.43682,1.028160,1,0,44.7698,0,0,0,44.7698,0
53.7472,2.82624,0,0,4.79686,0.183212,0.36288,3.6288,61.308,0.611712,0,0,1.70528,0.246048,0.847516,0.66528,12.849,1,0.694046,0.36288,0,41.5589,4.96099,36.2668,0.84672,12.849,0.84672,3695.15,0,0.0036966,1.84418e-05,2.55768,1.92645,9.26244,1.18345,12.5631,0.42336,0.0018483,0.21168,0.0018483,0.21168,460.486,0,1.02816,0,0,3.58584,2.55768,1.028160,1,0,49.6774,0,0,0,49.6774,0
60.244,2.84146,0,0,9.89584,0.194734,0.36288,3.6288,61.308,0.611929,0,0,2.74141,0.204826,1.92466,0.66528,12.849,1,0.67929,0.36288,0,114.24,4.06782,109.856,0.84672,12.849,0.84672,3695.15,0,0.0036966,1.84483e-05,4.35648,1.9267,20.8276,1.04692,26.0638,0.42336,0.0018483,0.21168,0.0018483,0.21168,460.486,0,1.02816,0,0,5.38464,4.35648,1.028160,1,0,137.844,0,0,0,137.844,0
62.1874,2.68366,0,0,5.21684,0.226863,0.36288,3.6288,61.308,0.447386,0,0,2.37704,0.196668,1.73298,0.66528,12.849,1,0.572378,0.36288,0,66.7455,3.84505,62.6909,0.84672,12.849,0.84672,3695.15,0,0.0036966,1.34877e-05,2.81484,1.92695,11.0738,0.985043,14.8305,0.42336,0.0018483,0.21168,0.0018483,0.21168,460.486,0,1.02816,0,0,3.843,2.81484,1.028160,1,0,79.2544,0,0,0,79.2544,0
62.3131,2.69884,0,0,3.46557,0.278181,0.36288,3.6288,61.308,0.447581,0,0,3.36568,0.227592,2.6905,0.66528,12.849,1,0.557628,0.36288,0,67.7329,4.19129,63.3469,0.84672,12.849,0.84672,3695.15,0,0.0036966,1.34936e-05,3.53576,1.75021,11.0966,1.04448,15.3381,0.42336,0.0018483,0.21168,0.0018483,0.21168,460.486,0,1.02816,0,0,4.56392,3.53576,1.028160,1,0,81.3755,0,0,0,81.3755,0
65.5515,2.70013,0,0,6.57989,0.278469,0.36288,3.6288,61.308,0.447776,0,0,2.87661,0.227592,2.20124,0.66528,12.849,1,0.556769,0.36288,0,101.969,4.19129,97.5841,0.84672,12.849,0.84672,3695.15,0,0.0036966,1.34994e-05,3.9369,1.75045,12.5762,1.04448,17.2191,0.42336,0.0018483,0.21168,0.0018483,0.21168,460.486,0,1.02816,0,0,4.96506,3.9369,1.028160,1,0,117.004,0,0,0,117.004,0
68.677,2.72349,0,0,6.49769,0.285871,0.36288,3.6288,61.308,0.447971,0,0,4.08021,0.227592,3.40464,0.66528,12.849,1,0.533842,0.36288,0,149.476,4.19129,145.114,0.84672,12.849,0.84672,3695.15,0,0.0036966,1.35053e-05,3.91365,1.75068,13.3576,1.04448,17.9775,0.42336,0.0018483,0.21168,0.0018483,0.21168,460.486,0,1.02816,0,0,4.94181,3.91365,1.028160,1,0,166.496,0,0,0,166.496,0
68.9569,2.74432,0,0,3.69327,0.306092,0.36288,3.6288,61.308,0.448166,0,0,1.91032,0.174637,1.28752,0.66528,12.849,1,0.513445,0.36288,0,65.9036,3.61379,62.1392,0.84672,12.849,0.84672,3695.15,0,0.0036966,1.35112e-05,2.18154,1.75091,10.5103,0.887894,13.5548,0.42336,0.0018483,0.21168,0.0018483,0.21168,460.486,0,1.02816,0,0,3.2097,2.18154,1.028160,1,0,76.9816,0,0,0,76.9816,0
72.29,2.83247,0,0,7.11332,0.304179,0.643601,3.6288,61.308,0.496094,0,0,4.01967,0.225393,3.29819,0.66528,12.849,1,0.527784,0.643601,0,119.074,4.21948,114.971,0.84672,12.849,0.84672,3695.15,0,0.0036966,1.49561e-05,4.34814,1.75114,17.4798,1.08301,22.4961,0.42336,0.0018483,0.21168,0.0018483,0.21168,460.486,0,1.02816,0,0,5.3763,4.34814,1.028160,1,0,140.765,0,0,0,140.765,0
72.29,2.85348,0,0,6.33381,0.29121,3.18912,3.6288,61.308,0.496281,0,0,1.30914,0.21086,0.602001,0.66528,12.849,1,0.507185,3.18912,0,103.022,4.09439,101.61,0.84672,12.849,0.84672,3695.15,0,0.0036966,1.49618e-05,2.83398,1.80738,11.3825,0.896293,15.1276,0.42336,0.0018483,0.21168,0.0018483,0.21168,460.486,0,1.02816,0,0,3.86214,2.83398,1.028160,1,0,117.34,0,0,0,117.34,0
72.29,2.85383,0,0,5.60719,0.28791,2.46544,3.6288,61.308,0.496468,0,0,1.11855,0.205054,0.41703,0.66528,12.849,1,0.507247,2.46544,0,92.0385,4.03315,89.9635,0.84672,12.849,0.84672,3695.15,0,0.0036966,1.49674e-05,2.4432,1.8076,10.1629,0.852165,13.5615,0.42336,0.0018483,0.21168,0.0018483,0.21168,460.486,0,1.02816,0,0,3.47136,2.4432,1.028160,1,0,103.942,0,0,0,103.942,0
72.29,2.85418,0,0,5.09888,0.28791,1.95679,3.6288,61.308,0.496655,0,0,1.01755,0.205054,0.315841,0.66528,12.849,1,0.50731,1.95679,0,83.2628,4.03315,80.6791,0.84672,12.849,0.84672,3695.15,0,0.0036966,1.4973e-05,2.13729,1.80782,9.34667,0.852165,12.4396,0.42336,0.0018483,0.21168,0.0018483,0.21168,460.486,0,1.02816,0,0,3.16545,2.13729,1.028160,1,0,93.4346,0,0,0,93.4346,0
72.29,3.13296,0,0,4.74218,0.290857,1.31836,3.6288,61.308,0.66528,0,0,1.0653,0.202209,0.197814,0.66528,12.849,1,0.55686,1.31836,0,81.2264,3.78634,78.2015,0.84672,12.849,0.84672,3695.15,0,0.0036966,0.0018483,1.95269,1.80804,9.67818,0.823714,12.6134,0.42336,0.0018483,0.21168,0.0018483,0.21168,460.486,0,1.02816,0,0,2.98085,1.95269,1.028160,1,0,91.0127,0,0,0,91.0127,0
72.29,3.13334,0,0,4.7375,0.298226,1.30593,3.6288,61.308,0.66528,0,0,1.23402,0.195097,0.373639,0.66528,12.849,1,0.556928,1.30593,0,86.0933,3.16932,83.673,0.84672,12.849,0.84672,3695.15,0,0.0036966,0.0018483,1.73585,2.00825,10.8959,0.752586,13.8856,0.42336,0.0018483,0.21168,0.0018483,0.21168,460.486,0,1.02816,0,0,2.76401,1.73585,1.028160,1,0,97.9322,0,0,0,97.9322,0
72.29,3.13373,0,0,4.72801,0.298226,1.29605,3.6288,61.308,0.66528,0,0,1.24824,0.195097,0.387861,0.66528,12.849,1,0.556996,1.29605,0,84.3091,3.16932,81.8789,0.84672,12.849,0.84672,3695.15,0,0.0036966,0.0018483,1.55633,2.0085,8.63395,0.752586,11.4443,0.42336,0.0018483,0.21168,0.0018483,0.21168,460.486,0,1.02816,0,0,2.58449,1.55633,1.028160,1,0,93.7111,0,0,0,93.7111,0
72.29,3.13411,0,0,4.32242,0.282629,0.905678,3.6288,61.308,0.66528,0,0,1.33653,0.217308,0.453942,0.66528,12.849,1,0.557065,0.905678,0,79.6504,3.95145,76.0476,0.84672,12.849,0.84672,3695.15,0,0.0036966,0.0018483,1.67321,2.00874,9.99492,1.01361,12.6614,0.42336,0.0018483,0.21168,0.0018483,0.21168,460.486,0,1.02816,0,0,2.70137,1.67321,1.028160,1,0,89.163,0,0,0,89.163,0
72.29,2.73718,0,0,4.36362,0.267461,1.35898,3.6288,61.308,0.436237,0,0,1.1243,0.203271,0.484789,0.66528,12.849,1,0.486513,1.35898,0,74.8399,4.24604,71.4663,0.84672,12.849,0.84672,3695.15,0,0.0036966,1.31516e-05,1.53948,2.00899,9.69179,1.09962,12.1406,0.42336,0.0018483,0.21168,0.0018483,0.21168,460.486,0,1.02816,0,0,2.56764,1.53948,1.028160,1,0,84.0917,0,0,0,84.0917,0
72.132,2.73752,0,0,3.2205,0.278138,0.36288,3.6288,61.308,0.436417,0,0,1.00077,0.165629,0.398726,0.66528,12.849,1,0.486573,0.36288,0,65.3643,3.85906,61.3815,0.84672,12.849,0.84672,3695.15,0,0.0036966,1.3157e-05,1.23396,1.73554,6.97473,0.936963,9.00725,0.42336,0.0018483,0.21168,0.0018483,0.21168,460.486,0,1.02816,0,0,2.26212,1.23396,1.028160,1,0,70.7875,0,0,0,70.7875,0
72.29,2.73695,0,0,4.53249,0.277805,1.35971,3.6288,61.308,0.436596,0,0,1.83996,0.165629,1.23773,0.66528,12.849,1,0.487537,1.35971,0,100.458,3.85906,97.4712,0.84672,12.849,0.84672,3695.15,0,0.0036966,1.31624e-05,2.09447,1.73575,12.8464,0.936963,15.7396,0.42336,0.0018483,0.21168,0.0018483,0.21168,460.486,0,1.02816,0,0,3.12263,2.09447,1.028160,1,0,114.449,0,0,0,114.449,0
72.29,2.73819,0,0,4.00823,0.278138,0.9919,3.6288,61.308,0.436776,0,0,1.12495,0.165629,0.522541,0.66528,12.849,1,0.486692,0.9919,0,99.8706,3.85906,96.5168,0.84672,12.849,0.84672,3695.15,0,0.0036966,1.31678e-05,1.44164,1.73596,8.16212,0.936963,10.4028,0.42336,0.0018483,0.21168,0.0018483,0.21168,460.486,0,1.02816,0,0,2.4698,1.44164,1.028160,1,0,107.442,0,0,0,107.442,0
72.2108,2.73852,0,0,3.34924,0.327051,0.36288,3.6288,61.308,0.436956,0,0,0.967291,0.100663,0.429672,0.66528,12.849,1,0.486752,0.36288,0,70.0514,3.11414,66.8134,0.84672,12.849,0.84672,3695.15,0,0.0036966,1.31732e-05,1.12844,1.73618,6.88154,0.729926,9.01622,0.42336,0.0018483,0.21168,0.0018483,0.21168,460.486,0,1.02816,0,0,2.1566,1.12844,1.028160,1,0,76.2593,0,0,0,76.2593,0
71.9119,2.83846,0,0,3.21786,0.31537,0.36288,3.6288,61.308,0.496067,0,0,0.917689,0.164901,0.256721,0.66528,12.849,1,0.505068,0.36288,0,55.0164,3.26889,51.6053,0.84672,12.849,0.84672,3695.15,0,0.0036966,1.49553e-05,0.706916,1.73639,6.46088,0.926607,7.97756,0.42336,0.0018483,0.21168,0.0018483,0.21168,460.486,0,1.02816,0,0,1.73508,0.706916,1.028160,1,0,59.8396,0,0,0,59.8396,0
71.1494,2.83703,0,0,2.7488,0.31139,0.36288,3.6288,61.308,0.56494,0,0,0.807391,0.177412,0.0650388,0.66528,12.849,1,0.506911,0.36288,0,60.3112,3.31537,56.8518,0.84672,12.849,0.84672,3695.15,0,0.0036966,1.70317e-05,0.558835,1.80422,5.88485,0.965139,7.28275,0.42336,0.0018483,0.21168,0.0018483,0.21168,460.486,0,0.959472,0,0,1.51831,0.558835,1.028160,1,0,64.1996,0,0,0,64.1996,0
70.0237,2.83277,0,0,2.37949,0.309583,0.36288,3.6288,61.2839,0.496441,0,0,0.649762,0.177412,0,0.66528,12.849,1,0.511576,0.36288,0,42.0043,3.31537,38.5402,0.84672,12.849,0.84672,3695.15,0,0.0036966,1.49666e-05,0.739532,1.80444,4.78651,0.965139,6.36533,0.42336,0.0018483,0.21168,0.0018483,0.21168,460.486,0,1.02816,0,0,1.76769,0.739532,1.028160,1,0,44.9056,0,0,0,44.9056,0
68.9297,2.82617,0,0,2.38218,0.287157,0.36288,3.6288,61.2182,0.496628,0,0,0.564112,0.133159,0,0.66528,12.849,1,0.518588,0.36288,0,45.8837,2.43855,43.2894,0.84672,12.849,0.84672,3695.15,0,0.0036966,1.49781e-05,0.612179,1.80466,3.76604,0.842271,5.34059,0.42336,0.0018483,0.21168,0.0018483,0.21168,460.486,0,1.02816,0,0,1.64034,0.612179,1.028160,1,0,48.63,0,0,0,48.63,0
68.1887,2.78072,0,0,2.6579,0.255301,0.36288,3.6288,61.308,0.473916,0,0,0.821099,0.156081,0.101336,0.66528,12.849,1,0.518346,0.36288,0,51.3254,2.97066,48.1993,0.84672,12.849,0.84672,3695.15,0,0.0036966,1.43085e-05,0.924463,1.80488,4.53914,0.916523,6.35195,0.42336,0.0018483,0.21168,0.0018483,0.21168,460.486,0,1.02816,0,0,1.95262,0.924463,1.028160,1,0,54.6526,0,0,0,54.6526,0
66.8267,2.77632,0,0,2.01495,0.237726,0.36288,3.6288,61.308,0.4741,0,0,0.85523,0.186683,0.194447,0.66528,12.849,1,0.52315,0.36288,0,44.2214,3.63279,40.4284,0.84672,12.849,0.84672,3695.15,0,0.0036966,1.42931e-05,0.754376,1.77877,4.61727,1.00907,6.14133,0.42336,0.0018483,0.21168,0.0018483,0.21168,460.486,0,1.02816,0,0,1.78254,0.754376,1.028160,1,0,46.7641,0,0,0,46.7641,0
65.2588,2.76771,0,0,1.79787,0.23519,0.36288,3.6288,61.308,0.474284,0,0,0.842201,0.186683,0.181234,0.66528,12.849,1,0.532158,0.36288,0,38.1545,3.63279,34.3524,0.84672,12.849,0.84672,3695.15,0,0.0036966,1.42986e-05,0.761651,1.77899,5.66049,1.00907,7.19204,0.42336,0.0018483,0.21168,0.0018483,0.21168,460.486,0,1.02816,0,0,1.78981,0.761651,1.028160,1,0,41.7257,0,0,0,41.7257,0
64.2755,2.75737,0,0,2.36928,0.232271,0.36288,3.6288,61.308,0.474469,0,0,0.940386,0.186683,0.279235,0.66528,12.849,1,0.542907,0.36288,0,42.1187,3.63279,38.3059,0.84672,12.849,0.84672,3695.15,0,0.0036966,1.43042e-05,0.862635,1.77921,4.92559,1.00907,6.55835,0.42336,0.0018483,0.21168,0.0018483,0.21168,460.486,0,1.02816,0,0,1.89079,0.862635,1.028160,1,0,45.1435,0,0,0,45.1435,0
63.0103,2.88127,0,0,2.18274,0.203833,0.36288,3.6288,61.308,0.555901,0,0,0.909904,0.193539,0.160464,0.66528,12.849,1,0.575981,0.36288,0,46.6236,3.83891,42.5716,0.84672,12.849,0.84672,3695.15,0,0.0036966,1.67592e-05,0.828714,1.77943,4.71786,0.984072,6.34192,0.42336,0.0018483,0.21168,0.0018483,0.21168,460.486,0,1.02816,0,0,1.85687,0.828714,1.028160,1,0,49.074,0,0,0,49.074,0
61.5096,2.87202,0,0,1.88409,0.149863,0.36288,3.6288,61.308,0.556096,0,0,0.853597,0.207896,0.0896054,0.66528,12.849,1,0.585659,0.36288,0,40.3485,4.26289,35.8629,0.84672,12.849,0.84672,3695.15,0,0.0036966,1.6765e-05,0.975741,1.87176,4.97395,0.984515,6.83693,0.42336,0.0018483,0.21168,0.0018483,0.21168,460.486,0,1.02816,0,0,2.0039,0.975741,1.028160,1,0,42.7894,0,0,0,42.7894,0
59.9482,2.86055,0,0,1.80301,0.141039,0.36288,3.6288,61.308,0.55629,0,0,0.897497,0.209682,0.131526,0.66528,12.849,1,0.597551,0.36288,0,37.9102,4.31708,33.3585,0.84672,12.849,0.84672,3695.15,0,0.0036966,1.67709e-05,0.964518,1.87199,5.18185,0.974485,7.04386,0.42336,0.0018483,0.21168,0.0018483,0.21168,460.486,0,1.02816,0,0,1.99268,0.964518,1.028160,1,0,40.5339,0,0,0,40.5339,0
58.3205,2.84808,0,0,1.72244,0.139159,0.36288,3.6288,61.308,0.556484,0,0,0.901299,0.209682,0.135133,0.66528,12.849,1,0.610443,0.36288,0,35.6186,4.31708,31.0539,0.84672,12.849,0.84672,3695.15,0,0.0036966,1.67768e-05,0.876735,1.87222,4.98271,0.974485,6.75717,0.42336,0.0018483,0.21168,0.0018483,0.21168,460.486,0,1.02816,0,0,1.9049,0.876735,1.028160,1,0,37.9462,0,0,0,37.9462,0
56.5965,2.83446,0,0,1.61034,0.136992,0.36288,3.6288,61.308,0.556679,0,0,0.839022,0.209682,0.0726615,0.66528,12.849,1,0.62448,0.36288,0,33.2429,4.31708,28.6642,0.84672,12.849,0.84672,3695.15,0,0.0036966,1.67826e-05,0.77474,1.87245,4.71987,0.974485,6.39256,0.42336,0.0018483,0.21168,0.0018483,0.21168,460.486,0,1.02816,0,0,1.8029,0.77474,1.028160,1,0,35.1295,0,0,0,35.1295,0
55.0787,2.79405,0,0,1.751,0.111889,0.36288,3.6288,61.2378,0.601556,0,0,0.756259,0.224918,0,0.66528,12.849,1,0.634329,0.36288,0,29.3043,4.50948,24.5234,0.84672,12.849,0.84672,3695.15,0,0.0036966,1.81356e-05,0.46459,1.87268,3.82846,0.970134,5.19558,0.42336,0.0018483,0.21168,0.0018483,0.21168,460.486,0,1.02816,0,0,1.49275,0.46459,1.028160,1,0,29.7189,0,0,0,29.7189,0
53.5353,2.78022,0,0,1.70795,0.108214,0.36288,3.6288,61.1326,0.601756,0,0,0.729631,0.233076,0,0.66528,12.849,1,0.648582,0.36288,0,27.3303,4.53151,22.5131,0.84672,12.849,0.84672,3695.15,0,0.0036966,1.81624e-05,0.390597,1.90163,3.69504,1.01065,4.9766,0.42336,0.0018483,0.21168,0.0018483,0.21168,460.486,0,1.02816,0,0,1.41876,0.390597,1.028160,1,0,27.4897,0,0,0,27.4897,0
51.8151,2.76548,0,0,1.49464,0.0864587,0.36288,3.6288,60.9436,0.610656,0,0,0.689394,0.267725,0,0.66528,12.849,1,0.663741,0.36288,0,25.6814,5.27784,20.1027,0.84672,12.849,0.84672,3695.15,0,0.0036966,1.84627e-05,0.261274,1.90186,3.59572,1.26984,4.48899,0.42336,0.0018483,0.21168,0.0018483,0.21168,460.486,0,1.01946,0,0,1.28073,0.261274,1.028160,1,0,24.5917,0,0,0,24.5917,0
50.0627,2.74815,0,0,1.44386,0.0852867,0.36288,3.6288,60.7579,0.602155,0,0,0.678517,0.262058,0,0.66528,12.849,1,0.681481,0.36288,0,23.6431,5.54904,17.7755,0.84672,12.849,0.84672,3695.15,0,0.0036966,1.82622e-05,0.347777,1.90209,3.59094,1.37044,4.47036,0.42336,0.0018483,0.21168,0.0018483,0.21168,460.486,0,1.02816,0,0,1.37594,0.347777,1.028160,1,0,22.2458,0,0,0,22.2458,0
48.1296,2.7932,0,0,1.30163,0.0785866,0.36288,3.6288,60.1903,0.827485,0,0,0.548439,0.288542,0,0.66528,12.849,1,0.716899,0.36288,0,21.7312,5.79362,15.5835,0.84672,12.849,0.84672,3695.15,0,0.0036966,2.51727e-05,0.261274,1.90233,3.26462,1.41527,4.01293,0.42336,0.0018483,0.21168,0.0018483,0.21168,460.486,0,0.842867,0,0,1.10414,0.261274,1.028160,1,0,19.5965,0,0,0,19.5965,0
46.0938,2.77082,0,0,1.16813,0.0702455,0.36288,3.6288,59.0606,1.21846,0,0,0.411858,0.323098,0,0.66528,12.849,1,0.739715,0.36288,0,20.7079,6.11971,14.2114,0.84672,12.849,0.84672,3695.15,0,0.0036966,3.74161e-05,0.261274,1.94835,2.59705,1.47504,3.33159,0.42336,0.0018483,0.21168,0.0018483,0.21168,460.486,0,0.452079,0,0,0.713353,0.261274,1.028160,1,0,17.543,0,0,0,17.543,0
43.9802,2.7456,0,0,1.06354,0.0686872,0.36288,3.6288,57.8024,1.32842,0,0,0.391008,0.320775,0,0.66528,12.849,1,0.765357,0.36288,0,18.8724,6.11971,12.3502,0.84672,12.849,0.84672,3695.15,0,0.0036966,4.1573e-05,0.261274,1.94858,2.42245,1.47504,3.15722,0.42336,0.0018483,0.21168,0.0018483,0.21168,460.486,0,0.34232,0,0,0.603594,0.261274,1.028160,1,0,15.5074,0,0,0,15.5074,0
42.0911,2.71747,0,0,1.24865,0.0574054,0.36288,3.6288,56.9594,1.02361,0,0,0.48846,0.30784,0,0.66528,12.849,1,0.793919,0.36288,0,19.7279,6.29457,13.0023,0.84672,12.849,0.84672,3695.15,0,0.0036966,3.27313e-05,0.227405,1.94882,3.67976,1.52289,4.33307,0.42336,0.0018483,0.21168,0.0018483,0.21168,460.486,0,0.647343,0,0,0.874748,0.227405,1.028160,1,0,17.3353,0,0,0,17.3353,0
40.1853,2.77183,0,0,1.2811,0.0521434,0.36288,3.6288,56.1487,1.01682,0,0,0.492623,0.286565,0,0.66528,12.849,1,0.846147,0.36288,0,20.2849,6.35324,13.4484,0.84672,12.849,0.84672,3695.15,0,0.0036966,0.0018483,0.227405,1.94906,3.10719,1.55182,3.72998,0.42336,0.0018483,0.21168,0.0018483,0.21168,460.486,0,0.676624,0,0,0.904029,0.227405,1.028160,1,0,17.1784,0,0,0,17.1784,0
38.3003,2.77169,0,0,1.29435,0.0448348,0.36288,3.6288,55.0007,1.19229,0,0,0.398619,0.354307,0,0.66528,12.849,1,0.84672,0.36288,0,19.0889,6.75588,11.8492,0.84672,12.849,0.84672,3695.15,0,0.0036966,0.0018483,0.227405,2.03231,2.949,1.50581,3.70105,0.42336,0.0018483,0.21168,0.0018483,0.21168,460.486,0,0.501146,0,0,0.728551,0.227405,1.028160,1,0,15.5502,0,0,0,15.5502,0
36.5274,2.77213,0,0,1.40577,0.0436964,0.36288,3.6288,54.0781,1.04429,0,0,0.462489,0.340732,0,0.66528,12.849,1,0.84672,0.36288,0,21.4225,6.74782,14.1909,0.84672,12.849,0.84672,3695.15,0,0.0036966,0.0018483,0.227405,2.03256,2.75877,1.51281,3.50408,0.42336,0.0018483,0.21168,0.0018483,0.21168,460.486,0,0.649149,0,0,0.876554,0.227405,1.028160,1,0,17.6949,0,0,0,17.6949,0
34.477,2.77257,0,0,1.12788,0.0427928,0.36288,3.6288,52.9084,1.19471,0,0,0.363671,0.338662,0,0.66528,12.849,1,0.84672,0.36288,0,25.1976,6.74782,17.9659,0.84672,12.849,0.84672,3695.15,0,0.0036966,0.0018483,0.204422,2.03281,2.29168,1.51281,3.01426,0.42336,0.0018483,0.21168,0.0018483,0.21168,460.486,0,0.498727,0,0,0.703149,0.204422,1.028160,1,0,20.9802,0,0,0,20.9802,0
32.6351,2.773,0,0,1.33578,0.0417478,0.36288,3.6288,52.2878,0.840125,0,0,0.55513,0.33563,0,0.66528,12.849,1,0.84672,0.36288,0,21.6276,6.74782,14.396,0.84672,12.849,0.84672,3695.15,0,0.0036966,0.0018483,0.204422,2.03306,3.09906,1.51281,3.82188,0.42336,0.0018483,0.21168,0.0018483,0.21168,460.486,0,0.853315,0,0,1.05774,0.204422,1.028160,1,0,18.2179,0,0,0,18.2179,0
30.749,2.66299,0,0,1.16218,0.0224291,0.36288,3.6288,51.7102,0.641384,0,0,0.437807,0.37409,0,0.66528,12.849,1,0.84672,0.36288,0,19.8577,6.52012,12.8537,0.84672,12.849,0.84672,3695.15,0,0.0036966,2.2672e-05,0.306582,2.03331,2.54917,1.53621,3.35282,0.42336,0.0018483,0.21168,0.0018483,0.21168,460.486,0,1.02816,0,0,1.33474,0.306582,1.028160,1,0,16.2065,0,0,0,16.2065,0
28.8981,2.66341,0,0,1.21622,0.0408146,0.36288,3.6288,51.1683,0.641589,0,0,0.462167,0.362472,0,0.66528,12.849,1,0.84672,0.36288,0,14.9834,6.20818,8.29138,0.84672,12.849,0.84672,3695.15,0,0.0036966,2.29326e-05,0.476919,1.94765,2.16693,1.46972,3.12176,0.42336,0.0018483,0.21168,0.0018483,0.21168,460.486,0,1.02816,0,0,1.50508,0.476919,1.028160,1,0,11.4131,0,0,0,11.4131,0
27.5248,2.66383,0,0,1.71228,0.0589035,0.36288,3.6288,50.6865,0.641793,0,0,0.501598,0.341578,0,0.66528,12.849,1,0.84672,0.36288,0,16.7238,6.04254,10.1974,0.84672,12.849,0.84672,3695.15,0,0.0036966,2.31829e-05,0.674395,1.94789,1.93091,1.41282,3.14035,0.42336,0.0018483,0.21168,0.0018483,0.21168,460.486,0,1.02816,0,0,1.70256,0.674395,1.028160,1,0,13.3377,0,0,0,13.3377,0
26.7907,2.66425,0,0,2.35087,0.0578036,0.36288,3.6288,50.5155,0.641998,0,0,0.811304,0.340242,0,0.66528,12.849,1,0.84672,0.36288,0,32.1291,6.04254,25.6028,0.84672,12.849,0.84672,3695.15,0,0.0036966,2.34107e-05,1.78199,1.94813,3.42641,1.41282,5.74369,0.42336,0.0018483,0.21168,0.0018483,0.21168,460.486,0,1.02816,0,0,2.81015,1.78199,1.028160,1,0,31.3464,0,0,0,31.3464,0
25.2529,2.69534,0,0,1.59877,0.078398,0.36288,3.6288,50.1592,0.62189,0,0,0.571498,0.305921,0,0.66528,12.849,1,0.84672,0.36288,0,37.9961,5.43807,32.0742,0.84672,12.849,0.84672,3695.15,0,0.0036966,2.27542e-05,0.799183,1.94837,2.96714,1.32643,4.38824,0.42336,0.0018483,0.21168,0.0018483,0.21168,460.486,0,1.02816,0,0,1.82734,0.799183,1.028160,1,0,36.4625,0,0,0,36.4625,0
23.4861,2.69576,0,0,1.42036,0.128526,0.36288,3.6288,49.6193,0.784138,0,0,0.464823,0.220658,0,0.66528,12.849,1,0.84672,0.36288,0,39.7873,3.9269,35.3765,0.84672,12.849,0.84672,3695.15,0,0.0036966,2.88944e-05,0.216518,1.93866,4.41981,1.11044,5.46452,0.42336,0.0018483,0.21168,0.0018483,0.21168,460.486,0,0.866108,0,0,1.08263,0.216518,1.028160,1,0,40.8411,0,0,0,40.8411,0
23.8285,2.69618,0,0,3.52674,0.125278,0.36288,3.6288,50.0101,0.622294,0,0,1.23285,0.219683,0,0.66528,12.849,1,0.84672,0.36288,0,65.6964,3.9269,61.2857,0.84672,12.849,0.84672,3695.15,0,0.0036966,2.31802e-05,1.96468,1.9389,6.76115,1.11044,9.55426,0.42336,0.0018483,0.21168,0.0018483,0.21168,460.486,0,1.02816,0,0,2.99284,1.96468,1.028160,1,0,70.8399,0,0,0,70.8399,0
25.5518,2.69662,0,0,4.90869,0.125907,0.36288,3.6288,50.877,0.622497,0,0,1.70973,0.220389,0,0.66528,12.849,1,0.84672,0.36288,0,99.1552,3.9269,94.7445,0.84672,12.849,0.84672,3695.15,0,0.0036966,2.30066e-05,4.32821,1.93914,9.15716,1.11044,14.314,0.42336,0.0018483,0.21168,0.0018483,0.21168,460.486,0,1.02816,0,0,5.35637,4.32821,1.028160,1,0,109.059,0,0,0,109.059,0
26.9885,2.43018,0,0,4.3886,0.158837,0.36288,3.6288,51.6809,0.45688,0,0,1.49778,0.237018,0,0.66528,12.849,1,0.84672,0.36288,0,50.3905,3.49702,46.4096,0.84672,12.849,0.84672,3695.15,0,0.0036966,1.65979e-05,2.86052,1.93938,7.46932,0.96196,11.3072,0.42336,0.0018483,0.21168,0.0018483,0.21168,460.486,0,1.02816,0,0,3.88868,2.86052,1.028160,1,0,57.7168,0,0,0,57.7168,0
26.9009,2.3813,0,0,2.81213,0.155486,0.36288,3.6288,52.1412,0.506356,0,0,1.15134,0.184666,0,0.66528,12.849,1,0.84672,0.36288,0,58.9097,4.10812,54.3177,0.84672,12.849,0.84672,3695.15,0,0.0036966,1.81092e-05,1.0564,1.76148,8.57537,0.975762,10.4175,0.42336,0.0018483,0.21168,0.0018483,0.21168,460.486,0,1.02816,0,0,2.08456,1.0564,1.028160,1,0,64.7352,0,0,0,64.7352,0
31.4864,2.38189,0,0,7.48558,0.155296,0.36288,3.6288,54.0863,0.506356,0,0,2.63682,0.185353,0,0.66528,12.849,1,0.84672,0.36288,0,106.194,4.10812,101.602,0.84672,12.849,0.84672,3695.15,0,0.0036966,1.79493e-05,2.97367,1.79054,13.0798,0.975762,16.8683,0.42336,0.0018483,0.21168,0.0018483,0.21168,460.486,0,1.02816,0,0,4.00183,2.97367,1.028160,1,0,118.471,0,0,0,118.471,0
37.0673,2.38249,0,0,8.49149,0.165217,0.36288,3.6288,55.2207,0.506357,0,0,1.82895,0.188194,0,0.66528,12.849,1,0.84672,0.36288,0,165.696,4.10812,161.104,0.84672,12.849,0.84672,3695.15,0,0.0036966,1.73038e-05,1.94388,1.79065,11.9801,0.975762,14.7389,0.42336,0.0018483,0.21168,0.0018483,0.21168,460.486,0,1.02816,0,0,2.97204,1.94388,1.028160,1,0,175.843,0,0,0,175.843,0
39.2688,2.39843,0,0,5.1462,0.183403,0.36288,3.6288,56.2527,0.506357,0,0,1.71669,0.178326,0,0.66528,12.849,1,0.831389,0.36288,0,95.8815,4.2213,91.1917,0.84672,12.849,0.84672,3695.15,0,0.0036966,1.69484e-05,1.86938,1.79076,11.3719,0.879463,14.1525,0.42336,0.0018483,0.21168,0.0018483,0.21168,460.486,0,1.02816,0,0,2.89754,1.86938,1.028160,1,0,105.344,0,0,0,105.344,0
42.4166,2.43369,0,0,6.13392,0.189563,0.36288,3.6288,57.5505,0.506175,0,0,2.00979,0.205853,0,0.66528,12.849,1,0.796317,0.36288,0,126.855,4.54599,121.876,0.84672,12.849,0.84672,3695.15,0,0.0036966,1.66315e-05,1.95481,1.79087,11.2298,1.13811,13.8374,0.42336,0.0018483,0.21168,0.0018483,0.21168,460.486,0,1.02816,0,0,2.98297,1.95481,1.028160,1,0,135.713,0,0,0,135.713,0
46.0187,2.55818,0,0,6.71878,0.195702,0.36288,3.6288,59.3052,0.554396,0,0,2.54011,0.230939,0,0.66528,12.849,1,0.774934,0.36288,0,194.075,4.75555,188.908,0.84672,12.849,0.84672,3695.15,0,0.0036966,1.78051e-05,2.17912,1.79076,11.1457,1.36098,13.7546,0.42336,0.0018483,0.21168,0.0018483,0.21168,460.486,0,1.02816,0,0,3.20728,2.17912,1.028160,1,0,202.662,0,0,0,202.662,0
49.6447,2.6436,0,0,6.8364,0.203894,0.36288,3.6288,61.1982,0.50635,0,0,2.63291,0.233563,0,0.66528,12.849,1,0.738127,0.36288,0,184.474,4.75555,179.344,0.84672,12.849,0.84672,3695.15,0,0.0036966,1.57809e-05,2.70931,1.84734,10.9793,1.36098,14.1749,0.42336,0.0018483,0.21168,0.0018483,0.21168,460.486,0,1.02816,0,0,3.73747,2.70931,1.028160,1,0,193.519,0,0,0,193.519,0
59.8291,2.68687,0,0,13.4415,0.207324,0.36288,3.6288,61.308,0.506351,0,0,4.87116,0.233963,4.02107,0.66528,12.849,1,0.695415,0.36288,0,270.104,4.73965,265.031,0.84672,12.849,0.84672,3695.15,0,0.0036966,1.52927e-05,3.69815,1.81933,17.4308,1.33356,21.6147,0.42336,0.0018483,0.21168,0.0018483,0.21168,460.486,0,1.02816,0,0,4.72631,3.69815,1.028160,1,0,290.667,0,0,0,290.667,0
65.444,2.78479,0,0,8.99372,0.231166,0.36288,3.6288,61.308,0.506352,0,0,4.80136,0.25447,4.04054,0.66528,12.849,1,0.598067,0.36288,0,369.895,4.25513,365.404,0.84672,12.849,0.84672,3695.15,0,0.0036966,1.52654e-05,3.87294,1.81943,17.9484,1.12883,22.5119,0.42336,0.0018483,0.21168,0.0018483,0.21168,460.486,0,1.02816,0,0,4.9011,3.87294,1.028160,1,0,391.957,0,0,0,391.957,0
70.2656,2.99749,0,0,8.44067,0.258733,0.36288,3.6288,61.308,0.628199,0,0,5.7836,0.263686,4.89171,0.66528,12.849,1,0.588515,0.36288,0,236.65,4.12871,232.295,0.84672,12.849,0.84672,3695.15,0,0.0036966,1.89388e-05,4.40644,1.81954,23.0127,1.2004,28.0383,0.42336,0.0018483,0.21168,0.0018483,0.21168,460.486,0,1.02816,0,0,5.4346,4.40644,1.028160,1,0,265.225,0,0,0,265.225,0
72.29,3.03198,0,0,10.2038,0.263907,4.88352,3.6288,61.308,0.628387,0,0,6.07894,0.270449,5.1801,0.66528,12.849,1,0.554438,4.88352,0,267.784,4.14174,267.971,0.84672,12.849,0.84672,3695.15,0,0.0036966,1.89445e-05,5.13995,1.95175,21.2776,1.21187,27.1575,0.42336,0.0018483,0.21168,0.0018483,0.21168,460.486,0,1.02816,0,0,6.16811,5.13995,1.028160,1,0,300.309,0,0,0,300.309,0
72.29,3.04551,0,0,8.04413,0.256023,4.7426,3.6288,61.308,0.628575,0,0,6.16704,0.282945,5.25552,0.66528,12.849,1,0.541316,4.7426,0,389.686,3.82059,390.066,0.84672,12.849,0.84672,3695.15,0,0.0036966,1.89501e-05,4.62253,1.95197,21.3194,1.19803,26.6958,0.42336,0.0018483,0.21168,0.0018483,0.21168,460.486,0,1.02816,0,0,5.65069,4.62253,1.028160,1,0,422.018,0,0,0,422.018,0
72.29,3.04585,0,0,5.41425,0.296259,2.07214,3.6288,61.308,0.628762,0,0,2.38498,0.201919,1.5543,0.66528,12.849,1,0.541377,2.07214,0,250.118,2.77195,248.877,0.84672,12.849,0.84672,3695.15,0,0.0036966,1.89558e-05,1.52849,1.95219,12.5057,0.961176,15.0252,0.42336,0.0018483,0.21168,0.0018483,0.21168,460.486,0,1.02816,0,0,2.55665,1.52849,1.028160,1,0,265.457,0,0,0,265.457,0
72.29,2.75446,0,0,4.79848,0.290987,1.75304,3.6288,61.308,0.44548,0,0,1.06733,0.233435,0.38841,0.66528,12.849,1,0.489584,1.75304,0,149.457,3.62588,147.095,0.84672,12.849,0.84672,3695.15,0,0.0036966,1.34302e-05,0.664122,1.95241,10.2278,0.979294,11.865,0.42336,0.0018483,0.21168,0.0018483,0.21168,460.486,0,1.02816,0,0,1.69228,0.664122,1.028160,1,0,159.348,0,0,0,159.348,0
72.29,2.75477,0,0,4.69673,0.309087,1.63287,3.6288,61.308,0.445647,0,0,2.64341,0.191878,2.00588,0.66528,12.849,1,0.489639,1.63287,0,209.009,2.87753,207.275,0.84672,12.849,0.84672,3695.15,0,0.0036966,1.34353e-05,1.53058,1.74649,13.8574,0.736311,16.3982,0.42336,0.0018483,0.21168,0.0018483,0.21168,460.486,0,1.02816,0,0,2.55874,1.53058,1.028160,1,0,225.679,0,0,0,225.679,0
72.29,2.75508,0,0,4.51544,0.309087,1.45127,3.6288,61.308,0.445814,0,0,1.21027,0.191878,0.572581,0.66528,12.849,1,0.489695,1.45127,0,162.962,2.87753,161.047,0.84672,12.849,0.84672,3695.15,0,0.0036966,1.34403e-05,0.917369,1.74669,10.5048,0.736311,12.4325,0.42336,0.0018483,0.21168,0.0018483,0.21168,460.486,0,1.02816,0,0,1.94553,0.917369,1.028160,1,0,174.052,0,0,0,174.052,0
72.29,2.75539,0,0,6.76354,0.309087,3.69906,3.6288,61.308,0.445981,0,0,3.44923,0.191878,2.81137,0.66528,12.849,1,0.48975,3.69906,0,175.784,2.87753,176.116,0.84672,12.849,0.84672,3695.15,0,0.0036966,1.34453e-05,2.88575,1.74689,15.8219,0.736311,19.7182,0.42336,0.0018483,0.21168,0.0018483,0.21168,460.486,0,1.02816,0,0,3.91391,2.88575,1.028160,1,0,198.646,0,0,0,198.646,0
72.29,2.75571,0,0,9.1495,0.321942,6.07185,3.6288,61.308,0.446148,0,0,3.02579,0.182257,2.39738,0.66528,12.849,1,0.489806,6.07185,0,156.018,3.2844,158.315,0.84672,12.849,0.84672,3695.15,0,0.0036966,1.34504e-05,2.63933,1.74708,18.8571,0.750052,22.4934,0.42336,0.0018483,0.21168,0.0018483,0.21168,460.486,0,1.02816,0,0,3.66749,2.63933,1.028160,1,0,183.206,0,0,0,183.206,0
72.29,2.85672,0,0,8.12739,0.327084,4.94359,3.6288,61.308,0.505616,0,0,3.47654,0.178408,2.79251,0.66528,12.849,1,0.50776,4.94359,0,172.136,3.44715,173.125,0.84672,12.849,0.84672,3695.15,0,0.0036966,1.52432e-05,3.49842,1.74728,19.0328,0.755548,23.5229,0.42336,0.0018483,0.21168,0.0018483,0.21168,460.486,0,1.02816,0,0,4.52658,3.49842,1.028160,1,0,199.441,0,0,0,199.441,0
72.29,2.85704,0,0,7.06285,0.327084,3.87873,3.6288,61.308,0.50579,0,0,2.82583,0.178408,2.14164,0.66528,12.849,1,0.507817,3.87873,0,142.462,3.44715,142.386,0.84672,12.849,0.84672,3695.15,0,0.0036966,1.52484e-05,2.53195,1.81552,15.0259,0.755548,18.6178,0.42336,0.0018483,0.21168,0.0018483,0.21168,460.486,0,1.02816,0,0,3.56011,2.53195,1.028160,1,0,163.146,0,0,0,163.146,0
72.29,2.85736,0,0,5.67678,0.296905,2.52251,3.6288,61.308,0.505963,0,0,2.04041,0.175078,1.35936,0.66528,12.849,1,0.507875,2.52251,0,114.236,3.64485,112.606,0.84672,12.849,0.84672,3695.15,0,0.0036966,1.52537e-05,1.75398,1.81573,10.0742,0.768403,12.8755,0.42336,0.0018483,0.21168,0.0018483,0.21168,460.486,0,1.02816,0,0,2.78214,1.75398,1.028160,1,0,126.841,0,0,0,126.841,0
72.29,2.85769,0,0,4.99966,0.267143,1.87483,3.6288,61.308,0.506137,0,0,1.84996,0.187533,1.15629,0.66528,12.849,1,0.507932,1.87483,0,111.188,4.07811,108.477,0.84672,12.849,0.84672,3695.15,0,0.0036966,1.52589e-05,1.45707,1.81593,9.19849,0.856749,11.6147,0.42336,0.0018483,0.21168,0.0018483,0.21168,460.486,0,1.02816,0,0,2.48523,1.45707,1.028160,1,0,121.248,0,0,0,121.248,0
72.29,2.81862,0,0,4.66444,0.257637,1.58818,3.6288,61.308,0.483269,0,0,1.82237,0.20747,1.13163,0.66528,12.849,1,0.500988,1.58818,0,99.1647,4.45809,95.7938,0.84672,12.849,0.84672,3695.15,0,0.0036966,1.45695e-05,1.44213,1.81614,8.68622,0.961688,10.9828,0.42336,0.0018483,0.21168,0.0018483,0.21168,460.486,0,1.02816,0,0,2.47029,1.44213,1.028160,1,0,107.908,0,0,0,107.908,0
72.29,2.81894,0,0,4.37107,0.257637,1.29449,3.6288,61.308,0.48344,0,0,1.69451,0.20747,1.0036,0.66528,12.849,1,0.501045,1.29449,0,89.5916,4.45809,85.927,0.84672,12.849,0.84672,3695.15,0,0.0036966,1.45746e-05,1.10502,1.78985,7.89584,0.961688,9.829,0.42336,0.0018483,0.21168,0.0018483,0.21168,460.486,0,1.02816,0,0,2.13318,1.10502,1.028160,1,0,96.7596,0,0,0,96.7596,0
72.29,2.81926,0,0,3.97897,0.234143,0.925568,3.6288,61.308,0.483611,0,0,1.55996,0.224033,0.852317,0.66528,12.849,1,0.501102,0.925568,0,81.7811,4.73603,77.4695,0.84672,12.849,0.84672,3695.15,0,0.0036966,1.45798e-05,1.01403,1.79005,6.84374,0.991354,8.65646,0.42336,0.0018483,0.21168,0.0018483,0.21168,460.486,0,1.02816,0,0,2.04219,1.01403,1.028160,1,0,86.9783,0,0,0,86.9783,0
72.29,2.81958,0,0,3.78886,0.233041,0.736245,3.6288,61.308,0.483782,0,0,1.52352,0.233719,0.806016,0.66528,12.849,1,0.501159,0.736245,0,71.1444,4.4437,66.9357,0.84672,12.849,0.84672,3695.15,0,0.0036966,1.4585e-05,1.10217,1.79025,7.36387,0.89455,9.36173,0.42336,0.0018483,0.21168,0.0018483,0.21168,460.486,0,1.02816,0,0,2.13033,1.10217,1.028160,1,0,77.1035,0,0,0,77.1035,0
72.29,2.95367,0,0,3.45676,0.135879,0.367216,3.6288,61.308,0.565704,0,0,1.33426,0.215241,0.553312,0.66528,12.849,1,0.524992,0.367216,0,71.375,4.90319,66.3141,0.84672,12.849,0.84672,3695.15,0,0.0036966,1.70547e-05,0.683649,1.79046,6.15358,1.15424,7.47343,0.42336,0.0018483,0.21168,0.0018483,0.21168,460.486,0,1.02816,0,0,1.71181,0.683649,1.028160,1,0,74.3408,0,0,0,74.3408,0
72.1514,2.954,0,0,3.31411,0.135879,0.36288,3.6288,61.308,0.565885,0,0,1.30168,0.215241,0.520551,0.66528,12.849,1,0.525051,0.36288,0,66.0424,4.90319,60.9771,0.84672,12.849,0.84672,3695.15,0,0.0036966,1.70602e-05,0.681134,1.88335,5.94575,1.15424,7.35597,0.42336,0.0018483,0.21168,0.0018483,0.21168,460.486,0,1.02816,0,0,1.70929,0.681134,1.028160,1,0,68.8536,0,0,0,68.8536,0
71.8656,2.95348,0,0,3.16629,0.135736,0.36288,3.6288,61.308,0.566065,0,0,1.30677,0.215241,0.525468,0.66528,12.849,1,0.525967,0.36288,0,63.1034,4.90319,58.0371,0.84672,12.849,0.84672,3695.15,0,0.0036966,1.70656e-05,0.833207,1.88356,5.66249,1.15424,7.225,0.42336,0.0018483,0.21168,0.0018483,0.21168,460.486,0,1.02816,0,0,1.86137,0.833207,1.028160,1,0,65.7876,0,0,0,65.7876,0
71.3097,2.95204,0,0,2.92884,0.169751,0.36288,3.6288,61.308,0.566246,0,0,1.23297,0.206023,0.460702,0.66528,12.849,1,0.527801,0.36288,0,58.7094,4.31088,54.2336,0.84672,12.849,0.84672,3695.15,0,0.0036966,1.70711e-05,0.768606,1.88377,5.1502,1.17709,6.62547,0.42336,0.0018483,0.21168,0.0018483,0.21168,460.486,0,1.02816,0,0,1.79677,0.768606,1.028160,1,0,61.3198,0,0,0,61.3198,0
70.713,2.94888,0,0,2.83415,0.119118,0.36288,3.6288,61.308,0.566426,0,0,1.04113,0.241224,0.233478,0.66528,12.849,1,0.531347,0.36288,0,52.8886,4.60531,48.1149,0.84672,12.849,0.84672,3695.15,0,0.0036966,1.70765e-05,1.12155,1.88399,5.03823,1.20011,6.84364,0.42336,0.0018483,0.21168,0.0018483,0.21168,460.486,0,1.02816,0,0,2.14971,1.12155,1.028160,1,0,55.192,0,0,0,55.192,0
69.9711,2.91904,0,0,2.66947,0.129435,0.36288,3.6288,61.308,0.611564,0,0,0.907381,0.243681,0.0521359,0.66528,12.849,1,0.530409,0.36288,0,50.6911,4.63333,45.8902,0.84672,12.849,0.84672,3695.15,0,0.0036966,1.84373e-05,1.0964,1.8842,5.13797,1.18266,6.93589,0.42336,0.0018483,0.21168,0.0018483,0.21168,460.486,0,1.02816,0,0,2.12456,1.0964,1.028160,1,0,52.8782,0,0,0,52.8782,0
68.9956,2.91462,0,0,2.43074,0.128697,0.36288,3.6288,61.308,0.61175,0,0,0.898197,0.243681,0.042766,0.66528,12.849,1,0.53522,0.36288,0,50.299,4.63333,45.4933,0.84672,12.849,0.84672,3695.15,0,0.0036966,1.84429e-05,1.09941,1.91331,4.94503,1.18266,6.77507,0.42336,0.0018483,0.21168,0.0018483,0.21168,460.486,0,1.02816,0,0,2.12757,1.09941,1.028160,1,0,52.3111,0,0,0,52.3111,0
67.7957,2.90857,0,0,2.19927,0.127728,0.36288,3.6288,61.2859,0.611936,0,0,0.833561,0.243681,0,0.66528,12.849,1,0.54166,0.36288,0,45.1689,4.63333,40.3568,0.84672,12.849,0.84672,3695.15,0,0.0036966,1.84485e-05,0.835497,1.91352,4.74274,1.18266,6.30908,0.42336,0.0018483,0.21168,0.0018483,0.21168,460.486,0,1.02816,0,0,1.86366,0.835497,1.028160,1,0,46.6658,0,0,0,46.6658,0
66.4679,2.90084,0,0,2.03294,0.0970535,0.36288,3.6288,61.1135,0.612121,0,0,0.747654,0.307968,0,0.66528,12.849,1,0.549782,0.36288,0,40.4965,5.40146,34.9081,0.84672,12.849,0.84672,3695.15,0,0.0036966,1.84607e-05,0.699252,1.91374,4.2215,1.45955,5.37493,0.42336,0.0018483,0.21168,0.0018483,0.21168,460.486,0,1.02816,0,0,1.72741,0.699252,1.028160,1,0,40.283,0,0,0,40.283,0
65.2818,2.95945,0,0,2.22306,0.0868056,0.36288,3.6288,60.9629,0.652392,0,0,0.816705,0.314882,0,0.66528,12.849,1,0.572096,0.36288,0,48.1855,5.34565,42.6306,0.84672,12.849,0.84672,3695.15,0,0.0036966,1.97307e-05,0.54102,1.91396,3.85777,1.43045,4.88227,0.42336,0.0018483,0.21168,0.0018483,0.21168,460.486,0,1.02816,0,0,1.56918,0.54102,1.028160,1,0,47.5129,0,0,0,47.5129,0
63.9518,2.9511,0,0,2.06995,0.0859883,0.36288,3.6288,60.7043,0.652582,0,0,0.70854,0.314582,0,0.66528,12.849,1,0.580846,0.36288,0,40.7997,5.34565,35.2361,0.84672,12.849,0.84672,3695.15,0,0.0036966,1.97852e-05,0.668062,1.96024,3.89335,1.43045,5.09117,0.42336,0.0018483,0.21168,0.0018483,0.21168,460.486,0,1.02816,0,0,1.69622,0.668062,1.028160,1,0,40.3273,0,0,0,40.3273,0
62.4763,2.94137,0,0,1.91379,0.0850718,0.36288,3.6288,60.3945,0.652772,0,0,0.657063,0.314066,0,0.66528,12.849,1,0.590972,0.36288,0,39.1233,5.34565,33.5496,0.84672,12.849,0.84672,3695.15,0,0.0036966,1.98753e-05,0.461635,1.96046,3.38524,1.43045,4.37686,0.42336,0.0018483,0.21168,0.0018483,0.21168,460.486,0,1.02816,0,0,1.4898,0.461635,1.028160,1,0,37.9264,0,0,0,37.9264,0
61.0601,2.93013,0,0,1.95632,0.0795196,0.36288,3.6288,60.1553,0.652962,0,0,0.7297,0.316024,0,0.66528,12.849,1,0.602616,0.36288,0,37.2101,5.42043,31.55,0.84672,12.849,0.84672,3695.15,0,0.0036966,1.99831e-05,0.662662,1.96068,4.1873,1.44539,5.36523,0.42336,0.0018483,0.21168,0.0018483,0.21168,460.486,0,1.02816,0,0,1.69082,0.662662,1.028160,1,0,36.9152,0,0,0,36.9152,0
59.1452,3.00715,0,0,1.51442,0.059305,0.36288,3.6288,59.872,0.66528,0,0,0.699589,0.317589,0,0.66528,12.849,1,0.632801,0.36288,0,32.5704,5.6034,26.6971,0.84672,12.849,0.84672,3695.15,0,0.0036966,0.0018483,0.729786,1.9609,3.57591,1.47707,4.78769,0.42336,0.0018483,0.21168,0.0018483,0.21168,460.486,0,1.02816,0,0,1.75795,0.729786,1.028160,1,0,31.4847,0,0,0,31.4847,0
56.9919,2.99066,0,0,1.25978,0.0595272,0.36288,3.6288,59.5078,0.66528,0,0,0.615926,0.31479,0,0.66528,12.849,1,0.649706,0.36288,0,28.3407,5.55912,22.4947,0.84672,12.849,0.84672,3695.15,0,0.0036966,0.0018483,0.633338,2.04464,3.23699,1.46741,4.44571,0.42336,0.0018483,0.21168,0.0018483,0.21168,460.486,0,1.02816,0,0,1.6615,0.633338,1.028160,1,0,26.9404,0,0,0,26.9404,0
54.9681,2.97096,0,0,1.36835,0.0582913,0.36288,3.6288,59.1517,0.66528,0,0,0.623243,0.314059,0,0.66528,12.849,1,0.669812,0.36288,0,27.0861,5.55912,21.2201,0.84672,12.849,0.84672,3695.15,0,0.0036966,0.0018483,0.64571,2.04487,3.4382,1.46741,4.65952,0.42336,0.0018483,0.21168,0.0018483,0.21168,460.486,0,1.02816,0,0,1.67387,0.64571,1.028160,1,0,25.8796,0,0,0,25.8796,0
53.6971,2.9513,0,0,2.11351,0.070305,0.36288,3.6288,58.9259,0.66528,0,0,0.74965,0.31017,0,0.66528,12.849,1,0.689878,0.36288,0,43.7486,5.47006,37.9516,0.84672,12.849,0.84672,3695.15,0,0.0036966,0.0018483,0.978325,2.0451,3.63353,1.45648,5.19862,0.42336,0.0018483,0.21168,0.0018483,0.21168,460.486,0,1.02816,0,0,2.00648,0.978325,1.028160,1,0,43.1502,0,0,0,43.1502,0
53.9922,2.93846,0,0,3.68443,0.0879766,0.36288,3.6288,59.3875,0.66528,0,0,1.44494,0.318115,0,0.66528,12.849,1,0.703133,0.36288,0,57.0831,5.75845,50.9844,0.84672,12.849,0.84672,3695.15,0,0.0036966,0.0018483,2.7208,2.04533,7.42294,1.44614,10.7411,0.42336,0.0018483,0.21168,0.0018483,0.21168,460.486,0,1.02816,0,0,3.74896,2.7208,1.028160,1,0,61.7255,0,0,0,61.7255,0
55.5473,2.85213,0,0,4.86291,0.0928437,0.36288,3.6288,60.6308,0.651434,0,0,2.22495,0.330167,0,0.66528,12.849,1,0.678747,0.36288,0,49.1267,5.99697,42.8139,0.84672,12.849,0.84672,3695.15,0,0.0036966,2.02744e-05,6.1104,2.04556,11.8413,1.45021,18.547,0.42336,0.0018483,0.21168,0.0018483,0.21168,460.486,0,1.02816,0,0,7.13856,6.1104,1.028160,1,0,61.3609,0,0,0,61.3609,0
55.8924,2.86789,0,0,3.67017,0.0943086,0.36288,3.6288,61.308,0.651625,0,0,1.758,0.332794,0.0964104,0.66528,12.849,1,0.663391,0.36288,0,72.6605,5.99697,66.363,0.84672,12.849,0.84672,3695.15,0,0.0036966,1.98644e-05,5.8148,1.95938,9.18864,1.45021,15.5126,0.42336,0.0018483,0.21168,0.0018483,0.21168,460.486,0,1.02816,0,0,6.84296,5.8148,1.028160,1,0,81.972,0,0,0,81.972,0
55.0108,2.87155,0,0,2.44744,0.0946337,0.36288,3.6288,61.308,0.651815,0,0,1.33778,0.334224,0.351744,0.66528,12.849,1,0.660135,0.36288,0,45.5808,5.99697,39.2866,0.84672,12.849,0.84672,3695.15,0,0.0036966,1.96508e-05,3.26057,1.9596,6.20135,1.45021,9.97129,0.42336,0.0018483,0.21168,0.0018483,0.21168,460.486,0,1.02816,0,0,4.28873,3.26057,1.028160,1,0,49.6096,0,0,0,49.6096,0
55.3654,2.8633,0,0,3.72362,0.142824,0.36288,3.6288,61.308,0.652005,0,0,2.13413,0.323049,1.15908,0.66528,12.849,1,0.668787,0.36288,0,60.1042,5.45354,54.3448,0.84672,12.849,0.84672,3695.15,0,0.0036966,1.96565e-05,4.39306,1.95982,10.643,1.32764,15.6682,0.42336,0.0018483,0.21168,0.0018483,0.21168,460.486,0,1.02816,0,0,5.42122,4.39306,1.028160,1,0,71.1721,0,0,0,71.1721,0
55.3242,2.89213,0,0,3.38956,0.175707,0.36288,3.6288,61.308,0.631762,0,0,2.71189,0.254324,1.8258,0.66528,12.849,1,0.671196,0.36288,0,116.691,4.1159,112.267,0.84672,12.849,0.84672,3695.15,0,0.0036966,1.90462e-05,5.48589,1.96004,13.6089,0.951309,20.1035,0.42336,0.0018483,0.21168,0.0018483,0.21168,460.486,0,1.02816,0,0,6.51405,5.48589,1.028160,1,0,134.196,0,0,0,134.196,0
55.9891,2.89206,0,0,4.09545,0.175635,0.36288,3.6288,61.308,0.63195,0,0,2.65373,0.254324,1.76746,0.66528,12.849,1,0.671678,0.36288,0,72.1842,4.1159,67.7595,0.84672,12.849,0.84672,3695.15,0,0.0036966,1.90519e-05,4.60685,1.95026,14.2946,0.951309,19.9004,0.42336,0.0018483,0.21168,0.0018483,0.21168,460.486,0,1.02816,0,0,5.63501,4.60685,1.028160,1,0,89.4273,0,0,0,89.4273,0
57.09,2.89887,0,0,4.55357,0.190881,0.36288,3.6288,61.308,0.632138,0,0,2.75334,0.250702,1.8705,0.66528,12.849,1,0.665266,0.36288,0,59.9058,4.1115,55.4919,0.84672,12.849,0.84672,3695.15,0,0.0036966,1.90575e-05,4.82017,1.95048,12.0666,0.946302,17.8909,0.42336,0.0018483,0.21168,0.0018483,0.21168,460.486,0,1.02816,0,0,5.84833,4.82017,1.028160,1,0,75.2534,0,0,0,75.2534,0
56.9386,2.90968,0,0,3.34672,0.225586,0.36288,3.6288,61.308,0.632325,0,0,2.21498,0.252937,1.32972,0.66528,12.849,1,0.654868,0.36288,0,80.6224,4.29447,76.036,0.84672,12.849,0.84672,3695.15,0,0.0036966,1.90632e-05,3.39225,1.9507,8.12687,1.13813,12.3317,0.42336,0.0018483,0.21168,0.0018483,0.21168,460.486,0,1.02816,0,0,4.42041,3.39225,1.028160,1,0,89.6974,0,0,0,89.6974,0
57.4758,2.68953,0,0,3.82396,0.234394,0.36288,3.6288,61.308,0.465707,0,0,3.22442,0.251694,2.50702,0.66528,12.849,1,0.606931,0.36288,0,70.3138,4.61511,65.4546,0.84672,12.849,0.84672,3695.15,0,0.0036966,1.404e-05,4.33913,1.95092,16.5749,1.18382,21.6811,0.42336,0.0018483,0.21168,0.0018483,0.21168,460.486,0,1.02816,0,0,5.36729,4.33913,1.028160,1,0,89.6428,0,0,0,89.6428,0
58.9317,2.69448,0,0,4.7519,0.238638,0.36288,3.6288,61.308,0.465876,0,0,3.52274,0.250821,2.80605,0.66528,12.849,1,0.602364,0.36288,0,73.8514,4.66273,68.9492,0.84672,12.849,0.84672,3695.15,0,0.0036966,1.40451e-05,5.50027,1.77195,15.4321,1.18527,21.519,0.42336,0.0018483,0.21168,0.0018483,0.21168,460.486,0,1.02816,0,0,6.52843,5.50027,1.028160,1,0,93.2743,0,0,0,93.2743,0
58.7383,2.707,0,0,3.11856,0.242043,0.36288,3.6288,61.308,0.466045,0,0,2.33498,0.250821,1.61811,0.66528,12.849,1,0.590213,0.36288,0,55.6177,4.66273,50.7276,0.84672,12.849,0.84672,3695.15,0,0.0036966,1.40502e-05,3.80983,1.77215,16.3347,1.18527,20.7314,0.42336,0.0018483,0.21168,0.0018483,0.21168,460.486,0,1.02816,0,0,4.83799,3.80983,1.028160,1,0,73.0771,0,0,0,73.0771,0
57.9872,2.70571,0,0,2.54228,0.224798,0.36288,3.6288,61.308,0.466214,0,0,1.72274,0.190743,1.06578,0.66528,12.849,1,0.591874,0.36288,0,44.8919,3.56916,41.0937,0.84672,12.849,0.84672,3695.15,0,0.0036966,1.40553e-05,2.24276,1.77235,9.95855,0.870777,13.1029,0.42336,0.0018483,0.21168,0.0018483,0.21168,460.486,0,1.02816,0,0,3.27092,2.24276,1.028160,1,0,55.2624,0,0,0,55.2624,0
62.2323,2.69974,0,0,7.5417,0.234014,0.36288,3.6288,61.308,0.466383,0,0,3.25777,0.195547,2.59584,0.66528,12.849,1,0.598218,0.36288,0,110.618,3.6808,106.702,0.84672,12.849,0.84672,3695.15,0,0.0036966,1.40604e-05,4.28053,1.77255,22.7978,0.944427,27.9065,0.42336,0.0018483,0.21168,0.0018483,0.21168,460.486,0,1.02816,0,0,5.30869,4.28053,1.028160,1,0,137.205,0,0,0,137.205,0
70.8401,2.81951,0,0,12.0484,0.258187,0.36288,3.6288,61.308,0.514874,0,0,3.52795,0.201953,2.81113,0.66528,12.849,1,0.582139,0.36288,0,192.26,3.82966,188.211,0.84672,12.849,0.84672,3695.15,0,0.0036966,1.55223e-05,5.03828,1.77275,21.7442,1.04263,27.5126,0.42336,0.0018483,0.21168,0.0018483,0.21168,460.486,0,1.02816,0,0,6.06644,5.03828,1.028160,1,0,218.535,0,0,0,218.535,0
72.29,2.87969,0,0,9.29102,0.276443,4.68498,3.6288,61.308,0.515034,0,0,2.93477,0.201953,2.21778,0.66528,12.849,1,0.522319,4.68498,0,153.991,3.82966,154.324,0.84672,12.849,0.84672,3695.15,0,0.0036966,1.55271e-05,3.64376,1.82964,17.9099,1.04263,22.3407,0.42336,0.0018483,0.21168,0.0018483,0.21168,460.486,0,1.02816,0,0,4.67192,3.64376,1.028160,1,0,178.882,0,0,0,178.882,0
72.29,2.88889,0,0,8.73564,0.29123,5.55553,3.6288,61.308,0.515195,0,0,3.18108,0.15026,2.51562,0.66528,12.849,1,0.513478,5.55553,0,210.944,3.28119,212.705,0.84672,12.849,0.84672,3695.15,0,0.0036966,1.5532e-05,3.99828,1.82983,18.5962,0.753751,23.6706,0.42336,0.0018483,0.21168,0.0018483,0.21168,460.486,0,1.02816,0,0,5.02644,3.99828,1.028160,1,0,238.891,0,0,0,238.891,0
72.29,2.88919,0,0,7.57374,0.295915,4.38863,3.6288,61.308,0.515355,0,0,2.02054,0.129583,1.3756,0.66528,12.849,1,0.513531,4.38863,0,136.585,3.0618,137.399,0.84672,12.849,0.84672,3695.15,0,0.0036966,1.55368e-05,2.24969,1.83002,13.4442,0.6382,16.8857,0.42336,0.0018483,0.21168,0.0018483,0.21168,460.486,0,1.02816,0,0,3.27785,2.24969,1.028160,1,0,155.66,0,0,0,155.66,0
72.29,3.06265,0,0,12.3263,0.280831,8.98286,3.6288,61.308,0.637901,0,0,3.77122,0.189572,2.94375,0.66528,12.849,1,0.544363,8.98286,0,219.65,2.95008,225.138,0.84672,12.849,0.84672,3695.15,0,0.0036966,1.92313e-05,4.98133,1.83022,27.7214,0.942191,33.5908,0.42336,0.0018483,0.21168,0.0018483,0.21168,460.486,0,1.02816,0,0,6.00949,4.98133,1.028160,1,0,261.672,0,0,0,261.672,0
72.29,3.06297,0,0,8.76381,0.302365,5.39847,3.6288,61.308,0.638075,0,0,3.09754,0.193796,2.26566,0.66528,12.849,1,0.54442,5.39847,0,200.491,3.47519,201.87,0.84672,12.849,0.84672,3695.15,0,0.0036966,1.92365e-05,3.47083,1.96318,20.1259,1.06632,24.4936,0.42336,0.0018483,0.21168,0.0018483,0.21168,460.486,0,1.02816,0,0,4.49899,3.47083,1.028160,1,0,228.629,0,0,0,228.629,0
72.29,3.06329,0,0,5.63363,0.302365,2.26797,3.6288,61.308,0.638248,0,0,2.05257,0.193796,1.22053,0.66528,12.849,1,0.544477,2.26797,0,110.203,3.47519,108.452,0.84672,12.849,0.84672,3695.15,0,0.0036966,1.92418e-05,1.76445,1.96339,12.5599,1.06632,15.2214,0.42336,0.0018483,0.21168,0.0018483,0.21168,460.486,0,1.02816,0,0,2.79261,1.76445,1.028160,1,0,124.893,0,0,0,124.893,0
72.29,3.06361,0,0,4.60184,0.303876,1.23435,3.6288,61.308,0.638421,0,0,2.01623,0.185041,1.19277,0.66528,12.849,1,0.544533,1.23435,0,86.5348,3.32396,83.9006,0.84672,12.849,0.84672,3695.15,0,0.0036966,1.9247e-05,2.11417,1.96359,11.2418,1.02296,14.2966,0.42336,0.0018483,0.21168,0.0018483,0.21168,460.486,0,1.02816,0,0,3.14233,2.11417,1.028160,1,0,99.39,0,0,0,99.39,0
72.29,2.77049,0,0,5.97395,0.318059,2.8854,3.6288,61.308,0.454057,0,0,2.91663,0.223548,2.23903,0.66528,12.849,1,0.492433,2.8854,0,157.976,4.10875,156.261,0.84672,12.849,0.84672,3695.15,0,0.0036966,1.36888e-05,3.46366,1.9638,14.9705,1.05437,19.3436,0.42336,0.0018483,0.21168,0.0018483,0.21168,460.486,0,1.02816,0,0,4.49182,3.46366,1.028160,1,0,177.843,0,0,0,177.843,0
72.29,2.77078,0,0,5.73115,0.318059,2.64231,3.6288,61.308,0.454211,0,0,2.62045,0.223548,1.94269,0.66528,12.849,1,0.492485,2.64231,0,59.9968,4.10875,58.0378,0.84672,12.849,0.84672,3695.15,0,0.0036966,1.36935e-05,3.02576,1.75666,14.0521,1.05437,17.7801,0.42336,0.0018483,0.21168,0.0018483,0.21168,460.486,0,1.02816,0,0,4.05392,3.02576,1.028160,1,0,77.7607,0,0,0,77.7607,0
72.29,2.77107,0,0,5.59311,0.318059,2.50399,3.6288,61.308,0.454365,0,0,2.52132,0.223548,1.8434,0.66528,12.849,1,0.492536,2.50399,0,126.124,4.10875,124.027,0.84672,12.849,0.84672,3695.15,0,0.0036966,1.36981e-05,2.91552,1.75684,14.3689,1.05437,17.9869,0.42336,0.0018483,0.21168,0.0018483,0.21168,460.486,0,1.02816,0,0,3.94368,2.91552,1.028160,1,0,143.857,0,0,0,143.857,0
72.29,2.77135,0,0,5.1436,0.31945,2.0528,3.6288,61.308,0.454519,0,0,2.27078,0.198092,1.61817,0.66528,12.849,1,0.492587,2.0528,0,125.969,3.65561,123.873,0.84672,12.849,0.84672,3695.15,0,0.0036966,1.37028e-05,2.87314,1.75702,11.933,0.883054,15.6801,0.42336,0.0018483,0.21168,0.0018483,0.21168,460.486,0,1.02816,0,0,3.9013,2.87314,1.028160,1,0,141.171,0,0,0,141.171,0
72.29,2.77164,0,0,7.19527,0.315144,4.10848,3.6288,61.308,0.454674,0,0,3.59988,0.172157,2.97305,0.66528,12.849,1,0.492638,4.10848,0,121.313,3.12213,121.807,0.84672,12.849,0.84672,3695.15,0,0.0036966,1.37074e-05,4.67292,1.7572,19.2314,0.732019,24.9295,0.42336,0.0018483,0.21168,0.0018483,0.21168,460.486,0,1.02816,0,0,5.70108,4.67292,1.028160,1,0,149.71,0,0,0,149.71,0
72.29,2.87321,0,0,7.03001,0.309307,3.8475,3.6288,61.308,0.514471,0,0,3.33835,0.200437,2.62344,0.66528,12.849,1,0.510691,3.8475,0,185.446,3.57168,185.211,0.84672,12.849,0.84672,3695.15,0,0.0036966,1.55102e-05,4.17395,1.75739,16.4971,0.939952,21.4885,0.42336,0.0018483,0.21168,0.0018483,0.21168,460.486,0,1.02816,0,0,5.20211,4.17395,1.028160,1,0,209.323,0,0,0,209.323,0
72.29,2.87351,0,0,4.8724,0.309307,1.68958,3.6288,61.308,0.514632,0,0,2.8039,0.200437,2.08883,0.66528,12.849,1,0.510744,1.68958,0,105.885,3.57168,103.492,0.84672,12.849,0.84672,3695.15,0,0.0036966,1.5515e-05,3.02759,1.82601,11.9534,0.939952,15.8671,0.42336,0.0018483,0.21168,0.0018483,0.21168,460.486,0,1.02816,0,0,4.05575,3.02759,1.028160,1,0,121.448,0,0,0,121.448,0
72.29,2.87381,0,0,5.40971,0.310891,2.22501,3.6288,61.308,0.514792,0,0,3.12572,0.208501,2.40243,0.66528,12.849,1,0.510798,2.22501,0,100.575,3.74227,98.5467,0.84672,12.849,0.84672,3695.15,0,0.0036966,1.55198e-05,3.67774,1.8262,15.4024,0.954589,19.9517,0.42336,0.0018483,0.21168,0.0018483,0.21168,460.486,0,1.02816,0,0,4.7059,3.67774,1.028160,1,0,120.901,0,0,0,120.901,0
72.29,2.87411,0,0,4.87437,0.30169,1.69857,3.6288,61.308,0.514952,0,0,2.70935,0.244614,1.94978,0.66528,12.849,1,0.510851,1.69857,0,97.0402,4.63115,93.5967,0.84672,12.849,0.84672,3695.15,0,0.0036966,1.55247e-05,3.30805,1.82639,14.2805,1.04798,18.367,0.42336,0.0018483,0.21168,0.0018483,0.21168,460.486,0,1.02816,0,0,4.33621,3.30805,1.028160,1,0,113.913,0,0,0,113.913,0
72.29,2.83479,0,0,4.57189,0.254922,1.48218,3.6288,61.308,0.491938,0,0,1.63363,0.21394,0.927747,0.66528,12.849,1,0.503862,1.48218,0,82.1517,4.2944,78.8356,0.84672,12.849,0.84672,3695.15,0,0.0036966,1.48308e-05,1.95566,1.82658,10.5978,1.06192,13.3181,0.42336,0.0018483,0.21168,0.0018483,0.21168,460.486,0,1.02816,0,0,2.98382,1.95566,1.028160,1,0,93.0815,0,0,0,93.0815,0
72.29,2.83508,0,0,3.90208,0.254922,0.812078,3.6288,61.308,0.492096,0,0,1.54326,0.21394,0.837224,0.66528,12.849,1,0.503915,0.812078,0,72.0386,4.2944,68.0524,0.84672,12.849,0.84672,3695.15,0,0.0036966,1.48356e-05,1.64214,1.80012,9.01429,1.06192,11.3946,0.42336,0.0018483,0.21168,0.0018483,0.21168,460.486,0,1.02816,0,0,2.6703,1.64214,1.028160,1,0,80.2842,0,0,0,80.2842,0
72.29,2.83538,0,0,3.47139,0.254922,0.381088,3.6288,61.308,0.492254,0,0,1.38091,0.21394,0.674711,0.66528,12.849,1,0.503967,0.381088,0,61.7706,4.2944,57.3534,0.84672,12.849,0.84672,3695.15,0,0.0036966,1.48404e-05,1.3081,1.8003,7.7074,1.06192,9.75387,0.42336,0.0018483,0.21168,0.0018483,0.21168,460.486,0,1.02816,0,0,2.33626,1.3081,1.028160,1,0,67.782,0,0,0,67.782,0
72.0321,2.83567,0,0,3.18265,0.241959,0.36288,3.6288,61.308,0.492412,0,0,1.24944,0.196873,0.560153,0.66528,12.849,1,0.504019,0.36288,0,56.6762,3.94052,52.5946,0.84672,12.849,0.84672,3695.15,0,0.0036966,1.48451e-05,1.13866,1.80049,7.20282,0.972164,9.16979,0.42336,0.0018483,0.21168,0.0018483,0.21168,460.486,0,1.02816,0,0,2.16682,1.13866,1.028160,1,0,62.3245,0,0,0,62.3245,0
71.6935,2.96889,0,0,3.23109,0.23796,0.36288,3.6288,61.308,0.574788,0,0,1.11846,0.199618,0.344051,0.66528,12.849,1,0.529587,0.36288,0,46.7707,4.41489,42.1891,0.84672,12.849,0.84672,3695.15,0,0.0036966,1.73286e-05,0.801982,1.80068,5.72973,0.939529,7.39284,0.42336,0.0018483,0.21168,0.0018483,0.21168,460.486,0,1.02816,0,0,1.83014,0.801982,1.028160,1,0,49.926,0,0,0,49.926,0
71.4669,2.96708,0,0,3.28473,0.181377,0.36288,3.6288,61.308,0.574954,0,0,1.26508,0.214493,0.475631,0.66528,12.849,1,0.531764,0.36288,0,47.1069,4.77717,42.1609,0.84672,12.849,0.84672,3695.15,0,0.0036966,1.73336e-05,1.26677,1.89408,6.47902,0.986665,8.65319,0.42336,0.0018483,0.21168,0.0018483,0.21168,460.486,0,1.02816,0,0,2.29493,1.26677,1.028160,1,0,51.2897,0,0,0,51.2897,0
70.9268,2.96596,0,0,2.92264,0.133852,0.36288,3.6288,61.308,0.575121,0,0,1.03727,0.231389,0.230756,0.66528,12.849,1,0.533249,0.36288,0,43.692,5.00388,38.5178,0.84672,12.849,0.84672,3695.15,0,0.0036966,1.73386e-05,0.921007,1.89428,5.54662,1.03228,7.32961,0.42336,0.0018483,0.21168,0.0018483,0.21168,460.486,0,1.02816,0,0,1.94917,0.921007,1.028160,1,0,46.0782,0,0,0,46.0782,0
70.1987,2.96283,0,0,2.73083,0.1333,0.36288,3.6288,61.308,0.575287,0,0,0.827928,0.231389,0.0212512,0.66528,12.849,1,0.536742,0.36288,0,40.2365,5.00388,35.0587,0.84672,12.849,0.84672,3695.15,0,0.0036966,1.73436e-05,0.659837,1.89447,5.12797,1.03228,6.64999,0.42336,0.0018483,0.21168,0.0018483,0.21168,460.486,0,1.02816,0,0,1.688,0.659837,1.028160,1,0,41.73,0,0,0,41.73,0
69.027,2.95843,0,0,2.2803,0.130693,0.36288,3.6288,61.2722,0.575454,0,0,0.766619,0.227004,0,0.66528,12.849,1,0.541504,0.36288,0,38.9224,4.84602,33.8978,0.84672,12.849,0.84672,3695.15,0,0.0036966,1.73487e-05,0.56973,1.89467,4.62955,1.06469,6.02924,0.42336,0.0018483,0.21168,0.0018483,0.21168,460.486,0,1.02816,0,0,1.59789,0.56973,1.028160,1,0,39.927,0,0,0,39.927,0
67.4676,2.92456,0,0,1.85618,0.128127,0.36288,3.6288,61.2111,0.620832,0,0,0.783458,0.223664,0,0.66528,12.849,1,0.544391,0.36288,0,39.6053,4.72763,34.6962,0.84672,12.849,0.84672,3695.15,0,0.0036966,1.87277e-05,0.540648,1.89487,4.22595,1.08901,5.57244,0.42336,0.0018483,0.21168,0.0018483,0.21168,460.486,0,1.02816,0,0,1.56881,0.540648,1.028160,1,0,40.2686,0,0,0,40.2686,0
65.7489,2.91429,0,0,1.68511,0.126573,0.36288,3.6288,61.1067,0.621003,0,0,0.740137,0.223577,0,0.66528,12.849,1,0.555018,0.36288,0,38.4281,4.72763,33.5084,0.84672,12.849,0.84672,3695.15,0,0.0036966,1.87515e-05,0.386744,1.92412,3.97234,1.08901,5.19418,0.42336,0.0018483,0.21168,0.0018483,0.21168,460.486,0,1.02816,0,0,1.4149,0.386744,1.028160,1,0,38.7025,0,0,0,38.7025,0
63.9108,2.90245,0,0,1.54298,0.115812,0.36288,3.6288,60.9446,0.621175,0,0,0.704428,0.24534,0,0.66528,12.849,1,0.567212,0.36288,0,33.8888,5.00993,28.6746,0.84672,12.849,0.84672,3695.15,0,0.0036966,1.87887e-05,0.3287,1.92432,3.85774,1.19205,4.91869,0.42336,0.0018483,0.21168,0.0018483,0.21168,460.486,0,1.02816,0,0,1.35686,0.3287,1.028160,1,0,33.5933,0,0,0,33.5933,0
61.9978,2.88917,0,0,1.43169,0.0926433,0.36288,3.6288,60.6295,0.649287,0,0,0.633726,0.299568,0,0.66528,12.849,1,0.580855,0.36288,0,29.4578,5.76274,23.4771,0.84672,12.849,0.84672,3695.15,0,0.0036966,1.96913e-05,0.261274,1.92452,3.45162,1.4515,4.1859,0.42336,0.0018483,0.21168,0.0018483,0.21168,460.486,0,1.00022,0,0,1.26149,0.261274,1.028160,1,0,27.663,0,0,0,27.663,0
59.9507,2.94171,0,0,1.35355,0.0960472,0.36288,3.6288,60.1405,0.846588,0,0,0.655131,0.297539,0,0.66528,12.849,1,0.609667,0.36288,0,32.4446,6.04517,26.1526,0.84672,12.849,0.84672,3695.15,0,0.0036966,2.58084e-05,0.261274,1.92472,2.49504,1.46249,3.21852,0.42336,0.0018483,0.21168,0.0018483,0.21168,460.486,0,0.843394,0,0,1.10467,0.261274,1.028160,1,0,29.3712,0,0,0,29.3712,0
57.8146,2.92487,0,0,1.24601,0.0943885,0.36288,3.6288,59.6195,0.779771,0,0,0.555402,0.296616,0,0.66528,12.849,1,0.626875,0.36288,0,26.6497,6.04517,20.3406,0.84672,12.849,0.84672,3695.15,0,0.0036966,2.39647e-05,0.261274,1.97124,2.41248,1.46249,3.18248,0.42336,0.0018483,0.21168,0.0018483,0.21168,460.486,0,0.910388,0,0,1.17166,0.261274,1.028160,1,0,23.5231,0,0,0,23.5231,0
55.5939,2.90621,0,0,1.14091,0.0924594,0.36288,3.6288,58.9221,0.916169,0,0,0.514419,0.295632,0,0.66528,12.849,1,0.645892,0.36288,0,25.3305,6.04517,19.0023,0.84672,12.849,0.84672,3695.15,0,0.0036966,2.84027e-05,0.227405,1.97145,2.12053,1.46249,2.85687,0.42336,0.0018483,0.21168,0.0018483,0.21168,460.486,0,0.774161,0,0,1.00157,0.227405,1.028160,1,0,21.8592,0,0,0,21.8592,0
53.469,2.88556,0,0,1.20546,0.0819445,0.36288,3.6288,58.4972,0.716024,0,0,0.590541,0.299416,0,0.66528,12.849,1,0.666916,0.36288,0,24.8432,6.19471,18.3444,0.84672,12.849,0.84672,3695.15,0,0.0036966,2.24606e-05,0.227405,1.97165,2.80518,1.49237,3.51185,0.42336,0.0018483,0.21168,0.0018483,0.21168,460.486,0,0.974488,0,0,1.20189,0.227405,1.028160,1,0,21.8563,0,0,0,21.8563,0
51.1166,2.95108,0,0,1.06692,0.105338,0.36288,3.6288,57.8154,0.882014,0,0,0.500819,0.300647,0,0.66528,12.849,1,0.709166,0.36288,0,19.5038,6.44151,12.7161,0.84672,12.849,0.84672,3695.15,0,0.0036966,0.0018483,0.227405,1.97186,2.55953,1.44146,3.31548,0.42336,0.0018483,0.21168,0.0018483,0.21168,460.486,0,0.811426,0,0,1.03883,0.227405,1.028160,1,0,16.0315,0,0,0,16.0315,0
48.8398,2.9253,0,0,1.12096,0.109638,0.36288,3.6288,57.3638,0.709171,0,0,0.575319,0.317736,0,0.66528,12.849,1,0.735322,0.36288,0,22.439,6.61132,15.4553,0.84672,12.849,0.84672,3695.15,0,0.0036966,0.0018483,0.227405,2.05604,2.62132,1.42325,3.47966,0.42336,0.0018483,0.21168,0.0018483,0.21168,460.486,0,0.984269,0,0,1.21167,0.227405,1.028160,1,0,18.9349,0,0,0,18.9349,0
46.357,2.89846,0,0,0.8856,0.107022,0.36288,3.6288,56.4371,1.02981,0,0,0.419957,0.316809,0,0.66528,12.849,1,0.76254,0.36288,0,23.1564,6.61132,16.1454,0.84672,12.849,0.84672,3695.15,0,0.0036966,0.0018483,0.204422,2.05625,2.07705,1.42325,2.91262,0.42336,0.0018483,0.21168,0.0018483,0.21168,460.486,0,0.66363,0,0,0.868052,0.204422,1.028160,1,0,19.058,0,0,0,19.058,0
44.1201,2.86678,0,0,1.09683,0.104149,0.36288,3.6288,56.1556,0.66528,0,0,0.698667,0.314906,0,0.66528,12.849,1,0.794598,0.36288,0,20.5217,6.61132,13.4787,0.84672,12.849,0.84672,3695.15,0,0.0036966,0.0018483,0.520093,2.05647,3.12118,1.42325,4.27264,0.42336,0.0018483,0.21168,0.0018483,0.21168,460.486,0,1.02816,0,0,1.54825,0.520093,1.028160,1,0,17.7513,0,0,0,17.7513,0
41.5194,2.83587,0,0,0.725106,0.126983,0.36288,3.6288,55.2999,1.00505,0,0,0.430889,0.281534,0,0.66528,12.849,1,0.825884,0.36288,0,17.3967,5.89288,11.0408,0.84672,12.849,0.84672,3695.15,0,0.0036966,0.0018483,0.204422,2.05668,2.55743,1.21049,3.60619,0.42336,0.0018483,0.21168,0.0018483,0.21168,460.486,0,0.688389,0,0,0.892812,0.204422,1.028160,1,0,14.647,0,0,0,14.647,0
38.9563,2.71132,0,0,0.662799,0.151701,0.36288,3.6288,54.1528,1.25116,0,0,0.371536,0.267433,0,0.66528,12.849,1,0.839071,0.36288,0,14.899,5.79758,8.62522,0.84672,12.849,0.84672,3695.15,0,0.0036966,4.18177e-05,0.204422,2.05689,2.19062,1.2626,3.1893,0.42336,0.0018483,0.21168,0.0018483,0.21168,460.486,0,0.437705,0,0,0.642127,0.204422,1.028160,1,0,11.8145,0,0,0,11.8145,0
36.2998,2.70403,0,0,0.557591,0.147202,0.36288,3.6288,53.6225,0.792002,0,0,0.527039,0.265417,0,0.66528,12.849,1,0.84672,0.36288,0,13.5112,5.79758,7.22982,0.84672,12.849,0.84672,3695.15,0,0.0036966,2.70319e-05,0.216518,1.97021,2.47276,1.2626,3.39687,0.42336,0.0018483,0.21168,0.0018483,0.21168,460.486,0,0.897051,0,0,1.11357,0.216518,1.028160,1,0,10.6267,0,0,0,10.6267,0
33.567,2.70439,0,0,0.477111,0.142675,0.36288,3.6288,52.364,1.2851,0,0,0.291096,0.264413,0,0.66528,12.849,1,0.84672,0.36288,0,13.4979,5.79758,7.21651,0.84672,12.849,0.84672,3695.15,0,0.0036966,4.42957e-05,0.216518,1.97042,1.84032,1.2626,2.76461,0.42336,0.0018483,0.21168,0.0018483,0.21168,460.486,0,0.404114,0,0,0.620632,0.216518,1.028160,1,0,9.98113,0,0,0,9.98113,0
30.8458,2.70475,0,0,0.497783,0.151332,0.36288,3.6288,51.0925,1.30426,0,0,0.280238,0.247488,0,0.66528,12.849,1,0.84672,0.36288,0,12.9742,5.58994,6.90038,0.84672,12.849,0.84672,3695.15,0,0.0036966,4.60368e-05,0.216518,1.97062,1.85198,1.1977,2.84137,0.42336,0.0018483,0.21168,0.0018483,0.21168,460.486,0,0.385121,0,0,0.60164,0.216518,1.028160,1,0,9.74176,0,0,0,9.74176,0
28.4606,2.73612,0,0,0.870902,0.157062,0.36288,3.6288,50.1987,1.16048,0,0,0.473259,0.2066,0,0.66528,12.849,1,0.84672,0.36288,0,19.7663,4.07883,15.2037,0.84672,12.849,0.84672,3695.15,0,0.0036966,4.19811e-05,0.216518,1.97083,3.23988,1.10205,4.32513,0.42336,0.0018483,0.21168,0.0018483,0.21168,460.486,0,0.508535,0,0,0.725053,0.216518,1.028160,1,0,19.5288,0,0,0,19.5288,0
26.2326,2.73648,0,0,1.02346,0.1521,0.36288,3.6288,50.1338,0.64105,0,0,0.781228,0.2051,0,0.66528,12.849,1,0.84672,0.36288,0,21.3983,4.07883,16.8356,0.84672,12.849,0.84672,3695.15,0,0.0036966,2.36033e-05,0.326376,1.96097,3.93748,1.10205,5.12276,0.42336,0.0018483,0.21168,0.0018483,0.21168,460.486,0,1.02816,0,0,1.35454,0.326376,1.028160,1,0,21.9583,0,0,0,21.9583,0
23.7105,2.73684,0,0,0.738123,0.160589,0.36288,3.6288,49.4234,1.01682,0,0,0.517759,0.21137,0,0.66528,12.849,1,0.84672,0.36288,0,19.1368,4.19481,14.4582,0.84672,12.849,0.84672,3695.15,0,0.0036966,3.74874e-05,0.292723,1.96117,4.00618,1.12913,5.13091,0.42336,0.0018483,0.21168,0.0018483,0.21168,460.486,0,0.652551,0,0,0.945274,0.292723,1.028160,1,0,19.5891,0,0,0,19.5891,0
22.7676,2.73719,0,0,2.34376,0.18652,0.36288,3.6288,49.3408,0.641396,0,0,0.784846,0.225996,0,0.66528,12.849,1,0.84672,0.36288,0,63.9839,4.48476,59.0153,0.84672,12.849,0.84672,3695.15,0,0.0036966,2.39865e-05,0.558092,1.96138,6.49966,1.19682,7.82229,0.42336,0.0018483,0.21168,0.0018483,0.21168,460.486,0,1.02816,0,0,1.58625,0.558092,1.028160,1,0,66.8376,0,0,0,66.8376,0
21.281,2.46762,0,0,1.5135,0.169617,0.36288,3.6288,49.3375,0.473855,0,0,0.650662,0.180108,0,0.66528,12.849,1,0.84672,0.36288,0,51.5523,3.98894,47.0795,0.84672,12.849,0.84672,3695.15,0,0.0036966,1.77505e-05,0.513276,1.96158,3.90077,1.01895,5.35666,0.42336,0.0018483,0.21168,0.0018483,0.21168,460.486,0,1.02816,0,0,1.54144,0.513276,1.028160,1,0,52.4362,0,0,0,52.4362,0
19.5609,2.43563,0,0,1.23898,0.160573,0.36288,3.6288,49.5447,0.506329,0,0,0.875292,0.161809,0,0.66528,12.849,1,0.84672,0.36288,0,67.1462,3.7906,62.8717,0.84672,12.849,0.84672,3695.15,0,0.0036966,1.89683e-05,0.74755,1.78162,5.28463,0.947804,6.86597,0.42336,0.0018483,0.21168,0.0018483,0.21168,460.486,0,1.02816,0,0,1.77571,0.74755,1.028160,1,0,69.7377,0,0,0,69.7377,0
18.1405,2.43611,0,0,1.53725,0.158658,0.36288,3.6288,49.7899,0.506329,0,0,0.950658,0.199057,0,0.66528,12.849,1,0.84672,0.36288,0,49.8493,4.39278,44.9726,0.84672,12.849,0.84672,3695.15,0,0.0036966,1.8889e-05,0.94443,1.80071,4.65806,1.18531,6.21787,0.42336,0.0018483,0.21168,0.0018483,0.21168,460.486,0,1.02816,0,0,1.97259,0.94443,1.028160,1,0,51.1905,0,0,0,51.1905,0
16.6885,2.4366,0,0,1.52677,0.179326,0.36288,3.6288,49.9363,0.506329,0,0,0.860311,0.207575,0,0.66528,12.849,1,0.84672,0.36288,0,84.4749,4.64166,79.3494,0.84672,12.849,0.84672,3695.15,0,0.0036966,1.87959e-05,0.886231,1.80081,6.16134,1.17563,7.67273,0.42336,0.0018483,0.21168,0.0018483,0.21168,460.486,0,1.02816,0,0,1.91439,0.886231,1.028160,1,0,87.0222,0,0,0,87.0222,0
17.7929,2.43708,0,0,4.07017,0.165764,0.36288,3.6288,51,0.506329,0,0,1.76814,0.198182,0,0.66528,12.849,1,0.84672,0.36288,0,97.7391,4.17452,93.0808,0.84672,12.849,0.84672,3695.15,0,0.0036966,1.87408e-05,1.9952,1.8009,10.5958,1.08801,13.3039,0.42336,0.0018483,0.21168,0.0018483,0.21168,460.486,0,1.02816,0,0,3.02336,1.9952,1.028160,1,0,106.385,0,0,0,106.385,0
18.8476,2.54146,0,0,4.12419,0.165191,0.36288,3.6288,52.6418,0.554912,0,0,2.41561,0.218835,0,0.66528,12.849,1,0.84672,0.36288,0,76.9573,4.50398,71.9695,0.84672,12.849,0.84672,3695.15,0,0.0036966,2.01107e-05,3.19893,1.80099,10.4104,1.10004,14.3103,0.42336,0.0018483,0.21168,0.0018483,0.21168,460.486,0,1.02816,0,0,4.22709,3.19893,1.028160,1,0,86.2798,0,0,0,86.2798,0
19.7463,2.57349,0,0,4.00277,0.167687,0.36288,3.6288,54.1035,0.523366,0,0,2.20678,0.221756,0,0.66528,12.849,1,0.84672,0.36288,0,136.121,4.50398,131.133,0.84672,12.849,0.84672,3695.15,0,0.0036966,1.83758e-05,2.42749,1.85809,10.8227,1.10004,14.0082,0.42336,0.0018483,0.21168,0.0018483,0.21168,460.486,0,1.02816,0,0,3.45565,2.42749,1.028160,1,0,145.141,0,0,0,145.141,0
19.9636,2.57382,0,0,3.32381,0.169814,0.36288,3.6288,55.1316,0.523514,0,0,1.77594,0.224276,0,0.66528,12.849,1,0.84672,0.36288,0,88.7276,4.50398,83.7398,0.84672,12.849,0.84672,3695.15,0,0.0036966,1.78844e-05,2.39099,1.83972,7.71949,1.10004,10.8501,0.42336,0.0018483,0.21168,0.0018483,0.21168,460.486,0,1.02816,0,0,3.41915,2.39099,1.028160,1,0,94.5899,0,0,0,94.5899,0
19.8003,2.57415,0,0,2.94578,0.172036,0.36288,3.6288,55.9378,0.523661,0,0,1.53433,0.204504,0,0.66528,12.849,1,0.84672,0.36288,0,78.1523,4.15994,73.5085,0.84672,12.849,0.84672,3695.15,0,0.0036966,1.75559e-05,1.87002,1.83989,6.84487,1.00811,9.54666,0.42336,0.0018483,0.21168,0.0018483,0.21168,460.486,0,1.02816,0,0,2.89818,1.87002,1.028160,1,0,83.0551,0,0,0,83.0551,0
21.5429,2.7795,0,0,5.06271,0.177697,0.36288,3.6288,57.1008,0.646852,0,0,2.03849,0.228606,0,0.66528,12.849,1,0.84672,0.36288,0,117.147,4.36351,112.3,0.84672,12.849,0.84672,3695.15,0,0.0036966,2.13733e-05,1.86341,1.84007,10.1993,1.12981,12.7729,0.42336,0.0018483,0.21168,0.0018483,0.21168,460.486,0,1.02816,0,0,2.89157,1.86341,1.028160,1,0,125.073,0,0,0,125.073,0
21.6322,2.77986,0,0,3.41485,0.182825,0.36288,3.6288,57.7462,0.647011,0,0,1.52932,0.236908,0,0.66528,12.849,1,0.84672,0.36288,0,68.6857,4.44045,63.7614,0.84672,12.849,0.84672,3695.15,0,0.0036966,2.09431e-05,1.31141,1.97373,7.57296,1.16158,9.6965,0.42336,0.0018483,0.21168,0.0018483,0.21168,460.486,0,1.02816,0,0,2.33957,1.31141,1.028160,1,0,73.4579,0,0,0,73.4579,0
22.3915,2.78021,0,0,4.06942,0.167093,0.36288,3.6288,58.5989,0.64717,0,0,1.67695,0.177163,0,0.66528,12.849,1,0.84672,0.36288,0,73.9895,3.9,69.6057,0.84672,12.849,0.84672,3695.15,0,0.0036966,2.07142e-05,1.57538,1.97392,8.31842,0.943364,10.9243,0.42336,0.0018483,0.21168,0.0018483,0.21168,460.486,0,1.02816,0,0,2.60354,1.57538,1.028160,1,0,80.53,0,0,0,80.53,0
23.343,2.78056,0,0,4.26108,0.16613,0.36288,3.6288,59.6981,0.64733,0,0,1.91449,0.167961,0,0.66528,12.849,1,0.84672,0.36288,0,83.1401,3.80993,78.8464,0.84672,12.849,0.84672,3695.15,0,0.0036966,2.04178e-05,1.75779,1.97411,9.97903,0.906994,12.8039,0.42336,0.0018483,0.21168,0.0018483,0.21168,460.486,0,1.02816,0,0,2.78595,1.75779,1.028160,1,0,91.6503,0,0,0,91.6503,0
23.6167,2.43349,0,0,3.25638,0.186232,0.36288,3.6288,61.2601,0.461967,0,0,2.23315,0.209119,0,0.66528,12.849,1,0.84672,0.36288,0,79.6706,3.77887,75.4079,0.84672,12.849,0.84672,3695.15,0,0.0036966,1.43029e-05,1.55468,1.97429,8.2127,1.10327,10.6384,0.42336,0.0018483,0.21168,0.0018483,0.21168,460.486,0,1.02816,0,0,2.58284,1.55468,1.028160,1,0,86.0463,0,0,0,86.0463,0
23.6257,2.3896,0,0,2.95148,0.189988,0.36288,3.6288,61.308,0.506318,0,0,1.23751,0.217933,0.465369,0.66528,12.849,1,0.84672,0.36288,0,58.4279,3.7737,54.1704,0.84672,12.849,0.84672,3695.15,0,0.0036966,1.52763e-05,0.823954,1.76603,5.38117,1.13598,6.83516,0.42336,0.0018483,0.21168,0.0018483,0.21168,460.486,0,1.02816,0,0,1.85211,0.823954,1.028160,1,0,61.4709,0,0,0,61.4709,0
23.4672,2.39005,0,0,2.7844,0.190013,0.36288,3.6288,61.308,0.506318,0,0,0.947871,0.217999,0.223553,0.66528,12.849,1,0.84672,0.36288,0,42.71,3.7737,38.4525,0.84672,12.849,0.84672,3695.15,0,0.0036966,1.52644e-05,0.764208,1.79207,7.39295,1.13598,8.81323,0.42336,0.0018483,0.21168,0.0018483,0.21168,460.486,0,1.02816,0,0,1.79237,0.764208,1.028160,1,0,47.4893,0,0,0,47.4893,0
24.3798,2.39051,0,0,3.85255,0.186552,0.36288,3.6288,61.308,0.506318,0,0,1.74869,0.180261,1.06211,0.66528,12.849,1,0.84672,0.36288,0,73.2119,3.7191,69.009,0.84672,12.849,0.84672,3695.15,0,0.0036966,1.52644e-05,1.86909,1.79216,12.0803,0.988505,14.753,0.42336,0.0018483,0.21168,0.0018483,0.21168,460.486,0,1.02816,0,0,2.89725,1.86909,1.028160,1,0,84.8241,0,0,0,84.8241,0
25.5588,2.39096,0,0,4.12162,0.18879,0.36288,3.6288,61.308,0.506318,0,0,1.32041,0.176279,0.637811,0.66528,12.849,1,0.84672,0.36288,0,64.9304,3.77296,60.6736,0.84672,12.849,0.84672,3695.15,0,0.0036966,1.52644e-05,1.14003,1.79224,8.43178,1.02346,10.3406,0.42336,0.0018483,0.21168,0.0018483,0.21168,460.486,0,1.02816,0,0,2.16819,1.14003,1.028160,1,0,71.652,0,0,0,71.652,0
26.3349,2.51133,0,0,3.84204,0.19166,0.36288,3.6288,61.308,0.599341,0,0,1.23417,0.170968,0.463862,0.66528,12.849,1,0.84672,0.36288,0,72.7871,3.84479,68.4585,0.84672,12.849,0.84672,3695.15,0,0.0036966,1.80688e-05,0.558835,1.79233,7.09111,1.07007,8.37218,0.42336,0.0018483,0.21168,0.0018483,0.21168,460.486,0,0.995095,0,0,1.55393,0.558835,1.028160,1,0,77.2945,0,0,0,77.2945,0
26.3943,2.49702,0,0,3.11304,0.193778,0.36288,3.6288,61.308,0.525385,0,0,0.996849,0.170968,0.300495,0.66528,12.849,1,0.84672,0.36288,0,50.5724,3.84479,46.2438,0.84672,12.849,0.84672,3695.15,0,0.0036966,1.58392e-05,0.528595,1.86121,5.71731,1.07007,7.03703,0.42336,0.0018483,0.21168,0.0018483,0.21168,460.486,0,0.998983,0,0,1.52758,0.528595,1.028160,1,0,53.5813,0,0,0,53.5813,0
26.5588,2.49733,0,0,3.21372,0.18898,0.36288,3.6288,61.308,0.496353,0,0,0.855922,0.153275,0.206293,0.66528,12.849,1,0.84672,0.36288,0,50.3592,3.49406,46.3813,0.84672,12.849,0.84672,3695.15,0,0.0036966,1.49639e-05,0.669142,1.80439,4.93085,1.02092,6.38344,0.42336,0.0018483,0.21168,0.0018483,0.21168,460.486,0,1.02816,0,0,1.6973,0.669142,1.028160,1,0,52.971,0,0,0,52.971,0
26.6909,2.49765,0,0,3.17321,0.180625,0.36288,3.6288,61.308,0.496498,0,0,0.849433,0.114853,0.238082,0.66528,12.849,1,0.84672,0.36288,0,50.3854,2.76504,47.1365,0.84672,12.849,0.84672,3695.15,0,0.0036966,1.49683e-05,0.628223,1.80456,3.79845,0.926774,5.30444,0.42336,0.0018483,0.21168,0.0018483,0.21168,460.486,0,1.02816,0,0,1.65638,0.628223,1.028160,1,0,52.679,0,0,0,52.679,0
26.3733,2.45187,0,0,2.65649,0.159322,0.36288,3.6288,61.308,0.473745,0,0,1.13,0.182414,0.47384,0.66528,12.849,1,0.84672,0.36288,0,46.4043,3.9402,41.9803,0.84672,12.849,0.84672,3695.15,0,0.0036966,1.42824e-05,0.611781,1.80473,4.04691,1.1163,5.3471,0.42336,0.0018483,0.21168,0.0018483,0.21168,460.486,0,1.02816,0,0,1.63994,0.611781,1.028160,1,0,47.8012,0,0,0,47.8012,0
26.0028,2.44593,0,0,2.57958,0.141293,0.36288,3.6288,61.308,0.480139,0,0,1.22166,0.195494,0.546029,0.66528,12.849,1,0.84672,0.36288,0,44.7568,4.05552,40.2174,0.84672,12.849,0.84672,3695.15,0,0.0036966,1.44751e-05,0.729976,1.77857,4.47857,1.12319,5.86392,0.42336,0.0018483,0.21168,0.0018483,0.21168,460.486,0,1.02816,0,0,1.75814,0.729976,1.028160,1,0,46.6273,0,0,0,46.6273,0
25.3944,2.5039,0,0,2.39901,0.140556,0.36288,3.6288,61.308,0.506322,0,0,1.1304,0.195494,0.428582,0.66528,12.849,1,0.84672,0.36288,0,40.9395,4.05552,36.4002,0.84672,12.849,0.84672,3695.15,0,0.0036966,1.52645e-05,0.564054,1.7824,4.13524,1.12319,5.35849,0.42336,0.0018483,0.21168,0.0018483,0.21168,460.486,0,1.02816,0,0,1.59221,0.564054,1.028160,1,0,42.1872,0,0,0,42.1872,0
24.8376,2.50436,0,0,2.44929,0.13892,0.36288,3.6288,61.308,0.506322,0,0,1.14254,0.18502,0.451204,0.66528,12.849,1,0.84672,0.36288,0,41.7052,3.74646,37.4749,0.84672,12.849,0.84672,3695.15,0,0.0036966,1.52645e-05,0.491841,1.81349,3.90804,1.13696,5.0764,0.42336,0.0018483,0.21168,0.0018483,0.21168,460.486,0,1.02816,0,0,1.52,0.491841,1.028160,1,0,43.0025,0,0,0,43.0025,0
23.8762,2.66408,0,0,2.17345,0.107866,0.36288,3.6288,61.308,0.595612,0,0,0.988718,0.199701,0.193406,0.66528,12.849,1,0.84672,0.36288,0,38.3052,4.26255,33.5588,0.84672,12.849,0.84672,3695.15,0,0.0036966,1.79564e-05,0.402797,1.81358,3.5301,1.16398,4.58248,0.42336,0.0018483,0.21168,0.0018483,0.21168,460.486,0,1.02152,0,0,1.42431,0.402797,1.028160,1,0,38.3347,0,0,0,38.3347,0
22.6596,2.67022,0,0,1.89621,0.0797089,0.36288,3.6288,61.308,0.636672,0,0,0.884477,0.202208,0.0455964,0.66528,12.849,1,0.84672,0.36288,0,33.2784,4.37451,28.4201,0.84672,12.849,0.84672,3695.15,0,0.0036966,1.91942e-05,0.402797,1.90737,3.19467,1.15463,4.35019,0.42336,0.0018483,0.21168,0.0018483,0.21168,460.486,0,0.974791,0,0,1.37759,0.402797,1.028160,1,0,32.8159,0,0,0,32.8159,0
21.3669,2.67054,0,0,1.81462,0.0739126,0.36288,3.6288,61.308,0.583457,0,0,0.929966,0.203993,0.142516,0.66528,12.849,1,0.84672,0.36288,0,31.2673,4.42869,26.3548,0.84672,12.849,0.84672,3695.15,0,0.0036966,1.75899e-05,0.341703,1.90414,3.3282,1.1446,4.42943,0.42336,0.0018483,0.21168,0.0018483,0.21168,460.486,0,1.02816,0,0,1.36986,0.341703,1.028160,1,0,30.9267,0,0,0,30.9267,0
19.9941,2.67086,0,0,1.73355,0.0726328,0.36288,3.6288,61.308,0.603447,0,0,0.933889,0.203993,0.126449,0.66528,12.849,1,0.84672,0.36288,0,29.3774,4.42869,24.4649,0.84672,12.849,0.84672,3695.15,0,0.0036966,1.81926e-05,0.30119,1.90432,3.20031,1.1446,4.26121,0.42336,0.0018483,0.21168,0.0018483,0.21168,460.486,0,1.00832,0,0,1.30951,0.30119,1.028160,1,0,28.8525,0,0,0,28.8525,0
18.5576,2.61091,0,0,1.60889,0.0716263,0.36288,3.6288,61.308,0.556146,0,0,0.867931,0.219584,0.092201,0.66528,12.849,1,0.84672,0.36288,0,26.6877,4.53322,21.6707,0.84672,12.849,0.84672,3695.15,0,0.0036966,1.67666e-05,0.40843,1.90451,3.15366,1.10418,4.3624,0.42336,0.0018483,0.21168,0.0018483,0.21168,460.486,0,1.02816,0,0,1.43659,0.40843,1.028160,1,0,26.1253,0,0,0,26.1253,0
17.0789,2.58025,0,0,1.53513,0.0706578,0.36288,3.6288,61.2606,0.600963,0,0,0.793964,0.240371,0,0.66528,12.849,1,0.84672,0.36288,0,23.9685,4.6726,18.812,0.84672,12.849,0.84672,3695.15,0,0.0036966,1.81177e-05,0.611513,1.87205,3.26973,1.05029,4.70299,0.42336,0.0018483,0.21168,0.0018483,0.21168,460.486,0,1.02816,0,0,1.63967,0.611513,1.028160,1,0,23.515,0,0,0,23.515,0
15.5375,2.58055,0,0,1.46082,0.0588211,0.36288,3.6288,61.1631,0.601117,0,0,0.775008,0.271379,0,0.66528,12.849,1,0.84672,0.36288,0,22.7241,5.10695,17.1334,0.84672,12.849,0.84672,3695.15,0,0.0036966,1.81364e-05,0.550921,1.90094,3.14244,1.19729,4.39699,0.42336,0.0018483,0.21168,0.0018483,0.21168,460.486,0,1.02816,0,0,1.57908,0.550921,1.028160,1,0,21.5304,0,0,0,21.5304,0
13.7461,2.64059,0,0,1.26211,0.0499865,0.36288,3.6288,60.9756,0.629675,0,0,0.729916,0.287815,0,0.66528,12.849,1,0.84672,0.36288,0,21.0058,5.7717,14.7503,0.84672,12.849,0.84672,3695.15,0,0.0036966,1.90283e-05,0.497267,1.90112,3.16926,1.43328,4.13434,0.42336,0.0018483,0.21168,0.0018483,0.21168,460.486,0,1.02816,0,0,1.52543,0.497267,1.028160,1,0,18.8846,0,0,0,18.8846,0
11.9407,2.64088,0,0,1.24656,0.0482252,0.36288,3.6288,60.7807,0.629832,0,0,0.71979,0.284799,0,0.66528,12.849,1,0.84672,0.36288,0,19.5015,5.9073,13.1104,0.84672,12.849,0.84672,3695.15,0,0.0036966,1.90916e-05,0.567708,1.93444,3.14341,1.48357,4.16197,0.42336,0.0018483,0.21168,0.0018483,0.21168,460.486,0,1.02816,0,0,1.59587,0.567708,1.028160,1,0,17.2723,0,0,0,17.2723,0
10.1092,2.66141,0,0,1.23011,0.0373236,0.36288,3.6288,60.4102,0.66245,0,0,0.612107,0.320165,0,0.66528,12.849,1,0.84672,0.36288,0,20.2265,6.01566,13.727,0.84672,12.849,0.84672,3695.15,0,0.0036966,2.01446e-05,0.261274,1.93462,2.82036,1.48387,3.53237,0.42336,0.0018483,0.21168,0.0018483,0.21168,460.486,0,1.00711,0,0,1.26839,0.261274,1.028160,1,0,17.2594,0,0,0,17.2594,0
8.19995,2.66167,0,0,1.1511,0.0357839,0.36288,3.6288,59.9404,0.717039,0,0,0.56659,0.319413,0,0.66528,12.849,1,0.84672,0.36288,0,18.2594,6.01566,11.7599,0.84672,12.849,0.84672,3695.15,0,0.0036966,2.19384e-05,0.261274,1.94742,2.51714,1.48387,3.24194,0.42336,0.0018483,0.21168,0.0018483,0.21168,460.486,0,0.952681,0,0,1.21395,0.261274,1.028160,1,0,15.0019,0,0,0,15.0019,0
6.13692,2.72304,0,0,1.05677,0.033872,0.36288,3.6288,59.3757,0.806596,0,0,0.560365,0.318459,0,0.66528,12.849,1,0.84672,0.36288,0,16.6913,6.01566,10.1918,0.84672,12.849,0.84672,3695.15,0,0.0036966,0.0018483,0.227405,1.94761,2.46186,1.48387,3.15115,0.42336,0.0018483,0.21168,0.0018483,0.21168,460.486,0,0.886844,0,0,1.11425,0.227405,1.028160,1,0,13.3429,0,0,0,13.3429,0
4.29501,2.72318,0,0,1.26962,0.0254775,0.36288,3.6288,59.0902,0.66528,0,0,0.682344,0.302523,0,0.66528,12.849,1,0.84672,0.36288,0,17.4797,6.22387,10.772,0.84672,12.849,0.84672,3695.15,0,0.0036966,0.0018483,0.481818,1.98174,3.67596,1.54269,4.59498,0.42336,0.0018483,0.21168,0.0018483,0.21168,460.486,0,1.02816,0,0,1.50998,0.481818,1.028160,1,0,15.3669,0,0,0,15.3669,0
2.18357,2.83107,0,0,1.10168,0.0191643,0.36288,3.6288,58.7142,0.66528,0,0,0.584262,0.29501,0,0.66528,12.849,1,0.84672,0.36288,0,17.4639,6.10638,10.8736,0.84672,12.849,0.84672,3695.15,0,0.0036966,0.0018483,0.362189,1.98193,3.10494,1.54665,3.90056,0.42336,0.0018483,0.21168,0.0018483,0.21168,460.486,0,1.02816,0,0,1.39035,0.362189,1.028160,1,0,14.7742,0,0,0,14.7742,0
0.646485,2.18357,0,0,1.02449,0.015123,0.36288,3.6288,58.2951,0.66528,0,0,0.546887,0.300717,0,0.66528,12.849,1,0.84672,0.36288,0,17.0402,5.99928,10.557,0.84672,12.849,0.84672,3695.15,0,0.0036966,0.0018483,0.388428,2.06652,3.35161,1.53615,4.26857,0.42336,0.0018483,0.21168,0.0018483,0.21168,460.486,0,1.02816,0,0,1.41659,0.388428,1.028160,1,0,14.8256,0,0,0,14.8256,0
0.625685,0.646485,0,0,1.00277,0.0142024,0.36288,3.6288,57.8412,0.66528,0,0,0.511326,0.299907,0,0.66528,12.849,1,0.84672,0.36288,0,15.5496,5.99928,9.06646,0.84672,12.849,0.84672,3695.15,0,0.0036966,0.0018483,0.308837,2.06672,3.36398,1.53615,4.20154,0.42336,0.0018483,0.21168,0.0018483,0.21168,460.486,0,1.02816,0,0,1.337,0.308837,1.028160,1,0,13.268,0,0,0,13.268,0
1.07981,0.625685,0,0,1.45688,0.01419,0.36288,3.6288,57.4644,0.66528,0,0,0.587534,0.29903,0,0.66528,12.849,1,0.84672,0.36288,0,17.7101,5.99928,11.227,0.84672,12.849,0.84672,3695.15,0,0.0036966,0.0018483,0.54648,2.06692,3.72972,1.53615,4.80512,0.42336,0.0018483,0.21168,0.0018483,0.21168,460.486,0,1.02816,0,0,1.57464,0.54648,1.028160,1,0,16.0321,0,0,0,16.0321,0
1.33412,1.07981,0,0,1.71982,0.0228164,0.36288,3.6288,57.2472,0.66528,0,0,0.754514,0.306447,0,0.66528,12.849,1,0.84672,0.36288,0,28.9738,5.90966,22.5803,0.84672,12.849,0.84672,3695.15,0,0.0036966,0.0018483,0.967861,2.06711,4.43014,1.5077,5.95556,0.42336,0.0018483,0.21168,0.0018483,0.21168,460.486,0,1.02816,0,0,1.99602,0.967861,1.028160,1,0,28.5359,0,0,0,28.5359,0
1.25177,1.33412,0,0,1.63475,0.0201012,0.36288,3.6288,57.1299,0.66528,0,0,0.879129,0.331192,0,0.66528,12.849,1,0.84672,0.36288,0,24.0964,6.09465,17.518,0.84672,12.849,0.84672,3695.15,0,0.0036966,0.0018483,1.97361,2.06731,5.87676,1.46238,8.45344,0.42336,0.0018483,0.21168,0.0018483,0.21168,460.486,0,1.02816,0,0,3.00177,1.97361,1.028160,1,0,25.9714,0,0,0,25.9714,0
1.58478,1.25177,0,0,1.98498,0.0373158,0.36288,3.6288,57.0585,0.66528,0,0,0.891251,0.297348,0,0.66528,12.849,1,0.84672,0.36288,0,21.8754,5.81857,15.5729,0.84672,12.849,0.84672,3695.15,0,0.0036966,0.0018483,2.02361,1.98017,4.34792,1.36756,6.9823,0.42336,0.0018483,0.21168,0.0018483,0.21168,460.486,0,1.02816,0,0,3.05177,2.02361,1.028160,1,0,22.5552,0,0,0,22.5552,0
2.65054,1.58478,0,0,3.05124,0.0378268,0.36288,3.6288,57.6014,0.66528,0,0,1.50536,0.29721,0,0.66528,12.849,1,0.84672,0.36288,0,40.5906,5.81857,34.2882,0.84672,12.849,0.84672,3695.15,0,0.0036966,0.0018483,4.29139,1.98036,8.40547,1.36756,13.3078,0.42336,0.0018483,0.21168,0.0018483,0.21168,460.486,0,1.02816,0,0,5.31955,4.29139,1.028160,1,0,47.596,0,0,0,47.596,0
2.13854,2.65054,0,0,2.54088,0.0394621,0.36288,3.6288,57.8339,0.66528,0,0,1.19607,0.298258,0,0.66528,12.849,1,0.84672,0.36288,0,60.2326,5.81857,53.9302,0.84672,12.849,0.84672,3695.15,0,0.0036966,0.0018483,3.1732,1.98054,5.91779,1.36756,9.70212,0.42336,0.0018483,0.21168,0.0018483,0.21168,460.486,0,1.02816,0,0,4.20136,3.1732,1.028160,1,0,63.6323,0,0,0,63.6323,0
4.03258,2.13854,0,0,4.47962,0.0841546,0.36288,3.6288,58.1761,0.649253,0,0,1.21567,0.224225,0,0.66528,12.849,1,0.84672,0.36288,0,66.8522,4.41237,61.956,0.84672,12.849,0.84672,3695.15,0,0.0036966,2.07493e-05,3.1528,1.98073,8.85251,1.08007,12.906,0.42336,0.0018483,0.21168,0.0018483,0.21168,460.486,0,1.02816,0,0,4.18096,3.1528,1.028160,1,0,74.8619,0,0,0,74.8619,0
5.54221,2.75334,0,0,4.71638,0.090531,0.36288,3.6288,58.4844,0.649412,0,0,1.17645,0.218765,0,0.66528,12.849,1,0.84672,0.36288,0,69.4241,4.19317,64.7471,0.84672,12.849,0.84672,3695.15,0,0.0036966,2.06323e-05,3.22974,1.97081,12.2968,1.02535,16.472,0.42336,0.0018483,0.21168,0.0018483,0.21168,460.486,0,1.02816,0,0,4.2579,3.22974,1.028160,1,0,81.2191,0,0,0,81.2191,0
7.31176,2.75402,0,0,4.98181,0.0953509,0.36288,3.6288,59.8494,0.649571,0,0,2.23385,0.2192,0,0.66528,12.849,1,0.84672,0.36288,0,77.9864,4.19317,73.3094,0.84672,12.849,0.84672,3695.15,0,0.0036966,2.05286e-05,4.84313,1.971,10.9045,1.02535,16.6933,0.42336,0.0018483,0.21168,0.0018483,0.21168,460.486,0,1.02816,0,0,5.87129,4.84313,1.028160,1,0,90.0027,0,0,0,90.0027,0
8.24473,2.75459,0,0,4.15803,0.107594,0.36288,3.6288,60.729,0.649731,0,0,1.755,0.225695,0,0.66528,12.849,1,0.84672,0.36288,0,68.6797,3.83776,64.3581,0.84672,12.849,0.84672,3695.15,0,0.0036966,2.00653e-05,3.89127,1.97118,14.2347,0.949752,19.1474,0.42336,0.0018483,0.21168,0.0018483,0.21168,460.486,0,1.02816,0,0,4.91943,3.89127,1.028160,1,0,83.5055,0,0,0,83.5055,0
9.80942,2.48377,0,0,4.51104,0.0997026,0.36288,3.6288,61.308,0.481339,0,0,2.00297,0.227716,0.714933,0.66528,12.849,1,0.84672,0.36288,0,71.9531,3.74907,67.7202,0.84672,12.849,0.84672,3695.15,0,0.0036966,1.46496e-05,3.53931,1.97137,14.0078,0.927372,18.5911,0.42336,0.0018483,0.21168,0.0018483,0.21168,460.486,0,1.02816,0,0,4.56747,3.53931,1.028160,1,0,87.0262,0,0,0,87.0262,0
11.2381,2.45934,0,0,4.3787,0.127836,0.36288,3.6288,61.308,0.50632,0,0,1.39239,0.205493,0.680575,0.66528,12.849,1,0.84672,0.36288,0,62.9586,4.01488,58.4598,0.84672,12.849,0.84672,3695.15,0,0.0036966,1.52644e-05,2.54707,1.79049,14.4282,0.959895,17.8058,0.42336,0.0018483,0.21168,0.0018483,0.21168,460.486,0,1.02816,0,0,3.57523,2.54707,1.028160,1,0,76.9463,0,0,0,76.9463,0
12.5934,2.45986,0,0,4.31032,0.132231,0.36288,3.6288,61.308,0.50632,0,0,1.21273,0.205493,0.500915,0.66528,12.849,1,0.84672,0.36288,0,49.3436,4.01488,44.8449,0.84672,12.849,0.84672,3695.15,0,0.0036966,1.52644e-05,1.97376,1.80519,11.8939,0.959895,14.713,0.42336,0.0018483,0.21168,0.0018483,0.21168,460.486,0,1.02816,0,0,3.00192,1.97376,1.028160,1,0,60.0588,0,0,0,60.0588,0
13.4439,2.46036,0,0,3.81002,0.136333,0.36288,3.6288,61.308,0.50632,0,0,1.2435,0.205493,0.53169,0.66528,12.849,1,0.84672,0.36288,0,57.1837,4.01488,52.6849,0.84672,12.849,0.84672,3695.15,0,0.0036966,1.52644e-05,2.00332,1.80528,12.2964,0.959895,15.1451,0.42336,0.0018483,0.21168,0.0018483,0.21168,460.486,0,1.02816,0,0,3.03148,2.00332,1.028160,1,0,68.3617,0,0,0,68.3617,0
17.8129,2.46084,0,0,7.33296,0.140227,0.36288,3.6288,61.308,0.50632,0,0,1.81879,0.231943,1.08053,0.66528,12.849,1,0.84672,0.36288,0,75.1957,4.74159,69.9703,0.84672,12.849,0.84672,3695.15,0,0.0036966,1.52644e-05,3.52268,1.80537,15.3308,1.19869,19.4602,0.42336,0.0018483,0.21168,0.0018483,0.21168,460.486,0,1.02816,0,0,4.55084,3.52268,1.028160,1,0,90.511,0,0,0,90.511,0
23.036,2.56576,0,0,8.31973,0.167958,0.36288,3.6288,61.308,0.555143,0,0,3.25407,0.23982,2.45911,0.66528,12.849,1,0.84672,0.36288,0,163.046,4.47132,158.091,0.84672,12.849,0.84672,3695.15,0,0.0036966,1.67363e-05,7.27974,1.80545,20.3748,1.19391,28.2661,0.42336,0.0018483,0.21168,0.0018483,0.21168,460.486,0,1.02816,0,0,8.3079,7.27974,1.028160,1,0,188.816,0,0,0,188.816,0
30.1301,2.59038,0,0,10.2279,0.180524,0.36288,3.6288,61.308,0.531011,0,0,3.43249,0.23982,2.66166,0.66528,12.849,1,0.84672,0.36288,0,212.483,4.47132,207.527,0.84672,12.849,0.84672,3695.15,0,0.0036966,1.60088e-05,7.40276,1.86282,20.5556,1.19391,28.6273,0.42336,0.0018483,0.21168,0.0018483,0.21168,460.486,0,1.02816,0,0,8.43092,7.40276,1.028160,1,0,238.816,0,0,0,238.816,0
34.5119,2.59073,0,0,7.53486,0.199375,0.36288,3.6288,61.308,0.531146,0,0,3.34505,0.23982,2.57409,0.66528,12.849,1,0.84672,0.36288,0,173.295,4.47132,168.34,0.84672,12.849,0.84672,3695.15,0,0.0036966,1.60129e-05,6.82633,1.84878,19.8906,1.19391,27.3718,0.42336,0.0018483,0.21168,0.0018483,0.21168,460.486,0,1.02816,0,0,7.85449,6.82633,1.028160,1,0,198.286,0,0,0,198.286,0
40.3405,2.59104,0,0,8.97065,0.188182,0.36288,3.6288,61.308,0.53128,0,0,3.92366,0.192955,3.19942,0.66528,12.849,1,0.84672,0.36288,0,184.909,3.29511,181.13,0.84672,12.849,0.84672,3695.15,0,0.0036966,1.60169e-05,7.11331,1.84894,17.6748,0.860017,25.777,0.42336,0.0018483,0.21168,0.0018483,0.21168,460.486,0,1.02816,0,0,8.14147,7.11331,1.028160,1,0,210.106,0,0,0,210.106,0
43.9626,2.7974,0,0,7.01222,0.229827,0.36288,3.6288,61.308,0.65506,0,0,2.98523,0.190193,2.13998,0.66528,12.849,1,0.84672,0.36288,0,173.421,3.81373,169.124,0.84672,12.849,0.84672,3695.15,0,0.0036966,1.97486e-05,4.23128,1.8491,14.3856,0.980381,19.4856,0.42336,0.0018483,0.21168,0.0018483,0.21168,460.486,0,1.02816,0,0,5.25944,4.23128,1.028160,1,0,190.749,0,0,0,190.749,0
47.0132,2.82018,0,0,6.48519,0.251508,0.36288,3.6288,61.308,0.655205,0,0,2.58968,0.189088,1.74538,0.66528,12.849,1,0.824258,0.36288,0,163,4.02118,158.517,0.84672,12.849,0.84672,3695.15,0,0.0036966,1.9753e-05,3.48336,1.9834,12.9792,1.02853,17.4174,0.42336,0.0018483,0.21168,0.0018483,0.21168,460.486,0,1.02816,0,0,4.51152,3.48336,1.028160,1,0,177.68,0,0,0,177.68,0
52.7667,2.86244,0,0,9.23495,0.256143,0.36288,3.6288,61.308,0.65535,0,0,4.06273,0.200153,3.20722,0.66528,12.849,1,0.782321,0.36288,0,226.544,4.28327,221.842,0.84672,12.849,0.84672,3695.15,0,0.0036966,1.97573e-05,5.89869,1.98357,22.132,1.11052,28.9037,0.42336,0.0018483,0.21168,0.0018483,0.21168,460.486,0,1.02816,0,0,6.92685,5.89869,1.028160,1,0,253.952,0,0,0,253.952,0
58.641,2.9313,0,0,9.43272,0.26432,0.36288,3.6288,61.308,0.655495,0,0,4.65394,0.20543,3.79301,0.66528,12.849,1,0.713787,0.36288,0,211.736,4.6164,206.769,0.84672,12.849,0.84672,3695.15,0,0.0036966,1.97617e-05,6.99417,1.98374,27.7618,1.17423,35.5655,0.42336,0.0018483,0.21168,0.0018483,0.21168,460.486,0,1.02816,0,0,8.02233,6.99417,1.028160,1,0,246.127,0,0,0,246.127,0
61.6459,2.70383,0,0,6.37022,0.298607,0.36288,3.6288,61.308,0.469215,0,0,2.49646,0.201323,1.82592,0.66528,12.849,1,0.592445,0.36288,0,151.661,3.88541,147.546,0.84672,12.849,0.84672,3695.15,0,0.0036966,1.41458e-05,3.15236,1.98391,11.9961,0.886407,16.246,0.42336,0.0018483,0.21168,0.0018483,0.21168,460.486,0,1.02816,0,0,4.18052,3.15236,1.028160,1,0,165.617,0,0,0,165.617,0
63.1727,2.72797,0,0,4.93032,0.31263,0.36288,3.6288,61.308,0.469344,0,0,1.60564,0.21162,0.924676,0.66528,12.849,1,0.568597,0.36288,0,97.0073,3.76478,93.0368,0.84672,12.849,0.84672,3695.15,0,0.0036966,1.41497e-05,1.45521,1.77462,7.04029,0.846622,9.42348,0.42336,0.0018483,0.21168,0.0018483,0.21168,460.486,0,1.02816,0,0,2.48337,1.45521,1.028160,1,0,103.385,0,0,0,103.385,0
64.4822,2.73962,0,0,4.72857,0.31657,0.36288,3.6288,61.308,0.469472,0,0,1.87831,0.21162,1.19722,0.66528,12.849,1,0.557225,0.36288,0,96.1675,3.76478,92.2084,0.84672,12.849,0.84672,3695.15,0,0.0036966,1.41536e-05,1.42639,1.77477,5.4536,0.846622,7.80813,0.42336,0.0018483,0.21168,0.0018483,0.21168,460.486,0,1.02816,0,0,2.45455,1.42639,1.028160,1,0,101.214,0,0,0,101.214,0
69.1919,2.7493,0,0,8.13992,0.318022,0.36288,3.6288,61.308,0.469601,0,0,2.90267,0.194439,2.23863,0.66528,12.849,1,0.547837,0.36288,0,201.022,3.49581,197.341,0.84672,12.849,0.84672,3695.15,0,0.0036966,1.41574e-05,3.72262,1.77493,12.8628,0.800557,17.5598,0.42336,0.0018483,0.21168,0.0018483,0.21168,460.486,0,1.02816,0,0,4.75078,3.72262,1.028160,1,0,217.139,0,0,0,217.139,0
72.29,2.78099,0,0,8.24895,0.336153,2.03372,3.6288,61.308,0.46973,0,0,3.56523,0.163987,2.93151,0.66528,12.849,1,0.516432,2.03372,0,179.313,3.16125,177.669,0.84672,12.849,0.84672,3695.15,0,0.0036966,1.41613e-05,3.85211,1.77508,11.179,0.735574,16.0706,0.42336,0.0018483,0.21168,0.0018483,0.21168,460.486,0,1.02816,0,0,4.88027,3.85211,1.028160,1,0,196.671,0,0,0,196.671,0
72.29,2.90233,0,0,6.98354,0.366566,3.71464,3.6288,61.308,0.530107,0,0,2.30403,0.145126,1.6288,0.66528,12.849,1,0.515868,3.71464,0,136.513,3.2214,136.49,0.84672,12.849,0.84672,3695.15,0,0.0036966,1.59815e-05,3.01716,1.77523,11.6837,0.726666,15.7494,0.42336,0.0018483,0.21168,0.0018483,0.21168,460.486,0,1.02816,0,0,4.04532,3.01716,1.028160,1,0,153.868,0,0,0,153.868,0
72.29,2.90258,0,0,6.58824,0.366566,3.31909,3.6288,61.308,0.530241,0,0,2.49966,0.145126,1.82429,0.66528,12.849,1,0.515912,3.31909,0,157.537,3.2214,157.118,0.84672,12.849,0.84672,3695.15,0,0.0036966,1.59856e-05,3.04214,1.84451,11.752,0.726666,15.912,0.42336,0.0018483,0.21168,0.0018483,0.21168,460.486,0,1.02816,0,0,4.0703,3.04214,1.028160,1,0,174.855,0,0,0,174.855,0
72.29,2.90283,0,0,5.8832,0.312998,2.66737,3.6288,61.308,0.530375,0,0,2.35494,0.173672,1.65089,0.66528,12.849,1,0.515956,2.66737,0,145.422,3.57042,144.003,0.84672,12.849,0.84672,3695.15,0,0.0036966,1.59896e-05,2.96871,1.84467,12.1255,0.795368,16.1435,0.42336,0.0018483,0.21168,0.0018483,0.21168,460.486,0,1.02816,0,0,3.99687,2.96871,1.028160,1,0,161.797,0,0,0,161.797,0
72.29,2.90308,0,0,5.05589,0.30407,1.84873,3.6288,61.308,0.530509,0,0,1.77969,0.178429,1.07075,0.66528,12.849,1,0.516001,1.84873,0,95.218,3.62859,92.9221,0.84672,12.849,0.84672,3695.15,0,0.0036966,1.59937e-05,2.25607,1.84483,8.88088,0.806818,12.1749,0.42336,0.0018483,0.21168,0.0018483,0.21168,460.486,0,1.02816,0,0,3.28423,2.25607,1.028160,1,0,106.168,0,0,0,106.168,0
72.29,2.86332,0,0,4.79053,0.250537,1.67668,3.6288,61.308,0.507235,0,0,2.26843,0.206554,1.55464,0.66528,12.849,1,0.508933,1.67668,0,93.6671,3.5344,91.3005,0.84672,12.849,0.84672,3695.15,0,0.0036966,1.5292e-05,2.86659,1.84499,8.21984,0.860561,12.0708,0.42336,0.0018483,0.21168,0.0018483,0.21168,460.486,0,1.02816,0,0,3.89475,2.86659,1.028160,1,0,104.926,0,0,0,104.926,0
72.29,2.86356,0,0,4.46878,0.250537,1.35468,3.6288,61.308,0.507367,0,0,2.09839,0.206554,1.38447,0.66528,12.849,1,0.508977,1.35468,0,93.5297,3.5344,90.841,0.84672,12.849,0.84672,3695.15,0,0.0036966,1.5296e-05,2.67143,1.81823,8.06371,0.860561,11.6928,0.42336,0.0018483,0.21168,0.0018483,0.21168,460.486,0,1.02816,0,0,3.69959,2.67143,1.028160,1,0,103.918,0,0,0,103.918,0
72.29,2.86381,0,0,4.04895,0.250537,0.934609,3.6288,61.308,0.507499,0,0,1.86582,0.206554,1.15176,0.66528,12.849,1,0.50902,0.934609,0,83.522,3.5344,80.4132,0.84672,12.849,0.84672,3695.15,0,0.0036966,1.53e-05,2.41392,1.81839,7.31929,0.860561,10.691,0.42336,0.0018483,0.21168,0.0018483,0.21168,460.486,0,1.02816,0,0,3.44208,2.41392,1.028160,1,0,92.256,0,0,0,92.256,0
72.29,2.86406,0,0,3.76173,0.230898,0.666781,3.6288,61.308,0.507631,0,0,1.66258,0.212307,0.942639,0.66528,12.849,1,0.509064,0.666781,0,77.9639,3.60424,74.5174,0.84672,12.849,0.84672,3695.15,0,0.0036966,1.5304e-05,1.8917,1.81854,6.7754,0.826124,9.65951,0.42336,0.0018483,0.21168,0.0018483,0.21168,460.486,0,1.02816,0,0,2.91986,1.8917,1.028160,1,0,85.1195,0,0,0,85.1195,0
72.29,3.00018,0,0,3.80635,0.183887,0.622289,3.6288,61.308,0.590802,0,0,1.68896,0.228403,0.869751,0.66528,12.849,1,0.533258,0.622289,0,72.7194,3.93989,68.8686,0.84672,12.849,0.84672,3695.15,0,0.0036966,1.78114e-05,2.6466,1.8187,6.58848,0.878982,10.1748,0.42336,0.0018483,0.21168,0.0018483,0.21168,460.486,0,1.02816,0,0,3.67476,2.6466,1.028160,1,0,79.9131,0,0,0,79.9131,0
72.29,3.00043,0,0,3.70123,0.159675,0.54112,3.6288,61.308,0.590941,0,0,1.59177,0.237238,0.763594,0.66528,12.849,1,0.533304,0.54112,0,64.7326,4.15233,60.5881,0.84672,12.849,0.84672,3695.15,0,0.0036966,1.78156e-05,2.70876,1.913,5.78368,0.937996,9.46743,0.42336,0.0018483,0.21168,0.0018483,0.21168,460.486,0,1.02816,0,0,3.73692,2.70876,1.028160,1,0,70.8191,0,0,0,70.8191,0
72.1139,3.00069,0,0,3.3471,0.159675,0.36288,3.6288,61.308,0.59108,0,0,1.5311,0.237238,0.702784,0.66528,12.849,1,0.53335,0.36288,0,62.2616,4.15233,57.9388,0.84672,12.849,0.84672,3695.15,0,0.0036966,1.78198e-05,1.7315,1.91317,5.52214,0.937996,8.22879,0.42336,0.0018483,0.21168,0.0018483,0.21168,460.486,0,1.02816,0,0,2.75966,1.7315,1.028160,1,0,66.8703,0,0,0,66.8703,0
71.5684,2.99984,0,0,2.97672,0.159462,0.36288,3.6288,61.308,0.59122,0,0,1.36482,0.237238,0.53636,0.66528,12.849,1,0.534502,0.36288,0,54.4205,4.15233,50.0966,0.84672,12.849,0.84672,3695.15,0,0.0036966,1.7824e-05,1.37392,1.91333,5.20924,0.937996,7.55848,0.42336,0.0018483,0.21168,0.0018483,0.21168,460.486,0,1.02816,0,0,2.40208,1.37392,1.028160,1,0,58.1914,0,0,0,58.1914,0
70.9543,2.99665,0,0,2.89418,0.148724,0.36288,3.6288,61.308,0.591359,0,0,1.39586,0.247447,0.557056,0.66528,12.849,1,0.538002,0.36288,0,50.5202,4.44198,45.9031,0.84672,12.849,0.84672,3695.15,0,0.0036966,1.78282e-05,1.56509,1.9135,5.17793,1.02752,7.62899,0.42336,0.0018483,0.21168,0.0018483,0.21168,460.486,0,1.02816,0,0,2.59325,1.56509,1.028160,1,0,54.0892,0,0,0,54.0892,0
70.7801,2.96616,0,0,3.27781,0.122951,0.36288,3.6288,61.308,0.637157,0,0,1.56235,0.272968,0.652229,0.66528,12.849,1,0.537136,0.36288,0,53.6346,5.1661,48.2943,0.84672,12.849,0.84672,3695.15,0,0.0036966,1.92089e-05,1.76183,1.91366,5.5561,1.25132,7.98025,0.42336,0.0018483,0.21168,0.0018483,0.21168,460.486,0,1.02816,0,0,2.78999,1.76183,1.028160,1,0,56.9267,0,0,0,56.9267,0
70.3986,2.96529,0,0,3.06939,0.122787,0.36288,3.6288,61.308,0.6373,0,0,1.48529,0.272968,0.575026,0.66528,12.849,1,0.538301,0.36288,0,53.5645,5.1661,48.2229,0.84672,12.849,0.84672,3695.15,0,0.0036966,1.92132e-05,1.59341,1.94317,5.70981,1.25132,7.99506,0.42336,0.0018483,0.21168,0.0018483,0.21168,460.486,0,1.02816,0,0,2.62157,1.59341,1.028160,1,0,56.793,0,0,0,56.793,0
69.7416,2.96308,0,0,2.79145,0.122427,0.36288,3.6288,61.308,0.637444,0,0,1.44832,0.272968,0.537912,0.66528,12.849,1,0.540815,0.36288,0,52.5161,5.1661,47.172,0.84672,12.849,0.84672,3695.15,0,0.0036966,1.92175e-05,1.55947,1.94334,5.47103,1.25132,7.72249,0.42336,0.0018483,0.21168,0.0018483,0.21168,460.486,0,1.02816,0,0,2.58763,1.55947,1.028160,1,0,55.4324,0,0,0,55.4324,0
68.8316,2.95903,0,0,2.53367,0.121808,0.36288,3.6288,61.308,0.637587,0,0,1.35877,0.272968,0.448215,0.66528,12.849,1,0.545163,0.36288,0,46.7962,5.1661,41.4478,0.84672,12.849,0.84672,3695.15,0,0.0036966,1.92218e-05,1.26765,1.9435,5.29248,1.25132,7.2523,0.42336,0.0018483,0.21168,0.0018483,0.21168,460.486,0,1.02816,0,0,2.29581,1.26765,1.028160,1,0,49.1484,0,0,0,49.1484,0
68.3686,3.02213,0,0,3.00966,0.0876888,0.36288,3.6288,61.308,0.66528,0,0,1.33048,0.330745,0.334457,0.66528,12.849,1,0.564151,0.36288,0,47.0568,6.1295,40.726,0.84672,12.849,0.84672,3695.15,0,0.0036966,0.0018483,1.28817,1.94367,4.75747,1.55779,6.42968,0.42336,0.0018483,0.21168,0.0018483,0.21168,460.486,0,1.02816,0,0,2.31633,1.28817,1.028160,1,0,47.4902,0,0,0,47.4902,0
67.6442,3.01918,0,0,2.74491,0.0872372,0.36288,3.6288,61.308,0.66528,0,0,1.25465,0.327578,0.261791,0.66528,12.849,1,0.567416,0.36288,0,44.6966,6.12538,38.3667,0.84672,12.849,0.84672,3695.15,0,0.0036966,0.0018483,1.1889,1.99062,4.70049,1.54875,6.3294,0.42336,0.0018483,0.21168,0.0018483,0.21168,460.486,0,1.02816,0,0,2.21706,1.1889,1.028160,1,0,44.9579,0,0,0,44.9579,0
66.6899,3.01433,0,0,2.50964,0.086743,0.36288,3.6288,61.308,0.66528,0,0,1.21198,0.327578,0.219119,0.66528,12.849,1,0.572571,0.36288,0,41.9751,6.12538,35.64,0.84672,12.849,0.84672,3695.15,0,0.0036966,0.0018483,1.01457,1.99079,4.47857,1.54875,5.93333,0.42336,0.0018483,0.21168,0.0018483,0.21168,460.486,0,1.02816,0,0,2.04273,1.01457,1.028160,1,0,41.7925,0,0,0,41.7925,0
65.4025,3.00772,0,0,2.15359,0.0703858,0.36288,3.6288,61.308,0.66528,0,0,1.20702,0.33394,0.207797,0.66528,12.849,1,0.57949,0.36288,0,40.0385,6.38469,33.4372,0.84672,12.849,0.84672,3695.15,0,0.0036966,0.0018483,0.994594,1.99096,4.45014,1.56403,5.86981,0.42336,0.0018483,0.21168,0.0018483,0.21168,460.486,0,1.02816,0,0,2.02275,0.994594,1.028160,1,0,39.5148,0,0,0,39.5148,0
63.8981,3.08908,0,0,2.02599,0.0784367,0.36288,3.6288,61.308,0.66528,0,0,1.09106,0.326555,0.0992247,0.66528,12.849,1,0.606883,0.36288,0,35.9046,6.37796,29.2827,0.84672,12.849,0.84672,3695.15,0,0.0036966,0.0018483,0.885358,1.99113,4.0781,1.49172,5.46101,0.42336,0.0018483,0.21168,0.0018483,0.21168,460.486,0,1.02816,0,0,1.91352,0.885358,1.028160,1,0,34.8429,0,0,0,34.8429,0
62.8796,3.07745,0,0,2.49785,0.0759841,0.36288,3.6288,61.308,0.66528,0,0,1.21835,0.331761,0.221312,0.66528,12.849,1,0.618832,0.36288,0,41.1534,6.55147,34.3459,0.84672,12.849,0.84672,3695.15,0,0.0036966,0.0018483,1.21948,2.0761,4.26059,1.55356,6.00075,0.42336,0.0018483,0.21168,0.0018483,0.21168,460.486,0,1.02816,0,0,2.24764,1.21948,1.028160,1,0,40.568,0,0,0,40.568,0
61.3525,3.06939,0,0,1.98053,0.075357,0.36288,3.6288,61.2254,0.66528,0,0,0.914466,0.331761,0,0.66528,12.849,1,0.627208,0.36288,0,45.188,6.55147,38.3722,0.84672,12.849,0.84672,3695.15,0,0.0036966,0.0018483,0.659923,2.07628,3.42094,1.55356,4.60173,0.42336,0.0018483,0.21168,0.0018483,0.21168,460.486,0,1.02816,0,0,1.68808,0.659923,1.028160,1,0,42.9739,0,0,0,42.9739,0
60.2657,3.05674,0,0,2.40724,0.0744167,0.36288,3.6288,61.308,0.66528,0,0,1.47023,0.331587,0.390784,0.66528,12.849,1,0.640171,0.36288,0,39.3903,6.55147,32.5615,0.84672,12.849,0.84672,3695.15,0,0.0036966,0.0018483,1.77059,2.07645,4.92912,1.55356,7.22075,0.42336,0.0018483,0.21168,0.0018483,0.21168,460.486,0,1.02816,0,0,2.79875,1.77059,1.028160,1,0,40.173,0,0,0,40.173,0
59.0174,3.04749,0,0,2.24675,0.0847142,0.36288,3.6288,61.308,0.66528,0,0,1.15179,0.300689,0.185821,0.66528,12.849,1,0.649743,0.36288,0,37.7584,5.88133,31.5902,0.84672,12.849,0.84672,3695.15,0,0.0036966,0.0018483,1.09606,2.07663,5.21764,1.3174,7.07108,0.42336,0.0018483,0.21168,0.0018483,0.21168,460.486,0,1.02816,0,0,2.12422,1.09606,1.028160,1,0,38.8471,0,0,0,38.8471,0
57.9716,2.94382,0,0,2.38574,0.124814,0.36288,3.6288,61.308,0.66528,0,0,1.35647,0.259048,0.432144,0.66528,12.849,1,0.640915,0.36288,0,57.2195,5.74224,51.1992,0.84672,12.849,0.84672,3695.15,0,0.0036966,0.0018483,1.31091,2.07681,5.55605,1.41146,7.53046,0.42336,0.0018483,0.21168,0.0018483,0.21168,460.486,0,1.02816,0,0,2.33907,1.31091,1.028160,1,0,59.1619,0,0,0,59.1619,0
59.3054,2.9346,0,0,4.75484,0.123554,0.36288,3.6288,61.308,0.66528,0,0,2.24866,0.259048,1.32434,0.66528,12.849,1,0.650435,0.36288,0,61.4562,5.74224,55.4264,0.84672,12.849,0.84672,3695.15,0,0.0036966,0.0018483,3.50609,1.98925,9.08864,1.41146,13.1707,0.42336,0.0018483,0.21168,0.0018483,0.21168,460.486,0,1.02816,0,0,4.53425,3.50609,1.028160,1,0,69.9214,0,0,0,69.9214,0
58.0073,2.94688,0,0,2.13685,0.125161,0.36288,3.6288,61.308,0.66528,0,0,1.3159,0.259048,0.39157,0.66528,12.849,1,0.638466,0.36288,0,52.7754,5.74224,46.7575,0.84672,12.849,0.84672,3695.15,0,0.0036966,0.0018483,1.442,1.98943,4.91323,1.41146,6.93134,0.42336,0.0018483,0.21168,0.0018483,0.21168,460.486,0,1.02816,0,0,2.47016,1.442,1.028160,1,0,54.0805,0,0,0,54.0805,0
57.0036,2.93544,0,0,2.41816,0.123597,0.36288,3.6288,61.308,0.66528,0,0,1.54253,0.259048,0.618197,0.66528,12.849,1,0.650218,0.36288,0,42.3662,5.74224,36.3366,0.84672,12.849,0.84672,3695.15,0,0.0036966,0.0018483,1.29702,1.9896,5.47115,1.41146,7.34446,0.42336,0.0018483,0.21168,0.0018483,0.21168,460.486,0,1.02816,0,0,2.32518,1.29702,1.028160,1,0,44.2992,0,0,0,44.2992,0
56.2406,2.9519,0,0,2.79039,0.238604,0.36288,3.6288,61.308,0.656891,0,0,1.24184,0.207946,0.377008,0.66528,12.849,1,0.665379,0.36288,0,48.0209,4.20948,43.5089,0.84672,12.849,0.84672,3695.15,0,0.0036966,1.98038e-05,1.07895,1.98977,4.53014,1.12918,6.46966,0.42336,0.0018483,0.21168,0.0018483,0.21168,460.486,0,1.02816,0,0,2.10711,1.07895,1.028160,1,0,50.3556,0,0,0,50.3556,0
57.3984,2.9448,0,0,4.69545,0.229929,0.36288,3.6288,61.308,0.657035,0,0,1.60481,0.18717,0.760605,0.66528,12.849,1,0.672784,0.36288,0,65.989,3.98097,61.6982,0.84672,12.849,0.84672,3695.15,0,0.0036966,1.98082e-05,1.75741,1.97978,7.89485,1.08808,10.5439,0.42336,0.0018483,0.21168,0.0018483,0.21168,460.486,0,1.02816,0,0,2.78557,1.75741,1.028160,1,0,73.0027,0,0,0,73.0027,0
58.0462,2.95615,0,0,4.19936,0.23257,0.36288,3.6288,61.308,0.65718,0,0,1.46477,0.18717,0.620414,0.66528,12.849,1,0.661752,0.36288,0,90.4608,3.98097,86.181,0.84672,12.849,0.84672,3695.15,0,0.0036966,1.98125e-05,1.32833,1.97995,7.23476,1.08808,9.45494,0.42336,0.0018483,0.21168,0.0018483,0.21168,460.486,0,1.02816,0,0,2.35649,1.32833,1.028160,1,0,96.2563,0,0,0,96.2563,0
60.7201,2.96245,0,0,6.2435,0.244229,0.36288,3.6288,61.308,0.657325,0,0,3.13965,0.19116,2.29116,0.66528,12.849,1,0.655763,0.36288,0,100.353,4.07889,95.981,0.84672,12.849,0.84672,3695.15,0,0.0036966,1.98169e-05,1.91547,1.98012,8.8312,1.12559,11.6012,0.42336,0.0018483,0.21168,0.0018483,0.21168,460.486,0,1.02816,0,0,2.94363,1.91547,1.028160,1,0,109.873,0,0,0,109.873,0
64.9382,2.76162,0,0,7.63977,0.297182,0.36288,3.6288,61.308,0.488157,0,0,2.33306,0.211178,1.63372,0.66528,12.849,1,0.584388,0.36288,0,127.826,4.35362,123.251,0.84672,12.849,0.84672,3695.15,0,0.0036966,1.47169e-05,2.12527,1.98029,9.81219,1.18595,12.7318,0.42336,0.0018483,0.21168,0.0018483,0.21168,460.486,0,1.02816,0,0,3.15343,2.12527,1.028160,1,0,137.617,0,0,0,137.617,0
68.6969,2.79356,0,0,7.20075,0.285614,0.36288,3.6288,61.308,0.488287,0,0,1.56097,0.205954,0.86673,0.66528,12.849,1,0.552747,0.36288,0,104.551,3.93656,100.424,0.84672,12.849,0.84672,3695.15,0,0.0036966,1.47208e-05,1.11546,1.79858,9.741,0.966416,11.6886,0.42336,0.0018483,0.21168,0.0018483,0.21168,460.486,0,1.02816,0,0,2.14362,1.11546,1.028160,1,0,112.98,0,0,0,112.98,0
72.29,2.81928,0,0,8.13401,0.294241,1.4274,3.6288,61.308,0.488418,0,0,2.31661,0.205954,1.62224,0.66528,12.849,1,0.527315,1.4274,0,152.128,3.93656,149.091,0.84672,12.849,0.84672,3695.15,0,0.0036966,1.47247e-05,1.95725,1.79873,11.8372,0.966416,14.6268,0.42336,0.0018483,0.21168,0.0018483,0.21168,460.486,0,1.02816,0,0,2.98541,1.95725,1.028160,1,0,165.34,0,0,0,165.34,0
72.29,2.84178,0,0,9.80199,0.302488,6.65773,3.6288,61.308,0.488548,0,0,2.4425,0.205954,1.748,0.66528,12.849,1,0.505105,6.65773,0,174.252,3.93656,176.468,0.84672,12.849,0.84672,3695.15,0,0.0036966,1.47286e-05,1.81329,1.79889,16.1423,0.966416,18.788,0.42336,0.0018483,0.21168,0.0018483,0.21168,460.486,0,1.02816,0,0,2.84145,1.81329,1.028160,1,0,197.004,0,0,0,197.004,0
72.29,2.84202,0,0,5.74893,0.328624,2.57828,3.6288,61.308,0.488678,0,0,2.02529,0.199817,1.3368,0.66528,12.849,1,0.505148,2.57828,0,117.067,4.19088,114.949,0.84672,12.849,0.84672,3695.15,0,0.0036966,1.47326e-05,1.25914,1.79904,8.29673,0.926553,10.4283,0.42336,0.0018483,0.21168,0.0018483,0.21168,460.486,0,1.02816,0,0,2.2873,1.25914,1.028160,1,0,126.714,0,0,0,126.714,0
72.29,2.9313,0,0,5.44993,0.266565,2.25207,3.6288,61.308,0.53785,0,0,2.14575,0.219328,1.38857,0.66528,12.849,1,0.521016,2.25207,0,103.131,3.52758,101.335,0.84672,12.849,0.84672,3695.15,0,0.0036966,1.6215e-05,2.55867,1.79919,12.599,0.854529,16.1023,0.42336,0.0018483,0.21168,0.0018483,0.21168,460.486,0,1.02816,0,0,3.58683,2.55867,1.028160,1,0,118.826,0,0,0,118.826,0
72.29,2.93152,0,0,8.05695,0.266565,4.85886,3.6288,61.308,0.537971,0,0,2.7067,0.219328,1.9494,0.66528,12.849,1,0.521056,4.85886,0,141.064,3.52758,141.875,0.84672,12.849,0.84672,3695.15,0,0.0036966,1.62186e-05,3.43993,1.85689,12.7705,0.854529,17.2128,0.42336,0.0018483,0.21168,0.0018483,0.21168,460.486,0,1.02816,0,0,4.46809,3.43993,1.028160,1,0,161.037,0,0,0,161.037,0
72.29,2.93175,0,0,4.72124,0.266565,1.52293,3.6288,61.308,0.538092,0,0,1.85616,0.219328,1.09874,0.66528,12.849,1,0.521096,1.52293,0,77.423,3.52758,74.8973,0.84672,12.849,0.84672,3695.15,0,0.0036966,1.62223e-05,1.97939,1.85703,9.65295,0.854529,12.6348,0.42336,0.0018483,0.21168,0.0018483,0.21168,460.486,0,1.02816,0,0,3.00755,1.97939,1.028160,1,0,88.6309,0,0,0,88.6309,0
72.2031,2.93198,0,0,3.49079,0.282854,0.36288,3.6288,61.308,0.538214,0,0,1.5619,0.219657,0.804034,0.66528,12.849,1,0.521136,0.36288,0,56.3052,3.48297,52.6639,0.84672,12.849,0.84672,3695.15,0,0.0036966,1.62259e-05,1.59875,1.85718,8.05481,0.884936,10.6258,0.42336,0.0018483,0.21168,0.0018483,0.21168,460.486,0,1.02816,0,0,2.62691,1.59875,1.028160,1,0,64.0938,0,0,0,64.0938,0
72.29,3.10736,0,0,4.54446,0.303051,1.04713,3.6288,61.308,0.662529,0,0,2.28293,0.229921,1.39048,0.66528,12.849,1,0.552975,1.04713,0,79.6516,3.78707,76.3586,0.84672,12.849,0.84672,3695.15,0,0.0036966,1.99738e-05,2.9026,1.85732,8.68553,1.03821,12.4072,0.42336,0.0018483,0.21168,0.0018483,0.21168,460.486,0,1.02816,0,0,3.93076,2.9026,1.028160,1,0,90.1563,0,0,0,90.1563,0
72.29,3.10817,0,0,4.54515,0.288006,1.14898,3.6288,61.308,0.66266,0,0,1.93036,0.237002,1.03069,0.66528,12.849,1,0.552453,1.14898,0,69.768,4.09878,66.2657,0.84672,12.849,0.84672,3695.15,0,0.0036966,1.99777e-05,2.36228,1.9922,8.95311,1.09615,12.2114,0.42336,0.0018483,0.21168,0.0018483,0.21168,460.486,0,1.02816,0,0,3.39044,2.36228,1.028160,1,0,79.5079,0,0,0,79.5079,0
72.29,3.10841,0,0,5.56541,0.288006,2.169,3.6288,61.308,0.662791,0,0,2.04952,0.237002,1.14973,0.66528,12.849,1,0.552496,2.169,0,94.3834,4.09878,91.9011,0.84672,12.849,0.84672,3695.15,0,0.0036966,1.99817e-05,2.34115,1.99236,8.98932,1.09615,12.2267,0.42336,0.0018483,0.21168,0.0018483,0.21168,460.486,0,1.02816,0,0,3.36931,2.34115,1.028160,1,0,105.277,0,0,0,105.277,0
72.29,3.10865,0,0,5.53169,0.288006,2.13504,3.6288,61.308,0.662922,0,0,1.98135,0.237002,1.08143,0.66528,12.849,1,0.552539,2.13504,0,130.267,4.09878,127.751,0.84672,12.849,0.84672,3695.15,0,0.0036966,1.99856e-05,2.1546,1.99251,9.0752,1.09615,12.1261,0.42336,0.0018483,0.21168,0.0018483,0.21168,460.486,0,1.02816,0,0,3.18276,2.1546,1.028160,1,0,140.958,0,0,0,140.958,0
72.29,2.81114,0,0,5.55349,0.30404,2.43831,3.6288,61.308,0.475807,0,0,1.45644,0.215194,0.765444,0.66528,12.849,1,0.499659,2.43831,0,91.6592,3.78849,89.8093,0.84672,12.849,0.84672,3695.15,0,0.0036966,1.43445e-05,2.19441,1.99267,10.0608,0.998965,13.2489,0.42336,0.0018483,0.21168,0.0018483,0.21168,460.486,0,1.02816,0,0,3.22257,2.19441,1.028160,1,0,103.824,0,0,0,103.824,0
72.29,2.81136,0,0,6.0645,0.331609,2.92153,3.6288,61.308,0.475923,0,0,1.93133,0.20312,1.25229,0.66528,12.849,1,0.499698,2.92153,0,126.98,3.86925,125.533,0.84672,12.849,0.84672,3695.15,0,0.0036966,1.4348e-05,3.31206,1.78243,9.767,0.984538,13.8769,0.42336,0.0018483,0.21168,0.0018483,0.21168,460.486,0,1.02816,0,0,4.34022,3.31206,1.028160,1,0,140.662,0,0,0,140.662,0
72.29,2.81158,0,0,5.17016,0.331609,2.02697,3.6288,61.308,0.476039,0,0,1.59795,0.20312,0.918791,0.66528,12.849,1,0.499737,2.02697,0,76.0054,3.86925,73.6634,0.84672,12.849,0.84672,3695.15,0,0.0036966,1.43515e-05,2.60535,1.78257,7.94508,0.984538,11.3485,0.42336,0.0018483,0.21168,0.0018483,0.21168,460.486,0,1.02816,0,0,3.63351,2.60535,1.028160,1,0,85.9306,0,0,0,85.9306,0
72.29,2.8118,0,0,5.58813,0.331609,2.44472,3.6288,61.308,0.476155,0,0,1.72231,0.20312,1.04303,0.66528,12.849,1,0.499775,2.44472,0,89.0014,3.86925,87.0771,0.84672,12.849,0.84672,3695.15,0,0.0036966,1.4355e-05,3.12074,1.78271,9.71749,0.984538,13.6364,0.42336,0.0018483,0.21168,0.0018483,0.21168,460.486,0,1.02816,0,0,4.1489,3.12074,1.028160,1,0,101.757,0,0,0,101.757,0
72.29,2.81201,0,0,4.93265,0.332349,1.78829,3.6288,61.308,0.476272,0,0,1.42342,0.195812,0.751339,0.66528,12.849,1,0.499814,1.78829,0,124.523,3.89487,121.917,0.84672,12.849,0.84672,3695.15,0,0.0036966,1.43585e-05,2.52598,1.78285,7.43861,0.984255,10.7632,0.42336,0.0018483,0.21168,0.0018483,0.21168,460.486,0,1.02816,0,0,3.55414,2.52598,1.028160,1,0,133.431,0,0,0,133.431,0
72.29,2.91498,0,0,4.2643,0.336785,1.01253,3.6288,61.308,0.536898,0,0,1.167,0.15196,0.478146,0.66528,12.849,1,0.518116,1.01253,0,89.888,4.04859,86.3338,0.84672,12.849,0.84672,3695.15,0,0.0036966,1.61863e-05,1.67658,1.78298,4.6835,0.982555,7.1605,0.42336,0.0018483,0.21168,0.0018483,0.21168,460.486,0,1.02816,0,0,2.70474,1.67658,1.028160,1,0,93.9724,0,0,0,93.9724,0
72.29,2.91521,0,0,3.94578,0.336785,0.693783,3.6288,61.308,0.537019,0,0,1.27642,0.15196,0.587442,0.66528,12.849,1,0.518156,0.693783,0,72.4257,4.04859,68.5527,0.84672,12.849,0.84672,3695.15,0,0.0036966,1.61899e-05,1.59999,1.85255,5.69295,0.982555,8.16292,0.42336,0.0018483,0.21168,0.0018483,0.21168,460.486,0,1.02816,0,0,2.62815,1.59999,1.028160,1,0,77.3031,0,0,0,77.3031,0
72.29,2.91543,0,0,3.68133,0.330837,0.435061,3.6288,61.308,0.53714,0,0,1.61694,0.147411,0.932391,0.66528,12.849,1,0.518196,0.435061,0,68.243,3.83166,64.3282,0.84672,12.849,0.84672,3695.15,0,0.0036966,1.61936e-05,2.23176,1.8527,5.34413,0.938857,8.48971,0.42336,0.0018483,0.21168,0.0018483,0.21168,460.486,0,1.02816,0,0,3.25992,2.23176,1.028160,1,0,73.7503,0,0,0,73.7503,0
71.7643,2.91566,0,0,3.06318,0.31037,0.36288,3.6288,61.308,0.537261,0,0,0.982048,0.159437,0.28535,0.66528,12.849,1,0.518236,0.36288,0,58.367,4.04744,54.1642,0.84672,12.849,0.84672,3695.15,0,0.0036966,1.61972e-05,0.970929,1.85284,3.60294,0.978044,5.44865,0.42336,0.0018483,0.21168,0.0018483,0.21168,460.486,0,1.02816,0,0,1.99909,0.970929,1.028160,1,0,59.8982,0,0,0,59.8982,0
71.0946,2.87252,0,0,2.83465,0.26894,0.36288,3.6288,61.308,0.513873,0,0,0.903044,0.145267,0.243904,0.66528,12.849,1,0.514309,0.36288,0,55.364,3.74094,51.4716,0.84672,12.849,0.84672,3695.15,0,0.0036966,1.54921e-05,0.67589,1.85298,3.38283,1.00388,4.9078,0.42336,0.0018483,0.21168,0.0018483,0.21168,460.486,0,1.02816,0,0,1.70405,0.67589,1.028160,1,0,56.6233,0,0,0,56.6233,0
70.163,2.86864,0,0,2.55711,0.257185,0.36288,3.6288,61.308,0.513992,0,0,0.805775,0.168194,0.123589,0.66528,12.849,1,0.518452,0.36288,0,49.9995,3.97218,45.8718,0.84672,12.849,0.84672,3695.15,0,0.0036966,1.54957e-05,0.593689,1.82609,3.15274,1.03207,4.54043,0.42336,0.0018483,0.21168,0.0018483,0.21168,460.486,0,1.02816,0,0,1.62185,0.593689,1.028160,1,0,50.5358,0,0,0,50.5358,0
69.1192,2.86304,0,0,2.36844,0.18626,0.36288,3.6288,61.2708,0.57052,0,0,0.734262,0.200892,0,0.66528,12.849,1,0.524311,0.36288,0,45.8813,4.26048,41.4593,0.84672,12.849,0.84672,3695.15,0,0.0036966,1.71999e-05,0.528595,1.82623,2.97446,1.04928,4.27999,0.42336,0.0018483,0.21168,0.0018483,0.21168,460.486,0,0.971749,0,0,1.50034,0.528595,1.028160,1,0,45.7393,0,0,0,45.7393,0
68.0292,2.85658,0,0,2.31421,0.184761,0.36288,3.6288,61.308,0.514231,0,0,0.824075,0.200845,0.0718478,0.66528,12.849,1,0.531028,0.36288,0,44.5446,4.26048,40.116,0.84672,12.849,0.84672,3695.15,0,0.0036966,1.55123e-05,0.684556,1.82637,3.54094,1.04928,5.00257,0.42336,0.0018483,0.21168,0.0018483,0.21168,460.486,0,1.02816,0,0,1.71272,0.684556,1.028160,1,0,45.1904,0,0,0,45.1904,0
66.8259,2.98482,0,0,2.32274,0.178388,0.36288,3.6288,61.308,0.597744,0,0,0.911796,0.210659,0.103393,0.66528,12.849,1,0.563758,0.36288,0,43.6855,4.44651,39.0381,0.84672,12.849,0.84672,3695.15,0,0.0036966,1.80207e-05,0.431888,1.82652,3.03076,1.0823,4.20685,0.42336,0.0018483,0.21168,0.0018483,0.21168,460.486,0,1.02816,0,0,1.46005,0.431888,1.028160,1,0,43.3483,0,0,0,43.3483,0
65.468,2.97654,0,0,2.13622,0.154646,0.36288,3.6288,61.0983,0.674133,0,0,0.674231,0.209796,0,0.66528,12.849,1,0.572316,0.36288,0,40.6667,4.28781,36.1694,0.84672,12.849,0.84672,3695.15,0,0.0036966,2.03236e-05,0.402797,1.92121,2.81069,1.12921,4.00546,0.42336,0.0018483,0.21168,0.0018483,0.21168,460.486,0,0.951895,0,0,1.35469,0.402797,1.028160,1,0,40.1749,0,0,0,40.1749,0
63.9387,2.96684,0,0,1.91689,0.116455,0.36288,3.6288,60.8737,0.668245,0,0,0.655145,0.211458,0,0.66528,12.849,1,0.582284,0.36288,0,35.5732,4.35267,31.0011,0.84672,12.849,0.84672,3695.15,0,0.0036966,2.02153e-05,0.402797,1.92136,2.62705,1.08825,3.86294,0.42336,0.0018483,0.21168,0.0018483,0.21168,460.486,0,0.957908,0,0,1.36071,0.402797,1.028160,1,0,34.8641,0,0,0,34.8641,0
62.3982,2.95547,0,0,1.89286,0.11503,0.36288,3.6288,60.7761,0.598121,0,0,0.711608,0.211157,0,0.66528,12.849,1,0.593926,0.36288,0,34.401,4.35267,29.8173,0.84672,12.849,0.84672,3695.15,0,0.0036966,1.81607e-05,0.303955,1.9215,2.88022,1.08825,4.01742,0.42336,0.0018483,0.21168,0.0018483,0.21168,460.486,0,1.02816,0,0,1.33212,0.303955,1.028160,1,0,33.8347,0,0,0,33.8347,0
60.7219,2.94354,0,0,1.74302,0.112942,0.36288,3.6288,60.5562,0.655977,0,0,0.653936,0.217882,0,0.66528,12.849,1,0.606132,0.36288,0,31.9133,4.39122,27.2788,0.84672,12.849,0.84672,3695.15,0,0.0036966,1.99493e-05,0.30119,1.92165,2.45768,1.08359,3.59692,0.42336,0.0018483,0.21168,0.0018483,0.21168,460.486,0,0.970427,0,0,1.27162,0.30119,1.028160,1,0,30.8758,0,0,0,30.8758,0
58.8742,2.90371,0,0,1.52646,0.107528,0.36288,3.6288,60.1617,0.771765,0,0,0.635941,0.258659,0,0.66528,12.849,1,0.614437,0.36288,0,28.0717,4.62252,23.1976,0.84672,12.849,0.84672,3695.15,0,0.0036966,2.35559e-05,0.30119,1.9218,2.20162,1.05564,3.36894,0.42336,0.0018483,0.21168,0.0018483,0.21168,460.486,0,0.900616,0,0,1.20181,0.30119,1.028160,1,0,26.5666,0,0,0,26.5666,0
56.9955,2.88811,0,0,1.4779,0.105692,0.36288,3.6288,59.7331,0.773682,0,0,0.603113,0.258011,0,0.66528,12.849,1,0.630314,0.36288,0,26.3539,4.62252,21.4639,0.84672,12.849,0.84672,3695.15,0,0.0036966,2.37692e-05,0.30119,1.95142,2.23489,1.05564,3.43183,0.42336,0.0018483,0.21168,0.0018483,0.21168,460.486,0,0.898828,0,0,1.20002,0.30119,1.028160,1,0,24.8958,0,0,0,24.8958,0
55.0035,2.87137,0,0,1.31667,0.0743784,0.36288,3.6288,59.1557,0.852502,0,0,0.584938,0.309844,0,0.66528,12.849,1,0.647319,0.36288,0,25.0049,5.45042,19.2701,0.84672,12.849,0.84672,3695.15,0,0.0036966,2.63787e-05,0.261274,1.95157,2.17347,1.33804,3.04825,0.42336,0.0018483,0.21168,0.0018483,0.21168,460.486,0,0.820135,0,0,1.08141,0.261274,1.028160,1,0,22.3183,0,0,0,22.3183,0
52.9494,2.85258,0,0,1.23487,0.0734527,0.36288,3.6288,58.6095,0.799548,0,0,0.554169,0.300773,0,0.66528,12.849,1,0.666373,0.36288,0,22.8927,5.85722,16.732,0.84672,12.849,0.84672,3695.15,0,0.0036966,2.49816e-05,0.261274,1.95172,2.12884,1.48893,2.85288,0.42336,0.0018483,0.21168,0.0018483,0.21168,460.486,0,0.873219,0,0,1.13449,0.261274,1.028160,1,0,19.5849,0,0,0,19.5849,0
50.8082,2.89809,0,0,1.18651,0.0667729,0.36288,3.6288,58.037,0.848267,0,0,0.603776,0.328017,0,0.66528,12.849,1,0.703267,0.36288,0,22.8625,6.11709,16.405,0.84672,12.849,0.84672,3695.15,0,0.0036966,0.0018483,0.261274,1.95187,2.06288,1.50973,2.76444,0.42336,0.0018483,0.21168,0.0018483,0.21168,460.486,0,0.845173,0,0,1.10645,0.261274,1.028160,1,0,19.1694,0,0,0,19.1694,0
48.5925,2.87466,0,0,1.08511,0.0632862,0.36288,3.6288,57.2558,1.0098,0,0,0.566621,0.338087,0,0.66528,12.849,1,0.726978,0.36288,0,22.5172,6.22104,15.9321,0.84672,12.849,0.84672,3695.15,0,0.0036966,0.0018483,0.261274,1.999,1.76575,1.51805,2.50612,0.42336,0.0018483,0.21168,0.0018483,0.21168,460.486,0,0.68364,0,0,0.944914,0.261274,1.028160,1,0,18.4382,0,0,0,18.4382,0
46.3897,2.84866,0,0,1.07052,0.06181,0.36288,3.6288,56.5863,0.946106,0,0,0.613033,0.336382,0,0.66528,12.849,1,0.753252,0.36288,0,20.8939,6.22104,14.2824,0.84672,12.849,0.84672,3695.15,0,0.0036966,0.0018483,0.261274,1.99915,1.99687,1.51805,2.73739,0.42336,0.0018483,0.21168,0.0018483,0.21168,460.486,0,0.747334,0,0,1.00861,0.261274,1.028160,1,0,17.0198,0,0,0,17.0198,0
44.3147,2.82086,0,0,1.15512,0.0463594,0.36288,3.6288,56.1108,0.806976,0,0,0.647651,0.316137,0,0.66528,12.849,1,0.781321,0.36288,0,21.5357,6.46261,14.6547,0.84672,12.849,0.84672,3695.15,0,0.0036966,0.0018483,0.227405,1.9993,2.46327,1.58784,3.1003,0.42336,0.0018483,0.21168,0.0018483,0.21168,460.486,0,0.886464,0,0,1.11387,0.227405,1.028160,1,0,17.755,0,0,0,17.755,0
42.2289,2.87714,0,0,1.19978,0.0455463,0.36288,3.6288,55.8212,0.66528,0,0,0.684112,0.308473,0,0.66528,12.849,1,0.834223,0.36288,0,21.8577,6.50883,14.8776,0.84672,12.849,0.84672,3695.15,0,0.0036966,0.0018483,0.269629,1.99946,2.31687,1.59953,2.98458,0.42336,0.0018483,0.21168,0.0018483,0.21168,460.486,0,1.02816,0,0,1.29779,0.269629,1.028160,1,0,17.8621,0,0,0,17.8621,0
40.0568,2.86492,0,0,1.10119,0.0455222,0.36288,3.6288,55.4783,0.66528,0,0,0.641016,0.31865,0,0.66528,12.849,1,0.84672,0.36288,0,20.9884,6.6445,13.86,0.84672,12.849,0.84672,3695.15,0,0.0036966,0.0018483,0.328545,2.08476,2.51229,1.61127,3.31247,0.42336,0.0018483,0.21168,0.0018483,0.21168,460.486,0,1.02816,0,0,1.3567,0.328545,1.028160,1,0,17.1725,0,0,0,17.1725,0
37.6911,2.8652,0,0,0.906811,0.0443707,0.36288,3.6288,54.9962,0.722062,0,0,0.55792,0.317935,0,0.66528,12.849,1,0.84672,0.36288,0,26.056,6.6445,18.9276,0.84672,12.849,0.84672,3695.15,0,0.0036966,0.0018483,0.227405,2.08492,2.24135,1.61127,2.94055,0.42336,0.0018483,0.21168,0.0018483,0.21168,460.486,0,0.971378,0,0,1.19878,0.227405,1.028160,1,0,21.8682,0,0,0,21.8682,0
35.4228,2.86548,0,0,1.00316,0.0431655,0.36288,3.6288,54.7804,0.66528,0,0,0.76641,0.316929,0,0.66528,12.849,1,0.84672,0.36288,0,22.3394,6.6445,15.2111,0.84672,12.849,0.84672,3695.15,0,0.0036966,0.0018483,0.541141,2.08509,2.67843,1.61127,3.69154,0.42336,0.0018483,0.21168,0.0018483,0.21168,460.486,0,1.02816,0,0,1.5693,0.541141,1.028160,1,0,18.9026,0,0,0,18.9026,0
33.0821,2.86576,0,0,0.931712,0.0437755,0.36288,3.6288,54.4279,0.66528,0,0,0.616004,0.303258,0,0.66528,12.849,1,0.84672,0.36288,0,21.4325,6.27481,14.6738,0.84672,12.849,0.84672,3695.15,0,0.0036966,0.0018483,0.41682,2.08525,3.04309,1.46736,4.07595,0.42336,0.0018483,0.21168,0.0018483,0.21168,460.486,0,1.02816,0,0,1.44498,0.41682,1.028160,1,0,18.7498,0,0,0,18.7498,0
30.7244,2.75276,0,0,0.782551,0.0245576,0.36288,3.6288,53.6559,0.914268,0,0,0.44536,0.303032,0,0.66528,12.849,1,0.84672,0.36288,0,12.507,6.37116,5.652,0.84672,12.849,0.84672,3695.15,0,0.0036966,0.0018483,0.204422,2.08541,2.12143,1.54903,2.86039,0.42336,0.0018483,0.21168,0.0018483,0.21168,460.486,0,0.779172,0,0,0.983595,0.204422,1.028160,1,0,8.51239,0,0,0,8.51239,0
28.7453,2.75302,0,0,1.17365,0.0368781,0.36288,3.6288,53.2062,0.673998,0,0,0.512572,0.288286,0,0.66528,12.849,1,0.84672,0.36288,0,15.2319,6.26073,8.48732,0.84672,12.849,0.84672,3695.15,0,0.0036966,0.0018483,0.204422,1.99747,2.25646,1.5111,2.94541,0.42336,0.0018483,0.21168,0.0018483,0.21168,460.486,0,1.01944,0,0,1.22386,0.204422,1.028160,1,0,11.4327,0,0,0,11.4327,0
27.1778,2.75329,0,0,1.58462,0.0359098,0.36288,3.6288,53.082,0.66528,0,0,0.82829,0.287254,0,0.66528,12.849,1,0.84672,0.36288,0,30.3956,6.26073,23.651,0.84672,12.849,0.84672,3695.15,0,0.0036966,0.0018483,0.961788,1.99763,3.55441,1.5111,5.00088,0.42336,0.0018483,0.21168,0.0018483,0.21168,460.486,0,1.02816,0,0,1.98995,0.961788,1.028160,1,0,28.6519,0,0,0,28.6519,0
25.3723,2.75356,0,0,1.37963,0.0687365,0.36288,3.6288,52.7406,0.66528,0,0,0.594801,0.270856,0,0.66528,12.849,1,0.84672,0.36288,0,28.5352,6.22172,21.8297,0.84672,12.849,0.84672,3695.15,0,0.0036966,0.0018483,0.369567,1.99778,2.262,1.52861,3.09888,0.42336,0.0018483,0.21168,0.0018483,0.21168,460.486,0,1.02816,0,0,1.39773,0.369567,1.028160,1,0,24.9286,0,0,0,24.9286,0
23.6552,2.78526,0,0,1.56196,0.130955,0.36288,3.6288,52.2239,0.737735,0,0,0.450366,0.22942,0,0.66528,12.849,1,0.84672,0.36288,0,22.4497,4.85863,17.1073,0.84672,12.849,0.84672,3695.15,0,0.0036966,2.5854e-05,0.216518,1.99793,2.46792,1.2804,3.40195,0.42336,0.0018483,0.21168,0.0018483,0.21168,460.486,0,0.95421,0,0,1.17073,0.216518,1.028160,1,0,20.5092,0,0,0,20.5092,0
21.8555,2.78553,0,0,1.49138,0.142581,0.36288,3.6288,51.2772,1.04783,0,0,0.315259,0.214075,0,0.66528,12.849,1,0.84672,0.36288,0,18.6031,3.87534,14.244,0.84672,12.849,0.84672,3695.15,0,0.0036966,3.70847e-05,0.216518,1.98789,2.55069,1.07673,3.67834,0.42336,0.0018483,0.21168,0.0018483,0.21168,460.486,0,0.644233,0,0,0.860751,0.216518,1.028160,1,0,17.9223,0,0,0,17.9223,0
20.5352,2.78579,0,0,1.96748,0.139115,0.36288,3.6288,51.1181,0.664048,0,0,0.717383,0.212444,0,0.66528,12.849,1,0.84672,0.36288,0,24.8899,3.87534,20.5307,0.84672,12.849,0.84672,3695.15,0,0.0036966,2.39358e-05,1.16656,1.98804,4.53384,1.07673,6.61169,0.42336,0.0018483,0.21168,0.0018483,0.21168,460.486,0,1.02816,0,0,2.19472,1.16656,1.028160,1,0,27.1424,0,0,0,27.1424,0
22.574,2.78606,0,0,5.3243,0.136628,0.36288,3.6288,51.9092,0.664179,0,0,1.66743,0.21217,0,0.66528,12.849,1,0.84672,0.36288,0,74.339,3.87534,69.9798,0.84672,12.849,0.84672,3695.15,0,0.0036966,2.4015e-05,2.93699,1.9882,7.90211,1.07673,11.7505,0.42336,0.0018483,0.21168,0.0018483,0.21168,460.486,0,1.02816,0,0,3.96515,2.93699,1.028160,1,0,81.7304,0,0,0,81.7304,0
23.2198,2.51275,0,0,3.69659,0.175144,0.36288,3.6288,52.0342,0.494311,0,0,0.803987,0.184628,0,0.66528,12.849,1,0.84672,0.36288,0,49.6848,3.49593,45.705,0.84672,12.849,0.84672,3695.15,0,0.0036966,1.76006e-05,0.386994,1.98835,4.18331,0.934176,5.62446,0.42336,0.0018483,0.21168,0.0018483,0.21168,460.486,0,1.02816,0,0,1.41515,0.386994,1.028160,1,0,51.3294,0,0,0,51.3294,0
26.2296,2.50116,0,0,6.04409,0.170243,0.36288,3.6288,52.4299,0.506292,0,0,1.11745,0.215444,0,0.66528,12.849,1,0.84672,0.36288,0,68.9678,4.07096,64.4131,0.84672,12.849,0.84672,3695.15,0,0.0036966,1.79839e-05,1.59064,1.80588,6.01353,1.00937,8.40066,0.42336,0.0018483,0.21168,0.0018483,0.21168,460.486,0,1.02816,0,0,2.6188,1.59064,1.028160,1,0,72.8137,0,0,0,72.8137,0
29.8264,2.50156,0,0,6.63899,0.177777,0.36288,3.6288,52.9073,0.506292,0,0,1.19974,0.216131,0,0.66528,12.849,1,0.84672,0.36288,0,101.198,4.07096,96.6429,0.84672,12.849,0.84672,3695.15,0,0.0036966,1.78482e-05,1.28969,1.81296,5.33611,1.00937,7.42937,0.42336,0.0018483,0.21168,0.0018483,0.21168,460.486,0,1.02816,0,0,2.31785,1.28969,1.028160,1,0,104.072,0,0,0,104.072,0
31.2832,2.50195,0,0,4.50843,0.186799,0.36288,3.6288,53.0899,0.506292,0,0,0.905895,0.21696,0,0.66528,12.849,1,0.84672,0.36288,0,95.2888,4.07096,90.734,0.84672,12.849,0.84672,3695.15,0,0.0036966,1.76872e-05,2.11367,1.81303,4.84446,1.00937,7.76177,0.42336,0.0018483,0.21168,0.0018483,0.21168,460.486,0,1.02816,0,0,3.14183,2.11367,1.028160,1,0,98.4958,0,0,0,98.4958,0
31.2321,2.50234,0,0,3.00462,0.190434,0.36288,3.6288,52.8541,0.506292,0,0,0.487759,0.217277,0,0.66528,12.849,1,0.84672,0.36288,0,51.9934,4.07096,47.4387,0.84672,12.849,0.84672,3695.15,0,0.0036966,1.76263e-05,0.484151,1.8131,4.0611,1.00937,5.34897,0.42336,0.0018483,0.21168,0.0018483,0.21168,460.486,0,1.02816,0,0,1.51231,0.484151,1.028160,1,0,52.7876,0,0,0,52.7876,0
32.4666,2.60798,0,0,4.3876,0.182293,0.36288,3.6288,53.2928,0.55553,0,0,1.18773,0.193458,0,0.66528,12.849,1,0.84672,0.36288,0,99.8052,3.97718,95.3442,0.84672,12.849,0.84672,3695.15,0,0.0036966,1.94268e-05,1.74179,1.81317,9.72925,0.841996,12.4422,0.42336,0.0018483,0.21168,0.0018483,0.21168,460.486,0,1.02816,0,0,2.76995,1.74179,1.028160,1,0,107.786,0,0,0,107.786,0
33.5878,2.61962,0,0,4.28755,0.183796,0.36288,3.6288,53.723,0.544245,0,0,1.1646,0.190223,0,0.66528,12.849,1,0.84672,0.36288,0,99.8257,3.96155,95.3803,0.84672,12.849,0.84672,3695.15,0,0.0036966,1.88755e-05,1.6333,1.87101,8.98024,0.8141,11.6704,0.42336,0.0018483,0.21168,0.0018483,0.21168,460.486,0,1.02816,0,0,2.66146,1.6333,1.028160,1,0,107.051,0,0,0,107.051,0
34.6185,2.61986,0,0,4.20776,0.194387,0.36288,3.6288,54.1698,0.544353,0,0,1.18322,0.191994,0,0.66528,12.849,1,0.84672,0.36288,0,97.0652,4.02893,92.5525,0.84672,12.849,0.84672,3695.15,0,0.0036966,1.87281e-05,1.6781,1.86447,9.34485,0.8518,12.0356,0.42336,0.0018483,0.21168,0.0018483,0.21168,460.486,0,1.02816,0,0,2.70626,1.6781,1.028160,1,0,104.588,0,0,0,104.588,0
35.5917,2.6201,0,0,4.20515,0.248881,0.36288,3.6288,54.5164,0.544461,0,0,1.09911,0.208093,0,0.66528,12.849,1,0.84672,0.36288,0,96.2816,4.67854,91.1192,0.84672,12.849,0.84672,3695.15,0,0.0036966,1.85773e-05,1.61505,1.8646,9.309,1.23153,11.5571,0.42336,0.0018483,0.21168,0.0018483,0.21168,460.486,0,1.02816,0,0,2.64321,1.61505,1.028160,1,0,102.676,0,0,0,102.676,0
36.4663,2.82812,0,0,4.305,0.239418,0.36288,3.6288,54.834,0.66528,0,0,1.19887,0.216026,0,0.66528,12.849,1,0.84672,0.36288,0,95.2983,4.82656,89.9879,0.84672,12.849,0.84672,3695.15,0,0.0036966,0.0018483,1.63586,1.86473,9.92071,1.36167,12.0578,0.42336,0.0018483,0.21168,0.0018483,0.21168,460.486,0,1.02816,0,0,2.66402,1.63586,1.028160,1,0,102.046,0,0,0,102.046,0
37.62,2.82838,0,0,4.56407,0.219136,0.36288,3.6288,55.2128,0.66528,0,0,1.25493,0.210772,0,0.66528,12.849,1,0.84672,0.36288,0,112.858,4.58776,107.787,0.84672,12.849,0.84672,3695.15,0,0.0036966,0.0018483,1.21039,2.00014,12.6308,1.26224,14.5772,0.42336,0.0018483,0.21168,0.0018483,0.21168,460.486,0,1.02816,0,0,2.23855,1.21039,1.028160,1,0,122.364,0,0,0,122.364,0
39.5657,2.82863,0,0,5.36289,0.225685,0.36288,3.6288,55.6865,0.66528,0,0,1.34118,0.202288,0,0.66528,12.849,1,0.84672,0.36288,0,126.393,4.27303,121.636,0.84672,12.849,0.84672,3695.15,0,0.0036966,0.0018483,1.48093,2.00027,10.8899,1.1569,13.2123,0.42336,0.0018483,0.21168,0.0018483,0.21168,460.486,0,1.02816,0,0,2.50909,1.48093,1.028160,1,0,134.848,0,0,0,134.848,0
40.7087,2.82889,0,0,4.57045,0.235669,0.36288,3.6288,56.4235,0.66528,0,0,1.59323,0.190866,0,0.66528,12.849,1,0.84672,0.36288,0,140.597,3.85339,136.26,0.84672,12.849,0.84672,3695.15,0,0.0036966,0.0018483,2.09148,2.00041,12.8413,1.01644,15.9149,0.42336,0.0018483,0.21168,0.0018483,0.21168,460.486,0,1.02816,0,0,3.11964,2.09148,1.028160,1,0,152.175,0,0,0,152.175,0
42.1201,2.52641,0,0,4.53851,0.237867,0.36288,3.6288,56.8967,0.48174,0,0,1.16355,0.208679,0,0.66528,12.849,1,0.797417,0.36288,0,143.841,4.11566,139.291,0.84672,12.849,0.84672,3695.15,0,0.0036966,1.57807e-05,1.01572,2.00055,11.6739,1.08174,13.6084,0.42336,0.0018483,0.21168,0.0018483,0.21168,460.486,0,1.02816,0,0,2.04388,1.01572,1.028160,1,0,152.9,0,0,0,152.9,0
44.0715,2.52834,0,0,5.09171,0.249022,0.36288,3.6288,57.5546,0.506279,0,0,1.35613,0.191897,0,0.66528,12.849,1,0.771285,0.36288,0,221.686,3.79326,217.484,0.84672,12.849,0.84672,3695.15,0,0.0036966,1.64466e-05,1.20788,1.78947,15.1856,0.971473,17.2114,0.42336,0.0018483,0.21168,0.0018483,0.21168,460.486,0,1.02816,0,0,2.23604,1.20788,1.028160,1,0,234.696,0,0,0,234.696,0
45.4563,2.55504,0,0,4.56092,0.258183,0.36288,3.6288,57.7175,0.506279,0,0,0.8458,0.176643,0,0.66528,12.849,1,0.744918,0.36288,0,196.866,3.52443,192.959,0.84672,12.849,0.84672,3695.15,0,0.0036966,1.62586e-05,0.803105,1.80389,10.8133,0.89254,12.5277,0.42336,0.0018483,0.21168,0.0018483,0.21168,460.486,0,1.02816,0,0,1.83127,0.803105,1.028160,1,0,205.487,0,0,0,205.487,0
49.0915,2.57299,0,0,6.83324,0.26226,0.36288,3.6288,58.5523,0.506279,0,0,1.51786,0.176829,0,0.66528,12.849,1,0.727299,0.36288,0,187.243,3.52443,183.354,0.84672,12.849,0.84672,3695.15,0,0.0036966,1.62127e-05,2.16195,1.80395,15.662,0.89254,18.7353,0.42336,0.0018483,0.21168,0.0018483,0.21168,460.486,0,1.02816,0,0,3.19011,2.16195,1.028160,1,0,202.089,0,0,0,202.089,0
54.2098,2.61594,0,0,8.37051,0.273392,0.36288,3.6288,59.9861,0.506279,0,0,2.0956,0.15547,0,0.66528,12.849,1,0.684686,0.36288,0,198.937,3.42024,195.195,0.84672,12.849,0.84672,3695.15,0,0.0036966,1.59816e-05,2.24563,1.80401,19.1164,0.854991,22.3111,0.42336,0.0018483,0.21168,0.0018483,0.21168,460.486,0,1.02816,0,0,3.27379,2.24563,1.028160,1,0,217.506,0,0,0,217.506,0
57.3446,2.76668,0,0,6.52863,0.264248,0.36288,3.6288,61.1821,0.567026,0,0,1.90466,0.141661,0,0.66528,12.849,1,0.65577,0.36288,0,214.585,3.47834,210.814,0.84672,12.849,0.84672,3695.15,0,0.0036966,1.74713e-05,2.37601,1.80408,18.5405,0.892594,21.828,0.42336,0.0018483,0.21168,0.0018483,0.21168,460.486,0,1.02816,0,0,3.40417,2.37601,1.028160,1,0,232.641,0,0,0,232.641,0
59.0505,2.81579,0,0,5.15726,0.272635,0.36288,3.6288,61.308,0.543113,0,0,1.6582,0.142741,0.846426,0.66528,12.849,1,0.630925,0.36288,0,176.72,3.47834,172.974,0.84672,12.849,0.84672,3695.15,0,0.0036966,1.64074e-05,2.03024,1.87384,15.5497,0.892594,18.5611,0.42336,0.0018483,0.21168,0.0018483,0.21168,460.486,0,1.02816,0,0,3.0584,2.03024,1.028160,1,0,192.381,0,0,0,192.381,0
60.3907,2.83096,0,0,4.81117,0.277199,0.36288,3.6288,61.308,0.543221,0,0,2.05296,0.142855,1.36688,0.66528,12.849,1,0.615997,0.36288,0,177.31,3.47834,173.579,0.84672,12.849,0.84672,3695.15,0,0.0036966,1.63769e-05,2.06026,1.85991,19.6657,0.892594,22.6932,0.42336,0.0018483,0.21168,0.0018483,0.21168,460.486,0,1.02816,0,0,3.08842,2.06026,1.028160,1,0,197.639,0,0,0,197.639,0
61.5929,2.84242,0,0,4.65422,0.246709,0.36288,3.6288,61.308,0.543329,0,0,1.74115,0.171768,1.02605,0.66528,12.849,1,0.604768,0.36288,0,143.137,3.44482,139.45,0.84672,12.849,0.84672,3695.15,0,0.0036966,1.63802e-05,1.99903,1.86004,15.7374,0.890591,18.7059,0.42336,0.0018483,0.21168,0.0018483,0.21168,460.486,0,1.02816,0,0,3.02719,1.99903,1.028160,1,0,159.182,0,0,0,159.182,0
62.2047,2.81308,0,0,4.00347,0.215728,0.36288,3.6288,61.308,0.519837,0,0,1.75263,0.182894,1.0499,0.66528,12.849,1,0.586841,0.36288,0,154.7,3.46044,151.016,0.84672,12.849,0.84672,3695.15,0,0.0036966,1.56719e-05,2.56842,1.86016,13.4287,0.88737,16.9699,0.42336,0.0018483,0.21168,0.0018483,0.21168,460.486,0,1.02816,0,0,3.59658,2.56842,1.028160,1,0,169.035,0,0,0,169.035,0
62.3327,2.81805,0,0,3.52469,0.215671,0.36288,3.6288,61.308,0.519943,0,0,1.42436,0.180545,0.723877,0.66528,12.849,1,0.582097,0.36288,0,108.056,3.40326,104.434,0.84672,12.849,0.84672,3695.15,0,0.0036966,1.56751e-05,2.04924,1.83315,10.6805,0.876999,13.6859,0.42336,0.0018483,0.21168,0.0018483,0.21168,460.486,0,1.02816,0,0,3.0774,2.04924,1.028160,1,0,118.843,0,0,0,118.843,0
62.1482,2.81924,0,0,3.20327,0.205706,0.36288,3.6288,61.308,0.520049,0,0,1.31122,0.183042,0.608124,0.66528,12.849,1,0.581145,0.36288,0,91.1088,3.45338,87.4372,0.84672,12.849,0.84672,3695.15,0,0.0036966,1.56783e-05,1.71821,1.83328,9.86645,0.894779,12.5231,0.42336,0.0018483,0.21168,0.0018483,0.21168,460.486,0,1.02816,0,0,2.74637,1.71821,1.028160,1,0,100.568,0,0,0,100.568,0
61.6841,2.818,0,0,2.86116,0.144338,0.36288,3.6288,61.308,0.520155,0,0,1.2035,0.198027,0.485318,0.66528,12.849,1,0.582615,0.36288,0,89.0508,3.75406,85.077,0.84672,12.849,0.84672,3695.15,0,0.0036966,1.56815e-05,1.53183,1.83341,9.70117,1.00147,12.0649,0.42336,0.0018483,0.21168,0.0018483,0.21168,460.486,0,1.02816,0,0,2.55999,1.53183,1.028160,1,0,97.6272,0,0,0,97.6272,0
61.2304,2.94808,0,0,2.99615,0.138928,0.36288,3.6288,61.308,0.603975,0,0,1.46542,0.189439,0.672008,0.66528,12.849,1,0.614094,0.36288,0,85.7917,3.73325,81.8073,0.84672,12.849,0.84672,3695.15,0,0.0036966,1.82085e-05,1.81083,1.83353,8.72657,0.971485,11.3994,0.42336,0.0018483,0.21168,0.0018483,0.21168,460.486,0,1.02816,0,0,2.83899,1.81083,1.028160,1,0,93.8787,0,0,0,93.8787,0
60.3581,2.94452,0,0,2.56136,0.126304,0.36288,3.6288,61.308,0.604087,0,0,1.04215,0.167969,0.270092,0.66528,12.849,1,0.617898,0.36288,0,76.928,3.68119,72.9918,0.84672,12.849,0.84672,3695.15,0,0.0036966,1.82119e-05,1.76052,1.92857,8.64346,0.896534,11.436,0.42336,0.0018483,0.21168,0.0018483,0.21168,460.486,0,1.02816,0,0,2.78868,1.76052,1.028160,1,0,84.6978,0,0,0,84.6978,0
59.3226,2.93736,0,0,2.39017,0.125392,0.36288,3.6288,61.308,0.604199,0,0,1.00156,0.167969,0.229389,0.66528,12.849,1,0.625304,0.36288,0,69.1813,3.68119,65.2377,0.84672,12.849,0.84672,3695.15,0,0.0036966,1.82153e-05,1.38087,1.9287,7.51326,0.896534,9.92628,0.42336,0.0018483,0.21168,0.0018483,0.21168,460.486,0,1.02816,0,0,2.40903,1.38087,1.028160,1,0,75.3934,0,0,0,75.3934,0
58.2228,2.92859,0,0,2.24947,0.0578177,0.36288,3.6288,61.308,0.604311,0,0,0.94424,0.272936,0.0669931,0.66528,12.849,1,0.634318,0.36288,0,66.8693,5.1073,61.4905,0.84672,12.849,0.84672,3695.15,0,0.0036966,1.82186e-05,1.1717,1.92883,6.76633,1.27841,8.58844,0.42336,0.0018483,0.21168,0.0018483,0.21168,460.486,0,1.02816,0,0,2.19986,1.1717,1.028160,1,0,70.146,0,0,0,70.146,0
56.9686,2.91897,0,0,2.08483,0.0572056,0.36288,3.6288,61.308,0.604423,0,0,0.892287,0.272936,0.014929,0.66528,12.849,1,0.644178,0.36288,0,61.0254,5.1073,55.6368,0.84672,12.849,0.84672,3695.15,0,0.0036966,1.8222e-05,1.05703,1.92897,6.36984,1.27841,8.07741,0.42336,0.0018483,0.21168,0.0018483,0.21168,460.486,0,1.02816,0,0,2.08519,1.05703,1.028160,1,0,63.7291,0,0,0,63.7291,0
57.1516,2.88155,0,0,3.5165,0.0890348,0.36288,3.6288,61.308,0.650561,0,0,1.32205,0.28173,0.389758,0.66528,12.849,1,0.649921,0.36288,0,73.5722,4.54681,68.7383,0.84672,12.849,0.84672,3695.15,0,0.0036966,1.9613e-05,1.32846,1.9291,8.23435,1.17992,10.312,0.42336,0.0018483,0.21168,0.0018483,0.21168,460.486,0,1.02816,0,0,2.35662,1.32846,1.028160,1,0,79.4401,0,0,0,79.4401,0
57.1732,2.88345,0,0,3.3529,0.0849769,0.36288,3.6288,61.308,0.650676,0,0,1.27799,0.289503,0.337807,0.66528,12.849,1,0.648266,0.36288,0,70.8376,4.6554,65.8968,0.84672,12.849,0.84672,3695.15,0,0.0036966,1.96164e-05,1.30037,1.95881,7.87182,1.21667,9.91431,0.42336,0.0018483,0.21168,0.0018483,0.21168,460.486,0,1.02816,0,0,2.32853,1.30037,1.028160,1,0,76.149,0,0,0,76.149,0
57.0285,2.88385,0,0,3.16868,0.0666325,0.36288,3.6288,61.308,0.650791,0,0,1.22618,0.32099,0.254399,0.66528,12.849,1,0.648111,0.36288,0,66.7345,5.32155,61.1277,0.84672,12.849,0.84672,3695.15,0,0.0036966,1.96199e-05,1.34584,1.95894,7.74351,1.40085,9.64742,0.42336,0.0018483,0.21168,0.0018483,0.21168,460.486,0,1.02816,0,0,2.374,1.34584,1.028160,1,0,71.0295,0,0,0,71.0295,0
56.6087,2.8827,0,0,2.89755,0.071745,0.36288,3.6288,61.308,0.650906,0,0,1.19333,0.30963,0.232795,0.66528,12.849,1,0.649497,0.36288,0,66.5738,5.33253,60.9546,0.84672,12.849,0.84672,3695.15,0,0.0036966,1.96234e-05,1.25906,1.95908,7.31592,1.37361,9.16042,0.42336,0.0018483,0.21168,0.0018483,0.21168,460.486,0,1.02816,0,0,2.28722,1.25906,1.028160,1,0,70.3479,0,0,0,70.3479,0
55.8066,2.84521,0,0,2.46787,0.0619069,0.36288,3.6288,61.2261,0.633108,0,0,0.86667,0.315472,0,0.66528,12.849,1,0.645803,0.36288,0,51.1218,5.65023,45.1886,0.84672,12.849,0.84672,3695.15,0,0.0036966,1.90868e-05,0.501215,1.95921,5.48948,1.37785,6.57203,0.42336,0.0018483,0.21168,0.0018483,0.21168,460.486,0,1.02816,0,0,1.52938,0.501215,1.028160,1,0,51.7606,0,0,0,51.7606,0
55.1057,2.83786,0,0,2.5542,0.0543165,0.36288,3.6288,61.1507,0.633222,0,0,0.877478,0.319689,0,0.66528,12.849,1,0.653393,0.36288,0,59.5509,5.8885,53.3718,0.84672,12.849,0.84672,3695.15,0,0.0036966,1.91158e-05,0.272428,1.93774,5.30775,1.38103,6.13687,0.42336,0.0018483,0.21168,0.0018483,0.21168,460.486,0,1.02816,0,0,1.30059,0.272428,1.028160,1,0,59.5087,0,0,0,59.5087,0
54.1825,2.83131,0,0,2.3249,0.0539372,0.36288,3.6288,60.9215,0.633336,0,0,0.723747,0.319536,0,0.66528,12.849,1,0.660177,0.36288,0,47.9645,5.8885,41.7787,0.84672,12.849,0.84672,3695.15,0,0.0036966,1.91428e-05,0.300499,1.93788,4.9321,1.38103,5.78943,0.42336,0.0018483,0.21168,0.0018483,0.21168,460.486,0,1.02816,0,0,1.32866,0.300499,1.028160,1,0,47.5682,0,0,0,47.5682,0
53.0583,2.82241,0,0,2.11449,0.0534376,0.36288,3.6288,60.5091,0.767426,0,0,0.674024,0.319073,0,0.66528,12.849,1,0.669315,0.36288,0,44.7139,5.8885,38.519,0.84672,12.849,0.84672,3695.15,0,0.0036966,2.3283e-05,0.227405,1.93801,4.39546,1.38103,5.17982,0.42336,0.0018483,0.21168,0.0018483,0.21168,460.486,0,0.894179,0,0,1.12158,0.227405,1.028160,1,0,43.6988,0,0,0,43.6988,0
51.8867,2.99893,0,0,2.23444,0.0442486,0.36288,3.6288,60.3052,0.66528,0,0,0.782775,0.321345,0,0.66528,12.849,1,0.726245,0.36288,0,44.7004,6.09143,38.2456,0.84672,12.849,0.84672,3695.15,0,0.0036966,0.0018483,0.415567,1.93814,5.82886,1.42926,6.75146,0.42336,0.0018483,0.21168,0.0018483,0.21168,460.486,0,1.02816,0,0,1.44373,0.415567,1.028160,1,0,44.9971,0,0,0,44.9971,0
50.2689,2.98599,0,0,1.78137,0.0502167,0.36288,3.6288,59.9981,0.66528,0,0,0.661738,0.303516,0,0.66528,12.849,1,0.739439,0.36288,0,38.7596,6.26209,32.121,0.84672,12.849,0.84672,3695.15,0,0.0036966,0.0018483,0.460339,2.09252,4.09962,1.50947,5.14116,0.42336,0.0018483,0.21168,0.0018483,0.21168,460.486,0,1.02816,0,0,1.4885,0.460339,1.028160,1,0,37.2621,0,0,0,37.2621,0
48.4865,2.96724,0,0,1.59711,0.0493744,0.36288,3.6288,59.6298,0.66528,0,0,0.599854,0.302923,0,0.66528,12.849,1,0.758443,0.36288,0,34.6013,6.26209,27.9436,0.84672,12.849,0.84672,3695.15,0,0.0036966,0.0018483,0.363692,2.09266,3.99775,1.50947,4.94278,0.42336,0.0018483,0.21168,0.0018483,0.21168,460.486,0,1.02816,0,0,1.39185,0.363692,1.028160,1,0,32.8864,0,0,0,32.8864,0
47.0414,2.9454,0,0,1.91157,0.0484413,0.36288,3.6288,59.3067,0.66528,0,0,0.644414,0.302211,0,0.66528,12.849,1,0.780535,0.36288,0,35.8099,6.26209,29.1302,0.84672,12.849,0.84672,3695.15,0,0.0036966,0.0018483,0.483417,2.0928,4.38504,1.50947,5.44995,0.42336,0.0018483,0.21168,0.0018483,0.21168,460.486,0,1.02816,0,0,1.51158,0.483417,1.028160,1,0,34.5801,0,0,0,34.5801,0
46.9525,2.92677,0,0,3.26859,0.0678871,0.36288,3.6288,59.1728,0.66528,0,0,0.827677,0.296292,0,0.66528,12.849,1,0.799424,0.36288,0,59.512,6.11367,52.9618,0.84672,12.849,0.84672,3695.15,0,0.0036966,0.0018483,0.732542,2.09295,4.85391,1.49126,6.18629,0.42336,0.0018483,0.21168,0.0018483,0.21168,460.486,0,1.02816,0,0,1.7607,0.732542,1.028160,1,0,59.148,0,0,0,59.148,0
46.27,2.83651,0,0,2.57108,0.0541309,0.36288,3.6288,59.0695,0.66528,0,0,0.857287,0.295332,0,0.66528,12.849,1,0.776238,0.36288,0,42.6225,6.8034,35.4057,0.84672,12.849,0.84672,3695.15,0,0.0036966,0.0018483,1.44227,2.09309,6.39088,1.63694,8.28745,0.42336,0.0018483,0.21168,0.0018483,0.21168,460.486,0,1.02816,0,0,2.47043,1.44227,1.028160,1,0,43.6932,0,0,0,43.6932,0
45.1677,2.82774,0,0,2.17988,0.091609,0.36288,3.6288,58.9123,0.66528,0,0,0.770481,0.26243,0,0.66528,12.849,1,0.785252,0.36288,0,32.5406,6.60762,25.5106,0.84672,12.849,0.84672,3695.15,0,0.0036966,0.0018483,1.29684,2.00481,5.42112,1.56821,7.15272,0.42336,0.0018483,0.21168,0.0018483,0.21168,460.486,0,1.02816,0,0,2.325,1.29684,1.028160,1,0,32.6633,0,0,0,32.6633,0
45.1551,2.81301,0,0,3.26934,0.105984,0.36288,3.6288,58.8852,0.66528,0,0,0.886784,0.248573,0,0.66528,12.849,1,0.800227,0.36288,0,39.6297,6.49719,32.6952,0.84672,12.849,0.84672,3695.15,0,0.0036966,0.0018483,1.86481,2.00495,5.76615,1.53028,8.10377,0.42336,0.0018483,0.21168,0.0018483,0.21168,460.486,0,1.02816,0,0,2.89297,1.86481,1.028160,1,0,40.7989,0,0,0,40.7989,0
46.2874,2.81303,0,0,4.41412,0.105969,0.36288,3.6288,59.4044,0.66528,0,0,1.43299,0.24853,0,0.66528,12.849,1,0.800455,0.36288,0,79.0826,6.49719,72.1478,0.84672,12.849,0.84672,3695.15,0,0.0036966,0.0018483,3.67572,2.00509,9.08294,1.53028,13.2316,0.42336,0.0018483,0.21168,0.0018483,0.21168,460.486,0,1.02816,0,0,4.70388,3.67572,1.028160,1,0,85.3795,0,0,0,85.3795,0
45.424,2.85325,0,0,2.48708,0.134336,0.36288,3.6288,59.3874,0.66528,0,0,0.889405,0.241108,0,0.66528,12.849,1,0.79204,0.36288,0,61.7658,5.49054,55.8461,0.84672,12.849,0.84672,3695.15,0,0.0036966,0.0018483,1.43027,2.00522,6.3895,1.3332,8.48994,0.42336,0.0018483,0.21168,0.0018483,0.21168,460.486,0,1.02816,0,0,2.45843,1.43027,1.028160,1,0,64.336,0,0,0,64.336,0
44.1057,2.84171,0,0,2.05505,0.168722,0.36288,3.6288,59.1661,0.66528,0,0,0.674059,0.230083,0,0.66528,12.849,1,0.80383,0.36288,0,41.8948,4.14834,37.3055,0.84672,12.849,0.84672,3695.15,0,0.0036966,0.0018483,0.385137,1.99512,7.45399,1.07042,8.76198,0.42336,0.0018483,0.21168,0.0018483,0.21168,460.486,0,1.02816,0,0,1.4133,0.385137,1.028160,1,0,46.0674,0,0,0,46.0674,0
46.1399,2.8233,0,0,5.38658,0.166224,0.36288,3.6288,60.2871,0.66528,0,0,2.01608,0.229757,0,0.66528,12.849,1,0.822491,0.36288,0,93.0988,4.14834,88.4908,0.84672,12.849,0.84672,3695.15,0,0.0036966,0.0018483,3.82728,1.99526,15.0768,1.07042,19.8271,0.42336,0.0018483,0.21168,0.0018483,0.21168,460.486,0,1.02816,0,0,4.85544,3.82728,1.028160,1,0,108.318,0,0,0,108.318,0
46.4698,2.85186,0,0,3.7257,0.181044,0.36288,3.6288,60.7555,0.66528,0,0,1.3696,0.236004,0,0.66528,12.849,1,0.794183,0.36288,0,70.1062,4.02552,65.6493,0.84672,12.849,0.84672,3695.15,0,0.0036966,0.0018483,2.27862,1.9954,8.77366,1.028,12.0178,0.42336,0.0018483,0.21168,0.0018483,0.21168,460.486,0,1.02816,0,0,3.30678,2.27862,1.028160,1,0,77.6672,0,0,0,77.6672,0
48.2721,2.64135,0,0,5.01565,0.209097,0.36288,3.6288,61.308,0.499801,0,0,1.99746,0.244755,0.700363,0.66528,12.849,1,0.730338,0.36288,0,53.6101,3.77737,49.4652,0.84672,12.849,0.84672,3695.15,0,0.0036966,1.52049e-05,3.11011,1.99553,14.553,0.937627,18.721,0.42336,0.0018483,0.21168,0.0018483,0.21168,460.486,0,1.02816,0,0,4.13827,3.11011,1.028160,1,0,68.8866,0,0,0,68.8866,0
52.0389,2.66307,0,0,7.00517,0.212497,0.36288,3.6288,61.308,0.499906,0,0,2.61089,0.224684,1.8863,0.66528,12.849,1,0.708851,0.36288,0,121.64,4.1308,117.163,0.84672,12.849,0.84672,3695.15,0,0.0036966,1.50711e-05,3.94641,1.81239,16.4796,1.03176,21.2066,0.42336,0.0018483,0.21168,0.0018483,0.21168,460.486,0,1.02816,0,0,4.97457,3.94641,1.028160,1,0,140.256,0,0,0,140.256,0
52.373,2.70441,0,0,3.62252,0.221147,0.36288,3.6288,61.308,0.500011,0,0,1.49272,0.224684,0.768021,0.66528,12.849,1,0.66775,0.36288,0,83.4192,4.1308,78.9835,0.84672,12.849,0.84672,3695.15,0,0.0036966,1.50742e-05,2.00263,1.81251,10.2446,1.03176,13.028,0.42336,0.0018483,0.21168,0.0018483,0.21168,460.486,0,1.02816,0,0,3.03079,2.00263,1.028160,1,0,92.7795,0,0,0,92.7795,0
55.6397,2.70801,0,0,6.55955,0.221912,0.36288,3.6288,61.308,0.500116,0,0,2.86663,0.224684,2.14183,0.66528,12.849,1,0.664375,0.36288,0,146.693,4.1308,142.261,0.84672,12.849,0.84672,3695.15,0,0.0036966,1.50774e-05,3.87922,1.81264,16.4608,1.03176,21.1209,0.42336,0.0018483,0.21168,0.0018483,0.21168,460.486,0,1.02816,0,0,4.90738,3.87922,1.028160,1,0,165.524,0,0,0,165.524,0
59.9645,2.73989,0,0,7.65927,0.231689,0.36288,3.6288,61.308,0.50022,0,0,3.82564,0.256823,3.06859,0.66528,12.849,1,0.63273,0.36288,0,194.731,4.61255,189.849,0.84672,12.849,0.84672,3695.15,0,0.0036966,1.50805e-05,4.44953,1.81276,19.1145,1.22176,24.155,0.42336,0.0018483,0.21168,0.0018483,0.21168,460.486,0,1.02816,0,0,5.47769,4.44953,1.028160,1,0,217.072,0,0,0,217.072,0
64.1837,2.77748,0,0,7.63566,0.276093,0.36288,3.6288,61.308,0.50022,0,0,2.90698,0.229314,2.17745,0.66528,12.849,1,0.595149,0.36288,0,165.32,4.37722,160.711,0.84672,12.849,0.84672,3695.15,0,0.0036966,1.50805e-05,3.2551,1.81289,19.8739,1.24944,23.6924,0.42336,0.0018483,0.21168,0.0018483,0.21168,460.486,0,1.02816,0,0,4.28326,3.2551,1.028160,1,0,186.581,0,0,0,186.581,0
72.29,2.8983,0,0,13.6642,0.299469,2.36011,3.6288,61.308,0.549739,0,0,6.41763,0.208669,5.65922,0.66528,12.849,1,0.580213,2.36011,0,217.462,4.13858,215.103,0.84672,12.849,0.84672,3695.15,0,0.0036966,1.65734e-05,6.22879,1.81289,28.9143,1.2035,35.7524,0.42336,0.0018483,0.21168,0.0018483,0.21168,460.486,0,1.02816,0,0,7.25695,6.22879,1.028160,1,0,256.515,0,0,0,256.515,0
72.29,2.95373,0,0,9.17076,0.319096,5.89793,3.6288,61.308,0.549834,0,0,5.31587,0.208669,4.55737,0.66528,12.849,1,0.525002,5.89793,0,179.849,4.13858,181.083,0.84672,12.849,0.84672,3695.15,0,0.0036966,1.65763e-05,4.12849,1.87099,18.3599,1.2035,23.1559,0.42336,0.0018483,0.21168,0.0018483,0.21168,460.486,0,1.02816,0,0,5.15665,4.12849,1.028160,1,0,208.796,0,0,0,208.796,0
72.29,2.9539,0,0,9.27046,0.319096,5.99746,3.6288,61.308,0.549928,0,0,5.78343,0.208669,5.02483,0.66528,12.849,1,0.525034,5.99746,0,187.887,4.13858,189.221,0.84672,12.849,0.84672,3695.15,0,0.0036966,1.65791e-05,4.84011,1.8711,18.6093,1.2035,24.117,0.42336,0.0018483,0.21168,0.0018483,0.21168,460.486,0,1.02816,0,0,5.86827,4.84011,1.028160,1,0,218.363,0,0,0,218.363,0
72.29,2.95408,0,0,7.7942,0.330839,4.50928,3.6288,61.308,0.550023,0,0,4.67734,0.165434,3.96189,0.66528,12.849,1,0.525065,4.50928,0,237.108,3.68424,237.407,0.84672,12.849,0.84672,3695.15,0,0.0036966,1.6582e-05,3.36891,1.87121,14.5199,0.914152,18.8458,0.42336,0.0018483,0.21168,0.0018483,0.21168,460.486,0,1.02816,0,0,4.39707,3.36891,1.028160,1,0,260.215,0,0,0,260.215,0
72.29,3.1313,0,0,7.57806,0.318539,4.12822,3.6288,61.308,0.66528,0,0,6.13872,0.222759,5.25068,0.66528,12.849,1,0.556566,4.12822,0,174.664,4.26777,173.968,0.84672,12.849,0.84672,3695.15,0,0.0036966,0.0018483,3.68407,1.87132,15.396,1.15958,19.79,0.42336,0.0018483,0.21168,0.0018483,0.21168,460.486,0,1.02816,0,0,4.71223,3.68407,1.028160,1,0,199.008,0,0,0,199.008,0
72.29,3.13149,0,0,15.4359,0.317655,11.9867,3.6288,61.308,0.66528,0,0,9.01031,0.202076,8.14295,0.66528,12.849,1,0.556599,11.9867,0,206.833,4.00071,214.262,0.84672,12.849,0.84672,3695.15,0,0.0036966,0.0018483,5.95094,2.00719,28.5882,1.10322,35.4413,0.42336,0.0018483,0.21168,0.0018483,0.21168,460.486,0,1.02816,0,0,6.9791,5.95094,1.028160,1,0,257.847,0,0,0,257.847,0
72.29,3.13168,0,0,6.11347,0.317655,2.66413,3.6288,61.308,0.66528,0,0,4.32818,0.202076,3.46083,0.66528,12.849,1,0.556632,2.66413,0,243.412,4.00071,241.519,0.84672,12.849,0.84672,3695.15,0,0.0036966,0.0018483,2.68699,2.00731,12.5016,1.10322,16.0909,0.42336,0.0018483,0.21168,0.0018483,0.21168,460.486,0,1.02816,0,0,3.71515,2.68699,1.028160,1,0,261.071,0,0,0,261.071,0
72.29,3.13187,0,0,5.37726,0.321697,1.9237,3.6288,61.308,0.66528,0,0,3.00133,0.201638,2.13441,0.66528,12.849,1,0.556666,1.9237,0,132.422,4.01275,129.776,0.84672,12.849,0.84672,3695.15,0,0.0036966,0.0018483,2.0277,2.00743,10.269,1.07469,13.2276,0.42336,0.0018483,0.21168,0.0018483,0.21168,460.486,0,1.02816,0,0,3.05586,2.0277,1.028160,1,0,145.138,0,0,0,145.138,0
72.29,2.83209,0,0,6.94691,0.341671,3.77314,3.6288,61.308,0.487014,0,0,2.47221,0.248565,1.73663,0.66528,12.849,1,0.503383,3.77314,0,143.517,4.5824,142.205,0.84672,12.849,0.84672,3695.15,0,0.0036966,1.46824e-05,2.37451,2.00755,12.8685,1.08041,16.1701,0.42336,0.0018483,0.21168,0.0018483,0.21168,460.486,0,1.02816,0,0,3.40267,2.37451,1.028160,1,0,160.111,0,0,0,160.111,0
72.29,2.83226,0,0,6.44134,0.355327,3.25376,3.6288,61.308,0.487105,0,0,5.25906,0.199168,4.57278,0.66528,12.849,1,0.503413,3.25376,0,201.441,3.77591,200.415,0.84672,12.849,0.84672,3695.15,0,0.0036966,1.46851e-05,3.50207,1.79572,15.5341,0.843606,19.9883,0.42336,0.0018483,0.21168,0.0018483,0.21168,460.486,0,1.02816,0,0,4.53023,3.50207,1.028160,1,0,224.976,0,0,0,224.976,0
72.29,2.83243,0,0,6.72227,0.355327,3.53451,3.6288,61.308,0.487195,0,0,3.1051,0.199168,2.41873,0.66528,12.849,1,0.503443,3.53451,0,153.544,3.77591,152.799,0.84672,12.849,0.84672,3695.15,0,0.0036966,1.46879e-05,3.68517,1.79582,13.6941,0.843606,18.3314,0.42336,0.0018483,0.21168,0.0018483,0.21168,460.486,0,1.02816,0,0,4.71333,3.68517,1.028160,1,0,173.549,0,0,0,173.549,0
72.29,2.8326,0,0,12.0019,0.355327,8.81398,3.6288,61.308,0.487286,0,0,7.36106,0.199168,6.67461,0.66528,12.849,1,0.503473,8.81398,0,169.198,3.77591,173.733,0.84672,12.849,0.84672,3695.15,0,0.0036966,1.46906e-05,5.72245,1.79593,19.9593,0.843606,26.634,0.42336,0.0018483,0.21168,0.0018483,0.21168,460.486,0,1.02816,0,0,6.75061,5.72245,1.028160,1,0,207.041,0,0,0,207.041,0
72.29,2.83277,0,0,10.2633,0.354046,7.07647,3.6288,61.308,0.487377,0,0,6.00902,0.184624,5.33702,0.66528,12.849,1,0.503503,7.07647,0,179.637,3.67546,182.534,0.84672,12.849,0.84672,3695.15,0,0.0036966,1.46933e-05,5.48653,1.79604,22.7645,0.841115,29.2059,0.42336,0.0018483,0.21168,0.0018483,0.21168,460.486,0,1.02816,0,0,6.51469,5.48653,1.028160,1,0,217.077,0,0,0,217.077,0
72.29,2.93645,0,0,6.37342,0.353833,3.08313,3.6288,61.308,0.548424,0,0,2.59423,0.1822,1.86361,0.66528,12.849,1,0.521932,3.08313,0,122.906,3.65872,121.808,0.84672,12.849,0.84672,3695.15,0,0.0036966,1.65338e-05,2.86915,1.79615,16.3217,0.840699,20.1463,0.42336,0.0018483,0.21168,0.0018483,0.21168,460.486,0,1.02816,0,0,3.89731,2.86915,1.028160,1,0,143.818,0,0,0,143.818,0
72.29,2.93663,0,0,5.75342,0.344905,2.47189,3.6288,61.308,0.548518,0,0,2.84217,0.186958,2.1067,0.66528,12.849,1,0.521963,2.47189,0,133.921,3.7169,132.154,0.84672,12.849,0.84672,3695.15,0,0.0036966,1.65366e-05,2.98807,1.8662,17.0789,0.85215,21.081,0.42336,0.0018483,0.21168,0.0018483,0.21168,460.486,0,1.02816,0,0,4.01623,2.98807,1.028160,1,0,155.342,0,0,0,155.342,0
72.29,2.9368,0,0,5.55921,0.291337,2.33107,3.6288,61.308,0.548613,0,0,3.01631,0.215503,2.25219,0.66528,12.849,1,0.521994,2.33107,0,109.116,4.06591,106.859,0.84672,12.849,0.84672,3695.15,0,0.0036966,1.65395e-05,3.16218,1.86631,17.3836,0.920851,21.4912,0.42336,0.0018483,0.21168,0.0018483,0.21168,460.486,0,1.02816,0,0,4.19034,3.16218,1.028160,1,0,130.603,0,0,0,130.603,0
72.29,2.93698,0,0,4.26037,0.283137,1.04025,3.6288,61.308,0.548707,0,0,1.86655,0.197899,1.11994,0.66528,12.849,1,0.522026,1.04025,0,71.2381,3.89336,67.863,0.84672,12.849,0.84672,3695.15,0,0.0036966,1.65423e-05,1.49278,1.86642,9.60466,0.929484,12.0344,0.42336,0.0018483,0.21168,0.0018483,0.21168,460.486,0,1.02816,0,0,2.52094,1.49278,1.028160,1,0,81.0173,0,0,0,81.0173,0
72.085,2.89667,0,0,3.33155,0.276987,0.36288,3.6288,61.308,0.525121,0,0,1.46553,0.184696,0.755708,0.66528,12.849,1,0.514862,0.36288,0,52.5433,3.76394,48.6274,0.84672,12.849,0.84672,3695.15,0,0.0036966,1.58312e-05,0.657599,1.86653,6.63578,0.935958,8.22394,0.42336,0.0018483,0.21168,0.0018483,0.21168,460.486,0,1.02816,0,0,1.68576,0.657599,1.028160,1,0,57.607,0,0,0,57.607,0
71.6165,2.8956,0,0,3.06653,0.276556,0.36288,3.6288,61.308,0.525214,0,0,1.48428,0.184696,0.774373,0.66528,12.849,1,0.516135,0.36288,0,49.0647,3.76394,45.1475,0.84672,12.849,0.84672,3695.15,0,0.0036966,1.5834e-05,0.69749,1.83941,8.66756,0.935958,10.2685,0.42336,0.0018483,0.21168,0.0018483,0.21168,460.486,0,1.02816,0,0,1.72565,0.69749,1.028160,1,0,56.1903,0,0,0,56.1903,0
72.29,2.89291,0,0,4.85226,0.275572,1.01027,3.6288,61.308,0.525307,0,0,1.84256,0.184696,1.13255,0.66528,12.849,1,0.519029,1.01027,0,63.8253,3.76394,60.5526,0.84672,12.849,0.84672,3695.15,0,0.0036966,1.58369e-05,0.99112,1.83952,7.53538,0.935958,9.43005,0.42336,0.0018483,0.21168,0.0018483,0.21168,460.486,0,1.02816,0,0,2.01928,0.99112,1.028160,1,0,71.1152,0,0,0,71.1152,0
71.9298,2.89719,0,0,3.12473,0.224839,0.36288,3.6288,61.308,0.525401,0,0,1.49278,0.197809,0.769575,0.66528,12.849,1,0.514954,0.36288,0,51.6246,4.0656,47.4069,0.84672,12.849,0.84672,3695.15,0,0.0036966,1.58397e-05,0.629182,1.83963,6.50925,0.892796,8.08525,0.42336,0.0018483,0.21168,0.0018483,0.21168,460.486,0,1.02816,0,0,1.65734,0.629182,1.028160,1,0,56.2618,0,0,0,56.2618,0
71.5279,3.03252,0,0,3.17134,0.177852,0.36288,3.6288,61.308,0.787253,0,0,1.1399,0.214009,0.138639,0.66528,12.849,1,0.541706,0.36288,0,49.5302,3.97929,45.3721,0.84672,12.849,0.84672,3695.15,0,0.0036966,2.37339e-05,0.402797,1.83974,5.00882,0.984864,6.26647,0.42336,0.0018483,0.21168,0.0018483,0.21168,460.486,0,0.850392,0,0,1.25319,0.402797,1.028160,1,0,51.7772,0,0,0,51.7772,0
71.0359,3.03012,0,0,3.07825,0.177309,0.36288,3.6288,61.308,0.801711,0,0,1.21052,0.214009,0.194805,0.66528,12.849,1,0.544319,0.36288,0,47.2096,3.97929,43.0488,0.84672,12.849,0.84672,3695.15,0,0.0036966,2.41698e-05,0.402797,1.93509,5.32835,0.984864,6.68134,0.42336,0.0018483,0.21168,0.0018483,0.21168,460.486,0,0.836032,0,0,1.23883,0.402797,1.028160,1,0,49.925,0,0,0,49.925,0
70.3896,3.02711,0,0,2.92033,0.176643,0.36288,3.6288,61.308,0.752942,0,0,1.17634,0.214009,0.209393,0.66528,12.849,1,0.547544,0.36288,0,44.3407,3.97929,40.1768,0.84672,12.849,0.84672,3695.15,0,0.0036966,2.26995e-05,0.30119,1.9352,4.92635,0.984864,6.17785,0.42336,0.0018483,0.21168,0.0018483,0.21168,460.486,0,0.8849,0,0,1.18609,0.30119,1.028160,1,0,46.564,0,0,0,46.564,0
69.5652,3.02303,0,0,2.72755,0.165976,0.36288,3.6288,61.308,0.819402,0,0,1.10588,0.222428,0.0640466,0.66528,12.849,1,0.551829,0.36288,0,41.2267,4.17403,36.8637,0.84672,12.849,0.84672,3695.15,0,0.0036966,2.47032e-05,0.30119,1.93532,4.77763,1.01251,6.0016,0.42336,0.0018483,0.21168,0.0018483,0.21168,460.486,0,0.818536,0,0,1.11973,0.30119,1.028160,1,0,42.9294,0,0,0,42.9294,0
68.3214,3.0177,0,0,2.28369,0.146887,0.36288,3.6288,61.2793,0.609883,0,0,0.822917,0.241774,0,0.66528,12.849,1,0.557382,0.36288,0,39.5196,4.6199,34.7052,0.84672,12.849,0.84672,3695.15,0,0.0036966,1.83866e-05,0.621968,1.93543,4.30882,1.07555,5.79065,0.42336,0.0018483,0.21168,0.0018483,0.21168,460.486,0,1.02816,0,0,1.65013,0.621968,1.028160,1,0,40.4959,0,0,0,40.4959,0
66.8535,2.98238,0,0,2.0294,0.152132,0.36288,3.6288,61.1575,0.656161,0,0,0.770965,0.236536,0,0.66528,12.849,1,0.560887,0.36288,0,38.7019,4.49946,34.0045,0.84672,12.849,0.84672,3695.15,0,0.0036966,1.97911e-05,0.718278,1.93555,4.11541,1.05841,5.71081,0.42336,0.0018483,0.21168,0.0018483,0.21168,460.486,0,1.02816,0,0,1.74644,0.718278,1.028160,1,0,39.7153,0,0,0,39.7153,0
65.197,2.97223,0,0,1.82902,0.150384,0.36288,3.6288,60.9829,0.656262,0,0,0.717941,0.236354,0,0.66528,12.849,1,0.571252,0.36288,0,35.8707,4.49946,31.1629,0.84672,12.849,0.84672,3695.15,0,0.0036966,1.98335e-05,0.49591,1.96535,3.9184,1.05841,5.32122,0.42336,0.0018483,0.21168,0.0018483,0.21168,460.486,0,1.02816,0,0,1.52407,0.49591,1.028160,1,0,36.4841,0,0,0,36.4841,0
63.4969,2.96028,0,0,1.74899,0.125893,0.36288,3.6288,60.7144,0.656363,0,0,0.67875,0.290826,0,0.66528,12.849,1,0.583411,0.36288,0,32.3394,5.20521,26.9137,0.84672,12.849,0.84672,3695.15,0,0.0036966,1.98934e-05,0.476634,1.96546,3.72287,1.31603,4.84892,0.42336,0.0018483,0.21168,0.0018483,0.21168,460.486,0,1.02816,0,0,1.50479,0.476634,1.028160,1,0,31.7626,0,0,0,31.7626,0
61.8011,2.94746,0,0,1.7301,0.1156,0.36288,3.6288,60.4573,0.656464,0,0,0.702553,0.303241,0,0.66528,12.849,1,0.596438,0.36288,0,30.759,5.50236,25.0231,0.84672,12.849,0.84672,3695.15,0,0.0036966,1.99844e-05,0.472202,1.96558,3.48045,1.44307,4.47514,0.42336,0.0018483,0.21168,0.0018483,0.21168,460.486,0,1.02816,0,0,1.50036,0.472202,1.028160,1,0,29.4982,0,0,0,29.4982,0
60.1456,2.89968,0,0,1.72152,0.114413,0.36288,3.6288,60.2836,0.638592,0,0,0.755793,0.290837,0,0.66528,12.849,1,0.602869,0.36288,0,30.744,5.52216,24.9818,0.84672,12.849,0.84672,3695.15,0,0.0036966,1.9523e-05,0.445357,1.9657,3.25683,1.47507,4.1928,0.42336,0.0018483,0.21168,0.0018483,0.21168,460.486,0,1.02816,0,0,1.47352,0.445357,1.028160,1,0,29.1746,0,0,0,29.1746,0
58.3577,2.88618,0,0,1.57397,0.11283,0.36288,3.6288,60.0845,0.638692,0,0,0.73008,0.290517,0,0.66528,12.849,1,0.616578,0.36288,0,28.8719,5.52216,23.096,0.84672,12.849,0.84672,3695.15,0,0.0036966,1.95823e-05,0.329495,1.94414,3.10307,1.47507,3.90162,0.42336,0.0018483,0.21168,0.0018483,0.21168,460.486,0,1.02816,0,0,1.35766,0.329495,1.028160,1,0,26.9976,0,0,0,26.9976,0
56.3784,2.87086,0,0,1.35067,0.0962717,0.36288,3.6288,59.8763,0.638792,0,0,0.727082,0.296461,0,0.66528,12.849,1,0.632097,0.36288,0,27.5401,5.78146,21.4894,0.84672,12.849,0.84672,3695.15,0,0.0036966,1.96503e-05,0.316207,1.94426,3.08335,1.49034,3.85345,0.42336,0.0018483,0.21168,0.0018483,0.21168,460.486,0,1.02816,0,0,1.34437,0.316207,1.028160,1,0,25.3429,0,0,0,25.3429,0
54.2288,2.85296,0,0,1.16982,0.103573,0.36288,3.6288,59.6387,0.638891,0,0,0.686154,0.284881,0,0.66528,12.849,1,0.650208,0.36288,0,25.5511,5.64459,19.6192,0.84672,12.849,0.84672,3695.15,0,0.0036966,1.97217e-05,0.279798,1.94437,2.96433,1.37166,3.81683,0.42336,0.0018483,0.21168,0.0018483,0.21168,460.486,0,1.02816,0,0,1.30796,0.279798,1.028160,1,0,23.436,0,0,0,23.436,0
51.6876,3.02145,0,0,0.947238,0.104061,0.36288,3.6288,59.3429,0.66528,0,0,0.671389,0.301879,0,0.66528,12.849,1,0.715904,0.36288,0,21.1134,6.03519,14.7252,0.84672,12.849,0.84672,3695.15,0,0.0036966,0.0018483,0.440865,1.94449,2.9229,1.47833,3.82808,0.42336,0.0018483,0.21168,0.0018483,0.21168,460.486,0,1.02816,0,0,1.46902,0.440865,1.028160,1,0,18.5533,0,0,0,18.5533,0
49.0699,2.99343,0,0,0.839955,0.101384,0.36288,3.6288,58.9808,0.66528,0,0,0.60444,0.301308,0,0.66528,12.849,1,0.744136,0.36288,0,18.7635,6.03519,12.347,0.84672,12.849,0.84672,3695.15,0,0.0036966,0.0018483,0.351225,2.09935,2.83675,1.47833,3.80714,0.42336,0.0018483,0.21168,0.0018483,0.21168,460.486,0,1.02816,0,0,1.37938,0.351225,1.028160,1,0,16.1542,0,0,0,16.1542,0
46.5871,2.96215,0,0,0.940887,0.0986228,0.36288,3.6288,58.635,0.66528,0,0,0.62006,0.30061,0,0.66528,12.849,1,0.775642,0.36288,0,18.6511,6.03519,12.2031,0.84672,12.849,0.84672,3695.15,0,0.0036966,0.0018483,0.389647,2.09948,3.04042,1.47833,4.04937,0.42336,0.0018483,0.21168,0.0018483,0.21168,460.486,0,1.02816,0,0,1.41781,0.389647,1.028160,1,0,16.2525,0,0,0,16.2525,0
44.6881,2.92992,0,0,1.50581,0.112065,0.36288,3.6288,58.436,0.66528,0,0,0.762039,0.295724,0,0.66528,12.849,1,0.808089,0.36288,0,30.9851,5.91645,24.6235,0.84672,12.849,0.84672,3695.15,0,0.0036966,0.0018483,0.694328,2.0996,3.31435,1.46377,4.64266,0.42336,0.0018483,0.21168,0.0018483,0.21168,460.486,0,1.02816,0,0,1.72249,0.694328,1.028160,1,0,29.2661,0,0,0,29.2661,0
42.8934,2.90342,0,0,1.56279,0.0911504,0.36288,3.6288,58.1773,0.66528,0,0,0.730352,0.323723,0,0.66528,12.849,1,0.83481,0.36288,0,26.0995,6.53008,19.0975,0.84672,12.849,0.84672,3695.15,0,0.0036966,0.0018483,0.365921,2.09973,4.35297,1.58503,5.23174,0.42336,0.0018483,0.21168,0.0018483,0.21168,460.486,0,1.02816,0,0,1.39408,0.365921,1.028160,1,0,24.3293,0,0,0,24.3293,0
40.8087,2.78894,0,0,1.19246,0.12531,0.36288,3.6288,57.6063,0.802319,0,0,0.527718,0.296474,0,0.66528,12.849,1,0.835445,0.36288,0,21.2484,6.42641,14.3495,0.84672,12.849,0.84672,3695.15,0,0.0036966,0.0018483,0.204422,2.09985,3.38638,1.52484,4.16396,0.42336,0.0018483,0.21168,0.0018483,0.21168,460.486,0,0.891121,0,0,1.09554,0.204422,1.028160,1,0,18.5134,0,0,0,18.5134,0
39.1353,2.77788,0,0,1.59695,0.129659,0.36288,3.6288,57.3013,0.66528,0,0,0.649001,0.288643,0,0.66528,12.849,1,0.84672,0.36288,0,28.195,6.37119,21.34,0.84672,12.849,0.84672,3695.15,0,0.0036966,0.0018483,0.422202,2.01127,4.16222,1.50588,5.08797,0.42336,0.0018483,0.21168,0.0018483,0.21168,460.486,0,1.02816,0,0,1.45036,0.422202,1.028160,1,0,26.4279,0,0,0,26.4279,0
37.8786,2.77809,0,0,2.01146,0.127135,0.36288,3.6288,57.321,0.66528,0,0,0.97302,0.288073,0,0.66528,12.849,1,0.84672,0.36288,0,57.3864,6.37119,50.5314,0.84672,12.849,0.84672,3695.15,0,0.0036966,0.0018483,1.14791,2.01139,5.74913,1.50588,7.40071,0.42336,0.0018483,0.21168,0.0018483,0.21168,460.486,0,1.02816,0,0,2.17607,1.14791,1.028160,1,0,57.9321,0,0,0,57.9321,0
36.6609,2.7783,0,0,2.09531,0.171841,0.36288,3.6288,57.0489,0.66528,0,0,0.659553,0.266419,0,0.66528,12.849,1,0.84672,0.36288,0,48.7135,5.68302,42.5467,0.84672,12.849,0.84672,3695.15,0,0.0036966,0.0018483,0.422047,2.01151,4.55772,1.40717,5.58227,0.42336,0.0018483,0.21168,0.0018483,0.21168,460.486,0,1.02816,0,0,1.45021,0.422047,1.028160,1,0,48.1289,0,0,0,48.1289,0
35.5806,2.81017,0,0,2.28835,0.195586,0.36288,3.6288,56.62,0.66528,0,0,0.48688,0.250447,0,0.66528,12.849,1,0.84672,0.36288,0,45.8961,4.05363,41.3586,0.84672,12.849,0.84672,3695.15,0,0.0036966,0.0018483,0.286278,2.01163,3.73979,1.11952,4.91633,0.42336,0.0018483,0.21168,0.0018483,0.21168,460.486,0,1.02816,0,0,1.31444,0.286278,1.028160,1,0,46.275,0,0,0,46.275,0
37.1845,2.81039,0,0,4.97022,0.193073,0.36288,3.6288,57.2053,0.66528,0,0,1.50033,0.249749,0,0.66528,12.849,1,0.84672,0.36288,0,92.0255,4.05363,87.488,0.84672,12.849,0.84672,3695.15,0,0.0036966,0.0018483,2.85581,2.00149,7.82585,1.11952,11.5618,0.42336,0.0018483,0.21168,0.0018483,0.21168,460.486,0,1.02816,0,0,3.88397,2.85581,1.028160,1,0,99.0498,0,0,0,99.0498,0
36.7746,2.81061,0,0,2.96043,0.196803,0.36288,3.6288,57.0101,0.66528,0,0,0.720751,0.250701,0,0.66528,12.849,1,0.84672,0.36288,0,57.2251,4.05363,52.6877,0.84672,12.849,0.84672,3695.15,0,0.0036966,0.0018483,0.773202,2.00161,4.23684,1.11952,5.89028,0.42336,0.0018483,0.21168,0.0018483,0.21168,460.486,0,1.02816,0,0,1.80136,0.773202,1.028160,1,0,58.578,0,0,0,58.578,0
38.7819,2.81083,0,0,5.38076,0.199835,0.36288,3.6288,57.2256,0.66528,0,0,1.13746,0.25665,0,0.66528,12.849,1,0.84672,0.36288,0,105.142,4.19138,100.467,0.84672,12.849,0.84672,3695.15,0,0.0036966,0.0018483,1.25222,2.00173,7.21334,1.15837,9.30707,0.42336,0.0018483,0.21168,0.0018483,0.21168,460.486,0,1.02816,0,0,2.28038,1.25222,1.028160,1,0,109.774,0,0,0,109.774,0
39.1734,2.54058,0,0,3.4972,0.202193,0.36288,3.6288,57.224,0.50462,0,0,0.760294,0.25731,0,0.66528,12.849,1,0.84173,0.36288,0,82.4567,4.81713,77.1607,0.84672,12.849,0.84672,3695.15,0,0.0036966,1.62985e-05,1.13349,2.00185,3.32501,1.1305,5.32983,0.42336,0.0018483,0.21168,0.0018483,0.21168,460.486,0,1.02816,0,0,2.16165,1.13349,1.028160,1,0,82.4906,0,0,0,82.4906,0
40.4648,2.54589,0,0,4.42219,0.221996,0.36288,3.6288,57.3048,0.506267,0,0,0.792711,0.205633,0,0.66528,12.849,1,0.835061,0.36288,0,98.299,4.47402,93.3528,0.84672,12.849,0.84672,3695.15,0,0.0036966,1.63521e-05,1.50188,1.81811,4.87545,1.10266,7.09276,0.42336,0.0018483,0.21168,0.0018483,0.21168,460.486,0,1.02816,0,0,2.53004,1.50188,1.028160,1,0,100.446,0,0,0,100.446,0
41.6308,2.56635,0,0,4.32882,0.233637,0.36288,3.6288,57.549,0.506267,0,0,0.926071,0.175543,0,0.66528,12.849,1,0.814905,0.36288,0,121.966,4.3428,117.171,0.84672,12.849,0.84672,3695.15,0,0.0036966,1.63291e-05,1.64398,1.81912,5.92494,1.0764,8.31163,0.42336,0.0018483,0.21168,0.0018483,0.21168,460.486,0,1.02816,0,0,2.67214,1.64398,1.028160,1,0,125.483,0,0,0,125.483,0
46.3005,2.58401,0,0,7.85348,0.236876,0.36288,3.6288,59.1113,0.506268,0,0,2.24433,0.175821,0,0.66528,12.849,1,0.797534,0.36288,0,169.662,4.3428,164.885,0.84672,12.849,0.84672,3695.15,0,0.0036966,1.62598e-05,4.79478,1.81918,10.9267,1.0764,16.4642,0.42336,0.0018483,0.21168,0.0018483,0.21168,460.486,0,1.02816,0,0,5.82294,4.79478,1.028160,1,0,181.349,0,0,0,181.349,0
48.1798,2.64721,0,0,5.10821,0.218799,0.36288,3.6288,59.7868,0.506268,0,0,1.37961,0.197839,0,0.66528,12.849,1,0.734637,0.36288,0,123.646,4.42674,118.848,0.84672,12.849,0.84672,3695.15,0,0.0036966,1.58301e-05,3.98507,1.81923,9.12686,1.05932,13.8718,0.42336,0.0018483,0.21168,0.0018483,0.21168,460.486,0,1.02816,0,0,5.01323,3.98507,1.028160,1,0,132.72,0,0,0,132.72,0
49.6821,2.75373,0,0,4.81853,0.199597,0.36288,3.6288,60.8146,0.555836,0,0,1.79755,0.21394,0,0.66528,12.849,1,0.734389,0.36288,0,155.908,4.48969,151.047,0.84672,12.849,0.84672,3695.15,0,0.0036966,1.71836e-05,4.31418,1.81929,11.3759,1.04651,16.4629,0.42336,0.0018483,0.21168,0.0018483,0.21168,460.486,0,1.02816,0,0,5.34234,4.31418,1.028160,1,0,167.51,0,0,0,167.51,0
50.2089,2.77247,0,0,3.86501,0.202859,0.36288,3.6288,61.2896,0.554729,0,0,1.24508,0.215344,0,0.66528,12.849,1,0.717027,0.36288,0,104.876,4.48969,100.032,0.84672,12.849,0.84672,3695.15,0,0.0036966,1.68595e-05,3.70497,1.8775,7.47256,1.04651,12.0085,0.42336,0.0018483,0.21168,0.0018483,0.21168,460.486,0,1.02816,0,0,4.73313,3.70497,1.028160,1,0,112.04,0,0,0,112.04,0
50.2809,2.7786,0,0,3.41928,0.205858,0.36288,3.6288,61.308,0.554811,0,0,1.10268,0.199371,0.330066,0.66528,12.849,1,0.711074,0.36288,0,91.6402,4.23166,87.0603,0.84672,12.849,0.84672,3695.15,0,0.0036966,1.67313e-05,3.05452,1.8769,6.7551,0.977567,10.7089,0.42336,0.0018483,0.21168,0.0018483,0.21168,460.486,0,1.02816,0,0,4.08268,3.05452,1.028160,1,0,98.0993,0,0,0,98.0993,0
50.858,2.77955,0,0,3.92755,0.208031,0.36288,3.6288,61.308,0.554892,0,0,1.20181,0.182445,0.46447,0.66528,12.849,1,0.7103,0.36288,0,92.6528,3.90363,88.4017,0.84672,12.849,0.84672,3695.15,0,0.0036966,1.67288e-05,3.94654,1.877,7.36839,0.908062,12.2838,0.42336,0.0018483,0.21168,0.0018483,0.21168,460.486,0,1.02816,0,0,4.9747,3.94654,1.028160,1,0,101.15,0,0,0,101.15,0
51.4186,2.9531,0,0,4.08308,0.206444,0.36288,3.6288,61.308,0.66528,0,0,1.40197,0.213736,0.522956,0.66528,12.849,1,0.746087,0.36288,0,84.2383,3.99966,79.8554,0.84672,12.849,0.84672,3695.15,0,0.0036966,0.0018483,3.28765,1.8771,9.05791,1.0426,13.1782,0.42336,0.0018483,0.21168,0.0018483,0.21168,460.486,0,1.02816,0,0,4.31581,3.28765,1.028160,1,0,93.5566,0,0,0,93.5566,0
52.0164,2.95977,0,0,4.12809,0.207657,0.36288,3.6288,61.308,0.66528,0,0,1.30249,0.213736,0.423473,0.66528,12.849,1,0.739616,0.36288,0,82.2001,3.99966,77.8237,0.84672,12.849,0.84672,3695.15,0,0.0036966,0.0018483,3.77946,2.01337,6.34803,1.0426,11.0964,0.42336,0.0018483,0.21168,0.0018483,0.21168,460.486,0,1.02816,0,0,4.80762,3.77946,1.028160,1,0,89.3436,0,0,0,89.3436,0
51.3213,2.96674,0,0,2.8435,0.20895,0.36288,3.6288,61.2534,0.66528,0,0,0.824378,0.213736,0,0.66528,12.849,1,0.732838,0.36288,0,56.6103,3.99966,52.2407,0.84672,12.849,0.84672,3695.15,0,0.0036966,0.0018483,2.38548,2.01347,6.03103,1.0426,9.38553,0.42336,0.0018483,0.21168,0.0018483,0.21168,460.486,0,1.02816,0,0,3.41364,2.38548,1.028160,1,0,61.6262,0,0,0,61.6262,0
50.447,2.95895,0,0,2.63107,0.183535,0.36288,3.6288,61.0837,0.66528,0,0,0.713996,0.218388,0,0.66528,12.849,1,0.740814,0.36288,0,55.2904,3.94209,50.9704,0.84672,12.849,0.84672,3695.15,0,0.0036966,0.0018483,1.82527,2.01357,6.21382,1.05846,8.99235,0.42336,0.0018483,0.21168,0.0018483,0.21168,460.486,0,1.02816,0,0,2.85343,1.82527,1.028160,1,0,59.9627,0,0,0,59.9627,0
50.1221,2.66645,0,0,2.93626,0.231899,0.36288,3.6288,61.308,0.491625,0,0,1.28926,0.179647,0.393678,0.66528,12.849,1,0.679152,0.36288,0,49.8172,3.16407,46.3369,0.84672,12.849,0.84672,3695.15,0,0.0036966,1.48758e-05,1.37275,2.01368,7.53788,0.692622,10.2317,0.42336,0.0018483,0.21168,0.0018483,0.21168,460.486,0,1.02816,0,0,2.40091,1.37275,1.028160,1,0,56.9622,0,0,0,56.9622,0
51.1387,2.6515,0,0,4.26211,0.231105,0.36288,3.6288,61.308,0.506255,0,0,1.61163,0.179902,0.925471,0.66528,12.849,1,0.679722,0.36288,0,86.2576,3.16407,82.7767,0.84672,12.849,0.84672,3695.15,0,0.0036966,1.52625e-05,1.69132,1.80118,9.25128,0.692622,12.0511,0.42336,0.0018483,0.21168,0.0018483,0.21168,460.486,0,1.02816,0,0,2.71948,1.69132,1.028160,1,0,95.7533,0,0,0,95.7533,0
53.3352,2.6625,0,0,5.45551,0.233587,0.36288,3.6288,61.308,0.506255,0,0,1.43775,0.179902,0.751591,0.66528,12.849,1,0.668974,0.36288,0,92.6415,3.16407,89.1714,0.84672,12.849,0.84672,3695.15,0,0.0036966,1.52625e-05,1.81224,1.80979,10.6421,0.692622,13.5715,0.42336,0.0018483,0.21168,0.0018483,0.21168,460.486,0,1.02816,0,0,2.8404,1.81224,1.028160,1,0,103.494,0,0,0,103.494,0
54.2227,2.6849,0,0,4.16635,0.231098,0.36288,3.6288,61.308,0.506255,0,0,1.52884,0.229878,0.792706,0.66528,12.849,1,0.646821,0.36288,0,76.6109,4.27476,72.0522,0.84672,12.849,0.84672,3695.15,0,0.0036966,1.52625e-05,1.73977,1.80984,10.2547,0.995375,12.8089,0.42336,0.0018483,0.21168,0.0018483,0.21168,460.486,0,1.02816,0,0,2.76793,1.73977,1.028160,1,0,85.6538,0,0,0,85.6538,0
56.0845,2.69367,0,0,5.17566,0.257329,0.36288,3.6288,61.308,0.506255,0,0,1.86625,0.199245,1.16075,0.66528,12.849,1,0.63831,0.36288,0,96.5442,3.76248,92.5063,0.84672,12.849,0.84672,3695.15,0,0.0036966,1.52625e-05,2.01322,1.80988,11.1819,0.898114,14.1069,0.42336,0.0018483,0.21168,0.0018483,0.21168,460.486,0,1.02816,0,0,3.04138,2.01322,1.028160,1,0,107.774,0,0,0,107.774,0
56.7834,2.82218,0,0,4.14928,0.265323,0.36288,3.6288,61.308,0.553155,0,0,1.56418,0.181798,0.829224,0.66528,12.849,1,0.646563,0.36288,0,65.9267,3.56685,62.0761,0.84672,12.849,0.84672,3695.15,0,0.0036966,1.66764e-05,1.46311,1.80993,10.1109,0.855208,12.5287,0.42336,0.0018483,0.21168,0.0018483,0.21168,460.486,0,1.02816,0,0,2.49127,1.46311,1.028160,1,0,75.434,0,0,0,75.434,0
57.646,2.82881,0,0,4.32149,0.267165,0.36288,3.6288,61.308,0.553236,0,0,1.51807,0.181798,0.783031,0.66528,12.849,1,0.640107,0.36288,0,86.0622,3.56685,82.2181,0.84672,12.849,0.84672,3695.15,0,0.0036966,1.66788e-05,1.40509,1.8718,9.63999,0.855208,12.0617,0.42336,0.0018483,0.21168,0.0018483,0.21168,460.486,0,1.02816,0,0,2.43325,1.40509,1.028160,1,0,95.0628,0,0,0,95.0628,0
57.6825,2.83679,0,0,3.50558,0.269439,0.36288,3.6288,61.308,0.553317,0,0,1.22018,0.181798,0.48506,0.66528,12.849,1,0.632307,0.36288,0,57.9239,3.56685,54.0877,0.84672,12.849,0.84672,3695.15,0,0.0036966,1.66813e-05,1.52384,1.87189,7.75535,0.855208,10.2959,0.42336,0.0018483,0.21168,0.0018483,0.21168,460.486,0,1.02816,0,0,2.552,1.52384,1.028160,1,0,64.8686,0,0,0,64.8686,0
57.6549,2.83727,0,0,3.44009,0.267584,0.36288,3.6288,61.308,0.553399,0,0,1.09451,0.200292,0.340815,0.66528,12.849,1,0.632012,0.36288,0,56.6909,4.07139,52.3504,0.84672,12.849,0.84672,3695.15,0,0.0036966,1.66837e-05,1.66907,1.87199,7.12463,0.959538,9.70613,0.42336,0.0018483,0.21168,0.0018483,0.21168,460.486,0,1.02816,0,0,2.69723,1.66907,1.028160,1,0,62.3974,0,0,0,62.3974,0
57.1232,2.79806,0,0,2.88391,0.254665,0.36288,3.6288,61.308,0.529729,0,0,1.01713,0.246654,0.240743,0.66528,12.849,1,0.623578,0.36288,0,54.4291,5.26443,48.9039,0.84672,12.849,0.84672,3695.15,0,0.0036966,1.59702e-05,1.53921,1.87209,7.16835,1.15497,9.42465,0.42336,0.0018483,0.21168,0.0018483,0.21168,460.486,0,1.02816,0,0,2.56737,1.53921,1.028160,1,0,58.5693,0,0,0,58.5693,0
56.4159,2.79347,0,0,2.64423,0.19518,0.36288,3.6288,61.308,0.52981,0,0,1.09619,0.22628,0.340102,0.66528,12.849,1,0.628348,0.36288,0,51.4045,4.18047,46.9585,0.84672,12.849,0.84672,3695.15,0,0.0036966,1.59726e-05,1.26203,1.84487,6.74948,1.03024,8.82612,0.42336,0.0018483,0.21168,0.0018483,0.21168,460.486,0,1.02816,0,0,2.29019,1.26203,1.028160,1,0,56.1247,0,0,0,56.1247,0
55.5259,2.78719,0,0,2.45392,0.193823,0.36288,3.6288,61.308,0.52989,0,0,1.05822,0.22628,0.302049,0.66528,12.849,1,0.634797,0.36288,0,44.0002,4.18047,39.5478,0.84672,12.849,0.84672,3695.15,0,0.0036966,1.5975e-05,1.08458,1.84496,6.18621,1.03024,8.08549,0.42336,0.0018483,0.21168,0.0018483,0.21168,460.486,0,1.02816,0,0,2.11274,1.08458,1.028160,1,0,47.9354,0,0,0,47.9354,0
54.559,2.77907,0,0,2.3672,0.192114,0.36288,3.6288,61.308,0.52997,0,0,0.980709,0.22628,0.224459,0.66528,12.849,1,0.643093,0.36288,0,40.6269,4.18047,36.1662,0.84672,12.849,0.84672,3695.15,0,0.0036966,1.59774e-05,0.916419,1.84506,6.14764,1.03024,7.87887,0.42336,0.0018483,0.21168,0.0018483,0.21168,460.486,0,1.02816,0,0,1.94458,0.916419,1.028160,1,0,44.2696,0,0,0,44.2696,0
53.2363,2.90139,0,0,2.09234,0.150815,0.36288,3.6288,61.308,0.614294,0,0,0.860786,0.23478,0.0117127,0.66528,12.849,1,0.683296,0.36288,0,39.07,4.79378,33.9558,0.84672,12.849,0.84672,3695.15,0,0.0036966,1.85196e-05,1.02088,1.84515,4.46277,0.998639,6.33014,0.42336,0.0018483,0.21168,0.0018483,0.21168,460.486,0,1.02816,0,0,2.04904,1.02088,1.028160,1,0,40.2977,0,0,0,40.2977,0
51.8654,2.88786,0,0,2.02866,0.148802,0.36288,3.6288,61.246,0.614378,0,0,0.787199,0.23478,0,0.66528,12.849,1,0.697008,0.36288,0,35.9183,4.79378,30.7904,0.84672,12.849,0.84672,3695.15,0,0.0036966,1.85221e-05,0.794059,1.94076,4.15087,0.998639,5.88704,0.42336,0.0018483,0.21168,0.0018483,0.21168,460.486,0,1.02816,0,0,1.82222,0.794059,1.028160,1,0,36.6774,0,0,0,36.6774,0
50.3121,2.87324,0,0,1.80546,0.122649,0.36288,3.6288,61.1252,0.614462,0,0,0.747187,0.253567,0,0.66528,12.849,1,0.711809,0.36288,0,31.7758,5.00797,26.4189,0.84672,12.849,0.84672,3695.15,0,0.0036966,1.85434e-05,0.71744,1.94086,4.03793,1.05337,5.64285,0.42336,0.0018483,0.21168,0.0018483,0.21168,460.486,0,1.02816,0,0,1.7456,0.71744,1.028160,1,0,32.0617,0,0,0,32.0617,0
48.6998,2.85588,0,0,1.70936,0.102913,0.36288,3.6288,60.9592,0.614547,0,0,0.71604,0.267522,0,0.66528,12.849,1,0.729352,0.36288,0,30.2775,5.16863,24.7424,0.84672,12.849,0.84672,3695.15,0,0.0036966,1.85826e-05,0.614347,1.94096,3.99336,1.09441,5.45424,0.42336,0.0018483,0.21168,0.0018483,0.21168,460.486,0,1.02816,0,0,1.64251,0.614347,1.028160,1,0,30.1966,0,0,0,30.1966,0
46.8983,2.83692,0,0,1.49167,0.0933773,0.36288,3.6288,60.6979,0.614631,0,0,0.627529,0.274173,0,0.66528,12.849,1,0.748495,0.36288,0,28.1637,5.21858,22.5595,0.84672,12.849,0.84672,3695.15,0,0.0036966,1.86358e-05,0.567743,1.94106,3.32613,1.15873,4.67619,0.42336,0.0018483,0.21168,0.0018483,0.21168,460.486,0,1.02816,0,0,1.5959,0.567743,1.028160,1,0,27.2357,0,0,0,27.2357,0
45.0088,2.78928,0,0,1.35116,0.0885049,0.36288,3.6288,60.3199,0.661029,0,0,0.559532,0.276487,0,0.66528,12.849,1,0.764197,0.36288,0,27.2084,5.23856,21.5685,0.84672,12.849,0.84672,3695.15,0,0.0036966,2.01289e-05,0.466811,1.94116,3.07975,1.18446,4.30325,0.42336,0.0018483,0.21168,0.0018483,0.21168,460.486,0,1.02816,0,0,1.49497,0.466811,1.028160,1,0,25.8718,0,0,0,25.8718,0
43.0251,2.76447,0,0,1.23034,0.0866579,0.36288,3.6288,59.9368,0.661116,0,0,0.553875,0.275824,0,0.66528,12.849,1,0.789194,0.36288,0,26.998,5.23856,21.3331,0.84672,12.849,0.84672,3695.15,0,0.0036966,2.02577e-05,0.468945,1.97103,2.96411,1.18446,4.2196,0.42336,0.0018483,0.21168,0.0018483,0.21168,460.486,0,1.02816,0,0,1.4971,0.468945,1.028160,1,0,25.5527,0,0,0,25.5527,0
40.9541,2.73659,0,0,1.11316,0.0847188,0.36288,3.6288,59.5145,0.661203,0,0,0.514017,0.275152,0,0.66528,12.849,1,0.817253,0.36288,0,24.2444,5.23856,18.5515,0.84672,12.849,0.84672,3695.15,0,0.0036966,2.03898e-05,0.283228,1.97113,2.84285,1.18446,3.91273,0.42336,0.0018483,0.21168,0.0018483,0.21168,460.486,0,1.02816,0,0,1.31139,0.283228,1.028160,1,0,22.4642,0,0,0,22.4642,0
38.7788,2.7073,0,0,0.954642,0.0597609,0.36288,3.6288,58.8415,0.781935,0,0,0.440961,0.332069,0,0.66528,12.849,1,0.84672,0.36288,0,20.5514,6.00164,14.066,0.84672,12.849,0.84672,3695.15,0,0.0036966,2.4284e-05,0.261274,1.97123,2.465,1.48057,3.21691,0.42336,0.0018483,0.21168,0.0018483,0.21168,460.486,0,0.907511,0,0,1.16878,0.261274,1.028160,1,0,17.2829,0,0,0,17.2829,0
36.5283,2.66579,0,0,0.828654,0.0504809,0.36288,3.6288,57.9046,1.02487,0,0,0.410975,0.322992,0,0.66528,12.849,1,0.84672,0.36288,0,20.5071,5.93323,14.0901,0.84672,12.849,0.84672,3695.15,0,0.0036966,3.21926e-05,0.261274,1.97133,2.05184,1.49955,2.78487,0.42336,0.0018483,0.21168,0.0018483,0.21168,460.486,0,0.646635,0,0,0.907908,0.261274,1.028160,1,0,16.8749,0,0,0,16.8749,0
34.2218,2.66596,0,0,0.771552,0.0491631,0.36288,3.6288,56.9886,0.951462,0,0,0.356546,0.321048,0,0.66528,12.849,1,0.84672,0.36288,0,17.3637,5.93323,10.9466,0.84672,12.849,0.84672,3695.15,0,0.0036966,3.03704e-05,0.261274,1.94969,2.07076,1.49955,2.78215,0.42336,0.0018483,0.21168,0.0018483,0.21168,460.486,0,0.720127,0,0,0.9814,0.261274,1.028160,1,0,13.7288,0,0,0,13.7288,0
31.8584,2.66613,0,0,0.713362,0.0478126,0.36288,3.6288,55.963,1.03711,0,0,0.330646,0.319149,0,0.66528,12.849,1,0.84672,0.36288,0,16.6505,5.93323,10.2334,0.84672,12.849,0.84672,3695.15,0,0.0036966,3.36362e-05,0.227405,1.94979,1.80051,1.49955,2.47812,0.42336,0.0018483,0.21168,0.0018483,0.21168,460.486,0,0.634565,0,0,0.86197,0.227405,1.028160,1,0,12.7115,0,0,0,12.7115,0
29.5152,2.6663,0,0,0.729199,0.0431746,0.36288,3.6288,55.0898,0.920884,0,0,0.367195,0.319524,0,0.66528,12.849,1,0.84672,0.36288,0,15.8363,6.00801,9.34449,0.84672,12.849,0.84672,3695.15,0,0.0036966,3.04142e-05,0.227405,1.94989,2.22709,1.51449,2.88987,0.42336,0.0018483,0.21168,0.0018483,0.21168,460.486,0,0.750876,0,0,0.978281,0.227405,1.028160,1,0,12.2344,0,0,0,12.2344,0
26.8894,2.9011,0,0,0.680041,0.0418926,0.36288,3.6288,54.0202,1.10376,0,0,0.290382,0.256266,0,0.66528,12.849,1,0.84672,0.36288,0,15.164,5.31348,9.36666,0.84672,12.849,0.84672,3695.15,0,0.0036966,0.0018483,0.227405,1.95,2.5039,1.33195,3.3475,0.42336,0.0018483,0.21168,0.0018483,0.21168,460.486,0,0.58968,0,0,0.817085,0.227405,1.028160,1,0,12.7142,0,0,0,12.7142,0
24.2267,2.90128,0,0,0.644938,0.0434573,0.36288,3.6288,52.8926,1.16422,0,0,0.278484,0.241825,0,0.66528,12.849,1,0.84672,0.36288,0,13.8833,5.12295,8.27648,0.84672,12.849,0.84672,3695.15,0,0.0036966,0.0018483,0.227405,2.10528,1.87809,1.28659,2.92234,0.42336,0.0018483,0.21168,0.0018483,0.21168,460.486,0,0.529217,0,0,0.756622,0.227405,1.028160,1,0,11.1988,0,0,0,11.1988,0
21.4036,2.90145,0,0,0.490552,0.0493425,0.36288,3.6288,51.6911,1.20142,0,0,0.239832,0.239913,0,0.66528,12.849,1,0.84672,0.36288,0,13.4597,5.17845,7.79745,0.84672,12.849,0.84672,3695.15,0,0.0036966,0.0018483,0.204422,2.10538,1.59326,1.27572,2.6255,0.42336,0.0018483,0.21168,0.0018483,0.21168,460.486,0,0.492022,0,0,0.696444,0.204422,1.028160,1,0,10.4229,0,0,0,10.4229,0
18.6355,2.90161,0,0,0.546743,0.0503373,0.36288,3.6288,50.5108,1.20167,0,0,0.259025,0.237681,0,0.66528,12.849,1,0.84672,0.36288,0,11.9402,5.20065,6.25573,0.84672,12.849,0.84672,3695.15,0,0.0036966,0.0018483,0.204422,2.10549,1.62885,1.27137,2.66554,0.42336,0.0018483,0.21168,0.0018483,0.21168,460.486,0,0.491772,0,0,0.696194,0.204422,1.028160,1,0,8.92127,0,0,0,8.92127,0
15.9677,2.90177,0,0,0.648084,0.0512062,0.36288,3.6288,50.0221,0.66528,0,0,0.40234,0.225772,0,0.66528,12.849,1,0.84672,0.36288,0,16.3385,5.24998,10.6047,0.84672,12.849,0.84672,3695.15,0,0.0036966,0.0018483,0.421684,2.1056,2.05422,1.28482,3.29484,0.42336,0.0018483,0.21168,0.0018483,0.21168,460.486,0,1.02816,0,0,1.44984,0.421684,1.028160,1,0,13.8995,0,0,0,13.8995,0
13.4008,2.78754,0,0,0.656282,0.0727392,0.36288,3.6288,49.1291,0.966203,0,0,0.273384,0.200125,0,0.66528,12.849,1,0.84672,0.36288,0,16.503,4.33602,11.6831,0.84672,12.849,0.84672,3695.15,0,0.0036966,0.0018483,0.204422,2.10571,1.95078,1.03013,3.22894,0.42336,0.0018483,0.21168,0.0018483,0.21168,460.486,0,0.727237,0,0,0.93166,0.204422,1.028160,1,0,14.9121,0,0,0,14.9121,0
10.9354,2.78766,0,0,0.759128,0.0740095,0.36288,3.6288,48.7572,0.66528,0,0,0.490041,0.196693,0,0.66528,12.849,1,0.84672,0.36288,0,19.0161,4.27665,14.2556,0.84672,12.849,0.84672,3695.15,0,0.0036966,0.0018483,0.51313,2.01687,2.82185,1.02285,4.32715,0.42336,0.0018483,0.21168,0.0018483,0.21168,460.486,0,1.02816,0,0,1.54129,0.51313,1.028160,1,0,18.5828,0,0,0,18.5828,0
8.44607,2.78776,0,0,0.731333,0.0700305,0.36288,3.6288,48.3458,0.66528,0,0,0.45002,0.196089,0,0.66528,12.849,1,0.84672,0.36288,0,18.238,4.27665,13.4775,0.84672,12.849,0.84672,3695.15,0,0.0036966,0.0018483,0.469333,2.01697,2.42042,1.02285,3.88202,0.42336,0.0018483,0.21168,0.0018483,0.21168,460.486,0,1.02816,0,0,1.49749,0.469333,1.028160,1,0,17.3595,0,0,0,17.3595,0
5.94475,2.78781,0,0,0.719418,0.0700461,0.36288,3.6288,47.9611,0.66528,0,0,0.480021,0.199422,0,0.66528,12.849,1,0.84672,0.36288,0,17.1468,4.28441,12.3785,0.84672,12.849,0.84672,3695.15,0,0.0036966,0.0018483,0.611574,2.01707,2.54964,1.03998,4.13646,0.42336,0.0018483,0.21168,0.0018483,0.21168,460.486,0,1.02816,0,0,1.63973,0.611574,1.028160,1,0,16.515,0,0,0,16.515,0
3.45763,2.81948,0,0,0.785246,0.0900071,0.36288,3.6288,46.8644,1.15121,0,0,0.277127,0.222716,0,0.66528,12.849,1,0.84672,0.36288,0,14.5728,4.33094,9.75805,0.84672,12.849,0.84672,3695.15,0,0.0036966,0.0018483,0.216518,2.01718,2.32043,1.14278,3.4095,0.42336,0.0018483,0.21168,0.0018483,0.21168,460.486,0,0.542229,0,0,0.758748,0.216518,1.028160,1,0,13.1676,0,0,0,13.1676,0
0.86046,2.81904,0,0,0.667302,0.0825576,0.36288,3.6288,45.9749,0.979798,0,0,0.311019,0.220679,0,0.66528,12.849,1,0.84672,0.36288,0,11.9126,4.33094,7.0978,0.84672,12.849,0.84672,3695.15,0,0.0036966,0.0018483,0.216518,2.00698,2.57912,1.14278,3.65799,0.42336,0.0018483,0.21168,0.0018483,0.21168,460.486,0,0.713642,0,0,0.930161,0.216518,1.028160,1,0,10.7558,0,0,0,10.7558,0
1.61798,0.86046,0,0,2.05534,0.0744743,0.36288,3.6288,46.086,0.66528,0,0,0.995299,0.218896,0,0.66528,12.849,1,0.84672,0.36288,0,41.2726,4.33094,36.4578,0.84672,12.849,0.84672,3695.15,0,0.0036966,0.0018483,1.94661,2.00709,6.13285,1.14278,8.94192,0.42336,0.0018483,0.21168,0.0018483,0.21168,460.486,0,1.02816,0,0,2.97477,1.94661,1.028160,1,0,45.3997,0,0,0,45.3997,0
1.23583,1.61798,0,0,1.68756,0.0888469,0.36288,3.6288,46.0492,0.687508,0,0,0.848798,0.198126,0,0.66528,12.849,1,0.84672,0.36288,0,33.4782,4.00446,28.9899,0.84672,12.849,0.84672,3695.15,0,0.0036966,0.0018483,0.292723,2.00719,4.63737,1.0503,5.88514,0.42336,0.0018483,0.21168,0.0018483,0.21168,460.486,0,1.00593,0,0,1.29866,0.292723,1.028160,1,0,34.875,0,0,0,34.875,0
0.737681,1.23583,0,0,1.18638,0.0858148,0.36288,3.6288,45.7058,0.508773,0,0,0.371975,0.206564,0,0.66528,12.849,1,0.84672,0.36288,0,16.5816,3.91569,12.1821,0.84672,12.849,0.84672,3695.15,0,0.0036966,2.04209e-05,0.760087,2.00729,4.17731,0.892268,6.0524,0.42336,0.0018483,0.21168,0.0018483,0.21168,460.486,0,1.02816,0,0,1.78825,0.760087,1.028160,1,0,18.2345,0,0,0,18.2345,0
1.36317,0.737681,0,0,1.81114,0.0850965,0.36288,3.6288,45.3223,0.508852,0,0,0.31498,0.189652,0,0.66528,12.849,1,0.84672,0.36288,0,24.8992,3.98527,20.4301,0.84672,12.849,0.84672,3695.15,0,0.0036966,2.05775e-05,0.591339,1.82304,4.22503,0.960166,5.67922,0.42336,0.0018483,0.21168,0.0018483,0.21168,460.486,0,1.02816,0,0,1.6195,0.591339,1.028160,1,0,26.1093,0,0,0,26.1093,0
1.54347,1.36317,0,0,1.99368,0.0873324,0.36288,3.6288,44.5437,0.905906,0,0,0.316287,0.188976,0,0.66528,12.849,1,0.84672,0.36288,0,27.3957,3.98527,22.9266,0.84672,12.849,0.84672,3695.15,0,0.0036966,3.6944e-05,0.412474,1.82313,3.4263,0.960166,4.7017,0.42336,0.0018483,0.21168,0.0018483,0.21168,460.486,0,0.631169,0,0,1.04364,0.412474,1.028160,1,0,27.6283,0,0,0,27.6283,0
1.68915,1.54347,0,0,2.14001,0.0879769,0.36288,3.6288,44.6285,0.50901,0,0,0.781406,0.187604,0,0.66528,12.849,1,0.84672,0.36288,0,29.3808,3.98527,24.9116,0.84672,12.849,0.84672,3695.15,0,0.0036966,2.11209e-05,0.549297,1.82322,4.73336,0.960166,6.14569,0.42336,0.0018483,0.21168,0.0018483,0.21168,460.486,0,1.02816,0,0,1.57746,0.549297,1.028160,1,0,31.0573,0,0,0,31.0573,0
3.29634,1.68915,0,0,3.76178,0.102555,0.36288,3.6288,45.7333,0.509089,0,0,1.79504,0.181114,0,0.66528,12.849,1,0.84672,0.36288,0,80.1867,3.93942,75.7635,0.84672,12.849,0.84672,3695.15,0,0.0036966,2.1084e-05,1.54875,1.82332,8.15652,1.00136,10.5272,0.42336,0.0018483,0.21168,0.0018483,0.21168,460.486,0,1.02816,0,0,2.57691,1.54875,1.028160,1,0,86.2907,0,0,0,86.2907,0
6.85883,2.65053,0,0,6.70507,0.129172,0.36288,3.6288,46.5032,0.558868,0,0,1.50278,0.174048,0,0.66528,12.849,1,0.84672,0.36288,0,117.714,3.87828,113.352,0.84672,12.849,0.84672,3695.15,0,0.0036966,2.25865e-05,2.00743,1.82341,9.79646,1.05629,12.571,0.42336,0.0018483,0.21168,0.0018483,0.21168,460.486,0,1.02816,0,0,3.03559,2.00743,1.028160,1,0,125.923,0,0,0,125.923,0
9.65158,2.65145,0,0,5.95294,0.145869,0.36288,3.6288,47.0082,0.558937,0,0,1.23922,0.175293,0,0.66528,12.849,1,0.84672,0.36288,0,100.627,3.87828,96.2654,0.84672,12.849,0.84672,3695.15,0,0.0036966,2.22153e-05,1.66882,1.88182,8.91458,1.05629,11.4089,0.42336,0.0018483,0.21168,0.0018483,0.21168,460.486,0,1.02816,0,0,2.69698,1.66882,1.028160,1,0,107.674,0,0,0,107.674,0
11.4487,2.65181,0,0,4.95076,0.138983,0.36288,3.6288,47.2949,0.559005,0,0,1.0325,0.186825,0,0.66528,12.849,1,0.84672,0.36288,0,71.9099,4.32443,67.1016,0.84672,12.849,0.84672,3695.15,0,0.0036966,2.19794e-05,1.33307,1.8819,7.34003,1.17103,9.38394,0.42336,0.0018483,0.21168,0.0018483,0.21168,460.486,0,1.02816,0,0,2.36123,1.33307,1.028160,1,0,76.4855,0,0,0,76.4855,0
12.8013,2.65204,0,0,4.51269,0.145111,0.36288,3.6288,47.7622,0.559074,0,0,1.2137,0.187275,0,0.66528,12.849,1,0.84672,0.36288,0,72.7505,4.32443,67.9423,0.84672,12.849,0.84672,3695.15,0,0.0036966,2.18488e-05,1.1543,1.88198,7.37087,1.17103,9.2361,0.42336,0.0018483,0.21168,0.0018483,0.21168,460.486,0,1.02816,0,0,2.18246,1.1543,1.028160,1,0,77.1784,0,0,0,77.1784,0
14.2964,2.86192,0,0,4.89291,0.173035,0.36288,3.6288,47.9625,0.66528,0,0,1.08612,0.220496,0,0.66528,12.849,1,0.84672,0.36288,0,84.5372,4.38375,79.6696,0.84672,12.849,0.84672,3695.15,0,0.0036966,0.0018483,0.701827,1.88206,6.9175,1.21872,8.28082,0.42336,0.0018483,0.21168,0.0018483,0.21168,460.486,0,1.02816,0,0,1.72999,0.701827,1.028160,1,0,87.9504,0,0,0,87.9504,0
15.5538,2.86212,0,0,4.66111,0.178751,0.36288,3.6288,48.3889,0.66528,0,0,1.31255,0.220865,0,0.66528,12.849,1,0.84672,0.36288,0,85.7632,4.38375,80.8956,0.84672,12.849,0.84672,3695.15,0,0.0036966,0.0018483,0.858185,2.01867,6.84176,1.21872,8.49805,0.42336,0.0018483,0.21168,0.0018483,0.21168,460.486,0,1.02816,0,0,1.88635,0.858185,1.028160,1,0,89.3937,0,0,0,89.3937,0
17.9916,2.86231,0,0,5.84658,0.183559,0.36288,3.6288,49.4685,0.66528,0,0,1.96651,0.22165,0,0.66528,12.849,1,0.84672,0.36288,0,98.2411,4.38375,93.3735,0.84672,12.849,0.84672,3695.15,0,0.0036966,0.0018483,2.14124,2.01876,10.108,1.21872,13.0475,0.42336,0.0018483,0.21168,0.0018483,0.21168,460.486,0,1.02816,0,0,3.1694,2.14124,1.028160,1,0,106.421,0,0,0,106.421,0
20.7082,2.86252,0,0,6.144,0.201944,0.36288,3.6288,50.4925,0.66528,0,0,1.9037,0.214428,0,0.66528,12.849,1,0.84672,0.36288,0,106.842,4.38051,101.978,0.84672,12.849,0.84672,3695.15,0,0.0036966,0.0018483,1.77543,2.01885,10.0791,1.22964,12.6419,0.42336,0.0018483,0.21168,0.0018483,0.21168,460.486,0,1.02816,0,0,2.80359,1.77543,1.028160,1,0,114.62,0,0,0,114.62,0
21.137,2.50746,0,0,3.51014,0.211007,0.36288,3.6288,51.1025,0.495577,0,0,1.31932,0.213749,0,0.66528,12.849,1,0.84672,0.36288,0,70.6683,2.98021,67.2042,0.84672,12.849,0.84672,3695.15,0,0.0036966,1.81408e-05,1.37416,2.01893,7.53508,0.727019,10.2011,0.42336,0.0018483,0.21168,0.0018483,0.21168,460.486,0,1.02816,0,0,2.40232,1.37416,1.028160,1,0,77.4054,0,0,0,77.4054,0
22.4837,2.43954,0,0,4.36135,0.212251,0.36288,3.6288,52.0513,0.480133,0,0,1.64374,0.214814,0,0.66528,12.849,1,0.84672,0.36288,0,75.1868,2.98021,71.7228,0.84672,12.849,0.84672,3695.15,0,0.0036966,1.73657e-05,1.81293,1.80587,8.20088,0.727019,11.0926,0.42336,0.0018483,0.21168,0.0018483,0.21168,460.486,0,1.02816,0,0,2.84109,1.81293,1.028160,1,0,82.8154,0,0,0,82.8154,0
28.5555,2.49724,0,0,9.13584,0.203889,0.36288,3.6288,53.4917,0.50624,0,0,2.19956,0.252914,0,0.66528,12.849,1,0.84672,0.36288,0,75.1171,4.23091,70.4024,0.84672,12.849,0.84672,3695.15,0,0.0036966,1.79762e-05,3.37643,1.78121,19.5364,1.0426,23.6514,0.42336,0.0018483,0.21168,0.0018483,0.21168,460.486,0,1.02816,0,0,4.40459,3.37643,1.028160,1,0,94.0538,0,0,0,94.0538,0
31.0927,2.49749,0,0,5.59939,0.201912,0.36288,3.6288,54.4037,0.50624,0,0,1.65037,0.232099,0,0.66528,12.849,1,0.84672,0.36288,0,172.494,4.75825,167.252,0.84672,12.849,0.84672,3695.15,0,0.0036966,1.74921e-05,1.98845,1.81219,9.94931,1.10405,12.6459,0.42336,0.0018483,0.21168,0.0018483,0.21168,460.486,0,1.02816,0,0,3.01661,1.98845,1.028160,1,0,179.898,0,0,0,179.898,0
32.9122,2.49771,0,0,4.89221,0.212034,0.36288,3.6288,55.408,0.50624,0,0,1.68624,0.175768,0,0.66528,12.849,1,0.84672,0.36288,0,105.237,3.97189,100.781,0.84672,12.849,0.84672,3695.15,0,0.0036966,1.71989e-05,2.4365,1.81223,10.3215,0.866907,13.7033,0.42336,0.0018483,0.21168,0.0018483,0.21168,460.486,0,1.02816,0,0,3.46466,2.4365,1.028160,1,0,114.485,0,0,0,114.485,0
36.4826,2.62051,0,0,6.77527,0.221554,0.36288,3.6288,57.9328,0.567536,0,0,3.24894,0.15662,0,0.66528,12.849,1,0.84672,0.36288,0,120.742,3.41723,116.841,0.84672,12.849,0.84672,3695.15,0,0.0036966,1.89319e-05,4.14979,1.81227,13.2006,0.783859,18.3788,0.42336,0.0018483,0.21168,0.0018483,0.21168,460.486,0,1.02816,0,0,5.17795,4.14979,1.028160,1,0,135.22,0,0,0,135.22,0
38.0138,2.63101,0,0,4.75654,0.231399,0.36288,3.6288,59.1333,0.557271,0,0,1.91705,0.159217,0,0.66528,12.849,1,0.84672,0.36288,0,90.6777,3.41723,86.7766,0.84672,12.849,0.84672,3695.15,0,0.0036966,1.77793e-05,2.57877,1.88264,10.5946,0.783859,14.2722,0.42336,0.0018483,0.21168,0.0018483,0.21168,460.486,0,1.02816,0,0,3.60693,2.57877,1.028160,1,0,101.049,0,0,0,101.049,0
39.0123,2.63117,0,0,4.21533,0.222845,0.36288,3.6288,59.9378,0.557339,0,0,1.53169,0.169836,0,0.66528,12.849,1,0.84672,0.36288,0,91.9737,3.53357,87.9563,0.84672,12.849,0.84672,3695.15,0,0.0036966,1.74205e-05,2.15673,1.87667,10.3937,0.80676,13.6203,0.42336,0.0018483,0.21168,0.0018483,0.21168,460.486,0,1.02816,0,0,3.18489,2.15673,1.028160,1,0,101.577,0,0,0,101.577,0
39.8797,2.63132,0,0,4.05194,0.190349,0.36288,3.6288,61.071,0.557408,0,0,1.8682,0.177626,0,0.66528,12.849,1,0.84672,0.36288,0,75.0462,3.77027,70.7921,0.84672,12.849,0.84672,3695.15,0,0.0036966,1.71887e-05,2.5593,1.87675,9.85012,0.857816,13.4283,0.42336,0.0018483,0.21168,0.0018483,0.21168,460.486,0,1.02816,0,0,3.58746,2.5593,1.028160,1,0,84.2204,0,0,0,84.2204,0
39.8126,2.59436,0,0,3.09066,0.200482,0.36288,3.6288,61.308,0.533666,0,0,1.35245,0.147389,0.434415,0.66528,12.849,1,0.83589,0.36288,0,55.6836,3.77804,51.4325,0.84672,12.849,0.84672,3695.15,0,0.0036966,1.61513e-05,1.22827,1.87683,6.2453,0.856897,8.49349,0.42336,0.0018483,0.21168,0.0018483,0.21168,460.486,0,1.02816,0,0,2.25643,1.22827,1.028160,1,0,60.3605,0,0,0,60.3605,0
39.3922,2.59341,0,0,2.73606,0.20012,0.36288,3.6288,61.308,0.533733,0,0,1.17035,0.174643,0.461973,0.66528,12.849,1,0.83699,0.36288,0,48.9337,4.08422,44.3754,0.84672,12.849,0.84672,3695.15,0,0.0036966,1.60909e-05,1.057,1.84953,5.6415,0.883205,7.66481,0.42336,0.0018483,0.21168,0.0018483,0.21168,460.486,0,1.02816,0,0,2.08516,1.057,1.028160,1,0,52.5021,0,0,0,52.5021,0
38.8287,2.58679,0,0,2.5342,0.148098,0.36288,3.6288,61.308,0.5338,0,0,1.06648,0.207341,0.325337,0.66528,12.849,1,0.843761,0.36288,0,44.9035,4.37251,40.0502,0.84672,12.849,0.84672,3695.15,0,0.0036966,1.60929e-05,0.900781,1.84961,5.32248,0.900419,7.17244,0.42336,0.0018483,0.21168,0.0018483,0.21168,460.486,0,1.02816,0,0,1.92894,0.900781,1.028160,1,0,47.5479,0,0,0,47.5479,0
38.2108,2.58397,0,0,2.47615,0.147136,0.36288,3.6288,61.308,0.533867,0,0,1.19693,0.207341,0.455725,0.66528,12.849,1,0.84672,0.36288,0,43.5952,4.37251,38.7388,0.84672,12.849,0.84672,3695.15,0,0.0036966,1.60949e-05,1.17382,1.84969,6.3361,0.900419,8.45918,0.42336,0.0018483,0.21168,0.0018483,0.21168,460.486,0,1.02816,0,0,2.20198,1.17382,1.028160,1,0,47.6537,0,0,0,47.6537,0
37.4074,2.74687,0,0,2.44823,0.141929,0.36288,3.6288,61.308,0.618388,0,0,1.04172,0.22609,0.197238,0.66528,12.849,1,0.84672,0.36288,0,40.2501,4.98109,34.7852,0.84672,12.849,0.84672,3695.15,0,0.0036966,1.8643e-05,0.721138,1.84977,4.79903,1.01686,6.35305,0.42336,0.0018483,0.21168,0.0018483,0.21168,460.486,0,1.02816,0,0,1.7493,0.721138,1.028160,1,0,41.3355,0,0,0,41.3355,0
36.4435,2.74702,0,0,2.26873,0.122694,0.36288,3.6288,61.298,0.618459,0,0,0.822113,0.213622,0,0.66528,12.849,1,0.84672,0.36288,0,36.9092,4.62695,31.7984,0.84672,12.849,0.84672,3695.15,0,0.0036966,1.86452e-05,0.657616,1.9456,4.41377,1.03373,5.98324,0.42336,0.0018483,0.21168,0.0018483,0.21168,460.486,0,1.02816,0,0,1.68578,0.657616,1.028160,1,0,37.7817,0,0,0,37.7817,0
35.3062,2.74717,0,0,2.07246,0.0997527,0.36288,3.6288,61.2774,0.61853,0,0,0.815175,0.217257,0,0.66528,12.849,1,0.84672,0.36288,0,32.9882,4.74065,27.7637,0.84672,12.849,0.84672,3695.15,0,0.0036966,1.86503e-05,0.657202,1.94568,4.21609,0.998205,5.82075,0.42336,0.0018483,0.21168,0.0018483,0.21168,460.486,0,1.02816,0,0,1.68536,0.657202,1.028160,1,0,33.5845,0,0,0,33.5845,0
34.1289,2.74732,0,0,2.03136,0.0984001,0.36288,3.6288,61.308,0.618601,0,0,0.881643,0.217229,0.0152342,0.66528,12.849,1,0.84672,0.36288,0,31.6015,4.74065,26.377,0.84672,12.849,0.84672,3695.15,0,0.0036966,1.86587e-05,0.625398,1.94577,4.54296,0.998205,6.11591,0.42336,0.0018483,0.21168,0.0018483,0.21168,460.486,0,1.02816,0,0,1.65356,0.625398,1.028160,1,0,32.5081,0,0,0,32.5081,0
32.7824,2.74747,0,0,1.84944,0.0856379,0.36288,3.6288,61.197,0.618671,0,0,0.753235,0.245514,0,0.66528,12.849,1,0.84672,0.36288,0,30.8734,4.94068,25.4489,0.84672,12.849,0.84672,3695.15,0,0.0036966,1.86516e-05,0.523152,1.94585,3.66959,1.15536,4.98322,0.42336,0.0018483,0.21168,0.0018483,0.21168,460.486,0,1.02816,0,0,1.55131,0.523152,1.028160,1,0,30.4321,0,0,0,30.4321,0
31.3727,2.71543,0,0,1.74449,0.0758431,0.36288,3.6288,60.9577,0.665169,0,0,0.692297,0.266509,0,0.66528,12.849,1,0.84672,0.36288,0,31.3366,5.09071,25.762,0.84672,12.849,0.84672,3695.15,0,0.0036966,2.00897e-05,0.462188,1.94594,3.49576,1.27322,4.63064,0.42336,0.0018483,0.21168,0.0018483,0.21168,460.486,0,1.02816,0,0,1.49035,0.462188,1.028160,1,0,30.3927,0,0,0,30.3927,0
29.8325,2.71557,0,0,1.61268,0.0745103,0.36288,3.6288,60.6956,0.665242,0,0,0.669298,0.266105,0,0.66528,12.849,1,0.84672,0.36288,0,31.1474,5.09071,25.5728,0.84672,12.849,0.84672,3695.15,0,0.0036966,2.01708e-05,0.436968,1.97586,3.5447,1.27322,4.68428,0.42336,0.0018483,0.21168,0.0018483,0.21168,460.486,0,1.02816,0,0,1.46513,0.436968,1.028160,1,0,30.2571,0,0,0,30.2571,0
28.1449,2.71572,0,0,1.46404,0.0730106,0.36288,3.6288,60.3969,0.66528,0,0,0.632267,0.265664,0,0.66528,12.849,1,0.84672,0.36288,0,30.2217,5.09071,24.6471,0.84672,12.849,0.84672,3695.15,0,0.0036966,5.50352e-05,0.29325,1.97594,3.33197,1.27322,4.32789,0.42336,0.0018483,0.21168,0.0018483,0.21168,460.486,0,1.02816,0,0,1.32141,0.29325,1.028160,1,0,28.975,0,0,0,28.975,0
26.3476,2.71586,0,0,1.34769,0.066247,0.36288,3.6288,59.9962,0.711953,0,0,0.597473,0.286242,0,0.66528,12.849,1,0.84672,0.36288,0,26.3389,5.41644,20.4386,0.84672,12.849,0.84672,3695.15,0,0.0036966,0.000127872,0.261274,1.97603,3.18081,1.35737,4.06061,0.42336,0.0018483,0.21168,0.0018483,0.21168,460.486,0,0.981487,0,0,1.24276,0.261274,1.028160,1,0,24.4992,0,0,0,24.4992,0
24.7827,2.67422,0,0,1.52742,0.0552521,0.36288,3.6288,59.7694,0.647393,0,0,0.756074,0.335537,0,0.66528,12.849,1,0.84672,0.36288,0,31.6167,6.38274,24.7501,0.84672,12.849,0.84672,3695.15,0,0.0036966,1.99442e-05,0.473887,1.97611,3.30289,1.50159,4.25128,0.42336,0.0018483,0.21168,0.0018483,0.21168,460.486,0,1.02816,0,0,1.50205,0.473887,1.028160,1,0,29.0014,0,0,0,29.0014,0
23.1136,2.67436,0,0,1.42221,0.0540342,0.36288,3.6288,59.4428,0.647465,0,0,0.65594,0.335052,0,0.66528,12.849,1,0.84672,0.36288,0,26.7704,6.38274,19.9039,0.84672,12.849,0.84672,3695.15,0,0.0036966,2.00221e-05,0.595503,1.95441,3.33335,1.50159,4.38165,0.42336,0.0018483,0.21168,0.0018483,0.21168,460.486,0,1.02816,0,0,1.62366,0.595503,1.028160,1,0,24.2855,0,0,0,24.2855,0
21.3384,2.6745,0,0,1.31492,0.0527479,0.36288,3.6288,59.0692,0.647537,0,0,0.608281,0.334354,0,0.66528,12.849,1,0.84672,0.36288,0,25.6707,6.38274,18.8041,0.84672,12.849,0.84672,3695.15,0,0.0036966,2.01344e-05,0.397915,1.95449,2.89832,1.50159,3.74912,0.42336,0.0018483,0.21168,0.0018483,0.21168,460.486,0,1.02816,0,0,1.42608,0.397915,1.028160,1,0,22.5532,0,0,0,22.5532,0
19.5963,2.67463,0,0,1.34413,0.0486853,0.36288,3.6288,58.761,0.647609,0,0,0.67553,0.336108,0,0.66528,12.849,1,0.84672,0.36288,0,24.4153,6.45752,17.474,0.84672,12.849,0.84672,3695.15,0,0.0036966,2.0264e-05,0.590328,1.95458,3.58499,1.51653,4.61334,0.42336,0.0018483,0.21168,0.0018483,0.21168,460.486,0,1.02816,0,0,1.61849,0.590328,1.028160,1,0,22.0873,0,0,0,22.0873,0
17.666,2.90994,0,0,1.38718,0.0446969,0.36288,3.6288,58.3837,0.66528,0,0,0.608081,0.320099,0,0.66528,12.849,1,0.84672,0.36288,0,22.9788,6.21525,16.2797,0.84672,12.849,0.84672,3695.15,0,0.0036966,0.0018483,0.270432,1.95466,3.89061,1.49511,4.61874,0.42336,0.0018483,0.21168,0.0018483,0.21168,460.486,0,1.02816,0,0,1.29859,0.270432,1.028160,1,0,20.8984,0,0,0,20.8984,0
15.8452,2.91007,0,0,1.49173,0.0395369,0.36288,3.6288,58.0536,0.66528,0,0,0.658966,0.323809,0,0.66528,12.849,1,0.84672,0.36288,0,25.5184,6.20623,18.8283,0.84672,12.849,0.84672,3695.15,0,0.0036966,0.0018483,0.355268,2.11029,3.57111,1.49808,4.53674,0.42336,0.0018483,0.21168,0.0018483,0.21168,460.486,0,1.02816,0,0,1.38343,0.355268,1.028160,1,0,23.3651,0,0,0,23.3651,0
13.7306,2.9102,0,0,1.19685,0.0384204,0.36288,3.6288,57.4605,0.788124,0,0,0.518162,0.32312,0,0.66528,12.849,1,0.84672,0.36288,0,30.0151,6.20623,23.325,0.84672,12.849,0.84672,3695.15,0,0.0036966,0.0018483,0.204422,2.11039,2.9665,1.49808,3.78138,0.42336,0.0018483,0.21168,0.0018483,0.21168,460.486,0,0.905316,0,0,1.10974,0.204422,1.028160,1,0,27.1064,0,0,0,27.1064,0
11.8381,2.91031,0,0,1.41746,0.0367383,0.36288,3.6288,57.2643,0.66528,0,0,0.79095,0.321883,0,0.66528,12.849,1,0.84672,0.36288,0,25.7628,6.20623,19.0727,0.84672,12.849,0.84672,3695.15,0,0.0036966,0.0018483,0.641235,2.11048,4.0116,1.49808,5.26338,0.42336,0.0018483,0.21168,0.0018483,0.21168,460.486,0,1.02816,0,0,1.66939,0.641235,1.028160,1,0,24.3361,0,0,0,24.3361,0
10.2637,2.91041,0,0,1.7362,0.0373219,0.36288,3.6288,56.9216,0.66528,0,0,0.631971,0.309387,0,0.66528,12.849,1,0.84672,0.36288,0,33.6295,5.68563,27.46,0.84672,12.849,0.84672,3695.15,0,0.0036966,0.0018483,0.208362,2.11057,4.64746,1.50647,5.45808,0.42336,0.0018483,0.21168,0.0018483,0.21168,460.486,0,1.02816,0,0,1.23652,0.208362,1.028160,1,0,32.9181,0,0,0,32.9181,0
9.62705,2.79587,0,0,2.56077,0.0386816,0.36288,3.6288,56.7444,0.66528,0,0,0.780755,0.292618,0,0.66528,12.849,1,0.84672,0.36288,0,35.5799,4.99149,30.1045,0.84672,12.849,0.84672,3695.15,0,0.0036966,0.0018483,0.390925,2.11066,6.06144,1.51764,7.04353,0.42336,0.0018483,0.21168,0.0018483,0.21168,460.486,0,1.02816,0,0,1.41909,0.390925,1.028160,1,0,37.1481,0,0,0,37.1481,0
8.83985,2.79599,0,0,2.40972,0.0380489,0.36288,3.6288,56.5841,0.66528,0,0,0.797195,0.292281,0,0.66528,12.849,1,0.84672,0.36288,0,47.2519,4.99149,41.7766,0.84672,12.849,0.84672,3695.15,0,0.0036966,0.0018483,0.618805,2.02159,5.63676,1.51764,6.75766,0.42336,0.0018483,0.21168,0.0018483,0.21168,460.486,0,1.02816,0,0,1.64697,0.618805,1.028160,1,0,48.5342,0,0,0,48.5342,0
7.07486,2.7961,0,0,1.43117,0.0371849,0.36288,3.6288,55.8929,0.94392,0,0,0.54472,0.291976,0,0.66528,12.849,1,0.84672,0.36288,0,32.8498,4.99149,27.3745,0.84672,12.849,0.84672,3695.15,0,0.0036966,0.0018483,0.216518,2.02167,3.66412,1.51764,4.38282,0.42336,0.0018483,0.21168,0.0018483,0.21168,460.486,0,0.74952,0,0,0.966038,0.216518,1.028160,1,0,31.7573,0,0,0,31.7573,0
5.83841,2.79611,0,0,1.97631,0.0537714,0.36288,3.6288,55.5542,0.795234,0,0,0.747391,0.290892,0,0.66528,12.849,1,0.84672,0.36288,0,34.5744,4.71678,29.3738,0.84672,12.849,0.84672,3695.15,0,0.0036966,0.0018483,0.216518,2.02176,4.91815,1.46635,5.68823,0.42336,0.0018483,0.21168,0.0018483,0.21168,460.486,0,0.898206,0,0,1.11472,0.216518,1.028160,1,0,35.062,0,0,0,35.062,0
5.81654,2.82792,0,0,3.24861,0.0796803,0.36288,3.6288,54.9329,0.819988,0,0,0.419512,0.220805,0,0.66528,12.849,1,0.84672,0.36288,0,43.9804,4.38081,39.1157,0.84672,12.849,0.84672,3695.15,0,0.0036966,0.0018483,0.216518,2.02185,4.48892,1.14416,5.58128,0.42336,0.0018483,0.21168,0.0018483,0.21168,460.486,0,0.873452,0,0,1.08997,0.216518,1.028160,1,0,44.697,0,0,0,44.697,0
5.9774,2.82808,0,0,3.43145,0.0796239,0.36288,3.6288,54.8443,0.66528,0,0,0.796565,0.219905,0,0.66528,12.849,1,0.84672,0.36288,0,49.4041,4.38081,44.5395,0.84672,12.849,0.84672,3695.15,0,0.0036966,0.0018483,0.474794,2.01161,3.98066,1.14416,5.32105,0.42336,0.0018483,0.21168,0.0018483,0.21168,460.486,0,1.02816,0,0,1.50295,0.474794,1.028160,1,0,49.8605,0,0,0,49.8605,0
5.5638,2.82826,0,0,2.86403,0.0864878,0.36288,3.6288,54.519,0.72684,0,0,0.625818,0.2242,0,0.66528,12.849,1,0.84672,0.36288,0,43.5087,4.0254,38.9995,0.84672,12.849,0.84672,3695.15,0,0.0036966,0.0018483,0.292723,2.0117,5.19635,1.06857,6.43036,0.42336,0.0018483,0.21168,0.0018483,0.21168,460.486,0,0.9666,0,0,1.25932,0.292723,1.028160,1,0,45.4298,0,0,0,45.4298,0
7.88722,2.82835,0,0,5.60847,0.0938183,0.36288,3.6288,54.6512,0.66528,0,0,1.02703,0.229604,0,0.66528,12.849,1,0.84672,0.36288,0,81.121,3.55152,77.0856,0.84672,12.849,0.84672,3695.15,0,0.0036966,0.0018483,1.0027,2.01179,6.9521,0.967774,8.99696,0.42336,0.0018483,0.21168,0.0018483,0.21168,460.486,0,1.02816,0,0,2.03086,1.0027,1.028160,1,0,86.0826,0,0,0,86.0826,0
11.9799,2.552,0,0,7.12775,0.120177,0.36288,3.6288,55.4205,0.512271,0,0,1.50534,0.223791,0,0.66528,12.849,1,0.84672,0.36288,0,133.205,4.19322,128.528,0.84672,12.849,0.84672,3695.15,0,0.0036966,1.7325e-05,2.08502,2.01187,11.505,1.05689,14.545,0.42336,0.0018483,0.21168,0.0018483,0.21168,460.486,0,1.02816,0,0,3.11318,2.08502,1.028160,1,0,143.073,0,0,0,143.073,0
16.8382,2.55235,0,0,7.9159,0.142365,0.36288,3.6288,56.2209,0.512338,0,0,1.53528,0.222509,0,0.66528,12.849,1,0.84672,0.36288,0,158.743,4.4499,153.809,0.84672,12.849,0.84672,3695.15,0,0.0036966,1.70867e-05,1.25274,1.82718,9.97635,1.09254,11.9637,0.42336,0.0018483,0.21168,0.0018483,0.21168,460.486,0,1.02816,0,0,2.2809,1.25274,1.028160,1,0,165.773,0,0,0,165.773,0
23.6583,2.55261,0,0,9.89289,0.157353,0.36288,3.6288,58.8046,0.512404,0,0,3.31974,0.223679,0,0.66528,12.849,1,0.84672,0.36288,0,198.433,4.4499,193.499,0.84672,12.849,0.84672,3695.15,0,0.0036966,1.68456e-05,1.15153,1.82726,10.2175,1.09254,12.1037,0.42336,0.0018483,0.21168,0.0018483,0.21168,460.486,0,1.02816,0,0,2.17969,1.15153,1.028160,1,0,205.603,0,0,0,205.603,0
29.3807,2.55283,0,0,8.81114,0.173037,0.36288,3.6288,61.308,0.512472,0,0,4.08321,0.227453,0.839839,0.66528,12.849,1,0.84672,0.36288,0,176.883,4.4499,171.95,0.84672,12.849,0.84672,3695.15,0,0.0036966,1.61076e-05,1.93558,1.82734,12.3238,1.09254,14.9942,0.42336,0.0018483,0.21168,0.0018483,0.21168,460.486,0,1.02816,0,0,2.96374,1.93558,1.028160,1,0,187.784,0,0,0,187.784,0
31.3425,2.55302,0,0,5.04922,0.171531,0.36288,3.6288,61.308,0.512538,0,0,1.13326,0.188895,0.431824,0.66528,12.849,1,0.84672,0.36288,0,106.248,3.74481,102.019,0.84672,12.849,0.84672,3695.15,0,0.0036966,1.54519e-05,0.876614,1.82742,7.29588,0.83282,9.16707,0.42336,0.0018483,0.21168,0.0018483,0.21168,460.486,0,1.02816,0,0,1.90477,0.876614,1.028160,1,0,111.618,0,0,0,111.618,0
35.7081,2.65967,0,0,7.57693,0.188751,0.36288,3.6288,61.308,0.562416,0,0,2.4812,0.174576,1.74421,0.66528,12.849,1,0.84672,0.36288,0,105.941,3.63705,101.82,0.84672,12.849,0.84672,3695.15,0,0.0036966,1.69556e-05,2.40418,1.8275,14.1407,1.09677,17.2755,0.42336,0.0018483,0.21168,0.0018483,0.21168,460.486,0,1.02816,0,0,3.43234,2.40418,1.028160,1,0,120.84,0,0,0,120.84,0
38.2382,2.65981,0,0,5.75534,0.20251,0.36288,3.6288,61.308,0.562471,0,0,1.87864,0.20386,1.11231,0.66528,12.849,1,0.84672,0.36288,0,119.462,4.35666,114.621,0.84672,12.849,0.84672,3695.15,0,0.0036966,1.69572e-05,1.84129,1.88602,12.5134,1.3334,14.9073,0.42336,0.0018483,0.21168,0.0018483,0.21168,460.486,0,1.02816,0,0,2.86945,1.84129,1.028160,1,0,130.641,0,0,0,130.641,0
44.3846,2.65994,0,0,9.37786,0.208672,0.36288,3.6288,61.308,0.562526,0,0,5.32423,0.20386,4.55784,0.66528,12.849,1,0.84672,0.36288,0,206.365,4.35666,201.524,0.84672,12.849,0.84672,3695.15,0,0.0036966,1.69589e-05,4.22714,1.88608,21.1378,1.3334,25.9176,0.42336,0.0018483,0.21168,0.0018483,0.21168,460.486,0,1.02816,0,0,5.2553,4.22714,1.028160,1,0,232,0,0,0,232,0
48.3915,2.71951,0,0,7.31349,0.224149,0.36288,3.6288,61.308,0.562581,0,0,4.68322,0.20386,3.91678,0.66528,12.849,1,0.787279,0.36288,0,275.292,4.35666,270.511,0.84672,12.849,0.84672,3695.15,0,0.0036966,1.69606e-05,3.71684,1.88615,19.3927,1.3334,23.6623,0.42336,0.0018483,0.21168,0.0018483,0.21168,460.486,0,1.02816,0,0,4.745,3.71684,1.028160,1,0,298.09,0,0,0,298.09,0
48.5521,2.9372,0,0,3.72474,0.264149,0.36288,3.6288,61.308,0.66528,0,0,2.86015,0.1509,2.04397,0.66528,12.849,1,0.77989,0.36288,0,134.859,3.69759,130.745,0.84672,12.849,0.84672,3695.15,0,0.0036966,0.0018483,1.97445,1.88621,11.4123,0.871378,14.3998,0.42336,0.0018483,0.21168,0.0018483,0.21168,460.486,0,1.02816,0,0,3.00261,1.97445,1.028160,1,0,147.188,0,0,0,147.188,0
48.751,2.93934,0,0,3.77073,0.269584,0.36288,3.6288,61.308,0.66528,0,0,2.36349,0.142073,1.55614,0.66528,12.849,1,0.777878,0.36288,0,91.9892,3.58775,87.9865,0.84672,12.849,0.84672,3695.15,0,0.0036966,0.0018483,1.16776,2.02311,10.5379,0.794374,12.9326,0.42336,0.0018483,0.21168,0.0018483,0.21168,460.486,0,1.02816,0,0,2.19592,1.16776,1.028160,1,0,102.475,0,0,0,102.475,0
48.2593,2.94195,0,0,3.08336,0.270166,0.36288,3.6288,61.308,0.66528,0,0,2.58021,0.142073,1.77286,0.66528,12.849,1,0.775393,0.36288,0,102.796,3.58775,98.7959,0.84672,12.849,0.84672,3695.15,0,0.0036966,0.0018483,1.43402,2.02318,10.2919,0.794374,12.9529,0.42336,0.0018483,0.21168,0.0018483,0.21168,460.486,0,1.02816,0,0,2.46218,1.43402,1.028160,1,0,113.522,0,0,0,113.522,0
50.7928,2.93582,0,0,6.08629,0.254101,0.36288,3.6288,61.308,0.66528,0,0,4.58677,0.180802,3.74069,0.66528,12.849,1,0.781658,0.36288,0,131.009,4.50502,126.085,0.84672,12.849,0.84672,3695.15,0,0.0036966,0.0018483,3.71796,2.02325,14.9801,1.08135,19.6381,0.42336,0.0018483,0.21168,0.0018483,0.21168,460.486,0,1.02816,0,0,4.74612,3.71796,1.028160,1,0,149.464,0,0,0,149.464,0
55.4636,2.68288,0,0,7.96651,0.250007,0.36288,3.6288,61.308,0.498877,0,0,3.5519,0.157807,2.89521,0.66528,12.849,1,0.678685,0.36288,0,174.693,3.6106,170.767,0.84672,12.849,0.84672,3695.15,0,0.0036966,1.504e-05,4.49732,2.02332,19.6074,0.803348,25.3247,0.42336,0.0018483,0.21168,0.0018483,0.21168,460.486,0,1.02816,0,0,5.52548,4.49732,1.028160,1,0,198.987,0,0,0,198.987,0
58.8741,2.72938,0,0,6.76313,0.260318,0.36288,3.6288,61.308,0.49893,0,0,2.8621,0.153974,2.2092,0.66528,12.849,1,0.632304,0.36288,0,141.359,3.46154,137.628,0.84672,12.849,0.84672,3695.15,0,0.0036966,1.50416e-05,3.00469,1.80978,16.9688,0.757015,21.0262,0.42336,0.0018483,0.21168,0.0018483,0.21168,460.486,0,1.02816,0,0,4.03285,3.00469,1.028160,1,0,160.864,0,0,0,160.864,0
62.4478,2.75955,0,0,6.96531,0.269194,0.36288,3.6288,61.308,0.498982,0,0,2.6564,0.153974,2.00345,0.66528,12.849,1,0.602259,0.36288,0,138.09,3.46154,134.389,0.84672,12.849,0.84672,3695.15,0,0.0036966,1.50432e-05,3.61541,1.80984,18.9975,0.757015,23.6657,0.42336,0.0018483,0.21168,0.0018483,0.21168,460.486,0,1.02816,0,0,4.64357,3.61541,1.028160,1,0,160.058,0,0,0,160.058,0
68.2997,2.78823,0,0,9.28083,0.277801,0.36288,3.6288,61.308,0.499035,0,0,3.15199,0.153974,2.49898,0.66528,12.849,1,0.573695,0.36288,0,193.581,3.46154,189.909,0.84672,12.849,0.84672,3695.15,0,0.0036966,1.50448e-05,3.91409,1.8099,21.6452,0.757015,26.6122,0.42336,0.0018483,0.21168,0.0018483,0.21168,460.486,0,1.02816,0,0,4.94225,3.91409,1.028160,1,0,219.02,0,0,0,219.02,0
70.2925,2.82971,0,0,5.48581,0.300423,0.36288,3.6288,61.308,0.499088,0,0,2.00013,0.138347,1.36269,0.66528,12.849,1,0.532343,0.36288,0,107.663,3.12919,104.365,0.84672,12.849,0.84672,3695.15,0,0.0036966,1.50464e-05,2.15689,1.80996,13.5384,0.653446,16.8518,0.42336,0.0018483,0.21168,0.0018483,0.21168,460.486,0,1.02816,0,0,3.18505,2.15689,1.028160,1,0,122.579,0,0,0,122.579,0
70.7567,2.94643,0,0,4.091,0.317548,0.36288,3.6288,61.308,0.560566,0,0,1.71582,0.151607,1.00364,0.66528,12.849,1,0.538587,0.36288,0,78.1199,3.12858,74.8157,0.84672,12.849,0.84672,3695.15,0,0.0036966,1.68998e-05,1.31852,1.81003,9.50158,0.66662,11.9635,0.42336,0.0018483,0.21168,0.0018483,0.21168,460.486,0,1.02816,0,0,2.34668,1.31852,1.028160,1,0,87.7828,0,0,0,87.7828,0
69.8466,2.94952,0,0,2.72101,0.318684,0.36288,3.6288,61.308,0.560621,0,0,1.25925,0.151607,0.547018,0.66528,12.849,1,0.535616,0.36288,0,41.7387,3.12858,38.4374,0.84672,12.849,0.84672,3695.15,0,0.0036966,1.69015e-05,0.590821,1.88057,7.32205,0.66662,9.12681,0.42336,0.0018483,0.21168,0.0018483,0.21168,460.486,0,1.02816,0,0,1.61898,0.590821,1.028160,1,0,48.1112,0,0,0,48.1112,0
69.8194,2.94373,0,0,3.59583,0.316457,0.36288,3.6288,61.308,0.560676,0,0,2.44183,0.151607,1.72955,0.66528,12.849,1,0.541529,0.36288,0,84.9391,3.12858,81.6319,0.84672,12.849,0.84672,3695.15,0,0.0036966,1.69031e-05,2.20734,1.88063,13.2066,0.66662,16.6279,0.42336,0.0018483,0.21168,0.0018483,0.21168,460.486,0,1.02816,0,0,3.2355,2.20734,1.028160,1,0,99.9894,0,0,0,99.9894,0
68.9329,2.94365,0,0,2.69923,0.279139,0.36288,3.6288,61.308,0.560731,0,0,1.57447,0.177091,0.836645,0.66528,12.849,1,0.541726,0.36288,0,54.8646,3.65574,51.03,0.84672,12.849,0.84672,3695.15,0,0.0036966,1.69048e-05,0.803606,1.8807,8.62609,0.762546,10.5478,0.42336,0.0018483,0.21168,0.0018483,0.21168,460.486,0,1.02816,0,0,1.83177,0.803606,1.028160,1,0,62.4145,0,0,0,62.4145,0
68.1393,2.89739,0,0,2.76535,0.298711,0.36288,3.6288,61.308,0.536925,0,0,1.63077,0.154484,0.939365,0.66528,12.849,1,0.540069,0.36288,0,62.5924,3.5355,58.8797,0.84672,12.849,0.84672,3695.15,0,0.0036966,1.61871e-05,1.23814,1.88076,9.15149,0.761669,11.5087,0.42336,0.0018483,0.21168,0.0018483,0.21168,460.486,0,1.02816,0,0,2.2663,1.23814,1.028160,1,0,71.3278,0,0,0,71.3278,0
67.3868,2.89219,0,0,2.76121,0.258619,0.36288,3.6288,61.308,0.53698,0,0,1.54062,0.157546,0.846099,0.66528,12.849,1,0.54538,0.36288,0,61.8219,3.39163,58.2477,0.84672,12.849,0.84672,3695.15,0,0.0036966,1.61887e-05,1.27531,1.85339,7.36811,0.794879,9.70191,0.42336,0.0018483,0.21168,0.0018483,0.21168,460.486,0,1.02816,0,0,2.30347,1.27531,1.028160,1,0,68.7957,0,0,0,68.7957,0
66.2978,2.88718,0,0,2.38298,0.221884,0.36288,3.6288,61.308,0.537034,0,0,1.53418,0.197015,0.800131,0.66528,12.849,1,0.550514,0.36288,0,49.9252,3.90128,45.8363,0.84672,12.849,0.84672,3695.15,0,0.0036966,1.61904e-05,1.08404,1.85346,6.59837,0.937452,8.5984,0.42336,0.0018483,0.21168,0.0018483,0.21168,460.486,0,1.02816,0,0,2.1122,1.08404,1.028160,1,0,55.2348,0,0,0,55.2348,0
65.1216,2.8797,0,0,2.28633,0.21998,0.36288,3.6288,61.308,0.537088,0,0,1.51649,0.197015,0.78239,0.66528,12.849,1,0.558107,0.36288,0,56.0576,3.90128,51.9611,0.84672,12.849,0.84672,3695.15,0,0.0036966,1.6192e-05,1.23669,1.85352,6.63509,0.937452,8.78783,0.42336,0.0018483,0.21168,0.0018483,0.21168,460.486,0,1.02816,0,0,2.26485,1.23669,1.028160,1,0,61.5313,0,0,0,61.5313,0
63.9415,3.00759,0,0,2.38287,0.192478,0.36288,3.6288,61.308,0.621769,0,0,1.62591,0.191513,0.812628,0.66528,12.849,1,0.593421,0.36288,0,50.4071,3.9114,46.2652,0.84672,12.849,0.84672,3695.15,0,0.0036966,1.87449e-05,1.23234,1.85358,6.29392,0.994956,8.38487,0.42336,0.0018483,0.21168,0.0018483,0.21168,460.486,0,1.02816,0,0,2.2605,1.23234,1.028160,1,0,55.4627,0,0,0,55.4627,0
62.5522,2.99858,0,0,2.15273,0.180574,0.36288,3.6288,61.308,0.621826,0,0,1.52051,0.189313,0.709372,0.66528,12.849,1,0.602561,0.36288,0,46.0324,3.91545,41.8772,0.84672,12.849,0.84672,3695.15,0,0.0036966,1.87467e-05,1.1597,1.9496,6.03673,1.01796,8.12805,0.42336,0.0018483,0.21168,0.0018483,0.21168,460.486,0,1.02816,0,0,2.18786,1.1597,1.028160,1,0,50.7147,0,0,0,50.7147,0
60.9619,2.98757,0,0,1.93872,0.178542,0.36288,3.6288,61.308,0.621883,0,0,1.29425,0.189313,0.483059,0.66528,12.849,1,0.613685,0.36288,0,43.1161,3.91545,38.9498,0.84672,12.849,0.84672,3695.15,0,0.0036966,1.87484e-05,0.938632,1.94966,5.84711,1.01796,7.71743,0.42336,0.0018483,0.21168,0.0018483,0.21168,460.486,0,1.02816,0,0,1.96679,0.938632,1.028160,1,0,47.1503,0,0,0,47.1503,0
59.25,2.97445,0,0,1.78424,0.158848,0.36288,3.6288,61.308,0.62194,0,0,1.28481,0.209069,0.453803,0.66528,12.849,1,0.626928,0.36288,0,40.3211,4.30671,35.7503,0.84672,12.849,0.84672,3695.15,0,0.0036966,1.87501e-05,0.992701,1.94973,5.76199,1.12473,7.57967,0.42336,0.0018483,0.21168,0.0018483,0.21168,460.486,0,1.02816,0,0,2.02086,0.992701,1.028160,1,0,43.7838,0,0,0,43.7838,0
58.0911,2.95967,0,0,2.29548,0.131841,0.36288,3.6288,61.308,0.621997,0,0,1.42439,0.215881,0.586512,0.66528,12.849,1,0.641836,0.36288,0,43.523,4.45183,38.7923,0.84672,12.849,0.84672,3695.15,0,0.0036966,1.87518e-05,1.14315,1.9498,6.17686,1.19523,8.07455,0.42336,0.0018483,0.21168,0.0018483,0.21168,460.486,0,1.02816,0,0,2.17131,1.14315,1.028160,1,0,47.4533,0,0,0,47.4533,0
57.5841,2.92287,0,0,2.89369,0.114909,0.36288,3.6288,61.308,0.66528,0,0,1.79499,0.205209,0.924505,0.66528,12.849,1,0.646501,0.36288,0,48.1587,4.25408,43.621,0.84672,12.849,0.84672,3695.15,0,0.0036966,0.0018483,1.78082,1.94986,7.24196,1.18247,9.78833,0.42336,0.0018483,0.21168,0.0018483,0.21168,460.486,0,1.02816,0,0,2.80898,1.78082,1.028160,1,0,54.3338,0,0,0,54.3338,0
56.8156,2.91832,0,0,2.62698,0.114341,0.36288,3.6288,61.308,0.66528,0,0,1.69572,0.205209,0.825232,0.66528,12.849,1,0.651177,0.36288,0,46.7275,4.25408,42.1851,0.84672,12.849,0.84672,3695.15,0,0.0036966,0.0018483,1.50527,1.97983,6.80737,1.18247,9.10815,0.42336,0.0018483,0.21168,0.0018483,0.21168,460.486,0,1.02816,0,0,2.53343,1.50527,1.028160,1,0,52.1185,0,0,0,52.1185,0
55.8418,2.91123,0,0,2.40541,0.105114,0.36288,3.6288,61.308,0.66528,0,0,1.61391,0.227147,0.721481,0.66528,12.849,1,0.658383,0.36288,0,41.2077,4.53638,36.3758,0.84672,12.849,0.84672,3695.15,0,0.0036966,0.0018483,1.40132,1.9799,6.61098,1.28552,8.70484,0.42336,0.0018483,0.21168,0.0018483,0.21168,460.486,0,1.02816,0,0,2.42948,1.40132,1.028160,1,0,45.8021,0,0,0,45.8021,0
54.7644,2.902,0,0,2.27089,0.0833889,0.36288,3.6288,61.308,0.66528,0,0,1.50612,0.281993,0.558852,0.66528,12.849,1,0.66774,0.36288,0,36.6511,5.24213,31.1041,0.84672,12.849,0.84672,3695.15,0,0.0036966,0.0018483,1.35886,1.97997,6.30599,1.54313,8.09983,0.42336,0.0018483,0.21168,0.0018483,0.21168,460.486,0,1.02816,0,0,2.38702,1.35886,1.028160,1,0,39.7628,0,0,0,39.7628,0
54.1842,2.85755,0,0,2.71541,0.0751966,0.36288,3.6288,61.308,0.650706,0,0,1.37336,0.292201,0.430456,0.66528,12.849,1,0.670447,0.36288,0,43.1666,5.73909,37.1199,0.84672,12.849,0.84672,3695.15,0,0.0036966,1.96173e-05,1.50674,1.98003,6.52864,1.49208,8.52332,0.42336,0.0018483,0.21168,0.0018483,0.21168,460.486,0,1.02816,0,0,2.5349,1.50674,1.028160,1,0,46.0737,0,0,0,46.0737,0
53.4946,2.85184,0,0,2.59988,0.0747573,0.36288,3.6288,61.308,0.650764,0,0,1.34252,0.292201,0.399553,0.66528,12.849,1,0.676273,0.36288,0,40.3938,5.73909,34.3413,0.84672,12.849,0.84672,3695.15,0,0.0036966,1.96191e-05,1.55786,1.95827,6.71008,1.49208,8.73412,0.42336,0.0018483,0.21168,0.0018483,0.21168,460.486,0,1.02816,0,0,2.58602,1.55786,1.028160,1,0,43.475,0,0,0,43.475,0
52.4796,2.84491,0,0,2.26705,0.0742353,0.36288,3.6288,61.308,0.650822,0,0,1.26599,0.292201,0.32297,0.66528,12.849,1,0.683326,0.36288,0,38.2702,5.73909,32.2107,0.84672,12.849,0.84672,3695.15,0,0.0036966,1.96208e-05,1.3177,1.95834,6.41148,1.49208,8.19543,0.42336,0.0018483,0.21168,0.0018483,0.21168,460.486,0,1.02816,0,0,2.34586,1.3177,1.028160,1,0,40.7291,0,0,0,40.7291,0
51.3037,2.83439,0,0,2.09075,0.0693438,0.36288,3.6288,61.308,0.65088,0,0,1.24423,0.294791,0.298558,0.66528,12.849,1,0.693966,0.36288,0,36.1044,5.81386,29.9594,0.84672,12.849,0.84672,3695.15,0,0.0036966,1.96226e-05,1.21405,1.95841,6.35306,1.50702,8.01848,0.42336,0.0018483,0.21168,0.0018483,0.21168,460.486,0,1.02816,0,0,2.24221,1.21405,1.028160,1,0,38.2765,0,0,0,38.2765,0
49.6524,3.01022,0,0,1.76721,0.0454608,0.36288,3.6288,61.308,0.66528,0,0,1.13689,0.306095,0.165511,0.66528,12.849,1,0.753908,0.36288,0,35.7408,6.01023,29.3396,0.84672,12.849,0.84672,3695.15,0,0.0036966,0.0018483,1.45733,1.95847,6.17155,1.50107,8.08444,0.42336,0.0018483,0.21168,0.0018483,0.21168,460.486,0,1.02816,0,0,2.48549,1.45733,1.028160,1,0,37.5895,0,0,0,37.5895,0
47.8694,2.9904,0,0,1.61022,0.0399145,0.36288,3.6288,61.2877,0.66528,0,0,0.953666,0.308682,0,0.66528,12.849,1,0.773853,0.36288,0,31.6576,5.92126,25.3253,0.84672,12.849,0.84672,3695.15,0,0.0036966,0.0018483,1.45392,2.11439,5.95914,1.48137,8.04423,0.42336,0.0018483,0.21168,0.0018483,0.21168,460.486,0,1.02816,0,0,2.48208,1.45392,1.028160,1,0,33.3696,0,0,0,33.3696,0
46.3033,2.96778,0,0,1.8037,0.0391523,0.36288,3.6288,61.2921,0.66528,0,0,0.978273,0.308642,0,0.66528,12.849,1,0.796604,0.36288,0,31.4677,5.92126,25.1127,0.84672,12.849,0.84672,3695.15,0,0.0036966,0.0018483,1.52306,2.11447,6.38708,1.48137,8.54138,0.42336,0.0018483,0.21168,0.0018483,0.21168,460.486,0,1.02816,0,0,2.55122,1.52306,1.028160,1,0,33.6541,0,0,0,33.6541,0
45.8258,2.94678,0,0,2.88668,0.0545153,0.36288,3.6288,61.308,0.66528,0,0,1.2023,0.30436,0.216714,0.66528,12.849,1,0.817722,0.36288,0,52.2765,5.80252,46.0191,0.84672,12.849,0.84672,3695.15,0,0.0036966,0.0018483,2.07132,2.11454,6.96237,1.46681,9.67957,0.42336,0.0018483,0.21168,0.0018483,0.21168,460.486,0,1.02816,0,0,3.09948,2.07132,1.028160,1,0,55.9154,0,0,0,55.9154,0
46.0247,2.94023,0,0,3.55202,0.0500377,0.36288,3.6288,61.308,0.66528,0,0,1.87032,0.302098,0.90294,0.66528,12.849,1,0.824405,0.36288,0,51.3635,5.88489,45.0171,0.84672,12.849,0.84672,3695.15,0,0.0036966,0.0018483,2.21304,2.11461,7.33655,1.4452,10.2172,0.42336,0.0018483,0.21168,0.0018483,0.21168,460.486,0,1.02816,0,0,3.2412,2.21304,1.028160,1,0,56.1372,0,0,0,56.1372,0
44.5778,2.85332,0,0,1.80603,0.03674,0.36288,3.6288,61.308,0.66528,0,0,1.44893,0.317492,0.466156,0.66528,12.849,1,0.796579,0.36288,0,36.4605,5.77878,30.248,0.84672,12.849,0.84672,3695.15,0,0.0036966,0.0018483,1.61623,2.11469,4.72792,1.4257,7.03129,0.42336,0.0018483,0.21168,0.0018483,0.21168,460.486,0,1.02816,0,0,2.64439,1.61623,1.028160,1,0,37.7454,0,0,0,37.7454,0
42.8426,2.83335,0,0,1.52226,0.0612006,0.36288,3.6288,61.308,0.66528,0,0,1.2363,0.296362,0.274656,0.66528,12.849,1,0.816677,0.36288,0,25.5017,5.44275,19.6052,0.84672,12.849,0.84672,3695.15,0,0.0036966,0.0018483,1.28785,2.02543,6.16434,1.33851,8.13726,0.42336,0.0018483,0.21168,0.0018483,0.21168,460.486,0,1.02816,0,0,2.31601,1.28785,1.028160,1,0,28.0171,0,0,0,28.0171,0
41.8428,2.80799,0,0,2.20141,0.0303805,0.36288,3.6288,61.308,0.66528,0,0,1.52541,0.318087,0.542042,0.66528,12.849,1,0.84215,0.36288,0,25.6755,5.95565,19.2406,0.84672,12.849,0.84672,3695.15,0,0.0036966,0.0018483,1.81669,2.0255,8.71076,1.27461,11.2765,0.42336,0.0018483,0.21168,0.0018483,0.21168,460.486,0,1.02816,0,0,2.84485,1.81669,1.028160,1,0,31.0591,0,0,0,31.0591,0
47.3762,2.80355,0,0,8.7715,0.0716824,0.36288,3.6288,61.308,0.66528,0,0,2.8848,0.246795,1.97273,0.66528,12.849,1,0.84672,0.36288,0,60.1634,5.26974,54.4098,0.84672,12.849,0.84672,3695.15,0,0.0036966,0.0018483,4.00147,2.02557,18.0822,1.01666,23.0907,0.42336,0.0018483,0.21168,0.0018483,0.21168,460.486,0,1.02816,0,0,5.02963,4.00147,1.028160,1,0,79.4733,0,0,0,79.4733,0
48.8821,2.79741,0,0,4.84593,0.179663,0.36288,3.6288,61.308,0.628403,0,0,2.2269,0.263573,1.33492,0.66528,12.849,1,0.758693,0.36288,0,44.0808,5.38932,38.2957,0.84672,12.849,0.84672,3695.15,0,0.0036966,1.89449e-05,3.55878,2.02564,12.5818,1.16344,17.0028,0.42336,0.0018483,0.21168,0.0018483,0.21168,460.486,0,1.02816,0,0,4.58694,3.55878,1.028160,1,0,56.6334,0,0,0,56.6334,0
48.9319,2.81602,0,0,3.439,0.210363,0.36288,3.6288,61.308,0.62846,0,0,1.65762,0.252417,0.776742,0.66528,12.849,1,0.74021,0.36288,0,45.7319,5.25735,40.0972,0.84672,12.849,0.84672,3695.15,0,0.0036966,1.89467e-05,2.44822,1.94631,8.3111,1.14063,11.565,0.42336,0.0018483,0.21168,0.0018483,0.21168,460.486,0,1.02816,0,0,3.47638,2.44822,1.028160,1,0,52.4389,0,0,0,52.4389,0
50.1502,2.81672,0,0,4.60839,0.210476,0.36288,3.6288,61.308,0.628517,0,0,1.77073,0.252417,0.8898,0.66528,12.849,1,0.73964,0.36288,0,52.1178,5.25735,46.4837,0.84672,12.849,0.84672,3695.15,0,0.0036966,1.89484e-05,2.3669,1.94638,14.0784,1.14063,17.251,0.42336,0.0018483,0.21168,0.0018483,0.21168,460.486,0,1.02816,0,0,3.39506,2.3669,1.028160,1,0,64.6244,0,0,0,64.6244,0
50.6479,2.83112,0,0,3.89746,0.205752,0.36288,3.6288,61.308,0.628574,0,0,1.8341,0.273994,0.931531,0.66528,12.849,1,0.725362,0.36288,0,72.8307,5.39991,67.0683,0.84672,12.849,0.84672,3695.15,0,0.0036966,1.89501e-05,2.82059,1.94644,13.7242,1.26273,17.2285,0.42336,0.0018483,0.21168,0.0018483,0.21168,460.486,0,1.02816,0,0,3.84875,2.82059,1.028160,1,0,85.2283,0,0,0,85.2283,0
52.6917,2.71633,0,0,5.32526,0.202269,0.36288,3.6288,61.308,0.515096,0,0,3.0581,0.233085,2.30992,0.66528,12.849,1,0.689113,0.36288,0,56.0239,4.82247,50.8752,0.84672,12.849,0.84672,3695.15,0,0.0036966,1.5529e-05,3.83136,1.94651,16.2354,1.18732,20.826,0.42336,0.0018483,0.21168,0.0018483,0.21168,460.486,0,1.02816,0,0,4.85952,3.83136,1.028160,1,0,74.0111,0,0,0,74.0111,0
58.2833,2.73792,0,0,8.89981,0.207433,0.36288,3.6288,61.308,0.515149,0,0,4.3544,0.190266,3.64899,0.66528,12.849,1,0.667648,0.36288,0,137.239,4.3092,132.625,0.84672,12.849,0.84672,3695.15,0,0.0036966,1.55306e-05,5.0598,1.83053,21.6118,1.06208,27.4401,0.42336,0.0018483,0.21168,0.0018483,0.21168,460.486,0,1.02816,0,0,6.08796,5.0598,1.028160,1,0,163.714,0,0,0,163.714,0
62.2148,2.7905,0,0,7.30429,0.219358,0.36288,3.6288,61.308,0.515202,0,0,2.39431,0.190266,1.68884,0.66528,12.849,1,0.615188,0.36288,0,75.906,4.3092,71.3445,0.84672,12.849,0.84672,3695.15,0,0.0036966,1.55322e-05,3.6985,1.83059,16.8711,1.06208,21.3381,0.42336,0.0018483,0.21168,0.0018483,0.21168,460.486,0,1.02816,0,0,4.72666,3.6985,1.028160,1,0,94.3714,0,0,0,94.3714,0
64.3215,2.82282,0,0,5.57302,0.280605,0.36288,3.6288,61.308,0.515256,0,0,1.35284,0.195977,0.64161,0.66528,12.849,1,0.582987,0.36288,0,98.0571,3.71295,94.124,0.84672,12.849,0.84672,3695.15,0,0.0036966,1.55338e-05,2.4712,1.83066,14.096,0.936975,17.4608,0.42336,0.0018483,0.21168,0.0018483,0.21168,460.486,0,1.02816,0,0,3.49936,2.4712,1.028160,1,0,112.226,0,0,0,112.226,0
66.8967,2.83884,0,0,6.06068,0.28382,0.36288,3.6288,61.308,0.515309,0,0,1.25966,0.196222,0.548129,0.66528,12.849,1,0.567092,0.36288,0,102.361,3.64524,98.5112,0.84672,12.849,0.84672,3695.15,0,0.0036966,1.55354e-05,2.48347,1.83072,11.4337,0.890634,14.8573,0.42336,0.0018483,0.21168,0.0018483,0.21168,460.486,0,1.02816,0,0,3.51163,2.48347,1.028160,1,0,113.917,0,0,0,113.917,0
71.0137,2.94675,0,0,7.65093,0.224246,0.36288,3.6288,61.308,0.565263,0,0,1.56194,0.19198,0.804697,0.66528,12.849,1,0.565989,0.36288,0,106.093,3.83523,102.055,0.84672,12.849,0.84672,3695.15,0,0.0036966,1.70414e-05,2.82976,1.83078,10.2644,0.737697,14.1872,0.42336,0.0018483,0.21168,0.0018483,0.21168,460.486,0,1.02816,0,0,3.85792,2.82976,1.028160,1,0,117.047,0,0,0,117.047,0
72.29,2.97462,0,0,5.70589,0.23155,1.22345,3.6288,61.308,0.565304,0,0,1.22532,0.19198,0.468041,0.66528,12.849,1,0.538218,1.22345,0,83.3086,3.83523,80.1586,0.84672,12.849,0.84672,3695.15,0,0.0036966,1.70427e-05,1.90845,1.88939,7.74377,0.737697,10.8039,0.42336,0.0018483,0.21168,0.0018483,0.21168,460.486,0,1.02816,0,0,2.93661,1.90845,1.028160,1,0,91.4306,0,0,0,91.4306,0
72.29,2.98276,0,0,4.23616,0.282103,0.971292,3.6288,61.308,0.565346,0,0,1.22956,0.198508,0.465704,0.66528,12.849,1,0.530164,0.971292,0,73.0875,3.57216,69.9565,0.84672,12.849,0.84672,3695.15,0,0.0036966,1.70439e-05,1.88801,1.88944,7.84002,0.868906,10.7486,0.42336,0.0018483,0.21168,0.0018483,0.21168,460.486,0,1.02816,0,0,2.91617,1.88801,1.028160,1,0,81.1707,0,0,0,81.1707,0
72.29,2.98284,0,0,8.79525,0.290151,5.52226,3.6288,61.308,0.565387,0,0,1.94632,0.199596,1.18133,0.66528,12.849,1,0.530177,5.52226,0,308.381,3.52831,309.844,0.84672,12.849,0.84672,3695.15,0,0.0036966,1.70452e-05,3.65883,1.88949,20.4527,0.890774,25.1102,0.42336,0.0018483,0.21168,0.0018483,0.21168,460.486,0,1.02816,0,0,4.68699,3.65883,1.028160,1,0,336.136,0,0,0,336.136,0
72.29,3.16168,0,0,10.4622,0.2885,7.01205,3.6288,61.308,0.66528,0,0,1.82426,0.190571,0.968407,0.66528,12.849,1,0.561965,7.01205,0,285.882,3.67082,288.661,0.84672,12.849,0.84672,3695.15,0,0.0036966,0.0018483,4.03205,1.88954,13.8041,0.979853,18.744,0.42336,0.0018483,0.21168,0.0018483,0.21168,460.486,0,1.02816,0,0,5.06021,4.03205,1.028160,1,0,308.374,0,0,0,308.374,0
72.29,3.16177,0,0,7.68813,0.287839,4.23853,3.6288,61.308,0.66528,0,0,1.34305,0.186961,0.490812,0.66528,12.849,1,0.56198,4.23853,0,192.515,3.72782,192.463,0.84672,12.849,0.84672,3695.15,0,0.0036966,0.0018483,2.48103,2.02666,7.82931,1.01548,11.3197,0.42336,0.0018483,0.21168,0.0018483,0.21168,460.486,0,1.02816,0,0,3.50919,2.48103,1.028160,1,0,204.274,0,0,0,204.274,0
72.29,3.16185,0,0,6.16848,0.287839,2.7188,3.6288,61.308,0.66528,0,0,1.20017,0.186961,0.347924,0.66528,12.849,1,0.561994,2.7188,0,144.266,3.72782,142.695,0.84672,12.849,0.84672,3695.15,0,0.0036966,0.0018483,2.39053,2.02672,6.54558,1.01548,9.94549,0.42336,0.0018483,0.21168,0.0018483,0.21168,460.486,0,1.02816,0,0,3.41869,2.39053,1.028160,1,0,152.988,0,0,0,152.988,0
72.29,3.16193,0,0,5.78654,0.283338,2.34127,3.6288,61.308,0.66528,0,0,1.20296,0.162866,0.374818,0.66528,12.849,1,0.562009,2.34127,0,136.687,3.25074,135.216,0.84672,12.849,0.84672,3695.15,0,0.0036966,0.0018483,2.57145,2.02677,6.65355,0.860491,10.3894,0.42336,0.0018483,0.21168,0.0018483,0.21168,460.486,0,1.02816,0,0,3.59961,2.57145,1.028160,1,0,145.98,0,0,0,145.98,0
72.29,2.85918,0,0,6.12356,0.337606,2.92677,3.6288,61.308,0.501506,0,0,2.46947,0.147675,1.82029,0.66528,12.849,1,0.508198,2.92677,0,154.929,3.15721,154.19,0.84672,12.849,0.84672,3695.15,0,0.0036966,1.51193e-05,3.69224,2.02682,9.73793,0.906272,14.5507,0.42336,0.0018483,0.21168,0.0018483,0.21168,460.486,0,1.02816,0,0,4.7204,3.69224,1.028160,1,0,170.561,0,0,0,170.561,0
72.29,2.85926,0,0,5.54596,0.334834,2.35187,3.6288,61.308,0.501546,0,0,2.86438,0.157964,2.20487,0.66528,12.849,1,0.508211,2.35187,0,145.534,3.25038,144.127,0.84672,12.849,0.84672,3695.15,0,0.0036966,1.51205e-05,3.78737,1.81289,9.65373,0.916531,14.3374,0.42336,0.0018483,0.21168,0.0018483,0.21168,460.486,0,1.02816,0,0,4.81553,3.78737,1.028160,1,0,160.669,0,0,0,160.669,0
72.29,2.85933,0,0,4.67379,0.334834,1.47963,3.6288,61.308,0.501586,0,0,2.61144,0.157964,1.95189,0.66528,12.849,1,0.508224,1.47963,0,114.908,3.25038,112.629,0.84672,12.849,0.84672,3695.15,0,0.0036966,1.51217e-05,3.12874,1.81294,8.19133,0.916531,12.2165,0.42336,0.0018483,0.21168,0.0018483,0.21168,460.486,0,1.02816,0,0,4.1569,3.12874,1.028160,1,0,126.797,0,0,0,126.797,0
72.29,2.8594,0,0,4.81358,0.334834,1.61934,3.6288,61.308,0.501626,0,0,2.42374,0.157964,1.76415,0.66528,12.849,1,0.508237,1.61934,0,112.249,3.25038,110.11,0.84672,12.849,0.84672,3695.15,0,0.0036966,1.51229e-05,3.75824,1.81299,9.17076,0.916531,13.8254,0.42336,0.0018483,0.21168,0.0018483,0.21168,460.486,0,1.02816,0,0,4.7864,3.75824,1.028160,1,0,125.699,0,0,0,125.699,0
72.29,2.85948,0,0,5.62649,0.328116,2.43889,3.6288,61.308,0.501666,0,0,2.50855,0.156094,1.85079,0.66528,12.849,1,0.508251,2.43889,0,143.445,3.11331,142.262,0.84672,12.849,0.84672,3695.15,0,0.0036966,1.51241e-05,3.59368,1.81303,9.26749,0.898925,13.7753,0.42336,0.0018483,0.21168,0.0018483,0.21168,460.486,0,1.02816,0,0,4.62184,3.59368,1.028160,1,0,157.888,0,0,0,157.888,0
72.1131,2.96404,0,0,3.45053,0.300528,0.36288,3.6288,61.308,0.563234,0,0,1.32661,0.209724,0.553653,0.66528,12.849,1,0.526835,0.36288,0,111.805,4.06644,107.575,0.84672,12.849,0.84672,3695.15,0,0.0036966,1.69803e-05,2.40325,1.81308,5.89224,1.20812,8.90043,0.42336,0.0018483,0.21168,0.0018483,0.21168,460.486,0,1.02816,0,0,3.43141,2.40325,1.028160,1,0,117.029,0,0,0,117.029,0
72.29,2.96302,0,0,3.90033,0.300125,0.460276,3.6288,61.308,0.563276,0,0,1.67518,0.209724,0.902175,0.66528,12.849,1,0.527946,0.460276,0,118.817,4.06644,114.683,0.84672,12.849,0.84672,3695.15,0,0.0036966,1.69815e-05,2.95864,1.88373,6.11278,1.20812,9.74701,0.42336,0.0018483,0.21168,0.0018483,0.21168,460.486,0,1.02816,0,0,3.9868,2.95864,1.028160,1,0,125.332,0,0,0,125.332,0
72.29,2.96419,0,0,3.92345,0.300528,0.658732,3.6288,61.308,0.563317,0,0,1.86814,0.209724,1.0951,0.66528,12.849,1,0.526862,0.658732,0,101.04,4.06644,97.1059,0.84672,12.849,0.84672,3695.15,0,0.0036966,1.69828e-05,3.42672,1.88378,5.44042,1.20812,9.54278,0.42336,0.0018483,0.21168,0.0018483,0.21168,460.486,0,1.02816,0,0,4.45488,3.42672,1.028160,1,0,107.744,0,0,0,107.744,0
72.29,2.96427,0,0,5.73382,0.293237,2.47631,3.6288,61.308,0.563359,0,0,2.58091,0.171294,1.84625,0.66528,12.849,1,0.526876,2.47631,0,181.358,3.76179,179.546,0.84672,12.849,0.84672,3695.15,0,0.0036966,1.6984e-05,4.2065,1.88383,11.6278,1.19182,16.5263,0.42336,0.0018483,0.21168,0.0018483,0.21168,460.486,0,1.02816,0,0,5.23466,4.2065,1.028160,1,0,197.918,0,0,0,197.918,0
72.2437,2.92349,0,0,3.44531,0.205282,0.36288,3.6288,61.308,0.539501,0,0,1.34795,0.246418,0.562033,0.66528,12.849,1,0.519628,0.36288,0,83.1064,4.68079,78.2689,0.84672,12.849,0.84672,3695.15,0,0.0036966,1.62648e-05,2.65,1.88388,6.08277,1.22152,9.39511,0.42336,0.0018483,0.21168,0.0018483,0.21168,460.486,0,1.02816,0,0,3.67816,2.65,1.028160,1,0,88.226,0,0,0,88.226,0
71.8574,2.92328,0,0,3.10506,0.20521,0.36288,3.6288,61.308,0.539542,0,0,1.33876,0.246418,0.552799,0.66528,12.849,1,0.519924,0.36288,0,83.1635,4.68079,78.3256,0.84672,12.849,0.84672,3695.15,0,0.0036966,1.6266e-05,2.84983,1.85644,6.17685,1.22152,9.66158,0.42336,0.0018483,0.21168,0.0018483,0.21168,460.486,0,1.02816,0,0,3.87799,2.84983,1.028160,1,0,88.54,0,0,0,88.54,0
70.9977,2.92099,0,0,2.62881,0.204608,0.36288,3.6288,61.308,0.539583,0,0,0.988926,0.246418,0.202925,0.66528,12.849,1,0.522309,0.36288,0,67.4343,4.68079,62.5941,0.84672,12.849,0.84672,3695.15,0,0.0036966,1.62672e-05,1.63105,1.85649,5.9342,1.22152,8.20021,0.42336,0.0018483,0.21168,0.0018483,0.21168,460.486,0,1.02816,0,0,2.65921,1.63105,1.028160,1,0,70.9972,0,0,0,70.9972,0
70.0271,2.91571,0,0,2.51126,0.203269,0.36288,3.6288,61.308,0.539624,0,0,0.952301,0.246418,0.166259,0.66528,12.849,1,0.527678,0.36288,0,62.4473,4.68079,57.6017,0.84672,12.849,0.84672,3695.15,0,0.0036966,1.62685e-05,1.62082,1.85654,5.35138,1.22152,7.60721,0.42336,0.0018483,0.21168,0.0018483,0.21168,460.486,0,1.02816,0,0,2.64898,1.62082,1.028160,1,0,65.3752,0,0,0,65.3752,0
69.0101,3.04762,0,0,2.51372,0.120237,0.36288,3.6288,61.308,0.624428,0,0,0.973944,0.261853,0.087663,0.66528,12.849,1,0.559197,0.36288,0,60.3737,4.33938,55.838,0.84672,12.849,0.84672,3695.15,0,0.0036966,1.88251e-05,2.3314,1.85659,5.28418,1.07999,8.39216,0.42336,0.0018483,0.21168,0.0018483,0.21168,460.486,0,1.02816,0,0,3.35956,2.3314,1.028160,1,0,64.3179,0,0,0,64.3179,0
68.3563,3.04076,0,0,2.86814,0.118265,0.36288,3.6288,61.308,0.624471,0,0,1.11738,0.243274,0.249632,0.66528,12.849,1,0.566159,0.36288,0,61.9186,4.18058,57.5347,0.84672,12.849,0.84672,3695.15,0,0.0036966,1.88264e-05,1.78894,1.95274,5.28034,1.02758,7.99443,0.42336,0.0018483,0.21168,0.0018483,0.21168,460.486,0,1.02816,0,0,2.8171,1.78894,1.028160,1,0,65.7788,0,0,0,65.7788,0
67.2794,3.03628,0,0,2.43261,0.11035,0.36288,3.6288,61.308,0.624514,0,0,0.902483,0.243733,0.0342362,0.66528,12.849,1,0.570732,0.36288,0,62.8569,4.25361,58.3954,0.84672,12.849,0.84672,3695.15,0,0.0036966,1.88277e-05,1.62727,1.95279,5.05643,1.05508,7.58139,0.42336,0.0018483,0.21168,0.0018483,0.21168,460.486,0,1.02816,0,0,2.65543,1.62727,1.028160,1,0,66.011,0,0,0,66.011,0
66.0518,3.02868,0,0,2.22986,0.0659078,0.36288,3.6288,61.2354,0.624557,0,0,0.798434,0.246483,0,0.66528,12.849,1,0.578417,0.36288,0,60.8614,4.69182,55.954,0.84672,12.849,0.84672,3695.15,0,0.0036966,1.8829e-05,1.27205,1.95284,4.71139,1.22008,6.71619,0.42336,0.0018483,0.21168,0.0018483,0.21168,460.486,0,1.02816,0,0,2.30021,1.27205,1.028160,1,0,62.6702,0,0,0,62.6702,0
64.7747,3.01976,0,0,2.17845,0.072941,0.36288,3.6288,61.1439,0.6246,0,0,0.78408,0.251013,0,0.66528,12.849,1,0.587432,0.36288,0,49.5114,4.84251,44.4444,0.84672,12.849,0.84672,3695.15,0,0.0036966,1.88526e-05,1.1521,1.95289,4.46873,1.23376,6.33994,0.42336,0.0018483,0.21168,0.0018483,0.21168,460.486,0,1.02816,0,0,2.18026,1.1521,1.028160,1,0,50.7843,0,0,0,50.7843,0
63.5999,2.98321,0,0,2.26247,0.0911824,0.36288,3.6288,60.8818,0.66528,0,0,0.665669,0.262471,0,0.66528,12.849,1,0.591764,0.36288,0,37.2624,5.21924,31.8143,0.84672,12.849,0.84672,3695.15,0,0.0036966,0.0018483,0.763197,1.95294,3.38899,1.26798,4.8353,0.42336,0.0018483,0.21168,0.0018483,0.21168,460.486,0,1.02816,0,0,1.79136,0.763197,1.028160,1,0,36.6496,0,0,0,36.6496,0
62.2911,2.9742,0,0,2.11861,0.0903204,0.36288,3.6288,60.5873,0.66528,0,0,0.632811,0.262035,0,0.66528,12.849,1,0.600873,0.36288,0,37.2137,5.21924,31.7565,0.84672,12.849,0.84672,3695.15,0,0.0036966,0.0018483,0.655085,1.98294,3.48275,1.26798,4.85094,0.42336,0.0018483,0.21168,0.0018483,0.21168,460.486,0,1.02816,0,0,1.68324,0.655085,1.028160,1,0,36.6074,0,0,0,36.6074,0
60.8018,2.96381,0,0,1.92677,0.0893602,0.36288,3.6288,60.2775,0.66528,0,0,0.617066,0.261546,0,0.66528,12.849,1,0.611355,0.36288,0,36.4853,5.21924,31.0176,0.84672,12.849,0.84672,3695.15,0,0.0036966,0.0018483,0.633277,1.98299,3.33709,1.26798,4.68353,0.42336,0.0018483,0.21168,0.0018483,0.21168,460.486,0,1.02816,0,0,1.66144,0.633277,1.028160,1,0,35.7012,0,0,0,35.7012,0
59.148,2.95152,0,0,1.74882,0.0882675,0.36288,3.6288,59.9301,0.66528,0,0,0.578915,0.261032,0,0.66528,12.849,1,0.623733,0.36288,0,32.5114,5.21924,27.0313,0.84672,12.849,0.84672,3695.15,0,0.0036966,0.0018483,0.445919,1.98304,3.22819,1.26798,4.38732,0.42336,0.0018483,0.21168,0.0018483,0.21168,460.486,0,1.02816,0,0,1.47408,0.445919,1.028160,1,0,31.4186,0,0,0,31.4186,0
57.7772,2.90282,0,0,1.96009,0.0651048,0.36288,3.6288,59.614,0.653283,0,0,0.666756,0.329579,0,0.66528,12.849,1,0.630594,0.36288,0,29.9171,6.08947,23.5599,0.84672,12.849,0.84672,3695.15,0,0.0036966,2.01478e-05,0.450645,1.98309,3.40891,1.56207,4.28055,0.42336,0.0018483,0.21168,0.0018483,0.21168,460.486,0,1.02816,0,0,1.47881,0.450645,1.028160,1,0,27.8405,0,0,0,27.8405,0
56.4626,2.89066,0,0,2.00445,0.0655812,0.36288,3.6288,59.2675,0.653326,0,0,0.634617,0.327752,0,0.66528,12.849,1,0.642849,0.36288,0,38.9189,6.06984,32.5691,0.84672,12.849,0.84672,3695.15,0,0.0036966,2.0256e-05,0.62119,1.96128,3.8187,1.55098,4.85016,0.42336,0.0018483,0.21168,0.0018483,0.21168,460.486,0,1.02816,0,0,1.64935,0.62119,1.028160,1,0,37.4192,0,0,0,37.4192,0
55.0333,2.87854,0,0,1.87688,0.0647388,0.36288,3.6288,58.8773,0.65337,0,0,0.59017,0.327026,0,0.66528,12.849,1,0.655059,0.36288,0,31.2485,6.06984,24.8864,0.84672,12.849,0.84672,3695.15,0,0.0036966,2.03758e-05,0.590622,1.96133,3.44225,1.55098,4.44319,0.42336,0.0018483,0.21168,0.0018483,0.21168,460.486,0,1.02816,0,0,1.61878,0.590622,1.028160,1,0,29.3296,0,0,0,29.3296,0
53.4506,2.86482,0,0,1.70884,0.0638229,0.36288,3.6288,58.458,0.653414,0,0,0.560292,0.326209,0,0.66528,12.849,1,0.668868,0.36288,0,28.4787,6.06984,22.1029,0.84672,12.849,0.84672,3695.15,0,0.0036966,2.05122e-05,0.341522,1.96138,3.21085,1.55098,3.96275,0.42336,0.0018483,0.21168,0.0018483,0.21168,460.486,0,1.02816,0,0,1.36968,0.341522,1.028160,1,0,26.0657,0,0,0,26.0657,0
51.8651,3.03919,0,0,1.8789,0.0623314,0.36288,3.6288,58.1144,0.66528,0,0,0.644604,0.322927,0,0.66528,12.849,1,0.730591,0.36288,0,27.9094,6.25021,21.2914,0.84672,12.849,0.84672,3695.15,0,0.0036966,0.0018483,0.743291,1.96143,4.53116,1.53934,5.6947,0.42336,0.0018483,0.21168,0.0018483,0.21168,460.486,0,1.02816,0,0,1.77145,0.743291,1.028160,1,0,26.9861,0,0,0,26.9861,0
50.2636,3.02137,0,0,1.86252,0.0798145,0.36288,3.6288,57.7718,0.66528,0,0,0.62987,0.307173,0,0.66528,12.849,1,0.74851,0.36288,0,27.6451,6.14176,21.1177,0.84672,12.849,0.84672,3695.15,0,0.0036966,0.0018483,0.512724,2.11757,3.97005,1.45409,5.14441,0.42336,0.0018483,0.21168,0.0018483,0.21168,460.486,0,1.02816,0,0,1.54088,0.512724,1.028160,1,0,26.2621,0,0,0,26.2621,0
48.3141,3.00245,0,0,1.49438,0.078489,0.36288,3.6288,57.2758,0.68478,0,0,0.49528,0.306494,0,0.66528,12.849,1,0.767523,0.36288,0,32.5166,6.14176,25.9701,0.84672,12.849,0.84672,3695.15,0,0.0036966,0.0018483,0.227405,2.11762,3.2979,1.45409,4.18698,0.42336,0.0018483,0.21168,0.0018483,0.21168,460.486,0,1.00866,0,0,1.23606,0.227405,1.028160,1,0,30.1571,0,0,0,30.1571,0
46.6661,2.97806,0,0,1.76982,0.0768658,0.36288,3.6288,57.0611,0.66528,0,0,0.756031,0.305511,0,0.66528,12.849,1,0.792006,0.36288,0,27.9099,6.14176,21.339,0.84672,12.849,0.84672,3695.15,0,0.0036966,0.0018483,0.831237,2.11768,4.45977,1.45409,5.95274,0.42336,0.0018483,0.21168,0.0018483,0.21168,460.486,0,1.02816,0,0,1.8594,0.831237,1.028160,1,0,27.2917,0,0,0,27.2917,0
45.0147,2.9562,0,0,1.74755,0.0798789,0.36288,3.6288,56.707,0.66528,0,0,0.600793,0.289564,0,0.66528,12.849,1,0.813958,0.36288,0,29.2196,5.75813,23.0104,0.84672,12.849,0.84672,3695.15,0,0.0036966,0.0018483,0.507609,2.11773,5.09921,1.30277,6.41993,0.42336,0.0018483,0.21168,0.0018483,0.21168,460.486,0,1.02816,0,0,1.53577,0.507609,1.028160,1,0,29.4303,0,0,0,29.4303,0
44.1495,2.84356,0,0,2.45654,0.115377,0.36288,3.6288,56.6765,0.66528,0,0,0.902068,0.267301,0,0.66528,12.849,1,0.811665,0.36288,0,52.4064,5.07455,46.8831,0.84672,12.849,0.84672,3695.15,0,0.0036966,0.0018483,0.926286,2.11779,7.27661,1.21967,9.09917,0.42336,0.0018483,0.21168,0.0018483,0.21168,460.486,0,1.02816,0,0,1.95445,0.926286,1.028160,1,0,55.9823,0,0,0,55.9823,0
44.2878,2.83131,0,0,3.44679,0.114251,0.36288,3.6288,57.2932,0.66528,0,0,1.54926,0.267248,0,0.66528,12.849,1,0.824007,0.36288,0,50.0704,5.07455,44.5348,0.84672,12.849,0.84672,3695.15,0,0.0036966,0.0018483,1.96765,2.02838,9.3191,1.21967,12.0936,0.42336,0.0018483,0.21168,0.0018483,0.21168,460.486,0,1.02816,0,0,2.99581,1.96765,1.028160,1,0,56.6284,0,0,0,56.6284,0
44.2703,2.83338,0,0,3.29321,0.114431,0.36288,3.6288,57.5959,0.66528,0,0,1.2363,0.268321,0,0.66528,12.849,1,0.822034,0.36288,0,61.0095,5.07455,55.4758,0.84672,12.849,0.84672,3695.15,0,0.0036966,0.0018483,1.50123,2.02844,8.10838,1.21967,10.4165,0.42336,0.0018483,0.21168,0.0018483,0.21168,460.486,0,1.02816,0,0,2.52939,1.50123,1.028160,1,0,65.8923,0,0,0,65.8923,0
43.8283,2.8332,0,0,2.86845,0.114408,0.36288,3.6288,57.8712,0.66528,0,0,1.20936,0.268848,0,0.66528,12.849,1,0.822307,0.36288,0,58.7614,5.07455,53.2274,0.84672,12.849,0.84672,3695.15,0,0.0036966,0.0018483,1.46459,2.02849,7.7487,1.21967,10.0203,0.42336,0.0018483,0.21168,0.0018483,0.21168,460.486,0,1.02816,0,0,2.49275,1.46459,1.028160,1,0,63.2477,0,0,0,63.2477,0
42.8313,2.75383,0,0,2.29753,0.177836,0.36288,3.6288,57.9823,0.630762,0,0,0.958072,0.216176,0,0.66528,12.849,1,0.807333,0.36288,0,40.7442,4.68141,35.6183,0.84672,12.849,0.84672,3695.15,0,0.0036966,2.01454e-05,1.14659,2.02854,7.30935,1.15153,9.33293,0.42336,0.0018483,0.21168,0.0018483,0.21168,460.486,0,1.02816,0,0,2.17475,1.14659,1.028160,1,0,44.9512,0,0,0,44.9512,0
42.44,2.73945,0,0,2.94754,0.236525,0.36288,3.6288,58.6472,0.630805,0,0,1.5133,0.217574,0,0.66528,12.849,1,0.82181,0.36288,0,41.4348,4.86245,36.1134,0.84672,12.849,0.84672,3695.15,0,0.0036966,2.01082e-05,1.47193,1.94908,6.27038,1.1909,8.50048,0.42336,0.0018483,0.21168,0.0018483,0.21168,460.486,0,1.02816,0,0,2.50009,1.47193,1.028160,1,0,44.6139,0,0,0,44.6139,0
43.4159,2.7337,0,0,4.30802,0.235455,0.36288,3.6288,59.65,0.630849,0,0,1.85217,0.218508,0,0.66528,12.849,1,0.827648,0.36288,0,83.3156,4.86245,77.9884,0.84672,12.849,0.84672,3695.15,0,0.0036966,1.98816e-05,2.72386,1.94913,13.1966,1.1909,16.6787,0.42336,0.0018483,0.21168,0.0018483,0.21168,460.486,0,1.02816,0,0,3.75202,2.72386,1.028160,1,0,94.6671,0,0,0,94.6671,0
44.1381,2.74813,0,0,4.05801,0.224824,0.36288,3.6288,60.2179,0.630892,0,0,1.41848,0.219731,0,0.66528,12.849,1,0.813313,0.36288,0,83.2196,4.82307,77.9461,0.84672,12.849,0.84672,3695.15,0,0.0036966,1.95487e-05,2.81597,1.94918,11.7121,1.17416,15.3031,0.42336,0.0018483,0.21168,0.0018483,0.21168,460.486,0,1.02816,0,0,3.84413,2.81597,1.028160,1,0,93.2492,0,0,0,93.2492,0
45.523,2.64127,0,0,4.58044,0.191383,0.36288,3.6288,61.308,0.517242,0,0,1.84289,0.210149,0.0253713,0.66528,12.849,1,0.768897,0.36288,0,96.001,4.38636,91.2087,0.84672,12.849,0.84672,3695.15,0,0.0036966,1.5876e-05,3.60757,1.94924,14.7178,1.05904,19.2156,0.42336,0.0018483,0.21168,0.0018483,0.21168,460.486,0,1.02816,0,0,4.63573,3.60757,1.028160,1,0,110.45,0,0,0,110.45,0
48.6494,2.65958,0,0,6.37495,0.22615,0.36288,3.6288,61.308,0.517283,0,0,2.48492,0.20763,1.76001,0.66528,12.849,1,0.750675,0.36288,0,112.614,4.12933,108.097,0.84672,12.849,0.84672,3695.15,0,0.0036966,1.55949e-05,4.92236,1.83308,18.9959,1.05113,24.7002,0.42336,0.0018483,0.21168,0.0018483,0.21168,460.486,0,1.02816,0,0,5.95052,4.92236,1.028160,1,0,134.557,0,0,0,134.557,0
56.0888,2.69782,0,0,10.7343,0.234079,0.36288,3.6288,61.308,0.517323,0,0,3.43305,0.20763,2.7081,0.66528,12.849,1,0.712534,0.36288,0,178.188,4.12933,173.709,0.84672,12.849,0.84672,3695.15,0,0.0036966,1.55961e-05,5.46928,1.83312,19.9991,1.05113,26.2503,0.42336,0.0018483,0.21168,0.0018483,0.21168,460.486,0,1.02816,0,0,6.49744,5.46928,1.028160,1,0,202.667,0,0,0,202.667,0
72.2147,2.7748,0,0,19.5102,0.246584,0.36288,3.6288,61.308,0.517363,0,0,21.6956,0.235699,20.9426,0.66528,12.849,1,0.635659,0.36288,0,486.121,4.2329,481.615,0.84672,12.849,0.84672,3695.15,0,0.0036966,1.55974e-05,9.09788,1.83317,53.1979,1.13104,62.9979,0.42336,0.0018483,0.21168,0.0018483,0.21168,460.486,0,1.02816,0,0,10.126,9.09788,1.028160,1,0,565.556,0,0,0,565.556,0
72.29,2.89539,0,0,12.1238,0.268709,8.88444,3.6288,61.308,0.517404,0,0,14.1534,0.210306,13.4256,0.66528,12.849,1,0.51517,8.88444,0,248.295,3.72399,252.94,0.84672,12.849,0.84672,3695.15,0,0.0036966,1.55986e-05,3.83352,1.83322,34.3151,0.973849,39.008,0.42336,0.0018483,0.21168,0.0018483,0.21168,460.486,0,1.02816,0,0,4.86168,3.83352,1.028160,1,0,305.374,0,0,0,305.374,0
72.29,2.98663,0,0,12.327,0.309645,9.03076,3.6288,61.308,0.567412,0,0,12.5138,0.224944,11.7215,0.66528,12.849,1,0.530851,9.03076,0,257.396,4.54268,261.353,0.84672,12.849,0.84672,3695.15,0,0.0036966,1.71062e-05,5.13049,1.83327,33.705,1.0671,39.6016,0.42336,0.0018483,0.21168,0.0018483,0.21168,460.486,0,1.02816,0,0,6.15865,5.13049,1.028160,1,0,312.676,0,0,0,312.676,0
72.29,2.98668,0,0,9.46374,0.327802,6.14925,3.6288,61.308,0.56744,0,0,4.65043,0.207251,3.87574,0.66528,12.849,1,0.53086,6.14925,0,255.904,4.36402,257.158,0.84672,12.849,0.84672,3695.15,0,0.0036966,1.71071e-05,10.7082,1.89194,29.8582,1.0353,41.423,0.42336,0.0018483,0.21168,0.0018483,0.21168,460.486,0,1.02816,0,0,11.7363,10.7082,1.028160,1,0,302.457,0,0,0,302.457,0
72.29,2.98674,0,0,8.61607,0.343947,5.28538,3.6288,61.308,0.567468,0,0,4.25414,0.207914,3.47876,0.66528,12.849,1,0.53087,5.28538,0,211.367,4.40601,211.716,0.84672,12.849,0.84672,3695.15,0,0.0036966,1.71079e-05,9.34096,1.89198,24.1994,1.07659,34.3558,0.42336,0.0018483,0.21168,0.0018483,0.21168,460.486,0,1.02816,0,0,10.3691,9.34096,1.028160,1,0,249.55,0,0,0,249.55,0
72.29,2.98679,0,0,5.85724,0.343947,2.5265,3.6288,61.308,0.567496,0,0,2.56105,0.207914,1.78564,0.66528,12.849,1,0.530879,2.5265,0,144.391,4.40601,141.98,0.84672,12.849,0.84672,3695.15,0,0.0036966,1.71088e-05,4.41789,1.89201,11.6827,1.07659,16.916,0.42336,0.0018483,0.21168,0.0018483,0.21168,460.486,0,1.02816,0,0,5.44605,4.41789,1.028160,1,0,160.682,0,0,0,160.682,0
72.29,3.16584,0,0,7.65755,0.320728,4.17098,3.6288,61.308,0.66528,0,0,4.28935,0.237773,3.3863,0.66528,12.849,1,0.562704,4.17098,0,268.499,4.58847,267.519,0.84672,12.849,0.84672,3695.15,0,0.0036966,0.0018483,6.1612,1.89204,17.7701,1.23131,24.5902,0.42336,0.0018483,0.21168,0.0018483,0.21168,460.486,0,1.02816,0,0,7.18936,6.1612,1.028160,1,0,295.496,0,0,0,295.496,0
72.29,3.1659,0,0,11.1266,0.342096,7.6186,3.6288,61.308,0.66528,0,0,4.55668,0.194748,3.69665,0.66528,12.849,1,0.562714,7.6186,0,259.381,4.14193,262.295,0.84672,12.849,0.84672,3695.15,0,0.0036966,0.0018483,6.22028,2.02933,26.4711,1.17426,33.5446,0.42336,0.0018483,0.21168,0.0018483,0.21168,460.486,0,1.02816,0,0,7.24844,6.22028,1.028160,1,0,299.537,0,0,0,299.537,0
72.29,3.16595,0,0,11.9691,0.34856,8.45456,3.6288,61.308,0.66528,0,0,10.6163,0.183844,9.76719,0.66528,12.849,1,0.562724,8.45456,0,259.161,4.0447,263.008,0.84672,12.849,0.84672,3695.15,0,0.0036966,0.0018483,10.7448,2.02936,32.3383,1.14541,43.9652,0.42336,0.0018483,0.21168,0.0018483,0.21168,460.486,0,1.02816,0,0,11.773,10.7448,1.028160,1,0,316.741,0,0,0,316.741,0
72.29,3.16601,0,0,8.28688,0.34856,4.77231,3.6288,61.308,0.66528,0,0,7.00821,0.183844,6.15908,0.66528,12.849,1,0.562734,4.77231,0,199.584,4.0447,199.749,0.84672,12.849,0.84672,3695.15,0,0.0036966,0.0018483,9.50124,2.0294,22.4421,1.14541,32.8255,0.42336,0.0018483,0.21168,0.0018483,0.21168,460.486,0,1.02816,0,0,10.5294,9.50124,1.028160,1,0,238.733,0,0,0,238.733,0
72.29,2.86285,0,0,7.58589,0.319512,4.40353,3.6288,61.308,0.503467,0,0,6.62647,0.213096,5.9099,0.66528,12.849,1,0.508849,4.40353,0,213.205,4.06192,213.038,0.84672,12.849,0.84672,3695.15,0,0.0036966,1.51784e-05,7.60725,2.02944,18.5649,1.14448,27.057,0.42336,0.0018483,0.21168,0.0018483,0.21168,460.486,0,1.02816,0,0,8.63541,7.60725,1.028160,1,0,246.005,0,0,0,246.005,0
72.29,2.8629,0,0,5.0247,0.320608,1.84119,3.6288,61.308,0.503494,0,0,2.24554,0.216334,1.52571,0.66528,12.849,1,0.508858,1.84119,0,100.505,3.99494,97.8422,0.84672,12.849,0.84672,3695.15,0,0.0036966,1.51792e-05,2.65317,1.81522,8.14113,1.08822,11.5213,0.42336,0.0018483,0.21168,0.0018483,0.21168,460.486,0,1.02816,0,0,3.68133,2.65317,1.028160,1,0,110.889,0,0,0,110.889,0
72.29,2.86295,0,0,8.88615,0.320608,5.7026,3.6288,61.308,0.503521,0,0,7.45111,0.216334,6.73126,0.66528,12.849,1,0.508867,5.7026,0,220.626,3.99494,221.825,0.84672,12.849,0.84672,3695.15,0,0.0036966,1.518e-05,9.95682,1.81525,25.3352,1.08822,36.019,0.42336,0.0018483,0.21168,0.0018483,0.21168,460.486,0,1.02816,0,0,10.985,9.95682,1.028160,1,0,264.575,0,0,0,264.575,0
72.29,2.863,0,0,7.01514,0.320608,3.83153,3.6288,61.308,0.503548,0,0,4.7398,0.216334,4.01992,0.66528,12.849,1,0.508876,3.83153,0,238.061,3.99494,237.389,0.84672,12.849,0.84672,3695.15,0,0.0036966,1.51809e-05,7.70757,1.81528,18.4925,1.08822,26.9272,0.42336,0.0018483,0.21168,0.0018483,0.21168,460.486,0,1.02816,0,0,8.73573,7.70757,1.028160,1,0,268.336,0,0,0,268.336,0
72.29,2.86305,0,0,5.85607,0.321565,2.67146,3.6288,61.308,0.503575,0,0,3.66879,0.208542,2.95668,0.66528,12.849,1,0.508885,2.67146,0,198.618,3.89574,196.885,0.84672,12.849,0.84672,3695.15,0,0.0036966,1.51817e-05,4.63568,1.81531,14.1845,1.06535,19.5702,0.42336,0.0018483,0.21168,0.0018483,0.21168,460.486,0,1.02816,0,0,5.66384,4.63568,1.028160,1,0,219.412,0,0,0,219.412,0
72.29,2.96771,0,0,6.94853,0.327312,3.65351,3.6288,61.308,0.565207,0,0,4.63399,0.161794,3.90699,0.66528,12.849,1,0.527488,3.65351,0,165.103,3.30057,164.928,0.84672,12.849,0.84672,3695.15,0,0.0036966,1.70397e-05,5.93853,1.81534,19.7669,0.928133,26.5926,0.42336,0.0018483,0.21168,0.0018483,0.21168,460.486,0,1.02816,0,0,6.96669,5.93853,1.028160,1,0,195.428,0,0,0,195.428,0
72.29,2.96776,0,0,8.73167,0.327312,5.4366,3.6288,61.308,0.565235,0,0,7.9062,0.161794,7.17918,0.66528,12.849,1,0.527497,5.4366,0,182.242,3.30057,183.85,0.84672,12.849,0.84672,3695.15,0,0.0036966,1.70406e-05,11.3475,1.88606,31.0863,0.928133,43.3917,0.42336,0.0018483,0.21168,0.0018483,0.21168,460.486,0,1.02816,0,0,12.3757,11.3475,1.028160,1,0,234.421,0,0,0,234.421,0
72.29,2.96782,0,0,6.10953,0.282672,2.85905,3.6288,61.308,0.565264,0,0,5.02892,0.185582,4.27808,0.66528,12.849,1,0.527507,2.85905,0,218.747,3.59142,217.487,0.84672,12.849,0.84672,3695.15,0,0.0036966,1.70414e-05,6.24387,1.8861,18.08,0.985384,25.2245,0.42336,0.0018483,0.21168,0.0018483,0.21168,460.486,0,1.02816,0,0,7.27203,6.24387,1.028160,1,0,246.989,0,0,0,246.989,0
72.29,2.96787,0,0,5.47625,0.222494,2.28589,3.6288,61.308,0.565292,0,0,3.99453,0.235322,3.19392,0.66528,12.849,1,0.527516,2.28589,0,157.016,3.62622,155.149,0.84672,12.849,0.84672,3695.15,0,0.0036966,1.70423e-05,5.33157,1.88613,16.002,1.12489,22.0948,0.42336,0.0018483,0.21168,0.0018483,0.21168,460.486,0,1.02816,0,0,6.35973,5.33157,1.028160,1,0,180.437,0,0,0,180.437,0
72.29,2.92701,0,0,5.58684,0.204127,2.4557,3.6288,61.308,0.541392,0,0,3.67643,0.219256,2.91579,0.66528,12.849,1,0.520255,2.4557,0,122.309,4.13391,120.11,0.84672,12.849,0.84672,3695.15,0,0.0036966,1.63218e-05,5.63855,1.88616,16.0358,1.08291,22.4775,0.42336,0.0018483,0.21168,0.0018483,0.21168,460.486,0,1.02816,0,0,6.66671,5.63855,1.028160,1,0,145.504,0,0,0,145.504,0
72.29,2.92707,0,0,4.89691,0.202242,1.7676,3.6288,61.308,0.541419,0,0,3.24517,0.215461,2.48829,0.66528,12.849,1,0.520264,1.7676,0,118.456,4.22079,115.483,0.84672,12.849,0.84672,3695.15,0,0.0036966,1.63226e-05,4.60876,1.85868,12.2824,1.07268,17.6771,0.42336,0.0018483,0.21168,0.0018483,0.21168,460.486,0,1.02816,0,0,5.63692,4.60876,1.028160,1,0,135.648,0,0,0,135.648,0
72.29,2.92712,0,0,4.62218,0.202242,1.49282,3.6288,61.308,0.541447,0,0,2.96673,0.215461,2.20982,0.66528,12.849,1,0.520273,1.49282,0,109.134,4.22079,105.885,0.84672,12.849,0.84672,3695.15,0,0.0036966,1.63234e-05,3.61024,1.85871,10.8881,1.07268,15.2844,0.42336,0.0018483,0.21168,0.0018483,0.21168,460.486,0,1.02816,0,0,4.6384,3.61024,1.028160,1,0,123.38,0,0,0,123.38,0
72.29,2.92717,0,0,4.27709,0.202242,1.14767,3.6288,61.308,0.541475,0,0,2.78411,0.215461,2.02717,0.66528,12.849,1,0.520282,1.14767,0,100.153,4.22079,96.5598,0.84672,12.849,0.84672,3695.15,0,0.0036966,1.63243e-05,3.2737,1.85875,9.56647,1.07268,13.6262,0.42336,0.0018483,0.21168,0.0018483,0.21168,460.486,0,1.02816,0,0,4.30186,3.2737,1.028160,1,0,112.213,0,0,0,112.213,0
72.29,3.06608,0,0,4.05444,0.153583,0.834777,3.6288,61.308,0.626365,0,0,2.48994,0.231212,1.63236,0.66528,12.849,1,0.544973,0.834777,0,89.8076,4.55014,85.5473,0.84672,12.849,0.84672,3695.15,0,0.0036966,1.88835e-05,2.91279,1.85878,9.91362,1.0754,13.6098,0.42336,0.0018483,0.21168,0.0018483,0.21168,460.486,0,1.02816,0,0,3.94095,2.91279,1.028160,1,0,100.789,0,0,0,100.789,0
72.29,3.06614,0,0,4.17874,0.135326,0.977275,3.6288,61.308,0.626395,0,0,2.73718,0.222316,1.88847,0.66528,12.849,1,0.544982,0.977275,0,93.852,4.33598,89.9483,0.84672,12.849,0.84672,3695.15,0,0.0036966,1.88844e-05,2.94019,1.95503,11.388,0.987418,15.2958,0.42336,0.0018483,0.21168,0.0018483,0.21168,460.486,0,1.02816,0,0,3.96835,2.94019,1.028160,1,0,107.133,0,0,0,107.133,0
72.29,3.06619,0,0,3.84762,0.135326,0.646102,3.6288,61.308,0.626424,0,0,2.3706,0.222316,1.52186,0.66528,12.849,1,0.544992,0.646102,0,81.3879,4.33598,77.1531,0.84672,12.849,0.84672,3695.15,0,0.0036966,1.88853e-05,2.7261,1.95506,9.89332,0.987418,13.587,0.42336,0.0018483,0.21168,0.0018483,0.21168,460.486,0,1.02816,0,0,3.75426,2.7261,1.028160,1,0,92.262,0,0,0,92.262,0
72.2385,3.06624,0,0,3.51295,0.135326,0.36288,3.6288,61.308,0.626453,0,0,2.22007,0.222316,1.3713,0.66528,12.849,1,0.545002,0.36288,0,72.2321,4.33598,67.714,0.84672,12.849,0.84672,3695.15,0,0.0036966,1.88862e-05,2.56052,1.9551,9.64716,0.987418,13.1753,0.42336,0.0018483,0.21168,0.0018483,0.21168,460.486,0,1.02816,0,0,3.58868,2.56052,1.028160,1,0,82.2607,0,0,0,82.2607,0
72.0739,3.06597,0,0,3.39682,0.132551,0.36288,3.6288,61.308,0.626483,0,0,2.1362,0.227112,1.2826,0.66528,12.849,1,0.545341,0.36288,0,71.9168,4.57412,67.1602,0.84672,12.849,0.84672,3695.15,0,0.0036966,1.88871e-05,2.33415,1.95513,9.64596,1.02281,12.9124,0.42336,0.0018483,0.21168,0.0018483,0.21168,460.486,0,1.02816,0,0,3.36231,2.33415,1.028160,1,0,81.3552,0,0,0,81.3552,0
72.29,3.03751,0,0,4.06183,0.150439,0.657806,3.6288,61.308,0.66528,0,0,2.71158,0.24667,1.79963,0.66528,12.849,1,0.541514,0.657806,0,78.7268,5.41065,73.4325,0.84672,12.849,0.84672,3695.15,0,0.0036966,0.0018483,2.74694,1.95517,11.2085,1.25798,14.6508,0.42336,0.0018483,0.21168,0.0018483,0.21168,460.486,0,1.02816,0,0,3.7751,2.74694,1.028160,1,0,89.8829,0,0,0,89.8829,0
72.29,3.03894,0,0,3.82721,0.072915,0.715351,3.6288,61.308,0.66528,0,0,2.72771,0.275726,1.7867,0.66528,12.849,1,0.540149,0.715351,0,73.6534,5.63504,68.1936,0.84672,12.849,0.84672,3695.15,0,0.0036966,0.0018483,2.7055,1.98518,11.3296,1.32463,14.6938,0.42336,0.0018483,0.21168,0.0018483,0.21168,460.486,0,1.02816,0,0,3.73366,2.7055,1.028160,1,0,84.6741,0,0,0,84.6741,0
72.29,3.039,0,0,3.53291,0.0729816,0.420935,3.6288,61.308,0.66528,0,0,2.6993,0.275726,1.75829,0.66528,12.849,1,0.540159,0.420935,0,67.3471,5.63504,61.5928,0.84672,12.849,0.84672,3695.15,0,0.0036966,0.0018483,2.62726,1.98521,10.3947,1.32463,13.6807,0.42336,0.0018483,0.21168,0.0018483,0.21168,460.486,0,1.02816,0,0,3.65542,2.62726,1.028160,1,0,77.0318,0,0,0,77.0318,0
72.1173,3.03905,0,0,3.30213,0.072915,0.36288,3.6288,61.308,0.66528,0,0,2.71557,0.275726,1.77456,0.66528,12.849,1,0.540168,0.36288,0,62.6153,5.63504,56.803,0.84672,12.849,0.84672,3695.15,0,0.0036966,0.0018483,2.79045,1.98525,10.0477,1.32463,13.4969,0.42336,0.0018483,0.21168,0.0018483,0.21168,460.486,0,1.02816,0,0,3.81861,2.79045,1.028160,1,0,72.0745,0,0,0,72.0745,0
71.9464,3.00238,0,0,3.27118,0.0768363,0.36288,3.6288,61.308,0.655128,0,0,2.34093,0.290547,1.39526,0.66528,12.849,1,0.534928,0.36288,0,65.4046,5.66174,59.5708,0.84672,12.849,0.84672,3695.15,0,0.0036966,1.97506e-05,2.31443,1.98528,9.26009,1.41206,12.1477,0.42336,0.0018483,0.21168,0.0018483,0.21168,460.486,0,1.02816,0,0,3.34259,2.31443,1.028160,1,0,73.1138,0,0,0,73.1138,0
71.6653,3.00135,0,0,3.16148,0.0783412,0.36288,3.6288,61.308,0.655158,0,0,2.10063,0.296475,1.149,0.66528,12.849,1,0.536015,0.36288,0,58.9828,5.67241,53.1372,0.84672,12.849,0.84672,3695.15,0,0.0036966,1.97515e-05,2.26048,1.96343,8.3382,1.44703,11.1151,0.42336,0.0018483,0.21168,0.0018483,0.21168,460.486,0,1.02816,0,0,3.28864,2.26048,1.028160,1,0,65.4013,0,0,0,65.4013,0
71.1003,2.99962,0,0,2.87568,0.0781737,0.36288,3.6288,61.308,0.655187,0,0,1.97313,0.296475,1.02147,0.66528,12.849,1,0.537808,0.36288,0,54.2367,5.67241,48.3894,0.84672,12.849,0.84672,3695.15,0,0.0036966,1.97524e-05,1.7458,1.96346,7.63128,1.44703,9.89349,0.42336,0.0018483,0.21168,0.0018483,0.21168,460.486,0,1.02816,0,0,2.77396,1.7458,1.028160,1,0,59.3044,0,0,0,59.3044,0
70.927,2.99605,0,0,3.25351,0.0678943,0.36288,3.6288,61.308,0.655217,0,0,2.39891,0.290285,1.45341,0.66528,12.849,1,0.541437,0.36288,0,55.776,5.81391,49.7836,0.84672,12.849,0.84672,3695.15,0,0.0036966,1.97533e-05,2.72384,1.9635,11.1879,1.48391,14.3913,0.42336,0.0018483,0.21168,0.0018483,0.21168,460.486,0,1.02816,0,0,3.752,2.72384,1.028160,1,0,65.6283,0,0,0,65.6283,0
70.5442,3.19501,0,0,3.23972,0.0646257,0.36288,3.6288,61.308,0.66528,0,0,2.2882,0.285998,1.33692,0.66528,12.849,1,0.578802,0.36288,0,52.9744,5.92053,46.838,0.84672,12.849,0.84672,3695.15,0,0.0036966,0.0018483,2.80121,1.96353,9.99933,1.51889,13.2433,0.42336,0.0018483,0.21168,0.0018483,0.21168,460.486,0,1.02816,0,0,3.82937,2.80121,1.028160,1,0,61.4182,0,0,0,61.4182,0
70.076,3.19241,0,0,3.16488,0.0778011,0.36288,3.6288,61.308,0.66528,0,0,2.09036,0.30123,1.12385,0.66528,12.849,1,0.581469,0.36288,0,46.8704,5.89546,40.7564,0.84672,12.849,0.84672,3695.15,0,0.0036966,0.0018483,2.44112,2.11982,9.02137,1.52012,12.0603,0.42336,0.0018483,0.21168,0.0018483,0.21168,460.486,0,1.02816,0,0,3.46928,2.44112,1.028160,1,0,53.9406,0,0,0,53.9406,0
69.9584,3.18918,0,0,3.50951,0.0749992,0.36288,3.6288,61.308,0.66528,0,0,2.4961,0.29684,1.53398,0.66528,12.849,1,0.584763,0.36288,0,56.1932,5.92882,50.0425,0.84672,12.849,0.84672,3695.15,0,0.0036966,0.0018483,3.25245,2.11986,9.02448,1.53109,12.8638,0.42336,0.0018483,0.21168,0.0018483,0.21168,460.486,0,1.02816,0,0,4.28061,3.25245,1.028160,1,0,64.4403,0,0,0,64.4403,0
69.1148,3.18841,0,0,2.78265,0.0749311,0.36288,3.6288,61.308,0.66528,0,0,1.87352,0.29684,0.911404,0.66528,12.849,1,0.585603,0.36288,0,61.7026,5.92882,55.551,0.84672,12.849,0.84672,3695.15,0,0.0036966,0.0018483,2.18682,2.1199,7.24611,1.53109,10.0199,0.42336,0.0018483,0.21168,0.0018483,0.21168,460.486,0,1.02816,0,0,3.21498,2.18682,1.028160,1,0,66.4823,0,0,0,66.4823,0
68.8773,3.18244,0,0,3.3822,0.0744429,0.36288,3.6288,61.308,0.66528,0,0,3.01212,0.29684,2.05,0.66528,12.849,1,0.59164,0.36288,0,53.7853,5.92882,47.6277,0.84672,12.849,0.84672,3695.15,0,0.0036966,0.0018483,4.30207,2.11993,10.4407,1.53109,15.3297,0.42336,0.0018483,0.21168,0.0018483,0.21168,460.486,0,1.02816,0,0,5.33023,4.30207,1.028160,1,0,65.0074,0,0,0,65.0074,0
69.2923,3.08372,0,0,4.0097,0.148068,0.36288,3.6288,61.308,0.66528,0,0,2.72906,0.296288,1.76749,0.66528,12.849,1,0.575266,0.36288,0,68.454,5.25136,62.9903,0.84672,12.849,0.84672,3695.15,0,0.0036966,0.0018483,3.72559,2.11997,10.4777,1.19359,15.1279,0.42336,0.0018483,0.21168,0.0018483,0.21168,460.486,0,1.02816,0,0,4.75375,3.72559,1.028160,1,0,79.8856,0,0,0,79.8856,0
68.8016,3.08669,0,0,3.10741,0.148547,0.36288,3.6288,61.308,0.66528,0,0,2.19058,0.296288,1.22901,0.66528,12.849,1,0.57237,0.36288,0,56.7432,5.25136,51.2823,0.84672,12.849,0.84672,3695.15,0,0.0036966,0.0018483,3.03304,2.03046,8.7639,1.19359,12.632,0.42336,0.0018483,0.21168,0.0018483,0.21168,460.486,0,1.02816,0,0,4.0612,3.03304,1.028160,1,0,65.1433,0,0,0,65.1433,0
68.7202,3.0833,0,0,3.51275,0.147981,0.36288,3.6288,61.308,0.66528,0,0,2.23322,0.296288,1.27166,0.66528,12.849,1,0.57582,0.36288,0,61.9555,5.25136,56.4912,0.84672,12.849,0.84672,3695.15,0,0.0036966,0.0018483,3.03121,2.03049,12.4784,1.19359,16.3447,0.42336,0.0018483,0.21168,0.0018483,0.21168,460.486,0,1.02816,0,0,4.05937,3.03121,1.028160,1,0,74.1076,0,0,0,74.1076,0
70.3948,3.08278,0,0,5.26812,0.147887,0.36288,3.6288,61.308,0.66528,0,0,3.1529,0.296288,2.19133,0.66528,12.849,1,0.576405,0.36288,0,77.6745,5.25136,72.2096,0.84672,12.849,0.84672,3695.15,0,0.0036966,0.0018483,4.08482,2.03053,16.2975,1.19359,21.2175,0.42336,0.0018483,0.21168,0.0018483,0.21168,460.486,0,1.02816,0,0,5.11298,4.08482,1.028160,1,0,95.6184,0,0,0,95.6184,0
70.1857,3.01449,0,0,3.3877,0.21936,0.36288,3.6288,61.308,0.632402,0,0,2.00276,0.22587,1.14449,0.66528,12.849,1,0.550229,0.36288,0,63.8091,4.21851,59.4032,0.84672,12.849,0.84672,3695.15,0,0.0036966,1.90655e-05,2.15949,2.03056,16.8422,1.02529,20.0069,0.42336,0.0018483,0.21168,0.0018483,0.21168,460.486,0,1.02816,0,0,3.18765,2.15949,1.028160,1,0,80.5546,0,0,0,80.5546,0
69.112,3.01316,0,0,2.54547,0.243147,0.36288,3.6288,61.308,0.632432,0,0,2.11322,0.191546,1.28925,0.66528,12.849,1,0.551624,0.36288,0,41.5126,3.73789,37.586,0.84672,12.849,0.84672,3695.15,0,0.0036966,1.90664e-05,1.77836,1.95101,12.6427,0.975355,15.3967,0.42336,0.0018483,0.21168,0.0018483,0.21168,460.486,0,1.02816,0,0,2.80652,1.77836,1.028160,1,0,54.272,0,0,0,54.272,0
67.4045,3.00599,0,0,1.90245,0.241134,0.36288,3.6288,61.308,0.632461,0,0,2.2227,0.191546,1.39869,0.66528,12.849,1,0.55886,0.36288,0,29.155,3.73789,25.2211,0.84672,12.849,0.84672,3695.15,0,0.0036966,1.90673e-05,2.05902,1.95104,9.8604,0.975355,12.8951,0.42336,0.0018483,0.21168,0.0018483,0.21168,460.486,0,1.02816,0,0,3.08718,2.05902,1.028160,1,0,39.5149,0,0,0,39.5149,0
66.2365,2.99415,0,0,2.46806,0.279008,0.36288,3.6288,61.308,0.63249,0,0,1.67237,0.205343,0.834533,0.66528,12.849,1,0.570761,0.36288,0,38.9496,3.96985,34.7718,0.84672,12.849,0.84672,3695.15,0,0.0036966,1.90682e-05,1.2414,1.95108,16.9836,1.02951,19.1466,0.42336,0.0018483,0.21168,0.0018483,0.21168,460.486,0,1.02816,0,0,2.26956,1.2414,1.028160,1,0,54.753,0,0,0,54.753,0
67.4382,2.85887,0,0,4.73089,0.307471,0.36288,3.6288,61.308,0.518718,0,0,2.25339,0.221203,1.51347,0.66528,12.849,1,0.554583,0.36288,0,102.899,4.24159,98.466,0.84672,12.849,0.84672,3695.15,0,0.0036966,1.56382e-05,2.4576,1.95111,16.5237,1.08568,19.8468,0.42336,0.0018483,0.21168,0.0018483,0.21168,460.486,0,1.02816,0,0,3.48576,2.4576,1.028160,1,0,119.826,0,0,0,119.826,0
66.6247,2.86722,0,0,2.72839,0.311691,0.36288,3.6288,61.308,0.518745,0,0,1.97539,0.234983,1.22166,0.66528,12.849,1,0.546293,0.36288,0,79.5291,4.48602,74.8597,0.84672,12.849,0.84672,3695.15,0,0.0036966,1.5639e-05,2.17137,1.83483,22.6714,1.12457,25.553,0.42336,0.0018483,0.21168,0.0018483,0.21168,460.486,0,1.02816,0,0,3.19953,2.17137,1.028160,1,0,101.634,0,0,0,101.634,0
68.7343,2.86168,0,0,5.64376,0.309694,0.36288,3.6288,61.308,0.518773,0,0,4.75861,0.234983,4.00485,0.66528,12.849,1,0.551893,0.36288,0,133.199,4.48602,128.524,0.84672,12.849,0.84672,3695.15,0,0.0036966,1.56398e-05,6.48097,1.83486,30.0504,1.12457,37.2417,0.42336,0.0018483,0.21168,0.0018483,0.21168,460.486,0,1.02816,0,0,7.50913,6.48097,1.028160,1,0,169.771,0,0,0,169.771,0
70.1207,2.87601,0,0,4.92573,0.30044,0.36288,3.6288,61.308,0.5188,0,0,1.69257,0.229055,0.944713,0.66528,12.849,1,0.537633,0.36288,0,81.4726,4.18242,77.1154,0.84672,12.849,0.84672,3695.15,0,0.0036966,1.56407e-05,2.54671,1.83489,20.1287,1.07425,23.436,0.42336,0.0018483,0.21168,0.0018483,0.21168,460.486,0,1.02816,0,0,3.57487,2.54671,1.028160,1,0,101.496,0,0,0,101.496,0
71.4574,2.88504,0,0,4.87742,0.292747,0.36288,3.6288,61.308,0.518827,0,0,3.29688,0.224609,2.55344,0.66528,12.849,1,0.528659,0.36288,0,65.2376,3.95472,61.1171,0.84672,12.849,0.84672,3695.15,0,0.0036966,1.56415e-05,3.1025,1.83492,21.9134,1.03651,25.8143,0.42336,0.0018483,0.21168,0.0018483,0.21168,460.486,0,1.02816,0,0,4.13066,3.1025,1.028160,1,0,89.4848,0,0,0,89.4848,0
72.29,2.89342,0,0,5.45385,0.288154,1.43968,3.6288,61.308,0.518827,0,0,2.2595,0.211236,1.52944,0.66528,12.849,1,0.520277,1.43968,0,73.4098,3.64809,70.6812,0.84672,12.849,0.84672,3695.15,0,0.0036966,1.56415e-05,2.26011,1.83496,12.4466,0.7118,15.8299,0.42336,0.0018483,0.21168,0.0018483,0.21168,460.486,0,1.02816,0,0,3.28827,2.26011,1.028160,1,0,88.0405,0,0,0,88.0405,0
72.29,2.98936,0,0,6.81543,0.288709,3.53736,3.6288,61.308,0.568868,0,0,2.58903,0.209007,1.81115,0.66528,12.849,1,0.531335,3.53736,0,118.042,3.59699,117.451,0.84672,12.849,0.84672,3695.15,0,0.0036966,1.71501e-05,3.21154,1.83496,13.273,0.657681,17.6618,0.42336,0.0018483,0.21168,0.0018483,0.21168,460.486,0,1.02816,0,0,4.2397,3.21154,1.028160,1,0,136.924,0,0,0,136.924,0
72.29,2.98938,0,0,4.7002,0.288709,1.42211,3.6288,61.308,0.568883,0,0,1.59406,0.209007,0.816173,0.66528,12.849,1,0.531341,1.42211,0,92.3659,3.59699,89.6597,0.84672,12.849,0.84672,3695.15,0,0.0036966,1.71506e-05,1.57582,1.89367,9.44844,0.657681,12.2602,0.42336,0.0018483,0.21168,0.0018483,0.21168,460.486,0,1.02816,0,0,2.60398,1.57582,1.028160,1,0,102.736,0,0,0,102.736,0
72.29,2.98941,0,0,5.24529,0.324253,1.93163,3.6288,61.308,0.568898,0,0,1.78089,0.268293,0.943694,0.66528,12.849,1,0.531346,1.93163,0,102.789,4.57808,99.6114,0.84672,12.849,0.84672,3695.15,0,0.0036966,1.7151e-05,1.87474,1.89369,11.537,1.09819,14.2072,0.42336,0.0018483,0.21168,0.0018483,0.21168,460.486,0,1.02816,0,0,2.9029,1.87474,1.028160,1,0,114.762,0,0,0,114.762,0
72.29,2.98944,0,0,6.03835,0.306985,2.74192,3.6288,61.308,0.568914,0,0,1.76365,0.219988,0.974747,0.66528,12.849,1,0.531351,2.74192,0,89.0231,3.81351,87.4202,0.84672,12.849,0.84672,3695.15,0,0.0036966,1.71515e-05,1.64397,1.89371,9.0356,0.956145,11.6171,0.42336,0.0018483,0.21168,0.0018483,0.21168,460.486,0,1.02816,0,0,2.67213,1.64397,1.028160,1,0,100.012,0,0,0,100.012,0
72.29,3.16863,0,0,4.55782,0.26001,1.12919,3.6288,61.308,0.66528,0,0,2.10729,0.194738,1.24727,0.66528,12.849,1,0.563199,1.12919,0,112.214,3.19977,109.58,0.84672,12.849,0.84672,3695.15,0,0.0036966,0.0018483,2.24622,1.89372,8.50319,0.909521,11.7318,0.42336,0.0018483,0.21168,0.0018483,0.21168,460.486,0,1.02816,0,0,3.27438,2.24622,1.028160,1,0,122.559,0,0,0,122.559,0
72.29,3.16866,0,0,6.3189,0.274469,2.87577,3.6288,61.308,0.66528,0,0,1.42311,0.187202,0.57063,0.66528,12.849,1,0.563205,2.87577,0,158.433,3.24354,157.502,0.84672,12.849,0.84672,3695.15,0,0.0036966,0.0018483,2.06411,2.03111,6.67156,0.890355,9.87458,0.42336,0.0018483,0.21168,0.0018483,0.21168,460.486,0,1.02816,0,0,3.09227,2.06411,1.028160,1,0,167.947,0,0,0,167.947,0
72.29,3.16869,0,0,9.29742,0.330928,5.7978,3.6288,61.308,0.66528,0,0,1.60003,0.195792,0.738961,0.66528,12.849,1,0.56321,5.7978,0,153.454,3.27749,155.411,0.84672,12.849,0.84672,3695.15,0,0.0036966,0.0018483,4.19629,2.03113,8.69927,0.88355,14.0413,0.42336,0.0018483,0.21168,0.0018483,0.21168,460.486,0,1.02816,0,0,5.22445,4.19629,1.028160,1,0,170.192,0,0,0,170.192,0
72.29,3.16872,0,0,5.03467,0.332483,1.53348,3.6288,61.308,0.66528,0,0,1.52341,0.211155,0.646978,0.66528,12.849,1,0.563215,1.53348,0,151.759,3.50357,149.226,0.84672,12.849,0.84672,3695.15,0,0.0036966,0.0018483,1.41197,2.03115,6.34699,0.979768,8.80849,0.42336,0.0018483,0.21168,0.0018483,0.21168,460.486,0,1.02816,0,0,2.44013,1.41197,1.028160,1,0,158.681,0,0,0,158.681,0
72.29,2.86527,0,0,4.26324,0.314245,1.08372,3.6288,61.308,0.504764,0,0,2.08893,0.204208,1.37996,0.66528,12.849,1,0.50928,1.08372,0,129.965,3.88049,126.659,0.84672,12.849,0.84672,3695.15,0,0.0036966,1.52175e-05,1.58242,2.03117,5.81228,1.06695,8.35892,0.42336,0.0018483,0.21168,0.0018483,0.21168,460.486,0,1.02816,0,0,2.61058,1.58242,1.028160,1,0,136.398,0,0,0,136.398,0
72.29,2.8653,0,0,5.5511,0.314245,2.37155,3.6288,61.308,0.504778,0,0,3.0357,0.204208,2.32671,0.66528,12.849,1,0.509285,2.37155,0,134.142,3.88049,132.124,0.84672,12.849,0.84672,3695.15,0,0.0036966,1.52179e-05,2.74405,1.81675,12.9968,1.06695,16.4906,0.42336,0.0018483,0.21168,0.0018483,0.21168,460.486,0,1.02816,0,0,3.77221,2.74405,1.028160,1,0,150.941,0,0,0,150.941,0
72.29,2.86532,0,0,4.06229,0.314245,0.882725,3.6288,61.308,0.504793,0,0,2.68434,0.204208,1.97534,0.66528,12.849,1,0.50929,0.882725,0,118.776,3.88049,115.269,0.84672,12.849,0.84672,3695.15,0,0.0036966,1.52184e-05,2.7538,1.81677,7.73067,1.06695,11.2343,0.42336,0.0018483,0.21168,0.0018483,0.21168,460.486,0,1.02816,0,0,3.78196,2.7538,1.028160,1,0,128.478,0,0,0,128.478,0
72.29,2.86535,0,0,8.40922,0.280261,5.26361,3.6288,61.308,0.504807,0,0,4.4373,0.186159,3.74633,0.66528,12.849,1,0.509294,5.26361,0,177.8,3.6189,178.935,0.84672,12.849,0.84672,3695.15,0,0.0036966,1.52188e-05,5.30669,1.81679,20.1705,1.02937,26.2646,0.42336,0.0018483,0.21168,0.0018483,0.21168,460.486,0,1.02816,0,0,6.33485,5.30669,1.028160,1,0,208.946,0,0,0,208.946,0
72.29,2.86538,0,0,5.77793,0.279281,2.63327,3.6288,61.308,0.504822,0,0,2.75879,0.177015,2.07695,0.66528,12.849,1,0.509299,2.63327,0,149.317,4.50923,146.932,0.84672,12.849,0.84672,3695.15,0,0.0036966,1.52193e-05,3.27038,1.8168,12.6645,1.23103,16.5207,0.42336,0.0018483,0.21168,0.0018483,0.21168,460.486,0,1.02816,0,0,4.29854,3.27038,1.028160,1,0,165.53,0,0,0,165.53,0
72.29,2.9701,0,0,6.18595,0.279281,2.93657,3.6288,61.308,0.566491,0,0,2.93047,0.177015,2.18697,0.66528,12.849,1,0.527913,2.93657,0,140.551,4.50923,138.451,0.84672,12.849,0.84672,3695.15,0,0.0036966,1.70784e-05,3.25075,1.81682,12.5332,1.23103,16.3697,0.42336,0.0018483,0.21168,0.0018483,0.21168,460.486,0,1.02816,0,0,4.27891,3.25075,1.028160,1,0,157.007,0,0,0,157.007,0
72.29,2.97013,0,0,6.62239,0.267681,3.38458,3.6288,61.308,0.566506,0,0,2.80536,0.182235,2.05662,0.66528,12.849,1,0.527918,3.38458,0,301.819,4.57958,300.096,0.84672,12.849,0.84672,3695.15,0,0.0036966,1.70789e-05,3.63423,1.88758,13.3729,1.2409,17.6538,0.42336,0.0018483,0.21168,0.0018483,0.21168,460.486,0,1.02816,0,0,4.66239,3.63423,1.028160,1,0,319.807,0,0,0,319.807,0
72.29,2.97016,0,0,5.79158,0.198085,2.62334,3.6288,61.308,0.566521,0,0,2.69615,0.213554,1.91607,0.66528,12.849,1,0.527923,2.62334,0,161.895,5.00168,158.989,0.84672,12.849,0.84672,3695.15,0,0.0036966,1.70793e-05,3.22479,1.8876,11.9229,1.30015,15.7351,0.42336,0.0018483,0.21168,0.0018483,0.21168,460.486,0,1.02816,0,0,4.25295,3.22479,1.028160,1,0,176.64,0,0,0,176.64,0
72.29,2.97019,0,0,4.31164,0.187955,1.1535,3.6288,61.308,0.566536,0,0,1.94652,0.205313,1.17467,0.66528,12.849,1,0.527928,1.1535,0,112.075,4.49445,108.207,0.84672,12.849,0.84672,3695.15,0,0.0036966,1.70798e-05,2.18967,1.88762,8.36413,1.22097,11.2204,0.42336,0.0018483,0.21168,0.0018483,0.21168,460.486,0,1.02816,0,0,3.21783,2.18967,1.028160,1,0,120.602,0,0,0,120.602,0
72.29,2.92928,0,0,3.54471,0.183902,0.431528,3.6288,61.308,0.542604,0,0,1.37868,0.202017,0.634063,0.66528,12.849,1,0.520657,0.431528,0,89.9217,4.29156,85.541,0.84672,12.849,0.84672,3695.15,0,0.0036966,1.63583e-05,1.12431,1.88764,7.83147,1.18929,9.6541,0.42336,0.0018483,0.21168,0.0018483,0.21168,460.486,0,1.02816,0,0,2.15247,1.12431,1.028160,1,0,95.8291,0,0,0,95.8291,0
72.1122,2.9293,0,0,3.28662,0.172254,0.36288,3.6288,61.308,0.542619,0,0,1.28117,0.207761,0.530785,0.66528,12.849,1,0.520662,0.36288,0,83.1928,4.27303,78.762,0.84672,12.849,0.84672,3695.15,0,0.0036966,1.63588e-05,1.17384,1.86012,6.79386,1.17906,8.64874,0.42336,0.0018483,0.21168,0.0018483,0.21168,460.486,0,1.02816,0,0,2.202,1.17384,1.028160,1,0,87.9415,0,0,0,87.9415,0
71.6173,2.92824,0,0,2.8985,0.102226,0.36288,3.6288,61.308,0.542634,0,0,1.20757,0.242225,0.422711,0.66528,12.849,1,0.521756,0.36288,0,77.1068,4.16189,72.7861,0.84672,12.849,0.84672,3695.15,0,0.0036966,1.63592e-05,1.53363,1.86013,6.46536,1.11764,8.74147,0.42336,0.0018483,0.21168,0.0018483,0.21168,460.486,0,1.02816,0,0,2.56179,1.53363,1.028160,1,0,81.9502,0,0,0,81.9502,0
70.747,2.92521,0,0,2.52657,0.108786,0.36288,3.6288,61.308,0.542649,0,0,1.0672,0.247441,0.277105,0.66528,12.849,1,0.524818,0.36288,0,48.0348,4.33694,43.5359,0.84672,12.849,0.84672,3695.15,0,0.0036966,1.63597e-05,1.16485,1.86015,5.46759,1.12642,7.36616,0.42336,0.0018483,0.21168,0.0018483,0.21168,460.486,0,1.02816,0,0,2.19301,1.16485,1.028160,1,0,51.1792,0,0,0,51.1792,0
69.8483,3.05828,0,0,2.64775,0.125309,0.36288,3.6288,61.308,0.627589,0,0,0.943531,0.260483,0.055459,0.66528,12.849,1,0.555442,0.36288,0,61.3564,4.77456,56.3893,0.84672,12.849,0.84672,3695.15,0,0.0036966,1.89204e-05,0.778844,1.86017,4.79842,1.14835,6.28907,0.42336,0.0018483,0.21168,0.0018483,0.21168,460.486,0,1.02816,0,0,1.807,0.778844,1.028160,1,0,62.7338,0,0,0,62.7338,0
68.822,3.05227,0,0,2.51332,0.124444,0.36288,3.6288,61.281,0.627605,0,0,0.861123,0.260483,0,0.66528,12.849,1,0.561483,0.36288,0,55.6029,4.77456,50.6297,0.84672,12.849,0.84672,3695.15,0,0.0036966,1.89209e-05,0.583658,1.95647,4.50382,1.14835,5.89558,0.42336,0.0018483,0.21168,0.0018483,0.21168,460.486,0,1.02816,0,0,1.61182,0.583658,1.028160,1,0,56.5253,0,0,0,56.5253,0
67.6039,3.04525,0,0,2.27839,0.0884156,0.36288,3.6288,61.1914,0.62762,0,0,0.822053,0.284043,0,0.66528,12.849,1,0.568544,0.36288,0,49.0269,5.04231,43.7789,0.84672,12.849,0.84672,3695.15,0,0.0036966,1.89297e-05,0.53098,1.95649,4.3868,1.21676,5.6575,0.42336,0.0018483,0.21168,0.0018483,0.21168,460.486,0,1.02816,0,0,1.55914,0.53098,1.028160,1,0,49.4364,0,0,0,49.4364,0
66.2836,3.03666,0,0,2.15301,0.0736929,0.36288,3.6288,61.0557,0.627636,0,0,0.785264,0.293319,0,0.66528,12.849,1,0.577158,0.36288,0,47.4509,5.14941,42.0872,0.84672,12.849,0.84672,3695.15,0,0.0036966,1.89579e-05,0.425399,1.95651,4.37463,1.24412,5.5124,0.42336,0.0018483,0.21168,0.0018483,0.21168,460.486,0,1.02816,0,0,1.45356,0.425399,1.028160,1,0,47.5996,0,0,0,47.5996,0
64.9234,3.02706,0,0,2.1047,0.0749789,0.36288,3.6288,60.7745,0.627652,0,0,0.589018,0.242571,0,0.66528,12.849,1,0.586792,0.36288,0,46.7698,4.67428,41.8716,0.84672,12.849,0.84672,3695.15,0,0.0036966,1.90005e-05,0.381421,1.95653,3.64125,1.17897,4.80021,0.42336,0.0018483,0.21168,0.0018483,0.21168,460.486,0,1.02816,0,0,1.40958,0.381421,1.028160,1,0,46.6718,0,0,0,46.6718,0
63.4485,2.98981,0,0,1.95195,0.0742309,0.36288,3.6288,60.4483,0.66528,0,0,0.581147,0.242139,0,0.66528,12.849,1,0.591713,0.36288,0,42.8938,4.67428,37.9907,0.84672,12.849,0.84672,3695.15,0,0.0036966,0.0018483,0.373153,1.95655,3.32199,1.17897,4.47087,0.42336,0.0018483,0.21168,0.0018483,0.21168,460.486,0,1.02816,0,0,1.40131,0.373153,1.028160,1,0,42.4616,0,0,0,42.4616,0
61.8592,2.9784,0,0,1.82529,0.0732889,0.36288,3.6288,60.1277,0.66528,0,0,0.586394,0.241638,0,0.66528,12.849,1,0.603157,0.36288,0,40.0091,4.67428,35.0945,0.84672,12.849,0.84672,3695.15,0,0.0036966,0.0018483,0.424129,1.98656,3.25513,1.17897,4.48501,0.42336,0.0018483,0.21168,0.0018483,0.21168,460.486,0,1.02816,0,0,1.45229,0.424129,1.028160,1,0,39.5795,0,0,0,39.5795,0
60.2412,2.96559,0,0,1.7788,0.0682899,0.36288,3.6288,59.7372,0.66528,0,0,0.549933,0.275172,0,0.66528,12.849,1,0.615994,0.36288,0,37.5027,5.10591,32.1437,0.84672,12.849,0.84672,3695.15,0,0.0036966,0.0018483,0.359657,1.98658,3.1411,1.28252,4.20297,0.42336,0.0018483,0.21168,0.0018483,0.21168,460.486,0,1.02816,0,0,1.38782,0.359657,1.028160,1,0,36.3466,0,0,0,36.3466,0
58.5711,2.95198,0,0,1.70846,0.063744,0.36288,3.6288,59.2213,0.7088,0,0,0.489102,0.296173,0,0.66528,12.849,1,0.629635,0.36288,0,35.4127,5.4162,29.7297,0.84672,12.849,0.84672,3695.15,0,0.0036966,0.0018483,0.261274,1.9866,2.64488,1.41248,3.47843,0.42336,0.0018483,0.21168,0.0018483,0.21168,460.486,0,0.98464,0,0,1.24591,0.261274,1.028160,1,0,33.2082,0,0,0,33.2082,0
56.8114,2.90284,0,0,1.56726,0.0612293,0.36288,3.6288,58.5576,0.800436,0,0,0.437902,0.301259,0,0.66528,12.849,1,0.636808,0.36288,0,32.3937,5.51943,26.6003,0.84672,12.849,0.84672,3695.15,0,0.0036966,2.49816e-05,0.261274,1.98662,2.28909,1.47887,3.05809,0.42336,0.0018483,0.21168,0.0018483,0.21168,460.486,0,0.883967,0,0,1.14524,0.261274,1.028160,1,0,29.6584,0,0,0,29.6584,0
54.9252,2.88677,0,0,1.42368,0.0601846,0.36288,3.6288,57.8092,0.874416,0,0,0.426036,0.299978,0,0.66528,12.849,1,0.6529,0.36288,0,30.4936,5.51943,24.6841,0.84672,12.849,0.84672,3695.15,0,0.0036966,2.75999e-05,0.261274,1.96474,2.20738,1.47887,2.95449,0.42336,0.0018483,0.21168,0.0018483,0.21168,460.486,0,0.81,0,0,1.07127,0.261274,1.028160,1,0,27.6386,0,0,0,27.6386,0
52.8553,2.86863,0,0,1.20581,0.0441882,0.36288,3.6288,57.0791,0.849774,0,0,0.423723,0.304067,0,0.66528,12.849,1,0.671076,0.36288,0,29.0606,5.79622,22.9562,0.84672,12.849,0.84672,3695.15,0,0.0036966,2.71693e-05,0.227405,1.96475,2.16609,1.47937,2.87885,0.42336,0.0018483,0.21168,0.0018483,0.21168,460.486,0,0.834659,0,0,1.06206,0.227405,1.028160,1,0,25.8351,0,0,0,25.8351,0
50.6453,2.84751,0,0,1.05309,0.0526917,0.36288,3.6288,56.337,0.845374,0,0,0.39744,0.294155,0,0.66528,12.849,1,0.692223,0.36288,0,26.9469,5.75754,20.86,0.84672,12.849,0.84672,3695.15,0,0.0036966,2.73744e-05,0.227405,1.96477,2.08172,1.3981,2.87577,0.42336,0.0018483,0.21168,0.0018483,0.21168,460.486,0,0.839074,0,0,1.06648,0.227405,1.028160,1,0,23.7357,0,0,0,23.7357,0
48.1654,3.01201,0,0,0.9457,0.0507467,0.36288,3.6288,55.7487,0.667414,0,0,0.382754,0.303645,0,0.66528,12.849,1,0.764163,0.36288,0,24.0128,6.45162,17.1599,0.84672,12.849,0.84672,3695.15,0,0.0036966,0.0018483,0.227405,1.96479,1.96524,1.53395,2.62164,0.42336,0.0018483,0.21168,0.0018483,0.21168,460.486,0,1.02603,0,0,1.25343,0.227405,1.028160,1,0,19.7815,0,0,0,19.7815,0
45.6107,2.98097,0,0,0.838607,0.049418,0.36288,3.6288,55.0469,0.743904,0,0,0.344588,0.302479,0,0.66528,12.849,1,0.795229,0.36288,0,21.3404,6.45162,14.4564,0.84672,12.849,0.84672,3695.15,0,0.0036966,0.0018483,0.227405,2.12116,1.90732,1.53395,2.7201,0.42336,0.0018483,0.21168,0.0018483,0.21168,460.486,0,0.949536,0,0,1.17694,0.227405,1.028160,1,0,17.1765,0,0,0,17.1765,0
43.193,2.94625,0,0,0.939375,0.0480428,0.36288,3.6288,54.4112,0.688133,0,0,0.353486,0.301088,0,0.66528,12.849,1,0.829987,0.36288,0,21.2125,6.45162,14.2938,0.84672,12.849,0.84672,3695.15,0,0.0036966,0.0018483,0.204422,2.12118,2.04427,1.53395,2.83408,0.42336,0.0018483,0.21168,0.0018483,0.21168,460.486,0,1.00531,0,0,1.20973,0.204422,1.028160,1,0,17.1278,0,0,0,17.1278,0
41.3417,2.92954,0,0,1.50339,0.0622192,0.36288,3.6288,53.8846,0.66528,0,0,0.434433,0.295724,0,0.66528,12.849,1,0.84672,0.36288,0,35.2403,6.33288,28.4236,0.84672,12.849,0.84672,3695.15,0,0.0036966,0.0018483,0.441539,2.1212,2.22843,1.51938,3.26994,0.42336,0.0018483,0.21168,0.0018483,0.21168,460.486,0,1.02816,0,0,1.4697,0.441539,1.028160,1,0,31.6935,0,0,0,31.6935,0
39.7206,2.92957,0,0,1.71317,0.0418229,0.36288,3.6288,53.7516,0.66528,0,0,0.790376,0.258126,0,0.66528,12.849,1,0.84672,0.36288,0,27.318,5.0515,21.7826,0.84672,12.849,0.84672,3695.15,0,0.0036966,0.0018483,1.48175,2.12122,3.75631,1.26623,6.0912,0.42336,0.0018483,0.21168,0.0018483,0.21168,460.486,0,1.02816,0,0,2.50991,1.48175,1.028160,1,0,27.8738,0,0,0,27.8738,0
37.9398,2.81439,0,0,1.43257,0.0360518,0.36288,3.6288,53.5157,0.66528,0,0,0.681713,0.252293,0,0.66528,12.849,1,0.84672,0.36288,0,34.5849,4.85278,29.2483,0.84672,12.849,0.84672,3695.15,0,0.0036966,0.0018483,1.22063,2.12124,3.476,1.22586,5.59016,0.42336,0.0018483,0.21168,0.0018483,0.21168,460.486,0,1.02816,0,0,2.24879,1.22063,1.028160,1,0,34.8384,0,0,0,34.8384,0
36.1358,2.81441,0,0,1.40853,0.0353151,0.36288,3.6288,53.2097,0.66528,0,0,0.61108,0.25182,0,0.66528,12.849,1,0.84672,0.36288,0,31.7117,4.85278,26.375,0.84672,12.849,0.84672,3695.15,0,0.0036966,0.0018483,1.12922,2.03166,3.23951,1.22586,5.17267,0.42336,0.0018483,0.21168,0.0018483,0.21168,460.486,0,1.02816,0,0,2.15738,1.12922,1.028160,1,0,31.5477,0,0,0,31.5477,0
34.1778,2.81444,0,0,1.32449,0.105114,0.36288,3.6288,52.991,0.66528,0,0,0.638627,0.192047,0,0.66528,12.849,1,0.84672,0.36288,0,40.3357,4.56599,35.2858,0.84672,12.849,0.84672,3695.15,0,0.0036966,0.0018483,1.27056,2.03168,3.86704,1.0412,6.12622,0.42336,0.0018483,0.21168,0.0018483,0.21168,460.486,0,1.02816,0,0,2.29872,1.27056,1.028160,1,0,41.4121,0,0,0,41.4121,0
32.4987,2.81447,0,0,1.63073,0.132484,0.36288,3.6288,52.9627,0.66528,0,0,0.806455,0.1694,0,0.66528,12.849,1,0.84672,0.36288,0,42.4227,4.51,37.4289,0.84672,12.849,0.84672,3695.15,0,0.0036966,0.0018483,1.21756,2.0317,6.23911,1.00634,8.48017,0.42336,0.0018483,0.21168,0.0018483,0.21168,460.486,0,1.02816,0,0,2.24572,1.21756,1.028160,1,0,45.9091,0,0,0,45.9091,0
31.4592,2.71992,0,0,2.1596,0.116318,0.36288,3.6288,53.9076,0.633326,0,0,1.76053,0.182384,0,0.66528,12.849,1,0.84672,0.36288,0,40.9997,3.8998,36.616,0.84672,12.849,0.84672,3695.15,0,0.0036966,2.21019e-05,2.33052,2.03171,7.09041,1.0169,10.4357,0.42336,0.0018483,0.21168,0.0018483,0.21168,460.486,0,1.02816,0,0,3.35868,2.33052,1.028160,1,0,47.0517,0,0,0,47.0517,0
29.5912,2.71995,0,0,1.33671,0.12185,0.36288,3.6288,54.2661,0.633342,0,0,1.17894,0.187032,0,0.66528,12.849,1,0.84672,0.36288,0,34.0928,3.95779,29.6512,0.84672,12.849,0.84672,3695.15,0,0.0036966,2.17151e-05,1.6966,1.9521,7.02226,1.03044,9.64051,0.42336,0.0018483,0.21168,0.0018483,0.21168,460.486,0,1.02816,0,0,2.72476,1.6966,1.028160,1,0,39.2917,0,0,0,39.2917,0
30.2916,2.71997,0,0,3.94329,0.160121,0.36288,3.6288,55.0268,0.633358,0,0,1.60129,0.207251,0,0.66528,12.849,1,0.84672,0.36288,0,98.4647,4.30574,93.6751,0.84672,12.849,0.84672,3695.15,0,0.0036966,2.15721e-05,2.09253,1.95212,10.1708,1.11167,13.1038,0.42336,0.0018483,0.21168,0.0018483,0.21168,460.486,0,1.02816,0,0,3.12069,2.09253,1.028160,1,0,106.779,0,0,0,106.779,0
30.3777,2.72001,0,0,3.33278,0.163774,0.36288,3.6288,55.2032,0.633374,0,0,1.01738,0.207641,0,0.66528,12.849,1,0.84672,0.36288,0,81.534,4.33249,76.7177,0.84672,12.849,0.84672,3695.15,0,0.0036966,2.12745e-05,2.30836,1.95214,7.00644,1.11475,10.1522,0.42336,0.0018483,0.21168,0.0018483,0.21168,460.486,0,1.02816,0,0,3.33652,2.30836,1.028160,1,0,86.8699,0,0,0,86.8699,0
29.5605,2.56845,0,0,2.291,0.176831,0.36288,3.6288,56.3419,0.519528,0,0,1.86221,0.203963,0,0.66528,12.849,1,0.84672,0.36288,0,53.2283,4.49306,48.2514,0.84672,12.849,0.84672,3695.15,0,0.0036966,1.73947e-05,2.12745,1.95215,4.78192,1.13324,7.72827,0.42336,0.0018483,0.21168,0.0018483,0.21168,460.486,0,1.02816,0,0,3.15561,2.12745,1.028160,1,0,55.9796,0,0,0,55.9796,0
28.7896,2.56848,0,0,2.33536,0.174905,0.36288,3.6288,57.4262,0.519544,0,0,1.80939,0.20549,0,0.66528,12.849,1,0.84672,0.36288,0,86.9951,4.49306,82.0182,0.84672,12.849,0.84672,3695.15,0,0.0036966,1.70437e-05,2.08946,1.83579,5.34467,1.13324,8.13666,0.42336,0.0018483,0.21168,0.0018483,0.21168,460.486,0,1.02816,0,0,3.11762,2.08946,1.028160,1,0,90.1549,0,0,0,90.1549,0
31.9977,2.56851,0,0,6.30922,0.16969,0.36288,3.6288,60.7091,0.519558,0,0,4.02987,0.227479,0,0.66528,12.849,1,0.84672,0.36288,0,170.732,4.57073,165.678,0.84672,12.849,0.84672,3695.15,0,0.0036966,1.67223e-05,7.86603,1.83581,15.7791,1.19317,24.2878,0.42336,0.0018483,0.21168,0.0018483,0.21168,460.486,0,1.02816,0,0,8.89419,7.86603,1.028160,1,0,189.966,0,0,0,189.966,0
35.9153,2.56856,0,0,7.02857,0.179577,0.36288,3.6288,61.308,0.519574,0,0,4.04431,0.207416,2.71839,0.66528,12.849,1,0.84672,0.36288,0,180.009,4.08856,175.437,0.84672,12.849,0.84672,3695.15,0,0.0036966,1.58185e-05,9.89211,1.83582,11.9228,1.16582,22.4849,0.42336,0.0018483,0.21168,0.0018483,0.21168,460.486,0,1.02816,0,0,10.9203,9.89211,1.028160,1,0,200.64,0,0,0,200.64,0
40.8667,2.5686,0,0,8.06043,0.177518,0.36288,3.6288,61.308,0.519589,0,0,5.49686,0.212415,4.76486,0.66528,12.849,1,0.84672,0.36288,0,160.636,3.59074,156.561,0.84672,12.849,0.84672,3695.15,0,0.0036966,1.56644e-05,7.84598,1.83584,17.9705,1.00867,26.6437,0.42336,0.0018483,0.21168,0.0018483,0.21168,460.486,0,1.02816,0,0,8.87414,7.84598,1.028160,1,0,187.97,0,0,0,187.97,0
44.458,2.67979,0,0,6.83659,0.202619,0.36288,3.6288,61.308,0.569641,0,0,4.64232,0.242374,3.8303,0.66528,12.849,1,0.84256,0.36288,0,186.747,3.90033,182.367,0.84672,12.849,0.84672,3695.15,0,0.0036966,1.71734e-05,6.24735,1.83586,18.0244,1.0219,25.0857,0.42336,0.0018483,0.21168,0.0018483,0.21168,460.486,0,1.02816,0,0,7.27551,6.24735,1.028160,1,0,211.283,0,0,0,211.283,0
48.6693,2.7326,0,0,7.51804,0.211229,0.36288,3.6288,61.308,0.569643,0,0,4.20074,0.242374,3.38872,0.66528,12.849,1,0.789761,0.36288,0,167.25,3.90033,162.922,0.84672,12.849,0.84672,3695.15,0,0.0036966,1.71735e-05,5.74834,1.89459,14.725,1.0219,21.346,0.42336,0.0018483,0.21168,0.0018483,0.21168,460.486,0,1.02816,0,0,6.7765,5.74834,1.028160,1,0,187.657,0,0,0,187.657,0
52.6281,2.78668,0,0,7.32959,0.221326,0.36288,3.6288,61.308,0.569645,0,0,5.27363,0.242374,4.46161,0.66528,12.849,1,0.735699,0.36288,0,196.633,3.90033,192.36,0.84672,12.849,0.84672,3695.15,0,0.0036966,1.71735e-05,7.67915,1.89459,18.0562,1.0219,26.608,0.42336,0.0018483,0.21168,0.0018483,0.21168,460.486,0,1.02816,0,0,8.70731,7.67915,1.028160,1,0,223.43,0,0,0,223.43,0
54.3617,2.83117,0,0,5.17686,0.249216,0.36288,3.6288,61.308,0.569647,0,0,4.03059,0.230811,3.23014,0.66528,12.849,1,0.691222,0.36288,0,140.206,3.92217,135.956,0.84672,12.849,0.84672,3695.15,0,0.0036966,1.71736e-05,4.9192,1.89459,13.8853,1.15953,19.5396,0.42336,0.0018483,0.21168,0.0018483,0.21168,460.486,0,1.02816,0,0,5.94736,4.9192,1.028160,1,0,158.726,0,0,0,158.726,0
58.7731,3.01974,0,0,8.03367,0.239586,0.36288,3.6288,61.308,0.66528,0,0,6.95706,0.194791,6.09699,0.66528,12.849,1,0.71375,0.36288,0,192.341,3.44355,188.547,0.84672,12.849,0.84672,3695.15,0,0.0036966,0.0018483,6.81472,1.89459,20.0768,1.08548,27.6988,0.42336,0.0018483,0.21168,0.0018483,0.21168,460.486,0,1.02816,0,0,7.84288,6.81472,1.028160,1,0,222.342,0,0,0,222.342,0
67.0084,3.06371,0,0,11.9117,0.249874,0.36288,3.6288,61.308,0.66528,0,0,8.43576,0.184449,7.58603,0.66528,12.849,1,0.669789,0.36288,0,324.778,3.31002,321.161,0.84672,12.849,0.84672,3695.15,0,0.0036966,0.0018483,9.14149,2.03203,33.1569,1.0573,43.2712,0.42336,0.0018483,0.21168,0.0018483,0.21168,460.486,0,1.02816,0,0,10.1697,9.14149,1.028160,1,0,372.018,0,0,0,372.018,0
68.0041,3.13279,0,0,4.75923,0.267768,0.36288,3.6288,61.308,0.66528,0,0,4.08949,0.184449,3.23976,0.66528,12.849,1,0.60072,0.36288,0,195.57,3.31002,192.022,0.84672,12.849,0.84672,3695.15,0,0.0036966,0.0018483,4.45688,2.03203,14.0978,1.0573,19.5276,0.42336,0.0018483,0.21168,0.0018483,0.21168,460.486,0,1.02816,0,0,5.48504,4.45688,1.028160,1,0,214.789,0,0,0,214.789,0
69.0833,3.1402,0,0,4.86982,0.287598,0.36288,3.6288,61.308,0.66528,0,0,7.37104,0.229153,6.47661,0.66528,12.849,1,0.593323,0.36288,0,211.572,3.89101,207.451,0.84672,12.849,0.84672,3695.15,0,0.0036966,0.0018483,5.19222,2.03204,16.8719,1.13289,22.9614,0.42336,0.0018483,0.21168,0.0018483,0.21168,460.486,0,1.02816,0,0,6.22038,5.19222,1.028160,1,0,236.889,0,0,0,236.889,0
72.29,2.84653,0,0,6.81722,0.31249,0.451498,3.6288,61.308,0.505405,0,0,7.83482,0.172141,7.15727,0.66528,12.849,1,0.529433,0.451498,0,239.927,3.32168,236.527,0.84672,12.849,0.84672,3695.15,0,0.0036966,1.52368e-05,6.53927,2.03204,20.2611,0.972393,27.86,0.42336,0.0018483,0.21168,0.0018483,0.21168,460.486,0,1.02816,0,0,7.56743,6.53927,1.028160,1,0,271.544,0,0,0,271.544,0
72.29,2.86647,0,0,10.2139,0.320282,7.02711,3.6288,61.308,0.505407,0,0,14.06,0.172141,13.3825,0.66528,12.849,1,0.509494,7.02711,0,228.201,3.32168,231.397,0.84672,12.849,0.84672,3695.15,0,0.0036966,1.52369e-05,12.1546,1.81751,29.3458,0.972393,42.3455,0.42336,0.0018483,0.21168,0.0018483,0.21168,460.486,0,1.02816,0,0,13.1827,12.1546,1.028160,1,0,287.125,0,0,0,287.125,0
72.29,2.86648,0,0,12.5113,0.320815,9.32403,3.6288,61.308,0.505409,0,0,19.4122,0.149432,18.7573,0.66528,12.849,1,0.509494,9.32403,0,242.452,3.21748,248.049,0.84672,12.849,0.84672,3695.15,0,0.0036966,1.5237e-05,12.5003,1.81752,35.8186,0.934844,49.2015,0.42336,0.0018483,0.21168,0.0018483,0.21168,460.486,0,1.02816,0,0,13.5284,12.5003,1.028160,1,0,316.008,0,0,0,316.008,0
72.29,2.86648,0,0,7.86931,0.322145,4.68069,3.6288,61.308,0.505411,0,0,6.08666,0.0926586,5.48859,0.66528,12.849,1,0.509495,4.68069,0,185.077,2.95701,186.292,0.84672,12.849,0.84672,3695.15,0,0.0036966,1.5237e-05,5.64909,1.81752,19.3704,0.840971,25.9961,0.42336,0.0018483,0.21168,0.0018483,0.21168,460.486,0,1.02816,0,0,6.67725,5.64909,1.028160,1,0,217.776,0,0,0,217.776,0
72.29,2.86648,0,0,8.43002,0.349554,5.21398,3.6288,61.308,0.505413,0,0,9.35064,0.129964,8.71526,0.66528,12.849,1,0.509496,5.21398,0,228.774,2.6133,230.865,0.84672,12.849,0.84672,3695.15,0,0.0036966,1.52371e-05,7.64234,1.81752,25.256,0.788664,33.9272,0.42336,0.0018483,0.21168,0.0018483,0.21168,460.486,0,1.02816,0,0,8.6705,7.64234,1.028160,1,0,273.508,0,0,0,273.508,0
72.29,2.97122,0,0,7.14476,0.318609,3.85493,3.6288,61.308,0.567093,0,0,9.12963,0.128202,8.43433,0.66528,12.849,1,0.528112,3.85493,0,167.482,2.91314,167.896,0.84672,12.849,0.84672,3695.15,0,0.0036966,1.70966e-05,7.35316,1.81752,18.1738,0.849301,26.4952,0.42336,0.0018483,0.21168,0.0018483,0.21168,460.486,0,1.02816,0,0,8.38132,7.35316,1.028160,1,0,202.825,0,0,0,202.825,0
72.29,2.97123,0,0,5.27539,0.31269,1.99147,3.6288,61.308,0.567095,0,0,6.79018,0.126873,6.09621,0.66528,12.849,1,0.528113,1.99147,0,140.394,2.97266,138.885,0.84672,12.849,0.84672,3695.15,0,0.0036966,1.70967e-05,6.21302,1.8883,14.3368,0.860859,21.5772,0.42336,0.0018483,0.21168,0.0018483,0.21168,460.486,0,1.02816,0,0,7.24118,6.21302,1.028160,1,0,166.558,0,0,0,166.558,0
72.29,2.97123,0,0,4.84278,0.31269,1.55886,3.6288,61.308,0.567097,0,0,7.67869,0.126873,6.98472,0.66528,12.849,1,0.528114,1.55886,0,128.858,2.97266,126.916,0.84672,12.849,0.84672,3695.15,0,0.0036966,1.70967e-05,5.90967,1.8883,17.468,0.860859,24.4051,0.42336,0.0018483,0.21168,0.0018483,0.21168,460.486,0,1.02816,0,0,6.93783,5.90967,1.028160,1,0,158.306,0,0,0,158.306,0
72.29,2.97123,0,0,5.02022,0.287985,1.761,3.6288,61.308,0.567099,0,0,5.80972,0.148278,5.09434,0.66528,12.849,1,0.528114,1.761,0,132.142,3.25928,130.116,0.84672,12.849,0.84672,3695.15,0,0.0036966,1.70968e-05,4.18391,1.8883,14.9673,0.93158,20.1079,0.42336,0.0018483,0.21168,0.0018483,0.21168,460.486,0,1.02816,0,0,5.21207,4.18391,1.028160,1,0,155.318,0,0,0,155.318,0
72.29,2.93029,0,0,4.58978,0.269456,1.39003,3.6288,61.308,0.543146,0,0,3.94165,0.164332,3.23418,0.66528,12.849,1,0.520836,1.39003,0,130.5,3.47424,127.895,0.84672,12.849,0.84672,3695.15,0,0.0036966,1.63746e-05,3.93575,1.8883,11.5794,0.98462,16.4188,0.42336,0.0018483,0.21168,0.0018483,0.21168,460.486,0,1.02816,0,0,4.96391,3.93575,1.028160,1,0,147.548,0,0,0,147.548,0
72.29,2.93029,0,0,4.33401,0.269456,1.13426,3.6288,61.308,0.543148,0,0,3.59972,0.164332,2.89224,0.66528,12.849,1,0.520837,1.13426,0,120.437,3.47424,117.576,0.84672,12.849,0.84672,3695.15,0,0.0036966,1.63747e-05,4.02045,1.86076,11.0311,0.98462,15.9277,0.42336,0.0018483,0.21168,0.0018483,0.21168,460.486,0,1.02816,0,0,5.04861,4.02045,1.028160,1,0,136.396,0,0,0,136.396,0
72.29,2.93029,0,0,4.24824,0.267026,1.05092,3.6288,61.308,0.54315,0,0,3.16778,0.165886,2.45874,0.66528,12.849,1,0.520838,1.05092,0,97.2639,3.524,94.27,0.84672,12.849,0.84672,3695.15,0,0.0036966,1.63748e-05,4.83247,1.86076,10.3537,0.983754,16.0631,0.42336,0.0018483,0.21168,0.0018483,0.21168,460.486,0,1.02816,0,0,5.86063,4.83247,1.028160,1,0,112.792,0,0,0,112.792,0
72.29,2.9303,0,0,3.81013,0.247107,0.632723,3.6288,61.308,0.543152,0,0,2.8814,0.177914,2.16033,0.66528,12.849,1,0.520838,0.632723,0,87.7487,3.82295,84.0376,0.84672,12.849,0.84672,3695.15,0,0.0036966,1.63748e-05,4.38385,1.86076,9.68172,0.967681,14.9586,0.42336,0.0018483,0.21168,0.0018483,0.21168,460.486,0,1.02816,0,0,5.41201,4.38385,1.028160,1,0,101.157,0,0,0,101.157,0
72.1526,3.06931,0,0,3.50991,0.215089,0.36288,3.6288,61.308,0.628106,0,0,2.57234,0.194171,1.75007,0.66528,12.849,1,0.545546,0.36288,0,75.6415,3.82546,71.6333,0.84672,12.849,0.84672,3695.15,0,0.0036966,1.8936e-05,3.24302,1.86077,10.7574,0.902403,14.9588,0.42336,0.0018483,0.21168,0.0018483,0.21168,460.486,0,1.02816,0,0,4.27118,3.24302,1.028160,1,0,88.3422,0,0,0,88.3422,0
71.7647,3.06843,0,0,3.25826,0.214865,0.36288,3.6288,61.308,0.628108,0,0,2.44133,0.194171,1.61905,0.66528,12.849,1,0.546428,0.36288,0,80.193,3.82546,76.184,0.84672,12.849,0.84672,3695.15,0,0.0036966,1.89361e-05,2.92293,1.95708,8.41769,0.902403,12.3953,0.42336,0.0018483,0.21168,0.0018483,0.21168,460.486,0,1.02816,0,0,3.95109,2.92293,1.028160,1,0,90.1983,0,0,0,90.1983,0
71.2205,3.06593,0,0,3.06304,0.178432,0.36288,3.6288,61.308,0.62811,0,0,2.34655,0.192417,1.52603,0.66528,12.849,1,0.548934,0.36288,0,68.6724,4.04452,64.4419,0.84672,12.849,0.84672,3695.15,0,0.0036966,1.89361e-05,2.56339,1.95709,7.07521,0.937336,10.6583,0.42336,0.0018483,0.21168,0.0018483,0.21168,460.486,0,1.02816,0,0,3.59155,2.56339,1.028160,1,0,76.6262,0,0,0,76.6262,0
70.5351,3.06238,0,0,2.91161,0.17175,0.36288,3.6288,61.308,0.628112,0,0,2.2438,0.192125,1.42356,0.66528,12.849,1,0.552488,0.36288,0,63.8375,4.08104,59.5669,0.84672,12.849,0.84672,3695.15,0,0.0036966,1.89362e-05,2.24332,1.95709,6.61306,0.943158,9.87028,0.42336,0.0018483,0.21168,0.0018483,0.21168,460.486,0,1.02816,0,0,3.27148,2.24332,1.028160,1,0,70.8607,0,0,0,70.8607,0
69.9925,3.05784,0,0,3.00937,0.131298,0.36288,3.6288,61.308,0.628114,0,0,1.94498,0.239906,1.07696,0.66528,12.849,1,0.55703,0.36288,0,58.7959,4.59116,54.0106,0.84672,12.849,0.84672,3695.15,0,0.0036966,1.89362e-05,2.38632,1.95709,7.67716,1.0647,10.9559,0.42336,0.0018483,0.21168,0.0018483,0.21168,460.486,0,1.02816,0,0,3.41448,2.38632,1.028160,1,0,66.0434,0,0,0,66.0434,0
69.3087,3.02684,0,0,2.83012,0.124186,0.36288,3.6288,61.308,0.66528,0,0,1.83465,0.24787,0.921502,0.66528,12.849,1,0.555658,0.36288,0,57.3382,4.67618,52.4693,0.84672,12.849,0.84672,3695.15,0,0.0036966,0.0018483,2.25466,1.95709,8.08194,1.08496,11.2069,0.42336,0.0018483,0.21168,0.0018483,0.21168,460.486,0,1.02816,0,0,3.28282,2.25466,1.028160,1,0,64.5977,0,0,0,64.5977,0
68.3638,3.02222,0,0,2.56369,0.12353,0.36288,3.6288,61.308,0.66528,0,0,1.75316,0.24787,0.84001,0.66528,12.849,1,0.560283,0.36288,0,56.3488,4.67618,51.4752,0.84672,12.849,0.84672,3695.15,0,0.0036966,0.0018483,2.0915,1.9871,7.63508,1.08496,10.6269,0.42336,0.0018483,0.21168,0.0018483,0.21168,460.486,0,1.02816,0,0,3.11966,2.0915,1.028160,1,0,62.9421,0,0,0,62.9421,0
67.2014,3.0157,0,0,2.33426,0.118005,0.36288,3.6288,61.308,0.66528,0,0,1.658,0.258839,0.73388,0.66528,12.849,1,0.566802,0.36288,0,49.6035,4.81733,44.5822,0.84672,12.849,0.84672,3695.15,0,0.0036966,0.0018483,1.79353,1.98711,7.41053,1.13648,10.0528,0.42336,0.0018483,0.21168,0.0018483,0.21168,460.486,0,1.02816,0,0,2.82169,1.79353,1.028160,1,0,55.3689,0,0,0,55.3689,0
65.864,3.00747,0,0,2.12319,0.0903174,0.36288,3.6288,61.308,0.66528,0,0,1.42024,0.314542,0.440421,0.66528,12.849,1,0.575033,0.36288,0,42.5286,5.67552,36.6409,0.84672,12.849,0.84672,3695.15,0,0.0036966,0.0018483,1.59443,1.98711,6.00455,1.43734,8.1469,0.42336,0.0018483,0.21168,0.0018483,0.21168,460.486,0,1.02816,0,0,2.62259,1.59443,1.028160,1,0,45.2282,0,0,0,45.2282,0
64.6178,2.96255,0,0,2.16972,0.090477,0.36288,3.6288,61.308,0.656649,0,0,1.5748,0.30106,0.617086,0.66528,12.849,1,0.577946,0.36288,0,50.8475,5.69058,44.9419,0.84672,12.849,0.84672,3695.15,0,0.0036966,1.97965e-05,1.58805,1.98711,5.2078,1.4263,7.35665,0.42336,0.0018483,0.21168,0.0018483,0.21168,460.486,0,1.02816,0,0,2.61621,1.58805,1.028160,1,0,52.9156,0,0,0,52.9156,0
63.2094,2.95326,0,0,1.99733,0.0895776,0.36288,3.6288,61.308,0.656651,0,0,1.33507,0.30106,0.377359,0.66528,12.849,1,0.587244,0.36288,0,41.766,5.69058,35.8511,0.84672,12.849,0.84672,3695.15,0,0.0036966,1.97966e-05,1.74671,1.9652,5.03546,1.4263,7.32105,0.42336,0.0018483,0.21168,0.0018483,0.21168,460.486,0,1.02816,0,0,2.77487,1.74671,1.028160,1,0,43.5495,0,0,0,43.5495,0
61.6444,2.94238,0,0,1.82886,0.0885612,0.36288,3.6288,61.308,0.656654,0,0,1.23656,0.30106,0.278843,0.66528,12.849,1,0.598118,0.36288,0,39.6984,5.69058,33.7726,0.84672,12.849,0.84672,3695.15,0,0.0036966,1.97966e-05,1.34385,1.96521,4.42612,1.4263,6.30885,0.42336,0.0018483,0.21168,0.0018483,0.21168,460.486,0,1.02816,0,0,2.37201,1.34385,1.028160,1,0,40.3603,0,0,0,40.3603,0
60.2056,2.92982,0,0,1.93231,0.0784211,0.36288,3.6288,61.308,0.656656,0,0,1.41954,0.30624,0.456648,0.66528,12.849,1,0.610684,0.36288,0,38.9348,5.84013,32.8468,0.84672,12.849,0.84672,3695.15,0,0.0036966,1.97967e-05,1.81827,1.96521,5.85515,1.45618,8.18243,0.42336,0.0018483,0.21168,0.0018483,0.21168,460.486,0,1.02816,0,0,2.84643,1.81827,1.028160,1,0,41.4859,0,0,0,41.4859,0
58.4715,3.11266,0,0,1.84523,0.103844,0.36288,3.6288,61.308,0.66528,0,0,1.25704,0.310583,0.281179,0.66528,12.849,1,0.6643,0.36288,0,35.577,5.4033,29.8723,0.84672,12.849,0.84672,3695.15,0,0.0036966,0.0018483,1.42501,1.96521,3.33196,1.48058,5.23975,0.42336,0.0018483,0.21168,0.0018483,0.21168,460.486,0,1.02816,0,0,2.45317,1.42501,1.028160,1,0,35.3932,0,0,0,35.3932,0
56.935,3.09651,0,0,2.02503,0.102126,0.36288,3.6288,61.308,0.66528,0,0,1.55225,0.310583,0.576382,0.66528,12.849,1,0.680453,0.36288,0,45.7547,5.4033,40.0338,0.84672,12.849,0.84672,3695.15,0,0.0036966,0.0018483,2.01966,2.1216,3.63476,1.48058,6.29359,0.42336,0.0018483,0.21168,0.0018483,0.21168,460.486,0,1.02816,0,0,3.04782,2.01966,1.028160,1,0,46.9038,0,0,0,46.9038,0
55.0168,3.08153,0,0,1.62683,0.100603,0.36288,3.6288,61.308,0.66528,0,0,1.12272,0.310583,0.146862,0.66528,12.849,1,0.695436,0.36288,0,44.7097,5.4033,38.9738,0.84672,12.849,0.84672,3695.15,0,0.0036966,0.0018483,1.08779,2.1216,2.91789,1.48058,4.64485,0.42336,0.0018483,0.21168,0.0018483,0.21168,460.486,0,1.02816,0,0,2.11595,1.08779,1.028160,1,0,43.7655,0,0,0,43.7655,0
53.5193,3.06188,0,0,2.02603,0.0987014,0.36288,3.6288,61.308,0.66528,0,0,1.91895,0.310583,0.94309,0.66528,12.849,1,0.715092,0.36288,0,40.8338,5.4033,35.0783,0.84672,12.849,0.84672,3695.15,0,0.0036966,0.0018483,2.97441,2.1216,4.51163,1.48058,8.12521,0.42336,0.0018483,0.21168,0.0018483,0.21168,460.486,0,1.02816,0,0,4.00257,2.97441,1.028160,1,0,44.1466,0,0,0,44.1466,0
51.9923,3.04575,0,0,2.00408,0.122534,0.36288,3.6288,61.308,0.66528,0,0,1.9674,0.338112,0.964005,0.66528,12.849,1,0.731227,0.36288,0,40.7471,5.18793,35.1908,0.84672,12.849,0.84672,3695.15,0,0.0036966,0.0018483,2.52191,2.12161,3.70219,1.40362,6.94024,0.42336,0.0018483,0.21168,0.0018483,0.21168,460.486,0,1.02816,0,0,3.55007,2.52191,1.028160,1,0,43.0951,0,0,0,43.0951,0
50.3099,2.93612,0,0,1.74569,0.12911,0.36288,3.6288,61.308,0.66528,0,0,1.68787,0.358776,0.663811,0.66528,12.849,1,0.725612,0.36288,0,34.3056,5.36056,28.5823,0.84672,12.849,0.84672,3695.15,0,0.0036966,0.0018483,2.09841,2.12161,2.97564,1.47357,5.72024,0.42336,0.0018483,0.21168,0.0018483,0.21168,460.486,0,1.02816,0,0,3.12657,2.09841,1.028160,1,0,34.9663,0,0,0,34.9663,0
48.7727,2.91679,0,0,1.86935,0.126861,0.36288,3.6288,61.308,0.66528,0,0,1.71782,0.358776,0.693766,0.66528,12.849,1,0.744941,0.36288,0,37.1345,5.36056,31.3919,0.84672,12.849,0.84672,3695.15,0,0.0036966,0.0018483,2.18408,2.03199,4.23128,1.47357,6.97193,0.42336,0.0018483,0.21168,0.0018483,0.21168,460.486,0,1.02816,0,0,3.21224,2.18408,1.028160,1,0,39.0576,0,0,0,39.0576,0
48.1434,2.89821,0,0,2.75658,0.124796,0.36288,3.6288,61.308,0.66528,0,0,2.50961,0.358776,1.48555,0.66528,12.849,1,0.763525,0.36288,0,44.6134,5.36056,38.8522,0.84672,12.849,0.84672,3695.15,0,0.0036966,0.0018483,3.13833,2.03199,5.38909,1.47357,9.08399,0.42336,0.0018483,0.21168,0.0018483,0.21168,460.486,0,1.02816,0,0,4.16649,3.13833,1.028160,1,0,49.4218,0,0,0,49.4218,0
48.7037,2.89034,0,0,3.98993,0.176325,0.36288,3.6288,61.308,0.66528,0,0,2.99087,0.310875,2.01472,0.66528,12.849,1,0.771404,0.36288,0,67.5838,4.92241,62.2529,0.84672,12.849,0.84672,3695.15,0,0.0036966,0.0018483,3.2566,2.032,7.86496,1.30388,11.8478,0.42336,0.0018483,0.21168,0.0018483,0.21168,460.486,0,1.02816,0,0,4.28476,3.2566,1.028160,1,0,76.1154,0,0,0,76.1154,0
47.6188,2.82252,0,0,2.31784,0.217359,0.36288,3.6288,61.308,0.633548,0,0,2.03243,0.265079,1.1338,0.66528,12.849,1,0.744636,0.36288,0,64.9882,5.00314,59.6033,0.84672,12.849,0.84672,3695.15,0,0.0036966,1.91001e-05,1.45677,2.032,4.02088,1.18481,6.32483,0.42336,0.0018483,0.21168,0.0018483,0.21168,460.486,0,1.02816,0,0,2.48493,1.45677,1.028160,1,0,67.0619,0,0,0,67.0619,0
47.3317,2.80916,0,0,3.09552,0.210581,0.36288,3.6288,61.308,0.63355,0,0,2.42267,0.263093,1.52603,0.66528,12.849,1,0.757997,0.36288,0,44.047,4.95514,38.6967,0.84672,12.849,0.84672,3695.15,0,0.0036966,1.91001e-05,1.92188,1.95236,5.27306,1.19554,7.95174,0.42336,0.0018483,0.21168,0.0018483,0.21168,460.486,0,1.02816,0,0,2.95004,1.92188,1.028160,1,0,48.1745,0,0,0,48.1745,0
56.559,2.80555,0,0,12.5954,0.199709,0.36288,3.6288,61.308,0.633552,0,0,4.30255,0.231212,3.43778,0.66528,12.849,1,0.761614,0.36288,0,136.862,4.24644,132.217,0.84672,12.849,0.84672,3695.15,0,0.0036966,1.91002e-05,3.76851,1.95236,12.658,1.15226,17.2266,0.42336,0.0018483,0.21168,0.0018483,0.21168,460.486,0,1.02816,0,0,4.79667,3.76851,1.028160,1,0,152.881,0,0,0,152.881,0
59.6418,2.90681,0,0,6.59439,0.241909,0.36288,3.6288,61.308,0.633555,0,0,3.39558,0.204588,2.55744,0.66528,12.849,1,0.660367,0.36288,0,102.945,3.6855,98.9617,0.84672,12.849,0.84672,3695.15,0,0.0036966,1.91003e-05,2.6907,1.95236,10.0541,1.00869,13.6885,0.42336,0.0018483,0.21168,0.0018483,0.21168,460.486,0,1.02816,0,0,3.71886,2.6907,1.028160,1,0,115.208,0,0,0,115.208,0
65.8711,2.81017,0,0,9.62528,0.222923,0.36288,3.6288,61.308,0.519684,0,0,6.0529,0.189768,5.34345,0.66528,12.849,1,0.605412,0.36288,0,153.176,3.90107,149.032,0.84672,12.849,0.84672,3695.15,0,0.0036966,1.56673e-05,4.04581,1.95236,11.5559,0.929709,16.6244,0.42336,0.0018483,0.21168,0.0018483,0.21168,460.486,0,1.02816,0,0,5.07397,4.04581,1.028160,1,0,171,0,0,0,171,0
69.5007,2.85808,0,0,7.0854,0.234765,0.36288,3.6288,61.308,0.519685,0,0,2.96585,0.189768,2.2564,0.66528,12.849,1,0.557506,0.36288,0,117.031,3.90107,112.936,0.84672,12.849,0.84672,3695.15,0,0.0036966,1.56674e-05,2.73339,1.83597,10.4934,0.929709,14.133,0.42336,0.0018483,0.21168,0.0018483,0.21168,460.486,0,1.02816,0,0,3.76155,2.73339,1.028160,1,0,129.325,0,0,0,129.325,0
72.1334,2.88266,0,0,6.11977,0.241562,0.36288,3.6288,61.308,0.519687,0,0,3.36209,0.189768,2.65264,0.66528,12.849,1,0.532935,0.36288,0,131.79,3.90107,127.719,0.84672,12.849,0.84672,3695.15,0,0.0036966,1.56674e-05,3.23741,1.83597,10.9907,0.929709,15.1343,0.42336,0.0018483,0.21168,0.0018483,0.21168,460.486,0,1.02816,0,0,4.26557,3.23741,1.028160,1,0,145.506,0,0,0,145.506,0
72.29,2.89918,0,0,7.93215,0.302621,4.57375,3.6288,61.308,0.519689,0,0,7.25756,0.244996,6.49287,0.66528,12.849,1,0.516426,4.57375,0,145.331,4.4299,144.958,0.84672,12.849,0.84672,3695.15,0,0.0036966,1.56675e-05,4.47084,1.83598,12.7437,1.10542,17.9451,0.42336,0.0018483,0.21168,0.0018483,0.21168,460.486,0,1.02816,0,0,5.499,4.47084,1.028160,1,0,169.396,0,0,0,169.396,0
72.29,2.90013,0,0,7.39715,0.3023,4.19472,3.6288,61.308,0.519691,0,0,4.07706,0.210202,3.34717,0.66528,12.849,1,0.515477,4.19472,0,157.368,3.84304,157.204,0.84672,12.849,0.84672,3695.15,0,0.0036966,1.56675e-05,2.48045,1.83598,8.30321,0.957605,11.662,0.42336,0.0018483,0.21168,0.0018483,0.21168,460.486,0,1.02816,0,0,3.50861,2.48045,1.028160,1,0,172.213,0,0,0,172.213,0
72.29,2.99098,0,0,12.4963,0.299395,9.20592,3.6288,61.308,0.569734,0,0,7.08498,0.233446,6.2818,0.66528,12.849,1,0.531624,9.20592,0,213.195,4.17984,217.689,0.84672,12.849,0.84672,3695.15,0,0.0036966,1.71762e-05,7.6251,1.83598,21.5991,1.15729,29.9028,0.42336,0.0018483,0.21168,0.0018483,0.21168,460.486,0,1.02816,0,0,8.65326,7.6251,1.028160,1,0,253.874,0,0,0,253.874,0
72.29,2.99096,0,0,15.0487,0.299395,11.7584,3.6288,61.308,0.569723,0,0,12.3394,0.233446,11.5363,0.66528,12.849,1,0.53162,11.7584,0,356.779,4.17984,363.826,0.84672,12.849,0.84672,3695.15,0,0.0036966,1.71759e-05,12.5639,1.8947,28.263,1.15729,41.5643,0.42336,0.0018483,0.21168,0.0018483,0.21168,460.486,0,1.02816,0,0,13.5921,12.5639,1.028160,1,0,416.927,0,0,0,416.927,0
72.29,2.99094,0,0,9.03329,0.299395,5.74296,3.6288,61.308,0.569712,0,0,10.1163,0.233446,9.31316,0.66528,12.849,1,0.531616,5.74296,0,290.784,4.17984,291.815,0.84672,12.849,0.84672,3695.15,0,0.0036966,1.71756e-05,7.87752,1.89468,20.4569,1.15729,29.0718,0.42336,0.0018483,0.21168,0.0018483,0.21168,460.486,0,1.02816,0,0,8.90568,7.87752,1.028160,1,0,330.2,0,0,0,330.2,0
72.29,2.99092,0,0,8.76044,0.320256,5.44927,3.6288,61.308,0.569701,0,0,5.89373,0.192961,5.13107,0.66528,12.849,1,0.531613,5.44927,0,161.339,3.7732,162.483,0.84672,12.849,0.84672,3695.15,0,0.0036966,1.71752e-05,5.23219,1.89467,19.5004,1.0202,25.607,0.42336,0.0018483,0.21168,0.0018483,0.21168,460.486,0,1.02816,0,0,6.26035,5.23219,1.028160,1,0,193.222,0,0,0,193.222,0
72.29,3.17014,0,0,6.99792,0.307396,3.52039,3.6288,61.308,0.66528,0,0,6.34673,0.242074,5.43937,0.66528,12.849,1,0.563468,3.52039,0,194.223,4.14861,193.031,0.84672,12.849,0.84672,3695.15,0,0.0036966,0.0018483,5.11132,1.89466,18.7414,1.08982,24.6557,0.42336,0.0018483,0.21168,0.0018483,0.21168,460.486,0,1.02816,0,0,6.13948,5.11132,1.028160,1,0,223.126,0,0,0,223.126,0
72.29,3.17012,0,0,6.25619,0.324579,2.76149,3.6288,61.308,0.66528,0,0,6.53565,0.236767,5.6336,0.66528,12.849,1,0.563464,2.76149,0,160.93,4.18572,158.942,0.84672,12.849,0.84672,3695.15,0,0.0036966,0.0018483,5.0957,2.03208,18.6232,1.12359,24.6255,0.42336,0.0018483,0.21168,0.0018483,0.21168,460.486,0,1.02816,0,0,6.12386,5.0957,1.028160,1,0,189.201,0,0,0,189.201,0
72.29,3.17009,0,0,7.10282,0.324579,3.60815,3.6288,61.308,0.66528,0,0,6.64453,0.236767,5.74248,0.66528,12.849,1,0.56346,3.60815,0,162.372,4.18572,161.231,0.84672,12.849,0.84672,3695.15,0,0.0036966,0.0018483,5.27392,2.03207,18.8994,1.12359,25.0799,0.42336,0.0018483,0.21168,0.0018483,0.21168,460.486,0,1.02816,0,0,6.30208,5.27392,1.028160,1,0,192.054,0,0,0,192.054,0
72.29,3.17007,0,0,6.95729,0.326127,3.46109,3.6288,61.308,0.66528,0,0,5.74609,0.223599,4.85721,0.66528,12.849,1,0.563456,3.46109,0,169.556,4.09143,168.362,0.84672,12.849,0.84672,3695.15,0,0.0036966,0.0018483,4.74578,2.03205,16.3001,1.05714,22.019,0.42336,0.0018483,0.21168,0.0018483,0.21168,460.486,0,1.02816,0,0,5.77394,4.74578,1.028160,1,0,195.238,0,0,0,195.238,0
72.29,2.86645,0,0,5.58048,0.335889,2.37814,3.6288,61.308,0.505394,0,0,2.75898,0.199452,2.05413,0.66528,12.849,1,0.509489,2.37814,0,106.063,3.98653,103.945,0.84672,12.849,0.84672,3695.15,0,0.0036966,1.52365e-05,3.30113,2.03204,13.0453,0.880775,17.4977,0.42336,0.0018483,0.21168,0.0018483,0.21168,460.486,0,1.02816,0,0,4.32929,3.30113,1.028160,1,0,123.497,0,0,0,123.497,0
72.29,2.86643,0,0,4.68856,0.335889,1.48624,3.6288,61.308,0.505383,0,0,3.0603,0.199452,2.35546,0.66528,12.849,1,0.509486,1.48624,0,119.942,3.98653,116.932,0.84672,12.849,0.84672,3695.15,0,0.0036966,1.52362e-05,3.68982,1.8175,15.4883,0.880775,20.1149,0.42336,0.0018483,0.21168,0.0018483,0.21168,460.486,0,1.02816,0,0,4.71798,3.68982,1.028160,1,0,139.403,0,0,0,139.403,0
72.29,2.86641,0,0,7.14486,0.335889,3.94256,3.6288,61.308,0.505373,0,0,3.63576,0.199452,2.93093,0.66528,12.849,1,0.509482,3.94256,0,111.038,3.98653,110.484,0.84672,12.849,0.84672,3695.15,0,0.0036966,1.52359e-05,4.85631,1.81749,22.7699,0.880775,28.5629,0.42336,0.0018483,0.21168,0.0018483,0.21168,460.486,0,1.02816,0,0,5.88447,4.85631,1.028160,1,0,141.978,0,0,0,141.978,0
72.29,2.86639,0,0,6.73252,0.33613,3.53,3.6288,61.308,0.505362,0,0,5.38855,0.21629,4.6669,0.66528,12.849,1,0.509479,3.53,0,163.408,4.04511,162.384,0.84672,12.849,0.84672,3695.15,0,0.0036966,1.52355e-05,7.97766,1.81747,21.3402,0.917831,30.2175,0.42336,0.0018483,0.21168,0.0018483,0.21168,460.486,0,1.02816,0,0,9.00582,7.97766,1.028160,1,0,197.268,0,0,0,197.268,0
72.29,2.86637,0,0,7.45674,0.359267,4.23111,3.6288,61.308,0.505352,0,0,4.72369,0.175334,4.043,0.66528,12.849,1,0.509475,4.23111,0,191.121,3.45807,191.385,0.84672,12.849,0.84672,3695.15,0,0.0036966,1.52352e-05,6.04642,1.81746,22.9147,0.784387,29.9942,0.42336,0.0018483,0.21168,0.0018483,0.21168,460.486,0,1.02816,0,0,7.07458,6.04642,1.028160,1,0,225.422,0,0,0,225.422,0
72.29,2.97108,0,0,8.06527,0.330925,4.76326,3.6288,61.308,0.567016,0,0,4.74879,0.14304,4.03873,0.66528,12.849,1,0.528087,4.76326,0,164.395,3.44225,165.188,0.84672,12.849,0.84672,3695.15,0,0.0036966,1.70943e-05,6.33182,1.81745,18.8944,0.76892,26.2747,0.42336,0.0018483,0.21168,0.0018483,0.21168,460.486,0,1.02816,0,0,7.35998,6.33182,1.028160,1,0,195.501,0,0,0,195.501,0
72.29,2.97106,0,0,5.65954,0.319087,2.36939,3.6288,61.308,0.567005,0,0,3.41818,0.14038,2.7108,0.66528,12.849,1,0.528083,2.36939,0,134.41,3.56128,132.69,0.84672,12.849,0.84672,3695.15,0,0.0036966,1.70939e-05,5.25214,1.8882,14.3209,0.792037,20.6692,0.42336,0.0018483,0.21168,0.0018483,0.21168,460.486,0,1.02816,0,0,6.2803,5.25214,1.028160,1,0,156.07,0,0,0,156.07,0
72.29,2.97104,0,0,5.00443,0.319087,1.7143,3.6288,61.308,0.566994,0,0,3.6621,0.14038,2.95472,0.66528,12.849,1,0.528079,1.7143,0,116.238,3.56128,113.863,0.84672,12.849,0.84672,3695.15,0,0.0036966,1.70936e-05,4.86504,1.88819,14.0214,0.792037,19.9826,0.42336,0.0018483,0.21168,0.0018483,0.21168,460.486,0,1.02816,0,0,5.8932,4.86504,1.028160,1,0,136.801,0,0,0,136.801,0
72.29,2.97102,0,0,4.41114,0.304995,1.13513,3.6288,61.308,0.566983,0,0,3.16077,0.150857,2.44293,0.66528,12.849,1,0.528076,1.13513,0,103.607,3.711,100.503,0.84672,12.849,0.84672,3695.15,0,0.0036966,1.70933e-05,3.74511,1.88818,14.8948,0.838533,19.6896,0.42336,0.0018483,0.21168,0.0018483,0.21168,460.486,0,1.02816,0,0,4.77327,3.74511,1.028160,1,0,122.635,0,0,0,122.635,0
72.29,2.93005,0,0,3.69915,0.286205,0.482893,3.6288,61.308,0.543019,0,0,2.16061,0.164825,1.45277,0.66528,12.849,1,0.520794,0.482893,0,74.6539,3.91062,70.7054,0.84672,12.849,0.84672,3695.15,0,0.0036966,1.63708e-05,2.29102,1.88816,7.52224,0.900528,10.8009,0.42336,0.0018483,0.21168,0.0018483,0.21168,460.486,0,1.02816,0,0,3.31918,2.29102,1.028160,1,0,82.9591,0,0,0,82.9591,0
72.29,2.93003,0,0,4.44467,0.286205,1.22844,3.6288,61.308,0.543008,0,0,2.24958,0.164825,1.54175,0.66528,12.849,1,0.52079,1.22844,0,81.8666,3.91062,78.6636,0.84672,12.849,0.84672,3695.15,0,0.0036966,1.63705e-05,2.46783,1.86061,9.84321,0.900528,13.2711,0.42336,0.0018483,0.21168,0.0018483,0.21168,460.486,0,1.02816,0,0,3.49599,2.46783,1.028160,1,0,93.4765,0,0,0,93.4765,0
72.29,2.93001,0,0,3.78015,0.269047,0.581092,3.6288,61.308,0.542997,0,0,2.08399,0.158627,1.38237,0.66528,12.849,1,0.520787,0.581092,0,71.9937,3.60984,68.4441,0.84672,12.849,0.84672,3695.15,0,0.0036966,1.63701e-05,2.28656,1.86059,8.75267,0.868296,12.0315,0.42336,0.0018483,0.21168,0.0018483,0.21168,460.486,0,1.02816,0,0,3.31472,2.28656,1.028160,1,0,81.858,0,0,0,81.858,0
72.2264,2.92999,0,0,3.41642,0.187184,0.36288,3.6288,61.308,0.542986,0,0,2.05474,0.212432,1.29932,0.66528,12.849,1,0.520783,0.36288,0,69.787,4.40886,65.2202,0.84672,12.849,0.84672,3695.15,0,0.0036966,1.63698e-05,2.17684,1.86058,7.82698,1.06936,10.795,0.42336,0.0018483,0.21168,0.0018483,0.21168,460.486,0,1.02816,0,0,3.205,2.17684,1.028160,1,0,77.3146,0,0,0,77.3146,0
72.1295,3.06855,0,0,3.53566,0.201135,0.36288,3.6288,61.308,0.627917,0,0,2.27782,0.167189,1.48271,0.66528,12.849,1,0.545892,0.36288,0,65.5119,4.20118,61.1277,0.84672,12.849,0.84672,3695.15,0,0.0036966,1.89303e-05,2.00578,1.86057,7.54885,0.883803,10.5314,0.42336,0.0018483,0.21168,0.0018483,0.21168,460.486,0,1.02816,0,0,3.03394,2.00578,1.028160,1,0,73.1418,0,0,0,73.1418,0
71.6215,3.0679,0,0,3.10797,0.18517,0.36288,3.6288,61.308,0.627906,0,0,1.87627,0.172822,1.07554,0.66528,12.849,1,0.546511,0.36288,0,58.8937,4.27676,54.4333,0.84672,12.849,0.84672,3695.15,0,0.0036966,1.893e-05,1.57645,1.95686,6.42946,0.899006,9.06375,0.42336,0.0018483,0.21168,0.0018483,0.21168,460.486,0,1.02816,0,0,2.60461,1.57645,1.028160,1,0,64.5726,0,0,0,64.5726,0
70.9721,3.0646,0,0,2.96256,0.184456,0.36288,3.6288,61.308,0.627894,0,0,1.50412,0.172822,0.703404,0.66528,12.849,1,0.549793,0.36288,0,54.499,4.27676,50.0354,0.84672,12.849,0.84672,3695.15,0,0.0036966,1.89296e-05,1.32201,1.95685,6.12535,0.899006,8.50517,0.42336,0.0018483,0.21168,0.0018483,0.21168,460.486,0,1.02816,0,0,2.35017,1.32201,1.028160,1,0,59.244,0,0,0,59.244,0
70.189,3.06032,0,0,2.82356,0.183463,0.36288,3.6288,61.308,0.627883,0,0,1.32285,0.241576,0.453394,0.66528,12.849,1,0.554049,0.36288,0,49.8336,5.44675,44.1957,0.84672,12.849,0.84672,3695.15,0,0.0036966,1.89293e-05,1.23447,1.95683,5.87739,1.13912,7.92956,0.42336,0.0018483,0.21168,0.0018483,0.21168,460.486,0,1.02816,0,0,2.26263,1.23447,1.028160,1,0,52.5786,0,0,0,52.5786,0
68.7755,3.05507,0,0,2.14272,0.138302,0.36288,3.6288,61.308,0.627872,0,0,1.25733,0.218352,0.411104,0.66528,12.849,1,0.55927,0.36288,0,44.4627,4.93359,39.3327,0.84672,12.849,0.84672,3695.15,0,0.0036966,1.89289e-05,1.36686,1.95682,5.82013,1.08057,8.06322,0.42336,0.0018483,0.21168,0.0018483,0.21168,460.486,0,1.02816,0,0,2.39502,1.36686,1.028160,1,0,47.807,0,0,0,47.807,0
67.0495,3.01809,0,0,1.77833,0.123352,0.36288,3.6288,61.308,0.66528,0,0,1.19009,0.197202,0.327609,0.66528,12.849,1,0.563855,0.36288,0,41.6215,4.53033,36.8902,0.84672,12.849,0.84672,3695.15,0,0.0036966,0.0018483,1.15555,1.95681,5.50118,1.01538,7.59631,0.42336,0.0018483,0.21168,0.0018483,0.21168,460.486,0,1.02816,0,0,2.18371,1.15555,1.028160,1,0,44.8141,0,0,0,44.8141,0
65.1965,3.00588,0,0,1.62834,0.11255,0.36288,3.6288,61.308,0.66528,0,0,1.13268,0.21914,0.248258,0.66528,12.849,1,0.576031,0.36288,0,36.7049,4.81263,31.6791,0.84672,12.849,0.84672,3695.15,0,0.0036966,0.0018483,1.06595,1.9868,5.34246,1.11842,7.27494,0.42336,0.0018483,0.21168,0.0018483,0.21168,460.486,0,1.02816,0,0,2.09411,1.06595,1.028160,1,0,39.2023,0,0,0,39.2023,0
63.2904,2.99218,0,0,1.53729,0.0883823,0.36288,3.6288,61.308,0.66528,0,0,1.05703,0.273986,0.117769,0.66528,12.849,1,0.589703,0.36288,0,32.6463,5.51838,26.9011,0.84672,12.849,0.84672,3695.15,0,0.0036966,0.0018483,1.02934,1.98678,5.09604,1.37603,6.73427,0.42336,0.0018483,0.21168,0.0018483,0.21168,460.486,0,1.02816,0,0,2.0575,1.02934,1.028160,1,0,33.7532,0,0,0,33.7532,0
61.2658,2.9774,0,0,1.40146,0.085719,0.36288,3.6288,61.308,0.66528,0,0,1.04807,0.289223,0.0935641,0.66528,12.849,1,0.604462,0.36288,0,33.4524,5.6313,27.5795,0.84672,12.849,0.84672,3695.15,0,0.0036966,0.0018483,0.953467,1.98677,4.78789,1.40278,6.32349,0.42336,0.0018483,0.21168,0.0018483,0.21168,460.486,0,1.02816,0,0,1.98163,0.953467,1.028160,1,0,33.9965,0,0,0,33.9965,0
59.2715,2.92614,0,0,1.37582,0.081079,0.36288,3.6288,61.308,0.656333,0,0,1.11207,0.327315,0.128423,0.66528,12.849,1,0.613686,0.36288,0,30.2963,5.9136,24.1319,0.84672,12.849,0.84672,3695.15,0,0.0036966,1.9787e-05,0.995406,1.98675,4.36652,1.46966,5.879,0.42336,0.0018483,0.21168,0.0018483,0.21168,460.486,0,1.02816,0,0,2.02357,0.995406,1.028160,1,0,30.1393,0,0,0,30.1393,0
57.1919,2.90915,0,0,1.27202,0.0796408,0.36288,3.6288,61.308,0.656322,0,0,1.03129,0.327315,0.0476508,0.66528,12.849,1,0.630651,0.36288,0,29.0516,5.9136,22.8702,0.84672,12.849,0.84672,3695.15,0,0.0036966,1.97866e-05,0.749157,1.96483,3.79667,1.46966,5.04098,0.42336,0.0018483,0.21168,0.0018483,0.21168,460.486,0,1.02816,0,0,1.77732,0.749157,1.028160,1,0,27.9588,0,0,0,27.9588,0
55.1651,2.8904,0,0,1.30027,0.073723,0.36288,3.6288,61.308,0.65631,0,0,1.14529,0.329905,0.159077,0.66528,12.849,1,0.649371,0.36288,0,27.6309,5.98838,21.356,0.84672,12.849,0.84672,3695.15,0,0.0036966,1.97863e-05,0.988969,1.96482,4.69615,1.4846,6.16532,0.42336,0.0018483,0.21168,0.0018483,0.21168,460.486,0,1.02816,0,0,2.01713,0.988969,1.028160,1,0,27.6804,0,0,0,27.6804,0
53.2229,2.87103,0,0,1.3548,0.0631831,0.36288,3.6288,61.308,0.656299,0,0,1.17417,0.300973,0.216896,0.66528,12.849,1,0.668717,0.36288,0,27.6729,6.11376,21.2533,0.84672,12.849,0.84672,3695.15,0,0.0036966,1.97859e-05,1.11906,1.96481,5.12625,1.53548,6.67462,0.42336,0.0018483,0.21168,0.0018483,0.21168,460.486,0,1.02816,0,0,2.14722,1.11906,1.028160,1,0,28.1448,0,0,0,28.1448,0
50.6641,3.04178,0,0,0.900521,0.0546005,0.36288,3.6288,61.2643,0.66528,0,0,0.930735,0.309166,0,0.66528,12.849,1,0.734343,0.36288,0,20.6779,6.00222,14.3043,0.84672,12.849,0.84672,3695.15,0,0.0036966,0.0018483,0.903096,1.96479,3.90653,1.48524,5.28733,0.42336,0.0018483,0.21168,0.0018483,0.21168,460.486,0,1.02816,0,0,1.93126,0.903096,1.028160,1,0,19.5916,0,0,0,19.5916,0
47.9922,3.01217,0,0,0.755464,0.0523316,0.36288,3.6288,61.1165,0.66528,0,0,0.828697,0.311177,0,0.66528,12.849,1,0.763921,0.36288,0,17.584,5.97807,11.2049,0.84672,12.849,0.84672,3695.15,0,0.0036966,0.0018483,0.768329,2.12113,3.78452,1.47504,5.19709,0.42336,0.0018483,0.21168,0.0018483,0.21168,460.486,0,1.02816,0,0,1.79649,0.768329,1.028160,1,0,16.402,0,0,0,16.402,0
45.5041,2.9786,0,0,0.904211,0.0508551,0.36288,3.6288,61.0306,0.66528,0,0,0.890257,0.310886,0,0.66528,12.849,1,0.797463,0.36288,0,18.1983,5.97807,11.7856,0.84672,12.849,0.84672,3695.15,0,0.0036966,0.0018483,0.922882,2.12112,4.15117,1.47504,5.71827,0.42336,0.0018483,0.21168,0.0018483,0.21168,460.486,0,1.02816,0,0,1.95104,0.922882,1.028160,1,0,17.5039,0,0,0,17.5039,0
43.6734,2.94457,0,0,1.5461,0.0693359,0.36288,3.6288,61.2034,0.66528,0,0,1.14346,0.305363,0,0.66528,12.849,1,0.831459,0.36288,0,30.2435,5.82965,23.9452,0.84672,12.849,0.84672,3695.15,0,0.0036966,0.0018483,1.24442,2.1211,4.59501,1.45684,6.50185,0.42336,0.0018483,0.21168,0.0018483,0.21168,460.486,0,1.02816,0,0,2.27258,1.24442,1.028160,1,0,30.4471,0,0,0,30.4471,0
42.2568,2.92928,0,0,1.95601,0.0804126,0.36288,3.6288,61.308,0.66528,0,0,1.37254,0.299569,0.30313,0.66528,12.849,1,0.84672,0.36288,0,38.1668,5.72483,31.9581,0.84672,12.849,0.84672,3695.15,0,0.0036966,0.0018483,1.15149,2.12109,6.96374,1.36681,8.86766,0.42336,0.0018483,0.21168,0.0018483,0.21168,460.486,0,1.02816,0,0,2.17965,1.15149,1.028160,1,0,41.1289,0,0,0,41.1289,0
41.2275,2.81404,0,0,2.2399,0.0923071,0.36288,3.6288,61.308,0.66528,0,0,1.50173,0.301681,0.534766,0.66528,12.849,1,0.84672,0.36288,0,37.9748,5.49024,32.0007,0.84672,12.849,0.84672,3695.15,0,0.0036966,0.0018483,1.2421,2.12107,8.7188,1.30746,10.7727,0.42336,0.0018483,0.21168,0.0018483,0.21168,460.486,0,1.02816,0,0,2.27026,1.2421,1.028160,1,0,43.3081,0,0,0,43.3081,0
39.8012,2.81401,0,0,1.84181,0.091201,0.36288,3.6288,61.308,0.66528,0,0,2.0989,0.301681,1.13194,0.66528,12.849,1,0.84672,0.36288,0,36.8645,5.49024,30.8905,0.84672,12.849,0.84672,3695.15,0,0.0036966,0.0018483,2.84507,2.03146,9.84407,1.30746,13.4113,0.42336,0.0018483,0.21168,0.0018483,0.21168,460.486,0,1.02816,0,0,3.87323,2.84507,1.028160,1,0,45.4337,0,0,0,45.4337,0
38.0629,2.81398,0,0,1.52825,0.0896687,0.36288,3.6288,61.308,0.66528,0,0,1.1289,0.301681,0.161941,0.66528,12.849,1,0.84672,0.36288,0,35.3216,5.49024,29.3475,0.84672,12.849,0.84672,3695.15,0,0.0036966,0.0018483,0.977011,2.03145,7.33113,1.30746,9.03028,0.42336,0.0018483,0.21168,0.0018483,0.21168,460.486,0,1.02816,0,0,2.00517,0.977011,1.028160,1,0,38.5398,0,0,0,38.5398,0
36.8801,2.81395,0,0,2.1118,0.117824,0.36288,3.6288,61.308,0.66528,0,0,1.31769,0.268667,0.383739,0.66528,12.849,1,0.84672,0.36288,0,50.7362,4.71523,45.5372,0.84672,12.849,0.84672,3695.15,0,0.0036966,0.0018483,1.48196,2.03143,8.51999,1.11315,10.9184,0.42336,0.0018483,0.21168,0.0018483,0.21168,460.486,0,1.02816,0,0,2.51012,1.48196,1.028160,1,0,56.8393,0,0,0,56.8393,0
37.0319,2.71936,0,0,3.38004,0.146006,0.36288,3.6288,61.308,0.63306,0,0,1.75045,0.296976,0.820411,0.66528,12.849,1,0.84672,0.36288,0,116.818,3.61504,112.719,0.84672,12.849,0.84672,3695.15,0,0.0036966,1.90854e-05,2.46168,2.03142,12.0547,0.979395,15.5684,0.42336,0.0018483,0.21168,0.0018483,0.21168,460.486,0,1.02816,0,0,3.48984,2.46168,1.028160,1,0,129.108,0,0,0,129.108,0
36.7558,2.71933,0,0,2.98746,0.18132,0.36288,3.6288,61.308,0.633049,0,0,1.26357,0.307578,0.322939,0.66528,12.849,1,0.84672,0.36288,0,45.1746,4.09731,40.5934,0.84672,12.849,0.84672,3695.15,0,0.0036966,1.9085e-05,1.14187,1.95178,7.99718,1.07203,10.0188,0.42336,0.0018483,0.21168,0.0018483,0.21168,460.486,0,1.02816,0,0,2.17003,1.14187,1.028160,1,0,50.9352,0,0,0,50.9352,0
37.224,2.71931,0,0,3.73111,0.180728,0.36288,3.6288,61.308,0.633037,0,0,1.48368,0.307578,0.543063,0.66528,12.849,1,0.84672,0.36288,0,34.6969,4.09731,30.1157,0.84672,12.849,0.84672,3695.15,0,0.0036966,1.90847e-05,2.15424,1.95177,8.48915,1.07203,11.5231,0.42336,0.0018483,0.21168,0.0018483,0.21168,460.486,0,1.02816,0,0,3.1824,2.15424,1.028160,1,0,42.1819,0,0,0,42.1819,0
37.3249,2.71929,0,0,3.36475,0.181733,0.36288,3.6288,61.308,0.633026,0,0,1.49635,0.307578,0.555749,0.66528,12.849,1,0.84672,0.36288,0,42.3253,4.09731,37.7441,0.84672,12.849,0.84672,3695.15,0,0.0036966,1.90843e-05,1.70811,1.95175,9.35427,1.07203,11.9421,0.42336,0.0018483,0.21168,0.0018483,0.21168,460.486,0,1.02816,0,0,2.73627,1.70811,1.028160,1,0,50.242,0,0,0,50.242,0
39.9776,2.5677,0,0,5.78114,0.197864,0.36288,3.6288,61.308,0.519178,0,0,0.884186,0.265466,0.0995411,0.66528,12.849,1,0.84672,0.36288,0,66.5776,4.28514,61.8086,0.84672,12.849,0.84672,3695.15,0,0.0036966,1.56521e-05,1.10468,1.95174,10.5256,0.912545,12.6695,0.42336,0.0018483,0.21168,0.0018483,0.21168,460.486,0,1.02816,0,0,2.13284,1.10468,1.028160,1,0,74.5776,0,0,0,74.5776,0
41.5399,2.58392,0,0,4.71596,0.20681,0.36288,3.6288,61.308,0.519167,0,0,1.68989,0.258448,0.912274,0.66528,12.849,1,0.830486,0.36288,0,83.166,4.31644,78.382,0.84672,12.849,0.84672,3695.15,0,0.0036966,1.56517e-05,1.66844,1.83537,8.26174,0.885965,10.8796,0.42336,0.0018483,0.21168,0.0018483,0.21168,460.486,0,1.02816,0,0,2.6966,1.66844,1.028160,1,0,90.1738,0,0,0,90.1738,0
44.3044,2.60776,0,0,5.94581,0.210674,0.36288,3.6288,61.308,0.519157,0,0,5.28805,0.258448,4.51045,0.66528,12.849,1,0.806625,0.36288,0,105.266,4.31644,100.506,0.84672,12.849,0.84672,3695.15,0,0.0036966,1.56514e-05,5.47257,1.83536,14.68,0.885965,21.1019,0.42336,0.0018483,0.21168,0.0018483,0.21168,460.486,0,1.02816,0,0,6.50073,5.47257,1.028160,1,0,126.118,0,0,0,126.118,0
44.8181,2.64676,0,0,3.78677,0.263402,0.36288,3.6288,61.308,0.519146,0,0,1.6382,0.253028,0.866022,0.66528,12.849,1,0.767605,0.36288,0,44.2107,5.19424,38.6117,0.84672,12.849,0.84672,3695.15,0,0.0036966,1.56511e-05,2.07378,1.83535,6.5292,1.25499,9.18332,0.42336,0.0018483,0.21168,0.0018483,0.21168,460.486,0,1.02816,0,0,3.10194,2.07378,1.028160,1,0,48.6611,0,0,0,48.6611,0
45.2443,2.65358,0,0,3.69178,0.249089,0.36288,3.6288,61.308,0.519135,0,0,1.05476,0.21701,0.318614,0.66528,12.849,1,0.760762,0.36288,0,39.7971,4.42407,34.9751,0.84672,12.849,0.84672,3695.15,0,0.0036966,1.56508e-05,1.12453,1.83533,7.08986,1.13155,8.91816,0.42336,0.0018483,0.21168,0.0018483,0.21168,460.486,0,1.02816,0,0,2.15269,1.12453,1.028160,1,0,44.2119,0,0,0,44.2119,0
45.6905,2.74244,0,0,3.78057,0.229053,0.36288,3.6288,61.1701,0.569147,0,0,0.600255,0.168987,0,0.66528,12.849,1,0.77883,0.36288,0,46.3774,3.39717,42.5642,0.84672,12.849,0.84672,3695.15,0,0.0036966,1.71585e-05,0.579856,1.83532,7.60614,0.966959,9.05434,0.42336,0.0018483,0.21168,0.0018483,0.21168,460.486,0,1.02816,0,0,1.60802,0.579856,1.028160,1,0,51.6186,0,0,0,51.6186,0
48.8515,2.74834,0,0,6.5024,0.230203,0.36288,3.6288,61.308,0.569123,0,0,0.995512,0.168839,0.119671,0.66528,12.849,1,0.772882,0.36288,0,100.686,3.39717,96.8791,0.84672,12.849,0.84672,3695.15,0,0.0036966,1.71965e-05,0.936386,1.894,8.63991,0.966959,10.5033,0.42336,0.0018483,0.21168,0.0018483,0.21168,460.486,0,1.02816,0,0,1.96455,0.936386,1.028160,1,0,107.502,0,0,0,107.502,0
50.8114,2.7879,0,0,5.34901,0.238349,0.36288,3.6288,61.308,0.569099,0,0,1.17392,0.168987,0.435831,0.66528,12.849,1,0.733276,0.36288,0,76.7776,3.39717,73.0101,0.84672,12.849,0.84672,3695.15,0,0.0036966,1.71571e-05,1.5422,1.89397,9.59256,0.966959,12.0618,0.42336,0.0018483,0.21168,0.0018483,0.21168,460.486,0,1.02816,0,0,2.57036,1.5422,1.028160,1,0,85.5077,0,0,0,85.5077,0
57.1043,2.81043,0,0,9.72683,0.260628,0.36288,3.6288,61.308,0.569075,0,0,2.0827,0.15908,1.35454,0.66528,12.849,1,0.710691,0.36288,0,144.903,3.54441,141.011,0.84672,12.849,0.84672,3695.15,0,0.0036966,1.71563e-05,3.02072,1.89394,11.6694,0.934432,15.6496,0.42336,0.0018483,0.21168,0.0018483,0.21168,460.486,0,1.02816,0,0,4.04888,3.02072,1.028160,1,0,158.015,0,0,0,158.015,0
62.9589,3.04658,0,0,9.53744,0.27337,0.36288,3.6288,61.308,0.66528,0,0,1.24724,0.160803,0.421162,0.66528,12.849,1,0.68551,0.36288,0,156.102,3.50805,152.272,0.84672,12.849,0.84672,3695.15,0,0.0036966,0.0018483,3.42144,1.89391,14.2275,0.854991,18.686,0.42336,0.0018483,0.21168,0.0018483,0.21168,460.486,0,1.02816,0,0,4.4496,3.42144,1.028160,1,0,171.379,0,0,0,171.379,0
65.2257,3.09949,0,0,6.0174,0.288224,0.36288,3.6288,61.308,0.66528,0,0,1.11334,0.160803,0.287259,0.66528,12.849,1,0.63256,0.36288,0,96.3662,3.50805,92.5885,0.84672,12.849,0.84672,3695.15,0,0.0036966,0.0018483,2.41577,2.03127,8.03226,0.854991,11.6225,0.42336,0.0018483,0.21168,0.0018483,0.21168,460.486,0,1.02816,0,0,3.44393,2.41577,1.028160,1,0,104.498,0,0,0,104.498,0
65.8656,3.11781,0,0,4.41413,0.293559,0.36288,3.6288,61.2137,0.66528,0,0,0.731791,0.160803,0,0.66528,12.849,1,0.614186,0.36288,0,64.0357,3.50805,60.2763,0.84672,12.849,0.84672,3695.15,0,0.0036966,0.0018483,0.656839,2.03124,4.78728,0.854991,6.61852,0.42336,0.0018483,0.21168,0.0018483,0.21168,460.486,0,1.02816,0,0,1.685,0.656839,1.028160,1,0,66.8949,0,0,0,66.8949,0
65.7859,3.12275,0,0,3.70105,0.295065,0.36288,3.6288,60.7424,0.950365,0,0,0.639763,0.160707,0,0.66528,12.849,1,0.609184,0.36288,0,45.8206,3.50805,42.0662,0.84672,12.849,0.84672,3695.15,0,0.0036966,0.0018483,0.608429,2.03121,3.97074,0.854991,5.75353,0.42336,0.0018483,0.21168,0.0018483,0.21168,460.486,0,0.743075,0,0,1.3515,0.608429,1.028160,1,0,47.8198,0,0,0,47.8198,0
70.7603,2.82308,0,0,8.45191,0.291578,0.36288,3.6288,61.308,0.504731,0,0,1.28012,0.144105,0.0656826,0.66528,12.849,1,0.551391,0.36288,0,118.284,2.94693,115.149,0.84672,12.849,0.84672,3695.15,0,0.0036966,1.53582e-05,2.12304,2.03118,12.9197,0.780218,16.2937,0.42336,0.0018483,0.21168,0.0018483,0.21168,460.486,0,1.02816,0,0,3.1512,2.12304,1.028160,1,0,131.508,0,0,0,131.508,0
72.29,2.85585,0,0,12.0299,0.303155,7.34121,3.6288,61.308,0.504708,0,0,1.97703,0.144622,1.3277,0.66528,12.849,1,0.518579,7.34121,0,178.281,2.94693,182.157,0.84672,12.849,0.84672,3695.15,0,0.0036966,1.52158e-05,4.21396,1.81671,22.7635,0.780218,28.014,0.42336,0.0018483,0.21168,0.0018483,0.21168,460.486,0,1.02816,0,0,5.24212,4.21396,1.028160,1,0,211.499,0,0,0,211.499,0
72.29,2.86512,0,0,10.6912,0.309847,7.51625,3.6288,61.308,0.504685,0,0,2.03394,0.182868,1.34639,0.66528,12.849,1,0.509254,7.51625,0,166.604,4.02971,169.582,0.84672,12.849,0.84672,3695.15,0,0.0036966,1.52151e-05,4.59465,1.81669,23.4967,0.946966,28.9611,0.42336,0.0018483,0.21168,0.0018483,0.21168,460.486,0,1.02816,0,0,5.62281,4.59465,1.028160,1,0,199.889,0,0,0,199.889,0
72.29,2.86508,0,0,8.25621,0.3111,5.08003,3.6288,61.308,0.504662,0,0,1.30593,0.198166,0.603099,0.66528,12.849,1,0.509246,5.08003,0,143.305,4.46282,143.413,0.84672,12.849,0.84672,3695.15,0,0.0036966,1.52144e-05,2.42763,1.81666,13.1955,1.01366,16.4261,0.42336,0.0018483,0.21168,0.0018483,0.21168,460.486,0,1.02816,0,0,3.45579,2.42763,1.028160,1,0,160.442,0,0,0,160.442,0
72.29,2.86504,0,0,6.58901,0.329809,3.39417,3.6288,61.308,0.504639,0,0,2.20489,0.192884,1.50737,0.66528,12.849,1,0.509238,3.39417,0,112.659,4.34648,111.197,0.84672,12.849,0.84672,3695.15,0,0.0036966,1.52137e-05,3.26126,1.81663,17.7384,0.987535,21.8288,0.42336,0.0018483,0.21168,0.0018483,0.21168,460.486,0,1.02816,0,0,4.28942,3.26126,1.028160,1,0,134.533,0,0,0,134.533,0
72.29,2.96967,0,0,5.43994,0.343841,2.12643,3.6288,61.308,0.566261,0,0,1.52556,0.188922,0.770373,0.66528,12.849,1,0.527837,2.12643,0,133.918,4.25922,131.258,0.84672,12.849,0.84672,3695.15,0,0.0036966,1.70715e-05,2.41525,1.8166,12.0271,0.967937,15.291,0.42336,0.0018483,0.21168,0.0018483,0.21168,460.486,0,1.02816,0,0,3.44341,2.41525,1.028160,1,0,147.319,0,0,0,147.319,0
72.29,2.96963,0,0,5.96149,0.343841,2.64802,3.6288,61.308,0.566238,0,0,1.82194,0.188922,1.06678,0.66528,12.849,1,0.527829,2.64802,0,88.6853,4.25922,86.5462,0.84672,12.849,0.84672,3695.15,0,0.0036966,1.70708e-05,3.47476,1.88731,12.1132,0.967937,16.5073,0.42336,0.0018483,0.21168,0.0018483,0.21168,460.486,0,1.02816,0,0,4.50292,3.47476,1.028160,1,0,104.12,0,0,0,104.12,0
72.29,2.96958,0,0,4.60296,0.273618,1.35976,3.6288,61.308,0.566214,0,0,1.03395,0.22162,0.246115,0.66528,12.849,1,0.527821,1.35976,0,57.8316,4.54752,54.116,0.84672,12.849,0.84672,3695.15,0,0.0036966,1.70701e-05,1.70878,1.88728,9.99838,0.985151,12.6093,0.42336,0.0018483,0.21168,0.0018483,0.21168,460.486,0,1.02816,0,0,2.73694,1.70878,1.028160,1,0,66.9714,0,0,0,66.9714,0
72.29,2.96954,0,0,3.99195,0.2495,0.772908,3.6288,61.308,0.56619,0,0,1.02246,0.229408,0.22686,0.66528,12.849,1,0.527813,0.772908,0,59.3895,4.55841,55.0761,0.84672,12.849,0.84672,3695.15,0,0.0036966,1.70694e-05,1.6619,1.88725,9.44473,1.0122,11.9817,0.42336,0.0018483,0.21168,0.0018483,0.21168,460.486,0,1.02816,0,0,2.69006,1.6619,1.028160,1,0,67.2847,0,0,0,67.2847,0
72.29,2.92857,0,0,4.42909,0.25943,1.24109,3.6288,61.308,0.542224,0,0,1.05467,0.216178,0.296265,0.66528,12.849,1,0.520531,1.24109,0,74.1537,4.29733,70.5769,0.84672,12.849,0.84672,3695.15,0,0.0036966,1.63469e-05,1.79937,1.88723,8.9106,1.0626,11.5346,0.42336,0.0018483,0.21168,0.0018483,0.21168,460.486,0,1.02816,0,0,2.82753,1.79937,1.028160,1,0,82.4077,0,0,0,82.4077,0
72.29,2.92852,0,0,3.85603,0.25943,0.668078,3.6288,61.308,0.542201,0,0,1.01307,0.216178,0.254687,0.66528,12.849,1,0.520523,0.668078,0,65.8636,4.29733,61.7138,0.84672,12.849,0.84672,3695.15,0,0.0036966,1.63462e-05,1.49045,1.85967,8.33544,1.0626,10.6229,0.42336,0.0018483,0.21168,0.0018483,0.21168,460.486,0,1.02816,0,0,2.51861,1.49045,1.028160,1,0,72.5914,0,0,0,72.5914,0
72.1943,2.92848,0,0,3.45512,0.25943,0.36288,3.6288,61.308,0.542177,0,0,0.895164,0.216178,0.136809,0.66528,12.849,1,0.520515,0.36288,0,56.5302,4.29733,52.0753,0.84672,12.849,0.84672,3695.15,0,0.0036966,1.63454e-05,1.18064,1.85964,7.26166,1.0626,9.23932,0.42336,0.0018483,0.21168,0.0018483,0.21168,460.486,0,1.02816,0,0,2.2088,1.18064,1.028160,1,0,61.4514,0,0,0,61.4514,0
71.8607,2.92785,0,0,3.19473,0.237653,0.36288,3.6288,61.308,0.542154,0,0,0.832922,0.187734,0.103034,0.66528,12.849,1,0.521093,0.36288,0,53.6927,3.70753,49.8269,0.84672,12.849,0.84672,3695.15,0,0.0036966,1.63447e-05,1.06871,1.85961,6.54601,0.913007,8.5613,0.42336,0.0018483,0.21168,0.0018483,0.21168,460.486,0,1.02816,0,0,2.09687,1.06871,1.028160,1,0,58.4913,0,0,0,58.4913,0
71.5995,3.06454,0,0,3.34983,0.183602,0.36288,3.6288,61.308,0.627026,0,0,0.845502,0.201905,0.0165707,0.66528,12.849,1,0.547953,0.36288,0,50.2724,4.7038,45.3835,0.84672,12.849,0.84672,3695.15,0,0.0036966,1.89035e-05,0.971179,1.85958,6.8186,1.03899,8.61035,0.42336,0.0018483,0.21168,0.0018483,0.21168,460.486,0,1.02816,0,0,1.99934,0.971179,1.028160,1,0,54.0104,0,0,0,54.0104,0
71.3584,3.0628,0,0,3.36036,0.17578,0.36288,3.6288,61.308,0.627002,0,0,0.858298,0.206163,0.0251333,0.66528,12.849,1,0.54964,0.36288,0,47.7432,4.90917,42.6472,0.84672,12.849,0.84672,3695.15,0,0.0036966,1.89027e-05,1.04758,1.95581,6.5969,1.06996,8.53031,0.42336,0.0018483,0.21168,0.0018483,0.21168,460.486,0,1.02816,0,0,2.07574,1.04758,1.028160,1,0,51.2027,0,0,0,51.2027,0
70.7585,3.06118,0,0,3.01427,0.190104,0.36288,3.6288,61.2972,0.626977,0,0,0.818433,0.202212,0,0.66528,12.849,1,0.551205,0.36288,0,45.0883,4.65533,40.2446,0.84672,12.849,0.84672,3695.15,0,0.0036966,1.8902e-05,1.05919,1.95578,6.07586,1.07975,8.01106,0.42336,0.0018483,0.21168,0.0018483,0.21168,460.486,0,1.02816,0,0,2.08735,1.05919,1.028160,1,0,48.2557,0,0,0,48.2557,0
70.04,3.05718,0,0,2.87727,0.17573,0.36288,3.6288,61.2706,0.626952,0,0,0.809723,0.209383,0,0.66528,12.849,1,0.555152,0.36288,0,41.8736,4.41303,37.2683,0.84672,12.849,0.84672,3695.15,0,0.0036966,1.89045e-05,1.0953,1.95575,5.81703,1.12137,7.74668,0.42336,0.0018483,0.21168,0.0018483,0.21168,460.486,0,1.02816,0,0,2.12346,1.0953,1.028160,1,0,45.015,0,0,0,45.015,0
69.1151,3.05232,0,0,2.61594,0.125577,0.36288,3.6288,61.1191,0.626927,0,0,0.729052,0.253633,0,0.66528,12.849,1,0.559956,0.36288,0,35.9607,4.93065,30.833,0.84672,12.849,0.84672,3695.15,0,0.0036966,1.8912e-05,0.713465,1.95572,5.10725,1.21394,6.56248,0.42336,0.0018483,0.21168,0.0018483,0.21168,460.486,0,1.02816,0,0,1.74163,0.713465,1.028160,1,0,37.3955,0,0,0,37.3955,0
68.0847,3.01868,0,0,2.47171,0.120583,0.36288,3.6288,60.8279,0.66528,0,0,0.648216,0.274134,0,0.66528,12.849,1,0.561194,0.36288,0,33.3076,5.2227,27.8866,0.84672,12.849,0.84672,3695.15,0,0.0036966,0.0018483,0.428268,1.95569,4.662,1.2548,5.78931,0.42336,0.0018483,0.21168,0.0018483,0.21168,460.486,0,1.02816,0,0,1.45643,0.428268,1.028160,1,0,33.6759,0,0,0,33.6759,0
66.8757,3.01148,0,0,2.28496,0.119617,0.36288,3.6288,60.5157,0.66528,0,0,0.62667,0.273629,0,0.66528,12.849,1,0.56833,0.36288,0,33.1065,5.2227,27.6783,0.84672,12.849,0.84672,3695.15,0,0.0036966,0.0018483,0.403618,1.98565,4.72726,1.2548,5.85988,0.42336,0.0018483,0.21168,0.0018483,0.21168,460.486,0,1.02816,0,0,1.43178,0.403618,1.028160,1,0,33.5382,0,0,0,33.5382,0
65.4658,3.00282,0,0,2.07435,0.118483,0.36288,3.6288,60.1693,0.66528,0,0,0.592015,0.273087,0,0.66528,12.849,1,0.57694,0.36288,0,32.1225,5.2227,26.6857,0.84672,12.849,0.84672,3695.15,0,0.0036966,0.0018483,0.263166,1.98562,4.44357,1.2548,5.4357,0.42336,0.0018483,0.21168,0.0018483,0.21168,460.486,0,1.02816,0,0,1.29133,0.263166,1.028160,1,0,32.1214,0,0,0,32.1214,0
63.8983,2.99239,0,0,1.89937,0.111685,0.36288,3.6288,59.6953,0.735221,0,0,0.553796,0.292615,0,0.66528,12.849,1,0.587317,0.36288,0,28.254,5.46459,22.565,0.84672,12.849,0.84672,3695.15,0,0.0036966,0.0018483,0.261274,1.98559,4.29903,1.3401,5.20394,0.42336,0.0018483,0.21168,0.0018483,0.21168,460.486,0,0.958219,0,0,1.21949,0.261274,1.028160,1,0,27.7689,0,0,0,27.7689,0
62.3155,2.94539,0,0,1.83451,0.109036,0.36288,3.6288,59.1758,0.661887,0,0,0.478569,0.336134,0,0.66528,12.849,1,0.592275,0.36288,0,26.5896,5.92788,20.4323,0.84672,12.849,0.84672,3695.15,0,0.0036966,2.04935e-05,0.261274,1.98556,4.00589,1.49123,4.76147,0.42336,0.0018483,0.21168,0.0018483,0.21168,460.486,0,1.02158,0,0,1.28285,0.261274,1.028160,1,0,25.1938,0,0,0,25.1938,0
60.5805,2.93287,0,0,1.66847,0.107637,0.36288,3.6288,58.4247,0.86182,0,0,0.445688,0.335019,0,0.66528,12.849,1,0.604738,0.36288,0,24.7876,5.92788,18.6178,0.84672,12.849,0.84672,3695.15,0,0.0036966,2.69181e-05,0.261274,1.96363,3.57005,1.49123,4.30369,0.42336,0.0018483,0.21168,0.0018483,0.21168,460.486,0,0.821612,0,0,1.08289,0.261274,1.028160,1,0,22.9215,0,0,0,22.9215,0
59.0168,2.91854,0,0,1.81697,0.0993003,0.36288,3.6288,57.9639,0.655253,0,0,0.526072,0.331639,0,0.66528,12.849,1,0.619016,0.36288,0,24.9048,6.03601,18.6126,0.84672,12.849,0.84672,3695.15,0,0.0036966,2.07293e-05,0.336502,1.9636,5.04781,1.51714,5.83075,0.42336,0.0018483,0.21168,0.0018483,0.21168,460.486,0,1.02816,0,0,1.36466,0.336502,1.028160,1,0,24.4434,0,0,0,24.4434,0
57.4586,2.90503,0,0,1.79811,0.0884323,0.36288,3.6288,57.5059,0.655227,0,0,0.49963,0.302334,0,0.66528,12.849,1,0.632476,0.36288,0,24.6755,6.1614,18.2445,0.84672,12.849,0.84672,3695.15,0,0.0036966,2.08933e-05,0.345583,1.96358,4.47444,1.56802,5.21556,0.42336,0.0018483,0.21168,0.0018483,0.21168,460.486,0,1.02816,0,0,1.37374,0.345583,1.028160,1,0,23.4601,0,0,0,23.4601,0
55.8136,3.08404,0,0,1.88476,0.0827622,0.36288,3.6288,57.0154,0.66528,0,0,0.499288,0.324541,0,0.66528,12.849,1,0.689659,0.36288,0,22.7958,5.99843,16.4706,0.84672,12.849,0.84672,3695.15,0,0.0036966,0.0018483,0.27,1.96355,4.18082,1.55779,4.85472,0.42336,0.0018483,0.21168,0.0018483,0.21168,460.486,0,1.02816,0,0,1.29816,0.27,1.028160,1,0,21.3253,0,0,0,21.3253,0
54.1021,3.06747,0,0,1.7926,0.0737506,0.36288,3.6288,56.4037,0.746358,0,0,0.470897,0.336248,0,0.66528,12.849,1,0.70617,0.36288,0,23.3767,6.03792,16.9955,0.84672,12.849,0.84672,3695.15,0,0.0036966,0.0018483,0.227405,2.11977,3.57606,1.57462,4.34676,0.42336,0.0018483,0.21168,0.0018483,0.21168,460.486,0,0.947082,0,0,1.17449,0.227405,1.028160,1,0,21.3423,0,0,0,21.3423,0
52.0556,3.04937,0,0,1.43826,0.0724931,0.36288,3.6288,55.4604,0.978696,0,0,0.37028,0.334912,0,0.66528,12.849,1,0.724211,0.36288,0,27.4961,6.03792,21.0969,0.84672,12.849,0.84672,3695.15,0,0.0036966,0.0018483,0.227405,2.11973,2.9706,1.57462,3.74128,0.42336,0.0018483,0.21168,0.0018483,0.21168,460.486,0,0.714744,0,0,0.942149,0.227405,1.028160,1,0,24.8381,0,0,0,24.8381,0
50.2987,3.02649,0,0,1.70337,0.0709895,0.36288,3.6288,55.0275,0.66528,0,0,0.565219,0.33285,0,0.66528,12.849,1,0.747033,0.36288,0,23.6006,6.03792,17.1785,0.84672,12.849,0.84672,3695.15,0,0.0036966,0.0018483,0.38912,2.1197,4.01715,1.57462,4.9495,0.42336,0.0018483,0.21168,0.0018483,0.21168,460.486,0,1.02816,0,0,1.41728,0.38912,1.028160,1,0,22.128,0,0,0,22.128,0
48.4787,3.00565,0,0,1.60968,0.0611147,0.36288,3.6288,54.5452,0.66528,0,0,0.495137,0.312077,0,0.66528,12.849,1,0.767806,0.36288,0,27.8004,5.48685,21.9086,0.84672,12.849,0.84672,3695.15,0,0.0036966,0.0018483,0.212475,2.11967,4.44663,1.48398,5.29294,0.42336,0.0018483,0.21168,0.0018483,0.21168,460.486,0,1.02816,0,0,1.24063,0.212475,1.028160,1,0,27.2016,0,0,0,27.2016,0
47.2259,2.89181,0,0,2.0506,0.0487114,0.36288,3.6288,54.2689,0.66528,0,0,0.673652,0.284733,0,0.66528,12.849,1,0.766458,0.36288,0,30.8485,4.75209,25.6928,0.84672,12.849,0.84672,3695.15,0,0.0036966,0.0018483,0.427179,2.11964,5.01226,1.36313,6.1941,0.42336,0.0018483,0.21168,0.0018483,0.21168,460.486,0,1.02816,0,0,1.45534,0.427179,1.028160,1,0,31.887,0,0,0,31.887,0
45.644,2.87578,0,0,1.70479,0.0480489,0.36288,3.6288,54.2708,0.66528,0,0,0.951453,0.284214,0,0.66528,12.849,1,0.782429,0.36288,0,28.4962,4.75209,23.3245,0.84672,12.849,0.84672,3695.15,0,0.0036966,0.0018483,1.53679,2.03007,5.683,1.36313,7.88489,0.42336,0.0018483,0.21168,0.0018483,0.21168,460.486,0,1.02816,0,0,2.56495,1.53679,1.028160,1,0,31.2094,0,0,0,31.2094,0
43.8248,2.85458,0,0,1.44555,0.0472124,0.36288,3.6288,53.8379,0.66528,0,0,0.516557,0.284217,0,0.66528,12.849,1,0.803577,0.36288,0,28.4563,4.75209,23.2635,0.84672,12.849,0.84672,3695.15,0,0.0036966,0.0018483,0.327491,2.03004,4.20346,1.36313,5.19602,0.42336,0.0018483,0.21168,0.0018483,0.21168,460.486,0,1.02816,0,0,1.35565,0.327491,1.028160,1,0,28.4595,0,0,0,28.4595,0
42.2562,2.82874,0,0,1.69927,0.0763088,0.36288,3.6288,53.4429,0.66528,0,0,0.524813,0.254513,0,0.66528,12.849,1,0.829357,0.36288,0,28.664,4.33683,23.8607,0.84672,12.849,0.84672,3695.15,0,0.0036966,0.0018483,0.361765,2.03001,4.38973,1.23333,5.54633,0.42336,0.0018483,0.21168,0.0018483,0.21168,460.486,0,1.02816,0,0,1.38993,0.361765,1.028160,1,0,29.407,0,0,0,29.407,0
41.6421,2.73262,0,0,2.59605,0.114694,0.36288,3.6288,52.9935,0.752071,0,0,0.476937,0.174238,0,0.66528,12.849,1,0.830918,0.36288,0,33.5331,3.78357,29.2814,0.84672,12.849,0.84672,3695.15,0,0.0036966,2.601e-05,0.216518,2.02998,3.03626,0.999183,4.28355,0.42336,0.0018483,0.21168,0.0018483,0.21168,460.486,0,0.907952,0,0,1.12447,0.216518,1.028160,1,0,33.565,0,0,0,33.565,0
43.6638,2.72321,0,0,5.2217,0.113874,0.36288,3.6288,53.4001,0.631842,0,0,1.21198,0.173614,0,0.66528,12.849,1,0.84027,0.36288,0,55.14,3.78357,50.8791,0.84672,12.849,0.84672,3695.15,0,0.0036966,2.20373e-05,1.60606,1.95038,5.24778,0.999183,7.80502,0.42336,0.0018483,0.21168,0.0018483,0.21168,460.486,0,1.02816,0,0,2.63422,1.60606,1.028160,1,0,58.6841,0,0,0,58.6841,0
43.6321,2.75324,0,0,3.20103,0.116574,0.36288,3.6288,53.6009,0.631817,0,0,1.0068,0.174179,0,0.66528,12.849,1,0.810199,0.36288,0,32.9068,3.78357,28.6759,0.84672,12.849,0.84672,3695.15,0,0.0036966,2.18686e-05,1.38259,1.95035,5.27221,0.999183,7.60595,0.42336,0.0018483,0.21168,0.0018483,0.21168,460.486,0,1.02816,0,0,2.41075,1.38259,1.028160,1,0,36.2819,0,0,0,36.2819,0
45.8066,2.75274,0,0,5.45553,0.165417,0.36288,3.6288,53.7231,0.631792,0,0,0.948192,0.194139,0,0.66528,12.849,1,0.810641,0.36288,0,78.0995,4.13151,73.5203,0.84672,12.849,0.84672,3695.15,0,0.0036966,2.17859e-05,1.20703,1.95032,6.51964,1.08041,8.59656,0.42336,0.0018483,0.21168,0.0018483,0.21168,460.486,0,1.02816,0,0,2.23519,1.20703,1.028160,1,0,82.1168,0,0,0,82.1168,0
50.7099,2.66448,0,0,8.11531,0.184697,0.36288,3.6288,54.2164,0.518017,0,0,1.18819,0.176868,0,0.66528,12.849,1,0.747402,0.36288,0,112.047,4.27875,107.384,0.84672,12.849,0.84672,3695.15,0,0.0036966,1.78219e-05,1.40962,1.9503,6.16879,1.10014,8.42855,0.42336,0.0018483,0.21168,0.0018483,0.21168,460.486,0,1.02816,0,0,2.43778,1.40962,1.028160,1,0,115.812,0,0,0,115.812,0
56.1078,2.72211,0,0,8.68061,0.197668,0.36288,3.6288,55.232,0.517994,0,0,1.70266,0.169146,0,0.66528,12.849,1,0.689735,0.36288,0,95.1197,4.31445,90.4784,0.84672,12.849,0.84672,3695.15,0,0.0036966,1.7659e-05,2.32555,1.834,7.72606,1.10262,10.783,0.42336,0.0018483,0.21168,0.0018483,0.21168,460.486,0,1.02816,0,0,3.35371,2.32555,1.028160,1,0,101.261,0,0,0,101.261,0
58.2999,2.77606,0,0,5.54835,0.217272,0.36288,3.6288,55.2059,0.517971,0,0,0.663069,0.171198,0,0.66528,12.849,1,0.635734,0.36288,0,74.366,4.21507,69.878,0.84672,12.849,0.84672,3695.15,0,0.0036966,1.73335e-05,0.921197,1.83397,4.89252,1.08177,6.5659,0.42336,0.0018483,0.21168,0.0018483,0.21168,460.486,0,1.02816,0,0,1.94936,0.921197,1.028160,1,0,76.4439,0,0,0,76.4439,0
60.1184,2.79561,0,0,5.25046,0.273529,0.36288,3.6288,55.0235,0.517948,0,0,0.512263,0.17666,0,0.66528,12.849,1,0.616138,0.36288,0,103.742,3.61882,99.8701,0.84672,12.849,0.84672,3695.15,0,0.0036966,1.7341e-05,0.836222,1.83394,4.91324,0.956662,6.62673,0.42336,0.0018483,0.21168,0.0018483,0.21168,460.486,0,1.02816,0,0,1.86438,0.836222,1.028160,1,0,106.497,0,0,0,106.497,0
56.9446,2.81093,0,0,1.8524e-319,2.11015e-316,0.36288,3.6288,53.065,1.95851,0,0,1.8524e-319,1.36104e-316,0,0.66528,12.2495,1,0.600775,0.36288,0,1.8524e-319,2.7786e-315,3.20544,0.84672,12.2495,0.84672,3692.31,0,0.0036966,6.57885e-05,0.412474,1.83391,1.8524e-319,7.19e-316,2.24632,0.42336,0.0018483,0.21168,0.0018483,0.21168,460.486,0,-0.412474,0,0,1.8524e-319,0.412474,1.028160,1,0,5.45176,0,0,0,5.45176,0
