0cont_fund,0ins_pout,0ins_price,0infra_npv,0debt_serv,0gross_rev,0cont_contrib,0drought_cost,0water_price
0,0,0,0,2.90858e-33,1.97963e+07,0,0,1.27005e+07
0,0,0,0,0,1.98032e+07,0,0,1.27005e+07
0,0,0,0,0,1.98102e+07,0,0,1.27005e+07
0,0,0,0,0,1.98172e+07,0,0,1.27005e+07
0,0,0,0,0,2.19506e+07,0,0,1.27005e+07
0,0,0,0,0,2.19583e+07,0,0,1.27005e+07
0,0,0,0,0,2.1966e+07,0,0,1.27005e+07
0,0,0,0,0,2.19738e+07,0,0,1.27005e+07
0,0,0,0,0,1.90398e+07,0,0,1.27005e+07
0,0,0,0,0,1.90465e+07,0,0,1.27005e+07
0,0,0,0,0,1.90532e+07,0,0,1.27005e+07
0,0,0,0,0,1.90599e+07,0,0,1.27005e+07
0,0,0,0,0,1.90666e+07,0,0,1.27005e+07
0,0,0,0,0,1.98043e+07,0,0,1.27005e+07
0,0,0,0,0,1.98113e+07,0,0,1.27005e+07
0,0,0,0,0,1.98183e+07,0,0,1.27005e+07
0,0,0,0,0,1.98253e+07,0,0,1.27005e+07
0,0,0,0,0,1.9547e+07,0,0,1.27005e+07
0,0,0,0,0,1.95539e+07,0,0,1.27005e+07
0,0,0,0,0,1.95607e+07,0,0,1.27005e+07
0,0,0,0,0,1.95676e+07,0,0,1.27005e+07
0,0,0,0,0,2.05661e+07,0,0,1.27005e+07
0,0,0,0,0,2.05734e+07,0,0,1.27005e+07
0,0,0,0,0,2.05806e+07,0,0,1.27005e+07
0,0,0,0,0,2.05879e+07,0,0,1.27005e+07
0,0,0,0,0,2.05951e+07,0,0,1.27005e+07
0,0,0,0,0,2.07911e+07,0,0,1.27005e+07
0,0,0,0,0,2.07984e+07,0,0,1.27005e+07
0,0,0,0,0,2.08057e+07,0,0,1.27005e+07
0,0,0,0,0,2.0813e+07,0,0,1.27005e+07
0,0,0,0,0,2.13176e+07,0,0,1.27005e+07
0,0,0,0,0,2.13251e+07,0,0,1.27005e+07
0,0,0,0,0,2.13326e+07,0,0,1.27005e+07
0,0,0,0,0,2.13401e+07,0,0,1.27005e+07
0,0,0,0,0,2.29783e+07,0,0,1.27005e+07
0,0,0,0,0,2.29863e+07,0,0,1.27005e+07
0,0,0,0,0,2.29944e+07,0,0,1.27005e+07
0,0,0,0,0,2.30025e+07,0,0,1.27005e+07
0,0,0,0,0,2.30105e+07,0,0,1.27005e+07
0,0,0,0,0,2.2113e+07,0,0,1.27005e+07
0,0,0,0,0,2.21208e+07,0,0,1.27005e+07
0,0,0,0,0,2.21285e+07,0,0,1.27005e+07
0,0,0,0,0,2.21363e+07,0,0,1.27005e+07
0,0,0,0,0,2.13499e+07,0,0,1.27005e+07
0,0,0,0,0,2.13574e+07,0,0,1.27005e+07
0,0,0,0,0,2.13649e+07,0,0,1.27005e+07
0,0,0,0,0,2.13724e+07,0,0,1.27005e+07
0,0,0,0,0,1.95054e+07,0,0,1.27005e+07
0,0,0,0,0,1.95123e+07,0,0,1.27005e+07
0,0,0,0,0,1.95191e+07,0,0,1.27005e+07
0,0,0,0,0,1.95259e+07,0,0,1.27005e+07
0,0,0,0,0,1.95328e+07,0,0,1.27005e+07
0,0,0,0,2.90858e-33,2.01612e+07,0,0,1.27005e+07
0,0,0,0,0,2.0168e+07,0,0,1.27005e+07
0,0,0,0,0,2.01749e+07,0,0,1.27005e+07
0,0,0,0,0,2.01817e+07,0,0,1.27005e+07
0,0,0,0,0,2.23541e+07,0,0,1.27005e+07
0,0,0,0,0,2.23617e+07,0,0,1.27005e+07
0,0,0,0,0,2.23692e+07,0,0,1.27005e+07
0,0,0,0,0,2.23768e+07,0,0,1.27005e+07
0,0,0,0,0,1.93888e+07,0,0,1.27005e+07
0,0,0,0,0,1.93954e+07,0,0,1.27005e+07
0,0,0,0,0,1.9402e+07,0,0,1.27005e+07
0,0,0,0,0,1.94086e+07,0,0,1.27005e+07
0,0,0,0,0,1.94152e+07,0,0,1.27005e+07
0,0,0,0,0,2.01661e+07,0,0,1.27005e+07
0,0,0,0,0,2.01729e+07,0,0,1.27005e+07
0,0,0,0,0,2.01798e+07,0,0,1.27005e+07
0,0,0,0,0,2.01866e+07,0,0,1.27005e+07
0,0,0,0,0,1.9903e+07,0,0,1.27005e+07
0,0,0,0,0,1.99098e+07,0,0,1.27005e+07
0,0,0,0,0,1.99166e+07,0,0,1.27005e+07
0,0,0,0,0,1.99233e+07,0,0,1.27005e+07
0,0,0,0,0,2.09397e+07,0,0,1.27005e+07
0,0,0,0,0,2.09468e+07,0,0,1.27005e+07
0,0,0,0,0,2.09539e+07,0,0,1.27005e+07
0,0,0,0,0,2.0961e+07,0,0,1.27005e+07
0,0,0,0,0,2.09681e+07,0,0,1.27005e+07
0,0,0,0,0,2.11674e+07,0,0,1.27005e+07
0,0,0,0,0,2.11746e+07,0,0,1.27005e+07
0,0,0,0,0,2.11818e+07,0,0,1.27005e+07
0,0,0,0,0,2.1189e+07,0,0,1.27005e+07
0,0,0,0,0,2.17024e+07,0,0,1.27005e+07
0,0,0,0,0,2.17097e+07,0,0,1.27005e+07
0,0,0,0,0,2.17171e+07,0,0,1.27005e+07
0,0,0,0,0,2.17244e+07,0,0,1.27005e+07
0,0,0,0,0,2.33918e+07,0,0,1.27005e+07
0,0,0,0,0,2.33997e+07,0,0,1.27005e+07
0,0,0,0,0,2.34077e+07,0,0,1.27005e+07
0,0,0,0,0,2.34156e+07,0,0,1.27005e+07
0,0,0,0,0,2.34235e+07,0,0,1.27005e+07
0,0,0,0,0,2.25096e+07,0,0,1.27005e+07
0,0,0,0,0,2.25172e+07,0,0,1.27005e+07
0,0,0,0,0,2.25248e+07,0,0,1.27005e+07
0,0,0,0,0,2.25325e+07,0,0,1.27005e+07
0,0,0,0,0,2.17317e+07,0,0,1.27005e+07
0,0,0,0,0,2.17391e+07,0,0,1.27005e+07
0,0,0,0,0,2.17464e+07,0,0,1.27005e+07
0,0,0,0,0,2.17538e+07,0,0,1.27005e+07
0,0,0,0,0,1.98532e+07,0,0,1.27005e+07
0,0,0,0,0,1.986e+07,0,0,1.27005e+07
0,0,0,0,0,1.98667e+07,0,0,1.27005e+07
0,0,0,0,0,1.98734e+07,0,0,1.27005e+07
0,0,0,0,0,1.98801e+07,0,0,1.27005e+07
0,0,0,0,2.90858e-33,2.05194e+07,0,0,1.27005e+07
0,0,0,0,0,2.05261e+07,0,0,1.27005e+07
0,0,0,0,0,2.05328e+07,0,0,1.27005e+07
0,0,0,0,0,2.05395e+07,0,0,1.27005e+07
0,0,0,0,0,2.27501e+07,0,0,1.27005e+07
0,0,0,0,0,2.27575e+07,0,0,1.27005e+07
0,0,0,0,0,2.2765e+07,0,0,1.27005e+07
0,0,0,0,0,2.27724e+07,0,0,1.27005e+07
0,0,0,0,0,1.97313e+07,0,0,1.27005e+07
0,0,0,0,0,1.97378e+07,0,0,1.27005e+07
0,0,0,0,0,1.97442e+07,0,0,1.27005e+07
0,0,0,0,0,1.97507e+07,0,0,1.27005e+07
0,0,0,0,0,1.97571e+07,0,0,1.27005e+07
0,0,0,0,0,2.0521e+07,0,0,1.27005e+07
0,0,0,0,0,2.05277e+07,0,0,1.27005e+07
0,0,0,0,0,2.05344e+07,0,0,1.27005e+07
0,0,0,0,0,2.05411e+07,0,0,1.27005e+07
0,0,0,0,0,2.02523e+07,0,0,1.27005e+07
0,0,0,0,0,2.02589e+07,0,0,1.27005e+07
0,0,0,0,0,2.02655e+07,0,0,1.27005e+07
0,0,0,0,0,2.02722e+07,0,0,1.27005e+07
0,0,0,0,0,2.13061e+07,0,0,1.27005e+07
0,0,0,0,0,2.1313e+07,0,0,1.27005e+07
0,0,0,0,0,2.132e+07,0,0,1.27005e+07
0,0,0,0,0,2.1327e+07,0,0,1.27005e+07
0,0,0,0,0,2.13339e+07,0,0,1.27005e+07
0,0,0,0,0,2.15364e+07,0,0,1.27005e+07
0,0,0,0,0,2.15434e+07,0,0,1.27005e+07
0,0,0,0,0,2.15505e+07,0,0,1.27005e+07
0,0,0,0,0,2.15575e+07,0,0,1.27005e+07
0,0,0,0,0,2.20796e+07,0,0,1.27005e+07
0,0,0,0,0,2.20868e+07,0,0,1.27005e+07
0,0,0,0,0,2.2094e+07,0,0,1.27005e+07
0,0,0,0,0,2.21012e+07,0,0,1.27005e+07
0,0,0,0,0,2.37972e+07,0,0,1.27005e+07
0,0,0,0,0,2.38049e+07,0,0,1.27005e+07
0,0,0,0,0,2.38127e+07,0,0,1.27005e+07
0,0,0,0,0,2.38204e+07,0,0,1.27005e+07
0,0,0,0,0,2.38282e+07,0,0,1.27005e+07
0,0,0,0,0,2.28982e+07,0,0,1.27005e+07
0,0,0,0,0,2.29057e+07,0,0,1.27005e+07
0,0,0,0,0,2.29131e+07,0,0,1.27005e+07
0,0,0,0,0,2.29206e+07,0,0,1.27005e+07
0,0,0,0,0,2.21058e+07,0,0,1.27005e+07
0,0,0,0,0,2.2113e+07,0,0,1.27005e+07
0,0,0,0,0,2.21202e+07,0,0,1.27005e+07
0,0,0,0,0,2.21274e+07,0,0,1.27005e+07
0,0,0,0,0,2.01939e+07,0,0,1.27005e+07
0,0,0,0,0,2.02005e+07,0,0,1.27005e+07
0,0,0,0,0,2.02071e+07,0,0,1.27005e+07
0,0,0,0,0,2.02137e+07,0,0,1.27005e+07
0,0,0,0,0,2.02203e+07,0,0,1.27005e+07
0,0,0,0,2.90858e-33,2.08702e+07,0,0,1.27005e+07
0,0,0,0,0,2.08768e+07,0,0,1.27005e+07
0,0,0,0,0,2.08833e+07,0,0,1.27005e+07
0,0,0,0,0,2.08899e+07,0,0,1.27005e+07
0,0,0,0,0,2.31379e+07,0,0,1.27005e+07
0,0,0,0,0,2.31451e+07,0,0,1.27005e+07
0,0,0,0,0,2.31524e+07,0,0,1.27005e+07
0,0,0,0,0,2.31597e+07,0,0,1.27005e+07
0,0,0,0,0,2.00666e+07,0,0,1.27005e+07
0,0,0,0,0,2.00729e+07,0,0,1.27005e+07
0,0,0,0,0,2.00792e+07,0,0,1.27005e+07
0,0,0,0,0,2.00855e+07,0,0,1.27005e+07
0,0,0,0,0,2.00918e+07,0,0,1.27005e+07
0,0,0,0,0,2.08684e+07,0,0,1.27005e+07
0,0,0,0,0,2.0875e+07,0,0,1.27005e+07
0,0,0,0,0,2.08815e+07,0,0,1.27005e+07
0,0,0,0,0,2.08881e+07,0,0,1.27005e+07
0,0,0,0,0,2.05941e+07,0,0,1.27005e+07
0,0,0,0,0,2.06006e+07,0,0,1.27005e+07
0,0,0,0,0,2.0607e+07,0,0,1.27005e+07
0,0,0,0,0,2.06135e+07,0,0,1.27005e+07
0,0,0,0,0,2.16646e+07,0,0,1.27005e+07
0,0,0,0,0,2.16714e+07,0,0,1.27005e+07
0,0,0,0,0,2.16782e+07,0,0,1.27005e+07
0,0,0,0,0,2.1685e+07,0,0,1.27005e+07
0,0,0,0,0,2.16918e+07,0,0,1.27005e+07
0,0,0,0,0,2.18974e+07,0,0,1.27005e+07
0,0,0,0,0,2.19042e+07,0,0,1.27005e+07
0,0,0,0,0,2.19111e+07,0,0,1.27005e+07
0,0,0,0,0,2.1918e+07,0,0,1.27005e+07
0,0,0,0,0,2.24485e+07,0,0,1.27005e+07
0,0,0,0,0,2.24555e+07,0,0,1.27005e+07
0,0,0,0,0,2.24626e+07,0,0,1.27005e+07
0,0,0,0,0,2.24696e+07,0,0,1.27005e+07
0,0,0,0,0,2.41936e+07,0,0,1.27005e+07
0,0,0,0,0,2.42012e+07,0,0,1.27005e+07
0,0,0,0,0,2.42087e+07,0,0,1.27005e+07
0,0,0,0,0,2.42163e+07,0,0,1.27005e+07
0,0,0,0,0,2.42239e+07,0,0,1.27005e+07
0,0,0,0,0,2.32782e+07,0,0,1.27005e+07
0,0,0,0,0,2.32854e+07,0,0,1.27005e+07
0,0,0,0,0,2.32927e+07,0,0,1.27005e+07
0,0,0,0,0,2.33e+07,0,0,1.27005e+07
0,0,0,0,0,2.24715e+07,0,0,1.27005e+07
0,0,0,0,0,2.24785e+07,0,0,1.27005e+07
0,0,0,0,0,2.24855e+07,0,0,1.27005e+07
0,0,0,0,0,2.24926e+07,0,0,1.27005e+07
0,0,0,0,0,2.0527e+07,0,0,1.27005e+07
0,0,0,0,0,2.05334e+07,0,0,1.27005e+07
0,0,0,0,0,2.05398e+07,0,0,1.27005e+07
0,0,0,0,0,2.05462e+07,0,0,1.27005e+07
0,0,0,0,0,2.05527e+07,0,0,1.27005e+07
0,0,0,0,2.90858e-33,2.1213e+07,0,0,1.27005e+07
0,0,0,0,0,2.12194e+07,0,0,1.27005e+07
0,0,0,0,0,2.12258e+07,0,0,1.27005e+07
0,0,0,0,0,2.12323e+07,0,0,1.27005e+07
0,0,0,0,0,2.35168e+07,0,0,1.27005e+07
0,0,0,0,0,2.35239e+07,0,0,1.27005e+07
0,0,0,0,0,2.3531e+07,0,0,1.27005e+07
0,0,0,0,0,2.35381e+07,0,0,1.27005e+07
0,0,0,0,0,2.03942e+07,0,0,1.27005e+07
0,0,0,0,0,2.04003e+07,0,0,1.27005e+07
0,0,0,0,0,2.04065e+07,0,0,1.27005e+07
0,0,0,0,0,2.04126e+07,0,0,1.27005e+07
0,0,0,0,0,2.04188e+07,0,0,1.27005e+07
0,0,0,0,0,2.12077e+07,0,0,1.27005e+07
0,0,0,0,0,2.12141e+07,0,0,1.27005e+07
0,0,0,0,0,2.12205e+07,0,0,1.27005e+07
0,0,0,0,0,2.12269e+07,0,0,1.27005e+07
0,0,0,0,0,2.09279e+07,0,0,1.27005e+07
0,0,0,0,0,2.09342e+07,0,0,1.27005e+07
0,0,0,0,0,2.09405e+07,0,0,1.27005e+07
0,0,0,0,0,2.09468e+07,0,0,1.27005e+07
0,0,0,0,0,2.20146e+07,0,0,1.27005e+07
0,0,0,0,0,2.20213e+07,0,0,1.27005e+07
0,0,0,0,0,2.20279e+07,0,0,1.27005e+07
0,0,0,0,0,2.20345e+07,0,0,1.27005e+07
0,0,0,0,0,2.20412e+07,0,0,1.27005e+07
0,0,0,0,0,2.22498e+07,0,0,1.27005e+07
0,0,0,0,0,2.22565e+07,0,0,1.27005e+07
0,0,0,0,0,2.22632e+07,0,0,1.27005e+07
0,0,0,0,0,2.22699e+07,0,0,1.27005e+07
0,0,0,0,0,2.28087e+07,0,0,1.27005e+07
0,0,0,0,0,2.28155e+07,0,0,1.27005e+07
0,0,0,0,0,2.28224e+07,0,0,1.27005e+07
0,0,0,0,0,2.28293e+07,0,0,1.27005e+07
0,0,0,0,0,2.45805e+07,0,0,1.27005e+07
0,0,0,0,0,2.45879e+07,0,0,1.27005e+07
0,0,0,0,0,2.45953e+07,0,0,1.27005e+07
0,0,0,0,0,2.46027e+07,0,0,1.27005e+07
0,0,0,0,0,2.46101e+07,0,0,1.27005e+07
0,0,0,0,0,2.3649e+07,0,0,1.27005e+07
0,0,0,0,0,2.36561e+07,0,0,1.27005e+07
0,0,0,0,0,2.36632e+07,0,0,1.27005e+07
0,0,0,0,0,2.36703e+07,0,0,1.27005e+07
0,0,0,0,0,2.28283e+07,0,0,1.27005e+07
0,0,0,0,0,2.28352e+07,0,0,1.27005e+07
0,0,0,0,0,2.2842e+07,0,0,1.27005e+07
0,0,0,0,0,2.28489e+07,0,0,1.27005e+07
0,0,0,0,0,2.08519e+07,0,0,1.27005e+07
0,0,0,0,0,2.08581e+07,0,0,1.27005e+07
0,0,0,0,0,2.08644e+07,0,0,1.27005e+07
0,0,0,0,0,2.08707e+07,0,0,1.27005e+07
0,0,0,0,0,2.08769e+07,0,0,1.27005e+07
0,0,0,0,0,2.15475e+07,0,0,1.27005e+07
0,0,0,0,2.90858e-33,2.15537e+07,0,0,1.27005e+07
0,0,0,0,0,2.156e+07,0,0,1.27005e+07
0,0,0,0,0,2.15662e+07,0,0,1.27005e+07
0,0,0,0,0,2.38863e+07,0,0,1.27005e+07
0,0,0,0,0,2.38933e+07,0,0,1.27005e+07
0,0,0,0,0,2.39002e+07,0,0,1.27005e+07
0,0,0,0,0,2.39071e+07,0,0,1.27005e+07
0,0,0,0,0,2.07137e+07,0,0,1.27005e+07
0,0,0,0,0,2.07197e+07,0,0,1.27005e+07
0,0,0,0,0,2.07257e+07,0,0,1.27005e+07
0,0,0,0,0,2.07317e+07,0,0,1.27005e+07
0,0,0,0,0,2.07377e+07,0,0,1.27005e+07
0,0,0,0,0,2.15387e+07,0,0,1.27005e+07
0,0,0,0,0,2.15449e+07,0,0,1.27005e+07
0,0,0,0,0,2.15511e+07,0,0,1.27005e+07
0,0,0,0,0,2.15573e+07,0,0,1.27005e+07
0,0,0,0,0,2.12534e+07,0,0,1.27005e+07
0,0,0,0,0,2.12596e+07,0,0,1.27005e+07
0,0,0,0,0,2.12657e+07,0,0,1.27005e+07
0,0,0,0,0,2.12719e+07,0,0,1.27005e+07
0,0,0,0,0,2.23559e+07,0,0,1.27005e+07
0,0,0,0,0,2.23624e+07,0,0,1.27005e+07
0,0,0,0,0,2.23689e+07,0,0,1.27005e+07
0,0,0,0,0,2.23753e+07,0,0,1.27005e+07
0,0,0,0,0,2.23818e+07,0,0,1.27005e+07
0,0,0,0,0,2.25934e+07,0,0,1.27005e+07
0,0,0,0,0,2.25999e+07,0,0,1.27005e+07
0,0,0,0,0,2.26064e+07,0,0,1.27005e+07
0,0,0,0,0,2.2613e+07,0,0,1.27005e+07
0,0,0,0,0,2.31597e+07,0,0,1.27005e+07
0,0,0,0,0,2.31664e+07,0,0,1.27005e+07
0,0,0,0,0,2.31731e+07,0,0,1.27005e+07
0,0,0,0,0,2.31798e+07,0,0,1.27005e+07
0,0,0,0,0,2.49576e+07,0,0,1.27005e+07
0,0,0,0,0,2.49648e+07,0,0,1.27005e+07
0,0,0,0,0,2.4972e+07,0,0,1.27005e+07
0,0,0,0,0,2.49793e+07,0,0,1.27005e+07
0,0,0,0,0,2.49865e+07,0,0,1.27005e+07
0,0,0,0,0,2.40104e+07,0,0,1.27005e+07
0,0,0,0,0,2.40173e+07,0,0,1.27005e+07
0,0,0,0,0,2.40242e+07,0,0,1.27005e+07
0,0,0,0,0,2.40311e+07,0,0,1.27005e+07
0,0,0,0,0,2.3176e+07,0,0,1.27005e+07
0,0,0,0,0,2.31827e+07,0,0,1.27005e+07
0,0,0,0,0,2.31894e+07,0,0,1.27005e+07
0,0,0,0,0,2.31961e+07,0,0,1.27005e+07
0,0,0,0,0,2.11684e+07,0,0,1.27005e+07
0,0,0,0,0,2.11745e+07,0,0,1.27005e+07
0,0,0,0,0,2.11806e+07,0,0,1.27005e+07
0,0,0,0,0,2.11868e+07,0,0,1.27005e+07
0,0,0,0,0,2.11929e+07,0,0,1.27005e+07
0,0,0,0,0,2.11929e+07,0,0,1.27005e+07
0,0,0,0,2.90858e-33,2.18733e+07,0,0,1.27005e+07
0,0,0,0,0,2.18793e+07,0,0,1.27005e+07
0,0,0,0,0,2.18854e+07,0,0,1.27005e+07
0,0,0,0,0,2.18915e+07,0,0,1.27005e+07
0,0,0,0,0,2.42463e+07,0,0,1.27005e+07
0,0,0,0,0,2.42531e+07,0,0,1.27005e+07
0,0,0,0,0,2.42598e+07,0,0,1.27005e+07
0,0,0,0,0,2.42665e+07,0,0,1.27005e+07
0,0,0,0,0,2.10248e+07,0,0,1.27005e+07
0,0,0,0,0,2.10307e+07,0,0,1.27005e+07
0,0,0,0,0,2.10365e+07,0,0,1.27005e+07
0,0,0,0,0,2.10423e+07,0,0,1.27005e+07
0,0,0,0,0,2.10482e+07,0,0,1.27005e+07
0,0,0,0,0,2.18609e+07,0,0,1.27005e+07
0,0,0,0,0,2.1867e+07,0,0,1.27005e+07
0,0,0,0,0,2.1873e+07,0,0,1.27005e+07
0,0,0,0,0,2.18791e+07,0,0,1.27005e+07
0,0,0,0,0,2.15704e+07,0,0,1.27005e+07
0,0,0,0,0,2.15763e+07,0,0,1.27005e+07
0,0,0,0,0,2.15823e+07,0,0,1.27005e+07
0,0,0,0,0,2.15883e+07,0,0,1.27005e+07
0,0,0,0,0,2.26882e+07,0,0,1.27005e+07
0,0,0,0,0,2.26945e+07,0,0,1.27005e+07
0,0,0,0,0,2.27008e+07,0,0,1.27005e+07
0,0,0,0,0,2.27071e+07,0,0,1.27005e+07
0,0,0,0,0,2.27134e+07,0,0,1.27005e+07
0,0,0,0,0,2.29278e+07,0,0,1.27005e+07
0,0,0,0,0,2.29342e+07,0,0,1.27005e+07
0,0,0,0,0,2.29405e+07,0,0,1.27005e+07
0,0,0,0,0,2.29469e+07,0,0,1.27005e+07
0,0,0,0,0,2.35014e+07,0,0,1.27005e+07
0,0,0,0,0,2.35079e+07,0,0,1.27005e+07
0,0,0,0,0,2.35144e+07,0,0,1.27005e+07
0,0,0,0,0,2.35209e+07,0,0,1.27005e+07
0,0,0,0,0,2.53246e+07,0,0,1.27005e+07
0,0,0,0,0,2.53316e+07,0,0,1.27005e+07
0,0,0,0,0,2.53386e+07,0,0,1.27005e+07
0,0,0,0,0,2.53456e+07,0,0,1.27005e+07
0,0,0,0,0,2.53526e+07,0,0,1.27005e+07
0,0,0,0,0,2.43619e+07,0,0,1.27005e+07
0,0,0,0,0,2.43687e+07,0,0,1.27005e+07
0,0,0,0,0,2.43754e+07,0,0,1.27005e+07
0,0,0,0,0,2.43822e+07,0,0,1.27005e+07
0,0,0,0,0,2.35142e+07,0,0,1.27005e+07
0,0,0,0,0,2.35207e+07,0,0,1.27005e+07
0,0,0,0,0,2.35272e+07,0,0,1.27005e+07
0,0,0,0,0,2.35337e+07,0,0,1.27005e+07
0,0,0,0,0,2.14763e+07,0,0,1.27005e+07
0,0,0,0,0,2.14823e+07,0,0,1.27005e+07
0,0,0,0,0,2.14882e+07,0,0,1.27005e+07
0,0,0,0,0,2.14942e+07,0,0,1.27005e+07
0,0,0,0,0,2.15001e+07,0,0,1.27005e+07
0,0,0,0,2.90858e-33,2.21901e+07,0,0,1.27005e+07
0,0,0,0,0,2.2196e+07,0,0,1.27005e+07
0,0,0,0,0,2.22019e+07,0,0,1.27005e+07
0,0,0,0,0,2.22078e+07,0,0,1.27005e+07
0,0,0,0,0,2.45964e+07,0,0,1.27005e+07
0,0,0,0,0,2.46029e+07,0,0,1.27005e+07
0,0,0,0,0,2.46094e+07,0,0,1.27005e+07
0,0,0,0,0,2.46159e+07,0,0,1.27005e+07
0,0,0,0,0,2.13273e+07,0,0,1.27005e+07
0,0,0,0,0,2.1333e+07,0,0,1.27005e+07
0,0,0,0,0,2.13387e+07,0,0,1.27005e+07
0,0,0,0,0,2.13443e+07,0,0,1.27005e+07
0,0,0,0,0,2.135e+07,0,0,1.27005e+07
0,0,0,0,0,2.21741e+07,0,0,1.27005e+07
0,0,0,0,0,2.218e+07,0,0,1.27005e+07
0,0,0,0,0,2.21859e+07,0,0,1.27005e+07
0,0,0,0,0,2.21917e+07,0,0,1.27005e+07
0,0,0,0,0,2.18784e+07,0,0,1.27005e+07
0,0,0,0,0,2.18842e+07,0,0,1.27005e+07
0,0,0,0,0,2.189e+07,0,0,1.27005e+07
0,0,0,0,0,2.18958e+07,0,0,1.27005e+07
0,0,0,0,0,2.30111e+07,0,0,1.27005e+07
0,0,0,0,0,2.30172e+07,0,0,1.27005e+07
0,0,0,0,0,2.30233e+07,0,0,1.27005e+07
0,0,0,0,0,2.30294e+07,0,0,1.27005e+07
0,0,0,0,0,2.30355e+07,0,0,1.27005e+07
0,0,0,0,0,2.32527e+07,0,0,1.27005e+07
0,0,0,0,0,2.32588e+07,0,0,1.27005e+07
0,0,0,0,0,2.3265e+07,0,0,1.27005e+07
0,0,0,0,0,2.32712e+07,0,0,1.27005e+07
0,0,0,0,0,2.38333e+07,0,0,1.27005e+07
0,0,0,0,0,2.38396e+07,0,0,1.27005e+07
0,0,0,0,0,2.38459e+07,0,0,1.27005e+07
0,0,0,0,0,2.38522e+07,0,0,1.27005e+07
0,0,0,0,0,2.5681e+07,0,0,1.27005e+07
0,0,0,0,0,2.56878e+07,0,0,1.27005e+07
0,0,0,0,0,2.56946e+07,0,0,1.27005e+07
0,0,0,0,0,2.57014e+07,0,0,1.27005e+07
0,0,0,0,0,2.57082e+07,0,0,1.27005e+07
0,0,0,0,0,2.47033e+07,0,0,1.27005e+07
0,0,0,0,0,2.47099e+07,0,0,1.27005e+07
0,0,0,0,0,2.47164e+07,0,0,1.27005e+07
0,0,0,0,0,2.47229e+07,0,0,1.27005e+07
0,0,0,0,0,2.38426e+07,0,0,1.27005e+07
0,0,0,0,0,2.38489e+07,0,0,1.27005e+07
0,0,0,0,0,2.38552e+07,0,0,1.27005e+07
0,0,0,0,0,2.38615e+07,0,0,1.27005e+07
0,0,0,0,0,2.17752e+07,0,0,1.27005e+07
0,0,0,0,0,2.1781e+07,0,0,1.27005e+07
0,0,0,0,0,2.17867e+07,0,0,1.27005e+07
0,0,0,0,0,2.17925e+07,0,0,1.27005e+07
0,0,0,0,0,2.17983e+07,0,0,1.27005e+07
0,0,0,0,2.90858e-33,2.24976e+07,0,0,1.27005e+07
0,0,0,0,0,2.25033e+07,0,0,1.27005e+07
0,0,0,0,0,2.2509e+07,0,0,1.27005e+07
0,0,0,0,0,2.25147e+07,0,0,1.27005e+07
0,0,0,0,0,2.4936e+07,0,0,1.27005e+07
0,0,0,0,0,2.49423e+07,0,0,1.27005e+07
0,0,0,0,0,2.49487e+07,0,0,1.27005e+07
0,0,0,0,0,2.4955e+07,0,0,1.27005e+07
0,0,0,0,0,2.16208e+07,0,0,1.27005e+07
0,0,0,0,0,2.16263e+07,0,0,1.27005e+07
0,0,0,0,0,2.16318e+07,0,0,1.27005e+07
0,0,0,0,0,2.16373e+07,0,0,1.27005e+07
0,0,0,0,0,2.16428e+07,0,0,1.27005e+07
0,0,0,0,0,2.24779e+07,0,0,1.27005e+07
0,0,0,0,0,2.24836e+07,0,0,1.27005e+07
0,0,0,0,0,2.24893e+07,0,0,1.27005e+07
0,0,0,0,0,2.2495e+07,0,0,1.27005e+07
0,0,0,0,0,2.21771e+07,0,0,1.27005e+07
0,0,0,0,0,2.21827e+07,0,0,1.27005e+07
0,0,0,0,0,2.21883e+07,0,0,1.27005e+07
0,0,0,0,0,2.2194e+07,0,0,1.27005e+07
0,0,0,0,0,2.33242e+07,0,0,1.27005e+07
0,0,0,0,0,2.33301e+07,0,0,1.27005e+07
0,0,0,0,0,2.3336e+07,0,0,1.27005e+07
0,0,0,0,0,2.33419e+07,0,0,1.27005e+07
0,0,0,0,0,2.33478e+07,0,0,1.27005e+07
0,0,0,0,0,2.35677e+07,0,0,1.27005e+07
0,0,0,0,0,2.35737e+07,0,0,1.27005e+07
0,0,0,0,0,2.35797e+07,0,0,1.27005e+07
0,0,0,0,0,2.35856e+07,0,0,1.27005e+07
0,0,0,0,0,2.4155e+07,0,0,1.27005e+07
0,0,0,0,0,2.41612e+07,0,0,1.27005e+07
0,0,0,0,0,2.41673e+07,0,0,1.27005e+07
0,0,0,0,0,2.41734e+07,0,0,1.27005e+07
0,0,0,0,0,2.60265e+07,0,0,1.27005e+07
0,0,0,0,0,2.60331e+07,0,0,1.27005e+07
0,0,0,0,0,2.60397e+07,0,0,1.27005e+07
0,0,0,0,0,2.60463e+07,0,0,1.27005e+07
0,0,0,0,0,2.60529e+07,0,0,1.27005e+07
0,0,0,0,0,2.50342e+07,0,0,1.27005e+07
0,0,0,0,0,2.50405e+07,0,0,1.27005e+07
0,0,0,0,0,2.50469e+07,0,0,1.27005e+07
0,0,0,0,0,2.50532e+07,0,0,1.27005e+07
0,0,0,0,0,2.41608e+07,0,0,1.27005e+07
0,0,0,0,0,2.41669e+07,0,0,1.27005e+07
0,0,0,0,0,2.41731e+07,0,0,1.27005e+07
0,0,0,0,0,2.41792e+07,0,0,1.27005e+07
0,0,0,0,0,2.20648e+07,0,0,1.27005e+07
0,0,0,0,0,2.20704e+07,0,0,1.27005e+07
0,0,0,0,0,2.2076e+07,0,0,1.27005e+07
0,0,0,0,0,2.20816e+07,0,0,1.27005e+07
0,0,0,0,0,2.20872e+07,0,0,1.27005e+07
0,0,0,0,2.90858e-33,2.27955e+07,0,0,1.27005e+07
0,0,0,0,0,2.2801e+07,0,0,1.27005e+07
0,0,0,0,0,2.28065e+07,0,0,1.27005e+07
0,0,0,0,0,2.28121e+07,0,0,1.27005e+07
0,0,0,0,0,2.5265e+07,0,0,1.27005e+07
0,0,0,0,0,2.52712e+07,0,0,1.27005e+07
0,0,0,0,0,2.52773e+07,0,0,1.27005e+07
0,0,0,0,0,2.52834e+07,0,0,1.27005e+07
0,0,0,0,0,2.19051e+07,0,0,1.27005e+07
0,0,0,0,0,2.19104e+07,0,0,1.27005e+07
0,0,0,0,0,2.19157e+07,0,0,1.27005e+07
0,0,0,0,0,2.1921e+07,0,0,1.27005e+07
0,0,0,0,0,2.19263e+07,0,0,1.27005e+07
0,0,0,0,0,2.27722e+07,0,0,1.27005e+07
0,0,0,0,0,2.27777e+07,0,0,1.27005e+07
0,0,0,0,0,2.27832e+07,0,0,1.27005e+07
0,0,0,0,0,2.27887e+07,0,0,1.27005e+07
0,0,0,0,0,2.24664e+07,0,0,1.27005e+07
0,0,0,0,0,2.24718e+07,0,0,1.27005e+07
0,0,0,0,0,2.24773e+07,0,0,1.27005e+07
0,0,0,0,0,2.24827e+07,0,0,1.27005e+07
0,0,0,0,0,2.36274e+07,0,0,1.27005e+07
0,0,0,0,0,2.36331e+07,0,0,1.27005e+07
0,0,0,0,0,2.36388e+07,0,0,1.27005e+07
0,0,0,0,0,2.36445e+07,0,0,1.27005e+07
0,0,0,0,0,2.36503e+07,0,0,1.27005e+07
0,0,0,0,0,2.38727e+07,0,0,1.27005e+07
0,0,0,0,0,2.38785e+07,0,0,1.27005e+07
0,0,0,0,0,2.38843e+07,0,0,1.27005e+07
0,0,0,0,0,2.389e+07,0,0,1.27005e+07
0,0,0,0,0,2.44665e+07,0,0,1.27005e+07
0,0,0,0,0,2.44724e+07,0,0,1.27005e+07
0,0,0,0,0,2.44784e+07,0,0,1.27005e+07
0,0,0,0,0,2.44843e+07,0,0,1.27005e+07
0,0,0,0,0,2.63609e+07,0,0,1.27005e+07
0,0,0,0,0,2.63673e+07,0,0,1.27005e+07
0,0,0,0,0,2.63737e+07,0,0,1.27005e+07
0,0,0,0,0,2.63801e+07,0,0,1.27005e+07
0,0,0,0,0,2.63864e+07,0,0,1.27005e+07
0,0,0,0,0,2.53544e+07,0,0,1.27005e+07
0,0,0,0,0,2.53606e+07,0,0,1.27005e+07
0,0,0,0,0,2.53667e+07,0,0,1.27005e+07
0,0,0,0,0,2.53728e+07,0,0,1.27005e+07
0,0,0,0,0,2.44688e+07,0,0,1.27005e+07
0,0,0,0,0,2.44747e+07,0,0,1.27005e+07
0,0,0,0,0,2.44806e+07,0,0,1.27005e+07
0,0,0,0,0,2.44865e+07,0,0,1.27005e+07
0,0,0,0,0,2.23451e+07,0,0,1.27005e+07
0,0,0,0,0,2.23505e+07,0,0,1.27005e+07
0,0,0,0,0,2.23558e+07,0,0,1.27005e+07
0,0,0,0,0,2.23612e+07,0,0,1.27005e+07
0,0,0,0,0,2.23666e+07,0,0,1.27005e+07
0,0,0,0,2.90858e-33,2.30837e+07,0,0,1.27005e+07
0,0,0,0,0,2.3089e+07,0,0,1.27005e+07
0,0,0,0,0,2.30944e+07,0,0,1.27005e+07
0,0,0,0,0,2.30997e+07,0,0,1.27005e+07
0,0,0,0,0,2.55834e+07,0,0,1.27005e+07
0,0,0,0,0,2.55893e+07,0,0,1.27005e+07
0,0,0,0,0,2.55952e+07,0,0,1.27005e+07
0,0,0,0,0,2.56012e+07,0,0,1.27005e+07
0,0,0,0,0,2.21802e+07,0,0,1.27005e+07
0,0,0,0,0,2.21853e+07,0,0,1.27005e+07
0,0,0,0,0,2.21905e+07,0,0,1.27005e+07
0,0,0,0,0,2.21956e+07,0,0,1.27005e+07
0,0,0,0,0,2.22007e+07,0,0,1.27005e+07
0,0,0,0,0,2.30569e+07,0,0,1.27005e+07
0,0,0,0,0,2.30623e+07,0,0,1.27005e+07
0,0,0,0,0,2.30676e+07,0,0,1.27005e+07
0,0,0,0,0,2.30729e+07,0,0,1.27005e+07
0,0,0,0,0,2.27463e+07,0,0,1.27005e+07
0,0,0,0,0,2.27516e+07,0,0,1.27005e+07
0,0,0,0,0,2.27569e+07,0,0,1.27005e+07
0,0,0,0,0,2.27621e+07,0,0,1.27005e+07
0,0,0,0,0,2.39208e+07,0,0,1.27005e+07
0,0,0,0,0,2.39263e+07,0,0,1.27005e+07
0,0,0,0,0,2.39319e+07,0,0,1.27005e+07
0,0,0,0,0,2.39374e+07,0,0,1.27005e+07
0,0,0,0,0,2.39429e+07,0,0,1.27005e+07
0,0,0,0,0,2.41679e+07,0,0,1.27005e+07
0,0,0,0,0,2.41735e+07,0,0,1.27005e+07
0,0,0,0,0,2.41791e+07,0,0,1.27005e+07
0,0,0,0,0,2.41847e+07,0,0,1.27005e+07
0,0,0,0,0,2.4768e+07,0,0,1.27005e+07
0,0,0,0,0,2.47737e+07,0,0,1.27005e+07
0,0,0,0,0,2.47794e+07,0,0,1.27005e+07
0,0,0,0,0,2.47852e+07,0,0,1.27005e+07
0,0,0,0,0,2.66846e+07,0,0,1.27005e+07
0,0,0,0,0,2.66908e+07,0,0,1.27005e+07
0,0,0,0,0,2.66969e+07,0,0,1.27005e+07
0,0,0,0,0,2.67031e+07,0,0,1.27005e+07
0,0,0,0,0,2.67093e+07,0,0,1.27005e+07
0,0,0,0,0,2.56644e+07,0,0,1.27005e+07
0,0,0,0,0,2.56703e+07,0,0,1.27005e+07
0,0,0,0,0,2.56763e+07,0,0,1.27005e+07
0,0,0,0,0,2.56822e+07,0,0,1.27005e+07
0,0,0,0,0,2.47669e+07,0,0,1.27005e+07
0,0,0,0,0,2.47726e+07,0,0,1.27005e+07
0,0,0,0,0,2.47783e+07,0,0,1.27005e+07
0,0,0,0,0,2.4784e+07,0,0,1.27005e+07
0,0,0,0,0,2.26163e+07,0,0,1.27005e+07
0,0,0,0,0,2.26215e+07,0,0,1.27005e+07
0,0,0,0,0,2.26268e+07,0,0,1.27005e+07
0,0,0,0,0,2.2632e+07,0,0,1.27005e+07
0,0,0,0,0,2.26372e+07,0,0,1.27005e+07
0,0,0,0,0,2.33627e+07,0,0,1.27005e+07
0,0,0,0,2.90858e-33,2.33679e+07,0,0,1.27005e+07
0,0,0,0,0,2.33731e+07,0,0,1.27005e+07
0,0,0,0,0,2.33782e+07,0,0,1.27005e+07
0,0,0,0,0,2.58916e+07,0,0,1.27005e+07
0,0,0,0,0,2.58973e+07,0,0,1.27005e+07
0,0,0,0,0,2.59031e+07,0,0,1.27005e+07
0,0,0,0,0,2.59088e+07,0,0,1.27005e+07
0,0,0,0,0,2.24465e+07,0,0,1.27005e+07
0,0,0,0,0,2.24515e+07,0,0,1.27005e+07
0,0,0,0,0,2.24564e+07,0,0,1.27005e+07
0,0,0,0,0,2.24614e+07,0,0,1.27005e+07
0,0,0,0,0,2.24664e+07,0,0,1.27005e+07
0,0,0,0,0,2.33326e+07,0,0,1.27005e+07
0,0,0,0,0,2.33378e+07,0,0,1.27005e+07
0,0,0,0,0,2.33429e+07,0,0,1.27005e+07
0,0,0,0,0,2.33481e+07,0,0,1.27005e+07
0,0,0,0,0,2.30174e+07,0,0,1.27005e+07
0,0,0,0,0,2.30225e+07,0,0,1.27005e+07
0,0,0,0,0,2.30276e+07,0,0,1.27005e+07
0,0,0,0,0,2.30327e+07,0,0,1.27005e+07
0,0,0,0,0,2.42049e+07,0,0,1.27005e+07
0,0,0,0,0,2.42102e+07,0,0,1.27005e+07
0,0,0,0,0,2.42156e+07,0,0,1.27005e+07
0,0,0,0,0,2.42209e+07,0,0,1.27005e+07
0,0,0,0,0,2.42263e+07,0,0,1.27005e+07
0,0,0,0,0,2.44537e+07,0,0,1.27005e+07
0,0,0,0,0,2.44591e+07,0,0,1.27005e+07
0,0,0,0,0,2.44645e+07,0,0,1.27005e+07
0,0,0,0,0,2.44699e+07,0,0,1.27005e+07
0,0,0,0,0,2.50599e+07,0,0,1.27005e+07
0,0,0,0,0,2.50654e+07,0,0,1.27005e+07
0,0,0,0,0,2.5071e+07,0,0,1.27005e+07
0,0,0,0,0,2.50765e+07,0,0,1.27005e+07
0,0,0,0,0,2.6998e+07,0,0,1.27005e+07
0,0,0,0,0,2.7004e+07,0,0,1.27005e+07
0,0,0,0,0,2.701e+07,0,0,1.27005e+07
0,0,0,0,0,2.70159e+07,0,0,1.27005e+07
0,0,0,0,0,2.70219e+07,0,0,1.27005e+07
0,0,0,0,0,2.59645e+07,0,0,1.27005e+07
0,0,0,0,0,2.59703e+07,0,0,1.27005e+07
0,0,0,0,0,2.5976e+07,0,0,1.27005e+07
0,0,0,0,0,2.59818e+07,0,0,1.27005e+07
0,0,0,0,0,2.50555e+07,0,0,1.27005e+07
0,0,0,0,0,2.5061e+07,0,0,1.27005e+07
0,0,0,0,0,2.50666e+07,0,0,1.27005e+07
0,0,0,0,0,2.50721e+07,0,0,1.27005e+07
0,0,0,0,0,2.2879e+07,0,0,1.27005e+07
0,0,0,0,0,2.2884e+07,0,0,1.27005e+07
0,0,0,0,0,2.28891e+07,0,0,1.27005e+07
0,0,0,0,0,2.28942e+07,0,0,1.27005e+07
0,0,0,0,0,2.28992e+07,0,0,1.27005e+07
0,0,0,0,0,2.28992e+07,0,0,1.27005e+07
0,0,0,6.6308e+07,2.90852e-33,2.36329e+07,0,0,1.27005e+07
0,0,0,6.6308e+07,0,2.36379e+07,0,0,1.27005e+07
0,0,0,6.6308e+07,0,2.36429e+07,0,0,1.27005e+07
0,0,0,6.6308e+07,0,2.36479e+07,0,0,1.27005e+07
0,0,0,6.6308e+07,0,2.619e+07,0,0,1.27005e+07
0,0,0,6.6308e+07,0,2.61955e+07,0,0,1.27005e+07
0,0,0,6.6308e+07,0,2.62011e+07,0,0,1.27005e+07
0,0,0,6.6308e+07,0,2.62066e+07,0,0,1.27005e+07
0,0,0,6.6308e+07,0,2.27043e+07,0,0,1.27005e+07
0,0,0,6.6308e+07,0,2.27091e+07,0,0,1.27005e+07
0,0,0,6.6308e+07,0,2.27139e+07,0,0,1.27005e+07
0,0,0,6.6308e+07,0,2.27187e+07,0,0,1.27005e+07
0,0,0,6.6308e+07,0,2.27235e+07,0,0,1.27005e+07
0,0,0,6.6308e+07,0,2.35994e+07,0,0,1.27005e+07
0,0,0,6.6308e+07,0,2.36044e+07,0,0,1.27005e+07
0,0,0,6.6308e+07,0,2.36094e+07,0,0,1.27005e+07
0,0,0,6.6308e+07,0,2.36144e+07,0,0,1.27005e+07
0,0,0,6.6308e+07,0,2.32797e+07,0,0,1.27005e+07
0,0,0,6.6308e+07,0,2.32846e+07,0,0,1.27005e+07
0,0,0,6.6308e+07,0,2.32895e+07,0,0,1.27005e+07
0,0,0,6.6308e+07,0,2.32945e+07,0,0,1.27005e+07
0,0,0,6.6308e+07,0,2.44797e+07,0,0,1.27005e+07
0,0,0,6.6308e+07,0,2.44849e+07,0,0,1.27005e+07
0,0,0,6.6308e+07,0,2.44901e+07,0,0,1.27005e+07
0,0,0,6.6308e+07,0,2.44953e+07,0,0,1.27005e+07
0,0,0,6.6308e+07,0,2.45005e+07,0,0,1.27005e+07
0,0,0,6.6308e+07,0,2.47302e+07,0,0,1.27005e+07
0,0,0,6.6308e+07,0,2.47354e+07,0,0,1.27005e+07
0,0,0,6.6308e+07,0,2.47406e+07,0,0,1.27005e+07
0,0,0,6.6308e+07,0,2.47459e+07,0,0,1.27005e+07
0,0,0,6.6308e+07,0,2.53422e+07,0,0,1.27005e+07
0,0,0,6.6308e+07,0,2.53476e+07,0,0,1.27005e+07
0,0,0,6.6308e+07,0,2.5353e+07,0,0,1.27005e+07
0,0,0,6.6308e+07,0,2.53583e+07,0,0,1.27005e+07
0,0,0,6.6308e+07,0,2.73011e+07,0,0,1.27005e+07
0,0,0,6.6308e+07,0,2.73069e+07,0,0,1.27005e+07
0,0,0,6.6308e+07,0,2.73127e+07,0,0,1.27005e+07
0,0,0,6.6308e+07,0,2.73185e+07,0,0,1.27005e+07
0,0,0,6.6308e+07,0,2.73242e+07,0,0,1.27005e+07
0,0,0,6.6308e+07,0,2.62548e+07,0,0,1.27005e+07
0,0,0,6.6308e+07,0,2.62603e+07,0,0,1.27005e+07
0,0,0,6.6308e+07,0,2.62659e+07,0,0,1.27005e+07
0,0,0,6.6308e+07,0,2.62714e+07,0,0,1.27005e+07
0,0,0,6.6308e+07,0,2.53346e+07,0,0,1.27005e+07
0,0,0,6.6308e+07,0,2.534e+07,0,0,1.27005e+07
0,0,0,6.6308e+07,0,2.53453e+07,0,0,1.27005e+07
0,0,0,6.6308e+07,0,2.53507e+07,0,0,1.27005e+07
0,0,0,6.6308e+07,0,2.31329e+07,0,0,1.27005e+07
0,0,0,6.6308e+07,0,2.31378e+07,0,0,1.27005e+07
0,0,0,6.6308e+07,0,2.31427e+07,0,0,1.27005e+07
0,0,0,6.6308e+07,0,2.31476e+07,0,0,1.27005e+07
0,0,0,6.6308e+07,0,2.31525e+07,0,0,1.27005e+07
0,0,0,6.6308e+07,2.90852e-33,2.3894e+07,0,0,1.27005e+07
0,0,0,6.6308e+07,2.90852e-33,2.38989e+07,0,0,1.27005e+07
0,0,0,6.6308e+07,0,2.39037e+07,0,0,1.27005e+07
0,0,0,6.6308e+07,0,2.39085e+07,0,0,1.27005e+07
0,0,0,6.6308e+07,0,2.64784e+07,0,0,1.27005e+07
0,0,0,6.6308e+07,0,2.64837e+07,0,0,1.27005e+07
0,0,0,6.6308e+07,0,2.64891e+07,0,0,1.27005e+07
0,0,0,6.6308e+07,0,2.64944e+07,0,0,1.27005e+07
0,0,0,6.6308e+07,0,2.29534e+07,0,0,1.27005e+07
0,0,0,6.6308e+07,0,2.29581e+07,0,0,1.27005e+07
0,0,0,6.6308e+07,0,2.29627e+07,0,0,1.27005e+07
0,0,0,6.6308e+07,0,2.29674e+07,0,0,1.27005e+07
0,0,0,6.6308e+07,0,2.2972e+07,0,0,1.27005e+07
0,0,0,6.6308e+07,0,2.38572e+07,0,0,1.27005e+07
0,0,0,6.6308e+07,0,2.38621e+07,0,0,1.27005e+07
0,0,0,6.6308e+07,0,2.38669e+07,0,0,1.27005e+07
0,0,0,6.6308e+07,0,2.38717e+07,0,0,1.27005e+07
0,0,0,6.6308e+07,0,2.35331e+07,0,0,1.27005e+07
0,0,0,6.6308e+07,0,2.35379e+07,0,0,1.27005e+07
0,0,0,6.6308e+07,0,2.35426e+07,0,0,1.27005e+07
0,0,0,6.6308e+07,0,2.35474e+07,0,0,1.27005e+07
0,0,0,6.6308e+07,0,2.47453e+07,0,0,1.27005e+07
0,0,0,6.6308e+07,0,2.47503e+07,0,0,1.27005e+07
0,0,0,6.6308e+07,0,2.47553e+07,0,0,1.27005e+07
0,0,0,6.6308e+07,0,2.47603e+07,0,0,1.27005e+07
0,0,0,6.6308e+07,0,2.47653e+07,0,0,1.27005e+07
0,0,0,6.6308e+07,0,2.49972e+07,0,0,1.27005e+07
0,0,0,6.6308e+07,0,2.50023e+07,0,0,1.27005e+07
0,0,0,6.6308e+07,0,2.50073e+07,0,0,1.27005e+07
0,0,0,6.6308e+07,0,2.50124e+07,0,0,1.27005e+07
0,0,0,6.6308e+07,0,2.56149e+07,0,0,1.27005e+07
0,0,0,6.6308e+07,0,2.56201e+07,0,0,1.27005e+07
0,0,0,6.6308e+07,0,2.56253e+07,0,0,1.27005e+07
0,0,0,6.6308e+07,0,2.56305e+07,0,0,1.27005e+07
0,0,0,6.6308e+07,0,2.75939e+07,0,0,1.27005e+07
0,0,0,6.6308e+07,0,2.75994e+07,0,0,1.27005e+07
0,0,0,6.6308e+07,0,2.7605e+07,0,0,1.27005e+07
0,0,0,6.6308e+07,0,2.76106e+07,0,0,1.27005e+07
0,0,0,6.6308e+07,0,2.76161e+07,0,0,1.27005e+07
0,0,0,6.6308e+07,0,2.6535e+07,0,0,1.27005e+07
0,0,0,6.6308e+07,0,2.65404e+07,0,0,1.27005e+07
0,0,0,6.6308e+07,0,2.65457e+07,0,0,1.27005e+07
0,0,0,6.6308e+07,0,2.65511e+07,0,0,1.27005e+07
0,0,0,6.6308e+07,0,2.5604e+07,0,0,1.27005e+07
0,0,0,6.6308e+07,0,2.56092e+07,0,0,1.27005e+07
0,0,0,6.6308e+07,0,2.56144e+07,0,0,1.27005e+07
0,0,0,6.6308e+07,0,2.56195e+07,0,0,1.27005e+07
0,0,0,6.6308e+07,0,2.33781e+07,0,0,1.27005e+07
0,0,0,6.6308e+07,0,2.33828e+07,0,0,1.27005e+07
0,0,0,6.6308e+07,0,2.33875e+07,0,0,1.27005e+07
0,0,0,6.6308e+07,0,2.33922e+07,0,0,1.27005e+07
0,0,0,6.6308e+07,0,2.33969e+07,0,0,1.27005e+07
0,0,0,6.6308e+07,0,2.41461e+07,0,0,1.27005e+07
0,0,0,6.6308e+07,0,2.41507e+07,0,0,1.27005e+07
0,0,0,6.6308e+07,0,2.41554e+07,0,0,1.27005e+07
0,0,0,6.6308e+07,0,2.416e+07,0,0,1.27005e+07
0,0,0,6.6308e+07,0,2.67567e+07,0,0,1.27005e+07
0,0,0,6.6308e+07,0,2.67618e+07,0,0,1.27005e+07
0,0,0,6.6308e+07,0,2.6767e+07,0,0,1.27005e+07
0,0,0,6.6308e+07,0,2.67721e+07,0,0,1.27005e+07
0,0,0,6.6308e+07,0,2.31938e+07,0,0,1.27005e+07
0,0,0,6.6308e+07,0,2.31983e+07,0,0,1.27005e+07
0,0,0,6.6308e+07,0,2.32027e+07,0,0,1.27005e+07
0,0,0,6.6308e+07,0,2.32072e+07,0,0,1.27005e+07
0,0,0,6.6308e+07,0,2.32117e+07,0,0,1.27005e+07
0,0,0,6.6308e+07,0,2.41059e+07,0,0,1.27005e+07
0,0,0,6.6308e+07,0,2.41106e+07,0,0,1.27005e+07
0,0,0,6.6308e+07,0,2.41152e+07,0,0,1.27005e+07
0,0,0,6.6308e+07,0,2.41199e+07,0,0,1.27005e+07
0,0,0,6.6308e+07,0,2.37775e+07,0,0,1.27005e+07
0,0,0,6.6308e+07,0,2.37821e+07,0,0,1.27005e+07
0,0,0,6.6308e+07,0,2.37867e+07,0,0,1.27005e+07
0,0,0,6.6308e+07,0,2.37913e+07,0,0,1.27005e+07
0,0,0,6.6308e+07,0,2.50013e+07,0,0,1.27005e+07
0,0,0,6.6308e+07,0,2.50061e+07,0,0,1.27005e+07
0,0,0,6.6308e+07,0,2.5011e+07,0,0,1.27005e+07
0,0,0,6.6308e+07,0,2.50158e+07,0,0,1.27005e+07
0,0,0,6.6308e+07,0,2.50206e+07,0,0,1.27005e+07
0,0,0,6.6308e+07,0,2.52547e+07,0,0,1.27005e+07
0,0,0,6.6308e+07,0,2.52596e+07,0,0,1.27005e+07
0,0,0,6.6308e+07,0,2.52644e+07,0,0,1.27005e+07
0,0,0,6.6308e+07,0,2.52693e+07,0,0,1.27005e+07
0,0,0,6.6308e+07,0,2.58778e+07,0,0,1.27005e+07
0,0,0,6.6308e+07,0,2.58828e+07,0,0,1.27005e+07
0,0,0,6.6308e+07,0,2.58878e+07,0,0,1.27005e+07
0,0,0,6.6308e+07,0,2.58927e+07,0,0,1.27005e+07
0,0,0,6.6308e+07,0,2.7876e+07,0,0,1.27005e+07
0,0,0,6.6308e+07,0,2.78813e+07,0,0,1.27005e+07
0,0,0,6.6308e+07,0,2.78867e+07,0,0,1.27005e+07
0,0,0,6.6308e+07,0,2.78921e+07,0,0,1.27005e+07
0,0,0,6.6308e+07,0,2.78974e+07,0,0,1.27005e+07
0,0,0,6.6308e+07,0,2.6805e+07,0,0,1.27005e+07
0,0,0,6.6308e+07,0,2.68102e+07,0,0,1.27005e+07
0,0,0,6.6308e+07,0,2.68153e+07,0,0,1.27005e+07
0,0,0,6.6308e+07,0,2.68205e+07,0,0,1.27005e+07
0,0,0,6.6308e+07,0,2.58636e+07,0,0,1.27005e+07
0,0,0,6.6308e+07,0,2.58686e+07,0,0,1.27005e+07
0,0,0,6.6308e+07,0,2.58736e+07,0,0,1.27005e+07
0,0,0,6.6308e+07,0,2.58785e+07,0,0,1.27005e+07
0,0,0,6.6308e+07,0,2.36142e+07,0,0,1.27005e+07
0,0,0,6.6308e+07,0,2.36187e+07,0,0,1.27005e+07
0,0,0,6.6308e+07,0,2.36233e+07,0,0,1.27005e+07
0,0,0,6.6308e+07,0,2.36278e+07,0,0,1.27005e+07
0,0,0,6.6308e+07,0,2.36323e+07,0,0,1.27005e+07
0,0,0,6.6308e+07,0,2.43888e+07,0,0,1.27005e+07
0,0,0,6.6308e+07,0,2.43933e+07,0,0,1.27005e+07
0,0,0,6.6308e+07,0,2.43977e+07,0,0,1.27005e+07
0,0,0,6.6308e+07,0,2.44022e+07,0,0,1.27005e+07
0,0,0,6.6308e+07,0,2.70246e+07,0,0,1.27005e+07
0,0,0,6.6308e+07,0,2.70295e+07,0,0,1.27005e+07
0,0,0,6.6308e+07,0,2.70345e+07,0,0,1.27005e+07
0,0,0,6.6308e+07,0,2.70394e+07,0,0,1.27005e+07
0,0,0,6.6308e+07,0,2.34252e+07,0,0,1.27005e+07
0,0,0,6.6308e+07,0,2.34294e+07,0,0,1.27005e+07
0,0,0,6.6308e+07,0,2.34337e+07,0,0,1.27005e+07
0,0,0,6.6308e+07,0,2.3438e+07,0,0,1.27005e+07
0,0,0,6.6308e+07,0,2.34423e+07,0,0,1.27005e+07
0,0,0,6.6308e+07,0,2.43452e+07,0,0,1.27005e+07
0,0,0,6.6308e+07,0,2.43497e+07,0,0,1.27005e+07
0,0,0,6.6308e+07,0,2.43541e+07,0,0,1.27005e+07
0,0,0,6.6308e+07,0,2.43586e+07,0,0,1.27005e+07
0,0,0,6.6308e+07,0,2.40126e+07,0,0,1.27005e+07
0,0,0,6.6308e+07,0,2.4017e+07,0,0,1.27005e+07
0,0,0,6.6308e+07,0,2.40214e+07,0,0,1.27005e+07
0,0,0,6.6308e+07,0,2.40258e+07,0,0,1.27005e+07
0,0,0,6.6308e+07,0,2.52476e+07,0,0,1.27005e+07
0,0,0,6.6308e+07,0,2.52522e+07,0,0,1.27005e+07
0,0,0,6.6308e+07,0,2.52568e+07,0,0,1.27005e+07
0,0,0,6.6308e+07,0,2.52615e+07,0,0,1.27005e+07
0,0,0,6.6308e+07,0,2.52661e+07,0,0,1.27005e+07
0,0,0,6.6308e+07,0,2.55022e+07,0,0,1.27005e+07
0,0,0,6.6308e+07,0,2.55069e+07,0,0,1.27005e+07
0,0,0,6.6308e+07,0,2.55116e+07,0,0,1.27005e+07
0,0,0,6.6308e+07,0,2.55163e+07,0,0,1.27005e+07
0,0,0,6.6308e+07,0,2.61304e+07,0,0,1.27005e+07
0,0,0,6.6308e+07,0,2.61352e+07,0,0,1.27005e+07
0,0,0,6.6308e+07,0,2.614e+07,0,0,1.27005e+07
0,0,0,6.6308e+07,0,2.61448e+07,0,0,1.27005e+07
0,0,0,6.6308e+07,0,2.81471e+07,0,0,1.27005e+07
0,0,0,6.6308e+07,0,2.81522e+07,0,0,1.27005e+07
0,0,0,6.6308e+07,0,2.81574e+07,0,0,1.27005e+07
0,0,0,6.6308e+07,0,2.81625e+07,0,0,1.27005e+07
0,0,0,6.6308e+07,0,2.81677e+07,0,0,1.27005e+07
0,0,0,6.6308e+07,0,2.70644e+07,0,0,1.27005e+07
0,0,0,6.6308e+07,0,2.70694e+07,0,0,1.27005e+07
0,0,0,6.6308e+07,0,2.70743e+07,0,0,1.27005e+07
0,0,0,6.6308e+07,0,2.70793e+07,0,0,1.27005e+07
0,0,0,6.6308e+07,0,2.61129e+07,0,0,1.27005e+07
0,0,0,6.6308e+07,0,2.61177e+07,0,0,1.27005e+07
0,0,0,6.6308e+07,0,2.61225e+07,0,0,1.27005e+07
0,0,0,6.6308e+07,0,2.61272e+07,0,0,1.27005e+07
0,0,0,6.6308e+07,0,2.38409e+07,0,0,1.27005e+07
0,0,0,6.6308e+07,0,2.38452e+07,0,0,1.27005e+07
0,0,0,6.6308e+07,0,2.38496e+07,0,0,1.27005e+07
0,0,0,6.6308e+07,0,2.3854e+07,0,0,1.27005e+07
0,0,0,6.6308e+07,0,2.38583e+07,0,0,1.27005e+07
0,0,0,6.6308e+07,0,2.46218e+07,0,0,1.27005e+07
0,0,0,6.6308e+07,0,2.4626e+07,0,0,1.27005e+07
0,0,0,6.6308e+07,0,2.46303e+07,0,0,1.27005e+07
0,0,0,6.6308e+07,0,2.46346e+07,0,0,1.27005e+07
0,0,0,6.6308e+07,0,2.72817e+07,0,0,1.27005e+07
0,0,0,6.6308e+07,0,2.72864e+07,0,0,1.27005e+07
0,0,0,6.6308e+07,0,2.72912e+07,0,0,1.27005e+07
0,0,0,6.6308e+07,0,2.72959e+07,0,0,1.27005e+07
0,0,0,6.6308e+07,0,2.36471e+07,0,0,1.27005e+07
0,0,0,6.6308e+07,0,2.36512e+07,0,0,1.27005e+07
0,0,0,6.6308e+07,0,2.36553e+07,0,0,1.27005e+07
0,0,0,6.6308e+07,0,2.36594e+07,0,0,1.27005e+07
0,0,0,6.6308e+07,0,2.36635e+07,0,0,1.27005e+07
0,0,0,6.6308e+07,0,2.45747e+07,0,0,1.27005e+07
0,0,0,6.6308e+07,0,2.4579e+07,0,0,1.27005e+07
0,0,0,6.6308e+07,0,2.45832e+07,0,0,1.27005e+07
0,0,0,6.6308e+07,0,2.45875e+07,0,0,1.27005e+07
0,0,0,6.6308e+07,0,2.42381e+07,0,0,1.27005e+07
0,0,0,6.6308e+07,0,2.42423e+07,0,0,1.27005e+07
0,0,0,6.6308e+07,0,2.42465e+07,0,0,1.27005e+07
0,0,0,6.6308e+07,0,2.42507e+07,0,0,1.27005e+07
0,0,0,6.6308e+07,0,2.54836e+07,0,0,1.27005e+07
0,0,0,6.6308e+07,0,2.54881e+07,0,0,1.27005e+07
0,0,0,6.6308e+07,0,2.54925e+07,0,0,1.27005e+07
0,0,0,6.6308e+07,0,2.54969e+07,0,0,1.27005e+07
0,0,0,6.6308e+07,0,2.55013e+07,0,0,1.27005e+07
0,0,0,6.6308e+07,0,2.57394e+07,0,0,1.27005e+07
0,0,0,6.6308e+07,0,2.57439e+07,0,0,1.27005e+07
0,0,0,6.6308e+07,0,2.57484e+07,0,0,1.27005e+07
0,0,0,6.6308e+07,0,2.57528e+07,0,0,1.27005e+07
0,0,0,6.6308e+07,0,2.63725e+07,0,0,1.27005e+07
0,0,0,6.6308e+07,0,2.63771e+07,0,0,1.27005e+07
0,0,0,6.6308e+07,0,2.63816e+07,0,0,1.27005e+07
0,0,0,6.6308e+07,0,2.63862e+07,0,0,1.27005e+07
0,0,0,6.6308e+07,0,2.84067e+07,0,0,1.27005e+07
0,0,0,6.6308e+07,0,2.84116e+07,0,0,1.27005e+07
0,0,0,6.6308e+07,0,2.84165e+07,0,0,1.27005e+07
0,0,0,6.6308e+07,0,2.84215e+07,0,0,1.27005e+07
0,0,0,6.6308e+07,0,2.84264e+07,0,0,1.27005e+07
0,0,0,6.6308e+07,0,2.73128e+07,0,0,1.27005e+07
0,0,0,6.6308e+07,0,2.73175e+07,0,0,1.27005e+07
0,0,0,6.6308e+07,0,2.73222e+07,0,0,1.27005e+07
0,0,0,6.6308e+07,0,2.7327e+07,0,0,1.27005e+07
0,0,0,6.6308e+07,0,2.63515e+07,0,0,1.27005e+07
0,0,0,6.6308e+07,0,2.63561e+07,0,0,1.27005e+07
0,0,0,6.6308e+07,0,2.63606e+07,0,0,1.27005e+07
0,0,0,6.6308e+07,0,2.63652e+07,0,0,1.27005e+07
0,0,0,6.6308e+07,0,2.40578e+07,0,0,1.27005e+07
0,0,0,6.6308e+07,0,2.4062e+07,0,0,1.27005e+07
0,0,0,6.6308e+07,0,2.40661e+07,0,0,1.27005e+07
0,0,0,6.6308e+07,0,2.40703e+07,0,0,1.27005e+07
0,0,0,6.6308e+07,0,2.40745e+07,0,0,1.27005e+07
0,0,0,6.6308e+07,0,2.48446e+07,0,0,1.27005e+07
0,0,0,6.6308e+07,7.48891e+06,2.48487e+07,0,0,1.27005e+07
0,0,0,6.6308e+07,0,2.48528e+07,0,0,1.27005e+07
0,0,0,6.6308e+07,0,2.48568e+07,0,0,1.27005e+07
0,0,0,6.6308e+07,0,2.75276e+07,0,0,1.27005e+07
0,0,0,6.6308e+07,0,2.75321e+07,0,0,1.27005e+07
0,0,0,6.6308e+07,0,2.75366e+07,0,0,1.27005e+07
0,0,0,6.6308e+07,0,2.75411e+07,0,0,1.27005e+07
0,0,0,6.6308e+07,0,2.38593e+07,0,0,1.27005e+07
0,0,0,6.6308e+07,0,2.38632e+07,0,0,1.27005e+07
0,0,0,6.6308e+07,0,2.38672e+07,0,0,1.27005e+07
0,0,0,6.6308e+07,0,2.38711e+07,0,0,1.27005e+07
0,0,0,6.6308e+07,0,2.3875e+07,0,0,1.27005e+07
0,0,0,6.6308e+07,0,2.47941e+07,0,0,1.27005e+07
0,0,0,6.6308e+07,0,2.47981e+07,0,0,1.27005e+07
0,0,0,6.6308e+07,0,2.48022e+07,0,0,1.27005e+07
0,0,0,6.6308e+07,0,2.48063e+07,0,0,1.27005e+07
0,0,0,6.6308e+07,0,2.44535e+07,0,0,1.27005e+07
0,0,0,6.6308e+07,0,2.44575e+07,0,0,1.27005e+07
0,0,0,6.6308e+07,0,2.44615e+07,0,0,1.27005e+07
0,0,0,6.6308e+07,0,2.44655e+07,0,0,1.27005e+07
0,0,0,6.6308e+07,0,2.57092e+07,0,0,1.27005e+07
0,0,0,6.6308e+07,0,2.57134e+07,0,0,1.27005e+07
0,0,0,6.6308e+07,0,2.57176e+07,0,0,1.27005e+07
0,0,0,6.6308e+07,0,2.57218e+07,0,0,1.27005e+07
0,0,0,6.6308e+07,0,2.57261e+07,0,0,1.27005e+07
0,0,0,6.6308e+07,0,2.5966e+07,0,0,1.27005e+07
0,0,0,6.6308e+07,0,2.59703e+07,0,0,1.27005e+07
0,0,0,6.6308e+07,0,2.59745e+07,0,0,1.27005e+07
0,0,0,6.6308e+07,0,2.59788e+07,0,0,1.27005e+07
0,0,0,6.6308e+07,0,2.66036e+07,0,0,1.27005e+07
0,0,0,6.6308e+07,0,2.6608e+07,0,0,1.27005e+07
0,0,0,6.6308e+07,0,2.66124e+07,0,0,1.27005e+07
0,0,0,6.6308e+07,0,2.66167e+07,0,0,1.27005e+07
0,0,0,6.6308e+07,0,2.86546e+07,0,0,1.27005e+07
0,0,0,6.6308e+07,0,2.86593e+07,0,0,1.27005e+07
0,0,0,6.6308e+07,0,2.8664e+07,0,0,1.27005e+07
0,0,0,6.6308e+07,0,2.86687e+07,0,0,1.27005e+07
0,0,0,6.6308e+07,0,2.86734e+07,0,0,1.27005e+07
0,0,0,6.6308e+07,0,2.75498e+07,0,0,1.27005e+07
0,0,0,6.6308e+07,0,2.75543e+07,0,0,1.27005e+07
0,0,0,6.6308e+07,0,2.75588e+07,0,0,1.27005e+07
0,0,0,6.6308e+07,0,2.75634e+07,0,0,1.27005e+07
0,0,0,6.6308e+07,0,2.65792e+07,0,0,1.27005e+07
0,0,0,6.6308e+07,0,2.65836e+07,0,0,1.27005e+07
0,0,0,6.6308e+07,0,2.65879e+07,0,0,1.27005e+07
0,0,0,6.6308e+07,0,2.65923e+07,0,0,1.27005e+07
0,0,0,6.6308e+07,0,2.42648e+07,0,0,1.27005e+07
0,0,0,6.6308e+07,0,2.42687e+07,0,0,1.27005e+07
0,0,0,6.6308e+07,0,2.42727e+07,0,0,1.27005e+07
0,0,0,6.6308e+07,0,2.42767e+07,0,0,1.27005e+07
0,0,0,6.6308e+07,0,2.42807e+07,0,0,1.27005e+07
0,0,0,6.6308e+07,0,2.42807e+07,0,0,1.27005e+07
0,0,0,6.6308e+07,7.48891e+06,2.50572e+07,0,0,1.27005e+07
0,0,0,6.6308e+07,0,2.5061e+07,0,0,1.27005e+07
0,0,0,6.6308e+07,0,2.50649e+07,0,0,1.27005e+07
0,0,0,6.6308e+07,0,2.50688e+07,0,0,1.27005e+07
0,0,0,6.6308e+07,0,2.77621e+07,0,0,1.27005e+07
0,0,0,6.6308e+07,0,2.77664e+07,0,0,1.27005e+07
0,0,0,6.6308e+07,0,2.77707e+07,0,0,1.27005e+07
0,0,0,6.6308e+07,0,2.7775e+07,0,0,1.27005e+07
0,0,0,6.6308e+07,0,2.40617e+07,0,0,1.27005e+07
0,0,0,6.6308e+07,0,2.40654e+07,0,0,1.27005e+07
0,0,0,6.6308e+07,0,2.40691e+07,0,0,1.27005e+07
0,0,0,6.6308e+07,0,2.40728e+07,0,0,1.27005e+07
0,0,0,6.6308e+07,0,2.40766e+07,0,0,1.27005e+07
0,0,0,6.6308e+07,0,2.50032e+07,0,0,1.27005e+07
0,0,0,6.6308e+07,0,2.50071e+07,0,0,1.27005e+07
0,0,0,6.6308e+07,0,2.50109e+07,0,0,1.27005e+07
0,0,0,6.6308e+07,0,2.50148e+07,0,0,1.27005e+07
0,0,0,6.6308e+07,0,2.46588e+07,0,0,1.27005e+07
0,0,0,6.6308e+07,0,2.46627e+07,0,0,1.27005e+07
0,0,0,6.6308e+07,0,2.46665e+07,0,0,1.27005e+07
0,0,0,6.6308e+07,0,2.46703e+07,0,0,1.27005e+07
0,0,0,6.6308e+07,0,2.59241e+07,0,0,1.27005e+07
0,0,0,6.6308e+07,0,2.59281e+07,0,0,1.27005e+07
0,0,0,6.6308e+07,0,2.59321e+07,0,0,1.27005e+07
0,0,0,6.6308e+07,0,2.59361e+07,0,0,1.27005e+07
0,0,0,6.6308e+07,0,2.59401e+07,0,0,1.27005e+07
0,0,0,6.6308e+07,0,2.61819e+07,0,0,1.27005e+07
0,0,0,6.6308e+07,0,2.61859e+07,0,0,1.27005e+07
0,0,0,6.6308e+07,0,2.619e+07,0,0,1.27005e+07
0,0,0,6.6308e+07,0,2.6194e+07,0,0,1.27005e+07
0,0,0,6.6308e+07,0,2.68238e+07,0,0,1.27005e+07
0,0,0,6.6308e+07,0,2.68279e+07,0,0,1.27005e+07
0,0,0,6.6308e+07,0,2.68321e+07,0,0,1.27005e+07
0,0,0,6.6308e+07,0,2.68362e+07,0,0,1.27005e+07
0,0,0,6.6308e+07,0,2.88906e+07,0,0,1.27005e+07
0,0,0,6.6308e+07,0,2.88951e+07,0,0,1.27005e+07
0,0,0,6.6308e+07,0,2.88996e+07,0,0,1.27005e+07
0,0,0,6.6308e+07,0,2.8904e+07,0,0,1.27005e+07
0,0,0,6.6308e+07,0,2.89085e+07,0,0,1.27005e+07
0,0,0,6.6308e+07,0,2.77755e+07,0,0,1.27005e+07
0,0,0,6.6308e+07,0,2.77798e+07,0,0,1.27005e+07
0,0,0,6.6308e+07,0,2.77841e+07,0,0,1.27005e+07
0,0,0,6.6308e+07,0,2.77884e+07,0,0,1.27005e+07
0,0,0,6.6308e+07,0,2.67959e+07,0,0,1.27005e+07
0,0,0,6.6308e+07,0,2.68001e+07,0,0,1.27005e+07
0,0,0,6.6308e+07,0,2.68042e+07,0,0,1.27005e+07
0,0,0,6.6308e+07,0,2.68084e+07,0,0,1.27005e+07
0,0,0,6.6308e+07,0,2.44617e+07,0,0,1.27005e+07
0,0,0,6.6308e+07,0,2.44655e+07,0,0,1.27005e+07
0,0,0,6.6308e+07,0,2.44693e+07,0,0,1.27005e+07
0,0,0,6.6308e+07,0,2.44731e+07,0,0,1.27005e+07
0,0,0,6.6308e+07,0,2.44768e+07,0,0,1.27005e+07
0,0,0,6.6308e+07,7.48891e+06,2.52594e+07,0,0,1.27005e+07
0,0,0,6.6308e+07,0,2.52631e+07,0,0,1.27005e+07
0,0,0,6.6308e+07,0,2.52667e+07,0,0,1.27005e+07
0,0,0,6.6308e+07,0,2.52704e+07,0,0,1.27005e+07
0,0,0,6.6308e+07,0,2.79851e+07,0,0,1.27005e+07
0,0,0,6.6308e+07,0,2.79891e+07,0,0,1.27005e+07
0,0,0,6.6308e+07,0,2.79932e+07,0,0,1.27005e+07
0,0,0,6.6308e+07,0,2.79973e+07,0,0,1.27005e+07
0,0,0,6.6308e+07,0,2.42541e+07,0,0,1.27005e+07
0,0,0,6.6308e+07,0,2.42576e+07,0,0,1.27005e+07
0,0,0,6.6308e+07,0,2.42611e+07,0,0,1.27005e+07
0,0,0,6.6308e+07,0,2.42647e+07,0,0,1.27005e+07
0,0,0,6.6308e+07,0,2.42682e+07,0,0,1.27005e+07
0,0,0,6.6308e+07,0,2.5202e+07,0,0,1.27005e+07
0,0,0,6.6308e+07,0,2.52056e+07,0,0,1.27005e+07
0,0,0,6.6308e+07,0,2.52093e+07,0,0,1.27005e+07
0,0,0,6.6308e+07,0,2.5213e+07,0,0,1.27005e+07
0,0,0,6.6308e+07,0,2.4854e+07,0,0,1.27005e+07
0,0,0,6.6308e+07,0,2.48576e+07,0,0,1.27005e+07
0,0,0,6.6308e+07,0,2.48612e+07,0,0,1.27005e+07
0,0,0,6.6308e+07,0,2.48648e+07,0,0,1.27005e+07
0,0,0,6.6308e+07,0,2.61283e+07,0,0,1.27005e+07
0,0,0,6.6308e+07,0,2.61321e+07,0,0,1.27005e+07
0,0,0,6.6308e+07,0,2.61359e+07,0,0,1.27005e+07
0,0,0,6.6308e+07,0,2.61397e+07,0,0,1.27005e+07
0,0,0,6.6308e+07,0,2.61435e+07,0,0,1.27005e+07
0,0,0,6.6308e+07,0,2.63869e+07,0,0,1.27005e+07
0,0,0,6.6308e+07,0,2.63907e+07,0,0,1.27005e+07
0,0,0,6.6308e+07,0,2.63945e+07,0,0,1.27005e+07
0,0,0,6.6308e+07,0,2.63984e+07,0,0,1.27005e+07
0,0,0,6.6308e+07,0,2.70328e+07,0,0,1.27005e+07
0,0,0,6.6308e+07,0,2.70367e+07,0,0,1.27005e+07
0,0,0,6.6308e+07,0,2.70407e+07,0,0,1.27005e+07
0,0,0,6.6308e+07,0,2.70446e+07,0,0,1.27005e+07
0,0,0,6.6308e+07,0,2.91147e+07,0,0,1.27005e+07
0,0,0,6.6308e+07,0,2.91189e+07,0,0,1.27005e+07
0,0,0,6.6308e+07,0,2.91232e+07,0,0,1.27005e+07
0,0,0,6.6308e+07,0,2.91274e+07,0,0,1.27005e+07
0,0,0,6.6308e+07,0,2.91317e+07,0,0,1.27005e+07
0,0,0,6.6308e+07,0,2.79896e+07,0,0,1.27005e+07
0,0,0,6.6308e+07,0,2.79937e+07,0,0,1.27005e+07
0,0,0,6.6308e+07,0,2.79978e+07,0,0,1.27005e+07
0,0,0,6.6308e+07,0,2.80018e+07,0,0,1.27005e+07
0,0,0,6.6308e+07,0,2.70015e+07,0,0,1.27005e+07
0,0,0,6.6308e+07,0,2.70055e+07,0,0,1.27005e+07
0,0,0,6.6308e+07,0,2.70094e+07,0,0,1.27005e+07
0,0,0,6.6308e+07,0,2.70133e+07,0,0,1.27005e+07
0,0,0,6.6308e+07,0,2.46485e+07,0,0,1.27005e+07
0,0,0,6.6308e+07,0,2.46521e+07,0,0,1.27005e+07
0,0,0,6.6308e+07,0,2.46557e+07,0,0,1.27005e+07
0,0,0,6.6308e+07,0,2.46593e+07,0,0,1.27005e+07
0,0,0,6.6308e+07,0,2.46628e+07,0,0,1.27005e+07
0,0,0,6.6308e+07,7.48891e+06,2.54511e+07,0,0,1.27005e+07
0,0,0,6.6308e+07,0,2.54546e+07,0,0,1.27005e+07
0,0,0,6.6308e+07,0,2.5458e+07,0,0,1.27005e+07
0,0,0,6.6308e+07,0,2.54615e+07,0,0,1.27005e+07
0,0,0,6.6308e+07,0,2.81964e+07,0,0,1.27005e+07
0,0,0,6.6308e+07,0,2.82003e+07,0,0,1.27005e+07
0,0,0,6.6308e+07,0,2.82041e+07,0,0,1.27005e+07
0,0,0,6.6308e+07,0,2.8208e+07,0,0,1.27005e+07
0,0,0,6.6308e+07,0,2.44363e+07,0,0,1.27005e+07
0,0,0,6.6308e+07,0,2.44397e+07,0,0,1.27005e+07
0,0,0,6.6308e+07,0,2.4443e+07,0,0,1.27005e+07
0,0,0,6.6308e+07,0,2.44463e+07,0,0,1.27005e+07
0,0,0,6.6308e+07,0,2.44497e+07,0,0,1.27005e+07
0,0,0,6.6308e+07,0,2.53902e+07,0,0,1.27005e+07
0,0,0,6.6308e+07,0,2.53937e+07,0,0,1.27005e+07
0,0,0,6.6308e+07,0,2.53971e+07,0,0,1.27005e+07
0,0,0,6.6308e+07,0,2.54006e+07,0,0,1.27005e+07
0,0,0,6.6308e+07,0,2.50387e+07,0,0,1.27005e+07
0,0,0,6.6308e+07,0,2.50421e+07,0,0,1.27005e+07
0,0,0,6.6308e+07,0,2.50455e+07,0,0,1.27005e+07
0,0,0,6.6308e+07,0,2.50489e+07,0,0,1.27005e+07
0,0,0,6.6308e+07,0,2.63215e+07,0,0,1.27005e+07
0,0,0,6.6308e+07,0,2.63251e+07,0,0,1.27005e+07
0,0,0,6.6308e+07,0,2.63286e+07,0,0,1.27005e+07
0,0,0,6.6308e+07,0,2.63322e+07,0,0,1.27005e+07
0,0,0,6.6308e+07,0,2.63358e+07,0,0,1.27005e+07
0,0,0,6.6308e+07,0,2.65808e+07,0,0,1.27005e+07
0,0,0,6.6308e+07,0,2.65844e+07,0,0,1.27005e+07
0,0,0,6.6308e+07,0,2.6588e+07,0,0,1.27005e+07
0,0,0,6.6308e+07,0,2.65916e+07,0,0,1.27005e+07
0,0,0,6.6308e+07,0,2.72304e+07,0,0,1.27005e+07
0,0,0,6.6308e+07,0,2.72342e+07,0,0,1.27005e+07
0,0,0,6.6308e+07,0,2.72379e+07,0,0,1.27005e+07
0,0,0,6.6308e+07,0,2.72416e+07,0,0,1.27005e+07
0,0,0,6.6308e+07,0,2.93265e+07,0,0,1.27005e+07
0,0,0,6.6308e+07,0,2.93305e+07,0,0,1.27005e+07
0,0,0,6.6308e+07,0,2.93345e+07,0,0,1.27005e+07
0,0,0,6.6308e+07,0,2.93385e+07,0,0,1.27005e+07
0,0,0,6.6308e+07,0,2.93425e+07,0,0,1.27005e+07
0,0,0,6.6308e+07,0,2.81919e+07,0,0,1.27005e+07
0,0,0,6.6308e+07,0,2.81958e+07,0,0,1.27005e+07
0,0,0,6.6308e+07,0,2.81996e+07,0,0,1.27005e+07
0,0,0,6.6308e+07,0,2.82034e+07,0,0,1.27005e+07
0,0,0,6.6308e+07,0,2.71957e+07,0,0,1.27005e+07
0,0,0,6.6308e+07,0,2.71994e+07,0,0,1.27005e+07
0,0,0,6.6308e+07,0,2.72031e+07,0,0,1.27005e+07
0,0,0,6.6308e+07,0,2.72068e+07,0,0,1.27005e+07
0,0,0,6.6308e+07,0,2.48248e+07,0,0,1.27005e+07
0,0,0,6.6308e+07,0,2.48282e+07,0,0,1.27005e+07
0,0,0,6.6308e+07,0,2.48316e+07,0,0,1.27005e+07
0,0,0,6.6308e+07,0,2.4835e+07,0,0,1.27005e+07
0,0,0,6.6308e+07,0,2.48384e+07,0,0,1.27005e+07
0,0,0,6.6308e+07,7.48891e+06,2.5632e+07,0,0,1.27005e+07
0,0,0,6.6308e+07,0,2.56352e+07,0,0,1.27005e+07
0,0,0,6.6308e+07,0,2.56385e+07,0,0,1.27005e+07
0,0,0,6.6308e+07,0,2.56418e+07,0,0,1.27005e+07
0,0,0,6.6308e+07,0,2.83958e+07,0,0,1.27005e+07
0,0,0,6.6308e+07,0,2.83994e+07,0,0,1.27005e+07
0,0,0,6.6308e+07,0,2.8403e+07,0,0,1.27005e+07
0,0,0,6.6308e+07,0,2.84066e+07,0,0,1.27005e+07
0,0,0,6.6308e+07,0,2.46082e+07,0,0,1.27005e+07
0,0,0,6.6308e+07,0,2.46114e+07,0,0,1.27005e+07
0,0,0,6.6308e+07,0,2.46145e+07,0,0,1.27005e+07
0,0,0,6.6308e+07,0,2.46176e+07,0,0,1.27005e+07
0,0,0,6.6308e+07,0,2.46208e+07,0,0,1.27005e+07
0,0,0,6.6308e+07,0,2.55676e+07,0,0,1.27005e+07
0,0,0,6.6308e+07,0,2.55709e+07,0,0,1.27005e+07
0,0,0,6.6308e+07,0,2.55741e+07,0,0,1.27005e+07
0,0,0,6.6308e+07,0,2.55774e+07,0,0,1.27005e+07
0,0,0,6.6308e+07,0,2.52127e+07,0,0,1.27005e+07
0,0,0,6.6308e+07,0,2.52159e+07,0,0,1.27005e+07
0,0,0,6.6308e+07,0,2.52191e+07,0,0,1.27005e+07
0,0,0,6.6308e+07,0,2.52223e+07,0,0,1.27005e+07
0,0,0,6.6308e+07,0,2.65035e+07,0,0,1.27005e+07
0,0,0,6.6308e+07,0,2.65068e+07,0,0,1.27005e+07
0,0,0,6.6308e+07,0,2.65102e+07,0,0,1.27005e+07
0,0,0,6.6308e+07,0,2.65136e+07,0,0,1.27005e+07
0,0,0,6.6308e+07,0,2.6517e+07,0,0,1.27005e+07
0,0,0,6.6308e+07,0,2.67633e+07,0,0,1.27005e+07
0,0,0,6.6308e+07,0,2.67667e+07,0,0,1.27005e+07
0,0,0,6.6308e+07,0,2.67701e+07,0,0,1.27005e+07
0,0,0,6.6308e+07,0,2.67735e+07,0,0,1.27005e+07
0,0,0,6.6308e+07,0,2.74165e+07,0,0,1.27005e+07
0,0,0,6.6308e+07,0,2.742e+07,0,0,1.27005e+07
0,0,0,6.6308e+07,0,2.74235e+07,0,0,1.27005e+07
0,0,0,6.6308e+07,0,2.74269e+07,0,0,1.27005e+07
0,0,0,6.6308e+07,0,2.95258e+07,0,0,1.27005e+07
0,0,0,6.6308e+07,0,2.95295e+07,0,0,1.27005e+07
0,0,0,6.6308e+07,0,2.95333e+07,0,0,1.27005e+07
0,0,0,6.6308e+07,0,2.9537e+07,0,0,1.27005e+07
0,0,0,6.6308e+07,0,2.95408e+07,0,0,1.27005e+07
0,0,0,6.6308e+07,0,2.83822e+07,0,0,1.27005e+07
0,0,0,6.6308e+07,0,2.83858e+07,0,0,1.27005e+07
0,0,0,6.6308e+07,0,2.83894e+07,0,0,1.27005e+07
0,0,0,6.6308e+07,0,2.8393e+07,0,0,1.27005e+07
0,0,0,6.6308e+07,0,2.73782e+07,0,0,1.27005e+07
0,0,0,6.6308e+07,0,2.73817e+07,0,0,1.27005e+07
0,0,0,6.6308e+07,0,2.73852e+07,0,0,1.27005e+07
0,0,0,6.6308e+07,0,2.73887e+07,0,0,1.27005e+07
0,0,0,6.6308e+07,0,2.49906e+07,0,0,1.27005e+07
0,0,0,6.6308e+07,0,2.49937e+07,0,0,1.27005e+07
0,0,0,6.6308e+07,0,2.49969e+07,0,0,1.27005e+07
0,0,0,6.6308e+07,0,2.50001e+07,0,0,1.27005e+07
0,0,0,6.6308e+07,0,2.50033e+07,0,0,1.27005e+07
0,0,0,6.6308e+07,0,2.58019e+07,0,0,1.27005e+07
0,0,0,6.6308e+07,7.48891e+06,2.5805e+07,0,0,1.27005e+07
0,0,0,6.6308e+07,0,2.5808e+07,0,0,1.27005e+07
0,0,0,6.6308e+07,0,2.58111e+07,0,0,1.27005e+07
0,0,0,6.6308e+07,0,2.85831e+07,0,0,1.27005e+07
0,0,0,6.6308e+07,0,2.85864e+07,0,0,1.27005e+07
0,0,0,6.6308e+07,0,2.85898e+07,0,0,1.27005e+07
0,0,0,6.6308e+07,0,2.85932e+07,0,0,1.27005e+07
0,0,0,6.6308e+07,0,2.47696e+07,0,0,1.27005e+07
0,0,0,6.6308e+07,0,2.47726e+07,0,0,1.27005e+07
0,0,0,6.6308e+07,0,2.47755e+07,0,0,1.27005e+07
0,0,0,6.6308e+07,0,2.47785e+07,0,0,1.27005e+07
0,0,0,6.6308e+07,0,2.47814e+07,0,0,1.27005e+07
0,0,0,6.6308e+07,0,2.57342e+07,0,0,1.27005e+07
0,0,0,6.6308e+07,0,2.57373e+07,0,0,1.27005e+07
0,0,0,6.6308e+07,0,2.57403e+07,0,0,1.27005e+07
0,0,0,6.6308e+07,0,2.57433e+07,0,0,1.27005e+07
0,0,0,6.6308e+07,0,2.53761e+07,0,0,1.27005e+07
0,0,0,6.6308e+07,0,2.53791e+07,0,0,1.27005e+07
0,0,0,6.6308e+07,0,2.53821e+07,0,0,1.27005e+07
0,0,0,6.6308e+07,0,2.53851e+07,0,0,1.27005e+07
0,0,0,6.6308e+07,0,2.66743e+07,0,0,1.27005e+07
0,0,0,6.6308e+07,0,2.66774e+07,0,0,1.27005e+07
0,0,0,6.6308e+07,0,2.66806e+07,0,0,1.27005e+07
0,0,0,6.6308e+07,0,2.66838e+07,0,0,1.27005e+07
0,0,0,6.6308e+07,0,2.66869e+07,0,0,1.27005e+07
0,0,0,6.6308e+07,0,2.69346e+07,0,0,1.27005e+07
0,0,0,6.6308e+07,0,2.69378e+07,0,0,1.27005e+07
0,0,0,6.6308e+07,0,2.6941e+07,0,0,1.27005e+07
0,0,0,6.6308e+07,0,2.69442e+07,0,0,1.27005e+07
0,0,0,6.6308e+07,0,2.7591e+07,0,0,1.27005e+07
0,0,0,6.6308e+07,0,2.75943e+07,0,0,1.27005e+07
0,0,0,6.6308e+07,0,2.75975e+07,0,0,1.27005e+07
0,0,0,6.6308e+07,0,2.76008e+07,0,0,1.27005e+07
0,0,0,6.6308e+07,0,2.97127e+07,0,0,1.27005e+07
0,0,0,6.6308e+07,0,2.97162e+07,0,0,1.27005e+07
0,0,0,6.6308e+07,0,2.97197e+07,0,0,1.27005e+07
0,0,0,6.6308e+07,0,2.97232e+07,0,0,1.27005e+07
0,0,0,6.6308e+07,0,2.97267e+07,0,0,1.27005e+07
0,0,0,6.6308e+07,0,2.85606e+07,0,0,1.27005e+07
0,0,0,6.6308e+07,0,2.8564e+07,0,0,1.27005e+07
0,0,0,6.6308e+07,0,2.85673e+07,0,0,1.27005e+07
0,0,0,6.6308e+07,0,2.85707e+07,0,0,1.27005e+07
0,0,0,6.6308e+07,0,2.75494e+07,0,0,1.27005e+07
0,0,0,6.6308e+07,0,2.75526e+07,0,0,1.27005e+07
0,0,0,6.6308e+07,0,2.75559e+07,0,0,1.27005e+07
0,0,0,6.6308e+07,0,2.75591e+07,0,0,1.27005e+07
0,0,0,6.6308e+07,0,2.51459e+07,0,0,1.27005e+07
0,0,0,6.6308e+07,0,2.51488e+07,0,0,1.27005e+07
0,0,0,6.6308e+07,0,2.51518e+07,0,0,1.27005e+07
0,0,0,6.6308e+07,0,2.51548e+07,0,0,1.27005e+07
0,0,0,6.6308e+07,0,2.51578e+07,0,0,1.27005e+07
0,0,0,6.6308e+07,0,2.59611e+07,0,0,1.27005e+07
0,0,0,6.6308e+07,0,2.5964e+07,0,0,1.27005e+07
0,0,0,6.6308e+07,0,2.59669e+07,0,0,1.27005e+07
0,0,0,6.6308e+07,0,2.59697e+07,0,0,1.27005e+07
0,0,0,6.6308e+07,0,2.87585e+07,0,0,1.27005e+07
0,0,0,6.6308e+07,0,2.87616e+07,0,0,1.27005e+07
0,0,0,6.6308e+07,0,2.87648e+07,0,0,1.27005e+07
0,0,0,6.6308e+07,0,2.87679e+07,0,0,1.27005e+07
0,0,0,6.6308e+07,0,2.49208e+07,0,0,1.27005e+07
0,0,0,6.6308e+07,0,2.49235e+07,0,0,1.27005e+07
0,0,0,6.6308e+07,0,2.49263e+07,0,0,1.27005e+07
0,0,0,6.6308e+07,0,2.4929e+07,0,0,1.27005e+07
0,0,0,6.6308e+07,0,2.49318e+07,0,0,1.27005e+07
0,0,0,6.6308e+07,0,2.58901e+07,0,0,1.27005e+07
0,0,0,6.6308e+07,0,2.5893e+07,0,0,1.27005e+07
0,0,0,6.6308e+07,0,2.58958e+07,0,0,1.27005e+07
0,0,0,6.6308e+07,0,2.58987e+07,0,0,1.27005e+07
0,0,0,6.6308e+07,0,2.5529e+07,0,0,1.27005e+07
0,0,0,6.6308e+07,0,2.55318e+07,0,0,1.27005e+07
0,0,0,6.6308e+07,0,2.55346e+07,0,0,1.27005e+07
0,0,0,6.6308e+07,0,2.55374e+07,0,0,1.27005e+07
0,0,0,6.6308e+07,0,2.68341e+07,0,0,1.27005e+07
0,0,0,6.6308e+07,0,2.6837e+07,0,0,1.27005e+07
0,0,0,6.6308e+07,0,2.684e+07,0,0,1.27005e+07
0,0,0,6.6308e+07,0,2.68429e+07,0,0,1.27005e+07
0,0,0,6.6308e+07,0,2.68459e+07,0,0,1.27005e+07
0,0,0,6.6308e+07,0,2.70948e+07,0,0,1.27005e+07
0,0,0,6.6308e+07,0,2.70978e+07,0,0,1.27005e+07
0,0,0,6.6308e+07,0,2.71008e+07,0,0,1.27005e+07
0,0,0,6.6308e+07,0,2.71037e+07,0,0,1.27005e+07
0,0,0,6.6308e+07,0,2.77541e+07,0,0,1.27005e+07
0,0,0,6.6308e+07,0,2.77572e+07,0,0,1.27005e+07
0,0,0,6.6308e+07,0,2.77602e+07,0,0,1.27005e+07
0,0,0,6.6308e+07,0,2.77633e+07,0,0,1.27005e+07
0,0,0,6.6308e+07,0,2.98873e+07,0,0,1.27005e+07
0,0,0,6.6308e+07,0,2.98906e+07,0,0,1.27005e+07
0,0,0,6.6308e+07,0,2.98939e+07,0,0,1.27005e+07
0,0,0,6.6308e+07,0,2.98972e+07,0,0,1.27005e+07
0,0,0,6.6308e+07,0,2.99005e+07,0,0,1.27005e+07
0,0,0,6.6308e+07,0,2.87272e+07,0,0,1.27005e+07
0,0,0,6.6308e+07,0,2.87304e+07,0,0,1.27005e+07
0,0,0,6.6308e+07,0,2.87336e+07,0,0,1.27005e+07
0,0,0,6.6308e+07,0,2.87367e+07,0,0,1.27005e+07
0,0,0,6.6308e+07,0,2.77092e+07,0,0,1.27005e+07
0,0,0,6.6308e+07,0,2.77122e+07,0,0,1.27005e+07
0,0,0,6.6308e+07,0,2.77153e+07,0,0,1.27005e+07
0,0,0,6.6308e+07,0,2.77183e+07,0,0,1.27005e+07
0,0,0,6.6308e+07,0,2.52909e+07,0,0,1.27005e+07
0,0,0,6.6308e+07,0,2.52937e+07,0,0,1.27005e+07
0,0,0,6.6308e+07,0,2.52964e+07,0,0,1.27005e+07
0,0,0,6.6308e+07,0,2.52992e+07,0,0,1.27005e+07
0,0,0,6.6308e+07,0,2.5302e+07,0,0,1.27005e+07
0,0,0,6.6308e+07,0,2.5302e+07,0,0,1.27005e+07
0,0,0,6.6308e+07,0,2.61098e+07,0,0,1.27005e+07
0,0,0,6.6308e+07,0,2.61124e+07,0,0,1.27005e+07
0,0,0,6.6308e+07,0,2.61151e+07,0,0,1.27005e+07
0,0,0,6.6308e+07,0,2.61177e+07,0,0,1.27005e+07
0,0,0,6.6308e+07,0,2.89221e+07,0,0,1.27005e+07
0,0,0,6.6308e+07,0,2.8925e+07,0,0,1.27005e+07
0,0,0,6.6308e+07,0,2.8928e+07,0,0,1.27005e+07
0,0,0,6.6308e+07,0,2.89309e+07,0,0,1.27005e+07
0,0,0,6.6308e+07,0,2.50618e+07,0,0,1.27005e+07
0,0,0,6.6308e+07,0,2.50643e+07,0,0,1.27005e+07
0,0,0,6.6308e+07,0,2.50668e+07,0,0,1.27005e+07
0,0,0,6.6308e+07,0,2.50694e+07,0,0,1.27005e+07
0,0,0,6.6308e+07,0,2.50719e+07,0,0,1.27005e+07
0,0,0,6.6308e+07,0,2.60355e+07,0,0,1.27005e+07
0,0,0,6.6308e+07,0,2.60381e+07,0,0,1.27005e+07
0,0,0,6.6308e+07,0,2.60408e+07,0,0,1.27005e+07
0,0,0,6.6308e+07,0,2.60434e+07,0,0,1.27005e+07
0,0,0,6.6308e+07,0,2.56714e+07,0,0,1.27005e+07
0,0,0,6.6308e+07,0,2.5674e+07,0,0,1.27005e+07
0,0,0,6.6308e+07,0,2.56767e+07,0,0,1.27005e+07
0,0,0,6.6308e+07,0,2.56793e+07,0,0,1.27005e+07
0,0,0,6.6308e+07,0,2.69829e+07,0,0,1.27005e+07
0,0,0,6.6308e+07,0,2.69856e+07,0,0,1.27005e+07
0,0,0,6.6308e+07,0,2.69884e+07,0,0,1.27005e+07
0,0,0,6.6308e+07,0,2.69911e+07,0,0,1.27005e+07
0,0,0,6.6308e+07,0,2.69939e+07,0,0,1.27005e+07
0,0,0,6.6308e+07,0,2.7244e+07,0,0,1.27005e+07
0,0,0,6.6308e+07,0,2.72467e+07,0,0,1.27005e+07
0,0,0,6.6308e+07,0,2.72495e+07,0,0,1.27005e+07
0,0,0,6.6308e+07,0,2.72523e+07,0,0,1.27005e+07
0,0,0,6.6308e+07,0,2.7906e+07,0,0,1.27005e+07
0,0,0,6.6308e+07,0,2.79088e+07,0,0,1.27005e+07
0,0,0,6.6308e+07,0,2.79116e+07,0,0,1.27005e+07
0,0,0,6.6308e+07,0,2.79145e+07,0,0,1.27005e+07
0,0,0,6.6308e+07,0,3.00498e+07,0,0,1.27005e+07
0,0,0,6.6308e+07,0,3.00529e+07,0,0,1.27005e+07
0,0,0,6.6308e+07,0,3.00559e+07,0,0,1.27005e+07
0,0,0,6.6308e+07,0,3.0059e+07,0,0,1.27005e+07
0,0,0,6.6308e+07,0,3.0062e+07,0,0,1.27005e+07
0,0,0,6.6308e+07,0,2.88822e+07,0,0,1.27005e+07
0,0,0,6.6308e+07,0,2.88852e+07,0,0,1.27005e+07
0,0,0,6.6308e+07,0,2.88881e+07,0,0,1.27005e+07
0,0,0,6.6308e+07,0,2.8891e+07,0,0,1.27005e+07
0,0,0,6.6308e+07,0,2.78577e+07,0,0,1.27005e+07
0,0,0,6.6308e+07,0,2.78606e+07,0,0,1.27005e+07
0,0,0,6.6308e+07,0,2.78634e+07,0,0,1.27005e+07
0,0,0,6.6308e+07,0,2.78662e+07,0,0,1.27005e+07
0,0,0,6.6308e+07,0,2.54256e+07,0,0,1.27005e+07
0,0,0,6.6308e+07,0,2.54282e+07,0,0,1.27005e+07
0,0,0,6.6308e+07,0,2.54308e+07,0,0,1.27005e+07
0,0,0,6.6308e+07,0,2.54334e+07,0,0,1.27005e+07
0,0,0,6.6308e+07,0,2.54359e+07,0,0,1.27005e+07
0,0,0,6.6308e+07,0,2.62478e+07,0,0,1.27005e+07
0,0,0,6.6308e+07,0,2.62502e+07,0,0,1.27005e+07
0,0,0,6.6308e+07,0,2.62527e+07,0,0,1.27005e+07
0,0,0,6.6308e+07,0,2.62551e+07,0,0,1.27005e+07
0,0,0,6.6308e+07,0,2.9074e+07,0,0,1.27005e+07
0,0,0,6.6308e+07,0,2.90767e+07,0,0,1.27005e+07
0,0,0,6.6308e+07,0,2.90794e+07,0,0,1.27005e+07
0,0,0,6.6308e+07,0,2.90822e+07,0,0,1.27005e+07
0,0,0,6.6308e+07,0,2.51926e+07,0,0,1.27005e+07
0,0,0,6.6308e+07,0,2.51949e+07,0,0,1.27005e+07
0,0,0,6.6308e+07,0,2.51973e+07,0,0,1.27005e+07
0,0,0,6.6308e+07,0,2.51996e+07,0,0,1.27005e+07
0,0,0,6.6308e+07,0,2.5202e+07,0,0,1.27005e+07
0,0,0,6.6308e+07,0,2.61703e+07,0,0,1.27005e+07
0,0,0,6.6308e+07,0,2.61727e+07,0,0,1.27005e+07
0,0,0,6.6308e+07,0,2.61752e+07,0,0,1.27005e+07
0,0,0,6.6308e+07,0,2.61776e+07,0,0,1.27005e+07
0,0,0,6.6308e+07,0,2.58035e+07,0,0,1.27005e+07
0,0,0,6.6308e+07,0,2.58059e+07,0,0,1.27005e+07
0,0,0,6.6308e+07,0,2.58083e+07,0,0,1.27005e+07
0,0,0,6.6308e+07,0,2.58107e+07,0,0,1.27005e+07
0,0,0,6.6308e+07,0,2.71208e+07,0,0,1.27005e+07
0,0,0,6.6308e+07,0,2.71233e+07,0,0,1.27005e+07
0,0,0,6.6308e+07,0,2.71259e+07,0,0,1.27005e+07
0,0,0,6.6308e+07,0,2.71284e+07,0,0,1.27005e+07
0,0,0,6.6308e+07,0,2.71309e+07,0,0,1.27005e+07
0,0,0,6.6308e+07,0,2.73821e+07,0,0,1.27005e+07
0,0,0,6.6308e+07,0,2.73846e+07,0,0,1.27005e+07
0,0,0,6.6308e+07,0,2.73872e+07,0,0,1.27005e+07
0,0,0,6.6308e+07,0,2.73897e+07,0,0,1.27005e+07
0,0,0,6.6308e+07,0,2.80465e+07,0,0,1.27005e+07
0,0,0,6.6308e+07,0,2.80491e+07,0,0,1.27005e+07
0,0,0,6.6308e+07,0,2.80517e+07,0,0,1.27005e+07
0,0,0,6.6308e+07,0,2.80544e+07,0,0,1.27005e+07
0,0,0,6.6308e+07,0,3.02002e+07,0,0,1.27005e+07
0,0,0,6.6308e+07,0,3.0203e+07,0,0,1.27005e+07
0,0,0,6.6308e+07,0,3.02058e+07,0,0,1.27005e+07
0,0,0,6.6308e+07,0,3.02086e+07,0,0,1.27005e+07
0,0,0,6.6308e+07,0,3.02114e+07,0,0,1.27005e+07
0,0,0,6.6308e+07,0,2.90255e+07,0,0,1.27005e+07
0,0,0,6.6308e+07,0,2.90282e+07,0,0,1.27005e+07
0,0,0,6.6308e+07,0,2.90309e+07,0,0,1.27005e+07
0,0,0,6.6308e+07,0,2.90336e+07,0,0,1.27005e+07
0,0,0,6.6308e+07,0,2.7995e+07,0,0,1.27005e+07
0,0,0,6.6308e+07,0,2.79976e+07,0,0,1.27005e+07
0,0,0,6.6308e+07,0,2.80002e+07,0,0,1.27005e+07
0,0,0,6.6308e+07,0,2.80029e+07,0,0,1.27005e+07
0,0,0,6.6308e+07,0,2.55501e+07,0,0,1.27005e+07
0,0,0,6.6308e+07,0,2.55525e+07,0,0,1.27005e+07
0,0,0,6.6308e+07,0,2.55548e+07,0,0,1.27005e+07
0,0,0,6.6308e+07,0,2.55572e+07,0,0,1.27005e+07
0,0,0,6.6308e+07,0,2.55596e+07,0,0,1.27005e+07
0,0,0,6.6308e+07,0,2.63752e+07,0,0,1.27005e+07
0,0,0,6.6308e+07,0,2.63774e+07,0,0,1.27005e+07
0,0,0,6.6308e+07,0,2.63797e+07,0,0,1.27005e+07
0,0,0,6.6308e+07,0,2.63819e+07,0,0,1.27005e+07
0,0,0,6.6308e+07,0,2.92142e+07,0,0,1.27005e+07
0,0,0,6.6308e+07,0,2.92167e+07,0,0,1.27005e+07
0,0,0,6.6308e+07,0,2.92192e+07,0,0,1.27005e+07
0,0,0,6.6308e+07,0,2.92216e+07,0,0,1.27005e+07
0,0,0,6.6308e+07,0,2.53132e+07,0,0,1.27005e+07
0,0,0,6.6308e+07,0,2.53153e+07,0,0,1.27005e+07
0,0,0,6.6308e+07,0,2.53175e+07,0,0,1.27005e+07
0,0,0,6.6308e+07,0,2.53197e+07,0,0,1.27005e+07
0,0,0,6.6308e+07,0,2.53218e+07,0,0,1.27005e+07
0,0,0,6.6308e+07,0,2.62945e+07,0,0,1.27005e+07
0,0,0,6.6308e+07,0,2.62968e+07,0,0,1.27005e+07
0,0,0,6.6308e+07,0,2.6299e+07,0,0,1.27005e+07
0,0,0,6.6308e+07,0,2.63012e+07,0,0,1.27005e+07
0,0,0,6.6308e+07,0,2.59252e+07,0,0,1.27005e+07
0,0,0,6.6308e+07,0,2.59274e+07,0,0,1.27005e+07
0,0,0,6.6308e+07,0,2.59296e+07,0,0,1.27005e+07
0,0,0,6.6308e+07,0,2.59318e+07,0,0,1.27005e+07
0,0,0,6.6308e+07,0,2.72478e+07,0,0,1.27005e+07
0,0,0,6.6308e+07,0,2.72501e+07,0,0,1.27005e+07
0,0,0,6.6308e+07,0,2.72524e+07,0,0,1.27005e+07
0,0,0,6.6308e+07,0,2.72548e+07,0,0,1.27005e+07
0,0,0,6.6308e+07,0,2.72571e+07,0,0,1.27005e+07
0,0,0,6.6308e+07,0,2.75092e+07,0,0,1.27005e+07
0,0,0,6.6308e+07,0,2.75115e+07,0,0,1.27005e+07
0,0,0,6.6308e+07,0,2.75138e+07,0,0,1.27005e+07
0,0,0,6.6308e+07,0,2.75162e+07,0,0,1.27005e+07
0,0,0,6.6308e+07,0,2.81758e+07,0,0,1.27005e+07
0,0,0,6.6308e+07,0,2.81782e+07,0,0,1.27005e+07
0,0,0,6.6308e+07,0,2.81806e+07,0,0,1.27005e+07
0,0,0,6.6308e+07,0,2.8183e+07,0,0,1.27005e+07
0,0,0,6.6308e+07,0,3.03384e+07,0,0,1.27005e+07
0,0,0,6.6308e+07,0,3.03409e+07,0,0,1.27005e+07
0,0,0,6.6308e+07,0,3.03435e+07,0,0,1.27005e+07
0,0,0,6.6308e+07,0,3.03461e+07,0,0,1.27005e+07
0,0,0,6.6308e+07,0,3.03487e+07,0,0,1.27005e+07
0,0,0,6.6308e+07,0,2.91572e+07,0,0,1.27005e+07
0,0,0,6.6308e+07,0,2.91597e+07,0,0,1.27005e+07
0,0,0,6.6308e+07,0,2.91621e+07,0,0,1.27005e+07
0,0,0,6.6308e+07,0,2.91646e+07,0,0,1.27005e+07
0,0,0,6.6308e+07,0,2.81211e+07,0,0,1.27005e+07
0,0,0,6.6308e+07,0,2.81235e+07,0,0,1.27005e+07
0,0,0,6.6308e+07,0,2.81259e+07,0,0,1.27005e+07
0,0,0,6.6308e+07,0,2.81283e+07,0,0,1.27005e+07
0,0,0,6.6308e+07,0,2.56643e+07,0,0,1.27005e+07
0,0,0,6.6308e+07,0,2.56665e+07,0,0,1.27005e+07
0,0,0,6.6308e+07,0,2.56687e+07,0,0,1.27005e+07
0,0,0,6.6308e+07,0,2.56709e+07,0,0,1.27005e+07
0,0,0,6.6308e+07,0,2.5673e+07,0,0,1.27005e+07
0,0,0,6.6308e+07,0,2.6492e+07,0,0,1.27005e+07
0,0,0,6.6308e+07,0,2.6494e+07,0,0,1.27005e+07
0,0,0,6.6308e+07,0,2.64961e+07,0,0,1.27005e+07
0,0,0,6.6308e+07,0,2.64981e+07,0,0,1.27005e+07
0,0,0,6.6308e+07,0,2.93427e+07,0,0,1.27005e+07
0,0,0,6.6308e+07,0,2.93449e+07,0,0,1.27005e+07
0,0,0,6.6308e+07,0,2.93472e+07,0,0,1.27005e+07
0,0,0,6.6308e+07,0,2.93495e+07,0,0,1.27005e+07
0,0,0,6.6308e+07,0,2.54237e+07,0,0,1.27005e+07
0,0,0,6.6308e+07,0,2.54257e+07,0,0,1.27005e+07
0,0,0,6.6308e+07,0,2.54276e+07,0,0,1.27005e+07
0,0,0,6.6308e+07,0,2.54296e+07,0,0,1.27005e+07
0,0,0,6.6308e+07,0,2.54316e+07,0,0,1.27005e+07
0,0,0,6.6308e+07,0,2.64083e+07,0,0,1.27005e+07
0,0,0,6.6308e+07,0,2.64103e+07,0,0,1.27005e+07
0,0,0,6.6308e+07,0,2.64124e+07,0,0,1.27005e+07
0,0,0,6.6308e+07,0,2.64144e+07,0,0,1.27005e+07
0,0,0,6.6308e+07,0,2.60365e+07,0,0,1.27005e+07
0,0,0,6.6308e+07,0,2.60385e+07,0,0,1.27005e+07
0,0,0,6.6308e+07,0,2.60405e+07,0,0,1.27005e+07
0,0,0,6.6308e+07,0,2.60425e+07,0,0,1.27005e+07
0,0,0,6.6308e+07,0,2.7364e+07,0,0,1.27005e+07
0,0,0,6.6308e+07,0,2.73661e+07,0,0,1.27005e+07
0,0,0,6.6308e+07,0,2.73682e+07,0,0,1.27005e+07
0,0,0,6.6308e+07,0,2.73703e+07,0,0,1.27005e+07
0,0,0,6.6308e+07,0,2.73724e+07,0,0,1.27005e+07
0,0,0,6.6308e+07,0,2.76253e+07,0,0,1.27005e+07
0,0,0,6.6308e+07,0,2.76275e+07,0,0,1.27005e+07
0,0,0,6.6308e+07,0,2.76296e+07,0,0,1.27005e+07
0,0,0,6.6308e+07,0,2.76317e+07,0,0,1.27005e+07
0,0,0,6.6308e+07,0,2.82939e+07,0,0,1.27005e+07
0,0,0,6.6308e+07,0,2.82961e+07,0,0,1.27005e+07
0,0,0,6.6308e+07,0,2.82982e+07,0,0,1.27005e+07
0,0,0,6.6308e+07,0,2.83004e+07,0,0,1.27005e+07
0,0,0,6.6308e+07,0,3.04646e+07,0,0,1.27005e+07
0,0,0,6.6308e+07,0,3.04669e+07,0,0,1.27005e+07
0,0,0,6.6308e+07,0,3.04693e+07,0,0,1.27005e+07
0,0,0,6.6308e+07,0,3.04716e+07,0,0,1.27005e+07
0,0,0,6.6308e+07,0,3.0474e+07,0,0,1.27005e+07
0,0,0,6.6308e+07,0,2.92773e+07,0,0,1.27005e+07
0,0,0,6.6308e+07,0,2.92796e+07,0,0,1.27005e+07
0,0,0,6.6308e+07,0,2.92818e+07,0,0,1.27005e+07
0,0,0,6.6308e+07,0,2.92841e+07,0,0,1.27005e+07
0,0,0,6.6308e+07,0,2.82361e+07,0,0,1.27005e+07
0,0,0,6.6308e+07,0,2.82382e+07,0,0,1.27005e+07
0,0,0,6.6308e+07,0,2.82404e+07,0,0,1.27005e+07
0,0,0,6.6308e+07,0,2.82426e+07,0,0,1.27005e+07
0,0,0,6.6308e+07,0,2.57684e+07,0,0,1.27005e+07
0,0,0,6.6308e+07,0,2.57704e+07,0,0,1.27005e+07
0,0,0,6.6308e+07,0,2.57724e+07,0,0,1.27005e+07
0,0,0,6.6308e+07,0,2.57744e+07,0,0,1.27005e+07
0,0,0,6.6308e+07,0,2.57764e+07,0,0,1.27005e+07
0,0,0,6.6308e+07,0,2.65984e+07,0,0,1.27005e+07
0,0,0,6.6308e+07,0,2.66003e+07,0,0,1.27005e+07
0,0,0,6.6308e+07,0,2.66021e+07,0,0,1.27005e+07
0,0,0,6.6308e+07,0,2.6604e+07,0,0,1.27005e+07
0,0,0,6.6308e+07,0,2.94596e+07,0,0,1.27005e+07
0,0,0,6.6308e+07,0,2.94617e+07,0,0,1.27005e+07
0,0,0,6.6308e+07,0,2.94637e+07,0,0,1.27005e+07
0,0,0,6.6308e+07,0,2.94658e+07,0,0,1.27005e+07
0,0,0,6.6308e+07,0,2.55242e+07,0,0,1.27005e+07
0,0,0,6.6308e+07,0,2.5526e+07,0,0,1.27005e+07
0,0,0,6.6308e+07,0,2.55278e+07,0,0,1.27005e+07
0,0,0,6.6308e+07,0,2.55296e+07,0,0,1.27005e+07
0,0,0,6.6308e+07,0,2.55313e+07,0,0,1.27005e+07
0,0,0,6.6308e+07,0,2.65117e+07,0,0,1.27005e+07
0,0,0,6.6308e+07,0,2.65135e+07,0,0,1.27005e+07
0,0,0,6.6308e+07,0,2.65154e+07,0,0,1.27005e+07
0,0,0,6.6308e+07,0,2.65172e+07,0,0,1.27005e+07
0,0,0,6.6308e+07,0,2.61376e+07,0,0,1.27005e+07
0,0,0,6.6308e+07,0,2.61394e+07,0,0,1.27005e+07
0,0,0,6.6308e+07,0,2.61412e+07,0,0,1.27005e+07
0,0,0,6.6308e+07,0,2.61431e+07,0,0,1.27005e+07
0,0,0,6.6308e+07,0,2.74694e+07,0,0,1.27005e+07
0,0,0,6.6308e+07,0,2.74713e+07,0,0,1.27005e+07
0,0,0,6.6308e+07,0,2.74732e+07,0,0,1.27005e+07
0,0,0,6.6308e+07,0,2.74751e+07,0,0,1.27005e+07
0,0,0,6.6308e+07,0,2.7477e+07,0,0,1.27005e+07
0,0,0,6.6308e+07,0,2.77307e+07,0,0,1.27005e+07
0,0,0,6.6308e+07,0,2.77326e+07,0,0,1.27005e+07
0,0,0,6.6308e+07,0,2.77345e+07,0,0,1.27005e+07
0,0,0,6.6308e+07,0,2.77364e+07,0,0,1.27005e+07
0,0,0,6.6308e+07,0,2.84009e+07,0,0,1.27005e+07
0,0,0,6.6308e+07,0,2.84028e+07,0,0,1.27005e+07
0,0,0,6.6308e+07,0,2.84048e+07,0,0,1.27005e+07
0,0,0,6.6308e+07,0,2.84068e+07,0,0,1.27005e+07
0,0,0,6.6308e+07,0,3.05788e+07,0,0,1.27005e+07
0,0,0,6.6308e+07,0,3.05809e+07,0,0,1.27005e+07
0,0,0,6.6308e+07,0,3.05831e+07,0,0,1.27005e+07
0,0,0,6.6308e+07,0,3.05852e+07,0,0,1.27005e+07
0,0,0,6.6308e+07,0,3.05873e+07,0,0,1.27005e+07
0,0,0,6.6308e+07,0,2.93859e+07,0,0,1.27005e+07
0,0,0,6.6308e+07,0,2.9388e+07,0,0,1.27005e+07
0,0,0,6.6308e+07,0,2.939e+07,0,0,1.27005e+07
0,0,0,6.6308e+07,0,2.93921e+07,0,0,1.27005e+07
0,0,0,6.6308e+07,0,2.83399e+07,0,0,1.27005e+07
0,0,0,6.6308e+07,0,2.83419e+07,0,0,1.27005e+07
0,0,0,6.6308e+07,0,2.83439e+07,0,0,1.27005e+07
0,0,0,6.6308e+07,0,2.83458e+07,0,0,1.27005e+07
0,0,0,6.6308e+07,0,2.58624e+07,0,0,1.27005e+07
0,0,0,6.6308e+07,0,2.58642e+07,0,0,1.27005e+07
0,0,0,6.6308e+07,0,2.5866e+07,0,0,1.27005e+07
0,0,0,6.6308e+07,0,2.58678e+07,0,0,1.27005e+07
0,0,0,6.6308e+07,0,2.58696e+07,0,0,1.27005e+07
0,0,0,6.6308e+07,0,2.66944e+07,0,0,1.27005e+07
0,0,0,6.6308e+07,0,2.6696e+07,0,0,1.27005e+07
0,0,0,6.6308e+07,0,2.66977e+07,0,0,1.27005e+07
0,0,0,6.6308e+07,0,2.66993e+07,0,0,1.27005e+07
0,0,0,6.6308e+07,0,2.9565e+07,0,0,1.27005e+07
0,0,0,6.6308e+07,0,2.95668e+07,0,0,1.27005e+07
0,0,0,6.6308e+07,0,2.95686e+07,0,0,1.27005e+07
0,0,0,6.6308e+07,0,2.95705e+07,0,0,1.27005e+07
0,0,0,6.6308e+07,0,2.56147e+07,0,0,1.27005e+07
0,0,0,6.6308e+07,0,2.56163e+07,0,0,1.27005e+07
0,0,0,6.6308e+07,0,2.56179e+07,0,0,1.27005e+07
0,0,0,6.6308e+07,0,2.56195e+07,0,0,1.27005e+07
0,0,0,6.6308e+07,0,2.56211e+07,0,0,1.27005e+07
0,0,0,6.6308e+07,0,2.66046e+07,0,0,1.27005e+07
0,0,0,6.6308e+07,0,2.66063e+07,0,0,1.27005e+07
0,0,0,6.6308e+07,0,2.66079e+07,0,0,1.27005e+07
0,0,0,6.6308e+07,0,2.66096e+07,0,0,1.27005e+07
0,0,0,6.6308e+07,0,2.62285e+07,0,0,1.27005e+07
0,0,0,6.6308e+07,0,2.62301e+07,0,0,1.27005e+07
0,0,0,6.6308e+07,0,2.62317e+07,0,0,1.27005e+07
0,0,0,6.6308e+07,0,2.62333e+07,0,0,1.27005e+07
0,0,0,6.6308e+07,0,2.7564e+07,0,0,1.27005e+07
0,0,0,6.6308e+07,0,2.75657e+07,0,0,1.27005e+07
0,0,0,6.6308e+07,0,2.75674e+07,0,0,1.27005e+07
0,0,0,6.6308e+07,0,2.75691e+07,0,0,1.27005e+07
0,0,0,6.6308e+07,0,2.75708e+07,0,0,1.27005e+07
0,0,0,6.6308e+07,0,2.78251e+07,0,0,1.27005e+07
0,0,0,6.6308e+07,0,2.78268e+07,0,0,1.27005e+07
0,0,0,6.6308e+07,0,2.78285e+07,0,0,1.27005e+07
0,0,0,6.6308e+07,0,2.78302e+07,0,0,1.27005e+07
0,0,0,6.6308e+07,0,2.84967e+07,0,0,1.27005e+07
0,0,0,6.6308e+07,0,2.84984e+07,0,0,1.27005e+07
0,0,0,6.6308e+07,0,2.85002e+07,0,0,1.27005e+07
0,0,0,6.6308e+07,0,2.85019e+07,0,0,1.27005e+07
0,0,0,6.6308e+07,0,3.0681e+07,0,0,1.27005e+07
0,0,0,6.6308e+07,0,3.06829e+07,0,0,1.27005e+07
0,0,0,6.6308e+07,0,3.06848e+07,0,0,1.27005e+07
0,0,0,6.6308e+07,0,3.06867e+07,0,0,1.27005e+07
0,0,0,6.6308e+07,0,3.06886e+07,0,0,1.27005e+07
0,0,0,6.6308e+07,0,2.9483e+07,0,0,1.27005e+07
0,0,0,6.6308e+07,0,2.94848e+07,0,0,1.27005e+07
0,0,0,6.6308e+07,0,2.94866e+07,0,0,1.27005e+07
0,0,0,6.6308e+07,0,2.94885e+07,0,0,1.27005e+07
0,0,0,6.6308e+07,0,2.84327e+07,0,0,1.27005e+07
0,0,0,6.6308e+07,0,2.84344e+07,0,0,1.27005e+07
0,0,0,6.6308e+07,0,2.84362e+07,0,0,1.27005e+07
0,0,0,6.6308e+07,0,2.84379e+07,0,0,1.27005e+07
0,0,0,6.6308e+07,0,2.59462e+07,0,0,1.27005e+07
0,0,0,6.6308e+07,0,2.59478e+07,0,0,1.27005e+07
0,0,0,6.6308e+07,0,2.59494e+07,0,0,1.27005e+07
0,0,0,6.6308e+07,0,2.5951e+07,0,0,1.27005e+07
0,0,0,6.6308e+07,0,2.59526e+07,0,0,1.27005e+07
0,0,0,6.6308e+07,0,2.59526e+07,0,0,1.27005e+07
0,0,0,6.6308e+07,0,2.67799e+07,0,0,1.27005e+07
0,0,0,6.6308e+07,0,2.67813e+07,0,0,1.27005e+07
0,0,0,6.6308e+07,0,2.67827e+07,0,0,1.27005e+07
0,0,0,6.6308e+07,0,2.67842e+07,0,0,1.27005e+07
0,0,0,6.6308e+07,0,2.96587e+07,0,0,1.27005e+07
0,0,0,6.6308e+07,0,2.96603e+07,0,0,1.27005e+07
0,0,0,6.6308e+07,0,2.96619e+07,0,0,1.27005e+07
0,0,0,6.6308e+07,0,2.96635e+07,0,0,1.27005e+07
0,0,0,6.6308e+07,0,2.56952e+07,0,0,1.27005e+07
0,0,0,6.6308e+07,0,2.56965e+07,0,0,1.27005e+07
0,0,0,6.6308e+07,0,2.56979e+07,0,0,1.27005e+07
0,0,0,6.6308e+07,0,2.56993e+07,0,0,1.27005e+07
0,0,0,6.6308e+07,0,2.57007e+07,0,0,1.27005e+07
0,0,0,6.6308e+07,0,2.66871e+07,0,0,1.27005e+07
0,0,0,6.6308e+07,0,2.66886e+07,0,0,1.27005e+07
0,0,0,6.6308e+07,0,2.669e+07,0,0,1.27005e+07
0,0,0,6.6308e+07,0,2.66914e+07,0,0,1.27005e+07
0,0,0,6.6308e+07,0,2.63089e+07,0,0,1.27005e+07
0,0,0,6.6308e+07,0,2.63104e+07,0,0,1.27005e+07
0,0,0,6.6308e+07,0,2.63118e+07,0,0,1.27005e+07
0,0,0,6.6308e+07,0,2.63132e+07,0,0,1.27005e+07
0,0,0,6.6308e+07,0,2.76477e+07,0,0,1.27005e+07
0,0,0,6.6308e+07,0,2.76492e+07,0,0,1.27005e+07
0,0,0,6.6308e+07,0,2.76507e+07,0,0,1.27005e+07
0,0,0,6.6308e+07,0,2.76522e+07,0,0,1.27005e+07
0,0,0,6.6308e+07,0,2.76537e+07,0,0,1.27005e+07
0,0,0,6.6308e+07,0,2.79085e+07,0,0,1.27005e+07
0,0,0,6.6308e+07,0,2.791e+07,0,0,1.27005e+07
0,0,0,6.6308e+07,0,2.79115e+07,0,0,1.27005e+07
0,0,0,6.6308e+07,0,2.79131e+07,0,0,1.27005e+07
0,0,0,6.6308e+07,0,2.85813e+07,0,0,1.27005e+07
0,0,0,6.6308e+07,0,2.85828e+07,0,0,1.27005e+07
0,0,0,6.6308e+07,0,2.85843e+07,0,0,1.27005e+07
0,0,0,6.6308e+07,0,2.85859e+07,0,0,1.27005e+07
0,0,0,6.6308e+07,0,3.07711e+07,0,0,1.27005e+07
0,0,0,6.6308e+07,0,3.07728e+07,0,0,1.27005e+07
0,0,0,6.6308e+07,0,3.07744e+07,0,0,1.27005e+07
0,0,0,6.6308e+07,0,3.07761e+07,0,0,1.27005e+07
0,0,0,6.6308e+07,0,3.07777e+07,0,0,1.27005e+07
0,0,0,6.6308e+07,0,2.95685e+07,0,0,1.27005e+07
0,0,0,6.6308e+07,0,2.95701e+07,0,0,1.27005e+07
0,0,0,6.6308e+07,0,2.95716e+07,0,0,1.27005e+07
0,0,0,6.6308e+07,0,2.95732e+07,0,0,1.27005e+07
0,0,0,6.6308e+07,0,2.85142e+07,0,0,1.27005e+07
0,0,0,6.6308e+07,0,2.85157e+07,0,0,1.27005e+07
0,0,0,6.6308e+07,0,2.85173e+07,0,0,1.27005e+07
0,0,0,6.6308e+07,0,2.85188e+07,0,0,1.27005e+07
0,0,0,6.6308e+07,0,2.60198e+07,0,0,1.27005e+07
0,0,0,6.6308e+07,0,2.60212e+07,0,0,1.27005e+07
0,0,0,6.6308e+07,0,2.60226e+07,0,0,1.27005e+07
0,0,0,6.6308e+07,0,2.6024e+07,0,0,1.27005e+07
0,0,0,6.6308e+07,0,2.60254e+07,0,0,1.27005e+07
0,0,0,3.1037e+08,0,2.68548e+07,0,0,1.27005e+07
0,0,0,3.1037e+08,0,2.6856e+07,0,0,1.27005e+07
0,0,0,3.1037e+08,0,2.68573e+07,0,0,1.27005e+07
0,0,0,3.1037e+08,0,2.68585e+07,0,0,1.27005e+07
0,0,0,3.1037e+08,0,2.97408e+07,0,0,1.27005e+07
0,0,0,3.1037e+08,0,2.97422e+07,0,0,1.27005e+07
0,0,0,3.1037e+08,0,2.97435e+07,0,0,1.27005e+07
0,0,0,3.1037e+08,0,2.97449e+07,0,0,1.27005e+07
0,0,0,3.1037e+08,0,2.57655e+07,0,0,1.27005e+07
0,0,0,3.1037e+08,0,2.57667e+07,0,0,1.27005e+07
0,0,0,3.1037e+08,0,2.57679e+07,0,0,1.27005e+07
0,0,0,3.1037e+08,0,2.5769e+07,0,0,1.27005e+07
0,0,0,3.1037e+08,0,2.57702e+07,0,0,1.27005e+07
0,0,0,3.1037e+08,0,2.67591e+07,0,0,1.27005e+07
0,0,0,3.1037e+08,0,2.67604e+07,0,0,1.27005e+07
0,0,0,3.1037e+08,0,2.67616e+07,0,0,1.27005e+07
0,0,0,3.1037e+08,0,2.67629e+07,0,0,1.27005e+07
0,0,0,3.1037e+08,0,2.63791e+07,0,0,1.27005e+07
0,0,0,3.1037e+08,0,2.63804e+07,0,0,1.27005e+07
0,0,0,3.1037e+08,0,2.63816e+07,0,0,1.27005e+07
0,0,0,3.1037e+08,0,2.63828e+07,0,0,1.27005e+07
0,0,0,3.1037e+08,0,2.77206e+07,0,0,1.27005e+07
0,0,0,3.1037e+08,0,2.77219e+07,0,0,1.27005e+07
0,0,0,3.1037e+08,0,2.77232e+07,0,0,1.27005e+07
0,0,0,3.1037e+08,0,2.77245e+07,0,0,1.27005e+07
0,0,0,3.1037e+08,0,2.77258e+07,0,0,1.27005e+07
0,0,0,3.1037e+08,0,2.79811e+07,0,0,1.27005e+07
0,0,0,3.1037e+08,0,2.79824e+07,0,0,1.27005e+07
0,0,0,3.1037e+08,0,2.79837e+07,0,0,1.27005e+07
0,0,0,3.1037e+08,0,2.7985e+07,0,0,1.27005e+07
0,0,0,3.1037e+08,0,2.86547e+07,0,0,1.27005e+07
0,0,0,3.1037e+08,0,2.8656e+07,0,0,1.27005e+07
0,0,0,3.1037e+08,0,2.86573e+07,0,0,1.27005e+07
0,0,0,3.1037e+08,0,2.86587e+07,0,0,1.27005e+07
0,0,0,3.1037e+08,0,3.08492e+07,0,0,1.27005e+07
0,0,0,3.1037e+08,0,3.08507e+07,0,0,1.27005e+07
0,0,0,3.1037e+08,0,3.08521e+07,0,0,1.27005e+07
0,0,0,3.1037e+08,0,3.08535e+07,0,0,1.27005e+07
0,0,0,3.1037e+08,0,3.08549e+07,0,0,1.27005e+07
0,0,0,3.1037e+08,0,2.96424e+07,0,0,1.27005e+07
0,0,0,3.1037e+08,0,2.96438e+07,0,0,1.27005e+07
0,0,0,3.1037e+08,0,2.96451e+07,0,0,1.27005e+07
0,0,0,3.1037e+08,0,2.96465e+07,0,0,1.27005e+07
0,0,0,3.1037e+08,0,2.85846e+07,0,0,1.27005e+07
0,0,0,3.1037e+08,0,2.85859e+07,0,0,1.27005e+07
0,0,0,3.1037e+08,0,2.85873e+07,0,0,1.27005e+07
0,0,0,3.1037e+08,0,2.85886e+07,0,0,1.27005e+07
0,0,0,3.1037e+08,0,2.60833e+07,0,0,1.27005e+07
0,0,0,3.1037e+08,0,2.60845e+07,0,0,1.27005e+07
0,0,0,3.1037e+08,0,2.60857e+07,0,0,1.27005e+07
0,0,0,3.1037e+08,0,2.60869e+07,0,0,1.27005e+07
0,0,0,3.1037e+08,0,2.60881e+07,0,0,1.27005e+07
0,0,0,3.1037e+08,0,2.69193e+07,0,0,1.27005e+07
0,0,0,3.1037e+08,0,2.69203e+07,0,0,1.27005e+07
0,0,0,3.1037e+08,0,2.69214e+07,0,0,1.27005e+07
0,0,0,3.1037e+08,0,2.69224e+07,0,0,1.27005e+07
0,0,0,3.1037e+08,0,2.98113e+07,0,0,1.27005e+07
0,0,0,3.1037e+08,0,2.98125e+07,0,0,1.27005e+07
0,0,0,3.1037e+08,0,2.98136e+07,0,0,1.27005e+07
0,0,0,3.1037e+08,0,2.98148e+07,0,0,1.27005e+07
0,0,0,3.1037e+08,0,2.58258e+07,0,0,1.27005e+07
0,0,0,3.1037e+08,0,2.58268e+07,0,0,1.27005e+07
0,0,0,3.1037e+08,0,2.58278e+07,0,0,1.27005e+07
0,0,0,3.1037e+08,0,2.58288e+07,0,0,1.27005e+07
0,0,0,3.1037e+08,0,2.58298e+07,0,0,1.27005e+07
0,0,0,3.1037e+08,0,2.68208e+07,0,0,1.27005e+07
0,0,0,3.1037e+08,0,2.68218e+07,0,0,1.27005e+07
0,0,0,3.1037e+08,0,2.68228e+07,0,0,1.27005e+07
0,0,0,3.1037e+08,0,2.68239e+07,0,0,1.27005e+07
0,0,0,3.1037e+08,0,2.64391e+07,0,0,1.27005e+07
0,0,0,3.1037e+08,0,2.64401e+07,0,0,1.27005e+07
0,0,0,3.1037e+08,0,2.64411e+07,0,0,1.27005e+07
0,0,0,3.1037e+08,0,2.64422e+07,0,0,1.27005e+07
0,0,0,3.1037e+08,0,2.77828e+07,0,0,1.27005e+07
0,0,0,3.1037e+08,0,2.77839e+07,0,0,1.27005e+07
0,0,0,3.1037e+08,0,2.77849e+07,0,0,1.27005e+07
0,0,0,3.1037e+08,0,2.7786e+07,0,0,1.27005e+07
0,0,0,3.1037e+08,0,2.77871e+07,0,0,1.27005e+07
0,0,0,3.1037e+08,0,2.80428e+07,0,0,1.27005e+07
0,0,0,3.1037e+08,0,2.80439e+07,0,0,1.27005e+07
0,0,0,3.1037e+08,0,2.8045e+07,0,0,1.27005e+07
0,0,0,3.1037e+08,0,2.8046e+07,0,0,1.27005e+07
0,0,0,3.1037e+08,0,2.8717e+07,0,0,1.27005e+07
0,0,0,3.1037e+08,0,2.87181e+07,0,0,1.27005e+07
0,0,0,3.1037e+08,0,2.87192e+07,0,0,1.27005e+07
0,0,0,3.1037e+08,0,2.87203e+07,0,0,1.27005e+07
0,0,0,3.1037e+08,0,3.09154e+07,0,0,1.27005e+07
0,0,0,3.1037e+08,0,3.09166e+07,0,0,1.27005e+07
0,0,0,3.1037e+08,0,3.09178e+07,0,0,1.27005e+07
0,0,0,3.1037e+08,0,3.0919e+07,0,0,1.27005e+07
0,0,0,3.1037e+08,0,3.09202e+07,0,0,1.27005e+07
0,0,0,3.1037e+08,0,2.97048e+07,0,0,1.27005e+07
0,0,0,3.1037e+08,0,2.9706e+07,0,0,1.27005e+07
0,0,0,3.1037e+08,0,2.97071e+07,0,0,1.27005e+07
0,0,0,3.1037e+08,0,2.97083e+07,0,0,1.27005e+07
0,0,0,3.1037e+08,0,2.8644e+07,0,0,1.27005e+07
0,0,0,3.1037e+08,0,2.86451e+07,0,0,1.27005e+07
0,0,0,3.1037e+08,0,2.86462e+07,0,0,1.27005e+07
0,0,0,3.1037e+08,0,2.86473e+07,0,0,1.27005e+07
0,0,0,3.1037e+08,0,2.61366e+07,0,0,1.27005e+07
0,0,0,3.1037e+08,0,2.61377e+07,0,0,1.27005e+07
0,0,0,3.1037e+08,0,2.61387e+07,0,0,1.27005e+07
0,0,0,3.1037e+08,0,2.61397e+07,0,0,1.27005e+07
0,0,0,3.1037e+08,0,2.61407e+07,0,0,1.27005e+07
0,0,0,3.1037e+08,0,2.69733e+07,0,0,1.27005e+07
0,0,0,3.1037e+08,0,2.69742e+07,0,0,1.27005e+07
0,0,0,3.1037e+08,0,2.6975e+07,0,0,1.27005e+07
0,0,0,3.1037e+08,0,2.69758e+07,0,0,1.27005e+07
0,0,0,3.1037e+08,0,2.98703e+07,0,0,1.27005e+07
0,0,0,3.1037e+08,0,2.98712e+07,0,0,1.27005e+07
0,0,0,3.1037e+08,0,2.98721e+07,0,0,1.27005e+07
0,0,0,3.1037e+08,0,2.98731e+07,0,0,1.27005e+07
0,0,0,3.1037e+08,0,2.58761e+07,0,0,1.27005e+07
0,0,0,3.1037e+08,0,2.58769e+07,0,0,1.27005e+07
0,0,0,3.1037e+08,0,2.58777e+07,0,0,1.27005e+07
0,0,0,3.1037e+08,0,2.58785e+07,0,0,1.27005e+07
0,0,0,3.1037e+08,0,2.58793e+07,0,0,1.27005e+07
0,0,0,3.1037e+08,0,2.6872e+07,0,0,1.27005e+07
0,0,0,3.1037e+08,0,2.68728e+07,0,0,1.27005e+07
0,0,0,3.1037e+08,0,2.68736e+07,0,0,1.27005e+07
0,0,0,3.1037e+08,0,2.68745e+07,0,0,1.27005e+07
0,0,0,3.1037e+08,0,2.64888e+07,0,0,1.27005e+07
0,0,0,3.1037e+08,0,2.64896e+07,0,0,1.27005e+07
0,0,0,3.1037e+08,0,2.64904e+07,0,0,1.27005e+07
0,0,0,3.1037e+08,0,2.64912e+07,0,0,1.27005e+07
0,0,0,3.1037e+08,0,2.78341e+07,0,0,1.27005e+07
0,0,0,3.1037e+08,0,2.7835e+07,0,0,1.27005e+07
0,0,0,3.1037e+08,0,2.78359e+07,0,0,1.27005e+07
0,0,0,3.1037e+08,0,2.78367e+07,0,0,1.27005e+07
0,0,0,3.1037e+08,0,2.78376e+07,0,0,1.27005e+07
0,0,0,3.1037e+08,0,2.80935e+07,0,0,1.27005e+07
0,0,0,3.1037e+08,0,2.80944e+07,0,0,1.27005e+07
0,0,0,3.1037e+08,0,2.80953e+07,0,0,1.27005e+07
0,0,0,3.1037e+08,0,2.80961e+07,0,0,1.27005e+07
0,0,0,3.1037e+08,0,2.87681e+07,0,0,1.27005e+07
0,0,0,3.1037e+08,0,2.8769e+07,0,0,1.27005e+07
0,0,0,3.1037e+08,0,2.87699e+07,0,0,1.27005e+07
0,0,0,3.1037e+08,0,2.87708e+07,0,0,1.27005e+07
0,0,0,3.1037e+08,0,3.09694e+07,0,0,1.27005e+07
0,0,0,3.1037e+08,0,3.09704e+07,0,0,1.27005e+07
0,0,0,3.1037e+08,0,3.09714e+07,0,0,1.27005e+07
0,0,0,3.1037e+08,0,3.09723e+07,0,0,1.27005e+07
0,0,0,3.1037e+08,0,3.09733e+07,0,0,1.27005e+07
0,0,0,3.1037e+08,0,2.97556e+07,0,0,1.27005e+07
0,0,0,3.1037e+08,0,2.97566e+07,0,0,1.27005e+07
0,0,0,3.1037e+08,0,2.97575e+07,0,0,1.27005e+07
0,0,0,3.1037e+08,0,2.97584e+07,0,0,1.27005e+07
0,0,0,3.1037e+08,0,2.86921e+07,0,0,1.27005e+07
0,0,0,3.1037e+08,0,2.8693e+07,0,0,1.27005e+07
0,0,0,3.1037e+08,0,2.86939e+07,0,0,1.27005e+07
0,0,0,3.1037e+08,0,2.86947e+07,0,0,1.27005e+07
0,0,0,3.1037e+08,0,2.61797e+07,0,0,1.27005e+07
0,0,0,3.1037e+08,0,2.61806e+07,0,0,1.27005e+07
0,0,0,3.1037e+08,0,2.61814e+07,0,0,1.27005e+07
0,0,0,3.1037e+08,0,2.61822e+07,0,0,1.27005e+07
0,0,0,3.1037e+08,0,2.6183e+07,0,0,1.27005e+07
0,0,0,3.1037e+08,0,2.70168e+07,0,0,1.27005e+07
0,0,0,3.1037e+08,0,2.70174e+07,0,0,1.27005e+07
0,0,0,3.1037e+08,0,2.7018e+07,0,0,1.27005e+07
0,0,0,3.1037e+08,0,2.70187e+07,0,0,1.27005e+07
0,0,0,3.1037e+08,0,2.99175e+07,0,0,1.27005e+07
0,0,0,3.1037e+08,0,2.99182e+07,0,0,1.27005e+07
0,0,0,3.1037e+08,0,2.99189e+07,0,0,1.27005e+07
0,0,0,3.1037e+08,0,2.99196e+07,0,0,1.27005e+07
0,0,0,3.1037e+08,0,2.59162e+07,0,0,1.27005e+07
0,0,0,3.1037e+08,0,2.59168e+07,0,0,1.27005e+07
0,0,0,3.1037e+08,0,2.59174e+07,0,0,1.27005e+07
0,0,0,3.1037e+08,0,2.5918e+07,0,0,1.27005e+07
0,0,0,3.1037e+08,0,2.59186e+07,0,0,1.27005e+07
0,0,0,3.1037e+08,0,2.69126e+07,0,0,1.27005e+07
0,0,0,3.1037e+08,0,2.69132e+07,0,0,1.27005e+07
0,0,0,3.1037e+08,0,2.69138e+07,0,0,1.27005e+07
0,0,0,3.1037e+08,0,2.69145e+07,0,0,1.27005e+07
0,0,0,3.1037e+08,0,2.6528e+07,0,0,1.27005e+07
0,0,0,3.1037e+08,0,2.65286e+07,0,0,1.27005e+07
0,0,0,3.1037e+08,0,2.65292e+07,0,0,1.27005e+07
0,0,0,3.1037e+08,0,2.65299e+07,0,0,1.27005e+07
0,0,0,3.1037e+08,0,2.78745e+07,0,0,1.27005e+07
0,0,0,3.1037e+08,0,2.78752e+07,0,0,1.27005e+07
0,0,0,3.1037e+08,0,2.78758e+07,0,0,1.27005e+07
0,0,0,3.1037e+08,0,2.78765e+07,0,0,1.27005e+07
0,0,0,3.1037e+08,0,2.78771e+07,0,0,1.27005e+07
0,0,0,3.1037e+08,0,2.81332e+07,0,0,1.27005e+07
0,0,0,3.1037e+08,0,2.81339e+07,0,0,1.27005e+07
0,0,0,3.1037e+08,0,2.81345e+07,0,0,1.27005e+07
0,0,0,3.1037e+08,0,2.81352e+07,0,0,1.27005e+07
0,0,0,3.1037e+08,0,2.88078e+07,0,0,1.27005e+07
0,0,0,3.1037e+08,0,2.88085e+07,0,0,1.27005e+07
0,0,0,3.1037e+08,0,2.88092e+07,0,0,1.27005e+07
0,0,0,3.1037e+08,0,2.88098e+07,0,0,1.27005e+07
0,0,0,3.1037e+08,0,3.10113e+07,0,0,1.27005e+07
0,0,0,3.1037e+08,0,3.1012e+07,0,0,1.27005e+07
0,0,0,3.1037e+08,0,3.10127e+07,0,0,1.27005e+07
0,0,0,3.1037e+08,0,3.10135e+07,0,0,1.27005e+07
0,0,0,3.1037e+08,0,3.10142e+07,0,0,1.27005e+07
0,0,0,3.1037e+08,0,2.97947e+07,0,0,1.27005e+07
0,0,0,3.1037e+08,0,2.97954e+07,0,0,1.27005e+07
0,0,0,3.1037e+08,0,2.97961e+07,0,0,1.27005e+07
0,0,0,3.1037e+08,0,2.97968e+07,0,0,1.27005e+07
0,0,0,3.1037e+08,0,2.87289e+07,0,0,1.27005e+07
0,0,0,3.1037e+08,0,2.87295e+07,0,0,1.27005e+07
0,0,0,3.1037e+08,0,2.87302e+07,0,0,1.27005e+07
0,0,0,3.1037e+08,0,2.87309e+07,0,0,1.27005e+07
0,0,0,3.1037e+08,0,2.62125e+07,0,0,1.27005e+07
0,0,0,3.1037e+08,0,2.62131e+07,0,0,1.27005e+07
0,0,0,3.1037e+08,0,2.62137e+07,0,0,1.27005e+07
0,0,0,3.1037e+08,0,2.62144e+07,0,0,1.27005e+07
0,0,0,3.1037e+08,0,2.6215e+07,0,0,1.27005e+07
0,0,0,3.1037e+08,0,2.70496e+07,0,0,1.27005e+07
0,0,0,3.1037e+08,0,2.705e+07,0,0,1.27005e+07
0,0,0,3.1037e+08,0,2.70504e+07,0,0,1.27005e+07
0,0,0,3.1037e+08,0,2.70509e+07,0,0,1.27005e+07
0,0,0,3.1037e+08,0,2.99529e+07,0,0,1.27005e+07
0,0,0,3.1037e+08,0,2.99534e+07,0,0,1.27005e+07
0,0,0,3.1037e+08,0,2.99538e+07,0,0,1.27005e+07
0,0,0,3.1037e+08,0,2.99543e+07,0,0,1.27005e+07
0,0,0,3.1037e+08,0,2.59461e+07,0,0,1.27005e+07
0,0,0,3.1037e+08,0,2.59465e+07,0,0,1.27005e+07
0,0,0,3.1037e+08,0,2.59469e+07,0,0,1.27005e+07
0,0,0,3.1037e+08,0,2.59473e+07,0,0,1.27005e+07
0,0,0,3.1037e+08,0,2.59477e+07,0,0,1.27005e+07
0,0,0,3.1037e+08,0,2.69426e+07,0,0,1.27005e+07
0,0,0,3.1037e+08,0,2.6943e+07,0,0,1.27005e+07
0,0,0,3.1037e+08,0,2.69435e+07,0,0,1.27005e+07
0,0,0,3.1037e+08,0,2.69439e+07,0,0,1.27005e+07
0,0,0,3.1037e+08,0,2.65568e+07,0,0,1.27005e+07
0,0,0,3.1037e+08,0,2.65572e+07,0,0,1.27005e+07
0,0,0,3.1037e+08,0,2.65576e+07,0,0,1.27005e+07
0,0,0,3.1037e+08,0,2.65581e+07,0,0,1.27005e+07
0,0,0,3.1037e+08,0,2.79039e+07,0,0,1.27005e+07
0,0,0,3.1037e+08,0,2.79044e+07,0,0,1.27005e+07
0,0,0,3.1037e+08,0,2.79048e+07,0,0,1.27005e+07
0,0,0,3.1037e+08,0,2.79053e+07,0,0,1.27005e+07
0,0,0,3.1037e+08,0,2.79057e+07,0,0,1.27005e+07
0,0,0,3.1037e+08,0,2.81618e+07,0,0,1.27005e+07
0,0,0,3.1037e+08,0,2.81623e+07,0,0,1.27005e+07
0,0,0,3.1037e+08,0,2.81627e+07,0,0,1.27005e+07
0,0,0,3.1037e+08,0,2.81632e+07,0,0,1.27005e+07
0,0,0,3.1037e+08,0,2.88363e+07,0,0,1.27005e+07
0,0,0,3.1037e+08,0,2.88367e+07,0,0,1.27005e+07
0,0,0,3.1037e+08,0,2.88372e+07,0,0,1.27005e+07
0,0,0,3.1037e+08,0,2.88376e+07,0,0,1.27005e+07
0,0,0,3.1037e+08,0,3.1041e+07,0,0,1.27005e+07
0,0,0,3.1037e+08,0,3.10415e+07,0,0,1.27005e+07
0,0,0,3.1037e+08,0,3.1042e+07,0,0,1.27005e+07
0,0,0,3.1037e+08,0,3.10425e+07,0,0,1.27005e+07
0,0,0,3.1037e+08,0,3.10429e+07,0,0,1.27005e+07
0,0,0,3.1037e+08,0,2.98221e+07,0,0,1.27005e+07
0,0,0,3.1037e+08,0,2.98226e+07,0,0,1.27005e+07
0,0,0,3.1037e+08,0,2.98231e+07,0,0,1.27005e+07
0,0,0,3.1037e+08,0,2.98235e+07,0,0,1.27005e+07
0,0,0,3.1037e+08,0,2.87544e+07,0,0,1.27005e+07
0,0,0,3.1037e+08,0,2.87549e+07,0,0,1.27005e+07
0,0,0,3.1037e+08,0,2.87553e+07,0,0,1.27005e+07
0,0,0,3.1037e+08,0,2.87558e+07,0,0,1.27005e+07
0,0,0,3.1037e+08,0,2.6235e+07,0,0,1.27005e+07
0,0,0,3.1037e+08,0,2.62355e+07,0,0,1.27005e+07
0,0,0,3.1037e+08,0,2.62359e+07,0,0,1.27005e+07
0,0,0,3.1037e+08,0,2.62363e+07,0,0,1.27005e+07
0,0,0,3.1037e+08,0,2.62367e+07,0,0,1.27005e+07
0,0,0,3.1037e+08,0,2.62367e+07,0,0,1.27005e+07
0,0,0,3.1037e+08,2.75647e+07,2.70718e+07,0,0,1.27005e+07
0,0,0,3.1037e+08,0,2.7072e+07,0,0,1.27005e+07
0,0,0,3.1037e+08,0,2.70723e+07,0,0,1.27005e+07
0,0,0,3.1037e+08,0,2.70725e+07,0,0,1.27005e+07
0,0,0,3.1037e+08,0,2.99766e+07,0,0,1.27005e+07
0,0,0,3.1037e+08,0,2.99769e+07,0,0,1.27005e+07
0,0,0,3.1037e+08,0,2.99771e+07,0,0,1.27005e+07
0,0,0,3.1037e+08,0,2.99774e+07,0,0,1.27005e+07
0,0,0,3.1037e+08,0,2.59658e+07,0,0,1.27005e+07
0,0,0,3.1037e+08,0,2.59661e+07,0,0,1.27005e+07
0,0,0,3.1037e+08,0,2.59663e+07,0,0,1.27005e+07
0,0,0,3.1037e+08,0,2.59665e+07,0,0,1.27005e+07
0,0,0,3.1037e+08,0,2.59667e+07,0,0,1.27005e+07
0,0,0,3.1037e+08,0,2.69621e+07,0,0,1.27005e+07
0,0,0,3.1037e+08,0,2.69624e+07,0,0,1.27005e+07
0,0,0,3.1037e+08,0,2.69626e+07,0,0,1.27005e+07
0,0,0,3.1037e+08,0,2.69628e+07,0,0,1.27005e+07
0,0,0,3.1037e+08,0,2.65753e+07,0,0,1.27005e+07
0,0,0,3.1037e+08,0,2.65755e+07,0,0,1.27005e+07
0,0,0,3.1037e+08,0,2.65757e+07,0,0,1.27005e+07
0,0,0,3.1037e+08,0,2.65759e+07,0,0,1.27005e+07
0,0,0,3.1037e+08,0,2.79225e+07,0,0,1.27005e+07
0,0,0,3.1037e+08,0,2.79227e+07,0,0,1.27005e+07
0,0,0,3.1037e+08,0,2.7923e+07,0,0,1.27005e+07
0,0,0,3.1037e+08,0,2.79232e+07,0,0,1.27005e+07
0,0,0,3.1037e+08,0,2.79235e+07,0,0,1.27005e+07
0,0,0,3.1037e+08,0,2.81795e+07,0,0,1.27005e+07
0,0,0,3.1037e+08,0,2.81798e+07,0,0,1.27005e+07
0,0,0,3.1037e+08,0,2.818e+07,0,0,1.27005e+07
0,0,0,3.1037e+08,0,2.81803e+07,0,0,1.27005e+07
0,0,0,3.1037e+08,0,2.88535e+07,0,0,1.27005e+07
0,0,0,3.1037e+08,0,2.88538e+07,0,0,1.27005e+07
0,0,0,3.1037e+08,0,2.8854e+07,0,0,1.27005e+07
0,0,0,3.1037e+08,0,2.88543e+07,0,0,1.27005e+07
0,0,0,3.1037e+08,0,3.10586e+07,0,0,1.27005e+07
0,0,0,3.1037e+08,0,3.10589e+07,0,0,1.27005e+07
0,0,0,3.1037e+08,0,3.10592e+07,0,0,1.27005e+07
0,0,0,3.1037e+08,0,3.10594e+07,0,0,1.27005e+07
0,0,0,3.1037e+08,0,3.10597e+07,0,0,1.27005e+07
0,0,0,3.1037e+08,0,2.9838e+07,0,0,1.27005e+07
0,0,0,3.1037e+08,0,2.98382e+07,0,0,1.27005e+07
0,0,0,3.1037e+08,0,2.98385e+07,0,0,1.27005e+07
0,0,0,3.1037e+08,0,2.98387e+07,0,0,1.27005e+07
0,0,0,3.1037e+08,0,2.87689e+07,0,0,1.27005e+07
0,0,0,3.1037e+08,0,2.87691e+07,0,0,1.27005e+07
0,0,0,3.1037e+08,0,2.87694e+07,0,0,1.27005e+07
0,0,0,3.1037e+08,0,2.87696e+07,0,0,1.27005e+07
0,0,0,3.1037e+08,0,2.62475e+07,0,0,1.27005e+07
0,0,0,3.1037e+08,0,2.62477e+07,0,0,1.27005e+07
0,0,0,3.1037e+08,0,2.62479e+07,0,0,1.27005e+07
0,0,0,3.1037e+08,0,2.62481e+07,0,0,1.27005e+07
0,0,0,3.1037e+08,0,2.62483e+07,0,0,1.27005e+07
0,0,0,3.1037e+08,2.75647e+07,2.70836e+07,0,0,1.27005e+07
0,0,0,3.1037e+08,0,2.70836e+07,0,0,1.27005e+07
0,0,0,3.1037e+08,0,2.70837e+07,0,0,1.27005e+07
0,0,0,3.1037e+08,0,2.70837e+07,0,0,1.27005e+07
0,0,0,3.1037e+08,0,2.99888e+07,0,0,1.27005e+07
0,0,0,3.1037e+08,0,2.99888e+07,0,0,1.27005e+07
0,0,0,3.1037e+08,0,2.99889e+07,0,0,1.27005e+07
0,0,0,3.1037e+08,0,2.99889e+07,0,0,1.27005e+07
0,0,0,3.1037e+08,0,2.59756e+07,0,0,1.27005e+07
0,0,0,3.1037e+08,0,2.59757e+07,0,0,1.27005e+07
0,0,0,3.1037e+08,0,2.59757e+07,0,0,1.27005e+07
0,0,0,3.1037e+08,0,2.59757e+07,0,0,1.27005e+07
0,0,0,3.1037e+08,0,2.59757e+07,0,0,1.27005e+07
0,0,0,3.1037e+08,0,2.69713e+07,0,0,1.27005e+07
0,0,0,3.1037e+08,0,2.69713e+07,0,0,1.27005e+07
0,0,0,3.1037e+08,0,2.69714e+07,0,0,1.27005e+07
0,0,0,3.1037e+08,0,2.69714e+07,0,0,1.27005e+07
0,0,0,3.1037e+08,0,2.65835e+07,0,0,1.27005e+07
0,0,0,3.1037e+08,0,2.65835e+07,0,0,1.27005e+07
0,0,0,3.1037e+08,0,2.65836e+07,0,0,1.27005e+07
0,0,0,3.1037e+08,0,2.65836e+07,0,0,1.27005e+07
0,0,0,3.1037e+08,0,2.79303e+07,0,0,1.27005e+07
0,0,0,3.1037e+08,0,2.79304e+07,0,0,1.27005e+07
0,0,0,3.1037e+08,0,2.79304e+07,0,0,1.27005e+07
0,0,0,3.1037e+08,0,2.79304e+07,0,0,1.27005e+07
0,0,0,3.1037e+08,0,2.79305e+07,0,0,1.27005e+07
0,0,0,3.1037e+08,0,2.81864e+07,0,0,1.27005e+07
0,0,0,3.1037e+08,0,2.81864e+07,0,0,1.27005e+07
0,0,0,3.1037e+08,0,2.81865e+07,0,0,1.27005e+07
0,0,0,3.1037e+08,0,2.81865e+07,0,0,1.27005e+07
0,0,0,3.1037e+08,0,2.88597e+07,0,0,1.27005e+07
0,0,0,3.1037e+08,0,2.88598e+07,0,0,1.27005e+07
0,0,0,3.1037e+08,0,2.88598e+07,0,0,1.27005e+07
0,0,0,3.1037e+08,0,2.88598e+07,0,0,1.27005e+07
0,0,0,3.1037e+08,0,3.10644e+07,0,0,1.27005e+07
0,0,0,3.1037e+08,0,3.10644e+07,0,0,1.27005e+07
0,0,0,3.1037e+08,0,3.10645e+07,0,0,1.27005e+07
0,0,0,3.1037e+08,0,3.10645e+07,0,0,1.27005e+07
0,0,0,3.1037e+08,0,3.10645e+07,0,0,1.27005e+07
0,0,0,3.1037e+08,0,2.98424e+07,0,0,1.27005e+07
0,0,0,3.1037e+08,0,2.98424e+07,0,0,1.27005e+07
0,0,0,3.1037e+08,0,2.98425e+07,0,0,1.27005e+07
0,0,0,3.1037e+08,0,2.98425e+07,0,0,1.27005e+07
0,0,0,3.1037e+08,0,2.87723e+07,0,0,1.27005e+07
0,0,0,3.1037e+08,0,2.87723e+07,0,0,1.27005e+07
0,0,0,3.1037e+08,0,2.87724e+07,0,0,1.27005e+07
0,0,0,3.1037e+08,0,2.87724e+07,0,0,1.27005e+07
0,0,0,3.1037e+08,0,2.62498e+07,0,0,1.27005e+07
0,0,0,3.1037e+08,0,2.62498e+07,0,0,1.27005e+07
0,0,0,3.1037e+08,0,2.62499e+07,0,0,1.27005e+07
0,0,0,3.1037e+08,0,2.62499e+07,0,0,1.27005e+07
0,0,0,3.1037e+08,0,2.62499e+07,0,0,1.27005e+07
0,0,0,3.1037e+08,2.75647e+07,2.7085e+07,0,0,1.27005e+07
0,0,0,3.1037e+08,0,2.70848e+07,0,0,1.27005e+07
0,0,0,3.1037e+08,0,2.70847e+07,0,0,1.27005e+07
0,0,0,3.1037e+08,0,2.70845e+07,0,0,1.27005e+07
0,0,0,3.1037e+08,0,2.99895e+07,0,0,1.27005e+07
0,0,0,3.1037e+08,0,2.99893e+07,0,0,1.27005e+07
0,0,0,3.1037e+08,0,2.99891e+07,0,0,1.27005e+07
0,0,0,3.1037e+08,0,2.99889e+07,0,0,1.27005e+07
0,0,0,3.1037e+08,0,2.59755e+07,0,0,1.27005e+07
0,0,0,3.1037e+08,0,2.59753e+07,0,0,1.27005e+07
0,0,0,3.1037e+08,0,2.59751e+07,0,0,1.27005e+07
0,0,0,3.1037e+08,0,2.5975e+07,0,0,1.27005e+07
0,0,0,3.1037e+08,0,2.59748e+07,0,0,1.27005e+07
0,0,0,3.1037e+08,0,2.69701e+07,0,0,1.27005e+07
0,0,0,3.1037e+08,0,2.697e+07,0,0,1.27005e+07
0,0,0,3.1037e+08,0,2.69698e+07,0,0,1.27005e+07
0,0,0,3.1037e+08,0,2.69696e+07,0,0,1.27005e+07
0,0,0,3.1037e+08,0,2.65816e+07,0,0,1.27005e+07
0,0,0,3.1037e+08,0,2.65814e+07,0,0,1.27005e+07
0,0,0,3.1037e+08,0,2.65812e+07,0,0,1.27005e+07
0,0,0,3.1037e+08,0,2.65811e+07,0,0,1.27005e+07
0,0,0,3.1037e+08,0,2.79275e+07,0,0,1.27005e+07
0,0,0,3.1037e+08,0,2.79273e+07,0,0,1.27005e+07
0,0,0,3.1037e+08,0,2.79271e+07,0,0,1.27005e+07
0,0,0,3.1037e+08,0,2.7927e+07,0,0,1.27005e+07
0,0,0,3.1037e+08,0,2.79268e+07,0,0,1.27005e+07
0,0,0,3.1037e+08,0,2.81825e+07,0,0,1.27005e+07
0,0,0,3.1037e+08,0,2.81823e+07,0,0,1.27005e+07
0,0,0,3.1037e+08,0,2.81821e+07,0,0,1.27005e+07
0,0,0,3.1037e+08,0,2.8182e+07,0,0,1.27005e+07
0,0,0,3.1037e+08,0,2.88549e+07,0,0,1.27005e+07
0,0,0,3.1037e+08,0,2.88547e+07,0,0,1.27005e+07
0,0,0,3.1037e+08,0,2.88545e+07,0,0,1.27005e+07
0,0,0,3.1037e+08,0,2.88543e+07,0,0,1.27005e+07
0,0,0,3.1037e+08,0,3.10582e+07,0,0,1.27005e+07
0,0,0,3.1037e+08,0,3.1058e+07,0,0,1.27005e+07
0,0,0,3.1037e+08,0,3.10578e+07,0,0,1.27005e+07
0,0,0,3.1037e+08,0,3.10576e+07,0,0,1.27005e+07
0,0,0,3.1037e+08,0,3.10575e+07,0,0,1.27005e+07
0,0,0,3.1037e+08,0,2.98354e+07,0,0,1.27005e+07
0,0,0,3.1037e+08,0,2.98352e+07,0,0,1.27005e+07
0,0,0,3.1037e+08,0,2.9835e+07,0,0,1.27005e+07
0,0,0,3.1037e+08,0,2.98348e+07,0,0,1.27005e+07
0,0,0,3.1037e+08,0,2.87647e+07,0,0,1.27005e+07
0,0,0,3.1037e+08,0,2.87645e+07,0,0,1.27005e+07
0,0,0,3.1037e+08,0,2.87643e+07,0,0,1.27005e+07
0,0,0,3.1037e+08,0,2.87641e+07,0,0,1.27005e+07
0,0,0,3.1037e+08,0,2.62421e+07,0,0,1.27005e+07
0,0,0,3.1037e+08,0,2.62419e+07,0,0,1.27005e+07
0,0,0,3.1037e+08,0,2.62417e+07,0,0,1.27005e+07
0,0,0,3.1037e+08,0,2.62416e+07,0,0,1.27005e+07
0,0,0,3.1037e+08,0,2.62414e+07,0,0,1.27005e+07
0,0,0,3.1037e+08,0,2.70761e+07,0,0,1.27005e+07
0,0,0,3.1037e+08,0,2.70757e+07,0,0,1.27005e+07
0,0,0,3.1037e+08,0,2.70753e+07,0,0,1.27005e+07
0,0,0,3.1037e+08,0,2.7075e+07,0,0,1.27005e+07
0,0,0,3.1037e+08,0,2.99787e+07,0,0,1.27005e+07
0,0,0,3.1037e+08,0,2.99783e+07,0,0,1.27005e+07
0,0,0,3.1037e+08,0,2.99779e+07,0,0,1.27005e+07
0,0,0,3.1037e+08,0,2.99775e+07,0,0,1.27005e+07
0,0,0,3.1037e+08,0,2.59653e+07,0,0,1.27005e+07
0,0,0,3.1037e+08,0,2.5965e+07,0,0,1.27005e+07
0,0,0,3.1037e+08,0,2.59646e+07,0,0,1.27005e+07
0,0,0,3.1037e+08,0,2.59643e+07,0,0,1.27005e+07
0,0,0,3.1037e+08,0,2.59639e+07,0,0,1.27005e+07
0,0,0,3.1037e+08,0,2.69587e+07,0,0,1.27005e+07
0,0,0,3.1037e+08,0,2.69583e+07,0,0,1.27005e+07
0,0,0,3.1037e+08,0,2.69579e+07,0,0,1.27005e+07
0,0,0,3.1037e+08,0,2.69576e+07,0,0,1.27005e+07
0,0,0,3.1037e+08,0,2.65695e+07,0,0,1.27005e+07
0,0,0,3.1037e+08,0,2.65691e+07,0,0,1.27005e+07
0,0,0,3.1037e+08,0,2.65688e+07,0,0,1.27005e+07
0,0,0,3.1037e+08,0,2.65684e+07,0,0,1.27005e+07
0,0,0,3.1037e+08,0,2.7914e+07,0,0,1.27005e+07
0,0,0,3.1037e+08,0,2.79136e+07,0,0,1.27005e+07
0,0,0,3.1037e+08,0,2.79132e+07,0,0,1.27005e+07
0,0,0,3.1037e+08,0,2.79128e+07,0,0,1.27005e+07
0,0,0,3.1037e+08,0,2.79124e+07,0,0,1.27005e+07
0,0,0,3.1037e+08,0,2.81678e+07,0,0,1.27005e+07
0,0,0,3.1037e+08,0,2.81674e+07,0,0,1.27005e+07
0,0,0,3.1037e+08,0,2.8167e+07,0,0,1.27005e+07
0,0,0,3.1037e+08,0,2.81667e+07,0,0,1.27005e+07
0,0,0,3.1037e+08,0,2.8839e+07,0,0,1.27005e+07
0,0,0,3.1037e+08,0,2.88386e+07,0,0,1.27005e+07
0,0,0,3.1037e+08,0,2.88382e+07,0,0,1.27005e+07
0,0,0,3.1037e+08,0,2.88378e+07,0,0,1.27005e+07
0,0,0,3.1037e+08,0,3.10402e+07,0,0,1.27005e+07
0,0,0,3.1037e+08,0,3.10398e+07,0,0,1.27005e+07
0,0,0,3.1037e+08,0,3.10394e+07,0,0,1.27005e+07
0,0,0,3.1037e+08,0,3.1039e+07,0,0,1.27005e+07
0,0,0,3.1037e+08,0,3.10386e+07,0,0,1.27005e+07
0,0,0,3.1037e+08,0,2.9817e+07,0,0,1.27005e+07
0,0,0,3.1037e+08,0,2.98166e+07,0,0,1.27005e+07
0,0,0,3.1037e+08,0,2.98162e+07,0,0,1.27005e+07
0,0,0,3.1037e+08,0,2.98158e+07,0,0,1.27005e+07
0,0,0,3.1037e+08,0,2.87461e+07,0,0,1.27005e+07
0,0,0,3.1037e+08,0,2.87457e+07,0,0,1.27005e+07
0,0,0,3.1037e+08,0,2.87453e+07,0,0,1.27005e+07
