0st_vol,0capacity,0net_inf,0st_rof,0lt_rof,0rest_demand,0unrest_demand,0unfulf_demand,0wastewater,0treat_capacity,0agg_price,0res_price,0gross_rev,0drought_cost,0cont_contrib,0debt_serv,0infra_npv,1st_vol,1capacity,1net_inf,1st_rof,1lt_rof,1rest_demand,1unrest_demand,1unfulf_demand,1wastewater,1treat_capacity,1agg_price,1res_price,1gross_rev,1drought_cost,1cont_contrib,1debt_serv,1infra_npv
85.139,85.139,7.24498,0,0,2.46977,2.46977,0,0,4.47552,4.11084e+06,2.81318e+06,1.01528e+07,0,0,0,0,80.8192,79.791,7.5983,0,0,1.12031,1.12031,0,0,2.1168,8.54316e+06,3.7602e+06,9.57096e+06,0,0,0,0
85.139,85.139,5.41276,0,0,2.4707,2.4707,0,0.462835,4.47552,4.11084e+06,2.81318e+06,1.01566e+07,0,0,0,0,80.8192,79.791,6.25255,0,0,1.12073,1.12073,0,0.865549,2.1168,8.54316e+06,3.7602e+06,9.57454e+06,0,0,0,0
85.139,85.139,5.49289,0,0,2.47162,2.47162,0,0.463009,4.47552,4.11084e+06,2.81318e+06,1.01604e+07,0,0,0,0,80.8192,79.791,6.88876,0,0,1.12115,1.12115,0,0.865873,2.1168,8.54316e+06,3.7602e+06,9.57813e+06,0,0,0,0
85.139,85.139,4.28504,0,0,2.47255,2.47255,0,0.463182,4.47552,4.11084e+06,2.81318e+06,1.01643e+07,0,0,0,0,80.8192,79.791,5.21568,0,0,1.12157,1.12157,0,0.866197,2.1168,8.54316e+06,3.7602e+06,9.58172e+06,0,0,0,0
85.139,85.139,5.12519,0,0,2.71473,2.71473,0,0.463356,4.47552,4.11084e+06,2.81318e+06,1.11598e+07,0,0,0,0,80.8192,79.791,5.72436,0,0,1.25391,1.25391,0,0.866522,2.1168,8.54316e+06,3.7602e+06,1.07123e+07,0,0,0,0
85.139,85.139,4.19542,0,0,2.71575,2.71575,0,0.508741,4.47552,4.11084e+06,2.81318e+06,1.1164e+07,0,0,0,0,80.8192,79.791,5.27327,0,0,1.25438,1.25438,0,0.968769,2.1168,8.54316e+06,3.7602e+06,1.07163e+07,0,0,0,0
85.139,85.139,3.59839,0,0,2.71677,2.71677,0,0.508931,4.47552,4.11084e+06,2.81318e+06,1.11682e+07,0,0,0,0,80.8192,79.791,3.79157,0,0,1.25485,1.25485,0,0.969131,2.1168,8.54316e+06,3.7602e+06,1.07204e+07,0,0,0,0
85.139,85.139,6.42377,0,0,2.71778,2.71778,0,0.509122,4.47552,4.11084e+06,2.81318e+06,1.11724e+07,0,0,0,0,80.8192,79.791,5.48562,0,0,1.25532,1.25532,0,0.969494,2.1168,8.54316e+06,3.7602e+06,1.07244e+07,0,0,0,0
85.139,85.139,7.04925,0,0,2.37417,2.37417,0,0.509312,4.47552,4.11084e+06,2.81318e+06,9.75985e+06,0,0,0,0,80.8192,79.791,8.41958,0,0,1.07848,1.07848,0,0.969857,2.1168,8.54316e+06,3.7602e+06,9.21363e+06,0,0,0,0
85.139,85.139,7.74761,0,0,2.37506,2.37506,0,0.44492,4.47552,4.11084e+06,2.81318e+06,9.7635e+06,0,0,0,0,80.8192,79.791,9.8111,0,0,1.07888,1.07888,0,0.833234,2.1168,8.54316e+06,3.7602e+06,9.21708e+06,0,0,0,0
85.139,85.139,7.73893,0,0,2.37595,2.37595,0,0.445087,4.47552,4.11084e+06,2.81318e+06,9.76716e+06,0,0,0,0,80.8192,79.791,9.59519,0,0,1.07929,1.07929,0,0.833546,2.1168,8.54316e+06,3.7602e+06,9.22053e+06,0,0,0,0
85.139,85.139,6.70633,0,0,2.37684,2.37684,0,0.445253,4.47552,4.11084e+06,2.81318e+06,9.77081e+06,0,0,0,0,80.8192,79.791,7.97239,0,0,1.07969,1.07969,0,0.833858,2.1168,8.54316e+06,3.7602e+06,9.22398e+06,0,0,0,0
85.139,85.139,7.67094,0,0,2.37773,2.37773,0,0.44542,4.47552,4.11084e+06,2.81318e+06,9.77447e+06,0,0,0,0,80.8192,79.791,8.27907,0,0,1.0801,1.0801,0,0.83417,2.1168,8.54316e+06,3.7602e+06,9.22743e+06,0,0,0,0
85.139,85.139,9.53316,0,0,2.46553,2.46553,0,0.445587,4.47552,4.11084e+06,2.81318e+06,1.01354e+07,0,0,0,0,80.8192,79.791,8.2502,0,0,1.12396,1.12396,0,0.834482,2.1168,8.54316e+06,3.7602e+06,9.60214e+06,0,0,0,0
85.139,85.139,8.22599,0,0,2.46645,2.46645,0,0.46204,4.47552,4.11084e+06,2.81318e+06,1.01392e+07,0,0,0,0,80.8192,79.791,9.03324,0,0,1.12438,1.12438,0,0.868369,2.1168,8.54316e+06,3.7602e+06,9.60573e+06,0,0,0,0
85.139,85.139,7.81228,0,0,2.46737,2.46737,0,0.462213,4.47552,4.11084e+06,2.81318e+06,1.0143e+07,0,0,0,0,80.8192,79.791,12.2243,0,0,1.1248,1.1248,0,0.868693,2.1168,8.54316e+06,3.7602e+06,9.60933e+06,0,0,0,0
85.139,85.139,6.56373,0,0,2.4683,2.4683,0,0.462386,4.47552,4.11084e+06,2.81318e+06,1.01468e+07,0,0,0,0,80.8192,79.791,5.83015,0,0,1.12522,1.12522,0,0.869018,2.1168,8.54316e+06,3.7602e+06,9.61292e+06,0,0,0,0
85.139,85.139,5.92006,0,0,2.43519,2.43519,0,0.462559,4.47552,4.11084e+06,2.81318e+06,1.00107e+07,0,0,0,0,80.8192,79.791,5.87399,0,0,1.10874,1.10874,0,0.869343,2.1168,8.54316e+06,3.7602e+06,9.4721e+06,0,0,0,0
85.139,85.139,4.95043,0,0,2.4361,2.4361,0,0.456354,4.47552,4.11084e+06,2.81318e+06,1.00144e+07,0,0,0,0,80.8192,79.791,4.77949,0,0,1.10915,1.10915,0,0.856609,2.1168,8.54316e+06,3.7602e+06,9.47565e+06,0,0,0,0
85.139,85.139,4.63423,0,0,2.43701,2.43701,0,0.456525,4.47552,4.11084e+06,2.81318e+06,1.00181e+07,0,0,0,0,80.8192,79.791,4.15436,0,0,1.10956,1.10956,0,0.856929,2.1168,8.54316e+06,3.7602e+06,9.47919e+06,0,0,0,0
85.139,85.139,4.23559,0,0,2.43792,2.43792,0,0.456695,4.47552,4.11084e+06,2.81318e+06,1.00219e+07,0,0,0,0,80.8192,79.791,3.93239,0,0,1.10998,1.10998,0,0.857249,2.1168,8.54316e+06,3.7602e+06,9.48273e+06,0,0,0,0
85.139,85.139,4.17721,0,0,2.55452,2.55452,0,0.456866,4.47552,4.11084e+06,2.81318e+06,1.05012e+07,0,0,0,0,80.8192,79.791,4.40907,0,0,1.17043,1.17043,0,0.85757,2.1168,8.54316e+06,3.7602e+06,9.99915e+06,0,0,0,0
85.139,85.139,4.28282,0,0,2.55548,2.55548,0,0.478717,4.47552,4.11084e+06,2.81318e+06,1.05052e+07,0,0,0,0,80.8192,79.791,4.21995,0,0,1.17086,1.17086,0,0.904272,2.1168,8.54316e+06,3.7602e+06,1.00029e+07,0,0,0,0
85.139,85.139,3.97934,0,0,2.55643,2.55643,0,0.478896,4.47552,4.11084e+06,2.81318e+06,1.05091e+07,0,0,0,0,80.8192,79.791,3.7944,0,0,1.1713,1.1713,0,0.90461,2.1168,8.54316e+06,3.7602e+06,1.00066e+07,0,0,0,0
85.139,85.139,3.76475,0,0,2.55739,2.55739,0,0.479075,4.47552,4.11084e+06,2.81318e+06,1.0513e+07,0,0,0,0,80.8192,79.791,3.45865,0,0,1.17174,1.17174,0,0.904948,2.1168,8.54316e+06,3.7602e+06,1.00104e+07,0,0,0,0
85.139,85.139,3.37418,0,0,2.55834,2.55834,0,0.479254,4.47552,4.11084e+06,2.81318e+06,1.05169e+07,0,0,0,0,80.8192,79.791,3.16542,0,0,1.17218,1.17218,0,0.905286,2.1168,8.54316e+06,3.7602e+06,1.00141e+07,0,0,0,0
84.8017,85.139,2.44949,0,0,2.53637,2.53637,0,0.479433,4.47552,4.11084e+06,2.81318e+06,1.04266e+07,0,0,0,0,80.8192,79.791,2.34169,0,0,1.20567,1.20567,0,0.905624,2.1168,8.54316e+06,3.7602e+06,1.03003e+07,0,0,0,0
84.3733,85.139,2.33039,0,0,2.53732,2.53732,0,0.475317,4.47552,4.11084e+06,2.81318e+06,1.04305e+07,0,0,0,0,80.8192,79.791,2.26309,0,0,1.20612,1.20612,0,0.931503,2.1168,8.54316e+06,3.7602e+06,1.03041e+07,0,0,0,0
83.6629,85.139,2.02216,0,0,2.53827,2.53827,0,0.475494,4.47552,4.11084e+06,2.81318e+06,1.04344e+07,0,0,0,0,80.8192,79.791,2.17656,0,0,1.20657,1.20657,0,0.93185,2.1168,8.54316e+06,3.7602e+06,1.0308e+07,0,0,0,0
82.9319,85.139,1.98929,0,0,2.53922,2.53922,0,0.475672,4.47552,4.11084e+06,2.81318e+06,1.04383e+07,0,0,0,0,80.8192,79.791,2.23595,0,0,1.20702,1.20702,0,0.932198,2.1168,8.54316e+06,3.7602e+06,1.03118e+07,0,0,0,0
82.1615,85.139,1.98134,0,0,2.59945,2.59945,0,0.475849,4.47552,4.11084e+06,2.81318e+06,1.06859e+07,0,0,0,0,80.8192,79.791,2.21466,0,0,1.23698,1.23698,0,0.932546,2.1168,8.54316e+06,3.7602e+06,1.05677e+07,0,0,0,0
81.4229,85.139,1.99903,0,0,2.60042,2.60042,0,0.487136,4.47552,4.11084e+06,2.81318e+06,1.06899e+07,0,0,0,0,80.8192,79.791,2.2742,0,0,1.23744,1.23744,0,0.95569,2.1168,8.54316e+06,3.7602e+06,1.05717e+07,0,0,0,0
80.4705,85.139,1.77588,0,0,2.60139,2.60139,0,0.487318,4.47552,4.11084e+06,2.81318e+06,1.06939e+07,0,0,0,0,80.8192,79.791,2.15811,0,0,1.2379,1.2379,0,0.956047,2.1168,8.54316e+06,3.7602e+06,1.05756e+07,0,0,0,0
79.3794,85.139,1.62626,0,0,2.60236,2.60236,0,0.4875,4.47552,4.11084e+06,2.81318e+06,1.06979e+07,0,0,0,0,80.8192,79.791,2.01501,0,0,1.23837,1.23837,0,0.956404,2.1168,8.54316e+06,3.7602e+06,1.05796e+07,0,0,0,0
78.0532,85.139,1.50596,0,0,2.77719,2.77719,0,0.487682,4.47552,4.11084e+06,2.81318e+06,1.14166e+07,0,0,0,0,80.726,79.791,1.89558,0,0,1.34548,1.34548,0,0.956761,2.1168,8.54316e+06,3.7602e+06,1.14947e+07,0,0,0,0
76.8767,85.139,1.65699,0,0,2.77823,2.77823,0,0.520446,4.47552,4.11084e+06,2.81318e+06,1.14209e+07,0,0,0,0,80.3783,79.791,1.98843,0,0,1.34599,1.34599,0,1.03952,2.1168,8.54316e+06,3.7602e+06,1.1499e+07,0,0,0,0
75.4296,85.139,1.37194,0,0,2.77927,2.77927,0,0.52064,4.47552,4.11084e+06,2.81318e+06,1.14251e+07,0,0,0,0,80.2399,79.791,1.39431,0,0,1.34649,1.34649,0,1.03991,2.1168,8.54316e+06,3.7602e+06,1.15033e+07,0,0,0,0
74.3078,85.139,1.68644,0,0,2.7803,2.7803,0,0.520835,4.47552,4.11084e+06,2.81318e+06,1.14294e+07,0,0,0,0,80.3038,79.791,2.63417,0,0,1.34699,1.34699,0,1.0403,2.1168,8.54316e+06,3.7602e+06,1.15076e+07,0,0,0,0
72.9306,85.139,1.40688,0,0,2.78134,2.78134,0,0.521029,4.47552,4.11084e+06,2.81318e+06,1.14336e+07,0,0,0,0,80.2398,79.791,1.89133,0,0,1.34749,1.34749,0,1.04069,2.1168,8.54316e+06,3.7602e+06,1.15119e+07,0,0,0,0
71.8429,85.139,1.69612,0,0,2.69748,2.69748,0,0.521223,4.47552,4.11084e+06,2.81318e+06,1.10889e+07,0,0,0,0,80.4694,79.791,2.43186,0,0,1.28314,1.28314,0,1.04107,2.1168,8.54316e+06,3.7602e+06,1.09621e+07,0,0,0,0
70.652,85.139,1.51427,0,0,2.69849,2.69849,0,0.505509,4.47552,4.11084e+06,2.81318e+06,1.10931e+07,0,0,0,0,80.7082,79.791,2.0308,0,0,1.28362,1.28362,0,0.991353,2.1168,8.54316e+06,3.7602e+06,1.09661e+07,0,0,0,0
71.704,85.139,3.88479,0,0,2.6995,2.6995,0,0.505697,4.47552,4.11084e+06,2.81318e+06,1.10972e+07,0,0,0,0,80.8192,79.791,4.70161,0,0,1.2841,1.2841,0,0.991722,2.1168,8.54316e+06,3.7602e+06,1.09702e+07,0,0,0,0
71.7181,85.139,2.97327,0,0,2.7005,2.7005,0,0.505886,4.47552,4.11084e+06,2.81318e+06,1.11013e+07,0,0,0,0,80.8192,79.791,2.8311,0,0,1.28457,1.28457,0,0.992092,2.1168,8.54316e+06,3.7602e+06,1.09743e+07,0,0,0,0
73.0733,85.139,4.18501,0,0,2.63172,2.63172,0,0.506074,4.47552,4.11084e+06,2.81318e+06,1.08186e+07,0,0,0,0,80.8192,79.791,3.22317,0,0,1.22593,1.22593,0,0.992462,2.1168,8.54316e+06,3.7602e+06,1.04733e+07,0,0,0,0
73.196,85.139,2.96701,0,0,2.6327,2.6327,0,0.493185,4.47552,4.11084e+06,2.81318e+06,1.08226e+07,0,0,0,0,80.8192,79.791,2.67627,0,0,1.22638,1.22638,0,0.947152,2.1168,8.54316e+06,3.7602e+06,1.04772e+07,0,0,0,0
74.2234,85.139,3.96333,0,0,2.63368,2.63368,0,0.493369,4.47552,4.11084e+06,2.81318e+06,1.08267e+07,0,0,0,0,80.8192,79.791,2.84603,0,0,1.22684,1.22684,0,0.947505,2.1168,8.54316e+06,3.7602e+06,1.04811e+07,0,0,0,0
76.4728,85.139,5.21037,0,0,2.63467,2.63467,0,0.493552,4.47552,4.11084e+06,2.81318e+06,1.08307e+07,0,0,0,0,80.8192,79.791,3.50073,0,0,1.2273,1.2273,0,0.947858,2.1168,8.54316e+06,3.7602e+06,1.0485e+07,0,0,0,0
77.9235,85.139,4.38573,0,0,2.43715,2.43715,0,0.493736,4.47552,4.11084e+06,2.81318e+06,1.00187e+07,0,0,0,0,80.8192,79.791,3.90646,0,0,1.10443,1.10443,0,0.948211,2.1168,8.54316e+06,3.7602e+06,9.43534e+06,0,0,0,0
77.5369,85.139,2.49259,0,0,2.43806,2.43806,0,0.456722,4.47552,4.11084e+06,2.81318e+06,1.00225e+07,0,0,0,0,80.8192,79.791,3.28036,0,0,1.10484,1.10484,0,0.853284,2.1168,8.54316e+06,3.7602e+06,9.43886e+06,0,0,0,0
79.2099,85.139,4.53551,0,0,2.43897,2.43897,0,0.456893,4.47552,4.11084e+06,2.81318e+06,1.00262e+07,0,0,0,0,80.8192,79.791,3.5161,0,0,1.10525,1.10525,0,0.853602,2.1168,8.54316e+06,3.7602e+06,9.44237e+06,0,0,0,0
80.7799,85.139,4.64063,0,0,2.43988,2.43988,0,0.457063,4.47552,4.11084e+06,2.81318e+06,1.00299e+07,0,0,0,0,80.7966,79.791,3.6369,0,0,1.10567,1.10567,0,0.85392,2.1168,8.54316e+06,3.7602e+06,9.44589e+06,0,0,0,0
80.3758,85.139,2.4241,0,0,2.44079,2.44079,0,0.457233,4.47552,4.11084e+06,2.81318e+06,1.00337e+07,0,0,0,0,80.8192,79.791,2.14999,0,0,1.10608,1.10608,0,0.854238,2.1168,8.54316e+06,3.7602e+06,9.44941e+06,0,0,0,0
79.0681,85.139,1.5047,0,0,2.51817,2.51817,0,0.457403,4.47552,4.11084e+06,2.81318e+06,1.03518e+07,0,0,0,0,80.8192,79.791,2.62729,0,0,1.14226,1.14226,0,0.854556,2.1168,8.54316e+06,3.7602e+06,9.7585e+06,0,0,0,0
78.1066,85.139,1.82777,0,0,2.51908,2.51908,0,0.471905,4.47552,4.11084e+06,2.81318e+06,1.03555e+07,0,0,0,0,80.8192,79.791,2.94343,0,0,1.14267,1.14267,0,0.882509,2.1168,8.54316e+06,3.7602e+06,9.76202e+06,0,0,0,0
78.2192,85.139,2.9549,0,0,2.51999,2.51999,0,0.472075,4.47552,4.11084e+06,2.81318e+06,1.03593e+07,0,0,0,0,80.8192,79.791,3.40474,0,0,1.14308,1.14308,0,0.882828,2.1168,8.54316e+06,3.7602e+06,9.76554e+06,0,0,0,0
79.4857,85.139,4.26452,0,0,2.52089,2.52089,0,0.472245,4.47552,4.11084e+06,2.81318e+06,1.0363e+07,0,0,0,0,80.8192,79.791,3.27057,0,0,1.1435,1.1435,0,0.883146,2.1168,8.54316e+06,3.7602e+06,9.76907e+06,0,0,0,0
79.8629,85.139,3.60038,0,0,2.76777,2.76777,0,0.472416,4.47552,4.11084e+06,2.81318e+06,1.13779e+07,0,0,0,0,80.8192,79.791,4.4073,0,0,1.27841,1.27841,0,0.883465,2.1168,8.54316e+06,3.7602e+06,1.09216e+07,0,0,0,0
80.1791,85.139,3.5019,0,0,2.76877,2.76877,0,0.518681,4.47552,4.11084e+06,2.81318e+06,1.1382e+07,0,0,0,0,80.8192,79.791,3.9251,0,0,1.27887,1.27887,0,0.987697,2.1168,8.54316e+06,3.7602e+06,1.09256e+07,0,0,0,0
79.7268,85.139,2.67138,0,0,2.76977,2.76977,0,0.518868,4.47552,4.11084e+06,2.81318e+06,1.13861e+07,0,0,0,0,80.8192,79.791,2.82041,0,0,1.27933,1.27933,0,0.988053,2.1168,8.54316e+06,3.7602e+06,1.09295e+07,0,0,0,0
80.2855,85.139,3.74737,0,0,2.77077,2.77077,0,0.519055,4.47552,4.11084e+06,2.81318e+06,1.13902e+07,0,0,0,0,80.8192,79.791,2.99764,0,0,1.27979,1.27979,0,0.98841,2.1168,8.54316e+06,3.7602e+06,1.09335e+07,0,0,0,0
82.4238,85.139,5.38797,0,0,2.42043,2.42043,0,0.519242,4.47552,4.11084e+06,2.81318e+06,9.95e+06,0,0,0,0,80.8192,79.791,6.03563,0,0,1.09949,1.09949,0,0.988766,2.1168,8.54316e+06,3.7602e+06,9.39314e+06,0,0,0,0
85.139,85.139,6.60325,0,0,2.4213,2.4213,0,0.453588,4.47552,4.11084e+06,2.81318e+06,9.95358e+06,0,0,0,0,80.8192,79.791,9.8183,0,0,1.09989,1.09989,0,0.849467,2.1168,8.54316e+06,3.7602e+06,9.39652e+06,0,0,0,0
85.139,85.139,7.94777,0,0,2.42217,2.42217,0,0.453752,4.47552,4.11084e+06,2.81318e+06,9.95717e+06,0,0,0,0,80.8192,79.791,11.2018,0,0,1.10028,1.10028,0,0.849774,2.1168,8.54316e+06,3.7602e+06,9.39991e+06,0,0,0,0
85.139,85.139,6.15468,0,0,2.42305,2.42305,0,0.453915,4.47552,4.11084e+06,2.81318e+06,9.96076e+06,0,0,0,0,80.8192,79.791,7.9564,0,0,1.10068,1.10068,0,0.85008,2.1168,8.54316e+06,3.7602e+06,9.4033e+06,0,0,0,0
85.139,85.139,5.80446,0,0,2.42392,2.42392,0,0.454079,4.47552,4.11084e+06,2.81318e+06,9.96435e+06,0,0,0,0,80.8192,79.791,7.40311,0,0,1.10108,1.10108,0,0.850386,2.1168,8.54316e+06,3.7602e+06,9.40669e+06,0,0,0,0
85.139,85.139,3.2562,0,0,2.51339,2.51339,0,0.454243,4.47552,4.11084e+06,2.81318e+06,1.03321e+07,0,0,0,0,80.8192,79.791,4.81692,0,0,1.14577,1.14577,0,0.850693,2.1168,8.54316e+06,3.7602e+06,9.78854e+06,0,0,0,0
85.139,85.139,4.48399,0,0,2.5143,2.5143,0,0.471009,4.47552,4.11084e+06,2.81318e+06,1.03359e+07,0,0,0,0,80.8192,79.791,7.24551,0,0,1.14619,1.14619,0,0.885226,2.1168,8.54316e+06,3.7602e+06,9.79207e+06,0,0,0,0
85.139,85.139,4.51481,0,0,2.5152,2.5152,0,0.471179,4.47552,4.11084e+06,2.81318e+06,1.03396e+07,0,0,0,0,80.8192,79.791,8.30288,0,0,1.1466,1.1466,0,0.885545,2.1168,8.54316e+06,3.7602e+06,9.79559e+06,0,0,0,0
85.139,85.139,3.32269,0,0,2.51611,2.51611,0,0.471349,4.47552,4.11084e+06,2.81318e+06,1.03433e+07,0,0,0,0,80.8192,79.791,5.76383,0,0,1.14701,1.14701,0,0.885864,2.1168,8.54316e+06,3.7602e+06,9.79912e+06,0,0,0,0
85.139,85.139,3.61824,0,0,2.48232,2.48232,0,0.471519,4.47552,4.11084e+06,2.81318e+06,1.02044e+07,0,0,0,0,80.8192,79.791,5.88432,0,0,1.1302,1.1302,0,0.886183,2.1168,8.54316e+06,3.7602e+06,9.65545e+06,0,0,0,0
85.139,85.139,3.19892,0,0,2.48322,2.48322,0,0.465187,4.47552,4.11084e+06,2.81318e+06,1.02081e+07,0,0,0,0,80.8192,79.791,4.89508,0,0,1.1306,1.1306,0,0.873189,2.1168,8.54316e+06,3.7602e+06,9.65892e+06,0,0,0,0
84.8874,85.139,2.65831,0,0,2.48411,2.48411,0,0.465355,4.47552,4.11084e+06,2.81318e+06,1.02118e+07,0,0,0,0,80.8192,79.791,4.46943,0,0,1.13101,1.13101,0,0.873504,2.1168,8.54316e+06,3.7602e+06,9.6624e+06,0,0,0,0
84.397,85.139,2.41291,0,0,2.48501,2.48501,0,0.465522,4.47552,4.11084e+06,2.81318e+06,1.02155e+07,0,0,0,0,80.8192,79.791,3.56848,0,0,1.13142,1.13142,0,0.873818,2.1168,8.54316e+06,3.7602e+06,9.66588e+06,0,0,0,0
84.3509,85.139,2.94429,0,0,2.60382,2.60382,0,0.46569,4.47552,4.11084e+06,2.81318e+06,1.07039e+07,0,0,0,0,80.8192,79.791,4.069,0,0,1.19302,1.19302,0,0.874133,2.1168,8.54316e+06,3.7602e+06,1.01921e+07,0,0,0,0
83.9166,85.139,2.42795,0,0,2.60476,2.60476,0,0.487957,4.47552,4.11084e+06,2.81318e+06,1.07078e+07,0,0,0,0,80.8192,79.791,3.79251,0,0,1.19345,1.19345,0,0.921725,2.1168,8.54316e+06,3.7602e+06,1.01958e+07,0,0,0,0
83.4493,85.139,2.38329,0,0,2.6057,2.6057,0,0.488132,4.47552,4.11084e+06,2.81318e+06,1.07116e+07,0,0,0,0,80.8192,79.791,3.83411,0,0,1.19388,1.19388,0,0.922057,2.1168,8.54316e+06,3.7602e+06,1.01995e+07,0,0,0,0
82.7384,85.139,2.13932,0,0,2.60664,2.60664,0,0.488308,4.47552,4.11084e+06,2.81318e+06,1.07155e+07,0,0,0,0,80.8192,79.791,3.89296,0,0,1.19431,1.19431,0,0.922388,2.1168,8.54316e+06,3.7602e+06,1.02031e+07,0,0,0,0
81.9425,85.139,2.04253,0,0,2.60757,2.60757,0,0.488484,4.47552,4.11084e+06,2.81318e+06,1.07193e+07,0,0,0,0,80.8192,79.791,3.83707,0,0,1.19474,1.19474,0,0.92272,2.1168,8.54316e+06,3.7602e+06,1.02068e+07,0,0,0,0
81.0835,85.139,1.91217,0,0,2.58515,2.58515,0,0.488659,4.47552,4.11084e+06,2.81318e+06,1.06271e+07,0,0,0,0,80.8192,79.791,3.65404,0,0,1.22886,1.22886,0,0.923052,2.1168,8.54316e+06,3.7602e+06,1.04983e+07,0,0,0,0
80.1325,85.139,1.81647,0,0,2.58608,2.58608,0,0.484457,4.47552,4.11084e+06,2.81318e+06,1.0631e+07,0,0,0,0,80.8192,79.791,3.4296,0,0,1.2293,1.2293,0,0.949416,2.1168,8.54316e+06,3.7602e+06,1.05021e+07,0,0,0,0
79.0358,85.139,1.66298,0,0,2.58701,2.58701,0,0.484631,4.47552,4.11084e+06,2.81318e+06,1.06348e+07,0,0,0,0,80.8192,79.791,3.44045,0,0,1.22974,1.22974,0,0.949757,2.1168,8.54316e+06,3.7602e+06,1.05059e+07,0,0,0,0
77.7934,85.139,1.50202,0,0,2.58794,2.58794,0,0.484806,4.47552,4.11084e+06,2.81318e+06,1.06386e+07,0,0,0,0,80.8192,79.791,3.07673,0,0,1.23018,1.23018,0,0.950099,2.1168,8.54316e+06,3.7602e+06,1.05097e+07,0,0,0,0
76.4078,85.139,1.38252,0,0,2.64929,2.64929,0,0.48498,4.47552,4.11084e+06,2.81318e+06,1.08908e+07,0,0,0,0,80.8192,79.791,2.63414,0,0,1.2607,1.2607,0,0.95044,2.1168,8.54316e+06,3.7602e+06,1.07703e+07,0,0,0,0
74.9623,85.139,1.30584,0,0,2.65024,2.65024,0,0.496477,4.47552,4.11084e+06,2.81318e+06,1.08947e+07,0,0,0,0,80.8192,79.791,2.41136,0,0,1.26115,1.26115,0,0.974015,2.1168,8.54316e+06,3.7602e+06,1.07742e+07,0,0,0,0
73.4165,85.139,1.18878,0,0,2.65119,2.65119,0,0.496655,4.47552,4.11084e+06,2.81318e+06,1.08986e+07,0,0,0,0,80.8192,79.791,2.10121,0,0,1.2616,1.2616,0,0.974365,2.1168,8.54316e+06,3.7602e+06,1.07781e+07,0,0,0,0
72.0339,85.139,1.33563,0,0,2.65215,2.65215,0,0.496834,4.47552,4.11084e+06,2.81318e+06,1.09026e+07,0,0,0,0,80.8192,79.791,2.77823,0,0,1.26206,1.26206,0,0.974716,2.1168,8.54316e+06,3.7602e+06,1.0782e+07,0,0,0,0
70.4359,85.139,1.2438,0,0,2.83029,2.83029,0,0.497012,4.47552,4.11084e+06,2.81318e+06,1.16349e+07,0,0,0,0,80.416,79.791,2.44998,0,0,1.37121,1.37121,0,0.975066,2.1168,8.54316e+06,3.7602e+06,1.17145e+07,0,0,0,0
68.6313,85.139,1.0122,0,0,2.83131,2.83131,0,0.530396,4.47552,4.11084e+06,2.81318e+06,1.16391e+07,0,0,0,0,80.2396,79.791,1.3969,0,0,1.3717,1.3717,0,1.0594,2.1168,8.54316e+06,3.7602e+06,1.17187e+07,0,0,0,0
66.9568,85.139,1.14042,0,0,2.83232,2.83232,0,0.530587,4.47552,4.11084e+06,2.81318e+06,1.16432e+07,0,0,0,0,79.8061,79.791,1.72433,0,0,1.37219,1.37219,0,1.05978,2.1168,8.54316e+06,3.7602e+06,1.17229e+07,0,0,0,0
65.0727,85.139,0.919619,0,0,2.83334,2.83334,0,0.530778,4.47552,4.11084e+06,2.81318e+06,1.16474e+07,0,0,0,0,79.7586,79.791,1.25022,0,0,1.37269,1.37269,0,1.06016,2.1168,8.54316e+06,3.7602e+06,1.17271e+07,0,0,0,0
63.4053,85.139,1.11094,0.01,0,2.83436,2.83436,0,0.530968,4.47552,4.11084e+06,2.81318e+06,1.16516e+07,0,0,0,0,79.3586,79.791,2.15959,0,0,1.37318,1.37318,0,1.06054,2.1168,8.54316e+06,3.7602e+06,1.17313e+07,0,0,0,0
61.7587,85.139,1.10244,0.01,0,2.74887,2.74887,0,0.531159,4.47552,4.11084e+06,2.81318e+06,1.13002e+07,0,0,0,0,79.5574,79.791,1.42033,0,0,1.30758,1.30758,0,1.06092,2.1168,8.54316e+06,3.7602e+06,1.11709e+07,0,0,0,0
60.7563,85.139,1.72132,0,0,2.74986,2.74986,0,0.515138,4.47552,4.11084e+06,2.81318e+06,1.13042e+07,0,0,0,0,79.6017,79.791,2.28007,0,0,1.30805,1.30805,0,1.01024,2.1168,8.54316e+06,3.7602e+06,1.11749e+07,0,0,0,0
59.027,85.139,1.00884,0.01,0,2.75084,2.75084,0,0.515323,4.47552,4.11084e+06,2.81318e+06,1.13083e+07,0,0,0,0,79.2125,79.791,1.51873,0,0,1.30852,1.30852,0,1.0106,2.1168,8.54316e+06,3.7602e+06,1.11789e+07,0,0,0,0
57.2511,85.139,0.897588,0.02,0,2.75183,2.75183,0,0.515508,4.47552,4.11084e+06,2.81318e+06,1.13123e+07,0,0,0,0,78.9943,79.791,1.31493,0,0,1.30899,1.30899,0,1.01096,2.1168,8.54316e+06,3.7602e+06,1.11829e+07,0,0,0,0
55.7307,85.139,1.15871,0.02,0,2.68171,2.68171,0,0.515693,4.47552,4.11084e+06,2.81318e+06,1.10241e+07,0,0,0,0,79.4535,79.791,1.61769,0,0,1.24921,1.24921,0,1.01133,2.1168,8.54316e+06,3.7602e+06,1.06722e+07,0,0,0,0
55.3866,85.139,2.34257,0.02,0,2.68267,2.68267,0,0.502552,4.47552,4.11084e+06,2.81318e+06,1.1028e+07,0,0,0,0,80.4504,79.791,3.04496,0,0,1.24966,1.24966,0,0.965141,2.1168,8.54316e+06,3.7602e+06,1.0676e+07,0,0,0,0
54.3,85.139,1.54992,0.02,0,2.68363,2.68363,0,0.502732,4.47552,4.11084e+06,2.81318e+06,1.1032e+07,0,0,0,0,80.6423,79.791,2.98354,0,0,1.25011,1.25011,0,0.965487,2.1168,8.54316e+06,3.7602e+06,1.06799e+07,0,0,0,0
53.8722,85.139,2.30574,0.02,0,2.6846,2.6846,0,0.502913,4.47552,4.11084e+06,2.81318e+06,1.10359e+07,0,0,0,0,80.8192,79.791,2.50325,0,0,1.25056,1.25056,0,0.965834,2.1168,8.54316e+06,3.7602e+06,1.06837e+07,0,0,0,0
55.8988,85.139,4.76273,0.02,0,2.48331,2.48331,0,0.503093,4.47552,4.11084e+06,2.81318e+06,1.02085e+07,0,0,0,0,80.4306,79.791,3.51401,0,0,1.12535,1.12535,0,0.966181,2.1168,8.54316e+06,3.7602e+06,9.61402e+06,0,0,0,0
57.0644,85.139,3.82696,0.02,0,2.4842,2.4842,0,0.465372,4.47552,4.11084e+06,2.81318e+06,1.02121e+07,0,0,0,0,80.8192,79.791,1.95481,0,0,1.12575,1.12575,0,0.869443,2.1168,8.54316e+06,3.7602e+06,9.61747e+06,0,0,0,0
60.4088,85.139,6.11656,0.02,0,2.48509,2.48509,0,0.465539,4.47552,4.11084e+06,2.81318e+06,1.02158e+07,0,0,0,0,80.8192,79.791,3.14521,0,0,1.12615,1.12615,0,0.869755,2.1168,8.54316e+06,3.7602e+06,9.62092e+06,0,0,0,0
61.3599,85.139,3.72125,0.01,0,2.48598,2.48598,0,0.465706,4.47552,4.11084e+06,2.81318e+06,1.02195e+07,0,0,0,0,80.8192,79.791,3.16712,0,0,1.12656,1.12656,0,0.870067,2.1168,8.54316e+06,3.7602e+06,9.62437e+06,0,0,0,0
63.9271,85.139,5.40882,0,0,2.48687,2.48687,0,0.465873,4.47552,4.11084e+06,2.81318e+06,1.02231e+07,0,0,0,0,80.8192,79.791,4.12302,0,0,1.12696,1.12696,0,0.870379,2.1168,8.54316e+06,3.7602e+06,9.62783e+06,0,0,0,0
64.5206,85.139,3.4456,0,0,2.56568,2.56568,0,0.46604,4.47552,4.11084e+06,2.81318e+06,1.05471e+07,0,0,0,0,80.8069,79.791,3.31795,0,0,1.16381,1.16381,0,0.870692,2.1168,8.54316e+06,3.7602e+06,9.94262e+06,0,0,0,0
64.1299,85.139,2.43581,0,0,2.56657,2.56657,0,0.480808,4.47552,4.11084e+06,2.81318e+06,1.05508e+07,0,0,0,0,80.5921,79.791,3.06357,0,0,1.16421,1.16421,0,0.89916,2.1168,8.54316e+06,3.7602e+06,9.94607e+06,0,0,0,0
63.3537,85.139,2.0318,0,0,2.56746,2.56746,0,0.480975,4.47552,4.11084e+06,2.81318e+06,1.05544e+07,0,0,0,0,80.8192,79.791,2.59281,0,0,1.16462,1.16462,0,0.899472,2.1168,8.54316e+06,3.7602e+06,9.94952e+06,0,0,0,0
62.9948,85.139,2.42842,0,0,2.56835,2.56835,0,0.481142,4.47552,4.11084e+06,2.81318e+06,1.05581e+07,0,0,0,0,80.8192,79.791,3.62292,0,0,1.16502,1.16502,0,0.899784,2.1168,8.54316e+06,3.7602e+06,9.95297e+06,0,0,0,0
62.048,85.139,2.03323,0,0,2.81984,2.81984,0,0.481309,4.47552,4.11084e+06,2.81318e+06,1.15919e+07,0,0,0,0,80.8192,79.791,3.93363,0,0,1.30245,1.30245,0,0.900096,2.1168,8.54316e+06,3.7602e+06,1.11271e+07,0,0,0,0
60.8365,85.139,1.75121,0,0,2.82082,2.82082,0,0.528438,4.47552,4.11084e+06,2.81318e+06,1.15959e+07,0,0,0,0,80.8192,79.791,3.52711,0,0,1.30291,1.30291,0,1.00628,2.1168,8.54316e+06,3.7602e+06,1.11309e+07,0,0,0,0
60.1107,85.139,2.26292,0,0,2.82179,2.82179,0,0.528621,4.47552,4.11084e+06,2.81318e+06,1.15999e+07,0,0,0,0,80.8192,79.791,4.54961,0,0,1.30336,1.30336,0,1.00663,2.1168,8.54316e+06,3.7602e+06,1.11348e+07,0,0,0,0
59.673,85.139,2.56552,0.01,0,2.82277,2.82277,0,0.528804,4.47552,4.11084e+06,2.81318e+06,1.1604e+07,0,0,0,0,80.8192,79.791,4.34297,0,0,1.30381,1.30381,0,1.00697,2.1168,8.54316e+06,3.7602e+06,1.11387e+07,0,0,0,0
59.4729,85.139,2.48204,0.01,0,2.46582,2.46582,0,0.528988,4.47552,4.11084e+06,2.81318e+06,1.01366e+07,0,0,0,0,80.8192,79.791,3.92327,0,0,1.12011,1.12011,0,1.00732,2.1168,8.54316e+06,3.7602e+06,9.5693e+06,0,0,0,0
61.3946,85.139,4.7367,0.02,0,2.46668,2.46668,0,0.462095,4.47552,4.11084e+06,2.81318e+06,1.01401e+07,0,0,0,0,80.8192,79.791,6.74413,0,0,1.1205,1.1205,0,0.865398,2.1168,8.54316e+06,3.7602e+06,9.57261e+06,0,0,0,0
62.9633,85.139,4.3583,0.01,0,2.46753,2.46753,0,0.462255,4.47552,4.11084e+06,2.81318e+06,1.01436e+07,0,0,0,0,80.8192,79.791,4.64672,0,0,1.12089,1.12089,0,0.865698,2.1168,8.54316e+06,3.7602e+06,9.57593e+06,0,0,0,0
63.7481,85.139,3.55926,0.01,0,2.46839,2.46839,0,0.462415,4.47552,4.11084e+06,2.81318e+06,1.01471e+07,0,0,0,0,80.8192,79.791,3.87257,0,0,1.12128,1.12128,0,0.865998,2.1168,8.54316e+06,3.7602e+06,9.57925e+06,0,0,0,0
65.7064,85.139,4.86295,0.01,0,2.46924,2.46924,0,0.462576,4.47552,4.11084e+06,2.81318e+06,1.01507e+07,0,0,0,0,80.8192,79.791,5.56366,0,0,1.12167,1.12167,0,0.866298,2.1168,8.54316e+06,3.7602e+06,9.58257e+06,0,0,0,0
68.2233,85.139,5.53908,0.01,0,2.56035,2.56035,0,0.462736,4.47552,4.11084e+06,2.81318e+06,1.05252e+07,0,0,0,0,80.8192,79.791,4.10946,0,0,1.16718,1.16718,0,0.866598,2.1168,8.54316e+06,3.7602e+06,9.97142e+06,0,0,0,0
68.7888,85.139,3.47414,0,0,2.56124,2.56124,0,0.479809,4.47552,4.11084e+06,2.81318e+06,1.05288e+07,0,0,0,0,80.8192,79.791,2.82604,0,0,1.16759,1.16759,0,0.901765,2.1168,8.54316e+06,3.7602e+06,9.97488e+06,0,0,0,0
69.5076,85.139,3.64019,0,0,2.56212,2.56212,0,0.479976,4.47552,4.11084e+06,2.81318e+06,1.05325e+07,0,0,0,0,80.7356,79.791,2.79451,0,0,1.16799,1.16799,0,0.902077,2.1168,8.54316e+06,3.7602e+06,9.97833e+06,0,0,0,0
69.6854,85.139,3.09062,0,0,2.56301,2.56301,0,0.480142,4.47552,4.11084e+06,2.81318e+06,1.05361e+07,0,0,0,0,80.8192,79.791,2.46197,0,0,1.16839,1.16839,0,0.902389,2.1168,8.54316e+06,3.7602e+06,9.98179e+06,0,0,0,0
70.257,85.139,3.41822,0,0,2.52856,2.52856,0,0.480308,4.47552,4.11084e+06,2.81318e+06,1.03945e+07,0,0,0,0,80.8192,79.791,3.14128,0,0,1.15125,1.15125,0,0.902702,2.1168,8.54316e+06,3.7602e+06,9.8353e+06,0,0,0,0
70.6441,85.139,3.2157,0,0,2.52944,2.52944,0,0.473852,4.47552,4.11084e+06,2.81318e+06,1.03981e+07,0,0,0,0,80.8192,79.791,2.86934,0,0,1.15165,1.15165,0,0.889454,2.1168,8.54316e+06,3.7602e+06,9.8387e+06,0,0,0,0
70.5569,85.139,2.7224,0,0,2.53031,2.53031,0,0.474016,4.47552,4.11084e+06,2.81318e+06,1.04017e+07,0,0,0,0,80.519,79.791,2.60262,0,0,1.15205,1.15205,0,0.889762,2.1168,8.54316e+06,3.7602e+06,9.84211e+06,0,0,0,0
70.2469,85.139,2.49792,0,0,2.53119,2.53119,0,0.47418,4.47552,4.11084e+06,2.81318e+06,1.04053e+07,0,0,0,0,80.6027,79.791,2.13868,0,0,1.15244,1.15244,0,0.89007,2.1168,8.54316e+06,3.7602e+06,9.84552e+06,0,0,0,0
70.4082,85.139,3.05206,0,0,2.65218,2.65218,0,0.474345,4.47552,4.11084e+06,2.81318e+06,1.09027e+07,0,0,0,0,80.5974,79.791,2.38725,0,0,1.21517,1.21517,0,0.890378,2.1168,8.54316e+06,3.7602e+06,1.03814e+07,0,0,0,0
69.6896,85.139,2.10621,0,0,2.65309,2.65309,0,0.497018,4.47552,4.11084e+06,2.81318e+06,1.09064e+07,0,0,0,0,80.7021,79.791,2.16335,0,0,1.21559,1.21559,0,0.938841,2.1168,8.54316e+06,3.7602e+06,1.0385e+07,0,0,0,0
68.8703,85.139,1.9775,0,0,2.65401,2.65401,0,0.49719,4.47552,4.11084e+06,2.81318e+06,1.09102e+07,0,0,0,0,80.6417,79.791,2.20275,0,0,1.21601,1.21601,0,0.939166,2.1168,8.54316e+06,3.7602e+06,1.03886e+07,0,0,0,0
67.9843,85.139,1.89828,0,0,2.65493,2.65493,0,0.497362,4.47552,4.11084e+06,2.81318e+06,1.0914e+07,0,0,0,0,80.5633,79.791,2.15814,0,0,1.21643,1.21643,0,0.939491,2.1168,8.54316e+06,3.7602e+06,1.03922e+07,0,0,0,0
66.9923,85.139,1.77868,0,0,2.65585,2.65585,0,0.497534,4.47552,4.11084e+06,2.81318e+06,1.09178e+07,0,0,0,0,80.4068,79.791,2.00946,0,0,1.21685,1.21685,0,0.939816,2.1168,8.54316e+06,3.7602e+06,1.03958e+07,0,0,0,0
65.4898,85.139,1.17507,0,0,2.63297,2.63297,0,0.497706,4.47552,4.11084e+06,2.81318e+06,1.08237e+07,0,0,0,0,80.1538,79.791,1.47683,0,0,1.25159,1.25159,0,0.940142,2.1168,8.54316e+06,3.7602e+06,1.06925e+07,0,0,0,0
63.8281,85.139,0.991513,0,0,2.63388,2.63388,0,0.493419,4.47552,4.11084e+06,2.81318e+06,1.08275e+07,0,0,0,0,79.7439,79.791,1.36569,0,0,1.25202,1.25202,0,0.966979,2.1168,8.54316e+06,3.7602e+06,1.06962e+07,0,0,0,0
62.0949,85.139,0.898998,0,0,2.63479,2.63479,0,0.49359,4.47552,4.11084e+06,2.81318e+06,1.08312e+07,0,0,0,0,79.3349,79.791,1.23876,0,0,1.25246,1.25246,0,0.967314,2.1168,8.54316e+06,3.7602e+06,1.06999e+07,0,0,0,0
60.3614,85.139,0.850349,0,0,2.63571,2.63571,0,0.493761,4.47552,4.11084e+06,2.81318e+06,1.0835e+07,0,0,0,0,78.8395,79.791,1.21383,0,0,1.25289,1.25289,0,0.967648,2.1168,8.54316e+06,3.7602e+06,1.07036e+07,0,0,0,0
58.591,85.139,0.842038,0,0,2.69815,2.69815,0,0.493931,4.47552,4.11084e+06,2.81318e+06,1.10917e+07,0,0,0,0,78.3511,79.791,1.21882,0,0,1.28395,1.28395,0,0.967983,2.1168,8.54316e+06,3.7602e+06,1.0969e+07,0,0,0,0
56.8248,85.139,0.826279,0.01,0,2.69908,2.69908,0,0.505633,4.47552,4.11084e+06,2.81318e+06,1.10955e+07,0,0,0,0,77.808,79.791,1.25604,0,0,1.28439,1.28439,0,0.991979,2.1168,8.54316e+06,3.7602e+06,1.09728e+07,0,0,0,0
55.0327,85.139,0.778879,0.01,0,2.70002,2.70002,0,0.505808,4.47552,4.11084e+06,2.81318e+06,1.10993e+07,0,0,0,0,77.2,79.791,1.1662,0,0,1.28484,1.28484,0,0.992322,2.1168,8.54316e+06,3.7602e+06,1.09766e+07,0,0,0,0
53.1953,85.139,0.704232,0.01,0,2.70095,2.70095,0,0.505983,4.47552,4.11084e+06,2.81318e+06,1.11032e+07,0,0,0,0,76.5902,79.791,1.08413,0,0,1.28528,1.28528,0,0.992665,2.1168,8.54316e+06,3.7602e+06,1.09804e+07,0,0,0,0
51.1984,85.139,0.650109,0.01,0,2.88233,2.88233,0,0.506158,4.47552,4.11084e+06,2.81318e+06,1.18488e+07,0,0,0,0,75.8164,79.791,1.06174,0,0,1.39642,1.39642,0,0.993008,2.1168,8.54316e+06,3.7602e+06,1.19298e+07,0,0,0,0
49.1641,85.139,0.59369,0.01,0,2.88333,2.88333,0,0.540149,4.47552,4.11084e+06,2.81318e+06,1.18529e+07,0,0,0,0,75.0938,79.791,0.967115,0,0,1.3969,1.3969,0,1.07887,2.1168,8.54316e+06,3.7602e+06,1.1934e+07,0,0,0,0
47.1658,85.139,0.598279,0.02,0,2.88432,2.88432,0,0.540335,4.47552,4.11084e+06,2.81318e+06,1.1857e+07,0,0,0,0,74.3661,79.791,1.00169,0,0,1.39739,1.39739,0,1.07925,2.1168,8.54316e+06,3.7602e+06,1.19381e+07,0,0,0,0
45.3112,85.139,0.708282,0.02,0,2.88532,2.88532,0,0.540522,4.47552,4.11084e+06,2.81318e+06,1.18611e+07,0,0,0,0,73.6157,79.791,1.04889,0,0,1.39787,1.39787,0,1.07962,2.1168,8.54316e+06,3.7602e+06,1.19422e+07,0,0,0,0
43.3152,85.139,0.535726,0.02,0,2.88632,2.88632,0,0.540709,4.47552,4.11084e+06,2.81318e+06,1.18652e+07,0,0,0,0,72.7563,79.791,0.942459,0,0,1.39835,1.39835,0,1.07999,2.1168,8.54316e+06,3.7602e+06,1.19463e+07,0,0,0,0
41.5337,85.139,0.680947,0.03,0,2.79922,2.79922,0,0.540896,4.47552,4.11084e+06,2.81318e+06,1.15071e+07,0,0,0,0,72.2791,79.791,0.827687,0,0,1.33153,1.33153,0,1.08037,2.1168,8.54316e+06,3.7602e+06,1.13755e+07,0,0,0,0
39.8142,85.139,0.731007,0.04,0,2.80018,2.80018,0,0.524573,4.47552,4.11084e+06,2.81318e+06,1.15111e+07,0,0,0,0,71.6034,79.791,1.27033,0,0,1.33199,1.33199,0,1.02874,2.1168,8.54316e+06,3.7602e+06,1.13794e+07,0,0,0,0
38.0101,85.139,0.645497,0.05,0,2.80115,2.80115,0,0.524755,4.47552,4.11084e+06,2.81318e+06,1.15151e+07,0,0,0,0,70.72,79.791,0.885454,0,0,1.33245,1.33245,0,1.0291,2.1168,8.54316e+06,3.7602e+06,1.13833e+07,0,0,0,0
36.0938,85.139,0.52891,0.05,0,2.80212,2.80212,0,0.524936,4.47552,4.11084e+06,2.81318e+06,1.15191e+07,0,0,0,0,69.8985,79.791,0.705167,0,0,1.33291,1.33291,0,1.02945,2.1168,8.54316e+06,3.7602e+06,1.13873e+07,0,0,0,0
34.4836,85.139,0.785238,0.05,0,2.73068,2.73068,0,0.525117,4.47552,4.11084e+06,2.81318e+06,1.12254e+07,0,0,0,0,69.5286,79.791,0.805115,0,0,1.27202,1.27202,0,1.02981,2.1168,8.54316e+06,3.7602e+06,1.08671e+07,0,0,0,0
33.4664,85.139,1.3921,0.04,0,2.73162,2.73162,0,0.511729,4.47552,4.11084e+06,2.81318e+06,1.12292e+07,0,0,0,0,68.9732,79.791,1.2936,0,0,1.27246,1.27246,0,0.982765,2.1168,8.54316e+06,3.7602e+06,1.08708e+07,0,0,0,0
32.6934,85.139,1.70747,0.07,0,2.73256,2.73256,0,0.511905,4.47552,4.11084e+06,2.81318e+06,1.12331e+07,0,0,0,0,69.0418,79.791,0.996096,0,0,1.2729,1.2729,0,0.983104,2.1168,8.54316e+06,3.7602e+06,1.08746e+07,0,0,0,0
31.9695,85.139,1.75701,0.06,0,2.73351,2.73351,0,0.512082,4.47552,4.11084e+06,2.81318e+06,1.1237e+07,0,0,0,0,69.0544,79.791,1.80259,0,0,1.27334,1.27334,0,0.983443,2.1168,8.54316e+06,3.7602e+06,1.08784e+07,0,0,0,0
34.4791,85.139,4.94739,0.06,0,2.52851,2.52851,0,0.512259,4.47552,4.11084e+06,2.81318e+06,1.03943e+07,0,0,0,0,69.5108,79.791,4.01313,0,0,1.14583,1.14583,0,0.983783,2.1168,8.54316e+06,3.7602e+06,9.78904e+06,0,0,0,0
34.6004,85.139,2.4422,0.03,0,2.52939,2.52939,0,0.473843,4.47552,4.11084e+06,2.81318e+06,1.03979e+07,0,0,0,0,69.1361,79.791,1.34165,0,0,1.14623,1.14623,0,0.885271,2.1168,8.54316e+06,3.7602e+06,9.79242e+06,0,0,0,0
34.1665,85.139,1.90305,0.04,0,2.53026,2.53026,0,0.474007,4.47552,4.11084e+06,2.81318e+06,1.04015e+07,0,0,0,0,69.2556,79.791,1.29147,0,0,1.14662,1.14662,0,0.885576,2.1168,8.54316e+06,3.7602e+06,9.79579e+06,0,0,0,0
36.143,85.139,4.43565,0.04,0,2.53113,2.53113,0,0.47417,4.47552,4.11084e+06,2.81318e+06,1.04051e+07,0,0,0,0,69.3498,79.791,3.20808,0,0,1.14702,1.14702,0,0.885882,2.1168,8.54316e+06,3.7602e+06,9.79917e+06,0,0,0,0
37.5147,85.139,3.73586,0.04,0,2.532,2.532,0,0.474334,4.47552,4.11084e+06,2.81318e+06,1.04087e+07,0,0,0,0,69.4123,79.791,1.46722,0,0,1.14742,1.14742,0,0.886187,2.1168,8.54316e+06,3.7602e+06,9.80255e+06,0,0,0,0
40.7479,85.139,5.77711,0.05,0,2.61221,2.61221,0,0.474498,4.47552,4.11084e+06,2.81318e+06,1.07384e+07,0,0,0,0,69.9531,79.791,3.80822,0,0,1.18492,1.18492,0,0.886493,2.1168,8.54316e+06,3.7602e+06,1.01229e+07,0,0,0,0
44.0496,85.139,5.94045,0.05,0,2.61308,2.61308,0,0.489527,4.47552,4.11084e+06,2.81318e+06,1.07419e+07,0,0,0,0,70.453,79.791,3.26761,0,0,1.18531,1.18531,0,0.915465,2.1168,8.54316e+06,3.7602e+06,1.01263e+07,0,0,0,0
46.5183,85.139,5.26074,0.03,0,2.61395,2.61395,0,0.48969,4.47552,4.11084e+06,2.81318e+06,1.07455e+07,0,0,0,0,70.837,79.791,3.02864,0,0,1.1857,1.1857,0,0.91577,2.1168,8.54316e+06,3.7602e+06,1.01297e+07,0,0,0,0
48.0816,85.139,4.28022,0.03,0,2.61482,2.61482,0,0.489853,4.47552,4.11084e+06,2.81318e+06,1.07491e+07,0,0,0,0,71.0329,79.791,2.29703,0,0,1.1861,1.1861,0,0.916075,2.1168,8.54316e+06,3.7602e+06,1.0133e+07,0,0,0,0
49.0982,85.139,3.92789,0.03,0,2.87081,2.87081,0,0.490017,4.47552,4.11084e+06,2.81318e+06,1.18015e+07,0,0,0,0,71.2431,79.791,2.25063,0,0,1.326,1.326,0,0.91638,2.1168,8.54316e+06,3.7602e+06,1.13282e+07,0,0,0,0
51.7199,85.139,5.57221,0.03,0,2.87177,2.87177,0,0.537991,4.47552,4.11084e+06,2.81318e+06,1.18054e+07,0,0,0,0,71.6356,79.791,3.04257,0,0,1.32644,1.32644,0,1.02447,2.1168,8.54316e+06,3.7602e+06,1.1332e+07,0,0,0,0
55.0025,85.139,6.29985,0.02,0,2.87273,2.87273,0,0.53817,4.47552,4.11084e+06,2.81318e+06,1.18093e+07,0,0,0,0,72.1298,79.791,3.564,0,0,1.32688,1.32688,0,1.02481,2.1168,8.54316e+06,3.7602e+06,1.13358e+07,0,0,0,0
59.1445,85.139,7.29075,0.02,0,2.87368,2.87368,0,0.538349,4.47552,4.11084e+06,2.81318e+06,1.18132e+07,0,0,0,0,72.6865,79.791,3.61133,0,0,1.32732,1.32732,0,1.02515,2.1168,8.54316e+06,3.7602e+06,1.13396e+07,0,0,0,0
63.1272,85.139,6.903,0.02,0,2.51026,2.51026,0,0.538528,4.47552,4.11084e+06,2.81318e+06,1.03193e+07,0,0,0,0,73.6212,79.791,4.47185,0,0,1.1403,1.1403,0,1.02549,2.1168,8.54316e+06,3.7602e+06,9.74175e+06,0,0,0,0
64.9656,85.139,4.78097,0.01,0,2.51109,2.51109,0,0.470423,4.47552,4.11084e+06,2.81318e+06,1.03227e+07,0,0,0,0,74.6446,79.791,4.381,0,0,1.14068,1.14068,0,0.880994,2.1168,8.54316e+06,3.7602e+06,9.74499e+06,0,0,0,0
66.3232,85.139,4.28609,0.01,0,2.51193,2.51193,0,0.470579,4.47552,4.11084e+06,2.81318e+06,1.03261e+07,0,0,0,0,75.4459,79.791,3.57325,0,0,1.14106,1.14106,0,0.881287,2.1168,8.54316e+06,3.7602e+06,9.74823e+06,0,0,0,0
68.1144,85.139,4.76835,0.01,0,2.51277,2.51277,0,0.470736,4.47552,4.11084e+06,2.81318e+06,1.03296e+07,0,0,0,0,76.2621,79.791,3.5363,0,0,1.14144,1.14144,0,0.88158,2.1168,8.54316e+06,3.7602e+06,9.75148e+06,0,0,0,0
69.4493,85.139,4.30641,0,0,2.5136,2.5136,0,0.470892,4.47552,4.11084e+06,2.81318e+06,1.0333e+07,0,0,0,0,76.9888,79.791,3.15488,0,0,1.14182,1.14182,0,0.881874,2.1168,8.54316e+06,3.7602e+06,9.75472e+06,0,0,0,0
70.5134,85.139,4.03429,0,0,2.60631,2.60631,0,0.471049,4.47552,4.11084e+06,2.81318e+06,1.07141e+07,0,0,0,0,77.8622,79.791,3.33912,0,0,1.18813,1.18813,0,0.882167,2.1168,8.54316e+06,3.7602e+06,1.01504e+07,0,0,0,0
73.3286,85.139,5.87129,0,0,2.60718,2.60718,0,0.488422,4.47552,4.11084e+06,2.81318e+06,1.07177e+07,0,0,0,0,79.0771,79.791,4.46997,0,0,1.18853,1.18853,0,0.917952,2.1168,8.54316e+06,3.7602e+06,1.01538e+07,0,0,0,0
74.7161,85.139,4.45153,0,0,2.60804,2.60804,0,0.488585,4.47552,4.11084e+06,2.81318e+06,1.07212e+07,0,0,0,0,79.9263,79.791,2.96266,0,0,1.18892,1.18892,0,0.918257,2.1168,8.54316e+06,3.7602e+06,1.01572e+07,0,0,0,0
76.796,85.139,5.23429,0,0,2.60891,2.60891,0,0.488747,4.47552,4.11084e+06,2.81318e+06,1.07248e+07,0,0,0,0,80.8192,79.791,6.11137,0,0,1.18932,1.18932,0,0.918563,2.1168,8.54316e+06,3.7602e+06,1.01605e+07,0,0,0,0
77.7795,85.139,4.02073,0,0,2.57381,2.57381,0,0.48891,4.47552,4.11084e+06,2.81318e+06,1.05805e+07,0,0,0,0,80.7295,79.791,3.88502,0,0,1.17185,1.17185,0,0.918868,2.1168,8.54316e+06,3.7602e+06,1.00113e+07,0,0,0,0
77.8091,85.139,2.93413,0,0,2.57466,2.57466,0,0.482332,4.47552,4.11084e+06,2.81318e+06,1.0584e+07,0,0,0,0,80.8192,79.791,2.27327,0,0,1.17224,1.17224,0,0.905371,2.1168,8.54316e+06,3.7602e+06,1.00146e+07,0,0,0,0
77.7815,85.139,2.85938,0,0,2.57552,2.57552,0,0.482492,4.47552,4.11084e+06,2.81318e+06,1.05875e+07,0,0,0,0,80.8152,79.791,2.48678,0,0,1.17263,1.17263,0,0.905672,2.1168,8.54316e+06,3.7602e+06,1.0018e+07,0,0,0,0
77.5783,85.139,2.66966,0,0,2.57638,2.57638,0,0.482652,4.47552,4.11084e+06,2.81318e+06,1.05911e+07,0,0,0,0,80.7527,79.791,2.28384,0,0,1.17302,1.17302,0,0.905973,2.1168,8.54316e+06,3.7602e+06,1.00213e+07,0,0,0,0
77.2984,85.139,2.68909,0,0,2.69949,2.69949,0,0.482813,4.47552,4.11084e+06,2.81318e+06,1.10972e+07,0,0,0,0,80.5291,79.791,2.12112,0,0,1.23685,1.23685,0,0.906274,2.1168,8.54316e+06,3.7602e+06,1.05666e+07,0,0,0,0
76.4622,85.139,2.0523,0,0,2.70039,2.70039,0,0.505884,4.47552,4.11084e+06,2.81318e+06,1.11009e+07,0,0,0,0,80.5426,79.791,1.77956,0,0,1.23726,1.23726,0,0.955589,2.1168,8.54316e+06,3.7602e+06,1.05701e+07,0,0,0,0
75.5541,85.139,1.9675,0,0,2.70128,2.70128,0,0.506052,4.47552,4.11084e+06,2.81318e+06,1.11045e+07,0,0,0,0,80.6198,79.791,1.7729,0,0,1.23767,1.23767,0,0.955907,2.1168,8.54316e+06,3.7602e+06,1.05736e+07,0,0,0,0
74.5521,85.139,1.86809,0,0,2.70218,2.70218,0,0.50622,4.47552,4.11084e+06,2.81318e+06,1.11082e+07,0,0,0,0,80.627,79.791,1.85027,0,0,1.23808,1.23808,0,0.956224,2.1168,8.54316e+06,3.7602e+06,1.05771e+07,0,0,0,0
73.4128,85.139,1.73381,0,0,2.70308,2.70308,0,0.506388,4.47552,4.11084e+06,2.81318e+06,1.11119e+07,0,0,0,0,80.7604,79.791,1.78139,0,0,1.23849,1.23849,0,0.956542,2.1168,8.54316e+06,3.7602e+06,1.05806e+07,0,0,0,0
72.5533,85.139,1.95748,0,0,2.67976,2.67976,0,0.506557,4.47552,4.11084e+06,2.81318e+06,1.10161e+07,0,0,0,0,80.8192,79.791,2.5328,0,0,1.27383,1.27383,0,0.95686,2.1168,8.54316e+06,3.7602e+06,1.08825e+07,0,0,0,0
71.6389,85.139,1.90821,0,0,2.68065,2.68065,0,0.502186,4.47552,4.11084e+06,2.81318e+06,1.10197e+07,0,0,0,0,80.8192,79.791,2.5702,0,0,1.27425,1.27425,0,0.984161,2.1168,8.54316e+06,3.7602e+06,1.08862e+07,0,0,0,0
70.5899,85.139,1.74268,0,0,2.68154,2.68154,0,0.502353,4.47552,4.11084e+06,2.81318e+06,1.10234e+07,0,0,0,0,80.8192,79.791,2.46131,0,0,1.27468,1.27468,0,0.984488,2.1168,8.54316e+06,3.7602e+06,1.08898e+07,0,0,0,0
69.4787,85.139,1.63868,0,0,2.68243,2.68243,0,0.50252,4.47552,4.11084e+06,2.81318e+06,1.1027e+07,0,0,0,0,80.8192,79.791,2.37879,0,0,1.2751,1.2751,0,0.984815,2.1168,8.54316e+06,3.7602e+06,1.08934e+07,0,0,0,0
68.1186,85.139,1.42798,0,0,2.74594,2.74594,0,0.502687,4.47552,4.11084e+06,2.81318e+06,1.12881e+07,0,0,0,0,80.8192,79.791,2.20612,0,0,1.30669,1.30669,0,0.985142,2.1168,8.54316e+06,3.7602e+06,1.11633e+07,0,0,0,0
66.8014,85.139,1.48218,0,0,2.74685,2.74685,0,0.514589,4.47552,4.11084e+06,2.81318e+06,1.12919e+07,0,0,0,0,80.8192,79.791,2.31235,0,0,1.30712,1.30712,0,1.00955,2.1168,8.54316e+06,3.7602e+06,1.1167e+07,0,0,0,0
65.4006,85.139,1.37059,0,0,2.74776,2.74776,0,0.51476,4.47552,4.11084e+06,2.81318e+06,1.12956e+07,0,0,0,0,80.8192,79.791,2.33406,0,0,1.30756,1.30756,0,1.00988,2.1168,8.54316e+06,3.7602e+06,1.11707e+07,0,0,0,0
63.9156,85.139,1.27046,0,0,2.74868,2.74868,0,0.514931,4.47552,4.11084e+06,2.81318e+06,1.12994e+07,0,0,0,0,80.8192,79.791,2.07973,0,0,1.30799,1.30799,0,1.01022,2.1168,8.54316e+06,3.7602e+06,1.11744e+07,0,0,0,0
62.3273,85.139,1.29217,0,0,2.93322,2.93322,0,0.515102,4.47552,4.11084e+06,2.81318e+06,1.2058e+07,0,0,0,0,80.8192,79.791,2.3588,0,0,1.42108,1.42108,0,1.01056,2.1168,8.54316e+06,3.7602e+06,1.21405e+07,0,0,0,0
60.8597,85.139,1.39285,0,0,2.9342,2.9342,0,0.549686,4.47552,4.11084e+06,2.81318e+06,1.2062e+07,0,0,0,0,80.8192,79.791,2.5244,0,0,1.42155,1.42155,0,1.09792,2.1168,8.54316e+06,3.7602e+06,1.21445e+07,0,0,0,0
59.5192,85.139,1.5167,0,0,2.93517,2.93517,0,0.549868,4.47552,4.11084e+06,2.81318e+06,1.2066e+07,0,0,0,0,80.8192,79.791,2.9555,0,0,1.42202,1.42202,0,1.09829,2.1168,8.54316e+06,3.7602e+06,1.21485e+07,0,0,0,0
57.9129,85.139,1.25416,0.02,0,2.93614,2.93614,0,0.550051,4.47552,4.11084e+06,2.81318e+06,1.207e+07,0,0,0,0,80.8192,79.791,2.3621,0,0,1.42249,1.42249,0,1.09865,2.1168,8.54316e+06,3.7602e+06,1.21526e+07,0,0,0,0
56.5345,85.139,1.44712,0.02,0,2.93712,2.93712,0,0.550233,4.47552,4.11084e+06,2.81318e+06,1.2074e+07,0,0,0,0,80.8192,79.791,3.54724,0,0,1.42296,1.42296,0,1.09902,2.1168,8.54316e+06,3.7602e+06,1.21566e+07,0,0,0,0
54.9861,85.139,1.13967,0.02,0,2.84845,2.84845,0,0.550416,4.47552,4.11084e+06,2.81318e+06,1.17095e+07,0,0,0,0,80.8075,79.791,2.45824,0,0,1.35495,1.35495,0,1.09938,2.1168,8.54316e+06,3.7602e+06,1.15755e+07,0,0,0,0
53.3959,85.139,1.05936,0.02,0,2.84939,2.84939,0,0.533799,4.47552,4.11084e+06,2.81318e+06,1.17134e+07,0,0,0,0,80.7305,79.791,2.23327,0,0,1.3554,1.3554,0,1.04683,2.1168,8.54316e+06,3.7602e+06,1.15794e+07,0,0,0,0
52.2155,85.139,1.4769,0.02,0,2.85034,2.85034,0,0.533976,4.47552,4.11084e+06,2.81318e+06,1.17173e+07,0,0,0,0,80.7174,79.791,2.45829,0,0,1.35585,1.35585,0,1.04718,2.1168,8.54316e+06,3.7602e+06,1.15832e+07,0,0,0,0
51.581,85.139,2.05822,0.02,0,2.85128,2.85128,0,0.534153,4.47552,4.11084e+06,2.81318e+06,1.17212e+07,0,0,0,0,80.8192,79.791,4.05992,0,0,1.3563,1.3563,0,1.04753,2.1168,8.54316e+06,3.7602e+06,1.15871e+07,0,0,0,0
50.7503,85.139,1.86454,0.02,0,2.77855,2.77855,0,0.53433,4.47552,4.11084e+06,2.81318e+06,1.14222e+07,0,0,0,0,80.8192,79.791,3.30803,0,0,1.29432,1.29432,0,1.04787,2.1168,8.54316e+06,3.7602e+06,1.10576e+07,0,0,0,0
50.4979,85.139,2.57472,0.03,0,2.77947,2.77947,0,0.5207,4.47552,4.11084e+06,2.81318e+06,1.14259e+07,0,0,0,0,80.8192,79.791,4.29153,0,0,1.29475,1.29475,0,0.999993,2.1168,8.54316e+06,3.7602e+06,1.10613e+07,0,0,0,0
50.1298,85.139,2.38838,0.03,0,2.78039,2.78039,0,0.520872,4.47552,4.11084e+06,2.81318e+06,1.14297e+07,0,0,0,0,80.8192,79.791,2.60084,0,0,1.29518,1.29518,0,1.00032,2.1168,8.54316e+06,3.7602e+06,1.10649e+07,0,0,0,0
50.0096,85.139,2.56159,0.03,0,2.78131,2.78131,0,0.521045,4.47552,4.11084e+06,2.81318e+06,1.14335e+07,0,0,0,0,80.8192,79.791,2.9925,0,0,1.29561,1.29561,0,1.00066,2.1168,8.54316e+06,3.7602e+06,1.10686e+07,0,0,0,0
49.8666,85.139,2.39413,0.03,0,2.5727,2.5727,0,0.521218,4.47552,4.11084e+06,2.81318e+06,1.0576e+07,0,0,0,0,80.8192,79.791,3.28117,0,0,1.16586,1.16586,0,1.00099,2.1168,8.54316e+06,3.7602e+06,9.9601e+06,0,0,0,0
49.8544,85.139,2.6102,0.03,0,2.57355,2.57355,0,0.482124,4.47552,4.11084e+06,2.81318e+06,1.05795e+07,0,0,0,0,80.8192,79.791,3.39768,0,0,1.16624,1.16624,0,0.900741,2.1168,8.54316e+06,3.7602e+06,9.9634e+06,0,0,0,0
50.0693,85.139,2.94786,0.03,0,2.5744,2.5744,0,0.482284,4.47552,4.11084e+06,2.81318e+06,1.0583e+07,0,0,0,0,80.8192,79.791,4.08424,0,0,1.16663,1.16663,0,0.901039,2.1168,8.54316e+06,3.7602e+06,9.9667e+06,0,0,0,0
53.169,85.139,6.00165,0.03,0,2.57526,2.57526,0,0.482443,4.47552,4.11084e+06,2.81318e+06,1.05865e+07,0,0,0,0,80.8192,79.791,9.33295,0,0,1.16702,1.16702,0,0.901338,2.1168,8.54316e+06,3.7602e+06,9.97e+06,0,0,0,0
55.521,85.139,5.13119,0.02,0,2.57611,2.57611,0,0.482603,4.47552,4.11084e+06,2.81318e+06,1.059e+07,0,0,0,0,80.8192,79.791,4.12777,0,0,1.1674,1.1674,0,0.901636,2.1168,8.54316e+06,3.7602e+06,9.97331e+06,0,0,0,0
58.0296,85.139,5.45996,0.03,0,2.65767,2.65767,0,0.482763,4.47552,4.11084e+06,2.81318e+06,1.09253e+07,0,0,0,0,80.8192,79.791,5.47064,0,0,1.20554,1.20554,0,0.901935,2.1168,8.54316e+06,3.7602e+06,1.02991e+07,0,0,0,0
60.8594,85.139,5.88747,0.02,0,2.65852,2.65852,0,0.498048,4.47552,4.11084e+06,2.81318e+06,1.09288e+07,0,0,0,0,80.8192,79.791,6.0933,0,0,1.20592,1.20592,0,0.931399,2.1168,8.54316e+06,3.7602e+06,1.03024e+07,0,0,0,0
67.7434,85.139,10.5112,0,0,2.65937,2.65937,0,0.498207,4.47552,4.11084e+06,2.81318e+06,1.09322e+07,0,0,0,0,80.8192,79.791,13.6435,0,0,1.20631,1.20631,0,0.931697,2.1168,8.54316e+06,3.7602e+06,1.03057e+07,0,0,0,0
70.9558,85.139,6.81944,0,0,2.66022,2.66022,0,0.498366,4.47552,4.11084e+06,2.81318e+06,1.09357e+07,0,0,0,0,80.8192,79.791,8.85966,0,0,1.20669,1.20669,0,0.931994,2.1168,8.54316e+06,3.7602e+06,1.0309e+07,0,0,0,0
74.0895,85.139,6.79104,0,0,2.92062,2.92062,0,0.498525,4.47552,4.11084e+06,2.81318e+06,1.20062e+07,0,0,0,0,80.8192,79.791,10.3551,0,0,1.34901,1.34901,0,0.932292,2.1168,8.54316e+06,3.7602e+06,1.15248e+07,0,0,0,0
74.8345,85.139,4.23848,0,0,2.92156,2.92156,0,0.547325,4.47552,4.11084e+06,2.81318e+06,1.201e+07,0,0,0,0,80.8192,79.791,6.27936,0,0,1.34944,1.34944,0,1.04224,2.1168,8.54316e+06,3.7602e+06,1.15285e+07,0,0,0,0
76.0784,85.139,4.74911,0,0,2.92249,2.92249,0,0.547499,4.47552,4.11084e+06,2.81318e+06,1.20139e+07,0,0,0,0,80.8192,79.791,6.4252,0,0,1.34987,1.34987,0,1.04257,2.1168,8.54316e+06,3.7602e+06,1.15321e+07,0,0,0,0
77.4293,85.139,4.88235,0,0,2.92342,2.92342,0,0.547674,4.47552,4.11084e+06,2.81318e+06,1.20177e+07,0,0,0,0,80.8192,79.791,6.09176,0,0,1.3503,1.3503,0,1.04291,2.1168,8.54316e+06,3.7602e+06,1.15358e+07,0,0,0,0
79.2808,85.139,5.09418,0,0,2.55367,2.55367,0,0.547849,4.47552,4.11084e+06,2.81318e+06,1.04977e+07,0,0,0,0,80.8192,79.791,5.86095,0,0,1.16002,1.16002,0,1.04324,2.1168,8.54316e+06,3.7602e+06,9.91023e+06,0,0,0,0
83.6519,85.139,8.27921,0,0,2.55449,2.55449,0,0.478558,4.47552,4.11084e+06,2.81318e+06,1.05011e+07,0,0,0,0,80.8192,79.791,10.6861,0,0,1.16039,1.16039,0,0.89623,2.1168,8.54316e+06,3.7602e+06,9.91339e+06,0,0,0,0
85.139,85.139,7.5862,0,0,2.5553,2.5553,0,0.478711,4.47552,4.11084e+06,2.81318e+06,1.05044e+07,0,0,0,0,80.8192,79.791,7.07254,0,0,1.16076,1.16076,0,0.896516,2.1168,8.54316e+06,3.7602e+06,9.91655e+06,0,0,0,0
85.139,85.139,10.7786,0,0,2.55612,2.55612,0,0.478864,4.47552,4.11084e+06,2.81318e+06,1.05078e+07,0,0,0,0,80.8192,79.791,14.1515,0,0,1.16113,1.16113,0,0.896802,2.1168,8.54316e+06,3.7602e+06,9.91972e+06,0,0,0,0
85.139,85.139,12.7882,0,0,2.55693,2.55693,0,0.479017,4.47552,4.11084e+06,2.81318e+06,1.05111e+07,0,0,0,0,80.8192,79.791,13.6238,0,0,1.1615,1.1615,0,0.897089,2.1168,8.54316e+06,3.7602e+06,9.92288e+06,0,0,0,0
85.139,85.139,8.67635,0,0,2.6512,2.6512,0,0.479169,4.47552,4.11084e+06,2.81318e+06,1.08987e+07,0,0,0,0,80.8192,79.791,9.05315,0,0,1.2086,1.2086,0,0.897375,2.1168,8.54316e+06,3.7602e+06,1.03253e+07,0,0,0,0
85.139,85.139,7.01848,0,0,2.65205,2.65205,0,0.496836,4.47552,4.11084e+06,2.81318e+06,1.09022e+07,0,0,0,0,80.8192,79.791,8.51594,0,0,1.20899,1.20899,0,0.933764,2.1168,8.54316e+06,3.7602e+06,1.03286e+07,0,0,0,0
85.139,85.139,5.79318,0,0,2.6529,2.6529,0,0.496994,4.47552,4.11084e+06,2.81318e+06,1.09056e+07,0,0,0,0,80.8192,79.791,7.93893,0,0,1.20937,1.20937,0,0.934062,2.1168,8.54316e+06,3.7602e+06,1.03319e+07,0,0,0,0
85.139,85.139,5.37311,0,0,2.65374,2.65374,0,0.497153,4.47552,4.11084e+06,2.81318e+06,1.09091e+07,0,0,0,0,80.8192,79.791,8.40768,0,0,1.20976,1.20976,0,0.93436,2.1168,8.54316e+06,3.7602e+06,1.03351e+07,0,0,0,0
85.139,85.139,5.16709,0,0,2.618,2.618,0,0.497311,4.47552,4.11084e+06,2.81318e+06,1.07622e+07,0,0,0,0,80.8192,79.791,7.2644,0,0,1.19197,1.19197,0,0.934658,2.1168,8.54316e+06,3.7602e+06,1.01832e+07,0,0,0,0
85.139,85.139,4.60118,0,0,2.61884,2.61884,0,0.490613,4.47552,4.11084e+06,2.81318e+06,1.07656e+07,0,0,0,0,80.8192,79.791,4.95165,0,0,1.19235,1.19235,0,0.920916,2.1168,8.54316e+06,3.7602e+06,1.01864e+07,0,0,0,0
85.139,85.139,4.25442,0,0,2.61967,2.61967,0,0.49077,4.47552,4.11084e+06,2.81318e+06,1.0769e+07,0,0,0,0,80.8192,79.791,4.5845,0,0,1.19273,1.19273,0,0.92121,2.1168,8.54316e+06,3.7602e+06,1.01897e+07,0,0,0,0
85.139,85.139,3.89242,0,0,2.62051,2.62051,0,0.490926,4.47552,4.11084e+06,2.81318e+06,1.07725e+07,0,0,0,0,80.8192,79.791,4.35903,0,0,1.19311,1.19311,0,0.921503,2.1168,8.54316e+06,3.7602e+06,1.01929e+07,0,0,0,0
85.139,85.139,3.77119,0,0,2.74569,2.74569,0,0.491083,4.47552,4.11084e+06,2.81318e+06,1.12871e+07,0,0,0,0,80.8192,79.791,4.28787,0,0,1.25802,1.25802,0,0.921797,2.1168,8.54316e+06,3.7602e+06,1.07474e+07,0,0,0,0
85.139,85.139,3.79359,0,0,2.74656,2.74656,0,0.514542,4.47552,4.11084e+06,2.81318e+06,1.12907e+07,0,0,0,0,80.8192,79.791,4.48678,0,0,1.25842,1.25842,0,0.971944,2.1168,8.54316e+06,3.7602e+06,1.07509e+07,0,0,0,0
85.139,85.139,3.5385,0,0,2.74744,2.74744,0,0.514706,4.47552,4.11084e+06,2.81318e+06,1.12943e+07,0,0,0,0,80.8192,79.791,4.34262,0,0,1.25882,1.25882,0,0.972254,2.1168,8.54316e+06,3.7602e+06,1.07543e+07,0,0,0,0
85.139,85.139,3.29454,0,0,2.74832,2.74832,0,0.51487,4.47552,4.11084e+06,2.81318e+06,1.12979e+07,0,0,0,0,80.8192,79.791,4.13249,0,0,1.25922,1.25922,0,0.972563,2.1168,8.54316e+06,3.7602e+06,1.07577e+07,0,0,0,0
85.139,85.139,3.15759,0,0,2.74919,2.74919,0,0.515034,4.47552,4.11084e+06,2.81318e+06,1.13015e+07,0,0,0,0,80.8192,79.791,3.97248,0,0,1.25962,1.25962,0,0.972873,2.1168,8.54316e+06,3.7602e+06,1.07611e+07,0,0,0,0
85.139,85.139,3.16699,0,0,2.72544,2.72544,0,0.515198,4.47552,4.11084e+06,2.81318e+06,1.12038e+07,0,0,0,0,80.8192,79.791,3.3488,0,0,1.29554,1.29554,0,0.973183,2.1168,8.54316e+06,3.7602e+06,1.1068e+07,0,0,0,0
85.139,85.139,3.23554,0,0,2.7263,2.7263,0,0.510747,4.47552,4.11084e+06,2.81318e+06,1.12074e+07,0,0,0,0,80.8192,79.791,2.97078,0,0,1.29596,1.29596,0,1.00094,2.1168,8.54316e+06,3.7602e+06,1.10716e+07,0,0,0,0
85.139,85.139,2.99745,0,0,2.72717,2.72717,0,0.510909,4.47552,4.11084e+06,2.81318e+06,1.1211e+07,0,0,0,0,80.8192,79.791,2.87281,0,0,1.29637,1.29637,0,1.00126,2.1168,8.54316e+06,3.7602e+06,1.10751e+07,0,0,0,0
84.9746,85.139,2.78692,0,0,2.72804,2.72804,0,0.511072,4.47552,4.11084e+06,2.81318e+06,1.12145e+07,0,0,0,0,80.8192,79.791,2.95298,0,0,1.29678,1.29678,0,1.00157,2.1168,8.54316e+06,3.7602e+06,1.10786e+07,0,0,0,0
84.6307,85.139,2.64282,0,0,2.7926,2.7926,0,0.511235,4.47552,4.11084e+06,2.81318e+06,1.14799e+07,0,0,0,0,80.8192,79.791,2.77982,0,0,1.32889,1.32889,0,1.00189,2.1168,8.54316e+06,3.7602e+06,1.13529e+07,0,0,0,0
84.2628,85.139,2.62245,0,0,2.79349,2.79349,0,0.523333,4.47552,4.11084e+06,2.81318e+06,1.14836e+07,0,0,0,0,80.8192,79.791,2.83354,0,0,1.32932,1.32932,0,1.0267,2.1168,8.54316e+06,3.7602e+06,1.13566e+07,0,0,0,0
83.7687,85.139,2.4736,0,0,2.79438,2.79438,0,0.523499,4.47552,4.11084e+06,2.81318e+06,1.14872e+07,0,0,0,0,80.8192,79.791,2.91982,0,0,1.32974,1.32974,0,1.02703,2.1168,8.54316e+06,3.7602e+06,1.13602e+07,0,0,0,0
83.1261,85.139,2.31499,0,0,2.79527,2.79527,0,0.523666,4.47552,4.11084e+06,2.81318e+06,1.14909e+07,0,0,0,0,80.8192,79.791,2.67054,0,0,1.33016,1.33016,0,1.02736,2.1168,8.54316e+06,3.7602e+06,1.13638e+07,0,0,0,0
82.2995,85.139,2.27478,0,0,2.9829,2.9829,0,0.523833,4.47552,4.11084e+06,2.81318e+06,1.22622e+07,0,0,0,0,80.8192,79.791,2.8719,0,0,1.44514,1.44514,0,1.02768,2.1168,8.54316e+06,3.7602e+06,1.23461e+07,0,0,0,0
81.9916,85.139,2.78351,0,0,2.98385,2.98385,0,0.558995,4.47552,4.11084e+06,2.81318e+06,1.22661e+07,0,0,0,0,80.8192,79.791,3.23252,0,0,1.4456,1.4456,0,1.11652,2.1168,8.54316e+06,3.7602e+06,1.235e+07,0,0,0,0
81.8117,85.139,2.90774,0,0,2.9848,2.9848,0,0.559173,4.47552,4.11084e+06,2.81318e+06,1.227e+07,0,0,0,0,80.8192,79.791,2.89603,0,0,1.44606,1.44606,0,1.11687,2.1168,8.54316e+06,3.7602e+06,1.2354e+07,0,0,0,0
80.7339,85.139,1.99339,0,0,2.98575,2.98575,0,0.559351,4.47552,4.11084e+06,2.81318e+06,1.22739e+07,0,0,0,0,80.8192,79.791,2.32485,0,0,1.44652,1.44652,0,1.11723,2.1168,8.54316e+06,3.7602e+06,1.23579e+07,0,0,0,0
79.4077,85.139,1.77204,0,0,2.9867,2.9867,0,0.559529,4.47552,4.11084e+06,2.81318e+06,1.22778e+07,0,0,0,0,80.8192,79.791,2.37902,0,0,1.44698,1.44698,0,1.11758,2.1168,8.54316e+06,3.7602e+06,1.23618e+07,0,0,0,0
78.4301,85.139,2.03862,0,0,2.89649,2.89649,0,0.559707,4.47552,4.11084e+06,2.81318e+06,1.1907e+07,0,0,0,0,80.8192,79.791,2.57789,0,0,1.3778,1.3778,0,1.11794,2.1168,8.54316e+06,3.7602e+06,1.17708e+07,0,0,0,0
78.2158,85.139,2.80325,0,0,2.89741,2.89741,0,0.542803,4.47552,4.11084e+06,2.81318e+06,1.19108e+07,0,0,0,0,80.8192,79.791,3.88356,0,0,1.37824,1.37824,0,1.06449,2.1168,8.54316e+06,3.7602e+06,1.17745e+07,0,0,0,0
77.8283,85.139,2.65442,0,0,2.89833,2.89833,0,0.542975,4.47552,4.11084e+06,2.81318e+06,1.19146e+07,0,0,0,0,80.8192,79.791,4.02312,0,0,1.37868,1.37868,0,1.06483,2.1168,8.54316e+06,3.7602e+06,1.17783e+07,0,0,0,0
77.7282,85.139,3.00139,0,0,2.89926,2.89926,0,0.543148,4.47552,4.11084e+06,2.81318e+06,1.19184e+07,0,0,0,0,80.8192,79.791,4.55176,0,0,1.37912,1.37912,0,1.06517,2.1168,8.54316e+06,3.7602e+06,1.1782e+07,0,0,0,0
77.9237,85.139,3.47828,0,0,2.82526,2.82526,0,0.543321,4.47552,4.11084e+06,2.81318e+06,1.16142e+07,0,0,0,0,80.8192,79.791,5.18548,0,0,1.31608,1.31608,0,1.06551,2.1168,8.54316e+06,3.7602e+06,1.12435e+07,0,0,0,0
78.8347,85.139,4.0992,0,0,2.82616,2.82616,0,0.529454,4.47552,4.11084e+06,2.81318e+06,1.16179e+07,0,0,0,0,80.8192,79.791,3.07108,0,0,1.3165,1.3165,0,1.01681,2.1168,8.54316e+06,3.7602e+06,1.12471e+07,0,0,0,0
80.1436,85.139,4.60847,0,0,2.82706,2.82706,0,0.529622,4.47552,4.11084e+06,2.81318e+06,1.16216e+07,0,0,0,0,80.8192,79.791,7.43357,0,0,1.31692,1.31692,0,1.01713,2.1168,8.54316e+06,3.7602e+06,1.12507e+07,0,0,0,0
81.0918,85.139,4.18294,0,0,2.82796,2.82796,0,0.529791,4.47552,4.11084e+06,2.81318e+06,1.16253e+07,0,0,0,0,80.8192,79.791,3.50535,0,0,1.31734,1.31734,0,1.01745,2.1168,8.54316e+06,3.7602e+06,1.12542e+07,0,0,0,0
83.7347,85.139,5.8461,0,0,2.61581,2.61581,0,0.529959,4.47552,4.11084e+06,2.81318e+06,1.07532e+07,0,0,0,0,80.8192,79.791,6.24487,0,0,1.18539,1.18539,0,1.01778,2.1168,8.54316e+06,3.7602e+06,1.0127e+07,0,0,0,0
85.139,85.139,12.0959,0,0,2.61664,2.61664,0,0.490203,4.47552,4.11084e+06,2.81318e+06,1.07566e+07,0,0,0,0,80.8192,79.791,19.6699,0,0,1.18577,1.18577,0,0.915835,2.1168,8.54316e+06,3.7602e+06,1.01302e+07,0,0,0,0
85.139,85.139,10.8024,0,0,2.61747,2.61747,0,0.490359,4.47552,4.11084e+06,2.81318e+06,1.076e+07,0,0,0,0,80.8192,79.791,16.1872,0,0,1.18615,1.18615,0,0.916126,2.1168,8.54316e+06,3.7602e+06,1.01334e+07,0,0,0,0
85.139,85.139,11.9916,0,0,2.61831,2.61831,0,0.490515,4.47552,4.11084e+06,2.81318e+06,1.07634e+07,0,0,0,0,80.8192,79.791,17.26,0,0,1.18652,1.18652,0,0.916417,2.1168,8.54316e+06,3.7602e+06,1.01367e+07,0,0,0,0
85.139,85.139,11.4454,0,0,2.61914,2.61914,0,0.49067,4.47552,4.11084e+06,2.81318e+06,1.07669e+07,0,0,0,0,80.8192,79.791,15.0936,0,0,1.1869,1.1869,0,0.916708,2.1168,8.54316e+06,3.7602e+06,1.01399e+07,0,0,0,0
85.139,85.139,7.50259,0,0,2.70203,2.70203,0,0.490826,4.47552,4.11084e+06,2.81318e+06,1.11076e+07,0,0,0,0,80.8192,79.791,11.3368,0,0,1.22566,1.22566,0,0.917,2.1168,8.54316e+06,3.7602e+06,1.0471e+07,0,0,0,0
84.5378,85.139,2.59813,0,0,2.70285,2.70285,0,0.50636,4.47552,4.11084e+06,2.81318e+06,1.1111e+07,0,0,0,0,80.8192,79.791,4.52749,0,0,1.22603,1.22603,0,0.946944,2.1168,8.54316e+06,3.7602e+06,1.04742e+07,0,0,0,0
84.6746,85.139,3.38894,0,0,2.70368,2.70368,0,0.506515,4.47552,4.11084e+06,2.81318e+06,1.11144e+07,0,0,0,0,80.8192,79.791,5.91171,0,0,1.22641,1.22641,0,0.947233,2.1168,8.54316e+06,3.7602e+06,1.04774e+07,0,0,0,0
84.2436,85.139,2.74874,0,0,2.70451,2.70451,0,0.50667,4.47552,4.11084e+06,2.81318e+06,1.11178e+07,0,0,0,0,80.8192,79.791,5.48398,0,0,1.22678,1.22678,0,0.947523,2.1168,8.54316e+06,3.7602e+06,1.04806e+07,0,0,0,0
83.6776,85.139,2.79321,0,0,2.96921,2.96921,0,0.506825,4.47552,4.11084e+06,2.81318e+06,1.22059e+07,0,0,0,0,80.8192,79.791,4.93704,0,0,1.37145,1.37145,0,0.947813,2.1168,8.54316e+06,3.7602e+06,1.17165e+07,0,0,0,0
85.139,85.139,5.39463,0,0,2.97012,2.97012,0,0.55643,4.47552,4.11084e+06,2.81318e+06,1.22097e+07,0,0,0,0,80.8192,79.791,5.49396,0,0,1.37187,1.37187,0,1.05958,2.1168,8.54316e+06,3.7602e+06,1.17201e+07,0,0,0,0
84.4319,85.139,2.70677,0,0,2.97102,2.97102,0,0.5566,4.47552,4.11084e+06,2.81318e+06,1.22134e+07,0,0,0,0,80.8192,79.791,3.43899,0,0,1.37229,1.37229,0,1.0599,2.1168,8.54316e+06,3.7602e+06,1.17237e+07,0,0,0,0
83.395,85.139,2.28492,0,0,2.97193,2.97193,0,0.55677,4.47552,4.11084e+06,2.81318e+06,1.22171e+07,0,0,0,0,80.8192,79.791,2.83764,0,0,1.37271,1.37271,0,1.06023,2.1168,8.54316e+06,3.7602e+06,1.17273e+07,0,0,0,0
83.0074,85.139,2.65497,0,0,2.59602,2.59602,0,0.55694,4.47552,4.11084e+06,2.81318e+06,1.06718e+07,0,0,0,0,80.8192,79.791,4.2569,0,0,1.17925,1.17925,0,1.06055,2.1168,8.54316e+06,3.7602e+06,1.00745e+07,0,0,0,0
85.139,85.139,5.69891,0,0,2.59681,2.59681,0,0.486493,4.47552,4.11084e+06,2.81318e+06,1.06751e+07,0,0,0,0,80.8192,79.791,10.0518,0,0,1.17961,1.17961,0,0.911091,2.1168,8.54316e+06,3.7602e+06,1.00776e+07,0,0,0,0
85.139,85.139,6.91819,0,0,2.5976,2.5976,0,0.486642,4.47552,4.11084e+06,2.81318e+06,1.06783e+07,0,0,0,0,80.8192,79.791,11.6779,0,0,1.17997,1.17997,0,0.91137,2.1168,8.54316e+06,3.7602e+06,1.00807e+07,0,0,0,0
85.139,85.139,7.93042,0,0,2.5984,2.5984,0,0.486791,4.47552,4.11084e+06,2.81318e+06,1.06816e+07,0,0,0,0,80.8192,79.791,14.2829,0,0,1.18034,1.18034,0,0.911648,2.1168,8.54316e+06,3.7602e+06,1.00838e+07,0,0,0,0
85.139,85.139,6.83043,0,0,2.59919,2.59919,0,0.48694,4.47552,4.11084e+06,2.81318e+06,1.06849e+07,0,0,0,0,80.8192,79.791,11.3847,0,0,1.1807,1.1807,0,0.911927,2.1168,8.54316e+06,3.7602e+06,1.00869e+07,0,0,0,0
85.139,85.139,5.6896,0,0,2.69499,2.69499,0,0.487089,4.47552,4.11084e+06,2.81318e+06,1.10787e+07,0,0,0,0,80.8192,79.791,8.04667,0,0,1.22856,1.22856,0,0.912206,2.1168,8.54316e+06,3.7602e+06,1.04958e+07,0,0,0,0
85.139,85.139,5.30242,0,0,2.69581,2.69581,0,0.50504,4.47552,4.11084e+06,2.81318e+06,1.1082e+07,0,0,0,0,80.8192,79.791,14.0247,0,0,1.22893,1.22893,0,0.949184,2.1168,8.54316e+06,3.7602e+06,1.0499e+07,0,0,0,0
85.139,85.139,3.99945,0,0,2.69663,2.69663,0,0.505195,4.47552,4.11084e+06,2.81318e+06,1.10854e+07,0,0,0,0,80.8192,79.791,6.76462,0,0,1.22931,1.22931,0,0.949474,2.1168,8.54316e+06,3.7602e+06,1.05022e+07,0,0,0,0
85.139,85.139,5.86181,0,0,2.69746,2.69746,0,0.505349,4.47552,4.11084e+06,2.81318e+06,1.10888e+07,0,0,0,0,80.8192,79.791,11.4637,0,0,1.22969,1.22969,0,0.949765,2.1168,8.54316e+06,3.7602e+06,1.05054e+07,0,0,0,0
85.139,85.139,4.10041,0,0,2.66109,2.66109,0,0.505504,4.47552,4.11084e+06,2.81318e+06,1.09393e+07,0,0,0,0,80.8192,79.791,6.71838,0,0,1.21159,1.21159,0,0.950055,2.1168,8.54316e+06,3.7602e+06,1.03508e+07,0,0,0,0
85.139,85.139,4.18022,0,0,2.66191,2.66191,0,0.498689,4.47552,4.11084e+06,2.81318e+06,1.09427e+07,0,0,0,0,80.8192,79.791,6.71636,0,0,1.21196,1.21196,0,0.936074,2.1168,8.54316e+06,3.7602e+06,1.0354e+07,0,0,0,0
85.139,85.139,3.26125,0,0,2.66272,2.66272,0,0.498841,4.47552,4.11084e+06,2.81318e+06,1.0946e+07,0,0,0,0,80.8192,79.791,5.50178,0,0,1.21233,1.21233,0,0.93636,2.1168,8.54316e+06,3.7602e+06,1.03571e+07,0,0,0,0
84.9592,85.139,2.86642,0,0,2.66353,2.66353,0,0.498994,4.47552,4.11084e+06,2.81318e+06,1.09494e+07,0,0,0,0,80.8192,79.791,4.94949,0,0,1.2127,1.2127,0,0.936646,2.1168,8.54316e+06,3.7602e+06,1.03603e+07,0,0,0,0
84.9,85.139,3.10783,0,0,2.79074,2.79074,0,0.499146,4.47552,4.11084e+06,2.81318e+06,1.14723e+07,0,0,0,0,80.8192,79.791,4.29738,0,0,1.27866,1.27866,0,0.936932,2.1168,8.54316e+06,3.7602e+06,1.09238e+07,0,0,0,0
84.4466,85.139,2.64921,0,0,2.79159,2.79159,0,0.522984,4.47552,4.11084e+06,2.81318e+06,1.14758e+07,0,0,0,0,80.8192,79.791,3.75323,0,0,1.27905,1.27905,0,0.98789,2.1168,8.54316e+06,3.7602e+06,1.09271e+07,0,0,0,0
83.6038,85.139,2.19364,0,0,2.79244,2.79244,0,0.523144,4.47552,4.11084e+06,2.81318e+06,1.14793e+07,0,0,0,0,80.8192,79.791,3.38462,0,0,1.27944,1.27944,0,0.988192,2.1168,8.54316e+06,3.7602e+06,1.09304e+07,0,0,0,0
82.7247,85.139,2.14741,0,0,2.79329,2.79329,0,0.523303,4.47552,4.11084e+06,2.81318e+06,1.14828e+07,0,0,0,0,80.8192,79.791,3.43898,0,0,1.27983,1.27983,0,0.988493,2.1168,8.54316e+06,3.7602e+06,1.09338e+07,0,0,0,0
81.7154,85.139,2.00442,0,0,2.79415,2.79415,0,0.523463,4.47552,4.11084e+06,2.81318e+06,1.14863e+07,0,0,0,0,80.8192,79.791,3.16962,0,0,1.28022,1.28022,0,0.988795,2.1168,8.54316e+06,3.7602e+06,1.09371e+07,0,0,0,0
80.5013,85.139,1.72718,0,0,2.76997,2.76997,0,0.523623,4.47552,4.11084e+06,2.81318e+06,1.13869e+07,0,0,0,0,80.8192,79.791,2.74062,0,0,1.31671,1.31671,0,0.989097,2.1168,8.54316e+06,3.7602e+06,1.12489e+07,0,0,0,0
78.9619,85.139,1.36207,0,0,2.77081,2.77081,0,0.519092,4.47552,4.11084e+06,2.81318e+06,1.13904e+07,0,0,0,0,80.8025,79.791,2.24224,0,0,1.31711,1.31711,0,1.01729,2.1168,8.54316e+06,3.7602e+06,1.12523e+07,0,0,0,0
77.3142,85.139,1.23481,0,0,2.77166,2.77166,0,0.51925,4.47552,4.11084e+06,2.81318e+06,1.13938e+07,0,0,0,0,80.8075,79.791,2.0336,0,0,1.31752,1.31752,0,1.0176,2.1168,8.54316e+06,3.7602e+06,1.12558e+07,0,0,0,0
75.6491,85.139,1.16762,0,0,2.77251,2.77251,0,0.519409,4.47552,4.11084e+06,2.81318e+06,1.13973e+07,0,0,0,0,80.7905,79.791,1.99241,0,0,1.31792,1.31792,0,1.01791,2.1168,8.54316e+06,3.7602e+06,1.12592e+07,0,0,0,0
73.8169,85.139,1.03917,0,0,2.83808,2.83808,0,0.519567,4.47552,4.11084e+06,2.81318e+06,1.16669e+07,0,0,0,0,80.7966,79.791,1.9346,0,0,1.35053,1.35053,0,1.01822,2.1168,8.54316e+06,3.7602e+06,1.15378e+07,0,0,0,0
71.9918,85.139,1.03085,0,0,2.83894,2.83894,0,0.531855,4.47552,4.11084e+06,2.81318e+06,1.16704e+07,0,0,0,0,80.6653,79.791,1.94634,0,0,1.35095,1.35095,0,1.04342,2.1168,8.54316e+06,3.7602e+06,1.15414e+07,0,0,0,0
70.0677,85.139,0.915216,0,0,2.83981,2.83981,0,0.532018,4.47552,4.11084e+06,2.81318e+06,1.1674e+07,0,0,0,0,80.5304,79.791,1.77496,0,0,1.35136,1.35136,0,1.04374,2.1168,8.54316e+06,3.7602e+06,1.15449e+07,0,0,0,0
68.0845,85.139,0.829622,0,0,2.84068,2.84068,0,0.53218,4.47552,4.11084e+06,2.81318e+06,1.16776e+07,0,0,0,0,80.3695,79.791,1.73541,0,0,1.35177,1.35177,0,1.04406,2.1168,8.54316e+06,3.7602e+06,1.15484e+07,0,0,0,0
65.8251,85.139,0.687931,0.01,0,3.03132,3.03132,0,0.532343,4.47552,4.11084e+06,2.81318e+06,1.24613e+07,0,0,0,0,79.9472,79.791,1.70446,0,0,1.4686,1.4686,0,1.04438,2.1168,8.54316e+06,3.7602e+06,1.25465e+07,0,0,0,0
63.5122,85.139,0.623611,0.01,0,3.03224,3.03224,0,0.568069,4.47552,4.11084e+06,2.81318e+06,1.24651e+07,0,0,0,0,79.5876,79.791,1.43413,0,0,1.46905,1.46905,0,1.13464,2.1168,8.54316e+06,3.7602e+06,1.25503e+07,0,0,0,0
61.2522,85.139,0.668535,0.01,0,3.03317,3.03317,0,0.568242,4.47552,4.11084e+06,2.81318e+06,1.24689e+07,0,0,0,0,78.9594,79.791,1.63814,0,0,1.4695,1.4695,0,1.13499,2.1168,8.54316e+06,3.7602e+06,1.25542e+07,0,0,0,0
58.9061,85.139,0.554318,0.01,0,3.03409,3.03409,0,0.568415,4.47552,4.11084e+06,2.81318e+06,1.24727e+07,0,0,0,0,78.7863,79.791,1.15392,0,0,1.46995,1.46995,0,1.13533,2.1168,8.54316e+06,3.7602e+06,1.2558e+07,0,0,0,0
56.7133,85.139,0.679307,0.02,0,3.03502,3.03502,0,0.568589,4.47552,4.11084e+06,2.81318e+06,1.24765e+07,0,0,0,0,78.7261,79.791,2.16042,0,0,1.47039,1.47039,0,1.13568,2.1168,8.54316e+06,3.7602e+06,1.25618e+07,0,0,0,0
54.6764,85.139,0.749209,0.02,0,2.94331,2.94331,0,0.568762,4.47552,4.11084e+06,2.81318e+06,1.20995e+07,0,0,0,0,78.777,79.791,1.92882,0,0,1.40007,1.40007,0,1.13603,2.1168,8.54316e+06,3.7602e+06,1.19611e+07,0,0,0,0
52.8461,85.139,0.965304,0.02,0,2.94421,2.94421,0,0.551577,4.47552,4.11084e+06,2.81318e+06,1.21032e+07,0,0,0,0,79.5251,79.791,4.26371,0,0,1.4005,1.4005,0,1.0817,2.1168,8.54316e+06,3.7602e+06,1.19647e+07,0,0,0,0
50.9357,85.139,0.861179,0.02,0,2.94511,2.94511,0,0.551745,4.47552,4.11084e+06,2.81318e+06,1.21069e+07,0,0,0,0,79.7101,79.791,2.64032,0,0,1.40093,1.40093,0,1.08203,2.1168,8.54316e+06,3.7602e+06,1.19684e+07,0,0,0,0
48.9163,85.139,0.718212,0.04,0,2.94601,2.94601,0,0.551913,4.47552,4.11084e+06,2.81318e+06,1.21106e+07,0,0,0,0,79.8019,79.791,2.34678,0,0,1.40135,1.40135,0,1.08236,2.1168,8.54316e+06,3.7602e+06,1.1972e+07,0,0,0,0
47.4799,85.139,1.32921,0.04,0,2.87078,2.87078,0,0.552082,4.47552,4.11084e+06,2.81318e+06,1.18013e+07,0,0,0,0,80.3973,79.791,3.20749,0,0,1.33729,1.33729,0,1.08269,2.1168,8.54316e+06,3.7602e+06,1.14247e+07,0,0,0,0
46.4537,85.139,1.78843,0.03,0,2.87165,2.87165,0,0.537984,4.47552,4.11084e+06,2.81318e+06,1.18049e+07,0,0,0,0,80.4789,79.791,3.2172,0,0,1.33769,1.33769,0,1.03319,2.1168,8.54316e+06,3.7602e+06,1.14281e+07,0,0,0,0
44.9836,85.139,1.28351,0.03,0,2.87253,2.87253,0,0.538148,4.47552,4.11084e+06,2.81318e+06,1.18085e+07,0,0,0,0,80.8192,79.791,1.81994,0,0,1.3381,1.3381,0,1.0335,2.1168,8.54316e+06,3.7602e+06,1.14316e+07,0,0,0,0
44.9342,85.139,2.71968,0.03,0,2.87341,2.87341,0,0.538312,4.47552,4.11084e+06,2.81318e+06,1.18121e+07,0,0,0,0,80.8192,79.791,3.31211,0,0,1.33851,1.33851,0,1.03382,2.1168,8.54316e+06,3.7602e+06,1.14351e+07,0,0,0,0
47.9357,85.139,5.79693,0.03,0,2.65781,2.65781,0,0.538476,4.47552,4.11084e+06,2.81318e+06,1.09258e+07,0,0,0,0,80.8192,79.791,7.31945,0,0,1.20443,1.20443,0,1.03413,2.1168,8.54316e+06,3.7602e+06,1.02896e+07,0,0,0,0
51.0655,85.139,5.93592,0.03,0,2.65862,2.65862,0,0.498074,4.47552,4.11084e+06,2.81318e+06,1.09292e+07,0,0,0,0,80.8192,79.791,5.70594,0,0,1.20479,1.20479,0,0.930541,2.1168,8.54316e+06,3.7602e+06,1.02928e+07,0,0,0,0
52.601,85.139,4.33644,0.03,0,2.65943,2.65943,0,0.498226,4.47552,4.11084e+06,2.81318e+06,1.09325e+07,0,0,0,0,80.8192,79.791,3.87604,0,0,1.20516,1.20516,0,0.930825,2.1168,8.54316e+06,3.7602e+06,1.02959e+07,0,0,0,0
52.7697,85.139,2.91224,0.03,0,2.66025,2.66025,0,0.498378,4.47552,4.11084e+06,2.81318e+06,1.09358e+07,0,0,0,0,80.8192,79.791,3.00784,0,0,1.20553,1.20553,0,0.931108,2.1168,8.54316e+06,3.7602e+06,1.0299e+07,0,0,0,0
57.3087,85.139,7.34071,0.03,0,2.66106,2.66106,0,0.49853,4.47552,4.11084e+06,2.81318e+06,1.09392e+07,0,0,0,0,80.8192,79.791,5.53176,0,0,1.2059,1.2059,0,0.931392,2.1168,8.54316e+06,3.7602e+06,1.03022e+07,0,0,0,0
62.5091,85.139,8.21611,0.03,0,2.66106,2.66106,0,0.498682,4.47552,4.11084e+06,2.81318e+06,1.09392e+07,0,0,0,0,80.8192,79.791,6.13187,0,0,1.2059,1.2059,0,0.931676,2.1168,8.54316e+06,3.7602e+06,1.03022e+07,0,0,0,0
64.8772,85.139,5.6648,0.01,0,2.74523,2.74523,0,0.498682,4.47552,4.11084e+06,2.81318e+06,1.12852e+07,0,0,0,0,80.8192,79.791,4.64256,0,0,1.24526,1.24526,0,0.931676,2.1168,8.54316e+06,3.7602e+06,1.06384e+07,0,0,0,0
69.6147,85.139,8.1682,0.01,0,2.74604,2.74604,0,0.514457,4.47552,4.11084e+06,2.81318e+06,1.12885e+07,0,0,0,0,80.8192,79.791,5.13773,0,0,1.24562,1.24562,0,0.962086,2.1168,8.54316e+06,3.7602e+06,1.06416e+07,0,0,0,0
72.5031,85.139,6.14111,0,0,2.74684,2.74684,0,0.514608,4.47552,4.11084e+06,2.81318e+06,1.12918e+07,0,0,0,0,80.8192,79.791,4.15231,0,0,1.24599,1.24599,0,0.962368,2.1168,8.54316e+06,3.7602e+06,1.06447e+07,0,0,0,0
74.86,85.139,5.53738,0,0,2.74765,2.74765,0,0.514759,4.47552,4.11084e+06,2.81318e+06,1.12951e+07,0,0,0,0,80.8192,79.791,4.72806,0,0,1.24635,1.24635,0,0.96265,2.1168,8.54316e+06,3.7602e+06,1.06478e+07,0,0,0,0
78.3198,85.139,7.11526,0,0,3.01653,3.01653,0,0.514909,4.47552,4.11084e+06,2.81318e+06,1.24005e+07,0,0,0,0,80.8192,79.791,6.52508,0,0,1.39331,1.39331,0,0.962932,2.1168,8.54316e+06,3.7602e+06,1.19032e+07,0,0,0,0
81.5037,85.139,6.97347,0,0,3.01742,3.01742,0,0.565298,4.47552,4.11084e+06,2.81318e+06,1.24041e+07,0,0,0,0,80.8192,79.791,6.89176,0,0,1.39371,1.39371,0,1.07647,2.1168,8.54316e+06,3.7602e+06,1.19067e+07,0,0,0,0
85.139,85.139,13.3546,0,0,3.0183,3.0183,0,0.565464,4.47552,4.11084e+06,2.81318e+06,1.24077e+07,0,0,0,0,80.8192,79.791,10.3201,0,0,1.39412,1.39412,0,1.07678,2.1168,8.54316e+06,3.7602e+06,1.19102e+07,0,0,0,0
85.139,85.139,6.29483,0,0,3.01918,3.01918,0,0.565629,4.47552,4.11084e+06,2.81318e+06,1.24114e+07,0,0,0,0,80.8192,79.791,5.61341,0,0,1.39453,1.39453,0,1.0771,2.1168,8.54316e+06,3.7602e+06,1.19137e+07,0,0,0,0
85.139,85.139,13.1933,0,0,2.63725,2.63725,0,0.565795,4.47552,4.11084e+06,2.81318e+06,1.08413e+07,0,0,0,0,80.8192,79.791,12.8175,0,0,1.19799,1.19799,0,1.07741,2.1168,8.54316e+06,3.7602e+06,1.02346e+07,0,0,0,0
85.139,85.139,12.2087,0,0,2.63803,2.63803,0,0.494221,4.47552,4.11084e+06,2.81318e+06,1.08445e+07,0,0,0,0,80.8192,79.791,10.8663,0,0,1.19834,1.19834,0,0.925564,2.1168,8.54316e+06,3.7602e+06,1.02376e+07,0,0,0,0
85.139,85.139,12.2382,0,0,2.6388,2.6388,0,0.494366,4.47552,4.11084e+06,2.81318e+06,1.08477e+07,0,0,0,0,80.8192,79.791,8.60986,0,0,1.19869,1.19869,0,0.925835,2.1168,8.54316e+06,3.7602e+06,1.02406e+07,0,0,0,0
85.139,85.139,8.58956,0,0,2.63957,2.63957,0,0.494511,4.47552,4.11084e+06,2.81318e+06,1.08509e+07,0,0,0,0,80.8192,79.791,5.85948,0,0,1.19904,1.19904,0,0.926106,2.1168,8.54316e+06,3.7602e+06,1.02436e+07,0,0,0,0
85.139,85.139,8.55919,0,0,2.64034,2.64034,0,0.494656,4.47552,4.11084e+06,2.81318e+06,1.0854e+07,0,0,0,0,80.8192,79.791,7.06031,0,0,1.19939,1.19939,0,0.926377,2.1168,8.54316e+06,3.7602e+06,1.02466e+07,0,0,0,0
85.139,85.139,8.58517,0,0,2.73762,2.73762,0,0.494801,4.47552,4.11084e+06,2.81318e+06,1.12539e+07,0,0,0,0,80.8192,79.791,8.54066,0,0,1.24799,1.24799,0,0.926648,2.1168,8.54316e+06,3.7602e+06,1.06618e+07,0,0,0,0
85.139,85.139,6.37572,0,0,2.73842,2.73842,0,0.51303,4.47552,4.11084e+06,2.81318e+06,1.12572e+07,0,0,0,0,80.8192,79.791,7.2896,0,0,1.24836,1.24836,0,0.964199,2.1168,8.54316e+06,3.7602e+06,1.06649e+07,0,0,0,0
85.139,85.139,6.62366,0,0,2.73922,2.73922,0,0.51318,4.47552,4.11084e+06,2.81318e+06,1.12605e+07,0,0,0,0,80.8192,79.791,8.18241,0,0,1.24872,1.24872,0,0.964482,2.1168,8.54316e+06,3.7602e+06,1.06681e+07,0,0,0,0
85.139,85.139,6.07736,0,0,2.74002,2.74002,0,0.51333,4.47552,4.11084e+06,2.81318e+06,1.12638e+07,0,0,0,0,80.8192,79.791,7.62922,0,0,1.24909,1.24909,0,0.964764,2.1168,8.54316e+06,3.7602e+06,1.06712e+07,0,0,0,0
85.139,85.139,5.48186,0,0,2.70305,2.70305,0,0.51348,4.47552,4.11084e+06,2.81318e+06,1.11118e+07,0,0,0,0,80.8192,79.791,5.88061,0,0,1.23069,1.23069,0,0.965046,2.1168,8.54316e+06,3.7602e+06,1.0514e+07,0,0,0,0
85.139,85.139,4.68668,0,0,2.70384,2.70384,0,0.506551,4.47552,4.11084e+06,2.81318e+06,1.11151e+07,0,0,0,0,80.8192,79.791,5.31781,0,0,1.23105,1.23105,0,0.950833,2.1168,8.54316e+06,3.7602e+06,1.05171e+07,0,0,0,0
85.139,85.139,4.1598,0,0,2.70463,2.70463,0,0.5067,4.47552,4.11084e+06,2.81318e+06,1.11183e+07,0,0,0,0,80.8192,79.791,4.67334,0,0,1.23141,1.23141,0,0.951111,2.1168,8.54316e+06,3.7602e+06,1.05202e+07,0,0,0,0
85.139,85.139,3.81398,0,0,2.70542,2.70542,0,0.506848,4.47552,4.11084e+06,2.81318e+06,1.11216e+07,0,0,0,0,80.8192,79.791,4.30922,0,0,1.23177,1.23177,0,0.951389,2.1168,8.54316e+06,3.7602e+06,1.05232e+07,0,0,0,0
85.139,85.139,3.45682,0,0,2.83459,2.83459,0,0.506996,4.47552,4.11084e+06,2.81318e+06,1.16525e+07,0,0,0,0,80.8192,79.791,3.60315,0,0,1.29875,1.29875,0,0.951667,2.1168,8.54316e+06,3.7602e+06,1.10954e+07,0,0,0,0
85.139,85.139,3.213,0,0,2.83542,2.83542,0,0.531202,4.47552,4.11084e+06,2.81318e+06,1.16559e+07,0,0,0,0,80.8192,79.791,3.14472,0,0,1.29913,1.29913,0,1.00341,2.1168,8.54316e+06,3.7602e+06,1.10987e+07,0,0,0,0
85.0814,85.139,3.05084,0,0,2.83625,2.83625,0,0.531357,4.47552,4.11084e+06,2.81318e+06,1.16594e+07,0,0,0,0,80.8192,79.791,3.29656,0,0,1.29951,1.29951,0,1.00371,2.1168,8.54316e+06,3.7602e+06,1.11019e+07,0,0,0,0
84.7986,85.139,2.83151,0,0,2.83708,2.83708,0,0.531513,4.47552,4.11084e+06,2.81318e+06,1.16628e+07,0,0,0,0,80.8192,79.791,3.17608,0,0,1.29989,1.29989,0,1.004,2.1168,8.54316e+06,3.7602e+06,1.11052e+07,0,0,0,0
84.5513,85.139,2.81328,0,0,2.83791,2.83791,0,0.531668,4.47552,4.11084e+06,2.81318e+06,1.16662e+07,0,0,0,0,80.8192,79.791,2.9759,0,0,1.30027,1.30027,0,1.00429,2.1168,8.54316e+06,3.7602e+06,1.11084e+07,0,0,0,0
84.501,85.139,3.01223,0,0,2.81331,2.81331,0,0.531824,4.47552,4.11084e+06,2.81318e+06,1.15651e+07,0,0,0,0,80.8192,79.791,2.54182,0,0,1.33732,1.33732,0,1.00459,2.1168,8.54316e+06,3.7602e+06,1.14249e+07,0,0,0,0
84.3361,85.139,2.83065,0,0,2.81413,2.81413,0,0.527214,4.47552,4.11084e+06,2.81318e+06,1.15685e+07,0,0,0,0,80.8192,79.791,2.46728,0,0,1.33771,1.33771,0,1.03321,2.1168,8.54316e+06,3.7602e+06,1.14282e+07,0,0,0,0
83.9795,85.139,2.62554,0,0,2.81496,2.81496,0,0.527369,4.47552,4.11084e+06,2.81318e+06,1.15718e+07,0,0,0,0,80.8192,79.791,2.47882,0,0,1.3381,1.3381,0,1.03351,2.1168,8.54316e+06,3.7602e+06,1.14316e+07,0,0,0,0
83.4499,85.139,2.44139,0,0,2.81578,2.81578,0,0.527523,4.47552,4.11084e+06,2.81318e+06,1.15752e+07,0,0,0,0,80.8192,79.791,2.48909,0,0,1.33849,1.33849,0,1.03381,2.1168,8.54316e+06,3.7602e+06,1.14349e+07,0,0,0,0
82.9793,85.139,2.56334,0,0,2.88234,2.88234,0,0.527677,4.47552,4.11084e+06,2.81318e+06,1.18488e+07,0,0,0,0,80.8192,79.791,2.34448,0,0,1.3716,1.3716,0,1.03412,2.1168,8.54316e+06,3.7602e+06,1.17178e+07,0,0,0,0
82.4428,85.139,2.49371,0,0,2.88318,2.88318,0,0.54015,4.47552,4.11084e+06,2.81318e+06,1.18523e+07,0,0,0,0,80.8192,79.791,2.36036,0,0,1.372,1.372,0,1.0597,2.1168,8.54316e+06,3.7602e+06,1.17212e+07,0,0,0,0
81.7582,85.139,2.32864,0,0,2.88402,2.88402,0,0.540308,4.47552,4.11084e+06,2.81318e+06,1.18557e+07,0,0,0,0,80.8007,79.791,2.22706,0,0,1.3724,1.3724,0,1.06,2.1168,8.54316e+06,3.7602e+06,1.17246e+07,0,0,0,0
80.8971,85.139,2.13728,0,0,2.88486,2.88486,0,0.540466,4.47552,4.11084e+06,2.81318e+06,1.18592e+07,0,0,0,0,80.7757,79.791,2.09523,0,0,1.3728,1.3728,0,1.06031,2.1168,8.54316e+06,3.7602e+06,1.1728e+07,0,0,0,0
79.7342,85.139,1.96302,0,0,3.07843,3.07843,0,0.540623,4.47552,4.11084e+06,2.81318e+06,1.26549e+07,0,0,0,0,80.6911,79.791,2.4462,0,0,1.49143,1.49143,0,1.06062,2.1168,8.54316e+06,3.7602e+06,1.27415e+07,0,0,0,0
77.8755,85.139,1.22578,0,0,3.07933,3.07933,0,0.576898,4.47552,4.11084e+06,2.81318e+06,1.26586e+07,0,0,0,0,80.4641,79.791,1.94102,0,0,1.49186,1.49186,0,1.15228,2.1168,8.54316e+06,3.7602e+06,1.27452e+07,0,0,0,0
76.5988,85.139,1.83815,0,0,3.08023,3.08023,0,0.577066,4.47552,4.11084e+06,2.81318e+06,1.26623e+07,0,0,0,0,80.3281,79.791,2.29662,0,0,1.4923,1.4923,0,1.15261,2.1168,8.54316e+06,3.7602e+06,1.27489e+07,0,0,0,0
76.0246,85.139,2.57782,0.01,0,3.08113,3.08113,0,0.577235,4.47552,4.11084e+06,2.81318e+06,1.2666e+07,0,0,0,0,80.3577,79.791,2.54633,0,0,1.49273,1.49273,0,1.15295,2.1168,8.54316e+06,3.7602e+06,1.27527e+07,0,0,0,0
74.5295,85.139,1.63301,0.01,0,3.08203,3.08203,0,0.577404,4.47552,4.11084e+06,2.81318e+06,1.26697e+07,0,0,0,0,80.19,79.791,2.05764,0,0,1.49317,1.49317,0,1.15329,2.1168,8.54316e+06,3.7602e+06,1.27564e+07,0,0,0,0
74.0345,85.139,2.53109,0.01,0,2.98887,2.98887,0,0.577572,4.47552,4.11084e+06,2.81318e+06,1.22867e+07,0,0,0,0,79.8732,79.791,2.42437,0,0,1.42174,1.42174,0,1.15362,2.1168,8.54316e+06,3.7602e+06,1.21462e+07,0,0,0,0
72.3155,85.139,1.30496,0.01,0,2.98974,2.98974,0,0.560114,4.47552,4.11084e+06,2.81318e+06,1.22903e+07,0,0,0,0,79.2645,79.791,1.46101,0,0,1.42216,1.42216,0,1.09844,2.1168,8.54316e+06,3.7602e+06,1.21497e+07,0,0,0,0
70.6429,85.139,1.2963,0.01,0,2.99061,2.99061,0,0.560277,4.47552,4.11084e+06,2.81318e+06,1.22939e+07,0,0,0,0,79.1306,79.791,1.31646,0,0,1.42257,1.42257,0,1.09876,2.1168,8.54316e+06,3.7602e+06,1.21533e+07,0,0,0,0
71.0682,85.139,3.52971,0.01,0,2.99149,2.99149,0,0.560441,4.47552,4.11084e+06,2.81318e+06,1.22975e+07,0,0,0,0,78.8488,79.791,3.22292,0,0,1.42299,1.42299,0,1.09908,2.1168,8.54316e+06,3.7602e+06,1.21568e+07,0,0,0,0
69.6619,85.139,1.62213,0.01,0,2.91506,2.91506,0,0.560604,4.47552,4.11084e+06,2.81318e+06,1.19833e+07,0,0,0,0,78.326,79.791,1.49447,0,0,1.35791,1.35791,0,1.0994,2.1168,8.54316e+06,3.7602e+06,1.16009e+07,0,0,0,0
67.9197,85.139,1.32055,0.01,0,2.91591,2.91591,0,0.546282,4.47552,4.11084e+06,2.81318e+06,1.19868e+07,0,0,0,0,77.8409,79.791,1.14987,0,0,1.35831,1.35831,0,1.04912,2.1168,8.54316e+06,3.7602e+06,1.16043e+07,0,0,0,0
66.0116,85.139,1.11882,0.02,0,2.91676,2.91676,0,0.546441,4.47552,4.11084e+06,2.81318e+06,1.19903e+07,0,0,0,0,77.8231,79.791,1.36283,0,0,1.35871,1.35871,0,1.04943,2.1168,8.54316e+06,3.7602e+06,1.16076e+07,0,0,0,0
66.2736,85.139,3.4787,0.02,0,2.91761,2.91761,0,0.546601,4.47552,4.11084e+06,2.81318e+06,1.19938e+07,0,0,0,0,78.4513,79.791,4.23753,0,0,1.3591,1.3591,0,1.04974,2.1168,8.54316e+06,3.7602e+06,1.1611e+07,0,0,0,0
67.4957,85.139,4.34877,0.02,0,2.69867,2.69867,0,0.546761,4.47552,4.11084e+06,2.81318e+06,1.10938e+07,0,0,0,0,79.4275,79.791,3.3452,0,0,1.22294,1.22294,0,1.05004,2.1168,8.54316e+06,3.7602e+06,1.04478e+07,0,0,0,0
69.2647,85.139,5.02242,0.02,0,2.69946,2.69946,0,0.505731,4.47552,4.11084e+06,2.81318e+06,1.1097e+07,0,0,0,0,80.3785,79.791,3.60919,0,0,1.2233,1.2233,0,0.944845,2.1168,8.54316e+06,3.7602e+06,1.04508e+07,0,0,0,0
70.0279,85.139,3.97836,0.01,0,2.70025,2.70025,0,0.505878,4.47552,4.11084e+06,2.81318e+06,1.11003e+07,0,0,0,0,80.8192,79.791,4.51805,0,0,1.22366,1.22366,0,0.945121,2.1168,8.54316e+06,3.7602e+06,1.04539e+07,0,0,0,0
70.8786,85.139,4.04778,0,0,2.70103,2.70103,0,0.506026,4.47552,4.11084e+06,2.81318e+06,1.11035e+07,0,0,0,0,80.8192,79.791,7.11291,0,0,1.22401,1.22401,0,0.945397,2.1168,8.54316e+06,3.7602e+06,1.04569e+07,0,0,0,0
72.0256,85.139,4.34754,0,0,2.70182,2.70182,0,0.506174,4.47552,4.11084e+06,2.81318e+06,1.11068e+07,0,0,0,0,80.8192,79.791,5.49489,0,0,1.22437,1.22437,0,0.945672,2.1168,8.54316e+06,3.7602e+06,1.046e+07,0,0,0,0
77.9,85.139,9.50268,0,0,2.78725,2.78725,0,0.506321,4.47552,4.11084e+06,2.81318e+06,1.1458e+07,0,0,0,0,80.8192,79.791,9.7527,0,0,1.26432,1.26432,0,0.945948,2.1168,8.54316e+06,3.7602e+06,1.08013e+07,0,0,0,0
82.5545,85.139,8.35929,0,0,2.78804,2.78804,0,0.522332,4.47552,4.11084e+06,2.81318e+06,1.14612e+07,0,0,0,0,80.8192,79.791,8.21601,0,0,1.26467,1.26467,0,0.976812,2.1168,8.54316e+06,3.7602e+06,1.08043e+07,0,0,0,0
85.139,85.139,6.46563,0,0,2.78882,2.78882,0,0.522478,4.47552,4.11084e+06,2.81318e+06,1.14644e+07,0,0,0,0,80.8192,79.791,4.60775,0,0,1.26503,1.26503,0,0.977086,2.1168,8.54316e+06,3.7602e+06,1.08073e+07,0,0,0,0
85.139,85.139,5.72529,0,0,2.7896,2.7896,0,0.522624,4.47552,4.11084e+06,2.81318e+06,1.14676e+07,0,0,0,0,80.8192,79.791,3.99866,0,0,1.26538,1.26538,0,0.97736,2.1168,8.54316e+06,3.7602e+06,1.08104e+07,0,0,0,0
85.139,85.139,5.67923,0,0,3.06255,3.06255,0,0.522771,4.47552,4.11084e+06,2.81318e+06,1.25896e+07,0,0,0,0,80.8192,79.791,3.83041,0,0,1.41456,1.41456,0,0.977633,2.1168,8.54316e+06,3.7602e+06,1.20848e+07,0,0,0,0
85.0123,85.139,3.4367,0,0,3.0634,3.0634,0,0.573921,4.47552,4.11084e+06,2.81318e+06,1.25932e+07,0,0,0,0,80.8192,79.791,3.9569,0,0,1.41496,1.41496,0,1.09289,2.1168,8.54316e+06,3.7602e+06,1.20882e+07,0,0,0,0
85.139,85.139,4.33496,0,0,3.06426,3.06426,0,0.574082,4.47552,4.11084e+06,2.81318e+06,1.25967e+07,0,0,0,0,80.8192,79.791,6.22086,0,0,1.41535,1.41535,0,1.09319,2.1168,8.54316e+06,3.7602e+06,1.20916e+07,0,0,0,0
85.139,85.139,4.086,0,0,3.06512,3.06512,0,0.574243,4.47552,4.11084e+06,2.81318e+06,1.26002e+07,0,0,0,0,80.8192,79.791,5.10991,0,0,1.41575,1.41575,0,1.0935,2.1168,8.54316e+06,3.7602e+06,1.2095e+07,0,0,0,0
85.139,85.139,6.43103,0,0,2.67735,2.67735,0,0.574403,4.47552,4.11084e+06,2.81318e+06,1.10061e+07,0,0,0,0,80.8192,79.791,6.73502,0,0,1.2162,1.2162,0,1.09381,2.1168,8.54316e+06,3.7602e+06,1.03902e+07,0,0,0,0
85.139,85.139,5.14305,0,0,2.6781,2.6781,0,0.501735,4.47552,4.11084e+06,2.81318e+06,1.10092e+07,0,0,0,0,80.8192,79.791,5.87696,0,0,1.21654,1.21654,0,0.939634,2.1168,8.54316e+06,3.7602e+06,1.03931e+07,0,0,0,0
85.139,85.139,4.25807,0,0,2.67884,2.67884,0,0.501875,4.47552,4.11084e+06,2.81318e+06,1.10123e+07,0,0,0,0,80.8192,79.791,5.19214,0,0,1.21688,1.21688,0,0.939897,2.1168,8.54316e+06,3.7602e+06,1.0396e+07,0,0,0,0
85.139,85.139,4.00575,0,0,2.67959,2.67959,0,0.502016,4.47552,4.11084e+06,2.81318e+06,1.10154e+07,0,0,0,0,80.8192,79.791,5.39714,0,0,1.21722,1.21722,0,0.94016,2.1168,8.54316e+06,3.7602e+06,1.03989e+07,0,0,0,0
85.139,85.139,5.98555,0,0,2.68034,2.68034,0,0.502156,4.47552,4.11084e+06,2.81318e+06,1.10185e+07,0,0,0,0,80.8192,79.791,5.75462,0,0,1.21756,1.21756,0,0.940423,2.1168,8.54316e+06,3.7602e+06,1.04018e+07,0,0,0,0
85.139,85.139,5.14984,0,0,2.77906,2.77906,0,0.502297,4.47552,4.11084e+06,2.81318e+06,1.14243e+07,0,0,0,0,80.8192,79.791,4.89752,0,0,1.26688,1.26688,0,0.940687,2.1168,8.54316e+06,3.7602e+06,1.08232e+07,0,0,0,0
85.139,85.139,4.87698,0,0,2.77983,2.77983,0,0.520795,4.47552,4.11084e+06,2.81318e+06,1.14275e+07,0,0,0,0,80.8192,79.791,5.41136,0,0,1.26724,1.26724,0,0.978794,2.1168,8.54316e+06,3.7602e+06,1.08262e+07,0,0,0,0
85.139,85.139,3.67055,0,0,2.78061,2.78061,0,0.520941,4.47552,4.11084e+06,2.81318e+06,1.14307e+07,0,0,0,0,80.8192,79.791,4.96356,0,0,1.26759,1.26759,0,0.979068,2.1168,8.54316e+06,3.7602e+06,1.08293e+07,0,0,0,0
84.8365,85.139,3.08037,0,0,2.78139,2.78139,0,0.521087,4.47552,4.11084e+06,2.81318e+06,1.14338e+07,0,0,0,0,80.8192,79.791,3.80863,0,0,1.26795,1.26795,0,0.979342,2.1168,8.54316e+06,3.7602e+06,1.08323e+07,0,0,0,0
84.7699,85.139,3.1852,0,0,2.74382,2.74382,0,0.521232,4.47552,4.11084e+06,2.81318e+06,1.12794e+07,0,0,0,0,80.8192,79.791,4.19263,0,0,1.24926,1.24926,0,0.979616,2.1168,8.54316e+06,3.7602e+06,1.06726e+07,0,0,0,0
84.4534,85.139,2.90974,0,0,2.74459,2.74459,0,0.514192,4.47552,4.11084e+06,2.81318e+06,1.12826e+07,0,0,0,0,80.8192,79.791,4.29988,0,0,1.24961,1.24961,0,0.965175,2.1168,8.54316e+06,3.7602e+06,1.06756e+07,0,0,0,0
84.256,85.139,3.02514,0,0,2.74536,2.74536,0,0.514336,4.47552,4.11084e+06,2.81318e+06,1.12857e+07,0,0,0,0,80.8192,79.791,3.68711,0,0,1.24996,1.24996,0,0.965445,2.1168,8.54316e+06,3.7602e+06,1.06786e+07,0,0,0,0
84.0327,85.139,2.96072,0,0,2.74613,2.74613,0,0.51448,4.47552,4.11084e+06,2.81318e+06,1.12889e+07,0,0,0,0,80.8192,79.791,3.72913,0,0,1.2503,1.2503,0,0.965715,2.1168,8.54316e+06,3.7602e+06,1.06816e+07,0,0,0,0
83.3734,85.139,2.5124,0,0,2.8772,2.8772,0,0.514624,4.47552,4.11084e+06,2.81318e+06,1.18277e+07,0,0,0,0,80.8192,79.791,3.73973,0,0,1.31827,1.31827,0,0.965986,2.1168,8.54316e+06,3.7602e+06,1.12622e+07,0,0,0,0
82.7546,85.139,2.56173,0,0,2.878,2.878,0,0.539187,4.47552,4.11084e+06,2.81318e+06,1.1831e+07,0,0,0,0,80.8192,79.791,3.56459,0,0,1.31864,1.31864,0,1.0185,2.1168,8.54316e+06,3.7602e+06,1.12654e+07,0,0,0,0
81.9239,85.139,2.33641,0,0,2.87881,2.87881,0,0.539338,4.47552,4.11084e+06,2.81318e+06,1.18343e+07,0,0,0,0,80.8192,79.791,3.19865,0,0,1.31901,1.31901,0,1.01878,2.1168,8.54316e+06,3.7602e+06,1.12685e+07,0,0,0,0
80.8387,85.139,2.04961,0,0,2.87961,2.87961,0,0.539489,4.47552,4.11084e+06,2.81318e+06,1.18376e+07,0,0,0,0,80.8192,79.791,2.92833,0,0,1.31938,1.31938,0,1.01907,2.1168,8.54316e+06,3.7602e+06,1.12717e+07,0,0,0,0
79.6491,85.139,1.89321,0,0,2.88042,2.88042,0,0.53964,4.47552,4.11084e+06,2.81318e+06,1.18409e+07,0,0,0,0,80.8192,79.791,3.06125,0,0,1.31975,1.31975,0,1.01935,2.1168,8.54316e+06,3.7602e+06,1.12748e+07,0,0,0,0
78.405,85.139,1.77534,0,0,2.85542,2.85542,0,0.53979,4.47552,4.11084e+06,2.81318e+06,1.17382e+07,0,0,0,0,80.8192,79.791,3.14067,0,0,1.35733,1.35733,0,1.01964,2.1168,8.54316e+06,3.7602e+06,1.15959e+07,0,0,0,0
77.0649,85.139,1.67134,0,0,2.85622,2.85622,0,0.535105,4.47552,4.11084e+06,2.81318e+06,1.17414e+07,0,0,0,0,80.8192,79.791,2.97576,0,0,1.35771,1.35771,0,1.04867,2.1168,8.54316e+06,3.7602e+06,1.15991e+07,0,0,0,0
75.595,85.139,1.5301,0,0,2.85702,2.85702,0,0.535255,4.47552,4.11084e+06,2.81318e+06,1.17447e+07,0,0,0,0,80.8192,79.791,2.92187,0,0,1.35809,1.35809,0,1.04897,2.1168,8.54316e+06,3.7602e+06,1.16024e+07,0,0,0,0
74.0068,85.139,1.3865,0,0,2.85781,2.85781,0,0.535405,4.47552,4.11084e+06,2.81318e+06,1.1748e+07,0,0,0,0,80.8192,79.791,2.64896,0,0,1.35847,1.35847,0,1.04926,2.1168,8.54316e+06,3.7602e+06,1.16056e+07,0,0,0,0
72.37,85.139,1.35192,0,0,2.92533,2.92533,0,0.535554,4.47552,4.11084e+06,2.81318e+06,1.20255e+07,0,0,0,0,80.8192,79.791,2.58385,0,0,1.39205,1.39205,0,1.04955,2.1168,8.54316e+06,3.7602e+06,1.18925e+07,0,0,0,0
70.9394,85.139,1.55768,0,0,2.92614,2.92614,0,0.548206,4.47552,4.11084e+06,2.81318e+06,1.20289e+07,0,0,0,0,80.8192,79.791,3.10046,0,0,1.39244,1.39244,0,1.0755,2.1168,8.54316e+06,3.7602e+06,1.18959e+07,0,0,0,0
69.4219,85.139,1.43873,0,0,2.92696,2.92696,0,0.548359,4.47552,4.11084e+06,2.81318e+06,1.20323e+07,0,0,0,0,80.8192,79.791,3.11398,0,0,1.39283,1.39283,0,1.0758,2.1168,8.54316e+06,3.7602e+06,1.18992e+07,0,0,0,0
67.8168,85.139,1.33421,0,0,2.92778,2.92778,0,0.548513,4.47552,4.11084e+06,2.81318e+06,1.20356e+07,0,0,0,0,80.8192,79.791,2.77829,0,0,1.39322,1.39322,0,1.0761,2.1168,8.54316e+06,3.7602e+06,1.19025e+07,0,0,0,0
66.0168,85.139,1.27247,0.01,0,3.12419,3.12419,0,0.548666,4.47552,4.11084e+06,2.81318e+06,1.2843e+07,0,0,0,0,80.8192,79.791,2.81367,0,0,1.51359,1.51359,0,1.0764,2.1168,8.54316e+06,3.7602e+06,1.29309e+07,0,0,0,0
64.2457,85.139,1.26845,0.01,0,3.12506,3.12506,0,0.585473,4.47552,4.11084e+06,2.81318e+06,1.28466e+07,0,0,0,0,80.8192,79.791,2.8608,0,0,1.51402,1.51402,0,1.1694,2.1168,8.54316e+06,3.7602e+06,1.29345e+07,0,0,0,0
62.3713,85.139,1.13686,0.02,0,3.12593,3.12593,0,0.585636,4.47552,4.11084e+06,2.81318e+06,1.28502e+07,0,0,0,0,80.8192,79.791,2.65661,0,0,1.51444,1.51444,0,1.16973,2.1168,8.54316e+06,3.7602e+06,1.29381e+07,0,0,0,0
60.7216,85.139,1.34571,0.02,0,3.12681,3.12681,0,0.5858,4.47552,4.11084e+06,2.81318e+06,1.28538e+07,0,0,0,0,80.8192,79.791,2.8775,0,0,1.51486,1.51486,0,1.17006,2.1168,8.54316e+06,3.7602e+06,1.29417e+07,0,0,0,0
59.9565,85.139,2.2964,0.02,0,3.12768,3.12768,0,0.585963,4.47552,4.11084e+06,2.81318e+06,1.28574e+07,0,0,0,0,80.8192,79.791,3.44452,0,0,1.51529,1.51529,0,1.17038,2.1168,8.54316e+06,3.7602e+06,1.29453e+07,0,0,0,0
60.1107,85.139,3.16737,0.02,0,3.0331,3.0331,0,0.586127,4.47552,4.11084e+06,2.81318e+06,1.24686e+07,0,0,0,0,80.8192,79.791,7.47645,0,0,1.44278,1.44278,0,1.17071,2.1168,8.54316e+06,3.7602e+06,1.23259e+07,0,0,0,0
61.46,85.139,4.35625,0.02,0,3.03394,3.03394,0,0.568402,4.47552,4.11084e+06,2.81318e+06,1.24721e+07,0,0,0,0,80.8192,79.791,11.7752,0,0,1.44318,1.44318,0,1.11469,2.1168,8.54316e+06,3.7602e+06,1.23294e+07,0,0,0,0
62.6076,85.139,4.21148,0.02,0,3.03479,3.03479,0,0.568561,4.47552,4.11084e+06,2.81318e+06,1.24755e+07,0,0,0,0,80.8192,79.791,9.76992,0,0,1.44359,1.44359,0,1.115,2.1168,8.54316e+06,3.7602e+06,1.23328e+07,0,0,0,0
63.2283,85.139,3.68938,0.02,0,3.03564,3.03564,0,0.56872,4.47552,4.11084e+06,2.81318e+06,1.2479e+07,0,0,0,0,80.8192,79.791,9.58895,0,0,1.44399,1.44399,0,1.11532,2.1168,8.54316e+06,3.7602e+06,1.23362e+07,0,0,0,0
63.7286,85.139,3.59897,0.02,0,2.95805,2.95805,0,0.568879,4.47552,4.11084e+06,2.81318e+06,1.21601e+07,0,0,0,0,80.8192,79.791,7.60968,0,0,1.37794,1.37794,0,1.11563,2.1168,8.54316e+06,3.7602e+06,1.17719e+07,0,0,0,0
65.0281,85.139,4.4501,0.02,0,2.95887,2.95887,0,0.554338,4.47552,4.11084e+06,2.81318e+06,1.21634e+07,0,0,0,0,80.8192,79.791,6.85664,0,0,1.37832,1.37832,0,1.06459,2.1168,8.54316e+06,3.7602e+06,1.17752e+07,0,0,0,0
64.9512,85.139,3.10221,0.02,0,2.9597,2.9597,0,0.554492,4.47552,4.11084e+06,2.81318e+06,1.21668e+07,0,0,0,0,80.8192,79.791,5.81315,0,0,1.37871,1.37871,0,1.06489,2.1168,8.54316e+06,3.7602e+06,1.17785e+07,0,0,0,0
67.8468,85.139,6.01791,0.02,0,2.96052,2.96052,0,0.554647,4.47552,4.11084e+06,2.81318e+06,1.21702e+07,0,0,0,0,80.8192,79.791,7.79599,0,0,1.37909,1.37909,0,1.06519,2.1168,8.54316e+06,3.7602e+06,1.17818e+07,0,0,0,0
81.9129,85.139,17.3044,0.02,0,2.73833,2.73833,0,0.554802,4.47552,4.11084e+06,2.81318e+06,1.12568e+07,0,0,0,0,80.8192,79.791,17.2636,0,0,1.24091,1.24091,0,1.06549,2.1168,8.54316e+06,3.7602e+06,1.06013e+07,0,0,0,0
85.139,85.139,7.56064,0,0,2.73909,2.73909,0,0.513162,4.47552,4.11084e+06,2.81318e+06,1.126e+07,0,0,0,0,80.8192,79.791,19.8901,0,0,1.24126,1.24126,0,0.958729,2.1168,8.54316e+06,3.7602e+06,1.06043e+07,0,0,0,0
85.139,85.139,9.62643,0,0,2.73985,2.73985,0,0.513305,4.47552,4.11084e+06,2.81318e+06,1.12631e+07,0,0,0,0,80.8192,79.791,25.1421,0,0,1.24161,1.24161,0,0.958997,2.1168,8.54316e+06,3.7602e+06,1.06072e+07,0,0,0,0
85.139,85.139,7.89818,0,0,2.74062,2.74062,0,0.513449,4.47552,4.11084e+06,2.81318e+06,1.12662e+07,0,0,0,0,80.8192,79.791,13.0911,0,0,1.24195,1.24195,0,0.959264,2.1168,8.54316e+06,3.7602e+06,1.06102e+07,0,0,0,0
85.139,85.139,8.09367,0,0,2.74138,2.74138,0,0.513592,4.47552,4.11084e+06,2.81318e+06,1.12694e+07,0,0,0,0,80.8192,79.791,9.16526,0,0,1.2423,1.2423,0,0.959532,2.1168,8.54316e+06,3.7602e+06,1.06132e+07,0,0,0,0
85.139,85.139,7.86205,0,0.02,2.82803,2.82803,0,0.513735,4.47552,4.11084e+06,2.81318e+06,1.16256e+07,0,0,0,0,80.8192,79.791,9.91913,0,0,1.28282,1.28282,0,0.9598,2.1168,8.54316e+06,3.7602e+06,1.09593e+07,0,0,0,0
85.139,85.139,7.38995,0,0.02,2.82879,2.82879,0,0.529973,4.47552,4.11084e+06,2.81318e+06,1.16287e+07,0,0,0,0,80.8192,79.791,12.2288,0,0,1.28316,1.28316,0,0.991103,2.1168,8.54316e+06,3.7602e+06,1.09622e+07,0,0,0,0
85.139,85.139,9.79031,0,0.02,2.82955,2.82955,0,0.530115,4.47552,4.11084e+06,2.81318e+06,1.16318e+07,0,0,0,0,80.8192,79.791,16.1494,0,0,1.2835,1.2835,0,0.991368,2.1168,8.54316e+06,3.7602e+06,1.09652e+07,0,0,0,0
85.139,85.139,18.9035,0,0.02,2.8303,2.8303,0,0.530257,4.47552,4.11084e+06,2.81318e+06,1.16349e+07,0,0,0,0,80.8192,79.791,20.1389,0,0,1.28385,1.28385,0,0.991634,2.1168,8.54316e+06,3.7602e+06,1.09681e+07,0,0,0,0
85.139,85.139,9.95032,0,0.02,3.1072,3.1072,0,0.530399,4.47552,4.11084e+06,2.81318e+06,1.27732e+07,0,0,0,0,80.8192,79.791,13.605,0,0,1.43518,1.43518,0,0.991899,2.1168,8.54316e+06,3.7602e+06,1.2261e+07,0,0,0,0
85.139,85.139,11.3933,0,0.02,3.10803,3.10803,0,0.582288,4.47552,4.11084e+06,2.81318e+06,1.27766e+07,0,0,0,0,80.8192,79.791,12.1263,0,0,1.43557,1.43557,0,1.10882,2.1168,8.54316e+06,3.7602e+06,1.22643e+07,0,0,0,0
85.139,85.139,13.1251,0,0.02,3.10886,3.10886,0,0.582444,4.47552,4.11084e+06,2.81318e+06,1.278e+07,0,0,0,0,80.8192,79.791,21.065,0,0,1.43595,1.43595,0,1.10912,2.1168,8.54316e+06,3.7602e+06,1.22676e+07,0,0,0,0
85.139,85.139,8.65726,0,0.02,3.10969,3.10969,0,0.5826,4.47552,4.11084e+06,2.81318e+06,1.27834e+07,0,0,0,0,80.8192,79.791,17.2863,0,0,1.43633,1.43633,0,1.10941,2.1168,8.54316e+06,3.7602e+06,1.22708e+07,0,0,0,0
85.139,85.139,10.1727,0,0.02,2.71624,2.71624,0,0.582756,4.47552,4.11084e+06,2.81318e+06,1.1166e+07,0,0,0,0,80.8192,79.791,17.7513,0,0,1.23387,1.23387,0,1.10971,2.1168,8.54316e+06,3.7602e+06,1.05411e+07,0,0,0,0
85.139,85.139,9.62347,0,0.02,2.71697,2.71697,0,0.509024,4.47552,4.11084e+06,2.81318e+06,1.1169e+07,0,0,0,0,80.8192,79.791,19.3848,0,0,1.2342,1.2342,0,0.953285,2.1168,8.54316e+06,3.7602e+06,1.05439e+07,0,0,0,0
85.139,85.139,7.85197,0,0.02,2.7177,2.7177,0,0.50916,4.47552,4.11084e+06,2.81318e+06,1.1172e+07,0,0,0,0,80.8192,79.791,14.4081,0,0,1.23453,1.23453,0,0.95354,2.1168,8.54316e+06,3.7602e+06,1.05468e+07,0,0,0,0
85.139,85.139,6.43399,0,0.02,2.71842,2.71842,0,0.509296,4.47552,4.11084e+06,2.81318e+06,1.1175e+07,0,0,0,0,80.8192,79.791,9.40907,0,0,1.23486,1.23486,0,0.953795,2.1168,8.54316e+06,3.7602e+06,1.05496e+07,0,0,0,0
85.139,85.139,5.08506,0,0.02,2.71915,2.71915,0,0.509432,4.47552,4.11084e+06,2.81318e+06,1.1178e+07,0,0,0,0,80.8192,79.791,6.59296,0,0,1.23519,1.23519,0,0.95405,2.1168,8.54316e+06,3.7602e+06,1.05524e+07,0,0,0,0
85.139,85.139,5.49653,0,0.02,2.81925,2.81925,0,0.509568,4.47552,4.11084e+06,2.81318e+06,1.15895e+07,0,0,0,0,80.8192,79.791,10.8159,0,0,1.28521,1.28521,0,0.954305,2.1168,8.54316e+06,3.7602e+06,1.09797e+07,0,0,0,0
85.139,85.139,7.50832,0,0.02,2.82001,2.82001,0,0.528328,4.47552,4.11084e+06,2.81318e+06,1.15926e+07,0,0,0,0,80.8192,79.791,18.447,0,0,1.28555,1.28555,0,0.992952,2.1168,8.54316e+06,3.7602e+06,1.09827e+07,0,0,0,0
85.139,85.139,5.80048,0,0.02,2.82076,2.82076,0,0.528469,4.47552,4.11084e+06,2.81318e+06,1.15957e+07,0,0,0,0,80.8192,79.791,13.2627,0,0,1.2859,1.2859,0,0.993217,2.1168,8.54316e+06,3.7602e+06,1.09856e+07,0,0,0,0
85.139,85.139,4.95242,0,0.02,2.82152,2.82152,0,0.528611,4.47552,4.11084e+06,2.81318e+06,1.15988e+07,0,0,0,0,80.8192,79.791,10.3893,0,0,1.28624,1.28624,0,0.993483,2.1168,8.54316e+06,3.7602e+06,1.09886e+07,0,0,0,0
85.139,85.139,5.08598,0,0.02,2.78337,2.78337,0,0.528752,4.47552,4.11084e+06,2.81318e+06,1.1442e+07,0,0,0,0,80.8192,79.791,9.64659,0,0,1.26726,1.26726,0,0.993748,2.1168,8.54316e+06,3.7602e+06,1.08264e+07,0,0,0,0
85.139,85.139,4.86898,0,0.02,2.78412,2.78412,0,0.521604,4.47552,4.11084e+06,2.81318e+06,1.14451e+07,0,0,0,0,80.8192,79.791,8.9101,0,0,1.2676,1.2676,0,0.979087,2.1168,8.54316e+06,3.7602e+06,1.08293e+07,0,0,0,0
85.139,85.139,4.33569,0,0.02,2.78486,2.78486,0,0.521743,4.47552,4.11084e+06,2.81318e+06,1.14481e+07,0,0,0,0,80.8192,79.791,8.62269,0,0,1.26794,1.26794,0,0.979349,2.1168,8.54316e+06,3.7602e+06,1.08322e+07,0,0,0,0
85.139,85.139,4.10662,0,0.02,2.7856,2.7856,0,0.521883,4.47552,4.11084e+06,2.81318e+06,1.14512e+07,0,0,0,0,80.8192,79.791,8.2984,0,0,1.26828,1.26828,0,0.97961,2.1168,8.54316e+06,3.7602e+06,1.08351e+07,0,0,0,0
85.139,85.139,3.83482,0,0.02,2.91852,2.91852,0,0.522022,4.47552,4.11084e+06,2.81318e+06,1.19976e+07,0,0,0,0,80.8192,79.791,7.83214,0,0,1.33721,1.33721,0,0.979872,2.1168,8.54316e+06,3.7602e+06,1.1424e+07,0,0,0,0
85.139,85.139,3.84886,0,0.02,2.9193,2.9193,0,0.546931,4.47552,4.11084e+06,2.81318e+06,1.20008e+07,0,0,0,0,80.8192,79.791,6.63948,0,0,1.33756,1.33756,0,1.03313,2.1168,8.54316e+06,3.7602e+06,1.1427e+07,0,0,0,0
85.139,85.139,3.55197,0,0.02,2.92008,2.92008,0,0.547077,4.47552,4.11084e+06,2.81318e+06,1.2004e+07,0,0,0,0,80.8192,79.791,6.29129,0,0,1.33792,1.33792,0,1.0334,2.1168,8.54316e+06,3.7602e+06,1.14301e+07,0,0,0,0
85.139,85.139,3.37942,0,0.02,2.92086,2.92086,0,0.547224,4.47552,4.11084e+06,2.81318e+06,1.20072e+07,0,0,0,0,80.8192,79.791,6.06447,0,0,1.33828,1.33828,0,1.03368,2.1168,8.54316e+06,3.7602e+06,1.14331e+07,0,0,0,0
84.9776,85.139,3.11076,0,0.02,2.92164,2.92164,0,0.54737,4.47552,4.11084e+06,2.81318e+06,1.20104e+07,0,0,0,0,80.8192,79.791,5.82896,0,0,1.33864,1.33864,0,1.03395,2.1168,8.54316e+06,3.7602e+06,1.14362e+07,0,0,0,0
84.7294,85.139,2.91451,0,0.02,2.89625,2.89625,0,0.547516,4.47552,4.11084e+06,2.81318e+06,1.1906e+07,0,0,0,0,80.8192,79.791,4.77285,0,0,1.37674,1.37674,0,1.03423,2.1168,8.54316e+06,3.7602e+06,1.17617e+07,0,0,0,0
84.2741,85.139,2.68856,0,0.02,2.89702,2.89702,0,0.542757,4.47552,4.11084e+06,2.81318e+06,1.19092e+07,0,0,0,0,80.8192,79.791,4.66712,0,0,1.37711,1.37711,0,1.06367,2.1168,8.54316e+06,3.7602e+06,1.17649e+07,0,0,0,0
83.6579,85.139,2.51199,0,0.02,2.8978,2.8978,0,0.542902,4.47552,4.11084e+06,2.81318e+06,1.19124e+07,0,0,0,0,80.8192,79.791,4.79425,0,0,1.37748,1.37748,0,1.06395,2.1168,8.54316e+06,3.7602e+06,1.1768e+07,0,0,0,0
82.9858,85.139,2.43791,0,0.02,2.89857,2.89857,0,0.543047,4.47552,4.11084e+06,2.81318e+06,1.19156e+07,0,0,0,0,80.8192,79.791,4.57752,0,0,1.37784,1.37784,0,1.06424,2.1168,8.54316e+06,3.7602e+06,1.17711e+07,0,0,0,0
82.1002,85.139,2.23937,0,0.02,2.96701,2.96701,0,0.543192,4.47552,4.11084e+06,2.81318e+06,1.21969e+07,0,0,0,0,80.8192,79.791,4.19868,0,0,1.41189,1.41189,0,1.06452,2.1168,8.54316e+06,3.7602e+06,1.2062e+07,0,0,0,0
81.0913,85.139,2.12642,0,0.02,2.9678,2.9678,0,0.556017,4.47552,4.11084e+06,2.81318e+06,1.22002e+07,0,0,0,0,80.8192,79.791,4.00703,0,0,1.41227,1.41227,0,1.09083,2.1168,8.54316e+06,3.7602e+06,1.20652e+07,0,0,0,0
79.9641,85.139,1.96754,0,0.02,2.96859,2.96859,0,0.556166,4.47552,4.11084e+06,2.81318e+06,1.22034e+07,0,0,0,0,80.8192,79.791,3.85688,0,0,1.41264,1.41264,0,1.09112,2.1168,8.54316e+06,3.7602e+06,1.20684e+07,0,0,0,0
78.6802,85.139,1.79149,0,0.02,2.96939,2.96939,0,0.556314,4.47552,4.11084e+06,2.81318e+06,1.22067e+07,0,0,0,0,80.8192,79.791,3.38747,0,0,1.41302,1.41302,0,1.09141,2.1168,8.54316e+06,3.7602e+06,1.20717e+07,0,0,0,0
77.558,85.139,2.10626,0,0.02,3.16854,3.16854,0,0.556463,4.47552,4.11084e+06,2.81318e+06,1.30254e+07,0,0,0,0,80.8192,79.791,4.72614,0,0,1.53508,1.53508,0,1.0917,2.1168,8.54316e+06,3.7602e+06,1.31145e+07,0,0,0,0
76.6128,85.139,2.28325,0,0.02,3.16939,3.16939,0,0.593785,4.47552,4.11084e+06,2.81318e+06,1.30289e+07,0,0,0,0,80.8192,79.791,4.76878,0,0,1.53549,1.53549,0,1.18601,2.1168,8.54316e+06,3.7602e+06,1.3118e+07,0,0,0,0
75.4133,85.139,2.06428,0.01,0.02,3.17023,3.17023,0,0.593943,4.47552,4.11084e+06,2.81318e+06,1.30323e+07,0,0,0,0,80.8192,79.791,4.56842,0,0,1.5359,1.5359,0,1.18632,2.1168,8.54316e+06,3.7602e+06,1.31215e+07,0,0,0,0
74.2619,85.139,2.07792,0.01,0.02,3.17108,3.17108,0,0.594102,4.47552,4.11084e+06,2.81318e+06,1.30358e+07,0,0,0,0,80.8192,79.791,4.92416,0,0,1.53631,1.53631,0,1.18664,2.1168,8.54316e+06,3.7602e+06,1.3125e+07,0,0,0,0
73.1348,85.139,2.09754,0.01,0.02,3.17193,3.17193,0,0.59426,4.47552,4.11084e+06,2.81318e+06,1.30393e+07,0,0,0,0,80.8192,79.791,5.83177,0,0,1.53672,1.53672,0,1.18696,2.1168,8.54316e+06,3.7602e+06,1.31285e+07,0,0,0,0
74.0142,85.139,4.01908,0.01,0.02,3.07597,3.07597,0,0.594419,4.47552,4.11084e+06,2.81318e+06,1.26448e+07,0,0,0,0,80.8192,79.791,14.3023,0,0,1.46317,1.46317,0,1.18727,2.1168,8.54316e+06,3.7602e+06,1.25001e+07,0,0,0,0
73.1707,85.139,2.36079,0.01,0.02,3.07679,3.07679,0,0.576436,4.47552,4.11084e+06,2.81318e+06,1.26482e+07,0,0,0,0,80.8192,79.791,10.0034,0,0,1.46357,1.46357,0,1.13045,2.1168,8.54316e+06,3.7602e+06,1.25035e+07,0,0,0,0
72.1802,85.139,2.10852,0.02,0.02,3.07761,3.07761,0,0.57659,4.47552,4.11084e+06,2.81318e+06,1.26516e+07,0,0,0,0,80.8192,79.791,8.12645,0,0,1.46396,1.46396,0,1.13075,2.1168,8.54316e+06,3.7602e+06,1.25068e+07,0,0,0,0
74.3435,85.139,5.41118,0.02,0.02,3.07843,3.07843,0,0.576744,4.47552,4.11084e+06,2.81318e+06,1.26549e+07,0,0,0,0,80.8192,79.791,19.4291,0,0,1.46435,1.46435,0,1.13105,2.1168,8.54316e+06,3.7602e+06,1.25101e+07,0,0,0,0
74.7872,85.139,3.73352,0.02,0.02,2.99971,2.99971,0,0.576898,4.47552,4.11084e+06,2.81318e+06,1.23313e+07,0,0,0,0,80.8192,79.791,9.59521,0,0,1.39734,1.39734,0,1.13135,2.1168,8.54316e+06,3.7602e+06,1.19377e+07,0,0,0,0
74.1989,85.139,2.54761,0.01,0.02,3.00051,3.00051,0,0.562145,4.47552,4.11084e+06,2.81318e+06,1.23346e+07,0,0,0,0,80.8192,79.791,6.53415,0,0,1.39772,1.39772,0,1.07959,2.1168,8.54316e+06,3.7602e+06,1.19409e+07,0,0,0,0
74.5229,85.139,3.56091,0.01,0.02,3.00131,3.00131,0,0.562295,4.47552,4.11084e+06,2.81318e+06,1.23379e+07,0,0,0,0,80.8192,79.791,8.38798,0,0,1.39809,1.39809,0,1.07988,2.1168,8.54316e+06,3.7602e+06,1.19441e+07,0,0,0,0
78.906,85.139,7.70722,0.01,0.02,3.00211,3.00211,0,0.562445,4.47552,4.11084e+06,2.81318e+06,1.23412e+07,0,0,0,0,80.8192,79.791,13.829,0,0,1.39846,1.39846,0,1.08016,2.1168,8.54316e+06,3.7602e+06,1.19473e+07,0,0,0,0
81.9616,85.139,6.22955,0,0.02,2.77675,2.77675,0,0.562595,4.47552,4.11084e+06,2.81318e+06,1.14148e+07,0,0,0,0,80.8192,79.791,10.1299,0,0,1.25833,1.25833,0,1.08045,2.1168,8.54316e+06,3.7602e+06,1.07501e+07,0,0,0,0
85.139,85.139,6.60119,0,0.02,2.77749,2.77749,0,0.520364,4.47552,4.11084e+06,2.81318e+06,1.14178e+07,0,0,0,0,80.8192,79.791,15.1825,0,0,1.25866,1.25866,0,0.972183,2.1168,8.54316e+06,3.7602e+06,1.0753e+07,0,0,0,0
85.139,85.139,9.4999,0,0.02,2.77823,2.77823,0,0.520502,4.47552,4.11084e+06,2.81318e+06,1.14209e+07,0,0,0,0,80.8192,79.791,22.7257,0,0,1.259,1.259,0,0.972443,2.1168,8.54316e+06,3.7602e+06,1.07558e+07,0,0,0,0
85.139,85.139,8.93041,0,0.02,2.77898,2.77898,0,0.520641,4.47552,4.11084e+06,2.81318e+06,1.14239e+07,0,0,0,0,80.8192,79.791,30.0403,0,0,1.25933,1.25933,0,0.972702,2.1168,8.54316e+06,3.7602e+06,1.07587e+07,0,0,0,0
85.139,85.139,9.02625,0,0.02,2.77972,2.77972,0,0.52078,4.47552,4.11084e+06,2.81318e+06,1.1427e+07,0,0,0,0,80.8192,79.791,21.3596,0,0,1.25967,1.25967,0,0.972961,2.1168,8.54316e+06,3.7602e+06,1.07616e+07,0,0,0,0
85.139,85.139,15.1142,0,0.02,2.86754,2.86754,0,0.520919,4.47552,4.11084e+06,2.81318e+06,1.1788e+07,0,0,0,0,80.8192,79.791,19.8771,0,0,1.30074,1.30074,0,0.97322,2.1168,8.54316e+06,3.7602e+06,1.11124e+07,0,0,0,0
85.139,85.139,6.74185,0,0.02,2.86827,2.86827,0,0.537377,4.47552,4.11084e+06,2.81318e+06,1.1791e+07,0,0,0,0,80.8192,79.791,10.2287,0,0,1.30107,1.30107,0,1.00495,2.1168,8.54316e+06,3.7602e+06,1.11152e+07,0,0,0,0
85.139,85.139,4.48108,0,0.02,2.86901,2.86901,0,0.537514,4.47552,4.11084e+06,2.81318e+06,1.1794e+07,0,0,0,0,80.8192,79.791,8.90102,0,0,1.3014,1.3014,0,1.00521,2.1168,8.54316e+06,3.7602e+06,1.11181e+07,0,0,0,0
85.139,85.139,4.85156,0,0.02,2.86974,2.86974,0,0.537652,4.47552,4.11084e+06,2.81318e+06,1.1797e+07,0,0,0,0,80.8192,79.791,9.00332,0,0,1.30173,1.30173,0,1.00546,2.1168,8.54316e+06,3.7602e+06,1.11209e+07,0,0,0,0
85.139,85.139,9.49153,0,0.02,3.15045,3.15045,0,0.537789,4.47552,4.11084e+06,2.81318e+06,1.2951e+07,0,0,0,0,80.8192,79.791,15.102,0,0,1.45516,1.45516,0,1.00572,2.1168,8.54316e+06,3.7602e+06,1.24317e+07,0,0,0,0
85.139,85.139,10.9569,0,0.02,3.15125,3.15125,0,0.590394,4.47552,4.11084e+06,2.81318e+06,1.29543e+07,0,0,0,0,80.8192,79.791,17.875,0,0,1.45553,1.45553,0,1.12426,2.1168,8.54316e+06,3.7602e+06,1.24349e+07,0,0,0,0
85.139,85.139,7.44251,0,0.02,3.15206,3.15206,0,0.590545,4.47552,4.11084e+06,2.81318e+06,1.29576e+07,0,0,0,0,80.8192,79.791,12.3594,0,0,1.4559,1.4559,0,1.12454,2.1168,8.54316e+06,3.7602e+06,1.2438e+07,0,0,0,0
85.139,85.139,6.27936,0,0.02,3.15286,3.15286,0,0.590696,4.47552,4.11084e+06,2.81318e+06,1.29609e+07,0,0,0,0,80.8192,79.791,13.2504,0,0,1.45628,1.45628,0,1.12483,2.1168,8.54316e+06,3.7602e+06,1.24412e+07,0,0,0,0
85.139,85.139,5.94985,0,0.02,2.75392,2.75392,0,0.590847,4.47552,4.11084e+06,2.81318e+06,1.13209e+07,0,0,0,0,80.8192,79.791,12.065,0,0,1.25098,1.25098,0,1.12512,2.1168,8.54316e+06,3.7602e+06,1.06873e+07,0,0,0,0
85.139,85.139,5.11169,0,0.02,2.75462,2.75462,0,0.516085,4.47552,4.11084e+06,2.81318e+06,1.13238e+07,0,0,0,0,80.8192,79.791,7.57666,0,0,1.2513,1.2513,0,0.966509,2.1168,8.54316e+06,3.7602e+06,1.06901e+07,0,0,0,0
85.139,85.139,3.68312,0,0.02,2.75533,2.75533,0,0.516216,4.47552,4.11084e+06,2.81318e+06,1.13267e+07,0,0,0,0,80.8192,79.791,6.19058,0,0,1.25162,1.25162,0,0.966755,2.1168,8.54316e+06,3.7602e+06,1.06928e+07,0,0,0,0
85.139,85.139,4.36618,0,0.02,2.75603,2.75603,0,0.516348,4.47552,4.11084e+06,2.81318e+06,1.13296e+07,0,0,0,0,80.8192,79.791,6.58175,0,0,1.25194,1.25194,0,0.967002,2.1168,8.54316e+06,3.7602e+06,1.06955e+07,0,0,0,0
85.139,85.139,4.77831,0,0.02,2.75673,2.75673,0,0.51648,4.47552,4.11084e+06,2.81318e+06,1.13325e+07,0,0,0,0,80.8192,79.791,7.87112,0,0,1.25226,1.25226,0,0.967249,2.1168,8.54316e+06,3.7602e+06,1.06983e+07,0,0,0,0
85.139,85.139,8.68546,0,0.02,2.85819,2.85819,0,0.516612,4.47552,4.11084e+06,2.81318e+06,1.17495e+07,0,0,0,0,80.8192,79.791,11.5093,0,0,1.30296,1.30296,0,0.967496,2.1168,8.54316e+06,3.7602e+06,1.11314e+07,0,0,0,0
85.139,85.139,8.73152,0,0.02,2.85892,2.85892,0,0.535624,4.47552,4.11084e+06,2.81318e+06,1.17525e+07,0,0,0,0,80.8192,79.791,13.2542,0,0,1.30329,1.30329,0,1.00666,2.1168,8.54316e+06,3.7602e+06,1.11342e+07,0,0,0,0
85.139,85.139,6.29207,0,0.02,2.85965,2.85965,0,0.535761,4.47552,4.11084e+06,2.81318e+06,1.17555e+07,0,0,0,0,80.8192,79.791,9.30521,0,0,1.30362,1.30362,0,1.00692,2.1168,8.54316e+06,3.7602e+06,1.1137e+07,0,0,0,0
85.139,85.139,5.72681,0,0.02,2.86037,2.86037,0,0.535898,4.47552,4.11084e+06,2.81318e+06,1.17585e+07,0,0,0,0,80.8192,79.791,8.27463,0,0,1.30395,1.30395,0,1.00718,2.1168,8.54316e+06,3.7602e+06,1.11399e+07,0,0,0,0
85.139,85.139,5.00062,0,0.02,2.82167,2.82167,0,0.536034,4.47552,4.11084e+06,2.81318e+06,1.15994e+07,0,0,0,0,80.8192,79.791,8.13472,0,0,1.2847,1.2847,0,1.00743,2.1168,8.54316e+06,3.7602e+06,1.09754e+07,0,0,0,0
85.139,85.139,4.68101,0,0.02,2.82239,2.82239,0,0.528781,4.47552,4.11084e+06,2.81318e+06,1.16024e+07,0,0,0,0,80.8192,79.791,8.25697,0,0,1.28503,1.28503,0,0.99256,2.1168,8.54316e+06,3.7602e+06,1.09782e+07,0,0,0,0
85.139,85.139,4.41663,0,0.02,2.82311,2.82311,0,0.528916,4.47552,4.11084e+06,2.81318e+06,1.16054e+07,0,0,0,0,80.8192,79.791,8.00244,0,0,1.28536,1.28536,0,0.992813,2.1168,8.54316e+06,3.7602e+06,1.0981e+07,0,0,0,0
85.139,85.139,4.18367,0,0.02,2.82383,2.82383,0,0.529051,4.47552,4.11084e+06,2.81318e+06,1.16083e+07,0,0,0,0,80.8192,79.791,9.64147,0,0,1.28568,1.28568,0,0.993066,2.1168,8.54316e+06,3.7602e+06,1.09838e+07,0,0,0,0
85.139,85.139,3.83233,0,0.02,2.95854,2.95854,0,0.529186,4.47552,4.11084e+06,2.81318e+06,1.21621e+07,0,0,0,0,80.8192,79.791,8.00476,0,0,1.35554,1.35554,0,0.993319,2.1168,8.54316e+06,3.7602e+06,1.15806e+07,0,0,0,0
85.139,85.139,3.76261,0,0.02,2.95929,2.95929,0,0.55443,4.47552,4.11084e+06,2.81318e+06,1.21652e+07,0,0,0,0,80.8192,79.791,8.03292,0,0,1.35589,1.35589,0,1.04729,2.1168,8.54316e+06,3.7602e+06,1.15836e+07,0,0,0,0
85.139,85.139,3.55844,0,0.02,2.96005,2.96005,0,0.554571,4.47552,4.11084e+06,2.81318e+06,1.21683e+07,0,0,0,0,80.8192,79.791,6.87988,0,0,1.35623,1.35623,0,1.04756,2.1168,8.54316e+06,3.7602e+06,1.15865e+07,0,0,0,0
85.139,85.139,3.30508,0,0.02,2.9608,2.9608,0,0.554713,4.47552,4.11084e+06,2.81318e+06,1.21714e+07,0,0,0,0,80.8192,79.791,6.17019,0,0,1.35658,1.35658,0,1.04782,2.1168,8.54316e+06,3.7602e+06,1.15895e+07,0,0,0,0
85.0801,85.139,3.12748,0,0.02,2.96156,2.96156,0,0.554854,4.47552,4.11084e+06,2.81318e+06,1.21745e+07,0,0,0,0,80.8192,79.791,5.61456,0,0,1.35692,1.35692,0,1.04809,2.1168,8.54316e+06,3.7602e+06,1.15924e+07,0,0,0,0
85.139,85.139,3.64835,0,0.02,2.93578,2.93578,0,0.554996,4.47552,4.11084e+06,2.81318e+06,1.20685e+07,0,0,0,0,80.8192,79.791,3.44972,0,0,1.39553,1.39553,0,1.04836,2.1168,8.54316e+06,3.7602e+06,1.19223e+07,0,0,0,0
85.139,85.139,3.49426,0,0.02,2.93653,2.93653,0,0.550165,4.47552,4.11084e+06,2.81318e+06,1.20716e+07,0,0,0,0,80.8192,79.791,3.07191,0,0,1.39589,1.39589,0,1.07819,2.1168,8.54316e+06,3.7602e+06,1.19253e+07,0,0,0,0
85.139,85.139,3.18203,0,0.02,2.93728,2.93728,0,0.550305,4.47552,4.11084e+06,2.81318e+06,1.20747e+07,0,0,0,0,80.8192,79.791,2.82156,0,0,1.39624,1.39624,0,1.07846,2.1168,8.54316e+06,3.7602e+06,1.19283e+07,0,0,0,0
84.9593,85.139,2.90847,0,0.02,2.93803,2.93803,0,0.550446,4.47552,4.11084e+06,2.81318e+06,1.20778e+07,0,0,0,0,80.8192,79.791,2.70213,0,0,1.3966,1.3966,0,1.07874,2.1168,8.54316e+06,3.7602e+06,1.19314e+07,0,0,0,0
84.7494,85.139,2.89044,0,0.02,3.00736,3.00736,0,0.550586,4.47552,4.11084e+06,2.81318e+06,1.23628e+07,0,0,0,0,80.8192,79.791,2.44141,0,0,1.43109,1.43109,0,1.07901,2.1168,8.54316e+06,3.7602e+06,1.2226e+07,0,0,0,0
85.0539,85.139,3.43532,0,0.02,3.00813,3.00813,0,0.563579,4.47552,4.11084e+06,2.81318e+06,1.23659e+07,0,0,0,0,80.8192,79.791,2.78285,0,0,1.43145,1.43145,0,1.10566,2.1168,8.54316e+06,3.7602e+06,1.22291e+07,0,0,0,0
85.0618,85.139,3.11019,0,0.02,3.00889,3.00889,0,0.563723,4.47552,4.11084e+06,2.81318e+06,1.23691e+07,0,0,0,0,80.8192,79.791,2.6425,0,0,1.43182,1.43182,0,1.10594,2.1168,8.54316e+06,3.7602e+06,1.22323e+07,0,0,0,0
84.7991,85.139,2.83163,0,0.02,3.00966,3.00966,0,0.563866,4.47552,4.11084e+06,2.81318e+06,1.23722e+07,0,0,0,0,80.8192,79.791,2.30606,0,0,1.43218,1.43218,0,1.10622,2.1168,8.54316e+06,3.7602e+06,1.22354e+07,0,0,0,0
84.6156,85.139,3.07351,0,0.02,3.21148,3.21148,0,0.56401,4.47552,4.11084e+06,2.81318e+06,1.32019e+07,0,0,0,0,80.7711,79.791,2.87816,0,0,1.55588,1.55588,0,1.10651,2.1168,8.54316e+06,3.7602e+06,1.32922e+07,0,0,0,0
84.2391,85.139,2.82335,0,0.02,3.2123,3.2123,0,0.601831,4.47552,4.11084e+06,2.81318e+06,1.32052e+07,0,0,0,0,80.6379,79.791,1.9913,0,0,1.55628,1.55628,0,1.20208,2.1168,8.54316e+06,3.7602e+06,1.32956e+07,0,0,0,0
84.1629,85.139,3.13997,0,0.02,3.21311,3.21311,0,0.601984,4.47552,4.11084e+06,2.81318e+06,1.32086e+07,0,0,0,0,80.5013,79.791,2.39024,0,0,1.55668,1.55668,0,1.20238,2.1168,8.54316e+06,3.7602e+06,1.3299e+07,0,0,0,0
83.4616,85.139,2.52699,0.01,0.02,3.21393,3.21393,0,0.602138,4.47552,4.11084e+06,2.81318e+06,1.3212e+07,0,0,0,0,80.3257,79.791,1.8044,0,0,1.55707,1.55707,0,1.20269,2.1168,8.54316e+06,3.7602e+06,1.33023e+07,0,0,0,0
83.2793,85.139,3.02528,0.01,0.02,3.21475,3.21475,0,0.602291,4.47552,4.11084e+06,2.81318e+06,1.32153e+07,0,0,0,0,80.4513,79.791,2.93253,0,0,1.55747,1.55747,0,1.203,2.1168,8.54316e+06,3.7602e+06,1.33057e+07,0,0,0,0
83.796,85.139,3.58042,0,0.02,3.11746,3.11746,0,0.602444,4.47552,4.11084e+06,2.81318e+06,1.28154e+07,0,0,0,0,80.3903,79.791,2.35796,0,0,1.48291,1.48291,0,1.2033,2.1168,8.54316e+06,3.7602e+06,1.26688e+07,0,0,0,0
84.3999,85.139,3.76807,0,0.02,3.11825,3.11825,0,0.584212,4.47552,4.11084e+06,2.81318e+06,1.28186e+07,0,0,0,0,80.5265,79.791,2.62135,0,0,1.48329,1.48329,0,1.1457,2.1168,8.54316e+06,3.7602e+06,1.2672e+07,0,0,0,0
85.139,85.139,4.3557,0.01,0.02,3.11905,3.11905,0,0.584361,4.47552,4.11084e+06,2.81318e+06,1.28219e+07,0,0,0,0,80.8192,79.791,3.28624,0,0,1.48367,1.48367,0,1.14599,2.1168,8.54316e+06,3.7602e+06,1.26752e+07,0,0,0,0
85.139,85.139,4.27777,0,0.02,3.11984,3.11984,0,0.584509,4.47552,4.11084e+06,2.81318e+06,1.28252e+07,0,0,0,0,80.8192,79.791,3.27062,0,0,1.48404,1.48404,0,1.14628,2.1168,8.54316e+06,3.7602e+06,1.26784e+07,0,0,0,0
85.139,85.139,4.2957,0,0.02,3.04002,3.04002,0,0.584658,4.47552,4.11084e+06,2.81318e+06,1.2497e+07,0,0,0,0,80.8192,79.791,3.9928,0,0,1.41612,1.41612,0,1.14657,2.1168,8.54316e+06,3.7602e+06,1.20982e+07,0,0,0,0
85.0637,85.139,3.24012,0,0.02,3.0408,3.0408,0,0.5697,4.47552,4.11084e+06,2.81318e+06,1.25002e+07,0,0,0,0,80.8192,79.791,3.15051,0,0,1.41648,1.41648,0,1.0941,2.1168,8.54316e+06,3.7602e+06,1.21013e+07,0,0,0,0
84.7877,85.139,3.08152,0,0.02,3.04157,3.04157,0,0.569845,4.47552,4.11084e+06,2.81318e+06,1.25034e+07,0,0,0,0,80.8192,79.791,4.66942,0,0,1.41685,1.41685,0,1.09438,2.1168,8.54316e+06,3.7602e+06,1.21043e+07,0,0,0,0
84.6368,85.139,3.16316,0,0.02,3.04234,3.04234,0,0.56999,4.47552,4.11084e+06,2.81318e+06,1.25066e+07,0,0,0,0,80.8192,79.791,4.14974,0,0,1.41721,1.41721,0,1.09465,2.1168,8.54316e+06,3.7602e+06,1.21074e+07,0,0,0,0
85.139,85.139,5.08403,0,0.02,2.81394,2.81394,0,0.570135,4.47552,4.11084e+06,2.81318e+06,1.15676e+07,0,0,0,0,80.8192,79.791,6.2866,0,0,1.27518,1.27518,0,1.09493,2.1168,8.54316e+06,3.7602e+06,1.0894e+07,0,0,0,0
85.139,85.139,8.06477,0,0.02,2.81465,2.81465,0,0.527332,4.47552,4.11084e+06,2.81318e+06,1.15706e+07,0,0,0,0,80.8192,79.791,6.83097,0,0,1.2755,1.2755,0,0.985201,2.1168,8.54316e+06,3.7602e+06,1.08968e+07,0,0,0,0
85.139,85.139,9.10429,0,0.02,2.81537,2.81537,0,0.527466,4.47552,4.11084e+06,2.81318e+06,1.15735e+07,0,0,0,0,80.8192,79.791,4.52053,0,0,1.27583,1.27583,0,0.985452,2.1168,8.54316e+06,3.7602e+06,1.08996e+07,0,0,0,0
85.139,85.139,7.97003,0,0.02,2.81608,2.81608,0,0.5276,4.47552,4.11084e+06,2.81318e+06,1.15765e+07,0,0,0,0,80.8192,79.791,5.44941,0,0,1.27615,1.27615,0,0.985703,2.1168,8.54316e+06,3.7602e+06,1.09024e+07,0,0,0,0
85.139,85.139,9.73028,0,0.02,2.8168,2.8168,0,0.527734,4.47552,4.11084e+06,2.81318e+06,1.15794e+07,0,0,0,0,80.8192,79.791,7.71299,0,0,1.27647,1.27647,0,0.985954,2.1168,8.54316e+06,3.7602e+06,1.09051e+07,0,0,0,0
85.139,85.139,7.42306,0,0.02,2.90576,2.90576,0,0.527869,4.47552,4.11084e+06,2.81318e+06,1.19451e+07,0,0,0,0,80.8192,79.791,4.38944,0,0,1.31808,1.31808,0,0.986204,2.1168,8.54316e+06,3.7602e+06,1.12605e+07,0,0,0,0
85.139,85.139,10.3965,0,0.02,2.90647,2.90647,0,0.54454,4.47552,4.11084e+06,2.81318e+06,1.1948e+07,0,0,0,0,80.8192,79.791,7.45006,0,0,1.3184,1.3184,0,1.01834,2.1168,8.54316e+06,3.7602e+06,1.12633e+07,0,0,0,0
85.139,85.139,5.65341,0,0.02,2.90718,2.90718,0,0.544673,4.47552,4.11084e+06,2.81318e+06,1.1951e+07,0,0,0,0,80.8192,79.791,4.98143,0,0,1.31872,1.31872,0,1.01859,2.1168,8.54316e+06,3.7602e+06,1.1266e+07,0,0,0,0
85.139,85.139,7.90937,0,0.02,2.90789,2.90789,0,0.544806,4.47552,4.11084e+06,2.81318e+06,1.19539e+07,0,0,0,0,80.8192,79.791,6.86951,0,0,1.31904,1.31904,0,1.01884,2.1168,8.54316e+06,3.7602e+06,1.12688e+07,0,0,0,0
85.139,85.139,6.47277,0,0.02,3.1923,3.1923,0,0.544939,4.47552,4.11084e+06,2.81318e+06,1.3123e+07,0,0,0,0,80.8192,79.791,6.04888,0,0,1.47449,1.47449,0,1.01909,2.1168,8.54316e+06,3.7602e+06,1.25968e+07,0,0,0,0
85.139,85.139,8.80016,0,0.02,3.19308,3.19308,0,0.598237,4.47552,4.11084e+06,2.81318e+06,1.31262e+07,0,0,0,0,80.8192,79.791,8.2622,0,0,1.47485,1.47485,0,1.13919,2.1168,8.54316e+06,3.7602e+06,1.25999e+07,0,0,0,0
85.139,85.139,7.21415,0,0.02,3.19386,3.19386,0,0.598383,4.47552,4.11084e+06,2.81318e+06,1.31294e+07,0,0,0,0,80.8192,79.791,6.89471,0,0,1.47521,1.47521,0,1.13947,2.1168,8.54316e+06,3.7602e+06,1.2603e+07,0,0,0,0
85.139,85.139,7.74421,0,0.02,3.19464,3.19464,0,0.598529,4.47552,4.11084e+06,2.81318e+06,1.31326e+07,0,0,0,0,80.8192,79.791,8.6846,0,0,1.47557,1.47557,0,1.13975,2.1168,8.54316e+06,3.7602e+06,1.2606e+07,0,0,0,0
85.139,85.139,8.71564,0,0.02,2.79038,2.79038,0,0.598675,4.47552,4.11084e+06,2.81318e+06,1.14708e+07,0,0,0,0,80.8192,79.791,9.34942,0,0,1.26754,1.26754,0,1.14003,2.1168,8.54316e+06,3.7602e+06,1.08288e+07,0,0,0,0
85.139,85.139,7.71842,0,0.02,2.79106,2.79106,0,0.522916,4.47552,4.11084e+06,2.81318e+06,1.14736e+07,0,0,0,0,80.8192,79.791,8.5337,0,0,1.26785,1.26785,0,0.979303,2.1168,8.54316e+06,3.7602e+06,1.08315e+07,0,0,0,0
85.139,85.139,6.31174,0,0.02,2.79174,2.79174,0,0.523044,4.47552,4.11084e+06,2.81318e+06,1.14764e+07,0,0,0,0,80.8192,79.791,5.53782,0,0,1.26816,1.26816,0,0.979542,2.1168,8.54316e+06,3.7602e+06,1.08341e+07,0,0,0,0
85.139,85.139,4.53441,0,0.02,2.79242,2.79242,0,0.523172,4.47552,4.11084e+06,2.81318e+06,1.14792e+07,0,0,0,0,80.8192,79.791,4.65489,0,0,1.26847,1.26847,0,0.979781,2.1168,8.54316e+06,3.7602e+06,1.08367e+07,0,0,0,0
85.139,85.139,4.57112,0,0.02,2.7931,2.7931,0,0.523299,4.47552,4.11084e+06,2.81318e+06,1.1482e+07,0,0,0,0,80.8192,79.791,3.79554,0,0,1.26878,1.26878,0,0.98002,2.1168,8.54316e+06,3.7602e+06,1.08394e+07,0,0,0,0
85.139,85.139,3.57735,0,0.02,2.89586,2.89586,0,0.523427,4.47552,4.11084e+06,2.81318e+06,1.19044e+07,0,0,0,0,80.8192,79.791,3.77527,0,0,1.32013,1.32013,0,0.980258,2.1168,8.54316e+06,3.7602e+06,1.12781e+07,0,0,0,0
85.139,85.139,4.51547,0,0.02,2.89656,2.89656,0,0.542684,4.47552,4.11084e+06,2.81318e+06,1.19073e+07,0,0,0,0,80.8192,79.791,4.25384,0,0,1.32045,1.32045,0,1.01993,2.1168,8.54316e+06,3.7602e+06,1.12808e+07,0,0,0,0
85.139,85.139,3.43231,0,0.02,2.89727,2.89727,0,0.542816,4.47552,4.11084e+06,2.81318e+06,1.19102e+07,0,0,0,0,80.8192,79.791,2.72274,0,0,1.32077,1.32077,0,1.02018,2.1168,8.54316e+06,3.7602e+06,1.12836e+07,0,0,0,0
85.139,85.139,4.04273,0,0.02,2.89798,2.89798,0,0.542948,4.47552,4.11084e+06,2.81318e+06,1.19131e+07,0,0,0,0,80.8192,79.791,5.76771,0,0,1.3211,1.3211,0,1.02043,2.1168,8.54316e+06,3.7602e+06,1.12863e+07,0,0,0,0
85.139,85.139,3.52003,0,0.02,2.85873,2.85873,0,0.543081,4.47552,4.11084e+06,2.81318e+06,1.17518e+07,0,0,0,0,80.8192,79.791,4.13517,0,0,1.30157,1.30157,0,1.02068,2.1168,8.54316e+06,3.7602e+06,1.11196e+07,0,0,0,0
84.9224,85.139,2.98791,0,0.02,2.85943,2.85943,0,0.535726,4.47552,4.11084e+06,2.81318e+06,1.17547e+07,0,0,0,0,80.8192,79.791,3.31947,0,0,1.30189,1.30189,0,1.0056,2.1168,8.54316e+06,3.7602e+06,1.11223e+07,0,0,0,0
84.5056,85.139,2.70747,0,0.02,2.86013,2.86013,0,0.535857,4.47552,4.11084e+06,2.81318e+06,1.17575e+07,0,0,0,0,80.8192,79.791,2.98263,0,0,1.30221,1.30221,0,1.00584,2.1168,8.54316e+06,3.7602e+06,1.1125e+07,0,0,0,0
84.045,85.139,2.62809,0,0.02,2.86082,2.86082,0,0.535987,4.47552,4.11084e+06,2.81318e+06,1.17604e+07,0,0,0,0,80.8192,79.791,3.20828,0,0,1.30253,1.30253,0,1.00609,2.1168,8.54316e+06,3.7602e+06,1.11277e+07,0,0,0,0
83.2981,85.139,2.44185,0,0.02,2.99726,2.99726,0,0.536118,4.47552,4.11084e+06,2.81318e+06,1.23213e+07,0,0,0,0,80.8192,79.791,2.9221,0,0,1.37328,1.37328,0,1.00633,2.1168,8.54316e+06,3.7602e+06,1.17322e+07,0,0,0,0
82.5968,85.139,2.52376,0,0.02,2.99799,2.99799,0,0.561687,4.47552,4.11084e+06,2.81318e+06,1.23243e+07,0,0,0,0,80.8192,79.791,2.91686,0,0,1.37362,1.37362,0,1.061,2.1168,8.54316e+06,3.7602e+06,1.1735e+07,0,0,0,0
81.9865,85.139,2.54297,0,0.02,2.99872,2.99872,0,0.561824,4.47552,4.11084e+06,2.81318e+06,1.23273e+07,0,0,0,0,80.8192,79.791,3.38703,0,0,1.37395,1.37395,0,1.06126,2.1168,8.54316e+06,3.7602e+06,1.17379e+07,0,0,0,0
81.1303,85.139,2.24963,0,0.02,2.99945,2.99945,0,0.56196,4.47552,4.11084e+06,2.81318e+06,1.23303e+07,0,0,0,0,80.8192,79.791,2.84545,0,0,1.37429,1.37429,0,1.06151,2.1168,8.54316e+06,3.7602e+06,1.17407e+07,0,0,0,0
80.159,85.139,2.11921,0,0.02,3.00018,3.00018,0,0.562097,4.47552,4.11084e+06,2.81318e+06,1.23333e+07,0,0,0,0,80.8192,79.791,2.46882,0,0,1.37462,1.37462,0,1.06177,2.1168,8.54316e+06,3.7602e+06,1.17436e+07,0,0,0,0
79.6238,85.139,2.55631,0,0.02,2.97404,2.97404,0,0.562234,4.47552,4.11084e+06,2.81318e+06,1.22258e+07,0,0,0,0,80.8192,79.791,3.10536,0,0,1.41372,1.41372,0,1.06203,2.1168,8.54316e+06,3.7602e+06,1.20776e+07,0,0,0,0
79.0384,85.139,2.5135,0,0.02,2.97476,2.97476,0,0.557334,4.47552,4.11084e+06,2.81318e+06,1.22288e+07,0,0,0,0,80.8192,79.791,3.35796,0,0,1.41406,1.41406,0,1.09224,2.1168,8.54316e+06,3.7602e+06,1.20806e+07,0,0,0,0
78.2368,85.139,2.27913,0,0.02,2.97549,2.97549,0,0.55747,4.47552,4.11084e+06,2.81318e+06,1.22317e+07,0,0,0,0,80.8192,79.791,3.03345,0,0,1.41441,1.41441,0,1.0925,2.1168,8.54316e+06,3.7602e+06,1.20835e+07,0,0,0,0
77.3611,85.139,2.15638,0,0.02,2.97621,2.97621,0,0.557606,4.47552,4.11084e+06,2.81318e+06,1.22347e+07,0,0,0,0,80.8192,79.791,2.98561,0,0,1.41475,1.41475,0,1.09277,2.1168,8.54316e+06,3.7602e+06,1.20864e+07,0,0,0,0
76.2462,85.139,1.96102,0,0.02,3.04641,3.04641,0,0.557742,4.47552,4.11084e+06,2.81318e+06,1.25233e+07,0,0,0,0,80.8192,79.791,2.70398,0,0,1.44967,1.44967,0,1.09304,2.1168,8.54316e+06,3.7602e+06,1.23848e+07,0,0,0,0
75.4397,85.139,2.2829,0.01,0.02,3.04715,3.04715,0,0.570897,4.47552,4.11084e+06,2.81318e+06,1.25264e+07,0,0,0,0,80.8192,79.791,2.59495,0,0,1.45003,1.45003,0,1.12002,2.1168,8.54316e+06,3.7602e+06,1.23878e+07,0,0,0,0
74.4898,85.139,2.11503,0.01,0.02,3.04789,3.04789,0,0.571036,4.47552,4.11084e+06,2.81318e+06,1.25294e+07,0,0,0,0,80.7918,79.791,2.64222,0,0,1.45038,1.45038,0,1.12029,2.1168,8.54316e+06,3.7602e+06,1.23908e+07,0,0,0,0
73.395,85.139,1.95913,0.01,0.02,3.04864,3.04864,0,0.571175,4.47552,4.11084e+06,2.81318e+06,1.25325e+07,0,0,0,0,80.7192,79.791,2.34991,0,0,1.45073,1.45073,0,1.12056,2.1168,8.54316e+06,3.7602e+06,1.23938e+07,0,0,0,0
72.1857,85.139,1.9954,0.01,0.02,3.25303,3.25303,0,0.571314,4.47552,4.11084e+06,2.81318e+06,1.33727e+07,0,0,0,0,80.6116,79.791,2.66539,0,0,1.57602,1.57602,0,1.12084,2.1168,8.54316e+06,3.7602e+06,1.34642e+07,0,0,0,0
70.6583,85.139,1.66901,0.01,0.02,3.25382,3.25382,0,0.609618,4.47552,4.11084e+06,2.81318e+06,1.3376e+07,0,0,0,0,80.4278,79.791,2.32602,0,0,1.5764,1.5764,0,1.21763,2.1168,8.54316e+06,3.7602e+06,1.34674e+07,0,0,0,0
69.1926,85.139,1.72889,0.01,0.02,3.25462,3.25462,0,0.609767,4.47552,4.11084e+06,2.81318e+06,1.33792e+07,0,0,0,0,80.3141,79.791,2.63764,0,0,1.57678,1.57678,0,1.21793,2.1168,8.54316e+06,3.7602e+06,1.34707e+07,0,0,0,0
67.4153,85.139,1.41942,0.02,0.02,3.25541,3.25541,0,0.609915,4.47552,4.11084e+06,2.81318e+06,1.33825e+07,0,0,0,0,80.0708,79.791,2.10941,0,0,1.57717,1.57717,0,1.21822,2.1168,8.54316e+06,3.7602e+06,1.3474e+07,0,0,0,0
65.8977,85.139,1.64795,0.02,0.02,3.2562,3.2562,0,0.610064,4.47552,4.11084e+06,2.81318e+06,1.33857e+07,0,0,0,0,80.0792,79.791,3.16971,0,0,1.57755,1.57755,0,1.21852,2.1168,8.54316e+06,3.7602e+06,1.34773e+07,0,0,0,0
64.0803,85.139,1.25348,0.02,0.02,3.15762,3.15762,0,0.610212,4.47552,4.11084e+06,2.81318e+06,1.29805e+07,0,0,0,0,80.19,79.791,3.49566,0,0,1.50201,1.50201,0,1.21882,2.1168,8.54316e+06,3.7602e+06,1.2832e+07,0,0,0,0
61.9849,85.139,0.954426,0.03,0.02,3.15839,3.15839,0,0.591738,4.47552,4.11084e+06,2.81318e+06,1.29836e+07,0,0,0,0,79.9488,79.791,1.85567,0,0,1.50238,1.50238,0,1.16046,2.1168,8.54316e+06,3.7602e+06,1.28351e+07,0,0,0,0
59.888,85.139,0.925518,0.03,0.02,3.15916,3.15916,0,0.591882,4.47552,4.11084e+06,2.81318e+06,1.29868e+07,0,0,0,0,79.6771,79.791,1.70485,0,0,1.50275,1.50275,0,1.16074,2.1168,8.54316e+06,3.7602e+06,1.28382e+07,0,0,0,0
58.5969,85.139,1.89212,0.03,0.02,3.15992,3.15992,0,0.592026,4.47552,4.11084e+06,2.81318e+06,1.29899e+07,0,0,0,0,79.9499,79.791,2.77694,0,0,1.50311,1.50311,0,1.16102,2.1168,8.54316e+06,3.7602e+06,1.28413e+07,0,0,0,0
58.2627,85.139,2.77918,0.04,0.02,3.07904,3.07904,0,0.59217,4.47552,4.11084e+06,2.81318e+06,1.26575e+07,0,0,0,0,80.1733,79.791,2.88316,0,0,1.4343,1.4343,0,1.1613,2.1168,8.54316e+06,3.7602e+06,1.22535e+07,0,0,0,0
56.5985,85.139,1.40513,0.03,0.02,3.07979,3.07979,0,0.577013,4.47552,4.11084e+06,2.81318e+06,1.26605e+07,0,0,0,0,80.4967,79.791,2.75337,0,0,1.43465,1.43465,0,1.10814,2.1168,8.54316e+06,3.7602e+06,1.22565e+07,0,0,0,0
54.6271,85.139,1.04579,0.03,0.02,3.08054,3.08054,0,0.577153,4.47552,4.11084e+06,2.81318e+06,1.26636e+07,0,0,0,0,80.8192,79.791,2.9486,0,0,1.435,1.435,0,1.10841,2.1168,8.54316e+06,3.7602e+06,1.22594e+07,0,0,0,0
52.9438,85.139,1.35935,0.03,0.02,3.08129,3.08129,0,0.577294,4.47552,4.11084e+06,2.81318e+06,1.26667e+07,0,0,0,0,80.8192,79.791,2.27796,0,0,1.43535,1.43535,0,1.10868,2.1168,8.54316e+06,3.7602e+06,1.22624e+07,0,0,0,0
53.0412,85.139,3.14128,0.03,0.02,2.84993,2.84993,0,0.577434,4.47552,4.11084e+06,2.81318e+06,1.17156e+07,0,0,0,0,80.8192,79.791,3.98486,0,0,1.29149,1.29149,0,1.10895,2.1168,8.54316e+06,3.7602e+06,1.10334e+07,0,0,0,0
53.3454,85.139,3.21671,0.03,0.02,2.85062,2.85062,0,0.534077,4.47552,4.11084e+06,2.81318e+06,1.17184e+07,0,0,0,0,80.8192,79.791,3.50473,0,0,1.2918,1.2918,0,0.997803,2.1168,8.54316e+06,3.7602e+06,1.10361e+07,0,0,0,0
53.691,85.139,3.27997,0.04,0.02,2.85131,2.85131,0,0.534207,4.47552,4.11084e+06,2.81318e+06,1.17213e+07,0,0,0,0,80.8192,79.791,3.08695,0,0,1.29212,1.29212,0,0.998046,2.1168,8.54316e+06,3.7602e+06,1.10388e+07,0,0,0,0
54.9214,85.139,4.27745,0.04,0.02,2.85201,2.85201,0,0.534336,4.47552,4.11084e+06,2.81318e+06,1.17241e+07,0,0,0,0,80.8192,79.791,3.28069,0,0,1.29243,1.29243,0,0.998288,2.1168,8.54316e+06,3.7602e+06,1.10414e+07,0,0,0,0
56.8176,85.139,5.16567,0.04,0.02,2.8527,2.8527,0,0.534466,4.47552,4.11084e+06,2.81318e+06,1.1727e+07,0,0,0,0,80.8192,79.791,4.2527,0,0,1.29274,1.29274,0,0.998531,2.1168,8.54316e+06,3.7602e+06,1.10441e+07,0,0,0,0
59.6609,85.139,6.21828,0.05,0.02,2.94277,2.94277,0,0.534596,4.47552,4.11084e+06,2.81318e+06,1.20972e+07,0,0,0,0,80.8192,79.791,5.2323,0,0,1.33486,1.33486,0,0.998774,2.1168,8.54316e+06,3.7602e+06,1.14039e+07,0,0,0,0
61.8305,85.139,5.51376,0.03,0.02,2.94345,2.94345,0,0.551475,4.47552,4.11084e+06,2.81318e+06,1.21001e+07,0,0,0,0,80.8192,79.791,4.22432,0,1,1.33517,1.33517,0,1.03131,2.1168,8.54316e+06,3.7602e+06,1.14066e+07,0,0,0,0
63.3263,85.139,4.68773,0.03,0.02,2.94414,2.94414,0,0.551603,4.47552,4.11084e+06,2.81318e+06,1.21029e+07,0,0,0,0,80.8192,79.791,4.589,0,1,1.33548,1.33548,0,1.03155,2.1168,8.54316e+06,3.7602e+06,1.14092e+07,0,0,0,0
66.7851,85.139,6.77025,0.03,0.02,2.94483,2.94483,0,0.551732,4.47552,4.11084e+06,2.81318e+06,1.21057e+07,0,0,0,0,80.8192,79.791,5.08324,0,1,1.33579,1.33579,0,1.03179,2.1168,8.54316e+06,3.7602e+06,1.14119e+07,0,0,0,0
70.18,85.139,7.10375,0.03,0.02,3.23281,3.23281,0,0.551861,4.47552,4.11084e+06,2.81318e+06,1.32896e+07,0,0,0,0,80.8192,79.791,5.62364,0,1,1.4932,1.4932,0,1.03204,2.1168,8.54316e+06,3.7602e+06,1.27567e+07,0,0,0,0
72.2625,85.139,5.68071,0.01,0.02,3.23357,3.23357,0,0.605829,4.47552,4.11084e+06,2.81318e+06,1.32927e+07,0,0,0,0,80.8192,79.791,5.25878,0,1,1.49355,1.49355,0,1.15365,2.1168,8.54316e+06,3.7602e+06,1.27597e+07,0,0,0,0
76.1453,85.139,7.70261,0.01,0.02,3.23432,3.23432,0,0.605971,4.47552,4.11084e+06,2.81318e+06,1.32958e+07,0,0,0,0,80.8192,79.791,5.17624,0,1,1.4939,1.4939,0,1.15392,2.1168,8.54316e+06,3.7602e+06,1.27626e+07,0,0,0,0
79.2816,85.139,6.97252,0.01,0.02,3.23508,3.23508,0,0.606112,4.47552,4.11084e+06,2.81318e+06,1.32989e+07,0,0,0,0,80.8192,79.791,6.04555,0,1,1.49425,1.49425,0,1.15419,2.1168,8.54316e+06,3.7602e+06,1.27656e+07,0,0,0,0
85.139,85.139,10.7425,0,0.02,2.82567,2.82567,0,0.606253,4.47552,4.11084e+06,2.81318e+06,1.16159e+07,0,0,0,0,80.8192,79.791,4.5414,0,1,1.28357,1.28357,0,1.15446,2.1168,8.54316e+06,3.7602e+06,1.09658e+07,0,0,0,0
85.139,85.139,4.41561,0,0.02,2.82633,2.82633,0,0.52953,4.47552,4.11084e+06,2.81318e+06,1.16186e+07,0,0,0,0,80.8192,79.791,5.86422,0,1,1.28387,1.28387,0,0.991689,2.1168,8.54316e+06,3.7602e+06,1.09683e+07,0,0,0,0
85.139,85.139,3.91683,0,0.02,2.82699,2.82699,0,0.529654,4.47552,4.11084e+06,2.81318e+06,1.16213e+07,0,0,0,0,80.8192,79.791,5.60512,0,1,1.28417,1.28417,0,0.991921,2.1168,8.54316e+06,3.7602e+06,1.09709e+07,0,0,0,0
85.139,85.139,4.73367,0,0.02,2.82765,2.82765,0,0.529777,4.47552,4.11084e+06,2.81318e+06,1.1624e+07,0,0,0,0,80.8192,79.791,5.26484,0,1,1.28447,1.28447,0,0.992152,2.1168,8.54316e+06,3.7602e+06,1.09735e+07,0,0,0,0
85.139,85.139,3.84033,0,0.02,2.82831,2.82831,0,0.529901,4.47552,4.11084e+06,2.81318e+06,1.16267e+07,0,0,0,0,80.8192,79.791,4.55948,0,1,1.28477,1.28477,0,0.992383,2.1168,8.54316e+06,3.7602e+06,1.0976e+07,0,0,0,0
85.139,85.139,5.23798,0,0.02,2.93233,2.93233,0,0.530025,4.47552,4.11084e+06,2.81318e+06,1.20543e+07,0,0,0,0,80.8192,79.791,5.14934,0,1,1.33676,1.33676,0,0.992615,2.1168,8.54316e+06,3.7602e+06,1.14201e+07,0,0,0,0
85.139,85.139,6.73725,0,0.02,2.93301,2.93301,0,0.549519,4.47552,4.11084e+06,2.81318e+06,1.20571e+07,0,0,0,0,80.8192,79.791,6.23452,0,1,1.33707,1.33707,0,1.03278,2.1168,8.54316e+06,3.7602e+06,1.14228e+07,0,0,0,0
85.139,85.139,4.71954,0,0.02,2.9337,2.9337,0,0.549647,4.47552,4.11084e+06,2.81318e+06,1.206e+07,0,0,0,0,80.8192,79.791,4.27439,0,1,1.33738,1.33738,0,1.03302,2.1168,8.54316e+06,3.7602e+06,1.14254e+07,0,0,0,0
85.139,85.139,4.09676,0,0.02,2.93438,2.93438,0,0.549775,4.47552,4.11084e+06,2.81318e+06,1.20628e+07,0,0,0,0,80.8192,79.791,3.696,0,1,1.33769,1.33769,0,1.03326,2.1168,8.54316e+06,3.7602e+06,1.14281e+07,0,0,0,0
85.139,85.139,3.82332,0,0.02,2.89461,2.89461,0,0.549903,4.47552,4.11084e+06,2.81318e+06,1.18993e+07,0,0,0,0,80.8192,79.791,3.34407,0,1,1.31791,1.31791,0,1.0335,2.1168,8.54316e+06,3.7602e+06,1.12591e+07,0,0,0,0
85.139,85.139,3.69843,0,0.02,2.89529,2.89529,0,0.54245,4.47552,4.11084e+06,2.81318e+06,1.19021e+07,0,0,0,0,80.7911,79.791,2.8968,0,1,1.31822,1.31822,0,1.01822,2.1168,8.54316e+06,3.7602e+06,1.12617e+07,0,0,0,0
85.139,85.139,3.3054,0,0.02,2.89596,2.89596,0,0.542577,4.47552,4.11084e+06,2.81318e+06,1.19048e+07,0,0,0,0,80.8192,79.791,2.54565,0,1,1.31852,1.31852,0,1.01845,2.1168,8.54316e+06,3.7602e+06,1.12644e+07,0,0,0,0
84.9598,85.139,3.06116,0,0.02,2.89664,2.89664,0,0.542703,4.47552,4.11084e+06,2.81318e+06,1.19076e+07,0,0,0,0,80.8192,79.791,2.39246,0,1,1.31883,1.31883,0,1.01869,2.1168,8.54316e+06,3.7602e+06,1.1267e+07,0,0,0,0
84.5587,85.139,2.93044,0,0.02,3.03475,3.03475,0,0.54283,4.47552,4.11084e+06,2.81318e+06,1.24754e+07,0,0,0,0,80.8192,79.791,2.63114,0,1,1.39046,1.39046,0,1.01893,2.1168,8.54316e+06,3.7602e+06,1.18789e+07,0,0,0,0
84.0094,85.139,2.73679,0,0.02,3.03546,3.03546,0,0.568712,4.47552,4.11084e+06,2.81318e+06,1.24783e+07,0,0,0,0,80.6664,79.791,2.3758,0,1,1.39078,1.39078,0,1.07427,2.1168,8.54316e+06,3.7602e+06,1.18817e+07,0,0,0,0
83.386,85.139,2.64471,0,0.02,3.03617,3.03617,0,0.568845,4.47552,4.11084e+06,2.81318e+06,1.24812e+07,0,0,0,0,80.6958,79.791,2.06513,0,1,1.39111,1.39111,0,1.07452,2.1168,8.54316e+06,3.7602e+06,1.18845e+07,0,0,0,0
82.498,85.139,2.33937,0,0.02,3.03687,3.03687,0,0.568977,4.47552,4.11084e+06,2.81318e+06,1.24841e+07,0,0,0,0,80.6138,79.791,1.94971,0,1,1.39143,1.39143,0,1.07477,2.1168,8.54316e+06,3.7602e+06,1.18872e+07,0,0,0,0
81.5254,85.139,2.21168,0,0.02,3.03758,3.03758,0,0.56911,4.47552,4.11084e+06,2.81318e+06,1.2487e+07,0,0,0,0,80.4633,79.791,1.85749,0,1,1.39176,1.39176,0,1.07502,2.1168,8.54316e+06,3.7602e+06,1.189e+07,0,0,0,0
80.4028,85.139,2.00462,0,0.02,3.01108,3.01108,0,0.569243,4.47552,4.11084e+06,2.81318e+06,1.23781e+07,0,0,0,0,80.1826,79.791,1.75547,0,1,1.43132,1.43132,0,1.07527,2.1168,8.54316e+06,3.7602e+06,1.2228e+07,0,0,0,0
79.1829,85.139,1.8811,0,0.02,3.01178,3.01178,0,0.564276,4.47552,4.11084e+06,2.81318e+06,1.23809e+07,0,0,0,0,79.9043,79.791,1.6386,0,1,1.43166,1.43166,0,1.10584,2.1168,8.54316e+06,3.7602e+06,1.22309e+07,0,0,0,0
77.8268,85.139,1.7354,0,0.02,3.01248,3.01248,0,0.564407,4.47552,4.11084e+06,2.81318e+06,1.23838e+07,0,0,0,0,79.4637,79.791,1.62599,0,1,1.43199,1.43199,0,1.1061,2.1168,8.54316e+06,3.7602e+06,1.22337e+07,0,0,0,0
76.3331,85.139,1.5847,0,0.02,3.01318,3.01318,0,0.564539,4.47552,4.11084e+06,2.81318e+06,1.23867e+07,0,0,0,0,78.9994,79.791,1.44907,0,1,1.43232,1.43232,0,1.10636,2.1168,8.54316e+06,3.7602e+06,1.22366e+07,0,0,0,0
74.6885,85.139,1.46217,0.01,0.02,3.08422,3.08422,0,0.56467,4.47552,4.11084e+06,2.81318e+06,1.26787e+07,0,0,0,0,78.4402,79.791,1.39984,0,1,1.46767,1.46767,0,1.10661,2.1168,8.54316e+06,3.7602e+06,1.25385e+07,0,0,0,0
73.2053,85.139,1.59768,0.01,0.02,3.08494,3.08494,0,0.577983,4.47552,4.11084e+06,2.81318e+06,1.26817e+07,0,0,0,0,78.0763,79.791,1.48464,0,1,1.46801,1.46801,0,1.13392,2.1168,8.54316e+06,3.7602e+06,1.25414e+07,0,0,0,0
71.6963,85.139,1.5606,0.01,0.02,3.08566,3.08566,0,0.578118,4.47552,4.11084e+06,2.81318e+06,1.26846e+07,0,0,0,0,77.6475,79.791,1.52362,0,1,1.46835,1.46835,0,1.13418,2.1168,8.54316e+06,3.7602e+06,1.25443e+07,0,0,0,0
70.1047,85.139,1.4573,0.01,0.02,3.08638,3.08638,0,0.578252,4.47552,4.11084e+06,2.81318e+06,1.26876e+07,0,0,0,0,77.1119,79.791,1.43598,0,1,1.46869,1.46869,0,1.13445,2.1168,8.54316e+06,3.7602e+06,1.25473e+07,0,0,0,0
68.2453,85.139,1.33755,0.01,0.02,3.29327,3.29327,0,0.578387,4.47552,4.11084e+06,2.81318e+06,1.35381e+07,0,0,0,0,76.5671,79.791,1.35656,0,1,1.59551,1.59551,0,1.13471,2.1168,8.54316e+06,3.7602e+06,1.36307e+07,0,0,0,0
66.6939,85.139,1.60891,0.01,0.02,3.29404,3.29404,0,0.617159,4.47552,4.11084e+06,2.81318e+06,1.35413e+07,0,0,0,0,76.0484,79.791,1.47629,0,1,1.59588,1.59588,0,1.23269,2.1168,8.54316e+06,3.7602e+06,1.36339e+07,0,0,0,0
65.3263,85.139,1.79265,0.02,0.02,3.2948,3.2948,0,0.617302,4.47552,4.11084e+06,2.81318e+06,1.35444e+07,0,0,0,0,75.3478,79.791,1.54836,0,1,1.59625,1.59625,0,1.23298,2.1168,8.54316e+06,3.7602e+06,1.36371e+07,0,0,0,0
63.6147,85.139,1.43818,0.03,0.02,3.29557,3.29557,0,0.617446,4.47552,4.11084e+06,2.81318e+06,1.35476e+07,0,0,0,0,75.069,79.791,1.12469,0,1,1.59662,1.59662,0,1.23327,2.1168,8.54316e+06,3.7602e+06,1.36402e+07,0,0,0,0
62.2415,85.139,1.74824,0.03,0.02,3.29634,3.29634,0,0.61759,4.47552,4.11084e+06,2.81318e+06,1.35507e+07,0,0,0,0,74.7053,79.791,1.93507,0,1,1.597,1.597,0,1.23355,2.1168,8.54316e+06,3.7602e+06,1.36434e+07,0,0,0,0
61.1094,85.139,1.91449,0.03,0.02,3.19651,3.19651,0,0.617733,4.47552,4.11084e+06,2.81318e+06,1.31403e+07,0,0,0,0,74.5905,79.791,1.66004,0,1,1.52051,1.52051,0,1.23384,2.1168,8.54316e+06,3.7602e+06,1.299e+07,0,0,0,0
61.1072,85.139,3.055,0.03,0.02,3.19725,3.19725,0,0.599025,4.47552,4.11084e+06,2.81318e+06,1.31434e+07,0,0,0,0,74.8068,79.791,2.09615,0,1,1.52087,1.52087,0,1.17475,2.1168,8.54316e+06,3.7602e+06,1.2993e+07,0,0,0,0
60.6388,85.139,2.5781,0.03,0.02,3.19799,3.19799,0,0.599164,4.47552,4.11084e+06,2.81318e+06,1.31464e+07,0,0,0,0,75.1453,79.791,3.26566,0,1,1.52122,1.52122,0,1.17502,2.1168,8.54316e+06,3.7602e+06,1.2996e+07,0,0,0,0
59.8193,85.139,2.22195,0.03,0.02,3.19874,3.19874,0,0.599304,4.47552,4.11084e+06,2.81318e+06,1.31495e+07,0,0,0,0,74.9828,79.791,1.85449,0,1,1.52157,1.52157,0,1.17529,2.1168,8.54316e+06,3.7602e+06,1.29991e+07,0,0,0,0
59.1497,85.139,2.30908,0.03,0.02,3.11683,3.11683,0,0.599443,4.47552,4.11084e+06,2.81318e+06,1.28128e+07,0,0,0,0,75.0861,79.791,1.79938,0,1,1.4519,1.4519,0,1.17557,2.1168,8.54316e+06,3.7602e+06,1.24039e+07,0,0,0,0
59.0909,85.139,3.21264,0.04,0.02,3.11756,3.11756,0,0.584094,4.47552,4.11084e+06,2.81318e+06,1.28158e+07,0,0,0,0,75.7623,79.791,3.74849,0,1,1.45224,1.45224,0,1.12174,2.1168,8.54316e+06,3.7602e+06,1.24067e+07,0,0,0,0
59.2015,85.139,3.37669,0.03,0.02,3.11828,3.11828,0,0.58423,4.47552,4.11084e+06,2.81318e+06,1.28188e+07,0,0,0,0,76.3196,79.791,3.61715,0,1,1.45258,1.45258,0,1.122,2.1168,8.54316e+06,3.7602e+06,1.24096e+07,0,0,0,0
60.7181,85.139,4.78579,0.03,0.02,3.11901,3.11901,0,0.584366,4.47552,4.11084e+06,2.81318e+06,1.28217e+07,0,0,0,0,77.2747,79.791,4.72153,0,1,1.45292,1.45292,0,1.12226,2.1168,8.54316e+06,3.7602e+06,1.24125e+07,0,0,0,0
62.9564,85.139,5.31142,0.02,0.02,2.88478,2.88478,0,0.584502,4.47552,4.11084e+06,2.81318e+06,1.18589e+07,0,0,0,0,78.3999,79.791,4.78103,0,1,1.30728,1.30728,0,1.12252,2.1168,8.54316e+06,3.7602e+06,1.11683e+07,0,0,0,0
64.1312,85.139,4.21682,0.03,0.02,2.88545,2.88545,0,0.540608,4.47552,4.11084e+06,2.81318e+06,1.18616e+07,0,0,0,0,80.05,79.791,4.8095,0,1,1.30759,1.30759,0,1.01001,2.1168,8.54316e+06,3.7602e+06,1.11709e+07,0,0,0,0
63.7182,85.139,2.6938,0.03,0.02,2.88612,2.88612,0,0.540734,4.47552,4.11084e+06,2.81318e+06,1.18644e+07,0,0,0,0,80.8192,79.791,3.84174,0,1,1.30789,1.30789,0,1.01024,2.1168,8.54316e+06,3.7602e+06,1.11735e+07,0,0,0,0
65.5037,85.139,4.94945,0.03,0.02,2.88679,2.88679,0,0.54086,4.47552,4.11084e+06,2.81318e+06,1.18672e+07,0,0,0,0,80.8192,79.791,2.77547,0,1,1.30819,1.30819,0,1.01048,2.1168,8.54316e+06,3.7602e+06,1.11761e+07,0,0,0,0
66.6777,85.139,4.43103,0.03,0.02,2.88747,2.88747,0,0.540985,4.47552,4.11084e+06,2.81318e+06,1.18699e+07,0,0,0,0,80.8192,79.791,8.94074,0,1,1.3085,1.3085,0,1.01071,2.1168,8.54316e+06,3.7602e+06,1.11787e+07,0,0,0,0
67.0175,85.139,3.56078,0.03,0.02,2.88747,2.88747,0,0.541111,4.47552,4.11084e+06,2.81318e+06,1.18699e+07,0,0,0,0,80.6471,79.791,4.25296,0,1,1.3085,1.3085,0,1.01095,2.1168,8.54316e+06,3.7602e+06,1.11787e+07,0,0,0,0
65.9675,85.139,2.06397,0.03,0.04,2.9786,2.9786,0,0.541111,4.47552,4.11084e+06,2.81318e+06,1.22445e+07,0,0,0,0,80.8192,79.791,2.10627,0,1,1.35111,1.35111,0,1.01095,2.1168,8.54316e+06,3.7602e+06,1.15428e+07,0,0,0,0
69.5554,85.139,6.85039,0.03,0.04,2.97926,2.97926,0,0.558189,4.47552,4.11084e+06,2.81318e+06,1.22473e+07,0,0,0,0,80.8192,79.791,3.65851,0,1,1.35141,1.35141,0,1.04387,2.1168,8.54316e+06,3.7602e+06,1.15454e+07,0,0,0,0
72.9029,85.139,7.07879,0.01,0.04,2.97993,2.97993,0,0.558314,4.47552,4.11084e+06,2.81318e+06,1.225e+07,0,0,0,0,80.8192,79.791,4.98969,0,1,1.35172,1.35172,0,1.0441,2.1168,8.54316e+06,3.7602e+06,1.15479e+07,0,0,0,0
73.2959,85.139,3.70082,0.01,0.04,2.98059,2.98059,0,0.558438,4.47552,4.11084e+06,2.81318e+06,1.22527e+07,0,0,0,0,80.8156,79.791,3.0297,0,1,1.35202,1.35202,0,1.04434,2.1168,8.54316e+06,3.7602e+06,1.15505e+07,0,0,0,0
73.1558,85.139,3.45396,0.01,0.04,3.27204,3.27204,0,0.558563,4.47552,4.11084e+06,2.81318e+06,1.34508e+07,0,0,0,0,80.8192,79.791,2.357,0,1,1.51132,1.51132,0,1.04457,2.1168,8.54316e+06,3.7602e+06,1.29115e+07,0,0,0,0
73.8239,85.139,4.31072,0.01,0.04,3.27277,3.27277,0,0.61318,4.47552,4.11084e+06,2.81318e+06,1.34538e+07,0,0,0,0,80.8192,79.791,3.63466,0,1,1.51166,1.51166,0,1.16765,2.1168,8.54316e+06,3.7602e+06,1.29143e+07,0,0,0,0
74.669,85.139,4.54191,0.01,0.04,3.2735,3.2735,0,0.613317,4.47552,4.11084e+06,2.81318e+06,1.34568e+07,0,0,0,0,80.8192,79.791,3.31697,0,1,1.512,1.512,0,1.16791,2.1168,8.54316e+06,3.7602e+06,1.29172e+07,0,0,0,0
75.5942,85.139,4.60669,0.01,0.04,3.27423,3.27423,0,0.613454,4.47552,4.11084e+06,2.81318e+06,1.34598e+07,0,0,0,0,80.8192,79.791,4.82636,0,1,1.51233,1.51233,0,1.16817,2.1168,8.54316e+06,3.7602e+06,1.29201e+07,0,0,0,0
76.2676,85.139,3.93613,0.01,0.04,2.85984,2.85984,0,0.61359,4.47552,4.11084e+06,2.81318e+06,1.17563e+07,0,0,0,0,80.8192,79.791,4.22461,0,1,1.29909,1.29909,0,1.16843,2.1168,8.54316e+06,3.7602e+06,1.10984e+07,0,0,0,0
77.79,85.139,4.83213,0.01,0.04,2.86047,2.86047,0,0.535933,4.47552,4.11084e+06,2.81318e+06,1.17589e+07,0,0,0,0,80.8192,79.791,4.3885,0,1,1.29938,1.29938,0,1.00368,2.1168,8.54316e+06,3.7602e+06,1.11008e+07,0,0,0,0
82.1222,85.139,7.88565,0,0.04,2.86111,2.86111,0,0.536053,4.47552,4.11084e+06,2.81318e+06,1.17616e+07,0,0,0,0,80.8192,79.791,8.8007,0,1,1.29967,1.29967,0,1.0039,2.1168,8.54316e+06,3.7602e+06,1.11033e+07,0,0,0,0
82.7233,85.139,4.08054,0,0.04,2.86175,2.86175,0,0.536172,4.47552,4.11084e+06,2.81318e+06,1.17642e+07,0,0,0,0,80.8192,79.791,3.56847,0,1,1.29996,1.29996,0,1.00413,2.1168,8.54316e+06,3.7602e+06,1.11058e+07,0,0,0,0
84.8052,85.139,5.69777,0,0.04,2.86238,2.86238,0,0.536291,4.47552,4.11084e+06,2.81318e+06,1.17668e+07,0,0,0,0,80.8192,79.791,5.76159,0,1,1.30025,1.30025,0,1.00435,2.1168,8.54316e+06,3.7602e+06,1.11083e+07,0,0,0,0
85.139,85.139,7.12016,0,0.04,2.96763,2.96763,0,0.536411,4.47552,4.11084e+06,2.81318e+06,1.21995e+07,0,0,0,0,80.8192,79.791,8.78948,0,1,1.35285,1.35285,0,1.00457,2.1168,8.54316e+06,3.7602e+06,1.15576e+07,0,0,0,0
85.139,85.139,5.11942,0,0.04,2.96829,2.96829,0,0.556134,4.47552,4.11084e+06,2.81318e+06,1.22022e+07,0,0,0,0,80.8192,79.791,6.92068,0,1,1.35315,1.35315,0,1.04521,2.1168,8.54316e+06,3.7602e+06,1.15602e+07,0,0,0,0
85.139,85.139,4.39304,0,0.04,2.96895,2.96895,0,0.556258,4.47552,4.11084e+06,2.81318e+06,1.22049e+07,0,0,0,0,80.8192,79.791,6.56065,0,1,1.35345,1.35345,0,1.04544,2.1168,8.54316e+06,3.7602e+06,1.15628e+07,0,0,0,0
85.139,85.139,4.17054,0,0.04,2.96961,2.96961,0,0.556382,4.47552,4.11084e+06,2.81318e+06,1.22076e+07,0,0,0,0,80.8192,79.791,6.40216,0,1,1.35375,1.35375,0,1.04568,2.1168,8.54316e+06,3.7602e+06,1.15653e+07,0,0,0,0
85.139,85.139,3.8678,0,0.04,2.92934,2.92934,0,0.556506,4.47552,4.11084e+06,2.81318e+06,1.2042e+07,0,0,0,0,80.8192,79.791,3.75522,0,1,1.33372,1.33372,0,1.04591,2.1168,8.54316e+06,3.7602e+06,1.13942e+07,0,0,0,0
85.0229,85.139,3.21925,0,0.04,2.92999,2.92999,0,0.548958,4.47552,4.11084e+06,2.81318e+06,1.20447e+07,0,0,0,0,80.8192,79.791,3.26148,0,1,1.33402,1.33402,0,1.03043,2.1168,8.54316e+06,3.7602e+06,1.13967e+07,0,0,0,0
84.5705,85.139,2.84927,0,0.04,2.93064,2.93064,0,0.54908,4.47552,4.11084e+06,2.81318e+06,1.20474e+07,0,0,0,0,80.8192,79.791,2.87844,0,1,1.33431,1.33431,0,1.03066,2.1168,8.54316e+06,3.7602e+06,1.13993e+07,0,0,0,0
83.8778,85.139,2.57628,0,0.04,2.93129,2.93129,0,0.549202,4.47552,4.11084e+06,2.81318e+06,1.20501e+07,0,0,0,0,80.8192,79.791,2.60753,0,1,1.33461,1.33461,0,1.03089,2.1168,8.54316e+06,3.7602e+06,1.14018e+07,0,0,0,0
83.3103,85.139,2.7645,0,0.04,3.07103,3.07103,0,0.549325,4.47552,4.11084e+06,2.81318e+06,1.26245e+07,0,0,0,0,80.8192,79.791,2.50829,0,1,1.40708,1.40708,0,1.03112,2.1168,8.54316e+06,3.7602e+06,1.20209e+07,0,0,0,0
82.7991,85.139,2.79575,0,0.04,3.07171,3.07171,0,0.575511,4.47552,4.11084e+06,2.81318e+06,1.26273e+07,0,0,0,0,80.8192,79.791,2.47007,0,1,1.40739,1.40739,0,1.08711,2.1168,8.54316e+06,3.7602e+06,1.20236e+07,0,0,0,0
82.1798,85.139,2.67638,0,0.04,3.0724,3.0724,0,0.575639,4.47552,4.11084e+06,2.81318e+06,1.26301e+07,0,0,0,0,80.8192,79.791,2.6605,0,1,1.40771,1.40771,0,1.08735,2.1168,8.54316e+06,3.7602e+06,1.20263e+07,0,0,0,0
81.3382,85.139,2.4677,0,0.04,3.07308,3.07308,0,0.575767,4.47552,4.11084e+06,2.81318e+06,1.26329e+07,0,0,0,0,80.8192,79.791,2.51297,0,1,1.40802,1.40802,0,1.08759,2.1168,8.54316e+06,3.7602e+06,1.20289e+07,0,0,0,0
80.2764,85.139,2.15148,0,0.04,3.07376,3.07376,0,0.575895,4.47552,4.11084e+06,2.81318e+06,1.26358e+07,0,0,0,0,80.6595,79.791,2.30595,0,1,1.40833,1.40833,0,1.08784,2.1168,8.54316e+06,3.7602e+06,1.20316e+07,0,0,0,0
78.8832,85.139,1.74768,0,0.04,3.04691,3.04691,0,0.576023,4.47552,4.11084e+06,2.81318e+06,1.25254e+07,0,0,0,0,80.6035,79.791,1.84897,0,1,1.44836,1.44836,0,1.08808,2.1168,8.54316e+06,3.7602e+06,1.23736e+07,0,0,0,0
77.3529,85.139,1.59872,0,0.04,3.04759,3.04759,0,0.570991,4.47552,4.11084e+06,2.81318e+06,1.25282e+07,0,0,0,0,80.3742,79.791,1.85454,0,1,1.44868,1.44868,0,1.119,2.1168,8.54316e+06,3.7602e+06,1.23763e+07,0,0,0,0
75.6856,85.139,1.44352,0,0.04,3.04827,3.04827,0,0.571119,4.47552,4.11084e+06,2.81318e+06,1.25309e+07,0,0,0,0,80.1271,79.791,1.65931,0,1,1.449,1.449,0,1.11925,2.1168,8.54316e+06,3.7602e+06,1.23791e+07,0,0,0,0
73.9935,85.139,1.3751,0.01,0.04,3.04895,3.04895,0,0.571246,4.47552,4.11084e+06,2.81318e+06,1.25337e+07,0,0,0,0,79.7356,79.791,1.61259,0,1,1.44933,1.44933,0,1.1195,2.1168,8.54316e+06,3.7602e+06,1.23818e+07,0,0,0,0
72.1631,85.139,1.26795,0.01,0.04,3.1208,3.1208,0,0.571373,4.47552,4.11084e+06,2.81318e+06,1.28291e+07,0,0,0,0,79.3854,79.791,1.5328,0,1,1.48507,1.48507,0,1.11975,2.1168,8.54316e+06,3.7602e+06,1.26872e+07,0,0,0,0
70.2656,85.139,1.17362,0.01,0.04,3.12149,3.12149,0,0.584838,4.47552,4.11084e+06,2.81318e+06,1.2832e+07,0,0,0,0,78.86,79.791,1.54487,0,1,1.4854,1.4854,0,1.14737,2.1168,8.54316e+06,3.7602e+06,1.269e+07,0,0,0,0
68.3005,85.139,1.0875,0.01,0.04,3.12219,3.12219,0,0.584968,4.47552,4.11084e+06,2.81318e+06,1.28348e+07,0,0,0,0,78.4494,79.791,1.37751,0,1,1.48573,1.48573,0,1.14762,2.1168,8.54316e+06,3.7602e+06,1.26928e+07,0,0,0,0
66.3796,85.139,1.10687,0.01,0.04,3.12288,3.12288,0,0.585098,4.47552,4.11084e+06,2.81318e+06,1.28377e+07,0,0,0,0,77.9407,79.791,1.56014,0,1,1.48606,1.48606,0,1.14788,2.1168,8.54316e+06,3.7602e+06,1.26957e+07,0,0,0,0
64.2098,85.139,0.991237,0.03,0.04,3.33219,3.33219,0,0.585228,4.47552,4.11084e+06,2.81318e+06,1.36981e+07,0,0,0,0,77.223,79.791,1.41345,0,1,1.61436,1.61436,0,1.14813,2.1168,8.54316e+06,3.7602e+06,1.37918e+07,0,0,0,0
61.8455,85.139,0.763061,0.03,0.04,3.33293,3.33293,0,0.624452,4.47552,4.11084e+06,2.81318e+06,1.37011e+07,0,0,0,0,76.464,79.791,1.19045,0,1,1.61472,1.61472,0,1.24726,2.1168,8.54316e+06,3.7602e+06,1.37948e+07,0,0,0,0
59.5224,85.139,0.774309,0.03,0.04,3.33367,3.33367,0,0.624591,4.47552,4.11084e+06,2.81318e+06,1.37042e+07,0,0,0,0,75.8501,79.791,1.14515,0,1,1.61508,1.61508,0,1.24754,2.1168,8.54316e+06,3.7602e+06,1.37979e+07,0,0,0,0
57.581,85.139,1.145,0.06,0.04,3.33441,3.33441,0,0.624729,4.47552,4.11084e+06,2.81318e+06,1.37072e+07,0,0,0,0,75.5914,79.791,1.36632,0,1,1.61544,1.61544,0,1.24781,2.1168,8.54316e+06,3.7602e+06,1.3801e+07,0,0,0,0
55.9659,85.139,1.47886,0.05,0.04,3.33515,3.33515,0,0.624868,4.47552,4.11084e+06,2.81318e+06,1.37103e+07,0,0,0,0,75.433,79.791,2.47859,0,1,1.6158,1.6158,0,1.24809,2.1168,8.54316e+06,3.7602e+06,1.38041e+07,0,0,0,0
54.0684,85.139,1.06742,0.05,0.04,3.23411,3.23411,0,0.625007,4.47552,4.11084e+06,2.81318e+06,1.32949e+07,0,0,0,0,74.9935,79.791,1.53393,0,1,1.5384,1.5384,0,1.24837,2.1168,8.54316e+06,3.7602e+06,1.31428e+07,0,0,0,0
52.0217,85.139,0.887263,0.05,0.04,3.23483,3.23483,0,0.606072,4.47552,4.11084e+06,2.81318e+06,1.32979e+07,0,0,0,0,74.7291,79.791,1.36208,0,1,1.53874,1.53874,0,1.18857,2.1168,8.54316e+06,3.7602e+06,1.31457e+07,0,0,0,0
50.6543,85.139,1.64467,0.05,0.04,3.23555,3.23555,0,0.606207,4.47552,4.11084e+06,2.81318e+06,1.33008e+07,0,0,0,0,74.9485,79.791,1.8746,0,1,1.53908,1.53908,0,1.18883,2.1168,8.54316e+06,3.7602e+06,1.31486e+07,0,0,0,0
50.8266,85.139,3.27702,0.07,0.04,3.23627,3.23627,0,0.606342,4.47552,4.11084e+06,2.81318e+06,1.33038e+07,0,0,0,0,75.1059,79.791,2.70192,0,1,1.53943,1.53943,0,1.1891,2.1168,8.54316e+06,3.7602e+06,1.31516e+07,0,0,0,0
49.5675,85.139,1.71241,0.06,0.04,3.15337,3.15337,0,0.606477,4.47552,4.11084e+06,2.81318e+06,1.2963e+07,0,0,0,0,74.7117,79.791,1.31261,0,1,1.46892,1.46892,0,1.18936,2.1168,8.54316e+06,3.7602e+06,1.25493e+07,0,0,0,0
48.0195,85.139,1.38343,0.06,0.04,3.15407,3.15407,0,0.590941,4.47552,4.11084e+06,2.81318e+06,1.29659e+07,0,0,0,0,74.5959,79.791,1.28396,0,1,1.46925,1.46925,0,1.13489,2.1168,8.54316e+06,3.7602e+06,1.2552e+07,0,0,0,0
48.5432,85.139,3.53238,0.06,0.04,3.15477,3.15477,0,0.591073,4.47552,4.11084e+06,2.81318e+06,1.29688e+07,0,0,0,0,75.1346,79.791,3.90913,0,1,1.46958,1.46958,0,1.13514,2.1168,8.54316e+06,3.7602e+06,1.25548e+07,0,0,0,0
49.6354,85.139,4.15943,0.06,0.04,3.15547,3.15547,0,0.591204,4.47552,4.11084e+06,2.81318e+06,1.29716e+07,0,0,0,0,76.0012,79.791,3.30375,0,1,1.4699,1.4699,0,1.1354,2.1168,8.54316e+06,3.7602e+06,1.25576e+07,0,0,0,0
49.5456,85.139,2.81689,0.06,0.04,2.91848,2.91848,0,0.591335,4.47552,4.11084e+06,2.81318e+06,1.19974e+07,0,0,0,0,76.6381,79.791,3.64474,0,1,1.32255,1.32255,0,1.13565,2.1168,8.54316e+06,3.7602e+06,1.12988e+07,0,0,0,0
50.0838,85.139,3.47063,0.06,0.04,2.91913,2.91913,0,0.546923,4.47552,4.11084e+06,2.81318e+06,1.20001e+07,0,0,0,0,77.3465,79.791,3.65565,0,1,1.32284,1.32284,0,1.0218,2.1168,8.54316e+06,3.7602e+06,1.13013e+07,0,0,0,0
51.9769,85.139,5.04216,0.06,0.04,2.91977,2.91977,0,0.547044,4.47552,4.11084e+06,2.81318e+06,1.20027e+07,0,0,0,0,79.0853,79.791,5.22994,0,1,1.32314,1.32314,0,1.02203,2.1168,8.54316e+06,3.7602e+06,1.13038e+07,0,0,0,0
53.5309,85.139,4.76236,0.05,0.04,2.92042,2.92042,0,0.547166,4.47552,4.11084e+06,2.81318e+06,1.20054e+07,0,0,0,0,80.8192,79.791,7.11253,0,1,1.32343,1.32343,0,1.02226,2.1168,8.54316e+06,3.7602e+06,1.13063e+07,0,0,0,0
55.9686,85.139,5.56853,0.05,0.04,2.92107,2.92107,0,0.547287,4.47552,4.11084e+06,2.81318e+06,1.20081e+07,0,0,0,0,80.8192,79.791,5.86078,0,1,1.32373,1.32373,0,1.02248,2.1168,8.54316e+06,3.7602e+06,1.13088e+07,0,0,0,0
61.2372,85.139,8.55422,0.05,0.04,3.01323,3.01323,0,0.547409,4.47552,4.11084e+06,2.81318e+06,1.23869e+07,0,0,0,0,80.8192,79.791,4.65025,0,1,1.36682,1.36682,0,1.02271,2.1168,8.54316e+06,3.7602e+06,1.1677e+07,0,0,0,0
65.7209,85.139,7.80828,0.03,0.04,3.01388,3.01388,0,0.56468,4.47552,4.11084e+06,2.81318e+06,1.23896e+07,0,0,0,0,80.8192,79.791,3.94481,0,1,1.36712,1.36712,0,1.05601,2.1168,8.54316e+06,3.7602e+06,1.16795e+07,0,0,0,0
69.1774,85.139,6.78705,0.03,0.04,3.01452,3.01452,0,0.5648,4.47552,4.11084e+06,2.81318e+06,1.23922e+07,0,0,0,0,80.8192,79.791,3.51692,0,1,1.36741,1.36741,0,1.05623,2.1168,8.54316e+06,3.7602e+06,1.1682e+07,0,0,0,0
72.4311,85.139,6.6127,0.01,0.04,3.01516,3.01516,0,0.56492,4.47552,4.11084e+06,2.81318e+06,1.23948e+07,0,0,0,0,80.8192,79.791,3.62122,0,1,1.3677,1.3677,0,1.05646,2.1168,8.54316e+06,3.7602e+06,1.16845e+07,0,0,0,0
75.3553,85.139,6.62066,0.01,0.04,3.30995,3.30995,0,0.565041,4.47552,4.11084e+06,2.81318e+06,1.36067e+07,0,0,0,0,80.8192,79.791,3.87373,0,1,1.52883,1.52883,0,1.05668,2.1168,8.54316e+06,3.7602e+06,1.30611e+07,0,0,0,0
77.4083,85.139,5.74386,0.01,0.04,3.31066,3.31066,0,0.620285,4.47552,4.11084e+06,2.81318e+06,1.36096e+07,0,0,0,0,80.6253,79.791,3.6642,0,1,1.52916,1.52916,0,1.18118,2.1168,8.54316e+06,3.7602e+06,1.30639e+07,0,0,0,0
77.7354,85.139,3.95646,0,0.04,3.31136,3.31136,0,0.620417,4.47552,4.11084e+06,2.81318e+06,1.36125e+07,0,0,0,0,80.4865,79.791,2.52012,0,1,1.52948,1.52948,0,1.18143,2.1168,8.54316e+06,3.7602e+06,1.30666e+07,0,0,0,0
77.6166,85.139,3.48673,0,0.04,3.31206,3.31206,0,0.620549,4.47552,4.11084e+06,2.81318e+06,1.36154e+07,0,0,0,0,80.7371,79.791,2.21712,0,1,1.52981,1.52981,0,1.18168,2.1168,8.54316e+06,3.7602e+06,1.30694e+07,0,0,0,0
78.1013,85.139,3.81476,0,0.04,2.89285,2.89285,0,0.620681,4.47552,4.11084e+06,2.81318e+06,1.18921e+07,0,0,0,0,80.7901,79.791,2.86281,0,1,1.31409,1.31409,0,1.18193,2.1168,8.54316e+06,3.7602e+06,1.12265e+07,0,0,0,0
78.5091,85.139,3.74468,0,0.04,2.89347,2.89347,0,0.542121,4.47552,4.11084e+06,2.81318e+06,1.18946e+07,0,0,0,0,80.8192,79.791,2.8454,0,1,1.31437,1.31437,0,1.01527,2.1168,8.54316e+06,3.7602e+06,1.12289e+07,0,0,0,0
81,85.139,6.02021,0,0.04,2.89408,2.89408,0,0.542236,4.47552,4.11084e+06,2.81318e+06,1.18971e+07,0,0,0,0,80.8192,79.791,4.36121,0,1,1.31465,1.31465,0,1.01548,2.1168,8.54316e+06,3.7602e+06,1.12313e+07,0,0,0,0
83.0568,85.139,5.58122,0,0.04,2.8947,2.8947,0,0.542351,4.47552,4.11084e+06,2.81318e+06,1.18996e+07,0,0,0,0,80.8192,79.791,6.11589,0,1,1.31493,1.31493,0,1.0157,2.1168,8.54316e+06,3.7602e+06,1.12337e+07,0,0,0,0
85.139,85.139,6.53026,0,0.04,2.89531,2.89531,0,0.542467,4.47552,4.11084e+06,2.81318e+06,1.19022e+07,0,0,0,0,80.4456,79.791,4.50936,0,1,1.31521,1.31521,0,1.01592,2.1168,8.54316e+06,3.7602e+06,1.12361e+07,0,0,0,0
84.8178,85.139,3.18519,0,0.04,3.00174,3.00174,0,0.542582,4.47552,4.11084e+06,2.81318e+06,1.23397e+07,0,0,0,0,80.8192,79.791,2.00916,0,1,1.3684,1.3684,0,1.01613,2.1168,8.54316e+06,3.7602e+06,1.16904e+07,0,0,0,0
84.9908,85.139,3.75655,0,0.04,3.00238,3.00238,0,0.562526,4.47552,4.11084e+06,2.81318e+06,1.23423e+07,0,0,0,0,80.8192,79.791,4.21271,0,1,1.36869,1.36869,0,1.05722,2.1168,8.54316e+06,3.7602e+06,1.16929e+07,0,0,0,0
84.6191,85.139,3.10713,0,0.04,3.00302,3.00302,0,0.562646,4.47552,4.11084e+06,2.81318e+06,1.23449e+07,0,0,0,0,80.5535,79.791,2.9551,0,1,1.36898,1.36898,0,1.05745,2.1168,8.54316e+06,3.7602e+06,1.16954e+07,0,0,0,0
83.7487,85.139,2.46868,0,0.04,3.00366,3.00366,0,0.562765,4.47552,4.11084e+06,2.81318e+06,1.23475e+07,0,0,0,0,80.7487,79.791,2.14047,0,1,1.36927,1.36927,0,1.05767,2.1168,8.54316e+06,3.7602e+06,1.16979e+07,0,0,0,0
82.9229,85.139,2.51666,0,0.04,2.96289,2.96289,0,0.562885,4.47552,4.11084e+06,2.81318e+06,1.218e+07,0,0,0,0,80.6359,79.791,2.45656,0,1,1.349,1.349,0,1.0579,2.1168,8.54316e+06,3.7602e+06,1.15247e+07,0,0,0,0
81.8334,85.139,2.22684,0,0.04,2.96352,2.96352,0,0.555245,4.47552,4.11084e+06,2.81318e+06,1.21825e+07,0,0,0,0,80.6588,79.791,2.21765,0,1,1.34928,1.34928,0,1.04223,2.1168,8.54316e+06,3.7602e+06,1.15271e+07,0,0,0,0
80.6669,85.139,2.06132,0,0.04,2.96415,2.96415,0,0.555363,4.47552,4.11084e+06,2.81318e+06,1.21851e+07,0,0,0,0,80.8192,79.791,2.04331,0,1,1.34957,1.34957,0,1.04246,2.1168,8.54316e+06,3.7602e+06,1.15296e+07,0,0,0,0
79.4645,85.139,2.01327,0,0.04,2.96478,2.96478,0,0.555481,4.47552,4.11084e+06,2.81318e+06,1.21877e+07,0,0,0,0,80.4974,79.791,2.32464,0,1,1.34986,1.34986,0,1.04268,2.1168,8.54316e+06,3.7602e+06,1.1532e+07,0,0,0,0
78.0355,85.139,1.87507,0,0.04,3.10608,3.10608,0,0.555599,4.47552,4.11084e+06,2.81318e+06,1.27686e+07,0,0,0,0,80.3373,79.791,1.92557,0,1,1.42314,1.42314,0,1.0429,2.1168,8.54316e+06,3.7602e+06,1.21581e+07,0,0,0,0
76.3956,85.139,1.60601,0,0.04,3.10673,3.10673,0,0.582079,4.47552,4.11084e+06,2.81318e+06,1.27713e+07,0,0,0,0,80.1318,79.791,1.57873,0,1,1.42344,1.42344,0,1.09952,2.1168,8.54316e+06,3.7602e+06,1.21607e+07,0,0,0,0
74.6668,85.139,1.46518,0,0.04,3.10739,3.10739,0,0.582202,4.47552,4.11084e+06,2.81318e+06,1.2774e+07,0,0,0,0,79.8771,79.791,1.57047,0,1,1.42374,1.42374,0,1.09975,2.1168,8.54316e+06,3.7602e+06,1.21633e+07,0,0,0,0
72.9245,85.139,1.43419,0,0.04,3.10805,3.10805,0,0.582326,4.47552,4.11084e+06,2.81318e+06,1.27767e+07,0,0,0,0,79.6083,79.791,1.60058,0,1,1.42405,1.42405,0,1.09998,2.1168,8.54316e+06,3.7602e+06,1.21658e+07,0,0,0,0
71.096,85.139,1.32136,0,0.04,3.10872,3.10872,0,0.582449,4.47552,4.11084e+06,2.81318e+06,1.27794e+07,0,0,0,0,79.2421,79.791,1.47054,0,1,1.42435,1.42435,0,1.10022,2.1168,8.54316e+06,3.7602e+06,1.21684e+07,0,0,0,0
69.1952,85.139,1.19248,0,0.04,3.08153,3.08153,0,0.582573,4.47552,4.11084e+06,2.81318e+06,1.26677e+07,0,0,0,0,78.7393,79.791,1.39142,0,1,1.46481,1.46481,0,1.10045,2.1168,8.54316e+06,3.7602e+06,1.25141e+07,0,0,0,0
67.209,85.139,1.08765,0.01,0.04,3.08218,3.08218,0,0.577478,4.47552,4.11084e+06,2.81318e+06,1.26704e+07,0,0,0,0,78.191,79.791,1.27764,0,1,1.46512,1.46512,0,1.13171,2.1168,8.54316e+06,3.7602e+06,1.25168e+07,0,0,0,0
65.1646,85.139,0.993232,0.02,0.04,3.08284,3.08284,0,0.577601,4.47552,4.11084e+06,2.81318e+06,1.2673e+07,0,0,0,0,77.5962,79.791,1.22279,0,1,1.46543,1.46543,0,1.13195,2.1168,8.54316e+06,3.7602e+06,1.25194e+07,0,0,0,0
63.1089,85.139,0.933904,0.02,0.04,3.08349,3.08349,0,0.577723,4.47552,4.11084e+06,2.81318e+06,1.26757e+07,0,0,0,0,77.0356,79.791,1.17876,0,1,1.46575,1.46575,0,1.13219,2.1168,8.54316e+06,3.7602e+06,1.25221e+07,0,0,0,0
61.1203,85.139,1.03177,0.02,0.04,3.15612,3.15612,0,0.577846,4.47552,4.11084e+06,2.81318e+06,1.29743e+07,0,0,0,0,76.4426,79.791,1.38536,0,1,1.50188,1.50188,0,1.13244,2.1168,8.54316e+06,3.7602e+06,1.28308e+07,0,0,0,0
59.06,85.139,0.934086,0.02,0.04,3.15679,3.15679,0,0.591457,4.47552,4.11084e+06,2.81318e+06,1.29771e+07,0,0,0,0,75.844,79.791,1.30949,0,1,1.5022,1.5022,0,1.16035,2.1168,8.54316e+06,3.7602e+06,1.28335e+07,0,0,0,0
56.9549,85.139,0.861505,0.03,0.04,3.15746,3.15746,0,0.591583,4.47552,4.11084e+06,2.81318e+06,1.29798e+07,0,0,0,0,75.2357,79.791,1.25944,0,1,1.50252,1.50252,0,1.1606,2.1168,8.54316e+06,3.7602e+06,1.28363e+07,0,0,0,0
54.7539,85.139,0.722064,0.04,0.04,3.15813,3.15813,0,0.591708,4.47552,4.11084e+06,2.81318e+06,1.29826e+07,0,0,0,0,74.645,79.791,1.24946,0,1,1.50284,1.50284,0,1.16085,2.1168,8.54316e+06,3.7602e+06,1.2839e+07,0,0,0,0
52.3906,85.139,0.697396,0.05,0.04,3.36977,3.36977,0,0.591834,4.47552,4.11084e+06,2.81318e+06,1.38526e+07,0,0,0,0,73.9797,79.791,1.27741,0,1,1.63257,1.63257,0,1.16109,2.1168,8.54316e+06,3.7602e+06,1.39473e+07,0,0,0,0
50.0703,85.139,0.699935,0.06,0.04,3.37048,3.37048,0,0.631494,4.47552,4.11084e+06,2.81318e+06,1.38555e+07,0,0,0,0,73.4169,79.791,1.30013,0,1,1.63292,1.63292,0,1.26132,2.1168,8.54316e+06,3.7602e+06,1.39503e+07,0,0,0,0
47.8602,85.139,0.790078,0.09,0.04,3.3712,3.3712,0,0.631628,4.47552,4.11084e+06,2.81318e+06,1.38585e+07,0,0,0,0,72.823,79.791,1.4085,0,1,1.63326,1.63326,0,1.26159,2.1168,8.54316e+06,3.7602e+06,1.39532e+07,0,0,0,0
45.6432,85.139,0.778012,0.09,0.04,3.37191,3.37191,0,0.631762,4.47552,4.11084e+06,2.81318e+06,1.38614e+07,0,0,0,0,72.1581,79.791,1.36911,0,1,1.63361,1.63361,0,1.26186,2.1168,8.54316e+06,3.7602e+06,1.39562e+07,0,0,0,0
43.2405,85.139,0.587356,0.08,0.04,3.37263,3.37263,0,0.631896,4.47552,4.11084e+06,2.81318e+06,1.38643e+07,0,0,0,0,71.1798,79.791,1.18905,0,1,1.63396,1.63396,0,1.26213,2.1168,8.54316e+06,3.7602e+06,1.39592e+07,0,0,0,0
40.0679,85.139,0.531016,0.08,0.04,3.27042,3.27042,0,0.63203,4.47552,4.11084e+06,2.81318e+06,1.34442e+07,0,0,0,0,70.3842,79.791,0.841121,0,1,1.55567,1.55567,0,1.2624,2.1168,8.54316e+06,3.7602e+06,1.32904e+07,0,0,0,0
38.733,85.139,0.706057,0.12,0.04,3.27111,3.27111,0,0.612877,4.47552,4.11084e+06,2.81318e+06,1.3447e+07,0,0,0,0,69.8984,79.791,1.14325,0,1,1.556,1.556,0,1.20191,2.1168,8.54316e+06,3.7602e+06,1.32932e+07,0,0,0,0
36.763,85.139,0.944493,0.12,0.04,3.27181,3.27181,0,0.613007,4.47552,4.11084e+06,2.81318e+06,1.34499e+07,0,0,0,0,69.1809,79.791,1.58291,0,1,1.55633,1.55633,0,1.20217,2.1168,8.54316e+06,3.7602e+06,1.3296e+07,0,0,0,0
34.6069,85.139,0.789123,0.1,0.04,3.2725,3.2725,0,0.613137,4.47552,4.11084e+06,2.81318e+06,1.34527e+07,0,0,0,0,68.5332,79.791,0.99774,0,1,1.55666,1.55666,0,1.20242,2.1168,8.54316e+06,3.7602e+06,1.32988e+07,0,0,0,0
32.6599,85.139,0.946968,0.1,0.04,3.18864,3.18864,0,0.613267,4.47552,4.11084e+06,2.81318e+06,1.3108e+07,0,0,0,0,67.9685,79.791,1.12092,0,1,1.48536,1.48536,0,1.20268,2.1168,8.54316e+06,3.7602e+06,1.26896e+07,0,0,0,0
30.8638,85.139,1.10429,0.16,0.04,3.18932,3.18932,0,0.597551,4.47552,4.11084e+06,2.81318e+06,1.31108e+07,0,0,0,0,67.5594,79.791,1.27845,0,1,1.48567,1.48567,0,1.14759,2.1168,8.54316e+06,3.7602e+06,1.26923e+07,0,0,0,0
29.4608,85.139,1.54422,0.15,0.04,3.18999,3.18999,0,0.597678,4.47552,4.11084e+06,2.81318e+06,1.31136e+07,0,0,0,0,67.4787,79.791,1.62804,0,1,1.48599,1.48599,0,1.14783,2.1168,8.54316e+06,3.7602e+06,1.2695e+07,0,0,0,0
29.8115,85.139,3.33853,0.15,0.04,3.19067,3.19067,0,0.597805,4.47552,4.11084e+06,2.81318e+06,1.31163e+07,0,0,0,0,67.7568,79.791,2.6527,0,1,1.4863,1.4863,0,1.14807,2.1168,8.54316e+06,3.7602e+06,1.26977e+07,0,0,0,0
29.0641,85.139,1.99397,0.15,0.04,2.951,2.951,0,0.597932,4.47552,4.11084e+06,2.81318e+06,1.21311e+07,0,0,0,0,67.7433,79.791,2.0915,0,1,1.33729,1.33729,0,1.14832,2.1168,8.54316e+06,3.7602e+06,1.14247e+07,0,0,0,0
27.7815,85.139,1.44374,0.16,0.04,2.95163,2.95163,0,0.553018,4.47552,4.11084e+06,2.81318e+06,1.21337e+07,0,0,0,0,67.6164,79.791,1.84449,0,1,1.33757,1.33757,0,1.03319,2.1168,8.54316e+06,3.7602e+06,1.14271e+07,0,0,0,0
26.1841,85.139,1.14013,0.16,0.04,2.95225,2.95225,0,0.553135,4.47552,4.11084e+06,2.81318e+06,1.21362e+07,0,0,0,0,67.7495,79.791,1.75136,0,1,1.33786,1.33786,0,1.03341,2.1168,8.54316e+06,3.7602e+06,1.14295e+07,0,0,0,0
25.9769,85.139,2.64764,0.18,0.04,2.95288,2.95288,0,0.553252,4.47552,4.11084e+06,2.81318e+06,1.21388e+07,0,0,0,0,68.5441,79.791,4.38604,0,1,1.33814,1.33814,0,1.03363,2.1168,8.54316e+06,3.7602e+06,1.1432e+07,0,0,0,0
25.4271,85.139,2.20561,0.2,0.04,2.95351,2.95351,0,0.55337,4.47552,4.11084e+06,2.81318e+06,1.21414e+07,0,0,0,0,68.5965,79.791,1.95552,0,1,1.33842,1.33842,0,1.03385,2.1168,8.54316e+06,3.7602e+06,1.14344e+07,0,0,0,0
26.9085,85.139,4.49948,0.31,0.06,3.04666,3.04666,0,0.553487,4.47552,4.11084e+06,2.81318e+06,1.25243e+07,0,0,0,0,69.5406,79.791,4.99384,0,1,1.38199,1.38199,0,1.03407,2.1168,8.54316e+06,3.7602e+06,1.18065e+07,0,0,0,0
28.0074,85.139,4.08999,0.2,0.06,3.04728,3.04728,0,0.570944,4.47552,4.11084e+06,2.81318e+06,1.25269e+07,0,0,0,0,70.3564,79.791,4.55374,0,1,1.38227,1.38227,0,1.06772,2.1168,8.54316e+06,3.7602e+06,1.18089e+07,0,0,0,0
29.0261,85.139,4.01116,0.19,0.06,3.0479,3.0479,0,0.57106,4.47552,4.11084e+06,2.81318e+06,1.25294e+07,0,0,0,0,71.1887,79.791,4.6378,0,1,1.38255,1.38255,0,1.06794,2.1168,8.54316e+06,3.7602e+06,1.18113e+07,0,0,0,0
29.9984,85.139,4.00648,0.22,0.06,3.04851,3.04851,0,0.571176,4.47552,4.11084e+06,2.81318e+06,1.2532e+07,0,0,0,0,71.912,79.791,4.47565,0,1,1.38283,1.38283,0,1.06816,2.1168,8.54316e+06,3.7602e+06,1.18137e+07,0,0,0,0
32.2496,85.139,5.59523,0.24,0.06,3.34654,3.34654,0,0.571291,4.47552,4.11084e+06,2.81318e+06,1.37571e+07,0,0,0,0,72.8027,79.791,5.22574,0,1,1.54573,1.54573,0,1.06837,2.1168,8.54316e+06,3.7602e+06,1.32054e+07,0,0,0,0
34.5259,85.139,5.63415,0.27,0.06,3.34721,3.34721,0,0.627141,4.47552,4.11084e+06,2.81318e+06,1.37599e+07,0,0,0,0,73.0077,79.791,3.74999,0,1,1.54604,1.54604,0,1.19423,2.1168,8.54316e+06,3.7602e+06,1.32081e+07,0,0,0,0
34.295,85.139,2.98203,0.17,0.06,3.34789,3.34789,0,0.627268,4.47552,4.11084e+06,2.81318e+06,1.37626e+07,0,0,0,0,73.0505,79.791,2.22637,0,1,1.54636,1.54636,0,1.19447,2.1168,8.54316e+06,3.7602e+06,1.32108e+07,0,0,0,0
34.8525,85.139,3.78954,0.19,0.06,3.34857,3.34857,0,0.627395,4.47552,4.11084e+06,2.81318e+06,1.37654e+07,0,0,0,0,73.1792,79.791,2.78492,0,1,1.54667,1.54667,0,1.19472,2.1168,8.54316e+06,3.7602e+06,1.32135e+07,0,0,0,0
35.3355,85.139,3.29948,0.21,0.06,2.92471,2.92471,0,0.627522,4.47552,4.11084e+06,2.81318e+06,1.2023e+07,0,0,0,0,73.7699,79.791,3.31904,0,1,1.32856,1.32856,0,1.19496,2.1168,8.54316e+06,3.7602e+06,1.13501e+07,0,0,0,0
36.9374,85.139,4.5644,0.22,0.06,2.9253,2.9253,0,0.548091,4.47552,4.11084e+06,2.81318e+06,1.20254e+07,0,0,0,0,74.5404,79.791,3.87965,0,1,1.32883,1.32883,0,1.02645,2.1168,8.54316e+06,3.7602e+06,1.13524e+07,0,0,0,0
40.1498,85.139,6.22789,0.27,0.06,2.92589,2.92589,0,0.548202,4.47552,4.11084e+06,2.81318e+06,1.20279e+07,0,0,0,0,75.2241,79.791,3.89526,0,1,1.3291,1.3291,0,1.02666,2.1168,8.54316e+06,3.7602e+06,1.13547e+07,0,0,0,0
41.7734,85.139,4.56055,0.29,0.06,2.92649,2.92649,0,0.548313,4.47552,4.11084e+06,2.81318e+06,1.20303e+07,0,0,0,0,75.8441,79.791,3.89933,0,1,1.32937,1.32937,0,1.02686,2.1168,8.54316e+06,3.7602e+06,1.1357e+07,0,0,0,0
44.5866,85.139,5.77468,0.34,0.06,2.92708,2.92708,0,0.548424,4.47552,4.11084e+06,2.81318e+06,1.20328e+07,0,0,0,0,76.6546,79.791,4.34605,0,1,1.32964,1.32964,0,1.02707,2.1168,8.54316e+06,3.7602e+06,1.13593e+07,0,0,0,0
47.3398,85.139,5.73193,0.22,0.06,3.03464,3.03464,0,0.548535,4.47552,4.11084e+06,2.81318e+06,1.24749e+07,0,0,0,0,77.4625,79.791,4.42386,0,1,1.3834,1.3834,0,1.02728,2.1168,8.54316e+06,3.7602e+06,1.18186e+07,0,0,0,0
49.188,85.139,4.90417,0.23,0.06,3.03526,3.03526,0,0.568692,4.47552,4.11084e+06,2.81318e+06,1.24775e+07,0,0,0,0,78.2295,79.791,4.66787,0,1,1.38368,1.38368,0,1.06881,2.1168,8.54316e+06,3.7602e+06,1.1821e+07,0,0,0,0
51.5161,85.139,5.45914,0.26,0.06,3.03587,3.03587,0,0.568807,4.47552,4.11084e+06,2.81318e+06,1.248e+07,0,0,0,0,79.2314,79.791,4.70184,0,1,1.38396,1.38396,0,1.06903,2.1168,8.54316e+06,3.7602e+06,1.18234e+07,0,0,0,0
52.9486,85.139,4.51898,0.09,0.06,3.03649,3.03649,0,0.568922,4.47552,4.11084e+06,2.81318e+06,1.24825e+07,0,0,0,0,80.0256,79.791,4.41388,0,1,1.38424,1.38424,0,1.06925,2.1168,8.54316e+06,3.7602e+06,1.18258e+07,0,0,0,0
53.1015,85.139,3.14678,0.09,0.06,2.99524,2.99524,0,0.569038,4.47552,4.11084e+06,2.81318e+06,1.2313e+07,0,0,0,0,80.4676,79.791,3.4058,0,1,1.36373,1.36373,0,1.06946,2.1168,8.54316e+06,3.7602e+06,1.16505e+07,0,0,0,0
52.9992,85.139,2.8106,0.08,0.06,2.99585,2.99585,0,0.561309,4.47552,4.11084e+06,2.81318e+06,1.23155e+07,0,0,0,0,80.776,79.791,3.12152,0,1,1.364,1.364,0,1.05362,2.1168,8.54316e+06,3.7602e+06,1.16529e+07,0,0,0,0
52.8325,85.139,2.73998,0.08,0.06,2.99646,2.99646,0,0.561422,4.47552,4.11084e+06,2.81318e+06,1.23179e+07,0,0,0,0,80.8192,79.791,3.52281,0,1,1.36428,1.36428,0,1.05383,2.1168,8.54316e+06,3.7602e+06,1.16553e+07,0,0,0,0
52.6243,85.139,2.69127,0.08,0.06,2.99706,2.99706,0,0.561536,4.47552,4.11084e+06,2.81318e+06,1.23204e+07,0,0,0,0,80.8192,79.791,3.16314,0,1,1.36456,1.36456,0,1.05404,2.1168,8.54316e+06,3.7602e+06,1.16576e+07,0,0,0,0
52.0326,85.139,2.38825,0.07,0.06,3.13987,3.13987,0,0.561649,4.47552,4.11084e+06,2.81318e+06,1.29075e+07,0,0,0,0,80.8192,79.791,2.88297,0,1,1.43862,1.43862,0,1.05426,2.1168,8.54316e+06,3.7602e+06,1.22904e+07,0,0,0,0
51.2425,85.139,2.15555,0.06,0.06,3.1405,3.1405,0,0.588411,4.47552,4.11084e+06,2.81318e+06,1.29101e+07,0,0,0,0,80.8192,79.791,2.61042,0,1,1.43891,1.43891,0,1.11148,2.1168,8.54316e+06,3.7602e+06,1.22929e+07,0,0,0,0
50.2404,85.139,1.91972,0.06,0.06,3.14114,3.14114,0,0.588531,4.47552,4.11084e+06,2.81318e+06,1.29127e+07,0,0,0,0,80.8192,79.791,2.39075,0,1,1.4392,1.4392,0,1.1117,2.1168,8.54316e+06,3.7602e+06,1.22954e+07,0,0,0,0
49.1896,85.139,1.80759,0.15,0.06,3.14178,3.14178,0,0.58865,4.47552,4.11084e+06,2.81318e+06,1.29153e+07,0,0,0,0,80.8192,79.791,2.29813,0,1,1.4395,1.4395,0,1.11193,2.1168,8.54316e+06,3.7602e+06,1.22978e+07,0,0,0,0
48.162,85.139,1.81557,0.14,0.06,3.14241,3.14241,0,0.588769,4.47552,4.11084e+06,2.81318e+06,1.29179e+07,0,0,0,0,80.8158,79.791,2.2201,0,1,1.43979,1.43979,0,1.11215,2.1168,8.54316e+06,3.7602e+06,1.23003e+07,0,0,0,0
47.5209,85.139,2.1902,0.1,0.06,3.1149,3.1149,0,0.588888,4.47552,4.11084e+06,2.81318e+06,1.28048e+07,0,0,0,0,80.8192,79.791,2.41048,0,1,1.48067,1.48067,0,1.11238,2.1168,8.54316e+06,3.7602e+06,1.26496e+07,0,0,0,0
46.7061,85.139,2.00256,0.09,0.06,3.11553,3.11553,0,0.583732,4.47552,4.11084e+06,2.81318e+06,1.28074e+07,0,0,0,0,80.8192,79.791,2.4191,0,1,1.48097,1.48097,0,1.14397,2.1168,8.54316e+06,3.7602e+06,1.26522e+07,0,0,0,0
45.7094,85.139,1.80779,0.09,0.06,3.11616,3.11616,0,0.58385,4.47552,4.11084e+06,2.81318e+06,1.281e+07,0,0,0,0,80.8192,79.791,2.1613,0,1,1.48127,1.48127,0,1.1442,2.1168,8.54316e+06,3.7602e+06,1.26548e+07,0,0,0,0
44.6544,85.139,1.72282,0.08,0.06,3.11679,3.11679,0,0.583968,4.47552,4.11084e+06,2.81318e+06,1.28126e+07,0,0,0,0,80.7314,79.791,2.10298,0,1,1.48157,1.48157,0,1.14443,2.1168,8.54316e+06,3.7602e+06,1.26573e+07,0,0,0,0
43.4474,85.139,1.63305,0.08,0.06,3.19017,3.19017,0,0.584086,4.47552,4.11084e+06,2.81318e+06,1.31143e+07,0,0,0,0,80.7112,79.791,2.15378,0,1,1.51808,1.51808,0,1.14466,2.1168,8.54316e+06,3.7602e+06,1.29692e+07,0,0,0,0
42.3191,85.139,1.74798,0.07,0.06,3.19082,3.19082,0,0.597838,4.47552,4.11084e+06,2.81318e+06,1.31169e+07,0,0,0,0,80.7884,79.791,2.54624,0,1,1.51839,1.51839,0,1.17287,2.1168,8.54316e+06,3.7602e+06,1.29719e+07,0,0,0,0
41.0814,85.139,1.61284,0.15,0.06,3.19146,3.19146,0,0.597959,4.47552,4.11084e+06,2.81318e+06,1.31196e+07,0,0,0,0,80.777,79.791,2.42492,0,1,1.5187,1.5187,0,1.17311,2.1168,8.54316e+06,3.7602e+06,1.29745e+07,0,0,0,0
39.7068,85.139,1.46801,0.14,0.06,3.19211,3.19211,0,0.59808,4.47552,4.11084e+06,2.81318e+06,1.31222e+07,0,0,0,0,80.724,79.791,2.11999,0,1,1.51901,1.51901,0,1.17335,2.1168,8.54316e+06,3.7602e+06,1.29771e+07,0,0,0,0
38.2023,85.139,1.5521,0.14,0.06,3.40598,3.40598,0,0.598201,4.47552,4.11084e+06,2.81318e+06,1.40015e+07,0,0,0,0,80.484,79.791,2.54358,0,1,1.65012,1.65012,0,1.17358,2.1168,8.54316e+06,3.7602e+06,1.40972e+07,0,0,0,0
36.4134,85.139,1.27463,0.13,0.06,3.40667,3.40667,0,0.638282,4.47552,4.11084e+06,2.81318e+06,1.40043e+07,0,0,0,0,80.2198,79.791,1.76356,0,1,1.65045,1.65045,0,1.27488,2.1168,8.54316e+06,3.7602e+06,1.41001e+07,0,0,0,0
34.7425,85.139,1.41295,0.13,0.06,3.40736,3.40736,0,0.638411,4.47552,4.11084e+06,2.81318e+06,1.40071e+07,0,0,0,0,79.7684,79.791,2.16799,0,1,1.65079,1.65079,0,1.27514,2.1168,8.54316e+06,3.7602e+06,1.41029e+07,0,0,0,0
32.8134,85.139,1.15185,0.13,0.06,3.40805,3.40805,0,0.63854,4.47552,4.11084e+06,2.81318e+06,1.401e+07,0,0,0,0,79.4796,79.791,1.53909,0,1,1.65112,1.65112,0,1.2754,2.1168,8.54316e+06,3.7602e+06,1.41058e+07,0,0,0,0
31.1448,85.139,1.40325,0.17,0.06,3.40874,3.40874,0,0.638669,4.47552,4.11084e+06,2.81318e+06,1.40128e+07,0,0,0,0,78.8518,79.791,2.78664,0,1,1.65145,1.65145,0,1.27566,2.1168,8.54316e+06,3.7602e+06,1.41086e+07,0,0,0,0
28.2341,85.139,0.673117,0.18,0.06,3.3054,3.3054,0,0.638798,4.47552,4.11084e+06,2.81318e+06,1.3588e+07,0,0,0,0,78.0472,79.791,1.15429,0,1,1.57231,1.57231,0,1.27591,2.1168,8.54316e+06,3.7602e+06,1.34325e+07,0,0,0,0
26.1471,85.139,0.729531,0.21,0.06,3.30607,3.30607,0,0.619433,4.47552,4.11084e+06,2.81318e+06,1.35907e+07,0,0,0,0,77.3631,79.791,1.27775,0,1,1.57263,1.57263,0,1.21477,2.1168,8.54316e+06,3.7602e+06,1.34352e+07,0,0,0,0
24.4114,85.139,0.755905,0.2,0.06,3.30674,3.30674,0,0.619558,4.47552,4.11084e+06,2.81318e+06,1.35935e+07,0,0,0,0,76.841,79.791,1.3436,0,1,1.57295,1.57295,0,1.21501,2.1168,8.54316e+06,3.7602e+06,1.3438e+07,0,0,0,0
22.2729,85.139,0.893819,0.26,0.06,3.30741,3.30741,0,0.619683,4.47552,4.11084e+06,2.81318e+06,1.35962e+07,0,0,0,0,76.2428,79.791,1.78851,0,1,1.57327,1.57327,0,1.21526,2.1168,8.54316e+06,3.7602e+06,1.34407e+07,0,0,0,0
20.0609,85.139,0.682233,0.23,0.06,3.22262,3.22262,0,0.619808,4.47552,4.11084e+06,2.81318e+06,1.32477e+07,0,0,0,0,75.4658,79.791,1.12143,0,1,1.50118,1.50118,0,1.21551,2.1168,8.54316e+06,3.7602e+06,1.28249e+07,0,0,0,0
17.9919,85.139,0.826186,0.23,0.06,3.22327,3.22327,0,0.603919,4.47552,4.11084e+06,2.81318e+06,1.32504e+07,0,0,0,0,74.4375,79.791,0.94857,0,1,1.50149,1.50149,0,1.15981,2.1168,8.54316e+06,3.7602e+06,1.28275e+07,0,0,0,0
15.8219,85.139,0.735469,0.23,0.06,3.22392,3.22392,0,0.604041,4.47552,4.11084e+06,2.81318e+06,1.3253e+07,0,0,0,0,73.9856,79.791,0.691236,0,1,1.50179,1.50179,0,1.16005,2.1168,8.54316e+06,3.7602e+06,1.283e+07,0,0,0,0
13.8768,85.139,0.97127,0.31,0.06,3.22458,3.22458,0,0.604163,4.47552,4.11084e+06,2.81318e+06,1.32557e+07,0,0,0,0,73.9692,79.791,1.62896,0,1,1.50209,1.50209,0,1.16028,2.1168,8.54316e+06,3.7602e+06,1.28326e+07,0,0,0,0
14.5655,85.139,2.36197,0.3,0.06,2.98233,2.98233,0,0.604286,4.47552,4.11084e+06,2.81318e+06,1.22599e+07,0,0,0,0,73.9382,79.791,2.94268,0,1,1.35149,1.35149,0,1.16052,2.1168,8.54316e+06,3.7602e+06,1.1546e+07,0,0,0,0
13.4673,85.139,1.1613,0.32,0.06,2.98293,2.98293,0,0.558889,4.47552,4.11084e+06,2.81318e+06,1.22624e+07,0,0,0,0,73.1155,79.791,1.40363,0,1,1.35176,1.35176,0,1.04416,2.1168,8.54316e+06,3.7602e+06,1.15483e+07,0,0,0,0
13.1436,85.139,0.808413,0.34,0.06,2.98354,2.98354,0,0.559002,4.47552,4.11084e+06,2.81318e+06,1.22648e+07,0,0,0,0,73.1086,79.791,0.827653,0,1,1.35203,1.35203,0,1.04437,2.1168,8.54316e+06,3.7602e+06,1.15506e+07,0,0,0,0
14.1278,85.139,1.88954,0.35,0.06,2.98414,2.98414,0,0.559115,4.47552,4.11084e+06,2.81318e+06,1.22673e+07,0,0,0,0,72.8035,79.791,2.48501,0,1,1.35231,1.35231,0,1.04458,2.1168,8.54316e+06,3.7602e+06,1.1553e+07,0,0,0,0
13.9681,85.139,1.6908,0.36,0.06,2.98474,2.98474,0,0.559228,4.47552,4.11084e+06,2.81318e+06,1.22698e+07,0,0,0,0,72.8241,79.791,1.36925,0,1,1.35258,1.35258,0,1.04479,2.1168,8.54316e+06,3.7602e+06,1.15553e+07,0,0,0,0
16.834,85.139,4.62066,0.39,0.06,3.07885,3.07885,0,0.559341,4.47552,4.11084e+06,2.81318e+06,1.26567e+07,0,0,0,0,72.9367,79.791,2.38996,0,1,1.39659,1.39659,0,1.045,2.1168,8.54316e+06,3.7602e+06,1.19313e+07,0,0,0,0
17.9823,85.139,4.04995,0.42,0.06,3.07944,3.07944,0,0.576977,4.47552,4.11084e+06,2.81318e+06,1.26591e+07,0,0,0,0,73.2122,79.791,2.4538,0,1,1.39686,1.39686,0,1.079,2.1168,8.54316e+06,3.7602e+06,1.19336e+07,0,0,0,0
21.272,85.139,6.39851,0.31,0.06,3.08004,3.08004,0,0.577088,4.47552,4.11084e+06,2.81318e+06,1.26615e+07,0,0,0,0,74.2131,79.791,4.74654,0,1,1.39713,1.39713,0,1.07921,2.1168,8.54316e+06,3.7602e+06,1.19359e+07,0,0,0,0
23.8914,85.139,5.61739,0.37,0.06,3.08063,3.08063,0,0.577199,4.47552,4.11084e+06,2.81318e+06,1.2664e+07,0,0,0,0,74.4361,79.791,3.76216,0,1,1.3974,1.3974,0,1.07942,2.1168,8.54316e+06,3.7602e+06,1.19382e+07,0,0,0,0
25.3349,85.139,4.70517,0.38,0.06,3.38176,3.38176,0,0.57731,4.47552,4.11084e+06,2.81318e+06,1.39019e+07,0,0,0,0,74.6306,79.791,2.41101,0,1,1.562,1.562,0,1.07963,2.1168,8.54316e+06,3.7602e+06,1.33444e+07,0,0,0,0
28.1395,85.139,6.14291,0.41,0.06,3.38241,3.38241,0,0.633741,4.47552,4.11084e+06,2.81318e+06,1.39045e+07,0,0,0,0,74.7188,79.791,2.87015,0,1,1.5623,1.5623,0,1.2068,2.1168,8.54316e+06,3.7602e+06,1.3347e+07,0,0,0,0
31.2215,85.139,6.4662,0.28,0.06,3.38306,3.38306,0,0.633863,4.47552,4.11084e+06,2.81318e+06,1.39072e+07,0,0,0,0,74.8986,79.791,2.64101,0,1,1.5626,1.5626,0,1.20703,2.1168,8.54316e+06,3.7602e+06,1.33496e+07,0,0,0,0
34.4463,85.139,6.58857,0.33,0.06,3.38371,3.38371,0,0.633985,4.47552,4.11084e+06,2.81318e+06,1.39099e+07,0,0,0,0,75.3117,79.791,3.79602,0,1,1.5629,1.5629,0,1.20727,2.1168,8.54316e+06,3.7602e+06,1.33521e+07,0,0,0,0
40.9859,85.139,9.63879,0.21,0.06,2.95537,2.95537,0,0.634107,4.47552,4.11084e+06,2.81318e+06,1.21491e+07,0,0,0,0,77.0562,79.791,6.5062,0,1,1.34249,1.34249,0,1.2075,2.1168,8.54316e+06,3.7602e+06,1.14691e+07,0,0,0,0
46.6481,85.139,8.93621,0.24,0.06,2.95594,2.95594,0,0.553837,4.47552,4.11084e+06,2.81318e+06,1.21514e+07,0,0,0,0,80.0641,79.791,8.31131,0,1,1.34275,1.34275,0,1.03721,2.1168,8.54316e+06,3.7602e+06,1.14713e+07,0,0,0,0
52.974,85.139,9.68037,0.15,0.06,2.95651,2.95651,0,0.553943,4.47552,4.11084e+06,2.81318e+06,1.21537e+07,0,0,0,0,80.8192,79.791,8.66146,0,1,1.34301,1.34301,0,1.03741,2.1168,8.54316e+06,3.7602e+06,1.14735e+07,0,0,0,0
58.2874,85.139,8.70348,0.11,0.06,2.95708,2.95708,0,0.55405,4.47552,4.11084e+06,2.81318e+06,1.21561e+07,0,0,0,0,80.8192,79.791,7.61203,0,1,1.34327,1.34327,0,1.03761,2.1168,8.54316e+06,3.7602e+06,1.14758e+07,0,0,0,0
62.2649,85.139,7.40862,0.12,0.06,2.95765,2.95765,0,0.554157,4.47552,4.11084e+06,2.81318e+06,1.21584e+07,0,0,0,0,80.8192,79.791,6.13124,0,1,1.34353,1.34353,0,1.03781,2.1168,8.54316e+06,3.7602e+06,1.1478e+07,0,0,0,0
64.9064,85.139,5.98607,0.05,0.06,3.0663,3.0663,0,0.554263,4.47552,4.11084e+06,2.81318e+06,1.26051e+07,0,0,0,0,80.8192,79.791,3.8507,0,1,1.39783,1.39783,0,1.03801,2.1168,8.54316e+06,3.7602e+06,1.19419e+07,0,0,0,0
66.6701,85.139,5.19988,0.05,0.06,3.06689,3.06689,0,0.574625,4.47552,4.11084e+06,2.81318e+06,1.26075e+07,0,0,0,0,80.8192,79.791,4.10601,0,1,1.3981,1.3981,0,1.07996,2.1168,8.54316e+06,3.7602e+06,1.19442e+07,0,0,0,0
68.9692,85.139,5.79051,0.04,0.06,3.06748,3.06748,0,0.574736,4.47552,4.11084e+06,2.81318e+06,1.26099e+07,0,0,0,0,80.8192,79.791,3.91096,0,1,1.39837,1.39837,0,1.08017,2.1168,8.54316e+06,3.7602e+06,1.19465e+07,0,0,0,0
70.2803,85.139,4.71906,0.01,0.06,3.06807,3.06807,0,0.574846,4.47552,4.11084e+06,2.81318e+06,1.26124e+07,0,0,0,0,80.8192,79.791,3.74038,0,1,1.39864,1.39864,0,1.08038,2.1168,8.54316e+06,3.7602e+06,1.19488e+07,0,0,0,0
71.5338,85.139,4.60276,0.01,0.06,3.02637,3.02637,0,0.574957,4.47552,4.11084e+06,2.81318e+06,1.24409e+07,0,0,0,0,80.8192,79.791,3.52306,0,1,1.3779,1.3779,0,1.08059,2.1168,8.54316e+06,3.7602e+06,1.17716e+07,0,0,0,0
72.7167,85.139,4.56157,0.01,0.06,3.02695,3.02695,0,0.567142,4.47552,4.11084e+06,2.81318e+06,1.24433e+07,0,0,0,0,80.8192,79.791,3.63352,0,1,1.37816,1.37816,0,1.06456,2.1168,8.54316e+06,3.7602e+06,1.17739e+07,0,0,0,0
73.4901,85.139,4.1288,0.01,0.06,3.02753,3.02753,0,0.567251,4.47552,4.11084e+06,2.81318e+06,1.24457e+07,0,0,0,0,80.8192,79.791,3.33157,0,1,1.37843,1.37843,0,1.06477,2.1168,8.54316e+06,3.7602e+06,1.17761e+07,0,0,0,0
74.0016,85.139,3.83719,0.01,0.06,3.02812,3.02812,0,0.56736,4.47552,4.11084e+06,2.81318e+06,1.24481e+07,0,0,0,0,80.8192,79.791,2.88698,0,1,1.37869,1.37869,0,1.06497,2.1168,8.54316e+06,3.7602e+06,1.17784e+07,0,0,0,0
74.4756,85.139,3.87161,0,0.06,3.17237,3.17237,0,0.567469,4.47552,4.11084e+06,2.81318e+06,1.30411e+07,0,0,0,0,80.8192,79.791,3.07921,0,1,1.45351,1.45351,0,1.06518,2.1168,8.54316e+06,3.7602e+06,1.24176e+07,0,0,0,0
74.8516,85.139,3.70727,0,0.06,3.17298,3.17298,0,0.594502,4.47552,4.11084e+06,2.81318e+06,1.30436e+07,0,0,0,0,80.8192,79.791,2.97891,0,1,1.45379,1.45379,0,1.12298,2.1168,8.54316e+06,3.7602e+06,1.242e+07,0,0,0,0
74.9056,85.139,3.37524,0,0.06,3.17359,3.17359,0,0.594617,4.47552,4.11084e+06,2.81318e+06,1.30461e+07,0,0,0,0,80.8192,79.791,2.47646,0,1,1.45407,1.45407,0,1.1232,2.1168,8.54316e+06,3.7602e+06,1.24224e+07,0,0,0,0
74.5939,85.139,2.98066,0,0.06,3.1742,3.1742,0,0.594731,4.47552,4.11084e+06,2.81318e+06,1.30486e+07,0,0,0,0,80.8192,79.791,2.58058,0,1,1.45435,1.45435,0,1.12342,2.1168,8.54316e+06,3.7602e+06,1.24248e+07,0,0,0,0
74.1302,85.139,2.77236,0,0.06,3.17481,3.17481,0,0.594845,4.47552,4.11084e+06,2.81318e+06,1.30511e+07,0,0,0,0,80.8192,79.791,2.75346,0,1,1.45463,1.45463,0,1.12363,2.1168,8.54316e+06,3.7602e+06,1.24272e+07,0,0,0,0
73.6072,85.139,2.70468,0,0.06,3.14698,3.14698,0,0.59496,4.47552,4.11084e+06,2.81318e+06,1.29367e+07,0,0,0,0,80.8192,79.791,2.9427,0,1,1.49593,1.49593,0,1.12385,2.1168,8.54316e+06,3.7602e+06,1.27799e+07,0,0,0,0
72.8361,85.139,2.44154,0.01,0.06,3.14759,3.14759,0,0.589744,4.47552,4.11084e+06,2.81318e+06,1.29392e+07,0,0,0,0,80.8192,79.791,2.62876,0,1,1.49621,1.49621,0,1.15575,2.1168,8.54316e+06,3.7602e+06,1.27824e+07,0,0,0,0
71.9921,85.139,2.32695,0.01,0.06,3.14819,3.14819,0,0.589858,4.47552,4.11084e+06,2.81318e+06,1.29417e+07,0,0,0,0,80.8192,79.791,2.5581,0,1,1.4965,1.4965,0,1.15597,2.1168,8.54316e+06,3.7602e+06,1.27849e+07,0,0,0,0
70.9243,85.139,2.07631,0.01,0.06,3.1488,3.1488,0,0.589971,4.47552,4.11084e+06,2.81318e+06,1.29442e+07,0,0,0,0,80.8192,79.791,2.47575,0,1,1.49679,1.49679,0,1.1562,2.1168,8.54316e+06,3.7602e+06,1.27873e+07,0,0,0,0
69.9538,85.139,2.22417,0.01,0.06,3.2229,3.2229,0,0.590084,4.47552,4.11084e+06,2.81318e+06,1.32488e+07,0,0,0,0,80.7353,79.791,2.33538,0,1,1.53366,1.53366,0,1.15642,2.1168,8.54316e+06,3.7602e+06,1.31023e+07,0,0,0,0
69.1546,85.139,2.38279,0.01,0.06,3.22352,3.22352,0,0.603972,4.47552,4.11084e+06,2.81318e+06,1.32514e+07,0,0,0,0,80.6292,79.791,2.34472,0,1,1.53395,1.53395,0,1.1849,2.1168,8.54316e+06,3.7602e+06,1.31048e+07,0,0,0,0
68.1036,85.139,2.11702,0.01,0.06,3.22414,3.22414,0,0.604088,4.47552,4.11084e+06,2.81318e+06,1.32539e+07,0,0,0,0,80.4872,79.791,2.19623,0,1,1.53425,1.53425,0,1.18513,2.1168,8.54316e+06,3.7602e+06,1.31073e+07,0,0,0,0
66.8785,85.139,1.92686,0.03,0.06,3.22476,3.22476,0,0.604204,4.47552,4.11084e+06,2.81318e+06,1.32565e+07,0,0,0,0,80.3306,79.791,2.0793,0,1,1.53454,1.53454,0,1.18536,2.1168,8.54316e+06,3.7602e+06,1.31098e+07,0,0,0,0
65.2642,85.139,1.68222,0.03,0.06,3.44079,3.44079,0,0.60432,4.47552,4.11084e+06,2.81318e+06,1.41445e+07,0,0,0,0,79.9588,79.791,2.01338,0,1,1.66698,1.66698,0,1.18559,2.1168,8.54316e+06,3.7602e+06,1.42413e+07,0,0,0,0
63.7573,85.139,1.76063,0.03,0.06,3.44145,3.44145,0,0.644804,4.47552,4.11084e+06,2.81318e+06,1.41473e+07,0,0,0,0,79.5823,79.791,1.71841,0,1,1.6673,1.6673,0,1.28791,2.1168,8.54316e+06,3.7602e+06,1.4244e+07,0,0,0,0
62.4302,85.139,1.94806,0.03,0.06,3.44211,3.44211,0,0.644928,4.47552,4.11084e+06,2.81318e+06,1.415e+07,0,0,0,0,79.0574,79.791,2.11249,0,1,1.66762,1.66762,0,1.28816,2.1168,8.54316e+06,3.7602e+06,1.42468e+07,0,0,0,0
60.7562,85.139,1.58378,0.03,0.06,3.44277,3.44277,0,0.645052,4.47552,4.11084e+06,2.81318e+06,1.41527e+07,0,0,0,0,78.6704,79.791,1.49697,0,1,1.66794,1.66794,0,1.2884,2.1168,8.54316e+06,3.7602e+06,1.42495e+07,0,0,0,0
59.465,85.139,1.93735,0.03,0.06,3.44343,3.44343,0,0.645176,4.47552,4.11084e+06,2.81318e+06,1.41554e+07,0,0,0,0,78.5026,79.791,2.72358,0,1,1.66826,1.66826,0,1.28865,2.1168,8.54316e+06,3.7602e+06,1.42522e+07,0,0,0,0
59.0783,85.139,2.7912,0.05,0.06,3.33901,3.33901,0,0.6453,4.47552,4.11084e+06,2.81318e+06,1.37261e+07,0,0,0,0,78.5477,79.791,3.10445,0,1,1.5883,1.5883,0,1.2889,2.1168,8.54316e+06,3.7602e+06,1.35691e+07,0,0,0,0
58.6089,85.139,2.77412,0.06,0.06,3.33965,3.33965,0,0.625731,4.47552,4.11084e+06,2.81318e+06,1.37288e+07,0,0,0,0,78.6425,79.791,3.53232,0,1,1.5886,1.5886,0,1.22712,2.1168,8.54316e+06,3.7602e+06,1.35717e+07,0,0,0,0
57.1038,85.139,1.66883,0.05,0.06,3.3403,3.3403,0,0.625851,4.47552,4.11084e+06,2.81318e+06,1.37314e+07,0,0,0,0,78.4672,79.791,2.16908,0,1,1.58891,1.58891,0,1.22736,2.1168,8.54316e+06,3.7602e+06,1.35743e+07,0,0,0,0
56.1653,85.139,2.25661,0.05,0.06,3.34094,3.34094,0,0.625971,4.47552,4.11084e+06,2.81318e+06,1.37341e+07,0,0,0,0,78.5085,79.791,2.65843,0,1,1.58922,1.58922,0,1.22759,2.1168,8.54316e+06,3.7602e+06,1.35769e+07,0,0,0,0
57.6881,85.139,4.6411,0.05,0.06,3.25526,3.25526,0,0.626092,4.47552,4.11084e+06,2.81318e+06,1.33818e+07,0,0,0,0,79.0979,79.791,5.21003,0,1,1.51639,1.51639,0,1.22783,2.1168,8.54316e+06,3.7602e+06,1.29547e+07,0,0,0,0
56.5834,85.139,2.01338,0.04,0.06,3.25588,3.25588,0,0.610035,4.47552,4.11084e+06,2.81318e+06,1.33844e+07,0,0,0,0,78.9464,79.791,2.33685,0,1,1.51668,1.51668,0,1.17156,2.1168,8.54316e+06,3.7602e+06,1.29572e+07,0,0,0,0
55.5542,85.139,2.14049,0.04,0.06,3.25651,3.25651,0,0.610152,4.47552,4.11084e+06,2.81318e+06,1.3387e+07,0,0,0,0,78.99,79.791,1.75775,0,1,1.51697,1.51697,0,1.17179,2.1168,8.54316e+06,3.7602e+06,1.29597e+07,0,0,0,0
54.8812,85.139,2.49809,0.04,0.06,3.25713,3.25713,0,0.61027,4.47552,4.11084e+06,2.81318e+06,1.33896e+07,0,0,0,0,79.4896,79.791,3.71337,0,1,1.51726,1.51726,0,1.17201,2.1168,8.54316e+06,3.7602e+06,1.29622e+07,0,0,0,0
58.3104,85.139,6.62442,0.04,0.06,3.01241,3.01241,0,0.610387,4.47552,4.11084e+06,2.81318e+06,1.23835e+07,0,0,0,0,80.8192,79.791,7.33098,0,1,1.36512,1.36512,0,1.17224,2.1168,8.54316e+06,3.7602e+06,1.16624e+07,0,0,0,0
58.4674,85.139,3.28425,0.04,0.06,3.01299,3.01299,0,0.564526,4.47552,4.11084e+06,2.81318e+06,1.23859e+07,0,0,0,0,80.8192,79.791,3.18368,0,1,1.36538,1.36538,0,1.05469,2.1168,8.54316e+06,3.7602e+06,1.16647e+07,0,0,0,0
58.3992,85.139,3.11392,0.04,0.06,3.01357,3.01357,0,0.564634,4.47552,4.11084e+06,2.81318e+06,1.23883e+07,0,0,0,0,80.8192,79.791,3.94488,0,1,1.36564,1.36564,0,1.05489,2.1168,8.54316e+06,3.7602e+06,1.16669e+07,0,0,0,0
58.7019,85.139,3.42517,0.05,0.06,3.01415,3.01415,0,0.564743,4.47552,4.11084e+06,2.81318e+06,1.23907e+07,0,0,0,0,80.8192,79.791,4.05065,0,1,1.36591,1.36591,0,1.0551,2.1168,8.54316e+06,3.7602e+06,1.16692e+07,0,0,0,0
59.3254,85.139,3.88737,0.05,0.06,3.01473,3.01473,0,0.564851,4.47552,4.11084e+06,2.81318e+06,1.23931e+07,0,0,0,0,80.8192,79.791,4.17387,0,1,1.36617,1.36617,0,1.0553,2.1168,8.54316e+06,3.7602e+06,1.16714e+07,0,0,0,0
61.1848,85.139,5.21938,0.05,0.06,3.10975,3.10975,0,0.56496,4.47552,4.11084e+06,2.81318e+06,1.27837e+07,0,0,0,0,80.8192,79.791,4.18418,0,1,1.4106,1.4106,0,1.0555,2.54016,8.54316e+06,3.7602e+06,1.2051e+07,0,0,0,0
62.7128,85.139,4.95354,0.03,0.06,3.11032,3.11032,0,0.582767,4.47552,4.11084e+06,2.81318e+06,1.2786e+07,0,0,0,0,80.7481,79.791,3.51187,0,1,1.41086,1.41086,0,1.08983,2.54016,8.54316e+06,3.7602e+06,1.20532e+07,0,0,0,0
63.156,85.139,3.81851,0.03,0.06,3.11088,3.11088,0,0.582873,4.47552,4.11084e+06,2.81318e+06,1.27883e+07,0,0,0,0,80.5562,79.791,2.73655,0,1,1.41112,1.41112,0,1.09003,2.54016,8.54316e+06,3.7602e+06,1.20554e+07,0,0,0,0
63.2385,85.139,3.42762,0.03,0.06,3.11145,3.11145,0,0.58298,4.47552,4.11084e+06,2.81318e+06,1.27907e+07,0,0,0,0,80.8192,79.791,2.34183,0,1,1.41138,1.41138,0,1.09023,2.54016,8.54316e+06,3.7602e+06,1.20576e+07,0,0,0,0
64.294,85.139,4.67836,0.03,0.06,3.41556,3.41556,0,0.583086,4.47552,4.11084e+06,2.81318e+06,1.40408e+07,0,0,0,0,80.8192,79.791,2.93812,0,1,1.57761,1.57761,0,1.09043,2.54016,8.54316e+06,3.7602e+06,1.34778e+07,0,0,0,0
65.8087,85.139,5.25113,0.03,0.06,3.41618,3.41618,0,0.640075,4.47552,4.11084e+06,2.81318e+06,1.40434e+07,0,0,0,0,80.4124,79.791,3.56637,0,1,1.5779,1.5779,0,1.21886,2.54016,8.54316e+06,3.7602e+06,1.34802e+07,0,0,0,0
65.0137,85.139,2.77755,0.02,0.06,3.4168,3.4168,0,0.640192,4.47552,4.11084e+06,2.81318e+06,1.40459e+07,0,0,0,0,80.503,79.791,2.13161,0,1,1.57819,1.57819,0,1.21908,2.54016,8.54316e+06,3.7602e+06,1.34827e+07,0,0,0,0
64.9612,85.139,3.52847,0.02,0.06,3.41743,3.41743,0,0.640309,4.47552,4.11084e+06,2.81318e+06,1.40485e+07,0,0,0,0,80.7791,79.791,2.67417,0,1,1.57847,1.57847,0,1.21931,2.54016,8.54316e+06,3.7602e+06,1.34852e+07,0,0,0,0
65.8464,85.139,4.14945,0.02,0.06,2.98479,2.98479,0,0.640425,4.47552,4.11084e+06,2.81318e+06,1.227e+07,0,0,0,0,80.8192,79.791,4.18755,0,1,1.35585,1.35585,0,1.21953,2.54016,8.54316e+06,3.7602e+06,1.15833e+07,0,0,0,0
68.2961,85.139,5.95785,0.04,0.06,2.98533,2.98533,0,0.559349,4.47552,4.11084e+06,2.81318e+06,1.22722e+07,0,0,0,0,80.8192,79.791,4.82881,0,1,1.3561,1.3561,0,1.04753,2.54016,8.54316e+06,3.7602e+06,1.15854e+07,0,0,0,0
69.0372,85.139,4.24616,0.01,0.06,2.98588,2.98588,0,0.559451,4.47552,4.11084e+06,2.81318e+06,1.22745e+07,0,0,0,0,80.8192,79.791,3.98154,0,1,1.35635,1.35635,0,1.04772,2.54016,8.54316e+06,3.7602e+06,1.15875e+07,0,0,0,0
70.2568,85.139,4.6368,0.01,0.06,2.98642,2.98642,0,0.559553,4.47552,4.11084e+06,2.81318e+06,1.22767e+07,0,0,0,0,80.8192,79.791,3.59688,0,1,1.3566,1.3566,0,1.04792,2.54016,8.54316e+06,3.7602e+06,1.15896e+07,0,0,0,0
71.9374,85.139,5.18966,0.02,0.06,2.98697,2.98697,0,0.559655,4.47552,4.11084e+06,2.81318e+06,1.22789e+07,0,0,0,0,80.8192,79.791,4.54276,0,1,1.35684,1.35684,0,1.04811,2.54016,8.54316e+06,3.7602e+06,1.15917e+07,0,0,0,0
71.9669,85.139,3.42602,0.01,0.06,3.09667,3.09667,0,0.559757,4.47552,4.11084e+06,2.81318e+06,1.27299e+07,0,0,0,0,80.8192,79.791,3.32426,0,1,1.41167,1.41167,0,1.0483,2.54016,8.54316e+06,3.7602e+06,1.20601e+07,0,0,0,0
72.7905,85.139,4.34679,0.01,0.06,3.09723,3.09723,0,0.580315,4.47552,4.11084e+06,2.81318e+06,1.27322e+07,0,0,0,0,80.8192,79.791,3.63981,0,1,1.41193,1.41193,0,1.09066,2.54016,8.54316e+06,3.7602e+06,1.20623e+07,0,0,0,0
72.228,85.139,2.82075,0.01,0.06,3.0978,3.0978,0,0.580421,4.47552,4.11084e+06,2.81318e+06,1.27345e+07,0,0,0,0,80.8192,79.791,2.88626,0,1,1.41219,1.41219,0,1.09086,2.54016,8.54316e+06,3.7602e+06,1.20645e+07,0,0,0,0
72.6626,85.139,3.98557,0.01,0.06,3.09836,3.09836,0,0.580527,4.47552,4.11084e+06,2.81318e+06,1.27369e+07,0,0,0,0,80.775,79.791,5.25667,0,1,1.41244,1.41244,0,1.09106,2.54016,8.54316e+06,3.7602e+06,1.20667e+07,0,0,0,0
72.138,85.139,2.79839,0.01,0.06,3.05621,3.05621,0,0.580633,4.47552,4.11084e+06,2.81318e+06,1.25636e+07,0,0,0,0,80.547,79.791,2.58296,0,1,1.39149,1.39149,0,1.09125,2.54016,8.54316e+06,3.7602e+06,1.18877e+07,0,0,0,0
71.067,85.139,2.15961,0.01,0.06,3.05677,3.05677,0,0.572734,4.47552,4.11084e+06,2.81318e+06,1.25659e+07,0,0,0,0,80.6776,79.791,2.12495,0,1,1.39174,1.39174,0,1.07506,2.54016,8.54316e+06,3.7602e+06,1.18899e+07,0,0,0,0
69.7405,85.139,1.86945,0.01,0.06,3.05733,3.05733,0,0.572839,4.47552,4.11084e+06,2.81318e+06,1.25682e+07,0,0,0,0,80.6753,79.791,2.13926,0,1,1.39199,1.39199,0,1.07526,2.54016,8.54316e+06,3.7602e+06,1.1892e+07,0,0,0,0
68.7151,85.139,2.16205,0.01,0.06,3.05788,3.05788,0,0.572943,4.47552,4.11084e+06,2.81318e+06,1.25705e+07,0,0,0,0,80.7645,79.791,2.16136,0,1,1.39225,1.39225,0,1.07545,2.54016,8.54316e+06,3.7602e+06,1.18942e+07,0,0,0,0
67.9043,85.139,2.48763,0,0.06,3.20352,3.20352,0,0.573047,4.47552,4.11084e+06,2.81318e+06,1.31692e+07,0,0,0,0,80.4382,79.791,2.29236,0,1,1.46779,1.46779,0,1.07565,2.54016,8.54316e+06,3.7602e+06,1.25395e+07,0,0,0,0
66.7386,85.139,2.04015,0.05,0.06,3.20411,3.20411,0,0.60034,4.47552,4.11084e+06,2.81318e+06,1.31716e+07,0,0,0,0,80.3773,79.791,1.84813,0,1,1.46805,1.46805,0,1.13401,2.54016,8.54316e+06,3.7602e+06,1.25418e+07,0,0,0,0
65.3286,85.139,1.77644,0.03,0.06,3.20469,3.20469,0,0.60045,4.47552,4.11084e+06,2.81318e+06,1.3174e+07,0,0,0,0,80.0965,79.791,1.79764,0,1,1.46832,1.46832,0,1.13422,2.54016,8.54316e+06,3.7602e+06,1.25441e+07,0,0,0,0
63.7645,85.139,1.60043,0.02,0.06,3.20527,3.20527,0,0.600559,4.47552,4.11084e+06,2.81318e+06,1.31764e+07,0,0,0,0,79.7464,79.791,1.54034,0,1,1.46859,1.46859,0,1.13443,2.54016,8.54316e+06,3.7602e+06,1.25464e+07,0,0,0,0
62.1324,85.139,1.49052,0.01,0.06,3.20586,3.20586,0,0.600668,4.47552,4.11084e+06,2.81318e+06,1.31788e+07,0,0,0,0,79.1702,79.791,1.52895,0,1,1.46886,1.46886,0,1.13463,2.54016,8.54316e+06,3.7602e+06,1.25487e+07,0,0,0,0
60.3387,85.139,1.25891,0.01,0.06,3.17772,3.17772,0,0.600778,4.47552,4.11084e+06,2.81318e+06,1.30631e+07,0,0,0,0,78.4472,79.791,1.22393,0,1,1.51054,1.51054,0,1.13484,2.54016,8.54316e+06,3.7602e+06,1.29048e+07,0,0,0,0
58.4737,85.139,1.16387,0.01,0.06,3.1783,3.1783,0,0.595505,4.47552,4.11084e+06,2.81318e+06,1.30655e+07,0,0,0,0,77.7098,79.791,1.13511,0,1,1.51082,1.51082,0,1.16704,2.54016,8.54316e+06,3.7602e+06,1.29071e+07,0,0,0,0
56.5349,85.139,1.06527,0.05,0.06,3.17888,3.17888,0,0.595614,4.47552,4.11084e+06,2.81318e+06,1.30679e+07,0,0,0,0,76.8834,79.791,1.13591,0,1,1.51109,1.51109,0,1.16726,2.54016,8.54316e+06,3.7602e+06,1.29095e+07,0,0,0,0
54.5239,85.139,0.962082,0.04,0.06,3.17946,3.17946,0,0.595722,4.47552,4.11084e+06,2.81318e+06,1.30703e+07,0,0,0,0,76.0575,79.791,1.02075,0,1,1.51137,1.51137,0,1.16747,2.54016,8.54316e+06,3.7602e+06,1.29118e+07,0,0,0,0
52.4859,85.139,0.949233,0.03,0.06,3.25425,3.25425,0,0.595831,4.47552,4.11084e+06,2.81318e+06,1.33777e+07,0,0,0,0,75.1893,79.791,1.00315,0,1,1.54858,1.54858,0,1.16768,2.54016,8.54316e+06,3.7602e+06,1.32298e+07,0,0,0,0
50.4992,85.139,0.967656,0.03,0.06,3.25485,3.25485,0,0.609847,4.47552,4.11084e+06,2.81318e+06,1.33802e+07,0,0,0,0,74.3326,79.791,1.0423,0,1,1.54886,1.54886,0,1.19643,2.54016,8.54316e+06,3.7602e+06,1.32322e+07,0,0,0,0
48.4547,85.139,0.873447,0.08,0.06,3.25544,3.25544,0,0.609958,4.47552,4.11084e+06,2.81318e+06,1.33826e+07,0,0,0,0,73.3996,79.791,1.00279,0,1,1.54914,1.54914,0,1.19665,2.54016,8.54316e+06,3.7602e+06,1.32346e+07,0,0,0,0
46.3569,85.139,0.796808,0.08,0.06,3.25603,3.25603,0,0.610069,4.47552,4.11084e+06,2.81318e+06,1.3385e+07,0,0,0,0,72.4669,79.791,0.927415,0,1,1.54942,1.54942,0,1.19687,2.54016,8.54316e+06,3.7602e+06,1.3237e+07,0,0,0,0
43.9542,85.139,0.695053,0.1,0.06,3.47412,3.47412,0,0.61018,4.47552,4.11084e+06,2.81318e+06,1.42816e+07,0,0,0,0,71.337,79.791,0.921164,0,1,1.68313,1.68313,0,1.19709,2.54016,8.54316e+06,3.7602e+06,1.43792e+07,0,0,0,0
41.3518,85.139,0.504336,0.1,0.06,3.47475,3.47475,0,0.65105,4.47552,4.11084e+06,2.81318e+06,1.42842e+07,0,0,0,0,70.2194,79.791,0.761602,0,1,1.68344,1.68344,0,1.30039,2.54016,8.54316e+06,3.7602e+06,1.43819e+07,0,0,0,0
38.6995,85.139,0.447316,0.15,0.06,3.47539,3.47539,0,0.651169,4.47552,4.11084e+06,2.81318e+06,1.42868e+07,0,0,0,0,69.0969,79.791,0.707093,0,1,1.68374,1.68374,0,1.30062,2.54016,8.54316e+06,3.7602e+06,1.43845e+07,0,0,0,0
36.0975,85.139,0.495678,0.15,0.06,3.47602,3.47602,0,0.651287,4.47552,4.11084e+06,2.81318e+06,1.42894e+07,0,0,0,0,68.0772,79.791,0.729012,0,1,1.68405,1.68405,0,1.30086,2.54016,8.54316e+06,3.7602e+06,1.43871e+07,0,0,0,0
33.7573,85.139,0.795866,0.14,0.06,3.47665,3.47665,0,0.651406,4.47552,4.11084e+06,2.81318e+06,1.4292e+07,0,0,0,0,67.2299,79.791,0.88084,0,1,1.68435,1.68435,0,1.3011,2.54016,8.54316e+06,3.7602e+06,1.43897e+07,0,0,0,0
31.6198,85.139,0.871645,0.21,0.06,3.37119,3.37119,0,0.651524,4.47552,4.11084e+06,2.81318e+06,1.38584e+07,0,0,0,0,66.4424,79.791,1.15886,0,1,1.6036,1.6036,0,1.30133,2.54016,8.54316e+06,3.7602e+06,1.36999e+07,0,0,0,0
29.2019,85.139,0.581222,0.23,0.06,3.3718,3.3718,0,0.631761,4.47552,4.11084e+06,2.81318e+06,1.38609e+07,0,0,0,0,65.6351,79.791,0.934272,0,1,1.6039,1.6039,0,1.23895,2.54016,8.54316e+06,3.7602e+06,1.37024e+07,0,0,0,0
26.8595,85.139,0.676283,0.23,0.06,3.37241,3.37241,0,0.631876,4.47552,4.11084e+06,2.81318e+06,1.38635e+07,0,0,0,0,65.2033,79.791,0.955643,0,1,1.60419,1.60419,0,1.23917,2.54016,8.54316e+06,3.7602e+06,1.37048e+07,0,0,0,0
25.6241,85.139,1.92109,0.22,0.06,3.37303,3.37303,0,0.631991,4.47552,4.11084e+06,2.81318e+06,1.3866e+07,0,0,0,0,65.2111,79.791,1.91611,0,1,1.60448,1.60448,0,1.2394,2.54016,8.54316e+06,3.7602e+06,1.37073e+07,0,0,0,0
23.9287,85.139,1.3324,0.19,0.06,3.28649,3.28649,0,0.632106,4.47552,4.11084e+06,2.81318e+06,1.35102e+07,0,0,0,0,64.9137,79.791,1.49253,0,1,1.53094,1.53094,0,1.23962,2.54016,8.54316e+06,3.7602e+06,1.3079e+07,0,0,0,0
22.2072,85.139,1.3099,0.25,0.06,3.28709,3.28709,0,0.615889,4.47552,4.11084e+06,2.81318e+06,1.35127e+07,0,0,0,0,64.5786,79.791,1.36646,0,1,1.53122,1.53122,0,1.1828,2.54016,8.54316e+06,3.7602e+06,1.30814e+07,0,0,0,0
20.3058,85.139,1.1108,0.25,0.06,3.28769,3.28769,0,0.616001,4.47552,4.11084e+06,2.81318e+06,1.35152e+07,0,0,0,0,64.6526,79.791,1.61206,0,1,1.53149,1.53149,0,1.18302,2.54016,8.54316e+06,3.7602e+06,1.30838e+07,0,0,0,0
20.6002,85.139,3.44399,0.25,0.06,3.28829,3.28829,0,0.616113,4.47552,4.11084e+06,2.81318e+06,1.35176e+07,0,0,0,0,65.7862,79.791,5.045,0,1,1.53177,1.53177,0,1.18323,2.54016,8.54316e+06,3.7602e+06,1.30862e+07,0,0,0,0
20.5458,85.139,2.82571,0.25,0.06,3.04119,3.04119,0,0.616225,4.47552,4.11084e+06,2.81318e+06,1.25019e+07,0,0,0,0,66.7989,79.791,3.01441,0,1,1.37816,1.37816,0,1.18345,2.54016,8.54316e+06,3.7602e+06,1.17739e+07,0,0,0,0
21.3202,85.139,3.68692,0.26,0.06,3.04175,3.04175,0,0.56992,4.47552,4.11084e+06,2.81318e+06,1.25041e+07,0,0,0,0,67.8267,79.791,5.76788,0,1,1.37841,1.37841,0,1.06477,2.54016,8.54316e+06,3.7602e+06,1.1776e+07,0,0,0,0
21.5289,85.139,3.11415,0.28,0.06,3.0423,3.0423,0,0.570023,4.47552,4.11084e+06,2.81318e+06,1.25064e+07,0,0,0,0,68.4157,79.791,4.13976,0,1,1.37866,1.37866,0,1.06496,2.54016,8.54316e+06,3.7602e+06,1.17781e+07,0,0,0,0
22.7773,85.139,4.20567,0.3,0.06,3.04285,3.04285,0,0.570127,4.47552,4.11084e+06,2.81318e+06,1.25087e+07,0,0,0,0,69.848,79.791,5.82704,0,1,1.37891,1.37891,0,1.06516,2.54016,8.54316e+06,3.7602e+06,1.17803e+07,0,0,0,0
24.1507,85.139,4.43892,0.31,0.06,3.04341,3.04341,0,0.570231,4.47552,4.11084e+06,2.81318e+06,1.2511e+07,0,0,0,0,71.352,79.791,5.05253,0,1,1.37916,1.37916,0,1.06535,2.54016,8.54316e+06,3.7602e+06,1.17824e+07,0,0,0,0
27.8934,85.139,7.10871,0.33,0.06,3.1393,3.1393,0,0.570335,4.47552,4.11084e+06,2.81318e+06,1.29052e+07,0,0,0,0,75.619,79.791,11.1117,0,1,1.42401,1.42401,0,1.06554,2.54016,8.54316e+06,3.7602e+06,1.21655e+07,0,0,0,0
29.2893,85.139,4.57938,0.24,0.06,3.13984,3.13984,0,0.588305,4.47552,4.11084e+06,2.81318e+06,1.29074e+07,0,0,0,0,77.1302,79.791,5.8715,0,0,1.42426,1.42426,0,1.10019,2.54016,8.54316e+06,3.7602e+06,1.21676e+07,0,0,0,0
30.3986,85.139,4.27134,0.24,0.06,3.14039,3.14039,0,0.588407,4.47552,4.11084e+06,2.81318e+06,1.29096e+07,0,0,0,0,77.9068,79.791,4.77525,0,0,1.4245,1.4245,0,1.10038,2.54016,8.54316e+06,3.7602e+06,1.21697e+07,0,0,0,0
30.8733,85.139,3.57947,0.25,0.06,3.14093,3.14093,0,0.588508,4.47552,4.11084e+06,2.81318e+06,1.29118e+07,0,0,0,0,78.4944,79.791,4.11312,0,0,1.42475,1.42475,0,1.10057,2.54016,8.54316e+06,3.7602e+06,1.21718e+07,0,0,0,0
30.7602,85.139,3.29568,0.27,0.06,3.44788,3.44788,0,0.58861,4.47552,4.11084e+06,2.81318e+06,1.41737e+07,0,0,0,0,79.046,79.791,4.27786,0,0,1.59254,1.59254,0,1.10076,2.54016,8.54316e+06,3.7602e+06,1.36053e+07,0,0,0,0
30.6736,85.139,3.34393,0.3,0.06,3.44847,3.44847,0,0.646133,4.47552,4.11084e+06,2.81318e+06,1.41761e+07,0,0,0,0,80.5612,79.791,6.03841,0,0,1.59281,1.59281,0,1.2304,2.54016,8.54316e+06,3.7602e+06,1.36077e+07,0,0,0,0
31.914,85.139,4.71935,0.31,0.06,3.44907,3.44907,0,0.646244,4.47552,4.11084e+06,2.81318e+06,1.41786e+07,0,0,0,0,80.8192,79.791,6.69963,0,0,1.59309,1.59309,0,1.23061,2.54016,8.54316e+06,3.7602e+06,1.361e+07,0,0,0,0
32.1817,85.139,3.78034,0.35,0.06,3.44966,3.44966,0,0.646355,4.47552,4.11084e+06,2.81318e+06,1.4181e+07,0,0,0,0,80.8192,79.791,4.85251,0,0,1.59336,1.59336,0,1.23082,2.54016,8.54316e+06,3.7602e+06,1.36124e+07,0,0,0,0
33.234,85.139,4.11871,0.38,0.06,3.01291,3.01291,0,0.646467,4.47552,4.11084e+06,2.81318e+06,1.23856e+07,0,0,0,0,80.8192,79.791,4.74416,0,0,1.36863,1.36863,0,1.23103,2.54016,8.54316e+06,3.7602e+06,1.16924e+07,0,0,0,0
32.3233,85.139,1.97717,0.39,0.06,3.01343,3.01343,0,0.56462,4.47552,4.11084e+06,2.81318e+06,1.23877e+07,0,0,0,0,80.8192,79.791,2.52928,0,0,1.36887,1.36887,0,1.0574,2.54016,8.54316e+06,3.7602e+06,1.16945e+07,0,0,0,0
32.8269,85.139,3.37671,0.43,0.06,3.01395,3.01395,0,0.564717,4.47552,4.11084e+06,2.81318e+06,1.23899e+07,0,0,0,0,80.8192,79.791,4.22238,0,0,1.3691,1.3691,0,1.05759,2.54016,8.54316e+06,3.7602e+06,1.16965e+07,0,0,0,0
35.7331,85.139,5.99793,0.49,0.06,3.01447,3.01447,0,0.564815,4.47552,4.11084e+06,2.81318e+06,1.2392e+07,0,0,0,0,80.8192,79.791,6.64373,0,0,1.36934,1.36934,0,1.05777,2.54016,8.54316e+06,3.7602e+06,1.16985e+07,0,0,0,0
38.7215,85.139,6.34285,0.36,0.06,3.01499,3.01499,0,0.564912,4.47552,4.11084e+06,2.81318e+06,1.23941e+07,0,0,0,0,80.8192,79.791,5.62172,0,0,1.36957,1.36957,0,1.05795,2.54016,8.54316e+06,3.7602e+06,1.17005e+07,0,0,0,0
39.7094,85.139,4.10163,0.41,0.06,3.12569,3.12569,0,0.565009,4.47552,4.11084e+06,2.81318e+06,1.28492e+07,0,0,0,0,80.8192,79.791,3.87702,0,0,1.4249,1.4249,0,1.05813,2.54016,8.54316e+06,3.7602e+06,1.21732e+07,0,0,0,0
39.8963,85.139,3.27016,0.43,0.06,3.12623,3.12623,0,0.585754,4.47552,4.11084e+06,2.81318e+06,1.28514e+07,0,0,0,0,80.8192,79.791,3.12242,0,0,1.42515,1.42515,0,1.10088,2.54016,8.54316e+06,3.7602e+06,1.21753e+07,0,0,0,0
40.1656,85.139,3.39706,0.47,0.06,3.12677,3.12677,0,0.585855,4.47552,4.11084e+06,2.81318e+06,1.28536e+07,0,0,0,0,80.8192,79.791,3.98056,0,0,1.42539,1.42539,0,1.10107,2.54016,8.54316e+06,3.7602e+06,1.21774e+07,0,0,0,0
39.9142,85.139,2.84478,0.47,0.06,3.1273,3.1273,0,0.585956,4.47552,4.11084e+06,2.81318e+06,1.28558e+07,0,0,0,0,80.8192,79.791,3.35633,0,0,1.42564,1.42564,0,1.10126,2.54016,8.54316e+06,3.7602e+06,1.21795e+07,0,0,0,0
39.5136,85.139,2.57207,0.47,0.06,3.08473,3.08473,0,0.586057,4.47552,4.11084e+06,2.81318e+06,1.26808e+07,0,0,0,0,80.8192,79.791,2.84429,0,0,1.40447,1.40447,0,1.10145,2.54016,8.54316e+06,3.7602e+06,1.19986e+07,0,0,0,0
38.6584,85.139,2.06874,0.47,0.06,3.08526,3.08526,0,0.578079,4.47552,4.11084e+06,2.81318e+06,1.2683e+07,0,0,0,0,80.8192,79.791,2.84029,0,0,1.40471,1.40471,0,1.0851,2.54016,8.54316e+06,3.7602e+06,1.20007e+07,0,0,0,0
37.6851,85.139,1.94044,0.46,0.06,3.0858,3.0858,0,0.578179,4.47552,4.11084e+06,2.81318e+06,1.26852e+07,0,0,0,0,80.8192,79.791,2.77971,0,0,1.40496,1.40496,0,1.08528,2.54016,8.54316e+06,3.7602e+06,1.20028e+07,0,0,0,0
37.7452,85.139,3.01785,0.45,0.06,3.08633,3.08633,0,0.578278,4.47552,4.11084e+06,2.81318e+06,1.26874e+07,0,0,0,0,80.8192,79.791,3.42694,0,0,1.4052,1.4052,0,1.08547,2.54016,8.54316e+06,3.7602e+06,1.20048e+07,0,0,0,0
36.603,85.139,1.88326,0.42,0.06,3.23329,3.23329,0,0.578378,4.47552,4.11084e+06,2.81318e+06,1.32915e+07,0,0,0,0,80.8192,79.791,2.74191,0,0,1.48143,1.48143,0,1.08566,2.54016,8.54316e+06,3.7602e+06,1.26561e+07,0,0,0,0
35.3746,85.139,1.77511,0.4,0.06,3.23385,3.23385,0,0.605919,4.47552,4.11084e+06,2.81318e+06,1.32938e+07,0,0,0,0,80.8192,79.791,2.4979,0,0,1.48168,1.48168,0,1.14455,2.54016,8.54316e+06,3.7602e+06,1.26582e+07,0,0,0,0
34.0243,85.139,1.61872,0.38,0.06,3.2344,3.2344,0,0.606023,4.47552,4.11084e+06,2.81318e+06,1.32961e+07,0,0,0,0,80.8192,79.791,2.48521,0,0,1.48194,1.48194,0,1.14475,2.54016,8.54316e+06,3.7602e+06,1.26604e+07,0,0,0,0
32.6455,85.139,1.58375,0.53,0.06,3.23496,3.23496,0,0.606127,4.47552,4.11084e+06,2.81318e+06,1.32984e+07,0,0,0,0,80.8192,79.791,2.52407,0,0,1.48219,1.48219,0,1.14494,2.54016,8.54316e+06,3.7602e+06,1.26626e+07,0,0,0,0
31.1704,85.139,1.47836,0.5,0.06,3.23552,3.23552,0,0.606232,4.47552,4.11084e+06,2.81318e+06,1.33007e+07,0,0,0,0,80.8192,79.791,2.32561,0,0,1.48245,1.48245,0,1.14514,2.54016,8.54316e+06,3.7602e+06,1.26648e+07,0,0,0,0
30.0659,85.139,1.80703,0.49,0.06,3.20709,3.20709,0,0.606336,4.47552,4.11084e+06,2.81318e+06,1.31838e+07,0,0,0,0,80.8192,79.791,2.27982,0,0,1.5245,1.5245,0,1.14534,2.54016,8.54316e+06,3.7602e+06,1.3024e+07,0,0,0,0
29.0029,85.139,1.84382,0.47,0.06,3.20764,3.20764,0,0.601009,4.47552,4.11084e+06,2.81318e+06,1.31861e+07,0,0,0,0,80.8104,79.791,2.20206,0,0,1.52476,1.52476,0,1.17783,2.54016,8.54316e+06,3.7602e+06,1.30263e+07,0,0,0,0
27.7838,85.139,1.68506,0.45,0.06,3.20819,3.20819,0,0.601112,4.47552,4.11084e+06,2.81318e+06,1.31884e+07,0,0,0,0,80.7741,79.791,2.16264,0,0,1.52502,1.52502,0,1.17803,2.54016,8.54316e+06,3.7602e+06,1.30285e+07,0,0,0,0
26.4207,85.139,1.52756,0.43,0.06,3.20875,3.20875,0,0.601216,4.47552,4.11084e+06,2.81318e+06,1.31906e+07,0,0,0,0,80.6686,79.791,1.9589,0,0,1.52529,1.52529,0,1.17823,2.54016,8.54316e+06,3.7602e+06,1.30308e+07,0,0,0,0
24.9186,85.139,1.4342,0.42,0.06,3.2842,3.2842,0,0.601319,4.47552,4.11084e+06,2.81318e+06,1.35008e+07,0,0,0,0,80.4769,79.791,1.88445,0,0,1.56283,1.56283,0,1.17844,2.54016,8.54316e+06,3.7602e+06,1.33515e+07,0,0,0,0
23.4977,85.139,1.53256,0.56,0.06,3.28476,3.28476,0,0.615459,4.47552,4.11084e+06,2.81318e+06,1.35031e+07,0,0,0,0,80.419,79.791,2.08596,0,0,1.5631,1.5631,0,1.20744,2.54016,8.54316e+06,3.7602e+06,1.33538e+07,0,0,0,0
21.9795,85.139,1.41778,0.52,0.06,3.28533,3.28533,0,0.615565,4.47552,4.11084e+06,2.81318e+06,1.35055e+07,0,0,0,0,80.2385,79.791,2.09991,0,0,1.56336,1.56336,0,1.20765,2.54016,8.54316e+06,3.7602e+06,1.33561e+07,0,0,0,0
20.3625,85.139,1.31401,0.48,0.06,3.28589,3.28589,0,0.61567,4.47552,4.11084e+06,2.81318e+06,1.35078e+07,0,0,0,0,80.0532,79.791,1.87282,0,0,1.56363,1.56363,0,1.20786,2.54016,8.54316e+06,3.7602e+06,1.33584e+07,0,0,0,0
18.5567,85.139,1.3369,0.46,0.06,3.50595,3.50595,0,0.615776,4.47552,4.11084e+06,2.81318e+06,1.44124e+07,0,0,0,0,79.8169,79.791,2.12146,0,0,1.69855,1.69855,0,1.20806,2.54016,8.54316e+06,3.7602e+06,1.4511e+07,0,0,0,0
16.8703,85.139,1.44828,0.42,0.06,3.50655,3.50655,0,0.657014,4.47552,4.11084e+06,2.81318e+06,1.44149e+07,0,0,0,0,79.5315,79.791,1.98025,0,0,1.69884,1.69884,0,1.3123,2.54016,8.54316e+06,3.7602e+06,1.45135e+07,0,0,0,0
15.3468,85.139,1.62437,0.56,0.06,3.50715,3.50715,0,0.657127,4.47552,4.11084e+06,2.81318e+06,1.44173e+07,0,0,0,0,79.2623,79.791,2.33738,0,0,1.69913,1.69913,0,1.31252,2.54016,8.54316e+06,3.7602e+06,1.4516e+07,0,0,0,0
13.6709,85.139,1.31692,0.51,0.06,3.50776,3.50776,0,0.657241,4.47552,4.11084e+06,2.81318e+06,1.44198e+07,0,0,0,0,78.9278,79.791,1.76229,0,0,1.69942,1.69942,0,1.31275,2.54016,8.54316e+06,3.7602e+06,1.45185e+07,0,0,0,0
13.934,85.139,1.56482,0.49,0.06,3.50836,3.50836,0,0.657354,4.47552,4.11084e+06,2.81318e+06,1.44223e+07,0,0,0,0,78.5954,79.791,2.87271,0,0,1.69972,1.69972,0,1.31298,2.54016,8.54316e+06,3.7602e+06,1.4521e+07,0,0,0,0
13.6078,85.139,1.20491,0.45,0.06,3.4019,3.4019,0,0.657467,4.47552,4.11084e+06,2.81318e+06,1.39847e+07,0,0,0,0,77.6506,79.791,1.42385,0,0,1.61821,1.61821,0,1.3132,2.54016,8.54316e+06,3.7602e+06,1.38247e+07,0,0,0,0
13.4708,85.139,1.08426,0.39,0.06,3.40249,3.40249,0,0.637516,4.47552,4.11084e+06,2.81318e+06,1.39871e+07,0,0,0,0,76.8773,79.791,1.00505,0,0,1.61849,1.61849,0,1.25023,2.54016,8.54316e+06,3.7602e+06,1.3827e+07,0,0,0,0
13.6315,85.139,1.25217,0.35,0.06,3.40307,3.40307,0,0.637626,4.47552,4.11084e+06,2.81318e+06,1.39895e+07,0,0,0,0,76.1479,79.791,1.25607,0,0,1.61877,1.61877,0,1.25045,2.54016,8.54316e+06,3.7602e+06,1.38294e+07,0,0,0,0
13.5946,85.139,1.23448,0.34,0.06,3.40366,3.40366,0,0.637736,4.47552,4.11084e+06,2.81318e+06,1.39919e+07,0,0,0,0,75.6226,79.791,1.24995,0,0,1.61905,1.61905,0,1.25066,2.54016,8.54316e+06,3.7602e+06,1.38318e+07,0,0,0,0
13.9257,85.139,1.65035,0.34,0.06,3.3163,3.3163,0,0.637845,4.47552,4.11084e+06,2.81318e+06,1.36328e+07,0,0,0,0,75.0631,79.791,1.61354,0,0,1.54482,1.54482,0,1.25088,2.54016,8.54316e+06,3.7602e+06,1.31977e+07,0,0,0,0
13.9983,85.139,1.6669,0.33,0.06,3.31687,3.31687,0,0.621475,4.47552,4.11084e+06,2.81318e+06,1.36351e+07,0,0,0,0,74.8002,79.791,1.18357,0,0,1.54509,1.54509,0,1.19353,2.54016,8.54316e+06,3.7602e+06,1.31999e+07,0,0,0,0
14.5065,85.139,2.20041,0.33,0.06,3.31744,3.31744,0,0.621582,4.47552,4.11084e+06,2.81318e+06,1.36375e+07,0,0,0,0,74.7286,79.791,2.85471,0,0,1.54535,1.54535,0,1.19374,2.54016,8.54316e+06,3.7602e+06,1.32022e+07,0,0,0,0
18.0892,85.139,5.98247,0.32,0.06,3.31801,3.31801,0,0.621689,4.47552,4.11084e+06,2.81318e+06,1.36398e+07,0,0,0,0,75.3511,79.791,5.41423,0,0,1.54562,1.54562,0,1.19394,2.54016,8.54316e+06,3.7602e+06,1.32045e+07,0,0,0,0
18.7543,85.139,3.53252,0.26,0.06,3.06866,3.06866,0,0.621796,4.47552,4.11084e+06,2.81318e+06,1.26148e+07,0,0,0,0,75.529,79.791,2.62655,0,0,1.39061,1.39061,0,1.19415,2.54016,8.54316e+06,3.7602e+06,1.18802e+07,0,0,0,0
18.3541,85.139,2.44915,0.28,0.06,3.06918,3.06918,0,0.575066,4.47552,4.11084e+06,2.81318e+06,1.26169e+07,0,0,0,0,75.8468,79.791,2.21394,0,0,1.39085,1.39085,0,1.07438,2.54016,8.54316e+06,3.7602e+06,1.18822e+07,0,0,0,0
19.2599,85.139,3.89247,0.29,0.06,3.06971,3.06971,0,0.575165,4.47552,4.11084e+06,2.81318e+06,1.26191e+07,0,0,0,0,76.6277,79.791,3.46927,0,0,1.39109,1.39109,0,1.07457,2.54016,8.54316e+06,3.7602e+06,1.18843e+07,0,0,0,0
20.3262,85.139,4.15062,0.29,0.06,3.07024,3.07024,0,0.575264,4.47552,4.11084e+06,2.81318e+06,1.26213e+07,0,0,0,0,77.2882,79.791,3.20381,0,0,1.39132,1.39132,0,1.07475,2.54016,8.54316e+06,3.7602e+06,1.18863e+07,0,0,0,0
30.0925,85.139,13.2934,0.33,0.06,3.07077,3.07077,0,0.575363,4.47552,4.11084e+06,2.81318e+06,1.26234e+07,0,0,0,0,79.9316,79.791,11.2048,0,0,1.39156,1.39156,0,1.07494,2.54016,8.54316e+06,3.7602e+06,1.18884e+07,0,0,0,0
33.0964,85.139,6.14752,0.26,0.06,3.07077,3.07077,0,0.575462,4.47552,4.11084e+06,2.81318e+06,1.26234e+07,0,0,0,0,80.8192,79.791,5.52012,0,0,1.39156,1.39156,0,1.07512,2.54016,8.54316e+06,3.7602e+06,1.18884e+07,0,0,0,0
36.4764,85.139,6.68712,0.26,0.06,3.16749,3.16749,0,0.575462,4.47552,4.11084e+06,2.81318e+06,1.30211e+07,0,0,0,0,80.8192,79.791,4.6598,0,0,1.4368,1.4368,0,1.07512,2.54016,8.54316e+06,3.7602e+06,1.22748e+07,0,0,0,0
37.4862,85.139,4.14462,0.18,0.06,3.16801,3.16801,0,0.593588,4.47552,4.11084e+06,2.81318e+06,1.30232e+07,0,0,0,0,80.8192,79.791,3.31053,0,0,1.43703,1.43703,0,1.11007,2.54016,8.54316e+06,3.7602e+06,1.22768e+07,0,0,0,0
37.3918,85.139,2.96014,0.19,0.06,3.16852,3.16852,0,0.593685,4.47552,4.11084e+06,2.81318e+06,1.30253e+07,0,0,0,0,80.8192,79.791,2.83377,0,0,1.43726,1.43726,0,1.11025,2.54016,8.54316e+06,3.7602e+06,1.22788e+07,0,0,0,0
37.5587,85.139,3.29997,0.19,0.06,3.16904,3.16904,0,0.593781,4.47552,4.11084e+06,2.81318e+06,1.30274e+07,0,0,0,0,80.8192,79.791,3.16668,0,0,1.4375,1.4375,0,1.11043,2.54016,8.54316e+06,3.7602e+06,1.22808e+07,0,0,0,0
38.0819,85.139,4.01551,0.2,0.06,3.4787,3.4787,0,0.593878,4.47552,4.11084e+06,2.81318e+06,1.43004e+07,0,0,0,0,80.8192,79.791,3.47403,0,0,1.60678,1.60678,0,1.11061,2.54016,8.54316e+06,3.7602e+06,1.3727e+07,0,0,0,0
38.0007,85.139,3.38344,0.19,0.06,3.47927,3.47927,0,0.651909,4.47552,4.11084e+06,2.81318e+06,1.43027e+07,0,0,0,0,80.8192,79.791,3.78393,0,0,1.60704,1.60704,0,1.2414,2.54016,8.54316e+06,3.7602e+06,1.37292e+07,0,0,0,0
38.5035,85.139,3.96024,0.23,0.06,3.47984,3.47984,0,0.652015,4.47552,4.11084e+06,2.81318e+06,1.4305e+07,0,0,0,0,80.8192,79.791,3.9208,0,0,1.6073,1.6073,0,1.2416,2.54016,8.54316e+06,3.7602e+06,1.37314e+07,0,0,0,0
38.8546,85.139,3.83399,0.24,0.06,3.4804,3.4804,0,0.652121,4.47552,4.11084e+06,2.81318e+06,1.43074e+07,0,0,0,0,80.8192,79.791,4.65642,0,0,1.60756,1.60756,0,1.2418,2.54016,8.54316e+06,3.7602e+06,1.37337e+07,0,0,0,0
40.9575,85.139,5.2597,0.27,0.06,3.03973,3.03973,0,0.652227,4.47552,4.11084e+06,2.81318e+06,1.24958e+07,0,0,0,0,80.8192,79.791,3.62005,0,0,1.38081,1.38081,0,1.242,2.54016,8.54316e+06,3.7602e+06,1.17965e+07,0,0,0,0
42.3369,85.139,4.44824,0.3,0.06,3.04023,3.04023,0,0.569646,4.47552,4.11084e+06,2.81318e+06,1.24979e+07,0,0,0,0,80.8192,79.791,3.04452,0,0,1.38104,1.38104,0,1.06682,2.54016,8.54316e+06,3.7602e+06,1.17984e+07,0,0,0,0
43.8809,85.139,4.5758,0.34,0.06,3.04072,3.04072,0,0.569738,4.47552,4.11084e+06,2.81318e+06,1.24999e+07,0,0,0,0,80.8192,79.791,3.38239,0,0,1.38126,1.38126,0,1.06699,2.54016,8.54316e+06,3.7602e+06,1.18003e+07,0,0,0,0
45.105,85.139,4.39712,0.2,0.06,3.04121,3.04121,0,0.569831,4.47552,4.11084e+06,2.81318e+06,1.25019e+07,0,0,0,0,80.8192,79.791,3.03059,0,0,1.38149,1.38149,0,1.06716,2.54016,8.54316e+06,3.7602e+06,1.18023e+07,0,0,0,0
46.5828,85.139,4.56956,0.23,0.06,3.04171,3.04171,0,0.569923,4.47552,4.11084e+06,2.81318e+06,1.2504e+07,0,0,0,0,80.8192,79.791,2.87893,0,0,1.38171,1.38171,0,1.06734,2.54016,8.54316e+06,3.7602e+06,1.18042e+07,0,0,0,0
47.9648,85.139,4.65619,0.26,0.06,3.15336,3.15336,0,0.570016,4.47552,4.11084e+06,2.81318e+06,1.29629e+07,0,0,0,0,80.8192,79.791,3.23662,0,0,1.43751,1.43751,0,1.06751,2.54016,8.54316e+06,3.7602e+06,1.22809e+07,0,0,0,0
48.8016,85.139,3.97917,0.29,0.06,3.15387,3.15387,0,0.590939,4.47552,4.11084e+06,2.81318e+06,1.2965e+07,0,0,0,0,80.8192,79.791,3.29288,0,0,1.43775,1.43775,0,1.11062,2.54016,8.54316e+06,3.7602e+06,1.22829e+07,0,0,0,0
49.1682,85.139,3.55434,0.3,0.06,3.15438,3.15438,0,0.591035,4.47552,4.11084e+06,2.81318e+06,1.29672e+07,0,0,0,0,80.8192,79.791,2.59752,0,0,1.43798,1.43798,0,1.1108,2.54016,8.54316e+06,3.7602e+06,1.22849e+07,0,0,0,0
49.1219,85.139,3.10632,0.29,0.06,3.15489,3.15489,0,0.591131,4.47552,4.11084e+06,2.81318e+06,1.29693e+07,0,0,0,0,80.8192,79.791,2.35777,0,0,1.43822,1.43822,0,1.11098,2.54016,8.54316e+06,3.7602e+06,1.22869e+07,0,0,0,0
49.0757,85.139,3.03261,0.29,0.06,3.11192,3.11192,0,0.591227,4.47552,4.11084e+06,2.81318e+06,1.27926e+07,0,0,0,0,80.8192,79.791,2.95145,0,0,1.41685,1.41685,0,1.11117,2.54016,8.54316e+06,3.7602e+06,1.21044e+07,0,0,0,0
49.0869,85.139,3.08075,0.28,0.06,3.11242,3.11242,0,0.583173,4.47552,4.11084e+06,2.81318e+06,1.27947e+07,0,0,0,0,80.8192,79.791,2.48081,0,0,1.41708,1.41708,0,1.09466,2.54016,8.54316e+06,3.7602e+06,1.21063e+07,0,0,0,0
49.1836,85.139,3.15433,0.25,0.06,3.11293,3.11293,0,0.583268,4.47552,4.11084e+06,2.81318e+06,1.27967e+07,0,0,0,0,80.8192,79.791,2.57129,0,0,1.41731,1.41731,0,1.09483,2.54016,8.54316e+06,3.7602e+06,1.21083e+07,0,0,0,0
48.7563,85.139,2.50259,0.23,0.06,3.11343,3.11343,0,0.583362,4.47552,4.11084e+06,2.81318e+06,1.27988e+07,0,0,0,0,80.8192,79.791,2.3828,0,0,1.41754,1.41754,0,1.09501,2.54016,8.54316e+06,3.7602e+06,1.21103e+07,0,0,0,0
48.1566,85.139,2.46881,0.21,0.06,3.26165,3.26165,0,0.583457,4.47552,4.11084e+06,2.81318e+06,1.34081e+07,0,0,0,0,80.8192,79.791,2.42435,0,0,1.49442,1.49442,0,1.09519,2.54016,8.54316e+06,3.7602e+06,1.27671e+07,0,0,0,0
47.4238,85.139,2.31821,0.2,0.06,3.26218,3.26218,0,0.611234,4.47552,4.11084e+06,2.81318e+06,1.34103e+07,0,0,0,0,80.8192,79.791,2.48767,0,0,1.49466,1.49466,0,1.15459,2.54016,8.54316e+06,3.7602e+06,1.27692e+07,0,0,0,0
46.6248,85.139,2.24246,0.18,0.06,3.26271,3.26271,0,0.611333,4.47552,4.11084e+06,2.81318e+06,1.34125e+07,0,0,0,0,80.8192,79.791,2.4603,0,0,1.49491,1.49491,0,1.15478,2.54016,8.54316e+06,3.7602e+06,1.27712e+07,0,0,0,0
45.6943,85.139,2.1002,0.16,0.06,3.26324,3.26324,0,0.611432,4.47552,4.11084e+06,2.81318e+06,1.34147e+07,0,0,0,0,80.8192,79.791,2.24565,0,0,1.49515,1.49515,0,1.15496,2.54016,8.54316e+06,3.7602e+06,1.27733e+07,0,0,0,0
44.6479,85.139,1.94349,0.14,0.06,3.26377,3.26377,0,0.611532,4.47552,4.11084e+06,2.81318e+06,1.34168e+07,0,0,0,0,80.8192,79.791,2.42115,0,0,1.49539,1.49539,0,1.15515,2.54016,8.54316e+06,3.7602e+06,1.27754e+07,0,0,0,0
43.5832,85.139,1.87748,0.1,0.06,3.23507,3.23507,0,0.611631,4.47552,4.11084e+06,2.81318e+06,1.32988e+07,0,0,0,0,80.8192,79.791,2.65075,0,0,1.5378,1.5378,0,1.15534,2.54016,8.54316e+06,3.7602e+06,1.31377e+07,0,0,0,0
42.4705,85.139,1.82161,0.11,0.06,3.23559,3.23559,0,0.606251,4.47552,4.11084e+06,2.81318e+06,1.3301e+07,0,0,0,0,80.8192,79.791,2.6119,0,0,1.53805,1.53805,0,1.1881,2.54016,8.54316e+06,3.7602e+06,1.31398e+07,0,0,0,0
41.2267,85.139,1.6658,0.24,0.06,3.23612,3.23612,0,0.60635,4.47552,4.11084e+06,2.81318e+06,1.33032e+07,0,0,0,0,80.8192,79.791,2.44471,0,0,1.5383,1.5383,0,1.1883,2.54016,8.54316e+06,3.7602e+06,1.31419e+07,0,0,0,0
39.8389,85.139,1.50795,0.23,0.06,3.23664,3.23664,0,0.606448,4.47552,4.11084e+06,2.81318e+06,1.33053e+07,0,0,0,0,80.7833,79.791,2.36642,0,0,1.53855,1.53855,0,1.18849,2.54016,8.54316e+06,3.7602e+06,1.31441e+07,0,0,0,0
38.5385,85.139,1.68083,0.16,0.06,3.31272,3.31272,0,0.606547,4.47552,4.11084e+06,2.81318e+06,1.3618e+07,0,0,0,0,80.6871,79.791,2.29975,0,0,1.5764,1.5764,0,1.18868,2.54016,8.54316e+06,3.7602e+06,1.34674e+07,0,0,0,0
37.1304,85.139,1.55521,0.17,0.06,3.31325,3.31325,0,0.620803,4.47552,4.11084e+06,2.81318e+06,1.36203e+07,0,0,0,0,80.5081,79.791,2.34283,0,0,1.57665,1.57665,0,1.21792,2.54016,8.54316e+06,3.7602e+06,1.34696e+07,0,0,0,0
35.6126,85.139,1.44128,0.16,0.06,3.31379,3.31379,0,0.620904,4.47552,4.11084e+06,2.81318e+06,1.36225e+07,0,0,0,0,80.29,79.791,2.0832,0,0,1.57691,1.57691,0,1.21812,2.54016,8.54316e+06,3.7602e+06,1.34718e+07,0,0,0,0
34.1278,85.139,1.46657,0.16,0.06,3.31433,3.31433,0,0.621004,4.47552,4.11084e+06,2.81318e+06,1.36247e+07,0,0,0,0,80.1257,79.791,2.36379,0,0,1.57717,1.57717,0,1.21832,2.54016,8.54316e+06,3.7602e+06,1.3474e+07,0,0,0,0
32.1391,85.139,1.16937,0.14,0.06,3.53625,3.53625,0,0.621105,4.47552,4.11084e+06,2.81318e+06,1.4537e+07,0,0,0,0,79.829,79.791,2.10394,0,0,1.71323,1.71323,0,1.21852,2.54016,8.54316e+06,3.7602e+06,1.46364e+07,0,0,0,0
29.903,85.139,0.908732,0.23,0.06,3.53683,3.53683,0,0.662694,4.47552,4.11084e+06,2.81318e+06,1.45393e+07,0,0,0,0,79.4607,79.791,1.84143,0,0,1.71351,1.71351,0,1.32364,2.54016,8.54316e+06,3.7602e+06,1.46388e+07,0,0,0,0
27.7685,85.139,1.00976,0.22,0.06,3.5374,3.5374,0,0.662801,4.47552,4.11084e+06,2.81318e+06,1.45417e+07,0,0,0,0,79.1045,79.791,1.89646,0,0,1.71379,1.71379,0,1.32386,2.54016,8.54316e+06,3.7602e+06,1.46412e+07,0,0,0,0
26.1915,85.139,1.61994,0.21,0.06,3.53797,3.53797,0,0.662909,4.47552,4.11084e+06,2.81318e+06,1.4544e+07,0,0,0,0,78.8542,79.791,2.29625,0,0,1.71406,1.71406,0,1.32407,2.54016,8.54316e+06,3.7602e+06,1.46435e+07,0,0,0,0
25.0984,85.139,2.13993,0.18,0.06,3.53855,3.53855,0,0.663016,4.47552,4.11084e+06,2.81318e+06,1.45464e+07,0,0,0,0,78.2398,79.791,2.0745,0,0,1.71434,1.71434,0,1.32429,2.54016,8.54316e+06,3.7602e+06,1.46459e+07,0,0,0,0
23.1961,85.139,1.20152,0.29,0.06,3.43114,3.43114,0,0.663124,4.47552,4.11084e+06,2.81318e+06,1.41049e+07,0,0,0,0,77.6003,79.791,1.22995,0,0,1.63212,1.63212,0,1.3245,2.54016,8.54316e+06,3.7602e+06,1.39435e+07,0,0,0,0
21.1331,85.139,0.996221,0.29,0.06,3.4317,3.4317,0,0.642995,4.47552,4.11084e+06,2.81318e+06,1.41072e+07,0,0,0,0,76.8393,79.791,1.27491,0,0,1.63239,1.63239,0,1.26098,2.54016,8.54316e+06,3.7602e+06,1.39457e+07,0,0,0,0
19.0764,85.139,1.00299,0.27,0.06,3.43225,3.43225,0,0.6431,4.47552,4.11084e+06,2.81318e+06,1.41094e+07,0,0,0,0,76.1197,79.791,1.1812,0,0,1.63265,1.63265,0,1.26118,2.54016,8.54316e+06,3.7602e+06,1.3948e+07,0,0,0,0
17.2495,85.139,1.27062,0.27,0.06,3.43281,3.43281,0,0.643204,4.47552,4.11084e+06,2.81318e+06,1.41117e+07,0,0,0,0,75.9586,79.791,1.14699,0,0,1.63292,1.63292,0,1.26139,2.54016,8.54316e+06,3.7602e+06,1.39503e+07,0,0,0,0
16.2404,85.139,2.11325,0.26,0.06,3.34467,3.34467,0,0.643308,4.47552,4.11084e+06,2.81318e+06,1.37494e+07,0,0,0,0,76.0313,79.791,2.4809,0,0,1.55804,1.55804,0,1.26159,2.54016,8.54316e+06,3.7602e+06,1.33106e+07,0,0,0,0
17.2616,85.139,4.31123,0.34,0.06,3.34522,3.34522,0,0.626792,4.47552,4.11084e+06,2.81318e+06,1.37516e+07,0,0,0,0,76.7488,79.791,5.11521,0,0,1.55829,1.55829,0,1.20374,2.54016,8.54316e+06,3.7602e+06,1.33127e+07,0,0,0,0
17.5937,85.139,3.48103,0.26,0.06,3.34576,3.34576,0,0.626894,4.47552,4.11084e+06,2.81318e+06,1.37539e+07,0,0,0,0,77.1941,79.791,3.8063,0,0,1.55854,1.55854,0,1.20394,2.54016,8.54316e+06,3.7602e+06,1.33149e+07,0,0,0,0
17.1556,85.139,2.66479,0.26,0.06,3.3463,3.3463,0,0.626995,4.47552,4.11084e+06,2.81318e+06,1.37561e+07,0,0,0,0,77.5123,79.791,3.44704,0,0,1.5588,1.5588,0,1.20413,2.54016,8.54316e+06,3.7602e+06,1.33171e+07,0,0,0,0
17.3971,85.139,3.12247,0.26,0.06,3.09479,3.09479,0,0.627097,4.47552,4.11084e+06,2.81318e+06,1.27222e+07,0,0,0,0,78.3459,79.791,4.44034,0,0,1.40245,1.40245,0,1.20433,2.54016,8.54316e+06,3.7602e+06,1.19813e+07,0,0,0,0
20.2207,85.139,5.89027,0.28,0.06,3.09529,3.09529,0,0.579963,4.47552,4.11084e+06,2.81318e+06,1.27242e+07,0,0,0,0,78.8412,79.791,4.4332,0,0,1.40268,1.40268,0,1.08353,2.54016,8.54316e+06,3.7602e+06,1.19833e+07,0,0,0,0
23.4504,85.139,6.31872,0.3,0.06,3.09579,3.09579,0,0.580057,4.47552,4.11084e+06,2.81318e+06,1.27263e+07,0,0,0,0,79.7478,79.791,4.88093,0,0,1.4029,1.4029,0,1.08371,2.54016,8.54316e+06,3.7602e+06,1.19852e+07,0,0,0,0
24.2369,85.139,3.78491,0.34,0.06,3.09629,3.09629,0,0.580151,4.47552,4.11084e+06,2.81318e+06,1.27284e+07,0,0,0,0,80.0216,79.791,3.20185,0,0,1.40313,1.40313,0,1.08388,2.54016,8.54316e+06,3.7602e+06,1.19872e+07,0,0,0,0
24.2212,85.139,2.88124,0.35,0.06,3.0968,3.0968,0,0.580246,4.47552,4.11084e+06,2.81318e+06,1.27304e+07,0,0,0,0,80.0913,79.791,2.71882,0,0,1.40336,1.40336,0,1.08406,2.54016,8.54316e+06,3.7602e+06,1.19891e+07,0,0,0,0
27.3523,85.139,6.32722,0.35,0.1,3.19431,3.19431,0,0.58034,4.47552,4.11084e+06,2.81318e+06,1.31313e+07,0,0,0,0,80.4799,79.791,4.48887,0,0,1.44896,1.44896,0,1.08424,2.54016,8.54316e+06,3.7602e+06,1.23787e+07,0,0,0,0
29.411,85.139,5.18435,0.26,0.1,3.1948,3.1948,0,0.598614,4.47552,4.11084e+06,2.81318e+06,1.31333e+07,0,0,0,0,80.8192,79.791,5.66961,0,0,1.44918,1.44918,0,1.11947,2.54016,8.54316e+06,3.7602e+06,1.23806e+07,0,0,0,0
35.4812,85.139,9.44549,0.27,0.1,3.19529,3.19529,0,0.598706,4.47552,4.11084e+06,2.81318e+06,1.31353e+07,0,0,0,0,80.8192,79.791,8.96623,0,0,1.44941,1.44941,0,1.11964,2.54016,8.54316e+06,3.7602e+06,1.23825e+07,0,0,0,0
40.8295,85.139,8.74825,0.18,0.1,3.19578,3.19578,0,0.598797,4.47552,4.11084e+06,2.81318e+06,1.31373e+07,0,0,0,0,80.8192,79.791,6.53739,0,0,1.44963,1.44963,0,1.11981,2.54016,8.54316e+06,3.7602e+06,1.23844e+07,0,0,0,0
43.8324,85.139,6.73859,0.21,0.1,3.50802,3.50802,0,0.598889,4.47552,4.11084e+06,2.81318e+06,1.44209e+07,0,0,0,0,80.8192,79.791,7.40464,0,0,1.62032,1.62032,0,1.11998,2.54016,8.54316e+06,3.7602e+06,1.38427e+07,0,0,0,0
45.5978,85.139,5.32639,0.13,0.1,3.50856,3.50856,0,0.657403,4.47552,4.11084e+06,2.81318e+06,1.44231e+07,0,0,0,0,80.8192,79.791,5.25052,0,0,1.62057,1.62057,0,1.25186,2.54016,8.54316e+06,3.7602e+06,1.38448e+07,0,0,0,0
51.3163,85.139,9.45151,0.15,0.1,3.50909,3.50909,0,0.657504,4.47552,4.11084e+06,2.81318e+06,1.44253e+07,0,0,0,0,80.8192,79.791,9.89253,0,0,1.62081,1.62081,0,1.25205,2.54016,8.54316e+06,3.7602e+06,1.38469e+07,0,0,0,0
58.1628,85.139,10.6207,0.06,0.1,3.50963,3.50963,0,0.657604,4.47552,4.11084e+06,2.81318e+06,1.44275e+07,0,0,0,0,80.8192,79.791,14.7328,0,0,1.62106,1.62106,0,1.25224,2.54016,8.54316e+06,3.7602e+06,1.3849e+07,0,0,0,0
66.5234,85.139,12.2622,0.08,0.1,3.06523,3.06523,0,0.657705,4.47552,4.11084e+06,2.81318e+06,1.26007e+07,0,0,0,0,80.8192,79.791,17.161,0,0,1.3924,1.3924,0,1.25243,2.54016,8.54316e+06,3.7602e+06,1.18955e+07,0,0,0,0
73.0961,85.139,10.3036,0.04,0.1,3.0657,3.0657,0,0.574424,4.47552,4.11084e+06,2.81318e+06,1.26026e+07,0,0,0,0,80.8192,79.791,13.1856,0,0,1.39261,1.39261,0,1.07576,2.54016,8.54316e+06,3.7602e+06,1.18973e+07,0,0,0,0
79.0649,85.139,9.79527,0.01,0.1,3.06617,3.06617,0,0.574512,4.47552,4.11084e+06,2.81318e+06,1.26045e+07,0,0,0,0,80.8192,79.791,11.4634,0,0,1.39282,1.39282,0,1.07593,2.54016,8.54316e+06,3.7602e+06,1.18991e+07,0,0,0,0
85.139,85.139,10.1324,0,0.1,3.06663,3.06663,0,0.5746,4.47552,4.11084e+06,2.81318e+06,1.26064e+07,0,0,0,0,80.8192,79.791,11.3979,0,0,1.39303,1.39303,0,1.07609,2.54016,8.54316e+06,3.7602e+06,1.19009e+07,0,0,0,0
85.139,85.139,10.4236,0,0.1,3.0671,3.0671,0,0.574687,4.47552,4.11084e+06,2.81318e+06,1.26084e+07,0,0,0,0,80.8192,79.791,14.1482,0,0,1.39325,1.39325,0,1.07626,2.54016,8.54316e+06,3.7602e+06,1.19027e+07,0,0,0,0
85.139,85.139,10.5651,0,0.1,3.17965,3.17965,0,0.574775,4.47552,4.11084e+06,2.81318e+06,1.3071e+07,0,0,0,0,80.8192,79.791,13.4436,0,0,1.4495,1.4495,0,1.07642,2.54016,8.54316e+06,3.7602e+06,1.23833e+07,0,0,0,0
85.139,85.139,8.33306,0,0.1,3.18014,3.18014,0,0.595867,4.47552,4.11084e+06,2.81318e+06,1.3073e+07,0,0,0,0,80.8192,79.791,12.3746,0,0,1.44972,1.44972,0,1.11989,2.54016,8.54316e+06,3.7602e+06,1.23852e+07,0,0,0,0
85.139,85.139,8.48335,0,0.1,3.18063,3.18063,0,0.595958,4.47552,4.11084e+06,2.81318e+06,1.3075e+07,0,0,0,0,80.8192,79.791,13.685,0,0,1.44995,1.44995,0,1.12006,2.54016,8.54316e+06,3.7602e+06,1.23871e+07,0,0,0,0
85.139,85.139,7.7535,0,0.1,3.18111,3.18111,0,0.596049,4.47552,4.11084e+06,2.81318e+06,1.3077e+07,0,0,0,0,80.8192,79.791,11.4791,0,0,1.45017,1.45017,0,1.12023,2.54016,8.54316e+06,3.7602e+06,1.2389e+07,0,0,0,0
85.139,85.139,6.749,0,0.1,3.13775,3.13775,0,0.59614,4.47552,4.11084e+06,2.81318e+06,1.28988e+07,0,0,0,0,80.8192,79.791,6.69995,0,0,1.42861,1.42861,0,1.1204,2.54016,8.54316e+06,3.7602e+06,1.22048e+07,0,0,0,0
85.139,85.139,6.3836,0,0.1,3.13823,3.13823,0,0.588014,4.47552,4.11084e+06,2.81318e+06,1.29007e+07,0,0,0,0,80.8192,79.791,6.41323,0,0,1.42883,1.42883,0,1.10374,2.54016,8.54316e+06,3.7602e+06,1.22067e+07,0,0,0,0
85.139,85.139,5.90057,0,0.1,3.13871,3.13871,0,0.588104,4.47552,4.11084e+06,2.81318e+06,1.29027e+07,0,0,0,0,80.8192,79.791,6.9729,0,0,1.42905,1.42905,0,1.10391,2.54016,8.54316e+06,3.7602e+06,1.22086e+07,0,0,0,0
85.139,85.139,5.57984,0,0.1,3.13918,3.13918,0,0.588193,4.47552,4.11084e+06,2.81318e+06,1.29047e+07,0,0,0,0,80.8192,79.791,7.33143,0,0,1.42926,1.42926,0,1.10408,2.54016,8.54316e+06,3.7602e+06,1.22104e+07,0,0,0,0
85.139,85.139,5.39002,0,0.1,3.2886,3.2886,0,0.588283,4.47552,4.11084e+06,2.81318e+06,1.35189e+07,0,0,0,0,80.8192,79.791,5.54163,0,0,1.50677,1.50677,0,1.10425,2.54016,8.54316e+06,3.7602e+06,1.28726e+07,0,0,0,0
85.139,85.139,5.32115,0,0.1,3.2891,3.2891,0,0.616284,4.47552,4.11084e+06,2.81318e+06,1.3521e+07,0,0,0,0,80.8192,79.791,5.25412,0,0,1.507,1.507,0,1.16413,2.54016,8.54316e+06,3.7602e+06,1.28745e+07,0,0,0,0
85.139,85.139,4.77028,0,0.1,3.2896,3.2896,0,0.616378,4.47552,4.11084e+06,2.81318e+06,1.3523e+07,0,0,0,0,80.8192,79.791,5.32019,0,0,1.50723,1.50723,0,1.16431,2.54016,8.54316e+06,3.7602e+06,1.28765e+07,0,0,0,0
85.139,85.139,4.55751,0,0.1,3.29011,3.29011,0,0.616472,4.47552,4.11084e+06,2.81318e+06,1.35251e+07,0,0,0,0,80.8192,79.791,5.24123,0,0,1.50746,1.50746,0,1.16448,2.54016,8.54316e+06,3.7602e+06,1.28785e+07,0,0,0,0
85.139,85.139,4.27617,0,0.1,3.29061,3.29061,0,0.616566,4.47552,4.11084e+06,2.81318e+06,1.35272e+07,0,0,0,0,80.8192,79.791,5.84177,0,0,1.50769,1.50769,0,1.16466,2.54016,8.54316e+06,3.7602e+06,1.28804e+07,0,0,0,0
85.139,85.139,3.95143,0,0.1,3.26163,3.26163,0,0.61666,4.47552,4.11084e+06,2.81318e+06,1.34081e+07,0,0,0,0,80.8192,79.791,6.83488,0,0,1.55043,1.55043,0,1.16484,2.54016,8.54316e+06,3.7602e+06,1.32456e+07,0,0,0,0
85.139,85.139,3.6173,0,0.1,3.26213,3.26213,0,0.61123,4.47552,4.11084e+06,2.81318e+06,1.34101e+07,0,0,0,0,80.8192,79.791,6.02526,0,0,1.55066,1.55066,0,1.19786,2.54016,8.54316e+06,3.7602e+06,1.32476e+07,0,0,0,0
85.0359,85.139,3.32111,0,0.1,3.26263,3.26263,0,0.611324,4.47552,4.11084e+06,2.81318e+06,1.34122e+07,0,0,0,0,80.8192,79.791,5.92041,0,0,1.5509,1.5509,0,1.19804,2.54016,8.54316e+06,3.7602e+06,1.32496e+07,0,0,0,0
84.7518,85.139,3.10657,0.01,0.1,3.26313,3.26313,0,0.611417,4.47552,4.11084e+06,2.81318e+06,1.34142e+07,0,0,0,0,80.8192,79.791,5.70971,0,0,1.55114,1.55114,0,1.19823,2.54016,8.54316e+06,3.7602e+06,1.32516e+07,0,0,0,0
84.6125,85.139,3.33923,0.01,0.1,3.33979,3.33979,0,0.61151,4.47552,4.11084e+06,2.81318e+06,1.37294e+07,0,0,0,0,80.8192,79.791,5.30746,0,0,1.58928,1.58928,0,1.19841,2.54016,8.54316e+06,3.7602e+06,1.35775e+07,0,0,0,0
84.2627,85.139,3.08503,0.01,0.1,3.3403,3.3403,0,0.625877,4.47552,4.11084e+06,2.81318e+06,1.37314e+07,0,0,0,0,80.8192,79.791,5.07762,0,0,1.58953,1.58953,0,1.22788,2.54016,8.54316e+06,3.7602e+06,1.35796e+07,0,0,0,0
83.6507,85.139,2.80776,0.01,0.1,3.34081,3.34081,0,0.625973,4.47552,4.11084e+06,2.81318e+06,1.37335e+07,0,0,0,0,80.8192,79.791,4.419,0,0,1.58977,1.58977,0,1.22807,2.54016,8.54316e+06,3.7602e+06,1.35816e+07,0,0,0,0
83.4014,85.139,3.16118,0.01,0.1,3.34132,3.34132,0,0.626068,4.47552,4.11084e+06,2.81318e+06,1.37356e+07,0,0,0,0,80.8192,79.791,5.84291,0,0,1.59001,1.59001,0,1.22825,2.54016,8.54316e+06,3.7602e+06,1.35837e+07,0,0,0,0
82.7797,85.139,2.95176,0.01,0.1,3.56502,3.56502,0,0.626164,4.47552,4.11084e+06,2.81318e+06,1.46552e+07,0,0,0,0,80.8192,79.791,5.18631,0,0,1.72717,1.72717,0,1.22844,2.54016,8.54316e+06,3.7602e+06,1.47555e+07,0,0,0,0
82.4476,85.139,3.25183,0.02,0.1,3.56556,3.56556,0,0.668085,4.47552,4.11084e+06,2.81318e+06,1.46575e+07,0,0,0,0,80.8192,79.791,5.6876,0,0,1.72743,1.72743,0,1.33441,2.54016,8.54316e+06,3.7602e+06,1.47577e+07,0,0,0,0
81.4751,85.139,2.62426,0.02,0.1,3.56611,3.56611,0,0.668186,4.47552,4.11084e+06,2.81318e+06,1.46597e+07,0,0,0,0,80.8192,79.791,4.27976,0,0,1.72769,1.72769,0,1.33461,2.54016,8.54316e+06,3.7602e+06,1.476e+07,0,0,0,0
81.039,85.139,3.13287,0.02,0.1,3.56665,3.56665,0,0.668288,4.47552,4.11084e+06,2.81318e+06,1.46619e+07,0,0,0,0,80.8192,79.791,7.01247,0,0,1.72796,1.72796,0,1.33482,2.54016,8.54316e+06,3.7602e+06,1.47622e+07,0,0,0,0
80.2592,85.139,2.7754,0.02,0.1,3.5672,3.5672,0,0.66839,4.47552,4.11084e+06,2.81318e+06,1.46642e+07,0,0,0,0,80.8192,79.791,5.11228,0,0,1.72822,1.72822,0,1.33502,2.54016,8.54316e+06,3.7602e+06,1.47645e+07,0,0,0,0
80.0145,85.139,3.24939,0.02,0.1,3.45888,3.45888,0,0.668492,4.47552,4.11084e+06,2.81318e+06,1.42189e+07,0,0,0,0,80.8192,79.791,4.80746,0,0,1.64532,1.64532,0,1.33522,2.54016,8.54316e+06,3.7602e+06,1.40562e+07,0,0,0,0
80.009,85.139,3.56456,0.02,0.1,3.45941,3.45941,0,0.648195,4.47552,4.11084e+06,2.81318e+06,1.42211e+07,0,0,0,0,80.8192,79.791,6.09658,0,0,1.64557,1.64557,0,1.27117,2.54016,8.54316e+06,3.7602e+06,1.40584e+07,0,0,0,0
79.7843,85.139,3.37897,0.02,0.1,3.45994,3.45994,0,0.648294,4.47552,4.11084e+06,2.81318e+06,1.42233e+07,0,0,0,0,80.8192,79.791,6.29296,0,0,1.64582,1.64582,0,1.27137,2.54016,8.54316e+06,3.7602e+06,1.40605e+07,0,0,0,0
79.9224,85.139,3.82744,0.02,0.1,3.46047,3.46047,0,0.648393,4.47552,4.11084e+06,2.81318e+06,1.42254e+07,0,0,0,0,80.8192,79.791,7.12149,0,0,1.64607,1.64607,0,1.27156,2.54016,8.54316e+06,3.7602e+06,1.40627e+07,0,0,0,0
79.6943,85.139,3.54632,0.02,0.1,3.37159,3.37159,0,0.648492,4.47552,4.11084e+06,2.81318e+06,1.38601e+07,0,0,0,0,80.8192,79.791,7.14006,0,0,1.57058,1.57058,0,1.27176,2.54016,8.54316e+06,3.7602e+06,1.34177e+07,0,0,0,0
79.7544,85.139,3.8363,0.01,0.1,3.3721,3.3721,0,0.631836,4.47552,4.11084e+06,2.81318e+06,1.38622e+07,0,0,0,0,80.8192,79.791,8.1812,0,0,1.57082,1.57082,0,1.21343,2.54016,8.54316e+06,3.7602e+06,1.34197e+07,0,0,0,0
80.6385,85.139,4.48426,0.01,0.1,3.37262,3.37262,0,0.631932,4.47552,4.11084e+06,2.81318e+06,1.38643e+07,0,0,0,0,80.8192,79.791,8.29059,0,0,1.57106,1.57106,0,1.21361,2.54016,8.54316e+06,3.7602e+06,1.34218e+07,0,0,0,0
81.3376,85.139,4.42918,0.01,0.1,3.37313,3.37313,0,0.632029,4.47552,4.11084e+06,2.81318e+06,1.38664e+07,0,0,0,0,80.8192,79.791,6.1685,0,0,1.5713,1.5713,0,1.2138,2.54016,8.54316e+06,3.7602e+06,1.34238e+07,0,0,0,0
81.1397,85.139,3.29971,0.01,0.1,3.11957,3.11957,0,0.632125,4.47552,4.11084e+06,2.81318e+06,1.28241e+07,0,0,0,0,80.8192,79.791,5.07197,0,0,1.41368,1.41368,0,1.21398,2.54016,8.54316e+06,3.7602e+06,1.20773e+07,0,0,0,0
80.9402,85.139,3.30468,0.01,0.1,3.12005,3.12005,0,0.584608,4.47552,4.11084e+06,2.81318e+06,1.2826e+07,0,0,0,0,80.8192,79.791,5.92898,0,0,1.4139,1.4139,0,1.09221,2.54016,8.54316e+06,3.7602e+06,1.20791e+07,0,0,0,0
81.1399,85.139,3.64921,0.01,0.1,3.12052,3.12052,0,0.584697,4.47552,4.11084e+06,2.81318e+06,1.2828e+07,0,0,0,0,80.8192,79.791,6.1145,0,0,1.41411,1.41411,0,1.09238,2.54016,8.54316e+06,3.7602e+06,1.2081e+07,0,0,0,0
81.6825,85.139,4.12865,0.01,0.1,3.121,3.121,0,0.584786,4.47552,4.11084e+06,2.81318e+06,1.28299e+07,0,0,0,0,80.8192,79.791,6.22101,0,0,1.41433,1.41433,0,1.09254,2.54016,8.54316e+06,3.7602e+06,1.20828e+07,0,0,0,0
85.139,85.139,8.51443,0.01,0.1,3.12148,3.12148,0,0.584875,4.47552,4.11084e+06,2.81318e+06,1.28319e+07,0,0,0,0,80.8192,79.791,9.01338,0,0,1.41454,1.41454,0,1.09271,2.54016,8.54316e+06,3.7602e+06,1.20847e+07,0,0,0,0
85.139,85.139,5.93778,0,0.1,3.21974,3.21974,0,0.584965,4.47552,4.11084e+06,2.81318e+06,1.32358e+07,0,0,0,0,80.8192,79.791,7.15903,0,0,1.4605,1.4605,0,1.09288,2.54016,8.54316e+06,3.7602e+06,1.24773e+07,0,0,0,0
85.139,85.139,6.18865,0,0.1,3.2202,3.2202,0,0.603379,4.47552,4.11084e+06,2.81318e+06,1.32377e+07,0,0,0,0,80.8192,79.791,7.43335,0,0,1.4607,1.4607,0,1.12838,2.54016,8.54316e+06,3.7602e+06,1.2479e+07,0,0,0,0
85.139,85.139,4.8961,0,0.1,3.22066,3.22066,0,0.603465,4.47552,4.11084e+06,2.81318e+06,1.32396e+07,0,0,0,0,80.8192,79.791,5.99936,0,0,1.46091,1.46091,0,1.12854,2.54016,8.54316e+06,3.7602e+06,1.24808e+07,0,0,0,0
85.139,85.139,4.32761,0,0.1,3.22112,3.22112,0,0.603551,4.47552,4.11084e+06,2.81318e+06,1.32415e+07,0,0,0,0,80.8192,79.791,5.22647,0,0,1.46112,1.46112,0,1.1287,2.54016,8.54316e+06,3.7602e+06,1.24826e+07,0,0,0,0
85.139,85.139,4.81998,0,0.1,3.53581,3.53581,0,0.603638,4.47552,4.11084e+06,2.81318e+06,1.45351e+07,0,0,0,0,80.8192,79.791,7.09113,0,0,1.63315,1.63315,0,1.12886,2.54016,8.54316e+06,3.7602e+06,1.39523e+07,0,0,0,0
85.139,85.139,4.27863,0,0.1,3.53631,3.53631,0,0.66261,4.47552,4.11084e+06,2.81318e+06,1.45372e+07,0,0,0,0,80.8192,79.791,4.2993,0,0,1.63339,1.63339,0,1.26177,2.54016,8.54316e+06,3.7602e+06,1.39543e+07,0,0,0,0
85.139,85.139,4.70634,0,0.1,3.53682,3.53682,0,0.662705,4.47552,4.11084e+06,2.81318e+06,1.45393e+07,0,0,0,0,80.8192,79.791,4.22917,0,0,1.63362,1.63362,0,1.26195,2.54016,8.54316e+06,3.7602e+06,1.39563e+07,0,0,0,0
84.7811,85.139,3.63337,0,0.1,3.53732,3.53732,0,0.6628,4.47552,4.11084e+06,2.81318e+06,1.45414e+07,0,0,0,0,80.8192,79.791,3.49826,0,0,1.63385,1.63385,0,1.26214,2.54016,8.54316e+06,3.7602e+06,1.39583e+07,0,0,0,0
85.139,85.139,7.31294,0.01,0.1,3.08939,3.08939,0,0.662894,4.47552,4.11084e+06,2.81318e+06,1.27e+07,0,0,0,0,80.8192,79.791,8.08304,0,0,1.40337,1.40337,0,1.26232,2.54016,8.54316e+06,3.7602e+06,1.19892e+07,0,0,0,0
85.139,85.139,6.38601,0,0.1,3.08983,3.08983,0,0.578951,4.47552,4.11084e+06,2.81318e+06,1.27018e+07,0,0,0,0,80.8192,79.791,6.44906,0,0,1.40357,1.40357,0,1.08424,2.54016,8.54316e+06,3.7602e+06,1.19909e+07,0,0,0,0
85.139,85.139,6.05752,0,0.1,3.09027,3.09027,0,0.579034,4.47552,4.11084e+06,2.81318e+06,1.27036e+07,0,0,0,0,80.8192,79.791,6.93647,0,0,1.40377,1.40377,0,1.0844,2.54016,8.54316e+06,3.7602e+06,1.19926e+07,0,0,0,0
85.139,85.139,6.63527,0,0.1,3.09071,3.09071,0,0.579117,4.47552,4.11084e+06,2.81318e+06,1.27054e+07,0,0,0,0,80.8192,79.791,5.8039,0,0,1.40397,1.40397,0,1.08455,2.54016,8.54316e+06,3.7602e+06,1.19944e+07,0,0,0,0
85.139,85.139,5.77484,0,0.1,3.09116,3.09116,0,0.5792,4.47552,4.11084e+06,2.81318e+06,1.27072e+07,0,0,0,0,80.8192,79.791,5.29469,0,0,1.40417,1.40417,0,1.08471,2.54016,8.54316e+06,3.7602e+06,1.19961e+07,0,0,0,0
85.139,85.139,6.43599,0,0.1,3.20456,3.20456,0,0.579282,4.47552,4.11084e+06,2.81318e+06,1.31734e+07,0,0,0,0,80.8192,79.791,5.94593,0,0,1.46086,1.46086,0,1.08486,2.54016,8.54316e+06,3.7602e+06,1.24803e+07,0,0,0,0
85.139,85.139,4.90772,0,0.1,3.20502,3.20502,0,0.600534,4.47552,4.11084e+06,2.81318e+06,1.31753e+07,0,0,0,0,80.8192,79.791,4.55572,0,0,1.46106,1.46106,0,1.12866,2.54016,8.54316e+06,3.7602e+06,1.24821e+07,0,0,0,0
85.139,85.139,3.98412,0,0.1,3.20547,3.20547,0,0.60062,4.47552,4.11084e+06,2.81318e+06,1.31772e+07,0,0,0,0,80.8192,79.791,3.66712,0,0,1.46127,1.46127,0,1.12882,2.54016,8.54316e+06,3.7602e+06,1.24839e+07,0,0,0,0
85.139,85.139,3.612,0,0.1,3.20593,3.20593,0,0.600706,4.47552,4.11084e+06,2.81318e+06,1.31791e+07,0,0,0,0,80.8192,79.791,3.30592,0,0,1.46148,1.46148,0,1.12898,2.54016,8.54316e+06,3.7602e+06,1.24857e+07,0,0,0,0
85.139,85.139,4.5555,0,0.1,3.1622,3.1622,0,0.600792,4.47552,4.11084e+06,2.81318e+06,1.29993e+07,0,0,0,0,80.8192,79.791,4.33249,0,0,1.43974,1.43974,0,1.12914,2.54016,8.54316e+06,3.7602e+06,1.22999e+07,0,0,0,0
85.139,85.139,4.03336,0,0.1,3.16265,3.16265,0,0.592596,4.47552,4.11084e+06,2.81318e+06,1.30012e+07,0,0,0,0,80.8192,79.791,3.80751,0,0,1.43995,1.43995,0,1.11234,2.54016,8.54316e+06,3.7602e+06,1.23017e+07,0,0,0,0
85.139,85.139,3.67524,0,0.1,3.1631,3.1631,0,0.592681,4.47552,4.11084e+06,2.81318e+06,1.3003e+07,0,0,0,0,80.8192,79.791,3.48204,0,0,1.44015,1.44015,0,1.1125,2.54016,8.54316e+06,3.7602e+06,1.23035e+07,0,0,0,0
85.139,85.139,3.42132,0,0.1,3.16356,3.16356,0,0.592766,4.47552,4.11084e+06,2.81318e+06,1.30049e+07,0,0,0,0,80.8192,79.791,3.40384,0,0,1.44036,1.44036,0,1.11266,2.54016,8.54316e+06,3.7602e+06,1.23052e+07,0,0,0,0
85.139,85.139,3.62727,0,0.1,3.3141,3.3141,0,0.59285,4.47552,4.11084e+06,2.81318e+06,1.36237e+07,0,0,0,0,80.8192,79.791,3.71236,0,0,1.51845,1.51845,0,1.11282,2.54016,8.54316e+06,3.7602e+06,1.29724e+07,0,0,0,0
84.6072,85.139,2.92996,0,0.1,3.31457,3.31457,0,0.621062,4.47552,4.11084e+06,2.81318e+06,1.36257e+07,0,0,0,0,80.8192,79.791,3.25726,0,0,1.51867,1.51867,0,1.17315,2.54016,8.54316e+06,3.7602e+06,1.29742e+07,0,0,0,0
83.9359,85.139,2.69407,0,0.1,3.31505,3.31505,0,0.621151,4.47552,4.11084e+06,2.81318e+06,1.36276e+07,0,0,0,0,80.8192,79.791,2.88616,0,0,1.51888,1.51888,0,1.17332,2.54016,8.54316e+06,3.7602e+06,1.29761e+07,0,0,0,0
83.1664,85.139,2.58341,0,0.1,3.31552,3.31552,0,0.62124,4.47552,4.11084e+06,2.81318e+06,1.36296e+07,0,0,0,0,80.8192,79.791,2.8771,0,0,1.5191,1.5191,0,1.17349,2.54016,8.54316e+06,3.7602e+06,1.29779e+07,0,0,0,0
82.155,85.139,2.33607,0.01,0.1,3.31599,3.31599,0,0.621329,4.47552,4.11084e+06,2.81318e+06,1.36315e+07,0,0,0,0,80.8181,79.791,2.82676,0,0,1.51932,1.51932,0,1.17366,2.54016,8.54316e+06,3.7602e+06,1.29798e+07,0,0,0,0
80.5246,85.139,1.6895,0.01,0.1,3.28677,3.28677,0,0.621417,4.47552,4.11084e+06,2.81318e+06,1.35114e+07,0,0,0,0,80.565,79.791,1.91844,0,0,1.56237,1.56237,0,1.17383,2.54016,8.54316e+06,3.7602e+06,1.33476e+07,0,0,0,0
78.7825,85.139,1.55682,0.01,0.1,3.28724,3.28724,0,0.61594,4.47552,4.11084e+06,2.81318e+06,1.35133e+07,0,0,0,0,80.1645,79.791,1.82905,0,0,1.5626,1.5626,0,1.20709,2.54016,8.54316e+06,3.7602e+06,1.33495e+07,0,0,0,0
76.9583,85.139,1.45413,0.01,0.1,3.2877,3.2877,0,0.616028,4.47552,4.11084e+06,2.81318e+06,1.35152e+07,0,0,0,0,79.6942,79.791,1.64488,0,0,1.56282,1.56282,0,1.20726,2.54016,8.54316e+06,3.7602e+06,1.33514e+07,0,0,0,0
75.1054,85.139,1.4028,0.01,0.1,3.28817,3.28817,0,0.616116,4.47552,4.11084e+06,2.81318e+06,1.35172e+07,0,0,0,0,79.2221,79.791,1.56438,0,0,1.56304,1.56304,0,1.20743,2.54016,8.54316e+06,3.7602e+06,1.33533e+07,0,0,0,0
73.1914,85.139,1.36373,0.02,0.1,3.3654,3.3654,0,0.616204,4.47552,4.11084e+06,2.81318e+06,1.38346e+07,0,0,0,0,78.8276,79.791,1.5435,0,0,1.60147,1.60147,0,1.20761,2.54016,8.54316e+06,3.7602e+06,1.36816e+07,0,0,0,0
71.2911,85.139,1.37984,0.02,0.1,3.36588,3.36588,0,0.630675,4.47552,4.11084e+06,2.81318e+06,1.38366e+07,0,0,0,0,78.3874,79.791,1.63506,0,0,1.60169,1.60169,0,1.23729,2.54016,8.54316e+06,3.7602e+06,1.36835e+07,0,0,0,0
69.3251,85.139,1.27959,0.03,0.1,3.36636,3.36636,0,0.630765,4.47552,4.11084e+06,2.81318e+06,1.38386e+07,0,0,0,0,77.7425,79.791,1.57838,0,0,1.60192,1.60192,0,1.23747,2.54016,8.54316e+06,3.7602e+06,1.36855e+07,0,0,0,0
67.269,85.139,1.16508,0.03,0.1,3.36684,3.36684,0,0.630855,4.47552,4.11084e+06,2.81318e+06,1.38405e+07,0,0,0,0,77.4085,79.791,1.37877,0,0,1.60215,1.60215,0,1.23765,2.54016,8.54316e+06,3.7602e+06,1.36874e+07,0,0,0,0
65.1867,85.139,1.2871,0.06,0.1,3.59221,3.59221,0,0.630946,4.47552,4.11084e+06,2.81318e+06,1.4767e+07,0,0,0,0,76.8135,79.791,1.77468,0,0,1.74034,1.74034,0,1.23782,2.54016,8.54316e+06,3.7602e+06,1.4868e+07,0,0,0,0
63.0778,85.139,1.23752,0.06,0.1,3.59272,3.59272,0,0.67318,4.47552,4.11084e+06,2.81318e+06,1.47691e+07,0,0,0,0,76.08,79.791,1.54898,0,0,1.74059,1.74059,0,1.34459,2.54016,8.54316e+06,3.7602e+06,1.48701e+07,0,0,0,0
60.786,85.139,1.04617,0.06,0.1,3.59324,3.59324,0,0.673276,4.47552,4.11084e+06,2.81318e+06,1.47712e+07,0,0,0,0,75.5601,79.791,1.36515,0,0,1.74084,1.74084,0,1.34478,2.54016,8.54316e+06,3.7602e+06,1.48723e+07,0,0,0,0
58.6248,85.139,1.1373,0.06,0.1,3.59375,3.59375,0,0.673372,4.47552,4.11084e+06,2.81318e+06,1.47733e+07,0,0,0,0,75.093,79.791,1.79649,0,0,1.74109,1.74109,0,1.34497,2.54016,8.54316e+06,3.7602e+06,1.48744e+07,0,0,0,0
56.5176,85.139,1.17608,0.08,0.1,3.59426,3.59426,0,0.673468,4.47552,4.11084e+06,2.81318e+06,1.47754e+07,0,0,0,0,74.5838,79.791,1.70434,0,0,1.74133,1.74133,0,1.34516,2.54016,8.54316e+06,3.7602e+06,1.48765e+07,0,0,0,0
55.2265,85.139,1.94319,0.12,0.1,3.4851,3.4851,0,0.673565,4.47552,4.11084e+06,2.81318e+06,1.43267e+07,0,0,0,0,74.301,79.791,1.9192,0,0,1.65779,1.65779,0,1.34536,2.54016,8.54316e+06,3.7602e+06,1.41628e+07,0,0,0,0
53.7047,85.139,1.67794,0.1,0.1,3.48559,3.48559,0,0.653107,4.47552,4.11084e+06,2.81318e+06,1.43287e+07,0,0,0,0,74.2282,79.791,3.09713,0,0,1.65803,1.65803,0,1.28081,2.54016,8.54316e+06,3.7602e+06,1.41648e+07,0,0,0,0
51.9981,85.139,1.47209,0.1,0.1,3.48609,3.48609,0,0.6532,4.47552,4.11084e+06,2.81318e+06,1.43308e+07,0,0,0,0,73.8149,79.791,1.80954,0,0,1.65826,1.65826,0,1.28099,2.54016,8.54316e+06,3.7602e+06,1.41668e+07,0,0,0,0
50.2676,85.139,1.42586,0.08,0.1,3.48659,3.48659,0,0.653293,4.47552,4.11084e+06,2.81318e+06,1.43328e+07,0,0,0,0,73.4235,79.791,1.66664,0,0,1.6585,1.6585,0,1.28117,2.54016,8.54316e+06,3.7602e+06,1.41688e+07,0,0,0,0
48.7648,85.139,1.68381,0.16,0.1,3.39701,3.39701,0,0.653387,4.47552,4.11084e+06,2.81318e+06,1.39646e+07,0,0,0,0,73.3129,79.791,1.98159,0,0,1.58242,1.58242,0,1.28136,2.54016,8.54316e+06,3.7602e+06,1.35188e+07,0,0,0,0
48.0902,85.139,2.57699,0.14,0.1,3.39749,3.39749,0,0.636599,4.47552,4.11084e+06,2.81318e+06,1.39665e+07,0,0,0,0,73.401,79.791,2.44243,0,0,1.58264,1.58264,0,1.22258,2.54016,8.54316e+06,3.7602e+06,1.35208e+07,0,0,0,0
48.6402,85.139,3.81977,0.14,0.1,3.39798,3.39798,0,0.63669,4.47552,4.11084e+06,2.81318e+06,1.39685e+07,0,0,0,0,74.0921,79.791,4.45239,0,0,1.58287,1.58287,0,1.22275,2.54016,8.54316e+06,3.7602e+06,1.35227e+07,0,0,0,0
47.8087,85.139,2.41052,0.14,0.1,3.39846,3.39846,0,0.636781,4.47552,4.11084e+06,2.81318e+06,1.39705e+07,0,0,0,0,74.3582,79.791,3.48444,0,0,1.5831,1.5831,0,1.22293,2.54016,8.54316e+06,3.7602e+06,1.35246e+07,0,0,0,0
48.9758,85.139,4.31398,0.14,0.1,3.14297,3.14297,0,0.636872,4.47552,4.11084e+06,2.81318e+06,1.29202e+07,0,0,0,0,74.7763,79.791,3.49755,0,0,1.42428,1.42428,0,1.2231,2.54016,8.54316e+06,3.7602e+06,1.21679e+07,0,0,0,0
48.4403,85.139,2.51346,0.14,0.1,3.14342,3.14342,0,0.588992,4.47552,4.11084e+06,2.81318e+06,1.29221e+07,0,0,0,0,74.9946,79.791,2.90111,0,0,1.42449,1.42449,0,1.1004,2.54016,8.54316e+06,3.7602e+06,1.21696e+07,0,0,0,0
47.801,85.139,2.44697,0.15,0.1,3.14387,3.14387,0,0.589076,4.47552,4.11084e+06,2.81318e+06,1.29239e+07,0,0,0,0,75.3128,79.791,3.27193,0,0,1.42469,1.42469,0,1.10056,2.54016,8.54316e+06,3.7602e+06,1.21714e+07,0,0,0,0
47.853,85.139,3.07135,0.15,0.1,3.14432,3.14432,0,0.589161,4.47552,4.11084e+06,2.81318e+06,1.29258e+07,0,0,0,0,75.7115,79.791,3.81735,0,0,1.42489,1.42489,0,1.10072,2.54016,8.54316e+06,3.7602e+06,1.21731e+07,0,0,0,0
47.7091,85.139,3.0379,0.15,0.1,3.14476,3.14476,0,0.589245,4.47552,4.11084e+06,2.81318e+06,1.29276e+07,0,0,0,0,76.0576,79.791,3.90233,0,0,1.4251,1.4251,0,1.10087,2.54016,8.54316e+06,3.7602e+06,1.21748e+07,0,0,0,0
49.4783,85.139,5.0859,0.17,0.12,3.24373,3.24373,0,0.589329,4.47552,4.11084e+06,2.81318e+06,1.33344e+07,0,0,0,0,76.5075,79.791,4.21237,0,0,1.47138,1.47138,0,1.10103,2.54016,8.54316e+06,3.7602e+06,1.25702e+07,0,0,0,0
51.932,85.139,5.97758,0.18,0.12,3.24416,3.24416,0,0.607875,4.47552,4.11084e+06,2.81318e+06,1.33362e+07,0,0,0,0,77.1685,79.791,4.99737,0,0,1.47157,1.47157,0,1.13679,2.54016,8.54316e+06,3.7602e+06,1.25719e+07,0,0,0,0
55.416,85.139,7.11169,0.12,0.12,3.24459,3.24459,0,0.607956,4.47552,4.11084e+06,2.81318e+06,1.3338e+07,0,0,0,0,78.3685,79.791,6.57201,0,0,1.47177,1.47177,0,1.13694,2.54016,8.54316e+06,3.7602e+06,1.25736e+07,0,0,0,0
61.0774,85.139,9.384,0.15,0.12,3.24503,3.24503,0,0.608037,4.47552,4.11084e+06,2.81318e+06,1.33398e+07,0,0,0,0,80.2174,79.791,8.18507,0,0,1.47197,1.47197,0,1.13709,2.54016,8.54316e+06,3.7602e+06,1.25753e+07,0,0,0,0
65.2992,85.139,8.30303,0.06,0.12,3.56201,3.56201,0,0.608118,4.47552,4.11084e+06,2.81318e+06,1.46429e+07,0,0,0,0,80.8192,79.791,6.52744,0,0,1.64526,1.64526,0,1.13724,2.54016,8.54316e+06,3.7602e+06,1.40557e+07,0,0,0,0
67.8305,85.139,6.51162,0.06,0.12,3.56249,3.56249,0,0.667522,4.47552,4.11084e+06,2.81318e+06,1.46448e+07,0,0,0,0,80.8192,79.791,5.47104,0,0,1.64548,1.64548,0,1.27113,2.54016,8.54316e+06,3.7602e+06,1.40576e+07,0,0,0,0
70.3574,85.139,6.55791,0.06,0.12,3.56297,3.56297,0,0.667611,4.47552,4.11084e+06,2.81318e+06,1.46468e+07,0,0,0,0,80.8192,79.791,5.11664,0,0,1.6457,1.6457,0,1.2713,2.54016,8.54316e+06,3.7602e+06,1.40595e+07,0,0,0,0
73.2719,85.139,6.9765,0.02,0.12,3.56344,3.56344,0,0.6677,4.47552,4.11084e+06,2.81318e+06,1.46487e+07,0,0,0,0,80.8192,79.791,4.98945,0,0,1.64592,1.64592,0,1.27147,2.54016,8.54316e+06,3.7602e+06,1.40613e+07,0,0,0,0
75.5307,85.139,5.9679,0.02,0.12,3.11217,3.11217,0,0.667789,4.47552,4.11084e+06,2.81318e+06,1.27936e+07,0,0,0,0,80.8192,79.791,5.85643,0,0,1.41372,1.41372,0,1.27164,2.54016,8.54316e+06,3.7602e+06,1.20776e+07,0,0,0,0
78.0507,85.139,6.17337,0.02,0.12,3.11258,3.11258,0,0.58322,4.47552,4.11084e+06,2.81318e+06,1.27953e+07,0,0,0,0,80.8192,79.791,5.40093,0,0,1.41391,1.41391,0,1.09224,2.54016,8.54316e+06,3.7602e+06,1.20792e+07,0,0,0,0
78.8185,85.139,4.44935,0.01,0.12,3.113,3.113,0,0.583298,4.47552,4.11084e+06,2.81318e+06,1.2797e+07,0,0,0,0,80.8192,79.791,4.3023,0,0,1.41409,1.41409,0,1.09238,2.54016,8.54316e+06,3.7602e+06,1.20808e+07,0,0,0,0
79.2045,85.139,3.96888,0.01,0.12,3.11341,3.11341,0,0.583376,4.47552,4.11084e+06,2.81318e+06,1.27987e+07,0,0,0,0,80.8192,79.791,3.20359,0,0,1.41428,1.41428,0,1.09253,2.54016,8.54316e+06,3.7602e+06,1.20825e+07,0,0,0,0
80.0328,85.139,4.42328,0.01,0.12,3.11383,3.11383,0,0.583454,4.47552,4.11084e+06,2.81318e+06,1.28004e+07,0,0,0,0,80.8192,79.791,4.45699,0,0,1.41447,1.41447,0,1.09268,2.54016,8.54316e+06,3.7602e+06,1.20841e+07,0,0,0,0
81.9149,85.139,5.71628,0.01,0.12,3.22803,3.22803,0,0.583531,4.47552,4.11084e+06,2.81318e+06,1.32699e+07,0,0,0,0,80.8192,79.791,5.73444,0,0,1.47156,1.47156,0,1.09282,2.54016,8.54316e+06,3.7602e+06,1.25718e+07,0,0,0,0
85.139,85.139,8.1206,0.01,0.12,3.22846,3.22846,0,0.604933,4.47552,4.11084e+06,2.81318e+06,1.32717e+07,0,0,0,0,80.8192,79.791,7.34496,0,0,1.47175,1.47175,0,1.13692,2.54016,8.54316e+06,3.7602e+06,1.25734e+07,0,0,0,0
85.139,85.139,5.79032,0,0.12,3.22889,3.22889,0,0.605014,4.47552,4.11084e+06,2.81318e+06,1.32735e+07,0,0,0,0,80.8192,79.791,5.58057,0,0,1.47195,1.47195,0,1.13708,2.54016,8.54316e+06,3.7602e+06,1.25751e+07,0,0,0,0
85.139,85.139,4.78053,0,0.12,3.22932,3.22932,0,0.605095,4.47552,4.11084e+06,2.81318e+06,1.32752e+07,0,0,0,0,80.8192,79.791,5.18461,0,0,1.47215,1.47215,0,1.13723,2.54016,8.54316e+06,3.7602e+06,1.25768e+07,0,0,0,0
85.139,85.139,4.57714,0,0.12,3.18524,3.18524,0,0.605175,4.47552,4.11084e+06,2.81318e+06,1.3094e+07,0,0,0,0,80.8192,79.791,5.25195,0,0,1.45023,1.45023,0,1.13738,2.54016,8.54316e+06,3.7602e+06,1.23896e+07,0,0,0,0
85.139,85.139,4.19281,0,0.12,3.18567,3.18567,0,0.596914,4.47552,4.11084e+06,2.81318e+06,1.30958e+07,0,0,0,0,80.8192,79.791,4.49495,0,0,1.45043,1.45043,0,1.12045,2.54016,8.54316e+06,3.7602e+06,1.23912e+07,0,0,0,0
85.139,85.139,3.92018,0,0.12,3.18609,3.18609,0,0.596994,4.47552,4.11084e+06,2.81318e+06,1.30975e+07,0,0,0,0,80.8192,79.791,3.91168,0,0,1.45062,1.45062,0,1.1206,2.54016,8.54316e+06,3.7602e+06,1.23929e+07,0,0,0,0
85.139,85.139,3.58287,0,0.12,3.18652,3.18652,0,0.597073,4.47552,4.11084e+06,2.81318e+06,1.30993e+07,0,0,0,0,80.8192,79.791,3.69724,0,0,1.45081,1.45081,0,1.12075,2.54016,8.54316e+06,3.7602e+06,1.23945e+07,0,0,0,0
84.7866,85.139,3.2495,0,0.12,3.33812,3.33812,0,0.597153,4.47552,4.11084e+06,2.81318e+06,1.37225e+07,0,0,0,0,80.8192,79.791,3.72491,0,0,1.52946,1.52946,0,1.1209,2.54016,8.54316e+06,3.7602e+06,1.30664e+07,0,0,0,0
84.2039,85.139,2.92635,0,0.12,3.33856,3.33856,0,0.625564,4.47552,4.11084e+06,2.81318e+06,1.37243e+07,0,0,0,0,80.8192,79.791,3.2506,0,0,1.52966,1.52966,0,1.18166,2.54016,8.54316e+06,3.7602e+06,1.30681e+07,0,0,0,0
83.5171,85.139,2.80336,0,0.12,3.33901,3.33901,0,0.625647,4.47552,4.11084e+06,2.81318e+06,1.37261e+07,0,0,0,0,80.8192,79.791,3.23755,0,0,1.52986,1.52986,0,1.18182,2.54016,8.54316e+06,3.7602e+06,1.30699e+07,0,0,0,0
82.6971,85.139,2.66226,0.01,0.12,3.33945,3.33945,0,0.62573,4.47552,4.11084e+06,2.81318e+06,1.3728e+07,0,0,0,0,80.8192,79.791,3.37012,0,0,1.53007,1.53007,0,1.18197,2.54016,8.54316e+06,3.7602e+06,1.30716e+07,0,0,0,0
81.7477,85.139,2.54182,0.01,0.12,3.3399,3.3399,0,0.625814,4.47552,4.11084e+06,2.81318e+06,1.37298e+07,0,0,0,0,80.8192,79.791,3.17586,0,0,1.53027,1.53027,0,1.18213,2.54016,8.54316e+06,3.7602e+06,1.30734e+07,0,0,0,0
81.1476,85.139,2.84534,0.01,0.12,3.31043,3.31043,0,0.625897,4.47552,4.11084e+06,2.81318e+06,1.36086e+07,0,0,0,0,80.8192,79.791,2.94482,0,0,1.57362,1.57362,0,1.18229,2.54016,8.54316e+06,3.7602e+06,1.34437e+07,0,0,0,0
80.4122,85.139,2.70093,0.01,0.12,3.31087,3.31087,0,0.620374,4.47552,4.11084e+06,2.81318e+06,1.36105e+07,0,0,0,0,80.8192,79.791,2.77748,0,0,1.57383,1.57383,0,1.21578,2.54016,8.54316e+06,3.7602e+06,1.34455e+07,0,0,0,0
79.5747,85.139,2.57185,0.01,0.12,3.31131,3.31131,0,0.620457,4.47552,4.11084e+06,2.81318e+06,1.36123e+07,0,0,0,0,80.8192,79.791,2.7179,0,0,1.57404,1.57404,0,1.21594,2.54016,8.54316e+06,3.7602e+06,1.34473e+07,0,0,0,0
78.6052,85.139,2.41845,0.01,0.12,3.31175,3.31175,0,0.62054,4.47552,4.11084e+06,2.81318e+06,1.36141e+07,0,0,0,0,80.8192,79.791,2.74166,0,0,1.57425,1.57425,0,1.2161,2.54016,8.54316e+06,3.7602e+06,1.34491e+07,0,0,0,0
77.3501,85.139,2.1846,0.01,0.12,3.38949,3.38949,0,0.620622,4.47552,4.11084e+06,2.81318e+06,1.39337e+07,0,0,0,0,80.7963,79.791,2.28425,0,0,1.61293,1.61293,0,1.21627,2.54016,8.54316e+06,3.7602e+06,1.37796e+07,0,0,0,0
75.9877,85.139,2.04003,0.02,0.12,3.38995,3.38995,0,0.635191,4.47552,4.11084e+06,2.81318e+06,1.39355e+07,0,0,0,0,80.5971,79.791,2.12796,0,0,1.61315,1.61315,0,1.24615,2.54016,8.54316e+06,3.7602e+06,1.37814e+07,0,0,0,0
74.4648,85.139,1.85709,0.03,0.12,3.3904,3.3904,0,0.635276,4.47552,4.11084e+06,2.81318e+06,1.39374e+07,0,0,0,0,80.461,79.791,1.86357,0,0,1.61336,1.61336,0,1.24632,2.54016,8.54316e+06,3.7602e+06,1.37832e+07,0,0,0,0
73.1892,85.139,2.08696,0.03,0.12,3.39085,3.39085,0,0.635361,4.47552,4.11084e+06,2.81318e+06,1.39392e+07,0,0,0,0,80.4446,79.791,2.44577,0,0,1.61358,1.61358,0,1.24648,2.54016,8.54316e+06,3.7602e+06,1.37851e+07,0,0,0,0
71.4344,85.139,1.75673,0.03,0.12,3.61779,3.61779,0,0.635445,4.47552,4.11084e+06,2.81318e+06,1.48722e+07,0,0,0,0,80.143,79.791,2.15178,0,0,1.75273,1.75273,0,1.24665,2.54016,8.54316e+06,3.7602e+06,1.49739e+07,0,0,0,0
69.1843,85.139,1.20162,0.03,0.12,3.61828,3.61828,0,0.677974,4.47552,4.11084e+06,2.81318e+06,1.48741e+07,0,0,0,0,79.7726,79.791,1.68857,0,0,1.75297,1.75297,0,1.35416,2.54016,8.54316e+06,3.7602e+06,1.49759e+07,0,0,0,0
67.3834,85.139,1.63489,0.03,0.12,3.61876,3.61876,0,0.678065,4.47552,4.11084e+06,2.81318e+06,1.48761e+07,0,0,0,0,79.4323,79.791,1.90266,0,0,1.7532,1.7532,0,1.35434,2.54016,8.54316e+06,3.7602e+06,1.49779e+07,0,0,0,0
66.2831,85.139,2.39842,0.06,0.12,3.61924,3.61924,0,0.678155,4.47552,4.11084e+06,2.81318e+06,1.48781e+07,0,0,0,0,79.2633,79.791,2.24093,0,0,1.75344,1.75344,0,1.35452,2.54016,8.54316e+06,3.7602e+06,1.49799e+07,0,0,0,0
64.7873,85.139,2.00393,0.07,0.12,3.61972,3.61972,0,0.678246,4.47552,4.11084e+06,2.81318e+06,1.48801e+07,0,0,0,0,79.0314,79.791,2.01348,0,0,1.75367,1.75367,0,1.3547,2.54016,8.54316e+06,3.7602e+06,1.49819e+07,0,0,0,0
64.3505,85.139,2.97282,0.06,0.12,3.50975,3.50975,0,0.678336,4.47552,4.11084e+06,2.81318e+06,1.4428e+07,0,0,0,0,78.9613,79.791,2.52183,0,0,1.66952,1.66952,0,1.35489,2.54016,8.54316e+06,3.7602e+06,1.42629e+07,0,0,0,0
63.4072,85.139,2.46601,0.05,0.12,3.51022,3.51022,0,0.657727,4.47552,4.11084e+06,2.81318e+06,1.44299e+07,0,0,0,0,79.0396,79.791,2.78074,0,0,1.66974,1.66974,0,1.28987,2.54016,8.54316e+06,3.7602e+06,1.42648e+07,0,0,0,0
62.932,85.139,2.94965,0.05,0.12,3.51068,3.51068,0,0.657814,4.47552,4.11084e+06,2.81318e+06,1.44319e+07,0,0,0,0,79.5422,79.791,3.96153,0,0,1.66996,1.66996,0,1.29004,2.54016,8.54316e+06,3.7602e+06,1.42667e+07,0,0,0,0
62.2627,85.139,2.73788,0.05,0.12,3.51115,3.51115,0,0.657902,4.47552,4.11084e+06,2.81318e+06,1.44338e+07,0,0,0,0,79.8618,79.791,3.69061,0,0,1.67018,1.67018,0,1.29021,2.54016,8.54316e+06,3.7602e+06,1.42686e+07,0,0,0,0
60.8414,85.139,1.90085,0.04,0.12,3.42091,3.42091,0,0.65799,4.47552,4.11084e+06,2.81318e+06,1.40628e+07,0,0,0,0,79.7101,79.791,3.16175,0,0,1.59355,1.59355,0,1.29038,2.54016,8.54316e+06,3.7602e+06,1.3614e+07,0,0,0,0
58.7183,85.139,1.17182,0.04,0.12,3.42136,3.42136,0,0.641078,4.47552,4.11084e+06,2.81318e+06,1.40647e+07,0,0,0,0,79.5082,79.791,1.33892,0,0,1.59376,1.59376,0,1.23118,2.54016,8.54316e+06,3.7602e+06,1.36158e+07,0,0,0,0
56.9795,85.139,1.54705,0.07,0.12,3.42182,3.42182,0,0.641163,4.47552,4.11084e+06,2.81318e+06,1.40665e+07,0,0,0,0,79.7055,79.791,3.24975,0,0,1.59398,1.59398,0,1.23134,2.54016,8.54316e+06,3.7602e+06,1.36176e+07,0,0,0,0
57.7662,85.139,4.20949,0.07,0.12,3.42227,3.42227,0,0.641249,4.47552,4.11084e+06,2.81318e+06,1.40684e+07,0,0,0,0,80.8192,79.791,6.30787,0,0,1.59419,1.59419,0,1.23151,2.54016,8.54316e+06,3.7602e+06,1.36194e+07,0,0,0,0
58.0068,85.139,3.46078,0.08,0.12,3.16496,3.16496,0,0.641334,4.47552,4.11084e+06,2.81318e+06,1.30106e+07,0,0,0,0,80.8192,79.791,3.26671,0,0,1.43425,1.43425,0,1.23167,2.54016,8.54316e+06,3.7602e+06,1.2253e+07,0,0,0,0
60.9524,85.139,6.26279,0.08,0.12,3.16538,3.16538,0,0.593113,4.47552,4.11084e+06,2.81318e+06,1.30124e+07,0,0,0,0,80.8192,79.791,6.01895,0,0,1.43444,1.43444,0,1.1081,2.54016,8.54316e+06,3.7602e+06,1.22546e+07,0,0,0,0
61.373,85.139,3.75998,0.05,0.12,3.1658,3.1658,0,0.593192,4.47552,4.11084e+06,2.81318e+06,1.30141e+07,0,0,0,0,80.8192,79.791,4.90797,0,0,1.43463,1.43463,0,1.10825,2.54016,8.54316e+06,3.7602e+06,1.22563e+07,0,0,0,0
61.9371,85.139,3.92914,0.05,0.12,3.16622,3.16622,0,0.593271,4.47552,4.11084e+06,2.81318e+06,1.30158e+07,0,0,0,0,80.8192,79.791,4.51584,0,0,1.43482,1.43482,0,1.1084,2.54016,8.54316e+06,3.7602e+06,1.22579e+07,0,0,0,0
61.8609,85.139,3.29619,0.06,0.12,3.16665,3.16665,0,0.59335,4.47552,4.11084e+06,2.81318e+06,1.30176e+07,0,0,0,0,80.8192,79.791,4.20427,0,0,1.43501,1.43501,0,1.10854,2.54016,8.54316e+06,3.7602e+06,1.22595e+07,0,0,0,0
61.4311,85.139,3.02397,0.06,0.12,3.26627,3.26627,0,0.59343,4.47552,4.11084e+06,2.81318e+06,1.34271e+07,0,0,0,0,80.792,79.791,3.17736,0,0,1.4816,1.4816,0,1.10869,2.54016,8.54316e+06,3.7602e+06,1.26576e+07,0,0,0,0
60.5656,85.139,2.44751,0.06,0.14,3.26667,3.26667,0,0.612099,4.47552,4.11084e+06,2.81318e+06,1.34288e+07,0,0,0,0,80.5231,79.791,2.697,0,0,1.48179,1.48179,0,1.14469,2.54016,8.54316e+06,3.7602e+06,1.26591e+07,0,0,0,7.35807e+07
59.3602,85.139,2.06394,0.07,0.14,3.26708,3.26708,0,0.612175,4.47552,4.11084e+06,2.81318e+06,1.34304e+07,0,0,0,0,80.5566,79.791,2.36939,0,0,1.48197,1.48197,0,1.14483,2.54016,8.54316e+06,3.7602e+06,1.26607e+07,0,0,0,7.35807e+07
58.1386,85.139,2.07876,0.16,0.14,3.26749,3.26749,0,0.612251,4.47552,4.11084e+06,2.81318e+06,1.34321e+07,0,0,0,0,80.6299,79.791,2.35544,0,0,1.48215,1.48215,0,1.14497,2.54016,8.54316e+06,3.7602e+06,1.26623e+07,0,0,0,7.35807e+07
56.5267,85.139,1.93373,0.16,0.14,3.58663,3.58663,0,0.612327,4.47552,4.11084e+06,2.81318e+06,1.47441e+07,0,0,0,0,80.5711,79.791,2.38076,0,0,1.65663,1.65663,0,1.14511,2.54016,8.54316e+06,3.7602e+06,1.41529e+07,0,0,0,7.35807e+07
54.2666,85.139,1.23153,0.14,0.14,3.58708,3.58708,0,0.672135,4.47552,4.11084e+06,2.81318e+06,1.47459e+07,0,0,0,0,80.8102,79.791,2.55036,0,0,1.65684,1.65684,0,1.27991,2.54016,8.54316e+06,3.7602e+06,1.41546e+07,0,0,0,7.35807e+07
54.5387,85.139,3.86794,0.15,0.14,3.58752,3.58752,0,0.672219,4.47552,4.11084e+06,2.81318e+06,1.47477e+07,0,0,0,0,80.1599,79.791,2.74369,0,0,1.65704,1.65704,0,1.28007,2.54016,8.54316e+06,3.7602e+06,1.41564e+07,0,0,0,7.35807e+07
52.837,85.139,1.77009,0.15,0.14,3.58797,3.58797,0,0.672302,4.47552,4.11084e+06,2.81318e+06,1.47496e+07,0,0,0,0,79.8346,79.791,1.76076,0,0,1.65725,1.65725,0,1.28023,2.54016,8.54316e+06,3.7602e+06,1.41581e+07,0,0,0,7.35807e+07
51.8696,85.139,2.17106,0.16,0.14,3.13356,3.13356,0,0.672386,4.47552,4.11084e+06,2.81318e+06,1.28816e+07,0,0,0,0,80.0109,79.791,2.18601,0,0,1.42344,1.42344,0,1.28039,2.54016,8.54316e+06,3.7602e+06,1.21606e+07,0,0,0,7.35807e+07
51.5351,85.139,2.87155,0.15,0.14,3.13395,3.13395,0,0.587229,4.47552,4.11084e+06,2.81318e+06,1.28832e+07,0,0,0,0,79.9254,79.791,2.538,0,0,1.42361,1.42361,0,1.09975,2.54016,8.54316e+06,3.7602e+06,1.21621e+07,0,0,0,7.35807e+07
50.6006,85.139,2.19444,0.15,0.14,3.13434,3.13434,0,0.587302,4.47552,4.11084e+06,2.81318e+06,1.28848e+07,0,0,0,0,80.2762,79.791,1.69574,0,0,1.42379,1.42379,0,1.09988,2.54016,8.54316e+06,3.7602e+06,1.21637e+07,0,0,0,7.35807e+07
50.7363,85.139,3.22294,0.33,0.14,3.13473,3.13473,0,0.587375,4.47552,4.11084e+06,2.81318e+06,1.28864e+07,0,0,0,0,80.8192,79.791,3.14317,0,0,1.42397,1.42397,0,1.10002,2.54016,8.54316e+06,3.7602e+06,1.21652e+07,0,0,0,7.35807e+07
51.794,85.139,4.22048,0.34,0.14,3.13512,3.13512,0,0.587448,4.47552,4.11084e+06,2.81318e+06,1.2888e+07,0,0,0,0,80.5851,79.791,4.28425,0,0,1.42414,1.42414,0,1.10016,2.54016,8.54316e+06,3.7602e+06,1.21667e+07,0,0,0,7.35807e+07
51.5143,85.139,2.91564,0.2,0.14,3.25007,3.25007,0,0.587521,4.47552,4.11084e+06,2.81318e+06,1.33605e+07,0,0,0,0,80.8192,79.791,2.21398,0,0,1.4816,1.4816,0,1.10029,2.54016,8.54316e+06,3.7602e+06,1.26576e+07,0,0,0,7.35807e+07
52.6632,85.139,4.45095,0.21,0.14,3.25047,3.25047,0,0.609063,4.47552,4.11084e+06,2.81318e+06,1.33622e+07,0,0,0,0,80.7807,79.791,3.98625,0,0,1.48179,1.48179,0,1.14469,2.54016,8.54316e+06,3.7602e+06,1.26592e+07,0,0,0,7.35807e+07
52.4064,85.139,2.98201,0.21,0.14,3.25088,3.25088,0,0.609139,4.47552,4.11084e+06,2.81318e+06,1.33638e+07,0,0,0,0,80.5367,79.791,2.42456,0,0,1.48197,1.48197,0,1.14483,2.54016,8.54316e+06,3.7602e+06,1.26607e+07,0,0,0,7.35807e+07
51.8469,85.139,2.62417,0.19,0.14,3.25128,3.25128,0,0.609215,4.47552,4.11084e+06,2.81318e+06,1.33655e+07,0,0,0,0,80.505,79.791,2.03817,0,0,1.48216,1.48216,0,1.14497,2.54016,8.54316e+06,3.7602e+06,1.26623e+07,0,0,0,7.35807e+07
51.2066,85.139,2.43696,0.19,0.14,3.20687,3.20687,0,0.60929,4.47552,4.11084e+06,2.81318e+06,1.31829e+07,0,0,0,0,80.6266,79.791,2.2048,0,0,1.46008,1.46008,0,1.14511,2.54016,8.54316e+06,3.7602e+06,1.24737e+07,0,0,0,7.35807e+07
50.4108,85.139,2.23977,0.18,0.14,3.20727,3.20727,0,0.600967,4.47552,4.11084e+06,2.81318e+06,1.31846e+07,0,0,0,0,80.4768,79.791,2.31009,0,0,1.46026,1.46026,0,1.12806,2.54016,8.54316e+06,3.7602e+06,1.24753e+07,0,0,0,7.35807e+07
49.8101,85.139,2.42649,0.34,0.14,3.20767,3.20767,0,0.601042,4.47552,4.11084e+06,2.81318e+06,1.31862e+07,0,0,0,0,80.5662,79.791,2.01383,0,0,1.46044,1.46044,0,1.1282,2.54016,8.54316e+06,3.7602e+06,1.24768e+07,0,0,0,7.35807e+07
49.0289,85.139,2.19019,0.32,0.14,3.20806,3.20806,0,0.601116,4.47552,4.11084e+06,2.81318e+06,1.31878e+07,0,0,0,0,80.4586,79.791,2.03406,0,0,1.46062,1.46062,0,1.12834,2.54016,8.54316e+06,3.7602e+06,1.24783e+07,0,0,0,7.35807e+07
47.8215,85.139,1.82177,0.31,0.14,3.36066,3.36066,0,0.601191,4.47552,4.11084e+06,2.81318e+06,1.38151e+07,0,0,0,0,80.2401,79.791,1.86384,0,0,1.53978,1.53978,0,1.12848,2.54016,8.54316e+06,3.7602e+06,1.31546e+07,0,0,0,7.35807e+07
46.5805,85.139,1.84695,0.28,0.14,3.36108,3.36108,0,0.629788,4.47552,4.11084e+06,2.81318e+06,1.38169e+07,0,0,0,0,80.0812,79.791,1.91853,0,0,1.53998,1.53998,0,1.18964,2.54016,8.54316e+06,3.7602e+06,1.31563e+07,0,0,0,7.35807e+07
45.1588,85.139,1.6172,0.25,0.14,3.3615,3.3615,0,0.629866,4.47552,4.11084e+06,2.81318e+06,1.38186e+07,0,0,0,0,79.8848,79.791,1.74772,0,0,1.54017,1.54017,0,1.18978,2.54016,8.54316e+06,3.7602e+06,1.31579e+07,0,0,0,7.35807e+07
43.6776,85.139,1.54579,0.24,0.14,3.36191,3.36191,0,0.629944,4.47552,4.11084e+06,2.81318e+06,1.38203e+07,0,0,0,0,79.6457,79.791,1.77357,0,0,1.54036,1.54036,0,1.18993,2.54016,8.54316e+06,3.7602e+06,1.31595e+07,0,0,0,7.35807e+07
42.1323,85.139,1.47517,0.2,0.14,3.36233,3.36233,0,0.630022,4.47552,4.11084e+06,2.81318e+06,1.3822e+07,0,0,0,0,79.5855,79.791,1.72446,0,0,1.54055,1.54055,0,1.19008,2.54016,8.54316e+06,3.7602e+06,1.31612e+07,0,0,0,7.35807e+07
40.9802,85.139,1.82871,0.42,0.14,3.33263,3.33263,0,0.630101,4.47552,4.11084e+06,2.81318e+06,1.36999e+07,0,0,0,0,79.3464,79.791,1.9506,0,0,1.58417,1.58417,0,1.19023,2.54016,8.54316e+06,3.7602e+06,1.35339e+07,0,0,0,7.35807e+07
39.7346,85.139,1.73529,0.37,0.14,3.33304,3.33304,0,0.624535,4.47552,4.11084e+06,2.81318e+06,1.37016e+07,0,0,0,0,79.1551,79.791,1.83349,0,0,1.58437,1.58437,0,1.22393,2.54016,8.54316e+06,3.7602e+06,1.35355e+07,0,0,0,7.35807e+07
38.3426,85.139,1.58648,0.33,0.14,3.33346,3.33346,0,0.624612,4.47552,4.11084e+06,2.81318e+06,1.37033e+07,0,0,0,0,78.7966,79.791,1.83748,0,0,1.58457,1.58457,0,1.22409,2.54016,8.54316e+06,3.7602e+06,1.35372e+07,0,0,0,7.35807e+07
36.8032,85.139,1.43212,0.32,0.14,3.33387,3.33387,0,0.62469,4.47552,4.11084e+06,2.81318e+06,1.3705e+07,0,0,0,0,78.3418,79.791,1.6465,0,0,1.58476,1.58476,0,1.22424,2.54016,8.54316e+06,3.7602e+06,1.35389e+07,0,0,0,7.35807e+07
35.1427,85.139,1.37928,0.3,0.14,3.4121,3.4121,0,0.624767,4.47552,4.11084e+06,2.81318e+06,1.40266e+07,0,0,0,0,77.7832,79.791,1.46468,0,0,1.62369,1.62369,0,1.22439,2.54016,8.54316e+06,3.7602e+06,1.38715e+07,0,0,0,7.35807e+07
33.469,85.139,1.36203,0.26,0.14,3.41252,3.41252,0,0.639427,4.47552,4.11084e+06,2.81318e+06,1.40283e+07,0,0,0,0,77.153,79.791,1.43535,0,0,1.62389,1.62389,0,1.25446,2.54016,8.54316e+06,3.7602e+06,1.38732e+07,0,0,0,7.35807e+07
31.6658,85.139,1.22813,0.39,0.14,3.41295,3.41295,0,0.639507,4.47552,4.11084e+06,2.81318e+06,1.40301e+07,0,0,0,0,76.4558,79.791,1.38105,0,0,1.62409,1.62409,0,1.25462,2.54016,8.54316e+06,3.7602e+06,1.38749e+07,0,0,0,7.35807e+07
29.7586,85.139,1.11958,0.37,0.14,3.41337,3.41337,0,0.639586,4.47552,4.11084e+06,2.81318e+06,1.40318e+07,0,0,0,0,75.7585,79.791,1.27441,0,0,1.6243,1.6243,0,1.25477,2.54016,8.54316e+06,3.7602e+06,1.38766e+07,0,0,0,7.35807e+07
27.5406,85.139,1.02869,0.33,0.14,3.64179,3.64179,0,0.639666,4.47552,4.11084e+06,2.81318e+06,1.49708e+07,0,0,0,0,75.0019,79.791,1.28956,0,0,1.76436,1.76436,0,1.25493,2.54016,8.54316e+06,3.7602e+06,1.50732e+07,0,0,0,7.35807e+07
25.4461,85.139,1.1766,0.3,0.14,3.64224,3.64224,0,0.682471,4.47552,4.11084e+06,2.81318e+06,1.49727e+07,0,0,0,0,74.238,79.791,1.38634,0,0,1.76458,1.76458,0,1.36314,2.54016,8.54316e+06,3.7602e+06,1.50751e+07,0,0,0,7.35807e+07
23.293,85.139,1.10945,0.45,0.14,3.64269,3.64269,0,0.682555,4.47552,4.11084e+06,2.81318e+06,1.49745e+07,0,0,0,0,73.5848,79.791,1.29577,0,0,1.7648,1.7648,0,1.36331,2.54016,8.54316e+06,3.7602e+06,1.50769e+07,0,0,0,7.35807e+07
21.5395,85.139,1.51227,0.4,0.14,3.64314,3.64314,0,0.68264,4.47552,4.11084e+06,2.81318e+06,1.49764e+07,0,0,0,0,73.0612,79.791,1.45738,0,0,1.76502,1.76502,0,1.36348,2.54016,8.54316e+06,3.7602e+06,1.50788e+07,0,0,0,7.35807e+07
20.4328,85.139,2.21646,0.39,0.14,3.64359,3.64359,0,0.682725,4.47552,4.11084e+06,2.81318e+06,1.49782e+07,0,0,0,0,72.8918,79.791,1.73444,0,0,1.76523,1.76523,0,1.36365,2.54016,8.54316e+06,3.7602e+06,1.50807e+07,0,0,0,7.35807e+07
18.624,85.139,1.34159,0.38,0.14,3.53286,3.53286,0,0.682809,4.47552,4.11084e+06,2.81318e+06,1.4523e+07,0,0,0,0,72.6649,79.791,2.50477,0,0,1.68051,1.68051,0,1.36382,2.54016,8.54316e+06,3.7602e+06,1.43569e+07,0,0,0,7.35807e+07
16.4846,85.139,1.00089,0.37,0.14,3.5333,3.5333,0,0.662058,4.47552,4.11084e+06,2.81318e+06,1.45248e+07,0,0,0,0,72.0216,79.791,1.54165,0,0,1.68072,1.68072,0,1.29836,2.54016,8.54316e+06,3.7602e+06,1.43586e+07,0,0,0,7.35807e+07
14.1823,85.139,0.831547,0.42,0.14,3.53374,3.53374,0,0.66214,4.47552,4.11084e+06,2.81318e+06,1.45266e+07,0,0,0,0,71.599,79.791,1.36983,0,0,1.68093,1.68093,0,1.29852,2.54016,8.54316e+06,3.7602e+06,1.43604e+07,0,0,0,7.35807e+07
13.8807,85.139,1.54176,0.42,0.14,3.53418,3.53418,0,0.662223,4.47552,4.11084e+06,2.81318e+06,1.45284e+07,0,0,0,0,71.4661,79.791,1.8546,0,0,1.68114,1.68114,0,1.29868,2.54016,8.54316e+06,3.7602e+06,1.43622e+07,0,0,0,7.35807e+07
15.0427,85.139,2.77869,0.41,0.14,3.44331,3.44331,0,0.662305,4.47552,4.11084e+06,2.81318e+06,1.41549e+07,0,0,0,0,71.1191,79.791,2.35997,0,0,1.60399,1.60399,0,1.29885,2.54016,8.54316e+06,3.7602e+06,1.37031e+07,0,0,0,7.35807e+07
13.5168,85.139,1.18995,0.41,0.14,3.44373,3.44373,0,0.645276,4.47552,4.11084e+06,2.81318e+06,1.41566e+07,0,0,0,0,70.9283,79.791,1.18001,0,0,1.60418,1.60418,0,1.23924,2.54016,8.54316e+06,3.7602e+06,1.37048e+07,0,0,0,7.35807e+07
13.8826,85.139,1.57096,0.41,0.14,3.44416,3.44416,0,0.645356,4.47552,4.11084e+06,2.81318e+06,1.41584e+07,0,0,0,0,71.0376,79.791,2.84478,0,0,1.60438,1.60438,0,1.23939,2.54016,8.54316e+06,3.7602e+06,1.37065e+07,0,0,0,7.35807e+07
16.4192,85.139,4.27467,0.42,0.14,3.44459,3.44459,0,0.645436,4.47552,4.11084e+06,2.81318e+06,1.41602e+07,0,0,0,0,72.1541,79.791,5.52293,0,0,1.60458,1.60458,0,1.23955,2.54016,8.54316e+06,3.7602e+06,1.37082e+07,0,0,0,7.35807e+07
15.8119,85.139,2.35426,0.43,0.14,3.18557,3.18557,0,0.645516,4.47552,4.11084e+06,2.81318e+06,1.30954e+07,0,0,0,0,72.6206,79.791,2.77243,0,0,1.44359,1.44359,0,1.2397,2.54016,8.54316e+06,3.7602e+06,1.23328e+07,0,0,0,7.35807e+07
15.5769,85.139,2.75529,0.44,0.14,3.18596,3.18596,0,0.596975,4.47552,4.11084e+06,2.81318e+06,1.3097e+07,0,0,0,0,73.2588,79.791,3.38072,0,0,1.44377,1.44377,0,1.11531,2.54016,8.54316e+06,3.7602e+06,1.23343e+07,0,0,0,7.35807e+07
16.1165,85.139,3.53987,0.44,0.14,3.18636,3.18636,0,0.597049,4.47552,4.11084e+06,2.81318e+06,1.30986e+07,0,0,0,0,73.8767,79.791,3.52354,0,0,1.44394,1.44394,0,1.11545,2.54016,8.54316e+06,3.7602e+06,1.23359e+07,0,0,0,7.35807e+07
15.4988,85.139,2.34068,0.47,0.14,3.18675,3.18675,0,0.597123,4.47552,4.11084e+06,2.81318e+06,1.31002e+07,0,0,0,0,73.7273,79.791,2.59062,0,0,1.44412,1.44412,0,1.11559,2.54016,8.54316e+06,3.7602e+06,1.23374e+07,0,0,0,7.35807e+07
14.4831,85.139,1.90702,0.48,0.14,3.18715,3.18715,0,0.597197,4.47552,4.11084e+06,2.81318e+06,1.31019e+07,0,0,0,0,73.8974,79.791,1.78357,0,0,1.4443,1.4443,0,1.11573,2.54016,8.54316e+06,3.7602e+06,1.23389e+07,0,0,0,7.35807e+07
16.9812,85.139,5.02506,0.53,0.14,3.28738,3.28738,0,0.597271,4.47552,4.11084e+06,2.81318e+06,1.35139e+07,0,0,0,0,76.4644,79.791,6.84876,0,0,1.49118,1.49118,0,1.11587,2.54016,8.54316e+06,3.7602e+06,1.27394e+07,0,0,0,7.35807e+07
20.8395,85.139,7.35023,0.57,0.16,3.28776,3.28776,0,0.616056,4.47552,4.11084e+06,2.81318e+06,1.35155e+07,0,0,0,0,79.1278,79.791,7.85945,0,0,1.49135,1.49135,0,1.15209,2.54016,8.54316e+06,3.7602e+06,1.27409e+07,0,0,0,7.35807e+07
24.3049,85.139,6.91,0.48,0.16,3.28814,3.28814,0,0.616127,4.47552,4.11084e+06,2.81318e+06,1.3517e+07,0,0,0,0,80.8192,79.791,7.56159,0,0,1.49152,1.49152,0,1.15222,2.54016,8.54316e+06,3.7602e+06,1.27423e+07,0,0,0,7.35807e+07
26.6221,85.139,5.65066,0.52,0.16,3.28852,3.28852,0,0.616198,4.47552,4.11084e+06,2.81318e+06,1.35186e+07,0,0,0,0,80.8192,79.791,7.06139,0,0,1.4917,1.4917,0,1.15235,2.54016,8.54316e+06,3.7602e+06,1.27438e+07,0,0,0,7.35807e+07
32.1797,85.139,9.29196,0.44,0.16,3.60969,3.60969,0,0.616269,4.47552,4.11084e+06,2.81318e+06,1.48389e+07,0,0,0,0,80.8192,79.791,7.99775,0,0,1.66728,1.66728,0,1.15248,2.54016,8.54316e+06,3.7602e+06,1.42438e+07,0,0,0,7.35807e+07
33.7451,85.139,5.17563,0.46,0.16,3.61011,3.61011,0,0.676456,4.47552,4.11084e+06,2.81318e+06,1.48406e+07,0,0,0,0,80.8192,79.791,4.45796,0,0,1.66747,1.66747,0,1.28814,2.54016,8.54316e+06,3.7602e+06,1.42455e+07,0,0,0,7.35807e+07
33.7068,85.139,3.58129,0.46,0.16,3.61052,3.61052,0,0.676534,4.47552,4.11084e+06,2.81318e+06,1.48423e+07,0,0,0,0,80.8192,79.791,6.37545,0,0,1.66766,1.66766,0,1.28829,2.54016,8.54316e+06,3.7602e+06,1.42471e+07,0,0,0,7.35807e+07
34.9222,85.139,4.97311,0.49,0.16,3.61094,3.61094,0,0.676612,4.47552,4.11084e+06,2.81318e+06,1.4844e+07,0,0,0,0,80.8192,79.791,4.97192,0,0,1.66786,1.66786,0,1.28844,2.54016,8.54316e+06,3.7602e+06,1.42488e+07,0,0,0,7.35807e+07
37.46,85.139,5.82976,0.38,0.16,3.15359,3.15359,0,0.67669,4.47552,4.11084e+06,2.81318e+06,1.29639e+07,0,0,0,0,80.8192,79.791,6.70466,0,0,1.43253,1.43253,0,1.28859,2.54016,8.54316e+06,3.7602e+06,1.22384e+07,0,0,0,7.35807e+07
38.4406,85.139,4.17969,0.44,0.16,3.15396,3.15396,0,0.590983,4.47552,4.11084e+06,2.81318e+06,1.29654e+07,0,0,0,0,80.8192,79.791,5.25791,0,0,1.4327,1.4327,0,1.10678,2.54016,8.54316e+06,3.7602e+06,1.22398e+07,0,0,0,7.35807e+07
40.7838,85.139,5.49232,0.47,0.16,3.15432,3.15432,0,0.591051,4.47552,4.11084e+06,2.81318e+06,1.29669e+07,0,0,0,0,80.6251,79.791,5.71079,0,0,1.43286,1.43286,0,1.1069,2.54016,8.54316e+06,3.7602e+06,1.22412e+07,0,0,0,7.35807e+07
42.5585,85.139,4.92511,0.51,0.16,3.15468,3.15468,0,0.591119,4.47552,4.11084e+06,2.81318e+06,1.29684e+07,0,0,0,0,80.8192,79.791,4.40445,0,0,1.43303,1.43303,0,1.10703,2.54016,8.54316e+06,3.7602e+06,1.22426e+07,0,0,0,7.35807e+07
44.0315,85.139,4.63877,0.53,0.16,3.15505,3.15505,0,0.591187,4.47552,4.11084e+06,2.81318e+06,1.29699e+07,0,0,0,0,80.8192,79.791,5.0039,0,0,1.43319,1.43319,0,1.10716,2.54016,8.54316e+06,3.7602e+06,1.2244e+07,0,0,0,7.35807e+07
46.1124,85.139,5.37353,0.37,0.16,3.2707,3.2707,0,0.591255,4.47552,4.11084e+06,2.81318e+06,1.34453e+07,0,0,0,0,80.8192,79.791,5.95466,0,0,1.49101,1.49101,0,1.10729,2.54016,8.54316e+06,3.7602e+06,1.27379e+07,0,0,0,7.35807e+07
48.4553,85.139,5.63371,0.38,0.16,3.27108,3.27108,0,0.612929,4.47552,4.11084e+06,2.81318e+06,1.34469e+07,0,0,0,0,80.8192,79.791,6.22095,0,0,1.49118,1.49118,0,1.15195,2.54016,8.54316e+06,3.7602e+06,1.27394e+07,0,0,0,7.35807e+07
50.2413,85.139,5.06408,0.39,0.16,3.27145,3.27145,0,0.613,4.47552,4.11084e+06,2.81318e+06,1.34484e+07,0,0,0,0,80.8192,79.791,6.98272,0,0,1.49135,1.49135,0,1.15209,2.54016,8.54316e+06,3.7602e+06,1.27409e+07,0,0,0,7.35807e+07
52.2078,85.139,5.24636,0.39,0.16,3.27183,3.27183,0,0.61307,4.47552,4.11084e+06,2.81318e+06,1.345e+07,0,0,0,0,80.8192,79.791,5.22499,0,0,1.49152,1.49152,0,1.15222,2.54016,8.54316e+06,3.7602e+06,1.27423e+07,0,0,0,7.35807e+07
53.1611,85.139,4.17552,0.18,0.16,3.22711,3.22711,0,0.613141,4.47552,4.11084e+06,2.81318e+06,1.32661e+07,0,0,0,0,80.8192,79.791,4.17228,0,0,1.46929,1.46929,0,1.15235,2.54016,8.54316e+06,3.7602e+06,1.25524e+07,0,0,0,7.35807e+07
53.8016,85.139,3.85537,0.18,0.16,3.22748,3.22748,0,0.60476,4.47552,4.11084e+06,2.81318e+06,1.32677e+07,0,0,0,0,80.752,79.791,3.84733,0,0,1.46946,1.46946,0,1.13518,2.54016,8.54316e+06,3.7602e+06,1.25539e+07,0,0,0,7.35807e+07
54.096,85.139,3.4871,0.17,0.16,3.22785,3.22785,0,0.60483,4.47552,4.11084e+06,2.81318e+06,1.32692e+07,0,0,0,0,80.8052,79.791,3.47569,0,0,1.46963,1.46963,0,1.13531,2.54016,8.54316e+06,3.7602e+06,1.25553e+07,0,0,0,7.35807e+07
54.1323,85.139,3.20649,0.16,0.16,3.22822,3.22822,0,0.604899,4.47552,4.11084e+06,2.81318e+06,1.32707e+07,0,0,0,0,80.8192,79.791,3.28443,0,0,1.4698,1.4698,0,1.13544,2.54016,8.54316e+06,3.7602e+06,1.25568e+07,0,0,0,7.35807e+07
54.1134,85.139,3.24997,0.15,0.16,3.38175,3.38175,0,0.604969,4.47552,4.11084e+06,2.81318e+06,1.39018e+07,0,0,0,0,80.8192,79.791,3.84987,0,0,1.54945,1.54945,0,1.13557,2.54016,8.54316e+06,3.7602e+06,1.32372e+07,0,0,0,7.35807e+07
53.908,85.139,3.01643,0.13,0.16,3.38214,3.38214,0,0.63374,4.47552,4.11084e+06,2.81318e+06,1.39034e+07,0,0,0,0,80.8192,79.791,3.04633,0,0,1.54962,1.54962,0,1.1971,2.54016,8.54316e+06,3.7602e+06,1.32387e+07,0,0,0,7.35807e+07
53.589,85.139,2.8836,0.11,0.16,3.38253,3.38253,0,0.633813,4.47552,4.11084e+06,2.81318e+06,1.3905e+07,0,0,0,0,80.8192,79.791,3.11697,0,0,1.5498,1.5498,0,1.19724,2.54016,8.54316e+06,3.7602e+06,1.32402e+07,0,0,0,7.35807e+07
53.1533,85.139,2.75215,0.1,0.16,3.38292,3.38292,0,0.633886,4.47552,4.11084e+06,2.81318e+06,1.39066e+07,0,0,0,0,80.8124,79.791,3.04937,0,0,1.54998,1.54998,0,1.19738,2.54016,8.54316e+06,3.7602e+06,1.32417e+07,0,0,0,7.35807e+07
52.5555,85.139,2.57277,0.08,0.16,3.38331,3.38331,0,0.633959,4.47552,4.11084e+06,2.81318e+06,1.39082e+07,0,0,0,0,80.7636,79.791,2.86414,0,0,1.55016,1.55016,0,1.19752,2.54016,8.54316e+06,3.7602e+06,1.32433e+07,0,0,0,7.35807e+07
52.1198,85.139,2.65667,0.09,0.16,3.35339,3.35339,0,0.634032,4.47552,4.11084e+06,2.81318e+06,1.37853e+07,0,0,0,0,80.6516,79.791,2.31275,0,0,1.59404,1.59404,0,1.19765,2.54016,8.54316e+06,3.7602e+06,1.36182e+07,0,0,0,7.35807e+07
51.6245,85.139,2.59107,0.1,0.16,3.35378,3.35378,0,0.628425,4.47552,4.11084e+06,2.81318e+06,1.37868e+07,0,0,0,0,80.6236,79.791,2.09335,0,0,1.59423,1.59423,0,1.23156,2.54016,8.54316e+06,3.7602e+06,1.36197e+07,0,0,0,7.35807e+07
50.9265,85.139,2.37853,0.07,0.16,3.35416,3.35416,0,0.628498,4.47552,4.11084e+06,2.81318e+06,1.37884e+07,0,0,0,0,80.3918,79.791,2.09453,0,0,1.59441,1.59441,0,1.2317,2.54016,8.54316e+06,3.7602e+06,1.36213e+07,0,0,0,7.35807e+07
50.0469,85.139,2.17734,0.16,0.16,3.35455,3.35455,0,0.62857,4.47552,4.11084e+06,2.81318e+06,1.379e+07,0,0,0,0,80.0552,79.791,1.86653,0,0,1.59459,1.59459,0,1.23184,2.54016,8.54316e+06,3.7602e+06,1.36229e+07,0,0,0,7.35807e+07
48.9296,85.139,1.99189,0.17,0.16,3.43323,3.43323,0,0.628643,4.47552,4.11084e+06,2.81318e+06,1.41135e+07,0,0,0,0,79.7533,79.791,1.68026,0,0,1.63375,1.63375,0,1.23198,2.54016,8.54316e+06,3.7602e+06,1.39574e+07,0,0,0,7.35807e+07
48.0592,85.139,2.26274,0.16,0.16,3.43363,3.43363,0,0.643388,4.47552,4.11084e+06,2.81318e+06,1.41151e+07,0,0,0,0,79.5926,79.791,2.00032,0,0,1.63394,1.63394,0,1.26223,2.54016,8.54316e+06,3.7602e+06,1.3959e+07,0,0,0,7.35807e+07
46.998,85.139,2.04534,0.16,0.16,3.43402,3.43402,0,0.643462,4.47552,4.11084e+06,2.81318e+06,1.41167e+07,0,0,0,0,79.1542,79.791,1.87328,0,0,1.63412,1.63412,0,1.26238,2.54016,8.54316e+06,3.7602e+06,1.39606e+07,0,0,0,7.35807e+07
45.7619,85.139,1.86272,0.16,0.16,3.43442,3.43442,0,0.643536,4.47552,4.11084e+06,2.81318e+06,1.41183e+07,0,0,0,0,78.9403,79.791,1.64502,0,0,1.63431,1.63431,0,1.26252,2.54016,8.54316e+06,3.7602e+06,1.39622e+07,0,0,0,7.35807e+07
44.4583,85.139,2.01986,0.17,0.16,3.66421,3.66421,0,0.64361,4.47552,4.11084e+06,2.81318e+06,1.5063e+07,0,0,0,0,78.2826,79.791,2.04385,0,0,1.77522,1.77522,0,1.26267,2.54016,8.54316e+06,3.7602e+06,1.5166e+07,0,0,0,7.35807e+07
43.1336,85.139,1.99138,0.18,0.16,3.66463,3.66463,0,0.686673,4.47552,4.11084e+06,2.81318e+06,1.50647e+07,0,0,0,0,77.6621,79.791,1.35566,0,0,1.77543,1.77543,0,1.37154,2.54016,8.54316e+06,3.7602e+06,1.51678e+07,0,0,0,7.35807e+07
41.9948,85.139,2.20208,0.17,0.16,3.66505,3.66505,0,0.686752,4.47552,4.11084e+06,2.81318e+06,1.50664e+07,0,0,0,0,76.8556,79.791,1.66367,0,0,1.77563,1.77563,0,1.37169,2.54016,8.54316e+06,3.7602e+06,1.51695e+07,0,0,0,7.35807e+07
40.4456,85.139,1.78881,0.24,0.16,3.66548,3.66548,0,0.686831,4.47552,4.11084e+06,2.81318e+06,1.50682e+07,0,0,0,0,76.5253,79.791,1.18585,0,0,1.77584,1.77584,0,1.37185,2.54016,8.54316e+06,3.7602e+06,1.51713e+07,0,0,0,7.35807e+07
39.3086,85.139,2.1909,0.24,0.16,3.6659,3.6659,0,0.68691,4.47552,4.11084e+06,2.81318e+06,1.50699e+07,0,0,0,0,75.7052,79.791,2.12924,0,0,1.77604,1.77604,0,1.37201,2.54016,8.54316e+06,3.7602e+06,1.5173e+07,0,0,0,7.35807e+07
37.7973,85.139,1.65526,0.26,0.16,3.55446,3.55446,0,0.686989,4.47552,4.11084e+06,2.81318e+06,1.46118e+07,0,0,0,0,74.7002,79.791,1.05274,0,0,1.69078,1.69078,0,1.37217,2.54016,8.54316e+06,3.7602e+06,1.44446e+07,0,0,0,7.35807e+07
36.2377,85.139,1.65271,0.25,0.16,3.55486,3.55486,0,0.666105,4.47552,4.11084e+06,2.81318e+06,1.46135e+07,0,0,0,0,73.781,79.791,1.0155,0,0,1.69098,1.69098,0,1.3063,2.54016,8.54316e+06,3.7602e+06,1.44463e+07,0,0,0,7.35807e+07
34.8057,85.139,1.79095,0.25,0.16,3.55527,3.55527,0,0.666182,4.47552,4.11084e+06,2.81318e+06,1.46152e+07,0,0,0,0,72.9726,79.791,1.12824,0,0,1.69117,1.69117,0,1.30645,2.54016,8.54316e+06,3.7602e+06,1.44479e+07,0,0,0,7.35807e+07
33.4061,85.139,1.84628,0.23,0.16,3.55568,3.55568,0,0.666258,4.47552,4.11084e+06,2.81318e+06,1.46168e+07,0,0,0,0,72.2865,79.791,1.18521,0,0,1.69137,1.69137,0,1.3066,2.54016,8.54316e+06,3.7602e+06,1.44496e+07,0,0,0,7.35807e+07
32.0687,85.139,1.90042,0.29,0.16,3.46423,3.46423,0,0.666335,4.47552,4.11084e+06,2.81318e+06,1.42409e+07,0,0,0,0,71.497,79.791,1.45246,0,0,1.61373,1.61373,0,1.30675,2.54016,8.54316e+06,3.7602e+06,1.37864e+07,0,0,0,7.35807e+07
30.1005,85.139,1.21793,0.29,0.16,3.46463,3.46463,0,0.649197,4.47552,4.11084e+06,2.81318e+06,1.42425e+07,0,0,0,0,71.0055,79.791,0.730101,0,0,1.61392,1.61392,0,1.24677,2.54016,8.54316e+06,3.7602e+06,1.3788e+07,0,0,0,7.35807e+07
28.3247,85.139,1.42132,0.28,0.16,3.46503,3.46503,0,0.649271,4.47552,4.11084e+06,2.81318e+06,1.42442e+07,0,0,0,0,70.8529,79.791,1.54093,0,0,1.6141,1.6141,0,1.24691,2.54016,8.54316e+06,3.7602e+06,1.37895e+07,0,0,0,7.35807e+07
28.759,85.139,3.81985,0.3,0.16,3.46543,3.46543,0,0.649346,4.47552,4.11084e+06,2.81318e+06,1.42458e+07,0,0,0,0,70.7345,79.791,3.12267,0,0,1.61429,1.61429,0,1.24706,2.54016,8.54316e+06,3.7602e+06,1.37911e+07,0,0,0,7.35807e+07
27.9519,85.139,2.21505,0.31,0.16,3.20481,3.20481,0,0.649421,4.47552,4.11084e+06,2.81318e+06,1.31745e+07,0,0,0,0,70.7616,79.791,1.62826,0,0,1.45231,1.45231,0,1.2472,2.54016,8.54316e+06,3.7602e+06,1.24073e+07,0,0,0,7.35807e+07
26.4672,85.139,1.52043,0.32,0.16,3.20518,3.20518,0,0.600581,4.47552,4.11084e+06,2.81318e+06,1.3176e+07,0,0,0,0,70.6416,79.791,1.70049,0,0,1.45247,1.45247,0,1.12205,2.54016,8.54316e+06,3.7602e+06,1.24087e+07,0,0,0,7.35807e+07
25.2889,85.139,1.83631,0.32,0.16,3.20554,3.20554,0,0.60065,4.47552,4.11084e+06,2.81318e+06,1.31775e+07,0,0,0,0,70.1447,79.791,1.80435,0,0,1.45264,1.45264,0,1.12218,2.54016,8.54316e+06,3.7602e+06,1.24101e+07,0,0,0,7.35807e+07
24.5201,85.139,2.28798,0.4,0.16,3.20591,3.20591,0,0.600719,4.47552,4.11084e+06,2.81318e+06,1.3179e+07,0,0,0,0,69.4966,79.791,1.55868,0,0,1.45281,1.45281,0,1.12231,2.54016,8.54316e+06,3.7602e+06,1.24116e+07,0,0,0,7.35807e+07
24.1321,85.139,2.70213,0.41,0.16,3.20628,3.20628,0,0.600788,4.47552,4.11084e+06,2.81318e+06,1.31805e+07,0,0,0,0,69.3641,79.791,1.51844,0,0,1.45297,1.45297,0,1.12244,2.54016,8.54316e+06,3.7602e+06,1.2413e+07,0,0,0,7.35807e+07
25.8633,85.139,4.91283,0.45,0.16,3.20628,3.20628,0,0.600857,4.47552,4.11084e+06,2.81318e+06,1.31805e+07,0,0,0,0,69.1051,79.791,2.06565,0,0,1.45297,1.45297,0,1.12257,2.54016,8.54316e+06,3.7602e+06,1.2413e+07,0,0,0,7.35807e+07
26.4237,85.139,3.80109,0.37,0.18,3.30709,3.30709,0,0.600857,4.47552,4.11084e+06,2.81318e+06,1.35949e+07,0,0,0,0,69.1596,79.791,1.46696,0,0,1.50012,1.50012,0,1.12257,2.54016,8.54316e+06,3.7602e+06,1.28158e+07,0,0,0,7.35807e+07
30.2193,85.139,7.20548,0.39,0.18,3.30744,3.30744,0,0.619749,4.47552,4.11084e+06,2.81318e+06,1.35964e+07,0,0,0,0,69.4652,79.791,2.78352,0,0,1.50028,1.50028,0,1.15899,2.54016,8.54316e+06,3.7602e+06,1.28171e+07,0,0,0,7.35807e+07
38.2262,85.139,11.641,0.42,0.18,3.3078,3.3078,0,0.619815,4.47552,4.11084e+06,2.81318e+06,1.35978e+07,0,0,0,0,70.4269,79.791,4.95856,0,0,1.50044,1.50044,0,1.15912,2.54016,8.54316e+06,3.7602e+06,1.28185e+07,0,0,0,7.35807e+07
41.6823,85.139,6.87477,0.3,0.18,3.30815,3.30815,0,0.619881,4.47552,4.11084e+06,2.81318e+06,1.35993e+07,0,0,0,0,70.9344,79.791,3.75762,0,0,1.5006,1.5006,0,1.15924,2.54016,8.54316e+06,3.7602e+06,1.28199e+07,0,0,0,7.35807e+07
44.2588,85.139,6.24931,0.33,0.18,3.6312,3.6312,0,0.619947,4.47552,4.11084e+06,2.81318e+06,1.49273e+07,0,0,0,0,71.4108,79.791,3.50783,0,0,1.67722,1.67722,0,1.15936,2.54016,8.54316e+06,3.7602e+06,1.43287e+07,0,0,0,7.35807e+07
45.5454,85.139,4.90431,0.21,0.18,3.63159,3.63159,0,0.680487,4.47552,4.11084e+06,2.81318e+06,1.49289e+07,0,0,0,0,71.0089,79.791,2.82853,0,0,1.67739,1.67739,0,1.29582,2.54016,8.54316e+06,3.7602e+06,1.43303e+07,0,0,0,7.35807e+07
45.5307,85.139,3.53345,0.21,0.18,3.63198,3.63198,0,0.68056,4.47552,4.11084e+06,2.81318e+06,1.49305e+07,0,0,0,0,70.7867,79.791,1.84233,0,0,1.67757,1.67757,0,1.29595,2.54016,8.54316e+06,3.7602e+06,1.43318e+07,0,0,0,7.35807e+07
45.6191,85.139,3.67243,0.24,0.18,3.63236,3.63236,0,0.680632,4.47552,4.11084e+06,2.81318e+06,1.49321e+07,0,0,0,0,70.8415,79.791,2.51144,0,0,1.67775,1.67775,0,1.29609,2.54016,8.54316e+06,3.7602e+06,1.43333e+07,0,0,0,7.35807e+07
50.3396,85.139,8.06409,0.28,0.18,3.17227,3.17227,0,0.680705,4.47552,4.11084e+06,2.81318e+06,1.30407e+07,0,0,0,0,72.272,79.791,5.98938,0,0,1.44102,1.44102,0,1.29623,2.54016,8.54316e+06,3.7602e+06,1.23109e+07,0,0,0,7.35807e+07
54.1143,85.139,7.07111,0.31,0.18,3.17261,3.17261,0,0.594484,4.47552,4.11084e+06,2.81318e+06,1.30421e+07,0,0,0,0,73.0829,79.791,4.05433,0,0,1.44117,1.44117,0,1.11333,2.54016,8.54316e+06,3.7602e+06,1.23122e+07,0,0,0,7.35807e+07
56.3149,85.139,5.58237,0.17,0.18,3.17295,3.17295,0,0.594547,4.47552,4.11084e+06,2.81318e+06,1.30435e+07,0,0,0,0,73.4414,79.791,3.1599,0,0,1.44133,1.44133,0,1.11345,2.54016,8.54316e+06,3.7602e+06,1.23135e+07,0,0,0,7.35807e+07
57.5023,85.139,4.51405,0.19,0.18,3.17329,3.17329,0,0.594611,4.47552,4.11084e+06,2.81318e+06,1.30449e+07,0,0,0,0,73.6921,79.791,2.40292,0,0,1.44148,1.44148,0,1.11357,2.54016,8.54316e+06,3.7602e+06,1.23148e+07,0,0,0,7.35807e+07
60.3576,85.139,6.18375,0.19,0.18,3.17362,3.17362,0,0.594674,4.47552,4.11084e+06,2.81318e+06,1.30463e+07,0,0,0,0,74.4881,79.791,3.69301,0,0,1.44163,1.44163,0,1.11369,2.54016,8.54316e+06,3.7602e+06,1.23161e+07,0,0,0,7.35807e+07
63.1756,85.139,6.33164,0.09,0.18,3.28993,3.28993,0,0.594737,4.47552,4.11084e+06,2.81318e+06,1.35244e+07,0,0,0,0,75.2139,79.791,3.81622,0,0,1.49978,1.49978,0,1.11381,2.54016,8.54316e+06,3.7602e+06,1.28128e+07,0,0,0,7.35807e+07
66.0131,85.139,6.44255,0.09,0.18,3.29028,3.29028,0,0.616533,4.47552,4.11084e+06,2.81318e+06,1.35258e+07,0,0,0,0,76.4671,79.791,5.0441,0,0,1.49993,1.49993,0,1.15873,2.54016,8.54316e+06,3.7602e+06,1.28142e+07,0,0,0,7.35807e+07
68.0211,85.139,5.58266,0.08,0.18,3.29063,3.29063,0,0.616599,4.47552,4.11084e+06,2.81318e+06,1.35273e+07,0,0,0,0,77.3875,79.791,4.01491,0,0,1.50009,1.50009,0,1.15885,2.54016,8.54316e+06,3.7602e+06,1.28155e+07,0,0,0,7.35807e+07
69.1678,85.139,4.6528,0.08,0.18,3.29098,3.29098,0,0.616664,4.47552,4.11084e+06,2.81318e+06,1.35287e+07,0,0,0,0,77.9327,79.791,3.31789,0,0,1.50025,1.50025,0,1.15897,2.54016,8.54316e+06,3.7602e+06,1.28169e+07,0,0,0,7.35807e+07
69.9607,85.139,4.23108,0.01,0.18,3.24597,3.24597,0,0.61673,4.47552,4.11084e+06,2.81318e+06,1.33437e+07,0,0,0,0,78.451,79.791,3.39152,0,0,1.47788,1.47788,0,1.1591,2.54016,8.54316e+06,3.7602e+06,1.26258e+07,0,0,0,7.35807e+07
70.3961,85.139,3.88016,0.01,0.18,3.24631,3.24631,0,0.608294,4.47552,4.11084e+06,2.81318e+06,1.33451e+07,0,0,0,0,78.8213,79.791,2.78699,0,0,1.47804,1.47804,0,1.14181,2.54016,8.54316e+06,3.7602e+06,1.26271e+07,0,0,0,7.35807e+07
71.771,85.139,4.80893,0.01,0.18,3.24666,3.24666,0,0.608359,4.47552,4.11084e+06,2.81318e+06,1.33465e+07,0,0,0,0,79.3627,79.791,3.21432,0,0,1.4782,1.4782,0,1.14193,2.54016,8.54316e+06,3.7602e+06,1.26285e+07,0,0,0,7.35807e+07
72.1085,85.139,3.69749,0.02,0.18,3.247,3.247,0,0.608424,4.47552,4.11084e+06,2.81318e+06,1.33479e+07,0,0,0,0,79.5936,79.791,2.82546,0,0,1.47835,1.47835,0,1.14205,2.54016,8.54316e+06,3.7602e+06,1.26298e+07,0,0,0,7.35807e+07
72.0714,85.139,3.46405,0.01,0.18,3.40139,3.40139,0,0.608489,4.47552,4.11084e+06,2.81318e+06,1.39826e+07,0,0,0,0,79.597,79.791,2.50074,0,0,1.55845,1.55845,0,1.14218,2.54016,8.54316e+06,3.7602e+06,1.33141e+07,0,0,0,7.35807e+07
71.8504,85.139,3.18365,0.01,0.18,3.40176,3.40176,0,0.637421,4.47552,4.11084e+06,2.81318e+06,1.39841e+07,0,0,0,0,79.6224,79.791,2.22117,0,0,1.55861,1.55861,0,1.20406,2.54016,8.54316e+06,3.7602e+06,1.33155e+07,0,0,0,7.35807e+07
71.5107,85.139,3.05264,0.01,0.18,3.40212,3.40212,0,0.637489,4.47552,4.11084e+06,2.81318e+06,1.39856e+07,0,0,0,0,79.6219,79.791,2.21079,0,0,1.55878,1.55878,0,1.20418,2.54016,8.54316e+06,3.7602e+06,1.33169e+07,0,0,0,7.35807e+07
71.0208,85.139,2.89828,0.01,0.18,3.40248,3.40248,0,0.637557,4.47552,4.11084e+06,2.81318e+06,1.3987e+07,0,0,0,0,79.6121,79.791,2.29861,0,0,1.55894,1.55894,0,1.20431,2.54016,8.54316e+06,3.7602e+06,1.33183e+07,0,0,0,7.35807e+07
70.217,85.139,2.59105,0.01,0.18,3.40284,3.40284,0,0.637624,4.47552,4.11084e+06,2.81318e+06,1.39885e+07,0,0,0,0,79.7086,79.791,2.62221,0,0,1.55911,1.55911,0,1.20444,2.54016,8.54316e+06,3.7602e+06,1.33197e+07,0,0,0,7.35807e+07
69.1829,85.139,2.32125,0.02,0.18,3.37272,3.37272,0,0.637692,4.47552,4.11084e+06,2.81318e+06,1.38647e+07,0,0,0,0,79.807,79.791,2.77206,0,0,1.60323,1.60323,0,1.20457,2.54016,8.54316e+06,3.7602e+06,1.36967e+07,0,0,0,7.35807e+07
67.9555,85.139,2.10491,0.02,0.18,3.37308,3.37308,0,0.632048,4.47552,4.11084e+06,2.81318e+06,1.38662e+07,0,0,0,0,79.8555,79.791,2.51671,0,0,1.6034,1.6034,0,1.23866,2.54016,8.54316e+06,3.7602e+06,1.36981e+07,0,0,0,7.35807e+07
66.6669,85.139,1.99176,0.03,0.18,3.37344,3.37344,0,0.632115,4.47552,4.11084e+06,2.81318e+06,1.38677e+07,0,0,0,0,79.7808,79.791,2.46589,0,0,1.60357,1.60357,0,1.23879,2.54016,8.54316e+06,3.7602e+06,1.36996e+07,0,0,0,7.35807e+07
65.0847,85.139,1.67486,0.03,0.18,3.3738,3.3738,0,0.632182,4.47552,4.11084e+06,2.81318e+06,1.38691e+07,0,0,0,0,79.514,79.791,2.17577,0,0,1.60374,1.60374,0,1.23892,2.54016,8.54316e+06,3.7602e+06,1.3701e+07,0,0,0,7.35807e+07
63.3359,85.139,1.56159,0.03,0.18,3.4529,3.4529,0,0.63225,4.47552,4.11084e+06,2.81318e+06,1.41943e+07,0,0,0,0,79.3306,79.791,1.91478,0,0,1.64311,1.64311,0,1.23905,2.54016,8.54316e+06,3.7602e+06,1.40373e+07,0,0,0,7.35807e+07
61.5057,85.139,1.44658,0.04,0.18,3.45327,3.45327,0,0.647074,4.47552,4.11084e+06,2.81318e+06,1.41958e+07,0,0,0,0,78.9256,79.791,1.93456,0,0,1.64328,1.64328,0,1.26946,2.54016,8.54316e+06,3.7602e+06,1.40388e+07,0,0,0,7.35807e+07
59.5942,85.139,1.34003,0.04,0.18,3.45364,3.45364,0,0.647143,4.47552,4.11084e+06,2.81318e+06,1.41973e+07,0,0,0,0,78.6428,79.791,1.72281,0,0,1.64346,1.64346,0,1.2696,2.54016,8.54316e+06,3.7602e+06,1.40403e+07,0,0,0,7.35807e+07
57.7394,85.139,1.3647,0.12,0.18,3.454,3.454,0,0.647211,4.47552,4.11084e+06,2.81318e+06,1.41989e+07,0,0,0,0,78.092,79.791,1.95652,0,0,1.64363,1.64363,0,1.26973,2.54016,8.54316e+06,3.7602e+06,1.40418e+07,0,0,0,7.35807e+07
55.6085,85.139,1.24349,0.11,0.18,3.68507,3.68507,0,0.64728,4.47552,4.11084e+06,2.81318e+06,1.51487e+07,0,0,0,0,77.5464,79.791,1.51089,0,0,1.78533,1.78533,0,1.26987,2.54016,8.54316e+06,3.7602e+06,1.52524e+07,0,0,0,7.35807e+07
53.6047,85.139,1.36111,0.1,0.18,3.68546,3.68546,0,0.690583,4.47552,4.11084e+06,2.81318e+06,1.51504e+07,0,0,0,0,76.7388,79.791,1.73997,0,0,1.78552,1.78552,0,1.37935,2.54016,8.54316e+06,3.7602e+06,1.5254e+07,0,0,0,7.35807e+07
51.3323,85.139,1.09315,0.1,0.18,3.68586,3.68586,0,0.690656,4.47552,4.11084e+06,2.81318e+06,1.5152e+07,0,0,0,0,76.3001,79.791,1.26289,0,0,1.78571,1.78571,0,1.37949,2.54016,8.54316e+06,3.7602e+06,1.52556e+07,0,0,0,7.35807e+07
49.3044,85.139,1.3271,0.09,0.18,3.68625,3.68625,0,0.690729,4.47552,4.11084e+06,2.81318e+06,1.51536e+07,0,0,0,0,75.9497,79.791,2.18139,0,0,1.7859,1.7859,0,1.37964,2.54016,8.54316e+06,3.7602e+06,1.52572e+07,0,0,0,7.35807e+07
46.9699,85.139,1.02948,0.19,0.18,3.68664,3.68664,0,0.690803,4.47552,4.11084e+06,2.81318e+06,1.51552e+07,0,0,0,0,75.5389,79.791,1.77533,0,0,1.78609,1.78609,0,1.37979,2.54016,8.54316e+06,3.7602e+06,1.52589e+07,0,0,0,7.35807e+07
44.816,85.139,1.11276,0.2,0.18,3.57454,3.57454,0,0.690876,4.47552,4.11084e+06,2.81318e+06,1.46943e+07,0,0,0,0,75.2338,79.791,1.93859,0,0,1.70033,1.70033,0,1.37993,2.54016,8.54316e+06,3.7602e+06,1.45262e+07,0,0,0,7.35807e+07
42.9777,85.139,1.45236,0.17,0.18,3.57492,3.57492,0,0.669868,4.47552,4.11084e+06,2.81318e+06,1.46959e+07,0,0,0,0,74.9823,79.791,2.03503,0,0,1.70051,1.70051,0,1.31368,2.54016,8.54316e+06,3.7602e+06,1.45278e+07,0,0,0,7.35807e+07
41.7428,85.139,2.09248,0.16,0.18,3.5753,3.5753,0,0.669939,4.47552,4.11084e+06,2.81318e+06,1.46975e+07,0,0,0,0,75.0736,79.791,3.43066,0,0,1.70069,1.70069,0,1.31382,2.54016,8.54316e+06,3.7602e+06,1.45293e+07,0,0,0,7.35807e+07
40.1781,85.139,1.7791,0.22,0.18,3.57568,3.57568,0,0.67001,4.47552,4.11084e+06,2.81318e+06,1.4699e+07,0,0,0,0,74.8845,79.791,2.58189,0,0,1.70088,1.70088,0,1.31396,2.54016,8.54316e+06,3.7602e+06,1.45309e+07,0,0,0,7.35807e+07
38.5674,85.139,1.61598,0.22,0.18,3.48368,3.48368,0,0.670082,4.47552,4.11084e+06,2.81318e+06,1.43208e+07,0,0,0,0,74.6903,79.791,1.73025,0,0,1.62279,1.62279,0,1.3141,2.54016,8.54316e+06,3.7602e+06,1.38638e+07,0,0,0,7.35807e+07
36.6922,85.139,1.3343,0.23,0.18,3.48405,3.48405,0,0.652841,4.47552,4.11084e+06,2.81318e+06,1.43224e+07,0,0,0,0,74.414,79.791,1.76401,0,0,1.62296,1.62296,0,1.25377,2.54016,8.54316e+06,3.7602e+06,1.38652e+07,0,0,0,7.35807e+07
36.7911,85.139,3.40685,0.23,0.18,3.48442,3.48442,0,0.652911,4.47552,4.11084e+06,2.81318e+06,1.43239e+07,0,0,0,0,74.9826,79.791,5.3421,0,0,1.62314,1.62314,0,1.2539,2.54016,8.54316e+06,3.7602e+06,1.38667e+07,0,0,0,7.35807e+07
37.4499,85.139,4.01165,0.23,0.18,3.48479,3.48479,0,0.65298,4.47552,4.11084e+06,2.81318e+06,1.43254e+07,0,0,0,0,75.8159,79.791,4.37077,0,0,1.62331,1.62331,0,1.25403,2.54016,8.54316e+06,3.7602e+06,1.38682e+07,0,0,0,7.35807e+07
36.5507,85.139,2.11807,0.24,0.18,3.22269,3.22269,0,0.653049,4.47552,4.11084e+06,2.81318e+06,1.32479e+07,0,0,0,0,76.0316,79.791,2.19178,0,0,1.46041,1.46041,0,1.25417,2.54016,8.54316e+06,3.7602e+06,1.24765e+07,0,0,0,7.35807e+07
35.2591,85.139,1.69925,0.22,0.18,3.22303,3.22303,0,0.603931,4.47552,4.11084e+06,2.81318e+06,1.32494e+07,0,0,0,0,75.9892,79.791,1.81001,0,0,1.46056,1.46056,0,1.12831,2.54016,8.54316e+06,3.7602e+06,1.24778e+07,0,0,0,7.35807e+07
34.4911,85.139,2.29415,0.24,0.18,3.22337,3.22337,0,0.603996,4.47552,4.11084e+06,2.81318e+06,1.32508e+07,0,0,0,0,76.0655,79.791,2.4689,0,0,1.46072,1.46072,0,1.12843,2.54016,8.54316e+06,3.7602e+06,1.24792e+07,0,0,0,7.35807e+07
34.9555,85.139,3.5777,0.26,0.18,3.22371,3.22371,0,0.60406,4.47552,4.11084e+06,2.81318e+06,1.32522e+07,0,0,0,0,76.817,79.791,4.52998,0,0,1.46087,1.46087,0,1.12855,2.54016,8.54316e+06,3.7602e+06,1.24805e+07,0,0,0,7.35807e+07
36.3125,85.139,4.48245,0.28,0.18,3.22406,3.22406,0,0.604124,4.47552,4.11084e+06,2.81318e+06,1.32536e+07,0,0,0,0,77.5098,79.791,4.18723,0,0,1.46103,1.46103,0,1.12867,2.54016,8.54316e+06,3.7602e+06,1.24818e+07,0,0,0,7.35807e+07
39.2693,85.139,6.3581,0.28,0.22,3.3254,3.3254,0,0.604188,4.47552,4.11084e+06,2.81318e+06,1.36702e+07,0,0,0,0,79.7136,79.791,8.66813,0,0,1.50842,1.50842,0,1.12879,2.54016,8.54316e+06,3.7602e+06,1.28867e+07,0,0,0,7.35807e+07
50.2936,85.139,15.2023,0.29,0.22,3.32572,3.32572,0,0.623179,4.47552,4.11084e+06,2.81318e+06,1.36715e+07,0,0,0,0,80.8192,79.791,12.0922,0,0,1.50857,1.50857,0,1.16541,2.54016,8.54316e+06,3.7602e+06,1.2888e+07,0,0,0,7.35807e+07
53.6255,85.139,6.94759,0.2,0.22,3.32605,3.32605,0,0.62324,4.47552,4.11084e+06,2.81318e+06,1.36728e+07,0,0,0,0,80.8192,79.791,6.71007,0,0,1.50872,1.50872,0,1.16552,2.54016,8.54316e+06,3.7602e+06,1.28892e+07,0,0,0,7.35807e+07
55.1894,85.139,4.99456,0.15,0.22,3.32637,3.32637,0,0.623301,4.47552,4.11084e+06,2.81318e+06,1.36742e+07,0,0,0,0,80.8192,79.791,5.21622,0,0,1.50886,1.50886,0,1.16564,2.54016,8.54316e+06,3.7602e+06,1.28905e+07,0,0,0,7.35807e+07
58.6609,85.139,7.39873,0.15,0.22,3.65117,3.65117,0,0.623362,4.47552,4.11084e+06,2.81318e+06,1.50094e+07,0,0,0,0,80.8192,79.791,8.63145,0,0,1.68644,1.68644,0,1.16575,2.54016,8.54316e+06,3.7602e+06,1.44075e+07,0,0,0,7.35807e+07
61.4569,85.139,6.65075,0.15,0.22,3.65153,3.65153,0,0.68423,4.47552,4.11084e+06,2.81318e+06,1.50109e+07,0,0,0,0,80.8192,79.791,5.37574,0,0,1.6866,1.6866,0,1.30294,2.54016,8.54316e+06,3.7602e+06,1.44089e+07,0,0,0,7.35807e+07
65.3144,85.139,7.87225,0.07,0.22,3.65189,3.65189,0,0.684297,4.47552,4.11084e+06,2.81318e+06,1.50123e+07,0,0,0,0,80.8192,79.791,7.81129,0,0,1.68677,1.68677,0,1.30307,2.54016,8.54316e+06,3.7602e+06,1.44103e+07,0,0,0,7.35807e+07
70.0153,85.139,8.88625,0.08,0.22,3.65224,3.65224,0,0.684364,4.47552,4.11084e+06,2.81318e+06,1.50138e+07,0,0,0,0,80.8192,79.791,12.7868,0,0,1.68693,1.68693,0,1.3032,2.54016,8.54316e+06,3.7602e+06,1.44118e+07,0,0,0,7.35807e+07
75.5653,85.139,9.48601,0.02,0.22,3.18961,3.18961,0,0.68443,4.47552,4.11084e+06,2.81318e+06,1.3112e+07,0,0,0,0,80.8192,79.791,11.998,0,0,1.4489,1.4489,0,1.30333,2.54016,8.54316e+06,3.7602e+06,1.23782e+07,0,0,0,7.35807e+07
79.0632,85.139,7.34525,0.02,0.22,3.18992,3.18992,0,0.597733,4.47552,4.11084e+06,2.81318e+06,1.31133e+07,0,0,0,0,80.8192,79.791,8.51675,0,0,1.44904,1.44904,0,1.11942,2.54016,8.54316e+06,3.7602e+06,1.23794e+07,0,0,0,7.35807e+07
82.0473,85.139,6.92305,0.01,0.22,3.19023,3.19023,0,0.597791,4.47552,4.11084e+06,2.81318e+06,1.31145e+07,0,0,0,0,80.8192,79.791,7.92322,0,0,1.44918,1.44918,0,1.11953,2.54016,8.54316e+06,3.7602e+06,1.23806e+07,0,0,0,7.35807e+07
84.3177,85.139,5.99872,0.01,0.22,3.19054,3.19054,0,0.59785,4.47552,4.11084e+06,2.81318e+06,1.31158e+07,0,0,0,0,80.8192,79.791,7.38007,0,0,1.44932,1.44932,0,1.11964,2.54016,8.54316e+06,3.7602e+06,1.23818e+07,0,0,0,7.35807e+07
85.139,85.139,6.7341,0.01,0.22,3.19086,3.19086,0,0.597908,4.47552,4.11084e+06,2.81318e+06,1.31171e+07,0,0,0,0,80.8192,79.791,10.7328,0,0,1.44946,1.44946,0,1.11974,2.54016,8.54316e+06,3.7602e+06,1.2383e+07,0,0,0,7.35807e+07
85.139,85.139,9.23818,0,0.22,3.30777,3.30777,0,0.597966,4.47552,4.11084e+06,2.81318e+06,1.35977e+07,0,0,0,0,80.8192,79.791,11.9229,0,0,1.50791,1.50791,0,1.11985,2.54016,8.54316e+06,3.7602e+06,1.28823e+07,0,0,0,7.35807e+07
85.139,85.139,7.67824,0,0.22,3.30809,3.30809,0,0.619875,4.47552,4.11084e+06,2.81318e+06,1.3599e+07,0,0,0,0,80.8192,79.791,8.50446,0,0,1.50805,1.50805,0,1.16501,2.54016,8.54316e+06,3.7602e+06,1.28835e+07,0,0,0,7.35807e+07
85.139,85.139,6.31231,0,0.22,3.30841,3.30841,0,0.619936,4.47552,4.11084e+06,2.81318e+06,1.36004e+07,0,0,0,0,80.8192,79.791,7.29494,0,0,1.5082,1.5082,0,1.16512,2.54016,8.54316e+06,3.7602e+06,1.28848e+07,0,0,0,7.35807e+07
85.139,85.139,5.74479,0,0.22,3.30873,3.30873,0,0.619996,4.47552,4.11084e+06,2.81318e+06,1.36017e+07,0,0,0,0,80.8192,79.791,6.46141,0,0,1.50835,1.50835,0,1.16524,2.54016,8.54316e+06,3.7602e+06,1.28861e+07,0,0,0,7.35807e+07
85.139,85.139,4.30349,0,0.22,3.26345,3.26345,0,0.620057,4.47552,4.11084e+06,2.81318e+06,1.34155e+07,0,0,0,0,80.8192,79.791,4.52527,0,0,1.48584,1.48584,0,1.16535,2.54016,8.54316e+06,3.7602e+06,1.26938e+07,0,0,0,7.35807e+07
85.139,85.139,4.05987,0,0.22,3.26377,3.26377,0,0.611571,4.47552,4.11084e+06,2.81318e+06,1.34168e+07,0,0,0,0,80.8192,79.791,4.40411,0,0,1.48599,1.48599,0,1.14796,2.54016,8.54316e+06,3.7602e+06,1.2695e+07,0,0,0,7.35807e+07
85.139,85.139,3.84547,0,0.22,3.26409,3.26409,0,0.61163,4.47552,4.11084e+06,2.81318e+06,1.34181e+07,0,0,0,0,80.8192,79.791,5.31245,0,0,1.48613,1.48613,0,1.14807,2.54016,8.54316e+06,3.7602e+06,1.26963e+07,0,0,0,7.35807e+07
85.0965,85.139,3.55088,0,0.22,3.26441,3.26441,0,0.61169,4.47552,4.11084e+06,2.81318e+06,1.34195e+07,0,0,0,0,80.8192,79.791,4.52147,0,0,1.48628,1.48628,0,1.14819,2.54016,8.54316e+06,3.7602e+06,1.26975e+07,0,0,0,7.35807e+07
85.139,85.139,4.0005,0,0.22,3.41959,3.41959,0,0.61175,4.47552,4.11084e+06,2.81318e+06,1.40574e+07,0,0,0,0,80.8192,79.791,4.29242,0,0,1.56679,1.56679,0,1.1483,2.54016,8.54316e+06,3.7602e+06,1.33853e+07,0,0,0,7.35807e+07
84.8221,85.139,3.27464,0,0.22,3.41993,3.41993,0,0.640832,4.47552,4.11084e+06,2.81318e+06,1.40588e+07,0,0,0,0,80.8192,79.791,4.01351,0,0,1.56694,1.56694,0,1.2105,2.54016,8.54316e+06,3.7602e+06,1.33866e+07,0,0,0,7.35807e+07
84.3701,85.139,3.06962,0.01,0.22,3.42026,3.42026,0,0.640895,4.47552,4.11084e+06,2.81318e+06,1.40602e+07,0,0,0,0,80.8192,79.791,3.70278,0,0,1.56709,1.56709,0,1.21062,2.54016,8.54316e+06,3.7602e+06,1.33879e+07,0,0,0,7.35807e+07
83.8813,85.139,3.02018,0.01,0.22,3.4206,3.4206,0,0.640957,4.47552,4.11084e+06,2.81318e+06,1.40615e+07,0,0,0,0,80.8192,79.791,3.77978,0,0,1.56725,1.56725,0,1.21074,2.54016,8.54316e+06,3.7602e+06,1.33892e+07,0,0,0,7.35807e+07
84.0812,85.139,3.76311,0.01,0.22,3.42093,3.42093,0,0.64102,4.47552,4.11084e+06,2.81318e+06,1.40629e+07,0,0,0,0,80.8192,79.791,4.05477,0,0,1.5674,1.5674,0,1.21085,2.54016,8.54316e+06,3.7602e+06,1.33905e+07,0,0,0,7.35807e+07
84.8746,85.139,4.38302,0.01,0.22,3.39062,3.39062,0,0.641082,4.47552,4.11084e+06,2.81318e+06,1.39383e+07,0,0,0,0,80.8192,79.791,4.04994,0,0,1.61174,1.61174,0,1.21097,2.54016,8.54316e+06,3.7602e+06,1.37694e+07,0,0,0,7.35807e+07
85.139,85.139,4.17438,0.01,0.22,3.39095,3.39095,0,0.635403,4.47552,4.11084e+06,2.81318e+06,1.39397e+07,0,0,0,0,80.8192,79.791,3.96691,0,0,1.6119,1.6119,0,1.24523,2.54016,8.54316e+06,3.7602e+06,1.37707e+07,0,0,0,7.35807e+07
85.139,85.139,3.93938,0,0.22,3.39128,3.39128,0,0.635465,4.47552,4.11084e+06,2.81318e+06,1.3941e+07,0,0,0,0,80.8192,79.791,3.98708,0,0,1.61206,1.61206,0,1.24535,2.54016,8.54316e+06,3.7602e+06,1.37721e+07,0,0,0,7.35807e+07
85.139,85.139,3.78812,0.01,0.22,3.39162,3.39162,0,0.635527,4.47552,4.11084e+06,2.81318e+06,1.39424e+07,0,0,0,0,80.8192,79.791,3.82189,0,0,1.61221,1.61221,0,1.24547,2.54016,8.54316e+06,3.7602e+06,1.37734e+07,0,0,0,7.35807e+07
85.139,85.139,4.18778,0.01,0.22,3.47111,3.47111,0,0.635589,4.47552,4.11084e+06,2.81318e+06,1.42692e+07,0,0,0,0,80.8192,79.791,3.7955,0,0,1.65177,1.65177,0,1.2456,2.54016,8.54316e+06,3.7602e+06,1.41113e+07,0,0,0,7.35807e+07
85.139,85.139,3.91091,0.01,0.22,3.47145,3.47145,0,0.650486,4.47552,4.11084e+06,2.81318e+06,1.42706e+07,0,0,0,0,80.8192,79.791,3.57647,0,0,1.65193,1.65193,0,1.27616,2.54016,8.54316e+06,3.7602e+06,1.41127e+07,0,0,0,7.35807e+07
85.139,85.139,3.58957,0.01,0.22,3.47179,3.47179,0,0.650549,4.47552,4.11084e+06,2.81318e+06,1.4272e+07,0,0,0,0,80.8192,79.791,3.3802,0,0,1.65209,1.65209,0,1.27628,2.54016,8.54316e+06,3.7602e+06,1.41141e+07,0,0,0,7.35807e+07
85.139,85.139,4.2822,0.01,0.22,3.47212,3.47212,0,0.650613,4.47552,4.11084e+06,2.81318e+06,1.42733e+07,0,0,0,0,80.8192,79.791,4.4494,0,0,1.65225,1.65225,0,1.27641,2.54016,8.54316e+06,3.7602e+06,1.41155e+07,0,0,0,7.35807e+07
84.434,85.139,2.98979,0.01,0.22,3.70437,3.70437,0,0.650676,4.47552,4.11084e+06,2.81318e+06,1.52281e+07,0,0,0,0,80.8192,79.791,3.55106,0,0,1.79468,1.79468,0,1.27653,2.54016,8.54316e+06,3.7602e+06,1.53323e+07,0,0,0,7.35807e+07
83.2158,85.139,2.44815,0.02,0.22,3.70474,3.70474,0,0.6942,4.47552,4.11084e+06,2.81318e+06,1.52296e+07,0,0,0,0,80.8192,79.791,3.27467,0,0,1.79486,1.79486,0,1.38657,2.54016,8.54316e+06,3.7602e+06,1.53338e+07,0,0,0,7.35807e+07
82.054,85.139,2.48536,0.02,0.22,3.7051,3.7051,0,0.694267,4.47552,4.11084e+06,2.81318e+06,1.52311e+07,0,0,0,0,80.8192,79.791,3.15302,0,0,1.79503,1.79503,0,1.38671,2.54016,8.54316e+06,3.7602e+06,1.53352e+07,0,0,0,7.35807e+07
82.0494,85.139,3.67729,0.02,0.22,3.70546,3.70546,0,0.694335,4.47552,4.11084e+06,2.81318e+06,1.52325e+07,0,0,0,0,80.8192,79.791,3.75573,0,0,1.79521,1.79521,0,1.38684,2.54016,8.54316e+06,3.7602e+06,1.53367e+07,0,0,0,7.35807e+07
83.3513,85.139,5.05728,0.02,0.22,3.70582,3.70582,0,0.694403,4.47552,4.11084e+06,2.81318e+06,1.5234e+07,0,0,0,0,80.8192,79.791,4.36402,0,0,1.79538,1.79538,0,1.38698,2.54016,8.54316e+06,3.7602e+06,1.53382e+07,0,0,0,7.35807e+07
84.8471,85.139,5.10814,0.03,0.22,3.5931,3.5931,0,0.694471,4.47552,4.11084e+06,2.81318e+06,1.47707e+07,0,0,0,0,80.8192,79.791,4.33291,0,0,1.70917,1.70917,0,1.38711,2.54016,8.54316e+06,3.7602e+06,1.46017e+07,0,0,0,7.35807e+07
85.139,85.139,4.56298,0.03,0.22,3.59345,3.59345,0,0.673347,4.47552,4.11084e+06,2.81318e+06,1.47721e+07,0,0,0,0,80.8192,79.791,4.24438,0,0,1.70933,1.70933,0,1.3205,2.54016,8.54316e+06,3.7602e+06,1.46031e+07,0,0,0,7.35807e+07
85.139,85.139,4.86172,0.01,0.22,3.5938,3.5938,0,0.673413,4.47552,4.11084e+06,2.81318e+06,1.47736e+07,0,0,0,0,80.8192,79.791,4.29612,0,0,1.7095,1.7095,0,1.32063,2.54016,8.54316e+06,3.7602e+06,1.46045e+07,0,0,0,7.35807e+07
85.139,85.139,6.32479,0.01,0.22,3.59415,3.59415,0,0.673479,4.47552,4.11084e+06,2.81318e+06,1.4775e+07,0,0,0,0,80.4647,79.791,4.94994,0,0,1.70967,1.70967,0,1.32076,2.54016,8.54316e+06,3.7602e+06,1.4606e+07,0,0,0,7.35807e+07
83.0065,85.139,1.48316,0.01,0.22,3.50165,3.50165,0,0.673545,4.47552,4.11084e+06,2.81318e+06,1.43947e+07,0,0,0,0,80.4297,79.791,1.72585,0,0,1.63116,1.63116,0,1.32089,2.54016,8.54316e+06,3.7602e+06,1.39353e+07,0,0,0,7.35807e+07
82.3174,85.139,2.97831,0.02,0.22,3.50199,3.50199,0,0.656209,4.47552,4.11084e+06,2.81318e+06,1.43961e+07,0,0,0,0,80.8192,79.791,3.85011,0,0,1.63132,1.63132,0,1.26024,2.54016,8.54316e+06,3.7602e+06,1.39367e+07,0,0,0,7.35807e+07
84.4117,85.139,5.91818,0.02,0.22,3.50233,3.50233,0,0.656273,4.47552,4.11084e+06,2.81318e+06,1.43975e+07,0,0,0,0,80.8192,79.791,7.83248,0,0,1.63148,1.63148,0,1.26036,2.54016,8.54316e+06,3.7602e+06,1.3938e+07,0,0,0,7.35807e+07
85.139,85.139,4.67995,0.02,0.22,3.50268,3.50268,0,0.656337,4.47552,4.11084e+06,2.81318e+06,1.43989e+07,0,0,0,0,80.8192,79.791,5.61015,0,0,1.63164,1.63164,0,1.26048,2.54016,8.54316e+06,3.7602e+06,1.39394e+07,0,0,0,7.35807e+07
85.139,85.139,3.75031,0.01,0.22,3.2392,3.2392,0,0.656401,4.47552,4.11084e+06,2.81318e+06,1.33158e+07,0,0,0,0,80.8192,79.791,4.53103,0,0,1.46789,1.46789,0,1.26061,2.54016,8.54316e+06,3.7602e+06,1.25404e+07,0,0,0,7.35807e+07
85.139,85.139,3.70987,0.01,0.22,3.23952,3.23952,0,0.607026,4.47552,4.11084e+06,2.81318e+06,1.33171e+07,0,0,0,0,80.8192,79.791,3.82014,0,0,1.46803,1.46803,0,1.13409,2.54016,8.54316e+06,3.7602e+06,1.25417e+07,0,0,0,7.35807e+07
85.139,85.139,9.80456,0,0.22,3.23983,3.23983,0,0.607085,4.47552,4.11084e+06,2.81318e+06,1.33184e+07,0,0,0,0,80.8192,79.791,9.87674,0,0,1.46818,1.46818,0,1.1342,2.54016,8.54316e+06,3.7602e+06,1.25429e+07,0,0,0,7.35807e+07
85.139,85.139,10.888,0,0.22,3.24015,3.24015,0,0.607145,4.47552,4.11084e+06,2.81318e+06,1.33197e+07,0,0,0,0,80.8192,79.791,10.8111,0,0,1.46832,1.46832,0,1.13431,2.54016,8.54316e+06,3.7602e+06,1.25441e+07,0,0,0,7.35807e+07
85.139,85.139,6.25318,0,0.22,3.24046,3.24046,0,0.607204,4.47552,4.11084e+06,2.81318e+06,1.3321e+07,0,0,0,0,80.8192,79.791,5.98109,0,0,1.46846,1.46846,0,1.13442,2.54016,8.54316e+06,3.7602e+06,1.25453e+07,0,0,0,7.35807e+07
84.0533,85.139,2.53024,0,0.2,3.34229,3.34229,0,0.607263,4.47552,4.11084e+06,2.81318e+06,1.37396e+07,0,0,0,0,80.8192,79.791,4.00191,0,0,1.51609,1.51609,0,1.13454,2.54016,8.54316e+06,3.7602e+06,1.29522e+07,0,0,0,7.35807e+07
82.8599,85.139,2.43791,0.01,0.2,3.34259,3.34259,0,0.626345,4.47552,4.11084e+06,2.81318e+06,1.37408e+07,0,0,0,0,80.8192,79.791,3.56612,0,0,1.51622,1.51622,0,1.17133,2.54016,8.54316e+06,3.7602e+06,1.29533e+07,0,0,0,7.35807e+07
83.1136,85.139,3.96526,0.01,0.2,3.34289,3.34289,0,0.626401,4.47552,4.11084e+06,2.81318e+06,1.37421e+07,0,0,0,0,80.8192,79.791,4.27335,0,0,1.51636,1.51636,0,1.17143,2.54016,8.54316e+06,3.7602e+06,1.29545e+07,0,0,0,7.35807e+07
82.1699,85.139,2.69455,0.02,0.2,3.34319,3.34319,0,0.626457,4.47552,4.11084e+06,2.81318e+06,1.37433e+07,0,0,0,0,80.8192,79.791,3.61632,0,0,1.51649,1.51649,0,1.17154,2.54016,8.54316e+06,3.7602e+06,1.29556e+07,0,0,0,7.35807e+07
80.5838,85.139,2.31836,0.01,0.2,3.6696,3.6696,0,0.626513,4.47552,4.11084e+06,2.81318e+06,1.50851e+07,0,0,0,0,80.8169,79.791,2.96176,0,0,1.69495,1.69495,0,1.17164,2.54016,8.54316e+06,3.7602e+06,1.44802e+07,0,0,0,7.35807e+07
78.9542,85.139,2.259,0.01,0.2,3.66993,3.66993,0,0.687683,4.47552,4.11084e+06,2.81318e+06,1.50865e+07,0,0,0,0,80.8192,79.791,2.46341,0,0,1.6951,1.6951,0,1.30952,2.54016,8.54316e+06,3.7602e+06,1.44815e+07,0,0,0,7.35807e+07
77.6392,85.139,2.58007,0.01,0.2,3.67025,3.67025,0,0.687744,4.47552,4.11084e+06,2.81318e+06,1.50878e+07,0,0,0,0,80.8192,79.791,3.56864,0,0,1.69525,1.69525,0,1.30964,2.54016,8.54316e+06,3.7602e+06,1.44828e+07,0,0,0,7.35807e+07
76.9813,85.139,3.27052,0.01,0.2,3.67058,3.67058,0,0.687806,4.47552,4.11084e+06,2.81318e+06,1.50892e+07,0,0,0,0,80.8192,79.791,3.35418,0,0,1.6954,1.6954,0,1.30975,2.54016,8.54316e+06,3.7602e+06,1.44841e+07,0,0,0,7.35807e+07
78.5719,85.139,5.26422,0.01,0.2,3.2056,3.2056,0,0.687867,4.47552,4.11084e+06,2.81318e+06,1.31777e+07,0,0,0,0,80.8192,79.791,5.4447,0,0,1.45616,1.45616,0,1.30987,2.54016,8.54316e+06,3.7602e+06,1.24402e+07,0,0,0,7.35807e+07
80.3402,85.139,5.47101,0.01,0.2,3.20588,3.20588,0,0.600729,4.47552,4.11084e+06,2.81318e+06,1.31789e+07,0,0,0,0,80.8192,79.791,6.43031,0,0,1.45629,1.45629,0,1.12503,2.54016,8.54316e+06,3.7602e+06,1.24413e+07,0,0,0,7.35807e+07
82.1791,85.139,5.56482,0.01,0.2,3.20617,3.20617,0,0.600782,4.47552,4.11084e+06,2.81318e+06,1.318e+07,0,0,0,0,80.8192,79.791,5.18798,0,0,1.45642,1.45642,0,1.12513,2.54016,8.54316e+06,3.7602e+06,1.24424e+07,0,0,0,7.35807e+07
83.6896,85.139,5.22904,0.01,0.2,3.20645,3.20645,0,0.600836,4.47552,4.11084e+06,2.81318e+06,1.31812e+07,0,0,0,0,80.8192,79.791,4.97932,0,0,1.45655,1.45655,0,1.12523,2.54016,8.54316e+06,3.7602e+06,1.24435e+07,0,0,0,7.35807e+07
85.139,85.139,6.37294,0.01,0.2,3.20674,3.20674,0,0.60089,4.47552,4.11084e+06,2.81318e+06,1.31824e+07,0,0,0,0,80.8192,79.791,5.10572,0,0,1.45668,1.45668,0,1.12533,2.54016,8.54316e+06,3.7602e+06,1.24446e+07,0,0,0,7.35807e+07
85.139,85.139,6.06867,0,0.2,3.3242,3.3242,0,0.600943,4.47552,4.11084e+06,2.81318e+06,1.36653e+07,0,0,0,0,80.8192,79.791,5.59433,0,0,1.5154,1.5154,0,1.12543,2.54016,8.54316e+06,3.7602e+06,1.29463e+07,0,0,0,7.35807e+07
85.139,85.139,5.42237,0,0.2,3.3245,3.3245,0,0.622956,4.47552,4.11084e+06,2.81318e+06,1.36665e+07,0,0,0,0,80.8192,79.791,4.40611,0,0,1.51553,1.51553,0,1.1708,2.54016,8.54316e+06,3.7602e+06,1.29475e+07,0,0,0,7.35807e+07
85.139,85.139,4.63525,0,0.2,3.3248,3.3248,0,0.623011,4.47552,4.11084e+06,2.81318e+06,1.36677e+07,0,0,0,0,80.8192,79.791,3.70325,0,0,1.51567,1.51567,0,1.1709,2.54016,8.54316e+06,3.7602e+06,1.29486e+07,0,0,0,7.35807e+07
85.139,85.139,4.34425,0,0.2,3.32509,3.32509,0,0.623067,4.47552,4.11084e+06,2.81318e+06,1.36689e+07,0,0,0,0,80.8192,79.791,4.20657,0,0,1.5158,1.5158,0,1.17101,2.54016,8.54316e+06,3.7602e+06,1.29498e+07,0,0,0,7.35807e+07
85.139,85.139,4.57087,0,0.2,3.27956,3.27956,0,0.623122,4.47552,4.11084e+06,2.81318e+06,1.34817e+07,0,0,0,0,80.8192,79.791,3.68096,0,0,1.49317,1.49317,0,1.17111,2.54016,8.54316e+06,3.7602e+06,1.27564e+07,0,0,0,7.35807e+07
85.1158,85.139,3.5658,0,0.2,3.27985,3.27985,0,0.614589,4.47552,4.11084e+06,2.81318e+06,1.34829e+07,0,0,0,0,80.8192,79.791,3.02888,0,0,1.49331,1.49331,0,1.15363,2.54016,8.54316e+06,3.7602e+06,1.27576e+07,0,0,0,7.35807e+07
84.6791,85.139,3.13397,0,0.2,3.28014,3.28014,0,0.614644,4.47552,4.11084e+06,2.81318e+06,1.34841e+07,0,0,0,0,80.8192,79.791,2.71813,0,0,1.49344,1.49344,0,1.15373,2.54016,8.54316e+06,3.7602e+06,1.27587e+07,0,0,0,7.35807e+07
84.4943,85.139,3.39791,0,0.2,3.28043,3.28043,0,0.614699,4.47552,4.11084e+06,2.81318e+06,1.34853e+07,0,0,0,0,80.8192,79.791,2.36099,0,0,1.49357,1.49357,0,1.15383,2.54016,8.54316e+06,3.7602e+06,1.27598e+07,0,0,0,7.35807e+07
84.1938,85.139,3.38587,0.01,0.2,3.43635,3.43635,0,0.614753,4.47552,4.11084e+06,2.81318e+06,1.41263e+07,0,0,0,0,80.8192,79.791,2.70569,0,0,1.57447,1.57447,0,1.15394,2.54016,8.54316e+06,3.7602e+06,1.34509e+07,0,0,0,7.35807e+07
83.6248,85.139,3.07287,0.01,0.2,3.43666,3.43666,0,0.643973,4.47552,4.11084e+06,2.81318e+06,1.41276e+07,0,0,0,0,80.7827,79.791,2.52134,0,0,1.57461,1.57461,0,1.21643,2.54016,8.54316e+06,3.7602e+06,1.34521e+07,0,0,0,7.35807e+07
82.8012,85.139,2.75328,0.01,0.2,3.43697,3.43697,0,0.64403,4.47552,4.11084e+06,2.81318e+06,1.41288e+07,0,0,0,0,80.7273,79.791,2.4983,0,0,1.57475,1.57475,0,1.21654,2.54016,8.54316e+06,3.7602e+06,1.34533e+07,0,0,0,7.35807e+07
81.9511,85.139,2.71551,0.01,0.2,3.43727,3.43727,0,0.644088,4.47552,4.11084e+06,2.81318e+06,1.41301e+07,0,0,0,0,80.7222,79.791,2.53119,0,0,1.57489,1.57489,0,1.21665,2.54016,8.54316e+06,3.7602e+06,1.34545e+07,0,0,0,7.35807e+07
80.5733,85.139,2.14059,0.01,0.2,3.43758,3.43758,0,0.644145,4.47552,4.11084e+06,2.81318e+06,1.41313e+07,0,0,0,0,80.61,79.791,2.29271,0,0,1.57503,1.57503,0,1.21676,2.54016,8.54316e+06,3.7602e+06,1.34557e+07,0,0,0,7.35807e+07
78.6642,85.139,1.52882,0.02,0.2,3.40709,3.40709,0,0.644202,4.47552,4.11084e+06,2.81318e+06,1.4006e+07,0,0,0,0,80.3671,79.791,2.0849,0,0,1.61957,1.61957,0,1.21687,2.54016,8.54316e+06,3.7602e+06,1.38363e+07,0,0,0,7.35807e+07
76.662,85.139,1.42065,0.02,0.2,3.4074,3.4074,0,0.63849,4.47552,4.11084e+06,2.81318e+06,1.40073e+07,0,0,0,0,80.1082,79.791,2.0451,0,0,1.61972,1.61972,0,1.25128,2.54016,8.54316e+06,3.7602e+06,1.38375e+07,0,0,0,7.35807e+07
74.5546,85.139,1.29628,0.02,0.2,3.4077,3.4077,0,0.638547,4.47552,4.11084e+06,2.81318e+06,1.40085e+07,0,0,0,0,79.7806,79.791,1.86975,0,0,1.61986,1.61986,0,1.25139,2.54016,8.54316e+06,3.7602e+06,1.38387e+07,0,0,0,7.35807e+07
72.3728,85.139,1.18349,0.03,0.2,3.40801,3.40801,0,0.638603,4.47552,4.11084e+06,2.81318e+06,1.40098e+07,0,0,0,0,79.3887,79.791,1.79109,0,0,1.62001,1.62001,0,1.2515,2.54016,8.54316e+06,3.7602e+06,1.384e+07,0,0,0,7.35807e+07
70.1048,85.139,1.12299,0.03,0.2,3.48785,3.48785,0,0.63866,4.47552,4.11084e+06,2.81318e+06,1.4338e+07,0,0,0,0,78.8911,79.791,1.72908,0,0,1.65974,1.65974,0,1.25162,2.54016,8.54316e+06,3.7602e+06,1.41794e+07,0,0,0,7.35807e+07
67.7917,85.139,1.04795,0.03,0.2,3.48816,3.48816,0,0.653624,4.47552,4.11084e+06,2.81318e+06,1.43393e+07,0,0,0,0,78.3153,79.791,1.63531,0,0,1.65989,1.65989,0,1.28231,2.54016,8.54316e+06,3.7602e+06,1.41807e+07,0,0,0,7.35807e+07
65.4225,85.139,0.961749,0.07,0.2,3.48847,3.48847,0,0.653682,4.47552,4.11084e+06,2.81318e+06,1.43406e+07,0,0,0,0,77.9402,79.791,1.53356,0,0,1.66003,1.66003,0,1.28243,2.54016,8.54316e+06,3.7602e+06,1.41819e+07,0,0,0,7.35807e+07
63.2703,85.139,1.1442,0.08,0.2,3.48879,3.48879,0,0.65374,4.47552,4.11084e+06,2.81318e+06,1.43418e+07,0,0,0,0,77.619,79.791,2.039,0,0,1.66018,1.66018,0,1.28254,2.54016,8.54316e+06,3.7602e+06,1.41832e+07,0,0,0,7.35807e+07
60.8276,85.139,1.00228,0.09,0.2,3.72212,3.72212,0,0.653798,4.47552,4.11084e+06,2.81318e+06,1.5301e+07,0,0,0,0,77.1639,79.791,1.80739,0,0,1.80328,1.80328,0,1.28266,2.54016,8.54316e+06,3.7602e+06,1.54057e+07,0,0,0,7.35807e+07
58.3326,85.139,0.909401,0.08,0.2,3.72245,3.72245,0,0.697525,4.47552,4.11084e+06,2.81318e+06,1.53024e+07,0,0,0,0,76.6791,79.791,1.77207,0,0,1.80344,1.80344,0,1.39321,2.54016,8.54316e+06,3.7602e+06,1.54071e+07,0,0,0,7.35807e+07
55.8892,85.139,0.920812,0.13,0.2,3.72278,3.72278,0,0.697587,4.47552,4.11084e+06,2.81318e+06,1.53038e+07,0,0,0,0,76.2262,79.791,1.70581,0,0,1.8036,1.8036,0,1.39334,2.54016,8.54316e+06,3.7602e+06,1.54084e+07,0,0,0,7.35807e+07
53.8856,85.139,1.35783,0.12,0.2,3.72311,3.72311,0,0.697649,4.47552,4.11084e+06,2.81318e+06,1.53051e+07,0,0,0,0,75.8423,79.791,2.03533,0,0,1.80376,1.80376,0,1.39346,2.54016,8.54316e+06,3.7602e+06,1.54098e+07,0,0,0,7.35807e+07
52.2759,85.139,1.83087,0.17,0.2,3.72344,3.72344,0,0.697711,4.47552,4.11084e+06,2.81318e+06,1.53065e+07,0,0,0,0,75.6254,79.791,2.75402,0,0,1.80392,1.80392,0,1.39358,2.54016,8.54316e+06,3.7602e+06,1.54112e+07,0,0,0,7.35807e+07
50.6648,85.139,1.798,0.17,0.2,3.61016,3.61016,0,0.697773,4.47552,4.11084e+06,2.81318e+06,1.48408e+07,0,0,0,0,75.7779,79.791,4.80752,0,0,1.71728,1.71728,0,1.39371,2.54016,8.54316e+06,3.7602e+06,1.4671e+07,0,0,0,7.35807e+07
48.6931,85.139,1.37567,0.2,0.2,3.61048,3.61048,0,0.676544,4.47552,4.11084e+06,2.81318e+06,1.48421e+07,0,0,0,0,75.6284,79.791,3.83749,0,0,1.71743,1.71743,0,1.32677,2.54016,8.54316e+06,3.7602e+06,1.46723e+07,0,0,0,7.35807e+07
46.9728,85.139,1.62615,0.19,0.2,3.6108,3.6108,0,0.676604,4.47552,4.11084e+06,2.81318e+06,1.48434e+07,0,0,0,0,75.4754,79.791,3.78165,0,0,1.71758,1.71758,0,1.32689,2.54016,8.54316e+06,3.7602e+06,1.46736e+07,0,0,0,7.35807e+07
49.5237,85.139,6.06088,0.2,0.2,3.61112,3.61112,0,0.676664,4.47552,4.11084e+06,2.81318e+06,1.48448e+07,0,0,0,0,76.1288,79.791,7.8531,0,0,1.71774,1.71774,0,1.32701,2.54016,8.54316e+06,3.7602e+06,1.46749e+07,0,0,0,7.35807e+07
49.0618,85.139,2.99548,0.19,0.2,3.51815,3.51815,0,0.676725,4.47552,4.11084e+06,2.81318e+06,1.44626e+07,0,0,0,0,76.1971,79.791,3.29351,0,0,1.63885,1.63885,0,1.32712,2.54016,8.54316e+06,3.7602e+06,1.4001e+07,0,0,0,7.35807e+07
49.9678,85.139,4.46909,0.19,0.2,3.51847,3.51847,0,0.659302,4.47552,4.11084e+06,2.81318e+06,1.44639e+07,0,0,0,0,77.2247,79.791,6.97124,0,0,1.639,1.639,0,1.26618,2.54016,8.54316e+06,3.7602e+06,1.40022e+07,0,0,0,7.35807e+07
49.7415,85.139,3.28849,0.2,0.2,3.51878,3.51878,0,0.659361,4.47552,4.11084e+06,2.81318e+06,1.44651e+07,0,0,0,0,77.7263,79.791,4.63327,0,0,1.63914,1.63914,0,1.26629,2.54016,8.54316e+06,3.7602e+06,1.40035e+07,0,0,0,7.35807e+07
50.8854,85.139,4.75793,0.18,0.2,3.51909,3.51909,0,0.659419,4.47552,4.11084e+06,2.81318e+06,1.44664e+07,0,0,0,0,78.2566,79.791,4.05906,0,0,1.63929,1.63929,0,1.2664,2.54016,8.54316e+06,3.7602e+06,1.40047e+07,0,0,0,7.35807e+07
52.6789,85.139,5.47366,0.17,0.2,3.25436,3.25436,0,0.659478,4.47552,4.11084e+06,2.81318e+06,1.33781e+07,0,0,0,0,80.0516,79.791,7.30294,0,0,1.47476,1.47476,0,1.26651,2.54016,8.54316e+06,3.7602e+06,1.25991e+07,0,0,0,7.35807e+07
54.0601,85.139,5.06817,0.11,0.2,3.25465,3.25465,0,0.609866,4.47552,4.11084e+06,2.81318e+06,1.33793e+07,0,0,0,0,80.8192,79.791,6.03044,0,0,1.47489,1.47489,0,1.1394,2.54016,8.54316e+06,3.7602e+06,1.26002e+07,0,0,0,7.35807e+07
56.603,85.139,6.22395,0.11,0.2,3.25494,3.25494,0,0.609921,4.47552,4.11084e+06,2.81318e+06,1.33805e+07,0,0,0,0,80.8192,79.791,7.70872,0,0,1.47502,1.47502,0,1.1395,2.54016,8.54316e+06,3.7602e+06,1.26014e+07,0,0,0,7.35807e+07
59.2731,85.139,6.4974,0.11,0.2,3.25523,3.25523,0,0.609975,4.47552,4.11084e+06,2.81318e+06,1.33817e+07,0,0,0,0,80.8192,79.791,11.0332,0,0,1.47515,1.47515,0,1.1396,2.54016,8.54316e+06,3.7602e+06,1.26025e+07,0,0,0,7.35807e+07
61.171,85.139,5.75498,0.15,0.2,3.25552,3.25552,0,0.610029,4.47552,4.11084e+06,2.81318e+06,1.33829e+07,0,0,0,0,80.8192,79.791,8.49093,0,0,1.47528,1.47528,0,1.1397,2.54016,8.54316e+06,3.7602e+06,1.26036e+07,0,0,0,7.35807e+07
63.746,85.139,6.42388,0.08,1,3.35779,3.35779,0,0.610084,4.47552,4.11084e+06,2.81318e+06,1.38033e+07,0,0,0,0,80.7294,79.791,3.54026,0,0,1.52312,1.52312,0,1.1398,2.54016,8.54316e+06,3.7602e+06,1.30122e+07,0,0,0,7.35807e+07
62.6089,85.139,2.4243,0.09,1,3.35806,3.35806,0,0.629249,4.47552,4.11084e+06,2.81318e+06,1.38044e+07,0,0,0,0,80.8192,79.791,2.3813,0,0,1.52324,1.52324,0,1.17676,2.54016,8.54316e+06,3.7602e+06,1.30133e+07,0,0,0,7.35807e+07
61.7917,85.139,2.7443,0.09,1,3.35833,3.35833,0,0.6293,4.47552,4.11084e+06,2.81318e+06,1.38056e+07,0,0,0,0,80.8192,79.791,3.46341,0,0,1.52336,1.52336,0,1.17685,2.54016,8.54316e+06,3.7602e+06,1.30143e+07,0,0,0,7.35807e+07
66.0928,85.139,8.30837,0.1,1,3.3586,3.3586,0,0.629351,4.47552,4.11084e+06,2.81318e+06,1.38067e+07,0,0,0,0,80.8192,79.791,8.75386,0,0,1.52349,1.52349,0,1.17695,2.54016,8.54316e+06,3.7602e+06,1.30154e+07,0,0,0,7.35807e+07
65.4771,85.139,3.31804,0.13,1,3.68649,3.68649,0,0.629402,4.47552,4.11084e+06,2.81318e+06,1.51546e+07,0,0,0,0,80.8192,79.791,2.92352,0,0,1.70275,1.70275,0,1.17704,2.54016,8.54316e+06,3.7602e+06,1.45469e+07,0,0,0,7.35807e+07
65.3394,85.139,3.82359,0.1,1,3.68679,3.68679,0,0.690848,4.47552,4.11084e+06,2.81318e+06,1.51558e+07,0,0,0,0,80.7869,79.791,2.9727,0,0,1.70289,1.70289,0,1.31555,2.54016,8.54316e+06,3.7602e+06,1.45481e+07,0,0,0,7.35807e+07
65.3626,85.139,4.03137,0.12,1,3.68709,3.68709,0,0.690904,4.47552,4.11084e+06,2.81318e+06,1.5157e+07,0,0,0,0,80.8192,79.791,2.73397,0,0,1.70303,1.70303,0,1.31565,2.54016,8.54316e+06,3.7602e+06,1.45492e+07,0,0,0,7.35807e+07
65.4612,85.139,4.07561,0.12,1,3.68738,3.68738,0,0.69096,4.47552,4.11084e+06,2.81318e+06,1.51582e+07,0,0,0,0,80.8192,79.791,3.9299,0,0,1.70317,1.70317,0,1.31576,2.54016,8.54316e+06,3.7602e+06,1.45504e+07,0,0,0,7.35807e+07
66.4709,85.139,4.54308,0.14,1,3.22025,3.22025,0,0.691016,4.47552,4.11084e+06,2.81318e+06,1.32379e+07,0,0,0,0,80.8192,79.791,4.3772,0,0,1.46281,1.46281,0,1.31587,2.54016,8.54316e+06,3.7602e+06,1.2497e+07,0,0,0,7.35807e+07
67.3456,85.139,4.42527,0.14,1,3.22051,3.22051,0,0.603474,4.47552,4.11084e+06,2.81318e+06,1.3239e+07,0,0,0,0,80.8192,79.791,4.67568,0,0,1.46293,1.46293,0,1.13017,2.54016,8.54316e+06,3.7602e+06,1.24981e+07,0,0,0,7.35807e+07
68.1608,85.139,4.43544,0.14,1,3.22077,3.22077,0,0.603523,4.47552,4.11084e+06,2.81318e+06,1.32401e+07,0,0,0,0,80.8192,79.791,4.1671,0,0,1.46305,1.46305,0,1.13026,2.54016,8.54316e+06,3.7602e+06,1.24991e+07,0,0,0,7.35807e+07
69.0273,85.139,4.47574,0.06,1,3.22103,3.22103,0,0.603572,4.47552,4.11084e+06,2.81318e+06,1.32411e+07,0,0,0,0,80.8192,79.791,4.29149,0,0,1.46317,1.46317,0,1.13035,2.54016,8.54316e+06,3.7602e+06,1.25001e+07,0,0,0,7.35807e+07
70.8826,85.139,5.68279,0.06,1,3.22129,3.22129,0,0.60362,4.47552,4.11084e+06,2.81318e+06,1.32422e+07,0,0,0,0,80.8192,79.791,6.46671,0,0,1.46329,1.46329,0,1.13044,2.54016,8.54316e+06,3.7602e+06,1.25011e+07,0,0,0,7.35807e+07
71.2966,85.139,4.17084,0.07,1,3.33926,3.33926,0,0.603669,4.47552,4.11084e+06,2.81318e+06,1.37271e+07,0,0,0,0,80.8192,79.791,4.85472,0,0,1.52226,1.52226,0,1.13053,2.54016,8.54316e+06,3.7602e+06,1.30049e+07,0,0,0,7.35807e+07
71.3821,85.139,3.89859,0.06,1,3.33953,3.33953,0,0.625777,4.47552,4.11084e+06,2.81318e+06,1.37283e+07,0,0,0,0,80.8192,79.791,4.47675,0,0,1.52238,1.52238,0,1.1761,2.54016,8.54316e+06,3.7602e+06,1.3006e+07,0,0,0,7.35807e+07
71.0285,85.139,3.39391,0.06,1,3.3398,3.3398,0,0.625827,4.47552,4.11084e+06,2.81318e+06,1.37294e+07,0,0,0,0,80.8192,79.791,4.06571,0,0,1.52251,1.52251,0,1.17619,2.54016,8.54316e+06,3.7602e+06,1.3007e+07,0,0,0,7.35807e+07
70.4249,85.139,2.99935,0.06,1,3.34007,3.34007,0,0.625878,4.47552,4.11084e+06,2.81318e+06,1.37305e+07,0,0,0,0,80.8192,79.791,3.77655,0,0,1.52263,1.52263,0,1.17629,2.54016,8.54316e+06,3.7602e+06,1.30081e+07,0,0,0,7.35807e+07
70.4042,85.139,3.51895,0.05,1,3.2943,3.2943,0,0.625928,4.47552,4.11084e+06,2.81318e+06,1.35423e+07,0,0,0,0,80.8192,79.791,4.50835,0,0,1.49989,1.49989,0,1.17638,2.54016,8.54316e+06,3.7602e+06,1.28138e+07,0,0,0,7.35807e+07
69.7002,85.139,2.78369,0.05,1,3.29456,3.29456,0,0.617351,4.47552,4.11084e+06,2.81318e+06,1.35434e+07,0,0,0,0,80.8192,79.791,3.54581,0,0,1.50001,1.50001,0,1.15881,2.54016,8.54316e+06,3.7602e+06,1.28148e+07,0,0,0,7.35807e+07
68.6463,85.139,2.40485,0.03,1,3.29483,3.29483,0,0.617401,4.47552,4.11084e+06,2.81318e+06,1.35445e+07,0,0,0,0,80.8192,79.791,3.19998,0,0,1.50013,1.50013,0,1.15891,2.54016,8.54316e+06,3.7602e+06,1.28158e+07,0,0,0,7.35807e+07
67.6524,85.139,2.45639,0.02,1,3.2951,3.2951,0,0.617451,4.47552,4.11084e+06,2.81318e+06,1.35456e+07,0,0,0,0,80.8192,79.791,2.68361,0,0,1.50025,1.50025,0,1.159,2.54016,8.54316e+06,3.7602e+06,1.28169e+07,0,0,0,7.35807e+07
66.7299,85.139,2.63128,0.08,1,3.45168,3.45168,0,0.617501,4.47552,4.11084e+06,2.81318e+06,1.41893e+07,0,0,0,0,80.8192,79.791,2.90744,0,0,1.58149,1.58149,0,1.15909,2.54016,8.54316e+06,3.7602e+06,1.35109e+07,0,0,0,7.35807e+07
65.6345,85.139,2.39684,0.07,1,3.45196,3.45196,0,0.646846,4.47552,4.11084e+06,2.81318e+06,1.41905e+07,0,0,0,0,80.8192,79.791,2.87942,0,0,1.58162,1.58162,0,1.22186,2.54016,8.54316e+06,3.7602e+06,1.3512e+07,0,0,0,7.35807e+07
64.4919,85.139,2.32745,0.07,1,3.45224,3.45224,0,0.646898,4.47552,4.11084e+06,2.81318e+06,1.41916e+07,0,0,0,0,80.8192,79.791,3.02943,0,0,1.58174,1.58174,0,1.22196,2.54016,8.54316e+06,3.7602e+06,1.35131e+07,0,0,0,7.35807e+07
63.1494,85.139,2.11973,0.05,1,3.45252,3.45252,0,0.64695,4.47552,4.11084e+06,2.81318e+06,1.41928e+07,0,0,0,0,80.8192,79.791,2.90176,0,0,1.58187,1.58187,0,1.22206,2.54016,8.54316e+06,3.7602e+06,1.35142e+07,0,0,0,7.35807e+07
61.7998,85.139,2.04724,0.05,1,3.4528,3.4528,0,0.647003,4.47552,4.11084e+06,2.81318e+06,1.41939e+07,0,0,0,0,80.6837,79.791,2.678,0,0,1.582,1.582,0,1.22215,2.54016,8.54316e+06,3.7602e+06,1.35153e+07,0,0,0,7.35807e+07
60.5036,85.139,1.99766,0.04,1,3.42215,3.42215,0,0.647055,4.47552,4.11084e+06,2.81318e+06,1.40679e+07,0,0,0,0,80.3749,79.791,1.9395,0,0,1.62673,1.62673,0,1.22225,2.54016,8.54316e+06,3.7602e+06,1.38974e+07,0,0,0,7.35807e+07
59.055,85.139,1.82416,0.04,1,3.42243,3.42243,0,0.641312,4.47552,4.11084e+06,2.81318e+06,1.40691e+07,0,0,0,0,80.0502,79.791,1.73236,0,0,1.62686,1.62686,0,1.25681,2.54016,8.54316e+06,3.7602e+06,1.38985e+07,0,0,0,7.35807e+07
57.4991,85.139,1.67368,0.1,1,3.42271,3.42271,0,0.641363,4.47552,4.11084e+06,2.81318e+06,1.40702e+07,0,0,0,0,79.6506,79.791,1.69662,0,0,1.62699,1.62699,0,1.25691,2.54016,8.54316e+06,3.7602e+06,1.38997e+07,0,0,0,7.35807e+07
55.8847,85.139,1.5678,0.11,1,3.42298,3.42298,0,0.641415,4.47552,4.11084e+06,2.81318e+06,1.40713e+07,0,0,0,0,79.2048,79.791,1.63664,0,0,1.62712,1.62712,0,1.25701,2.54016,8.54316e+06,3.7602e+06,1.39008e+07,0,0,0,7.35807e+07
54.2923,85.139,1.62634,0.1,1,3.50315,3.50315,0,0.641467,4.47552,4.11084e+06,2.81318e+06,1.44009e+07,0,0,0,0,78.6928,79.791,1.63095,0,0,1.66702,1.66702,0,1.25712,2.54016,8.54316e+06,3.7602e+06,1.42416e+07,0,0,0,7.35807e+07
52.5928,85.139,1.48987,0.11,1,3.50343,3.50343,0,0.656491,4.47552,4.11084e+06,2.81318e+06,1.44021e+07,0,0,0,0,78.0994,79.791,1.56662,0,0,1.66715,1.66715,0,1.28794,2.54016,8.54316e+06,3.7602e+06,1.42428e+07,0,0,0,7.35807e+07
50.7855,85.139,1.35832,0.11,1,3.50372,3.50372,0,0.656544,4.47552,4.11084e+06,2.81318e+06,1.44032e+07,0,0,0,0,77.4943,79.791,1.44574,0,0,1.66729,1.66729,0,1.28804,2.54016,8.54316e+06,3.7602e+06,1.42439e+07,0,0,0,7.35807e+07
48.8182,85.139,1.18242,0.19,1,3.504,3.504,0,0.656597,4.47552,4.11084e+06,2.81318e+06,1.44044e+07,0,0,0,0,76.8174,79.791,1.43519,0,0,1.66742,1.66742,0,1.28815,2.54016,8.54316e+06,3.7602e+06,1.42451e+07,0,0,0,7.35807e+07
46.4979,85.139,1.05615,0.19,1,3.73832,3.73832,0,0.65665,4.47552,4.11084e+06,2.81318e+06,1.53676e+07,0,0,0,0,75.9596,79.791,1.33484,0,0,1.81113,1.81113,0,1.28825,2.54016,8.54316e+06,3.7602e+06,1.54728e+07,0,0,0,7.35807e+07
44.1343,85.139,0.99891,0.19,1,3.73862,3.73862,0,0.700561,4.47552,4.11084e+06,2.81318e+06,1.53689e+07,0,0,0,0,75.0772,79.791,1.18887,0,0,1.81127,1.81127,0,1.39928,2.54016,8.54316e+06,3.7602e+06,1.5474e+07,0,0,0,7.35807e+07
41.7518,85.139,0.973557,0.17,1,3.73892,3.73892,0,0.700618,4.47552,4.11084e+06,2.81318e+06,1.53701e+07,0,0,0,0,74.3042,79.791,1.12303,0,0,1.81142,1.81142,0,1.39939,2.54016,8.54316e+06,3.7602e+06,1.54753e+07,0,0,0,7.35807e+07
39.7854,85.139,1.39647,0.25,1,3.73923,3.73923,0,0.700674,4.47552,4.11084e+06,2.81318e+06,1.53714e+07,0,0,0,0,73.7894,79.791,1.30758,0,0,1.81157,1.81157,0,1.3995,2.54016,8.54316e+06,3.7602e+06,1.54765e+07,0,0,0,7.35807e+07
38.3429,85.139,1.9997,0.26,1,3.73953,3.73953,0,0.700731,4.47552,4.11084e+06,2.81318e+06,1.53726e+07,0,0,0,0,73.6096,79.791,1.75437,0,0,1.81171,1.81171,0,1.39962,2.54016,8.54316e+06,3.7602e+06,1.54778e+07,0,0,0,7.35807e+07
36.5927,85.139,1.58327,0.23,1,3.62572,3.62572,0,0.700788,4.47552,4.11084e+06,2.81318e+06,1.49048e+07,0,0,0,0,73.8161,79.791,2.51641,0,0,1.72468,1.72468,0,1.39973,2.54016,8.54316e+06,3.7602e+06,1.47342e+07,0,0,0,7.35807e+07
34.8823,85.139,1.56003,0.23,1,3.62602,3.62602,0,0.679461,4.47552,4.11084e+06,2.81318e+06,1.4906e+07,0,0,0,0,74.1023,79.791,2.3583,0,0,1.72482,1.72482,0,1.33249,2.54016,8.54316e+06,3.7602e+06,1.47354e+07,0,0,0,7.35807e+07
35.6942,85.139,4.22109,0.24,1,3.62631,3.62631,0,0.679516,4.47552,4.11084e+06,2.81318e+06,1.49072e+07,0,0,0,0,75.2494,79.791,5.43723,0,0,1.72496,1.72496,0,1.3326,2.54016,8.54316e+06,3.7602e+06,1.47366e+07,0,0,0,7.35807e+07
34.9342,85.139,2.74285,0.23,1,3.6266,3.6266,0,0.679571,4.47552,4.11084e+06,2.81318e+06,1.49084e+07,0,0,0,0,75.7183,79.791,2.9289,0,0,1.7251,1.7251,0,1.33271,2.54016,8.54316e+06,3.7602e+06,1.47378e+07,0,0,0,7.35807e+07
35.3542,85.139,3.75098,0.23,1,3.5332,3.5332,0,0.679625,4.47552,4.11084e+06,2.81318e+06,1.45244e+07,0,0,0,0,76.2113,79.791,3.28294,0,0,1.64586,1.64586,0,1.33281,2.54016,8.54316e+06,3.7602e+06,1.40609e+07,0,0,0,7.35807e+07
34.2863,85.139,2.23242,0.23,1,3.53349,3.53349,0,0.662123,4.47552,4.11084e+06,2.81318e+06,1.45256e+07,0,0,0,0,76.5322,79.791,2.74926,0,0,1.646,1.646,0,1.27159,2.54016,8.54316e+06,3.7602e+06,1.4062e+07,0,0,0,7.35807e+07
34.3966,85.139,3.45498,0.21,1,3.53378,3.53378,0,0.662176,4.47552,4.11084e+06,2.81318e+06,1.45268e+07,0,0,0,0,77.0359,79.791,3.35594,0,0,1.64613,1.64613,0,1.2717,2.54016,8.54316e+06,3.7602e+06,1.40631e+07,0,0,0,7.35807e+07
39.1728,85.139,8.35333,0.22,1,3.53406,3.53406,0,0.66223,4.47552,4.11084e+06,2.81318e+06,1.4528e+07,0,0,0,0,79.2949,79.791,8.31652,0,0,1.64626,1.64626,0,1.2718,2.54016,8.54316e+06,3.7602e+06,1.40643e+07,0,0,0,7.35807e+07
40.8608,85.139,4.83938,0.23,1,3.26817,3.26817,0,0.662283,4.47552,4.11084e+06,2.81318e+06,1.34349e+07,0,0,0,0,80.2839,79.791,4.40128,0,0,1.48102,1.48102,0,1.2719,2.54016,8.54316e+06,3.7602e+06,1.26526e+07,0,0,0,7.35807e+07
47.0584,85.139,9.42454,0.26,1,3.26843,3.26843,0,0.612455,4.47552,4.11084e+06,2.81318e+06,1.3436e+07,0,0,0,0,80.8192,79.791,5.79177,0,0,1.48114,1.48114,0,1.14424,2.54016,8.54316e+06,3.7602e+06,1.26536e+07,0,0,0,7.35807e+07
50.0513,85.139,6.31249,0.15,1,3.2687,3.2687,0,0.612505,4.47552,4.11084e+06,2.81318e+06,1.34371e+07,0,0,0,0,80.8192,79.791,6.52307,0,0,1.48126,1.48126,0,1.14433,2.54016,8.54316e+06,3.7602e+06,1.26546e+07,0,0,0,7.35807e+07
53.6657,85.139,6.88331,0.15,1,3.26896,3.26896,0,0.612554,4.47552,4.11084e+06,2.81318e+06,1.34382e+07,0,0,0,0,80.8192,79.791,7.36962,0,0,1.48138,1.48138,0,1.14442,2.54016,8.54316e+06,3.7602e+06,1.26557e+07,0,0,0,7.35807e+07
57.2,85.139,6.90187,0.13,1,3.26923,3.26923,0,0.612604,4.47552,4.11084e+06,2.81318e+06,1.34393e+07,0,0,0,0,80.8192,79.791,5.86966,0,0,1.4815,1.4815,0,1.14451,2.54016,8.54316e+06,3.7602e+06,1.26567e+07,0,0,0,7.35807e+07
58.9439,85.139,5.34641,0.14,1,3.3719,3.3719,0,0.612653,4.47552,4.11084e+06,2.81318e+06,1.38613e+07,0,0,0,0,80.8192,79.791,4.96785,0,0,1.52952,1.52952,0,1.14461,2.54016,8.54316e+06,3.7602e+06,1.30669e+07,0,0,0,7.35807e+07
60.0553,85.139,4.64174,0.15,1,3.37215,3.37215,0,0.631894,4.47552,4.11084e+06,2.81318e+06,1.38624e+07,0,0,0,0,80.8192,79.791,4.2448,0,0,1.52963,1.52963,0,1.18171,2.54016,8.54316e+06,3.7602e+06,1.30679e+07,0,0,0,7.35807e+07
61.5585,85.139,5.09983,0.09,1,3.37239,3.37239,0,0.63194,4.47552,4.11084e+06,2.81318e+06,1.38634e+07,0,0,0,0,80.8192,79.791,3.71856,0,0,1.52974,1.52974,0,1.18179,2.54016,8.54316e+06,3.7602e+06,1.30688e+07,0,0,0,7.35807e+07
62.1296,85.139,4.16633,0.09,1,3.37264,3.37264,0,0.631986,4.47552,4.11084e+06,2.81318e+06,1.38644e+07,0,0,0,0,80.8192,79.791,3.41285,0,0,1.52985,1.52985,0,1.18188,2.54016,8.54316e+06,3.7602e+06,1.30698e+07,0,0,0,7.35807e+07
62.2315,85.139,3.90348,0.11,1,3.70186,3.70186,0,0.632032,4.47552,4.11084e+06,2.81318e+06,1.52178e+07,0,0,0,0,80.8192,79.791,4.05507,0,0,1.70985,1.70985,0,1.18196,2.54016,8.54316e+06,3.7602e+06,1.46076e+07,0,0,0,7.35807e+07
63.1801,85.139,4.71459,0.09,1,3.70213,3.70213,0,0.693729,4.47552,4.11084e+06,2.81318e+06,1.52189e+07,0,0,0,0,80.8192,79.791,5.1174,0,0,1.70998,1.70998,0,1.32103,2.54016,8.54316e+06,3.7602e+06,1.46086e+07,0,0,0,7.35807e+07
64.4162,85.139,5.20631,0.11,1,3.7024,3.7024,0,0.69378,4.47552,4.11084e+06,2.81318e+06,1.522e+07,0,0,0,0,80.8192,79.791,5.05255,0,0,1.7101,1.7101,0,1.32113,2.54016,8.54316e+06,3.7602e+06,1.46097e+07,0,0,0,7.35807e+07
65.2977,85.139,4.8064,0.11,1,3.70267,3.70267,0,0.69383,4.47552,4.11084e+06,2.81318e+06,1.52211e+07,0,0,0,0,80.8192,79.791,3.83715,0,0,1.71023,1.71023,0,1.32122,2.54016,8.54316e+06,3.7602e+06,1.46107e+07,0,0,0,7.35807e+07
67.2673,85.139,5.64276,0.13,1,3.23357,3.23357,0,0.693881,4.47552,4.11084e+06,2.81318e+06,1.32927e+07,0,0,0,0,80.8192,79.791,4.86138,0,0,1.46886,1.46886,0,1.32132,2.54016,8.54316e+06,3.7602e+06,1.25487e+07,0,0,0,7.35807e+07
69.4119,85.139,5.89377,0.13,1,3.2338,3.2338,0,0.605971,4.47552,4.11084e+06,2.81318e+06,1.32936e+07,0,0,0,0,80.8192,79.791,6.07576,0,0,1.46897,1.46897,0,1.13484,2.54016,8.54316e+06,3.7602e+06,1.25497e+07,0,0,0,7.35807e+07
70.6836,85.139,4.94016,0.06,1,3.23404,3.23404,0,0.606015,4.47552,4.11084e+06,2.81318e+06,1.32946e+07,0,0,0,0,80.8192,79.791,5.34204,0,0,1.46908,1.46908,0,1.13493,2.54016,8.54316e+06,3.7602e+06,1.25506e+07,0,0,0,7.35807e+07
72.0768,85.139,5.06686,0.06,1,3.23427,3.23427,0,0.606059,4.47552,4.11084e+06,2.81318e+06,1.32956e+07,0,0,0,0,80.8192,79.791,5.70182,0,0,1.46918,1.46918,0,1.13501,2.54016,8.54316e+06,3.7602e+06,1.25515e+07,0,0,0,7.35807e+07
75.272,85.139,7.06244,0.06,1,3.23451,3.23451,0,0.606103,4.47552,4.11084e+06,2.81318e+06,1.32965e+07,0,0,0,0,80.8192,79.791,7.6657,0,0,1.46929,1.46929,0,1.13509,2.54016,8.54316e+06,3.7602e+06,1.25524e+07,0,0,0,7.35807e+07
77.4407,85.139,6.15587,0.07,1,3.35293,3.35293,0,0.606147,4.47552,4.11084e+06,2.81318e+06,1.37834e+07,0,0,0,0,80.8192,79.791,8.09674,0,0,1.5285,1.5285,0,1.13517,2.54016,8.54316e+06,3.7602e+06,1.30582e+07,0,0,0,7.35807e+07
79.2675,85.139,5.91429,0.01,1,3.35318,3.35318,0,0.62834,4.47552,4.11084e+06,2.81318e+06,1.37844e+07,0,0,0,0,80.8192,79.791,8.32917,0,0,1.52861,1.52861,0,1.18092,2.54016,8.54316e+06,3.7602e+06,1.30591e+07,0,0,0,7.35807e+07
80.5572,85.139,5.29909,0.01,1,3.35342,3.35342,0,0.628386,4.47552,4.11084e+06,2.81318e+06,1.37854e+07,0,0,0,0,80.8192,79.791,8.10187,0,0,1.52872,1.52872,0,1.181,2.54016,8.54316e+06,3.7602e+06,1.30601e+07,0,0,0,7.35807e+07
81.1744,85.139,4.4432,0.01,1,3.35366,3.35366,0,0.628431,4.47552,4.11084e+06,2.81318e+06,1.37864e+07,0,0,0,0,80.8192,79.791,6.45783,0,0,1.52883,1.52883,0,1.18109,2.54016,8.54316e+06,3.7602e+06,1.3061e+07,0,0,0,7.35807e+07
81.8687,85.139,4.46506,0,1,3.30768,3.30768,0,0.628477,4.47552,4.11084e+06,2.81318e+06,1.35974e+07,0,0,0,0,80.8192,79.791,4.44797,0,0,1.50598,1.50598,0,1.18117,2.54016,8.54316e+06,3.7602e+06,1.28658e+07,0,0,0,7.35807e+07
82.2683,85.139,4.08934,0,1,3.30792,3.30792,0,0.61986,4.47552,4.11084e+06,2.81318e+06,1.35983e+07,0,0,0,0,80.8192,79.791,4.10989,0,0,1.50609,1.50609,0,1.16352,2.54016,8.54316e+06,3.7602e+06,1.28668e+07,0,0,0,7.35807e+07
82.4674,85.139,3.87233,0,1,3.30816,3.30816,0,0.619905,4.47552,4.11084e+06,2.81318e+06,1.35993e+07,0,0,0,0,80.8192,79.791,3.94736,0,0,1.5062,1.5062,0,1.16361,2.54016,8.54316e+06,3.7602e+06,1.28677e+07,0,0,0,7.35807e+07
82.4412,85.139,3.62762,0,1,3.3084,3.3084,0,0.61995,4.47552,4.11084e+06,2.81318e+06,1.36003e+07,0,0,0,0,80.8192,79.791,4.67343,0,0,1.50631,1.50631,0,1.16369,2.54016,8.54316e+06,3.7602e+06,1.28686e+07,0,0,0,7.35807e+07
82.0326,85.139,3.35415,0.01,1,3.4656,3.4656,0,0.619995,4.47552,4.11084e+06,2.81318e+06,1.42465e+07,0,0,0,0,80.8192,79.791,3.85088,0,0,1.58786,1.58786,0,1.16377,2.54016,8.54316e+06,3.7602e+06,1.35654e+07,0,0,0,7.35807e+07
81.332,85.139,2.97651,0.01,1,3.46585,3.46585,0,0.649453,4.47552,4.11084e+06,2.81318e+06,1.42475e+07,0,0,0,0,80.8192,79.791,3.30757,0,0,1.58798,1.58798,0,1.22678,2.54016,8.54316e+06,3.7602e+06,1.35664e+07,0,0,0,7.35807e+07
80.6032,85.139,2.93675,0.01,1,3.4661,3.4661,0,0.6495,4.47552,4.11084e+06,2.81318e+06,1.42486e+07,0,0,0,0,80.8192,79.791,3.35583,0,0,1.58809,1.58809,0,1.22687,2.54016,8.54316e+06,3.7602e+06,1.35673e+07,0,0,0,7.35807e+07
79.7077,85.139,2.75072,0.01,1,3.46635,3.46635,0,0.649547,4.47552,4.11084e+06,2.81318e+06,1.42496e+07,0,0,0,0,80.8192,79.791,3.20271,0,0,1.58821,1.58821,0,1.22696,2.54016,8.54316e+06,3.7602e+06,1.35683e+07,0,0,0,7.35807e+07
78.7083,85.139,2.62011,0.01,1,3.4666,3.4666,0,0.649594,4.47552,4.11084e+06,2.81318e+06,1.42507e+07,0,0,0,0,80.7715,79.791,2.86924,0,0,1.58832,1.58832,0,1.22705,2.54016,8.54316e+06,3.7602e+06,1.35693e+07,0,0,0,7.35807e+07
77.8769,85.139,2.69208,0.01,1,3.4358,3.4358,0,0.649641,4.47552,4.11084e+06,2.81318e+06,1.4124e+07,0,0,0,0,80.6197,79.791,2.05448,0,0,1.63322,1.63322,0,1.22714,2.54016,8.54316e+06,3.7602e+06,1.39529e+07,0,0,0,7.35807e+07
76.8587,85.139,2.48352,0.02,1,3.43605,3.43605,0,0.64387,4.47552,4.11084e+06,2.81318e+06,1.41251e+07,0,0,0,0,80.5427,79.791,2.00685,0,0,1.63334,1.63334,0,1.26183,2.54016,8.54316e+06,3.7602e+06,1.39539e+07,0,0,0,7.35807e+07
75.6971,85.139,2.32048,0.02,1,3.4363,3.4363,0,0.643917,4.47552,4.11084e+06,2.81318e+06,1.41261e+07,0,0,0,0,80.419,79.791,2.06104,0,0,1.63346,1.63346,0,1.26192,2.54016,8.54316e+06,3.7602e+06,1.39549e+07,0,0,0,7.35807e+07
74.4902,85.139,2.25256,0.03,1,3.43655,3.43655,0,0.643963,4.47552,4.11084e+06,2.81318e+06,1.41271e+07,0,0,0,0,80.0145,79.791,1.96843,0,0,1.63358,1.63358,0,1.26201,2.54016,8.54316e+06,3.7602e+06,1.39559e+07,0,0,0,7.35807e+07
73.0162,85.139,2.00119,0.03,1,3.51701,3.51701,0,0.64401,4.47552,4.11084e+06,2.81318e+06,1.44579e+07,0,0,0,0,79.631,79.791,1.62283,0,0,1.67361,1.67361,0,1.2621,2.54016,8.54316e+06,3.7602e+06,1.4298e+07,0,0,0,7.35807e+07
71.584,85.139,2.05573,0.03,1,3.51727,3.51727,0,0.659088,4.47552,4.11084e+06,2.81318e+06,1.44589e+07,0,0,0,0,79.1884,79.791,1.75149,0,0,1.67374,1.67374,0,1.29303,2.54016,8.54316e+06,3.7602e+06,1.4299e+07,0,0,0,7.35807e+07
70.0364,85.139,1.89698,0.03,1,3.51752,3.51752,0,0.659136,4.47552,4.11084e+06,2.81318e+06,1.446e+07,0,0,0,0,78.5534,79.791,1.67228,0,0,1.67386,1.67386,0,1.29313,2.54016,8.54316e+06,3.7602e+06,1.43e+07,0,0,0,7.35807e+07
68.3425,85.139,1.72661,0.04,1,3.51778,3.51778,0,0.659184,4.47552,4.11084e+06,2.81318e+06,1.4461e+07,0,0,0,0,78.1242,79.791,1.45841,0,0,1.67398,1.67398,0,1.29322,2.54016,8.54316e+06,3.7602e+06,1.43011e+07,0,0,0,7.35807e+07
66.572,85.139,1.80969,0.04,1,3.75299,3.75299,0,0.659231,4.47552,4.11084e+06,2.81318e+06,1.54279e+07,0,0,0,0,77.3457,79.791,1.71512,0,0,1.81823,1.81823,0,1.29332,2.54016,8.54316e+06,3.7602e+06,1.55335e+07,0,0,0,7.35807e+07
64.8034,85.139,1.79624,0.06,1,3.75326,3.75326,0,0.70331,4.47552,4.11084e+06,2.81318e+06,1.5429e+07,0,0,0,0,76.3238,79.791,1.41361,0,0,1.81837,1.81837,0,1.40477,2.54016,8.54316e+06,3.7602e+06,1.55346e+07,0,0,0,7.35807e+07
62.6984,85.139,1.44185,0.06,1,3.75353,3.75353,0,0.703361,4.47552,4.11084e+06,2.81318e+06,1.54302e+07,0,0,0,0,75.8119,79.791,1.02492,0,0,1.8185,1.8185,0,1.40487,2.54016,8.54316e+06,3.7602e+06,1.55357e+07,0,0,0,7.35807e+07
60.9407,85.139,1.75157,0.06,1,3.7538,3.7538,0,0.703412,4.47552,4.11084e+06,2.81318e+06,1.54313e+07,0,0,0,0,74.9834,79.791,1.77367,0,0,1.81863,1.81863,0,1.40497,2.54016,8.54316e+06,3.7602e+06,1.55368e+07,0,0,0,7.35807e+07
58.8586,85.139,1.39244,0.07,1,3.75408,3.75408,0,0.703463,4.47552,4.11084e+06,2.81318e+06,1.54324e+07,0,0,0,0,74.4102,79.791,1.24867,0,0,1.81876,1.81876,0,1.40507,2.54016,8.54316e+06,3.7602e+06,1.5538e+07,0,0,0,7.35807e+07
57.4391,85.139,1.97283,0.15,1,3.6398,3.6398,0,0.703514,4.47552,4.11084e+06,2.81318e+06,1.49626e+07,0,0,0,0,74.0296,79.791,1.63808,0,0,1.73138,1.73138,0,1.40517,2.54016,8.54316e+06,3.7602e+06,1.47914e+07,0,0,0,7.35807e+07
56.2204,85.139,2.20621,0.14,1,3.64006,3.64006,0,0.682099,4.47552,4.11084e+06,2.81318e+06,1.49637e+07,0,0,0,0,73.8319,79.791,2.18298,0,0,1.7315,1.7315,0,1.33766,2.54016,8.54316e+06,3.7602e+06,1.47925e+07,0,0,0,7.35807e+07
54.8882,85.139,2.09851,0.11,1,3.64033,3.64033,0,0.682148,4.47552,4.11084e+06,2.81318e+06,1.49648e+07,0,0,0,0,73.6443,79.791,2.15255,0,0,1.73163,1.73163,0,1.33776,2.54016,8.54316e+06,3.7602e+06,1.47936e+07,0,0,0,7.35807e+07
53.8152,85.139,2.41504,0.11,1,3.64059,3.64059,0,0.682198,4.47552,4.11084e+06,2.81318e+06,1.49659e+07,0,0,0,0,73.6191,79.791,2.61371,0,0,1.73176,1.73176,0,1.33786,2.54016,8.54316e+06,3.7602e+06,1.47947e+07,0,0,0,7.35807e+07
53.0088,85.139,2.73802,0.1,1,3.54681,3.54681,0,0.682247,4.47552,4.11084e+06,2.81318e+06,1.45803e+07,0,0,0,0,73.93,79.791,3.01852,0,0,1.6522,1.6522,0,1.33795,2.54016,8.54316e+06,3.7602e+06,1.4115e+07,0,0,0,7.35807e+07
52.1195,85.139,2.55509,0.1,1,3.54706,3.54706,0,0.664671,4.47552,4.11084e+06,2.81318e+06,1.45814e+07,0,0,0,0,74.4803,79.791,3.7855,0,0,1.65232,1.65232,0,1.27649,2.54016,8.54316e+06,3.7602e+06,1.4116e+07,0,0,0,7.35807e+07
51.3294,85.139,2.67396,0.1,1,3.54732,3.54732,0,0.66472,4.47552,4.11084e+06,2.81318e+06,1.45825e+07,0,0,0,0,74.996,79.791,3.58777,0,0,1.65244,1.65244,0,1.27658,2.54016,8.54316e+06,3.7602e+06,1.4117e+07,0,0,0,7.35807e+07
50.8668,85.139,3.03418,0.09,1,3.54758,3.54758,0,0.664768,4.47552,4.11084e+06,2.81318e+06,1.45835e+07,0,0,0,0,75.6167,79.791,3.90866,0,0,1.65256,1.65256,0,1.27667,2.54016,8.54316e+06,3.7602e+06,1.41181e+07,0,0,0,7.35807e+07
52.4306,85.139,5.01704,0.13,1,3.28064,3.28064,0,0.664816,4.47552,4.11084e+06,2.81318e+06,1.34862e+07,0,0,0,0,76.5907,79.791,4.48827,0,0,1.48667,1.48667,0,1.27677,2.54016,8.54316e+06,3.7602e+06,1.27009e+07,0,0,0,7.35807e+07
51.934,85.139,2.73834,0.09,1,3.28088,3.28088,0,0.614792,4.47552,4.11084e+06,2.81318e+06,1.34872e+07,0,0,0,0,77.0011,79.791,3.19344,0,0,1.48678,1.48678,0,1.1486,2.54016,8.54316e+06,3.7602e+06,1.27018e+07,0,0,0,7.35807e+07
51.7222,85.139,3.06902,0.09,1,3.28112,3.28112,0,0.614837,4.47552,4.11084e+06,2.81318e+06,1.34882e+07,0,0,0,0,78.157,79.791,4.96898,0,0,1.48689,1.48689,0,1.14869,2.54016,8.54316e+06,3.7602e+06,1.27027e+07,0,0,0,7.35807e+07
51.8515,85.139,3.51523,0.09,1,3.28136,3.28136,0,0.614882,4.47552,4.11084e+06,2.81318e+06,1.34891e+07,0,0,0,0,79.2611,79.791,5.83839,0,0,1.487,1.487,0,1.14877,2.54016,8.54316e+06,3.7602e+06,1.27036e+07,0,0,0,7.35807e+07
51.8553,85.139,3.29957,0.12,1,3.2816,3.2816,0,0.614926,4.47552,4.11084e+06,2.81318e+06,1.34901e+07,0,0,0,0,80.5214,79.791,5.55069,0,0,1.4871,1.4871,0,1.14885,2.54016,8.54316e+06,3.7602e+06,1.27046e+07,0,0,0,7.35807e+07
55.7312,85.139,7.49814,0.13,1,3.38463,3.38463,0,0.614971,4.47552,4.11084e+06,2.81318e+06,1.39137e+07,0,0,0,0,80.8192,79.791,6.96912,0,0,1.53529,1.53529,0,1.14894,2.54016,8.54316e+06,3.7602e+06,1.31163e+07,0,0,0,7.35807e+07
57.5026,85.139,5.32929,0.14,1,3.38485,3.38485,0,0.63428,4.47552,4.11084e+06,2.81318e+06,1.39146e+07,0,0,0,0,80.8192,79.791,6.23443,0,0,1.53539,1.53539,0,1.18617,2.54016,8.54316e+06,3.7602e+06,1.31171e+07,0,0,0,7.35807e+07
59.6099,85.139,5.71547,0.14,1,3.38507,3.38507,0,0.634321,4.47552,4.11084e+06,2.81318e+06,1.39155e+07,0,0,0,0,80.8192,79.791,6.15943,0,0,1.53549,1.53549,0,1.18624,2.54016,8.54316e+06,3.7602e+06,1.31179e+07,0,0,0,7.35807e+07
61.6338,85.139,5.66082,0.09,1,3.38529,3.38529,0,0.634362,4.47552,4.11084e+06,2.81318e+06,1.39164e+07,0,0,0,0,80.8192,79.791,6.30261,0,0,1.53559,1.53559,0,1.18632,2.54016,8.54316e+06,3.7602e+06,1.31188e+07,0,0,0,7.35807e+07
62.638,85.139,4.87737,0.11,1,3.71572,3.71572,0,0.634403,4.47552,4.11084e+06,2.81318e+06,1.52747e+07,0,0,0,0,80.8192,79.791,7.88966,0,0,1.71625,1.71625,0,1.1864,2.54016,8.54316e+06,3.7602e+06,1.46622e+07,0,0,0,7.35807e+07
65.7628,85.139,7.22979,0.09,1,3.71596,3.71596,0,0.696326,4.47552,4.11084e+06,2.81318e+06,1.52757e+07,0,0,0,0,80.8192,79.791,6.8605,0,0,1.71636,1.71636,0,1.32598,2.54016,8.54316e+06,3.7602e+06,1.46632e+07,0,0,0,7.35807e+07
70.1712,85.139,8.52671,0.11,1,3.7162,3.7162,0,0.69637,4.47552,4.11084e+06,2.81318e+06,1.52767e+07,0,0,0,0,80.8192,79.791,8.92628,0,0,1.71647,1.71647,0,1.32606,2.54016,8.54316e+06,3.7602e+06,1.46641e+07,0,0,0,7.35807e+07
73.3015,85.139,7.46828,0.05,1,3.71644,3.71644,0,0.696415,4.47552,4.11084e+06,2.81318e+06,1.52777e+07,0,0,0,0,80.8192,79.791,5.80261,0,0,1.71658,1.71658,0,1.32615,2.54016,8.54316e+06,3.7602e+06,1.46651e+07,0,0,0,7.35807e+07
76.8535,85.139,7.30885,0.06,1,3.24556,3.24556,0,0.69646,4.47552,4.11084e+06,2.81318e+06,1.3342e+07,0,0,0,0,80.8192,79.791,7.34476,0,0,1.47431,1.47431,0,1.32623,2.54016,8.54316e+06,3.7602e+06,1.25953e+07,0,0,0,7.35807e+07
80.7087,85.139,7.64454,0.01,1,3.24577,3.24577,0,0.608219,4.47552,4.11084e+06,2.81318e+06,1.33429e+07,0,0,0,0,80.8192,79.791,8.83513,0,0,1.47441,1.47441,0,1.13905,2.54016,8.54316e+06,3.7602e+06,1.25961e+07,0,0,0,7.35807e+07
82.3665,85.139,5.48751,0.01,1,3.24598,3.24598,0,0.608258,4.47552,4.11084e+06,2.81318e+06,1.33437e+07,0,0,0,0,80.8192,79.791,7.03159,0,0,1.4745,1.4745,0,1.13913,2.54016,8.54316e+06,3.7602e+06,1.25969e+07,0,0,0,7.35807e+07
83.5317,85.139,4.89902,0.01,1,3.24619,3.24619,0,0.608297,4.47552,4.11084e+06,2.81318e+06,1.33446e+07,0,0,0,0,80.8192,79.791,5.2494,0,0,1.4746,1.4746,0,1.1392,2.54016,8.54316e+06,3.7602e+06,1.25977e+07,0,0,0,7.35807e+07
84.975,85.139,5.17153,0.01,1,3.2464,3.2464,0,0.608336,4.47552,4.11084e+06,2.81318e+06,1.33454e+07,0,0,0,0,80.8192,79.791,6.77982,0,0,1.47469,1.47469,0,1.13927,2.54016,8.54316e+06,3.7602e+06,1.25985e+07,0,0,0,7.35807e+07
85.139,85.139,9.33078,0.01,1,3.36523,3.36523,0,0.608376,4.47552,4.11084e+06,2.81318e+06,1.38339e+07,0,0,0,0,80.8192,79.791,12.0203,0,0,1.5341,1.5341,0,1.13935,2.54016,8.54316e+06,3.7602e+06,1.31061e+07,0,0,0,7.35807e+07
85.139,85.139,6.57578,0,1,3.36545,3.36545,0,0.630645,4.47552,4.11084e+06,2.81318e+06,1.38348e+07,0,0,0,0,80.8192,79.791,7.98946,0,0,1.5342,1.5342,0,1.18525,2.54016,8.54316e+06,3.7602e+06,1.31069e+07,0,0,0,7.35807e+07
85.139,85.139,5.87707,0,1,3.36567,3.36567,0,0.630686,4.47552,4.11084e+06,2.81318e+06,1.38357e+07,0,0,0,0,80.8192,79.791,6.8934,0,0,1.5343,1.5343,0,1.18532,2.54016,8.54316e+06,3.7602e+06,1.31078e+07,0,0,0,7.35807e+07
85.139,85.139,5.42442,0,1,3.36588,3.36588,0,0.630726,4.47552,4.11084e+06,2.81318e+06,1.38366e+07,0,0,0,0,80.8192,79.791,7.74925,0,0,1.5344,1.5344,0,1.1854,2.54016,8.54316e+06,3.7602e+06,1.31086e+07,0,0,0,7.35807e+07
85.139,85.139,5.76775,0,1,3.31971,3.31971,0,0.630767,4.47552,4.11084e+06,2.81318e+06,1.36468e+07,0,0,0,0,80.8192,79.791,7.70598,0,0,1.51146,1.51146,0,1.18548,2.54016,8.54316e+06,3.7602e+06,1.29126e+07,0,0,0,7.35807e+07
85.139,85.139,5.07414,0,1,3.31992,3.31992,0,0.622113,4.47552,4.11084e+06,2.81318e+06,1.36477e+07,0,0,0,0,80.8192,79.791,6.74483,0,0,1.51155,1.51155,0,1.16775,2.54016,8.54316e+06,3.7602e+06,1.29134e+07,0,0,0,7.35807e+07
85.139,85.139,4.43848,0,1,3.32014,3.32014,0,0.622153,4.47552,4.11084e+06,2.81318e+06,1.36485e+07,0,0,0,0,80.8192,79.791,5.60045,0,0,1.51165,1.51165,0,1.16783,2.54016,8.54316e+06,3.7602e+06,1.29143e+07,0,0,0,7.35807e+07
85.139,85.139,4.01725,0,1,3.32035,3.32035,0,0.622194,4.47552,4.11084e+06,2.81318e+06,1.36494e+07,0,0,0,0,80.8192,79.791,5.06163,0,0,1.51175,1.51175,0,1.1679,2.54016,8.54316e+06,3.7602e+06,1.29151e+07,0,0,0,7.35807e+07
85.139,85.139,3.69484,0,1,3.47808,3.47808,0,0.622234,4.47552,4.11084e+06,2.81318e+06,1.42978e+07,0,0,0,0,80.8192,79.791,5.10012,0,0,1.59358,1.59358,0,1.16798,2.54016,8.54316e+06,3.7602e+06,1.36142e+07,0,0,0,7.35807e+07
85.139,85.139,3.83504,0,1,3.47831,3.47831,0,0.651793,4.47552,4.11084e+06,2.81318e+06,1.42988e+07,0,0,0,0,80.8192,79.791,5.65464,0,0,1.59369,1.59369,0,1.2312,2.54016,8.54316e+06,3.7602e+06,1.36151e+07,0,0,0,7.35807e+07
85.0131,85.139,3.57108,0,1,3.47853,3.47853,0,0.651835,4.47552,4.11084e+06,2.81318e+06,1.42997e+07,0,0,0,0,80.8192,79.791,5.06914,0,0,1.59379,1.59379,0,1.23128,2.54016,8.54316e+06,3.7602e+06,1.3616e+07,0,0,0,7.35807e+07
84.7633,85.139,3.36604,0.01,1,3.47875,3.47875,0,0.651877,4.47552,4.11084e+06,2.81318e+06,1.43006e+07,0,0,0,0,80.8192,79.791,4.67899,0,0,1.59389,1.59389,0,1.23136,2.54016,8.54316e+06,3.7602e+06,1.36169e+07,0,0,0,7.35807e+07
84.283,85.139,3.11689,0.01,1,3.47898,3.47898,0,0.651919,4.47552,4.11084e+06,2.81318e+06,1.43015e+07,0,0,0,0,80.8192,79.791,4.42861,0,0,1.59399,1.59399,0,1.23144,2.54016,8.54316e+06,3.7602e+06,1.36178e+07,0,0,0,7.35807e+07
84.213,85.139,3.52044,0.02,1,3.44804,3.44804,0,0.651961,4.47552,4.11084e+06,2.81318e+06,1.41743e+07,0,0,0,0,80.8192,79.791,3.70312,0,0,1.63904,1.63904,0,1.23152,2.54016,8.54316e+06,3.7602e+06,1.40026e+07,0,0,0,7.35807e+07
83.996,85.139,3.34784,0.02,1,3.44826,3.44826,0,0.646163,4.47552,4.11084e+06,2.81318e+06,1.41753e+07,0,0,0,0,80.8192,79.791,3.63631,0,0,1.63914,1.63914,0,1.26632,2.54016,8.54316e+06,3.7602e+06,1.40035e+07,0,0,0,7.35807e+07
83.3726,85.139,2.90926,0.02,1,3.44849,3.44849,0,0.646205,4.47552,4.11084e+06,2.81318e+06,1.41762e+07,0,0,0,0,80.8192,79.791,3.41368,0,0,1.63925,1.63925,0,1.2664,2.54016,8.54316e+06,3.7602e+06,1.40044e+07,0,0,0,7.35807e+07
82.6995,85.139,2.84289,0.02,1,3.44871,3.44871,0,0.646246,4.47552,4.11084e+06,2.81318e+06,1.41771e+07,0,0,0,0,80.8192,79.791,3.51916,0,0,1.63935,1.63935,0,1.26648,2.54016,8.54316e+06,3.7602e+06,1.40053e+07,0,0,0,7.35807e+07
81.7803,85.139,2.63385,0.02,1,3.52942,3.52942,0,0.646288,4.47552,4.11084e+06,2.81318e+06,1.45089e+07,0,0,0,0,80.8192,79.791,3.11793,0,0,1.67952,1.67952,0,1.26656,2.54016,8.54316e+06,3.7602e+06,1.43484e+07,0,0,0,7.35807e+07
81.2593,85.139,3.06263,0.03,1,3.52965,3.52965,0,0.661414,4.47552,4.11084e+06,2.81318e+06,1.45098e+07,0,0,0,0,80.8192,79.791,3.72256,0,0,1.67963,1.67963,0,1.2976,2.54016,8.54316e+06,3.7602e+06,1.43493e+07,0,0,0,7.35807e+07
80.4834,85.139,2.76842,0.03,1,3.52988,3.52988,0,0.661456,4.47552,4.11084e+06,2.81318e+06,1.45108e+07,0,0,0,0,80.8192,79.791,3.54544,0,0,1.67974,1.67974,0,1.29768,2.54016,8.54316e+06,3.7602e+06,1.43503e+07,0,0,0,7.35807e+07
79.4759,85.139,2.52123,0.03,1,3.5301,3.5301,0,0.661499,4.47552,4.11084e+06,2.81318e+06,1.45117e+07,0,0,0,0,80.8192,79.791,3.0892,0,0,1.67984,1.67984,0,1.29776,2.54016,8.54316e+06,3.7602e+06,1.43512e+07,0,0,0,7.35807e+07
78.5064,85.139,2.74729,0.03,1,3.76611,3.76611,0,0.661542,4.47552,4.11084e+06,2.81318e+06,1.54819e+07,0,0,0,0,80.8192,79.791,3.70414,0,0,1.82459,1.82459,0,1.29785,2.54016,8.54316e+06,3.7602e+06,1.55878e+07,0,0,0,7.35807e+07
77.5802,85.139,2.79759,0.03,1,3.76635,3.76635,0,0.705769,4.47552,4.11084e+06,2.81318e+06,1.54829e+07,0,0,0,0,80.6933,79.791,2.73086,0,0,1.82471,1.82471,0,1.40968,2.54016,8.54316e+06,3.7602e+06,1.55888e+07,0,0,0,7.35807e+07
76.9198,85.139,3.09812,0.03,1,3.76659,3.76659,0,0.705814,4.47552,4.11084e+06,2.81318e+06,1.54839e+07,0,0,0,0,80.7578,79.791,3.36071,0,0,1.82482,1.82482,0,1.40977,2.54016,8.54316e+06,3.7602e+06,1.55898e+07,0,0,0,7.35807e+07
75.693,85.139,2.52197,0.03,1,3.76684,3.76684,0,0.705859,4.47552,4.11084e+06,2.81318e+06,1.54849e+07,0,0,0,0,80.5457,79.791,2.38249,0,0,1.82494,1.82494,0,1.40986,2.54016,8.54316e+06,3.7602e+06,1.55908e+07,0,0,0,7.35807e+07
75.0501,85.139,3.07909,0.04,1,3.76708,3.76708,0,0.705905,4.47552,4.11084e+06,2.81318e+06,1.54859e+07,0,0,0,0,80.8192,79.791,4.32311,0,0,1.82506,1.82506,0,1.40995,2.54016,8.54316e+06,3.7602e+06,1.55918e+07,0,0,0,7.35807e+07
74.2247,85.139,2.74956,0.05,1,3.65238,3.65238,0,0.70595,4.47552,4.11084e+06,2.81318e+06,1.50143e+07,0,0,0,0,80.8135,79.791,2.69693,0,0,1.73736,1.73736,0,1.41004,2.54016,8.54316e+06,3.7602e+06,1.48426e+07,0,0,0,7.35807e+07
73.3518,85.139,2.78509,0.06,1,3.65261,3.65261,0,0.684455,4.47552,4.11084e+06,2.81318e+06,1.50153e+07,0,0,0,0,80.8192,79.791,3.17003,0,0,1.73747,1.73747,0,1.34228,2.54016,8.54316e+06,3.7602e+06,1.48435e+07,0,0,0,7.35807e+07
72.6976,85.139,3.01846,0.06,1,3.65285,3.65285,0,0.684499,4.47552,4.11084e+06,2.81318e+06,1.50163e+07,0,0,0,0,80.8192,79.791,3.48234,0,0,1.73758,1.73758,0,1.34237,2.54016,8.54316e+06,3.7602e+06,1.48445e+07,0,0,0,7.35807e+07
72.1019,85.139,3.12696,0.06,1,3.65308,3.65308,0,0.684543,4.47552,4.11084e+06,2.81318e+06,1.50172e+07,0,0,0,0,80.8192,79.791,3.6631,0,0,1.7377,1.7377,0,1.34246,2.54016,8.54316e+06,3.7602e+06,1.48454e+07,0,0,0,7.35807e+07
71.8499,85.139,3.50237,0.05,1,3.55894,3.55894,0,0.684587,4.47552,4.11084e+06,2.81318e+06,1.46302e+07,0,0,0,0,80.8192,79.791,7.89868,0,0,1.65785,1.65785,0,1.34254,2.54016,8.54316e+06,3.7602e+06,1.41633e+07,0,0,0,7.35807e+07
74.695,85.139,6.70441,0.04,1,3.55917,3.55917,0,0.666946,4.47552,4.11084e+06,2.81318e+06,1.46312e+07,0,0,0,0,80.8192,79.791,8.08319,0,0,1.65796,1.65796,0,1.28086,2.54016,8.54316e+06,3.7602e+06,1.41642e+07,0,0,0,7.35807e+07
75.5639,85.139,4.91732,0.04,1,3.5594,3.5594,0,0.666989,4.47552,4.11084e+06,2.81318e+06,1.46321e+07,0,0,0,0,80.8192,79.791,3.92492,0,0,1.65807,1.65807,0,1.28094,2.54016,8.54316e+06,3.7602e+06,1.41651e+07,0,0,0,7.35807e+07
79.0717,85.139,7.6498,0.05,1,3.55963,3.55963,0,0.667032,4.47552,4.11084e+06,2.81318e+06,1.46331e+07,0,0,0,0,80.8192,79.791,5.45217,0,0,1.65817,1.65817,0,1.28102,2.54016,8.54316e+06,3.7602e+06,1.4166e+07,0,0,0,7.35807e+07
82.0258,85.139,6.91228,0.03,1,3.29176,3.29176,0,0.667075,4.47552,4.11084e+06,2.81318e+06,1.35319e+07,0,0,0,0,80.8192,79.791,5.56931,0,0,1.49171,1.49171,0,1.2811,2.54016,8.54316e+06,3.7602e+06,1.27439e+07,0,0,0,7.35807e+07
85.139,85.139,12.7457,0.04,1,3.29197,3.29197,0,0.616876,4.47552,4.11084e+06,2.81318e+06,1.35328e+07,0,0,0,0,80.8192,79.791,8.39322,0,0,1.49181,1.49181,0,1.1525,2.54016,8.54316e+06,3.7602e+06,1.27447e+07,0,0,0,7.35807e+07
85.139,85.139,9.32547,0.01,1,3.29219,3.29219,0,0.616916,4.47552,4.11084e+06,2.81318e+06,1.35336e+07,0,0,0,0,80.8192,79.791,6.25754,0,0,1.4919,1.4919,0,1.15257,2.54016,8.54316e+06,3.7602e+06,1.27456e+07,0,0,0,7.35807e+07
85.139,85.139,11.6469,0.01,1,3.2924,3.2924,0,0.616956,4.47552,4.11084e+06,2.81318e+06,1.35345e+07,0,0,0,0,80.8192,79.791,7.89947,0,0,1.492,1.492,0,1.15264,2.54016,8.54316e+06,3.7602e+06,1.27464e+07,0,0,0,7.35807e+07
85.139,85.139,11.9639,0.01,1,3.29261,3.29261,0,0.616995,4.47552,4.11084e+06,2.81318e+06,1.35354e+07,0,0,0,0,80.8192,79.791,10.6631,0,0,1.49209,1.49209,0,1.15272,2.54016,8.54316e+06,3.7602e+06,1.27472e+07,0,0,0,7.35807e+07
85.139,85.139,10.0364,0.01,1,3.29261,3.29261,0,0.617035,4.47552,4.11084e+06,2.81318e+06,1.35354e+07,0,0,0,0,80.8192,79.791,7.30638,0,0,1.49209,1.49209,0,1.15279,2.54016,8.54316e+06,3.7602e+06,1.27472e+07,0,0,0,7.35807e+07
85.139,85.139,11.0839,0.01,1,3.39596,3.39596,0,0.617035,4.47552,4.11084e+06,2.81318e+06,1.39603e+07,0,0,0,0,80.8192,79.791,7.61671,0,0,1.54043,1.54043,0,1.15279,2.54016,8.54316e+06,3.7602e+06,1.31602e+07,0,0,0,7.35807e+07
85.139,85.139,7.57623,0.01,1,3.39616,3.39616,0,0.636404,4.47552,4.11084e+06,2.81318e+06,1.39611e+07,0,0,0,0,80.8192,79.791,4.73027,0,0,1.54052,1.54052,0,1.19014,2.54016,8.54316e+06,3.7602e+06,1.31609e+07,0,0,0,7.35807e+07
85.139,85.139,7.09849,0.01,1,3.39635,3.39635,0,0.63644,4.47552,4.11084e+06,2.81318e+06,1.39618e+07,0,0,0,0,80.8192,79.791,3.46166,0,0,1.54061,1.54061,0,1.19021,2.54016,8.54316e+06,3.7602e+06,1.31617e+07,0,0,0,7.35807e+07
85.139,85.139,5.85357,0.01,1,3.39654,3.39654,0,0.636475,4.47552,4.11084e+06,2.81318e+06,1.39626e+07,0,0,0,0,80.8192,79.791,3.0597,0,0,1.54069,1.54069,0,1.19027,2.54016,8.54316e+06,3.7602e+06,1.31624e+07,0,0,0,7.35807e+07
85.139,85.139,5.76856,0.01,1,3.72804,3.72804,0,0.636511,4.47552,4.11084e+06,2.81318e+06,1.53254e+07,0,0,0,0,80.8192,79.791,3.70931,0,0,1.72194,1.72194,0,1.19034,2.54016,8.54316e+06,3.7602e+06,1.47108e+07,0,0,0,7.35807e+07
85.139,85.139,6.79225,0.01,1,3.72825,3.72825,0,0.698634,4.47552,4.11084e+06,2.81318e+06,1.53262e+07,0,0,0,0,80.8192,79.791,3.71367,0,0,1.72204,1.72204,0,1.33037,2.54016,8.54316e+06,3.7602e+06,1.47117e+07,0,0,0,7.35807e+07
85.139,85.139,7.17999,0.01,1,3.72846,3.72846,0,0.698674,4.47552,4.11084e+06,2.81318e+06,1.53271e+07,0,0,0,0,80.8192,79.791,4.00174,0,0,1.72214,1.72214,0,1.33045,2.54016,8.54316e+06,3.7602e+06,1.47125e+07,0,0,0,7.35807e+07
85.139,85.139,6.07505,0.01,1,3.72867,3.72867,0,0.698713,4.47552,4.11084e+06,2.81318e+06,1.5328e+07,0,0,0,0,80.8192,79.791,3.7226,0,0,1.72223,1.72223,0,1.33052,2.54016,8.54316e+06,3.7602e+06,1.47133e+07,0,0,0,7.35807e+07
85.139,85.139,4.7116,0.01,1,3.25622,3.25622,0,0.698753,4.47552,4.11084e+06,2.81318e+06,1.33858e+07,0,0,0,0,80.8192,79.791,3.92225,0,0,1.47915,1.47915,0,1.3306,2.54016,8.54316e+06,3.7602e+06,1.26367e+07,0,0,0,7.35807e+07
85.139,85.139,4.45119,0.01,1,3.2564,3.2564,0,0.610216,4.47552,4.11084e+06,2.81318e+06,1.33866e+07,0,0,0,0,80.8192,79.791,3.36182,0,0,1.47924,1.47924,0,1.14279,2.54016,8.54316e+06,3.7602e+06,1.26374e+07,0,0,0,7.35807e+07
85.139,85.139,3.81986,0.01,1,3.25659,3.25659,0,0.61025,4.47552,4.11084e+06,2.81318e+06,1.33873e+07,0,0,0,0,80.8192,79.791,3.6496,0,0,1.47932,1.47932,0,1.14286,2.54016,8.54316e+06,3.7602e+06,1.26381e+07,0,0,0,7.35807e+07
84.7269,85.139,3.24034,0,1,3.25677,3.25677,0,0.610284,4.47552,4.11084e+06,2.81318e+06,1.33881e+07,0,0,0,0,80.8192,79.791,4.16407,0,0,1.4794,1.4794,0,1.14292,2.54016,8.54316e+06,3.7602e+06,1.26388e+07,0,0,0,7.35807e+07
85.0543,85.139,4.01375,0.02,1,3.25695,3.25695,0,0.610319,4.47552,4.11084e+06,2.81318e+06,1.33888e+07,0,0,0,0,80.8192,79.791,2.99069,0,0,1.47949,1.47949,0,1.14299,2.54016,8.54316e+06,3.7602e+06,1.26395e+07,0,0,0,7.35807e+07
85.0447,85.139,3.73683,0.01,1,3.37615,3.37615,0,0.610353,4.47552,4.11084e+06,2.81318e+06,1.38788e+07,0,0,0,0,80.8192,79.791,2.65267,0,0,1.53908,1.53908,0,1.14305,2.54016,8.54316e+06,3.7602e+06,1.31486e+07,0,0,0,7.35807e+07
84.9091,85.139,3.64193,0.01,1,3.37634,3.37634,0,0.63269,4.47552,4.11084e+06,2.81318e+06,1.38796e+07,0,0,0,0,80.8192,79.791,2.45889,0,0,1.53916,1.53916,0,1.18909,2.54016,8.54316e+06,3.7602e+06,1.31493e+07,0,0,0,7.35807e+07
84.3146,85.139,3.11576,0.01,1,3.37653,3.37653,0,0.632725,4.47552,4.11084e+06,2.81318e+06,1.38804e+07,0,0,0,0,80.7878,79.791,2.57258,0,0,1.53925,1.53925,0,1.18916,2.54016,8.54316e+06,3.7602e+06,1.31501e+07,0,0,0,7.35807e+07
83.6945,85.139,3.08061,0.01,1,3.37672,3.37672,0,0.632761,4.47552,4.11084e+06,2.81318e+06,1.38811e+07,0,0,0,0,80.8192,79.791,2.53936,0,0,1.53934,1.53934,0,1.18923,2.54016,8.54316e+06,3.7602e+06,1.31508e+07,0,0,0,7.35807e+07
82.834,85.139,2.76324,0,1,3.33037,3.33037,0,0.632797,4.47552,4.11084e+06,2.81318e+06,1.36906e+07,0,0,0,0,80.8192,79.791,2.67552,0,0,1.51631,1.51631,0,1.18929,2.54016,8.54316e+06,3.7602e+06,1.29541e+07,0,0,0,7.35807e+07
82.06,85.139,2.83638,0.01,1,3.33055,3.33055,0,0.62411,4.47552,4.11084e+06,2.81318e+06,1.36914e+07,0,0,0,0,80.8192,79.791,2.67306,0,0,1.51639,1.51639,0,1.1715,2.54016,8.54316e+06,3.7602e+06,1.29548e+07,0,0,0,7.35807e+07
82.305,85.139,3.88573,0.01,1,3.33074,3.33074,0,0.624146,4.47552,4.11084e+06,2.81318e+06,1.36921e+07,0,0,0,0,80.8192,79.791,2.96088,0,0,1.51648,1.51648,0,1.17157,2.54016,8.54316e+06,3.7602e+06,1.29555e+07,0,0,0,7.35807e+07
81.3027,85.139,2.5465,0.01,1,3.33093,3.33093,0,0.624181,4.47552,4.11084e+06,2.81318e+06,1.36929e+07,0,0,0,0,80.8192,79.791,2.51494,0,0,1.51656,1.51656,0,1.17163,2.54016,8.54316e+06,3.7602e+06,1.29563e+07,0,0,0,7.35807e+07
80.2102,85.139,2.53497,0.01,1,3.48913,3.48913,0,0.624216,4.47552,4.11084e+06,2.81318e+06,1.43433e+07,0,0,0,0,80.7995,79.791,2.27127,0,0,1.59865,1.59865,0,1.1717,2.54016,8.54316e+06,3.7602e+06,1.36575e+07,0,0,0,7.35807e+07
78.9976,85.139,2.37993,0.01,1,3.48933,3.48933,0,0.653864,4.47552,4.11084e+06,2.81318e+06,1.43441e+07,0,0,0,0,80.8016,79.791,2.30231,0,0,1.59874,1.59874,0,1.23512,2.54016,8.54316e+06,3.7602e+06,1.36583e+07,0,0,0,7.35807e+07
77.7072,85.139,2.28452,0.01,1,3.48953,3.48953,0,0.653901,4.47552,4.11084e+06,2.81318e+06,1.43449e+07,0,0,0,0,80.8155,79.791,2.23684,0,0,1.59883,1.59883,0,1.23518,2.54016,8.54316e+06,3.7602e+06,1.3659e+07,0,0,0,7.35807e+07
76.2919,85.139,2.14059,0.02,1,3.48972,3.48972,0,0.653937,4.47552,4.11084e+06,2.81318e+06,1.43457e+07,0,0,0,0,80.7843,79.791,2.08314,0,0,1.59892,1.59892,0,1.23525,2.54016,8.54316e+06,3.7602e+06,1.36598e+07,0,0,0,7.35807e+07
74.4853,85.139,1.67345,0.03,1,3.48992,3.48992,0,0.653974,4.47552,4.11084e+06,2.81318e+06,1.43465e+07,0,0,0,0,80.6649,79.791,1.99863,0,0,1.59901,1.59901,0,1.23532,2.54016,8.54316e+06,3.7602e+06,1.36606e+07,0,0,0,7.35807e+07
72.5513,85.139,1.49371,0.04,1,3.45886,3.45886,0,0.654011,4.47552,4.11084e+06,2.81318e+06,1.42188e+07,0,0,0,0,80.4059,79.791,1.96267,0,0,1.64418,1.64418,0,1.23539,2.54016,8.54316e+06,3.7602e+06,1.40465e+07,0,0,0,7.35807e+07
70.5051,85.139,1.36137,0.03,1,3.45905,3.45905,0,0.64819,4.47552,4.11084e+06,2.81318e+06,1.42196e+07,0,0,0,0,80.0888,79.791,1.79757,0,0,1.64427,1.64427,0,1.27029,2.54016,8.54316e+06,3.7602e+06,1.40473e+07,0,0,0,7.35807e+07
68.3795,85.139,1.24375,0.03,1,3.45925,3.45925,0,0.648227,4.47552,4.11084e+06,2.81318e+06,1.42204e+07,0,0,0,0,79.5719,79.791,1.72116,0,0,1.64436,1.64436,0,1.27036,2.54016,8.54316e+06,3.7602e+06,1.40481e+07,0,0,0,7.35807e+07
66.2063,85.139,1.14094,0.03,1,3.45944,3.45944,0,0.648263,4.47552,4.11084e+06,2.81318e+06,1.42212e+07,0,0,0,0,78.9219,79.791,1.47337,0,0,1.64446,1.64446,0,1.27043,2.54016,8.54316e+06,3.7602e+06,1.40489e+07,0,0,0,7.35807e+07
64.0434,85.139,1.20422,0.06,1,3.54038,3.54038,0,0.6483,4.47552,4.11084e+06,2.81318e+06,1.45539e+07,0,0,0,0,78.3662,79.791,1.48784,0,0,1.68473,1.68473,0,1.27051,2.54016,8.54316e+06,3.7602e+06,1.4393e+07,0,0,0,7.35807e+07
61.8156,85.139,1.10101,0.07,1,3.54058,3.54058,0,0.663467,4.47552,4.11084e+06,2.81318e+06,1.45547e+07,0,0,0,0,77.6187,79.791,1.46783,0,0,1.68483,1.68483,0,1.30163,2.54016,8.54316e+06,3.7602e+06,1.43938e+07,0,0,0,7.35807e+07
59.5273,85.139,1.01032,0.09,1,3.54078,3.54078,0,0.663504,4.47552,4.11084e+06,2.81318e+06,1.45556e+07,0,0,0,0,77.0376,79.791,1.28579,0,0,1.68492,1.68492,0,1.3017,2.54016,8.54316e+06,3.7602e+06,1.43946e+07,0,0,0,7.35807e+07
57.3305,85.139,1.06297,0.13,1,3.54098,3.54098,0,0.663542,4.47552,4.11084e+06,2.81318e+06,1.45564e+07,0,0,0,0,76.0366,79.791,1.53206,0,0,1.68502,1.68502,0,1.30177,2.54016,8.54316e+06,3.7602e+06,1.43954e+07,0,0,0,7.35807e+07
54.4452,85.139,0.4995,0.12,1,3.77768,3.77768,0,0.663579,4.47552,4.11084e+06,2.81318e+06,1.55294e+07,0,0,0,0,74.8031,79.791,0.896374,0,0,1.83019,1.83019,0,1.30185,2.54016,8.54316e+06,3.7602e+06,1.56356e+07,0,0,0,7.35807e+07
50.9973,85.139,0.48659,0.13,1,3.77789,3.77789,0,0.707937,4.47552,4.11084e+06,2.81318e+06,1.55303e+07,0,0,0,0,73.6881,79.791,0.84816,0,0,1.8303,1.8303,0,1.41401,2.54016,8.54316e+06,3.7602e+06,1.56365e+07,0,0,0,7.35807e+07
48.8657,85.139,0.696914,0.2,1,3.7781,3.7781,0,0.707976,4.47552,4.11084e+06,2.81318e+06,1.55312e+07,0,0,0,0,72.6406,79.791,0.987051,0,0,1.8304,1.8304,0,1.41409,2.54016,8.54316e+06,3.7602e+06,1.56374e+07,0,0,0,7.35807e+07
46.4511,85.139,1.01138,0.2,1,3.77832,3.77832,0,0.708016,4.47552,4.11084e+06,2.81318e+06,1.5532e+07,0,0,0,0,71.9263,79.791,1.13748,0,0,1.8305,1.8305,0,1.41417,2.54016,8.54316e+06,3.7602e+06,1.56383e+07,0,0,0,7.35807e+07
44.0356,85.139,0.998218,0.21,1,3.77853,3.77853,0,0.708056,4.47552,4.11084e+06,2.81318e+06,1.55329e+07,0,0,0,0,71.6145,79.791,1.52459,0,0,1.83061,1.83061,0,1.41425,2.54016,8.54316e+06,3.7602e+06,1.56392e+07,0,0,0,7.35807e+07
41.9427,85.139,1.20914,0.19,1,3.66345,3.66345,0,0.708096,4.47552,4.11084e+06,2.81318e+06,1.50598e+07,0,0,0,0,71.486,79.791,2.06814,0,0,1.74263,1.74263,0,1.41433,2.54016,8.54316e+06,3.7602e+06,1.48875e+07,0,0,0,7.35807e+07
39.8165,85.139,1.19367,0.23,1,3.66365,3.66365,0,0.68653,4.47552,4.11084e+06,2.81318e+06,1.50607e+07,0,0,0,0,71.3866,79.791,2.05795,0,0,1.74272,1.74272,0,1.34635,2.54016,8.54316e+06,3.7602e+06,1.48884e+07,0,0,0,7.35807e+07
37.829,85.139,1.42652,0.23,1,3.66386,3.66386,0,0.686569,4.47552,4.11084e+06,2.81318e+06,1.50615e+07,0,0,0,0,71.3654,79.791,2.68879,0,0,1.74282,1.74282,0,1.34643,2.54016,8.54316e+06,3.7602e+06,1.48892e+07,0,0,0,7.35807e+07
35.6524,85.139,1.26237,0.23,1,3.66407,3.66407,0,0.686607,4.47552,4.11084e+06,2.81318e+06,1.50624e+07,0,0,0,0,70.7188,79.791,1.89353,0,0,1.74292,1.74292,0,1.3465,2.54016,8.54316e+06,3.7602e+06,1.48901e+07,0,0,0,7.35807e+07
33.2877,85.139,0.921622,0.23,1,3.56962,3.56962,0,0.686646,4.47552,4.11084e+06,2.81318e+06,1.46741e+07,0,0,0,0,70.5288,79.791,1.06918,0,0,1.66282,1.66282,0,1.34658,2.54016,8.54316e+06,3.7602e+06,1.42058e+07,0,0,0,7.35807e+07
30.9529,85.139,0.948123,0.31,1,3.56982,3.56982,0,0.668946,4.47552,4.11084e+06,2.81318e+06,1.46749e+07,0,0,0,0,70.3428,79.791,1.87588,0,0,1.66292,1.66292,0,1.2847,2.54016,8.54316e+06,3.7602e+06,1.42066e+07,0,0,0,7.35807e+07
30.2272,85.139,2.67438,0.32,1,3.57002,3.57002,0,0.668984,4.47552,4.11084e+06,2.81318e+06,1.46758e+07,0,0,0,0,70.7156,79.791,4.29343,0,0,1.66301,1.66301,0,1.28477,2.54016,8.54316e+06,3.7602e+06,1.42074e+07,0,0,0,7.35807e+07
28.589,85.139,1.7178,0.32,1,3.57022,3.57022,0,0.669021,4.47552,4.11084e+06,2.81318e+06,1.46766e+07,0,0,0,0,71.0709,79.791,1.95968,0,0,1.6631,1.6631,0,1.28484,2.54016,8.54316e+06,3.7602e+06,1.42082e+07,0,0,0,7.35807e+07
27.2304,85.139,1.71767,0.34,1,3.30153,3.30153,0,0.669059,4.47552,4.11084e+06,2.81318e+06,1.3572e+07,0,0,0,0,71.0335,79.791,2.04405,0,0,1.49614,1.49614,0,1.28491,2.54016,8.54316e+06,3.7602e+06,1.27817e+07,0,0,0,7.35807e+07
26.0532,85.139,1.88923,0.34,1,3.30171,3.30171,0,0.618706,4.47552,4.11084e+06,2.81318e+06,1.35728e+07,0,0,0,0,70.7582,79.791,2.28804,0,0,1.49622,1.49622,0,1.15591,2.54016,8.54316e+06,3.7602e+06,1.27824e+07,0,0,0,7.35807e+07
25.3373,85.139,2.37621,0.35,1,3.3019,3.3019,0,0.618741,4.47552,4.11084e+06,2.81318e+06,1.35736e+07,0,0,0,0,70.3062,79.791,1.82868,0,0,1.4963,1.4963,0,1.15598,2.54016,8.54316e+06,3.7602e+06,1.27832e+07,0,0,0,7.35807e+07
25.1662,85.139,2.94824,0.48,1,3.30208,3.30208,0,0.618776,4.47552,4.11084e+06,2.81318e+06,1.35743e+07,0,0,0,0,70.6878,79.791,1.96564,0,0,1.49639,1.49639,0,1.15604,2.54016,8.54316e+06,3.7602e+06,1.27839e+07,0,0,0,7.35807e+07
26.7719,85.139,4.87944,0.52,1,3.30227,3.30227,0,0.618811,4.47552,4.11084e+06,2.81318e+06,1.35751e+07,0,0,0,0,71.9062,79.791,5.07025,0,0,1.49647,1.49647,0,1.15611,2.54016,8.54316e+06,3.7602e+06,1.27846e+07,0,0,0,7.35807e+07
28.6901,85.139,5.32168,0.43,1,3.4059,3.4059,0,0.618845,4.47552,4.11084e+06,2.81318e+06,1.40011e+07,0,0,0,0,73.589,79.791,6.25224,0,0,1.54494,1.54494,0,1.15617,2.54016,8.54316e+06,3.7602e+06,1.31987e+07,0,0,0,7.35807e+07
31.2499,85.139,5.89161,0.45,1,3.40606,3.40606,0,0.638266,4.47552,4.11084e+06,2.81318e+06,1.40018e+07,0,0,0,0,75.6865,79.791,7.67696,0,0,1.54501,1.54501,0,1.19362,2.54016,8.54316e+06,3.7602e+06,1.31993e+07,0,0,0,7.35807e+07
35.9548,85.139,8.20752,0.47,1,3.40623,3.40623,0,0.638297,4.47552,4.11084e+06,2.81318e+06,1.40025e+07,0,0,0,0,77.4267,79.791,7.12145,0,0,1.54509,1.54509,0,1.19368,2.54016,8.54316e+06,3.7602e+06,1.32e+07,0,0,0,7.35807e+07
42.039,85.139,9.83863,0.37,1,3.40639,3.40639,0,0.638327,4.47552,4.11084e+06,2.81318e+06,1.40031e+07,0,0,0,0,79.6711,79.791,8.486,0,0,1.54516,1.54516,0,1.19374,2.54016,8.54316e+06,3.7602e+06,1.32006e+07,0,0,0,7.35807e+07
43.3318,85.139,5.04319,0.42,1,3.73883,3.73883,0,0.638358,4.47552,4.11084e+06,2.81318e+06,1.53697e+07,0,0,0,0,80.8192,79.791,5.47616,0,0,1.72693,1.72693,0,1.19379,2.54016,8.54316e+06,3.7602e+06,1.47534e+07,0,0,0,7.35807e+07
45.3125,85.139,5.81955,0.28,1,3.73901,3.73901,0,0.700656,4.47552,4.11084e+06,2.81318e+06,1.53705e+07,0,0,0,0,80.8192,79.791,8.97018,0,0,1.72701,1.72701,0,1.33422,2.54016,8.54316e+06,3.7602e+06,1.47541e+07,0,0,0,7.35807e+07
46.8893,85.139,5.4732,0.29,1,3.73919,3.73919,0,0.70069,4.47552,4.11084e+06,2.81318e+06,1.53712e+07,0,0,0,0,80.8192,79.791,6.42525,0,0,1.72709,1.72709,0,1.33429,2.54016,8.54316e+06,3.7602e+06,1.47548e+07,0,0,0,7.35807e+07
52.9086,85.139,10.0141,0.31,1,3.73937,3.73937,0,0.700724,4.47552,4.11084e+06,2.81318e+06,1.5372e+07,0,0,0,0,80.8192,79.791,9.16253,0,0,1.72718,1.72718,0,1.33435,2.54016,8.54316e+06,3.7602e+06,1.47556e+07,0,0,0,7.35807e+07
58.9389,85.139,9.57599,0.19,1,3.26554,3.26554,0,0.700758,4.47552,4.11084e+06,2.81318e+06,1.34241e+07,0,0,0,0,80.8192,79.791,10.0318,0,0,1.48339,1.48339,0,1.33442,2.54016,8.54316e+06,3.7602e+06,1.26728e+07,0,0,0,7.35807e+07
63.5302,85.139,8.04134,0.22,1,3.2657,3.2657,0,0.611962,4.47552,4.11084e+06,2.81318e+06,1.34248e+07,0,0,0,0,80.8192,79.791,8.34893,0,0,1.48346,1.48346,0,1.14607,2.54016,8.54316e+06,3.7602e+06,1.26734e+07,0,0,0,7.35807e+07
68.6844,85.139,8.71756,0.13,1,3.26586,3.26586,0,0.611992,4.47552,4.11084e+06,2.81318e+06,1.34254e+07,0,0,0,0,80.8192,79.791,9.37408,0,0,1.48353,1.48353,0,1.14612,2.54016,8.54316e+06,3.7602e+06,1.2674e+07,0,0,0,7.35807e+07
72.81,85.139,7.8668,0.07,1,3.26601,3.26601,0,0.612021,4.47552,4.11084e+06,2.81318e+06,1.34261e+07,0,0,0,0,80.8192,79.791,8.14281,0,0,1.4836,1.4836,0,1.14618,2.54016,8.54316e+06,3.7602e+06,1.26747e+07,0,0,0,7.35807e+07
77.3621,85.139,8.22484,0.07,1,3.26617,3.26617,0,0.612051,4.47552,4.11084e+06,2.81318e+06,1.34267e+07,0,0,0,0,80.8192,79.791,9.16931,0,0,1.48367,1.48367,0,1.14623,2.54016,8.54316e+06,3.7602e+06,1.26753e+07,0,0,0,7.35807e+07
81.2385,85.139,7.65256,0.01,1,3.38567,3.38567,0,0.612081,4.47552,4.11084e+06,2.81318e+06,1.3918e+07,0,0,0,0,80.8192,79.791,10.2484,0,0,1.54342,1.54342,0,1.14629,2.54016,8.54316e+06,3.7602e+06,1.31857e+07,0,0,0,7.35807e+07
83.1557,85.139,5.63895,0.01,1,3.38584,3.38584,0,0.634475,4.47552,4.11084e+06,2.81318e+06,1.39186e+07,0,0,0,0,80.8192,79.791,7.09771,0,0,1.5435,1.5435,0,1.19245,2.54016,8.54316e+06,3.7602e+06,1.31863e+07,0,0,0,7.35807e+07
84.4576,85.139,4.98048,0.01,1,3.386,3.386,0,0.634506,4.47552,4.11084e+06,2.81318e+06,1.39193e+07,0,0,0,0,80.8192,79.791,6.20134,0,0,1.54357,1.54357,0,1.19251,2.54016,8.54316e+06,3.7602e+06,1.3187e+07,0,0,0,7.35807e+07
85.139,85.139,4.60111,0.01,1,3.38617,3.38617,0,0.634537,4.47552,4.11084e+06,2.81318e+06,1.392e+07,0,0,0,0,80.8192,79.791,5.71634,0,0,1.54365,1.54365,0,1.19256,2.54016,8.54316e+06,3.7602e+06,1.31876e+07,0,0,0,7.35807e+07
85.139,85.139,4.48486,0,1,3.33966,3.33966,0,0.634567,4.47552,4.11084e+06,2.81318e+06,1.37288e+07,0,0,0,0,80.8192,79.791,5.38578,0,0,1.52054,1.52054,0,1.19262,2.54016,8.54316e+06,3.7602e+06,1.29902e+07,0,0,0,7.35807e+07
85.139,85.139,4.1172,0,1,3.33982,3.33982,0,0.625852,4.47552,4.11084e+06,2.81318e+06,1.37295e+07,0,0,0,0,80.8192,79.791,5.15685,0,0,1.52061,1.52061,0,1.17477,2.54016,8.54316e+06,3.7602e+06,1.29908e+07,0,0,0,7.35807e+07
85.139,85.139,3.80832,0,1,3.33998,3.33998,0,0.625882,4.47552,4.11084e+06,2.81318e+06,1.37301e+07,0,0,0,0,80.8192,79.791,4.83908,0,0,1.52069,1.52069,0,1.17482,2.54016,8.54316e+06,3.7602e+06,1.29915e+07,0,0,0,7.35807e+07
85.139,85.139,3.66758,0,1,3.34014,3.34014,0,0.625912,4.47552,4.11084e+06,2.81318e+06,1.37308e+07,0,0,0,0,80.8192,79.791,4.48654,0,0,1.52076,1.52076,0,1.17488,2.54016,8.54316e+06,3.7602e+06,1.29921e+07,0,0,0,7.35807e+07
84.471,85.139,2.92413,0,1,3.49876,3.49876,0,0.625943,4.47552,4.11084e+06,2.81318e+06,1.43828e+07,0,0,0,0,80.8192,79.791,3.48622,0,0,1.60306,1.60306,0,1.17494,2.54016,8.54316e+06,3.7602e+06,1.36952e+07,0,0,0,7.35807e+07
83.5951,85.139,2.66893,0.01,1,3.49893,3.49893,0,0.655667,4.47552,4.11084e+06,2.81318e+06,1.43835e+07,0,0,0,0,80.8192,79.791,3.46555,0,0,1.60313,1.60313,0,1.23852,2.54016,8.54316e+06,3.7602e+06,1.36958e+07,0,0,0,7.35807e+07
82.6745,85.139,2.61376,0.02,1,3.4991,3.4991,0,0.655699,4.47552,4.11084e+06,2.81318e+06,1.43842e+07,0,0,0,0,80.8192,79.791,3.53893,0,0,1.60321,1.60321,0,1.23858,2.54016,8.54316e+06,3.7602e+06,1.36965e+07,0,0,0,7.35807e+07
81.5927,85.139,2.43967,0.02,1,3.49927,3.49927,0,0.655731,4.47552,4.11084e+06,2.81318e+06,1.43849e+07,0,0,0,0,80.8192,79.791,3.25676,0,0,1.60329,1.60329,0,1.23864,2.54016,8.54316e+06,3.7602e+06,1.36972e+07,0,0,0,7.35807e+07
80.7586,85.139,2.69859,0.02,1,3.49944,3.49944,0,0.655762,4.47552,4.11084e+06,2.81318e+06,1.43856e+07,0,0,0,0,80.8192,79.791,3.56123,0,0,1.60337,1.60337,0,1.2387,2.54016,8.54316e+06,3.7602e+06,1.36978e+07,0,0,0,7.35807e+07
79.9139,85.139,2.66249,0.02,1,3.46826,3.46826,0,0.655794,4.47552,4.11084e+06,2.81318e+06,1.42575e+07,0,0,0,0,80.8192,79.791,3.67343,0,0,1.64865,1.64865,0,1.23876,2.54016,8.54316e+06,3.7602e+06,1.40847e+07,0,0,0,7.35807e+07
78.837,85.139,2.42162,0.02,1,3.46843,3.46843,0,0.649952,4.47552,4.11084e+06,2.81318e+06,1.42582e+07,0,0,0,0,80.8192,79.791,3.4949,0,0,1.64873,1.64873,0,1.27375,2.54016,8.54316e+06,3.7602e+06,1.40853e+07,0,0,0,7.35807e+07
77.5673,85.139,2.20111,0.02,1,3.4686,3.4686,0,0.649984,4.47552,4.11084e+06,2.81318e+06,1.42588e+07,0,0,0,0,80.8192,79.791,3.21697,0,0,1.64881,1.64881,0,1.27381,2.54016,8.54316e+06,3.7602e+06,1.4086e+07,0,0,0,7.35807e+07
76.1877,85.139,2.04256,0.02,1,3.46876,3.46876,0,0.650015,4.47552,4.11084e+06,2.81318e+06,1.42595e+07,0,0,0,0,80.8192,79.791,3.01006,0,0,1.64889,1.64889,0,1.27387,2.54016,8.54316e+06,3.7602e+06,1.40867e+07,0,0,0,7.35807e+07
74.7705,85.139,2.08025,0.04,1,3.54989,3.54989,0,0.650046,4.47552,4.11084e+06,2.81318e+06,1.4593e+07,0,0,0,0,80.8192,79.791,2.95712,0,0,1.68926,1.68926,0,1.27393,2.54016,8.54316e+06,3.7602e+06,1.44316e+07,0,0,0,7.35807e+07
73.2296,85.139,1.92768,0.05,1,3.55006,3.55006,0,0.665249,4.47552,4.11084e+06,2.81318e+06,1.45937e+07,0,0,0,0,80.7916,79.791,2.99145,0,0,1.68934,1.68934,0,1.30512,2.54016,8.54316e+06,3.7602e+06,1.44323e+07,0,0,0,7.35807e+07
71.5639,85.139,1.78546,0.06,1,3.55023,3.55023,0,0.665282,4.47552,4.11084e+06,2.81318e+06,1.45944e+07,0,0,0,0,80.7072,79.791,2.66414,0,0,1.68942,1.68942,0,1.30519,2.54016,8.54316e+06,3.7602e+06,1.4433e+07,0,0,0,7.35807e+07
69.9558,85.139,1.81877,0.06,1,3.55041,3.55041,0,0.665314,4.47552,4.11084e+06,2.81318e+06,1.45951e+07,0,0,0,0,80.7007,79.791,3.02199,0,0,1.68951,1.68951,0,1.30525,2.54016,8.54316e+06,3.7602e+06,1.44337e+07,0,0,0,7.35807e+07
67.5582,85.139,1.18263,0.06,1,3.78771,3.78771,0,0.665346,4.47552,4.11084e+06,2.81318e+06,1.55707e+07,0,0,0,0,80.4185,79.791,2.74622,0,0,1.83505,1.83505,0,1.30531,2.54016,8.54316e+06,3.7602e+06,1.56772e+07,0,0,0,7.35807e+07
65.0122,85.139,1.00099,0.1,1,3.78789,3.78789,0,0.709816,4.47552,4.11084e+06,2.81318e+06,1.55714e+07,0,0,0,0,80.0592,79.791,2.51268,0,0,1.83514,1.83514,0,1.41776,2.54016,8.54316e+06,3.7602e+06,1.56779e+07,0,0,0,7.35807e+07
62.8555,85.139,1.36482,0.07,1,3.78807,3.78807,0,0.70985,4.47552,4.11084e+06,2.81318e+06,1.55722e+07,0,0,0,0,79.7637,79.791,2.8327,0,0,1.83523,1.83523,0,1.41783,2.54016,8.54316e+06,3.7602e+06,1.56787e+07,0,0,0,7.35807e+07
61.2971,85.139,2.00004,0.11,1,3.78826,3.78826,0,0.709885,4.47552,4.11084e+06,2.81318e+06,1.55729e+07,0,0,0,0,79.6889,79.791,3.31681,0,0,1.83532,1.83532,0,1.4179,2.54016,8.54316e+06,3.7602e+06,1.56794e+07,0,0,0,7.35807e+07
59.2004,85.139,1.4033,0.1,1,3.78844,3.78844,0,0.709919,4.47552,4.11084e+06,2.81318e+06,1.55737e+07,0,0,0,0,79.8045,79.791,4.03301,0,0,1.83541,1.83541,0,1.41797,2.54016,8.54316e+06,3.7602e+06,1.56802e+07,0,0,0,7.35807e+07
56.7147,85.139,0.860363,0.15,1,3.67303,3.67303,0,0.709953,4.47552,4.11084e+06,2.81318e+06,1.50992e+07,0,0,0,0,79.5388,79.791,2.61211,0,0,1.74718,1.74718,0,1.41804,2.54016,8.54316e+06,3.7602e+06,1.49265e+07,0,0,0,7.35807e+07
54.1129,85.139,0.704254,0.14,1,3.6732,3.6732,0,0.688325,4.47552,4.11084e+06,2.81318e+06,1.51e+07,0,0,0,0,79.1699,79.791,2.08136,0,0,1.74727,1.74727,0,1.34987,2.54016,8.54316e+06,3.7602e+06,1.49272e+07,0,0,0,7.35807e+07
51.9033,85.139,1.1548,0.11,1,3.67338,3.67338,0,0.688358,4.47552,4.11084e+06,2.81318e+06,1.51007e+07,0,0,0,0,79.112,79.791,2.7702,0,0,1.74735,1.74735,0,1.34994,2.54016,8.54316e+06,3.7602e+06,1.49279e+07,0,0,0,7.35807e+07
50.9343,85.139,2.52171,0.11,1,3.67356,3.67356,0,0.688392,4.47552,4.11084e+06,2.81318e+06,1.51014e+07,0,0,0,0,79.506,79.791,3.93391,0,0,1.74744,1.74744,0,1.35,2.54016,8.54316e+06,3.7602e+06,1.49286e+07,0,0,0,7.35807e+07
49.8058,85.139,2.2677,0.17,1,3.57884,3.57884,0,0.688425,4.47552,4.11084e+06,2.81318e+06,1.4712e+07,0,0,0,0,79.7158,79.791,3.82989,0,0,1.66712,1.66712,0,1.35007,2.54016,8.54316e+06,3.7602e+06,1.42425e+07,0,0,0,7.35807e+07
48.9026,85.139,2.55432,0.17,1,3.57901,3.57901,0,0.670674,4.47552,4.11084e+06,2.81318e+06,1.47127e+07,0,0,0,0,80.8192,79.791,9.2897,0,0,1.6672,1.6672,0,1.28802,2.54016,8.54316e+06,3.7602e+06,1.42432e+07,0,0,0,7.35807e+07
47.8088,85.139,2.31548,0.17,1,3.57918,3.57918,0,0.670706,4.47552,4.11084e+06,2.81318e+06,1.47134e+07,0,0,0,0,80.8192,79.791,4.33253,0,0,1.66728,1.66728,0,1.28808,2.54016,8.54316e+06,3.7602e+06,1.42438e+07,0,0,0,7.35807e+07
47.5512,85.139,3.23766,0.17,1,3.57936,3.57936,0,0.670739,4.47552,4.11084e+06,2.81318e+06,1.47142e+07,0,0,0,0,80.8192,79.791,7.71992,0,0,1.66736,1.66736,0,1.28814,2.54016,8.54316e+06,3.7602e+06,1.42445e+07,0,0,0,7.35807e+07
48.3195,85.139,4.05515,0.15,1,3.30995,3.30995,0,0.670771,4.47552,4.11084e+06,2.81318e+06,1.36067e+07,0,0,0,0,80.8192,79.791,6.72208,0,0,1.49995,1.49995,0,1.2882,2.54016,8.54316e+06,3.7602e+06,1.28143e+07,0,0,0,7.35807e+07
47.8221,85.139,2.77,0.17,1,3.31011,3.31011,0,0.620284,4.47552,4.11084e+06,2.81318e+06,1.36073e+07,0,0,0,0,80.8192,79.791,6.73291,0,0,1.50002,1.50002,0,1.15886,2.54016,8.54316e+06,3.7602e+06,1.2815e+07,0,0,0,7.35807e+07
46.483,85.139,1.81662,0.2,1,3.31027,3.31027,0,0.620314,4.47552,4.11084e+06,2.81318e+06,1.3608e+07,0,0,0,0,80.8192,79.791,3.43732,0,0,1.5001,1.5001,0,1.15892,2.54016,8.54316e+06,3.7602e+06,1.28156e+07,0,0,0,7.35807e+07
46.0647,85.139,2.80804,0.21,1,3.31043,3.31043,0,0.620344,4.47552,4.11084e+06,2.81318e+06,1.36086e+07,0,0,0,0,80.8192,79.791,5.21596,0,0,1.50017,1.50017,0,1.15898,2.54016,8.54316e+06,3.7602e+06,1.28162e+07,0,0,0,7.35807e+07
45.8391,85.139,3.07248,0.2,1,3.31059,3.31059,0,0.620374,4.47552,4.11084e+06,2.81318e+06,1.36093e+07,0,0,0,0,80.8192,79.791,4.13862,0,0,1.50024,1.50024,0,1.15903,2.54016,8.54316e+06,3.7602e+06,1.28168e+07,0,0,0,7.35807e+07
46.9514,85.139,4.47575,0.21,1,3.41445,3.41445,0,0.620404,5.32224,4.11084e+06,2.81318e+06,1.40363e+07,0,0,0,0,80.8192,79.791,3.29474,0,0,1.54882,1.54882,0,1.15909,2.54016,8.54316e+06,3.7602e+06,1.32318e+07,0,0,0,7.35807e+07
46.8246,85.139,3.13694,0.23,1,3.41459,3.41459,0,0.639869,5.32224,4.11084e+06,2.81318e+06,1.40368e+07,0,0,0,0,80.782,79.791,2.60267,0,0,1.54888,1.54888,0,1.19662,2.54016,8.54316e+06,3.7602e+06,1.32324e+07,0,0,0,7.35807e+07
46.4623,85.139,2.87762,0.21,1,3.41473,3.41473,0,0.639895,5.32224,4.11084e+06,2.81318e+06,1.40374e+07,0,0,0,0,80.1349,79.791,2.30624,0,0,1.54895,1.54895,0,1.19667,2.54016,8.54316e+06,3.7602e+06,1.32329e+07,0,0,0,7.35807e+07
45.6259,85.139,2.38099,0.23,1,3.41487,3.41487,0,0.63992,5.32224,4.11084e+06,2.81318e+06,1.4038e+07,0,0,0,0,80.1674,79.791,1.51833,0,0,1.54901,1.54901,0,1.19672,2.54016,8.54316e+06,3.7602e+06,1.32334e+07,0,0,0,7.35807e+07
47.0401,85.139,4.9724,0.26,1,3.7481,3.7481,0,0.639946,5.32224,4.11084e+06,2.81318e+06,1.54078e+07,0,0,0,0,80.4004,79.791,3.83494,0,0,1.73121,1.73121,0,1.19676,2.54016,8.54316e+06,3.7602e+06,1.479e+07,0,0,0,7.35807e+07
46.7246,85.139,3.19478,0.27,1,3.74825,3.74825,0,0.702394,5.32224,4.11084e+06,2.81318e+06,1.54085e+07,0,0,0,0,79.86,79.791,2.2202,0,0,1.73128,1.73128,0,1.33753,2.54016,8.54316e+06,3.7602e+06,1.47906e+07,0,0,0,7.35807e+07
45.8926,85.139,2.63803,0.28,1,3.7484,3.7484,0,0.702422,5.32224,4.11084e+06,2.81318e+06,1.54091e+07,0,0,0,0,79.3318,79.791,1.94663,0,0,1.73135,1.73135,0,1.33759,2.54016,8.54316e+06,3.7602e+06,1.47912e+07,0,0,0,7.35807e+07
45.1695,85.139,2.78924,0.3,1,3.74855,3.74855,0,0.702451,5.32224,4.11084e+06,2.81318e+06,1.54097e+07,0,0,0,0,79.156,79.791,2.0327,0,0,1.73142,1.73142,0,1.33764,2.54016,8.54316e+06,3.7602e+06,1.47918e+07,0,0,0,7.35807e+07
46.4796,85.139,4.40289,0.31,1,3.27353,3.27353,0,0.702479,5.32224,4.11084e+06,2.81318e+06,1.3457e+07,0,0,0,0,79.2369,79.791,2.70451,0,0,1.48702,1.48702,0,1.33769,2.54016,8.54316e+06,3.7602e+06,1.27038e+07,0,0,0,7.35807e+07
48.9174,85.139,5.67727,0.35,1,3.27367,3.27367,0,0.61346,5.32224,4.11084e+06,2.81318e+06,1.34575e+07,0,0,0,0,79.4567,79.791,3.12181,0,0,1.48708,1.48708,0,1.14887,2.54016,8.54316e+06,3.7602e+06,1.27044e+07,0,0,0,7.35807e+07
53.3531,85.139,7.77072,0.38,1,3.2738,3.2738,0,0.613485,5.32224,4.11084e+06,2.81318e+06,1.34581e+07,0,0,0,0,79.6205,79.791,3.16004,0,0,1.48714,1.48714,0,1.14892,2.54016,8.54316e+06,3.7602e+06,1.27049e+07,0,0,0,7.35807e+07
55.7025,85.139,5.68469,0.25,1,3.27393,3.27393,0,0.61351,5.32224,4.11084e+06,2.81318e+06,1.34586e+07,0,0,0,0,79.7282,79.791,3.16444,0,0,1.4872,1.4872,0,1.14896,2.54016,8.54316e+06,3.7602e+06,1.27054e+07,0,0,0,7.35807e+07
60.2305,85.139,7.96998,0.28,1,3.27406,3.27406,0,0.613535,5.32224,4.11084e+06,2.81318e+06,1.34592e+07,0,0,0,0,80.5583,79.791,4.99321,0,0,1.48726,1.48726,0,1.14901,2.54016,8.54316e+06,3.7602e+06,1.27059e+07,0,0,0,7.35807e+07
62.1208,85.139,5.42525,0.14,1,3.39383,3.39383,0,0.61356,5.32224,4.11084e+06,2.81318e+06,1.39515e+07,0,0,0,0,80.4739,79.791,2.46042,0,0,1.54714,1.54714,0,1.14906,2.54016,8.54316e+06,3.7602e+06,1.32175e+07,0,0,0,7.35807e+07
65.4355,85.139,6.98016,0.14,1,3.39397,3.39397,0,0.636003,5.32224,4.11084e+06,2.81318e+06,1.39521e+07,0,0,0,0,80.7797,79.791,3.64702,0,0,1.5472,1.5472,0,1.19532,2.54016,8.54316e+06,3.7602e+06,1.3218e+07,0,0,0,7.35807e+07
68.0102,85.139,6.18962,0.13,1,3.3941,3.3941,0,0.636029,5.32224,4.11084e+06,2.81318e+06,1.39526e+07,0,0,0,0,80.6921,79.791,2.63833,0,0,1.54726,1.54726,0,1.19537,2.54016,8.54316e+06,3.7602e+06,1.32185e+07,0,0,0,7.35807e+07
69.1905,85.139,4.72648,0.13,1,3.39424,3.39424,0,0.636055,5.32224,4.11084e+06,2.81318e+06,1.39532e+07,0,0,0,0,80.5533,79.791,2.19625,0,0,1.54733,1.54733,0,1.19542,2.54016,8.54316e+06,3.7602e+06,1.32191e+07,0,0,0,7.35807e+07
69.3234,85.139,3.64542,0.06,1,3.3476,3.3476,0,0.636081,5.32224,4.11084e+06,2.81318e+06,1.37614e+07,0,0,0,0,80.4499,79.791,2.50638,0,0,1.52415,1.52415,0,1.19546,2.54016,8.54316e+06,3.7602e+06,1.30211e+07,0,0,0,7.35807e+07
69.5246,85.139,3.70687,0.04,1,3.34773,3.34773,0,0.627339,5.32224,4.11084e+06,2.81318e+06,1.3762e+07,0,0,0,0,80.3878,79.791,2.11175,0,0,1.52421,1.52421,0,1.17756,2.54016,8.54316e+06,3.7602e+06,1.30216e+07,0,0,0,7.35807e+07
69.8294,85.139,3.79458,0.04,1,3.34787,3.34787,0,0.627365,5.32224,4.11084e+06,2.81318e+06,1.37625e+07,0,0,0,0,80.2679,79.791,2.2034,0,0,1.52428,1.52428,0,1.17761,2.54016,8.54316e+06,3.7602e+06,1.30221e+07,0,0,0,7.35807e+07
69.4926,85.139,3.02087,0.03,1,3.348,3.348,0,0.62739,5.32224,4.11084e+06,2.81318e+06,1.37631e+07,0,0,0,0,80.1154,79.791,2.03005,0,0,1.52434,1.52434,0,1.17766,2.54016,8.54316e+06,3.7602e+06,1.30227e+07,0,0,0,7.35807e+07
69.1571,85.139,3.14272,0.02,1,3.50696,3.50696,0,0.627416,5.32224,4.11084e+06,2.81318e+06,1.44166e+07,0,0,0,0,79.9511,79.791,2.28396,0,0,1.60682,1.60682,0,1.1777,2.54016,8.54316e+06,3.7602e+06,1.37273e+07,0,0,0,7.35807e+07
68.5714,85.139,2.88425,0.02,1,3.5071,3.5071,0,0.657205,5.32224,4.11084e+06,2.81318e+06,1.44171e+07,0,0,0,0,79.766,79.791,2.17106,0,0,1.60688,1.60688,0,1.24143,2.54016,8.54316e+06,3.7602e+06,1.37278e+07,0,0,0,7.35807e+07
67.8751,85.139,2.75827,0.02,1,3.50725,3.50725,0,0.657231,5.32224,4.11084e+06,2.81318e+06,1.44177e+07,0,0,0,0,79.477,79.791,1.99338,0,0,1.60695,1.60695,0,1.24148,2.54016,8.54316e+06,3.7602e+06,1.37284e+07,0,0,0,7.35807e+07
66.8987,85.139,2.45646,0.05,1,3.50739,3.50739,0,0.657258,5.32224,4.11084e+06,2.81318e+06,1.44183e+07,0,0,0,0,79.2352,79.791,1.82643,0,0,1.60701,1.60701,0,1.24153,2.54016,8.54316e+06,3.7602e+06,1.3729e+07,0,0,0,7.35807e+07
66.1128,85.139,2.60366,0.06,1,3.50753,3.50753,0,0.657285,5.32224,4.11084e+06,2.81318e+06,1.44189e+07,0,0,0,0,78.8573,79.791,1.9571,0,0,1.60708,1.60708,0,1.24158,2.54016,8.54316e+06,3.7602e+06,1.37295e+07,0,0,0,7.35807e+07
65.2142,85.139,2.46145,0.05,1,3.47626,3.47626,0,0.657311,5.32224,4.11084e+06,2.81318e+06,1.42903e+07,0,0,0,0,78.458,79.791,1.80654,0,0,1.65245,1.65245,0,1.24163,2.54016,8.54316e+06,3.7602e+06,1.41171e+07,0,0,0,7.35807e+07
64.1057,85.139,2.22877,0.05,1,3.4764,3.4764,0,0.651451,5.32224,4.11084e+06,2.81318e+06,1.42909e+07,0,0,0,0,77.9114,79.791,1.73581,0,0,1.65252,1.65252,0,1.27668,2.54016,8.54316e+06,3.7602e+06,1.41177e+07,0,0,0,7.35807e+07
62.936,85.139,2.14467,0.05,1,3.47654,3.47654,0,0.651477,5.32224,4.11084e+06,2.81318e+06,1.42915e+07,0,0,0,0,77.3097,79.791,1.56391,0,0,1.65258,1.65258,0,1.27673,2.54016,8.54316e+06,3.7602e+06,1.41183e+07,0,0,0,7.35807e+07
61.6887,85.139,2.03779,0.06,1,3.47668,3.47668,0,0.651503,5.32224,4.11084e+06,2.81318e+06,1.42921e+07,0,0,0,0,76.7896,79.791,1.47544,0,0,1.65265,1.65265,0,1.27679,2.54016,8.54316e+06,3.7602e+06,1.41189e+07,0,0,0,7.35807e+07
60.4777,85.139,2.11959,0.06,1,3.55796,3.55796,0,0.65153,5.32224,4.11084e+06,2.81318e+06,1.46262e+07,0,0,0,0,76.3411,79.791,1.58886,0,0,1.6931,1.6931,0,1.27684,2.54016,8.54316e+06,3.7602e+06,1.44644e+07,0,0,0,7.35807e+07
59.1772,85.139,2.00142,0.07,1,3.55811,3.55811,0,0.666762,5.32224,4.11084e+06,2.81318e+06,1.46268e+07,0,0,0,0,75.7594,79.791,1.65109,0,0,1.69317,1.69317,0,1.30809,2.54016,8.54316e+06,3.7602e+06,1.4465e+07,0,0,0,7.35807e+07
57.7699,85.139,1.87261,0.11,1,3.55825,3.55825,0,0.666789,5.32224,4.11084e+06,2.81318e+06,1.46274e+07,0,0,0,0,75.2386,79.791,1.50925,0,0,1.69324,1.69324,0,1.30814,2.54016,8.54316e+06,3.7602e+06,1.44656e+07,0,0,0,7.35807e+07
56.358,85.139,1.84176,0.11,1,3.55839,3.55839,0,0.666816,5.32224,4.11084e+06,2.81318e+06,1.4628e+07,0,0,0,0,74.5278,79.791,1.62236,0,0,1.69331,1.69331,0,1.3082,2.54016,8.54316e+06,3.7602e+06,1.44662e+07,0,0,0,7.35807e+07
54.8065,85.139,1.84493,0.11,1,3.7962,3.7962,0,0.666843,5.32224,4.11084e+06,2.81318e+06,1.56056e+07,0,0,0,0,73.7721,79.791,1.41034,0,0,1.83917,1.83917,0,1.30825,2.54016,8.54316e+06,3.7602e+06,1.57123e+07,0,0,0,7.35807e+07
53.3746,85.139,1.94614,0.11,1,3.79635,3.79635,0,0.711407,5.32224,4.11084e+06,2.81318e+06,1.56062e+07,0,0,0,0,72.8838,79.791,1.47679,0,0,1.83924,1.83924,0,1.42094,2.54016,8.54316e+06,3.7602e+06,1.57129e+07,0,0,0,7.35807e+07
51.6009,85.139,1.59717,0.11,1,3.79651,3.79651,0,0.711436,5.32224,4.11084e+06,2.81318e+06,1.56068e+07,0,0,0,0,72.3437,79.791,1.18096,0,0,1.83932,1.83932,0,1.421,2.54016,8.54316e+06,3.7602e+06,1.57136e+07,0,0,0,7.35807e+07
50.1324,85.139,1.85494,0.13,1,3.79666,3.79666,0,0.711465,5.32224,4.11084e+06,2.81318e+06,1.56075e+07,0,0,0,0,71.951,79.791,1.77101,0,0,1.83939,1.83939,0,1.42106,2.54016,8.54316e+06,3.7602e+06,1.57142e+07,0,0,0,7.35807e+07
49.7922,85.139,2.94667,0.18,1,3.79681,3.79681,0,0.711494,5.32224,4.11084e+06,2.81318e+06,1.56081e+07,0,0,0,0,71.5989,79.791,2.358,0,0,1.83947,1.83947,0,1.42111,2.54016,8.54316e+06,3.7602e+06,1.57149e+07,0,0,0,7.35807e+07
48.5732,85.139,2.0188,0.17,1,3.68112,3.68112,0,0.711523,5.32224,4.11084e+06,2.81318e+06,1.51325e+07,0,0,0,0,70.8634,79.791,1.86632,0,0,1.75103,1.75103,0,1.42117,2.54016,8.54316e+06,3.7602e+06,1.49593e+07,0,0,0,7.35807e+07
47.0443,85.139,1.6153,0.16,1,3.68127,3.68127,0,0.689841,5.32224,4.11084e+06,2.81318e+06,1.51331e+07,0,0,0,0,70.4629,79.791,1.37014,0,0,1.7511,1.7511,0,1.35285,2.54016,8.54316e+06,3.7602e+06,1.496e+07,0,0,0,7.35807e+07
47.7112,85.139,3.86482,0.16,1,3.68141,3.68141,0,0.689869,5.32224,4.11084e+06,2.81318e+06,1.51337e+07,0,0,0,0,70.178,79.791,2.89481,0,0,1.75117,1.75117,0,1.3529,2.54016,8.54316e+06,3.7602e+06,1.49606e+07,0,0,0,7.35807e+07
47.9337,85.139,3.55141,0.16,1,3.68156,3.68156,0,0.689897,5.32224,4.11084e+06,2.81318e+06,1.51343e+07,0,0,0,0,69.9462,79.791,2.40448,0,0,1.75124,1.75124,0,1.35296,2.54016,8.54316e+06,3.7602e+06,1.49612e+07,0,0,0,7.35807e+07
47.3191,85.139,2.58739,0.16,1,3.58661,3.58661,0,0.689925,5.32224,4.11084e+06,2.81318e+06,1.4744e+07,0,0,0,0,69.8351,79.791,1.98637,0,0,1.67074,1.67074,0,1.35301,2.54016,8.54316e+06,3.7602e+06,1.42734e+07,0,0,0,7.35807e+07
47.729,85.139,3.88658,0.16,1,3.58675,3.58675,0,0.67213,5.32224,4.11084e+06,2.81318e+06,1.47446e+07,0,0,0,0,70.0852,79.791,3.67862,0,0,1.6708,1.6708,0,1.29081,2.54016,8.54316e+06,3.7602e+06,1.4274e+07,0,0,0,7.35807e+07
49.087,85.139,4.79329,0.15,1,3.5869,3.5869,0,0.672157,5.32224,4.11084e+06,2.81318e+06,1.47452e+07,0,0,0,0,70.4775,79.791,4.33457,0,0,1.67087,1.67087,0,1.29086,2.54016,8.54316e+06,3.7602e+06,1.42745e+07,0,0,0,7.35807e+07
51.127,85.139,5.35858,0.14,1,3.58704,3.58704,0,0.672184,5.32224,4.11084e+06,2.81318e+06,1.47457e+07,0,0,0,0,70.894,79.791,4.37914,0,0,1.67094,1.67094,0,1.29092,2.54016,8.54316e+06,3.7602e+06,1.42751e+07,0,0,0,7.35807e+07
55.6003,85.139,8.21741,0.09,1,3.31703,3.31703,0,0.672211,5.32224,4.11084e+06,2.81318e+06,1.36358e+07,0,0,0,0,72.8918,79.791,6.10439,0,0,1.50316,1.50316,0,1.29097,2.54016,8.54316e+06,3.7602e+06,1.28417e+07,0,0,0,7.35807e+07
62.4979,85.139,10.6923,0.1,1,3.31716,3.31716,0,0.621611,5.32224,4.11084e+06,2.81318e+06,1.36363e+07,0,0,0,0,76.3106,79.791,8.78426,0,0,1.50322,1.50322,0,1.16134,2.54016,8.54316e+06,3.7602e+06,1.28423e+07,0,0,0,7.35807e+07
69.2922,85.139,10.7262,0.07,1,3.3173,3.3173,0,0.621637,5.32224,4.11084e+06,2.81318e+06,1.36369e+07,0,0,0,0,80.8192,79.791,11.9466,0,0,1.50328,1.50328,0,1.16139,2.54016,8.54316e+06,3.7602e+06,1.28428e+07,0,0,0,7.35807e+07
77.0375,85.139,11.9185,0.05,1,3.31743,3.31743,0,0.621662,5.32224,4.11084e+06,2.81318e+06,1.36374e+07,0,0,0,0,80.8192,79.791,13.0643,0,0,1.50334,1.50334,0,1.16144,2.54016,8.54316e+06,3.7602e+06,1.28433e+07,0,0,0,7.35807e+07
85.139,85.139,14.4382,0.01,1,3.31757,3.31757,0,0.621687,5.32224,4.11084e+06,2.81318e+06,1.3638e+07,0,0,0,0,80.8192,79.791,14.115,0,0,1.5034,1.5034,0,1.16148,2.54016,8.54316e+06,3.7602e+06,1.28438e+07,0,0,0,7.35807e+07
85.139,85.139,5.83899,0,1,3.42162,3.42162,0,0.621712,5.32224,4.11084e+06,2.81318e+06,1.40657e+07,0,0,0,0,80.8192,79.791,11.1786,0,0,1.55207,1.55207,0,1.16153,2.54016,8.54316e+06,3.7602e+06,1.32596e+07,0,0,0,7.35807e+07
84.6578,85.139,3.38376,0.01,0.06,3.42173,3.42173,0,0.641212,5.32224,4.11084e+06,2.81318e+06,1.40662e+07,0,0,0,0,80.8192,79.791,7.35353,0,0,1.55212,1.55212,0,1.19913,2.54016,8.54316e+06,3.7602e+06,1.326e+07,0,0,0,7.35807e+07
83.5991,85.139,2.75513,0.02,0.06,3.42184,3.42184,0,0.641233,5.32224,4.11084e+06,2.81318e+06,1.40667e+07,0,0,0,0,80.8192,79.791,6.36235,0,0,1.55217,1.55217,0,1.19917,2.54016,8.54316e+06,3.7602e+06,1.32605e+07,0,0,0,7.35807e+07
82.9629,85.139,3.23919,0.02,0.06,3.42196,3.42196,0,0.641254,5.32224,4.11084e+06,2.81318e+06,1.40671e+07,0,0,0,0,80.8192,79.791,7.83856,0,0,1.55222,1.55222,0,1.19921,2.54016,8.54316e+06,3.7602e+06,1.32609e+07,0,0,0,7.35807e+07
85.139,85.139,8.79517,0.02,0.06,3.75585,3.75585,0,0.641275,5.32224,4.11084e+06,2.81318e+06,1.54397e+07,0,0,0,0,80.8192,79.791,18.6121,0,0,1.73479,1.73479,0,1.19925,2.54016,8.54316e+06,3.7602e+06,1.48206e+07,0,0,0,7.35807e+07
85.139,85.139,6.50151,0.01,0.06,3.75597,3.75597,0,0.703846,5.32224,4.11084e+06,2.81318e+06,1.54402e+07,0,0,0,0,80.8192,79.791,13.1446,0,0,1.73484,1.73484,0,1.3403,2.54016,8.54316e+06,3.7602e+06,1.48211e+07,0,0,0,7.35807e+07
85.139,85.139,5.27092,0.01,0.06,3.75609,3.75609,0,0.703869,5.32224,4.11084e+06,2.81318e+06,1.54407e+07,0,0,0,0,80.8192,79.791,9.53139,0,0,1.7349,1.7349,0,1.34034,2.54016,8.54316e+06,3.7602e+06,1.48215e+07,0,0,0,7.35807e+07
85.139,85.139,4.67118,0,0.06,3.75621,3.75621,0,0.703892,5.32224,4.11084e+06,2.81318e+06,1.54412e+07,0,0,0,0,80.8192,79.791,9.64768,0,0,1.73496,1.73496,0,1.34038,2.54016,8.54316e+06,3.7602e+06,1.4822e+07,0,0,0,7.35807e+07
85.139,85.139,6.0874,0.01,0.06,3.2802,3.2802,0,0.703915,5.32224,4.11084e+06,2.81318e+06,1.34844e+07,0,0,0,0,80.8192,79.791,7.13638,0,0,1.49005,1.49005,0,1.34043,2.54016,8.54316e+06,3.7602e+06,1.27297e+07,0,0,0,7.35807e+07
85.139,85.139,7.11402,0.01,0.06,3.2803,3.2803,0,0.614709,5.32224,4.11084e+06,2.81318e+06,1.34848e+07,0,0,0,0,80.8192,79.791,8.97554,0,0,1.49009,1.49009,0,1.15121,2.54016,8.54316e+06,3.7602e+06,1.27301e+07,0,0,0,7.35807e+07
85.139,85.139,6.65036,0.01,0.06,3.28041,3.28041,0,0.614729,5.32224,4.11084e+06,2.81318e+06,1.34852e+07,0,0,0,0,80.8192,79.791,8.6524,0,0,1.49014,1.49014,0,1.15125,2.54016,8.54316e+06,3.7602e+06,1.27305e+07,0,0,0,7.35807e+07
85.139,85.139,9.90493,0,0.06,3.28052,3.28052,0,0.614749,5.32224,4.11084e+06,2.81318e+06,1.34857e+07,0,0,0,0,80.8192,79.791,14.7746,0,0,1.49019,1.49019,0,1.15128,2.54016,8.54316e+06,3.7602e+06,1.27309e+07,0,0,0,7.35807e+07
85.139,85.139,6.90753,0,0.06,3.28062,3.28062,0,0.614769,5.32224,4.11084e+06,2.81318e+06,1.34861e+07,0,0,0,0,80.8192,79.791,10.6363,0,0,1.49024,1.49024,0,1.15132,2.54016,8.54316e+06,3.7602e+06,1.27314e+07,0,0,0,7.35807e+07
85.139,85.139,7.56034,0,0.06,3.4006,3.4006,0,0.614789,5.32224,4.11084e+06,2.81318e+06,1.39793e+07,0,0,0,0,80.8192,79.791,10.9077,0,0,1.55023,1.55023,0,1.15136,2.54016,8.54316e+06,3.7602e+06,1.32438e+07,0,0,0,7.35807e+07
85.139,85.139,5.49289,0,0.06,3.40071,3.40071,0,0.637273,5.32224,4.11084e+06,2.81318e+06,1.39798e+07,0,0,0,0,80.8192,79.791,7.82365,0,0,1.55028,1.55028,0,1.1977,2.54016,8.54316e+06,3.7602e+06,1.32443e+07,0,0,0,7.35807e+07
85.139,85.139,4.65372,0,0.06,3.40082,3.40082,0,0.637293,5.32224,4.11084e+06,2.81318e+06,1.39802e+07,0,0,0,0,80.8192,79.791,6.50874,0,0,1.55033,1.55033,0,1.19774,2.54016,8.54316e+06,3.7602e+06,1.32447e+07,0,0,0,7.35807e+07
85.139,85.139,4.33106,0,0.06,3.40093,3.40093,0,0.637314,5.32224,4.11084e+06,2.81318e+06,1.39807e+07,0,0,0,0,80.8192,79.791,5.88469,0,0,1.55038,1.55038,0,1.19778,2.54016,8.54316e+06,3.7602e+06,1.32451e+07,0,0,0,7.35807e+07
85.139,85.139,4.35604,0,0.06,3.35417,3.35417,0,0.637335,5.32224,4.11084e+06,2.81318e+06,1.37884e+07,0,0,0,0,80.8192,79.791,5.76489,0,0,1.52715,1.52715,0,1.19782,2.54016,8.54316e+06,3.7602e+06,1.30467e+07,0,0,0,7.35807e+07
85.139,85.139,4.13334,0,0.06,3.35428,3.35428,0,0.628571,5.32224,4.11084e+06,2.81318e+06,1.37889e+07,0,0,0,0,80.8192,79.791,4.85907,0,0,1.52719,1.52719,0,1.17987,2.54016,8.54316e+06,3.7602e+06,1.30471e+07,0,0,0,7.35807e+07
85.139,85.139,3.64053,0,0.06,3.35439,3.35439,0,0.628592,5.32224,4.11084e+06,2.81318e+06,1.37893e+07,0,0,0,0,80.8192,79.791,4.72328,0,0,1.52724,1.52724,0,1.17991,2.54016,8.54316e+06,3.7602e+06,1.30475e+07,0,0,0,7.35807e+07
84.8183,85.139,3.16592,0,0.06,3.3545,3.3545,0,0.628612,5.32224,4.11084e+06,2.81318e+06,1.37898e+07,0,0,0,0,80.8192,79.791,4.9738,0,0,1.52729,1.52729,0,1.17995,2.54016,8.54316e+06,3.7602e+06,1.30479e+07,0,0,0,7.35807e+07
84.4507,85.139,3.29093,0.01,0.06,3.51374,3.51374,0,0.628633,5.32224,4.11084e+06,2.81318e+06,1.44444e+07,0,0,0,0,80.8192,79.791,5.00537,0,0,1.60992,1.60992,0,1.17999,2.54016,8.54316e+06,3.7602e+06,1.37538e+07,0,0,0,7.35807e+07
84.1617,85.139,3.3888,0.02,0.06,3.51385,3.51385,0,0.658474,5.32224,4.11084e+06,2.81318e+06,1.44449e+07,0,0,0,0,80.8192,79.791,4.45759,0,0,1.60997,1.60997,0,1.24382,2.54016,8.54316e+06,3.7602e+06,1.37543e+07,0,0,0,7.35807e+07
83.5523,85.139,3.01489,0.02,0.06,3.51397,3.51397,0,0.658496,5.32224,4.11084e+06,2.81318e+06,1.44453e+07,0,0,0,0,80.8192,79.791,4.26157,0,0,1.61002,1.61002,0,1.24386,2.54016,8.54316e+06,3.7602e+06,1.37547e+07,0,0,0,7.35807e+07
82.8176,85.139,2.85548,0.02,0.06,3.51408,3.51408,0,0.658517,5.32224,4.11084e+06,2.81318e+06,1.44458e+07,0,0,0,0,80.8192,79.791,4.04507,0,0,1.61008,1.61008,0,1.24391,2.54016,8.54316e+06,3.7602e+06,1.37552e+07,0,0,0,7.35807e+07
81.7097,85.139,2.44921,0.02,0.06,3.51419,3.51419,0,0.658539,5.32224,4.11084e+06,2.81318e+06,1.44463e+07,0,0,0,0,80.8192,79.791,3.46552,0,0,1.61013,1.61013,0,1.24395,2.54016,8.54316e+06,3.7602e+06,1.37556e+07,0,0,0,7.35807e+07
80.1493,85.139,1.92702,0.02,0.06,3.48283,3.48283,0,0.65856,5.32224,4.11084e+06,2.81318e+06,1.43174e+07,0,0,0,0,80.8192,79.791,2.74894,0,0,1.65557,1.65557,0,1.24399,2.54016,8.54316e+06,3.7602e+06,1.41438e+07,0,0,0,7.35807e+07
78.4382,85.139,1.7622,0.02,0.06,3.48295,3.48295,0,0.652683,5.32224,4.11084e+06,2.81318e+06,1.43178e+07,0,0,0,0,80.8192,79.791,2.75597,0,0,1.65563,1.65563,0,1.2791,2.54016,8.54316e+06,3.7602e+06,1.41443e+07,0,0,0,7.35807e+07
76.5766,85.139,1.5909,0.02,0.06,3.48306,3.48306,0,0.652704,5.32224,4.11084e+06,2.81318e+06,1.43183e+07,0,0,0,0,80.8192,79.791,2.46801,0,0,1.65568,1.65568,0,1.27914,2.54016,8.54316e+06,3.7602e+06,1.41448e+07,0,0,0,7.35807e+07
74.6869,85.139,1.51593,0.05,0.06,3.48317,3.48317,0,0.652725,5.32224,4.11084e+06,2.81318e+06,1.43188e+07,0,0,0,0,80.8149,79.791,2.39732,0,0,1.65574,1.65574,0,1.27918,2.54016,8.54316e+06,3.7602e+06,1.41452e+07,0,0,0,7.35807e+07
72.8008,85.139,1.57442,0.04,0.06,3.56458,3.56458,0,0.652747,5.32224,4.11084e+06,2.81318e+06,1.46534e+07,0,0,0,0,80.752,79.791,2.35878,0,0,1.69625,1.69625,0,1.27922,2.54016,8.54316e+06,3.7602e+06,1.44913e+07,0,0,0,7.35807e+07
70.854,85.139,1.48601,0.06,0.06,3.56469,3.56469,0,0.668002,5.32224,4.11084e+06,2.81318e+06,1.46539e+07,0,0,0,0,80.6059,79.791,2.42069,0,0,1.69631,1.69631,0,1.31052,2.54016,8.54316e+06,3.7602e+06,1.44918e+07,0,0,0,7.35807e+07
68.8339,85.139,1.3905,0.06,0.06,3.56481,3.56481,0,0.668024,5.32224,4.11084e+06,2.81318e+06,1.46544e+07,0,0,0,0,80.4075,79.791,2.21502,0,0,1.69636,1.69636,0,1.31057,2.54016,8.54316e+06,3.7602e+06,1.44923e+07,0,0,0,7.35807e+07
66.8161,85.139,1.36711,0.06,0.06,3.56493,3.56493,0,0.668046,5.32224,4.11084e+06,2.81318e+06,1.46548e+07,0,0,0,0,80.2634,79.791,2.38199,0,0,1.69642,1.69642,0,1.31061,2.54016,8.54316e+06,3.7602e+06,1.44928e+07,0,0,0,7.35807e+07
64.5208,85.139,1.2498,0.1,0.06,3.80314,3.80314,0,0.668067,5.32224,4.11084e+06,2.81318e+06,1.56341e+07,0,0,0,0,79.9628,79.791,2.15859,0,0,1.84253,1.84253,0,1.31065,2.54016,8.54316e+06,3.7602e+06,1.5741e+07,0,0,0,7.35807e+07
62.1524,85.139,1.14792,0.09,0.06,3.80326,3.80326,0,0.712708,5.32224,4.11084e+06,2.81318e+06,1.56346e+07,0,0,0,0,79.5194,79.791,2.05342,0,0,1.84259,1.84259,0,1.42354,2.54016,8.54316e+06,3.7602e+06,1.57415e+07,0,0,0,7.35807e+07
59.6226,85.139,0.972038,0.09,0.06,3.80338,3.80338,0,0.712731,5.32224,4.11084e+06,2.81318e+06,1.56351e+07,0,0,0,0,79.1485,79.791,1.80678,0,0,1.84265,1.84265,0,1.42358,2.54016,8.54316e+06,3.7602e+06,1.57421e+07,0,0,0,7.35807e+07
57.222,85.139,1.05556,0.11,0.06,3.80351,3.80351,0,0.712754,5.32224,4.11084e+06,2.81318e+06,1.56356e+07,0,0,0,0,78.9629,79.791,2.38967,0,0,1.84271,1.84271,0,1.42363,2.54016,8.54316e+06,3.7602e+06,1.57426e+07,0,0,0,7.35807e+07
55.0057,85.139,1.22882,0.15,0.06,3.80363,3.80363,0,0.712777,5.32224,4.11084e+06,2.81318e+06,1.56361e+07,0,0,0,0,78.522,79.791,2.12143,0,0,1.84277,1.84277,0,1.42368,2.54016,8.54316e+06,3.7602e+06,1.57431e+07,0,0,0,7.35807e+07
52.7906,85.139,1.15668,0.15,0.06,3.6877,3.6877,0,0.7128,5.32224,4.11084e+06,2.81318e+06,1.51595e+07,0,0,0,0,78.2975,79.791,1.76226,0,0,1.75416,1.75416,0,1.42372,2.54016,8.54316e+06,3.7602e+06,1.49861e+07,0,0,0,7.35807e+07
51.5445,85.139,2.10905,0.13,0.06,3.68782,3.68782,0,0.691075,5.32224,4.11084e+06,2.81318e+06,1.516e+07,0,0,0,0,78.2485,79.791,3.21051,0,0,1.75422,1.75422,0,1.35527,2.54016,8.54316e+06,3.7602e+06,1.49866e+07,0,0,0,7.35807e+07
49.2305,85.139,0.986877,0.13,0.06,3.68794,3.68794,0,0.691097,5.32224,4.11084e+06,2.81318e+06,1.51605e+07,0,0,0,0,77.8729,79.791,1.69618,0,0,1.75428,1.75428,0,1.35531,2.54016,8.54316e+06,3.7602e+06,1.49871e+07,0,0,0,7.35807e+07
47.1666,85.139,1.20602,0.16,0.06,3.68806,3.68806,0,0.691119,5.32224,4.11084e+06,2.81318e+06,1.5161e+07,0,0,0,0,77.4186,79.791,1.911,0,0,1.75433,1.75433,0,1.35535,2.54016,8.54316e+06,3.7602e+06,1.49876e+07,0,0,0,7.35807e+07
45.1803,85.139,1.22976,0.16,0.06,3.5929,3.5929,0,0.691142,5.32224,4.11084e+06,2.81318e+06,1.47698e+07,0,0,0,0,77.1701,79.791,1.3415,0,0,1.67367,1.67367,0,1.3554,2.54016,8.54316e+06,3.7602e+06,1.42984e+07,0,0,0,7.35807e+07
43.5688,85.139,1.579,0.16,0.06,3.59302,3.59302,0,0.67331,5.32224,4.11084e+06,2.81318e+06,1.47703e+07,0,0,0,0,77.212,79.791,2.95773,0,0,1.67373,1.67373,0,1.29308,2.54016,8.54316e+06,3.7602e+06,1.42989e+07,0,0,0,7.35807e+07
44.5434,85.139,4.29748,0.16,0.06,3.59314,3.59314,0,0.673332,5.32224,4.11084e+06,2.81318e+06,1.47708e+07,0,0,0,0,78.2282,79.791,5.71495,0,0,1.67378,1.67378,0,1.29312,2.54016,8.54316e+06,3.7602e+06,1.42994e+07,0,0,0,7.35807e+07
43.8124,85.139,2.53656,0.17,0.06,3.59325,3.59325,0,0.673354,5.32224,4.11084e+06,2.81318e+06,1.47713e+07,0,0,0,0,78.5272,79.791,2.79868,0,0,1.67383,1.67383,0,1.29316,2.54016,8.54316e+06,3.7602e+06,1.42998e+07,0,0,0,7.35807e+07
43.36,85.139,2.60765,0.16,0.06,3.32275,3.32275,0,0.673376,5.32224,4.11084e+06,2.81318e+06,1.36593e+07,0,0,0,0,78.7328,79.791,2.3349,0,0,1.50575,1.50575,0,1.2932,2.54016,8.54316e+06,3.7602e+06,1.28639e+07,0,0,0,7.35807e+07
43.1328,85.139,2.91284,0.17,0.06,3.32286,3.32286,0,0.622683,5.32224,4.11084e+06,2.81318e+06,1.36597e+07,0,0,0,0,78.9887,79.791,2.54918,0,0,1.5058,1.5058,0,1.16334,2.54016,8.54316e+06,3.7602e+06,1.28643e+07,0,0,0,7.35807e+07
43.7254,85.139,3.66556,0.21,0.06,3.32296,3.32296,0,0.622703,5.32224,4.11084e+06,2.81318e+06,1.36602e+07,0,0,0,0,79.3242,79.791,2.96875,0,0,1.50585,1.50585,0,1.16338,2.54016,8.54316e+06,3.7602e+06,1.28647e+07,0,0,0,7.35807e+07
44.0785,85.139,3.61498,0.21,0.06,3.32307,3.32307,0,0.622723,5.32224,4.11084e+06,2.81318e+06,1.36606e+07,0,0,0,0,79.6074,79.791,3.02015,0,0,1.5059,1.5059,0,1.16342,2.54016,8.54316e+06,3.7602e+06,1.28651e+07,0,0,0,7.35807e+07
51.2678,85.139,10.5459,0.21,0.06,3.32318,3.32318,0,0.622744,5.32224,4.11084e+06,2.81318e+06,1.36611e+07,0,0,0,0,80.8192,79.791,5.43498,0,0,1.50595,1.50595,0,1.16346,2.54016,8.54316e+06,3.7602e+06,1.28656e+07,0,0,0,7.35807e+07
50.2501,85.139,2.39513,0.15,0.06,3.42738,3.42738,0,0.622764,5.32224,4.11084e+06,2.81318e+06,1.40894e+07,0,0,0,0,80.8192,79.791,2.42966,0,0,1.55469,1.55469,0,1.1635,2.54016,8.54316e+06,3.7602e+06,1.32819e+07,0,0,0,7.35807e+07
50.6521,85.139,3.86264,0.23,0.06,3.42747,3.42747,0,0.642292,5.32224,4.11084e+06,2.81318e+06,1.40898e+07,0,0,0,0,80.8192,79.791,3.0387,0,0,1.55472,1.55472,0,1.20115,2.54016,8.54316e+06,3.7602e+06,1.32823e+07,0,0,0,7.35807e+07
54.8237,85.139,7.68479,0.23,0.06,3.42755,3.42755,0,0.642308,5.32224,4.11084e+06,2.81318e+06,1.40901e+07,0,0,0,0,80.8192,79.791,4.62459,0,0,1.55476,1.55476,0,1.20118,2.54016,8.54316e+06,3.7602e+06,1.32826e+07,0,0,0,7.35807e+07
60.4222,85.139,9.26403,0.16,0.06,3.42764,3.42764,0,0.642323,5.32224,4.11084e+06,2.81318e+06,1.40905e+07,0,0,0,0,80.8192,79.791,4.63758,0,0,1.5548,1.5548,0,1.20121,2.54016,8.54316e+06,3.7602e+06,1.32829e+07,0,0,0,7.35807e+07
67.1306,85.139,11.012,0.13,0.06,3.76205,3.76205,0,0.642339,5.32224,4.11084e+06,2.81318e+06,1.54652e+07,0,0,0,0,80.8192,79.791,6.41014,0,0,1.73765,1.73765,0,1.20124,2.54016,8.54316e+06,3.7602e+06,1.48451e+07,0,0,0,7.35807e+07
73.0074,85.139,10.3559,0.13,0.06,3.76215,3.76215,0,0.705009,5.32224,4.11084e+06,2.81318e+06,1.54656e+07,0,0,0,0,80.8192,79.791,7.54861,0,0,1.7377,1.7377,0,1.34251,2.54016,8.54316e+06,3.7602e+06,1.48454e+07,0,0,0,7.35807e+07
77.2159,85.139,8.52869,0.06,0.06,3.76224,3.76224,0,0.705026,5.32224,4.11084e+06,2.81318e+06,1.5466e+07,0,0,0,0,80.8192,79.791,6.25682,0,0,1.73774,1.73774,0,1.34254,2.54016,8.54316e+06,3.7602e+06,1.48458e+07,0,0,0,7.35807e+07
84.5709,85.139,11.8783,0.01,0.06,3.76233,3.76233,0,0.705043,5.32224,4.11084e+06,2.81318e+06,1.54663e+07,0,0,0,0,80.8192,79.791,5.99158,0,0,1.73778,1.73778,0,1.34258,2.54016,8.54316e+06,3.7602e+06,1.48462e+07,0,0,0,7.35807e+07
85.139,85.139,10.0984,0.02,0.06,3.28551,3.28551,0,0.705061,5.32224,4.11084e+06,2.81318e+06,1.35062e+07,0,0,0,0,80.8192,79.791,10.3944,0,0,1.49246,1.49246,0,1.34261,2.54016,8.54316e+06,3.7602e+06,1.27503e+07,0,0,0,7.35807e+07
85.139,85.139,4.23406,0.01,0.06,3.28559,3.28559,0,0.615705,5.32224,4.11084e+06,2.81318e+06,1.35065e+07,0,0,0,0,80.8192,79.791,4.69353,0,0,1.4925,1.4925,0,1.15307,2.54016,8.54316e+06,3.7602e+06,1.27506e+07,0,0,0,7.35807e+07
85.139,85.139,4.95208,0.01,0.06,3.28567,3.28567,0,0.61572,5.32224,4.11084e+06,2.81318e+06,1.35069e+07,0,0,0,0,80.8192,79.791,4.18,0,0,1.49253,1.49253,0,1.1531,2.54016,8.54316e+06,3.7602e+06,1.2751e+07,0,0,0,7.35807e+07
85.139,85.139,4.05854,0,0.06,3.28575,3.28575,0,0.615735,5.32224,4.11084e+06,2.81318e+06,1.35072e+07,0,0,0,0,80.8192,79.791,3.69302,0,0,1.49257,1.49257,0,1.15313,2.54016,8.54316e+06,3.7602e+06,1.27513e+07,0,0,0,7.35807e+07
85.139,85.139,3.97137,0,0.06,3.28583,3.28583,0,0.61575,5.32224,4.11084e+06,2.81318e+06,1.35075e+07,0,0,0,0,80.8192,79.791,4.07394,0,0,1.49261,1.49261,0,1.15316,2.54016,8.54316e+06,3.7602e+06,1.27516e+07,0,0,0,7.35807e+07
85.139,85.139,5.34528,0,0.06,3.40597,3.40597,0,0.615765,5.32224,4.11084e+06,2.81318e+06,1.40014e+07,0,0,0,0,80.8192,79.791,5.63013,0,0,1.55268,1.55268,0,1.15319,2.54016,8.54316e+06,3.7602e+06,1.32648e+07,0,0,0,7.35807e+07
85.139,85.139,6.44609,0,0.06,3.40606,3.40606,0,0.63828,5.32224,4.11084e+06,2.81318e+06,1.40018e+07,0,0,0,0,80.8192,79.791,7.16887,0,0,1.55271,1.55271,0,1.1996,2.54016,8.54316e+06,3.7602e+06,1.32651e+07,0,0,0,7.35807e+07
85.139,85.139,4.51622,0,0.06,3.40614,3.40614,0,0.638295,5.32224,4.11084e+06,2.81318e+06,1.40021e+07,0,0,0,0,80.8192,79.791,4.95445,0,0,1.55275,1.55275,0,1.19963,2.54016,8.54316e+06,3.7602e+06,1.32654e+07,0,0,0,7.35807e+07
85.139,85.139,3.92045,0,0.06,3.40623,3.40623,0,0.638311,5.32224,4.11084e+06,2.81318e+06,1.40024e+07,0,0,0,0,80.8192,79.791,4.26482,0,0,1.55279,1.55279,0,1.19966,2.54016,8.54316e+06,3.7602e+06,1.32657e+07,0,0,0,7.35807e+07
85.139,85.139,4.02553,0,0.06,3.35936,3.35936,0,0.638327,5.32224,4.11084e+06,2.81318e+06,1.38098e+07,0,0,0,0,80.8192,79.791,3.89042,0,0,1.52951,1.52951,0,1.19969,2.54016,8.54316e+06,3.7602e+06,1.30668e+07,0,0,0,7.35807e+07
85.1004,85.139,3.59278,0,0.06,3.35944,3.35944,0,0.629544,5.32224,4.11084e+06,2.81318e+06,1.38101e+07,0,0,0,0,80.8192,79.791,3.74624,0,0,1.52955,1.52955,0,1.1817,2.54016,8.54316e+06,3.7602e+06,1.30672e+07,0,0,0,7.35807e+07
84.89,85.139,3.39117,0.01,0.06,3.35953,3.35953,0,0.62956,5.32224,4.11084e+06,2.81318e+06,1.38105e+07,0,0,0,0,80.8192,79.791,3.3992,0,0,1.52958,1.52958,0,1.18173,2.54016,8.54316e+06,3.7602e+06,1.30675e+07,0,0,0,7.35807e+07
84.4225,85.139,3.13466,0.01,0.06,3.35961,3.35961,0,0.629575,5.32224,4.11084e+06,2.81318e+06,1.38108e+07,0,0,0,0,80.8192,79.791,3.26649,0,0,1.52962,1.52962,0,1.18176,2.54016,8.54316e+06,3.7602e+06,1.30678e+07,0,0,0,7.35807e+07
83.4385,85.139,2.73536,0.01,0.06,3.51907,3.51907,0,0.629591,5.32224,4.11084e+06,2.81318e+06,1.44663e+07,0,0,0,0,80.8192,79.791,2.903,0,0,1.61236,1.61236,0,1.18179,2.54016,8.54316e+06,3.7602e+06,1.37747e+07,0,0,0,7.35807e+07
82.5032,85.139,2.71958,0.02,0.06,3.51915,3.51915,0,0.659473,5.32224,4.11084e+06,2.81318e+06,1.44667e+07,0,0,0,0,80.8192,79.791,3.26238,0,0,1.6124,1.6124,0,1.24571,2.54016,8.54316e+06,3.7602e+06,1.3775e+07,0,0,0,7.35807e+07
81.403,85.139,2.47768,0.02,0.06,3.51924,3.51924,0,0.659489,5.32224,4.11084e+06,2.81318e+06,1.4467e+07,0,0,0,0,80.8192,79.791,2.85862,0,0,1.61244,1.61244,0,1.24574,2.54016,8.54316e+06,3.7602e+06,1.37753e+07,0,0,0,7.35807e+07
80.1216,85.139,2.27721,0.02,0.06,3.51932,3.51932,0,0.659505,5.32224,4.11084e+06,2.81318e+06,1.44674e+07,0,0,0,0,80.8192,79.791,2.40279,0,0,1.61248,1.61248,0,1.24577,2.54016,8.54316e+06,3.7602e+06,1.37757e+07,0,0,0,7.35807e+07
78.9578,85.139,2.38704,0.02,0.06,3.51941,3.51941,0,0.659521,5.32224,4.11084e+06,2.81318e+06,1.44677e+07,0,0,0,0,80.8192,79.791,2.54071,0,0,1.61252,1.61252,0,1.2458,2.54016,8.54316e+06,3.7602e+06,1.3776e+07,0,0,0,7.35807e+07
78.0357,85.139,2.61761,0.02,0.06,3.48798,3.48798,0,0.659538,5.32224,4.11084e+06,2.81318e+06,1.43385e+07,0,0,0,0,80.8192,79.791,3.38044,0,0,1.65802,1.65802,0,1.24583,2.54016,8.54316e+06,3.7602e+06,1.41647e+07,0,0,0,7.35807e+07
76.9071,85.139,2.39581,0.02,0.06,3.48806,3.48806,0,0.653647,5.32224,4.11084e+06,2.81318e+06,1.43389e+07,0,0,0,0,80.8192,79.791,2.99395,0,0,1.65806,1.65806,0,1.28099,2.54016,8.54316e+06,3.7602e+06,1.41651e+07,0,0,0,7.35807e+07
75.623,85.139,2.20001,0.02,0.06,3.48815,3.48815,0,0.653663,5.32224,4.11084e+06,2.81318e+06,1.43392e+07,0,0,0,0,80.8192,79.791,2.93433,0,0,1.6581,1.6581,0,1.28102,2.54016,8.54316e+06,3.7602e+06,1.41654e+07,0,0,0,7.35807e+07
74.2327,85.139,2.05845,0.05,0.06,3.48823,3.48823,0,0.653679,5.32224,4.11084e+06,2.81318e+06,1.43396e+07,0,0,0,0,80.8192,79.791,2.82608,0,0,1.65814,1.65814,0,1.28105,2.54016,8.54316e+06,3.7602e+06,1.41658e+07,0,0,0,7.35807e+07
73.16,85.139,2.43657,0.04,0.06,3.56973,3.56973,0,0.653695,5.32224,4.11084e+06,2.81318e+06,1.46746e+07,0,0,0,0,80.8192,79.791,2.95513,0,0,1.6987,1.6987,0,1.28108,2.54016,8.54316e+06,3.7602e+06,1.45123e+07,0,0,0,7.35807e+07
72.1307,85.139,2.46349,0.06,0.06,3.56982,3.56982,0,0.668967,5.32224,4.11084e+06,2.81318e+06,1.46749e+07,0,0,0,0,80.8192,79.791,3.02909,0,0,1.69874,1.69874,0,1.31242,2.54016,8.54316e+06,3.7602e+06,1.45126e+07,0,0,0,7.35807e+07
70.8415,85.139,2.18766,0.06,0.06,3.5699,3.5699,0,0.668983,5.32224,4.11084e+06,2.81318e+06,1.46753e+07,0,0,0,0,80.8192,79.791,2.83991,0,0,1.69878,1.69878,0,1.31245,2.54016,8.54316e+06,3.7602e+06,1.4513e+07,0,0,0,7.35807e+07
69.3736,85.139,1.99059,0.06,0.06,3.56999,3.56999,0,0.669,5.32224,4.11084e+06,2.81318e+06,1.46757e+07,0,0,0,0,80.8192,79.791,2.69521,0,0,1.69883,1.69883,0,1.31248,2.54016,8.54316e+06,3.7602e+06,1.45133e+07,0,0,0,7.35807e+07
67.5421,85.139,1.78018,0.06,0.06,3.80851,3.80851,0,0.669016,5.32224,4.11084e+06,2.81318e+06,1.56562e+07,0,0,0,0,80.6969,79.791,2.65743,0,0,1.84513,1.84513,0,1.31251,2.54016,8.54316e+06,3.7602e+06,1.57633e+07,0,0,0,7.35807e+07
65.7982,85.139,1.8408,0.09,0.06,3.8086,3.8086,0,0.713715,5.32224,4.11084e+06,2.81318e+06,1.56566e+07,0,0,0,0,80.5762,79.791,2.79266,0,0,1.84518,1.84518,0,1.42555,2.54016,8.54316e+06,3.7602e+06,1.57637e+07,0,0,0,7.35807e+07
63.8577,85.139,1.64271,0.09,0.06,3.8087,3.8087,0,0.713732,5.32224,4.11084e+06,2.81318e+06,1.56569e+07,0,0,0,0,80.4268,79.791,2.67693,0,0,1.84522,1.84522,0,1.42558,2.54016,8.54316e+06,3.7602e+06,1.5764e+07,0,0,0,7.35807e+07
61.9742,85.139,1.66402,0.11,0.06,3.80879,3.80879,0,0.71375,5.32224,4.11084e+06,2.81318e+06,1.56573e+07,0,0,0,0,80.3954,79.791,2.89719,0,0,1.84527,1.84527,0,1.42562,2.54016,8.54316e+06,3.7602e+06,1.57644e+07,0,0,0,7.35807e+07
60.4652,85.139,2.03144,0.1,0.06,3.80888,3.80888,0,0.713767,5.32224,4.11084e+06,2.81318e+06,1.56577e+07,0,0,0,0,80.4444,79.791,3.73378,0,0,1.84531,1.84531,0,1.42565,2.54016,8.54316e+06,3.7602e+06,1.57648e+07,0,0,0,7.35807e+07
59.2124,85.139,2.27391,0.1,0.06,3.69276,3.69276,0,0.713785,5.32224,4.11084e+06,2.81318e+06,1.51803e+07,0,0,0,0,80.656,79.791,4.6245,0,0,1.75657,1.75657,0,1.42569,2.54016,8.54316e+06,3.7602e+06,1.50067e+07,0,0,0,7.35807e+07
60.0594,85.139,4.36921,0.15,0.06,3.69285,3.69285,0,0.692023,5.32224,4.11084e+06,2.81318e+06,1.51807e+07,0,0,0,0,80.8192,79.791,8.54113,0,0,1.75661,1.75661,0,1.35713,2.54016,8.54316e+06,3.7602e+06,1.5007e+07,0,0,0,7.35807e+07
58.5934,85.139,2.04141,0.09,0.06,3.69294,3.69294,0,0.69204,5.32224,4.11084e+06,2.81318e+06,1.51811e+07,0,0,0,0,80.8192,79.791,4.72123,0,0,1.75666,1.75666,0,1.35716,2.54016,8.54316e+06,3.7602e+06,1.50074e+07,0,0,0,7.35807e+07
57.3956,85.139,2.25642,0.12,0.06,3.69303,3.69303,0,0.692057,5.32224,4.11084e+06,2.81318e+06,1.51815e+07,0,0,0,0,80.8192,79.791,4.74491,0,0,1.7567,1.7567,0,1.35719,2.54016,8.54316e+06,3.7602e+06,1.50078e+07,0,0,0,7.35807e+07
56.8852,85.139,2.99666,0.12,0.06,3.59772,3.59772,0,0.692074,5.32224,4.11084e+06,2.81318e+06,1.47897e+07,0,0,0,0,80.8192,79.791,5.54813,0,0,1.67592,1.67592,0,1.35723,2.54016,8.54316e+06,3.7602e+06,1.43176e+07,0,0,0,7.35807e+07
56.5655,85.139,3.32485,0.12,0.06,3.59781,3.59781,0,0.674213,5.32224,4.11084e+06,2.81318e+06,1.479e+07,0,0,0,0,80.8192,79.791,6.71659,0,0,1.67596,1.67596,0,1.29481,2.54016,8.54316e+06,3.7602e+06,1.4318e+07,0,0,0,7.35807e+07
56.0498,85.139,3.16854,0.11,0.06,3.5979,3.5979,0,0.674229,5.32224,4.11084e+06,2.81318e+06,1.47904e+07,0,0,0,0,80.8192,79.791,10.1448,0,0,1.676,1.676,0,1.29484,2.54016,8.54316e+06,3.7602e+06,1.43183e+07,0,0,0,7.35807e+07
57.4884,85.139,5.15337,0.11,0.06,3.59799,3.59799,0,0.674246,5.32224,4.11084e+06,2.81318e+06,1.47907e+07,0,0,0,0,80.8192,79.791,8.84888,0,0,1.67604,1.67604,0,1.29488,2.54016,8.54316e+06,3.7602e+06,1.43187e+07,0,0,0,7.35807e+07
58.84,85.139,4.8764,0.13,0.06,3.3271,3.3271,0,0.674262,5.32224,4.11084e+06,2.81318e+06,1.36772e+07,0,0,0,0,80.8192,79.791,8.00652,0,0,1.50772,1.50772,0,1.29491,2.54016,8.54316e+06,3.7602e+06,1.28807e+07,0,0,0,7.35807e+07
61.7202,85.139,6.49439,0.12,0.06,3.32718,3.32718,0,0.623498,5.32224,4.11084e+06,2.81318e+06,1.36775e+07,0,0,0,0,80.8192,79.791,12.0671,0,0,1.50776,1.50776,0,1.16487,2.54016,8.54316e+06,3.7602e+06,1.2881e+07,0,0,0,7.35807e+07
65.9648,85.139,7.97265,0.08,0.06,3.32726,3.32726,0,0.623513,5.32224,4.11084e+06,2.81318e+06,1.36778e+07,0,0,0,0,80.8192,79.791,11.2144,0,0,1.5078,1.5078,0,1.1649,2.54016,8.54316e+06,3.7602e+06,1.28814e+07,0,0,0,7.35807e+07
68.2243,85.139,5.85091,0.1,0.06,3.32734,3.32734,0,0.623529,5.32224,4.11084e+06,2.81318e+06,1.36782e+07,0,0,0,0,80.8192,79.791,7.93734,0,0,1.50783,1.50783,0,1.16492,2.54016,8.54316e+06,3.7602e+06,1.28817e+07,0,0,0,7.35807e+07
76.0862,85.139,11.5369,0.08,0.06,3.32742,3.32742,0,0.623544,5.32224,4.11084e+06,2.81318e+06,1.36785e+07,0,0,0,0,80.8192,79.791,15.524,0,0,1.50787,1.50787,0,1.16495,2.54016,8.54316e+06,3.7602e+06,1.2882e+07,0,0,0,7.35807e+07
85.139,85.139,13.6972,0.08,0.06,3.43173,3.43173,0,0.623559,5.32224,4.11084e+06,2.81318e+06,1.41073e+07,0,0,0,0,80.8192,79.791,12.9706,0,0,1.55666,1.55666,0,1.16498,2.54016,8.54316e+06,3.7602e+06,1.32988e+07,0,0,0,7.35807e+07
85.139,85.139,8.60257,0.01,0.06,3.43179,3.43179,0,0.643107,5.32224,4.11084e+06,2.81318e+06,1.41075e+07,0,0,0,0,80.8192,79.791,7.15263,0,0,1.55668,1.55668,0,1.20267,2.54016,8.54316e+06,3.7602e+06,1.3299e+07,0,0,0,7.35807e+07
85.139,85.139,8.28772,0.01,0.06,3.43185,3.43185,0,0.643118,5.32224,4.11084e+06,2.81318e+06,1.41078e+07,0,0,0,0,80.8192,79.791,6.04927,0,0,1.55671,1.55671,0,1.20269,2.54016,8.54316e+06,3.7602e+06,1.32992e+07,0,0,0,7.35807e+07
85.139,85.139,8.79906,0.01,0.06,3.43191,3.43191,0,0.643128,5.32224,4.11084e+06,2.81318e+06,1.4108e+07,0,0,0,0,80.8192,79.791,8.51263,0,0,1.55674,1.55674,0,1.20271,2.54016,8.54316e+06,3.7602e+06,1.32995e+07,0,0,0,7.35807e+07
85.139,85.139,7.68576,0.01,0.06,3.76671,3.76671,0,0.643139,5.32224,4.11084e+06,2.81318e+06,1.54843e+07,0,0,0,0,80.8192,79.791,7.96101,0,0,1.7398,1.7398,0,1.20273,2.54016,8.54316e+06,3.7602e+06,1.48634e+07,0,0,0,7.35807e+07
85.139,85.139,8.54901,0.01,0.06,3.76677,3.76677,0,0.705881,5.32224,4.11084e+06,2.81318e+06,1.54846e+07,0,0,0,0,80.8192,79.791,8.45414,0,0,1.73983,1.73983,0,1.34417,2.54016,8.54316e+06,3.7602e+06,1.48637e+07,0,0,0,7.35807e+07
85.139,85.139,8.03933,0.01,0.06,3.76683,3.76683,0,0.705893,5.32224,4.11084e+06,2.81318e+06,1.54849e+07,0,0,0,0,80.8192,79.791,7.85542,0,0,1.73986,1.73986,0,1.3442,2.54016,8.54316e+06,3.7602e+06,1.48639e+07,0,0,0,7.35807e+07
85.139,85.139,8.66696,0.01,0.06,3.7669,3.7669,0,0.705905,5.32224,4.11084e+06,2.81318e+06,1.54851e+07,0,0,0,0,80.8192,79.791,7.3861,0,0,1.73989,1.73989,0,1.34422,2.54016,8.54316e+06,3.7602e+06,1.48642e+07,0,0,0,7.35807e+07
85.139,85.139,9.94959,0.01,0.06,3.28947,3.28947,0,0.705917,5.32224,4.11084e+06,2.81318e+06,1.35225e+07,0,0,0,0,80.8192,79.791,9.95284,0,0,1.49426,1.49426,0,1.34424,2.54016,8.54316e+06,3.7602e+06,1.27657e+07,0,0,0,7.35807e+07
85.139,85.139,7.77802,0.01,0.06,3.28953,3.28953,0,0.616447,5.32224,4.11084e+06,2.81318e+06,1.35227e+07,0,0,0,0,80.8192,79.791,7.61237,0,0,1.49428,1.49428,0,1.15446,2.54016,8.54316e+06,3.7602e+06,1.27659e+07,0,0,0,7.35807e+07
85.139,85.139,6.34577,0.01,0.06,3.28958,3.28958,0,0.616458,5.32224,4.11084e+06,2.81318e+06,1.3523e+07,0,0,0,0,80.8192,79.791,6.33327,0,0,1.49431,1.49431,0,1.15448,2.54016,8.54316e+06,3.7602e+06,1.27661e+07,0,0,0,7.35807e+07
85.139,85.139,8.64856,0,0.06,3.28964,3.28964,0,0.616468,5.32224,4.11084e+06,2.81318e+06,1.35232e+07,0,0,0,0,80.8192,79.791,9.1106,0,0,1.49433,1.49433,0,1.1545,2.54016,8.54316e+06,3.7602e+06,1.27663e+07,0,0,0,7.35807e+07
85.139,85.139,11.025,0,0.06,3.28969,3.28969,0,0.616478,5.32224,4.11084e+06,2.81318e+06,1.35234e+07,0,0,0,0,80.8192,79.791,10.6827,0,0,1.49436,1.49436,0,1.15452,2.54016,8.54316e+06,3.7602e+06,1.27666e+07,0,0,0,7.35807e+07
85.139,85.139,8.54294,0,0.06,3.40995,3.40995,0,0.616488,5.32224,4.11084e+06,2.81318e+06,1.40178e+07,0,0,0,0,80.8192,79.791,9.5071,0,0,1.55449,1.55449,0,1.15454,2.54016,8.54316e+06,3.7602e+06,1.32802e+07,0,0,0,7.35807e+07
85.139,85.139,9.50925,0,0.06,3.41001,3.41001,0,0.639024,5.32224,4.11084e+06,2.81318e+06,1.4018e+07,0,0,0,0,80.8192,79.791,9.55161,0,0,1.55451,1.55451,0,1.201,2.54016,8.54316e+06,3.7602e+06,1.32805e+07,0,0,0,7.35807e+07
85.139,85.139,7.87393,0,0.06,3.41006,3.41006,0,0.639035,5.32224,4.11084e+06,2.81318e+06,1.40182e+07,0,0,0,0,80.8192,79.791,8.96324,0,0,1.55454,1.55454,0,1.20102,2.54016,8.54316e+06,3.7602e+06,1.32807e+07,0,0,0,7.35807e+07
85.139,85.139,6.32995,0,0.06,3.41012,3.41012,0,0.639046,5.32224,4.11084e+06,2.81318e+06,1.40185e+07,0,0,0,0,80.8192,79.791,6.18641,0,0,1.55456,1.55456,0,1.20104,2.54016,8.54316e+06,3.7602e+06,1.32809e+07,0,0,0,7.35807e+07
85.139,85.139,6.08278,0,0.06,3.36317,3.36317,0,0.639056,5.32224,4.11084e+06,2.81318e+06,1.38255e+07,0,0,0,0,80.8192,79.791,5.2828,0,0,1.53125,1.53125,0,1.20106,2.54016,8.54316e+06,3.7602e+06,1.30817e+07,0,0,0,7.35807e+07
85.139,85.139,5.47726,0,0.06,3.36323,3.36323,0,0.630259,5.32224,4.11084e+06,2.81318e+06,1.38257e+07,0,0,0,0,80.8192,79.791,4.67389,0,0,1.53127,1.53127,0,1.18304,2.54016,8.54316e+06,3.7602e+06,1.30819e+07,0,0,0,7.35807e+07
85.139,85.139,4.99129,0,0.06,3.36329,3.36329,0,0.630269,5.32224,4.11084e+06,2.81318e+06,1.38259e+07,0,0,0,0,80.8192,79.791,4.28163,0,0,1.5313,1.5313,0,1.18306,2.54016,8.54316e+06,3.7602e+06,1.30821e+07,0,0,0,7.35807e+07
85.139,85.139,4.64596,0,0.06,3.36334,3.36334,0,0.63028,5.32224,4.11084e+06,2.81318e+06,1.38262e+07,0,0,0,0,80.8192,79.791,4.19462,0,0,1.53132,1.53132,0,1.18308,2.54016,8.54316e+06,3.7602e+06,1.30823e+07,0,0,0,7.35807e+07
85.139,85.139,4.54064,0,0.06,3.52295,3.52295,0,0.63029,5.32224,4.11084e+06,2.81318e+06,1.44823e+07,0,0,0,0,80.8192,79.791,4.48297,0,0,1.61414,1.61414,0,1.1831,2.54016,8.54316e+06,3.7602e+06,1.37899e+07,0,0,0,7.35807e+07
85.139,85.139,4.21119,0.01,0.06,3.52301,3.52301,0,0.660201,5.32224,4.11084e+06,2.81318e+06,1.44825e+07,0,0,0,0,80.8192,79.791,3.46056,0,0,1.61417,1.61417,0,1.24708,2.54016,8.54316e+06,3.7602e+06,1.37901e+07,0,0,0,7.35807e+07
85.139,85.139,4.03172,0.01,0.06,3.52307,3.52307,0,0.660212,5.32224,4.11084e+06,2.81318e+06,1.44828e+07,0,0,0,0,80.8192,79.791,3.73827,0,0,1.61419,1.61419,0,1.24711,2.54016,8.54316e+06,3.7602e+06,1.37903e+07,0,0,0,7.35807e+07
85.139,85.139,3.71613,0.01,0.06,3.52312,3.52312,0,0.660223,5.32224,4.11084e+06,2.81318e+06,1.4483e+07,0,0,0,0,80.8192,79.791,3.5318,0,0,1.61422,1.61422,0,1.24713,2.54016,8.54316e+06,3.7602e+06,1.37906e+07,0,0,0,7.35807e+07
85.0195,85.139,3.49999,0.01,0.06,3.52318,3.52318,0,0.660234,5.32224,4.11084e+06,2.81318e+06,1.44832e+07,0,0,0,0,80.8192,79.791,3.41849,0,0,1.61425,1.61425,0,1.24715,2.54016,8.54316e+06,3.7602e+06,1.37908e+07,0,0,0,7.35807e+07
84.4992,85.139,3.10636,0.02,0.06,3.49169,3.49169,0,0.660245,5.32224,4.11084e+06,2.81318e+06,1.43538e+07,0,0,0,0,80.8101,79.791,2.43065,0,0,1.65978,1.65978,0,1.24717,2.54016,8.54316e+06,3.7602e+06,1.41798e+07,0,0,0,7.35807e+07
83.8417,85.139,2.93549,0.02,0.06,3.49174,3.49174,0,0.654342,5.32224,4.11084e+06,2.81318e+06,1.4354e+07,0,0,0,0,80.7352,79.791,2.3462,0,0,1.65981,1.65981,0,1.28235,2.54016,8.54316e+06,3.7602e+06,1.418e+07,0,0,0,7.35807e+07
83.0492,85.139,2.78045,0.02,0.06,3.4918,3.4918,0,0.654353,5.32224,4.11084e+06,2.81318e+06,1.43542e+07,0,0,0,0,80.5935,79.791,2.22335,0,0,1.65984,1.65984,0,1.28237,2.54016,8.54316e+06,3.7602e+06,1.41803e+07,0,0,0,7.35807e+07
82.069,85.139,2.57993,0.03,0.06,3.49186,3.49186,0,0.654364,5.32224,4.11084e+06,2.81318e+06,1.43545e+07,0,0,0,0,80.3883,79.791,2.07528,0,0,1.65987,1.65987,0,1.28239,2.54016,8.54316e+06,3.7602e+06,1.41805e+07,0,0,0,7.35807e+07
81.1476,85.139,2.67984,0.03,0.06,3.57341,3.57341,0,0.654375,5.32224,4.11084e+06,2.81318e+06,1.46897e+07,0,0,0,0,80.3196,79.791,2.28738,0,0,1.70045,1.70045,0,1.28241,2.54016,8.54316e+06,3.7602e+06,1.45273e+07,0,0,0,7.35807e+07
80.2668,85.139,2.69699,0.03,0.06,3.57347,3.57347,0,0.669658,5.32224,4.11084e+06,2.81318e+06,1.469e+07,0,0,0,0,80.3234,79.791,2.43639,0,0,1.70048,1.70048,0,1.31377,2.54016,8.54316e+06,3.7602e+06,1.45275e+07,0,0,0,7.35807e+07
79.0978,85.139,2.39481,0.03,0.06,3.57353,3.57353,0,0.669669,5.32224,4.11084e+06,2.81318e+06,1.46902e+07,0,0,0,0,80.2751,79.791,2.31007,0,0,1.70051,1.70051,0,1.31379,2.54016,8.54316e+06,3.7602e+06,1.45277e+07,0,0,0,7.35807e+07
77.7432,85.139,2.19259,0.03,0.06,3.57359,3.57359,0,0.66968,5.32224,4.11084e+06,2.81318e+06,1.46905e+07,0,0,0,0,80.2,79.791,2.16805,0,0,1.70054,1.70054,0,1.31381,2.54016,8.54316e+06,3.7602e+06,1.4528e+07,0,0,0,7.35807e+07
76.0911,85.139,2.05648,0.03,0.06,3.81232,3.81232,0,0.669691,5.32224,4.11084e+06,2.81318e+06,1.56718e+07,0,0,0,0,80.0254,79.791,2.2128,0,0,1.84698,1.84698,0,1.31384,2.54016,8.54316e+06,3.7602e+06,1.5779e+07,0,0,0,7.35807e+07
74.8271,85.139,2.43159,0.06,0.06,3.81238,3.81238,0,0.714429,5.32224,4.11084e+06,2.81318e+06,1.56721e+07,0,0,0,0,79.9703,79.791,2.47509,0,0,1.84701,1.84701,0,1.42698,2.54016,8.54316e+06,3.7602e+06,1.57793e+07,0,0,0,7.35807e+07
73.1639,85.139,2.0461,0.06,0.06,3.81245,3.81245,0,0.714441,5.32224,4.11084e+06,2.81318e+06,1.56724e+07,0,0,0,0,79.8014,79.791,2.17666,0,0,1.84704,1.84704,0,1.427,2.54016,8.54316e+06,3.7602e+06,1.57796e+07,0,0,0,7.35807e+07
71.7199,85.139,2.23119,0.06,0.06,3.81251,3.81251,0,0.714453,5.32224,4.11084e+06,2.81318e+06,1.56726e+07,0,0,0,0,79.9193,79.791,2.88344,0,0,1.84707,1.84707,0,1.42702,2.54016,8.54316e+06,3.7602e+06,1.57798e+07,0,0,0,7.35807e+07
70.1368,85.139,2.07565,0.08,0.06,3.81257,3.81257,0,0.714465,5.32224,4.11084e+06,2.81318e+06,1.56729e+07,0,0,0,0,79.844,79.791,2.56679,0,0,1.8471,1.8471,0,1.42705,2.54016,8.54316e+06,3.7602e+06,1.57801e+07,0,0,0,7.35807e+07
69.8922,85.139,3.35674,0.07,0.06,3.69631,3.69631,0,0.714477,5.32224,4.11084e+06,2.81318e+06,1.51949e+07,0,0,0,0,80.4345,79.791,3.5546,0,0,1.75826,1.75826,0,1.42707,2.54016,8.54316e+06,3.7602e+06,1.50211e+07,0,0,0,7.35807e+07
69.4614,85.139,3.22045,0.06,0.06,3.69637,3.69637,0,0.692689,5.32224,4.11084e+06,2.81318e+06,1.51952e+07,0,0,0,0,80.8192,79.791,3.86334,0,0,1.75829,1.75829,0,1.35843,2.54016,8.54316e+06,3.7602e+06,1.50213e+07,0,0,0,7.35807e+07
67.8133,85.139,1.93409,0.07,0.06,3.69643,3.69643,0,0.6927,5.32224,4.11084e+06,2.81318e+06,1.51954e+07,0,0,0,0,80.8192,79.791,2.42189,0,0,1.75832,1.75832,0,1.35845,2.54016,8.54316e+06,3.7602e+06,1.50216e+07,0,0,0,7.35807e+07
66.8259,85.139,2.62248,0.08,0.06,3.6965,3.6965,0,0.692712,5.32224,4.11084e+06,2.81318e+06,1.51957e+07,0,0,0,0,80.8192,79.791,3.04127,0,0,1.75835,1.75835,0,1.35848,2.54016,8.54316e+06,3.7602e+06,1.50218e+07,0,0,0,7.35807e+07
69.2043,85.139,6.0103,0.08,0.06,3.60107,3.60107,0,0.692723,5.32224,4.11084e+06,2.81318e+06,1.48034e+07,0,0,0,0,80.8192,79.791,6.41227,0,0,1.67747,1.67747,0,1.3585,2.54016,8.54316e+06,3.7602e+06,1.43309e+07,0,0,0,7.35807e+07
69.6887,85.139,4.22263,0.06,0.06,3.60113,3.60113,0,0.67484,5.32224,4.11084e+06,2.81318e+06,1.48037e+07,0,0,0,0,80.8192,79.791,4.76206,0,0,1.6775,1.6775,0,1.29602,2.54016,8.54316e+06,3.7602e+06,1.43312e+07,0,0,0,7.35807e+07
70.7122,85.139,4.80339,0.07,0.06,3.60119,3.60119,0,0.674851,5.32224,4.11084e+06,2.81318e+06,1.48039e+07,0,0,0,0,80.8192,79.791,6.55575,0,0,1.67753,1.67753,0,1.29604,2.54016,8.54316e+06,3.7602e+06,1.43314e+07,0,0,0,7.35807e+07
71.5169,85.139,4.59639,0.07,0.06,3.60125,3.60125,0,0.674862,5.32224,4.11084e+06,2.81318e+06,1.48041e+07,0,0,0,0,80.8192,79.791,5.771,0,0,1.67756,1.67756,0,1.29606,2.54016,8.54316e+06,3.7602e+06,1.43316e+07,0,0,0,7.35807e+07
71.7175,85.139,3.74903,0.07,0.06,3.33009,3.33009,0,0.674873,5.32224,4.11084e+06,2.81318e+06,1.36894e+07,0,0,0,0,80.8192,79.791,5.43778,0,0,1.50908,1.50908,0,1.29608,2.54016,8.54316e+06,3.7602e+06,1.28923e+07,0,0,0,7.35807e+07
71.7794,85.139,3.69807,0.06,0.06,3.33014,3.33014,0,0.624058,5.32224,4.11084e+06,2.81318e+06,1.36897e+07,0,0,0,0,80.8192,79.791,8.16234,0,0,1.5091,1.5091,0,1.16591,2.54016,8.54316e+06,3.7602e+06,1.28925e+07,0,0,0,7.35807e+07
74.04,85.139,6.1074,0.07,0.06,3.3302,3.3302,0,0.624069,5.32224,4.11084e+06,2.81318e+06,1.36899e+07,0,0,0,0,80.8192,79.791,10.5404,0,0,1.50913,1.50913,0,1.16593,2.54016,8.54316e+06,3.7602e+06,1.28927e+07,0,0,0,7.35807e+07
82.1884,85.139,12.2394,0.07,0.06,3.33025,3.33025,0,0.624079,5.32224,4.11084e+06,2.81318e+06,1.36901e+07,0,0,0,0,80.8192,79.791,23.8959,0,0,1.50915,1.50915,0,1.16595,2.54016,8.54316e+06,3.7602e+06,1.28929e+07,0,0,0,7.35807e+07
85.139,85.139,7.21767,0.04,0.06,3.33031,3.33031,0,0.624089,5.32224,4.11084e+06,2.81318e+06,1.36904e+07,0,0,0,0,80.8192,79.791,12.8814,0,0,1.50918,1.50918,0,1.16597,2.54016,8.54316e+06,3.7602e+06,1.28932e+07,0,0,0,7.35807e+07
85.139,85.139,10.4825,0.01,0.06,3.33031,3.33031,0,0.6241,5.32224,4.11084e+06,2.81318e+06,1.36904e+07,0,0,0,0,80.8192,79.791,11.4763,0,0,1.50918,1.50918,0,1.16599,2.54016,8.54316e+06,3.7602e+06,1.28932e+07,0,0,0,7.35807e+07
85.139,85.139,4.91115,0.01,0.06,3.43468,3.43468,0,0.6241,5.32224,4.11084e+06,2.81318e+06,1.41194e+07,0,0,0,0,80.8192,79.791,6.71755,0,0,1.558,1.558,0,1.16599,2.54016,8.54316e+06,3.7602e+06,1.33102e+07,0,0,0,7.35807e+07
85.139,85.139,4.10606,0.01,0.06,3.43471,3.43471,0,0.643659,5.32224,4.11084e+06,2.81318e+06,1.41196e+07,0,0,0,0,80.8192,79.791,5.83357,0,0,1.55801,1.55801,0,1.20371,2.54016,8.54316e+06,3.7602e+06,1.33103e+07,0,0,0,7.35807e+07
85.139,85.139,4.39454,0.01,0.06,3.43474,3.43474,0,0.643665,5.32224,4.11084e+06,2.81318e+06,1.41197e+07,0,0,0,0,80.8192,79.791,6.57863,0,0,1.55802,1.55802,0,1.20372,2.54016,8.54316e+06,3.7602e+06,1.33105e+07,0,0,0,7.35807e+07
85.139,85.139,4.2409,0.01,0.06,3.43477,3.43477,0,0.643671,5.32224,4.11084e+06,2.81318e+06,1.41198e+07,0,0,0,0,80.8192,79.791,5.72938,0,0,1.55804,1.55804,0,1.20373,2.54016,8.54316e+06,3.7602e+06,1.33106e+07,0,0,0,7.35807e+07
85.139,85.139,5.5797,0.01,0.06,3.76983,3.76983,0,0.643677,5.32224,4.11084e+06,2.81318e+06,1.54972e+07,0,0,0,0,80.8192,79.791,6.96299,0,0,1.74125,1.74125,0,1.20374,2.54016,8.54316e+06,3.7602e+06,1.48757e+07,0,0,0,7.35807e+07
85.139,85.139,5.31647,0.01,0.06,3.76986,3.76986,0,0.706466,5.32224,4.11084e+06,2.81318e+06,1.54973e+07,0,0,0,0,80.8192,79.791,6.2921,0,0,1.74126,1.74126,0,1.34529,2.54016,8.54316e+06,3.7602e+06,1.48759e+07,0,0,0,7.35807e+07
85.139,85.139,5.90526,0.01,0.06,3.76989,3.76989,0,0.706472,5.32224,4.11084e+06,2.81318e+06,1.54974e+07,0,0,0,0,80.8192,79.791,6.13153,0,0,1.74128,1.74128,0,1.3453,2.54016,8.54316e+06,3.7602e+06,1.4876e+07,0,0,0,7.35807e+07
85.139,85.139,5.14334,0.01,0.06,3.76993,3.76993,0,0.706478,5.32224,4.11084e+06,2.81318e+06,1.54976e+07,0,0,0,0,80.8192,79.791,5.10495,0,0,1.74129,1.74129,0,1.34531,2.54016,8.54316e+06,3.7602e+06,1.48761e+07,0,0,0,7.35807e+07
85.139,85.139,5.71666,0.01,0.06,3.2921,3.2921,0,0.706485,5.32224,4.11084e+06,2.81318e+06,1.35333e+07,0,0,0,0,80.8192,79.791,6.70563,0,0,1.49545,1.49545,0,1.34532,2.54016,8.54316e+06,3.7602e+06,1.27759e+07,0,0,0,7.35807e+07
85.139,85.139,5.4173,0.01,0.06,3.29212,3.29212,0,0.616939,5.32224,4.11084e+06,2.81318e+06,1.35334e+07,0,0,0,0,80.8192,79.791,8.49551,0,0,1.49546,1.49546,0,1.15539,2.54016,8.54316e+06,3.7602e+06,1.2776e+07,0,0,0,7.35807e+07
85.139,85.139,5.75654,0,0.06,3.29215,3.29215,0,0.616944,5.32224,4.11084e+06,2.81318e+06,1.35335e+07,0,0,0,0,80.8192,79.791,8.86864,0,0,1.49548,1.49548,0,1.1554,2.54016,8.54316e+06,3.7602e+06,1.27761e+07,0,0,0,7.35807e+07
85.139,85.139,10.1184,0,0.06,3.29218,3.29218,0,0.61695,5.32224,4.11084e+06,2.81318e+06,1.35336e+07,0,0,0,0,80.8192,79.791,13.6609,0,0,1.49549,1.49549,0,1.15541,2.54016,8.54316e+06,3.7602e+06,1.27762e+07,0,0,0,7.35807e+07
85.139,85.139,3.98046,0,0.06,3.29221,3.29221,0,0.616955,5.32224,4.11084e+06,2.81318e+06,1.35338e+07,0,0,0,0,80.8192,79.791,4.43742,0,0,1.4955,1.4955,0,1.15542,2.54016,8.54316e+06,3.7602e+06,1.27763e+07,0,0,0,7.35807e+07
85.139,85.139,5.85773,0,0.06,3.41253,3.41253,0,0.616961,5.32224,4.11084e+06,2.81318e+06,1.40284e+07,0,0,0,0,80.8192,79.791,6.24945,0,0,1.55567,1.55567,0,1.15543,2.54016,8.54316e+06,3.7602e+06,1.32903e+07,0,0,0,7.35807e+07
85.139,85.139,5.65928,0,0.06,3.41256,3.41256,0,0.639509,5.32224,4.11084e+06,2.81318e+06,1.40285e+07,0,0,0,0,80.8192,79.791,7.14116,0,0,1.55568,1.55568,0,1.20191,2.54016,8.54316e+06,3.7602e+06,1.32904e+07,0,0,0,7.35807e+07
85.139,85.139,6.35329,0,0.06,3.41259,3.41259,0,0.639514,5.32224,4.11084e+06,2.81318e+06,1.40286e+07,0,0,0,0,80.8192,79.791,6.4522,0,0,1.55569,1.55569,0,1.20192,2.54016,8.54316e+06,3.7602e+06,1.32905e+07,0,0,0,7.35807e+07
85.139,85.139,4.13093,0,0.06,3.41262,3.41262,0,0.63952,5.32224,4.11084e+06,2.81318e+06,1.40288e+07,0,0,0,0,80.8192,79.791,4.3804,0,0,1.55571,1.55571,0,1.20193,2.54016,8.54316e+06,3.7602e+06,1.32907e+07,0,0,0,7.35807e+07
85.139,85.139,3.73336,0,0.06,3.36562,3.36562,0,0.639526,5.32224,4.11084e+06,2.81318e+06,1.38355e+07,0,0,0,0,80.8192,79.791,3.90208,0,0,1.53236,1.53236,0,1.20194,2.54016,8.54316e+06,3.7602e+06,1.30912e+07,0,0,0,7.35807e+07
84.9425,85.139,3.46894,0,0.06,3.36565,3.36565,0,0.630717,5.32224,4.11084e+06,2.81318e+06,1.38356e+07,0,0,0,0,80.8192,79.791,3.9021,0,0,1.53237,1.53237,0,1.1839,2.54016,8.54316e+06,3.7602e+06,1.30913e+07,0,0,0,7.35807e+07
84.622,85.139,3.33238,0.01,0.06,3.36568,3.36568,0,0.630723,5.32224,4.11084e+06,2.81318e+06,1.38358e+07,0,0,0,0,80.8192,79.791,4.76039,0,0,1.53239,1.53239,0,1.18391,2.54016,8.54316e+06,3.7602e+06,1.30914e+07,0,0,0,7.35807e+07
84.0307,85.139,3.03225,0.01,0.06,3.36571,3.36571,0,0.630728,5.32224,4.11084e+06,2.81318e+06,1.38359e+07,0,0,0,0,80.8192,79.791,3.73594,0,0,1.5324,1.5324,0,1.18392,2.54016,8.54316e+06,3.7602e+06,1.30915e+07,0,0,0,7.35807e+07
83.1801,85.139,2.87107,0.02,0.06,3.5254,3.5254,0,0.630734,5.32224,4.11084e+06,2.81318e+06,1.44924e+07,0,0,0,0,80.8192,79.791,3.20375,0,0,1.61526,1.61526,0,1.18393,2.54016,8.54316e+06,3.7602e+06,1.37995e+07,0,0,0,7.35807e+07
82.0714,85.139,2.52229,0.02,0.06,3.52543,3.52543,0,0.66066,5.32224,4.11084e+06,2.81318e+06,1.44925e+07,0,0,0,0,80.8192,79.791,3.07094,0,0,1.61528,1.61528,0,1.24795,2.54016,8.54316e+06,3.7602e+06,1.37996e+07,0,0,0,7.35807e+07
80.9026,85.139,2.44481,0.02,0.06,3.52546,3.52546,0,0.660666,5.32224,4.11084e+06,2.81318e+06,1.44926e+07,0,0,0,0,80.8192,79.791,3.09756,0,0,1.61529,1.61529,0,1.24796,2.54016,8.54316e+06,3.7602e+06,1.37997e+07,0,0,0,7.35807e+07
79.6267,85.139,2.31762,0.02,0.06,3.52549,3.52549,0,0.660672,5.32224,4.11084e+06,2.81318e+06,1.44927e+07,0,0,0,0,80.8192,79.791,2.97137,0,0,1.61531,1.61531,0,1.24798,2.54016,8.54316e+06,3.7602e+06,1.37998e+07,0,0,0,7.35807e+07
77.5979,85.139,1.52679,0.02,0.06,3.52553,3.52553,0,0.660678,5.32224,4.11084e+06,2.81318e+06,1.44929e+07,0,0,0,0,80.6286,79.791,2.25604,0,0,1.61532,1.61532,0,1.24799,2.54016,8.54316e+06,3.7602e+06,1.38e+07,0,0,0,7.35807e+07
75.5579,85.139,1.45148,0.02,0.06,3.49398,3.49398,0,0.660684,5.32224,4.11084e+06,2.81318e+06,1.43632e+07,0,0,0,0,80.3686,79.791,2.21886,0,0,1.66087,1.66087,0,1.248,2.54016,8.54316e+06,3.7602e+06,1.41891e+07,0,0,0,7.35807e+07
73.3738,85.139,1.26457,0.04,0.06,3.49401,3.49401,0,0.654772,5.32224,4.11084e+06,2.81318e+06,1.43633e+07,0,0,0,0,80.0552,79.791,2.07687,0,0,1.66089,1.66089,0,1.28319,2.54016,8.54316e+06,3.7602e+06,1.41892e+07,0,0,0,7.35807e+07
71.186,85.139,1.23323,0.05,0.06,3.49404,3.49404,0,0.654778,5.32224,4.11084e+06,2.81318e+06,1.43635e+07,0,0,0,0,79.7415,79.791,2.16276,0,0,1.6609,1.6609,0,1.2832,2.54016,8.54316e+06,3.7602e+06,1.41894e+07,0,0,0,7.35807e+07
68.9358,85.139,1.12619,0.04,0.06,3.49407,3.49407,0,0.654784,5.32224,4.11084e+06,2.81318e+06,1.43636e+07,0,0,0,0,79.3784,79.791,1.87774,0,0,1.66092,1.66092,0,1.28321,2.54016,8.54316e+06,3.7602e+06,1.41895e+07,0,0,0,7.35807e+07
66.7959,85.139,1.30278,0.06,0.06,3.57565,3.57565,0,0.65479,5.32224,4.11084e+06,2.81318e+06,1.46989e+07,0,0,0,0,79.1137,79.791,2.17945,0,0,1.70152,1.70152,0,1.28323,2.54016,8.54316e+06,3.7602e+06,1.45364e+07,0,0,0,7.35807e+07
64.5729,85.139,1.1723,0.1,0.06,3.57568,3.57568,0,0.670077,5.32224,4.11084e+06,2.81318e+06,1.46991e+07,0,0,0,0,78.7552,79.791,2.11065,0,0,1.70153,1.70153,0,1.31459,2.54016,8.54316e+06,3.7602e+06,1.45365e+07,0,0,0,7.35807e+07
62.2777,85.139,1.06857,0.1,0.06,3.57572,3.57572,0,0.670083,5.32224,4.11084e+06,2.81318e+06,1.46992e+07,0,0,0,0,78.3673,79.791,1.82498,0,0,1.70155,1.70155,0,1.31461,2.54016,8.54316e+06,3.7602e+06,1.45366e+07,0,0,0,7.35807e+07
60.0951,85.139,1.14535,0.1,0.06,3.57575,3.57575,0,0.670089,5.32224,4.11084e+06,2.81318e+06,1.46993e+07,0,0,0,0,77.9892,79.791,2.32072,0,0,1.70156,1.70156,0,1.31462,2.54016,8.54316e+06,3.7602e+06,1.45367e+07,0,0,0,7.35807e+07
57.5021,85.139,0.874795,0.09,0.06,3.81459,3.81459,0,0.670095,5.32224,4.11084e+06,2.81318e+06,1.56812e+07,0,0,0,0,77.4344,79.791,1.65227,0,0,1.84808,1.84808,0,1.31463,2.54016,8.54316e+06,3.7602e+06,1.57884e+07,0,0,0,7.35807e+07
55.0159,85.139,0.952778,0.12,0.06,3.81462,3.81462,0,0.714854,5.32224,4.11084e+06,2.81318e+06,1.56813e+07,0,0,0,0,76.8638,79.791,1.95244,0,0,1.84809,1.84809,0,1.42783,2.54016,8.54316e+06,3.7602e+06,1.57886e+07,0,0,0,7.35807e+07
52.3971,85.139,0.795608,0.15,0.06,3.81466,3.81466,0,0.71486,5.32224,4.11084e+06,2.81318e+06,1.56814e+07,0,0,0,0,76.2964,79.791,1.56103,0,0,1.84811,1.84811,0,1.42784,2.54016,8.54316e+06,3.7602e+06,1.57887e+07,0,0,0,7.35807e+07
49.9523,85.139,0.910299,0.15,0.06,3.81469,3.81469,0,0.714867,5.32224,4.11084e+06,2.81318e+06,1.56816e+07,0,0,0,0,75.5635,79.791,2.34765,0,0,1.84813,1.84813,0,1.42785,2.54016,8.54316e+06,3.7602e+06,1.57889e+07,0,0,0,7.35807e+07
47.3557,85.139,0.716508,0.19,0.06,3.81473,3.81473,0,0.714873,5.32224,4.11084e+06,2.81318e+06,1.56817e+07,0,0,0,0,74.8221,79.791,1.21788,0,0,1.84814,1.84814,0,1.42786,2.54016,8.54316e+06,3.7602e+06,1.5789e+07,0,0,0,7.35807e+07
44.9326,85.139,0.778463,0.17,0.06,3.69837,3.69837,0,0.71488,5.32224,4.11084e+06,2.81318e+06,1.52034e+07,0,0,0,0,74.1301,79.791,1.47972,0,0,1.75924,1.75924,0,1.42788,2.54016,8.54316e+06,3.7602e+06,1.50295e+07,0,0,0,7.35807e+07
42.5313,85.139,0.756163,0.17,0.06,3.6984,3.6984,0,0.693074,5.32224,4.11084e+06,2.81318e+06,1.52035e+07,0,0,0,0,73.6758,79.791,1.40315,0,0,1.75925,1.75925,0,1.35919,2.54016,8.54316e+06,3.7602e+06,1.50296e+07,0,0,0,7.35807e+07
40.279,85.139,0.901556,0.22,0.06,3.69843,3.69843,0,0.69308,5.32224,4.11084e+06,2.81318e+06,1.52037e+07,0,0,0,0,73.128,79.791,1.75582,0,0,1.75927,1.75927,0,1.3592,2.54016,8.54316e+06,3.7602e+06,1.50297e+07,0,0,0,7.35807e+07
38.1398,85.139,0.968159,0.22,0.06,3.69847,3.69847,0,0.693086,5.32224,4.11084e+06,2.81318e+06,1.52038e+07,0,0,0,0,72.6117,79.791,1.6586,0,0,1.75928,1.75928,0,1.35921,2.54016,8.54316e+06,3.7602e+06,1.50299e+07,0,0,0,7.35807e+07
36.48,85.139,1.34277,0.22,0.06,3.60296,3.60296,0,0.693092,5.32224,4.11084e+06,2.81318e+06,1.48112e+07,0,0,0,0,72.1186,79.791,1.59342,0,0,1.67835,1.67835,0,1.35922,2.54016,8.54316e+06,3.7602e+06,1.43385e+07,0,0,0,7.35807e+07
34.6267,85.139,1.07701,0.22,0.06,3.60299,3.60299,0,0.675194,5.32224,4.11084e+06,2.81318e+06,1.48113e+07,0,0,0,0,71.9005,79.791,1.34827,0,0,1.67837,1.67837,0,1.2967,2.54016,8.54316e+06,3.7602e+06,1.43386e+07,0,0,0,7.35807e+07
33.7029,85.139,2.02339,0.25,0.06,3.60302,3.60302,0,0.6752,5.32224,4.11084e+06,2.81318e+06,1.48114e+07,0,0,0,0,72.2445,79.791,3.92689,0,0,1.67838,1.67838,0,1.29671,2.54016,8.54316e+06,3.7602e+06,1.43387e+07,0,0,0,7.35807e+07
34.2969,85.139,3.68515,0.33,0.06,3.60305,3.60305,0,0.675206,5.32224,4.11084e+06,2.81318e+06,1.48116e+07,0,0,0,0,73.37,79.791,4.71029,0,0,1.6784,1.6784,0,1.29672,2.54016,8.54316e+06,3.7602e+06,1.43388e+07,0,0,0,7.35807e+07
33.5749,85.139,2.04234,0.25,0.06,3.33173,3.33173,0,0.675212,5.32224,4.11084e+06,2.81318e+06,1.36962e+07,0,0,0,0,73.6075,79.791,2.34959,0,0,1.50982,1.50982,0,1.29673,2.54016,8.54316e+06,3.7602e+06,1.28987e+07,0,0,0,7.35807e+07
34.7255,85.139,3.97543,0.33,0.06,3.33176,3.33176,0,0.624367,5.32224,4.11084e+06,2.81318e+06,1.36963e+07,0,0,0,0,74.3085,79.791,3.92759,0,0,1.50984,1.50984,0,1.16649,2.54016,8.54316e+06,3.7602e+06,1.28988e+07,0,0,0,7.35807e+07
34.3404,85.139,2.52301,0.28,0.06,3.33179,3.33179,0,0.624372,5.32224,4.11084e+06,2.81318e+06,1.36965e+07,0,0,0,0,75.1085,79.791,4.31493,0,0,1.50985,1.50985,0,1.1665,2.54016,8.54316e+06,3.7602e+06,1.28989e+07,0,0,0,7.35807e+07
34.7179,85.139,3.25684,0.28,0.06,3.33182,3.33182,0,0.624378,5.32224,4.11084e+06,2.81318e+06,1.36966e+07,0,0,0,0,76.2716,79.791,5.3277,0,0,1.50986,1.50986,0,1.16651,2.54016,8.54316e+06,3.7602e+06,1.2899e+07,0,0,0,7.35807e+07
36.3273,85.139,4.64755,0.3,0.06,3.33185,3.33185,0,0.624383,5.32224,4.11084e+06,2.81318e+06,1.36967e+07,0,0,0,0,77.1039,79.791,4.48319,0,0,1.50988,1.50988,0,1.16652,2.54016,8.54316e+06,3.7602e+06,1.28991e+07,0,0,0,7.35807e+07
42.7295,85.139,9.84626,0.32,0.06,3.43625,3.43625,0,0.624389,5.32224,4.11084e+06,2.81318e+06,1.41259e+07,0,0,0,0,79.3883,79.791,9.24571,0,0,1.55871,1.55871,0,1.16653,2.54016,8.54316e+06,3.7602e+06,1.33163e+07,0,0,0,7.35807e+07
47.7302,85.139,8.58442,0.21,0.06,3.43625,3.43625,0,0.643953,5.32224,4.11084e+06,2.81318e+06,1.41259e+07,0,0,0,0,80.8192,79.791,7.446,0,0,1.55871,1.55871,0,1.20426,2.54016,8.54316e+06,3.7602e+06,1.33163e+07,0,0,0,7.35807e+07
54.7551,85.139,10.8246,0.24,0.06,3.43626,3.43626,0,0.643953,5.32224,4.11084e+06,2.81318e+06,1.41259e+07,0,0,0,0,80.8192,79.791,9.02228,0,0,1.55871,1.55871,0,1.20426,2.54016,8.54316e+06,3.7602e+06,1.33163e+07,0,0,0,7.35807e+07
59.0956,85.139,8.23928,0.16,0.06,3.43626,3.43626,0,0.643954,5.32224,4.11084e+06,2.81318e+06,1.41259e+07,0,0,0,0,80.8192,79.791,7.4372,0,0,1.55871,1.55871,0,1.20426,2.54016,8.54316e+06,3.7602e+06,1.33163e+07,0,0,0,7.35807e+07
64.6554,85.139,9.9574,0.17,0.06,3.77143,3.77143,0,0.643955,5.32224,4.11084e+06,2.81318e+06,1.55037e+07,0,0,0,0,80.8192,79.791,7.16729,0,0,1.74198,1.74198,0,1.20426,2.54016,8.54316e+06,3.7602e+06,1.48821e+07,0,0,0,7.35807e+07
69.6797,85.139,9.42465,0.12,0.06,3.77143,3.77143,0,0.706766,5.32224,4.11084e+06,2.81318e+06,1.55038e+07,0,0,0,0,80.8192,79.791,7.85021,0,0,1.74199,1.74199,0,1.34586,2.54016,8.54316e+06,3.7602e+06,1.48821e+07,0,0,0,7.35807e+07
74.2161,85.139,8.92235,0.06,0.06,3.77144,3.77144,0,0.706767,5.32224,4.11084e+06,2.81318e+06,1.55038e+07,0,0,0,0,80.8192,79.791,6.53058,0,0,1.74199,1.74199,0,1.34586,2.54016,8.54316e+06,3.7602e+06,1.48821e+07,0,0,0,7.35807e+07
82.8614,85.139,13.2366,0.06,0.06,3.77144,3.77144,0,0.706767,5.32224,4.11084e+06,2.81318e+06,1.55038e+07,0,0,0,0,80.8192,79.791,8.54444,0,0,1.74199,1.74199,0,1.34586,2.54016,8.54316e+06,3.7602e+06,1.48821e+07,0,0,0,7.35807e+07
84.7348,85.139,5.84706,0.02,0.06,3.29339,3.29339,0,0.706768,5.32224,4.11084e+06,2.81318e+06,1.35386e+07,0,0,0,0,80.8192,79.791,4.25644,0,0,1.49604,1.49604,0,1.34586,2.54016,8.54316e+06,3.7602e+06,1.27809e+07,0,0,0,7.35807e+07
85.139,85.139,6.55147,0.02,0.06,3.2934,3.2934,0,0.617182,5.32224,4.11084e+06,2.81318e+06,1.35386e+07,0,0,0,0,80.8192,79.791,6.12837,0,0,1.49604,1.49604,0,1.15584,2.54016,8.54316e+06,3.7602e+06,1.27809e+07,0,0,0,7.35807e+07
85.139,85.139,6.86704,0,0.06,3.2934,3.2934,0,0.617182,5.32224,4.11084e+06,2.81318e+06,1.35386e+07,0,0,0,0,80.8192,79.791,5.74077,0,0,1.49604,1.49604,0,1.15584,2.54016,8.54316e+06,3.7602e+06,1.27809e+07,0,0,0,7.35807e+07
85.139,85.139,5.46248,0,0.06,3.2934,3.2934,0,0.617183,5.32224,4.11084e+06,2.81318e+06,1.35387e+07,0,0,0,0,80.8192,79.791,5.41063,0,0,1.49604,1.49604,0,1.15584,2.54016,8.54316e+06,3.7602e+06,1.2781e+07,0,0,0,7.35807e+07
85.139,85.139,5.21898,0,0.06,3.29341,3.29341,0,0.617184,5.32224,4.11084e+06,2.81318e+06,1.35387e+07,0,0,0,0,80.8192,79.791,3.70618,0,0,1.49605,1.49605,0,1.15584,2.54016,8.54316e+06,3.7602e+06,1.2781e+07,0,0,0,7.35807e+07
85.139,85.139,5.58965,0,0.06,3.41375,3.41375,0,0.617185,5.32224,4.11084e+06,2.81318e+06,1.40334e+07,0,0,0,0,80.8192,79.791,3.91883,0,0,1.55622,1.55622,0,1.15585,2.54016,8.54316e+06,3.7602e+06,1.3295e+07,0,0,0,7.35807e+07
85.139,85.139,4.40321,0,0.06,3.41375,3.41375,0,0.639736,5.32224,4.11084e+06,2.81318e+06,1.40334e+07,0,0,0,0,80.8192,79.791,3.30516,0,0,1.55622,1.55622,0,1.20233,2.54016,8.54316e+06,3.7602e+06,1.3295e+07,0,0,0,7.35807e+07
85.139,85.139,4.08208,0,0.06,3.41375,3.41375,0,0.639737,5.32224,4.11084e+06,2.81318e+06,1.40334e+07,0,0,0,0,80.8192,79.791,3.01527,0,0,1.55622,1.55622,0,1.20234,2.54016,8.54316e+06,3.7602e+06,1.32951e+07,0,0,0,7.35807e+07
85.139,85.139,4.3075,0,0.06,3.41376,3.41376,0,0.639738,5.32224,4.11084e+06,2.81318e+06,1.40334e+07,0,0,0,0,80.8192,79.791,3.89274,0,0,1.55622,1.55622,0,1.20234,2.54016,8.54316e+06,3.7602e+06,1.32951e+07,0,0,0,7.35807e+07
85.139,85.139,4.27888,0,0.06,3.36671,3.36671,0,0.639738,5.32224,4.11084e+06,2.81318e+06,1.384e+07,0,0,0,0,80.8192,79.791,4.0285,0,0,1.53286,1.53286,0,1.20234,2.54016,8.54316e+06,3.7602e+06,1.30954e+07,0,0,0,7.35807e+07
84.9439,85.139,3.48358,0,0.06,3.36672,3.36672,0,0.630922,5.32224,4.11084e+06,2.81318e+06,1.384e+07,0,0,0,0,80.8192,79.791,3.63513,0,0,1.53286,1.53286,0,1.18428,2.54016,8.54316e+06,3.7602e+06,1.30955e+07,0,0,0,7.35807e+07
84.397,85.139,3.1204,0.01,0.06,3.36672,3.36672,0,0.630923,5.32224,4.11084e+06,2.81318e+06,1.384e+07,0,0,0,0,80.8192,79.791,2.85015,0,0,1.53286,1.53286,0,1.18429,2.54016,8.54316e+06,3.7602e+06,1.30955e+07,0,0,0,7.35807e+07
84.4227,85.139,3.7048,0.01,0.06,3.36672,3.36672,0,0.630923,5.32224,4.11084e+06,2.81318e+06,1.38401e+07,0,0,0,0,80.8192,79.791,3.14503,0,0,1.53286,1.53286,0,1.18429,2.54016,8.54316e+06,3.7602e+06,1.30955e+07,0,0,0,7.35807e+07
84.1791,85.139,3.47259,0.02,0.06,3.52644,3.52644,0,0.630924,5.32224,4.11084e+06,2.81318e+06,1.44966e+07,0,0,0,0,80.8192,79.791,3.56969,0,0,1.61574,1.61574,0,1.18429,2.54016,8.54316e+06,3.7602e+06,1.38035e+07,0,0,0,7.35807e+07
83.6229,85.139,3.15101,0.02,0.06,3.52644,3.52644,0,0.660854,5.32224,4.11084e+06,2.81318e+06,1.44966e+07,0,0,0,0,80.8192,79.791,2.87371,0,0,1.61574,1.61574,0,1.24832,2.54016,8.54316e+06,3.7602e+06,1.38035e+07,0,0,0,7.35807e+07
82.742,85.139,2.7996,0.02,0.06,3.52644,3.52644,0,0.660855,5.32224,4.11084e+06,2.81318e+06,1.44966e+07,0,0,0,0,80.8192,79.791,2.53104,0,0,1.61574,1.61574,0,1.24832,2.54016,8.54316e+06,3.7602e+06,1.38035e+07,0,0,0,7.35807e+07
81.6381,85.139,2.53686,0.02,0.06,3.52645,3.52645,0,0.660856,5.32224,4.11084e+06,2.81318e+06,1.44967e+07,0,0,0,0,80.8192,79.791,2.71263,0,0,1.61574,1.61574,0,1.24832,2.54016,8.54316e+06,3.7602e+06,1.38036e+07,0,0,0,7.35807e+07
80.5177,85.139,2.4744,0.02,0.06,3.52645,3.52645,0,0.660856,5.32224,4.11084e+06,2.81318e+06,1.44967e+07,0,0,0,0,80.8192,79.791,3.37055,0,0,1.61575,1.61575,0,1.24832,2.54016,8.54316e+06,3.7602e+06,1.38036e+07,0,0,0,7.35807e+07
79.2665,85.139,2.30662,0.02,0.06,3.49487,3.49487,0,0.660857,5.32224,4.11084e+06,2.81318e+06,1.43669e+07,0,0,0,0,80.8192,79.791,3.47492,0,0,1.6613,1.6613,0,1.24833,2.54016,8.54316e+06,3.7602e+06,1.41927e+07,0,0,0,7.35807e+07
77.8385,85.139,2.11179,0.02,0.06,3.49488,3.49488,0,0.654939,5.32224,4.11084e+06,2.81318e+06,1.43669e+07,0,0,0,0,80.8192,79.791,3.05519,0,0,1.6613,1.6613,0,1.28352,2.54016,8.54316e+06,3.7602e+06,1.41928e+07,0,0,0,7.35807e+07
76.2809,85.139,1.9387,0.03,0.06,3.49488,3.49488,0,0.65494,5.32224,4.11084e+06,2.81318e+06,1.43669e+07,0,0,0,0,80.8166,79.791,3.00699,0,0,1.6613,1.6613,0,1.28352,2.54016,8.54316e+06,3.7602e+06,1.41928e+07,0,0,0,7.35807e+07
74.6922,85.139,1.86533,0.05,0.06,3.49489,3.49489,0,0.654941,5.32224,4.11084e+06,2.81318e+06,1.43669e+07,0,0,0,0,80.7162,79.791,2.72607,0,0,1.6613,1.6613,0,1.28352,2.54016,8.54316e+06,3.7602e+06,1.41928e+07,0,0,0,7.35807e+07
73.2976,85.139,2.13925,0.06,0.06,3.57645,3.57645,0,0.654941,5.32224,4.11084e+06,2.81318e+06,1.47022e+07,0,0,0,0,80.8013,79.791,3.22853,0,0,1.7019,1.7019,0,1.28352,2.54016,8.54316e+06,3.7602e+06,1.45396e+07,0,0,0,7.35807e+07
71.7563,85.139,1.9561,0.06,0.06,3.57646,3.57646,0,0.670227,5.32224,4.11084e+06,2.81318e+06,1.47022e+07,0,0,0,0,80.7449,79.791,3.21201,0,0,1.7019,1.7019,0,1.31489,2.54016,8.54316e+06,3.7602e+06,1.45396e+07,0,0,0,7.35807e+07
70.0737,85.139,1.7949,0.06,0.06,3.57646,3.57646,0,0.670228,5.32224,4.11084e+06,2.81318e+06,1.47023e+07,0,0,0,0,80.6308,79.791,2.80553,0,0,1.7019,1.7019,0,1.31489,2.54016,8.54316e+06,3.7602e+06,1.45396e+07,0,0,0,7.35807e+07
68.5121,85.139,1.88857,0.06,0.06,3.57647,3.57647,0,0.670229,5.32224,4.11084e+06,2.81318e+06,1.47023e+07,0,0,0,0,80.6197,79.791,3.34562,0,0,1.70191,1.70191,0,1.31489,2.54016,8.54316e+06,3.7602e+06,1.45397e+07,0,0,0,7.35807e+07
66.6068,85.139,1.70076,0.06,0.06,3.81533,3.81533,0,0.67023,5.32224,4.11084e+06,2.81318e+06,1.56842e+07,0,0,0,0,80.338,79.791,2.44059,0,0,1.84844,1.84844,0,1.31489,2.54016,8.54316e+06,3.7602e+06,1.57915e+07,0,0,0,7.35807e+07
64.6118,85.139,1.58826,0.09,0.06,3.81533,3.81533,0,0.714992,5.32224,4.11084e+06,2.81318e+06,1.56842e+07,0,0,0,0,80.0603,79.791,2.93322,0,0,1.84844,1.84844,0,1.4281,2.54016,8.54316e+06,3.7602e+06,1.57915e+07,0,0,0,7.35807e+07
62.549,85.139,1.49842,0.11,0.06,3.81534,3.81534,0,0.714993,5.32224,4.11084e+06,2.81318e+06,1.56842e+07,0,0,0,0,79.7673,79.791,3.363,0,0,1.84844,1.84844,0,1.4281,2.54016,8.54316e+06,3.7602e+06,1.57915e+07,0,0,0,7.35807e+07
60.467,85.139,1.44726,0.1,0.06,3.81534,3.81534,0,0.714994,5.32224,4.11084e+06,2.81318e+06,1.56843e+07,0,0,0,0,79.4696,79.791,3.31721,0,0,1.84844,1.84844,0,1.4281,2.54016,8.54316e+06,3.7602e+06,1.57915e+07,0,0,0,7.35807e+07
58.8406,85.139,1.92382,0.1,0.06,3.81535,3.81535,0,0.714995,5.32224,4.11084e+06,2.81318e+06,1.56843e+07,0,0,0,0,79.4315,79.791,3.5583,0,0,1.84844,1.84844,0,1.42811,2.54016,8.54316e+06,3.7602e+06,1.57916e+07,0,0,0,7.35807e+07
57.4229,85.139,2.02486,0.15,0.06,3.69894,3.69894,0,0.714996,5.32224,4.11084e+06,2.81318e+06,1.52057e+07,0,0,0,0,80.0736,79.791,5.7435,0,0,1.75951,1.75951,0,1.42811,2.54016,8.54316e+06,3.7602e+06,1.50318e+07,0,0,0,7.35807e+07
55.7878,85.139,1.78748,0.14,0.06,3.69894,3.69894,0,0.693181,5.32224,4.11084e+06,2.81318e+06,1.52058e+07,0,0,0,0,80.1419,79.791,4.02055,0,0,1.75951,1.75951,0,1.3594,2.54016,8.54316e+06,3.7602e+06,1.50318e+07,0,0,0,7.35807e+07
53.8633,85.139,1.46422,0.12,0.06,3.69895,3.69895,0,0.693182,5.32224,4.11084e+06,2.81318e+06,1.52058e+07,0,0,0,0,80.0463,79.791,3.21153,0,0,1.75951,1.75951,0,1.3594,2.54016,8.54316e+06,3.7602e+06,1.50318e+07,0,0,0,7.35807e+07
53.4251,85.139,3.04967,0.12,0.06,3.69895,3.69895,0,0.693183,5.32224,4.11084e+06,2.81318e+06,1.52058e+07,0,0,0,0,80.3045,79.791,4.09811,0,0,1.75952,1.75952,0,1.3594,2.54016,8.54316e+06,3.7602e+06,1.50318e+07,0,0,0,7.35807e+07
54.3441,85.139,4.44819,0.12,0.06,3.6034,3.6034,0,0.693184,5.32224,4.11084e+06,2.81318e+06,1.4813e+07,0,0,0,0,80.8192,79.791,5.61699,0,0,1.67856,1.67856,0,1.3594,2.54016,8.54316e+06,3.7602e+06,1.43402e+07,0,0,0,7.35807e+07
57.5738,85.139,6.93246,0.11,0.06,3.60341,3.60341,0,0.675278,5.32224,4.11084e+06,2.81318e+06,1.4813e+07,0,0,0,0,80.8192,79.791,8.03656,0,0,1.67857,1.67857,0,1.29686,2.54016,8.54316e+06,3.7602e+06,1.43403e+07,0,0,0,7.35807e+07
59.903,85.139,6.03174,0.11,0.06,3.60341,3.60341,0,0.675279,5.32224,4.11084e+06,2.81318e+06,1.48131e+07,0,0,0,0,80.8192,79.791,7.94602,0,0,1.67857,1.67857,0,1.29686,2.54016,8.54316e+06,3.7602e+06,1.43403e+07,0,0,0,7.35807e+07
61.4948,85.139,5.32389,0.08,0.06,3.60342,3.60342,0,0.67528,5.32224,4.11084e+06,2.81318e+06,1.48131e+07,0,0,0,0,80.8192,79.791,6.3375,0,0,1.67857,1.67857,0,1.29686,2.54016,8.54316e+06,3.7602e+06,1.43403e+07,0,0,0,7.35807e+07
65.1262,85.139,7.4077,0.08,0.06,3.33204,3.33204,0,0.67528,5.32224,4.11084e+06,2.81318e+06,1.36975e+07,0,0,0,0,80.8192,79.791,7.21076,0,0,1.50996,1.50996,0,1.29686,2.54016,8.54316e+06,3.7602e+06,1.28999e+07,0,0,0,7.35807e+07
68.8424,85.139,7.48284,0.08,0.06,3.33205,3.33205,0,0.624425,5.32224,4.11084e+06,2.81318e+06,1.36975e+07,0,0,0,0,80.8192,79.791,5.72412,0,0,1.50997,1.50997,0,1.1666,2.54016,8.54316e+06,3.7602e+06,1.28999e+07,0,0,0,7.35807e+07
74.4606,85.139,9.45748,0.07,0.06,3.33205,3.33205,0,0.624426,5.32224,4.11084e+06,2.81318e+06,1.36975e+07,0,0,0,0,80.8192,79.791,5.42685,0,0,1.50997,1.50997,0,1.1666,2.54016,8.54316e+06,3.7602e+06,1.28999e+07,0,0,0,7.35807e+07
79.9235,85.139,9.10241,0.08,0.06,3.33205,3.33205,0,0.624426,5.32224,4.11084e+06,2.81318e+06,1.36975e+07,0,0,0,0,80.8192,79.791,7.64376,0,0,1.50997,1.50997,0,1.1666,2.54016,8.54316e+06,3.7602e+06,1.28999e+07,0,0,0,7.35807e+07
81.8595,85.139,5.61631,0.03,0.06,3.33206,3.33206,0,0.624427,5.32224,4.11084e+06,2.81318e+06,1.36976e+07,0,0,0,0,80.8192,79.791,5.87723,0,0,1.50997,1.50997,0,1.1666,2.54016,8.54316e+06,3.7602e+06,1.28999e+07,0,0,0,7.35807e+07
80.7799,85.139,2.66291,0.02,0.06,3.43643,3.43643,0,0.624428,5.32224,4.11084e+06,2.81318e+06,1.41266e+07,0,0,0,0,80.8192,79.791,3.80192,0,0,1.55879,1.55879,0,1.1666,2.54016,8.54316e+06,3.7602e+06,1.3317e+07,0,0,0,7.35807e+07
79.6638,85.139,2.60526,0.02,0.06,3.43641,3.43641,0,0.643988,5.32224,4.11084e+06,2.81318e+06,1.41265e+07,0,0,0,0,80.8192,79.791,3.73748,0,0,1.55878,1.55878,0,1.20432,2.54016,8.54316e+06,3.7602e+06,1.33169e+07,0,0,0,7.35807e+07
78.8264,85.139,2.84891,0.02,0.06,3.43639,3.43639,0,0.643984,5.32224,4.11084e+06,2.81318e+06,1.41265e+07,0,0,0,0,80.8192,79.791,5.30297,0,0,1.55877,1.55877,0,1.20431,2.54016,8.54316e+06,3.7602e+06,1.33168e+07,0,0,0,7.35807e+07
78.1524,85.139,3.09284,0.02,0.06,3.43637,3.43637,0,0.64398,5.32224,4.11084e+06,2.81318e+06,1.41264e+07,0,0,0,0,80.8192,79.791,4.655,0,0,1.55876,1.55876,0,1.20431,2.54016,8.54316e+06,3.7602e+06,1.33167e+07,0,0,0,7.35807e+07
76.2657,85.139,2.14623,0.02,0.06,3.77152,3.77152,0,0.643975,5.32224,4.11084e+06,2.81318e+06,1.55041e+07,0,0,0,0,80.8192,79.791,4.4836,0,0,1.74203,1.74203,0,1.2043,2.54016,8.54316e+06,3.7602e+06,1.48824e+07,0,0,0,7.35807e+07
75.6251,85.139,3.35506,0.07,0.06,3.77149,3.77149,0,0.706783,5.32224,4.11084e+06,2.81318e+06,1.5504e+07,0,0,0,0,80.7507,79.791,3.89576,0,0,1.74202,1.74202,0,1.34589,2.54016,8.54316e+06,3.7602e+06,1.48823e+07,0,0,0,7.35807e+07
74.3602,85.139,2.72855,0.06,0.06,3.77147,3.77147,0,0.706778,5.32224,4.11084e+06,2.81318e+06,1.55039e+07,0,0,0,0,80.8048,79.791,4.49439,0,0,1.742,1.742,0,1.34588,2.54016,8.54316e+06,3.7602e+06,1.48822e+07,0,0,0,7.35807e+07
73.5059,85.139,3.17898,0.06,0.06,3.77145,3.77145,0,0.706773,5.32224,4.11084e+06,2.81318e+06,1.55038e+07,0,0,0,0,80.8192,79.791,4.52251,0,0,1.74199,1.74199,0,1.34587,2.54016,8.54316e+06,3.7602e+06,1.48821e+07,0,0,0,7.35807e+07
75.0317,85.139,5.14431,0.06,0.06,3.29337,3.29337,0,0.706769,5.32224,4.11084e+06,2.81318e+06,1.35385e+07,0,0,0,0,80.8192,79.791,6.2751,0,0,1.49603,1.49603,0,1.34586,2.54016,8.54316e+06,3.7602e+06,1.27808e+07,0,0,0,7.35807e+07
76.549,85.139,5.26207,0.08,0.06,3.29335,3.29335,0,0.617177,5.32224,4.11084e+06,2.81318e+06,1.35384e+07,0,0,0,0,80.8192,79.791,6.12977,0,0,1.49602,1.49602,0,1.15583,2.54016,8.54316e+06,3.7602e+06,1.27807e+07,0,0,0,7.35807e+07
76.8339,85.139,3.95062,0.08,0.06,3.29333,3.29333,0,0.617173,5.32224,4.11084e+06,2.81318e+06,1.35383e+07,0,0,0,0,80.8192,79.791,4.74625,0,0,1.49601,1.49601,0,1.15582,2.54016,8.54316e+06,3.7602e+06,1.27807e+07,0,0,0,7.35807e+07
77.8304,85.139,4.7032,0.02,0.06,3.2933,3.2933,0,0.617169,5.32224,4.11084e+06,2.81318e+06,1.35382e+07,0,0,0,0,80.8192,79.791,5.02203,0,0,1.496,1.496,0,1.15582,2.54016,8.54316e+06,3.7602e+06,1.27806e+07,0,0,0,7.35807e+07
79.1002,85.139,4.95468,0.01,0.06,3.29328,3.29328,0,0.617165,5.32224,4.11084e+06,2.81318e+06,1.35382e+07,0,0,0,0,80.8192,79.791,4.70201,0,0,1.49599,1.49599,0,1.15581,2.54016,8.54316e+06,3.7602e+06,1.27805e+07,0,0,0,7.35807e+07
82.8354,85.139,7.66059,0.01,0.06,3.41359,3.41359,0,0.617161,5.32224,4.11084e+06,2.81318e+06,1.40327e+07,0,0,0,0,80.8192,79.791,6.49722,0,0,1.55615,1.55615,0,1.1558,2.54016,8.54316e+06,3.7602e+06,1.32944e+07,0,0,0,7.35807e+07
84.8314,85.139,5.84134,0.01,0.06,3.41357,3.41357,0,0.639707,5.32224,4.11084e+06,2.81318e+06,1.40326e+07,0,0,0,0,80.8192,79.791,4.89483,0,0,1.55614,1.55614,0,1.20228,2.54016,8.54316e+06,3.7602e+06,1.32943e+07,0,0,0,7.35807e+07
85.139,85.139,4.7419,0.01,0.06,3.41355,3.41355,0,0.639703,5.32224,4.11084e+06,2.81318e+06,1.40325e+07,0,0,0,0,80.8192,79.791,3.95538,0,0,1.55613,1.55613,0,1.20227,2.54016,8.54316e+06,3.7602e+06,1.32942e+07,0,0,0,7.35807e+07
85.139,85.139,4.7577,0,0.06,3.41352,3.41352,0,0.639699,5.32224,4.11084e+06,2.81318e+06,1.40325e+07,0,0,0,0,80.8192,79.791,3.68691,0,0,1.55612,1.55612,0,1.20226,2.54016,8.54316e+06,3.7602e+06,1.32942e+07,0,0,0,7.35807e+07
85.139,85.139,4.73283,0,0.06,3.36646,3.36646,0,0.639694,5.32224,4.11084e+06,2.81318e+06,1.3839e+07,0,0,0,0,80.8192,79.791,3.48412,0,0,1.53274,1.53274,0,1.20226,2.54016,8.54316e+06,3.7602e+06,1.30944e+07,0,0,0,7.35807e+07
85.139,85.139,4.21303,0,0.06,3.36643,3.36643,0,0.630874,5.32224,4.11084e+06,2.81318e+06,1.38389e+07,0,0,0,0,80.8192,79.791,3.04755,0,0,1.53273,1.53273,0,1.18419,2.54016,8.54316e+06,3.7602e+06,1.30944e+07,0,0,0,7.35807e+07
85.139,85.139,3.88466,0,0.06,3.36641,3.36641,0,0.63087,5.32224,4.11084e+06,2.81318e+06,1.38388e+07,0,0,0,0,80.7936,79.791,2.83832,0,0,1.53272,1.53272,0,1.18419,2.54016,8.54316e+06,3.7602e+06,1.30943e+07,0,0,0,7.35807e+07
85.139,85.139,3.68769,0,0.06,3.36639,3.36639,0,0.630866,5.32224,4.11084e+06,2.81318e+06,1.38387e+07,0,0,0,0,80.7602,79.791,2.9985,0,0,1.53271,1.53271,0,1.18418,2.54016,8.54316e+06,3.7602e+06,1.30942e+07,0,0,0,7.35807e+07
84.5909,85.139,3.07308,0.01,0.06,3.52606,3.52606,0,0.630861,5.32224,4.11084e+06,2.81318e+06,1.44951e+07,0,0,0,0,80.6336,79.791,2.74495,0,0,1.61557,1.61557,0,1.18417,2.54016,8.54316e+06,3.7602e+06,1.3802e+07,0,0,0,7.35807e+07
83.9557,85.139,2.97436,0.02,0.06,3.52604,3.52604,0,0.660783,5.32224,4.11084e+06,2.81318e+06,1.4495e+07,0,0,0,0,80.5329,79.791,2.70472,0,0,1.61555,1.61555,0,1.24819,2.54016,8.54316e+06,3.7602e+06,1.38019e+07,0,0,0,7.35807e+07
83.1452,85.139,2.78559,0.02,0.06,3.52601,3.52601,0,0.660779,5.32224,4.11084e+06,2.81318e+06,1.44949e+07,0,0,0,0,80.3891,79.791,2.46612,0,0,1.61554,1.61554,0,1.24818,2.54016,8.54316e+06,3.7602e+06,1.38019e+07,0,0,0,7.35807e+07
82.2401,85.139,2.62805,0.02,0.06,3.52599,3.52599,0,0.660775,5.32224,4.11084e+06,2.81318e+06,1.44948e+07,0,0,0,0,80.1791,79.791,2.50224,0,0,1.61553,1.61553,0,1.24817,2.54016,8.54316e+06,3.7602e+06,1.38018e+07,0,0,0,7.35807e+07
80.7355,85.139,1.99265,0.02,0.06,3.52597,3.52597,0,0.66077,5.32224,4.11084e+06,2.81318e+06,1.44947e+07,0,0,0,0,79.8091,79.791,2.07226,0,0,1.61552,1.61552,0,1.24816,2.54016,8.54316e+06,3.7602e+06,1.38017e+07,0,0,0,7.35807e+07
78.9833,85.139,1.70416,0.02,0.06,3.49436,3.49436,0,0.660766,5.32224,4.11084e+06,2.81318e+06,1.43648e+07,0,0,0,0,79.4854,79.791,1.8083,0,0,1.66106,1.66106,0,1.24815,2.54016,8.54316e+06,3.7602e+06,1.41907e+07,0,0,0,7.35807e+07
77.1061,85.139,1.5645,0.02,0.06,3.49434,3.49434,0,0.654844,5.32224,4.11084e+06,2.81318e+06,1.43647e+07,0,0,0,0,78.9618,79.791,1.81634,0,0,1.66104,1.66104,0,1.28333,2.54016,8.54316e+06,3.7602e+06,1.41906e+07,0,0,0,7.35807e+07
75.1166,85.139,1.43222,0.03,0.06,3.49432,3.49432,0,0.65484,5.32224,4.11084e+06,2.81318e+06,1.43646e+07,0,0,0,0,78.3894,79.791,1.60362,0,0,1.66103,1.66103,0,1.28332,2.54016,8.54316e+06,3.7602e+06,1.41905e+07,0,0,0,7.35807e+07
72.9994,85.139,1.26297,0.04,0.06,3.4943,3.4943,0,0.654835,5.32224,4.11084e+06,2.81318e+06,1.43645e+07,0,0,0,0,77.8045,79.791,1.4849,0,0,1.66102,1.66102,0,1.28331,2.54016,8.54316e+06,3.7602e+06,1.41904e+07,0,0,0,7.35807e+07
70.8249,85.139,1.25697,0.06,0.06,3.57582,3.57582,0,0.654831,5.32224,4.11084e+06,2.81318e+06,1.46996e+07,0,0,0,0,77.3265,79.791,1.57732,0,0,1.7016,1.7016,0,1.28331,2.54016,8.54316e+06,3.7602e+06,1.4537e+07,0,0,0,7.35807e+07
68.5894,85.139,1.16408,0.06,0.06,3.5758,3.5758,0,0.670109,5.32224,4.11084e+06,2.81318e+06,1.46995e+07,0,0,0,0,76.6701,79.791,1.59813,0,0,1.70159,1.70159,0,1.31466,2.54016,8.54316e+06,3.7602e+06,1.4537e+07,0,0,0,7.35807e+07
66.293,85.139,1.07844,0.06,0.06,3.57578,3.57578,0,0.670105,5.32224,4.11084e+06,2.81318e+06,1.46994e+07,0,0,0,0,76.1408,79.791,1.42275,0,0,1.70158,1.70158,0,1.31465,2.54016,8.54316e+06,3.7602e+06,1.45369e+07,0,0,0,7.35807e+07
64.0477,85.139,1.09807,0.1,0.06,3.57575,3.57575,0,0.6701,5.32224,4.11084e+06,2.81318e+06,1.46993e+07,0,0,0,0,75.4525,79.791,1.61409,0,0,1.70157,1.70157,0,1.31464,2.54016,8.54316e+06,3.7602e+06,1.45368e+07,0,0,0,7.35807e+07
61.6111,85.139,1.07274,0.09,0.06,3.81454,3.81454,0,0.670096,5.32224,4.11084e+06,2.81318e+06,1.5681e+07,0,0,0,0,74.7217,79.791,1.4121,0,0,1.84805,1.84805,0,1.31463,2.54016,8.54316e+06,3.7602e+06,1.57882e+07,0,0,0,7.35807e+07
59.2001,85.139,1.06947,0.09,0.06,3.81451,3.81451,0,0.714844,5.32224,4.11084e+06,2.81318e+06,1.56808e+07,0,0,0,0,74.0216,79.791,1.41073,0,0,1.84804,1.84804,0,1.42781,2.54016,8.54316e+06,3.7602e+06,1.57881e+07,0,0,0,7.35807e+07
57.0227,85.139,1.26844,0.16,0.06,3.81449,3.81449,0,0.71484,5.32224,4.11084e+06,2.81318e+06,1.56807e+07,0,0,0,0,73.2843,79.791,1.47006,0,0,1.84803,1.84803,0,1.4278,2.54016,8.54316e+06,3.7602e+06,1.5788e+07,0,0,0,7.35807e+07
54.5655,85.139,0.957242,0.15,0.06,3.81446,3.81446,0,0.714835,5.32224,4.11084e+06,2.81318e+06,1.56806e+07,0,0,0,0,72.4278,79.791,1.32769,0,0,1.84802,1.84802,0,1.42779,2.54016,8.54316e+06,3.7602e+06,1.57879e+07,0,0,0,7.35807e+07
52.0706,85.139,0.877833,0.15,0.06,3.81444,3.81444,0,0.71483,5.32224,4.11084e+06,2.81318e+06,1.56805e+07,0,0,0,0,71.6009,79.791,1.24071,0,0,1.848,1.848,0,1.42778,2.54016,8.54316e+06,3.7602e+06,1.57878e+07,0,0,0,7.35807e+07
49.8315,85.139,0.991191,0.14,0.06,3.69803,3.69803,0,0.714826,5.32224,4.11084e+06,2.81318e+06,1.5202e+07,0,0,0,0,70.8328,79.791,1.28579,0,0,1.75908,1.75908,0,1.42777,2.54016,8.54316e+06,3.7602e+06,1.50281e+07,0,0,0,7.35807e+07
47.7324,85.139,1.1254,0.17,0.06,3.69801,3.69801,0,0.693011,5.32224,4.11084e+06,2.81318e+06,1.52019e+07,0,0,0,0,70.5585,79.791,1.21912,0,0,1.75907,1.75907,0,1.35906,2.54016,8.54316e+06,3.7602e+06,1.5028e+07,0,0,0,7.35807e+07
46.2834,85.139,1.75397,0.17,0.06,3.69798,3.69798,0,0.693006,5.32224,4.11084e+06,2.81318e+06,1.52018e+07,0,0,0,0,70.4017,79.791,2.08069,0,0,1.75905,1.75905,0,1.35905,2.54016,8.54316e+06,3.7602e+06,1.50279e+07,0,0,0,7.35807e+07
44.7044,85.139,1.64464,0.16,0.06,3.69796,3.69796,0,0.693002,5.32224,4.11084e+06,2.81318e+06,1.52017e+07,0,0,0,0,69.8359,79.791,1.89461,0,0,1.75904,1.75904,0,1.35905,2.54016,8.54316e+06,3.7602e+06,1.50278e+07,0,0,0,7.35807e+07
42.915,85.139,1.3557,0.16,0.06,3.60241,3.60241,0,0.692997,5.32224,4.11084e+06,2.81318e+06,1.48089e+07,0,0,0,0,69.4707,79.791,1.38828,0,0,1.6781,1.6781,0,1.35904,2.54016,8.54316e+06,3.7602e+06,1.43363e+07,0,0,0,7.35807e+07
40.9813,85.139,1.14921,0.16,0.06,3.60238,3.60238,0,0.675091,5.32224,4.11084e+06,2.81318e+06,1.48088e+07,0,0,0,0,69.2772,79.791,1.64752,0,0,1.67809,1.67809,0,1.2965,2.54016,8.54316e+06,3.7602e+06,1.43362e+07,0,0,0,7.35807e+07
41.3433,85.139,3.56722,0.25,0.06,3.60236,3.60236,0,0.675087,5.32224,4.11084e+06,2.81318e+06,1.48087e+07,0,0,0,0,70.0343,79.791,5.16925,0,0,1.67808,1.67808,0,1.29649,2.54016,8.54316e+06,3.7602e+06,1.43361e+07,0,0,0,7.35807e+07
41.0793,85.139,2.92645,0.25,0.06,3.60234,3.60234,0,0.675082,5.32224,4.11084e+06,2.81318e+06,1.48086e+07,0,0,0,0,70.5968,79.791,2.95262,0,0,1.67807,1.67807,0,1.29648,2.54016,8.54316e+06,3.7602e+06,1.4336e+07,0,0,0,7.35807e+07
42.1271,85.139,4.06157,0.26,0.06,3.33102,3.33102,0,0.675078,5.32224,4.11084e+06,2.81318e+06,1.36933e+07,0,0,0,0,70.5666,79.791,2.9114,0,0,1.5095,1.5095,0,1.29647,2.54016,8.54316e+06,3.7602e+06,1.28959e+07,0,0,0,7.35807e+07
42.4923,85.139,3.46283,0.28,0.06,3.331,3.331,0,0.624233,5.32224,4.11084e+06,2.81318e+06,1.36932e+07,0,0,0,0,71.042,79.791,4.05327,0,0,1.50949,1.50949,0,1.16624,2.54016,8.54316e+06,3.7602e+06,1.28958e+07,0,0,0,7.35807e+07
43.6804,85.139,4.3672,0.3,0.06,3.33098,3.33098,0,0.624229,5.32224,4.11084e+06,2.81318e+06,1.36931e+07,0,0,0,0,73.8046,79.791,10.3411,0,0,1.50948,1.50948,0,1.16623,2.54016,8.54316e+06,3.7602e+06,1.28957e+07,0,0,0,7.35807e+07
43.3385,85.139,2.70698,0.21,0.06,3.33095,3.33095,0,0.624225,5.32224,4.11084e+06,2.81318e+06,1.3693e+07,0,0,0,0,74.2404,79.791,4.35301,0,0,1.50947,1.50947,0,1.16622,2.54016,8.54316e+06,3.7602e+06,1.28957e+07,0,0,0,7.35807e+07
47.4026,85.139,7.4937,0.22,0.06,3.33093,3.33093,0,0.624221,5.32224,4.11084e+06,2.81318e+06,1.36929e+07,0,0,0,0,78.8598,79.791,8.68282,0,0,1.50946,1.50946,0,1.16622,2.54016,8.54316e+06,3.7602e+06,1.28956e+07,0,0,0,7.35807e+07
50.7823,85.139,6.92523,0.24,0.06,3.43525,3.43525,0,0.624217,5.32224,4.11084e+06,2.81318e+06,1.41217e+07,0,0,0,0,80.6999,79.791,6.86249,0,0,1.55825,1.55825,0,1.16621,2.54016,8.54316e+06,3.7602e+06,1.33124e+07,0,0,0,7.35807e+07
51.6349,85.139,4.29765,0.24,0.06,3.4352,3.4352,0,0.643765,5.32224,4.11084e+06,2.81318e+06,1.41215e+07,0,0,0,0,80.8192,79.791,5.69799,0,0,1.55823,1.55823,0,1.20391,2.54016,8.54316e+06,3.7602e+06,1.33122e+07,0,0,0,7.35807e+07
52.7604,85.139,4.60684,0.16,0.06,3.43515,3.43515,0,0.643756,5.32224,4.11084e+06,2.81318e+06,1.41213e+07,0,0,0,0,80.8192,79.791,5.64037,0,0,1.55821,1.55821,0,1.20389,2.54016,8.54316e+06,3.7602e+06,1.3312e+07,0,0,0,7.35807e+07
53.8245,85.139,4.56284,0.16,0.06,3.4351,3.4351,0,0.643747,5.32224,4.11084e+06,2.81318e+06,1.41211e+07,0,0,0,0,80.8192,79.791,5.75521,0,0,1.55819,1.55819,0,1.20387,2.54016,8.54316e+06,3.7602e+06,1.33118e+07,0,0,0,7.35807e+07
56.5945,85.139,6.68193,0.17,0.06,3.7701,3.7701,0,0.643738,5.32224,4.11084e+06,2.81318e+06,1.54983e+07,0,0,0,0,80.8192,79.791,10.2936,0,0,1.74137,1.74137,0,1.20385,2.54016,8.54316e+06,3.7602e+06,1.48768e+07,0,0,0,7.35807e+07
58.385,85.139,5.86643,0.17,0.06,3.77005,3.77005,0,0.706517,5.32224,4.11084e+06,2.81318e+06,1.54981e+07,0,0,0,0,80.8192,79.791,7.74259,0,0,1.74135,1.74135,0,1.34538,2.54016,8.54316e+06,3.7602e+06,1.48766e+07,0,0,0,7.35807e+07
58.4331,85.139,4.01063,0.19,0.06,3.76999,3.76999,0,0.706507,5.32224,4.11084e+06,2.81318e+06,1.54978e+07,0,0,0,0,80.7621,79.791,4.62977,0,0,1.74132,1.74132,0,1.34536,2.54016,8.54316e+06,3.7602e+06,1.48764e+07,0,0,0,7.35807e+07
58.1775,85.139,3.53621,0.2,0.06,3.76994,3.76994,0,0.706497,5.32224,4.11084e+06,2.81318e+06,1.54976e+07,0,0,0,0,80.8192,79.791,3.43386,0,0,1.7413,1.7413,0,1.34535,2.54016,8.54316e+06,3.7602e+06,1.48762e+07,0,0,0,7.35807e+07
60.7785,85.139,6.30508,0.21,0.06,3.29203,3.29203,0,0.706487,5.32224,4.11084e+06,2.81318e+06,1.3533e+07,0,0,0,0,80.8192,79.791,9.51748,0,0,1.49542,1.49542,0,1.34533,2.54016,8.54316e+06,3.7602e+06,1.27756e+07,0,0,0,7.35807e+07
62.7447,85.139,5.64409,0.13,0.06,3.29198,3.29198,0,0.616926,5.32224,4.11084e+06,2.81318e+06,1.35328e+07,0,0,0,0,80.8192,79.791,9.08769,0,0,1.4954,1.4954,0,1.15536,2.54016,8.54316e+06,3.7602e+06,1.27754e+07,0,0,0,7.35807e+07
66.6915,85.139,7.77696,0.14,0.06,3.29194,3.29194,0,0.616918,5.32224,4.11084e+06,2.81318e+06,1.35326e+07,0,0,0,0,80.8192,79.791,10.4774,0,0,1.49538,1.49538,0,1.15535,2.54016,8.54316e+06,3.7602e+06,1.27753e+07,0,0,0,7.35807e+07
69.6171,85.139,6.78937,0.14,0.06,3.29189,3.29189,0,0.616909,5.32224,4.11084e+06,2.81318e+06,1.35324e+07,0,0,0,0,80.8192,79.791,9.58268,0,0,1.49536,1.49536,0,1.15533,2.54016,8.54316e+06,3.7602e+06,1.27751e+07,0,0,0,7.35807e+07
74.806,85.139,9.28061,0.07,0.06,3.29184,3.29184,0,0.6169,5.32224,4.11084e+06,2.81318e+06,1.35322e+07,0,0,0,0,80.8192,79.791,14.2249,0,0,1.49534,1.49534,0,1.15531,2.54016,8.54316e+06,3.7602e+06,1.27749e+07,0,0,0,7.35807e+07
76.1708,85.139,5.30425,0.07,0.06,3.41207,3.41207,0,0.616891,5.32224,4.11084e+06,2.81318e+06,1.40265e+07,0,0,0,0,80.8192,79.791,7.769,0,0,1.55545,1.55545,0,1.1553,2.54016,8.54316e+06,3.7602e+06,1.32885e+07,0,0,0,7.35807e+07
77.0573,85.139,4.87117,0.07,0.06,3.41202,3.41202,0,0.639422,5.32224,4.11084e+06,2.81318e+06,1.40263e+07,0,0,0,0,80.8192,79.791,8.23822,0,0,1.55543,1.55543,0,1.20174,2.54016,8.54316e+06,3.7602e+06,1.32883e+07,0,0,0,7.35807e+07
77.8371,85.139,4.63355,0.01,0.06,3.41197,3.41197,0,0.639413,5.32224,4.11084e+06,2.81318e+06,1.40261e+07,0,0,0,0,80.8192,79.791,8.64674,0,0,1.55541,1.55541,0,1.20173,2.54016,8.54316e+06,3.7602e+06,1.32881e+07,0,0,0,7.35807e+07
78.0097,85.139,3.94509,0,0.06,3.41193,3.41193,0,0.639404,5.32224,4.11084e+06,2.81318e+06,1.40259e+07,0,0,0,0,80.8192,79.791,6.22319,0,0,1.55539,1.55539,0,1.20171,2.54016,8.54316e+06,3.7602e+06,1.32879e+07,0,0,0,7.35807e+07
78.4932,85.139,4.25632,0.01,0.06,3.36485,3.36485,0,0.639395,5.32224,4.11084e+06,2.81318e+06,1.38324e+07,0,0,0,0,80.8192,79.791,6.34558,0,0,1.53201,1.53201,0,1.20169,2.54016,8.54316e+06,3.7602e+06,1.30882e+07,0,0,0,7.35807e+07
78.6821,85.139,3.96094,0.01,0.06,3.36481,3.36481,0,0.630574,5.32224,4.11084e+06,2.81318e+06,1.38322e+07,0,0,0,0,80.8192,79.791,5.9982,0,0,1.53199,1.53199,0,1.18363,2.54016,8.54316e+06,3.7602e+06,1.3088e+07,0,0,0,7.35807e+07
78.5307,85.139,3.58734,0.01,0.06,3.36476,3.36476,0,0.630565,5.32224,4.11084e+06,2.81318e+06,1.3832e+07,0,0,0,0,80.8192,79.791,5.34589,0,0,1.53197,1.53197,0,1.18361,2.54016,8.54316e+06,3.7602e+06,1.30878e+07,0,0,0,7.35807e+07
78.2273,85.139,3.38825,0.01,0.06,3.36471,3.36471,0,0.630556,5.32224,4.11084e+06,2.81318e+06,1.38318e+07,0,0,0,0,80.8192,79.791,4.80598,0,0,1.53195,1.53195,0,1.1836,2.54016,8.54316e+06,3.7602e+06,1.30877e+07,0,0,0,7.35807e+07
77.7272,85.139,3.21375,0.01,0.06,3.52427,3.52427,0,0.630547,5.32224,4.11084e+06,2.81318e+06,1.44877e+07,0,0,0,0,80.8192,79.791,4.52007,0,0,1.61475,1.61475,0,1.18358,2.54016,8.54316e+06,3.7602e+06,1.37951e+07,0,0,0,7.35807e+07
76.9406,85.139,2.89359,0.02,0.06,3.52422,3.52422,0,0.660449,5.32224,4.11084e+06,2.81318e+06,1.44875e+07,0,0,0,0,80.8192,79.791,3.67086,0,0,1.61472,1.61472,0,1.24755,2.54016,8.54316e+06,3.7602e+06,1.37949e+07,0,0,0,7.35807e+07
75.8639,85.139,2.57024,0.02,0.06,3.52417,3.52417,0,0.660439,5.32224,4.11084e+06,2.81318e+06,1.44873e+07,0,0,0,0,80.8192,79.791,3.24717,0,0,1.6147,1.6147,0,1.24754,2.54016,8.54316e+06,3.7602e+06,1.37947e+07,0,0,0,7.35807e+07
74.5898,85.139,2.32827,0.03,0.06,3.52412,3.52412,0,0.66043,5.32224,4.11084e+06,2.81318e+06,1.44871e+07,0,0,0,0,80.8192,79.791,3.42627,0,0,1.61468,1.61468,0,1.24752,2.54016,8.54316e+06,3.7602e+06,1.37945e+07,0,0,0,7.35807e+07
73.2139,85.139,2.16162,0.04,0.06,3.52407,3.52407,0,0.660421,5.32224,4.11084e+06,2.81318e+06,1.44869e+07,0,0,0,0,80.8192,79.791,3.32007,0,0,1.61466,1.61466,0,1.2475,2.54016,8.54316e+06,3.7602e+06,1.37943e+07,0,0,0,7.35807e+07
71.7984,85.139,2.07647,0.04,0.06,3.49246,3.49246,0,0.660411,5.32224,4.11084e+06,2.81318e+06,1.43569e+07,0,0,0,0,80.8192,79.791,3.25739,0,0,1.66015,1.66015,0,1.24748,2.54016,8.54316e+06,3.7602e+06,1.41829e+07,0,0,0,7.35807e+07
70.2507,85.139,1.92977,0.03,0.06,3.49241,3.49241,0,0.654487,5.32224,4.11084e+06,2.81318e+06,1.43567e+07,0,0,0,0,80.8192,79.791,3.1944,0,0,1.66013,1.66013,0,1.28263,2.54016,8.54316e+06,3.7602e+06,1.41827e+07,0,0,0,7.35807e+07
68.5539,85.139,1.76102,0.03,0.06,3.49236,3.49236,0,0.654478,5.32224,4.11084e+06,2.81318e+06,1.43565e+07,0,0,0,0,80.8192,79.791,2.93396,0,0,1.6601,1.6601,0,1.28261,2.54016,8.54316e+06,3.7602e+06,1.41825e+07,0,0,0,7.35807e+07
66.7715,85.139,1.63374,0.04,0.06,3.49231,3.49231,0,0.654469,5.32224,4.11084e+06,2.81318e+06,1.43563e+07,0,0,0,0,80.8192,79.791,2.76256,0,0,1.66008,1.66008,0,1.2826,2.54016,8.54316e+06,3.7602e+06,1.41823e+07,0,0,0,7.35807e+07
64.8996,85.139,1.56881,0.07,0.06,3.57377,3.57377,0,0.654459,5.32224,4.11084e+06,2.81318e+06,1.46912e+07,0,0,0,0,80.7223,79.791,2.47825,0,0,1.70062,1.70062,0,1.28258,2.54016,8.54316e+06,3.7602e+06,1.45287e+07,0,0,0,7.35807e+07
62.9109,85.139,1.42435,0.09,0.06,3.57372,3.57372,0,0.669724,5.32224,4.11084e+06,2.81318e+06,1.4691e+07,0,0,0,0,80.5934,79.791,2.27349,0,0,1.7006,1.7006,0,1.3139,2.54016,8.54316e+06,3.7602e+06,1.45285e+07,0,0,0,7.35807e+07
60.7923,85.139,1.25345,0.08,0.06,3.57367,3.57367,0,0.669714,5.32224,4.11084e+06,2.81318e+06,1.46908e+07,0,0,0,0,80.4523,79.791,2.2482,0,0,1.70057,1.70057,0,1.31388,2.54016,8.54316e+06,3.7602e+06,1.45283e+07,0,0,0,7.35807e+07
58.5138,85.139,1.06762,0.09,0.06,3.57361,3.57361,0,0.669705,5.32224,4.11084e+06,2.81318e+06,1.46906e+07,0,0,0,0,80.3049,79.791,2.19732,0,0,1.70055,1.70055,0,1.31386,2.54016,8.54316e+06,3.7602e+06,1.45281e+07,0,0,0,7.35807e+07
56.298,85.139,1.27638,0.12,0.06,3.81223,3.81223,0,0.669695,5.32224,4.11084e+06,2.81318e+06,1.56715e+07,0,0,0,0,79.8353,79.791,2.31716,0,0,1.84693,1.84693,0,1.31384,2.54016,8.54316e+06,3.7602e+06,1.57787e+07,0,0,0,7.35807e+07
53.917,85.139,1.07852,0.11,0.06,3.81217,3.81217,0,0.714411,5.32224,4.11084e+06,2.81318e+06,1.56712e+07,0,0,0,0,79.3593,79.791,1.66789,0,0,1.84691,1.84691,0,1.42694,2.54016,8.54316e+06,3.7602e+06,1.57784e+07,0,0,0,7.35807e+07
51.788,85.139,1.27834,0.15,0.06,3.81212,3.81212,0,0.714401,5.32224,4.11084e+06,2.81318e+06,1.5671e+07,0,0,0,0,79.124,79.791,2.71684,0,0,1.84688,1.84688,0,1.42692,2.54016,8.54316e+06,3.7602e+06,1.57782e+07,0,0,0,7.35807e+07
49.462,85.139,1.03455,0.15,0.06,3.81207,3.81207,0,0.714391,5.32224,4.11084e+06,2.81318e+06,1.56708e+07,0,0,0,0,78.7045,79.791,2.0051,0,0,1.84686,1.84686,0,1.4269,2.54016,8.54316e+06,3.7602e+06,1.5778e+07,0,0,0,7.35807e+07
47.4662,85.139,1.33599,0.18,0.06,3.81201,3.81201,0,0.714381,5.32224,4.11084e+06,2.81318e+06,1.56706e+07,0,0,0,0,78.5643,79.791,2.99723,0,0,1.84683,1.84683,0,1.42688,2.54016,8.54316e+06,3.7602e+06,1.57778e+07,0,0,0,7.35807e+07
45.9677,85.139,1.70457,0.16,0.06,3.69565,3.69565,0,0.714371,5.32224,4.11084e+06,2.81318e+06,1.51922e+07,0,0,0,0,78.818,79.791,4.1939,0,0,1.75795,1.75795,0,1.42686,2.54016,8.54316e+06,3.7602e+06,1.50184e+07,0,0,0,7.35807e+07
44.6699,85.139,1.9011,0.16,0.06,3.6956,3.6956,0,0.692565,5.32224,4.11084e+06,2.81318e+06,1.5192e+07,0,0,0,0,79.0765,79.791,3.88613,0,0,1.75792,1.75792,0,1.35819,2.54016,8.54316e+06,3.7602e+06,1.50182e+07,0,0,0,7.35807e+07
43.986,85.139,2.52781,0.16,0.06,3.69555,3.69555,0,0.692555,5.32224,4.11084e+06,2.81318e+06,1.51918e+07,0,0,0,0,79.6764,79.791,5.29873,0,0,1.7579,1.7579,0,1.35817,2.54016,8.54316e+06,3.7602e+06,1.5018e+07,0,0,0,7.35807e+07
44.0388,85.139,3.38196,0.16,0.06,3.69549,3.69549,0,0.692545,5.32224,4.11084e+06,2.81318e+06,1.51916e+07,0,0,0,0,80.8192,79.791,7.35412,0,0,1.75787,1.75787,0,1.35815,2.54016,8.54316e+06,3.7602e+06,1.50178e+07,0,0,0,7.35807e+07
43.9735,85.139,3.19294,0.16,0.06,3.59998,3.59998,0,0.692535,5.32224,4.11084e+06,2.81318e+06,1.47989e+07,0,0,0,0,80.8192,79.791,3.21222,0,0,1.67697,1.67697,0,1.35813,2.54016,8.54316e+06,3.7602e+06,1.43266e+07,0,0,0,7.35807e+07
43.7737,85.139,3.10222,0.16,0.06,3.59993,3.59993,0,0.674636,5.32224,4.11084e+06,2.81318e+06,1.47987e+07,0,0,0,0,80.8192,79.791,4.48226,0,0,1.67694,1.67694,0,1.29562,2.54016,8.54316e+06,3.7602e+06,1.43264e+07,0,0,0,7.35807e+07
43.612,85.139,3.07624,0.17,0.06,3.59988,3.59988,0,0.674626,5.32224,4.11084e+06,2.81318e+06,1.47985e+07,0,0,0,0,80.8192,79.791,4.46967,0,0,1.67692,1.67692,0,1.29561,2.54016,8.54316e+06,3.7602e+06,1.43262e+07,0,0,0,7.35807e+07
