0st_vol,0capacity,0net_inf,0st_rof,0lt_rof,0rest_demand,0unrest_demand,0unfulf_demand,0wastewater,0treat_capacity,1st_vol,1capacity,1net_inf,1st_rof,1lt_rof,1rest_demand,1unrest_demand,1unfulf_demand,1wastewater,1treat_capacity
85.1218,85.139,2.69705,0.05,0,2.16737,2.46977,0,0,4.47552,99.1336,98.274,2.15048,0,0,1.73502,1.43262,0,0,2.1168
85.139,85.139,4.73457,0.07,0,2.18929,2.47095,0,0.406166,4.47552,99.3022,98.274,2.62923,0,0,1.71496,1.4333,0,1.34047,2.1168
85.139,85.139,6.32595,0.05,0,2.19115,2.47213,0,0.410272,4.47552,99.3022,98.274,6.75776,0,0,1.71496,1.43398,0,1.32498,2.1168
85.139,85.139,6.22029,0.05,0,2.19301,2.4733,0,0.410621,4.47552,99.3022,98.274,4.56444,0,0,1.71496,1.43466,0,1.32498,2.1168
85.139,85.139,4.83827,0.05,0,2.43622,2.71584,0,0.410969,4.47552,99.3022,98.274,4.77942,0,0,1.88373,1.60411,0,1.32498,2.1168
85.139,85.139,4.11264,0.05,0,2.60696,2.71713,0,0.456548,4.47552,99.3022,98.274,3.20357,0,0,1.71504,1.60488,0,1.45537,2.1168
85.139,85.139,6.97978,0.05,0,2.60902,2.71842,0,0.488545,4.47552,99.3022,98.274,4.63722,0,0,1.71504,1.60564,0,1.32504,2.1168
85.139,85.139,7.1079,0.05,0,2.61108,2.71972,0,0.48893,4.47552,99.3022,98.274,4.70369,0,0,1.71504,1.60641,0,1.32504,2.1168
85.139,85.139,5.83178,0.05,0,2.26823,2.3761,0,0.489316,4.47552,99.3022,98.274,4.58018,0,0,1.48813,1.38025,0,1.32504,2.1168
85.139,85.139,5.11736,0.05,0,2.07483,2.37723,0,0.425066,4.47552,99.3022,98.274,4.89336,0,0,1.68331,1.38091,0,1.14973,2.1168
85.139,85.139,5.23115,0.05,0,2.07597,2.37837,0,0.388824,4.47552,99.3022,98.274,5.96303,0,0,1.68397,1.38157,0,1.30052,2.1168
85.139,85.139,7.23547,0.05,0,2.0771,2.3795,0,0.389036,4.47552,99.3022,98.274,6.36133,0,0,1.68462,1.38222,0,1.30103,2.1168
85.139,85.139,8.21307,0.05,0,2.07823,2.38063,0,0.389248,4.47552,99.3022,98.274,6.25326,0,0,1.68528,1.38288,0,1.30154,2.1168
85.139,85.139,9.40671,0.05,0,2.16638,2.46878,0,0.38946,4.47552,99.3022,98.274,4.1232,0,0,1.74158,1.43918,0,1.30205,2.1168
85.139,85.139,8.42596,0.05,0,2.19486,2.46996,0,0.40598,4.47552,99.3022,98.274,4.51025,0,0,1.71496,1.43986,0,1.34555,2.1168
85.139,85.139,6.12804,0.05,0,2.19671,2.47113,0,0.411316,4.47552,99.3022,98.274,4.28752,0,0,1.71496,1.44055,0,1.32498,2.1168
85.139,85.139,5.63193,0.05,0,2.19857,2.4723,0,0.411664,4.47552,99.0587,98.274,4.51199,0,0,1.71496,1.44123,0,1.32498,2.1168
85.139,85.139,4.32805,0.05,0,2.16634,2.43939,0,0.412012,4.47552,98.8845,98.274,2.85864,0,0,1.69331,1.42026,0,1.32498,2.1168
85.139,85.139,3.52021,0.05,0,2.14653,2.44054,0,0.405972,4.47552,98.9762,98.274,2.52743,0,0,1.71495,1.42094,0,1.30825,2.1168
85.139,85.139,3.61669,0.05,0,2.14836,2.4417,0,0.402259,4.47552,99.1385,98.274,2.49484,0,0,1.71495,1.42161,0,1.32497,2.1168
85.139,85.139,4.95802,0.04,0,2.15019,2.44286,0,0.402603,4.47552,98.9586,98.274,2.72332,0,0,1.71495,1.42229,0,1.32497,2.1168
85.139,85.139,3.52615,0.04,0,2.26796,2.55996,0,0.402946,4.47552,98.8623,98.274,2.37465,0,0,1.79189,1.49989,0,1.32497,2.1168
85.139,85.139,3.49832,0.04,0,2.34678,2.56117,0,0.425016,4.47552,98.7269,98.274,2.19625,0,0,1.71499,1.50061,0,1.38441,2.1168
85.139,85.139,3.1499,0.03,0,2.34871,2.56238,0,0.439787,4.47552,98.4639,98.274,1.90023,0,0,1.71499,1.50132,0,1.325,2.1168
85.139,85.139,2.93278,0.02,0,2.35064,2.5636,0,0.440148,4.47552,98.1488,98.274,1.88085,0,0,1.71499,1.50203,0,1.325,2.1168
85.139,85.139,2.75903,0.02,0,2.35256,2.56481,0,0.440509,4.47552,98.1984,98.274,1.79698,0,0,1.71499,1.50274,0,1.325,2.1168
84.8474,85.139,2.30619,0.02,0,2.33151,2.54305,0,0.44087,4.47552,98.0728,98.274,2.29998,0,0,1.75738,1.54584,0,1.325,2.1168
84.3073,85.139,2.08245,0.03,0,2.37581,2.54425,0,0.436925,4.47552,97.9586,98.274,2.07392,0,0,1.71501,1.54657,0,1.35775,2.1168
83.7071,85.139,1.98345,0.03,0,2.37775,2.54546,0,0.445226,4.47552,97.7391,98.274,2.00894,0,0,1.71501,1.5473,0,1.32502,2.1168
82.9161,85.139,1.77018,0.03,0,2.37968,2.54666,0,0.44559,4.47552,97.5083,98.274,1.9395,0,0,1.71501,1.54803,0,1.32502,2.1168
82.2312,85.139,1.93432,0.03,0,2.44108,2.60733,0,0.445953,4.47552,97.1507,98.274,1.9612,0,0,1.75286,1.58661,0,1.32502,2.1168
81.4434,85.139,1.86237,0.03,0,2.4809,2.60856,0,0.457459,4.47552,96.8432,98.274,1.84003,0,0,1.71503,1.58736,0,1.35426,2.1168
80.5,85.139,1.68833,0.03,0,2.48288,2.6098,0,0.46492,4.47552,96.5116,98.274,1.80326,0,0,1.71503,1.58811,0,1.32503,2.1168
79.2788,85.139,1.40024,0.03,0,2.48487,2.61103,0,0.465292,4.47552,96.1521,98.274,1.76645,0,0,1.71503,1.58887,0,1.32503,2.1168
77.7873,85.139,1.25966,0.04,0,2.66132,2.78673,0,0.465664,4.47552,95.6584,98.274,1.66663,0,0,1.85189,1.72648,0,1.32503,2.1168
76.122,85.139,1.1664,0.04,0,2.78805,2.78805,0,0.498731,4.47552,95.1798,98.274,1.59064,0,0,1.72729,1.72729,0,1.43077,2.1168
74.4435,85.139,1.13603,0.04,0,2.78937,2.78937,0,0.52248,4.47552,94.8472,98.274,1.50973,0,0,1.72811,1.72811,0,1.33451,2.1168
73.2546,85.139,1.62612,0.04,0,2.79068,2.79068,0,0.522727,4.47552,94.6034,98.274,1.75229,0,0,1.72893,1.72893,0,1.33514,2.1168
72.7236,85.139,2.36056,0.05,0,2.792,2.792,0,0.522974,4.47552,94.5683,98.274,2.01735,0,0,1.72974,1.72974,0,1.33577,2.1168
74.1594,85.139,4.26927,0.05,0,2.7081,2.7081,0,0.523221,4.47552,96.0138,98.274,6.5369,0,0,1.6473,1.6473,0,1.3364,2.1168
74.1532,85.139,2.87942,0.04,0,2.64239,2.70937,0,0.507497,4.47552,96.8012,98.274,4.95675,0,0,1.71506,1.64807,0,1.2727,2.1168
73.6773,85.139,2.29394,0.04,0,2.64445,2.71065,0,0.495184,4.47552,97.4595,98.274,3.75505,0,0,1.71506,1.64885,0,1.32505,2.1168
76.2454,85.139,5.46064,0.05,0,2.64651,2.71193,0,0.49557,4.47552,98.8898,98.274,7.70931,0,0,1.71506,1.64963,0,1.32505,2.1168
78.6564,85.139,5.38406,0.04,0,2.57848,2.64313,0,0.495955,4.47552,99.3022,98.274,7.11143,0,0,1.63912,1.57447,0,1.32505,2.1168
81.2476,85.139,5.46707,0.04,0,2.50457,2.64437,0,0.483207,4.47552,99.3022,98.274,5.83046,0,0,1.71502,1.57522,0,1.26639,2.1168
84.1153,85.139,5.78967,0.03,0,2.50656,2.64562,0,0.469356,4.47552,99.3022,98.274,8.41324,0,0,1.71502,1.57596,0,1.32503,2.1168
85.139,85.139,4.84374,0.02,0,2.50855,2.64687,0,0.469729,4.47552,99.3022,98.274,7.32126,0,0,1.71502,1.5767,0,1.32503,2.1168
85.139,85.139,7.30516,0.02,0,2.31111,2.44868,0,0.470102,4.47552,99.3022,98.274,9.3806,0,0,1.55657,1.419,0,1.32503,2.1168
85.139,85.139,10.1055,0.02,0,2.15456,2.44984,0,0.433102,4.47552,99.3022,98.274,8.53093,0,0,1.71495,1.41967,0,1.20261,2.1168
85.139,85.139,7.80949,0.04,0,2.15638,2.45099,0,0.403764,4.47552,99.3022,98.274,9.50626,0,0,1.71495,1.42034,0,1.32497,2.1168
85.139,85.139,7.34836,0.04,0,2.15821,2.45215,0,0.404106,4.47552,99.3022,98.274,13.8473,0,0,1.71495,1.42101,0,1.32497,2.1168
85.139,85.139,7.37229,0.05,0,2.16003,2.4533,0,0.404448,4.47552,99.3022,98.274,13.4385,0,0,1.71495,1.42168,0,1.32497,2.1168
85.139,85.139,7.51006,0.05,0,2.23872,2.53133,0,0.40479,4.47552,99.3022,98.274,11.1064,0,0,1.76092,1.46832,0,1.32497,2.1168
85.139,85.139,6.54227,0.05,0,2.28652,2.53248,0,0.419536,4.47552,99.3022,98.274,7.73873,0,0,1.71495,1.46899,0,1.36049,2.1168
85.139,85.139,5.9309,0.05,0,2.28835,2.53364,0,0.428494,4.47552,99.3022,98.274,7.94382,0,0,1.71495,1.46966,0,1.32497,2.1168
85.139,85.139,5.41115,0.05,0,2.29017,2.53479,0,0.428836,4.47552,99.3022,98.274,7.15013,0,0,1.71495,1.47033,0,1.32497,2.1168
85.139,85.139,6.00209,0.05,0,2.53935,2.7833,0,0.429179,4.47552,99.3022,98.274,7.34959,0,0,1.88791,1.64396,0,1.32497,2.1168
85.139,85.139,4.99423,0.05,0,2.71425,2.78457,0,0.475875,4.47552,99.3022,98.274,5.28243,0,0,1.71503,1.64471,0,1.4586,2.1168
85.139,85.139,4.3533,0.05,0,2.71627,2.78584,0,0.508651,4.47552,99.3022,98.274,5.50736,0,0,1.71503,1.64546,0,1.32503,2.1168
85.139,85.139,5.0949,0.05,0,2.71829,2.78711,0,0.509029,4.47552,99.3022,98.274,6.03639,0,0,1.71503,1.64621,0,1.32503,2.1168
85.139,85.139,4.11915,0.05,0,2.36687,2.43494,0,0.509408,4.47552,99.3022,98.274,6.24736,0,0,1.48249,1.41443,0,1.32503,2.1168
85.139,85.139,3.866,0.05,0,2.13619,2.43604,0,0.443551,4.47552,99.3022,98.274,5.72575,0,0,1.71492,1.41507,0,1.14538,2.1168
85.139,85.139,5.17046,0.05,0,2.13795,2.43715,0,0.400322,4.47552,99.3022,98.274,9.90392,0,0,1.71492,1.41572,0,1.32495,2.1168
85.139,85.139,4.4205,0.05,0,2.1397,2.43827,0,0.400651,4.47552,99.3022,98.274,6.19794,0,0,1.71492,1.41636,0,1.32495,2.1168
85.139,85.139,4.27307,0.05,0,2.14146,2.43938,0,0.40098,4.47552,99.3022,98.274,5.93121,0,0,1.71493,1.41701,0,1.32495,2.1168
85.139,85.139,7.17491,0.05,0,2.23238,2.52966,0,0.401309,4.47552,99.3022,98.274,11.2902,0,0,1.77194,1.47467,0,1.32495,2.1168
85.139,85.139,7.08097,0.05,0,2.2912,2.53081,0,0.418348,4.47552,99.3022,98.274,7.80599,0,0,1.71495,1.47534,0,1.369,2.1168
85.139,85.139,4.31369,0.05,0,2.29302,2.53196,0,0.42937,4.47552,99.3022,98.274,5.45832,0,0,1.71495,1.47601,0,1.32497,2.1168
85.139,85.139,3.60736,0.05,0,2.29484,2.53311,0,0.429712,4.47552,99.3022,98.274,5.05007,0,0,1.71495,1.47668,0,1.32497,2.1168
85.139,85.139,4.34324,0.05,0,2.26174,2.49934,0,0.430054,4.47552,99.3022,98.274,5.81967,0,0,1.69277,1.45517,0,1.32497,2.1168
85.139,85.139,4.12229,0.05,0,2.24136,2.50047,0,0.42385,4.47552,99.3022,98.274,5.64343,0,0,1.71494,1.45583,0,1.30783,2.1168
85.139,85.139,3.64909,0.05,0,2.24316,2.50161,0,0.420031,4.47552,99.3022,98.274,4.97297,0,0,1.71494,1.45649,0,1.32496,2.1168
85.139,85.139,3.30011,0.04,0,2.24496,2.50275,0,0.420368,4.47552,99.3022,98.274,4.5082,0,0,1.71494,1.45716,0,1.32496,2.1168
85.139,85.139,3.05917,0.04,0,2.36554,2.62266,0,0.420706,4.47552,99.3022,98.274,4.29365,0,0,1.79376,1.53663,0,1.32496,2.1168
85.139,85.139,3.00837,0.04,0,2.44621,2.62385,0,0.443302,4.47552,99.3022,98.274,4.98857,0,0,1.71498,1.53733,0,1.38586,2.1168
85.139,85.139,2.80889,0.03,0,2.4481,2.62505,0,0.45842,4.47552,99.3022,98.274,4.59126,0,0,1.71498,1.53803,0,1.32499,2.1168
84.9983,85.139,2.55473,0.02,0,2.44999,2.62624,0,0.458774,4.47552,99.3022,98.274,3.86715,0,0,1.71498,1.53873,0,1.32499,2.1168
84.7909,85.139,2.4793,0.05,0,2.45188,2.62743,0,0.459128,4.47552,99.0769,98.274,3.54812,0,0,1.71498,1.53943,0,1.32499,2.1168
83.8742,85.139,1.70085,0.04,0,2.43023,2.60508,0,0.459483,4.47552,98.9063,98.274,1.96049,0,0,1.7584,1.58355,0,1.32499,2.1168
82.9172,85.139,1.68842,0.03,0,2.47553,2.60627,0,0.455425,4.47552,98.7334,98.274,2.05459,0,0,1.715,1.58427,0,1.35854,2.1168
81.9049,85.139,1.61897,0.03,0,2.47743,2.60745,0,0.463915,4.47552,98.3781,98.274,2.0489,0,0,1.715,1.58498,0,1.32501,2.1168
80.7405,85.139,1.43038,0.03,0,2.47934,2.60863,0,0.464271,4.47552,98.0351,98.274,1.85773,0,0,1.715,1.5857,0,1.32501,2.1168
79.5045,85.139,1.38876,0.03,0,2.54215,2.67072,0,0.464628,4.47552,97.8541,98.274,1.90076,0,0,1.75376,1.62519,0,1.32501,2.1168
78.2865,85.139,1.4509,0.03,0,2.58284,2.67193,0,0.476398,4.47552,97.6996,98.274,2.123,0,0,1.71502,1.62593,0,1.35496,2.1168
76.9823,85.139,1.34,0.04,0,2.58479,2.67315,0,0.484025,4.47552,97.2794,98.274,2.01199,0,0,1.71502,1.62666,0,1.32502,2.1168
75.5697,85.139,1.2196,0.04,0,2.58674,2.67436,0,0.48439,4.47552,97.1367,98.274,1.76804,0,0,1.71502,1.6274,0,1.32502,2.1168
74.1361,85.139,1.32957,0.04,0,2.76738,2.85426,0,0.484755,4.47552,96.4523,98.274,2.23386,0,0,1.85519,1.76831,0,1.32502,2.1168
72.3861,85.139,1.06547,0.04,0,2.85556,2.85556,0,0.518607,4.47552,96.0255,98.274,1.42941,0,0,1.76912,1.76912,0,1.43332,2.1168
70.7715,85.139,1.19807,0.06,0,2.85685,2.85685,0,0.535131,4.47552,95.3542,98.274,1.7416,0,0,1.76992,1.76992,0,1.36682,2.1168
68.9294,85.139,0.961436,0.06,0,2.85814,2.85814,0,0.535374,4.47552,95.1059,98.274,1.2721,0,0,1.77072,1.77072,0,1.36744,2.1168
67.315,85.139,1.16835,0.06,0,2.85944,2.85944,0,0.535616,4.47552,94.6055,98.274,2.17353,0,0,1.77152,1.77152,0,1.36806,2.1168
65.7704,85.139,1.18053,0.11,0,2.77345,2.77345,0,0.535859,4.47552,94.757,98.274,1.81925,0,0,1.68705,1.68705,0,1.36868,2.1168
64.0914,85.139,1.01076,0.11,0,2.74747,2.7747,0,0.519744,4.47552,94.66,98.274,2.79887,0,0,1.71504,1.68781,0,1.30341,2.1168
62.2882,85.139,0.872994,0.11,0,2.74949,2.77596,0,0.514877,4.47552,94.2455,98.274,1.61621,0,0,1.71504,1.68858,0,1.32504,2.1168
60.5198,85.139,0.906167,0.13,0,2.75152,2.77722,0,0.515255,4.47552,94.0518,98.274,1.57208,0,0,1.71504,1.68934,0,1.32504,2.1168
59.0187,85.139,1.2202,0.13,0,2.68176,2.7067,0,0.515634,4.47552,93.9679,98.274,2.10328,0,0,1.63728,1.61234,0,1.32504,2.1168
57.1797,85.139,0.766632,0.13,0,2.60599,2.70792,0,0.502562,4.47552,93.5925,98.274,1.41586,0,0,1.71501,1.61307,0,1.26496,2.1168
56.0151,85.139,1.47,0.14,0,2.60794,2.70915,0,0.488362,4.47552,93.5912,98.274,1.88442,0,0,1.71501,1.6138,0,1.32502,2.1168
55.564,85.139,2.18121,0.15,0,2.6099,2.71037,0,0.488729,4.47552,93.9764,98.274,3.39251,0,0,1.71501,1.61453,0,1.32502,2.1168
54.7182,85.139,1.60097,0.15,0,2.40764,2.50739,0,0.489095,4.47552,94.1172,98.274,2.68307,0,0,1.55276,1.45302,0,1.32502,2.1168
55.3679,85.139,3.05826,0.15,0,2.24725,2.50852,0,0.451192,4.47552,94.1704,98.274,2.89508,0,0,1.71494,1.45367,0,1.19966,2.1168
56.4546,85.139,3.58031,0.16,0,2.24905,2.50965,0,0.421136,4.47552,94.2606,98.274,2.89176,0,0,1.71494,1.45433,0,1.32496,2.1168
57.0851,85.139,3.10347,0.16,0,2.25084,2.51079,0,0.421471,4.47552,94.3333,98.274,2.78637,0,0,1.71494,1.45499,0,1.32496,2.1168
58.8117,85.139,4.21177,0.15,0,2.25263,2.51192,0,0.421807,4.47552,94.3621,98.274,2.81907,0,0,1.71494,1.45564,0,1.32496,2.1168
60.2277,85.139,4.00482,0.15,0,2.33312,2.59175,0,0.422142,4.47552,94.5761,98.274,3.23551,0,0,1.76201,1.50337,0,1.32496,2.1168
61.3515,85.139,3.83338,0.15,0,2.38198,2.59289,0,0.437226,4.47552,94.9715,98.274,3.41354,0,0,1.71494,1.50403,0,1.36133,2.1168
61.6888,85.139,2.95523,0.15,0,2.38377,2.59402,0,0.446383,4.47552,95.3124,98.274,3.79473,0,0,1.71494,1.50469,0,1.32496,2.1168
61.1474,85.139,2.06743,0.16,0,2.38556,2.59515,0,0.446718,4.47552,95.4755,98.274,2.33288,0,0,1.71494,1.50534,0,1.32496,2.1168
61.1259,85.139,2.90321,0.16,0,2.64058,2.84952,0,0.447054,4.47552,95.7887,98.274,3.53039,0,0,1.89201,1.68307,0,1.32496,2.1168
61.9939,85.139,3.94681,0.17,0,2.81956,2.85076,0,0.494845,4.47552,96.4966,98.274,4.33229,0,0,1.71501,1.68381,0,1.46177,2.1168
63.3168,85.139,4.43912,0.18,0,2.82154,2.85201,0,0.528385,4.47552,97.3658,98.274,4.88935,0,0,1.71501,1.68454,0,1.32502,2.1168
64.6126,85.139,4.48661,0.14,0,2.82351,2.85325,0,0.528756,4.47552,98.0112,98.274,4.58968,0,0,1.71501,1.68528,0,1.32502,2.1168
65.6544,85.139,3.92891,0.13,0,2.46367,2.49267,0,0.529127,4.47552,98.8531,98.274,4.39176,0,0,1.47697,1.44796,0,1.32502,2.1168
69.6875,85.139,6.86759,0.15,0,2.22744,2.49376,0,0.461691,4.47552,99.3022,98.274,8.83997,0,0,1.71491,1.44859,0,1.1411,2.1168
72.9196,85.139,6.0212,0.13,0,2.22916,2.49484,0,0.417422,4.47552,99.3022,98.274,6.00409,0,0,1.71491,1.44923,0,1.32494,2.1168
74.8399,85.139,4.75492,0.14,0,2.23088,2.49593,0,0.417744,4.47552,99.3022,98.274,4.68498,0,0,1.71491,1.44986,0,1.32494,2.1168
75.9213,85.139,3.84495,0.11,0,2.2326,2.49702,0,0.418066,4.47552,99.3022,98.274,3.58152,0,0,1.71491,1.45049,0,1.32494,2.1168
78.4926,85.139,5.44499,0.12,0,2.32559,2.58938,0,0.418389,4.47552,99.3022,98.274,4.94781,0,0,1.77327,1.50948,0,1.32494,2.1168
82.3729,85.139,6.91624,0.12,0,2.38571,2.59051,0,0.435816,4.47552,99.3022,98.274,7.22336,0,0,1.71494,1.51014,0,1.37003,2.1168
84.3747,85.139,4.93094,0.08,0,2.3875,2.59164,0,0.447083,4.47552,99.3022,98.274,4.94561,0,0,1.71494,1.5108,0,1.32496,2.1168
85.139,85.139,4.22473,0.09,0,2.38929,2.59277,0,0.447417,4.47552,99.3022,98.274,4.20296,0,0,1.71494,1.51146,0,1.32496,2.1168
85.139,85.139,3.69189,0.05,0,2.35532,2.55814,0,0.447752,4.47552,99.3022,98.274,3.67281,0,0,1.69223,1.48941,0,1.32496,2.1168
85.139,85.139,3.11467,0.05,0,2.33439,2.55926,0,0.441387,4.47552,99.3022,98.274,3.34052,0,0,1.71493,1.49006,0,1.30742,2.1168
85.139,85.139,2.83632,0.05,0,2.33615,2.56037,0,0.437464,4.47552,99.3022,98.274,2.99943,0,0,1.71493,1.49071,0,1.32495,2.1168
85.139,85.139,2.76409,0.05,0,2.33791,2.56149,0,0.437794,4.47552,99.3022,98.274,3.28544,0,0,1.71493,1.49135,0,1.32495,2.1168
84.9677,85.139,2.51142,0.05,0,2.46124,2.68416,0,0.438124,4.47552,99.2451,98.274,2.89809,0,0,1.79559,1.57267,0,1.32495,2.1168
84.3329,85.139,2.09823,0.07,0,2.54372,2.68533,0,0.461236,4.47552,99.1291,98.274,2.52419,0,0,1.71496,1.57335,0,1.38728,2.1168
83.6463,85.139,2.03636,0.07,0,2.54557,2.6865,0,0.476693,4.47552,98.9732,98.274,2.29898,0,0,1.71496,1.57404,0,1.32498,2.1168
82.7383,85.139,1.78695,0.06,0,2.54742,2.68766,0,0.47704,4.47552,98.7739,98.274,2.15269,0,0,1.71496,1.57472,0,1.32498,2.1168
81.7779,85.139,1.6875,0.05,0,2.54927,2.68883,0,0.477387,4.47552,98.5336,98.274,2.05591,0,0,1.71496,1.5754,0,1.32498,2.1168
81.3293,85.139,2.21012,0.05,0,2.52703,2.66591,0,0.477734,4.47552,98.3671,98.274,2.27421,0,0,1.7594,1.62052,0,1.32498,2.1168
80.8222,85.139,2.19463,0.04,0,2.57331,2.66707,0,0.473566,4.47552,98.2182,98.274,2.1918,0,0,1.71498,1.62122,0,1.35931,2.1168
80.1304,85.139,2.00604,0.03,0,2.57517,2.66823,0,0.482238,4.47552,97.9922,98.274,2.19528,0,0,1.71498,1.62193,0,1.325,2.1168
79.2534,85.139,1.81072,0.04,0,2.57703,2.66938,0,0.482587,4.47552,97.6574,98.274,1.96747,0,0,1.71498,1.62263,0,1.325,2.1168
78.2226,85.139,1.6796,0.04,0,2.64122,2.73287,0,0.482936,4.47552,97.4195,98.274,1.82649,0,0,1.75465,1.66301,0,1.325,2.1168
77.3595,85.139,1.89736,0.04,0,2.68278,2.73406,0,0.494965,4.47552,97.336,98.274,2.16802,0,0,1.715,1.66373,0,1.35564,2.1168
76.358,85.139,1.73571,0.04,0,2.68469,2.73524,0,0.502753,4.47552,97.0413,98.274,2.13648,0,0,1.715,1.66445,0,1.32501,2.1168
75.2223,85.139,1.59245,0.04,0,2.6866,2.73643,0,0.503111,4.47552,96.8497,98.274,1.87189,0,0,1.715,1.66517,0,1.32501,2.1168
74.035,85.139,1.67602,0.04,0,2.87134,2.92045,0,0.503469,4.47552,96.4601,98.274,2.24382,0,0,1.85843,1.80932,0,1.32501,2.1168
72.2101,85.139,1.10751,0.04,0,2.92172,2.92172,0,0.538089,4.47552,96.056,98.274,1.80521,0,0,1.81011,1.81011,0,1.43582,2.1168
70.2824,85.139,0.984239,0.07,0,2.92298,2.92298,0,0.54753,4.47552,95.6242,98.274,1.68623,0,0,1.81089,1.81089,0,1.39849,2.1168
68.449,85.139,1.06104,0.07,0,2.92425,2.92425,0,0.547767,4.47552,95.3713,98.274,1.71102,0,0,1.81168,1.81168,0,1.39909,2.1168
67.163,85.139,1.643,0.08,0,2.92552,2.92552,0,0.548005,4.47552,95.1472,98.274,2.02459,0,0,1.81246,1.81246,0,1.3997,2.1168
66.3702,85.139,2.07068,0.12,0,2.83749,2.83749,0,0.548242,4.47552,95.1614,98.274,2.41166,0,0,1.726,1.726,0,1.40031,2.1168
65.4919,85.139,1.97066,0.12,0,2.83872,2.83872,0,0.531745,4.47552,95.0987,98.274,2.32072,0,0,1.72675,1.72675,0,1.33351,2.1168
64.3198,85.139,1.73388,0.12,0,2.83995,2.83995,0,0.531976,4.47552,95.0749,98.274,2.34683,0,0,1.7275,1.7275,0,1.33409,2.1168
63.3769,85.139,2.05503,0.13,0,2.84118,2.84118,0,0.532206,4.47552,95.1101,98.274,2.53518,0,0,1.72825,1.72825,0,1.33467,2.1168
62.5601,85.139,2.13162,0.13,0,2.76898,2.76898,0,0.532437,4.47552,94.9223,98.274,2.32584,0,0,1.64945,1.64945,0,1.33524,2.1168
62.0789,85.139,2.39536,0.13,0,2.70535,2.77018,0,0.518907,4.47552,94.9442,98.274,1.8091,0,0,1.71499,1.65016,0,1.27436,2.1168
65.2261,85.139,6.21496,0.14,0,2.70726,2.77138,0,0.506982,4.47552,95.8615,98.274,5.48608,0,0,1.71499,1.65087,0,1.325,2.1168
66.5191,85.139,4.32037,0.13,0,2.70917,2.77258,0,0.507341,4.47552,96.283,98.274,3.66229,0,0,1.71499,1.65159,0,1.325,2.1168
68.5481,85.139,4.83281,0.13,0,2.50219,2.56488,0,0.507699,4.47552,97.0186,98.274,4.377,0,0,1.54903,1.48634,0,1.325,2.1168
69.0335,85.139,3.20326,0.1,0,2.33805,2.56599,0,0.468911,4.47552,97.5168,98.274,3.5116,0,0,1.71492,1.48698,0,1.19678,2.1168
70.3018,85.139,4.00508,0.1,0,2.3398,2.5671,0,0.43815,4.47552,98.2967,98.274,4.42236,0,0,1.71492,1.48762,0,1.32495,2.1168
71.6286,85.139,4.11097,0.12,0,2.34155,2.56821,0,0.438479,4.47552,99.3022,98.274,5.93372,0,0,1.71492,1.48827,0,1.32495,2.1168
73.8326,85.139,5.03384,0.12,0,2.34331,2.56932,0,0.438807,4.47552,99.3022,98.274,6.296,0,0,1.71492,1.48891,0,1.32495,2.1168
81.2119,85.139,10.266,0.06,0,2.42556,2.65093,0,0.439136,4.47552,99.3022,98.274,7.40454,0,1,1.76307,1.5377,0,1.32495,2.1168
83.3691,85.139,5.12641,0.04,0,2.47546,2.65204,0,0.45455,4.47552,99.3022,98.274,3.77022,0,1,1.71492,1.53834,0,1.36215,2.1168
85.0197,85.139,4.67188,0.04,0,2.4772,2.65314,0,0.4639,4.47552,99.3022,98.274,4.65148,0,1,1.71492,1.53898,0,1.32495,2.1168
85.139,85.139,3.42286,0.06,0,2.47895,2.65425,0,0.464228,4.47552,99.3022,98.274,3.76142,0,1,1.71492,1.53962,0,1.32495,2.1168
85.139,85.139,3.52112,0.05,0,2.7397,2.91435,0,0.464556,4.47552,99.3022,98.274,3.33219,0,1,1.89602,1.72137,0,1.32495,2.1168
85.139,85.139,4.17547,0.04,0,2.91557,2.91557,0,0.51342,4.47552,99.3022,98.274,3.5108,0,1,1.72209,1.72209,0,1.46487,2.1168
85.139,85.139,4.6956,0.04,0,2.91679,2.91679,0,0.546378,4.47552,99.3022,98.274,4.11554,0,1,1.72281,1.72281,0,1.33048,2.1168
85.139,85.139,6.40788,0.04,0,2.918,2.918,0,0.546606,4.47552,99.3022,98.274,4.53499,0,1,1.72352,1.72352,0,1.33104,2.1168
85.139,85.139,5.46833,0.04,0,2.54919,2.54919,0,0.546833,4.47552,99.3022,98.274,4.32218,0,1,1.48079,1.48079,0,1.33159,2.1168
85.139,85.139,5.8392,0.04,0,2.31676,2.55025,0,0.477718,4.47552,99.3022,98.274,7.23213,0,1,1.7149,1.48141,0,1.14406,2.1168
85.139,85.139,4.78569,0.04,0,2.31844,2.55131,0,0.434162,4.47552,99.3022,98.274,4.98731,0,1,1.7149,1.48203,0,1.32493,2.1168
85.139,85.139,4.76103,0.04,0,2.32012,2.55238,0,0.434476,4.47552,99.3022,98.274,4.54163,0,1,1.7149,1.48265,0,1.32493,2.1168
85.139,85.139,4.94642,0.04,0,2.3218,2.55344,0,0.434791,4.47552,99.3022,98.274,4.81124,0,1,1.7149,1.48326,0,1.32493,2.1168
85.139,85.139,7.33377,0.05,0,2.41682,2.64784,0,0.435106,4.47552,99.3022,98.274,6.45298,0,1,1.77458,1.54356,0,1.32493,2.1168
85.139,85.139,6.19053,0.06,0,2.47822,2.64894,0,0.452912,4.47552,99.3022,98.274,5.23314,0,1,1.71492,1.5442,0,1.37104,2.1168
85.139,85.139,5.43466,0.07,0,2.47997,2.65004,0,0.464419,4.47552,99.3022,98.274,4.58943,0,1,1.71492,1.54485,0,1.32495,2.1168
85.139,85.139,5.49595,0.07,0,2.48171,2.65115,0,0.464746,4.47552,99.3022,98.274,5.62332,0,1,1.71492,1.54549,0,1.32495,2.1168
85.139,85.139,5.05793,0.07,0,2.4469,2.61569,0,0.465073,4.47552,99.3022,98.274,4.29824,0,1,1.69171,1.52292,0,1.32495,2.1168
85.139,85.139,3.20362,0.07,0,2.42542,2.61678,0,0.45855,4.47552,99.3022,98.274,2.86495,0,1,1.71491,1.52355,0,1.30701,2.1168
85.139,85.139,2.89383,0.07,0,2.42714,2.61787,0,0.454523,4.47552,99.3022,98.274,2.93042,0,1,1.71491,1.52418,0,1.32494,2.1168
85.139,85.139,4.18114,0.07,0,2.42886,2.61896,0,0.454846,4.47552,99.3022,98.274,3.22688,0,1,1.71491,1.52482,0,1.32494,2.1168
85.139,85.139,3.16038,0.07,0,2.55487,2.74434,0,0.455169,4.47552,99.3022,98.274,2.91219,0,1,1.79739,1.60792,0,1.32494,2.1168
85.139,85.139,3.0842,0.06,0,2.63912,2.74548,0,0.478783,4.47552,99.3022,98.274,2.47286,0,1,1.71495,1.60859,0,1.38866,2.1168
84.9592,85.139,2.70123,0.05,0,2.64093,2.74662,0,0.494571,4.47552,99.2172,98.274,2.28583,0,1,1.71495,1.60926,0,1.32497,2.1168
84.6754,85.139,2.58293,0.08,0,2.64274,2.74776,0,0.49491,4.47552,99.1584,98.274,2.31523,0,1,1.71495,1.60993,0,1.32497,2.1168
84.2813,85.139,2.46577,0.07,0,2.64455,2.7489,0,0.495249,4.47552,99.1023,98.274,2.24194,0,1,1.71495,1.6106,0,1.32497,2.1168
83.4034,85.139,1.93172,0.06,0,2.62173,2.72541,0,0.495589,4.47552,98.9944,98.274,2.21053,0,1,1.76037,1.65669,0,1.32497,2.1168
82.2143,85.139,1.64613,0.05,0,2.66895,2.72654,0,0.491312,4.47552,98.8879,98.274,2.17559,0,1,1.71497,1.65738,0,1.36006,2.1168
80.888,85.139,1.50052,0.05,0,2.67078,2.72768,0,0.500162,4.47552,98.7045,98.274,1.99381,0,1,1.71497,1.65807,0,1.32498,2.1168
79.4588,85.139,1.37075,0.04,0,2.6726,2.72881,0,0.500503,4.47552,98.3767,98.274,1.91062,0,1,1.71497,1.65876,0,1.32498,2.1168
77.884,85.139,1.23612,0.05,0,2.73813,2.79365,0,0.500844,4.47552,97.8783,98.274,1.70863,0,1,1.75552,1.69999,0,1.32498,2.1168
76.2064,85.139,1.16687,0.04,0,2.78053,2.79481,0,0.513125,4.47552,97.5665,98.274,1.65051,0,1,1.71499,1.7007,0,1.35631,2.1168
74.4633,85.139,1.08018,0.05,0,2.78239,2.79597,0,0.52107,4.47552,97.0151,98.274,1.675,0,1,1.71499,1.7014,0,1.325,2.1168
72.6541,85.139,1.00088,0.05,0,2.78426,2.79713,0,0.52142,4.47552,96.6219,98.274,1.48932,0,1,1.71499,1.70211,0,1.325,2.1168
70.7282,85.139,1.0188,0.09,0,2.97301,2.98518,0,0.52177,4.47552,95.9817,98.274,1.69519,0,1,1.86159,1.84942,0,1.325,2.1168
68.7726,85.139,0.97702,0.09,0,2.98642,2.98642,0,0.557142,4.47552,95.3371,98.274,1.45203,0,1,1.85019,1.85019,0,1.43827,2.1168
66.8144,85.139,0.959627,0.1,0,2.98765,2.98765,0,0.559654,4.47552,94.6489,98.274,1.40737,0,1,1.85096,1.85096,0,1.42946,2.1168
64.7619,85.139,0.862589,0.13,0,2.98889,2.98889,0,0.559886,4.47552,94.004,98.274,1.34817,0,1,1.85172,1.85172,0,1.43005,2.1168
62.745,85.139,0.870719,0.13,0,2.99013,2.99013,0,0.560118,4.47552,93.6531,98.274,1.45089,0,1,1.85249,1.85249,0,1.43064,2.1168
61.2286,85.139,1.26995,0.13,0,2.9001,2.9001,0,0.560351,4.47552,93.3011,98.274,1.98337,0,1,1.76409,1.76409,0,1.43123,2.1168
59.7792,85.139,1.36543,0.16,0,2.9013,2.9013,0,0.543479,4.47552,93.0422,98.274,1.83797,0,1,1.76482,1.76482,0,1.36294,2.1168
58.4493,85.139,1.52535,0.16,0,2.9025,2.9025,0,0.543704,4.47552,93.0004,98.274,2.44766,0,1,1.76555,1.76555,0,1.3635,2.1168
57.0426,85.139,1.45371,0.16,0,2.90371,2.90371,0,0.543929,4.47552,92.9684,98.274,2.41367,0,1,1.76628,1.76628,0,1.36407,2.1168
55.8237,85.139,1.6089,0.15,0,2.82987,2.82987,0,0.544154,4.47552,93.0575,98.274,2.67945,0,1,1.68571,1.68571,0,1.36463,2.1168
55.6873,85.139,2.6989,0.19,0,2.80247,2.83104,0,0.530317,4.47552,93.1592,98.274,2.57855,0,1,1.71498,1.68641,0,1.30238,2.1168
56.7737,85.139,3.98058,0.18,0,2.80434,2.83221,0,0.525183,4.47552,93.5692,98.274,3.17231,0,1,1.71498,1.68711,0,1.32499,2.1168
58.474,85.139,4.79636,0.15,0,2.80621,2.83338,0,0.525534,4.47552,94.2206,98.274,4.81088,0,1,1.71498,1.68781,0,1.32499,2.1168
59.4862,85.139,3.83248,0.15,0,2.59461,2.62108,0,0.525884,4.47552,94.6844,98.274,4.13915,0,1,1.54537,1.5189,0,1.32499,2.1168
60.8118,85.139,4.07461,0.15,0,2.42679,2.62217,0,0.48623,4.47552,95.1822,98.274,4.7854,0,1,1.71491,1.51953,0,1.19396,2.1168
60.946,85.139,2.85599,0.16,0,2.4285,2.62325,0,0.45478,4.47552,95.3944,98.274,3.22845,0,1,1.71491,1.52016,0,1.32494,2.1168
59.9314,85.139,1.62489,0.16,0,2.43021,2.62433,0,0.455101,4.47552,95.3885,98.274,2.30258,0,1,1.71491,1.52079,0,1.32494,2.1168
61.1453,85.139,3.87362,0.17,0,2.43193,2.62542,0,0.455422,4.47552,95.5863,98.274,4.14872,0,1,1.71491,1.52142,0,1.32494,2.1168
62.5336,85.139,4.31719,0.17,0,2.51589,2.70876,0,0.455743,4.47552,96.1719,98.274,5.04557,0,1,1.76411,1.57124,0,1.32494,2.1168
64.5772,85.139,4.99523,0.16,0,2.5668,2.70984,0,0.471479,4.47552,97.6532,98.274,6.65872,0,1,1.71491,1.57187,0,1.36295,2.1168
66.7971,85.139,5.09855,0.15,0,2.56851,2.71092,0,0.481018,4.47552,99.0729,98.274,6.87414,0,1,1.71491,1.57249,0,1.32494,2.1168
71.2115,85.139,7.58076,0.16,0,2.57021,2.712,0,0.481338,4.47552,99.3022,98.274,7.19194,0,1,1.71491,1.57312,0,1.32494,2.1168
77.2383,85.139,9.74068,0.14,0,2.83655,2.9777,0,0.481658,4.47552,99.3022,98.274,10.5132,0,1,1.89995,1.75879,0,1.32494,2.1168
77.7485,85.139,4.07873,0.11,0,2.97889,2.97889,0,0.531569,4.47552,99.3022,98.274,7.22296,0,1,1.75949,1.75949,0,1.4679,2.1168
77.6303,85.139,3.29793,0.1,0,2.98008,2.98008,0,0.558244,4.47552,99.3022,98.274,5.36018,0,1,1.76019,1.76019,0,1.35938,2.1168
79.9058,85.139,5.83689,0.11,0,2.98126,2.98126,0,0.558466,4.47552,99.3022,98.274,9.7006,0,1,1.76089,1.76089,0,1.35992,2.1168
83.1754,85.139,6.5513,0.08,0,2.6044,2.6044,0,0.558689,4.47552,99.3022,98.274,14.0818,0,1,1.51287,1.51287,0,1.36046,2.1168
84.4593,85.139,4.40784,0.08,0,2.40403,2.60544,0,0.488065,4.47552,99.3022,98.274,5.44869,0,1,1.71488,1.51347,0,1.16884,2.1168
85.139,85.139,5.76912,0.07,0,2.40567,2.60648,0,0.450515,4.47552,99.3022,98.274,6.01444,0,1,1.71488,1.51407,0,1.32492,2.1168
85.139,85.139,5.17707,0.04,0,2.40731,2.60751,0,0.450822,4.47552,99.3022,98.274,4.5226,0,1,1.71488,1.51468,0,1.32492,2.1168
85.139,85.139,4.88287,0.05,0,2.40895,2.60855,0,0.45113,4.47552,99.3022,98.274,5.32743,0,1,1.71488,1.51528,0,1.32492,2.1168
85.139,85.139,5.07079,0.07,0,2.50594,2.70494,0,0.451437,4.47552,99.3022,98.274,7.08703,0,1,1.77585,1.57685,0,1.32492,2.1168
85.139,85.139,5.59824,0.08,0,2.56858,2.70601,0,0.469612,4.47552,99.3022,98.274,7.6657,0,1,1.71491,1.57748,0,1.37202,2.1168
85.139,85.139,4.15811,0.08,0,2.57028,2.70709,0,0.481352,4.47552,99.3022,98.274,5.36389,0,1,1.71491,1.5781,0,1.32494,2.1168
85.139,85.139,3.97428,0.08,0,2.57199,2.70817,0,0.481671,4.47552,99.3022,98.274,5.52269,0,1,1.71491,1.57873,0,1.32494,2.1168
85.139,85.139,3.43716,0.07,0,2.53635,2.6719,0,0.481991,4.47552,99.3022,98.274,4.91666,0,1,1.69119,1.55564,0,1.32494,2.1168
85.0233,85.139,2.85542,0.07,0,2.51432,2.67296,0,0.475312,4.47552,99.3022,98.274,5.33124,0,1,1.7149,1.55626,0,1.30661,2.1168
84.9611,85.139,2.90236,0.11,0,2.516,2.67403,0,0.471184,4.47552,99.3022,98.274,4.55149,0,1,1.7149,1.55688,0,1.32493,2.1168
84.9898,85.139,2.9713,0.1,0,2.51768,2.67509,0,0.471499,4.47552,99.3022,98.274,4.77882,0,1,1.7149,1.55749,0,1.32493,2.1168
84.4314,85.139,2.36203,0.09,0,2.64631,2.8031,0,0.471814,4.47552,99.3022,98.274,4.3503,0,1,1.79914,1.64235,0,1.32493,2.1168
83.8768,85.139,2.44681,0.09,0,2.73228,2.80421,0,0.495919,4.47552,99.3022,98.274,4.23952,0,1,1.71493,1.64301,0,1.39001,2.1168
83.3252,85.139,2.44915,0.09,0,2.73405,2.80532,0,0.51203,4.47552,99.3022,98.274,4.29683,0,1,1.71493,1.64366,0,1.32496,2.1168
82.524,85.139,2.19869,0.09,0,2.73582,2.80644,0,0.512361,4.47552,99.3022,98.274,4.31687,0,1,1.71493,1.64431,0,1.32496,2.1168
81.6358,85.139,2.0991,0.08,0,2.73758,2.80755,0,0.512692,4.47552,99.3022,98.274,4.24103,0,1,1.71493,1.64496,0,1.32496,2.1168
80.82,85.139,2.09934,0.07,0,2.71419,2.78351,0,0.513023,4.47552,99.3022,98.274,4.09442,0,1,1.76132,1.69201,0,1.32496,2.1168
79.9395,85.139,2.05586,0.06,0,2.76234,2.78461,0,0.50864,4.47552,99.3022,98.274,3.85088,0,1,1.71495,1.69268,0,1.3608,2.1168
78.9737,85.139,1.94825,0.05,0,2.76412,2.78572,0,0.517663,4.47552,99.3022,98.274,3.73856,0,1,1.71495,1.69335,0,1.32497,2.1168
77.8924,85.139,1.81791,0.07,0,2.76589,2.78682,0,0.517995,4.47552,99.3022,98.274,3.48307,0,1,1.71495,1.69402,0,1.32497,2.1168
76.6722,85.139,1.72037,0.06,0,2.83273,2.85299,0,0.518328,4.47552,99.3022,98.274,3.24612,0,1,1.75636,1.7361,0,1.32497,2.1168
75.4315,85.139,1.68633,0.07,0,2.85412,2.85412,0,0.530854,4.47552,99.3022,98.274,3.06515,0,1,1.73679,1.73679,0,1.35697,2.1168
74.0391,85.139,1.52113,0.06,0,2.85526,2.85526,0,0.534863,4.47552,99.3022,98.274,2.96036,0,1,1.73748,1.73748,0,1.34185,2.1168
72.5276,85.139,1.38705,0.06,0,2.85639,2.85639,0,0.535075,4.47552,99.3022,98.274,2.73589,0,1,1.73817,1.73817,0,1.34238,2.1168
70.7088,85.139,1.20809,0.08,0,3.04836,3.04836,0,0.535287,4.47552,99.2014,98.274,2.72032,0,1,1.88857,1.88857,0,1.34291,2.1168
68.5698,85.139,0.860914,0.09,0,3.04957,3.04957,0,0.571263,4.47552,98.8639,98.274,2.20567,0,1,1.88931,1.88931,0,1.45911,2.1168
66.2907,85.139,0.691348,0.09,0,3.05078,3.05078,0,0.571489,4.47552,98.4631,98.274,1.89448,0,1,1.89006,1.89006,0,1.45968,2.1168
64.0731,85.139,0.728787,0.13,0,3.05198,3.05198,0,0.571715,4.47552,98.2539,98.274,1.88804,0,1,1.89081,1.89081,0,1.46026,2.1168
62.207,85.139,1.09259,0.14,0,3.05319,3.05319,0,0.571942,4.47552,97.8774,98.274,2.21891,0,1,1.89156,1.89156,0,1.46084,2.1168
60.6111,85.139,1.30134,0.17,0,2.96121,2.96121,0,0.572168,4.47552,97.5487,98.274,2.03719,0,1,1.80126,1.80126,0,1.46142,2.1168
58.5982,85.139,0.884212,0.16,0,2.96238,2.96238,0,0.55493,4.47552,97.5967,98.274,1.84721,0,1,1.80197,1.80197,0,1.39165,2.1168
56.71,85.139,0.99423,0.16,0,2.96355,2.96355,0,0.55515,4.47552,97.6051,98.274,2.5675,0,1,1.80269,1.80269,0,1.3922,2.1168
54.7425,85.139,0.881362,0.18,0,2.96472,2.96472,0,0.55537,4.47552,97.7485,98.274,2.03368,0,1,1.8034,1.8034,0,1.39276,2.1168
53.0945,85.139,1.15655,0.18,0,2.88928,2.88928,0,0.555589,4.47552,98.1058,98.274,3.17259,0,1,1.72111,1.72111,0,1.39331,2.1168
50.9672,85.139,0.715279,0.18,0,2.89042,2.89042,0,0.541451,4.47552,98.0702,98.274,1.92583,0,1,1.72179,1.72179,0,1.32973,2.1168
49.087,85.139,0.896729,0.21,0,2.89157,2.89157,0,0.541665,4.47552,98.1069,98.274,2.31494,0,1,1.72247,1.72247,0,1.33025,2.1168
49.814,85.139,3.5907,0.21,0,2.89271,2.89271,0,0.54188,4.47552,98.7138,98.274,4.07929,0,1,1.72315,1.72315,0,1.33078,2.1168
49.0499,85.139,1.92279,0.19,0,2.67591,2.67591,0,0.542094,4.47552,99.1919,98.274,3.19224,0,1,1.55068,1.55068,0,1.3313,2.1168
48.7681,85.139,2.32948,0.19,0,2.51337,2.67697,0,0.501466,4.47552,99.1244,98.274,3.19865,0,1,1.71489,1.55129,0,1.19805,2.1168
50.3071,85.139,4.2228,0.21,0,2.51504,2.67803,0,0.471005,4.47552,98.9358,98.274,2.48663,0,1,1.71489,1.5519,0,1.32493,2.1168
51.3663,85.139,3.82856,0.22,0,2.51671,2.67909,0,0.471318,4.47552,99.3022,98.274,5.86304,0,1,1.71489,1.55252,0,1.32493,2.1168
52.5547,85.139,4.01439,0.17,0,2.51838,2.68015,0,0.471631,4.47552,99.3022,98.274,4.65253,0,1,1.71489,1.55313,0,1.32493,2.1168
53.0663,85.139,3.29998,0.19,0,2.60402,2.76517,0,0.471945,4.47552,99.3022,98.274,3.03579,0,1,1.76512,1.60397,0,1.32493,2.1168
53.6896,85.139,3.47007,0.21,0.02,2.65591,2.76622,0,0.487993,4.47552,99.3022,98.274,3.02347,0,1,1.71489,1.60458,0,1.36373,2.1168
55.5701,85.139,4.81692,0.24,0.02,2.65757,2.76727,0,0.497717,4.47552,99.3022,98.274,4.16554,0,1,1.71489,1.60519,0,1.32492,2.1168
56.2843,85.139,3.59364,0.24,0.02,2.65923,2.76833,0,0.498028,4.47552,99.3022,98.274,4.55779,0,1,1.71489,1.6058,0,1.32492,2.1168
55.8383,85.139,2.57451,0.26,0.02,2.93101,3.0395,0,0.49834,4.47552,99.3022,98.274,3.44247,0,1,1.90377,1.79529,0,1.32492,2.1168
56.5768,85.139,3.91184,0.28,0.02,3.04065,3.04065,0,0.549272,4.47552,99.3022,98.274,3.88211,0,1,1.79597,1.79597,0,1.47085,2.1168
58.028,85.139,4.66347,0.29,0.02,3.04181,3.04181,0,0.569818,4.47552,99.3022,98.274,4.30234,0,1,1.79665,1.79665,0,1.38757,2.1168
59.5227,85.139,4.75364,0.27,0.02,3.04297,3.04297,0,0.570035,4.47552,99.3022,98.274,5.43806,0,1,1.79733,1.79733,0,1.38809,2.1168
61.8674,85.139,5.31038,0.29,0.02,2.65826,2.65826,0,0.570252,4.47552,99.3022,98.274,5.91257,0,1,1.54415,1.54415,0,1.38862,2.1168
68.4374,85.139,9.73254,0.3,0.02,2.48914,2.65927,0,0.498158,4.47552,99.3022,98.274,8.31715,0,1,1.71487,1.54474,0,1.19301,2.1168
72.0459,85.139,6.69501,0.18,0.02,2.49074,2.66028,0,0.466465,4.47552,99.3022,98.274,8.24367,0,1,1.71487,1.54533,0,1.32491,2.1168
77.9589,85.139,9.21083,0.2,0.02,2.49234,2.66129,0,0.466764,4.47552,99.3022,98.274,11.6891,0,1,1.71487,1.54591,0,1.32491,2.1168
83.1305,85.139,8.32054,0.17,0.02,2.49393,2.6623,0,0.467064,4.47552,99.3022,98.274,10.3432,0,1,1.71487,1.5465,0,1.32491,2.1168
85.139,85.139,8.1609,0.12,0.02,2.59284,2.76062,0,0.467363,4.47552,99.3022,98.274,9.73651,0,1,1.77709,1.60931,0,1.32491,2.1168
85.139,85.139,7.97078,0.08,0.02,2.6567,2.76167,0,0.485899,4.47552,99.3022,98.274,9.24734,0,1,1.71489,1.60992,0,1.37298,2.1168
85.139,85.139,5.78393,0.08,0.02,2.65836,2.76272,0,0.497866,4.47552,99.3022,98.274,7.52241,0,1,1.71489,1.61053,0,1.32492,2.1168
85.139,85.139,5.07977,0.08,0.02,2.66002,2.76377,0,0.498177,4.47552,99.3022,98.274,6.59255,0,1,1.71489,1.61114,0,1.32492,2.1168
85.139,85.139,5.01584,0.07,0.02,2.62357,2.72671,0,0.498487,4.47552,99.3022,98.274,6.88028,0,1,1.69069,1.58755,0,1.32492,2.1168
85.139,85.139,3.7185,0.06,0.02,2.60101,2.72774,0,0.491657,4.47552,99.3022,98.274,3.21653,0,1,1.71488,1.58815,0,1.30623,2.1168
85.139,85.139,3.31265,0.07,0.02,2.60265,2.72878,0,0.48743,4.47552,99.3022,98.274,3.29871,0,1,1.71488,1.58876,0,1.32492,2.1168
85.139,85.139,4.33281,0.07,0.02,2.60429,2.72981,0,0.487737,4.47552,99.3022,98.274,3.45391,0,1,1.71488,1.58936,0,1.32492,2.1168
85.139,85.139,3.93819,0.07,0.02,2.73547,2.86039,0,0.488044,4.47552,99.3022,98.274,3.34443,0,1,1.80084,1.67592,0,1.32492,2.1168
85.139,85.139,3.22572,0.06,0.02,2.82312,2.86148,0,0.512627,4.47552,99.3022,98.274,2.85952,0,1,1.71492,1.67656,0,1.39133,2.1168
85.0409,85.139,2.97233,0.06,0.02,2.82484,2.86256,0,0.529052,4.47552,99.3022,98.274,2.65135,0,1,1.71492,1.67719,0,1.32494,2.1168
84.9075,85.139,2.93383,0.07,0.02,2.82656,2.86364,0,0.529374,4.47552,99.3022,98.274,2.7141,0,1,1.71492,1.67783,0,1.32494,2.1168
84.597,85.139,2.74824,0.07,0.02,2.82828,2.86473,0,0.529697,4.47552,99.3022,98.274,2.57282,0,1,1.71492,1.67846,0,1.32494,2.1168
84.0969,85.139,2.51646,0.06,0.02,2.80433,2.84015,0,0.530019,4.47552,99.3022,98.274,2.67825,0,1,1.76225,1.72644,0,1.32494,2.1168
83.4287,85.139,2.36024,0.04,0.02,2.84122,2.84122,0,0.525532,4.47552,99.3022,98.274,2.99938,0,1,1.72709,1.72709,0,1.36152,2.1168
82.6139,85.139,2.20852,0.04,0.02,2.8423,2.8423,0,0.532445,4.47552,99.3022,98.274,2.90106,0,1,1.72774,1.72774,0,1.33435,2.1168
81.6089,85.139,2.01175,0.03,0.02,2.84338,2.84338,0,0.532647,4.47552,99.2835,98.274,2.75877,0,1,1.7284,1.7284,0,1.33485,2.1168
80.3907,85.139,1.82741,0.02,0.02,2.91084,2.91084,0,0.532849,4.47552,99.1893,98.274,2.54638,0,1,1.7713,1.7713,0,1.33536,2.1168
79.3843,85.139,1.98766,0.03,0.02,2.91194,2.91194,0,0.545491,4.47552,99.0748,98.274,2.44984,0,1,1.77197,1.77197,0,1.36851,2.1168
78.4984,85.139,2.13425,0.05,0.02,2.91304,2.91304,0,0.545697,4.47552,99.0131,98.274,2.87046,0,1,1.77264,1.77264,0,1.36903,2.1168
77.4838,85.139,1.96875,0.06,0.02,2.91414,2.91414,0,0.545904,4.47552,98.8668,98.274,2.73226,0,1,1.77331,1.77331,0,1.36954,2.1168
76.1457,85.139,1.79198,0.06,0.02,3.10994,3.10994,0,0.54611,4.47552,98.5861,98.274,2.39054,1,1,1.92672,1.92672,0,1.37006,2.1168
74.8466,85.139,1.81111,0.06,0.02,3.11112,3.11112,0,0.582803,4.47552,98.394,98.274,2.70874,1,1,1.92745,1.92745,0,1.48858,2.1168
73.6745,85.139,1.94806,0.06,0.02,3.11229,3.11229,0,0.583023,4.47552,98.3216,98.274,2.79382,1,1,1.92817,1.92817,0,1.48914,2.1168
72.1295,85.139,1.5715,0.1,0.02,3.11347,3.11347,0,0.583244,4.47552,98.0288,98.274,2.03203,1,1,1.9289,1.9289,0,1.48971,2.1168
70.9376,85.139,1.89757,0.09,0.02,3.11465,3.11465,0,0.583464,4.47552,98.1326,98.274,3.49587,1,1,1.92963,1.92963,0,1.49027,2.1168
69.6396,85.139,1.68644,0.09,0.02,3.02076,3.02076,0,0.583685,4.47552,97.9926,98.274,2.50469,0,1,1.83748,1.83748,0,1.49083,2.1168
68.7068,85.139,2.07033,0.09,0.02,3.0219,3.0219,0,0.56609,4.47552,97.7931,98.274,2.45294,0,1,1.83818,1.83818,0,1.41964,2.1168
67.9071,85.139,2.26715,0.1,0.02,3.02304,3.02304,0,0.566304,4.47552,97.8669,98.274,3.11785,0,1,1.83887,1.83887,0,1.42018,2.1168
66.9749,85.139,2.15516,0.12,0.02,3.02418,3.02418,0,0.566518,4.47552,98.0057,98.274,3.22693,0,1,1.83957,1.83957,0,1.42071,2.1168
66.3415,85.139,2.4523,0.12,0.02,2.94717,2.94717,0,0.566732,4.47552,98.315,98.274,3.65349,0,1,1.75559,1.75559,0,1.42125,2.1168
64.9159,85.139,1.67084,0.11,0.02,2.94829,2.94829,0,0.552301,4.47552,98.5136,98.274,3.00553,0,1,1.75626,1.75626,0,1.35637,2.1168
63.0474,85.139,1.21783,0.11,0.02,2.9494,2.9494,0,0.552509,4.47552,98.5249,98.274,2.42616,0,1,1.75692,1.75692,0,1.35688,2.1168
61.5568,85.139,1.51814,0.11,0.02,2.95052,2.95052,0,0.552718,4.47552,98.6786,98.274,2.91233,0,1,1.75758,1.75758,0,1.3574,2.1168
64.5854,85.139,6.06976,0.12,0.02,2.72934,2.72934,0,0.552927,4.47552,99.3022,98.274,5.09946,0,1,1.58164,1.58164,0,1.35791,2.1168
65.0297,85.139,3.35577,0.11,0.02,2.59772,2.73037,0,0.511478,4.47552,99.3022,98.274,4.59917,0,1,1.71488,1.58223,0,1.22197,2.1168
65.7067,85.139,3.59043,0.12,0.02,2.59935,2.7314,0,0.486813,4.47552,99.3022,98.274,6.29408,0,1,1.71488,1.58283,0,1.32491,2.1168
67.9576,85.139,5.52349,0.12,0.02,2.60098,2.73243,0,0.487118,4.47552,99.3022,98.274,9.80719,0,1,1.71488,1.58343,0,1.32491,2.1168
69.5922,85.139,4.65299,0.13,0.02,2.60261,2.73346,0,0.487423,4.47552,99.3022,98.274,7.28452,0,1,1.71488,1.58402,0,1.32491,2.1168
71.8251,85.139,5.30578,0.12,0.02,2.6032,2.73346,0,0.487729,4.47552,99.3022,98.274,6.36468,0,1,1.71428,1.58402,0,1.32491,2.1168
76.7866,85.139,8.25898,0.12,0.02,2.68987,2.82013,0,0.48784,4.47552,99.3022,98.274,9.12602,0,1,1.7661,1.63584,0,1.32445,2.1168
85.139,85.139,13.5034,0.1,0.02,2.74271,2.82115,0,0.504082,4.47552,99.3022,98.274,20.111,0,1,1.71487,1.63644,0,1.36449,2.1168
85.139,85.139,10.9796,0.06,0.02,2.74433,2.82217,0,0.513984,4.47552,99.3022,98.274,17.9525,0,1,1.71487,1.63703,0,1.32491,2.1168
85.139,85.139,9.45944,0.07,0.02,2.74595,2.8232,0,0.514287,4.47552,99.3022,98.274,16.6722,0,1,1.71487,1.63762,0,1.32491,2.1168
85.139,85.139,8.88118,0.07,0.02,3.02303,3.09969,0,0.51459,4.47552,99.3022,98.274,12.7557,0,1,1.90749,1.83084,0,1.32491,2.1168
85.139,85.139,7.83418,0.07,0.02,3.10081,3.10081,0,0.566516,4.47552,99.3022,98.274,9.62132,0,1,1.8315,1.8315,0,1.47373,2.1168
85.139,85.139,11.1967,0.06,0.02,3.10194,3.10194,0,0.581092,4.47552,99.3022,98.274,14.1913,0,1,1.83216,1.83216,0,1.41502,2.1168
85.139,85.139,11.9327,0.06,0.02,3.10306,3.10306,0,0.581303,4.47552,99.3022,98.274,18.7407,0,1,1.83283,1.83283,0,1.41553,2.1168
85.139,85.139,9.21417,0.06,0.02,2.71071,2.71071,0,0.581514,4.47552,99.3022,98.274,12.1214,0,1,1.57462,1.57462,0,1.41604,2.1168
85.139,85.139,8.00605,0.06,0.02,2.57203,2.71169,0,0.507987,4.47552,99.3022,98.274,9.61554,0,1,1.71485,1.57519,0,1.21655,2.1168
85.139,85.139,8.76553,0.08,0.02,2.57359,2.71267,0,0.481999,4.47552,99.3022,98.274,11.8636,0,1,1.71485,1.57576,0,1.32489,2.1168
85.139,85.139,15.7471,0.08,0.02,2.57514,2.71366,0,0.48229,4.47552,99.3022,98.274,17.1997,0,1,1.71485,1.57633,0,1.32489,2.1168
85.139,85.139,9.52568,0.08,0.02,2.57669,2.71464,0,0.482581,4.47552,99.3022,98.274,9.64593,0,1,1.71485,1.5769,0,1.32489,2.1168
85.139,85.139,8.32822,0.08,0.02,2.67747,2.81485,0,0.482872,4.47552,99.3022,98.274,8.9363,0,1,1.7783,1.64092,0,1.32489,2.1168
85.139,85.139,6.86685,0.08,0.02,2.7425,2.81587,0,0.501758,4.47552,99.3022,98.274,7.55219,0,1,1.71487,1.64151,0,1.37391,2.1168
85.139,85.139,6.27311,0.09,0.02,2.74412,2.81688,0,0.513945,4.47552,99.3022,98.274,6.95259,0,1,1.71487,1.64211,0,1.32491,2.1168
85.139,85.139,5.36897,0.09,0.02,2.74573,2.8179,0,0.514248,4.47552,99.3022,98.274,6.13374,0,1,1.71487,1.6427,0,1.32491,2.1168
85.139,85.139,6.23117,0.09,0.02,2.70849,2.78007,0,0.51455,4.47552,99.3022,98.274,7.10745,0,1,1.6902,1.61862,0,1.32491,2.1168
85.139,85.139,5.37726,0.08,0.02,2.68542,2.78108,0,0.507572,4.47552,99.3022,98.274,5.96501,0,1,1.71487,1.61921,0,1.30585,2.1168
85.139,85.139,4.97477,0.07,0.02,2.68701,2.78208,0,0.503247,4.47552,99.3022,98.274,5.0486,0,1,1.71487,1.61979,0,1.32491,2.1168
85.139,85.139,4.62331,0.07,0.02,2.6886,2.78309,0,0.503546,4.47552,99.3022,98.274,4.59574,0,1,1.71487,1.62038,0,1.32491,2.1168
85.139,85.139,4.26988,0.07,0.02,2.82226,2.91617,0,0.503844,4.47552,99.3022,98.274,4.31554,0,1,1.8025,1.7086,0,1.32491,2.1168
85.139,85.139,4.10459,0.07,0.02,2.91154,2.91722,0,0.528892,4.47552,99.3022,98.274,4.16197,0,1,1.7149,1.70922,0,1.39261,2.1168
85.139,85.139,3.92939,0.06,0.02,2.91321,2.91828,0,0.545623,4.47552,99.3022,98.274,4.42075,0,1,1.7149,1.70984,0,1.32493,2.1168
85.139,85.139,3.62279,0.05,0.02,2.91489,2.91933,0,0.545936,4.47552,99.3022,98.274,4.16392,0,1,1.7149,1.71045,0,1.32493,2.1168
85.139,85.139,3.28192,0.04,0.02,2.91656,2.92039,0,0.54625,4.47552,99.3022,98.274,4.20696,0,1,1.7149,1.71107,0,1.32493,2.1168
84.7391,85.139,2.71768,0.03,0.02,2.89207,2.89528,0,0.546563,4.47552,99.3022,98.274,4.07203,0,1,1.76315,1.75995,0,1.32493,2.1168
84.1092,85.139,2.4852,0.05,0.02,2.89632,2.89632,0,0.541974,4.47552,99.3022,98.274,3.99056,0,1,1.76058,1.76058,0,1.36221,2.1168
83.2701,85.139,2.25256,0.05,0.02,2.89737,2.89737,0,0.542771,4.47552,99.3022,98.274,3.63992,0,1,1.76122,1.76122,0,1.36023,2.1168
82.3612,85.139,2.12886,0.05,0.02,2.89841,2.89841,0,0.542967,4.47552,99.3022,98.274,3.55265,0,1,1.76185,1.76185,0,1.36072,2.1168
81.0987,85.139,1.82208,0.04,0.02,2.96713,2.96713,0,0.543163,4.47552,99.3022,98.274,3.16198,0,1,1.80556,1.80556,0,1.36121,2.1168
79.678,85.139,1.6505,0.04,0.02,2.9682,2.9682,0,0.55604,4.47552,99.3022,98.274,2.75709,0,1,1.80621,1.80621,0,1.39497,2.1168
78.3611,85.139,1.73392,0.05,0.02,2.96927,2.96927,0,0.556241,4.47552,99.3022,98.274,3.29326,0,1,1.80686,1.80686,0,1.39548,2.1168
77.069,85.139,1.7447,0.09,0.02,2.97034,2.97034,0,0.556442,4.47552,99.3022,98.274,3.30778,0,1,1.80751,1.80751,0,1.39598,2.1168
75.5482,85.139,1.67281,0.08,0.02,3.16986,3.16986,0,0.556643,4.47552,99.3022,98.274,3.77986,1,1,1.96384,1.96384,0,1.39649,2.1168
73.4835,85.139,1.09216,0.08,0.02,3.17101,3.17101,0,0.594033,4.47552,99.3022,98.274,3.03384,1,1,1.96455,1.96455,0,1.51726,2.1168
71.9211,85.139,1.6094,0.12,0.02,3.17215,3.17215,0,0.594247,4.47552,99.3022,98.274,3.60422,1,1,1.96526,1.96526,0,1.51781,2.1168
70.9871,85.139,2.30018,0.12,0.02,3.1733,3.1733,0,0.594461,4.47552,99.3022,98.274,4.06038,1,1,1.96597,1.96597,0,1.51836,2.1168
69.2262,85.139,1.45179,0.12,0.02,3.17444,3.17444,0,0.594676,4.47552,99.3022,98.274,3.21767,1,1,1.96668,1.96668,0,1.51891,2.1168
67.3117,85.139,1.11569,0.12,0.02,3.0787,3.0787,0,0.59489,4.47552,99.0888,98.274,3.4985,0,1,1.87273,1.87273,0,1.51945,2.1168
65.2566,85.139,0.958078,0.16,0.02,3.07981,3.07981,0,0.576948,4.47552,98.84,98.274,1.93227,0,1,1.8734,1.8734,0,1.44687,2.1168
63.3419,85.139,1.11281,0.16,0.02,3.08092,3.08092,0,0.577156,4.47552,98.8107,98.274,1.97925,0,1,1.87408,1.87408,0,1.44739,2.1168
63.2423,85.139,3.16559,0.14,0.02,3.08203,3.08203,0,0.577364,4.47552,99.3022,98.274,4.02898,0,1,1.87475,1.87475,0,1.44791,2.1168
62.4997,85.139,2.39845,0.14,0.02,3.00349,3.00349,0,0.577572,4.47552,99.3022,98.274,3.24829,0,1,1.78914,1.78914,0,1.44843,2.1168
63.0632,85.139,3.66238,0.12,0.02,3.00458,3.00458,0,0.562855,4.47552,99.3022,98.274,3.49475,0,1,1.78979,1.78979,0,1.38229,2.1168
64.2306,85.139,4.35346,0.12,0.02,3.00566,3.00566,0,0.563057,4.47552,99.3022,98.274,3.68752,0,1,1.79043,1.79043,0,1.38279,2.1168
65.2678,85.139,4.33185,0.12,0.02,3.00674,3.00674,0,0.56326,4.47552,99.3022,98.274,4.8427,0,1,1.79108,1.79108,0,1.38329,2.1168
67.0914,85.139,4.92751,0.12,0.02,2.7813,2.7813,0,0.563463,4.47552,99.3022,98.274,5.47769,0,1,1.61175,1.61175,0,1.38378,2.1168
67.3586,85.139,3.24704,0.13,0.02,2.67977,2.7823,0,0.521216,4.47552,99.3022,98.274,3.58742,0,1,1.71486,1.61233,0,1.24524,2.1168
67.3693,85.139,2.99292,0.13,0.02,2.68135,2.7833,0,0.502189,4.47552,99.3022,98.274,2.87771,0,1,1.71486,1.61291,0,1.3249,2.1168
68.5343,85.139,4.22449,0.14,0.02,2.68294,2.78431,0,0.502486,4.47552,99.3022,98.274,4.24279,0,1,1.71486,1.61349,0,1.3249,2.1168
70.21,85.139,4.77707,0.13,0.02,2.68452,2.78531,0,0.502782,4.47552,99.3022,98.274,4.08819,0,1,1.71486,1.61407,0,1.3249,2.1168
70.8839,85.139,3.84049,0.14,0.04,2.57117,2.87357,0,0.503079,4.47552,99.3022,98.274,3.70629,0,1,1.96924,1.66684,0,1.3249,3.38688
71.7395,85.139,3.92975,0.13,0.04,2.57216,2.87456,0,0.481837,4.47552,99.3022,98.274,4.28566,0,1,1.96982,1.66742,0,1.52144,3.38688
72.7402,85.139,3.98768,0.14,0.04,2.57316,2.87556,0,0.482023,4.47552,99.3022,98.274,4.38794,0,1,1.9704,1.668,0,1.52188,3.38688
75.4426,85.139,5.96331,0.15,0.04,2.57415,2.87655,0,0.482209,4.47552,99.3022,98.274,4.68944,0,1,1.97097,1.66857,0,1.52233,3.38688
76.6226,85.139,4.61411,0.12,0.04,2.85581,3.15821,0,0.482396,4.47552,99.3022,98.274,3.82079,0,1,2.1678,1.8654,0,1.52277,3.38688
76.3049,85.139,2.96346,0.12,0.04,2.8569,3.1593,0,0.535179,4.47552,99.0529,98.274,2.95779,0,1,2.16845,1.86605,0,1.67485,3.38688
75.4865,85.139,2.40826,0.13,0.04,2.85799,3.16039,0,0.535384,4.47552,98.9819,98.274,2.66835,0,1,2.16909,1.86669,0,1.67534,3.38688
75.9735,85.139,3.82808,0.14,0.04,2.85909,3.16149,0,0.535588,4.47552,99.286,98.274,4.09857,0,1,2.16974,1.86734,0,1.67584,3.38688
77.6127,85.139,4.68636,0.16,0.04,2.4593,2.7617,0,0.535793,4.47552,99.3022,98.274,4.91994,0,1,1.90664,1.60424,0,1.67634,3.38688
79.2436,85.139,4.67432,0.17,0.04,2.46025,2.76265,0,0.460873,4.47552,99.3022,98.274,4.62163,0,1,1.90719,1.60479,0,1.47307,3.38688
80.6826,85.139,4.49309,0.19,0.04,2.46121,2.76361,0,0.461052,4.47552,99.3022,98.274,4.66458,0,1,1.90775,1.60535,0,1.4735,3.38688
85.1305,85.139,7.84865,0.16,0.04,2.46216,2.76456,0,0.46123,4.47552,99.3022,98.274,8.60043,0,1,1.9083,1.6059,0,1.47393,3.38688
85.139,85.139,6.85058,0.17,0.04,2.46312,2.76552,0,0.461409,4.47552,99.3022,98.274,6.67157,0,1,1.90886,1.60646,0,1.47435,3.38688
85.139,85.139,7.20708,0.09,0.04,2.56515,2.86755,0,0.461588,4.47552,99.3022,98.274,8.23293,0,1,1.97404,1.67164,0,1.47478,3.38688
85.139,85.139,5.07061,0.1,0.04,2.56614,2.86854,0,0.480709,4.47552,99.3022,98.274,5.04564,0,1,1.97462,1.67222,0,1.52515,3.38688
85.139,85.139,4.64631,0.12,0.04,2.56713,2.86953,0,0.480895,4.47552,99.3022,98.274,5.33049,0,1,1.9752,1.6728,0,1.52559,3.38688
85.139,85.139,4.42862,0.11,0.04,2.56812,2.87052,0,0.48108,4.47552,99.3022,98.274,5.56945,0,1,1.97577,1.67337,0,1.52604,3.38688
85.139,85.139,4.15353,0.11,0.04,2.52953,2.83193,0,0.481265,4.47552,99.3022,98.274,3.4883,0,1,1.95121,1.64881,0,1.52648,3.38688
85.139,85.139,4.02729,0.09,0.04,2.53051,2.83291,0,0.474034,4.47552,99.3022,98.274,3.2161,0,1,1.95178,1.64938,0,1.50751,3.38688
85.139,85.139,3.72885,0.08,0.04,2.53148,2.83388,0,0.474217,4.47552,99.3022,98.274,3.65204,0,1,1.95235,1.64995,0,1.50795,3.38688
85.139,85.139,3.51116,0.07,0.04,2.53246,2.83486,0,0.4744,4.47552,99.3022,98.274,3.49004,0,1,1.95292,1.65052,0,1.50839,3.38688
85.139,85.139,3.1184,0.07,0.04,2.66796,2.97036,0,0.474583,4.47552,99.0862,98.274,2.89197,0,1,2.04275,1.74035,0,1.50883,3.38688
84.9319,85.139,2.72182,0.07,0.04,2.66898,2.97138,0,0.499976,4.47552,98.862,98.274,2.31959,0,1,2.04335,1.74095,0,1.57823,3.38688
84.6203,85.139,2.60346,0.09,0.04,2.67001,2.97241,0,0.500168,4.47552,98.6928,98.274,2.28702,0,1,2.04395,1.74155,0,1.5787,3.38688
84.2009,85.139,2.48736,0.09,0.04,2.67103,2.97343,0,0.50036,4.47552,98.4891,98.274,2.37888,0,1,2.04455,1.74215,0,1.57916,3.38688
83.5969,85.139,2.31525,0.07,0.04,2.67206,2.97446,0,0.500551,4.47552,98.2771,98.274,2.33199,0,1,2.04515,1.74275,0,1.57962,3.38688
83.0811,85.139,2.32043,0.08,0.04,2.64643,2.94883,0,0.500743,4.47552,98.125,98.274,2.76866,0,1,2.0949,1.7925,0,1.58009,3.38688
82.4383,85.139,2.19041,0.07,0.04,2.64745,2.94985,0,0.495941,4.47552,97.9299,98.274,2.63441,0,1,2.09552,1.79312,0,1.61852,3.38688
81.6152,85.139,2.00624,0.07,0.04,2.64846,2.95086,0,0.496131,4.47552,97.7282,98.274,2.61448,0,1,2.09613,1.79373,0,1.619,3.38688
80.6185,85.139,1.8142,0.06,0.04,2.64948,2.95188,0,0.496322,4.47552,97.4757,98.274,2.35895,0,1,2.09675,1.79435,0,1.61947,3.38688
79.7028,85.139,1.94925,0.06,0.04,2.71941,3.02181,0,0.496512,4.47552,97.3041,98.274,2.6014,0,1,2.14123,1.83883,0,1.61995,3.38688
78.6911,85.139,1.82873,0.06,0.04,2.72045,3.02285,0,0.509617,4.47552,97.0364,98.274,2.64446,0,1,2.14186,1.83946,0,1.65431,3.38688
77.5737,85.139,1.71155,0.1,0.04,2.72149,3.02389,0,0.509812,4.47552,96.7147,98.274,2.41339,0,1,2.1425,1.8401,0,1.6548,3.38688
76.441,85.139,1.68154,0.1,0.04,2.72253,3.02493,0,0.510007,4.47552,96.4489,98.274,2.60369,0,1,2.14313,1.84073,0,1.65529,3.38688
75.2373,85.139,2.00765,0.1,0.04,3.22806,3.22806,0,0.510202,4.47552,96.3641,98.274,2.97774,1,1,1.9999,1.9999,0,1.65578,3.38688
73.769,85.139,1.74141,0.11,0.04,3.22917,3.22917,0,0.604938,4.47552,96.1334,98.274,2.32217,1,1,2.00058,2.00058,0,1.54512,3.38688
72.3458,85.139,1.75955,0.15,0.04,3.23028,3.23028,0,0.605146,4.47552,96.0087,98.274,2.51334,1,1,2.00127,2.00127,0,1.54565,3.38688
70.9471,85.139,1.77597,0.15,0.04,3.23139,3.23139,0,0.605355,4.47552,95.8974,98.274,2.94345,1,1,2.00196,2.00196,0,1.54618,3.38688
69.4737,85.139,1.65936,0.14,0.04,3.2325,3.2325,0,0.605563,4.47552,95.5673,98.274,2.52809,1,1,2.00265,2.00265,0,1.54671,3.38688
68.6056,85.139,2.24015,0.14,0.04,3.13495,3.13495,0,0.605771,4.47552,95.7944,98.274,2.7086,1,1,1.90695,1.90695,0,1.54725,3.38688
67.6203,85.139,2.15999,0.13,0.04,3.13603,3.13603,0,0.58749,4.47552,95.4674,98.274,2.85686,1,1,1.9076,1.9076,0,1.47331,3.38688
65.8384,85.139,1.30093,0.16,0.04,3.13711,3.13711,0,0.587692,4.47552,95.1317,98.274,1.81141,1,1,1.90826,1.90826,0,1.47381,3.38688
64.4845,85.139,1.75571,0.16,0.04,3.13818,3.13818,0,0.587894,4.47552,95.4113,98.274,2.31402,1,1,1.90891,1.90891,0,1.47432,3.38688
64.9904,85.139,3.33191,0.16,0.04,2.75577,3.05817,0,0.588096,4.47552,95.7275,98.274,4.17944,0,1,2.12411,1.82171,0,1.47483,3.38688
63.5517,85.139,1.48079,0.15,0.04,2.75682,3.05922,0,0.516431,4.47552,95.8767,98.274,2.62427,0,1,2.12474,1.82234,0,1.64109,3.38688
63.1843,85.139,2.59872,0.14,0.04,2.75787,3.06027,0,0.516628,4.47552,96.4164,98.274,3.53875,0,1,2.12536,1.82296,0,1.64157,3.38688
63.1497,85.139,3.07438,0.12,0.04,2.75892,3.06132,0,0.516824,4.47552,97.0069,98.274,4.59201,0,1,2.12599,1.82359,0,1.64205,3.38688
62.6209,85.139,2.26231,0.12,0.04,2.52934,2.83174,0,0.517021,4.47552,97.6414,98.274,4.45419,0,1,1.94338,1.64098,0,1.64254,3.38688
62.1467,85.139,2.30074,0.13,0.04,2.53031,2.83271,0,0.473998,4.47552,98.5029,98.274,4.51142,0,1,1.94394,1.64154,0,1.50145,3.38688
62.3093,85.139,3.06656,0.16,0.04,2.53128,2.83368,0,0.47418,4.47552,99.3022,98.274,5.24298,0,1,1.9445,1.6421,0,1.50189,3.38688
62.6651,85.139,3.21557,0.19,0.04,2.53225,2.83465,0,0.474362,4.47552,99.3022,98.274,5.91137,0,1,1.94507,1.64267,0,1.50232,3.38688
63.9446,85.139,4.42302,0.15,0.04,2.53323,2.83563,0,0.474544,4.47552,99.3022,98.274,8.98237,0,1,1.94563,1.64323,0,1.50276,3.38688
65.5271,85.139,4.7371,0.17,0.04,2.62303,2.92543,0,0.474727,4.47552,99.3022,98.274,9.15402,0,0,1.99933,1.69693,0,1.50319,3.38688
70.6618,85.139,8.29787,0.2,0.04,2.624,2.9264,0,0.491557,4.47552,99.3022,98.274,17.8069,0,0,1.99989,1.69749,0,1.54468,3.38688
76.8683,85.139,10.0744,0.16,0.04,2.62496,2.92736,0,0.491737,4.47552,99.3022,98.274,16.3754,0,0,2.00044,1.69804,0,1.54511,3.38688
84.6977,85.139,11.5695,0.12,0.04,2.62592,2.92832,0,0.491917,4.47552,99.3022,98.274,14.7611,0,0,2.001,1.6986,0,1.54554,3.38688
85.139,85.139,8.37077,0.1,0.04,2.9126,3.215,0,0.492098,4.47552,99.3022,98.274,11.2436,0,0,2.20135,1.89895,0,1.54597,3.38688
85.139,85.139,6.92386,0.09,0.04,2.91366,3.21606,0,0.545821,4.47552,99.3022,98.274,9.95438,0,0,2.20197,1.89957,0,1.70076,3.38688
85.139,85.139,7.06089,0.09,0.04,2.91472,3.21712,0,0.546019,4.47552,99.3022,98.274,10.1299,0,0,2.2026,1.9002,0,1.70124,3.38688
85.139,85.139,6.58249,0.09,0.04,2.91577,3.21817,0,0.546218,4.47552,99.3022,98.274,9.24834,0,0,2.20322,1.90082,0,1.70173,3.38688
85.139,85.139,6.65223,0.09,0.04,2.50877,2.81117,0,0.546416,4.47552,99.3022,98.274,11.4145,0,0,1.93538,1.63298,0,1.70221,3.38688
85.139,85.139,5.80631,0.1,0.04,2.5097,2.8121,0,0.470144,4.47552,99.3022,98.274,12.8356,0,0,1.93591,1.63351,0,1.49527,3.38688
85.139,85.139,6.27465,0.12,0.04,2.51062,2.81302,0,0.470317,4.47552,99.3022,98.274,13.5158,0,0,1.93645,1.63405,0,1.49569,3.38688
85.139,85.139,7.99883,0.12,0.04,2.51154,2.81394,0,0.47049,4.47552,99.3022,98.274,14.8436,0,0,1.93699,1.63459,0,1.4961,3.38688
85.139,85.139,9.65591,0.13,0.04,2.51247,2.81487,0,0.470663,4.47552,99.3022,98.274,17.2769,0,0,1.93753,1.63513,0,1.49652,3.38688
85.139,85.139,7.26938,0.14,0.04,2.61628,2.91868,0,0.470837,4.47552,99.3022,98.274,13.1899,0,0,2.00385,1.70145,0,1.49693,3.38688
85.139,85.139,6.73856,0.15,0.04,2.61724,2.91964,0,0.49029,4.47552,99.3022,98.274,8.47577,0,0,2.00441,1.70201,0,1.54817,3.38688
85.139,85.139,5.65821,0.15,0.04,2.61819,2.92059,0,0.49047,4.47552,99.3022,98.274,7.183,0,0,2.00497,1.70257,0,1.5486,3.38688
85.139,85.139,5.27532,0.15,0.04,2.61915,2.92155,0,0.49065,4.47552,99.3022,98.274,6.89801,0,0,2.00552,1.70312,0,1.54904,3.38688
85.139,85.139,4.87714,0.13,0.04,2.57983,2.88223,0,0.490829,4.47552,99.3022,98.274,7.05854,0,0,1.9805,1.6781,0,1.54947,3.38688
85.139,85.139,5.21771,0.13,0.04,2.58078,2.88318,0,0.483461,4.47552,99.3022,98.274,5.29099,0,0,1.98105,1.67865,0,1.53013,3.38688
85.139,85.139,4.08303,0.13,0.04,2.58172,2.88412,0,0.483638,4.47552,99.3022,98.274,4.53421,0,0,1.9816,1.6792,0,1.53056,3.38688
85.139,85.139,3.70314,0.11,0.04,2.58267,2.88507,0,0.483815,4.47552,99.3022,98.274,3.60221,0,0,1.98215,1.67975,0,1.53098,3.38688
85.139,85.139,3.4572,0.08,0.04,2.72052,3.02292,0,0.483993,4.47552,99.3022,98.274,3.60296,0,0,2.07355,1.77115,0,1.53141,3.38688
85.139,85.139,4.04876,0.07,0.04,2.72151,3.02391,0,0.509826,4.47552,99.3022,98.274,4.94055,0,0,2.07413,1.77173,0,1.60202,3.38688
85.139,85.139,3.87036,0.07,0.04,2.7225,3.0249,0,0.510012,4.47552,99.3022,98.274,4.41032,0,0,2.07471,1.77231,0,1.60247,3.38688
85.139,85.139,3.61214,0.07,0.04,2.7235,3.0259,0,0.510197,4.47552,99.3022,98.274,4.00699,0,0,2.07529,1.77289,0,1.60292,3.38688
85.139,85.139,3.41826,0.06,0.04,2.72449,3.02689,0,0.510383,4.47552,99.3022,98.274,3.61574,0,0,2.07587,1.77347,0,1.60337,3.38688
85.139,85.139,3.0453,0.05,0.04,2.69836,3.00076,0,0.510569,4.47552,99.3022,98.274,3.78265,0,0,2.12647,1.82407,0,1.60382,3.38688
84.9499,85.139,2.71639,0.05,0.04,2.69935,3.00175,0,0.505673,4.47552,99.3022,98.274,3.32263,0,0,2.12707,1.82467,0,1.64291,3.38688
84.5663,85.139,2.50585,0.09,0.04,2.70033,3.00273,0,0.505858,4.47552,99.3022,98.274,3.17278,0,0,2.12766,1.82526,0,1.64337,3.38688
84.1083,85.139,2.41543,0.08,0.04,2.70131,3.00371,0,0.506042,4.47552,99.3022,98.274,2.91659,0,0,2.12826,1.82586,0,1.64383,3.38688
83.4835,85.139,2.31161,0.08,0.04,2.77242,3.07482,0,0.506226,4.47552,99.2338,98.274,2.63263,0,0,2.17349,1.87109,0,1.6443,3.38688
82.7217,85.139,2.1358,0.09,0.04,2.77343,3.07583,0,0.519552,4.47552,99.0206,98.274,2.54591,0,0,2.1741,1.8717,0,1.67924,3.38688
81.7932,85.139,1.95974,0.09,0.04,2.77444,3.07684,0,0.519741,4.47552,98.7889,98.274,2.2426,0,0,2.17472,1.87232,0,1.67971,3.38688
80.9833,85.139,2.06215,0.09,0.04,2.77545,3.07785,0,0.51993,4.47552,98.666,98.274,2.68354,0,0,2.17533,1.87293,0,1.68019,3.38688
80.0355,85.139,2.09015,0.09,0.04,2.98208,3.28448,0,0.520118,4.47552,98.5828,98.274,2.72311,0,0,2.33725,2.03485,0,1.68066,3.38688
78.9119,85.139,1.9174,0.09,0.04,2.98315,3.28555,0,0.558841,4.47552,98.5188,98.274,2.6629,0,0,2.33791,2.03551,0,1.80576,3.38688
77.6748,85.139,1.79468,0.13,0.04,2.98423,3.28663,0,0.559043,4.47552,98.4132,98.274,2.52977,0,0,2.33858,2.03618,0,1.80627,3.38688
76.8577,85.139,2.20938,0.12,0.04,2.9853,3.2877,0,0.559244,4.47552,98.3613,98.274,2.86281,0,0,2.33925,2.03685,0,1.80679,3.38688
75.6364,85.139,1.79257,0.12,0.04,2.98638,3.28878,0,0.559446,4.47552,98.1176,98.274,2.53784,0,0,2.33991,2.03751,0,1.8073,3.38688
74.1665,85.139,1.53292,0.12,0.04,2.88708,3.18948,0,0.559648,4.47552,97.5076,98.274,2.27061,0,0,2.24251,1.94011,0,1.80782,3.38688
73.0063,85.139,1.85964,0.12,0.04,2.88812,3.19052,0,0.541039,4.47552,97.3915,98.274,1.86533,0,0,2.24315,1.94075,0,1.73257,3.38688
72.1549,85.139,2.17103,0.16,0.04,2.88917,3.19157,0,0.541234,4.47552,97.5153,98.274,2.87636,0,0,2.24378,1.94138,0,1.73306,3.38688
71.8505,85.139,2.69041,0.16,0.04,2.89021,3.19261,0,0.54143,4.47552,97.9963,98.274,4.27296,0,0,2.24442,1.94202,0,1.73355,3.38688
73.1669,85.139,4.42635,0.15,0.04,2.80875,3.11115,0,0.541625,4.47552,99.2412,98.274,6.37609,0,0,2.15567,1.85327,0,1.73404,3.38688
72.2529,85.139,2.12167,0.14,0.04,2.80977,3.11217,0,0.526361,4.47552,99.3022,98.274,3.59438,0,0,2.15628,1.85388,0,1.66547,3.38688
71.7011,85.139,2.49684,0.12,0.04,2.81079,3.11319,0,0.526551,4.47552,99.3022,98.274,2.77945,0,0,2.15689,1.85449,0,1.66594,3.38688
75.7614,85.139,7.23536,0.12,0.04,2.81181,3.11421,0,0.526742,4.47552,99.3022,98.274,8.69884,0,0,2.15749,1.85509,0,1.66641,3.38688
78.3414,85.139,5.63347,0.11,0.04,2.57821,2.88061,0,0.526933,4.47552,99.3022,98.274,7.31636,0,0,1.9717,1.6693,0,1.66688,3.38688
80.5941,85.139,5.25124,0.12,0.04,2.57916,2.88156,0,0.483157,4.47552,99.3022,98.274,5.99864,0,0,1.97225,1.66985,0,1.52334,3.38688
81.4621,85.139,3.85777,0.11,0.04,2.5801,2.8825,0,0.483334,4.47552,99.3022,98.274,5.22869,0,0,1.97279,1.67039,0,1.52376,3.38688
81.4551,85.139,2.92348,0.11,0.04,2.58104,2.88344,0,0.48351,4.47552,99.3022,98.274,3.27558,0,0,1.97334,1.67094,0,1.52418,3.38688
80.7828,85.139,2.25555,0.12,0.04,2.58198,2.88438,0,0.483687,4.47552,99.3022,98.274,3.13931,0,0,1.97388,1.67148,0,1.5246,3.38688
81.5982,85.139,3.90279,0.12,0.04,2.67328,2.97568,0,0.483863,4.47552,99.3022,98.274,6.10164,0,0,2.02848,1.72608,0,1.52502,3.38688
83.0835,85.139,4.66535,0.11,0.04,2.67422,2.97662,0,0.500973,4.47552,99.3022,98.274,6.14773,0,0,2.02902,1.72662,0,1.5672,3.38688
84.4722,85.139,4.5703,0.11,0.04,2.67515,2.97755,0,0.501148,4.47552,99.3022,98.274,6.08454,0,0,2.02956,1.72716,0,1.56762,3.38688
85.139,85.139,4.85398,0.11,0.04,2.67608,2.97848,0,0.501323,4.47552,99.3022,98.274,6.94266,0,0,2.0301,1.7277,0,1.56804,3.38688
85.139,85.139,5.34907,0.09,0.04,2.96762,3.27002,0,0.501497,4.47552,99.3022,98.274,8.38209,0,0,2.23384,1.93144,0,1.56845,3.38688
85.139,85.139,6.01206,0.09,0.04,2.96864,3.27104,0,0.556131,4.47552,99.3022,98.274,9.55167,0,0,2.23445,1.93205,0,1.72587,3.38688
85.139,85.139,3.86229,0.1,0.04,2.96966,3.27206,0,0.556323,4.47552,99.3022,98.274,5.4993,0,0,2.23505,1.93265,0,1.72633,3.38688
84.9407,85.139,3.18819,0.11,0.04,2.97069,3.27309,0,0.556515,4.47552,99.3022,98.274,4.8615,0,0,2.23565,1.93325,0,1.7268,3.38688
85.139,85.139,3.46635,0.16,0.04,2.55669,2.85909,0,0.556706,4.47552,99.3022,98.274,4.5909,0,0,1.96322,1.66082,0,1.72727,3.38688
85.139,85.139,5.25379,0.1,0.04,2.55759,2.85999,0,0.479125,4.47552,99.3022,98.274,6.79247,0,0,1.96373,1.66133,0,1.51678,3.38688
85.139,85.139,4.62639,0.12,0.04,2.55848,2.86088,0,0.479292,4.47552,99.3022,98.274,4.24714,0,0,1.96425,1.66185,0,1.51718,3.38688
85.139,85.139,3.81649,0.15,0.04,2.55938,2.86178,0,0.47946,4.47552,99.3022,98.274,3.80241,0,0,1.96477,1.66237,0,1.51758,3.38688
85.139,85.139,5.93607,0.15,0.04,2.56027,2.86267,0,0.479627,4.47552,99.3022,98.274,5.73418,0,0,1.96529,1.66289,0,1.51798,3.38688
85.139,85.139,4.45813,0.16,0.04,2.66579,2.96819,0,0.479795,4.47552,99.3022,98.274,5.96541,0,0,2.03271,1.73031,0,1.51839,3.38688
85.139,85.139,4.38253,0.17,0.04,2.66672,2.96912,0,0.49957,4.47552,99.3022,98.274,5.89249,0,0,2.03325,1.73085,0,1.57047,3.38688
85.139,85.139,3.51799,0.18,0.04,2.66765,2.97005,0,0.499744,4.47552,99.3022,98.274,5.21171,0,0,2.0338,1.7314,0,1.57089,3.38688
85.139,85.139,3.62454,0.19,0.04,2.66858,2.97098,0,0.499917,4.47552,99.3022,98.274,5.11967,0,0,2.03434,1.73194,0,1.57131,3.38688
85.139,85.139,3.57184,0.17,0.04,2.62854,2.93094,0,0.500091,4.47552,99.3022,98.274,5.06476,0,0,2.00886,1.70646,0,1.57173,3.38688
85.1124,85.139,2.99981,0.15,0.04,2.62946,2.93186,0,0.492589,4.47552,99.3022,98.274,4.88147,0,0,2.00939,1.70699,0,1.55205,3.38688
84.737,85.139,2.63637,0.25,0.04,2.63038,2.93278,0,0.492761,4.47552,99.3022,98.274,4.41555,0,0,2.00993,1.70753,0,1.55246,3.38688
84.5729,85.139,2.85846,0.24,0.04,2.63129,2.93369,0,0.492932,4.47552,99.3022,98.274,3.92626,0,0,2.01046,1.70806,0,1.55287,3.38688
84.1553,85.139,2.64995,0.2,0.04,2.77142,3.07382,0,0.493104,4.47552,99.3022,98.274,4.16816,0,0,2.10337,1.80097,0,1.55328,3.38688
83.4559,85.139,2.3173,0.18,0.04,2.77237,3.07477,0,0.519363,4.47552,99.3022,98.274,3.90036,0,0,2.10393,1.80153,0,1.62506,3.38688
82.6733,85.139,2.2154,0.15,0.04,2.77333,3.07573,0,0.519543,4.47552,99.3022,98.274,3.96101,0,0,2.10449,1.80209,0,1.6255,3.38688
81.8012,85.139,2.11456,0.14,0.04,2.77429,3.07669,0,0.519723,4.47552,99.3022,98.274,3.84633,0,0,2.10505,1.80265,0,1.62593,3.38688
80.8036,85.139,1.97676,0.13,0.04,2.77525,3.07765,0,0.519903,4.47552,99.3022,98.274,3.62205,0,0,2.10562,1.80322,0,1.62637,3.38688
79.7548,85.139,1.85557,0.13,0.04,2.74864,3.05104,0,0.520083,4.47552,99.3022,98.274,3.61191,0,0,2.15703,1.85463,0,1.6268,3.38688
78.5518,85.139,1.69623,0.12,0.04,2.74959,3.05199,0,0.515095,4.47552,99.3022,98.274,3.18085,0,0,2.15761,1.85521,0,1.66652,3.38688
77.2415,85.139,1.55625,0.17,0.04,2.75054,3.05294,0,0.515274,4.47552,99.3022,98.274,3.11606,0,0,2.15819,1.85579,0,1.66697,3.38688
75.8691,85.139,1.45769,0.16,0.04,2.7515,3.0539,0,0.515452,4.47552,99.2057,98.274,3.0081,0,0,2.15877,1.85637,0,1.66742,3.38688
74.2911,85.139,1.30132,0.17,0.04,2.82374,3.12614,0,0.51563,4.47552,99.052,98.274,2.78139,0,0,2.20472,1.90232,0,1.66786,3.38688
72.8461,85.139,1.42036,0.16,0.04,2.82472,3.12712,0,0.529169,4.47552,99.073,98.274,3.07733,0,0,2.20531,1.90291,0,1.70337,3.38688
71.3416,85.139,1.34006,0.19,0.04,2.82569,3.12809,0,0.529352,4.47552,98.9879,98.274,3.15906,0,0,2.20591,1.90351,0,1.70383,3.38688
69.7659,85.139,1.25406,0.18,0.04,2.82667,3.12907,0,0.529535,4.47552,98.8358,98.274,2.88723,0,0,2.2065,1.9041,0,1.70428,3.38688
68.0157,85.139,1.23253,0.18,0.04,3.03668,3.33908,0,0.529717,4.47552,98.7521,98.274,3.10943,0,0,2.37108,2.06868,0,1.70474,3.38688
66.2943,85.139,1.25586,0.2,0.04,3.03772,3.34012,0,0.569075,4.47552,98.5944,98.274,2.71575,0,0,2.37172,2.06932,0,1.8319,3.38688
64.3546,85.139,1.03499,0.2,0.04,3.03877,3.34117,0,0.56927,4.47552,98.2652,98.274,2.17218,0,0,2.37237,2.06997,0,1.83239,3.38688
62.6082,85.139,1.19769,0.19,0.04,3.03981,3.34221,0,0.569465,4.47552,98.2694,98.274,3.25326,0,0,2.37301,2.07061,0,1.83289,3.38688
60.6913,85.139,1.00636,0.19,0.04,3.04085,3.34325,0,0.56966,4.47552,98.0374,98.274,2.57586,0,0,2.37366,2.07126,0,1.83339,3.38688
58.9173,85.139,1.01627,0.21,0.04,2.93985,3.24225,0,0.569855,4.47552,97.8804,98.274,2.62754,0,0,2.27461,1.97221,0,1.83389,3.38688
57.0281,85.139,0.87276,0.21,0.04,2.94086,3.24326,0,0.550928,4.47552,97.6157,98.274,2.12773,0,0,2.27523,1.97283,0,1.75737,3.38688
55.2736,85.139,1.01678,0.21,0.04,2.94187,3.24427,0,0.551117,4.47552,97.3921,98.274,2.17892,0,0,2.27584,1.97344,0,1.75784,3.38688
55.2151,85.139,2.88537,0.25,0.04,2.94288,3.24528,0,0.551306,4.47552,98.207,98.274,4.30546,0,0,2.27646,1.97406,0,1.75832,3.38688
54.0384,85.139,1.66619,0.26,0.04,2.86003,3.16243,0,0.551496,4.47552,98.0232,98.274,2.88322,0,0,2.18622,1.88382,0,1.75879,3.38688
51.8839,85.139,0.669056,0.27,0.04,2.86101,3.16341,0,0.53597,4.47552,97.6455,98.274,1.6042,0,0,2.1868,1.8844,0,1.68907,3.38688
50.635,85.139,1.52715,0.27,0.04,2.862,3.1644,0,0.536154,4.47552,97.4832,98.274,2.4391,0,0,2.18739,1.88499,0,1.68952,3.38688
50.9209,85.139,3.21513,0.3,0.04,2.86298,3.16538,0,0.536339,4.47552,97.8115,98.274,3.93009,0,0,2.18798,1.88558,0,1.68998,3.38688
49.994,85.139,1.73594,0.31,0.04,2.6255,2.9279,0,0.536523,4.47552,97.8361,98.274,2.53148,0,0,1.9991,1.6967,0,1.69043,3.38688
49.4104,85.139,2.0899,0.33,0.04,2.62642,2.92882,0,0.49202,4.47552,97.6296,98.274,2.32915,0,0,1.99963,1.69723,0,1.54451,3.38688
49.1195,85.139,2.40146,0.33,0.04,2.62733,2.92973,0,0.49219,4.47552,97.366,98.274,2.61316,0,0,2.00016,1.69776,0,1.54492,3.38688
48.6483,85.139,2.19636,0.35,0.04,2.62824,2.93064,0,0.492361,4.47552,97.0852,98.274,2.18895,0,0,2.00069,1.69829,0,1.54532,3.38688
47.9793,85.139,1.9701,0.38,0.04,2.62915,2.93155,0,0.492532,4.47552,96.8994,98.274,2.17662,0,0,2.00122,1.69882,0,1.54573,3.38688
48.5003,85.139,3.2416,0.43,0.04,2.7219,3.0243,0,0.492702,4.47552,96.7918,98.274,3.10158,0,0,2.05668,1.75428,0,1.54614,3.38688
51.2572,85.139,5.68081,0.45,0.04,2.7228,3.0252,0,0.510084,4.47552,97.1109,98.274,4.09681,0,0,2.0572,1.7548,0,1.58899,3.38688
53.2098,85.139,4.83573,0.42,0.04,2.7237,3.0261,0,0.510253,4.47552,97.6832,98.274,5.26676,0,0,2.05772,1.75532,0,1.58939,3.38688
58.0961,85.139,8.03003,0.43,0.04,2.72461,3.02701,0,0.510422,4.47552,99.072,98.274,8.01686,0,0,2.05825,1.75585,0,1.5898,3.38688
63.4847,85.139,8.89663,0.37,0.04,3.02084,3.32324,0,0.510591,4.47552,99.3022,98.274,6.91778,0,0,2.26528,1.96288,0,1.5902,3.38688
68.7756,85.139,8.90939,0.31,0.04,3.02183,3.32423,0,0.566106,4.47552,99.3022,98.274,7.28149,0,0,2.26587,1.96347,0,1.75016,3.38688
77.6706,85.139,12.7434,0.3,0.04,3.02282,3.32522,0,0.566292,4.47552,99.3022,98.274,10.8405,0,0,2.26645,1.96405,0,1.75061,3.38688
85.139,85.139,13.5823,0.25,0.04,3.02381,3.32621,0,0.566477,4.47552,99.3022,98.274,14.2587,0,0,2.26704,1.96464,0,1.75106,3.38688
85.139,85.139,11.1215,0.12,0.04,2.60306,2.90546,0,0.566663,4.47552,99.3022,98.274,10.2636,0,0,1.99015,1.68775,0,1.75151,3.38688
85.139,85.139,9.92919,0.14,0.04,2.60393,2.90633,0,0.487814,4.47552,99.3022,98.274,9.12274,0,0,1.99065,1.68825,0,1.53759,3.38688
85.139,85.139,11.9285,0.18,0.04,2.60479,2.90719,0,0.487976,4.47552,99.3022,98.274,12.0982,0,0,1.99116,1.68876,0,1.53798,3.38688
85.139,85.139,10.572,0.18,0.04,2.60566,2.90806,0,0.488138,4.47552,99.3022,98.274,9.87879,0,0,1.99166,1.68926,0,1.53837,3.38688
85.139,85.139,7.88253,0.2,0.04,2.60652,2.90892,0,0.4883,4.47552,99.3022,98.274,6.41776,0,0,1.99216,1.68976,0,1.53875,3.38688
85.139,85.139,7.34184,0.23,0.04,2.71371,3.01611,0,0.488463,4.47552,99.3022,98.274,7.99769,0,0,2.06064,1.75824,0,1.53914,3.38688
85.139,85.139,8.88532,0.24,0.04,2.71461,3.01701,0,0.508549,4.47552,99.3022,98.274,8.95268,0,0,2.06117,1.75877,0,1.59205,3.38688
85.139,85.139,6.2147,0.24,0.04,2.7155,3.0179,0,0.508717,4.47552,99.3022,98.274,6.1364,0,0,2.06169,1.75929,0,1.59246,3.38688
85.139,85.139,6.07589,0.24,0.04,2.7164,3.0188,0,0.508885,4.47552,99.3022,98.274,6.21929,0,0,2.06222,1.75982,0,1.59286,3.38688
85.139,85.139,5.61243,0.24,0.04,2.67568,2.97808,0,0.509054,4.47552,99.3022,98.274,5.84906,0,0,2.0363,1.7339,0,1.59327,3.38688
85.139,85.139,4.61858,0.23,0.04,2.67657,2.97897,0,0.501423,4.47552,99.3022,98.274,4.44799,0,0,2.03682,1.73442,0,1.57325,3.38688
85.139,85.139,4.07325,0.2,0.04,2.67745,2.97985,0,0.501589,4.47552,99.3022,98.274,3.97709,0,0,2.03734,1.73494,0,1.57365,3.38688
85.139,85.139,3.66379,0.18,0.04,2.67834,2.98074,0,0.501755,4.47552,99.3022,98.274,3.56053,0,0,2.03785,1.73545,0,1.57405,3.38688
85.139,85.139,3.37503,0.16,0.04,2.82067,3.12307,0,0.501921,4.47552,99.3022,98.274,3.36514,0,0,2.13222,1.82982,0,1.57444,3.38688
85.12,85.139,3.08911,0.13,0.04,2.82159,3.12399,0,0.528593,4.47552,99.2871,98.274,2.71759,0,0,2.13277,1.83037,0,1.64736,3.38688
84.7849,85.139,2.70528,0.22,0.04,2.82252,3.12492,0,0.528767,4.47552,99.1013,98.274,2.48578,0,0,2.13331,1.83091,0,1.64778,3.38688
84.3484,85.139,2.58646,0.19,0.04,2.82345,3.12585,0,0.528941,4.47552,98.9496,98.274,2.52549,0,0,2.13386,1.83146,0,1.6482,3.38688
83.804,85.139,2.46881,0.17,0.04,2.82438,3.12678,0,0.529115,4.47552,98.8011,98.274,2.45113,0,0,2.1344,1.832,0,1.64862,3.38688
83.5106,85.139,2.69761,0.15,0.04,2.7973,3.0997,0,0.529289,4.47552,98.7115,98.274,3.06873,0,0,2.18661,1.88421,0,1.64904,3.38688
83.0579,85.139,2.52653,0.14,0.04,2.79822,3.10062,0,0.524214,4.47552,98.5827,98.274,2.88547,0,0,2.18717,1.88477,0,1.68937,3.38688
82.4031,85.139,2.3085,0.15,0.04,2.79914,3.10154,0,0.524386,4.47552,98.4211,98.274,2.76756,0,0,2.18773,1.88533,0,1.68981,3.38688
81.6814,85.139,2.22642,0.14,0.04,2.80006,3.10246,0,0.524559,4.47552,98.2113,98.274,2.50283,0,0,2.18829,1.88589,0,1.69024,3.38688
80.7689,85.139,2.07283,0.14,0.04,2.87341,3.17581,0,0.524732,4.47552,97.9466,98.274,2.307,0,0,2.23494,1.93254,0,1.69067,3.38688
79.9914,85.139,2.21916,0.15,0.04,2.87435,3.17675,0,0.538477,4.47552,97.8515,98.274,2.52848,0,0,2.23552,1.93312,0,1.72672,3.38688
79.0319,85.139,2.00464,0.14,0.04,2.8753,3.1777,0,0.538654,4.47552,97.5205,98.274,2.38235,0,0,2.23609,1.93369,0,1.72716,3.38688
77.9069,85.139,1.82589,0.17,0.04,2.87624,3.17864,0,0.538831,4.47552,97.2194,98.274,2.08709,0,0,2.23667,1.93427,0,1.72761,3.38688
76.771,85.139,1.97913,0.16,0.04,3.08954,3.39194,0,0.539008,4.47552,96.9977,98.274,2.61028,0,0,2.40382,2.10142,0,1.72805,3.38688
75.2875,85.139,1.61642,0.16,0.04,3.09054,3.39294,0,0.578979,4.47552,96.7802,98.274,2.26054,0,0,2.40445,2.10205,0,1.85719,3.38688
73.6486,85.139,1.44912,0.17,0.04,3.09155,3.39395,0,0.579168,4.47552,96.5569,98.274,2.70277,0,0,2.40507,2.10267,0,1.85768,3.38688
71.941,85.139,1.37108,0.19,0.04,3.09256,3.39496,0,0.579357,4.47552,96.3056,98.274,2.87652,0,0,2.4057,2.1033,0,1.85816,3.38688
70.2128,85.139,1.33158,0.19,0.04,3.09357,3.39597,0,0.579546,4.47552,96.055,98.274,2.85058,0,0,2.40632,2.10392,0,1.85864,3.38688
68.6876,85.139,1.47532,0.19,0.04,2.99093,3.29333,0,0.579734,4.47552,95.6702,98.274,2.3848,0,0,2.30568,2.00328,0,1.85912,3.38688
67.4601,85.139,1.78284,0.19,0.04,2.99191,3.29431,0,0.5605,4.47552,95.2543,98.274,2.1665,0,0,2.30628,2.00388,0,1.78137,3.38688
65.9587,85.139,1.49083,0.21,0.04,2.99288,3.29528,0,0.560683,4.47552,95.0609,98.274,3.4697,0,0,2.30687,2.00447,0,1.78183,3.38688
64.2576,85.139,1.27716,0.21,0.04,2.99386,3.29626,0,0.560866,4.47552,94.5209,98.274,1.90588,0,0,2.30747,2.00507,0,1.78229,3.38688
62.9373,85.139,1.60596,0.21,0.04,2.90966,3.21206,0,0.56105,4.47552,94.0364,98.274,2.07982,0,0,2.21578,1.91338,0,1.78275,3.38688
62.0457,85.139,2.0697,0.23,0.04,2.91062,3.21302,0,0.545271,4.47552,93.7196,98.274,2.4046,0,0,2.21635,1.91395,0,1.71191,3.38688
61.061,85.139,1.95146,0.26,0.04,2.91157,3.21397,0,0.545449,4.47552,93.3826,98.274,2.46136,0,0,2.21692,1.91452,0,1.71235,3.38688
60.7849,85.139,2.72444,0.26,0.04,2.91252,3.21492,0,0.545628,4.47552,93.2426,98.274,3.09844,0,0,2.21749,1.91509,0,1.71279,3.38688
63.8271,85.139,5.91366,0.27,0.04,2.67128,2.97368,0,0.545806,4.47552,93.9918,98.274,5.05959,0,0,2.02563,1.72323,0,1.71323,3.38688
65.2906,85.139,4.41588,0.24,0.04,2.67216,2.97456,0,0.500598,4.47552,94.509,98.274,5.80149,0,0,2.02614,1.72374,0,1.565,3.38688
66.0199,85.139,3.67128,0.24,0.04,2.67305,2.97545,0,0.500763,4.47552,95.5437,98.274,5.92201,0,0,2.02665,1.72425,0,1.5654,3.38688
69.4915,85.139,6.69466,0.23,0.04,2.67393,2.97633,0,0.500929,4.47552,98.0232,98.274,8.73762,0,0,2.02717,1.72477,0,1.56579,3.38688
71.9899,85.139,5.70824,0.2,0.04,2.67481,2.97721,0,0.501094,4.47552,99.3022,98.274,10.3835,0,0,2.02768,1.72528,0,1.56619,3.38688
74.9203,85.139,6.16586,0.23,0.04,2.76896,3.07136,0,0.501259,4.47552,99.3022,98.274,7.04406,0,0,2.08398,1.78158,0,1.56658,3.38688
76.4177,85.139,4.78786,0.19,0.06,2.76984,3.07224,0,0.518904,4.47552,99.3022,98.274,4.12451,0,0,2.08448,1.78208,0,1.61008,3.38688
78.6778,85.139,5.70627,0.2,0.06,2.77071,3.07311,0,0.519067,4.47552,99.3022,98.274,3.96727,0,0,2.08499,1.78259,0,1.61047,3.38688
79.5236,85.139,4.15397,0.23,0.06,2.77158,3.07398,0,0.519231,4.47552,99.2802,98.274,3.44803,0,0,2.0855,1.7831,0,1.61086,3.38688
79.657,85.139,3.65967,0.19,0.06,3.07237,3.37477,0,0.519395,4.47552,98.8823,98.274,2.79094,0,0,2.29572,1.99332,0,1.61125,3.38688
79.203,85.139,3.0564,0.19,0.06,3.07333,3.37573,0,0.575763,4.47552,98.5286,98.274,2.03984,0,0,2.29628,1.99388,0,1.77367,3.38688
79.2339,85.139,3.57088,0.27,0.06,3.07429,3.37669,0,0.575942,4.47552,98.3408,98.274,2.61356,0,0,2.29685,1.99445,0,1.77411,3.38688
79.3707,85.139,3.71591,0.28,0.06,3.07525,3.37765,0,0.576122,4.47552,98.2866,98.274,3.07054,0,0,2.29742,1.99502,0,1.77455,3.38688
80.1729,85.139,4.00791,0.28,0.06,2.64795,2.95035,0,0.576302,4.47552,98.1891,98.274,3.45159,0,0,2.01622,1.71382,0,1.77498,3.38688
80.4769,85.139,3.46629,0.23,0.06,2.64879,2.95119,0,0.496226,4.47552,98.2641,98.274,2.63788,0,0,2.01671,1.71431,0,1.55774,3.38688
81.561,85.139,4.26456,0.26,0.06,2.64963,2.95203,0,0.496383,4.47552,98.4983,98.274,3.14766,0,0,2.0172,1.7148,0,1.55811,3.38688
85.139,85.139,8.65694,0.28,0.06,2.65046,2.95286,0,0.49654,4.47552,99.0541,98.274,4.90582,0,0,2.01769,1.71529,0,1.55849,3.38688
85.139,85.139,5.72971,0.23,0.06,2.6513,2.9537,0,0.496697,4.47552,99.2741,98.274,3.32636,0,0,2.01817,1.71577,0,1.55886,3.38688
85.139,85.139,5.00579,0.25,0.06,2.76009,3.06249,0,0.496854,4.47552,99.2835,98.274,2.90412,0,0,2.08769,1.78529,0,1.55924,3.38688
85.139,85.139,4.76114,0.27,0.06,2.76096,3.06336,0,0.517242,4.47552,99.1811,98.274,2.89784,0,0,2.08819,1.78579,0,1.61295,3.38688
85.139,85.139,4.07769,0.26,0.06,2.76183,3.06423,0,0.517405,4.47552,99.1375,98.274,2.98295,0,0,2.0887,1.7863,0,1.61334,3.38688
85.139,85.139,3.63643,0.27,0.06,2.7627,3.0651,0,0.517568,4.47552,98.8449,98.274,2.3517,0,0,2.08921,1.78681,0,1.61373,3.38688
85.139,85.139,3.4709,0.28,0.06,2.72132,3.02372,0,0.517731,4.47552,98.6686,98.274,2.28875,0,0,2.06287,1.76047,0,1.61412,3.38688
85.139,85.139,3.61322,0.26,0.06,2.72217,3.02457,0,0.509975,4.47552,98.429,98.274,2.62794,0,0,2.06337,1.76097,0,1.59378,3.38688
85.0194,85.139,3.00016,0.24,0.06,2.72303,3.02543,0,0.510136,4.47552,97.9253,98.274,2.39449,0,0,2.06387,1.76147,0,1.59416,3.38688
84.6237,85.139,2.71902,0.33,0.06,2.72389,3.02629,0,0.510296,4.47552,97.5252,98.274,1.94974,0,0,2.06437,1.76197,0,1.59455,3.38688
84.7416,85.139,3.34459,0.31,0.06,2.86835,3.17075,0,0.510457,4.47552,97.2162,98.274,2.16396,0,0,2.16016,1.85776,0,1.59494,3.38688
84.3329,85.139,2.76748,0.25,0.06,2.86925,3.17165,0,0.537529,4.47552,96.7091,98.274,2.12841,0,0,2.16069,1.85829,0,1.66894,3.38688
83.6742,85.139,2.4463,0.25,0.06,2.87015,3.17255,0,0.537697,4.47552,96.2686,98.274,1.98458,0,0,2.16122,1.85882,0,1.66935,3.38688
82.9514,85.139,2.37207,0.24,0.06,2.87105,3.17345,0,0.537866,4.47552,95.776,98.274,2.01654,0,0,2.16174,1.85934,0,1.66976,3.38688
82.1177,85.139,2.24911,0.2,0.06,2.87195,3.17435,0,0.538034,4.47552,94.8961,98.274,1.93001,0,0,2.16227,1.85987,0,1.67016,3.38688
80.7532,85.139,1.63586,0.18,0.06,2.84441,3.14681,0,0.538203,4.47552,93.7498,98.274,1.38572,0,0,2.21524,1.91284,0,1.67057,3.38688
79.0371,85.139,1.24157,0.17,0.06,2.8453,3.1477,0,0.533042,4.47552,92.6594,98.274,1.01404,0,0,2.21579,1.91339,0,1.7115,3.38688
77.2437,85.139,1.15305,0.24,0.06,2.84619,3.14859,0,0.533209,4.47552,91.5064,98.274,0.995582,0,0,2.21633,1.91393,0,1.71192,3.38688
75.3629,85.139,1.05152,0.21,0.06,2.84709,3.14949,0,0.533377,4.47552,90.3288,98.274,0.918193,0,0,2.21687,1.91447,0,1.71234,3.38688
73.3553,85.139,0.958208,0.2,0.06,2.9215,3.2239,0,0.533544,4.47552,89.1095,98.274,0.854278,0,0,2.26421,1.96181,0,1.71276,3.38688
71.4267,85.139,0.993456,0.23,0.06,2.92242,3.22482,0,0.547489,4.47552,87.9334,98.274,0.869785,0,0,2.26476,1.96236,0,1.74933,3.38688
69.49,85.139,0.970595,0.22,0.06,2.92333,3.22573,0,0.547661,4.47552,86.7455,98.274,0.890634,0,0,2.26532,1.96292,0,1.74976,3.38688
67.5106,85.139,0.906061,0.21,0.06,2.92424,3.22664,0,0.547832,4.47552,85.5087,98.274,0.833816,0,0,2.26588,1.96348,0,1.75019,3.38688
65.304,85.139,0.83157,0.24,0.06,3.14071,3.44311,0,0.548003,4.47552,84.1931,98.274,0.792652,0,0,2.43553,2.13313,0,1.75062,3.38688
63.0584,85.139,0.784157,0.23,0.06,3.14169,3.44409,0,0.588569,4.47552,82.8759,98.274,0.810059,0,0,2.43613,2.13373,0,1.88169,3.38688
60.7308,85.139,0.687036,0.23,0.06,3.14266,3.44506,0,0.588752,4.47552,81.6214,98.274,0.68465,0,0,2.43674,2.13434,0,1.88216,3.38688
58.5543,85.139,0.810814,0.27,0.06,3.14364,3.44604,0,0.588935,4.47552,80.3688,98.274,0.744282,0,0,2.43734,2.13494,0,1.88262,3.38688
56.2073,85.139,0.61566,0.27,0.06,3.14461,3.44701,0,0.589118,4.47552,79.3782,98.274,0.637693,0,0,2.43794,2.13554,0,1.88309,3.38688
54.1915,85.139,0.863238,0.31,0.06,3.04039,3.34279,0,0.5893,4.47552,78.9522,98.274,1.07935,0,0,2.33577,2.03337,0,1.88356,3.38688
52.6611,85.139,1.38676,0.3,0.06,3.04133,3.34373,0,0.569768,4.47552,78.5972,98.274,1.95769,0,0,2.33635,2.03395,0,1.80462,3.38688
51.2098,85.139,1.45278,0.3,0.06,3.04228,3.34468,0,0.569946,4.47552,78.5198,98.274,2.01879,0,0,2.33692,2.03452,0,1.80506,3.38688
50.2987,85.139,1.96862,0.3,0.06,3.04323,3.34563,0,0.570123,4.47552,78.6505,98.274,2.53832,0,0,2.3375,2.0351,0,1.80551,3.38688
49.7587,85.139,2.38634,0.31,0.06,2.95772,3.26012,0,0.570301,4.47552,79.3357,98.274,3.41391,0,0,2.24441,1.94201,0,1.80595,3.38688
49.1514,85.139,2.3688,0.31,0.06,2.95864,3.26104,0,0.554277,4.47552,79.7129,98.274,3.99732,0,0,2.24496,1.94256,0,1.73403,3.38688
47.6417,85.139,1.36954,0.35,0.06,2.95957,3.26197,0,0.55445,4.47552,79.6503,98.274,2.6819,0,0,2.24551,1.94311,0,1.73446,3.38688
46.8792,85.139,2.1481,0.35,0.06,2.96049,3.26289,0,0.554623,4.47552,79.9836,98.274,4.01826,0,0,2.24606,1.94366,0,1.73488,3.38688
47.8703,85.139,3.79401,0.35,0.06,2.71561,3.01801,0,0.554796,4.47552,81.2258,98.274,5.43676,0,0,2.05132,1.74892,0,1.73531,3.38688
49.7726,85.139,4.728,0.37,0.06,2.71646,3.01886,0,0.508905,4.47552,82.8027,98.274,5.37124,0,0,2.05182,1.74942,0,1.58485,3.38688
52.0844,85.139,5.1903,0.38,0.06,2.71732,3.01972,0,0.509065,4.47552,84.2837,98.274,5.22846,0,0,2.05231,1.74991,0,1.58523,3.38688
54.6883,85.139,5.64692,0.37,0.06,2.71817,3.02057,0,0.509225,4.47552,85.8712,98.274,5.38735,0,0,2.0528,1.7504,0,1.58561,3.38688
59.6241,85.139,8.11676,0.4,0.06,2.71903,3.02143,0,0.509385,4.47552,91.7001,98.274,13.2104,0,0,2.0533,1.7509,0,1.586,3.38688
66.5415,85.139,10.2596,0.38,0.06,2.71903,3.02143,0,0.509545,4.47552,97.0877,98.274,12.2443,0,0,2.0533,1.7509,0,1.58638,3.38688
72.1084,85.139,9.05556,0.33,0.06,2.81454,3.11694,0,0.509545,4.47552,99.3022,98.274,10.795,0,0,2.11041,1.80801,0,1.58638,3.38688
74.8769,85.139,6.18348,0.3,0.06,2.81538,3.11778,0,0.527444,4.47552,99.3022,98.274,8.13955,0,0,2.1109,1.8085,0,1.6305,3.38688
77.198,85.139,5.67415,0.25,0.06,2.81622,3.11862,0,0.527602,4.47552,99.3022,98.274,7.70819,0,0,2.11139,1.80899,0,1.63088,3.38688
79.5707,85.139,5.75918,0.28,0.06,2.81707,3.11947,0,0.527761,4.47552,99.3022,98.274,5.90333,0,0,2.11188,1.80948,0,1.63126,3.38688
83.1097,85.139,7.42632,0.24,0.06,3.12226,3.42466,0,0.527919,4.47552,99.3022,98.274,8.87298,0,0,2.32518,2.02278,0,1.63164,3.38688
85.139,85.139,8.55672,0.24,0.06,3.12319,3.42559,0,0.585112,4.47552,99.3022,98.274,11.362,0,0,2.32573,2.02333,0,1.79644,3.38688
85.139,85.139,6.52707,0.16,0.06,3.12412,3.42652,0,0.585286,4.47552,99.3022,98.274,8.73709,0,0,2.32628,2.02388,0,1.79686,3.38688
85.139,85.139,6.01462,0.18,0.06,3.12505,3.42745,0,0.58546,4.47552,99.3022,98.274,8.12546,0,0,2.32683,2.02443,0,1.79728,3.38688
85.139,85.139,4.1577,0.19,0.06,2.6914,2.9938,0,0.585633,4.47552,99.3022,98.274,5.94257,0,0,2.04147,1.73907,0,1.79771,3.38688
85.139,85.139,4.23693,0.23,0.06,2.69222,2.99462,0,0.504369,4.47552,99.3022,98.274,6.0702,0,0,2.04194,1.73954,0,1.57724,3.38688
85.139,85.139,3.62816,0.25,0.06,2.69303,2.99543,0,0.504521,4.47552,99.3022,98.274,5.50821,0,0,2.04241,1.74001,0,1.5776,3.38688
84.9649,85.139,3.04962,0.27,0.06,2.69384,2.99624,0,0.504673,4.47552,99.3022,98.274,5.7212,0,0,2.04288,1.74048,0,1.57796,3.38688
85.139,85.139,4.18791,0.33,0.06,2.69465,2.99705,0,0.504825,4.47552,99.3022,98.274,7.82697,0,0,2.04335,1.74095,0,1.57833,3.38688
85.139,85.139,3.69164,0.3,0.06,2.80499,3.10739,0,0.504977,4.47552,99.3022,98.274,7.31657,0,0,2.11386,1.81146,0,1.57869,3.38688
85.139,85.139,3.28876,0.31,0.06,2.80583,3.10823,0,0.525656,4.47552,99.3022,98.274,6.44857,0,0,2.11435,1.81195,0,1.63317,3.38688
85.0883,85.139,3.21075,0.31,0.06,2.80667,3.10907,0,0.525813,4.47552,99.3022,98.274,5.96833,0,0,2.11484,1.81244,0,1.63355,3.38688
84.6624,85.139,2.75814,0.39,0.06,2.80752,3.10992,0,0.525971,4.47552,99.3022,98.274,5.83515,0,0,2.11533,1.81293,0,1.63393,3.38688
84.528,85.139,2.96397,0.39,0.06,2.76548,3.06788,0,0.526128,4.47552,99.3022,98.274,4.87431,0,0,2.08859,1.78619,0,1.6343,3.38688
83.7506,85.139,2.27995,0.39,0.06,2.76631,3.06871,0,0.518251,4.47552,99.3022,98.274,4.1399,0,0,2.08907,1.78667,0,1.61364,3.38688
82.8064,85.139,2.10029,0.36,0.06,2.76714,3.06954,0,0.518407,4.47552,99.3022,98.274,4.32185,0,0,2.08955,1.78715,0,1.61402,3.38688
83.0218,85.139,3.28993,0.36,0.06,2.76797,3.07037,0,0.518562,4.47552,99.3022,98.274,5.02536,0,0,2.09004,1.78764,0,1.61439,3.38688
82.1548,85.139,2.22557,0.33,0.06,2.91449,3.21689,0,0.518718,4.47552,99.3022,98.274,4.1985,0,0,2.1872,1.8848,0,1.61476,3.38688
81.0567,85.139,1.96748,0.28,0.06,2.91536,3.21776,0,0.546175,4.47552,99.3022,98.274,3.94323,0,0,2.18771,1.88531,0,1.68983,3.38688
79.775,85.139,1.77137,0.27,0.06,2.91623,3.21863,0,0.546338,4.47552,99.3022,98.274,3.60533,0,0,2.18822,1.88582,0,1.69022,3.38688
78.3675,85.139,1.61631,0.23,0.06,2.9171,3.2195,0,0.546501,4.47552,99.3022,98.274,3.52798,0,0,2.18873,1.88633,0,1.69062,3.38688
77.208,85.139,1.86597,0.31,0.06,2.91797,3.22037,0,0.546664,4.47552,99.3022,98.274,3.1812,0,0,2.18923,1.88683,0,1.69101,3.38688
76.356,85.139,2.14208,0.27,0.06,2.88999,3.19239,0,0.546827,4.47552,99.3022,98.274,3.45628,0,0,2.24295,1.94055,0,1.6914,3.38688
75.4166,85.139,1.99982,0.25,0.06,2.89085,3.19325,0,0.541584,4.47552,99.3022,98.274,3.32713,0,0,2.24347,1.94107,0,1.7329,3.38688
74.3541,85.139,1.86323,0.22,0.06,2.89171,3.19411,0,0.541745,4.47552,99.3022,98.274,3.37795,0,0,2.244,1.9416,0,1.73331,3.38688
73.1751,85.139,1.73337,0.2,0.06,2.89258,3.19498,0,0.541907,4.47552,99.3022,98.274,3.3386,0,0,2.24452,1.94212,0,1.73371,3.38688
71.945,85.139,1.7466,0.24,0.06,2.96802,3.27042,0,0.542069,4.47552,99.2931,98.274,2.83747,0,0,2.29252,1.99012,0,1.73412,3.38688
70.5757,85.139,1.57979,0.23,0.06,2.96891,3.27131,0,0.556207,4.47552,99.116,98.274,2.6873,0,0,2.29305,1.99065,0,1.7712,3.38688
69.0809,85.139,1.43856,0.22,0.06,2.96979,3.27219,0,0.556373,4.47552,98.8848,98.274,2.34812,0,0,2.29359,1.99119,0,1.77161,3.38688
67.7262,85.139,1.56053,0.2,0.06,2.97067,3.27307,0,0.556538,4.47552,98.7888,98.274,2.93141,0,0,2.29413,1.99173,0,1.77203,3.38688
66.2134,85.139,1.54954,0.26,0.06,3.19021,3.49261,0,0.556704,4.47552,98.5832,98.274,2.64918,0,0,2.46619,2.16379,0,1.77244,3.38688
64.7889,85.139,1.62606,0.24,0.06,3.19115,3.49355,0,0.597845,4.47552,98.3724,98.274,2.67616,0,0,2.46678,2.16438,0,1.90538,3.38688
63.0706,85.139,1.33128,0.24,0.06,3.19209,3.49449,0,0.598022,4.47552,97.9975,98.274,2.14118,0,0,2.46736,2.16496,0,1.90583,3.38688
61.5994,85.139,1.54935,0.23,0.06,3.19304,3.49544,0,0.598199,4.47552,97.9422,98.274,3.20513,0,0,2.46795,2.16555,0,1.90628,3.38688
59.8294,85.139,1.24145,0.27,0.06,3.19398,3.49638,0,0.598375,4.47552,97.3127,98.274,2.23533,0,0,2.46853,2.16613,0,1.90673,3.38688
58.1407,85.139,1.21761,0.27,0.06,3.08822,3.39062,0,0.598552,4.47552,96.702,98.274,1.65048,0,0,2.36486,2.06246,0,1.90719,3.38688
56.4028,85.139,1.16483,0.29,0.06,3.08913,3.39153,0,0.578732,4.47552,95.6429,98.274,1.80067,0,0,2.36542,2.06302,0,1.82709,3.38688
54.2402,85.139,0.698426,0.3,0.06,3.09005,3.39245,0,0.578903,4.47552,94.6039,98.274,1.11643,0,0,2.36598,2.06358,0,1.82752,3.38688
52.323,85.139,0.949539,0.31,0.06,3.09096,3.39336,0,0.579075,4.47552,93.8977,98.274,1.38573,0,0,2.36653,2.06413,0,1.82795,3.38688
51.3511,85.139,1.86145,0.31,0.06,3.00419,3.30659,0,0.579246,4.47552,92.7128,98.274,1.48831,0,0,2.27209,1.96969,0,1.82838,3.38688
49.7993,85.139,1.26484,0.33,0.06,3.00509,3.30749,0,0.562986,4.47552,92.258,98.274,0.911816,0,0,2.27262,1.97022,0,1.75542,3.38688
48.8816,85.139,1.90718,0.37,0.06,3.00598,3.30838,0,0.563153,4.47552,91.9434,98.274,2.43527,0,0,2.27316,1.97076,0,1.75583,3.38688
50.5559,85.139,4.63596,0.38,0.06,3.00687,3.30927,0,0.56332,4.47552,92.3172,98.274,4.18851,0,0,2.27369,1.97129,0,1.75624,3.38688
54.6003,85.139,6.90427,0.39,0.06,2.75847,3.06087,0,0.563487,4.47552,92.5445,98.274,3.71906,0,0,2.07616,1.77376,0,1.75665,3.38688
57.4045,85.139,5.76511,0.37,0.06,2.75929,3.06169,0,0.516937,4.47552,92.9745,98.274,4.43079,0,0,2.07663,1.77423,0,1.60404,3.38688
59.0784,85.139,4.65737,0.35,0.06,2.76012,3.06252,0,0.517091,4.47552,93.2289,98.274,3.95699,0,0,2.07711,1.77471,0,1.60441,3.38688
61.1679,85.139,5.14768,0.36,0.06,2.76094,3.06334,0,0.517246,4.47552,93.4091,98.274,3.74114,0,0,2.07759,1.77519,0,1.60478,3.38688
62.9168,85.139,4.81175,0.41,0.06,2.76177,3.06417,0,0.517401,4.47552,93.6147,98.274,3.92067,0,0,2.07807,1.77567,0,1.60515,3.38688
66.2551,85.139,6.63296,0.4,0.08,2.85859,3.16099,0,0.517555,4.47552,93.8945,98.274,4.96259,0,0,2.13596,1.83356,0,1.60552,3.38688
69.3446,85.139,6.43407,0.41,0.08,2.8594,3.1618,0,0.535699,4.47552,94.0673,98.274,4.08324,0,0,2.13644,1.83404,0,1.65025,3.38688
72.2962,85.139,6.24741,0.34,0.08,2.86022,3.16262,0,0.535852,4.47552,94.1073,98.274,4.22496,0,0,2.13691,1.83451,0,1.65061,3.38688
75.2246,85.139,6.28137,0.35,0.08,2.86103,3.16343,0,0.536005,4.47552,94.4725,98.274,5.59052,0,0,2.13738,1.83498,0,1.65098,3.38688
77.982,85.139,6.48472,0.33,0.08,3.17048,3.47288,0,0.536158,4.47552,94.4146,98.274,3.06681,0,0,2.35367,2.05127,0,1.65134,3.38688
80.5027,85.139,6.32415,0.34,0.08,3.17138,3.47378,0,0.594149,4.47552,94.4989,98.274,3.47259,0,0,2.35419,2.05179,0,1.81844,3.38688
82.3558,85.139,5.68126,0.31,0.08,3.17227,3.47467,0,0.594316,4.47552,94.5051,98.274,3.08505,0,0,2.35472,2.05232,0,1.81885,3.38688
85.139,85.139,8.87183,0.31,0.08,3.17317,3.47557,0,0.594484,4.47552,95.9525,98.274,9.7444,0,0,2.35525,2.05285,0,1.81926,3.38688
85.139,85.139,7.38563,0.23,0.08,2.7334,3.0358,0,0.594652,4.47552,97.5771,98.274,7.17574,0,0,2.06586,1.76346,0,1.81967,3.38688
85.139,85.139,5.46993,0.27,0.08,2.73418,3.03658,0,0.512239,4.47552,98.1703,98.274,4.35306,0,0,2.06632,1.76392,0,1.59608,3.38688
85.139,85.139,4.42349,0.27,0.08,2.73496,3.03736,0,0.512386,4.47552,98.2924,98.274,3.11673,0,0,2.06677,1.76437,0,1.59644,3.38688
84.9658,85.139,3.09265,0.29,0.08,2.73575,3.03815,0,0.512532,4.47552,98.2661,98.274,2.46746,0,0,2.06723,1.76483,0,1.59679,3.38688
85.139,85.139,4.08352,0.36,0.08,2.73653,3.03893,0,0.512679,4.47552,98.3317,98.274,2.69323,0,0,2.06768,1.76528,0,1.59714,3.38688
85.139,85.139,4.52745,0.32,0.08,2.84838,3.15078,0,0.512826,4.47552,98.1238,98.274,2.97366,0,0,2.13915,1.83675,0,1.59749,3.38688
84.8609,85.139,2.97308,0.34,0.08,2.84919,3.15159,0,0.533786,4.47552,98.1514,98.274,2.11781,0,0,2.13962,1.83722,0,1.65271,3.38688
85.139,85.139,4.04035,0.42,0.08,2.85,3.1524,0,0.533938,4.47552,98.4091,98.274,4.14615,0,0,2.1401,1.8377,0,1.65307,3.38688
84.8012,85.139,2.90394,0.32,0.08,2.85081,3.15321,0,0.53409,4.47552,98.3281,98.274,2.3371,0,0,2.14057,1.83817,0,1.65344,3.38688
84.2802,85.139,2.69848,0.42,0.08,2.80815,3.11055,0,0.534242,4.47552,97.9494,98.274,2.22083,0,0,2.11343,1.81103,0,1.6538,3.38688
83.5883,85.139,2.44517,0.42,0.08,2.80895,3.11135,0,0.526248,4.47552,97.6725,98.274,1.97971,0,0,2.1139,1.8115,0,1.63284,3.38688
82.862,85.139,2.37337,0.4,0.08,2.80975,3.11215,0,0.526398,4.47552,97.2234,98.274,2.13279,0,0,2.11437,1.81197,0,1.6332,3.38688
81.9844,85.139,2.20492,0.39,0.08,2.81056,3.11296,0,0.526548,4.47552,96.7908,98.274,1.94674,0,0,2.11483,1.81243,0,1.63356,3.38688
81.0002,85.139,2.21638,0.37,0.08,2.95906,3.26146,0,0.526698,4.47552,96.2673,98.274,1.991,0,0,2.21331,1.91091,0,1.63392,3.38688
79.8926,85.139,2.06901,0.33,0.08,2.9599,3.2623,0,0.554529,4.47552,95.7018,98.274,1.82914,0,0,2.2138,1.9114,0,1.71001,3.38688
78.5672,85.139,1.81594,0.27,0.08,2.96074,3.26314,0,0.554686,4.47552,95.0329,98.274,1.70962,0,0,2.2143,1.9119,0,1.71039,3.38688
77.1937,85.139,1.7143,0.38,0.08,2.96158,3.26398,0,0.554843,4.47552,94.4641,98.274,1.6332,0,0,2.21479,1.91239,0,1.71077,3.38688
75.72,85.139,1.60229,0.35,0.08,2.96242,3.26482,0,0.555,4.47552,94.0308,98.274,1.75896,0,0,2.21528,1.91288,0,1.71115,3.38688
74.2171,85.139,1.5065,0.3,0.08,2.93401,3.23641,0,0.555158,4.47552,93.5644,98.274,2.19717,0,0,2.26971,1.96731,0,1.71153,3.38688
72.6592,85.139,1.42879,0.26,0.08,2.93484,3.23724,0,0.549834,4.47552,93.0793,98.274,2.12487,0,0,2.27022,1.96782,0,1.75358,3.38688
71.021,85.139,1.33039,0.33,0.08,2.93568,3.23808,0,0.54999,4.47552,92.5362,98.274,1.99344,0,0,2.27072,1.96832,0,1.75397,3.38688
69.328,85.139,1.25874,0.28,0.08,2.93651,3.23891,0,0.550146,4.47552,91.6923,98.274,1.87917,0,0,2.27123,1.96883,0,1.75436,3.38688
67.4447,85.139,1.08249,0.25,0.08,3.01295,3.31535,0,0.550302,4.47552,90.782,98.274,1.46894,0,0,2.31986,2.01746,0,1.75475,3.38688
65.5378,85.139,1.03362,0.33,0.08,3.0138,3.3162,0,0.564627,4.47552,89.817,98.274,1.43875,0,0,2.32038,2.01798,0,1.79232,3.38688
63.5223,85.139,0.903995,0.29,0.08,3.01466,3.31706,0,0.564787,4.47552,88.8149,98.274,1.33201,0,0,2.32089,2.01849,0,1.79272,3.38688
61.4597,85.139,0.833842,0.28,0.08,3.01551,3.31791,0,0.564947,4.47552,87.8834,98.274,1.27783,0,0,2.32141,2.01901,0,1.79312,3.38688
59.1214,85.139,0.681464,0.33,0.08,3.23801,3.54041,0,0.565106,4.47552,86.8616,98.274,1.2911,0,0,2.49581,2.19341,0,1.79352,3.38688
56.7056,85.139,0.561722,0.32,0.08,3.23892,3.54132,0,0.606802,4.47552,85.8367,98.274,1.23166,0,0,2.49637,2.19397,0,1.92826,3.38688
54.3646,85.139,0.604349,0.39,0.08,3.23983,3.54223,0,0.606973,4.47552,85.0005,98.274,1.24694,0,0,2.49693,2.19453,0,1.92869,3.38688
52.3501,85.139,0.93645,0.37,0.08,3.24074,3.54314,0,0.607143,4.47552,84.3393,98.274,1.48146,0,0,2.4975,2.1951,0,1.92913,3.38688
50.6815,85.139,1.27146,0.34,0.08,3.24165,3.54405,0,0.607314,4.47552,83.7771,98.274,1.74268,0,0,2.49806,2.19566,0,1.92957,3.38688
48.5275,85.139,0.655753,0.39,0.08,3.1344,3.4368,0,0.607485,4.47552,83.0249,98.274,1.80824,0,0,2.39295,2.09055,0,1.93,3.38688
46.3666,85.139,0.586045,0.37,0.08,3.13528,3.43768,0,0.587386,4.47552,82.4532,98.274,1.46036,0,0,2.39349,2.09109,0,1.8488,3.38688
45.0578,85.139,1.50474,0.36,0.08,3.13616,3.43856,0,0.587551,4.47552,82.1112,98.274,3.52752,0,0,2.39403,2.09163,0,1.84921,3.38688
43.3431,85.139,1.15018,0.44,0.08,3.13704,3.43944,0,0.587717,4.47552,81.6344,98.274,2.04304,0,0,2.39457,2.09217,0,1.84963,3.38688
41.841,85.139,1.30425,0.45,0.08,3.04906,3.35146,0,0.587882,4.47552,81.1015,98.274,2.10786,0,0,2.29882,1.99642,0,1.85004,3.38688
40.5227,85.139,1.48108,0.45,0.08,3.04992,3.35232,0,0.571393,4.47552,80.6219,98.274,2.09331,0,0,2.29933,1.99693,0,1.77607,3.38688
39.9836,85.139,2.29093,0.49,0.08,3.05078,3.35318,0,0.571554,4.47552,80.2165,98.274,2.57932,0,0,2.29984,1.99744,0,1.77646,3.38688
42.528,85.139,5.53792,0.51,0.08,3.05164,3.35404,0,0.571715,4.47552,80.5112,98.274,6.37355,0,0,2.30036,1.99796,0,1.77686,3.38688
43.0198,85.139,3.09741,0.52,0.08,2.79984,3.10224,0,0.571877,4.47552,80.4905,98.274,4.26074,0,0,2.10013,1.79773,0,1.77725,3.38688
44.2143,85.139,3.86328,0.53,0.08,2.80063,3.10303,0,0.524689,4.47552,80.5387,98.274,4.66289,0,0,2.10059,1.79819,0,1.62256,3.38688
45.9143,85.139,4.42645,0.57,0.08,2.80143,3.10383,0,0.524838,4.47552,80.6509,98.274,4.60603,0,0,2.10105,1.79865,0,1.62292,3.38688
48.8175,85.139,5.77941,0.52,0.08,2.80222,3.10462,0,0.524988,4.47552,80.8559,98.274,4.70376,0,0,2.10151,1.79911,0,1.62327,3.38688
50.4995,85.139,4.55727,0.54,0.08,2.80302,3.10542,0,0.525137,4.47552,81.0555,98.274,4.14465,0,0,2.10197,1.79957,0,1.62363,3.38688
53.0745,85.139,5.52453,0.56,0.08,2.9011,3.2035,0,0.525286,4.47552,81.732,98.274,5.10257,0,0,2.16062,1.85822,0,1.62399,3.38688
53.5787,85.139,3.43535,0.54,0.08,2.90189,3.20429,0,0.543667,4.47552,81.6968,98.274,3.1175,0,0,2.16108,1.85868,0,1.6693,3.38688
53.3477,85.139,2.70226,0.58,0.08,2.90267,3.20507,0,0.543814,4.47552,81.5921,98.274,2.74583,0,0,2.16154,1.85914,0,1.66965,3.38688
54.063,85.139,3.80105,0.6,0.08,2.90346,3.20586,0,0.543961,4.47552,82.2274,98.274,5.17664,0,0,2.16199,1.85959,0,1.67,3.38688
54.37,85.139,3.57662,0.6,0.08,3.21701,3.51941,0,0.544108,4.47552,82.4332,98.274,4.14972,0,0,2.38115,2.07875,0,1.67035,3.38688
54.5115,85.139,3.42708,0.6,0.08,3.21788,3.52028,0,0.602868,4.47552,82.448,98.274,3.30258,0,0,2.38166,2.07926,0,1.83968,3.38688
54.0508,85.139,2.76415,0.62,0.08,3.21874,3.52114,0,0.60303,4.47552,82.4809,98.274,2.93995,0,0,2.38217,2.07977,0,1.84007,3.38688
55.4521,85.139,4.75641,0.63,0.08,3.2196,3.522,0,0.603191,4.47552,82.9634,98.274,4.56425,0,0,2.38268,2.08028,0,1.84046,3.38688
56.8808,85.139,4.45861,0.65,0.08,2.77392,3.07632,0,0.603353,4.47552,83.6869,98.274,4.39449,0,0,2.0894,1.787,0,1.84086,3.38688
58.939,85.139,5.13224,0.63,0.08,2.77467,3.07707,0,0.519832,4.47552,84.9906,98.274,6.28756,0,0,2.08984,1.78744,0,1.61427,3.38688
61.3134,85.139,5.49679,0.66,0.08,2.77542,3.07782,0,0.519973,4.47552,86.3669,98.274,5.87388,0,0,2.09027,1.78787,0,1.61461,3.38688
63.0797,85.139,4.87585,0.7,0.08,2.77618,3.07858,0,0.520114,4.47552,87.5619,98.274,5.63147,0,0,2.09071,1.78831,0,1.61494,3.38688
65.8507,85.139,5.98346,0.69,0.08,2.77693,3.07933,0,0.520256,4.47552,88.7283,98.274,5.52431,0,0,2.09115,1.78875,0,1.61528,3.38688
66.5698,85.139,3.96555,0.7,0.08,2.89022,3.19262,0,0.520397,4.47552,89.3417,98.274,4.42672,0,0,2.16355,1.86115,0,1.61562,3.38688
66.2684,85.139,2.84086,0.71,0.08,2.89101,3.19341,0,0.541628,4.47552,89.6208,98.274,3.32092,0,0,2.164,1.8616,0,1.67156,3.38688
65.5891,85.139,2.44192,0.73,0.08,2.89179,3.19419,0,0.541775,4.47552,89.7481,98.274,2.98338,0,0,2.16446,1.86206,0,1.67191,3.38688
65.1251,85.139,2.60735,0.74,0.08,2.89257,3.19497,0,0.541921,4.47552,89.6578,98.274,2.87876,0,0,2.16491,1.86251,0,1.67226,3.38688
64.2578,85.139,2.14409,0.75,0.08,2.84931,3.15171,0,0.542068,4.47552,89.3835,98.274,2.32033,0,0,2.13739,1.83499,0,1.67261,3.38688
63.213,85.139,1.94803,0.74,0.08,2.85008,3.15248,0,0.53396,4.47552,89.0653,98.274,2.26365,0,0,2.13784,1.83544,0,1.65135,3.38688
62.3376,85.139,2.11058,0.77,0.08,2.85085,3.15325,0,0.534104,4.47552,88.7169,98.274,2.029,0,0,2.13829,1.83589,0,1.6517,3.38688
61.3139,85.139,1.90503,0.82,0.08,2.85162,3.15402,0,0.534249,4.47552,88.3343,98.274,2.01572,0,0,2.13874,1.83634,0,1.65204,3.38688
60.0106,85.139,1.66922,0.81,0.08,3.00204,3.30444,0,0.534394,4.47552,87.9356,98.274,2.0255,0,0,2.2385,1.9361,0,1.65239,3.38688
58.7272,85.139,1.70205,0.8,0.08,3.00285,3.30525,0,0.562583,4.47552,87.5601,98.274,2.06744,0,0,2.23897,1.93657,0,1.72946,3.38688
57.2744,85.139,1.49394,0.8,0.08,3.00366,3.30606,0,0.562735,4.47552,87.0727,98.274,1.93596,0,0,2.23944,1.93704,0,1.72983,3.38688
55.7927,85.139,1.41018,0.79,0.08,3.00447,3.30687,0,0.562886,4.47552,86.5727,98.274,1.85063,0,0,2.23992,1.93752,0,1.73019,3.38688
54.3231,85.139,1.40176,0.84,0.08,3.00528,3.30768,0,0.563038,4.47552,86.3194,98.274,1.84807,0,0,2.24039,1.93799,0,1.73056,3.38688
53.1809,85.139,1.6835,0.82,0.08,2.97646,3.27886,0,0.563189,4.47552,86.01,98.274,2.2903,0,0,2.29551,1.99311,0,1.73093,3.38688
51.9085,85.139,1.5347,0.82,0.08,2.97726,3.27966,0,0.557788,4.47552,85.6622,98.274,2.09904,0,0,2.296,1.9936,0,1.77351,3.38688
50.5403,85.139,1.4019,0.78,0.08,2.97806,3.28046,0,0.557938,4.47552,85.2475,98.274,2.01205,0,0,2.29649,1.99409,0,1.77389,3.38688
49.1361,85.139,1.31876,0.85,0.08,2.97886,3.28126,0,0.558088,4.47552,84.7814,98.274,1.94566,0,0,2.29697,1.99457,0,1.77426,3.38688
47.8081,85.139,1.43238,0.82,0.08,3.05626,3.35866,0,0.558238,4.47552,84.414,98.274,2.17499,0,0,2.34621,2.04381,0,1.77464,3.38688
46.4984,85.139,1.42471,0.79,0.08,3.05708,3.35948,0,0.572743,4.47552,83.9938,98.274,2.22093,0,0,2.34671,2.04431,0,1.81268,3.38688
45.1259,85.139,1.33044,0.7,0.08,3.0579,3.3603,0,0.572897,4.47552,83.5297,98.274,2.09171,0,0,2.34721,2.04481,0,1.81307,3.38688
43.6524,85.139,1.22112,0.82,0.08,3.05872,3.36112,0,0.573051,4.47552,83.067,98.274,1.96922,0,0,2.34771,2.04531,0,1.81345,3.38688
42.1698,85.139,1.43095,0.74,0.08,3.28407,3.58647,0,0.573204,4.47552,82.72,98.274,2.57579,0,0,2.52434,2.22194,0,1.81384,3.38688
40.6547,85.139,1.40352,0.66,0.08,3.28495,3.58735,0,0.615435,4.47552,82.4017,98.274,2.51549,0,0,2.52489,2.22249,0,1.95031,3.38688
38.9041,85.139,1.18428,0.63,0.08,3.28582,3.58822,0,0.615599,4.47552,82.007,98.274,2.21722,0,0,2.52543,2.22303,0,1.95073,3.38688
37.2706,85.139,1.28903,0.68,0.08,3.2867,3.5891,0,0.615763,4.47552,81.8068,98.274,2.90748,0,0,2.52597,2.22357,0,1.95115,3.38688
35.5491,85.139,1.19943,0.65,0.08,3.28758,3.58998,0,0.615928,4.47552,81.4795,98.274,2.65821,0,0,2.52652,2.22412,0,1.95157,3.38688
34.4068,85.139,1.71599,0.58,0.08,3.17889,3.48129,0,0.616092,4.47552,81.3078,98.274,2.40255,0,0,2.42002,2.11762,0,1.95199,3.38688
33.5124,85.139,1.9845,0.55,0.08,3.17974,3.48214,0,0.595724,4.47552,81.6479,98.274,3.9928,0,0,2.42054,2.11814,0,1.86971,3.38688
32.5495,85.139,1.91136,0.65,0.08,3.18059,3.48299,0,0.595884,4.47552,81.8934,98.274,3.76191,0,0,2.42105,2.11865,0,1.87011,3.38688
31.5574,85.139,1.87965,0.62,0.08,3.18144,3.48384,0,0.596043,4.47552,82.2902,98.274,4.43201,0,0,2.42157,2.11917,0,1.87051,3.38688
31.6634,85.139,2.98947,0.64,0.08,3.09227,3.39467,0,0.596202,4.47552,82.7493,98.274,5.14825,0,0,2.32456,2.02216,0,1.87091,3.38688
32.1277,85.139,3.34317,0.63,0.08,3.0931,3.3955,0,0.579492,4.47552,82.9302,98.274,4.53588,0,0,2.32506,2.02266,0,1.79596,3.38688
33.6467,85.139,4.46886,0.64,0.08,3.09393,3.39633,0,0.579648,4.47552,83.2889,98.274,4.86754,0,0,2.32555,2.02315,0,1.79634,3.38688
36.5635,85.139,5.88563,0.64,0.08,3.09476,3.39716,0,0.579803,4.47552,84.0509,98.274,5.99137,0,0,2.32604,2.02364,0,1.79672,3.38688
38.4425,85.139,4.68449,0.57,0.08,2.83968,3.14208,0,0.579958,4.47552,85.5133,98.274,6.46322,0,0,2.12322,1.82082,0,1.7971,3.38688
38.8025,85.139,3.1217,0.59,0.08,2.84045,3.14285,0,0.532156,4.47552,86.423,98.274,5.46318,0,0,2.12366,1.82126,0,1.6404,3.38688
41.7236,85.139,5.77699,0.62,0.08,2.84122,3.14362,0,0.5323,4.47552,88.8537,98.274,8.56006,0,0,2.12411,1.82171,0,1.64074,3.38688
43.1314,85.139,4.15638,0.58,0.08,2.84198,3.14438,0,0.532444,4.47552,89.4136,98.274,4.80499,0,0,2.12455,1.82215,0,1.64109,3.38688
43.9039,85.139,3.65517,0.61,0.08,2.84275,3.14515,0,0.532587,4.47552,89.5463,98.274,4.0037,0,0,2.125,1.8226,0,1.64143,3.38688
48.7291,85.139,7.77719,0.63,1,2.94204,3.24444,0,0.532731,4.47552,91.231,98.274,8.89918,0,0,2.18437,1.88197,0,1.64177,3.38688
52.4164,85.139,6.74333,0.62,1,2.9428,3.2452,0,0.551339,4.47552,92.5665,98.274,7.59191,0,0,2.18481,1.88241,0,1.68765,3.38688
54.1724,85.139,4.79175,0.6,1,2.94355,3.24595,0,0.55148,4.47552,93.6399,98.274,6.61872,0,0,2.18525,1.88285,0,1.68798,3.38688
55.5436,85.139,4.51832,0.6,1,2.94431,3.24671,0,0.551622,4.47552,94.6949,98.274,6.62118,0,0,2.18569,1.88329,0,1.68832,3.38688
60.4018,85.139,8.9573,0.61,1,3.26181,3.56421,0,0.551763,4.47552,97.1298,98.274,11.3359,0,0,2.40761,2.10521,0,1.68866,3.38688
62.5191,85.139,5.69458,0.59,1,3.26264,3.56504,0,0.611263,4.47552,97.9669,98.274,6.15705,0,0,2.4081,2.1057,0,1.86012,3.38688
64.946,85.139,5.98468,0.52,1,3.26347,3.56587,0,0.611418,4.47552,98.7855,98.274,5.84389,0,0,2.40859,2.10619,0,1.8605,3.38688
66.8804,85.139,5.51937,0.53,1,3.26429,3.56669,0,0.611574,4.47552,99.3022,98.274,5.55857,0,0,2.40908,2.10668,0,1.86087,3.38688
68.5346,85.139,4.83055,0.57,1,2.81292,3.11532,0,0.611729,4.47552,99.3022,98.274,4.87935,0,0,2.11205,1.80965,0,1.86125,3.38688
69.3486,85.139,3.91125,0.5,1,2.81364,3.11604,0,0.52714,4.47552,99.3022,98.274,3.9167,0,0,2.11247,1.81007,0,1.63177,3.38688
71.5021,85.139,5.33731,0.56,1,2.81436,3.11676,0,0.527276,4.47552,99.3022,98.274,4.82202,0,0,2.11289,1.81049,0,1.6321,3.38688
74.0847,85.139,5.95422,0.59,1,2.81509,3.11749,0,0.527412,4.47552,99.3022,98.274,6.83927,0,0,2.11331,1.81091,0,1.63242,3.38688
76.2255,85.139,5.40506,0.55,1,2.81581,3.11821,0,0.527547,4.47552,99.3022,98.274,4.44421,0,0,2.11373,1.81133,0,1.63275,3.38688
77.6519,85.139,4.80072,0.6,1,2.93049,3.23289,0,0.527683,4.47552,99.3022,98.274,4.40339,0,0,2.18702,1.88462,0,1.63307,3.38688
77.8196,85.139,3.4495,0.63,1,2.93124,3.23364,0,0.549174,4.47552,99.2675,98.274,3.34449,0,0,2.18746,1.88506,0,1.68969,3.38688
77.5154,85.139,2.96103,0.64,1,2.93199,3.23439,0,0.549315,4.47552,99.176,98.274,3.01929,0,0,2.18789,1.88549,0,1.69003,3.38688
77.4633,85.139,3.1609,0.63,1,2.93274,3.23514,0,0.549455,4.47552,99.2446,98.274,2.91746,0,0,2.18833,1.88593,0,1.69037,3.38688
77.7946,85.139,3.54667,0.61,1,2.8889,3.1913,0,0.549596,4.47552,99.3022,98.274,3.6772,0,0,2.16044,1.85804,0,1.69071,3.38688
77.6888,85.139,3.13483,0.62,1,2.88964,3.19204,0,0.541379,4.47552,99.3022,98.274,3.48849,0,0,2.16087,1.85847,0,1.66916,3.38688
77.3635,85.139,2.84066,0.61,1,2.89038,3.19278,0,0.541518,4.47552,99.283,98.274,3.11452,0,0,2.1613,1.8589,0,1.66949,3.38688
76.9884,85.139,2.75751,0.62,1,2.89112,3.19352,0,0.541656,4.47552,99.3022,98.274,3.36421,0,0,2.16174,1.85934,0,1.66982,3.38688
76.3724,85.139,2.63711,0.57,1,3.04338,3.34578,0,0.541795,4.47552,99.2819,98.274,3.21221,0,0,2.26272,1.96032,0,1.67016,3.38688
75.8512,85.139,2.6955,0.52,1,3.04416,3.34656,0,0.57033,4.47552,99.3022,98.274,3.45798,0,0,2.26317,1.96077,0,1.74817,3.38688
75.2307,85.139,2.57714,0.49,1,3.04493,3.34733,0,0.570475,4.47552,99.3022,98.274,3.515,0,0,2.26362,1.96122,0,1.74853,3.38688
74.5053,85.139,2.45995,0.43,1,3.04571,3.34811,0,0.570621,4.47552,99.3022,98.274,3.41071,0,0,2.26408,1.96168,0,1.74888,3.38688
73.6331,85.139,2.29963,0.39,1,3.04649,3.34889,0,0.570766,4.47552,99.3022,98.274,3.21302,0,0,2.26453,1.96213,0,1.74923,3.38688
72.6321,85.139,2.10377,0.46,1,3.01726,3.31966,0,0.570912,4.47552,99.3022,98.274,3.32088,0,0,2.32032,2.01792,0,1.74958,3.38688
71.5481,85.139,1.98803,0.39,1,3.01803,3.32043,0,0.565435,4.47552,99.3022,98.274,3.2095,0,0,2.32078,2.01838,0,1.79268,3.38688
70.3781,85.139,1.88325,0.38,1,3.0188,3.3212,0,0.565579,4.47552,99.3022,98.274,3.03693,0,0,2.32125,2.01885,0,1.79304,3.38688
69.0864,85.139,1.7473,0.32,1,3.01957,3.32197,0,0.565723,4.47552,99.2824,98.274,2.82471,0,0,2.32172,2.01932,0,1.7934,3.38688
67.6843,85.139,1.66818,0.3,1,3.09789,3.40029,0,0.565867,4.47552,99.1897,98.274,2.5173,0,0,2.37154,2.06914,0,1.79376,3.38688
66.3265,85.139,1.71607,0.36,1,3.09867,3.40107,0,0.580544,4.47552,99.0762,98.274,2.62944,0,0,2.37202,2.06962,0,1.83225,3.38688
64.8728,85.139,1.58577,0.33,1,3.09946,3.40186,0,0.580692,4.47552,98.7853,98.274,2.48163,0,0,2.3725,2.0701,0,1.83262,3.38688
63.2974,85.139,1.44322,0.32,1,3.10025,3.40265,0,0.580839,4.47552,98.5258,98.274,2.18973,0,0,2.37298,2.07058,0,1.83299,3.38688
61.74,85.139,1.62424,0.31,1,3.32834,3.63074,0,0.580987,4.47552,98.2395,98.274,2.80211,0,0,2.55177,2.24937,0,1.83336,3.38688
60.1254,85.139,1.56909,0.36,1,3.32918,3.63158,0,0.623731,4.47552,97.9512,98.274,2.06619,0,0,2.55229,2.24989,0,1.9715,3.38688
58.6268,85.139,1.68831,0.35,1,3.33002,3.63242,0,0.623888,4.47552,97.5115,98.274,2.51436,0,0,2.55281,2.25041,0,1.9719,3.38688
56.8669,85.139,1.39897,0.33,1,3.33086,3.63326,0,0.624046,4.47552,97.1499,98.274,1.79785,0,0,2.55333,2.25093,0,1.9723,3.38688
55.4512,85.139,1.71674,0.32,1,3.3317,3.6341,0,0.624204,4.47552,97.2588,98.274,3.29603,0,0,2.55385,2.25145,0,1.9727,3.38688
53.9962,85.139,1.58827,0.36,1,3.22164,3.52404,0,0.624361,4.47552,97.4966,98.274,4.00342,0,0,2.44602,2.14362,0,1.97311,3.38688
52.72,85.139,1.763,0.34,1,3.22245,3.52485,0,0.603735,4.47552,97.983,98.274,4.52349,0,0,2.44652,2.14412,0,1.8898,3.38688
51.4945,85.139,1.82367,0.35,1,3.22327,3.52567,0,0.603888,4.47552,98.5009,98.274,4.7694,0,0,2.44702,2.14462,0,1.89018,3.38688
50.4684,85.139,2.14293,0.36,1,3.22409,3.52649,0,0.604041,4.47552,99.3022,98.274,6.26871,0,0,2.44751,2.14511,0,1.89056,3.38688
49.5249,85.139,2.14603,0.42,1,3.13378,3.43618,0,0.604194,4.47552,99.3022,98.274,5.91102,0,0,2.34929,2.04689,0,1.89095,3.38688
49.6873,85.139,3.39621,0.44,1,3.13458,3.43698,0,0.587271,4.47552,99.3022,98.274,13.0692,0,0,2.34976,2.04736,0,1.81506,3.38688
51.0164,85.139,4.61087,0.45,1,3.13537,3.43777,0,0.58742,4.47552,99.3022,98.274,10.1873,0,0,2.35024,2.04784,0,1.81543,3.38688
52.9201,85.139,5.21997,0.47,1,3.13617,3.43857,0,0.587569,4.47552,99.3022,98.274,10.5725,0,0,2.35071,2.04831,0,1.81579,3.38688
54.6507,85.139,4.89567,0.42,1,2.87794,3.18034,0,0.587718,4.47552,99.3022,98.274,11.1836,0,0,2.14539,1.84299,0,1.81616,3.38688
57.0023,85.139,5.4158,0.44,1,2.87868,3.18108,0,0.539326,4.47552,99.3022,98.274,10.445,0,0,2.14582,1.84342,0,1.65753,3.38688
58.2343,85.139,4.36102,0.4,1,2.87941,3.18181,0,0.539464,4.47552,99.3022,98.274,9.65428,0,0,2.14624,1.84384,0,1.65786,3.38688
60.1768,85.139,5.29015,0.43,1,2.88015,3.18255,0,0.539602,4.47552,99.3022,98.274,12.2916,0,0,2.14667,1.84427,0,1.65819,3.38688
60.9926,85.139,4.03487,0.48,1,2.88088,3.18328,0,0.53974,4.47552,99.3022,98.274,4.88077,0,0,2.1471,1.8447,0,1.65852,3.38688
62.6985,85.139,5.25882,0.51,1,2.98134,3.28374,0,0.539878,4.47552,99.3022,98.274,5.50527,0,0,2.20717,1.90477,0,1.65885,3.38688
70.8209,85.139,11.8494,0.49,1,2.98206,3.28446,0,0.558704,4.47552,99.3022,98.274,13.8781,0,0,2.20759,1.90519,0,1.70526,3.38688
74.5132,85.139,7.39349,0.41,1,2.98279,3.28519,0,0.558839,4.47552,99.3022,98.274,7.90772,0,0,2.20801,1.90561,0,1.70558,3.38688
78.0844,85.139,7.4474,0.35,1,2.98351,3.28591,0,0.558974,4.47552,99.3022,98.274,10.0041,0,0,2.20842,1.90602,0,1.7059,3.38688
80.9788,85.139,7.01281,0.37,1,3.3048,3.6072,0,0.559109,4.47552,99.3022,98.274,8.94304,0,0,2.433,2.1306,0,1.70623,3.38688
84.2721,85.139,7.49291,0.36,1,3.30559,3.60799,0,0.619319,4.47552,99.3022,98.274,7.86436,0,0,2.43347,2.13107,0,1.87974,3.38688
85.139,85.139,6.1027,0.35,1,3.30638,3.60878,0,0.619468,4.47552,99.3022,98.274,6.47134,0,0,2.43393,2.13153,0,1.8801,3.38688
85.139,85.139,5.85813,0.29,1,3.30717,3.60957,0,0.619616,4.47552,99.3022,98.274,6.99724,0,0,2.4344,2.132,0,1.88046,3.38688
85.139,85.139,8.36742,0.29,1,2.85033,3.15273,0,0.619764,4.47552,99.3022,98.274,10.4085,0,0,2.13378,1.83138,0,1.88082,3.38688
85.139,85.139,8.17526,0.31,1,2.85102,3.15342,0,0.534152,4.47552,99.3022,98.274,10.5394,0,0,2.13419,1.83179,0,1.64856,3.38688
85.139,85.139,7.45913,0.34,1,2.85171,3.15411,0,0.534281,4.47552,99.3022,98.274,8.39235,0,0,2.13459,1.83219,0,1.64887,3.38688
85.139,85.139,8.03627,0.36,1,2.85241,3.15481,0,0.534411,4.47552,99.3022,98.274,9.42452,0,0,2.13499,1.83259,0,1.64918,3.38688
85.139,85.139,7.14741,0.37,1,2.8531,3.1555,0,0.534541,4.47552,99.3022,98.274,8.17084,0,0,2.13539,1.83299,0,1.64949,3.38688
85.139,85.139,6.37319,0.39,1,2.96911,3.27151,0,0.534671,4.47552,99.3022,98.274,7.87154,0,0,2.20953,1.90713,0,1.6498,3.38688
85.139,85.139,6.29197,0.41,1,2.96983,3.27223,0,0.556411,4.47552,99.3022,98.274,8.60271,0,0,2.20995,1.90755,0,1.70708,3.38688
85.139,85.139,8.92531,0.42,1,2.97055,3.27295,0,0.556546,4.47552,99.3022,98.274,11.4791,0,0,2.21037,1.90797,0,1.70741,3.38688
85.139,85.139,6.40803,0.43,1,2.97126,3.27366,0,0.55668,4.47552,99.3022,98.274,8.60442,0,0,2.21079,1.90839,0,1.70773,3.38688
85.139,85.139,6.74819,0.4,1,2.92685,3.22925,0,0.556815,4.47552,99.3022,98.274,7.46602,0,0,2.18254,1.88014,0,1.70805,3.38688
85.139,85.139,5.41731,0.38,1,2.92756,3.22996,0,0.548492,4.47552,99.3022,98.274,6.09054,0,0,2.18295,1.88055,0,1.68623,3.38688
85.139,85.139,4.68661,0.37,1,2.92827,3.23067,0,0.548625,4.47552,99.3022,98.274,5.2898,0,0,2.18337,1.88097,0,1.68655,3.38688
85.139,85.139,3.81326,0.37,1,2.92898,3.23138,0,0.548758,4.47552,99.3022,98.274,4.57063,0,0,2.18378,1.88138,0,1.68687,3.38688
85.139,85.139,3.41102,0.32,1,3.08301,3.38541,0,0.54889,4.47552,99.3022,98.274,4.17574,0,0,2.28593,1.98353,0,1.68719,3.38688
85.139,85.139,3.93044,0.28,1,3.08375,3.38615,0,0.577755,4.47552,99.3022,98.274,4.06093,0,0,2.28637,1.98397,0,1.76611,3.38688
85.139,85.139,3.68783,0.27,1,3.08449,3.38689,0,0.577894,4.47552,99.3022,98.274,4.24444,0,0,2.2868,1.9844,0,1.76645,3.38688
85.139,85.139,3.52767,0.25,1,3.08523,3.38763,0,0.578033,4.47552,99.3022,98.274,4.0936,0,0,2.28724,1.98484,0,1.76678,3.38688
85.104,85.139,3.32666,0.23,1,3.08598,3.38838,0,0.578173,4.47552,99.3022,98.274,3.8888,0,0,2.28767,1.98527,0,1.76712,3.38688
84.1459,85.139,2.30278,0.26,1,3.05636,3.35876,0,0.578312,4.47552,99.1437,98.274,2.69178,0,0,2.34408,2.04168,0,1.76745,3.38688
82.9975,85.139,2.08681,0.25,1,3.0571,3.3595,0,0.572762,4.47552,98.9383,98.274,2.62355,0,0,2.34453,2.04213,0,1.81104,3.38688
81.8104,85.139,2.03214,0.22,1,3.05784,3.36024,0,0.5729,4.47552,98.6881,98.274,2.58421,0,0,2.34498,2.04258,0,1.81139,3.38688
80.5242,85.139,1.89506,0.21,1,3.05857,3.36097,0,0.573038,4.47552,98.3854,98.274,2.47074,0,0,2.34543,2.04303,0,1.81173,3.38688
78.9041,85.139,1.5904,0.2,1,3.13776,3.44016,0,0.573176,4.47552,98.0184,98.274,2.31212,0,0,2.39581,2.09341,0,1.81208,3.38688
77.3892,85.139,1.70391,0.22,1,3.13852,3.44092,0,0.588017,4.47552,97.8167,98.274,2.69742,0,0,2.39627,2.09387,0,1.851,3.38688
75.7603,85.139,1.55504,0.22,1,3.13927,3.44167,0,0.588158,4.47552,97.4952,98.274,2.66296,0,0,2.39673,2.09433,0,1.85136,3.38688
74.0215,85.139,1.42776,0.22,1,3.14002,3.44242,0,0.588299,4.47552,97.125,98.274,2.33161,0,0,2.39718,2.09478,0,1.85171,3.38688
72.1895,85.139,1.50047,0.21,1,3.37073,3.67313,0,0.588441,4.47552,96.6755,98.274,2.79916,0,0,2.57803,2.27563,0,1.85206,3.38688
70.0287,85.139,1.11603,0.26,1,3.37154,3.67394,0,0.631675,4.47552,95.9819,98.274,1.85813,0,0,2.57853,2.27613,0,1.99179,3.38688
67.7592,85.139,1.00701,0.25,1,3.37234,3.67474,0,0.631826,4.47552,95.3313,98.274,1.78127,0,0,2.57903,2.27663,0,1.99217,3.38688
65.531,85.139,1.01465,0.29,1,3.37315,3.67555,0,0.631977,4.47552,94.886,98.274,1.92082,0,0,2.57953,2.27713,0,1.99256,3.38688
63.3328,85.139,1.02419,0.29,1,3.37395,3.67635,0,0.632128,4.47552,94.4528,98.274,2.2694,0,0,2.58003,2.27763,0,1.99294,3.38688
61.2689,85.139,1.09309,0.29,1,3.26256,3.56496,0,0.632278,4.47552,94.2725,98.274,2.93021,0,0,2.47092,2.16852,0,1.99333,3.38688
59.6604,85.139,1.55272,0.31,1,3.26334,3.56574,0,0.611404,4.47552,94.7111,98.274,4.63244,0,0,2.47139,2.16899,0,1.90903,3.38688
57.9486,85.139,1.44772,0.31,1,3.26412,3.56652,0,0.61155,4.47552,94.817,98.274,3.77292,0,0,2.47186,2.16946,0,1.9094,3.38688
56.0986,85.139,1.31019,0.32,1,3.2649,3.5673,0,0.611696,4.47552,94.9137,98.274,3.70786,0,0,2.47234,2.16994,0,1.90976,3.38688
54.1636,85.139,1.19623,0.38,1,3.17351,3.47591,0,0.611843,4.47552,94.9066,98.274,3.17013,0,0,2.37295,2.07055,0,1.91013,3.38688
52.2021,85.139,1.06037,0.39,1,3.17427,3.47667,0,0.594716,4.47552,94.3909,98.274,2.35492,0,0,2.37341,2.07101,0,1.83334,3.38688
50.415,85.139,1.30427,0.4,1,3.17503,3.47743,0,0.594858,4.47552,93.9933,98.274,1.84454,0,0,2.37386,2.07146,0,1.83369,3.38688
48.6938,85.139,1.34091,0.49,1,3.17579,3.47819,0,0.595001,4.47552,93.8128,98.274,3.19709,0,0,2.37431,2.07191,0,1.83404,3.38688
49.364,85.139,3.7992,0.51,1,2.91455,3.21695,0,0.595144,4.47552,95.0035,98.274,7.1736,0,0,2.1666,1.8642,0,1.83439,3.38688
49.2847,85.139,2.92814,0.52,1,2.91525,3.21765,0,0.546186,4.47552,94.8787,98.274,3.577,0,0,2.16701,1.86461,0,1.67392,3.38688
50.2295,85.139,3.96356,0.54,1,2.91596,3.21836,0,0.546318,4.47552,94.8396,98.274,3.85624,0,0,2.16742,1.86502,0,1.67423,3.38688
51.446,85.139,4.44169,0.56,1,2.91666,3.21906,0,0.54645,4.47552,96.3665,98.274,7.61295,0,0,2.16783,1.86543,0,1.67455,3.38688
52.0778,85.139,3.62553,0.53,1,2.91736,3.21976,0,0.546582,4.47552,96.8056,98.274,4.95086,0,0,2.16824,1.86584,0,1.67486,3.38688
51.1334,85.139,2.02567,0.55,1,3.01893,3.32133,0,0.546714,4.47552,96.927,98.274,3.44614,0,0,2.22897,1.92657,0,1.67518,3.38688
49.8544,85.139,1.66412,0.57,1,3.01962,3.32202,0,0.565748,4.47552,97.4276,98.274,4.21213,0,0,2.22937,1.92697,0,1.7221,3.38688
49.3608,85.139,2.4995,0.63,1,3.02031,3.32271,0,0.565877,4.47552,97.8689,98.274,4.22528,0,0,2.22977,1.92737,0,1.72241,3.38688
48.6494,85.139,2.25111,0.63,1,3.021,3.3234,0,0.566006,4.47552,98.359,98.274,4.35177,0,0,2.23017,1.92777,0,1.72272,3.38688
47.4211,85.139,1.97621,0.65,1,3.34591,3.64831,0,0.566135,4.47552,98.6898,98.274,3.78886,0,0,2.45728,2.15488,0,1.72303,3.38688
47.2539,85.139,3.13879,0.66,1,3.34666,3.64906,0,0.627023,4.47552,99.1656,98.274,5.18701,0,0,2.45773,2.15533,0,1.89849,3.38688
47.5061,85.139,3.58174,0.67,1,3.34742,3.64982,0,0.627165,4.47552,99.3022,98.274,5.94228,0,0,2.45817,2.15577,0,1.89884,3.38688
47.8029,85.139,3.64955,0.69,1,3.34817,3.65057,0,0.627306,4.47552,99.3022,98.274,7.50953,0,0,2.45862,2.15622,0,1.89918,3.38688
48.8047,85.139,3.94904,0.72,1,2.8861,3.1885,0,0.627448,4.47552,99.3022,98.274,7.7789,0,0,2.15456,1.85216,0,1.89953,3.38688
50.5323,85.139,4.79136,0.73,1,2.88676,3.18916,0,0.540855,4.47552,99.3022,98.274,7.58875,0,0,2.15495,1.85255,0,1.66462,3.38688
52.9568,85.139,5.59203,0.77,1,2.88742,3.18982,0,0.540979,4.47552,99.3022,98.274,8.3738,0,0,2.15533,1.85293,0,1.66491,3.38688
55.8778,85.139,6.17783,0.74,1,2.88808,3.19048,0,0.541103,4.47552,99.3022,98.274,8.13162,0,0,2.15571,1.85331,0,1.66521,3.38688
58.0787,85.139,5.44393,0.79,1,2.88874,3.19114,0,0.541226,4.47552,99.3022,98.274,8.71374,0,0,2.1561,1.8537,0,1.66551,3.38688
60.633,85.139,5.9124,0.75,1,3.00602,3.30842,0,0.54135,4.47552,99.3022,98.274,9.35695,0,0,2.23105,1.92865,0,1.6658,3.38688
63.2847,85.139,6.11211,0.79,1,3.00671,3.30911,0,0.563329,4.47552,99.3022,98.274,10.7652,0,0,2.23145,1.92905,0,1.72371,3.38688
65.4783,85.139,5.67207,0.74,1,3.00739,3.30979,0,0.563457,4.47552,99.3022,98.274,10.3352,0,0,2.23185,1.92945,0,1.72402,3.38688
67.0335,85.139,4.93048,0.76,1,3.00808,3.31048,0,0.563586,4.47552,99.3022,98.274,8.1003,0,0,2.23225,1.92985,0,1.72433,3.38688
67.3251,85.139,3.54587,0.79,1,2.96313,3.26553,0,0.563714,4.47552,99.3022,98.274,5.72931,0,0,2.20366,1.90126,0,1.72464,3.38688
66.7916,85.139,2.65055,0.79,1,2.9638,3.2662,0,0.55529,4.47552,99.3022,98.274,5.29838,0,0,2.20406,1.90166,0,1.70255,3.38688
67.6977,85.139,4.14124,0.79,1,2.96448,3.26688,0,0.555417,4.47552,99.3022,98.274,6.07007,0,0,2.20445,1.90205,0,1.70285,3.38688
67.1918,85.139,2.64258,0.78,1,2.96515,3.26755,0,0.555543,4.47552,99.3022,98.274,5.20162,0,0,2.20484,1.90244,0,1.70316,3.38688
66.2561,85.139,2.30402,0.79,1,3.12086,3.42326,0,0.55567,4.47552,99.3022,98.274,4.39371,0,0,2.30811,2.00571,0,1.70346,3.38688
65.3087,85.139,2.22859,0.79,1,3.12157,3.42397,0,0.58485,4.47552,99.2944,98.274,3.87813,0,0,2.30853,2.00613,0,1.78325,3.38688
64.0915,85.139,1.94081,0.78,1,3.12228,3.42468,0,0.584983,4.47552,99.2147,98.274,3.84792,0,0,2.30894,2.00654,0,1.78357,3.38688
62.7178,85.139,1.76141,0.75,1,3.12299,3.42539,0,0.585115,4.47552,99.0305,98.274,3.43844,0,0,2.30936,2.00696,0,1.78389,3.38688
61.2804,85.139,1.65415,0.73,1,3.1237,3.4261,0,0.585248,4.47552,98.7659,98.274,3.21296,0,0,2.30977,2.00737,0,1.78421,3.38688
59.8163,85.139,1.58913,0.8,1,3.09371,3.39611,0,0.585381,4.47552,98.5519,98.274,2.90681,0,0,2.36679,2.06439,0,1.78453,3.38688
58.2317,85.139,1.45127,0.77,1,3.09442,3.39682,0,0.579762,4.47552,98.3404,98.274,2.63645,0,0,2.36722,2.06482,0,1.82858,3.38688
56.5622,85.139,1.32468,0.71,1,3.09512,3.39752,0,0.579894,4.47552,98.0742,98.274,2.52758,0,0,2.36764,2.06524,0,1.82891,3.38688
54.8646,85.139,1.24463,0.8,1,3.09582,3.39822,0,0.580025,4.47552,97.7102,98.274,2.44134,0,0,2.36807,2.06567,0,1.82924,3.38688
52.947,85.139,1.05264,0.74,1,3.17585,3.47825,0,0.580157,4.47552,97.185,98.274,2.16533,0,0,2.41898,2.11658,0,1.82957,3.38688
50.9969,85.139,0.996098,0.65,1,3.17657,3.47897,0,0.595154,4.47552,96.6548,98.274,1.93163,0,0,2.41942,2.11702,0,1.86891,3.38688
49.0155,85.139,0.919685,0.73,1,3.17728,3.47968,0,0.595288,4.47552,95.9769,98.274,1.97563,0,0,2.41986,2.11746,0,1.86924,3.38688
47.0044,85.139,0.852999,0.69,1,3.178,3.4804,0,0.595423,4.47552,95.3637,98.274,1.75138,0,0,2.42029,2.11789,0,1.86958,3.38688
44.7963,85.139,0.866599,0.64,1,3.41121,3.71361,0,0.595558,4.47552,94.7882,98.274,2.0032,0,0,2.60311,2.30071,0,1.86992,3.38688
42.356,85.139,0.629116,0.72,1,3.41198,3.71438,0,0.639261,4.47552,94.189,98.274,1.96998,0,0,2.60359,2.30119,0,2.01116,3.38688
39.8081,85.139,0.515611,0.68,1,3.41275,3.71515,0,0.639405,4.47552,93.5538,98.274,1.82266,0,0,2.60406,2.30166,0,2.01153,3.38688
37.3182,85.139,0.571259,0.62,1,3.41351,3.71591,0,0.639549,4.47552,92.9273,98.274,1.88272,0,0,2.60454,2.30214,0,2.0119,3.38688
35.1314,85.139,0.917292,0.71,1,3.41428,3.71668,0,0.639692,4.47552,92.376,98.274,2.26152,0,0,2.60501,2.30261,0,2.01227,3.38688
33.2674,85.139,1.13601,0.65,1,3.30162,3.60402,0,0.639836,4.47552,91.8458,98.274,2.09961,0,0,2.49468,2.19228,0,2.01263,3.38688
31.0874,85.139,0.816508,0.75,1,3.30237,3.60477,0,0.618724,4.47552,91.2032,98.274,2.02801,0,0,2.49513,2.19273,0,1.92739,3.38688
28.8656,85.139,0.791135,0.73,1,3.30311,3.60551,0,0.618864,4.47552,90.2766,98.274,2.23483,0,0,2.49558,2.19318,0,1.92774,3.38688
26.3574,85.139,0.477788,0.71,1,3.30386,3.60626,0,0.619003,4.47552,89.3283,98.274,1.35922,0,0,2.49604,2.19364,0,1.92809,3.38688
24.1092,85.139,0.6721,0.81,1,3.21142,3.51382,0,0.619143,4.47552,88.5626,98.274,1.58698,0,0,2.39554,2.09314,0,1.92844,3.38688
21.9543,85.139,0.807663,0.78,1,3.21215,3.51455,0,0.601821,4.47552,87.4477,98.274,1.87191,0,0,2.39597,2.09357,0,1.85079,3.38688
19.8613,85.139,0.867,0.83,1,3.21288,3.51528,0,0.601957,4.47552,86.9502,98.274,1.28063,0,0,2.3964,2.094,0,1.85113,3.38688
18.9163,85.139,2.07137,0.84,1,3.2136,3.516,0,0.602093,4.47552,86.7786,98.274,3.08015,0,0,2.39683,2.09443,0,1.85146,3.38688
18.9875,85.139,2.902,0.83,1,2.94948,3.25188,0,0.602229,4.47552,86.8932,98.274,4.98958,0,0,2.18684,1.88444,0,1.85179,3.38688
17.8974,85.139,1.68255,0.81,1,2.95015,3.25255,0,0.552732,4.47552,86.5595,98.274,3.58397,0,0,2.18723,1.88483,0,1.68956,3.38688
16.8749,85.139,1.7395,0.79,1,2.95082,3.25322,0,0.552858,4.47552,86.198,98.274,3.32782,0,0,2.18762,1.88522,0,1.68986,3.38688
15.5945,85.139,1.47736,0.89,1,2.95149,3.25389,0,0.552984,4.47552,85.8267,98.274,3.19329,0,0,2.18801,1.88561,0,1.69016,3.38688
15.1768,85.139,2.32273,0.91,1,2.95216,3.25456,0,0.553109,4.47552,85.4371,98.274,3.62935,0,0,2.1884,1.886,0,1.69046,3.38688
14.9313,85.139,2.65503,0.92,1,2.95216,3.25456,0,0.553235,4.47552,85.586,98.274,4.50395,0,0,2.1884,1.886,0,1.69076,3.38688
16.8898,85.139,4.87431,0.89,1,3.05479,3.35719,0,0.553235,4.47552,87.3342,98.274,8.43161,0,0,2.24977,1.94737,0,1.69076,3.38688
17.4806,85.139,3.71684,0.91,1,3.05544,3.35784,0,0.572467,4.47552,88.7286,98.274,8.60847,0,0,2.25015,1.94775,0,1.73817,3.38688
19.5822,85.139,5.07139,0.84,1,3.0561,3.3585,0,0.57259,4.47552,89.0954,98.274,5.39091,0,0,2.25053,1.94813,0,1.73847,3.38688
22.2938,85.139,5.82484,0.89,1,3.05675,3.35915,0,0.572712,4.47552,89.8684,98.274,6.76,0,0,2.25091,1.94851,0,1.73876,3.38688
25.3035,85.139,6.4603,0.9,1,3.38511,3.68751,0,0.572835,4.47552,92.1227,98.274,7.99371,0,0,2.48044,2.17804,0,1.73905,3.38688
28.1292,85.139,6.31168,0.83,1,3.38583,3.68823,0,0.63437,4.47552,93.7888,98.274,7.76411,0,0,2.48086,2.17846,0,1.91639,3.38688
32.8662,85.139,8.38756,0.91,1,3.38655,3.68895,0,0.634505,4.47552,95.5453,98.274,8.08432,0,0,2.48129,2.17889,0,1.91671,3.38688
36.0905,85.139,6.76281,0.86,1,3.38727,3.68967,0,0.63464,4.47552,98.3372,98.274,9.78005,0,0,2.48171,2.17931,0,1.91704,3.38688
40.6312,85.139,7.71934,0.45,1,2.92021,3.22261,0,0.634775,4.47552,99.3022,98.274,15.1629,0,0,2.17438,1.87198,0,1.91737,3.38688
44.5024,85.139,7.00634,0.44,1,2.92084,3.22324,0,0.547247,4.47552,99.3022,98.274,14.539,0,0,2.17474,1.87234,0,1.67992,3.38688
51.4262,85.139,10.2504,0.78,1,2.92147,3.22387,0,0.547365,4.47552,99.3022,98.274,17.4715,0,0,2.17511,1.87271,0,1.68021,3.38688
56.6404,85.139,8.62608,0.39,1,2.92209,3.22449,0,0.547483,4.47552,99.3022,98.274,15.8231,0,0,2.17547,1.87307,0,1.68049,3.38688
64.7157,85.139,11.96,0.83,1,2.92272,3.22512,0,0.5476,4.47552,99.3022,98.274,19.9977,0,0,2.17584,1.87344,0,1.68077,3.38688
69.8073,85.139,8.80584,0.38,1,3.04121,3.34361,0,0.547718,4.47552,99.3022,98.274,15.8617,0,0,2.25156,1.94916,0,1.68105,3.38688
78.1501,85.139,12.1348,0.37,1,3.04186,3.34426,0,0.569923,4.47552,99.3022,98.274,25.8378,0,0,2.25194,1.94954,0,1.73956,3.38688
83.3728,85.139,9.22607,0.63,1,3.04252,3.34492,0,0.570045,4.47552,99.3022,98.274,19.6743,0,0,2.25232,1.94992,0,1.73985,3.38688
85.139,85.139,7.69478,0.5,1,3.04317,3.34557,0,0.570167,4.47552,99.3022,98.274,12.7757,0,0,2.2527,1.9503,0,1.74015,3.38688
85.139,85.139,5.65968,0.27,1,2.9977,3.3001,0,0.570289,4.47552,99.3022,98.274,8.41664,0,0,2.22379,1.92139,0,1.74044,3.38688
85.139,85.139,6.18135,0.33,1,2.99834,3.30074,0,0.561769,4.47552,99.3022,98.274,9.65664,0,0,2.22416,1.92176,0,1.7181,3.38688
85.139,85.139,5.77247,0.43,1,2.99898,3.30138,0,0.561889,4.47552,99.3022,98.274,9.685,0,0,2.22454,1.92214,0,1.71839,3.38688
85.139,85.139,4.85795,0.38,1,2.99963,3.30203,0,0.56201,4.47552,99.3022,98.274,8.89404,0,0,2.22491,1.92251,0,1.71868,3.38688
85.139,85.139,4.06704,0.34,1,3.15694,3.45934,0,0.56213,4.47552,99.3022,98.274,6.28615,0,0,2.32925,2.02685,0,1.71897,3.38688
85.139,85.139,3.98793,0.32,1,3.15761,3.46001,0,0.59161,4.47552,99.3022,98.274,6.98832,0,0,2.32964,2.02724,0,1.79958,3.38688
85.139,85.139,3.77263,0.29,1,3.15829,3.46069,0,0.591737,4.47552,99.3022,98.274,5.99265,0,0,2.33004,2.02764,0,1.79988,3.38688
85.139,85.139,3.51206,0.27,1,3.15896,3.46136,0,0.591863,4.47552,99.3022,98.274,5.35757,0,0,2.33043,2.02803,0,1.80019,3.38688
85.139,85.139,3.4006,0.26,1,3.15963,3.46203,0,0.591989,4.47552,99.3022,98.274,5.12835,0,0,2.33083,2.02843,0,1.80049,3.38688
85.139,85.139,3.32528,0.25,1,3.12929,3.43169,0,0.592115,4.47552,99.3022,98.274,5.0237,0,0,2.38842,2.08602,0,1.8008,3.38688
84.9257,85.139,3.08668,0.24,1,3.12996,3.43236,0,0.58643,4.47552,99.3022,98.274,4.93473,0,0,2.38882,2.08642,0,1.84529,3.38688
84.4455,85.139,2.81348,0.25,1,3.13063,3.43303,0,0.586555,4.47552,99.3022,98.274,4.5297,0,0,2.38923,2.08683,0,1.8456,3.38688
83.6701,85.139,2.48702,0.25,1,3.1313,3.4337,0,0.58668,4.47552,99.3022,98.274,4.08847,0,0,2.38964,2.08724,0,1.84592,3.38688
82.4438,85.139,2.06475,0.24,1,3.21212,3.51452,0,0.586805,4.47552,99.2486,98.274,3.31482,0,0,2.44105,2.13865,0,1.84623,3.38688
81.1775,85.139,2.01705,0.23,1,3.2128,3.5152,0,0.601951,4.47552,99.1231,98.274,3.44962,0,0,2.44147,2.13907,0,1.88596,3.38688
79.798,85.139,1.88324,0.12,1,3.21349,3.51589,0,0.602079,4.47552,98.935,98.274,3.24765,0,0,2.44189,2.13949,0,1.88628,3.38688
78.2827,85.139,1.72845,0.12,1,3.21417,3.51657,0,0.602207,4.47552,98.7386,98.274,3.05932,0,0,2.4423,2.1399,0,1.8866,3.38688
76.5287,85.139,1.66444,0.13,1,3.44976,3.75216,0,0.602335,4.47552,98.6202,98.274,3.8418,0,0,2.62699,2.32459,0,1.88692,3.38688
74.4146,85.139,1.28146,0.13,1,3.45049,3.75289,0,0.646484,4.47552,98.3533,98.274,3.30526,0,0,2.62744,2.32504,0,2.02961,3.38688
72.1446,85.139,1.35274,0,1,3.75362,3.75362,0,0.646621,4.47552,98.0812,98.274,3.28389,0,0,2.3255,2.3255,0,2.02996,3.38688
70.771,85.139,2.02838,0.15,1,3.45195,3.75435,0,0.703428,4.47552,97.9435,98.274,3.87758,0,0,2.62835,2.32595,0,1.79668,3.38688
69.4577,85.139,2.31416,0,1,3.75508,3.75508,0,0.646895,4.47552,97.8305,98.274,3.78562,0,0,2.3264,2.3264,0,2.03066,3.38688
67.4848,85.139,1.52631,0,1,3.64121,3.64121,0,0.703701,4.47552,97.5574,98.274,3.62112,0,0,2.2149,2.2149,0,1.79738,3.38688
65.5287,85.139,1.53887,0,1,3.64192,3.64192,0,0.682363,4.47552,97.3649,98.274,3.77895,0,0,2.21533,2.21533,0,1.71123,3.38688
63.7031,85.139,1.68123,0,1,3.64263,3.64263,0,0.682496,4.47552,97.2132,98.274,4.04514,0,0,2.21576,2.21576,0,1.71156,3.38688
62.0354,85.139,1.96276,0,1,3.64334,3.64334,0,0.682628,4.47552,97.4229,98.274,5.21323,0,0,2.21619,2.21619,0,1.7119,3.38688
59.7412,85.139,1.22117,0,1,3.54991,3.54991,0,0.682761,4.47552,97.4952,98.274,3.6039,0,0,2.11463,2.11463,0,1.71223,3.38688
57.8349,85.139,1.51743,0,1,3.5506,3.5506,0,0.665253,4.47552,97.76,98.274,4.31991,0,0,2.11505,2.11505,0,1.63377,3.38688
60.2646,85.139,6.06183,0,1,3.55129,3.55129,0,0.665382,4.47552,98.9749,98.274,7.50113,0,0,2.11546,2.11546,0,1.63408,3.38688
59.9228,85.139,3.25675,0,1,3.55198,3.55198,0,0.665512,4.47552,99.3022,98.274,5.86253,0,0,2.11587,2.11587,0,1.6344,3.38688
60.9877,85.139,4.46083,0,1,3.28511,3.28511,0,0.665641,4.47552,99.3022,98.274,5.28443,0,0,1.90371,1.90371,0,1.63472,3.38688
63.1411,85.139,5.62287,0,1,3.28575,3.28575,0,0.61563,4.47552,99.3022,98.274,8.50347,0,0,1.90408,1.90408,0,1.4708,3.38688
65.3271,85.139,5.90453,0,1,3.28639,3.28639,0,0.61575,4.47552,99.3022,98.274,6.95977,0,0,1.90445,1.90445,0,1.47109,3.38688
66.7655,85.139,5.24867,0,1,3.28703,3.28703,0,0.61587,4.47552,99.3022,98.274,5.45811,0,0,1.90482,1.90482,0,1.47137,3.38688
67.5728,85.139,4.36888,0,1,3.28767,3.28767,0,0.615989,4.47552,99.3022,98.274,5.25255,0,0,1.90519,1.90519,0,1.47166,3.38688
66.6627,85.139,2.55416,0,1,3.3913,3.3913,0,0.616109,6.048,99.3022,98.274,2.98084,0,0,1.96716,1.96716,0,1.47195,3.38688
71.5516,85.139,8.50835,0,1,3.39192,3.39192,0,0.635529,6.048,99.3022,98.274,5.43196,0,0,1.96752,1.96752,0,1.51982,3.38688
76.1331,85.139,8.70344,0,1,3.39254,3.39254,0,0.635645,6.048,99.3022,98.274,6.92823,0,0,1.96788,1.96788,0,1.5201,3.38688
77.0137,85.139,4.57548,0,1,3.39316,3.39316,0,0.635762,6.048,99.3022,98.274,4.21734,0,0,1.96824,1.96824,0,1.52038,3.38688
76.6501,85.139,3.64432,0,1,3.7248,3.7248,0,0.635878,6.048,99.3022,98.274,3.48637,0,0,2.20006,2.20006,0,1.52066,3.38688
77.1695,85.139,4.51781,0,1,3.72548,3.72548,0,0.698028,6.048,99.3022,98.274,4.01733,0,0,2.20046,2.20046,0,1.69977,3.38688
78.3485,85.139,5.17134,0,1,3.72616,3.72616,0,0.698155,6.048,99.3022,98.274,4.83518,0,0,2.20087,2.20087,0,1.70008,3.38688
77.9959,85.139,3.7152,0,1,3.72685,3.72685,0,0.698283,6.048,99.1775,98.274,3.75168,0,0,2.20127,2.20127,0,1.70039,3.38688
77.4076,85.139,2.99866,0,1,3.25504,3.25504,0,0.698411,6.048,98.6731,98.274,2.68011,0,0,1.89082,1.89082,0,1.7007,3.38688
76.6979,85.139,2.83893,0,1,3.25564,3.25564,0,0.609995,6.048,98.9994,98.274,2.63025,0,0,1.89116,1.89116,0,1.46084,3.38688
77.3994,85.139,4.31101,0,1,3.25623,3.25623,0,0.610106,6.048,99.2773,98.274,3.61121,0,0,1.89151,1.89151,0,1.46111,3.38688
77.9208,85.139,4.06707,0,1,3.25683,3.25683,0,0.610218,6.048,99.3022,98.274,3.13727,0,0,1.89185,1.89185,0,1.46138,3.38688
78.4268,85.139,4.10632,0,1,3.25742,3.25742,0,0.610329,6.048,99.3022,98.274,4.15067,0,0,1.8922,1.8922,0,1.46165,3.38688
79.8216,85.139,5.15228,0,1,3.37706,3.37706,0,0.610441,6.048,99.3022,98.274,5.10696,0,0,1.96866,1.96866,0,1.46191,3.38688
79.7357,85.139,3.57291,0,1,3.37768,3.37768,0,0.632861,6.048,99.3022,98.274,4.18663,0,0,1.96902,1.96902,0,1.52099,3.38688
79.7908,85.139,3.76827,0,1,3.3783,3.3783,0,0.632977,6.048,99.3022,98.274,4.0663,0,0,1.96938,1.96938,0,1.52127,3.38688
79.1721,85.139,3.01616,0,1,3.37891,3.37891,0,0.633093,6.048,99.3022,98.274,3.74559,0,0,1.96974,1.96974,0,1.52155,3.38688
78.495,85.139,2.90521,0,1,3.33295,3.33295,0,0.633208,6.048,99.3022,98.274,3.64994,0,0,1.94052,1.94052,0,1.52182,3.38688
77.68,85.139,2.6905,0,1,3.33356,3.33356,0,0.624595,6.048,99.3022,98.274,3.4836,0,0,1.94087,1.94087,0,1.49924,3.38688
76.6813,85.139,2.47129,0,1,3.33417,3.33417,0,0.62471,6.048,99.3022,98.274,3.37367,0,0,1.94123,1.94123,0,1.49952,3.38688
75.6128,85.139,2.37808,0,1,3.33478,3.33478,0,0.624824,6.048,99.3022,98.274,3.07147,0,0,1.94158,1.94158,0,1.49979,3.38688
74.25,85.139,2.17804,0,1,3.49361,3.49361,0,0.624938,6.048,99.2114,98.274,2.94492,0,0,2.04693,2.04693,0,1.50007,3.38688
72.8204,85.139,2.06013,0,1,3.49425,3.49425,0,0.654703,6.048,99.3022,98.274,2.74493,0,0,2.0473,2.0473,0,1.58146,3.38688
71.377,85.139,2.02656,0,1,3.49489,3.49489,0,0.654822,6.048,99.3022,98.274,2.79072,0,0,2.04768,2.04768,0,1.58175,3.38688
69.7383,85.139,1.82389,0,1,3.49553,3.49553,0,0.654942,6.048,99.3022,98.274,2.72458,0,0,2.04805,2.04805,0,1.58204,3.38688
68.3769,85.139,2.0763,0,1,3.49617,3.49617,0,0.655062,6.048,99.3022,98.274,2.79974,0,0,2.04843,2.04843,0,1.58233,3.38688
67.3451,85.139,2.33383,0,1,3.46549,3.46549,0,0.655182,6.048,99.1776,98.274,2.76259,0,0,2.10656,2.10656,0,1.58261,3.38688
66.1543,85.139,2.15338,0,1,3.46612,3.46612,0,0.649432,6.048,99.0148,98.274,2.63242,0,0,2.10694,2.10694,0,1.62753,3.38688
64.9099,85.139,2.07716,0,1,3.46675,3.46675,0,0.649551,6.048,98.8058,98.274,2.40738,0,0,2.10733,2.10733,0,1.62782,3.38688
63.6117,85.139,1.98846,0,1,3.46739,3.46739,0,0.64967,6.048,98.5489,98.274,2.29362,0,0,2.10771,2.10771,0,1.62812,3.38688
62.646,85.139,2.37057,0,1,3.54896,3.54896,0,0.649788,6.048,98.2355,98.274,2.45555,0,0,2.15961,2.15961,0,1.62842,3.38688
61.4007,85.139,2.07472,0,1,3.54961,3.54961,0,0.665075,6.048,97.8853,98.274,2.26449,0,0,2.16001,2.16001,0,1.66852,3.38688
60.0203,85.139,1.91543,0,1,3.55025,3.55025,0,0.665196,6.048,97.5225,98.274,2.19042,0,0,2.1604,2.1604,0,1.66882,3.38688
58.3285,85.139,1.57465,0,1,3.5509,3.5509,0,0.665318,6.048,97.1588,98.274,2.17831,0,0,2.16079,2.16079,0,1.66913,3.38688
56.514,85.139,1.63154,0,1,3.78874,3.78874,0,0.665439,6.048,96.786,98.274,2.10395,0,0,2.34726,2.34726,0,1.66943,3.38688
54.7446,85.139,1.65584,0,1,3.78944,3.78944,0,0.710011,6.048,96.4035,98.274,2.00988,0,0,2.34769,2.34769,0,1.81349,3.38688
53.3267,85.139,1.97864,0,1,3.79013,3.79013,0,0.71014,6.048,96.0345,98.274,2.22018,0,0,2.34812,2.34812,0,1.81382,3.38688
51.7014,85.139,1.74254,0,1,3.79082,3.79082,0,0.71027,6.048,95.6674,98.274,2.0935,0,0,2.34855,2.34855,0,1.81415,3.38688
50.0595,85.139,1.72618,0,1,3.79151,3.79151,0,0.7104,6.048,95.1826,98.274,2.02467,0,0,2.34897,2.34897,0,1.81449,3.38688
48.6763,85.139,1.91591,0,1,3.6765,3.6765,0,0.710529,6.048,94.84,98.274,1.85165,0,0,2.23636,2.23636,0,1.81482,3.38688
47.6019,85.139,2.21584,0,1,3.67717,3.67717,0,0.688976,6.048,94.9047,98.274,3.09016,0,0,2.23677,2.23677,0,1.72781,3.38688
46.4729,85.139,2.1343,0,1,3.67784,3.67784,0,0.689102,6.048,94.8945,98.274,2.91907,0,0,2.23718,2.23718,0,1.72813,3.38688
45.3361,85.139,2.0991,0,1,3.67851,3.67851,0,0.689228,6.048,95.0048,98.274,3.44273,0,0,2.23759,2.23759,0,1.72844,3.38688
43.3226,85.139,1.1598,0,1,3.58414,3.58414,0,0.689353,6.048,94.5513,98.274,2.04411,0,0,2.13503,2.13503,0,1.72876,3.38688
42.1856,85.139,2.06031,0,1,3.5848,3.5848,0,0.671668,6.048,94.235,98.274,1.88072,0,0,2.13542,2.13542,0,1.64952,3.38688
43.0092,85.139,4.08826,0,1,3.58545,3.58545,0,0.671791,6.048,94.6499,98.274,4.34242,0,0,2.13581,2.13581,0,1.64982,3.38688
42.3244,85.139,2.50215,0,1,3.58611,3.58611,0,0.671913,6.048,94.6894,98.274,3.90674,0,0,2.1362,2.1362,0,1.65012,3.38688
43.8161,85.139,4.53025,0,1,3.31664,3.31664,0,0.672036,6.048,94.4442,98.274,2.02171,0,0,1.92197,1.92197,0,1.65042,3.38688
45.0655,85.139,4.36621,0,1,3.31724,3.31724,0,0.621538,6.048,94.3343,98.274,2.68209,0,0,1.92232,1.92232,0,1.48492,3.38688
47.5007,85.139,5.67968,0,1,3.31785,3.31785,0,0.621651,6.048,95.7773,98.274,6.74486,0,0,1.92267,1.92267,0,1.48519,3.38688
48.4756,85.139,4.13229,0,1,3.31845,3.31845,0,0.621764,6.048,95.869,98.274,3.27751,0,0,1.92302,1.92302,0,1.48546,3.38688
48.6023,85.139,3.32081,0,1,3.31906,3.31906,0,0.621878,6.048,95.8008,98.274,3.03039,0,0,1.92338,1.92338,0,1.48573,3.38688
51.8373,85.139,6.89794,0,0.02,3.42363,3.42363,0,0.621991,6.048,96.3085,98.274,5.99612,0,0,1.98591,1.98591,0,1.486,3.38688
61.4666,85.139,13.5826,0,0.02,3.42422,3.42422,0,0.641589,6.048,98.4889,98.274,11.241,0,0,1.98625,1.98625,0,1.53432,3.38688
65.9959,85.139,8.52391,0,0.02,3.42481,3.42481,0,0.641699,6.048,99.3022,98.274,7.22131,0,0,1.98659,1.98659,0,1.53458,3.38688
70.8077,85.139,8.86303,0,0.02,3.42539,3.42539,0,0.641809,6.048,99.3022,98.274,8.58378,0,0,1.98693,1.98693,0,1.53484,3.38688
72.5957,85.139,6.08952,0,0.02,3.76014,3.76014,0,0.641918,6.048,99.3022,98.274,5.66644,0,0,2.22093,2.22093,0,1.5351,3.38688
74.3092,85.139,5.90652,0,0.02,3.76078,3.76078,0,0.70465,6.048,99.3022,98.274,5.33091,0,0,2.22131,2.22131,0,1.71589,3.38688
76.958,85.139,6.94367,0,0.02,3.76143,3.76143,0,0.704771,6.048,99.3022,98.274,5.47387,0,0,2.22169,2.22169,0,1.71619,3.38688
78.6804,85.139,6.10575,0,0.02,3.76207,3.76207,0,0.704891,6.048,99.3022,98.274,6.76091,0,0,2.22207,2.22207,0,1.71648,3.38688
80.5153,85.139,5.65657,0,0.02,3.28577,3.28577,0,0.705012,6.048,99.3022,98.274,5.00206,0,0,1.90866,1.90866,0,1.71677,3.38688
81.8527,85.139,5.11114,0,0.02,3.28633,3.28633,0,0.615753,6.048,99.3022,98.274,5.16927,0,0,1.90899,1.90899,0,1.47463,3.38688
85.139,85.139,8.68597,0,0.02,3.28689,3.28689,0,0.615858,6.048,99.3022,98.274,8.47246,0,0,1.90932,1.90932,0,1.47489,3.38688
85.139,85.139,8.79538,0,0.02,3.28745,3.28745,0,0.615963,6.048,99.3022,98.274,8.0554,0,0,1.90964,1.90964,0,1.47514,3.38688
85.139,85.139,8.39599,0,0.02,3.28801,3.28801,0,0.616069,6.048,99.3022,98.274,8.59073,0,0,1.90997,1.90997,0,1.47539,3.38688
85.139,85.139,8.80503,0,0.02,3.40873,3.40873,0,0.616174,6.048,99.3022,98.274,6.53653,0,0,1.98713,1.98713,0,1.47564,3.38688
85.139,85.139,6.04069,0,0.02,3.40932,3.40932,0,0.638797,6.048,99.3022,98.274,4.53056,0,0,1.98747,1.98747,0,1.53525,3.38688
85.139,85.139,4.47364,0,0.02,3.4099,3.4099,0,0.638906,6.048,99.3022,98.274,3.63883,0,0,1.98781,1.98781,0,1.53552,3.38688
85.139,85.139,3.86753,0,0.02,3.41048,3.41048,0,0.639015,6.048,99.3022,98.274,3.40021,0,0,1.98815,1.98815,0,1.53578,3.38688
85.139,85.139,4.97166,0,0.02,3.36405,3.36405,0,0.639125,6.048,99.3022,98.274,4.48307,0,0,1.95863,1.95863,0,1.53604,3.38688
85.139,85.139,4.68027,0,0.02,3.36463,3.36463,0,0.630424,6.048,99.3022,98.274,3.87791,0,0,1.95896,1.95896,0,1.51323,3.38688
85.139,85.139,4.29794,0,0.02,3.3652,3.3652,0,0.630531,6.048,99.3022,98.274,3.63355,0,0,1.9593,1.9593,0,1.51349,3.38688
85.139,85.139,3.96352,0,0.02,3.36578,3.36578,0,0.630639,6.048,99.3022,98.274,3.51318,0,0,1.95963,1.95963,0,1.51375,3.38688
85.0838,85.139,3.70015,0,0.02,3.52604,3.52604,0,0.630747,6.048,99.3022,98.274,3.13164,0,0,2.06593,2.06593,0,1.51401,3.38688
85.139,85.139,3.50649,0.01,0.02,3.22425,3.52665,0,0.660781,6.048,99.2765,98.274,2.87228,0,0,2.36868,2.06628,0,1.59614,3.38688
84.8011,85.139,3.35685,0,0.02,3.52725,3.52725,0,0.604224,6.048,99.2833,98.274,3.04751,0,0,2.06664,2.06664,0,1.83005,3.38688
84.1866,85.139,3.09484,0,0.02,3.52785,3.52785,0,0.661006,6.048,99.2406,98.274,2.86919,0,0,2.06699,2.06699,0,1.59668,3.38688
83.3918,85.139,2.85042,0,0.02,3.52845,3.52845,0,0.661119,6.048,99.2181,98.274,2.96644,0,0,2.06734,2.06734,0,1.59696,3.38688
82.2082,85.139,2.43321,0,0.02,3.49745,3.49745,0,0.661232,6.048,99.2532,98.274,2.97793,0,0,2.12599,2.12599,0,1.59723,3.38688
80.8804,85.139,2.26648,0,0.02,3.49805,3.49805,0,0.655422,6.048,99.2897,98.274,2.99884,0,0,2.12635,2.12635,0,1.64254,3.38688
79.4162,85.139,2.10857,0,0.02,3.49865,3.49865,0,0.655534,6.048,99.3022,98.274,2.96129,0,0,2.12671,2.12671,0,1.64282,3.38688
77.9316,85.139,2.06195,0,0.02,3.49924,3.49924,0,0.655646,6.048,99.2203,98.274,2.81009,0,0,2.12708,2.12708,0,1.6431,3.38688
76.2139,85.139,1.85324,0,0.02,3.58152,3.58152,0,0.655758,6.048,98.9925,98.274,2.36836,0,0,2.17943,2.17943,0,1.64338,3.38688
74.7522,85.139,2.11185,0,0.02,3.58213,3.58213,0,0.671177,6.048,98.9448,98.274,2.86338,0,0,2.1798,2.1798,0,1.68382,3.38688
73.148,85.139,1.92741,0,0.02,3.58274,3.58274,0,0.671292,6.048,98.759,98.274,2.80567,0,0,2.18017,2.18017,0,1.68411,3.38688
71.4068,85.139,1.76964,0,0.02,3.58336,3.58336,0,0.671406,6.048,98.5167,98.274,2.46281,0,0,2.18054,2.18054,0,1.6844,3.38688
69.6112,85.139,1.88447,0,0.02,3.82333,3.82333,0,0.671521,6.048,98.3119,98.274,2.66096,0,0,2.36868,2.36868,0,1.68469,3.38688
68.2205,85.139,2.2762,0,0.02,3.82398,3.82398,0,0.716491,6.048,98.1943,98.274,3.00782,0,0,2.36909,2.36909,0,1.83004,3.38688
66.4649,85.139,1.92679,0,0.02,3.82463,3.82463,0,0.716614,6.048,97.9668,98.274,2.65068,0,0,2.36949,2.36949,0,1.83036,3.38688
64.917,85.139,2.0928,0,0.02,3.82528,3.82528,0,0.716736,6.048,98.016,98.274,3.4678,0,0,2.3699,2.3699,0,1.83067,3.38688
63.6613,85.139,2.36638,0,0.02,3.82594,3.82594,0,0.716858,6.048,98.0163,98.274,3.87451,0,0,2.3703,2.3703,0,1.83098,3.38688
64.4052,85.139,4.28276,0,0.02,3.70984,3.70984,0,0.716981,6.048,98.8468,98.274,7.57151,0,0,2.25664,2.25664,0,1.83129,3.38688
65.4944,85.139,4.70228,0,0.02,3.71047,3.71047,0,0.695223,6.048,99.3022,98.274,9.61523,0,0,2.25703,2.25703,0,1.74348,3.38688
66.282,85.139,4.45125,0,0.02,3.7111,3.7111,0,0.695342,6.048,99.3022,98.274,9.95974,0,0,2.25741,2.25741,0,1.74378,3.38688
67.5387,85.139,5.03051,0,0.02,3.71174,3.71174,0,0.695461,6.048,99.3022,98.274,11.2953,0,0,2.2578,2.2578,0,1.74408,3.38688
69.3713,85.139,5.6987,0,0.02,3.61647,3.61647,0,0.695579,6.048,99.3022,98.274,9.05833,0,0,2.15428,2.15428,0,1.74437,3.38688
70.6006,85.139,5.02602,0,0.02,3.61709,3.61709,0,0.677727,6.048,99.3022,98.274,6.06438,0,0,2.15465,2.15465,0,1.6644,3.38688
71.5961,85.139,4.85975,0,0.02,3.61771,3.61771,0,0.677842,6.048,99.3022,98.274,8.28382,0,0,2.15502,2.15502,0,1.66468,3.38688
72.6335,85.139,4.84638,0,0.02,3.61832,3.61832,0,0.677958,6.048,99.3022,98.274,8.43065,0,0,2.15539,2.15539,0,1.66497,3.38688
74.7938,85.139,5.89568,0,0.02,3.34639,3.34639,0,0.678074,6.048,99.3022,98.274,9.74707,0,0,1.93922,1.93922,0,1.66525,3.38688
76.7469,85.139,5.71581,0,0.02,3.34696,3.34696,0,0.627114,6.048,99.3022,98.274,7.22607,0,0,1.93955,1.93955,0,1.49824,3.38688
79.3772,85.139,6.6305,0,0.02,3.34753,3.34753,0,0.627221,6.048,99.3022,98.274,9.60022,0,0,1.93988,1.93988,0,1.49849,3.38688
82.4718,85.139,6.99885,0,0.02,3.34811,3.34811,0,0.627328,6.048,99.3022,98.274,8.41116,0,0,1.94021,1.94021,0,1.49875,3.38688
85.139,85.139,9.09398,0,0.02,3.34868,3.34868,0,0.627435,6.048,99.3022,98.274,8.90869,0,0,1.94054,1.94054,0,1.49901,3.38688
85.139,85.139,9.84367,0,0.02,3.45415,3.45415,0,0.627542,6.048,99.3022,98.274,11.7918,0,0,2.00361,2.00361,0,1.49926,3.38688
85.139,85.139,9.30487,0,0.02,3.4547,3.4547,0,0.647307,6.048,99.3022,98.274,10.1288,0,0,2.00393,2.00393,0,1.54799,3.38688
85.139,85.139,8.21188,0,0.02,3.45525,3.45525,0,0.64741,6.048,99.3022,98.274,10.07,0,0,2.00425,2.00425,0,1.54824,3.38688
85.139,85.139,8.15113,0,0.02,3.4558,3.4558,0,0.647513,6.048,99.3022,98.274,10.6291,0,0,2.00457,2.00457,0,1.54848,3.38688
85.139,85.139,5.64697,0,0.02,3.79347,3.79347,0,0.647617,6.048,99.3022,98.274,7.5963,0,0,2.24062,2.24062,0,1.54873,3.38688
85.139,85.139,5.10861,0.07,0.02,3.49168,3.79408,0,0.710897,6.048,99.3022,98.274,6.9704,0,0,2.54338,2.24098,0,1.73111,3.38688
85.139,85.139,7.32996,0.15,0.02,3.49228,3.79468,0,0.654341,6.048,99.3022,98.274,8.40902,0,0,2.54374,2.24134,0,1.96502,3.38688
85.139,85.139,4.74377,0.2,0.02,3.49289,3.79529,0,0.654454,6.048,99.3022,98.274,6.62504,0,0,2.54409,2.24169,0,1.96529,3.38688
85.139,85.139,7.7651,0.21,0.02,3.01234,3.31474,0,0.654567,6.048,99.3022,98.274,10.1175,0,0,2.22789,1.92549,0,1.96557,3.38688
85.139,85.139,12.4469,0.41,0.02,3.01287,3.31527,0,0.564512,6.048,99.3022,98.274,21.093,0,0,2.2282,1.9258,0,1.72127,3.38688
85.139,85.139,10.4616,0.42,0.02,3.0134,3.3158,0,0.564611,6.048,99.3022,98.274,16.0876,0,0,2.22851,1.92611,0,1.72151,3.38688
85.139,85.139,7.98735,0.48,0.02,3.01392,3.31632,0,0.56471,6.048,99.3022,98.274,10.323,0,0,2.22881,1.92641,0,1.72175,3.38688
85.139,85.139,6.73297,0.51,0.02,3.01445,3.31685,0,0.564809,6.048,99.3022,98.274,8.35796,0,0,2.22912,1.92672,0,1.72198,3.38688
85.139,85.139,7.20194,0.55,0.02,3.13619,3.43859,0,0.564908,6.048,99.3022,98.274,14.908,0,0,2.30693,2.00453,0,1.72222,3.38688
85.139,85.139,7.48943,0.55,0.02,3.13674,3.43914,0,0.587722,6.048,99.3022,98.274,12.4096,0,0,2.30725,2.00485,0,1.78234,3.38688
85.139,85.139,5.62737,0.54,0.02,3.13729,3.43969,0,0.587825,6.048,99.3022,98.274,10.7334,0,0,2.30757,2.00517,0,1.78258,3.38688
85.139,85.139,5.13728,0.53,0.02,3.13783,3.44023,0,0.587927,6.048,99.3022,98.274,9.84998,0,0,2.30789,2.00549,0,1.78283,3.38688
85.139,85.139,4.75949,0.52,0.02,3.09096,3.39336,0,0.58803,6.048,99.3022,98.274,8.27476,0,0,2.27809,1.97569,0,1.78308,3.38688
85.139,85.139,4.50512,0.48,0.02,3.0915,3.3939,0,0.579246,6.048,99.3022,98.274,7.01908,0,0,2.2784,1.976,0,1.76005,3.38688
85.139,85.139,4.16563,0.44,0.02,3.09204,3.39444,0,0.579347,6.048,99.3022,98.274,6.48083,0,0,2.27872,1.97632,0,1.76029,3.38688
85.139,85.139,3.81142,0.44,0.02,3.09258,3.39498,0,0.579448,6.048,99.3022,98.274,6.17297,0,0,2.27903,1.97663,0,1.76054,3.38688
85.139,85.139,3.60764,0.39,0.02,3.25419,3.55659,0,0.57955,6.048,99.3022,98.274,6.21254,0,0,2.38623,2.08383,0,1.76078,3.38688
85.139,85.139,3.72644,0.38,0.02,3.25476,3.55716,0,0.609836,6.048,99.3022,98.274,5.49088,0,0,2.38656,2.08416,0,1.8436,3.38688
84.7905,85.139,3.20058,0.33,0.02,3.25533,3.55773,0,0.609942,6.048,99.3022,98.274,4.62138,0,0,2.3869,2.0845,0,1.84386,3.38688
84.2719,85.139,2.97802,0.39,0.02,3.25589,3.55829,0,0.610048,6.048,99.3022,98.274,4.0116,0,0,2.38723,2.08483,0,1.84412,3.38688
83.619,85.139,2.80511,0.35,0.02,3.25646,3.55886,0,0.610154,6.048,99.2577,98.274,3.45968,0,0,2.38756,2.08516,0,1.84437,3.38688
83.1399,85.139,2.90722,0.31,0.02,3.22515,3.52755,0,0.610261,6.048,99.0349,98.274,2.94851,0,0,2.44668,2.14428,0,1.84463,3.38688
82.5211,85.139,2.75958,0.29,0.02,3.22571,3.52811,0,0.604392,6.048,98.793,98.274,2.76689,0,0,2.44702,2.14462,0,1.89031,3.38688
81.7965,85.139,2.6277,0.27,0.02,3.22627,3.52867,0,0.604498,6.048,98.5024,98.274,2.70857,0,0,2.44737,2.14497,0,1.89057,3.38688
80.9354,85.139,2.47092,0.27,0.02,3.22683,3.52923,0,0.604603,6.048,98.1829,98.274,2.74071,0,0,2.44771,2.14531,0,1.89083,3.38688
79.8713,85.139,2.30496,0.27,0.02,3.30977,3.61217,0,0.604708,6.048,97.8782,98.274,2.47698,0,0,2.50048,2.19808,0,1.8911,3.38688
78.8961,85.139,2.42648,0.26,0.02,3.31035,3.61275,0,0.620251,6.048,97.6163,98.274,2.77652,0,0,2.50083,2.19843,0,1.93187,3.38688
77.7774,85.139,2.23525,0.3,0.02,3.31092,3.61332,0,0.620359,6.048,97.2745,98.274,2.64559,0,0,2.50118,2.19878,0,1.93214,3.38688
76.4785,85.139,2.03472,0.31,0.02,3.3115,3.6139,0,0.620467,6.048,96.8955,98.274,2.31227,0,0,2.50153,2.19913,0,1.93241,3.38688
75.1181,85.139,2.15378,0.29,0.02,3.55347,3.85587,0,0.620574,6.048,96.6211,98.274,2.90924,0,0,2.69124,2.38884,0,1.93268,3.38688
73.3032,85.139,1.68347,0.28,0.02,3.55408,3.85648,0,0.665919,6.048,96.2758,98.274,2.27894,0,0,2.69162,2.38922,0,2.07925,3.38688
71.4542,85.139,1.63273,0.35,0.02,3.55469,3.85709,0,0.666034,6.048,95.9099,98.274,2.2208,0,0,2.692,2.3896,0,2.07955,3.38688
69.9876,85.139,1.9958,0.33,0.02,3.55531,3.85771,0,0.666149,6.048,95.5846,98.274,2.53343,0,0,2.69238,2.38998,0,2.07984,3.38688
68.0734,85.139,1.53083,0.34,0.02,3.55592,3.85832,0,0.666264,6.048,95.1948,98.274,2.19237,0,0,2.69276,2.39036,0,2.08014,3.38688
66.3264,85.139,1.67442,0.36,0.02,3.43879,3.74119,0,0.666379,6.048,94.7498,98.274,2.14842,0,0,2.57811,2.27571,0,2.08043,3.38688
64.5445,85.139,1.65182,0.36,0.02,3.43939,3.74179,0,0.64443,6.048,94.3911,98.274,2.15666,0,0,2.57848,2.27608,0,1.99185,3.38688
62.9069,85.139,1.79647,0.36,0.02,3.43998,3.74238,0,0.644541,6.048,94.3914,98.274,3.44926,0,0,2.57884,2.27644,0,1.99213,3.38688
61.2375,85.139,1.73889,0.36,0.02,3.44058,3.74298,0,0.644653,6.048,94.3559,98.274,3.41378,0,0,2.5792,2.2768,0,1.99241,3.38688
59.057,85.139,1.14096,0.44,0.02,3.34447,3.64687,0,0.644764,6.048,93.6889,98.274,2.18886,0,0,2.47479,2.17239,0,1.99269,3.38688
56.7438,85.139,0.970459,0.45,0.02,3.34505,3.64745,0,0.626753,6.048,93.128,98.274,1.88159,0,0,2.47514,2.17274,0,1.91202,3.38688
54.9655,85.139,1.49736,0.54,0.02,3.34563,3.64803,0,0.626862,6.048,92.8628,98.274,2.3303,0,0,2.47548,2.17308,0,1.91229,3.38688
55.1982,85.139,3.61637,0.56,0.02,3.34621,3.64861,0,0.626971,6.048,93.5489,98.274,5.44845,0,0,2.47583,2.17343,0,1.91256,3.38688
54.8373,85.139,2.7462,0.56,0.02,3.07196,3.37436,0,0.627079,6.048,93.8421,98.274,4.03541,0,0,2.25782,1.95542,0,1.91282,3.38688
53.7523,85.139,1.99442,0.57,0.02,3.0725,3.3749,0,0.575686,6.048,93.9475,98.274,3.86905,0,0,2.25813,1.95573,0,1.74439,3.38688
53.5864,85.139,3.0233,0.59,0.02,3.07303,3.37543,0,0.575786,6.048,94.4084,98.274,5.11517,0,0,2.25845,1.95605,0,1.74463,3.38688
52.2081,85.139,1.71915,0.6,0.02,3.07357,3.37597,0,0.575887,6.048,94.3244,98.274,3.40136,0,0,2.25876,1.95636,0,1.74488,3.38688
50.4882,85.139,1.29701,0.49,0.02,3.07411,3.37651,0,0.575987,6.048,93.9451,98.274,2.52854,0,0,2.25907,1.95667,0,1.74512,3.38688
52.6334,85.139,5.34047,0.66,0.02,3.18041,3.48281,0,0.576088,6.048,94.5932,98.274,4.81493,0,0,2.32264,2.02024,0,1.74536,3.38688
55.0808,85.139,5.82162,0.32,0.02,3.18093,3.48333,0,0.59601,6.048,95.1425,98.274,4.41109,0,0,2.32294,2.02054,0,1.79447,3.38688
56.5749,85.139,4.73735,0.5,0.02,3.18145,3.48385,0,0.596106,6.048,95.5092,98.274,3.74147,0,0,2.32324,2.02084,0,1.7947,3.38688
57.3506,85.139,4.00117,0.59,0.02,3.18196,3.48436,0,0.596203,6.048,95.7389,98.274,3.2779,0,0,2.32354,2.02114,0,1.79494,3.38688
58.3257,85.139,4.61158,0.23,0.02,3.52239,3.82479,0,0.5963,6.048,96.0392,98.274,3.58158,0,0,2.56152,2.25912,0,1.79517,3.38688
60.595,85.139,6.05843,0.28,0.02,3.52295,3.82535,0,0.660095,6.048,96.3678,98.274,4.06788,0,0,2.56185,2.25945,0,1.97903,3.38688
61.4571,85.139,4.59525,0.34,0.02,3.52352,3.82592,0,0.660201,6.048,96.4802,98.274,3.20273,0,0,2.56219,2.25979,0,1.97929,3.38688
66.6161,85.139,9.02879,0.36,0.02,3.52409,3.82649,0,0.660307,6.048,97.4807,98.274,6.21784,0,0,2.56252,2.26012,0,1.97955,3.38688
70.5228,85.139,7.37509,0.35,0.02,3.03955,3.34195,0,0.660414,6.048,98.5444,98.274,7.398,0,0,2.2437,1.9413,0,1.9798,3.38688
71.4024,85.139,4.30517,0.22,0.02,3.04004,3.34244,0,0.569611,6.048,99.0551,98.274,4.73768,0,0,2.24399,1.94159,0,1.73348,3.38688
73.7492,85.139,5.87764,0.25,0.02,3.04054,3.34294,0,0.569704,6.048,99.3022,98.274,4.76102,0,0,2.24428,1.94188,0,1.7337,3.38688
74.7989,85.139,4.50018,0.38,0.02,3.04103,3.34343,0,0.569797,6.048,99.3022,98.274,4.82367,0,0,2.24456,1.94216,0,1.73393,3.38688
76.6645,85.139,5.60291,0,0.02,3.34393,3.34393,0,0.56989,6.048,99.3022,98.274,5.34986,0,0,1.94245,1.94245,0,1.73415,3.38688
81.5098,85.139,8.91225,0,0.02,3.46662,3.46662,0,0.626652,6.048,99.3022,98.274,9.77773,0,0,2.02087,2.02087,0,1.50074,3.38688
83.8339,85.139,6.37012,0,0.02,3.46714,3.46714,0,0.649645,6.048,99.3022,98.274,4.67608,0,0,2.02117,2.02117,0,1.56133,3.38688
85.139,85.139,5.68879,0.27,0.02,3.16525,3.46765,0,0.649741,6.048,99.3022,98.274,3.88235,0,0,2.32387,2.02147,0,1.56156,3.38688
85.139,85.139,5.25173,0,0.02,3.46816,3.46816,0,0.593168,6.048,99.3022,98.274,3.31871,0,0,2.02177,2.02177,0,1.79542,3.38688
85.139,85.139,5.13662,0,0.02,3.42087,3.42087,0,0.649934,6.048,99.3022,98.274,3.6491,0,0,1.99171,1.99171,0,1.56202,3.38688
85.139,85.139,4.7977,0,0.02,3.42137,3.42137,0,0.641071,6.048,99.3022,98.274,4.18483,0,0,1.992,1.992,0,1.53879,3.38688
85.139,85.139,4.33506,0,0.02,3.42188,3.42188,0,0.641166,6.048,99.3022,98.274,3.66607,0,0,1.99229,1.99229,0,1.53902,3.38688
85.139,85.139,5.0573,0.02,0.02,3.11999,3.42239,0,0.64126,6.048,99.3022,98.274,3.78384,0,0,2.29499,1.99259,0,1.53925,3.38688
85.139,85.139,4.10889,0.14,0.02,3.28287,3.58527,0,0.584686,6.048,99.253,98.274,3.50964,0,0,2.40303,2.10063,0,1.77311,3.38688
85.139,85.139,3.51304,0.09,0.02,3.2834,3.5858,0,0.615209,6.048,99.1177,98.274,3.08574,0,0,2.40334,2.10094,0,1.85658,3.38688
84.9873,85.139,3.27178,0.02,0.02,3.28393,3.58633,0,0.615308,6.048,98.9129,98.274,2.80537,0,0,2.40365,2.10125,0,1.85682,3.38688
84.7884,85.139,3.21465,0.23,0.02,3.28446,3.58686,0,0.615408,6.048,98.7095,98.274,2.82038,0,0,2.40396,2.10156,0,1.85706,3.38688
84.2557,85.139,2.88209,0.2,0.02,3.28499,3.58739,0,0.615507,6.048,97.9745,98.274,2.83679,0,0,2.40427,2.10187,0,1.8573,3.38688
82.7266,85.139,1.79202,0.17,0.02,3.25338,3.55578,0,0.615607,6.048,97.0406,98.274,1.53657,0,0,2.46385,2.16145,0,1.85754,3.38688
80.9122,85.139,1.74604,0,0.02,3.55631,3.55631,0,0.609684,6.048,96.2348,98.274,1.5117,0,0,2.16177,2.16177,0,1.90357,3.38688
79.0208,85.139,1.62779,0,0.02,3.55684,3.55684,0,0.666452,6.048,95.3882,98.274,1.44726,0,0,2.16209,2.16209,0,1.67018,3.38688
76.9699,85.139,1.43794,0,0.02,3.55736,3.55736,0,0.666551,6.048,94.4384,98.274,1.421,0,0,2.16241,2.16241,0,1.67043,3.38688
74.7907,85.139,1.34868,0,0.02,3.64092,3.64092,0,0.66665,6.048,93.5127,98.274,1.27981,0,0,2.21557,2.21557,0,1.67068,3.38688
72.7561,85.139,1.49249,0,0.02,3.64146,3.64146,0,0.682309,6.048,92.6614,98.274,1.46715,0,0,2.2159,2.2159,0,1.71175,3.38688
70.6139,85.139,1.34889,0,0.02,3.642,3.642,0,0.68241,6.048,91.6389,98.274,1.38412,0,0,2.21623,2.21623,0,1.71201,3.38688
68.3764,85.139,1.22848,0,0.02,3.64254,3.64254,0,0.682511,6.048,90.7922,98.274,1.21247,0,0,2.21656,2.21656,0,1.71226,3.38688
65.9995,85.139,1.25518,0,0.02,3.88638,3.88638,0,0.682612,6.048,89.6443,98.274,1.4872,0,0,2.40775,2.40775,0,1.71251,3.38688
63.1215,85.139,0.722362,0,0.02,3.88696,3.88696,0,0.728308,6.048,88.4722,98.274,1.13461,0,0,2.40811,2.40811,0,1.86023,3.38688
60.3231,85.139,0.763215,0,0.02,3.88753,3.88753,0,0.728416,6.048,87.4621,98.274,1.1328,0,0,2.40846,2.40846,0,1.8605,3.38688
57.9158,85.139,1.14452,0,0.02,3.88811,3.88811,0,0.728523,6.048,86.4983,98.274,1.3269,0,0,2.40882,2.40882,0,1.86078,3.38688
55.9738,85.139,1.60518,0,0.02,3.88868,3.88868,0,0.728631,6.048,85.3561,98.274,1.48604,0,0,2.40917,2.40917,0,1.86105,3.38688
53.2012,85.139,0.632371,0,0.02,3.77059,3.77059,0,0.728739,6.048,84.1987,98.274,0.939235,0,0,2.2936,2.2936,0,1.86133,3.38688
50.421,85.139,0.578877,0,0.02,3.77115,3.77115,0,0.706609,6.048,83.035,98.274,0.902325,0,0,2.29394,2.29394,0,1.77203,3.38688
47.7011,85.139,0.585605,0,0.02,3.7717,3.7717,0,0.706713,6.048,81.8544,98.274,0.806573,0,0,2.29427,2.29427,0,1.77229,3.38688
44.9263,85.139,0.519023,0,0.02,3.77226,3.77226,0,0.706817,6.048,80.817,98.274,0.824856,0,0,2.29461,2.29461,0,1.77256,3.38688
42.3195,85.139,0.58607,0,0.02,3.67536,3.67536,0,0.706922,6.048,79.9388,98.274,0.928484,0,0,2.18936,2.18936,0,1.77282,3.38688
39.9683,85.139,0.825148,0,0.02,3.6759,3.6759,0,0.688762,6.048,79.0345,98.274,1.01679,0,0,2.18969,2.18969,0,1.6915,3.38688
37.5561,85.139,0.680695,0,0.02,3.67645,3.67645,0,0.688864,6.048,78.67,98.274,1.03215,0,0,2.19001,2.19001,0,1.69175,3.38688
36.2,85.139,1.74298,0,0.02,3.67699,3.67699,0,0.688966,6.048,78.4683,98.274,3.04719,0,0,2.19033,2.19033,0,1.692,3.38688
35.442,85.139,2.15072,0,0.02,3.40057,3.40057,0,0.689068,6.048,78.6245,98.274,2.80601,0,0,1.97061,1.97061,0,1.69225,3.38688
35.639,85.139,3.15195,0,0.02,3.40107,3.40107,0,0.637267,6.048,78.8783,98.274,3.0363,0,0,1.9709,1.9709,0,1.5225,3.38688
35.3101,85.139,2.68652,0,0.02,3.40158,3.40158,0,0.637361,6.048,78.783,98.274,3.56888,0,0,1.97119,1.97119,0,1.52272,3.38688
34.1647,85.139,1.72822,0,0.02,3.40208,3.40208,0,0.637455,6.048,78.6578,98.274,2.05741,0,0,1.97149,1.97149,0,1.52295,3.38688
33.3761,85.139,2.05637,0,0.02,3.40258,3.40258,0,0.63755,6.048,78.1259,98.274,2.40014,0,0,1.97178,1.97178,0,1.52317,3.38688
32.2715,85.139,1.72366,0,0.02,3.50967,3.50967,0,0.637644,6.048,77.6212,98.274,1.91396,0,0,2.03582,2.03582,0,1.5234,3.38688
30.785,85.139,1.26018,0,0.02,3.51015,3.51015,0,0.657712,6.048,76.9865,98.274,1.6981,0,0,2.0361,2.0361,0,1.57288,3.38688
29.7576,85.139,1.68565,0,0.02,3.51064,3.51064,0,0.657803,6.048,76.5019,98.274,1.60386,0,0,2.03638,2.03638,0,1.57309,3.38688
28.8861,85.139,1.79807,0,0.02,3.51112,3.51112,0,0.657893,6.048,75.8196,98.274,1.78696,0,0,2.03666,2.03666,0,1.57331,3.38688
27.5119,85.139,1.39935,0,0.02,3.85411,3.85411,0,0.657983,6.048,75.1313,98.274,1.37778,0,0,2.27644,2.27644,0,1.57352,3.38688
26.6948,85.139,1.88993,0,0.02,3.85464,3.85464,0,0.722261,6.048,74.2668,98.274,1.48235,0,0,2.27675,2.27675,0,1.75878,3.38688
26.4103,85.139,2.39523,0,0.02,3.85517,3.85517,0,0.72236,6.048,73.2503,98.274,1.39164,0,0,2.27706,2.27706,0,1.75902,3.38688
25.8834,85.139,2.10053,0,0.02,3.8557,3.8557,0,0.722459,6.048,72.4747,98.274,1.2568,0,0,2.27738,2.27738,0,1.75926,3.38688
26.2915,85.139,2.78967,0,0.02,3.36743,3.36743,0,0.722558,6.048,72.3912,98.274,1.53126,0,0,1.9561,1.9561,0,1.7595,3.38688
28.1994,85.139,4.39376,0,0.02,3.36789,3.36789,0,0.631056,6.048,72.3911,98.274,2.39156,0,0,1.95637,1.95637,0,1.51128,3.38688
30.2538,85.139,4.7433,0,0.02,3.36835,3.36835,0,0.631142,6.048,72.6067,98.274,2.80387,0,0,1.95664,1.95664,0,1.51149,3.38688
33.5614,85.139,6.25592,0,0.02,3.36881,3.36881,0,0.631229,6.048,72.7119,98.274,2.91533,0,0,1.9569,1.9569,0,1.5117,3.38688
36.0673,85.139,5.4864,0,0.02,3.36927,3.36927,0,0.631315,6.048,72.8338,98.274,2.757,0,0,1.95717,1.95717,0,1.5119,3.38688
38.1509,85.139,5.18839,0,0.02,3.49286,3.49286,0,0.631402,6.048,73.0534,98.274,3.25497,0,0,2.03617,2.03617,0,1.51211,3.38688
40.3402,85.139,5.34447,0,0.02,3.49334,3.49334,0,0.654562,6.048,73.2432,98.274,3.12074,0,0,2.03645,2.03645,0,1.57314,3.38688
42.6767,85.139,5.7657,0,0.02,3.49382,3.49382,0,0.654652,6.048,73.5038,98.274,3.32049,0,0,2.03673,2.03673,0,1.57336,3.38688
45.2735,85.139,5.95181,0,0.02,3.4943,3.4943,0,0.654741,6.048,74.0537,98.274,4.08207,0,0,2.03701,2.03701,0,1.57358,3.38688
46.4119,85.139,4.39501,0,0.02,3.44661,3.44661,0,0.654831,6.048,74.0945,98.274,3.28268,0,0,2.00669,2.00669,0,1.57379,3.38688
46.0505,85.139,2.87856,0,0.02,3.44708,3.44708,0,0.645895,6.048,73.9154,98.274,2.39598,0,0,2.00697,2.00697,0,1.55037,3.38688
45.4893,85.139,2.6083,0,0.02,3.44755,3.44755,0,0.645983,6.048,73.881,98.274,2.14911,0,0,2.00724,2.00724,0,1.55058,3.38688
44.8893,85.139,2.53157,0,0.02,3.44803,3.44803,0,0.646072,6.048,73.632,98.274,2.31985,0,0,2.00752,2.00752,0,1.5508,3.38688
43.9348,85.139,2.26006,0,0.02,3.61209,3.61209,0,0.64616,6.048,73.3057,98.274,2.08758,0,0,2.11634,2.11634,0,1.55101,3.38688
42.85,85.139,2.10235,0,0.02,3.61258,3.61258,0,0.676905,6.048,73.0479,98.274,2.10053,0,0,2.11664,2.11664,0,1.63509,3.38688
41.6138,85.139,1.88049,0,0.02,3.61308,3.61308,0,0.676998,6.048,72.7999,98.274,1.94914,0,0,2.11693,2.11693,0,1.63531,3.38688
40.3159,85.139,1.76497,0,0.02,3.61357,3.61357,0,0.677091,6.048,72.455,98.274,1.97473,0,0,2.11722,2.11722,0,1.63554,3.38688
38.9907,85.139,1.69377,0,0.02,3.61407,3.61407,0,0.677183,6.048,72.2845,98.274,1.92048,0,0,2.11751,2.11751,0,1.63576,3.38688
37.8447,85.139,1.82021,0,0.02,3.58219,3.58219,0,0.677276,6.048,72.0536,98.274,2.07813,0,0,2.1775,2.1775,0,1.63598,3.38688
36.7546,85.139,1.83444,0,0.02,3.58268,3.58268,0,0.671302,6.048,71.804,98.274,2.15003,0,0,2.1778,2.1778,0,1.68234,3.38688
35.627,85.139,1.74426,0,0.02,3.58317,3.58317,0,0.671394,6.048,71.5028,98.274,2.11181,0,0,2.1781,2.1781,0,1.68257,3.38688
34.3322,85.139,1.51759,0,0.02,3.58366,3.58366,0,0.671486,6.048,71.1908,98.274,1.98833,0,0,2.17839,2.17839,0,1.6828,3.38688
33.0506,85.139,1.52479,0,0.02,3.6678,3.6678,0,0.671578,6.048,70.8326,98.274,2.0648,0,0,2.23193,2.23193,0,1.68303,3.38688
31.8612,85.139,1.55588,0,0.02,3.6683,3.6683,0,0.687346,6.048,70.4747,98.274,2.16132,0,0,2.23224,2.23224,0,1.72439,3.38688
30.5583,85.139,1.38311,0,0.02,3.66881,3.66881,0,0.68744,6.048,70.0921,98.274,2.05883,0,0,2.23254,2.23254,0,1.72463,3.38688
29.2085,85.139,1.26694,0,0.02,3.66931,3.66931,0,0.687534,6.048,69.6958,98.274,1.92432,0,0,2.23285,2.23285,0,1.72486,3.38688
27.635,85.139,1.09578,0,0.02,3.9149,3.9149,0,0.687628,6.048,68.7681,98.274,1.90872,0,0,2.42542,2.42542,0,1.7251,3.38688
26.4417,85.139,1.40868,0,0.02,3.91544,3.91544,0,0.733653,6.048,68.4269,98.274,1.43812,0,0,2.42575,2.42575,0,1.87388,3.38688
25.2477,85.139,1.31976,0,0.02,3.91598,3.91598,0,0.733753,6.048,68.0381,98.274,1.78461,0,0,2.42608,2.42608,0,1.87414,3.38688
24.0721,85.139,1.25034,0,0.02,3.91651,3.91651,0,0.733854,6.048,67.5765,98.274,1.90936,0,0,2.42642,2.42642,0,1.87439,3.38688
22.9644,85.139,1.21361,0,0.02,3.91705,3.91705,0,0.733954,6.048,67.1216,98.274,1.8913,0,0,2.42675,2.42675,0,1.87465,3.38688
23.4727,85.139,2.73023,0,0.02,3.79805,3.79805,0,0.734055,6.048,67.4123,98.274,4.6135,0,0,2.3103,2.3103,0,1.87491,3.38688
24.2562,85.139,3.10043,0,0.02,3.79858,3.79858,0,0.711755,6.048,68.0543,98.274,5.5825,0,0,2.31062,2.31062,0,1.78494,3.38688
25.3457,85.139,3.49984,0,0.02,3.7991,3.7991,0,0.711853,6.048,69.3502,98.274,7.72373,0,0,2.31094,2.31094,0,1.78518,3.38688
26.1873,85.139,3.39185,0,0.02,3.79962,3.79962,0,0.71195,6.048,70.5724,98.274,7.35545,0,0,2.31125,2.31125,0,1.78543,3.38688
27.2535,85.139,3.69798,0,0.02,3.70197,3.70197,0,0.712048,6.048,72.2119,98.274,7.79235,0,0,2.20521,2.20521,0,1.78567,3.38688
29.4407,85.139,4.89617,0,0.02,3.70248,3.70248,0,0.693749,6.048,73.9297,98.274,6.41296,0,0,2.20552,2.20552,0,1.70375,3.38688
31.0815,85.139,4.46775,0,0.02,3.70298,3.70298,0,0.693844,6.048,75.2316,98.274,6.61188,0,0,2.20582,2.20582,0,1.70398,3.38688
34.9662,85.139,6.96377,0,0.02,3.70349,3.70349,0,0.693939,6.048,77.6861,98.274,9.48348,0,0,2.20612,2.20612,0,1.70421,3.38688
38.0035,85.139,6.05872,0,0.02,3.42504,3.42504,0,0.694034,6.048,80.2066,98.274,9.43245,0,0,1.98479,1.98479,0,1.70445,3.38688
39.8466,85.139,5.01273,0,0.02,3.42551,3.42551,0,0.641853,6.048,83.6689,98.274,9.37696,0,0,1.98507,1.98507,0,1.53345,3.38688
41.0663,85.139,4.3812,0,0.02,3.42598,3.42598,0,0.641941,6.048,86.8621,98.274,8.75933,0,0,1.98534,1.98534,0,1.53366,3.38688
44.4241,85.139,6.63618,0,0.02,3.42645,3.42645,0,0.642029,6.048,90.4613,98.274,9.53418,0,0,1.98561,1.98561,0,1.53387,3.38688
46.2671,85.139,5.2953,0,0.02,3.42692,3.42692,0,0.642117,6.048,93.6033,98.274,8.87541,0,0,1.98588,1.98588,0,1.53408,3.38688
50.9402,85.139,8.24913,0,0.02,3.42692,3.42692,0,0.642205,6.048,96.1049,98.274,12.3382,0,0,1.98588,1.98588,0,1.53429,3.38688
58.821,85.139,11.7998,0,0.04,3.53474,3.53474,0,0.642205,6.048,98.5092,98.274,15.0351,0,0,2.05036,2.05036,0,1.53429,3.38688
66.4093,85.139,11.6889,0,0.04,3.53519,3.53519,0,0.66241,6.048,99.3022,98.274,15.9748,0,0,2.05062,2.05062,0,1.58411,3.38688
72.7221,85.139,10.4754,0,0.04,3.53563,3.53563,0,0.662494,6.048,99.3022,98.274,14.7671,0,0,2.05088,2.05088,0,1.58431,3.38688
78.9811,85.139,10.487,0,0.04,3.53608,3.53608,0,0.662578,6.048,99.3022,98.274,14.7853,0,0,2.05114,2.05114,0,1.58451,3.38688
82.2202,85.139,7.81566,0,0.04,3.88147,3.88147,0,0.662661,6.048,99.3022,98.274,14.8052,0,0,2.2926,2.2926,0,1.58471,3.38688
85.139,85.139,7.97174,0,0.04,3.88196,3.88196,0,0.727388,6.048,99.3022,98.274,14.5273,0,0,2.29289,2.29289,0,1.77126,3.38688
85.139,85.139,7.43178,0,0.04,3.88246,3.88246,0,0.72748,6.048,99.3022,98.274,13.286,0,0,2.29318,2.29318,0,1.77149,3.38688
85.139,85.139,7.24813,0,0.04,3.88295,3.88295,0,0.727572,6.048,99.3022,98.274,12.2456,0,0,2.29347,2.29347,0,1.77171,3.38688
85.019,85.139,3.65995,0,0.04,3.39119,3.39119,0,0.727664,6.048,99.3022,98.274,5.68678,0,0,1.9699,1.9699,0,1.77194,3.38688
84.7791,85.139,3.32808,0.14,0.04,3.08922,3.39162,0,0.635509,6.048,99.3022,98.274,6.67492,0,0,2.27255,1.97015,0,1.52195,3.38688
85.139,85.139,4.90268,0,0.04,3.39205,3.39205,0,0.578919,6.048,99.3022,98.274,7.80107,0,0,1.9704,1.9704,0,1.75577,3.38688
85.139,85.139,6.18388,0,0.04,3.39248,3.39248,0,0.635669,6.048,99.3022,98.274,7.98645,0,0,1.97065,1.97065,0,1.52233,3.38688
85.139,85.139,4.70613,0,0.04,3.3929,3.3929,0,0.63575,6.048,99.3022,98.274,9.69022,0,0,1.9709,1.9709,0,1.52252,3.38688
85.139,85.139,4.27802,0,0.04,3.51732,3.51732,0,0.63583,6.048,99.3022,98.274,11.6435,0,0,2.05043,2.05043,0,1.52272,3.38688
85.139,85.139,4.76378,0,0.04,3.51776,3.51776,0,0.659146,6.048,99.3022,98.274,11.8196,0,0,2.05069,2.05069,0,1.58416,3.38688
85.1294,85.139,3.93493,0,0.04,3.51821,3.51821,0,0.659229,6.048,99.3022,98.274,11.018,0,0,2.05095,2.05095,0,1.58436,3.38688
84.7612,85.139,3.19726,0.4,0.04,3.21625,3.51865,0,0.659312,6.048,99.3022,98.274,7.17048,0,0,2.35361,2.05121,0,1.58456,3.38688
84.1627,85.139,2.84553,0.31,0.04,3.1682,3.4706,0,0.602726,6.048,99.3022,98.274,6.7104,0,0,2.32306,2.02066,0,1.8184,3.38688
83.6501,85.139,2.92072,0.02,0.04,3.16864,3.47104,0,0.59372,6.048,99.3022,98.274,6.67257,0,0,2.32331,2.02091,0,1.79479,3.38688
83.9268,85.139,4.00111,0,0.04,3.47148,3.47148,0,0.593802,6.048,99.3022,98.274,7.36902,0,0,2.02117,2.02117,0,1.79499,3.38688
82.8701,85.139,2.57089,0,0.04,3.47191,3.47191,0,0.650554,6.048,99.3022,98.274,6.16425,0,0,2.02143,2.02143,0,1.56156,3.38688
81.8659,85.139,2.76854,0,0.04,3.63707,3.63707,0,0.650637,6.048,99.3022,98.274,5.86831,0,0,2.13098,2.13098,0,1.56175,3.38688
80.6752,85.139,2.52689,0,0.04,3.63753,3.63753,0,0.681587,6.048,99.3022,98.274,5.49184,0,0,2.13125,2.13125,0,1.6464,3.38688
79.3385,85.139,2.33476,0,0.04,3.63799,3.63799,0,0.681673,6.048,99.3022,98.274,5.51376,0,0,2.13152,2.13152,0,1.64661,3.38688
77.944,85.139,2.25917,0,0.04,3.63845,3.63845,0,0.68176,6.048,99.3022,98.274,5.45831,0,0,2.13179,2.13179,0,1.64681,3.38688
76.3969,85.139,2.07569,0,0.04,3.63891,3.63891,0,0.681846,6.048,99.3022,98.274,4.45064,0,0,2.13206,2.13206,0,1.64702,3.38688
74.7348,85.139,1.91315,0,0.04,3.60678,3.60678,0,0.681932,6.048,99.3022,98.274,4.12117,0,0,2.19244,2.19244,0,1.64723,3.38688
72.9242,85.139,1.74787,0,0.04,3.60723,3.60723,0,0.67591,6.048,99.3022,98.274,4.04233,0,0,2.19272,2.19272,0,1.69388,3.38688
70.9788,85.139,1.58464,0,0.04,3.60769,3.60769,0,0.675995,6.048,99.3022,98.274,3.674,0,0,2.193,2.193,0,1.6941,3.38688
68.9902,85.139,1.49494,0,0.04,3.60814,3.60814,0,0.676081,6.048,99.2234,98.274,3.46373,0,0,2.19328,2.19328,0,1.69431,3.38688
66.9916,85.139,1.54031,0,0.04,3.69282,3.69282,0,0.676166,6.048,99.198,98.274,3.40384,0,0,2.24715,2.24715,0,1.69452,3.38688
64.9793,85.139,1.5048,0,0.04,3.69328,3.69328,0,0.692034,6.048,99.0964,98.274,3.53901,0,0,2.24744,2.24744,0,1.73615,3.38688
62.8996,85.139,1.40487,0,0.04,3.69375,3.69375,0,0.692122,6.048,98.9287,98.274,3.33605,0,0,2.24772,2.24772,0,1.73637,3.38688
60.7375,85.139,1.28939,0,0.04,3.69422,3.69422,0,0.692209,6.048,98.7523,98.274,3.13996,0,0,2.24801,2.24801,0,1.73659,3.38688
58.5993,85.139,1.48697,0,0.04,3.94144,3.94144,0,0.692297,6.048,98.5824,98.274,3.62881,0,0,2.44186,2.44186,0,1.73681,3.38688
56.5328,85.139,1.54885,0,0.04,3.94194,3.94194,0,0.738625,6.048,98.5186,98.274,4.07868,0,0,2.44217,2.44217,0,1.88658,3.38688
54.2429,85.139,1.28387,0,0.04,3.94243,3.94243,0,0.738719,6.048,98.2087,98.274,2.8816,0,0,2.44248,2.44248,0,1.88682,3.38688
52.285,85.139,1.57429,0,0.04,3.94293,3.94293,0,0.738812,6.048,98.3827,98.274,5.39917,0,0,2.44278,2.44278,0,1.88706,3.38688
50.6242,85.139,1.82607,0,0.04,3.94343,3.94343,0,0.738905,6.048,98.3822,98.274,3.88271,0,0,2.44309,2.44309,0,1.88729,3.38688
49.2318,85.139,1.97139,0,0.04,3.82359,3.82359,0,0.738999,6.048,98.8825,98.274,6.1818,0,0,2.32584,2.32584,0,1.88753,3.38688
47.5945,85.139,1.69824,0,0.04,3.82408,3.82408,0,0.716542,6.048,98.7433,98.274,3.5162,0,0,2.32613,2.32613,0,1.79694,3.38688
46.0491,85.139,1.76529,0,0.04,3.82456,3.82456,0,0.716632,6.048,98.5901,98.274,3.41475,0,0,2.32643,2.32643,0,1.79717,3.38688
46.0376,85.139,3.47431,0,0.04,3.82504,3.82504,0,0.716723,6.048,99.3022,98.274,5.6916,0,0,2.32672,2.32672,0,1.7974,3.38688
44.3432,85.139,1.64841,0,0.04,3.7267,3.7267,0,0.716813,6.048,99.237,98.274,3.59115,0,0,2.21995,2.21995,0,1.79762,3.38688
44.9937,85.139,3.93487,0,0.04,3.72718,3.72718,0,0.698384,6.048,99.3022,98.274,5.449,0,0,2.22023,2.22023,0,1.71513,3.38688
49.6694,85.139,8.20352,0,0.04,3.72765,3.72765,0,0.698473,6.048,99.3022,98.274,8.74985,0,0,2.22051,2.22051,0,1.71535,3.38688
50.5664,85.139,4.40714,0,0.04,3.72812,3.72812,0,0.698561,6.048,99.3022,98.274,5.62519,0,0,2.22079,2.22079,0,1.71557,3.38688
50.1951,85.139,2.9217,0,0.04,3.44778,3.44778,0,0.698649,6.048,99.3022,98.274,4.15573,0,0,1.99797,1.99797,0,1.71578,3.38688
51.5175,85.139,4.73204,0,0.04,3.44822,3.44822,0,0.646115,6.048,99.3022,98.274,6.21058,0,0,1.99822,1.99822,0,1.54363,3.38688
53.0171,85.139,5.02402,0,0.04,3.44865,3.44865,0,0.646196,6.048,99.3022,98.274,5.74137,0,0,1.99848,1.99848,0,1.54383,3.38688
65.2565,85.139,16.2042,0,0.04,3.44909,3.44909,0,0.646278,6.048,99.3022,98.274,19.8208,0,0,1.99873,1.99873,0,1.54402,3.38688
69.7457,85.139,8.3229,0,0.04,3.44953,3.44953,0,0.646359,6.048,99.3022,98.274,9.76979,0,0,1.99898,1.99898,0,1.54422,3.38688
80.2579,85.139,14.6296,0,0.04,3.55802,3.55802,0,0.646441,6.048,99.3022,98.274,7.2904,0,0,2.06386,2.06386,0,1.54441,3.38688
85.1281,85.139,8.93108,0,0.04,3.55843,3.55843,0,0.666772,6.048,99.3022,98.274,4.9388,0,0,2.0641,2.0641,0,1.59454,3.38688
85.139,85.139,8.15819,0,0.04,3.55884,3.55884,0,0.66685,6.048,99.3022,98.274,4.62251,0,0,2.06434,2.06434,0,1.59473,3.38688
85.139,85.139,7.17003,0,0.04,3.55926,3.55926,0,0.666927,6.048,99.2148,98.274,3.55122,0,0,2.06458,2.06458,0,1.59491,3.38688
85.139,85.139,9.35671,0,0.04,3.90687,3.90687,0,0.667005,6.048,99.3022,98.274,8.95861,0,0,2.3076,2.3076,0,1.5951,3.38688
85.139,85.139,7.44961,0,0.04,3.90733,3.90733,0,0.732148,6.048,99.3022,98.274,4.86107,0,0,2.30787,2.30787,0,1.78285,3.38688
85.139,85.139,9.32096,0,0.04,3.90778,3.90778,0,0.732233,6.048,99.3022,98.274,5.80852,0,0,2.30814,2.30814,0,1.78306,3.38688
85.139,85.139,9.54182,0,0.04,3.90823,3.90823,0,0.732318,6.048,99.3022,98.274,8.71607,0,0,2.30841,2.30841,0,1.78327,3.38688
85.139,85.139,4.48981,0.25,0.04,3.11084,3.41324,0,0.732403,6.048,99.3022,98.274,4.03348,0,0,2.28511,1.98271,0,1.78347,3.38688
85.139,85.139,5.47395,0.28,0.04,3.11123,3.41363,0,0.582971,6.048,99.3022,98.274,4.67024,0,0,2.28534,1.98294,0,1.76548,3.38688
85.139,85.139,5.85262,0.3,0.04,3.11163,3.41403,0,0.583045,6.048,99.3022,98.274,4.29147,0,0,2.28557,1.98317,0,1.76565,3.38688
85.139,85.139,5.26659,0.56,0.04,3.11202,3.41442,0,0.583119,6.048,99.3022,98.274,4.74061,0,0,2.2858,1.9834,0,1.76583,3.38688
85.139,85.139,5.63595,0.6,0.04,3.11242,3.41482,0,0.583193,6.048,99.3022,98.274,6.9005,0,0,2.28603,1.98363,0,1.76601,3.38688
85.139,85.139,5.1181,0.63,0.04,3.2376,3.54,0,0.583268,6.048,99.3022,98.274,6.33161,0,0,2.36605,2.06365,0,1.76619,3.38688
85.139,85.139,4.71294,0.64,0.04,3.23801,3.54041,0,0.606727,6.048,99.3022,98.274,5.27147,0,0,2.36629,2.06389,0,1.82801,3.38688
85.139,85.139,6.09142,0.59,0.04,3.23842,3.54082,0,0.606804,6.048,99.3022,98.274,6.57563,0,0,2.36653,2.06413,0,1.8282,3.38688
85.139,85.139,5.2491,0.58,0.04,3.23883,3.54123,0,0.606881,6.048,99.3022,98.274,6.24664,0,0,2.36677,2.06437,0,1.82838,3.38688
85.139,85.139,4.66966,0.56,0.04,3.19043,3.49283,0,0.606958,6.048,99.3022,98.274,5.62691,0,0,2.336,2.0336,0,1.82857,3.38688
85.139,85.139,4.18683,0.51,0.04,3.19084,3.49324,0,0.597887,6.048,99.3022,98.274,4.98409,0,0,2.33624,2.03384,0,1.8048,3.38688
85.139,85.139,3.87441,0.49,0.04,3.19124,3.49364,0,0.597963,6.048,99.3022,98.274,4.69994,0,0,2.33648,2.03408,0,1.80498,3.38688
85.139,85.139,3.76471,0.43,0.04,3.19165,3.49405,0,0.598039,6.048,99.3022,98.274,5.39915,0,0,2.33671,2.03431,0,1.80516,3.38688
85.0667,85.139,3.53318,0.41,0.04,3.35782,3.66022,0,0.598115,6.048,99.3022,98.274,4.63366,0,0,2.44695,2.14455,0,1.80534,3.38688
84.6383,85.139,3.10118,0.46,0.04,3.35825,3.66065,0,0.629256,6.048,99.3022,98.274,4.1829,0,0,2.4472,2.1448,0,1.89051,3.38688
84.0949,85.139,2.96446,0.41,0.04,3.35867,3.66107,0,0.629335,6.048,99.3022,98.274,4.24439,0,0,2.44744,2.14504,0,1.8907,3.38688
83.4303,85.139,2.82921,0.39,0.04,3.35909,3.66149,0,0.629415,6.048,99.3022,98.274,4.11851,0,0,2.44769,2.14529,0,1.8909,3.38688
82.8473,85.139,2.8641,0.34,0.04,3.35952,3.66192,0,0.629494,6.048,99.3022,98.274,3.34262,0,0,2.44794,2.14554,0,1.89109,3.38688
82.3907,85.139,2.93387,0.32,0.04,3.32714,3.62954,0,0.629574,6.048,99.2199,98.274,2.71273,0,0,2.50868,2.20628,0,1.89128,3.38688
81.7247,85.139,2.72079,0.31,0.04,3.32756,3.62996,0,0.623507,6.048,99.109,98.274,2.66106,0,0,2.50894,2.20654,0,1.93821,3.38688
80.8235,85.139,2.4777,0.29,0.04,3.32799,3.63039,0,0.623586,6.048,98.9521,98.274,2.4462,0,0,2.5092,2.2068,0,1.93841,3.38688
79.8158,85.139,2.36098,0.27,0.04,3.32841,3.63081,0,0.623664,6.048,98.7525,98.274,2.36398,0,0,2.50945,2.20705,0,1.9386,3.38688
78.9582,85.139,2.56627,0.15,0.04,3.41357,3.71597,0,0.623743,6.048,98.5669,98.274,2.60438,0,0,2.56364,2.26124,0,1.9388,3.38688
77.9496,85.139,2.39741,0.33,0.04,3.414,3.7164,0,0.639704,6.048,98.3234,98.274,2.4499,0,0,2.56391,2.26151,0,1.98067,3.38688
76.761,85.139,2.20051,0.31,0.04,3.41444,3.71684,0,0.639784,6.048,98.0724,98.274,2.31532,0,0,2.56417,2.26177,0,1.98087,3.38688
76.0187,85.139,2.62824,0.17,0.04,3.41487,3.71727,0,0.639865,6.048,97.993,98.274,3.07266,0,0,2.56443,2.26203,0,1.98108,3.38688
74.2079,85.139,1.76519,0.17,0.04,3.66359,3.96599,0,0.639946,6.048,97.6637,98.274,2.21045,0,0,2.75947,2.45707,0,1.98128,3.38688
72.3287,85.139,1.68254,0.01,0.04,3.66405,3.96645,0,0.686556,6.048,97.301,98.274,2.05902,0,0,2.75975,2.45735,0,2.13196,3.38688
71.2616,85.139,2.5235,0.18,0.04,3.66451,3.96691,0,0.686642,6.048,97.0494,98.274,2.42861,0,0,2.76004,2.45764,0,2.13218,3.38688
71.1736,85.139,3.54144,0.16,0.04,3.66497,3.96737,0,0.686728,6.048,96.9993,98.274,2.71778,0,0,2.76032,2.45792,0,2.1324,3.38688
70.4091,85.139,2.86276,0.02,0.04,3.66543,3.96783,0,0.686815,6.048,96.9198,98.274,2.60679,0,0,2.76061,2.45821,0,2.13262,3.38688
69.5538,85.139,2.89324,0,0.04,3.84721,3.84721,0,0.686901,6.048,97.4289,98.274,4.35872,0,0,2.3402,2.3402,0,2.13284,3.38688
68.3804,85.139,2.56975,0,0.04,3.84766,3.84766,0,0.720967,6.048,97.3046,98.274,2.63436,0,0,2.34047,2.34047,0,1.80804,3.38688
66.8488,85.139,2.18943,0,0.04,3.8481,3.8481,0,0.721051,6.048,97.1083,98.274,2.40945,0,0,2.34075,2.34075,0,1.80825,3.38688
67.5905,85.139,4.67565,0,0.04,3.84855,3.84855,0,0.721134,6.048,97.1903,98.274,3.841,0,0,2.34102,2.34102,0,1.80846,3.38688
65.225,85.139,1.45749,0,0.04,3.74956,3.74956,0,0.721218,6.048,96.9307,98.274,1.69772,0,0,2.23357,2.23357,0,1.80867,3.38688
64.818,85.139,3.48723,0,0.04,3.75,3.75,0,0.702668,6.048,97.477,98.274,4.2101,0,0,2.23382,2.23382,0,1.72565,3.38688
65.6803,85.139,4.88438,0,0.04,3.75043,3.75043,0,0.70275,6.048,98.5753,98.274,6.73131,0,0,2.23408,2.23408,0,1.72585,3.38688
66.0134,85.139,4.21469,0,0.04,3.75087,3.75087,0,0.702831,6.048,99.3022,98.274,5.24777,0,0,2.23434,2.23434,0,1.72605,3.38688
66.0018,85.139,3.61662,0,0.04,3.46879,3.46879,0,0.702913,6.048,99.3022,98.274,3.91293,0,0,2.01014,2.01014,0,1.72625,3.38688
67.0043,85.139,4.74068,0,0.04,3.46919,3.46919,0,0.650051,6.048,99.3022,98.274,4.16431,0,0,2.01038,2.01038,0,1.55304,3.38688
68.2298,85.139,5.10629,0,0.04,3.46959,3.46959,0,0.650126,6.048,99.3022,98.274,10.9294,0,0,2.01061,2.01061,0,1.55322,3.38688
68.5805,85.139,4.08555,0,0.04,3.46999,3.46999,0,0.650201,6.048,99.3022,98.274,5.48807,0,0,2.01084,2.01084,0,1.5534,3.38688
68.5552,85.139,3.63908,0,0.04,3.4704,3.4704,0,0.650277,6.048,99.3022,98.274,3.96414,0,0,2.01107,2.01107,0,1.55358,3.38688
70.7984,85.139,6.04287,0,0.04,3.57951,3.57951,0,0.650352,6.048,99.3022,98.274,4.1644,0,0,2.07633,2.07633,0,1.55376,3.38688
71.7347,85.139,4.71826,0,0.04,3.57989,3.57989,0,0.6708,6.048,99.3022,98.274,4.05276,0,0,2.07655,2.07655,0,1.60417,3.38688
75.0394,85.139,7.31547,0,0.04,3.58027,3.58027,0,0.670871,6.048,99.3022,98.274,5.27155,0,0,2.07677,2.07677,0,1.60434,3.38688
76.9008,85.139,5.83708,0,0.04,3.58064,3.58064,0,0.670942,6.048,99.3022,98.274,3.77689,0,0,2.07699,2.07699,0,1.60451,3.38688
78.5457,85.139,5.85288,0,0.04,3.93031,3.93031,0,0.671013,6.048,99.3022,98.274,3.93523,0,0,2.32144,2.32144,0,1.60468,3.38688
78.8289,85.139,4.61531,0,0.04,3.93072,3.93072,0,0.73654,6.048,99.3022,98.274,4.02003,0,0,2.32169,2.32169,0,1.79355,3.38688
78.6891,85.139,4.05089,0,0.04,3.93114,3.93114,0,0.736618,6.048,99.3022,98.274,3.54297,0,0,2.32194,2.32194,0,1.79374,3.38688
78.9777,85.139,4.44884,0,0.04,3.93156,3.93156,0,0.736696,6.048,99.3022,98.274,3.68322,0,0,2.32218,2.32218,0,1.79393,3.38688
79.4724,85.139,4.34818,0,0.04,3.43357,3.43357,0,0.736774,6.048,99.3022,98.274,4.71545,0,0,1.99452,1.99452,0,1.79412,3.38688
79.5965,85.139,4.05383,0,0.04,3.43393,3.43393,0,0.643451,6.048,99.3022,98.274,4.83097,0,0,1.99473,1.99473,0,1.54097,3.38688
79.8786,85.139,4.1486,0,0.04,3.4343,3.4343,0,0.643519,6.048,99.3022,98.274,5.65711,0,0,1.99494,1.99494,0,1.54113,3.38688
82.5828,85.139,6.61661,0,0.04,3.43466,3.43466,0,0.643587,6.048,99.3022,98.274,8.89296,0,0,1.99516,1.99516,0,1.54129,3.38688
84.717,85.139,6.13887,0,0.04,3.43502,3.43502,0,0.643655,6.048,99.3022,98.274,8.15767,0,0,1.99537,1.99537,0,1.54146,3.38688
85.0273,85.139,4.37618,0,0.04,3.56091,3.56091,0,0.643724,6.048,99.3022,98.274,4.74838,0,0,2.07584,2.07584,0,1.54162,3.38688
84.7792,85.139,3.74159,0,0.04,3.56129,3.56129,0,0.667314,6.048,99.3022,98.274,3.82927,0,0,2.07606,2.07606,0,1.60379,3.38688
85.0339,85.139,4.21136,0,0.04,3.56166,3.56166,0,0.667385,6.048,99.3022,98.274,4.06379,0,0,2.07628,2.07628,0,1.60396,3.38688
85.139,85.139,4.15035,0,0.04,3.56204,3.56204,0,0.667456,6.048,99.3022,98.274,4.80944,0,0,2.0765,2.0765,0,1.60413,3.38688
84.5058,85.139,3.21001,0,0.04,3.51332,3.51332,0,0.667526,6.048,99.1159,98.274,2.83708,0,0,2.04553,2.04553,0,1.6043,3.38688
83.4231,85.139,2.7153,0,0.04,3.51369,3.51369,0,0.658396,6.048,98.885,98.274,2.54473,0,0,2.04575,2.04575,0,1.58038,3.38688
82.0677,85.139,2.4021,0,0.04,3.51406,3.51406,0,0.658465,6.048,98.5347,98.274,2.23037,0,0,2.04596,2.04596,0,1.58054,3.38688
80.5378,85.139,2.18788,0,0.04,3.51443,3.51443,0,0.658535,6.048,98.2216,98.274,2.04303,0,0,2.04618,2.04618,0,1.58071,3.38688
79.1008,85.139,2.38078,0,0.04,3.68154,3.68154,0,0.658605,6.048,97.9001,98.274,2.28707,0,0,2.15704,2.15704,0,1.58088,3.38688
77.6665,85.139,2.36216,0,0.04,3.68193,3.68193,0,0.68992,6.048,97.5503,98.274,2.33388,0,0,2.15726,2.15726,0,1.66653,3.38688
76.1412,85.139,2.20265,0,0.04,3.68232,3.68232,0,0.689993,6.048,97.1756,98.274,2.0994,0,0,2.15749,2.15749,0,1.6667,3.38688
74.5032,85.139,2.05793,0,0.04,3.68271,3.68271,0,0.690066,6.048,96.7868,98.274,2.11829,0,0,2.15772,2.15772,0,1.66688,3.38688
72.8336,85.139,1.98689,0,0.04,3.6831,3.6831,0,0.690139,6.048,96.5121,98.274,2.32859,0,0,2.15795,2.15795,0,1.66706,3.38688
71.1912,85.139,1.96252,0,0.04,3.65049,3.65049,0,0.690212,6.048,96.3804,98.274,2.48328,0,0,2.21902,2.21902,0,1.66723,3.38688
69.4413,85.139,1.83709,0,0.04,3.65088,3.65088,0,0.684103,6.048,96.2167,98.274,2.39448,0,0,2.21925,2.21925,0,1.71441,3.38688
67.549,85.139,1.67441,0,0.04,3.65127,3.65127,0,0.684175,6.048,95.9618,98.274,2.27869,0,0,2.21949,2.21949,0,1.7146,3.38688
65.543,85.139,1.52059,0,0.04,3.65165,3.65165,0,0.684247,6.048,95.7119,98.274,2.10277,0,0,2.21972,2.21972,0,1.71478,3.38688
63.7975,85.139,1.81363,0,0.04,3.73727,3.73727,0,0.68432,6.048,95.5517,98.274,2.56204,0,0,2.2742,2.2742,0,1.71496,3.38688
61.903,85.139,1.63661,0,0.04,3.73767,3.73767,0,0.700365,6.048,95.341,98.274,2.46505,0,0,2.27444,2.27444,0,1.75705,3.38688
59.8958,85.139,1.49278,0,0.04,3.73806,3.73806,0,0.700439,6.048,95.0993,98.274,2.27802,0,0,2.27468,2.27468,0,1.75724,3.38688
57.7416,85.139,1.3014,0,0.04,3.73846,3.73846,0,0.700513,6.048,94.8482,98.274,2.26222,0,0,2.27493,2.27493,0,1.75742,3.38688
55.4377,85.139,1.30916,0,0.04,3.98855,3.98855,0,0.700587,6.048,94.8347,98.274,2.69179,0,0,2.47105,2.47105,0,1.75761,3.38688
53.532,85.139,1.69832,0,0.04,3.98898,3.98898,0,0.747455,6.048,94.974,98.274,3.15898,0,0,2.47131,2.47131,0,1.90913,3.38688
51.5324,85.139,1.55165,0,0.04,3.9894,3.9894,0,0.747534,6.048,94.8256,98.274,2.50579,0,0,2.47157,2.47157,0,1.90933,3.38688
49.071,85.139,1.06431,0,0.04,3.98982,3.98982,0,0.747613,6.048,94.559,98.274,2.18388,0,0,2.47183,2.47183,0,1.90954,3.38688
46.6109,85.139,1.02098,0,0.04,3.99024,3.99024,0,0.747692,6.048,94.2117,98.274,2.1814,0,0,2.47209,2.47209,0,1.90974,3.38688
44.2493,85.139,0.961073,0,0.04,3.8689,3.8689,0,0.747771,6.048,94.0873,98.274,2.15618,0,0,2.3534,2.3534,0,1.90994,3.38688
42.2938,85.139,1.33481,0,0.04,3.86931,3.86931,0,0.725032,6.048,94.0545,98.274,2.35147,0,0,2.35365,2.35365,0,1.81824,3.38688
40.8646,85.139,1.87096,0,0.04,3.86972,3.86972,0,0.725109,6.048,94.5799,98.274,3.87401,0,0,2.3539,2.3539,0,1.81843,3.38688
39.2157,85.139,1.64795,0,0.04,3.87013,3.87013,0,0.725186,6.048,94.7301,98.274,2.79041,0,0,2.35415,2.35415,0,1.81862,3.38688
37.9455,85.139,1.91469,0,0.04,3.77055,3.77055,0,0.725263,6.048,94.845,98.274,3.37025,0,0,2.24607,2.24607,0,1.81881,3.38688
37.3222,85.139,2.54042,0,0.04,3.77095,3.77095,0,0.706602,6.048,95.3117,98.274,3.8781,0,0,2.24631,2.24631,0,1.73531,3.38688
37.5221,85.139,3.37096,0,0.04,3.77135,3.77135,0,0.706677,6.048,95.9306,98.274,4.57143,0,0,2.24654,2.24654,0,1.7355,3.38688
37.4558,85.139,3.24195,0,0.04,3.77175,3.77175,0,0.706751,6.048,97.4945,98.274,5.69803,0,0,2.24678,2.24678,0,1.73568,3.38688
37.9469,85.139,3.68959,0,0.04,3.48806,3.48806,0,0.706826,6.048,99.3022,98.274,8.60662,0,0,2.02131,2.02131,0,1.73586,3.38688
39.1283,85.139,4.52584,0,0.04,3.48843,3.48843,0,0.653663,6.048,99.3022,98.274,6.99171,0,0,2.02153,2.02153,0,1.56167,3.38688
41.2381,85.139,5.61576,0,0.04,3.4888,3.4888,0,0.653732,6.048,99.3022,98.274,8.06596,0,0,2.02174,2.02174,0,1.56183,3.38688
42.9827,85.139,5.2778,0,0.04,3.48917,3.48917,0,0.653801,6.048,99.3022,98.274,12.773,0,0,2.02195,2.02195,0,1.562,3.38688
43.3892,85.139,3.79274,0,0.04,3.48954,3.48954,0,0.65387,6.048,99.3022,98.274,6.17822,0,0,2.02217,2.02217,0,1.56216,3.38688
47.1313,85.139,7.47965,0,0.04,3.59922,3.59922,0,0.653939,6.048,99.3022,98.274,11.7602,0,0,2.08776,2.08776,0,1.56233,3.38688
50.5452,85.139,7.14085,0,0.04,3.59956,3.59956,0,0.674493,6.048,99.3022,98.274,10.6238,0,0,2.08796,2.08796,0,1.613,3.38688
54.2541,85.139,7.56069,0,0.04,3.59991,3.59991,0,0.674558,6.048,99.3022,98.274,15.0873,0,0,2.08816,2.08816,0,1.61316,3.38688
56.5911,85.139,6.11732,0,0.04,3.60025,3.60025,0,0.674622,6.048,99.3022,98.274,9.83738,0,0,2.08836,2.08836,0,1.61331,3.38688
59.118,85.139,6.69916,0,0.04,3.95179,3.95179,0,0.674687,6.048,99.3022,98.274,8.35555,0,0,2.33413,2.33413,0,1.61347,3.38688
63.0733,85.139,8.34386,0,0.04,3.95217,3.95217,0,0.740566,6.048,99.3022,98.274,10.4921,0,0,2.33436,2.33436,0,1.80335,3.38688
69.0863,85.139,10.5188,0,0.04,3.95255,3.95255,0,0.740637,6.048,99.3022,98.274,16.7521,0,0,2.33458,2.33458,0,1.80352,3.38688
73.1189,85.139,8.64626,0,0.04,3.95293,3.95293,0,0.740708,6.048,99.3022,98.274,12.5694,0,0,2.33481,2.33481,0,1.8037,3.38688
75.6965,85.139,6.57853,0,0.04,3.4522,3.4522,0,0.740779,6.048,99.3022,98.274,10.9189,0,0,2.00534,2.00534,0,1.80387,3.38688
77.5409,85.139,5.8319,0,0.04,3.45253,3.45253,0,0.646942,6.048,99.3022,98.274,11.5971,0,0,2.00554,2.00554,0,1.54933,3.38688
81.8955,85.139,8.52642,0,0.04,3.45286,3.45286,0,0.647005,6.048,99.3022,98.274,13.6347,0,0,2.00573,2.00573,0,1.54948,3.38688
84.9094,85.139,7.18178,0,0.04,3.45319,3.45319,0,0.647067,6.048,99.3022,98.274,12.4514,0,0,2.00592,2.00592,0,1.54963,3.38688
85.139,85.139,11.2645,0,0.04,3.45353,3.45353,0,0.647129,6.048,99.3022,98.274,15.1131,0,0,2.00611,2.00611,0,1.54977,3.38688
85.139,85.139,4.1782,0,0.04,3.58005,3.58005,0,0.647191,6.048,99.3022,98.274,6.18462,0,0,2.087,2.087,0,1.54992,3.38688
85.139,85.139,5.08077,0,0.04,3.5804,3.5804,0,0.670902,6.048,99.3022,98.274,7.95049,0,0,2.0872,2.0872,0,1.61241,3.38688
85.139,85.139,6.48551,0,0.04,3.58074,3.58074,0,0.670966,6.048,99.3022,98.274,11.2978,0,0,2.0874,2.0874,0,1.61257,3.38688
85.139,85.139,4.62233,0,0.04,3.58108,3.58108,0,0.671031,6.048,99.3022,98.274,7.86941,0,0,2.0876,2.0876,0,1.61272,3.38688
85.139,85.139,4.40132,0,0.04,3.53207,3.53207,0,0.671095,6.048,99.3022,98.274,5.36206,0,0,2.05645,2.05645,0,1.61288,3.38688
85.139,85.139,3.98073,0,0.04,3.5324,3.5324,0,0.661909,6.048,99.3022,98.274,5.24891,0,0,2.05664,2.05664,0,1.58881,3.38688
84.9126,85.139,3.54959,0,0.04,3.53274,3.53274,0,0.661973,6.048,99.3022,98.274,5.60934,0,0,2.05684,2.05684,0,1.58896,3.38688
84.8326,85.139,3.69235,0,0.04,3.53308,3.53308,0,0.662036,6.048,99.3022,98.274,4.87895,0,0,2.05704,2.05704,0,1.58912,3.38688
84.658,85.139,3.69346,0,0.04,3.70104,3.70104,0,0.6621,6.048,99.3022,98.274,4.62171,0,0,2.16846,2.16846,0,1.58927,3.38688
84.12,85.139,3.27851,0,0.04,3.70139,3.70139,0,0.693574,6.048,99.3022,98.274,4.2796,0,0,2.16867,2.16867,0,1.67535,3.38688
83.4731,85.139,3.15437,0,0.04,3.70175,3.70175,0,0.693641,6.048,99.3022,98.274,4.13239,0,0,2.16888,2.16888,0,1.67551,3.38688
82.7204,85.139,3.02595,0,0.04,3.7021,3.7021,0,0.693707,6.048,99.3022,98.274,4.15987,0,0,2.16908,2.16908,0,1.67567,3.38688
81.9625,85.139,2.97603,0,0.04,3.70246,3.70246,0,0.693774,6.048,99.3022,98.274,4.21831,0,0,2.16929,2.16929,0,1.67583,3.38688
80.9848,85.139,2.7003,0,0.04,3.66965,3.66965,0,0.69384,6.048,99.3022,98.274,3.93521,0,0,2.23066,2.23066,0,1.676,3.38688
79.787,85.139,2.45658,0,0.04,3.67,3.67,0,0.687692,6.048,99.3022,98.274,3.68603,0,0,2.23087,2.23087,0,1.72341,3.38688
78.4382,85.139,2.28279,0,0.04,3.67035,3.67035,0,0.687758,6.048,99.3022,98.274,3.39291,0,0,2.23109,2.23109,0,1.72357,3.38688
77.0431,85.139,2.21141,0,0.04,3.6707,3.6707,0,0.687824,6.048,99.3022,98.274,3.18706,0,0,2.2313,2.2313,0,1.72374,3.38688
75.6491,85.139,2.25797,0,0.04,3.75673,3.75673,0,0.68789,6.048,99.2881,98.274,3.19202,0,0,2.28604,2.28604,0,1.7239,3.38688
74.2025,85.139,2.18515,0,0.04,3.75709,3.75709,0,0.704011,6.048,99.2524,98.274,3.24672,0,0,2.28626,2.28626,0,1.7662,3.38688
72.5042,85.139,1.9145,0,0.04,3.75745,3.75745,0,0.704078,6.048,99.1616,98.274,2.99427,0,0,2.28648,2.28648,0,1.76637,3.38688
70.6856,85.139,1.76803,0,0.04,3.75781,3.75781,0,0.704146,6.048,99.0526,98.274,2.89654,0,0,2.2867,2.2867,0,1.76654,3.38688
68.4568,85.139,1.52927,0,0.04,4.00916,4.00916,0,0.704213,6.048,98.8958,98.274,2.76721,0,0,2.48382,2.48382,0,1.76671,3.38688
66.2628,85.139,1.53525,0,0.04,4.00955,4.00955,0,0.751317,6.048,98.6311,98.274,2.51272,0,0,2.48405,2.48405,0,1.919,3.38688
64.188,85.139,1.65229,0,0.04,4.00993,4.00993,0,0.751389,6.048,98.5366,98.274,3.06847,0,0,2.48429,2.48429,0,1.91918,3.38688
61.8645,85.139,1.36937,0,0.04,4.01031,4.01031,0,0.751461,6.048,98.196,98.274,2.17277,0,0,2.48453,2.48453,0,1.91936,3.38688
59.9181,85.139,1.72778,0,0.04,4.0107,4.0107,0,0.751533,6.048,98.3852,98.274,4.18308,0,0,2.48477,2.48477,0,1.91955,3.38688
57.9457,85.139,1.67603,0,0.04,3.8887,3.8887,0,0.751605,6.048,98.8193,98.274,5.28933,0,0,2.36544,2.36544,0,1.91973,3.38688
56.459,85.139,2.28094,0,0.04,3.88907,3.88907,0,0.728742,6.048,99.3022,98.274,5.5886,0,0,2.36567,2.36567,0,1.82754,3.38688
54.4363,85.139,1.57928,0,0.04,3.88945,3.88945,0,0.728812,6.048,99.3022,98.274,5.18711,0,0,2.36589,2.36589,0,1.82771,3.38688
52.3884,85.139,1.48695,0,0.04,3.88982,3.88982,0,0.728882,6.048,99.3022,98.274,4.99208,0,0,2.36612,2.36612,0,1.82789,3.38688
50.7144,85.139,1.86305,0,0.04,3.7897,3.7897,0,0.728952,6.048,99.3022,98.274,5.19753,0,0,2.25747,2.25747,0,1.82807,3.38688
49.3359,85.139,2.13696,0,0.04,3.79006,3.79006,0,0.710189,6.048,99.3022,98.274,5.64269,0,0,2.25769,2.25769,0,1.74412,3.38688
49.7389,85.139,3.98461,0,0.04,3.79042,3.79042,0,0.710257,6.048,99.3022,98.274,10.1932,0,0,2.25791,2.25791,0,1.74429,3.38688
51.3753,85.139,5.25896,0,0.04,3.79079,3.79079,0,0.710325,6.048,99.3022,98.274,9.49892,0,0,2.25812,2.25812,0,1.74446,3.38688
53.0856,85.139,5.24097,0,0.04,3.50563,3.50563,0,0.710393,6.048,99.3022,98.274,7.20369,0,0,2.0315,2.0315,0,1.74462,3.38688
53.3154,85.139,3.7078,0,0.04,3.50597,3.50597,0,0.656956,6.048,99.3022,98.274,6.45786,0,0,2.03169,2.03169,0,1.56953,3.38688
53.807,85.139,4.01714,0,0.04,3.5063,3.5063,0,0.657019,6.048,99.3022,98.274,6.52803,0,0,2.03188,2.03188,0,1.56968,3.38688
55.7943,85.139,5.49894,0,0.04,3.50664,3.50664,0,0.657081,6.048,99.3022,98.274,6.18412,0,0,2.03208,2.03208,0,1.56983,3.38688
58.8249,85.139,6.82542,0,0.04,3.50698,3.50698,0,0.657144,6.048,99.3022,98.274,10.7107,0,0,2.03227,2.03227,0,1.56998,3.38688
67.9125,85.139,13.1715,0,0.04,3.61717,3.61717,0,0.657207,6.048,99.3022,98.274,7.5253,0,0,2.09817,2.09817,0,1.57013,3.38688
70.5427,85.139,6.58873,0,0.04,3.61748,3.61748,0,0.677857,6.048,99.3022,98.274,6.31985,0,0,2.09836,2.09836,0,1.62105,3.38688
72.6175,85.139,6.06383,0,0.04,3.61779,3.61779,0,0.677915,6.048,99.3022,98.274,6.94176,0,0,2.09854,2.09854,0,1.62119,3.38688
75.404,85.139,6.75925,0,0.04,3.6181,3.6181,0,0.677974,6.048,99.3022,98.274,6.64888,0,0,2.09872,2.09872,0,1.62133,3.38688
78.7719,85.139,7.77291,0,0.04,3.97135,3.97135,0,0.678032,6.048,99.3022,98.274,6.01166,0,0,2.34568,2.34568,0,1.62147,3.38688
80.5109,85.139,6.25162,0,0.04,3.97169,3.97169,0,0.74423,6.048,99.3022,98.274,5.82496,0,0,2.34589,2.34589,0,1.81227,3.38688
81.6522,85.139,5.5076,0,0.04,3.97203,3.97203,0,0.744294,6.048,99.3022,98.274,5.05883,0,0,2.34609,2.34609,0,1.81243,3.38688
83.3589,85.139,6.05503,0,0.04,3.97237,3.97237,0,0.744358,6.048,99.3022,98.274,5.26147,0,0,2.34629,2.34629,0,1.81259,3.38688
85.139,85.139,8.1189,0,0.04,3.46915,3.46915,0,0.744422,6.048,99.3022,98.274,6.92811,0,0,2.01519,2.01519,0,1.81274,3.38688
85.139,85.139,8.57279,0,0.04,3.46945,3.46945,0,0.650118,6.048,99.3022,98.274,7.13032,0,0,2.01536,2.01536,0,1.55693,3.38688
85.139,85.139,5.95335,0,0.04,3.46974,3.46974,0,0.650174,6.048,99.3022,98.274,6.53069,0,0,2.01554,2.01554,0,1.55707,3.38688
85.139,85.139,8.06698,0,0.04,3.47004,3.47004,0,0.65023,6.048,99.3022,98.274,6.31461,0,0,2.01571,2.01571,0,1.5572,3.38688
85.139,85.139,7.31056,0,0.04,3.47034,3.47034,0,0.650286,6.048,99.3022,98.274,7.13228,0,0,2.01588,2.01588,0,1.55734,3.38688
85.139,85.139,9.57965,0,0.04,3.59745,3.59745,0,0.650342,6.048,99.3022,98.274,6.32493,0,0,2.09714,2.09714,0,1.55747,3.38688
85.139,85.139,7.66885,0,0.04,3.59776,3.59776,0,0.674162,6.048,99.3022,98.274,5.60113,0,0,2.09732,2.09732,0,1.62025,3.38688
85.139,85.139,6.47527,0,0.04,3.59807,3.59807,0,0.67422,6.048,99.3022,98.274,4.9651,0,0,2.0975,2.0975,0,1.62039,3.38688
85.139,85.139,5.81396,0,0.04,3.59838,3.59838,0,0.674278,6.048,99.3022,98.274,4.55914,0,0,2.09768,2.09768,0,1.62053,3.38688
85.139,85.139,6.04106,0.17,0.04,3.24669,3.54909,0,0.674336,6.048,99.3022,98.274,4.98889,0,0,2.36876,2.06636,0,1.62067,3.38688
85.139,85.139,4.8272,0.28,0.04,3.247,3.5494,0,0.60843,6.048,99.3022,98.274,4.235,0,0,2.36894,2.06654,0,1.8301,3.38688
85.139,85.139,4.23995,0.27,0.04,3.2473,3.5497,0,0.608487,6.048,99.3022,98.274,3.8272,0,0,2.36912,2.06672,0,1.83024,3.38688
85.139,85.139,4.59747,0.22,0.04,3.24761,3.55001,0,0.608544,6.048,99.3022,98.274,3.43034,0,0,2.36929,2.06689,0,1.83038,3.38688
85.139,85.139,4.61177,0.21,0.04,3.41633,3.71873,0,0.608602,6.048,99.3022,98.274,3.7016,0,0,2.48123,2.17883,0,1.83052,3.38688
85.139,85.139,4.14588,0.18,0.04,3.41665,3.71905,0,0.64022,6.048,99.3022,98.274,3.85374,0,0,2.48142,2.17902,0,1.917,3.38688
85.139,85.139,3.60245,0.17,0.04,3.41697,3.71937,0,0.64028,6.048,99.3022,98.274,3.42469,0,0,2.4816,2.1792,0,1.91714,3.38688
84.7698,85.139,3.18379,0.15,0.04,3.41729,3.71969,0,0.64034,6.048,99.2948,98.274,3.24007,0,0,2.48179,2.17939,0,1.91729,3.38688
84.1949,85.139,2.96195,0.31,0.04,3.41761,3.72001,0,0.6404,6.048,99.2407,98.274,3.11831,0,0,2.48198,2.17958,0,1.91743,3.38688
83.7971,85.139,3.09236,0.28,0.04,3.38461,3.68701,0,0.64046,6.048,99.104,98.274,2.92885,0,0,2.54362,2.24122,0,1.91758,3.38688
83.1303,85.139,2.81652,0.16,0.04,3.38493,3.68733,0,0.634276,6.048,98.9267,98.274,2.69081,0,0,2.54381,2.24141,0,1.9652,3.38688
82.2518,85.139,2.57414,0.16,0.04,3.38524,3.68764,0,0.634335,6.048,98.6942,98.274,2.5807,0,0,2.544,2.2416,0,1.96535,3.38688
81.2658,85.139,2.42331,0.14,0.04,3.38556,3.68796,0,0.634395,6.048,98.1258,98.274,2.49072,0,0,2.54419,2.24179,0,1.9655,3.38688
79.7459,85.139,2.21607,0,0.04,3.77436,3.77436,0,0.634454,6.048,97.3279,98.274,1.94669,0,0,2.29677,2.29677,0,1.96564,3.38688
77.9869,85.139,1.94047,0,0.04,3.77468,3.77468,0,0.707314,6.048,96.321,98.274,1.61004,0,0,2.29697,2.29697,0,1.77449,3.38688
76.3557,85.139,1.79731,0.14,0.04,3.47261,3.77501,0,0.707375,6.048,95.3892,98.274,1.43248,0,0,2.59957,2.29717,0,1.77464,3.38688
74.5284,85.139,1.83084,0,0.04,3.77533,3.77533,0,0.650766,6.048,94.6387,98.274,1.64217,0,0,2.29736,2.29736,0,2.00843,3.38688
72.7068,85.139,2.03325,0,0.04,4.02782,4.02782,0,0.707497,6.048,93.9262,98.274,1.81496,0,0,2.49537,2.49537,0,1.77494,3.38688
70.9354,85.139,2.095,0,0.04,4.02816,4.02816,0,0.754813,6.048,93.294,98.274,1.78409,0,0,2.49559,2.49559,0,1.92792,3.38688
69.5927,85.139,2.50422,0,0.04,4.02851,4.02851,0,0.754878,6.048,92.6629,98.274,2.01434,0,0,2.4958,2.4958,0,1.92809,3.38688
67.9717,85.139,2.20515,0,0.04,4.02886,4.02886,0,0.754943,6.048,91.9415,98.274,1.86026,0,0,2.49602,2.49602,0,1.92826,3.38688
65.9277,85.139,1.77184,0,0.04,4.0292,4.0292,0,0.755007,6.048,91.4391,98.274,1.66696,0,0,2.49623,2.49623,0,1.92842,3.38688
63.3798,85.139,1.10104,0,0.04,3.9066,3.9066,0,0.755072,6.048,90.5937,98.274,2.17742,0,0,2.37633,2.37633,0,1.92859,3.38688
60.7131,85.139,0.949565,0,0.04,3.90694,3.90694,0,0.732097,6.048,89.5379,98.274,1.24539,0,0,2.37654,2.37654,0,1.83595,3.38688
58.1066,85.139,0.986449,0,0.04,3.90727,3.90727,0,0.73216,6.048,88.91,98.274,1.21069,0,0,2.37674,2.37674,0,1.83611,3.38688
57.2286,85.139,2.86731,0,0.04,3.90761,3.90761,0,0.732223,6.048,88.6333,98.274,2.1979,0,0,2.37694,2.37694,0,1.83627,3.38688
56.0964,85.139,2.5309,0,0.04,3.807,3.807,0,0.732286,6.048,88.1964,98.274,2.33125,0,0,2.26778,2.26778,0,1.83643,3.38688
55.5298,85.139,3.1014,0,0.04,3.80732,3.80732,0,0.713431,6.048,87.8423,98.274,2.52393,0,0,2.26797,2.26797,0,1.75208,3.38688
54.7464,85.139,2.84537,0,0.04,3.80765,3.80765,0,0.713492,6.048,87.6341,98.274,3.33302,0,0,2.26817,2.26817,0,1.75223,3.38688
54.0838,85.139,3.05178,0,0.04,3.80798,3.80798,0,0.713554,6.048,87.6266,98.274,3.5002,0,0,2.26836,2.26836,0,1.75239,3.38688
55.594,85.139,5.04504,0,0.04,3.5215,3.5215,0,0.713615,6.048,87.5275,98.274,3.92605,0,0,2.04069,2.04069,0,1.75254,3.38688
55.948,85.139,3.90915,0,0.04,3.5218,3.5218,0,0.659928,6.048,87.3339,98.274,2.81451,0,0,2.04086,2.04086,0,1.57664,3.38688
56.2756,85.139,3.93302,0,0.04,3.5221,3.5221,0,0.659985,6.048,87.2871,98.274,3.34966,0,0,2.04104,2.04104,0,1.57677,3.38688
59.6921,85.139,7.15967,0,0.04,3.52241,3.52241,0,0.660042,6.048,88.1603,98.274,7.07326,0,0,2.04121,2.04121,0,1.57691,3.38688
60.264,85.139,4.35042,0,0.04,3.52271,3.52271,0,0.660099,6.048,88.0885,98.274,3.62381,0,0,2.04139,2.04139,0,1.57704,3.38688
60.0563,85.139,3.58393,0,0.04,3.63336,3.63336,0,0.660156,6.048,88.4785,98.274,4.08846,0,0,2.10757,2.10757,0,1.57718,3.38688
60.2177,85.139,3.79231,0,0.04,3.63364,3.63364,0,0.680891,6.048,88.7659,98.274,3.82181,0,0,2.10773,2.10773,0,1.62831,3.38688
61.743,85.139,5.49514,0,0.04,3.63391,3.63391,0,0.680943,6.048,89.04,98.274,4.19621,0,0,2.10789,2.10789,0,1.62843,3.38688
65.4479,85.139,7.93847,0,0.04,3.63419,3.63419,0,0.680995,6.048,90.6329,98.274,7.82103,0,0,2.10805,2.10805,0,1.62855,3.38688
67.9534,85.139,6.8716,0,0.04,3.98897,3.98897,0,0.681047,6.048,92.8511,98.274,9.72131,0,0,2.35609,2.35609,0,1.62868,3.38688
67.3593,85.139,3.56197,0,0.04,3.98927,3.98927,0,0.747532,6.048,93.636,98.274,4.39032,0,0,2.35627,2.35627,0,1.82032,3.38688
66.2448,85.139,3.00287,0,0.04,3.98957,3.98957,0,0.747589,6.048,94.6201,98.274,4.85204,0,0,2.35645,2.35645,0,1.82045,3.38688
65.6689,85.139,3.5119,0,0.04,3.98988,3.98988,0,0.747646,6.048,95.5051,98.274,4.98939,0,0,2.35663,2.35663,0,1.82059,3.38688
65.3475,85.139,3.37342,0,0.04,3.4844,3.4844,0,0.747703,6.048,96.2925,98.274,4.57578,0,0,2.02405,2.02405,0,1.82073,3.38688
67.2456,85.139,5.74278,0,0.04,3.48467,3.48467,0,0.652977,6.048,97.1895,98.274,5.2447,0,0,2.0242,2.0242,0,1.56378,3.38688
68.4939,85.139,5.0238,0,0.04,3.48494,3.48494,0,0.653027,6.048,97.2917,98.274,3.59838,0,0,2.02436,2.02436,0,1.5639,3.38688
68.675,85.139,3.98976,0,0.04,3.4852,3.4852,0,0.653077,6.048,96.9574,98.274,2.81738,0,0,2.02451,2.02451,0,1.56402,3.38688
68.1833,85.139,3.22696,0,0.04,3.48547,3.48547,0,0.653127,6.048,96.9454,98.274,2.17371,0,0,2.02467,2.02467,0,1.56414,3.38688
67.802,85.139,3.46567,0,0.04,3.61309,3.61309,0,0.653177,6.048,96.8864,98.274,2.93412,0,0,2.10626,2.10626,0,1.56426,3.38688
67.9122,85.139,4.01657,0,0.04,3.61337,3.61337,0,0.677094,6.048,96.9783,98.274,3.46676,0,0,2.10642,2.10642,0,1.6273,3.38688
69.2697,85.139,5.39653,0,0.04,3.61365,3.61365,0,0.677146,6.048,97.447,98.274,5.22983,0,0,2.10658,2.10658,0,1.62742,3.38688
69.2734,85.139,3.91792,0,0.04,3.61392,3.61392,0,0.677197,6.048,97.6384,98.274,3.76524,0,0,2.10674,2.10674,0,1.62754,3.38688
68.8407,85.139,3.31373,0,0.04,3.56439,3.56439,0,0.677249,6.048,97.5192,98.274,3.13778,0,0,2.07526,2.07526,0,1.62767,3.38688
67.8672,85.139,2.68408,0,0.04,3.56466,3.56466,0,0.667966,6.048,97.181,98.274,2.47163,0,0,2.07542,2.07542,0,1.60335,3.38688
66.4803,85.139,2.2308,0,0.04,3.56493,3.56493,0,0.668017,6.048,96.6521,98.274,2.2499,0,0,2.07558,2.07558,0,1.60347,3.38688
64.9096,85.139,2.0254,0,0.04,3.5652,3.5652,0,0.668068,6.048,96.2256,98.274,1.86034,0,0,2.07574,2.07574,0,1.60359,3.38688
63.7418,85.139,2.58397,0,0.04,3.73461,3.73461,0,0.668119,6.048,95.7954,98.274,2.15185,0,0,2.18813,2.18813,0,1.60372,3.38688
62.256,85.139,2.17799,0,0.04,3.73489,3.73489,0,0.699866,6.048,95.181,98.274,2.05852,0,0,2.1883,2.1883,0,1.69055,3.38688
60.7066,85.139,2.01764,0,0.04,3.73518,3.73518,0,0.699919,6.048,94.6689,98.274,1.87957,0,0,2.18847,2.18847,0,1.69068,3.38688
59.1494,85.139,1.97958,0,0.04,3.73546,3.73546,0,0.699973,6.048,94.1578,98.274,1.88587,0,0,2.18863,2.18863,0,1.69081,3.38688
57.4126,85.139,1.77802,0,0.04,3.73575,3.73575,0,0.700026,6.048,93.963,98.274,1.8804,0,0,2.1888,2.1888,0,1.69094,3.38688
55.6904,85.139,1.74801,0,0.04,3.70257,3.70257,0,0.70008,6.048,93.8063,98.274,2.66218,0,0,2.25068,2.25068,0,1.69107,3.38688
53.9223,85.139,1.65196,0,0.04,3.70286,3.70286,0,0.693862,6.048,93.5846,98.274,2.57473,0,0,2.25085,2.25085,0,1.73887,3.38688
52.1067,85.139,1.56336,0,0.04,3.70314,3.70314,0,0.693915,6.048,93.2955,98.274,2.44525,0,0,2.25102,2.25102,0,1.73901,3.38688
50.2166,85.139,1.45131,0,0.04,3.70342,3.70342,0,0.693968,6.048,92.8361,98.274,2.28183,0,0,2.25119,2.25119,0,1.73914,3.38688
48.2651,85.139,1.39114,0,0.04,3.79014,3.79014,0,0.694021,6.048,92.488,98.274,2.08195,0,0,2.30638,2.30638,0,1.73927,3.38688
46.3906,85.139,1.44279,0,0.04,3.79043,3.79043,0,0.710272,6.048,92.1699,98.274,2.2257,0,0,2.30655,2.30655,0,1.78191,3.38688
44.4686,85.139,1.32947,0,0.04,3.79072,3.79072,0,0.710327,6.048,91.6098,98.274,2.10635,0,0,2.30673,2.30673,0,1.78204,3.38688
42.4811,85.139,1.21016,0,0.04,3.79101,3.79101,0,0.710381,6.048,91.2153,98.274,1.8534,0,0,2.3069,2.3069,0,1.78218,3.38688
40.4843,85.139,1.31933,0,0.04,4.0445,4.0445,0,0.710435,6.048,90.7529,98.274,2.36926,0,0,2.50571,2.50571,0,1.78231,3.38688
38.4382,85.139,1.19531,0,0.04,4.04481,4.04481,0,0.75794,6.048,90.0642,98.274,1.92814,0,0,2.5059,2.5059,0,1.93591,3.38688
36.2624,85.139,1.01217,0,0.04,4.04512,4.04512,0,0.757998,6.048,89.6009,98.274,1.69766,0,0,2.50609,2.50609,0,1.93606,3.38688
34.2679,85.139,1.09914,0,0.04,4.04543,4.04543,0,0.758056,6.048,89.254,98.274,2.23248,0,0,2.50628,2.50628,0,1.93621,3.38688
32.2831,85.139,1.023,0,0.04,4.04574,4.04574,0,0.758113,6.048,88.6716,98.274,2.02488,0,0,2.50648,2.50648,0,1.93636,3.38688
30.4122,85.139,1.03634,0,0.04,3.9226,3.9226,0,0.758171,6.048,88.3211,98.274,1.90805,0,0,2.38606,2.38606,0,1.9365,3.38688
29.667,85.139,2.08876,0,0.04,3.9229,3.9229,0,0.735095,6.048,88.2935,98.274,3.5529,0,0,2.38624,2.38624,0,1.84347,3.38688
27.8906,85.139,0.995704,0,0.04,3.9232,3.9232,0,0.735151,6.048,87.7714,98.274,1.97536,0,0,2.38642,2.38642,0,1.84361,3.38688
26.3397,85.139,1.08745,0,0.04,3.92349,3.92349,0,0.735207,6.048,87.5379,98.274,2.04091,0,0,2.38661,2.38661,0,1.84375,3.38688
26.4769,85.139,2.71067,0,0.04,3.82243,3.82243,0,0.735263,6.048,87.6904,98.274,4.18106,0,0,2.27697,2.27697,0,1.84389,3.38688
26.1823,85.139,2.27308,0,0.04,3.82272,3.82272,0,0.716324,6.048,88.3324,98.274,4.71762,0,0,2.27715,2.27715,0,1.75919,3.38688
25.0921,85.139,1.43741,0,0.04,3.82302,3.82302,0,0.716379,6.048,88.4879,98.274,3.72976,0,0,2.27732,2.27732,0,1.75932,3.38688
26.6249,85.139,4.23291,0,0.04,3.82331,3.82331,0,0.716433,6.048,88.9744,98.274,4.66336,0,0,2.27749,2.27749,0,1.75946,3.38688
27.7545,85.139,3.75217,0,0.04,3.53564,3.53564,0,0.716488,6.048,89.1049,98.274,4.24986,0,0,2.04888,2.04888,0,1.75959,3.38688
28.629,85.139,3.55421,0,0.04,3.53591,3.53591,0,0.662579,6.048,90.5708,98.274,6.18062,0,0,2.04904,2.04904,0,1.58297,3.38688
29.7034,85.139,3.85405,0,0.04,3.53618,3.53618,0,0.662629,6.048,91.8536,98.274,6.16444,0,0,2.0492,2.0492,0,1.58309,3.38688
32.144,85.139,5.25506,0,0.04,3.53645,3.53645,0,0.66268,6.048,93.0147,98.274,5.8656,0,0,2.04935,2.04935,0,1.58321,3.38688
35.484,85.139,6.55175,0,0.04,3.53672,3.53672,0,0.66273,6.048,96.5746,98.274,10.4066,0,0,2.04951,2.04951,0,1.58333,3.38688
35.7038,85.139,3.30692,0,0.04,3.53672,3.53672,0,0.662781,6.048,98.4597,98.274,6.81219,0,0,2.04951,2.04951,0,1.58345,3.38688
35.8925,85.139,3.36619,0,0.06,3.64777,3.64777,0,0.662781,6.048,99.1854,98.274,4.75777,0,0,2.11593,2.11593,0,1.58345,3.38688
39.6671,85.139,6.99648,0,0.06,3.64802,3.64802,0,0.683592,6.048,99.3022,98.274,6.76232,0,0,2.11607,2.11607,0,1.63477,3.38688
44.151,85.139,7.92648,0,0.06,3.64826,3.64826,0,0.683638,6.048,99.3022,98.274,7.70257,0,0,2.11621,2.11621,0,1.63487,3.38688
52.6586,85.139,12.4686,0,0.06,3.6485,3.6485,0,0.683684,6.048,99.3022,98.274,8.92919,0,0,2.11635,2.11635,0,1.63498,3.38688
56.9833,85.139,8.48916,0,0.06,4.00464,4.00464,0,0.683729,6.048,99.3022,98.274,9.40277,0,0,2.36535,2.36535,0,1.63509,3.38688
59.3489,85.139,6.44702,0,0.06,4.0049,4.0049,0,0.750469,6.048,99.3022,98.274,5.16355,0,0,2.3655,2.3655,0,1.82747,3.38688
60.715,85.139,5.38285,0,0.06,4.00517,4.00517,0,0.750519,6.048,99.3022,98.274,4.34998,0,0,2.36566,2.36566,0,1.82759,3.38688
62.9051,85.139,6.29984,0,0.06,4.00544,4.00544,0,0.750569,6.048,99.3022,98.274,7.31948,0,0,2.36582,2.36582,0,1.82771,3.38688
64.3912,85.139,5.25811,0,0.06,3.49796,3.49796,0,0.750619,6.048,99.3022,98.274,7.3761,0,0,2.03192,2.03192,0,1.82783,3.38688
66.5688,85.139,6.02246,0,0.06,3.49819,3.49819,0,0.655517,6.048,99.3022,98.274,8.36251,0,0,2.03206,2.03206,0,1.56986,3.38688
71.2734,85.139,8.78713,0,0.06,3.49842,3.49842,0,0.655561,6.048,99.3022,98.274,15.3257,0,0,2.03219,2.03219,0,1.56997,3.38688
74.1575,85.139,6.94154,0,0.06,3.49866,3.49866,0,0.655604,6.048,99.3022,98.274,11.6284,0,0,2.03233,2.03233,0,1.57007,3.38688
77.5022,85.139,7.35073,0,0.06,3.49889,3.49889,0,0.655648,6.048,99.3022,98.274,10.1826,0,0,2.03247,2.03247,0,1.57018,3.38688
80.4862,85.139,7.08665,0,0.06,3.62697,3.62697,0,0.655692,6.048,99.3022,98.274,9.40387,0,0,2.11435,2.11435,0,1.57028,3.38688
84.6572,85.139,8.32667,0,0.06,3.62722,3.62722,0,0.679695,6.048,99.3022,98.274,10.3697,0,0,2.11449,2.11449,0,1.63355,3.38688
85.139,85.139,8.39855,0,0.06,3.62746,3.62746,0,0.67974,6.048,99.3022,98.274,10.0183,0,0,2.11463,2.11463,0,1.63366,3.38688
85.139,85.139,7.03956,0,0.06,3.6277,3.6277,0,0.679786,6.048,99.3022,98.274,7.44947,0,0,2.11477,2.11477,0,1.63377,3.38688
85.139,85.139,5.50908,0,0.06,3.57794,3.57794,0,0.679831,6.048,99.3022,98.274,5.23407,0,0,2.08316,2.08316,0,1.63387,3.38688
85.139,85.139,5.68355,0,0.06,3.57818,3.57818,0,0.670506,6.048,99.3022,98.274,7.27841,0,0,2.08329,2.08329,0,1.60945,3.38688
85.139,85.139,5.33009,0,0.06,3.57842,3.57842,0,0.670551,6.048,99.3022,98.274,7.02469,0,0,2.08343,2.08343,0,1.60955,3.38688
85.139,85.139,4.66913,0,0.06,3.57866,3.57866,0,0.670595,6.048,99.3022,98.274,6.15726,0,0,2.08357,2.08357,0,1.60966,3.38688
85.139,85.139,4.22942,0,0.06,3.74867,3.74867,0,0.67064,6.048,99.3022,98.274,4.80191,0,0,2.19637,2.19637,0,1.60977,3.38688
85.139,85.139,4.04611,0,0.06,3.74892,3.74892,0,0.7025,6.048,99.3022,98.274,4.74043,0,0,2.19651,2.19651,0,1.69691,3.38688
85.13,85.139,3.86564,0,0.06,3.74917,3.74917,0,0.702547,6.048,99.3022,98.274,4.9562,0,0,2.19666,2.19666,0,1.69703,3.38688
85.0707,85.139,3.577,0.06,0.06,3.44702,3.74942,0,0.702594,6.048,99.3022,98.274,4.72074,0,0,2.49921,2.19681,0,1.69714,3.38688
84.908,85.139,3.67672,0,0.06,3.74967,3.74967,0,0.645971,6.048,99.3022,98.274,3.27777,0,0,2.19695,2.19695,0,1.93089,3.38688
84.6124,85.139,3.46525,0,0.06,3.71633,3.71633,0,0.702687,6.048,99.2555,98.274,2.89065,0,0,2.25904,2.25904,0,1.69737,3.38688
84.0965,85.139,3.22846,0,0.06,3.71658,3.71658,0,0.69644,6.048,99.2102,98.274,2.92752,0,0,2.25919,2.25919,0,1.74533,3.38688
83.3711,85.139,3.00345,0,0.06,3.71683,3.71683,0,0.696487,6.048,99.1521,98.274,2.89291,0,0,2.25934,2.25934,0,1.74545,3.38688
82.9813,85.139,3.32181,0,0.06,3.71707,3.71707,0,0.696533,6.048,98.9915,98.274,2.85609,0,0,2.25949,2.25949,0,1.74557,3.38688
82.8485,85.139,3.64385,0,0.06,3.80408,3.80408,0,0.69658,6.048,98.8163,98.274,2.976,0,0,2.31486,2.31486,0,1.74568,3.38688
82.3169,85.139,3.23494,0,0.06,3.80433,3.80433,0,0.712884,6.048,98.5929,98.274,2.83256,0,0,2.31501,2.31501,0,1.78846,3.38688
81.525,85.139,2.96153,0,0.06,3.80458,3.80458,0,0.712932,6.048,98.3447,98.274,2.65321,0,0,2.31517,2.31517,0,1.78858,3.38688
80.3553,85.139,2.55532,0,0.06,3.80484,3.80484,0,0.712979,6.048,98.0877,98.274,2.63242,0,0,2.31532,2.31532,0,1.7887,3.38688
79.3291,85.139,2.90538,0,0.06,4.05922,4.05922,0,0.713027,6.048,97.6946,98.274,2.16798,0,0,2.51483,2.51483,0,1.78882,3.38688
78.6428,85.139,3.26538,0,0.06,4.05949,4.05949,0,0.760697,6.048,97.369,98.274,2.65258,0,0,2.51499,2.51499,0,1.94296,3.38688
77.3091,85.139,2.61734,0,0.06,4.05976,4.05976,0,0.760748,6.048,96.9135,98.274,1.93261,0,0,2.51516,2.51516,0,1.94308,3.38688
76.5731,85.139,3.18517,0,0.06,4.06003,4.06003,0,0.760799,6.048,96.8132,98.274,3.31745,0,0,2.51533,2.51533,0,1.94321,3.38688
75.7352,85.139,3.02662,0,0.06,4.0603,4.0603,0,0.76085,6.048,96.3902,98.274,2.19992,0,0,2.5155,2.5155,0,1.94334,3.38688
74.9209,85.139,3.01585,0,0.06,3.93668,3.93668,0,0.7609,6.048,96.0808,98.274,2.25524,0,0,2.39463,2.39463,0,1.94347,3.38688
74.51,85.139,3.44706,0,0.06,3.93694,3.93694,0,0.737734,6.048,96.0044,98.274,2.9064,0,0,2.39479,2.39479,0,1.85009,3.38688
73.9618,85.139,3.34705,0,0.06,3.9372,3.9372,0,0.737783,6.048,95.9119,98.274,2.84352,0,0,2.39494,2.39494,0,1.85021,3.38688
73.7668,85.139,3.80555,0,0.06,3.93747,3.93747,0,0.737832,6.048,96.1752,98.274,4.2799,0,0,2.3951,2.3951,0,1.85033,3.38688
74.0752,85.139,4.36739,0,0.06,3.83601,3.83601,0,0.737881,6.048,97.3278,98.274,7.98032,0,0,2.28506,2.28506,0,1.85046,3.38688
73.3198,85.139,3.27996,0,0.06,3.83626,3.83626,0,0.718868,6.048,98.3207,98.274,5.92812,0,0,2.28521,2.28521,0,1.76544,3.38688
73.7188,85.139,4.42317,0,0.06,3.83652,3.83652,0,0.718916,6.048,99.2835,98.274,7.09853,0,0,2.28536,2.28536,0,1.76555,3.38688
73.1006,85.139,3.42558,0,0.06,3.83677,3.83677,0,0.718964,6.048,99.3022,98.274,4.47098,0,0,2.28552,2.28552,0,1.76567,3.38688
74.4967,85.139,5.30894,0,0.06,3.54806,3.54806,0,0.719011,6.048,99.3022,98.274,7.15833,0,0,2.05608,2.05608,0,1.76579,3.38688
75.0934,85.139,4.49741,0,0.06,3.54829,3.54829,0,0.664906,6.048,99.3022,98.274,4.54305,0,0,2.05622,2.05622,0,1.58853,3.38688
75.7293,85.139,4.71056,0,0.06,3.54853,3.54853,0,0.66495,6.048,99.3022,98.274,6.06304,0,0,2.05635,2.05635,0,1.58863,3.38688
78.775,85.139,7.19152,0,0.06,3.54877,3.54877,0,0.664995,6.048,99.3022,98.274,6.63583,0,0,2.05649,2.05649,0,1.58874,3.38688
81.9796,85.139,7.3469,0,0.06,3.549,3.549,0,0.665039,6.048,99.3022,98.274,9.75004,0,0,2.05663,2.05663,0,1.58885,3.38688
84.824,85.139,7.0318,0,0.06,3.66041,3.66041,0,0.665083,6.048,99.3022,98.274,7.93308,0,0,2.12326,2.12326,0,1.58895,3.38688
85.139,85.139,9.15732,0,0.06,3.66062,3.66062,0,0.685961,6.048,99.3022,98.274,9.84244,0,0,2.12338,2.12338,0,1.64043,3.38688
85.139,85.139,7.56292,0,0.06,3.66083,3.66083,0,0.686,6.048,99.3022,98.274,9.76774,0,0,2.1235,2.1235,0,1.64052,3.38688
85.139,85.139,5.32946,0,0.06,3.66104,3.66104,0,0.686039,6.048,99.3022,98.274,6.27723,0,0,2.12362,2.12362,0,1.64062,3.38688
85.139,85.139,6.97333,0,0.06,4.01836,4.01836,0,0.686079,6.048,99.3022,98.274,9.56228,0,0,2.37345,2.37345,0,1.64071,3.38688
85.139,85.139,8.46695,0,0.06,4.01859,4.01859,0,0.75304,6.048,99.3022,98.274,13.3455,0,0,2.37359,2.37359,0,1.83373,3.38688
85.139,85.139,5.93944,0,0.06,4.01882,4.01882,0,0.753083,6.048,99.3022,98.274,6.66628,0,0,2.37372,2.37372,0,1.83383,3.38688
85.139,85.139,6.01936,0.14,0.06,3.71665,4.01905,0,0.753126,6.048,99.3022,98.274,6.4814,0,0,2.67626,2.37386,0,1.83394,3.38688
85.139,85.139,9.11718,0.25,0.06,3.20741,3.50981,0,0.6965,6.048,99.3022,98.274,9.35823,0,0,2.34121,2.03881,0,2.06768,3.38688
85.139,85.139,8.67659,0.48,0.06,3.20761,3.51001,0,0.601068,6.048,99.3022,98.274,7.90914,0,0,2.34132,2.03892,0,1.80882,3.38688
85.139,85.139,6.36293,0.58,0.06,3.20781,3.51021,0,0.601106,6.048,99.3022,98.274,5.25699,0,0,2.34144,2.03904,0,1.80891,3.38688
85.139,85.139,5.71538,0.59,0.06,3.20801,3.51041,0,0.601144,6.048,99.3022,98.274,4.43538,0,0,2.34156,2.03916,0,1.809,3.38688
85.139,85.139,4.95836,0.62,0.06,3.20821,3.51061,0,0.601181,6.048,99.3022,98.274,3.92027,0,0,2.34168,2.03928,0,1.80909,3.38688
85.139,85.139,5.39719,0.61,0.06,3.33669,3.63909,0,0.601219,6.048,99.3022,98.274,4.29303,0,0,2.42381,2.12141,0,1.80918,3.38688
85.139,85.139,4.7604,0.6,0.06,3.3369,3.6393,0,0.625296,6.048,99.3022,98.274,5.70086,0,0,2.42394,2.12154,0,1.87264,3.38688
85.0771,85.139,3.83477,0.55,0.06,3.33711,3.63951,0,0.625335,6.048,99.3022,98.274,5.15937,0,0,2.42406,2.12166,0,1.87273,3.38688
84.5466,85.139,3.20592,0.67,0.06,3.33732,3.63972,0,0.625374,6.048,99.3022,98.274,3.85812,0,0,2.42418,2.12178,0,1.87283,3.38688
85.139,85.139,4.5141,0.65,0.06,3.28736,3.58976,0,0.625413,6.048,99.3022,98.274,6.08587,0,0,2.39244,2.09004,0,1.87292,3.38688
85.1312,85.139,3.69201,0.46,0.06,3.28756,3.58996,0,0.616051,6.048,99.3022,98.274,3.90672,0,0,2.39256,2.09016,0,1.8484,3.38688
84.7543,85.139,3.21328,0.54,0.06,3.28777,3.59017,0,0.616089,6.048,99.3022,98.274,3.61216,0,0,2.39268,2.09028,0,1.84849,3.38688
84.1649,85.139,2.95398,0.49,0.06,3.28797,3.59037,0,0.616128,6.048,99.2368,98.274,3.06473,0,0,2.3928,2.0904,0,1.84858,3.38688
83.2173,85.139,2.65574,0.45,0.06,3.45851,3.76091,0,0.616166,6.048,99.2871,98.274,3.23442,0,0,2.50594,2.20354,0,1.84867,3.38688
82.2034,85.139,2.57493,0.4,0.06,3.45872,3.76112,0,0.648124,6.048,99.3022,98.274,3.28689,0,0,2.50607,2.20367,0,1.93609,3.38688
81.073,85.139,2.44136,0.37,0.06,3.45894,3.76134,0,0.648165,6.048,99.3022,98.274,3.15144,0,0,2.50619,2.20379,0,1.93619,3.38688
79.8093,85.139,2.27957,0.36,0.06,3.45915,3.76155,0,0.648205,6.048,99.3022,98.274,2.97838,0,0,2.50632,2.20392,0,1.93628,3.38688
78.5738,85.139,2.27973,0.33,0.06,3.45937,3.76177,0,0.648245,6.048,99.3022,98.274,3.35302,0,0,2.50644,2.20404,0,1.93638,3.38688
77.2063,85.139,2.12493,0.43,0.06,3.42589,3.72829,0,0.648286,6.048,99.3022,98.274,3.30787,0,0,2.56871,2.26631,0,1.93648,3.38688
75.6765,85.139,1.93067,0.41,0.06,3.4261,3.7285,0,0.642012,6.048,99.3022,98.274,3.06102,0,0,2.56884,2.26644,0,1.98458,3.38688
74.0944,85.139,1.82725,0.38,0.06,3.42632,3.72872,0,0.642052,6.048,99.3022,98.274,3.00133,0,0,2.56897,2.26657,0,1.98468,3.38688
72.2885,85.139,1.57967,0.2,0.06,3.42653,3.72893,0,0.642092,6.048,99.1764,98.274,2.64403,0,0,2.5691,2.2667,0,1.98478,3.38688
70.4784,85.139,1.64827,0.41,0.06,3.51377,3.81617,0,0.642132,6.048,98.9498,98.274,2.37958,0,0,2.62462,2.32222,0,1.98488,3.38688
68.5637,85.139,1.50627,0.22,0.06,3.51399,3.81639,0,0.658481,6.048,98.5878,98.274,2.33999,0,0,2.62475,2.32235,0,2.02778,3.38688
66.5492,85.139,1.38241,0.2,0.06,3.51421,3.81661,0,0.658522,6.048,98.2031,98.274,2.05166,0,0,2.62488,2.32248,0,2.02788,3.38688
64.6379,85.139,1.45401,0.24,0.06,3.51443,3.81683,0,0.658563,6.048,97.9001,98.274,2.46089,0,0,2.62502,2.32262,0,2.02799,3.38688
61.9353,85.139,0.848554,0.18,0.06,3.76957,4.07197,0,0.658604,6.048,97.4026,98.274,2.06269,0,0,2.82513,2.52273,0,2.02809,3.38688
59.227,85.139,0.829438,0.29,0.06,3.80109,4.07221,0,0.706418,6.048,96.8768,98.274,2.07461,0,0,2.79399,2.52287,0,2.18269,3.38688
56.7978,85.139,1.33045,0,0.06,4.07244,4.07244,0,0.712324,6.048,96.459,98.274,2.48775,0,0,2.52302,2.52302,0,2.15864,3.38688
54.7255,85.139,1.66257,0,0.06,4.07267,4.07267,0,0.763175,6.048,96.1717,98.274,2.57297,0,0,2.52316,2.52316,0,1.94928,3.38688
51.9903,85.139,0.912856,0,0.06,4.07291,4.07291,0,0.763219,6.048,95.4831,98.274,1.97837,0,0,2.52331,2.52331,0,1.9494,3.38688
49.4041,85.139,0.937654,0,0.06,3.94886,3.94886,0,0.763262,6.048,94.9062,98.274,1.62724,0,0,2.40204,2.40204,0,1.94951,3.38688
47.1606,85.139,1.24666,0,0.06,3.94909,3.94909,0,0.740017,6.048,94.44,98.274,2.23108,0,0,2.40217,2.40217,0,1.85581,3.38688
45.3247,85.139,1.66724,0,0.06,3.94931,3.94931,0,0.740059,6.048,94.1708,98.274,3.07715,0,0,2.40231,2.40231,0,1.85592,3.38688
43.2067,85.139,1.36327,0,0.06,3.94954,3.94954,0,0.740102,6.048,93.6367,98.274,1.95917,0,0,2.40245,2.40245,0,1.85603,3.38688
41.3813,85.139,1.53434,0,0.06,3.84773,3.84773,0,0.740144,6.048,93.1841,98.274,1.87422,0,0,2.29204,2.29204,0,1.85613,3.38688
40.4095,85.139,2.37065,0,0.06,3.84795,3.84795,0,0.721065,6.048,92.8124,98.274,2.30965,0,0,2.29218,2.29218,0,1.77083,3.38688
42.636,85.139,5.72844,0,0.06,3.84817,3.84817,0,0.721107,6.048,93.2071,98.274,5.63741,0,0,2.29231,2.29231,0,1.77093,3.38688
43.5882,85.139,4.39296,0,0.06,3.84839,3.84839,0,0.721148,6.048,93.244,98.274,3.81383,0,0,2.29244,2.29244,0,1.77104,3.38688
43.3462,85.139,2.96213,0,0.06,3.55877,3.55877,0,0.721189,6.048,93.042,98.274,2.76771,0,0,2.06229,2.06229,0,1.77114,3.38688
44.8962,85.139,4.84221,0,0.06,3.55897,3.55897,0,0.666914,6.048,92.9529,98.274,3.3421,0,0,2.06241,2.06241,0,1.59332,3.38688
45.836,85.139,4.24308,0,0.06,3.55918,3.55918,0,0.666952,6.048,92.6484,98.274,2.39858,0,0,2.06252,2.06252,0,1.59341,3.38688
48.6594,85.139,6.21535,0,0.06,3.55938,3.55938,0,0.66699,6.048,92.8908,98.274,4.54256,0,0,2.06264,2.06264,0,1.59351,3.38688
50.9612,85.139,5.71993,0,0.06,3.55959,3.55959,0,0.667028,6.048,92.789,98.274,3.6353,0,0,2.06276,2.06276,0,1.5936,3.38688
53.5622,85.139,6.17548,0,0.08,3.67129,3.67129,0,0.667066,6.048,92.887,98.274,3.74946,0,0,2.12957,2.12957,0,1.59369,3.38688
55.1624,85.139,5.22869,0,0.08,3.67146,3.67146,0,0.687999,6.048,93.1779,98.274,4.43677,0,0,2.12967,2.12967,0,1.6453,3.38688
55.764,85.139,4.13785,0,0.08,3.67164,3.67164,0,0.688032,6.048,93.3165,98.274,3.88705,0,0,2.12977,2.12977,0,1.64538,3.38688
55.6653,85.139,3.50225,0,0.08,3.67182,3.67182,0,0.688065,6.048,93.1586,98.274,2.82596,0,0,2.12987,2.12987,0,1.64546,3.38688
56.1306,85.139,4.37152,0,0.08,4.03015,4.03015,0,0.688098,6.048,93.2147,98.274,3.3277,0,0,2.38042,2.38042,0,1.64554,3.38688
56.6026,85.139,4.37061,0,0.08,4.03034,4.03034,0,0.75525,6.048,93.3669,98.274,3.5085,0,0,2.38053,2.38053,0,1.83911,3.38688
57.4092,85.139,4.72658,0,0.08,4.03054,4.03054,0,0.755286,6.048,93.6968,98.274,3.9526,0,0,2.38064,2.38064,0,1.8392,3.38688
59.6385,85.139,6.28189,0,0.08,4.03073,4.03073,0,0.755322,6.048,94.2741,98.274,4.66619,0,0,2.38076,2.38076,0,1.83929,3.38688
66.2724,85.139,10.6404,0,0.08,3.51998,3.51998,0,0.755359,6.048,96.6158,98.274,9.00669,0,0,2.04471,2.04471,0,1.83937,3.38688
72.9048,85.139,10.7608,0,0.08,3.52015,3.52015,0,0.659644,6.048,98.6677,98.274,8.76171,0,0,2.04481,2.04481,0,1.57975,3.38688
79.0359,85.139,10.3212,0,0.08,3.52031,3.52031,0,0.659675,6.048,99.3022,98.274,8.41702,0,0,2.04491,2.04491,0,1.57982,3.38688
83.7378,85.139,8.88573,0,0.08,3.52048,3.52048,0,0.659707,6.048,99.3022,98.274,6.75922,0,0,2.04501,2.04501,0,1.5799,3.38688
85.139,85.139,7.11136,0,0.08,3.52065,3.52065,0,0.659738,6.048,99.3022,98.274,5.06868,0,0,2.04511,2.04511,0,1.57997,3.38688
85.139,85.139,7.18893,0,0.08,3.64946,3.64946,0,0.65977,6.048,99.3022,98.274,5.88377,0,0,2.12746,2.12746,0,1.58005,3.38688
85.139,85.139,6.32701,0,0.08,3.64964,3.64964,0,0.683909,6.048,99.3022,98.274,7.78998,0,0,2.12756,2.12756,0,1.64368,3.38688
85.139,85.139,5.07317,0,0.08,3.64981,3.64981,0,0.683942,6.048,99.3022,98.274,6.90204,0,0,2.12766,2.12766,0,1.64375,3.38688
85.139,85.139,4.24665,0,0.08,3.64999,3.64999,0,0.683975,6.048,99.3022,98.274,5.54983,0,0,2.12777,2.12777,0,1.64383,3.38688
85.139,85.139,4.20116,0,0.08,3.59985,3.59985,0,0.684008,6.048,99.3022,98.274,4.57376,0,0,2.09591,2.09591,0,1.64391,3.38688
84.7799,85.139,3.55318,0,0.08,3.60003,3.60003,0,0.674613,6.048,99.3022,98.274,4.09842,0,0,2.09601,2.09601,0,1.6193,3.38688
84.0477,85.139,3.14509,0,0.08,3.6002,3.6002,0,0.674645,6.048,99.3022,98.274,3.59721,0,0,2.09612,2.09612,0,1.61938,3.38688
83.0708,85.139,2.86544,0,0.08,3.60037,3.60037,0,0.674677,6.048,99.3022,98.274,3.29166,0,0,2.09622,2.09622,0,1.61946,3.38688
81.6048,85.139,2.42781,0,0.08,3.77134,3.77134,0,0.67471,6.048,99.1922,98.274,2.75041,0,0,2.20965,2.20965,0,1.61954,3.38688
79.936,85.139,2.15257,0,0.08,3.77152,3.77152,0,0.70675,6.048,99.0302,98.274,2.65308,0,0,2.20976,2.20976,0,1.70718,3.38688
78.256,85.139,2.12334,0,0.08,3.7717,3.7717,0,0.706783,6.048,98.9305,98.274,2.71158,0,0,2.20987,2.20987,0,1.70726,3.38688
76.4605,85.139,1.98589,0,0.08,3.77188,3.77188,0,0.706817,6.048,98.7705,98.274,2.54365,0,0,2.20997,2.20997,0,1.70734,3.38688
75.0483,85.139,2.34626,0,0.08,3.77206,3.77206,0,0.706851,6.048,98.5473,98.274,2.70916,0,0,2.21008,2.21008,0,1.70742,3.38688
73.8507,85.139,2.50963,0,0.08,3.73846,3.73846,0,0.706885,6.048,98.2878,98.274,2.86576,0,0,2.27249,2.27249,0,1.70751,3.38688
72.5105,85.139,2.34621,0,0.08,3.73864,3.73864,0,0.700587,6.048,98.0305,98.274,2.9337,0,0,2.2726,2.2726,0,1.75573,3.38688
71.0883,85.139,2.23986,0,0.08,3.73882,3.73882,0,0.700621,6.048,97.7388,98.274,2.84579,0,0,2.27271,2.27271,0,1.75581,3.38688
69.5184,85.139,2.06299,0,0.08,3.739,3.739,0,0.700654,6.048,97.3551,98.274,2.59816,0,0,2.27282,2.27282,0,1.75589,3.38688
67.6543,85.139,1.80568,0,0.08,3.82644,3.82644,0,0.700688,6.048,96.9247,98.274,2.41498,0,0,2.32847,2.32847,0,1.75598,3.38688
65.7224,85.139,1.70433,0,0.08,3.82662,3.82662,0,0.717075,6.048,96.4361,98.274,2.51949,0,0,2.32858,2.32858,0,1.79897,3.38688
63.7083,85.139,1.59478,0,0.08,3.82681,3.82681,0,0.717109,6.048,95.9111,98.274,2.29595,0,0,2.32869,2.32869,0,1.79906,3.38688
61.6992,85.139,1.56798,0,0.08,3.82699,3.82699,0,0.717144,6.048,95.4251,98.274,2.47634,0,0,2.3288,2.3288,0,1.79914,3.38688
59.4128,85.139,1.45844,0,0.08,4.08277,4.08277,0,0.717178,6.048,94.8886,98.274,2.66177,0,0,2.52942,2.52942,0,1.79923,3.38688
57.1144,85.139,1.41871,0,0.08,4.08297,4.08297,0,0.765112,6.048,94.3686,98.274,2.83896,0,0,2.52954,2.52954,0,1.95423,3.38688
54.6883,85.139,1.27214,0,0.08,4.08317,4.08317,0,0.765149,6.048,93.8334,98.274,2.71843,0,0,2.52966,2.52966,0,1.95432,3.38688
52.3304,85.139,1.28564,0,0.08,4.08336,4.08336,0,0.765185,6.048,93.3644,98.274,2.9065,0,0,2.52978,2.52978,0,1.95442,3.38688
50.0858,85.139,1.35375,0,0.08,4.08356,4.08356,0,0.765222,6.048,92.9074,98.274,3.54646,0,0,2.52991,2.52991,0,1.95451,3.38688
47.4257,85.139,0.818218,0,0.08,3.95915,3.95915,0,0.765258,6.048,92.0804,98.274,2.3463,0,0,2.4083,2.4083,0,1.9546,3.38688
44.522,85.139,0.49312,0,0.08,3.95934,3.95934,0,0.741945,6.048,91.3126,98.274,1.42342,0,0,2.40841,2.40841,0,1.86065,3.38688
41.8321,85.139,0.66479,0,0.08,3.95953,3.95953,0,0.741981,6.048,90.6737,98.274,1.72141,0,0,2.40853,2.40853,0,1.86074,3.38688
40.1764,85.139,1.70651,0,0.08,3.95972,3.95972,0,0.742016,6.048,90.2345,98.274,3.75244,0,0,2.40864,2.40864,0,1.86083,3.38688
39.457,85.139,2.52759,0,0.08,3.85762,3.85762,0,0.742052,6.048,90.1259,98.274,2.50015,0,0,2.29793,2.29793,0,1.86092,3.38688
38.3079,85.139,2.06352,0,0.08,3.8578,3.8578,0,0.722917,6.048,90.1856,98.274,3.4129,0,0,2.29804,2.29804,0,1.77538,3.38688
36.9969,85.139,1.87923,0,0.08,3.85799,3.85799,0,0.722952,6.048,89.9953,98.274,2.55193,0,0,2.29815,2.29815,0,1.77547,3.38688
39.9068,85.139,6.33003,0,0.08,3.85817,3.85817,0,0.722986,6.048,90.1166,98.274,4.32864,0,0,2.29826,2.29826,0,1.77555,3.38688
39.5931,85.139,2.78555,0,0.08,3.56778,3.56778,0,0.723021,6.048,89.7977,98.274,2.97779,0,0,2.06751,2.06751,0,1.77564,3.38688
39.7728,85.139,3.41285,0,0.08,3.56795,3.56795,0,0.668601,6.048,89.8812,98.274,5.64168,0,0,2.06761,2.06761,0,1.59736,3.38688
41.7438,85.139,5.30862,0,0.08,3.56812,3.56812,0,0.668633,6.048,91.0147,98.274,9.85949,0,0,2.0677,2.0677,0,1.59743,3.38688
43.4823,85.139,4.98915,0,0.08,3.56829,3.56829,0,0.668665,6.048,90.9106,98.274,4.79955,0,0,2.0678,2.0678,0,1.59751,3.38688
48.1288,85.139,8.19958,0,0.08,3.56846,3.56846,0,0.668697,6.048,92.3184,98.274,8.9954,0,0,2.0679,2.0679,0,1.59759,3.38688
53.7169,85.139,9.4608,0,0.08,3.68041,3.68041,0,0.668729,6.048,94.0647,98.274,11.1878,0,0,2.13486,2.13486,0,1.59766,3.38688
61.2177,85.139,11.676,0,0.06,3.68055,3.68055,0,0.689708,6.048,95.945,98.274,11.4472,0,0,2.13494,2.13494,0,1.64939,3.38688
65.7291,85.139,8.66501,0,0.06,3.68069,3.68069,0,0.689735,6.048,97.7526,98.274,10.8487,0,0,2.13502,2.13502,0,1.64945,3.38688
71.7309,85.139,10.2357,0,0.06,3.68083,3.68083,0,0.689761,6.048,99.3022,98.274,11.348,0,0,2.1351,2.1351,0,1.64952,3.38688
73.7024,85.139,6.46757,0,0.06,4.04001,4.04001,0,0.689788,6.048,99.3022,98.274,6.109,0,0,2.38624,2.38624,0,1.64958,3.38688
73.6554,85.139,4.34973,0,0.06,4.04016,4.04016,0,0.757097,6.048,99.3022,98.274,4.2458,0,0,2.38633,2.38633,0,1.84361,3.38688
77.5973,85.139,8.4951,0,0.06,4.04032,4.04032,0,0.757126,6.048,99.3022,98.274,8.10995,0,0,2.38642,2.38642,0,1.84368,3.38688
83.6975,85.139,10.7783,0,0.06,4.04047,4.04047,0,0.757155,6.048,99.3022,98.274,11.9902,0,0,2.38651,2.38651,0,1.84375,3.38688
85.139,85.139,8.43146,0,0.06,3.52845,3.52845,0,0.757184,6.048,99.3022,98.274,7.05,0,0,2.04964,2.04964,0,1.84382,3.38688
85.139,85.139,6.65416,0,0.06,3.52859,3.52859,0,0.661232,6.048,99.3022,98.274,5.09729,0,0,2.04972,2.04972,0,1.58355,3.38688
85.139,85.139,8.33845,0,0.06,3.52872,3.52872,0,0.661257,6.048,99.3022,98.274,6.46366,0,0,2.0498,2.0498,0,1.58361,3.38688
85.139,85.139,11.3021,0,0.06,3.52886,3.52886,0,0.661283,6.048,99.3022,98.274,8.93732,0,0,2.04987,2.04987,0,1.58367,3.38688
85.139,85.139,9.01496,0.06,0.06,3.22659,3.52899,0,0.661308,6.048,99.3022,98.274,6.76416,0,0,2.35235,2.04995,0,1.58373,3.38688
85.139,85.139,6.4075,0.35,0.06,3.35568,3.65808,0,0.604664,6.048,99.3022,98.274,4.69914,0,0,2.43488,2.13248,0,1.81743,3.38688
85.139,85.139,6.20876,0.57,0.06,3.35582,3.65822,0,0.628854,6.048,99.3022,98.274,5.70757,0,0,2.43496,2.13256,0,1.88119,3.38688
85.139,85.139,5.75594,0.55,0.06,3.35596,3.65836,0,0.62888,6.048,99.3022,98.274,5.50573,0,0,2.43505,2.13265,0,1.88125,3.38688
85.139,85.139,5.17577,0.54,0.06,3.3561,3.6585,0,0.628907,6.048,99.3022,98.274,4.41116,0,0,2.43513,2.13273,0,1.88132,3.38688
85.139,85.139,4.38139,0.48,0.06,3.30581,3.60821,0,0.628933,6.048,99.3022,98.274,3.73496,0,0,2.40318,2.10078,0,1.88138,3.38688
85.0756,85.139,3.60467,0.45,0.06,3.30595,3.60835,0,0.61951,6.048,99.2942,98.274,3.24024,0,0,2.40326,2.10086,0,1.8567,3.38688
84.8287,85.139,3.30532,0.54,0.06,3.30609,3.60849,0,0.619536,6.048,99.3022,98.274,2.91642,0,0,2.40334,2.10094,0,1.85676,3.38688
84.4985,85.139,3.21431,0.49,0.06,3.30623,3.60863,0,0.619562,6.048,99.3022,98.274,3.25167,0,0,2.40342,2.10102,0,1.85682,3.38688
84.3848,85.139,3.58689,0.45,0.06,3.47756,3.77996,0,0.619588,6.048,99.3022,98.274,3.34177,0,0,2.5171,2.2147,0,1.85689,3.38688
84.1196,85.139,3.41561,0.4,0.06,3.4777,3.7801,0,0.651694,6.048,99.3022,98.274,3.16046,0,0,2.51719,2.21479,0,1.94471,3.38688
83.4123,85.139,2.95496,0.35,0.06,3.47785,3.78025,0,0.651722,6.048,99.3022,98.274,2.8655,0,0,2.51727,2.21487,0,1.94478,3.38688
82.4246,85.139,2.66039,0.34,0.06,3.47799,3.78039,0,0.651749,6.048,99.3009,98.274,2.63747,0,0,2.51736,2.21496,0,1.94484,3.38688
81.5108,85.139,2.69831,0.29,0.06,3.47814,3.78054,0,0.651776,6.048,99.3022,98.274,3.03577,0,0,2.51744,2.21504,0,1.94491,3.38688
80.7419,85.139,2.78286,0.25,0.06,3.44442,3.74682,0,0.651803,6.048,99.3022,98.274,3.59289,0,0,2.57997,2.27757,0,1.94498,3.38688
79.7288,85.139,2.51679,0.18,0.06,3.44457,3.74697,0,0.645485,6.048,99.3022,98.274,3.24584,0,0,2.58006,2.27766,0,1.99329,3.38688
78.6386,85.139,2.3912,0.14,0.06,3.44471,3.74711,0,0.645512,6.048,99.3022,98.274,3.17159,0,0,2.58015,2.27775,0,1.99336,3.38688
77.3074,85.139,2.12628,0.32,0.06,3.44486,3.74726,0,0.645539,6.048,99.3022,98.274,3.04183,0,0,2.58024,2.27784,0,1.99342,3.38688
76.0348,85.139,2.23997,0.16,0.06,3.53246,3.83486,0,0.645566,6.048,99.3022,98.274,2.72315,0,0,2.63599,2.33359,0,1.99349,3.38688
74.6623,85.139,2.11479,0.16,0.06,3.5326,3.835,0,0.661982,6.048,99.2585,98.274,2.76013,0,0,2.63608,2.33368,0,2.03656,3.38688
73.1709,85.139,1.97875,0.09,0.06,3.53275,3.83515,0,0.66201,6.048,99.1452,98.274,2.52094,0,0,2.63617,2.33377,0,2.03663,3.38688
71.6676,85.139,1.94591,0.19,0.06,3.5329,3.8353,0,0.662038,6.048,99.1028,98.274,2.72201,0,0,2.63626,2.33386,0,2.0367,3.38688
69.7323,85.139,1.69693,0.17,0.06,3.7892,4.0916,0,0.662065,6.048,99.0766,98.274,2.97154,0,0,2.83729,2.53489,0,2.03677,3.38688
67.3411,85.139,1.46347,0,0.06,4.09176,4.09176,0,0.710096,6.048,99.0042,98.274,2.93988,0,0,2.53499,2.53499,0,2.19209,3.38688
65.8533,85.139,2.16144,0.16,0.06,3.83305,4.09191,0,0.766795,6.048,99.0982,98.274,3.47867,0,0,2.79395,2.53508,0,1.95853,3.38688
65.0236,85.139,3.08788,0,0.06,4.09207,4.09207,0,0.718314,6.048,99.3022,98.274,3.92549,0,0,2.53518,2.53518,0,2.1586,3.38688
63.3232,85.139,2.17414,0,0.06,4.09223,4.09223,0,0.766854,6.048,99.3022,98.274,3.52588,0,0,2.53528,2.53528,0,1.95868,3.38688
61.9685,85.139,2.32798,0,0.06,3.96752,3.96752,0,0.766884,6.048,99.3022,98.274,4.08769,0,0,2.41339,2.41339,0,1.95876,3.38688
60.7913,85.139,2.55376,0,0.06,3.96767,3.96767,0,0.743514,6.048,99.3022,98.274,5.20514,0,0,2.41348,2.41348,0,1.86458,3.38688
59.474,85.139,2.42085,0,0.06,3.96783,3.96783,0,0.743542,6.048,99.3022,98.274,5.39919,0,0,2.41357,2.41357,0,1.86465,3.38688
58.4358,85.139,2.74219,0,0.06,3.96798,3.96798,0,0.743571,6.048,99.3022,98.274,6.11575,0,0,2.41367,2.41367,0,1.86473,3.38688
59.2573,85.139,4.82728,0,0.06,3.86563,3.86563,0,0.743599,6.048,99.3022,98.274,9.62892,0,0,2.3027,2.3027,0,1.8648,3.38688
60.2107,85.139,4.82653,0,0.06,3.86577,3.86577,0,0.724418,6.048,99.3022,98.274,6.19976,0,0,2.30279,2.30279,0,1.77907,3.38688
61.6373,85.139,5.16655,0,0.06,3.86592,3.86592,0,0.724446,6.048,99.3022,98.274,6.94567,0,0,2.30288,2.30288,0,1.77914,3.38688
62.6798,85.139,4.83091,0,0.06,3.86607,3.86607,0,0.724474,6.048,99.3022,98.274,7.66178,0,0,2.30297,2.30297,0,1.7792,3.38688
63.0426,85.139,3.97022,0,0.06,3.57505,3.57505,0,0.724502,6.048,99.3022,98.274,5.47354,0,0,2.07172,2.07172,0,1.77927,3.38688
63.3765,85.139,3.97947,0,0.06,3.57519,3.57519,0,0.669964,6.048,99.3022,98.274,5.95777,0,0,2.0718,2.0718,0,1.60061,3.38688
63.8189,85.139,4.12889,0,0.06,3.57532,3.57532,0,0.66999,6.048,99.3022,98.274,8.4539,0,0,2.07188,2.07188,0,1.60067,3.38688
64.0648,85.139,3.96266,0,0.06,3.57546,3.57546,0,0.670016,6.048,99.3022,98.274,7.59233,0,0,2.07196,2.07196,0,1.60073,3.38688
71.7672,85.139,11.5831,0,0.06,3.5756,3.5756,0,0.670041,6.048,99.3022,98.274,13.5631,0,0,2.07204,2.07204,0,1.6008,3.38688
75.8455,85.139,8.4101,0,0.06,3.68773,3.68773,0,0.670067,6.048,99.3022,98.274,8.19349,0,0,2.13911,2.13911,0,1.60086,3.38688
76.6172,85.139,4.83916,0,0.06,3.68784,3.68784,0,0.691082,6.048,99.3022,98.274,8.44804,0,0,2.13917,2.13917,0,1.65267,3.38688
76.9958,85.139,4.45855,0,0.06,3.68795,3.68795,0,0.691102,6.048,99.3022,98.274,7.60063,0,0,2.13923,2.13923,0,1.65272,3.38688
78.0016,85.139,5.09871,0,0.06,3.68806,3.68806,0,0.691122,6.048,99.3022,98.274,8.11275,0,0,2.13929,2.13929,0,1.65277,3.38688
80.94,85.139,7.71314,0,0.06,4.0479,4.0479,0,0.691142,6.048,99.3022,98.274,9.95901,0,0,2.3909,2.3909,0,1.65282,3.38688
82.2331,85.139,5.83077,0,0.06,4.04802,4.04802,0,0.758576,6.048,99.3022,98.274,6.79663,0,0,2.39097,2.39097,0,1.84721,3.38688
82.5358,85.139,4.71783,0,0.06,4.04813,4.04813,0,0.758598,6.048,99.3022,98.274,4.91155,0,0,2.39104,2.39104,0,1.84726,3.38688
82.3604,85.139,4.17988,0,0.06,4.04825,4.04825,0,0.75862,6.048,99.3022,98.274,4.94807,0,0,2.39111,2.39111,0,1.84732,3.38688
83.6537,85.139,5.32149,0,0.06,3.53521,3.53521,0,0.758642,6.048,99.3022,98.274,5.73492,0,0,2.05356,2.05356,0,1.84737,3.38688
85.139,85.139,5.8285,0,0.06,3.53531,3.53531,0,0.662499,6.048,99.3022,98.274,5.77526,0,0,2.05362,2.05362,0,1.58658,3.38688
85.139,85.139,8.53781,0,0.06,3.53542,3.53542,0,0.662518,6.048,99.3022,98.274,10.8889,0,0,2.05368,2.05368,0,1.58663,3.38688
85.139,85.139,6.14683,0,0.06,3.53552,3.53552,0,0.662537,6.048,99.3022,98.274,6.6777,0,0,2.05374,2.05374,0,1.58668,3.38688
85.139,85.139,6.5647,0,0.06,3.53562,3.53562,0,0.662556,6.048,99.3022,98.274,7.10605,0,0,2.0538,2.0538,0,1.58672,3.38688
85.139,85.139,5.92565,0,0.06,3.66491,3.66491,0,0.662575,6.048,99.3022,98.274,9.14455,0,0,2.13647,2.13647,0,1.58677,3.38688
85.139,85.139,4.3788,0,0.06,3.66502,3.66502,0,0.686804,6.048,99.3022,98.274,7.37889,0,0,2.13653,2.13653,0,1.65063,3.38688
84.7935,85.139,3.78565,0,0.06,3.66512,3.66512,0,0.686824,6.048,99.3022,98.274,6.93815,0,0,2.13659,2.13659,0,1.65068,3.38688
84.8271,85.139,3.84669,0.27,0.06,3.36283,3.66523,0,0.686844,6.048,99.3022,98.274,6.53696,0,0,2.43905,2.13665,0,1.65073,3.38688
84.7242,85.139,3.64281,0.12,0.06,3.31242,3.61482,0,0.630194,6.048,99.3022,98.274,5.5438,0,0,2.40703,2.10463,0,1.88441,3.38688
84.0403,85.139,3.29338,0,0.06,3.61492,3.61492,0,0.620747,6.048,99.3022,98.274,4.85909,0,0,2.10469,2.10469,0,1.85967,3.38688
83.891,85.139,3.83519,0,0.06,3.61503,3.61503,0,0.677437,6.048,99.3022,98.274,4.96376,0,0,2.10475,2.10475,0,1.62608,3.38688
83.084,85.139,3.05808,0,0.06,3.61513,3.61513,0,0.677456,6.048,99.3022,98.274,4.73901,0,0,2.10481,2.10481,0,1.62613,3.38688
81.7966,85.139,2.59841,0,0.06,3.78674,3.78674,0,0.677476,6.048,99.3022,98.274,3.71426,0,0,2.21867,2.21867,0,1.62618,3.38688
80.3088,85.139,2.38476,0,0.06,3.78684,3.78684,0,0.709634,6.048,99.3022,98.274,3.30994,0,0,2.21874,2.21874,0,1.71415,3.38688
78.735,85.139,2.27842,0,0.06,3.78695,3.78695,0,0.709655,6.048,99.3022,98.274,3.4507,0,0,2.2188,2.2188,0,1.7142,3.38688
76.9841,85.139,2.10847,0,0.06,3.78706,3.78706,0,0.709675,6.048,99.3022,98.274,3.28279,0,0,2.21887,2.21887,0,1.71425,3.38688
75.1427,85.139,1.92986,0,0.06,3.78717,3.78717,0,0.709696,6.048,99.3022,98.274,3.11707,0,0,2.21893,2.21893,0,1.7143,3.38688
73.1369,85.139,1.737,0,0.06,3.75336,3.75336,0,0.709716,6.048,99.1687,98.274,2.74368,0,0,2.28155,2.28155,0,1.71435,3.38688
71.0916,85.139,1.66457,0,0.06,3.75347,3.75347,0,0.70338,6.048,98.9975,98.274,2.73435,0,0,2.28162,2.28162,0,1.76273,3.38688
68.9094,85.139,1.47361,0,0.06,3.75358,3.75358,0,0.703401,6.048,98.7423,98.274,2.47531,0,0,2.28168,2.28168,0,1.76278,3.38688
66.6932,85.139,1.40583,0,0.06,3.75369,3.75369,0,0.703421,6.048,98.4738,98.274,2.5631,0,0,2.28175,2.28175,0,1.76283,3.38688
64.3537,85.139,1.31927,0,0.06,3.84141,3.84141,0,0.703442,6.048,98.2101,98.274,2.25811,0,0,2.33757,2.33757,0,1.76288,3.38688
61.9811,85.139,1.25358,0,0.06,3.84152,3.84152,0,0.719879,6.048,97.8365,98.274,2.20288,0,0,2.33764,2.33764,0,1.80601,3.38688
59.5666,85.139,1.16925,0,0.06,3.84163,3.84163,0,0.7199,6.048,97.3479,98.274,2.07153,0,0,2.33771,2.33771,0,1.80606,3.38688
57.0988,85.139,1.07304,0,0.06,3.84174,3.84174,0,0.719921,6.048,96.9533,98.274,1.95651,0,0,2.33778,2.33778,0,1.80611,3.38688
54.5246,85.139,1.11989,0,0.06,4.09843,4.09843,0,0.719942,6.048,96.5931,98.274,2.26623,0,0,2.53912,2.53912,0,1.80617,3.38688
51.9206,85.139,1.05831,0,0.06,4.09855,4.09855,0,0.768046,6.048,95.9646,98.274,2.25862,0,0,2.5392,2.5392,0,1.96173,3.38688
49.1635,85.139,0.857361,0,0.06,4.09867,4.09867,0,0.768069,6.048,95.4406,98.274,1.64719,0,0,2.53927,2.53927,0,1.96178,3.38688
46.6485,85.139,1.02993,0,0.06,4.09879,4.09879,0,0.768091,6.048,95.2101,98.274,2.82383,0,0,2.53934,2.53934,0,1.96184,3.38688
44.0247,85.139,0.862448,0,0.06,4.09891,4.09891,0,0.768113,6.048,94.818,98.274,2.14154,0,0,2.53942,2.53942,0,1.9619,3.38688
41.9772,85.139,1.32933,0,0.06,3.97396,3.97396,0,0.768135,6.048,94.6685,98.274,3.08124,0,0,2.4173,2.4173,0,1.96195,3.38688
39.7691,85.139,1.1067,0,0.06,3.97408,3.97408,0,0.74472,6.048,94.8267,98.274,4.72638,0,0,2.41737,2.41737,0,1.86761,3.38688
37.4584,85.139,0.92975,0,0.06,3.97419,3.97419,0,0.744742,6.048,94.4853,98.274,2.59835,0,0,2.41744,2.41744,0,1.86766,3.38688
35.5648,85.139,1.31408,0,0.06,3.97431,3.97431,0,0.744763,6.048,94.3222,98.274,2.97667,0,0,2.41751,2.41751,0,1.86772,3.38688
34.2703,85.139,1.83608,0,0.06,3.87175,3.87175,0,0.744785,6.048,94.3154,98.274,3.31663,0,0,2.30635,2.30635,0,1.86777,3.38688
33.0171,85.139,1.76837,0,0.06,3.87187,3.87187,0,0.725567,6.048,94.1309,98.274,2.81852,0,0,2.30642,2.30642,0,1.78189,3.38688
32.4482,85.139,2.47577,0,0.06,3.87198,3.87198,0,0.725588,6.048,94.1935,98.274,3.50474,0,0,2.30649,2.30649,0,1.78194,3.38688
34.709,85.139,5.33753,0,0.06,3.87209,3.87209,0,0.725609,6.048,95.2896,98.274,5.83615,0,0,2.30655,2.30655,0,1.78199,3.38688
37.3646,85.139,5.68694,0,0.06,3.58058,3.58058,0,0.72563,6.048,96.1214,98.274,4.91279,0,0,2.07493,2.07493,0,1.78204,3.38688
38.9198,85.139,4.68589,0,0.06,3.58068,3.58068,0,0.671001,6.048,96.9834,98.274,6.07272,0,0,2.07499,2.07499,0,1.60309,3.38688
38.8848,85.139,3.03716,0,0.06,3.58079,3.58079,0,0.67102,6.048,97.1479,98.274,3.49536,0,0,2.07505,2.07505,0,1.60314,3.38688
39.4416,85.139,3.64364,0,0.06,3.58089,3.58089,0,0.67104,6.048,97.3547,98.274,4.04283,0,0,2.07511,2.07511,0,1.60318,3.38688
40.0805,85.139,3.84352,0,0.06,3.581,3.581,0,0.671059,6.048,97.7572,98.274,4.39359,0,0,2.07517,2.07517,0,1.60323,3.38688
44.4659,85.139,7.88377,0,0.06,3.69327,3.69327,0,0.671079,6.048,98.7767,98.274,8.18195,0,0,2.14232,2.14232,0,1.60327,3.38688
49.3888,85.139,8.73643,0,0.06,3.69334,3.69334,0,0.692118,6.048,99.3022,98.274,9.69787,0,0,2.14236,2.14236,0,1.65515,3.38688
54.8999,85.139,9.48032,0,0.06,3.69341,3.69341,0,0.692132,6.048,99.3022,98.274,12.172,0,0,2.1424,2.1424,0,1.65519,3.38688
59.9459,85.139,9.15584,0,0.06,3.69349,3.69349,0,0.692146,6.048,99.3022,98.274,9.54679,0,0,2.14244,2.14244,0,1.65522,3.38688
66.7213,85.139,11.4037,0,0.06,4.05382,4.05382,0,0.692159,6.048,99.3022,98.274,10.4455,0,0,2.3944,2.3944,0,1.65525,3.38688
71.524,85.139,9.50146,0,0.06,4.0539,4.0539,0,0.759686,6.048,99.3022,98.274,8.13875,0,0,2.39444,2.39444,0,1.84991,3.38688
77.4615,85.139,10.762,0,0.06,4.05398,4.05398,0,0.759701,6.048,99.3022,98.274,10.0974,0,0,2.39449,2.39449,0,1.84995,3.38688
81.4198,85.139,8.70669,0,0.06,4.05406,4.05406,0,0.759716,6.048,99.3022,98.274,10.1506,0,0,2.39454,2.39454,0,1.84998,3.38688
85.139,85.139,11.6727,0,0.06,3.54025,3.54025,0,0.759731,6.048,99.3022,98.274,18.3203,0,0,2.05649,2.05649,0,1.85002,3.38688
85.139,85.139,13.0312,0,0.06,3.54032,3.54032,0,0.663443,6.048,99.3022,98.274,23.2223,0,0,2.05653,2.05653,0,1.58885,3.38688
85.139,85.139,11.559,0,0.06,3.54039,3.54039,0,0.663456,6.048,99.3022,98.274,18.7766,0,0,2.05657,2.05657,0,1.58888,3.38688
85.139,85.139,8.61743,0.38,0.06,3.23806,3.54046,0,0.663469,6.048,99.3022,98.274,12.1984,0,0,2.35901,2.05661,0,1.58891,3.38688
85.139,85.139,7.2141,0.58,0.06,3.23813,3.54053,0,0.606812,6.048,99.3022,98.274,10.3968,0,0,2.35905,2.05665,0,1.82257,3.38688
85.139,85.139,8.1215,0.59,0.06,3.36757,3.66997,0,0.606826,6.048,99.3022,98.274,19.4514,0,0,2.44181,2.13941,0,1.8226,3.38688
85.139,85.139,7.58602,0.57,0.06,3.36764,3.67004,0,0.631082,6.048,99.3022,98.274,12.1571,0,0,2.44185,2.13945,0,1.88654,3.38688
85.139,85.139,4.62427,0.54,0.06,3.36771,3.67011,0,0.631095,6.048,99.3022,98.274,8.73784,0,0,2.4419,2.1395,0,1.88658,3.38688
85.139,85.139,3.89489,0.53,0.06,3.36778,3.67018,0,0.631109,6.048,99.3022,98.274,8.08738,0,0,2.44194,2.13954,0,1.88661,3.38688
85.139,85.139,5.04841,0.48,0.06,3.31727,3.61967,0,0.631122,6.048,99.3022,98.274,9.8174,0,0,2.40985,2.10745,0,1.88664,3.38688
85.139,85.139,4.83032,0.47,0.06,3.31734,3.61974,0,0.621656,6.048,99.3022,98.274,8.59001,0,0,2.40989,2.10749,0,1.86185,3.38688
85.139,85.139,4.52731,0.41,0.06,3.31741,3.61981,0,0.62167,6.048,99.3022,98.274,7.41462,0,0,2.40993,2.10753,0,1.86188,3.38688
85.139,85.139,4.14827,0.37,0.06,3.31748,3.61988,0,0.621683,6.048,99.3022,98.274,7.02598,0,0,2.40998,2.10758,0,1.86192,3.38688
85.139,85.139,3.89797,0.36,0.06,3.48927,3.79167,0,0.621696,6.048,99.3022,98.274,6.64831,0,0,2.52397,2.22157,0,1.86195,3.38688
85.139,85.139,3.78384,0.32,0.06,3.48935,3.79175,0,0.65389,6.048,99.3022,98.274,6.5173,0,0,2.52401,2.22161,0,1.95002,3.38688
85.1282,85.139,3.69463,0.26,0.06,3.48942,3.79182,0,0.653904,6.048,99.3022,98.274,7.17654,0,0,2.52405,2.22165,0,1.95005,3.38688
84.937,85.139,3.49546,0.36,0.06,3.4895,3.7919,0,0.653918,6.048,99.3022,98.274,6.1511,0,0,2.5241,2.2217,0,1.95008,3.38688
84.5712,85.139,3.28183,0.31,0.06,3.48957,3.79197,0,0.653932,6.048,99.3022,98.274,5.62648,0,0,2.52414,2.22174,0,1.95012,3.38688
84.0737,85.139,3.08843,0.28,0.06,3.45568,3.75808,0,0.653946,6.048,99.3022,98.274,6.5614,0,0,2.58682,2.28442,0,1.95015,3.38688
83.3722,85.139,2.86439,0.27,0.06,3.45576,3.75816,0,0.647595,6.048,99.3022,98.274,6.57778,0,0,2.58686,2.28446,0,1.99858,3.38688
82.487,85.139,2.66357,0.25,0.06,3.45583,3.75823,0,0.647609,6.048,99.3022,98.274,6.60149,0,0,2.58691,2.28451,0,1.99861,3.38688
81.5591,85.139,2.59852,0.25,0.06,3.45591,3.75831,0,0.647623,6.048,99.3022,98.274,6.29759,0,0,2.58695,2.28455,0,1.99865,3.38688
80.1883,85.139,2.18863,0.26,0.06,3.54369,3.84609,0,0.647637,6.048,99.3022,98.274,4.92618,0,0,2.64282,2.34042,0,1.99868,3.38688
78.6877,85.139,2.07328,0.25,0.06,3.54377,3.84617,0,0.664088,6.048,99.204,98.274,4.70928,0,0,2.64287,2.34047,0,2.04185,3.38688
77.0772,85.139,1.91963,0.3,0.06,3.54384,3.84624,0,0.664102,6.048,99.0451,98.274,4.53643,0,0,2.64292,2.34052,0,2.04188,3.38688
75.3194,85.139,1.74787,0.31,0.06,3.54392,3.84632,0,0.664117,6.048,98.8457,98.274,3.96163,0,0,2.64296,2.34056,0,2.04192,3.38688
73.6079,85.139,1.988,0.3,0.06,3.80088,4.10328,0,0.664131,6.048,98.7767,98.274,5.23622,0,0,2.84453,2.54213,0,2.04195,3.38688
71.6894,85.139,1.79325,0.35,0.06,3.85164,4.10336,0,0.712285,6.048,98.4699,98.274,4.07961,0,0,2.7939,2.54218,0,2.19768,3.38688
69.899,85.139,1.93242,0.34,0.06,3.85177,4.10344,0,0.721797,6.048,98.3242,98.274,4.98567,0,0,2.7939,2.54223,0,2.15857,3.38688
67.8094,85.139,1.60293,0.35,0.06,3.8519,4.10352,0,0.721822,6.048,97.9457,98.274,3.49935,0,0,2.7939,2.54228,0,2.15857,3.38688
66.1057,85.139,1.96264,0.41,0.06,3.85203,4.1036,0,0.721846,6.048,98.0256,98.274,6.62855,0,0,2.7939,2.54233,0,2.15857,3.38688
64.1738,85.139,1.54576,0.42,0.06,3.72695,3.97848,0,0.721871,6.048,97.6882,98.274,4.44213,0,0,2.67157,2.42005,0,2.15857,3.38688
62.3854,85.139,1.69635,0.4,0.06,3.67615,3.97855,0,0.698431,6.048,97.6286,98.274,5.59379,0,0,2.7225,2.4201,0,2.06406,3.38688
60.5137,85.139,1.60704,0.52,0.06,3.67623,3.97863,0,0.688911,6.048,97.6362,98.274,5.74059,0,0,2.72255,2.42015,0,2.1034,3.38688
58.8401,85.139,1.8185,0.49,0.06,3.67631,3.97871,0,0.688926,6.048,97.7655,98.274,6.50364,0,0,2.72259,2.42019,0,2.10344,3.38688
57.4234,85.139,2.06642,0.28,0.06,3.57361,3.87601,0,0.688941,6.048,98.0052,98.274,5.37214,0,0,2.61129,2.30889,0,2.10348,3.38688
55.7073,85.139,1.65278,0.23,0.06,3.57368,3.87608,0,0.669694,6.048,97.7213,98.274,2.71165,0,0,2.61133,2.30893,0,2.01748,3.38688
54.7073,85.139,2.41152,0.29,0.06,3.57376,3.87616,0,0.669708,6.048,97.8358,98.274,4.33259,0,0,2.61138,2.30898,0,2.01751,3.38688
55.9801,85.139,4.75768,0.3,0.06,3.57384,3.87624,0,0.669723,6.048,98.6874,98.274,5.84226,0,0,2.61142,2.30902,0,2.01755,3.38688
58.2772,85.139,5.59336,0.3,0.06,3.28198,3.58438,0,0.669737,6.048,99.0434,98.274,4.95767,0,0,2.37953,2.07713,0,2.01759,3.38688
60.3191,85.139,5.67345,0,0.06,3.58445,3.58445,0,0.615044,6.048,98.8946,98.274,3.75966,0,0,2.07717,2.07717,0,1.83842,3.38688
61.2657,85.139,4.31754,0.01,0.06,3.28212,3.58452,0,0.671726,6.048,98.5458,98.274,2.78711,0,0,2.37961,2.07721,0,1.60482,3.38688
63.4138,85.139,5.55803,0.01,0.06,3.28219,3.58459,0,0.61507,6.048,98.3126,98.274,3.89698,0,0,2.37965,2.07725,0,1.83849,3.38688
67.444,85.139,7.82886,0,0.06,3.58466,3.58466,0,0.615083,6.048,98.3153,98.274,5.01437,0,0,2.07729,2.07729,0,1.83852,3.38688
69.1435,85.139,5.364,0,0.06,3.58466,3.58466,0,0.671766,6.048,98.2731,98.274,4.40709,0,0,2.07729,2.07729,0,1.60492,3.38688
68.4665,85.139,3.01804,0,0.06,3.69702,3.69702,0,0.671766,6.048,98.4182,98.274,2.95639,0,0,2.14449,2.14449,0,1.60492,3.38688
68.8695,85.139,4.19343,0,0.06,3.69706,3.69706,0,0.692821,6.048,99.0181,98.274,4.22024,0,0,2.14451,2.14451,0,1.65683,3.38688
72.1111,85.139,7.28514,0,0.06,3.69709,3.69709,0,0.692828,6.048,99.3022,98.274,9.45159,0,0,2.14454,2.14454,0,1.65685,3.38688
73.9573,85.139,5.80341,0,0.06,3.69713,3.69713,0,0.692836,6.048,99.3022,98.274,6.30137,0,0,2.14456,2.14456,0,1.65687,3.38688
74.1178,85.139,4.39775,0,0.06,4.05779,4.05779,0,0.692843,6.048,99.3022,98.274,4.69386,0,0,2.39674,2.39674,0,1.65689,3.38688
74.7667,85.139,4.92631,0,0.06,4.05783,4.05783,0,0.760429,6.048,99.3022,98.274,5.2721,0,0,2.39676,2.39676,0,1.85172,3.38688
75.4954,85.139,5.02022,0,0.06,4.05787,4.05787,0,0.760437,6.048,99.3022,98.274,4.76502,0,0,2.39679,2.39679,0,1.85174,3.38688
76.9984,85.139,5.91296,0,0.06,4.05791,4.05791,0,0.760445,6.048,99.3022,98.274,6.98695,0,0,2.39682,2.39682,0,1.85176,3.38688
78.8022,85.139,5.8869,0,0.06,3.54359,3.54359,0,0.760453,6.048,99.3022,98.274,8.21217,0,0,2.05843,2.05843,0,1.85178,3.38688
81.1277,85.139,6.48175,0,0.06,3.54362,3.54362,0,0.664068,6.048,99.3022,98.274,8.87208,0,0,2.05845,2.05845,0,1.59034,3.38688
84.285,85.139,7.43337,0,0.06,3.54366,3.54366,0,0.664075,6.048,99.3022,98.274,11.1073,0,0,2.05847,2.05847,0,1.59036,3.38688
85.139,85.139,6.37382,0,0.06,3.5437,3.5437,0,0.664082,6.048,99.3022,98.274,8.72075,0,0,2.05849,2.05849,0,1.59038,3.38688
85.139,85.139,7.873,0,0.06,3.54373,3.54373,0,0.664089,6.048,99.3022,98.274,12.8837,0,0,2.05851,2.05851,0,1.59039,3.38688
85.139,85.139,6.42328,0,0.06,3.67325,3.67325,0,0.664096,6.048,99.3022,98.274,8.73429,0,0,2.14133,2.14133,0,1.59041,3.38688
85.139,85.139,5.02674,0,0.06,3.67329,3.67329,0,0.688368,6.048,99.3022,98.274,8.01021,0,0,2.14135,2.14135,0,1.65439,3.38688
85.139,85.139,5.11993,0.08,0.06,3.37093,3.67333,0,0.688375,6.048,99.3022,98.274,8.91195,0,0,2.44377,2.14137,0,1.65441,3.38688
85.139,85.139,4.10503,0.16,0.06,3.37097,3.67337,0,0.631712,6.048,99.3022,98.274,6.30639,0,0,2.4438,2.1414,0,1.88806,3.38688
84.9734,85.139,3.56037,0.11,0.06,3.32038,3.62278,0,0.63172,6.048,99.3022,98.274,5.08251,0,0,2.41166,2.10926,0,1.88808,3.38688
85.139,85.139,4.00672,0.3,0.06,3.32042,3.62282,0,0.622239,6.048,99.3022,98.274,4.76255,0,0,2.41168,2.10928,0,1.86325,3.38688
84.6239,85.139,3.39431,0,0.06,3.62286,3.62286,0,0.622246,6.048,99.3022,98.274,4.66362,0,0,2.10931,2.10931,0,1.86327,3.38688
84.0009,85.139,2.8961,0.24,0.06,3.32049,3.62289,0,0.678923,6.048,99.3022,98.274,3.88268,0,0,2.41173,2.10933,0,1.62965,3.38688
82.8473,85.139,2.49457,0.22,0.06,3.49239,3.79479,0,0.62226,6.048,99.3022,98.274,3.05603,0,0,2.52579,2.22339,0,1.8633,3.38688
81.6338,85.139,2.41873,0.02,0.06,3.49243,3.79483,0,0.654474,6.048,99.3022,98.274,3.13203,0,0,2.52582,2.22342,0,1.95143,3.38688
80.0584,85.139,2.2933,0,0.06,3.79487,3.79487,0,0.654482,6.048,99.3022,98.274,3.0021,0,0,2.22344,2.22344,0,1.95145,3.38688
78.3638,85.139,2.14135,0,0.06,3.79491,3.79491,0,0.711159,6.048,99.1789,98.274,2.83941,0,0,2.22346,2.22346,0,1.71783,3.38688
77.3157,85.139,2.7405,0,0.06,3.79495,3.79495,0,0.711167,6.048,98.895,98.274,2.18845,0,0,2.22349,2.22349,0,1.71785,3.38688
76.0731,85.139,2.50505,0,0.06,3.761,3.761,0,0.711174,6.048,98.4845,98.274,2.18694,0,0,2.28619,2.28619,0,1.71787,3.38688
74.6077,85.139,2.26114,0,0.06,3.76104,3.76104,0,0.704812,6.048,98.0109,98.274,1.96973,0,0,2.28622,2.28622,0,1.76631,3.38688
73.0845,85.139,2.15537,0,0.06,3.76108,3.76108,0,0.704819,6.048,97.3768,98.274,1.90808,0,0,2.28624,2.28624,0,1.76633,3.38688
71.4444,85.139,2.02934,0,0.06,3.76112,3.76112,0,0.704827,6.048,96.8087,98.274,1.81949,0,0,2.28627,2.28627,0,1.76635,3.38688
69.6851,85.139,1.9431,0,0.06,3.84894,3.84894,0,0.704834,6.048,96.0877,98.274,1.89195,0,0,2.34216,2.34216,0,1.76637,3.38688
67.7891,85.139,1.78267,0,0.06,3.84898,3.84898,0,0.721291,6.048,95.5443,98.274,1.66656,0,0,2.34218,2.34218,0,1.80955,3.38688
66.0185,85.139,1.87634,0,0.06,3.84902,3.84902,0,0.721299,6.048,95.0842,98.274,1.99152,0,0,2.34221,2.34221,0,1.80957,3.38688
64.3198,85.139,1.92309,0,0.06,3.84906,3.84906,0,0.721306,6.048,94.4462,98.274,1.98584,0,0,2.34223,2.34223,0,1.80959,3.38688
62.4281,85.139,1.91485,0,0.06,4.10617,4.10617,0,0.721314,6.048,93.8852,98.274,1.66657,0,0,2.54391,2.54391,0,1.80961,3.38688
60.6819,85.139,2.05508,0,0.06,4.10621,4.10621,0,0.769496,6.048,93.1152,98.274,2.02652,0,0,2.54394,2.54394,0,1.96543,3.38688
58.6146,85.139,1.69991,0,0.06,4.10625,4.10625,0,0.769504,6.048,92.6351,98.274,1.44859,0,0,2.54397,2.54397,0,1.96545,3.38688
56.976,85.139,2.0939,0,0.06,4.1063,4.1063,0,0.769512,6.048,92.1336,98.274,2.66051,0,0,2.54399,2.54399,0,1.96547,3.38688
54.7631,85.139,1.55886,0,0.06,4.10634,4.10634,0,0.76952,6.048,91.6685,98.274,1.52537,0,0,2.54402,2.54402,0,1.96549,3.38688
52.7472,85.139,1.64652,0,0.06,3.98109,3.98109,0,0.769528,6.048,91.4084,98.274,2.21615,0,0,2.42164,2.42164,0,1.96551,3.38688
50.757,85.139,1.63072,0,0.06,3.98113,3.98113,0,0.746057,6.048,91.2504,98.274,2.52739,0,0,2.42167,2.42167,0,1.87096,3.38688
48.6241,85.139,1.43503,0,0.06,3.98118,3.98118,0,0.746064,6.048,91.0108,98.274,2.29899,0,0,2.42169,2.42169,0,1.87098,3.38688
47.0164,85.139,1.92811,0,0.06,3.98122,3.98122,0,0.746072,6.048,90.6839,98.274,2.7642,0,0,2.42172,2.42172,0,1.871,3.38688
45.3415,85.139,1.78574,0,0.06,3.87841,3.87841,0,0.74608,6.048,90.2852,98.274,1.83507,0,0,2.31032,2.31032,0,1.87102,3.38688
43.4567,85.139,1.51411,0,0.06,3.87845,3.87845,0,0.726815,6.048,89.9437,98.274,2.16314,0,0,2.31034,2.31034,0,1.78495,3.38688
44.5955,85.139,4.69636,0,0.06,3.8785,3.8785,0,0.726822,6.048,90.7387,98.274,6.60963,0,0,2.31037,2.31037,0,1.78497,3.38688
44.6879,85.139,3.63885,0,0.06,3.87854,3.87854,0,0.72683,6.048,91.2739,98.274,3.99019,0,0,2.31039,2.31039,0,1.78499,3.38688
42.5525,85.139,1.10916,0,0.06,3.58648,3.58648,0,0.726838,6.048,91.0588,98.274,2.77388,0,0,2.07834,2.07834,0,1.78501,3.38688
40.6821,85.139,1.33874,0,0.06,3.58651,3.58651,0,0.672106,6.048,90.9465,98.274,3.16656,0,0,2.07837,2.07837,0,1.60573,3.38688
40.0952,85.139,2.55632,0,0.06,3.58655,3.58655,0,0.672113,6.048,90.9917,98.274,3.63075,0,0,2.07839,2.07839,0,1.60574,3.38688
41.6201,85.139,4.63957,0,0.06,3.58659,3.58659,0,0.67212,6.048,91.3201,98.274,4.47418,0,0,2.07841,2.07841,0,1.60576,3.38688
43.371,85.139,5.24177,0,0.06,3.58663,3.58663,0,0.672127,6.048,91.6857,98.274,5.44129,0,0,2.07843,2.07843,0,1.60578,3.38688
46.5784,85.139,6.924,0,0.06,3.69901,3.69901,0,0.672134,6.048,92.0771,98.274,5.92601,0,0,2.14565,2.14565,0,1.6058,3.38688
48.0256,85.139,5.07725,0,0.06,3.69901,3.69901,0,0.693194,6.048,92.4319,98.274,5.71729,0,0,2.14565,2.14565,0,1.65773,3.38688
52.0049,85.139,7.75192,0,0.06,3.69902,3.69902,0,0.693195,6.048,92.9878,98.274,6.60409,0,0,2.14565,2.14565,0,1.65773,3.38688
58.0254,85.139,9.98105,0,0.06,3.69902,3.69902,0,0.693196,6.048,93.755,98.274,7.5117,0,0,2.14566,2.14566,0,1.65773,3.38688
59.4041,85.139,5.46672,0,0.06,4.05982,4.05982,0,0.693197,6.048,93.9442,98.274,4.16228,0,0,2.39794,2.39794,0,1.65773,3.38688
61.0028,85.139,5.72885,0,0.06,4.05983,4.05983,0,0.760811,6.048,94.1683,98.274,4.75252,0,0,2.39795,2.39795,0,1.85265,3.38688
62.5332,85.139,5.68513,0,0.06,4.05983,4.05983,0,0.760812,6.048,94.3401,98.274,4.22058,0,0,2.39795,2.39795,0,1.85265,3.38688
65.1121,85.139,6.81882,0,0.06,4.05984,4.05984,0,0.760813,6.048,94.8314,98.274,5.69948,0,0,2.39795,2.39795,0,1.85266,3.38688
66.9898,85.139,5.69799,0,0.06,3.54523,3.54523,0,0.760814,6.048,95.2653,98.274,5.05326,0,0,2.05939,2.05939,0,1.85266,3.38688
67.8807,85.139,4.68268,0,0.06,3.54524,3.54524,0,0.664377,6.048,95.2408,98.274,3.52622,0,0,2.05939,2.05939,0,1.59108,3.38688
68.58,85.139,4.50017,0,0.06,3.54524,3.54524,0,0.664378,6.048,95.3483,98.274,3.51854,0,0,2.05939,2.05939,0,1.59108,3.38688
72.3164,85.139,7.85031,0,0.06,3.54525,3.54525,0,0.664379,6.048,95.9672,98.274,6.62081,0,0,2.0594,2.0594,0,1.59109,3.38688
73.4731,85.139,5.0209,0,0.06,3.54525,3.54525,0,0.66438,6.048,96.2499,98.274,4.49389,0,0,2.0594,2.0594,0,1.59109,3.38688
73.5164,85.139,4.00392,0,0.06,3.6748,3.6748,0,0.664381,6.048,96.2943,98.274,3.90289,0,0,2.14223,2.14223,0,1.59109,3.38688
73.4641,85.139,3.89539,0,0.06,3.6748,3.6748,0,0.688657,6.048,96.2406,98.274,3.36377,0,0,2.14223,2.14223,0,1.65509,3.38688
72.5083,85.139,2.8576,0,0.06,3.67481,3.67481,0,0.688658,6.048,96,98.274,2.71241,0,0,2.14223,2.14223,0,1.65509,3.38688
71.7818,85.139,3.09756,0,0.06,3.67481,3.67481,0,0.688659,6.048,95.8196,98.274,2.97735,0,0,2.14224,2.14224,0,1.65509,3.38688
70.7654,85.139,2.74198,0,0.06,3.62417,3.62417,0,0.68866,6.048,95.6111,98.274,2.75748,0,0,2.11007,2.11007,0,1.65509,3.38688
69.5012,85.139,2.44605,0,0.06,3.62417,3.62417,0,0.679169,6.048,95.3443,98.274,2.48466,0,0,2.11007,2.11007,0,1.63024,3.38688
68.1654,85.139,2.30086,0,0.06,3.62418,3.62418,0,0.67917,6.048,95.0278,98.274,2.45669,0,0,2.11008,2.11008,0,1.63024,3.38688
66.8176,85.139,2.27244,0,0.06,3.62418,3.62418,0,0.679171,6.048,94.6788,98.274,2.5568,0,0,2.11008,2.11008,0,1.63025,3.38688
65.1872,85.139,2.09849,0,0.06,3.79611,3.79611,0,0.679172,6.048,94.2357,98.274,2.18012,0,0,2.22417,2.22417,0,1.63025,3.38688
63.4061,85.139,1.88063,0,0.06,3.79611,3.79611,0,0.711391,6.048,93.8211,98.274,2.15282,0,0,2.22417,2.22417,0,1.71839,3.38688
61.6265,85.139,1.85516,0,0.06,3.79612,3.79612,0,0.711392,6.048,93.4222,98.274,2.19247,0,0,2.22417,2.22417,0,1.71839,3.38688
59.7577,85.139,1.73506,0,0.06,3.79613,3.79613,0,0.711393,6.048,92.9812,98.274,2.05862,0,0,2.22417,2.22417,0,1.71839,3.38688
57.9689,85.139,1.76794,0,0.06,3.79613,3.79613,0,0.711394,6.048,92.7324,98.274,2.23594,0,0,2.22418,2.22418,0,1.7184,3.38688
56.1912,85.139,1.71352,0,0.06,3.76214,3.76214,0,0.711395,6.048,92.3897,98.274,2.3172,0,0,2.28688,2.28688,0,1.7184,3.38688
54.2688,85.139,1.51355,0,0.06,3.76214,3.76214,0,0.705024,6.048,92.0637,98.274,2.09897,0,0,2.28689,2.28689,0,1.76685,3.38688
52.3178,85.139,1.44586,0,0.06,3.76215,3.76215,0,0.705025,6.048,91.4993,98.274,2.17148,0,0,2.28689,2.28689,0,1.76685,3.38688
50.3382,85.139,1.37267,0,0.06,3.76215,3.76215,0,0.705026,6.048,90.5715,98.274,1.85196,0,0,2.28689,2.28689,0,1.76685,3.38688
48.2907,85.139,1.32259,0,0.06,3.84996,3.84996,0,0.705027,6.048,89.5984,98.274,1.44239,0,0,2.34278,2.34278,0,1.76685,3.38688
46.1263,85.139,1.15868,0,0.06,3.84996,3.84996,0,0.721482,6.048,88.6399,98.274,1.33598,0,0,2.34278,2.34278,0,1.81003,3.38688
43.9303,85.139,1.07004,0,0.06,3.84997,3.84997,0,0.721483,6.048,87.6807,98.274,1.29634,0,0,2.34278,2.34278,0,1.81003,3.38688
41.6104,85.139,0.881416,0,0.06,3.84998,3.84998,0,0.721484,6.048,86.8539,98.274,1.28718,0,0,2.34279,2.34279,0,1.81003,3.38688
39.2508,85.139,0.957002,0,0.06,4.1071,4.1071,0,0.721485,6.048,85.8418,98.274,1.48423,0,0,2.54449,2.54449,0,1.81004,3.38688
36.8677,85.139,0.848742,0,0.06,4.10711,4.10711,0,0.769671,6.048,84.8584,98.274,1.38324,0,0,2.5445,2.5445,0,1.96588,3.38688
34.6686,85.139,0.943816,0,0.06,4.10712,4.10712,0,0.769673,6.048,84.04,98.274,1.43135,0,0,2.5445,2.5445,0,1.96588,3.38688
33.084,85.139,1.51379,0,0.06,4.10712,4.10712,0,0.769674,6.048,83.4634,98.274,1.71326,0,0,2.54451,2.54451,0,1.96588,3.38688
31.7488,85.139,1.69374,0,0.06,4.10713,4.10713,0,0.769675,6.048,83.0646,98.274,1.8641,0,0,2.54451,2.54451,0,1.96589,3.38688
30.3699,85.139,1.50228,0,0.06,3.98182,3.98182,0,0.769676,6.048,82.6489,98.274,1.88884,0,0,2.42209,2.42209,0,1.96589,3.38688
28.8083,85.139,1.24298,0,0.06,3.98183,3.98183,0,0.746193,6.048,82.2462,98.274,2.95789,0,0,2.42209,2.42209,0,1.8713,3.38688
27.1373,85.139,1.03784,0,0.06,3.98183,3.98183,0,0.746194,6.048,81.5372,98.274,1.59432,0,0,2.42209,2.42209,0,1.87131,3.38688
25.9662,85.139,1.45624,0,0.06,3.98184,3.98184,0,0.746195,6.048,81.0358,98.274,1.62297,0,0,2.4221,2.4221,0,1.87131,3.38688
25.5249,85.139,2.0875,0,0.06,3.87898,3.87898,0,0.746196,6.048,80.6619,98.274,2.04428,0,0,2.31066,2.31066,0,1.87131,3.38688
29.336,85.139,6.4527,0,0.06,3.87899,3.87899,0,0.726921,6.048,81.2603,98.274,6.33479,0,0,2.31066,2.31066,0,1.78521,3.38688
31.7456,85.139,5.29605,0,0.06,3.87899,3.87899,0,0.726922,6.048,81.6703,98.274,3.54286,0,0,2.31066,2.31066,0,1.78522,3.38688
33.0057,85.139,4.239,0,0.06,3.879,3.879,0,0.726923,6.048,81.9059,98.274,3.78528,0,0,2.31067,2.31067,0,1.78522,3.38688
33.8124,85.139,3.7944,0,0.06,3.58687,3.58687,0,0.726924,6.048,81.9436,98.274,3.3425,0,0,2.07857,2.07857,0,1.78522,3.38688
38.3651,85.139,7.74828,0,0.06,3.58688,3.58688,0,0.67218,6.048,83.1505,98.274,7.45229,0,0,2.07858,2.07858,0,1.6059,3.38688
41.8218,85.139,6.65066,0,0.06,3.58688,3.58688,0,0.672181,6.048,83.0647,98.274,3.41865,0,0,2.07858,2.07858,0,1.60591,3.38688
45.1147,85.139,6.53577,0,0.06,3.58689,3.58689,0,0.672182,6.048,83.6576,98.274,4.48797,0,0,2.07858,2.07858,0,1.60591,3.38688
47.3201,85.139,5.55567,0,0.06,3.58689,3.58689,0,0.672183,6.048,84.044,98.274,3.80237,0,0,2.07858,2.07858,0,1.60591,3.38688
47.416,85.139,3.54134,0,0.06,3.69925,3.69925,0,0.672183,6.048,84.0594,98.274,2.91128,0,0,2.14579,2.14579,0,1.60591,3.38688
48.7508,85.139,4.9771,0,0.06,3.69922,3.69922,0,0.693239,6.048,84.9759,98.274,5.61239,0,0,2.14577,2.14577,0,1.65783,3.38688
50.4823,85.139,5.34118,0,0.06,3.69919,3.69919,0,0.693233,6.048,85.4112,98.274,5.23187,0,0,2.14575,2.14575,0,1.65782,3.38688
50.8291,85.139,3.91246,0,0.06,3.69916,3.69916,0,0.693228,6.048,85.7571,98.274,3.58562,0,0,2.14574,2.14574,0,1.65781,3.38688
52.6411,85.139,5.95008,0,0.06,4.05994,4.05994,0,0.693223,6.048,86.3166,98.274,4.59453,0,0,2.39801,2.39801,0,1.6578,3.38688
57.0801,85.139,8.79411,0,0.06,4.05991,4.05991,0,0.760832,6.048,87.6338,98.274,7.04703,0,0,2.39799,2.39799,0,1.8527,3.38688
60.3891,85.139,7.69964,0,0.06,4.05987,4.05987,0,0.760826,6.048,89.0188,98.274,7.47793,0,0,2.39797,2.39797,0,1.85269,3.38688
62.4181,85.139,6.35807,0,0.06,4.05984,4.05984,0,0.76082,6.048,89.4913,98.274,4.97557,0,0,2.39795,2.39795,0,1.85267,3.38688
62.1368,85.139,3.37593,0,0.06,3.54521,3.54521,0,0.760815,6.048,89.3707,98.274,2.54442,0,0,2.05937,2.05937,0,1.85266,3.38688
61.6174,85.139,3.1681,0,0.06,3.54518,3.54518,0,0.664371,6.048,89.2811,98.274,2.67383,0,0,2.05935,2.05935,0,1.59107,3.38688
67.495,85.139,9.67209,0,0.06,3.54515,3.54515,0,0.664366,6.048,90.2856,98.274,6.24398,0,0,2.05934,2.05934,0,1.59106,3.38688
73.4461,85.139,10.1998,0,0.06,3.54512,3.54512,0,0.664361,6.048,91.755,98.274,7.36941,0,0,2.05932,2.05932,0,1.59104,3.38688
78.0909,85.139,8.94763,0,0.06,3.5451,3.5451,0,0.664356,6.048,93.0707,98.274,7.06124,0,0,2.05931,2.05931,0,1.59103,3.38688
79.3292,85.139,5.33141,0,0.06,3.6746,3.6746,0,0.664351,6.048,93.3125,98.274,4.29163,0,0,2.14211,2.14211,0,1.59102,3.38688
80.1812,85.139,5.0096,0,0.06,3.67457,3.67457,0,0.68862,6.048,93.6861,98.274,4.5301,0,0,2.1421,2.1421,0,1.655,3.38688
80.7853,85.139,4.65818,0,0.06,3.67454,3.67454,0,0.688614,6.048,94.0513,98.274,4.6781,0,0,2.14208,2.14208,0,1.65498,3.38688
80.4075,85.139,3.5666,0,0.06,3.67451,3.67451,0,0.688609,6.048,94.0582,98.274,3.29777,0,0,2.14206,2.14206,0,1.65497,3.38688
79.3669,85.139,2.84159,0,0.06,3.62384,3.62384,0,0.688604,6.048,94.0378,98.274,3.03786,0,0,2.10988,2.10988,0,1.65496,3.38688
79.8676,85.139,4.43674,0,0.06,3.62381,3.62381,0,0.679108,6.048,94.2102,98.274,3.46692,0,0,2.10986,2.10986,0,1.63009,3.38688
78.8691,85.139,2.83339,0,0.06,3.62379,3.62379,0,0.679103,6.048,94.2139,98.274,2.97011,0,0,2.10985,2.10985,0,1.63008,3.38688
77.5496,85.139,2.47012,0,0.06,3.62376,3.62376,0,0.679097,6.048,94.0879,98.274,2.51159,0,0,2.10983,2.10983,0,1.63007,3.38688
76.4909,85.139,2.88445,0,0.06,3.79563,3.79563,0,0.679092,6.048,94.0739,98.274,2.69064,0,0,2.22388,2.22388,0,1.63006,3.38688
75.1722,85.139,2.53426,0,0.06,3.7956,3.7956,0,0.711301,6.048,93.9319,98.274,2.53085,0,0,2.22387,2.22387,0,1.71817,3.38688
73.7973,85.139,2.45664,0,0.06,3.79557,3.79557,0,0.711295,6.048,93.8364,98.274,2.5832,0,0,2.22385,2.22385,0,1.71816,3.38688
72.3193,85.139,2.32895,0,0.06,3.79554,3.79554,0,0.71129,6.048,93.7187,98.274,2.47223,0,0,2.22383,2.22383,0,1.71815,3.38688
71.3106,85.139,2.73399,0,0.06,3.79551,3.79551,0,0.711285,6.048,93.4541,98.274,2.83745,0,0,2.22382,2.22382,0,1.71813,3.38688
70.4783,85.139,2.85647,0,0.06,3.76149,3.76149,0,0.711279,6.048,93.1157,98.274,2.86583,0,0,2.28649,2.28649,0,1.71812,3.38688
69.4348,85.139,2.63421,0,0.06,3.76146,3.76146,0,0.704903,6.048,92.7606,98.274,2.85229,0,0,2.28647,2.28647,0,1.76654,3.38688
68.1787,85.139,2.40467,0,0.06,3.76143,3.76143,0,0.704898,6.048,92.3684,98.274,2.53704,0,0,2.28645,2.28645,0,1.76653,3.38688
66.7036,85.139,2.14175,0,0.06,3.7614,3.7614,0,0.704892,6.048,91.8801,98.274,2.22872,0,0,2.28644,2.28644,0,1.76651,3.38688
65.2205,85.139,2.19102,0,0.06,3.84916,3.84916,0,0.704887,6.048,91.3607,98.274,2.03048,0,0,2.34229,2.34229,0,1.7665,3.38688
63.6131,85.139,2.02976,0,0.06,3.84913,3.84913,0,0.721332,6.048,90.7826,98.274,2.08101,0,0,2.34227,2.34227,0,1.80965,3.38688
61.881,85.139,1.8802,0,0.06,3.8491,3.8491,0,0.721326,6.048,90.179,98.274,1.84433,0,0,2.34225,2.34225,0,1.80964,3.38688
60.2155,85.139,1.91488,0,0.06,3.84907,3.84907,0,0.721321,6.048,89.5436,98.274,2.10814,0,0,2.34223,2.34223,0,1.80962,3.38688
58.268,85.139,1.79583,0,0.06,4.1061,4.1061,0,0.721315,6.048,88.909,98.274,1.689,0,0,2.54387,2.54387,0,1.80961,3.38688
56.5094,85.139,1.97698,0,0.06,4.10607,4.10607,0,0.769483,6.048,88.1136,98.274,1.95678,0,0,2.54385,2.54385,0,1.9654,3.38688
54.3876,85.139,1.58771,0,0.06,4.10604,4.10604,0,0.769477,6.048,87.4379,98.274,1.41947,0,0,2.54383,2.54383,0,1.96538,3.38688
52.6562,85.139,1.9276,0,0.06,4.106,4.106,0,0.769471,6.048,86.9349,98.274,2.46192,0,0,2.54381,2.54381,0,1.96537,3.38688
50.2432,85.139,1.18986,0,0.06,4.10597,4.10597,0,0.769465,6.048,86.2327,98.274,1.66298,0,0,2.54379,2.54379,0,1.96535,3.38688
47.8206,85.139,1.02859,0,0.06,3.98066,3.98066,0,0.769459,6.048,85.5687,98.274,1.58365,0,0,2.42138,2.42138,0,1.96533,3.38688
45.7314,85.139,1.33677,0,0.06,3.98063,3.98063,0,0.745977,6.048,84.946,98.274,1.65956,0,0,2.42136,2.42136,0,1.87076,3.38688
44.2375,85.139,1.93401,0,0.06,3.9806,3.9806,0,0.745971,6.048,84.5194,98.274,2.80625,0,0,2.42134,2.42134,0,1.87075,3.38688
42.4845,85.139,1.68328,0,0.06,3.98057,3.98057,0,0.745965,6.048,84.0332,98.274,2.24199,0,0,2.42133,2.42133,0,1.87073,3.38688
40.4821,85.139,1.34198,0,0.06,3.87772,3.87772,0,0.745959,6.048,83.7761,98.274,2.70112,0,0,2.3099,2.3099,0,1.87072,3.38688
38.9458,85.139,1.69604,0,0.06,3.87769,3.87769,0,0.726684,6.048,83.645,98.274,3.22798,0,0,2.30989,2.30989,0,1.78463,3.38688
42.3692,85.139,6.80564,0,0.06,3.87766,3.87766,0,0.726678,6.048,84.1384,98.274,5.51237,0,0,2.30987,2.30987,0,1.78462,3.38688
42.5718,85.139,3.63357,0,0.06,3.87763,3.87763,0,0.726673,6.048,84.3671,98.274,4.30147,0,0,2.30985,2.30985,0,1.7846,3.38688
41.9582,85.139,2.62995,0,0.06,3.58557,3.58557,0,0.726667,6.048,84.4225,98.274,3.48635,0,0,2.07782,2.07782,0,1.78459,3.38688
41.2211,85.139,2.50355,0,0.06,3.58554,3.58554,0,0.671936,6.048,84.7598,98.274,4.66285,0,0,2.0778,2.0778,0,1.60532,3.38688
40.7421,85.139,2.78691,0,0.06,3.58551,3.58551,0,0.67193,6.048,85.2463,98.274,5.01649,0,0,2.07779,2.07779,0,1.60531,3.38688
42.904,85.139,5.48159,0,0.06,3.58549,3.58549,0,0.671925,6.048,86.6045,98.274,7.12047,0,0,2.07777,2.07777,0,1.6053,3.38688
44.7584,85.139,5.31335,0,0.06,3.58546,3.58546,0,0.67192,6.048,88.0383,98.274,7.57325,0,0,2.07775,2.07775,0,1.60528,3.38688
45.9028,85.139,4.63236,0,0.06,3.69773,3.69773,0,0.671915,6.048,89.0252,98.274,6.5519,0,0,2.14491,2.14491,0,1.60527,3.38688
45.9553,85.139,3.56252,0,0.06,3.69767,3.69767,0,0.692956,6.048,89.4215,98.274,4.24248,0,0,2.14487,2.14487,0,1.65716,3.38688
45.3005,85.139,2.89391,0,0.06,3.69761,3.69761,0,0.692944,6.048,89.5622,98.274,3.48367,0,0,2.14484,2.14484,0,1.65713,3.38688
44.423,85.139,2.56093,0,0.06,3.69755,3.69755,0,0.692932,6.048,89.563,98.274,2.87025,0,0,2.1448,2.1448,0,1.6571,3.38688
44.7289,85.139,3.99823,0,0.06,4.05813,4.05813,0,0.692921,6.048,89.8941,98.274,4.24856,0,0,2.39694,2.39694,0,1.65707,3.38688
44.8481,85.139,3.8238,0,0.06,4.05806,4.05806,0,0.760494,6.048,90.484,98.274,4.72518,0,0,2.3969,2.3969,0,1.85188,3.38688
45.874,85.139,4.76954,0,0.06,4.058,4.058,0,0.760481,6.048,91.822,98.274,7.558,0,0,2.39686,2.39686,0,1.85185,3.38688
47.086,85.139,5.02244,0,0.06,4.05793,4.05793,0,0.760468,6.048,93.0949,98.274,6.96193,0,0,2.39682,2.39682,0,1.85182,3.38688
48.4074,85.139,4.9211,0,0.06,3.5435,3.5435,0,0.760456,6.048,94.1459,98.274,6.09971,0,0,2.05838,2.05838,0,1.85179,3.38688
50.3284,85.139,5.46649,0,0.06,3.54344,3.54344,0,0.664052,6.048,94.8784,98.274,5.31361,0,0,2.05834,2.05834,0,1.5903,3.38688
51.7747,85.139,5.02698,0,0.06,3.54338,3.54338,0,0.664041,6.048,95.5324,98.274,5.11075,0,0,2.05831,2.05831,0,1.59028,3.38688
56.4746,85.139,8.60681,0,0.06,3.54332,3.54332,0,0.66403,6.048,97.0423,98.274,8.27703,0,0,2.05828,2.05828,0,1.59025,3.38688
58.9704,85.139,6.36716,0,0.06,3.54326,3.54326,0,0.664019,6.048,98.5061,98.274,7.53009,0,0,2.05824,2.05824,0,1.59022,3.38688
60.3021,85.139,5.15508,0,0.06,3.67267,3.67267,0,0.664008,6.048,99.3022,98.274,5.60589,0,0,2.14099,2.14099,0,1.5902,3.38688
62.2344,85.139,5.69627,0,0.06,3.6726,3.6726,0,0.688258,6.048,99.3022,98.274,6.21693,0,0,2.14095,2.14095,0,1.65413,3.38688
62.4921,85.139,4.01822,0,0.06,3.67254,3.67254,0,0.688246,6.048,99.3022,98.274,4.17275,0,0,2.14092,2.14092,0,1.6541,3.38688
62.4349,85.139,3.72729,0,0.06,3.67248,3.67248,0,0.688235,6.048,99.3022,98.274,4.10558,0,0,2.14088,2.14088,0,1.65407,3.38688
62.245,85.139,3.54019,0,0.06,3.6218,3.6218,0,0.688223,6.048,99.3022,98.274,3.28343,0,0,2.1087,2.1087,0,1.65404,3.38688
61.9127,85.139,3.37334,0,0.06,3.62174,3.62174,0,0.678726,6.048,99.3022,98.274,3.20176,0,0,2.10866,2.10866,0,1.62918,3.38688
61.2455,85.139,2.94535,0,0.06,3.62168,3.62168,0,0.678715,6.048,99.2529,98.274,3.42355,0,0,2.10862,2.10862,0,1.62915,3.38688
60.155,85.139,2.4145,0,0.06,3.62162,3.62162,0,0.678704,6.048,99.1488,98.274,3.20617,0,0,2.10859,2.10859,0,1.62912,3.38688
59.155,85.139,2.67867,0,0.06,3.79336,3.79336,0,0.678692,6.048,99.1823,98.274,3.25314,0,0,2.22255,2.22255,0,1.6291,3.38688
58.1173,85.139,2.6187,0,0.06,3.7933,3.7933,0,0.710875,6.048,99.1582,98.274,2.992,0,0,2.22252,2.22252,0,1.71714,3.38688
56.8968,85.139,2.36925,0,0.06,3.79323,3.79323,0,0.710864,6.048,99.0702,98.274,2.88473,0,0,2.22248,2.22248,0,1.71712,3.38688
55.5856,85.139,2.24268,0,0.06,3.79317,3.79317,0,0.710852,6.048,98.9349,98.274,2.72582,0,0,2.22244,2.22244,0,1.71709,3.38688
54.0074,85.139,1.93079,0,0.06,3.79311,3.79311,0,0.71084,6.048,98.7698,98.274,2.53537,0,0,2.2224,2.2224,0,1.71706,3.38688
52.2432,85.139,1.65636,0,0.06,3.75907,3.75907,0,0.710828,6.048,98.5213,98.274,2.35858,0,0,2.28502,2.28502,0,1.71703,3.38688
50.4421,85.139,1.5704,0,0.06,3.75901,3.75901,0,0.70445,6.048,98.222,98.274,2.28905,0,0,2.28498,2.28498,0,1.76541,3.38688
48.5857,85.139,1.47112,0,0.06,3.75894,3.75894,0,0.704438,6.048,97.7228,98.274,2.14217,0,0,2.28494,2.28494,0,1.76538,3.38688
46.6408,85.139,1.33576,0,0.06,3.75888,3.75888,0,0.704426,6.048,97.0745,98.274,1.94178,0,0,2.2849,2.2849,0,1.76535,3.38688
44.5695,85.139,1.22859,0,0.06,3.84654,3.84654,0,0.704414,6.048,96.4687,98.274,1.84291,0,0,2.3407,2.3407,0,1.76532,3.38688
42.447,85.139,1.10846,0,0.06,3.84648,3.84648,0,0.720842,6.048,95.5947,98.274,1.75199,0,0,2.34066,2.34066,0,1.80842,3.38688
40.2881,85.139,1.00985,0,0.06,3.84641,3.84641,0,0.72083,6.048,94.9706,98.274,1.52874,0,0,2.34062,2.34062,0,1.80839,3.38688
38.2813,85.139,1.09377,0,0.06,3.84635,3.84635,0,0.720818,6.048,94.2156,98.274,1.91804,0,0,2.34058,2.34058,0,1.80836,3.38688
36.1069,85.139,1.02336,0,0.06,4.10316,4.10316,0,0.720806,6.048,93.4381,98.274,1.57832,0,0,2.54205,2.54205,0,1.80833,3.38688
34.0752,85.139,1.09447,0,0.06,4.10309,4.10309,0,0.768932,6.048,92.4428,98.274,1.6772,0,0,2.54201,2.54201,0,1.96399,3.38688
31.9208,85.139,0.89073,0,0.06,4.10302,4.10302,0,0.76892,6.048,91.8199,98.274,1.26864,0,0,2.54197,2.54197,0,1.96396,3.38688
30.0463,85.139,1.05427,0,0.06,4.10296,4.10296,0,0.768907,6.048,91.1703,98.274,2.05426,0,0,2.54192,2.54192,0,1.96392,3.38688
28.0464,85.139,0.82694,0,0.06,4.10289,4.10289,0,0.768894,6.048,90.4242,98.274,1.57441,0,0,2.54188,2.54188,0,1.96389,3.38688
26.3006,85.139,0.878466,0,0.06,3.97764,3.97764,0,0.768881,6.048,89.6517,98.274,1.60832,0,0,2.41954,2.41954,0,1.96386,3.38688
24.7689,85.139,0.991758,0,0.06,3.97757,3.97757,0,0.745409,6.048,89.1391,98.274,1.51979,0,0,2.4195,2.4195,0,1.86934,3.38688
23.8848,85.139,1.54685,0,0.06,3.9775,3.9775,0,0.745397,6.048,88.9081,98.274,2.59639,0,0,2.41946,2.41946,0,1.86931,3.38688
22.961,85.139,1.49303,0,0.06,3.97744,3.97744,0,0.745384,6.048,88.6211,98.274,2.35604,0,0,2.41942,2.41942,0,1.86927,3.38688
22.9085,85.139,2.21394,0,0.06,3.87463,3.87463,0,0.745372,6.048,88.5965,98.274,2.59618,0,0,2.30806,2.30806,0,1.86924,3.38688
23.2281,85.139,2.59079,0,0.06,3.87456,3.87456,0,0.726105,6.048,89.0931,98.274,4.50884,0,0,2.30802,2.30802,0,1.78321,3.38688
22.8209,85.139,1.89076,0,0.06,3.8745,3.8745,0,0.726093,6.048,89.1368,98.274,3.19952,0,0,2.30799,2.30799,0,1.78318,3.38688
