0st_vol,0capacity,0net_inf,0st_rof,0lt_rof,0rest_demand,0unrest_demand,0unfulf_demand,0wastewater,0treat_capacity,1st_vol,1capacity,1net_inf,1st_rof,1lt_rof,1rest_demand,1unrest_demand,1unfulf_demand,1wastewater,1treat_capacity
85.139,85.139,6.26069,0.05,0,2.16737,2.46977,0,0,4.47552,99.3022,98.274,4.08808,0,0,1.73502,1.43262,0,0,2.1168
85.139,85.139,8.48695,0.05,0,2.18919,2.47086,0,0.406166,4.47552,99.3022,98.274,5.67831,0,0,1.71491,1.43325,0,1.34047,2.1168
85.139,85.139,6.92282,0.05,0,2.19091,2.47194,0,0.410255,4.47552,99.3022,98.274,4.09493,0,0,1.71491,1.43388,0,1.32494,2.1168
85.139,85.139,4.65955,0.05,0,2.19262,2.47303,0,0.410576,4.47552,99.3022,98.274,3.96651,0,0,1.71491,1.4345,0,1.32494,2.1168
85.139,85.139,5.82377,0.05,0,2.43566,2.71543,0,0.410898,4.47552,99.3022,98.274,6.10371,0,0,1.88365,1.60388,0,1.32494,2.1168
85.139,85.139,7.934,0.05,0,2.60622,2.71662,0,0.456442,4.47552,99.3022,98.274,7.50788,0,0,1.71498,1.60458,0,1.45531,2.1168
85.139,85.139,8.03411,0.05,0,2.60812,2.71782,0,0.488406,4.47552,99.3022,98.274,7.19114,0,0,1.71498,1.60528,0,1.325,2.1168
85.139,85.139,5.64277,0.05,0,2.61001,2.71901,0,0.488761,4.47552,99.3022,98.274,5.38735,0,0,1.71498,1.60599,0,1.325,2.1168
85.139,85.139,8.1777,0.05,0,2.26711,2.3754,0,0.489117,4.47552,99.3022,98.274,8.0812,0,0,1.48813,1.37984,0,1.325,2.1168
85.139,85.139,12.1443,0.05,0,2.07404,2.37644,0,0.424856,4.47552,99.3022,98.274,12.1505,0,0,1.68285,1.38045,0,1.14973,2.1168
85.139,85.139,9.0535,0.05,0,2.07508,2.37748,0,0.388675,4.47552,99.3022,98.274,8.33392,0,0,1.68345,1.38105,0,1.30017,2.1168
85.139,85.139,8.96488,0.05,0,2.07613,2.37853,0,0.388871,4.47552,99.3022,98.274,7.86045,0,0,1.68406,1.38166,0,1.30064,2.1168
85.139,85.139,7.82438,0.05,0,2.07717,2.37957,0,0.389066,4.47552,99.3022,98.274,7.4331,0,0,1.68466,1.38226,0,1.3011,2.1168
85.139,85.139,9.50768,0.05,0,2.16519,2.46759,0,0.389261,4.47552,99.3022,98.274,10.2344,0,0,1.74089,1.43849,0,1.30157,2.1168
85.139,85.139,10.4975,0.05,0,2.19288,2.46867,0,0.405757,4.47552,99.3022,98.274,10.573,0,0,1.71491,1.43912,0,1.34501,2.1168
85.139,85.139,7.43488,0.05,0,2.19459,2.46976,0,0.410946,4.47552,99.3022,98.274,8.5214,0,0,1.71491,1.43975,0,1.32494,2.1168
85.139,85.139,6.56501,0.05,0,2.19631,2.47084,0,0.411267,4.47552,99.3022,98.274,8.30863,0,0,1.71491,1.44038,0,1.32494,2.1168
85.139,85.139,5.54906,0.05,0,2.16395,2.43785,0,0.411588,4.47552,99.3022,98.274,5.409,0,0,1.69327,1.41937,0,1.32494,2.1168
85.139,85.139,4.59843,0.05,0,2.14401,2.43892,0,0.405524,4.47552,99.3022,98.274,4.19474,0,0,1.7149,1.41999,0,1.30822,2.1168
85.139,85.139,4.07191,0.05,0,2.1457,2.43999,0,0.401787,4.47552,99.3022,98.274,3.69772,0,0,1.7149,1.42061,0,1.32493,2.1168
85.139,85.139,3.68393,0.04,0,2.14739,2.44105,0,0.402104,4.47552,99.3022,98.274,3.35158,0,0,1.7149,1.42124,0,1.32493,2.1168
85.139,85.139,3.66524,0.04,0,2.26493,2.55797,0,0.402421,4.47552,99.3022,98.274,3.0781,0,0,1.79178,1.49873,0,1.32493,2.1168
85.139,85.139,3.48946,0.04,0,2.34354,2.55909,0,0.424447,4.47552,99.3022,98.274,2.79034,0,0,1.71494,1.49939,0,1.38433,2.1168
85.139,85.139,3.2252,0.03,0,2.34531,2.56021,0,0.439179,4.47552,99.3022,98.274,2.80035,0,0,1.71494,1.50004,0,1.32496,2.1168
85.139,85.139,3.12177,0.02,0,2.34709,2.56133,0,0.439512,4.47552,99.3022,98.274,2.78502,0,0,1.71494,1.5007,0,1.32496,2.1168
85.139,85.139,2.88036,0.02,0,2.34887,2.56245,0,0.439845,4.47552,99.3022,98.274,2.57952,0,0,1.71494,1.50135,0,1.32496,2.1168
85.0149,85.139,2.47793,0.02,0,2.32768,2.54061,0,0.440178,4.47552,99.3019,98.274,2.64373,0,0,1.75728,1.54435,0,1.32496,2.1168
84.6535,85.139,2.27544,0.03,0,2.37179,2.54172,0,0.436208,4.47552,99.3022,98.274,2.65001,0,0,1.71496,1.54503,0,1.35767,2.1168
84.1083,85.139,2.08323,0.03,0,2.37358,2.54283,0,0.444474,4.47552,99.2658,98.274,2.35822,0,0,1.71496,1.5457,0,1.32497,2.1168
83.4261,85.139,1.91248,0.03,0,2.37537,2.54394,0,0.444809,4.47552,98.7692,98.274,2.30742,0,0,1.71496,1.54638,0,1.32497,2.1168
82.5381,85.139,1.72654,0.03,0,2.43655,2.60445,0,0.445144,4.47552,98.1677,98.274,1.72239,0,0,1.75276,1.58486,0,1.32497,2.1168
81.4342,85.139,1.53147,0.03,0,2.47617,2.60559,0,0.456609,4.47552,97.5195,98.274,1.47883,0,0,1.71497,1.58555,0,1.35418,2.1168
80.2426,85.139,1.42994,0.03,0,2.478,2.60672,0,0.464033,4.47552,96.7781,98.274,1.3849,0,0,1.71497,1.58624,0,1.32499,2.1168
78.9459,85.139,1.31242,0.03,0,2.47983,2.60786,0,0.464376,4.47552,96.1343,98.274,1.31438,0,0,1.71497,1.58694,0,1.32499,2.1168
77.5797,85.139,1.36416,0.04,0,2.6559,2.78325,0,0.46472,4.47552,95.0588,98.274,1.53406,0,0,1.85166,1.72432,0,1.32499,2.1168
75.5448,85.139,0.767994,0.04,0,2.78446,2.78446,0,0.497716,4.47552,93.9633,98.274,0.912353,0,0,1.72507,1.72507,0,1.43059,2.1168
73.4837,85.139,0.723925,0.04,0,2.78568,2.78568,0,0.521808,4.47552,92.899,98.274,0.858498,0,0,1.72582,1.72582,0,1.33279,2.1168
71.6938,85.139,0.985223,0.04,0,2.78689,2.78689,0,0.522036,4.47552,91.9244,98.274,0.963098,0,0,1.72658,1.72658,0,1.33337,2.1168
70.3172,85.139,1.44515,0.05,0,2.78811,2.78811,0,0.522263,4.47552,91.0605,98.274,1.14622,0,0,1.72733,1.72733,0,1.33395,2.1168
68.4963,85.139,0.864948,0.05,0,2.70422,2.70422,0,0.522491,4.47552,90.2136,98.274,1.00861,0,0,1.64494,1.64494,0,1.33453,2.1168
67.0512,85.139,1.20293,0.05,0,2.63605,2.7054,0,0.50677,4.47552,89.7247,98.274,1.08353,0,0,1.715,1.64565,0,1.27088,2.1168
66.044,85.139,1.68261,0.08,0,2.63795,2.70658,0,0.493997,4.47552,89.1607,98.274,1.79694,0,0,1.715,1.64637,0,1.32501,2.1168
64.7959,85.139,1.47886,0.08,0,2.63985,2.70776,0,0.494352,4.47552,88.5916,98.274,1.27968,0,0,1.715,1.64709,0,1.32501,2.1168
63.5963,85.139,1.53154,0.09,0,2.57177,2.63896,0,0.494708,4.47552,88.2945,98.274,1.45614,0,0,1.63918,1.57199,0,1.32501,2.1168
62.5974,85.139,1.64927,0.09,0,2.49782,2.64011,0,0.481949,4.47552,87.8684,98.274,1.75036,0,0,1.71496,1.57268,0,1.26643,2.1168
62.277,85.139,2.34111,0.09,0,2.49966,2.64126,0,0.468092,4.47552,87.8872,98.274,1.65302,0,0,1.71497,1.57336,0,1.32498,2.1168
65.5701,85.139,6.09115,0.13,0,2.50149,2.64241,0,0.468436,4.47552,88.7873,98.274,5.0431,0,0,1.71497,1.57405,0,1.32498,2.1168
67.7669,85.139,4.91035,0.08,0,2.30424,2.44447,0,0.46878,4.47552,89.3543,98.274,3.40686,0,0,1.55679,1.41656,0,1.32498,2.1168
70.8131,85.139,5.82664,0.08,0,2.14781,2.44553,0,0.431814,4.47552,89.8065,98.274,2.87887,0,0,1.7149,1.41717,0,1.20278,2.1168
72.6684,85.139,4.60699,0.04,0,2.14949,2.4466,0,0.4025,4.47552,90.1858,98.274,3.51884,0,0,1.7149,1.41779,0,1.32493,2.1168
74.6206,85.139,4.69434,0.04,0,2.15118,2.44766,0,0.402815,4.47552,90.7387,98.274,5.49451,0,0,1.7149,1.41841,0,1.32493,2.1168
76.9173,85.139,5.04904,0.03,0,2.15286,2.44873,0,0.40313,4.47552,91.1497,98.274,4.25065,0,0,1.7149,1.41903,0,1.32493,2.1168
79.2432,85.139,5.02691,0.03,0,2.23126,2.52652,0,0.403446,4.47552,91.7598,98.274,3.55486,0,0,1.76079,1.46553,0,1.32493,2.1168
80.0854,85.139,3.53198,0.04,0,2.27883,2.52758,0,0.418139,4.47552,92.408,98.274,2.93772,0,0,1.7149,1.46615,0,1.36038,2.1168
80.5935,85.139,3.27782,0.03,0,2.28052,2.52865,0,0.427054,4.47552,93.6057,98.274,3.92445,0,0,1.7149,1.46677,0,1.32493,2.1168
83.6661,85.139,6.00336,0.04,0,2.2822,2.52971,0,0.427369,4.47552,95.7185,98.274,6.40215,0,0,1.7149,1.46739,0,1.32493,2.1168
84.4235,85.139,3.74691,0.05,0,2.53073,2.77763,0,0.427685,4.47552,96.9358,98.274,5.12228,0,0,1.8875,1.64061,0,1.32493,2.1168
84.4398,85.139,3.134,0.04,0,2.70513,2.7788,0,0.474259,4.47552,98.5601,98.274,5.81714,0,0,1.71497,1.6413,0,1.45829,2.1168
84.9173,85.139,3.65118,0.04,0,2.70699,2.77997,0,0.506941,4.47552,99.3022,98.274,7.11019,0,0,1.71497,1.64199,0,1.32499,2.1168
85.139,85.139,4.76056,0.04,0,2.70885,2.78114,0,0.50729,4.47552,99.3022,98.274,7.43463,0,0,1.71497,1.64268,0,1.32499,2.1168
85.139,85.139,5.40493,0.04,0,2.35804,2.42963,0,0.507639,4.47552,99.3022,98.274,7.67377,0,0,1.48294,1.41135,0,1.32499,2.1168
85.139,85.139,6.43927,0.04,0,2.12826,2.43066,0,0.441896,4.47552,99.3022,98.274,9.85313,0,0,1.71434,1.41194,0,1.14572,2.1168
85.139,85.139,5.44998,0.04,0,2.12934,2.43168,0,0.398835,4.47552,99.3022,98.274,8.21133,0,0,1.71487,1.41254,0,1.3245,2.1168
85.139,85.139,5.61292,0.04,0,2.13096,2.4327,0,0.399039,4.47552,99.3022,98.274,9.11041,0,0,1.71487,1.41313,0,1.32491,2.1168
85.139,85.139,5.37425,0.04,0,2.13258,2.43373,0,0.399342,4.47552,99.3022,98.274,8.10659,0,0,1.71487,1.41372,0,1.32491,2.1168
85.139,85.139,6.66956,0.04,0,2.22316,2.52371,0,0.399645,4.47552,99.3022,98.274,8.21052,0,0,1.77176,1.4712,0,1.32491,2.1168
85.139,85.139,5.76825,0.05,0,2.2817,2.52477,0,0.41662,4.47552,99.3022,98.274,8.9584,0,0,1.7149,1.47182,0,1.36886,2.1168
85.139,85.139,6.23411,0.05,0,2.28338,2.52584,0,0.42759,4.47552,99.3022,98.274,7.41566,0,0,1.7149,1.47244,0,1.32493,2.1168
85.139,85.139,4.93577,0.05,0,2.28506,2.5269,0,0.427905,4.47552,99.3022,98.274,6.3776,0,0,1.7149,1.47306,0,1.32493,2.1168
85.139,85.139,3.96401,0.05,0,2.2519,2.49312,0,0.42822,4.47552,99.3022,98.274,5.08074,0,0,1.69277,1.45155,0,1.32493,2.1168
85.139,85.139,3.12018,0.05,0,2.23144,2.49417,0,0.422006,4.47552,99.3022,98.274,3.92914,0,0,1.71489,1.45216,0,1.30783,2.1168
85.1068,85.139,2.64103,0.05,0,2.23309,2.49522,0,0.418171,4.47552,99.2622,98.274,3.56688,0,0,1.71489,1.45277,0,1.32492,2.1168
84.856,85.139,2.42225,0.07,0,2.23475,2.49626,0,0.418482,4.47552,99.3022,98.274,2.98219,0,0,1.71489,1.45338,0,1.32492,2.1168
85.139,85.139,3.03913,0.07,0,2.35488,2.61578,0,0.418793,4.47552,99.3022,98.274,3.3008,0,0,1.7935,1.5326,0,1.32492,2.1168
84.9699,85.139,2.59858,0.04,0,2.4352,2.61688,0,0.441304,4.47552,99.3022,98.274,3.14329,0,0,1.71492,1.53324,0,1.38566,2.1168
84.5282,85.139,2.31411,0.06,0,2.43694,2.61798,0,0.456356,4.47552,99.2924,98.274,2.89057,0,0,1.71492,1.53389,0,1.32495,2.1168
84.0156,85.139,2.1796,0.05,0,2.43868,2.61908,0,0.456683,4.47552,99.1965,98.274,2.77608,0,0,1.71492,1.53453,0,1.32495,2.1168
83.3808,85.139,2.05442,0.05,0,2.44043,2.62017,0,0.457009,4.47552,99.3022,98.274,2.63553,0,0,1.71492,1.53518,0,1.32495,2.1168
82.9881,85.139,2.26365,0.04,0,2.4187,2.5978,0,0.457336,4.47552,99.3022,98.274,3.45093,0,0,1.75822,1.57912,0,1.32495,2.1168
82.491,85.139,2.18852,0.03,0,2.46373,2.59889,0,0.453264,4.47552,99.3022,98.274,3.39816,0,0,1.71494,1.57978,0,1.3584,2.1168
81.8,85.139,1.9555,0.03,0,2.46548,2.59998,0,0.461702,4.47552,99.3022,98.274,3.15533,0,0,1.71494,1.58044,0,1.32496,2.1168
80.9952,85.139,1.83192,0.03,0,2.46723,2.60107,0,0.462031,4.47552,99.3022,98.274,3.18832,0,0,1.71494,1.58111,0,1.32496,2.1168
79.9107,85.139,1.58403,0.03,0,2.52972,2.66289,0,0.46236,4.47552,99.0663,98.274,2.38175,0,0,1.75359,1.62042,0,1.32496,2.1168
78.8107,85.139,1.58577,0.03,0,2.57015,2.66401,0,0.474069,4.47552,99.0477,98.274,2.04756,0,0,1.71496,1.6211,0,1.35483,2.1168
77.6122,85.139,1.46976,0.04,0,2.57195,2.66512,0,0.481646,4.47552,98.746,98.274,2.03957,0,0,1.71496,1.62178,0,1.32498,2.1168
76.3136,85.139,1.36122,0.04,0,2.57374,2.66624,0,0.481983,4.47552,98.5626,98.274,1.8204,0,0,1.71496,1.62246,0,1.32498,2.1168
74.8824,85.139,1.36399,0.04,0,2.75368,2.8455,0,0.482319,4.47552,98.1886,98.274,2.01001,0,0,1.85471,1.76289,0,1.32498,2.1168
73.3821,85.139,1.3523,0.04,0,2.84669,2.84669,0,0.51604,4.47552,97.8025,98.274,1.76744,0,0,1.76363,1.76363,0,1.43295,2.1168
71.7325,85.139,1.20662,0.06,0,2.84789,2.84789,0,0.53347,4.47552,97.4622,98.274,1.69482,0,0,1.76437,1.76437,0,1.36258,2.1168
70.119,85.139,1.22236,0.06,0,2.84908,2.84908,0,0.533694,4.47552,97.3853,98.274,1.8362,0,0,1.7651,1.7651,0,1.36315,2.1168
68.5268,85.139,1.23365,0.06,0,2.85027,2.85027,0,0.533918,4.47552,97.2429,98.274,2.14529,0,0,1.76584,1.76584,0,1.36372,2.1168
67.1053,85.139,1.30649,0.06,0,2.76447,2.76447,0,0.534141,4.47552,97.4327,98.274,3.38415,0,0,1.68159,1.68159,0,1.36429,2.1168
65.6345,85.139,1.22113,0.1,0,2.73293,2.76562,0,0.518061,4.47552,97.2731,98.274,2.45227,0,0,1.71498,1.68229,0,1.29919,2.1168
63.9574,85.139,0.99915,0.11,0,2.73479,2.76678,0,0.512151,4.47552,97.0156,98.274,1.95874,0,0,1.71498,1.68299,0,1.325,2.1168
62.8474,85.139,1.6392,0.11,0,2.73665,2.76794,0,0.5125,4.47552,97.0551,98.274,2.60938,0,0,1.71498,1.6837,0,1.325,2.1168
63.1651,85.139,3.10859,0.11,0,2.66698,2.69757,0,0.512849,4.47552,97.0852,98.274,3.14527,0,0,1.63749,1.6069,0,1.325,2.1168
61.8448,85.139,1.31186,0.11,0,2.59132,2.69869,0,0.499793,4.47552,96.9558,98.274,1.51381,0,0,1.71495,1.60758,0,1.26512,2.1168
60.9407,85.139,1.73149,0.14,0,2.59312,2.69982,0,0.485613,4.47552,97.234,98.274,3.61134,0,0,1.71495,1.60825,0,1.32497,2.1168
62.8939,85.139,4.70288,0.14,0,2.59492,2.70095,0,0.485951,4.47552,98.7596,98.274,6.99276,0,0,1.71495,1.60892,0,1.32497,2.1168
62.8348,85.139,2.50122,0.12,0,2.39323,2.49859,0,0.486289,4.47552,99.3022,98.274,3.58328,0,0,1.55327,1.44792,0,1.32497,2.1168
61.9121,85.139,1.53014,0.13,0,2.23327,2.49963,0,0.448491,4.47552,99.3022,98.274,2.67454,0,0,1.71489,1.44852,0,1.20006,2.1168
60.5433,85.139,1.07593,0.15,0,2.23492,2.50068,0,0.418514,4.47552,99.3022,98.274,2.58141,0,0,1.71489,1.44913,0,1.32492,2.1168
59.8172,85.139,1.71534,0.15,0,2.23657,2.50172,0,0.418824,4.47552,99.3022,98.274,2.65882,0,0,1.71489,1.44973,0,1.32492,2.1168
61.1712,85.139,3.77209,0.15,0,2.23822,2.50277,0,0.419133,4.47552,99.3022,98.274,3.83837,0,0,1.71489,1.45034,0,1.32492,2.1168
61.485,85.139,2.8328,0.15,0,2.31829,2.58223,0,0.419443,4.47552,99.3022,98.274,3.89935,0,0,1.76179,1.49785,0,1.32492,2.1168
60.6196,85.139,1.70055,0.15,0,2.36684,2.58327,0,0.434447,4.47552,99.3022,98.274,3.75072,0,0,1.71489,1.49845,0,1.36116,2.1168
60.753,85.139,2.74896,0.15,0,2.36848,2.58431,0,0.443545,4.47552,99.3022,98.274,4.4454,0,0,1.71489,1.49906,0,1.32492,2.1168
61.9608,85.139,3.96807,0.16,0,2.37013,2.58536,0,0.443854,4.47552,99.3022,98.274,4.29304,0,0,1.71489,1.49966,0,1.32492,2.1168
61.6731,85.139,2.63388,0.16,0,2.62406,2.83867,0,0.444163,4.47552,99.3022,98.274,4.10492,0,0,1.89129,1.67667,0,1.32492,2.1168
62.3756,85.139,3.82021,0.17,0,2.80221,2.83982,0,0.491748,4.47552,99.3022,98.274,4.93091,0,0,1.71496,1.67734,0,1.46121,2.1168
62.54,85.139,3.26092,0.17,0,2.80403,2.84097,0,0.525134,4.47552,99.3022,98.274,5.45469,0,0,1.71496,1.67802,0,1.32498,2.1168
63.3012,85.139,3.85012,0.14,0,2.80585,2.84211,0,0.525475,4.47552,99.3022,98.274,5.55826,0,0,1.71496,1.6787,0,1.32498,2.1168
64.5122,85.139,4.0389,0.13,0,2.44728,2.48286,0,0.525817,4.47552,99.3022,98.274,6.1942,0,0,1.47784,1.44226,0,1.32498,2.1168
66.1579,85.139,4.26111,0.15,0,2.21184,2.48386,0,0.45862,4.47552,99.3022,98.274,4.65011,0,0,1.71486,1.44285,0,1.14178,2.1168
67.3433,85.139,3.8623,0.19,0,2.21343,2.48486,0,0.4145,4.47552,99.3022,98.274,5.52382,0,0,1.71486,1.44343,0,1.3249,2.1168
70.1465,85.139,5.67699,0.2,0,2.21501,2.48586,0,0.414796,4.47552,99.3022,98.274,6.53176,0,0,1.71486,1.44401,0,1.3249,2.1168
74.3906,85.139,7.17644,0.14,0,2.2166,2.48687,0,0.415093,4.47552,99.3022,98.274,6.58383,0,0,1.71486,1.44459,0,1.3249,2.1168
75.6535,85.139,4.09506,0.11,0,2.30908,2.57877,0,0.41539,4.47552,99.3022,98.274,7.76453,0,0,1.77299,1.5033,0,1.3249,2.1168
75.7103,85.139,2.87363,0.12,0,2.36883,2.57981,0,0.432723,4.47552,99.3022,98.274,3.8352,0,0,1.71489,1.50391,0,1.36981,2.1168
77.4028,85.139,4.57949,0.11,0,2.37048,2.58085,0,0.443919,4.47552,99.3022,98.274,6.27608,0,0,1.71489,1.50451,0,1.32492,2.1168
78.8518,85.139,4.35199,0.12,0,2.37212,2.58189,0,0.444227,4.47552,99.3022,98.274,5.98956,0,0,1.71489,1.50512,0,1.32492,2.1168
79.163,85.139,3.04931,0.12,0,2.33817,2.54733,0,0.444536,4.47552,99.3022,98.274,4.0951,0,0,1.69228,1.48311,0,1.32492,2.1168
78.4653,85.139,1.95466,0.11,0,2.31719,2.54836,0,0.438173,4.47552,99.3022,98.274,3.05174,0,0,1.71488,1.48371,0,1.30745,2.1168
78.0741,85.139,2.26204,0.11,0,2.31882,2.54939,0,0.434242,4.47552,99.3022,98.274,3.05981,0,0,1.71488,1.48431,0,1.32491,2.1168
77.9622,85.139,2.54388,0.11,0,2.32044,2.55041,0,0.434546,4.47552,99.3022,98.274,3.15159,0,0,1.71488,1.48491,0,1.32491,2.1168
77.0299,85.139,1.75076,0.11,0,2.4431,2.67247,0,0.434851,4.47552,99.2978,98.274,2.78011,0,0,1.79519,1.56582,0,1.32491,2.1168
75.9294,85.139,1.60438,0.09,0,2.52509,2.67355,0,0.457837,4.47552,99.2453,98.274,2.52097,0,0,1.71491,1.56645,0,1.38697,2.1168
74.7581,85.139,1.51888,0.09,0,2.5268,2.67463,0,0.473202,4.47552,99.2037,98.274,2.27822,0,0,1.71491,1.56708,0,1.32494,2.1168
73.4927,85.139,1.37479,0.09,0,2.5285,2.6757,0,0.473521,4.47552,99.1096,98.274,2.1959,0,0,1.71491,1.56771,0,1.32494,2.1168
72.176,85.139,1.30086,0.1,0,2.53021,2.67678,0,0.473841,4.47552,99.187,98.274,2.07963,0,0,1.71491,1.56834,0,1.32494,2.1168
70.7436,85.139,1.16779,0.09,0,2.50794,2.65387,0,0.474161,4.47552,99.2161,98.274,2.50578,0,0,1.75914,1.6132,0,1.32494,2.1168
69.2459,85.139,1.12587,0.1,0,2.55386,2.65494,0,0.469987,4.47552,99.2369,98.274,2.52181,0,0,1.71493,1.61385,0,1.35911,2.1168
67.7073,85.139,1.04999,0.1,0,2.55558,2.65601,0,0.478594,4.47552,99.2059,98.274,2.40802,0,0,1.71493,1.6145,0,1.32495,2.1168
66.0715,85.139,0.928243,0.14,0,2.5573,2.65708,0,0.478916,4.47552,99.133,98.274,2.37053,0,0,1.71493,1.61515,0,1.32495,2.1168
64.4025,85.139,0.93075,0.13,0,2.62105,2.72018,0,0.479238,4.47552,99.0063,98.274,2.34579,0,0,1.75441,1.65528,0,1.32495,2.1168
62.6885,85.139,0.901506,0.13,0,2.66228,2.72127,0,0.491185,4.47552,98.8491,98.274,2.22131,0,0,1.71495,1.65595,0,1.35546,2.1168
60.8927,85.139,0.801938,0.13,0,2.66404,2.72237,0,0.498911,4.47552,98.6584,98.274,2.11331,0,0,1.71495,1.65662,0,1.32497,2.1168
59.0494,85.139,0.734791,0.17,0,2.6658,2.72346,0,0.499241,4.47552,98.4463,98.274,1.97737,0,0,1.71495,1.65728,0,1.32497,2.1168
56.9982,85.139,0.636298,0.17,0,2.84952,2.90652,0,0.499571,4.47552,98.0583,98.274,1.96162,0,0,1.85769,1.80069,0,1.32497,2.1168
54.664,85.139,0.355574,0.16,0,2.90769,2.90769,0,0.534,4.47552,97.5438,98.274,1.71549,0,0,1.80141,1.80141,0,1.43525,2.1168
52.3408,85.139,0.334537,0.21,0,2.90886,2.90886,0,0.544901,4.47552,97.1565,98.274,1.61063,0,0,1.80214,1.80214,0,1.39177,2.1168
50.1625,85.139,0.451551,0.2,0,2.91002,2.91002,0,0.54512,4.47552,96.7561,98.274,1.81499,0,0,1.80286,1.80286,0,1.39233,2.1168
48.1846,85.139,0.665144,0.23,0,2.91119,2.91119,0,0.545338,4.47552,96.4901,98.274,2.11754,0,0,1.80359,1.80359,0,1.39289,2.1168
46.5996,85.139,0.95145,0.22,0,2.8235,2.8235,0,0.545557,4.47552,96.5599,98.274,3.19877,0,0,1.7175,1.7175,0,1.39345,2.1168
44.5933,85.139,0.514248,0.22,0,2.82464,2.82464,0,0.529124,4.47552,96.1765,98.274,2.07781,0,0,1.71819,1.71819,0,1.32694,2.1168
42.5907,85.139,0.450604,0.24,0,2.82577,2.82577,0,0.529337,4.47552,96.0284,98.274,1.71282,0,0,1.71888,1.71888,0,1.32747,2.1168
41.2237,85.139,1.13783,0.24,0,2.8269,2.8269,0,0.529549,4.47552,96.1962,98.274,4.04693,0,0,1.71957,1.71957,0,1.328,2.1168
39.6971,85.139,0.968246,0.23,0,2.75498,2.75498,0,0.529762,4.47552,96.1218,98.274,2.55403,0,0,1.64111,1.64111,0,1.32854,2.1168
38.7377,85.139,1.46776,0.25,0,2.68292,2.75609,0,0.516284,4.47552,96.0018,98.274,1.79927,0,0,1.71494,1.64177,0,1.26792,2.1168
39.159,85.139,2.91458,0.24,0,2.68468,2.75719,0,0.502778,4.47552,96.5311,98.274,4.15746,0,0,1.71494,1.64242,0,1.32496,2.1168
38.5152,85.139,1.78397,0.24,0,2.68644,2.7583,0,0.503109,4.47552,96.8616,98.274,3.74405,0,0,1.71494,1.64308,0,1.32496,2.1168
39.2058,85.139,3.10776,0.24,0,2.48039,2.55159,0,0.50344,4.47552,97.2157,98.274,3.61521,0,0,1.54983,1.47863,0,1.32496,2.1168
39.3446,85.139,2.35388,0.24,0,2.31697,2.55261,0,0.464826,4.47552,97.3656,98.274,3.3155,0,0,1.71487,1.47923,0,1.1974,2.1168
41.8937,85.139,5.01002,0.25,0,2.31858,2.55364,0,0.4342,4.47552,99.1611,98.274,9.0413,0,0,1.71487,1.47982,0,1.32491,2.1168
44.3963,85.139,4.96099,0.21,0,2.3202,2.55466,0,0.434503,4.47552,99.3022,98.274,5.99411,0,0,1.71487,1.48041,0,1.32491,2.1168
46.986,85.139,4.98872,0.23,0,2.32182,2.55569,0,0.434806,4.47552,99.3022,98.274,4.73793,0,0,1.71487,1.48101,0,1.32491,2.1168
48.4537,85.139,3.98558,0.22,0,2.4035,2.63678,0,0.435109,4.47552,99.3022,98.274,5.1834,0,1,1.76276,1.52949,0,1.32491,2.1168
51.4749,85.139,5.58436,0.24,0,2.45301,2.6378,0,0.450417,4.47552,99.3022,98.274,4.77935,0,1,1.71487,1.53008,0,1.36191,2.1168
52.9513,85.139,4.0973,0.22,0,2.45462,2.63882,0,0.459694,4.47552,99.3022,98.274,4.47146,0,1,1.71487,1.53067,0,1.32491,2.1168
53.3005,85.139,2.96724,0.22,0,2.45623,2.63984,0,0.459996,4.47552,99.3022,98.274,4.95062,0,1,1.71487,1.53127,0,1.32491,2.1168
53.8466,85.139,3.4153,0.23,0,2.71543,2.89844,0,0.460298,4.47552,99.3022,98.274,5.43233,0,1,1.89499,1.71197,0,1.32491,2.1168
55.9384,85.139,5.18148,0.23,0,2.89725,2.89956,0,0.508871,4.47552,99.3022,98.274,6.35632,0,1,1.71494,1.71263,0,1.46407,2.1168
57.653,85.139,4.90074,0.25,0,2.89904,2.90068,0,0.542945,4.47552,99.3022,98.274,5.39872,0,1,1.71494,1.71329,0,1.32496,2.1168
58.8193,85.139,4.25084,0.23,0,2.90082,2.9018,0,0.54328,4.47552,99.3022,98.274,3.87542,0,1,1.71494,1.71396,0,1.32496,2.1168
62.3767,85.139,6.46271,0.24,0,2.53464,2.53496,0,0.543614,4.47552,99.3022,98.274,7.1012,0,1,1.47285,1.47253,0,1.32496,2.1168
67.8712,85.139,8.17256,0.27,0,2.29419,2.53594,0,0.474991,4.47552,99.3022,98.274,5.76481,0,1,1.71485,1.4731,0,1.13793,2.1168
71.8859,85.139,6.83108,0.21,0,2.29574,2.53692,0,0.429932,4.47552,99.3022,98.274,4.5609,0,1,1.71485,1.47367,0,1.32489,2.1168
74.8953,85.139,5.84706,0.16,0,2.29729,2.5379,0,0.430222,4.47552,99.3022,98.274,5.86487,0,1,1.71485,1.47424,0,1.32489,2.1168
79.4331,85.139,7.38943,0.14,0,2.29884,2.53888,0,0.430512,4.47552,99.3022,98.274,6.39831,0,1,1.71485,1.47481,0,1.32489,2.1168
81.6655,85.139,5.07496,0.16,0,2.39319,2.63266,0,0.430802,4.47552,99.3022,98.274,4.30312,0,1,1.77419,1.53471,0,1.32489,2.1168
83.2761,85.139,4.55091,0.11,0,2.45411,2.63368,0,0.448483,4.47552,99.3022,98.274,3.73994,0,1,1.71487,1.53531,0,1.37074,2.1168
84.0528,85.139,3.66185,0.11,0,2.45572,2.63469,0,0.459901,4.47552,99.3022,98.274,3.4131,0,1,1.71487,1.5359,0,1.32491,2.1168
84.9443,85.139,3.77467,0.12,0,2.45733,2.63571,0,0.460202,4.47552,99.3022,98.274,3.48766,0,1,1.71487,1.53649,0,1.32491,2.1168
85.139,85.139,3.20311,0.12,0,2.4226,2.60039,0,0.460504,4.47552,99.3022,98.274,2.94123,0,1,1.69179,1.514,0,1.32491,2.1168
84.9958,85.139,2.64027,0.08,0,2.40111,2.60139,0,0.453995,4.47552,99.3022,98.274,2.94342,0,1,1.71486,1.51459,0,1.30708,2.1168
85.139,85.139,3.45253,0.11,0,2.4027,2.60239,0,0.449969,4.47552,99.3022,98.274,3.10486,0,1,1.71486,1.51517,0,1.3249,2.1168
85.139,85.139,3.13887,0.07,0,2.40429,2.6034,0,0.450266,4.47552,99.3022,98.274,3.00982,0,1,1.71486,1.51576,0,1.3249,2.1168
84.6652,85.139,2.35311,0.06,0,2.52942,2.72795,0,0.450564,4.47552,99.3022,98.274,2.61428,0,1,1.79685,1.59832,0,1.3249,2.1168
84.0268,85.139,2.23678,0.09,0,2.61304,2.729,0,0.474014,4.47552,99.3022,98.274,2.64309,0,1,1.7149,1.59894,0,1.38824,2.1168
83.3288,85.139,2.16783,0.08,0,2.61471,2.73005,0,0.489684,4.47552,99.2524,98.274,2.38776,0,1,1.7149,1.59955,0,1.32493,2.1168
82.4155,85.139,1.91745,0.09,0,2.61638,2.7311,0,0.489996,4.47552,99.1512,98.274,2.25583,0,1,1.7149,1.60017,0,1.32493,2.1168
81.4367,85.139,1.81316,0.06,0,2.61804,2.73215,0,0.490309,4.47552,98.9992,98.274,2.14809,0,1,1.7149,1.60079,0,1.32493,2.1168
80.4344,85.139,1.73758,0.06,0,2.59523,2.70873,0,0.490622,4.47552,98.6983,98.274,1.98463,0,1,1.76004,1.64655,0,1.32493,2.1168
79.3213,85.139,1.6511,0.05,0,2.64204,2.70977,0,0.486347,4.47552,98.4317,98.274,1.84314,0,1,1.71491,1.64718,0,1.35981,2.1168
78.0731,85.139,1.50872,0.06,0,2.64372,2.71081,0,0.495118,4.47552,97.9959,98.274,1.84863,0,1,1.71491,1.64782,0,1.32494,2.1168
76.6896,85.139,1.36162,0.06,0,2.6454,2.71186,0,0.495433,4.47552,97.554,98.274,1.65281,0,1,1.71491,1.64845,0,1.32494,2.1168
75.2367,85.139,1.31458,0.06,0,2.71039,2.77622,0,0.495747,4.47552,97.0196,98.274,1.57229,0,1,1.75521,1.68938,0,1.32494,2.1168
73.8257,85.139,1.37955,0.05,0,2.75239,2.77729,0,0.507927,4.47552,96.4559,98.274,1.52344,0,1,1.71493,1.69003,0,1.35608,2.1168
72.2718,85.139,1.22474,0.05,0,2.75411,2.77835,0,0.515798,4.47552,95.8035,98.274,1.44869,0,1,1.71493,1.69068,0,1.32496,2.1168
70.6281,85.139,1.12123,0.09,0,2.75583,2.77942,0,0.51612,4.47552,95.1643,98.274,1.35384,0,1,1.71493,1.69133,0,1.32496,2.1168
68.7071,85.139,0.96746,0.09,0,2.94325,2.96619,0,0.516442,4.47552,94.2852,98.274,1.34286,0,1,1.8606,1.83766,0,1.32496,2.1168
66.766,85.139,0.959378,0.09,0,2.96733,2.96733,0,0.551564,4.47552,93.5571,98.274,1.13727,0,1,1.83837,1.83837,0,1.4375,2.1168
64.9682,85.139,1.09889,0.13,0,2.96847,2.96847,0,0.556078,4.47552,92.6032,98.274,1.36147,0,1,1.83907,1.83907,0,1.42032,2.1168
62.9683,85.139,0.882355,0.14,0,2.96962,2.96962,0,0.556292,4.47552,92.1081,98.274,0.987167,0,1,1.83978,1.83978,0,1.42087,2.1168
61.1837,85.139,1.07148,0.14,0,2.97076,2.97076,0,0.556506,4.47552,91.4649,98.274,1.71181,0,1,1.84049,1.84049,0,1.42141,2.1168
59.6023,85.139,1.19586,0.18,0,2.88122,2.88122,0,0.55672,4.47552,91.1533,98.274,1.45857,0,1,1.75261,1.75261,0,1.42196,2.1168
58.5188,85.139,1.67813,0.17,0,2.88233,2.88233,0,0.539941,4.47552,90.8508,98.274,1.7794,0,1,1.75328,1.75328,0,1.35406,2.1168
57.1594,85.139,1.38891,0.17,0,2.88344,2.88344,0,0.540149,4.47552,90.5776,98.274,2.8441,0,1,1.75396,1.75396,0,1.35459,2.1168
55.589,85.139,1.16002,0.17,0,2.88455,2.88455,0,0.540357,4.47552,90.1908,98.274,1.51338,0,1,1.75463,1.75463,0,1.35511,2.1168
54.4557,85.139,1.55737,0.18,0,2.81111,2.81111,0,0.540564,4.47552,89.8443,98.274,1.66136,0,1,1.67454,1.67454,0,1.35563,2.1168
53.587,85.139,1.85663,0.18,0,2.77245,2.81219,0,0.526802,4.47552,89.5792,98.274,1.65951,0,1,1.71492,1.67519,0,1.29375,2.1168
52.4189,85.139,1.53344,0.17,0,2.77418,2.81327,0,0.519558,4.47552,89.3227,98.274,1.70567,0,1,1.71492,1.67583,0,1.32495,2.1168
53.5532,85.139,3.91185,0.17,0,2.7759,2.81435,0,0.519881,4.47552,89.7014,98.274,5.13233,0,1,1.71492,1.67647,0,1.32495,2.1168
55.4796,85.139,4.60555,0.17,0,2.56559,2.6034,0,0.520204,4.47552,90.4698,98.274,4.08658,0,1,1.54646,1.50866,0,1.32495,2.1168
59.3751,85.139,6.63108,0.18,0,2.39878,2.6044,0,0.480792,4.47552,91.8831,98.274,6.41692,0,1,1.71486,1.50924,0,1.1948,2.1168
64.6005,85.139,8.11433,0.18,0,2.40035,2.6054,0,0.44953,4.47552,93.6673,98.274,7.75074,0,1,1.71486,1.50981,0,1.3249,2.1168
70.8679,85.139,9.13796,0.17,0,2.40193,2.6064,0,0.449826,4.47552,96.3173,98.274,8.57744,0,1,1.71486,1.51039,0,1.3249,2.1168
78.0654,85.139,10.3002,0.14,0,2.40351,2.6074,0,0.450122,4.47552,98.2908,98.274,7.38498,0,1,1.71486,1.51097,0,1.3249,2.1168
85.139,85.139,13.4963,0.11,0,2.48678,2.69009,0,0.450419,4.47552,99.3022,98.274,11.356,0,1,1.76372,1.56041,0,1.3249,2.1168
85.139,85.139,5.65551,0.03,0,2.53722,2.69108,0,0.466023,4.47552,99.3022,98.274,8.31657,0,1,1.71486,1.56099,0,1.36265,2.1168
85.139,85.139,4.42414,0.03,0,2.53879,2.69208,0,0.475474,4.47552,99.3022,98.274,6.27924,0,1,1.71486,1.56157,0,1.3249,2.1168
85.139,85.139,5.64536,0.04,0,2.54036,2.69307,0,0.475769,4.47552,99.3022,98.274,6.36589,0,1,1.71486,1.56215,0,1.3249,2.1168
85.139,85.139,3.75736,0.05,0,2.80471,2.95684,0,0.476064,4.47552,99.3022,98.274,4.32736,0,1,1.8986,1.74647,0,1.3249,2.1168
85.139,85.139,4.75413,0.05,0,2.95794,2.95794,0,0.525603,4.47552,99.3022,98.274,4.99068,0,1,1.74711,1.74711,0,1.46686,2.1168
85.139,85.139,4.00248,0.04,0,2.95903,2.95903,0,0.554317,4.47552,99.3022,98.274,5.49078,0,1,1.74776,1.74776,0,1.34982,2.1168
85.139,85.139,4.69084,0.04,0,2.96012,2.96012,0,0.554522,4.47552,99.3022,98.274,5.63788,0,1,1.7484,1.7484,0,1.35032,2.1168
85.139,85.139,4.53286,0.04,0,2.58587,2.58587,0,0.554727,4.47552,99.3022,98.274,6.76482,0,1,1.5021,1.5021,0,1.35082,2.1168
85.139,85.139,5.50653,0.04,0,2.37464,2.58682,0,0.484591,4.47552,99.3022,98.274,6.39247,0,1,1.71484,1.50265,0,1.16052,2.1168
85.139,85.139,4.65664,0.04,0,2.37615,2.58778,0,0.445008,4.47552,99.3022,98.274,5.34171,0,1,1.71484,1.50321,0,1.32488,2.1168
85.139,85.139,4.78966,0.04,0,2.37766,2.58873,0,0.445291,4.47552,99.3022,98.274,5.92834,0,1,1.71484,1.50377,0,1.32488,2.1168
85.139,85.139,4.60415,0.06,0,2.37917,2.58969,0,0.445574,4.47552,99.3022,98.274,5.28571,0,1,1.71484,1.50432,0,1.32488,2.1168
85.139,85.139,4.59975,0.07,0,2.47534,2.6853,0,0.445857,4.47552,99.3022,98.274,5.26844,0,1,1.77536,1.5654,0,1.32488,2.1168
85.139,85.139,3.94373,0.09,0,2.53741,2.68629,0,0.463879,4.47552,99.3022,98.274,5.08223,0,1,1.71486,1.56598,0,1.37164,2.1168
85.139,85.139,3.60883,0.08,0,2.53898,2.68728,0,0.475511,4.47552,99.3022,98.274,5.21206,0,1,1.71486,1.56656,0,1.3249,2.1168
85.139,85.139,3.3695,0.09,0,2.54055,2.68828,0,0.475805,4.47552,99.3022,98.274,6.33255,0,1,1.71486,1.56714,0,1.3249,2.1168
85.1255,85.139,2.96131,0.09,0,2.50506,2.6522,0,0.4761,4.47552,99.3022,98.274,4.06504,0,1,1.69132,1.54417,0,1.3249,2.1168
85.1006,85.139,2.89344,0.13,0,2.48307,2.65318,0,0.469448,4.47552,99.3022,98.274,3.83998,0,1,1.71485,1.54474,0,1.30671,2.1168
84.8095,85.139,2.61382,0.13,0,2.48462,2.65416,0,0.465328,4.47552,99.3022,98.274,3.7315,0,1,1.71485,1.54531,0,1.32489,2.1168
84.8443,85.139,2.94328,0.12,0,2.48617,2.65514,0,0.465618,4.47552,99.3022,98.274,3.46938,0,1,1.71485,1.54588,0,1.32489,2.1168
84.3874,85.139,2.49375,0.11,0,2.61372,2.78212,0,0.465909,4.47552,99.3022,98.274,3.42816,0,1,1.79846,1.63006,0,1.32489,2.1168
83.658,85.139,2.22906,0.11,0,2.69893,2.78314,0,0.489811,4.47552,99.3022,98.274,2.94783,0,1,1.71488,1.63066,0,1.38949,2.1168
82.7597,85.139,2.05967,0.1,0,2.70055,2.78417,0,0.505779,4.47552,99.3022,98.274,2.70366,0,1,1.71488,1.63126,0,1.32492,2.1168
81.7675,85.139,1.94968,0.1,0,2.70218,2.7852,0,0.506084,4.47552,99.2967,98.274,2.44293,0,1,1.71488,1.63187,0,1.32492,2.1168
80.6439,85.139,1.76462,0.09,0,2.70381,2.78622,0,0.506389,4.47552,99.3022,98.274,2.3545,0,1,1.71488,1.63247,0,1.32492,2.1168
79.5519,85.139,1.74602,0.06,0,2.68047,2.76229,0,0.506694,4.47552,99.2036,98.274,2.23853,0,1,1.76092,1.67911,0,1.32492,2.1168
78.3523,85.139,1.66587,0.06,0,2.72813,2.7633,0,0.502321,4.47552,98.9934,98.274,2.21052,0,1,1.7149,1.67972,0,1.36049,2.1168
77.0183,85.139,1.52107,0.08,0,2.72977,2.76432,0,0.511252,4.47552,98.7615,98.274,1.96974,0,1,1.7149,1.68034,0,1.32493,2.1168
75.5903,85.139,1.39567,0.07,0,2.73141,2.76534,0,0.511559,4.47552,98.4294,98.274,1.93245,0,1,1.7149,1.68096,0,1.32493,2.1168
74.0574,85.139,1.30976,0.07,0,2.7976,2.83092,0,0.511865,4.47552,97.947,98.274,1.84368,0,1,1.75599,1.72267,0,1.32493,2.1168
72.4817,85.139,1.28351,0.06,0,2.83196,2.83196,0,0.524271,4.47552,97.5969,98.274,1.76255,0,1,1.72331,1.72331,0,1.35668,2.1168
70.8654,85.139,1.22737,0.1,0,2.83301,2.83301,0,0.53071,4.47552,97.1117,98.274,1.78087,0,1,1.72394,1.72394,0,1.33143,2.1168
69.1123,85.139,1.07521,0.11,0,2.83405,2.83405,0,0.530906,4.47552,96.5985,98.274,1.64129,0,1,1.72458,1.72458,0,1.33192,2.1168
67.1441,85.139,0.992913,0.1,0,3.02444,3.02444,0,0.531101,4.47552,96.0296,98.274,1.58689,0,1,1.87374,1.87374,0,1.33241,2.1168
65.1883,85.139,0.972598,0.14,0,3.02555,3.02555,0,0.56678,4.47552,95.6237,98.274,1.5909,0,1,1.87443,1.87443,0,1.44765,2.1168
63.3868,85.139,1.11408,0.13,0,3.02666,3.02666,0,0.566988,4.47552,94.9335,98.274,1.81087,0,1,1.87512,1.87512,0,1.44819,2.1168
61.3933,85.139,0.914239,0.14,0,3.02778,3.02778,0,0.567197,4.47552,94.5075,98.274,1.45259,0,1,1.87581,1.87581,0,1.44872,2.1168
59.5769,85.139,1.06185,0.17,0,3.02889,3.02889,0,0.567406,4.47552,94.1562,98.274,2.1648,0,1,1.8765,1.8765,0,1.44925,2.1168
57.6926,85.139,0.87936,0.16,0,2.93756,2.93756,0,0.567614,4.47552,94.0813,98.274,3.42573,0,1,1.78687,1.78687,0,1.44979,2.1168
55.741,85.139,0.763217,0.16,0,2.93864,2.93864,0,0.550498,4.47552,93.805,98.274,2.3594,0,1,1.78753,1.78753,0,1.38054,2.1168
53.6865,85.139,0.634607,0.19,0,2.93972,2.93972,0,0.550701,4.47552,93.4766,98.274,2.10299,0,1,1.78819,1.78819,0,1.38105,2.1168
52.0982,85.139,1.17618,0.19,0,2.9408,2.9408,0,0.550903,4.47552,93.441,98.274,2.85474,0,1,1.78885,1.78885,0,1.38155,2.1168
51.6624,85.139,2.34352,0.19,0,2.86588,2.86588,0,0.551106,4.47552,93.8039,98.274,4.05661,0,1,1.70717,1.70717,0,1.38206,2.1168
51.454,85.139,2.7329,0.18,0,2.85983,2.86694,0,0.537067,4.47552,94.6515,98.274,5.38952,0,1,1.71491,1.7078,0,1.31896,2.1168
51.3973,85.139,2.87596,0.18,0,2.86151,2.86799,0,0.535932,4.47552,95.4045,98.274,5.2992,0,1,1.71491,1.70842,0,1.32494,2.1168
53.0143,85.139,4.55095,0.17,0,2.86319,2.86905,0,0.536247,4.47552,96.6415,98.274,7.16961,0,1,1.71491,1.70905,0,1.32494,2.1168
54.6035,85.139,4.36663,0.16,0,2.64872,2.65395,0,0.536562,4.47552,98.0474,98.274,7.10188,0,1,1.54318,1.53795,0,1.32494,2.1168
56.8168,85.139,4.86663,0.16,0,2.47859,2.65492,0,0.49637,4.47552,99.2219,98.274,6.8224,0,1,1.71484,1.53851,0,1.19226,2.1168
57.6208,85.139,3.50046,0.16,0,2.48013,2.6559,0,0.464488,4.47552,99.3022,98.274,5.18871,0,1,1.71485,1.53908,0,1.32489,2.1168
57.9374,85.139,3.00617,0.16,0,2.48167,2.65687,0,0.464777,4.47552,99.3022,98.274,5.05213,0,1,1.71485,1.53964,0,1.32489,2.1168
59.6616,85.139,4.40675,0.17,0,2.48321,2.65785,0,0.465066,4.47552,99.3022,98.274,5.36442,0,1,1.71485,1.54021,0,1.32489,2.1168
65.0396,85.139,8.45313,0.18,0,2.56802,2.74209,0,0.465354,4.47552,99.3022,98.274,8.42721,0,1,1.76465,1.59058,0,1.32489,2.1168
71.7797,85.139,9.99186,0.16,0.02,2.61936,2.74306,0,0.481248,4.47552,99.3022,98.274,10.9117,0,1,1.71484,1.59114,0,1.36337,2.1168
80.6178,85.139,12.3248,0.15,0.02,2.6209,2.74403,0,0.490869,4.47552,99.3022,98.274,11.1755,0,1,1.71484,1.5917,0,1.32489,2.1168
85.139,85.139,9.13701,0.09,0.02,2.62243,2.745,0,0.491156,4.47552,99.3022,98.274,10.6006,0,1,1.71484,1.59227,0,1.32489,2.1168
85.139,85.139,10.805,0.06,0.02,2.8918,3.01381,0,0.491443,4.47552,99.3022,98.274,11.1347,0,1,1.90213,1.78011,0,1.32489,2.1168
85.139,85.139,8.67304,0.05,0.02,3.01488,3.01488,0,0.541923,4.47552,99.3022,98.274,9.28665,0,1,1.78074,1.78074,0,1.46958,2.1168
85.139,85.139,10.2135,0.05,0.02,3.01594,3.01594,0,0.564988,4.47552,99.3022,98.274,12.1959,0,1,1.78137,1.78137,0,1.3758,2.1168
85.139,85.139,8.10113,0.05,0.02,3.01701,3.01701,0,0.565187,4.47552,99.3022,98.274,8.6529,0,1,1.782,1.782,0,1.37629,2.1168
85.139,85.139,8.0967,0.04,0.02,2.63551,2.63551,0,0.565387,4.47552,99.3022,98.274,9.01462,0,1,1.53094,1.53094,0,1.37677,2.1168
85.139,85.139,6.66679,0.04,0.02,2.4531,2.63644,0,0.493895,4.47552,99.3022,98.274,7.03306,0,1,1.71482,1.53148,0,1.1828,2.1168
85.139,85.139,6.00345,0.05,0.02,2.45458,2.63737,0,0.459712,4.47552,99.3022,98.274,5.15858,0,1,1.71482,1.53202,0,1.32487,2.1168
85.139,85.139,4.32235,0.06,0.02,2.45605,2.63831,0,0.459987,4.47552,99.3022,98.274,4.13444,0,1,1.71482,1.53256,0,1.32487,2.1168
85.139,85.139,3.85645,0.07,0.02,2.45752,2.63924,0,0.460263,4.47552,99.3022,98.274,3.14183,0,1,1.71482,1.5331,0,1.32487,2.1168
85.139,85.139,3.90039,0.1,0.02,2.55546,2.73664,0,0.460539,4.47552,99.3022,98.274,3.96282,0,1,1.7765,1.59533,0,1.32487,2.1168
85.139,85.139,4.69199,0.09,0.02,2.61865,2.7376,0,0.478893,4.47552,99.2978,98.274,4.45957,0,1,1.71484,1.59589,0,1.37253,2.1168
85.139,85.139,4.36152,0.09,0.02,2.62018,2.73857,0,0.490735,4.47552,99.3022,98.274,3.18418,0,1,1.71484,1.59645,0,1.32489,2.1168
85.139,85.139,4.33566,0.1,0.02,2.62171,2.73953,0,0.491021,4.47552,99.3022,98.274,5.85562,0,1,1.71484,1.59702,0,1.32489,2.1168
85.139,85.139,3.9128,0.09,0.02,2.58547,2.70273,0,0.491308,4.47552,99.3022,98.274,4.8351,0,1,1.69085,1.57359,0,1.32489,2.1168
85.139,85.139,2.95777,0.08,0.02,2.56299,2.70368,0,0.484516,4.47552,99.3022,98.274,3.53771,0,1,1.71484,1.57414,0,1.30635,2.1168
84.8093,85.139,2.60875,0.08,0.02,2.5645,2.70464,0,0.480305,4.47552,99.3022,98.274,3.33904,0,1,1.71484,1.5747,0,1.32488,2.1168
84.8044,85.139,2.95591,0.11,0.02,2.56601,2.70559,0,0.480588,4.47552,99.3022,98.274,3.31277,0,1,1.71484,1.57526,0,1.32488,2.1168
84.4239,85.139,2.57774,0.1,0.02,2.69591,2.83494,0,0.48087,4.47552,99.3022,98.274,3.0473,0,1,1.80003,1.66101,0,1.32488,2.1168
83.8433,85.139,2.45516,0.09,0.02,2.78266,2.83594,0,0.505214,4.47552,99.3022,98.274,3.00386,0,1,1.71487,1.66159,0,1.3907,2.1168
83.0939,85.139,2.23251,0.09,0.02,2.78425,2.83694,0,0.521471,4.47552,99.3022,98.274,3.08171,0,1,1.71487,1.66218,0,1.32491,2.1168
82.3222,85.139,2.20296,0.08,0.02,2.78583,2.83794,0,0.521768,4.47552,99.3022,98.274,3.14697,0,1,1.71487,1.66276,0,1.32491,2.1168
81.4236,85.139,2.06347,0.08,0.02,2.78742,2.83894,0,0.522065,4.47552,99.3022,98.274,2.99014,0,1,1.71487,1.66335,0,1.32491,2.1168
80.5347,85.139,2.03861,0.05,0.02,2.76357,2.8145,0,0.522363,4.47552,99.3022,98.274,3.19617,0,1,1.76177,1.71084,0,1.32491,2.1168
79.6271,85.139,2.0472,0.04,0.02,2.81206,2.81549,0,0.517893,4.47552,99.3022,98.274,3.83309,0,1,1.71488,1.71145,0,1.36115,2.1168
78.573,85.139,1.8873,0.04,0.02,2.81365,2.81648,0,0.526979,4.47552,99.3022,98.274,3.81178,0,1,1.71488,1.71205,0,1.32492,2.1168
77.4942,85.139,1.85031,0.09,0.02,2.81525,2.81748,0,0.527278,4.47552,99.3022,98.274,3.78785,0,1,1.71488,1.71265,0,1.32492,2.1168
76.3076,85.139,1.77586,0.07,0.02,2.88262,2.88425,0,0.527577,4.47552,99.3022,98.274,3.68512,0,1,1.75675,1.75512,0,1.32492,2.1168
74.8406,85.139,1.4567,0.07,0.02,2.88526,2.88526,0,0.540203,4.47552,99.3022,98.274,2.60027,0,1,1.75574,1.75574,0,1.35726,2.1168
73.3589,85.139,1.42599,0.06,0.02,2.88628,2.88628,0,0.540698,4.47552,99.3022,98.274,2.6321,0,1,1.75636,1.75636,0,1.35648,2.1168
71.7132,85.139,1.24714,0.1,0.02,2.88729,2.88729,0,0.540888,4.47552,99.3022,98.274,2.44941,0,1,1.75698,1.75698,0,1.35696,2.1168
69.829,85.139,1.15036,0.09,0.02,3.08121,3.08121,0,0.541079,4.47552,99.2458,98.274,2.36169,1,1,1.90892,1.90892,0,1.35744,2.1168
68.0556,85.139,1.24532,0.1,0.02,3.08229,3.08229,0,0.577418,4.47552,99.3022,98.274,2.79067,1,1,1.90959,1.90959,0,1.47483,2.1168
66.3773,85.139,1.34304,0.14,0.02,3.08338,3.08338,0,0.577622,4.47552,99.3022,98.274,2.9617,1,1,1.91026,1.91026,0,1.47535,2.1168
65.0157,85.139,1.64735,0.14,0.02,3.08446,3.08446,0,0.577825,4.47552,99.3022,98.274,3.37229,1,1,1.91093,1.91093,0,1.47587,2.1168
63.3671,85.139,1.33987,0.14,0.02,3.08555,3.08555,0,0.578028,4.47552,99.3022,98.274,2.97298,1,1,1.9116,1.9116,0,1.47639,2.1168
61.5543,85.139,1.08426,0.14,0.02,2.99246,2.99246,0,0.578232,4.47552,99.3022,98.274,4.13514,0,1,1.82027,1.82027,0,1.47691,2.1168
59.6058,85.139,0.906916,0.17,0.02,2.99351,2.99351,0,0.560786,4.47552,99.1222,98.274,2.42166,0,1,1.82091,1.82091,0,1.40634,2.1168
57.5292,85.139,0.753993,0.17,0.02,2.99456,2.99456,0,0.560984,4.47552,98.875,98.274,2.15537,0,1,1.82155,1.82155,0,1.40683,2.1168
56.0112,85.139,1.39752,0.17,0.02,2.99561,2.99561,0,0.561181,4.47552,98.9825,98.274,2.92896,0,1,1.82219,1.82219,0,1.40733,2.1168
55.8531,85.139,2.78457,0.18,0.02,2.91926,2.91926,0,0.561378,4.47552,99.3022,98.274,4.1787,0,1,1.73896,1.73896,0,1.40782,2.1168
55.0602,85.139,2.15104,0.18,0.02,2.92028,2.92028,0,0.547069,4.47552,99.3022,98.274,3.4261,0,1,1.73957,1.73957,0,1.34352,2.1168
53.9105,85.139,1.80915,0.18,0.02,2.92131,2.92131,0,0.547261,4.47552,99.3022,98.274,3.29656,0,1,1.74018,1.74018,0,1.34399,2.1168
53.3418,85.139,2.32462,0.17,0.02,2.92234,2.92234,0,0.547453,4.47552,99.3022,98.274,3.95381,0,1,1.7408,1.7408,0,1.34447,2.1168
59.8021,85.139,9.3678,0.17,0.02,2.7032,2.7032,0,0.547646,4.47552,99.3022,98.274,6.88176,0,1,1.56649,1.56649,0,1.34494,2.1168
61.1251,85.139,4.06606,0.14,0.02,2.55636,2.70415,0,0.50658,4.47552,99.3022,98.274,4.61126,0,1,1.71483,1.56704,0,1.21027,2.1168
62.2985,85.139,4.02824,0.14,0.02,2.55786,2.7051,0,0.479062,4.47552,99.3022,98.274,4.9223,0,1,1.71483,1.56759,0,1.32488,2.1168
63.3985,85.139,3.9177,0.15,0.02,2.55936,2.70605,0,0.479343,4.47552,99.3022,98.274,4.17869,0,1,1.71483,1.56814,0,1.32488,2.1168
64.0522,85.139,3.51414,0.15,0.02,2.56086,2.707,0,0.479624,4.47552,99.3022,98.274,4.25249,0,1,1.71483,1.56869,0,1.32488,2.1168
66.6445,85.139,5.4619,0.15,0.02,2.56141,2.707,0,0.479905,4.47552,99.3022,98.274,4.8183,0,1,1.71428,1.56869,0,1.32488,2.1168
73.5402,85.139,10.1038,0.15,0.02,2.64717,2.79276,0,0.480008,4.47552,99.3022,98.274,10.1465,0,1,1.76556,1.61997,0,1.32445,2.1168
77.5427,85.139,7.5006,0.13,0.02,2.69939,2.7937,0,0.496079,4.47552,99.3022,98.274,7.71118,0,1,1.71483,1.62051,0,1.36407,2.1168
80.0393,85.139,5.80836,0.12,0.02,2.70088,2.79464,0,0.505865,4.47552,99.3022,98.274,11.8662,0,1,1.71483,1.62106,0,1.32488,2.1168
81.9711,85.139,5.21306,0.1,0.02,2.70237,2.79559,0,0.506145,4.47552,99.3022,98.274,8.30166,0,1,1.71483,1.62161,0,1.32488,2.1168
83.8726,85.139,5.47365,0.1,0.02,2.97663,3.0693,0,0.506424,4.47552,99.3022,98.274,8.02238,0,1,1.90556,1.81289,0,1.32488,2.1168
85.139,85.139,5.15183,0.1,0.02,3.07033,3.07033,0,0.55782,4.47552,99.3022,98.274,6.79223,0,1,1.8135,1.8135,0,1.47223,2.1168
85.139,85.139,4.72011,0.06,0.02,3.07137,3.07137,0,0.575381,4.47552,99.3022,98.274,7.25726,0,1,1.81411,1.81411,0,1.40111,2.1168
85.139,85.139,5.31267,0.07,0.02,3.07241,3.07241,0,0.575575,4.47552,99.3022,98.274,7.46978,0,1,1.81472,1.81472,0,1.40158,2.1168
85.139,85.139,5.88933,0.07,0.02,2.68387,2.68387,0,0.575769,4.47552,99.3022,98.274,10.0983,0,1,1.55903,1.55903,0,1.40206,2.1168
85.139,85.139,5.83387,0.07,0.02,2.52952,2.68477,0,0.502956,4.47552,99.3022,98.274,11.0127,0,1,1.71481,1.55955,0,1.2045,2.1168
85.139,85.139,8.50769,0.08,0.02,2.53095,2.68568,0,0.474032,4.47552,99.3022,98.274,12.7669,0,1,1.71481,1.56008,0,1.32486,2.1168
85.139,85.139,8.32445,0.09,0.02,2.53238,2.68658,0,0.4743,4.47552,99.3022,98.274,12.6651,0,1,1.71481,1.56061,0,1.32486,2.1168
85.139,85.139,10.8358,0.1,0.02,2.53381,2.68749,0,0.474568,4.47552,99.3022,98.274,14.7957,0,1,1.71481,1.56113,0,1.32486,2.1168
85.139,85.139,5.71774,0.1,0.02,2.63347,2.78662,0,0.474837,4.47552,99.3022,98.274,8.46306,0,1,1.77762,1.62447,0,1.32486,2.1168
85.139,85.139,7.72907,0.1,0.02,2.69775,2.78756,0,0.493513,4.47552,99.3022,98.274,12.6372,0,1,1.71483,1.62501,0,1.37339,2.1168
85.139,85.139,7.77464,0.1,0.02,2.69924,2.7885,0,0.505558,4.47552,99.3022,98.274,14.1666,0,1,1.71483,1.62556,0,1.32488,2.1168
85.139,85.139,7.11438,0.1,0.02,2.70072,2.78944,0,0.505837,4.47552,99.3022,98.274,14.0321,0,1,1.71483,1.62611,0,1.32488,2.1168
85.139,85.139,3.60912,0.1,0.02,2.66375,2.75192,0,0.506116,4.47552,99.3022,98.274,4.54941,0,1,1.6904,1.60223,0,1.32488,2.1168
85.139,85.139,3.19789,0.09,0.02,2.6408,2.75285,0,0.499188,4.47552,99.3022,98.274,4.97758,0,1,1.71482,1.60277,0,1.306,2.1168
85.0333,85.139,2.89594,0.09,0.02,2.64227,2.75378,0,0.494886,4.47552,99.3022,98.274,4.26468,0,1,1.71482,1.60331,0,1.32487,2.1168
85.139,85.139,3.44968,0.14,0.02,2.64374,2.75471,0,0.495161,4.47552,99.3022,98.274,4.51502,0,1,1.71482,1.60385,0,1.32487,2.1168
84.9198,85.139,2.86492,0.08,0.02,2.77593,2.88635,0,0.495437,4.47552,99.3022,98.274,4.092,0,1,1.80156,1.69113,0,1.32487,2.1168
84.8357,85.139,3.03175,0.09,0.02,2.86418,2.88733,0,0.520208,4.47552,99.3022,98.274,4.43153,0,1,1.71485,1.6917,0,1.39189,2.1168
84.4524,85.139,2.68298,0.09,0.02,2.86572,2.8883,0,0.536747,4.47552,99.3022,98.274,3.70411,0,1,1.71485,1.69227,0,1.32489,2.1168
83.9286,85.139,2.52685,0.09,0.02,2.86726,2.88927,0,0.537036,4.47552,99.3022,98.274,3.19413,0,1,1.71485,1.69284,0,1.32489,2.1168
83.6553,85.139,2.77681,0.09,0.02,2.86881,2.89024,0,0.537325,4.47552,99.3022,98.274,3.31039,0,1,1.71485,1.69341,0,1.32489,2.1168
84.0568,85.139,3.45111,0.06,0.02,2.84445,2.86532,0,0.537614,4.47552,99.3022,98.274,4.29298,0,1,1.76261,1.74174,0,1.32489,2.1168
84.0978,85.139,3.12571,0.05,0.02,2.86629,2.86629,0,0.533051,4.47552,99.3022,98.274,3.91007,0,1,1.74232,1.74232,0,1.36179,2.1168
83.8787,85.139,2.85147,0.05,0.02,2.86725,2.86725,0,0.537142,4.47552,99.3022,98.274,3.92621,0,1,1.74291,1.74291,0,1.34612,2.1168
83.6052,85.139,2.77604,0.04,0.02,2.86822,2.86822,0,0.537323,4.47552,99.3022,98.274,3.72399,0,1,1.7435,1.7435,0,1.34657,2.1168
83.2586,85.139,2.71765,0.05,0.02,2.93614,2.93614,0,0.537504,4.47552,99.3022,98.274,3.62017,0,1,1.7867,1.7867,0,1.34703,2.1168
82.6567,85.139,2.45405,0.06,0.02,2.93713,2.93713,0,0.550233,4.47552,99.3022,98.274,3.49837,0,1,1.7873,1.7873,0,1.38041,2.1168
81.8499,85.139,2.23756,0.06,0.02,2.93812,2.93812,0,0.550418,4.47552,99.3022,98.274,3.23644,0,1,1.7879,1.7879,0,1.38087,2.1168
80.7795,85.139,1.94837,0.06,0.02,2.93911,2.93911,0,0.550603,4.47552,99.3022,98.274,3.21818,0,1,1.7885,1.7885,0,1.38133,2.1168
79.6152,85.139,2.02805,0.06,0.02,3.13645,3.13645,0,0.550788,4.47552,99.3022,98.274,3.22736,1,1,1.94314,1.94314,0,1.3818,2.1168
78.9475,85.139,2.53187,0.06,0.02,3.13751,3.13751,0,0.587771,4.47552,99.3022,98.274,3.5468,1,1,1.94379,1.94379,0,1.50127,2.1168
77.9877,85.139,2.26708,0.09,0.02,3.13856,3.13856,0,0.587968,4.47552,99.3022,98.274,3.40131,1,1,1.94445,1.94445,0,1.50178,2.1168
77.0792,85.139,2.29273,0.09,0.02,3.13961,3.13961,0,0.588166,4.47552,99.3022,98.274,3.68862,1,1,1.9451,1.9451,0,1.50228,2.1168
76.2146,85.139,2.33348,0.1,0.02,3.14067,3.14067,0,0.588364,4.47552,98.9374,98.274,4.17462,1,1,1.94575,1.94575,0,1.50278,2.1168
75.5035,85.139,2.40957,0.1,0.02,3.04587,3.04587,0,0.588562,4.47552,99.1892,98.274,2.33147,0,1,1.85276,1.85276,0,1.50329,2.1168
75.3402,85.139,2.98505,0.1,0.02,3.04689,3.04689,0,0.570796,4.47552,99.2432,98.274,3.34192,0,1,1.85338,1.85338,0,1.43144,2.1168
74.8018,85.139,2.5884,0.11,0.02,3.04791,3.04791,0,0.570987,4.47552,99.3022,98.274,2.80666,0,1,1.854,1.854,0,1.43192,2.1168
79.5302,85.139,8.07023,0.11,0.02,3.04894,3.04894,0,0.571179,4.47552,99.3022,98.274,10.9813,0,1,1.85463,1.85463,0,1.4324,2.1168
79.7794,85.139,3.55035,0.09,0.02,2.97117,2.97117,0,0.571371,4.47552,99.3022,98.274,4.16485,0,1,1.76989,1.76989,0,1.43288,2.1168
79.1624,85.139,2.55348,0.09,0.02,2.97217,2.97217,0,0.556798,4.47552,99.3022,98.274,3.17166,0,1,1.77048,1.77048,0,1.36742,2.1168
79.9287,85.139,3.96491,0.11,0.02,2.97317,2.97317,0,0.556985,4.47552,99.3022,98.274,3.89486,0,1,1.77108,1.77108,0,1.36788,2.1168
85.139,85.139,9.59716,0.1,0.02,2.97417,2.97417,0,0.557172,4.47552,99.3022,98.274,9.28525,0,1,1.77167,1.77167,0,1.36834,2.1168
85.139,85.139,6.8907,0.06,0.02,2.7511,2.7511,0,0.557359,4.47552,99.3022,98.274,7.4617,0,1,1.59425,1.59425,0,1.36879,2.1168
85.139,85.139,4.86463,0.05,0.02,2.632,2.75203,0,0.515557,4.47552,99.3022,98.274,6.72001,0,1,1.71482,1.59478,0,1.23172,2.1168
85.139,85.139,6.14732,0.06,0.02,2.63345,2.75295,0,0.493236,4.47552,99.3022,98.274,8.70884,0,1,1.71482,1.59532,0,1.32487,2.1168
85.139,85.139,3.55701,0.06,0.02,2.63491,2.75387,0,0.493509,4.47552,99.3022,98.274,5.40672,0,1,1.71482,1.59586,0,1.32487,2.1168
85.139,85.139,3.24956,0.06,0.02,2.63637,2.7548,0,0.493783,4.47552,99.3022,98.274,4.43249,0,1,1.71482,1.59639,0,1.32487,2.1168
85.139,85.139,8.81439,0.07,0.04,2.53963,2.84203,0,0.494056,4.47552,99.3022,98.274,6.74941,0,1,1.95095,1.64855,0,1.32487,3.38688
85.139,85.139,8.14751,0.07,0.04,2.54054,2.84294,0,0.475926,4.47552,99.3022,98.274,6.66097,0,1,1.95148,1.64908,0,1.5073,3.38688
85.139,85.139,5.93294,0.09,0.04,2.54146,2.84386,0,0.476097,4.47552,99.3022,98.274,5.14922,0,1,1.95201,1.64961,0,1.50771,3.38688
85.139,85.139,5.01496,0.09,0.04,2.54237,2.84477,0,0.476269,4.47552,99.3022,98.274,5.24751,0,1,1.95254,1.65014,0,1.50812,3.38688
85.139,85.139,5.65779,0.09,0.04,2.82085,3.12325,0,0.476441,4.47552,99.3022,98.274,5.67941,0,1,2.14715,1.84475,0,1.50853,3.38688
85.139,85.139,4.67759,0.08,0.04,2.82186,3.12426,0,0.528628,4.47552,99.3022,98.274,3.98461,0,1,2.14775,1.84535,0,1.65889,3.38688
85.139,85.139,5.14503,0.08,0.04,2.82286,3.12526,0,0.528816,4.47552,99.1315,98.274,3.90843,0,1,2.14834,1.84594,0,1.65935,3.38688
85.139,85.139,3.97089,0.07,0.04,2.82387,3.12627,0,0.529005,4.47552,99.3022,98.274,3.29798,0,1,2.14894,1.84654,0,1.65981,3.38688
85.139,85.139,7.07292,0.07,0.04,2.42847,2.73087,0,0.529193,4.47552,99.3022,98.274,6.04274,0,1,1.88873,1.58633,0,1.66027,3.38688
85.139,85.139,4.53918,0.07,0.04,2.42935,2.73175,0,0.455096,4.47552,99.3022,98.274,4.18972,0,1,1.88924,1.58684,0,1.45924,3.38688
85.139,85.139,4.95398,0.1,0.04,2.43023,2.73263,0,0.455261,4.47552,99.3022,98.274,4.02535,0,1,1.88975,1.58735,0,1.45963,3.38688
85.139,85.139,4.76635,0.1,0.04,2.43111,2.73351,0,0.455425,4.47552,99.3022,98.274,4.28876,0,1,1.89027,1.58787,0,1.46002,3.38688
85.139,85.139,14.2117,0.11,0.04,2.43199,2.73439,0,0.45559,4.47552,99.3022,98.274,9.98207,0,1,1.89078,1.58838,0,1.46042,3.38688
85.139,85.139,4.86415,0.11,0.04,2.53281,2.83521,0,0.455755,4.47552,99.3022,98.274,3.98668,0,1,1.95519,1.65279,0,1.46081,3.38688
85.139,85.139,4.36393,0.1,0.04,2.53372,2.83612,0,0.474649,4.47552,99.3022,98.274,4.45802,0,1,1.95572,1.65332,0,1.51058,3.38688
85.139,85.139,4.39333,0.1,0.04,2.53463,2.83703,0,0.47482,4.47552,99.3022,98.274,4.63734,0,1,1.95625,1.65385,0,1.51099,3.38688
85.139,85.139,3.90557,0.11,0.04,2.53555,2.83795,0,0.47499,4.47552,99.3022,98.274,3.03422,0,1,1.95679,1.65439,0,1.5114,3.38688
85.139,85.139,4.27646,0.12,0.04,2.49733,2.79973,0,0.475161,4.47552,99.3022,98.274,4.42655,0,1,1.93247,1.63007,0,1.51181,3.38688
85.139,85.139,3.43664,0.11,0.04,2.49823,2.80063,0,0.468,4.47552,99.3022,98.274,3.56325,0,1,1.93299,1.63059,0,1.49302,3.38688
85.139,85.139,3.11415,0.09,0.04,2.49913,2.80153,0,0.468169,4.47552,99.3022,98.274,3.16472,0,1,1.93351,1.63111,0,1.49343,3.38688
85.139,85.139,3.02293,0.09,0.04,2.50003,2.80243,0,0.468337,4.47552,99.3022,98.274,3.4154,0,1,1.93404,1.63164,0,1.49383,3.38688
85.0442,85.139,2.85095,0.09,0.04,2.63392,2.93632,0,0.468506,4.47552,99.3022,98.274,3.00553,0,1,2.02281,1.72041,0,1.49424,3.38688
84.8658,85.139,2.71919,0.12,0.04,2.63486,2.93726,0,0.493596,4.47552,99.3022,98.274,2.77466,0,1,2.02336,1.72096,0,1.56282,3.38688
84.5478,85.139,2.55322,0.11,0.04,2.6358,2.9382,0,0.493773,4.47552,99.3022,98.274,2.82133,0,1,2.02391,1.72151,0,1.56325,3.38688
84.1361,85.139,2.45115,0.09,0.04,2.63675,2.93915,0,0.493949,4.47552,99.3022,98.274,2.76014,0,1,2.02446,1.72206,0,1.56367,3.38688
83.5161,85.139,2.23862,0.09,0.04,2.63769,2.94009,0,0.494126,4.47552,98.9359,98.274,2.44491,0,1,2.02502,1.72262,0,1.5641,3.38688
82.5036,85.139,1.76506,0.09,0.04,2.61229,2.91469,0,0.494303,4.47552,98.346,98.274,1.62522,0,1,2.07415,1.77175,0,1.56453,3.38688
81.3669,85.139,1.6286,0.09,0.04,2.61323,2.91563,0,0.489544,4.47552,97.7892,98.274,1.58751,0,1,2.07472,1.77232,0,1.60249,3.38688
80.1348,85.139,1.52181,0.07,0.04,2.61417,2.91657,0,0.489719,4.47552,97.182,98.274,1.62814,0,1,2.07529,1.77289,0,1.60293,3.38688
78.874,85.139,1.47827,0.07,0.04,2.6151,2.9175,0,0.489895,4.47552,96.5707,98.274,1.55452,0,1,2.07586,1.77346,0,1.60337,3.38688
77.6023,85.139,1.52387,0.1,0.04,2.68415,2.98655,0,0.49007,4.47552,95.995,98.274,1.64722,0,1,2.11977,1.81737,0,1.60381,3.38688
76.2785,85.139,1.4439,0.12,0.04,2.68511,2.98751,0,0.50301,4.47552,95.2287,98.274,1.67729,0,1,2.12036,1.81796,0,1.63774,3.38688
74.8466,85.139,1.32453,0.11,0.04,2.68607,2.98847,0,0.503189,4.47552,94.6553,98.274,1.47248,0,1,2.12094,1.81854,0,1.63819,3.38688
73.5039,85.139,1.39442,0.11,0.04,2.68703,2.98943,0,0.503369,4.47552,94.0247,98.274,1.75772,0,1,2.12153,1.81913,0,1.63864,3.38688
71.6767,85.139,1.31109,0.15,0.04,3.1901,3.1901,0,0.503549,4.47552,93.2162,98.274,1.67115,1,1,1.97638,1.97638,0,1.63909,3.38688
69.4822,85.139,0.922712,0.15,0.04,3.19112,3.19112,0,0.597825,4.47552,92.3615,98.274,1.24949,1,1,1.97701,1.97701,0,1.52695,3.38688
67.2883,85.139,0.89945,0.15,0.04,3.19215,3.19215,0,0.598016,4.47552,91.6183,98.274,1.18404,1,1,1.97765,1.97765,0,1.52744,3.38688
65.4988,85.139,1.2908,0.17,0.04,3.19317,3.19317,0,0.598208,4.47552,90.9542,98.274,1.37477,1,1,1.97828,1.97828,0,1.52793,3.38688
64.2446,85.139,1.87146,0.17,0.04,3.19419,3.19419,0,0.5984,4.47552,90.3553,98.274,1.59352,1,1,1.97891,1.97891,0,1.52842,3.38688
62.9631,85.139,1.40674,0.17,0.04,2.79533,3.09773,0,0.598592,4.47552,89.6551,98.274,1.39304,0,1,2.1867,1.8843,0,1.52891,3.38688
61.5801,85.139,1.38687,0.17,0.04,2.79632,3.09872,0,0.523845,4.47552,89.1082,98.274,1.64153,0,1,2.18731,1.88491,0,1.68945,3.38688
60.3112,85.139,1.50312,0.19,0.04,2.79731,3.09971,0,0.524031,4.47552,88.7128,98.274,1.80508,0,1,2.18791,1.88551,0,1.68991,3.38688
59.0812,85.139,1.55794,0.19,0.04,2.79831,3.10071,0,0.524217,4.47552,88.3502,98.274,1.90174,0,1,2.18852,1.88612,0,1.69038,3.38688
58.1746,85.139,1.86319,0.19,0.04,2.71918,3.02158,0,0.524403,4.47552,87.5982,98.274,2.02034,0,1,2.10231,1.79991,0,1.69085,3.38688
56.9583,85.139,1.52147,0.19,0.04,2.72015,3.02255,0,0.509574,4.47552,87.3344,98.274,1.16474,0,1,2.10289,1.80049,0,1.62425,3.38688
56.4845,85.139,2.29457,0.17,0.04,2.72111,3.02351,0,0.509755,4.47552,87.2617,98.274,3.04118,0,1,2.10347,1.80107,0,1.62469,3.38688
59.098,85.139,5.58009,0.21,0.04,2.72208,3.02448,0,0.509937,4.47552,88.117,98.274,5.25829,0,1,2.10404,1.80164,0,1.62514,3.38688
60.6738,85.139,4.36603,0.16,0.04,2.4952,2.7976,0,0.510118,4.47552,88.5458,98.274,3.45816,0,1,1.92359,1.62119,0,1.62558,3.38688
63.2916,85.139,5.59231,0.17,0.04,2.4961,2.7985,0,0.467601,4.47552,89.2441,98.274,4.32728,0,1,1.92411,1.62171,0,1.48617,3.38688
67.3961,85.139,7.34693,0.15,0.04,2.49699,2.79939,0,0.467769,4.47552,90.0934,98.274,4.54054,0,1,1.92463,1.62223,0,1.48657,3.38688
70.0293,85.139,5.80405,0.16,0.04,2.49789,2.80029,0,0.467936,4.47552,90.9316,98.274,4.08377,0,1,1.92515,1.62275,0,1.48697,3.38688
72.2943,85.139,5.36218,0.16,0.04,2.49879,2.80119,0,0.468104,4.47552,91.5645,98.274,3.92551,0,1,1.92567,1.62327,0,1.48737,3.38688
73.029,85.139,3.87147,0.16,0.04,2.58744,2.88984,0,0.468272,4.47552,91.8258,98.274,3.64663,0,0,1.97868,1.67628,0,1.48777,3.38688
73.8801,85.139,3.93371,0.16,0.04,2.58833,2.89073,0,0.484886,4.47552,92.4689,98.274,4.9025,0,0,1.97919,1.67679,0,1.52873,3.38688
75.417,85.139,4.47405,0.13,0.04,2.58921,2.89161,0,0.485052,4.47552,92.8127,98.274,4.19466,0,0,1.97971,1.67731,0,1.52913,3.38688
78.5275,85.139,6.4284,0.13,0.04,2.5901,2.8925,0,0.485219,4.47552,93.1968,98.274,4.773,0,0,1.98022,1.67782,0,1.52952,3.38688
79.6901,85.139,4.70313,0.14,0.04,2.8732,3.1756,0,0.485385,4.47552,93.8796,98.274,5.28494,0,0,2.17808,1.87568,0,1.52992,3.38688
79.4194,85.139,3.03952,0.12,0.04,2.87418,3.17658,0,0.538438,4.47552,93.8818,98.274,3.8548,0,0,2.17865,1.87625,0,1.68278,3.38688
78.6324,85.139,2.47058,0.16,0.04,2.87515,3.17755,0,0.538621,4.47552,93.929,98.274,3.45097,0,0,2.17923,1.87683,0,1.68323,3.38688
79.1896,85.139,3.92503,0.17,0.04,2.87613,3.17853,0,0.538804,4.47552,94.4341,98.274,5.16045,0,0,2.1798,1.8774,0,1.68367,3.38688
80.9273,85.139,4.81792,0.18,0.04,2.47408,2.77648,0,0.538986,4.47552,95.1833,98.274,5.44123,0,0,1.91523,1.61283,0,1.68412,3.38688
83.471,85.139,5.68506,0.13,0.04,2.47493,2.77733,0,0.463643,4.47552,96.4332,98.274,6.70629,0,0,1.91572,1.61332,0,1.4797,3.38688
85.139,85.139,7.76755,0.17,0.04,2.47578,2.77818,0,0.463802,4.47552,98.4358,98.274,9.54785,0,0,1.91622,1.61382,0,1.48009,3.38688
85.139,85.139,9.7293,0.13,0.04,2.47664,2.77904,0,0.463962,4.47552,99.3022,98.274,11.187,0,0,1.91671,1.61431,0,1.48047,3.38688
85.139,85.139,9.04209,0.14,0.04,2.47749,2.77989,0,0.464122,4.47552,99.3022,98.274,10.0891,0,0,1.91721,1.61481,0,1.48085,3.38688
85.139,85.139,7.97201,0.13,0.04,2.57994,2.88234,0,0.464281,4.47552,99.3022,98.274,11.9981,0,0,1.98267,1.68027,0,1.48123,3.38688
85.139,85.139,4.94813,0.12,0.04,2.58083,2.88323,0,0.483481,4.47552,99.3022,98.274,8.05224,0,0,1.98318,1.68078,0,1.53181,3.38688
85.139,85.139,4.07011,0.14,0.04,2.58171,2.88411,0,0.483647,4.47552,99.3022,98.274,7.41845,0,0,1.9837,1.6813,0,1.53221,3.38688
85.139,85.139,3.58221,0.13,0.04,2.58259,2.88499,0,0.483812,4.47552,99.3022,98.274,6.83792,0,0,1.98421,1.68181,0,1.5326,3.38688
85.139,85.139,3.53098,0.13,0.04,2.5437,2.8461,0,0.483978,4.47552,99.3022,98.274,4.88677,0,0,1.95946,1.65706,0,1.533,3.38688
85.139,85.139,3.22541,0.13,0.04,2.54458,2.84698,0,0.47669,4.47552,99.3022,98.274,3.77076,0,0,1.95997,1.65757,0,1.51388,3.38688
85.017,85.139,2.89824,0.12,0.04,2.54545,2.84785,0,0.476854,4.47552,99.2545,98.274,3.37985,0,0,1.96048,1.65808,0,1.51427,3.38688
84.7108,85.139,2.67352,0.17,0.04,2.54632,2.84872,0,0.477017,4.47552,99.2017,98.274,3.19384,0,0,1.96099,1.65859,0,1.51467,3.38688
84.3015,85.139,2.64879,0.16,0.04,2.68237,2.98477,0,0.47718,4.47552,99.145,98.274,3.67714,0,0,2.0512,1.7488,0,1.51506,3.38688
83.8133,85.139,2.52052,0.14,0.04,2.68328,2.98568,0,0.502676,4.47552,99.052,98.274,3.14841,0,0,2.05173,1.74933,0,1.58475,3.38688
83.1727,85.139,2.34501,0.12,0.04,2.6842,2.9866,0,0.502847,4.47552,98.9311,98.274,2.79217,0,0,2.05227,1.74987,0,1.58517,3.38688
82.4809,85.139,2.21173,0.12,0.04,2.68511,2.98751,0,0.503019,4.47552,98.666,98.274,2.56576,0,0,2.0528,1.7504,0,1.58558,3.38688
81.6437,85.139,2.04728,0.1,0.04,2.68603,2.98843,0,0.50319,4.47552,98.3661,98.274,2.42807,0,0,2.05334,1.75094,0,1.586,3.38688
81.239,85.139,2.48824,0.11,0.04,2.66017,2.96257,0,0.503361,4.47552,98.1623,98.274,2.73815,0,0,2.10325,1.80085,0,1.58641,3.38688
80.7141,85.139,2.36187,0.1,0.04,2.66108,2.96348,0,0.498516,4.47552,97.9379,98.274,2.57408,0,0,2.1038,1.8014,0,1.62497,3.38688
80.0997,85.139,2.24899,0.09,0.04,2.66198,2.96438,0,0.498685,4.47552,97.663,98.274,2.51744,0,0,2.10435,1.80195,0,1.6254,3.38688
79.3686,85.139,2.11481,0.08,0.04,2.66289,2.96529,0,0.498855,4.47552,97.3581,98.274,2.54154,0,0,2.1049,1.8025,0,1.62582,3.38688
78.4643,85.139,1.98414,0.14,0.04,2.73302,3.03542,0,0.499026,4.47552,97.0773,98.274,2.35797,0,0,2.14951,1.84711,0,1.62625,3.38688
77.5028,85.139,1.8964,0.13,0.04,2.73395,3.03635,0,0.512168,4.47552,96.7368,98.274,2.32797,0,0,2.15008,1.84768,0,1.66072,3.38688
76.6986,85.139,2.04965,0.13,0.04,2.73488,3.03728,0,0.512342,4.47552,96.4203,98.274,2.50631,0,0,2.15065,1.84825,0,1.66115,3.38688
75.7916,85.139,1.96586,0.12,0.04,2.73581,3.03821,0,0.512516,4.47552,96.0981,98.274,2.2528,0,0,2.15121,1.84881,0,1.66159,3.38688
74.5324,85.139,1.74513,0.13,0.04,2.93971,3.24211,0,0.512691,4.47552,95.3344,98.274,2.1756,0,0,2.311,2.0086,0,1.66203,3.38688
73.1793,85.139,1.63577,0.13,0.04,2.9407,3.2431,0,0.550901,4.47552,94.9816,98.274,1.70243,0,0,2.31161,2.00921,0,1.78548,3.38688
71.7358,85.139,1.53279,0.16,0.04,2.94169,3.24409,0,0.551087,4.47552,94.6062,98.274,2.07455,0,0,2.31223,2.00983,0,1.78595,3.38688
70.218,85.139,1.45047,0.16,0.04,2.94268,3.24508,0,0.551273,4.47552,94.208,98.274,2.20391,0,0,2.31284,2.01044,0,1.78643,3.38688
68.6766,85.139,1.40859,0.16,0.04,2.94368,3.24608,0,0.551459,4.47552,93.811,98.274,2.18444,0,0,2.31346,2.01106,0,1.7869,3.38688
68.051,85.139,2.36052,0.15,0.04,2.8456,3.148,0,0.551645,4.47552,93.6586,98.274,2.43625,0,0,2.21728,1.91488,0,1.78738,3.38688
67.5292,85.139,2.4751,0.17,0.04,2.84656,3.14896,0,0.533265,4.47552,93.7334,98.274,2.80184,0,0,2.21787,1.91547,0,1.71307,3.38688
66.9139,85.139,2.3936,0.17,0.04,2.84752,3.14992,0,0.533445,4.47552,93.6582,98.274,2.56287,0,0,2.21845,1.91605,0,1.71352,3.38688
65.9349,85.139,1.98528,0.17,0.04,2.84848,3.15088,0,0.533625,4.47552,93.4776,98.274,2.3254,0,0,2.21904,1.91664,0,1.71398,3.38688
65.9724,85.139,2.97051,0.17,0.04,2.76803,3.07043,0,0.533806,4.47552,93.3537,98.274,2.36777,0,0,2.13141,1.82901,0,1.71443,3.38688
68.9973,85.139,6.10399,0.16,0.04,2.76896,3.07136,0,0.518728,4.47552,93.6526,98.274,3.46073,0,0,2.13197,1.82957,0,1.64673,3.38688
71.8184,85.139,5.90091,0.13,0.04,2.7699,3.0723,0,0.518904,4.47552,94.3861,98.274,4.14835,0,0,2.13253,1.83013,0,1.64716,3.38688
75.2343,85.139,6.61258,0.13,0.04,2.77084,3.07324,0,0.51908,4.47552,94.8963,98.274,4.32827,0,0,2.13309,1.83069,0,1.64759,3.38688
76.9977,85.139,4.83756,0.13,0.04,2.54026,2.84266,0,0.519256,4.47552,95.3689,98.274,3.63117,0,0,1.94971,1.64731,0,1.64802,3.38688
80.4284,85.139,6.49081,0.13,0.04,2.54113,2.84353,0,0.476044,4.47552,96.5753,98.274,5.21257,0,0,1.95021,1.64781,0,1.50634,3.38688
83.901,85.139,6.72294,0.12,0.04,2.54199,2.84439,0,0.476207,4.47552,98.559,98.274,6.99105,0,0,1.95071,1.64831,0,1.50673,3.38688
85.139,85.139,10.3646,0.12,0.04,2.54286,2.84526,0,0.47637,4.47552,99.3022,98.274,7.71918,0,0,1.95121,1.64881,0,1.50712,3.38688
85.139,85.139,5.61211,0.09,0.04,2.54373,2.84613,0,0.476533,4.47552,99.3022,98.274,6.1404,0,0,1.95172,1.64932,0,1.50751,3.38688
85.139,85.139,5.58647,0.11,0.04,2.63376,2.93616,0,0.476695,4.47552,99.1982,98.274,4.18135,0,0,2.00555,1.70315,0,1.5079,3.38688
85.139,85.139,5.60591,0.1,0.04,2.63462,2.93702,0,0.493567,4.47552,99.3022,98.274,3.2634,0,0,2.00605,1.70365,0,1.54949,3.38688
85.139,85.139,5.32733,0.11,0.04,2.63548,2.93788,0,0.493728,4.47552,99.3022,98.274,4.21535,0,0,2.00655,1.70415,0,1.54987,3.38688
85.139,85.139,9.22683,0.11,0.04,2.63634,2.93874,0,0.493889,4.47552,99.3022,98.274,5.97569,0,0,2.00705,1.70465,0,1.55026,3.38688
85.139,85.139,6.59349,0.11,0.04,2.92392,3.22632,0,0.49405,4.47552,99.3022,98.274,6.09954,0,0,2.20803,1.90563,0,1.55064,3.38688
85.139,85.139,6.52223,0.11,0.04,2.92486,3.22726,0,0.547943,4.47552,99.3022,98.274,6.69458,0,0,2.20859,1.90619,0,1.70593,3.38688
85.139,85.139,4.92243,0.11,0.04,2.92581,3.22821,0,0.548119,4.47552,99.3022,98.274,3.3528,0,0,2.20915,1.90675,0,1.70636,3.38688
85.139,85.139,7.28075,0.11,0.04,2.92675,3.22915,0,0.548296,4.47552,99.3022,98.274,3.79126,0,0,2.2097,1.9073,0,1.70679,3.38688
85.139,85.139,7.65191,0.12,0.04,2.51826,2.82066,0,0.548473,4.47552,99.3022,98.274,4.93949,0,0,1.94089,1.63849,0,1.70722,3.38688
85.139,85.139,6.7017,0.12,0.04,2.51908,2.82148,0,0.471922,4.47552,99.3022,98.274,4.57797,0,0,1.94137,1.63897,0,1.49953,3.38688
85.139,85.139,5.25751,0.14,0.04,2.51991,2.82231,0,0.472076,4.47552,99.3022,98.274,4.43675,0,0,1.94185,1.63945,0,1.4999,3.38688
85.139,85.139,6.27685,0.14,0.04,2.52073,2.82313,0,0.472231,4.47552,99.3022,98.274,4.02842,0,0,1.94233,1.63993,0,1.50027,3.38688
85.139,85.139,5.66818,0.15,0.04,2.52156,2.82396,0,0.472385,4.47552,99.3022,98.274,4.45604,0,0,1.9428,1.6404,0,1.50064,3.38688
85.139,85.139,6.77111,0.16,0.04,2.62559,2.92799,0,0.47254,4.47552,99.3022,98.274,4.61421,0,0,2.00928,1.70688,0,1.50101,3.38688
85.139,85.139,5.95875,0.17,0.04,2.62645,2.92885,0,0.492036,4.47552,99.3022,98.274,3.4554,0,0,2.00978,1.70738,0,1.55237,3.38688
85.139,85.139,5.20663,0.18,0.04,2.6273,2.9297,0,0.492196,4.47552,99.2851,98.274,3.37825,0,0,2.01027,1.70787,0,1.55275,3.38688
85.139,85.139,5.90204,0.17,0.04,2.62816,2.93056,0,0.492356,4.47552,99.3022,98.274,3.76005,0,0,2.01077,1.70837,0,1.55314,3.38688
85.139,85.139,5.08443,0.15,0.04,2.58861,2.89101,0,0.492517,4.47552,99.019,98.274,2.86917,0,0,1.98561,1.68321,0,1.55352,3.38688
85.139,85.139,3.63002,0.14,0.04,2.58945,2.89185,0,0.485106,4.47552,98.7658,98.274,2.18224,0,0,1.9861,1.6837,0,1.53408,3.38688
85.139,85.139,3.23835,0.14,0.04,2.5903,2.8927,0,0.485264,4.47552,98.3502,98.274,1.95969,0,0,1.98659,1.68419,0,1.53446,3.38688
85.139,85.139,3.04635,0.14,0.04,2.59114,2.89354,0,0.485422,4.47552,97.9666,98.274,1.93748,0,0,1.98708,1.68468,0,1.53484,3.38688
85.139,85.139,3.01812,0.11,0.04,2.72929,3.03169,0,0.48558,4.47552,97.4749,98.274,2.02708,0,0,2.07869,1.77629,0,1.53522,3.38688
85.139,85.139,3.11885,0.1,0.04,2.73017,3.03257,0,0.511469,4.47552,97.1077,98.274,1.96661,0,0,2.0792,1.7768,0,1.60599,3.38688
85.139,85.139,3.07638,0.09,0.04,2.73106,3.03346,0,0.511634,4.47552,96.714,98.274,2.01236,0,0,2.07972,1.77732,0,1.60639,3.38688
85.01,85.139,2.87723,0.09,0.04,2.73194,3.03434,0,0.5118,4.47552,96.2638,98.274,1.887,0,0,2.08024,1.77784,0,1.60679,3.38688
84.7422,85.139,2.69836,0.12,0.04,2.73283,3.03523,0,0.511966,4.47552,95.6086,98.274,1.82643,0,0,2.08076,1.77836,0,1.60719,3.38688
83.7273,85.139,1.88175,0.12,0.04,2.70652,3.00892,0,0.512132,4.47552,95.0188,98.274,1.57394,0,0,2.13143,1.82903,0,1.60759,3.38688
82.5662,85.139,1.72464,0.11,0.04,2.7074,3.0098,0,0.507202,4.47552,94.4014,98.274,1.62528,0,0,2.13196,1.82956,0,1.64674,3.38688
81.3666,85.139,1.67364,0.11,0.04,2.70827,3.01067,0,0.507366,4.47552,93.6832,98.274,1.60229,0,0,2.13249,1.83009,0,1.64715,3.38688
80.0628,85.139,1.53015,0.1,0.04,2.70915,3.01155,0,0.507531,4.47552,92.9028,98.274,1.50547,0,0,2.13303,1.83063,0,1.64756,3.38688
78.6109,85.139,1.41536,0.11,0.04,2.78033,3.08273,0,0.507695,4.47552,92.1711,98.274,1.44684,0,0,2.1783,1.8759,0,1.64798,3.38688
77.3937,85.139,1.65372,0.16,0.04,2.78123,3.08363,0,0.521034,4.47552,91.6358,98.274,1.72197,0,0,2.17885,1.87645,0,1.68296,3.38688
76.0601,85.139,1.51253,0.16,0.04,2.78213,3.08453,0,0.521203,4.47552,90.8337,98.274,1.67902,0,0,2.1794,1.877,0,1.68338,3.38688
74.6141,85.139,1.38778,0.15,0.04,2.78303,3.08543,0,0.521371,4.47552,90.2253,98.274,1.47656,0,0,2.17995,1.87755,0,1.6838,3.38688
73.09,85.139,1.46043,0.15,0.04,2.99005,3.29245,0,0.52154,4.47552,89.2829,98.274,1.76633,0,0,2.34219,2.03979,0,1.68423,3.38688
71.5113,85.139,1.41228,0.17,0.04,2.99101,3.29341,0,0.560336,4.47552,88.5949,98.274,1.42324,0,0,2.34278,2.04038,0,1.80957,3.38688
70.1066,85.139,1.58914,0.17,0.04,2.99197,3.29437,0,0.560515,4.47552,87.6634,98.274,1.74022,0,0,2.34338,2.04098,0,1.81003,3.38688
68.3985,85.139,1.27741,0.17,0.04,2.99293,3.29533,0,0.560695,4.47552,87.2281,98.274,1.26889,0,0,2.34397,2.04157,0,1.81049,3.38688
66.9871,85.139,1.54912,0.17,0.04,2.99389,3.29629,0,0.560875,4.47552,86.4373,98.274,2.16951,0,0,2.34457,2.04217,0,1.81095,3.38688
65.3622,85.139,1.25154,0.19,0.04,2.89425,3.19665,0,0.561055,4.47552,85.7163,98.274,1.29858,0,0,2.24687,1.94447,0,1.81141,3.38688
63.8888,85.139,1.42876,0.19,0.04,2.89518,3.19758,0,0.542382,4.47552,85.0563,98.274,1.63748,0,0,2.24744,1.94504,0,1.73593,3.38688
62.3424,85.139,1.35452,0.19,0.04,2.89611,3.19851,0,0.542556,4.47552,84.5883,98.274,1.6224,0,0,2.24801,1.94561,0,1.73637,3.38688
60.9711,85.139,1.54977,0.21,0.04,2.89704,3.19944,0,0.542731,4.47552,84.0647,98.274,1.98247,0,0,2.24857,1.94617,0,1.73681,3.38688
59.7682,85.139,1.72463,0.21,0.04,2.8153,3.1177,0,0.542905,4.47552,83.5406,98.274,1.7922,0,0,2.15957,1.85717,0,1.73725,3.38688
58.4558,85.139,1.50298,0.21,0.04,2.8162,3.1186,0,0.527587,4.47552,83.1596,98.274,1.29256,0,0,2.16011,1.85771,0,1.66848,3.38688
59.3659,85.139,3.83957,0.21,0.04,2.81711,3.11951,0,0.527757,4.47552,83.1744,98.274,3.83512,0,0,2.16065,1.85825,0,1.6689,3.38688
60.8891,85.139,4.52152,0.21,0.04,2.81802,3.12042,0,0.527927,4.47552,83.4161,98.274,3.19888,0,0,2.16119,1.85879,0,1.66932,3.38688
61.2483,85.139,3.11793,0.19,0.04,2.58385,2.88625,0,0.528097,4.47552,83.4257,98.274,2.32433,0,0,1.97497,1.67257,0,1.66974,3.38688
62.4397,85.139,4.23056,0.21,0.04,2.58469,2.88709,0,0.484214,4.47552,83.5928,98.274,2.68379,0,0,1.97546,1.67306,0,1.52586,3.38688
64.6925,85.139,5.22768,0.17,0.04,2.58553,2.88793,0,0.484372,4.47552,83.9655,98.274,3.07747,0,0,1.97594,1.67354,0,1.52624,3.38688
69.8604,85.139,8.34598,0.17,0.04,2.58637,2.88877,0,0.484529,4.47552,84.8875,98.274,4.96643,0,0,1.97643,1.67403,0,1.52661,3.38688
71.8244,85.139,5.11484,0.17,0.04,2.58721,2.88961,0,0.484687,4.47552,85.8363,98.274,4.99227,0,0,1.97692,1.67452,0,1.52699,3.38688
74.0477,85.139,5.36476,0.2,0.04,2.67858,2.98098,0,0.484844,4.47552,87.1206,98.274,6.67939,0,0,2.03155,1.72915,0,1.52736,3.38688
76.61,85.139,5.83577,0.16,0.04,2.67941,2.98181,0,0.501966,4.47552,88.8798,98.274,7.93179,0,0,2.03203,1.72963,0,1.56957,3.38688
77.9811,85.139,4.54604,0.17,0.04,2.68024,2.98264,0,0.502122,4.47552,89.8346,98.274,6.03205,0,0,2.03251,1.73011,0,1.56995,3.38688
78.9385,85.139,4.10614,0.18,0.04,2.68108,2.98348,0,0.502278,4.47552,90.6385,98.274,5.60324,0,0,2.033,1.7306,0,1.57032,3.38688
79.997,85.139,4.47603,0.19,0.04,2.97299,3.27539,0,0.502434,4.47552,91.2594,98.274,5.66132,0,0,2.23702,1.93462,0,1.57069,3.38688
81.7806,85.139,5.31285,0.14,0.04,2.9739,3.2763,0,0.557138,4.47552,92.1664,98.274,5.83232,0,0,2.23756,1.93516,0,1.72832,3.38688
84.9975,85.139,6.79413,0.15,0.04,2.97482,3.27722,0,0.557309,4.47552,93.4384,98.274,8.83236,0,0,2.23809,1.93569,0,1.72874,3.38688
85.139,85.139,5.11087,0.15,0.04,2.97573,3.27813,0,0.557481,4.47552,94.2397,98.274,5.33509,0,0,2.23863,1.93623,0,1.72915,3.38688
85.139,85.139,3.51702,0.13,0.04,2.561,2.8634,0,0.557652,4.47552,94.776,98.274,3.51449,0,0,1.96572,1.66332,0,1.72957,3.38688
85.139,85.139,3.78618,0.12,0.04,2.5618,2.8642,0,0.479932,4.47552,95.5792,98.274,4.18858,0,0,1.96618,1.66378,0,1.51871,3.38688
85.139,85.139,5.56391,0.14,0.04,2.5626,2.865,0,0.480082,4.47552,97.1015,98.274,6.49736,0,0,1.96665,1.66425,0,1.51907,3.38688
85.139,85.139,4.23583,0.16,0.04,2.5634,2.8658,0,0.480231,4.47552,98.4748,98.274,5.98095,0,0,1.96711,1.66471,0,1.51943,3.38688
85.139,85.139,7.23379,0.17,0.04,2.5642,2.8666,0,0.480381,4.47552,99.3022,98.274,8.91654,0,0,1.96757,1.66517,0,1.51979,3.38688
85.139,85.139,9.00359,0.19,0.04,2.66976,2.97216,0,0.48053,4.47552,99.3022,98.274,9.67043,0,0,2.03503,1.73263,0,1.52015,3.38688
85.139,85.139,8.02312,0.2,0.04,2.67059,2.97299,0,0.500314,4.47552,99.3022,98.274,5.85018,0,0,2.03551,1.73311,0,1.57226,3.38688
85.139,85.139,5.26023,0.21,0.04,2.67142,2.97382,0,0.500469,4.47552,99.3022,98.274,4.50297,0,0,2.03599,1.73359,0,1.57263,3.38688
85.139,85.139,4.53353,0.21,0.04,2.67225,2.97465,0,0.500624,4.47552,99.3022,98.274,4.32579,0,0,2.03648,1.73408,0,1.57301,3.38688
85.139,85.139,4.54021,0.19,0.04,2.63207,2.93447,0,0.500779,4.47552,99.3022,98.274,4.06788,0,0,2.01091,1.70851,0,1.57338,3.38688
85.139,85.139,4.46409,0.17,0.04,2.63288,2.93528,0,0.493249,4.47552,99.3022,98.274,3.48646,0,0,2.01139,1.70899,0,1.55363,3.38688
85.139,85.139,3.74317,0.15,0.04,2.6337,2.9361,0,0.493402,4.47552,99.3022,98.274,3.00957,0,0,2.01186,1.70946,0,1.554,3.38688
85.139,85.139,4.05532,0.14,0.04,2.63452,2.93692,0,0.493555,4.47552,99.3022,98.274,4.35778,0,0,2.01234,1.70994,0,1.55436,3.38688
85.139,85.139,3.57598,0.12,0.04,2.77469,3.07709,0,0.493708,4.47552,99.3022,98.274,3.84374,0,0,2.10529,1.80289,0,1.55473,3.38688
85.139,85.139,3.31805,0.11,0.04,2.77555,3.07795,0,0.519977,4.47552,99.3022,98.274,3.60921,0,0,2.10579,1.80339,0,1.62654,3.38688
85.139,85.139,3.15161,0.11,0.04,2.7764,3.0788,0,0.520137,4.47552,99.2426,98.274,3.35695,0,0,2.10629,1.80389,0,1.62693,3.38688
85.139,85.139,3.06126,0.1,0.04,2.77726,3.07966,0,0.520298,4.47552,99.1953,98.274,3.50499,0,0,2.10679,1.80439,0,1.62732,3.38688
84.9001,85.139,2.78675,0.1,0.04,2.77812,3.08052,0,0.520458,4.47552,99.1029,98.274,3.34633,0,0,2.10729,1.80489,0,1.62771,3.38688
84.9252,85.139,3.00554,0.15,0.04,2.75138,3.05378,0,0.520619,4.47552,99.1627,98.274,3.72609,0,0,2.15869,1.85629,0,1.6281,3.38688
84.9427,85.139,2.97989,0.15,0.04,2.75222,3.05462,0,0.515608,4.47552,99.2836,98.274,3.76277,0,0,2.15921,1.85681,0,1.66781,3.38688
84.8297,85.139,2.84505,0.13,0.04,2.75307,3.05547,0,0.515767,4.47552,99.3022,98.274,3.63402,0,0,2.15973,1.85733,0,1.6682,3.38688
84.5947,85.139,2.68734,0.13,0.04,2.75392,3.05632,0,0.515926,4.47552,99.2995,98.274,3.56617,0,0,2.16024,1.85784,0,1.6686,3.38688
84.0608,85.139,2.43324,0.13,0.04,2.82612,3.12852,0,0.516085,4.47552,99.2102,98.274,3.27538,0,0,2.20617,1.90377,0,1.669,3.38688
83.6194,85.139,2.52187,0.12,0.04,2.82699,3.12939,0,0.529615,4.47552,99.1173,98.274,3.09904,0,0,2.2067,1.9043,0,1.70449,3.38688
82.9935,85.139,2.30366,0.12,0.04,2.82786,3.13026,0,0.529778,4.47552,98.891,98.274,3.06564,0,0,2.20723,1.90483,0,1.70489,3.38688
82.1884,85.139,2.1145,0.12,0.04,2.82873,3.13113,0,0.529941,4.47552,98.6102,98.274,2.68233,0,0,2.20776,1.90536,0,1.7053,3.38688
81.3318,85.139,2.22347,0.13,0.04,3.03877,3.34117,0,0.530104,4.47552,98.4267,98.274,3.22123,0,0,2.37237,2.06997,0,1.70571,3.38688
80.2886,85.139,2.00715,0.13,0.04,3.0397,3.3421,0,0.569466,4.47552,98.2785,98.274,3.32229,0,0,2.37295,2.07055,0,1.8329,3.38688
79.0129,85.139,1.74729,0.14,0.04,3.04063,3.34303,0,0.56964,4.47552,98.0505,98.274,3.12851,0,0,2.37352,2.07112,0,1.83334,3.38688
77.9389,85.139,1.94142,0.17,0.04,3.04156,3.34396,0,0.569814,4.47552,97.8417,98.274,3.22942,0,0,2.3741,2.0717,0,1.83379,3.38688
77.9423,85.139,3.11468,0.16,0.04,3.04249,3.34489,0,0.569988,4.47552,97.8077,98.274,3.88758,0,0,2.37468,2.07228,0,1.83423,3.38688
78.8221,85.139,3.90277,0.15,0.04,2.94133,3.24373,0,0.570163,4.47552,97.8921,98.274,4.1018,0,0,2.27552,1.97312,0,1.83467,3.38688
79.4651,85.139,3.74685,0.15,0.04,2.94223,3.24463,0,0.551206,4.47552,97.935,98.274,4.48916,0,0,2.27607,1.97367,0,1.75806,3.38688
80.8113,85.139,4.5421,0.12,0.04,2.94314,3.24554,0,0.551375,4.47552,98.4609,98.274,6.36158,0,0,2.27661,1.97421,0,1.75849,3.38688
81.1717,85.139,3.44086,0.12,0.04,2.94404,3.24644,0,0.551544,4.47552,98.7085,98.274,4.6257,0,0,2.27716,1.97476,0,1.75891,3.38688
81.4741,85.139,3.32908,0.12,0.04,2.86105,3.16345,0,0.551712,4.47552,99.091,98.274,4.60145,0,0,2.18683,1.88443,0,1.75933,3.38688
82.2451,85.139,4.02559,0.12,0.04,2.86193,3.16433,0,0.536161,4.47552,99.3022,98.274,8.58459,0,0,2.18735,1.88495,0,1.68954,3.38688
85.139,85.139,6.65535,0.12,0.04,2.86281,3.16521,0,0.536326,4.47552,99.3022,98.274,7.51745,0,0,2.18787,1.88547,0,1.68995,3.38688
85.139,85.139,4.72929,0.12,0.04,2.86369,3.16609,0,0.53649,4.47552,99.3022,98.274,6.95602,0,0,2.1884,1.886,0,1.69035,3.38688
85.139,85.139,5.56648,0.12,0.04,2.62606,2.92846,0,0.536655,4.47552,99.3022,98.274,8.54003,0,0,1.99942,1.69702,0,1.69075,3.38688
85.139,85.139,6.74154,0.12,0.04,2.62687,2.92927,0,0.492123,4.47552,99.3022,98.274,11.1227,0,0,1.9999,1.6975,0,1.54476,3.38688
85.139,85.139,5.83829,0.12,0.04,2.62768,2.93008,0,0.492275,4.47552,99.3022,98.274,11.7988,0,0,2.00037,1.69797,0,1.54512,3.38688
85.139,85.139,5.2176,0.12,0.04,2.6285,2.9309,0,0.492428,4.47552,99.3022,98.274,10.6564,0,0,2.00084,1.69844,0,1.54548,3.38688
85.139,85.139,8.45641,0.12,0.04,2.62931,2.93171,0,0.49258,4.47552,99.3022,98.274,11.976,0,0,2.00131,1.69891,0,1.54585,3.38688
85.139,85.139,7.07356,0.12,0.04,2.72197,3.02437,0,0.492732,4.47552,99.3022,98.274,9.61722,0,0,2.05672,1.75432,0,1.54621,3.38688
85.139,85.139,9.86668,0.12,0.04,2.72277,3.02517,0,0.510097,4.47552,99.3022,98.274,12.1517,0,0,2.05718,1.75478,0,1.58902,3.38688
85.139,85.139,9.53915,0.13,0.04,2.72358,3.02598,0,0.510248,4.47552,99.3022,98.274,9.5267,0,0,2.05765,1.75525,0,1.58938,3.38688
85.139,85.139,13.7567,0.13,0.04,2.72438,3.02678,0,0.510399,4.47552,99.3022,98.274,13.4161,0,0,2.05812,1.75572,0,1.58974,3.38688
85.139,85.139,14.1177,0.13,0.04,3.02049,3.32289,0,0.51055,4.47552,99.3022,98.274,14.4487,0,0,2.26507,1.96267,0,1.5901,3.38688
85.139,85.139,21.1412,0.29,0.04,3.02138,3.32378,0,0.566041,4.47552,99.3022,98.274,17.5186,0,0,2.2656,1.9632,0,1.75,3.38688
85.139,85.139,11.0368,0.29,0.04,3.02226,3.32466,0,0.566206,4.47552,99.3022,98.274,10.4276,0,0,2.26612,1.96372,0,1.7504,3.38688
85.139,85.139,7.39236,0.29,0.04,3.02315,3.32555,0,0.566372,4.47552,99.3022,98.274,7.98144,0,0,2.26664,1.96424,0,1.7508,3.38688
85.139,85.139,6.94987,0.29,0.04,2.60239,2.90479,0,0.566538,4.47552,99.3022,98.274,11.3762,0,0,1.98976,1.68736,0,1.75121,3.38688
85.139,85.139,9.22766,0.29,0.04,2.60316,2.90556,0,0.487687,4.47552,99.3022,98.274,10.7515,0,0,1.99021,1.68781,0,1.53729,3.38688
85.139,85.139,8.02565,0.29,0.04,2.60393,2.90633,0,0.487832,4.47552,99.3022,98.274,8.09914,0,0,1.99065,1.68825,0,1.53763,3.38688
85.139,85.139,8.12122,0.29,0.04,2.6047,2.9071,0,0.487977,4.47552,99.3022,98.274,7.91605,0,0,1.9911,1.6887,0,1.53798,3.38688
85.139,85.139,7.80307,0.29,0.04,2.60548,2.90788,0,0.488121,4.47552,99.3022,98.274,7.65523,0,0,1.99155,1.68915,0,1.53833,3.38688
85.139,85.139,7.10095,0.28,0.04,2.71253,3.01493,0,0.488266,4.47552,99.3022,98.274,7.11492,0,0,2.05996,1.75756,0,1.53867,3.38688
85.139,85.139,7.81952,0.28,0.04,2.71333,3.01573,0,0.508327,4.47552,99.3022,98.274,10.3798,0,0,2.06042,1.75802,0,1.59152,3.38688
85.139,85.139,6.76892,0.28,0.04,2.71413,3.01653,0,0.508478,4.47552,99.3022,98.274,8.23585,0,0,2.06089,1.75849,0,1.59188,3.38688
85.139,85.139,5.43957,0.27,0.04,2.71493,3.01733,0,0.508628,4.47552,99.3022,98.274,6.18989,0,0,2.06136,1.75896,0,1.59224,3.38688
85.139,85.139,5.11388,0.25,0.04,2.67414,2.97654,0,0.508778,4.47552,99.3022,98.274,6.25683,0,0,2.0354,1.733,0,1.59261,3.38688
85.139,85.139,5.21453,0.22,0.04,2.67493,2.97733,0,0.501133,4.47552,99.3022,98.274,7.02649,0,0,2.03587,1.73347,0,1.57255,3.38688
85.139,85.139,4.44594,0.19,0.04,2.67572,2.97812,0,0.501281,4.47552,99.3022,98.274,4.29932,0,0,2.03633,1.73393,0,1.57291,3.38688
85.139,85.139,4.55439,0.18,0.04,2.67651,2.97891,0,0.50143,4.47552,99.3022,98.274,4.26292,0,0,2.03679,1.73439,0,1.57327,3.38688
85.139,85.139,4.40599,0.16,0.04,2.81865,3.12105,0,0.501578,4.47552,99.3022,98.274,4.38387,0,0,2.13104,1.82864,0,1.57362,3.38688
85.139,85.139,4.259,0.14,0.04,2.81948,3.12188,0,0.528215,4.47552,99.3022,98.274,4.0866,0,0,2.13153,1.82913,0,1.64644,3.38688
85.139,85.139,4.21898,0.12,0.04,2.82031,3.12271,0,0.52837,4.47552,99.3022,98.274,4.68831,0,0,2.13201,1.82961,0,1.64682,3.38688
85.139,85.139,4.06686,0.12,0.04,2.82114,3.12354,0,0.528526,4.47552,99.3022,98.274,4.37334,0,0,2.1325,1.8301,0,1.64719,3.38688
85.139,85.139,3.81512,0.12,0.04,2.82197,3.12437,0,0.528681,4.47552,99.3022,98.274,3.94111,0,0,2.13299,1.83059,0,1.64757,3.38688
85.139,85.139,3.29159,0.1,0.04,2.79481,3.09721,0,0.528836,4.47552,99.3022,98.274,4.0219,0,0,2.18509,1.88269,0,1.64795,3.38688
84.8358,85.139,2.73372,0.11,0.04,2.79563,3.09803,0,0.523747,4.47552,99.3022,98.274,4.11913,0,0,2.18559,1.88319,0,1.6882,3.38688
84.3456,85.139,2.53355,0.15,0.04,2.79645,3.09885,0,0.523901,4.47552,99.3022,98.274,3.92131,0,0,2.18609,1.88369,0,1.68859,3.38688
84.0818,85.139,2.72572,0.15,0.04,2.79727,3.09967,0,0.524055,4.47552,99.3022,98.274,4.06063,0,0,2.18659,1.88419,0,1.68897,3.38688
83.6337,85.139,2.57844,0.15,0.04,2.87046,3.17286,0,0.524209,4.47552,99.3022,98.274,3.76666,0,0,2.23315,1.93075,0,1.68936,3.38688
83.2224,85.139,2.6424,0.16,0.04,2.8713,3.1737,0,0.537923,4.47552,99.3022,98.274,4.04004,0,0,2.23366,1.93126,0,1.72533,3.38688
82.5919,85.139,2.38624,0.15,0.04,2.87214,3.17454,0,0.538081,4.47552,99.2811,98.274,3.86276,0,0,2.23417,1.93177,0,1.72572,3.38688
81.7616,85.139,2.17358,0.15,0.04,2.87298,3.17538,0,0.538239,4.47552,99.1953,98.274,3.36156,0,0,2.23468,1.93228,0,1.72612,3.38688
80.9454,85.139,2.35555,0.15,0.04,3.08595,3.38835,0,0.538397,4.47552,99.2699,98.274,4.22035,0,0,2.4016,2.0992,0,1.72652,3.38688
79.7291,85.139,1.93921,0.15,0.04,3.08685,3.38925,0,0.578307,4.47552,99.2551,98.274,4.11303,0,0,2.40216,2.09976,0,1.85548,3.38688
78.1235,85.139,1.5335,0.15,0.04,3.08775,3.39015,0,0.578476,4.47552,99.092,98.274,3.75751,0,0,2.40272,2.10032,0,1.85591,3.38688
76.6205,85.139,1.61845,0.17,0.04,3.08865,3.39105,0,0.578644,4.47552,98.9223,98.274,3.73564,0,0,2.40327,2.10087,0,1.85634,3.38688
75.8775,85.139,2.42672,0.17,0.04,3.08955,3.39195,0,0.578813,4.47552,98.9165,98.274,4.40657,0,0,2.40383,2.10143,0,1.85677,3.38688
75.9669,85.139,3.16918,0.17,0.04,2.98693,3.28933,0,0.578981,4.47552,99.0058,98.274,4.47718,0,0,2.30325,2.00085,0,1.8572,3.38688
75.3415,85.139,2.49037,0.17,0.04,2.9878,3.2902,0,0.55975,4.47552,98.9383,98.274,3.89958,0,0,2.30378,2.00138,0,1.77949,3.38688
75.0387,85.139,2.84407,0.17,0.04,2.98867,3.29107,0,0.559914,4.47552,99.2172,98.274,5.01879,0,0,2.30431,2.00191,0,1.7799,3.38688
74.6218,85.139,2.76819,0.17,0.04,2.98955,3.29195,0,0.560077,4.47552,99.3022,98.274,4.91151,0,0,2.30484,2.00244,0,1.78031,3.38688
74.6598,85.139,3.34931,0.16,0.04,2.90536,3.20776,0,0.560241,4.47552,99.3022,98.274,6.37286,0,0,2.21322,1.91082,0,1.78072,3.38688
73.9409,85.139,2.41942,0.16,0.04,2.90621,3.20861,0,0.544464,4.47552,99.3022,98.274,3.28793,0,0,2.21372,1.91132,0,1.70993,3.38688
74.9998,85.139,4.26177,0.14,0.04,2.90706,3.20946,0,0.544623,4.47552,99.3022,98.274,4.38459,0,0,2.21423,1.91183,0,1.71032,3.38688
76.5988,85.139,4.97954,0.14,0.04,2.90791,3.21031,0,0.544783,4.47552,99.3022,98.274,5.73226,0,0,2.21474,1.91234,0,1.71072,3.38688
76.8398,85.139,3.26996,0.14,0.04,2.66692,2.96932,0,0.544942,4.47552,99.3022,98.274,5.148,0,0,2.02311,1.72071,0,1.71111,3.38688
78.1312,85.139,4.31716,0.15,0.04,2.66771,2.97011,0,0.499781,4.47552,99.3022,98.274,4.51099,0,0,2.02356,1.72116,0,1.56305,3.38688
77.8928,85.139,2.84201,0.15,0.04,2.6685,2.9709,0,0.499929,4.47552,99.3022,98.274,4.22942,0,0,2.02402,1.72162,0,1.5634,3.38688
78.2765,85.139,3.40158,0.16,0.04,2.66928,2.97168,0,0.500076,4.47552,99.3022,98.274,4.52605,0,0,2.02447,1.72207,0,1.56376,3.38688
78.5936,85.139,3.50862,0.16,0.04,2.67007,2.97247,0,0.500224,4.47552,99.3022,98.274,4.50646,0,0,2.02493,1.72253,0,1.56411,3.38688
82.4064,85.139,7.02326,0.2,0.04,2.67007,2.97247,0,0.500371,4.47552,99.3022,98.274,6.25437,0,0,2.02493,1.72253,0,1.56446,3.38688
83.2426,85.139,4.168,0.16,0.06,2.76398,3.06638,0,0.500371,4.47552,99.3022,98.274,3.77995,0,0,2.08109,1.77869,0,1.56446,3.38688
84.1006,85.139,4.15852,0.17,0.06,2.76476,3.06716,0,0.51797,4.47552,99.3022,98.274,6.12712,0,0,2.08154,1.77914,0,1.60785,3.38688
85.139,85.139,6.983,0.18,0.06,2.76554,3.06794,0,0.518116,4.47552,99.3022,98.274,7.23516,0,0,2.08199,1.77959,0,1.6082,3.38688
85.139,85.139,4.95782,0.14,0.06,2.76632,3.06872,0,0.518262,4.47552,99.3022,98.274,6.89107,0,0,2.08244,1.78004,0,1.60854,3.38688
85.139,85.139,4.55491,0.14,0.06,3.06649,3.36889,0,0.518408,4.47552,99.3022,98.274,6.20962,0,0,2.29224,1.98984,0,1.60889,3.38688
85.139,85.139,4.62736,0.14,0.06,3.06734,3.36974,0,0.57466,4.47552,99.3022,98.274,5.14908,0,0,2.29274,1.99034,0,1.77098,3.38688
85.139,85.139,4.70489,0.15,0.06,3.0682,3.3706,0,0.57482,4.47552,99.3022,98.274,4.66646,0,0,2.29325,1.99085,0,1.77137,3.38688
85.139,85.139,4.10355,0.16,0.06,3.06905,3.37145,0,0.57498,4.47552,99.3022,98.274,4.84654,0,0,2.29376,1.99136,0,1.77176,3.38688
85.139,85.139,7.75913,0.17,0.06,2.64245,2.94485,0,0.57514,4.47552,99.3022,98.274,13.7684,0,0,2.01303,1.71063,0,1.77216,3.38688
85.139,85.139,7.06724,0.19,0.06,2.64319,2.94559,0,0.495194,4.47552,99.3022,98.274,13.6506,0,0,2.01346,1.71106,0,1.55527,3.38688
85.139,85.139,7.25446,0.23,0.06,2.64394,2.94634,0,0.495334,4.47552,99.3022,98.274,14.25,0,0,2.0139,1.7115,0,1.5556,3.38688
85.139,85.139,9.69693,0.23,0.06,2.64469,2.94709,0,0.495474,4.47552,99.3022,98.274,15.9876,0,0,2.01433,1.71193,0,1.55594,3.38688
85.139,85.139,7.07041,0.26,0.06,2.64543,2.94783,0,0.495614,4.47552,99.3022,98.274,13.0818,0,0,2.01476,1.71236,0,1.55627,3.38688
85.139,85.139,7.13016,0.29,0.06,2.75392,3.05632,0,0.495754,4.47552,99.3022,98.274,16.2693,0,0,2.08409,1.78169,0,1.55661,3.38688
85.139,85.139,5.56165,0.29,0.06,2.75469,3.05709,0,0.516084,4.47552,99.3022,98.274,11.8895,0,0,2.08454,1.78214,0,1.61016,3.38688
85.139,85.139,5.1109,0.29,0.06,2.75547,3.05787,0,0.516229,4.47552,99.3022,98.274,10.7655,0,0,2.08499,1.78259,0,1.61051,3.38688
85.139,85.139,4.5271,0.28,0.06,2.75624,3.05864,0,0.516375,4.47552,99.3022,98.274,9.21949,0,0,2.08544,1.78304,0,1.61086,3.38688
85.139,85.139,4.00187,0.25,0.06,2.71485,3.01725,0,0.51652,4.47552,99.3022,98.274,5.14214,0,0,2.05911,1.75671,0,1.61121,3.38688
85.139,85.139,3.55092,0.22,0.06,2.71562,3.01802,0,0.508763,4.47552,99.3022,98.274,4.51347,0,0,2.05956,1.75716,0,1.59087,3.38688
85.139,85.139,3.25574,0.2,0.06,2.71638,3.01878,0,0.508906,4.47552,99.3022,98.274,4.16202,0,0,2.06,1.7576,0,1.59121,3.38688
85.111,85.139,3.06581,0.19,0.06,2.71715,3.01955,0,0.50905,4.47552,99.3022,98.274,4.20351,0,0,2.06045,1.75805,0,1.59156,3.38688
85.139,85.139,3.29749,0.26,0.06,2.86119,3.16359,0,0.509193,4.47552,99.3022,98.274,4.84808,0,0,2.15597,1.85357,0,1.5919,3.38688
85.139,85.139,3.18322,0.15,0.06,2.86199,3.16439,0,0.536186,4.47552,99.3022,98.274,4.07377,0,0,2.15643,1.85403,0,1.6657,3.38688
84.8708,85.139,2.90198,0.14,0.06,2.86279,3.16519,0,0.536336,4.47552,99.2884,98.274,3.29361,0,0,2.1569,1.8545,0,1.66606,3.38688
84.2833,85.139,2.55008,0.19,0.06,2.86359,3.16599,0,0.536487,4.47552,99.2482,98.274,3.36148,0,0,2.15737,1.85497,0,1.66642,3.38688
83.4371,85.139,2.22783,0.19,0.06,2.86439,3.16679,0,0.536637,4.47552,99.08,98.274,2.97,0,0,2.15784,1.85544,0,1.66679,3.38688
82.3848,85.139,1.96449,0.18,0.06,2.83682,3.13922,0,0.536787,4.47552,98.727,98.274,2.17122,0,0,2.21063,1.90823,0,1.66715,3.38688
81.2148,85.139,1.83905,0.18,0.06,2.83762,3.14002,0,0.531621,4.47552,98.288,98.274,2.09969,0,0,2.21112,1.90872,0,1.70794,3.38688
79.8911,85.139,1.67633,0.17,0.06,2.83841,3.14081,0,0.53177,4.47552,97.7082,98.274,1.99695,0,0,2.2116,1.9092,0,1.70831,3.38688
78.4419,85.139,1.52226,0.17,0.06,2.83921,3.14161,0,0.531919,4.47552,97.2863,98.274,1.8444,0,0,2.21208,1.90968,0,1.70868,3.38688
77.0903,85.139,1.6549,0.19,0.06,2.91334,3.21574,0,0.532068,4.47552,96.8686,98.274,2.0978,0,0,2.25924,1.95684,0,1.70906,3.38688
75.682,85.139,1.58196,0.18,0.06,2.91416,3.21656,0,0.54596,4.47552,96.3958,98.274,2.11898,0,0,2.25974,1.95734,0,1.74549,3.38688
74.0943,85.139,1.38761,0.18,0.06,2.91497,3.21737,0,0.546113,4.47552,95.8402,98.274,1.95346,0,0,2.26023,1.95783,0,1.74587,3.38688
72.4223,85.139,1.28187,0.17,0.06,2.91579,3.21819,0,0.546266,4.47552,95.2169,98.274,1.88915,0,0,2.26073,1.95833,0,1.74626,3.38688
70.3753,85.139,1.05488,0.21,0.06,3.13158,3.43398,0,0.546418,4.47552,94.485,98.274,1.78073,0,0,2.42987,2.12747,0,1.74664,3.38688
68.2299,85.139,0.936463,0.2,0.06,3.13245,3.43485,0,0.586859,4.47552,93.6885,98.274,1.60118,0,0,2.43041,2.12801,0,1.87732,3.38688
66.1213,85.139,0.948289,0.2,0.06,3.13332,3.43572,0,0.587021,4.47552,93.0727,98.274,1.54722,0,0,2.43095,2.12855,0,1.87774,3.38688
64.4574,85.139,1.39842,0.22,0.06,3.13419,3.43659,0,0.587184,4.47552,92.4645,98.274,1.83554,0,0,2.43149,2.12909,0,1.87815,3.38688
63.2388,85.139,1.89002,0.22,0.06,3.13506,3.43746,0,0.587347,4.47552,91.9234,98.274,1.90342,0,0,2.43203,2.12963,0,1.87857,3.38688
62.0674,85.139,1.84062,0.21,0.06,3.03102,3.33342,0,0.58751,4.47552,91.5567,98.274,1.97508,0,0,2.33007,2.02767,0,1.87898,3.38688
61.2638,85.139,2.2066,0.24,0.06,3.03186,3.33426,0,0.568014,4.47552,91.2486,98.274,2.28924,0,0,2.33059,2.02819,0,1.80021,3.38688
60.4072,85.139,2.15597,0.24,0.06,3.03271,3.33511,0,0.568171,4.47552,90.7666,98.274,2.00042,0,0,2.3311,2.0287,0,1.80061,3.38688
59.2554,85.139,1.89465,0.24,0.06,3.03355,3.33595,0,0.56833,4.47552,90.0267,98.274,1.98519,0,0,2.33161,2.02921,0,1.80101,3.38688
58.0586,85.139,1.75573,0.25,0.06,2.9482,3.2506,0,0.568488,4.47552,89.0927,98.274,1.43768,0,0,2.23874,1.93634,0,1.8014,3.38688
56.5664,85.139,1.40731,0.25,0.06,2.94902,3.25142,0,0.552492,4.47552,88.694,98.274,1.152,0,0,2.23923,1.93683,0,1.72965,3.38688
56.2655,85.139,2.63671,0.28,0.06,2.94984,3.25224,0,0.552646,4.47552,88.5657,98.274,3.23993,0,0,2.23972,1.93732,0,1.73003,3.38688
58.0658,85.139,4.85,0.3,0.06,2.95066,3.25306,0,0.5528,4.47552,89.0552,98.274,3.9765,0,0,2.24021,1.93781,0,1.73041,3.38688
58.094,85.139,2.85658,0.28,0.06,2.70643,3.00883,0,0.552954,4.47552,89.3241,98.274,3.33785,0,0,2.046,1.7436,0,1.73078,3.38688
60.4885,85.139,5.41596,0.3,0.06,2.70719,3.00959,0,0.507185,4.47552,90.5807,98.274,5.78301,0,0,2.04644,1.74404,0,1.58074,3.38688
63.0073,85.139,5.45507,0.31,0.06,2.70795,3.01035,0,0.507328,4.47552,91.6694,98.274,5.96945,0,0,2.04688,1.74448,0,1.58108,3.38688
63.8105,85.139,3.82691,0.3,0.06,2.70871,3.01111,0,0.50747,4.47552,91.6337,98.274,3.2626,0,0,2.04732,1.74492,0,1.58142,3.38688
66.6456,85.139,6.0777,0.3,0.06,2.70947,3.01187,0,0.507613,4.47552,92.4013,98.274,4.55955,0,0,2.04776,1.74536,0,1.58176,3.38688
72.477,85.139,9.25847,0.32,0.06,2.80459,3.10699,0,0.507755,4.47552,96.8412,98.274,11.8379,0,0,2.10464,1.80224,0,1.5821,3.38688
76.8339,85.139,7.71453,0.29,0.06,2.80534,3.10774,0,0.525581,4.47552,99.3022,98.274,9.54483,0,0,2.10508,1.80268,0,1.62605,3.38688
79.8698,85.139,6.34515,0.24,0.06,2.80609,3.10849,0,0.525721,4.47552,99.3022,98.274,7.47806,0,0,2.10551,1.80311,0,1.62638,3.38688
84.5321,85.139,8.14885,0.2,0.06,2.80685,3.10925,0,0.525862,4.47552,99.3022,98.274,8.27694,0,0,2.10595,1.80355,0,1.62672,3.38688
85.139,85.139,9.54684,0.21,0.06,3.11094,3.41334,0,0.526003,4.47552,99.3022,98.274,10.3332,0,0,2.3185,2.0161,0,1.62706,3.38688
85.139,85.139,7.42541,0.16,0.06,3.11177,3.41417,0,0.58299,4.47552,99.3022,98.274,10.0712,0,0,2.31898,2.01658,0,1.79127,3.38688
85.139,85.139,5.75862,0.16,0.06,3.11259,3.41499,0,0.583145,4.47552,99.3022,98.274,6.06834,0,0,2.31947,2.01707,0,1.79165,3.38688
85.139,85.139,4.81896,0.18,0.06,3.11342,3.41582,0,0.5833,4.47552,99.3022,98.274,5.18142,0,0,2.31996,2.01756,0,1.79202,3.38688
85.139,85.139,8.03866,0.19,0.06,2.68116,2.98356,0,0.583454,4.47552,99.3022,98.274,9.47372,0,0,2.03552,1.73312,0,1.7924,3.38688
85.139,85.139,7.69594,0.22,0.06,2.68188,2.98428,0,0.50245,4.47552,99.3022,98.274,7.84392,0,0,2.03594,1.73354,0,1.57264,3.38688
85.139,85.139,5.27247,0.24,0.06,2.6826,2.985,0,0.502585,4.47552,99.3022,98.274,6.07896,0,0,2.03635,1.73395,0,1.57296,3.38688
85.139,85.139,7.0458,0.26,0.06,2.68332,2.98572,0,0.50272,4.47552,99.3022,98.274,7.10002,0,0,2.03677,1.73437,0,1.57329,3.38688
85.139,85.139,7.02087,0.28,0.06,2.68405,2.98645,0,0.502855,4.47552,99.3022,98.274,7.46804,0,0,2.03719,1.73479,0,1.57361,3.38688
85.139,85.139,9.72229,0.28,0.06,2.79391,3.09631,0,0.50299,4.47552,99.3022,98.274,9.36628,0,0,2.1074,1.805,0,1.57393,3.38688
85.139,85.139,6.85424,0.3,0.06,2.79466,3.09706,0,0.523579,4.47552,99.3022,98.274,6.26972,0,0,2.10784,1.80544,0,1.62818,3.38688
85.139,85.139,5.99971,0.29,0.06,2.79541,3.09781,0,0.523719,4.47552,99.3022,98.274,6.00933,0,0,2.10827,1.80587,0,1.62851,3.38688
85.139,85.139,5.98173,0.29,0.06,2.79616,3.09856,0,0.523859,4.47552,99.3022,98.274,6.69992,0,0,2.10871,1.80631,0,1.62885,3.38688
85.139,85.139,5.78742,0.29,0.06,2.75419,3.05659,0,0.524,4.47552,99.3022,98.274,6.95398,0,0,2.08201,1.77961,0,1.62919,3.38688
85.139,85.139,4.8199,0.26,0.06,2.75493,3.05733,0,0.516135,4.47552,99.3022,98.274,6.03252,0,0,2.08244,1.78004,0,1.60856,3.38688
85.139,85.139,4.2678,0.21,0.06,2.75566,3.05806,0,0.516273,4.47552,99.3022,98.274,5.34439,0,0,2.08287,1.78047,0,1.6089,3.38688
85.139,85.139,3.86091,0.21,0.06,2.7564,3.0588,0,0.516412,4.47552,99.3022,98.274,4.83581,0,0,2.0833,1.7809,0,1.60923,3.38688
85.139,85.139,3.81611,0.2,0.06,2.90228,3.20468,0,0.51655,4.47552,99.3022,98.274,4.66779,0,0,2.18004,1.87764,0,1.60956,3.38688
85.139,85.139,3.81772,0.16,0.06,2.90305,3.20545,0,0.543887,4.47552,99.3022,98.274,4.66864,0,0,2.18049,1.87809,0,1.6843,3.38688
85.139,85.139,3.64743,0.16,0.06,2.90382,3.20622,0,0.544032,4.47552,99.3022,98.274,4.82176,0,0,2.18095,1.87855,0,1.68465,3.38688
85.139,85.139,3.37498,0.15,0.06,2.9046,3.207,0,0.544177,4.47552,99.3022,98.274,4.57182,0,0,2.1814,1.879,0,1.685,3.38688
85.139,85.139,3.84649,0.15,0.06,2.90537,3.20777,0,0.544322,4.47552,99.3022,98.274,5.42396,0,0,2.18185,1.87945,0,1.68535,3.38688
85.139,85.139,5.04102,0.14,0.06,2.87741,3.17981,0,0.544467,4.47552,99.3022,98.274,7.35671,0,0,2.2353,1.9329,0,1.6857,3.38688
85.139,85.139,4.57422,0.15,0.06,2.87818,3.18058,0,0.539227,4.47552,99.3022,98.274,6.95833,0,0,2.23577,1.93337,0,1.727,3.38688
85.139,85.139,4.16102,0.14,0.06,2.87894,3.18134,0,0.53937,4.47552,99.3022,98.274,6.57063,0,0,2.23624,1.93384,0,1.72736,3.38688
85.139,85.139,3.86582,0.14,0.06,2.87971,3.18211,0,0.539514,4.47552,99.3022,98.274,6.18274,0,0,2.2367,1.9343,0,1.72772,3.38688
85.139,85.139,4.32595,0.15,0.06,2.95476,3.25716,0,0.539658,4.47552,99.3022,98.274,5.69406,0,0,2.28445,1.98205,0,1.72808,3.38688
85.139,85.139,3.9133,0.15,0.06,2.95555,3.25795,0,0.553722,4.47552,99.3022,98.274,5.24301,0,0,2.28493,1.98253,0,1.76496,3.38688
85.139,85.139,3.61296,0.15,0.06,2.95633,3.25873,0,0.55387,4.47552,99.3022,98.274,5.07766,0,0,2.2854,1.983,0,1.76533,3.38688
85.011,85.139,2.971,0.15,0.06,2.95712,3.25952,0,0.554017,4.47552,99.3022,98.274,5.05169,0,0,2.28588,1.98348,0,1.7657,3.38688
84.65,85.139,2.91902,0.17,0.06,3.17565,3.47805,0,0.554164,4.47552,99.3022,98.274,4.78522,0,0,2.45717,2.15477,0,1.76607,3.38688
84.8699,85.139,3.50766,0.17,0.06,3.17649,3.47889,0,0.595116,4.47552,99.3022,98.274,5.42219,0,0,2.45769,2.15529,0,1.89841,3.38688
84.422,85.139,2.86667,0.17,0.06,3.17732,3.47972,0,0.595273,4.47552,99.3022,98.274,4.33214,0,0,2.45821,2.15581,0,1.89881,3.38688
84.4743,85.139,3.34138,0.17,0.06,3.17816,3.48056,0,0.595431,4.47552,99.3022,98.274,6.49458,0,0,2.45873,2.15633,0,1.89921,3.38688
84.4486,85.139,3.28952,0.17,0.06,3.179,3.4814,0,0.595588,4.47552,99.3022,98.274,7.07074,0,0,2.45925,2.15685,0,1.89961,3.38688
85.139,85.139,5.02362,0.17,0.06,3.07359,3.37599,0,0.595745,4.47552,99.3022,98.274,14.7275,0,0,2.35597,2.05357,0,1.90002,3.38688
85.139,85.139,4.31302,0.14,0.06,3.07441,3.37681,0,0.575992,4.47552,99.3022,98.274,12.7122,0,0,2.35646,2.05406,0,1.82022,3.38688
85.139,85.139,5.87202,0.14,0.06,3.07522,3.37762,0,0.576144,4.47552,99.3022,98.274,16.9179,0,0,2.35696,2.05456,0,1.8206,3.38688
85.139,85.139,8.71231,0.17,0.06,3.07604,3.37844,0,0.576296,4.47552,99.3022,98.274,19.9042,0,0,2.35745,2.05505,0,1.82099,3.38688
85.139,85.139,8.004,0.19,0.06,2.98956,3.29196,0,0.576449,4.47552,99.3022,98.274,15.9128,0,0,2.26337,1.96097,0,1.82137,3.38688
85.139,85.139,5.19761,0.23,0.06,2.99035,3.29275,0,0.560243,4.47552,99.3022,98.274,10.2166,0,0,2.26385,1.96145,0,1.74868,3.38688
85.139,85.139,6.03224,0.29,0.06,2.99114,3.29354,0,0.560391,4.47552,99.3022,98.274,13.4761,0,0,2.26432,1.96192,0,1.74905,3.38688
85.139,85.139,5.45873,0.3,0.06,2.99193,3.29433,0,0.56054,4.47552,99.3022,98.274,11.4487,0,0,2.26479,1.96239,0,1.74941,3.38688
85.139,85.139,3.86188,0.32,0.06,2.74457,3.04697,0,0.560689,4.47552,99.3022,98.274,7.46795,0,0,2.0681,1.7657,0,1.74978,3.38688
85.139,85.139,3.78529,0.32,0.06,2.7453,3.0477,0,0.514332,4.47552,99.3022,98.274,7.51117,0,0,2.06853,1.76613,0,1.59781,3.38688
85.139,85.139,3.90593,0.33,0.06,2.74604,3.04844,0,0.514469,4.47552,99.3022,98.274,10.3992,0,0,2.06895,1.76655,0,1.59814,3.38688
85.139,85.139,4.03747,0.33,0.06,2.74677,3.04917,0,0.514607,4.47552,99.3022,98.274,10.2911,0,0,2.06938,1.76698,0,1.59847,3.38688
85.139,85.139,9.29373,0.33,0.06,2.7475,3.0499,0,0.514745,4.47552,99.3022,98.274,17.8007,0,0,2.0698,1.7674,0,1.5988,3.38688
85.139,85.139,11.4852,0.34,0.1,2.84379,3.14619,0,0.514882,4.47552,99.3022,98.274,21.0317,0,0,2.12738,1.82498,0,1.59913,3.38688
85.139,85.139,9.73487,0.34,0.1,2.84451,3.14691,0,0.532925,4.47552,99.3022,98.274,18.0623,0,0,2.1278,1.8254,0,1.64361,3.38688
85.139,85.139,7.02848,0.34,0.1,2.84523,3.14763,0,0.533061,4.47552,99.3022,98.274,13.3931,0,0,2.12822,1.82582,0,1.64394,3.38688
85.139,85.139,8.10792,0.34,0.1,2.84596,3.14836,0,0.533197,4.47552,99.3022,98.274,16.3193,0,0,2.12864,1.82624,0,1.64426,3.38688
85.139,85.139,7.09459,0.35,0.1,3.15384,3.45624,0,0.533332,4.47552,99.3022,98.274,13.5429,0,0,2.34383,2.04143,0,1.64458,3.38688
85.139,85.139,6.31522,0.35,0.1,3.15463,3.45703,0,0.591029,4.47552,99.3022,98.274,19.0692,0,0,2.3443,2.0419,0,1.81085,3.38688
85.139,85.139,4.05699,0.35,0.1,3.15543,3.45783,0,0.591178,4.47552,99.3022,98.274,10.6328,0,0,2.34477,2.04237,0,1.81121,3.38688
84.9744,85.139,3.34877,0.34,0.1,3.15622,3.45862,0,0.591327,4.47552,99.3022,98.274,9.38936,0,0,2.34524,2.04284,0,1.81157,3.38688
85.139,85.139,4.12032,0.41,0.1,2.71851,3.02091,0,0.591476,4.47552,99.3022,98.274,9.36326,0,0,2.05721,1.75481,0,1.81193,3.38688
85.139,85.139,4.40443,0.3,0.1,2.71921,3.02161,0,0.509449,4.47552,99.3022,98.274,8.21202,0,0,2.05762,1.75522,0,1.5894,3.38688
85.139,85.139,7.07296,0.32,0.1,2.7199,3.0223,0,0.509579,4.47552,99.3022,98.274,12.5636,0,0,2.05802,1.75562,0,1.58972,3.38688
85.139,85.139,6.55006,0.35,0.1,2.7206,3.023,0,0.50971,4.47552,99.3022,98.274,17.5945,0,0,2.05842,1.75602,0,1.59003,3.38688
85.139,85.139,7.59983,0.35,0.1,2.72129,3.02369,0,0.50984,4.47552,99.3022,98.274,14.8731,0,0,2.05883,1.75643,0,1.59034,3.38688
85.139,85.139,6.46789,0.35,0.1,2.83249,3.13489,0,0.50997,4.47552,99.3022,98.274,11.9023,0,0,2.12989,1.82749,0,1.59065,3.38688
85.139,85.139,5.44856,0.35,0.1,2.83321,3.13561,0,0.530809,4.47552,99.3022,98.274,10.9851,0,0,2.13031,1.82791,0,1.64555,3.38688
85.139,85.139,4.9103,0.33,0.1,2.83393,3.13633,0,0.530944,4.47552,99.3022,98.274,10.1401,0,0,2.13073,1.82833,0,1.64588,3.38688
85.139,85.139,5.7862,0.32,0.1,2.83465,3.13705,0,0.531079,4.47552,99.3022,98.274,10.5711,0,0,2.13115,1.82875,0,1.6462,3.38688
85.139,85.139,5.25743,0.31,0.1,2.79213,3.09453,0,0.531214,4.47552,99.3022,98.274,9.31366,0,0,2.1041,1.8017,0,1.64653,3.38688
85.139,85.139,4.65731,0.3,0.1,2.79284,3.09524,0,0.523245,4.47552,99.3022,98.274,8.51752,0,0,2.10452,1.80212,0,1.62563,3.38688
85.139,85.139,4.14545,0.26,0.1,2.79355,3.09595,0,0.523378,4.47552,99.3022,98.274,7.48268,0,0,2.10493,1.80253,0,1.62595,3.38688
85.139,85.139,3.82244,0.22,0.1,2.79426,3.09666,0,0.523511,4.47552,99.3022,98.274,6.92334,0,0,2.10534,1.80294,0,1.62627,3.38688
85.139,85.139,3.48621,0.22,0.1,2.9419,3.2443,0,0.523644,4.47552,99.3022,98.274,6.31713,0,0,2.20326,1.90086,0,1.62659,3.38688
85.139,85.139,3.45489,0.21,0.1,2.94265,3.24505,0,0.551312,4.47552,99.3022,98.274,5.71577,0,0,2.20369,1.90129,0,1.70224,3.38688
85.0695,85.139,3.03711,0.18,0.1,2.94339,3.24579,0,0.551452,4.47552,99.3022,98.274,5.30457,0,0,2.20413,1.90173,0,1.70257,3.38688
84.9146,85.139,2.94562,0.24,0.1,2.94414,3.24654,0,0.551592,4.47552,99.3022,98.274,5.43618,0,0,2.20457,1.90217,0,1.70291,3.38688
84.5692,85.139,2.75029,0.22,0.1,2.94488,3.24728,0,0.551731,4.47552,99.3022,98.274,4.97986,0,0,2.205,1.9026,0,1.70325,3.38688
83.8192,85.139,2.33393,0.23,0.1,2.91654,3.21894,0,0.551871,4.47552,99.3022,98.274,3.61474,0,0,2.25909,1.95669,0,1.70359,3.38688
82.8669,85.139,2.12529,0.2,0.1,2.91728,3.21968,0,0.546559,4.47552,99.3022,98.274,3.43916,0,0,2.25954,1.95714,0,1.74537,3.38688
81.7471,85.139,1.93082,0.19,0.1,2.91801,3.22041,0,0.546697,4.47552,99.3022,98.274,3.18715,0,0,2.25999,1.95759,0,1.74572,3.38688
80.5702,85.139,1.82719,0.19,0.1,2.91875,3.22115,0,0.546836,4.47552,99.3022,98.274,3.12023,0,0,2.26044,1.95804,0,1.74607,3.38688
79.0402,85.139,1.51927,0.18,0.1,2.99469,3.29709,0,0.546974,4.47552,99.2076,98.274,2.5855,0,0,2.30874,2.00634,0,1.74641,3.38688
77.6804,85.139,1.70131,0.22,0.1,2.99544,3.29784,0,0.561204,4.47552,99.3022,98.274,3.01205,0,0,2.3092,2.0068,0,1.78373,3.38688
76.1871,85.139,1.53631,0.21,0.1,2.9962,3.2986,0,0.561346,4.47552,99.2288,98.274,2.83185,0,0,2.30966,2.00726,0,1.78409,3.38688
74.5732,85.139,1.39941,0.21,0.1,2.99696,3.29936,0,0.561488,4.47552,99.0931,98.274,2.48306,0,0,2.31012,2.00772,0,1.78445,3.38688
72.8134,85.139,1.42401,0.2,0.1,3.21811,3.52051,0,0.56163,4.47552,98.6835,98.274,2.73132,0,0,2.48348,2.18108,0,1.7848,3.38688
70.8215,85.139,1.17745,0.22,0.1,3.21892,3.52132,0,0.603074,4.47552,98.1959,98.274,1.7217,0,0,2.48398,2.18158,0,1.91874,3.38688
68.9199,85.139,1.26459,0.22,0.1,3.21973,3.52213,0,0.603226,4.47552,97.4719,98.274,2.09716,0,0,2.48448,2.18208,0,1.91912,3.38688
66.8231,85.139,1.04657,0.22,0.1,3.22054,3.52294,0,0.603377,4.47552,96.9924,98.274,1.49556,0,0,2.48498,2.18258,0,1.91951,3.38688
64.9893,85.139,1.28775,0.23,0.1,3.22134,3.52374,0,0.603529,4.47552,96.7265,98.274,2.75322,0,0,2.48548,2.18308,0,1.9199,3.38688
63.4634,85.139,1.57095,0.24,0.1,3.11461,3.41701,0,0.60368,4.47552,96.8022,98.274,2.3734,0,0,2.38092,2.07852,0,1.92028,3.38688
62.2234,85.139,1.86001,0.24,0.1,3.1154,3.4178,0,0.583679,4.47552,97.5762,98.274,3.76692,0,0,2.3814,2.079,0,1.8395,3.38688
60.9495,85.139,1.80977,0.27,0.1,3.11618,3.41858,0,0.583826,4.47552,98.1071,98.274,3.36622,0,0,2.38187,2.07947,0,1.83987,3.38688
59.6699,85.139,1.78698,0.27,0.1,3.11697,3.41937,0,0.583972,4.47552,98.9882,98.274,4.21903,0,0,2.38235,2.07995,0,1.84024,3.38688
58.7461,85.139,2.13746,0.27,0.1,3.0294,3.3318,0,0.584119,4.47552,98.8708,98.274,3.48644,0,0,2.28711,1.98471,0,1.8406,3.38688
57.0269,85.139,1.2642,0.27,0.1,3.03016,3.33256,0,0.567709,4.47552,98.5683,98.274,1.69376,0,0,2.28756,1.98516,0,1.76702,3.38688
55.7133,85.139,1.66899,0.28,0.1,3.03093,3.33333,0,0.567852,4.47552,98.9519,98.274,3.92251,0,0,2.28802,1.98562,0,1.76737,3.38688
57.1157,85.139,4.54113,0.31,0.1,3.03169,3.33409,0,0.567996,4.47552,99.3022,98.274,7.72271,0,0,2.28847,1.98607,0,1.76772,3.38688
57.2933,85.139,3.06387,0.3,0.1,2.7813,3.0837,0,0.568139,4.47552,99.3022,98.274,3.28505,0,0,2.08939,1.78699,0,1.76807,3.38688
57.8988,85.139,3.49428,0.31,0.1,2.78201,3.08441,0,0.521216,4.47552,99.3022,98.274,3.28274,0,0,2.0898,1.7874,0,1.61426,3.38688
58.3034,85.139,3.34643,0.32,0.1,2.78271,3.08511,0,0.521348,4.47552,99.3022,98.274,4.17685,0,0,2.09021,1.78781,0,1.61458,3.38688
59.4556,85.139,4.04915,0.33,0.1,2.78342,3.08582,0,0.521481,4.47552,99.3022,98.274,4.44615,0,0,2.09062,1.78822,0,1.61489,3.38688
60.5318,85.139,4.12907,0.38,0.1,2.78413,3.08653,0,0.521613,4.47552,99.3022,98.274,4.43444,0,0,2.09103,1.78863,0,1.61521,3.38688
63.3521,85.139,5.9439,0.39,0.1,2.88153,3.18393,0,0.521746,4.47552,99.3022,98.274,7.7067,0,0,2.14927,1.84687,0,1.61553,3.38688
66.005,85.139,5.91399,0.37,0.1,2.88222,3.18462,0,0.539999,4.47552,99.3022,98.274,7.99985,0,0,2.14967,1.84727,0,1.66053,3.38688
67.2252,85.139,4.42611,0.39,0.1,2.88292,3.18532,0,0.540129,4.47552,99.3022,98.274,6.13642,0,0,2.15008,1.84768,0,1.66084,3.38688
67.3306,85.139,3.32794,0.41,0.1,2.88361,3.18601,0,0.540259,4.47552,99.3022,98.274,6.12359,0,0,2.15048,1.84808,0,1.66115,3.38688
67.9829,85.139,4.33901,0.45,0.1,3.19513,3.49753,0,0.540389,4.47552,99.3022,98.274,5.72247,0,0,2.36823,2.06583,0,1.66146,3.38688
68.0329,85.139,3.57896,0.44,0.1,3.1959,3.4983,0,0.598768,4.47552,99.3022,98.274,4.75518,0,0,2.36868,2.06628,0,1.82969,3.38688
68.1072,85.139,3.57975,0.45,0.1,3.19666,3.49906,0,0.598911,4.47552,99.3022,98.274,5.15061,0,0,2.36913,2.06673,0,1.83004,3.38688
68.4573,85.139,3.84884,0.46,0.1,3.19742,3.49982,0,0.599054,4.47552,99.3022,98.274,5.48637,0,0,2.36958,2.06718,0,1.83039,3.38688
69.5338,85.139,4.22718,0.4,0.1,2.75446,3.05686,0,0.599197,4.47552,99.3022,98.274,6.43635,0,0,2.0781,1.7757,0,1.83074,3.38688
71.6306,85.139,5.25376,0.45,0.1,2.75513,3.05753,0,0.516187,4.47552,99.3022,98.274,6.41642,0,0,2.07849,1.77609,0,1.60554,3.38688
73.4542,85.139,4.98317,0.5,0.1,2.7558,3.0582,0,0.516312,4.47552,99.3022,98.274,6.83553,0,0,2.07887,1.77647,0,1.60584,3.38688
75.7056,85.139,5.45922,0.52,0.1,2.75647,3.05887,0,0.516437,4.47552,99.3022,98.274,5.8022,0,0,2.07926,1.77686,0,1.60614,3.38688
77.3454,85.139,4.82591,0.51,0.1,2.75713,3.05953,0,0.516562,4.47552,99.3022,98.274,5.36567,0,0,2.07965,1.77725,0,1.60644,3.38688
78.2623,85.139,4.20453,0.55,0.1,2.86961,3.17201,0,0.516687,4.47552,99.3022,98.274,4.11211,0,0,2.15153,1.84913,0,1.60674,3.38688
79.1726,85.139,4.22966,0.57,0.1,2.8703,3.1727,0,0.537765,4.47552,99.3022,98.274,4.74306,0,0,2.15193,1.84953,0,1.66227,3.38688
79.6662,85.139,3.75265,0.59,0.1,2.871,3.1734,0,0.537895,4.47552,99.3022,98.274,3.07192,0,0,2.15234,1.84994,0,1.66258,3.38688
79.6206,85.139,3.13112,0.45,0.1,2.87169,3.17409,0,0.538025,4.47552,99.3022,98.274,3.19446,0,0,2.15274,1.85034,0,1.6629,3.38688
79.8537,85.139,3.39202,0.44,0.1,2.82862,3.13102,0,0.538154,4.47552,99.3022,98.274,3.56262,0,0,2.12535,1.82295,0,1.66321,3.38688
79.814,85.139,3.12226,0.43,0.1,2.82931,3.13171,0,0.530084,4.47552,99.3022,98.274,3.4905,0,0,2.12575,1.82335,0,1.64205,3.38688
79.4369,85.139,2.77409,0.43,0.1,2.82999,3.13239,0,0.530212,4.47552,99.3022,98.274,2.95679,0,0,2.12615,1.82375,0,1.64235,3.38688
79.5265,85.139,3.26206,0.58,0.1,2.83067,3.13307,0,0.53034,4.47552,99.3022,98.274,3.22535,0,0,2.12654,1.82414,0,1.64266,3.38688
78.9685,85.139,2.6231,0.37,0.1,2.98001,3.28241,0,0.530468,4.47552,99.3022,98.274,2.92062,0,0,2.22558,1.92318,0,1.64297,3.38688
78.0845,85.139,2.26969,0.47,0.1,2.98072,3.28312,0,0.558454,4.47552,99.3022,98.274,2.71286,0,0,2.226,1.9236,0,1.71949,3.38688
77.1805,85.139,2.23993,0.46,0.1,2.98144,3.28384,0,0.558588,4.47552,99.3022,98.274,2.78117,0,0,2.22642,1.92402,0,1.71981,3.38688
76.1494,85.139,2.09815,0.39,0.1,2.98216,3.28456,0,0.558722,4.47552,99.3022,98.274,2.63709,0,0,2.22684,1.92444,0,1.72013,3.38688
75.0217,85.139,1.9678,0.34,0.1,2.98287,3.28527,0,0.558856,4.47552,99.2505,98.274,2.49788,0,0,2.22726,1.92486,0,1.72046,3.38688
73.5824,85.139,1.61353,0.31,0.1,2.95416,3.25656,0,0.55899,4.47552,99.0723,98.274,3.02138,0,0,2.28196,1.97956,0,1.72078,3.38688
72.0187,85.139,1.47595,0.37,0.1,2.95487,3.25727,0,0.553609,4.47552,98.8769,98.274,2.96315,0,0,2.28239,1.97999,0,1.76304,3.38688
70.3418,85.139,1.33768,0.31,0.1,2.95557,3.25797,0,0.553742,4.47552,98.6393,98.274,2.69244,0,0,2.28282,1.98042,0,1.76337,3.38688
68.6452,85.139,1.26396,0.29,0.1,2.95628,3.25868,0,0.553875,4.47552,98.2856,98.274,2.64123,0,0,2.28325,1.98085,0,1.76371,3.38688
66.7628,85.139,1.11557,0.27,0.1,3.03306,3.33546,0,0.554008,4.47552,97.8653,98.274,2.38258,0,0,2.3321,2.0297,0,1.76404,3.38688
65.0368,85.139,1.28047,0.29,0.1,3.03379,3.33619,0,0.568396,4.47552,97.5917,98.274,2.80539,0,0,2.33254,2.03014,0,1.80178,3.38688
63.2221,85.139,1.15393,0.27,0.1,3.03451,3.33691,0,0.568532,4.47552,97.1978,98.274,2.6976,0,0,2.33298,2.03058,0,1.80212,3.38688
61.3292,85.139,1.05152,0.26,0.1,3.03524,3.33764,0,0.568668,4.47552,96.7655,98.274,2.34216,0,0,2.33342,2.03102,0,1.80246,3.38688
59.4046,85.139,1.16853,0.27,0.1,3.25892,3.56132,0,0.568804,4.47552,96.4201,98.274,2.9646,0,0,2.50876,2.20636,0,1.8028,3.38688
57.6029,85.139,1.27764,0.28,0.1,3.2597,3.5621,0,0.610722,4.47552,96.0161,98.274,2.81039,0,0,2.50924,2.20684,0,1.93827,3.38688
55.9009,85.139,1.38006,0.28,0.1,3.26047,3.56287,0,0.610867,4.47552,95.746,98.274,3.41456,0,0,2.50972,2.20732,0,1.93864,3.38688
53.9982,85.139,1.14657,0.31,0.1,3.26125,3.56365,0,0.611013,4.47552,95.2831,98.274,2.42829,0,0,2.5102,2.2078,0,1.93901,3.38688
52.3779,85.139,1.39903,0.31,0.1,3.26202,3.56442,0,0.611158,4.47552,95.2005,98.274,4.51454,0,0,2.51068,2.20828,0,1.93938,3.38688
50.2678,85.139,0.762555,0.3,0.1,3.15402,3.45642,0,0.611303,4.47552,94.6655,98.274,2.33621,0,0,2.40489,2.10249,0,1.93976,3.38688
48.1226,85.139,0.711516,0.33,0.1,3.15477,3.45717,0,0.591064,4.47552,94.0921,98.274,1.93698,0,0,2.40535,2.10295,0,1.85802,3.38688
46.3328,85.139,1.05347,0.34,0.1,3.15553,3.45793,0,0.591205,4.47552,93.5938,98.274,2.32564,0,0,2.40581,2.10341,0,1.85837,3.38688
44.897,85.139,1.46044,0.33,0.1,3.15628,3.45868,0,0.591345,4.47552,93.381,98.274,3.76274,0,0,2.40626,2.10386,0,1.85873,3.38688
43.4412,85.139,1.37471,0.41,0.1,3.06766,3.37006,0,0.591486,4.47552,93.0466,98.274,2.89873,0,0,2.3099,2.0075,0,1.85908,3.38688
42.6276,85.139,2.06332,0.41,0.1,3.0684,3.3708,0,0.57488,4.47552,92.975,98.274,3.15624,0,0,2.31034,2.00794,0,1.78463,3.38688
41.6662,85.139,1.89091,0.42,0.1,3.06913,3.37153,0,0.575018,4.47552,93.1194,98.274,4.16906,0,0,2.31078,2.00838,0,1.78497,3.38688
40.7711,85.139,2.03849,0.45,0.1,3.06986,3.37226,0,0.575155,4.47552,93.5649,98.274,4.41285,0,0,2.31121,2.00881,0,1.78531,3.38688
41.5536,85.139,3.51602,0.47,0.1,2.81657,3.11897,0,0.575292,4.47552,93.7313,98.274,4.92236,0,0,2.10983,1.80743,0,1.78564,3.38688
40.5095,85.139,1.58987,0.48,0.1,2.81725,3.11965,0,0.527826,4.47552,93.9692,98.274,3.83741,0,0,2.11022,1.80782,0,1.63005,3.38688
40.4656,85.139,2.67025,0.52,0.1,2.81793,3.12033,0,0.527953,4.47552,94.2575,98.274,4.47958,0,0,2.11061,1.80821,0,1.63036,3.38688
40.76,85.139,3.07272,0.53,0.1,2.81861,3.12101,0,0.52808,4.47552,94.655,98.274,4.77095,0,0,2.11101,1.80861,0,1.63066,3.38688
41.0163,85.139,3.08914,0.56,0.1,2.81929,3.12169,0,0.528207,4.47552,95.1223,98.274,4.36625,0,0,2.1114,1.809,0,1.63096,3.38688
43.1077,85.139,5.26407,0.6,1,2.91776,3.22016,0,0.528334,4.47552,96.367,98.274,7.1483,0,0,2.17028,1.86788,0,1.63127,3.38688
46.1635,85.139,6.31289,0.62,1,2.91842,3.22082,0,0.546788,4.47552,97.6103,98.274,7.97484,0,0,2.17067,1.86827,0,1.67676,3.38688
54.111,85.139,11.4957,0.58,1,2.91909,3.22149,0,0.546912,4.47552,99.3022,98.274,12.7187,0,0,2.17106,1.86866,0,1.67706,3.38688
57.4857,85.139,7.46869,0.55,1,2.91975,3.22215,0,0.547037,4.47552,99.3022,98.274,11.6928,0,0,2.17144,1.86904,0,1.67736,3.38688
59.2608,85.139,5.58794,0.51,1,3.23476,3.53716,0,0.547162,4.47552,99.3022,98.274,8.72208,0,0,2.39163,2.08923,0,1.67766,3.38688
60.9608,85.139,5.29227,0.51,1,3.23549,3.53789,0,0.606195,4.47552,99.3022,98.274,7.54003,0,0,2.39206,2.08966,0,1.84778,3.38688
63.1186,85.139,5.7721,0.53,1,3.23622,3.53862,0,0.606331,4.47552,99.3022,98.274,7.55505,0,0,2.3925,2.0901,0,1.84811,3.38688
66.2844,85.139,6.81111,0.47,1,3.23695,3.53935,0,0.606468,4.47552,99.3022,98.274,7.79513,0,0,2.39293,2.09053,0,1.84844,3.38688
68.4763,85.139,5.56699,0.5,1,2.78896,3.09136,0,0.606605,4.47552,99.3022,98.274,5.60379,0,0,2.09813,1.79573,0,1.84878,3.38688
70.5943,85.139,5.54352,0.46,1,2.78959,3.09199,0,0.52265,4.47552,99.3022,98.274,5.09463,0,0,2.0985,1.7961,0,1.62102,3.38688
72.1946,85.139,5.25961,0.5,1,2.79023,3.09263,0,0.52277,4.47552,99.3022,98.274,6.45805,0,0,2.09887,1.79647,0,1.6213,3.38688
74.2772,85.139,5.58284,0.54,1,2.79087,3.09327,0,0.522889,4.47552,99.3022,98.274,6.49599,0,0,2.09925,1.79685,0,1.62159,3.38688
80.5088,85.139,9.80272,0.52,1,2.79151,3.09391,0,0.523009,4.47552,99.3022,98.274,10.3278,0,0,2.09962,1.79722,0,1.62188,3.38688
81.5286,85.139,4.54656,0.45,1,2.90521,3.20761,0,0.523129,4.47552,99.3022,98.274,5.68858,0,0,2.17228,1.86988,0,1.62216,3.38688
81.7477,85.139,3.67604,0.48,1,2.90588,3.20828,0,0.544437,4.47552,99.3022,98.274,4.66064,0,0,2.17267,1.87027,0,1.67831,3.38688
83.6351,85.139,5.5212,0.49,1,2.90654,3.20894,0,0.544561,4.47552,99.3022,98.274,6.76765,0,0,2.17306,1.87066,0,1.6786,3.38688
83.8723,85.139,3.66506,0.48,1,2.9072,3.2096,0,0.544685,4.47552,99.3022,98.274,4.9562,0,0,2.17344,1.87104,0,1.6789,3.38688
83.9633,85.139,3.4136,0.47,1,2.86362,3.16602,0,0.544809,4.47552,99.3022,98.274,4.50384,0,0,2.14572,1.84332,0,1.6792,3.38688
83.7331,85.139,3.07867,0.46,1,2.86427,3.16667,0,0.536642,4.47552,99.3022,98.274,4.67443,0,0,2.1461,1.8437,0,1.65779,3.38688
83.2287,85.139,2.78256,0.44,1,2.86492,3.16732,0,0.536764,4.47552,99.3022,98.274,4.54798,0,0,2.14648,1.84408,0,1.65808,3.38688
83.0649,85.139,3.1287,0.41,1,2.86557,3.16797,0,0.536886,4.47552,99.3022,98.274,4.33377,0,0,2.14686,1.84446,0,1.65837,3.38688
82.4259,85.139,2.70877,0.37,1,3.01654,3.31894,0,0.537009,4.47552,99.3022,98.274,4.15071,0,0,2.24699,1.94459,0,1.65867,3.38688
81.7349,85.139,2.63751,0.36,1,3.01722,3.31962,0,0.565299,4.47552,99.3022,98.274,3.5629,0,0,2.24739,1.94499,0,1.73602,3.38688
80.8987,85.139,2.46341,0.3,1,3.01791,3.32031,0,0.565427,4.47552,99.3022,98.274,3.55052,0,0,2.24779,1.94539,0,1.73633,3.38688
79.9777,85.139,2.34753,0.27,1,3.01859,3.32099,0,0.565556,4.47552,99.3022,98.274,3.55124,0,0,2.24819,1.94579,0,1.73664,3.38688
78.9578,85.139,2.21774,0.26,1,3.01927,3.32167,0,0.565684,4.47552,99.3022,98.274,3.3442,0,0,2.24859,1.94619,0,1.73695,3.38688
77.5005,85.139,1.6753,0.31,1,2.9902,3.2926,0,0.565812,4.47552,99.2521,98.274,2.81962,0,0,2.30387,2.00147,0,1.73726,3.38688
75.9321,85.139,1.51603,0.27,1,2.99088,3.29328,0,0.560364,4.47552,99.1151,98.274,2.65414,0,0,2.30428,2.00188,0,1.77997,3.38688
74.3071,85.139,1.43725,0.26,1,2.99156,3.29396,0,0.560491,4.47552,98.9193,98.274,2.52606,0,0,2.30469,2.00229,0,1.78029,3.38688
72.5916,85.139,1.32911,0.25,1,2.99224,3.29464,0,0.560618,4.47552,98.5443,98.274,2.35191,0,0,2.30511,2.00271,0,1.78061,3.38688
70.7026,85.139,1.18237,0.27,1,3.06982,3.37222,0,0.560746,4.47552,98.16,98.274,2.06824,0,0,2.35447,2.05207,0,1.78092,3.38688
68.8661,85.139,1.21811,0.26,1,3.07052,3.37292,0,0.575285,4.47552,97.9581,98.274,2.29391,0,0,2.35489,2.05249,0,1.81906,3.38688
66.9565,85.139,1.11139,0.25,1,3.07121,3.37361,0,0.575415,4.47552,97.5214,98.274,2.24147,0,0,2.35531,2.05291,0,1.81939,3.38688
64.9774,85.139,1.02051,0.26,1,3.07191,3.37431,0,0.575545,4.47552,97.1503,98.274,1.96973,0,0,2.35573,2.05333,0,1.81971,3.38688
62.8979,85.139,1.07231,0.26,1,3.298,3.6004,0,0.575675,4.47552,96.6836,98.274,2.35663,0,0,2.53298,2.23058,0,1.82004,3.38688
60.6618,85.139,0.881835,0.26,1,3.29875,3.60115,0,0.618046,4.47552,96.2433,98.274,1.82482,0,0,2.53344,2.23104,0,1.95698,3.38688
58.5316,85.139,0.979357,0.28,1,3.29949,3.60189,0,0.618185,4.47552,95.6205,98.274,2.2293,0,0,2.53389,2.23149,0,1.95733,3.38688
56.2507,85.139,0.80051,0.27,1,3.30023,3.60263,0,0.618324,4.47552,95.1255,98.274,1.59312,0,0,2.53435,2.23195,0,1.95769,3.38688
54.1778,85.139,0.971308,0.32,1,3.30097,3.60337,0,0.618463,4.47552,94.9675,98.274,2.85974,0,0,2.53481,2.23241,0,1.95804,3.38688
52.2252,85.139,1.01264,0.3,1,3.19175,3.49415,0,0.618602,4.47552,94.6288,98.274,2.51069,0,0,2.42784,2.12544,0,1.9584,3.38688
50.5039,85.139,1.26173,0.3,1,3.19247,3.49487,0,0.598133,4.47552,94.5047,98.274,3.09391,0,0,2.42828,2.12588,0,1.87575,3.38688
48.9997,85.139,1.44502,0.34,1,3.19319,3.49559,0,0.598268,4.47552,94.4963,98.274,3.29582,0,0,2.42872,2.12632,0,1.87609,3.38688
47.9454,85.139,1.8939,0.33,1,3.19391,3.49631,0,0.598403,4.47552,94.8581,98.274,4.12644,0,0,2.42915,2.12675,0,1.87643,3.38688
46.9224,85.139,1.97188,0.35,1,3.10429,3.40669,0,0.598538,4.47552,95.4481,98.274,4.26074,0,0,2.33172,2.02932,0,1.87676,3.38688
47.8772,85.139,3.91645,0.36,1,3.10499,3.40739,0,0.581744,4.47552,96.3672,98.274,5.54136,0,0,2.33214,2.02974,0,1.80149,3.38688
47.3683,85.139,2.39803,0.36,1,3.10569,3.40809,0,0.581875,4.47552,96.9878,98.274,4.98239,0,0,2.33255,2.03015,0,1.80181,3.38688
48.4403,85.139,4.15687,0.37,1,3.10639,3.40879,0,0.582006,4.47552,97.5023,98.274,4.8479,0,0,2.33297,2.03057,0,1.80213,3.38688
53.1341,85.139,7.74411,0.39,1,2.85032,3.15272,0,0.582138,4.47552,97.9192,98.274,5.34257,0,0,2.12938,1.82698,0,1.80245,3.38688
57.9925,85.139,8.09005,0.35,1,2.85097,3.15337,0,0.53415,4.47552,99.3022,98.274,4.92913,0,0,2.12976,1.82736,0,1.64516,3.38688
62.3774,85.139,7.64062,0.31,1,2.85162,3.15402,0,0.534271,4.47552,99.3022,98.274,5.26047,0,0,2.13014,1.82774,0,1.64545,3.38688
65.3195,85.139,6.17483,0.34,1,2.85227,3.15467,0,0.534393,4.47552,99.3022,98.274,6.93412,0,0,2.13051,1.82811,0,1.64574,3.38688
68.4796,85.139,6.4547,0.33,1,2.85291,3.15531,0,0.534515,4.47552,99.3022,98.274,8.78103,0,0,2.13089,1.82849,0,1.64603,3.38688
70.9334,85.139,5.87699,0.32,1,2.95241,3.25481,0,0.534636,4.47552,99.3022,98.274,8.1269,0,0,2.19039,1.88799,0,1.64632,3.38688
74.9709,85.139,7.65174,0.34,1,2.95304,3.25544,0,0.553282,4.47552,99.3022,98.274,7.64076,0,0,2.19075,1.88835,0,1.69229,3.38688
76.9517,85.139,5.48275,0.3,1,2.95368,3.25608,0,0.5534,4.47552,99.3022,98.274,7.43677,0,0,2.19112,1.88872,0,1.69258,3.38688
80.1953,85.139,6.73429,0.3,1,2.95431,3.25671,0,0.553519,4.47552,99.3022,98.274,7.84438,0,0,2.19149,1.88909,0,1.69286,3.38688
85.139,85.139,10.0594,0.29,1,3.27266,3.57506,0,0.553638,4.47552,99.3022,98.274,9.54666,0,0,2.41402,2.11162,0,1.69314,3.38688
85.139,85.139,4.45573,0.24,1,3.27336,3.57576,0,0.613297,4.47552,99.3022,98.274,5.27115,0,0,2.41443,2.11203,0,1.86507,3.38688
85.139,85.139,4.65015,0.24,1,3.27405,3.57645,0,0.613427,4.47552,99.3022,98.274,4.7312,0,0,2.41484,2.11244,0,1.86539,3.38688
85.139,85.139,3.91535,0.25,1,3.27475,3.57715,0,0.613558,4.47552,99.3022,98.274,5.18102,0,0,2.41525,2.11285,0,1.86571,3.38688
85.139,85.139,4.53067,0.27,1,2.82193,3.12433,0,0.613688,4.47552,99.3022,98.274,5.249,0,0,2.11729,1.81489,0,1.86602,3.38688
85.139,85.139,4.21622,0.29,1,2.82254,3.12494,0,0.52883,4.47552,99.3022,98.274,4.68114,0,0,2.11764,1.81524,0,1.63582,3.38688
85.139,85.139,4.19939,0.31,1,2.82315,3.12555,0,0.528944,4.47552,99.3022,98.274,5.48012,0,0,2.118,1.8156,0,1.63609,3.38688
85.139,85.139,5.92502,0.33,1,2.82376,3.12616,0,0.529058,4.47552,99.3022,98.274,5.9466,0,0,2.11835,1.81595,0,1.63636,3.38688
85.139,85.139,5.83976,0.35,1,2.82437,3.12677,0,0.529172,4.47552,99.3022,98.274,5.74305,0,0,2.1187,1.8163,0,1.63664,3.38688
85.139,85.139,5.1445,0.37,1,2.93924,3.24164,0,0.529286,4.47552,99.3022,98.274,5.62684,0,0,2.19212,1.88972,0,1.63691,3.38688
85.139,85.139,5.34306,0.39,1,2.93988,3.24228,0,0.550814,4.47552,99.3022,98.274,6.70455,0,0,2.19249,1.89009,0,1.69363,3.38688
85.139,85.139,6.39142,0.4,1,2.94051,3.24291,0,0.550933,4.47552,99.3022,98.274,6.45018,0,0,2.19286,1.89046,0,1.69392,3.38688
85.139,85.139,4.63235,0.41,1,2.94114,3.24354,0,0.551051,4.47552,99.3022,98.274,4.55192,0,0,2.19323,1.89083,0,1.6942,3.38688
85.139,85.139,3.60963,0.37,1,2.89706,3.19946,0,0.551169,4.47552,99.3022,98.274,3.83828,0,0,2.16519,1.86279,0,1.69449,3.38688
84.6805,85.139,2.75216,0.35,1,2.89768,3.20008,0,0.542908,4.47552,99.3022,98.274,3.68536,0,0,2.16556,1.86316,0,1.67283,3.38688
85.139,85.139,3.96879,0.48,1,2.8983,3.2007,0,0.543025,4.47552,99.3022,98.274,4.05581,0,0,2.16592,1.86352,0,1.67311,3.38688
84.9475,85.139,3.00717,0.32,1,2.89893,3.20133,0,0.543142,4.47552,99.3022,98.274,3.66081,0,0,2.16628,1.86388,0,1.67339,3.38688
84.1226,85.139,2.4435,0.43,1,3.05144,3.35384,0,0.543259,4.47552,99.261,98.274,3.2187,0,0,2.26744,1.96504,0,1.67367,3.38688
83.3389,85.139,2.46244,0.39,1,3.05209,3.35449,0,0.57184,4.47552,99.0993,98.274,2.63002,0,0,2.26782,1.96542,0,1.75182,3.38688
82.3591,85.139,2.20657,0.34,1,3.05274,3.35514,0,0.571962,4.47552,98.9153,98.274,2.59716,0,0,2.2682,1.9658,0,1.75212,3.38688
81.359,85.139,2.17648,0.31,1,3.0534,3.3558,0,0.572084,4.47552,98.7924,98.274,2.65082,0,0,2.26858,1.96618,0,1.75241,3.38688
80.2317,85.139,2.03559,0.27,1,3.05405,3.35645,0,0.572207,4.47552,98.6089,98.274,2.48927,0,0,2.26897,1.96657,0,1.75271,3.38688
78.8131,85.139,1.70957,0.25,1,3.02464,3.32704,0,0.572329,4.47552,98.302,98.274,2.18628,0,0,2.3248,2.0224,0,1.753,3.38688
77.1833,85.139,1.4875,0.31,1,3.02528,3.32768,0,0.566817,4.47552,97.84,98.274,2.11512,0,0,2.32519,2.02279,0,1.79614,3.38688
75.4371,85.139,1.34841,0.26,1,3.02593,3.32833,0,0.566938,4.47552,97.3491,98.274,1.92464,0,0,2.32559,2.02319,0,1.79644,3.38688
73.6701,85.139,1.27477,0.26,1,3.02658,3.32898,0,0.567059,4.47552,96.7077,98.274,1.88462,0,0,2.32598,2.02358,0,1.79675,3.38688
71.7292,85.139,1.1479,0.27,1,3.10493,3.40733,0,0.567181,4.47552,95.9697,98.274,1.79846,0,0,2.37583,2.07343,0,1.79705,3.38688
69.7552,85.139,1.0953,0.26,1,3.10559,3.40799,0,0.581864,4.47552,95.2102,98.274,1.68314,0,0,2.37623,2.07383,0,1.83557,3.38688
67.7106,85.139,1.00374,0.25,1,3.10626,3.40866,0,0.581988,4.47552,94.3535,98.274,1.63932,0,0,2.37664,2.07424,0,1.83588,3.38688
65.5958,85.139,0.911209,0.27,1,3.10692,3.40932,0,0.582113,4.47552,93.4644,98.274,1.50238,0,0,2.37704,2.07464,0,1.83619,3.38688
63.2239,85.139,0.80163,0.27,1,3.33532,3.63772,0,0.582237,4.47552,92.4689,98.274,1.48649,0,0,2.5561,2.2537,0,1.8365,3.38688
60.8641,85.139,0.804206,0.27,1,3.33603,3.63843,0,0.625039,4.47552,91.5412,98.274,1.35643,0,0,2.55653,2.25413,0,1.97484,3.38688
58.6439,85.139,0.921958,0.31,1,3.33674,3.63914,0,0.625172,4.47552,90.4407,98.274,1.59411,0,0,2.55697,2.25457,0,1.97518,3.38688
56.2723,85.139,0.747462,0.3,1,3.33744,3.63984,0,0.625304,4.47552,89.7286,98.274,1.20791,0,0,2.55741,2.25501,0,1.97552,3.38688
54.0817,85.139,0.888148,0.33,1,3.33815,3.64055,0,0.625437,4.47552,88.8428,98.274,1.95107,0,0,2.55785,2.25545,0,1.97585,3.38688
51.8905,85.139,0.755229,0.32,1,3.22776,3.53016,0,0.625569,4.47552,87.9081,98.274,1.37364,0,0,2.44975,2.14735,0,1.97619,3.38688
49.64,85.139,0.778017,0.3,1,3.22845,3.53085,0,0.604882,4.47552,87.1059,98.274,1.56252,0,0,2.45016,2.14776,0,1.89267,3.38688
47.5851,85.139,0.843152,0.35,1,3.22913,3.53153,0,0.605011,4.47552,86.4414,98.274,1.70348,0,0,2.45058,2.14818,0,1.893,3.38688
45.5094,85.139,0.871379,0.35,1,3.22982,3.53222,0,0.605139,4.47552,85.922,98.274,1.80215,0,0,2.451,2.1486,0,1.89332,3.38688
43.7418,85.139,1.13627,0.38,1,3.13924,3.44164,0,0.605268,4.47552,85.2123,98.274,2.31893,0,0,2.35254,2.05014,0,1.89364,3.38688
42.3976,85.139,1.56981,0.46,1,3.13991,3.44231,0,0.588294,4.47552,84.4676,98.274,1.45349,0,0,2.35294,2.05054,0,1.81757,3.38688
40.7961,85.139,1.29621,0.48,1,3.14058,3.44298,0,0.588419,4.47552,83.9645,98.274,1.47024,0,0,2.35334,2.05094,0,1.81788,3.38688
41.1134,85.139,3.30944,0.49,1,3.14125,3.44365,0,0.588544,4.47552,84.0753,98.274,4.35806,0,0,2.35373,2.05133,0,1.81819,3.38688
42.2322,85.139,3.89684,0.51,1,2.88252,3.18492,0,0.58867,4.47552,84.5288,98.274,3.66634,0,0,2.14804,1.84564,0,1.8185,3.38688
42.8384,85.139,3.37851,0.52,1,2.88314,3.18554,0,0.540184,4.47552,85.2842,98.274,4.32539,0,0,2.1484,1.846,0,1.65958,3.38688
44.0957,85.139,4.09481,0.54,1,2.88376,3.18616,0,0.5403,4.47552,86.2116,98.274,4.67086,0,0,2.14876,1.84636,0,1.65986,3.38688
44.8354,85.139,3.54976,0.57,1,2.88438,3.18678,0,0.540416,4.47552,87.0892,98.274,4.50991,0,0,2.14912,1.84672,0,1.66013,3.38688
46.8255,85.139,4.82087,0.6,1,2.88499,3.18739,0,0.540532,4.47552,87.8677,98.274,4.51587,0,0,2.14948,1.84708,0,1.66041,3.38688
48.9272,85.139,4.99525,0.57,1,2.88499,3.18739,0,0.540648,4.47552,89.2132,98.274,7.12777,0,0,2.14948,1.84708,0,1.66069,3.38688
49.6301,85.139,3.66388,0.62,1,2.98546,3.28786,0,0.540648,6.048,90.1807,98.274,5.94601,0,0,2.20956,1.90716,0,1.66069,3.38688
49.8613,85.139,3.26136,0.64,1,2.98607,3.28847,0,0.559476,6.048,90.874,98.274,5.34684,0,0,2.20991,1.90751,0,1.70711,3.38688
49.4689,85.139,2.56934,0.66,1,2.98667,3.28907,0,0.559589,6.048,91.2268,98.274,4.02865,0,0,2.21026,1.90786,0,1.70738,3.38688
48.7422,85.139,2.2082,0.68,1,2.98727,3.28967,0,0.559702,6.048,91.5352,98.274,3.56919,0,0,2.21061,1.90821,0,1.70765,3.38688
50.2091,85.139,4.79704,0.68,1,3.30881,3.61121,0,0.559815,6.048,93.9872,98.274,9.77215,0,0,2.43537,2.13297,0,1.70792,3.38688
51.8284,85.139,4.90488,0.69,1,3.30947,3.61187,0,0.62007,6.048,96.2979,98.274,8.89745,0,0,2.43576,2.13336,0,1.88156,3.38688
53.7299,85.139,5.42139,0.65,1,3.31013,3.61253,0,0.620194,6.048,98.5082,98.274,8.78811,0,0,2.43615,2.13375,0,1.88187,3.38688
55.247,85.139,5.00409,0.68,1,3.31079,3.61319,0,0.620318,6.048,99.3022,98.274,6.74829,0,0,2.43654,2.13414,0,1.88217,3.38688
57.6867,85.139,5.75234,0.71,1,2.85338,3.15578,0,0.620443,6.048,99.3022,98.274,8.06778,0,0,2.13556,1.83316,0,1.88247,3.38688
59.6641,85.139,5.03085,0.68,1,2.85396,3.15636,0,0.534723,6.048,99.3022,98.274,6.83296,0,0,2.13589,1.83349,0,1.64993,3.38688
61.6823,85.139,5.25647,0.72,1,2.85453,3.15693,0,0.534831,6.048,99.3022,98.274,7.56366,0,0,2.13623,1.83383,0,1.65019,3.38688
63.2272,85.139,4.87136,0.75,1,2.85511,3.15751,0,0.53494,6.048,99.3022,98.274,6.51512,0,0,2.13656,1.83416,0,1.65045,3.38688
64.322,85.139,4.36511,0.73,1,2.85569,3.15809,0,0.535048,6.048,99.3022,98.274,6.48321,0,0,2.1369,1.8345,0,1.65071,3.38688
64.8839,85.139,3.79925,0.73,1,2.97168,3.27408,0,0.535157,6.048,99.3022,98.274,6.90714,0,0,2.21103,1.90863,0,1.65097,3.38688
65.1921,85.139,3.52534,0.74,1,2.97228,3.27468,0,0.556894,6.048,99.3022,98.274,7.64943,0,0,2.21138,1.90898,0,1.70824,3.38688
65.2009,85.139,3.20073,0.76,1,2.97289,3.27529,0,0.557006,6.048,99.3022,98.274,8.60211,0,0,2.21173,1.90933,0,1.70851,3.38688
64.8795,85.139,2.83995,0.77,1,2.97349,3.27589,0,0.557119,6.048,99.3022,98.274,4.60508,0,0,2.21208,1.90968,0,1.70878,3.38688
64.2914,85.139,2.47389,0.78,1,2.92893,3.23133,0,0.557231,6.048,99.3022,98.274,4.11007,0,0,2.18375,1.88135,0,1.70906,3.38688
63.3825,85.139,2.13832,0.78,1,2.92952,3.23192,0,0.548881,6.048,99.3022,98.274,3.71269,0,0,2.1841,1.8817,0,1.68717,3.38688
62.3954,85.139,1.9679,0.77,1,2.93011,3.23251,0,0.548992,6.048,99.3022,98.274,3.37709,0,0,2.18444,1.88204,0,1.68743,3.38688
61.3733,85.139,1.91831,0.8,1,2.93071,3.23311,0,0.549103,6.048,99.3022,98.274,3.82128,0,0,2.18479,1.88239,0,1.6877,3.38688
59.9328,85.139,1.61071,0.79,1,3.0847,3.3871,0,0.549214,6.048,99.2655,98.274,2.8773,0,0,2.28692,1.98452,0,1.68797,3.38688
58.3747,85.139,1.43681,0.79,1,3.08532,3.38772,0,0.578072,6.048,99.1922,98.274,2.77418,0,0,2.28728,1.98488,0,1.76688,3.38688
56.8188,85.139,1.41676,0.77,1,3.08594,3.38834,0,0.578188,6.048,99.1879,98.274,2.83998,0,0,2.28765,1.98525,0,1.76716,3.38688
55.1975,85.139,1.32504,0.77,1,3.08656,3.38896,0,0.578305,6.048,99.1165,98.274,2.66261,0,0,2.28801,1.98561,0,1.76744,3.38688
53.8414,85.139,1.56496,0.82,1,3.08718,3.38958,0,0.578421,6.048,99.0899,98.274,2.92335,0,0,2.28838,1.98598,0,1.76772,3.38688
52.6687,85.139,1.70706,0.79,1,3.05744,3.35984,0,0.578537,6.048,99.1011,98.274,3.2428,0,0,2.34474,2.04234,0,1.768,3.38688
51.3657,85.139,1.55666,0.77,1,3.05805,3.36045,0,0.572964,6.048,99.0621,98.274,2.98024,0,0,2.34511,2.04271,0,1.81154,3.38688
49.9669,85.139,1.42171,0.76,1,3.05867,3.36107,0,0.573079,6.048,98.96,98.274,2.8568,0,0,2.34549,2.04309,0,1.81183,3.38688
48.5845,85.139,1.39378,0.81,1,3.05928,3.36168,0,0.573194,6.048,98.7794,98.274,2.80461,0,0,2.34586,2.04346,0,1.81212,3.38688
47.3823,85.139,1.63145,0.77,1,3.13837,3.44077,0,0.57331,6.048,98.7822,98.274,3.22938,0,0,2.39618,2.09378,0,1.81241,3.38688
46.0263,85.139,1.45026,0.68,1,3.139,3.4414,0,0.58813,6.048,98.7263,98.274,3.07675,0,0,2.39656,2.09416,0,1.85129,3.38688
44.5802,85.139,1.32845,0.66,1,3.13963,3.44203,0,0.588249,6.048,98.64,98.274,2.88838,0,0,2.39694,2.09454,0,1.85158,3.38688
42.9987,85.139,1.14895,0.73,1,3.14026,3.44266,0,0.588367,6.048,98.5439,98.274,2.86646,0,0,2.39733,2.09493,0,1.85188,3.38688
41.3179,85.139,1.18558,0.67,1,3.37085,3.67325,0,0.588485,6.048,98.4731,98.274,2.89264,0,0,2.57811,2.27571,0,1.85218,3.38688
39.6288,85.139,1.13946,0.6,1,3.37153,3.67393,0,0.631698,6.048,98.372,98.274,2.76556,0,0,2.57853,2.27613,0,1.99185,3.38688
38.0566,85.139,1.21082,0.69,1,3.3722,3.6746,0,0.631824,6.048,98.2829,98.274,2.97746,0,0,2.57894,2.27654,0,1.99217,3.38688
36.6738,85.139,1.35054,0.62,1,3.37287,3.67527,0,0.63195,6.048,98.2231,98.274,3.00211,0,0,2.57936,2.27696,0,1.99249,3.38688
35.0112,85.139,1.03481,0.57,1,3.37355,3.67595,0,0.632076,6.048,97.894,98.274,2.28495,0,0,2.57978,2.27738,0,1.99281,3.38688
33.5965,85.139,1.17325,0.52,1,3.26204,3.56444,0,0.632203,6.048,97.509,98.274,2.31129,0,0,2.4706,2.1682,0,1.99314,3.38688
32.1626,85.139,1.11529,0.63,1,3.26269,3.56509,0,0.611307,6.048,97.1334,98.274,2.28567,0,0,2.471,2.1686,0,1.90878,3.38688
30.9153,85.139,1.28208,0.61,1,3.26335,3.56575,0,0.611429,6.048,96.9067,98.274,2.79118,0,0,2.47139,2.16899,0,1.90909,3.38688
29.7779,85.139,1.4651,0.6,1,3.264,3.5664,0,0.611551,6.048,96.293,98.274,2.79329,0,0,2.47179,2.16939,0,1.9094,3.38688
28.5889,85.139,1.18157,0.61,1,3.17251,3.47491,0,0.611674,6.048,95.4461,98.274,1.55106,0,0,2.37236,2.06996,0,1.90971,3.38688
27.2656,85.139,0.97535,0.6,1,3.17314,3.47554,0,0.594528,6.048,94.896,98.274,1.55582,0,0,2.37273,2.07033,0,1.83288,3.38688
27.4421,85.139,2.4925,0.69,1,3.17378,3.47618,0,0.594647,6.048,95.106,98.274,4.56165,0,0,2.37311,2.07071,0,1.83317,3.38688
28.0121,85.139,2.93532,0.68,1,3.17442,3.47682,0,0.594766,6.048,95.6507,98.274,3.95061,0,0,2.37349,2.07109,0,1.83347,3.38688
28.6848,85.139,2.97963,0.69,1,2.91316,3.21556,0,0.594885,6.048,95.7879,98.274,3.10122,0,0,2.1658,1.8634,0,1.83376,3.38688
30.7489,85.139,4.46541,0.64,1,2.91375,3.21615,0,0.545926,6.048,96.5703,98.274,6.28114,0,0,2.16614,1.86374,0,1.6733,3.38688
31.8898,85.139,3.59716,0.67,1,2.91434,3.21674,0,0.546036,6.048,96.2693,98.274,3.19806,0,0,2.16648,1.86408,0,1.67356,3.38688
32.7139,85.139,3.29452,0.67,1,2.91493,3.21733,0,0.546147,6.048,95.9417,98.274,2.58579,0,0,2.16682,1.86442,0,1.67382,3.38688
33.4472,85.139,3.29382,0.68,1,2.91551,3.21791,0,0.546257,6.048,95.7132,98.274,2.77595,0,0,2.16716,1.86476,0,1.67409,3.38688
38.066,85.139,7.34199,0.7,0.02,3.01691,3.31931,0,0.546367,6.048,97.1809,98.274,7.27097,0,0,2.2278,1.9254,0,1.67435,3.38688
41.5816,85.139,6.5146,0.68,0.02,3.01748,3.31988,0,0.565369,6.048,98.0983,98.274,6.4023,0,0,2.22813,1.92573,0,1.7212,3.38688
48.2775,85.139,9.97985,0.68,0.02,3.01805,3.32045,0,0.565476,6.048,99.3022,98.274,12.7961,0,0,2.22846,1.92606,0,1.72145,3.38688
53.8026,85.139,9.33357,0.68,0.02,3.01863,3.32103,0,0.565583,6.048,99.3022,98.274,13.7313,0,0,2.22879,1.92639,0,1.72171,3.38688
56.4198,85.139,6.28671,0.64,0.02,3.34318,3.64558,0,0.56569,6.048,99.3022,98.274,9.24291,0,0,2.45567,2.15327,0,1.72197,3.38688
61.8952,85.139,9.34275,0.65,0.02,3.34381,3.64621,0,0.626512,6.048,99.3022,98.274,14.226,0,0,2.45604,2.15364,0,1.89725,3.38688
67.4663,85.139,9.47997,0.6,0.02,3.34444,3.64684,0,0.62663,6.048,99.3022,98.274,17.5216,0,0,2.45641,2.15401,0,1.89754,3.38688
71.5507,85.139,8.0742,0.58,0.02,3.34506,3.64746,0,0.626747,6.048,99.3022,98.274,12.8874,0,0,2.45678,2.15438,0,1.89782,3.38688
73.2586,85.139,5.10056,0.53,0.02,2.88327,3.18567,0,0.626865,6.048,99.3022,98.274,8.60179,0,0,2.15292,1.85052,0,1.89811,3.38688
73.9227,85.139,4.02263,0.56,0.02,2.88382,3.18622,0,0.540326,6.048,99.3022,98.274,6.63923,0,0,2.15324,1.85084,0,1.66335,3.38688
74.8729,85.139,4.35589,0.54,0.02,2.88437,3.18677,0,0.540429,6.048,99.3022,98.274,7.02275,0,0,2.15356,1.85116,0,1.66359,3.38688
78.0541,85.139,6.88681,0.6,0.02,2.88492,3.18732,0,0.540531,6.048,99.3022,98.274,12.661,0,0,2.15388,1.85148,0,1.66384,3.38688
80.2661,85.139,5.79919,0.64,0.02,2.88547,3.18787,0,0.540634,6.048,99.3022,98.274,8.67714,0,0,2.1542,1.8518,0,1.66409,3.38688
82.9663,85.139,6.45325,0.55,0.02,3.00252,3.30492,0,0.540737,6.048,99.3022,98.274,8.45061,0,0,2.22901,1.92661,0,1.66433,3.38688
85.139,85.139,7.08633,0.57,0.02,3.00309,3.30549,0,0.562672,6.048,99.3022,98.274,8.74089,0,0,2.22934,1.92694,0,1.72213,3.38688
85.139,85.139,5.03405,0.47,0.02,3.00366,3.30606,0,0.562779,6.048,99.3022,98.274,6.90149,0,0,2.22967,1.92727,0,1.72239,3.38688
85.139,85.139,4.36341,0.47,0.02,3.00423,3.30663,0,0.562885,6.048,99.3022,98.274,6.94957,0,0,2.23,1.9276,0,1.72264,3.38688
85.139,85.139,4.59831,0.43,0.02,2.95922,3.26162,0,0.562992,6.048,99.3022,98.274,6.31657,0,0,2.20138,1.89898,0,1.7229,3.38688
85.139,85.139,3.49779,0.4,0.02,2.95978,3.26218,0,0.554557,6.048,99.3022,98.274,5.81158,0,0,2.20171,1.89931,0,1.70079,3.38688
85.1155,85.139,3.23826,0.38,0.02,2.96034,3.26274,0,0.554662,6.048,99.3022,98.274,4.61417,0,0,2.20204,1.89964,0,1.70104,3.38688
84.7416,85.139,2.81245,0.49,0.02,2.9609,3.2633,0,0.554767,6.048,99.3022,98.274,4.26543,0,0,2.20237,1.89997,0,1.7013,3.38688
84.2813,85.139,2.87619,0.46,0.02,3.11629,3.41869,0,0.554873,6.048,99.3022,98.274,4.77754,0,0,2.30543,2.00303,0,1.70155,3.38688
83.8346,85.139,2.88537,0.42,0.02,3.11688,3.41928,0,0.583993,6.048,99.3022,98.274,4.45553,0,0,2.30578,2.00338,0,1.78118,3.38688
83.2384,85.139,2.70356,0.36,0.02,3.11747,3.41987,0,0.584103,6.048,99.3022,98.274,3.93593,0,0,2.30612,2.00372,0,1.78144,3.38688
82.5398,85.139,2.52835,0.32,0.02,3.11806,3.42046,0,0.584213,6.048,99.3022,98.274,3.66047,0,0,2.30647,2.00407,0,1.78171,3.38688
81.971,85.139,2.65332,0.29,0.02,3.11865,3.42105,0,0.584324,6.048,99.3022,98.274,3.80334,0,0,2.30681,2.00441,0,1.78198,3.38688
81.7184,85.139,2.95864,0.27,0.02,3.08859,3.39099,0,0.584434,6.048,99.3022,98.274,4.02511,0,0,2.36367,2.06127,0,1.78224,3.38688
81.2575,85.139,2.74808,0.26,0.02,3.08917,3.39157,0,0.578802,6.048,99.3022,98.274,3.94674,0,0,2.36403,2.06163,0,1.82617,3.38688
80.5629,85.139,2.50641,0.25,0.02,3.08976,3.39216,0,0.578911,6.048,99.3022,98.274,3.63021,0,0,2.36438,2.06198,0,1.82645,3.38688
79.6854,85.139,2.28891,0.24,0.02,3.09034,3.39274,0,0.57902,6.048,99.3022,98.274,3.47679,0,0,2.36474,2.06234,0,1.82672,3.38688
79.1472,85.139,2.69014,0.23,0.02,3.17012,3.47252,0,0.57913,6.048,99.3022,98.274,3.70927,0,0,2.4155,2.1131,0,1.827,3.38688
78.3731,85.139,2.44162,0.26,0.02,3.17072,3.47312,0,0.59408,6.048,99.3022,98.274,3.41376,0,0,2.41586,2.11346,0,1.86621,3.38688
77.3304,85.139,2.14706,0.25,0.02,3.17131,3.47371,0,0.594192,6.048,99.3022,98.274,3.37844,0,0,2.41622,2.11382,0,1.86649,3.38688
75.9751,85.139,1.82694,0.24,0.02,3.17191,3.47431,0,0.594304,6.048,99.3022,98.274,3.29878,0,0,2.41659,2.11419,0,1.86677,3.38688
73.9833,85.139,1.35139,0.24,0.02,3.40458,3.70698,0,0.594416,6.048,99.2986,98.274,2.98639,0,0,2.59901,2.29661,0,1.86706,3.38688
71.6996,85.139,1.02464,0.24,0.02,3.40522,3.70762,0,0.638019,6.048,99.1601,98.274,2.70871,0,0,2.5994,2.297,0,2.00799,3.38688
69.6223,85.139,1.21427,0.25,0.02,3.40586,3.70826,0,0.638139,6.048,99.0826,98.274,2.93503,0,0,2.5998,2.2974,0,2.0083,3.38688
68.3486,85.139,2.07257,0.26,0.02,3.4065,3.7089,0,0.638258,6.048,99.26,98.274,3.50664,0,0,2.60019,2.29779,0,2.0086,3.38688
67.2167,85.139,2.24275,0.27,0.02,3.40714,3.70954,0,0.638378,6.048,99.3022,98.274,3.31271,0,0,2.60059,2.29819,0,2.00891,3.38688
65.5065,85.139,1.5863,0.29,0.02,3.29457,3.59697,0,0.638497,6.048,99.1396,98.274,2.76632,0,0,2.49039,2.18799,0,2.00921,3.38688
64.08,85.139,1.87828,0.29,0.02,3.29519,3.59759,0,0.617403,6.048,99.3022,98.274,4.31982,0,0,2.49076,2.18836,0,1.92407,3.38688
62.6225,85.139,1.82765,0.29,0.02,3.29581,3.59821,0,0.617519,6.048,99.3022,98.274,3.93631,0,0,2.49114,2.18874,0,1.92436,3.38688
61.1619,85.139,1.8042,0.29,0.02,3.29643,3.59883,0,0.617635,6.048,99.3022,98.274,4.9448,0,0,2.49152,2.18912,0,1.92465,3.38688
60.503,85.139,2.67804,0.32,0.02,3.20407,3.50647,0,0.617751,6.048,99.3022,98.274,5.57557,0,0,2.39115,2.08875,0,1.92495,3.38688
58.4178,85.139,1.12479,0.33,0.02,3.20467,3.50707,0,0.600442,6.048,99.2131,98.274,3.37631,0,0,2.39151,2.08911,0,1.84741,3.38688
56.4157,85.139,1.18557,0.33,0.02,3.20527,3.50767,0,0.600555,6.048,99.1788,98.274,3.78469,0,0,2.39187,2.08947,0,1.84768,3.38688
54.8698,85.139,1.69515,0.41,0.02,3.20587,3.50827,0,0.600668,6.048,99.3022,98.274,4.57463,0,0,2.39223,2.08983,0,1.84796,3.38688
54.979,85.139,3.13341,0.43,0.02,2.94222,3.24462,0,0.600781,6.048,99.3022,98.274,6.50338,0,0,2.18264,1.88024,0,1.84824,3.38688
54.7275,85.139,2.88579,0.46,0.02,2.94278,3.24518,0,0.551372,6.048,99.3022,98.274,5.35168,0,0,2.18296,1.88056,0,1.68631,3.38688
56.2573,85.139,4.64772,0.48,0.02,2.94334,3.24574,0,0.551476,6.048,99.3022,98.274,7.00232,0,0,2.18329,1.88089,0,1.68656,3.38688
56.6505,85.139,3.66711,0.5,0.02,2.94389,3.24629,0,0.551581,6.048,99.3022,98.274,5.30336,0,0,2.18361,1.88121,0,1.68681,3.38688
56.6798,85.139,3.10775,0.53,0.02,2.94445,3.24685,0,0.551686,6.048,99.3022,98.274,4.12644,0,0,2.18393,1.88153,0,1.68706,3.38688
60.5586,85.139,7.43305,0.58,0.02,3.04672,3.34912,0,0.55179,6.048,99.3022,98.274,7.81526,0,0,2.24509,1.94269,0,1.68731,3.38688
63.3828,85.139,6.28321,0.54,0.02,3.04726,3.34966,0,0.570955,6.048,99.3022,98.274,5.61451,0,0,2.2454,1.943,0,1.73456,3.38688
66.8339,85.139,7.09802,0.52,0.02,3.0478,3.3502,0,0.571057,6.048,99.3022,98.274,6.87901,0,0,2.24572,1.94332,0,1.7348,3.38688
68.4132,85.139,5.11055,0.54,0.02,3.04834,3.35074,0,0.571158,6.048,99.3022,98.274,5.18136,0,0,2.24603,1.94363,0,1.73504,3.38688
70.027,85.139,5.40108,0.49,0.02,3.37576,3.67816,0,0.571259,6.048,99.3022,98.274,5.92792,0,0,2.47491,2.17251,0,1.73528,3.38688
74.2951,85.139,8.27929,0.49,0.02,3.37635,3.67875,0,0.632617,6.048,99.3022,98.274,8.66484,0,0,2.47526,2.17286,0,1.91212,3.38688
79.2549,85.139,9.03427,0.43,0.02,3.37694,3.67934,0,0.632728,6.048,99.3022,98.274,8.48481,0,0,2.47561,2.17321,0,1.91239,3.38688
82.5723,85.139,7.507,0.45,0.02,3.37754,3.67994,0,0.632839,6.048,99.3022,98.274,7.71524,0,0,2.47596,2.17356,0,1.91266,3.38688
84.1837,85.139,5.24981,0.41,0.02,2.9116,3.214,0,0.63295,6.048,99.3022,98.274,5.98592,0,0,2.16938,1.86698,0,1.91293,3.38688
85.0411,85.139,4.41612,0.43,0.02,2.91212,3.21452,0,0.545634,6.048,99.3022,98.274,6.24014,0,0,2.16968,1.86728,0,1.67606,3.38688
85.139,85.139,6.4479,0.46,0.02,2.91264,3.21504,0,0.545731,6.048,99.3022,98.274,7.29155,0,0,2.16998,1.86758,0,1.67629,3.38688
85.139,85.139,5.44096,0.4,0.02,2.91315,3.21555,0,0.545828,6.048,99.3022,98.274,6.67074,0,0,2.17028,1.86788,0,1.67652,3.38688
85.139,85.139,8.52627,0.44,0.02,2.91367,3.21607,0,0.545925,6.048,99.3022,98.274,8.33516,0,0,2.17058,1.86818,0,1.67676,3.38688
85.139,85.139,4.96731,0.46,0.02,3.03172,3.33412,0,0.546022,6.048,99.3022,98.274,6.3808,0,0,2.24603,1.94363,0,1.67699,3.38688
85.139,85.139,4.50209,0.47,0.02,3.03226,3.33466,0,0.568144,6.048,99.3022,98.274,5.45263,0,0,2.24634,1.94394,0,1.73528,3.38688
85.139,85.139,4.62743,0.47,0.02,3.03279,3.33519,0,0.568245,6.048,99.3022,98.274,6.75978,0,0,2.24666,1.94426,0,1.73552,3.38688
85.139,85.139,5.53843,0.48,0.02,3.03333,3.33573,0,0.568345,6.048,99.3022,98.274,8.06975,0,0,2.24697,1.94457,0,1.73577,3.38688
85.1371,85.139,3.36195,0.45,0.02,2.98789,3.29029,0,0.568446,6.048,99.3022,98.274,4.16615,0,0,2.21808,1.91568,0,1.73601,3.38688
84.7015,85.139,2.90393,0.59,0.02,2.98842,3.29082,0,0.55993,6.048,99.3022,98.274,3.76285,0,0,2.21839,1.91599,0,1.71369,3.38688
84.3273,85.139,2.96624,0.56,0.02,2.98895,3.29135,0,0.560029,6.048,99.3022,98.274,3.1688,0,0,2.21869,1.91629,0,1.71393,3.38688
84.0409,85.139,3.00621,0.51,0.02,2.98948,3.29188,0,0.560129,6.048,99.3022,98.274,3.42841,0,0,2.219,1.9166,0,1.71416,3.38688
83.4696,85.139,2.76797,0.47,0.02,3.14619,3.44859,0,0.560228,6.048,99.2434,98.274,3.06588,0,0,2.32295,2.02055,0,1.7144,3.38688
82.6563,85.139,2.50265,0.44,0.02,3.14674,3.44914,0,0.589596,6.048,99.1732,98.274,2.95569,0,0,2.32328,2.02088,0,1.79471,3.38688
81.6301,85.139,2.27142,0.37,0.02,3.1473,3.4497,0,0.5897,6.048,98.9982,98.274,2.63034,0,0,2.3236,2.0212,0,1.79496,3.38688
80.5067,85.139,2.13327,0.34,0.02,3.14786,3.45026,0,0.589804,6.048,98.7428,98.274,2.45394,0,0,2.32393,2.02153,0,1.79521,3.38688
79.3677,85.139,2.10885,0.29,0.02,3.14841,3.45081,0,0.589908,6.048,98.4742,98.274,2.41424,0,0,2.32425,2.02185,0,1.79547,3.38688
78.453,85.139,2.31565,0.36,0.02,3.11806,3.42046,0,0.590012,6.048,98.2681,98.274,2.52967,0,0,2.38159,2.07919,0,1.79572,3.38688
77.3989,85.139,2.16799,0.32,0.02,3.11861,3.42101,0,0.584324,6.048,98.0338,98.274,2.44551,0,0,2.38192,2.07952,0,1.84001,3.38688
76.1633,85.139,1.97648,0.3,0.02,3.11916,3.42156,0,0.584427,6.048,97.742,98.274,2.32608,0,0,2.38226,2.07986,0,1.84027,3.38688
74.7785,85.139,1.79474,0.29,0.02,3.11971,3.42211,0,0.58453,6.048,97.4305,98.274,2.14881,0,0,2.38259,2.08019,0,1.84053,3.38688
73.7435,85.139,2.18131,0.27,0.02,3.20014,3.50254,0,0.584633,6.048,97.2042,98.274,2.50075,0,0,2.43376,2.13136,0,1.84079,3.38688
72.6722,85.139,2.13075,0.28,0.02,3.2007,3.5031,0,0.599706,6.048,96.9761,98.274,2.51992,0,0,2.43411,2.13171,0,1.88033,3.38688
71.3788,85.139,1.89253,0.27,0.02,3.20127,3.50367,0,0.599811,6.048,96.7038,98.274,2.30486,0,0,2.43445,2.13205,0,1.88059,3.38688
69.9353,85.139,1.71612,0.26,0.02,3.20183,3.50423,0,0.599917,6.048,96.2922,98.274,2.2577,0,0,2.43479,2.13239,0,1.88086,3.38688
68.2776,85.139,1.68615,0.26,0.02,3.43646,3.73886,0,0.600023,6.048,96.0146,98.274,2.08995,0,0,2.61876,2.31636,0,1.88112,3.38688
66.8727,85.139,1.93246,0.26,0.02,3.43707,3.73947,0,0.643993,6.048,95.7819,98.274,2.25761,0,0,2.61913,2.31673,0,2.02325,3.38688
65.3725,85.139,1.82648,0.29,0.02,3.43767,3.74007,0,0.644106,6.048,95.5316,98.274,2.49482,0,0,2.6195,2.3171,0,2.02354,3.38688
63.8334,85.139,1.76275,0.28,0.02,3.43827,3.74067,0,0.644219,6.048,95.2752,98.274,2.46381,0,0,2.61988,2.31748,0,2.02383,3.38688
62.4853,85.139,1.92074,0.29,0.02,3.43887,3.74127,0,0.644332,6.048,94.8967,98.274,2.35621,0,0,2.62025,2.31785,0,2.02412,3.38688
62.011,85.139,2.66035,0.29,0.02,3.32531,3.62771,0,0.644445,6.048,94.5232,98.274,2.02555,0,0,2.50908,2.20668,0,2.0244,3.38688
61.7359,85.139,2.92123,0.31,0.02,3.32589,3.62829,0,0.623162,6.048,94.3932,98.274,2.58,0,0,2.50944,2.20704,0,1.93852,3.38688
61.2832,85.139,2.76487,0.31,0.02,3.32647,3.62887,0,0.623272,6.048,94.3206,98.274,2.67767,0,0,2.50979,2.20739,0,1.93879,3.38688
61.1336,85.139,3.12387,0.31,0.02,3.32706,3.62946,0,0.623381,6.048,94.352,98.274,3.03388,0,0,2.51015,2.20775,0,1.93907,3.38688
59.7943,85.139,1.85551,0.32,0.02,3.23387,3.53627,0,0.62349,6.048,94.199,98.274,2.55303,0,0,2.40891,2.10651,0,1.93934,3.38688
58.7672,85.139,2.11143,0.33,0.02,3.23444,3.53684,0,0.606027,6.048,93.8431,98.274,2.01535,0,0,2.40925,2.10685,0,1.86112,3.38688
59.2582,85.139,3.70902,0.33,0.02,3.23501,3.53741,0,0.606134,6.048,93.9054,98.274,2.78278,0,0,2.40959,2.10719,0,1.86138,3.38688
60.9492,85.139,5.08203,0.34,0.02,3.23558,3.53798,0,0.60624,6.048,94.1327,98.274,3.98231,0,0,2.40992,2.10752,0,1.86165,3.38688
61.7408,85.139,3.87884,0.36,0.02,2.96965,3.27205,0,0.606347,6.048,94.3397,98.274,4.03883,0,0,2.19854,1.89614,0,1.86191,3.38688
61.4764,85.139,2.81749,0.39,0.02,2.97018,3.27258,0,0.556513,6.048,95.0854,98.274,5.01661,0,0,2.19884,1.89644,0,1.69859,3.38688
64.3637,85.139,6.1969,0.41,0.02,2.9707,3.2731,0,0.556611,6.048,97.6885,98.274,9.52068,0,0,2.19915,1.89675,0,1.69882,3.38688
71.4236,85.139,10.5707,0.4,0.02,2.97123,3.27363,0,0.55671,6.048,99.3022,98.274,8.64604,0,0,2.19945,1.89705,0,1.69906,3.38688
73.7217,85.139,5.72182,0.38,0.02,2.97176,3.27416,0,0.556809,6.048,99.3022,98.274,7.3431,0,0,2.19976,1.89736,0,1.6993,3.38688
73.6646,85.139,3.43325,0.39,0.02,3.07485,3.37725,0,0.556907,6.048,99.3022,98.274,5.38268,0,0,2.26141,1.95901,0,1.69953,3.38688
74.3739,85.139,4.204,0.41,0.02,3.07536,3.37776,0,0.576227,6.048,99.3022,98.274,6.79709,0,0,2.2617,1.9593,0,1.74716,3.38688
74.65,85.139,3.74367,0.37,0.02,3.07586,3.37826,0,0.576322,6.048,99.3022,98.274,6.64723,0,0,2.262,1.9596,0,1.74739,3.38688
74.7752,85.139,3.52918,0.38,0.02,3.07637,3.37877,0,0.576417,6.048,99.3022,98.274,5.71947,0,0,2.26229,1.95989,0,1.74762,3.38688
75.2582,85.139,4.28492,0.4,0.02,3.40649,3.70889,0,0.576512,6.048,99.3022,98.274,6.48615,0,0,2.49306,2.19066,0,1.74785,3.38688
75.2473,85.139,3.72493,0.41,0.02,3.40704,3.70944,0,0.638376,6.048,99.3022,98.274,5.14044,0,0,2.49339,2.19099,0,1.92614,3.38688
76.4058,85.139,4.95117,0.43,0.02,3.4076,3.71,0,0.63848,6.048,99.3022,98.274,6.2143,0,0,2.49372,2.19132,0,1.92639,3.38688
76.967,85.139,4.42756,0.45,0.02,3.40816,3.71056,0,0.638585,6.048,99.3022,98.274,5.4621,0,0,2.49405,2.19165,0,1.92665,3.38688
79.0005,85.139,5.58509,0.47,0.02,2.93831,3.24071,0,0.638689,6.048,99.3022,98.274,5.42749,0,0,2.18489,1.88249,0,1.9269,3.38688
83.0319,85.139,7.73199,0.51,0.02,2.9388,3.2412,0,0.550639,6.048,99.3022,98.274,9.36007,0,0,2.18517,1.88277,0,1.68805,3.38688
84.7119,85.139,5.24536,0.46,0.02,2.93928,3.24168,0,0.55073,6.048,99.3022,98.274,5.57327,0,0,2.18546,1.88306,0,1.68827,3.38688
85.139,85.139,6.02564,0.51,0.02,2.93977,3.24217,0,0.550822,6.048,99.3022,98.274,11.536,0,0,2.18574,1.88334,0,1.68848,3.38688
85.139,85.139,5.66241,0.46,0.02,2.94026,3.24266,0,0.550913,6.048,99.3022,98.274,7.40247,0,0,2.18602,1.88362,0,1.6887,3.38688
85.139,85.139,7.95222,0.48,0.02,3.05924,3.36164,0,0.551004,6.048,99.3022,98.274,7.07239,0,0,2.26207,1.95967,0,1.68892,3.38688
85.139,85.139,5.74827,0.48,0.02,3.05975,3.36215,0,0.573302,6.048,99.3022,98.274,5.55486,0,0,2.26237,1.95997,0,1.74768,3.38688
85.139,85.139,5.56806,0.48,0.02,3.06025,3.36265,0,0.573397,6.048,99.3022,98.274,5.62889,0,0,2.26266,1.96026,0,1.74791,3.38688
85.139,85.139,5.5745,0.48,0.02,3.06076,3.36316,0,0.573491,6.048,99.3022,98.274,5.66468,0,0,2.26296,1.96056,0,1.74813,3.38688
85.139,85.139,5.29972,0.46,0.02,3.0149,3.3173,0,0.573586,6.048,99.3022,98.274,5.44045,0,0,2.23381,1.93141,0,1.74836,3.38688
85.139,85.139,4.38314,0.44,0.02,3.0154,3.3178,0,0.564993,6.048,99.3022,98.274,5.1583,0,0,2.2341,1.9317,0,1.72584,3.38688
85.139,85.139,4.35433,0.41,0.02,3.0159,3.3183,0,0.565086,6.048,99.3022,98.274,5.16766,0,0,2.23439,1.93199,0,1.72606,3.38688
85.139,85.139,4.05185,0.37,0.02,3.0164,3.3188,0,0.565179,6.048,99.3022,98.274,5.24264,0,0,2.23468,1.93228,0,1.72629,3.38688
85.139,85.139,3.59169,0.35,0.02,3.17435,3.47675,0,0.565273,6.048,99.3022,98.274,4.31473,0,0,2.33945,2.03705,0,1.72651,3.38688
84.9104,85.139,3.20225,0.29,0.02,3.17487,3.47727,0,0.594874,6.048,99.3022,98.274,4.16313,0,0,2.33976,2.03736,0,1.80746,3.38688
84.4831,85.139,2.98111,0.37,0.02,3.1754,3.4778,0,0.594972,6.048,99.3022,98.274,3.69614,0,0,2.34006,2.03766,0,1.8077,3.38688
83.9672,85.139,2.81043,0.35,0.02,3.17592,3.47832,0,0.595069,6.048,99.2828,98.274,3.39625,0,0,2.34037,2.03797,0,1.80793,3.38688
83.2273,85.139,2.56863,0.31,0.02,3.17644,3.47884,0,0.595167,6.048,99.2402,98.274,3.32105,0,0,2.34068,2.03828,0,1.80817,3.38688
82.1506,85.139,2.20629,0.29,0.02,3.1458,3.4482,0,0.595265,6.048,99.3022,98.274,3.96016,0,0,2.39845,2.09605,0,1.80841,3.38688
80.8846,85.139,1.9952,0.28,0.02,3.14632,3.44872,0,0.589523,6.048,99.3022,98.274,3.56185,0,0,2.39877,2.09637,0,1.85304,3.38688
79.5665,85.139,1.89473,0.27,0.02,3.14684,3.44924,0,0.58962,6.048,99.2453,98.274,3.49873,0,0,2.39908,2.09668,0,1.85329,3.38688
78.0623,85.139,1.68529,0.26,0.02,3.14735,3.44975,0,0.589717,6.048,99.1233,98.274,3.36903,0,0,2.3994,2.097,0,1.85353,3.38688
76.5398,85.139,1.72426,0.27,0.02,3.22839,3.53079,0,0.589814,6.048,99.009,98.274,3.50543,0,0,2.45096,2.14856,0,1.85377,3.38688
75.0507,85.139,1.739,0.27,0.02,3.22892,3.53132,0,0.605001,6.048,98.9097,98.274,3.66363,0,0,2.45128,2.14888,0,1.89361,3.38688
73.3849,85.139,1.54532,0.26,0.02,3.22945,3.53185,0,0.6051,6.048,98.7578,98.274,3.48994,0,0,2.4516,2.1492,0,1.89386,3.38688
71.6082,85.139,1.41531,0.28,0.02,3.22998,3.53238,0,0.6052,6.048,98.5786,98.274,3.26522,0,0,2.45193,2.14953,0,1.89411,3.38688
69.5645,85.139,1.30964,0.27,0.02,3.46646,3.76886,0,0.605299,6.048,98.3764,98.274,3.38753,0,0,2.63734,2.33494,0,1.89436,3.38688
67.4515,85.139,1.23045,0.26,0.02,3.46703,3.76943,0,0.649615,6.048,98.0502,98.274,2.98847,0,0,2.63769,2.33529,0,2.03761,3.38688
65.4883,85.139,1.37082,0.29,0.02,3.46759,3.76999,0,0.649721,6.048,97.8641,98.274,3.57608,0,0,2.63804,2.33564,0,2.03788,3.38688
63.2797,85.139,1.11283,0.28,0.02,3.46816,3.77056,0,0.649827,6.048,97.4712,98.274,2.70402,0,0,2.63839,2.33599,0,2.03815,3.38688
61.3159,85.139,1.32053,0.29,0.02,3.46872,3.77112,0,0.649933,6.048,97.458,98.274,4.38935,0,0,2.63874,2.33634,0,2.03842,3.38688
59.1944,85.139,1.07882,0.31,0.02,3.35421,3.65661,0,0.650039,6.048,97.0994,98.274,2.56073,0,0,2.52667,2.22427,0,2.03869,3.38688
57.0867,85.139,1.08526,0.31,0.02,3.35476,3.65716,0,0.628579,6.048,96.8041,98.274,2.35946,0,0,2.527,2.2246,0,1.9521,3.38688
55.5024,85.139,1.60887,0.31,0.02,3.35531,3.65771,0,0.628682,6.048,96.6281,98.274,2.78654,0,0,2.52733,2.22493,0,1.95236,3.38688
54.4769,85.139,2.22453,0.36,0.02,3.35586,3.65826,0,0.628785,6.048,96.9456,98.274,4.49756,0,0,2.52767,2.22527,0,1.95262,3.38688
52.6043,85.139,1.21454,0.38,0.02,3.26189,3.56429,0,0.628888,6.048,96.3268,98.274,2.47062,0,0,2.4256,2.1232,0,1.95287,3.38688
50.6619,85.139,1.13229,0.39,0.02,3.26242,3.56482,0,0.611278,6.048,95.2287,98.274,1.75992,0,0,2.42592,2.12352,0,1.87402,3.38688
48.5966,85.139,1.00813,0.51,0.02,3.26296,3.56536,0,0.611378,6.048,94.7958,98.274,1.30403,0,0,2.42624,2.12384,0,1.87426,3.38688
46.8737,85.139,1.33108,0.52,0.02,3.26349,3.56589,0,0.611479,6.048,94.7273,98.274,2.95382,0,0,2.42656,2.12416,0,1.87451,3.38688
47.118,85.139,3.20382,0.28,0.02,2.99544,3.29784,0,0.611579,6.048,95.4538,98.274,5.81389,0,0,2.21348,1.91108,0,1.87476,3.38688
45.8249,85.139,1.54744,0.29,0.02,2.99593,3.29833,0,0.561345,6.048,94.9492,98.274,2.63148,0,0,2.21376,1.91136,0,1.71013,3.38688
44.9069,85.139,1.92714,0.23,0.02,2.99642,3.29882,0,0.561437,6.048,94.1144,98.274,2.27229,0,0,2.21405,1.91165,0,1.71035,3.38688
44.3354,85.139,2.27602,0.34,0.02,2.99692,3.29932,0,0.56153,6.048,93.8554,98.274,2.08368,0,0,2.21434,1.91194,0,1.71058,3.38688
43.7865,85.139,2.2877,0.35,0.02,2.99741,3.29981,0,0.561623,6.048,94.0517,98.274,3.49108,0,0,2.21462,1.91222,0,1.7108,3.38688
43.8042,85.139,2.9679,0.04,0.02,3.10128,3.40368,0,0.561715,6.048,94.3794,98.274,4.06271,0,0,2.27674,1.97434,0,1.71102,3.38688
45.2224,85.139,4.54381,0,0.02,3.40415,3.40415,0,0.581179,6.048,94.9996,98.274,4.61472,0,0,1.97461,1.97461,0,1.75901,3.38688
46.3947,85.139,4.34802,0,0.02,3.40463,3.40463,0,0.637938,6.048,95.5621,98.274,4.3874,0,0,1.97489,1.97489,0,1.52559,3.38688
45.9302,85.139,2.71411,0,0.02,3.40511,3.40511,0,0.638028,6.048,96.2874,98.274,4.88428,0,0,1.97517,1.97517,0,1.5258,3.38688
45.0043,85.139,2.49145,0,0.02,3.73775,3.73775,0,0.638117,6.048,96.5093,98.274,3.66811,0,0,2.20771,2.20771,0,1.52601,3.38688
46.4615,85.139,4.94166,0,0.02,3.73828,3.73828,0,0.700455,6.048,97.2638,98.274,5.40204,0,0,2.20802,2.20802,0,1.70568,3.38688
47.3962,85.139,4.45072,0,0.02,3.7388,3.7388,0,0.700553,6.048,97.395,98.274,4.18974,0,0,2.20833,2.20833,0,1.70592,3.38688
46.4901,85.139,2.52829,0,0.02,3.73932,3.73932,0,0.700651,6.048,97.2411,98.274,2.65432,0,0,2.20864,2.20864,0,1.70615,3.38688
46.9811,85.139,3.6185,0,0.02,3.26579,3.26579,0,0.700749,6.048,97.652,98.274,4.26793,0,0,1.89706,1.89706,0,1.70639,3.38688
47.3928,85.139,3.58469,0,0.02,3.26625,3.26625,0,0.61201,6.048,98.4924,98.274,5.24511,0,0,1.89733,1.89733,0,1.46567,3.38688
47.8884,85.139,3.65359,0,0.02,3.26671,3.26671,0,0.612095,6.048,99.2797,98.274,5.07821,0,0,1.89759,1.89759,0,1.46588,3.38688
48.6347,85.139,3.93002,0,0.02,3.26716,3.26716,0,0.612181,6.048,99.3022,98.274,5.45436,0,0,1.89786,1.89786,0,1.46608,3.38688
50.578,85.139,5.27893,0,0.02,3.26762,3.26762,0,0.612266,6.048,99.3022,98.274,7.21072,0,0,1.89812,1.89812,0,1.46628,3.38688
52.5616,85.139,5.41821,0,0.02,3.38748,3.38748,0,0.612352,6.048,99.3022,98.274,5.40151,0,0,1.97474,1.97474,0,1.46649,3.38688
53.7975,85.139,4.76761,0,0.02,3.38796,3.38796,0,0.634815,6.048,99.3022,98.274,6.15962,0,0,1.97502,1.97502,0,1.52568,3.38688
55.5814,85.139,5.35138,0,0.02,3.38843,3.38843,0,0.634903,6.048,99.3022,98.274,5.65513,0,0,1.97529,1.97529,0,1.5259,3.38688
56.3965,85.139,4.30073,0,0.02,3.3889,3.3889,0,0.634992,6.048,99.3022,98.274,5.33903,0,0,1.97557,1.97557,0,1.52611,3.38688
56.2759,85.139,3.23262,0,0.02,3.34266,3.34266,0,0.63508,6.048,99.3022,98.274,3.76242,0,0,1.94617,1.94617,0,1.52632,3.38688
55.8097,85.139,2.84223,0,0.02,3.34313,3.34313,0,0.626415,6.048,99.3022,98.274,3.43514,0,0,1.94644,1.94644,0,1.50361,3.38688
55.2067,85.139,2.63108,0,0.02,3.3436,3.3436,0,0.626502,6.048,99.2434,98.274,3.17638,0,0,1.94672,1.94672,0,1.50382,3.38688
54.5561,85.139,2.56984,0,0.02,3.34406,3.34406,0,0.62659,6.048,99.274,98.274,3.63622,0,0,1.94699,1.94699,0,1.50403,3.38688
53.8281,85.139,2.59208,0,0.02,3.50318,3.50318,0,0.626677,6.048,99.2897,98.274,3.57865,0,0,2.05254,2.05254,0,1.50424,3.38688
52.9678,85.139,2.41214,0,0.02,3.50367,3.50367,0,0.656497,6.048,99.2019,98.274,3.59277,0,0,2.05282,2.05282,0,1.58579,3.38688
51.8099,85.139,2.08968,0,0.02,3.50416,3.50416,0,0.656588,6.048,99.0267,98.274,3.3144,0,0,2.05311,2.05311,0,1.58601,3.38688
50.4763,85.139,1.88625,0,0.02,3.50465,3.50465,0,0.65668,6.048,98.7548,98.274,2.97675,0,0,2.0534,2.0534,0,1.58623,3.38688
49.0391,85.139,1.73761,0,0.02,3.50514,3.50514,0,0.656772,6.048,98.284,98.274,3.02252,0,0,2.05368,2.05368,0,1.58646,3.38688
47.6064,85.139,1.66505,0,0.02,3.47423,3.47423,0,0.656863,6.048,97.7354,98.274,1.81526,0,0,2.11188,2.11188,0,1.58668,3.38688
46.0603,85.139,1.52132,0,0.02,3.47472,3.47472,0,0.651071,6.048,97.0953,98.274,1.78073,0,0,2.11217,2.11217,0,1.63163,3.38688
44.415,85.139,1.37921,0,0.02,3.4752,3.4752,0,0.651162,6.048,96.4677,98.274,1.61778,0,0,2.11246,2.11246,0,1.63186,3.38688
42.7625,85.139,1.30424,0,0.02,3.47569,3.47569,0,0.651253,6.048,95.7949,98.274,1.5857,0,0,2.11276,2.11276,0,1.63209,3.38688
41.0173,85.139,1.22185,0,0.02,3.5573,3.5573,0,0.651344,6.048,95.2113,98.274,1.69245,0,0,2.16469,2.16469,0,1.63232,3.38688
39.2934,85.139,1.21436,0,0.02,3.5578,3.5578,0,0.666638,6.048,94.5423,98.274,1.7521,0,0,2.16499,2.16499,0,1.67244,3.38688
37.5474,85.139,1.12573,0,0.02,3.55829,3.55829,0,0.666731,6.048,93.7161,98.274,1.68383,0,0,2.16529,2.16529,0,1.67267,3.38688
35.7615,85.139,1.025,0,0.02,3.55879,3.55879,0,0.666824,6.048,93.2286,98.274,1.47915,0,0,2.16559,2.16559,0,1.6729,3.38688
34.0181,85.139,1.1561,0,0.02,3.79699,3.79699,0,0.666917,6.048,92.282,98.274,1.97101,0,0,2.35237,2.35237,0,1.67314,3.38688
32.0171,85.139,0.846229,0,0.02,3.79752,3.79752,0,0.711557,6.048,91.2855,98.274,1.29931,0,0,2.3527,2.3527,0,1.81744,3.38688
30.0823,85.139,0.820894,0,0.02,3.79805,3.79805,0,0.711656,6.048,90.4068,98.274,1.26605,0,0,2.35303,2.35303,0,1.8177,3.38688
28.429,85.139,1.0018,0,0.02,3.79858,3.79858,0,0.711755,6.048,89.4285,98.274,1.44401,0,0,2.35336,2.35336,0,1.81795,3.38688
26.6409,85.139,0.769576,0,0.02,3.79911,3.79911,0,0.711855,6.048,88.9025,98.274,1.24875,0,0,2.35368,2.35368,0,1.8182,3.38688
25.9681,85.139,1.74392,0,0.02,3.68371,3.68371,0,0.711954,6.048,88.7363,98.274,2.58679,0,0,2.24075,2.24075,0,1.81846,3.38688
25.3642,85.139,1.79164,0,0.02,3.68423,3.68423,0,0.690328,6.048,88.6261,98.274,2.67408,0,0,2.24106,2.24106,0,1.7312,3.38688
25.0102,85.139,2.06603,0,0.02,3.68474,3.68474,0,0.690424,6.048,88.7165,98.274,3.26037,0,0,2.24138,2.24138,0,1.73145,3.38688
24.778,85.139,2.38452,0,0.02,3.68525,3.68525,0,0.69052,6.048,88.8001,98.274,3.24294,0,0,2.24169,2.24169,0,1.73169,3.38688
24.6807,85.139,2.36741,0,0.02,3.59056,3.59056,0,0.690617,6.048,88.7117,98.274,2.31387,0,0,2.13885,2.13885,0,1.73193,3.38688
24.5015,85.139,2.24599,0,0.02,3.59106,3.59106,0,0.67287,6.048,88.8224,98.274,3.15328,0,0,2.13914,2.13914,0,1.65247,3.38688
24.311,85.139,2.17333,0,0.02,3.59156,3.59156,0,0.672964,6.048,88.9686,98.274,3.62401,0,0,2.13944,2.13944,0,1.6527,3.38688
24.4174,85.139,2.59249,0,0.02,3.59206,3.59206,0,0.673058,6.048,89.5909,98.274,4.24579,0,0,2.13974,2.13974,0,1.65293,3.38688
27.462,85.139,5.51548,0,0.02,3.322,3.322,0,0.673152,6.048,90.4471,98.274,5.32519,0,0,1.92508,1.92508,0,1.65316,3.38688
36.969,85.139,12.6176,0,0.02,3.32246,3.32246,0,0.622543,6.048,97.7178,98.274,15.7558,0,0,1.92535,1.92535,0,1.48732,3.38688
43.2302,85.139,9.9117,0,0.02,3.32292,3.32292,0,0.622629,6.048,99.3022,98.274,11.8677,0,0,1.92562,1.92562,0,1.48752,3.38688
50.3746,85.139,10.9992,0,0.02,3.32339,3.32339,0,0.622716,6.048,99.3022,98.274,12.6497,0,0,1.92589,1.92589,0,1.48773,3.38688
57.1147,85.139,10.4988,0.02,0.02,3.02145,3.32385,0,0.622803,6.048,99.3022,98.274,10.925,0,0,2.22855,1.92615,0,1.48794,3.38688
62.5168,85.139,9.39701,0,0.02,3.42844,3.42844,0,0.56622,6.048,99.3022,98.274,12.531,0,0,1.9887,1.9887,0,1.72178,3.38688
64.7459,85.139,6.10151,0,0.02,3.42888,3.42888,0,0.642489,6.048,99.3022,98.274,9.09722,0,0,1.98896,1.98896,0,1.53647,3.38688
66.0362,85.139,5.0745,0,0.02,3.42933,3.42933,0,0.642572,6.048,99.3022,98.274,7.39432,0,0,1.98921,1.98921,0,1.53667,3.38688
66.487,85.139,4.17142,0,0.02,3.42977,3.42977,0,0.642656,6.048,99.3022,98.274,5.78911,0,0,1.98947,1.98947,0,1.53687,3.38688
67.5541,85.139,5.26044,0,0.02,3.76479,3.76479,0,0.642739,6.048,99.2908,98.274,6.60013,0,0,2.22368,2.22368,0,1.53707,3.38688
67.4653,85.139,3.94922,0,0.02,3.76528,3.76528,0,0.705521,6.048,99.3022,98.274,4.1064,0,0,2.22397,2.22397,0,1.71802,3.38688
68.5584,85.139,5.27137,0,0.02,3.76576,3.76576,0,0.705613,6.048,99.3022,98.274,6.09175,0,0,2.22426,2.22426,0,1.71824,3.38688
70.1803,85.139,5.81167,0,0.02,3.76625,3.76625,0,0.705704,6.048,99.3022,98.274,8.49122,0,0,2.22454,2.22454,0,1.71846,3.38688
74.7009,85.139,8.41349,0,0.02,3.28928,3.28928,0,0.705796,6.048,99.3022,98.274,10.7414,0,0,1.91071,1.91071,0,1.71868,3.38688
76.8263,85.139,5.87328,0,0.02,3.28971,3.28971,0,0.616411,6.048,99.3022,98.274,5.77037,0,0,1.91095,1.91095,0,1.47621,3.38688
77.925,85.139,4.81956,0,0.02,3.29013,3.29013,0,0.616491,6.048,99.3022,98.274,4.61123,0,0,1.9112,1.9112,0,1.4764,3.38688
80.1356,85.139,6.04591,0,0.02,3.29056,3.29056,0,0.616571,6.048,99.3022,98.274,5.87073,0,0,1.91145,1.91145,0,1.47659,3.38688
84.2658,85.139,8.21943,0,0.02,3.29098,3.29098,0,0.616651,6.048,99.3022,98.274,8.1441,0,0,1.9117,1.9117,0,1.47678,3.38688
84.8017,85.139,4.51095,0,0.02,3.41167,3.41167,0,0.616731,6.048,99.3022,98.274,4.77607,0,0,1.98884,1.98884,0,1.47698,3.38688
85.139,85.139,5.60447,0,0.02,3.41211,3.41211,0,0.639347,6.048,99.3022,98.274,6.13274,0,0,1.9891,1.9891,0,1.53658,3.38688
85.139,85.139,3.96985,0,0.02,3.41256,3.41256,0,0.63943,6.048,99.3022,98.274,4.20336,0,0,1.98935,1.98935,0,1.53678,3.38688
84.7478,85.139,3.46029,0,0.02,3.413,3.413,0,0.639513,6.048,99.3022,98.274,3.59745,0,0,1.98961,1.98961,0,1.53698,3.38688
83.9762,85.139,2.93045,0,0.02,3.36639,3.36639,0,0.639596,6.048,99.3022,98.274,3.82964,0,0,1.95999,1.95999,0,1.53717,3.38688
82.754,85.139,2.44419,0,0.02,3.36683,3.36683,0,0.630862,6.048,99.3022,98.274,3.828,0,0,1.96024,1.96024,0,1.51429,3.38688
81.9172,85.139,2.82564,0,0.02,3.36726,3.36726,0,0.630944,6.048,99.3022,98.274,3.81649,0,0,1.9605,1.9605,0,1.51448,3.38688
81.427,85.139,3.17956,0,0.02,3.3677,3.3677,0,0.631025,6.048,99.3022,98.274,3.93029,0,0,1.96075,1.96075,0,1.51468,3.38688
79.9097,85.139,2.18593,0,0.02,3.52791,3.52791,0,0.631107,6.048,99.3022,98.274,3.4374,0,0,2.06703,2.06703,0,1.51488,3.38688
78.2818,85.139,1.98161,0,0.02,3.52837,3.52837,0,0.66113,6.048,99.3022,98.274,2.93916,0,0,2.06729,2.06729,0,1.59698,3.38688
76.5944,85.139,1.89836,0,0.02,3.52882,3.52882,0,0.661216,6.048,99.3022,98.274,2.9199,0,0,2.06756,2.06756,0,1.59719,3.38688
74.8266,85.139,1.80278,0,0.02,3.52928,3.52928,0,0.661301,6.048,99.3022,98.274,3.01624,0,0,2.06783,2.06783,0,1.5974,3.38688
72.9375,85.139,1.67312,0,0.02,3.52974,3.52974,0,0.661387,6.048,99.2874,98.274,2.89807,0,0,2.0681,2.0681,0,1.5976,3.38688
71.6273,85.139,2.19713,0,0.02,3.49858,3.49858,0,0.661473,6.048,99.3022,98.274,3.23174,0,0,2.12667,2.12667,0,1.59781,3.38688
70.3614,85.139,2.22948,0,0.02,3.49903,3.49903,0,0.655633,6.048,99.3022,98.274,3.21299,0,0,2.12695,2.12695,0,1.64307,3.38688
68.9496,85.139,2.03881,0,0.02,3.49948,3.49948,0,0.655718,6.048,99.2642,98.274,3.0206,0,0,2.12722,2.12722,0,1.64328,3.38688
67.3716,85.139,1.84367,0,0.02,3.49993,3.49993,0,0.655803,6.048,99.1776,98.274,3.01276,0,0,2.1275,2.1275,0,1.64349,3.38688
65.7648,85.139,1.87473,0,0.02,3.58208,3.58208,0,0.655888,6.048,99.1052,98.274,2.98331,0,0,2.17977,2.17977,0,1.6437,3.38688
64.0017,85.139,1.66833,0,0.02,3.58254,3.58254,0,0.671281,6.048,98.8946,98.274,2.65312,0,0,2.18005,2.18005,0,1.68409,3.38688
62.1572,85.139,1.56135,0,0.02,3.58301,3.58301,0,0.671368,6.048,98.6263,98.274,2.42249,0,0,2.18033,2.18033,0,1.68431,3.38688
60.3155,85.139,1.53429,0,0.02,3.58347,3.58347,0,0.671455,6.048,98.4174,98.274,2.6131,0,0,2.18061,2.18061,0,1.68452,3.38688
58.437,85.139,1.65091,0,0.02,3.82329,3.82329,0,0.671542,6.048,98.2721,98.274,2.88748,0,0,2.36866,2.36866,0,1.68474,3.38688
56.3591,85.139,1.39245,0,0.02,3.82378,3.82378,0,0.716484,6.048,97.9515,98.274,2.31553,0,0,2.36897,2.36897,0,1.83003,3.38688
54.471,85.139,1.56804,0,0.02,3.82428,3.82428,0,0.716577,6.048,97.7639,98.274,2.83153,0,0,2.36927,2.36927,0,1.83026,3.38688
52.3053,85.139,1.26291,0,0.02,3.82477,3.82477,0,0.716669,6.048,97.3733,98.274,2.06382,0,0,2.36958,2.36958,0,1.8305,3.38688
50.4543,85.139,1.52794,0,0.02,3.82527,3.82527,0,0.716762,6.048,97.3787,98.274,3.53864,0,0,2.36989,2.36989,0,1.83074,3.38688
48.7742,85.139,1.591,0,0.02,3.70903,3.70903,0,0.716855,6.048,97.3481,98.274,4.00479,0,0,2.25615,2.25615,0,1.83097,3.38688
47.3648,85.139,1.83494,0,0.02,3.70951,3.70951,0,0.695073,6.048,97.4985,98.274,4.65833,0,0,2.25644,2.25644,0,1.7431,3.38688
46.665,85.139,2.5494,0,0.02,3.70999,3.70999,0,0.695162,6.048,97.768,98.274,5.07833,0,0,2.25674,2.25674,0,1.74333,3.38688
46.8828,85.139,3.57151,0,0.02,3.71047,3.71047,0,0.695252,6.048,98.8151,98.274,8.40377,0,0,2.25703,2.25703,0,1.74355,3.38688
46.8024,85.139,3.29528,0,0.02,3.61509,3.61509,0,0.695342,6.048,99.3022,98.274,7.41294,0,0,2.15346,2.15346,0,1.74378,3.38688
48.2094,85.139,4.80429,0,0.02,3.61556,3.61556,0,0.677467,6.048,99.3022,98.274,8.78878,0,0,2.15374,2.15374,0,1.66376,3.38688
48.7194,85.139,3.95172,0,0.02,3.61602,3.61602,0,0.677555,6.048,99.3022,98.274,7.75666,0,0,2.15402,2.15402,0,1.66398,3.38688
49.9872,85.139,4.68529,0,0.02,3.61649,3.61649,0,0.677643,6.048,99.3022,98.274,7.57772,0,0,2.15429,2.15429,0,1.66419,3.38688
50.9292,85.139,4.2542,0,0.02,3.34456,3.34456,0,0.67773,6.048,99.3022,98.274,5.48373,0,0,1.93815,1.93815,0,1.66441,3.38688
51.1255,85.139,3.56561,0,0.02,3.34499,3.34499,0,0.62677,6.048,99.3022,98.274,4.58369,0,0,1.9384,1.9384,0,1.49742,3.38688
51.8948,85.139,4.16247,0,0.02,3.34542,3.34542,0,0.626851,6.048,99.3022,98.274,5.64588,0,0,1.93865,1.93865,0,1.49761,3.38688
54.6573,85.139,6.15361,0,0.02,3.34586,3.34586,0,0.626932,6.048,99.3022,98.274,6.74385,0,0,1.93891,1.93891,0,1.4978,3.38688
58.2056,85.139,7.00574,0,0.02,3.34629,3.34629,0,0.627013,6.048,99.3022,98.274,6.9203,0,0,1.93916,1.93916,0,1.498,3.38688
63.6261,85.139,9.12342,0,0.02,3.34629,3.34629,0,0.627094,6.048,99.3022,98.274,6.36529,0,0,1.93916,1.93916,0,1.49819,3.38688
72.0426,85.139,12.2708,0,0.02,3.45155,3.45155,0,0.627094,6.048,99.3022,98.274,7.80985,0,0,2.0021,2.0021,0,1.49819,3.38688
78.8813,85.139,10.8661,0,0.02,3.45196,3.45196,0,0.64682,6.048,99.3022,98.274,5.74526,0,0,2.00234,2.00234,0,1.54683,3.38688
85.139,85.139,10.7765,0,0.02,3.45237,3.45237,0,0.646897,6.048,99.3022,98.274,6.80695,0,0,2.00258,2.00258,0,1.54701,3.38688
85.139,85.139,8.13542,0,0.02,3.45278,3.45278,0,0.646974,6.048,99.3022,98.274,4.79999,0,0,2.00282,2.00282,0,1.5472,3.38688
85.139,85.139,10.116,0,0.02,3.79001,3.79001,0,0.647052,6.048,99.3022,98.274,5.59164,0,0,2.23858,2.23858,0,1.54738,3.38688
85.139,85.139,8.18945,0,0.02,3.79047,3.79047,0,0.710248,6.048,99.3022,98.274,5.06531,0,0,2.23885,2.23885,0,1.72953,3.38688
85.139,85.139,9.59031,0,0.02,3.79092,3.79092,0,0.710333,6.048,99.3022,98.274,5.36328,0,0,2.23911,2.23911,0,1.72973,3.38688
85.139,85.139,9.12966,0,0.02,3.79137,3.79137,0,0.710418,6.048,99.3022,98.274,5.2422,0,0,2.23938,2.23938,0,1.72994,3.38688
85.139,85.139,6.76247,0,0.02,3.31119,3.31119,0,0.710503,6.048,99.3022,98.274,6.48797,0,0,1.92343,1.92343,0,1.73015,3.38688
85.139,85.139,4.88792,0.14,0.02,3.00918,3.31158,0,0.620516,6.048,99.3022,98.274,5.68222,0,0,2.22606,1.92366,0,1.48604,3.38688
85.139,85.139,6.491,0.22,0.02,3.00958,3.31198,0,0.563921,6.048,99.3022,98.274,5.52888,0,0,2.22629,1.92389,0,1.71985,3.38688
85.139,85.139,5.36292,0.3,0.02,3.00997,3.31237,0,0.563995,6.048,99.3022,98.274,6.88645,0,0,2.22652,1.92412,0,1.72003,3.38688
85.139,85.139,8.07051,0.31,0.02,3.01037,3.31277,0,0.564069,6.048,99.3022,98.274,6.82913,0,0,2.22675,1.92435,0,1.72021,3.38688
85.139,85.139,8.13503,0.56,0.02,3.13182,3.43422,0,0.564143,6.048,99.3022,98.274,7.0801,0,0,2.30438,2.00198,0,1.72039,3.38688
85.139,85.139,5.77555,0.56,0.02,3.13223,3.43463,0,0.586903,6.048,99.3022,98.274,5.63786,0,0,2.30462,2.00222,0,1.78037,3.38688
85.139,85.139,5.09781,0.56,0.02,3.13264,3.43504,0,0.58698,6.048,99.3022,98.274,5.55073,0,0,2.30486,2.00246,0,1.78055,3.38688
85.139,85.139,4.7783,0.55,0.02,3.13305,3.43545,0,0.587057,6.048,99.3022,98.274,5.45014,0,0,2.3051,2.0027,0,1.78074,3.38688
85.139,85.139,5.07165,0.52,0.02,3.08611,3.38851,0,0.587134,6.048,99.3022,98.274,3.65744,0,0,2.27526,1.97286,0,1.78092,3.38688
85.139,85.139,3.96801,0.49,0.02,3.08651,3.38891,0,0.578336,6.048,99.3022,98.274,3.1754,0,0,2.2755,1.9731,0,1.75787,3.38688
85.139,85.139,3.60479,0.45,0.02,3.08692,3.38932,0,0.578412,6.048,99.0634,98.274,2.50152,0,0,2.27573,1.97333,0,1.75805,3.38688
84.9361,85.139,3.16618,0.4,0.02,3.08732,3.38972,0,0.578488,6.048,98.8341,98.274,2.3278,0,0,2.27597,1.97357,0,1.75823,3.38688
85.0315,85.139,3.60095,0.54,0.02,3.24854,3.55094,0,0.578564,6.048,98.7107,98.274,2.70377,0,0,2.38292,2.08052,0,1.75841,3.38688
84.7839,85.139,3.24256,0.48,0.02,3.24897,3.55137,0,0.608777,6.048,98.5109,98.274,2.50942,0,0,2.38317,2.08077,0,1.84104,3.38688
84.4489,85.139,3.14094,0.4,0.02,3.24939,3.55179,0,0.608856,6.048,98.1766,98.274,2.27262,0,0,2.38342,2.08102,0,1.84124,3.38688
83.7951,85.139,2.77838,0.37,0.02,3.24982,3.55222,0,0.608936,6.048,97.7632,98.274,2.14958,0,0,2.38367,2.08127,0,1.84143,3.38688
82.9284,85.139,2.51942,0.33,0.02,3.25024,3.55264,0,0.609015,6.048,97.2798,98.274,2.03396,0,0,2.38391,2.08151,0,1.84162,3.38688
81.9674,85.139,2.3589,0.3,0.02,3.21884,3.52124,0,0.609095,6.048,96.7161,98.274,1.94171,0,0,2.44285,2.14045,0,1.84181,3.38688
80.9033,85.139,2.23727,0.29,0.02,3.21926,3.52166,0,0.603211,6.048,96.0733,98.274,1.8649,0,0,2.44311,2.14071,0,1.88735,3.38688
79.6907,85.139,2.07411,0.28,0.02,3.21968,3.52208,0,0.60329,6.048,95.302,98.274,1.7387,0,0,2.44336,2.14096,0,1.88754,3.38688
78.4227,85.139,2.00188,0.26,0.02,3.2201,3.5225,0,0.603368,6.048,94.4702,98.274,1.62424,0,0,2.44362,2.14122,0,1.88774,3.38688
77.0703,85.139,1.96098,0.29,0.02,3.30274,3.60514,0,0.603447,6.048,93.6132,98.274,1.56808,0,0,2.4962,2.1938,0,1.88794,3.38688
75.5698,85.139,1.79651,0.28,0.02,3.30317,3.60557,0,0.618934,6.048,92.6676,98.274,1.52675,0,0,2.49646,2.19406,0,1.92856,3.38688
73.92,85.139,1.63014,0.27,0.02,3.3036,3.606,0,0.619014,6.048,91.6919,98.274,1.39921,0,0,2.49672,2.19432,0,1.92877,3.38688
72.104,85.139,1.43268,0.14,0.02,3.30403,3.60643,0,0.619095,6.048,90.6473,98.274,1.38426,0,0,2.49699,2.19459,0,1.92897,3.38688
70.0245,85.139,1.36452,0.26,0.02,3.54535,3.84775,0,0.619176,6.048,89.7322,98.274,1.25424,0,0,2.68622,2.38382,0,1.92917,3.38688
68.134,85.139,1.55199,0.16,0.02,3.54581,3.84821,0,0.664399,6.048,88.6116,98.274,1.52089,0,0,2.6865,2.3841,0,2.07537,3.38688
65.9741,85.139,1.26107,0.02,0.02,3.54627,3.84867,0,0.664485,6.048,87.9394,98.274,1.08377,0,0,2.68678,2.38438,0,2.07559,3.38688
64.1276,85.139,1.54391,0.17,0.02,3.54673,3.84913,0,0.664571,6.048,87.1221,98.274,1.95608,0,0,2.68707,2.38467,0,2.07581,3.38688
61.4502,85.139,0.918281,0,0.02,3.84959,3.84959,0,0.664657,6.048,85.9792,98.274,1.29605,0,0,2.38495,2.38495,0,2.07603,3.38688
58.8695,85.139,0.638232,0.17,0.02,3.43018,3.73258,0,0.721413,6.048,84.7087,98.274,0.958926,0,0,2.57287,2.27047,0,1.84261,3.38688
56.0966,85.139,0.66224,0,0.02,3.73302,3.73302,0,0.642815,6.048,84.0007,98.274,0.930863,0,0,2.27074,2.27074,0,1.9878,3.38688
54.4553,85.139,1.92597,0,0.02,3.73347,3.73347,0,0.699568,6.048,83.4988,98.274,1.676,0,0,2.27102,2.27102,0,1.75438,3.38688
52.4015,85.139,1.45445,0,0.02,3.73391,3.73391,0,0.699652,6.048,82.7456,98.274,1.48918,0,0,2.27129,2.27129,0,1.75459,3.38688
50.3779,85.139,1.32478,0,0.02,3.63789,3.63789,0,0.699735,6.048,81.9465,98.274,1.51643,0,0,2.16704,2.16704,0,1.7548,3.38688
48.2167,85.139,1.17956,0,0.02,3.63832,3.63832,0,0.681741,6.048,81.7391,98.274,1.11096,0,0,2.1673,2.1673,0,1.67426,3.38688
46.4564,85.139,1.55739,0,0.02,3.63876,3.63876,0,0.681822,6.048,81.6217,98.274,2.60983,0,0,2.16756,2.16756,0,1.67446,3.38688
47.2371,85.139,4.24025,0,0.02,3.63919,3.63919,0,0.681903,6.048,82.3493,98.274,5.02372,0,0,2.16782,2.16782,0,1.67466,3.38688
45.899,85.139,1.79397,0,0.02,3.36552,3.36552,0,0.681985,6.048,82.0168,98.274,2.34169,0,0,1.9503,1.9503,0,1.67486,3.38688
44.0035,85.139,1.15423,0,0.02,3.36592,3.36592,0,0.630699,6.048,81.8311,98.274,1.4766,0,0,1.95053,1.95053,0,1.5068,3.38688
42.8919,85.139,2.00199,0,0.02,3.36632,3.36632,0,0.630774,6.048,82.0093,98.274,3.48227,0,0,1.95077,1.95077,0,1.50698,3.38688
42.063,85.139,2.26781,0,0.02,3.36673,3.36673,0,0.630849,6.048,82.0307,98.274,2.98461,0,0,1.951,1.951,0,1.50716,3.38688
43.9715,85.139,5.19074,0,0.02,3.36713,3.36713,0,0.630924,6.048,82.1775,98.274,3.9741,0,0,1.95123,1.95123,0,1.50734,3.38688
45.8044,85.139,5.30685,0,0.02,3.47301,3.47301,0,0.631,6.048,82.5343,98.274,4.20538,0,0,2.01455,2.01455,0,1.50752,3.38688
46.9751,85.139,4.50252,0,0.02,3.47339,3.47339,0,0.650841,6.048,82.9468,98.274,4.57522,0,0,2.01477,2.01477,0,1.55644,3.38688
50.0146,85.139,6.49939,0,0.02,3.47377,3.47377,0,0.650913,6.048,83.4715,98.274,5.18733,0,0,2.01499,2.01499,0,1.55661,3.38688
53.1943,85.139,6.82439,0,0.02,3.47415,3.47415,0,0.650984,6.048,84.0989,98.274,5.86969,0,0,2.01522,2.01522,0,1.55678,3.38688
57.8227,85.139,8.60325,0,0.02,3.81343,3.81343,0,0.651055,6.048,86.4769,98.274,10.7345,0,0,2.25241,2.25241,0,1.55696,3.38688
61.892,85.139,8.1156,0,0.02,3.81385,3.81385,0,0.714636,6.048,88.1874,98.274,8.71771,0,0,2.25266,2.25266,0,1.74021,3.38688
70.5422,85.139,12.9901,0,0.02,3.81426,3.81426,0,0.714715,6.048,89.8729,98.274,9.63287,0,0,2.2529,2.2529,0,1.7404,3.38688
74.3696,85.139,8.0914,0,0.02,3.81468,3.81468,0,0.714793,6.048,91.176,98.274,6.99327,0,0,2.25315,2.25315,0,1.74059,3.38688
77.3421,85.139,6.87668,0,0.02,3.33151,3.33151,0,0.714871,6.048,91.7688,98.274,5.95341,0,0,1.93524,1.93524,0,1.74078,3.38688
80.1339,85.139,6.95068,0,0.02,3.33188,3.33188,0,0.624325,6.048,94.3207,98.274,10.0433,0,0,1.93545,1.93545,0,1.49516,3.38688
82.6598,85.139,6.54928,0,0.02,3.33224,3.33224,0,0.624394,6.048,95.1116,98.274,6.65664,0,0,1.93566,1.93566,0,1.49533,3.38688
85.139,85.139,9.5705,0,0.02,3.33261,3.33261,0,0.624462,6.048,98.6301,98.274,13.9205,0,0,1.93587,1.93587,0,1.49549,3.38688
85.139,85.139,12.6599,0,0.02,3.33297,3.33297,0,0.624531,6.048,99.3022,98.274,12.9184,0,0,1.93609,1.93609,0,1.49566,3.38688
85.139,85.139,11.873,0,0.02,3.45513,3.45513,0,0.624599,6.048,99.3022,98.274,11.8577,0,0,2.01417,2.01417,0,1.49582,3.38688
85.139,85.139,13.085,0.28,0.02,3.15311,3.45551,0,0.647492,6.048,99.3022,98.274,14.8011,0,0,2.3168,2.0144,0,1.55615,3.38688
85.139,85.139,12.969,0.59,0.02,3.15349,3.45589,0,0.590893,6.048,99.3022,98.274,13.2062,0,0,2.31702,2.01462,0,1.78996,3.38688
85.139,85.139,9.32231,0.58,0.02,3.15387,3.45627,0,0.590964,6.048,99.3022,98.274,9.44629,0,0,2.31724,2.01484,0,1.79013,3.38688
85.139,85.139,7.04802,0.55,0.02,3.10661,3.40901,0,0.591035,6.048,99.3022,98.274,7.37797,0,0,2.2872,1.9848,0,1.7903,3.38688
85.139,85.139,5.69296,0.53,0.02,3.10698,3.40938,0,0.582178,6.048,99.3022,98.274,7.86452,0,0,2.28742,1.98502,0,1.76709,3.38688
85.139,85.139,7.37767,0.47,0.02,3.10735,3.40975,0,0.582248,6.048,99.3022,98.274,9.59465,0,0,2.28763,1.98523,0,1.76726,3.38688
85.139,85.139,5.45486,0.42,0.02,3.10773,3.41013,0,0.582318,6.048,99.3022,98.274,8.36421,0,0,2.28785,1.98545,0,1.76743,3.38688
85.139,85.139,4.88494,0.39,0.02,3.26988,3.57228,0,0.582388,6.048,99.3022,98.274,6.15684,0,0,2.39542,2.09302,0,1.76759,3.38688
85.139,85.139,4.48763,0.35,0.02,3.27028,3.57268,0,0.612776,6.048,99.3022,98.274,5.22648,0,0,2.39565,2.09325,0,1.85071,3.38688
85.139,85.139,4.30224,0.32,0.02,3.27067,3.57307,0,0.61285,6.048,99.3022,98.274,5.20233,0,0,2.39588,2.09348,0,1.85088,3.38688
85.139,85.139,4.08487,0.3,0.02,3.27106,3.57346,0,0.612923,6.048,99.3022,98.274,5.42916,0,0,2.39611,2.09371,0,1.85106,3.38688
85.139,85.139,4.07859,0.28,0.02,3.27145,3.57385,0,0.612996,6.048,99.3022,98.274,4.50785,0,0,2.39634,2.09394,0,1.85124,3.38688
85.139,85.139,4.08175,0.26,0.02,3.23983,3.54223,0,0.61307,6.048,99.3022,98.274,3.97076,0,0,2.45561,2.15321,0,1.85141,3.38688
85.139,85.139,3.87192,0.25,0.02,3.24022,3.54262,0,0.607144,6.048,99.2986,98.274,3.87402,0,0,2.45584,2.15344,0,1.8972,3.38688
85.139,85.139,3.62598,0.23,0.02,3.24061,3.54301,0,0.607217,6.048,99.2881,98.274,3.90005,0,0,2.45608,2.15368,0,1.89739,3.38688
85.0565,85.139,3.31504,0.23,0.02,3.24099,3.54339,0,0.60729,6.048,99.2078,98.274,3.56708,0,0,2.45632,2.15392,0,1.89757,3.38688
84.9233,85.139,3.33052,0.26,0.02,3.32409,3.62649,0,0.607362,6.048,99.1253,98.274,3.50128,0,0,2.50919,2.20679,0,1.89775,3.38688
84.6266,85.139,3.14419,0.24,0.02,3.32448,3.62688,0,0.622934,6.048,98.9477,98.274,3.6339,0,0,2.50943,2.20703,0,1.9386,3.38688
84.1376,85.139,2.94196,0.24,0.02,3.32488,3.62728,0,0.623008,6.048,98.7099,98.274,3.31226,0,0,2.50967,2.20727,0,1.93879,3.38688
83.6142,85.139,2.89299,0.24,0.02,3.32528,3.62768,0,0.623083,6.048,98.534,98.274,3.57398,0,0,2.50992,2.20752,0,1.93897,3.38688
82.1217,85.139,2.07474,0.25,0.02,3.56798,3.87038,0,0.623157,6.048,98.1362,98.274,2.67617,0,0,2.70024,2.39784,0,1.93916,3.38688
80.3233,85.139,1.7496,0.25,0.02,3.5684,3.8708,0,0.66864,6.048,97.6894,98.274,2.34873,0,0,2.7005,2.3981,0,2.0862,3.38688
78.2455,85.139,1.47861,0.25,0.02,3.56883,3.87123,0,0.668719,6.048,97.172,98.274,2.07128,0,0,2.70076,2.39836,0,2.08641,3.38688
76.3289,85.139,1.60774,0.27,0.02,3.56925,3.87165,0,0.668798,6.048,96.8353,98.274,2.70403,0,0,2.70102,2.39862,0,2.08661,3.38688
74.3937,85.139,1.64158,0.27,0.02,3.56968,3.87208,0,0.668878,6.048,96.4246,98.274,2.94947,0,0,2.70129,2.39889,0,2.08681,3.38688
72.7899,85.139,1.93926,0.27,0.02,3.45195,3.75435,0,0.668957,6.048,96.3691,98.274,4.72835,0,0,2.58612,2.28372,0,2.08701,3.38688
71.3707,85.139,2.14119,0.29,0.02,3.45236,3.75476,0,0.646895,6.048,96.4344,98.274,4.97313,0,0,2.58637,2.28397,0,1.99803,3.38688
69.9919,85.139,2.16461,0.29,0.02,3.45277,3.75517,0,0.646972,6.048,96.3254,98.274,4.4925,0,0,2.58662,2.28422,0,1.99823,3.38688
68.3114,85.139,1.93392,0.29,0.02,3.45318,3.75558,0,0.647049,6.048,96.1539,98.274,4.57904,0,0,2.58687,2.28447,0,1.99842,3.38688
65.6964,85.139,0.837135,0.3,0.02,3.35656,3.65896,0,0.647126,6.048,95.8507,98.274,2.3602,0,0,2.482,2.1796,0,1.99861,3.38688
63.9502,85.139,1.73507,0.33,0.02,3.35697,3.65937,0,0.62902,6.048,96.1648,98.274,4.68164,0,0,2.48224,2.17984,0,1.91759,3.38688
63.8467,85.139,3.538,0.34,0.02,3.35737,3.65977,0,0.629095,6.048,97.5858,98.274,9.3848,0,0,2.48247,2.18007,0,1.91777,3.38688
63.1786,85.139,2.83173,0.36,0.02,3.35777,3.66017,0,0.62917,6.048,98.5498,98.274,6.95528,0,0,2.48271,2.18031,0,1.91796,3.38688
62.899,85.139,2.97298,0.39,0.02,3.08248,3.38488,0,0.629245,6.048,98.9525,98.274,5.42993,0,0,2.26392,1.96152,0,1.91814,3.38688
63.4785,85.139,3.8736,0.41,0.02,3.08286,3.38526,0,0.577658,6.048,99.2299,98.274,4.62954,0,0,2.26414,1.96174,0,1.74911,3.38688
63.5697,85.139,3.35812,0.45,0.02,3.08323,3.38563,0,0.577727,6.048,99.3022,98.274,4.46987,0,0,2.26435,1.96195,0,1.74927,3.38688
64.8594,85.139,4.56199,0.47,0.02,3.0836,3.386,0,0.577797,6.048,99.3022,98.274,4.49752,0,0,2.26457,1.96217,0,1.74944,3.38688
66.0648,85.139,4.52033,0.48,0.02,3.08397,3.38637,0,0.577866,6.048,99.2915,98.274,4.17271,0,0,2.26478,1.96238,0,1.7496,3.38688
65.7818,85.139,3.09882,0.56,0.02,3.19042,3.49282,0,0.577935,6.048,99.128,98.274,2.92555,0,0,2.32844,2.02604,0,1.74977,3.38688
66.3999,85.139,4.07364,0.58,0.02,3.19077,3.49317,0,0.597884,6.048,99.3022,98.274,3.82536,0,0,2.32865,2.02625,0,1.79896,3.38688
66.0156,85.139,2.98563,0.6,0.02,3.19112,3.49352,0,0.59795,6.048,99.3022,98.274,4.10554,0,0,2.32885,2.02645,0,1.79911,3.38688
64.7859,85.139,2.09384,0.6,0.02,3.19147,3.49387,0,0.598015,6.048,99.2576,98.274,2.85251,0,0,2.32905,2.02665,0,1.79927,3.38688
63.2396,85.139,2.10291,0.61,0.02,3.53263,3.83503,0,0.598081,6.048,99.3022,98.274,3.06278,0,0,2.56757,2.26517,0,1.79943,3.38688
63.9155,85.139,4.3982,0.64,0.02,3.53302,3.83542,0,0.662015,6.048,98.7297,98.274,3.2798,0,0,2.5678,2.2654,0,1.9837,3.38688
62.313,85.139,2.00413,0.7,0.02,3.5334,3.8358,0,0.662087,6.048,97.9903,98.274,1.96025,0,0,2.56802,2.26562,0,1.98388,3.38688
61.075,85.139,2.32482,0.81,0.02,3.53378,3.83618,0,0.662159,6.048,97.6129,98.274,2.17416,0,0,2.56825,2.26585,0,1.98405,3.38688
62.5127,85.139,4.69416,0.82,0.02,3.04786,3.35026,0,0.662231,6.048,97.8718,98.274,4.2365,0,0,2.24853,1.94613,0,1.98423,3.38688
64.6768,85.139,5.44154,0.41,0.02,3.04819,3.35059,0,0.571169,6.048,98.2529,98.274,4.68899,0,0,2.24872,1.94632,0,1.73721,3.38688
66.517,85.139,5.139,0.67,0.02,3.04853,3.35093,0,0.571231,6.048,98.6138,98.274,4.67818,0,0,2.24892,1.94652,0,1.73736,3.38688
70.1748,85.139,6.98524,0.84,0.02,3.04886,3.35126,0,0.571294,6.048,99.2609,98.274,5.44607,0,0,2.24911,1.94671,0,1.73751,3.38688
74.1815,85.139,7.39953,0.42,0.02,3.0492,3.3516,0,0.571357,6.048,99.3022,98.274,5.25831,0,0,2.24931,1.94691,0,1.73766,3.38688
76.3875,85.139,5.67911,0.42,0.02,3.17201,3.47441,0,0.57142,6.048,99.3022,98.274,4.15287,0,0,2.32781,2.02541,0,1.73781,3.38688
78.051,85.139,5.07872,0.42,0.02,3.17235,3.47475,0,0.594434,6.048,99.3022,98.274,3.66786,0,0,2.32801,2.02561,0,1.79847,3.38688
79.5272,85.139,4.94014,0.6,0.02,3.1727,3.4751,0,0.594499,6.048,99.3022,98.274,3.39769,0,0,2.32822,2.02582,0,1.79862,3.38688
80.5095,85.139,4.39954,0.35,0.02,3.17305,3.47545,0,0.594564,6.048,99.3022,98.274,3.5396,0,0,2.32842,2.02602,0,1.79878,3.38688
81.7788,85.139,4.63175,0.36,0.02,3.12549,3.42789,0,0.594629,6.048,99.2426,98.274,3.22969,0,0,2.29819,1.99579,0,1.79894,3.38688
82.2201,85.139,3.81147,0.36,0.02,3.12583,3.42823,0,0.585717,6.048,99.2323,98.274,2.79838,0,0,2.29839,1.99599,0,1.77558,3.38688
82.4526,85.139,3.49508,0.33,0.02,3.12618,3.42858,0,0.585781,6.048,99.1029,98.274,2.52263,0,0,2.29859,1.99619,0,1.77574,3.38688
82.5927,85.139,3.39909,0.27,0.02,3.12652,3.42892,0,0.585845,6.048,98.8735,98.274,2.81366,0,0,2.29879,1.99639,0,1.77589,3.38688
82.0335,85.139,2.83097,0.12,0.02,3.28954,3.59194,0,0.58591,6.048,98.4504,98.274,2.27153,0,0,2.40694,2.10454,0,1.77605,3.38688
80.8635,85.139,2.42334,0,0.02,3.59229,3.59229,0,0.616459,6.048,98.0629,98.274,2.02073,0,0,2.10475,2.10475,0,1.8596,3.38688
79.5771,85.139,2.27594,0,0.02,3.59265,3.59265,0,0.673196,6.048,97.5975,98.274,2.05076,0,0,2.10496,2.10496,0,1.62613,3.38688
78.2152,85.139,2.18541,0,0.02,3.59301,3.59301,0,0.673263,6.048,97.0758,98.274,2.0003,0,0,2.10517,2.10517,0,1.62629,3.38688
76.7531,85.139,2.11142,0,0.02,3.59337,3.59337,0,0.673331,6.048,96.5416,98.274,1.84361,0,0,2.10538,2.10538,0,1.62645,3.38688
75.2921,85.139,2.081,0,0.02,3.56154,3.56154,0,0.673398,6.048,95.9541,98.274,1.8091,0,0,2.16495,2.16495,0,1.62662,3.38688
73.7274,85.139,1.92491,0,0.02,3.5619,3.5619,0,0.667433,6.048,95.4079,98.274,1.73608,0,0,2.16517,2.16517,0,1.67264,3.38688
72.0568,85.139,1.79762,0,0.02,3.56226,3.56226,0,0.6675,6.048,94.8317,98.274,1.77011,0,0,2.16538,2.16538,0,1.67281,3.38688
70.3,85.139,1.68848,0,0.02,3.56261,3.56261,0,0.667567,6.048,93.9781,98.274,1.73542,0,0,2.1656,2.1656,0,1.67297,3.38688
68.2695,85.139,1.47869,0,0.02,3.64612,3.64612,0,0.667634,6.048,93.1324,98.274,1.30261,0,0,2.21874,2.21874,0,1.67314,3.38688
66.1875,85.139,1.3956,0,0.02,3.64649,3.64649,0,0.683283,6.048,92.1846,98.274,1.33371,0,0,2.21896,2.21896,0,1.7142,3.38688
64.0426,85.139,1.30593,0,0.02,3.64685,3.64685,0,0.683351,6.048,91.2798,98.274,1.21856,0,0,2.21918,2.21918,0,1.71437,3.38688
61.9061,85.139,1.28391,0,0.02,3.64721,3.64721,0,0.68342,6.048,90.3128,98.274,1.31334,0,0,2.2194,2.2194,0,1.71454,3.38688
59.4429,85.139,1.12391,0,0.02,3.89119,3.89119,0,0.683488,6.048,89.1394,98.274,1.21887,0,0,2.41073,2.41073,0,1.71471,3.38688
56.7255,85.139,0.839193,0,0.02,3.89157,3.89157,0,0.729208,6.048,87.9572,98.274,1.0159,0,0,2.41097,2.41097,0,1.86253,3.38688
54.0674,85.139,0.851987,0,0.02,3.89196,3.89196,0,0.729281,6.048,86.8939,98.274,0.981675,0,0,2.41121,2.41121,0,1.86271,3.38688
51.8473,85.139,1.26061,0,0.02,3.89235,3.89235,0,0.729354,6.048,85.9801,98.274,1.16371,0,0,2.41145,2.41145,0,1.8629,3.38688
50.1236,85.139,1.73106,0,0.02,3.89274,3.89274,0,0.729427,6.048,85.2983,98.274,1.36518,0,0,2.41169,2.41169,0,1.86308,3.38688
48.3095,85.139,1.49477,0,0.02,3.77435,3.77435,0,0.7295,6.048,84.6959,98.274,1.46822,0,0,2.29588,2.29588,0,1.86327,3.38688
46.6633,85.139,1.67392,0,0.02,3.77472,3.77472,0,0.707312,6.048,84.2157,98.274,1.94779,0,0,2.29611,2.29611,0,1.7738,3.38688
44.9528,85.139,1.58816,0,0.02,3.7751,3.7751,0,0.707383,6.048,83.7427,98.274,1.91606,0,0,2.29634,2.29634,0,1.77398,3.38688
43.4699,85.139,1.81948,0,0.02,3.77548,3.77548,0,0.707454,6.048,83.2132,98.274,2.32282,0,0,2.29657,2.29657,0,1.77415,3.38688
41.7005,85.139,1.38156,0,0.02,3.67832,3.67832,0,0.707524,6.048,82.3541,98.274,1.72998,0,0,2.19112,2.19112,0,1.77433,3.38688
39.6233,85.139,0.981048,0,0.02,3.67868,3.67868,0,0.689316,6.048,82.0564,98.274,1.14743,0,0,2.19134,2.19134,0,1.69286,3.38688
38.0751,85.139,1.47979,0,0.02,3.67905,3.67905,0,0.689385,6.048,81.9327,98.274,3.04616,0,0,2.19156,2.19156,0,1.69303,3.38688
38.5545,85.139,3.60012,0,0.02,3.67942,3.67942,0,0.689454,6.048,82.585,98.274,5.24226,0,0,2.19178,2.19178,0,1.6932,3.38688
37.8008,85.139,2.1475,0,0.02,3.40266,3.40266,0,0.689523,6.048,82.4081,98.274,1.96895,0,0,1.97182,1.97182,0,1.69337,3.38688
37.5204,85.139,2.63539,0,0.02,3.403,3.403,0,0.637658,6.048,82.1876,98.274,3.26275,0,0,1.97202,1.97202,0,1.52343,3.38688
36.3235,85.139,1.65917,0,0.02,3.40333,3.40333,0,0.637721,6.048,81.3661,98.274,1.95664,0,0,1.97221,1.97221,0,1.52358,3.38688
35.0042,85.139,1.47752,0,0.02,3.40367,3.40367,0,0.637785,6.048,80.7888,98.274,1.47853,0,0,1.97241,1.97241,0,1.52373,3.38688
33.8262,85.139,1.56958,0,0.02,3.40401,3.40401,0,0.637849,6.048,80.7957,98.274,1.84421,0,0,1.97261,1.97261,0,1.52388,3.38688
35.2155,85.139,4.2345,0,0.02,3.51099,3.51099,0,0.637912,6.048,81.3629,98.274,3.54464,0,0,2.03658,2.03658,0,1.52404,3.38688
37.9544,85.139,5.70938,0,0.02,3.5113,3.5113,0,0.657959,6.048,82.4299,98.274,4.98061,0,0,2.03677,2.03677,0,1.57346,3.38688
42.2666,85.139,7.5484,0,0.02,3.51162,3.51162,0,0.658018,6.048,83.9802,98.274,6.47754,0,0,2.03695,2.03695,0,1.57361,3.38688
44.2319,85.139,5.24343,0,0.02,3.51194,3.51194,0,0.658078,6.048,84.6442,98.274,4.03188,0,0,2.03714,2.03714,0,1.57375,3.38688
46.8697,85.139,6.25174,0,0.02,3.85484,3.85484,0,0.658138,6.048,85.4987,98.274,5.21749,0,0,2.27687,2.27687,0,1.57389,3.38688
47.7118,85.139,4.3522,0,0.02,3.85519,3.85519,0,0.722397,6.048,86.0768,98.274,4.45427,0,0,2.27707,2.27707,0,1.75911,3.38688
47.9363,85.139,3.73218,0,0.02,3.85554,3.85554,0,0.722462,6.048,86.5444,98.274,3.30797,0,0,2.27728,2.27728,0,1.75927,3.38688
50.8367,85.139,6.64525,0,0.02,3.85589,3.85589,0,0.722528,6.048,87.6828,98.274,5.01316,0,0,2.27749,2.27749,0,1.75943,3.38688
52.9528,85.139,5.51595,0,0.02,3.36743,3.36743,0,0.722593,6.048,88.625,98.274,4.95818,0,0,1.9561,1.9561,0,1.75959,3.38688
54.5265,85.139,4.94257,0,0.02,3.36774,3.36774,0,0.631057,6.048,89.2764,98.274,5.34136,0,0,1.95628,1.95628,0,1.51129,3.38688
57.6037,85.139,6.70693,0,0.02,3.36804,3.36804,0,0.631114,6.048,91.7526,98.274,8.39332,0,0,1.95646,1.95646,0,1.51142,3.38688
58.8971,85.139,4.74197,0,0.02,3.36835,3.36835,0,0.631171,6.048,92.4138,98.274,5.22614,0,0,1.95664,1.95664,0,1.51156,3.38688
60.9479,85.139,5.56432,0,0.02,3.36865,3.36865,0,0.631229,6.048,93.4812,98.274,7.58245,0,0,1.95681,1.95681,0,1.5117,3.38688
62.233,85.139,4.92179,0,0.02,3.49205,3.49205,0,0.631286,6.048,94.4782,98.274,6.71019,0,0,2.0357,2.0357,0,1.51183,3.38688
62.7761,85.139,4.16851,0,0.02,3.49237,3.49237,0,0.654411,6.048,95.0546,98.274,4.60922,0,0,2.03588,2.03588,0,1.57278,3.38688
62.874,85.139,3.68825,0,0.02,3.49269,3.49269,0,0.65447,6.048,95.487,98.274,3.99478,0,0,2.03607,2.03607,0,1.57292,3.38688
62.845,85.139,3.50995,0,0.02,3.493,3.493,0,0.65453,6.048,95.8517,98.274,3.75376,0,0,2.03625,2.03625,0,1.57307,3.38688
62.8966,85.139,3.60095,0,0.02,3.44517,3.44517,0,0.654589,6.048,95.9923,98.274,3.66764,0,0,2.00586,2.00586,0,1.57321,3.38688
62.7389,85.139,3.3312,0,0.02,3.44549,3.44549,0,0.645626,6.048,96.1812,98.274,3.45598,0,0,2.00604,2.00604,0,1.54972,3.38688
62.3447,85.139,3.06298,0,0.02,3.4458,3.4458,0,0.645684,6.048,96.4167,98.274,3.3013,0,0,2.00622,2.00622,0,1.54987,3.38688
61.8578,85.139,2.94961,0,0.02,3.44611,3.44611,0,0.645743,6.048,96.5415,98.274,3.00857,0,0,2.0064,2.0064,0,1.55001,3.38688
61.0575,85.139,2.72948,0,0.02,3.60991,3.60991,0,0.645801,6.048,96.554,98.274,3.01803,0,0,2.11507,2.11507,0,1.55015,3.38688
60.2219,85.139,2.65116,0,0.02,3.61024,3.61024,0,0.676497,6.048,96.488,98.274,2.87069,0,0,2.11526,2.11526,0,1.6341,3.38688
59.1862,85.139,2.42609,0,0.02,3.61057,3.61057,0,0.676559,6.048,96.3513,98.274,2.61259,0,0,2.11545,2.11545,0,1.63425,3.38688
58.0353,85.139,2.24857,0,0.02,3.61089,3.61089,0,0.67662,6.048,96.1546,98.274,2.51353,0,0,2.11565,2.11565,0,1.6344,3.38688
56.8933,85.139,2.2297,0,0.02,3.61122,3.61122,0,0.676681,6.048,95.9081,98.274,2.3482,0,0,2.11584,2.11584,0,1.63455,3.38688
55.9379,85.139,2.3609,0,0.02,3.5792,3.5792,0,0.676743,6.048,95.6102,98.274,2.18506,0,0,2.17568,2.17568,0,1.6347,3.38688
54.8033,85.139,2.16585,0,0.02,3.57952,3.57952,0,0.670742,6.048,95.2264,98.274,2.19414,0,0,2.17588,2.17588,0,1.68093,3.38688
53.5088,85.139,1.98212,0,0.02,3.57985,3.57985,0,0.670803,6.048,94.8063,98.274,1.94023,0,0,2.17608,2.17608,0,1.68108,3.38688
52.0977,85.139,1.8203,0,0.02,3.58017,3.58017,0,0.670864,6.048,94.2115,98.274,1.90401,0,0,2.17627,2.17627,0,1.68124,3.38688
50.9101,85.139,2.08646,0,0.02,3.66406,3.66406,0,0.670925,6.048,93.6365,98.274,1.8223,0,0,2.22965,2.22965,0,1.68139,3.38688
49.5509,85.139,1.87484,0,0.02,3.66439,3.66439,0,0.686645,6.048,92.8324,98.274,1.73756,0,0,2.22986,2.22986,0,1.72263,3.38688
48.0665,85.139,1.71955,0,0.02,3.66472,3.66472,0,0.686707,6.048,92.2465,98.274,1.5211,0,0,2.23006,2.23006,0,1.72279,3.38688
46.7116,85.139,1.81096,0,0.02,3.66506,3.66506,0,0.686769,6.048,91.562,98.274,1.82061,0,0,2.23026,2.23026,0,1.72294,3.38688
45.2404,85.139,1.83997,0,0.02,3.91018,3.91018,0,0.686831,6.048,90.737,98.274,1.70005,0,0,2.42249,2.42249,0,1.7231,3.38688
43.791,85.139,1.82037,0,0.02,3.91054,3.91054,0,0.732768,6.048,89.8289,98.274,1.50171,0,0,2.42271,2.42271,0,1.87162,3.38688
42.1648,85.139,1.62609,0,0.02,3.91089,3.91089,0,0.732835,6.048,88.9585,98.274,1.43948,0,0,2.42293,2.42293,0,1.87179,3.38688
40.616,85.139,1.6464,0,0.02,3.91125,3.91125,0,0.732901,6.048,88.3495,98.274,1.55617,0,0,2.42315,2.42315,0,1.87196,3.38688
39.0739,85.139,1.61258,0,0.02,3.9116,3.9116,0,0.732967,6.048,87.439,98.274,1.77145,0,0,2.42337,2.42337,0,1.87213,3.38688
37.081,85.139,1.02771,0,0.02,3.7926,3.7926,0,0.733034,6.048,86.4767,98.274,1.37508,0,0,2.30698,2.30698,0,1.8723,3.38688
35.151,85.139,1.03532,0,0.02,3.79294,3.79294,0,0.710733,6.048,85.7743,98.274,1.27641,0,0,2.30719,2.30719,0,1.78237,3.38688
33.7711,85.139,1.53611,0,0.02,3.79328,3.79328,0,0.710797,6.048,85.3334,98.274,1.53317,0,0,2.3074,2.3074,0,1.78254,3.38688
32.9616,85.139,2.12043,0,0.02,3.79363,3.79363,0,0.710861,6.048,85.1072,98.274,2.48269,0,0,2.30761,2.30761,0,1.7827,3.38688
32.3048,85.139,2.24838,0,0.02,3.69596,3.69596,0,0.710926,6.048,84.9693,98.274,3.03909,0,0,2.20164,2.20164,0,1.78286,3.38688
31.5248,85.139,2.15271,0,0.02,3.6963,3.6963,0,0.692623,6.048,85.6589,98.274,5.01577,0,0,2.20184,2.20184,0,1.70098,3.38688
30.8686,85.139,2.20031,0,0.02,3.69663,3.69663,0,0.692686,6.048,85.9656,98.274,4.50184,0,0,2.20203,2.20203,0,1.70114,3.38688
31.4167,85.139,3.54676,0,0.02,3.69697,3.69697,0,0.692749,6.048,87.2131,98.274,6.75057,0,0,2.20223,2.20223,0,1.70129,3.38688
33.3157,85.139,4.70704,0,0.02,3.41885,3.41885,0,0.692812,6.048,87.897,98.274,5.57707,0,0,1.98121,1.98121,0,1.70145,3.38688
35.6472,85.139,5.25042,0,0.02,3.41916,3.41916,0,0.640693,6.048,89.3038,98.274,5.61968,0,0,1.98139,1.98139,0,1.53068,3.38688
39.1075,85.139,6.50982,0,0.02,3.41947,3.41947,0,0.640751,6.048,92.9944,98.274,10.8102,0,0,1.98157,1.98157,0,1.53082,3.38688
44.6514,85.139,8.85728,0,0.02,3.41978,3.41978,0,0.640809,6.048,97.4934,98.274,13.2156,0,0,1.98174,1.98174,0,1.53096,3.38688
46.3376,85.139,5.09591,0,0.02,3.42009,3.42009,0,0.640867,6.048,99.0126,98.274,6.28579,0,0,1.98192,1.98192,0,1.5311,3.38688
49.2657,85.139,6.51702,0,0.02,3.52753,3.52753,0,0.640925,6.048,99.3022,98.274,7.91404,0,0,2.04618,2.04618,0,1.53123,3.38688
51.1023,85.139,5.29759,0,0.04,3.52782,3.52782,0,0.66106,6.048,99.3022,98.274,8.5109,0,0,2.04635,2.04635,0,1.58088,3.38688
52.754,85.139,5.37612,0,0.04,3.52811,3.52811,0,0.661114,6.048,99.3022,98.274,7.37465,0,0,2.04652,2.04652,0,1.58101,3.38688
53.5501,85.139,4.37144,0,0.04,3.5284,3.5284,0,0.661168,6.048,99.3022,98.274,6.64704,0,0,2.04668,2.04668,0,1.58114,3.38688
54.5526,85.139,4.82266,0,0.04,3.87286,3.87286,0,0.661222,6.048,99.3022,98.274,6.86489,0,0,2.28751,2.28751,0,1.58127,3.38688
55.2028,85.139,4.41435,0,0.04,3.87318,3.87318,0,0.725775,6.048,99.3022,98.274,5.76191,0,0,2.2877,2.2877,0,1.76733,3.38688
56.7812,85.139,5.43384,0,0.04,3.87349,3.87349,0,0.725834,6.048,99.3022,98.274,5.84669,0,0,2.28789,2.28789,0,1.76748,3.38688
58.2992,85.139,5.51738,0,0.04,3.87381,3.87381,0,0.725893,6.048,99.3022,98.274,5.60796,0,0,2.28807,2.28807,0,1.76762,3.38688
60.8681,85.139,6.19691,0,0.04,3.38306,3.38306,0,0.725952,6.048,99.3022,98.274,6.00895,0,0,1.96518,1.96518,0,1.76777,3.38688
63.7563,85.139,6.69306,0,0.04,3.38333,3.38333,0,0.633985,6.048,99.3022,98.274,5.98943,0,0,1.96534,1.96534,0,1.5183,3.38688
64.6941,85.139,4.6696,0,0.04,3.38361,3.38361,0,0.634036,6.048,99.3022,98.274,4.79606,0,0,1.9655,1.9655,0,1.51842,3.38688
67.419,85.139,6.44962,0,0.04,3.38388,3.38388,0,0.634088,6.048,99.3022,98.274,5.85685,0,0,1.96566,1.96566,0,1.51854,3.38688
70.4502,85.139,6.88396,0,0.04,3.38416,3.38416,0,0.634139,6.048,99.3022,98.274,7.01065,0,0,1.96582,1.96582,0,1.51867,3.38688
71.4832,85.139,4.94457,0,0.04,3.50809,3.50809,0,0.634191,6.048,99.3022,98.274,5.26779,0,0,2.04505,2.04505,0,1.51879,3.38688
76.1245,85.139,8.90098,0,0.04,3.50838,3.50838,0,0.657417,6.048,99.3022,98.274,7.49273,0,0,2.04521,2.04521,0,1.58,3.38688
78.2053,85.139,6.10701,0,0.04,3.50866,3.50866,0,0.65747,6.048,99.3022,98.274,5.57926,0,0,2.04538,2.04538,0,1.58013,3.38688
79.1537,85.139,4.90306,0,0.04,3.50895,3.50895,0,0.657524,6.048,99.3022,98.274,5.02119,0,0,2.04555,2.04555,0,1.58026,3.38688
80.7991,85.139,5.52893,0,0.04,3.46087,3.46087,0,0.657577,6.048,99.3022,98.274,5.88935,0,0,2.01499,2.01499,0,1.58039,3.38688
81.6655,85.139,4.76749,0,0.04,3.46115,3.46115,0,0.648567,6.048,99.3022,98.274,4.67815,0,0,2.01516,2.01516,0,1.55678,3.38688
82.0504,85.139,4.15472,0,0.04,3.46143,3.46143,0,0.64862,6.048,99.3022,98.274,3.90084,0,0,2.01532,2.01532,0,1.55691,3.38688
82.0897,85.139,3.75725,0,0.04,3.46171,3.46171,0,0.648672,6.048,99.3022,98.274,3.52879,0,0,2.01549,2.01549,0,1.55704,3.38688
81.6088,85.139,3.30245,0,0.04,3.62622,3.62622,0,0.648725,6.048,99.3022,98.274,3.24804,0,0,2.12463,2.12463,0,1.55716,3.38688
80.972,85.139,3.15058,0,0.04,3.62652,3.62652,0,0.679554,6.048,99.3022,98.274,3.10097,0,0,2.1248,2.1248,0,1.64149,3.38688
80.0362,85.139,2.7689,0,0.04,3.62681,3.62681,0,0.679609,6.048,99.3022,98.274,2.91172,0,0,2.12497,2.12497,0,1.64162,3.38688
79.0312,85.139,2.68484,0,0.04,3.62711,3.62711,0,0.679665,6.048,99.3022,98.274,2.97019,0,0,2.12515,2.12515,0,1.64175,3.38688
77.86,85.139,2.49616,0,0.04,3.6274,3.6274,0,0.67972,6.048,99.3022,98.274,2.93461,0,0,2.12532,2.12532,0,1.64189,3.38688
76.3766,85.139,2.10862,0,0.04,3.59521,3.59521,0,0.679775,6.048,99.3022,98.274,3.37914,0,0,2.18541,2.18541,0,1.64202,3.38688
74.7806,85.139,1.98365,0,0.04,3.5955,3.5955,0,0.673742,6.048,99.2648,98.274,3.21884,0,0,2.18559,2.18559,0,1.68845,3.38688
73.032,85.139,1.81441,0,0.04,3.59579,3.59579,0,0.673797,6.048,99.2056,98.274,3.15539,0,0,2.18577,2.18577,0,1.68859,3.38688
71.1447,85.139,1.64447,0,0.04,3.59609,3.59609,0,0.673852,6.048,99.0933,98.274,2.87332,0,0,2.18595,2.18595,0,1.68872,3.38688
69.0544,85.139,1.44417,0,0.04,3.68031,3.68031,0,0.673906,6.048,98.9415,98.274,2.68197,0,0,2.23954,2.23954,0,1.68886,3.38688
66.9201,85.139,1.40227,0,0.04,3.68061,3.68061,0,0.68969,6.048,98.7203,98.274,2.64339,0,0,2.23972,2.23972,0,1.73027,3.38688
64.727,85.139,1.29677,0,0.04,3.68091,3.68091,0,0.689746,6.048,98.4469,98.274,2.53143,0,0,2.23991,2.23991,0,1.73041,3.38688
62.4516,85.139,1.18076,0,0.04,3.68121,3.68121,0,0.689802,6.048,98.1387,98.274,2.23769,0,0,2.24009,2.24009,0,1.73055,3.38688
60.2509,85.139,1.41891,0,0.04,3.92738,3.92738,0,0.689858,6.048,98.0098,98.274,3.15089,0,0,2.43315,2.43315,0,1.73069,3.38688
58.0581,85.139,1.39989,0,0.04,3.9277,3.9277,0,0.735991,6.048,97.8647,98.274,3.02981,0,0,2.43335,2.43335,0,1.87985,3.38688
55.8565,85.139,1.35771,0,0.04,3.92802,3.92802,0,0.736051,6.048,97.6906,98.274,2.95348,0,0,2.43354,2.43354,0,1.88,3.38688
53.994,85.139,1.6598,0,0.04,3.92834,3.92834,0,0.736111,6.048,97.5717,98.274,3.37954,0,0,2.43374,2.43374,0,1.88016,3.38688
51.7795,85.139,1.27298,0,0.04,3.92866,3.92866,0,0.736171,6.048,97.3638,98.274,2.91352,0,0,2.43394,2.43394,0,1.88031,3.38688
50.4553,85.139,2.08406,0,0.04,3.8091,3.8091,0,0.736231,6.048,97.2536,98.274,3.59571,0,0,2.31702,2.31702,0,1.88046,3.38688
48.8445,85.139,1.76099,0,0.04,3.80941,3.80941,0,0.713825,6.048,97.487,98.274,5.6296,0,0,2.31721,2.31721,0,1.79013,3.38688
47.0281,85.139,1.52218,0,0.04,3.80972,3.80972,0,0.713883,6.048,97.199,98.274,3.25272,0,0,2.3174,2.3174,0,1.79028,3.38688
45.2993,85.139,1.57934,0,0.04,3.81003,3.81003,0,0.713941,6.048,96.9025,98.274,3.16663,0,0,2.31759,2.31759,0,1.79042,3.38688
44.0673,85.139,2.14604,0,0.04,3.71191,3.71191,0,0.714,6.048,96.9666,98.274,3.87604,0,0,2.21113,2.21113,0,1.79057,3.38688
42.5366,85.139,1.77249,0,0.04,3.71221,3.71221,0,0.695612,6.048,96.8467,98.274,2.94831,0,0,2.21131,2.21131,0,1.70832,3.38688
41.9618,85.139,2.73503,0,0.04,3.71251,3.71251,0,0.695668,6.048,96.8702,98.274,3.6573,0,0,2.21149,2.21149,0,1.70846,3.38688
45.0263,85.139,6.60585,0,0.04,3.71282,3.71282,0,0.695725,6.048,98.2599,98.274,8.53222,0,0,2.21167,2.21167,0,1.7086,3.38688
45.4953,85.139,3.69414,0,0.04,3.43348,3.43348,0,0.695782,6.048,98.7966,98.274,4.92095,0,0,1.98968,1.98968,0,1.70874,3.38688
46.3285,85.139,4.16173,0,0.04,3.43376,3.43376,0,0.643434,6.048,99.3022,98.274,5.25731,0,0,1.98984,1.98984,0,1.53723,3.38688
49.8565,85.139,6.86612,0,0.04,3.43404,3.43404,0,0.643486,6.048,99.3022,98.274,6.50215,0,0,1.99,1.99,0,1.53735,3.38688
51.1465,85.139,4.77189,0,0.04,3.43431,3.43431,0,0.643538,6.048,99.3022,98.274,4.68799,0,0,1.99017,1.99017,0,1.53748,3.38688
50.672,85.139,2.80886,0,0.04,3.43459,3.43459,0,0.643591,6.048,99.2757,98.274,3.04594,0,0,1.99033,1.99033,0,1.5376,3.38688
53.2044,85.139,6.29474,0,0.04,3.54246,3.54246,0,0.643643,6.048,99.3022,98.274,5.38564,0,0,2.05484,2.05484,0,1.53773,3.38688
58.0906,85.139,8.97953,0,0.04,3.54272,3.54272,0,0.663857,6.048,99.3022,98.274,6.99373,0,0,2.05499,2.05499,0,1.58757,3.38688
60.5207,85.139,6.39642,0,0.04,3.54297,3.54297,0,0.663905,6.048,99.3022,98.274,6.75397,0,0,2.05514,2.05514,0,1.58768,3.38688
64.4606,85.139,7.99748,0,0.04,3.54323,3.54323,0,0.663953,6.048,99.3022,98.274,6.6887,0,0,2.05529,2.05529,0,1.5878,3.38688
67.7717,85.139,7.673,0,0.04,3.88911,3.88911,0,0.664001,6.048,99.3022,98.274,6.2977,0,0,2.29711,2.29711,0,1.58791,3.38688
70.1182,85.139,6.71854,0,0.04,3.88939,3.88939,0,0.728819,6.048,99.3022,98.274,5.34794,0,0,2.29728,2.29728,0,1.77475,3.38688
72.3429,85.139,6.68618,0,0.04,3.88967,3.88967,0,0.728871,6.048,99.3022,98.274,5.86788,0,0,2.29744,2.29744,0,1.77487,3.38688
75.1064,85.139,7.41315,0,0.04,3.88995,3.88995,0,0.728924,6.048,99.3022,98.274,6.0327,0,0,2.29761,2.29761,0,1.775,3.38688
79.8635,85.139,9.18661,0,0.04,3.39712,3.39712,0,0.728977,6.048,99.3022,98.274,8.64457,0,0,1.97335,1.97335,0,1.77513,3.38688
84.1888,85.139,8.63157,0,0.04,3.39736,3.39736,0,0.63662,6.048,99.3022,98.274,9.01895,0,0,1.97349,1.97349,0,1.52461,3.38688
85.139,85.139,7.44423,0,0.04,3.39761,3.39761,0,0.636666,6.048,99.3022,98.274,7.16988,0,0,1.97363,1.97363,0,1.52472,3.38688
85.139,85.139,8.05887,0,0.04,3.39786,3.39786,0,0.636712,6.048,99.3022,98.274,7.65835,0,0,1.97378,1.97378,0,1.52483,3.38688
85.139,85.139,7.25623,0,0.04,3.3981,3.3981,0,0.636758,6.048,99.3022,98.274,6.75534,0,0,1.97392,1.97392,0,1.52494,3.38688
85.139,85.139,5.90947,0,0.04,3.52251,3.52251,0,0.636804,6.048,99.3022,98.274,6.84925,0,0,2.05346,2.05346,0,1.52505,3.38688
85.139,85.139,6.92805,0,0.04,3.52277,3.52277,0,0.660119,6.048,99.3022,98.274,7.4336,0,0,2.0536,2.0536,0,1.5865,3.38688
85.139,85.139,8.33613,0,0.04,3.52302,3.52302,0,0.660167,6.048,99.3022,98.274,12.0251,0,0,2.05375,2.05375,0,1.58661,3.38688
85.139,85.139,6.12377,0,0.04,3.52328,3.52328,0,0.660215,6.048,99.3022,98.274,6.94705,0,0,2.0539,2.0539,0,1.58673,3.38688
85.139,85.139,5.16462,0,0.04,3.47497,3.47497,0,0.660262,6.048,99.3022,98.274,6.01594,0,0,2.0232,2.0232,0,1.58684,3.38688
85.139,85.139,4.51145,0,0.04,3.47522,3.47522,0,0.651209,6.048,99.3022,98.274,5.0333,0,0,2.02335,2.02335,0,1.56313,3.38688
85.139,85.139,4.26684,0,0.04,3.47547,3.47547,0,0.651256,6.048,99.3022,98.274,4.31378,0,0,2.0235,2.0235,0,1.56324,3.38688
85.139,85.139,3.92452,0,0.04,3.47572,3.47572,0,0.651303,6.048,99.3022,98.274,4.01592,0,0,2.02364,2.02364,0,1.56335,3.38688
84.9904,85.139,3.84696,0,0.04,3.64086,3.64086,0,0.65135,6.048,99.3022,98.274,4.04522,0,0,2.1332,2.1332,0,1.56347,3.38688
85.1195,85.139,3.7784,0.02,0.04,3.33872,3.64112,0,0.682298,6.048,99.2774,98.274,4.2706,0,0,2.43576,2.13336,0,1.64811,3.38688
84.9566,85.139,3.70934,0,0.04,3.64139,3.64139,0,0.625677,6.048,99.3022,98.274,4.02957,0,0,2.13351,2.13351,0,1.88187,3.38688
84.3055,85.139,3.22535,0,0.04,3.64165,3.64165,0,0.682396,6.048,99.1262,98.274,3.25217,0,0,2.13367,2.13367,0,1.64835,3.38688
83.4819,85.139,3.00769,0,0.04,3.64191,3.64191,0,0.682445,6.048,98.9143,98.274,3.01951,0,0,2.13382,2.13382,0,1.64847,3.38688
82.3844,85.139,2.60392,0,0.04,3.60956,3.60956,0,0.682495,6.048,98.7196,98.274,2.92245,0,0,2.19413,2.19413,0,1.64859,3.38688
81.1514,85.139,2.45905,0,0.04,3.60982,3.60982,0,0.676431,6.048,98.4838,98.274,2.77816,0,0,2.19429,2.19429,0,1.69519,3.38688
79.724,85.139,2.25388,0,0.04,3.61008,3.61008,0,0.67648,6.048,98.2414,98.274,2.75868,0,0,2.19445,2.19445,0,1.69531,3.38688
78.1101,85.139,2.03805,0,0.04,3.61034,3.61034,0,0.676528,6.048,97.9502,98.274,2.48389,0,0,2.19461,2.19461,0,1.69543,3.38688
76.5858,85.139,2.15497,0,0.04,3.69486,3.69486,0,0.676577,6.048,97.6165,98.274,2.5343,0,0,2.2484,2.2484,0,1.69555,3.38688
74.9907,85.139,2.06072,0,0.04,3.69513,3.69513,0,0.692417,6.048,97.26,98.274,2.47066,0,0,2.24856,2.24856,0,1.73711,3.38688
73.2372,85.139,1.87963,0,0.04,3.6954,3.6954,0,0.692467,6.048,96.8795,98.274,2.27799,0,0,2.24872,2.24872,0,1.73724,3.38688
71.2792,85.139,1.63866,0,0.04,3.69566,3.69566,0,0.692517,6.048,96.4904,98.274,2.26453,0,0,2.24888,2.24888,0,1.73736,3.38688
68.9094,85.139,1.41227,0,0.04,3.94276,3.94276,0,0.692567,6.048,96.0974,98.274,2.1936,0,0,2.44268,2.44268,0,1.73749,3.38688
66.3826,85.139,1.23662,0,0.04,3.94305,3.94305,0,0.738874,6.048,95.6045,98.274,2.02453,0,0,2.44286,2.44286,0,1.88721,3.38688
63.8618,85.139,1.20265,0,0.04,3.94333,3.94333,0,0.738927,6.048,95.1462,98.274,1.91993,0,0,2.44303,2.44303,0,1.88735,3.38688
61.869,85.139,1.71373,0,0.04,3.94362,3.94362,0,0.738981,6.048,94.7634,98.274,2.23076,0,0,2.44321,2.44321,0,1.88749,3.38688
60.5807,85.139,2.49317,0,0.04,3.9439,3.9439,0,0.739034,6.048,94.5766,98.274,2.56348,0,0,2.44338,2.44338,0,1.88762,3.38688
58.7194,85.139,1.76588,0,0.04,3.82385,3.82385,0,0.739087,6.048,94.3638,98.274,2.43596,0,0,2.32599,2.32599,0,1.88776,3.38688
56.6512,85.139,1.51297,0,0.04,3.82412,3.82412,0,0.716589,6.048,94.0685,98.274,2.05677,0,0,2.32616,2.32616,0,1.79706,3.38688
54.703,85.139,1.6949,0,0.04,3.8244,3.8244,0,0.71664,6.048,94.168,98.274,3.57728,0,0,2.32633,2.32633,0,1.79719,3.38688
54.9562,85.139,4.03889,0,0.04,3.82467,3.82467,0,0.716692,6.048,94.5102,98.274,3.95273,0,0,2.32649,2.32649,0,1.79732,3.38688
55.4911,85.139,4.24087,0,0.04,3.72614,3.72614,0,0.716744,6.048,95.6454,98.274,5.64927,0,0,2.21961,2.21961,0,1.79745,3.38688
57.2546,85.139,5.54842,0,0.04,3.72641,3.72641,0,0.698279,6.048,96.9064,98.274,6.81978,0,0,2.21977,2.21977,0,1.71487,3.38688
57.0427,85.139,3.68422,0,0.04,3.72668,3.72668,0,0.698329,6.048,97.4735,98.274,4.61329,0,0,2.21993,2.21993,0,1.715,3.38688
59.6645,85.139,6.70651,0,0.04,3.72695,3.72695,0,0.69838,6.048,99.0887,98.274,8.13922,0,0,2.22009,2.22009,0,1.71512,3.38688
64.392,85.139,8.8036,0,0.04,3.44651,3.44651,0,0.69843,6.048,99.3022,98.274,6.78634,0,0,1.99724,1.99724,0,1.71524,3.38688
65.1897,85.139,4.67045,0,0.04,3.44676,3.44676,0,0.645877,6.048,99.3022,98.274,6.22749,0,0,1.99738,1.99738,0,1.54306,3.38688
70.368,85.139,9.40917,0,0.04,3.44701,3.44701,0,0.645923,6.048,99.3022,98.274,8.79924,0,0,1.99752,1.99752,0,1.54318,3.38688
78.4215,85.139,13.4775,0,0.04,3.44726,3.44726,0,0.64597,6.048,99.3022,98.274,17.8128,0,0,1.99767,1.99767,0,1.54329,3.38688
82.2162,85.139,8.32165,0,0.04,3.44751,3.44751,0,0.646017,6.048,99.3022,98.274,10.4309,0,0,1.99781,1.99781,0,1.5434,3.38688
82.931,85.139,4.92427,0,0.04,3.44751,3.44751,0,0.646063,6.048,99.3022,98.274,6.12517,0,0,1.99781,1.99781,0,1.54351,3.38688
83.7163,85.139,5.02729,0,0.04,3.55575,3.55575,0,0.646063,6.048,99.3022,98.274,4.83667,0,0,2.06255,2.06255,0,1.54351,3.38688
83.3206,85.139,3.67754,0,0.04,3.55597,3.55597,0,0.666347,6.048,99.3022,98.274,4.63758,0,0,2.06268,2.06268,0,1.59352,3.38688
84.7258,85.139,5.58625,0,0.04,3.5562,3.5562,0,0.666389,6.048,99.3022,98.274,5.39145,0,0,2.06281,2.06281,0,1.59363,3.38688
85.139,85.139,6.92925,0,0.04,3.55642,3.55642,0,0.666432,6.048,99.3022,98.274,6.05024,0,0,2.06294,2.06294,0,1.59373,3.38688
83.885,85.139,3.05264,0,0.04,3.90355,3.90355,0,0.666474,6.048,99.3022,98.274,3.671,0,0,2.30564,2.30564,0,1.59383,3.38688
82.6371,85.139,3.04091,0,0.04,3.9038,3.9038,0,0.731526,6.048,99.3022,98.274,3.4098,0,0,2.30579,2.30579,0,1.78134,3.38688
81.181,85.139,2.78904,0,0.04,3.90405,3.90405,0,0.731572,6.048,99.3022,98.274,3.64898,0,0,2.30593,2.30593,0,1.78145,3.38688
80.9447,85.139,4.0682,0,0.04,3.90429,3.90429,0,0.731618,6.048,99.3022,98.274,5.15556,0,0,2.30608,2.30608,0,1.78156,3.38688
82.6552,85.139,5.66428,0,0.04,3.40961,3.40961,0,0.731665,6.048,99.3022,98.274,3.83899,0,0,1.98061,1.98061,0,1.78168,3.38688
83.125,85.139,4.41918,0,0.04,3.40983,3.40983,0,0.638962,6.048,99.3022,98.274,4.67803,0,0,1.98073,1.98073,0,1.53022,3.38688
84.252,85.139,5.11394,0,0.04,3.41004,3.41004,0,0.639002,6.048,99.3022,98.274,5.66523,0,0,1.98086,1.98086,0,1.53031,3.38688
85.139,85.139,4.78743,0,0.04,3.41026,3.41026,0,0.639042,6.048,99.3022,98.274,6.33348,0,0,1.98098,1.98098,0,1.53041,3.38688
85.139,85.139,6.26075,0,0.04,3.41047,3.41047,0,0.639083,6.048,99.3022,98.274,7.98196,0,0,1.98111,1.98111,0,1.53051,3.38688
85.139,85.139,5.30826,0,0.04,3.53531,3.53531,0,0.639123,6.048,99.3022,98.274,5.35127,0,0,2.06091,2.06091,0,1.5306,3.38688
85.139,85.139,4.64543,0,0.04,3.53553,3.53553,0,0.662517,6.048,99.3022,98.274,5.17562,0,0,2.06104,2.06104,0,1.59226,3.38688
85.139,85.139,5.24637,0,0.04,3.53576,3.53576,0,0.662559,6.048,99.3022,98.274,5.78435,0,0,2.06117,2.06117,0,1.59236,3.38688
85.139,85.139,4.27801,0,0.04,3.53598,3.53598,0,0.662601,6.048,99.3022,98.274,3.97683,0,0,2.0613,2.0613,0,1.59246,3.38688
84.9275,85.139,3.65014,0,0.04,3.48746,3.48746,0,0.662642,6.048,99.3022,98.274,3.38933,0,0,2.03048,2.03048,0,1.59256,3.38688
84.6042,85.139,3.50944,0,0.04,3.48768,3.48768,0,0.653551,6.048,99.3022,98.274,3.10309,0,0,2.03061,2.03061,0,1.56875,3.38688
83.8396,85.139,3.07398,0,0.04,3.4879,3.4879,0,0.653592,6.048,99.3022,98.274,3.02462,0,0,2.03073,2.03073,0,1.56885,3.38688
83.1427,85.139,3.08692,0,0.04,3.48812,3.48812,0,0.653633,6.048,99.3022,98.274,3.67258,0,0,2.03086,2.03086,0,1.56895,3.38688
82.2193,85.139,2.90565,0,0.04,3.65382,3.65382,0,0.653674,6.048,99.2965,98.274,2.95541,0,0,2.1408,2.1408,0,1.56904,3.38688
81.1927,85.139,2.77804,0,0.04,3.65405,3.65405,0,0.684726,6.048,99.2683,98.274,2.91534,0,0,2.14093,2.14093,0,1.65398,3.38688
80.0599,85.139,2.65414,0,0.04,3.65428,3.65428,0,0.684769,6.048,99.2436,98.274,3.03859,0,0,2.14107,2.14107,0,1.65408,3.38688
78.7194,85.139,2.45619,0,0.04,3.65451,3.65451,0,0.684812,6.048,98.9982,98.274,2.89029,0,0,2.1412,2.1412,0,1.65419,3.38688
77.1942,85.139,2.15573,0,0.04,3.65474,3.65474,0,0.684856,6.048,98.5151,98.274,2.16293,0,0,2.14134,2.14134,0,1.65429,3.38688
75.6637,85.139,2.09857,0,0.04,3.62224,3.62224,0,0.684899,6.048,97.9999,98.274,2.03988,0,0,2.20184,2.20184,0,1.6544,3.38688
74.0642,85.139,1.99558,0,0.04,3.62247,3.62247,0,0.678807,6.048,97.3687,98.274,2.00068,0,0,2.20198,2.20198,0,1.70114,3.38688
72.2436,85.139,1.73482,0,0.04,3.62269,3.62269,0,0.67885,6.048,96.7231,98.274,1.8934,0,0,2.20212,2.20212,0,1.70125,3.38688
70.3726,85.139,1.6539,0,0.04,3.62292,3.62292,0,0.678893,6.048,96.0188,98.274,1.839,0,0,2.20226,2.20226,0,1.70136,3.38688
68.3772,85.139,1.5667,0,0.04,3.70771,3.70771,0,0.678936,6.048,95.2165,98.274,1.76739,0,0,2.25622,2.25622,0,1.70147,3.38688
66.2544,85.139,1.41309,0,0.04,3.70794,3.70794,0,0.694825,6.048,94.3478,98.274,1.71378,0,0,2.25636,2.25636,0,1.74315,3.38688
64.0359,85.139,1.28848,0,0.04,3.70818,3.70818,0,0.694869,6.048,93.4807,98.274,1.58324,0,0,2.2565,2.2565,0,1.74326,3.38688
61.6939,85.139,1.12201,0,0.04,3.70841,3.70841,0,0.694912,6.048,92.3787,98.274,1.57607,0,0,2.25664,2.25664,0,1.74337,3.38688
59.1364,85.139,1.04787,0,0.04,3.95633,3.95633,0,0.694956,6.048,91.1553,98.274,1.20921,0,0,2.45108,2.45108,0,1.74348,3.38688
56.5948,85.139,1.02131,0,0.04,3.95658,3.95658,0,0.741416,6.048,90.0626,98.274,1.15302,0,0,2.45124,2.45124,0,1.89371,3.38688
54.5281,85.139,1.46503,0,0.04,3.95683,3.95683,0,0.741463,6.048,89.0381,98.274,1.3315,0,0,2.45139,2.45139,0,1.89383,3.38688
53.0899,85.139,2.12452,0,0.04,3.95708,3.95708,0,0.74151,6.048,88.2945,98.274,1.54084,0,0,2.45155,2.45155,0,1.89395,3.38688
51.2841,85.139,1.67663,0,0.04,3.95733,3.95733,0,0.741556,6.048,87.4641,98.274,1.72354,0,0,2.4517,2.4517,0,1.89407,3.38688
49.3206,85.139,1.36114,0,0.04,3.83683,3.83683,0,0.741603,6.048,86.7819,98.274,1.5652,0,0,2.33389,2.33389,0,1.89419,3.38688
47.9159,85.139,1.93628,0,0.04,3.83707,3.83707,0,0.719021,6.048,86.5604,98.274,1.8047,0,0,2.33403,2.33403,0,1.80316,3.38688
49.1482,85.139,4.78324,0,0.04,3.83731,3.83731,0,0.719067,6.048,86.812,98.274,3.48597,0,0,2.33418,2.33418,0,1.80327,3.38688
48.4292,85.139,2.74406,0,0.04,3.83755,3.83755,0,0.719112,6.048,86.6613,98.274,2.12218,0,0,2.33433,2.33433,0,1.80339,3.38688
48.1611,85.139,3.16253,0,0.04,3.73865,3.73865,0,0.719157,6.048,86.681,98.274,2.6816,0,0,2.22707,2.22707,0,1.8035,3.38688
48.9305,85.139,4.44411,0,0.04,3.73889,3.73889,0,0.700624,6.048,87.1351,98.274,4.60851,0,0,2.22721,2.22721,0,1.72063,3.38688
50.5196,85.139,5.11932,0,0.04,3.73913,3.73913,0,0.700668,6.048,87.56,98.274,4.27926,0,0,2.22735,2.22735,0,1.72074,3.38688
52.6067,85.139,5.61796,0,0.04,3.73936,3.73936,0,0.700712,6.048,88.0363,98.274,4.28486,0,0,2.22749,2.22749,0,1.72085,3.38688
57.4161,85.139,8.55865,0,0.04,3.45796,3.45796,0,0.700756,6.048,89.6408,98.274,5.06717,0,0,2.00387,2.00387,0,1.72096,3.38688
62.2412,85.139,8.64581,0,0.04,3.45818,3.45818,0,0.648022,6.048,91.0765,98.274,4.79334,0,0,2.004,2.004,0,1.54819,3.38688
65.2442,85.139,6.82649,0,0.04,3.4584,3.4584,0,0.648063,6.048,92.3657,98.274,5.62053,0,0,2.00412,2.00412,0,1.54829,3.38688
68.3763,85.139,6.96389,0,0.04,3.45862,3.45862,0,0.648104,6.048,94.0127,98.274,8.49823,0,0,2.00425,2.00425,0,1.54839,3.38688
70.5499,85.139,5.97956,0,0.04,3.45884,3.45884,0,0.648145,6.048,94.9596,98.274,5.58371,0,0,2.00438,2.00438,0,1.54848,3.38688
71.3244,85.139,4.6091,0,0.04,3.5674,3.5674,0,0.648186,6.048,95.4685,98.274,4.01608,0,0,2.06931,2.06931,0,1.54858,3.38688
71.7613,85.139,4.25378,0,0.04,3.56759,3.56759,0,0.668531,6.048,95.9223,98.274,3.87213,0,0,2.06942,2.06942,0,1.59875,3.38688
72.3431,85.139,4.45779,0,0.04,3.56779,3.56779,0,0.668567,6.048,96.3815,98.274,3.93478,0,0,2.06953,2.06953,0,1.59883,3.38688
72.966,85.139,4.5472,0,0.04,3.56798,3.56798,0,0.668603,6.048,96.8137,98.274,4.05111,0,0,2.06964,2.06964,0,1.59892,3.38688
72.3,85.139,3.44232,0,0.04,3.9162,3.9162,0,0.668639,6.048,97.5423,98.274,3.81856,0,0,2.31311,2.31311,0,1.59901,3.38688
72.1035,85.139,3.98208,0,0.04,3.91642,3.91642,0,0.733897,6.048,98.6221,98.274,6.24868,0,0,2.31324,2.31324,0,1.78711,3.38688
71.6299,85.139,3.75912,0,0.04,3.91663,3.91663,0,0.733936,6.048,99.1209,98.274,4.49003,0,0,2.31336,2.31336,0,1.78721,3.38688
73.7667,85.139,6.4688,0,0.04,3.91684,3.91684,0,0.733976,6.048,99.3022,98.274,6.50192,0,0,2.31349,2.31349,0,1.78731,3.38688
74.0328,85.139,4.08516,0,0.04,3.42054,3.42054,0,0.734016,6.048,99.3022,98.274,5.60622,0,0,1.98695,1.98695,0,1.7874,3.38688
74.3883,85.139,4.18561,0,0.04,3.42073,3.42073,0,0.641009,6.048,99.3022,98.274,5.76936,0,0,1.98706,1.98706,0,1.53512,3.38688
74.3428,85.139,3.74836,0,0.04,3.42091,3.42091,0,0.641044,6.048,99.3022,98.274,4.94821,0,0,1.98717,1.98717,0,1.5352,3.38688
74.8418,85.139,4.3483,0,0.04,3.4211,3.4211,0,0.641079,6.048,99.3022,98.274,4.83688,0,0,1.98728,1.98728,0,1.53529,3.38688
77.0662,85.139,6.25737,0,0.04,3.42128,3.42128,0,0.641114,6.048,99.3022,98.274,9.78207,0,0,1.98738,1.98738,0,1.53537,3.38688
77.4071,85.139,4.38289,0,0.04,3.54648,3.54648,0,0.641148,6.048,99.3022,98.274,6.3802,0,0,2.06743,2.06743,0,1.53545,3.38688
77.3646,85.139,4.03018,0,0.04,3.54667,3.54667,0,0.664611,6.048,99.3022,98.274,6.69865,0,0,2.06754,2.06754,0,1.59729,3.38688
77.2513,85.139,3.82912,0,0.04,3.54687,3.54687,0,0.664647,6.048,99.3022,98.274,6.9959,0,0,2.06765,2.06765,0,1.59738,3.38688
76.3074,85.139,2.87051,0,0.04,3.54706,3.54706,0,0.664683,6.048,99.3022,98.274,4.55378,0,0,2.06776,2.06776,0,1.59747,3.38688
74.9914,85.139,2.39599,0,0.04,3.49836,3.49836,0,0.664719,6.048,99.3022,98.274,3.84909,0,0,2.03682,2.03682,0,1.59755,3.38688
74.7052,85.139,3.44578,0,0.04,3.49855,3.49855,0,0.655593,6.048,99.3022,98.274,4.22972,0,0,2.03693,2.03693,0,1.57365,3.38688
73.6371,85.139,2.6198,0,0.04,3.49874,3.49874,0,0.655628,6.048,99.3022,98.274,3.81921,0,0,2.03704,2.03704,0,1.57373,3.38688
72.1472,85.139,2.12749,0,0.04,3.49893,3.49893,0,0.655664,6.048,99.3022,98.274,3.35776,0,0,2.03715,2.03715,0,1.57382,3.38688
70.5146,85.139,2.10974,0,0.04,3.66511,3.66511,0,0.655699,6.048,99.3022,98.274,2.88996,0,0,2.14741,2.14741,0,1.5739,3.38688
68.9774,85.139,2.12715,0,0.04,3.6653,3.6653,0,0.686841,6.048,99.3022,98.274,3.32904,0,0,2.14753,2.14753,0,1.65909,3.38688
67.2547,85.139,1.88281,0,0.04,3.6655,3.6655,0,0.686878,6.048,99.1962,98.274,2.79143,0,0,2.14764,2.14764,0,1.65918,3.38688
65.4527,85.139,1.77301,0,0.04,3.6657,3.6657,0,0.686915,6.048,98.9346,98.274,2.42569,0,0,2.14776,2.14776,0,1.65927,3.38688
63.9073,85.139,1.99897,0,0.04,3.6659,3.6659,0,0.686952,6.048,98.7162,98.274,2.70208,0,0,2.14787,2.14787,0,1.65936,3.38688
62.4289,85.139,2.01302,0,0.04,3.63326,3.63326,0,0.68699,6.048,98.5173,98.274,2.84596,0,0,2.20854,2.20854,0,1.65945,3.38688
60.7919,85.139,1.80155,0,0.04,3.63346,3.63346,0,0.680874,6.048,98.2456,98.274,2.63399,0,0,2.20866,2.20866,0,1.70632,3.38688
59.0717,85.139,1.68664,0,0.04,3.63366,3.63366,0,0.68091,6.048,97.9479,98.274,2.67497,0,0,2.20878,2.20878,0,1.70641,3.38688
57.3394,85.139,1.6432,0,0.04,3.63385,3.63385,0,0.680947,6.048,97.6116,98.274,2.65402,0,0,2.2089,2.2089,0,1.70651,3.38688
55.5695,85.139,1.63409,0,0.04,3.71886,3.71886,0,0.680984,6.048,97.1916,98.274,2.49049,0,0,2.263,2.263,0,1.7066,3.38688
53.6516,85.139,1.45266,0,0.04,3.71906,3.71906,0,0.696915,6.048,96.7374,98.274,2.37039,0,0,2.26312,2.26312,0,1.7484,3.38688
51.6494,85.139,1.33065,0,0.04,3.71926,3.71926,0,0.696952,6.048,96.266,98.274,2.21581,0,0,2.26325,2.26325,0,1.74849,3.38688
49.5192,85.139,1.15094,0,0.04,3.71947,3.71947,0,0.69699,6.048,95.7872,98.274,2.19789,0,0,2.26337,2.26337,0,1.74858,3.38688
47.4067,85.139,1.29825,0,0.04,3.96809,3.96809,0,0.697028,6.048,95.2605,98.274,1.92375,0,0,2.45837,2.45837,0,1.74868,3.38688
45.5355,85.139,1.50338,0,0.04,3.9683,3.9683,0,0.74362,6.048,94.7374,98.274,2.26822,0,0,2.4585,2.4585,0,1.89934,3.38688
43.4173,85.139,1.22132,0,0.04,3.96852,3.96852,0,0.74366,6.048,94.1584,98.274,1.71325,0,0,2.45864,2.45864,0,1.89944,3.38688
41.5947,85.139,1.44819,0,0.04,3.96873,3.96873,0,0.7437,6.048,93.8262,98.274,2.78673,0,0,2.45877,2.45877,0,1.89954,3.38688
40.3299,85.139,1.97281,0,0.04,3.96895,3.96895,0,0.74374,6.048,93.4414,98.274,2.83799,0,0,2.4589,2.4589,0,1.89964,3.38688
39.5303,85.139,2.37372,0,0.04,3.84806,3.84806,0,0.743781,6.048,93.2499,98.274,3.36864,0,0,2.34072,2.34072,0,1.89975,3.38688
39.0209,85.139,2.67264,0,0.04,3.84827,3.84827,0,0.721126,6.048,93.4145,98.274,4.65009,0,0,2.34085,2.34085,0,1.80844,3.38688
38.4085,85.139,2.60448,0,0.04,3.84848,3.84848,0,0.721165,6.048,93.5492,98.274,4.42275,0,0,2.34097,2.34097,0,1.80854,3.38688
38.0556,85.139,3.02501,0,0.04,3.84868,3.84868,0,0.721204,6.048,93.9338,98.274,5.32586,0,0,2.3411,2.3411,0,1.80864,3.38688
40.0569,85.139,5.49499,0,0.04,3.74947,3.74947,0,0.721243,6.048,95.1867,98.274,7.61382,0,0,2.23351,2.23351,0,1.80873,3.38688
40.2807,85.139,3.64055,0,0.04,3.74967,3.74967,0,0.70265,6.048,95.6029,98.274,4.24248,0,0,2.23363,2.23363,0,1.72561,3.38688
40.0102,85.139,3.01449,0,0.04,3.74987,3.74987,0,0.702688,6.048,95.8615,98.274,3.94245,0,0,2.23375,2.23375,0,1.7257,3.38688
40.5553,85.139,3.92645,0,0.04,3.75007,3.75007,0,0.702726,6.048,96.4701,98.274,5.05332,0,0,2.23387,2.23387,0,1.72579,3.38688
41.3119,85.139,3.92943,0,0.04,3.46784,3.46784,0,0.702764,6.048,97.3807,98.274,6.36353,0,0,2.00959,2.00959,0,1.72589,3.38688
41.3131,85.139,3.20707,0,0.04,3.46803,3.46803,0,0.649873,6.048,98.0914,98.274,5.15658,0,0,2.0097,2.0097,0,1.55261,3.38688
39.8614,85.139,1.62754,0,0.04,3.46821,3.46821,0,0.649908,6.048,98.3298,98.274,3.39235,0,0,2.00981,2.00981,0,1.5527,3.38688
40.2054,85.139,3.39141,0,0.04,3.4684,3.4684,0,0.649943,6.048,98.7633,98.274,5.08309,0,0,2.00992,2.00992,0,1.55278,3.38688
42.483,85.139,5.62435,0,0.04,3.46859,3.46859,0,0.649979,6.048,99.3022,98.274,6.31217,0,0,2.01003,2.01003,0,1.55286,3.38688
48.4797,85.139,9.81842,0,0.04,3.57743,3.57743,0,0.650014,6.048,99.3022,98.274,6.69119,0,0,2.07512,2.07512,0,1.55295,3.38688
53.2686,85.139,8.66503,0,0.04,3.57759,3.57759,0,0.67041,6.048,99.3022,98.274,6.70784,0,0,2.07522,2.07522,0,1.60324,3.38688
57.8512,85.139,8.60167,0,0.04,3.57775,3.57775,0,0.67044,6.048,99.3022,98.274,6.91998,0,0,2.07531,2.07531,0,1.60331,3.38688
63.3566,85.139,9.53566,0,0.04,3.57791,3.57791,0,0.670471,6.048,99.3022,98.274,6.91827,0,0,2.07541,2.07541,0,1.60339,3.38688
67.4735,85.139,8.29678,0,0.04,3.92707,3.92707,0,0.670501,6.048,99.3022,98.274,6.39595,0,0,2.31953,2.31953,0,1.60346,3.38688
71.5225,85.139,8.44903,0,0.04,3.92725,3.92725,0,0.735934,6.048,99.3022,98.274,6.03535,0,0,2.31964,2.31964,0,1.79207,3.38688
73.3928,85.139,6.11862,0,0.04,3.92743,3.92743,0,0.735967,6.048,99.3022,98.274,4.13118,0,0,2.31974,2.31974,0,1.79215,3.38688
75.1936,85.139,6.05209,0,0.04,3.92761,3.92761,0,0.736,6.048,99.3022,98.274,3.68204,0,0,2.31985,2.31985,0,1.79223,3.38688
83.2347,85.139,12.4155,0,0.04,3.42991,3.42991,0,0.736034,6.048,99.3022,98.274,11.1796,0,0,1.9924,1.9924,0,1.79232,3.38688
85.139,85.139,10.0485,0,0.04,3.43007,3.43007,0,0.642766,6.048,99.3022,98.274,8.3024,0,0,1.99249,1.99249,0,1.53933,3.38688
85.139,85.139,8.23249,0,0.04,3.43023,3.43023,0,0.642795,6.048,99.3022,98.274,5.48437,0,0,1.99258,1.99258,0,1.5394,3.38688
85.139,85.139,6.533,0,0.04,3.43038,3.43038,0,0.642824,6.048,99.3022,98.274,3.83353,0,0,1.99267,1.99267,0,1.53947,3.38688
85.139,85.139,9.66827,0,0.04,3.43054,3.43054,0,0.642853,6.048,99.3022,98.274,6.62891,0,0,1.99276,1.99276,0,1.53954,3.38688
85.139,85.139,8.89724,0,0.04,3.55604,3.55604,0,0.642882,6.048,99.3022,98.274,6.36183,0,0,2.073,2.073,0,1.53961,3.38688
85.139,85.139,7.14325,0.32,0.04,3.2538,3.5562,0,0.666402,6.048,99.3022,98.274,5.71683,0,0,2.37549,2.07309,0,1.6016,3.38688
85.139,85.139,6.6826,0.4,0.04,3.25396,3.55636,0,0.609763,6.048,99.3022,98.274,6.19082,0,0,2.37559,2.07319,0,1.83531,3.38688
85.139,85.139,6.35765,0.54,0.04,3.25413,3.55653,0,0.609793,6.048,99.3022,98.274,5.44882,0,0,2.37568,2.07328,0,1.83538,3.38688
85.139,85.139,5.89848,0.51,0.04,3.20527,3.50767,0,0.609823,6.048,99.3022,98.274,4.2037,0,0,2.34464,2.04224,0,1.83545,3.38688
85.139,85.139,5.56223,0.45,0.04,3.20543,3.50783,0,0.600667,6.048,99.3022,98.274,3.96801,0,0,2.34473,2.04233,0,1.81147,3.38688
85.139,85.139,5.20454,0.4,0.04,3.20558,3.50798,0,0.600697,6.048,99.3022,98.274,3.84939,0,0,2.34483,2.04243,0,1.81154,3.38688
85.139,85.139,5.23519,0.37,0.04,3.20574,3.50814,0,0.600727,6.048,99.3022,98.274,3.61763,0,0,2.34492,2.04252,0,1.81161,3.38688
85.139,85.139,5.64048,0.33,0.04,3.37233,3.67473,0,0.600756,6.048,99.2879,98.274,3.62281,0,0,2.45545,2.15305,0,1.81168,3.38688
85.139,85.139,4.67786,0.29,0.04,3.37249,3.67489,0,0.631974,6.048,99.217,98.274,3.38755,0,0,2.45554,2.15314,0,1.89708,3.38688
85.139,85.139,4.6059,0.28,0.04,3.37266,3.67506,0,0.632005,6.048,99.2837,98.274,3.2382,0,0,2.45564,2.15324,0,1.89715,3.38688
85.139,85.139,3.98605,0.26,0.04,3.37283,3.67523,0,0.632036,6.048,98.8325,98.274,2.59496,0,0,2.45574,2.15334,0,1.89723,3.38688
85.139,85.139,3.56059,0.24,0.04,3.37299,3.67539,0,0.632067,6.048,98.1583,98.274,2.03335,0,0,2.45584,2.15344,0,1.8973,3.38688
84.9198,85.139,3.2628,0.23,0.04,3.34024,3.64264,0,0.632099,6.048,97.4451,98.274,1.88545,0,0,2.51664,2.21424,0,1.89738,3.38688
84.5126,85.139,3.05787,0.24,0.04,3.3404,3.6428,0,0.625961,6.048,96.6106,98.274,1.76361,0,0,2.51674,2.21434,0,1.94436,3.38688
83.9245,85.139,2.86728,0.24,0.04,3.34057,3.64297,0,0.625992,6.048,95.6289,98.274,1.66049,0,0,2.51684,2.21444,0,1.94444,3.38688
83.3188,85.139,2.82256,0.24,0.04,3.34073,3.64313,0,0.626023,6.048,94.7637,98.274,1.58601,0,0,2.51694,2.21454,0,1.94451,3.38688
82.5281,85.139,2.72015,0.23,0.04,3.42593,3.72833,0,0.626053,6.048,93.8272,98.274,1.58029,0,0,2.57116,2.26876,0,1.94459,3.38688
81.571,85.139,2.51302,0.22,0.04,3.42609,3.72849,0,0.642018,6.048,92.7382,98.274,1.49394,0,0,2.57126,2.26886,0,1.98648,3.38688
80.4055,85.139,2.28715,0.23,0.04,3.42626,3.72866,0,0.64205,6.048,91.8799,98.274,1.31615,0,0,2.57137,2.26897,0,1.98656,3.38688
79.5425,85.139,2.57502,0.23,0.04,3.42643,3.72883,0,0.642082,6.048,90.8889,98.274,1.74831,0,0,2.57147,2.26907,0,1.98664,3.38688
77.8684,85.139,1.94307,0.23,0.04,3.67565,3.97805,0,0.642113,6.048,89.6667,98.274,1.31562,0,0,2.76694,2.46454,0,1.98672,3.38688
75.7842,85.139,1.50449,0.25,0.04,3.67583,3.97823,0,0.688816,6.048,88.397,98.274,1.05915,0,0,2.76705,2.46465,0,2.13774,3.38688
73.8394,85.139,1.62217,0.25,0.04,3.67601,3.97841,0,0.68885,6.048,87.2546,98.274,1.07651,0,0,2.76716,2.46476,0,2.13782,3.38688
72.7335,85.139,2.51176,0.23,0.04,3.67619,3.97859,0,0.688884,6.048,86.0252,98.274,1.26934,0,0,2.76727,2.46487,0,2.13791,3.38688
71.7587,85.139,2.60111,0.28,0.04,3.67637,3.97877,0,0.688917,6.048,84.8033,98.274,1.1366,0,0,2.76738,2.46498,0,2.13799,3.38688
69.1441,85.139,0.789362,0.28,0.04,3.55514,3.85754,0,0.688951,6.048,83.3554,98.274,1.03152,0,0,2.64889,2.34649,0,2.13808,3.38688
66.431,85.139,0.662858,0.15,0.04,3.55532,3.85772,0,0.666234,6.048,81.9106,98.274,0.571815,0,0,2.649,2.3466,0,2.04653,3.38688
63.9611,85.139,0.937442,0.24,0.04,3.55549,3.85789,0,0.666267,6.048,80.7435,98.274,0.66191,0,0,2.6491,2.3467,0,2.04661,3.38688
62.709,85.139,2.3295,0.18,0.04,3.55567,3.85807,0,0.6663,6.048,79.953,98.274,1.28333,0,0,2.64921,2.34681,0,2.0467,3.38688
59.9137,85.139,0.526771,0.02,0.04,3.45618,3.75858,0,0.666332,6.048,78.8186,98.274,0.988837,0,0,2.54133,2.23893,0,2.04678,3.38688
57.7719,85.139,1.19093,0.2,0.04,3.45635,3.75875,0,0.647687,6.048,78.3432,98.274,0.97237,0,0,2.54143,2.23903,0,1.96343,3.38688
56.5512,85.139,2.37115,0,0.04,3.75892,3.75892,0,0.647719,6.048,78.1592,98.274,2.11947,0,0,2.23914,2.23914,0,1.96351,3.38688
54.8381,85.139,1.56752,0.25,0.04,3.45669,3.75909,0,0.704421,6.048,77.2665,98.274,2.05573,0,0,2.54164,2.23924,0,1.72996,3.38688
53.2459,85.139,1.74632,0,0.04,3.47614,3.47614,0,0.647783,6.048,76.7024,98.274,1.16924,0,0,2.0144,2.0144,0,1.96367,3.38688
52.1424,85.139,2.3391,0,0.04,3.4763,3.4763,0,0.651429,6.048,76.5963,98.274,1.48166,0,0,2.0145,2.0145,0,1.55633,3.38688
53.3252,85.139,4.75241,0,0.04,3.47646,3.47646,0,0.651458,6.048,76.3001,98.274,3.23508,0,0,2.01459,2.01459,0,1.5564,3.38688
53.9386,85.139,4.05209,0,0.04,3.47661,3.47661,0,0.651488,6.048,76.119,98.274,1.49979,0,0,2.01468,2.01468,0,1.55647,3.38688
54.2549,85.139,3.71914,0,0.04,3.47677,3.47677,0,0.651517,6.048,76.154,98.274,2.40268,0,0,2.01477,2.01477,0,1.55654,3.38688
54.6287,85.139,3.88837,0,0.04,3.58583,3.58583,0,0.651547,6.048,76.3076,98.274,3.13698,0,0,2.08,2.08,0,1.55661,3.38688
53.8902,85.139,2.76572,0,0.04,3.58596,3.58596,0,0.671985,6.048,76.1586,98.274,2.78839,0,0,2.08008,2.08008,0,1.60701,3.38688
52.5468,85.139,2.1294,0,0.04,3.5861,3.5861,0,0.67201,6.048,75.9371,98.274,2.33794,0,0,2.08015,2.08015,0,1.60707,3.38688
51.192,85.139,2.08259,0,0.04,3.58623,3.58623,0,0.672034,6.048,76.0001,98.274,2.29823,0,0,2.08023,2.08023,0,1.60712,3.38688
51.7795,85.139,4.3429,0,0.04,3.93616,3.93616,0,0.672059,6.048,76.0673,98.274,3.54258,0,0,2.3249,2.3249,0,1.60718,3.38688
51.8107,85.139,3.79973,0,0.04,3.9363,3.9363,0,0.737637,6.048,76.1597,98.274,3.17325,0,0,2.32499,2.32499,0,1.79622,3.38688
52.6894,85.139,4.70296,0,0.04,3.93645,3.93645,0,0.737663,6.048,76.7402,98.274,5.63422,0,0,2.32507,2.32507,0,1.79628,3.38688
54.193,85.139,5.37071,0,0.04,3.93659,3.93659,0,0.73769,6.048,77.5723,98.274,5.84167,0,0,2.32516,2.32516,0,1.79635,3.38688
55.6399,85.139,5.00615,0,0.04,3.43773,3.43773,0,0.737717,6.048,77.8723,98.274,3.77582,0,0,1.99694,1.99694,0,1.79641,3.38688
56.5847,85.139,4.51285,0,0.04,3.43785,3.43785,0,0.64423,6.048,78.2778,98.274,3.7091,0,0,1.99701,1.99701,0,1.54283,3.38688
60.9385,85.139,8.30964,0,0.04,3.43798,3.43798,0,0.644254,6.048,79.2399,98.274,6.48253,0,0,1.99708,1.99708,0,1.54289,3.38688
64.741,85.139,7.79334,0,0.04,3.4381,3.4381,0,0.644277,6.048,80.0786,98.274,5.91355,0,0,1.99715,1.99715,0,1.54295,3.38688
68.7818,85.139,8.21155,0,0.04,3.43823,3.43823,0,0.6443,6.048,81.2285,98.274,6.24396,0,0,1.99723,1.99723,0,1.543,3.38688
72.7765,85.139,8.37628,0,0.04,3.56398,3.56398,0,0.644324,6.048,82.3025,98.274,6.05772,0,0,2.07763,2.07763,0,1.54306,3.38688
75.4165,85.139,6.91449,0,0.04,3.56411,3.56411,0,0.66789,6.048,83.327,98.274,5.61408,0,0,2.07771,2.07771,0,1.60518,3.38688
77.536,85.139,6.41025,0,0.04,3.56424,3.56424,0,0.667915,6.048,84.5395,98.274,5.98864,0,0,2.07778,2.07778,0,1.60524,3.38688
79.5635,85.139,6.16598,0,0.04,3.56437,3.56437,0,0.667939,6.048,85.4642,98.274,5.61675,0,0,2.07786,2.07786,0,1.60529,3.38688
80.1578,85.139,4.5827,0,0.04,3.51537,3.51537,0,0.667963,6.048,86.4059,98.274,5.1717,0,0,2.04673,2.04673,0,1.60535,3.38688
80.3589,85.139,4.15016,0,0.04,3.5155,3.5155,0,0.658781,6.048,87.1194,98.274,4.61958,0,0,2.0468,2.0468,0,1.5813,3.38688
80.3794,85.139,3.91912,0,0.04,3.51563,3.51563,0,0.658805,6.048,87.7043,98.274,4.16023,0,0,2.04688,2.04688,0,1.58136,3.38688
80.3943,85.139,3.86697,0,0.04,3.51576,3.51576,0,0.658829,6.048,88.2517,98.274,4.21158,0,0,2.04695,2.04695,0,1.58142,3.38688
79.7394,85.139,3.20937,0,0.04,3.68267,3.68267,0,0.658853,6.048,88.6008,98.274,4.15079,0,0,2.1577,2.1577,0,1.58147,3.38688
78.864,85.139,2.94839,0,0.04,3.6828,3.6828,0,0.690132,6.048,88.8885,98.274,3.89975,0,0,2.15778,2.15778,0,1.66704,3.38688
77.7488,85.139,2.6915,0,0.04,3.68294,3.68294,0,0.690157,6.048,89.1292,98.274,3.32607,0,0,2.15786,2.15786,0,1.6671,3.38688
76.3605,85.139,2.37849,0,0.04,3.68307,3.68307,0,0.690182,6.048,89.2553,98.274,2.97612,0,0,2.15793,2.15793,0,1.66716,3.38688
75.648,85.139,3.06352,0,0.04,3.6832,3.6832,0,0.690207,6.048,89.5275,98.274,3.74858,0,0,2.15801,2.15801,0,1.66722,3.38688
75.906,85.139,4.02954,0,0.04,3.65035,3.65035,0,0.690232,6.048,89.9496,98.274,4.68278,0,0,2.21893,2.21893,0,1.66728,3.38688
75.9742,85.139,3.81153,0,0.04,3.65048,3.65048,0,0.684075,6.048,90.2977,98.274,4.53768,0,0,2.21901,2.21901,0,1.71435,3.38688
75.8454,85.139,3.59248,0,0.04,3.65061,3.65061,0,0.6841,6.048,90.5065,98.274,4.28272,0,0,2.21909,2.21909,0,1.71441,3.38688
75.4867,85.139,3.35179,0,0.04,3.65075,3.65075,0,0.684125,6.048,90.6223,98.274,4.01432,0,0,2.21917,2.21917,0,1.71447,3.38688
74.7244,85.139,3.0092,0,0.04,3.73608,3.73608,0,0.68415,6.048,90.4248,98.274,3.10162,0,0,2.27348,2.27348,0,1.71453,3.38688
73.7907,85.139,2.79005,0,0.04,3.73622,3.73622,0,0.700142,6.048,90.1748,98.274,2.97465,0,0,2.27356,2.27356,0,1.75649,3.38688
72.6309,85.139,2.54041,0,0.04,3.73636,3.73636,0,0.700168,6.048,89.8898,98.274,2.61926,0,0,2.27365,2.27365,0,1.75656,3.38688
71.9096,85.139,2.96305,0,0.04,3.73649,3.73649,0,0.700193,6.048,89.7817,98.274,3.68499,0,0,2.27373,2.27373,0,1.75662,3.38688
70.7305,85.139,2.70291,0,0.04,3.98618,3.98618,0,0.700219,6.048,89.5251,98.274,3.2896,0,0,2.46958,2.46958,0,1.75668,3.38688
69.7833,85.139,2.94706,0,0.04,3.98633,3.98633,0,0.74701,6.048,89.3122,98.274,3.77469,0,0,2.46967,2.46967,0,1.908,3.38688
68.294,85.139,2.42074,0,0.04,3.98647,3.98647,0,0.747038,6.048,88.9451,98.274,3.0265,0,0,2.46976,2.46976,0,1.90807,3.38688
67.2359,85.139,2.8093,0,0.04,3.98662,3.98662,0,0.747065,6.048,88.8783,98.274,4.52113,0,0,2.46985,2.46985,0,1.90813,3.38688
65.6895,85.139,2.28351,0,0.04,3.98676,3.98676,0,0.747092,6.048,88.5194,98.274,3.54165,0,0,2.46994,2.46994,0,1.9082,3.38688
63.838,85.139,1.88747,0,0.04,3.86526,3.86526,0,0.747119,6.048,88.0815,98.274,3.28482,0,0,2.35118,2.35118,0,1.90827,3.38688
62.2465,85.139,2.15405,0,0.04,3.8654,3.8654,0,0.72435,6.048,87.834,98.274,4.15879,0,0,2.35127,2.35127,0,1.81652,3.38688
60.5907,85.139,2.10063,0,0.04,3.86554,3.86554,0,0.724376,6.048,87.5738,98.274,4.05905,0,0,2.35135,2.35135,0,1.81659,3.38688
59.2476,85.139,2.55716,0,0.04,3.86568,3.86568,0,0.724403,6.048,87.568,98.274,5.19187,0,0,2.35144,2.35144,0,1.81666,3.38688
57.9319,85.139,2.46027,0,0.04,3.76596,3.76596,0,0.724429,6.048,87.4051,98.274,3.52242,0,0,2.24333,2.24333,0,1.81672,3.38688
56.7139,85.139,2.60201,0,0.04,3.7661,3.7661,0,0.705741,6.048,88.1354,98.274,7.27521,0,0,2.24341,2.24341,0,1.7332,3.38688
55.3288,85.139,2.34355,0,0.04,3.76623,3.76623,0,0.705766,6.048,88.0813,98.274,3.4239,0,0,2.2435,2.2435,0,1.73326,3.38688
54.7834,85.139,3.28457,0,0.04,3.76637,3.76637,0,0.705792,6.048,88.6612,98.274,6.07248,0,0,2.24358,2.24358,0,1.73332,3.38688
55.4042,85.139,4.49334,0,0.04,3.48285,3.48285,0,0.705818,6.048,90.1999,98.274,11.5805,0,0,2.01829,2.01829,0,1.73339,3.38688
56.0196,85.139,4.5914,0,0.04,3.48297,3.48297,0,0.652685,6.048,91.1341,98.274,7.15374,0,0,2.01836,2.01836,0,1.55933,3.38688
56.1962,85.139,4.07651,0,0.04,3.4831,3.4831,0,0.652709,6.048,92.1358,98.274,7.24558,0,0,2.01844,2.01844,0,1.55939,3.38688
56.0697,85.139,3.63381,0,0.04,3.48323,3.48323,0,0.652733,6.048,93.0007,98.274,6.79723,0,0,2.01851,2.01851,0,1.55944,3.38688
58.131,85.139,6.02071,0,0.04,3.48335,3.48335,0,0.652757,6.048,94.1608,98.274,7.47532,0,0,2.01858,2.01858,0,1.5595,3.38688
58.7197,85.139,4.33993,0,0.04,3.59259,3.59259,0,0.65278,6.048,95.3303,98.274,6.86331,0,0,2.08392,2.08392,0,1.55956,3.38688
58.6945,85.139,3.67678,0,0.04,3.59269,3.59269,0,0.673251,6.048,96.2274,98.274,6.0083,0,0,2.08398,2.08398,0,1.61004,3.38688
58.4123,85.139,3.39302,0,0.04,3.59279,3.59279,0,0.67327,6.048,97.0516,98.274,5.78764,0,0,2.08403,2.08403,0,1.61008,3.38688
58.2482,85.139,3.55523,0,0.04,3.59289,3.59289,0,0.673288,6.048,97.8829,98.274,5.86916,0,0,2.08409,2.08409,0,1.61012,3.38688
58.1772,85.139,3.9553,0,0.04,3.94344,3.94344,0,0.673307,6.048,98.6489,98.274,6.79826,0,0,2.3292,2.3292,0,1.61017,3.38688
57.3722,85.139,3.18987,0,0.04,3.94354,3.94354,0,0.739,6.048,99.3022,98.274,4.88932,0,0,2.32926,2.32926,0,1.79954,3.38688
56.6064,85.139,3.11649,0,0.04,3.94365,3.94365,0,0.73902,6.048,99.3022,98.274,3.66246,0,0,2.32933,2.32933,0,1.79959,3.38688
57.8535,85.139,5.3127,0,0.04,3.94376,3.94376,0,0.739041,6.048,99.3022,98.274,5.34381,0,0,2.32939,2.32939,0,1.79964,3.38688
59.2574,85.139,5.06564,0,0.04,3.44396,3.44396,0,0.739061,6.048,99.3022,98.274,5.1201,0,0,2.00056,2.00056,0,1.79969,3.38688
60.1402,85.139,4.64584,0,0.04,3.44405,3.44405,0,0.645398,6.048,99.3022,98.274,5.17223,0,0,2.00061,2.00061,0,1.54563,3.38688
60.6665,85.139,4.05184,0,0.04,3.44415,3.44415,0,0.645416,6.048,99.3022,98.274,4.37989,0,0,2.00067,2.00067,0,1.54567,3.38688
61.239,85.139,4.24087,0,0.04,3.44424,3.44424,0,0.645433,6.048,99.3022,98.274,4.86034,0,0,2.00072,2.00072,0,1.54571,3.38688
62.0399,85.139,4.56635,0,0.04,3.44434,3.44434,0,0.645451,6.048,99.3022,98.274,4.65113,0,0,2.00078,2.00078,0,1.54576,3.38688
64.8747,85.139,6.6765,0,0.04,3.57028,3.57028,0,0.645469,6.048,99.3022,98.274,6.10305,0,0,2.0813,2.0813,0,1.5458,3.38688
66.5825,85.139,5.50415,0,0.04,3.57038,3.57038,0,0.669071,6.048,99.3022,98.274,5.07749,0,0,2.08136,2.08136,0,1.60801,3.38688
67.205,85.139,4.41897,0,0.04,3.57048,3.57048,0,0.66909,6.048,99.3022,98.274,4.08763,0,0,2.08142,2.08142,0,1.60806,3.38688
67.4486,85.139,4.08024,0,0.04,3.57058,3.57058,0,0.669108,6.048,99.3022,98.274,3.59068,0,0,2.08147,2.08147,0,1.6081,3.38688
67.2154,85.139,3.43532,0,0.04,3.52146,3.52146,0,0.669126,6.048,99.3022,98.274,4.1358,0,0,2.05027,2.05027,0,1.60815,3.38688
66.6719,85.139,3.10368,0,0.04,3.52156,3.52156,0,0.659922,6.048,99.3022,98.274,4.01877,0,0,2.05033,2.05033,0,1.58404,3.38688
66.5173,85.139,3.49375,0,0.04,3.52166,3.52166,0,0.65994,6.048,99.3022,98.274,3.7621,0,0,2.05039,2.05039,0,1.58408,3.38688
65.9,85.139,2.95992,0,0.04,3.52175,3.52175,0,0.659958,6.048,99.3022,98.274,3.70076,0,0,2.05044,2.05044,0,1.58413,3.38688
64.6798,85.139,2.39877,0,0.04,3.68892,3.68892,0,0.659977,6.048,99.3022,98.274,3.22542,0,0,2.16136,2.16136,0,1.58417,3.38688
63.2319,85.139,2.17615,0,0.04,3.68902,3.68902,0,0.691303,6.048,99.3022,98.274,2.86627,0,0,2.16142,2.16142,0,1.66987,3.38688
61.5849,85.139,1.92499,0,0.04,3.68912,3.68912,0,0.691322,6.048,99.2429,98.274,2.71013,0,0,2.16148,2.16148,0,1.66991,3.38688
59.8873,85.139,1.81957,0,0.04,3.68922,3.68922,0,0.691341,6.048,99.1301,98.274,2.58515,0,0,2.16154,2.16154,0,1.66996,3.38688
58.1222,85.139,1.71185,0,0.04,3.68932,3.68932,0,0.69136,6.048,98.8147,98.274,2.35777,0,0,2.1616,2.1616,0,1.67,3.38688
56.342,85.139,1.60743,0,0.04,3.65638,3.65638,0,0.691379,6.048,98.3315,98.274,1.99912,0,0,2.2226,2.2226,0,1.67005,3.38688
54.4741,85.139,1.492,0,0.04,3.65648,3.65648,0,0.685205,6.048,97.7531,98.274,1.96296,0,0,2.22266,2.22266,0,1.71718,3.38688
52.507,85.139,1.35985,0,0.04,3.65658,3.65658,0,0.685224,6.048,97.1084,98.274,1.80223,0,0,2.22272,2.22272,0,1.71722,3.38688
50.4735,85.139,1.24233,0,0.04,3.65668,3.65668,0,0.685243,6.048,96.3151,98.274,1.72715,0,0,2.22278,2.22278,0,1.71727,3.38688
48.2071,85.139,1.02018,0,0.04,3.74212,3.74212,0,0.685262,6.048,95.3678,98.274,1.49662,0,0,2.27716,2.27716,0,1.71732,3.38688
45.9055,85.139,0.936239,0,0.04,3.74222,3.74222,0,0.701274,6.048,94.3511,98.274,1.35773,0,0,2.27722,2.27722,0,1.75933,3.38688
43.5839,85.139,0.859307,0,0.04,3.74233,3.74233,0,0.701293,6.048,93.672,98.274,1.28187,0,0,2.27728,2.27728,0,1.75938,3.38688
41.4925,85.139,1.02426,0,0.04,3.74243,3.74243,0,0.701312,6.048,92.7857,98.274,1.70374,0,0,2.27734,2.27734,0,1.75943,3.38688
39.0735,85.139,0.816766,0,0.04,3.99248,3.99248,0,0.701331,6.048,91.669,98.274,1.34586,0,0,2.47348,2.47348,0,1.75948,3.38688
36.5361,85.139,0.630475,0,0.04,3.99259,3.99259,0,0.748191,6.048,90.5561,98.274,1.12788,0,0,2.47355,2.47355,0,1.91101,3.38688
34.0984,85.139,0.635346,0,0.04,3.9927,3.9927,0,0.748211,6.048,89.4693,98.274,1.16948,0,0,2.47362,2.47362,0,1.91106,3.38688
31.8813,85.139,0.752132,0,0.04,3.99281,3.99281,0,0.748232,6.048,88.8175,98.274,1.23663,0,0,2.47368,2.47368,0,1.91112,3.38688
29.6081,85.139,0.587332,0,0.04,3.99292,3.99292,0,0.748252,6.048,87.9897,98.274,1.74837,0,0,2.47375,2.47375,0,1.91117,3.38688
27.5729,85.139,0.627362,0,0.04,3.8712,3.8712,0,0.748273,6.048,86.882,98.274,1.29845,0,0,2.35479,2.35479,0,1.91122,3.38688
25.2415,85.139,0.514098,0,0.04,3.8713,3.8713,0,0.725462,6.048,85.9929,98.274,1.04053,0,0,2.35486,2.35486,0,1.81931,3.38688
23.9319,85.139,0.841871,0,0.04,3.87141,3.87141,0,0.725482,6.048,85.561,98.274,1.38604,0,0,2.35492,2.35492,0,1.81936,3.38688
23.4193,85.139,1.89308,0,0.04,3.87152,3.87152,0,0.725502,6.048,84.8208,98.274,2.10366,0,0,2.35499,2.35499,0,1.81941,3.38688
22.3754,85.139,1.21602,0,0.04,3.77161,3.77161,0,0.725522,6.048,83.8253,98.274,1.15262,0,0,2.2467,2.2467,0,1.81946,3.38688
21.3812,85.139,1.01565,0.33,0.04,3.46931,3.77171,0,0.706799,6.048,83.2836,98.274,0.950006,0,0,2.54916,2.24676,0,1.7358,3.38688
21.3116,85.139,1.90529,0.23,0.04,3.46942,3.77182,0,0.650149,6.048,83.0091,98.274,2.72755,0,0,2.54922,2.24682,0,1.96948,3.38688
22.734,85.139,3.50795,0.41,0.04,3.46952,3.77192,0,0.650168,6.048,83.2092,98.274,3.25551,0,0,2.54928,2.24688,0,1.96953,3.38688
23.8289,85.139,3.28288,0,0.04,3.48795,3.48795,0,0.650188,6.048,83.3688,98.274,3.15151,0,0,2.02125,2.02125,0,1.96958,3.38688
26.9681,85.139,5.47265,0,0.04,3.48804,3.48804,0,0.653641,6.048,83.841,98.274,3.83913,0,0,2.0213,2.0213,0,1.56161,3.38688
31.6429,85.139,7.25151,0.02,0.04,3.18574,3.48814,0,0.653659,6.048,85.3066,98.274,5.38345,0,0,2.32376,2.02136,0,1.56166,3.38688
36.3352,85.139,7.78193,0,0.04,3.48823,3.48823,0,0.597007,6.048,87.5663,98.274,7.59295,0,0,2.02141,2.02141,0,1.79533,3.38688
40.94,85.139,7.73325,0,0.04,3.48833,3.48833,0,0.653695,6.048,88.5586,98.274,5.51824,0,0,2.02147,2.02147,0,1.56174,3.38688
42.2117,85.139,4.56375,0,0.04,3.59769,3.59769,0,0.653713,6.048,90.1316,98.274,6.35565,0,0,2.08688,2.08688,0,1.56179,3.38688
43.4864,85.139,4.6472,0,0.04,3.59776,3.59776,0,0.674207,6.048,92.2434,98.274,7.41961,0,0,2.08692,2.08692,0,1.61232,3.38688
43.6322,85.139,3.48564,0,0.04,3.59782,3.59782,0,0.67422,6.048,93.7723,98.274,6.37397,0,0,2.08695,2.08695,0,1.61235,3.38688
43.7301,85.139,3.48655,0,0.04,3.59789,3.59789,0,0.674232,6.048,94.9263,98.274,5.44797,0,0,2.08699,2.08699,0,1.61238,3.38688
43.3472,85.139,3.20787,0,0.04,3.9489,3.9489,0,0.674245,6.048,96.2724,98.274,6.11043,0,0,2.33242,2.33242,0,1.61241,3.38688
42.7753,85.139,2.94605,0,0.04,3.94897,3.94897,0,0.740023,6.048,97.442,98.274,4.78688,0,0,2.33247,2.33247,0,1.80203,3.38688
43.6561,85.139,4.52393,0,0.04,3.94904,3.94904,0,0.740037,6.048,98.9091,98.274,5.81393,0,0,2.33251,2.33251,0,1.80206,3.38688
44.7922,85.139,5.03156,0,0.04,3.94912,3.94912,0,0.740051,6.048,99.3022,98.274,7.2012,0,0,2.33255,2.33255,0,1.8021,3.38688
48.4477,85.139,7.13356,0,0.04,3.4486,3.4486,0,0.740064,6.048,99.3022,98.274,9.17429,0,0,2.00326,2.00326,0,1.80213,3.38688
52.5846,85.139,7.71189,0,0.04,3.44867,3.44867,0,0.646269,6.048,99.3022,98.274,8.49865,0,0,2.00329,2.00329,0,1.54772,3.38688
54.4671,85.139,5.52998,0,0.04,3.44873,3.44873,0,0.646281,6.048,99.3022,98.274,7.05656,0,0,2.00333,2.00333,0,1.54774,3.38688
56.4626,85.139,5.58018,0,0.04,3.4488,3.4488,0,0.646293,6.048,99.3022,98.274,5.72712,0,0,2.00337,2.00337,0,1.54777,3.38688
57.9946,85.139,5.12656,0,0.04,3.44886,3.44886,0,0.646305,6.048,99.3022,98.274,6.36177,0,0,2.0034,2.0034,0,1.5478,3.38688
57.836,85.139,3.43937,0,0.04,3.57494,3.57494,0,0.646317,6.048,99.3022,98.274,3.72469,0,0,2.08402,2.08402,0,1.54783,3.38688
58.9019,85.139,4.83926,0,0.04,3.57501,3.57501,0,0.669944,6.048,99.3022,98.274,6.77871,0,0,2.08406,2.08406,0,1.61011,3.38688
58.5597,85.139,3.24507,0,0.04,3.57508,3.57508,0,0.669957,6.048,99.3022,98.274,3.54299,0,0,2.0841,2.0841,0,1.61014,3.38688
57.874,85.139,2.84061,0,0.04,3.57514,3.57514,0,0.669969,6.048,99.3022,98.274,3.15197,0,0,2.08414,2.08414,0,1.61017,3.38688
57.2654,85.139,2.89122,0,0.04,3.52593,3.52593,0,0.669982,6.048,99.3022,98.274,3.27836,0,0,2.05288,2.05288,0,1.6102,3.38688
56.3875,85.139,2.61292,0,0.04,3.526,3.526,0,0.66076,6.048,99.2919,98.274,3.06746,0,0,2.05291,2.05291,0,1.58605,3.38688
55.3934,85.139,2.40493,0,0.04,3.52607,3.52607,0,0.660772,6.048,99.3022,98.274,2.78126,0,0,2.05295,2.05295,0,1.58608,3.38688
54.3596,85.139,2.34455,0,0.04,3.52613,3.52613,0,0.660785,6.048,99.2701,98.274,3.1391,0,0,2.05299,2.05299,0,1.58611,3.38688
52.9662,85.139,2.07217,0,0.04,3.69347,3.69347,0,0.660797,6.048,99.0664,98.274,2.62164,0,0,2.16403,2.16403,0,1.58614,3.38688
51.4312,85.139,1.88684,0,0.04,3.69354,3.69354,0,0.692156,6.048,98.9322,98.274,2.31273,0,0,2.16407,2.16407,0,1.67193,3.38688
49.7516,85.139,1.65816,0,0.04,3.69361,3.69361,0,0.692169,6.048,98.7478,98.274,2.15914,0,0,2.16411,2.16411,0,1.67196,3.38688
48.0595,85.139,1.60774,0,0.04,3.69368,3.69368,0,0.692182,6.048,98.5437,98.274,2.20546,0,0,2.16415,2.16415,0,1.67199,3.38688
46.3642,85.139,1.56212,0,0.04,3.69374,3.69374,0,0.692195,6.048,98.4051,98.274,2.11441,0,0,2.16419,2.16419,0,1.67202,3.38688
44.9022,85.139,1.72819,0,0.04,3.66073,3.66073,0,0.692208,6.048,98.0128,98.274,2.09471,0,0,2.22524,2.22524,0,1.67205,3.38688
43.3643,85.139,1.61652,0,0.04,3.6608,3.6608,0,0.686021,6.048,97.5756,98.274,2.02275,0,0,2.22528,2.22528,0,1.71922,3.38688
41.722,85.139,1.47168,0,0.04,3.66087,3.66087,0,0.686034,6.048,97.0025,98.274,1.9245,0,0,2.22532,2.22532,0,1.71925,3.38688
40.0037,85.139,1.33714,0,0.04,3.66093,3.66093,0,0.686046,6.048,96.5607,98.274,1.77783,0,0,2.22536,2.22536,0,1.71929,3.38688
38.3895,85.139,1.43236,0,0.04,3.74644,3.74644,0,0.686059,6.048,96.0431,98.274,1.9316,0,0,2.27979,2.27979,0,1.71932,3.38688
36.7687,85.139,1.37194,0,0.04,3.74651,3.74651,0,0.702083,6.048,95.3787,98.274,1.8931,0,0,2.27983,2.27983,0,1.76136,3.38688
35.0823,85.139,1.24512,0,0.04,3.74658,3.74658,0,0.702097,6.048,94.7078,98.274,1.73759,0,0,2.27987,2.27987,0,1.7614,3.38688
33.3218,85.139,1.09475,0,0.04,3.74665,3.74665,0,0.70211,6.048,93.9177,98.274,1.71883,0,0,2.27991,2.27991,0,1.76143,3.38688
31.207,85.139,0.816055,0,0.04,3.99695,3.99695,0,0.702123,6.048,92.8478,98.274,1.52136,0,0,2.47625,2.47625,0,1.76146,3.38688
28.9432,85.139,0.547256,0,0.04,3.99702,3.99702,0,0.749028,6.048,91.7969,98.274,1.13953,0,0,2.4763,2.4763,0,1.91315,3.38688
27.0578,85.139,0.8204,0,0.04,3.9971,3.9971,0,0.749042,6.048,90.8534,98.274,1.34572,0,0,2.47634,2.47634,0,1.91319,3.38688
25.6002,85.139,1.1489,0,0.04,3.99717,3.99717,0,0.749056,6.048,90.2487,98.274,1.5064,0,0,2.47639,2.47639,0,1.91322,3.38688
24.2337,85.139,1.12,0,0.04,3.99725,3.99725,0,0.74907,6.048,89.809,98.274,1.74298,0,0,2.47643,2.47643,0,1.91326,3.38688
22.9225,85.139,1.00762,0,0.04,3.87536,3.87536,0,0.749084,6.048,89.3933,98.274,2.45969,0,0,2.35733,2.35733,0,1.91329,3.38688
21.6196,85.139,0.897808,0,0.04,3.87543,3.87543,0,0.726242,6.048,88.5355,98.274,1.52763,0,0,2.35737,2.35737,0,1.82127,3.38688
20.4279,85.139,0.74801,0.2,0.04,3.5731,3.8755,0,0.726256,6.048,87.7996,98.274,1.35905,0,0,2.65981,2.35741,0,1.8213,3.38688
19.9125,85.139,1.38502,0.13,0.04,3.57318,3.87558,0,0.6696,6.048,87.3025,98.274,1.88725,0,0,2.65986,2.35746,0,2.05497,3.38688
20.1966,85.139,2.13574,0.37,0.04,3.47313,3.77553,0,0.669613,6.048,86.6792,98.274,1.94008,0,0,2.55143,2.24903,0,2.05501,3.38688
19.2671,85.139,0.863688,0.42,0.04,3.4732,3.7756,0,0.650865,6.048,86.1355,98.274,1.20933,0,0,2.55148,2.24908,0,1.97124,3.38688
19.712,85.139,2.20705,0.17,0.04,3.47327,3.77567,0,0.650878,6.048,86.2753,98.274,3.62013,0,0,2.55152,2.24912,0,1.97127,3.38688
20.4616,85.139,2.59914,0.42,0.04,3.47334,3.77574,0,0.650891,6.048,86.6937,98.274,3.13644,0,0,2.55156,2.24916,0,1.9713,3.38688
20.8614,85.139,2.19741,0.42,0.04,3.18905,3.49145,0,0.650904,6.048,86.3088,98.274,2.38126,0,0,2.32568,2.02328,0,1.97133,3.38688
24.0171,85.139,5.04583,0.43,0.04,3.18912,3.49152,0,0.597628,6.048,85.8145,98.274,1.6938,0,0,2.32571,2.02331,0,1.79682,3.38688
26.2047,85.139,4.52853,0,0.04,3.49158,3.49158,0,0.59764,6.048,86.6492,98.274,4.44111,0,0,2.02335,2.02335,0,1.79685,3.38688
28.5667,85.139,4.73865,0.02,0.04,3.18925,3.49165,0,0.654322,6.048,86.8908,98.274,3.50576,0,0,2.32579,2.02339,0,1.56324,3.38688
29.0381,85.139,3.03935,0,0.04,3.49171,3.49171,0,0.597665,6.048,86.5616,98.274,2.14108,0,0,2.02343,2.02343,0,1.7969,3.38688
28.1489,85.139,1.70042,0,0.04,3.49171,3.49171,0,0.654347,6.048,86.6356,98.274,2.28227,0,0,2.02343,2.02343,0,1.5633,3.38688
28.1534,85.139,2.61743,0,0.04,3.60115,3.60115,0,0.654347,6.048,86.7693,98.274,2.95441,0,0,2.08888,2.08888,0,1.5633,3.38688
29.5577,85.139,4.1278,0,0.04,3.60118,3.60118,0,0.674855,6.048,86.8556,98.274,2.70132,0,0,2.0889,2.0889,0,1.61387,3.38688
30.771,85.139,4.08577,0,0.04,3.60122,3.60122,0,0.674862,6.048,86.9896,98.274,2.93958,0,0,2.08892,2.08892,0,1.61389,3.38688
32.6606,85.139,4.82597,0,0.04,3.60125,3.60125,0,0.674868,6.048,87.1471,98.274,3.06545,0,0,2.08894,2.08894,0,1.6139,3.38688
33.3496,85.139,3.89579,0,0.04,3.95255,3.95255,0,0.674875,6.048,86.9298,98.274,3.25468,0,0,2.33458,2.33458,0,1.61392,3.38688
32.4434,85.139,2.21231,0,0.04,3.95259,3.95259,0,0.740708,6.048,86.7212,98.274,2.06369,0,0,2.33461,2.33461,0,1.8037,3.38688
32.3798,85.139,3.04711,0,0.04,3.95263,3.95263,0,0.740716,6.048,86.6926,98.274,2.81573,0,0,2.33463,2.33463,0,1.80372,3.38688
32.2715,85.139,3.01778,0,0.04,3.95267,3.95267,0,0.740723,6.048,86.9689,98.274,3.18774,0,0,2.33465,2.33465,0,1.80373,3.38688
33.1621,85.139,3.70971,0,0.04,3.45168,3.45168,0,0.74073,6.048,87.4397,98.274,3.33905,0,0,2.00504,2.00504,0,1.80375,3.38688
34.0712,85.139,3.7384,0,0.04,3.45171,3.45171,0,0.646845,6.048,87.9142,98.274,3.18143,0,0,2.00506,2.00506,0,1.54909,3.38688
35.1684,85.139,3.97472,0,0.04,3.45175,3.45175,0,0.646851,6.048,88.4129,98.274,3.37547,0,0,2.00508,2.00508,0,1.54911,3.38688
37.3389,85.139,5.22096,0,0.04,3.45178,3.45178,0,0.646857,6.048,89.1295,98.274,4.26325,0,0,2.0051,2.0051,0,1.54913,3.38688
38.6762,85.139,4.40538,0,0.04,3.45182,3.45182,0,0.646864,6.048,89.4024,98.274,3.26241,0,0,2.00512,2.00512,0,1.54914,3.38688
38.6336,85.139,3.05392,0,0.04,3.57797,3.57797,0,0.64687,6.048,89.4302,98.274,2.67225,0,0,2.08579,2.08579,0,1.54916,3.38688
38.7125,85.139,3.22326,0,0.04,3.57801,3.57801,0,0.670512,6.048,89.4849,98.274,2.59793,0,0,2.08581,2.08581,0,1.61148,3.38688
38.2199,85.139,2.58558,0,0.04,3.57805,3.57805,0,0.670519,6.048,89.3607,98.274,2.45775,0,0,2.08583,2.08583,0,1.61149,3.38688
37.9218,85.139,2.74539,0,0.04,3.57808,3.57808,0,0.670526,6.048,89.3245,98.274,2.90095,0,0,2.08585,2.08585,0,1.61151,3.38688
37.1041,85.139,2.14525,0,0.04,3.5288,3.5288,0,0.670532,6.048,89.2193,98.274,2.5524,0,0,2.05455,2.05455,0,1.61153,3.38688
36.1535,85.139,1.97624,0,0.04,3.52884,3.52884,0,0.661297,6.048,89.1238,98.274,2.66135,0,0,2.05457,2.05457,0,1.58734,3.38688
36.321,85.139,3.09474,0,0.04,3.52887,3.52887,0,0.661304,6.048,89.1997,98.274,3.08654,0,0,2.05459,2.05459,0,1.58736,3.38688
35.5424,85.139,2.09309,0,0.04,3.52891,3.52891,0,0.66131,6.048,89.1433,98.274,2.69709,0,0,2.05461,2.05461,0,1.58737,3.38688
34.7089,85.139,2.09269,0,0.04,3.69634,3.69634,0,0.661317,6.048,89.0215,98.274,2.67812,0,0,2.16571,2.16571,0,1.58739,3.38688
33.6534,85.139,1.82497,0,0.04,3.69638,3.69638,0,0.692695,6.048,88.7962,98.274,2.3194,0,0,2.16573,2.16573,0,1.67323,3.38688
32.4215,85.139,1.599,0,0.04,3.69642,3.69642,0,0.692702,6.048,88.522,98.274,2.3131,0,0,2.16576,2.16576,0,1.67325,3.38688
31.1101,85.139,1.4569,0,0.04,3.69645,3.69645,0,0.692709,6.048,88.1229,98.274,2.12174,0,0,2.16578,2.16578,0,1.67326,3.38688
30.3772,85.139,1.9595,0,0.04,3.69649,3.69649,0,0.692716,6.048,87.7711,98.274,1.97656,0,0,2.1658,2.1658,0,1.67328,3.38688
29.5405,85.139,1.79787,0,0.04,3.66342,3.66342,0,0.692722,6.048,87.2208,98.274,1.98459,0,0,2.22688,2.22688,0,1.6733,3.38688
28.6014,85.139,1.64545,0,0.04,3.66346,3.66346,0,0.686525,6.048,86.7002,98.274,1.75552,0,0,2.2269,2.2269,0,1.72048,3.38688
27.6,85.139,1.51104,0,0.04,3.66349,3.66349,0,0.686532,6.048,86.0989,98.274,1.72248,0,0,2.22692,2.22692,0,1.7205,3.38688
26.8052,85.139,1.64355,0,0.04,3.66353,3.66353,0,0.686539,6.048,85.6093,98.274,1.77917,0,0,2.22694,2.22694,0,1.72052,3.38688
26.0435,85.139,1.69089,0,0.04,3.74907,3.74907,0,0.686546,6.048,85.012,98.274,1.8402,0,0,2.28138,2.28138,0,1.72054,3.38688
25.2331,85.139,1.57136,0,0.04,3.7491,3.7491,0,0.702575,6.048,84.2556,98.274,1.76462,0,0,2.2814,2.2814,0,1.7626,3.38688
24.3487,85.139,1.43074,0,0.04,3.74914,3.74914,0,0.702582,6.048,83.849,98.274,1.55643,0,0,2.28143,2.28143,0,1.76261,3.38688
23.7275,85.139,1.62349,0,0.04,3.74918,3.74918,0,0.702589,6.048,83.0437,98.274,2.06992,0,0,2.28145,2.28145,0,1.76263,3.38688
22.9428,85.139,1.53274,0,0.04,3.99961,3.99961,0,0.702596,6.048,82.1683,98.274,1.50295,0,0,2.4779,2.4779,0,1.76265,3.38688
22.0536,85.139,1.34971,0,0.04,3.99965,3.99965,0,0.749527,6.048,81.2668,98.274,1.41319,0,0,2.47792,2.47792,0,1.91442,3.38688
21.1131,85.139,1.08449,0.4,0.04,3.69729,3.99969,0,0.749534,6.048,80.2802,98.274,1.2662,0,0,2.78035,2.47795,0,1.91444,3.38688
20.412,85.139,1.21969,0.35,0.04,3.69733,3.99973,0,0.692872,6.048,79.7726,98.274,1.33593,0,0,2.78037,2.47797,0,2.1481,3.38688
20.2808,85.139,1.76968,0.36,0.04,3.69737,3.99977,0,0.69288,6.048,79.6826,98.274,2.8555,0,0,2.7804,2.478,0,2.14812,3.38688
21.5623,85.139,3.13112,0.45,0.04,3.57537,3.87777,0,0.692887,6.048,79.9036,98.274,3.58493,0,0,2.66119,2.35879,0,2.14813,3.38688
22.285,85.139,2.72816,0.48,0.04,3.57541,3.87781,0,0.670025,6.048,79.8733,98.274,2.90986,0,0,2.66122,2.35882,0,2.05604,3.38688
22.643,85.139,2.43762,0.46,0.04,3.57545,3.87785,0,0.670032,6.048,79.8255,98.274,2.86935,0,0,2.66124,2.35884,0,2.05606,3.38688
24.1687,85.139,3.78499,0.44,0.04,3.57549,3.87789,0,0.670039,6.048,80.1445,98.274,3.98389,0,0,2.66126,2.35886,0,2.05607,3.38688
28.5505,85.139,6.99012,0,0.04,3.77775,3.77775,0,0.670046,6.048,80.9762,98.274,5.98354,0,0,2.25035,2.25035,0,2.05609,3.38688
32.0091,85.139,6.4175,0,0.04,3.77779,3.77779,0,0.70795,6.048,81.726,98.274,5.78487,0,0,2.25038,2.25038,0,1.73862,3.38688
34.233,85.139,5.43087,0,0.04,3.77782,3.77782,0,0.707957,6.048,82.8111,98.274,6.00393,0,0,2.2504,2.2504,0,1.73864,3.38688
37.5802,85.139,6.70672,0,0.04,3.77786,3.77786,0,0.707964,6.048,84.5159,98.274,8.54382,0,0,2.25042,2.25042,0,1.73866,3.38688
47.0705,85.139,12.8519,0,0.04,3.49338,3.49338,0,0.707971,6.048,85.2739,98.274,6.1211,0,0,2.02439,2.02439,0,1.73868,3.38688
58.5283,85.139,15.1787,0,0.04,3.49342,3.49342,0,0.65466,6.048,86.8009,98.274,6.01177,0,0,2.02442,2.02442,0,1.56405,3.38688
69.8435,85.139,15.2556,0,0.04,3.49345,3.49345,0,0.654666,6.048,90.7015,98.274,10.5011,0,0,2.02444,2.02444,0,1.56406,3.38688
75.4785,85.139,9.46017,0,0.04,3.49348,3.49348,0,0.654673,6.048,91.1854,98.274,4.66732,0,0,2.02446,2.02446,0,1.56408,3.38688
82.1619,85.139,10.7771,0,0.04,3.49352,3.49352,0,0.654679,6.048,92.0006,98.274,7.04476,0,0,2.02448,2.02448,0,1.56409,3.38688
85.139,85.139,10.8975,0,0.04,3.60298,3.60298,0,0.654686,6.048,93.2732,98.274,8.98998,0,0,2.08995,2.08995,0,1.56411,3.38688
85.139,85.139,9.59971,0.1,0.04,3.30059,3.60299,0,0.675199,6.048,94.1998,98.274,8.14889,0,0,2.39235,2.08995,0,1.61469,3.38688
85.139,85.139,16.1591,0.27,0.04,3.30059,3.60299,0,0.61853,6.048,95.4913,98.274,9.81725,0,0,2.39235,2.08995,0,1.84833,3.38688
85.139,85.139,11.9633,0.4,0.04,3.3006,3.603,0,0.618531,6.048,96.5616,98.274,8.81792,0,0,2.39235,2.08995,0,1.84833,3.38688
85.139,85.139,6.09786,0.43,0.04,3.65203,3.95443,0,0.618532,6.048,97.2942,98.274,7.20216,0,0,2.63809,2.33569,0,1.84833,3.38688
85.139,85.139,6.86201,0.43,0.04,3.65204,3.95444,0,0.68439,6.048,98.023,98.274,7.44193,0,0,2.6381,2.3357,0,2.03819,3.38688
85.139,85.139,8.06677,0.45,0.04,3.65204,3.95444,0,0.684391,6.048,98.8303,98.274,7.76266,0,0,2.6381,2.3357,0,2.03819,3.38688
85.139,85.139,6.71507,0.47,0.04,3.65205,3.95445,0,0.684392,6.048,99.3022,98.274,9.11988,0,0,2.6381,2.3357,0,2.03819,3.38688
85.139,85.139,8.54088,0.5,0.04,3.1508,3.4532,0,0.684393,6.048,99.3022,98.274,7.90424,0,0,2.30832,2.00592,0,2.0382,3.38688
85.139,85.139,7.59099,0.54,0.04,3.1508,3.4532,0,0.59046,6.048,99.3022,98.274,5.28019,0,0,2.30833,2.00593,0,1.78341,3.38688
85.139,85.139,5.42243,0.55,0.04,3.15081,3.45321,0,0.590461,6.048,99.3022,98.274,4.21591,0,0,2.30833,2.00593,0,1.78341,3.38688
85.139,85.139,4.84575,0.58,0.04,3.15081,3.45321,0,0.590461,6.048,99.2319,98.274,3.18178,0,0,2.30833,2.00593,0,1.78342,3.38688
85.139,85.139,7.94581,0.6,0.04,3.15082,3.45322,0,0.590462,6.048,99.3022,98.274,7.83317,0,0,2.30833,2.00593,0,1.78342,3.38688
85.139,85.139,6.89017,0.6,0.04,3.277,3.5794,0,0.590463,6.048,99.3022,98.274,7.70048,0,0,2.38901,2.08661,0,1.78342,3.38688
85.139,85.139,6.01514,0.56,0.04,3.277,3.5794,0,0.614109,6.048,99.3022,98.274,7.1469,0,0,2.38902,2.08662,0,1.84575,3.38688
85.139,85.139,6.34916,0.54,0.04,3.27701,3.57941,0,0.61411,6.048,99.3022,98.274,6.86537,0,0,2.38902,2.08662,0,1.84575,3.38688
85.139,85.139,6.27714,0.5,0.04,3.27701,3.57941,0,0.614111,6.048,99.3022,98.274,5.84293,0,0,2.38902,2.08662,0,1.84576,3.38688
85.139,85.139,5.10651,0.46,0.04,3.22768,3.53008,0,0.614112,6.048,99.3022,98.274,3.99785,0,0,2.35769,2.05529,0,1.84576,3.38688
85.139,85.139,4.47296,0.39,0.04,3.22769,3.53009,0,0.604868,6.048,99.3022,98.274,3.61853,0,0,2.35769,2.05529,0,1.82155,3.38688
85.139,85.139,4.01239,0.38,0.04,3.22769,3.53009,0,0.604868,6.048,99.3022,98.274,3.20447,0,0,2.3577,2.0553,0,1.82155,3.38688
85.139,85.139,3.79067,0.34,0.04,3.2277,3.5301,0,0.604869,6.048,99.3022,98.274,3.07182,0,0,2.3577,2.0553,0,1.82156,3.38688
85.139,85.139,3.93079,0.32,0.04,3.39516,3.69756,0,0.60487,6.048,99.1574,98.274,2.77562,0,0,2.46882,2.16642,0,1.82156,3.38688
85.0014,85.139,3.44247,0.31,0.04,3.39516,3.69756,0,0.636253,6.048,98.9629,98.274,2.71265,0,0,2.46883,2.16643,0,1.90741,3.38688
84.8249,85.139,3.39796,0.33,0.04,3.39517,3.69757,0,0.636253,6.048,98.8227,98.274,2.76084,0,0,2.46883,2.16643,0,1.90741,3.38688
84.4451,85.139,3.18301,0.32,0.04,3.39517,3.69757,0,0.636254,6.048,98.4668,98.274,2.62551,0,0,2.46883,2.16643,0,1.90742,3.38688
83.0621,85.139,2.12276,0.3,0.04,3.39518,3.69758,0,0.636255,6.048,98.1058,98.274,2.20559,0,0,2.46883,2.16643,0,1.90742,3.38688
81.4465,85.139,1.842,0.29,0.04,3.36207,3.66447,0,0.636256,6.048,97.7234,98.274,2.11094,0,0,2.52991,2.22751,0,1.90742,3.38688
79.681,85.139,1.67808,0.28,0.04,3.36207,3.66447,0,0.630051,6.048,97.2095,98.274,2.00874,0,0,2.52991,2.22751,0,1.95461,3.38688
77.7943,85.139,1.52426,0.28,0.04,3.36208,3.66448,0,0.630052,6.048,96.7011,98.274,1.86371,0,0,2.52992,2.22752,0,1.95461,3.38688
76.0471,85.139,1.62213,0.33,0.04,3.36208,3.66448,0,0.630053,6.048,96.2277,98.274,2.00148,0,0,2.52992,2.22752,0,1.95461,3.38688
74.3469,85.139,1.7302,0.33,0.04,3.44761,3.75001,0,0.630054,6.048,95.8599,98.274,2.17435,0,0,2.58435,2.28195,0,1.95462,3.38688
72.4982,85.139,1.56088,0.32,0.04,3.44761,3.75001,0,0.646082,6.048,95.3775,98.274,2.08971,0,0,2.58436,2.28196,0,1.99667,3.38688
70.5349,85.139,1.42341,0.38,0.04,3.44762,3.75002,0,0.646083,6.048,94.8508,98.274,1.94533,0,0,2.58436,2.28196,0,1.99667,3.38688
68.4251,85.139,1.2401,0.37,0.04,3.44762,3.75002,0,0.646083,6.048,94.3585,98.274,1.93528,0,0,2.58436,2.28196,0,1.99668,3.38688
66.4469,85.139,1.55687,0.36,0.04,3.69808,4.00048,0,0.646084,6.048,93.8029,98.274,2.10926,0,0,2.78083,2.47843,0,1.99668,3.38688
64.2311,85.139,1.31738,0.4,0.04,3.69808,4.00048,0,0.693019,6.048,93.4042,98.274,1.8546,0,0,2.78084,2.47844,0,2.14847,3.38688
62.1707,85.139,1.43125,0.4,0.04,3.69809,4.00049,0,0.69302,6.048,93.2136,98.274,2.4467,0,0,2.78084,2.47844,0,2.14847,3.38688
60.0388,85.139,1.33203,0.45,0.04,3.69809,4.00049,0,0.693021,6.048,92.6689,98.274,2.1986,0,0,2.78084,2.47844,0,2.14848,3.38688
57.9992,85.139,1.3819,0.45,0.04,3.6981,4.0005,0,0.693022,6.048,91.9839,98.274,2.04852,0,0,2.78085,2.47845,0,2.14848,3.38688
56.0881,85.139,1.4127,0.49,0.04,3.57604,3.87844,0,0.693023,6.048,91.4744,98.274,1.90866,0,0,2.6616,2.3592,0,2.14848,3.38688
54.8584,85.139,2.09697,0.57,0.04,3.57605,3.87845,0,0.67015,6.048,91.4138,98.274,2.23172,0,0,2.6616,2.3592,0,2.05635,3.38688
54.35,85.139,2.89191,0.57,0.04,3.57605,3.87845,0,0.670151,6.048,91.8474,98.274,3.59851,0,0,2.66161,2.35921,0,2.05636,3.38688
52.9058,85.139,1.94182,0.58,0.04,3.57606,3.87846,0,0.670152,6.048,91.8996,98.274,2.59375,0,0,2.66161,2.35921,0,2.05636,3.38688
51.0229,85.139,1.33985,0.57,0.04,3.47587,3.77827,0,0.670153,6.048,91.6527,98.274,2.31339,0,0,2.55307,2.25067,0,2.05636,3.38688
49.702,85.139,1.98332,0.63,0.04,3.47588,3.77828,0,0.651379,6.048,91.6965,98.274,2.85481,0,0,2.55307,2.25067,0,1.9725,3.38688
50.1413,85.139,3.77741,0.64,0.04,3.47588,3.77828,0,0.65138,6.048,92.1099,98.274,4.23852,0,0,2.55307,2.25067,0,1.9725,3.38688
50.352,85.139,3.67352,0.66,0.04,3.47589,3.77829,0,0.65138,6.048,92.4059,98.274,4.58113,0,0,2.55308,2.25068,0,1.9725,3.38688
54.0641,85.139,7.10007,0.66,0.04,3.19134,3.49374,0,0.651381,6.048,96.9671,98.274,12.1282,0,0,2.32701,2.02461,0,1.97251,3.38688
57.1775,85.139,6.56301,0.63,0.04,3.19135,3.49375,0,0.598058,6.048,99.3022,98.274,10.5619,0,0,2.32701,2.02461,0,1.79784,3.38688
60.2319,85.139,6.52048,0.6,0.04,3.19135,3.49375,0,0.598059,6.048,99.3022,98.274,9.69346,0,0,2.32701,2.02461,0,1.79785,3.38688
63.533,85.139,6.88017,0.64,0.04,3.19136,3.49376,0,0.59806,6.048,99.3022,98.274,13.0462,0,0,2.32701,2.02461,0,1.79785,3.38688
65.1498,85.139,5.20121,0.62,0.04,3.19136,3.49376,0,0.598061,6.048,99.3022,98.274,7.03093,0,0,2.32702,2.02462,0,1.79785,3.38688
66.2321,85.139,4.72523,0.63,0.04,3.3008,3.6032,0,0.598062,6.048,99.3022,98.274,4.37571,0,0,2.39247,2.09007,0,1.79785,3.38688
66.6378,85.139,4.00329,0.65,0.04,3.30078,3.60318,0,0.61857,6.048,99.3022,98.274,3.84261,0,0,2.39246,2.09006,0,1.84843,3.38688
66.7561,85.139,3.69449,0.65,0.04,3.30075,3.60315,0,0.618565,6.048,99.3022,98.274,3.70664,0,0,2.39244,2.09004,0,1.84841,3.38688
66.9058,85.139,3.75251,0.68,0.04,3.30072,3.60312,0,0.618561,6.048,98.8796,98.274,3.60771,0,0,2.39243,2.09003,0,1.8484,3.38688
66.1095,85.139,3.03723,0.7,0.04,3.65214,3.95454,0,0.618556,6.048,98.6866,98.274,2.44327,0,0,2.63815,2.33575,0,1.84839,3.38688
65.6304,85.139,3.37088,0.73,0.04,3.65211,3.95451,0,0.68441,6.048,98.5214,98.274,2.69892,0,0,2.63814,2.33574,0,2.03824,3.38688
66.1788,85.139,4.48714,0.74,0.04,3.65208,3.95448,0,0.684405,6.048,98.2265,98.274,2.88278,0,0,2.63812,2.33572,0,2.03822,3.38688
66.1992,85.139,3.89903,0.76,0.04,3.65205,3.95445,0,0.684399,6.048,98.3072,98.274,2.89683,0,0,2.6381,2.3357,0,2.03821,3.38688
67.1938,85.139,4.37966,0.78,0.04,3.15077,3.45317,0,0.684394,6.048,98.5232,98.274,3.20443,0,0,2.30831,2.00591,0,2.0382,3.38688
68.0868,85.139,4.3528,0.78,0.04,3.15075,3.45315,0,0.590455,6.048,98.9961,98.274,3.78079,0,0,2.30829,2.00589,0,1.7834,3.38688
70.5936,85.139,6.13486,0.8,0.04,3.15072,3.45312,0,0.59045,6.048,99.3022,98.274,4.14967,0,0,2.30828,2.00588,0,1.78339,3.38688
73.0927,85.139,6.05942,0.79,0.04,3.1507,3.4531,0,0.590445,6.048,99.3022,98.274,3.95041,0,0,2.30826,2.00586,0,1.78338,3.38688
75.1562,85.139,5.6735,0.79,0.04,3.15067,3.45307,0,0.590441,6.048,99.3022,98.274,3.66475,0,0,2.30825,2.00585,0,1.78337,3.38688
77.4297,85.139,6.04515,0.76,0.04,3.27681,3.57921,0,0.590436,6.048,99.3022,98.274,5.63472,0,0,2.38891,2.08651,0,1.78335,3.38688
78.8071,85.139,5.25835,0.78,0.04,3.27679,3.57919,0,0.614075,6.048,99.3022,98.274,6.73732,0,0,2.38889,2.08649,0,1.84567,3.38688
78.8875,85.139,3.91693,0.78,0.04,3.27676,3.57916,0,0.61407,6.048,99.3022,98.274,4.8135,0,0,2.38888,2.08648,0,1.84566,3.38688
78.4797,85.139,3.26271,0.77,0.04,3.27674,3.57914,0,0.614065,6.048,99.3022,98.274,3.73799,0,0,2.38886,2.08646,0,1.84565,3.38688
77.8617,85.139,2.91596,0.77,0.04,3.22738,3.52978,0,0.61406,6.048,99.3022,98.274,2.91603,0,0,2.35752,2.05512,0,1.84564,3.38688
77.3622,85.139,2.98562,0.77,0.04,3.22735,3.52975,0,0.604811,6.048,99.2645,98.274,2.87603,0,0,2.3575,2.0551,0,1.82142,3.38688
76.4905,85.139,2.56136,0.74,0.04,3.22733,3.52973,0,0.604806,6.048,99.2078,98.274,2.79752,0,0,2.35749,2.05509,0,1.82141,3.38688
75.5398,85.139,2.48368,0.69,0.04,3.2273,3.5297,0,0.604801,6.048,98.7346,98.274,2.76914,0,0,2.35747,2.05507,0,1.82139,3.38688
74.0234,85.139,1.98326,0.62,0.04,3.39471,3.69711,0,0.604797,6.048,98.0487,98.274,1.92409,0,0,2.46856,2.16616,0,1.82138,3.38688
72.4235,85.139,1.86174,0.53,0.04,3.39469,3.69709,0,0.63617,6.048,97.4328,98.274,1.95513,0,0,2.46855,2.16615,0,1.90721,3.38688
70.7709,85.139,1.78693,0.68,0.04,3.39466,3.69706,0,0.636165,6.048,96.761,98.274,1.91307,0,0,2.46853,2.16613,0,1.9072,3.38688
69.0294,85.139,1.67435,0.58,0.04,3.39463,3.69703,0,0.63616,6.048,96.2914,98.274,1.78048,0,0,2.46852,2.16612,0,1.90719,3.38688
67.3666,85.139,1.6959,0.49,0.04,3.39461,3.69701,0,0.636154,6.048,95.8307,98.274,2.06104,0,0,2.4685,2.1661,0,1.90718,3.38688
65.6816,85.139,1.62604,0.61,0.04,3.36147,3.66387,0,0.636149,6.048,95.3879,98.274,2.08525,0,0,2.52955,2.22715,0,1.90716,3.38688
63.8781,85.139,1.48696,0.55,0.04,3.36144,3.66384,0,0.629939,6.048,94.7997,98.274,2.04196,0,0,2.52953,2.22713,0,1.95433,3.38688
61.9683,85.139,1.34776,0.49,0.04,3.36142,3.66382,0,0.629934,6.048,94.1828,98.274,1.86527,0,0,2.52952,2.22712,0,1.95432,3.38688
60.0233,85.139,1.26139,0.61,0.04,3.36139,3.66379,0,0.629929,6.048,93.5761,98.274,1.8436,0,0,2.5295,2.2271,0,1.9543,3.38688
58.0462,85.139,1.27505,0.38,0.04,3.44687,3.74927,0,0.629924,6.048,93.2222,98.274,2.09563,0,0,2.5839,2.2815,0,1.95429,3.38688
56.067,85.139,1.24612,0.27,0.04,3.44684,3.74924,0,0.645943,6.048,92.7965,98.274,2.16242,0,0,2.58389,2.28149,0,1.99632,3.38688
54.0431,85.139,1.16269,0.33,0.04,3.44681,3.74921,0,0.645938,6.048,92.228,98.274,2.03024,0,0,2.58387,2.28147,0,1.99631,3.38688
51.9628,85.139,1.06706,0.28,0.04,3.44679,3.74919,0,0.645933,6.048,91.5719,98.274,1.92135,0,0,2.58385,2.28145,0,1.9963,3.38688
49.2913,85.139,0.836399,0,0.04,3.99955,3.99955,0,0.645928,6.048,90.8814,98.274,1.82377,0,0,2.47786,2.47786,0,1.99629,3.38688
46.6487,85.139,0.810377,0,0.04,3.99952,3.99952,0,0.749515,6.048,89.9951,98.274,1.83648,0,0,2.47784,2.47784,0,1.91439,3.38688
43.9115,85.139,0.659924,0,0.04,3.99949,3.99949,0,0.74951,6.048,89.4617,98.274,1.39331,0,0,2.47782,2.47782,0,1.91438,3.38688
41.3743,85.139,0.780611,0,0.04,3.99946,3.99946,0,0.749505,6.048,89.1112,98.274,2.24109,0,0,2.47781,2.47781,0,1.91437,3.38688
39.0665,85.139,0.929652,0,0.04,3.99943,3.99943,0,0.749499,6.048,88.9317,98.274,2.61998,0,0,2.47779,2.47779,0,1.91435,3.38688
37.1709,85.139,1.21324,0,0.04,3.87738,3.87738,0,0.749494,6.048,88.9725,98.274,2.85499,0,0,2.35855,2.35855,0,1.91434,3.38688
35.7079,85.139,1.61569,0,0.04,3.87735,3.87735,0,0.72662,6.048,89.3107,98.274,3.90222,0,0,2.35854,2.35854,0,1.82222,3.38688
34.7527,85.139,2.17962,0,0.04,3.87732,3.87732,0,0.726615,6.048,90.1819,98.274,5.28799,0,0,2.35852,2.35852,0,1.82221,3.38688
33.4832,85.139,1.81161,0,0.04,3.87729,3.87729,0,0.72661,6.048,90.408,98.274,3.32816,0,0,2.3585,2.3585,0,1.82219,3.38688
33.415,85.139,3.02237,0,0.04,3.7771,3.7771,0,0.726605,6.048,91.4794,98.274,5.67161,0,0,2.24997,2.24997,0,1.82218,3.38688
32.2882,85.139,1.88479,0,0.04,3.77708,3.77708,0,0.707829,6.048,91.7788,98.274,3.89418,0,0,2.24995,2.24995,0,1.73833,3.38688
30.6973,85.139,1.29604,0,0.04,3.77705,3.77705,0,0.707824,6.048,91.6935,98.274,2.8585,0,0,2.24994,2.24994,0,1.73831,3.38688
29.7163,85.139,1.90046,0,0.04,3.77702,3.77702,0,0.707819,6.048,92.1301,98.274,4.56786,0,0,2.24992,2.24992,0,1.7383,3.38688
30.028,85.139,2.9985,0,0.04,3.49254,3.49254,0,0.707814,6.048,92.7025,98.274,4.46356,0,0,2.02391,2.02391,0,1.73829,3.38688
30.192,85.139,2.88418,0,0.04,3.49252,3.49252,0,0.654503,6.048,93.2572,98.274,4.051,0,0,2.0239,2.0239,0,1.56367,3.38688
29.8674,85.139,2.44545,0,0.04,3.49249,3.49249,0,0.654498,6.048,93.6245,98.274,4.70748,0,0,2.02388,2.02388,0,1.56366,3.38688
28.7925,85.139,1.57643,0,0.04,3.49247,3.49247,0,0.654493,6.048,93.5123,98.274,2.71,0,0,2.02387,2.02387,0,1.56365,3.38688
29.9055,85.139,3.8987,0,0.04,3.49244,3.49244,0,0.654488,6.048,94.1199,98.274,4.54175,0,0,2.02385,2.02385,0,1.56364,3.38688
33.8777,85.139,7.01898,0,0.04,3.60181,3.60181,0,0.654484,6.048,95.4133,98.274,6.54745,0,0,2.08927,2.08927,0,1.56363,3.38688
38.7974,85.139,8.23202,0,0.04,3.60175,3.60175,0,0.674979,6.048,96.4163,98.274,5.95214,0,0,2.08923,2.08923,0,1.61417,3.38688
41.5161,85.139,6.04125,0,0.04,3.6017,3.6017,0,0.674968,6.048,97.3628,98.274,5.74657,0,0,2.0892,2.0892,0,1.61414,3.38688
47.2378,85.139,9.23924,0,0.04,3.60164,3.60164,0,0.674958,6.048,98.6064,98.274,6.64986,0,0,2.08917,2.08917,0,1.61412,3.38688
47.6728,85.139,4.2444,0,0.04,3.95287,3.95287,0,0.674947,6.048,98.6884,98.274,4.11207,0,0,2.33477,2.33477,0,1.61409,3.38688
49.3801,85.139,5.65446,0,0.04,3.95281,3.95281,0,0.740768,6.048,99.3022,98.274,5.12427,0,0,2.33473,2.33473,0,1.80384,3.38688
53.8252,85.139,8.39322,0,0.04,3.95275,3.95275,0,0.740756,6.048,99.3022,98.274,6.37578,0,0,2.3347,2.3347,0,1.80382,3.38688
55.9263,85.139,6.14101,0,0.04,3.95268,3.95268,0,0.740745,6.048,99.3022,98.274,5.23231,0,0,2.33466,2.33466,0,1.80379,3.38688
56.9163,85.139,4.50534,0,0.04,3.4516,3.4516,0,0.740733,6.048,99.3022,98.274,3.68225,0,0,2.005,2.005,0,1.80376,3.38688
57.5289,85.139,4.1403,0,0.04,3.45155,3.45155,0,0.64683,6.048,99.3022,98.274,3.54372,0,0,2.00496,2.00496,0,1.54906,3.38688
60.8629,85.139,7.08379,0,0.04,3.45149,3.45149,0,0.64682,6.048,99.3022,98.274,5.70342,0,0,2.00493,2.00493,0,1.54904,3.38688
64.1102,85.139,7.02784,0,0.04,3.45144,3.45144,0,0.64681,6.048,99.3022,98.274,7.79336,0,0,2.0049,2.0049,0,1.54901,3.38688
66.2474,85.139,6.06694,0,0.04,3.45138,3.45138,0,0.646799,6.048,99.3022,98.274,5.34477,0,0,2.00487,2.00487,0,1.54899,3.38688
67.0938,85.139,4.70192,0,0.04,3.57743,3.57743,0,0.646789,6.048,99.3022,98.274,4.65642,0,0,2.08547,2.08547,0,1.54896,3.38688
69.0481,85.139,5.86532,0,0.04,3.57738,3.57738,0,0.670411,6.048,99.3022,98.274,5.72091,0,0,2.08544,2.08544,0,1.61123,3.38688
71.5207,85.139,6.47435,0,0.04,3.57732,3.57732,0,0.6704,6.048,99.3022,98.274,6.99535,0,0,2.0854,2.0854,0,1.61121,3.38688
73.922,85.139,6.54403,0,0.04,3.57726,3.57726,0,0.67039,6.048,99.3022,98.274,6.43043,0,0,2.08537,2.08537,0,1.61118,3.38688
75.7495,85.139,5.67221,0,0.04,3.5279,3.5279,0,0.670379,6.048,99.3022,98.274,5.69419,0,0,2.05402,2.05402,0,1.61116,3.38688
76.5235,85.139,4.65641,0,0.04,3.52785,3.52785,0,0.661129,6.048,99.3022,98.274,4.12561,0,0,2.05399,2.05399,0,1.58694,3.38688
76.8218,85.139,4.06873,0,0.04,3.52779,3.52779,0,0.661119,6.048,99.2235,98.274,3.45569,0,0,2.05396,2.05396,0,1.58691,3.38688
76.7789,85.139,3.68171,0,0.04,3.52774,3.52774,0,0.661108,6.048,99.0815,98.274,3.12103,0,0,2.05393,2.05393,0,1.58689,3.38688
76.9052,85.139,3.92434,0,0.04,3.69502,3.69502,0,0.661098,6.048,99.0739,98.274,4.07554,0,0,2.16494,2.16494,0,1.58686,3.38688
77.2053,85.139,4.09956,0,0.04,3.69496,3.69496,0,0.692447,6.048,99.1061,98.274,3.52815,0,0,2.1649,2.1649,0,1.67263,3.38688
76.9082,85.139,3.5089,0,0.04,3.69491,3.69491,0,0.692436,6.048,98.9199,98.274,3.0553,0,0,2.16487,2.16487,0,1.6726,3.38688
76.3923,85.139,3.2326,0,0.04,3.69485,3.69485,0,0.692425,6.048,98.6518,98.274,2.67915,0,0,2.16483,2.16483,0,1.67258,3.38688
75.7689,85.139,3.0956,0,0.04,3.69479,3.69479,0,0.692414,6.048,98.3625,98.274,2.42955,0,0,2.1648,2.1648,0,1.67255,3.38688
75.0474,85.139,2.93859,0,0.04,3.66164,3.66164,0,0.692403,6.048,97.9536,98.274,2.20245,0,0,2.22579,2.22579,0,1.67252,3.38688
74.2028,85.139,2.78703,0,0.04,3.66158,3.66158,0,0.686191,6.048,97.5013,98.274,2.14044,0,0,2.22576,2.22576,0,1.71965,3.38688
73.2035,85.139,2.61225,0,0.04,3.66152,3.66152,0,0.68618,6.048,96.9282,98.274,2.00985,0,0,2.22572,2.22572,0,1.71962,3.38688
72.1158,85.139,2.50593,0,0.04,3.66146,3.66146,0,0.686169,6.048,96.3974,98.274,1.9086,0,0,2.22569,2.22569,0,1.71959,3.38688
71.1066,85.139,2.62024,0,0.04,3.74686,3.74686,0,0.686158,6.048,95.7491,98.274,1.97529,0,0,2.28004,2.28004,0,1.71957,3.38688
69.7868,85.139,2.29342,0,0.04,3.7468,3.7468,0,0.702161,6.048,95.0245,98.274,1.82168,0,0,2.28,2.28,0,1.76156,3.38688
68.3153,85.139,2.11737,0,0.04,3.74674,3.74674,0,0.70215,6.048,94.3249,98.274,1.76215,0,0,2.27996,2.27996,0,1.76153,3.38688
66.4966,85.139,1.74095,0,0.04,3.74668,3.74668,0,0.702139,6.048,93.2237,98.274,1.75149,0,0,2.27993,2.27993,0,1.7615,3.38688
64.5686,85.139,1.78104,0,0.04,3.99684,3.99684,0,0.702128,6.048,91.9696,98.274,1.19959,0,0,2.47618,2.47618,0,1.76147,3.38688
62.9469,85.139,2.06209,0,0.04,3.99678,3.99678,0,0.749008,6.048,90.6031,98.274,1.17533,0,0,2.47614,2.47614,0,1.9131,3.38688
60.9361,85.139,1.65974,0,0.04,3.99671,3.99671,0,0.748996,6.048,89.5567,98.274,0.89327,0,0,2.4761,2.4761,0,1.91307,3.38688
59.2916,85.139,1.98676,0,0.04,3.99665,3.99665,0,0.748984,6.048,88.505,98.274,1.43192,0,0,2.47606,2.47606,0,1.91304,3.38688
57.6871,85.139,2.04748,0,0.04,3.99659,3.99659,0,0.748972,6.048,87.8659,98.274,1.42306,0,0,2.47603,2.47603,0,1.91301,3.38688
56.9769,85.139,2.85656,0,0.04,3.87459,3.87459,0,0.74896,6.048,87.5095,98.274,2.18716,0,0,2.35686,2.35686,0,1.91298,3.38688
56.0652,85.139,2.64639,0,0.04,3.87452,3.87452,0,0.726097,6.048,86.8597,98.274,1.86042,0,0,2.35682,2.35682,0,1.82091,3.38688
54.8,85.139,2.27648,0,0.04,3.87446,3.87446,0,0.726086,6.048,86.5605,98.274,1.81574,0,0,2.35678,2.35678,0,1.82088,3.38688
56.0537,85.139,4.72454,0,0.04,3.8744,3.8744,0,0.726074,6.048,86.2204,98.274,2.59721,0,0,2.35674,2.35674,0,1.82085,3.38688
54.1476,85.139,1.68754,0,0.04,3.77426,3.77426,0,0.726063,6.048,85.3867,98.274,2.14654,0,0,2.24827,2.24827,0,1.82082,3.38688
52.1976,85.139,1.59696,0,0.04,3.7742,3.7742,0,0.707296,6.048,85.239,98.274,1.42118,0,0,2.24824,2.24824,0,1.73702,3.38688
51.8264,85.139,3.20881,0,0.04,3.77414,3.77414,0,0.707284,6.048,85.365,98.274,2.97123,0,0,2.2482,2.2482,0,1.73699,3.38688
